// switches for output
#declare DRAW_BASES = 1; // possible values are 0, 1; only relevant for DNA ribbons
#declare DRAW_BASES_TYPE = 3; // possible values are 1, 2, 3; only relevant for DNA ribbons
#declare DRAW_FOG = 0; // set to 1 to enable fog

#include "colors.inc"

#include "transforms.inc"
background { rgb <1, 1, 1>}

#default {
   normal{
       ripples 0.25
       frequency 0.20
       turbulence 0.2
       lambda 5
   }
	finish {
		phong 0.1
		phong_size 40.
	}
}

// original window dimensions: 1024x640


// camera settings

camera {
	sky <0, 0.179814, -0.983701>
	up <0, 0.179814, -0.983701>
	right 1.6 * <1, 0, 0>
	location <25.469, 94.9851, 44.8844>
	look_at <25.469, 29.3977, 32.8955>
	direction <0, -65.5874, -11.9889>
	angle 67.0682
}


# declare cpy_camera_pos = <25.469, 94.9851, 44.8844>;
# if (DRAW_FOG = 1)
fog {
	fog_type 2
	up vnormalize(cpy_camera_pos)
	color rgbt<1,1,1,0.3>
	distance 1e-5
	fog_alt 3e-3
	fog_offset 28
}
# end


// LIGHTS

# declare lum = 6;
global_settings {
	ambient_light rgb lum * <0.05, 0.05, 0.05>
	max_trace_level 15
}# declare cpy_direct_light_amount = 0.25;
light_source
{	1000 * <-1, -1.16351, -0.803887>,
	rgb lum * cpy_direct_light_amount
	parallel
}

light_source
{	1000 * <1, 1.16351, 0.803887>,
	rgb lum * cpy_direct_light_amount
	parallel
}

// strand 0

// nucleotide -1

// particle -1
sphere {
	<4.626732, 15.256062, 15.446852> 0.250000
	pigment { color rgbt <1,0,0,0> }
	no_shadow
}
cylinder {
	<4.487108, 15.089746, 15.110929>,  <4.403333, 14.989957, 14.909375>, 0.100000
	pigment { color rgbt <1,0,0,0> }
	no_shadow
}
cylinder {
	<4.487108, 15.089746, 15.110929>,  <4.626732, 15.256062, 15.446852>, 0.100000
	pigment { color rgbt <1,0,0,0> }
	no_shadow
}

// particle -1
sphere {
	<4.487108, 15.089746, 15.110929> 0.100000
	pigment { color rgbt <1,0,0,0> }
	no_shadow
}
sphere {
	0, 1
	scale<0.080000,0.200000,0.300000>
	matrix <-0.630242, 0.767383, -0.117975,
		0.693506, 0.488101, -0.529911,
		-0.349061, -0.415788, -0.839807,
		4.382390, 14.965010, 14.858986>
	pigment { color rgbt <0,1,1,0> }
	no_shadow
}
cylinder {
	<4.744524, 15.636991, 14.770931>,  <4.626732, 15.256062, 15.446852>, 0.130000
	pigment { color rgbt <1,0,0,0> }
	no_shadow
}

// nucleotide -1

// particle -1
sphere {
	<4.744524, 15.636991, 14.770931> 0.250000
	pigment { color rgbt <1,0,0,0> }
	no_shadow
}
cylinder {
	<4.401918, 15.430691, 14.778801>,  <4.196355, 15.306911, 14.783523>, 0.100000
	pigment { color rgbt <1,0,0,0> }
	no_shadow
}
cylinder {
	<4.401918, 15.430691, 14.778801>,  <4.744524, 15.636991, 14.770931>, 0.100000
	pigment { color rgbt <1,0,0,0> }
	no_shadow
}

// particle -1
sphere {
	<4.401918, 15.430691, 14.778801> 0.100000
	pigment { color rgbt <1,0,0,0> }
	no_shadow
}
sphere {
	0, 1
	scale<0.080000,0.200000,0.300000>
	matrix <-0.513352, 0.847347, -0.135913,
		0.053425, -0.126511, -0.990525,
		-0.856514, -0.515749, 0.019675,
		4.144964, 15.275966, 14.784703>
	pigment { color rgbt <0,1,1,0> }
	no_shadow
}
cylinder {
	<4.885964, 16.042582, 14.102372>,  <4.744524, 15.636991, 14.770931>, 0.130000
	pigment { color rgbt <1,0,0,0> }
	no_shadow
}

// nucleotide -1

// particle -1
sphere {
	<4.885964, 16.042582, 14.102372> 0.250000
	pigment { color rgbt <1,0,0,0> }
	no_shadow
}
cylinder {
	<5.066447, 16.021572, 13.746023>,  <5.174737, 16.008966, 13.532214>, 0.100000
	pigment { color rgbt <1,0,0,0> }
	no_shadow
}
cylinder {
	<5.066447, 16.021572, 13.746023>,  <4.885964, 16.042582, 14.102372>, 0.100000
	pigment { color rgbt <1,0,0,0> }
	no_shadow
}

// particle -1
sphere {
	<5.066447, 16.021572, 13.746023> 0.100000
	pigment { color rgbt <1,0,0,0> }
	no_shadow
}
sphere {
	0, 1
	scale<0.080000,0.200000,0.300000>
	matrix <0.214677, -0.962565, 0.165479,
		-0.866213, -0.265915, -0.423042,
		0.451209, -0.052522, -0.890871,
		5.201810, 16.005816, 13.478762>
	pigment { color rgbt <0,1,1,0> }
	no_shadow
}
cylinder {
	<4.494994, 15.482534, 13.686051>,  <4.885964, 16.042582, 14.102372>, 0.130000
	pigment { color rgbt <1,0,0,0> }
	no_shadow
}

// nucleotide -1

// particle -1
sphere {
	<4.494994, 15.482534, 13.686051> 0.250000
	pigment { color rgbt <1,0,0,0> }
	no_shadow
}
cylinder {
	<4.877834, 15.581954, 13.626472>,  <5.107538, 15.641605, 13.590725>, 0.100000
	pigment { color rgbt <1,0,0,0> }
	no_shadow
}
cylinder {
	<4.877834, 15.581954, 13.626472>,  <4.494994, 15.482534, 13.686051>, 0.100000
	pigment { color rgbt <1,0,0,0> }
	no_shadow
}

// particle -1
sphere {
	<4.877834, 15.581954, 13.626472> 0.100000
	pigment { color rgbt <1,0,0,0> }
	no_shadow
}
sphere {
	0, 1
	scale<0.080000,0.200000,0.300000>
	matrix <0.239662, -0.967940, -0.075193,
		-0.162862, 0.036270, -0.985982,
		0.957099, 0.248549, -0.148948,
		5.164964, 15.656519, 13.581788>
	pigment { color rgbt <0,1,1,0> }
	no_shadow
}
cylinder {
	<4.848550, 15.016190, 13.162666>,  <4.494994, 15.482534, 13.686051>, 0.130000
	pigment { color rgbt <1,0,0,0> }
	no_shadow
}

// nucleotide -1

// particle -1
sphere {
	<4.848550, 15.016190, 13.162666> 0.250000
	pigment { color rgbt <1,0,0,0> }
	no_shadow
}
cylinder {
	<5.134209, 15.181746, 13.388477>,  <5.305604, 15.281079, 13.523964>, 0.100000
	pigment { color rgbt <1,0,0,0> }
	no_shadow
}
cylinder {
	<5.134209, 15.181746, 13.388477>,  <4.848550, 15.016190, 13.162666>, 0.100000
	pigment { color rgbt <1,0,0,0> }
	no_shadow
}

// particle -1
sphere {
	<5.134209, 15.181746, 13.388477> 0.100000
	pigment { color rgbt <1,0,0,0> }
	no_shadow
}
sphere {
	0, 1
	scale<0.080000,0.200000,0.300000>
	matrix <0.436890, -0.893654, 0.102510,
		0.546921, 0.173430, -0.819024,
		0.714146, 0.413889, 0.564528,
		5.348453, 15.305912, 13.557836>
	pigment { color rgbt <0,1,1,0> }
	no_shadow
}
cylinder {
	<5.436772, 14.581657, 12.974581>,  <4.848550, 15.016190, 13.162666>, 0.130000
	pigment { color rgbt <1,0,0,0> }
	no_shadow
}

// nucleotide -1

// particle -1
sphere {
	<5.436772, 14.581657, 12.974581> 0.250000
	pigment { color rgbt <1,0,0,0> }
	no_shadow
}
cylinder {
	<5.547068, 14.786409, 13.300021>,  <5.613245, 14.909261, 13.495286>, 0.100000
	pigment { color rgbt <1,0,0,0> }
	no_shadow
}
cylinder {
	<5.547068, 14.786409, 13.300021>,  <5.436772, 14.581657, 12.974581>, 0.100000
	pigment { color rgbt <1,0,0,0> }
	no_shadow
}

// particle -1
sphere {
	<5.547068, 14.786409, 13.300021> 0.100000
	pigment { color rgbt <1,0,0,0> }
	no_shadow
}
sphere {
	0, 1
	scale<0.080000,0.200000,0.300000>
	matrix <0.671037, -0.708540, 0.218357,
		0.688242, 0.485748, -0.538863,
		0.275739, 0.511879, 0.813602,
		5.629789, 14.939973, 13.544102>
	pigment { color rgbt <0,1,1,0> }
	no_shadow
}
cylinder {
	<6.101743, 14.505399, 12.986678>,  <5.436772, 14.581657, 12.974581>, 0.130000
	pigment { color rgbt <1,0,0,0> }
	no_shadow
}

// nucleotide -1

// particle -1
sphere {
	<6.101743, 14.505399, 12.986678> 0.250000
	pigment { color rgbt <1,0,0,0> }
	no_shadow
}
cylinder {
	<6.008472, 14.600203, 13.363922>,  <5.952510, 14.657084, 13.590268>, 0.100000
	pigment { color rgbt <1,0,0,0> }
	no_shadow
}
cylinder {
	<6.008472, 14.600203, 13.363922>,  <6.101743, 14.505399, 12.986678>, 0.100000
	pigment { color rgbt <1,0,0,0> }
	no_shadow
}

// particle -1
sphere {
	<6.008472, 14.600203, 13.363922> 0.100000
	pigment { color rgbt <1,0,0,0> }
	no_shadow
}
sphere {
	0, 1
	scale<0.080000,0.200000,0.300000>
	matrix <0.489397, -0.809469, 0.324424,
		0.840309, 0.537203, 0.072758,
		-0.233176, 0.237009, 0.943109,
		5.938519, 14.671306, 13.646855>
	pigment { color rgbt <0,1,1,0> }
	no_shadow
}
cylinder {
	<6.721175, 14.505549, 13.208404>,  <6.101743, 14.505399, 12.986678>, 0.130000
	pigment { color rgbt <1,0,0,0> }
	no_shadow
}

// nucleotide -1

// particle -1
sphere {
	<6.721175, 14.505549, 13.208404> 0.250000
	pigment { color rgbt <1,0,0,0> }
	no_shadow
}
cylinder {
	<6.475406, 14.433805, 13.515731>,  <6.327944, 14.390759, 13.700128>, 0.100000
	pigment { color rgbt <1,0,0,0> }
	no_shadow
}
cylinder {
	<6.475406, 14.433805, 13.515731>,  <6.721175, 14.505549, 13.208404>, 0.100000
	pigment { color rgbt <1,0,0,0> }
	no_shadow
}

// particle -1
sphere {
	<6.475406, 14.433805, 13.515731> 0.100000
	pigment { color rgbt <1,0,0,0> }
	no_shadow
}
sphere {
	0, 1
	scale<0.080000,0.200000,0.300000>
	matrix <0.499649, -0.842110, 0.202982,
		0.610601, 0.508607, 0.607030,
		-0.614424, -0.179361, 0.768318,
		6.291079, 14.379997, 13.746226>
	pigment { color rgbt <0,1,1,0> }
	no_shadow
}
cylinder {
	<7.111771, 14.197095, 13.648609>,  <6.721175, 14.505549, 13.208404>, 0.130000
	pigment { color rgbt <1,0,0,0> }
	no_shadow
}

// nucleotide -1

// particle -1
sphere {
	<7.111771, 14.197095, 13.648609> 0.250000
	pigment { color rgbt <1,0,0,0> }
	no_shadow
}
cylinder {
	<6.759891, 14.110755, 13.818095>,  <6.548762, 14.058950, 13.919786>, 0.100000
	pigment { color rgbt <1,0,0,0> }
	no_shadow
}
cylinder {
	<6.759891, 14.110755, 13.818095>,  <7.111771, 14.197095, 13.648609>, 0.100000
	pigment { color rgbt <1,0,0,0> }
	no_shadow
}

// particle -1
sphere {
	<6.759891, 14.110755, 13.818095> 0.100000
	pigment { color rgbt <1,0,0,0> }
	no_shadow
}
sphere {
	0, 1
	scale<0.080000,0.200000,0.300000>
	matrix <0.427775, -0.748380, 0.506889,
		0.207687, 0.627165, 0.750686,
		-0.879701, -0.215851, 0.423714,
		6.495980, 14.046000, 13.945210>
	pigment { color rgbt <0,1,1,0> }
	no_shadow
}
cylinder {
	<7.250860, 14.155586, 14.381495>,  <7.111771, 14.197095, 13.648609>, 0.130000
	pigment { color rgbt <1,0,0,0> }
	no_shadow
}

// nucleotide -1

// particle -1
sphere {
	<7.250860, 14.155586, 14.381495> 0.250000
	pigment { color rgbt <1,0,0,0> }
	no_shadow
}
cylinder {
	<6.927708, 13.931719, 14.307630>,  <6.733817, 13.797399, 14.263310>, 0.100000
	pigment { color rgbt <1,0,0,0> }
	no_shadow
}
cylinder {
	<6.927708, 13.931719, 14.307630>,  <7.250860, 14.155586, 14.381495>, 0.100000
	pigment { color rgbt <1,0,0,0> }
	no_shadow
}

// particle -1
sphere {
	<6.927708, 13.931719, 14.307630> 0.100000
	pigment { color rgbt <1,0,0,0> }
	no_shadow
}
sphere {
	0, 1
	scale<0.080000,0.200000,0.300000>
	matrix <0.438766, -0.780365, 0.445549,
		-0.393464, 0.278927, 0.876006,
		-0.807880, -0.559669, -0.184662,
		6.685344, 13.763818, 14.252231>
	pigment { color rgbt <0,1,1,0> }
	no_shadow
}
cylinder {
	<7.097282, 13.888462, 15.008870>,  <7.250860, 14.155586, 14.381495>, 0.130000
	pigment { color rgbt <1,0,0,0> }
	no_shadow
}

// nucleotide -1

// particle -1
sphere {
	<7.097282, 13.888462, 15.008870> 0.250000
	pigment { color rgbt <1,0,0,0> }
	no_shadow
}
cylinder {
	<6.931632, 13.644335, 14.738755>,  <6.832241, 13.497859, 14.576687>, 0.100000
	pigment { color rgbt <1,0,0,0> }
	no_shadow
}
cylinder {
	<6.931632, 13.644335, 14.738755>,  <7.097282, 13.888462, 15.008870>, 0.100000
	pigment { color rgbt <1,0,0,0> }
	no_shadow
}

// particle -1
sphere {
	<6.931632, 13.644335, 14.738755> 0.100000
	pigment { color rgbt <1,0,0,0> }
	no_shadow
}
sphere {
	0, 1
	scale<0.080000,0.200000,0.300000>
	matrix <0.495137, -0.773575, 0.395501,
		-0.763766, -0.170571, 0.622549,
		-0.414127, -0.610317, -0.675286,
		6.807394, 13.461240, 14.536169>
	pigment { color rgbt <0,1,1,0> }
	no_shadow
}
cylinder {
	<7.100158, 13.329980, 15.309010>,  <7.097282, 13.888462, 15.008870>, 0.130000
	pigment { color rgbt <1,0,0,0> }
	no_shadow
}

// nucleotide -1

// particle -1
sphere {
	<7.100158, 13.329980, 15.309010> 0.250000
	pigment { color rgbt <1,0,0,0> }
	no_shadow
}
cylinder {
	<7.021657, 13.175529, 14.948479>,  <6.974556, 13.082858, 14.732161>, 0.100000
	pigment { color rgbt <1,0,0,0> }
	no_shadow
}
cylinder {
	<7.021657, 13.175529, 14.948479>,  <7.100158, 13.329980, 15.309010>, 0.100000
	pigment { color rgbt <1,0,0,0> }
	no_shadow
}

// particle -1
sphere {
	<7.021657, 13.175529, 14.948479> 0.100000
	pigment { color rgbt <1,0,0,0> }
	no_shadow
}
sphere {
	0, 1
	scale<0.080000,0.200000,0.300000>
	matrix <0.546516, -0.806264, 0.226405,
		-0.814128, -0.448157, 0.369256,
		-0.196253, -0.386127, -0.901327,
		6.962781, 13.059690, 14.678081>
	pigment { color rgbt <0,1,1,0> }
	no_shadow
}
cylinder {
	<6.865151, 12.651995, 15.337618>,  <7.100158, 13.329980, 15.309010>, 0.130000
	pigment { color rgbt <1,0,0,0> }
	no_shadow
}

// nucleotide -1

// particle -1
sphere {
	<6.865151, 12.651995, 15.337618> 0.250000
	pigment { color rgbt <1,0,0,0> }
	no_shadow
}
cylinder {
	<7.030870, 12.691064, 14.975663>,  <7.130302, 12.714505, 14.758491>, 0.100000
	pigment { color rgbt <1,0,0,0> }
	no_shadow
}
cylinder {
	<7.030870, 12.691064, 14.975663>,  <6.865151, 12.651995, 15.337618>, 0.100000
	pigment { color rgbt <1,0,0,0> }
	no_shadow
}

// particle -1
sphere {
	<7.030870, 12.691064, 14.975663> 0.100000
	pigment { color rgbt <1,0,0,0> }
	no_shadow
}
sphere {
	0, 1
	scale<0.080000,0.200000,0.300000>
	matrix <0.727910, -0.632389, 0.265010,
		-0.546355, -0.768468, -0.333095,
		0.414297, 0.097674, -0.904885,
		7.155159, 12.720366, 14.704198>
	pigment { color rgbt <0,1,1,0> }
	no_shadow
}
cylinder {
	<7.092639, 12.068704, 15.276635>,  <6.865151, 12.651995, 15.337618>, 0.130000
	pigment { color rgbt <1,0,0,0> }
	no_shadow
}

// nucleotide -1

// particle -1
sphere {
	<7.092639, 12.068704, 15.276635> 0.250000
	pigment { color rgbt <1,0,0,0> }
	no_shadow
}
cylinder {
	<7.295462, 12.270612, 14.997178>,  <7.417155, 12.391756, 14.829504>, 0.100000
	pigment { color rgbt <1,0,0,0> }
	no_shadow
}
cylinder {
	<7.295462, 12.270612, 14.997178>,  <7.092639, 12.068704, 15.276635>, 0.100000
	pigment { color rgbt <1,0,0,0> }
	no_shadow
}

// particle -1
sphere {
	<7.295462, 12.270612, 14.997178> 0.100000
	pigment { color rgbt <1,0,0,0> }
	no_shadow
}
sphere {
	0, 1
	scale<0.080000,0.200000,0.300000>
	matrix <0.859732, -0.353818, 0.368339,
		-0.061265, -0.787414, -0.613373,
		0.507057, 0.504770, -0.698642,
		7.447579, 12.422043, 14.787585>
	pigment { color rgbt <0,1,1,0> }
	no_shadow
}
cylinder {
	<7.460896, 11.505035, 14.889526>,  <7.092639, 12.068704, 15.276635>, 0.130000
	pigment { color rgbt <1,0,0,0> }
	no_shadow
}

// nucleotide -1

// particle -1
sphere {
	<7.460896, 11.505035, 14.889526> 0.250000
	pigment { color rgbt <1,0,0,0> }
	no_shadow
}
cylinder {
	<7.623071, 11.860547, 14.804023>,  <7.720376, 12.073854, 14.752721>, 0.100000
	pigment { color rgbt <1,0,0,0> }
	no_shadow
}
cylinder {
	<7.623071, 11.860547, 14.804023>,  <7.460896, 11.505035, 14.889526>, 0.100000
	pigment { color rgbt <1,0,0,0> }
	no_shadow
}

// particle -1
sphere {
	<7.623071, 11.860547, 14.804023> 0.100000
	pigment { color rgbt <1,0,0,0> }
	no_shadow
}
sphere {
	0, 1
	scale<0.080000,0.200000,0.300000>
	matrix <0.889804, -0.330130, 0.315061,
		0.209452, -0.317940, -0.924686,
		0.405437, 0.888779, -0.213758,
		7.744702, 12.127181, 14.739895>
	pigment { color rgbt <0,1,1,0> }
	no_shadow
}
cylinder {
	<8.038461, 11.271108, 14.536954>,  <7.460896, 11.505035, 14.889526>, 0.130000
	pigment { color rgbt <1,0,0,0> }
	no_shadow
}

// nucleotide -1

// particle -1
sphere {
	<8.038461, 11.271108, 14.536954> 0.250000
	pigment { color rgbt <1,0,0,0> }
	no_shadow
}
cylinder {
	<8.113727, 11.648889, 14.644733>,  <8.158886, 11.875557, 14.709401>, 0.100000
	pigment { color rgbt <1,0,0,0> }
	no_shadow
}
cylinder {
	<8.113727, 11.648889, 14.644733>,  <8.038461, 11.271108, 14.536954>, 0.100000
	pigment { color rgbt <1,0,0,0> }
	no_shadow
}

// particle -1
sphere {
	<8.113727, 11.648889, 14.644733> 0.100000
	pigment { color rgbt <1,0,0,0> }
	no_shadow
}
sphere {
	0, 1
	scale<0.080000,0.200000,0.300000>
	matrix <0.925262, -0.262472, 0.273859,
		0.329369, 0.197779, -0.923255,
		0.188165, 0.944453, 0.269448,
		8.170177, 11.932224, 14.725568>
	pigment { color rgbt <0,1,1,0> }
	no_shadow
}
cylinder {
	<8.703761, 11.530175, 14.123510>,  <8.038461, 11.271108, 14.536954>, 0.130000
	pigment { color rgbt <1,0,0,0> }
	no_shadow
}

// nucleotide -1

// particle -1
sphere {
	<8.703761, 11.530175, 14.123510> 0.250000
	pigment { color rgbt <1,0,0,0> }
	no_shadow
}
cylinder {
	<8.648715, 11.738319, 14.460625>,  <8.615687, 11.863206, 14.662893>, 0.100000
	pigment { color rgbt <1,0,0,0> }
	no_shadow
}
cylinder {
	<8.648715, 11.738319, 14.460625>,  <8.703761, 11.530175, 14.123510>, 0.100000
	pigment { color rgbt <1,0,0,0> }
	no_shadow
}

// particle -1
sphere {
	<8.648715, 11.738319, 14.460625> 0.100000
	pigment { color rgbt <1,0,0,0> }
	no_shadow
}
sphere {
	0, 1
	scale<0.080000,0.200000,0.300000>
	matrix <0.964215, -0.124290, 0.234183,
		0.226609, 0.844853, -0.484635,
		-0.137615, 0.520360, 0.842785,
		8.607430, 11.894427, 14.713460>
	pigment { color rgbt <0,1,1,0> }
	no_shadow
}
cylinder {
	<9.261408, 11.953612, 14.154155>,  <8.703761, 11.530175, 14.123510>, 0.130000
	pigment { color rgbt <1,0,0,0> }
	no_shadow
}

// nucleotide -1

// particle -1
sphere {
	<9.261408, 11.953612, 14.154155> 0.250000
	pigment { color rgbt <1,0,0,0> }
	no_shadow
}
cylinder {
	<9.139503, 11.948520, 14.535092>,  <9.066360, 11.945464, 14.763655>, 0.100000
	pigment { color rgbt <1,0,0,0> }
	no_shadow
}
cylinder {
	<9.139503, 11.948520, 14.535092>,  <9.261408, 11.953612, 14.154155>, 0.100000
	pigment { color rgbt <1,0,0,0> }
	no_shadow
}

// particle -1
sphere {
	<9.139503, 11.948520, 14.535092> 0.100000
	pigment { color rgbt <1,0,0,0> }
	no_shadow
}
sphere {
	0, 1
	scale<0.080000,0.200000,0.300000>
	matrix <0.906878, -0.309408, 0.286075,
		0.291020, 0.950844, 0.105842,
		-0.304761, -0.012732, 0.952344,
		9.048075, 11.944700, 14.820795>
	pigment { color rgbt <0,1,1,0> }
	no_shadow
}
cylinder {
	<9.808774, 12.143059, 14.470424>,  <9.261408, 11.953612, 14.154155>, 0.130000
	pigment { color rgbt <1,0,0,0> }
	no_shadow
}

// nucleotide -1

// particle -1
sphere {
	<9.808774, 12.143059, 14.470424> 0.250000
	pigment { color rgbt <1,0,0,0> }
	no_shadow
}
cylinder {
	<9.604521, 12.019485, 14.791376>,  <9.481969, 11.945341, 14.983948>, 0.100000
	pigment { color rgbt <1,0,0,0> }
	no_shadow
}
cylinder {
	<9.604521, 12.019485, 14.791376>,  <9.808774, 12.143059, 14.470424>, 0.100000
	pigment { color rgbt <1,0,0,0> }
	no_shadow
}

// particle -1
sphere {
	<9.604521, 12.019485, 14.791376> 0.100000
	pigment { color rgbt <1,0,0,0> }
	no_shadow
}
sphere {
	0, 1
	scale<0.080000,0.200000,0.300000>
	matrix <0.847706, -0.336862, 0.409778,
		0.143697, 0.889429, 0.433898,
		-0.510632, -0.308934, 0.802380,
		9.451331, 11.926805, 15.032090>
	pigment { color rgbt <0,1,1,0> }
	no_shadow
}
cylinder {
	<10.143942, 12.443658, 15.093358>,  <9.808774, 12.143059, 14.470424>, 0.130000
	pigment { color rgbt <1,0,0,0> }
	no_shadow
}

// nucleotide -1

// particle -1
sphere {
	<10.143942, 12.443658, 15.093358> 0.250000
	pigment { color rgbt <1,0,0,0> }
	no_shadow
}
cylinder {
	<9.948915, 12.114373, 15.209704>,  <9.831900, 11.916802, 15.279512>, 0.100000
	pigment { color rgbt <1,0,0,0> }
	no_shadow
}
cylinder {
	<9.948915, 12.114373, 15.209704>,  <10.143942, 12.443658, 15.093358>, 0.100000
	pigment { color rgbt <1,0,0,0> }
	no_shadow
}

// particle -1
sphere {
	<9.948915, 12.114373, 15.209704> 0.100000
	pigment { color rgbt <1,0,0,0> }
	no_shadow
}
sphere {
	0, 1
	scale<0.080000,0.200000,0.300000>
	matrix <0.831406, -0.336062, 0.442524,
		-0.266541, 0.457587, 0.848275,
		-0.487566, -0.823211, 0.290866,
		9.802646, 11.867410, 15.296965>
	pigment { color rgbt <0,1,1,0> }
	no_shadow
}
cylinder {
	<10.268455, 12.409919, 15.862129>,  <10.143942, 12.443658, 15.093358>, 0.130000
	pigment { color rgbt <1,0,0,0> }
	no_shadow
}

// nucleotide -1

// particle -1
sphere {
	<10.268455, 12.409919, 15.862129> 0.250000
	pigment { color rgbt <1,0,0,0> }
	no_shadow
}
cylinder {
	<10.143023, 12.037843, 15.785798>,  <10.067765, 11.814597, 15.740000>, 0.100000
	pigment { color rgbt <1,0,0,0> }
	no_shadow
}
cylinder {
	<10.143023, 12.037843, 15.785798>,  <10.268455, 12.409919, 15.862129>, 0.100000
	pigment { color rgbt <1,0,0,0> }
	no_shadow
}

// particle -1
sphere {
	<10.143023, 12.037843, 15.785798> 0.100000
	pigment { color rgbt <1,0,0,0> }
	no_shadow
}
sphere {
	0, 1
	scale<0.080000,0.200000,0.300000>
	matrix <0.805041, -0.367001, 0.466069,
		-0.503566, -0.007475, 0.863924,
		-0.313577, -0.930191, -0.190827,
		10.048950, 11.758785, 15.728550>
	pigment { color rgbt <0,1,1,0> }
	no_shadow
}
cylinder {
	<10.459437, 12.094929, 16.435755>,  <10.268455, 12.409919, 15.862129>, 0.130000
	pigment { color rgbt <1,0,0,0> }
	no_shadow
}

// nucleotide -1

// particle -1
sphere {
	<10.459437, 12.094929, 16.435755> 0.250000
	pigment { color rgbt <1,0,0,0> }
	no_shadow
}
cylinder {
	<10.433908, 11.812394, 16.153757>,  <10.418590, 11.642874, 15.984559>, 0.100000
	pigment { color rgbt <1,0,0,0> }
	no_shadow
}
cylinder {
	<10.433908, 11.812394, 16.153757>,  <10.459437, 12.094929, 16.435755>, 0.100000
	pigment { color rgbt <1,0,0,0> }
	no_shadow
}

// particle -1
sphere {
	<10.433908, 11.812394, 16.153757> 0.100000
	pigment { color rgbt <1,0,0,0> }
	no_shadow
}
sphere {
	0, 1
	scale<0.080000,0.200000,0.300000>
	matrix <0.880380, -0.372522, 0.293527,
		-0.469954, -0.601927, 0.645621,
		-0.063826, -0.706337, -0.704993,
		10.414760, 11.600493, 15.942259>
	pigment { color rgbt <0,1,1,0> }
	no_shadow
}
cylinder {
	<10.641838, 11.474677, 16.733477>,  <10.459437, 12.094929, 16.435755>, 0.130000
	pigment { color rgbt <1,0,0,0> }
	no_shadow
}

// nucleotide -1

// particle -1
sphere {
	<10.641838, 11.474677, 16.733477> 0.250000
	pigment { color rgbt <1,0,0,0> }
	no_shadow
}
cylinder {
	<10.709506, 11.435949, 16.341148>,  <10.750107, 11.412713, 16.105751>, 0.100000
	pigment { color rgbt <1,0,0,0> }
	no_shadow
}
cylinder {
	<10.709506, 11.435949, 16.341148>,  <10.641838, 11.474677, 16.733477>, 0.100000
	pigment { color rgbt <1,0,0,0> }
	no_shadow
}

// particle -1
sphere {
	<10.709506, 11.435949, 16.341148> 0.100000
	pigment { color rgbt <1,0,0,0> }
	no_shadow
}
sphere {
	0, 1
	scale<0.080000,0.200000,0.300000>
	matrix <0.956903, -0.222204, 0.186979,
		-0.236045, -0.970181, 0.055057,
		0.169170, -0.096819, -0.980820,
		10.760257, 11.406903, 16.046902>
	pigment { color rgbt <0,1,1,0> }
	no_shadow
}
cylinder {
	<10.982701, 10.797098, 16.619646>,  <10.641838, 11.474677, 16.733477>, 0.130000
	pigment { color rgbt <1,0,0,0> }
	no_shadow
}

// nucleotide -1

// particle -1
sphere {
	<10.982701, 10.797098, 16.619646> 0.250000
	pigment { color rgbt <1,0,0,0> }
	no_shadow
}
cylinder {
	<11.062879, 11.008457, 16.289648>,  <11.110985, 11.135272, 16.091648>, 0.100000
	pigment { color rgbt <1,0,0,0> }
	no_shadow
}
cylinder {
	<11.062879, 11.008457, 16.289648>,  <10.982701, 10.797098, 16.619646>, 0.100000
	pigment { color rgbt <1,0,0,0> }
	no_shadow
}

// particle -1
sphere {
	<11.062879, 11.008457, 16.289648> 0.100000
	pigment { color rgbt <1,0,0,0> }
	no_shadow
}
sphere {
	0, 1
	scale<0.080000,0.200000,0.300000>
	matrix <0.964121, -0.255991, 0.070287,
		-0.174052, -0.809484, -0.560750,
		0.200443, 0.528397, -0.824996,
		11.123012, 11.166976, 16.042149>
	pigment { color rgbt <0,1,1,0> }
	no_shadow
}
cylinder {
	<11.359839, 10.299416, 16.308685>,  <10.982701, 10.797098, 16.619646>, 0.130000
	pigment { color rgbt <1,0,0,0> }
	no_shadow
}

// nucleotide -1

// particle -1
sphere {
	<11.359839, 10.299416, 16.308685> 0.250000
	pigment { color rgbt <1,0,0,0> }
	no_shadow
}
cylinder {
	<11.441866, 10.654246, 16.143255>,  <11.491082, 10.867145, 16.043997>, 0.100000
	pigment { color rgbt <1,0,0,0> }
	no_shadow
}
cylinder {
	<11.441866, 10.654246, 16.143255>,  <11.359839, 10.299416, 16.308685>, 0.100000
	pigment { color rgbt <1,0,0,0> }
	no_shadow
}

// particle -1
sphere {
	<11.441866, 10.654246, 16.143255> 0.100000
	pigment { color rgbt <1,0,0,0> }
	no_shadow
}
sphere {
	0, 1
	scale<0.080000,0.200000,0.300000>
	matrix <0.978745, -0.184751, 0.089027,
		0.002566, -0.423039, -0.906108,
		0.205066, 0.887077, -0.413573,
		11.503386, 10.920369, 16.019184>
	pigment { color rgbt <0,1,1,0> }
	no_shadow
}
cylinder {
	<11.739989, 10.334345, 15.677979>,  <11.359839, 10.299416, 16.308685>, 0.130000
	pigment { color rgbt <1,0,0,0> }
	no_shadow
}

// nucleotide -1

// particle -1
sphere {
	<11.739989, 10.334345, 15.677979> 0.250000
	pigment { color rgbt <1,0,0,0> }
	no_shadow
}
cylinder {
	<11.838195, 10.678470, 15.856678>,  <11.897119, 10.884945, 15.963898>, 0.100000
	pigment { color rgbt <1,0,0,0> }
	no_shadow
}
cylinder {
	<11.838195, 10.678470, 15.856678>,  <11.739989, 10.334345, 15.677979>, 0.100000
	pigment { color rgbt <1,0,0,0> }
	no_shadow
}

// particle -1
sphere {
	<11.838195, 10.678470, 15.856678> 0.100000
	pigment { color rgbt <1,0,0,0> }
	no_shadow
}
sphere {
	0, 1
	scale<0.080000,0.200000,0.300000>
	matrix <0.945356, -0.314475, 0.086063,
		0.214533, 0.401207, -0.890510,
		0.245514, 0.860313, 0.446748,
		11.911849, 10.936563, 15.990703>
	pigment { color rgbt <0,1,1,0> }
	no_shadow
}
cylinder {
	<12.285599, 10.587862, 15.340377>,  <11.739989, 10.334345, 15.677979>, 0.130000
	pigment { color rgbt <1,0,0,0> }
	no_shadow
}

// nucleotide -1

// particle -1
sphere {
	<12.285599, 10.587862, 15.340377> 0.250000
	pigment { color rgbt <1,0,0,0> }
	no_shadow
}
cylinder {
	<12.313408, 10.749144, 15.705363>,  <12.330093, 10.845913, 15.924355>, 0.100000
	pigment { color rgbt <1,0,0,0> }
	no_shadow
}
cylinder {
	<12.313408, 10.749144, 15.705363>,  <12.285599, 10.587862, 15.340377>, 0.100000
	pigment { color rgbt <1,0,0,0> }
	no_shadow
}

// particle -1
sphere {
	<12.313408, 10.749144, 15.705363> 0.100000
	pigment { color rgbt <1,0,0,0> }
	no_shadow
}
sphere {
	0, 1
	scale<0.080000,0.200000,0.300000>
	matrix <0.971219, -0.236240, 0.030392,
		0.227815, 0.884091, -0.408023,
		0.069522, 0.403204, 0.912465,
		12.334265, 10.870105, 15.979103>
	pigment { color rgbt <0,1,1,0> }
	no_shadow
}
cylinder {
	<12.902269, 10.871460, 15.238380>,  <12.285599, 10.587862, 15.340377>, 0.130000
	pigment { color rgbt <1,0,0,0> }
	no_shadow
}

// nucleotide -1

// particle -1
sphere {
	<12.902269, 10.871460, 15.238380> 0.250000
	pigment { color rgbt <1,0,0,0> }
	no_shadow
}
cylinder {
	<12.845140, 10.860845, 15.634137>,  <12.810863, 10.854476, 15.871592>, 0.100000
	pigment { color rgbt <1,0,0,0> }
	no_shadow
}
cylinder {
	<12.845140, 10.860845, 15.634137>,  <12.902269, 10.871460, 15.238380>, 0.100000
	pigment { color rgbt <1,0,0,0> }
	no_shadow
}

// particle -1
sphere {
	<12.845140, 10.860845, 15.634137> 0.100000
	pigment { color rgbt <1,0,0,0> }
	no_shadow
}
sphere {
	0, 1
	scale<0.080000,0.200000,0.300000>
	matrix <0.963665, -0.231711, 0.132892,
		0.225726, 0.972423, 0.058667,
		-0.142821, -0.026538, 0.989393,
		12.802294, 10.852883, 15.930955>
	pigment { color rgbt <0,1,1,0> }
	no_shadow
}
cylinder {
	<13.564574, 10.671657, 15.408577>,  <12.902269, 10.871460, 15.238380>, 0.130000
	pigment { color rgbt <1,0,0,0> }
	no_shadow
}

// nucleotide -1

// particle -1
sphere {
	<13.564574, 10.671657, 15.408577> 0.250000
	pigment { color rgbt <1,0,0,0> }
	no_shadow
}
cylinder {
	<13.413003, 10.681548, 15.778615>,  <13.322060, 10.687483, 16.000637>, 0.100000
	pigment { color rgbt <1,0,0,0> }
	no_shadow
}
cylinder {
	<13.413003, 10.681548, 15.778615>,  <13.564574, 10.671657, 15.408577>, 0.100000
	pigment { color rgbt <1,0,0,0> }
	no_shadow
}

// particle -1
sphere {
	<13.413003, 10.681548, 15.778615> 0.100000
	pigment { color rgbt <1,0,0,0> }
	no_shadow
}
sphere {
	0, 1
	scale<0.080000,0.200000,0.300000>
	matrix <0.844460, -0.399668, 0.356584,
		0.378549, 0.916326, 0.130564,
		-0.378929, 0.024728, 0.925095,
		13.299324, 10.688967, 16.056143>
	pigment { color rgbt <0,1,1,0> }
	no_shadow
}
cylinder {
	<14.001011, 10.949627, 15.934049>,  <13.564574, 10.671657, 15.408577>, 0.130000
	pigment { color rgbt <1,0,0,0> }
	no_shadow
}

// nucleotide -1

// particle -1
sphere {
	<14.001011, 10.949627, 15.934049> 0.250000
	pigment { color rgbt <1,0,0,0> }
	no_shadow
}
cylinder {
	<13.778832, 10.712703, 16.167509>,  <13.645525, 10.570548, 16.307585>, 0.100000
	pigment { color rgbt <1,0,0,0> }
	no_shadow
}
cylinder {
	<13.778832, 10.712703, 16.167509>,  <14.001011, 10.949627, 15.934049>, 0.100000
	pigment { color rgbt <1,0,0,0> }
	no_shadow
}

// particle -1
sphere {
	<13.778832, 10.712703, 16.167509> 0.100000
	pigment { color rgbt <1,0,0,0> }
	no_shadow
}
sphere {
	0, 1
	scale<0.080000,0.200000,0.300000>
	matrix <0.805184, -0.207745, 0.555446,
		-0.207745, 0.778468, 0.592309,
		-0.555446, -0.592309, 0.583652,
		13.612199, 10.535010, 16.342604>
	pigment { color rgbt <0,1,1,0> }
	no_shadow
}
cylinder {
	<14.062786, 11.086054, 16.739315>,  <14.001011, 10.949627, 15.934049>, 0.130000
	pigment { color rgbt <1,0,0,0> }
	no_shadow
}

// nucleotide -1

// particle -1
sphere {
	<14.062786, 11.086054, 16.739315> 0.250000
	pigment { color rgbt <1,0,0,0> }
	no_shadow
}
cylinder {
	<13.966637, 10.711395, 16.637402>,  <13.908947, 10.486600, 16.576254>, 0.100000
	pigment { color rgbt <1,0,0,0> }
	no_shadow
}
cylinder {
	<13.966637, 10.711395, 16.637402>,  <14.062786, 11.086054, 16.739315>, 0.100000
	pigment { color rgbt <1,0,0,0> }
	no_shadow
}

// particle -1
sphere {
	<13.966637, 10.711395, 16.637402> 0.100000
	pigment { color rgbt <1,0,0,0> }
	no_shadow
}
sphere {
	0, 1
	scale<0.080000,0.200000,0.300000>
	matrix <0.712445, -0.348512, 0.609066,
		-0.659274, -0.035116, 0.751082,
		-0.240374, -0.936646, -0.254783,
		13.894525, 10.430402, 16.560966>
	pigment { color rgbt <0,1,1,0> }
	no_shadow
}
cylinder {
	<14.410731, 11.568421, 16.172886>,  <14.062786, 11.086054, 16.739315>, 0.130000
	pigment { color rgbt <1,0,0,0> }
	no_shadow
}

// nucleotide -1

// particle -1
sphere {
	<14.410731, 11.568421, 16.172886> 0.250000
	pigment { color rgbt <1,0,0,0> }
	no_shadow
}
cylinder {
	<14.606631, 11.911302, 16.109196>,  <14.724172, 12.117029, 16.070982>, 0.100000
	pigment { color rgbt <1,0,0,0> }
	no_shadow
}
cylinder {
	<14.606631, 11.911302, 16.109196>,  <14.410731, 11.568421, 16.172886>, 0.100000
	pigment { color rgbt <1,0,0,0> }
	no_shadow
}

// particle -1
sphere {
	<14.606631, 11.911302, 16.109196> 0.100000
	pigment { color rgbt <1,0,0,0> }
	no_shadow
}
sphere {
	0, 1
	scale<0.080000,0.200000,0.300000>
	matrix <-0.790784, 0.513644, 0.332912,
		0.367157, -0.037131, 0.929417,
		0.489751, 0.857200, -0.159226,
		14.753556, 12.168462, 16.061428>
	pigment { color rgbt <0,1,1,0> }
	no_shadow
}
cylinder {
	<14.229248, 12.046037, 16.634678>,  <14.410731, 11.568421, 16.172886>, 0.130000
	pigment { color rgbt <1,0,0,0> }
	no_shadow
}

// nucleotide -1

// particle -1
sphere {
	<14.229248, 12.046037, 16.634678> 0.250000
	pigment { color rgbt <1,0,0,0> }
	no_shadow
}
cylinder {
	<14.397374, 12.326563, 16.404375>,  <14.498250, 12.494879, 16.266193>, 0.100000
	pigment { color rgbt <1,0,0,0> }
	no_shadow
}
cylinder {
	<14.397374, 12.326563, 16.404375>,  <14.229248, 12.046037, 16.634678>, 0.100000
	pigment { color rgbt <1,0,0,0> }
	no_shadow
}

// particle -1
sphere {
	<14.397374, 12.326563, 16.404375> 0.100000
	pigment { color rgbt <1,0,0,0> }
	no_shadow
}
sphere {
	0, 1
	scale<0.080000,0.200000,0.300000>
	matrix <-0.672825, 0.666620, 0.320818,
		0.608804, 0.252537, 0.752053,
		0.420316, 0.701315, -0.575754,
		14.523468, 12.536957, 16.231649>
	pigment { color rgbt <0,1,1,0> }
	no_shadow
}
cylinder {
	<14.452998, 12.712943, 17.067701>,  <14.229248, 12.046037, 16.634678>, 0.130000
	pigment { color rgbt <1,0,0,0> }
	no_shadow
}

// nucleotide -1

// particle -1
sphere {
	<14.452998, 12.712943, 17.067701> 0.250000
	pigment { color rgbt <1,0,0,0> }
	no_shadow
}
cylinder {
	<14.391198, 12.817185, 16.686501>,  <14.354118, 12.879730, 16.457779>, 0.100000
	pigment { color rgbt <1,0,0,0> }
	no_shadow
}
cylinder {
	<14.391198, 12.817185, 16.686501>,  <14.452998, 12.712943, 17.067701>, 0.100000
	pigment { color rgbt <1,0,0,0> }
	no_shadow
}

// particle -1
sphere {
	<14.391198, 12.817185, 16.686501> 0.100000
	pigment { color rgbt <1,0,0,0> }
	no_shadow
}
sphere {
	0, 1
	scale<0.080000,0.200000,0.300000>
	matrix <-0.611913, 0.732070, 0.299392,
		0.775688, 0.629411, 0.046363,
		-0.154499, 0.260605, -0.953003,
		14.344849, 12.895367, 16.400600>
	pigment { color rgbt <0,1,1,0> }
	no_shadow
}
cylinder {
	<14.276711, 13.472988, 17.150793>,  <14.452998, 12.712943, 17.067701>, 0.130000
	pigment { color rgbt <1,0,0,0> }
	no_shadow
}

// nucleotide -1

// particle -1
sphere {
	<14.276711, 13.472988, 17.150793> 0.250000
	pigment { color rgbt <1,0,0,0> }
	no_shadow
}
cylinder {
	<14.151254, 13.304037, 16.810623>,  <14.075979, 13.202666, 16.606522>, 0.100000
	pigment { color rgbt <1,0,0,0> }
	no_shadow
}
cylinder {
	<14.151254, 13.304037, 16.810623>,  <14.276711, 13.472988, 17.150793>, 0.100000
	pigment { color rgbt <1,0,0,0> }
	no_shadow
}

// particle -1
sphere {
	<14.151254, 13.304037, 16.810623> 0.100000
	pigment { color rgbt <1,0,0,0> }
	no_shadow
}
sphere {
	0, 1
	scale<0.080000,0.200000,0.300000>
	matrix <-0.732441, 0.677585, -0.066403,
		0.604282, 0.602060, -0.521887,
		-0.313645, -0.422378, -0.850426,
		14.057160, 13.177323, 16.555496>
	pigment { color rgbt <0,1,1,0> }
	no_shadow
}
cylinder {
	<14.153484, 13.969336, 16.689405>,  <14.276711, 13.472988, 17.150793>, 0.130000
	pigment { color rgbt <1,0,0,0> }
	no_shadow
}

// nucleotide -1

// particle -1
sphere {
	<14.153484, 13.969336, 16.689405> 0.250000
	pigment { color rgbt <1,0,0,0> }
	no_shadow
}
cylinder {
	<13.923907, 13.660437, 16.580429>,  <13.786161, 13.475098, 16.515043>, 0.100000
	pigment { color rgbt <1,0,0,0> }
	no_shadow
}
cylinder {
	<13.923907, 13.660437, 16.580429>,  <14.153484, 13.969336, 16.689405>, 0.100000
	pigment { color rgbt <1,0,0,0> }
	no_shadow
}

// particle -1
sphere {
	<13.923907, 13.660437, 16.580429> 0.100000
	pigment { color rgbt <1,0,0,0> }
	no_shadow
}
sphere {
	0, 1
	scale<0.080000,0.200000,0.300000>
	matrix <-0.799529, 0.600374, -0.017450,
		0.177043, 0.207810, -0.962014,
		-0.573942, -0.772247, -0.272442,
		13.751724, 13.428762, 16.498697>
	pigment { color rgbt <0,1,1,0> }
	no_shadow
}
cylinder {
	<13.771395, 14.091608, 15.986396>,  <14.153484, 13.969336, 16.689405>, 0.130000
	pigment { color rgbt <1,0,0,0> }
	no_shadow
}

// nucleotide -1

// particle -1
sphere {
	<13.771395, 14.091608, 15.986396> 0.250000
	pigment { color rgbt <1,0,0,0> }
	no_shadow
}
cylinder {
	<13.564325, 13.828146, 16.204823>,  <13.440084, 13.670069, 16.335878>, 0.100000
	pigment { color rgbt <1,0,0,0> }
	no_shadow
}
cylinder {
	<13.564325, 13.828146, 16.204823>,  <13.771395, 14.091608, 15.986396>, 0.100000
	pigment { color rgbt <1,0,0,0> }
	no_shadow
}

// particle -1
sphere {
	<13.564325, 13.828146, 16.204823> 0.100000
	pigment { color rgbt <1,0,0,0> }
	no_shadow
}
sphere {
	0, 1
	scale<0.080000,0.200000,0.300000>
	matrix <-0.836238, 0.524452, -0.160173,
		-0.180887, -0.539560, -0.822286,
		-0.517673, -0.658654, 0.546067,
		13.409023, 13.630549, 16.368643>
	pigment { color rgbt <0,1,1,0> }
	no_shadow
}
cylinder {
	<13.059389, 14.289347, 15.796843>,  <13.771395, 14.091608, 15.986396>, 0.130000
	pigment { color rgbt <1,0,0,0> }
	no_shadow
}

// nucleotide -1

// particle -1
sphere {
	<13.059389, 14.289347, 15.796843> 0.250000
	pigment { color rgbt <1,0,0,0> }
	no_shadow
}
cylinder {
	<13.034318, 14.036034, 16.105394>,  <13.019276, 13.884046, 16.290525>, 0.100000
	pigment { color rgbt <1,0,0,0> }
	no_shadow
}
cylinder {
	<13.034318, 14.036034, 16.105394>,  <13.059389, 14.289347, 15.796843>, 0.100000
	pigment { color rgbt <1,0,0,0> }
	no_shadow
}

// particle -1
sphere {
	<13.034318, 14.036034, 16.105394> 0.100000
	pigment { color rgbt <1,0,0,0> }
	no_shadow
}
sphere {
	0, 1
	scale<0.080000,0.200000,0.300000>
	matrix <-0.956361, 0.259120, 0.135022,
		-0.285387, -0.729253, -0.621888,
		-0.062678, -0.633283, 0.771378,
		13.015514, 13.846049, 16.336807>
	pigment { color rgbt <0,1,1,0> }
	no_shadow
}
cylinder {
	<12.533333, 13.948819, 15.548867>,  <13.059389, 14.289347, 15.796843>, 0.130000
	pigment { color rgbt <1,0,0,0> }
	no_shadow
}

// nucleotide -1

// particle -1
sphere {
	<12.533333, 13.948819, 15.548867> 0.250000
	pigment { color rgbt <1,0,0,0> }
	no_shadow
}
cylinder {
	<12.571859, 13.905568, 15.944652>,  <12.594975, 13.879618, 16.182121>, 0.100000
	pigment { color rgbt <1,0,0,0> }
	no_shadow
}
cylinder {
	<12.571859, 13.905568, 15.944652>,  <12.533333, 13.948819, 15.548867>, 0.100000
	pigment { color rgbt <1,0,0,0> }
	no_shadow
}

// particle -1
sphere {
	<12.571859, 13.905568, 15.944652> 0.100000
	pigment { color rgbt <1,0,0,0> }
	no_shadow
}
sphere {
	0, 1
	scale<0.080000,0.200000,0.300000>
	matrix <-0.908160, 0.397327, 0.131821,
		-0.407393, -0.911285, -0.059928,
		0.096315, -0.108127, 0.989460,
		12.600754, 13.873130, 16.241489>
	pigment { color rgbt <0,1,1,0> }
	no_shadow
}
cylinder {
	<12.028129, 13.534975, 15.808260>,  <12.533333, 13.948819, 15.548867>, 0.130000
	pigment { color rgbt <1,0,0,0> }
	no_shadow
}

// nucleotide -1

// particle -1
sphere {
	<12.028129, 13.534975, 15.808260> 0.250000
	pigment { color rgbt <1,0,0,0> }
	no_shadow
}
cylinder {
	<12.110799, 13.785211, 16.109171>,  <12.160401, 13.935352, 16.289717>, 0.100000
	pigment { color rgbt <1,0,0,0> }
	no_shadow
}
cylinder {
	<12.110799, 13.785211, 16.109171>,  <12.028129, 13.534975, 15.808260>, 0.100000
	pigment { color rgbt <1,0,0,0> }
	no_shadow
}

// particle -1
sphere {
	<12.110799, 13.785211, 16.109171> 0.100000
	pigment { color rgbt <1,0,0,0> }
	no_shadow
}
sphere {
	0, 1
	scale<0.080000,0.200000,0.300000>
	matrix <-0.898803, 0.425182, -0.106647,
		-0.386572, -0.654108, 0.650157,
		0.206676, 0.625590, 0.752278,
		12.172802, 13.972888, 16.334854>
	pigment { color rgbt <0,1,1,0> }
	no_shadow
}
cylinder {
	<11.430353, 13.481707, 16.466164>,  <12.028129, 13.534975, 15.808260>, 0.130000
	pigment { color rgbt <1,0,0,0> }
	no_shadow
}

// nucleotide -1

// particle -1
sphere {
	<11.430353, 13.481707, 16.466164> 0.250000
	pigment { color rgbt <1,0,0,0> }
	no_shadow
}
cylinder {
	<11.605241, 13.826574, 16.363789>,  <11.710174, 14.033495, 16.302364>, 0.100000
	pigment { color rgbt <1,0,0,0> }
	no_shadow
}
cylinder {
	<11.605241, 13.826574, 16.363789>,  <11.430353, 13.481707, 16.466164>, 0.100000
	pigment { color rgbt <1,0,0,0> }
	no_shadow
}

// particle -1
sphere {
	<11.605241, 13.826574, 16.363789> 0.100000
	pigment { color rgbt <1,0,0,0> }
	no_shadow
}
sphere {
	0, 1
	scale<0.080000,0.200000,0.300000>
	matrix <-0.898938, 0.427618, -0.095151,
		0.027407, 0.271674, 0.961999,
		0.437218, 0.862169, -0.255938,
		11.736406, 14.085225, 16.287006>
	pigment { color rgbt <0,1,1,0> }
	no_shadow
}
cylinder {
	<10.880000, 13.912433, 16.567539>,  <11.430353, 13.481707, 16.466164>, 0.130000
	pigment { color rgbt <1,0,0,0> }
	no_shadow
}

// nucleotide -1

// particle -1
sphere {
	<10.880000, 13.912433, 16.567539> 0.250000
	pigment { color rgbt <1,0,0,0> }
	no_shadow
}
cylinder {
	<11.163692, 14.159123, 16.430927>,  <11.333906, 14.307137, 16.348961>, 0.100000
	pigment { color rgbt <1,0,0,0> }
	no_shadow
}
cylinder {
	<11.163692, 14.159123, 16.430927>,  <10.880000, 13.912433, 16.567539>, 0.100000
	pigment { color rgbt <1,0,0,0> }
	no_shadow
}

// particle -1
sphere {
	<11.163692, 14.159123, 16.430927> 0.100000
	pigment { color rgbt <1,0,0,0> }
	no_shadow
}
sphere {
	0, 1
	scale<0.080000,0.200000,0.300000>
	matrix <-0.694066, 0.695750, -0.184945,
		0.123559, 0.368213, 0.921495,
		0.709229, 0.616727, -0.341530,
		11.376460, 14.344141, 16.328468>
	pigment { color rgbt <0,1,1,0> }
	no_shadow
}
cylinder {
	<10.818842, 14.527099, 16.927486>,  <10.880000, 13.912433, 16.567539>, 0.130000
	pigment { color rgbt <1,0,0,0> }
	no_shadow
}

// nucleotide -1

// particle -1
sphere {
	<10.818842, 14.527099, 16.927486> 0.250000
	pigment { color rgbt <1,0,0,0> }
	no_shadow
}
cylinder {
	<10.991570, 14.650247, 16.588371>,  <11.095208, 14.724135, 16.384901>, 0.100000
	pigment { color rgbt <1,0,0,0> }
	no_shadow
}
cylinder {
	<10.991570, 14.650247, 16.588371>,  <10.818842, 14.527099, 16.927486>, 0.100000
	pigment { color rgbt <1,0,0,0> }
	no_shadow
}

// particle -1
sphere {
	<10.991570, 14.650247, 16.588371> 0.100000
	pigment { color rgbt <1,0,0,0> }
	no_shadow
}
sphere {
	0, 1
	scale<0.080000,0.200000,0.300000>
	matrix <-0.628071, 0.777245, -0.037657,
		0.647346, 0.548733, 0.528995,
		0.431822, 0.307869, -0.847789,
		11.121117, 14.742607, 16.334034>
	pigment { color rgbt <0,1,1,0> }
	no_shadow
}
cylinder {
