// switches for output
#declare DRAW_BASES = 1; // possible values are 0, 1; only relevant for DNA ribbons
#declare DRAW_BASES_TYPE = 3; // possible values are 1, 2, 3; only relevant for DNA ribbons
#declare DRAW_FOG = 0; // set to 1 to enable fog

#include "colors.inc"

#include "transforms.inc"
background { rgb <1, 1, 1>}

#default {
   normal{
       ripples 0.25
       frequency 0.20
       turbulence 0.2
       lambda 5
   }
	finish {
		phong 0.1
		phong_size 40.
	}
}

// original window dimensions: 1024x640


// camera settings

camera {
	sky <0, 0.179814, -0.983701>
	up <0, 0.179814, -0.983701>
	right 1.6 * <1, 0, 0>
	location <25.469, 94.9851, 44.8844>
	look_at <25.469, 29.3977, 32.8955>
	direction <0, -65.5874, -11.9889>
	angle 67.0682
}


# declare cpy_camera_pos = <25.469, 94.9851, 44.8844>;
# if (DRAW_FOG = 1)
fog {
	fog_type 2
	up vnormalize(cpy_camera_pos)
	color rgbt<1,1,1,0.3>
	distance 1e-5
	fog_alt 3e-3
	fog_offset 28
}
# end


// LIGHTS

# declare lum = 6;
global_settings {
	ambient_light rgb lum * <0.05, 0.05, 0.05>
	max_trace_level 15
}# declare cpy_direct_light_amount = 0.25;
light_source
{	1000 * <-1, -1.16351, -0.803887>,
	rgb lum * cpy_direct_light_amount
	parallel
}

light_source
{	1000 * <1, 1.16351, 0.803887>,
	rgb lum * cpy_direct_light_amount
	parallel
}

// strand 0

// nucleotide -1

// particle -1
sphere {
	<4.666214, 14.963975, 15.017731> 0.250000
	pigment { color rgbt <1,0,0,0> }
	no_shadow
}
cylinder {
	<4.267632, 14.939410, 15.040734>,  <4.028482, 14.924671, 15.054537>, 0.100000
	pigment { color rgbt <1,0,0,0> }
	no_shadow
}
cylinder {
	<4.267632, 14.939410, 15.040734>,  <4.666214, 14.963975, 15.017731>, 0.100000
	pigment { color rgbt <1,0,0,0> }
	no_shadow
}

// particle -1
sphere {
	<4.267632, 14.939410, 15.040734> 0.100000
	pigment { color rgbt <1,0,0,0> }
	no_shadow
}
sphere {
	0, 1
	scale<0.080000,0.200000,0.300000>
	matrix <-0.041967, 0.955224, 0.292892,
		-0.072921, 0.289440, -0.954414,
		-0.996454, -0.061411, 0.057509,
		3.968695, 14.920987, 15.057987>
	pigment { color rgbt <0,1,1,0> }
	no_shadow
}
cylinder {
	<4.291676, 15.547688, 14.641293>,  <4.666214, 14.963975, 15.017731>, 0.130000
	pigment { color rgbt <1,0,0,0> }
	no_shadow
}

// nucleotide -1

// particle -1
sphere {
	<4.291676, 15.547688, 14.641293> 0.250000
	pigment { color rgbt <1,0,0,0> }
	no_shadow
}
cylinder {
	<4.050775, 15.399543, 14.924170>,  <3.906235, 15.310656, 15.093896>, 0.100000
	pigment { color rgbt <1,0,0,0> }
	no_shadow
}
cylinder {
	<4.050775, 15.399543, 14.924170>,  <4.291676, 15.547688, 14.641293>, 0.100000
	pigment { color rgbt <1,0,0,0> }
	no_shadow
}

// particle -1
sphere {
	<4.050775, 15.399543, 14.924170> 0.100000
	pigment { color rgbt <1,0,0,0> }
	no_shadow
}
sphere {
	0, 1
	scale<0.080000,0.200000,0.300000>
	matrix <-0.262148, 0.928495, 0.263014,
		-0.754036, -0.026988, -0.656278,
		-0.602253, -0.370364, 0.707193,
		3.870099, 15.288434, 15.136328>
	pigment { color rgbt <0,1,1,0> }
	no_shadow
}
cylinder {
	<3.666020, 15.967540, 14.815216>,  <4.291676, 15.547688, 14.641293>, 0.130000
	pigment { color rgbt <1,0,0,0> }
	no_shadow
}

// nucleotide -1

// particle -1
sphere {
	<3.666020, 15.967540, 14.815216> 0.250000
	pigment { color rgbt <1,0,0,0> }
	no_shadow
}
cylinder {
	<3.647137, 15.778274, 15.167099>,  <3.635807, 15.664714, 15.378229>, 0.100000
	pigment { color rgbt <1,0,0,0> }
	no_shadow
}
cylinder {
	<3.647137, 15.778274, 15.167099>,  <3.666020, 15.967540, 14.815216>, 0.100000
	pigment { color rgbt <1,0,0,0> }
	no_shadow
}

// particle -1
sphere {
	<3.647137, 15.778274, 15.167099> 0.100000
	pigment { color rgbt <1,0,0,0> }
	no_shadow
}
sphere {
	0, 1
	scale<0.080000,0.200000,0.300000>
	matrix <-0.204638, 0.866591, 0.455130,
		-0.977699, -0.158535, -0.137738,
		-0.047209, -0.473166, 0.879707,
		3.632974, 15.636324, 15.431011>
	pigment { color rgbt <0,1,1,0> }
	no_shadow
}
cylinder {
	<3.016845, 15.973851, 15.234444>,  <3.666020, 15.967540, 14.815216>, 0.130000
	pigment { color rgbt <1,0,0,0> }
	no_shadow
}

// nucleotide -1

// particle -1
sphere {
	<3.016845, 15.973851, 15.234444> 0.250000
	pigment { color rgbt <1,0,0,0> }
	no_shadow
}
cylinder {
	<3.351119, 15.955791, 15.453382>,  <3.551684, 15.944954, 15.584745>, 0.100000
	pigment { color rgbt <1,0,0,0> }
	no_shadow
}
cylinder {
	<3.351119, 15.955791, 15.453382>,  <3.016845, 15.973851, 15.234444>, 0.100000
	pigment { color rgbt <1,0,0,0> }
	no_shadow
}

// particle -1
sphere {
	<3.351119, 15.955791, 15.453382> 0.100000
	pigment { color rgbt <1,0,0,0> }
	no_shadow
}
sphere {
	0, 1
	scale<0.080000,0.200000,0.300000>
	matrix <-0.123360, 0.955717, 0.267185,
		-0.535173, -0.290804, 0.793110,
		0.835687, -0.045152, 0.547347,
		3.601825, 15.942245, 15.617587>
	pigment { color rgbt <0,1,1,0> }
	no_shadow
}
cylinder {
	<2.933892, 16.216291, 15.862879>,  <3.016845, 15.973851, 15.234444>, 0.130000
	pigment { color rgbt <1,0,0,0> }
	no_shadow
}

// nucleotide -1

// particle -1
sphere {
	<2.933892, 16.216291, 15.862879> 0.250000
	pigment { color rgbt <1,0,0,0> }
	no_shadow
}
cylinder {
	<3.303509, 16.273794, 15.721185>,  <3.525278, 16.308296, 15.636168>, 0.100000
	pigment { color rgbt <1,0,0,0> }
	no_shadow
}
cylinder {
	<3.303509, 16.273794, 15.721185>,  <2.933892, 16.216291, 15.862879>, 0.100000
	pigment { color rgbt <1,0,0,0> }
	no_shadow
}

// particle -1
sphere {
	<3.303509, 16.273794, 15.721185> 0.100000
	pigment { color rgbt <1,0,0,0> }
	no_shadow
}
sphere {
	0, 1
	scale<0.080000,0.200000,0.300000>
	matrix <-0.072453, 0.975665, 0.206948,
		0.375365, -0.165563, 0.911970,
		0.924041, 0.143756, -0.354235,
		3.580721, 16.316921, 15.614914>
	pigment { color rgbt <0,1,1,0> }
	no_shadow
}
cylinder {
	<3.274256, 16.561289, 16.309387>,  <2.933892, 16.216291, 15.862879>, 0.130000
	pigment { color rgbt <1,0,0,0> }
	no_shadow
}

// nucleotide -1

// particle -1
sphere {
	<3.274256, 16.561289, 16.309387> 0.250000
	pigment { color rgbt <1,0,0,0> }
	no_shadow
}
cylinder {
	<3.516064, 16.635796, 15.999585>,  <3.661148, 16.680500, 15.813704>, 0.100000
	pigment { color rgbt <1,0,0,0> }
	no_shadow
}
cylinder {
	<3.516064, 16.635796, 15.999585>,  <3.274256, 16.561289, 16.309387>, 0.100000
	pigment { color rgbt <1,0,0,0> }
	no_shadow
}

// particle -1
sphere {
	<3.516064, 16.635796, 15.999585> 0.100000
	pigment { color rgbt <1,0,0,0> }
	no_shadow
}
sphere {
	0, 1
	scale<0.080000,0.200000,0.300000>
	matrix <0.151414, 0.927684, 0.341286,
		0.782068, -0.323585, 0.532600,
		0.604519, 0.186266, -0.774507,
		3.697419, 16.691675, 15.767233>
	pigment { color rgbt <0,1,1,0> }
	no_shadow
}
cylinder {
	<3.887396, 16.743622, 16.502964>,  <3.274256, 16.561289, 16.309387>, 0.130000
	pigment { color rgbt <1,0,0,0> }
	no_shadow
}

// nucleotide -1

// particle -1
sphere {
	<3.887396, 16.743622, 16.502964> 0.250000
	pigment { color rgbt <1,0,0,0> }
	no_shadow
}
cylinder {
	<3.862930, 16.922958, 16.146257>,  <3.848251, 17.030561, 15.932234>, 0.100000
	pigment { color rgbt <1,0,0,0> }
	no_shadow
}
cylinder {
	<3.862930, 16.922958, 16.146257>,  <3.887396, 16.743622, 16.502964>, 0.100000
	pigment { color rgbt <1,0,0,0> }
	no_shadow
}

// particle -1
sphere {
	<3.862930, 16.922958, 16.146257> 0.100000
	pigment { color rgbt <1,0,0,0> }
	no_shadow
}
sphere {
	0, 1
	scale<0.080000,0.200000,0.300000>
	matrix <0.300449, 0.860272, 0.411901,
		0.951834, -0.242737, -0.187323,
		-0.061165, 0.448342, -0.891767,
		3.844581, 17.057461, 15.878727>
	pigment { color rgbt <0,1,1,0> }
	no_shadow
}
cylinder {
	<4.376342, 17.272942, 16.462917>,  <3.887396, 16.743622, 16.502964>, 0.130000
	pigment { color rgbt <1,0,0,0> }
	no_shadow
}

// nucleotide -1

// particle -1
sphere {
	<4.376342, 17.272942, 16.462917> 0.250000
	pigment { color rgbt <1,0,0,0> }
	no_shadow
}
cylinder {
	<4.169272, 17.373133, 16.135681>,  <4.045031, 17.433247, 15.939339>, 0.100000
	pigment { color rgbt <1,0,0,0> }
	no_shadow
}
cylinder {
	<4.169272, 17.373133, 16.135681>,  <4.376342, 17.272942, 16.462917>, 0.100000
	pigment { color rgbt <1,0,0,0> }
	no_shadow
}

// particle -1
sphere {
	<4.169272, 17.373133, 16.135681> 0.100000
	pigment { color rgbt <1,0,0,0> }
	no_shadow
}
sphere {
	0, 1
	scale<0.080000,0.200000,0.300000>
	matrix <0.350178, 0.934459, 0.064519,
		0.780633, -0.253078, -0.571457,
		-0.517675, 0.250477, -0.818092,
		4.013970, 17.448277, 15.890253>
	pigment { color rgbt <0,1,1,0> }
	no_shadow
}
cylinder {
	<4.805609, 17.644894, 16.023020>,  <4.376342, 17.272942, 16.462917>, 0.130000
	pigment { color rgbt <1,0,0,0> }
	no_shadow
}

// nucleotide -1

// particle -1
sphere {
	<4.805609, 17.644894, 16.023020> 0.250000
	pigment { color rgbt <1,0,0,0> }
	no_shadow
}
cylinder {
	<4.455256, 17.774889, 15.880352>,  <4.245044, 17.852886, 15.794751>, 0.100000
	pigment { color rgbt <1,0,0,0> }
	no_shadow
}
cylinder {
	<4.455256, 17.774889, 15.880352>,  <4.805609, 17.644894, 16.023020>, 0.100000
	pigment { color rgbt <1,0,0,0> }
	no_shadow
}

// particle -1
sphere {
	<4.455256, 17.774889, 15.880352> 0.100000
	pigment { color rgbt <1,0,0,0> }
	no_shadow
}
sphere {
	0, 1
	scale<0.080000,0.200000,0.300000>
	matrix <0.309932, 0.945448, 0.100356,
		0.369825, -0.022643, -0.928825,
		-0.875883, 0.324986, -0.356668,
		4.192491, 17.872385, 15.773352>
	pigment { color rgbt <0,1,1,0> }
	no_shadow
}
cylinder {
	<4.978588, 18.238686, 15.476446>,  <4.805609, 17.644894, 16.023020>, 0.130000
	pigment { color rgbt <1,0,0,0> }
	no_shadow
}

// nucleotide -1

// particle -1
sphere {
	<4.978588, 18.238686, 15.476446> 0.250000
	pigment { color rgbt <1,0,0,0> }
	no_shadow
}
cylinder {
	<4.591247, 18.310263, 15.546041>,  <4.358842, 18.353209, 15.587799>, 0.100000
	pigment { color rgbt <1,0,0,0> }
	no_shadow
}
cylinder {
	<4.591247, 18.310263, 15.546041>,  <4.978588, 18.238686, 15.476446>, 0.100000
	pigment { color rgbt <1,0,0,0> }
	no_shadow
}

// particle -1
sphere {
	<4.591247, 18.310263, 15.546041> 0.100000
	pigment { color rgbt <1,0,0,0> }
	no_shadow
}
sphere {
	0, 1
	scale<0.080000,0.200000,0.300000>
	matrix <0.220763, 0.939302, 0.262632,
		-0.116432, 0.292731, -0.949080,
		-0.968353, 0.178943, 0.173989,
		4.300741, 18.363945, 15.598238>
	pigment { color rgbt <0,1,1,0> }
	no_shadow
}
cylinder {
	<4.818350, 18.748821, 15.018126>,  <4.978588, 18.238686, 15.476446>, 0.130000
	pigment { color rgbt <1,0,0,0> }
	no_shadow
}

// nucleotide -1

// particle -1
sphere {
	<4.818350, 18.748821, 15.018126> 0.250000
	pigment { color rgbt <1,0,0,0> }
	no_shadow
}
cylinder {
	<4.541659, 18.763992, 15.306591>,  <4.375644, 18.773094, 15.479670>, 0.100000
	pigment { color rgbt <1,0,0,0> }
	no_shadow
}
cylinder {
	<4.541659, 18.763992, 15.306591>,  <4.818350, 18.748821, 15.018126>, 0.100000
	pigment { color rgbt <1,0,0,0> }
	no_shadow
}

// particle -1
sphere {
	<4.541659, 18.763992, 15.306591> 0.100000
	pigment { color rgbt <1,0,0,0> }
	no_shadow
}
sphere {
	0, 1
	scale<0.080000,0.200000,0.300000>
	matrix <0.247215, 0.950720, 0.187126,
		-0.678525, 0.307722, -0.667016,
		-0.691728, 0.037927, 0.721161,
		4.334140, 18.775370, 15.522940>
	pigment { color rgbt <0,1,1,0> }
	no_shadow
}
cylinder {
	<4.455617, 19.382977, 15.002892>,  <4.818350, 18.748821, 15.018126>, 0.130000
	pigment { color rgbt <1,0,0,0> }
	no_shadow
}

// nucleotide -1

// particle -1
sphere {
	<4.455617, 19.382977, 15.002892> 0.250000
	pigment { color rgbt <1,0,0,0> }
	no_shadow
}
cylinder {
	<4.345920, 19.270624, 15.370782>,  <4.280101, 19.203213, 15.591516>, 0.100000
	pigment { color rgbt <1,0,0,0> }
	no_shadow
}
cylinder {
	<4.345920, 19.270624, 15.370782>,  <4.455617, 19.382977, 15.002892>, 0.100000
	pigment { color rgbt <1,0,0,0> }
	no_shadow
}

// particle -1
sphere {
	<4.345920, 19.270624, 15.370782> 0.100000
	pigment { color rgbt <1,0,0,0> }
	no_shadow
}
sphere {
	0, 1
	scale<0.080000,0.200000,0.300000>
	matrix <0.171762, 0.926708, 0.334229,
		-0.946196, 0.249635, -0.205900,
		-0.274245, -0.280881, 0.919726,
		4.263646, 19.186359, 15.646700>
	pigment { color rgbt <0,1,1,0> }
	no_shadow
}
cylinder {
	<4.178856, 19.939415, 15.313650>,  <4.455617, 19.382977, 15.002892>, 0.130000
	pigment { color rgbt <1,0,0,0> }
	no_shadow
}

// nucleotide -1

// particle -1
sphere {
	<4.178856, 19.939415, 15.313650> 0.250000
	pigment { color rgbt <1,0,0,0> }
	no_shadow
}
cylinder {
	<4.264267, 19.720737, 15.637509>,  <4.315514, 19.589531, 15.831825>, 0.100000
	pigment { color rgbt <1,0,0,0> }
	no_shadow
}
cylinder {
	<4.264267, 19.720737, 15.637509>,  <4.178856, 19.939415, 15.313650>, 0.100000
	pigment { color rgbt <1,0,0,0> }
	no_shadow
}

// particle -1
sphere {
	<4.264267, 19.720737, 15.637509> 0.100000
	pigment { color rgbt <1,0,0,0> }
	no_shadow
}
sphere {
	0, 1
	scale<0.080000,0.200000,0.300000>
	matrix <0.312352, 0.823464, 0.473648,
		-0.925658, 0.151759, 0.346593,
		0.213527, -0.546695, 0.809648,
		4.328325, 19.556728, 15.880404>
	pigment { color rgbt <0,1,1,0> }
	no_shadow
}
cylinder {
	<3.880883, 20.268360, 15.911910>,  <4.178856, 19.939415, 15.313650>, 0.130000
	pigment { color rgbt <1,0,0,0> }
	no_shadow
}

// nucleotide -1

// particle -1
sphere {
	<3.880883, 20.268360, 15.911910> 0.250000
	pigment { color rgbt <1,0,0,0> }
	no_shadow
}
cylinder {
	<4.179182, 20.035164, 16.040895>,  <4.358161, 19.895247, 16.118286>, 0.100000
	pigment { color rgbt <1,0,0,0> }
	no_shadow
}
cylinder {
	<4.179182, 20.035164, 16.040895>,  <3.880883, 20.268360, 15.911910>, 0.100000
	pigment { color rgbt <1,0,0,0> }
	no_shadow
}

// particle -1
sphere {
	<4.179182, 20.035164, 16.040895> 0.100000
	pigment { color rgbt <1,0,0,0> }
	no_shadow
}
sphere {
	0, 1
	scale<0.080000,0.200000,0.300000>
	matrix <0.320546, 0.738286, 0.593451,
		-0.584047, -0.339200, 0.737450,
		0.745748, -0.582990, 0.322464,
		4.402906, 19.860268, 16.137634>
	pigment { color rgbt <0,1,1,0> }
	no_shadow
}
cylinder {
	<3.890910, 20.423021, 16.581356>,  <3.880883, 20.268360, 15.911910>, 0.130000
	pigment { color rgbt <1,0,0,0> }
	no_shadow
}

// nucleotide -1

// particle -1
sphere {
	<3.890910, 20.423021, 16.581356> 0.250000
	pigment { color rgbt <1,0,0,0> }
	no_shadow
}
cylinder {
	<4.250827, 20.259399, 16.520630>,  <4.466777, 20.161226, 16.484194>, 0.100000
	pigment { color rgbt <1,0,0,0> }
	no_shadow
}
cylinder {
	<4.250827, 20.259399, 16.520630>,  <3.890910, 20.423021, 16.581356>, 0.100000
	pigment { color rgbt <1,0,0,0> }
	no_shadow
}

// particle -1
sphere {
	<4.250827, 20.259399, 16.520630> 0.100000
	pigment { color rgbt <1,0,0,0> }
	no_shadow
}
sphere {
	0, 1
	scale<0.080000,0.200000,0.300000>
	matrix <0.396370, 0.620891, 0.676303,
		-0.182386, -0.668706, 0.720810,
		0.899792, -0.409055, -0.151813,
		4.520765, 20.136683, 16.475086>
	pigment { color rgbt <0,1,1,0> }
	no_shadow
}
cylinder {
	<4.182693, 20.198376, 17.273306>,  <3.890910, 20.423021, 16.581356>, 0.130000
	pigment { color rgbt <1,0,0,0> }
	no_shadow
}

// nucleotide -1

// particle -1
sphere {
	<4.182693, 20.198376, 17.273306> 0.250000
	pigment { color rgbt <1,0,0,0> }
	no_shadow
}
cylinder {
	<4.490033, 20.234463, 17.019850>,  <4.674437, 20.256115, 16.867777>, 0.100000
	pigment { color rgbt <1,0,0,0> }
	no_shadow
}
cylinder {
	<4.490033, 20.234463, 17.019850>,  <4.182693, 20.198376, 17.273306>, 0.100000
	pigment { color rgbt <1,0,0,0> }
	no_shadow
}

// particle -1
sphere {
	<4.490033, 20.234463, 17.019850> 0.100000
	pigment { color rgbt <1,0,0,0> }
	no_shadow
}
sphere {
	0, 1
	scale<0.080000,0.200000,0.300000>
	matrix <0.455029, 0.619218, 0.639935,
		0.450094, -0.780019, 0.434725,
		0.768351, 0.090219, -0.633638,
		4.720538, 20.261528, 16.829758>
	pigment { color rgbt <0,1,1,0> }
	no_shadow
}
cylinder {
	<4.806171, 20.189917, 17.684616>,  <4.182693, 20.198376, 17.273306>, 0.130000
	pigment { color rgbt <1,0,0,0> }
	no_shadow
}

// nucleotide -1

// particle -1
sphere {
	<4.806171, 20.189917, 17.684616> 0.250000
	pigment { color rgbt <1,0,0,0> }
	no_shadow
}
cylinder {
	<4.933511, 20.356367, 17.343912>,  <5.009914, 20.456238, 17.139490>, 0.100000
	pigment { color rgbt <1,0,0,0> }
	no_shadow
}
cylinder {
	<4.933511, 20.356367, 17.343912>,  <4.806171, 20.189917, 17.684616>, 0.100000
	pigment { color rgbt <1,0,0,0> }
	no_shadow
}

// particle -1
sphere {
	<4.933511, 20.356367, 17.343912> 0.100000
	pigment { color rgbt <1,0,0,0> }
	no_shadow
}
sphere {
	0, 1
	scale<0.080000,0.200000,0.300000>
	matrix <0.612656, 0.595336, 0.519834,
		0.723400, -0.687323, -0.065418,
		0.318349, 0.416127, -0.851758,
		5.029016, 20.481205, 17.088385>
	pigment { color rgbt <0,1,1,0> }
	no_shadow
}
cylinder {
	<5.459301, 20.067554, 17.701323>,  <4.806171, 20.189917, 17.684616>, 0.130000
	pigment { color rgbt <1,0,0,0> }
	no_shadow
}

// nucleotide -1

// particle -1
sphere {
	<5.459301, 20.067554, 17.701323> 0.250000
	pigment { color rgbt <1,0,0,0> }
	no_shadow
}
cylinder {
	<5.412288, 20.392111, 17.472298>,  <5.384081, 20.586845, 17.334883>, 0.100000
	pigment { color rgbt <1,0,0,0> }
	no_shadow
}
cylinder {
	<5.412288, 20.392111, 17.472298>,  <5.459301, 20.067554, 17.701323>, 0.100000
	pigment { color rgbt <1,0,0,0> }
	no_shadow
}

// particle -1
sphere {
	<5.412288, 20.392111, 17.472298> 0.100000
	pigment { color rgbt <1,0,0,0> }
	no_shadow
}
sphere {
	0, 1
	scale<0.080000,0.200000,0.300000>
	matrix <0.550540, 0.533085, 0.642438,
		0.826494, -0.239712, -0.509359,
		-0.117531, 0.811393, -0.572562,
		5.377029, 20.635529, 17.300529>
	pigment { color rgbt <0,1,1,0> }
	no_shadow
}
cylinder {
	<6.145770, 20.362972, 17.639717>,  <5.459301, 20.067554, 17.701323>, 0.130000
	pigment { color rgbt <1,0,0,0> }
	no_shadow
}

// nucleotide -1

// particle -1
sphere {
	<6.145770, 20.362972, 17.639717> 0.250000
	pigment { color rgbt <1,0,0,0> }
	no_shadow
}
cylinder {
	<5.921158, 20.671616, 17.520182>,  <5.786391, 20.856802, 17.448462>, 0.100000
	pigment { color rgbt <1,0,0,0> }
	no_shadow
}
cylinder {
	<5.921158, 20.671616, 17.520182>,  <6.145770, 20.362972, 17.639717>, 0.100000
	pigment { color rgbt <1,0,0,0> }
	no_shadow
}

// particle -1
sphere {
	<5.921158, 20.671616, 17.520182> 0.100000
	pigment { color rgbt <1,0,0,0> }
	no_shadow
}
sphere {
	0, 1
	scale<0.080000,0.200000,0.300000>
	matrix <0.403056, 0.570471, 0.715618,
		0.722655, 0.281393, -0.631338,
		-0.561529, 0.771610, -0.298837,
		5.752699, 20.903099, 17.430531>
	pigment { color rgbt <0,1,1,0> }
	no_shadow
}
cylinder {
	<6.570271, 20.936066, 17.626705>,  <6.145770, 20.362972, 17.639717>, 0.130000
	pigment { color rgbt <1,0,0,0> }
	no_shadow
}

// nucleotide -1

// particle -1
sphere {
	<6.570271, 20.936066, 17.626705> 0.250000
	pigment { color rgbt <1,0,0,0> }
	no_shadow
}
cylinder {
	<6.205722, 21.099861, 17.643276>,  <5.986993, 21.198139, 17.653219>, 0.100000
	pigment { color rgbt <1,0,0,0> }
	no_shadow
}
cylinder {
	<6.205722, 21.099861, 17.643276>,  <6.570271, 20.936066, 17.626705>, 0.100000
	pigment { color rgbt <1,0,0,0> }
	no_shadow
}

// particle -1
sphere {
	<6.205722, 21.099861, 17.643276> 0.100000
	pigment { color rgbt <1,0,0,0> }
	no_shadow
}
sphere {
	0, 1
	scale<0.080000,0.200000,0.300000>
	matrix <0.358951, 0.741544, 0.566804,
		0.201379, 0.531442, -0.822810,
		-0.911373, 0.409490, 0.041430,
		5.932311, 21.222708, 17.655704>
	pigment { color rgbt <0,1,1,0> }
	no_shadow
}
cylinder {
	<6.689344, 21.613113, 17.479095>,  <6.570271, 20.936066, 17.626705>, 0.130000
	pigment { color rgbt <1,0,0,0> }
	no_shadow
}

// nucleotide -1

// particle -1
sphere {
	<6.689344, 21.613113, 17.479095> 0.250000
	pigment { color rgbt <1,0,0,0> }
	no_shadow
}
cylinder {
	<6.327623, 21.630339, 17.648983>,  <6.110591, 21.640673, 17.750916>, 0.100000
	pigment { color rgbt <1,0,0,0> }
	no_shadow
}
cylinder {
	<6.327623, 21.630339, 17.648983>,  <6.689344, 21.613113, 17.479095>, 0.100000
	pigment { color rgbt <1,0,0,0> }
	no_shadow
}

// particle -1
sphere {
	<6.327623, 21.630339, 17.648983> 0.100000
	pigment { color rgbt <1,0,0,0> }
	no_shadow
}
sphere {
	0, 1
	scale<0.080000,0.200000,0.300000>
	matrix <0.273451, 0.822425, 0.498841,
		-0.327818, 0.567242, -0.755494,
		-0.904301, 0.043062, 0.424718,
		6.056333, 21.643257, 17.776398>
	pigment { color rgbt <0,1,1,0> }
	no_shadow
}
cylinder {
	<6.433300, 22.275215, 17.369467>,  <6.689344, 21.613113, 17.479095>, 0.130000
	pigment { color rgbt <1,0,0,0> }
	no_shadow
}

// nucleotide -1

// particle -1
sphere {
	<6.433300, 22.275215, 17.369467> 0.250000
	pigment { color rgbt <1,0,0,0> }
	no_shadow
}
cylinder {
	<6.223333, 22.151226, 17.686548>,  <6.097353, 22.076832, 17.876797>, 0.100000
	pigment { color rgbt <1,0,0,0> }
	no_shadow
}
cylinder {
	<6.223333, 22.151226, 17.686548>,  <6.433300, 22.275215, 17.369467>, 0.100000
	pigment { color rgbt <1,0,0,0> }
	no_shadow
}

// particle -1
sphere {
	<6.223333, 22.151226, 17.686548> 0.100000
	pigment { color rgbt <1,0,0,0> }
	no_shadow
}
sphere {
	0, 1
	scale<0.080000,0.200000,0.300000>
	matrix <0.187888, 0.866155, 0.463113,
		-0.830157, 0.392035, -0.396419,
		-0.524917, -0.309974, 0.792703,
		6.065858, 22.058233, 17.924358>
	pigment { color rgbt <0,1,1,0> }
	no_shadow
}
cylinder {
	<5.969770, 22.844452, 17.512861>,  <6.433300, 22.275215, 17.369467>, 0.130000
	pigment { color rgbt <1,0,0,0> }
	no_shadow
}

// nucleotide -1

// particle -1
sphere {
	<5.969770, 22.844452, 17.512861> 0.250000
	pigment { color rgbt <1,0,0,0> }
	no_shadow
}
cylinder {
	<5.988555, 22.636150, 17.853827>,  <5.999825, 22.511169, 18.058407>, 0.100000
	pigment { color rgbt <1,0,0,0> }
	no_shadow
}
cylinder {
	<5.988555, 22.636150, 17.853827>,  <5.969770, 22.844452, 17.512861>, 0.100000
	pigment { color rgbt <1,0,0,0> }
	no_shadow
}

// particle -1
sphere {
	<5.988555, 22.636150, 17.853827> 0.100000
	pigment { color rgbt <1,0,0,0> }
	no_shadow
}
sphere {
	0, 1
	scale<0.080000,0.200000,0.300000>
	matrix <0.017480, 0.853655, 0.520546,
		-0.998744, -0.009545, 0.049191,
		0.046961, -0.520752, 0.852415,
		6.002643, 22.479925, 18.109550>
	pigment { color rgbt <0,1,1,0> }
	no_shadow
}
cylinder {
	<5.595571, 23.232353, 18.063148>,  <5.969770, 22.844452, 17.512861>, 0.130000
	pigment { color rgbt <1,0,0,0> }
	no_shadow
}

// nucleotide -1

// particle -1
sphere {
	<5.595571, 23.232353, 18.063148> 0.250000
	pigment { color rgbt <1,0,0,0> }
	no_shadow
}
cylinder {
	<5.827851, 22.965931, 18.250404>,  <5.967219, 22.806078, 18.362759>, 0.100000
	pigment { color rgbt <1,0,0,0> }
	no_shadow
}
cylinder {
	<5.827851, 22.965931, 18.250404>,  <5.595571, 23.232353, 18.063148>, 0.100000
	pigment { color rgbt <1,0,0,0> }
	no_shadow
}

// particle -1
sphere {
	<5.827851, 22.965931, 18.250404> 0.100000
	pigment { color rgbt <1,0,0,0> }
	no_shadow
}
sphere {
	0, 1
	scale<0.080000,0.200000,0.300000>
	matrix <0.299461, 0.709468, 0.637948,
		-0.757040, -0.230267, 0.611447,
		0.580700, -0.666057, 0.468140,
		6.002061, 22.766113, 18.390846>
	pigment { color rgbt <0,1,1,0> }
	no_shadow
}
cylinder {
	<5.434301, 23.301426, 18.820118>,  <5.595571, 23.232353, 18.063148>, 0.130000
	pigment { color rgbt <1,0,0,0> }
	no_shadow
}

// nucleotide -1

// particle -1
sphere {
	<5.434301, 23.301426, 18.820118> 0.250000
	pigment { color rgbt <1,0,0,0> }
	no_shadow
}
cylinder {
	<5.804648, 23.172209, 18.741718>,  <6.026856, 23.094679, 18.694679>, 0.100000
	pigment { color rgbt <1,0,0,0> }
	no_shadow
}
cylinder {
	<5.804648, 23.172209, 18.741718>,  <5.434301, 23.301426, 18.820118>, 0.100000
	pigment { color rgbt <1,0,0,0> }
	no_shadow
}

// particle -1
sphere {
	<5.804648, 23.172209, 18.741718> 0.100000
	pigment { color rgbt <1,0,0,0> }
	no_shadow
}
sphere {
	0, 1
	scale<0.080000,0.200000,0.300000>
	matrix <0.376436, 0.743725, 0.552421,
		-0.032688, -0.585248, 0.810196,
		0.925866, -0.323044, -0.195997,
		6.082408, 23.075296, 18.682919>
	pigment { color rgbt <0,1,1,0> }
	no_shadow
}
cylinder {
	<5.939517, 23.270664, 19.506666>,  <5.434301, 23.301426, 18.820118>, 0.130000
	pigment { color rgbt <1,0,0,0> }
	no_shadow
}

// nucleotide -1

// particle -1
sphere {
	<5.939517, 23.270664, 19.506666> 0.250000
	pigment { color rgbt <1,0,0,0> }
	no_shadow
}
cylinder {
	<6.122618, 23.317129, 19.154083>,  <6.232479, 23.345007, 18.942533>, 0.100000
	pigment { color rgbt <1,0,0,0> }
	no_shadow
}
cylinder {
	<6.122618, 23.317129, 19.154083>,  <5.939517, 23.270664, 19.506666>, 0.100000
	pigment { color rgbt <1,0,0,0> }
	no_shadow
}

// particle -1
sphere {
	<6.122618, 23.317129, 19.154083> 0.100000
	pigment { color rgbt <1,0,0,0> }
	no_shadow
}
sphere {
	0, 1
	scale<0.080000,0.200000,0.300000>
	matrix <0.415150, 0.848780, 0.327449,
		0.786200, -0.515829, 0.340308,
		0.457754, 0.116161, -0.881458,
		6.259944, 23.351978, 18.889647>
	pigment { color rgbt <0,1,1,0> }
	no_shadow
}
cylinder {
	<6.170033, 24.023075, 19.653505>,  <5.939517, 23.270664, 19.506666>, 0.130000
	pigment { color rgbt <1,0,0,0> }
	no_shadow
}

// nucleotide -1

// particle -1
sphere {
	<6.170033, 24.023075, 19.653505> 0.250000
	pigment { color rgbt <1,0,0,0> }
	no_shadow
}
cylinder {
	<6.334116, 23.865938, 19.324287>,  <6.432565, 23.771656, 19.126757>, 0.100000
	pigment { color rgbt <1,0,0,0> }
	no_shadow
}
cylinder {
	<6.334116, 23.865938, 19.324287>,  <6.170033, 24.023075, 19.653505>, 0.100000
	pigment { color rgbt <1,0,0,0> }
	no_shadow
}

// particle -1
sphere {
	<6.334116, 23.865938, 19.324287> 0.100000
	pigment { color rgbt <1,0,0,0> }
	no_shadow
}
sphere {
	0, 1
	scale<0.080000,0.200000,0.300000>
	matrix <0.568253, 0.815966, -0.106244,
		0.713315, -0.424116, 0.557949,
		0.410207, -0.392842, -0.823046,
		6.457178, 23.748085, 19.077374>
	pigment { color rgbt <0,1,1,0> }
	no_shadow
}
cylinder {
	<6.948580, 24.075895, 19.781380>,  <6.170033, 24.023075, 19.653505>, 0.130000
	pigment { color rgbt <1,0,0,0> }
	no_shadow
}

// nucleotide -1

// particle -1
sphere {
	<6.948580, 24.075895, 19.781380> 0.250000
	pigment { color rgbt <1,0,0,0> }
	no_shadow
}
cylinder {
	<6.870821, 24.067019, 19.389111>,  <6.824166, 24.061693, 19.153749>, 0.100000
	pigment { color rgbt <1,0,0,0> }
	no_shadow
}
cylinder {
	<6.870821, 24.067019, 19.389111>,  <6.948580, 24.075895, 19.781380>, 0.100000
	pigment { color rgbt <1,0,0,0> }
	no_shadow
}

// particle -1
sphere {
	<6.870821, 24.067019, 19.389111> 0.100000
	pigment { color rgbt <1,0,0,0> }
	no_shadow
}
sphere {
	0, 1
	scale<0.080000,0.200000,0.300000>
	matrix <0.619387, 0.772455, -0.140260,
		0.760638, -0.634681, -0.136417,
		-0.194397, -0.022192, -0.980672,
		6.812503, 24.060360, 19.094910>
	pigment { color rgbt <0,1,1,0> }
	no_shadow
}
cylinder {
	<7.717844, 23.853054, 19.873230>,  <6.948580, 24.075895, 19.781380>, 0.130000
	pigment { color rgbt <1,0,0,0> }
	no_shadow
}

// nucleotide -1

// particle -1
sphere {
	<7.717844, 23.853054, 19.873230> 0.250000
	pigment { color rgbt <1,0,0,0> }
	no_shadow
}
cylinder {
	<8.072451, 23.962259, 20.022657>,  <8.285214, 24.027782, 20.112314>, 0.100000
	pigment { color rgbt <1,0,0,0> }
	no_shadow
}
cylinder {
	<8.072451, 23.962259, 20.022657>,  <7.717844, 23.853054, 19.873230>, 0.100000
	pigment { color rgbt <1,0,0,0> }
	no_shadow
}

// particle -1
sphere {
	<8.072451, 23.962259, 20.022657> 0.100000
	pigment { color rgbt <1,0,0,0> }
	no_shadow
}
sphere {
	0, 1
	scale<0.080000,0.200000,0.300000>
	matrix <0.445862, -0.288243, -0.847421,
		-0.123679, 0.917812, -0.377259,
		0.886516, 0.273014, 0.373568,
		8.338406, 24.044163, 20.134727>
	pigment { color rgbt <0,1,1,0> }
	no_shadow
}
cylinder {
	<8.050650, 24.333920, 19.447920>,  <7.717844, 23.853054, 19.873230>, 0.130000
	pigment { color rgbt <1,0,0,0> }
	no_shadow
}

// nucleotide -1

// particle -1
sphere {
	<8.050650, 24.333920, 19.447920> 0.250000
	pigment { color rgbt <1,0,0,0> }
	no_shadow
}
cylinder {
	<8.341818, 24.150299, 19.651646>,  <8.516519, 24.040127, 19.773882>, 0.100000
	pigment { color rgbt <1,0,0,0> }
	no_shadow
}
cylinder {
	<8.341818, 24.150299, 19.651646>,  <8.050650, 24.333920, 19.447920>, 0.100000
	pigment { color rgbt <1,0,0,0> }
	no_shadow
}

// particle -1
sphere {
	<8.341818, 24.150299, 19.651646> 0.100000
	pigment { color rgbt <1,0,0,0> }
	no_shadow
}
sphere {
	0, 1
	scale<0.080000,0.200000,0.300000>
	matrix <0.357613, -0.379598, -0.853240,
		0.585017, 0.803229, -0.112154,
		0.727920, -0.459052, 0.509316,
		8.560194, 24.012583, 19.804441>
	pigment { color rgbt <0,1,1,0> }
	no_shadow
}
cylinder {
	<8.749763, 24.490637, 19.239870>,  <8.050650, 24.333920, 19.447920>, 0.130000
	pigment { color rgbt <1,0,0,0> }
	no_shadow
}

// nucleotide -1

// particle -1
sphere {
	<8.749763, 24.490637, 19.239870> 0.250000
	pigment { color rgbt <1,0,0,0> }
	no_shadow
}
cylinder {
	<8.712153, 24.117725, 19.379593>,  <8.689589, 23.893978, 19.463427>, 0.100000
	pigment { color rgbt <1,0,0,0> }
	no_shadow
}
cylinder {
	<8.712153, 24.117725, 19.379593>,  <8.749763, 24.490637, 19.239870>, 0.100000
	pigment { color rgbt <1,0,0,0> }
	no_shadow
}

// particle -1
sphere {
	<8.712153, 24.117725, 19.379593> 0.100000
	pigment { color rgbt <1,0,0,0> }
	no_shadow
}
sphere {
	0, 1
	scale<0.080000,0.200000,0.300000>
	matrix <0.379226, -0.357947, -0.853265,
		0.920515, 0.052241, 0.387200,
		-0.094021, -0.932279, 0.349307,
		8.683947, 23.838041, 19.484385>
	pigment { color rgbt <0,1,1,0> }
	no_shadow
}
cylinder {
	<9.437869, 23.999308, 19.241770>,  <8.749763, 24.490637, 19.239870>, 0.130000
	pigment { color rgbt <1,0,0,0> }
	no_shadow
}

// nucleotide -1

// particle -1
sphere {
	<9.437869, 23.999308, 19.241770> 0.250000
	pigment { color rgbt <1,0,0,0> }
	no_shadow
}
cylinder {
	<9.087228, 23.818813, 19.174894>,  <8.876843, 23.710516, 19.134769>, 0.100000
	pigment { color rgbt <1,0,0,0> }
	no_shadow
}
cylinder {
	<9.087228, 23.818813, 19.174894>,  <9.437869, 23.999308, 19.241770>, 0.100000
	pigment { color rgbt <1,0,0,0> }
	no_shadow
}

// particle -1
sphere {
	<9.087228, 23.818813, 19.174894> 0.100000
	pigment { color rgbt <1,0,0,0> }
	no_shadow
}
sphere {
	0, 1
	scale<0.080000,0.200000,0.300000>
	matrix <0.329476, -0.309579, -0.891968,
		0.350732, -0.836986, 0.420049,
		-0.876603, -0.451238, -0.167188,
		8.824247, 23.683441, 19.124739>
	pigment { color rgbt <0,1,1,0> }
	no_shadow
}
cylinder {
	<9.836319, 23.839027, 18.707233>,  <9.437869, 23.999308, 19.241770>, 0.130000
	pigment { color rgbt <1,0,0,0> }
	no_shadow
}

// nucleotide -1

// particle -1
sphere {
	<9.836319, 23.839027, 18.707233> 0.250000
	pigment { color rgbt <1,0,0,0> }
	no_shadow
}
cylinder {
	<9.508828, 23.690849, 18.882713>,  <9.312333, 23.601942, 18.988001>, 0.100000
	pigment { color rgbt <1,0,0,0> }
	no_shadow
}
cylinder {
	<9.508828, 23.690849, 18.882713>,  <9.836319, 23.839027, 18.707233>, 0.100000
	pigment { color rgbt <1,0,0,0> }
	no_shadow
}

// particle -1
sphere {
	<9.508828, 23.690849, 18.882713> 0.100000
	pigment { color rgbt <1,0,0,0> }
	no_shadow
}
sphere {
	0, 1
	scale<0.080000,0.200000,0.300000>
	matrix <-0.318774, -0.342220, -0.883894,
		0.477565, -0.863514, 0.162097,
		-0.818728, -0.370444, 0.438698,
		9.263210, 23.579716, 19.014322>
	pigment { color rgbt <0,1,1,0> }
	no_shadow
}
cylinder {
	<9.600599, 23.217073, 18.315725>,  <9.836319, 23.839027, 18.707233>, 0.130000
	pigment { color rgbt <1,0,0,0> }
	no_shadow
}

// nucleotide -1

// particle -1
sphere {
	<9.600599, 23.217073, 18.315725> 0.250000
	pigment { color rgbt <1,0,0,0> }
	no_shadow
}
cylinder {
	<9.282721, 23.326252, 18.532597>,  <9.091993, 23.391758, 18.662720>, 0.100000
	pigment { color rgbt <1,0,0,0> }
	no_shadow
}
cylinder {
	<9.282721, 23.326252, 18.532597>,  <9.600599, 23.217073, 18.315725>, 0.100000
	pigment { color rgbt <1,0,0,0> }
	no_shadow
}

// particle -1
sphere {
	<9.282721, 23.326252, 18.532597> 0.100000
	pigment { color rgbt <1,0,0,0> }
	no_shadow
}
sphere {
	0, 1
	scale<0.080000,0.200000,0.300000>
	matrix <-0.553711, -0.691951, -0.463258,
		0.248717, -0.668360, 0.701024,
		-0.794698, 0.272944, 0.542178,
		9.044312, 23.408134, 18.695250>
	pigment { color rgbt <0,1,1,0> }
	no_shadow
}
cylinder {
	<9.356269, 22.651512, 18.651674>,  <9.600599, 23.217073, 18.315725>, 0.130000
	pigment { color rgbt <1,0,0,0> }
	no_shadow
}

// nucleotide -1

// particle -1
sphere {
	<9.356269, 22.651512, 18.651674> 0.250000
	pigment { color rgbt <1,0,0,0> }
	no_shadow
}
cylinder {
	<9.038138, 22.893364, 18.634352>,  <8.847260, 23.038475, 18.623959>, 0.100000
	pigment { color rgbt <1,0,0,0> }
	no_shadow
}
cylinder {
	<9.038138, 22.893364, 18.634352>,  <9.356269, 22.651512, 18.651674>, 0.100000
	pigment { color rgbt <1,0,0,0> }
	no_shadow
}

// particle -1
sphere {
	<9.038138, 22.893364, 18.634352> 0.100000
	pigment { color rgbt <1,0,0,0> }
	no_shadow
}
sphere {
	0, 1
	scale<0.080000,0.200000,0.300000>
	matrix <-0.543000, -0.742369, -0.392479,
		-0.269456, -0.288634, 0.918741,
		-0.795327, 0.604632, -0.043307,
		8.799541, 23.074753, 18.621359>
	pigment { color rgbt <0,1,1,0> }
	no_shadow
}
cylinder {
	<8.722064, 22.334700, 19.021372>,  <9.356269, 22.651512, 18.651674>, 0.130000
	pigment { color rgbt <1,0,0,0> }
	no_shadow
}

// nucleotide -1

// particle -1
sphere {
	<8.722064, 22.334700, 19.021372> 0.250000
	pigment { color rgbt <1,0,0,0> }
	no_shadow
}
cylinder {
	<8.631773, 22.585531, 18.723158>,  <8.577599, 22.736031, 18.544230>, 0.100000
	pigment { color rgbt <1,0,0,0> }
	no_shadow
}
cylinder {
	<8.631773, 22.585531, 18.723158>,  <8.722064, 22.334700, 19.021372>, 0.100000
	pigment { color rgbt <1,0,0,0> }
	no_shadow
}

// particle -1
sphere {
	<8.631773, 22.585531, 18.723158> 0.100000
	pigment { color rgbt <1,0,0,0> }
	no_shadow
}
sphere {
	0, 1
	scale<0.080000,0.200000,0.300000>
	matrix <-0.437013, -0.749143, -0.497800,
		-0.870670, 0.213442, 0.443143,
		-0.225726, 0.627079, -0.745533,
		8.564055, 22.773655, 18.499498>
	pigment { color rgbt <0,1,1,0> }
	no_shadow
}
cylinder {
	<8.112525, 22.097523, 18.858704>,  <8.722064, 22.334700, 19.021372>, 0.130000
	pigment { color rgbt <1,0,0,0> }
	no_shadow
}

// nucleotide -1

// particle -1
sphere {
	<8.112525, 22.097523, 18.858704> 0.250000
	pigment { color rgbt <1,0,0,0> }
	no_shadow
}
cylinder {
	<8.197337, 22.337223, 18.549915>,  <8.248224, 22.481043, 18.364643>, 0.100000
	pigment { color rgbt <1,0,0,0> }
	no_shadow
}
cylinder {
	<8.197337, 22.337223, 18.549915>,  <8.112525, 22.097523, 18.858704>, 0.100000
	pigment { color rgbt <1,0,0,0> }
	no_shadow
}

// particle -1
sphere {
	<8.197337, 22.337223, 18.549915> 0.100000
	pigment { color rgbt <1,0,0,0> }
	no_shadow
}
sphere {
	0, 1
	scale<0.080000,0.200000,0.300000>
	matrix <-0.278821, -0.720004, -0.635494,
		-0.936644, 0.349985, 0.014422,
		0.212030, 0.599253, -0.771971,
		8.260946, 22.516998, 18.318323>
	pigment { color rgbt <0,1,1,0> }
	no_shadow
}
cylinder {
	<7.616594, 21.810696, 18.428003>,  <8.112525, 22.097523, 18.858704>, 0.130000
	pigment { color rgbt <1,0,0,0> }
	no_shadow
}

// nucleotide -1

// particle -1
sphere {
	<7.616594, 21.810696, 18.428003> 0.250000
	pigment { color rgbt <1,0,0,0> }
	no_shadow
}
cylinder {
	<7.863072, 22.034136, 18.205915>,  <8.010960, 22.168200, 18.072662>, 0.100000
	pigment { color rgbt <1,0,0,0> }
	no_shadow
}
cylinder {
	<7.863072, 22.034136, 18.205915>,  <7.616594, 21.810696, 18.428003>, 0.100000
	pigment { color rgbt <1,0,0,0> }
	no_shadow
}

// particle -1
sphere {
	<7.863072, 22.034136, 18.205915> 0.100000
	pigment { color rgbt <1,0,0,0> }
	no_shadow
}
sphere {
	0, 1
	scale<0.080000,0.200000,0.300000>
	matrix <-0.191337, -0.577663, -0.793533,
		-0.763997, 0.595206, -0.249073,
		0.616197, 0.558600, -0.555218,
		8.047932, 22.201715, 18.039351>
	pigment { color rgbt <0,1,1,0> }
	no_shadow
}
cylinder {
	<7.174749, 22.016340, 17.900087>,  <7.616594, 21.810696, 18.428003>, 0.130000
	pigment { color rgbt <1,0,0,0> }
	no_shadow
}

// nucleotide -1

// particle -1
sphere {
	<7.174749, 22.016340, 17.900087> 0.250000
	pigment { color rgbt <1,0,0,0> }
	no_shadow
}
cylinder {
	<7.558766, 22.037619, 17.790188>,  <7.789177, 22.050386, 17.724249>, 0.100000
	pigment { color rgbt <1,0,0,0> }
	no_shadow
}
cylinder {
	<7.558766, 22.037619, 17.790188>,  <7.174749, 22.016340, 17.900087>, 0.100000
	pigment { color rgbt <1,0,0,0> }
	no_shadow
}

// particle -1
sphere {
	<7.558766, 22.037619, 17.790188> 0.100000
	pigment { color rgbt <1,0,0,0> }
	no_shadow
}
sphere {
	0, 1
	scale<0.080000,0.200000,0.300000>
	matrix <-0.198433, -0.562881, -0.802365,
		-0.197332, 0.824825, -0.529835,
		0.960044, 0.053195, -0.274747,
		7.846780, 22.053577, 17.707764>
	pigment { color rgbt <0,1,1,0> }
	no_shadow
}
cylinder {
	<7.191328, 22.297447, 17.307993>,  <7.174749, 22.016340, 17.900087>, 0.130000
	pigment { color rgbt <1,0,0,0> }
	no_shadow
}

// nucleotide -1

// particle -1
sphere {
	<7.191328, 22.297447, 17.307993> 0.250000
	pigment { color rgbt <1,0,0,0> }
	no_shadow
}
cylinder {
	<7.519448, 22.069971, 17.332325>,  <7.716320, 21.933485, 17.346924>, 0.100000
	pigment { color rgbt <1,0,0,0> }
	no_shadow
}
cylinder {
	<7.519448, 22.069971, 17.332325>,  <7.191328, 22.297447, 17.307993>, 0.100000
	pigment { color rgbt <1,0,0,0> }
	no_shadow
}

// particle -1
sphere {
	<7.519448, 22.069971, 17.332325> 0.100000
	pigment { color rgbt <1,0,0,0> }
	no_shadow
}
sphere {
	0, 1
	scale<0.080000,0.200000,0.300000>
	matrix <-0.247684, -0.449097, -0.858466,
		0.515521, 0.689132, -0.509249,
		0.820299, -0.568690, 0.060832,
		7.765538, 21.899364, 17.350574>
	pigment { color rgbt <0,1,1,0> }
	no_shadow
}
cylinder {
	<7.206296, 22.112906, 16.625231>,  <7.191328, 22.297447, 17.307993>, 0.130000
	pigment { color rgbt <1,0,0,0> }
	no_shadow
}

// nucleotide -1

// particle -1
sphere {
	<7.206296, 22.112906, 16.625231> 0.250000
	pigment { color rgbt <1,0,0,0> }
	no_shadow
}
cylinder {
	<7.461063, 21.861561, 16.803892>,  <7.613924, 21.710754, 16.911089>, 0.100000
	pigment { color rgbt <1,0,0,0> }
	no_shadow
}
cylinder {
	<7.461063, 21.861561, 16.803892>,  <7.206296, 22.112906, 16.625231>, 0.100000
	pigment { color rgbt <1,0,0,0> }
	no_shadow
}

// particle -1
sphere {
	<7.461063, 21.861561, 16.803892> 0.100000
	pigment { color rgbt <1,0,0,0> }
	no_shadow
}
sphere {
	0, 1
	scale<0.080000,0.200000,0.300000>
	matrix <-0.158786, -0.673867, -0.721589,
		0.754403, 0.388670, -0.528972,
		0.636917, -0.628362, 0.446651,
		7.652139, 21.673052, 16.937887>
	pigment { color rgbt <0,1,1,0> }
	no_shadow
}
cylinder {
	<7.579724, 21.826050, 16.121269>,  <7.206296, 22.112906, 16.625231>, 0.130000
	pigment { color rgbt <1,0,0,0> }
	no_shadow
}

// nucleotide -1

// particle -1
sphere {
	<7.579724, 21.826050, 16.121269> 0.250000
	pigment { color rgbt <1,0,0,0> }
	no_shadow
}
cylinder {
	<7.664908, 21.555761, 16.403561>,  <7.716018, 21.393589, 16.572935>, 0.100000
	pigment { color rgbt <1,0,0,0> }
	no_shadow
}
cylinder {
	<7.664908, 21.555761, 16.403561>,  <7.579724, 21.826050, 16.121269>, 0.100000
	pigment { color rgbt <1,0,0,0> }
	no_shadow
}

// particle -1
sphere {
	<7.664908, 21.555761, 16.403561> 0.100000
	pigment { color rgbt <1,0,0,0> }
	no_shadow
}
sphere {
	0, 1
	scale<0.080000,0.200000,0.300000>
	matrix <-0.232450, -0.736596, -0.635132,
		0.949007, -0.028788, -0.313936,
		0.212960, -0.675719, 0.705727,
		7.728796, 21.353046, 16.615278>
	pigment { color rgbt <0,1,1,0> }
	no_shadow
}
cylinder {
	<7.886066, 21.253841, 15.711745>,  <7.579724, 21.826050, 16.121269>, 0.130000
	pigment { color rgbt <1,0,0,0> }
	no_shadow
}

// nucleotide -1

// particle -1
sphere {
	<7.886066, 21.253841, 15.711745> 0.250000
	pigment { color rgbt <1,0,0,0> }
	no_shadow
}
cylinder {
	<7.808992, 21.087055, 16.067051>,  <7.762748, 20.986984, 16.280235>, 0.100000
	pigment { color rgbt <1,0,0,0> }
	no_shadow
}
cylinder {
	<7.808992, 21.087055, 16.067051>,  <7.886066, 21.253841, 15.711745>, 0.100000
	pigment { color rgbt <1,0,0,0> }
	no_shadow
}

// particle -1
sphere {
	<7.808992, 21.087055, 16.067051> 0.100000
	pigment { color rgbt <1,0,0,0> }
	no_shadow
}
sphere {
	0, 1
	scale<0.080000,0.200000,0.300000>
	matrix <-0.254321, -0.853075, -0.455614,
		0.947731, -0.313694, 0.058331,
		-0.192685, -0.416965, 0.888264,
		7.751187, 20.961966, 16.333530>
	pigment { color rgbt <0,1,1,0> }
	no_shadow
}
cylinder {
	<8.258982, 20.617920, 15.655629>,  <7.886066, 21.253841, 15.711745>, 0.130000
	pigment { color rgbt <1,0,0,0> }
	no_shadow
}

// nucleotide -1

// particle -1
sphere {
	<8.258982, 20.617920, 15.655629> 0.250000
