// switches for output
#declare DRAW_BASES = 1; // possible values are 0, 1; only relevant for DNA ribbons
#declare DRAW_BASES_TYPE = 3; // possible values are 1, 2, 3; only relevant for DNA ribbons
#declare DRAW_FOG = 0; // set to 1 to enable fog

#include "colors.inc"

#include "transforms.inc"
background { rgb <1, 1, 1>}

#default {
   normal{
       ripples 0.25
       frequency 0.20
       turbulence 0.2
       lambda 5
   }
	finish {
		phong 0.1
		phong_size 40.
	}
}

// original window dimensions: 1024x640


// camera settings

camera {
	sky <0, 0.179814, -0.983701>
	up <0, 0.179814, -0.983701>
	right 1.6 * <1, 0, 0>
	location <25.469, 94.9851, 44.8844>
	look_at <25.469, 29.3977, 32.8955>
	direction <0, -65.5874, -11.9889>
	angle 67.0682
}


# declare cpy_camera_pos = <25.469, 94.9851, 44.8844>;
# if (DRAW_FOG = 1)
fog {
	fog_type 2
	up vnormalize(cpy_camera_pos)
	color rgbt<1,1,1,0.3>
	distance 1e-5
	fog_alt 3e-3
	fog_offset 28
}
# end


// LIGHTS

# declare lum = 6;
global_settings {
	ambient_light rgb lum * <0.05, 0.05, 0.05>
	max_trace_level 15
}# declare cpy_direct_light_amount = 0.25;
light_source
{	1000 * <-1, -1.16351, -0.803887>,
	rgb lum * cpy_direct_light_amount
	parallel
}

light_source
{	1000 * <1, 1.16351, 0.803887>,
	rgb lum * cpy_direct_light_amount
	parallel
}

// strand 0

// nucleotide -1

// particle -1
sphere {
	<4.496714, 14.624776, 15.114354> 0.250000
	pigment { color rgbt <1,0,0,0> }
	no_shadow
}
cylinder {
	<4.178975, 14.848724, 15.020072>,  <3.988332, 14.983093, 14.963503>, 0.100000
	pigment { color rgbt <1,0,0,0> }
	no_shadow
}
cylinder {
	<4.178975, 14.848724, 15.020072>,  <4.496714, 14.624776, 15.114354>, 0.100000
	pigment { color rgbt <1,0,0,0> }
	no_shadow
}

// particle -1
sphere {
	<4.178975, 14.848724, 15.020072> 0.100000
	pigment { color rgbt <1,0,0,0> }
	no_shadow
}
sphere {
	0, 1
	scale<0.080000,0.200000,0.300000>
	matrix <0.595923, 0.793477, -0.123570,
		0.117843, -0.238619, -0.963937,
		-0.794348, 0.559870, -0.235704,
		3.940671, 15.016685, 14.949361>
	pigment { color rgbt <0,1,1,0> }
	no_shadow
}
cylinder {
	<4.672009, 15.008602, 14.567689>,  <4.496714, 14.624776, 15.114354>, 0.130000
	pigment { color rgbt <1,0,0,0> }
	no_shadow
}

// nucleotide -1

// particle -1
sphere {
	<4.672009, 15.008602, 14.567689> 0.250000
	pigment { color rgbt <1,0,0,0> }
	no_shadow
}
cylinder {
	<4.365705, 15.207164, 14.731247>,  <4.181922, 15.326301, 14.829382>, 0.100000
	pigment { color rgbt <1,0,0,0> }
	no_shadow
}
cylinder {
	<4.365705, 15.207164, 14.731247>,  <4.672009, 15.008602, 14.567689>, 0.100000
	pigment { color rgbt <1,0,0,0> }
	no_shadow
}

// particle -1
sphere {
	<4.365705, 15.207164, 14.731247> 0.100000
	pigment { color rgbt <1,0,0,0> }
	no_shadow
}
sphere {
	0, 1
	scale<0.080000,0.200000,0.300000>
	matrix <0.494865, 0.860873, -0.118351,
		-0.410756, 0.111720, -0.904875,
		-0.765760, 0.496404, 0.408895,
		4.135977, 15.356085, 14.853915>
	pigment { color rgbt <0,1,1,0> }
	no_shadow
}
cylinder {
	<4.342985, 15.593345, 14.144061>,  <4.672009, 15.008602, 14.567689>, 0.130000
	pigment { color rgbt <1,0,0,0> }
	no_shadow
}

// nucleotide -1

// particle -1
sphere {
	<4.342985, 15.593345, 14.144061> 0.250000
	pigment { color rgbt <1,0,0,0> }
	no_shadow
}
cylinder {
	<4.374434, 15.601397, 14.542742>,  <4.393304, 15.606228, 14.781950>, 0.100000
	pigment { color rgbt <1,0,0,0> }
	no_shadow
}
cylinder {
	<4.374434, 15.601397, 14.542742>,  <4.342985, 15.593345, 14.144061>, 0.100000
	pigment { color rgbt <1,0,0,0> }
	no_shadow
}

// particle -1
sphere {
	<4.374434, 15.601397, 14.542742> 0.100000
	pigment { color rgbt <1,0,0,0> }
	no_shadow
}
sphere {
	0, 1
	scale<0.080000,0.200000,0.300000>
	matrix <0.579664, 0.812483, -0.062135,
		-0.811054, 0.582637, 0.052211,
		0.078623, 0.020130, 0.996701,
		4.398021, 15.607435, 14.841752>
	pigment { color rgbt <0,1,1,0> }
	no_shadow
}
cylinder {
	<4.046725, 16.140917, 14.427234>,  <4.342985, 15.593345, 14.144061>, 0.130000
	pigment { color rgbt <1,0,0,0> }
	no_shadow
}

// nucleotide -1

// particle -1
sphere {
	<4.046725, 16.140917, 14.427234> 0.250000
	pigment { color rgbt <1,0,0,0> }
	no_shadow
}
cylinder {
	<4.400462, 16.027641, 14.575688>,  <4.612704, 15.959676, 14.664761>, 0.100000
	pigment { color rgbt <1,0,0,0> }
	no_shadow
}
cylinder {
	<4.400462, 16.027641, 14.575688>,  <4.046725, 16.140917, 14.427234>, 0.100000
	pigment { color rgbt <1,0,0,0> }
	no_shadow
}

// particle -1
sphere {
	<4.400462, 16.027641, 14.575688> 0.100000
	pigment { color rgbt <1,0,0,0> }
	no_shadow
}
sphere {
	0, 1
	scale<0.080000,0.200000,0.300000>
	matrix <0.408736, 0.853787, -0.322463,
		-0.225552, 0.436864, 0.870790,
		0.884342, -0.283191, 0.371136,
		4.665764, 15.942684, 14.687029>
	pigment { color rgbt <0,1,1,0> }
	no_shadow
}
cylinder {
	<4.425576, 16.698725, 14.783360>,  <4.046725, 16.140917, 14.427234>, 0.130000
	pigment { color rgbt <1,0,0,0> }
	no_shadow
}

// nucleotide -1

// particle -1
sphere {
	<4.425576, 16.698725, 14.783360> 0.250000
	pigment { color rgbt <1,0,0,0> }
	no_shadow
}
cylinder {
	<4.693671, 16.429249, 14.658832>,  <4.854528, 16.267563, 14.584115>, 0.100000
	pigment { color rgbt <1,0,0,0> }
	no_shadow
}
cylinder {
	<4.693671, 16.429249, 14.658832>,  <4.425576, 16.698725, 14.783360>, 0.100000
	pigment { color rgbt <1,0,0,0> }
	no_shadow
}

// particle -1
sphere {
	<4.693671, 16.429249, 14.658832> 0.100000
	pigment { color rgbt <1,0,0,0> }
	no_shadow
}
sphere {
	0, 1
	scale<0.080000,0.200000,0.300000>
	matrix <0.504805, 0.721340, -0.474174,
		0.544014, 0.160654, 0.823553,
		0.670239, -0.673691, -0.311320,
		4.894743, 16.227142, 14.565435>
	pigment { color rgbt <0,1,1,0> }
	no_shadow
}
cylinder {
	<5.116498, 16.897770, 14.998075>,  <4.425576, 16.698725, 14.783360>, 0.130000
	pigment { color rgbt <1,0,0,0> }
	no_shadow
}

// nucleotide -1

// particle -1
sphere {
	<5.116498, 16.897770, 14.998075> 0.250000
	pigment { color rgbt <1,0,0,0> }
	no_shadow
}
cylinder {
	<5.124102, 16.681391, 14.661738>,  <5.128664, 16.551563, 14.459937>, 0.100000
	pigment { color rgbt <1,0,0,0> }
	no_shadow
}
cylinder {
	<5.124102, 16.681391, 14.661738>,  <5.116498, 16.897770, 14.998075>, 0.100000
	pigment { color rgbt <1,0,0,0> }
	no_shadow
}

// particle -1
sphere {
	<5.124102, 16.681391, 14.661738> 0.100000
	pigment { color rgbt <1,0,0,0> }
	no_shadow
}
sphere {
	0, 1
	scale<0.080000,0.200000,0.300000>
	matrix <0.511379, 0.727925, -0.456745,
		0.859145, -0.421305, 0.290469,
		0.019011, -0.540950, -0.840840,
		5.129805, 16.519106, 14.409487>
	pigment { color rgbt <0,1,1,0> }
	no_shadow
}
cylinder {
	<5.859044, 17.032160, 14.761622>,  <5.116498, 16.897770, 14.998075>, 0.130000
	pigment { color rgbt <1,0,0,0> }
	no_shadow
}

// nucleotide -1

// particle -1
sphere {
	<5.859044, 17.032160, 14.761622> 0.250000
	pigment { color rgbt <1,0,0,0> }
	no_shadow
}
cylinder {
	<5.653336, 16.873903, 14.457255>,  <5.529911, 16.778950, 14.274635>, 0.100000
	pigment { color rgbt <1,0,0,0> }
	no_shadow
}
cylinder {
	<5.653336, 16.873903, 14.457255>,  <5.859044, 17.032160, 14.761622>, 0.100000
	pigment { color rgbt <1,0,0,0> }
	no_shadow
}

// particle -1
sphere {
	<5.653336, 16.873903, 14.457255> 0.100000
	pigment { color rgbt <1,0,0,0> }
	no_shadow
}
sphere {
	0, 1
	scale<0.080000,0.200000,0.300000>
	matrix <0.429845, 0.648844, -0.627882,
		0.742132, -0.649977, -0.163617,
		-0.514271, -0.395641, -0.760917,
		5.499054, 16.755211, 14.228980>
	pigment { color rgbt <0,1,1,0> }
	no_shadow
}
cylinder {
	<6.389362, 16.763266, 14.229253>,  <5.859044, 17.032160, 14.761622>, 0.130000
	pigment { color rgbt <1,0,0,0> }
	no_shadow
}

// nucleotide -1

// particle -1
sphere {
	<6.389362, 16.763266, 14.229253> 0.250000
	pigment { color rgbt <1,0,0,0> }
	no_shadow
}
cylinder {
	<6.040933, 16.863892, 14.060516>,  <5.831876, 16.924267, 13.959274>, 0.100000
	pigment { color rgbt <1,0,0,0> }
	no_shadow
}
cylinder {
	<6.040933, 16.863892, 14.060516>,  <6.389362, 16.763266, 14.229253>, 0.100000
	pigment { color rgbt <1,0,0,0> }
	no_shadow
}

// particle -1
sphere {
	<6.040933, 16.863892, 14.060516> 0.100000
	pigment { color rgbt <1,0,0,0> }
	no_shadow
}
sphere {
	0, 1
	scale<0.080000,0.200000,0.300000>
	matrix <0.444883, 0.768055, -0.460620,
		0.208120, -0.588902, -0.780949,
		-0.871071, 0.251567, -0.421840,
		5.779612, 16.939362, 13.933964>
	pigment { color rgbt <0,1,1,0> }
	no_shadow
}
cylinder {
	<6.594278, 16.902750, 13.606101>,  <6.389362, 16.763266, 14.229253>, 0.130000
	pigment { color rgbt <1,0,0,0> }
	no_shadow
}

// nucleotide -1

// particle -1
sphere {
	<6.594278, 16.902750, 13.606101> 0.250000
	pigment { color rgbt <1,0,0,0> }
	no_shadow
}
cylinder {
	<6.225197, 17.053249, 13.572494>,  <6.003749, 17.143549, 13.552329>, 0.100000
	pigment { color rgbt <1,0,0,0> }
	no_shadow
}
cylinder {
	<6.225197, 17.053249, 13.572494>,  <6.594278, 16.902750, 13.606101>, 0.100000
	pigment { color rgbt <1,0,0,0> }
	no_shadow
}

// particle -1
sphere {
	<6.225197, 17.053249, 13.572494> 0.100000
	pigment { color rgbt <1,0,0,0> }
	no_shadow
}
sphere {
	0, 1
	scale<0.080000,0.200000,0.300000>
	matrix <0.319749, 0.625151, -0.712001,
		-0.215365, -0.683830, -0.697133,
		-0.922701, 0.376248, -0.084018,
		5.948387, 17.166124, 13.547288>
	pigment { color rgbt <0,1,1,0> }
	no_shadow
}
cylinder {
	<6.422983, 16.858276, 12.953463>,  <6.594278, 16.902750, 13.606101>, 0.130000
	pigment { color rgbt <1,0,0,0> }
	no_shadow
}

// nucleotide -1

// particle -1
sphere {
	<6.422983, 16.858276, 12.953463> 0.250000
	pigment { color rgbt <1,0,0,0> }
	no_shadow
}
cylinder {
	<6.187880, 17.154108, 13.084649>,  <6.046817, 17.331608, 13.163361>, 0.100000
	pigment { color rgbt <1,0,0,0> }
	no_shadow
}
cylinder {
	<6.187880, 17.154108, 13.084649>,  <6.422983, 16.858276, 12.953463>, 0.100000
	pigment { color rgbt <1,0,0,0> }
	no_shadow
}

// particle -1
sphere {
	<6.187880, 17.154108, 13.084649> 0.100000
	pigment { color rgbt <1,0,0,0> }
	no_shadow
}
sphere {
	0, 1
	scale<0.080000,0.200000,0.300000>
	matrix <0.297312, 0.574465, -0.762624,
		-0.752426, -0.350731, -0.557532,
		-0.587759, 0.739579, 0.327966,
		6.011552, 17.375982, 13.183039>
	pigment { color rgbt <0,1,1,0> }
	no_shadow
}
cylinder {
	<6.076326, 17.116369, 12.382462>,  <6.422983, 16.858276, 12.953463>, 0.130000
	pigment { color rgbt <1,0,0,0> }
	no_shadow
}

// nucleotide -1

// particle -1
sphere {
	<6.076326, 17.116369, 12.382462> 0.250000
	pigment { color rgbt <1,0,0,0> }
	no_shadow
}
cylinder {
	<6.044899, 17.410023, 12.652238>,  <6.026042, 17.586216, 12.814104>, 0.100000
	pigment { color rgbt <1,0,0,0> }
	no_shadow
}
cylinder {
	<6.044899, 17.410023, 12.652238>,  <6.076326, 17.116369, 12.382462>, 0.100000
	pigment { color rgbt <1,0,0,0> }
	no_shadow
}

// particle -1
sphere {
	<6.044899, 17.410023, 12.652238> 0.100000
	pigment { color rgbt <1,0,0,0> }
	no_shadow
}
sphere {
	0, 1
	scale<0.080000,0.200000,0.300000>
	matrix <0.244146, 0.670101, -0.700969,
		-0.966550, 0.109588, -0.231885,
		-0.078569, 0.734136, 0.674442,
		6.021328, 17.630264, 12.854570>
	pigment { color rgbt <0,1,1,0> }
	no_shadow
}
cylinder {
	<5.819009, 17.699886, 12.068197>,  <6.076326, 17.116369, 12.382462>, 0.130000
	pigment { color rgbt <1,0,0,0> }
	no_shadow
}

// nucleotide -1

// particle -1
sphere {
	<5.819009, 17.699886, 12.068197> 0.250000
	pigment { color rgbt <1,0,0,0> }
	no_shadow
}
cylinder {
	<5.988012, 17.880190, 12.382727>,  <6.089414, 17.988371, 12.571445>, 0.100000
	pigment { color rgbt <1,0,0,0> }
	no_shadow
}
cylinder {
	<5.988012, 17.880190, 12.382727>,  <5.819009, 17.699886, 12.068197>, 0.100000
	pigment { color rgbt <1,0,0,0> }
	no_shadow
}

// particle -1
sphere {
	<5.988012, 17.880190, 12.382727> 0.100000
	pigment { color rgbt <1,0,0,0> }
	no_shadow
}
sphere {
	0, 1
	scale<0.080000,0.200000,0.300000>
	matrix <0.386434, 0.695169, -0.606143,
		-0.819851, 0.559962, 0.119526,
		0.422507, 0.450758, 0.786324,
		6.114764, 18.015417, 12.618624>
	pigment { color rgbt <0,1,1,0> }
	no_shadow
}
cylinder {
	<5.707109, 18.390596, 11.898324>,  <5.819009, 17.699886, 12.068197>, 0.130000
	pigment { color rgbt <1,0,0,0> }
	no_shadow
}

// nucleotide -1

// particle -1
sphere {
	<5.707109, 18.390596, 11.898324> 0.250000
	pigment { color rgbt <1,0,0,0> }
	no_shadow
}
cylinder {
	<6.017518, 18.376673, 12.150223>,  <6.203763, 18.368319, 12.301362>, 0.100000
	pigment { color rgbt <1,0,0,0> }
	no_shadow
}
cylinder {
	<6.017518, 18.376673, 12.150223>,  <5.707109, 18.390596, 11.898324>, 0.100000
	pigment { color rgbt <1,0,0,0> }
	no_shadow
}

// particle -1
sphere {
	<6.017518, 18.376673, 12.150223> 0.100000
	pigment { color rgbt <1,0,0,0> }
	no_shadow
}
sphere {
	0, 1
	scale<0.080000,0.200000,0.300000>
	matrix <0.403920, 0.794279, -0.453839,
		-0.484398, 0.606555, 0.630436,
		0.776020, -0.034807, 0.629747,
		6.250324, 18.366230, 12.339147>
	pigment { color rgbt <0,1,1,0> }
	no_shadow
}
cylinder {
	<6.009108, 18.924339, 11.778158>,  <5.707109, 18.390596, 11.898324>, 0.130000
	pigment { color rgbt <1,0,0,0> }
	no_shadow
}

// nucleotide -1

// particle -1
sphere {
	<6.009108, 18.924339, 11.778158> 0.250000
	pigment { color rgbt <1,0,0,0> }
	no_shadow
}
cylinder {
	<6.293103, 18.784351, 12.022596>,  <6.463500, 18.700359, 12.169259>, 0.100000
	pigment { color rgbt <1,0,0,0> }
	no_shadow
}
cylinder {
	<6.293103, 18.784351, 12.022596>,  <6.009108, 18.924339, 11.778158>, 0.100000
	pigment { color rgbt <1,0,0,0> }
	no_shadow
}

// particle -1
sphere {
	<6.293103, 18.784351, 12.022596> 0.100000
	pigment { color rgbt <1,0,0,0> }
	no_shadow
}
sphere {
	0, 1
	scale<0.080000,0.200000,0.300000>
	matrix <0.681516, 0.560005, -0.471094,
		-0.177348, 0.750943, 0.636107,
		0.709988, -0.349970, 0.611095,
		6.506100, 18.679361, 12.205925>
	pigment { color rgbt <0,1,1,0> }
	no_shadow
}
cylinder {
	<6.452922, 19.466135, 11.814760>,  <6.009108, 18.924339, 11.778158>, 0.130000
	pigment { color rgbt <1,0,0,0> }
	no_shadow
}

// nucleotide -1

// particle -1
sphere {
	<6.452922, 19.466135, 11.814760> 0.250000
	pigment { color rgbt <1,0,0,0> }
	no_shadow
}
cylinder {
	<6.674598, 19.155403, 11.934365>,  <6.807604, 18.968964, 12.006128>, 0.100000
	pigment { color rgbt <1,0,0,0> }
	no_shadow
}
cylinder {
	<6.674598, 19.155403, 11.934365>,  <6.452922, 19.466135, 11.814760>, 0.100000
	pigment { color rgbt <1,0,0,0> }
	no_shadow
}

// particle -1
sphere {
	<6.674598, 19.155403, 11.934365> 0.100000
	pigment { color rgbt <1,0,0,0> }
	no_shadow
}
sphere {
	0, 1
	scale<0.080000,0.200000,0.300000>
	matrix <0.790000, 0.377688, -0.482961,
		0.262245, 0.503872, 0.823007,
		0.554190, -0.776830, 0.299012,
		6.840856, 18.922354, 12.024069>
	pigment { color rgbt <0,1,1,0> }
	no_shadow
}
cylinder {
	<7.126921, 19.723652, 12.055767>,  <6.452922, 19.466135, 11.814760>, 0.130000
	pigment { color rgbt <1,0,0,0> }
	no_shadow
}

// nucleotide -1

// particle -1
sphere {
	<7.126921, 19.723652, 12.055767> 0.250000
	pigment { color rgbt <1,0,0,0> }
	no_shadow
}
cylinder {
	<7.206795, 19.355347, 11.921711>,  <7.254720, 19.134363, 11.841277>, 0.100000
	pigment { color rgbt <1,0,0,0> }
	no_shadow
}
cylinder {
	<7.206795, 19.355347, 11.921711>,  <7.126921, 19.723652, 12.055767>, 0.100000
	pigment { color rgbt <1,0,0,0> }
	no_shadow
}

// particle -1
sphere {
	<7.206795, 19.355347, 11.921711> 0.100000
	pigment { color rgbt <1,0,0,0> }
	no_shadow
}
sphere {
	0, 1
	scale<0.080000,0.200000,0.300000>
	matrix <0.730232, 0.367901, -0.575682,
		0.653366, -0.129774, 0.745836,
		0.199685, -0.920765, -0.335139,
		7.266701, 19.079117, 11.821169>
	pigment { color rgbt <0,1,1,0> }
	no_shadow
}
cylinder {
	<7.931870, 19.706663, 12.125177>,  <7.126921, 19.723652, 12.055767>, 0.130000
	pigment { color rgbt <1,0,0,0> }
	no_shadow
}

// nucleotide -1

// particle -1
sphere {
	<7.931870, 19.706663, 12.125177> 0.250000
	pigment { color rgbt <1,0,0,0> }
	no_shadow
}
cylinder {
	<7.820332, 19.402409, 11.890682>,  <7.753408, 19.219856, 11.749985>, 0.100000
	pigment { color rgbt <1,0,0,0> }
	no_shadow
}
cylinder {
	<7.820332, 19.402409, 11.890682>,  <7.931870, 19.706663, 12.125177>, 0.100000
	pigment { color rgbt <1,0,0,0> }
	no_shadow
}

// particle -1
sphere {
	<7.820332, 19.402409, 11.890682> 0.100000
	pigment { color rgbt <1,0,0,0> }
	no_shadow
}
sphere {
	0, 1
	scale<0.080000,0.200000,0.300000>
	matrix <0.720643, 0.237759, -0.651264,
		0.634759, -0.604071, 0.481849,
		-0.278846, -0.760637, -0.586239,
		7.736678, 19.174217, 11.714810>
	pigment { color rgbt <0,1,1,0> }
	no_shadow
}
cylinder {
	<8.471336, 19.265467, 12.045627>,  <7.931870, 19.706663, 12.125177>, 0.130000
	pigment { color rgbt <1,0,0,0> }
	no_shadow
}

// nucleotide -1

// particle -1
sphere {
	<8.471336, 19.265467, 12.045627> 0.250000
	pigment { color rgbt <1,0,0,0> }
	no_shadow
}
cylinder {
	<8.235525, 19.216112, 11.726319>,  <8.094039, 19.186501, 11.534735>, 0.100000
	pigment { color rgbt <1,0,0,0> }
	no_shadow
}
cylinder {
	<8.235525, 19.216112, 11.726319>,  <8.471336, 19.265467, 12.045627>, 0.100000
	pigment { color rgbt <1,0,0,0> }
	no_shadow
}

// particle -1
sphere {
	<8.235525, 19.216112, 11.726319> 0.100000
	pigment { color rgbt <1,0,0,0> }
	no_shadow
}
sphere {
	0, 1
	scale<0.080000,0.200000,0.300000>
	matrix <0.789022, 0.123605, -0.601803,
		0.172923, -0.984631, 0.024484,
		-0.589528, -0.123384, -0.798269,
		8.058667, 19.179096, 11.486838>
	pigment { color rgbt <0,1,1,0> }
	no_shadow
}
cylinder {
	<8.952486, 18.996311, 11.574500>,  <8.471336, 19.265467, 12.045627>, 0.130000
	pigment { color rgbt <1,0,0,0> }
	no_shadow
}

// nucleotide -1

// particle -1
sphere {
	<8.952486, 18.996311, 11.574500> 0.250000
	pigment { color rgbt <1,0,0,0> }
	no_shadow
}
cylinder {
	<8.655180, 19.070784, 11.317472>,  <8.476796, 19.115467, 11.163256>, 0.100000
	pigment { color rgbt <1,0,0,0> }
	no_shadow
}
cylinder {
	<8.655180, 19.070784, 11.317472>,  <8.952486, 18.996311, 11.574500>, 0.100000
	pigment { color rgbt <1,0,0,0> }
	no_shadow
}

// particle -1
sphere {
	<8.655180, 19.070784, 11.317472> 0.100000
	pigment { color rgbt <1,0,0,0> }
	no_shadow
}
sphere {
	0, 1
	scale<0.080000,0.200000,0.300000>
	matrix <0.666583, 0.124568, -0.734949,
		-0.056788, -0.974587, -0.216691,
		-0.743264, 0.186179, -0.642569,
		8.432200, 19.126638, 11.124701>
	pigment { color rgbt <0,1,1,0> }
	no_shadow
}
cylinder {
	<8.917027, 18.496277, 11.108620>,  <8.952486, 18.996311, 11.574500>, 0.130000
	pigment { color rgbt <1,0,0,0> }
	no_shadow
}

// nucleotide -1

// particle -1
sphere {
	<8.917027, 18.496277, 11.108620> 0.250000
	pigment { color rgbt <1,0,0,0> }
	no_shadow
}
cylinder {
	<8.775222, 18.834345, 10.948616>,  <8.690139, 19.037186, 10.852613>, 0.100000
	pigment { color rgbt <1,0,0,0> }
	no_shadow
}
cylinder {
	<8.775222, 18.834345, 10.948616>,  <8.917027, 18.496277, 11.108620>, 0.100000
	pigment { color rgbt <1,0,0,0> }
	no_shadow
}

// particle -1
sphere {
	<8.775222, 18.834345, 10.948616> 0.100000
	pigment { color rgbt <1,0,0,0> }
	no_shadow
}
sphere {
	0, 1
	scale<0.080000,0.200000,0.300000>
	matrix <0.683629, -0.057591, -0.727554,
		-0.637944, -0.531385, -0.557366,
		-0.354513, 0.845170, -0.400010,
		8.668868, 19.087896, 10.828613>
	pigment { color rgbt <0,1,1,0> }
	no_shadow
}
cylinder {
	<9.030676, 18.477938, 10.439960>,  <8.917027, 18.496277, 11.108620>, 0.130000
	pigment { color rgbt <1,0,0,0> }
	no_shadow
}

// nucleotide -1

// particle -1
sphere {
	<9.030676, 18.477938, 10.439960> 0.250000
	pigment { color rgbt <1,0,0,0> }
	no_shadow
}
cylinder {
	<8.927125, 18.864283, 10.436093>,  <8.864994, 19.096090, 10.433773>, 0.100000
	pigment { color rgbt <1,0,0,0> }
	no_shadow
}
cylinder {
	<8.927125, 18.864283, 10.436093>,  <9.030676, 18.477938, 10.439960>, 0.100000
	pigment { color rgbt <1,0,0,0> }
	no_shadow
}

// particle -1
sphere {
	<8.927125, 18.864283, 10.436093> 0.100000
	pigment { color rgbt <1,0,0,0> }
	no_shadow
}
sphere {
	0, 1
	scale<0.080000,0.200000,0.300000>
	matrix <0.459579, 0.114364, -0.880743,
		-0.849570, -0.232447, -0.473496,
		-0.258878, 0.965862, -0.009667,
		8.849462, 19.154041, 10.433193>
	pigment { color rgbt <0,1,1,0> }
	no_shadow
}
cylinder {
	<8.739479, 18.634878, 9.869691>,  <9.030676, 18.477938, 10.439960>, 0.130000
	pigment { color rgbt <1,0,0,0> }
	no_shadow
}

// nucleotide -1

// particle -1
sphere {
	<8.739479, 18.634878, 9.869691> 0.250000
	pigment { color rgbt <1,0,0,0> }
	no_shadow
}
cylinder {
	<8.890260, 18.981297, 10.001064>,  <8.980728, 19.189148, 10.079888>, 0.100000
	pigment { color rgbt <1,0,0,0> }
	no_shadow
}
cylinder {
	<8.890260, 18.981297, 10.001064>,  <8.739479, 18.634878, 9.869691>, 0.100000
	pigment { color rgbt <1,0,0,0> }
	no_shadow
}

// particle -1
sphere {
	<8.890260, 18.981297, 10.001064> 0.100000
	pigment { color rgbt <1,0,0,0> }
	no_shadow
}
sphere {
	0, 1
	scale<0.080000,0.200000,0.300000>
	matrix <0.639826, 0.012920, -0.768411,
		-0.669725, 0.499794, -0.549250,
		0.376951, 0.866048, 0.328434,
		9.003345, 19.241112, 10.099594>
	pigment { color rgbt <0,1,1,0> }
	no_shadow
}
cylinder {
	<8.847550, 18.982018, 9.213269>,  <8.739479, 18.634878, 9.869691>, 0.130000
	pigment { color rgbt <1,0,0,0> }
	no_shadow
}

// nucleotide -1

// particle -1
sphere {
	<8.847550, 18.982018, 9.213269> 0.250000
	pigment { color rgbt <1,0,0,0> }
	no_shadow
}
cylinder {
	<9.059731, 19.204145, 9.469469>,  <9.187040, 19.337421, 9.623189>, 0.100000
	pigment { color rgbt <1,0,0,0> }
	no_shadow
}
cylinder {
	<9.059731, 19.204145, 9.469469>,  <8.847550, 18.982018, 9.213269>, 0.100000
	pigment { color rgbt <1,0,0,0> }
	no_shadow
}

// particle -1
sphere {
	<9.059731, 19.204145, 9.469469> 0.100000
	pigment { color rgbt <1,0,0,0> }
	no_shadow
}
sphere {
	0, 1
	scale<0.080000,0.200000,0.300000>
	matrix <0.750795, 0.043060, -0.659131,
		-0.393608, 0.830521, -0.394090,
		0.530452, 0.555320, 0.640500,
		9.218867, 19.370741, 9.661619>
	pigment { color rgbt <0,1,1,0> }
	no_shadow
}
cylinder {
	<9.151934, 19.629265, 8.835795>,  <8.847550, 18.982018, 9.213269>, 0.130000
	pigment { color rgbt <1,0,0,0> }
	no_shadow
}

// nucleotide -1

// particle -1
sphere {
	<9.151934, 19.629265, 8.835795> 0.250000
	pigment { color rgbt <1,0,0,0> }
	no_shadow
}
cylinder {
	<9.387953, 19.591824, 9.156565>,  <9.529564, 19.569359, 9.349027>, 0.100000
	pigment { color rgbt <1,0,0,0> }
	no_shadow
}
cylinder {
	<9.387953, 19.591824, 9.156565>,  <9.151934, 19.629265, 8.835795>, 0.100000
	pigment { color rgbt <1,0,0,0> }
	no_shadow
}

// particle -1
sphere {
	<9.387953, 19.591824, 9.156565> 0.100000
	pigment { color rgbt <1,0,0,0> }
	no_shadow
}
sphere {
	0, 1
	scale<0.080000,0.200000,0.300000>
	matrix <0.807133, 0.044390, -0.588699,
		0.019505, 0.994620, 0.101741,
		0.590048, -0.093601, 0.801924,
		9.564967, 19.563744, 9.397142>
	pigment { color rgbt <0,1,1,0> }
	no_shadow
}
cylinder {
	<9.550519, 20.283108, 8.794677>,  <9.151934, 19.629265, 8.835795>, 0.130000
	pigment { color rgbt <1,0,0,0> }
	no_shadow
}

// nucleotide -1

// particle -1
sphere {
	<9.550519, 20.283108, 8.794677> 0.250000
	pigment { color rgbt <1,0,0,0> }
	no_shadow
}
cylinder {
	<9.744854, 20.018003, 9.022610>,  <9.861455, 19.858940, 9.159369>, 0.100000
	pigment { color rgbt <1,0,0,0> }
	no_shadow
}
cylinder {
	<9.744854, 20.018003, 9.022610>,  <9.550519, 20.283108, 8.794677>, 0.100000
	pigment { color rgbt <1,0,0,0> }
	no_shadow
}

// particle -1
sphere {
	<9.744854, 20.018003, 9.022610> 0.100000
	pigment { color rgbt <1,0,0,0> }
	no_shadow
}
sphere {
	0, 1
	scale<0.080000,0.200000,0.300000>
	matrix <0.827000, 0.137550, -0.545115,
		0.282901, 0.736089, 0.614931,
		0.485837, -0.662762, 0.569833,
		9.890605, 19.819176, 9.193560>
	pigment { color rgbt <0,1,1,0> }
	no_shadow
}
cylinder {
	<10.152510, 20.707779, 9.175547>,  <9.550519, 20.283108, 8.794677>, 0.130000
	pigment { color rgbt <1,0,0,0> }
	no_shadow
}

// nucleotide -1

// particle -1
sphere {
	<10.152510, 20.707779, 9.175547> 0.250000
	pigment { color rgbt <1,0,0,0> }
	no_shadow
}
cylinder {
	<10.184299, 20.314257, 9.111280>,  <10.203372, 20.078144, 9.072721>, 0.100000
	pigment { color rgbt <1,0,0,0> }
	no_shadow
}
cylinder {
	<10.184299, 20.314257, 9.111280>,  <10.152510, 20.707779, 9.175547>, 0.100000
	pigment { color rgbt <1,0,0,0> }
	no_shadow
}

// particle -1
sphere {
	<10.184299, 20.314257, 9.111280> 0.100000
	pigment { color rgbt <1,0,0,0> }
	no_shadow
}
sphere {
	0, 1
	scale<0.080000,0.200000,0.300000>
	matrix <0.907594, 0.138069, -0.396497,
		0.412259, -0.114309, 0.903867,
		0.079473, -0.983804, -0.160666,
		10.208140, 20.019115, 9.063081>
	pigment { color rgbt <0,1,1,0> }
	no_shadow
}
cylinder {
	<10.854161, 20.578630, 9.347846>,  <10.152510, 20.707779, 9.175547>, 0.130000
	pigment { color rgbt <1,0,0,0> }
	no_shadow
}

// nucleotide -1

// particle -1
sphere {
	<10.854161, 20.578630, 9.347846> 0.250000
	pigment { color rgbt <1,0,0,0> }
	no_shadow
}
cylinder {
	<10.747754, 20.265465, 9.122890>,  <10.683909, 20.077566, 8.987917>, 0.100000
	pigment { color rgbt <1,0,0,0> }
	no_shadow
}
cylinder {
	<10.747754, 20.265465, 9.122890>,  <10.854161, 20.578630, 9.347846>, 0.100000
	pigment { color rgbt <1,0,0,0> }
	no_shadow
}

// particle -1
sphere {
	<10.747754, 20.265465, 9.122890> 0.100000
	pigment { color rgbt <1,0,0,0> }
	no_shadow
}
sphere {
	0, 1
	scale<0.080000,0.200000,0.300000>
	matrix <0.924705, -0.042445, -0.378311,
		0.272315, -0.620680, 0.735256,
		-0.266018, -0.782914, -0.562387,
		10.667949, 20.030590, 8.954174>
	pigment { color rgbt <0,1,1,0> }
	no_shadow
}
cylinder {
	<11.294635, 20.076233, 9.483720>,  <10.854161, 20.578630, 9.347846>, 0.130000
	pigment { color rgbt <1,0,0,0> }
	no_shadow
}

// nucleotide -1

// particle -1
sphere {
	<11.294635, 20.076233, 9.483720> 0.250000
	pigment { color rgbt <1,0,0,0> }
	no_shadow
}
cylinder {
	<11.147276, 20.073774, 9.111860>,  <11.058861, 20.072298, 8.888744>, 0.100000
	pigment { color rgbt <1,0,0,0> }
	no_shadow
}
cylinder {
	<11.147276, 20.073774, 9.111860>,  <11.294635, 20.076233, 9.483720>, 0.100000
	pigment { color rgbt <1,0,0,0> }
	no_shadow
}

// particle -1
sphere {
	<11.147276, 20.073774, 9.111860> 0.100000
	pigment { color rgbt <1,0,0,0> }
	no_shadow
}
sphere {
	0, 1
	scale<0.080000,0.200000,0.300000>
	matrix <0.921037, 0.133538, -0.365867,
		0.126393, -0.991025, -0.043530,
		-0.368396, -0.006150, -0.929649,
		11.036757, 20.071930, 8.832966>
	pigment { color rgbt <0,1,1,0> }
	no_shadow
}
cylinder {
	<11.654748, 20.419708, 9.948823>,  <11.294635, 20.076233, 9.483720>, 0.130000
	pigment { color rgbt <1,0,0,0> }
	no_shadow
}

// nucleotide -1

// particle -1
sphere {
	<11.654748, 20.419708, 9.948823> 0.250000
	pigment { color rgbt <1,0,0,0> }
	no_shadow
}
cylinder {
	<11.996708, 20.220177, 10.005842>,  <12.201883, 20.100458, 10.040053>, 0.100000
	pigment { color rgbt <1,0,0,0> }
	no_shadow
}
cylinder {
	<11.996708, 20.220177, 10.005842>,  <11.654748, 20.419708, 9.948823>, 0.100000
	pigment { color rgbt <1,0,0,0> }
	no_shadow
}

// particle -1
sphere {
	<11.996708, 20.220177, 10.005842> 0.100000
	pigment { color rgbt <1,0,0,0> }
	no_shadow
}
sphere {
	0, 1
	scale<0.080000,0.200000,0.300000>
	matrix <0.349683, 0.757020, 0.551945,
		-0.383236, -0.422011, 0.821606,
		0.854899, -0.498827, 0.142548,
		12.253178, 20.070528, 10.048607>
	pigment { color rgbt <0,1,1,0> }
	no_shadow
}
cylinder {
	<11.815611, 20.367311, 10.645088>,  <11.654748, 20.419708, 9.948823>, 0.130000
	pigment { color rgbt <1,0,0,0> }
	no_shadow
}

// nucleotide -1

// particle -1
sphere {
	<11.815611, 20.367311, 10.645088> 0.250000
	pigment { color rgbt <1,0,0,0> }
	no_shadow
}
cylinder {
	<12.154840, 20.344959, 10.434318>,  <12.358377, 20.331549, 10.307856>, 0.100000
	pigment { color rgbt <1,0,0,0> }
	no_shadow
}
cylinder {
	<12.154840, 20.344959, 10.434318>,  <11.815611, 20.367311, 10.645088>, 0.100000
	pigment { color rgbt <1,0,0,0> }
	no_shadow
}

// particle -1
sphere {
	<12.154840, 20.344959, 10.434318> 0.100000
	pigment { color rgbt <1,0,0,0> }
	no_shadow
}
sphere {
	0, 1
	scale<0.080000,0.200000,0.300000>
	matrix <0.412764, 0.693224, 0.590819,
		0.332263, -0.718553, 0.610969,
		0.848073, -0.055878, -0.526926,
		12.409262, 20.328196, 10.276240>
	pigment { color rgbt <0,1,1,0> }
	no_shadow
}
cylinder {
	<12.468079, 20.063694, 11.067117>,  <11.815611, 20.367311, 10.645088>, 0.130000
	pigment { color rgbt <1,0,0,0> }
	no_shadow
}

// nucleotide -1

// particle -1
sphere {
	<12.468079, 20.063694, 11.067117> 0.250000
	pigment { color rgbt <1,0,0,0> }
	no_shadow
}
cylinder {
	<12.588691, 20.296104, 10.764730>,  <12.661058, 20.435551, 10.583299>, 0.100000
	pigment { color rgbt <1,0,0,0> }
	no_shadow
}
cylinder {
	<12.588691, 20.296104, 10.764730>,  <12.468079, 20.063694, 11.067117>, 0.100000
	pigment { color rgbt <1,0,0,0> }
	no_shadow
}

// particle -1
sphere {
	<12.588691, 20.296104, 10.764730> 0.100000
	pigment { color rgbt <1,0,0,0> }
	no_shadow
}
sphere {
	0, 1
	scale<0.080000,0.200000,0.300000>
	matrix <0.414988, 0.633853, 0.652699,
		0.858408, -0.510525, -0.049994,
		0.301530, 0.581029, -0.755966,
		12.679150, 20.470413, 10.537941>
	pigment { color rgbt <0,1,1,0> }
	no_shadow
}
cylinder {
	<13.300091, 20.269691, 11.045275>,  <12.468079, 20.063694, 11.067117>, 0.130000
	pigment { color rgbt <1,0,0,0> }
	no_shadow
}

// nucleotide -1

// particle -1
sphere {
	<13.300091, 20.269691, 11.045275> 0.250000
	pigment { color rgbt <1,0,0,0> }
	no_shadow
}
cylinder {
	<13.002558, 20.516188, 10.941766>,  <12.824038, 20.664085, 10.879661>, 0.100000
	pigment { color rgbt <1,0,0,0> }
	no_shadow
}
cylinder {
	<13.002558, 20.516188, 10.941766>,  <13.300091, 20.269691, 11.045275>, 0.100000
	pigment { color rgbt <1,0,0,0> }
	no_shadow
}

// particle -1
sphere {
	<13.002558, 20.516188, 10.941766> 0.100000
	pigment { color rgbt <1,0,0,0> }
	no_shadow
}
sphere {
	0, 1
	scale<0.080000,0.200000,0.300000>
	matrix <0.270819, 0.631856, 0.726234,
		0.611040, 0.470116, -0.636884,
		-0.743833, 0.616238, -0.258772,
		12.779408, 20.701059, 10.864134>
	pigment { color rgbt <0,1,1,0> }
	no_shadow
}
cylinder {
	<13.314652, 20.614016, 11.589326>,  <13.300091, 20.269691, 11.045275>, 0.130000
	pigment { color rgbt <1,0,0,0> }
	no_shadow
}

// nucleotide -1

// particle -1
sphere {
	<13.314652, 20.614016, 11.589326> 0.250000
	pigment { color rgbt <1,0,0,0> }
	no_shadow
}
cylinder {
	<13.056719, 20.634521, 11.894366>,  <12.901958, 20.646826, 12.077391>, 0.100000
	pigment { color rgbt <1,0,0,0> }
	no_shadow
}
cylinder {
	<13.056719, 20.634521, 11.894366>,  <13.314652, 20.614016, 11.589326>, 0.100000
	pigment { color rgbt <1,0,0,0> }
	no_shadow
}

// particle -1
sphere {
	<13.056719, 20.634521, 11.894366> 0.100000
	pigment { color rgbt <1,0,0,0> }
	no_shadow
}
sphere {
	0, 1
	scale<0.080000,0.200000,0.300000>
	matrix <-0.007145, 0.997300, -0.073085,
		-0.764289, -0.052577, -0.642727,
		-0.644834, 0.051266, 0.762602,
		12.863269, 20.649900, 12.123147>
	pigment { color rgbt <0,1,1,0> }
	no_shadow
}
cylinder {
	<12.775078, 21.026848, 11.290090>,  <13.314652, 20.614016, 11.589326>, 0.130000
	pigment { color rgbt <1,0,0,0> }
	no_shadow
}

// nucleotide -1

// particle -1
sphere {
	<12.775078, 21.026848, 11.290090> 0.250000
	pigment { color rgbt <1,0,0,0> }
	no_shadow
}
cylinder {
	<12.831769, 21.042442, 11.685744>,  <12.865784, 21.051798, 11.923138>, 0.100000
	pigment { color rgbt <1,0,0,0> }
	no_shadow
}
cylinder {
	<12.831769, 21.042442, 11.685744>,  <12.775078, 21.026848, 11.290090>, 0.100000
	pigment { color rgbt <1,0,0,0> }
	no_shadow
}

// particle -1
sphere {
	<12.831769, 21.042442, 11.685744> 0.100000
	pigment { color rgbt <1,0,0,0> }
	no_shadow
}
sphere {
	0, 1
	scale<0.080000,0.200000,0.300000>
	matrix <-0.074512, 0.996810, -0.028611,
		-0.987097, -0.069648, 0.144180,
		0.141727, 0.038985, 0.989138,
		12.874287, 21.054138, 11.982486>
	pigment { color rgbt <0,1,1,0> }
	no_shadow
}
cylinder {
	<12.401808, 21.607891, 11.394521>,  <12.775078, 21.026848, 11.290090>, 0.130000
	pigment { color rgbt <1,0,0,0> }
	no_shadow
}

// nucleotide -1

// particle -1
sphere {
	<12.401808, 21.607891, 11.394521> 0.250000
	pigment { color rgbt <1,0,0,0> }
	no_shadow
}
cylinder {
	<12.657539, 21.527098, 11.691294>,  <12.810978, 21.478622, 11.869357>, 0.100000
	pigment { color rgbt <1,0,0,0> }
	no_shadow
}
cylinder {
	<12.657539, 21.527098, 11.691294>,  <12.401808, 21.607891, 11.394521>, 0.100000
	pigment { color rgbt <1,0,0,0> }
	no_shadow
}

// particle -1
sphere {
	<12.657539, 21.527098, 11.691294> 0.100000
	pigment { color rgbt <1,0,0,0> }
	no_shadow
}
sphere {
	0, 1
	scale<0.080000,0.200000,0.300000>
	matrix <-0.007016, 0.963311, 0.268296,
		-0.768902, -0.176734, 0.614455,
		0.639328, -0.201983, 0.741932,
		12.849338, 21.466503, 11.913874>
	pigment { color rgbt <0,1,1,0> }
	no_shadow
}
cylinder {
	<11.690259, 21.391047, 11.654905>,  <12.401808, 21.607891, 11.394521>, 0.130000
	pigment { color rgbt <1,0,0,0> }
	no_shadow
}

// nucleotide -1

// particle -1
sphere {
	<11.690259, 21.391047, 11.654905> 0.250000
	pigment { color rgbt <1,0,0,0> }
	no_shadow
}
cylinder {
	<11.365331, 21.416821, 11.886761>,  <11.170374, 21.432285, 12.025874>, 0.100000
	pigment { color rgbt <1,0,0,0> }
	no_shadow
}
cylinder {
	<11.365331, 21.416821, 11.886761>,  <11.690259, 21.391047, 11.654905>, 0.100000
	pigment { color rgbt <1,0,0,0> }
	no_shadow
}

// particle -1
sphere {
	<11.365331, 21.416821, 11.886761> 0.100000
	pigment { color rgbt <1,0,0,0> }
	no_shadow
}
sphere {
	0, 1
	scale<0.080000,0.200000,0.300000>
	matrix <-0.029071, -0.997116, 0.070106,
		0.582485, 0.040098, 0.811852,
		-0.812322, 0.064437, 0.579639,
		11.121634, 21.436152, 12.060653>
	pigment { color rgbt <0,1,1,0> }
	no_shadow
}
cylinder {
	<11.762179, 20.996656, 12.269522>,  <11.690259, 21.391047, 11.654905>, 0.130000
	pigment { color rgbt <1,0,0,0> }
	no_shadow
}

// nucleotide -1

// particle -1
sphere {
	<11.762179, 20.996656, 12.269522> 0.250000
	pigment { color rgbt <1,0,0,0> }
	no_shadow
}
cylinder {
	<11.366451, 21.017761, 12.215173>,  <11.129014, 21.030424, 12.182564>, 0.100000
	pigment { color rgbt <1,0,0,0> }
	no_shadow
}
cylinder {
	<11.366451, 21.017761, 12.215173>,  <11.762179, 20.996656, 12.269522>, 0.100000
	pigment { color rgbt <1,0,0,0> }
	no_shadow
}

// particle -1
sphere {
	<11.366451, 21.017761, 12.215173> 0.100000
	pigment { color rgbt <1,0,0,0> }
	no_shadow
}
sphere {
	0, 1
	scale<0.080000,0.200000,0.300000>
	matrix <-0.076208, -0.981860, 0.173616,
		-0.124247, 0.182117, 0.975395,
		-0.989321, 0.052762, -0.135872,
		11.069655, 21.033590, 12.174411>
	pigment { color rgbt <0,1,1,0> }
	no_shadow
}
cylinder {
	<11.532851, 20.508482, 12.855801>,  <11.762179, 20.996656, 12.269522>, 0.130000
	pigment { color rgbt <1,0,0,0> }
	no_shadow
}

// nucleotide -1

// particle -1
sphere {
	<11.532851, 20.508482, 12.855801> 0.250000
	pigment { color rgbt <1,0,0,0> }
	no_shadow
}
cylinder {
	<11.223651, 20.569139, 12.609395>,  <11.038131, 20.605534, 12.461552>, 0.100000
	pigment { color rgbt <1,0,0,0> }
	no_shadow
}
cylinder {
	<11.223651, 20.569139, 12.609395>,  <11.532851, 20.508482, 12.855801>, 0.100000
	pigment { color rgbt <1,0,0,0> }
	no_shadow
}

// particle -1
sphere {
	<11.223651, 20.569139, 12.609395> 0.100000
	pigment { color rgbt <1,0,0,0> }
	no_shadow
}
sphere {
	0, 1
	scale<0.080000,0.200000,0.300000>
	matrix <-0.325738, -0.928114, 0.180277,
		-0.544392, 0.340013, 0.766830,
		-0.773002, 0.151645, -0.616013,
		10.991751, 20.614634, 12.424591>
	pigment { color rgbt <0,1,1,0> }
	no_shadow
}
cylinder {
	<10.986858, 20.347729, 13.253875>,  <11.532851, 20.508482, 12.855801>, 0.130000
	pigment { color rgbt <1,0,0,0> }
	no_shadow
}

// nucleotide -1

// particle -1
sphere {
	<10.986858, 20.347729, 13.253875> 0.250000
	pigment { color rgbt <1,0,0,0> }
	no_shadow
}
cylinder {
	<10.882848, 20.311514, 12.869336>,  <10.820441, 20.289785, 12.638613>, 0.100000
	pigment { color rgbt <1,0,0,0> }
	no_shadow
}
cylinder {
	<10.882848, 20.311514, 12.869336>,  <10.986858, 20.347729, 13.253875>, 0.100000
	pigment { color rgbt <1,0,0,0> }
	no_shadow
}

// particle -1
sphere {
	<10.882848, 20.311514, 12.869336> 0.100000
	pigment { color rgbt <1,0,0,0> }
	no_shadow
}
sphere {
	0, 1
	scale<0.080000,0.200000,0.300000>
	matrix <-0.306506, -0.936366, 0.171090,
		-0.915664, 0.339147, 0.215729,
		-0.260026, -0.090539, -0.961347,
		10.804840, 20.284351, 12.580932>
	pigment { color rgbt <0,1,1,0> }
	no_shadow
}
cylinder {
	<10.532756, 19.867725, 13.341309>,  <10.986858, 20.347729, 13.253875>, 0.130000
	pigment { color rgbt <1,0,0,0> }
	no_shadow
}

// nucleotide -1

// particle -1
sphere {
	<10.532756, 19.867725, 13.341309> 0.250000
	pigment { color rgbt <1,0,0,0> }
	no_shadow
}
cylinder {
	<10.605259, 19.855494, 12.948125>,  <10.648761, 19.848154, 12.712214>, 0.100000
	pigment { color rgbt <1,0,0,0> }
	no_shadow
}
cylinder {
	<10.605259, 19.855494, 12.948125>,  <10.532756, 19.867725, 13.341309>, 0.100000
	pigment { color rgbt <1,0,0,0> }
	no_shadow
}

// particle -1
sphere {
	<10.605259, 19.855494, 12.948125> 0.100000
	pigment { color rgbt <1,0,0,0> }
	no_shadow
}
sphere {
	0, 1
	scale<0.080000,0.200000,0.300000>
	matrix <-0.471124, -0.880058, -0.059499,
		-0.863243, 0.473880, -0.173924,
		0.181258, -0.030577, -0.982960,
		10.659636, 19.846321, 12.653236>
	pigment { color rgbt <0,1,1,0> }
	no_shadow
}
cylinder {
	<10.012464, 19.623188, 13.066193>,  <10.532756, 19.867725, 13.341309>, 0.130000
	pigment { color rgbt <1,0,0,0> }
	no_shadow
}

// nucleotide -1

// particle -1
sphere {
	<10.012464, 19.623188, 13.066193> 0.250000
	pigment { color rgbt <1,0,0,0> }
	no_shadow
}
cylinder {
	<10.276739, 19.542044, 12.777101>,  <10.435305, 19.493357, 12.603645>, 0.100000
	pigment { color rgbt <1,0,0,0> }
	no_shadow
}
cylinder {
	<10.276739, 19.542044, 12.777101>,  <10.012464, 19.623188, 13.066193>, 0.100000
	pigment { color rgbt <1,0,0,0> }
	no_shadow
}

// particle -1
sphere {
	<10.276739, 19.542044, 12.777101> 0.100000
	pigment { color rgbt <1,0,0,0> }
	no_shadow
}
sphere {
	0, 1
	scale<0.080000,0.200000,0.300000>
	matrix <-0.346157, -0.936648, -0.053539,
		-0.666083, 0.285550, -0.689054,
		0.660688, -0.202860, -0.722730,
		10.474946, 19.481186, 12.560282>
	pigment { color rgbt <0,1,1,0> }
	no_shadow
}
cylinder {
	<9.687274, 19.448412, 12.557224>,  <10.012464, 19.623188, 13.066193>, 0.130000
	pigment { color rgbt <1,0,0,0> }
	no_shadow
}

// nucleotide -1

// particle -1
sphere {
	<9.687274, 19.448412, 12.557224> 0.250000
	pigment { color rgbt <1,0,0,0> }
	no_shadow
}
cylinder {
	<10.043475, 19.276054, 12.498800>,  <10.257196, 19.172640, 12.463746>, 0.100000
	pigment { color rgbt <1,0,0,0> }
	no_shadow
}
cylinder {
	<10.043475, 19.276054, 12.498800>,  <9.687274, 19.448412, 12.557224>, 0.100000
	pigment { color rgbt <1,0,0,0> }
	no_shadow
}

// particle -1
sphere {
	<10.043475, 19.276054, 12.498800> 0.100000
	pigment { color rgbt <1,0,0,0> }
	no_shadow
}
sphere {
	0, 1
	scale<0.080000,0.200000,0.300000>
	matrix <-0.450206, -0.880892, -0.146094,
		-0.065713, 0.195855, -0.978429,
		0.890503, -0.430895, -0.146061,
		10.310626, 19.146786, 12.454982>
	pigment { color rgbt <0,1,1,0> }
	no_shadow
}
cylinder {
	<9.540197, 19.022623, 11.997899>,  <9.687274, 19.448412, 12.557224>, 0.130000
	pigment { color rgbt <1,0,0,0> }
	no_shadow
}

// nucleotide -1

// particle -1
sphere {
	<9.540197, 19.022623, 11.997899> 0.250000
	pigment { color rgbt <1,0,0,0> }
	no_shadow
}
cylinder {
	<9.903859, 18.903883, 12.114736>,  <10.122056, 18.832638, 12.184837>, 0.100000
	pigment { color rgbt <1,0,0,0> }
	no_shadow
}
cylinder {
	<9.903859, 18.903883, 12.114736>,  <9.540197, 19.022623, 11.997899>, 0.100000
	pigment { color rgbt <1,0,0,0> }
	no_shadow
}

// particle -1
sphere {
	<9.903859, 18.903883, 12.114736> 0.100000
	pigment { color rgbt <1,0,0,0> }
	no_shadow
}
sphere {
	0, 1
	scale<0.080000,0.200000,0.300000>
	matrix <-0.275712, -0.954685, -0.112070,
		0.312122, 0.021356, -0.949802,
		0.909155, -0.296852, 0.292090,
		10.176605, 18.814827, 12.202363>
	pigment { color rgbt <0,1,1,0> }
	no_shadow
}
cylinder {
	<9.798937, 18.549385, 11.479001>,  <9.540197, 19.022623, 11.997899>, 0.130000
	pigment { color rgbt <1,0,0,0> }
	no_shadow
}

