// switches for output
#declare DRAW_BASES = 1; // possible values are 0, 1; only relevant for DNA ribbons
#declare DRAW_BASES_TYPE = 3; // possible values are 1, 2, 3; only relevant for DNA ribbons
#declare DRAW_FOG = 0; // set to 1 to enable fog

#include "colors.inc"

#include "transforms.inc"
background { rgb <1, 1, 1>}

#default {
   normal{
       ripples 0.25
       frequency 0.20
       turbulence 0.2
       lambda 5
   }
	finish {
		phong 0.1
		phong_size 40.
	}
}

// original window dimensions: 1024x640


// camera settings

camera {
	sky <0, 0.179814, -0.983701>
	up <0, 0.179814, -0.983701>
	right 1.6 * <1, 0, 0>
	location <25.469, 94.9851, 44.8844>
	look_at <25.469, 29.3977, 32.8955>
	direction <0, -65.5874, -11.9889>
	angle 67.0682
}


# declare cpy_camera_pos = <25.469, 94.9851, 44.8844>;
# if (DRAW_FOG = 1)
fog {
	fog_type 2
	up vnormalize(cpy_camera_pos)
	color rgbt<1,1,1,0.3>
	distance 1e-5
	fog_alt 3e-3
	fog_offset 28
}
# end


// LIGHTS

# declare lum = 6;
global_settings {
	ambient_light rgb lum * <0.05, 0.05, 0.05>
	max_trace_level 15
}# declare cpy_direct_light_amount = 0.25;
light_source
{	1000 * <-1, -1.16351, -0.803887>,
	rgb lum * cpy_direct_light_amount
	parallel
}

light_source
{	1000 * <1, 1.16351, 0.803887>,
	rgb lum * cpy_direct_light_amount
	parallel
}

// strand 0

// nucleotide -1

// particle -1
sphere {
	<4.712800, 14.949338, 15.325032> 0.250000
	pigment { color rgbt <1,0,0,0> }
	no_shadow
}
cylinder {
	<4.486262, 15.276301, 15.282897>,  <4.350339, 15.472480, 15.257616>, 0.100000
	pigment { color rgbt <1,0,0,0> }
	no_shadow
}
cylinder {
	<4.486262, 15.276301, 15.282897>,  <4.712800, 14.949338, 15.325032>, 0.100000
	pigment { color rgbt <1,0,0,0> }
	no_shadow
}

// particle -1
sphere {
	<4.486262, 15.276301, 15.282897> 0.100000
	pigment { color rgbt <1,0,0,0> }
	no_shadow
}
sphere {
	0, 1
	scale<0.080000,0.200000,0.300000>
	matrix <0.806731, 0.575968, 0.132084,
		0.168638, -0.010173, -0.985626,
		-0.566345, 0.817409, -0.105337,
		4.316359, 15.521524, 15.251296>
	pigment { color rgbt <0,1,1,0> }
	no_shadow
}
cylinder {
	<4.974684, 15.296118, 14.760784>,  <4.712800, 14.949338, 15.325032>, 0.130000
	pigment { color rgbt <1,0,0,0> }
	no_shadow
}

// nucleotide -1

// particle -1
sphere {
	<4.974684, 15.296118, 14.760784> 0.250000
	pigment { color rgbt <1,0,0,0> }
	no_shadow
}
cylinder {
	<4.818456, 15.532318, 15.043277>,  <4.724719, 15.674038, 15.212772>, 0.100000
	pigment { color rgbt <1,0,0,0> }
	no_shadow
}
cylinder {
	<4.818456, 15.532318, 15.043277>,  <4.974684, 15.296118, 14.760784>, 0.100000
	pigment { color rgbt <1,0,0,0> }
	no_shadow
}

// particle -1
sphere {
	<4.818456, 15.532318, 15.043277> 0.100000
	pigment { color rgbt <1,0,0,0> }
	no_shadow
}
sphere {
	0, 1
	scale<0.080000,0.200000,0.300000>
	matrix <0.899805, 0.406913, 0.157392,
		-0.194435, 0.696944, -0.690264,
		-0.390571, 0.590501, 0.706232,
		4.701284, 15.709469, 15.255146>
	pigment { color rgbt <0,1,1,0> }
	no_shadow
}
cylinder {
	<4.954733, 16.066261, 14.560282>,  <4.974684, 15.296118, 14.760784>, 0.130000
	pigment { color rgbt <1,0,0,0> }
	no_shadow
}

// nucleotide -1

// particle -1
sphere {
	<4.954733, 16.066261, 14.560282> 0.250000
	pigment { color rgbt <1,0,0,0> }
	no_shadow
}
cylinder {
	<4.954402, 16.015619, 14.957063>,  <4.954203, 15.985233, 15.195131>, 0.100000
	pigment { color rgbt <1,0,0,0> }
	no_shadow
}
cylinder {
	<4.954402, 16.015619, 14.957063>,  <4.954733, 16.066261, 14.560282>, 0.100000
	pigment { color rgbt <1,0,0,0> }
	no_shadow
}

// particle -1
sphere {
	<4.954402, 16.015619, 14.957063> 0.100000
	pigment { color rgbt <1,0,0,0> }
	no_shadow
}
sphere {
	0, 1
	scale<0.080000,0.200000,0.300000>
	matrix <0.925455, 0.375710, 0.048726,
		-0.378856, 0.918048, 0.116858,
		-0.000828, -0.126607, 0.991953,
		4.954154, 15.977637, 15.254648>
	pigment { color rgbt <0,1,1,0> }
	no_shadow
}
cylinder {
	<5.088824, 16.664227, 14.941674>,  <4.954733, 16.066261, 14.560282>, 0.130000
	pigment { color rgbt <1,0,0,0> }
	no_shadow
}

// nucleotide -1

// particle -1
sphere {
	<5.088824, 16.664227, 14.941674> 0.250000
	pigment { color rgbt <1,0,0,0> }
	no_shadow
}
cylinder {
	<5.265799, 16.363192, 15.136760>,  <5.371984, 16.182571, 15.253811>, 0.100000
	pigment { color rgbt <1,0,0,0> }
	no_shadow
}
cylinder {
	<5.265799, 16.363192, 15.136760>,  <5.088824, 16.664227, 14.941674>, 0.100000
	pigment { color rgbt <1,0,0,0> }
	no_shadow
}

// particle -1
sphere {
	<5.265799, 16.363192, 15.136760> 0.100000
	pigment { color rgbt <1,0,0,0> }
	no_shadow
}
sphere {
	0, 1
	scale<0.080000,0.200000,0.300000>
	matrix <0.880296, 0.468310, -0.075931,
		-0.171256, 0.462927, 0.869695,
		0.442437, -0.752585, 0.487713,
		5.398530, 16.137417, 15.283073>
	pigment { color rgbt <0,1,1,0> }
	no_shadow
}
cylinder {
	<5.426592, 16.844397, 15.602271>,  <5.088824, 16.664227, 14.941674>, 0.130000
	pigment { color rgbt <1,0,0,0> }
	no_shadow
}

// nucleotide -1

// particle -1
sphere {
	<5.426592, 16.844397, 15.602271> 0.250000
	pigment { color rgbt <1,0,0,0> }
	no_shadow
}
cylinder {
	<5.604547, 16.544395, 15.406486>,  <5.711319, 16.364395, 15.289014>, 0.100000
	pigment { color rgbt <1,0,0,0> }
	no_shadow
}
cylinder {
	<5.604547, 16.544395, 15.406486>,  <5.426592, 16.844397, 15.602271>, 0.100000
	pigment { color rgbt <1,0,0,0> }
	no_shadow
}

// particle -1
sphere {
	<5.604547, 16.544395, 15.406486> 0.100000
	pigment { color rgbt <1,0,0,0> }
	no_shadow
}
sphere {
	0, 1
	scale<0.080000,0.200000,0.300000>
	matrix <0.782931, 0.591067, -0.194061,
		0.434852, -0.296882, 0.850156,
		0.444886, -0.750001, -0.489465,
		5.738012, 16.319395, 15.259646>
	pigment { color rgbt <0,1,1,0> }
	no_shadow
}
cylinder {
	<6.104464, 16.891241, 15.883344>,  <5.426592, 16.844397, 15.602271>, 0.130000
	pigment { color rgbt <1,0,0,0> }
	no_shadow
}

// nucleotide -1

// particle -1
sphere {
	<6.104464, 16.891241, 15.883344> 0.250000
	pigment { color rgbt <1,0,0,0> }
	no_shadow
}
cylinder {
	<6.125874, 16.684988, 15.541289>,  <6.138720, 16.561235, 15.336057>, 0.100000
	pigment { color rgbt <1,0,0,0> }
	no_shadow
}
cylinder {
	<6.125874, 16.684988, 15.541289>,  <6.104464, 16.891241, 15.883344>, 0.100000
	pigment { color rgbt <1,0,0,0> }
	no_shadow
}

// particle -1
sphere {
	<6.125874, 16.684988, 15.541289> 0.100000
	pigment { color rgbt <1,0,0,0> }
	no_shadow
}
sphere {
	0, 1
	scale<0.080000,0.200000,0.300000>
	matrix <0.802198, 0.532174, -0.270681,
		0.594653, -0.671500, 0.442125,
		0.053525, -0.515634, -0.855136,
		6.141931, 16.530298, 15.284749>
	pigment { color rgbt <0,1,1,0> }
	no_shadow
}
cylinder {
	<6.778246, 16.708992, 15.741634>,  <6.104464, 16.891241, 15.883344>, 0.130000
	pigment { color rgbt <1,0,0,0> }
	no_shadow
}

// nucleotide -1

// particle -1
sphere {
	<6.778246, 16.708992, 15.741634> 0.250000
	pigment { color rgbt <1,0,0,0> }
	no_shadow
}
cylinder {
	<6.615318, 16.672371, 15.378160>,  <6.517561, 16.650398, 15.160076>, 0.100000
	pigment { color rgbt <1,0,0,0> }
	no_shadow
}
cylinder {
	<6.615318, 16.672371, 15.378160>,  <6.778246, 16.708992, 15.741634>, 0.100000
	pigment { color rgbt <1,0,0,0> }
	no_shadow
}

// particle -1
sphere {
	<6.615318, 16.672371, 15.378160> 0.100000
	pigment { color rgbt <1,0,0,0> }
	no_shadow
}
sphere {
	0, 1
	scale<0.080000,0.200000,0.300000>
	matrix <0.774281, 0.493032, -0.396748,
		0.484334, -0.865181, -0.129933,
		-0.407320, -0.091554, -0.908685,
		6.493122, 16.644905, 15.105555>
	pigment { color rgbt <0,1,1,0> }
	no_shadow
}
cylinder {
	<7.299109, 16.956795, 15.337648>,  <6.778246, 16.708992, 15.741634>, 0.130000
	pigment { color rgbt <1,0,0,0> }
	no_shadow
}

// nucleotide -1

// particle -1
sphere {
	<7.299109, 16.956795, 15.337648> 0.250000
	pigment { color rgbt <1,0,0,0> }
	no_shadow
}
cylinder {
	<7.032455, 16.899824, 15.044988>,  <6.872463, 16.865643, 14.869391>, 0.100000
	pigment { color rgbt <1,0,0,0> }
	no_shadow
}
cylinder {
	<7.032455, 16.899824, 15.044988>,  <7.299109, 16.956795, 15.337648>, 0.100000
	pigment { color rgbt <1,0,0,0> }
	no_shadow
}

// particle -1
sphere {
	<7.032455, 16.899824, 15.044988> 0.100000
	pigment { color rgbt <1,0,0,0> }
	no_shadow
}
sphere {
	0, 1
	scale<0.080000,0.200000,0.300000>
	matrix <0.517419, 0.618135, -0.591766,
		0.536541, -0.773062, -0.338377,
		-0.666634, -0.142424, -0.731652,
		6.832465, 16.857098, 14.825492>
	pigment { color rgbt <0,1,1,0> }
	no_shadow
}
cylinder {
	<7.681537, 16.697420, 14.788326>,  <7.299109, 16.956795, 15.337648>, 0.130000
	pigment { color rgbt <1,0,0,0> }
	no_shadow
}

// nucleotide -1

// particle -1
sphere {
	<7.681537, 16.697420, 14.788326> 0.250000
	pigment { color rgbt <1,0,0,0> }
	no_shadow
}
cylinder {
	<7.356354, 16.867990, 14.629702>,  <7.161244, 16.970333, 14.534527>, 0.100000
	pigment { color rgbt <1,0,0,0> }
	no_shadow
}
cylinder {
	<7.356354, 16.867990, 14.629702>,  <7.681537, 16.697420, 14.788326>, 0.100000
	pigment { color rgbt <1,0,0,0> }
	no_shadow
}

// particle -1
sphere {
	<7.356354, 16.867990, 14.629702> 0.100000
	pigment { color rgbt <1,0,0,0> }
	no_shadow
}
sphere {
	0, 1
	scale<0.080000,0.200000,0.300000>
	matrix <0.579825, 0.529764, -0.618993,
		-0.053871, -0.733151, -0.677929,
		-0.812958, 0.426426, -0.396561,
		7.112466, 16.995918, 14.510734>
	pigment { color rgbt <0,1,1,0> }
	no_shadow
}
cylinder {
	<7.726426, 16.632565, 14.124089>,  <7.681537, 16.697420, 14.788326>, 0.130000
	pigment { color rgbt <1,0,0,0> }
	no_shadow
}

// nucleotide -1

// particle -1
sphere {
	<7.726426, 16.632565, 14.124089> 0.250000
	pigment { color rgbt <1,0,0,0> }
	no_shadow
}
cylinder {
	<7.456359, 16.925774, 14.157145>,  <7.294320, 17.101700, 14.176978>, 0.100000
	pigment { color rgbt <1,0,0,0> }
	no_shadow
}
cylinder {
	<7.456359, 16.925774, 14.157145>,  <7.726426, 16.632565, 14.124089>, 0.100000
	pigment { color rgbt <1,0,0,0> }
	no_shadow
}

// particle -1
sphere {
	<7.456359, 16.925774, 14.157145> 0.100000
	pigment { color rgbt <1,0,0,0> }
	no_shadow
}
sphere {
	0, 1
	scale<0.080000,0.200000,0.300000>
	matrix <0.609379, 0.617368, -0.497509,
		-0.415704, -0.285543, -0.863514,
		-0.675165, 0.733023, 0.082638,
		7.253810, 17.145681, 14.181936>
	pigment { color rgbt <0,1,1,0> }
	no_shadow
}
cylinder {
	<7.643316, 16.875750, 13.514758>,  <7.726426, 16.632565, 14.124089>, 0.130000
	pigment { color rgbt <1,0,0,0> }
	no_shadow
}

// nucleotide -1

// particle -1
sphere {
	<7.643316, 16.875750, 13.514758> 0.250000
	pigment { color rgbt <1,0,0,0> }
	no_shadow
}
cylinder {
	<7.515004, 17.180487, 13.739861>,  <7.438016, 17.363329, 13.874924>, 0.100000
	pigment { color rgbt <1,0,0,0> }
	no_shadow
}
cylinder {
	<7.515004, 17.180487, 13.739861>,  <7.643316, 16.875750, 13.514758>, 0.100000
	pigment { color rgbt <1,0,0,0> }
	no_shadow
}

// particle -1
sphere {
	<7.515004, 17.180487, 13.739861> 0.100000
	pigment { color rgbt <1,0,0,0> }
	no_shadow
}
sphere {
	0, 1
	scale<0.080000,0.200000,0.300000>
	matrix <0.563781, 0.631018, -0.532885,
		-0.761085, 0.146333, -0.631930,
		-0.320781, 0.761841, 0.562759,
		7.418769, 17.409039, 13.908689>
	pigment { color rgbt <0,1,1,0> }
	no_shadow
}
cylinder {
	<7.304918, 17.343664, 13.115169>,  <7.643316, 16.875750, 13.514758>, 0.130000
	pigment { color rgbt <1,0,0,0> }
	no_shadow
}

// nucleotide -1

// particle -1
sphere {
	<7.304918, 17.343664, 13.115169> 0.250000
	pigment { color rgbt <1,0,0,0> }
	no_shadow
}
cylinder {
	<7.435894, 17.548590, 13.432739>,  <7.514480, 17.671545, 13.623281>, 0.100000
	pigment { color rgbt <1,0,0,0> }
	no_shadow
}
cylinder {
	<7.435894, 17.548590, 13.432739>,  <7.304918, 17.343664, 13.115169>, 0.100000
	pigment { color rgbt <1,0,0,0> }
	no_shadow
}

// particle -1
sphere {
	<7.435894, 17.548590, 13.432739> 0.100000
	pigment { color rgbt <1,0,0,0> }
	no_shadow
}
sphere {
	0, 1
	scale<0.080000,0.200000,0.300000>
	matrix <0.632256, 0.505617, -0.587031,
		-0.702165, 0.694182, -0.158353,
		0.327440, 0.512312, 0.793927,
		7.534126, 17.702284, 13.670918>
	pigment { color rgbt <0,1,1,0> }
	no_shadow
}
cylinder {
	<7.382215, 18.008036, 12.934711>,  <7.304918, 17.343664, 13.115169>, 0.130000
	pigment { color rgbt <1,0,0,0> }
	no_shadow
}

// nucleotide -1

// particle -1
sphere {
	<7.382215, 18.008036, 12.934711> 0.250000
	pigment { color rgbt <1,0,0,0> }
	no_shadow
}
cylinder {
	<7.625207, 17.993233, 13.252101>,  <7.771002, 17.984350, 13.442534>, 0.100000
	pigment { color rgbt <1,0,0,0> }
	no_shadow
}
cylinder {
	<7.625207, 17.993233, 13.252101>,  <7.382215, 18.008036, 12.934711>, 0.100000
	pigment { color rgbt <1,0,0,0> }
	no_shadow
}

// particle -1
sphere {
	<7.625207, 17.993233, 13.252101> 0.100000
	pigment { color rgbt <1,0,0,0> }
	no_shadow
}
sphere {
	0, 1
	scale<0.080000,0.200000,0.300000>
	matrix <0.590816, 0.688743, -0.420201,
		-0.530948, 0.724060, 0.440263,
		0.607479, -0.037009, 0.793473,
		7.807451, 17.982130, 13.490143>
	pigment { color rgbt <0,1,1,0> }
	no_shadow
}
cylinder {
	<7.560886, 18.778667, 13.058602>,  <7.382215, 18.008036, 12.934711>, 0.130000
	pigment { color rgbt <1,0,0,0> }
	no_shadow
}

// nucleotide -1

// particle -1
sphere {
	<7.560886, 18.778667, 13.058602> 0.250000
	pigment { color rgbt <1,0,0,0> }
	no_shadow
}
cylinder {
	<7.850278, 18.562086, 13.229906>,  <8.023913, 18.432138, 13.332688>, 0.100000
	pigment { color rgbt <1,0,0,0> }
	no_shadow
}
cylinder {
	<7.850278, 18.562086, 13.229906>,  <7.560886, 18.778667, 13.058602>, 0.100000
	pigment { color rgbt <1,0,0,0> }
	no_shadow
}

// particle -1
sphere {
	<7.850278, 18.562086, 13.229906> 0.100000
	pigment { color rgbt <1,0,0,0> }
	no_shadow
}
sphere {
	0, 1
	scale<0.080000,0.200000,0.300000>
	matrix <0.685414, 0.637401, -0.352033,
		-0.082365, 0.548225, 0.832266,
		0.723481, -0.541451, 0.428260,
		8.067323, 18.399651, 13.358384>
	pigment { color rgbt <0,1,1,0> }
	no_shadow
}
cylinder {
	<8.017900, 19.226118, 13.342110>,  <7.560886, 18.778667, 13.058602>, 0.130000
	pigment { color rgbt <1,0,0,0> }
	no_shadow
}

// nucleotide -1

// particle -1
sphere {
	<8.017900, 19.226118, 13.342110> 0.250000
	pigment { color rgbt <1,0,0,0> }
	no_shadow
}
cylinder {
	<8.234664, 18.889977, 13.346845>,  <8.364722, 18.688292, 13.349686>, 0.100000
	pigment { color rgbt <1,0,0,0> }
	no_shadow
}
cylinder {
	<8.234664, 18.889977, 13.346845>,  <8.017900, 19.226118, 13.342110>, 0.100000
	pigment { color rgbt <1,0,0,0> }
	no_shadow
}

// particle -1
sphere {
	<8.234664, 18.889977, 13.346845> 0.100000
	pigment { color rgbt <1,0,0,0> }
	no_shadow
}
sphere {
	0, 1
	scale<0.080000,0.200000,0.300000>
	matrix <0.737400, 0.468669, -0.486405,
		0.403204, 0.272317, 0.873653,
		0.541911, -0.840352, 0.011838,
		8.397237, 18.637871, 13.350396>
	pigment { color rgbt <0,1,1,0> }
	no_shadow
}
cylinder {
	<8.714147, 19.346783, 13.592587>,  <8.017900, 19.226118, 13.342110>, 0.130000
	pigment { color rgbt <1,0,0,0> }
	no_shadow
}

// nucleotide -1

// particle -1
sphere {
	<8.714147, 19.346783, 13.592587> 0.250000
	pigment { color rgbt <1,0,0,0> }
	no_shadow
}
cylinder {
	<8.825326, 18.997807, 13.431792>,  <8.892034, 18.788422, 13.335315>, 0.100000
	pigment { color rgbt <1,0,0,0> }
	no_shadow
}
cylinder {
	<8.825326, 18.997807, 13.431792>,  <8.714147, 19.346783, 13.592587>, 0.100000
	pigment { color rgbt <1,0,0,0> }
	no_shadow
}

// particle -1
sphere {
	<8.825326, 18.997807, 13.431792> 0.100000
	pigment { color rgbt <1,0,0,0> }
	no_shadow
}
sphere {
	0, 1
	scale<0.080000,0.200000,0.300000>
	matrix <0.755031, 0.457132, -0.470062,
		0.593862, -0.172860, 0.785778,
		0.277949, -0.872439, -0.401988,
		8.908710, 18.736074, 13.311195>
	pigment { color rgbt <0,1,1,0> }
	no_shadow
}
cylinder {
	<9.511683, 19.291296, 13.553394>,  <8.714147, 19.346783, 13.592587>, 0.130000
	pigment { color rgbt <1,0,0,0> }
	no_shadow
}

// nucleotide -1

// particle -1
sphere {
	<9.511683, 19.291296, 13.553394> 0.250000
	pigment { color rgbt <1,0,0,0> }
	no_shadow
}
cylinder {
	<9.357931, 19.050463, 13.273466>,  <9.265680, 18.905964, 13.105509>, 0.100000
	pigment { color rgbt <1,0,0,0> }
	no_shadow
}
cylinder {
	<9.357931, 19.050463, 13.273466>,  <9.511683, 19.291296, 13.553394>, 0.100000
	pigment { color rgbt <1,0,0,0> }
	no_shadow
}

// particle -1
sphere {
	<9.357931, 19.050463, 13.273466> 0.100000
	pigment { color rgbt <1,0,0,0> }
	no_shadow
}
sphere {
	0, 1
	scale<0.080000,0.200000,0.300000>
	matrix <0.532313, 0.474801, -0.700862,
		0.754253, -0.641920, 0.137993,
		-0.384378, -0.602083, -0.699821,
		9.242618, 18.869839, 13.063519>
	pigment { color rgbt <0,1,1,0> }
	no_shadow
}
cylinder {
	<10.113331, 19.022684, 13.231857>,  <9.511683, 19.291296, 13.553394>, 0.130000
	pigment { color rgbt <1,0,0,0> }
	no_shadow
}

// nucleotide -1

// particle -1
sphere {
	<10.113331, 19.022684, 13.231857> 0.250000
	pigment { color rgbt <1,0,0,0> }
	no_shadow
}
cylinder {
	<9.834910, 18.961329, 12.951290>,  <9.667858, 18.924515, 12.782950>, 0.100000
	pigment { color rgbt <1,0,0,0> }
	no_shadow
}
cylinder {
	<9.834910, 18.961329, 12.951290>,  <10.113331, 19.022684, 13.231857>, 0.100000
	pigment { color rgbt <1,0,0,0> }
	no_shadow
}

// particle -1
sphere {
	<9.834910, 18.961329, 12.951290> 0.100000
	pigment { color rgbt <1,0,0,0> }
	no_shadow
}
sphere {
	0, 1
	scale<0.080000,0.200000,0.300000>
	matrix <0.638269, 0.315217, -0.702318,
		0.328826, -0.936541, -0.121504,
		-0.696050, -0.153389, -0.701417,
		9.626096, 18.915312, 12.740865>
	pigment { color rgbt <0,1,1,0> }
	no_shadow
}
cylinder {
	<10.447327, 18.667372, 12.707000>,  <10.113331, 19.022684, 13.231857>, 0.130000
	pigment { color rgbt <1,0,0,0> }
	no_shadow
}

// nucleotide -1

// particle -1
sphere {
	<10.447327, 18.667372, 12.707000> 0.250000
	pigment { color rgbt <1,0,0,0> }
	no_shadow
}
cylinder {
	<10.125374, 18.824596, 12.529160>,  <9.932202, 18.918932, 12.422457>, 0.100000
	pigment { color rgbt <1,0,0,0> }
	no_shadow
}
cylinder {
	<10.125374, 18.824596, 12.529160>,  <10.447327, 18.667372, 12.707000>, 0.100000
	pigment { color rgbt <1,0,0,0> }
	no_shadow
}

// particle -1
sphere {
	<10.125374, 18.824596, 12.529160> 0.100000
	pigment { color rgbt <1,0,0,0> }
	no_shadow
}
sphere {
	0, 1
	scale<0.080000,0.200000,0.300000>
	matrix <0.542290, 0.182902, -0.820042,
		-0.241009, -0.901138, -0.360368,
		-0.804883, 0.393061, -0.444597,
		9.883909, 18.942514, 12.395782>
	pigment { color rgbt <0,1,1,0> }
	no_shadow
}
cylinder {
	<10.478024, 18.443901, 11.962196>,  <10.447327, 18.667372, 12.707000>, 0.130000
	pigment { color rgbt <1,0,0,0> }
	no_shadow
}

// nucleotide -1

// particle -1
sphere {
	<10.478024, 18.443901, 11.962196> 0.250000
	pigment { color rgbt <1,0,0,0> }
	no_shadow
}
cylinder {
	<10.227039, 18.755274, 11.954900>,  <10.076448, 18.942099, 11.950522>, 0.100000
	pigment { color rgbt <1,0,0,0> }
	no_shadow
}
cylinder {
	<10.227039, 18.755274, 11.954900>,  <10.478024, 18.443901, 11.962196>, 0.100000
	pigment { color rgbt <1,0,0,0> }
	no_shadow
}

// particle -1
sphere {
	<10.227039, 18.755274, 11.954900> 0.100000
	pigment { color rgbt <1,0,0,0> }
	no_shadow
}
sphere {
	0, 1
	scale<0.080000,0.200000,0.300000>
	matrix <0.314950, 0.232305, -0.920240,
		-0.712108, -0.583161, -0.390930,
		-0.627463, 0.778433, -0.018241,
		10.038800, 18.988804, 11.949428>
	pigment { color rgbt <0,1,1,0> }
	no_shadow
}
cylinder {
	<10.008983, 18.327768, 11.423780>,  <10.478024, 18.443901, 11.962196>, 0.130000
	pigment { color rgbt <1,0,0,0> }
	no_shadow
}

// nucleotide -1

// particle -1
sphere {
	<10.008983, 18.327768, 11.423780> 0.250000
	pigment { color rgbt <1,0,0,0> }
	no_shadow
}
cylinder {
	<9.966463, 18.716068, 11.509890>,  <9.940951, 18.949049, 11.561555>, 0.100000
	pigment { color rgbt <1,0,0,0> }
	no_shadow
}
cylinder {
	<9.966463, 18.716068, 11.509890>,  <10.008983, 18.327768, 11.423780>, 0.100000
	pigment { color rgbt <1,0,0,0> }
	no_shadow
}

// particle -1
sphere {
	<9.966463, 18.716068, 11.509890> 0.100000
	pigment { color rgbt <1,0,0,0> }
	no_shadow
}
sphere {
	0, 1
	scale<0.080000,0.200000,0.300000>
	matrix <0.168391, 0.230947, -0.958284,
		-0.979972, -0.065614, -0.188015,
		-0.106299, 0.970751, 0.215273,
		9.934573, 19.007294, 11.574471>
	pigment { color rgbt <0,1,1,0> }
	no_shadow
}
cylinder {
	<9.511029, 18.629751, 10.922422>,  <10.008983, 18.327768, 11.423780>, 0.130000
	pigment { color rgbt <1,0,0,0> }
	no_shadow
}

// nucleotide -1

// particle -1
sphere {
	<9.511029, 18.629751, 10.922422> 0.250000
	pigment { color rgbt <1,0,0,0> }
	no_shadow
}
cylinder {
	<9.761542, 18.897097, 11.082952>,  <9.911850, 19.057505, 11.179269>, 0.100000
	pigment { color rgbt <1,0,0,0> }
	no_shadow
}
cylinder {
	<9.761542, 18.897097, 11.082952>,  <9.511029, 18.629751, 10.922422>, 0.100000
	pigment { color rgbt <1,0,0,0> }
	no_shadow
}

// particle -1
sphere {
	<9.761542, 18.897097, 11.082952> 0.100000
	pigment { color rgbt <1,0,0,0> }
	no_shadow
}
sphere {
	0, 1
	scale<0.080000,0.200000,0.300000>
	matrix <0.122922, 0.423686, -0.897430,
		-0.769844, 0.611377, 0.183190,
		0.626283, 0.668363, 0.401324,
		9.949428, 19.097605, 11.203348>
	pigment { color rgbt <0,1,1,0> }
	no_shadow
}
cylinder {
	<9.345227, 19.304283, 10.593496>,  <9.511029, 18.629751, 10.922422>, 0.130000
	pigment { color rgbt <1,0,0,0> }
	no_shadow
}

// nucleotide -1

// particle -1
sphere {
	<9.345227, 19.304283, 10.593496> 0.250000
	pigment { color rgbt <1,0,0,0> }
	no_shadow
}
cylinder {
	<9.723444, 19.345659, 10.716947>,  <9.950374, 19.370485, 10.791017>, 0.100000
	pigment { color rgbt <1,0,0,0> }
	no_shadow
}
cylinder {
	<9.723444, 19.345659, 10.716947>,  <9.345227, 19.304283, 10.593496>, 0.100000
	pigment { color rgbt <1,0,0,0> }
	no_shadow
}

// particle -1
sphere {
	<9.723444, 19.345659, 10.716947> 0.100000
	pigment { color rgbt <1,0,0,0> }
	no_shadow
}
sphere {
	0, 1
	scale<0.080000,0.200000,0.300000>
	matrix <0.218726, 0.500274, -0.837785,
		-0.241058, 0.859666, 0.450406,
		0.945542, 0.103439, 0.308627,
		10.007107, 19.376692, 10.809535>
	pigment { color rgbt <0,1,1,0> }
	no_shadow
}
cylinder {
	<9.478172, 19.908680, 10.391790>,  <9.345227, 19.304283, 10.593496>, 0.130000
	pigment { color rgbt <1,0,0,0> }
	no_shadow
}

// nucleotide -1

// particle -1
sphere {
	<9.478172, 19.908680, 10.391790> 0.250000
	pigment { color rgbt <1,0,0,0> }
	no_shadow
}
cylinder {
	<9.848079, 19.770842, 10.456367>,  <10.070023, 19.688139, 10.495112>, 0.100000
	pigment { color rgbt <1,0,0,0> }
	no_shadow
}
cylinder {
	<9.848079, 19.770842, 10.456367>,  <9.478172, 19.908680, 10.391790>, 0.100000
	pigment { color rgbt <1,0,0,0> }
	no_shadow
}

// particle -1
sphere {
	<9.848079, 19.770842, 10.456367> 0.100000
	pigment { color rgbt <1,0,0,0> }
	no_shadow
}
sphere {
	0, 1
	scale<0.080000,0.200000,0.300000>
	matrix <0.330899, 0.518682, -0.788337,
		0.187920, 0.782447, 0.593686,
		0.924766, -0.344594, 0.161441,
		10.125508, 19.667463, 10.504799>
	pigment { color rgbt <0,1,1,0> }
	no_shadow
}
cylinder {
	<9.900102, 20.452076, 10.167675>,  <9.478172, 19.908680, 10.391790>, 0.130000
	pigment { color rgbt <1,0,0,0> }
	no_shadow
}

// nucleotide -1

// particle -1
sphere {
	<9.900102, 20.452076, 10.167675> 0.250000
	pigment { color rgbt <1,0,0,0> }
	no_shadow
}
cylinder {
	<10.135853, 20.129309, 10.183239>,  <10.277304, 19.935648, 10.192577>, 0.100000
	pigment { color rgbt <1,0,0,0> }
	no_shadow
}
cylinder {
	<10.135853, 20.129309, 10.183239>,  <9.900102, 20.452076, 10.167675>, 0.100000
	pigment { color rgbt <1,0,0,0> }
	no_shadow
}

// particle -1
sphere {
	<10.135853, 20.129309, 10.183239> 0.100000
	pigment { color rgbt <1,0,0,0> }
	no_shadow
}
sphere {
	0, 1
	scale<0.080000,0.200000,0.300000>
	matrix <0.492009, 0.320332, -0.809515,
		0.640749, 0.496254, 0.585809,
		0.589378, -0.806919, 0.038909,
		10.312666, 19.887234, 10.194912>
	pigment { color rgbt <0,1,1,0> }
	no_shadow
}
cylinder {
	<10.664965, 20.682184, 10.253272>,  <9.900102, 20.452076, 10.167675>, 0.130000
	pigment { color rgbt <1,0,0,0> }
	no_shadow
}

// nucleotide -1

// particle -1
sphere {
	<10.664965, 20.682184, 10.253272> 0.250000
	pigment { color rgbt <1,0,0,0> }
	no_shadow
}
cylinder {
	<10.609100, 20.341700, 10.050911>,  <10.575582, 20.137409, 9.929494>, 0.100000
	pigment { color rgbt <1,0,0,0> }
	no_shadow
}
cylinder {
	<10.609100, 20.341700, 10.050911>,  <10.664965, 20.682184, 10.253272>, 0.100000
	pigment { color rgbt <1,0,0,0> }
	no_shadow
}

// particle -1
sphere {
	<10.609100, 20.341700, 10.050911> 0.100000
	pigment { color rgbt <1,0,0,0> }
	no_shadow
}
sphere {
	0, 1
	scale<0.080000,0.200000,0.300000>
	matrix <0.559946, 0.353486, -0.749339,
		0.816674, -0.387930, 0.427263,
		-0.139659, -0.851209, -0.505903,
		10.567203, 20.086336, 9.899140>
	pigment { color rgbt <0,1,1,0> }
	no_shadow
}
cylinder {
	<11.210698, 20.686764, 9.917471>,  <10.664965, 20.682184, 10.253272>, 0.130000
	pigment { color rgbt <1,0,0,0> }
	no_shadow
}

// nucleotide -1

// particle -1
sphere {
	<11.210698, 20.686764, 9.917471> 0.250000
	pigment { color rgbt <1,0,0,0> }
	no_shadow
}
cylinder {
	<11.027803, 20.384167, 9.730429>,  <10.918067, 20.202608, 9.618203>, 0.100000
	pigment { color rgbt <1,0,0,0> }
	no_shadow
}
cylinder {
	<11.027803, 20.384167, 9.730429>,  <11.210698, 20.686764, 9.917471>, 0.100000
	pigment { color rgbt <1,0,0,0> }
	no_shadow
}

// particle -1
sphere {
	<11.027803, 20.384167, 9.730429> 0.100000
	pigment { color rgbt <1,0,0,0> }
	no_shadow
}
sphere {
	0, 1
	scale<0.080000,0.200000,0.300000>
	matrix <0.488204, 0.225978, -0.842965,
		0.743365, -0.613722, 0.265996,
		-0.457237, -0.756491, -0.467606,
		10.890633, 20.157219, 9.590147>
	pigment { color rgbt <0,1,1,0> }
	no_shadow
}
cylinder {
	<11.355757, 19.975424, 9.720822>,  <11.210698, 20.686764, 9.917471>, 0.130000
	pigment { color rgbt <1,0,0,0> }
	no_shadow
}

// nucleotide -1

// particle -1
sphere {
	<11.355757, 19.975424, 9.720822> 0.250000
	pigment { color rgbt <1,0,0,0> }
	no_shadow
}
cylinder {
	<11.685221, 19.800524, 9.576381>,  <11.882899, 19.695583, 9.489716>, 0.100000
	pigment { color rgbt <1,0,0,0> }
	no_shadow
}
cylinder {
	<11.685221, 19.800524, 9.576381>,  <11.355757, 19.975424, 9.720822>, 0.100000
	pigment { color rgbt <1,0,0,0> }
	no_shadow
}

// particle -1
sphere {
	<11.685221, 19.800524, 9.576381> 0.100000
	pigment { color rgbt <1,0,0,0> }
	no_shadow
}
sphere {
	0, 1
	scale<0.080000,0.200000,0.300000>
	matrix <0.431503, 0.896416, -0.101213,
		0.367956, -0.072453, 0.927016,
		0.823659, -0.437252, -0.361105,
		11.932319, 19.669348, 9.468049>
	pigment { color rgbt <0,1,1,0> }
	no_shadow
}
cylinder {
	<11.850932, 19.362642, 9.881763>,  <11.355757, 19.975424, 9.720822>, 0.130000
	pigment { color rgbt <1,0,0,0> }
	no_shadow
}

// nucleotide -1

// particle -1
sphere {
	<11.850932, 19.362642, 9.881763> 0.250000
	pigment { color rgbt <1,0,0,0> }
	no_shadow
}
cylinder {
	<12.223680, 19.490026, 9.812244>,  <12.447328, 19.566458, 9.770534>, 0.100000
	pigment { color rgbt <1,0,0,0> }
	no_shadow
}
cylinder {
	<12.223680, 19.490026, 9.812244>,  <11.850932, 19.362642, 9.881763>, 0.100000
	pigment { color rgbt <1,0,0,0> }
	no_shadow
}

// particle -1
sphere {
	<12.223680, 19.490026, 9.812244> 0.100000
	pigment { color rgbt <1,0,0,0> }
	no_shadow
}
sphere {
	0, 1
	scale<0.080000,0.200000,0.300000>
	matrix <0.362743, -0.826317, 0.430833,
		-0.006405, -0.464522, -0.885538,
		0.931868, 0.318463, -0.173795,
		12.503240, 19.585566, 9.760106>
	pigment { color rgbt <0,1,1,0> }
	no_shadow
}
cylinder {
	<12.485739, 18.946283, 9.593451>,  <11.850932, 19.362642, 9.881763>, 0.130000
	pigment { color rgbt <1,0,0,0> }
	no_shadow
}

// nucleotide -1

// particle -1
sphere {
	<12.485739, 18.946283, 9.593451> 0.250000
	pigment { color rgbt <1,0,0,0> }
	no_shadow
}
cylinder {
	<12.596190, 19.182720, 9.896597>,  <12.662461, 19.324583, 10.078485>, 0.100000
	pigment { color rgbt <1,0,0,0> }
	no_shadow
}
cylinder {
	<12.596190, 19.182720, 9.896597>,  <12.485739, 18.946283, 9.593451>, 0.100000
	pigment { color rgbt <1,0,0,0> }
	no_shadow
}

// particle -1
sphere {
	<12.596190, 19.182720, 9.896597> 0.100000
	pigment { color rgbt <1,0,0,0> }
	no_shadow
}
sphere {
	0, 1
	scale<0.080000,0.200000,0.300000>
	matrix <0.533850, -0.750026, 0.390468,
		0.799222, 0.296768, -0.522659,
		0.276130, 0.591093, 0.757867,
		12.679029, 19.360048, 10.123957>
	pigment { color rgbt <0,1,1,0> }
	no_shadow
}
cylinder {
	<13.231504, 19.000294, 9.747100>,  <12.485739, 18.946283, 9.593451>, 0.130000
	pigment { color rgbt <1,0,0,0> }
	no_shadow
}

// nucleotide -1

// particle -1
sphere {
	<13.231504, 19.000294, 9.747100> 0.250000
	pigment { color rgbt <1,0,0,0> }
	no_shadow
}
cylinder {
	<13.008631, 19.039793, 10.076899>,  <12.874907, 19.063492, 10.274778>, 0.100000
	pigment { color rgbt <1,0,0,0> }
	no_shadow
}
cylinder {
	<13.008631, 19.039793, 10.076899>,  <13.231504, 19.000294, 9.747100>, 0.100000
	pigment { color rgbt <1,0,0,0> }
	no_shadow
}

// particle -1
sphere {
	<13.008631, 19.039793, 10.076899> 0.100000
	pigment { color rgbt <1,0,0,0> }
	no_shadow
}
sphere {
	0, 1
	scale<0.080000,0.200000,0.300000>
	matrix <0.525534, -0.726826, 0.442197,
		0.642932, 0.679686, 0.353081,
		-0.557183, 0.098746, 0.824498,
		12.841475, 19.069416, 10.324247>
	pigment { color rgbt <0,1,1,0> }
	no_shadow
}
cylinder {
	<13.740618, 19.094330, 10.258636>,  <13.231504, 19.000294, 9.747100>, 0.130000
	pigment { color rgbt <1,0,0,0> }
	no_shadow
}

// nucleotide -1

// particle -1
sphere {
	<13.740618, 19.094330, 10.258636> 0.250000
	pigment { color rgbt <1,0,0,0> }
	no_shadow
}
cylinder {
	<13.389582, 18.945963, 10.380133>,  <13.178960, 18.856943, 10.453031>, 0.100000
	pigment { color rgbt <1,0,0,0> }
	no_shadow
}
cylinder {
	<13.389582, 18.945963, 10.380133>,  <13.740618, 19.094330, 10.258636>, 0.100000
	pigment { color rgbt <1,0,0,0> }
	no_shadow
}

// particle -1
sphere {
	<13.389582, 18.945963, 10.380133> 0.100000
	pigment { color rgbt <1,0,0,0> }
	no_shadow
}
sphere {
	0, 1
	scale<0.080000,0.200000,0.300000>
	matrix <0.479387, -0.685669, 0.547764,
		0.005092, 0.626322, 0.779548,
		-0.877589, -0.370916, 0.303741,
		13.126305, 18.834688, 10.471255>
	pigment { color rgbt <0,1,1,0> }
	no_shadow
}
cylinder {
	<13.557424, 19.052952, 10.928169>,  <13.740618, 19.094330, 10.258636>, 0.130000
	pigment { color rgbt <1,0,0,0> }
	no_shadow
}

// nucleotide -1

// particle -1
sphere {
	<13.557424, 19.052952, 10.928169> 0.250000
	pigment { color rgbt <1,0,0,0> }
	no_shadow
}
cylinder {
	<13.709613, 19.248043, 11.242458>,  <13.800926, 19.365097, 11.431032>, 0.100000
	pigment { color rgbt <1,0,0,0> }
	no_shadow
}
cylinder {
	<13.709613, 19.248043, 11.242458>,  <13.557424, 19.052952, 10.928169>, 0.100000
	pigment { color rgbt <1,0,0,0> }
	no_shadow
}

// particle -1
sphere {
	<13.709613, 19.248043, 11.242458> 0.100000
	pigment { color rgbt <1,0,0,0> }
	no_shadow
}
sphere {
	0, 1
	scale<0.080000,0.200000,0.300000>
	matrix <-0.110663, -0.819506, 0.562285,
		0.918147, -0.300884, -0.257826,
		0.380473, 0.487729, 0.785723,
		13.823755, 19.394361, 11.478175>
	pigment { color rgbt <0,1,1,0> }
	no_shadow
}
cylinder {
	<13.912494, 18.491684, 11.218662>,  <13.557424, 19.052952, 10.928169>, 0.130000
	pigment { color rgbt <1,0,0,0> }
	no_shadow
}

// nucleotide -1

// particle -1
sphere {
	<13.912494, 18.491684, 11.218662> 0.250000
	pigment { color rgbt <1,0,0,0> }
	no_shadow
}
cylinder {
	<13.854019, 18.747982, 11.520145>,  <13.818934, 18.901760, 11.701035>, 0.100000
	pigment { color rgbt <1,0,0,0> }
	no_shadow
}
cylinder {
	<13.854019, 18.747982, 11.520145>,  <13.912494, 18.491684, 11.218662>, 0.100000
	pigment { color rgbt <1,0,0,0> }
	no_shadow
}

// particle -1
sphere {
	<13.854019, 18.747982, 11.520145> 0.100000
	pigment { color rgbt <1,0,0,0> }
	no_shadow
}
sphere {
	0, 1
	scale<0.080000,0.200000,0.300000>
	matrix <-0.189010, -0.765948, 0.614490,
		0.971033, -0.052628, 0.233078,
		-0.146186, 0.640744, 0.753709,
		13.810163, 18.940205, 11.746258>
	pigment { color rgbt <0,1,1,0> }
	no_shadow
}
cylinder {
	<14.184874, 18.119305, 11.882715>,  <13.912494, 18.491684, 11.218662>, 0.130000
	pigment { color rgbt <1,0,0,0> }
	no_shadow
}

// nucleotide -1

// particle -1
sphere {
	<14.184874, 18.119305, 11.882715> 0.250000
	pigment { color rgbt <1,0,0,0> }
	no_shadow
}
cylinder {
	<13.897636, 18.391079, 11.942990>,  <13.725294, 18.554144, 11.979156>, 0.100000
	pigment { color rgbt <1,0,0,0> }
	no_shadow
}
cylinder {
	<13.897636, 18.391079, 11.942990>,  <14.184874, 18.119305, 11.882715>, 0.100000
	pigment { color rgbt <1,0,0,0> }
	no_shadow
}

// particle -1
sphere {
	<13.897636, 18.391079, 11.942990> 0.100000
	pigment { color rgbt <1,0,0,0> }
	no_shadow
}
sphere {
	0, 1
	scale<0.080000,0.200000,0.300000>
	matrix <-0.528741, -0.673412, 0.516671,
		0.452520, 0.291344, 0.842819,
		-0.718094, 0.679437, 0.150687,
		13.682208, 18.594910, 11.988196>
	pigment { color rgbt <0,1,1,0> }
	no_shadow
}
cylinder {
	<14.109306, 18.235853, 12.615601>,  <14.184874, 18.119305, 11.882715>, 0.130000
	pigment { color rgbt <1,0,0,0> }
	no_shadow
}

// nucleotide -1

// particle -1
sphere {
	<14.109306, 18.235853, 12.615601> 0.250000
	pigment { color rgbt <1,0,0,0> }
	no_shadow
}
cylinder {
	<13.759224, 18.305880, 12.435217>,  <13.549174, 18.347897, 12.326986>, 0.100000
	pigment { color rgbt <1,0,0,0> }
	no_shadow
}
cylinder {
	<13.759224, 18.305880, 12.435217>,  <14.109306, 18.235853, 12.615601>, 0.100000
	pigment { color rgbt <1,0,0,0> }
	no_shadow
}

// particle -1
sphere {
	<13.759224, 18.305880, 12.435217> 0.100000
	pigment { color rgbt <1,0,0,0> }
	no_shadow
}
sphere {
	0, 1
	scale<0.080000,0.200000,0.300000>
	matrix <-0.419773, -0.738161, 0.528118,
		-0.240424, 0.651513, 0.719532,
		-0.875207, 0.175068, -0.450959,
		13.496662, 18.358400, 12.299929>
	pigment { color rgbt <0,1,1,0> }
	no_shadow
}
cylinder {
	<13.587099, 18.286531, 13.223652>,  <14.109306, 18.235853, 12.615601>, 0.130000
	pigment { color rgbt <1,0,0,0> }
	no_shadow
}

// nucleotide -1

// particle -1
sphere {
	<13.587099, 18.286531, 13.223652> 0.250000
	pigment { color rgbt <1,0,0,0> }
	no_shadow
}
cylinder {
	<13.418721, 18.173908, 12.878739>,  <13.317695, 18.106335, 12.671792>, 0.100000
	pigment { color rgbt <1,0,0,0> }
	no_shadow
}
cylinder {
	<13.418721, 18.173908, 12.878739>,  <13.587099, 18.286531, 13.223652>, 0.100000
	pigment { color rgbt <1,0,0,0> }
	no_shadow
}

// particle -1
sphere {
	<13.418721, 18.173908, 12.878739> 0.100000
	pigment { color rgbt <1,0,0,0> }
	no_shadow
}
sphere {
	0, 1
	scale<0.080000,0.200000,0.300000>
	matrix <-0.498453, -0.722420, 0.479223,
		-0.757858, 0.631533, 0.163756,
		-0.420946, -0.281558, -0.862282,
		13.292438, 18.089441, 12.620055>
	pigment { color rgbt <0,1,1,0> }
	no_shadow
}
cylinder {
	<13.009309, 18.031439, 13.352018>,  <13.587099, 18.286531, 13.223652>, 0.130000
	pigment { color rgbt <1,0,0,0> }
	no_shadow
}

// nucleotide -1

// particle -1
sphere {
	<13.009309, 18.031439, 13.352018> 0.250000
	pigment { color rgbt <1,0,0,0> }
	no_shadow
}
cylinder {
	<13.021079, 17.874083, 12.984458>,  <13.028141, 17.779669, 12.763922>, 0.100000
	pigment { color rgbt <1,0,0,0> }
	no_shadow
}
cylinder {
	<13.021079, 17.874083, 12.984458>,  <13.009309, 18.031439, 13.352018>, 0.100000
	pigment { color rgbt <1,0,0,0> }
	no_shadow
}

// particle -1
sphere {
	<13.021079, 17.874083, 12.984458> 0.100000
	pigment { color rgbt <1,0,0,0> }
	no_shadow
}
sphere {
	0, 1
	scale<0.080000,0.200000,0.300000>
	matrix <-0.610692, -0.734851, 0.295040,
		-0.791321, 0.552484, -0.261863,
		0.029425, -0.393389, -0.918901,
		13.029906, 17.756065, 12.708788>
	pigment { color rgbt <0,1,1,0> }
	no_shadow
}
cylinder {
	<12.339426, 17.960917, 13.240522>,  <13.009309, 18.031439, 13.352018>, 0.130000
	pigment { color rgbt <1,0,0,0> }
	no_shadow
}

// nucleotide -1

// particle -1
sphere {
	<12.339426, 17.960917, 13.240522> 0.250000
	pigment { color rgbt <1,0,0,0> }
	no_shadow
}
cylinder {
	<12.518043, 17.717167, 12.978450>,  <12.625213, 17.570917, 12.821206>, 0.100000
	pigment { color rgbt <1,0,0,0> }
	no_shadow
}
cylinder {
	<12.518043, 17.717167, 12.978450>,  <12.339426, 17.960917, 13.240522>, 0.100000
	pigment { color rgbt <1,0,0,0> }
	no_shadow
}

// particle -1
sphere {
	<12.518043, 17.717167, 12.978450> 0.100000
	pigment { color rgbt <1,0,0,0> }
	no_shadow
}
sphere {
	0, 1
	scale<0.080000,0.200000,0.300000>
	matrix <-0.697872, -0.695460, 0.171201,
		-0.559979, 0.380785, -0.735817,
		0.446541, -0.609375, -0.655182,
		12.652004, 17.534355, 12.781895>
	pigment { color rgbt <0,1,1,0> }
	no_shadow
}
cylinder {
	<11.845490, 17.783991, 12.721099>,  <12.339426, 17.960917, 13.240522>, 0.130000
	pigment { color rgbt <1,0,0,0> }
	no_shadow
}

// nucleotide -1

// particle -1
sphere {
	<11.845490, 17.783991, 12.721099> 0.250000
	pigment { color rgbt <1,0,0,0> }
	no_shadow
}
cylinder {
	<12.124578, 17.499584, 12.686132>,  <12.292031, 17.328939, 12.665153>, 0.100000
	pigment { color rgbt <1,0,0,0> }
	no_shadow
}
cylinder {
	<12.124578, 17.499584, 12.686132>,  <11.845490, 17.783991, 12.721099>, 0.100000
	pigment { color rgbt <1,0,0,0> }
	no_shadow
}

// particle -1
sphere {
	<12.124578, 17.499584, 12.686132> 0.100000
	pigment { color rgbt <1,0,0,0> }
	no_shadow
}
sphere {
	0, 1
	scale<0.080000,0.200000,0.300000>
	matrix <-0.709730, -0.702662, 0.050490,
		-0.097322, 0.026813, -0.994892,
		0.697719, -0.711018, -0.087415,
		12.333894, 17.286280, 12.659908>
	pigment { color rgbt <0,1,1,0> }
	no_shadow
}
cylinder {
	<11.523445, 17.355268, 12.450262>,  <11.845490, 17.783991, 12.721099>, 0.130000
	pigment { color rgbt <1,0,0,0> }
	no_shadow
}

// nucleotide -1

// particle -1
sphere {
	<11.523445, 17.355268, 12.450262> 0.250000
	pigment { color rgbt <1,0,0,0> }
	no_shadow
}
cylinder {
	<11.826870, 17.113113, 12.546670>,  <12.008924, 16.967821, 12.604515>, 0.100000
	pigment { color rgbt <1,0,0,0> }
	no_shadow
}
cylinder {
	<11.826870, 17.113113, 12.546670>,  <11.523445, 17.355268, 12.450262>, 0.100000
	pigment { color rgbt <1,0,0,0> }
	no_shadow
}

// particle -1
sphere {
	<11.826870, 17.113113, 12.546670> 0.100000
	pigment { color rgbt <1,0,0,0> }
	no_shadow
}
sphere {
	0, 1
	scale<0.080000,0.200000,0.300000>
	matrix <-0.635993, -0.768355, 0.071722,
		0.141769, -0.207693, -0.967866,
		0.758561, -0.605388, 0.241020,
		12.054439, 16.931498, 12.618976>
	pigment { color rgbt <0,1,1,0> }
	no_shadow
}
cylinder {
	<11.723473, 16.852110, 11.910954>,  <11.523445, 17.355268, 12.450262>, 0.130000
	pigment { color rgbt <1,0,0,0> }
	no_shadow
}

// nucleotide -1

// particle -1
sphere {
	<11.723473, 16.852110, 11.910954> 0.250000
	pigment { color rgbt <1,0,0,0> }
	no_shadow
}
cylinder {
	<11.810264, 16.722702, 12.279357>,  <11.862338, 16.645058, 12.500399>, 0.100000
	pigment { color rgbt <1,0,0,0> }
	no_shadow
}
cylinder {
	<11.810264, 16.722702, 12.279357>,  <11.723473, 16.852110, 11.910954>, 0.100000
	pigment { color rgbt <1,0,0,0> }
	no_shadow
}

// particle -1
sphere {
	<11.810264, 16.722702, 12.279357> 0.100000
	pigment { color rgbt <1,0,0,0> }
	no_shadow
}
sphere {
	0, 1
	scale<0.080000,0.200000,0.300000>
	matrix <-0.668104, -0.737109, -0.101526,
		0.711729, -0.593300, -0.376081,
		0.216978, -0.323520, 0.921008,
		11.875357, 16.625647, 12.555659>
	pigment { color rgbt <0,1,1,0> }
	no_shadow
}
cylinder {
	<11.816761, 16.167583, 11.741436>,  <11.723473, 16.852110, 11.910954>, 0.130000
	pigment { color rgbt <1,0,0,0> }
	no_shadow
}

// nucleotide -1

// particle -1
sphere {
	<11.816761, 16.167583, 11.741436> 0.250000
	pigment { color rgbt <1,0,0,0> }
	no_shadow
}
cylinder {
	<11.735565, 16.192255, 12.132331>,  <11.686848, 16.207058, 12.366868>, 0.100000
	pigment { color rgbt <1,0,0,0> }
	no_shadow
}
cylinder {
	<11.735565, 16.192255, 12.132331>,  <11.816761, 16.167583, 11.741436>, 0.100000
	pigment { color rgbt <1,0,0,0> }
	no_shadow
}

// particle -1
sphere {
	<11.735565, 16.192255, 12.132331> 0.100000
	pigment { color rgbt <1,0,0,0> }
	no_shadow
}
sphere {
	0, 1
	scale<0.080000,0.200000,0.300000>
	matrix <-0.820597, -0.555234, -0.135409,
		0.534243, -0.829404, 0.163322,
		-0.202990, 0.061680, 0.977236,
		11.674668, 16.210758, 12.425502>
	pigment { color rgbt <0,1,1,0> }
	no_shadow
}
cylinder {
