// switches for output
#declare DRAW_BASES = 1; // possible values are 0, 1; only relevant for DNA ribbons
#declare DRAW_BASES_TYPE = 3; // possible values are 1, 2, 3; only relevant for DNA ribbons
#declare DRAW_FOG = 0; // set to 1 to enable fog

#include "colors.inc"

#include "transforms.inc"
background { rgb <1, 1, 1>}

#default {
   normal{
       ripples 0.25
       frequency 0.20
       turbulence 0.2
       lambda 5
   }
	finish {
		phong 0.1
		phong_size 40.
	}
}

// original window dimensions: 1024x640


// camera settings

camera {
	sky <0, 0.179814, -0.983701>
	up <0, 0.179814, -0.983701>
	right 1.6 * <1, 0, 0>
	location <25.469, 94.9851, 44.8844>
	look_at <25.469, 29.3977, 32.8955>
	direction <0, -65.5874, -11.9889>
	angle 67.0682
}


# declare cpy_camera_pos = <25.469, 94.9851, 44.8844>;
# if (DRAW_FOG = 1)
fog {
	fog_type 2
	up vnormalize(cpy_camera_pos)
	color rgbt<1,1,1,0.3>
	distance 1e-5
	fog_alt 3e-3
	fog_offset 28
}
# end


// LIGHTS

# declare lum = 6;
global_settings {
	ambient_light rgb lum * <0.05, 0.05, 0.05>
	max_trace_level 15
}# declare cpy_direct_light_amount = 0.25;
light_source
{	1000 * <-1, -1.16351, -0.803887>,
	rgb lum * cpy_direct_light_amount
	parallel
}

light_source
{	1000 * <1, 1.16351, 0.803887>,
	rgb lum * cpy_direct_light_amount
	parallel
}

// strand 0

// nucleotide -1

// particle -1
sphere {
	<4.124234, 15.068497, 14.742535> 0.250000
	pigment { color rgbt <1,0,0,0> }
	no_shadow
}
cylinder {
	<4.244795, 14.954887, 15.106620>,  <4.317132, 14.886722, 15.325070>, 0.100000
	pigment { color rgbt <1,0,0,0> }
	no_shadow
}
cylinder {
	<4.244795, 14.954887, 15.106620>,  <4.124234, 15.068497, 14.742535>, 0.100000
	pigment { color rgbt <1,0,0,0> }
	no_shadow
}

// particle -1
sphere {
	<4.244795, 14.954887, 15.106620> 0.100000
	pigment { color rgbt <1,0,0,0> }
	no_shadow
}
sphere {
	0, 1
	scale<0.080000,0.200000,0.300000>
	matrix <0.686719, -0.597600, -0.413874,
		0.661493, 0.749803, 0.014926,
		0.301404, -0.284024, 0.910212,
		4.335217, 14.869680, 15.379683>
	pigment { color rgbt <0,1,1,0> }
	no_shadow
}
cylinder {
	<4.652625, 14.615496, 14.590954>,  <4.124234, 15.068497, 14.742535>, 0.130000
	pigment { color rgbt <1,0,0,0> }
	no_shadow
}

// nucleotide -1

// particle -1
sphere {
	<4.652625, 14.615496, 14.590954> 0.250000
	pigment { color rgbt <1,0,0,0> }
	no_shadow
}
cylinder {
	<4.608515, 14.569196, 14.985809>,  <4.582049, 14.541415, 15.222722>, 0.100000
	pigment { color rgbt <1,0,0,0> }
	no_shadow
}
cylinder {
	<4.608515, 14.569196, 14.985809>,  <4.652625, 14.615496, 14.590954>, 0.100000
	pigment { color rgbt <1,0,0,0> }
	no_shadow
}

// particle -1
sphere {
	<4.608515, 14.569196, 14.985809> 0.100000
	pigment { color rgbt <1,0,0,0> }
	no_shadow
}
sphere {
	0, 1
	scale<0.080000,0.200000,0.300000>
	matrix <0.737335, -0.675520, 0.003158,
		0.666465, 0.728200, 0.159839,
		-0.110274, -0.115750, 0.987138,
		4.575432, 14.534471, 15.281951>
	pigment { color rgbt <0,1,1,0> }
	no_shadow
}
cylinder {
	<5.417687, 14.745660, 14.931737>,  <4.652625, 14.615496, 14.590954>, 0.130000
	pigment { color rgbt <1,0,0,0> }
	no_shadow
}

// nucleotide -1

// particle -1
sphere {
	<5.417687, 14.745660, 14.931737> 0.250000
	pigment { color rgbt <1,0,0,0> }
	no_shadow
}
cylinder {
	<5.164286, 14.543834, 15.166373>,  <5.012246, 14.422738, 15.307156>, 0.100000
	pigment { color rgbt <1,0,0,0> }
	no_shadow
}
cylinder {
	<5.164286, 14.543834, 15.166373>,  <5.417687, 14.745660, 14.931737>, 0.100000
	pigment { color rgbt <1,0,0,0> }
	no_shadow
}

// particle -1
sphere {
	<5.164286, 14.543834, 15.166373> 0.100000
	pigment { color rgbt <1,0,0,0> }
	no_shadow
}
sphere {
	0, 1
	scale<0.080000,0.200000,0.300000>
	matrix <0.738929, -0.619370, 0.265264,
		0.229474, 0.601495, 0.765209,
		-0.633503, -0.504564, 0.586591,
		4.974236, 14.392465, 15.342351>
	pigment { color rgbt <0,1,1,0> }
	no_shadow
}
cylinder {
	<5.377172, 15.264230, 15.427403>,  <5.417687, 14.745660, 14.931737>, 0.130000
	pigment { color rgbt <1,0,0,0> }
	no_shadow
}

// nucleotide -1

// particle -1
sphere {
	<5.377172, 15.264230, 15.427403> 0.250000
	pigment { color rgbt <1,0,0,0> }
	no_shadow
}
cylinder {
	<5.704025, 15.297881, 15.199293>,  <5.900137, 15.318072, 15.062427>, 0.100000
	pigment { color rgbt <1,0,0,0> }
	no_shadow
}
cylinder {
	<5.704025, 15.297881, 15.199293>,  <5.377172, 15.264230, 15.427403>, 0.100000
	pigment { color rgbt <1,0,0,0> }
	no_shadow
}

// particle -1
sphere {
	<5.704025, 15.297881, 15.199293> 0.100000
	pigment { color rgbt <1,0,0,0> }
	no_shadow
}
sphere {
	0, 1
	scale<0.080000,0.200000,0.300000>
	matrix <-0.508447, 0.571330, -0.644255,
		0.271616, 0.816397, 0.509628,
		0.817133, 0.084129, -0.570277,
		5.949165, 15.323120, 15.028210>
	pigment { color rgbt <0,1,1,0> }
	no_shadow
}
cylinder {
	<5.332464, 15.860685, 15.053020>,  <5.377172, 15.264230, 15.427403>, 0.130000
	pigment { color rgbt <1,0,0,0> }
	no_shadow
}

// nucleotide -1

// particle -1
sphere {
	<5.332464, 15.860685, 15.053020> 0.250000
	pigment { color rgbt <1,0,0,0> }
	no_shadow
}
cylinder {
	<5.613096, 15.656909, 14.853719>,  <5.781475, 15.534643, 14.734138>, 0.100000
	pigment { color rgbt <1,0,0,0> }
	no_shadow
}
cylinder {
	<5.613096, 15.656909, 14.853719>,  <5.332464, 15.860685, 15.053020>, 0.100000
	pigment { color rgbt <1,0,0,0> }
	no_shadow
}

// particle -1
sphere {
	<5.613096, 15.656909, 14.853719> 0.100000
	pigment { color rgbt <1,0,0,0> }
	no_shadow
}
sphere {
	0, 1
	scale<0.080000,0.200000,0.300000>
	matrix <-0.119950, 0.604805, -0.787288,
		0.702422, 0.612111, 0.363212,
		0.701580, -0.509441, -0.498251,
		5.823570, 15.504077, 14.704244>
	pigment { color rgbt <0,1,1,0> }
	no_shadow
}
cylinder {
	<5.539231, 16.317017, 14.474471>,  <5.332464, 15.860685, 15.053020>, 0.130000
	pigment { color rgbt <1,0,0,0> }
	no_shadow
}

// nucleotide -1

// particle -1
sphere {
	<5.539231, 16.317017, 14.474471> 0.250000
	pigment { color rgbt <1,0,0,0> }
	no_shadow
}
cylinder {
	<5.691611, 15.958323, 14.384361>,  <5.783040, 15.743108, 14.330296>, 0.100000
	pigment { color rgbt <1,0,0,0> }
	no_shadow
}
cylinder {
	<5.691611, 15.958323, 14.384361>,  <5.539231, 16.317017, 14.474471>, 0.100000
	pigment { color rgbt <1,0,0,0> }
	no_shadow
}

// particle -1
sphere {
	<5.691611, 15.958323, 14.384361> 0.100000
	pigment { color rgbt <1,0,0,0> }
	no_shadow
}
sphere {
	0, 1
	scale<0.080000,0.200000,0.300000>
	matrix <0.046875, 0.262064, -0.963911,
		0.923406, 0.356643, 0.141868,
		0.380951, -0.896732, -0.225274,
		5.805897, 15.689304, 14.316779>
	pigment { color rgbt <0,1,1,0> }
	no_shadow
}
cylinder {
	<6.063347, 16.405581, 13.965553>,  <5.539231, 16.317017, 14.474471>, 0.130000
	pigment { color rgbt <1,0,0,0> }
	no_shadow
}

// nucleotide -1

// particle -1
sphere {
	<6.063347, 16.405581, 13.965553> 0.250000
	pigment { color rgbt <1,0,0,0> }
	no_shadow
}
cylinder {
	<5.948416, 16.025675, 13.915923>,  <5.879457, 15.797732, 13.886146>, 0.100000
	pigment { color rgbt <1,0,0,0> }
	no_shadow
}
cylinder {
	<5.948416, 16.025675, 13.915923>,  <6.063347, 16.405581, 13.965553>, 0.100000
	pigment { color rgbt <1,0,0,0> }
	no_shadow
}

// particle -1
sphere {
	<5.948416, 16.025675, 13.915923> 0.100000
	pigment { color rgbt <1,0,0,0> }
	no_shadow
}
sphere {
	0, 1
	scale<0.080000,0.200000,0.300000>
	matrix <0.121998, 0.092193, -0.988239,
		0.950031, -0.299086, 0.089380,
		-0.287328, -0.949762, -0.124074,
		5.862217, 15.740746, 13.878701>
	pigment { color rgbt <0,1,1,0> }
	no_shadow
}
cylinder {
	<6.578091, 16.134926, 13.542963>,  <6.063347, 16.405581, 13.965553>, 0.130000
	pigment { color rgbt <1,0,0,0> }
	no_shadow
}

// nucleotide -1

// particle -1
sphere {
	<6.578091, 16.134926, 13.542963> 0.250000
	pigment { color rgbt <1,0,0,0> }
	no_shadow
}
cylinder {
	<6.262081, 15.892084, 13.508821>,  <6.072474, 15.746379, 13.488337>, 0.100000
	pigment { color rgbt <1,0,0,0> }
	no_shadow
}
cylinder {
	<6.262081, 15.892084, 13.508821>,  <6.578091, 16.134926, 13.542963>, 0.100000
	pigment { color rgbt <1,0,0,0> }
	no_shadow
}

// particle -1
sphere {
	<6.262081, 15.892084, 13.508821> 0.100000
	pigment { color rgbt <1,0,0,0> }
	no_shadow
}
sphere {
	0, 1
	scale<0.080000,0.200000,0.300000>
	matrix <-0.036165, 0.185129, -0.982048,
		0.612007, -0.772756, -0.168213,
		-0.790025, -0.607104, -0.085353,
		6.025073, 15.709953, 13.483215>
	pigment { color rgbt <0,1,1,0> }
	no_shadow
}
cylinder {
	<6.698519, 15.639801, 12.976756>,  <6.578091, 16.134926, 13.542963>, 0.130000
	pigment { color rgbt <1,0,0,0> }
	no_shadow
}

// nucleotide -1

// particle -1
sphere {
	<6.698519, 15.639801, 12.976756> 0.250000
	pigment { color rgbt <1,0,0,0> }
	no_shadow
}
cylinder {
	<6.302010, 15.656258, 13.026852>,  <6.064104, 15.666131, 13.056909>, 0.100000
	pigment { color rgbt <1,0,0,0> }
	no_shadow
}
cylinder {
	<6.302010, 15.656258, 13.026852>,  <6.698519, 15.639801, 12.976756>, 0.100000
	pigment { color rgbt <1,0,0,0> }
	no_shadow
}

// particle -1
sphere {
	<6.302010, 15.656258, 13.026852> 0.100000
	pigment { color rgbt <1,0,0,0> }
	no_shadow
}
sphere {
	0, 1
	scale<0.080000,0.200000,0.300000>
	matrix <-0.115852, 0.181393, -0.976563,
		-0.062895, -0.982549, -0.175044,
		-0.991273, 0.041142, 0.125239,
		6.004628, 15.668600, 13.064424>
	pigment { color rgbt <0,1,1,0> }
	no_shadow
}
cylinder {
	<6.380797, 15.258989, 12.449018>,  <6.698519, 15.639801, 12.976756>, 0.130000
	pigment { color rgbt <1,0,0,0> }
	no_shadow
}

// nucleotide -1

// particle -1
sphere {
	<6.380797, 15.258989, 12.449018> 0.250000
	pigment { color rgbt <1,0,0,0> }
	no_shadow
}
cylinder {
	<6.066988, 15.463729, 12.589035>,  <5.878701, 15.586573, 12.673045>, 0.100000
	pigment { color rgbt <1,0,0,0> }
	no_shadow
}
cylinder {
	<6.066988, 15.463729, 12.589035>,  <6.380797, 15.258989, 12.449018>, 0.100000
	pigment { color rgbt <1,0,0,0> }
	no_shadow
}

// particle -1
sphere {
	<6.066988, 15.463729, 12.589035> 0.100000
	pigment { color rgbt <1,0,0,0> }
	no_shadow
}
sphere {
	0, 1
	scale<0.080000,0.200000,0.300000>
	matrix <-0.303173, 0.175822, -0.936575,
		-0.540931, -0.840890, 0.017243,
		-0.784525, 0.511850, 0.350043,
		5.831630, 15.617284, 12.694048>
	pigment { color rgbt <0,1,1,0> }
	no_shadow
}
cylinder {
	<5.844994, 14.945247, 12.093071>,  <6.380797, 15.258989, 12.449018>, 0.130000
	pigment { color rgbt <1,0,0,0> }
	no_shadow
}

// nucleotide -1

// particle -1
sphere {
	<5.844994, 14.945247, 12.093071> 0.250000
	pigment { color rgbt <1,0,0,0> }
	no_shadow
}
cylinder {
	<5.728874, 15.306737, 12.218932>,  <5.659202, 15.523631, 12.294449>, 0.100000
	pigment { color rgbt <1,0,0,0> }
	no_shadow
}
cylinder {
	<5.728874, 15.306737, 12.218932>,  <5.844994, 14.945247, 12.093071>, 0.100000
	pigment { color rgbt <1,0,0,0> }
	no_shadow
}

// particle -1
sphere {
	<5.728874, 15.306737, 12.218932> 0.100000
	pigment { color rgbt <1,0,0,0> }
	no_shadow
}
sphere {
	0, 1
	scale<0.080000,0.200000,0.300000>
	matrix <-0.351004, 0.205332, -0.913584,
		-0.890237, -0.375658, 0.257603,
		-0.290301, 0.903726, 0.314652,
		5.641783, 15.577854, 12.313328>
	pigment { color rgbt <0,1,1,0> }
	no_shadow
}
cylinder {
	<5.088941, 15.146449, 11.887050>,  <5.844994, 14.945247, 12.093071>, 0.130000
	pigment { color rgbt <1,0,0,0> }
	no_shadow
}

// nucleotide -1

// particle -1
sphere {
	<5.088941, 15.146449, 11.887050> 0.250000
	pigment { color rgbt <1,0,0,0> }
	no_shadow
}
cylinder {
	<5.294508, 15.486796, 11.930705>,  <5.417848, 15.691005, 11.956898>, 0.100000
	pigment { color rgbt <1,0,0,0> }
	no_shadow
}
cylinder {
	<5.294508, 15.486796, 11.930705>,  <5.088941, 15.146449, 11.887050>, 0.100000
	pigment { color rgbt <1,0,0,0> }
	no_shadow
}

// particle -1
sphere {
	<5.294508, 15.486796, 11.930705> 0.100000
	pigment { color rgbt <1,0,0,0> }
	no_shadow
}
sphere {
	0, 1
	scale<0.080000,0.200000,0.300000>
	matrix <-0.161651, 0.221000, -0.961784,
		-0.842471, 0.476635, 0.251119,
		0.513917, 0.850869, 0.109138,
		5.448683, 15.742057, 11.963447>
	pigment { color rgbt <0,1,1,0> }
	no_shadow
}
cylinder {
	<4.651268, 15.668901, 11.702044>,  <5.088941, 15.146449, 11.887050>, 0.130000
	pigment { color rgbt <1,0,0,0> }
	no_shadow
}

// nucleotide -1

// particle -1
sphere {
	<4.651268, 15.668901, 11.702044> 0.250000
	pigment { color rgbt <1,0,0,0> }
	no_shadow
}
cylinder {
	<4.999623, 15.864709, 11.684488>,  <5.208636, 15.982194, 11.673955>, 0.100000
	pigment { color rgbt <1,0,0,0> }
	no_shadow
}
cylinder {
	<4.999623, 15.864709, 11.684488>,  <4.651268, 15.668901, 11.702044>, 0.100000
	pigment { color rgbt <1,0,0,0> }
	no_shadow
}

// particle -1
sphere {
	<4.999623, 15.864709, 11.684488> 0.100000
	pigment { color rgbt <1,0,0,0> }
	no_shadow
}
sphere {
	0, 1
	scale<0.080000,0.200000,0.300000>
	matrix <-0.181742, 0.237779, -0.954165,
		-0.456646, 0.838947, 0.296045,
		0.870887, 0.489519, -0.043891,
		5.260889, 16.011564, 11.671321>
	pigment { color rgbt <0,1,1,0> }
	no_shadow
}
cylinder {
	<4.554156, 16.274216, 11.330989>,  <4.651268, 15.668901, 11.702044>, 0.130000
	pigment { color rgbt <1,0,0,0> }
	no_shadow
}

// nucleotide -1

// particle -1
sphere {
	<4.554156, 16.274216, 11.330989> 0.250000
	pigment { color rgbt <1,0,0,0> }
	no_shadow
}
cylinder {
	<4.948824, 16.225695, 11.287598>,  <5.185625, 16.196583, 11.261562>, 0.100000
	pigment { color rgbt <1,0,0,0> }
	no_shadow
}
cylinder {
	<4.948824, 16.225695, 11.287598>,  <4.554156, 16.274216, 11.330989>, 0.100000
	pigment { color rgbt <1,0,0,0> }
	no_shadow
}

// particle -1
sphere {
	<4.948824, 16.225695, 11.287598> 0.100000
	pigment { color rgbt <1,0,0,0> }
	no_shadow
}
sphere {
	0, 1
	scale<0.080000,0.200000,0.300000>
	matrix <-0.060067, 0.348061, -0.935546,
		0.151240, 0.929591, 0.336135,
		0.986670, -0.121302, -0.108479,
		5.244825, 16.189304, 11.255054>
	pigment { color rgbt <0,1,1,0> }
	no_shadow
}
cylinder {
	<4.671042, 16.953007, 10.989864>,  <4.554156, 16.274216, 11.330989>, 0.130000
	pigment { color rgbt <1,0,0,0> }
	no_shadow
}

// nucleotide -1

// particle -1
sphere {
	<4.671042, 16.953007, 10.989864> 0.250000
	pigment { color rgbt <1,0,0,0> }
	no_shadow
}
cylinder {
	<4.981106, 16.706804, 10.932906>,  <5.167145, 16.559082, 10.898731>, 0.100000
	pigment { color rgbt <1,0,0,0> }
	no_shadow
}
cylinder {
	<4.981106, 16.706804, 10.932906>,  <4.671042, 16.953007, 10.989864>, 0.100000
	pigment { color rgbt <1,0,0,0> }
	no_shadow
}

// particle -1
sphere {
	<4.981106, 16.706804, 10.932906> 0.100000
	pigment { color rgbt <1,0,0,0> }
	no_shadow
}
sphere {
	0, 1
	scale<0.080000,0.200000,0.300000>
	matrix <0.176354, 0.427249, -0.886768,
		0.606651, 0.662275, 0.439734,
		0.775160, -0.615508, -0.142396,
		5.213655, 16.522152, 10.890187>
	pigment { color rgbt <0,1,1,0> }
	no_shadow
}
cylinder {
	<5.208951, 17.304182, 10.757989>,  <4.671042, 16.953007, 10.989864>, 0.130000
	pigment { color rgbt <1,0,0,0> }
	no_shadow
}

// nucleotide -1

// particle -1
sphere {
	<5.208951, 17.304182, 10.757989> 0.250000
	pigment { color rgbt <1,0,0,0> }
	no_shadow
}
cylinder {
	<5.314695, 16.942583, 10.623586>,  <5.378141, 16.725624, 10.542944>, 0.100000
	pigment { color rgbt <1,0,0,0> }
	no_shadow
}
cylinder {
	<5.314695, 16.942583, 10.623586>,  <5.208951, 17.304182, 10.757989>, 0.100000
	pigment { color rgbt <1,0,0,0> }
	no_shadow
}

// particle -1
sphere {
	<5.314695, 16.942583, 10.623586> 0.100000
	pigment { color rgbt <1,0,0,0> }
	no_shadow
}
sphere {
	0, 1
	scale<0.080000,0.200000,0.300000>
	matrix <0.201100, 0.392414, -0.897536,
		0.943225, 0.169701, 0.285533,
		0.264360, -0.903998, -0.336007,
		5.394003, 16.671383, 10.522783>
	pigment { color rgbt <0,1,1,0> }
	no_shadow
}
cylinder {
	<5.708928, 17.479111, 10.325719>,  <5.208951, 17.304182, 10.757989>, 0.130000
	pigment { color rgbt <1,0,0,0> }
	no_shadow
}

// nucleotide -1

// particle -1
sphere {
	<5.708928, 17.479111, 10.325719> 0.250000
	pigment { color rgbt <1,0,0,0> }
	no_shadow
}
cylinder {
	<5.635104, 17.098759, 10.226308>,  <5.590810, 16.870548, 10.166661>, 0.100000
	pigment { color rgbt <1,0,0,0> }
	no_shadow
}
cylinder {
	<5.635104, 17.098759, 10.226308>,  <5.708928, 17.479111, 10.325719>, 0.100000
	pigment { color rgbt <1,0,0,0> }
	no_shadow
}

// particle -1
sphere {
	<5.635104, 17.098759, 10.226308> 0.100000
	pigment { color rgbt <1,0,0,0> }
	no_shadow
}
sphere {
	0, 1
	scale<0.080000,0.200000,0.300000>
	matrix <0.339561, 0.175607, -0.924046,
		0.922299, -0.254931, 0.290472,
		-0.184559, -0.950880, -0.248527,
		5.579736, 16.813496, 10.151750>
	pigment { color rgbt <0,1,1,0> }
	no_shadow
}
cylinder {
	<6.324908, 17.312338, 9.890703>,  <5.708928, 17.479111, 10.325719>, 0.130000
	pigment { color rgbt <1,0,0,0> }
	no_shadow
}

// nucleotide -1

// particle -1
sphere {
	<6.324908, 17.312338, 9.890703> 0.250000
	pigment { color rgbt <1,0,0,0> }
	no_shadow
}
cylinder {
	<6.067380, 17.018993, 9.803363>,  <5.912863, 16.842987, 9.750958>, 0.100000
	pigment { color rgbt <1,0,0,0> }
	no_shadow
}
cylinder {
	<6.067380, 17.018993, 9.803363>,  <6.324908, 17.312338, 9.890703>, 0.100000
	pigment { color rgbt <1,0,0,0> }
	no_shadow
}

// particle -1
sphere {
	<6.067380, 17.018993, 9.803363> 0.100000
	pigment { color rgbt <1,0,0,0> }
	no_shadow
}
sphere {
	0, 1
	scale<0.080000,0.200000,0.300000>
	matrix <0.231281, 0.085505, -0.969122,
		0.729388, -0.674440, 0.114563,
		-0.643819, -0.733362, -0.218351,
		5.874234, 16.798985, 9.737858>
	pigment { color rgbt <0,1,1,0> }
	no_shadow
}
cylinder {
	<6.635295, 16.950624, 9.416472>,  <6.324908, 17.312338, 9.890703>, 0.130000
	pigment { color rgbt <1,0,0,0> }
	no_shadow
}

// nucleotide -1

// particle -1
sphere {
	<6.635295, 16.950624, 9.416472> 0.250000
	pigment { color rgbt <1,0,0,0> }
	no_shadow
}
cylinder {
	<6.247176, 16.865795, 9.369915>,  <6.014304, 16.814898, 9.341981>, 0.100000
	pigment { color rgbt <1,0,0,0> }
	no_shadow
}
cylinder {
	<6.247176, 16.865795, 9.369915>,  <6.635295, 16.950624, 9.416472>, 0.100000
	pigment { color rgbt <1,0,0,0> }
	no_shadow
}

// particle -1
sphere {
	<6.247176, 16.865795, 9.369915> 0.100000
	pigment { color rgbt <1,0,0,0> }
	no_shadow
}
sphere {
	0, 1
	scale<0.080000,0.200000,0.300000>
	matrix <0.131673, -0.059364, -0.989514,
		0.202940, -0.975449, 0.085526,
		-0.970298, -0.212074, -0.116393,
		5.956086, 16.802174, 9.334997>
	pigment { color rgbt <0,1,1,0> }
	no_shadow
}
cylinder {
	<6.619160, 16.224949, 9.206878>,  <6.635295, 16.950624, 9.416472>, 0.130000
	pigment { color rgbt <1,0,0,0> }
	no_shadow
}

// nucleotide -1

// particle -1
sphere {
	<6.619160, 16.224949, 9.206878> 0.250000
	pigment { color rgbt <1,0,0,0> }
	no_shadow
}
cylinder {
	<6.285110, 16.403059, 9.077698>,  <6.084679, 16.509924, 9.000190>, 0.100000
	pigment { color rgbt <1,0,0,0> }
	no_shadow
}
cylinder {
	<6.285110, 16.403059, 9.077698>,  <6.619160, 16.224949, 9.206878>, 0.100000
	pigment { color rgbt <1,0,0,0> }
	no_shadow
}

// particle -1
sphere {
	<6.285110, 16.403059, 9.077698> 0.100000
	pigment { color rgbt <1,0,0,0> }
	no_shadow
}
sphere {
	0, 1
	scale<0.080000,0.200000,0.300000>
	matrix <0.318415, -0.087406, -0.943913,
		-0.448528, -0.891118, -0.068786,
		-0.835125, 0.445274, -0.322949,
		6.034572, 16.536642, 8.980813>
	pigment { color rgbt <0,1,1,0> }
	no_shadow
}
cylinder {
	<6.403139, 15.809452, 8.733747>,  <6.619160, 16.224949, 9.206878>, 0.130000
	pigment { color rgbt <1,0,0,0> }
	no_shadow
}

// nucleotide -1

// particle -1
sphere {
	<6.403139, 15.809452, 8.733747> 0.250000
	pigment { color rgbt <1,0,0,0> }
	no_shadow
}
cylinder {
	<6.221403, 16.151598, 8.634208>,  <6.112362, 16.356886, 8.574484>, 0.100000
	pigment { color rgbt <1,0,0,0> }
	no_shadow
}
cylinder {
	<6.221403, 16.151598, 8.634208>,  <6.403139, 15.809452, 8.733747>, 0.100000
	pigment { color rgbt <1,0,0,0> }
	no_shadow
}

// particle -1
sphere {
	<6.221403, 16.151598, 8.634208> 0.100000
	pigment { color rgbt <1,0,0,0> }
	no_shadow
}
sphere {
	0, 1
	scale<0.080000,0.200000,0.300000>
	matrix <0.234862, -0.154447, -0.959680,
		-0.859312, -0.494465, -0.130721,
		-0.454338, 0.855366, -0.248849,
		6.085102, 16.408207, 8.559553>
	pigment { color rgbt <0,1,1,0> }
	no_shadow
}
cylinder {
	<6.030492, 15.755171, 8.010555>,  <6.403139, 15.809452, 8.733747>, 0.130000
	pigment { color rgbt <1,0,0,0> }
	no_shadow
}

// nucleotide -1

// particle -1
sphere {
	<6.030492, 15.755171, 8.010555> 0.250000
	pigment { color rgbt <1,0,0,0> }
	no_shadow
}
cylinder {
	<6.079929, 16.143496, 8.092776>,  <6.109591, 16.376490, 8.142109>, 0.100000
	pigment { color rgbt <1,0,0,0> }
	no_shadow
}
cylinder {
	<6.079929, 16.143496, 8.092776>,  <6.030492, 15.755171, 8.010555>, 0.100000
	pigment { color rgbt <1,0,0,0> }
	no_shadow
}

// particle -1
sphere {
	<6.079929, 16.143496, 8.092776> 0.100000
	pigment { color rgbt <1,0,0,0> }
	no_shadow
}
sphere {
	0, 1
	scale<0.080000,0.200000,0.300000>
	matrix <0.528542, 0.110912, -0.841631,
		-0.839862, 0.212662, -0.499406,
		0.123593, 0.970811, 0.205552,
		6.117007, 16.434738, 8.154442>
	pigment { color rgbt <0,1,1,0> }
	no_shadow
}
cylinder {
	<6.098231, 16.011650, 7.348117>,  <6.030492, 15.755171, 8.010555>, 0.130000
	pigment { color rgbt <1,0,0,0> }
	no_shadow
}

// nucleotide -1

// particle -1
sphere {
	<6.098231, 16.011650, 7.348117> 0.250000
	pigment { color rgbt <1,0,0,0> }
	no_shadow
}
cylinder {
	<6.230154, 16.323219, 7.561472>,  <6.309308, 16.510162, 7.689486>, 0.100000
	pigment { color rgbt <1,0,0,0> }
	no_shadow
}
cylinder {
	<6.230154, 16.323219, 7.561472>,  <6.098231, 16.011650, 7.348117>, 0.100000
	pigment { color rgbt <1,0,0,0> }
	no_shadow
}

// particle -1
sphere {
	<6.230154, 16.323219, 7.561472> 0.100000
	pigment { color rgbt <1,0,0,0> }
	no_shadow
}
sphere {
	0, 1
	scale<0.080000,0.200000,0.300000>
	matrix <0.562227, 0.291814, -0.773786,
		-0.758372, 0.555086, -0.341691,
		0.329808, 0.778925, 0.533387,
		6.329096, 16.556896, 7.721488>
	pigment { color rgbt <0,1,1,0> }
	no_shadow
}
cylinder {
	<6.027525, 16.520309, 6.803263>,  <6.098231, 16.011650, 7.348117>, 0.130000
	pigment { color rgbt <1,0,0,0> }
	no_shadow
}

// nucleotide -1

// particle -1
sphere {
	<6.027525, 16.520309, 6.803263> 0.250000
	pigment { color rgbt <1,0,0,0> }
	no_shadow
}
cylinder {
	<6.280158, 16.648558, 7.085626>,  <6.431737, 16.725506, 7.255044>, 0.100000
	pigment { color rgbt <1,0,0,0> }
	no_shadow
}
cylinder {
	<6.280158, 16.648558, 7.085626>,  <6.027525, 16.520309, 6.803263>, 0.100000
	pigment { color rgbt <1,0,0,0> }
	no_shadow
}

// particle -1
sphere {
	<6.280158, 16.648558, 7.085626> 0.100000
	pigment { color rgbt <1,0,0,0> }
	no_shadow
}
sphere {
	0, 1
	scale<0.080000,0.200000,0.300000>
	matrix <0.666883, 0.239727, -0.705548,
		-0.395438, 0.916370, -0.062409,
		0.631581, 0.320620, 0.705909,
		6.469633, 16.744743, 7.297399>
	pigment { color rgbt <0,1,1,0> }
	no_shadow
}
cylinder {
	<6.228043, 17.212738, 6.498789>,  <6.027525, 16.520309, 6.803263>, 0.130000
	pigment { color rgbt <1,0,0,0> }
	no_shadow
}

// nucleotide -1

// particle -1
sphere {
	<6.228043, 17.212738, 6.498789> 0.250000
	pigment { color rgbt <1,0,0,0> }
	no_shadow
}
cylinder {
	<6.488545, 17.117580, 6.787031>,  <6.644847, 17.060486, 6.959976>, 0.100000
	pigment { color rgbt <1,0,0,0> }
	no_shadow
}
cylinder {
	<6.488545, 17.117580, 6.787031>,  <6.228043, 17.212738, 6.498789>, 0.100000
	pigment { color rgbt <1,0,0,0> }
	no_shadow
}

// particle -1
sphere {
	<6.488545, 17.117580, 6.787031> 0.100000
	pigment { color rgbt <1,0,0,0> }
	no_shadow
}
sphere {
	0, 1
	scale<0.080000,0.200000,0.300000>
	matrix <0.758803, 0.215581, -0.614608,
		-0.009136, 0.947064, 0.320915,
		0.651257, -0.237896, 0.720604,
		6.683922, 17.046211, 7.003212>
	pigment { color rgbt <0,1,1,0> }
	no_shadow
}
cylinder {
	<6.733321, 17.774445, 6.567326>,  <6.228043, 17.212738, 6.498789>, 0.130000
	pigment { color rgbt <1,0,0,0> }
	no_shadow
}

// nucleotide -1

// particle -1
sphere {
	<6.733321, 17.774445, 6.567326> 0.250000
	pigment { color rgbt <1,0,0,0> }
	no_shadow
}
cylinder {
	<6.915120, 17.449759, 6.714049>,  <7.024199, 17.254946, 6.802083>, 0.100000
	pigment { color rgbt <1,0,0,0> }
	no_shadow
}
cylinder {
	<6.915120, 17.449759, 6.714049>,  <6.733321, 17.774445, 6.567326>, 0.100000
	pigment { color rgbt <1,0,0,0> }
	no_shadow
}

// particle -1
sphere {
	<6.915120, 17.449759, 6.714049> 0.100000
	pigment { color rgbt <1,0,0,0> }
	no_shadow
}
sphere {
	0, 1
	scale<0.080000,0.200000,0.300000>
	matrix <0.848869, 0.269915, -0.454497,
		0.269915, 0.517939, 0.811717,
		0.454497, -0.811717, 0.366808,
		7.051468, 17.206244, 6.824092>
	pigment { color rgbt <0,1,1,0> }
	no_shadow
}
cylinder {
	<7.268408, 17.906921, 7.076147>,  <6.733321, 17.774445, 6.567326>, 0.130000
	pigment { color rgbt <1,0,0,0> }
	no_shadow
}

// nucleotide -1

// particle -1
sphere {
	<7.268408, 17.906921, 7.076147> 0.250000
	pigment { color rgbt <1,0,0,0> }
	no_shadow
}
cylinder {
	<7.347655, 17.591196, 6.843689>,  <7.395204, 17.401760, 6.704214>, 0.100000
	pigment { color rgbt <1,0,0,0> }
	no_shadow
}
cylinder {
	<7.347655, 17.591196, 6.843689>,  <7.268408, 17.906921, 7.076147>, 0.100000
	pigment { color rgbt <1,0,0,0> }
	no_shadow
}

// particle -1
sphere {
	<7.347655, 17.591196, 6.843689> 0.100000
	pigment { color rgbt <1,0,0,0> }
	no_shadow
}
sphere {
	0, 1
	scale<0.080000,0.200000,0.300000>
	matrix <0.790546, 0.479189, -0.381332,
		0.579470, -0.383873, 0.718927,
		0.198119, -0.789316, -0.581145,
		7.407091, 17.354401, 6.669345>
	pigment { color rgbt <0,1,1,0> }
	no_shadow
}
cylinder {
	<8.027170, 17.747013, 7.165670>,  <7.268408, 17.906921, 7.076147>, 0.130000
	pigment { color rgbt <1,0,0,0> }
	no_shadow
}

// nucleotide -1

// particle -1
sphere {
	<8.027170, 17.747013, 7.165670> 0.250000
	pigment { color rgbt <1,0,0,0> }
	no_shadow
}
cylinder {
	<7.882675, 17.636240, 6.809509>,  <7.795978, 17.569777, 6.595813>, 0.100000
	pigment { color rgbt <1,0,0,0> }
	no_shadow
}
cylinder {
	<7.882675, 17.636240, 6.809509>,  <8.027170, 17.747013, 7.165670>, 0.100000
	pigment { color rgbt <1,0,0,0> }
	no_shadow
}

// particle -1
sphere {
	<7.882675, 17.636240, 6.809509> 0.100000
	pigment { color rgbt <1,0,0,0> }
	no_shadow
}
sphere {
	0, 1
	scale<0.080000,0.200000,0.300000>
	matrix <0.851486, 0.291273, -0.436041,
		0.380104, -0.915679, 0.130586,
		-0.361238, -0.276933, -0.890402,
		7.774303, 17.553160, 6.542389>
	pigment { color rgbt <0,1,1,0> }
	no_shadow
}
cylinder {
	<8.051672, 18.230408, 6.665783>,  <8.027170, 17.747013, 7.165670>, 0.130000
	pigment { color rgbt <1,0,0,0> }
	no_shadow
}

// nucleotide -1

// particle -1
sphere {
	<8.051672, 18.230408, 6.665783> 0.250000
	pigment { color rgbt <1,0,0,0> }
	no_shadow
}
cylinder {
	<8.355513, 18.126793, 6.427152>,  <8.537817, 18.064623, 6.283973>, 0.100000
	pigment { color rgbt <1,0,0,0> }
	no_shadow
}
cylinder {
	<8.355513, 18.126793, 6.427152>,  <8.051672, 18.230408, 6.665783>, 0.100000
	pigment { color rgbt <1,0,0,0> }
	no_shadow
}

// particle -1
sphere {
	<8.355513, 18.126793, 6.427152> 0.100000
	pigment { color rgbt <1,0,0,0> }
	no_shadow
}
sphere {
	0, 1
	scale<0.080000,0.200000,0.300000>
	matrix <0.430687, 0.887669, 0.162946,
		0.487355, -0.380713, 0.785839,
		0.759601, -0.259038, -0.596578,
		8.583393, 18.049082, 6.248178>
	pigment { color rgbt <0,1,1,0> }
	no_shadow
}
cylinder {
	<8.803022, 18.185537, 7.035081>,  <8.051672, 18.230408, 6.665783>, 0.130000
	pigment { color rgbt <1,0,0,0> }
	no_shadow
}

// nucleotide -1

// particle -1
sphere {
	<8.803022, 18.185537, 7.035081> 0.250000
	pigment { color rgbt <1,0,0,0> }
	no_shadow
}
cylinder {
	<8.820004, 18.293886, 6.650410>,  <8.830192, 18.358896, 6.419607>, 0.100000
	pigment { color rgbt <1,0,0,0> }
	no_shadow
}
cylinder {
	<8.820004, 18.293886, 6.650410>,  <8.803022, 18.185537, 7.035081>, 0.100000
	pigment { color rgbt <1,0,0,0> }
	no_shadow
}

// particle -1
sphere {
	<8.820004, 18.293886, 6.650410> 0.100000
	pigment { color rgbt <1,0,0,0> }
	no_shadow
}
sphere {
	0, 1
	scale<0.080000,0.200000,0.300000>
	matrix <0.353454, 0.896227, 0.268042,
		0.934488, -0.351288, -0.057695,
		0.042452, 0.270874, -0.961678,
		8.832739, 18.375149, 6.361906>
	pigment { color rgbt <0,1,1,0> }
	no_shadow
}
cylinder {
	<9.388277, 18.188713, 6.700164>,  <8.803022, 18.185537, 7.035081>, 0.130000
	pigment { color rgbt <1,0,0,0> }
	no_shadow
}

// nucleotide -1

// particle -1
sphere {
	<9.388277, 18.188713, 6.700164> 0.250000
	pigment { color rgbt <1,0,0,0> }
	no_shadow
}
cylinder {
	<9.140146, 18.482939, 6.591250>,  <8.991268, 18.659473, 6.525902>, 0.100000
	pigment { color rgbt <1,0,0,0> }
	no_shadow
}
cylinder {
	<9.140146, 18.482939, 6.591250>,  <9.388277, 18.188713, 6.700164>, 0.100000
	pigment { color rgbt <1,0,0,0> }
	no_shadow
}

// particle -1
sphere {
	<9.140146, 18.482939, 6.591250> 0.100000
	pigment { color rgbt <1,0,0,0> }
	no_shadow
}
sphere {
	0, 1
	scale<0.080000,0.200000,0.300000>
	matrix <0.646685, 0.676090, 0.353129,
		0.443839, 0.042973, -0.895076,
		-0.620327, 0.735565, -0.272285,
		8.954048, 18.703608, 6.509565>
	pigment { color rgbt <0,1,1,0> }
	no_shadow
}
cylinder {
	<9.799417, 18.595993, 6.194815>,  <9.388277, 18.188713, 6.700164>, 0.130000
	pigment { color rgbt <1,0,0,0> }
	no_shadow
}

// nucleotide -1

// particle -1
sphere {
	<9.799417, 18.595993, 6.194815> 0.250000
	pigment { color rgbt <1,0,0,0> }
	no_shadow
}
cylinder {
	<9.479559, 18.784195, 6.344048>,  <9.287644, 18.897116, 6.433587>, 0.100000
	pigment { color rgbt <1,0,0,0> }
	no_shadow
}
cylinder {
	<9.479559, 18.784195, 6.344048>,  <9.799417, 18.595993, 6.194815>, 0.100000
	pigment { color rgbt <1,0,0,0> }
	no_shadow
}

// particle -1
sphere {
	<9.479559, 18.784195, 6.344048> 0.100000
	pigment { color rgbt <1,0,0,0> }
	no_shadow
}
sphere {
	0, 1
	scale<0.080000,0.200000,0.300000>
	matrix <0.596969, 0.689931, 0.409419,
		-0.064766, 0.550108, -0.832578,
		-0.799646, 0.470507, 0.373082,
		9.239665, 18.925346, 6.455972>
	pigment { color rgbt <0,1,1,0> }
	no_shadow
}
cylinder {
	<10.003001, 19.304193, 6.245428>,  <9.799417, 18.595993, 6.194815>, 0.130000
	pigment { color rgbt <1,0,0,0> }
	no_shadow
}

// nucleotide -1

// particle -1
sphere {
	<10.003001, 19.304193, 6.245428> 0.250000
	pigment { color rgbt <1,0,0,0> }
	no_shadow
}
cylinder {
	<9.730331, 19.220217, 6.525783>,  <9.566730, 19.169830, 6.693996>, 0.100000
	pigment { color rgbt <1,0,0,0> }
	no_shadow
}
cylinder {
	<9.730331, 19.220217, 6.525783>,  <10.003001, 19.304193, 6.245428>, 0.100000
	pigment { color rgbt <1,0,0,0> }
	no_shadow
}

// particle -1
sphere {
	<9.730331, 19.220217, 6.525783> 0.100000
	pigment { color rgbt <1,0,0,0> }
	no_shadow
}
sphere {
	0, 1
	scale<0.080000,0.200000,0.300000>
	matrix <0.442298, 0.644851, 0.623329,
		-0.582830, 0.734910, -0.346723,
		-0.681676, -0.209940, 0.700888,
		9.525828, 19.157234, 6.736049>
	pigment { color rgbt <0,1,1,0> }
	no_shadow
}
cylinder {
	<9.630905, 19.938530, 6.495412>,  <10.003001, 19.304193, 6.245428>, 0.130000
	pigment { color rgbt <1,0,0,0> }
	no_shadow
}

// nucleotide -1

// particle -1
sphere {
	<9.630905, 19.938530, 6.495412> 0.250000
	pigment { color rgbt <1,0,0,0> }
	no_shadow
}
cylinder {
	<9.697932, 19.647511, 6.761522>,  <9.738149, 19.472898, 6.921189>, 0.100000
	pigment { color rgbt <1,0,0,0> }
	no_shadow
}
cylinder {
	<9.697932, 19.647511, 6.761522>,  <9.630905, 19.938530, 6.495412>, 0.100000
	pigment { color rgbt <1,0,0,0> }
	no_shadow
}

// particle -1
sphere {
	<9.697932, 19.647511, 6.761522> 0.100000
	pigment { color rgbt <1,0,0,0> }
	no_shadow
}
sphere {
	0, 1
	scale<0.080000,0.200000,0.300000>
	matrix <0.353374, 0.674304, 0.648415,
		-0.920352, 0.126437, 0.370089,
		0.167568, -0.727549, 0.665276,
		9.748202, 19.429245, 6.961105>
	pigment { color rgbt <0,1,1,0> }
	no_shadow
}
cylinder {
	<10.039571, 19.864328, 7.196162>,  <9.630905, 19.938530, 6.495412>, 0.130000
	pigment { color rgbt <1,0,0,0> }
	no_shadow
}

// nucleotide -1

// particle -1
sphere {
	<10.039571, 19.864328, 7.196162> 0.250000
	pigment { color rgbt <1,0,0,0> }
	no_shadow
}
cylinder {
	<10.334297, 19.818346, 6.929663>,  <10.511133, 19.790756, 6.769763>, 0.100000
	pigment { color rgbt <1,0,0,0> }
	no_shadow
}
cylinder {
	<10.334297, 19.818346, 6.929663>,  <10.039571, 19.864328, 7.196162>, 0.100000
	pigment { color rgbt <1,0,0,0> }
	no_shadow
}

// particle -1
sphere {
	<10.334297, 19.818346, 6.929663> 0.100000
	pigment { color rgbt <1,0,0,0> }
	no_shadow
}
sphere {
	0, 1
	scale<0.080000,0.200000,0.300000>
	matrix <-0.488218, -0.772166, -0.406698,
		-0.467702, 0.624936, -0.625067,
		0.736816, -0.114956, -0.666249,
		10.555342, 19.783859, 6.729788>
	pigment { color rgbt <0,1,1,0> }
	no_shadow
}
cylinder {
	<9.356467, 20.238438, 7.449574>,  <10.039571, 19.864328, 7.196162>, 0.130000
	pigment { color rgbt <1,0,0,0> }
	no_shadow
}

// nucleotide -1

// particle -1
sphere {
	<9.356467, 20.238438, 7.449574> 0.250000
	pigment { color rgbt <1,0,0,0> }
	no_shadow
}
cylinder {
	<9.045645, 20.304293, 7.692581>,  <8.859152, 20.343805, 7.838385>, 0.100000
	pigment { color rgbt <1,0,0,0> }
	no_shadow
}
cylinder {
	<9.045645, 20.304293, 7.692581>,  <9.356467, 20.238438, 7.449574>, 0.100000
	pigment { color rgbt <1,0,0,0> }
	no_shadow
}

// particle -1
sphere {
	<9.045645, 20.304293, 7.692581> 0.100000
	pigment { color rgbt <1,0,0,0> }
	no_shadow
}
sphere {
	0, 1
	scale<0.080000,0.200000,0.300000>
	matrix <0.352143, -0.686288, 0.636400,
		0.521709, 0.708451, 0.475307,
		-0.777055, 0.164639, 0.607518,
		8.812528, 20.353685, 7.874836>
	pigment { color rgbt <0,1,1,0> }
	no_shadow
}
cylinder {
	<9.673942, 20.270205, 8.086877>,  <9.356467, 20.238438, 7.449574>, 0.130000
	pigment { color rgbt <1,0,0,0> }
	no_shadow
}

// nucleotide -1

// particle -1
sphere {
	<9.673942, 20.270205, 8.086877> 0.250000
	pigment { color rgbt <1,0,0,0> }
	no_shadow
}
cylinder {
	<9.287918, 20.167524, 8.107907>,  <9.056304, 20.105915, 8.120525>, 0.100000
	pigment { color rgbt <1,0,0,0> }
	no_shadow
}
cylinder {
	<9.287918, 20.167524, 8.107907>,  <9.673942, 20.270205, 8.086877>, 0.100000
	pigment { color rgbt <1,0,0,0> }
	no_shadow
}

// particle -1
sphere {
	<9.287918, 20.167524, 8.107907> 0.100000
	pigment { color rgbt <1,0,0,0> }
	no_shadow
}
sphere {
	0, 1
	scale<0.080000,0.200000,0.300000>
	matrix <0.217119, -0.671057, 0.708902,
		-0.146696, 0.695547, 0.703345,
		-0.965060, -0.256702, 0.052575,
		8.998401, 20.090513, 8.123680>
	pigment { color rgbt <0,1,1,0> }
	no_shadow
}
cylinder {
	<9.530193, 20.063305, 8.764515>,  <9.673942, 20.270205, 8.086877>, 0.130000
	pigment { color rgbt <1,0,0,0> }
	no_shadow
}

// nucleotide -1

// particle -1
sphere {
	<9.530193, 20.063305, 8.764515> 0.250000
	pigment { color rgbt <1,0,0,0> }
	no_shadow
}
cylinder {
	<9.197555, 19.920376, 8.594448>,  <8.997972, 19.834618, 8.492408>, 0.100000
	pigment { color rgbt <1,0,0,0> }
	no_shadow
}
cylinder {
	<9.197555, 19.920376, 8.594448>,  <9.530193, 20.063305, 8.764515>, 0.100000
	pigment { color rgbt <1,0,0,0> }
	no_shadow
}

// particle -1
sphere {
	<9.197555, 19.920376, 8.594448> 0.100000
	pigment { color rgbt <1,0,0,0> }
	no_shadow
}
sphere {
	0, 1
	scale<0.080000,0.200000,0.300000>
	matrix <-0.016871, -0.748937, 0.662426,
		-0.555122, 0.558045, 0.616786,
		-0.831598, -0.357322, -0.425166,
		8.948075, 19.813179, 8.466898>
	pigment { color rgbt <0,1,1,0> }
	no_shadow
}
cylinder {
	<9.064734, 20.063730, 9.268251>,  <9.530193, 20.063305, 8.764515>, 0.130000
	pigment { color rgbt <1,0,0,0> }
	no_shadow
}

// nucleotide -1

// particle -1
sphere {
	<9.064734, 20.063730, 9.268251> 0.250000
	pigment { color rgbt <1,0,0,0> }
	no_shadow
}
cylinder {
	<8.889946, 19.803059, 9.020260>,  <8.785073, 19.646656, 8.871465>, 0.100000
	pigment { color rgbt <1,0,0,0> }
	no_shadow
}
cylinder {
	<8.889946, 19.803059, 9.020260>,  <9.064734, 20.063730, 9.268251>, 0.100000
	pigment { color rgbt <1,0,0,0> }
	no_shadow
}

// particle -1
sphere {
	<8.889946, 19.803059, 9.020260> 0.100000
	pigment { color rgbt <1,0,0,0> }
	no_shadow
}
sphere {
	0, 1
	scale<0.080000,0.200000,0.300000>
	matrix <-0.224557, -0.588404, 0.776760,
		-0.870994, 0.478642, 0.110777,
		-0.436971, -0.651677, -0.619978,
		8.758855, 19.607555, 8.834267>
	pigment { color rgbt <0,1,1,0> }
	no_shadow
}
cylinder {
	<8.458476, 19.857990, 9.583263>,  <9.064734, 20.063730, 9.268251>, 0.130000
	pigment { color rgbt <1,0,0,0> }
	no_shadow
}

// nucleotide -1

// particle -1
sphere {
	<8.458476, 19.857990, 9.583263> 0.250000
	pigment { color rgbt <1,0,0,0> }
	no_shadow
}
cylinder {
	<8.504090, 19.557987, 9.322654>,  <8.531459, 19.377985, 9.166288>, 0.100000
	pigment { color rgbt <1,0,0,0> }
	no_shadow
}
cylinder {
	<8.504090, 19.557987, 9.322654>,  <8.458476, 19.857990, 9.583263>, 0.100000
	pigment { color rgbt <1,0,0,0> }
	no_shadow
}

// particle -1
sphere {
	<8.504090, 19.557987, 9.322654> 0.100000
	pigment { color rgbt <1,0,0,0> }
	no_shadow
}
sphere {
	0, 1
	scale<0.080000,0.200000,0.300000>
	matrix <-0.186985, -0.660284, 0.727366,
		-0.975721, 0.038880, -0.215536,
		0.114036, -0.750009, -0.651523,
		8.538301, 19.332985, 9.127197>
	pigment { color rgbt <0,1,1,0> }
	no_shadow
}
cylinder {
	<7.854937, 19.452503, 9.652688>,  <8.458476, 19.857990, 9.583263>, 0.130000
	pigment { color rgbt <1,0,0,0> }
	no_shadow
}

// nucleotide -1

// particle -1
sphere {
	<7.854937, 19.452503, 9.652688> 0.250000
	pigment { color rgbt <1,0,0,0> }
	no_shadow
}
cylinder {
	<8.140658, 19.219614, 9.497363>,  <8.312091, 19.079880, 9.404168>, 0.100000
	pigment { color rgbt <1,0,0,0> }
	no_shadow
}
cylinder {
	<8.140658, 19.219614, 9.497363>,  <7.854937, 19.452503, 9.652688>, 0.100000
	pigment { color rgbt <1,0,0,0> }
	no_shadow
}

// particle -1
sphere {
	<8.140658, 19.219614, 9.497363> 0.100000
	pigment { color rgbt <1,0,0,0> }
	no_shadow
}
sphere {
	0, 1
	scale<0.080000,0.200000,0.300000>
	matrix <-0.126872, -0.653400, 0.746306,
		-0.688240, -0.483822, -0.540594,
		0.714303, -0.582224, -0.388312,
		8.354949, 19.044947, 9.380870>
	pigment { color rgbt <0,1,1,0> }
	no_shadow
}
cylinder {
	<7.638944, 18.766941, 9.500863>,  <7.854937, 19.452503, 9.652688>, 0.130000
	pigment { color rgbt <1,0,0,0> }
	no_shadow
}

// nucleotide -1

// particle -1
sphere {
	<7.638944, 18.766941, 9.500863> 0.250000
	pigment { color rgbt <1,0,0,0> }
	no_shadow
}
cylinder {
	<8.032292, 18.729475, 9.563101>,  <8.268301, 18.706995, 9.600443>, 0.100000
	pigment { color rgbt <1,0,0,0> }
	no_shadow
}
cylinder {
	<8.032292, 18.729475, 9.563101>,  <7.638944, 18.766941, 9.500863>, 0.100000
	pigment { color rgbt <1,0,0,0> }
	no_shadow
}

// particle -1
sphere {
	<8.032292, 18.729475, 9.563101> 0.100000
	pigment { color rgbt <1,0,0,0> }
	no_shadow
}
sphere {
	0, 1
	scale<0.080000,0.200000,0.300000>
	matrix <-0.179970, -0.617509, 0.765698,
		0.024361, -0.780967, -0.624097,
		0.983370, -0.093666, 0.155594,
		8.327304, 18.701376, 9.609779>
	pigment { color rgbt <0,1,1,0> }
	no_shadow
}
cylinder {
	<7.767751, 18.107189, 9.877035>,  <7.638944, 18.766941, 9.500863>, 0.130000
	pigment { color rgbt <1,0,0,0> }
	no_shadow
}

// nucleotide -1

// particle -1
sphere {
	<7.767751, 18.107189, 9.877035> 0.250000
	pigment { color rgbt <1,0,0,0> }
	no_shadow
}
cylinder {
	<8.143250, 18.228376, 9.942715>,  <8.368550, 18.301088, 9.982122>, 0.100000
	pigment { color rgbt <1,0,0,0> }
	no_shadow
}
cylinder {
	<8.143250, 18.228376, 9.942715>,  <7.767751, 18.107189, 9.877035>, 0.100000
	pigment { color rgbt <1,0,0,0> }
	no_shadow
}

// particle -1
sphere {
	<8.143250, 18.228376, 9.942715> 0.100000
	pigment { color rgbt <1,0,0,0> }
	no_shadow
}
sphere {
	0, 1
	scale<0.080000,0.200000,0.300000>
	matrix <0.054408, -0.600822, 0.797529,
		0.340281, -0.739746, -0.580504,
		0.938749, 0.302968, 0.164200,
		8.424875, 18.319267, 9.991975>
	pigment { color rgbt <0,1,1,0> }
	no_shadow
}
cylinder {
	<8.130971, 17.516853, 9.907185>,  <7.767751, 18.107189, 9.877035>, 0.130000
	pigment { color rgbt <1,0,0,0> }
	no_shadow
}

// nucleotide -1

// particle -1
sphere {
	<8.130971, 17.516853, 9.907185> 0.250000
	pigment { color rgbt <1,0,0,0> }
	no_shadow
}
cylinder {
	<8.359526, 17.790209, 10.088954>,  <8.496658, 17.954222, 10.198015>, 0.100000
	pigment { color rgbt <1,0,0,0> }
	no_shadow
}
cylinder {
