// switches for output
#declare DRAW_BASES = 1; // possible values are 0, 1; only relevant for DNA ribbons
#declare DRAW_BASES_TYPE = 3; // possible values are 1, 2, 3; only relevant for DNA ribbons
#declare DRAW_FOG = 0; // set to 1 to enable fog

#include "colors.inc"

#include "transforms.inc"
background { rgb <1, 1, 1>}

#default {
   normal{
       ripples 0.25
       frequency 0.20
       turbulence 0.2
       lambda 5
   }
	finish {
		phong 0.1
		phong_size 40.
	}
}

// original window dimensions: 1024x640


// camera settings

camera {
	sky <0, 0.179814, -0.983701>
	up <0, 0.179814, -0.983701>
	right 1.6 * <1, 0, 0>
	location <25.469, 94.9851, 44.8844>
	look_at <25.469, 29.3977, 32.8955>
	direction <0, -65.5874, -11.9889>
	angle 67.0682
}


# declare cpy_camera_pos = <25.469, 94.9851, 44.8844>;
# if (DRAW_FOG = 1)
fog {
	fog_type 2
	up vnormalize(cpy_camera_pos)
	color rgbt<1,1,1,0.3>
	distance 1e-5
	fog_alt 3e-3
	fog_offset 28
}
# end


// LIGHTS

# declare lum = 6;
global_settings {
	ambient_light rgb lum * <0.05, 0.05, 0.05>
	max_trace_level 15
}# declare cpy_direct_light_amount = 0.25;
light_source
{	1000 * <-1, -1.16351, -0.803887>,
	rgb lum * cpy_direct_light_amount
	parallel
}

light_source
{	1000 * <1, 1.16351, 0.803887>,
	rgb lum * cpy_direct_light_amount
	parallel
}

// strand 0

// nucleotide -1

// particle -1
sphere {
	<4.531749, 14.580344, 15.338646> 0.250000
	pigment { color rgbt <1,0,0,0> }
	no_shadow
}
cylinder {
	<4.309960, 14.866046, 15.167811>,  <4.176887, 15.037467, 15.065310>, 0.100000
	pigment { color rgbt <1,0,0,0> }
	no_shadow
}
cylinder {
	<4.309960, 14.866046, 15.167811>,  <4.531749, 14.580344, 15.338646>, 0.100000
	pigment { color rgbt <1,0,0,0> }
	no_shadow
}

// particle -1
sphere {
	<4.309960, 14.866046, 15.167811> 0.100000
	pigment { color rgbt <1,0,0,0> }
	no_shadow
}
sphere {
	0, 1
	scale<0.080000,0.200000,0.300000>
	matrix <0.271834, 0.640494, 0.718244,
		0.786554, 0.282150, -0.549294,
		-0.554472, 0.714254, -0.427086,
		4.143619, 15.080322, 15.039686>
	pigment { color rgbt <0,1,1,0> }
	no_shadow
}
cylinder {
	<4.861456, 15.234987, 14.976786>,  <4.531749, 14.580344, 15.338646>, 0.130000
	pigment { color rgbt <1,0,0,0> }
	no_shadow
}

// nucleotide -1

// particle -1
sphere {
	<4.861456, 15.234987, 14.976786> 0.250000
	pigment { color rgbt <1,0,0,0> }
	no_shadow
}
cylinder {
	<4.525003, 15.304352, 15.181695>,  <4.323132, 15.345970, 15.304641>, 0.100000
	pigment { color rgbt <1,0,0,0> }
	no_shadow
}
cylinder {
	<4.525003, 15.304352, 15.181695>,  <4.861456, 15.234987, 14.976786>, 0.100000
	pigment { color rgbt <1,0,0,0> }
	no_shadow
}

// particle -1
sphere {
	<4.525003, 15.304352, 15.181695> 0.100000
	pigment { color rgbt <1,0,0,0> }
	no_shadow
}
sphere {
	0, 1
	scale<0.080000,0.200000,0.300000>
	matrix <0.517885, 0.531224, 0.670519,
		-0.155857, 0.829295, -0.536637,
		-0.841132, 0.173411, 0.512274,
		4.272664, 15.356375, 15.335378>
	pigment { color rgbt <0,1,1,0> }
	no_shadow
}
cylinder {
	<4.743730, 15.953188, 14.966655>,  <4.861456, 15.234987, 14.976786>, 0.130000
	pigment { color rgbt <1,0,0,0> }
	no_shadow
}

// nucleotide -1

// particle -1
sphere {
	<4.743730, 15.953188, 14.966655> 0.250000
	pigment { color rgbt <1,0,0,0> }
	no_shadow
}
cylinder {
	<4.582079, 15.772757, 15.284952>,  <4.485089, 15.664497, 15.475931>, 0.100000
	pigment { color rgbt <1,0,0,0> }
	no_shadow
}
cylinder {
	<4.582079, 15.772757, 15.284952>,  <4.743730, 15.953188, 14.966655>, 0.100000
	pigment { color rgbt <1,0,0,0> }
	no_shadow
}

// particle -1
sphere {
	<4.582079, 15.772757, 15.284952> 0.100000
	pigment { color rgbt <1,0,0,0> }
	no_shadow
}
sphere {
	0, 1
	scale<0.080000,0.200000,0.300000>
	matrix <0.560825, 0.565058, 0.605132,
		-0.722604, 0.690823, 0.024621,
		-0.404127, -0.451079, 0.795744,
		4.460841, 15.637433, 15.523676>
	pigment { color rgbt <0,1,1,0> }
	no_shadow
}
cylinder {
	<4.339253, 16.448299, 15.399871>,  <4.743730, 15.953188, 14.966655>, 0.130000
	pigment { color rgbt <1,0,0,0> }
	no_shadow
}

// nucleotide -1

// particle -1
sphere {
	<4.339253, 16.448299, 15.399871> 0.250000
	pigment { color rgbt <1,0,0,0> }
	no_shadow
}
cylinder {
	<4.539513, 16.182617, 15.621926>,  <4.659669, 16.023207, 15.755159>, 0.100000
	pigment { color rgbt <1,0,0,0> }
	no_shadow
}
cylinder {
	<4.539513, 16.182617, 15.621926>,  <4.339253, 16.448299, 15.399871>, 0.100000
	pigment { color rgbt <1,0,0,0> }
	no_shadow
}

// particle -1
sphere {
	<4.539513, 16.182617, 15.621926> 0.100000
	pigment { color rgbt <1,0,0,0> }
	no_shadow
}
sphere {
	0, 1
	scale<0.080000,0.200000,0.300000>
	matrix <0.555852, 0.738287, 0.382047,
		-0.663610, 0.117303, 0.738825,
		0.500649, -0.664208, 0.555138,
		4.689708, 15.983355, 15.788467>
	pigment { color rgbt <0,1,1,0> }
	no_shadow
}
cylinder {
	<4.244513, 16.615074, 16.138256>,  <4.339253, 16.448299, 15.399871>, 0.130000
	pigment { color rgbt <1,0,0,0> }
	no_shadow
}

// nucleotide -1

// particle -1
sphere {
	<4.244513, 16.615074, 16.138256> 0.250000
	pigment { color rgbt <1,0,0,0> }
	no_shadow
}
cylinder {
	<4.583865, 16.409218, 16.088631>,  <4.787477, 16.285704, 16.058855>, 0.100000
	pigment { color rgbt <1,0,0,0> }
	no_shadow
}
cylinder {
	<4.583865, 16.409218, 16.088631>,  <4.244513, 16.615074, 16.138256>, 0.100000
	pigment { color rgbt <1,0,0,0> }
	no_shadow
}

// particle -1
sphere {
	<4.583865, 16.409218, 16.088631> 0.100000
	pigment { color rgbt <1,0,0,0> }
	no_shadow
}
sphere {
	0, 1
	scale<0.080000,0.200000,0.300000>
	matrix <0.487174, 0.667291, 0.563369,
		-0.207148, -0.538392, 0.816838,
		0.848382, -0.514643, -0.124063,
		4.838380, 16.254826, 16.051413>
	pigment { color rgbt <0,1,1,0> }
	no_shadow
}
cylinder {
	<4.510045, 16.672932, 16.828665>,  <4.244513, 16.615074, 16.138256>, 0.130000
	pigment { color rgbt <1,0,0,0> }
	no_shadow
}

// nucleotide -1

// particle -1
sphere {
	<4.510045, 16.672932, 16.828665> 0.250000
	pigment { color rgbt <1,0,0,0> }
	no_shadow
}
cylinder {
	<4.799064, 16.598850, 16.562244>,  <4.972475, 16.554401, 16.402391>, 0.100000
	pigment { color rgbt <1,0,0,0> }
	no_shadow
}
cylinder {
	<4.799064, 16.598850, 16.562244>,  <4.510045, 16.672932, 16.828665>, 0.100000
	pigment { color rgbt <1,0,0,0> }
	no_shadow
}

// particle -1
sphere {
	<4.799064, 16.598850, 16.562244> 0.100000
	pigment { color rgbt <1,0,0,0> }
	no_shadow
}
sphere {
	0, 1
	scale<0.080000,0.200000,0.300000>
	matrix <0.608640, 0.627316, 0.485832,
		0.327847, -0.756422, 0.565988,
		0.722547, -0.185204, -0.666052,
		5.015828, 16.543289, 16.362429>
	pigment { color rgbt <0,1,1,0> }
	no_shadow
}
cylinder {
	<5.100386, 16.431189, 17.251476>,  <4.510045, 16.672932, 16.828665>, 0.130000
	pigment { color rgbt <1,0,0,0> }
	no_shadow
}

// nucleotide -1

// particle -1
sphere {
	<5.100386, 16.431189, 17.251476> 0.250000
	pigment { color rgbt <1,0,0,0> }
	no_shadow
}
cylinder {
	<5.222562, 16.542280, 16.887154>,  <5.295868, 16.608936, 16.668560>, 0.100000
	pigment { color rgbt <1,0,0,0> }
	no_shadow
}
cylinder {
	<5.222562, 16.542280, 16.887154>,  <5.100386, 16.431189, 17.251476>, 0.100000
	pigment { color rgbt <1,0,0,0> }
	no_shadow
}

// particle -1
sphere {
	<5.222562, 16.542280, 16.887154> 0.100000
	pigment { color rgbt <1,0,0,0> }
	no_shadow
}
sphere {
	0, 1
	scale<0.080000,0.200000,0.300000>
	matrix <0.674930, 0.611589, 0.412829,
		0.671696, -0.740826, -0.000644,
		0.305441, 0.277731, -0.910808,
		5.314195, 16.625599, 16.613911>
	pigment { color rgbt <0,1,1,0> }
	no_shadow
}
cylinder {
	<5.781919, 16.256573, 17.249462>,  <5.100386, 16.431189, 17.251476>, 0.130000
	pigment { color rgbt <1,0,0,0> }
	no_shadow
}

// nucleotide -1

// particle -1
sphere {
	<5.781919, 16.256573, 17.249462> 0.250000
	pigment { color rgbt <1,0,0,0> }
	no_shadow
}
cylinder {
	<5.687112, 16.539839, 16.983431>,  <5.630229, 16.709799, 16.823812>, 0.100000
	pigment { color rgbt <1,0,0,0> }
	no_shadow
}
cylinder {
	<5.687112, 16.539839, 16.983431>,  <5.781919, 16.256573, 17.249462>, 0.100000
	pigment { color rgbt <1,0,0,0> }
	no_shadow
}

// particle -1
sphere {
	<5.687112, 16.539839, 16.983431> 0.100000
	pigment { color rgbt <1,0,0,0> }
	no_shadow
}
sphere {
	0, 1
	scale<0.080000,0.200000,0.300000>
	matrix <0.530080, 0.667968, 0.522335,
		0.814149, -0.228743, -0.533702,
		-0.237015, 0.708163, -0.665078,
		5.616008, 16.752287, 16.783907>
	pigment { color rgbt <0,1,1,0> }
	no_shadow
}
cylinder {
	<6.386146, 16.627522, 17.228443>,  <5.781919, 16.256573, 17.249462>, 0.130000
	pigment { color rgbt <1,0,0,0> }
	no_shadow
}

// nucleotide -1

// particle -1
sphere {
	<6.386146, 16.627522, 17.228443> 0.250000
	pigment { color rgbt <1,0,0,0> }
	no_shadow
}
cylinder {
	<6.120398, 16.865492, 17.047480>,  <5.960949, 17.008274, 16.938902>, 0.100000
	pigment { color rgbt <1,0,0,0> }
	no_shadow
}
cylinder {
	<6.120398, 16.865492, 17.047480>,  <6.386146, 16.627522, 17.228443>, 0.100000
	pigment { color rgbt <1,0,0,0> }
	no_shadow
}

// particle -1
sphere {
	<6.120398, 16.865492, 17.047480> 0.100000
	pigment { color rgbt <1,0,0,0> }
	no_shadow
}
sphere {
	0, 1
	scale<0.080000,0.200000,0.300000>
	matrix <0.354655, 0.783760, 0.509843,
		0.657900, 0.178275, -0.731700,
		-0.664370, 0.594927, -0.452410,
		5.921087, 17.043970, 16.911757>
	pigment { color rgbt <0,1,1,0> }
	no_shadow
}
cylinder {
	<6.756560, 17.165346, 16.890265>,  <6.386146, 16.627522, 17.228443>, 0.130000
	pigment { color rgbt <1,0,0,0> }
	no_shadow
}

// nucleotide -1

// particle -1
sphere {
	<6.756560, 17.165346, 16.890265> 0.250000
	pigment { color rgbt <1,0,0,0> }
	no_shadow
}
cylinder {
	<6.386422, 17.310616, 16.933792>,  <6.164340, 17.397778, 16.959909>, 0.100000
	pigment { color rgbt <1,0,0,0> }
	no_shadow
}
cylinder {
	<6.386422, 17.310616, 16.933792>,  <6.756560, 17.165346, 16.890265>, 0.100000
	pigment { color rgbt <1,0,0,0> }
	no_shadow
}

// particle -1
sphere {
	<6.386422, 17.310616, 16.933792> 0.100000
	pigment { color rgbt <1,0,0,0> }
	no_shadow
}
sphere {
	0, 1
	scale<0.080000,0.200000,0.300000>
	matrix <0.367288, 0.787566, 0.494813,
		0.094001, 0.497841, -0.862159,
		-0.925345, 0.363174, 0.108819,
		6.108819, 17.419567, 16.966438>
	pigment { color rgbt <0,1,1,0> }
	no_shadow
}
cylinder {
	<6.782663, 17.879543, 16.696730>,  <6.756560, 17.165346, 16.890265>, 0.130000
	pigment { color rgbt <1,0,0,0> }
	no_shadow
}

// nucleotide -1

// particle -1
sphere {
	<6.782663, 17.879543, 16.696730> 0.250000
	pigment { color rgbt <1,0,0,0> }
	no_shadow
}
cylinder {
	<6.465189, 17.834763, 16.935905>,  <6.274704, 17.807894, 17.079411>, 0.100000
	pigment { color rgbt <1,0,0,0> }
	no_shadow
}
cylinder {
	<6.465189, 17.834763, 16.935905>,  <6.782663, 17.879543, 16.696730>, 0.100000
	pigment { color rgbt <1,0,0,0> }
	no_shadow
}

// particle -1
sphere {
	<6.465189, 17.834763, 16.935905> 0.100000
	pigment { color rgbt <1,0,0,0> }
	no_shadow
}
sphere {
	0, 1
	scale<0.080000,0.200000,0.300000>
	matrix <0.287818, 0.796841, 0.531230,
		-0.535933, 0.593727, -0.600220,
		-0.793685, -0.111950, 0.597939,
		6.227083, 17.801178, 17.115288>
	pigment { color rgbt <0,1,1,0> }
	no_shadow
}
cylinder {
	<6.582103, 18.573879, 16.805302>,  <6.782663, 17.879543, 16.696730>, 0.130000
	pigment { color rgbt <1,0,0,0> }
	no_shadow
}

// nucleotide -1

// particle -1
sphere {
	<6.582103, 18.573879, 16.805302> 0.250000
	pigment { color rgbt <1,0,0,0> }
	no_shadow
}
cylinder {
	<6.401743, 18.359077, 17.090488>,  <6.293528, 18.230196, 17.261600>, 0.100000
	pigment { color rgbt <1,0,0,0> }
	no_shadow
}
cylinder {
	<6.401743, 18.359077, 17.090488>,  <6.582103, 18.573879, 16.805302>, 0.100000
	pigment { color rgbt <1,0,0,0> }
	no_shadow
}

// particle -1
sphere {
	<6.401743, 18.359077, 17.090488> 0.100000
	pigment { color rgbt <1,0,0,0> }
	no_shadow
}
sphere {
	0, 1
	scale<0.080000,0.200000,0.300000>
	matrix <0.111537, 0.758613, 0.641924,
		-0.885579, 0.368965, -0.282162,
		-0.450899, -0.537002, 0.712965,
		6.266474, 18.197977, 17.304379>
	pigment { color rgbt <0,1,1,0> }
	no_shadow
}
cylinder {
	<6.300237, 19.100340, 17.212011>,  <6.582103, 18.573879, 16.805302>, 0.130000
	pigment { color rgbt <1,0,0,0> }
	no_shadow
}

// nucleotide -1

// particle -1
sphere {
	<6.300237, 19.100340, 17.212011> 0.250000
	pigment { color rgbt <1,0,0,0> }
	no_shadow
}
cylinder {
	<6.230148, 18.804127, 17.471521>,  <6.188094, 18.626398, 17.627228>, 0.100000
	pigment { color rgbt <1,0,0,0> }
	no_shadow
}
cylinder {
	<6.230148, 18.804127, 17.471521>,  <6.300237, 19.100340, 17.212011>, 0.100000
	pigment { color rgbt <1,0,0,0> }
	no_shadow
}

// particle -1
sphere {
	<6.230148, 18.804127, 17.471521> 0.100000
	pigment { color rgbt <1,0,0,0> }
	no_shadow
}
sphere {
	0, 1
	scale<0.080000,0.200000,0.300000>
	matrix <0.049864, 0.651447, 0.757054,
		-0.983265, 0.165004, -0.077223,
		-0.175223, -0.740534, 0.648773,
		6.177581, 18.581966, 17.666153>
	pigment { color rgbt <0,1,1,0> }
	no_shadow
}
cylinder {
	<5.899750, 19.438917, 17.608772>,  <6.300237, 19.100340, 17.212011>, 0.130000
	pigment { color rgbt <1,0,0,0> }
	no_shadow
}

// nucleotide -1

// particle -1
sphere {
	<5.899750, 19.438917, 17.608772> 0.250000
	pigment { color rgbt <1,0,0,0> }
	no_shadow
}
cylinder {
	<6.019027, 19.105553, 17.794893>,  <6.090593, 18.905533, 17.906565>, 0.100000
	pigment { color rgbt <1,0,0,0> }
	no_shadow
}
cylinder {
	<6.019027, 19.105553, 17.794893>,  <5.899750, 19.438917, 17.608772>, 0.100000
	pigment { color rgbt <1,0,0,0> }
	no_shadow
}

// particle -1
sphere {
	<6.019027, 19.105553, 17.794893> 0.100000
	pigment { color rgbt <1,0,0,0> }
	no_shadow
}
sphere {
	0, 1
	scale<0.080000,0.200000,0.300000>
	matrix <0.144997, 0.521371, 0.840921,
		-0.943429, -0.183288, 0.276310,
		0.298191, -0.833413, 0.465301,
		6.108484, 18.855528, 17.934483>
	pigment { color rgbt <0,1,1,0> }
	no_shadow
}
cylinder {
	<5.628205, 19.390301, 18.239498>,  <5.899750, 19.438917, 17.608772>, 0.130000
	pigment { color rgbt <1,0,0,0> }
	no_shadow
}

// nucleotide -1

// particle -1
sphere {
	<5.628205, 19.390301, 18.239498> 0.250000
	pigment { color rgbt <1,0,0,0> }
	no_shadow
}
cylinder {
	<5.976086, 19.194441, 18.264351>,  <6.184814, 19.076925, 18.279263>, 0.100000
	pigment { color rgbt <1,0,0,0> }
	no_shadow
}
cylinder {
	<5.976086, 19.194441, 18.264351>,  <5.628205, 19.390301, 18.239498>, 0.100000
	pigment { color rgbt <1,0,0,0> }
	no_shadow
}

// particle -1
sphere {
	<5.976086, 19.194441, 18.264351> 0.100000
	pigment { color rgbt <1,0,0,0> }
	no_shadow
}
sphere {
	0, 1
	scale<0.080000,0.200000,0.300000>
	matrix <0.251563, 0.548045, 0.797724,
		-0.424658, -0.678152, 0.599813,
		0.869702, -0.489650, 0.062134,
		6.236996, 19.047546, 18.282991>
	pigment { color rgbt <0,1,1,0> }
	no_shadow
}
cylinder {
	<5.705415, 19.515398, 18.908716>,  <5.628205, 19.390301, 18.239498>, 0.130000
	pigment { color rgbt <1,0,0,0> }
	no_shadow
}

// nucleotide -1

// particle -1
sphere {
	<5.705415, 19.515398, 18.908716> 0.250000
	pigment { color rgbt <1,0,0,0> }
	no_shadow
}
cylinder {
	<6.058331, 19.348215, 18.822115>,  <6.270082, 19.247906, 18.770153>, 0.100000
	pigment { color rgbt <1,0,0,0> }
	no_shadow
}
cylinder {
	<6.058331, 19.348215, 18.822115>,  <5.705415, 19.515398, 18.908716>, 0.100000
	pigment { color rgbt <1,0,0,0> }
	no_shadow
}

// particle -1
sphere {
	<6.058331, 19.348215, 18.822115> 0.100000
	pigment { color rgbt <1,0,0,0> }
	no_shadow
}
sphere {
	0, 1
	scale<0.080000,0.200000,0.300000>
	matrix <0.392851, 0.400477, 0.827820,
		-0.259288, -0.815432, 0.517532,
		0.882291, -0.417957, -0.216505,
		6.323019, 19.222828, 18.757164>
	pigment { color rgbt <0,1,1,0> }
	no_shadow
}
cylinder {
	<5.950166, 19.415388, 19.554701>,  <5.705415, 19.515398, 18.908716>, 0.130000
	pigment { color rgbt <1,0,0,0> }
	no_shadow
}

// nucleotide -1

// particle -1
sphere {
	<5.950166, 19.415388, 19.554701> 0.250000
	pigment { color rgbt <1,0,0,0> }
	no_shadow
}
cylinder {
	<6.260029, 19.406210, 19.301916>,  <6.445947, 19.400703, 19.150246>, 0.100000
	pigment { color rgbt <1,0,0,0> }
	no_shadow
}
cylinder {
	<6.260029, 19.406210, 19.301916>,  <5.950166, 19.415388, 19.554701>, 0.100000
	pigment { color rgbt <1,0,0,0> }
	no_shadow
}

// particle -1
sphere {
	<6.260029, 19.406210, 19.301916> 0.100000
	pigment { color rgbt <1,0,0,0> }
	no_shadow
}
sphere {
	0, 1
	scale<0.080000,0.200000,0.300000>
	matrix <0.561138, 0.485747, 0.670204,
		0.291597, -0.873798, 0.389163,
		0.774658, -0.022944, -0.631964,
		6.492427, 19.399326, 19.112328>
	pigment { color rgbt <0,1,1,0> }
	no_shadow
}
cylinder {
	<6.521902, 19.218235, 19.929417>,  <5.950166, 19.415388, 19.554701>, 0.130000
	pigment { color rgbt <1,0,0,0> }
	no_shadow
}

// nucleotide -1

// particle -1
sphere {
	<6.521902, 19.218235, 19.929417> 0.250000
	pigment { color rgbt <1,0,0,0> }
	no_shadow
}
cylinder {
	<6.691386, 19.405413, 19.619190>,  <6.793076, 19.517719, 19.433054>, 0.100000
	pigment { color rgbt <1,0,0,0> }
	no_shadow
}
cylinder {
	<6.691386, 19.405413, 19.619190>,  <6.521902, 19.218235, 19.929417>, 0.100000
	pigment { color rgbt <1,0,0,0> }
	no_shadow
}

// particle -1
sphere {
	<6.691386, 19.405413, 19.619190> 0.100000
	pigment { color rgbt <1,0,0,0> }
	no_shadow
}
sphere {
	0, 1
	scale<0.080000,0.200000,0.300000>
	matrix <0.633898, 0.458429, 0.622909,
		0.647027, -0.755562, -0.102388,
		0.423709, 0.467942, -0.775565,
		6.818499, 19.545795, 19.386520>
	pigment { color rgbt <0,1,1,0> }
	no_shadow
}
cylinder {
	<7.274880, 19.208204, 20.082249>,  <6.521902, 19.218235, 19.929417>, 0.130000
	pigment { color rgbt <1,0,0,0> }
	no_shadow
}

// nucleotide -1

// particle -1
sphere {
	<7.274880, 19.208204, 20.082249> 0.250000
	pigment { color rgbt <1,0,0,0> }
	no_shadow
}
cylinder {
	<7.197233, 19.501801, 19.821917>,  <7.150645, 19.677958, 19.665718>, 0.100000
	pigment { color rgbt <1,0,0,0> }
	no_shadow
}
cylinder {
	<7.197233, 19.501801, 19.821917>,  <7.274880, 19.208204, 20.082249>, 0.100000
	pigment { color rgbt <1,0,0,0> }
	no_shadow
}

// particle -1
sphere {
	<7.197233, 19.501801, 19.821917> 0.100000
	pigment { color rgbt <1,0,0,0> }
	no_shadow
}
sphere {
	0, 1
	scale<0.080000,0.200000,0.300000>
	matrix <0.574935, 0.622685, 0.530767,
		0.794839, -0.271153, -0.542870,
		-0.194118, 0.733989, -0.650829,
		7.138998, 19.721996, 19.626667>
	pigment { color rgbt <0,1,1,0> }
	no_shadow
}
cylinder {
	<7.926887, 19.502012, 19.913876>,  <7.274880, 19.208204, 20.082249>, 0.130000
	pigment { color rgbt <1,0,0,0> }
	no_shadow
}

// nucleotide -1

// particle -1
sphere {
	<7.926887, 19.502012, 19.913876> 0.250000
	pigment { color rgbt <1,0,0,0> }
	no_shadow
}
cylinder {
	<7.669102, 19.782539, 19.792007>,  <7.514431, 19.950855, 19.718885>, 0.100000
	pigment { color rgbt <1,0,0,0> }
	no_shadow
}
cylinder {
	<7.669102, 19.782539, 19.792007>,  <7.926887, 19.502012, 19.913876>, 0.100000
	pigment { color rgbt <1,0,0,0> }
	no_shadow
}

// particle -1
sphere {
	<7.669102, 19.782539, 19.792007> 0.100000
	pigment { color rgbt <1,0,0,0> }
	no_shadow
}
sphere {
	0, 1
	scale<0.080000,0.200000,0.300000>
	matrix <0.483532, 0.682456, 0.548134,
		0.592340, 0.205932, -0.778925,
		-0.644460, 0.701317, -0.304671,
		7.475764, 19.992935, 19.700605>
	pigment { color rgbt <0,1,1,0> }
	no_shadow
}
cylinder {
	<8.286950, 20.091503, 19.601427>,  <7.926887, 19.502012, 19.913876>, 0.130000
	pigment { color rgbt <1,0,0,0> }
	no_shadow
}

// nucleotide -1

// particle -1
sphere {
	<8.286950, 20.091503, 19.601427> 0.250000
	pigment { color rgbt <1,0,0,0> }
	no_shadow
}
cylinder {
	<7.938562, 20.247118, 19.721468>,  <7.729529, 20.340487, 19.793491>, 0.100000
	pigment { color rgbt <1,0,0,0> }
	no_shadow
}
cylinder {
	<7.938562, 20.247118, 19.721468>,  <8.286950, 20.091503, 19.601427>, 0.100000
	pigment { color rgbt <1,0,0,0> }
	no_shadow
}

// particle -1
sphere {
	<7.938562, 20.247118, 19.721468> 0.100000
	pigment { color rgbt <1,0,0,0> }
	no_shadow
}
sphere {
	0, 1
	scale<0.080000,0.200000,0.300000>
	matrix <0.491328, 0.686757, 0.535688,
		0.002305, 0.614017, -0.789290,
		-0.870972, 0.389035, 0.300100,
		7.677270, 20.363829, 19.811499>
	pigment { color rgbt <0,1,1,0> }
	no_shadow
}
cylinder {
	<8.400025, 20.901245, 19.564932>,  <8.286950, 20.091503, 19.601427>, 0.130000
	pigment { color rgbt <1,0,0,0> }
	no_shadow
}

// nucleotide -1

// particle -1
sphere {
	<8.400025, 20.901245, 19.564932> 0.250000
	pigment { color rgbt <1,0,0,0> }
	no_shadow
}
cylinder {
	<8.081283, 20.813541, 19.790125>,  <7.890037, 20.760920, 19.925240>, 0.100000
	pigment { color rgbt <1,0,0,0> }
	no_shadow
}
cylinder {
	<8.081283, 20.813541, 19.790125>,  <8.400025, 20.901245, 19.564932>, 0.100000
	pigment { color rgbt <1,0,0,0> }
	no_shadow
}

// particle -1
sphere {
	<8.081283, 20.813541, 19.790125> 0.100000
	pigment { color rgbt <1,0,0,0> }
	no_shadow
}
sphere {
	0, 1
	scale<0.080000,0.200000,0.300000>
	matrix <0.208508, 0.774772, 0.596869,
		-0.567049, 0.593004, -0.571665,
		-0.796856, -0.219257, 0.562980,
		7.842226, 20.747765, 19.959019>
	pigment { color rgbt <0,1,1,0> }
	no_shadow
}
cylinder {
	<8.013767, 21.452915, 19.662777>,  <8.400025, 20.901245, 19.564932>, 0.130000
	pigment { color rgbt <1,0,0,0> }
	no_shadow
}

// nucleotide -1

// particle -1
sphere {
	<8.013767, 21.452915, 19.662777> 0.250000
	pigment { color rgbt <1,0,0,0> }
	no_shadow
}
cylinder {
	<7.868477, 21.246273, 19.972921>,  <7.781303, 21.122288, 20.159008>, 0.100000
	pigment { color rgbt <1,0,0,0> }
	no_shadow
}
cylinder {
	<7.868477, 21.246273, 19.972921>,  <8.013767, 21.452915, 19.662777>, 0.100000
	pigment { color rgbt <1,0,0,0> }
	no_shadow
}

// particle -1
sphere {
	<7.868477, 21.246273, 19.972921> 0.100000
	pigment { color rgbt <1,0,0,0> }
	no_shadow
}
sphere {
	0, 1
	scale<0.080000,0.200000,0.300000>
	matrix <0.040911, 0.822553, 0.567216,
		-0.930803, 0.237748, -0.277637,
		-0.363225, -0.516608, 0.775361,
		7.759510, 21.091291, 20.205530>
	pigment { color rgbt <0,1,1,0> }
	no_shadow
}
cylinder {
	<7.534182, 21.898418, 20.061943>,  <8.013767, 21.452915, 19.662777>, 0.130000
	pigment { color rgbt <1,0,0,0> }
	no_shadow
}

// nucleotide -1

// particle -1
sphere {
	<7.534182, 21.898418, 20.061943> 0.250000
	pigment { color rgbt <1,0,0,0> }
	no_shadow
}
cylinder {
	<7.661930, 21.602615, 20.298967>,  <7.738579, 21.425133, 20.441183>, 0.100000
	pigment { color rgbt <1,0,0,0> }
	no_shadow
}
cylinder {
	<7.661930, 21.602615, 20.298967>,  <7.534182, 21.898418, 20.061943>, 0.100000
	pigment { color rgbt <1,0,0,0> }
	no_shadow
}

// particle -1
sphere {
	<7.661930, 21.602615, 20.298967> 0.100000
	pigment { color rgbt <1,0,0,0> }
	no_shadow
}
sphere {
	0, 1
	scale<0.080000,0.200000,0.300000>
	matrix <-0.013352, 0.621736, 0.783113,
		-0.947536, -0.258014, 0.188690,
		0.319369, -0.739508, 0.592563,
		7.757741, 21.380762, 20.476736>
	pigment { color rgbt <0,1,1,0> }
	no_shadow
}
cylinder {
	<7.035190, 21.765934, 20.576221>,  <7.534182, 21.898418, 20.061943>, 0.130000
	pigment { color rgbt <1,0,0,0> }
	no_shadow
}

// nucleotide -1

// particle -1
sphere {
	<7.035190, 21.765934, 20.576221> 0.250000
	pigment { color rgbt <1,0,0,0> }
	no_shadow
}
cylinder {
	<7.394190, 21.654263, 20.712780>,  <7.609590, 21.587259, 20.794716>, 0.100000
	pigment { color rgbt <1,0,0,0> }
	no_shadow
}
cylinder {
	<7.394190, 21.654263, 20.712780>,  <7.035190, 21.765934, 20.576221>, 0.100000
	pigment { color rgbt <1,0,0,0> }
	no_shadow
}

// particle -1
sphere {
	<7.394190, 21.654263, 20.712780> 0.100000
	pigment { color rgbt <1,0,0,0> }
	no_shadow
}
sphere {
	0, 1
	scale<0.080000,0.200000,0.300000>
	matrix <-0.107081, 0.613005, 0.782789,
		-0.427816, -0.739111, 0.520277,
		0.897500, -0.279178, 0.341398,
		7.663440, 21.570509, 20.815199>
	pigment { color rgbt <0,1,1,0> }
	no_shadow
}
cylinder {
	<7.005370, 21.340919, 21.172594>,  <7.035190, 21.765934, 20.576221>, 0.130000
	pigment { color rgbt <1,0,0,0> }
	no_shadow
}

// nucleotide -1

// particle -1
sphere {
	<7.005370, 21.340919, 21.172594> 0.250000
	pigment { color rgbt <1,0,0,0> }
	no_shadow
}
cylinder {
	<7.357622, 21.530207, 21.163164>,  <7.568974, 21.643780, 21.157505>, 0.100000
	pigment { color rgbt <1,0,0,0> }
	no_shadow
}
cylinder {
	<7.357622, 21.530207, 21.163164>,  <7.005370, 21.340919, 21.172594>, 0.100000
	pigment { color rgbt <1,0,0,0> }
	no_shadow
}

// particle -1
sphere {
	<7.357622, 21.530207, 21.163164> 0.100000
	pigment { color rgbt <1,0,0,0> }
	no_shadow
}
sphere {
	0, 1
	scale<0.080000,0.200000,0.300000>
	matrix <-0.290352, 0.578312, 0.762398,
		0.374414, -0.664546, 0.646679,
		0.880630, 0.473217, -0.023576,
		7.621811, 21.672173, 21.156092>
	pigment { color rgbt <0,1,1,0> }
	no_shadow
}
cylinder {
	<7.383394, 21.272743, 21.825037>,  <7.005370, 21.340919, 21.172594>, 0.130000
	pigment { color rgbt <1,0,0,0> }
	no_shadow
}

// nucleotide -1

// particle -1
sphere {
	<7.383394, 21.272743, 21.825037> 0.250000
	pigment { color rgbt <1,0,0,0> }
	no_shadow
}
cylinder {
	<7.466381, 21.610535, 21.627527>,  <7.516173, 21.813210, 21.509022>, 0.100000
	pigment { color rgbt <1,0,0,0> }
	no_shadow
}
cylinder {
	<7.466381, 21.610535, 21.627527>,  <7.383394, 21.272743, 21.825037>, 0.100000
	pigment { color rgbt <1,0,0,0> }
	no_shadow
}

// particle -1
sphere {
	<7.466381, 21.610535, 21.627527> 0.100000
	pigment { color rgbt <1,0,0,0> }
	no_shadow
}
sphere {
	0, 1
	scale<0.080000,0.200000,0.300000>
	matrix <-0.382620, 0.534597, 0.753530,
		0.900310, 0.032595, 0.434026,
		0.207467, 0.844478, -0.493775,
		7.528621, 21.863878, 21.479395>
	pigment { color rgbt <0,1,1,0> }
	no_shadow
}
cylinder {
	<7.037028, 20.993082, 22.426155>,  <7.383394, 21.272743, 21.825037>, 0.130000
	pigment { color rgbt <1,0,0,0> }
	no_shadow
}

// nucleotide -1

// particle -1
sphere {
	<7.037028, 20.993082, 22.426155> 0.250000
	pigment { color rgbt <1,0,0,0> }
	no_shadow
}
cylinder {
	<6.696702, 20.932241, 22.627344>,  <6.492507, 20.895737, 22.748058>, 0.100000
	pigment { color rgbt <1,0,0,0> }
	no_shadow
}
cylinder {
	<6.696702, 20.932241, 22.627344>,  <7.037028, 20.993082, 22.426155>, 0.100000
	pigment { color rgbt <1,0,0,0> }
	no_shadow
}

// particle -1
sphere {
	<6.696702, 20.932241, 22.627344> 0.100000
	pigment { color rgbt <1,0,0,0> }
	no_shadow
}
sphere {
	0, 1
	scale<0.080000,0.200000,0.300000>
	matrix <-0.513640, 0.038795, -0.857128,
		0.110861, -0.987603, -0.111135,
		-0.850813, -0.152106, 0.502972,
		6.441458, 20.886610, 22.778236>
	pigment { color rgbt <0,1,1,0> }
	no_shadow
}
cylinder {
	<6.676980, 20.721575, 21.739979>,  <7.037028, 20.993082, 22.426155>, 0.130000
	pigment { color rgbt <1,0,0,0> }
	no_shadow
}

// nucleotide -1

// particle -1
sphere {
	<6.676980, 20.721575, 21.739979> 0.250000
	pigment { color rgbt <1,0,0,0> }
	no_shadow
}
cylinder {
	<6.414574, 20.606037, 22.018894>,  <6.257130, 20.536715, 22.186243>, 0.100000
	pigment { color rgbt <1,0,0,0> }
	no_shadow
}
cylinder {
	<6.414574, 20.606037, 22.018894>,  <6.676980, 20.721575, 21.739979>, 0.100000
	pigment { color rgbt <1,0,0,0> }
	no_shadow
}

// particle -1
sphere {
	<6.414574, 20.606037, 22.018894> 0.100000
	pigment { color rgbt <1,0,0,0> }
	no_shadow
}
sphere {
	0, 1
	scale<0.080000,0.200000,0.300000>
	matrix <-0.708720, -0.081947, -0.700715,
		0.259539, -0.953862, -0.150952,
		-0.656015, -0.288845, 0.697290,
		6.217769, 20.519384, 22.228081>
	pigment { color rgbt <0,1,1,0> }
	no_shadow
}
cylinder {
	<6.412316, 20.081743, 21.627195>,  <6.676980, 20.721575, 21.739979>, 0.130000
	pigment { color rgbt <1,0,0,0> }
	no_shadow
}

// nucleotide -1

// particle -1
sphere {
	<6.412316, 20.081743, 21.627195> 0.250000
	pigment { color rgbt <1,0,0,0> }
	no_shadow
}
cylinder {
	<6.143103, 20.296911, 21.830240>,  <5.981575, 20.426012, 21.952066>, 0.100000
	pigment { color rgbt <1,0,0,0> }
	no_shadow
}
cylinder {
	<6.143103, 20.296911, 21.830240>,  <6.412316, 20.081743, 21.627195>, 0.100000
	pigment { color rgbt <1,0,0,0> }
	no_shadow
}

// particle -1
sphere {
	<6.143103, 20.296911, 21.830240> 0.100000
	pigment { color rgbt <1,0,0,0> }
	no_shadow
}
sphere {
	0, 1
	scale<0.080000,0.200000,0.300000>
	matrix <-0.694705, -0.224273, -0.683437,
		-0.253800, -0.812609, 0.524645,
		-0.673030, 0.537929, 0.507604,
		5.941193, 20.458286, 21.982523>
	pigment { color rgbt <0,1,1,0> }
	no_shadow
}
cylinder {
	<5.855730, 19.681332, 22.007254>,  <6.412316, 20.081743, 21.627195>, 0.130000
	pigment { color rgbt <1,0,0,0> }
	no_shadow
}

// nucleotide -1

// particle -1
sphere {
	<5.855730, 19.681332, 22.007254> 0.250000
	pigment { color rgbt <1,0,0,0> }
	no_shadow
}
cylinder {
	<5.779427, 20.033867, 21.834347>,  <5.733644, 20.245388, 21.730602>, 0.100000
	pigment { color rgbt <1,0,0,0> }
	no_shadow
}
cylinder {
	<5.779427, 20.033867, 21.834347>,  <5.855730, 19.681332, 22.007254>, 0.100000
	pigment { color rgbt <1,0,0,0> }
	no_shadow
}

// particle -1
sphere {
	<5.779427, 20.033867, 21.834347> 0.100000
	pigment { color rgbt <1,0,0,0> }
	no_shadow
}
sphere {
	0, 1
	scale<0.080000,0.200000,0.300000>
	matrix <-0.690458, -0.433476, -0.579109,
		-0.697768, 0.187991, 0.691216,
		-0.190758, 0.881339, -0.432265,
		5.722199, 20.298269, 21.704668>
	pigment { color rgbt <0,1,1,0> }
	no_shadow
}
cylinder {
	<6.520493, 19.424591, 22.074362>,  <5.855730, 19.681332, 22.007254>, 0.130000
	pigment { color rgbt <1,0,0,0> }
	no_shadow
}

// nucleotide -1

// particle -1
sphere {
	<6.520493, 19.424591, 22.074362> 0.250000
	pigment { color rgbt <1,0,0,0> }
	no_shadow
}
cylinder {
	<6.893552, 19.376560, 22.210449>,  <7.117388, 19.347742, 22.292103>, 0.100000
	pigment { color rgbt <1,0,0,0> }
	no_shadow
}
cylinder {
	<6.893552, 19.376560, 22.210449>,  <6.520493, 19.424591, 22.074362>, 0.100000
	pigment { color rgbt <1,0,0,0> }
	no_shadow
}

// particle -1
sphere {
	<6.893552, 19.376560, 22.210449> 0.100000
	pigment { color rgbt <1,0,0,0> }
	no_shadow
}
sphere {
	0, 1
	scale<0.080000,0.200000,0.300000>
	matrix <-0.245995, 0.478175, 0.843111,
		-0.263921, -0.870018, 0.416431,
		0.932648, -0.120075, 0.340220,
		7.173347, 19.340538, 22.312515>
	pigment { color rgbt <0,1,1,0> }
	no_shadow
}
cylinder {
	<6.734859, 19.068640, 22.709660>,  <6.520493, 19.424591, 22.074362>, 0.130000
	pigment { color rgbt <1,0,0,0> }
	no_shadow
}

// nucleotide -1

// particle -1
sphere {
	<6.734859, 19.068640, 22.709660> 0.250000
	pigment { color rgbt <1,0,0,0> }
	no_shadow
}
cylinder {
	<6.992332, 19.374708, 22.704216>,  <7.146816, 19.558350, 22.700949>, 0.100000
	pigment { color rgbt <1,0,0,0> }
	no_shadow
}
cylinder {
	<6.992332, 19.374708, 22.704216>,  <6.734859, 19.068640, 22.709660>, 0.100000
	pigment { color rgbt <1,0,0,0> }
	no_shadow
}

// particle -1
sphere {
	<6.992332, 19.374708, 22.704216> 0.100000
	pigment { color rgbt <1,0,0,0> }
	no_shadow
}
sphere {
	0, 1
	scale<0.080000,0.200000,0.300000>
	matrix <-0.197266, 0.183076, 0.963104,
		0.739431, -0.617249, 0.268785,
		0.643683, 0.765171, -0.013610,
		7.185437, 19.604259, 22.700132>
	pigment { color rgbt <0,1,1,0> }
	no_shadow
}
cylinder {
	<7.335426, 18.617598, 23.122116>,  <6.734859, 19.068640, 22.709660>, 0.130000
	pigment { color rgbt <1,0,0,0> }
	no_shadow
}

// nucleotide -1

// particle -1
sphere {
	<7.335426, 18.617598, 23.122116> 0.250000
	pigment { color rgbt <1,0,0,0> }
	no_shadow
}
cylinder {
	<7.630500, 18.362715, 23.211370>,  <7.807544, 18.209785, 23.264923>, 0.100000
	pigment { color rgbt <1,0,0,0> }
	no_shadow
}
cylinder {
	<7.630500, 18.362715, 23.211370>,  <7.335426, 18.617598, 23.122116>, 0.100000
	pigment { color rgbt <1,0,0,0> }
	no_shadow
}

// particle -1
sphere {
	<7.630500, 18.362715, 23.211370> 0.100000
	pigment { color rgbt <1,0,0,0> }
	no_shadow
}
sphere {
	0, 1
	scale<0.080000,0.200000,0.300000>
	matrix <0.002041, -0.328391, -0.944540,
		0.675143, 0.697227, -0.240948,
		0.737684, -0.637208, 0.223134,
		7.851805, 18.171553, 23.278311>
	pigment { color rgbt <0,1,1,0> }
	no_shadow
}
cylinder {
	<8.088502, 18.670046, 22.594584>,  <7.335426, 18.617598, 23.122116>, 0.130000
	pigment { color rgbt <1,0,0,0> }
	no_shadow
}

// nucleotide -1

// particle -1
sphere {
	<8.088502, 18.670046, 22.594584> 0.250000
	pigment { color rgbt <1,0,0,0> }
	no_shadow
}
cylinder {
	<7.972224, 18.325350, 22.760910>,  <7.902458, 18.118532, 22.860706>, 0.100000
	pigment { color rgbt <1,0,0,0> }
	no_shadow
}
cylinder {
	<7.972224, 18.325350, 22.760910>,  <8.088502, 18.670046, 22.594584>, 0.100000
	pigment { color rgbt <1,0,0,0> }
	no_shadow
}

// particle -1
sphere {
	<7.972224, 18.325350, 22.760910> 0.100000
	pigment { color rgbt <1,0,0,0> }
	no_shadow
}
sphere {
	0, 1
	scale<0.080000,0.200000,0.300000>
	matrix <0.112253, -0.462295, -0.879592,
		0.950209, -0.209016, 0.231119,
		-0.290694, -0.861740, 0.415814,
		7.885016, 18.066828, 22.885654>
	pigment { color rgbt <0,1,1,0> }
	no_shadow
}
cylinder {
	<8.620351, 18.265089, 22.498419>,  <8.088502, 18.670046, 22.594584>, 0.130000
	pigment { color rgbt <1,0,0,0> }
	no_shadow
}

// nucleotide -1

// particle -1
sphere {
	<8.620351, 18.265089, 22.498419> 0.250000
	pigment { color rgbt <1,0,0,0> }
	no_shadow
}
cylinder {
	<8.297221, 18.035656, 22.552713>,  <8.103343, 17.897997, 22.585291>, 0.100000
	pigment { color rgbt <1,0,0,0> }
	no_shadow
}
cylinder {
	<8.297221, 18.035656, 22.552713>,  <8.620351, 18.265089, 22.498419>, 0.100000
	pigment { color rgbt <1,0,0,0> }
	no_shadow
}

// particle -1
sphere {
	<8.297221, 18.035656, 22.552713> 0.100000
	pigment { color rgbt <1,0,0,0> }
	no_shadow
}
sphere {
	0, 1
	scale<0.080000,0.200000,0.300000>
	matrix <0.260164, -0.553622, -0.791086,
		0.528899, -0.603745, 0.596454,
		-0.807824, -0.573581, 0.135738,
		8.054873, 17.863583, 22.593435>
	pigment { color rgbt <0,1,1,0> }
	no_shadow
}
cylinder {
	<8.902883, 17.509172, 22.541142>,  <8.620351, 18.265089, 22.498419>, 0.130000
	pigment { color rgbt <1,0,0,0> }
	no_shadow
}

// nucleotide -1

// particle -1
sphere {
	<8.902883, 17.509172, 22.541142> 0.250000
	pigment { color rgbt <1,0,0,0> }
	no_shadow
}
cylinder {
	<8.524521, 17.525023, 22.412334>,  <8.297504, 17.534533, 22.335051>, 0.100000
	pigment { color rgbt <1,0,0,0> }
	no_shadow
}
cylinder {
	<8.524521, 17.525023, 22.412334>,  <8.902883, 17.509172, 22.541142>, 0.100000
	pigment { color rgbt <1,0,0,0> }
	no_shadow
}

// particle -1
sphere {
	<8.524521, 17.525023, 22.412334> 0.100000
	pigment { color rgbt <1,0,0,0> }
	no_shadow
}
sphere {
	0, 1
	scale<0.080000,0.200000,0.300000>
	matrix <0.269886, -0.454775, -0.848729,
		-0.180077, -0.889725, 0.419479,
		-0.945904, 0.039625, -0.322019,
		8.240749, 17.536911, 22.315729>
	pigment { color rgbt <0,1,1,0> }
	no_shadow
}
cylinder {
	<8.842901, 16.891476, 22.179918>,  <8.902883, 17.509172, 22.541142>, 0.130000
	pigment { color rgbt <1,0,0,0> }
	no_shadow
}

// nucleotide -1

// particle -1
sphere {
	<8.842901, 16.891476, 22.179918> 0.250000
	pigment { color rgbt <1,0,0,0> }
	no_shadow
}
cylinder {
	<8.559103, 17.134092, 22.036407>,  <8.388824, 17.279663, 21.950300>, 0.100000
	pigment { color rgbt <1,0,0,0> }
	no_shadow
}
cylinder {
	<8.559103, 17.134092, 22.036407>,  <8.842901, 16.891476, 22.179918>, 0.100000
	pigment { color rgbt <1,0,0,0> }
	no_shadow
}

// particle -1
sphere {
	<8.559103, 17.134092, 22.036407> 0.100000
	pigment { color rgbt <1,0,0,0> }
	no_shadow
}
sphere {
	0, 1
	scale<0.080000,0.200000,0.300000>
	matrix <0.151225, -0.366212, -0.918161,
		-0.688294, -0.705687, 0.168101,
		-0.709494, 0.606544, -0.358779,
		8.346254, 17.316055, 21.928774>
	pigment { color rgbt <0,1,1,0> }
	no_shadow
}
cylinder {
	<8.552196, 16.400703, 21.688213>,  <8.842901, 16.891476, 22.179918>, 0.130000
	pigment { color rgbt <1,0,0,0> }
	no_shadow
}

// nucleotide -1

// particle -1
sphere {
	<8.552196, 16.400703, 21.688213> 0.250000
	pigment { color rgbt <1,0,0,0> }
	no_shadow
}
cylinder {
	<8.400001, 16.755621, 21.583956>,  <8.308683, 16.968573, 21.521400>, 0.100000
	pigment { color rgbt <1,0,0,0> }
	no_shadow
}
cylinder {
	<8.400001, 16.755621, 21.583956>,  <8.552196, 16.400703, 21.688213>, 0.100000
	pigment { color rgbt <1,0,0,0> }
	no_shadow
}

// particle -1
sphere {
	<8.400001, 16.755621, 21.583956> 0.100000
	pigment { color rgbt <1,0,0,0> }
	no_shadow
}
sphere {
	0, 1
	scale<0.080000,0.200000,0.300000>
	matrix <-0.046192, -0.299725, -0.952907,
		-0.923632, -0.350529, 0.155028,
		-0.380487, 0.887296, -0.260644,
		8.285854, 17.021811, 21.505762>
	pigment { color rgbt <0,1,1,0> }
	no_shadow
}
cylinder {
	<7.866052, 16.366890, 21.346743>,  <8.552196, 16.400703, 21.688213>, 0.130000
	pigment { color rgbt <1,0,0,0> }
	no_shadow
}

// nucleotide -1

// particle -1
sphere {
	<7.866052, 16.366890, 21.346743> 0.250000
	pigment { color rgbt <1,0,0,0> }
	no_shadow
}
cylinder {
	<8.033016, 16.708038, 21.221283>,  <8.133195, 16.912727, 21.146008>, 0.100000
	pigment { color rgbt <1,0,0,0> }
	no_shadow
}
cylinder {
	<8.033016, 16.708038, 21.221283>,  <7.866052, 16.366890, 21.346743>, 0.100000
	pigment { color rgbt <1,0,0,0> }
	no_shadow
}

// particle -1
sphere {
	<8.033016, 16.708038, 21.221283> 0.100000
	pigment { color rgbt <1,0,0,0> }
	no_shadow
}
sphere {
	0, 1
	scale<0.080000,0.200000,0.300000>
	matrix <-0.097130, -0.301304, -0.948568,
		-0.903512, 0.426408, -0.042928,
		0.417411, 0.852873, -0.313649,
		8.158239, 16.963900, 21.127188>
	pigment { color rgbt <0,1,1,0> }
	no_shadow
}
cylinder {
	<7.437232, 16.685169, 20.807180>,  <7.866052, 16.366890, 21.346743>, 0.130000
	pigment { color rgbt <1,0,0,0> }
	no_shadow
}

// nucleotide -1

// particle -1
sphere {
	<7.437232, 16.685169, 20.807180> 0.250000
	pigment { color rgbt <1,0,0,0> }
	no_shadow
}
cylinder {
	<7.795807, 16.848364, 20.737961>,  <8.010952, 16.946281, 20.696428>, 0.100000
	pigment { color rgbt <1,0,0,0> }
	no_shadow
}
cylinder {
	<7.795807, 16.848364, 20.737961>,  <7.437232, 16.685169, 20.807180>, 0.100000
	pigment { color rgbt <1,0,0,0> }
	no_shadow
}

// particle -1
sphere {
	<7.795807, 16.848364, 20.737961> 0.100000
	pigment { color rgbt <1,0,0,0> }
	no_shadow
}
sphere {
	0, 1
	scale<0.080000,0.200000,0.300000>
	matrix <-0.113792, -0.165487, -0.979625,
		-0.428312, 0.897864, -0.101924,
		0.896438, 0.407987, -0.173050,
		8.064738, 16.970760, 20.686047>
	pigment { color rgbt <0,1,1,0> }
	no_shadow
}
cylinder {
	<7.331181, 16.983541, 20.162436>,  <7.437232, 16.685169, 20.807180>, 0.130000
	pigment { color rgbt <1,0,0,0> }
	no_shadow
}

// nucleotide -1

// particle -1
sphere {
	<7.331181, 16.983541, 20.162436> 0.250000
	pigment { color rgbt <1,0,0,0> }
	no_shadow
}
cylinder {
	<7.724913, 17.017574, 20.224216>,  <7.961152, 17.037994, 20.261286>, 0.100000
	pigment { color rgbt <1,0,0,0> }
	no_shadow
}
cylinder {
	<7.724913, 17.017574, 20.224216>,  <7.331181, 16.983541, 20.162436>, 0.100000
	pigment { color rgbt <1,0,0,0> }
	no_shadow
}

// particle -1
sphere {
	<7.724913, 17.017574, 20.224216> 0.100000
	pigment { color rgbt <1,0,0,0> }
	no_shadow
}
sphere {
	0, 1
	scale<0.080000,0.200000,0.300000>
	matrix <0.159564, -0.056922, -0.985545,
		-0.075061, 0.994747, -0.069606,
		0.984330, 0.085082, 0.154453,
		8.020212, 17.043098, 20.270552>
	pigment { color rgbt <0,1,1,0> }
	no_shadow
}
cylinder {
	<7.599552, 17.458561, 19.713051>,  <7.331181, 16.983541, 20.162436>, 0.130000
	pigment { color rgbt <1,0,0,0> }
	no_shadow
}

// nucleotide -1

// particle -1
sphere {
	<7.599552, 17.458561, 19.713051> 0.250000
	pigment { color rgbt <1,0,0,0> }
	no_shadow
}
cylinder {
	<7.911505, 17.218294, 19.783457>,  <8.098677, 17.074133, 19.825701>, 0.100000
	pigment { color rgbt <1,0,0,0> }
	no_shadow
}
cylinder {
	<7.911505, 17.218294, 19.783457>,  <7.599552, 17.458561, 19.713051>, 0.100000
	pigment { color rgbt <1,0,0,0> }
	no_shadow
}

// particle -1
sphere {
	<7.911505, 17.218294, 19.783457> 0.100000
	pigment { color rgbt <1,0,0,0> }
	no_shadow
}
sphere {
	0, 1
	scale<0.080000,0.200000,0.300000>
	matrix <0.074051, -0.190687, -0.978854,
		0.621530, 0.776425, -0.104234,
		0.779882, -0.600669, 0.176013,
		8.145470, 17.038094, 19.836260>
	pigment { color rgbt <0,1,1,0> }
	no_shadow
}
cylinder {
	<8.021093, 17.536734, 19.156652>,  <7.599552, 17.458561, 19.713051>, 0.130000
	pigment { color rgbt <1,0,0,0> }
	no_shadow
}

// nucleotide -1

// particle -1
sphere {
	<8.021093, 17.536734, 19.156652> 0.250000
