// switches for output
#declare DRAW_BASES = 1; // possible values are 0, 1; only relevant for DNA ribbons
#declare DRAW_BASES_TYPE = 3; // possible values are 1, 2, 3; only relevant for DNA ribbons
#declare DRAW_FOG = 0; // set to 1 to enable fog

#include "colors.inc"

#include "transforms.inc"
background { rgb <1, 1, 1>}

#default {
   normal{
       ripples 0.25
       frequency 0.20
       turbulence 0.2
       lambda 5
   }
	finish {
		phong 0.1
		phong_size 40.
	}
}

// original window dimensions: 1024x640


// camera settings

camera {
	sky <0, 0.179814, -0.983701>
	up <0, 0.179814, -0.983701>
	right 1.6 * <1, 0, 0>
	location <25.469, 94.9851, 44.8844>
	look_at <25.469, 29.3977, 32.8955>
	direction <0, -65.5874, -11.9889>
	angle 67.0682
}


# declare cpy_camera_pos = <25.469, 94.9851, 44.8844>;
# if (DRAW_FOG = 1)
fog {
	fog_type 2
	up vnormalize(cpy_camera_pos)
	color rgbt<1,1,1,0.3>
	distance 1e-5
	fog_alt 3e-3
	fog_offset 28
}
# end


// LIGHTS

# declare lum = 6;
global_settings {
	ambient_light rgb lum * <0.05, 0.05, 0.05>
	max_trace_level 15
}# declare cpy_direct_light_amount = 0.25;
light_source
{	1000 * <-1, -1.16351, -0.803887>,
	rgb lum * cpy_direct_light_amount
	parallel
}

light_source
{	1000 * <1, 1.16351, 0.803887>,
	rgb lum * cpy_direct_light_amount
	parallel
}

// strand 0

// nucleotide -1

// particle -1
sphere {
	<4.733502, 15.127778, 15.069381> 0.250000
	pigment { color rgbt <1,0,0,0> }
	no_shadow
}
cylinder {
	<4.344582, 15.093523, 14.982391>,  <4.111229, 15.072970, 14.930198>, 0.100000
	pigment { color rgbt <1,0,0,0> }
	no_shadow
}
cylinder {
	<4.344582, 15.093523, 14.982391>,  <4.733502, 15.127778, 15.069381>, 0.100000
	pigment { color rgbt <1,0,0,0> }
	no_shadow
}

// particle -1
sphere {
	<4.344582, 15.093523, 14.982391> 0.100000
	pigment { color rgbt <1,0,0,0> }
	no_shadow
}
sphere {
	0, 1
	scale<0.080000,0.200000,0.300000>
	matrix <0.125585, 0.593314, -0.795115,
		0.197121, -0.800403, -0.566126,
		-0.972302, -0.085637, -0.217473,
		4.052891, 15.067832, 14.917150>
	pigment { color rgbt <0,1,1,0> }
	no_shadow
}
cylinder {
	<4.644379, 14.759588, 14.448556>,  <4.733502, 15.127778, 15.069381>, 0.130000
	pigment { color rgbt <1,0,0,0> }
	no_shadow
}

// nucleotide -1

// particle -1
sphere {
	<4.644379, 14.759588, 14.448556> 0.250000
	pigment { color rgbt <1,0,0,0> }
	no_shadow
}
cylinder {
	<4.371856, 15.037229, 14.541546>,  <4.208342, 15.203813, 14.597340>, 0.100000
	pigment { color rgbt <1,0,0,0> }
	no_shadow
}
cylinder {
	<4.371856, 15.037229, 14.541546>,  <4.644379, 14.759588, 14.448556>, 0.100000
	pigment { color rgbt <1,0,0,0> }
	no_shadow
}

// particle -1
sphere {
	<4.371856, 15.037229, 14.541546> 0.100000
	pigment { color rgbt <1,0,0,0> }
	no_shadow
}
sphere {
	0, 1
	scale<0.080000,0.200000,0.300000>
	matrix <0.398964, 0.618381, -0.677077,
		-0.613717, -0.368548, -0.698229,
		-0.681307, 0.694102, 0.232474,
		4.167464, 15.245459, 14.611288>
	pigment { color rgbt <0,1,1,0> }
	no_shadow
}
cylinder {
	<4.200969, 15.114986, 13.821376>,  <4.644379, 14.759588, 14.448556>, 0.130000
	pigment { color rgbt <1,0,0,0> }
	no_shadow
}

// nucleotide -1

// particle -1
sphere {
	<4.200969, 15.114986, 13.821376> 0.250000
	pigment { color rgbt <1,0,0,0> }
	no_shadow
}
cylinder {
	<4.266673, 15.334025, 14.149560>,  <4.306096, 15.465449, 14.346471>, 0.100000
	pigment { color rgbt <1,0,0,0> }
	no_shadow
}
cylinder {
	<4.266673, 15.334025, 14.149560>,  <4.200969, 15.114986, 13.821376>, 0.100000
	pigment { color rgbt <1,0,0,0> }
	no_shadow
}

// particle -1
sphere {
	<4.266673, 15.334025, 14.149560> 0.100000
	pigment { color rgbt <1,0,0,0> }
	no_shadow
}
sphere {
	0, 1
	scale<0.080000,0.200000,0.300000>
	matrix <0.505678, 0.667403, -0.546683,
		-0.846941, 0.504687, -0.167281,
		0.164260, 0.547599, 0.820460,
		4.315951, 15.498305, 14.395698>
	pigment { color rgbt <0,1,1,0> }
	no_shadow
}
cylinder {
	<3.974044, 15.874073, 13.818675>,  <4.200969, 15.114986, 13.821376>, 0.130000
	pigment { color rgbt <1,0,0,0> }
	no_shadow
}

// nucleotide -1

// particle -1
sphere {
	<3.974044, 15.874073, 13.818675> 0.250000
	pigment { color rgbt <1,0,0,0> }
	no_shadow
}
cylinder {
	<4.292664, 15.832487, 14.056902>,  <4.483836, 15.807535, 14.199838>, 0.100000
	pigment { color rgbt <1,0,0,0> }
	no_shadow
}
cylinder {
	<4.292664, 15.832487, 14.056902>,  <3.974044, 15.874073, 13.818675>, 0.100000
	pigment { color rgbt <1,0,0,0> }
	no_shadow
}

// particle -1
sphere {
	<4.292664, 15.832487, 14.056902> 0.100000
	pigment { color rgbt <1,0,0,0> }
	no_shadow
}
sphere {
	0, 1
	scale<0.080000,0.200000,0.300000>
	matrix <0.409894, 0.816993, -0.405599,
		-0.444405, 0.567199, 0.693390,
		0.796550, -0.103966, 0.595567,
		4.531629, 15.801297, 14.235572>
	pigment { color rgbt <0,1,1,0> }
	no_shadow
}
cylinder {
	<3.990334, 16.355368, 14.387285>,  <3.974044, 15.874073, 13.818675>, 0.130000
	pigment { color rgbt <1,0,0,0> }
	no_shadow
}

// nucleotide -1

// particle -1
sphere {
	<3.990334, 16.355368, 14.387285> 0.250000
	pigment { color rgbt <1,0,0,0> }
	no_shadow
}
cylinder {
	<4.338266, 16.229641, 14.235181>,  <4.547026, 16.154205, 14.143918>, 0.100000
	pigment { color rgbt <1,0,0,0> }
	no_shadow
}
cylinder {
	<4.338266, 16.229641, 14.235181>,  <3.990334, 16.355368, 14.387285>, 0.100000
	pigment { color rgbt <1,0,0,0> }
	no_shadow
}

// particle -1
sphere {
	<4.338266, 16.229641, 14.235181> 0.100000
	pigment { color rgbt <1,0,0,0> }
	no_shadow
}
sphere {
	0, 1
	scale<0.080000,0.200000,0.300000>
	matrix <0.129403, 0.889143, -0.438952,
		0.476076, 0.332607, 0.814078,
		0.869831, -0.314319, -0.380260,
		4.599216, 16.135345, 14.121103>
	pigment { color rgbt <0,1,1,0> }
	no_shadow
}
cylinder {
	<4.471105, 16.819679, 14.689104>,  <3.990334, 16.355368, 14.387285>, 0.130000
	pigment { color rgbt <1,0,0,0> }
	no_shadow
}

// nucleotide -1

// particle -1
sphere {
	<4.471105, 16.819679, 14.689104> 0.250000
	pigment { color rgbt <1,0,0,0> }
	no_shadow
}
cylinder {
	<4.641334, 16.632004, 14.379589>,  <4.743472, 16.519398, 14.193880>, 0.100000
	pigment { color rgbt <1,0,0,0> }
	no_shadow
}
cylinder {
	<4.641334, 16.632004, 14.379589>,  <4.471105, 16.819679, 14.689104>, 0.100000
	pigment { color rgbt <1,0,0,0> }
	no_shadow
}

// particle -1
sphere {
	<4.641334, 16.632004, 14.379589> 0.100000
	pigment { color rgbt <1,0,0,0> }
	no_shadow
}
sphere {
	0, 1
	scale<0.080000,0.200000,0.300000>
	matrix <0.229732, 0.883089, -0.409116,
		0.875278, -0.003655, 0.483607,
		0.425573, -0.469190, -0.773788,
		4.769006, 16.491247, 14.147452>
	pigment { color rgbt <0,1,1,0> }
	no_shadow
}
cylinder {
	<5.207766, 17.042450, 14.641806>,  <4.471105, 16.819679, 14.689104>, 0.130000
	pigment { color rgbt <1,0,0,0> }
	no_shadow
}

// nucleotide -1

// particle -1
sphere {
	<5.207766, 17.042450, 14.641806> 0.250000
	pigment { color rgbt <1,0,0,0> }
	no_shadow
}
cylinder {
	<5.123314, 16.901945, 14.276940>,  <5.072643, 16.817642, 14.058022>, 0.100000
	pigment { color rgbt <1,0,0,0> }
	no_shadow
}
cylinder {
	<5.123314, 16.901945, 14.276940>,  <5.207766, 17.042450, 14.641806>, 0.100000
	pigment { color rgbt <1,0,0,0> }
	no_shadow
}

// particle -1
sphere {
	<5.123314, 16.901945, 14.276940> 0.100000
	pigment { color rgbt <1,0,0,0> }
	no_shadow
}
sphere {
	0, 1
	scale<0.080000,0.200000,0.300000>
	matrix <0.502568, 0.761390, -0.409526,
		0.838361, -0.544887, 0.015780,
		-0.211130, -0.351261, -0.912162,
		5.059975, 16.796566, 14.003292>
	pigment { color rgbt <0,1,1,0> }
	no_shadow
}
cylinder {
	<5.804054, 17.224911, 14.216205>,  <5.207766, 17.042450, 14.641806>, 0.130000
	pigment { color rgbt <1,0,0,0> }
	no_shadow
}

// nucleotide -1

// particle -1
sphere {
	<5.804054, 17.224911, 14.216205> 0.250000
	pigment { color rgbt <1,0,0,0> }
	no_shadow
}
cylinder {
	<5.507980, 17.164982, 13.954004>,  <5.330336, 17.129025, 13.796684>, 0.100000
	pigment { color rgbt <1,0,0,0> }
	no_shadow
}
cylinder {
	<5.507980, 17.164982, 13.954004>,  <5.804054, 17.224911, 14.216205>, 0.100000
	pigment { color rgbt <1,0,0,0> }
	no_shadow
}

// particle -1
sphere {
	<5.507980, 17.164982, 13.954004> 0.100000
	pigment { color rgbt <1,0,0,0> }
	no_shadow
}
sphere {
	0, 1
	scale<0.080000,0.200000,0.300000>
	matrix <0.325349, 0.773347, -0.544135,
		0.588451, -0.616027, -0.523676,
		-0.740185, -0.149820, -0.655500,
		5.285925, 17.120035, 13.757354>
	pigment { color rgbt <0,1,1,0> }
	no_shadow
}
cylinder {
	<6.119821, 17.288422, 13.563566>,  <5.804054, 17.224911, 14.216205>, 0.130000
	pigment { color rgbt <1,0,0,0> }
	no_shadow
}

// nucleotide -1

// particle -1
sphere {
	<6.119821, 17.288422, 13.563566> 0.250000
	pigment { color rgbt <1,0,0,0> }
	no_shadow
}
cylinder {
	<5.727926, 17.337723, 13.500418>,  <5.492789, 17.367304, 13.462529>, 0.100000
	pigment { color rgbt <1,0,0,0> }
	no_shadow
}
cylinder {
	<5.727926, 17.337723, 13.500418>,  <6.119821, 17.288422, 13.563566>, 0.100000
	pigment { color rgbt <1,0,0,0> }
	no_shadow
}

// particle -1
sphere {
	<5.727926, 17.337723, 13.500418> 0.100000
	pigment { color rgbt <1,0,0,0> }
	no_shadow
}
sphere {
	0, 1
	scale<0.080000,0.200000,0.300000>
	matrix <0.195172, 0.764487, -0.614384,
		0.044966, -0.632747, -0.773052,
		-0.979738, 0.123251, -0.157870,
		5.434004, 17.374699, 13.453056>
	pigment { color rgbt <0,1,1,0> }
	no_shadow
}
cylinder {
	<6.051761, 17.358332, 12.861495>,  <6.119821, 17.288422, 13.563566>, 0.130000
	pigment { color rgbt <1,0,0,0> }
	no_shadow
}

// nucleotide -1

// particle -1
sphere {
	<6.051761, 17.358332, 12.861495> 0.250000
	pigment { color rgbt <1,0,0,0> }
	no_shadow
}
cylinder {
	<5.723516, 17.539984, 13.000265>,  <5.526568, 17.648975, 13.083528>, 0.100000
	pigment { color rgbt <1,0,0,0> }
	no_shadow
}
cylinder {
	<5.723516, 17.539984, 13.000265>,  <6.051761, 17.358332, 12.861495>, 0.100000
	pigment { color rgbt <1,0,0,0> }
	no_shadow
}

// particle -1
sphere {
	<5.723516, 17.539984, 13.000265> 0.100000
	pigment { color rgbt <1,0,0,0> }
	no_shadow
}
sphere {
	0, 1
	scale<0.080000,0.200000,0.300000>
	matrix <0.225483, 0.815106, -0.533629,
		-0.525119, -0.359678, -0.771286,
		-0.820614, 0.454131, 0.346926,
		5.477331, 17.676224, 13.104343>
	pigment { color rgbt <0,1,1,0> }
	no_shadow
}
cylinder {
	<5.767019, 17.604565, 12.338665>,  <6.051761, 17.358332, 12.861495>, 0.130000
	pigment { color rgbt <1,0,0,0> }
	no_shadow
}

// nucleotide -1

// particle -1
sphere {
	<5.767019, 17.604565, 12.338665> 0.250000
	pigment { color rgbt <1,0,0,0> }
	no_shadow
}
cylinder {
	<5.594700, 17.820450, 12.627975>,  <5.491309, 17.949982, 12.801560>, 0.100000
	pigment { color rgbt <1,0,0,0> }
	no_shadow
}
cylinder {
	<5.594700, 17.820450, 12.627975>,  <5.767019, 17.604565, 12.338665>, 0.100000
	pigment { color rgbt <1,0,0,0> }
	no_shadow
}

// particle -1
sphere {
	<5.594700, 17.820450, 12.627975> 0.100000
	pigment { color rgbt <1,0,0,0> }
	no_shadow
}
sphere {
	0, 1
	scale<0.080000,0.200000,0.300000>
	matrix <0.213216, 0.839637, -0.499549,
		-0.876900, -0.060990, -0.476787,
		-0.430796, 0.539713, 0.723273,
		5.465462, 17.982365, 12.844956>
	pigment { color rgbt <0,1,1,0> }
	no_shadow
}
cylinder {
	<5.351067, 18.183418, 12.045314>,  <5.767019, 17.604565, 12.338665>, 0.130000
	pigment { color rgbt <1,0,0,0> }
	no_shadow
}

// nucleotide -1

// particle -1
sphere {
	<5.351067, 18.183418, 12.045314> 0.250000
	pigment { color rgbt <1,0,0,0> }
	no_shadow
}
cylinder {
	<5.372528, 18.318373, 12.421248>,  <5.385404, 18.399345, 12.646810>, 0.100000
	pigment { color rgbt <1,0,0,0> }
	no_shadow
}
cylinder {
	<5.372528, 18.318373, 12.421248>,  <5.351067, 18.183418, 12.045314>, 0.100000
	pigment { color rgbt <1,0,0,0> }
	no_shadow
}

// particle -1
sphere {
	<5.372528, 18.318373, 12.421248> 0.100000
	pigment { color rgbt <1,0,0,0> }
	no_shadow
}
sphere {
	0, 1
	scale<0.080000,0.200000,0.300000>
	matrix <0.178674, 0.922759, -0.341454,
		-0.982444, 0.186244, -0.010774,
		0.053652, 0.337385, 0.939837,
		5.388623, 18.419588, 12.703199>
	pigment { color rgbt <0,1,1,0> }
	no_shadow
}
cylinder {
	<4.972008, 18.705519, 12.052795>,  <5.351067, 18.183418, 12.045314>, 0.130000
	pigment { color rgbt <1,0,0,0> }
	no_shadow
}

// nucleotide -1

// particle -1
sphere {
	<4.972008, 18.705519, 12.052795> 0.250000
	pigment { color rgbt <1,0,0,0> }
	no_shadow
}
cylinder {
	<5.207520, 18.790098, 12.364854>,  <5.348827, 18.840847, 12.552089>, 0.100000
	pigment { color rgbt <1,0,0,0> }
	no_shadow
}
cylinder {
	<5.207520, 18.790098, 12.364854>,  <4.972008, 18.705519, 12.052795>, 0.100000
	pigment { color rgbt <1,0,0,0> }
	no_shadow
}

// particle -1
sphere {
	<5.207520, 18.790098, 12.364854> 0.100000
	pigment { color rgbt <1,0,0,0> }
	no_shadow
}
sphere {
	0, 1
	scale<0.080000,0.200000,0.300000>
	matrix <0.006276, 0.963951, -0.266005,
		-0.808269, 0.161515, 0.566228,
		0.588780, 0.211450, 0.780146,
		5.384154, 18.853533, 12.598898>
	pigment { color rgbt <0,1,1,0> }
	no_shadow
}
cylinder {
	<4.812445, 19.346445, 12.295081>,  <4.972008, 18.705519, 12.052795>, 0.130000
	pigment { color rgbt <1,0,0,0> }
	no_shadow
}

// nucleotide -1

// particle -1
sphere {
	<4.812445, 19.346445, 12.295081> 0.250000
	pigment { color rgbt <1,0,0,0> }
	no_shadow
}
cylinder {
	<5.176918, 19.302418, 12.453894>,  <5.395601, 19.276001, 12.549181>, 0.100000
	pigment { color rgbt <1,0,0,0> }
	no_shadow
}
cylinder {
	<5.176918, 19.302418, 12.453894>,  <4.812445, 19.346445, 12.295081>, 0.100000
	pigment { color rgbt <1,0,0,0> }
	no_shadow
}

// particle -1
sphere {
	<5.176918, 19.302418, 12.453894> 0.100000
	pigment { color rgbt <1,0,0,0> }
	no_shadow
}
sphere {
	0, 1
	scale<0.080000,0.200000,0.300000>
	matrix <0.219351, 0.945327, -0.241332,
		-0.348761, 0.306987, 0.885508,
		0.911181, -0.110070, 0.397031,
		5.450272, 19.269398, 12.573003>
	pigment { color rgbt <0,1,1,0> }
	no_shadow
}
cylinder {
	<5.020882, 20.035620, 12.514153>,  <4.812445, 19.346445, 12.295081>, 0.130000
	pigment { color rgbt <1,0,0,0> }
	no_shadow
}

// nucleotide -1

// particle -1
sphere {
	<5.020882, 20.035620, 12.514153> 0.250000
	pigment { color rgbt <1,0,0,0> }
	no_shadow
}
cylinder {
	<5.362534, 19.827656, 12.509212>,  <5.567525, 19.702877, 12.506247>, 0.100000
	pigment { color rgbt <1,0,0,0> }
	no_shadow
}
cylinder {
	<5.362534, 19.827656, 12.509212>,  <5.020882, 20.035620, 12.514153>, 0.100000
	pigment { color rgbt <1,0,0,0> }
	no_shadow
}

// particle -1
sphere {
	<5.362534, 19.827656, 12.509212> 0.100000
	pigment { color rgbt <1,0,0,0> }
	no_shadow
}
sphere {
	0, 1
	scale<0.080000,0.200000,0.300000>
	matrix <0.513617, 0.847041, -0.136816,
		0.081597, 0.110514, 0.990519,
		0.854131, -0.519911, -0.012354,
		5.618773, 19.671682, 12.505506>
	pigment { color rgbt <0,1,1,0> }
	no_shadow
}
cylinder {
	<5.516752, 20.586927, 12.810493>,  <5.020882, 20.035620, 12.514153>, 0.130000
	pigment { color rgbt <1,0,0,0> }
	no_shadow
}

// nucleotide -1

// particle -1
sphere {
	<5.516752, 20.586927, 12.810493> 0.250000
	pigment { color rgbt <1,0,0,0> }
	no_shadow
}
cylinder {
	<5.692859, 20.314919, 12.575978>,  <5.798523, 20.151712, 12.435269>, 0.100000
	pigment { color rgbt <1,0,0,0> }
	no_shadow
}
cylinder {
	<5.692859, 20.314919, 12.575978>,  <5.516752, 20.586927, 12.810493>, 0.100000
	pigment { color rgbt <1,0,0,0> }
	no_shadow
}

// particle -1
sphere {
	<5.692859, 20.314919, 12.575978> 0.100000
	pigment { color rgbt <1,0,0,0> }
	no_shadow
}
sphere {
	0, 1
	scale<0.080000,0.200000,0.300000>
	matrix <0.587617, 0.711944, -0.384503,
		0.678875, -0.175229, 0.713038,
		0.440267, -0.680023, -0.586288,
		5.824939, 20.110912, 12.400092>
	pigment { color rgbt <0,1,1,0> }
	no_shadow
}
cylinder {
	<6.218691, 20.709801, 12.949142>,  <5.516752, 20.586927, 12.810493>, 0.130000
	pigment { color rgbt <1,0,0,0> }
	no_shadow
}

// nucleotide -1

// particle -1
sphere {
	<6.218691, 20.709801, 12.949142> 0.250000
	pigment { color rgbt <1,0,0,0> }
	no_shadow
}
cylinder {
	<6.199224, 20.485168, 12.618746>,  <6.187543, 20.350389, 12.420508>, 0.100000
	pigment { color rgbt <1,0,0,0> }
	no_shadow
}
cylinder {
	<6.199224, 20.485168, 12.618746>,  <6.218691, 20.709801, 12.949142>, 0.100000
	pigment { color rgbt <1,0,0,0> }
	no_shadow
}

// particle -1
sphere {
	<6.199224, 20.485168, 12.618746> 0.100000
	pigment { color rgbt <1,0,0,0> }
	no_shadow
}
sphere {
	0, 1
	scale<0.080000,0.200000,0.300000>
	matrix <0.671103, 0.594103, -0.443467,
		0.739765, -0.575906, 0.347964,
		-0.048669, -0.561581, -0.825989,
		6.184623, 20.316694, 12.370949>
	pigment { color rgbt <0,1,1,0> }
	no_shadow
}
cylinder {
	<6.888139, 20.652527, 12.723963>,  <6.218691, 20.709801, 12.949142>, 0.130000
	pigment { color rgbt <1,0,0,0> }
	no_shadow
}

// nucleotide -1

// particle -1
sphere {
	<6.888139, 20.652527, 12.723963> 0.250000
	pigment { color rgbt <1,0,0,0> }
	no_shadow
}
cylinder {
	<6.672265, 20.537855, 12.407342>,  <6.542741, 20.469051, 12.217369>, 0.100000
	pigment { color rgbt <1,0,0,0> }
	no_shadow
}
cylinder {
	<6.672265, 20.537855, 12.407342>,  <6.888139, 20.652527, 12.723963>, 0.100000
	pigment { color rgbt <1,0,0,0> }
	no_shadow
}

// particle -1
sphere {
	<6.672265, 20.537855, 12.407342> 0.100000
	pigment { color rgbt <1,0,0,0> }
	no_shadow
}
sphere {
	0, 1
	scale<0.080000,0.200000,0.300000>
	matrix <0.485377, 0.662273, -0.570792,
		0.687860, -0.692248, -0.218269,
		-0.539683, -0.286683, -0.791553,
		6.510360, 20.451851, 12.169876>
	pigment { color rgbt <0,1,1,0> }
	no_shadow
}
cylinder {
	<7.345157, 20.506586, 12.172016>,  <6.888139, 20.652527, 12.723963>, 0.130000
	pigment { color rgbt <1,0,0,0> }
	no_shadow
}

// nucleotide -1

// particle -1
sphere {
	<7.345157, 20.506586, 12.172016> 0.250000
	pigment { color rgbt <1,0,0,0> }
	no_shadow
}
cylinder {
	<6.993474, 20.531235, 11.983041>,  <6.782464, 20.546024, 11.869656>, 0.100000
	pigment { color rgbt <1,0,0,0> }
	no_shadow
}
cylinder {
	<6.993474, 20.531235, 11.983041>,  <7.345157, 20.506586, 12.172016>, 0.100000
	pigment { color rgbt <1,0,0,0> }
	no_shadow
}

// particle -1
sphere {
	<6.993474, 20.531235, 11.983041> 0.100000
	pigment { color rgbt <1,0,0,0> }
	no_shadow
}
sphere {
	0, 1
	scale<0.080000,0.200000,0.300000>
	matrix <0.443375, 0.468786, -0.763976,
		0.174395, -0.881160, -0.439481,
		-0.879207, 0.061621, -0.472438,
		6.729712, 20.549721, 11.841310>
	pigment { color rgbt <0,1,1,0> }
	no_shadow
}
cylinder {
	<7.323231, 20.055695, 11.521940>,  <7.345157, 20.506586, 12.172016>, 0.130000
	pigment { color rgbt <1,0,0,0> }
	no_shadow
}

// nucleotide -1

// particle -1
sphere {
	<7.323231, 20.055695, 11.521940> 0.250000
	pigment { color rgbt <1,0,0,0> }
	no_shadow
}
cylinder {
	<7.099272, 20.387016, 11.530220>,  <6.964897, 20.585810, 11.535188>, 0.100000
	pigment { color rgbt <1,0,0,0> }
	no_shadow
}
cylinder {
	<7.099272, 20.387016, 11.530220>,  <7.323231, 20.055695, 11.521940>, 0.100000
	pigment { color rgbt <1,0,0,0> }
	no_shadow
}

// particle -1
sphere {
	<7.099272, 20.387016, 11.530220> 0.100000
	pigment { color rgbt <1,0,0,0> }
	no_shadow
}
sphere {
	0, 1
	scale<0.080000,0.200000,0.300000>
	matrix <0.610196, 0.429108, -0.665978,
		-0.560514, -0.360248, -0.745684,
		-0.559897, 0.828304, 0.020699,
		6.931303, 20.635508, 11.536429>
	pigment { color rgbt <0,1,1,0> }
	no_shadow
}
cylinder {
	<7.487247, 20.482161, 10.937845>,  <7.323231, 20.055695, 11.521940>, 0.130000
	pigment { color rgbt <1,0,0,0> }
	no_shadow
}

// nucleotide -1

// particle -1
sphere {
	<7.487247, 20.482161, 10.937845> 0.250000
	pigment { color rgbt <1,0,0,0> }
	no_shadow
}
cylinder {
	<7.271699, 20.759644, 11.129005>,  <7.142370, 20.926132, 11.243702>, 0.100000
	pigment { color rgbt <1,0,0,0> }
	no_shadow
}
cylinder {
	<7.271699, 20.759644, 11.129005>,  <7.487247, 20.482161, 10.937845>, 0.100000
	pigment { color rgbt <1,0,0,0> }
	no_shadow
}

// particle -1
sphere {
	<7.271699, 20.759644, 11.129005> 0.100000
	pigment { color rgbt <1,0,0,0> }
	no_shadow
}
sphere {
	0, 1
	scale<0.080000,0.200000,0.300000>
	matrix <0.482374, 0.719205, -0.500060,
		-0.690604, -0.038940, -0.722184,
		-0.538871, 0.693706, 0.477902,
		7.110038, 20.967756, 11.272376>
	pigment { color rgbt <0,1,1,0> }
	no_shadow
}
cylinder {
	<7.270813, 20.813431, 10.451844>,  <7.487247, 20.482161, 10.937845>, 0.130000
	pigment { color rgbt <1,0,0,0> }
	no_shadow
}

// nucleotide -1

// particle -1
sphere {
	<7.270813, 20.813431, 10.451844> 0.250000
	pigment { color rgbt <1,0,0,0> }
	no_shadow
}
cylinder {
	<7.261724, 21.052582, 10.772351>,  <7.256270, 21.196072, 10.964655>, 0.100000
	pigment { color rgbt <1,0,0,0> }
	no_shadow
}
cylinder {
	<7.261724, 21.052582, 10.772351>,  <7.270813, 20.813431, 10.451844>, 0.100000
	pigment { color rgbt <1,0,0,0> }
	no_shadow
}

// particle -1
sphere {
	<7.261724, 21.052582, 10.772351> 0.100000
	pigment { color rgbt <1,0,0,0> }
	no_shadow
}
sphere {
	0, 1
	scale<0.080000,0.200000,0.300000>
	matrix <0.318187, 0.764122, -0.561137,
		-0.947756, 0.242202, -0.207599,
		-0.022722, 0.597876, 0.801266,
		7.254907, 21.231945, 11.012732>
	pigment { color rgbt <0,1,1,0> }
	no_shadow
}
cylinder {
	<6.873971, 21.433849, 10.260246>,  <7.270813, 20.813431, 10.451844>, 0.130000
	pigment { color rgbt <1,0,0,0> }
	no_shadow
}

// nucleotide -1

// particle -1
sphere {
	<6.873971, 21.433849, 10.260246> 0.250000
	pigment { color rgbt <1,0,0,0> }
	no_shadow
}
cylinder {
	<7.129899, 21.525179, 10.553777>,  <7.283455, 21.579977, 10.729895>, 0.100000
	pigment { color rgbt <1,0,0,0> }
	no_shadow
}
cylinder {
	<7.129899, 21.525179, 10.553777>,  <6.873971, 21.433849, 10.260246>, 0.100000
	pigment { color rgbt <1,0,0,0> }
	no_shadow
}

// particle -1
sphere {
	<7.129899, 21.525179, 10.553777> 0.100000
	pigment { color rgbt <1,0,0,0> }
	no_shadow
}
sphere {
	0, 1
	scale<0.080000,0.200000,0.300000>
	matrix <0.207452, 0.868093, -0.450975,
		-0.739997, 0.440776, 0.508056,
		0.639819, 0.228323, 0.733826,
		7.321844, 21.593676, 10.773925>
	pigment { color rgbt <0,1,1,0> }
	no_shadow
}
cylinder {
	<6.772736, 22.139858, 10.380148>,  <6.873971, 21.433849, 10.260246>, 0.130000
	pigment { color rgbt <1,0,0,0> }
	no_shadow
}

// nucleotide -1

// particle -1
sphere {
	<6.772736, 22.139858, 10.380148> 0.250000
	pigment { color rgbt <1,0,0,0> }
	no_shadow
}
cylinder {
	<7.131971, 21.999010, 10.485559>,  <7.347513, 21.914501, 10.548806>, 0.100000
	pigment { color rgbt <1,0,0,0> }
	no_shadow
}
cylinder {
	<7.131971, 21.999010, 10.485559>,  <6.772736, 22.139858, 10.380148>, 0.100000
	pigment { color rgbt <1,0,0,0> }
	no_shadow
}

// particle -1
sphere {
	<7.131971, 21.999010, 10.485559> 0.100000
	pigment { color rgbt <1,0,0,0> }
	no_shadow
}
sphere {
	0, 1
	scale<0.080000,0.200000,0.300000>
	matrix <0.435345, 0.796927, -0.418786,
		-0.062549, 0.490833, 0.869006,
		0.898088, -0.352122, 0.263529,
		7.401398, 21.893373, 10.564618>
	pigment { color rgbt <0,1,1,0> }
	no_shadow
}
cylinder {
	<7.163347, 22.742470, 10.619731>,  <6.772736, 22.139858, 10.380148>, 0.130000
	pigment { color rgbt <1,0,0,0> }
	no_shadow
}

// nucleotide -1

// particle -1
sphere {
	<7.163347, 22.742470, 10.619731> 0.250000
	pigment { color rgbt <1,0,0,0> }
	no_shadow
}
cylinder {
	<7.374124, 22.430748, 10.484073>,  <7.500589, 22.243715, 10.402678>, 0.100000
	pigment { color rgbt <1,0,0,0> }
	no_shadow
}
cylinder {
	<7.374124, 22.430748, 10.484073>,  <7.163347, 22.742470, 10.619731>, 0.100000
	pigment { color rgbt <1,0,0,0> }
	no_shadow
}

// particle -1
sphere {
	<7.374124, 22.430748, 10.484073> 0.100000
	pigment { color rgbt <1,0,0,0> }
	no_shadow
}
sphere {
	0, 1
	scale<0.080000,0.200000,0.300000>
	matrix <0.576449, 0.620938, -0.531171,
		0.624531, 0.084397, 0.776427,
		0.526942, -0.779303, -0.339145,
		7.532206, 22.196957, 10.382329>
	pigment { color rgbt <0,1,1,0> }
	no_shadow
}
cylinder {
	<7.883844, 22.887234, 10.766412>,  <7.163347, 22.742470, 10.619731>, 0.130000
	pigment { color rgbt <1,0,0,0> }
	no_shadow
}

// nucleotide -1

// particle -1
sphere {
	<7.883844, 22.887234, 10.766412> 0.250000
	pigment { color rgbt <1,0,0,0> }
	no_shadow
}
cylinder {
	<7.822029, 22.650858, 10.449701>,  <7.784939, 22.509033, 10.259675>, 0.100000
	pigment { color rgbt <1,0,0,0> }
	no_shadow
}
cylinder {
	<7.822029, 22.650858, 10.449701>,  <7.883844, 22.887234, 10.766412>, 0.100000
	pigment { color rgbt <1,0,0,0> }
	no_shadow
}

// particle -1
sphere {
	<7.822029, 22.650858, 10.449701> 0.100000
	pigment { color rgbt <1,0,0,0> }
	no_shadow
}
sphere {
	0, 1
	scale<0.080000,0.200000,0.300000>
	matrix <0.600589, 0.580141, -0.550209,
		0.784481, -0.560560, 0.265257,
		-0.154539, -0.590939, -0.791776,
		7.775667, 22.473576, 10.212169>
	pigment { color rgbt <0,1,1,0> }
	no_shadow
}
cylinder {
	<7.832005, 23.604902, 10.703460>,  <7.883844, 22.887234, 10.766412>, 0.130000
	pigment { color rgbt <1,0,0,0> }
	no_shadow
}

// nucleotide -1

// particle -1
sphere {
	<7.832005, 23.604902, 10.703460> 0.250000
	pigment { color rgbt <1,0,0,0> }
	no_shadow
}
cylinder {
	<7.735223, 23.874537, 10.982620>,  <7.677155, 24.036318, 11.150117>, 0.100000
	pigment { color rgbt <1,0,0,0> }
	no_shadow
}
cylinder {
	<7.735223, 23.874537, 10.982620>,  <7.832005, 23.604902, 10.703460>, 0.100000
	pigment { color rgbt <1,0,0,0> }
	no_shadow
}

// particle -1
sphere {
	<7.735223, 23.874537, 10.982620> 0.100000
	pigment { color rgbt <1,0,0,0> }
	no_shadow
}
sphere {
	0, 1
	scale<0.080000,0.200000,0.300000>
	matrix <0.721368, -0.356068, 0.594006,
		0.648911, 0.647167, -0.400112,
		-0.241954, 0.674085, 0.697902,
		7.662637, 24.076761, 11.191991>
	pigment { color rgbt <0,1,1,0> }
	no_shadow
}
cylinder {
	<8.372573, 24.068365, 11.149727>,  <7.832005, 23.604902, 10.703460>, 0.130000
	pigment { color rgbt <1,0,0,0> }
	no_shadow
}

// nucleotide -1

// particle -1
sphere {
	<8.372573, 24.068365, 11.149727> 0.250000
	pigment { color rgbt <1,0,0,0> }
	no_shadow
}
cylinder {
	<8.052985, 24.029152, 11.387057>,  <7.861233, 24.005623, 11.529456>, 0.100000
	pigment { color rgbt <1,0,0,0> }
	no_shadow
}
cylinder {
	<8.052985, 24.029152, 11.387057>,  <8.372573, 24.068365, 11.149727>, 0.100000
	pigment { color rgbt <1,0,0,0> }
	no_shadow
}

// particle -1
sphere {
	<8.052985, 24.029152, 11.387057> 0.100000
	pigment { color rgbt <1,0,0,0> }
	no_shadow
}
sphere {
	0, 1
	scale<0.080000,0.200000,0.300000>
	matrix <0.600298, -0.188960, 0.777134,
		0.035929, 0.977079, 0.209823,
		-0.798969, -0.098034, 0.593327,
		7.813294, 23.999743, 11.565056>
	pigment { color rgbt <0,1,1,0> }
	no_shadow
}
cylinder {
	<8.576473, 24.354509, 11.681519>,  <8.372573, 24.068365, 11.149727>, 0.130000
	pigment { color rgbt <1,0,0,0> }
	no_shadow
}

// nucleotide -1

// particle -1
sphere {
	<8.576473, 24.354509, 11.681519> 0.250000
	pigment { color rgbt <1,0,0,0> }
	no_shadow
}
cylinder {
	<8.264272, 24.141602, 11.812668>,  <8.076951, 24.013857, 11.891357>, 0.100000
	pigment { color rgbt <1,0,0,0> }
	no_shadow
}
cylinder {
	<8.264272, 24.141602, 11.812668>,  <8.576473, 24.354509, 11.681519>, 0.100000
	pigment { color rgbt <1,0,0,0> }
	no_shadow
}

// particle -1
sphere {
	<8.264272, 24.141602, 11.812668> 0.100000
	pigment { color rgbt <1,0,0,0> }
	no_shadow
}
sphere {
	0, 1
	scale<0.080000,0.200000,0.300000>
	matrix <0.476437, -0.166894, 0.863223,
		-0.404749, 0.829960, 0.383855,
		-0.780504, -0.532272, 0.327873,
		8.030121, 23.981920, 11.911030>
	pigment { color rgbt <0,1,1,0> }
	no_shadow
}
cylinder {
	<8.157009, 24.602289, 12.333922>,  <8.576473, 24.354509, 11.681519>, 0.130000
	pigment { color rgbt <1,0,0,0> }
	no_shadow
}

// nucleotide -1

// particle -1
sphere {
	<8.157009, 24.602289, 12.333922> 0.250000
	pigment { color rgbt <1,0,0,0> }
	no_shadow
}
cylinder {
	<8.138136, 24.202812, 12.326040>,  <8.126812, 23.963125, 12.321311>, 0.100000
	pigment { color rgbt <1,0,0,0> }
	no_shadow
}
cylinder {
	<8.138136, 24.202812, 12.326040>,  <8.157009, 24.602289, 12.333922>, 0.100000
	pigment { color rgbt <1,0,0,0> }
	no_shadow
}

// particle -1
sphere {
	<8.138136, 24.202812, 12.326040> 0.100000
	pigment { color rgbt <1,0,0,0> }
	no_shadow
}
sphere {
	0, 1
	scale<0.080000,0.200000,0.300000>
	matrix <0.287275, -0.032462, 0.957298,
		-0.956685, 0.039508, 0.288430,
		-0.047184, -0.998692, -0.019706,
		8.123981, 23.903204, 12.320128>
	pigment { color rgbt <0,1,1,0> }
	no_shadow
}
cylinder {
	<7.863183, 24.372042, 13.018573>,  <8.157009, 24.602289, 12.333922>, 0.130000
	pigment { color rgbt <1,0,0,0> }
	no_shadow
}

// nucleotide -1

// particle -1
sphere {
	<7.863183, 24.372042, 13.018573> 0.250000
	pigment { color rgbt <1,0,0,0> }
	no_shadow
}
cylinder {
	<8.042498, 24.050970, 12.861221>,  <8.150086, 23.858328, 12.766810>, 0.100000
	pigment { color rgbt <1,0,0,0> }
	no_shadow
}
cylinder {
	<8.042498, 24.050970, 12.861221>,  <7.863183, 24.372042, 13.018573>, 0.100000
	pigment { color rgbt <1,0,0,0> }
	no_shadow
}

// particle -1
sphere {
	<8.042498, 24.050970, 12.861221> 0.100000
	pigment { color rgbt <1,0,0,0> }
	no_shadow
}
sphere {
	0, 1
	scale<0.080000,0.200000,0.300000>
	matrix <0.577798, -0.075582, 0.812673,
		-0.682047, -0.591604, 0.429903,
		0.448288, -0.802678, -0.393378,
		8.176984, 23.810167, 12.743208>
	pigment { color rgbt <0,1,1,0> }
	no_shadow
}
cylinder {
	<7.853704, 23.773222, 13.509254>,  <7.863183, 24.372042, 13.018573>, 0.130000
	pigment { color rgbt <1,0,0,0> }
	no_shadow
}

// nucleotide -1

// particle -1
sphere {
	<7.853704, 23.773222, 13.509254> 0.250000
	pigment { color rgbt <1,0,0,0> }
	no_shadow
}
cylinder {
	<8.174189, 23.810816, 13.272872>,  <8.366479, 23.833372, 13.131042>, 0.100000
	pigment { color rgbt <1,0,0,0> }
	no_shadow
}
cylinder {
	<8.174189, 23.810816, 13.272872>,  <7.853704, 23.773222, 13.509254>, 0.100000
	pigment { color rgbt <1,0,0,0> }
	no_shadow
}

// particle -1
sphere {
	<8.174189, 23.810816, 13.272872> 0.100000
	pigment { color rgbt <1,0,0,0> }
	no_shadow
}
sphere {
	0, 1
	scale<0.080000,0.200000,0.300000>
	matrix <0.597940, -0.087829, 0.796714,
		0.022974, -0.991692, -0.126565,
		0.801211, 0.093982, -0.590955,
		8.414552, 23.839010, 13.095586>
	pigment { color rgbt <0,1,1,0> }
	no_shadow
}
cylinder {
	<7.934717, 23.686722, 14.286269>,  <7.853704, 23.773222, 13.509254>, 0.130000
	pigment { color rgbt <1,0,0,0> }
	no_shadow
}

// nucleotide -1

// particle -1
sphere {
	<7.934717, 23.686722, 14.286269> 0.250000
	pigment { color rgbt <1,0,0,0> }
	no_shadow
}
cylinder {
	<8.269383, 23.542305, 14.451018>,  <8.470183, 23.455654, 14.549868>, 0.100000
	pigment { color rgbt <1,0,0,0> }
	no_shadow
}
cylinder {
	<8.269383, 23.542305, 14.451018>,  <7.934717, 23.686722, 14.286269>, 0.100000
	pigment { color rgbt <1,0,0,0> }
	no_shadow
}

// particle -1
sphere {
	<8.269383, 23.542305, 14.451018> 0.100000
	pigment { color rgbt <1,0,0,0> }
	no_shadow
}
sphere {
	0, 1
	scale<0.080000,0.200000,0.300000>
	matrix <0.163466, -0.553111, -0.816913,
		0.522752, 0.750810, -0.403751,
		0.836665, -0.361044, 0.411872,
		8.520383, 23.433992, 14.574580>
	pigment { color rgbt <0,1,1,0> }
	no_shadow
}
cylinder {
	<8.136559, 23.071867, 14.025948>,  <7.934717, 23.686722, 14.286269>, 0.130000
	pigment { color rgbt <1,0,0,0> }
	no_shadow
}

// nucleotide -1

// particle -1
sphere {
	<8.136559, 23.071867, 14.025948> 0.250000
	pigment { color rgbt <1,0,0,0> }
	no_shadow
}
cylinder {
	<8.119665, 22.923765, 14.397136>,  <8.109529, 22.834904, 14.619848>, 0.100000
	pigment { color rgbt <1,0,0,0> }
	no_shadow
}
cylinder {
	<8.119665, 22.923765, 14.397136>,  <8.136559, 23.071867, 14.025948>, 0.100000
	pigment { color rgbt <1,0,0,0> }
	no_shadow
}

// particle -1
sphere {
	<8.119665, 22.923765, 14.397136> 0.100000
	pigment { color rgbt <1,0,0,0> }
	no_shadow
}
sphere {
	0, 1
	scale<0.080000,0.200000,0.300000>
	matrix <-0.257745, -0.893322, -0.368162,
		0.965290, -0.254728, -0.057703,
		-0.042234, -0.370256, 0.927969,
		8.106995, 22.812689, 14.675527>
	pigment { color rgbt <0,1,1,0> }
	no_shadow
}
cylinder {
	<8.452830, 22.463688, 14.017086>,  <8.136559, 23.071867, 14.025948>, 0.130000
	pigment { color rgbt <1,0,0,0> }
	no_shadow
}

// nucleotide -1

// particle -1
sphere {
	<8.452830, 22.463688, 14.017086> 0.250000
	pigment { color rgbt <1,0,0,0> }
	no_shadow
}
cylinder {
	<8.257239, 22.387348, 14.357551>,  <8.139885, 22.341543, 14.561830>, 0.100000
	pigment { color rgbt <1,0,0,0> }
	no_shadow
}
cylinder {
	<8.257239, 22.387348, 14.357551>,  <8.452830, 22.463688, 14.017086>, 0.100000
	pigment { color rgbt <1,0,0,0> }
	no_shadow
}

// particle -1
sphere {
	<8.257239, 22.387348, 14.357551> 0.100000
	pigment { color rgbt <1,0,0,0> }
	no_shadow
}
sphere {
	0, 1
	scale<0.080000,0.200000,0.300000>
	matrix <0.031944, -0.979035, -0.201172,
		0.871711, -0.071179, 0.484823,
		-0.488978, -0.190851, 0.851162,
		8.110546, 22.330093, 14.612899>
	pigment { color rgbt <0,1,1,0> }
	no_shadow
}
cylinder {
	<8.947732, 22.058018, 14.541244>,  <8.452830, 22.463688, 14.017086>, 0.130000
	pigment { color rgbt <1,0,0,0> }
	no_shadow
}

// nucleotide -1

// particle -1
sphere {
	<8.947732, 22.058018, 14.541244> 0.250000
	pigment { color rgbt <1,0,0,0> }
	no_shadow
}
cylinder {
	<8.554243, 21.989683, 14.563535>,  <8.318150, 21.948683, 14.576910>, 0.100000
	pigment { color rgbt <1,0,0,0> }
	no_shadow
}
cylinder {
	<8.554243, 21.989683, 14.563535>,  <8.947732, 22.058018, 14.541244>, 0.100000
	pigment { color rgbt <1,0,0,0> }
	no_shadow
}

// particle -1
sphere {
	<8.554243, 21.989683, 14.563535> 0.100000
	pigment { color rgbt <1,0,0,0> }
	no_shadow
}
sphere {
	0, 1
	scale<0.080000,0.200000,0.300000>
	matrix <0.148542, -0.947599, -0.282827,
		0.101126, -0.269945, 0.957551,
		-0.983722, -0.170838, 0.055729,
		8.259127, 21.938433, 14.580254>
	pigment { color rgbt <0,1,1,0> }
	no_shadow
}
cylinder {
	<8.856715, 21.376133, 14.907983>,  <8.947732, 22.058018, 14.541244>, 0.130000
	pigment { color rgbt <1,0,0,0> }
	no_shadow
}

// nucleotide -1

// particle -1
sphere {
	<8.856715, 21.376133, 14.907983> 0.250000
	pigment { color rgbt <1,0,0,0> }
	no_shadow
}
cylinder {
	<8.540395, 21.430677, 14.669308>,  <8.350602, 21.463404, 14.526102>, 0.100000
	pigment { color rgbt <1,0,0,0> }
	no_shadow
}
cylinder {
	<8.540395, 21.430677, 14.669308>,  <8.856715, 21.376133, 14.907983>, 0.100000
	pigment { color rgbt <1,0,0,0> }
	no_shadow
}

// particle -1
sphere {
	<8.540395, 21.430677, 14.669308> 0.100000
	pigment { color rgbt <1,0,0,0> }
	no_shadow
}
sphere {
	0, 1
	scale<0.080000,0.200000,0.300000>
	matrix <0.063344, -0.951399, -0.301377,
		-0.608785, -0.276126, 0.743730,
		-0.790802, 0.136363, -0.596689,
		8.303154, 21.471586, 14.490301>
	pigment { color rgbt <0,1,1,0> }
	no_shadow
}
cylinder {
	<8.363070, 20.817600, 14.996570>,  <8.856715, 21.376133, 14.907983>, 0.130000
	pigment { color rgbt <1,0,0,0> }
	no_shadow
}

// nucleotide -1

// particle -1
sphere {
	<8.363070, 20.817600, 14.996570> 0.250000
	pigment { color rgbt <1,0,0,0> }
	no_shadow
}
cylinder {
	<8.334200, 20.957348, 14.622889>,  <8.316877, 21.041197, 14.398680>, 0.100000
	pigment { color rgbt <1,0,0,0> }
	no_shadow
}
cylinder {
	<8.334200, 20.957348, 14.622889>,  <8.363070, 20.817600, 14.996570>, 0.100000
	pigment { color rgbt <1,0,0,0> }
	no_shadow
}

// particle -1
sphere {
	<8.334200, 20.957348, 14.622889> 0.100000
	pigment { color rgbt <1,0,0,0> }
	no_shadow
}
sphere {
	0, 1
	scale<0.080000,0.200000,0.300000>
	matrix <0.014917, -0.936162, -0.351253,
		-0.997280, -0.039288, 0.062357,
		-0.072176, 0.349367, -0.934202,
		8.312547, 21.062159, 14.342628>
	pigment { color rgbt <0,1,1,0> }
	no_shadow
}
cylinder {
	<7.980224, 20.273142, 14.768040>,  <8.363070, 20.817600, 14.996570>, 0.130000
	pigment { color rgbt <1,0,0,0> }
	no_shadow
}

// nucleotide -1

// particle -1
sphere {
	<7.980224, 20.273142, 14.768040> 0.250000
	pigment { color rgbt <1,0,0,0> }
	no_shadow
}
cylinder {
	<8.130859, 20.472939, 14.455966>,  <8.221241, 20.592817, 14.268722>, 0.100000
	pigment { color rgbt <1,0,0,0> }
	no_shadow
}
cylinder {
	<8.130859, 20.472939, 14.455966>,  <7.980224, 20.273142, 14.768040>, 0.100000
	pigment { color rgbt <1,0,0,0> }
	no_shadow
}

// particle -1
sphere {
	<8.130859, 20.472939, 14.455966> 0.100000
	pigment { color rgbt <1,0,0,0> }
	no_shadow
}
sphere {
	0, 1
	scale<0.080000,0.200000,0.300000>
	matrix <0.036344, -0.849503, -0.526330,
		-0.925667, 0.169855, -0.338067,
		0.376589, 0.499493, -0.780184,
		8.243836, 20.622786, 14.221910>
	pigment { color rgbt <0,1,1,0> }
	no_shadow
}
cylinder {
	<7.611432, 20.053295, 14.151996>,  <7.980224, 20.273142, 14.768040>, 0.130000
	pigment { color rgbt <1,0,0,0> }
	no_shadow
}

// nucleotide -1

// particle -1
sphere {
	<7.611432, 20.053295, 14.151996> 0.250000
	pigment { color rgbt <1,0,0,0> }
	no_shadow
}
cylinder {
	<7.929387, 20.231756, 13.987509>,  <8.120160, 20.338833, 13.888817>, 0.100000
	pigment { color rgbt <1,0,0,0> }
	no_shadow
}
cylinder {
	<7.929387, 20.231756, 13.987509>,  <7.611432, 20.053295, 14.151996>, 0.100000
	pigment { color rgbt <1,0,0,0> }
	no_shadow
}

// particle -1
sphere {
	<7.929387, 20.231756, 13.987509> 0.100000
	pigment { color rgbt <1,0,0,0> }
	no_shadow
}
sphere {
	0, 1
	scale<0.080000,0.200000,0.300000>
	matrix <0.070936, -0.741416, -0.667286,
		-0.602594, 0.501249, -0.620992,
		0.794889, 0.446153, -0.411216,
		8.167854, 20.365602, 13.864144>
	pigment { color rgbt <0,1,1,0> }
	no_shadow
}
cylinder {
	<7.595619, 20.072363, 13.413995>,  <7.611432, 20.053295, 14.151996>, 0.130000
	pigment { color rgbt <1,0,0,0> }
	no_shadow
}

// nucleotide -1

// particle -1
sphere {
	<7.595619, 20.072363, 13.413995> 0.250000
	pigment { color rgbt <1,0,0,0> }
	no_shadow
}
cylinder {
	<7.984126, 20.095949, 13.506225>,  <8.217230, 20.110102, 13.561563>, 0.100000
	pigment { color rgbt <1,0,0,0> }
	no_shadow
}
cylinder {
	<7.984126, 20.095949, 13.506225>,  <7.595619, 20.072363, 13.413995>, 0.100000
	pigment { color rgbt <1,0,0,0> }
	no_shadow
}

// particle -1
sphere {
	<7.984126, 20.095949, 13.506225> 0.100000
	pigment { color rgbt <1,0,0,0> }
	no_shadow
}
sphere {
	0, 1
	scale<0.080000,0.200000,0.300000>
	matrix <0.199644, -0.729241, -0.654485,
		0.129551, 0.681712, -0.720060,
		0.971267, 0.058967, 0.230574,
		8.275506, 20.113640, 13.575397>
	pigment { color rgbt <0,1,1,0> }
	no_shadow
}
cylinder {
	<7.911440, 19.907705, 12.789019>,  <7.595619, 20.072363, 13.413995>, 0.130000
	pigment { color rgbt <1,0,0,0> }
	no_shadow
}

// nucleotide -1

// particle -1
sphere {
	<7.911440, 19.907705, 12.789019> 0.250000
	pigment { color rgbt <1,0,0,0> }
	no_shadow
}
cylinder {
	<8.212658, 19.868284, 13.049238>,  <8.393389, 19.844631, 13.205370>, 0.100000
	pigment { color rgbt <1,0,0,0> }
	no_shadow
}
cylinder {
	<8.212658, 19.868284, 13.049238>,  <7.911440, 19.907705, 12.789019>, 0.100000
	pigment { color rgbt <1,0,0,0> }
	no_shadow
}

// particle -1
sphere {
	<8.212658, 19.868284, 13.049238> 0.100000
	pigment { color rgbt <1,0,0,0> }
	no_shadow
}
sphere {
	0, 1
	scale<0.080000,0.200000,0.300000>
	matrix <0.298281, -0.830153, -0.471035,
		0.586475, 0.548756, -0.595746,
		0.753044, -0.098550, 0.650548,
		8.438571, 19.838718, 13.244403>
	pigment { color rgbt <0,1,1,0> }
	no_shadow
}
cylinder {
	<8.538956, 19.749113, 12.403671>,  <7.911440, 19.907705, 12.789019>, 0.130000
	pigment { color rgbt <1,0,0,0> }
	no_shadow
}

// nucleotide -1

// particle -1
sphere {
	<8.538956, 19.749113, 12.403671> 0.250000
	pigment { color rgbt <1,0,0,0> }
	no_shadow
}
cylinder {
	<8.595558, 19.606747, 12.773169>,  <8.629519, 19.521326, 12.994866>, 0.100000
	pigment { color rgbt <1,0,0,0> }
	no_shadow
}
cylinder {
	<8.595558, 19.606747, 12.773169>,  <8.538956, 19.749113, 12.403671>, 0.100000
	pigment { color rgbt <1,0,0,0> }
	no_shadow
}

// particle -1
sphere {
	<8.595558, 19.606747, 12.773169> 0.100000
	pigment { color rgbt <1,0,0,0> }
	no_shadow
}
sphere {
	0, 1
	scale<0.080000,0.200000,0.300000>
	matrix <0.317855, -0.867387, -0.382895,
		0.937520, 0.347798, -0.009611,
		0.141506, -0.355917, 0.923742,
		8.638010, 19.499971, 13.050291>
	pigment { color rgbt <0,1,1,0> }
	no_shadow
}
cylinder {
	<9.066412, 19.300205, 12.304641>,  <8.538956, 19.749113, 12.403671>, 0.130000
	pigment { color rgbt <1,0,0,0> }
	no_shadow
}

// nucleotide -1

// particle -1
sphere {
	<9.066412, 19.300205, 12.304641> 0.250000
