// switches for output
#declare DRAW_BASES = 1; // possible values are 0, 1; only relevant for DNA ribbons
#declare DRAW_BASES_TYPE = 3; // possible values are 1, 2, 3; only relevant for DNA ribbons
#declare DRAW_FOG = 0; // set to 1 to enable fog

#include "colors.inc"

#include "transforms.inc"
background { rgb <1, 1, 1>}

#default {
   normal{
       ripples 0.25
       frequency 0.20
       turbulence 0.2
       lambda 5
   }
	finish {
		phong 0.1
		phong_size 40.
	}
}

// original window dimensions: 1024x640


// camera settings

camera {
	sky <0, 0.179814, -0.983701>
	up <0, 0.179814, -0.983701>
	right 1.6 * <1, 0, 0>
	location <25.469, 94.9851, 44.8844>
	look_at <25.469, 29.3977, 32.8955>
	direction <0, -65.5874, -11.9889>
	angle 67.0682
}


# declare cpy_camera_pos = <25.469, 94.9851, 44.8844>;
# if (DRAW_FOG = 1)
fog {
	fog_type 2
	up vnormalize(cpy_camera_pos)
	color rgbt<1,1,1,0.3>
	distance 1e-5
	fog_alt 3e-3
	fog_offset 28
}
# end


// LIGHTS

# declare lum = 6;
global_settings {
	ambient_light rgb lum * <0.05, 0.05, 0.05>
	max_trace_level 15
}# declare cpy_direct_light_amount = 0.25;
light_source
{	1000 * <-1, -1.16351, -0.803887>,
	rgb lum * cpy_direct_light_amount
	parallel
}

light_source
{	1000 * <1, 1.16351, 0.803887>,
	rgb lum * cpy_direct_light_amount
	parallel
}

// strand 0

// nucleotide -1

// particle -1
sphere {
	<4.686397, 15.178015, 14.699145> 0.250000
	pigment { color rgbt <1,0,0,0> }
	no_shadow
}
cylinder {
	<4.298969, 15.239412, 14.777437>,  <4.066512, 15.276251, 14.824412>, 0.100000
	pigment { color rgbt <1,0,0,0> }
	no_shadow
}
cylinder {
	<4.298969, 15.239412, 14.777437>,  <4.686397, 15.178015, 14.699145>, 0.100000
	pigment { color rgbt <1,0,0,0> }
	no_shadow
}

// particle -1
sphere {
	<4.298969, 15.239412, 14.777437> 0.100000
	pigment { color rgbt <1,0,0,0> }
	no_shadow
}
sphere {
	0, 1
	scale<0.080000,0.200000,0.300000>
	matrix <0.247633, 0.669105, 0.700697,
		-0.023411, 0.727144, -0.686085,
		-0.968571, 0.153493, 0.195729,
		4.008398, 15.285460, 14.836156>
	pigment { color rgbt <0,1,1,0> }
	no_shadow
}
cylinder {
	<4.643375, 15.844139, 14.799823>,  <4.686397, 15.178015, 14.699145>, 0.130000
	pigment { color rgbt <1,0,0,0> }
	no_shadow
}

// nucleotide -1

// particle -1
sphere {
	<4.643375, 15.844139, 14.799823> 0.250000
	pigment { color rgbt <1,0,0,0> }
	no_shadow
}
cylinder {
	<4.321989, 15.692186, 14.983185>,  <4.129158, 15.601015, 15.093203>, 0.100000
	pigment { color rgbt <1,0,0,0> }
	no_shadow
}
cylinder {
	<4.321989, 15.692186, 14.983185>,  <4.643375, 15.844139, 14.799823>, 0.100000
	pigment { color rgbt <1,0,0,0> }
	no_shadow
}

// particle -1
sphere {
	<4.321989, 15.692186, 14.983185> 0.100000
	pigment { color rgbt <1,0,0,0> }
	no_shadow
}
sphere {
	0, 1
	scale<0.080000,0.200000,0.300000>
	matrix <0.272899, 0.449319, 0.850669,
		-0.529124, 0.808581, -0.257343,
		-0.803464, -0.379881, 0.458406,
		4.080950, 15.578222, 15.120707>
	pigment { color rgbt <0,1,1,0> }
	no_shadow
}
cylinder {
	<4.147686, 16.428139, 15.109894>,  <4.643375, 15.844139, 14.799823>, 0.130000
	pigment { color rgbt <1,0,0,0> }
	no_shadow
}

// nucleotide -1

// particle -1
sphere {
	<4.147686, 16.428139, 15.109894> 0.250000
	pigment { color rgbt <1,0,0,0> }
	no_shadow
}
cylinder {
	<4.100227, 16.078209, 15.297768>,  <4.071753, 15.868251, 15.410492>, 0.100000
	pigment { color rgbt <1,0,0,0> }
	no_shadow
}
cylinder {
	<4.100227, 16.078209, 15.297768>,  <4.147686, 16.428139, 15.109894>, 0.100000
	pigment { color rgbt <1,0,0,0> }
	no_shadow
}

// particle -1
sphere {
	<4.100227, 16.078209, 15.297768> 0.100000
	pigment { color rgbt <1,0,0,0> }
	no_shadow
}
sphere {
	0, 1
	scale<0.080000,0.200000,0.300000>
	matrix <0.246720, 0.432217, 0.867363,
		-0.961797, 0.218789, 0.164556,
		-0.118646, -0.874826, 0.469684,
		4.064634, 15.815762, 15.438673>
	pigment { color rgbt <0,1,1,0> }
	no_shadow
}
cylinder {
	<3.535165, 16.469332, 15.578745>,  <4.147686, 16.428139, 15.109894>, 0.130000
	pigment { color rgbt <1,0,0,0> }
	no_shadow
}

// nucleotide -1

// particle -1
sphere {
	<3.535165, 16.469332, 15.578745> 0.250000
	pigment { color rgbt <1,0,0,0> }
	no_shadow
}
cylinder {
	<3.850100, 16.228390, 15.631304>,  <4.039062, 16.083824, 15.662839>, 0.100000
	pigment { color rgbt <1,0,0,0> }
	no_shadow
}
cylinder {
	<3.850100, 16.228390, 15.631304>,  <3.535165, 16.469332, 15.578745>, 0.100000
	pigment { color rgbt <1,0,0,0> }
	no_shadow
}

// particle -1
sphere {
	<3.850100, 16.228390, 15.631304> 0.100000
	pigment { color rgbt <1,0,0,0> }
	no_shadow
}
sphere {
	0, 1
	scale<0.080000,0.200000,0.300000>
	matrix <0.308976, 0.569948, 0.761376,
		-0.533510, -0.558861, 0.634856,
		0.787338, -0.602357, 0.131398,
		4.086302, 16.047684, 15.670723>
	pigment { color rgbt <0,1,1,0> }
	no_shadow
}
cylinder {
	<3.520527, 16.331795, 16.288031>,  <3.535165, 16.469332, 15.578745>, 0.130000
	pigment { color rgbt <1,0,0,0> }
	no_shadow
}

// nucleotide -1

// particle -1
sphere {
	<3.520527, 16.331795, 16.288031> 0.250000
	pigment { color rgbt <1,0,0,0> }
	no_shadow
}
cylinder {
	<3.896055, 16.301281, 16.153687>,  <4.121371, 16.282972, 16.073080>, 0.100000
	pigment { color rgbt <1,0,0,0> }
	no_shadow
}
cylinder {
	<3.896055, 16.301281, 16.153687>,  <3.520527, 16.331795, 16.288031>, 0.100000
	pigment { color rgbt <1,0,0,0> }
	no_shadow
}

// particle -1
sphere {
	<3.896055, 16.301281, 16.153687> 0.100000
	pigment { color rgbt <1,0,0,0> }
	no_shadow
}
sphere {
	0, 1
	scale<0.080000,0.200000,0.300000>
	matrix <0.310371, 0.610113, 0.728994,
		0.149303, -0.788634, 0.596461,
		0.938818, -0.076283, -0.335861,
		4.177700, 16.278397, 16.052929>
	pigment { color rgbt <0,1,1,0> }
	no_shadow
}
cylinder {
	<4.078022, 16.208185, 16.864466>,  <3.520527, 16.331795, 16.288031>, 0.130000
	pigment { color rgbt <1,0,0,0> }
	no_shadow
}

// nucleotide -1

// particle -1
sphere {
	<4.078022, 16.208185, 16.864466> 0.250000
	pigment { color rgbt <1,0,0,0> }
	no_shadow
}
cylinder {
	<4.275140, 16.382500, 16.563204>,  <4.393411, 16.487089, 16.382446>, 0.100000
	pigment { color rgbt <1,0,0,0> }
	no_shadow
}
cylinder {
	<4.275140, 16.382500, 16.563204>,  <4.078022, 16.208185, 16.864466>, 0.100000
	pigment { color rgbt <1,0,0,0> }
	no_shadow
}

// particle -1
sphere {
	<4.275140, 16.382500, 16.563204> 0.100000
	pigment { color rgbt <1,0,0,0> }
	no_shadow
}
sphere {
	0, 1
	scale<0.080000,0.200000,0.300000>
	matrix <0.364719, 0.682402, 0.633488,
		0.790021, -0.586870, 0.177345,
		0.492795, 0.435787, -0.753155,
		4.422979, 16.513235, 16.337257>
	pigment { color rgbt <0,1,1,0> }
	no_shadow
}
cylinder {
	<4.684357, 16.485460, 17.121481>,  <4.078022, 16.208185, 16.864466>, 0.130000
	pigment { color rgbt <1,0,0,0> }
	no_shadow
}

// nucleotide -1

// particle -1
sphere {
	<4.684357, 16.485460, 17.121481> 0.250000
	pigment { color rgbt <1,0,0,0> }
	no_shadow
}
cylinder {
	<4.721623, 16.658360, 16.762709>,  <4.743983, 16.762098, 16.547445>, 0.100000
	pigment { color rgbt <1,0,0,0> }
	no_shadow
}
cylinder {
	<4.721623, 16.658360, 16.762709>,  <4.684357, 16.485460, 17.121481>, 0.100000
	pigment { color rgbt <1,0,0,0> }
	no_shadow
}

// particle -1
sphere {
	<4.721623, 16.658360, 16.762709> 0.100000
	pigment { color rgbt <1,0,0,0> }
	no_shadow
}
sphere {
	0, 1
	scale<0.080000,0.200000,0.300000>
	matrix <0.427532, 0.796201, 0.428114,
		0.899187, -0.423351, -0.110621,
		0.093166, 0.432248, -0.896929,
		4.749573, 16.788034, 16.493629>
	pigment { color rgbt <0,1,1,0> }
	no_shadow
}
cylinder {
	<5.457626, 16.664812, 16.986231>,  <4.684357, 16.485460, 17.121481>, 0.130000
	pigment { color rgbt <1,0,0,0> }
	no_shadow
}

// nucleotide -1

// particle -1
sphere {
	<5.457626, 16.664812, 16.986231> 0.250000
	pigment { color rgbt <1,0,0,0> }
	no_shadow
}
cylinder {
	<5.201785, 16.896751, 16.784365>,  <5.048281, 17.035915, 16.663244>, 0.100000
	pigment { color rgbt <1,0,0,0> }
	no_shadow
}
cylinder {
	<5.201785, 16.896751, 16.784365>,  <5.457626, 16.664812, 16.986231>, 0.100000
	pigment { color rgbt <1,0,0,0> }
	no_shadow
}

// particle -1
sphere {
	<5.201785, 16.896751, 16.784365> 0.100000
	pigment { color rgbt <1,0,0,0> }
	no_shadow
}
sphere {
	0, 1
	scale<0.080000,0.200000,0.300000>
	matrix <0.396265, 0.811267, 0.429907,
		0.658698, 0.074989, -0.748661,
		-0.639602, 0.579847, -0.504665,
		5.009904, 17.070705, 16.632965>
	pigment { color rgbt <0,1,1,0> }
	no_shadow
}
cylinder {
	<5.830757, 17.047274, 16.658386>,  <5.457626, 16.664812, 16.986231>, 0.130000
	pigment { color rgbt <1,0,0,0> }
	no_shadow
}

// nucleotide -1

// particle -1
sphere {
	<5.830757, 17.047274, 16.658386> 0.250000
	pigment { color rgbt <1,0,0,0> }
	no_shadow
}
cylinder {
	<5.492846, 17.261126, 16.649225>,  <5.290100, 17.389437, 16.643728>, 0.100000
	pigment { color rgbt <1,0,0,0> }
	no_shadow
}
cylinder {
	<5.492846, 17.261126, 16.649225>,  <5.830757, 17.047274, 16.658386>, 0.100000
	pigment { color rgbt <1,0,0,0> }
	no_shadow
}

// particle -1
sphere {
	<5.492846, 17.261126, 16.649225> 0.100000
	pigment { color rgbt <1,0,0,0> }
	no_shadow
}
sphere {
	0, 1
	scale<0.080000,0.200000,0.300000>
	matrix <0.495826, 0.798124, 0.342279,
		0.201271, 0.277794, -0.939319,
		-0.844776, 0.534629, -0.022902,
		5.239414, 17.421515, 16.642355>
	pigment { color rgbt <0,1,1,0> }
	no_shadow
}
cylinder {
	<6.036994, 17.715433, 16.482660>,  <5.830757, 17.047274, 16.658386>, 0.130000
	pigment { color rgbt <1,0,0,0> }
	no_shadow
}

// nucleotide -1

// particle -1
sphere {
	<6.036994, 17.715433, 16.482660> 0.250000
	pigment { color rgbt <1,0,0,0> }
	no_shadow
}
cylinder {
	<5.666461, 17.768095, 16.623842>,  <5.444142, 17.799692, 16.708551>, 0.100000
	pigment { color rgbt <1,0,0,0> }
	no_shadow
}
cylinder {
	<5.666461, 17.768095, 16.623842>,  <6.036994, 17.715433, 16.482660>, 0.100000
	pigment { color rgbt <1,0,0,0> }
	no_shadow
}

// particle -1
sphere {
	<5.666461, 17.768095, 16.623842> 0.100000
	pigment { color rgbt <1,0,0,0> }
	no_shadow
}
sphere {
	0, 1
	scale<0.080000,0.200000,0.300000>
	matrix <0.298544, 0.827973, 0.474691,
		-0.229744, 0.545094, -0.806281,
		-0.926331, 0.131653, 0.352957,
		5.388562, 17.807590, 16.729729>
	pigment { color rgbt <0,1,1,0> }
	no_shadow
}
cylinder {
	<5.894831, 18.424765, 16.327120>,  <6.036994, 17.715433, 16.482660>, 0.130000
	pigment { color rgbt <1,0,0,0> }
	no_shadow
}

// nucleotide -1

// particle -1
sphere {
	<5.894831, 18.424765, 16.327120> 0.250000
	pigment { color rgbt <1,0,0,0> }
	no_shadow
}
cylinder {
	<5.645498, 18.304047, 16.615669>,  <5.495899, 18.231615, 16.788799>, 0.100000
	pigment { color rgbt <1,0,0,0> }
	no_shadow
}
cylinder {
	<5.645498, 18.304047, 16.615669>,  <5.894831, 18.424765, 16.327120>, 0.100000
	pigment { color rgbt <1,0,0,0> }
	no_shadow
}

// particle -1
sphere {
	<5.645498, 18.304047, 16.615669> 0.100000
	pigment { color rgbt <1,0,0,0> }
	no_shadow
}
sphere {
	0, 1
	scale<0.080000,0.200000,0.300000>
	matrix <0.066296, 0.898803, 0.433310,
		-0.779142, 0.317920, -0.540245,
		-0.623331, -0.301795, 0.721372,
		5.458499, 18.213509, 16.832081>
	pigment { color rgbt <0,1,1,0> }
	no_shadow
}
cylinder {
	<5.383940, 18.858652, 16.297739>,  <5.894831, 18.424765, 16.327120>, 0.130000
	pigment { color rgbt <1,0,0,0> }
	no_shadow
}

// nucleotide -1

// particle -1
sphere {
	<5.383940, 18.858652, 16.297739> 0.250000
	pigment { color rgbt <1,0,0,0> }
	no_shadow
}
cylinder {
	<5.361401, 18.689447, 16.659487>,  <5.347877, 18.587925, 16.876535>, 0.100000
	pigment { color rgbt <1,0,0,0> }
	no_shadow
}
cylinder {
	<5.361401, 18.689447, 16.659487>,  <5.383940, 18.858652, 16.297739>, 0.100000
	pigment { color rgbt <1,0,0,0> }
	no_shadow
}

// particle -1
sphere {
	<5.361401, 18.689447, 16.659487> 0.100000
	pigment { color rgbt <1,0,0,0> }
	no_shadow
}
sphere {
	0, 1
	scale<0.080000,0.200000,0.300000>
	matrix <0.046671, 0.903703, 0.425608,
		-0.997320, 0.066190, -0.031180,
		-0.056348, -0.423012, 0.904370,
		5.344496, 18.562544, 16.930798>
	pigment { color rgbt <0,1,1,0> }
	no_shadow
}
cylinder {
	<4.667760, 19.033289, 16.559546>,  <5.383940, 18.858652, 16.297739>, 0.130000
	pigment { color rgbt <1,0,0,0> }
	no_shadow
}

// nucleotide -1

// particle -1
sphere {
	<4.667760, 19.033289, 16.559546> 0.250000
	pigment { color rgbt <1,0,0,0> }
	no_shadow
}
cylinder {
	<4.943625, 18.960102, 16.839800>,  <5.109144, 18.916189, 17.007952>, 0.100000
	pigment { color rgbt <1,0,0,0> }
	no_shadow
}
cylinder {
	<4.943625, 18.960102, 16.839800>,  <4.667760, 19.033289, 16.559546>, 0.100000
	pigment { color rgbt <1,0,0,0> }
	no_shadow
}

// particle -1
sphere {
	<4.943625, 18.960102, 16.839800> 0.100000
	pigment { color rgbt <1,0,0,0> }
	no_shadow
}
sphere {
	0, 1
	scale<0.080000,0.200000,0.300000>
	matrix <-0.026701, 0.960468, 0.277106,
		-0.723639, -0.209817, 0.657513,
		0.689662, -0.182969, 0.700634,
		5.150524, 18.905212, 17.049990>
	pigment { color rgbt <0,1,1,0> }
	no_shadow
}
cylinder {
	<4.482322, 19.437262, 17.099968>,  <4.667760, 19.033289, 16.559546>, 0.130000
	pigment { color rgbt <1,0,0,0> }
	no_shadow
}

// nucleotide -1

// particle -1
sphere {
	<4.482322, 19.437262, 17.099968> 0.250000
	pigment { color rgbt <1,0,0,0> }
	no_shadow
}
cylinder {
	<4.857403, 19.349897, 17.208050>,  <5.082451, 19.297480, 17.272900>, 0.100000
	pigment { color rgbt <1,0,0,0> }
	no_shadow
}
cylinder {
	<4.857403, 19.349897, 17.208050>,  <4.482322, 19.437262, 17.099968>, 0.100000
	pigment { color rgbt <1,0,0,0> }
	no_shadow
}

// particle -1
sphere {
	<4.857403, 19.349897, 17.208050> 0.100000
	pigment { color rgbt <1,0,0,0> }
	no_shadow
}
sphere {
	0, 1
	scale<0.080000,0.200000,0.300000>
	matrix <0.096988, 0.911340, 0.400065,
		-0.333627, -0.348935, 0.875749,
		0.937703, -0.218409, 0.270206,
		5.138714, 19.284374, 17.289112>
	pigment { color rgbt <0,1,1,0> }
	no_shadow
}
cylinder {
	<4.598597, 19.823637, 17.775229>,  <4.482322, 19.437262, 17.099968>, 0.130000
	pigment { color rgbt <1,0,0,0> }
	no_shadow
}

// nucleotide -1

// particle -1
sphere {
	<4.598597, 19.823637, 17.775229> 0.250000
	pigment { color rgbt <1,0,0,0> }
	no_shadow
}
cylinder {
	<4.951057, 19.755131, 17.598938>,  <5.162534, 19.714027, 17.493164>, 0.100000
	pigment { color rgbt <1,0,0,0> }
	no_shadow
}
cylinder {
	<4.951057, 19.755131, 17.598938>,  <4.598597, 19.823637, 17.775229>, 0.100000
	pigment { color rgbt <1,0,0,0> }
	no_shadow
}

// particle -1
sphere {
	<4.951057, 19.755131, 17.598938> 0.100000
	pigment { color rgbt <1,0,0,0> }
	no_shadow
}
sphere {
	0, 1
	scale<0.080000,0.200000,0.300000>
	matrix <0.233150, 0.968280, 0.089863,
		0.411357, -0.181939, 0.893131,
		0.881151, -0.171268, -0.440728,
		5.215403, 19.703751, 17.466719>
	pigment { color rgbt <0,1,1,0> }
	no_shadow
}
cylinder {
	<5.126850, 20.147993, 18.170458>,  <4.598597, 19.823637, 17.775229>, 0.130000
	pigment { color rgbt <1,0,0,0> }
	no_shadow
}

// nucleotide -1

// particle -1
sphere {
	<5.126850, 20.147993, 18.170458> 0.250000
	pigment { color rgbt <1,0,0,0> }
	no_shadow
}
cylinder {
	<5.346944, 20.121943, 17.837471>,  <5.479001, 20.106312, 17.637680>, 0.100000
	pigment { color rgbt <1,0,0,0> }
	no_shadow
}
cylinder {
	<5.346944, 20.121943, 17.837471>,  <5.126850, 20.147993, 18.170458>, 0.100000
	pigment { color rgbt <1,0,0,0> }
	no_shadow
}

// particle -1
sphere {
	<5.346944, 20.121943, 17.837471> 0.100000
	pigment { color rgbt <1,0,0,0> }
	no_shadow
}
sphere {
	0, 1
	scale<0.080000,0.200000,0.300000>
	matrix <0.170950, 0.984623, 0.035961,
		0.817323, -0.162097, 0.552907,
		0.550235, -0.065127, -0.832466,
		5.512015, 20.102404, 17.587730>
	pigment { color rgbt <0,1,1,0> }
	no_shadow
}
cylinder {
	<5.598578, 20.663645, 18.266705>,  <5.126850, 20.147993, 18.170458>, 0.130000
	pigment { color rgbt <1,0,0,0> }
	no_shadow
}

// nucleotide -1

// particle -1
sphere {
	<5.598578, 20.663645, 18.266705> 0.250000
	pigment { color rgbt <1,0,0,0> }
	no_shadow
}
cylinder {
	<5.660958, 20.576794, 17.881262>,  <5.698385, 20.524683, 17.649996>, 0.100000
	pigment { color rgbt <1,0,0,0> }
	no_shadow
}
cylinder {
	<5.660958, 20.576794, 17.881262>,  <5.598578, 20.663645, 18.266705>, 0.100000
	pigment { color rgbt <1,0,0,0> }
	no_shadow
}

// particle -1
sphere {
	<5.660958, 20.576794, 17.881262> 0.100000
	pigment { color rgbt <1,0,0,0> }
	no_shadow
}
sphere {
	0, 1
	scale<0.080000,0.200000,0.300000>
	matrix <0.288916, 0.942904, -0.165706,
		0.944567, -0.252560, 0.209777,
		0.155949, -0.217129, -0.963605,
		5.707742, 20.511656, 17.592180>
	pigment { color rgbt <0,1,1,0> }
	no_shadow
}
cylinder {
	<6.255856, 20.994667, 18.096216>,  <5.598578, 20.663645, 18.266705>, 0.130000
	pigment { color rgbt <1,0,0,0> }
	no_shadow
}

// nucleotide -1

// particle -1
sphere {
	<6.255856, 20.994667, 18.096216> 0.250000
	pigment { color rgbt <1,0,0,0> }
	no_shadow
}
cylinder {
	<6.064099, 20.938499, 17.749699>,  <5.949045, 20.904799, 17.541788>, 0.100000
	pigment { color rgbt <1,0,0,0> }
	no_shadow
}
cylinder {
	<6.064099, 20.938499, 17.749699>,  <6.255856, 20.994667, 18.096216>, 0.100000
	pigment { color rgbt <1,0,0,0> }
	no_shadow
}

// particle -1
sphere {
	<6.064099, 20.938499, 17.749699> 0.100000
	pigment { color rgbt <1,0,0,0> }
	no_shadow
}
sphere {
	0, 1
	scale<0.080000,0.200000,0.300000>
	matrix <0.250522, 0.924146, -0.288433,
		0.841084, -0.355298, -0.407850,
		-0.479392, -0.140421, -0.866294,
		5.920282, 20.896374, 17.489811>
	pigment { color rgbt <0,1,1,0> }
	no_shadow
}
cylinder {
	<6.736916, 21.223555, 17.533625>,  <6.255856, 20.994667, 18.096216>, 0.130000
	pigment { color rgbt <1,0,0,0> }
	no_shadow
}

// nucleotide -1

// particle -1
sphere {
	<6.736916, 21.223555, 17.533625> 0.250000
	pigment { color rgbt <1,0,0,0> }
	no_shadow
}
cylinder {
	<6.372903, 21.231209, 17.367985>,  <6.154496, 21.235802, 17.268600>, 0.100000
	pigment { color rgbt <1,0,0,0> }
	no_shadow
}
cylinder {
	<6.372903, 21.231209, 17.367985>,  <6.736916, 21.223555, 17.533625>, 0.100000
	pigment { color rgbt <1,0,0,0> }
	no_shadow
}

// particle -1
sphere {
	<6.372903, 21.231209, 17.367985> 0.100000
	pigment { color rgbt <1,0,0,0> }
	no_shadow
}
sphere {
	0, 1
	scale<0.080000,0.200000,0.300000>
	matrix <0.200183, 0.895025, -0.398569,
		0.363001, -0.445606, -0.818331,
		-0.910031, 0.019135, -0.414098,
		6.099894, 21.236950, 17.243755>
	pigment { color rgbt <0,1,1,0> }
	no_shadow
}
cylinder {
	<6.851919, 21.607649, 16.966763>,  <6.736916, 21.223555, 17.533625>, 0.130000
	pigment { color rgbt <1,0,0,0> }
	no_shadow
}

// nucleotide -1

// particle -1
sphere {
	<6.851919, 21.607649, 16.966763> 0.250000
	pigment { color rgbt <1,0,0,0> }
	no_shadow
}
cylinder {
	<6.452322, 21.616188, 16.982555>,  <6.212564, 21.621311, 16.992031>, 0.100000
	pigment { color rgbt <1,0,0,0> }
	no_shadow
}
cylinder {
	<6.452322, 21.616188, 16.982555>,  <6.851919, 21.607649, 16.966763>, 0.100000
	pigment { color rgbt <1,0,0,0> }
	no_shadow
}

// particle -1
sphere {
	<6.452322, 21.616188, 16.982555> 0.100000
	pigment { color rgbt <1,0,0,0> }
	no_shadow
}
sphere {
	0, 1
	scale<0.080000,0.200000,0.300000>
	matrix <-0.007714, 0.784935, -0.619530,
		-0.044217, -0.619211, -0.783979,
		-0.998992, 0.021346, 0.039484,
		6.152625, 21.622591, 16.994400>
	pigment { color rgbt <0,1,1,0> }
	no_shadow
}
cylinder {
	<6.654538, 21.764610, 16.331177>,  <6.851919, 21.607649, 16.966763>, 0.130000
	pigment { color rgbt <1,0,0,0> }
	no_shadow
}

// nucleotide -1

// particle -1
sphere {
	<6.654538, 21.764610, 16.331177> 0.250000
	pigment { color rgbt <1,0,0,0> }
	no_shadow
}
cylinder {
	<6.347552, 21.853411, 16.571749>,  <6.163361, 21.906691, 16.716091>, 0.100000
	pigment { color rgbt <1,0,0,0> }
	no_shadow
}
cylinder {
	<6.347552, 21.853411, 16.571749>,  <6.654538, 21.764610, 16.331177>, 0.100000
	pigment { color rgbt <1,0,0,0> }
	no_shadow
}

// particle -1
sphere {
	<6.347552, 21.853411, 16.571749> 0.100000
	pigment { color rgbt <1,0,0,0> }
	no_shadow
}
sphere {
	0, 1
	scale<0.080000,0.200000,0.300000>
	matrix <-0.121427, 0.870812, -0.476384,
		-0.629489, -0.438637, -0.641360,
		-0.767463, 0.222000, 0.601428,
		6.117313, 21.920012, 16.752178>
	pigment { color rgbt <0,1,1,0> }
	no_shadow
}
cylinder {
	<6.020161, 21.855373, 15.890862>,  <6.654538, 21.764610, 16.331177>, 0.130000
	pigment { color rgbt <1,0,0,0> }
	no_shadow
}

// nucleotide -1

// particle -1
sphere {
	<6.020161, 21.855373, 15.890862> 0.250000
	pigment { color rgbt <1,0,0,0> }
	no_shadow
}
cylinder {
	<5.981160, 22.073217, 16.224064>,  <5.957759, 22.203924, 16.423985>, 0.100000
	pigment { color rgbt <1,0,0,0> }
	no_shadow
}
cylinder {
	<5.981160, 22.073217, 16.224064>,  <6.020161, 21.855373, 15.890862>, 0.100000
	pigment { color rgbt <1,0,0,0> }
	no_shadow
}

// particle -1
sphere {
	<5.981160, 22.073217, 16.224064> 0.100000
	pigment { color rgbt <1,0,0,0> }
	no_shadow
}
sphere {
	0, 1
	scale<0.080000,0.200000,0.300000>
	matrix <-0.213742, 0.806002, -0.551974,
		-0.972012, -0.231867, 0.037819,
		-0.097502, 0.544609, 0.833003,
		5.951909, 22.236601, 16.473965>
	pigment { color rgbt <0,1,1,0> }
	no_shadow
}
cylinder {
	<5.417815, 22.233210, 15.761392>,  <6.020161, 21.855373, 15.890862>, 0.130000
	pigment { color rgbt <1,0,0,0> }
	no_shadow
}

// nucleotide -1

// particle -1
sphere {
	<5.417815, 22.233210, 15.761392> 0.250000
	pigment { color rgbt <1,0,0,0> }
	no_shadow
}
cylinder {
	<5.643278, 22.420956, 16.033270>,  <5.778555, 22.533604, 16.196398>, 0.100000
	pigment { color rgbt <1,0,0,0> }
	no_shadow
}
cylinder {
	<5.643278, 22.420956, 16.033270>,  <5.417815, 22.233210, 15.761392>, 0.100000
	pigment { color rgbt <1,0,0,0> }
	no_shadow
}

// particle -1
sphere {
	<5.643278, 22.420956, 16.033270> 0.100000
	pigment { color rgbt <1,0,0,0> }
	no_shadow
}
sphere {
	0, 1
	scale<0.080000,0.200000,0.300000>
	matrix <-0.167295, 0.870683, -0.462520,
		-0.808891, 0.146992, 0.569288,
		0.563656, 0.469367, 0.679696,
		5.812375, 22.561766, 16.237179>
	pigment { color rgbt <0,1,1,0> }
	no_shadow
}
cylinder {
	<5.109295, 22.957167, 15.648055>,  <5.417815, 22.233210, 15.761392>, 0.130000
	pigment { color rgbt <1,0,0,0> }
	no_shadow
}

// nucleotide -1

// particle -1
sphere {
	<5.109295, 22.957167, 15.648055> 0.250000
	pigment { color rgbt <1,0,0,0> }
	no_shadow
}
cylinder {
	<5.432995, 23.006569, 15.877789>,  <5.627215, 23.036211, 16.015629>, 0.100000
	pigment { color rgbt <1,0,0,0> }
	no_shadow
}
cylinder {
	<5.432995, 23.006569, 15.877789>,  <5.109295, 22.957167, 15.648055>, 0.100000
	pigment { color rgbt <1,0,0,0> }
	no_shadow
}

// particle -1
sphere {
	<5.432995, 23.006569, 15.877789> 0.100000
	pigment { color rgbt <1,0,0,0> }
	no_shadow
}
sphere {
	0, 1
	scale<0.080000,0.200000,0.300000>
	matrix <0.167507, 0.888554, -0.427099,
		-0.563077, 0.441835, 0.698374,
		0.809250, 0.123507, 0.574334,
		5.675770, 23.043621, 16.050089>
	pigment { color rgbt <0,1,1,0> }
	no_shadow
}
cylinder {
	<5.074729, 23.545502, 16.124256>,  <5.109295, 22.957167, 15.648055>, 0.130000
	pigment { color rgbt <1,0,0,0> }
	no_shadow
}

// nucleotide -1

// particle -1
sphere {
	<5.074729, 23.545502, 16.124256> 0.250000
	pigment { color rgbt <1,0,0,0> }
	no_shadow
}
cylinder {
	<5.466311, 23.487078, 16.067244>,  <5.701260, 23.452023, 16.033035>, 0.100000
	pigment { color rgbt <1,0,0,0> }
	no_shadow
}
cylinder {
	<5.466311, 23.487078, 16.067244>,  <5.074729, 23.545502, 16.124256>, 0.100000
	pigment { color rgbt <1,0,0,0> }
	no_shadow
}

// particle -1
sphere {
	<5.466311, 23.487078, 16.067244> 0.100000
	pigment { color rgbt <1,0,0,0> }
	no_shadow
}
sphere {
	0, 1
	scale<0.080000,0.200000,0.300000>
	matrix <0.081818, 0.920715, -0.381561,
		0.186962, 0.361870, 0.913288,
		0.978954, -0.146061, -0.142531,
		5.759997, 23.443260, 16.024485>
	pigment { color rgbt <0,1,1,0> }
	no_shadow
}
cylinder {
	<4.765949, 23.750931, 16.792095>,  <5.074729, 23.545502, 16.124256>, 0.130000
	pigment { color rgbt <1,0,0,0> }
	no_shadow
}

// nucleotide -1

// particle -1
sphere {
	<4.765949, 23.750931, 16.792095> 0.250000
	pigment { color rgbt <1,0,0,0> }
	no_shadow
}
cylinder {
	<4.809606, 23.681984, 17.183681>,  <4.835800, 23.640615, 17.418634>, 0.100000
	pigment { color rgbt <1,0,0,0> }
	no_shadow
}
cylinder {
	<4.809606, 23.681984, 17.183681>,  <4.765949, 23.750931, 16.792095>, 0.100000
	pigment { color rgbt <1,0,0,0> }
	no_shadow
}

// particle -1
sphere {
	<4.809606, 23.681984, 17.183681> 0.100000
	pigment { color rgbt <1,0,0,0> }
	no_shadow
}
sphere {
	0, 1
	scale<0.080000,0.200000,0.300000>
	matrix <0.950327, -0.270708, -0.153612,
		0.291492, 0.947105, 0.134258,
		0.109142, -0.172366, 0.978968,
		4.842349, 23.630274, 17.477371>
	pigment { color rgbt <0,1,1,0> }
	no_shadow
}
cylinder {
	<5.251686, 24.239933, 17.147770>,  <4.765949, 23.750931, 16.792095>, 0.130000
	pigment { color rgbt <1,0,0,0> }
	no_shadow
}

// nucleotide -1

// particle -1
sphere {
	<5.251686, 24.239933, 17.147770> 0.250000
	pigment { color rgbt <1,0,0,0> }
	no_shadow
}
cylinder {
	<5.232682, 23.852350, 17.244820>,  <5.221280, 23.619801, 17.303049>, 0.100000
	pigment { color rgbt <1,0,0,0> }
	no_shadow
}
cylinder {
	<5.232682, 23.852350, 17.244820>,  <5.251686, 24.239933, 17.147770>, 0.100000
	pigment { color rgbt <1,0,0,0> }
	no_shadow
}

// particle -1
sphere {
	<5.232682, 23.852350, 17.244820> 0.100000
	pigment { color rgbt <1,0,0,0> }
	no_shadow
}
sphere {
	0, 1
	scale<0.080000,0.200000,0.300000>
	matrix <0.933659, -0.129403, -0.333970,
		0.354999, 0.210663, 0.910822,
		-0.047508, -0.968956, 0.242625,
		5.218430, 23.561663, 17.317608>
	pigment { color rgbt <0,1,1,0> }
	no_shadow
}
cylinder {
	<5.945670, 24.413578, 17.089493>,  <5.251686, 24.239933, 17.147770>, 0.130000
	pigment { color rgbt <1,0,0,0> }
	no_shadow
}

// nucleotide -1

// particle -1
sphere {
	<5.945670, 24.413578, 17.089493> 0.250000
	pigment { color rgbt <1,0,0,0> }
	no_shadow
}
cylinder {
	<5.867393, 24.035883, 16.983574>,  <5.820426, 23.809265, 16.920023>, 0.100000
	pigment { color rgbt <1,0,0,0> }
	no_shadow
}
cylinder {
	<5.867393, 24.035883, 16.983574>,  <5.945670, 24.413578, 17.089493>, 0.100000
	pigment { color rgbt <1,0,0,0> }
	no_shadow
}

// particle -1
sphere {
	<5.867393, 24.035883, 16.983574> 0.100000
	pigment { color rgbt <1,0,0,0> }
	no_shadow
}
sphere {
	0, 1
	scale<0.080000,0.200000,0.300000>
	matrix <0.097389, -0.287397, 0.952848,
		-0.975817, 0.160678, 0.148200,
		-0.195694, -0.944238, -0.264798,
		5.808684, 23.752611, 16.904135>
	pigment { color rgbt <0,1,1,0> }
	no_shadow
}
cylinder {
	<6.071867, 24.400242, 17.825026>,  <5.945670, 24.413578, 17.089493>, 0.130000
	pigment { color rgbt <1,0,0,0> }
	no_shadow
}

// nucleotide -1

// particle -1
sphere {
	<6.071867, 24.400242, 17.825026> 0.250000
	pigment { color rgbt <1,0,0,0> }
	no_shadow
}
cylinder {
	<6.407680, 24.611025, 17.772106>,  <6.609168, 24.737495, 17.740355>, 0.100000
	pigment { color rgbt <1,0,0,0> }
	no_shadow
}
cylinder {
	<6.407680, 24.611025, 17.772106>,  <6.071867, 24.400242, 17.825026>, 0.100000
	pigment { color rgbt <1,0,0,0> }
	no_shadow
}

// particle -1
sphere {
	<6.407680, 24.611025, 17.772106> 0.100000
	pigment { color rgbt <1,0,0,0> }
	no_shadow
}
sphere {
	0, 1
	scale<0.080000,0.200000,0.300000>
	matrix <0.239972, -0.141182, 0.960459,
		0.487443, -0.838083, -0.244982,
		0.839531, 0.526958, -0.132298,
		6.659539, 24.769112, 17.732416>
	pigment { color rgbt <0,1,1,0> }
	no_shadow
}
cylinder {
	<6.664676, 24.007250, 18.118643>,  <6.071867, 24.400242, 17.825026>, 0.130000
	pigment { color rgbt <1,0,0,0> }
	no_shadow
}

// nucleotide -1

// particle -1
sphere {
	<6.664676, 24.007250, 18.118643> 0.250000
	pigment { color rgbt <1,0,0,0> }
	no_shadow
}
cylinder {
	<6.784847, 24.387867, 18.144896>,  <6.856950, 24.616238, 18.160646>, 0.100000
	pigment { color rgbt <1,0,0,0> }
	no_shadow
}
cylinder {
	<6.784847, 24.387867, 18.144896>,  <6.664676, 24.007250, 18.118643>, 0.100000
	pigment { color rgbt <1,0,0,0> }
	no_shadow
}

// particle -1
sphere {
	<6.784847, 24.387867, 18.144896> 0.100000
	pigment { color rgbt <1,0,0,0> }
	no_shadow
}
sphere {
	0, 1
	scale<0.080000,0.200000,0.300000>
	matrix <0.251246, -0.145328, 0.956951,
		0.920119, -0.271006, -0.282732,
		0.300428, 0.951544, 0.065630,
		6.874976, 24.673330, 18.164585>
	pigment { color rgbt <0,1,1,0> }
	no_shadow
}
cylinder {
	<7.272409, 23.949289, 18.391357>,  <6.664676, 24.007250, 18.118643>, 0.130000
	pigment { color rgbt <1,0,0,0> }
	no_shadow
}

// nucleotide -1

// particle -1
sphere {
	<7.272409, 23.949289, 18.391357> 0.250000
	pigment { color rgbt <1,0,0,0> }
	no_shadow
}
cylinder {
	<7.188130, 24.333960, 18.461544>,  <7.137563, 24.564762, 18.503656>, 0.100000
	pigment { color rgbt <1,0,0,0> }
	no_shadow
}
cylinder {
	<7.188130, 24.333960, 18.461544>,  <7.272409, 23.949289, 18.391357>, 0.100000
	pigment { color rgbt <1,0,0,0> }
	no_shadow
}

// particle -1
sphere {
	<7.188130, 24.333960, 18.461544> 0.100000
	pigment { color rgbt <1,0,0,0> }
	no_shadow
}
sphere {
	0, 1
	scale<0.080000,0.200000,0.300000>
	matrix <0.159078, -0.143376, 0.976800,
		0.964521, 0.233722, -0.122772,
		-0.210697, 0.961674, 0.175469,
		7.124921, 24.622461, 18.514185>
	pigment { color rgbt <0,1,1,0> }
	no_shadow
}
cylinder {
	<7.042787, 23.300846, 17.957048>,  <7.272409, 23.949289, 18.391357>, 0.130000
	pigment { color rgbt <1,0,0,0> }
	no_shadow
}

// nucleotide -1

// particle -1
sphere {
	<7.042787, 23.300846, 17.957048> 0.250000
	pigment { color rgbt <1,0,0,0> }
	no_shadow
}
cylinder {
	<6.771885, 23.452883, 17.705061>,  <6.609344, 23.544104, 17.553869>, 0.100000
	pigment { color rgbt <1,0,0,0> }
	no_shadow
}
cylinder {
	<6.771885, 23.452883, 17.705061>,  <7.042787, 23.300846, 17.957048>, 0.100000
	pigment { color rgbt <1,0,0,0> }
	no_shadow
}

// particle -1
sphere {
	<6.771885, 23.452883, 17.705061> 0.100000
	pigment { color rgbt <1,0,0,0> }
	no_shadow
}
sphere {
	0, 1
	scale<0.080000,0.200000,0.300000>
	matrix <-0.298919, -0.924521, -0.236451,
		-0.672290, 0.028172, 0.739751,
		-0.677254, 0.380090, -0.629967,
		6.568709, 23.566910, 17.516071>
	pigment { color rgbt <0,1,1,0> }
	no_shadow
}
cylinder {
	<7.815825, 23.351395, 18.172522>,  <7.042787, 23.300846, 17.957048>, 0.130000
	pigment { color rgbt <1,0,0,0> }
	no_shadow
}

// nucleotide -1

// particle -1
sphere {
	<7.815825, 23.351395, 18.172522> 0.250000
	pigment { color rgbt <1,0,0,0> }
	no_shadow
}
cylinder {
	<8.106398, 23.124069, 18.017958>,  <8.280742, 22.987673, 17.925219>, 0.100000
	pigment { color rgbt <1,0,0,0> }
	no_shadow
}
cylinder {
	<8.106398, 23.124069, 18.017958>,  <7.815825, 23.351395, 18.172522>, 0.100000
	pigment { color rgbt <1,0,0,0> }
	no_shadow
}

// particle -1
sphere {
	<8.106398, 23.124069, 18.017958> 0.100000
	pigment { color rgbt <1,0,0,0> }
	no_shadow
}
sphere {
	0, 1
	scale<0.080000,0.200000,0.300000>
	matrix <0.596880, 0.243060, 0.764628,
		-0.340630, -0.786091, 0.515783,
		0.726433, -0.568316, -0.386409,
		8.324327, 22.953575, 17.902035>
	pigment { color rgbt <0,1,1,0> }
	no_shadow
}
cylinder {
	<7.640168, 23.117205, 18.866360>,  <7.815825, 23.351395, 18.172522>, 0.130000
	pigment { color rgbt <1,0,0,0> }
	no_shadow
}

// nucleotide -1

// particle -1
sphere {
	<7.640168, 23.117205, 18.866360> 0.250000
	pigment { color rgbt <1,0,0,0> }
	no_shadow
}
cylinder {
	<7.690937, 22.917923, 19.209448>,  <7.721398, 22.798353, 19.415300>, 0.100000
	pigment { color rgbt <1,0,0,0> }
	no_shadow
}
cylinder {
	<7.690937, 22.917923, 19.209448>,  <7.640168, 23.117205, 18.866360>, 0.100000
	pigment { color rgbt <1,0,0,0> }
	no_shadow
}

// particle -1
sphere {
	<7.690937, 22.917923, 19.209448> 0.100000
	pigment { color rgbt <1,0,0,0> }
	no_shadow
}
sphere {
	0, 1
	scale<0.080000,0.200000,0.300000>
	matrix <0.419639, -0.756547, -0.501538,
		0.898774, 0.423589, 0.113043,
		0.126923, -0.498206, 0.857719,
		7.729014, 22.768461, 19.466763>
	pigment { color rgbt <0,1,1,0> }
	no_shadow
}
cylinder {
	<8.323999, 23.007940, 18.955011>,  <7.640168, 23.117205, 18.866360>, 0.130000
	pigment { color rgbt <1,0,0,0> }
	no_shadow
}

// nucleotide -1

// particle -1
sphere {
	<8.323999, 23.007940, 18.955011> 0.250000
	pigment { color rgbt <1,0,0,0> }
	no_shadow
}
cylinder {
	<8.135290, 22.723213, 19.163145>,  <8.022064, 22.552378, 19.288025>, 0.100000
	pigment { color rgbt <1,0,0,0> }
	no_shadow
}
cylinder {
	<8.135290, 22.723213, 19.163145>,  <8.323999, 23.007940, 18.955011>, 0.100000
	pigment { color rgbt <1,0,0,0> }
	no_shadow
}

// particle -1
sphere {
	<8.135290, 22.723213, 19.163145> 0.100000
	pigment { color rgbt <1,0,0,0> }
	no_shadow
}
sphere {
	0, 1
	scale<0.080000,0.200000,0.300000>
	matrix <0.426814, -0.700749, -0.571647,
		0.771531, -0.047603, 0.634409,
		-0.471774, -0.711818, 0.520332,
		7.993758, 22.509668, 19.319244>
	pigment { color rgbt <0,1,1,0> }
	no_shadow
}
cylinder {
	<8.765609, 22.495321, 19.064365>,  <8.323999, 23.007940, 18.955011>, 0.130000
	pigment { color rgbt <1,0,0,0> }
	no_shadow
}

// nucleotide -1

// particle -1
sphere {
	<8.765609, 22.495321, 19.064365> 0.250000
	pigment { color rgbt <1,0,0,0> }
	no_shadow
}
cylinder {
	<8.425447, 22.301546, 19.146467>,  <8.221349, 22.185282, 19.195728>, 0.100000
	pigment { color rgbt <1,0,0,0> }
	no_shadow
}
cylinder {
	<8.425447, 22.301546, 19.146467>,  <8.765609, 22.495321, 19.064365>, 0.100000
	pigment { color rgbt <1,0,0,0> }
	no_shadow
}

// particle -1
sphere {
	<8.425447, 22.301546, 19.146467> 0.100000
	pigment { color rgbt <1,0,0,0> }
	no_shadow
}
sphere {
	0, 1
	scale<0.080000,0.200000,0.300000>
	matrix <0.355197, -0.816431, -0.455276,
		0.388130, -0.314263, 0.866368,
		-0.850406, -0.484437, 0.205256,
		8.170324, 22.156216, 19.208044>
	pigment { color rgbt <0,1,1,0> }
	no_shadow
}
cylinder {
	<8.912382, 21.852640, 19.175825>,  <8.765609, 22.495321, 19.064365>, 0.130000
	pigment { color rgbt <1,0,0,0> }
	no_shadow
}

// nucleotide -1

// particle -1
sphere {
	<8.912382, 21.852640, 19.175825> 0.250000
	pigment { color rgbt <1,0,0,0> }
	no_shadow
}
cylinder {
	<8.528958, 21.835226, 19.063206>,  <8.298904, 21.824778, 18.995634>, 0.100000
	pigment { color rgbt <1,0,0,0> }
	no_shadow
}
cylinder {
	<8.528958, 21.835226, 19.063206>,  <8.912382, 21.852640, 19.175825>, 0.100000
	pigment { color rgbt <1,0,0,0> }
	no_shadow
}

// particle -1
sphere {
	<8.528958, 21.835226, 19.063206> 0.100000
	pigment { color rgbt <1,0,0,0> }
	no_shadow
}
sphere {
	0, 1
	scale<0.080000,0.200000,0.300000>
	matrix <0.174236, -0.871477, -0.458444,
		-0.225406, -0.488501, 0.842947,
		-0.958558, -0.043536, -0.281550,
		8.241391, 21.822165, 18.978741>
	pigment { color rgbt <0,1,1,0> }
	no_shadow
}
cylinder {
	<8.717260, 21.293270, 19.295214>,  <8.912382, 21.852640, 19.175825>, 0.130000
	pigment { color rgbt <1,0,0,0> }
	no_shadow
}

// nucleotide -1

// particle -1
sphere {
	<8.717260, 21.293270, 19.295214> 0.250000
	pigment { color rgbt <1,0,0,0> }
	no_shadow
}
cylinder {
	<8.379388, 21.353571, 19.089773>,  <8.176664, 21.389751, 18.966509>, 0.100000
	pigment { color rgbt <1,0,0,0> }
	no_shadow
}
cylinder {
	<8.379388, 21.353571, 19.089773>,  <8.717260, 21.293270, 19.295214>, 0.100000
	pigment { color rgbt <1,0,0,0> }
	no_shadow
}

// particle -1
sphere {
	<8.379388, 21.353571, 19.089773> 0.100000
	pigment { color rgbt <1,0,0,0> }
	no_shadow
}
sphere {
	0, 1
	scale<0.080000,0.200000,0.300000>
	matrix <0.158328, -0.846218, -0.508771,
		-0.511318, -0.511067, 0.690915,
		-0.844681, 0.150752, -0.513603,
		8.125983, 21.398796, 18.935692>
	pigment { color rgbt <0,1,1,0> }
	no_shadow
}
cylinder {
	<8.250627, 20.665976, 19.263851>,  <8.717260, 21.293270, 19.295214>, 0.130000
	pigment { color rgbt <1,0,0,0> }
	no_shadow
}

// nucleotide -1

// particle -1
sphere {
	<8.250627, 20.665976, 19.263851> 0.250000
	pigment { color rgbt <1,0,0,0> }
	no_shadow
}
cylinder {
	<8.157257, 20.895895, 18.950132>,  <8.101235, 21.033846, 18.761902>, 0.100000
	pigment { color rgbt <1,0,0,0> }
	no_shadow
}
cylinder {
	<8.157257, 20.895895, 18.950132>,  <8.250627, 20.665976, 19.263851>, 0.100000
	pigment { color rgbt <1,0,0,0> }
	no_shadow
}

// particle -1
sphere {
	<8.157257, 20.895895, 18.950132> 0.100000
	pigment { color rgbt <1,0,0,0> }
	no_shadow
}
sphere {
	0, 1
	scale<0.080000,0.200000,0.300000>
	matrix <0.040253, -0.800174, -0.598416,
		-0.971541, -0.171255, 0.163643,
		-0.233425, 0.574799, -0.784296,
		8.087230, 21.068335, 18.714844>
	pigment { color rgbt <0,1,1,0> }
	no_shadow
}
cylinder {
	<7.615995, 20.432550, 18.950325>,  <8.250627, 20.665976, 19.263851>, 0.130000
	pigment { color rgbt <1,0,0,0> }
	no_shadow
}

// nucleotide -1

// particle -1
sphere {
	<7.615995, 20.432550, 18.950325> 0.250000
	pigment { color rgbt <1,0,0,0> }
	no_shadow
}
cylinder {
	<7.804328, 20.635090, 18.661346>,  <7.917328, 20.756613, 18.487959>, 0.100000
	pigment { color rgbt <1,0,0,0> }
	no_shadow
}
cylinder {
	<7.804328, 20.635090, 18.661346>,  <7.615995, 20.432550, 18.950325>, 0.100000
	pigment { color rgbt <1,0,0,0> }
	no_shadow
}

// particle -1
sphere {
	<7.804328, 20.635090, 18.661346> 0.100000
	pigment { color rgbt <1,0,0,0> }
	no_shadow
}
sphere {
	0, 1
	scale<0.080000,0.200000,0.300000>
	matrix <-0.055020, -0.800446, -0.596875,
		-0.880506, 0.320777, -0.349016,
		0.470832, 0.506349, -0.722446,
		7.945578, 20.786995, 18.444613>
	pigment { color rgbt <0,1,1,0> }
	no_shadow
}
cylinder {
	<7.210268, 20.266739, 18.403656>,  <7.615995, 20.432550, 18.950325>, 0.130000
	pigment { color rgbt <1,0,0,0> }
	no_shadow
}

// nucleotide -1

// particle -1
sphere {
	<7.210268, 20.266739, 18.403656> 0.250000
	pigment { color rgbt <1,0,0,0> }
	no_shadow
}
cylinder {
	<7.556007, 20.403538, 18.256176>,  <7.763451, 20.485617, 18.167688>, 0.100000
	pigment { color rgbt <1,0,0,0> }
	no_shadow
}
cylinder {
	<7.556007, 20.403538, 18.256176>,  <7.210268, 20.266739, 18.403656>, 0.100000
	pigment { color rgbt <1,0,0,0> }
	no_shadow
}

// particle -1
sphere {
	<7.556007, 20.403538, 18.256176> 0.100000
	pigment { color rgbt <1,0,0,0> }
	no_shadow
}
sphere {
	0, 1
	scale<0.080000,0.200000,0.300000>
	matrix <-0.057938, -0.660555, -0.748539,
		-0.499547, 0.668360, -0.551134,
		0.864347, 0.341999, -0.368701,
		7.815311, 20.506138, 18.145565>
	pigment { color rgbt <0,1,1,0> }
	no_shadow
}
cylinder {
	<7.110702, 20.344158, 17.733273>,  <7.210268, 20.266739, 18.403656>, 0.130000
	pigment { color rgbt <1,0,0,0> }
	no_shadow
}

// nucleotide -1

// particle -1
sphere {
	<7.110702, 20.344158, 17.733273> 0.250000
	pigment { color rgbt <1,0,0,0> }
	no_shadow
}
cylinder {
	<7.504381, 20.286848, 17.774895>,  <7.740588, 20.252462, 17.799868>, 0.100000
	pigment { color rgbt <1,0,0,0> }
	no_shadow
}
cylinder {
	<7.504381, 20.286848, 17.774895>,  <7.110702, 20.344158, 17.733273>, 0.100000
	pigment { color rgbt <1,0,0,0> }
	no_shadow
}

// particle -1
sphere {
	<7.504381, 20.286848, 17.774895> 0.100000
	pigment { color rgbt <1,0,0,0> }
	no_shadow
}
sphere {
	0, 1
	scale<0.080000,0.200000,0.300000>
	matrix <-0.042879, -0.762992, -0.644985,
		0.171804, 0.630330, -0.757078,
		0.984197, -0.143274, 0.104057,
		7.799640, 20.243866, 17.806112>
	pigment { color rgbt <0,1,1,0> }
	no_shadow
}
cylinder {
	<7.275683, 20.445362, 17.087637>,  <7.110702, 20.344158, 17.733273>, 0.130000
	pigment { color rgbt <1,0,0,0> }
	no_shadow
}

// nucleotide -1

// particle -1
sphere {
	<7.275683, 20.445362, 17.087637> 0.250000
	pigment { color rgbt <1,0,0,0> }
	no_shadow
}
cylinder {
	<7.588679, 20.264235, 17.258595>,  <7.776476, 20.155558, 17.361168>, 0.100000
	pigment { color rgbt <1,0,0,0> }
	no_shadow
}
cylinder {
	<7.588679, 20.264235, 17.258595>,  <7.275683, 20.445362, 17.087637>, 0.100000
	pigment { color rgbt <1,0,0,0> }
	no_shadow
}

// particle -1
sphere {
	<7.588679, 20.264235, 17.258595> 0.100000
	pigment { color rgbt <1,0,0,0> }
	no_shadow
}
sphere {
	0, 1
	scale<0.080000,0.200000,0.300000>
	matrix <-0.039921, -0.721467, -0.691298,
		0.621382, 0.523871, -0.582617,
		0.782490, -0.452819, 0.427393,
		7.823426, 20.128389, 17.386812>
	pigment { color rgbt <0,1,1,0> }
	no_shadow
}
cylinder {
	<7.727967, 20.286329, 16.560387>,  <7.275683, 20.445362, 17.087637>, 0.130000
	pigment { color rgbt <1,0,0,0> }
	no_shadow
}

// nucleotide -1

// particle -1
sphere {
	<7.727967, 20.286329, 16.560387> 0.250000
