// switches for output
#declare DRAW_BASES = 1; // possible values are 0, 1; only relevant for DNA ribbons
#declare DRAW_BASES_TYPE = 3; // possible values are 1, 2, 3; only relevant for DNA ribbons
#declare DRAW_FOG = 0; // set to 1 to enable fog

#include "colors.inc"

#include "transforms.inc"
background { rgb <1, 1, 1>}

#default {
   normal{
       ripples 0.25
       frequency 0.20
       turbulence 0.2
       lambda 5
   }
	finish {
		phong 0.1
		phong_size 40.
	}
}

// original window dimensions: 1024x640


// camera settings

camera {
	sky <0, 0.179814, -0.983701>
	up <0, 0.179814, -0.983701>
	right 1.6 * <1, 0, 0>
	location <25.469, 94.9851, 44.8844>
	look_at <25.469, 29.3977, 32.8955>
	direction <0, -65.5874, -11.9889>
	angle 67.0682
}


# declare cpy_camera_pos = <25.469, 94.9851, 44.8844>;
# if (DRAW_FOG = 1)
fog {
	fog_type 2
	up vnormalize(cpy_camera_pos)
	color rgbt<1,1,1,0.3>
	distance 1e-5
	fog_alt 3e-3
	fog_offset 28
}
# end


// LIGHTS

# declare lum = 6;
global_settings {
	ambient_light rgb lum * <0.05, 0.05, 0.05>
	max_trace_level 15
}# declare cpy_direct_light_amount = 0.25;
light_source
{	1000 * <-1, -1.16351, -0.803887>,
	rgb lum * cpy_direct_light_amount
	parallel
}

light_source
{	1000 * <1, 1.16351, 0.803887>,
	rgb lum * cpy_direct_light_amount
	parallel
}

// strand 0

// nucleotide -1

// particle -1
sphere {
	<4.532836, 14.938544, 14.808702> 0.250000
	pigment { color rgbt <1,0,0,0> }
	no_shadow
}
cylinder {
	<4.193252, 15.075970, 14.969314>,  <3.989501, 15.158425, 15.065681>, 0.100000
	pigment { color rgbt <1,0,0,0> }
	no_shadow
}
cylinder {
	<4.193252, 15.075970, 14.969314>,  <4.532836, 14.938544, 14.808702>, 0.100000
	pigment { color rgbt <1,0,0,0> }
	no_shadow
}

// particle -1
sphere {
	<4.193252, 15.075970, 14.969314> 0.100000
	pigment { color rgbt <1,0,0,0> }
	no_shadow
}
sphere {
	0, 1
	scale<0.080000,0.200000,0.300000>
	matrix <0.497664, 0.775344, 0.388807,
		-0.177744, 0.529910, -0.829218,
		-0.848963, 0.343564, 0.401530,
		3.938563, 15.179039, 15.089772>
	pigment { color rgbt <0,1,1,0> }
	no_shadow
}
cylinder {
	<4.539238, 15.622564, 14.647790>,  <4.532836, 14.938544, 14.808702>, 0.130000
	pigment { color rgbt <1,0,0,0> }
	no_shadow
}

// nucleotide -1

// particle -1
sphere {
	<4.539238, 15.622564, 14.647790> 0.250000
	pigment { color rgbt <1,0,0,0> }
	no_shadow
}
cylinder {
	<4.306968, 15.585578, 14.971336>,  <4.167605, 15.563386, 15.165464>, 0.100000
	pigment { color rgbt <1,0,0,0> }
	no_shadow
}
cylinder {
	<4.306968, 15.585578, 14.971336>,  <4.539238, 15.622564, 14.647790>, 0.100000
	pigment { color rgbt <1,0,0,0> }
	no_shadow
}

// particle -1
sphere {
	<4.306968, 15.585578, 14.971336> 0.100000
	pigment { color rgbt <1,0,0,0> }
	no_shadow
}
sphere {
	0, 1
	scale<0.080000,0.200000,0.300000>
	matrix <0.467454, 0.775569, 0.424239,
		-0.666560, 0.624453, -0.407131,
		-0.580676, -0.092466, 0.808867,
		4.132765, 15.557838, 15.213996>
	pigment { color rgbt <0,1,1,0> }
	no_shadow
}
cylinder {
	<4.069206, 16.195457, 14.851563>,  <4.539238, 15.622564, 14.647790>, 0.130000
	pigment { color rgbt <1,0,0,0> }
	no_shadow
}

// nucleotide -1

// particle -1
sphere {
	<4.069206, 16.195457, 14.851563> 0.250000
	pigment { color rgbt <1,0,0,0> }
	no_shadow
}
cylinder {
	<4.217041, 16.007069, 15.171961>,  <4.305742, 15.894034, 15.364199>, 0.100000
	pigment { color rgbt <1,0,0,0> }
	no_shadow
}
cylinder {
	<4.217041, 16.007069, 15.171961>,  <4.069206, 16.195457, 14.851563>, 0.100000
	pigment { color rgbt <1,0,0,0> }
	no_shadow
}

// particle -1
sphere {
	<4.217041, 16.007069, 15.171961> 0.100000
	pigment { color rgbt <1,0,0,0> }
	no_shadow
}
sphere {
	0, 1
	scale<0.080000,0.200000,0.300000>
	matrix <0.414303, 0.855123, 0.311638,
		-0.831720, 0.216676, 0.511168,
		0.369587, -0.470974, 0.800992,
		4.327917, 15.865776, 15.412258>
	pigment { color rgbt <0,1,1,0> }
	no_shadow
}
cylinder {
	<3.940673, 16.524912, 15.538909>,  <4.069206, 16.195457, 14.851563>, 0.130000
	pigment { color rgbt <1,0,0,0> }
	no_shadow
}

// nucleotide -1

// particle -1
sphere {
	<3.940673, 16.524912, 15.538909> 0.250000
	pigment { color rgbt <1,0,0,0> }
	no_shadow
}
cylinder {
	<4.285279, 16.324492, 15.571748>,  <4.492043, 16.204239, 15.591451>, 0.100000
	pigment { color rgbt <1,0,0,0> }
	no_shadow
}
cylinder {
	<4.285279, 16.324492, 15.571748>,  <3.940673, 16.524912, 15.538909>, 0.100000
	pigment { color rgbt <1,0,0,0> }
	no_shadow
}

// particle -1
sphere {
	<4.285279, 16.324492, 15.571748> 0.100000
	pigment { color rgbt <1,0,0,0> }
	no_shadow
}
sphere {
	0, 1
	scale<0.080000,0.200000,0.300000>
	matrix <0.401878, 0.771747, 0.492850,
		-0.310301, -0.391604, 0.866233,
		0.861515, -0.501051, 0.082097,
		4.543733, 16.174175, 15.596376>
	pigment { color rgbt <0,1,1,0> }
	no_shadow
}
cylinder {
	<4.092373, 16.592806, 16.218639>,  <3.940673, 16.524912, 15.538909>, 0.130000
	pigment { color rgbt <1,0,0,0> }
	no_shadow
}

// nucleotide -1

// particle -1
sphere {
	<4.092373, 16.592806, 16.218639> 0.250000
	pigment { color rgbt <1,0,0,0> }
	no_shadow
}
cylinder {
	<4.427735, 16.539289, 16.007292>,  <4.628953, 16.507179, 15.880483>, 0.100000
	pigment { color rgbt <1,0,0,0> }
	no_shadow
}
cylinder {
	<4.427735, 16.539289, 16.007292>,  <4.092373, 16.592806, 16.218639>, 0.100000
	pigment { color rgbt <1,0,0,0> }
	no_shadow
}

// particle -1
sphere {
	<4.427735, 16.539289, 16.007292> 0.100000
	pigment { color rgbt <1,0,0,0> }
	no_shadow
}
sphere {
	0, 1
	scale<0.080000,0.200000,0.300000>
	matrix <0.445812, 0.726041, 0.523561,
		0.313571, -0.674511, 0.668363,
		0.838406, -0.133791, -0.528370,
		4.679257, 16.499153, 15.848781>
	pigment { color rgbt <0,1,1,0> }
	no_shadow
}
cylinder {
	<4.778934, 16.301304, 16.603165>,  <4.092373, 16.592806, 16.218639>, 0.130000
	pigment { color rgbt <1,0,0,0> }
	no_shadow
}

// nucleotide -1

// particle -1
sphere {
	<4.778934, 16.301304, 16.603165> 0.250000
	pigment { color rgbt <1,0,0,0> }
	no_shadow
}
cylinder {
	<4.885886, 16.520819, 16.286346>,  <4.950057, 16.652529, 16.096254>, 0.100000
	pigment { color rgbt <1,0,0,0> }
	no_shadow
}
cylinder {
	<4.885886, 16.520819, 16.286346>,  <4.778934, 16.301304, 16.603165>, 0.100000
	pigment { color rgbt <1,0,0,0> }
	no_shadow
}

// particle -1
sphere {
	<4.885886, 16.520819, 16.286346> 0.100000
	pigment { color rgbt <1,0,0,0> }
	no_shadow
}
sphere {
	0, 1
	scale<0.080000,0.200000,0.300000>
	matrix <0.450188, 0.655606, 0.606227,
		0.851962, -0.518663, -0.071763,
		0.267380, 0.548789, -0.792047,
		4.966100, 16.685455, 16.048733>
	pigment { color rgbt <0,1,1,0> }
	no_shadow
}
cylinder {
	<5.503201, 16.415066, 16.677507>,  <4.778934, 16.301304, 16.603165>, 0.130000
	pigment { color rgbt <1,0,0,0> }
	no_shadow
}

// nucleotide -1

// particle -1
sphere {
	<5.503201, 16.415066, 16.677507> 0.250000
	pigment { color rgbt <1,0,0,0> }
	no_shadow
}
cylinder {
	<5.370068, 16.695997, 16.425806>,  <5.290189, 16.864555, 16.274786>, 0.100000
	pigment { color rgbt <1,0,0,0> }
	no_shadow
}
cylinder {
	<5.370068, 16.695997, 16.425806>,  <5.503201, 16.415066, 16.677507>, 0.100000
	pigment { color rgbt <1,0,0,0> }
	no_shadow
}

// particle -1
sphere {
	<5.370068, 16.695997, 16.425806> 0.100000
	pigment { color rgbt <1,0,0,0> }
	no_shadow
}
sphere {
	0, 1
	scale<0.080000,0.200000,0.300000>
	matrix <0.540523, 0.688883, 0.482986,
		0.772695, -0.179372, -0.608907,
		-0.332831, 0.702329, -0.629251,
		5.270219, 16.906696, 16.237030>
	pigment { color rgbt <0,1,1,0> }
	no_shadow
}
cylinder {
	<6.119688, 16.894266, 16.497746>,  <5.503201, 16.415066, 16.677507>, 0.130000
	pigment { color rgbt <1,0,0,0> }
	no_shadow
}

// nucleotide -1

// particle -1
sphere {
	<6.119688, 16.894266, 16.497746> 0.250000
	pigment { color rgbt <1,0,0,0> }
	no_shadow
}
cylinder {
	<5.780084, 17.084965, 16.406626>,  <5.576321, 17.199385, 16.351954>, 0.100000
	pigment { color rgbt <1,0,0,0> }
	no_shadow
}
cylinder {
	<5.780084, 17.084965, 16.406626>,  <6.119688, 16.894266, 16.497746>, 0.100000
	pigment { color rgbt <1,0,0,0> }
	no_shadow
}

// particle -1
sphere {
	<5.780084, 17.084965, 16.406626> 0.100000
	pigment { color rgbt <1,0,0,0> }
	no_shadow
}
sphere {
	0, 1
	scale<0.080000,0.200000,0.300000>
	matrix <0.325344, 0.811402, 0.485570,
		0.416333, 0.338140, -0.843996,
		-0.849010, 0.476748, -0.227802,
		5.525381, 17.227989, 16.338285>
	pigment { color rgbt <0,1,1,0> }
	no_shadow
}
cylinder {
	<6.455204, 17.559847, 16.423195>,  <6.119688, 16.894266, 16.497746>, 0.130000
	pigment { color rgbt <1,0,0,0> }
	no_shadow
}

// nucleotide -1

// particle -1
sphere {
	<6.455204, 17.559847, 16.423195> 0.250000
	pigment { color rgbt <1,0,0,0> }
	no_shadow
}
cylinder {
	<6.063632, 17.610205, 16.487503>,  <5.828689, 17.640419, 16.526087>, 0.100000
	pigment { color rgbt <1,0,0,0> }
	no_shadow
}
cylinder {
	<6.063632, 17.610205, 16.487503>,  <6.455204, 17.559847, 16.423195>, 0.100000
	pigment { color rgbt <1,0,0,0> }
	no_shadow
}

// particle -1
sphere {
	<6.063632, 17.610205, 16.487503> 0.100000
	pigment { color rgbt <1,0,0,0> }
	no_shadow
}
sphere {
	0, 1
	scale<0.080000,0.200000,0.300000>
	matrix <0.197696, 0.781392, 0.591898,
		-0.051108, 0.611210, -0.789816,
		-0.978930, 0.125893, 0.160770,
		5.769953, 17.647972, 16.535734>
	pigment { color rgbt <0,1,1,0> }
	no_shadow
}
cylinder {
	<6.380913, 18.264894, 16.379860>,  <6.455204, 17.559847, 16.423195>, 0.130000
	pigment { color rgbt <1,0,0,0> }
	no_shadow
}

// nucleotide -1

// particle -1
sphere {
	<6.380913, 18.264894, 16.379860> 0.250000
	pigment { color rgbt <1,0,0,0> }
	no_shadow
}
cylinder {
	<6.063637, 18.134682, 16.585724>,  <5.873271, 18.056555, 16.709242>, 0.100000
	pigment { color rgbt <1,0,0,0> }
	no_shadow
}
cylinder {
	<6.063637, 18.134682, 16.585724>,  <6.380913, 18.264894, 16.379860>, 0.100000
	pigment { color rgbt <1,0,0,0> }
	no_shadow
}

// particle -1
sphere {
	<6.063637, 18.134682, 16.585724> 0.100000
	pigment { color rgbt <1,0,0,0> }
	no_shadow
}
sphere {
	0, 1
	scale<0.080000,0.200000,0.300000>
	matrix <0.089116, 0.773984, 0.626903,
		-0.602417, 0.543118, -0.584907,
		-0.793191, -0.325532, 0.514661,
		5.825679, 18.037022, 16.740122>
	pigment { color rgbt <0,1,1,0> }
	no_shadow
}
cylinder {
	<5.913080, 18.838482, 16.362488>,  <6.380913, 18.264894, 16.379860>, 0.130000
	pigment { color rgbt <1,0,0,0> }
	no_shadow
}

// nucleotide -1

// particle -1
sphere {
	<5.913080, 18.838482, 16.362488> 0.250000
	pigment { color rgbt <1,0,0,0> }
	no_shadow
}
cylinder {
	<5.850352, 18.585638, 16.666027>,  <5.812715, 18.433931, 16.848150>, 0.100000
	pigment { color rgbt <1,0,0,0> }
	no_shadow
}
cylinder {
	<5.850352, 18.585638, 16.666027>,  <5.913080, 18.838482, 16.362488>, 0.100000
	pigment { color rgbt <1,0,0,0> }
	no_shadow
}

// particle -1
sphere {
	<5.850352, 18.585638, 16.666027> 0.100000
	pigment { color rgbt <1,0,0,0> }
	no_shadow
}
sphere {
	0, 1
	scale<0.080000,0.200000,0.300000>
	matrix <0.045515, 0.762911, 0.644899,
		-0.986578, 0.135672, -0.090869,
		-0.156820, -0.632107, 0.758846,
		5.803306, 18.396006, 16.893681>
	pigment { color rgbt <0,1,1,0> }
	no_shadow
}
cylinder {
	<5.653820, 19.263832, 16.887173>,  <5.913080, 18.838482, 16.362488>, 0.130000
	pigment { color rgbt <1,0,0,0> }
	no_shadow
}

// nucleotide -1

// particle -1
sphere {
	<5.653820, 19.263832, 16.887173> 0.250000
	pigment { color rgbt <1,0,0,0> }
	no_shadow
}
cylinder {
	<5.711883, 18.948854, 17.126793>,  <5.746721, 18.759869, 17.270565>, 0.100000
	pigment { color rgbt <1,0,0,0> }
	no_shadow
}
cylinder {
	<5.711883, 18.948854, 17.126793>,  <5.653820, 19.263832, 16.887173>, 0.100000
	pigment { color rgbt <1,0,0,0> }
	no_shadow
}

// particle -1
sphere {
	<5.711883, 18.948854, 17.126793> 0.100000
	pigment { color rgbt <1,0,0,0> }
	no_shadow
}
sphere {
	0, 1
	scale<0.080000,0.200000,0.300000>
	matrix <0.193436, 0.616367, 0.763331,
		-0.970315, 0.005075, 0.241790,
		0.145158, -0.787443, 0.599052,
		5.755431, 18.712622, 17.306509>
	pigment { color rgbt <0,1,1,0> }
	no_shadow
}
cylinder {
	<5.343349, 19.468224, 17.562262>,  <5.653820, 19.263832, 16.887173>, 0.130000
	pigment { color rgbt <1,0,0,0> }
	no_shadow
}

// nucleotide -1

// particle -1
sphere {
	<5.343349, 19.468224, 17.562262> 0.250000
	pigment { color rgbt <1,0,0,0> }
	no_shadow
}
cylinder {
	<5.617015, 19.190678, 17.652124>,  <5.781214, 19.024151, 17.706043>, 0.100000
	pigment { color rgbt <1,0,0,0> }
	no_shadow
}
cylinder {
	<5.617015, 19.190678, 17.652124>,  <5.343349, 19.468224, 17.562262>, 0.100000
	pigment { color rgbt <1,0,0,0> }
	no_shadow
}

// particle -1
sphere {
	<5.617015, 19.190678, 17.652124> 0.100000
	pigment { color rgbt <1,0,0,0> }
	no_shadow
}
sphere {
	0, 1
	scale<0.080000,0.200000,0.300000>
	matrix <0.224517, 0.493449, 0.840298,
		-0.693910, -0.524462, 0.493385,
		0.684165, -0.693865, 0.224658,
		5.822264, 18.982519, 17.719522>
	pigment { color rgbt <0,1,1,0> }
	no_shadow
}
cylinder {
	<5.187680, 19.352091, 18.327011>,  <5.343349, 19.468224, 17.562262>, 0.130000
	pigment { color rgbt <1,0,0,0> }
	no_shadow
}

// nucleotide -1

// particle -1
sphere {
	<5.187680, 19.352091, 18.327011> 0.250000
	pigment { color rgbt <1,0,0,0> }
	no_shadow
}
cylinder {
	<5.552275, 19.216606, 18.233664>,  <5.771032, 19.135315, 18.177654>, 0.100000
	pigment { color rgbt <1,0,0,0> }
	no_shadow
}
cylinder {
	<5.552275, 19.216606, 18.233664>,  <5.187680, 19.352091, 18.327011>, 0.100000
	pigment { color rgbt <1,0,0,0> }
	no_shadow
}

// particle -1
sphere {
	<5.552275, 19.216606, 18.233664> 0.100000
	pigment { color rgbt <1,0,0,0> }
	no_shadow
}
sphere {
	0, 1
	scale<0.080000,0.200000,0.300000>
	matrix <0.376683, 0.459467, 0.804363,
		-0.165223, -0.821074, 0.546387,
		0.911488, -0.338714, -0.233370,
		5.825722, 19.114992, 18.163652>
	pigment { color rgbt <0,1,1,0> }
	no_shadow
}
cylinder {
	<5.536915, 19.200253, 18.966492>,  <5.187680, 19.352091, 18.327011>, 0.130000
	pigment { color rgbt <1,0,0,0> }
	no_shadow
}

// nucleotide -1

// particle -1
sphere {
	<5.536915, 19.200253, 18.966492> 0.250000
	pigment { color rgbt <1,0,0,0> }
	no_shadow
}
cylinder {
	<5.843474, 19.233389, 18.711691>,  <6.027410, 19.253271, 18.558811>, 0.100000
	pigment { color rgbt <1,0,0,0> }
	no_shadow
}
cylinder {
	<5.843474, 19.233389, 18.711691>,  <5.536915, 19.200253, 18.966492>, 0.100000
	pigment { color rgbt <1,0,0,0> }
	no_shadow
}

// particle -1
sphere {
	<5.843474, 19.233389, 18.711691> 0.100000
	pigment { color rgbt <1,0,0,0> }
	no_shadow
}
sphere {
	0, 1
	scale<0.080000,0.200000,0.300000>
	matrix <0.445192, 0.646371, 0.619685,
		0.463075, -0.758513, 0.458497,
		0.766398, 0.082841, -0.637002,
		6.073394, 19.258242, 18.520590>
	pigment { color rgbt <0,1,1,0> }
	no_shadow
}
cylinder {
	<6.077048, 19.490578, 19.337643>,  <5.536915, 19.200253, 18.966492>, 0.130000
	pigment { color rgbt <1,0,0,0> }
	no_shadow
}

// nucleotide -1

// particle -1
sphere {
	<6.077048, 19.490578, 19.337643> 0.250000
	pigment { color rgbt <1,0,0,0> }
	no_shadow
}
cylinder {
	<6.245981, 19.548489, 18.979721>,  <6.347340, 19.583235, 18.764967>, 0.100000
	pigment { color rgbt <1,0,0,0> }
	no_shadow
}
cylinder {
	<6.245981, 19.548489, 18.979721>,  <6.077048, 19.490578, 19.337643>, 0.100000
	pigment { color rgbt <1,0,0,0> }
	no_shadow
}

// particle -1
sphere {
	<6.245981, 19.548489, 18.979721> 0.100000
	pigment { color rgbt <1,0,0,0> }
	no_shadow
}
sphere {
	0, 1
	scale<0.080000,0.200000,0.300000>
	matrix <0.354835, 0.881977, 0.310175,
		0.834103, -0.448505, 0.321116,
		0.422332, 0.144775, -0.894805,
		6.372680, 19.591921, 18.711279>
	pigment { color rgbt <0,1,1,0> }
	no_shadow
}
cylinder {
	<6.714658, 19.809778, 19.444035>,  <6.077048, 19.490578, 19.337643>, 0.130000
	pigment { color rgbt <1,0,0,0> }
	no_shadow
}

// nucleotide -1

// particle -1
sphere {
	<6.714658, 19.809778, 19.444035> 0.250000
	pigment { color rgbt <1,0,0,0> }
	no_shadow
}
cylinder {
	<6.652350, 19.914434, 19.063030>,  <6.614965, 19.977228, 18.834427>, 0.100000
	pigment { color rgbt <1,0,0,0> }
	no_shadow
}
cylinder {
	<6.652350, 19.914434, 19.063030>,  <6.714658, 19.809778, 19.444035>, 0.100000
	pigment { color rgbt <1,0,0,0> }
	no_shadow
}

// particle -1
sphere {
	<6.652350, 19.914434, 19.063030> 0.100000
	pigment { color rgbt <1,0,0,0> }
	no_shadow
}
sphere {
	0, 1
	scale<0.080000,0.200000,0.300000>
	matrix <0.269427, 0.938975, 0.213859,
		0.950339, -0.223319, -0.216757,
		-0.155771, 0.261639, -0.952513,
		6.605619, 19.992926, 18.777277>
	pigment { color rgbt <0,1,1,0> }
	no_shadow
}
cylinder {
	<7.312907, 20.113508, 19.203356>,  <6.714658, 19.809778, 19.444035>, 0.130000
	pigment { color rgbt <1,0,0,0> }
	no_shadow
}

// nucleotide -1

// particle -1
sphere {
	<7.312907, 20.113508, 19.203356> 0.250000
	pigment { color rgbt <1,0,0,0> }
	no_shadow
}
cylinder {
	<7.025836, 20.251608, 18.961449>,  <6.853593, 20.334467, 18.816305>, 0.100000
	pigment { color rgbt <1,0,0,0> }
	no_shadow
}
cylinder {
	<7.025836, 20.251608, 18.961449>,  <7.312907, 20.113508, 19.203356>, 0.100000
	pigment { color rgbt <1,0,0,0> }
	no_shadow
}

// particle -1
sphere {
	<7.025836, 20.251608, 18.961449> 0.100000
	pigment { color rgbt <1,0,0,0> }
	no_shadow
}
sphere {
	0, 1
	scale<0.080000,0.200000,0.300000>
	matrix <0.440809, 0.897537, -0.010726,
		0.539097, -0.274285, -0.796330,
		-0.717678, 0.345247, -0.604767,
		6.810533, 20.355183, 18.780018>
	pigment { color rgbt <0,1,1,0> }
	no_shadow
}
cylinder {
	<7.518962, 20.539738, 18.641489>,  <7.312907, 20.113508, 19.203356>, 0.130000
	pigment { color rgbt <1,0,0,0> }
	no_shadow
}

// nucleotide -1

// particle -1
sphere {
	<7.518962, 20.539738, 18.641489> 0.250000
	pigment { color rgbt <1,0,0,0> }
	no_shadow
}
cylinder {
	<7.145144, 20.678249, 18.674273>,  <6.920854, 20.761356, 18.693943>, 0.100000
	pigment { color rgbt <1,0,0,0> }
	no_shadow
}
cylinder {
	<7.145144, 20.678249, 18.674273>,  <7.518962, 20.539738, 18.641489>, 0.100000
	pigment { color rgbt <1,0,0,0> }
	no_shadow
}

// particle -1
sphere {
	<7.145144, 20.678249, 18.674273> 0.100000
	pigment { color rgbt <1,0,0,0> }
	no_shadow
}
sphere {
	0, 1
	scale<0.080000,0.200000,0.300000>
	matrix <0.319539, 0.917988, -0.234933,
		-0.156590, -0.193366, -0.968550,
		-0.934545, 0.346278, 0.081959,
		6.864781, 20.782133, 18.698860>
	pigment { color rgbt <0,1,1,0> }
	no_shadow
}
cylinder {
	<7.490696, 21.206987, 18.186760>,  <7.518962, 20.539738, 18.641489>, 0.130000
	pigment { color rgbt <1,0,0,0> }
	no_shadow
}

// nucleotide -1

// particle -1
sphere {
	<7.490696, 21.206987, 18.186760> 0.250000
	pigment { color rgbt <1,0,0,0> }
	no_shadow
}
cylinder {
	<7.146809, 21.225519, 18.390224>,  <6.940476, 21.236639, 18.512302>, 0.100000
	pigment { color rgbt <1,0,0,0> }
	no_shadow
}
cylinder {
	<7.146809, 21.225519, 18.390224>,  <7.490696, 21.206987, 18.186760>, 0.100000
	pigment { color rgbt <1,0,0,0> }
	no_shadow
}

// particle -1
sphere {
	<7.146809, 21.225519, 18.390224> 0.100000
	pigment { color rgbt <1,0,0,0> }
	no_shadow
}
sphere {
	0, 1
	scale<0.080000,0.200000,0.300000>
	matrix <0.021330, 0.998266, -0.054870,
		-0.510321, -0.036323, -0.859216,
		-0.859719, 0.046329, 0.508662,
		6.888893, 21.239418, 18.542824>
	pigment { color rgbt <0,1,1,0> }
	no_shadow
}
cylinder {
	<7.060839, 21.677235, 17.799149>,  <7.490696, 21.206987, 18.186760>, 0.130000
	pigment { color rgbt <1,0,0,0> }
	no_shadow
}

// nucleotide -1

// particle -1
sphere {
	<7.060839, 21.677235, 17.799149> 0.250000
	pigment { color rgbt <1,0,0,0> }
	no_shadow
}
cylinder {
	<6.923944, 21.664536, 18.174780>,  <6.841806, 21.656916, 18.400158>, 0.100000
	pigment { color rgbt <1,0,0,0> }
	no_shadow
}
cylinder {
	<6.923944, 21.664536, 18.174780>,  <7.060839, 21.677235, 17.799149>, 0.100000
	pigment { color rgbt <1,0,0,0> }
	no_shadow
}

// particle -1
sphere {
	<6.923944, 21.664536, 18.174780> 0.100000
	pigment { color rgbt <1,0,0,0> }
	no_shadow
}
sphere {
	0, 1
	scale<0.080000,0.200000,0.300000>
	matrix <0.156509, 0.983541, 0.090289,
		-0.926487, 0.177875, -0.331636,
		-0.342237, -0.031747, 0.939077,
		6.821272, 21.655012, 18.456503>
	pigment { color rgbt <0,1,1,0> }
	no_shadow
}
cylinder {
	<6.517280, 22.229637, 17.897005>,  <7.060839, 21.677235, 17.799149>, 0.130000
	pigment { color rgbt <1,0,0,0> }
	no_shadow
}

// nucleotide -1

// particle -1
sphere {
	<6.517280, 22.229637, 17.897005> 0.250000
	pigment { color rgbt <1,0,0,0> }
	no_shadow
}
cylinder {
	<6.637605, 22.147684, 18.269571>,  <6.709799, 22.098513, 18.493111>, 0.100000
	pigment { color rgbt <1,0,0,0> }
	no_shadow
}
cylinder {
	<6.637605, 22.147684, 18.269571>,  <6.517280, 22.229637, 17.897005>, 0.100000
	pigment { color rgbt <1,0,0,0> }
	no_shadow
}

// particle -1
sphere {
	<6.637605, 22.147684, 18.269571> 0.100000
	pigment { color rgbt <1,0,0,0> }
	no_shadow
}
sphere {
	0, 1
	scale<0.080000,0.200000,0.300000>
	matrix <0.044309, 0.978598, 0.200954,
		-0.952654, -0.019179, 0.303451,
		0.300811, -0.204885, 0.931415,
		6.727848, 22.086218, 18.548996>
	pigment { color rgbt <0,1,1,0> }
	no_shadow
}
cylinder {
	<6.087514, 22.619856, 18.451233>,  <6.517280, 22.229637, 17.897005>, 0.130000
	pigment { color rgbt <1,0,0,0> }
	no_shadow
}

// nucleotide -1

// particle -1
sphere {
	<6.087514, 22.619856, 18.451233> 0.250000
	pigment { color rgbt <1,0,0,0> }
	no_shadow
}
cylinder {
	<6.445539, 22.551910, 18.616163>,  <6.660353, 22.511143, 18.715120>, 0.100000
	pigment { color rgbt <1,0,0,0> }
	no_shadow
}
cylinder {
	<6.445539, 22.551910, 18.616163>,  <6.087514, 22.619856, 18.451233>, 0.100000
	pigment { color rgbt <1,0,0,0> }
	no_shadow
}

// particle -1
sphere {
	<6.445539, 22.551910, 18.616163> 0.100000
	pigment { color rgbt <1,0,0,0> }
	no_shadow
}
sphere {
	0, 1
	scale<0.080000,0.200000,0.300000>
	matrix <0.076636, 0.969448, 0.233019,
		-0.439308, -0.176968, 0.880733,
		0.895062, -0.169863, 0.412324,
		6.714057, 22.500952, 18.739861>
	pigment { color rgbt <0,1,1,0> }
	no_shadow
}
cylinder {
	<6.098706, 23.123798, 18.958540>,  <6.087514, 22.619856, 18.451233>, 0.130000
	pigment { color rgbt <1,0,0,0> }
	no_shadow
}

// nucleotide -1

// particle -1
sphere {
	<6.098706, 23.123798, 18.958540> 0.250000
	pigment { color rgbt <1,0,0,0> }
	no_shadow
}
cylinder {
	<6.465891, 22.988274, 18.876024>,  <6.686202, 22.906960, 18.826515>, 0.100000
	pigment { color rgbt <1,0,0,0> }
	no_shadow
}
cylinder {
	<6.465891, 22.988274, 18.876024>,  <6.098706, 23.123798, 18.958540>, 0.100000
	pigment { color rgbt <1,0,0,0> }
	no_shadow
}

// particle -1
sphere {
	<6.465891, 22.988274, 18.876024> 0.100000
	pigment { color rgbt <1,0,0,0> }
	no_shadow
}
sphere {
	0, 1
	scale<0.080000,0.200000,0.300000>
	matrix <0.351581, 0.935750, 0.027611,
		0.183680, -0.097873, 0.978102,
		0.917961, -0.338810, -0.206289,
		6.741279, 22.886631, 18.814138>
	pigment { color rgbt <0,1,1,0> }
	no_shadow
}
cylinder {
	<6.528932, 23.652353, 19.296160>,  <6.098706, 23.123798, 18.958540>, 0.130000
	pigment { color rgbt <1,0,0,0> }
	no_shadow
}

// nucleotide -1

// particle -1
sphere {
	<6.528932, 23.652353, 19.296160> 0.250000
	pigment { color rgbt <1,0,0,0> }
	no_shadow
}
cylinder {
	<6.762131, 23.450830, 19.041197>,  <6.902051, 23.329916, 18.888218>, 0.100000
	pigment { color rgbt <1,0,0,0> }
	no_shadow
}
cylinder {
	<6.762131, 23.450830, 19.041197>,  <6.528932, 23.652353, 19.296160>, 0.100000
	pigment { color rgbt <1,0,0,0> }
	no_shadow
}

// particle -1
sphere {
	<6.762131, 23.450830, 19.041197> 0.100000
	pigment { color rgbt <1,0,0,0> }
	no_shadow
}
sphere {
	0, 1
	scale<0.080000,0.200000,0.300000>
	matrix <0.627120, 0.777832, -0.041209,
		0.516558, -0.375706, 0.769424,
		0.582999, -0.503808, -0.637408,
		6.937031, 23.299688, 18.849974>
	pigment { color rgbt <0,1,1,0> }
	no_shadow
}
cylinder {
	<7.195064, 23.736082, 19.544933>,  <6.528932, 23.652353, 19.296160>, 0.130000
	pigment { color rgbt <1,0,0,0> }
	no_shadow
}

// nucleotide -1

// particle -1
sphere {
	<7.195064, 23.736082, 19.544933> 0.250000
	pigment { color rgbt <1,0,0,0> }
	no_shadow
}
cylinder {
	<7.274865, 23.602358, 19.176491>,  <7.322745, 23.522123, 18.955425>, 0.100000
	pigment { color rgbt <1,0,0,0> }
	no_shadow
}
cylinder {
	<7.274865, 23.602358, 19.176491>,  <7.195064, 23.736082, 19.544933>, 0.100000
	pigment { color rgbt <1,0,0,0> }
	no_shadow
}

// particle -1
sphere {
	<7.274865, 23.602358, 19.176491> 0.100000
	pigment { color rgbt <1,0,0,0> }
	no_shadow
}
sphere {
	0, 1
	scale<0.080000,0.200000,0.300000>
	matrix <0.653689, 0.745677, -0.129058,
		0.729992, -0.576369, 0.367301,
		0.199503, -0.334312, -0.921105,
		7.334716, 23.502064, 18.900160>
	pigment { color rgbt <0,1,1,0> }
	no_shadow
}
cylinder {
	<7.914633, 23.764359, 19.581091>,  <7.195064, 23.736082, 19.544933>, 0.130000
	pigment { color rgbt <1,0,0,0> }
	no_shadow
}

// nucleotide -1

// particle -1
sphere {
	<7.914633, 23.764359, 19.581091> 0.250000
	pigment { color rgbt <1,0,0,0> }
	no_shadow
}
cylinder {
	<7.758007, 23.786871, 19.213720>,  <7.664031, 23.800379, 18.993298>, 0.100000
	pigment { color rgbt <1,0,0,0> }
	no_shadow
}
cylinder {
	<7.758007, 23.786871, 19.213720>,  <7.914633, 23.764359, 19.581091>, 0.100000
	pigment { color rgbt <1,0,0,0> }
	no_shadow
}

// particle -1
sphere {
	<7.758007, 23.786871, 19.213720> 0.100000
	pigment { color rgbt <1,0,0,0> }
	no_shadow
}
sphere {
	0, 1
	scale<0.080000,0.200000,0.300000>
	matrix <0.810150, 0.494329, -0.315111,
		0.436271, -0.867451, -0.239158,
		-0.391566, 0.056280, -0.918427,
		7.640537, 23.803755, 18.938192>
	pigment { color rgbt <0,1,1,0> }
	no_shadow
}
cylinder {
	<8.428432, 23.703863, 19.267498>,  <7.914633, 23.764359, 19.581091>, 0.130000
	pigment { color rgbt <1,0,0,0> }
	no_shadow
}

// nucleotide -1

// particle -1
sphere {
	<8.428432, 23.703863, 19.267498> 0.250000
	pigment { color rgbt <1,0,0,0> }
	no_shadow
}
cylinder {
	<8.173060, 23.842718, 18.992718>,  <8.019837, 23.926031, 18.827848>, 0.100000
	pigment { color rgbt <1,0,0,0> }
	no_shadow
}
cylinder {
	<8.173060, 23.842718, 18.992718>,  <8.428432, 23.703863, 19.267498>, 0.100000
	pigment { color rgbt <1,0,0,0> }
	no_shadow
}

// particle -1
sphere {
	<8.173060, 23.842718, 18.992718> 0.100000
	pigment { color rgbt <1,0,0,0> }
	no_shadow
}
sphere {
	0, 1
	scale<0.080000,0.200000,0.300000>
	matrix <0.749148, 0.485038, -0.451126,
		0.176594, -0.802641, -0.569721,
		-0.638429, 0.347139, -0.686952,
		7.981532, 23.946859, 18.786633>
	pigment { color rgbt <0,1,1,0> }
	no_shadow
}
cylinder {
	<8.907670, 24.302822, 19.065945>,  <8.428432, 23.703863, 19.267498>, 0.130000
	pigment { color rgbt <1,0,0,0> }
	no_shadow
}

// nucleotide -1

// particle -1
sphere {
	<8.907670, 24.302822, 19.065945> 0.250000
	pigment { color rgbt <1,0,0,0> }
	no_shadow
}
cylinder {
	<8.827840, 24.447186, 18.701546>,  <8.779942, 24.533804, 18.482906>, 0.100000
	pigment { color rgbt <1,0,0,0> }
	no_shadow
}
cylinder {
	<8.827840, 24.447186, 18.701546>,  <8.907670, 24.302822, 19.065945>, 0.100000
	pigment { color rgbt <1,0,0,0> }
	no_shadow
}

// particle -1
sphere {
	<8.827840, 24.447186, 18.701546> 0.100000
	pigment { color rgbt <1,0,0,0> }
	no_shadow
}
sphere {
	0, 1
	scale<0.080000,0.200000,0.300000>
	matrix <0.378149, 0.886048, 0.268182,
		0.903976, -0.290970, -0.313312,
		-0.199576, 0.360908, -0.910996,
		8.767967, 24.555458, 18.428247>
	pigment { color rgbt <0,1,1,0> }
	no_shadow
}
cylinder {
	<9.454148, 24.811106, 18.772358>,  <8.907670, 24.302822, 19.065945>, 0.130000
	pigment { color rgbt <1,0,0,0> }
	no_shadow
}

// nucleotide -1

// particle -1
sphere {
	<9.454148, 24.811106, 18.772358> 0.250000
	pigment { color rgbt <1,0,0,0> }
	no_shadow
}
cylinder {
	<9.151480, 24.922333, 18.535671>,  <8.969878, 24.989069, 18.393660>, 0.100000
	pigment { color rgbt <1,0,0,0> }
	no_shadow
}
cylinder {
	<9.151480, 24.922333, 18.535671>,  <9.454148, 24.811106, 18.772358>, 0.100000
	pigment { color rgbt <1,0,0,0> }
	no_shadow
}

// particle -1
sphere {
	<9.151480, 24.922333, 18.535671> 0.100000
	pigment { color rgbt <1,0,0,0> }
	no_shadow
}
sphere {
	0, 1
	scale<0.080000,0.200000,0.300000>
	matrix <0.443572, 0.883226, -0.152172,
		0.480305, -0.377613, -0.791654,
		-0.756672, 0.278066, -0.591716,
		8.924479, 25.005753, 18.358156>
	pigment { color rgbt <0,1,1,0> }
	no_shadow
}
cylinder {
	<9.720790, 25.023838, 18.194368>,  <9.454148, 24.811106, 18.772358>, 0.130000
	pigment { color rgbt <1,0,0,0> }
	no_shadow
}

// nucleotide -1

// particle -1
sphere {
	<9.720790, 25.023838, 18.194368> 0.250000
	pigment { color rgbt <1,0,0,0> }
	no_shadow
}
cylinder {
	<9.374748, 25.214540, 18.256720>,  <9.167123, 25.328962, 18.294130>, 0.100000
	pigment { color rgbt <1,0,0,0> }
	no_shadow
}
cylinder {
	<9.374748, 25.214540, 18.256720>,  <9.720790, 25.023838, 18.194368>, 0.100000
	pigment { color rgbt <1,0,0,0> }
	no_shadow
}

// particle -1
sphere {
	<9.374748, 25.214540, 18.256720> 0.100000
	pigment { color rgbt <1,0,0,0> }
	no_shadow
}
sphere {
	0, 1
	scale<0.080000,0.200000,0.300000>
	matrix <0.491935, 0.867126, 0.078050,
		-0.097953, 0.144203, -0.984688,
		-0.865104, 0.476757, 0.155876,
		9.115217, 25.357567, 18.303482>
	pigment { color rgbt <0,1,1,0> }
	no_shadow
}
cylinder {
	<9.998025, 25.674692, 17.989571>,  <9.720790, 25.023838, 18.194368>, 0.130000
	pigment { color rgbt <1,0,0,0> }
	no_shadow
}

// nucleotide -1

// particle -1
sphere {
	<9.998025, 25.674692, 17.989571> 0.250000
	pigment { color rgbt <1,0,0,0> }
	no_shadow
}
cylinder {
	<9.641392, 25.705065, 18.168150>,  <9.427412, 25.723288, 18.275297>, 0.100000
	pigment { color rgbt <1,0,0,0> }
	no_shadow
}
cylinder {
	<9.641392, 25.705065, 18.168150>,  <9.998025, 25.674692, 17.989571>, 0.100000
	pigment { color rgbt <1,0,0,0> }
	no_shadow
}

// particle -1
sphere {
	<9.641392, 25.705065, 18.168150> 0.100000
	pigment { color rgbt <1,0,0,0> }
	no_shadow
}
sphere {
	0, 1
	scale<0.080000,0.200000,0.300000>
	matrix <0.241727, 0.913448, 0.327384,
		-0.382947, 0.399808, -0.832769,
		-0.891583, 0.075932, 0.446447,
		9.373917, 25.727844, 18.302084>
	pigment { color rgbt <0,1,1,0> }
	no_shadow
}
cylinder {
	<10.193389, 25.266409, 17.397688>,  <9.998025, 25.674692, 17.989571>, 0.130000
	pigment { color rgbt <1,0,0,0> }
	no_shadow
}

// nucleotide -1

// particle -1
sphere {
	<10.193389, 25.266409, 17.397688> 0.250000
	pigment { color rgbt <1,0,0,0> }
	no_shadow
}
cylinder {
	<10.324983, 25.121164, 17.746382>,  <10.403939, 25.034018, 17.955597>, 0.100000
	pigment { color rgbt <1,0,0,0> }
	no_shadow
}
cylinder {
	<10.324983, 25.121164, 17.746382>,  <10.193389, 25.266409, 17.397688>, 0.100000
	pigment { color rgbt <1,0,0,0> }
	no_shadow
}

// particle -1
sphere {
	<10.324983, 25.121164, 17.746382> 0.100000
	pigment { color rgbt <1,0,0,0> }
	no_shadow
}
sphere {
	0, 1
	scale<0.080000,0.200000,0.300000>
	matrix <-0.394356, -0.891600, -0.222560,
		0.858051, -0.270555, -0.436518,
		0.328985, -0.363111, 0.871733,
		10.423678, 25.012232, 18.007902>
	pigment { color rgbt <0,1,1,0> }
	no_shadow
}
cylinder {
	<10.620283, 24.710314, 17.303957>,  <10.193389, 25.266409, 17.397688>, 0.130000
	pigment { color rgbt <1,0,0,0> }
	no_shadow
}

// nucleotide -1

// particle -1
sphere {
	<10.620283, 24.710314, 17.303957> 0.250000
	pigment { color rgbt <1,0,0,0> }
	no_shadow
}
cylinder {
	<10.445696, 24.663942, 17.660845>,  <10.340943, 24.636120, 17.874977>, 0.100000
	pigment { color rgbt <1,0,0,0> }
	no_shadow
}
cylinder {
	<10.445696, 24.663942, 17.660845>,  <10.620283, 24.710314, 17.303957>, 0.100000
	pigment { color rgbt <1,0,0,0> }
	no_shadow
}

// particle -1
sphere {
	<10.445696, 24.663942, 17.660845> 0.100000
	pigment { color rgbt <1,0,0,0> }
	no_shadow
}
sphere {
	0, 1
	scale<0.080000,0.200000,0.300000>
	matrix <-0.223729, -0.946531, -0.232432,
		0.871459, -0.301065, 0.387194,
		-0.436468, -0.115928, 0.892220,
		10.314755, 24.629164, 17.928511>
	pigment { color rgbt <0,1,1,0> }
	no_shadow
}
cylinder {
	<10.935068, 24.096952, 17.671505>,  <10.620283, 24.710314, 17.303957>, 0.130000
	pigment { color rgbt <1,0,0,0> }
	no_shadow
}

// nucleotide -1

// particle -1
sphere {
	<10.935068, 24.096952, 17.671505> 0.250000
	pigment { color rgbt <1,0,0,0> }
	no_shadow
}
cylinder {
	<10.569437, 24.149914, 17.824831>,  <10.350059, 24.181690, 17.916826>, 0.100000
	pigment { color rgbt <1,0,0,0> }
	no_shadow
}
cylinder {
	<10.569437, 24.149914, 17.824831>,  <10.935068, 24.096952, 17.671505>, 0.100000
	pigment { color rgbt <1,0,0,0> }
	no_shadow
}

// particle -1
sphere {
	<10.569437, 24.149914, 17.824831> 0.100000
	pigment { color rgbt <1,0,0,0> }
	no_shadow
}
sphere {
	0, 1
	scale<0.080000,0.200000,0.300000>
	matrix <-0.219855, -0.956039, -0.194046,
		0.340770, -0.261646, 0.903004,
		-0.914079, 0.132405, 0.383313,
		10.295214, 24.189634, 17.939825>
	pigment { color rgbt <0,1,1,0> }
	no_shadow
}
cylinder {
	<10.738276, 23.458902, 17.934647>,  <10.935068, 24.096952, 17.671505>, 0.130000
	pigment { color rgbt <1,0,0,0> }
	no_shadow
}

// nucleotide -1

// particle -1
sphere {
	<10.738276, 23.458902, 17.934647> 0.250000
	pigment { color rgbt <1,0,0,0> }
	no_shadow
}
cylinder {
	<10.394760, 23.655499, 17.876799>,  <10.188650, 23.773457, 17.842089>, 0.100000
	pigment { color rgbt <1,0,0,0> }
	no_shadow
}
cylinder {
	<10.394760, 23.655499, 17.876799>,  <10.738276, 23.458902, 17.934647>, 0.100000
	pigment { color rgbt <1,0,0,0> }
	no_shadow
}

// particle -1
sphere {
	<10.394760, 23.655499, 17.876799> 0.100000
	pigment { color rgbt <1,0,0,0> }
	no_shadow
}
sphere {
	0, 1
	scale<0.080000,0.200000,0.300000>
	matrix <-0.405040, -0.824193, -0.395788,
		-0.313722, -0.281321, 0.906883,
		-0.858790, 0.491491, -0.144622,
		10.137123, 23.802946, 17.833412>
	pigment { color rgbt <0,1,1,0> }
	no_shadow
}
cylinder {
	<10.147491, 23.050716, 18.167892>,  <10.738276, 23.458902, 17.934647>, 0.130000
	pigment { color rgbt <1,0,0,0> }
	no_shadow
}

// nucleotide -1

// particle -1
sphere {
	<10.147491, 23.050716, 18.167892> 0.250000
	pigment { color rgbt <1,0,0,0> }
	no_shadow
}
cylinder {
	<9.979725, 23.303928, 17.907627>,  <9.879066, 23.455854, 17.751467>, 0.100000
	pigment { color rgbt <1,0,0,0> }
	no_shadow
}
cylinder {
	<9.979725, 23.303928, 17.907627>,  <10.147491, 23.050716, 18.167892>, 0.100000
	pigment { color rgbt <1,0,0,0> }
	no_shadow
}

// particle -1
sphere {
	<9.979725, 23.303928, 17.907627> 0.100000
	pigment { color rgbt <1,0,0,0> }
	no_shadow
}
sphere {
	0, 1
	scale<0.080000,0.200000,0.300000>
	matrix <-0.506929, -0.757911, -0.410602,
		-0.753067, 0.157625, 0.638784,
		-0.419421, 0.633028, -0.650663,
		9.853900, 23.493837, 17.712427>
	pigment { color rgbt <0,1,1,0> }
	no_shadow
}
cylinder {
	<9.379001, 22.823288, 18.121847>,  <10.147491, 23.050716, 18.167892>, 0.130000
	pigment { color rgbt <1,0,0,0> }
	no_shadow
}

// nucleotide -1

// particle -1
sphere {
	<9.379001, 22.823288, 18.121847> 0.250000
	pigment { color rgbt <1,0,0,0> }
	no_shadow
}
cylinder {
	<9.427306, 23.045582, 17.792830>,  <9.456289, 23.178957, 17.595419>, 0.100000
	pigment { color rgbt <1,0,0,0> }
	no_shadow
}
cylinder {
	<9.427306, 23.045582, 17.792830>,  <9.379001, 22.823288, 18.121847>, 0.100000
	pigment { color rgbt <1,0,0,0> }
	no_shadow
}

// particle -1
sphere {
	<9.427306, 23.045582, 17.792830> 0.100000
	pigment { color rgbt <1,0,0,0> }
	no_shadow
}
sphere {
	0, 1
	scale<0.080000,0.200000,0.300000>
	matrix <-0.646933, -0.584417, -0.489830,
		-0.752923, 0.591285, 0.288945,
		0.120765, 0.555733, -0.822543,
		9.463535, 23.212301, 17.546066>
	pigment { color rgbt <0,1,1,0> }
	no_shadow
}
cylinder {
	<8.643083, 22.943945, 17.882198>,  <9.379001, 22.823288, 18.121847>, 0.130000
	pigment { color rgbt <1,0,0,0> }
	no_shadow
}

// nucleotide -1

// particle -1
sphere {
	<8.643083, 22.943945, 17.882198> 0.250000
	pigment { color rgbt <1,0,0,0> }
	no_shadow
}
cylinder {
	<8.893296, 23.004084, 17.575970>,  <9.043425, 23.040167, 17.392233>, 0.100000
	pigment { color rgbt <1,0,0,0> }
	no_shadow
}
cylinder {
	<8.893296, 23.004084, 17.575970>,  <8.643083, 22.943945, 17.882198>, 0.100000
	pigment { color rgbt <1,0,0,0> }
	no_shadow
}

// particle -1
sphere {
	<8.893296, 23.004084, 17.575970> 0.100000
	pigment { color rgbt <1,0,0,0> }
	no_shadow
}
sphere {
	0, 1
	scale<0.080000,0.200000,0.300000>
	matrix <-0.404086, -0.776957, -0.482755,
		-0.667399, 0.611337, -0.425260,
		0.625535, 0.150349, -0.765573,
		9.080956, 23.049189, 17.346298>
	pigment { color rgbt <0,1,1,0> }
	no_shadow
}
cylinder {
	<8.299579, 22.888021, 17.308935>,  <8.643083, 22.943945, 17.882198>, 0.130000
	pigment { color rgbt <1,0,0,0> }
	no_shadow
}

// nucleotide -1

// particle -1
sphere {
	<8.299579, 22.888021, 17.308935> 0.250000
	pigment { color rgbt <1,0,0,0> }
	no_shadow
}
cylinder {
	<8.664809, 22.828695, 17.156990>,  <8.883947, 22.793100, 17.065823>, 0.100000
	pigment { color rgbt <1,0,0,0> }
	no_shadow
}
cylinder {
	<8.664809, 22.828695, 17.156990>,  <8.299579, 22.888021, 17.308935>, 0.100000
	pigment { color rgbt <1,0,0,0> }
	no_shadow
}

// particle -1
sphere {
	<8.664809, 22.828695, 17.156990> 0.100000
	pigment { color rgbt <1,0,0,0> }
	no_shadow
}
sphere {
	0, 1
	scale<0.080000,0.200000,0.300000>
	matrix <-0.348205, -0.768387, -0.536968,
		-0.212243, 0.622563, -0.753239,
		0.913075, -0.148314, -0.379864,
		8.938732, 22.784201, 17.043032>
	pigment { color rgbt <0,1,1,0> }
	no_shadow
}
cylinder {
	<8.136105, 22.824408, 16.657055>,  <8.299579, 22.888021, 17.308935>, 0.130000
	pigment { color rgbt <1,0,0,0> }
	no_shadow
}

// nucleotide -1

// particle -1
sphere {
	<8.136105, 22.824408, 16.657055> 0.250000
	pigment { color rgbt <1,0,0,0> }
	no_shadow
}
cylinder {
	<8.493020, 22.648308, 16.697052>,  <8.707170, 22.542648, 16.721050>, 0.100000
	pigment { color rgbt <1,0,0,0> }
	no_shadow
}
cylinder {
	<8.493020, 22.648308, 16.697052>,  <8.136105, 22.824408, 16.657055>, 0.100000
	pigment { color rgbt <1,0,0,0> }
	no_shadow
}

// particle -1
sphere {
	<8.493020, 22.648308, 16.697052> 0.100000
	pigment { color rgbt <1,0,0,0> }
	no_shadow
}
sphere {
	0, 1
	scale<0.080000,0.200000,0.300000>
	matrix <-0.327532, -0.783701, -0.527765,
		0.310713, 0.438168, -0.843484,
		0.892289, -0.440252, 0.099992,
		8.760707, 22.516232, 16.727049>
	pigment { color rgbt <0,1,1,0> }
	no_shadow
}
cylinder {
	<8.253685, 22.420044, 16.008741>,  <8.136105, 22.824408, 16.657055>, 0.130000
	pigment { color rgbt <1,0,0,0> }
	no_shadow
}

// nucleotide -1

// particle -1
sphere {
	<8.253685, 22.420044, 16.008741> 0.250000
	pigment { color rgbt <1,0,0,0> }
	no_shadow
}
cylinder {
	<8.507118, 22.279270, 16.284340>,  <8.659179, 22.194805, 16.449699>, 0.100000
	pigment { color rgbt <1,0,0,0> }
	no_shadow
}
cylinder {
	<8.507118, 22.279270, 16.284340>,  <8.253685, 22.420044, 16.008741>, 0.100000
	pigment { color rgbt <1,0,0,0> }
	no_shadow
}

// particle -1
sphere {
	<8.507118, 22.279270, 16.284340> 0.100000
	pigment { color rgbt <1,0,0,0> }
	no_shadow
}
sphere {
	0, 1
	scale<0.080000,0.200000,0.300000>
	matrix <-0.166775, -0.931739, -0.322565,
		0.755485, 0.089465, -0.649029,
		0.633584, -0.351935, 0.688994,
		8.697193, 22.173689, 16.491037>
	pigment { color rgbt <0,1,1,0> }
	no_shadow
}
cylinder {
	<8.676678, 21.999300, 15.606969>,  <8.253685, 22.420044, 16.008741>, 0.130000
	pigment { color rgbt <1,0,0,0> }
	no_shadow
}

// nucleotide -1

// particle -1
sphere {
	<8.676678, 21.999300, 15.606969> 0.250000
	pigment { color rgbt <1,0,0,0> }
	no_shadow
}
cylinder {
	<8.705658, 21.878170, 15.987084>,  <8.723046, 21.805492, 16.215153>, 0.100000
	pigment { color rgbt <1,0,0,0> }
	no_shadow
}
cylinder {
	<8.705658, 21.878170, 15.987084>,  <8.676678, 21.999300, 15.606969>, 0.100000
	pigment { color rgbt <1,0,0,0> }
	no_shadow
}

// particle -1
sphere {
	<8.705658, 21.878170, 15.987084> 0.100000
	pigment { color rgbt <1,0,0,0> }
	no_shadow
}
sphere {
	0, 1
	scale<0.080000,0.200000,0.300000>
	matrix <-0.055265, -0.952547, -0.299333,
		0.995840, -0.030831, -0.085748,
		0.072450, -0.302826, 0.950288,
		8.727393, 21.787323, 16.272171>
	pigment { color rgbt <0,1,1,0> }
	no_shadow
}
cylinder {
	<9.120810, 21.394636, 15.595754>,  <8.676678, 21.999300, 15.606969>, 0.130000
	pigment { color rgbt <1,0,0,0> }
	no_shadow
}

// nucleotide -1

// particle -1
sphere {
