// switches for output
#declare DRAW_BASES = 1; // possible values are 0, 1; only relevant for DNA ribbons
#declare DRAW_BASES_TYPE = 3; // possible values are 1, 2, 3; only relevant for DNA ribbons
#declare DRAW_FOG = 0; // set to 1 to enable fog

#include "colors.inc"

#include "transforms.inc"
background { rgb <1, 1, 1>}

#default {
   normal{
       ripples 0.25
       frequency 0.20
       turbulence 0.2
       lambda 5
   }
	finish {
		phong 0.1
		phong_size 40.
	}
}

// original window dimensions: 1024x640


// camera settings

camera {
	sky <0, 0.179814, -0.983701>
	up <0, 0.179814, -0.983701>
	right 1.6 * <1, 0, 0>
	location <25.469, 94.9851, 44.8844>
	look_at <25.469, 29.3977, 32.8955>
	direction <0, -65.5874, -11.9889>
	angle 67.0682
}


# declare cpy_camera_pos = <25.469, 94.9851, 44.8844>;
# if (DRAW_FOG = 1)
fog {
	fog_type 2
	up vnormalize(cpy_camera_pos)
	color rgbt<1,1,1,0.3>
	distance 1e-5
	fog_alt 3e-3
	fog_offset 28
}
# end


// LIGHTS

# declare lum = 6;
global_settings {
	ambient_light rgb lum * <0.05, 0.05, 0.05>
	max_trace_level 15
}# declare cpy_direct_light_amount = 0.25;
light_source
{	1000 * <-1, -1.16351, -0.803887>,
	rgb lum * cpy_direct_light_amount
	parallel
}

light_source
{	1000 * <1, 1.16351, 0.803887>,
	rgb lum * cpy_direct_light_amount
	parallel
}

// strand 0

// nucleotide -1

// particle -1
sphere {
	<4.868314, 15.002444, 15.474648> 0.250000
	pigment { color rgbt <1,0,0,0> }
	no_shadow
}
cylinder {
	<4.573888, 15.164225, 15.257528>,  <4.397233, 15.261292, 15.127256>, 0.100000
	pigment { color rgbt <1,0,0,0> }
	no_shadow
}
cylinder {
	<4.573888, 15.164225, 15.257528>,  <4.868314, 15.002444, 15.474648>, 0.100000
	pigment { color rgbt <1,0,0,0> }
	no_shadow
}

// particle -1
sphere {
	<4.573888, 15.164225, 15.257528> 0.100000
	pigment { color rgbt <1,0,0,0> }
	no_shadow
}
sphere {
	0, 1
	scale<0.080000,0.200000,0.300000>
	matrix <0.189515, -0.646677, -0.738846,
		-0.649885, -0.646682, 0.399314,
		-0.736026, 0.404489, -0.542821,
		4.353069, 15.285560, 15.094688>
	pigment { color rgbt <0,1,1,0> }
	no_shadow
}
cylinder {
	<4.243431, 14.608877, 15.266283>,  <4.868314, 15.002444, 15.474648>, 0.130000
	pigment { color rgbt <1,0,0,0> }
	no_shadow
}

// nucleotide -1

// particle -1
sphere {
	<4.243431, 14.608877, 15.266283> 0.250000
	pigment { color rgbt <1,0,0,0> }
	no_shadow
}
cylinder {
	<4.326912, 14.848095, 14.956758>,  <4.377002, 14.991626, 14.771044>, 0.100000
	pigment { color rgbt <1,0,0,0> }
	no_shadow
}
cylinder {
	<4.326912, 14.848095, 14.956758>,  <4.243431, 14.608877, 15.266283>, 0.100000
	pigment { color rgbt <1,0,0,0> }
	no_shadow
}

// particle -1
sphere {
	<4.326912, 14.848095, 14.956758> 0.100000
	pigment { color rgbt <1,0,0,0> }
	no_shadow
}
sphere {
	0, 1
	scale<0.080000,0.200000,0.300000>
	matrix <0.072663, -0.798531, -0.597551,
		-0.975276, 0.068485, -0.210113,
		0.208705, 0.598045, -0.773812,
		4.389524, 15.027509, 14.724615>
	pigment { color rgbt <0,1,1,0> }
	no_shadow
}
cylinder {
	<3.754130, 14.415743, 14.807430>,  <4.243431, 14.608877, 15.266283>, 0.130000
	pigment { color rgbt <1,0,0,0> }
	no_shadow
}

// nucleotide -1

// particle -1
sphere {
	<3.754130, 14.415743, 14.807430> 0.250000
	pigment { color rgbt <1,0,0,0> }
	no_shadow
}
cylinder {
	<4.089538, 14.555689, 14.640347>,  <4.290782, 14.639657, 14.540098>, 0.100000
	pigment { color rgbt <1,0,0,0> }
	no_shadow
}
cylinder {
	<4.089538, 14.555689, 14.640347>,  <3.754130, 14.415743, 14.807430>, 0.100000
	pigment { color rgbt <1,0,0,0> }
	no_shadow
}

// particle -1
sphere {
	<4.089538, 14.555689, 14.640347> 0.100000
	pigment { color rgbt <1,0,0,0> }
	no_shadow
}
sphere {
	0, 1
	scale<0.080000,0.200000,0.300000>
	matrix <0.006304, -0.772793, -0.634627,
		-0.544835, 0.529514, -0.650208,
		0.838520, 0.349866, -0.417706,
		4.341094, 14.660648, 14.515036>
	pigment { color rgbt <0,1,1,0> }
	no_shadow
}
cylinder {
	<3.742907, 14.319388, 14.058549>,  <3.754130, 14.415743, 14.807430>, 0.130000
	pigment { color rgbt <1,0,0,0> }
	no_shadow
}

// nucleotide -1

// particle -1
sphere {
	<3.742907, 14.319388, 14.058549> 0.250000
	pigment { color rgbt <1,0,0,0> }
	no_shadow
}
cylinder {
	<4.130520, 14.362070, 14.147623>,  <4.363088, 14.387679, 14.201068>, 0.100000
	pigment { color rgbt <1,0,0,0> }
	no_shadow
}
cylinder {
	<4.130520, 14.362070, 14.147623>,  <3.742907, 14.319388, 14.058549>, 0.100000
	pigment { color rgbt <1,0,0,0> }
	no_shadow
}

// particle -1
sphere {
	<4.130520, 14.362070, 14.147623> 0.100000
	pigment { color rgbt <1,0,0,0> }
	no_shadow
}
sphere {
	0, 1
	scale<0.080000,0.200000,0.300000>
	matrix <0.216489, -0.800892, -0.558306,
		0.118775, 0.589226, -0.799191,
		0.969033, 0.106703, 0.222686,
		4.421230, 14.394081, 14.214429>
	pigment { color rgbt <0,1,1,0> }
	no_shadow
}
cylinder {
	<4.177983, 14.535755, 13.552611>,  <3.742907, 14.319388, 14.058549>, 0.130000
	pigment { color rgbt <1,0,0,0> }
	no_shadow
}

// nucleotide -1

// particle -1
sphere {
	<4.177983, 14.535755, 13.552611> 0.250000
	pigment { color rgbt <1,0,0,0> }
	no_shadow
}
cylinder {
	<4.281512, 14.257802, 13.820983>,  <4.343630, 14.091030, 13.982006>, 0.100000
	pigment { color rgbt <1,0,0,0> }
	no_shadow
}
cylinder {
	<4.281512, 14.257802, 13.820983>,  <4.177983, 14.535755, 13.552611>, 0.100000
	pigment { color rgbt <1,0,0,0> }
	no_shadow
}

// particle -1
sphere {
	<4.281512, 14.257802, 13.820983> 0.100000
	pigment { color rgbt <1,0,0,0> }
	no_shadow
}
sphere {
	0, 1
	scale<0.080000,0.200000,0.300000>
	matrix <0.129252, -0.663437, -0.736984,
		0.957238, 0.277467, -0.081897,
		0.258823, -0.694884, 0.670930,
		4.359159, 14.049336, 14.022262>
	pigment { color rgbt <0,1,1,0> }
	no_shadow
}
cylinder {
	<4.768876, 14.130194, 13.293107>,  <4.177983, 14.535755, 13.552611>, 0.130000
	pigment { color rgbt <1,0,0,0> }
	no_shadow
}

// nucleotide -1

// particle -1
sphere {
	<4.768876, 14.130194, 13.293107> 0.250000
	pigment { color rgbt <1,0,0,0> }
	no_shadow
}
cylinder {
	<4.547102, 13.915022, 13.547111>,  <4.414039, 13.785919, 13.699512>, 0.100000
	pigment { color rgbt <1,0,0,0> }
	no_shadow
}
cylinder {
	<4.547102, 13.915022, 13.547111>,  <4.768876, 14.130194, 13.293107>, 0.100000
	pigment { color rgbt <1,0,0,0> }
	no_shadow
}

// particle -1
sphere {
	<4.547102, 13.915022, 13.547111> 0.100000
	pigment { color rgbt <1,0,0,0> }
	no_shadow
}
sphere {
	0, 1
	scale<0.080000,0.200000,0.300000>
	matrix <0.015976, -0.769761, -0.638132,
		0.832075, -0.343656, 0.435374,
		-0.554432, -0.537930, 0.635009,
		4.380773, 13.753643, 13.737614>
	pigment { color rgbt <0,1,1,0> }
	no_shadow
}
cylinder {
	<4.983594, 13.431102, 13.274858>,  <4.768876, 14.130194, 13.293107>, 0.130000
	pigment { color rgbt <1,0,0,0> }
	no_shadow
}

// nucleotide -1

// particle -1
sphere {
	<4.983594, 13.431102, 13.274858> 0.250000
	pigment { color rgbt <1,0,0,0> }
	no_shadow
}
cylinder {
	<4.625888, 13.389709, 13.449022>,  <4.411264, 13.364873, 13.553521>, 0.100000
	pigment { color rgbt <1,0,0,0> }
	no_shadow
}
cylinder {
	<4.625888, 13.389709, 13.449022>,  <4.983594, 13.431102, 13.274858>, 0.100000
	pigment { color rgbt <1,0,0,0> }
	no_shadow
}

// particle -1
sphere {
	<4.625888, 13.389709, 13.449022> 0.100000
	pigment { color rgbt <1,0,0,0> }
	no_shadow
}
sphere {
	0, 1
	scale<0.080000,0.200000,0.300000>
	matrix <-0.116316, -0.885723, -0.449404,
		0.432159, -0.452532, 0.780034,
		-0.894264, -0.103483, 0.435410,
		4.357608, 13.358664, 13.579645>
	pigment { color rgbt <0,1,1,0> }
	no_shadow
}
cylinder {
	<4.987800, 12.729764, 13.444887>,  <4.983594, 13.431102, 13.274858>, 0.130000
	pigment { color rgbt <1,0,0,0> }
	no_shadow
}

// nucleotide -1

// particle -1
sphere {
	<4.987800, 12.729764, 13.444887> 0.250000
	pigment { color rgbt <1,0,0,0> }
	no_shadow
}
cylinder {
	<4.602301, 12.836067, 13.454403>,  <4.371002, 12.899849, 13.460113>, 0.100000
	pigment { color rgbt <1,0,0,0> }
	no_shadow
}
cylinder {
	<4.602301, 12.836067, 13.454403>,  <4.987800, 12.729764, 13.444887>, 0.100000
	pigment { color rgbt <1,0,0,0> }
	no_shadow
}

// particle -1
sphere {
	<4.602301, 12.836067, 13.454403> 0.100000
	pigment { color rgbt <1,0,0,0> }
	no_shadow
}
sphere {
	0, 1
	scale<0.080000,0.200000,0.300000>
	matrix <-0.233319, -0.796132, -0.558333,
		-0.129442, -0.543642, 0.829276,
		-0.963747, 0.265757, 0.023789,
		4.313177, 12.915794, 13.461539>
	pigment { color rgbt <0,1,1,0> }
	no_shadow
}
cylinder {
	<4.701015, 12.191507, 13.570410>,  <4.987800, 12.729764, 13.444887>, 0.130000
	pigment { color rgbt <1,0,0,0> }
	no_shadow
}

// nucleotide -1

// particle -1
sphere {
	<4.701015, 12.191507, 13.570410> 0.250000
	pigment { color rgbt <1,0,0,0> }
	no_shadow
}
cylinder {
	<4.384429, 12.386735, 13.423238>,  <4.194477, 12.503871, 13.334934>, 0.100000
	pigment { color rgbt <1,0,0,0> }
	no_shadow
}
cylinder {
	<4.384429, 12.386735, 13.423238>,  <4.701015, 12.191507, 13.570410>, 0.100000
	pigment { color rgbt <1,0,0,0> }
	no_shadow
}

// particle -1
sphere {
	<4.384429, 12.386735, 13.423238> 0.100000
	pigment { color rgbt <1,0,0,0> }
	no_shadow
}
sphere {
	0, 1
	scale<0.080000,0.200000,0.300000>
	matrix <-0.256384, -0.811550, -0.525028,
		-0.554842, -0.321210, 0.767446,
		-0.791466, 0.488068, -0.367929,
		4.146989, 12.533155, 13.312859>
	pigment { color rgbt <0,1,1,0> }
	no_shadow
}
cylinder {
	<3.992801, 11.744374, 13.703675>,  <4.701015, 12.191507, 13.570410>, 0.130000
	pigment { color rgbt <1,0,0,0> }
	no_shadow
}

// nucleotide -1

// particle -1
sphere {
	<3.992801, 11.744374, 13.703675> 0.250000
	pigment { color rgbt <1,0,0,0> }
	no_shadow
}
cylinder {
	<3.963179, 11.986735, 13.386842>,  <3.945406, 12.132152, 13.196741>, 0.100000
	pigment { color rgbt <1,0,0,0> }
	no_shadow
}
cylinder {
	<3.963179, 11.986735, 13.386842>,  <3.992801, 11.744374, 13.703675>, 0.100000
	pigment { color rgbt <1,0,0,0> }
	no_shadow
}

// particle -1
sphere {
	<3.963179, 11.986735, 13.386842> 0.100000
	pigment { color rgbt <1,0,0,0> }
	no_shadow
}
sphere {
	0, 1
	scale<0.080000,0.200000,0.300000>
	matrix <-0.307124, -0.769518, -0.559926,
		-0.948784, 0.201803, 0.243074,
		-0.074055, 0.605902, -0.792085,
		3.940963, 12.168506, 13.149217>
	pigment { color rgbt <0,1,1,0> }
	no_shadow
}
cylinder {
	<3.270955, 11.661802, 13.532411>,  <3.992801, 11.744374, 13.703675>, 0.130000
	pigment { color rgbt <1,0,0,0> }
	no_shadow
}

// nucleotide -1

// particle -1
sphere {
	<3.270955, 11.661802, 13.532411> 0.250000
	pigment { color rgbt <1,0,0,0> }
	no_shadow
}
cylinder {
	<3.426629, 11.825388, 13.202251>,  <3.520034, 11.923539, 13.004156>, 0.100000
	pigment { color rgbt <1,0,0,0> }
	no_shadow
}
cylinder {
	<3.426629, 11.825388, 13.202251>,  <3.270955, 11.661802, 13.532411>, 0.100000
	pigment { color rgbt <1,0,0,0> }
	no_shadow
}

// particle -1
sphere {
	<3.426629, 11.825388, 13.202251> 0.100000
	pigment { color rgbt <1,0,0,0> }
	no_shadow
}
sphere {
	0, 1
	scale<0.080000,0.200000,0.300000>
	matrix <-0.497653, -0.660680, -0.561999,
		-0.775162, 0.629484, -0.053606,
		0.389186, 0.408963, -0.825399,
		3.543385, 11.948077, 12.954632>
	pigment { color rgbt <0,1,1,0> }
	no_shadow
}
cylinder {
	<2.654160, 11.633406, 12.974507>,  <3.270955, 11.661802, 13.532411>, 0.130000
	pigment { color rgbt <1,0,0,0> }
	no_shadow
}

// nucleotide -1

// particle -1
sphere {
	<2.654160, 11.633406, 12.974507> 0.250000
	pigment { color rgbt <1,0,0,0> }
	no_shadow
}
cylinder {
	<2.989374, 11.688516, 12.763332>,  <3.190502, 11.721581, 12.636627>, 0.100000
	pigment { color rgbt <1,0,0,0> }
	no_shadow
}
cylinder {
	<2.989374, 11.688516, 12.763332>,  <2.654160, 11.633406, 12.974507>, 0.100000
	pigment { color rgbt <1,0,0,0> }
	no_shadow
}

// particle -1
sphere {
	<2.989374, 11.688516, 12.763332> 0.100000
	pigment { color rgbt <1,0,0,0> }
	no_shadow
}
sphere {
	0, 1
	scale<0.080000,0.200000,0.300000>
	matrix <-0.275893, -0.727779, -0.627871,
		-0.470727, 0.671830, -0.571891,
		0.838033, 0.137775, -0.527938,
		3.240784, 11.729848, 12.604951>
	pigment { color rgbt <0,1,1,0> }
	no_shadow
}
cylinder {
	<2.415850, 11.562572, 12.167832>,  <2.654160, 11.633406, 12.974507>, 0.130000
	pigment { color rgbt <1,0,0,0> }
	no_shadow
}

// nucleotide -1

// particle -1
sphere {
	<2.415850, 11.562572, 12.167832> 0.250000
	pigment { color rgbt <1,0,0,0> }
	no_shadow
}
cylinder {
	<2.815566, 11.547928, 12.164296>,  <3.055396, 11.539142, 12.162174>, 0.100000
	pigment { color rgbt <1,0,0,0> }
	no_shadow
}
cylinder {
	<2.815566, 11.547928, 12.164296>,  <2.415850, 11.562572, 12.167832>, 0.100000
	pigment { color rgbt <1,0,0,0> }
	no_shadow
}

// particle -1
sphere {
	<2.815566, 11.547928, 12.164296> 0.100000
	pigment { color rgbt <1,0,0,0> }
	no_shadow
}
sphere {
	0, 1
	scale<0.080000,0.200000,0.300000>
	matrix <-0.030499, -0.648906, -0.760257,
		0.022097, 0.759988, -0.649562,
		0.999291, -0.036611, -0.008840,
		3.115353, 11.536944, 12.161644>
	pigment { color rgbt <0,1,1,0> }
	no_shadow
}
cylinder {
	<2.702411, 11.864386, 11.511207>,  <2.415850, 11.562572, 12.167832>, 0.130000
	pigment { color rgbt <1,0,0,0> }
	no_shadow
}

// nucleotide -1

// particle -1
sphere {
	<2.702411, 11.864386, 11.511207> 0.250000
	pigment { color rgbt <1,0,0,0> }
	no_shadow
}
cylinder {
	<2.945919, 11.600462, 11.687412>,  <3.092023, 11.442108, 11.793136>, 0.100000
	pigment { color rgbt <1,0,0,0> }
	no_shadow
}
cylinder {
	<2.945919, 11.600462, 11.687412>,  <2.702411, 11.864386, 11.511207>, 0.100000
	pigment { color rgbt <1,0,0,0> }
	no_shadow
}

// particle -1
sphere {
	<2.945919, 11.600462, 11.687412> 0.100000
	pigment { color rgbt <1,0,0,0> }
	no_shadow
}
sphere {
	0, 1
	scale<0.080000,0.200000,0.300000>
	matrix <-0.072537, -0.599226, -0.797287,
		0.790024, 0.453411, -0.412651,
		0.608770, -0.659808, 0.440514,
		3.128550, 11.402519, 11.819567>
	pigment { color rgbt <0,1,1,0> }
	no_shadow
}
cylinder {
	<3.283319, 11.747396, 10.999684>,  <2.702411, 11.864386, 11.511207>, 0.130000
	pigment { color rgbt <1,0,0,0> }
	no_shadow
}

// nucleotide -1

// particle -1
sphere {
	<3.283319, 11.747396, 10.999684> 0.250000
	pigment { color rgbt <1,0,0,0> }
	no_shadow
}
cylinder {
	<3.312778, 11.430546, 11.242043>,  <3.330453, 11.240436, 11.387459>, 0.100000
	pigment { color rgbt <1,0,0,0> }
	no_shadow
}
cylinder {
	<3.312778, 11.430546, 11.242043>,  <3.283319, 11.747396, 10.999684>, 0.100000
	pigment { color rgbt <1,0,0,0> }
	no_shadow
}

// particle -1
sphere {
	<3.312778, 11.430546, 11.242043> 0.100000
	pigment { color rgbt <1,0,0,0> }
	no_shadow
}
sphere {
	0, 1
	scale<0.080000,0.200000,0.300000>
	matrix <0.359406, -0.545642, -0.757035,
		0.930271, 0.273517, 0.244509,
		0.073648, -0.792125, 0.605899,
		3.334872, 11.192908, 11.423813>
	pigment { color rgbt <0,1,1,0> }
	no_shadow
}
cylinder {
	<3.891427, 11.374028, 10.762774>,  <3.283319, 11.747396, 10.999684>, 0.130000
	pigment { color rgbt <1,0,0,0> }
	no_shadow
}

// nucleotide -1

// particle -1
sphere {
	<3.891427, 11.374028, 10.762774> 0.250000
	pigment { color rgbt <1,0,0,0> }
	no_shadow
}
cylinder {
	<3.699146, 11.103497, 10.986024>,  <3.583777, 10.941177, 11.119974>, 0.100000
	pigment { color rgbt <1,0,0,0> }
	no_shadow
}
cylinder {
	<3.699146, 11.103497, 10.986024>,  <3.891427, 11.374028, 10.762774>, 0.100000
	pigment { color rgbt <1,0,0,0> }
	no_shadow
}

// particle -1
sphere {
	<3.699146, 11.103497, 10.986024> 0.100000
	pigment { color rgbt <1,0,0,0> }
	no_shadow
}
sphere {
	0, 1
	scale<0.080000,0.200000,0.300000>
	matrix <0.190015, -0.701705, -0.686662,
		0.856049, -0.224028, 0.465824,
		-0.480702, -0.676330, 0.558124,
		3.554935, 10.900598, 11.153461>
	pigment { color rgbt <0,1,1,0> }
	no_shadow
}
cylinder {
	<4.354261, 10.764211, 10.770417>,  <3.891427, 11.374028, 10.762774>, 0.130000
	pigment { color rgbt <1,0,0,0> }
	no_shadow
}

// nucleotide -1

// particle -1
sphere {
	<4.354261, 10.764211, 10.770417> 0.250000
	pigment { color rgbt <1,0,0,0> }
	no_shadow
}
cylinder {
	<3.983131, 10.649013, 10.865243>,  <3.760453, 10.579894, 10.922138>, 0.100000
	pigment { color rgbt <1,0,0,0> }
	no_shadow
}
cylinder {
	<3.983131, 10.649013, 10.865243>,  <4.354261, 10.764211, 10.770417>, 0.100000
	pigment { color rgbt <1,0,0,0> }
	no_shadow
}

// particle -1
sphere {
	<3.983131, 10.649013, 10.865243> 0.100000
	pigment { color rgbt <1,0,0,0> }
	no_shadow
}
sphere {
	0, 1
	scale<0.080000,0.200000,0.300000>
	matrix <0.079144, -0.773053, -0.629385,
		0.364523, -0.565197, 0.740051,
		-0.927825, -0.287996, 0.237064,
		3.704784, 10.562613, 10.936362>
	pigment { color rgbt <0,1,1,0> }
	no_shadow
}
cylinder {
	<4.417221, 10.002896, 10.990958>,  <4.354261, 10.764211, 10.770417>, 0.130000
	pigment { color rgbt <1,0,0,0> }
	no_shadow
}

// nucleotide -1

// particle -1
sphere {
	<4.417221, 10.002896, 10.990958> 0.250000
	pigment { color rgbt <1,0,0,0> }
	no_shadow
}
cylinder {
	<4.037205, 10.062336, 10.881162>,  <3.809196, 10.098000, 10.815284>, 0.100000
	pigment { color rgbt <1,0,0,0> }
	no_shadow
}
cylinder {
	<4.037205, 10.062336, 10.881162>,  <4.417221, 10.002896, 10.990958>, 0.100000
	pigment { color rgbt <1,0,0,0> }
	no_shadow
}

// particle -1
sphere {
	<4.037205, 10.062336, 10.881162> 0.100000
	pigment { color rgbt <1,0,0,0> }
	no_shadow
}
sphere {
	0, 1
	scale<0.080000,0.200000,0.300000>
	matrix <0.089223, -0.713424, -0.695029,
		-0.299108, -0.684795, 0.664522,
		-0.950039, 0.148598, -0.274490,
		3.752194, 10.106915, 10.798815>
	pigment { color rgbt <0,1,1,0> }
	no_shadow
}
cylinder {
	<4.177385, 9.307923, 10.984607>,  <4.417221, 10.002896, 10.990958>, 0.130000
	pigment { color rgbt <1,0,0,0> }
	no_shadow
}

// nucleotide -1

// particle -1
sphere {
	<4.177385, 9.307923, 10.984607> 0.250000
	pigment { color rgbt <1,0,0,0> }
	no_shadow
}
cylinder {
	<3.913201, 9.522818, 10.774780>,  <3.754691, 9.651754, 10.648885>, 0.100000
	pigment { color rgbt <1,0,0,0> }
	no_shadow
}
cylinder {
	<3.913201, 9.522818, 10.774780>,  <4.177385, 9.307923, 10.984607>, 0.100000
	pigment { color rgbt <1,0,0,0> }
	no_shadow
}

// particle -1
sphere {
	<3.913201, 9.522818, 10.774780> 0.100000
	pigment { color rgbt <1,0,0,0> }
	no_shadow
}
sphere {
	0, 1
	scale<0.080000,0.200000,0.300000>
	matrix <0.034750, -0.676001, -0.736081,
		-0.750056, -0.504382, 0.427803,
		-0.660461, 0.537235, -0.524566,
		3.715063, 9.683989, 10.617411>
	pigment { color rgbt <0,1,1,0> }
	no_shadow
}
cylinder {
	<3.737669, 8.767011, 10.621439>,  <4.177385, 9.307923, 10.984607>, 0.130000
	pigment { color rgbt <1,0,0,0> }
	no_shadow
}

// nucleotide -1

// particle -1
sphere {
	<3.737669, 8.767011, 10.621439> 0.250000
	pigment { color rgbt <1,0,0,0> }
	no_shadow
}
cylinder {
	<3.695689, 9.106246, 10.413695>,  <3.670502, 9.309787, 10.289049>, 0.100000
	pigment { color rgbt <1,0,0,0> }
	no_shadow
}
cylinder {
	<3.695689, 9.106246, 10.413695>,  <3.737669, 8.767011, 10.621439>, 0.100000
	pigment { color rgbt <1,0,0,0> }
	no_shadow
}

// particle -1
sphere {
	<3.695689, 9.106246, 10.413695> 0.100000
	pigment { color rgbt <1,0,0,0> }
	no_shadow
}
sphere {
	0, 1
	scale<0.080000,0.200000,0.300000>
	matrix <0.071232, -0.514490, -0.854532,
		-0.991923, -0.126677, -0.006416,
		-0.104949, 0.848088, -0.519358,
		3.664205, 9.360672, 10.257888>
	pigment { color rgbt <0,1,1,0> }
	no_shadow
}
cylinder {
	<3.143409, 8.730894, 10.240462>,  <3.737669, 8.767011, 10.621439>, 0.130000
	pigment { color rgbt <1,0,0,0> }
	no_shadow
}

// nucleotide -1

// particle -1
sphere {
	<3.143409, 8.730894, 10.240462> 0.250000
	pigment { color rgbt <1,0,0,0> }
	no_shadow
}
cylinder {
	<3.361693, 8.998761, 10.038970>,  <3.492664, 9.159481, 9.918075>, 0.100000
	pigment { color rgbt <1,0,0,0> }
	no_shadow
}
cylinder {
	<3.361693, 8.998761, 10.038970>,  <3.143409, 8.730894, 10.240462>, 0.100000
	pigment { color rgbt <1,0,0,0> }
	no_shadow
}

// particle -1
sphere {
	<3.361693, 8.998761, 10.038970> 0.100000
	pigment { color rgbt <1,0,0,0> }
	no_shadow
}
sphere {
	0, 1
	scale<0.080000,0.200000,0.300000>
	matrix <-0.101925, -0.543622, -0.833119,
		-0.831752, 0.505984, -0.228405,
		0.545711, 0.669668, -0.503731,
		3.525407, 9.199661, 9.887851>
	pigment { color rgbt <0,1,1,0> }
	no_shadow
}
cylinder {
	<2.773353, 8.914068, 9.624847>,  <3.143409, 8.730894, 10.240462>, 0.130000
	pigment { color rgbt <1,0,0,0> }
	no_shadow
}

// nucleotide -1

// particle -1
sphere {
	<2.773353, 8.914068, 9.624847> 0.250000
	pigment { color rgbt <1,0,0,0> }
	no_shadow
}
cylinder {
	<3.158848, 8.984753, 9.544865>,  <3.390145, 9.027164, 9.496875>, 0.100000
	pigment { color rgbt <1,0,0,0> }
	no_shadow
}
cylinder {
	<3.158848, 8.984753, 9.544865>,  <2.773353, 8.914068, 9.624847>, 0.100000
	pigment { color rgbt <1,0,0,0> }
	no_shadow
}

// particle -1
sphere {
	<3.158848, 8.984753, 9.544865> 0.100000
	pigment { color rgbt <1,0,0,0> }
	no_shadow
}
sphere {
	0, 1
	scale<0.080000,0.200000,0.300000>
	matrix <-0.053814, -0.605224, -0.794234,
		-0.261369, 0.776194, -0.573768,
		0.963738, 0.176711, -0.199957,
		3.447969, 9.037766, 9.484878>
	pigment { color rgbt <0,1,1,0> }
	no_shadow
}
cylinder {
	<2.678483, 8.998438, 9.012546>,  <2.773353, 8.914068, 9.624847>, 0.130000
	pigment { color rgbt <1,0,0,0> }
	no_shadow
}

// nucleotide -1

// particle -1
sphere {
	<2.678483, 8.998438, 9.012546> 0.250000
	pigment { color rgbt <1,0,0,0> }
	no_shadow
}
cylinder {
	<3.072518, 8.935616, 9.040652>,  <3.308939, 8.897923, 9.057516>, 0.100000
	pigment { color rgbt <1,0,0,0> }
	no_shadow
}
cylinder {
	<3.072518, 8.935616, 9.040652>,  <2.678483, 8.998438, 9.012546>, 0.100000
	pigment { color rgbt <1,0,0,0> }
	no_shadow
}

// particle -1
sphere {
	<3.072518, 8.935616, 9.040652> 0.100000
	pigment { color rgbt <1,0,0,0> }
	no_shadow
}
sphere {
	0, 1
	scale<0.080000,0.200000,0.300000>
	matrix <-0.024213, -0.530864, -0.847111,
		0.170344, 0.832777, -0.526750,
		0.985087, -0.157055, 0.070266,
		3.368044, 8.888500, 9.061732>
	pigment { color rgbt <0,1,1,0> }
	no_shadow
}
cylinder {
	<2.879914, 9.018235, 8.365673>,  <2.678483, 8.998438, 9.012546>, 0.130000
	pigment { color rgbt <1,0,0,0> }
	no_shadow
}

// nucleotide -1

// particle -1
sphere {
	<2.879914, 9.018235, 8.365673> 0.250000
	pigment { color rgbt <1,0,0,0> }
	no_shadow
}
cylinder {
	<3.191632, 8.831927, 8.533367>,  <3.378663, 8.720142, 8.633984>, 0.100000
	pigment { color rgbt <1,0,0,0> }
	no_shadow
}
cylinder {
	<3.191632, 8.831927, 8.533367>,  <2.879914, 9.018235, 8.365673>, 0.100000
	pigment { color rgbt <1,0,0,0> }
	no_shadow
}

// particle -1
sphere {
	<3.191632, 8.831927, 8.533367> 0.100000
	pigment { color rgbt <1,0,0,0> }
	no_shadow
}
sphere {
	0, 1
	scale<0.080000,0.200000,0.300000>
	matrix <-0.127725, -0.773016, -0.621396,
		0.613503, 0.430704, -0.661898,
		0.779295, -0.465769, 0.419235,
		3.425421, 8.692197, 8.659138>
	pigment { color rgbt <0,1,1,0> }
	no_shadow
}
cylinder {
	<3.293901, 8.784915, 7.826797>,  <2.879914, 9.018235, 8.365673>, 0.130000
	pigment { color rgbt <1,0,0,0> }
	no_shadow
}

// nucleotide -1

// particle -1
sphere {
	<3.293901, 8.784915, 7.826797> 0.250000
	pigment { color rgbt <1,0,0,0> }
	no_shadow
}
cylinder {
	<3.382261, 8.570303, 8.152580>,  <3.435277, 8.441536, 8.348050>, 0.100000
	pigment { color rgbt <1,0,0,0> }
	no_shadow
}
cylinder {
	<3.382261, 8.570303, 8.152580>,  <3.293901, 8.784915, 7.826797>, 0.100000
	pigment { color rgbt <1,0,0,0> }
	no_shadow
}

// particle -1
sphere {
	<3.382261, 8.570303, 8.152580> 0.100000
	pigment { color rgbt <1,0,0,0> }
	no_shadow
}
sphere {
	0, 1
	scale<0.080000,0.200000,0.300000>
	matrix <-0.024075, -0.837831, -0.545398,
		0.974999, 0.100870, -0.197994,
		0.220900, -0.536530, 0.814457,
		3.448530, 8.409344, 8.396917>
	pigment { color rgbt <0,1,1,0> }
	no_shadow
}
cylinder {
	<3.956169, 8.370015, 7.736070>,  <3.293901, 8.784915, 7.826797>, 0.130000
	pigment { color rgbt <1,0,0,0> }
	no_shadow
}

// nucleotide -1

// particle -1
sphere {
	<3.956169, 8.370015, 7.736070> 0.250000
	pigment { color rgbt <1,0,0,0> }
	no_shadow
}
cylinder {
	<3.663480, 8.201489, 7.950388>,  <3.487867, 8.100374, 8.078979>, 0.100000
	pigment { color rgbt <1,0,0,0> }
	no_shadow
}
cylinder {
	<3.663480, 8.201489, 7.950388>,  <3.956169, 8.370015, 7.736070>, 0.100000
	pigment { color rgbt <1,0,0,0> }
	no_shadow
}

// particle -1
sphere {
	<3.663480, 8.201489, 7.950388> 0.100000
	pigment { color rgbt <1,0,0,0> }
	no_shadow
}
sphere {
	0, 1
	scale<0.080000,0.200000,0.300000>
	matrix <0.054414, -0.819680, -0.570232,
		0.679429, -0.388096, 0.622702,
		-0.731721, -0.421315, 0.535796,
		3.443964, 8.075095, 8.111127>
	pigment { color rgbt <0,1,1,0> }
	no_shadow
}
cylinder {
	<4.194709, 7.754860, 8.000535>,  <3.956169, 8.370015, 7.736070>, 0.130000
	pigment { color rgbt <1,0,0,0> }
	no_shadow
}

// nucleotide -1

// particle -1
sphere {
	<4.194709, 7.754860, 8.000535> 0.250000
	pigment { color rgbt <1,0,0,0> }
	no_shadow
}
cylinder {
	<3.794979, 7.749833, 7.986736>,  <3.555141, 7.746817, 7.978456>, 0.100000
	pigment { color rgbt <1,0,0,0> }
	no_shadow
}
cylinder {
	<3.794979, 7.749833, 7.986736>,  <4.194709, 7.754860, 8.000535>, 0.100000
	pigment { color rgbt <1,0,0,0> }
	no_shadow
}

// particle -1
sphere {
	<3.794979, 7.749833, 7.986736> 0.100000
	pigment { color rgbt <1,0,0,0> }
	no_shadow
}
sphere {
	0, 1
	scale<0.080000,0.200000,0.300000>
	matrix <0.028870, -0.849510, -0.526782,
		-0.022686, -0.527423, 0.849300,
		-0.999326, -0.012568, -0.034499,
		3.495181, 7.746063, 7.976386>
	pigment { color rgbt <0,1,1,0> }
	no_shadow
}
cylinder {
	<4.851515, 8.007411, 7.715015>,  <4.194709, 7.754860, 8.000535>, 0.130000
	pigment { color rgbt <1,0,0,0> }
	no_shadow
}

// nucleotide -1

// particle -1
sphere {
	<4.851515, 8.007411, 7.715015> 0.250000
	pigment { color rgbt <1,0,0,0> }
	no_shadow
}
cylinder {
	<5.138653, 7.745862, 7.619390>,  <5.310935, 7.588933, 7.562016>, 0.100000
	pigment { color rgbt <1,0,0,0> }
	no_shadow
}
cylinder {
	<5.138653, 7.745862, 7.619390>,  <4.851515, 8.007411, 7.715015>, 0.100000
	pigment { color rgbt <1,0,0,0> }
	no_shadow
}

// particle -1
sphere {
	<5.138653, 7.745862, 7.619390> 0.100000
	pigment { color rgbt <1,0,0,0> }
	no_shadow
}
sphere {
	0, 1
	scale<0.080000,0.200000,0.300000>
	matrix <0.273146, 0.580359, -0.767186,
		0.640383, 0.485422, 0.595210,
		0.717845, -0.653872, -0.239061,
		5.354006, 7.549700, 7.547672>
	pigment { color rgbt <0,1,1,0> }
	no_shadow
}
cylinder {
	<5.270324, 8.300555, 7.078647>,  <4.851515, 8.007411, 7.715015>, 0.130000
	pigment { color rgbt <1,0,0,0> }
	no_shadow
}

// nucleotide -1

// particle -1
sphere {
	<5.270324, 8.300555, 7.078647> 0.250000
	pigment { color rgbt <1,0,0,0> }
	no_shadow
}
cylinder {
	<5.191833, 8.420917, 7.451946>,  <5.144738, 8.493134, 7.675926>, 0.100000
	pigment { color rgbt <1,0,0,0> }
	no_shadow
}
cylinder {
	<5.191833, 8.420917, 7.451946>,  <5.270324, 8.300555, 7.078647>, 0.100000
	pigment { color rgbt <1,0,0,0> }
	no_shadow
}

// particle -1
sphere {
	<5.191833, 8.420917, 7.451946> 0.100000
	pigment { color rgbt <1,0,0,0> }
	no_shadow
}
sphere {
	0, 1
	scale<0.080000,0.200000,0.300000>
	matrix <0.958936, -0.139880, 0.246730,
		0.204785, 0.943340, -0.261098,
		-0.196228, 0.300903, 0.933248,
		5.132964, 8.511188, 7.731921>
	pigment { color rgbt <0,1,1,0> }
	no_shadow
}
cylinder {
	<5.902360, 8.716371, 7.253138>,  <5.270324, 8.300555, 7.078647>, 0.130000
	pigment { color rgbt <1,0,0,0> }
	no_shadow
}

// nucleotide -1

// particle -1
sphere {
	<5.902360, 8.716371, 7.253138> 0.250000
	pigment { color rgbt <1,0,0,0> }
	no_shadow
}
cylinder {
	<5.704626, 8.567350, 7.567295>,  <5.585985, 8.477939, 7.755788>, 0.100000
	pigment { color rgbt <1,0,0,0> }
	no_shadow
}
cylinder {
	<5.704626, 8.567350, 7.567295>,  <5.902360, 8.716371, 7.253138>, 0.100000
	pigment { color rgbt <1,0,0,0> }
	no_shadow
}

// particle -1
sphere {
	<5.704626, 8.567350, 7.567295> 0.100000
	pigment { color rgbt <1,0,0,0> }
	no_shadow
}
sphere {
	0, 1
	scale<0.080000,0.200000,0.300000>
	matrix <0.853475, -0.036550, 0.519851,
		-0.164964, 0.927292, 0.336030,
		-0.494336, -0.372550, 0.785391,
		5.556325, 8.455585, 7.802912>
	pigment { color rgbt <0,1,1,0> }
	no_shadow
}
cylinder {
	<6.112051, 9.025524, 8.006056>,  <5.902360, 8.716371, 7.253138>, 0.130000
	pigment { color rgbt <1,0,0,0> }
	no_shadow
}

// nucleotide -1

// particle -1
sphere {
	<6.112051, 9.025524, 8.006056> 0.250000
	pigment { color rgbt <1,0,0,0> }
	no_shadow
}
cylinder {
	<5.968631, 8.652193, 7.998696>,  <5.882578, 8.428194, 7.994280>, 0.100000
	pigment { color rgbt <1,0,0,0> }
	no_shadow
}
cylinder {
	<5.968631, 8.652193, 7.998696>,  <6.112051, 9.025524, 8.006056>, 0.100000
	pigment { color rgbt <1,0,0,0> }
	no_shadow
}

// particle -1
sphere {
	<5.968631, 8.652193, 7.998696> 0.100000
	pigment { color rgbt <1,0,0,0> }
	no_shadow
}
sphere {
	0, 1
	scale<0.080000,0.200000,0.300000>
	matrix <0.854955, -0.336230, 0.394969,
		-0.374823, 0.125885, 0.918510,
		-0.358551, -0.933329, -0.018400,
		5.861065, 8.372194, 7.993176>
	pigment { color rgbt <0,1,1,0> }
	no_shadow
}
cylinder {
	<6.715448, 8.799957, 7.625003>,  <6.112051, 9.025524, 8.006056>, 0.130000
	pigment { color rgbt <1,0,0,0> }
	no_shadow
}

// nucleotide -1

// particle -1
sphere {
	<6.715448, 8.799957, 7.625003> 0.250000
	pigment { color rgbt <1,0,0,0> }
	no_shadow
}
cylinder {
	<7.073039, 8.623757, 7.657905>,  <7.287593, 8.518038, 7.677647>, 0.100000
	pigment { color rgbt <1,0,0,0> }
	no_shadow
}
cylinder {
	<7.073039, 8.623757, 7.657905>,  <6.715448, 8.799957, 7.625003>, 0.100000
	pigment { color rgbt <1,0,0,0> }
	no_shadow
}

// particle -1
sphere {
	<7.073039, 8.623757, 7.657905> 0.100000
	pigment { color rgbt <1,0,0,0> }
	no_shadow
}
sphere {
	0, 1
	scale<0.080000,0.200000,0.300000>
	matrix <-0.078209, 0.027369, 0.996561,
		-0.441237, -0.897335, -0.009984,
		0.893976, -0.440500, 0.082256,
		7.341231, 8.491608, 7.682582>
	pigment { color rgbt <0,1,1,0> }
	no_shadow
}
cylinder {
	<6.514592, 8.317008, 8.104318>,  <6.715448, 8.799957, 7.625003>, 0.130000
	pigment { color rgbt <1,0,0,0> }
	no_shadow
}

// nucleotide -1

// particle -1
sphere {
	<6.514592, 8.317008, 8.104318> 0.250000
	pigment { color rgbt <1,0,0,0> }
	no_shadow
}
cylinder {
	<6.902204, 8.415175, 8.115279>,  <7.134771, 8.474075, 8.121856>, 0.100000
	pigment { color rgbt <1,0,0,0> }
	no_shadow
}
cylinder {
	<6.902204, 8.415175, 8.115279>,  <6.514592, 8.317008, 8.104318>, 0.100000
	pigment { color rgbt <1,0,0,0> }
	no_shadow
}

// particle -1
sphere {
	<6.902204, 8.415175, 8.115279> 0.100000
	pigment { color rgbt <1,0,0,0> }
	no_shadow
}
sphere {
	0, 1
	scale<0.080000,0.200000,0.300000>
	matrix <-0.064537, 0.144568, 0.987388,
		0.238360, -0.958577, 0.155929,
		0.969030, 0.245417, 0.027404,
		7.192913, 8.488801, 8.123501>
	pigment { color rgbt <0,1,1,0> }
	no_shadow
}
cylinder {
	<6.767630, 8.135734, 8.767626>,  <6.514592, 8.317008, 8.104318>, 0.130000
	pigment { color rgbt <1,0,0,0> }
	no_shadow
}

// nucleotide -1

// particle -1
sphere {
	<6.767630, 8.135734, 8.767626> 0.250000
	pigment { color rgbt <1,0,0,0> }
	no_shadow
}
cylinder {
	<7.058075, 8.383699, 8.648651>,  <7.232342, 8.532478, 8.577266>, 0.100000
	pigment { color rgbt <1,0,0,0> }
	no_shadow
}
cylinder {
	<7.058075, 8.383699, 8.648651>,  <6.767630, 8.135734, 8.767626>, 0.100000
	pigment { color rgbt <1,0,0,0> }
	no_shadow
}

// particle -1
sphere {
	<7.058075, 8.383699, 8.648651> 0.100000
	pigment { color rgbt <1,0,0,0> }
	no_shadow
}
sphere {
	0, 1
	scale<0.080000,0.200000,0.300000>
	matrix <0.110095, 0.322183, 0.940254,
		0.678706, -0.715475, 0.165691,
		0.726111, 0.619914, -0.297438,
		7.275908, 8.569674, 8.559420>
	pigment { color rgbt <0,1,1,0> }
	no_shadow
}
cylinder {
	<7.445953, 8.038222, 9.241529>,  <6.767630, 8.135734, 8.767626>, 0.130000
	pigment { color rgbt <1,0,0,0> }
	no_shadow
}

// nucleotide -1

// particle -1
sphere {
	<7.445953, 8.038222, 9.241529> 0.250000
	pigment { color rgbt <1,0,0,0> }
	no_shadow
}
cylinder {
	<7.391608, 8.405134, 9.091788>,  <7.359001, 8.625281, 9.001944>, 0.100000
	pigment { color rgbt <1,0,0,0> }
	no_shadow
}
cylinder {
	<7.391608, 8.405134, 9.091788>,  <7.445953, 8.038222, 9.241529>, 0.100000
	pigment { color rgbt <1,0,0,0> }
	no_shadow
}

// particle -1
sphere {
	<7.391608, 8.405134, 9.091788> 0.100000
	pigment { color rgbt <1,0,0,0> }
	no_shadow
}
sphere {
	0, 1
	scale<0.080000,0.200000,0.300000>
	matrix <-0.123234, 0.359276, 0.925059,
		0.983033, 0.171814, 0.064228,
		-0.135862, 0.917279, -0.374354,
		7.350850, 8.680318, 8.979482>
	pigment { color rgbt <0,1,1,0> }
	no_shadow
}
cylinder {
	<7.863651, 8.597499, 9.681571>,  <7.445953, 8.038222, 9.241529>, 0.130000
	pigment { color rgbt <1,0,0,0> }
	no_shadow
}

// nucleotide -1

// particle -1
sphere {
	<7.863651, 8.597499, 9.681571> 0.250000
	pigment { color rgbt <1,0,0,0> }
	no_shadow
}
cylinder {
	<7.576167, 8.783621, 9.474904>,  <7.403677, 8.895294, 9.350904>, 0.100000
	pigment { color rgbt <1,0,0,0> }
	no_shadow
}
cylinder {
	<7.576167, 8.783621, 9.474904>,  <7.863651, 8.597499, 9.681571>, 0.100000
	pigment { color rgbt <1,0,0,0> }
	no_shadow
}

// particle -1
sphere {
	<7.576167, 8.783621, 9.474904> 0.100000
	pigment { color rgbt <1,0,0,0> }
	no_shadow
}
sphere {
	0, 1
	scale<0.080000,0.200000,0.300000>
	matrix <-0.144321, 0.627062, 0.765483,
		0.680167, 0.624727, -0.383523,
		-0.718710, 0.465306, -0.516668,
		7.360554, 8.923213, 9.319903>
	pigment { color rgbt <0,1,1,0> }
	no_shadow
}
cylinder {
	<8.029070, 9.297745, 9.629340>,  <7.863651, 8.597499, 9.681571>, 0.130000
	pigment { color rgbt <1,0,0,0> }
	no_shadow
}

// nucleotide -1

// particle -1
sphere {
	<8.029070, 9.297745, 9.629340> 0.250000
	pigment { color rgbt <1,0,0,0> }
	no_shadow
}
cylinder {
	<7.631183, 9.301848, 9.588490>,  <7.392450, 9.304311, 9.563979>, 0.100000
	pigment { color rgbt <1,0,0,0> }
	no_shadow
}
cylinder {
	<7.631183, 9.301848, 9.588490>,  <8.029070, 9.297745, 9.629340>, 0.100000
	pigment { color rgbt <1,0,0,0> }
	no_shadow
}

// particle -1
sphere {
	<7.631183, 9.301848, 9.588490> 0.100000
	pigment { color rgbt <1,0,0,0> }
	no_shadow
}
sphere {
	0, 1
	scale<0.080000,0.200000,0.300000>
	matrix <-0.066138, 0.696831, 0.714179,
		0.078493, 0.717162, -0.692472,
		-0.994718, 0.010260, -0.102128,
		7.332767, 9.304926, 9.557851>
	pigment { color rgbt <0,1,1,0> }
	no_shadow
}
cylinder {
	<7.753809, 10.024281, 9.569285>,  <8.029070, 9.297745, 9.629340>, 0.130000
	pigment { color rgbt <1,0,0,0> }
	no_shadow
}

// nucleotide -1

// particle -1
sphere {
	<7.753809, 10.024281, 9.569285> 0.250000
	pigment { color rgbt <1,0,0,0> }
	no_shadow
}
cylinder {
	<7.412881, 9.843552, 9.674668>,  <7.208325, 9.735114, 9.737898>, 0.100000
	pigment { color rgbt <1,0,0,0> }
	no_shadow
}
cylinder {
	<7.412881, 9.843552, 9.674668>,  <7.753809, 10.024281, 9.569285>, 0.100000
	pigment { color rgbt <1,0,0,0> }
	no_shadow
}

// particle -1
sphere {
	<7.412881, 9.843552, 9.674668> 0.100000
	pigment { color rgbt <1,0,0,0> }
	no_shadow
}
sphere {
	0, 1
	scale<0.080000,0.200000,0.300000>
	matrix <-0.125968, 0.666225, 0.735035,
		-0.507626, 0.593297, -0.624752,
		-0.852319, -0.451821, 0.263456,
		7.157186, 9.708005, 9.753705>
	pigment { color rgbt <0,1,1,0> }
	no_shadow
}
cylinder {
	<7.212986, 10.572911, 9.697993>,  <7.753809, 10.024281, 9.569285>, 0.130000
	pigment { color rgbt <1,0,0,0> }
	no_shadow
}

// nucleotide -1

// particle -1
sphere {
	<7.212986, 10.572911, 9.697993> 0.250000
	pigment { color rgbt <1,0,0,0> }
	no_shadow
}
cylinder {
	<7.044240, 10.261524, 9.883904>,  <6.942992, 10.074692, 9.995451>, 0.100000
	pigment { color rgbt <1,0,0,0> }
	no_shadow
}
cylinder {
	<7.044240, 10.261524, 9.883904>,  <7.212986, 10.572911, 9.697993>, 0.100000
	pigment { color rgbt <1,0,0,0> }
	no_shadow
}

// particle -1
sphere {
	<7.044240, 10.261524, 9.883904> 0.100000
	pigment { color rgbt <1,0,0,0> }
	no_shadow
}
sphere {
	0, 1
	scale<0.080000,0.200000,0.300000>
	matrix <-0.026949, 0.523166, 0.851804,
		-0.906258, 0.346822, -0.241685,
		-0.421866, -0.778468, 0.464777,
		6.917680, 10.027984, 10.023337>
	pigment { color rgbt <0,1,1,0> }
	no_shadow
}
cylinder {
	<6.583807, 10.735637, 9.929689>,  <7.212986, 10.572911, 9.697993>, 0.130000
	pigment { color rgbt <1,0,0,0> }
	no_shadow
}

// nucleotide -1

// particle -1
sphere {
	<6.583807, 10.735637, 9.929689> 0.250000
	pigment { color rgbt <1,0,0,0> }
	no_shadow
}
cylinder {
	<6.675020, 10.432954, 10.174768>,  <6.729747, 10.251345, 10.321815>, 0.100000
	pigment { color rgbt <1,0,0,0> }
	no_shadow
}
cylinder {
	<6.675020, 10.432954, 10.174768>,  <6.583807, 10.735637, 9.929689>, 0.100000
	pigment { color rgbt <1,0,0,0> }
	no_shadow
}

// particle -1
sphere {
	<6.675020, 10.432954, 10.174768> 0.100000
	pigment { color rgbt <1,0,0,0> }
	no_shadow
}
sphere {
	0, 1
	scale<0.080000,0.200000,0.300000>
	matrix <-0.166179, 0.589795, 0.790270,
		-0.959368, -0.282024, 0.008743,
		0.228031, -0.756707, 0.612697,
		6.743429, 10.205942, 10.358578>
	pigment { color rgbt <0,1,1,0> }
	no_shadow
}
cylinder {
	<6.060606, 10.764266, 10.456452>,  <6.583807, 10.735637, 9.929689>, 0.130000
	pigment { color rgbt <1,0,0,0> }
	no_shadow
}

// nucleotide -1

// particle -1
sphere {
	<6.060606, 10.764266, 10.456452> 0.250000
	pigment { color rgbt <1,0,0,0> }
	no_shadow
}
cylinder {
	<6.338759, 10.526842, 10.618504>,  <6.505651, 10.384388, 10.715734>, 0.100000
	pigment { color rgbt <1,0,0,0> }
	no_shadow
}
cylinder {
	<6.338759, 10.526842, 10.618504>,  <6.060606, 10.764266, 10.456452>, 0.100000
	pigment { color rgbt <1,0,0,0> }
	no_shadow
}

// particle -1
sphere {
	<6.338759, 10.526842, 10.618504> 0.100000
	pigment { color rgbt <1,0,0,0> }
	no_shadow
}
sphere {
	0, 1
	scale<0.080000,0.200000,0.300000>
	matrix <-0.228341, 0.352032, 0.907708,
		-0.681397, -0.723712, 0.109263,
		0.695383, -0.593560, 0.405127,
		6.547375, 10.348774, 10.740042>
	pigment { color rgbt <0,1,1,0> }
	no_shadow
}
cylinder {
	<5.728966, 10.422717, 10.984267>,  <6.060606, 10.764266, 10.456452>, 0.130000
	pigment { color rgbt <1,0,0,0> }
	no_shadow
}

// nucleotide -1

// particle -1
sphere {
	<5.728966, 10.422717, 10.984267> 0.250000
	pigment { color rgbt <1,0,0,0> }
	no_shadow
}
cylinder {
	<6.122902, 10.391088, 11.046025>,  <6.359264, 10.372111, 11.083080>, 0.100000
	pigment { color rgbt <1,0,0,0> }
	no_shadow
}
cylinder {
	<6.122902, 10.391088, 11.046025>,  <5.728966, 10.422717, 10.984267>, 0.100000
	pigment { color rgbt <1,0,0,0> }
	no_shadow
}

// particle -1
sphere {
	<6.122902, 10.391088, 11.046025> 0.100000
	pigment { color rgbt <1,0,0,0> }
	no_shadow
}
sphere {
	0, 1
	scale<0.080000,0.200000,0.300000>
	matrix <-0.146217, 0.100483, 0.984136,
		-0.093330, -0.991792, 0.087398,
		0.984840, -0.079070, 0.154395,
		6.418355, 10.367368, 11.092343>
	pigment { color rgbt <0,1,1,0> }
	no_shadow
}
cylinder {
	<5.907931, 9.868279, 11.534760>,  <5.728966, 10.422717, 10.984267>, 0.130000
	pigment { color rgbt <1,0,0,0> }
	no_shadow
}

// nucleotide -1

// particle -1
sphere {
	<5.907931, 9.868279, 11.534760> 0.250000
	pigment { color rgbt <1,0,0,0> }
	no_shadow
}
cylinder {
	<6.224883, 10.111747, 11.518493>,  <6.415054, 10.257828, 11.508732>, 0.100000
	pigment { color rgbt <1,0,0,0> }
	no_shadow
}
cylinder {
	<6.224883, 10.111747, 11.518493>,  <5.907931, 9.868279, 11.534760>, 0.100000
	pigment { color rgbt <1,0,0,0> }
	no_shadow
}

// particle -1
sphere {
	<6.224883, 10.111747, 11.518493> 0.100000
	pigment { color rgbt <1,0,0,0> }
	no_shadow
}
sphere {
	0, 1
	scale<0.080000,0.200000,0.300000>
	matrix <-0.039693, 0.117970, 0.992224,
		0.608736, -0.784604, 0.117637,
		0.792380, 0.608671, -0.040669,
		6.462596, 10.294348, 11.506292>
	pigment { color rgbt <0,1,1,0> }
	no_shadow
}
cylinder {
	<6.398353, 9.650085, 12.101300>,  <5.907931, 9.868279, 11.534760>, 0.130000
	pigment { color rgbt <1,0,0,0> }
	no_shadow
}

// nucleotide -1

// particle -1
sphere {
	<6.398353, 9.650085, 12.101300> 0.250000
	pigment { color rgbt <1,0,0,0> }
	no_shadow
}
cylinder {
	<6.468193, 10.033362, 12.010628>,  <6.510097, 10.263329, 11.956224>, 0.100000
	pigment { color rgbt <1,0,0,0> }
	no_shadow
}
cylinder {
	<6.468193, 10.033362, 12.010628>,  <6.398353, 9.650085, 12.101300>, 0.100000
	pigment { color rgbt <1,0,0,0> }
	no_shadow
}

// particle -1
