// switches for output
#declare DRAW_BASES = 1; // possible values are 0, 1; only relevant for DNA ribbons
#declare DRAW_BASES_TYPE = 3; // possible values are 1, 2, 3; only relevant for DNA ribbons
#declare DRAW_FOG = 0; // set to 1 to enable fog

#include "colors.inc"

#include "transforms.inc"
background { rgb <1, 1, 1>}

#default {
   normal{
       ripples 0.25
       frequency 0.20
       turbulence 0.2
       lambda 5
   }
	finish {
		phong 0.1
		phong_size 40.
	}
}

// original window dimensions: 1024x640


// camera settings

camera {
	sky <0, 0.179814, -0.983701>
	up <0, 0.179814, -0.983701>
	right 1.6 * <1, 0, 0>
	location <25.469, 94.9851, 44.8844>
	look_at <25.469, 29.3977, 32.8955>
	direction <0, -65.5874, -11.9889>
	angle 67.0682
}


# declare cpy_camera_pos = <25.469, 94.9851, 44.8844>;
# if (DRAW_FOG = 1)
fog {
	fog_type 2
	up vnormalize(cpy_camera_pos)
	color rgbt<1,1,1,0.3>
	distance 1e-5
	fog_alt 3e-3
	fog_offset 28
}
# end


// LIGHTS

# declare lum = 6;
global_settings {
	ambient_light rgb lum * <0.05, 0.05, 0.05>
	max_trace_level 15
}# declare cpy_direct_light_amount = 0.25;
light_source
{	1000 * <-1, -1.16351, -0.803887>,
	rgb lum * cpy_direct_light_amount
	parallel
}

light_source
{	1000 * <1, 1.16351, 0.803887>,
	rgb lum * cpy_direct_light_amount
	parallel
}

// strand 0

// nucleotide -1

// particle -1
sphere {
	<4.227284, 14.796459, 14.817067> 0.250000
	pigment { color rgbt <1,0,0,0> }
	no_shadow
}
cylinder {
	<3.985497, 15.100009, 14.914002>,  <3.840425, 15.282139, 14.972163>, 0.100000
	pigment { color rgbt <1,0,0,0> }
	no_shadow
}
cylinder {
	<3.985497, 15.100009, 14.914002>,  <4.227284, 14.796459, 14.817067>, 0.100000
	pigment { color rgbt <1,0,0,0> }
	no_shadow
}

// particle -1
sphere {
	<3.985497, 15.100009, 14.914002> 0.100000
	pigment { color rgbt <1,0,0,0> }
	no_shadow
}
sphere {
	0, 1
	scale<0.080000,0.200000,0.300000>
	matrix <0.792315, 0.604321, 0.083871,
		-0.082802, 0.242706, -0.966560,
		-0.604468, 0.758875, 0.242338,
		3.804156, 15.327671, 14.986704>
	pigment { color rgbt <0,1,1,0> }
	no_shadow
}
cylinder {
	<4.306043, 14.120063, 14.595380>,  <4.227284, 14.796459, 14.817067>, 0.130000
	pigment { color rgbt <1,0,0,0> }
	no_shadow
}

// nucleotide -1

// particle -1
sphere {
	<4.306043, 14.120063, 14.595380> 0.250000
	pigment { color rgbt <1,0,0,0> }
	no_shadow
}
cylinder {
	<4.634085, 13.983937, 14.779387>,  <4.830910, 13.902262, 14.889791>, 0.100000
	pigment { color rgbt <1,0,0,0> }
	no_shadow
}
cylinder {
	<4.634085, 13.983937, 14.779387>,  <4.306043, 14.120063, 14.595380>, 0.100000
	pigment { color rgbt <1,0,0,0> }
	no_shadow
}

// particle -1
sphere {
	<4.634085, 13.983937, 14.779387> 0.100000
	pigment { color rgbt <1,0,0,0> }
	no_shadow
}
sphere {
	0, 1
	scale<0.080000,0.200000,0.300000>
	matrix <0.216144, -0.560129, -0.799711,
		0.529821, 0.755276, -0.385808,
		0.820105, -0.340313, 0.460016,
		4.880116, 13.881844, 14.917392>
	pigment { color rgbt <0,1,1,0> }
	no_shadow
}
cylinder {
	<4.732722, 14.184413, 14.115638>,  <4.306043, 14.120063, 14.595380>, 0.130000
	pigment { color rgbt <1,0,0,0> }
	no_shadow
}

// nucleotide -1

// particle -1
sphere {
	<4.732722, 14.184413, 14.115638> 0.250000
	pigment { color rgbt <1,0,0,0> }
	no_shadow
}
cylinder {
	<4.837956, 13.885047, 14.359166>,  <4.901096, 13.705427, 14.505283>, 0.100000
	pigment { color rgbt <1,0,0,0> }
	no_shadow
}
cylinder {
	<4.837956, 13.885047, 14.359166>,  <4.732722, 14.184413, 14.115638>, 0.100000
	pigment { color rgbt <1,0,0,0> }
	no_shadow
}

// particle -1
sphere {
	<4.837956, 13.885047, 14.359166> 0.100000
	pigment { color rgbt <1,0,0,0> }
	no_shadow
}
sphere {
	0, 1
	scale<0.080000,0.200000,0.300000>
	matrix <0.343247, -0.517151, -0.784051,
		0.901648, 0.415247, 0.120837,
		0.263084, -0.748415, 0.608820,
		4.916881, 13.660522, 14.541812>
	pigment { color rgbt <0,1,1,0> }
	no_shadow
}
cylinder {
	<5.360131, 14.061658, 13.893763>,  <4.732722, 14.184413, 14.115638>, 0.130000
	pigment { color rgbt <1,0,0,0> }
	no_shadow
}

// nucleotide -1

// particle -1
sphere {
	<5.360131, 14.061658, 13.893763> 0.250000
	pigment { color rgbt <1,0,0,0> }
	no_shadow
}
cylinder {
	<5.691813, 14.156102, 14.096414>,  <5.890822, 14.212769, 14.218004>, 0.100000
	pigment { color rgbt <1,0,0,0> }
	no_shadow
}
cylinder {
	<5.691813, 14.156102, 14.096414>,  <5.360131, 14.061658, 13.893763>, 0.100000
	pigment { color rgbt <1,0,0,0> }
	no_shadow
}

// particle -1
sphere {
	<5.691813, 14.156102, 14.096414> 0.100000
	pigment { color rgbt <1,0,0,0> }
	no_shadow
}
sphere {
	0, 1
	scale<0.080000,0.200000,0.300000>
	matrix <0.555980, -0.441660, -0.704147,
		0.057502, 0.865557, -0.497499,
		0.829204, 0.236110, 0.506629,
		5.940574, 14.226935, 14.248403>
	pigment { color rgbt <0,1,1,0> }
	no_shadow
}
cylinder {
	<5.889181, 14.317185, 13.456758>,  <5.360131, 14.061658, 13.893763>, 0.130000
	pigment { color rgbt <1,0,0,0> }
	no_shadow
}

// nucleotide -1

// particle -1
sphere {
	<5.889181, 14.317185, 13.456758> 0.250000
	pigment { color rgbt <1,0,0,0> }
	no_shadow
}
cylinder {
	<6.063113, 14.140448, 13.770623>,  <6.167473, 14.034405, 13.958942>, 0.100000
	pigment { color rgbt <1,0,0,0> }
	no_shadow
}
cylinder {
	<6.063113, 14.140448, 13.770623>,  <5.889181, 14.317185, 13.456758>, 0.100000
	pigment { color rgbt <1,0,0,0> }
	no_shadow
}

// particle -1
sphere {
	<6.063113, 14.140448, 13.770623> 0.100000
	pigment { color rgbt <1,0,0,0> }
	no_shadow
}
sphere {
	0, 1
	scale<0.080000,0.200000,0.300000>
	matrix <0.473864, -0.628685, -0.616610,
		0.765751, 0.639945, -0.063998,
		0.434831, -0.441844, 0.784663,
		6.193563, 14.007895, 14.006022>
	pigment { color rgbt <0,1,1,0> }
	no_shadow
}
cylinder {
	<6.590607, 14.228538, 13.234637>,  <5.889181, 14.317185, 13.456758>, 0.130000
	pigment { color rgbt <1,0,0,0> }
	no_shadow
}

// nucleotide -1

// particle -1
sphere {
	<6.590607, 14.228538, 13.234637> 0.250000
	pigment { color rgbt <1,0,0,0> }
	no_shadow
}
cylinder {
	<6.507121, 13.972845, 13.530697>,  <6.457029, 13.819429, 13.708333>, 0.100000
	pigment { color rgbt <1,0,0,0> }
	no_shadow
}
cylinder {
	<6.507121, 13.972845, 13.530697>,  <6.590607, 14.228538, 13.234637>, 0.100000
	pigment { color rgbt <1,0,0,0> }
	no_shadow
}

// particle -1
sphere {
	<6.507121, 13.972845, 13.530697> 0.100000
	pigment { color rgbt <1,0,0,0> }
	no_shadow
}
sphere {
	0, 1
	scale<0.080000,0.200000,0.300000>
	matrix <0.363475, -0.753308, -0.548099,
		0.907923, 0.154630, 0.389571,
		-0.208715, -0.639231, 0.740150,
		6.444506, 13.781075, 13.752742>
	pigment { color rgbt <0,1,1,0> }
	no_shadow
}
cylinder {
	<7.100594, 13.688109, 13.100846>,  <6.590607, 14.228538, 13.234637>, 0.130000
	pigment { color rgbt <1,0,0,0> }
	no_shadow
}

// nucleotide -1

// particle -1
sphere {
	<7.100594, 13.688109, 13.100846> 0.250000
	pigment { color rgbt <1,0,0,0> }
	no_shadow
}
cylinder {
	<6.818958, 13.537515, 13.341684>,  <6.649977, 13.447158, 13.486187>, 0.100000
	pigment { color rgbt <1,0,0,0> }
	no_shadow
}
cylinder {
	<6.818958, 13.537515, 13.341684>,  <7.100594, 13.688109, 13.100846>, 0.100000
	pigment { color rgbt <1,0,0,0> }
	no_shadow
}

// particle -1
sphere {
	<6.818958, 13.537515, 13.341684> 0.100000
	pigment { color rgbt <1,0,0,0> }
	no_shadow
}
sphere {
	0, 1
	scale<0.080000,0.200000,0.300000>
	matrix <0.162420, -0.910791, -0.379578,
		0.691288, -0.169464, 0.702426,
		-0.704088, -0.376486, 0.602095,
		6.607732, 13.424569, 13.522313>
	pigment { color rgbt <0,1,1,0> }
	no_shadow
}
cylinder {
	<7.395775, 13.026236, 13.143143>,  <7.100594, 13.688109, 13.100846>, 0.130000
	pigment { color rgbt <1,0,0,0> }
	no_shadow
}

// nucleotide -1

// particle -1
sphere {
	<7.395775, 13.026236, 13.143143> 0.250000
	pigment { color rgbt <1,0,0,0> }
	no_shadow
}
cylinder {
	<7.029639, 12.974673, 13.295740>,  <6.809958, 12.943736, 13.387299>, 0.100000
	pigment { color rgbt <1,0,0,0> }
	no_shadow
}
cylinder {
	<7.029639, 12.974673, 13.295740>,  <7.395775, 13.026236, 13.143143>, 0.100000
	pigment { color rgbt <1,0,0,0> }
	no_shadow
}

// particle -1
sphere {
	<7.029639, 12.974673, 13.295740> 0.100000
	pigment { color rgbt <1,0,0,0> }
	no_shadow
}
sphere {
	0, 1
	scale<0.080000,0.200000,0.300000>
	matrix <-0.030573, -0.922396, -0.385032,
		0.401522, -0.364099, 0.840364,
		-0.915339, -0.128906, 0.381494,
		6.755037, 12.936002, 13.410189>
	pigment { color rgbt <0,1,1,0> }
	no_shadow
}
cylinder {
	<7.382045, 12.358509, 13.579647>,  <7.395775, 13.026236, 13.143143>, 0.130000
	pigment { color rgbt <1,0,0,0> }
	no_shadow
}

// nucleotide -1

// particle -1
sphere {
	<7.382045, 12.358509, 13.579647> 0.250000
	pigment { color rgbt <1,0,0,0> }
	no_shadow
}
cylinder {
	<7.011052, 12.435060, 13.451178>,  <6.788456, 12.480989, 13.374096>, 0.100000
	pigment { color rgbt <1,0,0,0> }
	no_shadow
}
cylinder {
	<7.011052, 12.435060, 13.451178>,  <7.382045, 12.358509, 13.579647>, 0.100000
	pigment { color rgbt <1,0,0,0> }
	no_shadow
}

// particle -1
sphere {
	<7.011052, 12.435060, 13.451178> 0.100000
	pigment { color rgbt <1,0,0,0> }
	no_shadow
}
sphere {
	0, 1
	scale<0.080000,0.200000,0.300000>
	matrix <-0.111363, -0.961477, -0.251317,
		-0.356896, -0.197326, 0.913065,
		-0.927483, 0.191375, -0.321172,
		6.732807, 12.492472, 13.354826>
	pigment { color rgbt <0,1,1,0> }
	no_shadow
}
cylinder {
	<7.048259, 11.871781, 13.963964>,  <7.382045, 12.358509, 13.579647>, 0.130000
	pigment { color rgbt <1,0,0,0> }
	no_shadow
}

// nucleotide -1

// particle -1
sphere {
	<7.048259, 11.871781, 13.963964> 0.250000
	pigment { color rgbt <1,0,0,0> }
	no_shadow
}
cylinder {
	<6.840802, 11.968345, 13.635883>,  <6.716327, 12.026283, 13.439034>, 0.100000
	pigment { color rgbt <1,0,0,0> }
	no_shadow
}
cylinder {
	<6.840802, 11.968345, 13.635883>,  <7.048259, 11.871781, 13.963964>, 0.100000
	pigment { color rgbt <1,0,0,0> }
	no_shadow
}

// particle -1
sphere {
	<6.840802, 11.968345, 13.635883> 0.100000
	pigment { color rgbt <1,0,0,0> }
	no_shadow
}
sphere {
	0, 1
	scale<0.080000,0.200000,0.300000>
	matrix <-0.070732, -0.968137, -0.240225,
		-0.852060, -0.066576, 0.519193,
		-0.518643, 0.241409, -0.820201,
		6.685209, 12.040768, 13.389823>
	pigment { color rgbt <0,1,1,0> }
	no_shadow
}
cylinder {
	<6.508670, 11.427442, 13.906881>,  <7.048259, 11.871781, 13.963964>, 0.130000
	pigment { color rgbt <1,0,0,0> }
	no_shadow
}

// nucleotide -1

// particle -1
sphere {
	<6.508670, 11.427442, 13.906881> 0.250000
	pigment { color rgbt <1,0,0,0> }
	no_shadow
}
cylinder {
	<6.518016, 11.563650, 13.530903>,  <6.523623, 11.645375, 13.305316>, 0.100000
	pigment { color rgbt <1,0,0,0> }
	no_shadow
}
cylinder {
	<6.518016, 11.563650, 13.530903>,  <6.508670, 11.427442, 13.906881>, 0.100000
	pigment { color rgbt <1,0,0,0> }
	no_shadow
}

// particle -1
sphere {
	<6.518016, 11.563650, 13.530903> 0.100000
	pigment { color rgbt <1,0,0,0> }
	no_shadow
}
sphere {
	0, 1
	scale<0.080000,0.200000,0.300000>
	matrix <0.074222, -0.938199, -0.338043,
		-0.996968, -0.061867, -0.047195,
		0.023365, 0.340521, -0.939947,
		6.525025, 11.665807, 13.248919>
	pigment { color rgbt <0,1,1,0> }
	no_shadow
}
cylinder {
	<6.047882, 10.940165, 13.569145>,  <6.508670, 11.427442, 13.906881>, 0.130000
	pigment { color rgbt <1,0,0,0> }
	no_shadow
}

// nucleotide -1

// particle -1
sphere {
	<6.047882, 10.940165, 13.569145> 0.250000
	pigment { color rgbt <1,0,0,0> }
	no_shadow
}
cylinder {
	<6.253266, 11.124600, 13.279661>,  <6.376496, 11.235262, 13.105971>, 0.100000
	pigment { color rgbt <1,0,0,0> }
	no_shadow
}
cylinder {
	<6.253266, 11.124600, 13.279661>,  <6.047882, 10.940165, 13.569145>, 0.100000
	pigment { color rgbt <1,0,0,0> }
	no_shadow
}

// particle -1
sphere {
	<6.253266, 11.124600, 13.279661> 0.100000
	pigment { color rgbt <1,0,0,0> }
	no_shadow
}
sphere {
	0, 1
	scale<0.080000,0.200000,0.300000>
	matrix <-0.006444, -0.841277, -0.540567,
		-0.858090, 0.282223, -0.428990,
		0.513459, 0.461090, -0.723710,
		6.407303, 11.262928, 13.062549>
	pigment { color rgbt <0,1,1,0> }
	no_shadow
}
cylinder {
	<5.747457, 10.844688, 12.912584>,  <6.047882, 10.940165, 13.569145>, 0.130000
	pigment { color rgbt <1,0,0,0> }
	no_shadow
}

// nucleotide -1

// particle -1
sphere {
	<5.747457, 10.844688, 12.912584> 0.250000
	pigment { color rgbt <1,0,0,0> }
	no_shadow
}
cylinder {
	<6.133532, 10.930257, 12.852387>,  <6.365178, 10.981598, 12.816270>, 0.100000
	pigment { color rgbt <1,0,0,0> }
	no_shadow
}
cylinder {
	<6.133532, 10.930257, 12.852387>,  <5.747457, 10.844688, 12.912584>, 0.100000
	pigment { color rgbt <1,0,0,0> }
	no_shadow
}

// particle -1
sphere {
	<6.133532, 10.930257, 12.852387> 0.100000
	pigment { color rgbt <1,0,0,0> }
	no_shadow
}
sphere {
	0, 1
	scale<0.080000,0.200000,0.300000>
	matrix <0.127131, -0.886541, -0.444840,
		-0.228578, 0.410222, -0.882876,
		0.965189, 0.213921, -0.150492,
		6.423089, 10.994433, 12.807240>
	pigment { color rgbt <0,1,1,0> }
	no_shadow
}
cylinder {
	<5.889167, 10.757367, 12.199059>,  <5.747457, 10.844688, 12.912584>, 0.130000
	pigment { color rgbt <1,0,0,0> }
	no_shadow
}

// nucleotide -1

// particle -1
sphere {
	<5.889167, 10.757367, 12.199059> 0.250000
	pigment { color rgbt <1,0,0,0> }
	no_shadow
}
cylinder {
	<6.236938, 10.721981, 12.393491>,  <6.445601, 10.700749, 12.510149>, 0.100000
	pigment { color rgbt <1,0,0,0> }
	no_shadow
}
cylinder {
	<6.236938, 10.721981, 12.393491>,  <5.889167, 10.757367, 12.199059>, 0.100000
	pigment { color rgbt <1,0,0,0> }
	no_shadow
}

// particle -1
sphere {
	<6.236938, 10.721981, 12.393491> 0.100000
	pigment { color rgbt <1,0,0,0> }
	no_shadow
}
sphere {
	0, 1
	scale<0.080000,0.200000,0.300000>
	matrix <0.205831, -0.829536, -0.519137,
		0.449145, 0.551401, -0.703012,
		0.869427, -0.088465, 0.486077,
		6.497766, 10.695441, 12.539314>
	pigment { color rgbt <0,1,1,0> }
	no_shadow
}
cylinder {
	<6.334194, 10.611308, 11.733189>,  <5.889167, 10.757367, 12.199059>, 0.130000
	pigment { color rgbt <1,0,0,0> }
	no_shadow
}

// nucleotide -1

// particle -1
sphere {
	<6.334194, 10.611308, 11.733189> 0.250000
	pigment { color rgbt <1,0,0,0> }
	no_shadow
}
cylinder {
	<6.513574, 10.481548, 12.066333>,  <6.621202, 10.403692, 12.266219>, 0.100000
	pigment { color rgbt <1,0,0,0> }
	no_shadow
}
cylinder {
	<6.513574, 10.481548, 12.066333>,  <6.334194, 10.611308, 11.733189>, 0.100000
	pigment { color rgbt <1,0,0,0> }
	no_shadow
}

// particle -1
sphere {
	<6.513574, 10.481548, 12.066333> 0.100000
	pigment { color rgbt <1,0,0,0> }
	no_shadow
}
sphere {
	0, 1
	scale<0.080000,0.200000,0.300000>
	matrix <0.104664, -0.906342, -0.409377,
		0.887658, 0.270757, -0.372497,
		0.448451, -0.324400, 0.832860,
		6.648109, 10.384229, 12.316191>
	pigment { color rgbt <0,1,1,0> }
	no_shadow
}
cylinder {
	<6.856498, 10.161325, 11.508272>,  <6.334194, 10.611308, 11.733189>, 0.130000
	pigment { color rgbt <1,0,0,0> }
	no_shadow
}

// nucleotide -1

// particle -1
sphere {
	<6.856498, 10.161325, 11.508272> 0.250000
	pigment { color rgbt <1,0,0,0> }
	no_shadow
}
cylinder {
	<6.884219, 10.066110, 11.895784>,  <6.900852, 10.008980, 12.128291>, 0.100000
	pigment { color rgbt <1,0,0,0> }
	no_shadow
}
cylinder {
	<6.884219, 10.066110, 11.895784>,  <6.856498, 10.161325, 11.508272>, 0.100000
	pigment { color rgbt <1,0,0,0> }
	no_shadow
}

// particle -1
sphere {
	<6.884219, 10.066110, 11.895784> 0.100000
	pigment { color rgbt <1,0,0,0> }
	no_shadow
}
sphere {
	0, 1
	scale<0.080000,0.200000,0.300000>
	matrix <0.461708, -0.853193, -0.242668,
		0.884321, 0.464111, 0.050777,
		0.069303, -0.238040, 0.968780,
		6.905010, 9.994698, 12.186419>
	pigment { color rgbt <0,1,1,0> }
	no_shadow
}
cylinder {
	<7.560024, 9.859121, 11.600274>,  <6.856498, 10.161325, 11.508272>, 0.130000
	pigment { color rgbt <1,0,0,0> }
	no_shadow
}

// nucleotide -1

// particle -1
sphere {
	<7.560024, 9.859121, 11.600274> 0.250000
	pigment { color rgbt <1,0,0,0> }
	no_shadow
}
cylinder {
	<7.358329, 9.742779, 11.925518>,  <7.237312, 9.672974, 12.120665>, 0.100000
	pigment { color rgbt <1,0,0,0> }
	no_shadow
}
cylinder {
	<7.358329, 9.742779, 11.925518>,  <7.560024, 9.859121, 11.600274>, 0.100000
	pigment { color rgbt <1,0,0,0> }
	no_shadow
}

// particle -1
sphere {
	<7.358329, 9.742779, 11.925518> 0.100000
	pigment { color rgbt <1,0,0,0> }
	no_shadow
}
sphere {
	0, 1
	scale<0.080000,0.200000,0.300000>
	matrix <0.371999, -0.922892, -0.099437,
		0.779334, 0.252337, 0.573554,
		-0.504237, -0.290856, 0.813110,
		7.207058, 9.655522, 12.169451>
	pigment { color rgbt <0,1,1,0> }
	no_shadow
}
cylinder {
	<8.000655, 9.455227, 11.966933>,  <7.560024, 9.859121, 11.600274>, 0.130000
	pigment { color rgbt <1,0,0,0> }
	no_shadow
}

// nucleotide -1

// particle -1
sphere {
	<8.000655, 9.455227, 11.966933> 0.250000
	pigment { color rgbt <1,0,0,0> }
	no_shadow
}
cylinder {
	<7.632842, 9.357583, 12.090135>,  <7.412153, 9.298997, 12.164056>, 0.100000
	pigment { color rgbt <1,0,0,0> }
	no_shadow
}
cylinder {
	<7.632842, 9.357583, 12.090135>,  <8.000655, 9.455227, 11.966933>, 0.100000
	pigment { color rgbt <1,0,0,0> }
	no_shadow
}

// particle -1
sphere {
	<7.632842, 9.357583, 12.090135> 0.100000
	pigment { color rgbt <1,0,0,0> }
	no_shadow
}
sphere {
	0, 1
	scale<0.080000,0.200000,0.300000>
	matrix <0.278141, -0.957898, 0.071192,
		0.277658, 0.151132, 0.948717,
		-0.919534, -0.244110, 0.308004,
		7.356981, 9.284350, 12.182536>
	pigment { color rgbt <0,1,1,0> }
	no_shadow
}
cylinder {
	<8.169058, 9.058465, 12.560410>,  <8.000655, 9.455227, 11.966933>, 0.130000
	pigment { color rgbt <1,0,0,0> }
	no_shadow
}

// nucleotide -1

// particle -1
sphere {
	<8.169058, 9.058465, 12.560410> 0.250000
	pigment { color rgbt <1,0,0,0> }
	no_shadow
}
cylinder {
	<7.793887, 8.984977, 12.442743>,  <7.568784, 8.940884, 12.372143>, 0.100000
	pigment { color rgbt <1,0,0,0> }
	no_shadow
}
cylinder {
	<7.793887, 8.984977, 12.442743>,  <8.169058, 9.058465, 12.560410>, 0.100000
	pigment { color rgbt <1,0,0,0> }
	no_shadow
}

// particle -1
sphere {
	<7.793887, 8.984977, 12.442743> 0.100000
	pigment { color rgbt <1,0,0,0> }
	no_shadow
}
sphere {
	0, 1
	scale<0.080000,0.200000,0.300000>
	matrix <0.172153, -0.982924, 0.064988,
		-0.301086, 0.010312, 0.953541,
		-0.937929, -0.183722, -0.294169,
		7.512508, 8.929860, 12.354492>
	pigment { color rgbt <0,1,1,0> }
	no_shadow
}
cylinder {
	<7.929371, 8.457170, 12.879015>,  <8.169058, 9.058465, 12.560410>, 0.130000
	pigment { color rgbt <1,0,0,0> }
	no_shadow
}

// nucleotide -1

// particle -1
sphere {
	<7.929371, 8.457170, 12.879015> 0.250000
	pigment { color rgbt <1,0,0,0> }
	no_shadow
}
cylinder {
	<7.692160, 8.490071, 12.558627>,  <7.549833, 8.509812, 12.366395>, 0.100000
	pigment { color rgbt <1,0,0,0> }
	no_shadow
}
cylinder {
	<7.692160, 8.490071, 12.558627>,  <7.929371, 8.457170, 12.879015>, 0.100000
	pigment { color rgbt <1,0,0,0> }
	no_shadow
}

// particle -1
sphere {
	<7.692160, 8.490071, 12.558627> 0.100000
	pigment { color rgbt <1,0,0,0> }
	no_shadow
}
sphere {
	0, 1
	scale<0.080000,0.200000,0.300000>
	matrix <0.096966, -0.980233, -0.172457,
		-0.799321, -0.179938, 0.573330,
		-0.593029, 0.082255, -0.800969,
		7.514251, 8.514748, 12.318336>
	pigment { color rgbt <0,1,1,0> }
	no_shadow
}
cylinder {
	<7.594158, 7.804141, 12.826645>,  <7.929371, 8.457170, 12.879015>, 0.130000
	pigment { color rgbt <1,0,0,0> }
	no_shadow
}

// nucleotide -1

// particle -1
sphere {
	<7.594158, 7.804141, 12.826645> 0.250000
	pigment { color rgbt <1,0,0,0> }
	no_shadow
}
cylinder {
	<7.509999, 7.947710, 12.462907>,  <7.459504, 8.033852, 12.244664>, 0.100000
	pigment { color rgbt <1,0,0,0> }
	no_shadow
}
cylinder {
	<7.509999, 7.947710, 12.462907>,  <7.594158, 7.804141, 12.826645>, 0.100000
	pigment { color rgbt <1,0,0,0> }
	no_shadow
}

// particle -1
sphere {
	<7.509999, 7.947710, 12.462907> 0.100000
	pigment { color rgbt <1,0,0,0> }
	no_shadow
}
sphere {
	0, 1
	scale<0.080000,0.200000,0.300000>
	matrix <0.202095, -0.894105, -0.399667,
		-0.956499, -0.267862, 0.115580,
		-0.210397, 0.358923, -0.909345,
		7.446880, 8.055387, 12.190104>
	pigment { color rgbt <0,1,1,0> }
	no_shadow
}
cylinder {
	<7.034737, 7.308970, 12.516683>,  <7.594158, 7.804141, 12.826645>, 0.130000
	pigment { color rgbt <1,0,0,0> }
	no_shadow
}

// nucleotide -1

// particle -1
sphere {
	<7.034737, 7.308970, 12.516683> 0.250000
	pigment { color rgbt <1,0,0,0> }
	no_shadow
}
cylinder {
	<7.211996, 7.518320, 12.225560>,  <7.318351, 7.643929, 12.050887>, 0.100000
	pigment { color rgbt <1,0,0,0> }
	no_shadow
}
cylinder {
	<7.211996, 7.518320, 12.225560>,  <7.034737, 7.308970, 12.516683>, 0.100000
	pigment { color rgbt <1,0,0,0> }
	no_shadow
}

// particle -1
sphere {
	<7.211996, 7.518320, 12.225560> 0.100000
	pigment { color rgbt <1,0,0,0> }
	no_shadow
}
sphere {
	0, 1
	scale<0.080000,0.200000,0.300000>
	matrix <-0.026244, -0.803955, -0.594111,
		-0.896065, 0.282379, -0.342535,
		0.443147, 0.523372, -0.727806,
		7.344940, 7.675331, 12.007218>
	pigment { color rgbt <0,1,1,0> }
	no_shadow
}
cylinder {
	<6.519974, 7.316727, 11.926424>,  <7.034737, 7.308970, 12.516683>, 0.130000
	pigment { color rgbt <1,0,0,0> }
	no_shadow
}

// nucleotide -1

// particle -1
sphere {
	<6.519974, 7.316727, 11.926424> 0.250000
	pigment { color rgbt <1,0,0,0> }
	no_shadow
}
cylinder {
	<6.872683, 7.410394, 11.762646>,  <7.084308, 7.466594, 11.664379>, 0.100000
	pigment { color rgbt <1,0,0,0> }
	no_shadow
}
cylinder {
	<6.872683, 7.410394, 11.762646>,  <6.519974, 7.316727, 11.926424>, 0.100000
	pigment { color rgbt <1,0,0,0> }
	no_shadow
}

// particle -1
sphere {
	<6.872683, 7.410394, 11.762646> 0.100000
	pigment { color rgbt <1,0,0,0> }
	no_shadow
}
sphere {
	0, 1
	scale<0.080000,0.200000,0.300000>
	matrix <-0.115715, -0.734141, -0.669064,
		-0.457263, 0.637340, -0.620248,
		0.881771, 0.234167, -0.409445,
		7.137214, 7.480644, 11.639812>
	pigment { color rgbt <0,1,1,0> }
	no_shadow
}
cylinder {
	<6.418900, 7.333723, 11.209711>,  <6.519974, 7.316727, 11.926424>, 0.130000
	pigment { color rgbt <1,0,0,0> }
	no_shadow
}

// nucleotide -1

// particle -1
sphere {
	<6.418900, 7.333723, 11.209711> 0.250000
	pigment { color rgbt <1,0,0,0> }
	no_shadow
}
cylinder {
	<6.812634, 7.276317, 11.250675>,  <7.048874, 7.241874, 11.275253>, 0.100000
	pigment { color rgbt <1,0,0,0> }
	no_shadow
}
cylinder {
	<6.812634, 7.276317, 11.250675>,  <6.418900, 7.333723, 11.209711>, 0.100000
	pigment { color rgbt <1,0,0,0> }
	no_shadow
}

// particle -1
sphere {
	<6.812634, 7.276317, 11.250675> 0.100000
	pigment { color rgbt <1,0,0,0> }
	no_shadow
}
sphere {
	0, 1
	scale<0.080000,0.200000,0.300000>
	matrix <-0.045557, -0.768173, -0.638619,
		0.170319, 0.623950, -0.762678,
		0.984335, -0.143514, 0.102409,
		7.107934, 7.233263, 11.281398>
	pigment { color rgbt <0,1,1,0> }
	no_shadow
}
cylinder {
	<6.912539, 7.367357, 10.560674>,  <6.418900, 7.333723, 11.209711>, 0.130000
	pigment { color rgbt <1,0,0,0> }
	no_shadow
}

// nucleotide -1

// particle -1
sphere {
	<6.912539, 7.367357, 10.560674> 0.250000
	pigment { color rgbt <1,0,0,0> }
	no_shadow
}
cylinder {
	<7.071094, 7.114702, 10.827180>,  <7.166227, 6.963109, 10.987083>, 0.100000
	pigment { color rgbt <1,0,0,0> }
	no_shadow
}
cylinder {
	<7.071094, 7.114702, 10.827180>,  <6.912539, 7.367357, 10.560674>, 0.100000
	pigment { color rgbt <1,0,0,0> }
	no_shadow
}

// particle -1
sphere {
	<7.071094, 7.114702, 10.827180> 0.100000
	pigment { color rgbt <1,0,0,0> }
	no_shadow
}
sphere {
	0, 1
	scale<0.080000,0.200000,0.300000>
	matrix <0.079812, -0.699260, -0.710399,
		0.914607, 0.334770, -0.226767,
		0.396389, -0.631637, 0.666266,
		7.190011, 6.925211, 11.027060>
	pigment { color rgbt <0,1,1,0> }
	no_shadow
}
cylinder {
	<7.664405, 7.217079, 10.475989>,  <6.912539, 7.367357, 10.560674>, 0.130000
	pigment { color rgbt <1,0,0,0> }
	no_shadow
}

// nucleotide -1

// particle -1
sphere {
	<7.664405, 7.217079, 10.475989> 0.250000
	pigment { color rgbt <1,0,0,0> }
	no_shadow
}
cylinder {
	<7.479847, 6.897293, 10.629857>,  <7.369112, 6.705421, 10.722178>, 0.100000
	pigment { color rgbt <1,0,0,0> }
	no_shadow
}
cylinder {
	<7.479847, 6.897293, 10.629857>,  <7.664405, 7.217079, 10.475989>, 0.100000
	pigment { color rgbt <1,0,0,0> }
	no_shadow
}

// particle -1
sphere {
	<7.479847, 6.897293, 10.629857> 0.100000
	pigment { color rgbt <1,0,0,0> }
	no_shadow
}
sphere {
	0, 1
	scale<0.080000,0.200000,0.300000>
	matrix <0.368038, -0.566989, -0.736934,
		0.807257, -0.198444, 0.555839,
		-0.461394, -0.799465, 0.384670,
		7.341429, 6.657453, 10.745258>
	pigment { color rgbt <0,1,1,0> }
	no_shadow
}
cylinder {
	<8.176586, 6.758344, 10.460283>,  <7.664405, 7.217079, 10.475989>, 0.130000
	pigment { color rgbt <1,0,0,0> }
	no_shadow
}

// nucleotide -1

// particle -1
sphere {
	<8.176586, 6.758344, 10.460283> 0.250000
	pigment { color rgbt <1,0,0,0> }
	no_shadow
}
cylinder {
	<7.807774, 6.603703, 10.452321>,  <7.586486, 6.510919, 10.447543>, 0.100000
	pigment { color rgbt <1,0,0,0> }
	no_shadow
}
cylinder {
	<7.807774, 6.603703, 10.452321>,  <8.176586, 6.758344, 10.460283>, 0.100000
	pigment { color rgbt <1,0,0,0> }
	no_shadow
}

// particle -1
sphere {
	<7.807774, 6.603703, 10.452321> 0.100000
	pigment { color rgbt <1,0,0,0> }
	no_shadow
}
sphere {
	0, 1
	scale<0.080000,0.200000,0.300000>
	matrix <0.285273, -0.643807, -0.710023,
		0.261680, -0.660342, 0.703897,
		-0.922032, -0.386602, -0.019907,
		7.531164, 6.487723, 10.446349>
	pigment { color rgbt <0,1,1,0> }
	no_shadow
}
cylinder {
	<8.840337, 6.611825, 10.015261>,  <8.176586, 6.758344, 10.460283>, 0.130000
	pigment { color rgbt <1,0,0,0> }
	no_shadow
}

// nucleotide -1

// particle -1
sphere {
	<8.840337, 6.611825, 10.015261> 0.250000
	pigment { color rgbt <1,0,0,0> }
	no_shadow
}
cylinder {
	<9.007795, 6.695812, 9.661843>,  <9.108271, 6.746204, 9.449793>, 0.100000
	pigment { color rgbt <1,0,0,0> }
	no_shadow
}
cylinder {
	<9.007795, 6.695812, 9.661843>,  <8.840337, 6.611825, 10.015261>, 0.100000
	pigment { color rgbt <1,0,0,0> }
	no_shadow
}

// particle -1
sphere {
	<9.007795, 6.695812, 9.661843> 0.100000
	pigment { color rgbt <1,0,0,0> }
	no_shadow
}
sphere {
	0, 1
	scale<0.080000,0.200000,0.300000>
	matrix <-0.898358, 0.238230, -0.369053,
		0.132997, 0.948240, 0.288361,
		0.418647, 0.209968, -0.883543,
		9.133389, 6.758803, 9.396780>
	pigment { color rgbt <0,1,1,0> }
	no_shadow
}
cylinder {
	<8.589828, 7.334819, 9.732891>,  <8.840337, 6.611825, 10.015261>, 0.130000
	pigment { color rgbt <1,0,0,0> }
	no_shadow
}

// nucleotide -1

// particle -1
sphere {
	<8.589828, 7.334819, 9.732891> 0.250000
	pigment { color rgbt <1,0,0,0> }
	no_shadow
}
cylinder {
	<8.692193, 7.093564, 9.430704>,  <8.753613, 6.948810, 9.249392>, 0.100000
	pigment { color rgbt <1,0,0,0> }
	no_shadow
}
cylinder {
	<8.692193, 7.093564, 9.430704>,  <8.589828, 7.334819, 9.732891>, 0.100000
	pigment { color rgbt <1,0,0,0> }
	no_shadow
}

// particle -1
sphere {
	<8.692193, 7.093564, 9.430704> 0.100000
	pigment { color rgbt <1,0,0,0> }
	no_shadow
}
sphere {
	0, 1
	scale<0.080000,0.200000,0.300000>
	matrix <-0.865345, 0.205429, -0.457142,
		0.430914, 0.770729, -0.469351,
		0.255914, -0.603139, -0.755468,
		8.768968, 6.912622, 9.204063>
	pigment { color rgbt <0,1,1,0> }
	no_shadow
}
cylinder {
	<8.515392, 7.626783, 9.013510>,  <8.589828, 7.334819, 9.732891>, 0.130000
	pigment { color rgbt <1,0,0,0> }
	no_shadow
}

// nucleotide -1

// particle -1
sphere {
	<8.515392, 7.626783, 9.013510> 0.250000
	pigment { color rgbt <1,0,0,0> }
	no_shadow
}
cylinder {
	<8.473285, 7.229030, 9.009134>,  <8.448020, 6.990377, 9.006509>, 0.100000
	pigment { color rgbt <1,0,0,0> }
	no_shadow
}
cylinder {
	<8.473285, 7.229030, 9.009134>,  <8.515392, 7.626783, 9.013510>, 0.100000
	pigment { color rgbt <1,0,0,0> }
	no_shadow
}

// particle -1
sphere {
	<8.473285, 7.229030, 9.009134> 0.100000
	pigment { color rgbt <1,0,0,0> }
	no_shadow
}
sphere {
	0, 1
	scale<0.080000,0.200000,0.300000>
	matrix <-0.893761, 0.099427, -0.437386,
		0.436017, -0.036267, -0.899208,
		-0.105269, -0.994384, -0.010938,
		8.441704, 6.930715, 9.005853>
	pigment { color rgbt <0,1,1,0> }
	no_shadow
}
cylinder {
	<9.122269, 7.803473, 9.134863>,  <8.515392, 7.626783, 9.013510>, 0.130000
	pigment { color rgbt <1,0,0,0> }
	no_shadow
}

// nucleotide -1

// particle -1
sphere {
	<9.122269, 7.803473, 9.134863> 0.250000
	pigment { color rgbt <1,0,0,0> }
	no_shadow
}
cylinder {
	<9.167511, 8.195652, 9.070448>,  <9.194656, 8.430959, 9.031799>, 0.100000
	pigment { color rgbt <1,0,0,0> }
	no_shadow
}
cylinder {
	<9.167511, 8.195652, 9.070448>,  <9.122269, 7.803473, 9.134863>, 0.100000
	pigment { color rgbt <1,0,0,0> }
	no_shadow
}

// particle -1
sphere {
	<9.167511, 8.195652, 9.070448> 0.100000
	pigment { color rgbt <1,0,0,0> }
	no_shadow
}
sphere {
	0, 1
	scale<0.080000,0.200000,0.300000>
	matrix <-0.718223, -0.031316, -0.695108,
		-0.686559, 0.194281, 0.700636,
		0.113106, 0.980446, -0.161037,
		9.201443, 8.489786, 9.022137>
	pigment { color rgbt <0,1,1,0> }
	no_shadow
}
cylinder {
	<9.555826, 8.042380, 9.693410>,  <9.122269, 7.803473, 9.134863>, 0.130000
	pigment { color rgbt <1,0,0,0> }
	no_shadow
}

// nucleotide -1

// particle -1
sphere {
	<9.555826, 8.042380, 9.693410> 0.250000
	pigment { color rgbt <1,0,0,0> }
	no_shadow
}
cylinder {
	<9.942005, 8.006101, 9.791133>,  <10.173713, 7.984333, 9.849767>, 0.100000
	pigment { color rgbt <1,0,0,0> }
	no_shadow
}
cylinder {
	<9.942005, 8.006101, 9.791133>,  <9.555826, 8.042380, 9.693410>, 0.100000
	pigment { color rgbt <1,0,0,0> }
	no_shadow
}

// particle -1
sphere {
	<9.942005, 8.006101, 9.791133> 0.100000
	pigment { color rgbt <1,0,0,0> }
	no_shadow
}
sphere {
	0, 1
	scale<0.080000,0.200000,0.300000>
	matrix <-0.199716, 0.344727, 0.917212,
		-0.167411, -0.934311, 0.314701,
		0.965447, -0.090700, 0.244307,
		10.231639, 7.978890, 9.864425>
	pigment { color rgbt <0,1,1,0> }
	no_shadow
}
cylinder {
	<9.738845, 7.547343, 10.365454>,  <9.555826, 8.042380, 9.693410>, 0.130000
	pigment { color rgbt <1,0,0,0> }
	no_shadow
}

// nucleotide -1

// particle -1
sphere {
	<9.738845, 7.547343, 10.365454> 0.250000
	pigment { color rgbt <1,0,0,0> }
	no_shadow
}
cylinder {
	<9.943395, 7.883438, 10.293346>,  <10.066125, 8.085094, 10.250082>, 0.100000
	pigment { color rgbt <1,0,0,0> }
	no_shadow
}
cylinder {
	<9.943395, 7.883438, 10.293346>,  <9.738845, 7.547343, 10.365454>, 0.100000
	pigment { color rgbt <1,0,0,0> }
	no_shadow
}

// particle -1
sphere {
	<9.943395, 7.883438, 10.293346> 0.100000
	pigment { color rgbt <1,0,0,0> }
	no_shadow
}
sphere {
	0, 1
	scale<0.080000,0.200000,0.300000>
	matrix <-0.101394, 0.267300, 0.958264,
		0.853355, -0.471753, 0.221886,
		0.511374, 0.840238, -0.180269,
		10.096807, 8.135509, 10.239265>
	pigment { color rgbt <0,1,1,0> }
	no_shadow
}
cylinder {
	<10.088079, 7.632168, 10.986256>,  <9.738845, 7.547343, 10.365454>, 0.130000
	pigment { color rgbt <1,0,0,0> }
	no_shadow
}

// nucleotide -1

// particle -1
sphere {
	<10.088079, 7.632168, 10.986256> 0.250000
	pigment { color rgbt <1,0,0,0> }
	no_shadow
}
cylinder {
	<10.103391, 7.971012, 10.774240>,  <10.112577, 8.174317, 10.647030>, 0.100000
	pigment { color rgbt <1,0,0,0> }
	no_shadow
}
cylinder {
	<10.103391, 7.971012, 10.774240>,  <10.088079, 7.632168, 10.986256>, 0.100000
	pigment { color rgbt <1,0,0,0> }
	no_shadow
}

// particle -1
sphere {
	<10.103391, 7.971012, 10.774240> 0.100000
	pigment { color rgbt <1,0,0,0> }
	no_shadow
}
sphere {
	0, 1
	scale<0.080000,0.200000,0.300000>
	matrix <-0.042983, 0.531333, 0.846072,
		0.998342, -0.009604, 0.056750,
		0.038278, 0.847109, -0.530039,
		10.114874, 8.225144, 10.615228>
	pigment { color rgbt <0,1,1,0> }
	no_shadow
}
cylinder {
	<10.810711, 8.118030, 11.153362>,  <10.088079, 7.632168, 10.986256>, 0.130000
	pigment { color rgbt <1,0,0,0> }
	no_shadow
}

// nucleotide -1

// particle -1
sphere {
	<10.810711, 8.118030, 11.153362> 0.250000
	pigment { color rgbt <1,0,0,0> }
	no_shadow
}
cylinder {
	<10.450208, 8.276167, 11.082438>,  <10.233906, 8.371049, 11.039884>, 0.100000
	pigment { color rgbt <1,0,0,0> }
	no_shadow
}
cylinder {
	<10.450208, 8.276167, 11.082438>,  <10.810711, 8.118030, 11.153362>, 0.100000
	pigment { color rgbt <1,0,0,0> }
	no_shadow
}

// particle -1
sphere {
	<10.450208, 8.276167, 11.082438> 0.100000
	pigment { color rgbt <1,0,0,0> }
	no_shadow
}
sphere {
	0, 1
	scale<0.080000,0.200000,0.300000>
	matrix <-0.005803, 0.398174, 0.917292,
		0.433245, 0.827745, -0.356563,
		-0.901257, 0.395343, -0.177310,
		10.179831, 8.394770, 11.029245>
	pigment { color rgbt <0,1,1,0> }
	no_shadow
}
cylinder {
	<10.827636, 8.821398, 11.432868>,  <10.810711, 8.118030, 11.153362>, 0.130000
	pigment { color rgbt <1,0,0,0> }
	no_shadow
}

// nucleotide -1

// particle -1
sphere {
	<10.827636, 8.821398, 11.432868> 0.250000
	pigment { color rgbt <1,0,0,0> }
	no_shadow
}
cylinder {
	<10.441963, 8.738761, 11.366326>,  <10.210560, 8.689178, 11.326402>, 0.100000
	pigment { color rgbt <1,0,0,0> }
	no_shadow
}
cylinder {
	<10.441963, 8.738761, 11.366326>,  <10.827636, 8.821398, 11.432868>, 0.100000
	pigment { color rgbt <1,0,0,0> }
	no_shadow
}

// particle -1
sphere {
	<10.441963, 8.738761, 11.366326> 0.100000
	pigment { color rgbt <1,0,0,0> }
	no_shadow
}
sphere {
	0, 1
	scale<0.080000,0.200000,0.300000>
	matrix <-0.247918, 0.478978, 0.842091,
		-0.094290, 0.853171, -0.513039,
		-0.964182, -0.206592, -0.166353,
		10.152709, 8.676784, 11.316421>
	pigment { color rgbt <0,1,1,0> }
	no_shadow
}
cylinder {
	<10.415797, 9.507174, 11.406116>,  <10.827636, 8.821398, 11.432868>, 0.130000
	pigment { color rgbt <1,0,0,0> }
	no_shadow
}

// nucleotide -1

// particle -1
sphere {
	<10.415797, 9.507174, 11.406116> 0.250000
	pigment { color rgbt <1,0,0,0> }
	no_shadow
}
cylinder {
	<10.149795, 9.219685, 11.487313>,  <9.990193, 9.047192, 11.536032>, 0.100000
	pigment { color rgbt <1,0,0,0> }
	no_shadow
}
cylinder {
	<10.149795, 9.219685, 11.487313>,  <10.415797, 9.507174, 11.406116>, 0.100000
	pigment { color rgbt <1,0,0,0> }
	no_shadow
}

// particle -1
sphere {
	<10.149795, 9.219685, 11.487313> 0.100000
	pigment { color rgbt <1,0,0,0> }
	no_shadow
}
sphere {
	0, 1
	scale<0.080000,0.200000,0.300000>
	matrix <-0.325918, 0.523837, 0.787002,
		-0.671970, 0.457203, -0.582599,
		-0.665006, -0.718721, 0.202992,
		9.950293, 9.004068, 11.548211>
	pigment { color rgbt <0,1,1,0> }
	no_shadow
}
cylinder {
	<9.797912, 9.876329, 11.379776>,  <10.415797, 9.507174, 11.406116>, 0.130000
	pigment { color rgbt <1,0,0,0> }
	no_shadow
}

// nucleotide -1

// particle -1
sphere {
	<9.797912, 9.876329, 11.379776> 0.250000
	pigment { color rgbt <1,0,0,0> }
	no_shadow
}
cylinder {
	<9.771765, 9.553191, 11.614079>,  <9.756077, 9.359308, 11.754660>, 0.100000
	pigment { color rgbt <1,0,0,0> }
	no_shadow
}
cylinder {
	<9.771765, 9.553191, 11.614079>,  <9.797912, 9.876329, 11.379776>, 0.100000
	pigment { color rgbt <1,0,0,0> }
	no_shadow
}

// particle -1
sphere {
	<9.771765, 9.553191, 11.614079> 0.100000
	pigment { color rgbt <1,0,0,0> }
	no_shadow
}
sphere {
	0, 1
	scale<0.080000,0.200000,0.300000>
	matrix <-0.354538, 0.567514, 0.743122,
		-0.932754, -0.159096, -0.323510,
		-0.065368, -0.807847, 0.585756,
		9.752154, 9.310837, 11.789805>
	pigment { color rgbt <0,1,1,0> }
	no_shadow
}
cylinder {
	<9.060027, 9.886154, 11.645018>,  <9.797912, 9.876329, 11.379776>, 0.130000
	pigment { color rgbt <1,0,0,0> }
	no_shadow
}

// nucleotide -1

// particle -1
sphere {
	<9.060027, 9.886154, 11.645018> 0.250000
	pigment { color rgbt <1,0,0,0> }
	no_shadow
}
cylinder {
	<9.293948, 9.668206, 11.885391>,  <9.434301, 9.537437, 12.029615>, 0.100000
	pigment { color rgbt <1,0,0,0> }
	no_shadow
}
cylinder {
	<9.293948, 9.668206, 11.885391>,  <9.060027, 9.886154, 11.645018>, 0.100000
	pigment { color rgbt <1,0,0,0> }
	no_shadow
}

// particle -1
sphere {
	<9.293948, 9.668206, 11.885391> 0.100000
	pigment { color rgbt <1,0,0,0> }
	no_shadow
}
sphere {
	0, 1
	scale<0.080000,0.200000,0.300000>
	matrix <-0.380249, 0.470246, 0.796417,
		-0.716531, -0.694252, 0.067815,
		0.584803, -0.544871, 0.600934,
		9.469389, 9.504745, 12.065671>
	pigment { color rgbt <0,1,1,0> }
	no_shadow
}
cylinder {
	<8.689789, 9.898703, 12.257407>,  <9.060027, 9.886154, 11.645018>, 0.130000
	pigment { color rgbt <1,0,0,0> }
	no_shadow
}

// nucleotide -1

// particle -1
sphere {
	<8.689789, 9.898703, 12.257407> 0.250000
	pigment { color rgbt <1,0,0,0> }
	no_shadow
}
cylinder {
	<9.042681, 9.762934, 12.387921>,  <9.254416, 9.681472, 12.466229>, 0.100000
	pigment { color rgbt <1,0,0,0> }
	no_shadow
}
cylinder {
	<9.042681, 9.762934, 12.387921>,  <8.689789, 9.898703, 12.257407>, 0.100000
	pigment { color rgbt <1,0,0,0> }
	no_shadow
}

// particle -1
sphere {
	<9.042681, 9.762934, 12.387921> 0.100000
	pigment { color rgbt <1,0,0,0> }
	no_shadow
}
sphere {
	0, 1
	scale<0.080000,0.200000,0.300000>
	matrix <-0.156385, 0.442412, 0.883071,
		-0.444087, -0.830099, 0.337229,
		0.882230, -0.339423, 0.326285,
		9.307350, 9.661107, 12.485806>
	pigment { color rgbt <0,1,1,0> }
	no_shadow
}
cylinder {
	<8.609150, 9.757645, 12.951865>,  <8.689789, 9.898703, 12.257407>, 0.130000
	pigment { color rgbt <1,0,0,0> }
	no_shadow
}

// nucleotide -1

// particle -1
sphere {
	<8.609150, 9.757645, 12.951865> 0.250000
	pigment { color rgbt <1,0,0,0> }
	no_shadow
}
cylinder {
	<9.004800, 9.794292, 12.905841>,  <9.242189, 9.816281, 12.878226>, 0.100000
	pigment { color rgbt <1,0,0,0> }
	no_shadow
}
cylinder {
	<9.004800, 9.794292, 12.905841>,  <8.609150, 9.757645, 12.951865>, 0.100000
	pigment { color rgbt <1,0,0,0> }
	no_shadow
}

// particle -1
sphere {
	<9.004800, 9.794292, 12.905841> 0.100000
	pigment { color rgbt <1,0,0,0> }
	no_shadow
}
sphere {
	0, 1
	scale<0.080000,0.200000,0.300000>
	matrix <0.022237, 0.680140, 0.732744,
		0.145391, -0.727334, 0.670706,
		0.989124, 0.091620, -0.115060,
		9.301538, 9.821778, 12.871323>
	pigment { color rgbt <0,1,1,0> }
	no_shadow
}
cylinder {
	<8.764410, 9.959026, 13.580301>,  <8.609150, 9.757645, 12.951865>, 0.130000
	pigment { color rgbt <1,0,0,0> }
	no_shadow
}

// nucleotide -1

// particle -1
sphere {
	<8.764410, 9.959026, 13.580301> 0.250000
	pigment { color rgbt <1,0,0,0> }
	no_shadow
}
cylinder {
	<9.084122, 10.069923, 13.367026>,  <9.275949, 10.136461, 13.239061>, 0.100000
	pigment { color rgbt <1,0,0,0> }
	no_shadow
}
cylinder {
	<9.084122, 10.069923, 13.367026>,  <8.764410, 9.959026, 13.580301>, 0.100000
	pigment { color rgbt <1,0,0,0> }
	no_shadow
}

// particle -1
sphere {
	<9.084122, 10.069923, 13.367026> 0.100000
	pigment { color rgbt <1,0,0,0> }
	no_shadow
}
sphere {
	0, 1
	scale<0.080000,0.200000,0.300000>
	matrix <0.087115, 0.824405, 0.559256,
		0.594611, -0.493451, 0.634779,
		0.799280, 0.277241, -0.533187,
		9.323906, 10.153096, 13.207070>
	pigment { color rgbt <0,1,1,0> }
	no_shadow
}
cylinder {
	<9.356978, 9.980194, 14.040974>,  <8.764410, 9.959026, 13.580301>, 0.130000
	pigment { color rgbt <1,0,0,0> }
	no_shadow
}

// nucleotide -1

// particle -1
sphere {
	<9.356978, 9.980194, 14.040974> 0.250000
	pigment { color rgbt <1,0,0,0> }
	no_shadow
}
cylinder {
	<9.452253, 10.210940, 13.728437>,  <9.509418, 10.349388, 13.540915>, 0.100000
	pigment { color rgbt <1,0,0,0> }
	no_shadow
}
cylinder {
	<9.452253, 10.210940, 13.728437>,  <9.356978, 9.980194, 14.040974>, 0.100000
	pigment { color rgbt <1,0,0,0> }
	no_shadow
}

// particle -1
sphere {
	<9.452253, 10.210940, 13.728437> 0.100000
	pigment { color rgbt <1,0,0,0> }
	no_shadow
}
sphere {
	0, 1
	scale<0.080000,0.200000,0.300000>
	matrix <0.160696, 0.769997, 0.617479,
		0.957833, -0.272634, 0.090703,
		0.238187, 0.576866, -0.781340,
		9.523709, 10.384001, 13.494036>
	pigment { color rgbt <0,1,1,0> }
	no_shadow
}
cylinder {
	<9.940949, 10.224621, 14.314455>,  <9.356978, 9.980194, 14.040974>, 0.130000
	pigment { color rgbt <1,0,0,0> }
	no_shadow
}

// nucleotide -1

// particle -1
sphere {
	<9.940949, 10.224621, 14.314455> 0.250000
	pigment { color rgbt <1,0,0,0> }
	no_shadow
}
cylinder {
	<9.794785, 10.464106, 14.029353>,  <9.707086, 10.607797, 13.858292>, 0.100000
	pigment { color rgbt <1,0,0,0> }
	no_shadow
}
cylinder {
