// switches for output
#declare DRAW_BASES = 1; // possible values are 0, 1; only relevant for DNA ribbons
#declare DRAW_BASES_TYPE = 3; // possible values are 1, 2, 3; only relevant for DNA ribbons
#declare DRAW_FOG = 0; // set to 1 to enable fog

#include "colors.inc"

#include "transforms.inc"
background { rgb <1, 1, 1>}

#default {
   normal{
       ripples 0.25
       frequency 0.20
       turbulence 0.2
       lambda 5
   }
	finish {
		phong 0.1
		phong_size 40.
	}
}

// original window dimensions: 1024x640


// camera settings

camera {
	sky <0, 0.179814, -0.983701>
	up <0, 0.179814, -0.983701>
	right 1.6 * <1, 0, 0>
	location <25.469, 94.9851, 44.8844>
	look_at <25.469, 29.3977, 32.8955>
	direction <0, -65.5874, -11.9889>
	angle 67.0682
}


# declare cpy_camera_pos = <25.469, 94.9851, 44.8844>;
# if (DRAW_FOG = 1)
fog {
	fog_type 2
	up vnormalize(cpy_camera_pos)
	color rgbt<1,1,1,0.3>
	distance 1e-5
	fog_alt 3e-3
	fog_offset 28
}
# end


// LIGHTS

# declare lum = 6;
global_settings {
	ambient_light rgb lum * <0.05, 0.05, 0.05>
	max_trace_level 15
}# declare cpy_direct_light_amount = 0.25;
light_source
{	1000 * <-1, -1.16351, -0.803887>,
	rgb lum * cpy_direct_light_amount
	parallel
}

light_source
{	1000 * <1, 1.16351, 0.803887>,
	rgb lum * cpy_direct_light_amount
	parallel
}

// strand 0

// nucleotide -1

// particle -1
sphere {
	<4.355842, 14.674655, 14.769312> 0.250000
	pigment { color rgbt <1,0,0,0> }
	no_shadow
}
cylinder {
	<4.218849, 14.902346, 15.068294>,  <4.136652, 15.038960, 15.247683>, 0.100000
	pigment { color rgbt <1,0,0,0> }
	no_shadow
}
cylinder {
	<4.218849, 14.902346, 15.068294>,  <4.355842, 14.674655, 14.769312>, 0.100000
	pigment { color rgbt <1,0,0,0> }
	no_shadow
}

// particle -1
sphere {
	<4.218849, 14.902346, 15.068294> 0.100000
	pigment { color rgbt <1,0,0,0> }
	no_shadow
}
sphere {
	0, 1
	scale<0.080000,0.200000,0.300000>
	matrix <-0.134354, 0.757717, -0.638603,
		-0.929868, -0.319134, -0.183028,
		-0.342484, 0.569226, 0.747453,
		4.116104, 15.073113, 15.292530>
	pigment { color rgbt <0,1,1,0> }
	no_shadow
}
cylinder {
	<3.839036, 15.181625, 14.581650>,  <4.355842, 14.674655, 14.769312>, 0.130000
	pigment { color rgbt <1,0,0,0> }
	no_shadow
}

// nucleotide -1

// particle -1
sphere {
	<3.839036, 15.181625, 14.581650> 0.250000
	pigment { color rgbt <1,0,0,0> }
	no_shadow
}
cylinder {
	<4.063356, 15.355823, 14.863316>,  <4.197948, 15.460340, 15.032315>, 0.100000
	pigment { color rgbt <1,0,0,0> }
	no_shadow
}
cylinder {
	<4.063356, 15.355823, 14.863316>,  <3.839036, 15.181625, 14.581650>, 0.100000
	pigment { color rgbt <1,0,0,0> }
	no_shadow
}

// particle -1
sphere {
	<4.063356, 15.355823, 14.863316> 0.100000
	pigment { color rgbt <1,0,0,0> }
	no_shadow
}
sphere {
	0, 1
	scale<0.080000,0.200000,0.300000>
	matrix <-0.262345, 0.900133, -0.347758,
		-0.785289, 0.010289, 0.619044,
		0.560800, 0.435493, 0.704165,
		4.231596, 15.486470, 15.074565>
	pigment { color rgbt <0,1,1,0> }
	no_shadow
}
cylinder {
	<3.459437, 15.787555, 14.645932>,  <3.839036, 15.181625, 14.581650>, 0.130000
	pigment { color rgbt <1,0,0,0> }
	no_shadow
}

// nucleotide -1

// particle -1
sphere {
	<3.459437, 15.787555, 14.645932> 0.250000
	pigment { color rgbt <1,0,0,0> }
	no_shadow
}
cylinder {
	<3.827897, 15.816165, 14.798965>,  <4.048972, 15.833331, 14.890784>, 0.100000
	pigment { color rgbt <1,0,0,0> }
	no_shadow
}
cylinder {
	<3.827897, 15.816165, 14.798965>,  <3.459437, 15.787555, 14.645932>, 0.100000
	pigment { color rgbt <1,0,0,0> }
	no_shadow
}

// particle -1
sphere {
	<3.827897, 15.816165, 14.798965> 0.100000
	pigment { color rgbt <1,0,0,0> }
	no_shadow
}
sphere {
	0, 1
	scale<0.080000,0.200000,0.300000>
	matrix <0.081882, 0.925358, -0.370147,
		-0.380500, 0.372287, 0.846536,
		0.921149, 0.071524, 0.382582,
		4.104241, 15.837623, 14.913739>
	pigment { color rgbt <0,1,1,0> }
	no_shadow
}
cylinder {
	<3.598627, 16.471607, 14.973545>,  <3.459437, 15.787555, 14.645932>, 0.130000
	pigment { color rgbt <1,0,0,0> }
	no_shadow
}

// nucleotide -1

// particle -1
sphere {
	<3.598627, 16.471607, 14.973545> 0.250000
	pigment { color rgbt <1,0,0,0> }
	no_shadow
}
cylinder {
	<3.975809, 16.345612, 14.930426>,  <4.202117, 16.270014, 14.904553>, 0.100000
	pigment { color rgbt <1,0,0,0> }
	no_shadow
}
cylinder {
	<3.975809, 16.345612, 14.930426>,  <3.598627, 16.471607, 14.973545>, 0.100000
	pigment { color rgbt <1,0,0,0> }
	no_shadow
}

// particle -1
sphere {
	<3.975809, 16.345612, 14.930426> 0.100000
	pigment { color rgbt <1,0,0,0> }
	no_shadow
}
sphere {
	0, 1
	scale<0.080000,0.200000,0.300000>
	matrix <0.249762, 0.883397, -0.396521,
		0.220128, 0.346977, 0.911674,
		0.942954, -0.314987, -0.107799,
		4.258695, 16.251116, 14.898086>
	pigment { color rgbt <0,1,1,0> }
	no_shadow
}
cylinder {
	<4.033896, 16.889404, 15.401069>,  <3.598627, 16.471607, 14.973545>, 0.130000
	pigment { color rgbt <1,0,0,0> }
	no_shadow
}

// nucleotide -1

// particle -1
sphere {
	<4.033896, 16.889404, 15.401069> 0.250000
	pigment { color rgbt <1,0,0,0> }
	no_shadow
}
cylinder {
	<4.229344, 16.735876, 15.087653>,  <4.346612, 16.643759, 14.899604>, 0.100000
	pigment { color rgbt <1,0,0,0> }
	no_shadow
}
cylinder {
	<4.229344, 16.735876, 15.087653>,  <4.033896, 16.889404, 15.401069>, 0.100000
	pigment { color rgbt <1,0,0,0> }
	no_shadow
}

// particle -1
sphere {
	<4.229344, 16.735876, 15.087653> 0.100000
	pigment { color rgbt <1,0,0,0> }
	no_shadow
}
sphere {
	0, 1
	scale<0.080000,0.200000,0.300000>
	matrix <0.199354, 0.923399, -0.328013,
		0.849417, 0.004072, 0.527707,
		0.488620, -0.383820, -0.783539,
		4.375930, 16.620729, 14.852592>
	pigment { color rgbt <0,1,1,0> }
	no_shadow
}
cylinder {
	<4.637275, 17.141159, 15.372717>,  <4.033896, 16.889404, 15.401069>, 0.130000
	pigment { color rgbt <1,0,0,0> }
	no_shadow
}

// nucleotide -1

// particle -1
sphere {
	<4.637275, 17.141159, 15.372717> 0.250000
	pigment { color rgbt <1,0,0,0> }
	no_shadow
}
cylinder {
	<4.564181, 17.031881, 14.994940>,  <4.520324, 16.966314, 14.768273>, 0.100000
	pigment { color rgbt <1,0,0,0> }
	no_shadow
}
cylinder {
	<4.564181, 17.031881, 14.994940>,  <4.637275, 17.141159, 15.372717>, 0.100000
	pigment { color rgbt <1,0,0,0> }
	no_shadow
}

// particle -1
sphere {
	<4.564181, 17.031881, 14.994940> 0.100000
	pigment { color rgbt <1,0,0,0> }
	no_shadow
}
sphere {
	0, 1
	scale<0.080000,0.200000,0.300000>
	matrix <0.313126, 0.894423, -0.319311,
		0.931965, -0.354079, -0.077899,
		-0.182736, -0.273195, -0.944443,
		4.509360, 16.949923, 14.711607>
	pigment { color rgbt <0,1,1,0> }
	no_shadow
}
cylinder {
	<4.998785, 17.599400, 15.029358>,  <4.637275, 17.141159, 15.372717>, 0.130000
	pigment { color rgbt <1,0,0,0> }
	no_shadow
}

// nucleotide -1

// particle -1
sphere {
	<4.998785, 17.599400, 15.029358> 0.250000
	pigment { color rgbt <1,0,0,0> }
	no_shadow
}
cylinder {
	<4.821552, 17.428425, 14.714149>,  <4.715212, 17.325840, 14.525024>, 0.100000
	pigment { color rgbt <1,0,0,0> }
	no_shadow
}
cylinder {
	<4.821552, 17.428425, 14.714149>,  <4.998785, 17.599400, 15.029358>, 0.100000
	pigment { color rgbt <1,0,0,0> }
	no_shadow
}

// particle -1
sphere {
	<4.821552, 17.428425, 14.714149> 0.100000
	pigment { color rgbt <1,0,0,0> }
	no_shadow
}
sphere {
	0, 1
	scale<0.080000,0.200000,0.300000>
	matrix <0.252292, 0.784034, -0.567132,
		0.860248, -0.450097, -0.239552,
		-0.443081, -0.427438, -0.788020,
		4.688628, 17.300194, 14.477743>
	pigment { color rgbt <0,1,1,0> }
	no_shadow
}
cylinder {
	<5.519556, 17.659548, 14.485332>,  <4.998785, 17.599400, 15.029358>, 0.130000
	pigment { color rgbt <1,0,0,0> }
	no_shadow
}

// nucleotide -1

// particle -1
sphere {
	<5.519556, 17.659548, 14.485332> 0.250000
	pigment { color rgbt <1,0,0,0> }
	no_shadow
}
cylinder {
	<5.161451, 17.596985, 14.318459>,  <4.946588, 17.559446, 14.218334>, 0.100000
	pigment { color rgbt <1,0,0,0> }
	no_shadow
}
cylinder {
	<5.161451, 17.596985, 14.318459>,  <5.519556, 17.659548, 14.485332>, 0.100000
	pigment { color rgbt <1,0,0,0> }
	no_shadow
}

// particle -1
sphere {
	<5.161451, 17.596985, 14.318459> 0.100000
	pigment { color rgbt <1,0,0,0> }
	no_shadow
}
sphere {
	0, 1
	scale<0.080000,0.200000,0.300000>
	matrix <0.216906, 0.664896, -0.714749,
		0.389175, -0.730377, -0.561330,
		-0.895263, -0.156407, -0.417184,
		4.892872, 17.550062, 14.193303>
	pigment { color rgbt <0,1,1,0> }
	no_shadow
}
cylinder {
	<5.683460, 17.464159, 13.801735>,  <5.519556, 17.659548, 14.485332>, 0.130000
	pigment { color rgbt <1,0,0,0> }
	no_shadow
}

// nucleotide -1

// particle -1
sphere {
	<5.683460, 17.464159, 13.801735> 0.250000
	pigment { color rgbt <1,0,0,0> }
	no_shadow
}
cylinder {
	<5.326213, 17.641335, 13.833096>,  <5.111865, 17.747641, 13.851912>, 0.100000
	pigment { color rgbt <1,0,0,0> }
	no_shadow
}
cylinder {
	<5.326213, 17.641335, 13.833096>,  <5.683460, 17.464159, 13.801735>, 0.100000
	pigment { color rgbt <1,0,0,0> }
	no_shadow
}

// particle -1
sphere {
	<5.326213, 17.641335, 13.833096> 0.100000
	pigment { color rgbt <1,0,0,0> }
	no_shadow
}
sphere {
	0, 1
	scale<0.080000,0.200000,0.300000>
	matrix <0.250710, 0.634874, -0.730808,
		-0.373479, -0.633040, -0.678066,
		-0.893117, 0.442940, 0.078402,
		5.058278, 17.774216, 13.856616>
	pigment { color rgbt <0,1,1,0> }
	no_shadow
}
cylinder {
	<5.620244, 17.862249, 13.187732>,  <5.683460, 17.464159, 13.801735>, 0.130000
	pigment { color rgbt <1,0,0,0> }
	no_shadow
}

// nucleotide -1

// particle -1
sphere {
	<5.620244, 17.862249, 13.187732> 0.250000
	pigment { color rgbt <1,0,0,0> }
	no_shadow
}
cylinder {
	<5.299935, 18.003695, 13.381112>,  <5.107750, 18.088562, 13.497140>, 0.100000
	pigment { color rgbt <1,0,0,0> }
	no_shadow
}
cylinder {
	<5.299935, 18.003695, 13.381112>,  <5.620244, 17.862249, 13.187732>, 0.100000
	pigment { color rgbt <1,0,0,0> }
	no_shadow
}

// particle -1
sphere {
	<5.299935, 18.003695, 13.381112> 0.100000
	pigment { color rgbt <1,0,0,0> }
	no_shadow
}
sphere {
	0, 1
	scale<0.080000,0.200000,0.300000>
	matrix <0.052596, 0.845531, -0.531330,
		-0.596657, -0.400046, -0.695675,
		-0.800771, 0.353612, 0.483451,
		5.059704, 18.109777, 13.526148>
	pigment { color rgbt <0,1,1,0> }
	no_shadow
}
cylinder {
	<5.170949, 18.038464, 12.757336>,  <5.620244, 17.862249, 13.187732>, 0.130000
	pigment { color rgbt <1,0,0,0> }
	no_shadow
}

// nucleotide -1

// particle -1
sphere {
	<5.170949, 18.038464, 12.757336> 0.250000
	pigment { color rgbt <1,0,0,0> }
	no_shadow
}
cylinder {
	<5.071860, 18.262403, 13.073615>,  <5.012407, 18.396767, 13.263383>, 0.100000
	pigment { color rgbt <1,0,0,0> }
	no_shadow
}
cylinder {
	<5.071860, 18.262403, 13.073615>,  <5.170949, 18.038464, 12.757336>, 0.100000
	pigment { color rgbt <1,0,0,0> }
	no_shadow
}

// particle -1
sphere {
	<5.071860, 18.262403, 13.073615> 0.100000
	pigment { color rgbt <1,0,0,0> }
	no_shadow
}
sphere {
	0, 1
	scale<0.080000,0.200000,0.300000>
	matrix <0.199740, 0.828115, -0.523765,
		-0.948018, 0.028186, -0.316966,
		-0.247722, 0.559849, 0.790698,
		4.997543, 18.430359, 13.310824>
	pigment { color rgbt <0,1,1,0> }
	no_shadow
}
cylinder {
	<4.862825, 18.654039, 12.444942>,  <5.170949, 18.038464, 12.757336>, 0.130000
	pigment { color rgbt <1,0,0,0> }
	no_shadow
}

// nucleotide -1

// particle -1
sphere {
	<4.862825, 18.654039, 12.444942> 0.250000
	pigment { color rgbt <1,0,0,0> }
	no_shadow
}
cylinder {
	<4.966371, 18.763769, 12.815397>,  <5.028499, 18.829607, 13.037671>, 0.100000
	pigment { color rgbt <1,0,0,0> }
	no_shadow
}
cylinder {
	<4.966371, 18.763769, 12.815397>,  <4.862825, 18.654039, 12.444942>, 0.100000
	pigment { color rgbt <1,0,0,0> }
	no_shadow
}

// particle -1
sphere {
	<4.966371, 18.763769, 12.815397> 0.100000
	pigment { color rgbt <1,0,0,0> }
	no_shadow
}
sphere {
	0, 1
	scale<0.080000,0.200000,0.300000>
	matrix <0.075943, 0.950074, -0.302640,
		-0.962924, 0.148677, 0.225107,
		0.258864, 0.274324, 0.926140,
		5.044030, 18.846066, 13.093240>
	pigment { color rgbt <0,1,1,0> }
	no_shadow
}
cylinder {
	<4.522812, 19.282640, 12.539479>,  <4.862825, 18.654039, 12.444942>, 0.130000
	pigment { color rgbt <1,0,0,0> }
	no_shadow
}

// nucleotide -1

// particle -1
sphere {
	<4.522812, 19.282640, 12.539479> 0.250000
	pigment { color rgbt <1,0,0,0> }
	no_shadow
}
cylinder {
	<4.785454, 19.281849, 12.841172>,  <4.943039, 19.281374, 13.022188>, 0.100000
	pigment { color rgbt <1,0,0,0> }
	no_shadow
}
cylinder {
	<4.785454, 19.281849, 12.841172>,  <4.522812, 19.282640, 12.539479>, 0.100000
	pigment { color rgbt <1,0,0,0> }
	no_shadow
}

// particle -1
sphere {
	<4.785454, 19.281849, 12.841172> 0.100000
	pigment { color rgbt <1,0,0,0> }
	no_shadow
}
sphere {
	0, 1
	scale<0.080000,0.200000,0.300000>
	matrix <0.135052, 0.984144, -0.114986,
		-0.742046, 0.177361, 0.646460,
		0.656604, -0.001980, 0.754233,
		4.982435, 19.281256, 13.067442>
	pigment { color rgbt <0,1,1,0> }
	no_shadow
}
cylinder {
	<4.294651, 19.907078, 13.064719>,  <4.522812, 19.282640, 12.539479>, 0.130000
	pigment { color rgbt <1,0,0,0> }
	no_shadow
}

// nucleotide -1

// particle -1
sphere {
	<4.294651, 19.907078, 13.064719> 0.250000
	pigment { color rgbt <1,0,0,0> }
	no_shadow
}
cylinder {
	<4.679853, 19.822407, 13.131428>,  <4.910975, 19.771605, 13.171453>, 0.100000
	pigment { color rgbt <1,0,0,0> }
	no_shadow
}
cylinder {
	<4.679853, 19.822407, 13.131428>,  <4.294651, 19.907078, 13.064719>, 0.100000
	pigment { color rgbt <1,0,0,0> }
	no_shadow
}

// particle -1
sphere {
	<4.679853, 19.822407, 13.131428> 0.100000
	pigment { color rgbt <1,0,0,0> }
	no_shadow
}
sphere {
	0, 1
	scale<0.080000,0.200000,0.300000>
	matrix <0.195332, 0.974645, 0.109147,
		-0.185647, -0.072533, 0.979936,
		0.963006, -0.211676, 0.166771,
		4.968755, 19.758904, 13.181459>
	pigment { color rgbt <0,1,1,0> }
	no_shadow
}
cylinder {
	<4.465196, 20.331408, 13.615671>,  <4.294651, 19.907078, 13.064719>, 0.130000
	pigment { color rgbt <1,0,0,0> }
	no_shadow
}

// nucleotide -1

// particle -1
sphere {
	<4.465196, 20.331408, 13.615671> 0.250000
	pigment { color rgbt <1,0,0,0> }
	no_shadow
}
cylinder {
	<4.819748, 20.245470, 13.451636>,  <5.032479, 20.193907, 13.353215>, 0.100000
	pigment { color rgbt <1,0,0,0> }
	no_shadow
}
cylinder {
	<4.819748, 20.245470, 13.451636>,  <4.465196, 20.331408, 13.615671>, 0.100000
	pigment { color rgbt <1,0,0,0> }
	no_shadow
}

// particle -1
sphere {
	<4.819748, 20.245470, 13.451636> 0.100000
	pigment { color rgbt <1,0,0,0> }
	no_shadow
}
sphere {
	0, 1
	scale<0.080000,0.200000,0.300000>
	matrix <0.311152, 0.932364, 0.184072,
		0.342803, -0.290757, 0.893279,
		0.886381, -0.214845, -0.410086,
		5.085662, 20.181017, 13.328610>
	pigment { color rgbt <0,1,1,0> }
	no_shadow
}
cylinder {
	<5.026040, 20.499752, 14.152552>,  <4.465196, 20.331408, 13.615671>, 0.130000
	pigment { color rgbt <1,0,0,0> }
	no_shadow
}

// nucleotide -1

// particle -1
sphere {
	<5.026040, 20.499752, 14.152552> 0.250000
	pigment { color rgbt <1,0,0,0> }
	no_shadow
}
cylinder {
	<5.221450, 20.481529, 13.804008>,  <5.338696, 20.470596, 13.594881>, 0.100000
	pigment { color rgbt <1,0,0,0> }
	no_shadow
}
cylinder {
	<5.221450, 20.481529, 13.804008>,  <5.026040, 20.499752, 14.152552>, 0.100000
	pigment { color rgbt <1,0,0,0> }
	no_shadow
}

// particle -1
sphere {
	<5.221450, 20.481529, 13.804008> 0.100000
	pigment { color rgbt <1,0,0,0> }
	no_shadow
}
sphere {
	0, 1
	scale<0.080000,0.200000,0.300000>
	matrix <0.558896, 0.783221, 0.272396,
		0.670058, -0.620072, 0.408085,
		0.488525, -0.045556, -0.871360,
		5.368007, 20.467863, 13.542600>
	pigment { color rgbt <0,1,1,0> }
	no_shadow
}
cylinder {
	<5.780626, 20.652618, 14.221742>,  <5.026040, 20.499752, 14.152552>, 0.130000
	pigment { color rgbt <1,0,0,0> }
	no_shadow
}

// nucleotide -1

// particle -1
sphere {
	<5.780626, 20.652618, 14.221742> 0.250000
	pigment { color rgbt <1,0,0,0> }
	no_shadow
}
cylinder {
	<5.722637, 20.717503, 13.831322>,  <5.687844, 20.756433, 13.597070>, 0.100000
	pigment { color rgbt <1,0,0,0> }
	no_shadow
}
cylinder {
	<5.722637, 20.717503, 13.831322>,  <5.780626, 20.652618, 14.221742>, 0.100000
	pigment { color rgbt <1,0,0,0> }
	no_shadow
}

// particle -1
sphere {
	<5.722637, 20.717503, 13.831322> 0.100000
	pigment { color rgbt <1,0,0,0> }
	no_shadow
}
sphere {
	0, 1
	scale<0.080000,0.200000,0.300000>
	matrix <0.543756, 0.837211, 0.058372,
		0.826627, -0.522270, -0.209574,
		-0.144971, 0.162209, -0.976049,
		5.679146, 20.766165, 13.538507>
	pigment { color rgbt <0,1,1,0> }
	no_shadow
}
cylinder {
	<6.479847, 20.782181, 13.834394>,  <5.780626, 20.652618, 14.221742>, 0.130000
	pigment { color rgbt <1,0,0,0> }
	no_shadow
}

// nucleotide -1

// particle -1
sphere {
	<6.479847, 20.782181, 13.834394> 0.250000
	pigment { color rgbt <1,0,0,0> }
	no_shadow
}
cylinder {
	<6.173774, 20.945301, 13.635118>,  <5.990130, 21.043173, 13.515552>, 0.100000
	pigment { color rgbt <1,0,0,0> }
	no_shadow
}
cylinder {
	<6.173774, 20.945301, 13.635118>,  <6.479847, 20.782181, 13.834394>, 0.100000
	pigment { color rgbt <1,0,0,0> }
	no_shadow
}

// particle -1
sphere {
	<6.173774, 20.945301, 13.635118> 0.100000
	pigment { color rgbt <1,0,0,0> }
	no_shadow
}
sphere {
	0, 1
	scale<0.080000,0.200000,0.300000>
	matrix <0.488340, 0.871896, -0.036355,
		0.419547, -0.271106, -0.866304,
		-0.765183, 0.407798, -0.498193,
		5.944220, 21.067640, 13.485660>
	pigment { color rgbt <0,1,1,0> }
	no_shadow
}
cylinder {
	<6.791573, 21.117273, 13.325206>,  <6.479847, 20.782181, 13.834394>, 0.130000
	pigment { color rgbt <1,0,0,0> }
	no_shadow
}

// nucleotide -1

// particle -1
sphere {
	<6.791573, 21.117273, 13.325206> 0.250000
	pigment { color rgbt <1,0,0,0> }
	no_shadow
}
cylinder {
	<6.429269, 21.285913, 13.307970>,  <6.211887, 21.387096, 13.297628>, 0.100000
	pigment { color rgbt <1,0,0,0> }
	no_shadow
}
cylinder {
	<6.429269, 21.285913, 13.307970>,  <6.791573, 21.117273, 13.325206>, 0.100000
	pigment { color rgbt <1,0,0,0> }
	no_shadow
}

// particle -1
sphere {
	<6.429269, 21.285913, 13.307970> 0.100000
	pigment { color rgbt <1,0,0,0> }
	no_shadow
}
sphere {
	0, 1
	scale<0.080000,0.200000,0.300000>
	matrix <0.422135, 0.906525, -0.003769,
		0.037472, -0.021604, -0.999064,
		-0.905758, 0.421599, -0.043089,
		6.157542, 21.412394, 13.295043>
	pigment { color rgbt <0,1,1,0> }
	no_shadow
}
cylinder {
	<6.833466, 21.633631, 12.814654>,  <6.791573, 21.117273, 13.325206>, 0.130000
	pigment { color rgbt <1,0,0,0> }
	no_shadow
}

// nucleotide -1

// particle -1
sphere {
	<6.833466, 21.633631, 12.814654> 0.250000
	pigment { color rgbt <1,0,0,0> }
	no_shadow
}
cylinder {
	<6.509364, 21.743345, 13.021827>,  <6.314902, 21.809174, 13.146130>, 0.100000
	pigment { color rgbt <1,0,0,0> }
	no_shadow
}
cylinder {
	<6.509364, 21.743345, 13.021827>,  <6.833466, 21.633631, 12.814654>, 0.100000
	pigment { color rgbt <1,0,0,0> }
	no_shadow
}

// particle -1
sphere {
	<6.509364, 21.743345, 13.021827> 0.100000
	pigment { color rgbt <1,0,0,0> }
	no_shadow
}
sphere {
	0, 1
	scale<0.080000,0.200000,0.300000>
	matrix <0.237887, 0.961571, -0.137081,
		-0.535626, 0.012139, -0.844368,
		-0.810256, 0.274288, 0.517931,
		6.266287, 21.825632, 13.177206>
	pigment { color rgbt <0,1,1,0> }
	no_shadow
}
cylinder {
	<6.496177, 22.041279, 12.372106>,  <6.833466, 21.633631, 12.814654>, 0.130000
	pigment { color rgbt <1,0,0,0> }
	no_shadow
}

// nucleotide -1

// particle -1
sphere {
	<6.496177, 22.041279, 12.372106> 0.250000
	pigment { color rgbt <1,0,0,0> }
	no_shadow
}
cylinder {
	<6.388976, 22.140778, 12.744407>,  <6.324656, 22.200478, 12.967787>, 0.100000
	pigment { color rgbt <1,0,0,0> }
	no_shadow
}
cylinder {
	<6.388976, 22.140778, 12.744407>,  <6.496177, 22.041279, 12.372106>, 0.100000
	pigment { color rgbt <1,0,0,0> }
	no_shadow
}

// particle -1
sphere {
	<6.388976, 22.140778, 12.744407> 0.100000
	pigment { color rgbt <1,0,0,0> }
	no_shadow
}
sphere {
	0, 1
	scale<0.080000,0.200000,0.300000>
	matrix <0.212823, 0.957512, -0.194619,
		-0.939618, 0.145927, -0.309554,
		-0.268002, 0.248748, 0.930752,
		6.308576, 22.215403, 13.023632>
	pigment { color rgbt <0,1,1,0> }
	no_shadow
}
cylinder {
	<6.056478, 22.622835, 12.303192>,  <6.496177, 22.041279, 12.372106>, 0.130000
	pigment { color rgbt <1,0,0,0> }
	no_shadow
}

// nucleotide -1

// particle -1
sphere {
	<6.056478, 22.622835, 12.303192> 0.250000
	pigment { color rgbt <1,0,0,0> }
	no_shadow
}
cylinder {
	<6.194799, 22.617476, 12.678476>,  <6.277792, 22.614260, 12.903647>, 0.100000
	pigment { color rgbt <1,0,0,0> }
	no_shadow
}
cylinder {
	<6.194799, 22.617476, 12.678476>,  <6.056478, 22.622835, 12.303192>, 0.100000
	pigment { color rgbt <1,0,0,0> }
	no_shadow
}

// particle -1
sphere {
	<6.194799, 22.617476, 12.678476> 0.100000
	pigment { color rgbt <1,0,0,0> }
	no_shadow
}
sphere {
	0, 1
	scale<0.080000,0.200000,0.300000>
	matrix <0.012809, 0.999872, 0.009560,
		-0.938220, 0.008712, 0.345930,
		0.345802, -0.013401, 0.938212,
		6.298540, 22.613455, 12.959940>
	pigment { color rgbt <0,1,1,0> }
	no_shadow
}
cylinder {
	<5.666176, 23.164101, 12.609639>,  <6.056478, 22.622835, 12.303192>, 0.130000
	pigment { color rgbt <1,0,0,0> }
	no_shadow
}

// nucleotide -1

// particle -1
sphere {
	<5.666176, 23.164101, 12.609639> 0.250000
	pigment { color rgbt <1,0,0,0> }
	no_shadow
}
cylinder {
	<5.967762, 23.107002, 12.866127>,  <6.148713, 23.072742, 13.020020>, 0.100000
	pigment { color rgbt <1,0,0,0> }
	no_shadow
}
cylinder {
	<5.967762, 23.107002, 12.866127>,  <5.666176, 23.164101, 12.609639>, 0.100000
	pigment { color rgbt <1,0,0,0> }
	no_shadow
}

// particle -1
sphere {
	<5.967762, 23.107002, 12.866127> 0.100000
	pigment { color rgbt <1,0,0,0> }
	no_shadow
}
sphere {
	0, 1
	scale<0.080000,0.200000,0.300000>
	matrix <0.143053, 0.988358, 0.051817,
		-0.641152, 0.052660, 0.765605,
		0.753963, -0.142745, 0.641220,
		6.193951, 23.064178, 13.058493>
	pigment { color rgbt <0,1,1,0> }
	no_shadow
}
cylinder {
	<5.637918, 23.737123, 12.998312>,  <5.666176, 23.164101, 12.609639>, 0.130000
	pigment { color rgbt <1,0,0,0> }
	no_shadow
}

// nucleotide -1

// particle -1
sphere {
	<5.637918, 23.737123, 12.998312> 0.250000
	pigment { color rgbt <1,0,0,0> }
	no_shadow
}
cylinder {
	<6.006219, 23.607105, 13.084620>,  <6.227200, 23.529095, 13.136406>, 0.100000
	pigment { color rgbt <1,0,0,0> }
	no_shadow
}
cylinder {
	<6.006219, 23.607105, 13.084620>,  <5.637918, 23.737123, 12.998312>, 0.100000
	pigment { color rgbt <1,0,0,0> }
	no_shadow
}

// particle -1
sphere {
	<6.006219, 23.607105, 13.084620> 0.100000
	pigment { color rgbt <1,0,0,0> }
	no_shadow
}
sphere {
	0, 1
	scale<0.080000,0.200000,0.300000>
	matrix <0.312951, 0.945587, 0.089029,
		-0.232970, -0.014448, 0.972377,
		0.920753, -0.325048, 0.215772,
		6.282445, 23.509590, 13.149352>
	pigment { color rgbt <0,1,1,0> }
	no_shadow
}
cylinder {
	<5.714171, 24.060366, 13.698074>,  <5.637918, 23.737123, 12.998312>, 0.130000
	pigment { color rgbt <1,0,0,0> }
	no_shadow
}

// nucleotide -1

// particle -1
sphere {
	<5.714171, 24.060366, 13.698074> 0.250000
	pigment { color rgbt <1,0,0,0> }
	no_shadow
}
cylinder {
	<6.036433, 23.957834, 13.484452>,  <6.229791, 23.896317, 13.356278>, 0.100000
	pigment { color rgbt <1,0,0,0> }
	no_shadow
}
cylinder {
	<6.036433, 23.957834, 13.484452>,  <5.714171, 24.060366, 13.698074>, 0.100000
	pigment { color rgbt <1,0,0,0> }
	no_shadow
}

// particle -1
sphere {
	<6.036433, 23.957834, 13.484452> 0.100000
	pigment { color rgbt <1,0,0,0> }
	no_shadow
}
sphere {
	0, 1
	scale<0.080000,0.200000,0.300000>
	matrix <0.263076, 0.962574, -0.065132,
		0.530764, -0.088024, 0.842936,
		0.805655, -0.256326, -0.534056,
		6.278130, 23.880936, 13.324235>
	pigment { color rgbt <0,1,1,0> }
	no_shadow
}
cylinder {
	<6.420576, 24.307835, 14.031047>,  <5.714171, 24.060366, 13.698074>, 0.130000
	pigment { color rgbt <1,0,0,0> }
	no_shadow
}

// nucleotide -1

// particle -1
sphere {
	<6.420576, 24.307835, 14.031047> 0.250000
	pigment { color rgbt <1,0,0,0> }
	no_shadow
}
cylinder {
	<6.409094, 24.304089, 13.631229>,  <6.402205, 24.301842, 13.391338>, 0.100000
	pigment { color rgbt <1,0,0,0> }
	no_shadow
}
cylinder {
	<6.409094, 24.304089, 13.631229>,  <6.420576, 24.307835, 14.031047>, 0.100000
	pigment { color rgbt <1,0,0,0> }
	no_shadow
}

// particle -1
sphere {
	<6.409094, 24.304089, 13.631229> 0.100000
	pigment { color rgbt <1,0,0,0> }
	no_shadow
}
sphere {
	0, 1
	scale<0.080000,0.200000,0.300000>
	matrix <0.119760, 0.992721, -0.012741,
		0.992388, -0.120071, -0.027373,
		-0.028704, -0.009366, -0.999544,
		6.400483, 24.301279, 13.331367>
	pigment { color rgbt <0,1,1,0> }
	no_shadow
}
cylinder {
	<7.005320, 24.675415, 13.603744>,  <6.420576, 24.307835, 14.031047>, 0.130000
	pigment { color rgbt <1,0,0,0> }
	no_shadow
}

// nucleotide -1

// particle -1
sphere {
	<7.005320, 24.675415, 13.603744> 0.250000
	pigment { color rgbt <1,0,0,0> }
	no_shadow
}
cylinder {
	<6.689095, 24.654758, 13.359663>,  <6.499360, 24.642365, 13.213215>, 0.100000
	pigment { color rgbt <1,0,0,0> }
	no_shadow
}
cylinder {
	<6.689095, 24.654758, 13.359663>,  <7.005320, 24.675415, 13.603744>, 0.100000
	pigment { color rgbt <1,0,0,0> }
	no_shadow
}

// particle -1
sphere {
	<6.689095, 24.654758, 13.359663> 0.100000
	pigment { color rgbt <1,0,0,0> }
	no_shadow
}
sphere {
	0, 1
	scale<0.080000,0.200000,0.300000>
	matrix <-0.000996, 0.996545, -0.083048,
		0.612381, -0.065047, -0.787882,
		-0.790562, -0.051642, -0.610201,
		6.451926, 24.639265, 13.176602>
	pigment { color rgbt <0,1,1,0> }
	no_shadow
}
cylinder {
	<6.930600, 25.399643, 13.240636>,  <7.005320, 24.675415, 13.603744>, 0.130000
	pigment { color rgbt <1,0,0,0> }
	no_shadow
}

// nucleotide -1

// particle -1
sphere {
	<6.930600, 25.399643, 13.240636> 0.250000
	pigment { color rgbt <1,0,0,0> }
	no_shadow
}
cylinder {
	<6.611131, 25.195074, 13.113787>,  <6.419449, 25.072332, 13.037677>, 0.100000
	pigment { color rgbt <1,0,0,0> }
	no_shadow
}
cylinder {
	<6.611131, 25.195074, 13.113787>,  <6.930600, 25.399643, 13.240636>, 0.100000
	pigment { color rgbt <1,0,0,0> }
	no_shadow
}

// particle -1
sphere {
	<6.611131, 25.195074, 13.113787> 0.100000
	pigment { color rgbt <1,0,0,0> }
	no_shadow
}
sphere {
	0, 1
	scale<0.080000,0.200000,0.300000>
	matrix <0.482343, -0.228964, -0.845530,
		0.359813, -0.828265, 0.429548,
		-0.798674, -0.511422, -0.317124,
		6.371529, 25.041647, 13.018650>
	pigment { color rgbt <0,1,1,0> }
	no_shadow
}
cylinder {
	<7.579036, 25.372877, 13.657309>,  <6.930600, 25.399643, 13.240636>, 0.130000
	pigment { color rgbt <1,0,0,0> }
	no_shadow
}

// nucleotide -1

// particle -1
sphere {
	<7.579036, 25.372877, 13.657309> 0.250000
	pigment { color rgbt <1,0,0,0> }
	no_shadow
}
cylinder {
	<7.434394, 25.572716, 13.972178>,  <7.347609, 25.692619, 14.161100>, 0.100000
	pigment { color rgbt <1,0,0,0> }
	no_shadow
}
cylinder {
	<7.434394, 25.572716, 13.972178>,  <7.579036, 25.372877, 13.657309>, 0.100000
	pigment { color rgbt <1,0,0,0> }
	no_shadow
}

// particle -1
sphere {
	<7.434394, 25.572716, 13.972178> 0.100000
	pigment { color rgbt <1,0,0,0> }
	no_shadow
}
sphere {
	0, 1
	scale<0.080000,0.200000,0.300000>
	matrix <-0.024615, -0.849130, 0.527611,
		0.932006, 0.171411, 0.319347,
		-0.361605, 0.499597, 0.787175,
		7.325912, 25.722595, 14.208331>
	pigment { color rgbt <0,1,1,0> }
	no_shadow
}
cylinder {
	<7.444908, 24.900337, 14.122705>,  <7.579036, 25.372877, 13.657309>, 0.130000
	pigment { color rgbt <1,0,0,0> }
	no_shadow
}

// nucleotide -1

// particle -1
sphere {
	<7.444908, 24.900337, 14.122705> 0.250000
	pigment { color rgbt <1,0,0,0> }
	no_shadow
}
cylinder {
	<7.268294, 25.178087, 14.349998>,  <7.162326, 25.344738, 14.486375>, 0.100000
	pigment { color rgbt <1,0,0,0> }
	no_shadow
}
cylinder {
	<7.268294, 25.178087, 14.349998>,  <7.444908, 24.900337, 14.122705>, 0.100000
	pigment { color rgbt <1,0,0,0> }
	no_shadow
}

// particle -1
sphere {
	<7.268294, 25.178087, 14.349998> 0.100000
	pigment { color rgbt <1,0,0,0> }
	no_shadow
}
sphere {
	0, 1
	scale<0.080000,0.200000,0.300000>
	matrix <-0.314919, -0.712953, 0.626517,
		0.840163, 0.097681, 0.533465,
		-0.441534, 0.694375, 0.568235,
		7.135834, 25.386400, 14.520469>
	pigment { color rgbt <0,1,1,0> }
	no_shadow
}
cylinder {
	<7.759157, 24.883692, 14.772159>,  <7.444908, 24.900337, 14.122705>, 0.130000
	pigment { color rgbt <1,0,0,0> }
	no_shadow
}

// nucleotide -1

// particle -1
sphere {
	<7.759157, 24.883692, 14.772159> 0.250000
	pigment { color rgbt <1,0,0,0> }
	no_shadow
}
cylinder {
	<7.381168, 25.007675, 14.814027>,  <7.154375, 25.082066, 14.839148>, 0.100000
	pigment { color rgbt <1,0,0,0> }
	no_shadow
}
cylinder {
	<7.381168, 25.007675, 14.814027>,  <7.759157, 24.883692, 14.772159>, 0.100000
	pigment { color rgbt <1,0,0,0> }
	no_shadow
}

// particle -1
sphere {
	<7.381168, 25.007675, 14.814027> 0.100000
	pigment { color rgbt <1,0,0,0> }
	no_shadow
}
sphere {
	0, 1
	scale<0.080000,0.200000,0.300000>
	matrix <-0.170845, -0.740392, 0.650101,
		0.279000, 0.596444, 0.752604,
		-0.944971, 0.309957, 0.104670,
		7.097677, 25.100662, 14.845428>
	pigment { color rgbt <0,1,1,0> }
	no_shadow
}
cylinder {
	<7.566920, 24.878254, 15.437367>,  <7.759157, 24.883692, 14.772159>, 0.130000
	pigment { color rgbt <1,0,0,0> }
	no_shadow
}

// nucleotide -1

// particle -1
sphere {
	<7.566920, 24.878254, 15.437367> 0.250000
	pigment { color rgbt <1,0,0,0> }
	no_shadow
}
cylinder {
	<7.188321, 24.864908, 15.308977>,  <6.961161, 24.856901, 15.231943>, 0.100000
	pigment { color rgbt <1,0,0,0> }
	no_shadow
}
cylinder {
	<7.188321, 24.864908, 15.308977>,  <7.566920, 24.878254, 15.437367>, 0.100000
	pigment { color rgbt <1,0,0,0> }
	no_shadow
}

// particle -1
sphere {
	<7.188321, 24.864908, 15.308977> 0.100000
	pigment { color rgbt <1,0,0,0> }
	no_shadow
}
sphere {
	0, 1
	scale<0.080000,0.200000,0.300000>
	matrix <-0.113574, -0.896564, 0.428105,
		-0.302058, 0.441656, 0.844808,
		-0.946499, -0.033364, -0.320976,
		6.904371, 24.854898, 15.212685>
	pigment { color rgbt <0,1,1,0> }
	no_shadow
}
cylinder {
	<7.022857, 24.461149, 15.784858>,  <7.566920, 24.878254, 15.437367>, 0.130000
	pigment { color rgbt <1,0,0,0> }
	no_shadow
}

// nucleotide -1

// particle -1
sphere {
	<7.022857, 24.461149, 15.784858> 0.250000
	pigment { color rgbt <1,0,0,0> }
	no_shadow
}
cylinder {
	<7.215364, 24.460627, 16.135487>,  <7.330868, 24.460312, 16.345863>, 0.100000
	pigment { color rgbt <1,0,0,0> }
	no_shadow
}
cylinder {
	<7.215364, 24.460627, 16.135487>,  <7.022857, 24.461149, 15.784858>, 0.100000
	pigment { color rgbt <1,0,0,0> }
	no_shadow
}

// particle -1
sphere {
	<7.215364, 24.460627, 16.135487> 0.100000
	pigment { color rgbt <1,0,0,0> }
	no_shadow
}
sphere {
	0, 1
	scale<0.080000,0.200000,0.300000>
	matrix <-0.342001, -0.921028, 0.186395,
		0.807104, -0.389495, -0.443708,
		0.481267, -0.001308, 0.876573,
		7.359744, 24.460234, 16.398458>
	pigment { color rgbt <0,1,1,0> }
	no_shadow
}
cylinder {
	<7.597412, 23.870562, 15.806443>,  <7.022857, 24.461149, 15.784858>, 0.130000
	pigment { color rgbt <1,0,0,0> }
	no_shadow
}

// nucleotide -1

// particle -1
sphere {
	<7.597412, 23.870562, 15.806443> 0.250000
	pigment { color rgbt <1,0,0,0> }
	no_shadow
}
cylinder {
	<7.394093, 23.957741, 16.139702>,  <7.272101, 24.010048, 16.339657>, 0.100000
	pigment { color rgbt <1,0,0,0> }
	no_shadow
}
cylinder {
	<7.394093, 23.957741, 16.139702>,  <7.597412, 23.870562, 15.806443>, 0.100000
	pigment { color rgbt <1,0,0,0> }
	no_shadow
}

// particle -1
sphere {
	<7.394093, 23.957741, 16.139702> 0.100000
	pigment { color rgbt <1,0,0,0> }
	no_shadow
}
sphere {
	0, 1
	scale<0.080000,0.200000,0.300000>
	matrix <-0.361655, -0.932024, 0.023171,
		0.781562, -0.289533, 0.552567,
		-0.508297, 0.217948, 0.833146,
		7.241603, 24.023125, 16.389647>
	pigment { color rgbt <0,1,1,0> }
	no_shadow
}
cylinder {
	<7.793236, 23.309948, 16.429794>,  <7.597412, 23.870562, 15.806443>, 0.130000
	pigment { color rgbt <1,0,0,0> }
	no_shadow
}

// nucleotide -1

// particle -1
sphere {
	<7.793236, 23.309948, 16.429794> 0.250000
	pigment { color rgbt <1,0,0,0> }
	no_shadow
}
cylinder {
	<7.432877, 23.483547, 16.431969>,  <7.216661, 23.587706, 16.433273>, 0.100000
	pigment { color rgbt <1,0,0,0> }
	no_shadow
}
cylinder {
	<7.432877, 23.483547, 16.431969>,  <7.793236, 23.309948, 16.429794>, 0.100000
	pigment { color rgbt <1,0,0,0> }
	no_shadow
}

// particle -1
sphere {
	<7.432877, 23.483547, 16.431969> 0.100000
	pigment { color rgbt <1,0,0,0> }
	no_shadow
}
sphere {
	0, 1
	scale<0.080000,0.200000,0.300000>
	matrix <-0.432671, -0.898996, 0.067833,
		0.034324, 0.058760, 0.997682,
		-0.900898, 0.433996, 0.005434,
		7.162607, 23.613747, 16.433599>
	pigment { color rgbt <0,1,1,0> }
	no_shadow
}
cylinder {
	<7.390458, 23.050018, 16.927204>,  <7.793236, 23.309948, 16.429794>, 0.130000
	pigment { color rgbt <1,0,0,0> }
	no_shadow
}

// nucleotide -1

// particle -1
sphere {
	<7.390458, 23.050018, 16.927204> 0.250000
	pigment { color rgbt <1,0,0,0> }
	no_shadow
}
cylinder {
	<7.157144, 23.156885, 16.620375>,  <7.017156, 23.221004, 16.436277>, 0.100000
	pigment { color rgbt <1,0,0,0> }
	no_shadow
}
cylinder {
	<7.157144, 23.156885, 16.620375>,  <7.390458, 23.050018, 16.927204>, 0.100000
	pigment { color rgbt <1,0,0,0> }
	no_shadow
}

// particle -1
sphere {
	<7.157144, 23.156885, 16.620375> 0.100000
	pigment { color rgbt <1,0,0,0> }
	no_shadow
}
sphere {
	0, 1
	scale<0.080000,0.200000,0.300000>
	matrix <-0.359271, -0.931819, -0.051356,
		-0.728494, 0.245632, 0.639500,
		-0.583284, 0.267167, -0.767074,
		6.982159, 23.237036, 16.390253>
	pigment { color rgbt <0,1,1,0> }
	no_shadow
}
cylinder {
	<6.706891, 22.842270, 17.090815>,  <7.390458, 23.050018, 16.927204>, 0.130000
	pigment { color rgbt <1,0,0,0> }
	no_shadow
}

// nucleotide -1

// particle -1
sphere {
	<6.706891, 22.842270, 17.090815> 0.250000
	pigment { color rgbt <1,0,0,0> }
	no_shadow
}
cylinder {
	<6.759149, 22.834551, 16.694319>,  <6.790504, 22.829920, 16.456421>, 0.100000
	pigment { color rgbt <1,0,0,0> }
	no_shadow
}
cylinder {
	<6.759149, 22.834551, 16.694319>,  <6.706891, 22.842270, 17.090815>, 0.100000
	pigment { color rgbt <1,0,0,0> }
	no_shadow
}

// particle -1
sphere {
	<6.759149, 22.834551, 16.694319> 0.100000
	pigment { color rgbt <1,0,0,0> }
	no_shadow
}
sphere {
	0, 1
	scale<0.080000,0.200000,0.300000>
	matrix <-0.172870, -0.984938, -0.003610,
		-0.976242, 0.171827, -0.132013,
		0.130645, -0.019297, -0.991242,
		6.798342, 22.828762, 16.396946>
	pigment { color rgbt <0,1,1,0> }
	no_shadow
}
cylinder {
	<6.173827, 22.490564, 16.935051>,  <6.706891, 22.842270, 17.090815>, 0.130000
	pigment { color rgbt <1,0,0,0> }
	no_shadow
}

// nucleotide -1

// particle -1
sphere {
	<6.173827, 22.490564, 16.935051> 0.250000
	pigment { color rgbt <1,0,0,0> }
	no_shadow
}
cylinder {
	<6.412933, 22.468122, 16.615170>,  <6.556397, 22.454657, 16.423241>, 0.100000
	pigment { color rgbt <1,0,0,0> }
	no_shadow
}
cylinder {
	<6.412933, 22.468122, 16.615170>,  <6.173827, 22.490564, 16.935051>, 0.100000
	pigment { color rgbt <1,0,0,0> }
	no_shadow
}

// particle -1
sphere {
	<6.412933, 22.468122, 16.615170> 0.100000
	pigment { color rgbt <1,0,0,0> }
	no_shadow
}
sphere {
	0, 1
	scale<0.080000,0.200000,0.300000>
	matrix <-0.136866, -0.990045, -0.032844,
		-0.789900, 0.129086, -0.599495,
		0.597767, -0.056107, -0.799704,
		6.592263, 22.451290, 16.375257>
	pigment { color rgbt <0,1,1,0> }
	no_shadow
}
cylinder {
	<5.881225, 21.975616, 16.456800>,  <6.173827, 22.490564, 16.935051>, 0.130000
	pigment { color rgbt <1,0,0,0> }
	no_shadow
}

// nucleotide -1

// particle -1
sphere {
	<5.881225, 21.975616, 16.456800> 0.250000
	pigment { color rgbt <1,0,0,0> }
	no_shadow
}
cylinder {
	<6.266847, 22.014975, 16.358072>,  <6.498219, 22.038589, 16.298836>, 0.100000
	pigment { color rgbt <1,0,0,0> }
	no_shadow
}
cylinder {
	<6.266847, 22.014975, 16.358072>,  <5.881225, 21.975616, 16.456800>, 0.100000
	pigment { color rgbt <1,0,0,0> }
	no_shadow
}

// particle -1
sphere {
	<6.266847, 22.014975, 16.358072> 0.100000
	pigment { color rgbt <1,0,0,0> }
	no_shadow
}
sphere {
	0, 1
	scale<0.080000,0.200000,0.300000>
	matrix <0.082251, -0.993792, -0.074911,
		-0.252657, 0.051917, -0.966162,
		0.964054, 0.098394, -0.246819,
		6.556063, 22.044493, 16.284027>
	pigment { color rgbt <0,1,1,0> }
	no_shadow
}
cylinder {
	<5.936806, 21.560926, 15.945687>,  <5.881225, 21.975616, 16.456800>, 0.130000
	pigment { color rgbt <1,0,0,0> }
	no_shadow
}

// nucleotide -1

// particle -1
sphere {
	<5.936806, 21.560926, 15.945687> 0.250000
	pigment { color rgbt <1,0,0,0> }
	no_shadow
}
cylinder {
	<6.303603, 21.608667, 16.097940>,  <6.523681, 21.637312, 16.189293>, 0.100000
	pigment { color rgbt <1,0,0,0> }
	no_shadow
}
cylinder {
	<6.303603, 21.608667, 16.097940>,  <5.936806, 21.560926, 15.945687>, 0.100000
	pigment { color rgbt <1,0,0,0> }
	no_shadow
}

// particle -1
sphere {
	<6.303603, 21.608667, 16.097940> 0.100000
	pigment { color rgbt <1,0,0,0> }
	no_shadow
}
sphere {
	0, 1
	scale<0.080000,0.200000,0.300000>
	matrix <0.292157, -0.850628, -0.437123,
		0.271606, 0.512043, -0.814888,
		0.916992, 0.119350, 0.380633,
		6.578701, 21.644472, 16.212130>
	pigment { color rgbt <0,1,1,0> }
	no_shadow
}
cylinder {
	<6.319179, 21.382101, 15.424391>,  <5.936806, 21.560926, 15.945687>, 0.130000
	pigment { color rgbt <1,0,0,0> }
	no_shadow
}

// nucleotide -1

// particle -1
sphere {
	<6.319179, 21.382101, 15.424391> 0.250000
	pigment { color rgbt <1,0,0,0> }
	no_shadow
}
cylinder {
	<6.581919, 21.336634, 15.722552>,  <6.739563, 21.309353, 15.901449>, 0.100000
	pigment { color rgbt <1,0,0,0> }
	no_shadow
}
cylinder {
	<6.581919, 21.336634, 15.722552>,  <6.319179, 21.382101, 15.424391>, 0.100000
	pigment { color rgbt <1,0,0,0> }
	no_shadow
}

// particle -1
sphere {
	<6.581919, 21.336634, 15.722552> 0.100000
	pigment { color rgbt <1,0,0,0> }
	no_shadow
}
sphere {
	0, 1
	scale<0.080000,0.200000,0.300000>
	matrix <0.238455, -0.906522, -0.348363,
		0.715323, 0.406567, -0.568345,
		0.656850, -0.113667, 0.745404,
		6.778974, 21.302534, 15.946174>
	pigment { color rgbt <0,1,1,0> }
	no_shadow
}
cylinder {
	<6.939438, 21.252029, 15.050006>,  <6.319179, 21.382101, 15.424391>, 0.130000
	pigment { color rgbt <1,0,0,0> }
	no_shadow
}

// nucleotide -1

// particle -1
sphere {
	<6.939438, 21.252029, 15.050006> 0.250000
	pigment { color rgbt <1,0,0,0> }
	no_shadow
}
cylinder {
	<6.995766, 21.115780, 15.421844>,  <7.029563, 21.034031, 15.644946>, 0.100000
	pigment { color rgbt <1,0,0,0> }
	no_shadow
}
cylinder {
	<6.995766, 21.115780, 15.421844>,  <6.939438, 21.252029, 15.050006>, 0.100000
	pigment { color rgbt <1,0,0,0> }
	no_shadow
}

// particle -1
sphere {
	<6.995766, 21.115780, 15.421844> 0.100000
	pigment { color rgbt <1,0,0,0> }
	no_shadow
}
sphere {
	0, 1
	scale<0.080000,0.200000,0.300000>
	matrix <0.566554, -0.742285, -0.357812,
		0.811903, 0.577053, 0.088452,
		0.140819, -0.340622, 0.929595,
		7.038012, 21.013594, 15.700722>
	pigment { color rgbt <0,1,1,0> }
	no_shadow
}
cylinder {
	<7.581184, 20.988806, 15.113220>,  <6.939438, 21.252029, 15.050006>, 0.130000
	pigment { color rgbt <1,0,0,0> }
	no_shadow
}

// nucleotide -1

// particle -1
sphere {
	<7.581184, 20.988806, 15.113220> 0.250000
	pigment { color rgbt <1,0,0,0> }
	no_shadow
}
cylinder {
	<7.442318, 20.797436, 15.435856>,  <7.358998, 20.682613, 15.629437>, 0.100000
	pigment { color rgbt <1,0,0,0> }
	no_shadow
}
cylinder {
	<7.442318, 20.797436, 15.435856>,  <7.581184, 20.988806, 15.113220>, 0.100000
	pigment { color rgbt <1,0,0,0> }
	no_shadow
}

// particle -1
sphere {
	<7.442318, 20.797436, 15.435856> 0.100000
	pigment { color rgbt <1,0,0,0> }
	no_shadow
}
sphere {
	0, 1
	scale<0.080000,0.200000,0.300000>
	matrix <0.287642, -0.872950, -0.393981,
		0.892602, 0.095232, 0.440672,
		-0.347165, -0.478424, 0.806589,
		7.338168, 20.653908, 15.677833>
	pigment { color rgbt <0,1,1,0> }
	no_shadow
}
cylinder {
	<8.080774, 20.523357, 15.326000>,  <7.581184, 20.988806, 15.113220>, 0.130000
	pigment { color rgbt <1,0,0,0> }
	no_shadow
}

// nucleotide -1

// particle -1
sphere {
	<8.080774, 20.523357, 15.326000> 0.250000
