// switches for output
#declare DRAW_BASES = 1; // possible values are 0, 1; only relevant for DNA ribbons
#declare DRAW_BASES_TYPE = 3; // possible values are 1, 2, 3; only relevant for DNA ribbons
#declare DRAW_FOG = 0; // set to 1 to enable fog

#include "colors.inc"

#include "transforms.inc"
background { rgb <1, 1, 1>}

#default {
   normal{
       ripples 0.25
       frequency 0.20
       turbulence 0.2
       lambda 5
   }
	finish {
		phong 0.1
		phong_size 40.
	}
}

// original window dimensions: 1024x640


// camera settings

camera {
	sky <0, 0.179814, -0.983701>
	up <0, 0.179814, -0.983701>
	right 1.6 * <1, 0, 0>
	location <25.469, 94.9851, 44.8844>
	look_at <25.469, 29.3977, 32.8955>
	direction <0, -65.5874, -11.9889>
	angle 67.0682
}


# declare cpy_camera_pos = <25.469, 94.9851, 44.8844>;
# if (DRAW_FOG = 1)
fog {
	fog_type 2
	up vnormalize(cpy_camera_pos)
	color rgbt<1,1,1,0.3>
	distance 1e-5
	fog_alt 3e-3
	fog_offset 28
}
# end


// LIGHTS

# declare lum = 6;
global_settings {
	ambient_light rgb lum * <0.05, 0.05, 0.05>
	max_trace_level 15
}# declare cpy_direct_light_amount = 0.25;
light_source
{	1000 * <-1, -1.16351, -0.803887>,
	rgb lum * cpy_direct_light_amount
	parallel
}

light_source
{	1000 * <1, 1.16351, 0.803887>,
	rgb lum * cpy_direct_light_amount
	parallel
}

// strand 0

// nucleotide -1

// particle -1
sphere {
	<4.356675, 14.857187, 15.205006> 0.250000
	pigment { color rgbt <1,0,0,0> }
	no_shadow
}
cylinder {
	<4.144098, 14.856916, 14.866168>,  <4.016551, 14.856754, 14.662866>, 0.100000
	pigment { color rgbt <1,0,0,0> }
	no_shadow
}
cylinder {
	<4.144098, 14.856916, 14.866168>,  <4.356675, 14.857187, 15.205006>, 0.100000
	pigment { color rgbt <1,0,0,0> }
	no_shadow
}

// particle -1
sphere {
	<4.144098, 14.856916, 14.866168> 0.100000
	pigment { color rgbt <1,0,0,0> }
	no_shadow
}
sphere {
	0, 1
	scale<0.080000,0.200000,0.300000>
	matrix <0.249389, 0.955555, -0.157223,
		0.809551, -0.294811, -0.507655,
		-0.531444, -0.000677, -0.847093,
		3.984665, 14.856713, 14.612040>
	pigment { color rgbt <0,1,1,0> }
	no_shadow
}
cylinder {
	<4.759269, 15.172245, 14.514572>,  <4.356675, 14.857187, 15.205006>, 0.130000
	pigment { color rgbt <1,0,0,0> }
	no_shadow
}

// nucleotide -1

// particle -1
sphere {
	<4.759269, 15.172245, 14.514572> 0.250000
	pigment { color rgbt <1,0,0,0> }
	no_shadow
}
cylinder {
	<4.363929, 15.227018, 14.488008>,  <4.126724, 15.259882, 14.472069>, 0.100000
	pigment { color rgbt <1,0,0,0> }
	no_shadow
}
cylinder {
	<4.363929, 15.227018, 14.488008>,  <4.759269, 15.172245, 14.514572>, 0.100000
	pigment { color rgbt <1,0,0,0> }
	no_shadow
}

// particle -1
sphere {
	<4.363929, 15.227018, 14.488008> 0.100000
	pigment { color rgbt <1,0,0,0> }
	no_shadow
}
sphere {
	0, 1
	scale<0.080000,0.200000,0.300000>
	matrix <0.150004, 0.950174, -0.273253,
		0.025685, -0.280033, -0.959647,
		-0.988352, 0.136932, -0.066412,
		4.067423, 15.268098, 14.468084>
	pigment { color rgbt <0,1,1,0> }
	no_shadow
}
cylinder {
	<4.488060, 15.325726, 13.843612>,  <4.759269, 15.172245, 14.514572>, 0.130000
	pigment { color rgbt <1,0,0,0> }
	no_shadow
}

// nucleotide -1

// particle -1
sphere {
	<4.488060, 15.325726, 13.843612> 0.250000
	pigment { color rgbt <1,0,0,0> }
	no_shadow
}
cylinder {
	<4.277887, 15.490149, 14.141592>,  <4.151783, 15.588802, 14.320380>, 0.100000
	pigment { color rgbt <1,0,0,0> }
	no_shadow
}
cylinder {
	<4.277887, 15.490149, 14.141592>,  <4.488060, 15.325726, 13.843612>, 0.100000
	pigment { color rgbt <1,0,0,0> }
	no_shadow
}

// particle -1
sphere {
	<4.277887, 15.490149, 14.141592> 0.100000
	pigment { color rgbt <1,0,0,0> }
	no_shadow
}
sphere {
	0, 1
	scale<0.080000,0.200000,0.300000>
	matrix <0.217763, 0.911360, -0.349287,
		-0.822496, -0.021304, -0.568372,
		-0.525433, 0.411058, 0.744951,
		4.120257, 15.613466, 14.365077>
	pigment { color rgbt <0,1,1,0> }
	no_shadow
}
cylinder {
	<3.937727, 15.945555, 13.616219>,  <4.488060, 15.325726, 13.843612>, 0.130000
	pigment { color rgbt <1,0,0,0> }
	no_shadow
}

// nucleotide -1

// particle -1
sphere {
	<3.937727, 15.945555, 13.616219> 0.250000
	pigment { color rgbt <1,0,0,0> }
	no_shadow
}
cylinder {
	<4.079662, 15.984282, 13.988179>,  <4.164824, 16.007517, 14.211355>, 0.100000
	pigment { color rgbt <1,0,0,0> }
	no_shadow
}
cylinder {
	<4.079662, 15.984282, 13.988179>,  <3.937727, 15.945555, 13.616219>, 0.100000
	pigment { color rgbt <1,0,0,0> }
	no_shadow
}

// particle -1
sphere {
	<4.079662, 15.984282, 13.988179> 0.100000
	pigment { color rgbt <1,0,0,0> }
	no_shadow
}
sphere {
	0, 1
	scale<0.080000,0.200000,0.300000>
	matrix <0.446646, 0.856227, -0.259580,
		-0.821338, 0.507446, 0.260579,
		0.354838, 0.096817, 0.929901,
		4.186114, 16.013327, 14.267150>
	pigment { color rgbt <0,1,1,0> }
	no_shadow
}
cylinder {
	<3.862164, 16.630348, 13.857630>,  <3.937727, 15.945555, 13.616219>, 0.130000
	pigment { color rgbt <1,0,0,0> }
	no_shadow
}

// nucleotide -1

// particle -1
sphere {
	<3.862164, 16.630348, 13.857630> 0.250000
	pigment { color rgbt <1,0,0,0> }
	no_shadow
}
cylinder {
	<4.164306, 16.485983, 14.076420>,  <4.345592, 16.399364, 14.207694>, 0.100000
	pigment { color rgbt <1,0,0,0> }
	no_shadow
}
cylinder {
	<4.164306, 16.485983, 14.076420>,  <3.862164, 16.630348, 13.857630>, 0.100000
	pigment { color rgbt <1,0,0,0> }
	no_shadow
}

// particle -1
sphere {
	<4.164306, 16.485983, 14.076420> 0.100000
	pigment { color rgbt <1,0,0,0> }
	no_shadow
}
sphere {
	0, 1
	scale<0.080000,0.200000,0.300000>
	matrix <0.559069, 0.790357, -0.250555,
		-0.341877, 0.495054, 0.798775,
		0.755356, -0.360912, 0.546974,
		4.390913, 16.377708, 14.240512>
	pigment { color rgbt <0,1,1,0> }
	no_shadow
}
cylinder {
	<4.113573, 17.270973, 14.190502>,  <3.862164, 16.630348, 13.857630>, 0.130000
	pigment { color rgbt <1,0,0,0> }
	no_shadow
}

// nucleotide -1

// particle -1
sphere {
	<4.113573, 17.270973, 14.190502> 0.250000
	pigment { color rgbt <1,0,0,0> }
	no_shadow
}
cylinder {
	<4.406631, 16.998960, 14.201734>,  <4.582465, 16.835752, 14.208472>, 0.100000
	pigment { color rgbt <1,0,0,0> }
	no_shadow
}
cylinder {
	<4.406631, 16.998960, 14.201734>,  <4.113573, 17.270973, 14.190502>, 0.100000
	pigment { color rgbt <1,0,0,0> }
	no_shadow
}

// particle -1
sphere {
	<4.406631, 16.998960, 14.201734> 0.100000
	pigment { color rgbt <1,0,0,0> }
	no_shadow
}
sphere {
	0, 1
	scale<0.080000,0.200000,0.300000>
	matrix <0.639455, 0.673628, -0.370571,
		0.233086, 0.289451, 0.928380,
		0.732645, -0.680032, 0.028077,
		4.626424, 16.794950, 14.210156>
	pigment { color rgbt <0,1,1,0> }
	no_shadow
}
cylinder {
	<4.749457, 17.530956, 14.675158>,  <4.113573, 17.270973, 14.190502>, 0.130000
	pigment { color rgbt <1,0,0,0> }
	no_shadow
}

// nucleotide -1

// particle -1
sphere {
	<4.749457, 17.530956, 14.675158> 0.250000
	pigment { color rgbt <1,0,0,0> }
	no_shadow
}
cylinder {
	<4.831935, 17.277695, 14.376735>,  <4.881422, 17.125738, 14.197680>, 0.100000
	pigment { color rgbt <1,0,0,0> }
	no_shadow
}
cylinder {
	<4.831935, 17.277695, 14.376735>,  <4.749457, 17.530956, 14.675158>, 0.100000
	pigment { color rgbt <1,0,0,0> }
	no_shadow
}

// particle -1
sphere {
	<4.831935, 17.277695, 14.376735> 0.100000
	pigment { color rgbt <1,0,0,0> }
	no_shadow
}
sphere {
	0, 1
	scale<0.080000,0.200000,0.300000>
	matrix <0.582801, 0.691920, -0.426134,
		0.786020, -0.346936, 0.511672,
		0.206195, -0.633152, -0.746058,
		4.893794, 17.087749, 14.152918>
	pigment { color rgbt <0,1,1,0> }
	no_shadow
}
cylinder {
	<5.400840, 17.670427, 14.620240>,  <4.749457, 17.530956, 14.675158>, 0.130000
	pigment { color rgbt <1,0,0,0> }
	no_shadow
}

// nucleotide -1

// particle -1
sphere {
	<5.400840, 17.670427, 14.620240> 0.250000
	pigment { color rgbt <1,0,0,0> }
	no_shadow
}
cylinder {
	<5.335143, 17.472694, 14.278794>,  <5.295725, 17.354053, 14.073927>, 0.100000
	pigment { color rgbt <1,0,0,0> }
	no_shadow
}
cylinder {
	<5.335143, 17.472694, 14.278794>,  <5.400840, 17.670427, 14.620240>, 0.100000
	pigment { color rgbt <1,0,0,0> }
	no_shadow
}

// particle -1
sphere {
	<5.335143, 17.472694, 14.278794> 0.100000
	pigment { color rgbt <1,0,0,0> }
	no_shadow
}
sphere {
	0, 1
	scale<0.080000,0.200000,0.300000>
	matrix <0.436831, 0.739436, -0.512262,
		0.884423, -0.457020, 0.094494,
		-0.164241, -0.494334, -0.853615,
		5.285871, 17.324394, 14.022710>
	pigment { color rgbt <0,1,1,0> }
	no_shadow
}
cylinder {
	<6.009842, 17.836163, 14.280105>,  <5.400840, 17.670427, 14.620240>, 0.130000
	pigment { color rgbt <1,0,0,0> }
	no_shadow
}

// nucleotide -1

// particle -1
sphere {
	<6.009842, 17.836163, 14.280105> 0.250000
	pigment { color rgbt <1,0,0,0> }
	no_shadow
}
cylinder {
	<5.772972, 17.700937, 13.987518>,  <5.630850, 17.619802, 13.811967>, 0.100000
	pigment { color rgbt <1,0,0,0> }
	no_shadow
}
cylinder {
	<5.772972, 17.700937, 13.987518>,  <6.009842, 17.836163, 14.280105>, 0.100000
	pigment { color rgbt <1,0,0,0> }
	no_shadow
}

// particle -1
sphere {
	<5.772972, 17.700937, 13.987518> 0.100000
	pigment { color rgbt <1,0,0,0> }
	no_shadow
}
sphere {
	0, 1
	scale<0.080000,0.200000,0.300000>
	matrix <0.467755, 0.594938, -0.653647,
		0.656150, -0.729220, -0.194178,
		-0.592177, -0.338062, -0.731465,
		5.595320, 17.599518, 13.768079>
	pigment { color rgbt <0,1,1,0> }
	no_shadow
}
cylinder {
	<6.536078, 17.626482, 13.722322>,  <6.009842, 17.836163, 14.280105>, 0.130000
	pigment { color rgbt <1,0,0,0> }
	no_shadow
}

// nucleotide -1

// particle -1
sphere {
	<6.536078, 17.626482, 13.722322> 0.250000
	pigment { color rgbt <1,0,0,0> }
	no_shadow
}
cylinder {
	<6.172626, 17.687490, 13.566821>,  <5.954554, 17.724096, 13.473521>, 0.100000
	pigment { color rgbt <1,0,0,0> }
	no_shadow
}
cylinder {
	<6.172626, 17.687490, 13.566821>,  <6.536078, 17.626482, 13.722322>, 0.100000
	pigment { color rgbt <1,0,0,0> }
	no_shadow
}

// particle -1
sphere {
	<6.172626, 17.687490, 13.566821> 0.100000
	pigment { color rgbt <1,0,0,0> }
	no_shadow
}
sphere {
	0, 1
	scale<0.080000,0.200000,0.300000>
	matrix <0.405570, 0.544138, -0.734457,
		0.099513, -0.825015, -0.556279,
		-0.908631, 0.152522, -0.388750,
		5.900036, 17.733248, 13.450196>
	pigment { color rgbt <0,1,1,0> }
	no_shadow
}
cylinder {
	<6.529025, 17.598494, 13.005462>,  <6.536078, 17.626482, 13.722322>, 0.130000
	pigment { color rgbt <1,0,0,0> }
	no_shadow
}

// nucleotide -1

// particle -1
sphere {
	<6.529025, 17.598494, 13.005462> 0.250000
	pigment { color rgbt <1,0,0,0> }
	no_shadow
}
cylinder {
	<6.182090, 17.796097, 13.029740>,  <5.973930, 17.914660, 13.044308>, 0.100000
	pigment { color rgbt <1,0,0,0> }
	no_shadow
}
cylinder {
	<6.182090, 17.796097, 13.029740>,  <6.529025, 17.598494, 13.005462>, 0.100000
	pigment { color rgbt <1,0,0,0> }
	no_shadow
}

// particle -1
sphere {
	<6.182090, 17.796097, 13.029740> 0.100000
	pigment { color rgbt <1,0,0,0> }
	no_shadow
}
sphere {
	0, 1
	scale<0.080000,0.200000,0.300000>
	matrix <0.362817, 0.711008, -0.602355,
		-0.340724, -0.500422, -0.795918,
		-0.867336, 0.494009, 0.060696,
		5.921890, 17.944300, 13.047949>
	pigment { color rgbt <0,1,1,0> }
	no_shadow
}
cylinder {
	<6.364922, 17.774263, 12.260141>,  <6.529025, 17.598494, 13.005462>, 0.130000
	pigment { color rgbt <1,0,0,0> }
	no_shadow
}

// nucleotide -1

// particle -1
sphere {
	<6.364922, 17.774263, 12.260141> 0.250000
	pigment { color rgbt <1,0,0,0> }
	no_shadow
}
cylinder {
	<6.183361, 18.014400, 12.523522>,  <6.074424, 18.158484, 12.681551>, 0.100000
	pigment { color rgbt <1,0,0,0> }
	no_shadow
}
cylinder {
	<6.183361, 18.014400, 12.523522>,  <6.364922, 17.774263, 12.260141>, 0.100000
	pigment { color rgbt <1,0,0,0> }
	no_shadow
}

// particle -1
sphere {
	<6.183361, 18.014400, 12.523522> 0.100000
	pigment { color rgbt <1,0,0,0> }
	no_shadow
}
sphere {
	0, 1
	scale<0.080000,0.200000,0.300000>
	matrix <0.370825, 0.799200, -0.473041,
		-0.810223, 0.029456, -0.585382,
		-0.453903, 0.600343, 0.658453,
		6.047190, 18.194504, 12.721058>
	pigment { color rgbt <0,1,1,0> }
	no_shadow
}
cylinder {
	<6.010767, 18.121065, 11.770545>,  <6.364922, 17.774263, 12.260141>, 0.130000
	pigment { color rgbt <1,0,0,0> }
	no_shadow
}

// nucleotide -1

// particle -1
sphere {
	<6.010767, 18.121065, 11.770545> 0.250000
	pigment { color rgbt <1,0,0,0> }
	no_shadow
}
cylinder {
	<6.006322, 18.346306, 12.101070>,  <6.003654, 18.481449, 12.299386>, 0.100000
	pigment { color rgbt <1,0,0,0> }
	no_shadow
}
cylinder {
	<6.006322, 18.346306, 12.101070>,  <6.010767, 18.121065, 11.770545>, 0.100000
	pigment { color rgbt <1,0,0,0> }
	no_shadow
}

// particle -1
sphere {
	<6.006322, 18.346306, 12.101070> 0.100000
	pigment { color rgbt <1,0,0,0> }
	no_shadow
}
sphere {
	0, 1
	scale<0.080000,0.200000,0.300000>
	matrix <0.376155, 0.768021, -0.518316,
		-0.926490, 0.305062, -0.220348,
		-0.011114, 0.563100, 0.826314,
		6.002988, 18.515236, 12.348965>
	pigment { color rgbt <0,1,1,0> }
	no_shadow
}
cylinder {
	<5.678544, 18.690203, 11.566113>,  <6.010767, 18.121065, 11.770545>, 0.130000
	pigment { color rgbt <1,0,0,0> }
	no_shadow
}

// nucleotide -1

// particle -1
sphere {
	<5.678544, 18.690203, 11.566113> 0.250000
	pigment { color rgbt <1,0,0,0> }
	no_shadow
}
cylinder {
	<5.939741, 18.746597, 11.863764>,  <6.096458, 18.780434, 12.042355>, 0.100000
	pigment { color rgbt <1,0,0,0> }
	no_shadow
}
cylinder {
	<5.939741, 18.746597, 11.863764>,  <5.678544, 18.690203, 11.566113>, 0.100000
	pigment { color rgbt <1,0,0,0> }
	no_shadow
}

// particle -1
sphere {
	<5.939741, 18.746597, 11.863764> 0.100000
	pigment { color rgbt <1,0,0,0> }
	no_shadow
}
sphere {
	0, 1
	scale<0.080000,0.200000,0.300000>
	matrix <0.596317, 0.510011, -0.619915,
		-0.466913, 0.848535, 0.248960,
		0.652992, 0.140987, 0.744127,
		6.135638, 18.788893, 12.087002>
	pigment { color rgbt <0,1,1,0> }
	no_shadow
}
cylinder {
	<5.651597, 19.337681, 11.623089>,  <5.678544, 18.690203, 11.566113>, 0.130000
	pigment { color rgbt <1,0,0,0> }
	no_shadow
}

// nucleotide -1

// particle -1
sphere {
	<5.651597, 19.337681, 11.623089> 0.250000
	pigment { color rgbt <1,0,0,0> }
	no_shadow
}
cylinder {
	<5.992318, 19.215715, 11.793483>,  <6.196750, 19.142536, 11.895720>, 0.100000
	pigment { color rgbt <1,0,0,0> }
	no_shadow
}
cylinder {
	<5.992318, 19.215715, 11.793483>,  <5.651597, 19.337681, 11.623089>, 0.100000
	pigment { color rgbt <1,0,0,0> }
	no_shadow
}

// particle -1
sphere {
	<5.992318, 19.215715, 11.793483> 0.100000
	pigment { color rgbt <1,0,0,0> }
	no_shadow
}
sphere {
	0, 1
	scale<0.080000,0.200000,0.300000>
	matrix <0.495813, 0.731761, -0.467650,
		-0.169127, 0.609553, 0.774494,
		0.851802, -0.304911, 0.425985,
		6.247858, 19.124243, 11.921278>
	pigment { color rgbt <0,1,1,0> }
	no_shadow
}
cylinder {
	<5.918237, 19.889231, 11.802425>,  <5.651597, 19.337681, 11.623089>, 0.130000
	pigment { color rgbt <1,0,0,0> }
	no_shadow
}

// nucleotide -1

// particle -1
sphere {
	<5.918237, 19.889231, 11.802425> 0.250000
	pigment { color rgbt <1,0,0,0> }
	no_shadow
}
cylinder {
	<6.239659, 19.652157, 11.824427>,  <6.432512, 19.509912, 11.837627>, 0.100000
	pigment { color rgbt <1,0,0,0> }
	no_shadow
}
cylinder {
	<6.239659, 19.652157, 11.824427>,  <5.918237, 19.889231, 11.802425>, 0.100000
	pigment { color rgbt <1,0,0,0> }
	no_shadow
}

// particle -1
sphere {
	<6.239659, 19.652157, 11.824427> 0.100000
	pigment { color rgbt <1,0,0,0> }
	no_shadow
}
sphere {
	0, 1
	scale<0.080000,0.200000,0.300000>
	matrix <0.577330, 0.753559, -0.314387,
		0.144885, 0.284381, 0.947700,
		0.803554, -0.592685, 0.055002,
		6.480725, 19.474352, 11.840927>
	pigment { color rgbt <0,1,1,0> }
	no_shadow
}
cylinder {
	<6.477089, 20.289902, 12.163773>,  <5.918237, 19.889231, 11.802425>, 0.130000
	pigment { color rgbt <1,0,0,0> }
	no_shadow
}

// nucleotide -1

// particle -1
sphere {
	<6.477089, 20.289902, 12.163773> 0.250000
	pigment { color rgbt <1,0,0,0> }
	no_shadow
}
cylinder {
	<6.636564, 19.998030, 11.941561>,  <6.732248, 19.822906, 11.808233>, 0.100000
	pigment { color rgbt <1,0,0,0> }
	no_shadow
}
cylinder {
	<6.636564, 19.998030, 11.941561>,  <6.477089, 20.289902, 12.163773>, 0.100000
	pigment { color rgbt <1,0,0,0> }
	no_shadow
}

// particle -1
sphere {
	<6.636564, 19.998030, 11.941561> 0.100000
	pigment { color rgbt <1,0,0,0> }
	no_shadow
}
sphere {
	0, 1
	scale<0.080000,0.200000,0.300000>
	matrix <0.743001, 0.612087, -0.270739,
		0.537586, -0.304819, 0.786185,
		0.398686, -0.729682, -0.555530,
		6.756170, 19.779125, 11.774901>
	pigment { color rgbt <0,1,1,0> }
	no_shadow
}
cylinder {
	<7.199312, 20.510609, 12.131148>,  <6.477089, 20.289902, 12.163773>, 0.130000
	pigment { color rgbt <1,0,0,0> }
	no_shadow
}

// nucleotide -1

// particle -1
sphere {
	<7.199312, 20.510609, 12.131148> 0.250000
	pigment { color rgbt <1,0,0,0> }
	no_shadow
}
cylinder {
	<7.167953, 20.221041, 11.856982>,  <7.149137, 20.047300, 11.692482>, 0.100000
	pigment { color rgbt <1,0,0,0> }
	no_shadow
}
cylinder {
	<7.167953, 20.221041, 11.856982>,  <7.199312, 20.510609, 12.131148>, 0.100000
	pigment { color rgbt <1,0,0,0> }
	no_shadow
}

// particle -1
sphere {
	<7.167953, 20.221041, 11.856982> 0.100000
	pigment { color rgbt <1,0,0,0> }
	no_shadow
}
sphere {
	0, 1
	scale<0.080000,0.200000,0.300000>
	matrix <0.647976, 0.485490, -0.586879,
		0.757615, -0.490144, 0.431020,
		-0.078400, -0.723919, -0.685416,
		7.144433, 20.003864, 11.651358>
	pigment { color rgbt <0,1,1,0> }
	no_shadow
}
cylinder {
	<7.887754, 20.209551, 12.138478>,  <7.199312, 20.510609, 12.131148>, 0.130000
	pigment { color rgbt <1,0,0,0> }
	no_shadow
}

// nucleotide -1

// particle -1
sphere {
	<7.887754, 20.209551, 12.138478> 0.250000
	pigment { color rgbt <1,0,0,0> }
	no_shadow
}
cylinder {
	<7.744033, 20.099201, 11.781874>,  <7.657800, 20.032991, 11.567911>, 0.100000
	pigment { color rgbt <1,0,0,0> }
	no_shadow
}
cylinder {
	<7.744033, 20.099201, 11.781874>,  <7.887754, 20.209551, 12.138478>, 0.100000
	pigment { color rgbt <1,0,0,0> }
	no_shadow
}

// particle -1
sphere {
	<7.744033, 20.099201, 11.781874> 0.100000
	pigment { color rgbt <1,0,0,0> }
	no_shadow
}
sphere {
	0, 1
	scale<0.080000,0.200000,0.300000>
	matrix <0.883953, 0.205687, -0.419905,
		0.299215, -0.938928, 0.169957,
		-0.359302, -0.275876, -0.891512,
		7.636242, 20.016439, 11.514420>
	pigment { color rgbt <0,1,1,0> }
	no_shadow
}
cylinder {
	<8.474004, 19.751059, 11.801907>,  <7.887754, 20.209551, 12.138478>, 0.130000
	pigment { color rgbt <1,0,0,0> }
	no_shadow
}

// nucleotide -1

// particle -1
sphere {
	<8.474004, 19.751059, 11.801907> 0.250000
	pigment { color rgbt <1,0,0,0> }
	no_shadow
}
cylinder {
	<8.235081, 19.847134, 11.495827>,  <8.091726, 19.904779, 11.312179>, 0.100000
	pigment { color rgbt <1,0,0,0> }
	no_shadow
}
cylinder {
	<8.235081, 19.847134, 11.495827>,  <8.474004, 19.751059, 11.801907>, 0.100000
	pigment { color rgbt <1,0,0,0> }
	no_shadow
}

// particle -1
sphere {
	<8.235081, 19.847134, 11.495827> 0.100000
	pigment { color rgbt <1,0,0,0> }
	no_shadow
}
sphere {
	0, 1
	scale<0.080000,0.200000,0.300000>
	matrix <0.801453, 0.143149, -0.580673,
		-0.029933, -0.960113, -0.278004,
		-0.597308, 0.240189, -0.765201,
		8.055888, 19.919189, 11.266267>
	pigment { color rgbt <0,1,1,0> }
	no_shadow
}
cylinder {
	<8.697522, 19.401384, 11.214879>,  <8.474004, 19.751059, 11.801907>, 0.130000
	pigment { color rgbt <1,0,0,0> }
	no_shadow
}

// nucleotide -1

// particle -1
sphere {
	<8.697522, 19.401384, 11.214879> 0.250000
	pigment { color rgbt <1,0,0,0> }
	no_shadow
}
cylinder {
	<8.498478, 19.725525, 11.091127>,  <8.379051, 19.920010, 11.016876>, 0.100000
	pigment { color rgbt <1,0,0,0> }
	no_shadow
}
cylinder {
	<8.498478, 19.725525, 11.091127>,  <8.697522, 19.401384, 11.214879>, 0.100000
	pigment { color rgbt <1,0,0,0> }
	no_shadow
}

// particle -1
sphere {
	<8.498478, 19.725525, 11.091127> 0.100000
	pigment { color rgbt <1,0,0,0> }
	no_shadow
}
sphere {
	0, 1
	scale<0.080000,0.200000,0.300000>
	matrix <0.794599, 0.282831, -0.537232,
		-0.347844, -0.513165, -0.784644,
		-0.497610, 0.810351, -0.309380,
		8.349195, 19.968630, 10.998314>
	pigment { color rgbt <0,1,1,0> }
	no_shadow
}
cylinder {
	<8.846499, 19.460985, 10.496016>,  <8.697522, 19.401384, 11.214879>, 0.130000
	pigment { color rgbt <1,0,0,0> }
	no_shadow
}

// nucleotide -1

// particle -1
sphere {
	<8.846499, 19.460985, 10.496016> 0.250000
	pigment { color rgbt <1,0,0,0> }
	no_shadow
}
cylinder {
	<8.717781, 19.833185, 10.566011>,  <8.640551, 20.056505, 10.608009>, 0.100000
	pigment { color rgbt <1,0,0,0> }
	no_shadow
}
cylinder {
	<8.717781, 19.833185, 10.566011>,  <8.846499, 19.460985, 10.496016>, 0.100000
	pigment { color rgbt <1,0,0,0> }
	no_shadow
}

// particle -1
sphere {
	<8.717781, 19.833185, 10.566011> 0.100000
	pigment { color rgbt <1,0,0,0> }
	no_shadow
}
sphere {
	0, 1
	scale<0.080000,0.200000,0.300000>
	matrix <0.804204, 0.366163, -0.468167,
		-0.499703, -0.009926, -0.866140,
		-0.321795, 0.930498, 0.174990,
		8.621243, 20.112335, 10.618508>
	pigment { color rgbt <0,1,1,0> }
	no_shadow
}
cylinder {
	<8.971549, 19.812000, 9.910064>,  <8.846499, 19.460985, 10.496016>, 0.130000
	pigment { color rgbt <1,0,0,0> }
	no_shadow
}

// nucleotide -1

// particle -1
sphere {
	<8.971549, 19.812000, 9.910064> 0.250000
	pigment { color rgbt <1,0,0,0> }
	no_shadow
}
cylinder {
	<8.938416, 20.114517, 10.169652>,  <8.918537, 20.296026, 10.325405>, 0.100000
	pigment { color rgbt <1,0,0,0> }
	no_shadow
}
cylinder {
	<8.938416, 20.114517, 10.169652>,  <8.971549, 19.812000, 9.910064>, 0.100000
	pigment { color rgbt <1,0,0,0> }
	no_shadow
}

// particle -1
sphere {
	<8.938416, 20.114517, 10.169652> 0.100000
	pigment { color rgbt <1,0,0,0> }
	no_shadow
}
sphere {
	0, 1
	scale<0.080000,0.200000,0.300000>
	matrix <0.606290, 0.555072, -0.569480,
		-0.790918, 0.346294, -0.504509,
		-0.082832, 0.756291, 0.648971,
		8.913567, 20.341404, 10.364344>
	pigment { color rgbt <0,1,1,0> }
	no_shadow
}
cylinder {
	<8.670131, 20.384289, 9.557666>,  <8.971549, 19.812000, 9.910064>, 0.130000
	pigment { color rgbt <1,0,0,0> }
	no_shadow
}

// nucleotide -1

// particle -1
sphere {
	<8.670131, 20.384289, 9.557666> 0.250000
	pigment { color rgbt <1,0,0,0> }
	no_shadow
}
cylinder {
	<8.860119, 20.559084, 9.863200>,  <8.974112, 20.663961, 10.046521>, 0.100000
	pigment { color rgbt <1,0,0,0> }
	no_shadow
}
cylinder {
	<8.860119, 20.559084, 9.863200>,  <8.670131, 20.384289, 9.557666>, 0.100000
	pigment { color rgbt <1,0,0,0> }
	no_shadow
}

// particle -1
sphere {
	<8.860119, 20.559084, 9.863200> 0.100000
	pigment { color rgbt <1,0,0,0> }
	no_shadow
}
sphere {
	0, 1
	scale<0.080000,0.200000,0.300000>
	matrix <0.493518, 0.586375, -0.642343,
		-0.728589, 0.682061, 0.062850,
		0.474971, 0.436986, 0.763836,
		9.002610, 20.690180, 10.092351>
	pigment { color rgbt <0,1,1,0> }
	no_shadow
}
cylinder {
	<8.681651, 21.155491, 9.393775>,  <8.670131, 20.384289, 9.557666>, 0.130000
	pigment { color rgbt <1,0,0,0> }
	no_shadow
}

// nucleotide -1

// particle -1
sphere {
	<8.681651, 21.155491, 9.393775> 0.250000
	pigment { color rgbt <1,0,0,0> }
	no_shadow
}
cylinder {
	<8.971512, 21.089670, 9.661448>,  <9.145429, 21.050179, 9.822051>, 0.100000
	pigment { color rgbt <1,0,0,0> }
	no_shadow
}
cylinder {
	<8.971512, 21.089670, 9.661448>,  <8.681651, 21.155491, 9.393775>, 0.100000
	pigment { color rgbt <1,0,0,0> }
	no_shadow
}

// particle -1
sphere {
	<8.971512, 21.089670, 9.661448> 0.100000
	pigment { color rgbt <1,0,0,0> }
	no_shadow
}
sphere {
	0, 1
	scale<0.080000,0.200000,0.300000>
	matrix <0.612360, 0.599145, -0.515792,
		-0.316062, 0.783549, 0.534935,
		0.724652, -0.164550, 0.669181,
		9.188908, 21.040304, 9.862202>
	pigment { color rgbt <0,1,1,0> }
	no_shadow
}
cylinder {
	<9.029344, 21.810801, 9.553289>,  <8.681651, 21.155491, 9.393775>, 0.130000
	pigment { color rgbt <1,0,0,0> }
	no_shadow
}

// nucleotide -1

// particle -1
sphere {
	<9.029344, 21.810801, 9.553289> 0.250000
	pigment { color rgbt <1,0,0,0> }
	no_shadow
}
cylinder {
	<9.259598, 21.486088, 9.592589>,  <9.397751, 21.291260, 9.616169>, 0.100000
	pigment { color rgbt <1,0,0,0> }
	no_shadow
}
cylinder {
	<9.259598, 21.486088, 9.592589>,  <9.029344, 21.810801, 9.553289>, 0.100000
	pigment { color rgbt <1,0,0,0> }
	no_shadow
}

// particle -1
sphere {
	<9.259598, 21.486088, 9.592589> 0.100000
	pigment { color rgbt <1,0,0,0> }
	no_shadow
}
sphere {
	0, 1
	scale<0.080000,0.200000,0.300000>
	matrix <0.732538, 0.458553, -0.503107,
		0.363361, 0.361578, 0.858621,
		0.575636, -0.811782, 0.098250,
		9.432289, 21.242554, 9.622065>
	pigment { color rgbt <0,1,1,0> }
	no_shadow
}
cylinder {
	<9.643313, 22.081572, 9.716018>,  <9.029344, 21.810801, 9.553289>, 0.130000
	pigment { color rgbt <1,0,0,0> }
	no_shadow
}

// nucleotide -1

// particle -1
sphere {
	<9.643313, 22.081572, 9.716018> 0.250000
	pigment { color rgbt <1,0,0,0> }
	no_shadow
}
cylinder {
	<9.729742, 21.726433, 9.553517>,  <9.781599, 21.513350, 9.456017>, 0.100000
	pigment { color rgbt <1,0,0,0> }
	no_shadow
}
cylinder {
	<9.729742, 21.726433, 9.553517>,  <9.643313, 22.081572, 9.716018>, 0.100000
	pigment { color rgbt <1,0,0,0> }
	no_shadow
}

// particle -1
sphere {
	<9.729742, 21.726433, 9.553517> 0.100000
	pigment { color rgbt <1,0,0,0> }
	no_shadow
}
sphere {
	0, 1
	scale<0.080000,0.200000,0.300000>
	matrix <0.876401, 0.359770, -0.320137,
		0.430390, -0.286867, 0.855846,
		0.216071, -0.887847, -0.406251,
		9.794563, 21.460079, 9.431642>
	pigment { color rgbt <0,1,1,0> }
	no_shadow
}
cylinder {
	<10.329311, 21.983345, 9.924428>,  <9.643313, 22.081572, 9.716018>, 0.130000
	pigment { color rgbt <1,0,0,0> }
	no_shadow
}

// nucleotide -1

// particle -1
sphere {
	<10.329311, 21.983345, 9.924428> 0.250000
	pigment { color rgbt <1,0,0,0> }
	no_shadow
}
cylinder {
	<10.231828, 21.762012, 9.605823>,  <10.173337, 21.629213, 9.414660>, 0.100000
	pigment { color rgbt <1,0,0,0> }
	no_shadow
}
cylinder {
	<10.231828, 21.762012, 9.605823>,  <10.329311, 21.983345, 9.924428>, 0.100000
	pigment { color rgbt <1,0,0,0> }
	no_shadow
}

// particle -1
sphere {
	<10.231828, 21.762012, 9.605823> 0.100000
	pigment { color rgbt <1,0,0,0> }
	no_shadow
}
sphere {
	0, 1
	scale<0.080000,0.200000,0.300000>
	matrix <0.843510, 0.284385, -0.455649,
		0.478640, -0.782912, 0.397431,
		-0.243710, -0.553329, -0.796512,
		10.158714, 21.596014, 9.366869>
	pigment { color rgbt <0,1,1,0> }
	no_shadow
}
cylinder {
	<10.655008, 21.295269, 9.705115>,  <10.329311, 21.983345, 9.924428>, 0.130000
	pigment { color rgbt <1,0,0,0> }
	no_shadow
}

// nucleotide -1

// particle -1
sphere {
	<10.655008, 21.295269, 9.705115> 0.250000
	pigment { color rgbt <1,0,0,0> }
	no_shadow
}
cylinder {
	<10.878391, 21.627010, 9.698204>,  <11.012421, 21.826056, 9.694057>, 0.100000
	pigment { color rgbt <1,0,0,0> }
	no_shadow
}
cylinder {
	<10.878391, 21.627010, 9.698204>,  <10.655008, 21.295269, 9.705115>, 0.100000
	pigment { color rgbt <1,0,0,0> }
	no_shadow
}

// particle -1
sphere {
	<10.878391, 21.627010, 9.698204> 0.100000
	pigment { color rgbt <1,0,0,0> }
	no_shadow
}
sphere {
	0, 1
	scale<0.080000,0.200000,0.300000>
	matrix <0.403364, -0.253293, 0.879284,
		0.724860, -0.498011, -0.475985,
		0.558457, 0.829353, -0.017278,
		11.045928, 21.875816, 9.693021>
	pigment { color rgbt <0,1,1,0> }
	no_shadow
}
cylinder {
	<11.401442, 21.182476, 9.839007>,  <10.655008, 21.295269, 9.705115>, 0.130000
	pigment { color rgbt <1,0,0,0> }
	no_shadow
}

// nucleotide -1

// particle -1
sphere {
	<11.401442, 21.182476, 9.839007> 0.250000
	pigment { color rgbt <1,0,0,0> }
	no_shadow
}
cylinder {
	<11.260818, 21.533932, 9.968248>,  <11.176443, 21.744806, 10.045793>, 0.100000
	pigment { color rgbt <1,0,0,0> }
	no_shadow
}
cylinder {
	<11.260818, 21.533932, 9.968248>,  <11.401442, 21.182476, 9.839007>, 0.100000
	pigment { color rgbt <1,0,0,0> }
	no_shadow
}

// particle -1
sphere {
	<11.260818, 21.533932, 9.968248> 0.100000
	pigment { color rgbt <1,0,0,0> }
	no_shadow
}
sphere {
	0, 1
	scale<0.080000,0.200000,0.300000>
	matrix <0.228507, -0.254156, 0.939782,
		0.907849, 0.404221, -0.111424,
		-0.351561, 0.878641, 0.323102,
		11.155350, 21.797523, 10.065179>
	pigment { color rgbt <0,1,1,0> }
	no_shadow
}
cylinder {
	<11.653206, 21.350960, 10.497513>,  <11.401442, 21.182476, 9.839007>, 0.130000
	pigment { color rgbt <1,0,0,0> }
	no_shadow
}

// nucleotide -1

// particle -1
sphere {
	<11.653206, 21.350960, 10.497513> 0.250000
	pigment { color rgbt <1,0,0,0> }
	no_shadow
}
cylinder {
	<11.326824, 21.581375, 10.517107>,  <11.130995, 21.719624, 10.528864>, 0.100000
	pigment { color rgbt <1,0,0,0> }
	no_shadow
}
cylinder {
	<11.326824, 21.581375, 10.517107>,  <11.653206, 21.350960, 10.497513>, 0.100000
	pigment { color rgbt <1,0,0,0> }
	no_shadow
}

// particle -1
sphere {
	<11.326824, 21.581375, 10.517107> 0.100000
	pigment { color rgbt <1,0,0,0> }
	no_shadow
}
sphere {
	0, 1
	scale<0.080000,0.200000,0.300000>
	matrix <0.003259, -0.080150, 0.996777,
		0.578108, 0.813484, 0.063521,
		-0.815954, 0.576038, 0.048986,
		11.082038, 21.754187, 10.531803>
	pigment { color rgbt <0,1,1,0> }
	no_shadow
}
cylinder {
	<11.757751, 21.689165, 11.106847>,  <11.653206, 21.350960, 10.497513>, 0.130000
	pigment { color rgbt <1,0,0,0> }
	no_shadow
}

// nucleotide -1

// particle -1
sphere {
	<11.757751, 21.689165, 11.106847> 0.250000
	pigment { color rgbt <1,0,0,0> }
	no_shadow
}
cylinder {
	<11.380167, 21.798145, 11.032321>,  <11.153617, 21.863533, 10.987605>, 0.100000
	pigment { color rgbt <1,0,0,0> }
	no_shadow
}
cylinder {
	<11.380167, 21.798145, 11.032321>,  <11.757751, 21.689165, 11.106847>, 0.100000
	pigment { color rgbt <1,0,0,0> }
	no_shadow
}

// particle -1
sphere {
	<11.380167, 21.798145, 11.032321> 0.100000
	pigment { color rgbt <1,0,0,0> }
	no_shadow
}
sphere {
	0, 1
	scale<0.080000,0.200000,0.300000>
	matrix <-0.178366, 0.053891, 0.982487,
		0.277719, 0.960660, -0.002275,
		-0.943958, 0.272450, -0.186316,
		11.096979, 21.879881, 10.976426>
	pigment { color rgbt <0,1,1,0> }
	no_shadow
}
cylinder {
	<12.210443, 21.031208, 11.224590>,  <11.757751, 21.689165, 11.106847>, 0.130000
	pigment { color rgbt <1,0,0,0> }
	no_shadow
}

// nucleotide -1

// particle -1
sphere {
	<12.210443, 21.031208, 11.224590> 0.250000
	pigment { color rgbt <1,0,0,0> }
	no_shadow
}
cylinder {
	<12.182117, 21.167583, 11.599556>,  <12.165121, 21.249409, 11.824535>, 0.100000
	pigment { color rgbt <1,0,0,0> }
	no_shadow
}
cylinder {
	<12.182117, 21.167583, 11.599556>,  <12.210443, 21.031208, 11.224590>, 0.100000
	pigment { color rgbt <1,0,0,0> }
	no_shadow
}

// particle -1
sphere {
	<12.182117, 21.167583, 11.599556> 0.100000
	pigment { color rgbt <1,0,0,0> }
	no_shadow
}
sphere {
	0, 1
	scale<0.080000,0.200000,0.300000>
	matrix <-0.386985, -0.875557, 0.289209,
		0.919363, -0.342285, 0.193941,
		-0.070814, 0.340941, 0.937414,
		12.160872, 21.269865, 11.880780>
	pigment { color rgbt <0,1,1,0> }
	no_shadow
}
cylinder {
	<12.508964, 20.502869, 11.460493>,  <12.210443, 21.031208, 11.224590>, 0.130000
	pigment { color rgbt <1,0,0,0> }
	no_shadow
}

// nucleotide -1

// particle -1
sphere {
	<12.508964, 20.502869, 11.460493> 0.250000
	pigment { color rgbt <1,0,0,0> }
	no_shadow
}
cylinder {
	<12.271555, 20.653461, 11.745027>,  <12.129109, 20.743816, 11.915747>, 0.100000
	pigment { color rgbt <1,0,0,0> }
	no_shadow
}
cylinder {
	<12.271555, 20.653461, 11.745027>,  <12.508964, 20.502869, 11.460493>, 0.100000
	pigment { color rgbt <1,0,0,0> }
	no_shadow
}

// particle -1
sphere {
	<12.271555, 20.653461, 11.745027> 0.100000
	pigment { color rgbt <1,0,0,0> }
	no_shadow
}
sphere {
	0, 1
	scale<0.080000,0.200000,0.300000>
	matrix <-0.522779, -0.852338, 0.014912,
		0.611910, -0.363019, 0.702697,
		-0.593522, 0.376480, 0.711333,
		12.093498, 20.766405, 11.958426>
	pigment { color rgbt <0,1,1,0> }
	no_shadow
}
cylinder {
	<12.330450, 19.929934, 11.931348>,  <12.508964, 20.502869, 11.460493>, 0.130000
	pigment { color rgbt <1,0,0,0> }
	no_shadow
}

// nucleotide -1

// particle -1
sphere {
	<12.330450, 19.929934, 11.931348> 0.250000
	pigment { color rgbt <1,0,0,0> }
	no_shadow
}
cylinder {
	<12.050189, 20.206606, 12.001389>,  <11.882032, 20.372610, 12.043413>, 0.100000
	pigment { color rgbt <1,0,0,0> }
	no_shadow
}
cylinder {
	<12.050189, 20.206606, 12.001389>,  <12.330450, 19.929934, 11.931348>, 0.100000
	pigment { color rgbt <1,0,0,0> }
	no_shadow
}

// particle -1
sphere {
	<12.050189, 20.206606, 12.001389> 0.100000
	pigment { color rgbt <1,0,0,0> }
	no_shadow
}
sphere {
	0, 1
	scale<0.080000,0.200000,0.300000>
	matrix <-0.669881, -0.722194, 0.172324,
		0.245651, 0.003443, 0.969352,
		-0.700653, 0.691682, 0.175101,
		11.839993, 20.414110, 12.053919>
	pigment { color rgbt <0,1,1,0> }
	no_shadow
}
cylinder {
	<11.955823, 19.747950, 12.572841>,  <12.330450, 19.929934, 11.931348>, 0.130000
	pigment { color rgbt <1,0,0,0> }
	no_shadow
}

// nucleotide -1

// particle -1
sphere {
	<11.955823, 19.747950, 12.572841> 0.250000
	pigment { color rgbt <1,0,0,0> }
	no_shadow
}
cylinder {
	<11.721591, 19.980171, 12.346548>,  <11.581052, 20.119503, 12.210773>, 0.100000
	pigment { color rgbt <1,0,0,0> }
	no_shadow
}
cylinder {
	<11.721591, 19.980171, 12.346548>,  <11.955823, 19.747950, 12.572841>, 0.100000
	pigment { color rgbt <1,0,0,0> }
	no_shadow
}

// particle -1
sphere {
	<11.721591, 19.980171, 12.346548> 0.100000
	pigment { color rgbt <1,0,0,0> }
	no_shadow
}
sphere {
	0, 1
	scale<0.080000,0.200000,0.300000>
	matrix <-0.778255, -0.597864, 0.192033,
		-0.226746, 0.552735, 0.801917,
		-0.585581, 0.580553, -0.565732,
		11.545917, 20.154337, 12.176828>
	pigment { color rgbt <0,1,1,0> }
	no_shadow
}
cylinder {
	<11.383099, 20.000849, 13.029362>,  <11.955823, 19.747950, 12.572841>, 0.130000
	pigment { color rgbt <1,0,0,0> }
	no_shadow
}

// nucleotide -1

// particle -1
sphere {
	<11.383099, 20.000849, 13.029362> 0.250000
	pigment { color rgbt <1,0,0,0> }
	no_shadow
}
cylinder {
	<11.262853, 20.023363, 12.648528>,  <11.190704, 20.036871, 12.420028>, 0.100000
	pigment { color rgbt <1,0,0,0> }
	no_shadow
}
cylinder {
	<11.262853, 20.023363, 12.648528>,  <11.383099, 20.000849, 13.029362>, 0.100000
	pigment { color rgbt <1,0,0,0> }
	no_shadow
}

// particle -1
sphere {
	<11.262853, 20.023363, 12.648528> 0.100000
	pigment { color rgbt <1,0,0,0> }
	no_shadow
}
sphere {
	0, 1
	scale<0.080000,0.200000,0.300000>
	matrix <-0.837202, -0.493756, 0.235154,
		-0.456861, 0.867777, 0.195552,
		-0.300616, 0.056284, -0.952083,
		11.172668, 20.040249, 12.362904>
	pigment { color rgbt <0,1,1,0> }
	no_shadow
}
cylinder {
	<10.731133, 20.223612, 13.071520>,  <11.383099, 20.000849, 13.029362>, 0.130000
	pigment { color rgbt <1,0,0,0> }
	no_shadow
}

// nucleotide -1

// particle -1
sphere {
	<10.731133, 20.223612, 13.071520> 0.250000
	pigment { color rgbt <1,0,0,0> }
	no_shadow
}
cylinder {
	<10.757488, 20.056698, 12.708966>,  <10.773301, 19.956551, 12.491434>, 0.100000
	pigment { color rgbt <1,0,0,0> }
	no_shadow
}
cylinder {
	<10.757488, 20.056698, 12.708966>,  <10.731133, 20.223612, 13.071520>, 0.100000
	pigment { color rgbt <1,0,0,0> }
	no_shadow
}

// particle -1
sphere {
	<10.757488, 20.056698, 12.708966> 0.100000
	pigment { color rgbt <1,0,0,0> }
	no_shadow
}
sphere {
	0, 1
	scale<0.080000,0.200000,0.300000>
	matrix <-0.895393, -0.425614, 0.130857,
		-0.440375, 0.802949, -0.401676,
		0.065888, -0.417283, -0.906385,
		10.777255, 19.931513, 12.437051>
	pigment { color rgbt <0,1,1,0> }
	no_shadow
}
cylinder {
	<10.064853, 20.266085, 12.724508>,  <10.731133, 20.223612, 13.071520>, 0.130000
	pigment { color rgbt <1,0,0,0> }
	no_shadow
}

// nucleotide -1

// particle -1
sphere {
	<10.064853, 20.266085, 12.724508> 0.250000
	pigment { color rgbt <1,0,0,0> }
	no_shadow
}
cylinder {
	<10.245532, 19.968538, 12.527475>,  <10.353939, 19.790010, 12.409256>, 0.100000
	pigment { color rgbt <1,0,0,0> }
	no_shadow
}
cylinder {
	<10.245532, 19.968538, 12.527475>,  <10.064853, 20.266085, 12.724508>, 0.100000
	pigment { color rgbt <1,0,0,0> }
	no_shadow
}

// particle -1
sphere {
	<10.245532, 19.968538, 12.527475> 0.100000
	pigment { color rgbt <1,0,0,0> }
	no_shadow
}
sphere {
	0, 1
	scale<0.080000,0.200000,0.300000>
	matrix <-0.856115, -0.516764, -0.004675,
		-0.251071, 0.423818, -0.870254,
		0.451697, -0.743863, -0.492581,
		10.381042, 19.745378, 12.379701>
	pigment { color rgbt <0,1,1,0> }
	no_shadow
}
cylinder {
	<9.570059, 20.001320, 12.320580>,  <10.064853, 20.266085, 12.724508>, 0.130000
	pigment { color rgbt <1,0,0,0> }
	no_shadow
}

// nucleotide -1

// particle -1
sphere {
	<9.570059, 20.001320, 12.320580> 0.250000
	pigment { color rgbt <1,0,0,0> }
	no_shadow
}
cylinder {
	<9.829018, 19.699533, 12.277395>,  <9.984393, 19.518461, 12.251484>, 0.100000
	pigment { color rgbt <1,0,0,0> }
	no_shadow
}
cylinder {
	<9.829018, 19.699533, 12.277395>,  <9.570059, 20.001320, 12.320580>, 0.100000
	pigment { color rgbt <1,0,0,0> }
	no_shadow
}

// particle -1
sphere {
	<9.829018, 19.699533, 12.277395> 0.100000
	pigment { color rgbt <1,0,0,0> }
	no_shadow
}
sphere {
	0, 1
	scale<0.080000,0.200000,0.300000>
	matrix <-0.759592, -0.650318, -0.010314,
		-0.062428, 0.088685, -0.994102,
		0.647397, -0.754467, -0.107963,
		10.023237, 19.473194, 12.245007>
	pigment { color rgbt <0,1,1,0> }
	no_shadow
}
cylinder {
	<9.414276, 19.649254, 11.704089>,  <9.570059, 20.001320, 12.320580>, 0.130000
	pigment { color rgbt <1,0,0,0> }
	no_shadow
}

// nucleotide -1

// particle -1
sphere {
	<9.414276, 19.649254, 11.704089> 0.250000
	pigment { color rgbt <1,0,0,0> }
	no_shadow
}
cylinder {
	<9.614342, 19.408209, 11.952828>,  <9.734381, 19.263582, 12.102072>, 0.100000
	pigment { color rgbt <1,0,0,0> }
	no_shadow
}
cylinder {
	<9.614342, 19.408209, 11.952828>,  <9.414276, 19.649254, 11.704089>, 0.100000
	pigment { color rgbt <1,0,0,0> }
	no_shadow
}

// particle -1
sphere {
	<9.614342, 19.408209, 11.952828> 0.100000
	pigment { color rgbt <1,0,0,0> }
	no_shadow
}
sphere {
	0, 1
	scale<0.080000,0.200000,0.300000>
	matrix <-0.806134, -0.586266, 0.080257,
		0.316205, -0.541434, -0.779015,
		0.500164, -0.602612, 0.621848,
		9.764391, 19.227425, 12.139383>
	pigment { color rgbt <0,1,1,0> }
	no_shadow
}
cylinder {
	<9.177804, 18.897121, 11.405478>,  <9.414276, 19.649254, 11.704089>, 0.130000
	pigment { color rgbt <1,0,0,0> }
	no_shadow
}

// nucleotide -1

// particle -1
sphere {
	<9.177804, 18.897121, 11.405478> 0.250000
	pigment { color rgbt <1,0,0,0> }
	no_shadow
}
cylinder {
	<9.333799, 18.843090, 11.769821>,  <9.427397, 18.810671, 11.988427>, 0.100000
	pigment { color rgbt <1,0,0,0> }
	no_shadow
}
cylinder {
	<9.333799, 18.843090, 11.769821>,  <9.177804, 18.897121, 11.405478>, 0.100000
	pigment { color rgbt <1,0,0,0> }
	no_shadow
}

// particle -1
sphere {
	<9.333799, 18.843090, 11.769821> 0.100000
	pigment { color rgbt <1,0,0,0> }
	no_shadow
}
sphere {
	0, 1
	scale<0.080000,0.200000,0.300000>
	matrix <-0.768041, -0.593386, 0.240842,
		0.507958, -0.793503, -0.335160,
		0.389988, -0.135079, 0.910858,
		9.450796, 18.802567, 12.043078>
	pigment { color rgbt <0,1,1,0> }
	no_shadow
}
cylinder {
	<9.118587, 18.235867, 11.587234>,  <9.177804, 18.897121, 11.405478>, 0.130000
	pigment { color rgbt <1,0,0,0> }
	no_shadow
}

// nucleotide -1

// particle -1
sphere {
	<9.118587, 18.235867, 11.587234> 0.250000
	pigment { color rgbt <1,0,0,0> }
	no_shadow
}
cylinder {
	<9.222725, 18.327549, 11.962400>,  <9.285208, 18.382559, 12.187500>, 0.100000
	pigment { color rgbt <1,0,0,0> }
	no_shadow
}
cylinder {
	<9.222725, 18.327549, 11.962400>,  <9.118587, 18.235867, 11.587234>, 0.100000
	pigment { color rgbt <1,0,0,0> }
	no_shadow
}

// particle -1
sphere {
	<9.222725, 18.327549, 11.962400> 0.100000
	pigment { color rgbt <1,0,0,0> }
	no_shadow
}
sphere {
	0, 1
	scale<0.080000,0.200000,0.300000>
	matrix <-0.547399, -0.765165, 0.338935,
		0.795346, -0.601654, -0.073741,
		0.260345, 0.229205, 0.937915,
		9.300829, 18.396311, 12.243775>
	pigment { color rgbt <0,1,1,0> }
	no_shadow
}
cylinder {
	<9.451652, 17.639952, 11.827312>,  <9.118587, 18.235867, 11.587234>, 0.130000
	pigment { color rgbt <1,0,0,0> }
	no_shadow
}

// nucleotide -1

// particle -1
sphere {
