// switches for output
#declare DRAW_BASES = 1; // possible values are 0, 1; only relevant for DNA ribbons
#declare DRAW_BASES_TYPE = 3; // possible values are 1, 2, 3; only relevant for DNA ribbons
#declare DRAW_FOG = 0; // set to 1 to enable fog

#include "colors.inc"

#include "transforms.inc"
background { rgb <1, 1, 1>}

#default {
   normal{
       ripples 0.25
       frequency 0.20
       turbulence 0.2
       lambda 5
   }
	finish {
		phong 0.1
		phong_size 40.
	}
}

// original window dimensions: 1024x640


// camera settings

camera {
	sky <0, 0.179814, -0.983701>
	up <0, 0.179814, -0.983701>
	right 1.6 * <1, 0, 0>
	location <25.469, 94.9851, 44.8844>
	look_at <25.469, 29.3977, 32.8955>
	direction <0, -65.5874, -11.9889>
	angle 67.0682
}


# declare cpy_camera_pos = <25.469, 94.9851, 44.8844>;
# if (DRAW_FOG = 1)
fog {
	fog_type 2
	up vnormalize(cpy_camera_pos)
	color rgbt<1,1,1,0.3>
	distance 1e-5
	fog_alt 3e-3
	fog_offset 28
}
# end


// LIGHTS

# declare lum = 6;
global_settings {
	ambient_light rgb lum * <0.05, 0.05, 0.05>
	max_trace_level 15
}# declare cpy_direct_light_amount = 0.25;
light_source
{	1000 * <-1, -1.16351, -0.803887>,
	rgb lum * cpy_direct_light_amount
	parallel
}

light_source
{	1000 * <1, 1.16351, 0.803887>,
	rgb lum * cpy_direct_light_amount
	parallel
}

// strand 0

// nucleotide -1

// particle -1
sphere {
	<4.229839, 15.407208, 14.918339> 0.250000
	pigment { color rgbt <1,0,0,0> }
	no_shadow
}
cylinder {
	<4.398250, 15.190352, 15.209219>,  <4.499296, 15.060239, 15.383747>, 0.100000
	pigment { color rgbt <1,0,0,0> }
	no_shadow
}
cylinder {
	<4.398250, 15.190352, 15.209219>,  <4.229839, 15.407208, 14.918339>, 0.100000
	pigment { color rgbt <1,0,0,0> }
	no_shadow
}

// particle -1
sphere {
	<4.398250, 15.190352, 15.209219> 0.100000
	pigment { color rgbt <1,0,0,0> }
	no_shadow
}
sphere {
	0, 1
	scale<0.080000,0.200000,0.300000>
	matrix <0.821144, -0.112748, -0.559473,
		0.385304, 0.832689, 0.397706,
		0.421026, -0.542141, 0.727200,
		4.524558, 15.027710, 15.427379>
	pigment { color rgbt <0,1,1,0> }
	no_shadow
}
cylinder {
	<4.813742, 15.703688, 15.135183>,  <4.229839, 15.407208, 14.918339>, 0.130000
	pigment { color rgbt <1,0,0,0> }
	no_shadow
}

// nucleotide -1

// particle -1
sphere {
	<4.813742, 15.703688, 15.135183> 0.250000
	pigment { color rgbt <1,0,0,0> }
	no_shadow
}
cylinder {
	<4.816983, 15.305792, 15.176028>,  <4.818927, 15.067054, 15.200535>, 0.100000
	pigment { color rgbt <1,0,0,0> }
	no_shadow
}
cylinder {
	<4.816983, 15.305792, 15.176028>,  <4.813742, 15.703688, 15.135183>, 0.100000
	pigment { color rgbt <1,0,0,0> }
	no_shadow
}

// particle -1
sphere {
	<4.816983, 15.305792, 15.176028> 0.100000
	pigment { color rgbt <1,0,0,0> }
	no_shadow
}
sphere {
	0, 1
	scale<0.080000,0.200000,0.300000>
	matrix <0.767480, -0.059274, -0.638327,
		0.641022, 0.083541, 0.762963,
		0.008103, -0.994740, 0.102112,
		4.819414, 15.007370, 15.206662>
	pigment { color rgbt <0,1,1,0> }
	no_shadow
}
cylinder {
	<5.509050, 15.669455, 15.345992>,  <4.813742, 15.703688, 15.135183>, 0.130000
	pigment { color rgbt <1,0,0,0> }
	no_shadow
}

// nucleotide -1

// particle -1
sphere {
	<5.509050, 15.669455, 15.345992> 0.250000
	pigment { color rgbt <1,0,0,0> }
	no_shadow
}
cylinder {
	<5.700232, 15.697656, 14.995771>,  <5.814941, 15.714577, 14.785639>, 0.100000
	pigment { color rgbt <1,0,0,0> }
	no_shadow
}
cylinder {
	<5.700232, 15.697656, 14.995771>,  <5.509050, 15.669455, 15.345992>, 0.100000
	pigment { color rgbt <1,0,0,0> }
	no_shadow
}

// particle -1
sphere {
	<5.700232, 15.697656, 14.995771> 0.100000
	pigment { color rgbt <1,0,0,0> }
	no_shadow
}
sphere {
	0, 1
	scale<0.080000,0.200000,0.300000>
	matrix <0.268753, -0.960709, 0.069350,
		-0.836261, -0.268453, -0.478123,
		0.477954, 0.070503, -0.875551,
		5.843618, 15.718806, 14.733106>
	pigment { color rgbt <0,1,1,0> }
	no_shadow
}
cylinder {
	<6.211048, 15.739470, 15.728814>,  <5.509050, 15.669455, 15.345992>, 0.130000
	pigment { color rgbt <1,0,0,0> }
	no_shadow
}

// nucleotide -1

// particle -1
sphere {
	<6.211048, 15.739470, 15.728814> 0.250000
	pigment { color rgbt <1,0,0,0> }
	no_shadow
}
cylinder {
	<6.454296, 16.041965, 15.825388>,  <6.600245, 16.223463, 15.883332>, 0.100000
	pigment { color rgbt <1,0,0,0> }
	no_shadow
}
cylinder {
	<6.454296, 16.041965, 15.825388>,  <6.211048, 15.739470, 15.728814>, 0.100000
	pigment { color rgbt <1,0,0,0> }
	no_shadow
}

// particle -1
sphere {
	<6.454296, 16.041965, 15.825388> 0.100000
	pigment { color rgbt <1,0,0,0> }
	no_shadow
}
sphere {
	0, 1
	scale<0.080000,0.200000,0.300000>
	matrix <-0.170175, 0.421249, -0.890836,
		-0.775390, 0.500650, 0.384863,
		0.608120, 0.756240, 0.241435,
		6.636732, 16.268837, 15.897819>
	pigment { color rgbt <0,1,1,0> }
	no_shadow
}
cylinder {
	<5.887928, 16.370371, 15.455311>,  <6.211048, 15.739470, 15.728814>, 0.130000
	pigment { color rgbt <1,0,0,0> }
	no_shadow
}

// nucleotide -1

// particle -1
sphere {
	<5.887928, 16.370371, 15.455311> 0.250000
	pigment { color rgbt <1,0,0,0> }
	no_shadow
}
cylinder {
	<6.287720, 16.380594, 15.463214>,  <6.527595, 16.386728, 15.467956>, 0.100000
	pigment { color rgbt <1,0,0,0> }
	no_shadow
}
cylinder {
	<6.287720, 16.380594, 15.463214>,  <5.887928, 16.370371, 15.455311>, 0.100000
	pigment { color rgbt <1,0,0,0> }
	no_shadow
}

// particle -1
sphere {
	<6.287720, 16.380594, 15.463214> 0.100000
	pigment { color rgbt <1,0,0,0> }
	no_shadow
}
sphere {
	0, 1
	scale<0.080000,0.200000,0.300000>
	matrix <0.015679, 0.150957, -0.988416,
		-0.028244, 0.988210, 0.150477,
		0.999478, 0.025557, 0.019758,
		6.587563, 16.388262, 15.469141>
	pigment { color rgbt <0,1,1,0> }
	no_shadow
}
cylinder {
	<6.110110, 16.959314, 15.151705>,  <5.887928, 16.370371, 15.455311>, 0.130000
	pigment { color rgbt <1,0,0,0> }
	no_shadow
}

// nucleotide -1

// particle -1
sphere {
	<6.110110, 16.959314, 15.151705> 0.250000
	pigment { color rgbt <1,0,0,0> }
	no_shadow
}
cylinder {
	<6.448877, 16.749697, 15.115688>,  <6.652137, 16.623926, 15.094078>, 0.100000
	pigment { color rgbt <1,0,0,0> }
	no_shadow
}
cylinder {
	<6.448877, 16.749697, 15.115688>,  <6.110110, 16.959314, 15.151705>, 0.100000
	pigment { color rgbt <1,0,0,0> }
	no_shadow
}

// particle -1
sphere {
	<6.448877, 16.749697, 15.115688> 0.100000
	pigment { color rgbt <1,0,0,0> }
	no_shadow
}
sphere {
	0, 1
	scale<0.080000,0.200000,0.300000>
	matrix <0.024277, 0.207272, -0.977982,
		0.531170, 0.826084, 0.188265,
		0.846917, -0.524046, -0.090042,
		6.702952, 16.592484, 15.088675>
	pigment { color rgbt <0,1,1,0> }
	no_shadow
}
cylinder {
	<6.519114, 17.305351, 14.606736>,  <6.110110, 16.959314, 15.151705>, 0.130000
	pigment { color rgbt <1,0,0,0> }
	no_shadow
}

// nucleotide -1

// particle -1
sphere {
	<6.519114, 17.305351, 14.606736> 0.250000
	pigment { color rgbt <1,0,0,0> }
	no_shadow
}
cylinder {
	<6.689289, 16.944822, 14.639289>,  <6.791393, 16.728506, 14.658821>, 0.100000
	pigment { color rgbt <1,0,0,0> }
	no_shadow
}
cylinder {
	<6.689289, 16.944822, 14.639289>,  <6.519114, 17.305351, 14.606736>, 0.100000
	pigment { color rgbt <1,0,0,0> }
	no_shadow
}

// particle -1
sphere {
	<6.689289, 16.944822, 14.639289> 0.100000
	pigment { color rgbt <1,0,0,0> }
	no_shadow
}
sphere {
	0, 1
	scale<0.080000,0.200000,0.300000>
	matrix <0.206623, 0.009189, -0.978377,
		0.881085, 0.433053, 0.190143,
		0.425437, -0.901321, 0.081383,
		6.816920, 16.674425, 14.663704>
	pigment { color rgbt <0,1,1,0> }
	no_shadow
}
cylinder {
	<7.087456, 17.420481, 14.221205>,  <6.519114, 17.305351, 14.606736>, 0.130000
	pigment { color rgbt <1,0,0,0> }
	no_shadow
}

// nucleotide -1

// particle -1
sphere {
	<7.087456, 17.420481, 14.221205> 0.250000
	pigment { color rgbt <1,0,0,0> }
	no_shadow
}
cylinder {
	<7.006951, 17.028669, 14.222852>,  <6.958649, 16.793583, 14.223840>, 0.100000
	pigment { color rgbt <1,0,0,0> }
	no_shadow
}
cylinder {
	<7.006951, 17.028669, 14.222852>,  <7.087456, 17.420481, 14.221205>, 0.100000
	pigment { color rgbt <1,0,0,0> }
	no_shadow
}

// particle -1
sphere {
	<7.006951, 17.028669, 14.222852> 0.100000
	pigment { color rgbt <1,0,0,0> }
	no_shadow
}
sphere {
	0, 1
	scale<0.080000,0.200000,0.300000>
	matrix <0.179992, -0.041113, -0.982809,
		0.962859, -0.197060, 0.184582,
		-0.201261, -0.979529, 0.004117,
		6.946573, 16.734810, 14.224087>
	pigment { color rgbt <0,1,1,0> }
	no_shadow
}
cylinder {
	<7.653453, 17.154581, 13.789870>,  <7.087456, 17.420481, 14.221205>, 0.130000
	pigment { color rgbt <1,0,0,0> }
	no_shadow
}

// nucleotide -1

// particle -1
sphere {
	<7.653453, 17.154581, 13.789870> 0.250000
	pigment { color rgbt <1,0,0,0> }
	no_shadow
}
cylinder {
	<7.365594, 16.876993, 13.798924>,  <7.192879, 16.710440, 13.804357>, 0.100000
	pigment { color rgbt <1,0,0,0> }
	no_shadow
}
cylinder {
	<7.365594, 16.876993, 13.798924>,  <7.653453, 17.154581, 13.789870>, 0.100000
	pigment { color rgbt <1,0,0,0> }
	no_shadow
}

// particle -1
sphere {
	<7.365594, 16.876993, 13.798924> 0.100000
	pigment { color rgbt <1,0,0,0> }
	no_shadow
}
sphere {
	0, 1
	scale<0.080000,0.200000,0.300000>
	matrix <0.159951, -0.197415, -0.967183,
		0.675667, -0.692409, 0.253070,
		-0.719646, -0.693972, 0.022635,
		7.149701, 16.668802, 13.805715>
	pigment { color rgbt <0,1,1,0> }
	no_shadow
}
cylinder {
	<7.900078, 16.552652, 13.315619>,  <7.653453, 17.154581, 13.789870>, 0.130000
	pigment { color rgbt <1,0,0,0> }
	no_shadow
}

// nucleotide -1

// particle -1
sphere {
	<7.900078, 16.552652, 13.315619> 0.250000
	pigment { color rgbt <1,0,0,0> }
	no_shadow
}
cylinder {
	<7.507762, 16.506601, 13.378605>,  <7.272372, 16.478971, 13.416397>, 0.100000
	pigment { color rgbt <1,0,0,0> }
	no_shadow
}
cylinder {
	<7.507762, 16.506601, 13.378605>,  <7.900078, 16.552652, 13.315619>, 0.100000
	pigment { color rgbt <1,0,0,0> }
	no_shadow
}

// particle -1
sphere {
	<7.507762, 16.506601, 13.378605> 0.100000
	pigment { color rgbt <1,0,0,0> }
	no_shadow
}
sphere {
	0, 1
	scale<0.080000,0.200000,0.300000>
	matrix <-0.142031, -0.131844, -0.981043,
		0.133705, -0.984562, 0.112960,
		-0.980791, -0.115127, 0.157467,
		7.213525, 16.472063, 13.425845>
	pigment { color rgbt <0,1,1,0> }
	no_shadow
}
cylinder {
	<7.727273, 16.083549, 12.846405>,  <7.900078, 16.552652, 13.315619>, 0.130000
	pigment { color rgbt <1,0,0,0> }
	no_shadow
}

// nucleotide -1

// particle -1
sphere {
	<7.727273, 16.083549, 12.846405> 0.250000
	pigment { color rgbt <1,0,0,0> }
	no_shadow
}
cylinder {
	<7.375551, 16.251173, 12.936925>,  <7.164518, 16.351748, 12.991237>, 0.100000
	pigment { color rgbt <1,0,0,0> }
	no_shadow
}
cylinder {
	<7.375551, 16.251173, 12.936925>,  <7.727273, 16.083549, 12.846405>, 0.100000
	pigment { color rgbt <1,0,0,0> }
	no_shadow
}

// particle -1
sphere {
	<7.375551, 16.251173, 12.936925> 0.100000
	pigment { color rgbt <1,0,0,0> }
	no_shadow
}
sphere {
	0, 1
	scale<0.080000,0.200000,0.300000>
	matrix <-0.256333, -0.015956, -0.966457,
		-0.401392, -0.907819, 0.121449,
		-0.879306, 0.419059, 0.226300,
		7.111760, 16.376890, 13.004815>
	pigment { color rgbt <0,1,1,0> }
	no_shadow
}
cylinder {
	<7.249636, 15.732326, 12.522159>,  <7.727273, 16.083549, 12.846405>, 0.130000
	pigment { color rgbt <1,0,0,0> }
	no_shadow
}

// nucleotide -1

// particle -1
sphere {
	<7.249636, 15.732326, 12.522159> 0.250000
	pigment { color rgbt <1,0,0,0> }
	no_shadow
}
cylinder {
	<7.053437, 16.075480, 12.583407>,  <6.935718, 16.281372, 12.620156>, 0.100000
	pigment { color rgbt <1,0,0,0> }
	no_shadow
}
cylinder {
	<7.053437, 16.075480, 12.583407>,  <7.249636, 15.732326, 12.522159>, 0.100000
	pigment { color rgbt <1,0,0,0> }
	no_shadow
}

// particle -1
sphere {
	<7.053437, 16.075480, 12.583407> 0.100000
	pigment { color rgbt <1,0,0,0> }
	no_shadow
}
sphere {
	0, 1
	scale<0.080000,0.200000,0.300000>
	matrix <-0.251422, 0.028926, -0.967445,
		-0.834386, -0.513027, 0.201503,
		-0.490497, 0.857885, 0.153122,
		6.906288, 16.332846, 12.629344>
	pigment { color rgbt <0,1,1,0> }
	no_shadow
}
cylinder {
	<6.638304, 15.534354, 12.253345>,  <7.249636, 15.732326, 12.522159>, 0.130000
	pigment { color rgbt <1,0,0,0> }
	no_shadow
}

// nucleotide -1

// particle -1
sphere {
	<6.638304, 15.534354, 12.253345> 0.250000
	pigment { color rgbt <1,0,0,0> }
	no_shadow
}
cylinder {
	<6.696004, 15.930171, 12.253283>,  <6.730624, 16.167662, 12.253245>, 0.100000
	pigment { color rgbt <1,0,0,0> }
	no_shadow
}
cylinder {
	<6.696004, 15.930171, 12.253283>,  <6.638304, 15.534354, 12.253345>, 0.100000
	pigment { color rgbt <1,0,0,0> }
	no_shadow
}

// particle -1
sphere {
	<6.696004, 15.930171, 12.253283> 0.100000
	pigment { color rgbt <1,0,0,0> }
	no_shadow
}
sphere {
	0, 1
	scale<0.080000,0.200000,0.300000>
	matrix <-0.435028, 0.063276, -0.898191,
		-0.888787, 0.129632, 0.439606,
		0.144251, 0.989541, -0.000155,
		6.739279, 16.227034, 12.253236>
	pigment { color rgbt <0,1,1,0> }
	no_shadow
}
cylinder {
	<5.932238, 15.675850, 12.136941>,  <6.638304, 15.534354, 12.253345>, 0.130000
	pigment { color rgbt <1,0,0,0> }
	no_shadow
}

// nucleotide -1

// particle -1
sphere {
	<5.932238, 15.675850, 12.136941> 0.250000
	pigment { color rgbt <1,0,0,0> }
	no_shadow
}
cylinder {
	<6.165681, 15.984553, 12.035914>,  <6.305747, 16.169775, 11.975299>, 0.100000
	pigment { color rgbt <1,0,0,0> }
	no_shadow
}
cylinder {
	<6.165681, 15.984553, 12.035914>,  <5.932238, 15.675850, 12.136941>, 0.100000
	pigment { color rgbt <1,0,0,0> }
	no_shadow
}

// particle -1
sphere {
	<6.165681, 15.984553, 12.035914> 0.100000
	pigment { color rgbt <1,0,0,0> }
	no_shadow
}
sphere {
	0, 1
	scale<0.080000,0.200000,0.300000>
	matrix <-0.435071, 0.034555, -0.899733,
		-0.685650, 0.634975, 0.355937,
		0.583608, 0.771759, -0.252566,
		6.340764, 16.216082, 11.960145>
	pigment { color rgbt <0,1,1,0> }
	no_shadow
}
cylinder {
	<5.496379, 16.100039, 11.720845>,  <5.932238, 15.675850, 12.136941>, 0.130000
	pigment { color rgbt <1,0,0,0> }
	no_shadow
}

// nucleotide -1

// particle -1
sphere {
	<5.496379, 16.100039, 11.720845> 0.250000
	pigment { color rgbt <1,0,0,0> }
	no_shadow
}
cylinder {
	<5.870291, 16.220999, 11.646288>,  <6.094638, 16.293575, 11.601554>, 0.100000
	pigment { color rgbt <1,0,0,0> }
	no_shadow
}
cylinder {
	<5.870291, 16.220999, 11.646288>,  <5.496379, 16.100039, 11.720845>, 0.100000
	pigment { color rgbt <1,0,0,0> }
	no_shadow
}

// particle -1
sphere {
	<5.870291, 16.220999, 11.646288> 0.100000
	pigment { color rgbt <1,0,0,0> }
	no_shadow
}
sphere {
	0, 1
	scale<0.080000,0.200000,0.300000>
	matrix <-0.234463, 0.131044, -0.963252,
		-0.266861, 0.944130, 0.193399,
		0.934779, 0.302400, -0.186393,
		6.150725, 16.311718, 11.590370>
	pigment { color rgbt <0,1,1,0> }
	no_shadow
}
cylinder {
	<5.402577, 16.718395, 11.191729>,  <5.496379, 16.100039, 11.720845>, 0.130000
	pigment { color rgbt <1,0,0,0> }
	no_shadow
}

// nucleotide -1

// particle -1
sphere {
	<5.402577, 16.718395, 11.191729> 0.250000
	pigment { color rgbt <1,0,0,0> }
	no_shadow
}
cylinder {
	<5.787271, 16.619043, 11.145475>,  <6.018088, 16.559433, 11.117723>, 0.100000
	pigment { color rgbt <1,0,0,0> }
	no_shadow
}
cylinder {
	<5.787271, 16.619043, 11.145475>,  <5.402577, 16.718395, 11.191729>, 0.100000
	pigment { color rgbt <1,0,0,0> }
	no_shadow
}

// particle -1
sphere {
	<5.787271, 16.619043, 11.145475> 0.100000
	pigment { color rgbt <1,0,0,0> }
	no_shadow
}
sphere {
	0, 1
	scale<0.080000,0.200000,0.300000>
	matrix <-0.021756, 0.351489, -0.935939,
		0.273112, 0.902643, 0.332636,
		0.961736, -0.248379, -0.115634,
		6.075792, 16.544529, 11.110785>
	pigment { color rgbt <0,1,1,0> }
	no_shadow
}
cylinder {
	<5.689788, 17.275934, 10.926991>,  <5.402577, 16.718395, 11.191729>, 0.130000
	pigment { color rgbt <1,0,0,0> }
	no_shadow
}

// nucleotide -1

// particle -1
sphere {
	<5.689788, 17.275934, 10.926991> 0.250000
	pigment { color rgbt <1,0,0,0> }
	no_shadow
}
cylinder {
	<5.932242, 16.976309, 10.820030>,  <6.077714, 16.796534, 10.755854>, 0.100000
	pigment { color rgbt <1,0,0,0> }
	no_shadow
}
cylinder {
	<5.932242, 16.976309, 10.820030>,  <5.689788, 17.275934, 10.926991>, 0.100000
	pigment { color rgbt <1,0,0,0> }
	no_shadow
}

// particle -1
sphere {
	<5.932242, 16.976309, 10.820030> 0.100000
	pigment { color rgbt <1,0,0,0> }
	no_shadow
}
sphere {
	0, 1
	scale<0.080000,0.200000,0.300000>
	matrix <-0.009029, 0.329701, -0.944042,
		0.795311, 0.574630, 0.193079,
		0.606134, -0.749064, -0.267403,
		6.114082, 16.751589, 10.739809>
	pigment { color rgbt <0,1,1,0> }
	no_shadow
}
cylinder {
	<6.202678, 17.577597, 10.496239>,  <5.689788, 17.275934, 10.926991>, 0.130000
	pigment { color rgbt <1,0,0,0> }
	no_shadow
}

// nucleotide -1

// particle -1
sphere {
	<6.202678, 17.577597, 10.496239> 0.250000
	pigment { color rgbt <1,0,0,0> }
	no_shadow
}
cylinder {
	<6.192404, 17.187284, 10.409345>,  <6.186240, 16.953096, 10.357208>, 0.100000
	pigment { color rgbt <1,0,0,0> }
	no_shadow
}
cylinder {
	<6.192404, 17.187284, 10.409345>,  <6.202678, 17.577597, 10.496239>, 0.100000
	pigment { color rgbt <1,0,0,0> }
	no_shadow
}

// particle -1
sphere {
	<6.192404, 17.187284, 10.409345> 0.100000
	pigment { color rgbt <1,0,0,0> }
	no_shadow
}
sphere {
	0, 1
	scale<0.080000,0.200000,0.300000>
	matrix <-0.102442, 0.218733, -0.970392,
		0.994407, -0.002670, -0.105579,
		-0.025684, -0.975781, -0.217236,
		6.184699, 16.894550, 10.344173>
	pigment { color rgbt <0,1,1,0> }
	no_shadow
}
cylinder {
	<6.656610, 17.465197, 9.953617>,  <6.202678, 17.577597, 10.496239>, 0.130000
	pigment { color rgbt <1,0,0,0> }
	no_shadow
}

// nucleotide -1

// particle -1
sphere {
	<6.656610, 17.465197, 9.953617> 0.250000
	pigment { color rgbt <1,0,0,0> }
	no_shadow
}
cylinder {
	<6.465141, 17.115580, 9.920332>,  <6.350259, 16.905809, 9.900361>, 0.100000
	pigment { color rgbt <1,0,0,0> }
	no_shadow
}
cylinder {
	<6.465141, 17.115580, 9.920332>,  <6.656610, 17.465197, 9.953617>, 0.100000
	pigment { color rgbt <1,0,0,0> }
	no_shadow
}

// particle -1
sphere {
	<6.465141, 17.115580, 9.920332> 0.100000
	pigment { color rgbt <1,0,0,0> }
	no_shadow
}
sphere {
	0, 1
	scale<0.080000,0.200000,0.300000>
	matrix <-0.068836, 0.131845, -0.988877,
		0.875291, -0.467620, -0.123276,
		-0.478673, -0.874041, -0.083214,
		6.321539, 16.853367, 9.895368>
	pigment { color rgbt <0,1,1,0> }
	no_shadow
}
cylinder {
	<7.040875, 17.062603, 9.532235>,  <6.656610, 17.465197, 9.953617>, 0.130000
	pigment { color rgbt <1,0,0,0> }
	no_shadow
}

// nucleotide -1

// particle -1
sphere {
	<7.040875, 17.062603, 9.532235> 0.250000
	pigment { color rgbt <1,0,0,0> }
	no_shadow
}
cylinder {
	<6.667408, 16.919897, 9.519708>,  <6.443327, 16.834274, 9.512191>, 0.100000
	pigment { color rgbt <1,0,0,0> }
	no_shadow
}
cylinder {
	<6.667408, 16.919897, 9.519708>,  <7.040875, 17.062603, 9.532235>, 0.100000
	pigment { color rgbt <1,0,0,0> }
	no_shadow
}

// particle -1
sphere {
	<6.667408, 16.919897, 9.519708> 0.100000
	pigment { color rgbt <1,0,0,0> }
	no_shadow
}
sphere {
	0, 1
	scale<0.080000,0.200000,0.300000>
	matrix <-0.054338, 0.227556, -0.972248,
		0.353992, -0.906055, -0.231848,
		-0.933669, -0.356766, -0.031319,
		6.387307, 16.812868, 9.510312>
	pigment { color rgbt <0,1,1,0> }
	no_shadow
}
cylinder {
	<6.960602, 16.653193, 8.963387>,  <7.040875, 17.062603, 9.532235>, 0.130000
	pigment { color rgbt <1,0,0,0> }
	no_shadow
}

// nucleotide -1

// particle -1
sphere {
	<6.960602, 16.653193, 8.963387> 0.250000
	pigment { color rgbt <1,0,0,0> }
	no_shadow
}
cylinder {
	<6.577951, 16.736444, 9.044923>,  <6.348361, 16.786396, 9.093844>, 0.100000
	pigment { color rgbt <1,0,0,0> }
	no_shadow
}
cylinder {
	<6.577951, 16.736444, 9.044923>,  <6.960602, 16.653193, 8.963387>, 0.100000
	pigment { color rgbt <1,0,0,0> }
	no_shadow
}

// particle -1
sphere {
	<6.577951, 16.736444, 9.044923> 0.100000
	pigment { color rgbt <1,0,0,0> }
	no_shadow
}
sphere {
	0, 1
	scale<0.080000,0.200000,0.300000>
	matrix <-0.207007, 0.006682, -0.978317,
		-0.204979, -0.978078, 0.036692,
		-0.956625, 0.208130, 0.203839,
		6.290964, 16.798883, 9.106074>
	pigment { color rgbt <0,1,1,0> }
	no_shadow
}
cylinder {
	<6.641003, 16.281940, 8.438860>,  <6.960602, 16.653193, 8.963387>, 0.130000
	pigment { color rgbt <1,0,0,0> }
	no_shadow
}

// nucleotide -1

// particle -1
sphere {
	<6.641003, 16.281940, 8.438860> 0.250000
	pigment { color rgbt <1,0,0,0> }
	no_shadow
}
cylinder {
	<6.356681, 16.532295, 8.567248>,  <6.186089, 16.682508, 8.644281>, 0.100000
	pigment { color rgbt <1,0,0,0> }
	no_shadow
}
cylinder {
	<6.356681, 16.532295, 8.567248>,  <6.641003, 16.281940, 8.438860>, 0.100000
	pigment { color rgbt <1,0,0,0> }
	no_shadow
}

// particle -1
sphere {
	<6.356681, 16.532295, 8.567248> 0.100000
	pigment { color rgbt <1,0,0,0> }
	no_shadow
}
sphere {
	0, 1
	scale<0.080000,0.200000,0.300000>
	matrix <-0.308015, 0.133278, -0.942000,
		-0.632365, -0.768440, 0.098049,
		-0.710803, 0.625889, 0.320972,
		6.143440, 16.720062, 8.663540>
	pigment { color rgbt <0,1,1,0> }
	no_shadow
}
cylinder {
	<5.905088, 15.985716, 8.292978>,  <6.641003, 16.281940, 8.438860>, 0.130000
	pigment { color rgbt <1,0,0,0> }
	no_shadow
}

// nucleotide -1

// particle -1
sphere {
	<5.905088, 15.985716, 8.292978> 0.250000
	pigment { color rgbt <1,0,0,0> }
	no_shadow
}
cylinder {
	<5.868577, 16.378944, 8.356528>,  <5.846671, 16.614882, 8.394658>, 0.100000
	pigment { color rgbt <1,0,0,0> }
	no_shadow
}
cylinder {
	<5.868577, 16.378944, 8.356528>,  <5.905088, 15.985716, 8.292978>, 0.100000
	pigment { color rgbt <1,0,0,0> }
	no_shadow
}

// particle -1
sphere {
	<5.868577, 16.378944, 8.356528> 0.100000
	pigment { color rgbt <1,0,0,0> }
	no_shadow
}
sphere {
	0, 1
	scale<0.080000,0.200000,0.300000>
	matrix <-0.378006, 0.113396, -0.918832,
		-0.921293, -0.143924, 0.361256,
		-0.091277, 0.983070, 0.158875,
		5.841194, 16.673866, 8.404191>
	pigment { color rgbt <0,1,1,0> }
	no_shadow
}
cylinder {
	<5.109162, 16.177521, 8.168792>,  <5.905088, 15.985716, 8.292978>, 0.130000
	pigment { color rgbt <1,0,0,0> }
	no_shadow
}

// nucleotide -1

// particle -1
sphere {
	<5.109162, 16.177521, 8.168792> 0.250000
	pigment { color rgbt <1,0,0,0> }
	no_shadow
}
cylinder {
	<5.328735, 16.506628, 8.109834>,  <5.460479, 16.704092, 8.074459>, 0.100000
	pigment { color rgbt <1,0,0,0> }
	no_shadow
}
cylinder {
	<5.328735, 16.506628, 8.109834>,  <5.109162, 16.177521, 8.168792>, 0.100000
	pigment { color rgbt <1,0,0,0> }
	no_shadow
}

// particle -1
sphere {
	<5.328735, 16.506628, 8.109834> 0.100000
	pigment { color rgbt <1,0,0,0> }
	no_shadow
}
sphere {
	0, 1
	scale<0.080000,0.200000,0.300000>
	matrix <-0.351932, 0.067554, -0.933585,
		-0.758167, 0.564348, 0.326641,
		0.548933, 0.822768, -0.147395,
		5.493415, 16.753458, 8.065616>
	pigment { color rgbt <0,1,1,0> }
	no_shadow
}
cylinder {
	<4.691017, 16.700542, 7.928858>,  <5.109162, 16.177521, 8.168792>, 0.130000
	pigment { color rgbt <1,0,0,0> }
	no_shadow
}

// nucleotide -1

// particle -1
sphere {
	<4.691017, 16.700542, 7.928858> 0.250000
	pigment { color rgbt <1,0,0,0> }
	no_shadow
}
cylinder {
	<5.058506, 16.807390, 7.812517>,  <5.278999, 16.871500, 7.742713>, 0.100000
	pigment { color rgbt <1,0,0,0> }
	no_shadow
}
cylinder {
	<5.058506, 16.807390, 7.812517>,  <4.691017, 16.700542, 7.928858>, 0.100000
	pigment { color rgbt <1,0,0,0> }
	no_shadow
}

// particle -1
sphere {
	<5.058506, 16.807390, 7.812517> 0.100000
	pigment { color rgbt <1,0,0,0> }
	no_shadow
}
sphere {
	0, 1
	scale<0.080000,0.200000,0.300000>
	matrix <-0.331962, 0.123477, -0.935176,
		-0.213892, 0.955720, 0.202115,
		0.918723, 0.267121, -0.290851,
		5.334123, 16.887527, 7.725262>
	pigment { color rgbt <0,1,1,0> }
	no_shadow
}
cylinder {
	<4.518925, 17.124495, 7.306609>,  <4.691017, 16.700542, 7.928858>, 0.130000
	pigment { color rgbt <1,0,0,0> }
	no_shadow
}

// nucleotide -1

// particle -1
sphere {
	<4.518925, 17.124495, 7.306609> 0.250000
	pigment { color rgbt <1,0,0,0> }
	no_shadow
}
cylinder {
	<4.918804, 17.124775, 7.316455>,  <5.158731, 17.124943, 7.322363>, 0.100000
	pigment { color rgbt <1,0,0,0> }
	no_shadow
}
cylinder {
	<4.918804, 17.124775, 7.316455>,  <4.518925, 17.124495, 7.306609>, 0.100000
	pigment { color rgbt <1,0,0,0> }
	no_shadow
}

// particle -1
sphere {
	<4.918804, 17.124775, 7.316455> 0.100000
	pigment { color rgbt <1,0,0,0> }
	no_shadow
}
sphere {
	0, 1
	scale<0.080000,0.200000,0.300000>
	matrix <0.023403, 0.284113, -0.958505,
		-0.007667, 0.958790, 0.284010,
		0.999697, 0.000702, 0.024617,
		5.218713, 17.124985, 7.323841>
	pigment { color rgbt <0,1,1,0> }
	no_shadow
}
cylinder {
	<4.762381, 17.777021, 7.011389>,  <4.518925, 17.124495, 7.306609>, 0.130000
	pigment { color rgbt <1,0,0,0> }
	no_shadow
}

// nucleotide -1

// particle -1
sphere {
	<4.762381, 17.777021, 7.011389> 0.250000
	pigment { color rgbt <1,0,0,0> }
	no_shadow
}
cylinder {
	<5.082542, 17.537912, 6.993379>,  <5.274638, 17.394447, 6.982573>, 0.100000
	pigment { color rgbt <1,0,0,0> }
	no_shadow
}
cylinder {
	<5.082542, 17.537912, 6.993379>,  <4.762381, 17.777021, 7.011389>, 0.100000
	pigment { color rgbt <1,0,0,0> }
	no_shadow
}

// particle -1
sphere {
	<5.082542, 17.537912, 6.993379> 0.100000
	pigment { color rgbt <1,0,0,0> }
	no_shadow
}
sphere {
	0, 1
	scale<0.080000,0.200000,0.300000>
	matrix <0.179391, 0.310513, -0.933488,
		0.571993, 0.739089, 0.355770,
		0.800402, -0.597771, -0.045025,
		5.322662, 17.358582, 6.979872>
	pigment { color rgbt <0,1,1,0> }
	no_shadow
}
cylinder {
	<5.181212, 18.106947, 6.566573>,  <4.762381, 17.777021, 7.011389>, 0.130000
	pigment { color rgbt <1,0,0,0> }
	no_shadow
}

// nucleotide -1

// particle -1
sphere {
	<5.181212, 18.106947, 6.566573> 0.250000
	pigment { color rgbt <1,0,0,0> }
	no_shadow
}
cylinder {
	<5.368166, 17.753773, 6.548777>,  <5.480339, 17.541868, 6.538099>, 0.100000
	pigment { color rgbt <1,0,0,0> }
	no_shadow
}
cylinder {
	<5.368166, 17.753773, 6.548777>,  <5.181212, 18.106947, 6.566573>, 0.100000
	pigment { color rgbt <1,0,0,0> }
	no_shadow
}

// particle -1
sphere {
	<5.368166, 17.753773, 6.548777> 0.100000
	pigment { color rgbt <1,0,0,0> }
	no_shadow
}
sphere {
	0, 1
	scale<0.080000,0.200000,0.300000>
	matrix <0.139496, 0.123351, -0.982510,
		0.872979, 0.453005, 0.180818,
		0.467386, -0.882933, -0.044490,
		5.508382, 17.488894, 6.535429>
	pigment { color rgbt <0,1,1,0> }
	no_shadow
}
cylinder {
	<5.682088, 18.329344, 6.151757>,  <5.181212, 18.106947, 6.566573>, 0.130000
	pigment { color rgbt <1,0,0,0> }
	no_shadow
}

// nucleotide -1

// particle -1
sphere {
	<5.682088, 18.329344, 6.151757> 0.250000
	pigment { color rgbt <1,0,0,0> }
	no_shadow
}
cylinder {
	<5.659168, 17.930298, 6.136371>,  <5.645416, 17.690870, 6.127140>, 0.100000
	pigment { color rgbt <1,0,0,0> }
	no_shadow
}
cylinder {
	<5.659168, 17.930298, 6.136371>,  <5.682088, 18.329344, 6.151757>, 0.100000
	pigment { color rgbt <1,0,0,0> }
	no_shadow
}

// particle -1
sphere {
	<5.659168, 17.930298, 6.136371> 0.100000
	pigment { color rgbt <1,0,0,0> }
	no_shadow
}
sphere {
	0, 1
	scale<0.080000,0.200000,0.300000>
	matrix <0.193644, 0.026690, -0.980709,
		0.979397, -0.063643, 0.191653,
		-0.057300, -0.997616, -0.038464,
		5.641978, 17.631014, 6.124832>
	pigment { color rgbt <0,1,1,0> }
	no_shadow
}
cylinder {
	<6.038493, 17.813334, 6.642513>,  <5.682088, 18.329344, 6.151757>, 0.130000
	pigment { color rgbt <1,0,0,0> }
	no_shadow
}

// nucleotide -1

// particle -1
sphere {
	<6.038493, 17.813334, 6.642513> 0.250000
	pigment { color rgbt <1,0,0,0> }
	no_shadow
}
cylinder {
	<6.293350, 18.090836, 6.508199>,  <6.446264, 18.257338, 6.427610>, 0.100000
	pigment { color rgbt <1,0,0,0> }
	no_shadow
}
cylinder {
	<6.293350, 18.090836, 6.508199>,  <6.038493, 17.813334, 6.642513>, 0.100000
	pigment { color rgbt <1,0,0,0> }
	no_shadow
}

// particle -1
sphere {
	<6.293350, 18.090836, 6.508199> 0.100000
	pigment { color rgbt <1,0,0,0> }
	no_shadow
}
sphere {
	0, 1
	scale<0.080000,0.200000,0.300000>
	matrix <0.763550, -0.508747, 0.397703,
		0.105079, -0.509783, -0.853862,
		0.637142, 0.693756, -0.335786,
		6.484492, 18.298962, 6.407463>
	pigment { color rgbt <0,1,1,0> }
	no_shadow
}
cylinder {
	<6.562735, 17.307041, 6.506783>,  <6.038493, 17.813334, 6.642513>, 0.130000
	pigment { color rgbt <1,0,0,0> }
	no_shadow
}

// nucleotide -1

// particle -1
sphere {
	<6.562735, 17.307041, 6.506783> 0.250000
	pigment { color rgbt <1,0,0,0> }
	no_shadow
}
cylinder {
	<6.668516, 17.689287, 6.558734>,  <6.731985, 17.918634, 6.589905>, 0.100000
	pigment { color rgbt <1,0,0,0> }
	no_shadow
}
cylinder {
	<6.668516, 17.689287, 6.558734>,  <6.562735, 17.307041, 6.506783>, 0.100000
	pigment { color rgbt <1,0,0,0> }
	no_shadow
}

// particle -1
sphere {
	<6.668516, 17.689287, 6.558734> 0.100000
	pigment { color rgbt <1,0,0,0> }
	no_shadow
}
sphere {
	0, 1
	scale<0.080000,0.200000,0.300000>
	matrix <0.649329, -0.276007, 0.708655,
		0.713047, -0.103072, -0.693498,
		0.264453, 0.955613, 0.129879,
		6.747852, 17.975971, 6.597698>
	pigment { color rgbt <0,1,1,0> }
	no_shadow
}
cylinder {
	<7.370419, 17.413595, 6.596415>,  <6.562735, 17.307041, 6.506783>, 0.130000
	pigment { color rgbt <1,0,0,0> }
	no_shadow
}

// nucleotide -1

// particle -1
sphere {
	<7.370419, 17.413595, 6.596415> 0.250000
	pigment { color rgbt <1,0,0,0> }
	no_shadow
}
cylinder {
	<7.173222, 17.722378, 6.756936>,  <7.054904, 17.907646, 6.853249>, 0.100000
	pigment { color rgbt <1,0,0,0> }
	no_shadow
}
cylinder {
	<7.173222, 17.722378, 6.756936>,  <7.370419, 17.413595, 6.596415>, 0.100000
	pigment { color rgbt <1,0,0,0> }
	no_shadow
}

// particle -1
sphere {
	<7.173222, 17.722378, 6.756936> 0.100000
	pigment { color rgbt <1,0,0,0> }
	no_shadow
}
sphere {
	0, 1
	scale<0.080000,0.200000,0.300000>
	matrix <0.555712, -0.075513, 0.827938,
		0.669435, 0.631176, -0.391757,
		-0.492992, 0.771955, 0.401304,
		7.025324, 17.953964, 6.877327>
	pigment { color rgbt <0,1,1,0> }
	no_shadow
}
cylinder {
	<7.805670, 17.993214, 6.780798>,  <7.370419, 17.413595, 6.596415>, 0.130000
	pigment { color rgbt <1,0,0,0> }
	no_shadow
}

// nucleotide -1

// particle -1
sphere {
	<7.805670, 17.993214, 6.780798> 0.250000
	pigment { color rgbt <1,0,0,0> }
	no_shadow
}
cylinder {
	<7.501950, 17.977278, 7.040606>,  <7.319717, 17.967716, 7.196490>, 0.100000
	pigment { color rgbt <1,0,0,0> }
	no_shadow
}
cylinder {
	<7.501950, 17.977278, 7.040606>,  <7.805670, 17.993214, 6.780798>, 0.100000
	pigment { color rgbt <1,0,0,0> }
	no_shadow
}

// particle -1
sphere {
	<7.501950, 17.977278, 7.040606> 0.100000
	pigment { color rgbt <1,0,0,0> }
	no_shadow
}
sphere {
	0, 1
	scale<0.080000,0.200000,0.300000>
	matrix <0.648370, 0.038796, 0.760337,
		-0.055492, 0.998453, -0.003625,
		-0.759301, -0.039842, 0.649519,
		7.274159, 17.965324, 7.235461>
	pigment { color rgbt <0,1,1,0> }
	no_shadow
}
cylinder {
	<8.018919, 18.502951, 7.171095>,  <7.805670, 17.993214, 6.780798>, 0.130000
	pigment { color rgbt <1,0,0,0> }
	no_shadow
}

// nucleotide -1

// particle -1
sphere {
	<8.018919, 18.502951, 7.171095> 0.250000
	pigment { color rgbt <1,0,0,0> }
	no_shadow
}
cylinder {
	<7.762893, 18.277124, 7.379550>,  <7.609278, 18.141628, 7.504622>, 0.100000
	pigment { color rgbt <1,0,0,0> }
	no_shadow
}
cylinder {
	<7.762893, 18.277124, 7.379550>,  <8.018919, 18.502951, 7.171095>, 0.100000
	pigment { color rgbt <1,0,0,0> }
	no_shadow
}

// particle -1
sphere {
	<7.762893, 18.277124, 7.379550> 0.100000
	pigment { color rgbt <1,0,0,0> }
	no_shadow
}
sphere {
	0, 1
	scale<0.080000,0.200000,0.300000>
	matrix <0.629252, 0.004005, 0.777191,
		-0.440861, 0.825380, 0.352690,
		-0.640065, -0.564564, 0.521137,
		7.570874, 18.107756, 7.535891>
	pigment { color rgbt <0,1,1,0> }
	no_shadow
}
cylinder {
	<8.356796, 18.541225, 7.819862>,  <8.018919, 18.502951, 7.171095>, 0.130000
	pigment { color rgbt <1,0,0,0> }
	no_shadow
}

// nucleotide -1

// particle -1
sphere {
	<8.356796, 18.541225, 7.819862> 0.250000
	pigment { color rgbt <1,0,0,0> }
	no_shadow
}
cylinder {
	<8.007919, 18.398193, 7.953377>,  <7.798593, 18.312374, 8.033485>, 0.100000
	pigment { color rgbt <1,0,0,0> }
	no_shadow
}
cylinder {
	<8.007919, 18.398193, 7.953377>,  <8.356796, 18.541225, 7.819862>, 0.100000
	pigment { color rgbt <1,0,0,0> }
	no_shadow
}

// particle -1
sphere {
	<8.007919, 18.398193, 7.953377> 0.100000
	pigment { color rgbt <1,0,0,0> }
	no_shadow
}
sphere {
	0, 1
	scale<0.080000,0.200000,0.300000>
	matrix <0.298776, 0.150861, 0.942324,
		-0.387314, 0.921616, -0.024743,
		-0.872193, -0.357583, 0.333788,
		7.746262, 18.290918, 8.053514>
	pigment { color rgbt <0,1,1,0> }
	no_shadow
}
cylinder {
	<8.360084, 18.878372, 8.413566>,  <8.356796, 18.541225, 7.819862>, 0.130000
	pigment { color rgbt <1,0,0,0> }
	no_shadow
}

// nucleotide -1

// particle -1
sphere {
	<8.360084, 18.878372, 8.413566> 0.250000
	pigment { color rgbt <1,0,0,0> }
	no_shadow
}
cylinder {
	<8.096002, 18.588026, 8.490768>,  <7.937552, 18.413818, 8.537090>, 0.100000
	pigment { color rgbt <1,0,0,0> }
	no_shadow
}
cylinder {
	<8.096002, 18.588026, 8.490768>,  <8.360084, 18.878372, 8.413566>, 0.100000
	pigment { color rgbt <1,0,0,0> }
	no_shadow
}

// particle -1
sphere {
	<8.096002, 18.588026, 8.490768> 0.100000
	pigment { color rgbt <1,0,0,0> }
	no_shadow
}
sphere {
	0, 1
	scale<0.080000,0.200000,0.300000>
	matrix <0.209138, 0.069148, 0.975438,
		-0.721382, 0.684353, 0.106154,
		-0.660204, -0.725864, 0.193007,
		7.897941, 18.370266, 8.548671>
	pigment { color rgbt <0,1,1,0> }
	no_shadow
}
cylinder {
	<8.080632, 19.188700, 8.903164>,  <8.360084, 18.878372, 8.413566>, 0.130000
	pigment { color rgbt <1,0,0,0> }
	no_shadow
}

// nucleotide -1

// particle -1
sphere {
	<8.080632, 19.188700, 8.903164> 0.250000
	pigment { color rgbt <1,0,0,0> }
	no_shadow
}
cylinder {
	<7.992179, 18.800873, 8.945186>,  <7.939107, 18.568176, 8.970399>, 0.100000
	pigment { color rgbt <1,0,0,0> }
	no_shadow
}
cylinder {
	<7.992179, 18.800873, 8.945186>,  <8.080632, 19.188700, 8.903164>, 0.100000
	pigment { color rgbt <1,0,0,0> }
	no_shadow
}

// particle -1
sphere {
	<7.992179, 18.800873, 8.945186> 0.100000
	pigment { color rgbt <1,0,0,0> }
	no_shadow
}
sphere {
	0, 1
	scale<0.080000,0.200000,0.300000>
	matrix <0.279231, 0.040266, 0.959379,
		-0.934414, 0.241485, 0.261829,
		-0.221133, -0.969569, 0.105055,
		7.925839, 18.510002, 8.976702>
	pigment { color rgbt <0,1,1,0> }
	no_shadow
}
cylinder {
	<7.635167, 19.149071, 9.497518>,  <8.080632, 19.188700, 8.903164>, 0.130000
	pigment { color rgbt <1,0,0,0> }
	no_shadow
}

// nucleotide -1

// particle -1
sphere {
	<7.635167, 19.149071, 9.497518> 0.250000
	pigment { color rgbt <1,0,0,0> }
	no_shadow
}
cylinder {
	<7.796864, 18.784100, 9.472015>,  <7.893881, 18.565117, 9.456714>, 0.100000
	pigment { color rgbt <1,0,0,0> }
	no_shadow
}
cylinder {
	<7.796864, 18.784100, 9.472015>,  <7.635167, 19.149071, 9.497518>, 0.100000
	pigment { color rgbt <1,0,0,0> }
	no_shadow
}

// particle -1
sphere {
	<7.796864, 18.784100, 9.472015> 0.100000
	pigment { color rgbt <1,0,0,0> }
	no_shadow
}
sphere {
	0, 1
	scale<0.080000,0.200000,0.300000>
	matrix <0.230623, 0.034226, 0.972441,
		-0.885100, -0.407804, 0.224263,
		0.404241, -0.912428, -0.063756,
		7.918136, 18.510372, 9.452888>
	pigment { color rgbt <0,1,1,0> }
	no_shadow
}
cylinder {
	<7.445283, 18.741762, 10.159309>,  <7.635167, 19.149071, 9.497518>, 0.130000
	pigment { color rgbt <1,0,0,0> }
	no_shadow
}

// nucleotide -1

// particle -1
sphere {
	<7.445283, 18.741762, 10.159309> 0.250000
	pigment { color rgbt <1,0,0,0> }
	no_shadow
}
cylinder {
	<7.747168, 18.533201, 10.000036>,  <7.928298, 18.408064, 9.904472>, 0.100000
	pigment { color rgbt <1,0,0,0> }
	no_shadow
}
cylinder {
	<7.747168, 18.533201, 10.000036>,  <7.445283, 18.741762, 10.159309>, 0.100000
	pigment { color rgbt <1,0,0,0> }
	no_shadow
}

// particle -1
sphere {
	<7.747168, 18.533201, 10.000036> 0.100000
	pigment { color rgbt <1,0,0,0> }
	no_shadow
}
sphere {
	0, 1
	scale<0.080000,0.200000,0.300000>
	matrix <0.320516, -0.236535, 0.917235,
		-0.572435, -0.819871, -0.011397,
		0.754710, -0.521405, -0.398183,
		7.973581, 18.376780, 9.880582>
	pigment { color rgbt <0,1,1,0> }
	no_shadow
}
cylinder {
	<7.491713, 18.159403, 10.543546>,  <7.445283, 18.741762, 10.159309>, 0.130000
	pigment { color rgbt <1,0,0,0> }
	no_shadow
}

// nucleotide -1

// particle -1
sphere {
	<7.491713, 18.159403, 10.543546> 0.250000
	pigment { color rgbt <1,0,0,0> }
	no_shadow
}
cylinder {
	<7.850834, 18.145550, 10.367933>,  <8.066307, 18.137238, 10.262566>, 0.100000
	pigment { color rgbt <1,0,0,0> }
	no_shadow
}
cylinder {
	<7.850834, 18.145550, 10.367933>,  <7.491713, 18.159403, 10.543546>, 0.100000
	pigment { color rgbt <1,0,0,0> }
	no_shadow
}

// particle -1
sphere {
	<7.850834, 18.145550, 10.367933> 0.100000
	pigment { color rgbt <1,0,0,0> }
	no_shadow
}
sphere {
	0, 1
	scale<0.080000,0.200000,0.300000>
	matrix <0.415679, -0.262626, 0.870769,
		-0.145456, -0.964276, -0.221392,
		0.897805, -0.034630, -0.439030,
		8.120175, 18.135160, 10.236224>
	pigment { color rgbt <0,1,1,0> }
	no_shadow
}
cylinder {
	<7.842492, 17.588425, 10.777806>,  <7.491713, 18.159403, 10.543546>, 0.130000
	pigment { color rgbt <1,0,0,0> }
	no_shadow
}

// nucleotide -1

// particle -1
sphere {
	<7.842492, 17.588425, 10.777806> 0.250000
	pigment { color rgbt <1,0,0,0> }
	no_shadow
}
cylinder {
	<8.151467, 17.807302, 10.648862>,  <8.336852, 17.938629, 10.571495>, 0.100000
	pigment { color rgbt <1,0,0,0> }
	no_shadow
}
cylinder {
	<8.151467, 17.807302, 10.648862>,  <7.842492, 17.588425, 10.777806>, 0.100000
	pigment { color rgbt <1,0,0,0> }
	no_shadow
}

// particle -1
sphere {
	<8.151467, 17.807302, 10.648862> 0.100000
	pigment { color rgbt <1,0,0,0> }
	no_shadow
}
sphere {
	0, 1
	scale<0.080000,0.200000,0.300000>
	matrix <0.480704, -0.172030, 0.859843,
		0.415047, -0.819135, -0.395922,
		0.772438, 0.547196, -0.322361,
		8.383199, 17.971460, 10.552154>
	pigment { color rgbt <0,1,1,0> }
	no_shadow
}
cylinder {
	<8.387108, 17.176628, 10.964357>,  <7.842492, 17.588425, 10.777806>, 0.130000
	pigment { color rgbt <1,0,0,0> }
	no_shadow
}

// nucleotide -1

// particle -1
sphere {
	<8.387108, 17.176628, 10.964357> 0.250000
	pigment { color rgbt <1,0,0,0> }
	no_shadow
}
cylinder {
	<8.547484, 17.541697, 10.932660>,  <8.643710, 17.760736, 10.913642>, 0.100000
	pigment { color rgbt <1,0,0,0> }
	no_shadow
}
cylinder {
	<8.547484, 17.541697, 10.932660>,  <8.387108, 17.176628, 10.964357>, 0.100000
	pigment { color rgbt <1,0,0,0> }
	no_shadow
}

// particle -1
sphere {
	<8.547484, 17.541697, 10.932660> 0.100000
	pigment { color rgbt <1,0,0,0> }
	no_shadow
}
sphere {
	0, 1
	scale<0.080000,0.200000,0.300000>
	matrix <0.585834, -0.188933, 0.788101,
		0.704304, -0.362407, -0.610424,
		0.400942, 0.912669, -0.079244,
		8.667768, 17.815498, 10.908887>
	pigment { color rgbt <0,1,1,0> }
	no_shadow
}
cylinder {
	<9.082185, 17.105276, 11.018978>,  <8.387108, 17.176628, 10.964357>, 0.130000
	pigment { color rgbt <1,0,0,0> }
	no_shadow
}

// nucleotide -1

// particle -1
sphere {
	<9.082185, 17.105276, 11.018978> 0.250000
	pigment { color rgbt <1,0,0,0> }
	no_shadow
}
cylinder {
	<9.020378, 17.490578, 11.106853>,  <8.983294, 17.721760, 11.159578>, 0.100000
	pigment { color rgbt <1,0,0,0> }
	no_shadow
}
cylinder {
	<9.020378, 17.490578, 11.106853>,  <9.082185, 17.105276, 11.018978>, 0.100000
	pigment { color rgbt <1,0,0,0> }
	no_shadow
}

// particle -1
sphere {
	<9.020378, 17.490578, 11.106853> 0.100000
	pigment { color rgbt <1,0,0,0> }
	no_shadow
}
sphere {
	0, 1
	scale<0.080000,0.200000,0.300000>
	matrix <0.564660, -0.096366, 0.819678,
		0.810730, 0.250703, -0.529022,
		-0.154517, 0.963256, 0.219689,
		8.974023, 17.779554, 11.172760>
	pigment { color rgbt <0,1,1,0> }
	no_shadow
}
cylinder {
	<9.679802, 17.326006, 11.171890>,  <9.082185, 17.105276, 11.018978>, 0.130000
	pigment { color rgbt <1,0,0,0> }
	no_shadow
}

// nucleotide -1

// particle -1
sphere {
	<9.679802, 17.326006, 11.171890> 0.250000
	pigment { color rgbt <1,0,0,0> }
	no_shadow
}
cylinder {
	<9.419653, 17.575113, 11.345868>,  <9.263563, 17.724577, 11.450255>, 0.100000
	pigment { color rgbt <1,0,0,0> }
	no_shadow
}
cylinder {
