// switches for output
#declare DRAW_BASES = 1; // possible values are 0, 1; only relevant for DNA ribbons
#declare DRAW_BASES_TYPE = 3; // possible values are 1, 2, 3; only relevant for DNA ribbons
#declare DRAW_FOG = 0; // set to 1 to enable fog

#include "colors.inc"

#include "transforms.inc"
background { rgb <1, 1, 1>}

#default {
   normal{
       ripples 0.25
       frequency 0.20
       turbulence 0.2
       lambda 5
   }
	finish {
		phong 0.1
		phong_size 40.
	}
}

// original window dimensions: 1024x640


// camera settings

camera {
	sky <0, 0.179814, -0.983701>
	up <0, 0.179814, -0.983701>
	right 1.6 * <1, 0, 0>
	location <25.469, 94.9851, 44.8844>
	look_at <25.469, 29.3977, 32.8955>
	direction <0, -65.5874, -11.9889>
	angle 67.0682
}


# declare cpy_camera_pos = <25.469, 94.9851, 44.8844>;
# if (DRAW_FOG = 1)
fog {
	fog_type 2
	up vnormalize(cpy_camera_pos)
	color rgbt<1,1,1,0.3>
	distance 1e-5
	fog_alt 3e-3
	fog_offset 28
}
# end


// LIGHTS

# declare lum = 6;
global_settings {
	ambient_light rgb lum * <0.05, 0.05, 0.05>
	max_trace_level 15
}# declare cpy_direct_light_amount = 0.25;
light_source
{	1000 * <-1, -1.16351, -0.803887>,
	rgb lum * cpy_direct_light_amount
	parallel
}

light_source
{	1000 * <1, 1.16351, 0.803887>,
	rgb lum * cpy_direct_light_amount
	parallel
}

// strand 0

// nucleotide -1

// particle -1
sphere {
	<3.996544, 15.321766, 15.308102> 0.250000
	pigment { color rgbt <1,0,0,0> }
	no_shadow
}
cylinder {
	<4.177891, 15.129704, 15.007726>,  <4.286699, 15.014468, 14.827500>, 0.100000
	pigment { color rgbt <1,0,0,0> }
	no_shadow
}
cylinder {
	<4.177891, 15.129704, 15.007726>,  <3.996544, 15.321766, 15.308102>, 0.100000
	pigment { color rgbt <1,0,0,0> }
	no_shadow
}

// particle -1
sphere {
	<4.177891, 15.129704, 15.007726> 0.100000
	pigment { color rgbt <1,0,0,0> }
	no_shadow
}
sphere {
	0, 1
	scale<0.080000,0.200000,0.300000>
	matrix <-0.502143, 0.558490, -0.660259,
		0.736418, 0.676419, 0.012095,
		0.453367, -0.480153, -0.750941,
		4.313901, 14.985659, 14.782444>
	pigment { color rgbt <0,1,1,0> }
	no_shadow
}
cylinder {
	<3.772266, 15.560764, 14.646640>,  <3.996544, 15.321766, 15.308102>, 0.130000
	pigment { color rgbt <1,0,0,0> }
	no_shadow
}

// nucleotide -1

// particle -1
sphere {
	<3.772266, 15.560764, 14.646640> 0.250000
	pigment { color rgbt <1,0,0,0> }
	no_shadow
}
cylinder {
	<4.060418, 15.324223, 14.501670>,  <4.233309, 15.182298, 14.414688>, 0.100000
	pigment { color rgbt <1,0,0,0> }
	no_shadow
}
cylinder {
	<4.060418, 15.324223, 14.501670>,  <3.772266, 15.560764, 14.646640>, 0.100000
	pigment { color rgbt <1,0,0,0> }
	no_shadow
}

// particle -1
sphere {
	<4.060418, 15.324223, 14.501670> 0.100000
	pigment { color rgbt <1,0,0,0> }
	no_shadow
}
sphere {
	0, 1
	scale<0.080000,0.200000,0.300000>
	matrix <-0.103145, 0.425393, -0.899112,
		0.685867, 0.685084, 0.245449,
		0.720380, -0.591355, -0.362426,
		4.276532, 15.146816, 14.392942>
	pigment { color rgbt <0,1,1,0> }
	no_shadow
}
cylinder {
	<4.180296, 16.058702, 14.241584>,  <3.772266, 15.560764, 14.646640>, 0.130000
	pigment { color rgbt <1,0,0,0> }
	no_shadow
}

// nucleotide -1

// particle -1
sphere {
	<4.180296, 16.058702, 14.241584> 0.250000
	pigment { color rgbt <1,0,0,0> }
	no_shadow
}
cylinder {
	<4.267776, 15.681395, 14.141657>,  <4.320263, 15.455009, 14.081700>, 0.100000
	pigment { color rgbt <1,0,0,0> }
	no_shadow
}
cylinder {
	<4.267776, 15.681395, 14.141657>,  <4.180296, 16.058702, 14.241584>, 0.100000
	pigment { color rgbt <1,0,0,0> }
	no_shadow
}

// particle -1
sphere {
	<4.267776, 15.681395, 14.141657> 0.100000
	pigment { color rgbt <1,0,0,0> }
	no_shadow
}
sphere {
	0, 1
	scale<0.080000,0.200000,0.300000>
	matrix <0.320719, 0.311278, -0.894565,
		0.921580, 0.115518, 0.370601,
		0.218698, -0.943272, -0.249819,
		4.333385, 15.398413, 14.066711>
	pigment { color rgbt <0,1,1,0> }
	no_shadow
}
cylinder {
	<4.437027, 16.353071, 13.609117>,  <4.180296, 16.058702, 14.241584>, 0.130000
	pigment { color rgbt <1,0,0,0> }
	no_shadow
}

// nucleotide -1

// particle -1
sphere {
	<4.437027, 16.353071, 13.609117> 0.250000
	pigment { color rgbt <1,0,0,0> }
	no_shadow
}
cylinder {
	<4.769937, 16.440357, 13.812960>,  <4.969683, 16.492729, 13.935266>, 0.100000
	pigment { color rgbt <1,0,0,0> }
	no_shadow
}
cylinder {
	<4.769937, 16.440357, 13.812960>,  <4.437027, 16.353071, 13.609117>, 0.100000
	pigment { color rgbt <1,0,0,0> }
	no_shadow
}

// particle -1
sphere {
	<4.769937, 16.440357, 13.812960> 0.100000
	pigment { color rgbt <1,0,0,0> }
	no_shadow
}
sphere {
	0, 1
	scale<0.080000,0.200000,0.300000>
	matrix <-0.096178, 0.962166, -0.254926,
		-0.545956, 0.163155, 0.821774,
		0.832275, 0.218215, 0.509608,
		5.019619, 16.505821, 13.965842>
	pigment { color rgbt <0,1,1,0> }
	no_shadow
}
cylinder {
	<4.330072, 16.961678, 13.999987>,  <4.437027, 16.353071, 13.609117>, 0.130000
	pigment { color rgbt <1,0,0,0> }
	no_shadow
}

// nucleotide -1

// particle -1
sphere {
	<4.330072, 16.961678, 13.999987> 0.250000
	pigment { color rgbt <1,0,0,0> }
	no_shadow
}
cylinder {
	<4.716274, 16.913223, 13.907792>,  <4.947996, 16.884151, 13.852475>, 0.100000
	pigment { color rgbt <1,0,0,0> }
	no_shadow
}
cylinder {
	<4.716274, 16.913223, 13.907792>,  <4.330072, 16.961678, 13.999987>, 0.100000
	pigment { color rgbt <1,0,0,0> }
	no_shadow
}

// particle -1
sphere {
	<4.716274, 16.913223, 13.907792> 0.100000
	pigment { color rgbt <1,0,0,0> }
	no_shadow
}
sphere {
	0, 1
	scale<0.080000,0.200000,0.300000>
	matrix <0.061647, 0.966371, -0.249654,
		0.252976, 0.226834, 0.940505,
		0.965506, -0.121136, -0.230485,
		5.005926, 16.876883, 13.838647>
	pigment { color rgbt <0,1,1,0> }
	no_shadow
}
cylinder {
	<4.603441, 17.609270, 14.393777>,  <4.330072, 16.961678, 13.999987>, 0.130000
	pigment { color rgbt <1,0,0,0> }
	no_shadow
}

// nucleotide -1

// particle -1
sphere {
	<4.603441, 17.609270, 14.393777> 0.250000
	pigment { color rgbt <1,0,0,0> }
	no_shadow
}
cylinder {
	<4.891185, 17.471979, 14.152210>,  <5.063832, 17.389605, 14.007271>, 0.100000
	pigment { color rgbt <1,0,0,0> }
	no_shadow
}
cylinder {
	<4.891185, 17.471979, 14.152210>,  <4.603441, 17.609270, 14.393777>, 0.100000
	pigment { color rgbt <1,0,0,0> }
	no_shadow
}

// particle -1
sphere {
	<4.891185, 17.471979, 14.152210> 0.100000
	pigment { color rgbt <1,0,0,0> }
	no_shadow
}
sphere {
	0, 1
	scale<0.080000,0.200000,0.300000>
	matrix <0.337137, 0.932648, -0.128474,
		0.607337, -0.111183, 0.786625,
		0.719361, -0.343228, -0.603916,
		5.106994, 17.369011, 13.971035>
	pigment { color rgbt <0,1,1,0> }
	no_shadow
}
cylinder {
	<5.209205, 17.887396, 14.593405>,  <4.603441, 17.609270, 14.393777>, 0.130000
	pigment { color rgbt <1,0,0,0> }
	no_shadow
}

// nucleotide -1

// particle -1
sphere {
	<5.209205, 17.887396, 14.593405> 0.250000
	pigment { color rgbt <1,0,0,0> }
	no_shadow
}
cylinder {
	<5.304349, 17.792513, 14.216649>,  <5.361435, 17.735582, 13.990596>, 0.100000
	pigment { color rgbt <1,0,0,0> }
	no_shadow
}
cylinder {
	<5.304349, 17.792513, 14.216649>,  <5.209205, 17.887396, 14.593405>, 0.100000
	pigment { color rgbt <1,0,0,0> }
	no_shadow
}

// particle -1
sphere {
	<5.304349, 17.792513, 14.216649> 0.100000
	pigment { color rgbt <1,0,0,0> }
	no_shadow
}
sphere {
	0, 1
	scale<0.080000,0.200000,0.300000>
	matrix <0.632163, 0.774031, -0.035291,
		0.737422, -0.587033, 0.334067,
		0.237861, -0.237209, -0.941888,
		5.375707, 17.721350, 13.934082>
	pigment { color rgbt <0,1,1,0> }
	no_shadow
}
cylinder {
	<5.882684, 17.847216, 14.587675>,  <5.209205, 17.887396, 14.593405>, 0.130000
	pigment { color rgbt <1,0,0,0> }
	no_shadow
}

// nucleotide -1

// particle -1
sphere {
	<5.882684, 17.847216, 14.587675> 0.250000
	pigment { color rgbt <1,0,0,0> }
	no_shadow
}
cylinder {
	<5.759855, 17.934784, 14.217210>,  <5.686157, 17.987326, 13.994930>, 0.100000
	pigment { color rgbt <1,0,0,0> }
	no_shadow
}
cylinder {
	<5.759855, 17.934784, 14.217210>,  <5.882684, 17.847216, 14.587675>, 0.100000
	pigment { color rgbt <1,0,0,0> }
	no_shadow
}

// particle -1
sphere {
	<5.759855, 17.934784, 14.217210> 0.100000
	pigment { color rgbt <1,0,0,0> }
	no_shadow
}
sphere {
	0, 1
	scale<0.080000,0.200000,0.300000>
	matrix <0.488695, 0.871348, 0.043936,
		0.816629, -0.439120, -0.374554,
		-0.307073, 0.218922, -0.926164,
		5.667733, 18.000460, 13.939361>
	pigment { color rgbt <0,1,1,0> }
	no_shadow
}
cylinder {
	<6.456475, 18.219604, 14.199656>,  <5.882684, 17.847216, 14.587675>, 0.130000
	pigment { color rgbt <1,0,0,0> }
	no_shadow
}

// nucleotide -1

// particle -1
sphere {
	<6.456475, 18.219604, 14.199656> 0.250000
	pigment { color rgbt <1,0,0,0> }
	no_shadow
}
cylinder {
	<6.112907, 18.304701, 14.013322>,  <5.906767, 18.355759, 13.901522>, 0.100000
	pigment { color rgbt <1,0,0,0> }
	no_shadow
}
cylinder {
	<6.112907, 18.304701, 14.013322>,  <6.456475, 18.219604, 14.199656>, 0.100000
	pigment { color rgbt <1,0,0,0> }
	no_shadow
}

// particle -1
sphere {
	<6.112907, 18.304701, 14.013322> 0.100000
	pigment { color rgbt <1,0,0,0> }
	no_shadow
}
sphere {
	0, 1
	scale<0.080000,0.200000,0.300000>
	matrix <0.246192, 0.969155, -0.011335,
		0.449053, -0.124420, -0.884800,
		-0.858919, 0.212741, -0.465833,
		5.855232, 18.368523, 13.873572>
	pigment { color rgbt <0,1,1,0> }
	no_shadow
}
cylinder {
	<6.524573, 18.859827, 13.951444>,  <6.456475, 18.219604, 14.199656>, 0.130000
	pigment { color rgbt <1,0,0,0> }
	no_shadow
}

// nucleotide -1

// particle -1
sphere {
	<6.524573, 18.859827, 13.951444> 0.250000
	pigment { color rgbt <1,0,0,0> }
	no_shadow
}
cylinder {
	<6.142242, 18.862741, 13.833907>,  <5.912844, 18.864491, 13.763385>, 0.100000
	pigment { color rgbt <1,0,0,0> }
	no_shadow
}
cylinder {
	<6.142242, 18.862741, 13.833907>,  <6.524573, 18.859827, 13.951444>, 0.100000
	pigment { color rgbt <1,0,0,0> }
	no_shadow
}

// particle -1
sphere {
	<6.142242, 18.862741, 13.833907> 0.100000
	pigment { color rgbt <1,0,0,0> }
	no_shadow
}
sphere {
	0, 1
	scale<0.080000,0.200000,0.300000>
	matrix <0.072324, 0.974789, -0.211084,
		0.284896, -0.223012, -0.932255,
		-0.955826, 0.007288, -0.293842,
		5.855494, 18.864927, 13.745754>
	pigment { color rgbt <0,1,1,0> }
	no_shadow
}
cylinder {
	<6.520299, 19.086607, 13.203660>,  <6.524573, 18.859827, 13.951444>, 0.130000
	pigment { color rgbt <1,0,0,0> }
	no_shadow
}

// nucleotide -1

// particle -1
sphere {
	<6.520299, 19.086607, 13.203660> 0.250000
	pigment { color rgbt <1,0,0,0> }
	no_shadow
}
cylinder {
	<6.183040, 19.184769, 13.395025>,  <5.980685, 19.243666, 13.509845>, 0.100000
	pigment { color rgbt <1,0,0,0> }
	no_shadow
}
cylinder {
	<6.183040, 19.184769, 13.395025>,  <6.520299, 19.086607, 13.203660>, 0.100000
	pigment { color rgbt <1,0,0,0> }
	no_shadow
}

// particle -1
sphere {
	<6.183040, 19.184769, 13.395025> 0.100000
	pigment { color rgbt <1,0,0,0> }
	no_shadow
}
sphere {
	0, 1
	scale<0.080000,0.200000,0.300000>
	matrix <0.088680, 0.941054, -0.326426,
		-0.530318, -0.232800, -0.815210,
		-0.843148, 0.245402, 0.478413,
		5.930096, 19.258389, 13.538549>
	pigment { color rgbt <0,1,1,0> }
	no_shadow
}
cylinder {
	<6.300885, 19.646914, 12.786936>,  <6.520299, 19.086607, 13.203660>, 0.130000
	pigment { color rgbt <1,0,0,0> }
	no_shadow
}

// nucleotide -1

// particle -1
sphere {
	<6.300885, 19.646914, 12.786936> 0.250000
	pigment { color rgbt <1,0,0,0> }
	no_shadow
}
cylinder {
	<6.071310, 19.660599, 13.114209>,  <5.933565, 19.668810, 13.310574>, 0.100000
	pigment { color rgbt <1,0,0,0> }
	no_shadow
}
cylinder {
	<6.071310, 19.660599, 13.114209>,  <6.300885, 19.646914, 12.786936>, 0.100000
	pigment { color rgbt <1,0,0,0> }
	no_shadow
}

// particle -1
sphere {
	<6.071310, 19.660599, 13.114209> 0.100000
	pigment { color rgbt <1,0,0,0> }
	no_shadow
}
sphere {
	0, 1
	scale<0.080000,0.200000,0.300000>
	matrix <-0.033839, 0.997283, -0.065441,
		-0.818200, -0.065245, -0.571220,
		-0.573938, 0.034214, 0.818184,
		5.899129, 19.670862, 13.359664>
	pigment { color rgbt <0,1,1,0> }
	no_shadow
}
cylinder {
	<5.671257, 20.021809, 12.579662>,  <6.300885, 19.646914, 12.786936>, 0.130000
	pigment { color rgbt <1,0,0,0> }
	no_shadow
}

// nucleotide -1

// particle -1
sphere {
	<5.671257, 20.021809, 12.579662> 0.250000
	pigment { color rgbt <1,0,0,0> }
	no_shadow
}
cylinder {
	<5.736294, 20.045876, 12.973605>,  <5.775316, 20.060316, 13.209970>, 0.100000
	pigment { color rgbt <1,0,0,0> }
	no_shadow
}
cylinder {
	<5.736294, 20.045876, 12.973605>,  <5.671257, 20.021809, 12.579662>, 0.100000
	pigment { color rgbt <1,0,0,0> }
	no_shadow
}

// particle -1
sphere {
	<5.736294, 20.045876, 12.973605> 0.100000
	pigment { color rgbt <1,0,0,0> }
	no_shadow
}
sphere {
	0, 1
	scale<0.080000,0.200000,0.300000>
	matrix <-0.004169, 0.998172, -0.060295,
		-0.986684, 0.005698, 0.162547,
		0.162593, 0.060170, 0.984857,
		5.785072, 20.063927, 13.269062>
	pigment { color rgbt <0,1,1,0> }
	no_shadow
}
cylinder {
	<5.196788, 20.503544, 12.721402>,  <5.671257, 20.021809, 12.579662>, 0.130000
	pigment { color rgbt <1,0,0,0> }
	no_shadow
}

// nucleotide -1

// particle -1
sphere {
	<5.196788, 20.503544, 12.721402> 0.250000
	pigment { color rgbt <1,0,0,0> }
	no_shadow
}
cylinder {
	<5.453419, 20.477829, 13.027146>,  <5.607397, 20.462400, 13.210593>, 0.100000
	pigment { color rgbt <1,0,0,0> }
	no_shadow
}
cylinder {
	<5.453419, 20.477829, 13.027146>,  <5.196788, 20.503544, 12.721402>, 0.100000
	pigment { color rgbt <1,0,0,0> }
	no_shadow
}

// particle -1
sphere {
	<5.453419, 20.477829, 13.027146> 0.100000
	pigment { color rgbt <1,0,0,0> }
	no_shadow
}
sphere {
	0, 1
	scale<0.080000,0.200000,0.300000>
	matrix <0.071152, 0.997173, 0.024145,
		-0.763752, 0.038895, 0.644337,
		0.641576, -0.064286, 0.764361,
		5.645892, 20.458544, 13.256454>
	pigment { color rgbt <0,1,1,0> }
	no_shadow
}
cylinder {
	<4.762439, 20.853207, 13.218972>,  <5.196788, 20.503544, 12.721402>, 0.130000
	pigment { color rgbt <1,0,0,0> }
	no_shadow
}

// nucleotide -1

// particle -1
sphere {
	<4.762439, 20.853207, 13.218972> 0.250000
	pigment { color rgbt <1,0,0,0> }
	no_shadow
}
cylinder {
	<5.151891, 20.846317, 13.309965>,  <5.385562, 20.842184, 13.364561>, 0.100000
	pigment { color rgbt <1,0,0,0> }
	no_shadow
}
cylinder {
	<5.151891, 20.846317, 13.309965>,  <4.762439, 20.853207, 13.218972>, 0.100000
	pigment { color rgbt <1,0,0,0> }
	no_shadow
}

// particle -1
sphere {
	<5.151891, 20.846317, 13.309965> 0.100000
	pigment { color rgbt <1,0,0,0> }
	no_shadow
}
sphere {
	0, 1
	scale<0.080000,0.200000,0.300000>
	matrix <-0.011982, 0.991910, 0.126373,
		-0.227819, -0.125766, 0.965547,
		0.973630, -0.017221, 0.227483,
		5.443980, 20.841150, 13.378210>
	pigment { color rgbt <0,1,1,0> }
	no_shadow
}
cylinder {
	<4.828872, 21.366156, 13.781785>,  <4.762439, 20.853207, 13.218972>, 0.130000
	pigment { color rgbt <1,0,0,0> }
	no_shadow
}

// nucleotide -1

// particle -1
sphere {
	<4.828872, 21.366156, 13.781785> 0.250000
	pigment { color rgbt <1,0,0,0> }
	no_shadow
}
cylinder {
	<5.203856, 21.320620, 13.650202>,  <5.428845, 21.293297, 13.571252>, 0.100000
	pigment { color rgbt <1,0,0,0> }
	no_shadow
}
cylinder {
	<5.203856, 21.320620, 13.650202>,  <4.828872, 21.366156, 13.781785>, 0.100000
	pigment { color rgbt <1,0,0,0> }
	no_shadow
}

// particle -1
sphere {
	<5.203856, 21.320620, 13.650202> 0.100000
	pigment { color rgbt <1,0,0,0> }
	no_shadow
}
sphere {
	0, 1
	scale<0.080000,0.200000,0.300000>
	matrix <0.139197, 0.988764, 0.054501,
		0.319056, -0.096883, 0.942771,
		0.937458, -0.113842, -0.328957,
		5.485093, 21.286467, 13.551515>
	pigment { color rgbt <0,1,1,0> }
	no_shadow
}
cylinder {
	<5.155493, 21.909761, 14.127725>,  <4.828872, 21.366156, 13.781785>, 0.130000
	pigment { color rgbt <1,0,0,0> }
	no_shadow
}

// nucleotide -1

// particle -1
sphere {
	<5.155493, 21.909761, 14.127725> 0.250000
	pigment { color rgbt <1,0,0,0> }
	no_shadow
}
cylinder {
	<5.404687, 21.808258, 13.831753>,  <5.554204, 21.747356, 13.654170>, 0.100000
	pigment { color rgbt <1,0,0,0> }
	no_shadow
}
cylinder {
	<5.404687, 21.808258, 13.831753>,  <5.155493, 21.909761, 14.127725>, 0.100000
	pigment { color rgbt <1,0,0,0> }
	no_shadow
}

// particle -1
sphere {
	<5.404687, 21.808258, 13.831753> 0.100000
	pigment { color rgbt <1,0,0,0> }
	no_shadow
}
sphere {
	0, 1
	scale<0.080000,0.200000,0.300000>
	matrix <0.297622, 0.951671, -0.075792,
		0.723402, -0.173002, 0.668402,
		0.622986, -0.253759, -0.739929,
		5.591583, 21.732130, 13.609774>
	pigment { color rgbt <0,1,1,0> }
	no_shadow
}
cylinder {
	<5.792504, 22.230158, 14.346678>,  <5.155493, 21.909761, 14.127725>, 0.130000
	pigment { color rgbt <1,0,0,0> }
	no_shadow
}

// nucleotide -1

// particle -1
sphere {
	<5.792504, 22.230158, 14.346678> 0.250000
	pigment { color rgbt <1,0,0,0> }
	no_shadow
}
cylinder {
	<5.800003, 22.165550, 13.952002>,  <5.804502, 22.126785, 13.715196>, 0.100000
	pigment { color rgbt <1,0,0,0> }
	no_shadow
}
cylinder {
	<5.800003, 22.165550, 13.952002>,  <5.792504, 22.230158, 14.346678>, 0.100000
	pigment { color rgbt <1,0,0,0> }
	no_shadow
}

// particle -1
sphere {
	<5.800003, 22.165550, 13.952002> 0.100000
	pigment { color rgbt <1,0,0,0> }
	no_shadow
}
sphere {
	0, 1
	scale<0.080000,0.200000,0.300000>
	matrix <0.333930, 0.931208, -0.146091,
		0.942412, -0.326746, 0.071394,
		0.018748, -0.161518, -0.986692,
		5.805627, 22.117094, 13.655994>
	pigment { color rgbt <0,1,1,0> }
	no_shadow
}
cylinder {
	<6.394941, 22.506037, 14.107866>,  <5.792504, 22.230158, 14.346678>, 0.130000
	pigment { color rgbt <1,0,0,0> }
	no_shadow
}

// nucleotide -1

// particle -1
sphere {
	<6.394941, 22.506037, 14.107866> 0.250000
	pigment { color rgbt <1,0,0,0> }
	no_shadow
}
cylinder {
	<6.190303, 22.485317, 13.764801>,  <6.067521, 22.472885, 13.558962>, 0.100000
	pigment { color rgbt <1,0,0,0> }
	no_shadow
}
cylinder {
	<6.190303, 22.485317, 13.764801>,  <6.394941, 22.506037, 14.107866>, 0.100000
	pigment { color rgbt <1,0,0,0> }
	no_shadow
}

// particle -1
sphere {
	<6.190303, 22.485317, 13.764801> 0.100000
	pigment { color rgbt <1,0,0,0> }
	no_shadow
}
sphere {
	0, 1
	scale<0.080000,0.200000,0.300000>
	matrix <0.267418, 0.939007, -0.216225,
		0.816552, -0.339975, -0.466540,
		-0.511595, -0.051798, -0.857664,
		6.036825, 22.469778, 13.507502>
	pigment { color rgbt <0,1,1,0> }
	no_shadow
}
cylinder {
	<6.935243, 22.748699, 13.454322>,  <6.394941, 22.506037, 14.107866>, 0.130000
	pigment { color rgbt <1,0,0,0> }
	no_shadow
}

// nucleotide -1

// particle -1
sphere {
	<6.935243, 22.748699, 13.454322> 0.250000
	pigment { color rgbt <1,0,0,0> }
	no_shadow
}
cylinder {
	<6.571943, 22.760286, 13.287354>,  <6.353962, 22.767239, 13.187173>, 0.100000
	pigment { color rgbt <1,0,0,0> }
	no_shadow
}
cylinder {
	<6.571943, 22.760286, 13.287354>,  <6.935243, 22.748699, 13.454322>, 0.100000
	pigment { color rgbt <1,0,0,0> }
	no_shadow
}

// particle -1
sphere {
	<6.571943, 22.760286, 13.287354> 0.100000
	pigment { color rgbt <1,0,0,0> }
	no_shadow
}
sphere {
	0, 1
	scale<0.080000,0.200000,0.300000>
	matrix <0.305106, 0.728531, -0.613313,
		0.286338, -0.684400, -0.670527,
		-0.908251, 0.028967, -0.417421,
		6.299468, 22.768976, 13.162127>
	pigment { color rgbt <0,1,1,0> }
	no_shadow
}
cylinder {
	<6.997070, 22.694389, 12.668325>,  <6.935243, 22.748699, 13.454322>, 0.130000
	pigment { color rgbt <1,0,0,0> }
	no_shadow
}

// nucleotide -1

// particle -1
sphere {
	<6.997070, 22.694389, 12.668325> 0.250000
	pigment { color rgbt <1,0,0,0> }
	no_shadow
}
cylinder {
	<6.675743, 22.885855, 12.810063>,  <6.482947, 23.000734, 12.895106>, 0.100000
	pigment { color rgbt <1,0,0,0> }
	no_shadow
}
cylinder {
	<6.675743, 22.885855, 12.810063>,  <6.997070, 22.694389, 12.668325>, 0.100000
	pigment { color rgbt <1,0,0,0> }
	no_shadow
}

// particle -1
sphere {
	<6.675743, 22.885855, 12.810063> 0.100000
	pigment { color rgbt <1,0,0,0> }
	no_shadow
}
sphere {
	0, 1
	scale<0.080000,0.200000,0.300000>
	matrix <0.230605, 0.798580, -0.555959,
		-0.549091, -0.364898, -0.751897,
		-0.803318, 0.478663, 0.354346,
		6.434748, 23.029453, 12.916368>
	pigment { color rgbt <0,1,1,0> }
	no_shadow
}
cylinder {
	<6.744225, 23.048149, 12.121684>,  <6.997070, 22.694389, 12.668325>, 0.130000
	pigment { color rgbt <1,0,0,0> }
	no_shadow
}

// nucleotide -1

// particle -1
sphere {
	<6.744225, 23.048149, 12.121684> 0.250000
	pigment { color rgbt <1,0,0,0> }
	no_shadow
}
cylinder {
	<6.585007, 23.225182, 12.443102>,  <6.489476, 23.331400, 12.635953>, 0.100000
	pigment { color rgbt <1,0,0,0> }
	no_shadow
}
cylinder {
	<6.585007, 23.225182, 12.443102>,  <6.744225, 23.048149, 12.121684>, 0.100000
	pigment { color rgbt <1,0,0,0> }
	no_shadow
}

// particle -1
sphere {
	<6.585007, 23.225182, 12.443102> 0.100000
	pigment { color rgbt <1,0,0,0> }
	no_shadow
}
sphere {
	0, 1
	scale<0.080000,0.200000,0.300000>
	matrix <0.413032, 0.868583, -0.273802,
		-0.819125, 0.222905, -0.528534,
		-0.398044, 0.442579, 0.803545,
		6.465593, 23.357956, 12.684165>
	pigment { color rgbt <0,1,1,0> }
	no_shadow
}
cylinder {
	<6.457892, 23.711214, 11.881652>,  <6.744225, 23.048149, 12.121684>, 0.130000
	pigment { color rgbt <1,0,0,0> }
	no_shadow
}

// nucleotide -1

// particle -1
sphere {
	<6.457892, 23.711214, 11.881652> 0.250000
	pigment { color rgbt <1,0,0,0> }
	no_shadow
}
cylinder {
	<6.491807, 23.742756, 12.278961>,  <6.512156, 23.761681, 12.517347>, 0.100000
	pigment { color rgbt <1,0,0,0> }
	no_shadow
}
cylinder {
	<6.491807, 23.742756, 12.278961>,  <6.457892, 23.711214, 11.881652>, 0.100000
	pigment { color rgbt <1,0,0,0> }
	no_shadow
}

// particle -1
sphere {
	<6.491807, 23.742756, 12.278961> 0.100000
	pigment { color rgbt <1,0,0,0> }
	no_shadow
}
sphere {
	0, 1
	scale<0.080000,0.200000,0.300000>
	matrix <0.503586, 0.856784, -0.111004,
		-0.859774, 0.509611, 0.032935,
		0.084787, 0.078852, 0.993274,
		6.517242, 23.766411, 12.576943>
	pigment { color rgbt <0,1,1,0> }
	no_shadow
}
cylinder {
	<6.388173, 24.406487, 12.043202>,  <6.457892, 23.711214, 11.881652>, 0.130000
	pigment { color rgbt <1,0,0,0> }
	no_shadow
}

// nucleotide -1

// particle -1
sphere {
	<6.388173, 24.406487, 12.043202> 0.250000
	pigment { color rgbt <1,0,0,0> }
	no_shadow
}
cylinder {
	<6.575225, 24.246017, 12.358259>,  <6.687456, 24.149736, 12.547294>, 0.100000
	pigment { color rgbt <1,0,0,0> }
	no_shadow
}
cylinder {
	<6.575225, 24.246017, 12.358259>,  <6.388173, 24.406487, 12.043202>, 0.100000
	pigment { color rgbt <1,0,0,0> }
	no_shadow
}

// particle -1
sphere {
	<6.575225, 24.246017, 12.358259> 0.100000
	pigment { color rgbt <1,0,0,0> }
	no_shadow
}
sphere {
	0, 1
	scale<0.080000,0.200000,0.300000>
	matrix <0.623861, 0.781054, 0.027425,
		-0.626194, 0.478555, 0.615522,
		0.467631, -0.401174, 0.787643,
		6.715514, 24.125666, 12.594552>
	pigment { color rgbt <0,1,1,0> }
	no_shadow
}
cylinder {
	<6.479657, 25.028605, 12.536250>,  <6.388173, 24.406487, 12.043202>, 0.130000
	pigment { color rgbt <1,0,0,0> }
	no_shadow
}

// nucleotide -1

// particle -1
sphere {
	<6.479657, 25.028605, 12.536250> 0.250000
	pigment { color rgbt <1,0,0,0> }
	no_shadow
}
cylinder {
	<6.752227, 24.750525, 12.627777>,  <6.915769, 24.583675, 12.682693>, 0.100000
	pigment { color rgbt <1,0,0,0> }
	no_shadow
}
cylinder {
	<6.752227, 24.750525, 12.627777>,  <6.479657, 25.028605, 12.536250>, 0.100000
	pigment { color rgbt <1,0,0,0> }
	no_shadow
}

// particle -1
sphere {
	<6.752227, 24.750525, 12.627777> 0.100000
	pigment { color rgbt <1,0,0,0> }
	no_shadow
}
sphere {
	0, 1
	scale<0.080000,0.200000,0.300000>
	matrix <0.651506, 0.718623, 0.243147,
		-0.333470, -0.016610, 0.942614,
		0.681423, -0.695201, 0.228817,
		6.956654, 24.541964, 12.696423>
	pigment { color rgbt <0,1,1,0> }
	no_shadow
}
cylinder {
	<6.675077, 25.273716, 13.229803>,  <6.479657, 25.028605, 12.536250>, 0.130000
	pigment { color rgbt <1,0,0,0> }
	no_shadow
}

// nucleotide -1

// particle -1
sphere {
	<6.675077, 25.273716, 13.229803> 0.250000
	pigment { color rgbt <1,0,0,0> }
	no_shadow
}
cylinder {
	<6.909446, 25.076935, 12.972221>,  <7.050067, 24.958866, 12.817673>, 0.100000
	pigment { color rgbt <1,0,0,0> }
	no_shadow
}
cylinder {
	<6.909446, 25.076935, 12.972221>,  <6.675077, 25.273716, 13.229803>, 0.100000
	pigment { color rgbt <1,0,0,0> }
	no_shadow
}

// particle -1
sphere {
	<6.909446, 25.076935, 12.972221> 0.100000
	pigment { color rgbt <1,0,0,0> }
	no_shadow
}
sphere {
	0, 1
	scale<0.080000,0.200000,0.300000>
	matrix <0.735659, 0.656168, 0.168078,
		0.339855, -0.572210, 0.746374,
		0.585922, -0.491955, -0.643953,
		7.085223, 24.929348, 12.779036>
	pigment { color rgbt <0,1,1,0> }
	no_shadow
}
cylinder {
	<6.862277, 25.424782, 14.002522>,  <6.675077, 25.273716, 13.229803>, 0.130000
	pigment { color rgbt <1,0,0,0> }
	no_shadow
}

// nucleotide -1

// particle -1
sphere {
	<6.862277, 25.424782, 14.002522> 0.250000
	pigment { color rgbt <1,0,0,0> }
	no_shadow
}
cylinder {
	<7.168603, 25.171572, 13.957253>,  <7.352399, 25.019646, 13.930091>, 0.100000
	pigment { color rgbt <1,0,0,0> }
	no_shadow
}
cylinder {
	<7.168603, 25.171572, 13.957253>,  <6.862277, 25.424782, 14.002522>, 0.100000
	pigment { color rgbt <1,0,0,0> }
	no_shadow
}

// particle -1
sphere {
	<7.168603, 25.171572, 13.957253> 0.100000
	pigment { color rgbt <1,0,0,0> }
	no_shadow
}
sphere {
	0, 1
	scale<0.080000,0.200000,0.300000>
	matrix <-0.447702, -0.651176, 0.612807,
		-0.461615, -0.418631, -0.782087,
		0.765817, -0.633023, -0.113171,
		7.398348, 24.981665, 13.923301>
	pigment { color rgbt <0,1,1,0> }
	no_shadow
}
cylinder {
	<7.251267, 25.277832, 14.683674>,  <6.862277, 25.424782, 14.002522>, 0.130000
	pigment { color rgbt <1,0,0,0> }
	no_shadow
}

// nucleotide -1

// particle -1
sphere {
	<7.251267, 25.277832, 14.683674> 0.250000
	pigment { color rgbt <1,0,0,0> }
	no_shadow
}
cylinder {
	<7.349854, 25.610376, 14.882909>,  <7.409005, 25.809904, 15.002450>, 0.100000
	pigment { color rgbt <1,0,0,0> }
	no_shadow
}
cylinder {
	<7.349854, 25.610376, 14.882909>,  <7.251267, 25.277832, 14.683674>, 0.100000
	pigment { color rgbt <1,0,0,0> }
	no_shadow
}

// particle -1
sphere {
	<7.349854, 25.610376, 14.882909> 0.100000
	pigment { color rgbt <1,0,0,0> }
	no_shadow
}
sphere {
	0, 1
	scale<0.080000,0.200000,0.300000>
	matrix <0.930665, -0.346423, 0.117701,
		0.270401, 0.434544, -0.859101,
		0.246466, 0.831362, 0.498088,
		7.423793, 25.859785, 15.032335>
	pigment { color rgbt <0,1,1,0> }
	no_shadow
}
cylinder {
	<7.846300, 25.650488, 14.392139>,  <7.251267, 25.277832, 14.683674>, 0.130000
	pigment { color rgbt <1,0,0,0> }
	no_shadow
}

// nucleotide -1

// particle -1
sphere {
	<7.846300, 25.650488, 14.392139> 0.250000
	pigment { color rgbt <1,0,0,0> }
	no_shadow
}
cylinder {
	<7.829732, 25.643625, 14.791738>,  <7.819791, 25.639507, 15.031496>, 0.100000
	pigment { color rgbt <1,0,0,0> }
	no_shadow
}
cylinder {
	<7.829732, 25.643625, 14.791738>,  <7.846300, 25.650488, 14.392139>, 0.100000
	pigment { color rgbt <1,0,0,0> }
	no_shadow
}

// particle -1
sphere {
	<7.829732, 25.643625, 14.791738> 0.100000
	pigment { color rgbt <1,0,0,0> }
	no_shadow
}
sphere {
	0, 1
	scale<0.080000,0.200000,0.300000>
	matrix <0.912915, -0.406982, 0.030862,
		0.406043, 0.913275, 0.032518,
		-0.041419, -0.017155, 0.998995,
		7.817306, 25.638479, 15.091436>
	pigment { color rgbt <0,1,1,0> }
	no_shadow
}
cylinder {
	<8.293457, 26.085600, 14.641083>,  <7.846300, 25.650488, 14.392139>, 0.130000
	pigment { color rgbt <1,0,0,0> }
	no_shadow
}

// nucleotide -1

// particle -1
sphere {
	<8.293457, 26.085600, 14.641083> 0.250000
	pigment { color rgbt <1,0,0,0> }
	no_shadow
}
cylinder {
	<8.272743, 25.819601, 14.939102>,  <8.260315, 25.660002, 15.117914>, 0.100000
	pigment { color rgbt <1,0,0,0> }
	no_shadow
}
cylinder {
	<8.272743, 25.819601, 14.939102>,  <8.293457, 26.085600, 14.641083>, 0.100000
	pigment { color rgbt <1,0,0,0> }
	no_shadow
}

// particle -1
sphere {
	<8.272743, 25.819601, 14.939102> 0.100000
	pigment { color rgbt <1,0,0,0> }
	no_shadow
}
sphere {
	0, 1
	scale<0.080000,0.200000,0.300000>
	matrix <0.965156, -0.224944, -0.133691,
		0.256499, 0.712165, 0.653475,
		-0.051785, -0.664997, 0.745049,
		8.257208, 25.620102, 15.162617>
	pigment { color rgbt <0,1,1,0> }
	no_shadow
}
cylinder {
	<8.839965, 26.209408, 15.171926>,  <8.293457, 26.085600, 14.641083>, 0.130000
	pigment { color rgbt <1,0,0,0> }
	no_shadow
}

// nucleotide -1

// particle -1
sphere {
	<8.839965, 26.209408, 15.171926> 0.250000
	pigment { color rgbt <1,0,0,0> }
	no_shadow
}
cylinder {
	<8.719899, 25.829540, 15.207776>,  <8.647860, 25.601620, 15.229286>, 0.100000
	pigment { color rgbt <1,0,0,0> }
	no_shadow
}
cylinder {
	<8.719899, 25.829540, 15.207776>,  <8.839965, 26.209408, 15.171926>, 0.100000
	pigment { color rgbt <1,0,0,0> }
	no_shadow
}

// particle -1
sphere {
	<8.719899, 25.829540, 15.207776> 0.100000
	pigment { color rgbt <1,0,0,0> }
	no_shadow
}
sphere {
	0, 1
	scale<0.080000,0.200000,0.300000>
	matrix <0.940065, -0.310444, -0.141078,
		0.161800, 0.041906, 0.985933,
		-0.300165, -0.949667, 0.089624,
		8.629849, 25.544640, 15.234663>
	pigment { color rgbt <0,1,1,0> }
	no_shadow
}
cylinder {
	<9.254269, 25.781700, 15.651172>,  <8.839965, 26.209408, 15.171926>, 0.130000
	pigment { color rgbt <1,0,0,0> }
	no_shadow
}

// nucleotide -1

// particle -1
sphere {
	<9.254269, 25.781700, 15.651172> 0.250000
	pigment { color rgbt <1,0,0,0> }
	no_shadow
}
cylinder {
	<9.116285, 25.577637, 15.336023>,  <9.033496, 25.455198, 15.146935>, 0.100000
	pigment { color rgbt <1,0,0,0> }
	no_shadow
}
cylinder {
	<9.116285, 25.577637, 15.336023>,  <9.254269, 25.781700, 15.651172>, 0.100000
	pigment { color rgbt <1,0,0,0> }
	no_shadow
}

// particle -1
sphere {
	<9.116285, 25.577637, 15.336023> 0.100000
	pigment { color rgbt <1,0,0,0> }
	no_shadow
}
sphere {
	0, 1
	scale<0.080000,0.200000,0.300000>
	matrix <0.916644, -0.363668, -0.165857,
		-0.201910, -0.779411, 0.593086,
		-0.344957, -0.510161, -0.787871,
		9.012798, 25.424589, 15.099662>
	pigment { color rgbt <0,1,1,0> }
	no_shadow
}
cylinder {
	<9.425824, 25.223909, 15.945948>,  <9.254269, 25.781700, 15.651172>, 0.130000
	pigment { color rgbt <1,0,0,0> }
	no_shadow
}

// nucleotide -1

// particle -1
sphere {
	<9.425824, 25.223909, 15.945948> 0.250000
	pigment { color rgbt <1,0,0,0> }
	no_shadow
}
cylinder {
	<9.524887, 25.050808, 16.292679>,  <9.584325, 24.946947, 16.500717>, 0.100000
	pigment { color rgbt <1,0,0,0> }
	no_shadow
}
cylinder {
	<9.524887, 25.050808, 16.292679>,  <9.425824, 25.223909, 15.945948>, 0.100000
	pigment { color rgbt <1,0,0,0> }
	no_shadow
}

// particle -1
sphere {
	<9.524887, 25.050808, 16.292679> 0.100000
	pigment { color rgbt <1,0,0,0> }
	no_shadow
}
sphere {
	0, 1
	scale<0.080000,0.200000,0.300000>
	matrix <-0.350569, -0.874102, -0.336224,
		0.903199, -0.220615, -0.368187,
		0.247657, -0.432752, 0.866829,
		9.599184, 24.920982, 16.552727>
	pigment { color rgbt <0,1,1,0> }
	no_shadow
}
cylinder {
	<9.969498, 24.620132, 15.826931>,  <9.425824, 25.223909, 15.945948>, 0.130000
	pigment { color rgbt <1,0,0,0> }
	no_shadow
}

// nucleotide -1

// particle -1
sphere {
	<9.969498, 24.620132, 15.826931> 0.250000
	pigment { color rgbt <1,0,0,0> }
	no_shadow
}
cylinder {
	<9.738341, 24.571695, 16.149763>,  <9.599648, 24.542633, 16.343462>, 0.100000
	pigment { color rgbt <1,0,0,0> }
	no_shadow
}
cylinder {
	<9.738341, 24.571695, 16.149763>,  <9.969498, 24.620132, 15.826931>, 0.100000
	pigment { color rgbt <1,0,0,0> }
	no_shadow
}

// particle -1
sphere {
	<9.738341, 24.571695, 16.149763> 0.100000
	pigment { color rgbt <1,0,0,0> }
	no_shadow
}
sphere {
	0, 1
	scale<0.080000,0.200000,0.300000>
	matrix <-0.322468, -0.874577, -0.362117,
		0.749705, -0.469522, 0.466360,
		-0.577890, -0.121095, 0.807081,
		9.564975, 24.535366, 16.391888>
	pigment { color rgbt <0,1,1,0> }
	no_shadow
}
cylinder {
	<10.273485, 23.999140, 16.303122>,  <9.969498, 24.620132, 15.826931>, 0.130000
	pigment { color rgbt <1,0,0,0> }
	no_shadow
}

// nucleotide -1

// particle -1
sphere {
	<10.273485, 23.999140, 16.303122> 0.250000
	pigment { color rgbt <1,0,0,0> }
	no_shadow
}
cylinder {
	<9.887677, 24.104002, 16.290621>,  <9.656193, 24.166920, 16.283121>, 0.100000
	pigment { color rgbt <1,0,0,0> }
	no_shadow
}
cylinder {
	<9.887677, 24.104002, 16.290621>,  <10.273485, 23.999140, 16.303122>, 0.100000
	pigment { color rgbt <1,0,0,0> }
	no_shadow
}

// particle -1
sphere {
	<9.887677, 24.104002, 16.290621> 0.100000
	pigment { color rgbt <1,0,0,0> }
	no_shadow
}
sphere {
	0, 1
	scale<0.080000,0.200000,0.300000>
	matrix <-0.222501, -0.870867, -0.438274,
		-0.142111, -0.415771, 0.898298,
		-0.964519, 0.262155, -0.031250,
		9.598321, 24.182648, 16.281246>
	pigment { color rgbt <0,1,1,0> }
	no_shadow
}
cylinder {
	<9.903213, 23.597532, 16.680937>,  <10.273485, 23.999140, 16.303122>, 0.130000
	pigment { color rgbt <1,0,0,0> }
	no_shadow
}

// nucleotide -1

// particle -1
sphere {
	<9.903213, 23.597532, 16.680937> 0.250000
	pigment { color rgbt <1,0,0,0> }
	no_shadow
}
cylinder {
	<9.720201, 23.743078, 16.356401>,  <9.610394, 23.830406, 16.161680>, 0.100000
	pigment { color rgbt <1,0,0,0> }
	no_shadow
}
cylinder {
	<9.720201, 23.743078, 16.356401>,  <9.903213, 23.597532, 16.680937>, 0.100000
	pigment { color rgbt <1,0,0,0> }
	no_shadow
}

// particle -1
sphere {
	<9.720201, 23.743078, 16.356401> 0.100000
	pigment { color rgbt <1,0,0,0> }
	no_shadow
}
sphere {
	0, 1
	scale<0.080000,0.200000,0.300000>
	matrix <-0.038882, -0.919756, -0.390561,
		-0.888344, -0.147146, 0.434963,
		-0.457529, 0.363865, -0.811338,
		9.582943, 23.852238, 16.112999>
	pigment { color rgbt <0,1,1,0> }
	no_shadow
}
cylinder {
	<9.449444, 23.095541, 16.614714>,  <9.903213, 23.597532, 16.680937>, 0.130000
	pigment { color rgbt <1,0,0,0> }
	no_shadow
}

// nucleotide -1

// particle -1
sphere {
	<9.449444, 23.095541, 16.614714> 0.250000
	pigment { color rgbt <1,0,0,0> }
	no_shadow
}
cylinder {
	<9.485250, 23.295572, 16.270178>,  <9.506735, 23.415590, 16.063456>, 0.100000
	pigment { color rgbt <1,0,0,0> }
	no_shadow
}
cylinder {
	<9.485250, 23.295572, 16.270178>,  <9.449444, 23.095541, 16.614714>, 0.100000
	pigment { color rgbt <1,0,0,0> }
	no_shadow
}

// particle -1
sphere {
	<9.485250, 23.295572, 16.270178> 0.100000
	pigment { color rgbt <1,0,0,0> }
	no_shadow
}
sphere {
	0, 1
	scale<0.080000,0.200000,0.300000>
	matrix <-0.092206, -0.856938, -0.507105,
		-0.991708, 0.124816, -0.030601,
		0.089518, 0.500079, -0.861341,
		9.512106, 23.445597, 16.011776>
	pigment { color rgbt <0,1,1,0> }
	no_shadow
}
cylinder {
	<8.974434, 22.748907, 16.209751>,  <9.449444, 23.095541, 16.614714>, 0.130000
	pigment { color rgbt <1,0,0,0> }
	no_shadow
}

// nucleotide -1

// particle -1
sphere {
	<8.974434, 22.748907, 16.209751> 0.250000
	pigment { color rgbt <1,0,0,0> }
	no_shadow
}
cylinder {
	<9.211539, 22.955494, 15.962562>,  <9.353803, 23.079447, 15.814247>, 0.100000
	pigment { color rgbt <1,0,0,0> }
	no_shadow
}
cylinder {
	<9.211539, 22.955494, 15.962562>,  <8.974434, 22.748907, 16.209751>, 0.100000
	pigment { color rgbt <1,0,0,0> }
	no_shadow
}

// particle -1
sphere {
	<9.211539, 22.955494, 15.962562> 0.100000
	pigment { color rgbt <1,0,0,0> }
	no_shadow
}
sphere {
	0, 1
	scale<0.080000,0.200000,0.300000>
	matrix <0.080249, -0.801369, -0.592763,
		-0.801369, 0.301776, -0.516468,
		0.592763, 0.516468, -0.617975,
		9.389368, 23.110434, 15.777169>
	pigment { color rgbt <0,1,1,0> }
	no_shadow
}
cylinder {
	<8.652462, 22.770107, 15.536366>,  <8.974434, 22.748907, 16.209751>, 0.130000
	pigment { color rgbt <1,0,0,0> }
	no_shadow
}

// nucleotide -1

// particle -1
sphere {
	<8.652462, 22.770107, 15.536366> 0.250000
	pigment { color rgbt <1,0,0,0> }
	no_shadow
}
cylinder {
	<9.047664, 22.817602, 15.496876>,  <9.284785, 22.846100, 15.473182>, 0.100000
	pigment { color rgbt <1,0,0,0> }
	no_shadow
}
cylinder {
	<9.047664, 22.817602, 15.496876>,  <8.652462, 22.770107, 15.536366>, 0.100000
	pigment { color rgbt <1,0,0,0> }
	no_shadow
}

// particle -1
sphere {
	<9.047664, 22.817602, 15.496876> 0.100000
	pigment { color rgbt <1,0,0,0> }
	no_shadow
}
sphere {
	0, 1
	scale<0.080000,0.200000,0.300000>
	matrix <0.030891, -0.778383, -0.627029,
		-0.151300, 0.616459, -0.772714,
		0.988005, 0.118739, -0.098726,
		9.344066, 22.853224, 15.467257>
	pigment { color rgbt <0,1,1,0> }
	no_shadow
}
cylinder {
	<8.683241, 22.785196, 14.876672>,  <8.652462, 22.770107, 15.536366>, 0.130000
	pigment { color rgbt <1,0,0,0> }
	no_shadow
}

// nucleotide -1

// particle -1
sphere {
	<8.683241, 22.785196, 14.876672> 0.250000
	pigment { color rgbt <1,0,0,0> }
	no_shadow
}
cylinder {
	<9.050039, 22.680967, 14.997484>,  <9.270118, 22.618429, 15.069972>, 0.100000
	pigment { color rgbt <1,0,0,0> }
	no_shadow
}
cylinder {
	<9.050039, 22.680967, 14.997484>,  <8.683241, 22.785196, 14.876672>, 0.100000
	pigment { color rgbt <1,0,0,0> }
	no_shadow
}

// particle -1
sphere {
	<9.050039, 22.680967, 14.997484> 0.100000
	pigment { color rgbt <1,0,0,0> }
	no_shadow
}
sphere {
	0, 1
	scale<0.080000,0.200000,0.300000>
	matrix <0.027989, -0.713265, -0.700336,
		0.397916, 0.650658, -0.646767,
		0.916995, -0.260572, 0.302031,
		9.325138, 22.602797, 15.088094>
	pigment { color rgbt <0,1,1,0> }
	no_shadow
}
cylinder {
	<8.991560, 22.652760, 14.358226>,  <8.683241, 22.785196, 14.876672>, 0.130000
	pigment { color rgbt <1,0,0,0> }
	no_shadow
}

// nucleotide -1

// particle -1
sphere {
	<8.991560, 22.652760, 14.358226> 0.250000
	pigment { color rgbt <1,0,0,0> }
	no_shadow
}
cylinder {
	<9.220037, 22.438526, 14.607027>,  <9.357123, 22.309986, 14.756308>, 0.100000
	pigment { color rgbt <1,0,0,0> }
	no_shadow
}
cylinder {
	<9.220037, 22.438526, 14.607027>,  <8.991560, 22.652760, 14.358226>, 0.100000
	pigment { color rgbt <1,0,0,0> }
	no_shadow
}

// particle -1
sphere {
	<9.220037, 22.438526, 14.607027> 0.100000
	pigment { color rgbt <1,0,0,0> }
	no_shadow
}
sphere {
	0, 1
	scale<0.080000,0.200000,0.300000>
	matrix <0.035284, -0.741065, -0.670505,
		0.820057, 0.404934, -0.404394,
		0.571193, -0.535584, 0.622003,
		9.391396, 22.277851, 14.793628>
	pigment { color rgbt <0,1,1,0> }
	no_shadow
}
cylinder {
	<9.564460, 22.322083, 13.914139>,  <8.991560, 22.652760, 14.358226>, 0.130000
	pigment { color rgbt <1,0,0,0> }
	no_shadow
}

// nucleotide -1

// particle -1
sphere {
	<9.564460, 22.322083, 13.914139> 0.250000
	pigment { color rgbt <1,0,0,0> }
	no_shadow
}
cylinder {
	<9.535295, 22.107277, 14.250305>,  <9.517796, 21.978394, 14.452005>, 0.100000
	pigment { color rgbt <1,0,0,0> }
	no_shadow
}
cylinder {
	<9.535295, 22.107277, 14.250305>,  <9.564460, 22.322083, 13.914139>, 0.100000
	pigment { color rgbt <1,0,0,0> }
	no_shadow
}

// particle -1
sphere {
	<9.535295, 22.107277, 14.250305> 0.100000
	pigment { color rgbt <1,0,0,0> }
	no_shadow
}
sphere {
	0, 1
	scale<0.080000,0.200000,0.300000>
	matrix <0.102914, -0.842212, -0.529233,
		0.992014, 0.047903, 0.116674,
		-0.072912, -0.537014, 0.840416,
		9.513421, 21.946173, 14.502430>
	pigment { color rgbt <0,1,1,0> }
	no_shadow
}
cylinder {
	<9.829310, 21.745274, 13.655771>,  <9.564460, 22.322083, 13.914139>, 0.130000
	pigment { color rgbt <1,0,0,0> }
	no_shadow
}

// nucleotide -1

// particle -1
sphere {
	<9.829310, 21.745274, 13.655771> 0.250000
	pigment { color rgbt <1,0,0,0> }
	no_shadow
}
cylinder {
	<9.727400, 21.658001, 14.032597>,  <9.666253, 21.605637, 14.258692>, 0.100000
	pigment { color rgbt <1,0,0,0> }
	no_shadow
}
cylinder {
	<9.727400, 21.658001, 14.032597>,  <9.829310, 21.745274, 13.655771>, 0.100000
	pigment { color rgbt <1,0,0,0> }
	no_shadow
}

// particle -1
sphere {
	<9.727400, 21.658001, 14.032597> 0.100000
	pigment { color rgbt <1,0,0,0> }
	no_shadow
}
sphere {
	0, 1
	scale<0.080000,0.200000,0.300000>
	matrix <0.021147, -0.975237, -0.220147,
		0.966769, -0.036167, 0.253081,
		-0.254776, -0.218184, 0.942064,
		9.650967, 21.592546, 14.315216>
	pigment { color rgbt <0,1,1,0> }
	no_shadow
}
cylinder {
	<10.108441, 21.132547, 13.794323>,  <9.829310, 21.745274, 13.655771>, 0.130000
	pigment { color rgbt <1,0,0,0> }
	no_shadow
}

// nucleotide -1

// particle -1
sphere {
	<10.108441, 21.132547, 13.794323> 0.250000
