// switches for output
#declare DRAW_BASES = 1; // possible values are 0, 1; only relevant for DNA ribbons
#declare DRAW_BASES_TYPE = 3; // possible values are 1, 2, 3; only relevant for DNA ribbons
#declare DRAW_FOG = 0; // set to 1 to enable fog

#include "colors.inc"

#include "transforms.inc"
background { rgb <1, 1, 1>}

#default {
   normal{
       ripples 0.25
       frequency 0.20
       turbulence 0.2
       lambda 5
   }
	finish {
		phong 0.1
		phong_size 40.
	}
}

// original window dimensions: 1024x640


// camera settings

camera {
	sky <0, 0.179814, -0.983701>
	up <0, 0.179814, -0.983701>
	right 1.6 * <1, 0, 0>
	location <25.469, 94.9851, 44.8844>
	look_at <25.469, 29.3977, 32.8955>
	direction <0, -65.5874, -11.9889>
	angle 67.0682
}


# declare cpy_camera_pos = <25.469, 94.9851, 44.8844>;
# if (DRAW_FOG = 1)
fog {
	fog_type 2
	up vnormalize(cpy_camera_pos)
	color rgbt<1,1,1,0.3>
	distance 1e-5
	fog_alt 3e-3
	fog_offset 28
}
# end


// LIGHTS

# declare lum = 6;
global_settings {
	ambient_light rgb lum * <0.05, 0.05, 0.05>
	max_trace_level 15
}# declare cpy_direct_light_amount = 0.25;
light_source
{	1000 * <-1, -1.16351, -0.803887>,
	rgb lum * cpy_direct_light_amount
	parallel
}

light_source
{	1000 * <1, 1.16351, 0.803887>,
	rgb lum * cpy_direct_light_amount
	parallel
}

// strand 0

// nucleotide -1

// particle -1
sphere {
	<4.526453, 14.820715, 14.850355> 0.250000
	pigment { color rgbt <1,0,0,0> }
	no_shadow
}
cylinder {
	<4.160897, 14.971965, 14.791255>,  <3.941564, 15.062715, 14.755795>, 0.100000
	pigment { color rgbt <1,0,0,0> }
	no_shadow
}
cylinder {
	<4.160897, 14.971965, 14.791255>,  <4.526453, 14.820715, 14.850355>, 0.100000
	pigment { color rgbt <1,0,0,0> }
	no_shadow
}

// particle -1
sphere {
	<4.160897, 14.971965, 14.791255> 0.100000
	pigment { color rgbt <1,0,0,0> }
	no_shadow
}
sphere {
	0, 1
	scale<0.080000,0.200000,0.300000>
	matrix <0.378092, 0.925301, 0.029408,
		0.147833, -0.028988, -0.988587,
		-0.913888, 0.378124, -0.147750,
		3.886731, 15.085402, 14.746930>
	pigment { color rgbt <0,1,1,0> }
	no_shadow
}
cylinder {
	<4.525203, 15.119199, 14.252692>,  <4.526453, 14.820715, 14.850355>, 0.130000
	pigment { color rgbt <1,0,0,0> }
	no_shadow
}

// nucleotide -1

// particle -1
sphere {
	<4.525203, 15.119199, 14.252692> 0.250000
	pigment { color rgbt <1,0,0,0> }
	no_shadow
}
cylinder {
	<4.236008, 15.305720, 14.456594>,  <4.062491, 15.417633, 14.578935>, 0.100000
	pigment { color rgbt <1,0,0,0> }
	no_shadow
}
cylinder {
	<4.236008, 15.305720, 14.456594>,  <4.525203, 15.119199, 14.252692>, 0.100000
	pigment { color rgbt <1,0,0,0> }
	no_shadow
}

// particle -1
sphere {
	<4.236008, 15.305720, 14.456594> 0.100000
	pigment { color rgbt <1,0,0,0> }
	no_shadow
}
sphere {
	0, 1
	scale<0.080000,0.200000,0.300000>
	matrix <0.379989, 0.884623, -0.270281,
		-0.576972, -0.001709, -0.816762,
		-0.722988, 0.466305, 0.509753,
		4.019112, 15.445612, 14.609520>
	pigment { color rgbt <0,1,1,0> }
	no_shadow
}
cylinder {
	<4.009947, 15.556690, 13.885603>,  <4.525203, 15.119199, 14.252692>, 0.130000
	pigment { color rgbt <1,0,0,0> }
	no_shadow
}

// nucleotide -1

// particle -1
sphere {
	<4.009947, 15.556690, 13.885603> 0.250000
	pigment { color rgbt <1,0,0,0> }
	no_shadow
}
cylinder {
	<4.127782, 15.674513, 14.249242>,  <4.198483, 15.745206, 14.467425>, 0.100000
	pigment { color rgbt <1,0,0,0> }
	no_shadow
}
cylinder {
	<4.127782, 15.674513, 14.249242>,  <4.009947, 15.556690, 13.885603>, 0.100000
	pigment { color rgbt <1,0,0,0> }
	no_shadow
}

// particle -1
sphere {
	<4.127782, 15.674513, 14.249242> 0.100000
	pigment { color rgbt <1,0,0,0> }
	no_shadow
}
sphere {
	0, 1
	scale<0.080000,0.200000,0.300000>
	matrix <0.303883, 0.873056, -0.381350,
		-0.906021, 0.388600, 0.167680,
		0.294586, 0.294556, 0.909096,
		4.216158, 15.762879, 14.521971>
	pigment { color rgbt <0,1,1,0> }
	no_shadow
}
cylinder {
	<3.695980, 16.266468, 14.042648>,  <4.009947, 15.556690, 13.885603>, 0.130000
	pigment { color rgbt <1,0,0,0> }
	no_shadow
}

// nucleotide -1

// particle -1
sphere {
	<3.695980, 16.266468, 14.042648> 0.250000
	pigment { color rgbt <1,0,0,0> }
	no_shadow
}
cylinder {
	<4.024335, 16.170099, 14.249762>,  <4.221348, 16.112278, 14.374030>, 0.100000
	pigment { color rgbt <1,0,0,0> }
	no_shadow
}
cylinder {
	<4.024335, 16.170099, 14.249762>,  <3.695980, 16.266468, 14.042648>, 0.100000
	pigment { color rgbt <1,0,0,0> }
	no_shadow
}

// particle -1
sphere {
	<4.024335, 16.170099, 14.249762> 0.100000
	pigment { color rgbt <1,0,0,0> }
	no_shadow
}
sphere {
	0, 1
	scale<0.080000,0.200000,0.300000>
	matrix <0.267724, 0.963204, 0.023727,
		-0.504448, 0.119146, 0.855182,
		0.820888, -0.240921, 0.517784,
		4.270601, 16.097822, 14.405097>
	pigment { color rgbt <0,1,1,0> }
	no_shadow
}
cylinder {
	<3.727711, 16.737574, 14.654588>,  <3.695980, 16.266468, 14.042648>, 0.130000
	pigment { color rgbt <1,0,0,0> }
	no_shadow
}

// nucleotide -1

// particle -1
sphere {
	<3.727711, 16.737574, 14.654588> 0.250000
	pigment { color rgbt <1,0,0,0> }
	no_shadow
}
cylinder {
	<4.094089, 16.613016, 14.553333>,  <4.313916, 16.538282, 14.492580>, 0.100000
	pigment { color rgbt <1,0,0,0> }
	no_shadow
}
cylinder {
	<4.094089, 16.613016, 14.553333>,  <3.727711, 16.737574, 14.654588>, 0.100000
	pigment { color rgbt <1,0,0,0> }
	no_shadow
}

// particle -1
sphere {
	<4.094089, 16.613016, 14.553333> 0.100000
	pigment { color rgbt <1,0,0,0> }
	no_shadow
}
sphere {
	0, 1
	scale<0.080000,0.200000,0.300000>
	matrix <0.277912, 0.947247, -0.159647,
		0.289496, 0.075879, 0.954167,
		0.915946, -0.311392, -0.253136,
		4.368873, 16.519598, 14.477392>
	pigment { color rgbt <0,1,1,0> }
	no_shadow
}
cylinder {
	<4.291418, 17.117800, 15.018149>,  <3.727711, 16.737574, 14.654588>, 0.130000
	pigment { color rgbt <1,0,0,0> }
	no_shadow
}

// nucleotide -1

// particle -1
sphere {
	<4.291418, 17.117800, 15.018149> 0.250000
	pigment { color rgbt <1,0,0,0> }
	no_shadow
}
cylinder {
	<4.471448, 16.963816, 14.695848>,  <4.579467, 16.871426, 14.502468>, 0.100000
	pigment { color rgbt <1,0,0,0> }
	no_shadow
}
cylinder {
	<4.471448, 16.963816, 14.695848>,  <4.291418, 17.117800, 15.018149>, 0.100000
	pigment { color rgbt <1,0,0,0> }
	no_shadow
}

// particle -1
sphere {
	<4.471448, 16.963816, 14.695848> 0.100000
	pigment { color rgbt <1,0,0,0> }
	no_shadow
}
sphere {
	0, 1
	scale<0.080000,0.200000,0.300000>
	matrix <0.529879, 0.841420, -0.106023,
		0.718791, -0.379232, 0.582686,
		0.450076, -0.384961, -0.805752,
		4.606471, 16.848328, 14.454123>
	pigment { color rgbt <0,1,1,0> }
	no_shadow
}
cylinder {
	<5.094140, 17.238470, 15.071928>,  <4.291418, 17.117800, 15.018149>, 0.130000
	pigment { color rgbt <1,0,0,0> }
	no_shadow
}

// nucleotide -1

// particle -1
sphere {
	<5.094140, 17.238470, 15.071928> 0.250000
	pigment { color rgbt <1,0,0,0> }
	no_shadow
}
cylinder {
	<4.990283, 17.171452, 14.691504>,  <4.927970, 17.131241, 14.463250>, 0.100000
	pigment { color rgbt <1,0,0,0> }
	no_shadow
}
cylinder {
	<4.990283, 17.171452, 14.691504>,  <5.094140, 17.238470, 15.071928>, 0.100000
	pigment { color rgbt <1,0,0,0> }
	no_shadow
}

// particle -1
sphere {
	<4.990283, 17.171452, 14.691504> 0.100000
	pigment { color rgbt <1,0,0,0> }
	no_shadow
}
sphere {
	0, 1
	scale<0.080000,0.200000,0.300000>
	matrix <0.624333, 0.722217, -0.297676,
		0.736747, -0.671067, -0.082910,
		-0.259640, -0.167548, -0.951060,
		4.912392, 17.121187, 14.406186>
	pigment { color rgbt <0,1,1,0> }
	no_shadow
}
cylinder {
	<5.706150, 17.404343, 14.713069>,  <5.094140, 17.238470, 15.071928>, 0.130000
	pigment { color rgbt <1,0,0,0> }
	no_shadow
}

// nucleotide -1

// particle -1
sphere {
	<5.706150, 17.404343, 14.713069> 0.250000
	pigment { color rgbt <1,0,0,0> }
	no_shadow
}
cylinder {
	<5.436769, 17.377844, 14.418567>,  <5.275141, 17.361944, 14.241865>, 0.100000
	pigment { color rgbt <1,0,0,0> }
	no_shadow
}
cylinder {
	<5.436769, 17.377844, 14.418567>,  <5.706150, 17.404343, 14.713069>, 0.100000
	pigment { color rgbt <1,0,0,0> }
	no_shadow
}

// particle -1
sphere {
	<5.436769, 17.377844, 14.418567> 0.100000
	pigment { color rgbt <1,0,0,0> }
	no_shadow
}
sphere {
	0, 1
	scale<0.080000,0.200000,0.300000>
	matrix <0.496320, 0.697592, -0.516751,
		0.547841, -0.713426, -0.436914,
		-0.673452, -0.066248, -0.736257,
		5.234734, 17.357969, 14.197690>
	pigment { color rgbt <0,1,1,0> }
	no_shadow
}
cylinder {
	<5.998281, 17.193052, 14.018211>,  <5.706150, 17.404343, 14.713069>, 0.130000
	pigment { color rgbt <1,0,0,0> }
	no_shadow
}

// nucleotide -1

// particle -1
sphere {
	<5.998281, 17.193052, 14.018211> 0.250000
	pigment { color rgbt <1,0,0,0> }
	no_shadow
}
cylinder {
	<5.653899, 17.381405, 13.941244>,  <5.447269, 17.494415, 13.895064>, 0.100000
	pigment { color rgbt <1,0,0,0> }
	no_shadow
}
cylinder {
	<5.653899, 17.381405, 13.941244>,  <5.998281, 17.193052, 14.018211>, 0.100000
	pigment { color rgbt <1,0,0,0> }
	no_shadow
}

// particle -1
sphere {
	<5.653899, 17.381405, 13.941244> 0.100000
	pigment { color rgbt <1,0,0,0> }
	no_shadow
}
sphere {
	0, 1
	scale<0.080000,0.200000,0.300000>
	matrix <0.483880, 0.641471, -0.595294,
		-0.156882, -0.605629, -0.780128,
		-0.860957, 0.470880, -0.192417,
		5.395611, 17.522669, 13.883519>
	pigment { color rgbt <0,1,1,0> }
	no_shadow
}
cylinder {
	<5.956513, 17.140970, 13.360135>,  <5.998281, 17.193052, 14.018211>, 0.130000
	pigment { color rgbt <1,0,0,0> }
	no_shadow
}

// nucleotide -1

// particle -1
sphere {
	<5.956513, 17.140970, 13.360135> 0.250000
	pigment { color rgbt <1,0,0,0> }
	no_shadow
}
cylinder {
	<5.698837, 17.430189, 13.459914>,  <5.544232, 17.603720, 13.519782>, 0.100000
	pigment { color rgbt <1,0,0,0> }
	no_shadow
}
cylinder {
	<5.698837, 17.430189, 13.459914>,  <5.956513, 17.140970, 13.360135>, 0.100000
	pigment { color rgbt <1,0,0,0> }
	no_shadow
}

// particle -1
sphere {
	<5.698837, 17.430189, 13.459914> 0.100000
	pigment { color rgbt <1,0,0,0> }
	no_shadow
}
sphere {
	0, 1
	scale<0.080000,0.200000,0.300000>
	matrix <0.416307, 0.605046, -0.678681,
		-0.641645, -0.333351, -0.690774,
		-0.644189, 0.723046, 0.249448,
		5.505580, 17.647102, 13.534749>
	pigment { color rgbt <0,1,1,0> }
	no_shadow
}
cylinder {
	<5.665839, 17.480980, 12.675770>,  <5.956513, 17.140970, 13.360135>, 0.130000
	pigment { color rgbt <1,0,0,0> }
	no_shadow
}

// nucleotide -1

// particle -1
sphere {
	<5.665839, 17.480980, 12.675770> 0.250000
	pigment { color rgbt <1,0,0,0> }
	no_shadow
}
cylinder {
	<5.619442, 17.733999, 12.982084>,  <5.591604, 17.885811, 13.165873>, 0.100000
	pigment { color rgbt <1,0,0,0> }
	no_shadow
}
cylinder {
	<5.619442, 17.733999, 12.982084>,  <5.665839, 17.480980, 12.675770>, 0.100000
	pigment { color rgbt <1,0,0,0> }
	no_shadow
}

// particle -1
sphere {
	<5.619442, 17.733999, 12.982084> 0.100000
	pigment { color rgbt <1,0,0,0> }
	no_shadow
}
sphere {
	0, 1
	scale<0.080000,0.200000,0.300000>
	matrix <0.409559, 0.732855, -0.543310,
		-0.904880, 0.250614, -0.344071,
		-0.115993, 0.632548, 0.765786,
		5.584644, 17.923763, 13.211821>
	pigment { color rgbt <0,1,1,0> }
	no_shadow
}
cylinder {
	<5.438744, 18.137730, 12.387488>,  <5.665839, 17.480980, 12.675770>, 0.130000
	pigment { color rgbt <1,0,0,0> }
	no_shadow
}

// nucleotide -1

// particle -1
sphere {
	<5.438744, 18.137730, 12.387488> 0.250000
	pigment { color rgbt <1,0,0,0> }
	no_shadow
}
cylinder {
	<5.540227, 18.256380, 12.755759>,  <5.601117, 18.327570, 12.976722>, 0.100000
	pigment { color rgbt <1,0,0,0> }
	no_shadow
}
cylinder {
	<5.540227, 18.256380, 12.755759>,  <5.438744, 18.137730, 12.387488>, 0.100000
	pigment { color rgbt <1,0,0,0> }
	no_shadow
}

// particle -1
sphere {
	<5.540227, 18.256380, 12.755759> 0.100000
	pigment { color rgbt <1,0,0,0> }
	no_shadow
}
sphere {
	0, 1
	scale<0.080000,0.200000,0.300000>
	matrix <0.430461, 0.817749, -0.382086,
		-0.866219, 0.493253, 0.079782,
		0.253707, 0.296627, 0.920677,
		5.616339, 18.345367, 13.031962>
	pigment { color rgbt <0,1,1,0> }
	no_shadow
}
cylinder {
	<5.425024, 18.830063, 12.363067>,  <5.438744, 18.137730, 12.387488>, 0.130000
	pigment { color rgbt <1,0,0,0> }
	no_shadow
}

// nucleotide -1

// particle -1
sphere {
	<5.425024, 18.830063, 12.363067> 0.250000
	pigment { color rgbt <1,0,0,0> }
	no_shadow
}
cylinder {
	<5.655266, 18.760994, 12.682782>,  <5.793412, 18.719553, 12.874612>, 0.100000
	pigment { color rgbt <1,0,0,0> }
	no_shadow
}
cylinder {
	<5.655266, 18.760994, 12.682782>,  <5.425024, 18.830063, 12.363067>, 0.100000
	pigment { color rgbt <1,0,0,0> }
	no_shadow
}

// particle -1
sphere {
	<5.655266, 18.760994, 12.682782> 0.100000
	pigment { color rgbt <1,0,0,0> }
	no_shadow
}
sphere {
	0, 1
	scale<0.080000,0.200000,0.300000>
	matrix <0.610607, 0.740908, -0.279668,
		-0.543908, 0.649030, 0.531906,
		0.575606, -0.172671, 0.799288,
		5.827948, 18.709192, 12.922568>
	pigment { color rgbt <0,1,1,0> }
	no_shadow
}
cylinder {
	<5.464687, 19.476870, 12.763442>,  <5.425024, 18.830063, 12.363067>, 0.130000
	pigment { color rgbt <1,0,0,0> }
	no_shadow
}

// nucleotide -1

// particle -1
sphere {
	<5.464687, 19.476870, 12.763442> 0.250000
	pigment { color rgbt <1,0,0,0> }
	no_shadow
}
cylinder {
	<5.771766, 19.246222, 12.875262>,  <5.956013, 19.107832, 12.942354>, 0.100000
	pigment { color rgbt <1,0,0,0> }
	no_shadow
}
cylinder {
	<5.771766, 19.246222, 12.875262>,  <5.464687, 19.476870, 12.763442>, 0.100000
	pigment { color rgbt <1,0,0,0> }
	no_shadow
}

// particle -1
sphere {
	<5.771766, 19.246222, 12.875262> 0.100000
	pigment { color rgbt <1,0,0,0> }
	no_shadow
}
sphere {
	0, 1
	scale<0.080000,0.200000,0.300000>
	matrix <0.638753, 0.653622, -0.405923,
		0.051343, 0.490190, 0.870102,
		0.767697, -0.576622, 0.279551,
		6.002075, 19.073235, 12.959127>
	pigment { color rgbt <0,1,1,0> }
	no_shadow
}
cylinder {
	<5.900484, 19.852074, 13.118565>,  <5.464687, 19.476870, 12.763442>, 0.130000
	pigment { color rgbt <1,0,0,0> }
	no_shadow
}

// nucleotide -1

// particle -1
sphere {
	<5.900484, 19.852074, 13.118565> 0.250000
	pigment { color rgbt <1,0,0,0> }
	no_shadow
}
cylinder {
	<6.131558, 19.561069, 12.970505>,  <6.270203, 19.386467, 12.881669>, 0.100000
	pigment { color rgbt <1,0,0,0> }
	no_shadow
}
cylinder {
	<6.131558, 19.561069, 12.970505>,  <5.900484, 19.852074, 13.118565>, 0.100000
	pigment { color rgbt <1,0,0,0> }
	no_shadow
}

// particle -1
sphere {
	<6.131558, 19.561069, 12.970505> 0.100000
	pigment { color rgbt <1,0,0,0> }
	no_shadow
}
sphere {
	0, 1
	scale<0.080000,0.200000,0.300000>
	matrix <0.722555, 0.666725, -0.182732,
		0.379727, -0.161892, 0.910823,
		0.577686, -0.727508, -0.370150,
		6.304864, 19.342817, 12.859460>
	pigment { color rgbt <0,1,1,0> }
	no_shadow
}
cylinder {
	<6.590346, 19.952707, 13.379786>,  <5.900484, 19.852074, 13.118565>, 0.130000
	pigment { color rgbt <1,0,0,0> }
	no_shadow
}

// nucleotide -1

// particle -1
sphere {
	<6.590346, 19.952707, 13.379786> 0.250000
	pigment { color rgbt <1,0,0,0> }
	no_shadow
}
cylinder {
	<6.689685, 19.707920, 13.079435>,  <6.749289, 19.561047, 12.899225>, 0.100000
	pigment { color rgbt <1,0,0,0> }
	no_shadow
}
cylinder {
	<6.689685, 19.707920, 13.079435>,  <6.590346, 19.952707, 13.379786>, 0.100000
	pigment { color rgbt <1,0,0,0> }
	no_shadow
}

// particle -1
sphere {
	<6.689685, 19.707920, 13.079435> 0.100000
	pigment { color rgbt <1,0,0,0> }
	no_shadow
}
sphere {
	0, 1
	scale<0.080000,0.200000,0.300000>
	matrix <0.842453, 0.519059, -0.144398,
		0.478117, -0.596718, 0.644463,
		0.248349, -0.611969, -0.750877,
		6.764190, 19.524330, 12.854172>
	pigment { color rgbt <0,1,1,0> }
	no_shadow
}
cylinder {
	<7.259129, 19.861452, 13.440042>,  <6.590346, 19.952707, 13.379786>, 0.130000
	pigment { color rgbt <1,0,0,0> }
	no_shadow
}

// nucleotide -1

// particle -1
sphere {
	<7.259129, 19.861452, 13.440042> 0.250000
	pigment { color rgbt <1,0,0,0> }
	no_shadow
}
cylinder {
	<7.201045, 19.780893, 13.052567>,  <7.166194, 19.732557, 12.820083>, 0.100000
	pigment { color rgbt <1,0,0,0> }
	no_shadow
}
cylinder {
	<7.201045, 19.780893, 13.052567>,  <7.259129, 19.861452, 13.440042>, 0.100000
	pigment { color rgbt <1,0,0,0> }
	no_shadow
}

// particle -1
sphere {
	<7.201045, 19.780893, 13.052567> 0.100000
	pigment { color rgbt <1,0,0,0> }
	no_shadow
}
sphere {
	0, 1
	scale<0.080000,0.200000,0.300000>
	matrix <0.827803, 0.511508, -0.230438,
		0.541900, -0.835343, 0.092441,
		-0.145211, -0.201398, -0.968686,
		7.157481, 19.720474, 12.761962>
	pigment { color rgbt <0,1,1,0> }
	no_shadow
}
cylinder {
	<7.908648, 19.636223, 13.126622>,  <7.259129, 19.861452, 13.440042>, 0.130000
	pigment { color rgbt <1,0,0,0> }
	no_shadow
}

// nucleotide -1

// particle -1
sphere {
	<7.908648, 19.636223, 13.126622> 0.250000
	pigment { color rgbt <1,0,0,0> }
	no_shadow
}
cylinder {
	<7.677748, 19.745251, 12.818728>,  <7.539208, 19.810667, 12.633992>, 0.100000
	pigment { color rgbt <1,0,0,0> }
	no_shadow
}
cylinder {
	<7.677748, 19.745251, 12.818728>,  <7.908648, 19.636223, 13.126622>, 0.100000
	pigment { color rgbt <1,0,0,0> }
	no_shadow
}

// particle -1
sphere {
	<7.677748, 19.745251, 12.818728> 0.100000
	pigment { color rgbt <1,0,0,0> }
	no_shadow
}
sphere {
	0, 1
	scale<0.080000,0.200000,0.300000>
	matrix <0.778937, 0.466668, -0.418902,
		0.245030, -0.841385, -0.481697,
		-0.577250, 0.272568, -0.769734,
		7.504573, 19.827021, 12.587809>
	pigment { color rgbt <0,1,1,0> }
	no_shadow
}
cylinder {
	<8.415905, 19.530537, 12.612864>,  <7.908648, 19.636223, 13.126622>, 0.130000
	pigment { color rgbt <1,0,0,0> }
	no_shadow
}

// nucleotide -1

// particle -1
sphere {
	<8.415905, 19.530537, 12.612864> 0.250000
	pigment { color rgbt <1,0,0,0> }
	no_shadow
}
cylinder {
	<8.131386, 19.742594, 12.428253>,  <7.960675, 19.869827, 12.317487>, 0.100000
	pigment { color rgbt <1,0,0,0> }
	no_shadow
}
cylinder {
	<8.131386, 19.742594, 12.428253>,  <8.415905, 19.530537, 12.612864>, 0.100000
	pigment { color rgbt <1,0,0,0> }
	no_shadow
}

// particle -1
sphere {
	<8.131386, 19.742594, 12.428253> 0.100000
	pigment { color rgbt <1,0,0,0> }
	no_shadow
}
sphere {
	0, 1
	scale<0.080000,0.200000,0.300000>
	matrix <0.702730, 0.550462, -0.450736,
		0.015098, -0.644935, -0.764089,
		-0.711297, 0.530142, -0.461526,
		7.917997, 19.901636, 12.289795>
	pigment { color rgbt <0,1,1,0> }
	no_shadow
}
cylinder {
	<8.617443, 19.553230, 11.879103>,  <8.415905, 19.530537, 12.612864>, 0.130000
	pigment { color rgbt <1,0,0,0> }
	no_shadow
}

// nucleotide -1

// particle -1
sphere {
	<8.617443, 19.553230, 11.879103> 0.250000
	pigment { color rgbt <1,0,0,0> }
	no_shadow
}
cylinder {
	<8.386055, 19.862972, 11.981670>,  <8.247222, 20.048817, 12.043211>, 0.100000
	pigment { color rgbt <1,0,0,0> }
	no_shadow
}
cylinder {
	<8.386055, 19.862972, 11.981670>,  <8.617443, 19.553230, 11.879103>, 0.100000
	pigment { color rgbt <1,0,0,0> }
	no_shadow
}

// particle -1
sphere {
	<8.386055, 19.862972, 11.981670> 0.100000
	pigment { color rgbt <1,0,0,0> }
	no_shadow
}
sphere {
	0, 1
	scale<0.080000,0.200000,0.300000>
	matrix <0.717457, 0.632572, -0.291735,
		-0.388109, 0.015209, -0.921488,
		-0.578470, 0.774353, 0.256419,
		8.212514, 20.095278, 12.058596>
	pigment { color rgbt <0,1,1,0> }
	no_shadow
}
cylinder {
	<8.864065, 20.065313, 11.398198>,  <8.617443, 19.553230, 11.879103>, 0.130000
	pigment { color rgbt <1,0,0,0> }
	no_shadow
}

// nucleotide -1

// particle -1
sphere {
	<8.864065, 20.065313, 11.398198> 0.250000
	pigment { color rgbt <1,0,0,0> }
	no_shadow
}
cylinder {
	<8.650778, 20.300907, 11.641106>,  <8.522805, 20.442265, 11.786850>, 0.100000
	pigment { color rgbt <1,0,0,0> }
	no_shadow
}
cylinder {
	<8.650778, 20.300907, 11.641106>,  <8.864065, 20.065313, 11.398198>, 0.100000
	pigment { color rgbt <1,0,0,0> }
	no_shadow
}

// particle -1
sphere {
	<8.650778, 20.300907, 11.641106> 0.100000
	pigment { color rgbt <1,0,0,0> }
	no_shadow
}
sphere {
	0, 1
	scale<0.080000,0.200000,0.300000>
	matrix <0.549286, 0.786978, -0.280980,
		-0.643401, 0.183740, -0.743152,
		-0.533217, 0.588986, 0.607268,
		8.490812, 20.477602, 11.823286>
	pigment { color rgbt <0,1,1,0> }
	no_shadow
}
cylinder {
	<8.819183, 20.689087, 11.057736>,  <8.864065, 20.065313, 11.398198>, 0.130000
	pigment { color rgbt <1,0,0,0> }
	no_shadow
}

// nucleotide -1

// particle -1
sphere {
	<8.819183, 20.689087, 11.057736> 0.250000
	pigment { color rgbt <1,0,0,0> }
	no_shadow
}
cylinder {
	<8.708731, 20.787575, 11.429356>,  <8.642459, 20.846666, 11.652327>, 0.100000
	pigment { color rgbt <1,0,0,0> }
	no_shadow
}
cylinder {
	<8.708731, 20.787575, 11.429356>,  <8.819183, 20.689087, 11.057736>, 0.100000
	pigment { color rgbt <1,0,0,0> }
	no_shadow
}

// particle -1
sphere {
	<8.708731, 20.787575, 11.429356> 0.100000
	pigment { color rgbt <1,0,0,0> }
	no_shadow
}
sphere {
	0, 1
	scale<0.080000,0.200000,0.300000>
	matrix <0.329306, 0.932358, -0.149218,
		-0.902944, 0.264737, -0.338534,
		-0.276131, 0.246218, 0.929047,
		8.625892, 20.861441, 11.708070>
	pigment { color rgbt <0,1,1,0> }
	no_shadow
}
cylinder {
	<8.477498, 21.464209, 11.102183>,  <8.819183, 20.689087, 11.057736>, 0.130000
	pigment { color rgbt <1,0,0,0> }
	no_shadow
}

// nucleotide -1

// particle -1
sphere {
	<8.477498, 21.464209, 11.102183> 0.250000
	pigment { color rgbt <1,0,0,0> }
	no_shadow
}
cylinder {
	<8.601634, 21.384468, 11.473978>,  <8.676116, 21.336624, 11.697055>, 0.100000
	pigment { color rgbt <1,0,0,0> }
	no_shadow
}
cylinder {
	<8.601634, 21.384468, 11.473978>,  <8.477498, 21.464209, 11.102183>, 0.100000
	pigment { color rgbt <1,0,0,0> }
	no_shadow
}

// particle -1
sphere {
	<8.601634, 21.384468, 11.473978> 0.100000
	pigment { color rgbt <1,0,0,0> }
	no_shadow
}
sphere {
	0, 1
	scale<0.080000,0.200000,0.300000>
	matrix <0.398707, 0.914905, 0.063104,
		-0.862973, 0.351010, 0.363415,
		0.310340, -0.199353, 0.929488,
		8.694736, 21.324663, 11.752825>
	pigment { color rgbt <0,1,1,0> }
	no_shadow
}
cylinder {
	<8.324200, 22.013117, 11.322385>,  <8.477498, 21.464209, 11.102183>, 0.130000
	pigment { color rgbt <1,0,0,0> }
	no_shadow
}

// nucleotide -1

// particle -1
sphere {
	<8.324200, 22.013117, 11.322385> 0.250000
	pigment { color rgbt <1,0,0,0> }
	no_shadow
}
cylinder {
	<8.600110, 21.848074, 11.560365>,  <8.765656, 21.749048, 11.703153>, 0.100000
	pigment { color rgbt <1,0,0,0> }
	no_shadow
}
cylinder {
	<8.600110, 21.848074, 11.560365>,  <8.324200, 22.013117, 11.322385>, 0.100000
	pigment { color rgbt <1,0,0,0> }
	no_shadow
}

// particle -1
sphere {
	<8.600110, 21.848074, 11.560365> 0.100000
	pigment { color rgbt <1,0,0,0> }
	no_shadow
}
sphere {
	0, 1
	scale<0.080000,0.200000,0.300000>
	matrix <0.547950, 0.834602, -0.056474,
		-0.473244, 0.364957, 0.801777,
		0.689776, -0.412608, 0.594949,
		8.807043, 21.724291, 11.738850>
	pigment { color rgbt <0,1,1,0> }
	no_shadow
}
cylinder {
	<8.459165, 22.477293, 11.796696>,  <8.324200, 22.013117, 11.322385>, 0.130000
	pigment { color rgbt <1,0,0,0> }
	no_shadow
}

// nucleotide -1

// particle -1
sphere {
	<8.459165, 22.477293, 11.796696> 0.250000
	pigment { color rgbt <1,0,0,0> }
	no_shadow
}
cylinder {
	<8.785207, 22.245569, 11.797111>,  <8.980832, 22.106535, 11.797359>, 0.100000
	pigment { color rgbt <1,0,0,0> }
	no_shadow
}
cylinder {
	<8.785207, 22.245569, 11.797111>,  <8.459165, 22.477293, 11.796696>, 0.100000
	pigment { color rgbt <1,0,0,0> }
	no_shadow
}

// particle -1
sphere {
	<8.785207, 22.245569, 11.797111> 0.100000
	pigment { color rgbt <1,0,0,0> }
	no_shadow
}
sphere {
	0, 1
	scale<0.080000,0.200000,0.300000>
	matrix <0.561694, 0.789876, -0.246164,
		0.141786, 0.201233, 0.969228,
		0.815106, -0.579312, 0.001038,
		9.029738, 22.071775, 11.797421>
	pigment { color rgbt <0,1,1,0> }
	no_shadow
}
cylinder {
	<8.960197, 22.986073, 11.890072>,  <8.459165, 22.477293, 11.796696>, 0.130000
	pigment { color rgbt <1,0,0,0> }
	no_shadow
}

// nucleotide -1

// particle -1
sphere {
	<8.960197, 22.986073, 11.890072> 0.250000
	pigment { color rgbt <1,0,0,0> }
	no_shadow
}
cylinder {
	<9.151319, 22.660048, 11.758996>,  <9.265991, 22.464434, 11.680350>, 0.100000
	pigment { color rgbt <1,0,0,0> }
	no_shadow
}
cylinder {
	<9.151319, 22.660048, 11.758996>,  <8.960197, 22.986073, 11.890072>, 0.100000
	pigment { color rgbt <1,0,0,0> }
	no_shadow
}

// particle -1
sphere {
	<9.151319, 22.660048, 11.758996> 0.100000
	pigment { color rgbt <1,0,0,0> }
	no_shadow
}
sphere {
	0, 1
	scale<0.080000,0.200000,0.300000>
	matrix <0.797854, 0.558731, -0.226380,
		0.367603, -0.153283, 0.917263,
		0.477804, -0.815060, -0.327689,
		9.294660, 22.415529, 11.660689>
	pigment { color rgbt <0,1,1,0> }
	no_shadow
}
cylinder {
	<9.537151, 23.478033, 11.792642>,  <8.960197, 22.986073, 11.890072>, 0.130000
	pigment { color rgbt <1,0,0,0> }
	no_shadow
}

// nucleotide -1

// particle -1
sphere {
	<9.537151, 23.478033, 11.792642> 0.250000
	pigment { color rgbt <1,0,0,0> }
	no_shadow
}
cylinder {
	<9.664564, 23.683659, 11.474075>,  <9.741012, 23.807034, 11.282936>, 0.100000
	pigment { color rgbt <1,0,0,0> }
	no_shadow
}
cylinder {
	<9.664564, 23.683659, 11.474075>,  <9.537151, 23.478033, 11.792642>, 0.100000
	pigment { color rgbt <1,0,0,0> }
	no_shadow
}

// particle -1
sphere {
	<9.664564, 23.683659, 11.474075> 0.100000
	pigment { color rgbt <1,0,0,0> }
	no_shadow
}
sphere {
	0, 1
	scale<0.080000,0.200000,0.300000>
	matrix <-0.084605, 0.852243, 0.516260,
		0.944129, -0.097064, 0.314958,
		0.318530, 0.514063, -0.796415,
		9.760123, 23.837877, 11.235150>
	pigment { color rgbt <0,1,1,0> }
	no_shadow
}
cylinder {
	<10.139244, 23.805161, 12.042991>,  <9.537151, 23.478033, 11.792642>, 0.130000
	pigment { color rgbt <1,0,0,0> }
	no_shadow
}

// nucleotide -1

// particle -1
sphere {
	<10.139244, 23.805161, 12.042991> 0.250000
	pigment { color rgbt <1,0,0,0> }
	no_shadow
}
cylinder {
	<10.013268, 24.003042, 11.718996>,  <9.937682, 24.121771, 11.524599>, 0.100000
	pigment { color rgbt <1,0,0,0> }
	no_shadow
}
cylinder {
	<10.013268, 24.003042, 11.718996>,  <10.139244, 23.805161, 12.042991>, 0.100000
	pigment { color rgbt <1,0,0,0> }
	no_shadow
}

// particle -1
sphere {
	<10.013268, 24.003042, 11.718996> 0.100000
	pigment { color rgbt <1,0,0,0> }
	no_shadow
}
sphere {
	0, 1
	scale<0.080000,0.200000,0.300000>
	matrix <-0.045031, 0.844666, 0.533396,
		0.948043, 0.204462, -0.243743,
		-0.314940, 0.494706, -0.809987,
		9.918785, 24.151455, 11.476000>
	pigment { color rgbt <0,1,1,0> }
	no_shadow
}
cylinder {
	<10.587702, 23.351767, 11.890492>,  <10.139244, 23.805161, 12.042991>, 0.130000
	pigment { color rgbt <1,0,0,0> }
	no_shadow
}

// nucleotide -1

// particle -1
sphere {
	<10.587702, 23.351767, 11.890492> 0.250000
	pigment { color rgbt <1,0,0,0> }
	no_shadow
}
cylinder {
	<10.420828, 22.988432, 11.902349>,  <10.320704, 22.770432, 11.909464>, 0.100000
	pigment { color rgbt <1,0,0,0> }
	no_shadow
}
cylinder {
	<10.420828, 22.988432, 11.902349>,  <10.587702, 23.351767, 11.890492>, 0.100000
	pigment { color rgbt <1,0,0,0> }
	no_shadow
}

// particle -1
sphere {
	<10.420828, 22.988432, 11.902349> 0.100000
	pigment { color rgbt <1,0,0,0> }
	no_shadow
}
sphere {
	0, 1
	scale<0.080000,0.200000,0.300000>
	matrix <0.512885, -0.262236, -0.817424,
		0.750270, -0.325814, 0.575274,
		-0.417185, -0.908338, 0.029643,
		10.295672, 22.715931, 11.911242>
	pigment { color rgbt <0,1,1,0> }
	no_shadow
}
cylinder {
	<11.128512, 22.849159, 11.933112>,  <10.587702, 23.351767, 11.890492>, 0.130000
	pigment { color rgbt <1,0,0,0> }
	no_shadow
}

// nucleotide -1

// particle -1
sphere {
	<11.128512, 22.849159, 11.933112> 0.250000
	pigment { color rgbt <1,0,0,0> }
	no_shadow
}
cylinder {
	<10.815043, 22.645336, 11.791010>,  <10.626962, 22.523043, 11.705749>, 0.100000
	pigment { color rgbt <1,0,0,0> }
	no_shadow
}
cylinder {
	<10.815043, 22.645336, 11.791010>,  <11.128512, 22.849159, 11.933112>, 0.100000
	pigment { color rgbt <1,0,0,0> }
	no_shadow
}

// particle -1
sphere {
	<10.815043, 22.645336, 11.791010> 0.100000
	pigment { color rgbt <1,0,0,0> }
	no_shadow
}
sphere {
	0, 1
	scale<0.080000,0.200000,0.300000>
	matrix <0.610632, -0.527034, -0.591070,
		0.113953, -0.680136, 0.724176,
		-0.783673, -0.509559, -0.355256,
		10.579942, 22.492468, 11.684433>
	pigment { color rgbt <0,1,1,0> }
	no_shadow
}
cylinder {
	<11.332186, 22.239437, 11.891168>,  <11.128512, 22.849159, 11.933112>, 0.130000
	pigment { color rgbt <1,0,0,0> }
	no_shadow
}

// nucleotide -1

// particle -1
sphere {
	<11.332186, 22.239437, 11.891168> 0.250000
	pigment { color rgbt <1,0,0,0> }
	no_shadow
}
cylinder {
	<11.040633, 22.285145, 11.621153>,  <10.865702, 22.312569, 11.459145>, 0.100000
	pigment { color rgbt <1,0,0,0> }
	no_shadow
}
cylinder {
	<11.040633, 22.285145, 11.621153>,  <11.332186, 22.239437, 11.891168>, 0.100000
	pigment { color rgbt <1,0,0,0> }
	no_shadow
}

// particle -1
sphere {
	<11.040633, 22.285145, 11.621153> 0.100000
	pigment { color rgbt <1,0,0,0> }
	no_shadow
}
sphere {
	0, 1
	scale<0.080000,0.200000,0.300000>
	matrix <0.587654, -0.401464, -0.702488,
		-0.351274, -0.908719, 0.225470,
		-0.728882, 0.114268, -0.675036,
		10.821969, 22.319426, 11.418642>
	pigment { color rgbt <0,1,1,0> }
	no_shadow
}
cylinder {
	<11.687542, 22.030462, 11.331687>,  <11.332186, 22.239437, 11.891168>, 0.130000
	pigment { color rgbt <1,0,0,0> }
	no_shadow
}

// nucleotide -1

// particle -1
sphere {
	<11.687542, 22.030462, 11.331687> 0.250000
	pigment { color rgbt <1,0,0,0> }
	no_shadow
}
cylinder {
	<11.354839, 22.111021, 11.124760>,  <11.155217, 22.159357, 11.000604>, 0.100000
	pigment { color rgbt <1,0,0,0> }
	no_shadow
}
cylinder {
	<11.354839, 22.111021, 11.124760>,  <11.687542, 22.030462, 11.331687>, 0.100000
	pigment { color rgbt <1,0,0,0> }
	no_shadow
}

// particle -1
sphere {
	<11.354839, 22.111021, 11.124760> 0.100000
	pigment { color rgbt <1,0,0,0> }
	no_shadow
}
sphere {
	0, 1
	scale<0.080000,0.200000,0.300000>
	matrix <0.346712, -0.539319, -0.767415,
		-0.433554, -0.817664, 0.378756,
		-0.831758, 0.201397, -0.517318,
		11.105312, 22.171440, 10.969564>
	pigment { color rgbt <0,1,1,0> }
	no_shadow
}
cylinder {
	<12.084102, 21.430977, 11.754715>,  <11.687542, 22.030462, 11.331687>, 0.130000
	pigment { color rgbt <1,0,0,0> }
	no_shadow
}

// nucleotide -1

// particle -1
sphere {
	<12.084102, 21.430977, 11.754715> 0.250000
	pigment { color rgbt <1,0,0,0> }
	no_shadow
}
cylinder {
	<11.875238, 21.154064, 11.953954>,  <11.749921, 20.987917, 12.073497>, 0.100000
	pigment { color rgbt <1,0,0,0> }
	no_shadow
}
cylinder {
	<11.875238, 21.154064, 11.953954>,  <12.084102, 21.430977, 11.754715>, 0.100000
	pigment { color rgbt <1,0,0,0> }
	no_shadow
}

// particle -1
sphere {
	<11.875238, 21.154064, 11.953954> 0.100000
	pigment { color rgbt <1,0,0,0> }
	no_shadow
}
sphere {
	0, 1
	scale<0.080000,0.200000,0.300000>
	matrix <-0.467791, 0.720826, 0.511451,
		-0.713108, 0.034052, -0.700227,
		-0.522157, -0.692279, 0.498097,
		11.718592, 20.946381, 12.103383>
	pigment { color rgbt <0,1,1,0> }
	no_shadow
}
cylinder {
	<11.667247, 21.624306, 12.431337>,  <12.084102, 21.430977, 11.754715>, 0.130000
	pigment { color rgbt <1,0,0,0> }
	no_shadow
}

// nucleotide -1

// particle -1
sphere {
	<11.667247, 21.624306, 12.431337> 0.250000
	pigment { color rgbt <1,0,0,0> }
	no_shadow
}
cylinder {
	<11.868388, 21.782768, 12.738634>,  <11.989073, 21.877846, 12.923013>, 0.100000
	pigment { color rgbt <1,0,0,0> }
	no_shadow
}
cylinder {
	<11.868388, 21.782768, 12.738634>,  <11.667247, 21.624306, 12.431337>, 0.100000
	pigment { color rgbt <1,0,0,0> }
	no_shadow
}

// particle -1
sphere {
	<11.868388, 21.782768, 12.738634> 0.100000
	pigment { color rgbt <1,0,0,0> }
	no_shadow
}
sphere {
	0, 1
	scale<0.080000,0.200000,0.300000>
	matrix <-0.597505, -0.482930, 0.640130,
		0.624600, -0.780921, -0.006137,
		0.502854, 0.396158, 0.768243,
		12.019244, 21.901615, 12.969107>
	pigment { color rgbt <0,1,1,0> }
	no_shadow
}
cylinder {
	<12.188469, 21.178461, 12.920328>,  <11.667247, 21.624306, 12.431337>, 0.130000
	pigment { color rgbt <1,0,0,0> }
	no_shadow
}

// nucleotide -1

// particle -1
sphere {
	<12.188469, 21.178461, 12.920328> 0.250000
	pigment { color rgbt <1,0,0,0> }
	no_shadow
}
cylinder {
	<12.038005, 21.477850, 13.138794>,  <11.947726, 21.657482, 13.269874>, 0.100000
	pigment { color rgbt <1,0,0,0> }
	no_shadow
}
cylinder {
	<12.038005, 21.477850, 13.138794>,  <12.188469, 21.178461, 12.920328>, 0.100000
	pigment { color rgbt <1,0,0,0> }
	no_shadow
}

// particle -1
sphere {
	<12.038005, 21.477850, 13.138794> 0.100000
	pigment { color rgbt <1,0,0,0> }
	no_shadow
}
sphere {
	0, 1
	scale<0.080000,0.200000,0.300000>
	matrix <-0.593344, -0.647326, 0.478448,
		0.711651, -0.144091, 0.687598,
		-0.376160, 0.748470, 0.546165,
		11.925157, 21.702391, 13.302644>
	pigment { color rgbt <0,1,1,0> }
	no_shadow
}
cylinder {
	<12.170535, 21.076340, 13.672541>,  <12.188469, 21.178461, 12.920328>, 0.130000
	pigment { color rgbt <1,0,0,0> }
	no_shadow
}

// nucleotide -1

// particle -1
sphere {
	<12.170535, 21.076340, 13.672541> 0.250000
	pigment { color rgbt <1,0,0,0> }
	no_shadow
}
cylinder {
	<11.888067, 21.357639, 13.639641>,  <11.718586, 21.526419, 13.619901>, 0.100000
	pigment { color rgbt <1,0,0,0> }
	no_shadow
}
cylinder {
	<11.888067, 21.357639, 13.639641>,  <12.170535, 21.076340, 13.672541>, 0.100000
	pigment { color rgbt <1,0,0,0> }
	no_shadow
}

// particle -1
sphere {
	<11.888067, 21.357639, 13.639641> 0.100000
	pigment { color rgbt <1,0,0,0> }
	no_shadow
}
sphere {
	0, 1
	scale<0.080000,0.200000,0.300000>
	matrix <-0.655681, -0.605678, 0.450817,
		0.267219, 0.372283, 0.888819,
		-0.706170, 0.703249, -0.082250,
		11.676216, 21.568613, 13.614965>
	pigment { color rgbt <0,1,1,0> }
	no_shadow
}
cylinder {
	<11.838240, 21.130648, 14.363425>,  <12.170535, 21.076340, 13.672541>, 0.130000
	pigment { color rgbt <1,0,0,0> }
	no_shadow
}

// nucleotide -1

// particle -1
sphere {
	<11.838240, 21.130648, 14.363425> 0.250000
	pigment { color rgbt <1,0,0,0> }
	no_shadow
}
cylinder {
	<11.578088, 21.265615, 14.091204>,  <11.421997, 21.346596, 13.927871>, 0.100000
	pigment { color rgbt <1,0,0,0> }
	no_shadow
}
cylinder {
	<11.578088, 21.265615, 14.091204>,  <11.838240, 21.130648, 14.363425>, 0.100000
	pigment { color rgbt <1,0,0,0> }
	no_shadow
}

// particle -1
sphere {
	<11.578088, 21.265615, 14.091204> 0.100000
	pigment { color rgbt <1,0,0,0> }
	no_shadow
}
sphere {
	0, 1
	scale<0.080000,0.200000,0.300000>
	matrix <-0.690573, -0.635836, 0.344703,
		-0.316411, 0.694161, 0.646549,
		-0.650379, 0.337421, -0.680554,
		11.382975, 21.366842, 13.887037>
	pigment { color rgbt <0,1,1,0> }
	no_shadow
}
cylinder {
	<11.230512, 21.273937, 14.760098>,  <11.838240, 21.130648, 14.363425>, 0.130000
	pigment { color rgbt <1,0,0,0> }
	no_shadow
}

// nucleotide -1

// particle -1
sphere {
	<11.230512, 21.273937, 14.760098> 0.250000
	pigment { color rgbt <1,0,0,0> }
	no_shadow
}
cylinder {
	<11.137148, 21.205761, 14.377169>,  <11.081129, 21.164856, 14.147410>, 0.100000
	pigment { color rgbt <1,0,0,0> }
	no_shadow
}
cylinder {
	<11.137148, 21.205761, 14.377169>,  <11.230512, 21.273937, 14.760098>, 0.100000
	pigment { color rgbt <1,0,0,0> }
	no_shadow
}

// particle -1
sphere {
	<11.137148, 21.205761, 14.377169> 0.100000
	pigment { color rgbt <1,0,0,0> }
	no_shadow
}
sphere {
	0, 1
	scale<0.080000,0.200000,0.300000>
	matrix <-0.758980, -0.583494, 0.288935,
		-0.607839, 0.794031, 0.006832,
		-0.233410, -0.170441, -0.957324,
		11.067125, 21.154629, 14.089972>
	pigment { color rgbt <0,1,1,0> }
	no_shadow
}
cylinder {
	<10.560300, 21.177715, 14.826580>,  <11.230512, 21.273937, 14.760098>, 0.130000
	pigment { color rgbt <1,0,0,0> }
	no_shadow
}

// nucleotide -1

// particle -1
sphere {
	<10.560300, 21.177715, 14.826580> 0.250000
	pigment { color rgbt <1,0,0,0> }
	no_shadow
}
cylinder {
	<10.636218, 21.061777, 14.451354>,  <10.681769, 20.992214, 14.226218>, 0.100000
	pigment { color rgbt <1,0,0,0> }
	no_shadow
}
cylinder {
	<10.636218, 21.061777, 14.451354>,  <10.560300, 21.177715, 14.826580>, 0.100000
	pigment { color rgbt <1,0,0,0> }
	no_shadow
}

// particle -1
sphere {
	<10.636218, 21.061777, 14.451354> 0.100000
	pigment { color rgbt <1,0,0,0> }
	no_shadow
}
sphere {
	0, 1
	scale<0.080000,0.200000,0.300000>
	matrix <-0.680428, -0.727614, 0.087149,
		-0.707810, 0.621746, -0.335317,
		0.189796, -0.289844, -0.938066,
		10.693157, 20.974825, 14.169934>
	pigment { color rgbt <0,1,1,0> }
	no_shadow
}
cylinder {
	<9.869744, 21.165878, 14.493207>,  <10.560300, 21.177715, 14.826580>, 0.130000
	pigment { color rgbt <1,0,0,0> }
	no_shadow
}

// nucleotide -1

// particle -1
sphere {
	<9.869744, 21.165878, 14.493207> 0.250000
	pigment { color rgbt <1,0,0,0> }
	no_shadow
}
cylinder {
	<10.102683, 20.937002, 14.262219>,  <10.242446, 20.799677, 14.123627>, 0.100000
	pigment { color rgbt <1,0,0,0> }
	no_shadow
}
cylinder {
	<10.102683, 20.937002, 14.262219>,  <9.869744, 21.165878, 14.493207>, 0.100000
	pigment { color rgbt <1,0,0,0> }
	no_shadow
}

// particle -1
sphere {
	<10.102683, 20.937002, 14.262219> 0.100000
	pigment { color rgbt <1,0,0,0> }
	no_shadow
}
sphere {
	0, 1
	scale<0.080000,0.200000,0.300000>
	matrix <-0.720469, -0.692299, -0.040581,
		-0.376561, 0.439680, -0.815404,
		0.582346, -0.572192, -0.577469,
		10.277387, 20.765345, 14.088979>
	pigment { color rgbt <0,1,1,0> }
	no_shadow
}
cylinder {
	<9.499422, 20.936134, 13.968767>,  <9.869744, 21.165878, 14.493207>, 0.130000
	pigment { color rgbt <1,0,0,0> }
	no_shadow
}

// nucleotide -1

// particle -1
sphere {
	<9.499422, 20.936134, 13.968767> 0.250000
	pigment { color rgbt <1,0,0,0> }
	no_shadow
}
cylinder {
	<9.805710, 20.684896, 14.024152>,  <9.989483, 20.534155, 14.057383>, 0.100000
	pigment { color rgbt <1,0,0,0> }
	no_shadow
}
cylinder {
	<9.805710, 20.684896, 14.024152>,  <9.499422, 20.936134, 13.968767>, 0.100000
	pigment { color rgbt <1,0,0,0> }
	no_shadow
}

// particle -1
sphere {
	<9.805710, 20.684896, 14.024152> 0.100000
	pigment { color rgbt <1,0,0,0> }
	no_shadow
}
sphere {
	0, 1
	scale<0.080000,0.200000,0.300000>
	matrix <-0.632759, -0.774242, -0.012852,
		0.115276, -0.077772, -0.990284,
		0.765720, -0.628093, 0.138462,
		10.035426, 20.496468, 14.065690>
	pigment { color rgbt <0,1,1,0> }
	no_shadow
}
cylinder {
	<9.313788, 20.384460, 13.527818>,  <9.499422, 20.936134, 13.968767>, 0.130000
	pigment { color rgbt <1,0,0,0> }
	no_shadow
}

// nucleotide -1

// particle -1
sphere {
	<9.313788, 20.384460, 13.527818> 0.250000
	pigment { color rgbt <1,0,0,0> }
	no_shadow
}
cylinder {
	<9.582453, 20.214466, 13.770555>,  <9.743651, 20.112469, 13.916198>, 0.100000
	pigment { color rgbt <1,0,0,0> }
	no_shadow
}
cylinder {
	<9.582453, 20.214466, 13.770555>,  <9.313788, 20.384460, 13.527818>, 0.100000
	pigment { color rgbt <1,0,0,0> }
	no_shadow
}

// particle -1
sphere {
	<9.582453, 20.214466, 13.770555> 0.100000
	pigment { color rgbt <1,0,0,0> }
	no_shadow
}
sphere {
	0, 1
	scale<0.080000,0.200000,0.300000>
	matrix <-0.539277, -0.842099, 0.007136,
		0.507990, -0.332050, -0.794789,
		0.671660, -0.424986, 0.606844,
		9.783951, 20.086969, 13.952609>
	pigment { color rgbt <0,1,1,0> }
	no_shadow
}
cylinder {
	<9.372095, 19.641268, 13.288252>,  <9.313788, 20.384460, 13.527818>, 0.130000
	pigment { color rgbt <1,0,0,0> }
	no_shadow
}

// nucleotide -1

// particle -1
sphere {
	<9.372095, 19.641268, 13.288252> 0.250000
	pigment { color rgbt <1,0,0,0> }
	no_shadow
}
cylinder {
	<9.503251, 19.653889, 13.665928>,  <9.581944, 19.661461, 13.892533>, 0.100000
	pigment { color rgbt <1,0,0,0> }
	no_shadow
}
cylinder {
	<9.503251, 19.653889, 13.665928>,  <9.372095, 19.641268, 13.288252>, 0.100000
	pigment { color rgbt <1,0,0,0> }
	no_shadow
}

// particle -1
sphere {
	<9.503251, 19.653889, 13.665928> 0.100000
	pigment { color rgbt <1,0,0,0> }
	no_shadow
}
sphere {
	0, 1
	scale<0.080000,0.200000,0.300000>
	matrix <-0.516340, -0.830970, 0.207078,
		0.791128, -0.555421, -0.256173,
		0.327888, 0.031553, 0.944189,
		9.601618, 19.663355, 13.949184>
	pigment { color rgbt <0,1,1,0> }
	no_shadow
}
cylinder {
	<9.741903, 18.906609, 13.357780>,  <9.372095, 19.641268, 13.288252>, 0.130000
