// switches for output
#declare DRAW_BASES = 1; // possible values are 0, 1; only relevant for DNA ribbons
#declare DRAW_BASES_TYPE = 3; // possible values are 1, 2, 3; only relevant for DNA ribbons
#declare DRAW_FOG = 0; // set to 1 to enable fog

#include "colors.inc"

#include "transforms.inc"
background { rgb <1, 1, 1>}

#default {
   normal{
       ripples 0.25
       frequency 0.20
       turbulence 0.2
       lambda 5
   }
	finish {
		phong 0.1
		phong_size 40.
	}
}

// original window dimensions: 1024x640


// camera settings

camera {
	sky <0, 0.179814, -0.983701>
	up <0, 0.179814, -0.983701>
	right 1.6 * <1, 0, 0>
	location <25.469, 94.9851, 44.8844>
	look_at <25.469, 29.3977, 32.8955>
	direction <0, -65.5874, -11.9889>
	angle 67.0682
}


# declare cpy_camera_pos = <25.469, 94.9851, 44.8844>;
# if (DRAW_FOG = 1)
fog {
	fog_type 2
	up vnormalize(cpy_camera_pos)
	color rgbt<1,1,1,0.3>
	distance 1e-5
	fog_alt 3e-3
	fog_offset 28
}
# end


// LIGHTS

# declare lum = 6;
global_settings {
	ambient_light rgb lum * <0.05, 0.05, 0.05>
	max_trace_level 15
}# declare cpy_direct_light_amount = 0.25;
light_source
{	1000 * <-1, -1.16351, -0.803887>,
	rgb lum * cpy_direct_light_amount
	parallel
}

light_source
{	1000 * <1, 1.16351, 0.803887>,
	rgb lum * cpy_direct_light_amount
	parallel
}

// strand 0

// nucleotide -1

// particle -1
sphere {
	<4.199661, 15.035150, 14.938173> 0.250000
	pigment { color rgbt <1,0,0,0> }
	no_shadow
}
cylinder {
	<3.937611, 15.337331, 14.934120>,  <3.780381, 15.518640, 14.931688>, 0.100000
	pigment { color rgbt <1,0,0,0> }
	no_shadow
}
cylinder {
	<3.937611, 15.337331, 14.934120>,  <4.199661, 15.035150, 14.938173>, 0.100000
	pigment { color rgbt <1,0,0,0> }
	no_shadow
}

// particle -1
sphere {
	<3.937611, 15.337331, 14.934120> 0.100000
	pigment { color rgbt <1,0,0,0> }
	no_shadow
}
sphere {
	0, 1
	scale<0.080000,0.200000,0.300000>
	matrix <0.688163, 0.591128, -0.420713,
		-0.311840, -0.282591, -0.907138,
		-0.655124, 0.755453, -0.010132,
		3.741074, 15.563967, 14.931081>
	pigment { color rgbt <0,1,1,0> }
	no_shadow
}
cylinder {
	<4.247826, 15.466901, 14.248173>,  <4.199661, 15.035150, 14.938173>, 0.130000
	pigment { color rgbt <1,0,0,0> }
	no_shadow
}

// nucleotide -1

// particle -1
sphere {
	<4.247826, 15.466901, 14.248173> 0.250000
	pigment { color rgbt <1,0,0,0> }
	no_shadow
}
cylinder {
	<4.102547, 15.683784, 14.551250>,  <4.015379, 15.813915, 14.733095>, 0.100000
	pigment { color rgbt <1,0,0,0> }
	no_shadow
}
cylinder {
	<4.102547, 15.683784, 14.551250>,  <4.247826, 15.466901, 14.248173>, 0.100000
	pigment { color rgbt <1,0,0,0> }
	no_shadow
}

// particle -1
sphere {
	<4.102547, 15.683784, 14.551250> 0.100000
	pigment { color rgbt <1,0,0,0> }
	no_shadow
}
sphere {
	0, 1
	scale<0.080000,0.200000,0.300000>
	matrix <0.537975, 0.786005, -0.304595,
		-0.760704, 0.296991, -0.577170,
		-0.363197, 0.542210, 0.757692,
		3.993588, 15.846448, 14.778557>
	pigment { color rgbt <0,1,1,0> }
	no_shadow
}
cylinder {
	<3.829113, 16.033287, 14.049162>,  <4.247826, 15.466901, 14.248173>, 0.130000
	pigment { color rgbt <1,0,0,0> }
	no_shadow
}

// nucleotide -1

// particle -1
sphere {
	<3.829113, 16.033287, 14.049162> 0.250000
	pigment { color rgbt <1,0,0,0> }
	no_shadow
}
cylinder {
	<4.040058, 16.112368, 14.379689>,  <4.166625, 16.159817, 14.578006>, 0.100000
	pigment { color rgbt <1,0,0,0> }
	no_shadow
}
cylinder {
	<4.040058, 16.112368, 14.379689>,  <3.829113, 16.033287, 14.049162>, 0.100000
	pigment { color rgbt <1,0,0,0> }
	no_shadow
}

// particle -1
sphere {
	<4.040058, 16.112368, 14.379689> 0.100000
	pigment { color rgbt <1,0,0,0> }
	no_shadow
}
sphere {
	0, 1
	scale<0.080000,0.200000,0.300000>
	matrix <0.344766, 0.839090, -0.420789,
		-0.776548, 0.506795, 0.374343,
		0.527361, 0.197702, 0.826319,
		4.198266, 16.171679, 14.627585>
	pigment { color rgbt <0,1,1,0> }
	no_shadow
}
cylinder {
	<3.737984, 16.736017, 14.063530>,  <3.829113, 16.033287, 14.049162>, 0.130000
	pigment { color rgbt <1,0,0,0> }
	no_shadow
}

// nucleotide -1

// particle -1
sphere {
	<3.737984, 16.736017, 14.063530> 0.250000
	pigment { color rgbt <1,0,0,0> }
	no_shadow
}
cylinder {
	<4.068936, 16.637575, 14.265471>,  <4.267508, 16.578510, 14.386635>, 0.100000
	pigment { color rgbt <1,0,0,0> }
	no_shadow
}
cylinder {
	<4.068936, 16.637575, 14.265471>,  <3.737984, 16.736017, 14.063530>, 0.100000
	pigment { color rgbt <1,0,0,0> }
	no_shadow
}

// particle -1
sphere {
	<4.068936, 16.637575, 14.265471> 0.100000
	pigment { color rgbt <1,0,0,0> }
	no_shadow
}
sphere {
	0, 1
	scale<0.080000,0.200000,0.300000>
	matrix <0.413993, 0.874677, -0.252091,
		-0.379542, 0.417580, 0.825576,
		0.827380, -0.246104, 0.504852,
		4.317151, 16.563744, 14.416926>
	pigment { color rgbt <0,1,1,0> }
	no_shadow
}
cylinder {
	<4.012391, 17.257961, 14.507285>,  <3.737984, 16.736017, 14.063530>, 0.130000
	pigment { color rgbt <1,0,0,0> }
	no_shadow
}

// nucleotide -1

// particle -1
sphere {
	<4.012391, 17.257961, 14.507285> 0.250000
	pigment { color rgbt <1,0,0,0> }
	no_shadow
}
cylinder {
	<4.332690, 17.025826, 14.447943>,  <4.524869, 16.886543, 14.412337>, 0.100000
	pigment { color rgbt <1,0,0,0> }
	no_shadow
}
cylinder {
	<4.332690, 17.025826, 14.447943>,  <4.012391, 17.257961, 14.507285>, 0.100000
	pigment { color rgbt <1,0,0,0> }
	no_shadow
}

// particle -1
sphere {
	<4.332690, 17.025826, 14.447943> 0.100000
	pigment { color rgbt <1,0,0,0> }
	no_shadow
}
sphere {
	0, 1
	scale<0.080000,0.200000,0.300000>
	matrix <0.531561, 0.802623, -0.270627,
		0.276130, 0.137843, 0.951184,
		0.800747, -0.580341, -0.148356,
		4.572914, 16.851723, 14.403436>
	pigment { color rgbt <0,1,1,0> }
	no_shadow
}
cylinder {
	<4.560824, 17.711382, 14.613510>,  <4.012391, 17.257961, 14.507285>, 0.130000
	pigment { color rgbt <1,0,0,0> }
	no_shadow
}

// nucleotide -1

// particle -1
sphere {
	<4.560824, 17.711382, 14.613510> 0.250000
	pigment { color rgbt <1,0,0,0> }
	no_shadow
}
cylinder {
	<4.730386, 17.422560, 14.394808>,  <4.832123, 17.249266, 14.263587>, 0.100000
	pigment { color rgbt <1,0,0,0> }
	no_shadow
}
cylinder {
	<4.730386, 17.422560, 14.394808>,  <4.560824, 17.711382, 14.613510>, 0.100000
	pigment { color rgbt <1,0,0,0> }
	no_shadow
}

// particle -1
sphere {
	<4.730386, 17.422560, 14.394808> 0.100000
	pigment { color rgbt <1,0,0,0> }
	no_shadow
}
sphere {
	0, 1
	scale<0.080000,0.200000,0.300000>
	matrix <0.497162, 0.690106, -0.525913,
		0.757057, -0.048888, 0.651518,
		0.423905, -0.722055, -0.546755,
		4.857558, 17.205944, 14.230782>
	pigment { color rgbt <0,1,1,0> }
	no_shadow
}
cylinder {
	<5.346012, 17.865961, 14.440252>,  <4.560824, 17.711382, 14.613510>, 0.130000
	pigment { color rgbt <1,0,0,0> }
	no_shadow
}

// nucleotide -1

// particle -1
sphere {
	<5.346012, 17.865961, 14.440252> 0.250000
	pigment { color rgbt <1,0,0,0> }
	no_shadow
}
cylinder {
	<5.273243, 17.592283, 14.157755>,  <5.229582, 17.428076, 13.988256>, 0.100000
	pigment { color rgbt <1,0,0,0> }
	no_shadow
}
cylinder {
	<5.273243, 17.592283, 14.157755>,  <5.346012, 17.865961, 14.440252>, 0.100000
	pigment { color rgbt <1,0,0,0> }
	no_shadow
}

// particle -1
sphere {
	<5.273243, 17.592283, 14.157755> 0.100000
	pigment { color rgbt <1,0,0,0> }
	no_shadow
}
sphere {
	0, 1
	scale<0.080000,0.200000,0.300000>
	matrix <0.500659, 0.553711, -0.665391,
		0.846313, -0.474636, 0.241817,
		-0.181922, -0.684197, -0.706243,
		5.218667, 17.387024, 13.945882>
	pigment { color rgbt <0,1,1,0> }
	no_shadow
}
cylinder {
	<5.917034, 17.831289, 14.109509>,  <5.346012, 17.865961, 14.440252>, 0.130000
	pigment { color rgbt <1,0,0,0> }
	no_shadow
}

// nucleotide -1

// particle -1
sphere {
	<5.917034, 17.831289, 14.109509> 0.250000
	pigment { color rgbt <1,0,0,0> }
	no_shadow
}
cylinder {
	<5.649570, 17.678713, 13.854198>,  <5.489092, 17.587168, 13.701011>, 0.100000
	pigment { color rgbt <1,0,0,0> }
	no_shadow
}
cylinder {
	<5.649570, 17.678713, 13.854198>,  <5.917034, 17.831289, 14.109509>, 0.100000
	pigment { color rgbt <1,0,0,0> }
	no_shadow
}

// particle -1
sphere {
	<5.649570, 17.678713, 13.854198> 0.100000
	pigment { color rgbt <1,0,0,0> }
	no_shadow
}
sphere {
	0, 1
	scale<0.080000,0.200000,0.300000>
	matrix <0.469783, 0.448659, -0.760269,
		0.576368, -0.808212, -0.120804,
		-0.668658, -0.381443, -0.638277,
		5.448972, 17.564280, 13.662714>
	pigment { color rgbt <0,1,1,0> }
	no_shadow
}
cylinder {
	<6.210064, 17.360842, 13.521459>,  <5.917034, 17.831289, 14.109509>, 0.130000
	pigment { color rgbt <1,0,0,0> }
	no_shadow
}

// nucleotide -1

// particle -1
sphere {
	<6.210064, 17.360842, 13.521459> 0.250000
	pigment { color rgbt <1,0,0,0> }
	no_shadow
}
cylinder {
	<5.861942, 17.524687, 13.412070>,  <5.653069, 17.622993, 13.346437>, 0.100000
	pigment { color rgbt <1,0,0,0> }
	no_shadow
}
cylinder {
	<5.861942, 17.524687, 13.412070>,  <6.210064, 17.360842, 13.521459>, 0.100000
	pigment { color rgbt <1,0,0,0> }
	no_shadow
}

// particle -1
sphere {
	<5.861942, 17.524687, 13.412070> 0.100000
	pigment { color rgbt <1,0,0,0> }
	no_shadow
}
sphere {
	0, 1
	scale<0.080000,0.200000,0.300000>
	matrix <0.467257, 0.511176, -0.721367,
		-0.155689, -0.755590, -0.636274,
		-0.870306, 0.409612, -0.273470,
		5.600851, 17.647570, 13.330029>
	pigment { color rgbt <0,1,1,0> }
	no_shadow
}
cylinder {
	<6.387079, 17.648098, 12.878413>,  <6.210064, 17.360842, 13.521459>, 0.130000
	pigment { color rgbt <1,0,0,0> }
	no_shadow
}

// nucleotide -1

// particle -1
sphere {
	<6.387079, 17.648098, 12.878413> 0.250000
	pigment { color rgbt <1,0,0,0> }
	no_shadow
}
cylinder {
	<6.019967, 17.800976, 12.921510>,  <5.799700, 17.892702, 12.947368>, 0.100000
	pigment { color rgbt <1,0,0,0> }
	no_shadow
}
cylinder {
	<6.019967, 17.800976, 12.921510>,  <6.387079, 17.648098, 12.878413>, 0.100000
	pigment { color rgbt <1,0,0,0> }
	no_shadow
}

// particle -1
sphere {
	<6.019967, 17.800976, 12.921510> 0.100000
	pigment { color rgbt <1,0,0,0> }
	no_shadow
}
sphere {
	0, 1
	scale<0.080000,0.200000,0.300000>
	matrix <0.216159, 0.708467, -0.671826,
		-0.333098, -0.593299, -0.732831,
		-0.917780, 0.382192, 0.107742,
		5.744633, 17.915634, 12.953833>
	pigment { color rgbt <0,1,1,0> }
	no_shadow
}
cylinder {
	<6.102598, 17.686655, 12.206894>,  <6.387079, 17.648098, 12.878413>, 0.130000
	pigment { color rgbt <1,0,0,0> }
	no_shadow
}

// nucleotide -1

// particle -1
sphere {
	<6.102598, 17.686655, 12.206894> 0.250000
	pigment { color rgbt <1,0,0,0> }
	no_shadow
}
cylinder {
	<5.937542, 17.958633, 12.449348>,  <5.838509, 18.121820, 12.594821>, 0.100000
	pigment { color rgbt <1,0,0,0> }
	no_shadow
}
cylinder {
	<5.937542, 17.958633, 12.449348>,  <6.102598, 17.686655, 12.206894>, 0.100000
	pigment { color rgbt <1,0,0,0> }
	no_shadow
}

// particle -1
sphere {
	<5.937542, 17.958633, 12.449348> 0.100000
	pigment { color rgbt <1,0,0,0> }
	no_shadow
}
sphere {
	0, 1
	scale<0.080000,0.200000,0.300000>
	matrix <0.295437, 0.729360, -0.617051,
		-0.861653, -0.075544, -0.501843,
		-0.412639, 0.679947, 0.606137,
		5.813750, 18.162617, 12.631189>
	pigment { color rgbt <0,1,1,0> }
	no_shadow
}
cylinder {
	<5.812613, 18.144783, 11.735231>,  <6.102598, 17.686655, 12.206894>, 0.130000
	pigment { color rgbt <1,0,0,0> }
	no_shadow
}

// nucleotide -1

// particle -1
sphere {
	<5.812613, 18.144783, 11.735231> 0.250000
	pigment { color rgbt <1,0,0,0> }
	no_shadow
}
cylinder {
	<5.781678, 18.366978, 12.066400>,  <5.763117, 18.500296, 12.265100>, 0.100000
	pigment { color rgbt <1,0,0,0> }
	no_shadow
}
cylinder {
	<5.781678, 18.366978, 12.066400>,  <5.812613, 18.144783, 11.735231>, 0.100000
	pigment { color rgbt <1,0,0,0> }
	no_shadow
}

// particle -1
sphere {
	<5.781678, 18.366978, 12.066400> 0.100000
	pigment { color rgbt <1,0,0,0> }
	no_shadow
}
sphere {
	0, 1
	scale<0.080000,0.200000,0.300000>
	matrix <0.140954, 0.828158, -0.542482,
		-0.986991, 0.074744, -0.142346,
		-0.077338, 0.555489, 0.827920,
		5.758476, 18.533625, 12.314775>
	pigment { color rgbt <0,1,1,0> }
	no_shadow
}
cylinder {
	<5.606156, 18.734083, 11.381758>,  <5.812613, 18.144783, 11.735231>, 0.130000
	pigment { color rgbt <1,0,0,0> }
	no_shadow
}

// nucleotide -1

// particle -1
sphere {
	<5.606156, 18.734083, 11.381758> 0.250000
	pigment { color rgbt <1,0,0,0> }
	no_shadow
}
cylinder {
	<5.688799, 18.830786, 11.760992>,  <5.738385, 18.888807, 11.988533>, 0.100000
	pigment { color rgbt <1,0,0,0> }
	no_shadow
}
cylinder {
	<5.688799, 18.830786, 11.760992>,  <5.606156, 18.734083, 11.381758>, 0.100000
	pigment { color rgbt <1,0,0,0> }
	no_shadow
}

// particle -1
sphere {
	<5.688799, 18.830786, 11.760992> 0.100000
	pigment { color rgbt <1,0,0,0> }
	no_shadow
}
sphere {
	0, 1
	scale<0.080000,0.200000,0.300000>
	matrix <0.060624, 0.963969, -0.259016,
		-0.976544, 0.110992, 0.184506,
		0.206607, 0.241754, 0.948087,
		5.750781, 18.903313, 12.045418>
	pigment { color rgbt <0,1,1,0> }
	no_shadow
}
cylinder {
	<5.050307, 19.233917, 11.562803>,  <5.606156, 18.734083, 11.381758>, 0.130000
	pigment { color rgbt <1,0,0,0> }
	no_shadow
}

// nucleotide -1

// particle -1
sphere {
	<5.050307, 19.233917, 11.562803> 0.250000
	pigment { color rgbt <1,0,0,0> }
	no_shadow
}
cylinder {
	<5.389802, 19.276041, 11.770092>,  <5.593500, 19.301315, 11.894465>, 0.100000
	pigment { color rgbt <1,0,0,0> }
	no_shadow
}
cylinder {
	<5.389802, 19.276041, 11.770092>,  <5.050307, 19.233917, 11.562803>, 0.100000
	pigment { color rgbt <1,0,0,0> }
	no_shadow
}

// particle -1
sphere {
	<5.389802, 19.276041, 11.770092> 0.100000
	pigment { color rgbt <1,0,0,0> }
	no_shadow
}
sphere {
	0, 1
	scale<0.080000,0.200000,0.300000>
	matrix <0.126498, 0.911088, -0.392323,
		-0.513460, 0.398534, 0.759953,
		0.848738, 0.105310, 0.518221,
		5.644424, 19.307634, 11.925558>
	pigment { color rgbt <0,1,1,0> }
	no_shadow
}
cylinder {
	<5.103000, 19.877619, 11.726997>,  <5.050307, 19.233917, 11.562803>, 0.130000
	pigment { color rgbt <1,0,0,0> }
	no_shadow
}

// nucleotide -1

// particle -1
sphere {
	<5.103000, 19.877619, 11.726997> 0.250000
	pigment { color rgbt <1,0,0,0> }
	no_shadow
}
cylinder {
	<5.486632, 19.774786, 11.774453>,  <5.716812, 19.713087, 11.802927>, 0.100000
	pigment { color rgbt <1,0,0,0> }
	no_shadow
}
cylinder {
	<5.486632, 19.774786, 11.774453>,  <5.103000, 19.877619, 11.726997>, 0.100000
	pigment { color rgbt <1,0,0,0> }
	no_shadow
}

// particle -1
sphere {
	<5.486632, 19.774786, 11.774453> 0.100000
	pigment { color rgbt <1,0,0,0> }
	no_shadow
}
sphere {
	0, 1
	scale<0.080000,0.200000,0.300000>
	matrix <0.281102, 0.914686, -0.290397,
		-0.033863, 0.311864, 0.949523,
		0.959080, -0.257080, 0.118639,
		5.774356, 19.697662, 11.810045>
	pigment { color rgbt <0,1,1,0> }
	no_shadow
}
cylinder {
	<5.286062, 20.409828, 12.012205>,  <5.103000, 19.877619, 11.726997>, 0.130000
	pigment { color rgbt <1,0,0,0> }
	no_shadow
}

// nucleotide -1

// particle -1
sphere {
	<5.286062, 20.409828, 12.012205> 0.250000
	pigment { color rgbt <1,0,0,0> }
	no_shadow
}
cylinder {
	<5.624453, 20.233633, 11.892010>,  <5.827487, 20.127916, 11.819893>, 0.100000
	pigment { color rgbt <1,0,0,0> }
	no_shadow
}
cylinder {
	<5.624453, 20.233633, 11.892010>,  <5.286062, 20.409828, 12.012205>, 0.100000
	pigment { color rgbt <1,0,0,0> }
	no_shadow
}

// particle -1
sphere {
	<5.624453, 20.233633, 11.892010> 0.100000
	pigment { color rgbt <1,0,0,0> }
	no_shadow
}
sphere {
	0, 1
	scale<0.080000,0.200000,0.300000>
	matrix <0.322877, 0.871650, -0.368751,
		0.424351, 0.214934, 0.879619,
		0.845977, -0.440489, -0.300488,
		5.878246, 20.101486, 11.801864>
	pigment { color rgbt <0,1,1,0> }
	no_shadow
}
cylinder {
	<5.782434, 20.867458, 12.216795>,  <5.286062, 20.409828, 12.012205>, 0.130000
	pigment { color rgbt <1,0,0,0> }
	no_shadow
}

// nucleotide -1

// particle -1
sphere {
	<5.782434, 20.867458, 12.216795> 0.250000
	pigment { color rgbt <1,0,0,0> }
	no_shadow
}
cylinder {
	<5.944574, 20.655870, 11.918565>,  <6.041858, 20.528917, 11.739626>, 0.100000
	pigment { color rgbt <1,0,0,0> }
	no_shadow
}
cylinder {
	<5.944574, 20.655870, 11.918565>,  <5.782434, 20.867458, 12.216795>, 0.100000
	pigment { color rgbt <1,0,0,0> }
	no_shadow
}

// particle -1
sphere {
	<5.944574, 20.655870, 11.918565> 0.100000
	pigment { color rgbt <1,0,0,0> }
	no_shadow
}
sphere {
	0, 1
	scale<0.080000,0.200000,0.300000>
	matrix <0.313259, 0.846579, -0.430316,
		0.858813, -0.059130, 0.508865,
		0.405350, -0.528968, -0.745577,
		6.066179, 20.497181, 11.694892>
	pigment { color rgbt <0,1,1,0> }
	no_shadow
}
cylinder {
	<6.467153, 21.111877, 12.116854>,  <5.782434, 20.867458, 12.216795>, 0.130000
	pigment { color rgbt <1,0,0,0> }
	no_shadow
}

// nucleotide -1

// particle -1
sphere {
	<6.467153, 21.111877, 12.116854> 0.250000
	pigment { color rgbt <1,0,0,0> }
	no_shadow
}
cylinder {
	<6.347355, 20.931652, 11.780450>,  <6.275477, 20.823517, 11.578608>, 0.100000
	pigment { color rgbt <1,0,0,0> }
	no_shadow
}
cylinder {
	<6.347355, 20.931652, 11.780450>,  <6.467153, 21.111877, 12.116854>, 0.100000
	pigment { color rgbt <1,0,0,0> }
	no_shadow
}

// particle -1
sphere {
	<6.347355, 20.931652, 11.780450> 0.100000
	pigment { color rgbt <1,0,0,0> }
	no_shadow
}
sphere {
	0, 1
	scale<0.080000,0.200000,0.300000>
	matrix <0.090982, 0.863966, -0.495263,
		0.949751, -0.224844, -0.217758,
		-0.299493, -0.450565, -0.841009,
		6.257507, 20.796482, 11.528148>
	pigment { color rgbt <0,1,1,0> }
	no_shadow
}
cylinder {
	<6.921047, 21.372248, 11.640310>,  <6.467153, 21.111877, 12.116854>, 0.130000
	pigment { color rgbt <1,0,0,0> }
	no_shadow
}

// nucleotide -1

// particle -1
sphere {
	<6.921047, 21.372248, 11.640310> 0.250000
	pigment { color rgbt <1,0,0,0> }
	no_shadow
}
cylinder {
	<6.622955, 21.254669, 11.400901>,  <6.444100, 21.184122, 11.257256>, 0.100000
	pigment { color rgbt <1,0,0,0> }
	no_shadow
}
cylinder {
	<6.622955, 21.254669, 11.400901>,  <6.921047, 21.372248, 11.640310>, 0.100000
	pigment { color rgbt <1,0,0,0> }
	no_shadow
}

// particle -1
sphere {
	<6.622955, 21.254669, 11.400901> 0.100000
	pigment { color rgbt <1,0,0,0> }
	no_shadow
}
sphere {
	0, 1
	scale<0.080000,0.200000,0.300000>
	matrix <-0.111385, 0.939857, -0.322896,
		0.657440, -0.173965, -0.733150,
		-0.745229, -0.293947, -0.598523,
		6.399387, 21.166485, 11.221344>
	pigment { color rgbt <0,1,1,0> }
	no_shadow
}
cylinder {
	<6.999520, 21.797615, 11.093362>,  <6.921047, 21.372248, 11.640310>, 0.130000
	pigment { color rgbt <1,0,0,0> }
	no_shadow
}

// nucleotide -1

// particle -1
sphere {
	<6.999520, 21.797615, 11.093362> 0.250000
	pigment { color rgbt <1,0,0,0> }
	no_shadow
}
cylinder {
	<6.627166, 21.662615, 11.037439>,  <6.403754, 21.581615, 11.003886>, 0.100000
	pigment { color rgbt <1,0,0,0> }
	no_shadow
}
cylinder {
	<6.627166, 21.662615, 11.037439>,  <6.999520, 21.797615, 11.093362>, 0.100000
	pigment { color rgbt <1,0,0,0> }
	no_shadow
}

// particle -1
sphere {
	<6.627166, 21.662615, 11.037439> 0.100000
	pigment { color rgbt <1,0,0,0> }
	no_shadow
}
sphere {
	0, 1
	scale<0.080000,0.200000,0.300000>
	matrix <-0.256469, 0.876312, -0.407800,
		0.260146, -0.343759, -0.902305,
		-0.930885, -0.337501, -0.139805,
		6.347900, 21.561365, 10.995498>
	pigment { color rgbt <0,1,1,0> }
	no_shadow
}
cylinder {
	<6.756339, 21.865313, 10.359965>,  <6.999520, 21.797615, 11.093362>, 0.130000
	pigment { color rgbt <1,0,0,0> }
	no_shadow
}

// nucleotide -1

// particle -1
sphere {
	<6.756339, 21.865313, 10.359965> 0.250000
	pigment { color rgbt <1,0,0,0> }
	no_shadow
}
cylinder {
	<6.414123, 21.867138, 10.567052>,  <6.208793, 21.868233, 10.691303>, 0.100000
	pigment { color rgbt <1,0,0,0> }
	no_shadow
}
cylinder {
	<6.414123, 21.867138, 10.567052>,  <6.756339, 21.865313, 10.359965>, 0.100000
	pigment { color rgbt <1,0,0,0> }
	no_shadow
}

// particle -1
sphere {
	<6.414123, 21.867138, 10.567052> 0.100000
	pigment { color rgbt <1,0,0,0> }
	no_shadow
}
sphere {
	0, 1
	scale<0.080000,0.200000,0.300000>
	matrix <-0.308979, 0.797866, -0.517632,
		-0.415430, -0.602818, -0.681196,
		-0.855540, 0.004565, 0.517716,
		6.157461, 21.868507, 10.722366>
	pigment { color rgbt <0,1,1,0> }
	no_shadow
}
cylinder {
	<6.278239, 22.121990, 9.813332>,  <6.756339, 21.865313, 10.359965>, 0.130000
	pigment { color rgbt <1,0,0,0> }
	no_shadow
}

// nucleotide -1

// particle -1
sphere {
	<6.278239, 22.121990, 9.813332> 0.250000
	pigment { color rgbt <1,0,0,0> }
	no_shadow
}
cylinder {
	<6.124135, 22.139450, 10.182041>,  <6.031672, 22.149925, 10.403267>, 0.100000
	pigment { color rgbt <1,0,0,0> }
	no_shadow
}
cylinder {
	<6.124135, 22.139450, 10.182041>,  <6.278239, 22.121990, 9.813332>, 0.100000
	pigment { color rgbt <1,0,0,0> }
	no_shadow
}

// particle -1
sphere {
	<6.124135, 22.139450, 10.182041> 0.100000
	pigment { color rgbt <1,0,0,0> }
	no_shadow
}
sphere {
	0, 1
	scale<0.080000,0.200000,0.300000>
	matrix <-0.256118, 0.954580, -0.152249,
		-0.886553, -0.294739, -0.356584,
		-0.385262, 0.043649, 0.921775,
		6.008556, 22.152544, 10.458573>
	pigment { color rgbt <0,1,1,0> }
	no_shadow
}
cylinder {
	<5.712135, 22.588888, 9.828313>,  <6.278239, 22.121990, 9.813332>, 0.130000
	pigment { color rgbt <1,0,0,0> }
	no_shadow
}

// nucleotide -1

// particle -1
sphere {
	<5.712135, 22.588888, 9.828313> 0.250000
	pigment { color rgbt <1,0,0,0> }
	no_shadow
}
cylinder {
	<5.743657, 22.558952, 10.225944>,  <5.762570, 22.540991, 10.464522>, 0.100000
	pigment { color rgbt <1,0,0,0> }
	no_shadow
}
cylinder {
	<5.743657, 22.558952, 10.225944>,  <5.712135, 22.588888, 9.828313>, 0.100000
	pigment { color rgbt <1,0,0,0> }
	no_shadow
}

// particle -1
sphere {
	<5.743657, 22.558952, 10.225944> 0.100000
	pigment { color rgbt <1,0,0,0> }
	no_shadow
}
sphere {
	0, 1
	scale<0.080000,0.200000,0.300000>
	matrix <-0.399644, 0.911169, 0.100278,
		-0.913277, -0.405179, 0.041896,
		0.078805, -0.074839, 0.994077,
		5.767298, 22.536501, 10.524167>
	pigment { color rgbt <0,1,1,0> }
	no_shadow
}
cylinder {
	<5.082729, 22.811209, 10.163022>,  <5.712135, 22.588888, 9.828313>, 0.130000
	pigment { color rgbt <1,0,0,0> }
	no_shadow
}

// nucleotide -1

// particle -1
sphere {
	<5.082729, 22.811209, 10.163022> 0.250000
	pigment { color rgbt <1,0,0,0> }
	no_shadow
}
cylinder {
	<5.403323, 22.873888, 10.393870>,  <5.595679, 22.911495, 10.532379>, 0.100000
	pigment { color rgbt <1,0,0,0> }
	no_shadow
}
cylinder {
	<5.403323, 22.873888, 10.393870>,  <5.082729, 22.811209, 10.163022>, 0.100000
	pigment { color rgbt <1,0,0,0> }
	no_shadow
}

// particle -1
sphere {
	<5.403323, 22.873888, 10.393870> 0.100000
	pigment { color rgbt <1,0,0,0> }
	no_shadow
}
sphere {
	0, 1
	scale<0.080000,0.200000,0.300000>
	matrix <-0.268168, 0.956764, 0.112647,
		-0.534517, -0.245050, 0.808853,
		0.801485, 0.156697, 0.577121,
		5.643768, 22.920897, 10.567006>
	pigment { color rgbt <0,1,1,0> }
	no_shadow
}
cylinder {
	<4.776553, 23.215853, 10.726518>,  <5.082729, 22.811209, 10.163022>, 0.130000
	pigment { color rgbt <1,0,0,0> }
	no_shadow
}

// nucleotide -1

// particle -1
sphere {
	<4.776553, 23.215853, 10.726518> 0.250000
	pigment { color rgbt <1,0,0,0> }
	no_shadow
}
cylinder {
	<5.174948, 23.248116, 10.742031>,  <5.413985, 23.267473, 10.751339>, 0.100000
	pigment { color rgbt <1,0,0,0> }
	no_shadow
}
cylinder {
	<5.174948, 23.248116, 10.742031>,  <4.776553, 23.215853, 10.726518>, 0.100000
	pigment { color rgbt <1,0,0,0> }
	no_shadow
}

// particle -1
sphere {
	<5.174948, 23.248116, 10.742031> 0.100000
	pigment { color rgbt <1,0,0,0> }
	no_shadow
}
sphere {
	0, 1
	scale<0.080000,0.200000,0.300000>
	matrix <-0.083365, 0.993751, 0.074221,
		-0.032555, -0.077157, 0.996487,
		0.995987, 0.080656, 0.038783,
		5.473744, 23.272312, 10.753666>
	pigment { color rgbt <0,1,1,0> }
	no_shadow
}
cylinder {
	<4.949280, 23.748003, 11.139425>,  <4.776553, 23.215853, 10.726518>, 0.130000
	pigment { color rgbt <1,0,0,0> }
	no_shadow
}

// nucleotide -1

// particle -1
sphere {
	<4.949280, 23.748003, 11.139425> 0.250000
	pigment { color rgbt <1,0,0,0> }
	no_shadow
}
cylinder {
	<5.259526, 23.700516, 10.891448>,  <5.445673, 23.672024, 10.742661>, 0.100000
	pigment { color rgbt <1,0,0,0> }
	no_shadow
}
cylinder {
	<5.259526, 23.700516, 10.891448>,  <4.949280, 23.748003, 11.139425>, 0.100000
	pigment { color rgbt <1,0,0,0> }
	no_shadow
}

// particle -1
sphere {
	<5.259526, 23.700516, 10.891448> 0.100000
	pigment { color rgbt <1,0,0,0> }
	no_shadow
}
sphere {
	0, 1
	scale<0.080000,0.200000,0.300000>
	matrix <0.035054, 0.988739, -0.145487,
		0.630233, 0.091110, 0.771041,
		0.775614, -0.118719, -0.619942,
		5.492210, 23.664900, 10.705465>
	pigment { color rgbt <0,1,1,0> }
	no_shadow
}
cylinder {
	<5.455703, 24.187473, 11.362867>,  <4.949280, 23.748003, 11.139425>, 0.130000
	pigment { color rgbt <1,0,0,0> }
	no_shadow
}

// nucleotide -1

// particle -1
sphere {
	<5.455703, 24.187473, 11.362867> 0.250000
	pigment { color rgbt <1,0,0,0> }
	no_shadow
}
cylinder {
	<5.518828, 24.138474, 10.970931>,  <5.556704, 24.109074, 10.735769>, 0.100000
	pigment { color rgbt <1,0,0,0> }
	no_shadow
}
cylinder {
	<5.518828, 24.138474, 10.970931>,  <5.455703, 24.187473, 11.362867>, 0.100000
	pigment { color rgbt <1,0,0,0> }
	no_shadow
}

// particle -1
sphere {
	<5.518828, 24.138474, 10.970931> 0.100000
	pigment { color rgbt <1,0,0,0> }
	no_shadow
}
sphere {
	0, 1
	scale<0.080000,0.200000,0.300000>
	matrix <0.045104, 0.992134, -0.116771,
		0.986438, -0.025767, 0.162098,
		0.157814, -0.122498, -0.979841,
		5.566173, 24.101725, 10.676979>
	pigment { color rgbt <0,1,1,0> }
	no_shadow
}
cylinder {
	<5.904350, 24.640068, 11.163834>,  <5.455703, 24.187473, 11.362867>, 0.130000
	pigment { color rgbt <1,0,0,0> }
	no_shadow
}

// nucleotide -1

// particle -1
sphere {
	<5.904350, 24.640068, 11.163834> 0.250000
	pigment { color rgbt <1,0,0,0> }
	no_shadow
}
cylinder {
	<5.697669, 24.566914, 10.829272>,  <5.573659, 24.523020, 10.628535>, 0.100000
	pigment { color rgbt <1,0,0,0> }
	no_shadow
}
cylinder {
	<5.697669, 24.566914, 10.829272>,  <5.904350, 24.640068, 11.163834>, 0.100000
	pigment { color rgbt <1,0,0,0> }
	no_shadow
}

// particle -1
sphere {
	<5.697669, 24.566914, 10.829272> 0.100000
	pigment { color rgbt <1,0,0,0> }
	no_shadow
}
sphere {
	0, 1
	scale<0.080000,0.200000,0.300000>
	matrix <-0.035316, 0.980640, -0.192610,
		0.855436, -0.069984, -0.513159,
		-0.516704, -0.182888, -0.836403,
		5.542657, 24.512047, 10.578352>
	pigment { color rgbt <0,1,1,0> }
	no_shadow
}
cylinder {
	<6.007273, 24.997063, 11.801479>,  <5.904350, 24.640068, 11.163834>, 0.130000
	pigment { color rgbt <1,0,0,0> }
	no_shadow
}

// nucleotide -1

// particle -1
sphere {
	<6.007273, 24.997063, 11.801479> 0.250000
	pigment { color rgbt <1,0,0,0> }
	no_shadow
}
cylinder {
	<6.405323, 25.033081, 11.817574>,  <6.644153, 25.054691, 11.827230>, 0.100000
	pigment { color rgbt <1,0,0,0> }
	no_shadow
}
cylinder {
	<6.405323, 25.033081, 11.817574>,  <6.007273, 24.997063, 11.801479>, 0.100000
	pigment { color rgbt <1,0,0,0> }
	no_shadow
}

// particle -1
sphere {
	<6.405323, 25.033081, 11.817574> 0.100000
	pigment { color rgbt <1,0,0,0> }
	no_shadow
}
sphere {
	0, 1
	scale<0.080000,0.200000,0.300000>
	matrix <-0.068759, 0.340935, 0.937569,
		0.070705, -0.935765, 0.345464,
		0.995124, 0.090045, 0.040236,
		6.703860, 25.060095, 11.829644>
	pigment { color rgbt <0,1,1,0> }
	no_shadow
}
cylinder {
	<6.294658, 24.783562, 12.484203>,  <6.007273, 24.997063, 11.801479>, 0.130000
	pigment { color rgbt <1,0,0,0> }
	no_shadow
}

// nucleotide -1

// particle -1
sphere {
	<6.294658, 24.783562, 12.484203> 0.250000
	pigment { color rgbt <1,0,0,0> }
	no_shadow
}
cylinder {
	<6.557330, 25.045324, 12.334258>,  <6.714933, 25.202383, 12.244291>, 0.100000
	pigment { color rgbt <1,0,0,0> }
	no_shadow
}
cylinder {
	<6.557330, 25.045324, 12.334258>,  <6.294658, 24.783562, 12.484203>, 0.100000
	pigment { color rgbt <1,0,0,0> }
	no_shadow
}

// particle -1
sphere {
	<6.557330, 25.045324, 12.334258> 0.100000
	pigment { color rgbt <1,0,0,0> }
	no_shadow
}
sphere {
	0, 1
	scale<0.080000,0.200000,0.300000>
	matrix <0.054227, 0.454796, 0.888943,
		0.752218, -0.604078, 0.263168,
		0.656679, 0.654408, -0.374863,
		6.754333, 25.241646, 12.221799>
	pigment { color rgbt <0,1,1,0> }
	no_shadow
}
cylinder {
	<6.687501, 24.935900, 13.036016>,  <6.294658, 24.783562, 12.484203>, 0.130000
	pigment { color rgbt <1,0,0,0> }
	no_shadow
}

// nucleotide -1

// particle -1
sphere {
	<6.687501, 24.935900, 13.036016> 0.250000
	pigment { color rgbt <1,0,0,0> }
	no_shadow
}
cylinder {
	<6.759111, 25.232286, 12.777120>,  <6.802077, 25.410118, 12.621782>, 0.100000
	pigment { color rgbt <1,0,0,0> }
	no_shadow
}
cylinder {
	<6.759111, 25.232286, 12.777120>,  <6.687501, 24.935900, 13.036016>, 0.100000
	pigment { color rgbt <1,0,0,0> }
	no_shadow
}

// particle -1
sphere {
	<6.759111, 25.232286, 12.777120> 0.100000
	pigment { color rgbt <1,0,0,0> }
	no_shadow
}
sphere {
	0, 1
	scale<0.080000,0.200000,0.300000>
	matrix <0.069398, 0.646719, 0.759564,
		0.981394, -0.180897, 0.064357,
		0.179024, 0.740966, -0.647241,
		6.812819, 25.454576, 12.582948>
	pigment { color rgbt <0,1,1,0> }
	no_shadow
}
cylinder {
	<6.627828, 24.394918, 13.496688>,  <6.687501, 24.935900, 13.036016>, 0.130000
	pigment { color rgbt <1,0,0,0> }
	no_shadow
}

// nucleotide -1

// particle -1
sphere {
	<6.627828, 24.394918, 13.496688> 0.250000
	pigment { color rgbt <1,0,0,0> }
	no_shadow
}
cylinder {
	<6.473321, 24.133934, 13.235891>,  <6.380617, 23.977343, 13.079413>, 0.100000
	pigment { color rgbt <1,0,0,0> }
	no_shadow
}
cylinder {
	<6.473321, 24.133934, 13.235891>,  <6.627828, 24.394918, 13.496688>, 0.100000
	pigment { color rgbt <1,0,0,0> }
	no_shadow
}

// particle -1
sphere {
	<6.473321, 24.133934, 13.235891> 0.100000
	pigment { color rgbt <1,0,0,0> }
	no_shadow
}
sphere {
	0, 1
	scale<0.080000,0.200000,0.300000>
	matrix <0.437974, 0.492349, -0.752177,
		0.811774, -0.576097, 0.095583,
		-0.386267, -0.652461, -0.651991,
		6.357441, 23.938196, 13.040294>
	pigment { color rgbt <0,1,1,0> }
	no_shadow
}
cylinder {
	<6.059681, 23.952454, 13.646134>,  <6.627828, 24.394918, 13.496688>, 0.130000
	pigment { color rgbt <1,0,0,0> }
	no_shadow
}

// nucleotide -1

// particle -1
sphere {
	<6.059681, 23.952454, 13.646134> 0.250000
	pigment { color rgbt <1,0,0,0> }
	no_shadow
}
cylinder {
	<6.076431, 24.161608, 13.986684>,  <6.086481, 24.287100, 14.191013>, 0.100000
	pigment { color rgbt <1,0,0,0> }
	no_shadow
}
cylinder {
	<6.076431, 24.161608, 13.986684>,  <6.059681, 23.952454, 13.646134>, 0.100000
	pigment { color rgbt <1,0,0,0> }
	no_shadow
}

// particle -1
sphere {
	<6.076431, 24.161608, 13.986684> 0.100000
	pigment { color rgbt <1,0,0,0> }
	no_shadow
}
sphere {
	0, 1
	scale<0.080000,0.200000,0.300000>
	matrix <0.188565, -0.840943, 0.507206,
		0.981168, 0.139300, -0.133812,
		0.041874, 0.522886, 0.851373,
		6.088993, 24.318474, 14.242096>
	pigment { color rgbt <0,1,1,0> }
	no_shadow
}
cylinder {
	<6.598824, 23.917814, 14.050074>,  <6.059681, 23.952454, 13.646134>, 0.130000
	pigment { color rgbt <1,0,0,0> }
	no_shadow
}

// nucleotide -1

// particle -1
sphere {
	<6.598824, 23.917814, 14.050074> 0.250000
	pigment { color rgbt <1,0,0,0> }
	no_shadow
}
cylinder {
	<6.359248, 24.038149, 14.346930>,  <6.215503, 24.110350, 14.525043>, 0.100000
	pigment { color rgbt <1,0,0,0> }
	no_shadow
}
cylinder {
	<6.359248, 24.038149, 14.346930>,  <6.598824, 23.917814, 14.050074>, 0.100000
	pigment { color rgbt <1,0,0,0> }
	no_shadow
}

// particle -1
sphere {
	<6.359248, 24.038149, 14.346930> 0.100000
	pigment { color rgbt <1,0,0,0> }
	no_shadow
}
sphere {
	0, 1
	scale<0.080000,0.200000,0.300000>
	matrix <0.215082, -0.832268, 0.510949,
		0.771371, 0.465648, 0.433773,
		-0.598938, 0.300835, 0.742140,
		6.179567, 24.128399, 14.569571>
	pigment { color rgbt <0,1,1,0> }
	no_shadow
}
cylinder {
	<7.039629, 23.865150, 14.651816>,  <6.598824, 23.917814, 14.050074>, 0.130000
	pigment { color rgbt <1,0,0,0> }
	no_shadow
}

// nucleotide -1

// particle -1
sphere {
	<7.039629, 23.865150, 14.651816> 0.250000
	pigment { color rgbt <1,0,0,0> }
	no_shadow
}
cylinder {
	<6.652092, 23.802448, 14.728519>,  <6.419570, 23.764828, 14.774541>, 0.100000
	pigment { color rgbt <1,0,0,0> }
	no_shadow
}
cylinder {
	<6.652092, 23.802448, 14.728519>,  <7.039629, 23.865150, 14.651816>, 0.100000
	pigment { color rgbt <1,0,0,0> }
	no_shadow
}

// particle -1
sphere {
	<6.652092, 23.802448, 14.728519> 0.100000
	pigment { color rgbt <1,0,0,0> }
	no_shadow
}
sphere {
	0, 1
	scale<0.080000,0.200000,0.300000>
	matrix <0.226225, -0.875256, 0.427493,
		0.100825, 0.457554, 0.883447,
		-0.968843, -0.156756, 0.191758,
		6.361440, 23.755421, 14.786047>
	pigment { color rgbt <0,1,1,0> }
	no_shadow
}
cylinder {
	<7.197974, 23.431519, 15.211327>,  <7.039629, 23.865150, 14.651816>, 0.130000
	pigment { color rgbt <1,0,0,0> }
	no_shadow
}

// nucleotide -1

// particle -1
sphere {
	<7.197974, 23.431519, 15.211327> 0.250000
	pigment { color rgbt <1,0,0,0> }
	no_shadow
}
cylinder {
	<6.806786, 23.424858, 15.128098>,  <6.572072, 23.420862, 15.078161>, 0.100000
	pigment { color rgbt <1,0,0,0> }
	no_shadow
}
cylinder {
	<6.806786, 23.424858, 15.128098>,  <7.197974, 23.431519, 15.211327>, 0.100000
	pigment { color rgbt <1,0,0,0> }
	no_shadow
}

// particle -1
sphere {
	<6.806786, 23.424858, 15.128098> 0.100000
	pigment { color rgbt <1,0,0,0> }
	no_shadow
}
sphere {
	0, 1
	scale<0.080000,0.200000,0.300000>
	matrix <-0.074220, -0.903933, 0.421185,
		-0.195094, 0.427351, 0.882785,
		-0.977972, -0.016650, -0.208070,
		6.513394, 23.419863, 15.065678>
	pigment { color rgbt <0,1,1,0> }
	no_shadow
}
cylinder {
	<7.052362, 23.082590, 15.731669>,  <7.197974, 23.431519, 15.211327>, 0.130000
	pigment { color rgbt <1,0,0,0> }
	no_shadow
}

// nucleotide -1

// particle -1
sphere {
	<7.052362, 23.082590, 15.731669> 0.250000
	pigment { color rgbt <1,0,0,0> }
	no_shadow
}
cylinder {
	<6.739454, 23.025475, 15.489128>,  <6.551709, 22.991205, 15.343603>, 0.100000
	pigment { color rgbt <1,0,0,0> }
	no_shadow
}
cylinder {
	<6.739454, 23.025475, 15.489128>,  <7.052362, 23.082590, 15.731669>, 0.100000
	pigment { color rgbt <1,0,0,0> }
	no_shadow
}

// particle -1
sphere {
	<6.739454, 23.025475, 15.489128> 0.100000
	pigment { color rgbt <1,0,0,0> }
	no_shadow
}
sphere {
	0, 1
	scale<0.080000,0.200000,0.300000>
	matrix <-0.093435, -0.935468, 0.340837,
		-0.615892, 0.323281, 0.718448,
		-0.782271, -0.142791, -0.606353,
		6.504773, 22.982637, 15.307222>
	pigment { color rgbt <0,1,1,0> }
	no_shadow
}
cylinder {
	<6.651690, 22.693678, 16.124800>,  <7.052362, 23.082590, 15.731669>, 0.130000
	pigment { color rgbt <1,0,0,0> }
	no_shadow
}

// nucleotide -1

// particle -1
sphere {
	<6.651690, 22.693678, 16.124800> 0.250000
	pigment { color rgbt <1,0,0,0> }
	no_shadow
}
cylinder {
	<6.477667, 22.636280, 15.769241>,  <6.373253, 22.601841, 15.555906>, 0.100000
	pigment { color rgbt <1,0,0,0> }
	no_shadow
}
cylinder {
	<6.477667, 22.636280, 15.769241>,  <6.651690, 22.693678, 16.124800>, 0.100000
	pigment { color rgbt <1,0,0,0> }
	no_shadow
}

// particle -1
sphere {
	<6.477667, 22.636280, 15.769241> 0.100000
	pigment { color rgbt <1,0,0,0> }
	no_shadow
}
sphere {
	0, 1
	scale<0.080000,0.200000,0.300000>
	matrix <-0.041543, -0.982969, 0.179014,
		-0.899443, 0.114810, 0.421689,
		-0.435059, -0.143495, -0.888894,
		6.347149, 22.593231, 15.502573>
	pigment { color rgbt <0,1,1,0> }
	no_shadow
}
cylinder {
	<5.998802, 22.302036, 16.180511>,  <6.651690, 22.693678, 16.124800>, 0.130000
	pigment { color rgbt <1,0,0,0> }
	no_shadow
}

// nucleotide -1

// particle -1
sphere {
	<5.998802, 22.302036, 16.180511> 0.250000
	pigment { color rgbt <1,0,0,0> }
	no_shadow
}
cylinder {
	<6.137821, 22.245117, 15.809791>,  <6.221232, 22.210966, 15.587358>, 0.100000
	pigment { color rgbt <1,0,0,0> }
	no_shadow
}
cylinder {
	<6.137821, 22.245117, 15.809791>,  <5.998802, 22.302036, 16.180511>, 0.100000
	pigment { color rgbt <1,0,0,0> }
	no_shadow
}

// particle -1
sphere {
	<6.137821, 22.245117, 15.809791> 0.100000
	pigment { color rgbt <1,0,0,0> }
	no_shadow
}
sphere {
	0, 1
	scale<0.080000,0.200000,0.300000>
	matrix <0.055045, -0.983617, 0.171664,
		-0.936046, -0.110677, -0.334019,
		0.347546, -0.142299, -0.926802,
		6.242085, 22.202427, 15.531750>
	pigment { color rgbt <0,1,1,0> }
	no_shadow
}
cylinder {
	<5.593209, 21.775215, 15.922515>,  <5.998802, 22.302036, 16.180511>, 0.130000
	pigment { color rgbt <1,0,0,0> }
	no_shadow
}

// nucleotide -1

// particle -1
sphere {
	<5.593209, 21.775215, 15.922515> 0.250000
	pigment { color rgbt <1,0,0,0> }
	no_shadow
}
cylinder {
	<5.935004, 21.804081, 15.716742>,  <6.140081, 21.821402, 15.593277>, 0.100000
	pigment { color rgbt <1,0,0,0> }
	no_shadow
}
cylinder {
	<5.935004, 21.804081, 15.716742>,  <5.593209, 21.775215, 15.922515>, 0.100000
	pigment { color rgbt <1,0,0,0> }
	no_shadow
}

// particle -1
sphere {
	<5.935004, 21.804081, 15.716742> 0.100000
	pigment { color rgbt <1,0,0,0> }
	no_shadow
}
sphere {
	0, 1
	scale<0.080000,0.200000,0.300000>
	matrix <0.092900, -0.995568, 0.014649,
		-0.511097, -0.060309, -0.857405,
		0.854488, 0.072166, -0.514434,
		6.191350, 21.825731, 15.562411>
	pigment { color rgbt <0,1,1,0> }
	no_shadow
}
cylinder {
	<5.621122, 21.117802, 15.580564>,  <5.593209, 21.775215, 15.922515>, 0.130000
	pigment { color rgbt <1,0,0,0> }
	no_shadow
}

// nucleotide -1

// particle -1
sphere {
	<5.621122, 21.117802, 15.580564> 0.250000
	pigment { color rgbt <1,0,0,0> }
	no_shadow
}
cylinder {
	<5.993914, 21.257372, 15.541237>,  <6.217588, 21.341114, 15.517641>, 0.100000
	pigment { color rgbt <1,0,0,0> }
	no_shadow
}
cylinder {
	<5.993914, 21.257372, 15.541237>,  <5.621122, 21.117802, 15.580564>, 0.100000
	pigment { color rgbt <1,0,0,0> }
	no_shadow
}

// particle -1
sphere {
	<5.993914, 21.257372, 15.541237> 0.100000
	pigment { color rgbt <1,0,0,0> }
	no_shadow
}
sphere {
	0, 1
	scale<0.080000,0.200000,0.300000>
	matrix <0.355091, -0.933283, 0.053795,
		-0.072987, -0.085047, -0.993700,
		0.931978, 0.348927, -0.098317,
		6.273507, 21.362051, 15.511742>
	pigment { color rgbt <0,1,1,0> }
	no_shadow
}
cylinder {
	<5.937218, 20.708857, 15.120290>,  <5.621122, 21.117802, 15.580564>, 0.130000
	pigment { color rgbt <1,0,0,0> }
	no_shadow
}

// nucleotide -1

// particle -1
sphere {
	<5.937218, 20.708857, 15.120290> 0.250000
	pigment { color rgbt <1,0,0,0> }
	no_shadow
}
cylinder {
	<6.246730, 20.881693, 15.305574>,  <6.432437, 20.985394, 15.416745>, 0.100000
	pigment { color rgbt <1,0,0,0> }
	no_shadow
}
cylinder {
	<6.246730, 20.881693, 15.305574>,  <5.937218, 20.708857, 15.120290>, 0.100000
	pigment { color rgbt <1,0,0,0> }
	no_shadow
}

// particle -1
sphere {
	<6.246730, 20.881693, 15.305574> 0.100000
	pigment { color rgbt <1,0,0,0> }
	no_shadow
}
sphere {
	0, 1
	scale<0.080000,0.200000,0.300000>
	matrix <0.459354, -0.886266, 0.059385,
		0.436188, 0.166826, -0.884256,
		0.773779, 0.432090, 0.463211,
		6.478864, 21.011320, 15.444538>
	pigment { color rgbt <0,1,1,0> }
	no_shadow
}
cylinder {
	<6.590153, 20.423519, 14.740833>,  <5.937218, 20.708857, 15.120290>, 0.130000
	pigment { color rgbt <1,0,0,0> }
	no_shadow
}

// nucleotide -1

// particle -1
sphere {
	<6.590153, 20.423519, 14.740833> 0.250000
	pigment { color rgbt <1,0,0,0> }
	no_shadow
}
cylinder {
	<6.690874, 20.563574, 15.101722>,  <6.751306, 20.647606, 15.318254>, 0.100000
	pigment { color rgbt <1,0,0,0> }
	no_shadow
}
cylinder {
	<6.690874, 20.563574, 15.101722>,  <6.590153, 20.423519, 14.740833>, 0.100000
	pigment { color rgbt <1,0,0,0> }
	no_shadow
}

// particle -1
sphere {
	<6.690874, 20.563574, 15.101722> 0.100000
	pigment { color rgbt <1,0,0,0> }
	no_shadow
}
sphere {
	0, 1
	scale<0.080000,0.200000,0.300000>
	matrix <0.544637, -0.821886, 0.166955,
		0.799979, 0.449343, -0.397649,
		0.251802, 0.350135, 0.902220,
		6.766414, 20.668615, 15.372388>
	pigment { color rgbt <0,1,1,0> }
	no_shadow
}
cylinder {
	<7.336916, 20.425169, 14.707683>,  <6.590153, 20.423519, 14.740833>, 0.130000
	pigment { color rgbt <1,0,0,0> }
	no_shadow
}

// nucleotide -1

// particle -1
sphere {
	<7.336916, 20.425169, 14.707683> 0.250000
