// switches for output
#declare DRAW_BASES = 1; // possible values are 0, 1; only relevant for DNA ribbons
#declare DRAW_BASES_TYPE = 3; // possible values are 1, 2, 3; only relevant for DNA ribbons
#declare DRAW_FOG = 0; // set to 1 to enable fog

#include "colors.inc"

#include "transforms.inc"
background { rgb <1, 1, 1>}

#default {
   normal{
       ripples 0.25
       frequency 0.20
       turbulence 0.2
       lambda 5
   }
	finish {
		phong 0.1
		phong_size 40.
	}
}

// original window dimensions: 1024x640


// camera settings

camera {
	sky <-0, 1, 0>
	up <-0, 1, 0>
	right 1.6 * <0.99995, 0, 0.00999983>
	location <54.4867, 55, 106.329>
	look_at <55, 55, 55.0001>
	direction <0.513302, 0, -51.3289>
	angle 67.0682
}


# declare cpy_camera_pos = <54.4867, 55, 106.329>;
# if (DRAW_FOG = 1)
fog {
	fog_type 2
	up vnormalize(cpy_camera_pos)
	color rgbt<1,1,1,0.3>
	distance 1e-5
	fog_alt 3e-3
	fog_offset 88
}
# end


// LIGHTS

# declare lum = 6;
global_settings {
	ambient_light rgb lum * <0.05, 0.05, 0.05>
	max_trace_level 15
}# declare cpy_direct_light_amount = 0.25;
light_source
{	1000 * <-0.98995, -1, 1.00995>,
	rgb lum * cpy_direct_light_amount
	parallel
}

light_source
{	1000 * <0.98995, 1, -1.00995>,
	rgb lum * cpy_direct_light_amount
	parallel
}

// strand 0

// nucleotide -1

// particle -1
sphere {
	<36.376369, 52.526936, 50.041233> 0.250000
	pigment { color rgbt <1,0,0,0> }
	no_shadow
}
cylinder {
	<36.531822, 52.862526, 50.193596>,  <36.625095, 53.063881, 50.285011>, 0.100000
	pigment { color rgbt <1,0,0,0> }
	no_shadow
}
cylinder {
	<36.531822, 52.862526, 50.193596>,  <36.376369, 52.526936, 50.041233>, 0.100000
	pigment { color rgbt <1,0,0,0> }
	no_shadow
}

// particle -1
sphere {
	<36.531822, 52.862526, 50.193596> 0.100000
	pigment { color rgbt <1,0,0,0> }
	no_shadow
}
sphere {
	0, 1
	scale<0.080000,0.200000,0.300000>
	matrix <0.330383, 0.259025, -0.907609,
		-0.860123, 0.478571, -0.176517,
		0.388633, 0.838973, 0.380905,
		36.648411, 53.114220, 50.307869>
	pigment { color rgbt <0,1,1,0> }
	no_shadow
}
cylinder {
	<36.182236, 53.005600, 49.622581>,  <36.376369, 52.526936, 50.041233>, 0.130000
	pigment { color rgbt <1,0,0,0> }
	no_shadow
}

// nucleotide -1

// particle -1
sphere {
	<36.182236, 53.005600, 49.622581> 0.250000
	pigment { color rgbt <1,0,0,0> }
	no_shadow
}
cylinder {
	<36.509350, 53.167892, 49.785851>,  <36.705620, 53.265266, 49.883812>, 0.100000
	pigment { color rgbt <1,0,0,0> }
	no_shadow
}
cylinder {
	<36.509350, 53.167892, 49.785851>,  <36.182236, 53.005600, 49.622581>, 0.100000
	pigment { color rgbt <1,0,0,0> }
	no_shadow
}

// particle -1
sphere {
	<36.509350, 53.167892, 49.785851> 0.100000
	pigment { color rgbt <1,0,0,0> }
	no_shadow
}
sphere {
	0, 1
	scale<0.080000,0.200000,0.300000>
	matrix <0.178450, 0.495503, -0.850078,
		-0.547152, 0.768023, 0.332814,
		0.817790, 0.405731, 0.408169,
		36.754688, 53.289612, 49.908302>
	pigment { color rgbt <0,1,1,0> }
	no_shadow
}
cylinder {
	<36.085682, 53.777958, 49.623642>,  <36.182236, 53.005600, 49.622581>, 0.130000
	pigment { color rgbt <1,0,0,0> }
	no_shadow
}

// nucleotide -1

// particle -1
sphere {
	<36.085682, 53.777958, 49.623642> 0.250000
	pigment { color rgbt <1,0,0,0> }
	no_shadow
}
cylinder {
	<36.471848, 53.675091, 49.606445>,  <36.703545, 53.613373, 49.596127>, 0.100000
	pigment { color rgbt <1,0,0,0> }
	no_shadow
}
cylinder {
	<36.471848, 53.675091, 49.606445>,  <36.085682, 53.777958, 49.623642>, 0.100000
	pigment { color rgbt <1,0,0,0> }
	no_shadow
}

// particle -1
sphere {
	<36.471848, 53.675091, 49.606445> 0.100000
	pigment { color rgbt <1,0,0,0> }
	no_shadow
}
sphere {
	0, 1
	scale<0.080000,0.200000,0.300000>
	matrix <0.094852, 0.499980, -0.860827,
		0.242869, 0.826974, 0.507079,
		0.965410, -0.257166, -0.042990,
		36.761471, 53.597942, 49.593548>
	pigment { color rgbt <0,1,1,0> }
	no_shadow
}
cylinder {
	<36.575150, 54.424568, 49.650291>,  <36.085682, 53.777958, 49.623642>, 0.130000
	pigment { color rgbt <1,0,0,0> }
	no_shadow
}

// nucleotide -1

// particle -1
sphere {
	<36.575150, 54.424568, 49.650291> 0.250000
	pigment { color rgbt <1,0,0,0> }
	no_shadow
}
cylinder {
	<36.756302, 54.111450, 49.479584>,  <36.864994, 53.923580, 49.377159>, 0.100000
	pigment { color rgbt <1,0,0,0> }
	no_shadow
}
cylinder {
	<36.756302, 54.111450, 49.479584>,  <36.575150, 54.424568, 49.650291>, 0.100000
	pigment { color rgbt <1,0,0,0> }
	no_shadow
}

// particle -1
sphere {
	<36.756302, 54.111450, 49.479584> 0.100000
	pigment { color rgbt <1,0,0,0> }
	no_shadow
}
sphere {
	0, 1
	scale<0.080000,0.200000,0.300000>
	matrix <0.138544, 0.534641, -0.833645,
		0.880739, 0.318418, 0.350582,
		0.452883, -0.782795, -0.426765,
		36.892166, 53.876610, 49.351555>
	pigment { color rgbt <0,1,1,0> }
	no_shadow
}
cylinder {
	<37.319965, 54.589100, 49.535984>,  <36.575150, 54.424568, 49.650291>, 0.130000
	pigment { color rgbt <1,0,0,0> }
	no_shadow
}

// nucleotide -1

// particle -1
sphere {
	<37.319965, 54.589100, 49.535984> 0.250000
	pigment { color rgbt <1,0,0,0> }
	no_shadow
}
cylinder {
	<37.158558, 54.325146, 49.282459>,  <37.061714, 54.166771, 49.130344>, 0.100000
	pigment { color rgbt <1,0,0,0> }
	no_shadow
}
cylinder {
	<37.158558, 54.325146, 49.282459>,  <37.319965, 54.589100, 49.535984>, 0.100000
	pigment { color rgbt <1,0,0,0> }
	no_shadow
}

// particle -1
sphere {
	<37.158558, 54.325146, 49.282459> 0.100000
	pigment { color rgbt <1,0,0,0> }
	no_shadow
}
sphere {
	0, 1
	scale<0.080000,0.200000,0.300000>
	matrix <0.326498, 0.543261, -0.773477,
		0.854735, -0.519052, -0.003764,
		-0.403519, -0.659889, -0.633813,
		37.037502, 54.127178, 49.092316>
	pigment { color rgbt <0,1,1,0> }
	no_shadow
}
cylinder {
	<37.560909, 54.244770, 48.908909>,  <37.319965, 54.589100, 49.535984>, 0.130000
	pigment { color rgbt <1,0,0,0> }
	no_shadow
}

// nucleotide -1

// particle -1
sphere {
	<37.560909, 54.244770, 48.908909> 0.250000
	pigment { color rgbt <1,0,0,0> }
	no_shadow
}
cylinder {
	<37.293678, 54.533237, 48.982216>,  <37.133339, 54.706318, 49.026199>, 0.100000
	pigment { color rgbt <1,0,0,0> }
	no_shadow
}
cylinder {
	<37.293678, 54.533237, 48.982216>,  <37.560909, 54.244770, 48.908909>, 0.100000
	pigment { color rgbt <1,0,0,0> }
	no_shadow
}

// particle -1
sphere {
	<37.293678, 54.533237, 48.982216> 0.100000
	pigment { color rgbt <1,0,0,0> }
	no_shadow
}
sphere {
	0, 1
	scale<0.080000,0.200000,0.300000>
	matrix <-0.047957, -0.287518, 0.956574,
		0.742547, 0.630274, 0.226669,
		-0.668075, 0.721171, 0.183270,
		37.093254, 54.749588, 49.037197>
	pigment { color rgbt <0,1,1,0> }
	no_shadow
}
cylinder {
	<38.239666, 53.838036, 49.052128>,  <37.560909, 54.244770, 48.908909>, 0.130000
	pigment { color rgbt <1,0,0,0> }
	no_shadow
}

// nucleotide -1

// particle -1
sphere {
	<38.239666, 53.838036, 49.052128> 0.250000
	pigment { color rgbt <1,0,0,0> }
	no_shadow
}
cylinder {
	<38.440651, 53.538383, 49.224792>,  <38.561241, 53.358593, 49.328392>, 0.100000
	pigment { color rgbt <1,0,0,0> }
	no_shadow
}
cylinder {
	<38.440651, 53.538383, 49.224792>,  <38.239666, 53.838036, 49.052128>, 0.100000
	pigment { color rgbt <1,0,0,0> }
	no_shadow
}

// particle -1
sphere {
	<38.440651, 53.538383, 49.224792> 0.100000
	pigment { color rgbt <1,0,0,0> }
	no_shadow
}
sphere {
	0, 1
	scale<0.080000,0.200000,0.300000>
	matrix <-0.778524, -0.174853, 0.602766,
		-0.376076, -0.638924, -0.671076,
		0.502462, -0.749135, 0.431660,
		38.591389, 53.313644, 49.354290>
	pigment { color rgbt <0,1,1,0> }
	no_shadow
}
cylinder {
	<37.800522, 53.216404, 49.049885>,  <38.239666, 53.838036, 49.052128>, 0.130000
	pigment { color rgbt <1,0,0,0> }
	no_shadow
}

// nucleotide -1

// particle -1
sphere {
	<37.800522, 53.216404, 49.049885> 0.250000
	pigment { color rgbt <1,0,0,0> }
	no_shadow
}
cylinder {
	<38.069828, 53.201599, 49.345276>,  <38.231411, 53.192719, 49.522511>, 0.100000
	pigment { color rgbt <1,0,0,0> }
	no_shadow
}
cylinder {
	<38.069828, 53.201599, 49.345276>,  <37.800522, 53.216404, 49.049885>, 0.100000
	pigment { color rgbt <1,0,0,0> }
	no_shadow
}

// particle -1
sphere {
	<38.069828, 53.201599, 49.345276> 0.100000
	pigment { color rgbt <1,0,0,0> }
	no_shadow
}
sphere {
	0, 1
	scale<0.080000,0.200000,0.300000>
	matrix <-0.739203, -0.056938, 0.671071,
		0.017216, -0.997692, -0.065687,
		0.673262, -0.037003, 0.738477,
		38.271809, 53.190498, 49.566818>
	pigment { color rgbt <0,1,1,0> }
	no_shadow
}
cylinder {
	<37.684334, 52.556053, 49.506573>,  <37.800522, 53.216404, 49.049885>, 0.130000
	pigment { color rgbt <1,0,0,0> }
	no_shadow
}

// nucleotide -1

// particle -1
sphere {
	<37.684334, 52.556053, 49.506573> 0.250000
	pigment { color rgbt <1,0,0,0> }
	no_shadow
}
cylinder {
	<37.838848, 52.900349, 49.639183>,  <37.931557, 53.106926, 49.718750>, 0.100000
	pigment { color rgbt <1,0,0,0> }
	no_shadow
}
cylinder {
	<37.838848, 52.900349, 49.639183>,  <37.684334, 52.556053, 49.506573>, 0.100000
	pigment { color rgbt <1,0,0,0> }
	no_shadow
}

// particle -1
sphere {
	<37.838848, 52.900349, 49.639183> 0.100000
	pigment { color rgbt <1,0,0,0> }
	no_shadow
}
sphere {
	0, 1
	scale<0.080000,0.200000,0.300000>
	matrix <-0.799773, 0.133499, 0.585271,
		0.459507, -0.491229, 0.739965,
		0.386286, 0.860739, 0.331528,
		37.954735, 53.158569, 49.738640>
	pigment { color rgbt <0,1,1,0> }
	no_shadow
}
cylinder {
	<37.742268, 52.614876, 50.239048>,  <37.684334, 52.556053, 49.506573>, 0.130000
	pigment { color rgbt <1,0,0,0> }
	no_shadow
}

// nucleotide -1

// particle -1
sphere {
	<37.742268, 52.614876, 50.239048> 0.250000
	pigment { color rgbt <1,0,0,0> }
	no_shadow
}
cylinder {
	<37.682621, 52.993526, 50.124748>,  <37.646832, 53.220718, 50.056168>, 0.100000
	pigment { color rgbt <1,0,0,0> }
	no_shadow
}
cylinder {
	<37.682621, 52.993526, 50.124748>,  <37.742268, 52.614876, 50.239048>, 0.100000
	pigment { color rgbt <1,0,0,0> }
	no_shadow
}

// particle -1
sphere {
	<37.682621, 52.993526, 50.124748> 0.100000
	pigment { color rgbt <1,0,0,0> }
	no_shadow
}
sphere {
	0, 1
	scale<0.080000,0.200000,0.300000>
	matrix <-0.706198, 0.100323, 0.700871,
		0.692133, 0.306310, 0.653548,
		-0.149118, 0.946631, -0.285752,
		37.637886, 53.277515, 50.039024>
	pigment { color rgbt <0,1,1,0> }
	no_shadow
}
cylinder {
	<37.888893, 53.190659, 50.688232>,  <37.742268, 52.614876, 50.239048>, 0.130000
	pigment { color rgbt <1,0,0,0> }
	no_shadow
}

// nucleotide -1

// particle -1
sphere {
	<37.888893, 53.190659, 50.688232> 0.250000
	pigment { color rgbt <1,0,0,0> }
	no_shadow
}
cylinder {
	<37.579426, 53.246136, 50.440941>,  <37.393745, 53.279423, 50.292564>, 0.100000
	pigment { color rgbt <1,0,0,0> }
	no_shadow
}
cylinder {
	<37.579426, 53.246136, 50.440941>,  <37.888893, 53.190659, 50.688232>, 0.100000
	pigment { color rgbt <1,0,0,0> }
	no_shadow
}

// particle -1
sphere {
	<37.579426, 53.246136, 50.440941> 0.100000
	pigment { color rgbt <1,0,0,0> }
	no_shadow
}
sphere {
	0, 1
	scale<0.080000,0.200000,0.300000>
	matrix <-0.633311, -0.140013, 0.761127,
		0.019005, 0.980388, 0.196161,
		-0.773664, 0.138696, -0.618229,
		37.347328, 53.287746, 50.255470>
	pigment { color rgbt <0,1,1,0> }
	no_shadow
}
cylinder {
	<38.107704, 53.261181, 51.436752>,  <37.888893, 53.190659, 50.688232>, 0.130000
	pigment { color rgbt <1,0,0,0> }
	no_shadow
}

// nucleotide -1

// particle -1
sphere {
	<38.107704, 53.261181, 51.436752> 0.250000
	pigment { color rgbt <1,0,0,0> }
	no_shadow
}
cylinder {
	<38.446770, 53.379272, 51.613075>,  <38.650208, 53.450127, 51.718868>, 0.100000
	pigment { color rgbt <1,0,0,0> }
	no_shadow
}
cylinder {
	<38.446770, 53.379272, 51.613075>,  <38.107704, 53.261181, 51.436752>, 0.100000
	pigment { color rgbt <1,0,0,0> }
	no_shadow
}

// particle -1
sphere {
	<38.446770, 53.379272, 51.613075> 0.100000
	pigment { color rgbt <1,0,0,0> }
	no_shadow
}
sphere {
	0, 1
	scale<0.080000,0.200000,0.300000>
	matrix <-0.404915, -0.176857, 0.897088,
		0.342809, -0.938914, -0.030370,
		0.847659, 0.295232, 0.440808,
		38.701069, 53.467842, 51.745319>
	pigment { color rgbt <0,1,1,0> }
	no_shadow
}
cylinder {
	<38.000648, 53.802280, 51.121040>,  <38.107704, 53.261181, 51.436752>, 0.130000
	pigment { color rgbt <1,0,0,0> }
	no_shadow
}

// nucleotide -1

// particle -1
sphere {
	<38.000648, 53.802280, 51.121040> 0.250000
	pigment { color rgbt <1,0,0,0> }
	no_shadow
}
cylinder {
	<38.088428, 54.163578, 50.973530>,  <38.141098, 54.380356, 50.885025>, 0.100000
	pigment { color rgbt <1,0,0,0> }
	no_shadow
}
cylinder {
	<38.088428, 54.163578, 50.973530>,  <38.000648, 53.802280, 51.121040>, 0.100000
	pigment { color rgbt <1,0,0,0> }
	no_shadow
}

// particle -1
sphere {
	<38.088428, 54.163578, 50.973530> 0.100000
	pigment { color rgbt <1,0,0,0> }
	no_shadow
}
sphere {
	0, 1
	scale<0.080000,0.200000,0.300000>
	matrix <0.016234, 0.374554, 0.927063,
		0.975488, -0.209432, 0.067533,
		0.219451, 0.903243, -0.368773,
		38.154263, 54.434551, 50.862900>
	pigment { color rgbt <0,1,1,0> }
	no_shadow
}
cylinder {
	<38.650379, 54.094048, 51.387764>,  <38.000648, 53.802280, 51.121040>, 0.130000
	pigment { color rgbt <1,0,0,0> }
	no_shadow
}

// nucleotide -1

// particle -1
sphere {
	<38.650379, 54.094048, 51.387764> 0.250000
	pigment { color rgbt <1,0,0,0> }
	no_shadow
}
cylinder {
	<38.344677, 54.341759, 51.315758>,  <38.161255, 54.490387, 51.272552>, 0.100000
	pigment { color rgbt <1,0,0,0> }
	no_shadow
}
cylinder {
	<38.344677, 54.341759, 51.315758>,  <38.650379, 54.094048, 51.387764>, 0.100000
	pigment { color rgbt <1,0,0,0> }
	no_shadow
}

// particle -1
sphere {
	<38.344677, 54.341759, 51.315758> 0.100000
	pigment { color rgbt <1,0,0,0> }
	no_shadow
}
sphere {
	0, 1
	scale<0.080000,0.200000,0.300000>
	matrix <0.011484, 0.292160, 0.956300,
		0.644811, 0.728791, -0.230397,
		-0.764256, 0.619278, -0.180019,
		38.115398, 54.527542, 51.261753>
	pigment { color rgbt <0,1,1,0> }
	no_shadow
}
cylinder {
	<38.885567, 54.656197, 51.778519>,  <38.650379, 54.094048, 51.387764>, 0.130000
	pigment { color rgbt <1,0,0,0> }
	no_shadow
}

// nucleotide -1

// particle -1
sphere {
	<38.885567, 54.656197, 51.778519> 0.250000
	pigment { color rgbt <1,0,0,0> }
	no_shadow
}
cylinder {
	<38.485928, 54.639229, 51.777290>,  <38.246143, 54.629047, 51.776554>, 0.100000
	pigment { color rgbt <1,0,0,0> }
	no_shadow
}
cylinder {
	<38.485928, 54.639229, 51.777290>,  <38.885567, 54.656197, 51.778519>, 0.100000
	pigment { color rgbt <1,0,0,0> }
	no_shadow
}

// particle -1
sphere {
	<38.485928, 54.639229, 51.777290> 0.100000
	pigment { color rgbt <1,0,0,0> }
	no_shadow
}
sphere {
	0, 1
	scale<0.080000,0.200000,0.300000>
	matrix <-0.004790, 0.040439, 0.999171,
		-0.042262, 0.998281, -0.040606,
		-0.999095, -0.042421, -0.003073,
		38.186199, 54.626503, 51.776367>
	pigment { color rgbt <0,1,1,0> }
	no_shadow
}
cylinder {
	<38.744194, 55.198345, 52.219013>,  <38.885567, 54.656197, 51.778519>, 0.130000
	pigment { color rgbt <1,0,0,0> }
	no_shadow
}

// nucleotide -1

// particle -1
sphere {
	<38.744194, 55.198345, 52.219013> 0.250000
	pigment { color rgbt <1,0,0,0> }
	no_shadow
}
cylinder {
	<38.464676, 54.912228, 52.221508>,  <38.296967, 54.740559, 52.223003>, 0.100000
	pigment { color rgbt <1,0,0,0> }
	no_shadow
}
cylinder {
	<38.464676, 54.912228, 52.221508>,  <38.744194, 55.198345, 52.219013>, 0.100000
	pigment { color rgbt <1,0,0,0> }
	no_shadow
}

// particle -1
sphere {
	<38.464676, 54.912228, 52.221508> 0.100000
	pigment { color rgbt <1,0,0,0> }
	no_shadow
}
sphere {
	0, 1
	scale<0.080000,0.200000,0.300000>
	matrix <0.035578, -0.026048, 0.999027,
		-0.714436, 0.698338, 0.043651,
		-0.698796, -0.715294, 0.006236,
		38.255035, 54.697639, 52.223377>
	pigment { color rgbt <0,1,1,0> }
	no_shadow
}
cylinder {
	<39.122791, 54.720154, 52.733864>,  <38.744194, 55.198345, 52.219013>, 0.130000
	pigment { color rgbt <1,0,0,0> }
	no_shadow
}

// nucleotide -1

// particle -1
sphere {
	<39.122791, 54.720154, 52.733864> 0.250000
	pigment { color rgbt <1,0,0,0> }
	no_shadow
}
cylinder {
	<39.272858, 54.844585, 53.083145>,  <39.362900, 54.919243, 53.292713>, 0.100000
	pigment { color rgbt <1,0,0,0> }
	no_shadow
}
cylinder {
	<39.272858, 54.844585, 53.083145>,  <39.122791, 54.720154, 52.733864>, 0.100000
	pigment { color rgbt <1,0,0,0> }
	no_shadow
}

// particle -1
sphere {
	<39.272858, 54.844585, 53.083145> 0.100000
	pigment { color rgbt <1,0,0,0> }
	no_shadow
}
sphere {
	0, 1
	scale<0.080000,0.200000,0.300000>
	matrix <-0.886359, 0.396117, 0.239706,
		-0.271323, -0.863900, 0.424336,
		0.375169, 0.311077, 0.873201,
		39.385410, 54.937908, 53.345104>
	pigment { color rgbt <0,1,1,0> }
	no_shadow
}
cylinder {
	<39.794373, 54.459751, 52.580318>,  <39.122791, 54.720154, 52.733864>, 0.130000
	pigment { color rgbt <1,0,0,0> }
	no_shadow
}

// nucleotide -1

// particle -1
sphere {
	<39.794373, 54.459751, 52.580318> 0.250000
	pigment { color rgbt <1,0,0,0> }
	no_shadow
}
cylinder {
	<39.835667, 54.062256, 52.563194>,  <39.860443, 53.823761, 52.552917>, 0.100000
	pigment { color rgbt <1,0,0,0> }
	no_shadow
}
cylinder {
	<39.835667, 54.062256, 52.563194>,  <39.794373, 54.459751, 52.580318>, 0.100000
	pigment { color rgbt <1,0,0,0> }
	no_shadow
}

// particle -1
sphere {
	<39.835667, 54.062256, 52.563194> 0.100000
	pigment { color rgbt <1,0,0,0> }
	no_shadow
}
sphere {
	0, 1
	scale<0.080000,0.200000,0.300000>
	matrix <0.980655, 0.094490, 0.171429,
		-0.166309, -0.059684, 0.984266,
		0.103234, -0.993735, -0.042815,
		39.866638, 53.764133, 52.550350>
	pigment { color rgbt <0,1,1,0> }
	no_shadow
}
cylinder {
	<40.046329, 54.219234, 53.184082>,  <39.794373, 54.459751, 52.580318>, 0.130000
	pigment { color rgbt <1,0,0,0> }
	no_shadow
}

// nucleotide -1

// particle -1
sphere {
	<40.046329, 54.219234, 53.184082> 0.250000
	pigment { color rgbt <1,0,0,0> }
	no_shadow
}
cylinder {
	<40.160561, 53.974018, 52.889427>,  <40.229099, 53.826889, 52.712635>, 0.100000
	pigment { color rgbt <1,0,0,0> }
	no_shadow
}
cylinder {
	<40.160561, 53.974018, 52.889427>,  <40.046329, 54.219234, 53.184082>, 0.100000
	pigment { color rgbt <1,0,0,0> }
	no_shadow
}

// particle -1
sphere {
	<40.160561, 53.974018, 52.889427> 0.100000
	pigment { color rgbt <1,0,0,0> }
	no_shadow
}
sphere {
	0, 1
	scale<0.080000,0.200000,0.300000>
	matrix <0.958354, 0.181643, 0.220370,
		-0.001290, -0.768890, 0.639380,
		0.285579, -0.613037, -0.736635,
		40.246235, 53.790108, 52.668438>
	pigment { color rgbt <0,1,1,0> }
	no_shadow
}
cylinder {
	<40.172867, 54.695671, 53.688087>,  <40.046329, 54.219234, 53.184082>, 0.130000
	pigment { color rgbt <1,0,0,0> }
	no_shadow
}

// nucleotide -1

// particle -1
sphere {
	<40.172867, 54.695671, 53.688087> 0.250000
	pigment { color rgbt <1,0,0,0> }
	no_shadow
}
cylinder {
	<40.160160, 54.988316, 53.415695>,  <40.152538, 55.163902, 53.252258>, 0.100000
	pigment { color rgbt <1,0,0,0> }
	no_shadow
}
cylinder {
	<40.160160, 54.988316, 53.415695>,  <40.172867, 54.695671, 53.688087>, 0.100000
	pigment { color rgbt <1,0,0,0> }
	no_shadow
}

// particle -1
sphere {
	<40.160160, 54.988316, 53.415695> 0.100000
	pigment { color rgbt <1,0,0,0> }
	no_shadow
}
sphere {
	0, 1
	scale<0.080000,0.200000,0.300000>
	matrix <0.754850, 0.464138, 0.463441,
		0.655128, -0.499317, -0.567001,
		-0.031762, 0.731614, -0.680979,
		40.150631, 55.207798, 53.211403>
	pigment { color rgbt <0,1,1,0> }
	no_shadow
}
cylinder {
	<40.832958, 54.760639, 53.466911>,  <40.172867, 54.695671, 53.688087>, 0.130000
	pigment { color rgbt <1,0,0,0> }
	no_shadow
}

// nucleotide -1

// particle -1
sphere {
	<40.832958, 54.760639, 53.466911> 0.250000
	pigment { color rgbt <1,0,0,0> }
	no_shadow
}
cylinder {
	<40.637161, 55.109032, 53.449989>,  <40.519684, 55.318066, 53.439838>, 0.100000
	pigment { color rgbt <1,0,0,0> }
	no_shadow
}
cylinder {
	<40.637161, 55.109032, 53.449989>,  <40.832958, 54.760639, 53.466911>, 0.100000
	pigment { color rgbt <1,0,0,0> }
	no_shadow
}

// particle -1
sphere {
	<40.637161, 55.109032, 53.449989> 0.100000
	pigment { color rgbt <1,0,0,0> }
	no_shadow
}
sphere {
	0, 1
	scale<0.080000,0.200000,0.300000>
	matrix <0.706015, 0.424324, 0.567002,
		0.511797, 0.247679, -0.822629,
		-0.489496, 0.870979, -0.042302,
		40.490311, 55.370327, 53.437298>
	pigment { color rgbt <0,1,1,0> }
	no_shadow
}
cylinder {
	<41.306183, 54.953728, 52.963921>,  <40.832958, 54.760639, 53.466911>, 0.130000
	pigment { color rgbt <1,0,0,0> }
	no_shadow
}

// nucleotide -1

// particle -1
sphere {
	<41.306183, 54.953728, 52.963921> 0.250000
	pigment { color rgbt <1,0,0,0> }
	no_shadow
}
cylinder {
	<41.202785, 55.296234, 53.142799>,  <41.140747, 55.501740, 53.250126>, 0.100000
	pigment { color rgbt <1,0,0,0> }
	no_shadow
}
cylinder {
	<41.202785, 55.296234, 53.142799>,  <41.306183, 54.953728, 52.963921>, 0.100000
	pigment { color rgbt <1,0,0,0> }
	no_shadow
}

// particle -1
sphere {
	<41.202785, 55.296234, 53.142799> 0.100000
	pigment { color rgbt <1,0,0,0> }
	no_shadow
}
sphere {
	0, 1
	scale<0.080000,0.200000,0.300000>
	matrix <0.932215, 0.099730, 0.347893,
		0.253291, 0.506813, -0.824005,
		-0.258495, 0.856268, 0.447197,
		41.125237, 55.553116, 53.276958>
	pigment { color rgbt <0,1,1,0> }
	no_shadow
}
cylinder {
	<41.960201, 55.344219, 52.966778>,  <41.306183, 54.953728, 52.963921>, 0.130000
	pigment { color rgbt <1,0,0,0> }
	no_shadow
}

// nucleotide -1

// particle -1
sphere {
	<41.960201, 55.344219, 52.966778> 0.250000
	pigment { color rgbt <1,0,0,0> }
	no_shadow
}
cylinder {
	<41.699066, 55.479088, 53.238106>,  <41.542385, 55.560009, 53.400902>, 0.100000
	pigment { color rgbt <1,0,0,0> }
	no_shadow
}
cylinder {
	<41.699066, 55.479088, 53.238106>,  <41.960201, 55.344219, 52.966778>, 0.100000
	pigment { color rgbt <1,0,0,0> }
	no_shadow
}

// particle -1
sphere {
	<41.699066, 55.479088, 53.238106> 0.100000
	pigment { color rgbt <1,0,0,0> }
	no_shadow
}
sphere {
	0, 1
	scale<0.080000,0.200000,0.300000>
	matrix <0.748341, 0.148287, 0.646526,
		0.117408, 0.929690, -0.349131,
		-0.652841, 0.337176, 0.678315,
		41.503216, 55.580242, 53.441601>
	pigment { color rgbt <0,1,1,0> }
	no_shadow
}
cylinder {
	<42.777283, 55.374290, 53.234032>,  <41.960201, 55.344219, 52.966778>, 0.130000
	pigment { color rgbt <1,0,0,0> }
	no_shadow
}

// nucleotide -1

// particle -1
sphere {
	<42.777283, 55.374290, 53.234032> 0.250000
	pigment { color rgbt <1,0,0,0> }
	no_shadow
}
cylinder {
	<42.904438, 55.651436, 53.492920>,  <42.980732, 55.817722, 53.648251>, 0.100000
	pigment { color rgbt <1,0,0,0> }
	no_shadow
}
cylinder {
	<42.904438, 55.651436, 53.492920>,  <42.777283, 55.374290, 53.234032>, 0.100000
	pigment { color rgbt <1,0,0,0> }
	no_shadow
}

// particle -1
sphere {
	<42.904438, 55.651436, 53.492920> 0.100000
	pigment { color rgbt <1,0,0,0> }
	no_shadow
}
sphere {
	0, 1
	scale<0.080000,0.200000,0.300000>
	matrix <-0.616275, -0.367759, 0.696389,
		0.720521, -0.620239, 0.310086,
		0.317891, 0.692861, 0.647216,
		42.999805, 55.859295, 53.687084>
	pigment { color rgbt <0,1,1,0> }
	no_shadow
}
cylinder {
	<42.981682, 55.048851, 53.858601>,  <42.777283, 55.374290, 53.234032>, 0.130000
	pigment { color rgbt <1,0,0,0> }
	no_shadow
}

// nucleotide -1

// particle -1
sphere {
	<42.981682, 55.048851, 53.858601> 0.250000
	pigment { color rgbt <1,0,0,0> }
	no_shadow
}
cylinder {
	<42.857693, 55.425835, 53.908691>,  <42.783298, 55.652027, 53.938747>, 0.100000
	pigment { color rgbt <1,0,0,0> }
	no_shadow
}
cylinder {
	<42.857693, 55.425835, 53.908691>,  <42.981682, 55.048851, 53.858601>, 0.100000
	pigment { color rgbt <1,0,0,0> }
	no_shadow
}

// particle -1
sphere {
	<42.857693, 55.425835, 53.908691> 0.100000
	pigment { color rgbt <1,0,0,0> }
	no_shadow
}
sphere {
	0, 1
	scale<0.080000,0.200000,0.300000>
	matrix <-0.668275, -0.309669, 0.676398,
		0.676259, 0.125975, 0.725812,
		-0.309970, 0.942462, 0.125231,
		42.764702, 55.708572, 53.946262>
	pigment { color rgbt <0,1,1,0> }
	no_shadow
}
cylinder {
	<43.004421, 55.249489, 54.647770>,  <42.981682, 55.048851, 53.858601>, 0.130000
	pigment { color rgbt <1,0,0,0> }
	no_shadow
}

// nucleotide -1

// particle -1
sphere {
	<43.004421, 55.249489, 54.647770> 0.250000
	pigment { color rgbt <1,0,0,0> }
	no_shadow
}
cylinder {
	<42.726208, 55.455101, 54.446968>,  <42.559280, 55.578468, 54.326488>, 0.100000
	pigment { color rgbt <1,0,0,0> }
	no_shadow
}
cylinder {
	<42.726208, 55.455101, 54.446968>,  <43.004421, 55.249489, 54.647770>, 0.100000
	pigment { color rgbt <1,0,0,0> }
	no_shadow
}

// particle -1
sphere {
	<42.726208, 55.455101, 54.446968> 0.100000
	pigment { color rgbt <1,0,0,0> }
	no_shadow
}
sphere {
	0, 1
	scale<0.080000,0.200000,0.300000>
	matrix <-0.681661, -0.251260, 0.687173,
		0.227093, 0.820148, 0.525153,
		-0.695534, 0.514029, -0.502003,
		42.517548, 55.609310, 54.296368>
	pigment { color rgbt <0,1,1,0> }
	no_shadow
}
cylinder {
	<43.729797, 55.206387, 54.407825>,  <43.004421, 55.249489, 54.647770>, 0.130000
	pigment { color rgbt <1,0,0,0> }
	no_shadow
}

// nucleotide -1

// particle -1
sphere {
	<43.729797, 55.206387, 54.407825> 0.250000
	pigment { color rgbt <1,0,0,0> }
	no_shadow
}
cylinder {
	<43.958900, 55.071938, 54.706882>,  <44.096363, 54.991268, 54.886318>, 0.100000
	pigment { color rgbt <1,0,0,0> }
	no_shadow
}
cylinder {
	<43.958900, 55.071938, 54.706882>,  <43.729797, 55.206387, 54.407825>, 0.100000
	pigment { color rgbt <1,0,0,0> }
	no_shadow
}

// particle -1
sphere {
	<43.958900, 55.071938, 54.706882> 0.100000
	pigment { color rgbt <1,0,0,0> }
	no_shadow
}
sphere {
	0, 1
	scale<0.080000,0.200000,0.300000>
	matrix <0.710353, 0.658684, -0.248060,
		-0.409084, 0.673170, 0.616030,
		0.572756, -0.336121, 0.747645,
		44.130726, 54.971100, 54.931175>
	pigment { color rgbt <0,1,1,0> }
	no_shadow
}
cylinder {
	<43.857063, 55.688103, 54.934654>,  <43.729797, 55.206387, 54.407825>, 0.130000
	pigment { color rgbt <1,0,0,0> }
	no_shadow
}

// nucleotide -1

// particle -1
sphere {
	<43.857063, 55.688103, 54.934654> 0.250000
	pigment { color rgbt <1,0,0,0> }
	no_shadow
}
cylinder {
	<44.158390, 55.426296, 54.908989>,  <44.339188, 55.269211, 54.893589>, 0.100000
	pigment { color rgbt <1,0,0,0> }
	no_shadow
}
cylinder {
	<44.158390, 55.426296, 54.908989>,  <43.857063, 55.688103, 54.934654>, 0.100000
	pigment { color rgbt <1,0,0,0> }
	no_shadow
}

// particle -1
sphere {
	<44.158390, 55.426296, 54.908989> 0.100000
	pigment { color rgbt <1,0,0,0> }
	no_shadow
}
sphere {
	0, 1
	scale<0.080000,0.200000,0.300000>
	matrix <0.503217, 0.636475, -0.584527,
		0.423422, 0.408047, 0.808833,
		0.753317, -0.654520, -0.064161,
		44.384384, 55.229939, 54.889740>
	pigment { color rgbt <0,1,1,0> }
	no_shadow
}
cylinder {
	<44.502743, 55.945099, 55.303219>,  <43.857063, 55.688103, 54.934654>, 0.130000
	pigment { color rgbt <1,0,0,0> }
	no_shadow
}

// nucleotide -1

// particle -1
sphere {
	<44.502743, 55.945099, 55.303219> 0.250000
	pigment { color rgbt <1,0,0,0> }
	no_shadow
}
cylinder {
	<44.554367, 55.713768, 54.981007>,  <44.585342, 55.574970, 54.787678>, 0.100000
	pigment { color rgbt <1,0,0,0> }
	no_shadow
}
cylinder {
	<44.554367, 55.713768, 54.981007>,  <44.502743, 55.945099, 55.303219>, 0.100000
	pigment { color rgbt <1,0,0,0> }
	no_shadow
}

// particle -1
sphere {
	<44.554367, 55.713768, 54.981007> 0.100000
	pigment { color rgbt <1,0,0,0> }
	no_shadow
}
sphere {
	0, 1
	scale<0.080000,0.200000,0.300000>
	matrix <0.472560, 0.750026, -0.462760,
		0.871796, -0.320936, 0.370095,
		0.129065, -0.578325, -0.805532,
		44.593086, 55.540272, 54.739346>
	pigment { color rgbt <0,1,1,0> }
	no_shadow
}
cylinder {
	<45.170078, 55.727989, 55.125309>,  <44.502743, 55.945099, 55.303219>, 0.130000
	pigment { color rgbt <1,0,0,0> }
	no_shadow
}

// nucleotide -1

// particle -1
sphere {
	<45.170078, 55.727989, 55.125309> 0.250000
	pigment { color rgbt <1,0,0,0> }
	no_shadow
}
cylinder {
	<44.957241, 55.772526, 54.789577>,  <44.829536, 55.799248, 54.588139>, 0.100000
	pigment { color rgbt <1,0,0,0> }
	no_shadow
}
cylinder {
	<44.957241, 55.772526, 54.789577>,  <45.170078, 55.727989, 55.125309>, 0.100000
	pigment { color rgbt <1,0,0,0> }
	no_shadow
}

// particle -1
sphere {
	<44.957241, 55.772526, 54.789577> 0.100000
	pigment { color rgbt <1,0,0,0> }
	no_shadow
}
sphere {
	0, 1
	scale<0.080000,0.200000,0.300000>
	matrix <0.755451, 0.510059, -0.411259,
		0.382320, -0.852903, -0.355511,
		-0.532096, 0.111338, -0.839332,
		44.797611, 55.805927, 54.537777>
	pigment { color rgbt <0,1,1,0> }
	no_shadow
}
cylinder {
	<45.407600, 56.062565, 54.540424>,  <45.170078, 55.727989, 55.125309>, 0.130000
	pigment { color rgbt <1,0,0,0> }
	no_shadow
}

// nucleotide -1

// particle -1
sphere {
	<45.407600, 56.062565, 54.540424> 0.250000
	pigment { color rgbt <1,0,0,0> }
	no_shadow
}
cylinder {
	<45.688805, 55.832108, 54.707199>,  <45.857525, 55.693832, 54.807266>, 0.100000
	pigment { color rgbt <1,0,0,0> }
	no_shadow
}
cylinder {
	<45.688805, 55.832108, 54.707199>,  <45.407600, 56.062565, 54.540424>, 0.100000
	pigment { color rgbt <1,0,0,0> }
	no_shadow
}

// particle -1
sphere {
	<45.688805, 55.832108, 54.707199> 0.100000
	pigment { color rgbt <1,0,0,0> }
	no_shadow
}
sphere {
	0, 1
	scale<0.080000,0.200000,0.300000>
	matrix <0.699487, 0.454264, -0.551690,
		0.128451, 0.679487, 0.722356,
		0.703007, -0.576144, 0.416941,
		45.899708, 55.659264, 54.832283>
	pigment { color rgbt <0,1,1,0> }
	no_shadow
}
cylinder {
	<45.850861, 56.436604, 54.877567>,  <45.407600, 56.062565, 54.540424>, 0.130000
	pigment { color rgbt <1,0,0,0> }
	no_shadow
}

// nucleotide -1

// particle -1
sphere {
	<45.850861, 56.436604, 54.877567> 0.250000
	pigment { color rgbt <1,0,0,0> }
	no_shadow
}
cylinder {
	<46.025394, 56.102531, 54.743649>,  <46.130116, 55.902088, 54.663296>, 0.100000
	pigment { color rgbt <1,0,0,0> }
	no_shadow
}
cylinder {
	<46.025394, 56.102531, 54.743649>,  <45.850861, 56.436604, 54.877567>, 0.100000
	pigment { color rgbt <1,0,0,0> }
	no_shadow
}

// particle -1
sphere {
	<46.025394, 56.102531, 54.743649> 0.100000
	pigment { color rgbt <1,0,0,0> }
	no_shadow
}
sphere {
	0, 1
	scale<0.080000,0.200000,0.300000>
	matrix <0.708392, 0.548280, -0.444487,
		0.554788, -0.043222, 0.830868,
		0.436337, -0.835177, -0.334797,
		46.156296, 55.851978, 54.643208>
	pigment { color rgbt <0,1,1,0> }
	no_shadow
}
cylinder {
	<46.507309, 56.700294, 54.728058>,  <45.850861, 56.436604, 54.877567>, 0.130000
	pigment { color rgbt <1,0,0,0> }
	no_shadow
}

// nucleotide -1

// particle -1
sphere {
	<46.507309, 56.700294, 54.728058> 0.250000
	pigment { color rgbt <1,0,0,0> }
	no_shadow
}
cylinder {
	<46.538151, 56.322929, 54.599045>,  <46.556656, 56.096512, 54.521637>, 0.100000
	pigment { color rgbt <1,0,0,0> }
	no_shadow
}
cylinder {
	<46.538151, 56.322929, 54.599045>,  <46.507309, 56.700294, 54.728058>, 0.100000
	pigment { color rgbt <1,0,0,0> }
	no_shadow
}

// particle -1
sphere {
	<46.538151, 56.322929, 54.599045> 0.100000
	pigment { color rgbt <1,0,0,0> }
	no_shadow
}
sphere {
	0, 1
	scale<0.080000,0.200000,0.300000>
	matrix <0.835628, 0.237611, -0.495244,
		0.543857, -0.231329, 0.806664,
		0.077107, -0.943413, -0.322531,
		46.561283, 56.039906, 54.502285>
	pigment { color rgbt <0,1,1,0> }
	no_shadow
}
cylinder {
	<47.200066, 56.410427, 54.898849>,  <46.507309, 56.700294, 54.728058>, 0.130000
	pigment { color rgbt <1,0,0,0> }
	no_shadow
}

// nucleotide -1

// particle -1
sphere {
	<47.200066, 56.410427, 54.898849> 0.250000
	pigment { color rgbt <1,0,0,0> }
	no_shadow
}
cylinder {
	<47.045517, 56.188126, 54.604404>,  <46.952789, 56.054745, 54.427738>, 0.100000
	pigment { color rgbt <1,0,0,0> }
	no_shadow
}
cylinder {
	<47.045517, 56.188126, 54.604404>,  <47.200066, 56.410427, 54.898849>, 0.100000
	pigment { color rgbt <1,0,0,0> }
	no_shadow
}

// particle -1
sphere {
	<47.045517, 56.188126, 54.604404> 0.100000
	pigment { color rgbt <1,0,0,0> }
	no_shadow
}
sphere {
	0, 1
	scale<0.080000,0.200000,0.300000>
	matrix <0.876981, 0.025854, -0.479830,
		0.285697, -0.830947, 0.477394,
		-0.386370, -0.555751, -0.736111,
		46.929607, 56.021400, 54.383572>
	pigment { color rgbt <0,1,1,0> }
	no_shadow
}
cylinder {
	<47.692131, 55.804352, 54.661163>,  <47.200066, 56.410427, 54.898849>, 0.130000
	pigment { color rgbt <1,0,0,0> }
	no_shadow
}

// nucleotide -1

// particle -1
sphere {
	<47.692131, 55.804352, 54.661163> 0.250000
	pigment { color rgbt <1,0,0,0> }
	no_shadow
}
cylinder {
	<47.458656, 55.974304, 54.384384>,  <47.318573, 56.076275, 54.218319>, 0.100000
	pigment { color rgbt <1,0,0,0> }
	no_shadow
}
cylinder {
	<47.458656, 55.974304, 54.384384>,  <47.692131, 55.804352, 54.661163>, 0.100000
	pigment { color rgbt <1,0,0,0> }
	no_shadow
}

// particle -1
sphere {
	<47.458656, 55.974304, 54.384384> 0.100000
	pigment { color rgbt <1,0,0,0> }
	no_shadow
}
sphere {
	0, 1
	scale<0.080000,0.200000,0.300000>
	matrix <0.808685, 0.227499, -0.542469,
		-0.073068, -0.876197, -0.476382,
		-0.583686, 0.424880, -0.691945,
		47.283550, 56.101768, 54.176800>
	pigment { color rgbt <0,1,1,0> }
	no_shadow
}
cylinder {
	<48.009846, 55.644974, 54.016132>,  <47.692131, 55.804352, 54.661163>, 0.130000
	pigment { color rgbt <1,0,0,0> }
	no_shadow
}

// nucleotide -1

// particle -1
sphere {
	<48.009846, 55.644974, 54.016132> 0.250000
	pigment { color rgbt <1,0,0,0> }
	no_shadow
}
cylinder {
	<47.784874, 55.972481, 53.970016>,  <47.649891, 56.168987, 53.942348>, 0.100000
	pigment { color rgbt <1,0,0,0> }
	no_shadow
}
cylinder {
	<47.784874, 55.972481, 53.970016>,  <48.009846, 55.644974, 54.016132>, 0.100000
	pigment { color rgbt <1,0,0,0> }
	no_shadow
}

// particle -1
sphere {
	<47.784874, 55.972481, 53.970016> 0.100000
	pigment { color rgbt <1,0,0,0> }
	no_shadow
}
sphere {
	0, 1
	scale<0.080000,0.200000,0.300000>
	matrix <0.748522, 0.444940, -0.491673,
		-0.351273, -0.362823, -0.863114,
		-0.562425, 0.818772, -0.115286,
		47.616146, 56.218113, 53.935432>
	pigment { color rgbt <0,1,1,0> }
	no_shadow
}
cylinder {
	<48.006180, 55.879295, 53.347214>,  <48.009846, 55.644974, 54.016132>, 0.130000
	pigment { color rgbt <1,0,0,0> }
	no_shadow
}

// nucleotide -1

// particle -1
sphere {
	<48.006180, 55.879295, 53.347214> 0.250000
	pigment { color rgbt <1,0,0,0> }
	no_shadow
}
cylinder {
	<47.915211, 56.204659, 53.561371>,  <47.860630, 56.399876, 53.689865>, 0.100000
	pigment { color rgbt <1,0,0,0> }
	no_shadow
}
cylinder {
	<47.915211, 56.204659, 53.561371>,  <48.006180, 55.879295, 53.347214>, 0.100000
	pigment { color rgbt <1,0,0,0> }
	no_shadow
}

// particle -1
sphere {
	<47.915211, 56.204659, 53.561371> 0.100000
	pigment { color rgbt <1,0,0,0> }
	no_shadow
}
sphere {
	0, 1
	scale<0.080000,0.200000,0.300000>
	matrix <0.864809, 0.421444, -0.272930,
		-0.447641, 0.400942, -0.799289,
		-0.227426, 0.813407, 0.535393,
		47.846981, 56.448681, 53.721989>
	pigment { color rgbt <0,1,1,0> }
	no_shadow
}
cylinder {
	<48.398743, 56.353630, 52.926231>,  <48.006180, 55.879295, 53.347214>, 0.130000
	pigment { color rgbt <1,0,0,0> }
	no_shadow
}

// nucleotide -1

// particle -1
sphere {
	<48.398743, 56.353630, 52.926231> 0.250000
	pigment { color rgbt <1,0,0,0> }
	no_shadow
}
cylinder {
	<48.290718, 56.497467, 53.283501>,  <48.225903, 56.583767, 53.497864>, 0.100000
	pigment { color rgbt <1,0,0,0> }
	no_shadow
}
cylinder {
	<48.290718, 56.497467, 53.283501>,  <48.398743, 56.353630, 52.926231>, 0.100000
	pigment { color rgbt <1,0,0,0> }
	no_shadow
}

// particle -1
sphere {
	<48.290718, 56.497467, 53.283501> 0.100000
	pigment { color rgbt <1,0,0,0> }
	no_shadow
}
sphere {
	0, 1
	scale<0.080000,0.200000,0.300000>
	matrix <0.832606, 0.553103, 0.029069,
		-0.483565, 0.751514, -0.448767,
		-0.270060, 0.359589, 0.893176,
		48.209702, 56.605343, 53.551453>
	pigment { color rgbt <0,1,1,0> }
	no_shadow
}
cylinder {
	<48.488609, 57.102371, 52.854576>,  <48.398743, 56.353630, 52.926231>, 0.130000
	pigment { color rgbt <1,0,0,0> }
	no_shadow
}

// nucleotide -1

// particle -1
sphere {
	<48.488609, 57.102371, 52.854576> 0.250000
	pigment { color rgbt <1,0,0,0> }
	no_shadow
}
cylinder {
	<48.491688, 56.971649, 53.232601>,  <48.493534, 56.893215, 53.459415>, 0.100000
	pigment { color rgbt <1,0,0,0> }
	no_shadow
}
cylinder {
	<48.491688, 56.971649, 53.232601>,  <48.488609, 57.102371, 52.854576>, 0.100000
	pigment { color rgbt <1,0,0,0> }
	no_shadow
}

// particle -1
sphere {
	<48.491688, 56.971649, 53.232601> 0.100000
	pigment { color rgbt <1,0,0,0> }
	no_shadow
}
sphere {
	0, 1
	scale<0.080000,0.200000,0.300000>
	matrix <0.882151, 0.447276, 0.147492,
		-0.470904, 0.832550, 0.291736,
		0.007692, -0.326810, 0.945059,
		48.493996, 56.873608, 53.516117>
	pigment { color rgbt <0,1,1,0> }
	no_shadow
}
cylinder {
	<48.666088, 57.694881, 53.297184>,  <48.488609, 57.102371, 52.854576>, 0.130000
	pigment { color rgbt <1,0,0,0> }
	no_shadow
}

// nucleotide -1

// particle -1
sphere {
	<48.666088, 57.694881, 53.297184> 0.250000
	pigment { color rgbt <1,0,0,0> }
	no_shadow
}
cylinder {
	<48.797821, 57.352638, 53.456924>,  <48.876862, 57.147293, 53.552769>, 0.100000
	pigment { color rgbt <1,0,0,0> }
	no_shadow
}
cylinder {
	<48.797821, 57.352638, 53.456924>,  <48.666088, 57.694881, 53.297184>, 0.100000
	pigment { color rgbt <1,0,0,0> }
	no_shadow
}

// particle -1
sphere {
	<48.797821, 57.352638, 53.456924> 0.100000
	pigment { color rgbt <1,0,0,0> }
	no_shadow
}
sphere {
	0, 1
	scale<0.080000,0.200000,0.300000>
	matrix <0.926678, 0.374018, 0.037126,
		-0.181130, 0.357843, 0.916046,
		0.329333, -0.855604, 0.399351,
		48.896622, 57.095959, 53.576729>
	pigment { color rgbt <0,1,1,0> }
	no_shadow
}
cylinder {
	<49.261936, 57.835781, 53.709873>,  <48.666088, 57.694881, 53.297184>, 0.130000
	pigment { color rgbt <1,0,0,0> }
	no_shadow
}

// nucleotide -1

// particle -1
sphere {
	<49.261936, 57.835781, 53.709873> 0.250000
	pigment { color rgbt <1,0,0,0> }
	no_shadow
}
cylinder {
	<49.319901, 57.441505, 53.675415>,  <49.354679, 57.204941, 53.654739>, 0.100000
	pigment { color rgbt <1,0,0,0> }
	no_shadow
}
cylinder {
	<49.319901, 57.441505, 53.675415>,  <49.261936, 57.835781, 53.709873>, 0.100000
	pigment { color rgbt <1,0,0,0> }
	no_shadow
}

// particle -1
sphere {
	<49.319901, 57.441505, 53.675415> 0.100000
	pigment { color rgbt <1,0,0,0> }
	no_shadow
}
sphere {
	0, 1
	scale<0.080000,0.200000,0.300000>
	matrix <0.977040, 0.128805, 0.169711,
		-0.156185, -0.108763, 0.981721,
		0.144909, -0.985687, -0.086148,
		49.363373, 57.145798, 53.649570>
	pigment { color rgbt <0,1,1,0> }
	no_shadow
}
cylinder {
	<49.633133, 57.724735, 54.359978>,  <49.261936, 57.835781, 53.709873>, 0.130000
	pigment { color rgbt <1,0,0,0> }
	no_shadow
}

// nucleotide -1

// particle -1
sphere {
	<49.633133, 57.724735, 54.359978> 0.250000
	pigment { color rgbt <1,0,0,0> }
	no_shadow
}
cylinder {
	<49.664307, 57.475235, 54.048885>,  <49.683010, 57.325535, 53.862232>, 0.100000
	pigment { color rgbt <1,0,0,0> }
	no_shadow
}
cylinder {
	<49.664307, 57.475235, 54.048885>,  <49.633133, 57.724735, 54.359978>, 0.100000
	pigment { color rgbt <1,0,0,0> }
	no_shadow
}

// particle -1
sphere {
	<49.664307, 57.475235, 54.048885> 0.100000
	pigment { color rgbt <1,0,0,0> }
	no_shadow
}
sphere {
	0, 1
	scale<0.080000,0.200000,0.300000>
	matrix <0.983791, 0.174486, -0.041352,
		0.161496, -0.761898, 0.627240,
		0.077939, -0.623752, -0.777727,
		49.687687, 57.288109, 53.815567>
	pigment { color rgbt <0,1,1,0> }
	no_shadow
}
cylinder {
	<50.062744, 57.195919, 54.558075>,  <49.633133, 57.724735, 54.359978>, 0.130000
	pigment { color rgbt <1,0,0,0> }
	no_shadow
}

// nucleotide -1

// particle -1
sphere {
	<50.062744, 57.195919, 54.558075> 0.250000
	pigment { color rgbt <1,0,0,0> }
	no_shadow
}
cylinder {
	<50.079655, 57.263607, 54.164207>,  <50.089802, 57.304218, 53.927887>, 0.100000
	pigment { color rgbt <1,0,0,0> }
	no_shadow
}
cylinder {
	<50.079655, 57.263607, 54.164207>,  <50.062744, 57.195919, 54.558075>, 0.100000
	pigment { color rgbt <1,0,0,0> }
	no_shadow
}

// particle -1
sphere {
	<50.079655, 57.263607, 54.164207> 0.100000
	pigment { color rgbt <1,0,0,0> }
	no_shadow
}
sphere {
	0, 1
	scale<0.080000,0.200000,0.300000>
	matrix <0.995986, -0.084971, 0.028159,
		-0.078903, -0.981909, -0.172133,
