// switches for output
#declare DRAW_BASES = 1; // possible values are 0, 1; only relevant for DNA ribbons
#declare DRAW_BASES_TYPE = 3; // possible values are 1, 2, 3; only relevant for DNA ribbons
#declare DRAW_FOG = 0; // set to 1 to enable fog

#include "colors.inc"

#include "transforms.inc"
background { rgb <1, 1, 1>}

#default {
   normal{
       ripples 0.25
       frequency 0.20
       turbulence 0.2
       lambda 5
   }
	finish {
		phong 0.1
		phong_size 40.
	}
}

// original window dimensions: 1024x640


// camera settings

camera {
	sky <-0, 1, 0>
	up <-0, 1, 0>
	right 1.6 * <0.99995, 0, 0.00999983>
	location <54.4867, 55, 106.329>
	look_at <55, 55, 55.0001>
	direction <0.513302, 0, -51.3289>
	angle 67.0682
}


# declare cpy_camera_pos = <54.4867, 55, 106.329>;
# if (DRAW_FOG = 1)
fog {
	fog_type 2
	up vnormalize(cpy_camera_pos)
	color rgbt<1,1,1,0.3>
	distance 1e-5
	fog_alt 3e-3
	fog_offset 88
}
# end


// LIGHTS

# declare lum = 6;
global_settings {
	ambient_light rgb lum * <0.05, 0.05, 0.05>
	max_trace_level 15
}# declare cpy_direct_light_amount = 0.25;
light_source
{	1000 * <-0.98995, -1, 1.00995>,
	rgb lum * cpy_direct_light_amount
	parallel
}

light_source
{	1000 * <0.98995, 1, -1.00995>,
	rgb lum * cpy_direct_light_amount
	parallel
}

// strand 0

// nucleotide -1

// particle -1
sphere {
	<36.144875, 53.115643, 50.248409> 0.250000
	pigment { color rgbt <1,0,0,0> }
	no_shadow
}
cylinder {
	<36.321049, 52.793663, 50.407440>,  <36.426754, 52.600475, 50.502861>, 0.100000
	pigment { color rgbt <1,0,0,0> }
	no_shadow
}
cylinder {
	<36.321049, 52.793663, 50.407440>,  <36.144875, 53.115643, 50.248409>, 0.100000
	pigment { color rgbt <1,0,0,0> }
	no_shadow
}

// particle -1
sphere {
	<36.321049, 52.793663, 50.407440> 0.100000
	pigment { color rgbt <1,0,0,0> }
	no_shadow
}
sphere {
	0, 1
	scale<0.080000,0.200000,0.300000>
	matrix <-0.178353, 0.355571, 0.917474,
		-0.879890, -0.474998, 0.013040,
		0.440435, -0.804951, 0.397581,
		36.453178, 52.552177, 50.526714>
	pigment { color rgbt <0,1,1,0> }
	no_shadow
}
cylinder {
	<35.701458, 52.609192, 50.780369>,  <36.144875, 53.115643, 50.248409>, 0.130000
	pigment { color rgbt <1,0,0,0> }
	no_shadow
}

// nucleotide -1

// particle -1
sphere {
	<35.701458, 52.609192, 50.780369> 0.250000
	pigment { color rgbt <1,0,0,0> }
	no_shadow
}
cylinder {
	<36.085968, 52.712780, 50.818077>,  <36.316673, 52.774933, 50.840702>, 0.100000
	pigment { color rgbt <1,0,0,0> }
	no_shadow
}
cylinder {
	<36.085968, 52.712780, 50.818077>,  <35.701458, 52.609192, 50.780369>, 0.100000
	pigment { color rgbt <1,0,0,0> }
	no_shadow
}

// particle -1
sphere {
	<36.085968, 52.712780, 50.818077> 0.100000
	pigment { color rgbt <1,0,0,0> }
	no_shadow
}
sphere {
	0, 1
	scale<0.080000,0.200000,0.300000>
	matrix <-0.203546, 0.436555, 0.876350,
		0.185793, -0.861601, 0.472361,
		0.961275, 0.258967, 0.094267,
		36.374352, 52.790470, 50.846355>
	pigment { color rgbt <0,1,1,0> }
	no_shadow
}
cylinder {
	<35.940094, 52.746334, 51.434952>,  <35.701458, 52.609192, 50.780369>, 0.130000
	pigment { color rgbt <1,0,0,0> }
	no_shadow
}

// nucleotide -1

// particle -1
sphere {
	<35.940094, 52.746334, 51.434952> 0.250000
	pigment { color rgbt <1,0,0,0> }
	no_shadow
}
cylinder {
	<36.296635, 52.887074, 51.320618>,  <36.510559, 52.971516, 51.252018>, 0.100000
	pigment { color rgbt <1,0,0,0> }
	no_shadow
}
cylinder {
	<36.296635, 52.887074, 51.320618>,  <35.940094, 52.746334, 51.434952>, 0.100000
	pigment { color rgbt <1,0,0,0> }
	no_shadow
}

// particle -1
sphere {
	<36.296635, 52.887074, 51.320618> 0.100000
	pigment { color rgbt <1,0,0,0> }
	no_shadow
}
sphere {
	0, 1
	scale<0.080000,0.200000,0.300000>
	matrix <0.041939, 0.563830, 0.824825,
		0.451374, -0.747195, 0.487814,
		0.891349, 0.351846, -0.285835,
		36.564037, 52.992626, 51.234867>
	pigment { color rgbt <0,1,1,0> }
	no_shadow
}
cylinder {
	<36.276520, 52.908535, 52.112957>,  <35.940094, 52.746334, 51.434952>, 0.130000
	pigment { color rgbt <1,0,0,0> }
	no_shadow
}

// nucleotide -1

// particle -1
sphere {
	<36.276520, 52.908535, 52.112957> 0.250000
	pigment { color rgbt <1,0,0,0> }
	no_shadow
}
cylinder {
	<36.493366, 53.091316, 51.830879>,  <36.623474, 53.200985, 51.661633>, 0.100000
	pigment { color rgbt <1,0,0,0> }
	no_shadow
}
cylinder {
	<36.493366, 53.091316, 51.830879>,  <36.276520, 52.908535, 52.112957>, 0.100000
	pigment { color rgbt <1,0,0,0> }
	no_shadow
}

// particle -1
sphere {
	<36.493366, 53.091316, 51.830879> 0.100000
	pigment { color rgbt <1,0,0,0> }
	no_shadow
}
sphere {
	0, 1
	scale<0.080000,0.200000,0.300000>
	matrix <0.170027, 0.762208, 0.624604,
		0.822925, -0.458508, 0.335506,
		0.542112, 0.456957, -0.705198,
		36.655998, 53.228405, 51.619320>
	pigment { color rgbt <0,1,1,0> }
	no_shadow
}
cylinder {
	<36.634125, 53.460850, 52.559143>,  <36.276520, 52.908535, 52.112957>, 0.130000
	pigment { color rgbt <1,0,0,0> }
	no_shadow
}

// nucleotide -1

// particle -1
sphere {
	<36.634125, 53.460850, 52.559143> 0.250000
	pigment { color rgbt <1,0,0,0> }
	no_shadow
}
cylinder {
	<36.760345, 53.604584, 52.207848>,  <36.836079, 53.690823, 51.997070>, 0.100000
	pigment { color rgbt <1,0,0,0> }
	no_shadow
}
cylinder {
	<36.760345, 53.604584, 52.207848>,  <36.634125, 53.460850, 52.559143>, 0.100000
	pigment { color rgbt <1,0,0,0> }
	no_shadow
}

// particle -1
sphere {
	<36.760345, 53.604584, 52.207848> 0.100000
	pigment { color rgbt <1,0,0,0> }
	no_shadow
}
sphere {
	0, 1
	scale<0.080000,0.200000,0.300000>
	matrix <0.157609, 0.892824, 0.421931,
		0.935727, -0.271560, 0.225099,
		0.315553, 0.359334, -0.878240,
		36.855011, 53.712383, 51.944374>
	pigment { color rgbt <0,1,1,0> }
	no_shadow
}
cylinder {
	<37.143578, 54.112568, 52.428082>,  <36.634125, 53.460850, 52.559143>, 0.130000
	pigment { color rgbt <1,0,0,0> }
	no_shadow
}

// nucleotide -1

// particle -1
sphere {
	<37.143578, 54.112568, 52.428082> 0.250000
	pigment { color rgbt <1,0,0,0> }
	no_shadow
}
cylinder {
	<37.284824, 53.757717, 52.309212>,  <37.369572, 53.544807, 52.237888>, 0.100000
	pigment { color rgbt <1,0,0,0> }
	no_shadow
}
cylinder {
	<37.284824, 53.757717, 52.309212>,  <37.143578, 54.112568, 52.428082>, 0.100000
	pigment { color rgbt <1,0,0,0> }
	no_shadow
}

// particle -1
sphere {
	<37.284824, 53.757717, 52.309212> 0.100000
	pigment { color rgbt <1,0,0,0> }
	no_shadow
}
sphere {
	0, 1
	scale<0.080000,0.200000,0.300000>
	matrix <0.808575, 0.449173, -0.380067,
		0.470651, -0.106081, 0.875919,
		0.353121, -0.887125, -0.297178,
		37.390762, 53.491581, 52.220058>
	pigment { color rgbt <0,1,1,0> }
	no_shadow
}
cylinder {
	<37.738506, 53.962307, 52.789253>,  <37.143578, 54.112568, 52.428082>, 0.130000
	pigment { color rgbt <1,0,0,0> }
	no_shadow
}

// nucleotide -1

// particle -1
sphere {
	<37.738506, 53.962307, 52.789253> 0.250000
	pigment { color rgbt <1,0,0,0> }
	no_shadow
}
cylinder {
	<37.745998, 53.787224, 52.429684>,  <37.750496, 53.682175, 52.213943>, 0.100000
	pigment { color rgbt <1,0,0,0> }
	no_shadow
}
cylinder {
	<37.745998, 53.787224, 52.429684>,  <37.738506, 53.962307, 52.789253>, 0.100000
	pigment { color rgbt <1,0,0,0> }
	no_shadow
}

// particle -1
sphere {
	<37.745998, 53.787224, 52.429684> 0.100000
	pigment { color rgbt <1,0,0,0> }
	no_shadow
}
sphere {
	0, 1
	scale<0.080000,0.200000,0.300000>
	matrix <0.744466, 0.606255, -0.279688,
		0.667398, -0.663976, 0.337218,
		0.018734, -0.437710, -0.898921,
		37.751617, 53.655910, 52.160007>
	pigment { color rgbt <0,1,1,0> }
	no_shadow
}
cylinder {
	<38.404438, 53.705673, 52.574039>,  <37.738506, 53.962307, 52.789253>, 0.130000
	pigment { color rgbt <1,0,0,0> }
	no_shadow
}

// nucleotide -1

// particle -1
sphere {
	<38.404438, 53.705673, 52.574039> 0.250000
	pigment { color rgbt <1,0,0,0> }
	no_shadow
}
cylinder {
	<38.236481, 53.832844, 52.234013>,  <38.135708, 53.909145, 52.029995>, 0.100000
	pigment { color rgbt <1,0,0,0> }
	no_shadow
}
cylinder {
	<38.236481, 53.832844, 52.234013>,  <38.404438, 53.705673, 52.574039>, 0.100000
	pigment { color rgbt <1,0,0,0> }
	no_shadow
}

// particle -1
sphere {
	<38.236481, 53.832844, 52.234013> 0.100000
	pigment { color rgbt <1,0,0,0> }
	no_shadow
}
sphere {
	0, 1
	scale<0.080000,0.200000,0.300000>
	matrix <0.792392, 0.585090, -0.172580,
		0.442499, -0.746052, -0.497595,
		-0.419892, 0.317924, -0.850068,
		38.110512, 53.928223, 51.978992>
	pigment { color rgbt <0,1,1,0> }
	no_shadow
}
cylinder {
	<38.831699, 54.227505, 52.855118>,  <38.404438, 53.705673, 52.574039>, 0.130000
	pigment { color rgbt <1,0,0,0> }
	no_shadow
}

// nucleotide -1

// particle -1
sphere {
	<38.831699, 54.227505, 52.855118> 0.250000
	pigment { color rgbt <1,0,0,0> }
	no_shadow
}
cylinder {
	<38.764507, 54.613182, 52.773026>,  <38.724194, 54.844589, 52.723770>, 0.100000
	pigment { color rgbt <1,0,0,0> }
	no_shadow
}
cylinder {
	<38.764507, 54.613182, 52.773026>,  <38.831699, 54.227505, 52.855118>, 0.100000
	pigment { color rgbt <1,0,0,0> }
	no_shadow
}

// particle -1
sphere {
	<38.764507, 54.613182, 52.773026> 0.100000
	pigment { color rgbt <1,0,0,0> }
	no_shadow
}
sphere {
	0, 1
	scale<0.080000,0.200000,0.300000>
	matrix <0.961020, 0.113789, -0.251978,
		-0.219601, -0.239560, -0.945720,
		-0.167976, 0.964190, -0.205233,
		38.714115, 54.902439, 52.711456>
	pigment { color rgbt <0,1,1,0> }
	no_shadow
}
cylinder {
	<39.442131, 54.604172, 52.940147>,  <38.831699, 54.227505, 52.855118>, 0.130000
	pigment { color rgbt <1,0,0,0> }
	no_shadow
}

// nucleotide -1

// particle -1
sphere {
	<39.442131, 54.604172, 52.940147> 0.250000
	pigment { color rgbt <1,0,0,0> }
	no_shadow
}
cylinder {
	<39.457275, 54.217751, 53.042377>,  <39.466362, 53.985897, 53.103714>, 0.100000
	pigment { color rgbt <1,0,0,0> }
	no_shadow
}
cylinder {
	<39.457275, 54.217751, 53.042377>,  <39.442131, 54.604172, 52.940147>, 0.100000
	pigment { color rgbt <1,0,0,0> }
	no_shadow
}

// particle -1
sphere {
	<39.457275, 54.217751, 53.042377> 0.100000
	pigment { color rgbt <1,0,0,0> }
	no_shadow
}
sphere {
	0, 1
	scale<0.080000,0.200000,0.300000>
	matrix <-0.202505, -0.257866, -0.944721,
		0.978549, -0.015986, -0.205393,
		0.037862, -0.966048, 0.255572,
		39.468636, 53.927937, 53.119049>
	pigment { color rgbt <0,1,1,0> }
	no_shadow
}
cylinder {
	<39.777256, 55.177181, 52.950256>,  <39.442131, 54.604172, 52.940147>, 0.130000
	pigment { color rgbt <1,0,0,0> }
	no_shadow
}

// nucleotide -1

// particle -1
sphere {
	<39.777256, 55.177181, 52.950256> 0.250000
	pigment { color rgbt <1,0,0,0> }
	no_shadow
}
cylinder {
	<39.657349, 55.372356, 53.278172>,  <39.585403, 55.489460, 53.474922>, 0.100000
	pigment { color rgbt <1,0,0,0> }
	no_shadow
}
cylinder {
	<39.657349, 55.372356, 53.278172>,  <39.777256, 55.177181, 52.950256>, 0.100000
	pigment { color rgbt <1,0,0,0> }
	no_shadow
}

// particle -1
sphere {
	<39.657349, 55.372356, 53.278172> 0.100000
	pigment { color rgbt <1,0,0,0> }
	no_shadow
}
sphere {
	0, 1
	scale<0.080000,0.200000,0.300000>
	matrix <0.048441, -0.850414, 0.523880,
		0.952782, 0.196753, 0.231288,
		-0.299766, 0.487939, 0.819790,
		39.567417, 55.518738, 53.524109>
	pigment { color rgbt <0,1,1,0> }
	no_shadow
}
cylinder {
	<40.222210, 54.991264, 53.538750>,  <39.777256, 55.177181, 52.950256>, 0.130000
	pigment { color rgbt <1,0,0,0> }
	no_shadow
}

// nucleotide -1

// particle -1
sphere {
	<40.222210, 54.991264, 53.538750> 0.250000
	pigment { color rgbt <1,0,0,0> }
	no_shadow
}
cylinder {
	<39.848621, 55.099018, 53.632675>,  <39.624470, 55.163670, 53.689030>, 0.100000
	pigment { color rgbt <1,0,0,0> }
	no_shadow
}
cylinder {
	<39.848621, 55.099018, 53.632675>,  <40.222210, 54.991264, 53.538750>, 0.100000
	pigment { color rgbt <1,0,0,0> }
	no_shadow
}

// particle -1
sphere {
	<39.848621, 55.099018, 53.632675> 0.100000
	pigment { color rgbt <1,0,0,0> }
	no_shadow
}
sphere {
	0, 1
	scale<0.080000,0.200000,0.300000>
	matrix <-0.076517, -0.792600, 0.604921,
		0.349071, 0.547009, 0.760875,
		-0.933967, 0.269381, 0.234818,
		39.568432, 55.179832, 53.703121>
	pigment { color rgbt <0,1,1,0> }
	no_shadow
}
cylinder {
	<40.499748, 54.751446, 54.284012>,  <40.222210, 54.991264, 53.538750>, 0.130000
	pigment { color rgbt <1,0,0,0> }
	no_shadow
}

// nucleotide -1

// particle -1
sphere {
	<40.499748, 54.751446, 54.284012> 0.250000
	pigment { color rgbt <1,0,0,0> }
	no_shadow
}
cylinder {
	<40.837688, 54.882854, 54.452911>,  <41.040455, 54.961700, 54.554253>, 0.100000
	pigment { color rgbt <1,0,0,0> }
	no_shadow
}
cylinder {
	<40.837688, 54.882854, 54.452911>,  <40.499748, 54.751446, 54.284012>, 0.100000
	pigment { color rgbt <1,0,0,0> }
	no_shadow
}

// particle -1
sphere {
	<40.837688, 54.882854, 54.452911> 0.100000
	pigment { color rgbt <1,0,0,0> }
	no_shadow
}
sphere {
	0, 1
	scale<0.080000,0.200000,0.300000>
	matrix <-0.203619, -0.532414, 0.821629,
		0.494733, -0.780136, -0.382920,
		0.844854, 0.328517, 0.422253,
		41.091145, 54.981411, 54.579586>
	pigment { color rgbt <0,1,1,0> }
	no_shadow
}
cylinder {
	<41.065945, 54.259075, 54.446781>,  <40.499748, 54.751446, 54.284012>, 0.130000
	pigment { color rgbt <1,0,0,0> }
	no_shadow
}

// nucleotide -1

// particle -1
sphere {
	<41.065945, 54.259075, 54.446781> 0.250000
	pigment { color rgbt <1,0,0,0> }
	no_shadow
}
cylinder {
	<41.059967, 54.553154, 54.717857>,  <41.056381, 54.729599, 54.880505>, 0.100000
	pigment { color rgbt <1,0,0,0> }
	no_shadow
}
cylinder {
	<41.059967, 54.553154, 54.717857>,  <41.065945, 54.259075, 54.446781>, 0.100000
	pigment { color rgbt <1,0,0,0> }
	no_shadow
}

// particle -1
sphere {
	<41.059967, 54.553154, 54.717857> 0.100000
	pigment { color rgbt <1,0,0,0> }
	no_shadow
}
sphere {
	0, 1
	scale<0.080000,0.200000,0.300000>
	matrix <-0.234260, -0.661477, 0.712440,
		0.972059, -0.148109, 0.182112,
		-0.014944, 0.735195, 0.677691,
		41.055485, 54.773712, 54.921165>
	pigment { color rgbt <0,1,1,0> }
	no_shadow
}
cylinder {
	<41.792091, 54.262413, 54.795662>,  <41.065945, 54.259075, 54.446781>, 0.130000
	pigment { color rgbt <1,0,0,0> }
	no_shadow
}

// nucleotide -1

// particle -1
sphere {
	<41.792091, 54.262413, 54.795662> 0.250000
	pigment { color rgbt <1,0,0,0> }
	no_shadow
}
cylinder {
	<41.970486, 53.906124, 54.760551>,  <42.077522, 53.692348, 54.739487>, 0.100000
	pigment { color rgbt <1,0,0,0> }
	no_shadow
}
cylinder {
	<41.970486, 53.906124, 54.760551>,  <41.792091, 54.262413, 54.795662>, 0.100000
	pigment { color rgbt <1,0,0,0> }
	no_shadow
}

// particle -1
sphere {
	<41.970486, 53.906124, 54.760551> 0.100000
	pigment { color rgbt <1,0,0,0> }
	no_shadow
}
sphere {
	0, 1
	scale<0.080000,0.200000,0.300000>
	matrix <0.306099, 0.243941, -0.920215,
		0.841071, 0.383535, 0.381445,
		0.445984, -0.890727, -0.087772,
		42.104282, 53.638905, 54.734219>
	pigment { color rgbt <0,1,1,0> }
	no_shadow
}
cylinder {
	<42.328526, 54.403381, 54.392685>,  <41.792091, 54.262413, 54.795662>, 0.130000
	pigment { color rgbt <1,0,0,0> }
	no_shadow
}

// nucleotide -1

// particle -1
sphere {
	<42.328526, 54.403381, 54.392685> 0.250000
	pigment { color rgbt <1,0,0,0> }
	no_shadow
}
cylinder {
	<42.275982, 54.008301, 54.358780>,  <42.244457, 53.771252, 54.338436>, 0.100000
	pigment { color rgbt <1,0,0,0> }
	no_shadow
}
cylinder {
	<42.275982, 54.008301, 54.358780>,  <42.328526, 54.403381, 54.392685>, 0.100000
	pigment { color rgbt <1,0,0,0> }
	no_shadow
}

// particle -1
sphere {
	<42.275982, 54.008301, 54.358780> 0.100000
	pigment { color rgbt <1,0,0,0> }
	no_shadow
}
sphere {
	0, 1
	scale<0.080000,0.200000,0.300000>
	matrix <0.285058, 0.044259, -0.957488,
		0.949467, -0.149935, 0.275739,
		-0.131357, -0.987705, -0.084763,
		42.236576, 53.711990, 54.333351>
	pigment { color rgbt <0,1,1,0> }
	no_shadow
}
cylinder {
	<43.052528, 53.914913, 54.236263>,  <42.328526, 54.403381, 54.392685>, 0.130000
	pigment { color rgbt <1,0,0,0> }
	no_shadow
}

// nucleotide -1

// particle -1
sphere {
	<43.052528, 53.914913, 54.236263> 0.250000
	pigment { color rgbt <1,0,0,0> }
	no_shadow
}
cylinder {
	<42.685741, 53.846313, 54.092178>,  <42.465668, 53.805153, 54.005726>, 0.100000
	pigment { color rgbt <1,0,0,0> }
	no_shadow
}
cylinder {
	<42.685741, 53.846313, 54.092178>,  <43.052528, 53.914913, 54.236263>, 0.100000
	pigment { color rgbt <1,0,0,0> }
	no_shadow
}

// particle -1
sphere {
	<42.685741, 53.846313, 54.092178> 0.100000
	pigment { color rgbt <1,0,0,0> }
	no_shadow
}
sphere {
	0, 1
	scale<0.080000,0.200000,0.300000>
	matrix <0.318598, 0.228667, -0.919895,
		0.240141, -0.958278, -0.155038,
		-0.916967, -0.171510, -0.360217,
		42.410652, 53.794865, 53.984116>
	pigment { color rgbt <0,1,1,0> }
	no_shadow
}
cylinder {
	<43.583004, 53.472160, 54.702202>,  <43.052528, 53.914913, 54.236263>, 0.130000
	pigment { color rgbt <1,0,0,0> }
	no_shadow
}

// nucleotide -1

// particle -1
sphere {
	<43.583004, 53.472160, 54.702202> 0.250000
	pigment { color rgbt <1,0,0,0> }
	no_shadow
}
cylinder {
	<43.777737, 53.167229, 54.531628>,  <43.894577, 52.984268, 54.429283>, 0.100000
	pigment { color rgbt <1,0,0,0> }
	no_shadow
}
cylinder {
	<43.777737, 53.167229, 54.531628>,  <43.583004, 53.472160, 54.702202>, 0.100000
	pigment { color rgbt <1,0,0,0> }
	no_shadow
}

// particle -1
sphere {
	<43.777737, 53.167229, 54.531628> 0.100000
	pigment { color rgbt <1,0,0,0> }
	no_shadow
}
sphere {
	0, 1
	scale<0.080000,0.200000,0.300000>
	matrix <0.797409, 0.188580, 0.573216,
		-0.356561, -0.619105, 0.699695,
		0.486830, -0.762330, -0.426439,
		43.923786, 52.938530, 54.403694>
	pigment { color rgbt <0,1,1,0> }
	no_shadow
}
cylinder {
	<43.875858, 52.966686, 55.169518>,  <43.583004, 53.472160, 54.702202>, 0.130000
	pigment { color rgbt <1,0,0,0> }
	no_shadow
}

// nucleotide -1

// particle -1
sphere {
	<43.875858, 52.966686, 55.169518> 0.250000
	pigment { color rgbt <1,0,0,0> }
	no_shadow
}
cylinder {
	<44.101528, 52.978165, 54.839455>,  <44.236931, 52.985050, 54.641418>, 0.100000
	pigment { color rgbt <1,0,0,0> }
	no_shadow
}
cylinder {
	<44.101528, 52.978165, 54.839455>,  <43.875858, 52.966686, 55.169518>, 0.100000
	pigment { color rgbt <1,0,0,0> }
	no_shadow
}

// particle -1
sphere {
	<44.101528, 52.978165, 54.839455> 0.100000
	pigment { color rgbt <1,0,0,0> }
	no_shadow
}
sphere {
	0, 1
	scale<0.080000,0.200000,0.300000>
	matrix <0.814863, 0.141693, 0.562069,
		0.133044, -0.989495, 0.056562,
		0.564179, 0.028689, -0.825154,
		44.270782, 52.986771, 54.591908>
	pigment { color rgbt <0,1,1,0> }
	no_shadow
}
cylinder {
	<44.301144, 52.467827, 55.401608>,  <43.875858, 52.966686, 55.169518>, 0.130000
	pigment { color rgbt <1,0,0,0> }
	no_shadow
}

// nucleotide -1

// particle -1
sphere {
	<44.301144, 52.467827, 55.401608> 0.250000
	pigment { color rgbt <1,0,0,0> }
	no_shadow
}
cylinder {
	<44.480175, 52.688679, 55.120232>,  <44.587593, 52.821190, 54.951408>, 0.100000
	pigment { color rgbt <1,0,0,0> }
	no_shadow
}
cylinder {
	<44.480175, 52.688679, 55.120232>,  <44.301144, 52.467827, 55.401608>, 0.100000
	pigment { color rgbt <1,0,0,0> }
	no_shadow
}

// particle -1
sphere {
	<44.480175, 52.688679, 55.120232> 0.100000
	pigment { color rgbt <1,0,0,0> }
	no_shadow
}
sphere {
	0, 1
	scale<0.080000,0.200000,0.300000>
	matrix <0.801309, 0.101557, 0.589568,
		0.396956, -0.827552, -0.396969,
		0.447583, 0.552128, -0.703438,
		44.614449, 52.854317, 54.909199>
	pigment { color rgbt <0,1,1,0> }
	no_shadow
}
cylinder {
	<44.982452, 52.282883, 55.286972>,  <44.301144, 52.467827, 55.401608>, 0.130000
	pigment { color rgbt <1,0,0,0> }
	no_shadow
}

// nucleotide -1

// particle -1
sphere {
	<44.982452, 52.282883, 55.286972> 0.250000
	pigment { color rgbt <1,0,0,0> }
	no_shadow
}
cylinder {
	<44.940533, 52.672867, 55.208511>,  <44.915382, 52.906857, 55.161434>, 0.100000
	pigment { color rgbt <1,0,0,0> }
	no_shadow
}
cylinder {
	<44.940533, 52.672867, 55.208511>,  <44.982452, 52.282883, 55.286972>, 0.100000
	pigment { color rgbt <1,0,0,0> }
	no_shadow
}

// particle -1
sphere {
	<44.940533, 52.672867, 55.208511> 0.100000
	pigment { color rgbt <1,0,0,0> }
	no_shadow
}
sphere {
	0, 1
	scale<0.080000,0.200000,0.300000>
	matrix <0.676780, 0.214440, 0.704262,
		0.728688, -0.058945, -0.682305,
		-0.104800, 0.974957, -0.196153,
		44.909092, 52.965355, 55.149666>
	pigment { color rgbt <0,1,1,0> }
	no_shadow
}
cylinder {
	<45.665363, 52.631042, 54.972450>,  <44.982452, 52.282883, 55.286972>, 0.130000
	pigment { color rgbt <1,0,0,0> }
	no_shadow
}

// nucleotide -1

// particle -1
sphere {
	<45.665363, 52.631042, 54.972450> 0.250000
	pigment { color rgbt <1,0,0,0> }
	no_shadow
}
cylinder {
	<45.422203, 52.859768, 55.192810>,  <45.276306, 52.997002, 55.325027>, 0.100000
	pigment { color rgbt <1,0,0,0> }
	no_shadow
}
cylinder {
	<45.422203, 52.859768, 55.192810>,  <45.665363, 52.631042, 54.972450>, 0.100000
	pigment { color rgbt <1,0,0,0> }
	no_shadow
}

// particle -1
sphere {
	<45.422203, 52.859768, 55.192810> 0.100000
	pigment { color rgbt <1,0,0,0> }
	no_shadow
}
sphere {
	0, 1
	scale<0.080000,0.200000,0.300000>
	matrix <0.777587, 0.288315, 0.558778,
		0.160681, 0.768055, -0.619898,
		-0.607898, 0.571810, 0.550903,
		45.239834, 53.031311, 55.358082>
	pigment { color rgbt <0,1,1,0> }
	no_shadow
}
cylinder {
	<46.010441, 53.241467, 54.998981>,  <45.665363, 52.631042, 54.972450>, 0.130000
	pigment { color rgbt <1,0,0,0> }
	no_shadow
}

// nucleotide -1

// particle -1
sphere {
	<46.010441, 53.241467, 54.998981> 0.250000
	pigment { color rgbt <1,0,0,0> }
	no_shadow
}
cylinder {
	<45.778965, 53.213459, 55.323997>,  <45.640079, 53.196655, 55.519005>, 0.100000
	pigment { color rgbt <1,0,0,0> }
	no_shadow
}
cylinder {
	<45.778965, 53.213459, 55.323997>,  <46.010441, 53.241467, 54.998981>, 0.100000
	pigment { color rgbt <1,0,0,0> }
	no_shadow
}

// particle -1
sphere {
	<45.778965, 53.213459, 55.323997> 0.100000
	pigment { color rgbt <1,0,0,0> }
	no_shadow
}
sphere {
	0, 1
	scale<0.080000,0.200000,0.300000>
	matrix <0.768537, 0.286559, 0.572045,
		-0.272892, 0.955501, -0.112019,
		-0.578689, -0.070016, 0.812537,
		45.605358, 53.192455, 55.567760>
	pigment { color rgbt <0,1,1,0> }
	no_shadow
}
cylinder {
	<46.022495, 53.908405, 55.377354>,  <46.010441, 53.241467, 54.998981>, 0.130000
	pigment { color rgbt <1,0,0,0> }
	no_shadow
}

// nucleotide -1

// particle -1
sphere {
	<46.022495, 53.908405, 55.377354> 0.250000
	pigment { color rgbt <1,0,0,0> }
	no_shadow
}
cylinder {
	<45.954857, 53.619621, 55.645737>,  <45.914272, 53.446350, 55.806767>, 0.100000
	pigment { color rgbt <1,0,0,0> }
	no_shadow
}
cylinder {
	<45.954857, 53.619621, 55.645737>,  <46.022495, 53.908405, 55.377354>, 0.100000
	pigment { color rgbt <1,0,0,0> }
	no_shadow
}

// particle -1
sphere {
	<45.954857, 53.619621, 55.645737> 0.100000
	pigment { color rgbt <1,0,0,0> }
	no_shadow
}
sphere {
	0, 1
	scale<0.080000,0.200000,0.300000>
	matrix <0.656449, 0.425290, 0.623060,
		-0.735174, 0.545805, 0.402014,
		-0.169097, -0.721959, 0.670955,
		45.904129, 53.403034, 55.847023>
	pigment { color rgbt <0,1,1,0> }
	no_shadow
}
cylinder {
	<46.058380, 54.084373, 56.098614>,  <46.022495, 53.908405, 55.377354>, 0.130000
	pigment { color rgbt <1,0,0,0> }
	no_shadow
}

// nucleotide -1

// particle -1
sphere {
	<46.058380, 54.084373, 56.098614> 0.250000
	pigment { color rgbt <1,0,0,0> }
	no_shadow
}
cylinder {
	<46.146202, 53.695129, 56.126488>,  <46.198895, 53.461582, 56.143211>, 0.100000
	pigment { color rgbt <1,0,0,0> }
	no_shadow
}
cylinder {
	<46.146202, 53.695129, 56.126488>,  <46.058380, 54.084373, 56.098614>, 0.100000
	pigment { color rgbt <1,0,0,0> }
	no_shadow
}

// particle -1
sphere {
	<46.146202, 53.695129, 56.126488> 0.100000
	pigment { color rgbt <1,0,0,0> }
	no_shadow
}
sphere {
	0, 1
	scale<0.080000,0.200000,0.300000>
	matrix <0.787619, 0.218951, 0.575949,
		-0.575717, -0.071570, 0.814511,
		0.219558, -0.973108, 0.069684,
		46.212070, 53.403198, 56.147392>
	pigment { color rgbt <0,1,1,0> }
	no_shadow
}
cylinder {
	<46.675575, 53.651550, 56.114067>,  <46.058380, 54.084373, 56.098614>, 0.130000
	pigment { color rgbt <1,0,0,0> }
	no_shadow
}

// nucleotide -1

// particle -1
sphere {
	<46.675575, 53.651550, 56.114067> 0.250000
	pigment { color rgbt <1,0,0,0> }
	no_shadow
}
cylinder {
	<46.419846, 53.814171, 56.375137>,  <46.266407, 53.911743, 56.531780>, 0.100000
	pigment { color rgbt <1,0,0,0> }
	no_shadow
}
cylinder {
	<46.419846, 53.814171, 56.375137>,  <46.675575, 53.651550, 56.114067>, 0.100000
	pigment { color rgbt <1,0,0,0> }
	no_shadow
}

// particle -1
sphere {
	<46.419846, 53.814171, 56.375137> 0.100000
	pigment { color rgbt <1,0,0,0> }
	no_shadow
}
sphere {
	0, 1
	scale<0.080000,0.200000,0.300000>
	matrix <-0.115435, -0.889925, 0.441257,
		0.760226, 0.206763, 0.615877,
		-0.639321, 0.406549, 0.652677,
		46.228050, 53.936134, 56.570942>
	pigment { color rgbt <0,1,1,0> }
	no_shadow
}
cylinder {
	<47.257492, 54.130066, 56.383835>,  <46.675575, 53.651550, 56.114067>, 0.130000
	pigment { color rgbt <1,0,0,0> }
	no_shadow
}

// nucleotide -1

// particle -1
sphere {
	<47.257492, 54.130066, 56.383835> 0.250000
	pigment { color rgbt <1,0,0,0> }
	no_shadow
}
cylinder {
	<47.562874, 53.874325, 56.347252>,  <47.746101, 53.720879, 56.325302>, 0.100000
	pigment { color rgbt <1,0,0,0> }
	no_shadow
}
cylinder {
	<47.562874, 53.874325, 56.347252>,  <47.257492, 54.130066, 56.383835>, 0.100000
	pigment { color rgbt <1,0,0,0> }
	no_shadow
}

// particle -1
sphere {
	<47.562874, 53.874325, 56.347252> 0.100000
	pigment { color rgbt <1,0,0,0> }
	no_shadow
}
sphere {
	0, 1
	scale<0.080000,0.200000,0.300000>
	matrix <0.037503, 0.185254, -0.981975,
		0.644773, 0.746262, 0.165411,
		0.763454, -0.639354, -0.091459,
		47.791908, 53.682518, 56.319813>
	pigment { color rgbt <0,1,1,0> }
	no_shadow
}
cylinder {
	<47.811436, 54.480152, 56.065613>,  <47.257492, 54.130066, 56.383835>, 0.130000
	pigment { color rgbt <1,0,0,0> }
	no_shadow
}

// nucleotide -1

// particle -1
sphere {
	<47.811436, 54.480152, 56.065613> 0.250000
	pigment { color rgbt <1,0,0,0> }
	no_shadow
}
cylinder {
	<47.851288, 54.086529, 56.006676>,  <47.875198, 53.850357, 55.971313>, 0.100000
	pigment { color rgbt <1,0,0,0> }
	no_shadow
}
cylinder {
	<47.851288, 54.086529, 56.006676>,  <47.811436, 54.480152, 56.065613>, 0.100000
	pigment { color rgbt <1,0,0,0> }
	no_shadow
}

// particle -1
sphere {
	<47.851288, 54.086529, 56.006676> 0.100000
	pigment { color rgbt <1,0,0,0> }
	no_shadow
}
sphere {
	0, 1
	scale<0.080000,0.200000,0.300000>
	matrix <0.094143, 0.156740, -0.983143,
		0.990561, 0.084081, 0.108258,
		0.099632, -0.984054, -0.147345,
		47.881176, 53.791313, 55.962471>
	pigment { color rgbt <0,1,1,0> }
	no_shadow
}
cylinder {
	<48.434971, 54.484528, 55.728649>,  <47.811436, 54.480152, 56.065613>, 0.130000
	pigment { color rgbt <1,0,0,0> }
	no_shadow
}

// nucleotide -1

// particle -1
sphere {
	<48.434971, 54.484528, 55.728649> 0.250000
	pigment { color rgbt <1,0,0,0> }
	no_shadow
}
cylinder {
	<48.336227, 54.334507, 56.086060>,  <48.276981, 54.244495, 56.300507>, 0.100000
	pigment { color rgbt <1,0,0,0> }
	no_shadow
}
cylinder {
	<48.336227, 54.334507, 56.086060>,  <48.434971, 54.484528, 55.728649>, 0.100000
	pigment { color rgbt <1,0,0,0> }
	no_shadow
}

// particle -1
sphere {
	<48.336227, 54.334507, 56.086060> 0.100000
	pigment { color rgbt <1,0,0,0> }
	no_shadow
}
sphere {
	0, 1
	scale<0.080000,0.200000,0.300000>
	matrix <0.665106, 0.605017, 0.437709,
		-0.704765, 0.702345, 0.100095,
		-0.246863, -0.375056, 0.893528,
		48.262169, 54.221989, 56.354118>
	pigment { color rgbt <0,1,1,0> }
	no_shadow
}
cylinder {
	<48.288010, 55.090927, 56.114925>,  <48.434971, 54.484528, 55.728649>, 0.130000
	pigment { color rgbt <1,0,0,0> }
	no_shadow
}

// nucleotide -1

// particle -1
sphere {
	<48.288010, 55.090927, 56.114925> 0.250000
	pigment { color rgbt <1,0,0,0> }
	no_shadow
}
cylinder {
	<48.407730, 54.770836, 56.322792>,  <48.479565, 54.578781, 56.447514>, 0.100000
	pigment { color rgbt <1,0,0,0> }
	no_shadow
}
cylinder {
	<48.407730, 54.770836, 56.322792>,  <48.288010, 55.090927, 56.114925>, 0.100000
	pigment { color rgbt <1,0,0,0> }
	no_shadow
}

// particle -1
sphere {
	<48.407730, 54.770836, 56.322792> 0.100000
	pigment { color rgbt <1,0,0,0> }
	no_shadow
}
sphere {
	0, 1
	scale<0.080000,0.200000,0.300000>
	matrix <0.680305, 0.560857, 0.471831,
		-0.669030, 0.212310, 0.712266,
		0.299305, -0.800227, 0.519666,
		48.497520, 54.530769, 56.478691>
	pigment { color rgbt <0,1,1,0> }
	no_shadow
}
cylinder {
	<48.414810, 55.301502, 56.853584>,  <48.288010, 55.090927, 56.114925>, 0.130000
	pigment { color rgbt <1,0,0,0> }
	no_shadow
}

// nucleotide -1

// particle -1
sphere {
	<48.414810, 55.301502, 56.853584> 0.250000
	pigment { color rgbt <1,0,0,0> }
	no_shadow
}
cylinder {
	<48.609283, 54.952957, 56.827217>,  <48.725967, 54.743828, 56.811398>, 0.100000
	pigment { color rgbt <1,0,0,0> }
	no_shadow
}
cylinder {
	<48.609283, 54.952957, 56.827217>,  <48.414810, 55.301502, 56.853584>, 0.100000
	pigment { color rgbt <1,0,0,0> }
	no_shadow
}

// particle -1
sphere {
	<48.609283, 54.952957, 56.827217> 0.100000
	pigment { color rgbt <1,0,0,0> }
	no_shadow
}
sphere {
	0, 1
	scale<0.080000,0.200000,0.300000>
	matrix <0.799076, 0.412783, 0.437135,
		-0.353695, -0.265201, 0.896977,
		0.486185, -0.871366, -0.065917,
		48.755138, 54.691547, 56.807442>
	pigment { color rgbt <0,1,1,0> }
	no_shadow
}
cylinder {
	<48.648960, 55.316078, 57.497524>,  <48.414810, 55.301502, 56.853584>, 0.130000
	pigment { color rgbt <1,0,0,0> }
	no_shadow
}

// nucleotide -1

// particle -1
sphere {
	<48.648960, 55.316078, 57.497524> 0.250000
	pigment { color rgbt <1,0,0,0> }
	no_shadow
}
cylinder {
	<48.874641, 55.098831, 57.248787>,  <49.010052, 54.968483, 57.099545>, 0.100000
	pigment { color rgbt <1,0,0,0> }
	no_shadow
}
cylinder {
	<48.874641, 55.098831, 57.248787>,  <48.648960, 55.316078, 57.497524>, 0.100000
	pigment { color rgbt <1,0,0,0> }
	no_shadow
}

// particle -1
sphere {
	<48.874641, 55.098831, 57.248787> 0.100000
	pigment { color rgbt <1,0,0,0> }
	no_shadow
}
sphere {
	0, 1
	scale<0.080000,0.200000,0.300000>
	matrix <0.824921, 0.339551, 0.451897,
		-0.034287, -0.767935, 0.639609,
		0.564208, -0.543121, -0.621844,
		49.043903, 54.935894, 57.062233>
	pigment { color rgbt <0,1,1,0> }
	no_shadow
}
cylinder {
	<49.136227, 54.935287, 57.854259>,  <48.648960, 55.316078, 57.497524>, 0.130000
	pigment { color rgbt <1,0,0,0> }
	no_shadow
}

// nucleotide -1

// particle -1
sphere {
	<49.136227, 54.935287, 57.854259> 0.250000
	pigment { color rgbt <1,0,0,0> }
	no_shadow
}
cylinder {
	<49.265610, 55.049076, 57.493271>,  <49.343239, 55.117348, 57.276676>, 0.100000
	pigment { color rgbt <1,0,0,0> }
	no_shadow
}
cylinder {
	<49.265610, 55.049076, 57.493271>,  <49.136227, 54.935287, 57.854259>, 0.100000
	pigment { color rgbt <1,0,0,0> }
	no_shadow
}

// particle -1
sphere {
	<49.265610, 55.049076, 57.493271> 0.100000
	pigment { color rgbt <1,0,0,0> }
	no_shadow
}
sphere {
	0, 1
	scale<0.080000,0.200000,0.300000>
	matrix <0.860407, 0.308501, 0.405620,
		0.393799, -0.907692, -0.144974,
		0.323453, 0.284469, -0.902472,
		49.362644, 55.134418, 57.222530>
	pigment { color rgbt <0,1,1,0> }
	no_shadow
}
cylinder {
	<49.749168, 54.588108, 57.803833>,  <49.136227, 54.935287, 57.854259>, 0.130000
	pigment { color rgbt <1,0,0,0> }
	no_shadow
}

// nucleotide -1

// particle -1
sphere {
	<49.749168, 54.588108, 57.803833> 0.250000
	pigment { color rgbt <1,0,0,0> }
	no_shadow
}
cylinder {
	<49.710190, 54.930431, 57.600624>,  <49.686802, 55.135826, 57.478699>, 0.100000
	pigment { color rgbt <1,0,0,0> }
	no_shadow
}
cylinder {
	<49.710190, 54.930431, 57.600624>,  <49.749168, 54.588108, 57.803833>, 0.100000
	pigment { color rgbt <1,0,0,0> }
	no_shadow
}

// particle -1
sphere {
	<49.710190, 54.930431, 57.600624> 0.100000
	pigment { color rgbt <1,0,0,0> }
	no_shadow
}
sphere {
	0, 1
	scale<0.080000,0.200000,0.300000>
	matrix <0.871496, 0.319888, 0.371708,
		0.480624, -0.406519, -0.777009,
		-0.097450, 0.855812, -0.508025,
		49.680954, 55.187176, 57.448215>
	pigment { color rgbt <0,1,1,0> }
	no_shadow
}
cylinder {
	<50.243320, 54.650200, 57.272678>,  <49.749168, 54.588108, 57.803833>, 0.130000
	pigment { color rgbt <1,0,0,0> }
	no_shadow
}

// nucleotide -1

// particle -1
sphere {
	<50.243320, 54.650200, 57.272678> 0.250000
	pigment { color rgbt <1,0,0,0> }
	no_shadow
}
cylinder {
	<50.130280, 54.997032, 57.436783>,  <50.062454, 55.205132, 57.535244>, 0.100000
	pigment { color rgbt <1,0,0,0> }
	no_shadow
}
cylinder {
	<50.130280, 54.997032, 57.436783>,  <50.243320, 54.650200, 57.272678>, 0.100000
	pigment { color rgbt <1,0,0,0> }
	no_shadow
}

// particle -1
sphere {
	<50.130280, 54.997032, 57.436783> 0.100000
	pigment { color rgbt <1,0,0,0> }
	no_shadow
}
sphere {
	0, 1
	scale<0.080000,0.200000,0.300000>
	matrix <0.938631, 0.161786, 0.304625,
		0.197759, 0.471171, -0.859587,
		-0.282600, 0.867078, 0.410261,
		50.045498, 55.257156, 57.559860>
	pigment { color rgbt <0,1,1,0> }
	no_shadow
}
cylinder {
	<50.723370, 55.245415, 57.124191>,  <50.243320, 54.650200, 57.272678>, 0.130000
	pigment { color rgbt <1,0,0,0> }
	no_shadow
}

// nucleotide -1

// particle -1
sphere {
	<50.723370, 55.245415, 57.124191> 0.250000
	pigment { color rgbt <1,0,0,0> }
	no_shadow
}
cylinder {
	<50.529484, 55.265800, 57.473465>,  <50.413151, 55.278030, 57.683029>, 0.100000
	pigment { color rgbt <1,0,0,0> }
	no_shadow
}
cylinder {
	<50.529484, 55.265800, 57.473465>,  <50.723370, 55.245415, 57.124191>, 0.100000
	pigment { color rgbt <1,0,0,0> }
	no_shadow
}

// particle -1
sphere {
	<50.529484, 55.265800, 57.473465> 0.100000
	pigment { color rgbt <1,0,0,0> }
	no_shadow
}
sphere {
	0, 1
	scale<0.080000,0.200000,0.300000>
	matrix <0.870904, 0.120691, 0.476403,
		-0.081106, 0.991381, -0.102886,
		-0.484714, 0.050965, 0.873187,
		50.384071, 55.281090, 57.735420>
	pigment { color rgbt <0,1,1,0> }
	no_shadow
}
cylinder {
	<50.759480, 54.683670, 56.622639>,  <50.723370, 55.245415, 57.124191>, 0.130000
	pigment { color rgbt <1,0,0,0> }
	no_shadow
}

// nucleotide -1

// particle -1
sphere {
	<50.759480, 54.683670, 56.622639> 0.250000
	pigment { color rgbt <1,0,0,0> }
	no_shadow
}
cylinder {
	<50.804909, 54.301399, 56.513985>,  <50.832165, 54.072037, 56.448792>, 0.100000
	pigment { color rgbt <1,0,0,0> }
	no_shadow
}
cylinder {
	<50.804909, 54.301399, 56.513985>,  <50.759480, 54.683670, 56.622639>, 0.100000
	pigment { color rgbt <1,0,0,0> }
	no_shadow
}

// particle -1
sphere {
	<50.804909, 54.301399, 56.513985> 0.100000
	pigment { color rgbt <1,0,0,0> }
	no_shadow
}
sphere {
	0, 1
	scale<0.080000,0.200000,0.300000>
	matrix <0.967460, 0.168596, -0.188670,
		0.226104, -0.241365, 0.943727,
		0.113570, -0.955677, -0.271632,
		50.838978, 54.014698, 56.432495>
	pigment { color rgbt <0,1,1,0> }
	no_shadow
}
cylinder {
	<51.445282, 54.514736, 56.876003>,  <50.759480, 54.683670, 56.622639>, 0.130000
	pigment { color rgbt <1,0,0,0> }
	no_shadow
}

// nucleotide -1

// particle -1
sphere {
	<51.445282, 54.514736, 56.876003> 0.250000
	pigment { color rgbt <1,0,0,0> }
	no_shadow
}
cylinder {
	<51.296192, 54.318043, 56.561226>,  <51.206738, 54.200027, 56.372360>, 0.100000
	pigment { color rgbt <1,0,0,0> }
	no_shadow
}
cylinder {
	<51.296192, 54.318043, 56.561226>,  <51.445282, 54.514736, 56.876003>, 0.100000
	pigment { color rgbt <1,0,0,0> }
	no_shadow
}

// particle -1
sphere {
	<51.296192, 54.318043, 56.561226> 0.100000
	pigment { color rgbt <1,0,0,0> }
	no_shadow
}
sphere {
	0, 1
	scale<0.080000,0.200000,0.300000>
	matrix <0.861632, 0.131422, -0.490223,
		0.344481, -0.860769, 0.374711,
		-0.372724, -0.491736, -0.786939,
		51.184376, 54.170521, 56.325146>
	pigment { color rgbt <0,1,1,0> }
	no_shadow
}
cylinder {
	<51.644669, 53.737129, 56.673595>,  <51.445282, 54.514736, 56.876003>, 0.130000
	pigment { color rgbt <1,0,0,0> }
	no_shadow
}

// nucleotide -1

// particle -1
sphere {
	<51.644669, 53.737129, 56.673595> 0.250000
	pigment { color rgbt <1,0,0,0> }
	no_shadow
}
cylinder {
	<51.565266, 53.979523, 56.365471>,  <51.517624, 54.124958, 56.180595>, 0.100000
	pigment { color rgbt <1,0,0,0> }
	no_shadow
}
cylinder {
	<51.565266, 53.979523, 56.365471>,  <51.644669, 53.737129, 56.673595>, 0.100000
	pigment { color rgbt <1,0,0,0> }
	no_shadow
}

// particle -1
sphere {
	<51.565266, 53.979523, 56.365471> 0.100000
	pigment { color rgbt <1,0,0,0> }
	no_shadow
}
sphere {
	0, 1
	scale<0.080000,0.200000,0.300000>
	matrix <0.949531, -0.075854, -0.304364,
		-0.242870, -0.791853, -0.560342,
		-0.198507, 0.605983, -0.770311,
		51.505714, 54.161316, 56.134377>
	pigment { color rgbt <0,1,1,0> }
	no_shadow
}
cylinder {
	<51.815372, 53.484371, 55.930855>,  <51.644669, 53.737129, 56.673595>, 0.130000
	pigment { color rgbt <1,0,0,0> }
	no_shadow
}

// nucleotide -1

// particle -1
sphere {
	<51.815372, 53.484371, 55.930855> 0.250000
	pigment { color rgbt <1,0,0,0> }
	no_shadow
}
cylinder {
	<51.869991, 53.874699, 55.999123>,  <51.902763, 54.108894, 56.040085>, 0.100000
	pigment { color rgbt <1,0,0,0> }
	no_shadow
}
cylinder {
	<51.869991, 53.874699, 55.999123>,  <51.815372, 53.484371, 55.930855>, 0.100000
	pigment { color rgbt <1,0,0,0> }
	no_shadow
}

// particle -1
sphere {
	<51.869991, 53.874699, 55.999123> 0.100000
	pigment { color rgbt <1,0,0,0> }
	no_shadow
}
sphere {
	0, 1
	scale<0.080000,0.200000,0.300000>
	matrix <0.973226, -0.099987, -0.206964,
		-0.184895, 0.194363, -0.963347,
		0.136549, 0.975820, 0.170672,
		51.910957, 54.167446, 56.050323>
	pigment { color rgbt <0,1,1,0> }
	no_shadow
}
cylinder {
	<52.037045, 53.917236, 55.330166>,  <51.815372, 53.484371, 55.930855>, 0.130000
	pigment { color rgbt <1,0,0,0> }
	no_shadow
}

// nucleotide -1

// particle -1
sphere {
	<52.037045, 53.917236, 55.330166> 0.250000
	pigment { color rgbt <1,0,0,0> }
	no_shadow
}
cylinder {
	<52.174263, 54.070404, 55.673256>,  <52.256596, 54.162304, 55.879108>, 0.100000
	pigment { color rgbt <1,0,0,0> }
	no_shadow
}
cylinder {
	<52.174263, 54.070404, 55.673256>,  <52.037045, 53.917236, 55.330166>, 0.100000
	pigment { color rgbt <1,0,0,0> }
	no_shadow
}

// particle -1
sphere {
	<52.174263, 54.070404, 55.673256> 0.100000
	pigment { color rgbt <1,0,0,0> }
	no_shadow
}
sphere {
	0, 1
	scale<0.080000,0.200000,0.300000>
	matrix <0.938885, -0.112042, -0.325488,
		-0.028534, 0.916963, -0.397951,
		0.343047, 0.382918, 0.857725,
		52.277176, 54.185280, 55.930573>
	pigment { color rgbt <0,1,1,0> }
	no_shadow
}
cylinder {
	<52.511013, 54.525936, 55.333546>,  <52.037045, 53.917236, 55.330166>, 0.130000
	pigment { color rgbt <1,0,0,0> }
	no_shadow
}

// nucleotide -1

// particle -1
sphere {
	<52.511013, 54.525936, 55.333546> 0.250000
	pigment { color rgbt <1,0,0,0> }
	no_shadow
}
cylinder {
	<52.575836, 54.277546, 55.640305>,  <52.614731, 54.128513, 55.824360>, 0.100000
	pigment { color rgbt <1,0,0,0> }
	no_shadow
}
cylinder {
	<52.575836, 54.277546, 55.640305>,  <52.511013, 54.525936, 55.333546>, 0.100000
	pigment { color rgbt <1,0,0,0> }
	no_shadow
}

// particle -1
sphere {
	<52.575836, 54.277546, 55.640305> 0.100000
	pigment { color rgbt <1,0,0,0> }
	no_shadow
}
sphere {
	0, 1
	scale<0.080000,0.200000,0.300000>
	matrix <0.907867, -0.210703, -0.362465,
		0.386669, 0.754979, 0.529616,
		0.162062, -0.620975, 0.766894,
		52.624454, 54.091255, 55.870373>
	pigment { color rgbt <0,1,1,0> }
	no_shadow
}
cylinder {
	<52.778629, 55.186279, 55.086018>,  <52.511013, 54.525936, 55.333546>, 0.130000
	pigment { color rgbt <1,0,0,0> }
	no_shadow
}

// nucleotide -1

// particle -1
sphere {
	<52.778629, 55.186279, 55.086018> 0.250000
	pigment { color rgbt <1,0,0,0> }
	no_shadow
}
cylinder {
	<52.645954, 55.045685, 55.436203>,  <52.566349, 54.961327, 55.646317>, 0.100000
	pigment { color rgbt <1,0,0,0> }
	no_shadow
}
cylinder {
	<52.645954, 55.045685, 55.436203>,  <52.778629, 55.186279, 55.086018>, 0.100000
	pigment { color rgbt <1,0,0,0> }
	no_shadow
}

// particle -1
sphere {
	<52.645954, 55.045685, 55.436203> 0.100000
	pigment { color rgbt <1,0,0,0> }
	no_shadow
}
sphere {
	0, 1
	scale<0.080000,0.200000,0.300000>
	matrix <0.688103, 0.544701, 0.479390,
		-0.645368, 0.761418, 0.061191,
