// switches for output
#declare DRAW_BASES = 1; // possible values are 0, 1; only relevant for DNA ribbons
#declare DRAW_BASES_TYPE = 3; // possible values are 1, 2, 3; only relevant for DNA ribbons
#declare DRAW_FOG = 0; // set to 1 to enable fog

#include "colors.inc"

#include "transforms.inc"
background { rgb <1, 1, 1>}

#default {
   normal{
       ripples 0.25
       frequency 0.20
       turbulence 0.2
       lambda 5
   }
	finish {
		phong 0.1
		phong_size 40.
	}
}

// original window dimensions: 1024x640


// camera settings

camera {
	sky <-0, 1, 0>
	up <-0, 1, 0>
	right 1.6 * <0.99995, 0, 0.00999983>
	location <54.4867, 55, 106.329>
	look_at <55, 55, 55.0001>
	direction <0.513302, 0, -51.3289>
	angle 67.0682
}


# declare cpy_camera_pos = <54.4867, 55, 106.329>;
# if (DRAW_FOG = 1)
fog {
	fog_type 2
	up vnormalize(cpy_camera_pos)
	color rgbt<1,1,1,0.3>
	distance 1e-5
	fog_alt 3e-3
	fog_offset 88
}
# end


// LIGHTS

# declare lum = 6;
global_settings {
	ambient_light rgb lum * <0.05, 0.05, 0.05>
	max_trace_level 15
}# declare cpy_direct_light_amount = 0.25;
light_source
{	1000 * <-0.98995, -1, 1.00995>,
	rgb lum * cpy_direct_light_amount
	parallel
}

light_source
{	1000 * <0.98995, 1, -1.00995>,
	rgb lum * cpy_direct_light_amount
	parallel
}

// strand 0

// nucleotide -1

// particle -1
sphere {
	<36.553959, 53.069771, 49.933418> 0.250000
	pigment { color rgbt <1,0,0,0> }
	no_shadow
}
cylinder {
	<36.464161, 52.990856, 49.551701>,  <36.410282, 52.943508, 49.322670>, 0.100000
	pigment { color rgbt <1,0,0,0> }
	no_shadow
}
cylinder {
	<36.464161, 52.990856, 49.551701>,  <36.553959, 53.069771, 49.933418>, 0.100000
	pigment { color rgbt <1,0,0,0> }
	no_shadow
}

// particle -1
sphere {
	<36.464161, 52.990856, 49.551701> 0.100000
	pigment { color rgbt <1,0,0,0> }
	no_shadow
}
sphere {
	0, 1
	scale<0.080000,0.200000,0.300000>
	matrix <-0.566053, 0.823534, -0.037093,
		0.793213, 0.531855, -0.296551,
		-0.224492, -0.197286, -0.954297,
		36.396812, 52.931671, 49.265411>
	pigment { color rgbt <0,1,1,0> }
	no_shadow
}
cylinder {
	<36.822063, 53.543724, 49.301334>,  <36.553959, 53.069771, 49.933418>, 0.130000
	pigment { color rgbt <1,0,0,0> }
	no_shadow
}

// nucleotide -1

// particle -1
sphere {
	<36.822063, 53.543724, 49.301334> 0.250000
	pigment { color rgbt <1,0,0,0> }
	no_shadow
}
cylinder {
	<36.480656, 53.361004, 49.201065>,  <36.275810, 53.251373, 49.140903>, 0.100000
	pigment { color rgbt <1,0,0,0> }
	no_shadow
}
cylinder {
	<36.480656, 53.361004, 49.201065>,  <36.822063, 53.543724, 49.301334>, 0.100000
	pigment { color rgbt <1,0,0,0> }
	no_shadow
}

// particle -1
sphere {
	<36.480656, 53.361004, 49.201065> 0.100000
	pigment { color rgbt <1,0,0,0> }
	no_shadow
}
sphere {
	0, 1
	scale<0.080000,0.200000,0.300000>
	matrix <-0.405693, 0.884482, -0.230444,
		0.326985, -0.094991, -0.940243,
		-0.853519, -0.456802, -0.250675,
		36.224602, 53.223965, 49.125862>
	pigment { color rgbt <0,1,1,0> }
	no_shadow
}
cylinder {
	<37.545502, 53.398193, 49.275017>,  <36.822063, 53.543724, 49.301334>, 0.130000
	pigment { color rgbt <1,0,0,0> }
	no_shadow
}

// nucleotide -1

// particle -1
sphere {
	<37.545502, 53.398193, 49.275017> 0.250000
	pigment { color rgbt <1,0,0,0> }
	no_shadow
}
cylinder {
	<37.576672, 53.578747, 48.919449>,  <37.595375, 53.687080, 48.706108>, 0.100000
	pigment { color rgbt <1,0,0,0> }
	no_shadow
}
cylinder {
	<37.576672, 53.578747, 48.919449>,  <37.545502, 53.398193, 49.275017>, 0.100000
	pigment { color rgbt <1,0,0,0> }
	no_shadow
}

// particle -1
sphere {
	<37.576672, 53.578747, 48.919449> 0.100000
	pigment { color rgbt <1,0,0,0> }
	no_shadow
}
sphere {
	0, 1
	scale<0.080000,0.200000,0.300000>
	matrix <0.996947, -0.039721, 0.067228,
		-0.004963, -0.891445, -0.453103,
		0.077928, 0.451386, -0.888920,
		37.600048, 53.714161, 48.652771>
	pigment { color rgbt <0,1,1,0> }
	no_shadow
}
cylinder {
	<38.020535, 53.030773, 48.806736>,  <37.545502, 53.398193, 49.275017>, 0.130000
	pigment { color rgbt <1,0,0,0> }
	no_shadow
}

// nucleotide -1

// particle -1
sphere {
	<38.020535, 53.030773, 48.806736> 0.250000
	pigment { color rgbt <1,0,0,0> }
	no_shadow
}
cylinder {
	<38.030567, 53.420349, 48.716568>,  <38.036587, 53.654095, 48.662468>, 0.100000
	pigment { color rgbt <1,0,0,0> }
	no_shadow
}
cylinder {
	<38.030567, 53.420349, 48.716568>,  <38.020535, 53.030773, 48.806736>, 0.100000
	pigment { color rgbt <1,0,0,0> }
	no_shadow
}

// particle -1
sphere {
	<38.030567, 53.420349, 48.716568> 0.100000
	pigment { color rgbt <1,0,0,0> }
	no_shadow
}
sphere {
	0, 1
	scale<0.080000,0.200000,0.300000>
	matrix <0.982234, -0.065956, -0.175686,
		-0.185975, -0.217008, -0.958290,
		0.025079, 0.973939, -0.225419,
		38.038090, 53.712532, 48.648941>
	pigment { color rgbt <0,1,1,0> }
	no_shadow
}
cylinder {
	<38.313858, 53.186001, 48.164715>,  <38.020535, 53.030773, 48.806736>, 0.130000
	pigment { color rgbt <1,0,0,0> }
	no_shadow
}

// nucleotide -1

// particle -1
sphere {
	<38.313858, 53.186001, 48.164715> 0.250000
	pigment { color rgbt <1,0,0,0> }
	no_shadow
}
cylinder {
	<38.357239, 53.508785, 48.396942>,  <38.383266, 53.702454, 48.536278>, 0.100000
	pigment { color rgbt <1,0,0,0> }
	no_shadow
}
cylinder {
	<38.357239, 53.508785, 48.396942>,  <38.313858, 53.186001, 48.164715>, 0.100000
	pigment { color rgbt <1,0,0,0> }
	no_shadow
}

// particle -1
sphere {
	<38.357239, 53.508785, 48.396942> 0.100000
	pigment { color rgbt <1,0,0,0> }
	no_shadow
}
sphere {
	0, 1
	scale<0.080000,0.200000,0.300000>
	matrix <0.994096, -0.086200, -0.065893,
		-0.003127, 0.584286, -0.811542,
		0.108455, 0.806957, 0.580567,
		38.389774, 53.750874, 48.571114>
	pigment { color rgbt <0,1,1,0> }
	no_shadow
}
cylinder {
	<39.020840, 53.415920, 47.870987>,  <38.313858, 53.186001, 48.164715>, 0.130000
	pigment { color rgbt <1,0,0,0> }
	no_shadow
}

// nucleotide -1

// particle -1
sphere {
	<39.020840, 53.415920, 47.870987> 0.250000
	pigment { color rgbt <1,0,0,0> }
	no_shadow
}
cylinder {
	<38.932468, 53.607826, 48.210640>,  <38.879448, 53.722969, 48.414433>, 0.100000
	pigment { color rgbt <1,0,0,0> }
	no_shadow
}
cylinder {
	<38.932468, 53.607826, 48.210640>,  <39.020840, 53.415920, 47.870987>, 0.100000
	pigment { color rgbt <1,0,0,0> }
	no_shadow
}

// particle -1
sphere {
	<38.932468, 53.607826, 48.210640> 0.100000
	pigment { color rgbt <1,0,0,0> }
	no_shadow
}
sphere {
	0, 1
	scale<0.080000,0.200000,0.300000>
	matrix <0.971499, 0.031557, 0.234934,
		0.085917, 0.876830, -0.473062,
		-0.220926, 0.479764, 0.849128,
		38.866192, 53.751755, 48.465378>
	pigment { color rgbt <0,1,1,0> }
	no_shadow
}
cylinder {
	<39.526817, 54.029392, 47.956821>,  <39.020840, 53.415920, 47.870987>, 0.130000
	pigment { color rgbt <1,0,0,0> }
	no_shadow
}

// nucleotide -1

// particle -1
sphere {
	<39.526817, 54.029392, 47.956821> 0.250000
	pigment { color rgbt <1,0,0,0> }
	no_shadow
}
cylinder {
	<39.385468, 53.855122, 48.287956>,  <39.300659, 53.750557, 48.486637>, 0.100000
	pigment { color rgbt <1,0,0,0> }
	no_shadow
}
cylinder {
	<39.385468, 53.855122, 48.287956>,  <39.526817, 54.029392, 47.956821>, 0.100000
	pigment { color rgbt <1,0,0,0> }
	no_shadow
}

// particle -1
sphere {
	<39.385468, 53.855122, 48.287956> 0.100000
	pigment { color rgbt <1,0,0,0> }
	no_shadow
}
sphere {
	0, 1
	scale<0.080000,0.200000,0.300000>
	matrix <0.933475, -0.222180, 0.281532,
		0.061271, 0.872249, 0.485208,
		-0.353370, -0.435680, 0.827836,
		39.279457, 53.724419, 48.536308>
	pigment { color rgbt <0,1,1,0> }
	no_shadow
}
cylinder {
	<39.932034, 54.294117, 48.619678>,  <39.526817, 54.029392, 47.956821>, 0.130000
	pigment { color rgbt <1,0,0,0> }
	no_shadow
}

// nucleotide -1

// particle -1
sphere {
	<39.932034, 54.294117, 48.619678> 0.250000
	pigment { color rgbt <1,0,0,0> }
	no_shadow
}
cylinder {
	<39.764160, 53.931591, 48.639511>,  <39.663437, 53.714077, 48.651409>, 0.100000
	pigment { color rgbt <1,0,0,0> }
	no_shadow
}
cylinder {
	<39.764160, 53.931591, 48.639511>,  <39.932034, 54.294117, 48.619678>, 0.100000
	pigment { color rgbt <1,0,0,0> }
	no_shadow
}

// particle -1
sphere {
	<39.764160, 53.931591, 48.639511> 0.100000
	pigment { color rgbt <1,0,0,0> }
	no_shadow
}
sphere {
	0, 1
	scale<0.080000,0.200000,0.300000>
	matrix <0.867174, -0.384229, 0.316825,
		-0.268094, 0.175959, 0.947188,
		-0.419685, -0.906315, 0.049577,
		39.638256, 53.659695, 48.654385>
	pigment { color rgbt <0,1,1,0> }
	no_shadow
}
cylinder {
	<40.100792, 53.980640, 49.232834>,  <39.932034, 54.294117, 48.619678>, 0.130000
	pigment { color rgbt <1,0,0,0> }
	no_shadow
}

// nucleotide -1

// particle -1
sphere {
	<40.100792, 53.980640, 49.232834> 0.250000
	pigment { color rgbt <1,0,0,0> }
	no_shadow
}
cylinder {
	<40.019703, 53.719284, 48.941086>,  <39.971050, 53.562469, 48.766037>, 0.100000
	pigment { color rgbt <1,0,0,0> }
	no_shadow
}
cylinder {
	<40.019703, 53.719284, 48.941086>,  <40.100792, 53.980640, 49.232834>, 0.100000
	pigment { color rgbt <1,0,0,0> }
	no_shadow
}

// particle -1
sphere {
	<40.019703, 53.719284, 48.941086> 0.100000
	pigment { color rgbt <1,0,0,0> }
	no_shadow
}
sphere {
	0, 1
	scale<0.080000,0.200000,0.300000>
	matrix <0.835637, -0.503736, 0.219000,
		-0.510504, -0.565092, 0.648118,
		-0.202725, -0.653392, -0.729370,
		39.958885, 53.523266, 48.722275>
	pigment { color rgbt <0,1,1,0> }
	no_shadow
}
cylinder {
	<40.441700, 53.414471, 49.341736>,  <40.100792, 53.980640, 49.232834>, 0.130000
	pigment { color rgbt <1,0,0,0> }
	no_shadow
}

// nucleotide -1

// particle -1
sphere {
	<40.441700, 53.414471, 49.341736> 0.250000
	pigment { color rgbt <1,0,0,0> }
	no_shadow
}
cylinder {
	<40.322590, 53.243073, 49.000511>,  <40.251122, 53.140236, 48.795776>, 0.100000
	pigment { color rgbt <1,0,0,0> }
	no_shadow
}
cylinder {
	<40.322590, 53.243073, 49.000511>,  <40.441700, 53.414471, 49.341736>, 0.100000
	pigment { color rgbt <1,0,0,0> }
	no_shadow
}

// particle -1
sphere {
	<40.322590, 53.243073, 49.000511> 0.100000
	pigment { color rgbt <1,0,0,0> }
	no_shadow
}
sphere {
	0, 1
	scale<0.080000,0.200000,0.300000>
	matrix <0.725524, -0.682354, 0.089487,
		-0.620437, -0.592272, 0.514074,
		-0.297780, -0.428494, -0.853065,
		40.233257, 53.114525, 48.744591>
	pigment { color rgbt <0,1,1,0> }
	no_shadow
}
cylinder {
	<40.364258, 52.614513, 49.500134>,  <40.441700, 53.414471, 49.341736>, 0.130000
	pigment { color rgbt <1,0,0,0> }
	no_shadow
}

// nucleotide -1

// particle -1
sphere {
	<40.364258, 52.614513, 49.500134> 0.250000
	pigment { color rgbt <1,0,0,0> }
	no_shadow
}
cylinder {
	<40.477318, 52.716805, 49.130333>,  <40.545155, 52.778179, 48.908451>, 0.100000
	pigment { color rgbt <1,0,0,0> }
	no_shadow
}
cylinder {
	<40.477318, 52.716805, 49.130333>,  <40.364258, 52.614513, 49.500134>, 0.100000
	pigment { color rgbt <1,0,0,0> }
	no_shadow
}

// particle -1
sphere {
	<40.477318, 52.716805, 49.130333> 0.100000
	pigment { color rgbt <1,0,0,0> }
	no_shadow
}
sphere {
	0, 1
	scale<0.080000,0.200000,0.300000>
	matrix <0.612502, -0.789852, -0.031218,
		-0.738206, -0.557437, -0.379889,
		0.282655, 0.255728, -0.924505,
		40.562115, 52.793522, 48.852982>
	pigment { color rgbt <0,1,1,0> }
	no_shadow
}
cylinder {
	<40.372772, 52.049538, 49.073330>,  <40.364258, 52.614513, 49.500134>, 0.130000
	pigment { color rgbt <1,0,0,0> }
	no_shadow
}

// nucleotide -1

// particle -1
sphere {
	<40.372772, 52.049538, 49.073330> 0.250000
	pigment { color rgbt <1,0,0,0> }
	no_shadow
}
cylinder {
	<40.635262, 52.302170, 48.908176>,  <40.792755, 52.453751, 48.809086>, 0.100000
	pigment { color rgbt <1,0,0,0> }
	no_shadow
}
cylinder {
	<40.635262, 52.302170, 48.908176>,  <40.372772, 52.049538, 49.073330>, 0.100000
	pigment { color rgbt <1,0,0,0> }
	no_shadow
}

// particle -1
sphere {
	<40.635262, 52.302170, 48.908176> 0.100000
	pigment { color rgbt <1,0,0,0> }
	no_shadow
}
sphere {
	0, 1
	scale<0.080000,0.200000,0.300000>
	matrix <0.697326, -0.716653, 0.012061,
		-0.288277, -0.295830, -0.910704,
		0.656226, 0.631580, -0.412884,
		40.832130, 52.491642, 48.784309>
	pigment { color rgbt <0,1,1,0> }
	no_shadow
}
cylinder {
	<40.809223, 51.670052, 48.657082>,  <40.372772, 52.049538, 49.073330>, 0.130000
	pigment { color rgbt <1,0,0,0> }
	no_shadow
}

// nucleotide -1

// particle -1
sphere {
	<40.809223, 51.670052, 48.657082> 0.250000
	pigment { color rgbt <1,0,0,0> }
	no_shadow
}
cylinder {
	<41.005424, 52.010914, 48.730011>,  <41.123146, 52.215431, 48.773769>, 0.100000
	pigment { color rgbt <1,0,0,0> }
	no_shadow
}
cylinder {
	<41.005424, 52.010914, 48.730011>,  <40.809223, 51.670052, 48.657082>, 0.100000
	pigment { color rgbt <1,0,0,0> }
	no_shadow
}

// particle -1
sphere {
	<41.005424, 52.010914, 48.730011> 0.100000
	pigment { color rgbt <1,0,0,0> }
	no_shadow
}
sphere {
	0, 1
	scale<0.080000,0.200000,0.300000>
	matrix <0.870379, -0.489382, -0.054271,
		0.042976, 0.185307, -0.981741,
		0.490503, 0.852154, 0.182319,
		41.152576, 52.266560, 48.784706>
	pigment { color rgbt <0,1,1,0> }
	no_shadow
}
cylinder {
	<41.418068, 51.350826, 48.551514>,  <40.809223, 51.670052, 48.657082>, 0.130000
	pigment { color rgbt <1,0,0,0> }
	no_shadow
}

// nucleotide -1

// particle -1
sphere {
	<41.418068, 51.350826, 48.551514> 0.250000
	pigment { color rgbt <1,0,0,0> }
	no_shadow
}
cylinder {
	<41.534386, 51.700325, 48.707466>,  <41.604176, 51.910023, 48.801037>, 0.100000
	pigment { color rgbt <1,0,0,0> }
	no_shadow
}
cylinder {
	<41.534386, 51.700325, 48.707466>,  <41.418068, 51.350826, 48.551514>, 0.100000
	pigment { color rgbt <1,0,0,0> }
	no_shadow
}

// particle -1
sphere {
	<41.534386, 51.700325, 48.707466> 0.100000
	pigment { color rgbt <1,0,0,0> }
	no_shadow
}
sphere {
	0, 1
	scale<0.080000,0.200000,0.300000>
	matrix <0.916179, -0.371741, 0.149752,
		0.275781, 0.313658, -0.908605,
		0.290795, 0.873744, 0.389885,
		41.621624, 51.962448, 48.824432>
	pigment { color rgbt <0,1,1,0> }
	no_shadow
}
cylinder {
	<42.005516, 51.552956, 48.104420>,  <41.418068, 51.350826, 48.551514>, 0.130000
	pigment { color rgbt <1,0,0,0> }
	no_shadow
}

// nucleotide -1

// particle -1
sphere {
	<42.005516, 51.552956, 48.104420> 0.250000
	pigment { color rgbt <1,0,0,0> }
	no_shadow
}
cylinder {
	<42.002884, 51.702999, 48.475201>,  <42.001305, 51.793026, 48.697670>, 0.100000
	pigment { color rgbt <1,0,0,0> }
	no_shadow
}
cylinder {
	<42.002884, 51.702999, 48.475201>,  <42.005516, 51.552956, 48.104420>, 0.100000
	pigment { color rgbt <1,0,0,0> }
	no_shadow
}

// particle -1
sphere {
	<42.002884, 51.702999, 48.475201> 0.100000
	pigment { color rgbt <1,0,0,0> }
	no_shadow
}
sphere {
	0, 1
	scale<0.080000,0.200000,0.300000>
	matrix <0.903500, -0.395024, 0.166266,
		0.428538, 0.838599, -0.336314,
		-0.006578, 0.375111, 0.926956,
		42.000912, 51.815533, 48.753288>
	pigment { color rgbt <0,1,1,0> }
	no_shadow
}
cylinder {
	<42.512264, 52.105110, 48.223164>,  <42.005516, 51.552956, 48.104420>, 0.130000
	pigment { color rgbt <1,0,0,0> }
	no_shadow
}

// nucleotide -1

// particle -1
sphere {
	<42.512264, 52.105110, 48.223164> 0.250000
	pigment { color rgbt <1,0,0,0> }
	no_shadow
}
cylinder {
	<42.430344, 51.915123, 48.565502>,  <42.381191, 51.801132, 48.770905>, 0.100000
	pigment { color rgbt <1,0,0,0> }
	no_shadow
}
cylinder {
	<42.430344, 51.915123, 48.565502>,  <42.512264, 52.105110, 48.223164>, 0.100000
	pigment { color rgbt <1,0,0,0> }
	no_shadow
}

// particle -1
sphere {
	<42.430344, 51.915123, 48.565502> 0.100000
	pigment { color rgbt <1,0,0,0> }
	no_shadow
}
sphere {
	0, 1
	scale<0.080000,0.200000,0.300000>
	matrix <0.943713, -0.327840, 0.043886,
		0.259735, 0.816658, 0.515371,
		-0.204799, -0.474964, 0.855843,
		42.368904, 51.772633, 48.822254>
	pigment { color rgbt <0,1,1,0> }
	no_shadow
}
cylinder {
	<43.022949, 52.297321, 48.758156>,  <42.512264, 52.105110, 48.223164>, 0.130000
	pigment { color rgbt <1,0,0,0> }
	no_shadow
}

// nucleotide -1

// particle -1
sphere {
	<43.022949, 52.297321, 48.758156> 0.250000
	pigment { color rgbt <1,0,0,0> }
	no_shadow
}
cylinder {
	<42.869713, 51.944080, 48.866501>,  <42.777771, 51.732136, 48.931507>, 0.100000
	pigment { color rgbt <1,0,0,0> }
	no_shadow
}
cylinder {
	<42.869713, 51.944080, 48.866501>,  <43.022949, 52.297321, 48.758156>, 0.100000
	pigment { color rgbt <1,0,0,0> }
	no_shadow
}

// particle -1
sphere {
	<42.869713, 51.944080, 48.866501> 0.100000
	pigment { color rgbt <1,0,0,0> }
	no_shadow
}
sphere {
	0, 1
	scale<0.080000,0.200000,0.300000>
	matrix <0.922998, -0.354458, 0.149782,
		-0.036265, 0.307383, 0.950895,
		-0.383092, -0.883106, 0.270859,
		42.754784, 51.679150, 48.947758>
	pigment { color rgbt <0,1,1,0> }
	no_shadow
}
cylinder {
	<43.403484, 52.021481, 49.259892>,  <43.022949, 52.297321, 48.758156>, 0.130000
	pigment { color rgbt <1,0,0,0> }
	no_shadow
}

// nucleotide -1

// particle -1
sphere {
	<43.403484, 52.021481, 49.259892> 0.250000
	pigment { color rgbt <1,0,0,0> }
	no_shadow
}
cylinder {
	<43.299152, 51.731304, 49.005112>,  <43.236553, 51.557198, 48.852245>, 0.100000
	pigment { color rgbt <1,0,0,0> }
	no_shadow
}
cylinder {
	<43.299152, 51.731304, 49.005112>,  <43.403484, 52.021481, 49.259892>, 0.100000
	pigment { color rgbt <1,0,0,0> }
	no_shadow
}

// particle -1
sphere {
	<43.299152, 51.731304, 49.005112> 0.100000
	pigment { color rgbt <1,0,0,0> }
	no_shadow
}
sphere {
	0, 1
	scale<0.080000,0.200000,0.300000>
	matrix <0.961972, -0.250743, -0.108347,
		-0.081111, -0.640987, 0.763254,
		-0.260829, -0.725441, -0.636949,
		43.220905, 51.513672, 48.814026>
	pigment { color rgbt <0,1,1,0> }
	no_shadow
}
cylinder {
	<43.534943, 51.296543, 49.460678>,  <43.403484, 52.021481, 49.259892>, 0.130000
	pigment { color rgbt <1,0,0,0> }
	no_shadow
}

// nucleotide -1

// particle -1
sphere {
	<43.534943, 51.296543, 49.460678> 0.250000
	pigment { color rgbt <1,0,0,0> }
	no_shadow
}
cylinder {
	<43.791824, 51.011528, 49.573723>,  <43.945953, 50.840519, 49.641552>, 0.100000
	pigment { color rgbt <1,0,0,0> }
	no_shadow
}
cylinder {
	<43.791824, 51.011528, 49.573723>,  <43.534943, 51.296543, 49.460678>, 0.100000
	pigment { color rgbt <1,0,0,0> }
	no_shadow
}

// particle -1
sphere {
	<43.791824, 51.011528, 49.573723> 0.100000
	pigment { color rgbt <1,0,0,0> }
	no_shadow
}
sphere {
	0, 1
	scale<0.080000,0.200000,0.300000>
	matrix <0.602776, 0.241665, -0.760434,
		0.473537, 0.658706, 0.584696,
		0.642203, -0.712534, 0.282615,
		43.984486, 50.797768, 49.658508>
	pigment { color rgbt <0,1,1,0> }
	no_shadow
}
cylinder {
	<44.232311, 51.528812, 49.471149>,  <43.534943, 51.296543, 49.460678>, 0.130000
	pigment { color rgbt <1,0,0,0> }
	no_shadow
}

// nucleotide -1

// particle -1
sphere {
	<44.232311, 51.528812, 49.471149> 0.250000
	pigment { color rgbt <1,0,0,0> }
	no_shadow
}
cylinder {
	<44.255188, 51.131165, 49.434353>,  <44.268913, 50.892578, 49.412273>, 0.100000
	pigment { color rgbt <1,0,0,0> }
	no_shadow
}
cylinder {
	<44.255188, 51.131165, 49.434353>,  <44.232311, 51.528812, 49.471149>, 0.100000
	pigment { color rgbt <1,0,0,0> }
	no_shadow
}

// particle -1
sphere {
	<44.255188, 51.131165, 49.434353> 0.100000
	pigment { color rgbt <1,0,0,0> }
	no_shadow
}
sphere {
	0, 1
	scale<0.080000,0.200000,0.300000>
	matrix <0.640467, 0.107221, -0.760464,
		0.765853, -0.015424, 0.642830,
		0.057195, -0.994116, -0.091994,
		44.272346, 50.832932, 49.406754>
	pigment { color rgbt <0,1,1,0> }
	no_shadow
}
cylinder {
	<44.856815, 51.409328, 49.117123>,  <44.232311, 51.528812, 49.471149>, 0.130000
	pigment { color rgbt <1,0,0,0> }
	no_shadow
}

// nucleotide -1

// particle -1
sphere {
	<44.856815, 51.409328, 49.117123> 0.250000
	pigment { color rgbt <1,0,0,0> }
	no_shadow
}
cylinder {
	<44.729729, 51.032509, 49.160202>,  <44.653477, 50.806416, 49.186050>, 0.100000
	pigment { color rgbt <1,0,0,0> }
	no_shadow
}
cylinder {
	<44.729729, 51.032509, 49.160202>,  <44.856815, 51.409328, 49.117123>, 0.100000
	pigment { color rgbt <1,0,0,0> }
	no_shadow
}

// particle -1
sphere {
	<44.729729, 51.032509, 49.160202> 0.100000
	pigment { color rgbt <1,0,0,0> }
	no_shadow
}
sphere {
	0, 1
	scale<0.080000,0.200000,0.300000>
	matrix <0.773341, -0.323174, -0.545438,
		0.548635, -0.090007, 0.831203,
		-0.317716, -0.942049, 0.107699,
		44.634415, 50.749893, 49.192513>
	pigment { color rgbt <0,1,1,0> }
	no_shadow
}
cylinder {
	<45.380486, 51.010231, 49.491314>,  <44.856815, 51.409328, 49.117123>, 0.130000
	pigment { color rgbt <1,0,0,0> }
	no_shadow
}

// nucleotide -1

// particle -1
sphere {
	<45.380486, 51.010231, 49.491314> 0.250000
	pigment { color rgbt <1,0,0,0> }
	no_shadow
}
cylinder {
	<45.176922, 50.805202, 49.214684>,  <45.054783, 50.682186, 49.048706>, 0.100000
	pigment { color rgbt <1,0,0,0> }
	no_shadow
}
cylinder {
	<45.176922, 50.805202, 49.214684>,  <45.380486, 51.010231, 49.491314>, 0.100000
	pigment { color rgbt <1,0,0,0> }
	no_shadow
}

// particle -1
sphere {
	<45.176922, 50.805202, 49.214684> 0.100000
	pigment { color rgbt <1,0,0,0> }
	no_shadow
}
sphere {
	0, 1
	scale<0.080000,0.200000,0.300000>
	matrix <0.859274, -0.350648, -0.372417,
		-0.051608, -0.783780, 0.618890,
		-0.508905, -0.512576, -0.691578,
		45.024250, 50.651428, 49.007210>
	pigment { color rgbt <0,1,1,0> }
	no_shadow
}
cylinder {
	<45.601765, 50.228546, 49.490990>,  <45.380486, 51.010231, 49.491314>, 0.130000
	pigment { color rgbt <1,0,0,0> }
	no_shadow
}

// nucleotide -1

// particle -1
sphere {
	<45.601765, 50.228546, 49.490990> 0.250000
	pigment { color rgbt <1,0,0,0> }
	no_shadow
}
cylinder {
	<45.447155, 50.367973, 49.149441>,  <45.354389, 50.451630, 48.944511>, 0.100000
	pigment { color rgbt <1,0,0,0> }
	no_shadow
}
cylinder {
	<45.447155, 50.367973, 49.149441>,  <45.601765, 50.228546, 49.490990>, 0.100000
	pigment { color rgbt <1,0,0,0> }
	no_shadow
}

// particle -1
sphere {
	<45.447155, 50.367973, 49.149441> 0.100000
	pigment { color rgbt <1,0,0,0> }
	no_shadow
}
sphere {
	0, 1
	scale<0.080000,0.200000,0.300000>
	matrix <0.699377, -0.492765, -0.517740,
		-0.601226, -0.797298, -0.053314,
		-0.386522, 0.348565, -0.853875,
		45.331200, 50.472542, 48.893280>
	pigment { color rgbt <0,1,1,0> }
	no_shadow
}
cylinder {
	<45.216492, 49.674156, 49.021126>,  <45.601765, 50.228546, 49.490990>, 0.130000
	pigment { color rgbt <1,0,0,0> }
	no_shadow
}

// nucleotide -1

// particle -1
sphere {
	<45.216492, 49.674156, 49.021126> 0.250000
	pigment { color rgbt <1,0,0,0> }
	no_shadow
}
cylinder {
	<45.401249, 49.983616, 48.847637>,  <45.512104, 50.169292, 48.743542>, 0.100000
	pigment { color rgbt <1,0,0,0> }
	no_shadow
}
cylinder {
	<45.401249, 49.983616, 48.847637>,  <45.216492, 49.674156, 49.021126>, 0.100000
	pigment { color rgbt <1,0,0,0> }
	no_shadow
}

// particle -1
sphere {
	<45.401249, 49.983616, 48.847637> 0.100000
	pigment { color rgbt <1,0,0,0> }
	no_shadow
}
sphere {
	0, 1
	scale<0.080000,0.200000,0.300000>
	matrix <0.670074, -0.624766, -0.400835,
		-0.581084, -0.105486, -0.806978,
		0.461890, 0.773654, -0.433725,
		45.539818, 50.215714, 48.717518>
	pigment { color rgbt <0,1,1,0> }
	no_shadow
}
cylinder {
	<44.812180, 49.087456, 49.108303>,  <45.216492, 49.674156, 49.021126>, 0.130000
	pigment { color rgbt <1,0,0,0> }
	no_shadow
}

// nucleotide -1

// particle -1
sphere {
	<44.812180, 49.087456, 49.108303> 0.250000
	pigment { color rgbt <1,0,0,0> }
	no_shadow
}
cylinder {
	<44.563187, 48.833782, 49.291748>,  <44.413792, 48.681580, 49.401814>, 0.100000
	pigment { color rgbt <1,0,0,0> }
	no_shadow
}
cylinder {
	<44.563187, 48.833782, 49.291748>,  <44.812180, 49.087456, 49.108303>, 0.100000
	pigment { color rgbt <1,0,0,0> }
	no_shadow
}

// particle -1
sphere {
	<44.563187, 48.833782, 49.291748> 0.100000
	pigment { color rgbt <1,0,0,0> }
	no_shadow
}
sphere {
	0, 1
	scale<0.080000,0.200000,0.300000>
	matrix <0.706984, -0.706999, -0.018055,
		0.335688, 0.312991, 0.888454,
		-0.622485, -0.634184, 0.458611,
		44.376442, 48.643528, 49.429333>
	pigment { color rgbt <0,1,1,0> }
	no_shadow
}
cylinder {
	<44.954197, 48.353992, 49.623238>,  <44.812180, 49.087456, 49.108303>, 0.130000
	pigment { color rgbt <1,0,0,0> }
	no_shadow
}

// nucleotide -1

// particle -1
sphere {
	<44.954197, 48.353992, 49.623238> 0.250000
	pigment { color rgbt <1,0,0,0> }
	no_shadow
}
cylinder {
	<45.149284, 48.685459, 49.733109>,  <45.266335, 48.884338, 49.799030>, 0.100000
	pigment { color rgbt <1,0,0,0> }
	no_shadow
}
cylinder {
	<45.149284, 48.685459, 49.733109>,  <44.954197, 48.353992, 49.623238>, 0.100000
	pigment { color rgbt <1,0,0,0> }
	no_shadow
}

// particle -1
sphere {
	<45.149284, 48.685459, 49.733109> 0.100000
	pigment { color rgbt <1,0,0,0> }
	no_shadow
}
sphere {
	0, 1
	scale<0.080000,0.200000,0.300000>
	matrix <0.872494, -0.473425, -0.120929,
		0.029831, 0.298634, -0.953901,
		0.487714, 0.828665, 0.274679,
		45.295597, 48.934059, 49.815514>
	pigment { color rgbt <0,1,1,0> }
	no_shadow
}
cylinder {
	<45.566090, 48.262547, 49.242027>,  <44.954197, 48.353992, 49.623238>, 0.130000
	pigment { color rgbt <1,0,0,0> }
	no_shadow
}

// nucleotide -1

// particle -1
sphere {
	<45.566090, 48.262547, 49.242027> 0.250000
	pigment { color rgbt <1,0,0,0> }
	no_shadow
}
cylinder {
	<45.666946, 48.501472, 49.546562>,  <45.727459, 48.644829, 49.729282>, 0.100000
	pigment { color rgbt <1,0,0,0> }
	no_shadow
}
cylinder {
	<45.666946, 48.501472, 49.546562>,  <45.566090, 48.262547, 49.242027>, 0.100000
	pigment { color rgbt <1,0,0,0> }
	no_shadow
}

// particle -1
sphere {
	<45.666946, 48.501472, 49.546562> 0.100000
	pigment { color rgbt <1,0,0,0> }
	no_shadow
}
sphere {
	0, 1
	scale<0.080000,0.200000,0.300000>
	matrix <0.902960, -0.428141, 0.036858,
		0.347977, 0.678166, -0.647304,
		0.252142, 0.597315, 0.761340,
		45.742588, 48.680668, 49.774963>
	pigment { color rgbt <0,1,1,0> }
	no_shadow
}
cylinder {
	<46.320892, 48.118130, 49.314316>,  <45.566090, 48.262547, 49.242027>, 0.130000
	pigment { color rgbt <1,0,0,0> }
	no_shadow
}

// nucleotide -1

// particle -1
sphere {
	<46.320892, 48.118130, 49.314316> 0.250000
	pigment { color rgbt <1,0,0,0> }
	no_shadow
}
cylinder {
	<46.360554, 48.345222, 49.641205>,  <46.384350, 48.481476, 49.837337>, 0.100000
	pigment { color rgbt <1,0,0,0> }
	no_shadow
}
cylinder {
	<46.360554, 48.345222, 49.641205>,  <46.320892, 48.118130, 49.314316>, 0.100000
	pigment { color rgbt <1,0,0,0> }
	no_shadow
}

// particle -1
sphere {
	<46.360554, 48.345222, 49.641205> 0.100000
	pigment { color rgbt <1,0,0,0> }
	no_shadow
}
sphere {
	0, 1
	scale<0.080000,0.200000,0.300000>
	matrix <0.994829, -0.038399, -0.094028,
		-0.022002, 0.822319, -0.568601,
		0.099155, 0.567729, 0.817222,
		46.390301, 48.515541, 49.886372>
	pigment { color rgbt <0,1,1,0> }
	no_shadow
}
cylinder {
	<46.719872, 48.564487, 49.185719>,  <46.320892, 48.118130, 49.314316>, 0.130000
	pigment { color rgbt <1,0,0,0> }
	no_shadow
}

// nucleotide -1

// particle -1
sphere {
	<46.719872, 48.564487, 49.185719> 0.250000
	pigment { color rgbt <1,0,0,0> }
	no_shadow
}
cylinder {
	<46.765411, 48.532921, 49.581863>,  <46.792736, 48.513981, 49.819550>, 0.100000
	pigment { color rgbt <1,0,0,0> }
	no_shadow
}
cylinder {
	<46.765411, 48.532921, 49.581863>,  <46.719872, 48.564487, 49.185719>, 0.100000
	pigment { color rgbt <1,0,0,0> }
	no_shadow
}

// particle -1
sphere {
	<46.765411, 48.532921, 49.581863> 0.100000
	pigment { color rgbt <1,0,0,0> }
	no_shadow
}
sphere {
	0, 1
	scale<0.080000,0.200000,0.300000>
	matrix <0.993410, 0.022347, -0.112420,
		-0.013260, 0.996631, 0.080937,
		0.113850, -0.078913, 0.990359,
		46.799564, 48.509247, 49.878971>
	pigment { color rgbt <0,1,1,0> }
	no_shadow
}
cylinder {
	<47.212399, 49.143856, 49.368206>,  <46.719872, 48.564487, 49.185719>, 0.130000
	pigment { color rgbt <1,0,0,0> }
	no_shadow
}

// nucleotide -1

// particle -1
sphere {
	<47.212399, 49.143856, 49.368206> 0.250000
	pigment { color rgbt <1,0,0,0> }
	no_shadow
}
cylinder {
	<47.229187, 48.834671, 49.621429>,  <47.239258, 48.649158, 49.773365>, 0.100000
	pigment { color rgbt <1,0,0,0> }
	no_shadow
}
cylinder {
	<47.229187, 48.834671, 49.621429>,  <47.212399, 49.143856, 49.368206>, 0.100000
	pigment { color rgbt <1,0,0,0> }
	no_shadow
}

// particle -1
sphere {
	<47.229187, 48.834671, 49.621429> 0.100000
	pigment { color rgbt <1,0,0,0> }
	no_shadow
}
sphere {
	0, 1
	scale<0.080000,0.200000,0.300000>
	matrix <0.969633, 0.184307, 0.160756,
		-0.240936, 0.607090, 0.757227,
		0.041969, -0.772964, 0.633060,
		47.241779, 48.602783, 49.811348>
	pigment { color rgbt <0,1,1,0> }
	no_shadow
}
cylinder {
	<47.648968, 49.351822, 50.023918>,  <47.212399, 49.143856, 49.368206>, 0.130000
	pigment { color rgbt <1,0,0,0> }
	no_shadow
}

// nucleotide -1

// particle -1
sphere {
	<47.648968, 49.351822, 50.023918> 0.250000
	pigment { color rgbt <1,0,0,0> }
	no_shadow
}
cylinder {
	<47.676956, 48.952831, 50.019226>,  <47.693748, 48.713436, 50.016411>, 0.100000
	pigment { color rgbt <1,0,0,0> }
	no_shadow
}
cylinder {
	<47.676956, 48.952831, 50.019226>,  <47.648968, 49.351822, 50.023918>, 0.100000
	pigment { color rgbt <1,0,0,0> }
	no_shadow
}

// particle -1
sphere {
	<47.676956, 48.952831, 50.019226> 0.100000
	pigment { color rgbt <1,0,0,0> }
	no_shadow
}
sphere {
	0, 1
	scale<0.080000,0.200000,0.300000>
	matrix <0.925736, 0.060548, 0.373293,
		-0.371642, -0.036973, 0.927639,
		0.069968, -0.997480, -0.011726,
		47.697948, 48.653587, 50.015709>
	pigment { color rgbt <0,1,1,0> }
	no_shadow
}
cylinder {
	<47.869717, 49.149677, 50.758152>,  <47.648968, 49.351822, 50.023918>, 0.130000
	pigment { color rgbt <1,0,0,0> }
	no_shadow
}

// nucleotide -1

// particle -1
sphere {
	<47.869717, 49.149677, 50.758152> 0.250000
	pigment { color rgbt <1,0,0,0> }
	no_shadow
}
cylinder {
	<47.973652, 48.925907, 50.443314>,  <48.036011, 48.791645, 50.254410>, 0.100000
	pigment { color rgbt <1,0,0,0> }
	no_shadow
}
cylinder {
	<47.973652, 48.925907, 50.443314>,  <47.869717, 49.149677, 50.758152>, 0.100000
	pigment { color rgbt <1,0,0,0> }
	no_shadow
}

// particle -1
sphere {
	<47.973652, 48.925907, 50.443314> 0.100000
	pigment { color rgbt <1,0,0,0> }
	no_shadow
}
sphere {
	0, 1
	scale<0.080000,0.200000,0.300000>
	matrix <0.958206, 0.048332, 0.281967,
		-0.119698, -0.827469, 0.548605,
		0.259835, -0.559427, -0.787101,
		48.051601, 48.758080, 50.207184>
	pigment { color rgbt <0,1,1,0> }
	no_shadow
}
cylinder {
	<48.276321, 48.520554, 50.911259>,  <47.869717, 49.149677, 50.758152>, 0.130000
	pigment { color rgbt <1,0,0,0> }
	no_shadow
}

// nucleotide -1

// particle -1
sphere {
	<48.276321, 48.520554, 50.911259> 0.250000
	pigment { color rgbt <1,0,0,0> }
	no_shadow
}
cylinder {
	<48.359970, 48.709545, 50.568790>,  <48.410160, 48.822941, 50.363308>, 0.100000
	pigment { color rgbt <1,0,0,0> }
	no_shadow
}
cylinder {
	<48.359970, 48.709545, 50.568790>,  <48.276321, 48.520554, 50.911259>, 0.100000
	pigment { color rgbt <1,0,0,0> }
	no_shadow
}

// particle -1
sphere {
	<48.359970, 48.709545, 50.568790> 0.100000
	pigment { color rgbt <1,0,0,0> }
	no_shadow
}
sphere {
	0, 1
	scale<0.080000,0.200000,0.300000>
	matrix <0.957698, 0.078053, 0.276989,
		0.197699, -0.877878, -0.436171,
		0.209118, 0.472480, -0.856173,
		48.422707, 48.851288, 50.311939>
	pigment { color rgbt <0,1,1,0> }
	no_shadow
}
cylinder {
	<48.771824, 48.063255, 50.498363>,  <48.276321, 48.520554, 50.911259>, 0.130000
	pigment { color rgbt <1,0,0,0> }
	no_shadow
}

// nucleotide -1

// particle -1
sphere {
	<48.771824, 48.063255, 50.498363> 0.250000
	pigment { color rgbt <1,0,0,0> }
	no_shadow
}
cylinder {
	<48.789238, 48.462254, 50.476036>,  <48.799686, 48.701653, 50.462639>, 0.100000
	pigment { color rgbt <1,0,0,0> }
	no_shadow
}
cylinder {
	<48.789238, 48.462254, 50.476036>,  <48.771824, 48.063255, 50.498363>, 0.100000
	pigment { color rgbt <1,0,0,0> }
	no_shadow
}

// particle -1
sphere {
	<48.789238, 48.462254, 50.476036> 0.100000
	pigment { color rgbt <1,0,0,0> }
	no_shadow
}
sphere {
	0, 1
	scale<0.080000,0.200000,0.300000>
	matrix <0.874642, -0.011054, 0.484643,
		0.482810, -0.069922, -0.872929,
		0.043536, 0.997491, -0.055820,
		48.802299, 48.761501, 50.459290>
	pigment { color rgbt <0,1,1,0> }
	no_shadow
}
cylinder {
	<49.412052, 48.267937, 50.237446>,  <48.771824, 48.063255, 50.498363>, 0.130000
	pigment { color rgbt <1,0,0,0> }
	no_shadow
}

// nucleotide -1

// particle -1
sphere {
	<49.412052, 48.267937, 50.237446> 0.250000
	pigment { color rgbt <1,0,0,0> }
	no_shadow
}
cylinder {
	<49.218674, 48.516171, 50.484398>,  <49.102646, 48.665112, 50.632568>, 0.100000
	pigment { color rgbt <1,0,0,0> }
	no_shadow
}
cylinder {
	<49.218674, 48.516171, 50.484398>,  <49.412052, 48.267937, 50.237446>, 0.100000
	pigment { color rgbt <1,0,0,0> }
	no_shadow
}

// particle -1
sphere {
	<49.218674, 48.516171, 50.484398> 0.100000
	pigment { color rgbt <1,0,0,0> }
	no_shadow
}
sphere {
	0, 1
	scale<0.080000,0.200000,0.300000>
	matrix <0.725489, -0.110619, 0.679286,
		0.489846, 0.776301, -0.396747,
		-0.483442, 0.620581, 0.617384,
		49.073643, 48.702343, 50.669613>
	pigment { color rgbt <0,1,1,0> }
	no_shadow
}
cylinder {
	<49.877712, 48.806313, 50.405254>,  <49.412052, 48.267937, 50.237446>, 0.130000
	pigment { color rgbt <1,0,0,0> }
	no_shadow
}

// nucleotide -1

// particle -1
sphere {
	<49.877712, 48.806313, 50.405254> 0.250000
	pigment { color rgbt <1,0,0,0> }
	no_shadow
}
cylinder {
	<49.617558, 48.747707, 50.703392>,  <49.461464, 48.712543, 50.882275>, 0.100000
	pigment { color rgbt <1,0,0,0> }
	no_shadow
}
cylinder {
	<49.617558, 48.747707, 50.703392>,  <49.877712, 48.806313, 50.405254>, 0.100000
	pigment { color rgbt <1,0,0,0> }
	no_shadow
}

// particle -1
sphere {
	<49.617558, 48.747707, 50.703392> 0.100000
	pigment { color rgbt <1,0,0,0> }
	no_shadow
}
sphere {
	0, 1
	scale<0.080000,0.200000,0.300000>
	matrix <0.696870, 0.275379, 0.662222,
		-0.302274, 0.950106, -0.077004,
		-0.650386, -0.146511, 0.745340,
		49.422443, 48.703754, 50.926994>
	pigment { color rgbt <0,1,1,0> }
	no_shadow
}
cylinder {
	<49.723404, 49.428814, 50.814701>,  <49.877712, 48.806313, 50.405254>, 0.130000
	pigment { color rgbt <1,0,0,0> }
	no_shadow
}

// nucleotide -1

// particle -1
sphere {
	<49.723404, 49.428814, 50.814701> 0.250000
	pigment { color rgbt <1,0,0,0> }
	no_shadow
}
cylinder {
	<49.671181, 49.133907, 51.079849>,  <49.639847, 48.956963, 51.238937>, 0.100000
	pigment { color rgbt <1,0,0,0> }
	no_shadow
}
cylinder {
	<49.671181, 49.133907, 51.079849>,  <49.723404, 49.428814, 50.814701>, 0.100000
	pigment { color rgbt <1,0,0,0> }
	no_shadow
}

// particle -1
sphere {
	<49.671181, 49.133907, 51.079849> 0.100000
	pigment { color rgbt <1,0,0,0> }
	no_shadow
}
sphere {
	0, 1
	scale<0.080000,0.200000,0.300000>
	matrix <0.595862, 0.476023, 0.646801,
		-0.792404, 0.479423, 0.377160,
		-0.130555, -0.737262, 0.662872,
		49.632015, 48.912727, 51.278709>
	pigment { color rgbt <0,1,1,0> }
	no_shadow
}
cylinder {
	<49.622894, 49.657310, 51.541737>,  <49.723404, 49.428814, 50.814701>, 0.130000
	pigment { color rgbt <1,0,0,0> }
	no_shadow
}

// nucleotide -1

// particle -1
sphere {
	<49.622894, 49.657310, 51.541737> 0.250000
	pigment { color rgbt <1,0,0,0> }
	no_shadow
}
cylinder {
	<49.810753, 49.304745, 51.521580>,  <49.923470, 49.093204, 51.509487>, 0.100000
	pigment { color rgbt <1,0,0,0> }
	no_shadow
}
cylinder {
	<49.810753, 49.304745, 51.521580>,  <49.622894, 49.657310, 51.541737>, 0.100000
	pigment { color rgbt <1,0,0,0> }
	no_shadow
}

// particle -1
sphere {
	<49.810753, 49.304745, 51.521580> 0.100000
	pigment { color rgbt <1,0,0,0> }
	no_shadow
}
sphere {
	0, 1
	scale<0.080000,0.200000,0.300000>
	matrix <0.759315, 0.374153, 0.532400,
		-0.450412, -0.288301, 0.844992,
		0.469648, -0.881415, -0.050388,
		49.951649, 49.040321, 51.506462>
	pigment { color rgbt <0,1,1,0> }
	no_shadow
}
cylinder {
	<49.868950, 49.631226, 52.233444>,  <49.622894, 49.657310, 51.541737>, 0.130000
	pigment { color rgbt <1,0,0,0> }
	no_shadow
}

// nucleotide -1

// particle -1
sphere {
	<49.868950, 49.631226, 52.233444> 0.250000
	pigment { color rgbt <1,0,0,0> }
	no_shadow
}
cylinder {
	<50.077995, 49.366882, 52.017982>,  <50.203423, 49.208275, 51.888706>, 0.100000
	pigment { color rgbt <1,0,0,0> }
	no_shadow
}
cylinder {
	<50.077995, 49.366882, 52.017982>,  <49.868950, 49.631226, 52.233444>, 0.100000
	pigment { color rgbt <1,0,0,0> }
	no_shadow
}

// particle -1
sphere {
	<50.077995, 49.366882, 52.017982> 0.100000
	pigment { color rgbt <1,0,0,0> }
	no_shadow
}
sphere {
	0, 1
	scale<0.080000,0.200000,0.300000>
	matrix <0.839192, 0.287246, 0.461787,
		-0.150451, -0.693365, 0.704705,
		0.522610, -0.660859, -0.538649,
		50.234779, 49.168625, 51.856388>
	pigment { color rgbt <0,1,1,0> }
	no_shadow
}
cylinder {
	<50.353580, 49.222633, 52.661915>,  <49.868950, 49.631226, 52.233444>, 0.130000
	pigment { color rgbt <1,0,0,0> }
	no_shadow
}

// nucleotide -1

// particle -1
sphere {
	<50.353580, 49.222633, 52.661915> 0.250000
	pigment { color rgbt <1,0,0,0> }
	no_shadow
}
cylinder {
	<50.508247, 49.254536, 52.294411>,  <50.601048, 49.273678, 52.073906>, 0.100000
	pigment { color rgbt <1,0,0,0> }
	no_shadow
}
cylinder {
	<50.508247, 49.254536, 52.294411>,  <50.353580, 49.222633, 52.661915>, 0.100000
	pigment { color rgbt <1,0,0,0> }
	no_shadow
}

// particle -1
sphere {
	<50.508247, 49.254536, 52.294411> 0.100000
	pigment { color rgbt <1,0,0,0> }
	no_shadow
}
sphere {
	0, 1
	scale<0.080000,0.200000,0.300000>
	matrix <0.900399, 0.182784, 0.394806,
		0.199427, -0.979912, -0.001143,
		0.386666, 0.079764, -0.918764,
		50.624249, 49.278465, 52.018780>
	pigment { color rgbt <0,1,1,0> }
	no_shadow
}
cylinder {
	<50.814991, 48.719372, 52.547688>,  <50.353580, 49.222633, 52.661915>, 0.130000
	pigment { color rgbt <1,0,0,0> }
	no_shadow
}

// nucleotide -1

// particle -1
sphere {
	<50.814991, 48.719372, 52.547688> 0.250000
	pigment { color rgbt <1,0,0,0> }
	no_shadow
}
cylinder {
	<50.881725, 49.070999, 52.369068>,  <50.921764, 49.281975, 52.261898>, 0.100000
	pigment { color rgbt <1,0,0,0> }
	no_shadow
}
cylinder {
	<50.881725, 49.070999, 52.369068>,  <50.814991, 48.719372, 52.547688>, 0.100000
	pigment { color rgbt <1,0,0,0> }
	no_shadow
}

// particle -1
sphere {
	<50.881725, 49.070999, 52.369068> 0.100000
	pigment { color rgbt <1,0,0,0> }
	no_shadow
}
sphere {
	0, 1
	scale<0.080000,0.200000,0.300000>
	matrix <0.828437, 0.120609, 0.546942,
		0.534658, -0.461181, -0.708133,
		0.166832, 0.879071, -0.446544,
		50.931774, 49.334721, 52.235104>
	pigment { color rgbt <0,1,1,0> }
	no_shadow
}
cylinder {
	<51.454651, 48.726681, 52.140469>,  <50.814991, 48.719372, 52.547688>, 0.130000
	pigment { color rgbt <1,0,0,0> }
	no_shadow
}

// nucleotide -1

// particle -1
sphere {
	<51.454651, 48.726681, 52.140469> 0.250000
	pigment { color rgbt <1,0,0,0> }
	no_shadow
}
cylinder {
	<51.365749, 49.092480, 52.275700>,  <51.312408, 49.311958, 52.356838>, 0.100000
	pigment { color rgbt <1,0,0,0> }
	no_shadow
}
cylinder {
	<51.365749, 49.092480, 52.275700>,  <51.454651, 48.726681, 52.140469>, 0.100000
	pigment { color rgbt <1,0,0,0> }
	no_shadow
}

// particle -1
sphere {
	<51.365749, 49.092480, 52.275700> 0.100000
	pigment { color rgbt <1,0,0,0> }
	no_shadow
}
sphere {
	0, 1
	scale<0.080000,0.200000,0.300000>
	matrix <0.821767, -0.010905, 0.569719,
		0.524694, 0.404442, -0.749081,
		-0.222250, 0.914499, 0.338079,
		51.299076, 49.366829, 52.377125>
	pigment { color rgbt <0,1,1,0> }
	no_shadow
}
cylinder {
	<51.946301, 49.278870, 52.050499>,  <51.454651, 48.726681, 52.140469>, 0.130000
	pigment { color rgbt <1,0,0,0> }
	no_shadow
}

// nucleotide -1

// particle -1
sphere {
	<51.946301, 49.278870, 52.050499> 0.250000
	pigment { color rgbt <1,0,0,0> }
	no_shadow
}
cylinder {
	<51.777786, 49.381516, 52.398445>,  <51.676678, 49.443104, 52.607212>, 0.100000
	pigment { color rgbt <1,0,0,0> }
	no_shadow
}
cylinder {
	<51.777786, 49.381516, 52.398445>,  <51.946301, 49.278870, 52.050499>, 0.100000
	pigment { color rgbt <1,0,0,0> }
	no_shadow
}

// particle -1
sphere {
	<51.777786, 49.381516, 52.398445> 0.100000
	pigment { color rgbt <1,0,0,0> }
	no_shadow
}
sphere {
	0, 1
	scale<0.080000,0.200000,0.300000>
	matrix <0.898495, -0.012416, 0.438809,
		0.123404, 0.966435, -0.225334,
