// switches for output
#declare DRAW_BASES = 1; // possible values are 0, 1; only relevant for DNA ribbons
#declare DRAW_BASES_TYPE = 3; // possible values are 1, 2, 3; only relevant for DNA ribbons
#declare DRAW_FOG = 0; // set to 1 to enable fog

#include "colors.inc"

#include "transforms.inc"
background { rgb <1, 1, 1>}

#default {
   normal{
       ripples 0.25
       frequency 0.20
       turbulence 0.2
       lambda 5
   }
	finish {
		phong 0.1
		phong_size 40.
	}
}

// original window dimensions: 1024x640


// camera settings

camera {
	sky <-0, 1, 0>
	up <-0, 1, 0>
	right 1.6 * <0.99995, 0, 0.00999983>
	location <54.4867, 55, 106.329>
	look_at <55, 55, 55.0001>
	direction <0.513302, 0, -51.3289>
	angle 67.0682
}


# declare cpy_camera_pos = <54.4867, 55, 106.329>;
# if (DRAW_FOG = 1)
fog {
	fog_type 2
	up vnormalize(cpy_camera_pos)
	color rgbt<1,1,1,0.3>
	distance 1e-5
	fog_alt 3e-3
	fog_offset 88
}
# end


// LIGHTS

# declare lum = 6;
global_settings {
	ambient_light rgb lum * <0.05, 0.05, 0.05>
	max_trace_level 15
}# declare cpy_direct_light_amount = 0.25;
light_source
{	1000 * <-0.98995, -1, 1.00995>,
	rgb lum * cpy_direct_light_amount
	parallel
}

light_source
{	1000 * <0.98995, 1, -1.00995>,
	rgb lum * cpy_direct_light_amount
	parallel
}

// strand 0

// nucleotide -1

// particle -1
sphere {
	<36.469757, 52.319912, 49.833111> 0.250000
	pigment { color rgbt <1,0,0,0> }
	no_shadow
}
cylinder {
	<36.651382, 52.519482, 50.128380>,  <36.760357, 52.639225, 50.305542>, 0.100000
	pigment { color rgbt <1,0,0,0> }
	no_shadow
}
cylinder {
	<36.651382, 52.519482, 50.128380>,  <36.469757, 52.319912, 49.833111>, 0.100000
	pigment { color rgbt <1,0,0,0> }
	no_shadow
}

// particle -1
sphere {
	<36.651382, 52.519482, 50.128380> 0.100000
	pigment { color rgbt <1,0,0,0> }
	no_shadow
}
sphere {
	0, 1
	scale<0.080000,0.200000,0.300000>
	matrix <0.754442, -0.656041, -0.020658,
		0.473966, 0.566289, -0.674295,
		0.454064, 0.498925, 0.738173,
		36.787601, 52.669159, 50.349831>
	pigment { color rgbt <0,1,1,0> }
	no_shadow
}
cylinder {
	<37.087269, 52.842365, 49.775970>,  <36.469757, 52.319912, 49.833111>, 0.130000
	pigment { color rgbt <1,0,0,0> }
	no_shadow
}

// nucleotide -1

// particle -1
sphere {
	<37.087269, 52.842365, 49.775970> 0.250000
	pigment { color rgbt <1,0,0,0> }
	no_shadow
}
cylinder {
	<37.113022, 52.698540, 50.148331>,  <37.128475, 52.612244, 50.371746>, 0.100000
	pigment { color rgbt <1,0,0,0> }
	no_shadow
}
cylinder {
	<37.113022, 52.698540, 50.148331>,  <37.087269, 52.842365, 49.775970>, 0.100000
	pigment { color rgbt <1,0,0,0> }
	no_shadow
}

// particle -1
sphere {
	<37.113022, 52.698540, 50.148331> 0.100000
	pigment { color rgbt <1,0,0,0> }
	no_shadow
}
sphere {
	0, 1
	scale<0.080000,0.200000,0.300000>
	matrix <0.824543, -0.506290, -0.252585,
		0.562124, 0.783826, 0.263879,
		0.064383, -0.359564, 0.930897,
		37.132336, 52.590672, 50.427601>
	pigment { color rgbt <0,1,1,0> }
	no_shadow
}
cylinder {
	<37.770618, 53.006657, 49.980679>,  <37.087269, 52.842365, 49.775970>, 0.130000
	pigment { color rgbt <1,0,0,0> }
	no_shadow
}

// nucleotide -1

// particle -1
sphere {
	<37.770618, 53.006657, 49.980679> 0.250000
	pigment { color rgbt <1,0,0,0> }
	no_shadow
}
cylinder {
	<37.635727, 52.687382, 50.180351>,  <37.554794, 52.495815, 50.300156>, 0.100000
	pigment { color rgbt <1,0,0,0> }
	no_shadow
}
cylinder {
	<37.635727, 52.687382, 50.180351>,  <37.770618, 53.006657, 49.980679>, 0.100000
	pigment { color rgbt <1,0,0,0> }
	no_shadow
}

// particle -1
sphere {
	<37.635727, 52.687382, 50.180351> 0.100000
	pigment { color rgbt <1,0,0,0> }
	no_shadow
}
sphere {
	0, 1
	scale<0.080000,0.200000,0.300000>
	matrix <0.811005, -0.515569, -0.276514,
		0.478070, 0.311588, 0.821195,
		-0.337224, -0.798186, 0.499178,
		37.534561, 52.447926, 50.330105>
	pigment { color rgbt <0,1,1,0> }
	no_shadow
}
cylinder {
	<38.303604, 52.612198, 50.261444>,  <37.770618, 53.006657, 49.980679>, 0.130000
	pigment { color rgbt <1,0,0,0> }
	no_shadow
}

// nucleotide -1

// particle -1
sphere {
	<38.303604, 52.612198, 50.261444> 0.250000
	pigment { color rgbt <1,0,0,0> }
	no_shadow
}
cylinder {
	<38.007851, 52.351879, 50.330475>,  <37.830399, 52.195690, 50.371891>, 0.100000
	pigment { color rgbt <1,0,0,0> }
	no_shadow
}
cylinder {
	<38.007851, 52.351879, 50.330475>,  <38.303604, 52.612198, 50.261444>, 0.100000
	pigment { color rgbt <1,0,0,0> }
	no_shadow
}

// particle -1
sphere {
	<38.007851, 52.351879, 50.330475> 0.100000
	pigment { color rgbt <1,0,0,0> }
	no_shadow
}
sphere {
	0, 1
	scale<0.080000,0.200000,0.300000>
	matrix <0.641674, -0.758744, -0.112086,
		0.203885, 0.027862, 0.978598,
		-0.739382, -0.650793, 0.172575,
		37.786037, 52.156643, 50.382248>
	pigment { color rgbt <0,1,1,0> }
	no_shadow
}
cylinder {
	<38.458611, 52.078274, 50.721638>,  <38.303604, 52.612198, 50.261444>, 0.130000
	pigment { color rgbt <1,0,0,0> }
	no_shadow
}

// nucleotide -1

// particle -1
sphere {
	<38.458611, 52.078274, 50.721638> 0.250000
	pigment { color rgbt <1,0,0,0> }
	no_shadow
}
cylinder {
	<38.166355, 51.878319, 50.535614>,  <37.991001, 51.758347, 50.424000>, 0.100000
	pigment { color rgbt <1,0,0,0> }
	no_shadow
}
cylinder {
	<38.166355, 51.878319, 50.535614>,  <38.458611, 52.078274, 50.721638>, 0.100000
	pigment { color rgbt <1,0,0,0> }
	no_shadow
}

// particle -1
sphere {
	<38.166355, 51.878319, 50.535614> 0.100000
	pigment { color rgbt <1,0,0,0> }
	no_shadow
}
sphere {
	0, 1
	scale<0.080000,0.200000,0.300000>
	matrix <0.588245, -0.806666, -0.057081,
		-0.346615, -0.315276, 0.883436,
		-0.730634, -0.499891, -0.465062,
		37.947166, 51.728352, 50.396095>
	pigment { color rgbt <0,1,1,0> }
	no_shadow
}
cylinder {
	<39.221764, 52.391674, 50.553482>,  <38.458611, 52.078274, 50.721638>, 0.130000
	pigment { color rgbt <1,0,0,0> }
	no_shadow
}

// nucleotide -1

// particle -1
sphere {
	<39.221764, 52.391674, 50.553482> 0.250000
	pigment { color rgbt <1,0,0,0> }
	no_shadow
}
cylinder {
	<39.506248, 52.656845, 50.647030>,  <39.676941, 52.815948, 50.703159>, 0.100000
	pigment { color rgbt <1,0,0,0> }
	no_shadow
}
cylinder {
	<39.506248, 52.656845, 50.647030>,  <39.221764, 52.391674, 50.553482>, 0.100000
	pigment { color rgbt <1,0,0,0> }
	no_shadow
}

// particle -1
sphere {
	<39.506248, 52.656845, 50.647030> 0.100000
	pigment { color rgbt <1,0,0,0> }
	no_shadow
}
sphere {
	0, 1
	scale<0.080000,0.200000,0.300000>
	matrix <0.596115, -0.392420, -0.700467,
		-0.372585, 0.637597, -0.674278,
		0.711216, 0.662930, 0.233871,
		39.719612, 52.855724, 50.717190>
	pigment { color rgbt <0,1,1,0> }
	no_shadow
}
cylinder {
	<39.458725, 52.746326, 49.943287>,  <39.221764, 52.391674, 50.553482>, 0.130000
	pigment { color rgbt <1,0,0,0> }
	no_shadow
}

// nucleotide -1

// particle -1
sphere {
	<39.458725, 52.746326, 49.943287> 0.250000
	pigment { color rgbt <1,0,0,0> }
	no_shadow
}
cylinder {
	<39.739185, 52.779053, 50.226608>,  <39.907463, 52.798687, 50.396603>, 0.100000
	pigment { color rgbt <1,0,0,0> }
	no_shadow
}
cylinder {
	<39.739185, 52.779053, 50.226608>,  <39.458725, 52.746326, 49.943287>, 0.100000
	pigment { color rgbt <1,0,0,0> }
	no_shadow
}

// particle -1
sphere {
	<39.739185, 52.779053, 50.226608> 0.100000
	pigment { color rgbt <1,0,0,0> }
	no_shadow
}
sphere {
	0, 1
	scale<0.080000,0.200000,0.300000>
	matrix <0.712984, -0.089111, -0.695494,
		0.006216, 0.992656, -0.120813,
		0.701152, 0.081814, 0.708302,
		39.949532, 52.803596, 50.439098>
	pigment { color rgbt <0,1,1,0> }
	no_shadow
}
cylinder {
	<40.013443, 53.295002, 49.774132>,  <39.458725, 52.746326, 49.943287>, 0.130000
	pigment { color rgbt <1,0,0,0> }
	no_shadow
}

// nucleotide -1

// particle -1
sphere {
	<40.013443, 53.295002, 49.774132> 0.250000
	pigment { color rgbt <1,0,0,0> }
	no_shadow
}
cylinder {
	<40.135899, 52.980282, 49.988503>,  <40.209373, 52.791451, 50.117126>, 0.100000
	pigment { color rgbt <1,0,0,0> }
	no_shadow
}
cylinder {
	<40.135899, 52.980282, 49.988503>,  <40.013443, 53.295002, 49.774132>, 0.100000
	pigment { color rgbt <1,0,0,0> }
	no_shadow
}

// particle -1
sphere {
	<40.135899, 52.980282, 49.988503> 0.100000
	pigment { color rgbt <1,0,0,0> }
	no_shadow
}
sphere {
	0, 1
	scale<0.080000,0.200000,0.300000>
	matrix <0.676702, -0.216108, -0.703826,
		0.669591, 0.578133, 0.466272,
		0.306140, -0.786803, 0.535928,
		40.227741, 52.744240, 50.149281>
	pigment { color rgbt <0,1,1,0> }
	no_shadow
}
cylinder {
	<40.749920, 53.321514, 49.814827>,  <40.013443, 53.295002, 49.774132>, 0.130000
	pigment { color rgbt <1,0,0,0> }
	no_shadow
}

// nucleotide -1

// particle -1
sphere {
	<40.749920, 53.321514, 49.814827> 0.250000
	pigment { color rgbt <1,0,0,0> }
	no_shadow
}
cylinder {
	<40.661354, 52.940723, 49.899414>,  <40.608215, 52.712250, 49.950165>, 0.100000
	pigment { color rgbt <1,0,0,0> }
	no_shadow
}
cylinder {
	<40.661354, 52.940723, 49.899414>,  <40.749920, 53.321514, 49.814827>, 0.100000
	pigment { color rgbt <1,0,0,0> }
	no_shadow
}

// particle -1
sphere {
	<40.661354, 52.940723, 49.899414> 0.100000
	pigment { color rgbt <1,0,0,0> }
	no_shadow
}
sphere {
	0, 1
	scale<0.080000,0.200000,0.300000>
	matrix <0.690843, -0.306172, -0.654977,
		0.688267, 0.001066, 0.725457,
		-0.221416, -0.951976, 0.211465,
		40.594929, 52.655132, 49.962852>
	pigment { color rgbt <0,1,1,0> }
	no_shadow
}
cylinder {
	<41.355259, 53.441544, 49.339664>,  <40.749920, 53.321514, 49.814827>, 0.130000
	pigment { color rgbt <1,0,0,0> }
	no_shadow
}

// nucleotide -1

// particle -1
sphere {
	<41.355259, 53.441544, 49.339664> 0.250000
	pigment { color rgbt <1,0,0,0> }
	no_shadow
}
cylinder {
	<41.091042, 53.153969, 49.253117>,  <40.932510, 52.981426, 49.201187>, 0.100000
	pigment { color rgbt <1,0,0,0> }
	no_shadow
}
cylinder {
	<41.091042, 53.153969, 49.253117>,  <41.355259, 53.441544, 49.339664>, 0.100000
	pigment { color rgbt <1,0,0,0> }
	no_shadow
}

// particle -1
sphere {
	<41.091042, 53.153969, 49.253117> 0.100000
	pigment { color rgbt <1,0,0,0> }
	no_shadow
}
sphere {
	0, 1
	scale<0.080000,0.200000,0.300000>
	matrix <-0.720862, 0.526763, 0.450420,
		-0.209849, 0.453493, -0.866203,
		-0.660546, -0.718933, -0.216366,
		40.892879, 52.938290, 49.188206>
	pigment { color rgbt <0,1,1,0> }
	no_shadow
}
cylinder {
	<41.592361, 53.576218, 50.001041>,  <41.355259, 53.441544, 49.339664>, 0.130000
	pigment { color rgbt <1,0,0,0> }
	no_shadow
}

// nucleotide -1

// particle -1
sphere {
	<41.592361, 53.576218, 50.001041> 0.250000
	pigment { color rgbt <1,0,0,0> }
	no_shadow
}
cylinder {
	<41.902317, 53.347733, 50.109306>,  <42.088291, 53.210640, 50.174267>, 0.100000
	pigment { color rgbt <1,0,0,0> }
	no_shadow
}
cylinder {
	<41.902317, 53.347733, 50.109306>,  <41.592361, 53.576218, 50.001041>, 0.100000
	pigment { color rgbt <1,0,0,0> }
	no_shadow
}

// particle -1
sphere {
	<41.902317, 53.347733, 50.109306> 0.100000
	pigment { color rgbt <1,0,0,0> }
	no_shadow
}
sphere {
	0, 1
	scale<0.080000,0.200000,0.300000>
	matrix <-0.465300, -0.805301, -0.367404,
		0.427830, 0.158759, -0.889808,
		0.774892, -0.571214, 0.270661,
		42.134785, 53.176369, 50.190506>
	pigment { color rgbt <0,1,1,0> }
	no_shadow
}
cylinder {
	<42.008018, 53.170036, 49.396240>,  <41.592361, 53.576218, 50.001041>, 0.130000
	pigment { color rgbt <1,0,0,0> }
	no_shadow
}

// nucleotide -1

// particle -1
sphere {
	<42.008018, 53.170036, 49.396240> 0.250000
	pigment { color rgbt <1,0,0,0> }
	no_shadow
}
cylinder {
	<41.965572, 53.000786, 49.756172>,  <41.940105, 52.899235, 49.972134>, 0.100000
	pigment { color rgbt <1,0,0,0> }
	no_shadow
}
cylinder {
	<41.965572, 53.000786, 49.756172>,  <42.008018, 53.170036, 49.396240>, 0.100000
	pigment { color rgbt <1,0,0,0> }
	no_shadow
}

// particle -1
sphere {
	<41.965572, 53.000786, 49.756172> 0.100000
	pigment { color rgbt <1,0,0,0> }
	no_shadow
}
sphere {
	0, 1
	scale<0.080000,0.200000,0.300000>
	matrix <-0.431259, -0.795818, -0.425076,
		0.895966, -0.433169, -0.098031,
		-0.106115, -0.423130, 0.899833,
		41.933739, 52.873848, 50.026123>
	pigment { color rgbt <0,1,1,0> }
	no_shadow
}
cylinder {
	<42.186260, 52.422470, 49.354557>,  <42.008018, 53.170036, 49.396240>, 0.130000
	pigment { color rgbt <1,0,0,0> }
	no_shadow
}

// nucleotide -1

// particle -1
sphere {
	<42.186260, 52.422470, 49.354557> 0.250000
	pigment { color rgbt <1,0,0,0> }
	no_shadow
}
cylinder {
	<41.997841, 52.416420, 49.707348>,  <41.884789, 52.412788, 49.919022>, 0.100000
	pigment { color rgbt <1,0,0,0> }
	no_shadow
}
cylinder {
	<41.997841, 52.416420, 49.707348>,  <42.186260, 52.422470, 49.354557>, 0.100000
	pigment { color rgbt <1,0,0,0> }
	no_shadow
}

// particle -1
sphere {
	<41.997841, 52.416420, 49.707348> 0.100000
	pigment { color rgbt <1,0,0,0> }
	no_shadow
}
sphere {
	0, 1
	scale<0.080000,0.200000,0.300000>
	matrix <-0.354620, -0.912251, -0.205042,
		0.807684, -0.409352, 0.424355,
		-0.471052, -0.015124, 0.881976,
		41.856525, 52.411884, 49.971939>
	pigment { color rgbt <0,1,1,0> }
	no_shadow
}
cylinder {
	<42.368862, 51.888172, 49.810184>,  <42.186260, 52.422470, 49.354557>, 0.130000
	pigment { color rgbt <1,0,0,0> }
	no_shadow
}

// nucleotide -1

// particle -1
sphere {
	<42.368862, 51.888172, 49.810184> 0.250000
	pigment { color rgbt <1,0,0,0> }
	no_shadow
}
cylinder {
	<41.989178, 51.939621, 49.925041>,  <41.761368, 51.970490, 49.993958>, 0.100000
	pigment { color rgbt <1,0,0,0> }
	no_shadow
}
cylinder {
	<41.989178, 51.939621, 49.925041>,  <42.368862, 51.888172, 49.810184>, 0.100000
	pigment { color rgbt <1,0,0,0> }
	no_shadow
}

// particle -1
sphere {
	<41.989178, 51.939621, 49.925041> 0.100000
	pigment { color rgbt <1,0,0,0> }
	no_shadow
}
sphere {
	0, 1
	scale<0.080000,0.200000,0.300000>
	matrix <-0.165895, -0.980056, -0.109403,
		0.267347, -0.151483, 0.951619,
		-0.949213, 0.128620, 0.287145,
		41.704414, 51.978207, 50.011185>
	pigment { color rgbt <0,1,1,0> }
	no_shadow
}
cylinder {
	<42.889206, 51.446564, 49.765503>,  <42.368862, 51.888172, 49.810184>, 0.130000
	pigment { color rgbt <1,0,0,0> }
	no_shadow
}

// nucleotide -1

// particle -1
sphere {
	<42.889206, 51.446564, 49.765503> 0.250000
	pigment { color rgbt <1,0,0,0> }
	no_shadow
}
cylinder {
	<43.079945, 51.766258, 49.911839>,  <43.194389, 51.958073, 49.999641>, 0.100000
	pigment { color rgbt <1,0,0,0> }
	no_shadow
}
cylinder {
	<43.079945, 51.766258, 49.911839>,  <42.889206, 51.446564, 49.765503>, 0.100000
	pigment { color rgbt <1,0,0,0> }
	no_shadow
}

// particle -1
sphere {
	<43.079945, 51.766258, 49.911839> 0.100000
	pigment { color rgbt <1,0,0,0> }
	no_shadow
}
sphere {
	0, 1
	scale<0.080000,0.200000,0.300000>
	matrix <-0.260207, -0.269199, 0.927267,
		0.839587, -0.537362, 0.079599,
		0.476850, 0.799233, 0.365841,
		43.223000, 52.006027, 50.021591>
	pigment { color rgbt <0,1,1,0> }
	no_shadow
}
cylinder {
	<43.362122, 51.128967, 50.234722>,  <42.889206, 51.446564, 49.765503>, 0.130000
	pigment { color rgbt <1,0,0,0> }
	no_shadow
}

// nucleotide -1

// particle -1
sphere {
	<43.362122, 51.128967, 50.234722> 0.250000
	pigment { color rgbt <1,0,0,0> }
	no_shadow
}
cylinder {
	<43.300732, 51.516445, 50.312778>,  <43.263897, 51.748932, 50.359612>, 0.100000
	pigment { color rgbt <1,0,0,0> }
	no_shadow
}
cylinder {
	<43.300732, 51.516445, 50.312778>,  <43.362122, 51.128967, 50.234722>, 0.100000
	pigment { color rgbt <1,0,0,0> }
	no_shadow
}

// particle -1
sphere {
	<43.300732, 51.516445, 50.312778> 0.100000
	pigment { color rgbt <1,0,0,0> }
	no_shadow
}
sphere {
	0, 1
	scale<0.080000,0.200000,0.300000>
	matrix <-0.118427, -0.214087, 0.969609,
		0.981030, 0.125704, 0.147577,
		-0.153478, 0.968693, 0.195140,
		43.254688, 51.807053, 50.371319>
	pigment { color rgbt <0,1,1,0> }
	no_shadow
}
cylinder {
	<43.880009, 51.273834, 50.647865>,  <43.362122, 51.128967, 50.234722>, 0.130000
	pigment { color rgbt <1,0,0,0> }
	no_shadow
}

// nucleotide -1

// particle -1
sphere {
	<43.880009, 51.273834, 50.647865> 0.250000
	pigment { color rgbt <1,0,0,0> }
	no_shadow
}
cylinder {
	<43.545532, 51.491177, 50.677666>,  <43.344845, 51.621582, 50.695545>, 0.100000
	pigment { color rgbt <1,0,0,0> }
	no_shadow
}
cylinder {
	<43.545532, 51.491177, 50.677666>,  <43.880009, 51.273834, 50.647865>, 0.100000
	pigment { color rgbt <1,0,0,0> }
	no_shadow
}

// particle -1
sphere {
	<43.545532, 51.491177, 50.677666> 0.100000
	pigment { color rgbt <1,0,0,0> }
	no_shadow
}
sphere {
	0, 1
	scale<0.080000,0.200000,0.300000>
	matrix <-0.146333, -0.351968, 0.924503,
		0.528554, 0.762159, 0.373823,
		-0.836192, 0.543352, 0.074505,
		43.294674, 51.654182, 50.700016>
	pigment { color rgbt <0,1,1,0> }
	no_shadow
}
cylinder {
	<44.347717, 50.796124, 51.139336>,  <43.880009, 51.273834, 50.647865>, 0.130000
	pigment { color rgbt <1,0,0,0> }
	no_shadow
}

// nucleotide -1

// particle -1
sphere {
	<44.347717, 50.796124, 51.139336> 0.250000
	pigment { color rgbt <1,0,0,0> }
	no_shadow
}
cylinder {
	<44.406124, 50.427307, 51.282734>,  <44.441166, 50.206017, 51.368771>, 0.100000
	pigment { color rgbt <1,0,0,0> }
	no_shadow
}
cylinder {
	<44.406124, 50.427307, 51.282734>,  <44.347717, 50.796124, 51.139336>, 0.100000
	pigment { color rgbt <1,0,0,0> }
	no_shadow
}

// particle -1
sphere {
	<44.406124, 50.427307, 51.282734> 0.100000
	pigment { color rgbt <1,0,0,0> }
	no_shadow
}
sphere {
	0, 1
	scale<0.080000,0.200000,0.300000>
	matrix <0.712001, 0.349534, 0.609000,
		-0.686829, 0.166325, 0.707532,
		0.146014, -0.922042, 0.358494,
		44.449928, 50.150696, 51.390282>
	pigment { color rgbt <0,1,1,0> }
	no_shadow
}
cylinder {
	<44.206707, 50.700989, 51.855385>,  <44.347717, 50.796124, 51.139336>, 0.130000
	pigment { color rgbt <1,0,0,0> }
	no_shadow
}

// nucleotide -1

// particle -1
sphere {
	<44.206707, 50.700989, 51.855385> 0.250000
	pigment { color rgbt <1,0,0,0> }
	no_shadow
}
cylinder {
	<44.497265, 50.448959, 51.745583>,  <44.671600, 50.297741, 51.679703>, 0.100000
	pigment { color rgbt <1,0,0,0> }
	no_shadow
}
cylinder {
	<44.497265, 50.448959, 51.745583>,  <44.206707, 50.700989, 51.855385>, 0.100000
	pigment { color rgbt <1,0,0,0> }
	no_shadow
}

// particle -1
sphere {
	<44.497265, 50.448959, 51.745583> 0.100000
	pigment { color rgbt <1,0,0,0> }
	no_shadow
}
sphere {
	0, 1
	scale<0.080000,0.200000,0.300000>
	matrix <0.627929, 0.446068, 0.637753,
		-0.279385, -0.635631, 0.719665,
		0.726395, -0.630077, -0.274507,
		44.715183, 50.259937, 51.663231>
	pigment { color rgbt <0,1,1,0> }
	no_shadow
}
cylinder {
	<44.502426, 50.478035, 52.548080>,  <44.206707, 50.700989, 51.855385>, 0.130000
	pigment { color rgbt <1,0,0,0> }
	no_shadow
}

// nucleotide -1

// particle -1
sphere {
	<44.502426, 50.478035, 52.548080> 0.250000
	pigment { color rgbt <1,0,0,0> }
	no_shadow
}
cylinder {
	<44.747253, 50.395340, 52.242760>,  <44.894150, 50.345722, 52.059566>, 0.100000
	pigment { color rgbt <1,0,0,0> }
	no_shadow
}
cylinder {
	<44.747253, 50.395340, 52.242760>,  <44.502426, 50.478035, 52.548080>, 0.100000
	pigment { color rgbt <1,0,0,0> }
	no_shadow
}

// particle -1
sphere {
	<44.747253, 50.395340, 52.242760> 0.100000
	pigment { color rgbt <1,0,0,0> }
	no_shadow
}
sphere {
	0, 1
	scale<0.080000,0.200000,0.300000>
	matrix <0.760044, 0.420362, 0.495609,
		0.218404, -0.883491, 0.414418,
		0.612072, -0.206733, -0.763301,
		44.930874, 50.333321, 52.013771>
	pigment { color rgbt <0,1,1,0> }
	no_shadow
}
cylinder {
	<45.041039, 49.952847, 52.744457>,  <44.502426, 50.478035, 52.548080>, 0.130000
	pigment { color rgbt <1,0,0,0> }
	no_shadow
}

// nucleotide -1

// particle -1
sphere {
	<45.041039, 49.952847, 52.744457> 0.250000
	pigment { color rgbt <1,0,0,0> }
	no_shadow
}
cylinder {
	<45.167950, 50.228088, 52.483429>,  <45.244095, 50.393234, 52.326813>, 0.100000
	pigment { color rgbt <1,0,0,0> }
	no_shadow
}
cylinder {
	<45.167950, 50.228088, 52.483429>,  <45.041039, 49.952847, 52.744457>, 0.100000
	pigment { color rgbt <1,0,0,0> }
	no_shadow
}

// particle -1
sphere {
	<45.167950, 50.228088, 52.483429> 0.100000
	pigment { color rgbt <1,0,0,0> }
	no_shadow
}
sphere {
	0, 1
	scale<0.080000,0.200000,0.300000>
	matrix <0.766407, 0.219230, 0.603788,
		0.558533, -0.691700, -0.457813,
		0.317273, 0.688106, -0.652570,
		45.263130, 50.434521, 52.287659>
	pigment { color rgbt <0,1,1,0> }
	no_shadow
}
cylinder {
	<45.648014, 49.753502, 52.528965>,  <45.041039, 49.952847, 52.744457>, 0.130000
	pigment { color rgbt <1,0,0,0> }
	no_shadow
}

// nucleotide -1

// particle -1
sphere {
	<45.648014, 49.753502, 52.528965> 0.250000
	pigment { color rgbt <1,0,0,0> }
	no_shadow
}
cylinder {
	<45.640770, 50.150196, 52.478157>,  <45.636425, 50.388214, 52.447670>, 0.100000
	pigment { color rgbt <1,0,0,0> }
	no_shadow
}
cylinder {
	<45.640770, 50.150196, 52.478157>,  <45.648014, 49.753502, 52.528965>, 0.100000
	pigment { color rgbt <1,0,0,0> }
	no_shadow
}

// particle -1
sphere {
	<45.640770, 50.150196, 52.478157> 0.100000
	pigment { color rgbt <1,0,0,0> }
	no_shadow
}
sphere {
	0, 1
	scale<0.080000,0.200000,0.300000>
	matrix <0.806186, 0.089629, 0.584835,
		0.591386, -0.091812, -0.801145,
		-0.018111, 0.991735, -0.127022,
		45.635338, 50.447716, 52.440052>
	pigment { color rgbt <0,1,1,0> }
	no_shadow
}
cylinder {
	<46.333141, 50.100090, 52.248737>,  <45.648014, 49.753502, 52.528965>, 0.130000
	pigment { color rgbt <1,0,0,0> }
	no_shadow
}

// nucleotide -1

// particle -1
sphere {
	<46.333141, 50.100090, 52.248737> 0.250000
	pigment { color rgbt <1,0,0,0> }
	no_shadow
}
cylinder {
	<46.117855, 50.343460, 52.482025>,  <45.988682, 50.489483, 52.621998>, 0.100000
	pigment { color rgbt <1,0,0,0> }
	no_shadow
}
cylinder {
	<46.117855, 50.343460, 52.482025>,  <46.333141, 50.100090, 52.248737>, 0.100000
	pigment { color rgbt <1,0,0,0> }
	no_shadow
}

// particle -1
sphere {
	<46.117855, 50.343460, 52.482025> 0.100000
	pigment { color rgbt <1,0,0,0> }
	no_shadow
}
sphere {
	0, 1
	scale<0.080000,0.200000,0.300000>
	matrix <0.725684, -0.017376, 0.687808,
		0.428611, 0.793424, -0.432170,
		-0.538214, 0.608421, 0.583223,
		45.956390, 50.525986, 52.656994>
	pigment { color rgbt <0,1,1,0> }
	no_shadow
}
cylinder {
	<46.719791, 50.569241, 52.662350>,  <46.333141, 50.100090, 52.248737>, 0.130000
	pigment { color rgbt <1,0,0,0> }
	no_shadow
}

// nucleotide -1

// particle -1
sphere {
	<46.719791, 50.569241, 52.662350> 0.250000
	pigment { color rgbt <1,0,0,0> }
	no_shadow
}
cylinder {
	<46.384155, 50.510403, 52.871841>,  <46.182774, 50.475098, 52.997536>, 0.100000
	pigment { color rgbt <1,0,0,0> }
	no_shadow
}
cylinder {
	<46.384155, 50.510403, 52.871841>,  <46.719791, 50.569241, 52.662350>, 0.100000
	pigment { color rgbt <1,0,0,0> }
	no_shadow
}

// particle -1
sphere {
	<46.384155, 50.510403, 52.871841> 0.100000
	pigment { color rgbt <1,0,0,0> }
	no_shadow
}
sphere {
	0, 1
	scale<0.080000,0.200000,0.300000>
	matrix <0.493454, 0.199433, 0.846599,
		-0.228983, 0.968808, -0.094755,
		-0.839089, -0.147099, 0.523728,
		46.132427, 50.466274, 53.028961>
	pigment { color rgbt <0,1,1,0> }
	no_shadow
}
cylinder {
	<46.527946, 51.108616, 53.216026>,  <46.719791, 50.569241, 52.662350>, 0.130000
	pigment { color rgbt <1,0,0,0> }
	no_shadow
}

// nucleotide -1

// particle -1
sphere {
	<46.527946, 51.108616, 53.216026> 0.250000
	pigment { color rgbt <1,0,0,0> }
	no_shadow
}
cylinder {
	<46.430927, 50.733719, 53.316223>,  <46.372715, 50.508781, 53.376343>, 0.100000
	pigment { color rgbt <1,0,0,0> }
	no_shadow
}
cylinder {
	<46.430927, 50.733719, 53.316223>,  <46.527946, 51.108616, 53.216026>, 0.100000
	pigment { color rgbt <1,0,0,0> }
	no_shadow
}

// particle -1
sphere {
	<46.430927, 50.733719, 53.316223> 0.100000
	pigment { color rgbt <1,0,0,0> }
	no_shadow
}
sphere {
	0, 1
	scale<0.080000,0.200000,0.300000>
	matrix <0.701898, 0.008708, 0.712224,
		-0.669708, 0.348572, 0.655736,
		-0.242551, -0.937241, 0.250494,
		46.358162, 50.452545, 53.391373>
	pigment { color rgbt <0,1,1,0> }
	no_shadow
}
cylinder {
	<46.457893, 51.022881, 53.995567>,  <46.527946, 51.108616, 53.216026>, 0.130000
	pigment { color rgbt <1,0,0,0> }
	no_shadow
}

// nucleotide -1

// particle -1
sphere {
	<46.457893, 51.022881, 53.995567> 0.250000
	pigment { color rgbt <1,0,0,0> }
	no_shadow
}
cylinder {
	<46.585140, 50.687374, 53.818810>,  <46.661488, 50.486069, 53.712753>, 0.100000
	pigment { color rgbt <1,0,0,0> }
	no_shadow
}
cylinder {
	<46.585140, 50.687374, 53.818810>,  <46.457893, 51.022881, 53.995567>, 0.100000
	pigment { color rgbt <1,0,0,0> }
	no_shadow
}

// particle -1
sphere {
	<46.585140, 50.687374, 53.818810> 0.100000
	pigment { color rgbt <1,0,0,0> }
	no_shadow
}
sphere {
	0, 1
	scale<0.080000,0.200000,0.300000>
	matrix <0.821421, 0.011125, 0.570214,
		-0.473360, -0.544378, 0.692519,
		0.318116, -0.838766, -0.441897,
		46.680576, 50.435745, 53.686241>
	pigment { color rgbt <0,1,1,0> }
	no_shadow
}
cylinder {
	<46.730686, 50.681976, 54.477180>,  <46.457893, 51.022881, 53.995567>, 0.130000
	pigment { color rgbt <1,0,0,0> }
	no_shadow
}

// nucleotide -1

// particle -1
sphere {
	<46.730686, 50.681976, 54.477180> 0.250000
	pigment { color rgbt <1,0,0,0> }
	no_shadow
}
cylinder {
	<46.912075, 50.572296, 54.137962>,  <47.020908, 50.506489, 53.934433>, 0.100000
	pigment { color rgbt <1,0,0,0> }
	no_shadow
}
cylinder {
	<46.912075, 50.572296, 54.137962>,  <46.730686, 50.681976, 54.477180>, 0.100000
	pigment { color rgbt <1,0,0,0> }
	no_shadow
}

// particle -1
sphere {
	<46.912075, 50.572296, 54.137962> 0.100000
	pigment { color rgbt <1,0,0,0> }
	no_shadow
}
sphere {
	0, 1
	scale<0.080000,0.200000,0.300000>
	matrix <0.874193, -0.048532, 0.483147,
		-0.173636, -0.960448, 0.217695,
		0.453472, -0.274198, -0.848044,
		47.048115, 50.490036, 53.883549>
	pigment { color rgbt <0,1,1,0> }
	no_shadow
}
cylinder {
	<46.906033, 50.092896, 54.596535>,  <46.730686, 50.681976, 54.477180>, 0.130000
	pigment { color rgbt <1,0,0,0> }
	no_shadow
}

// nucleotide -1

// particle -1
sphere {
	<46.906033, 50.092896, 54.596535> 0.250000
	pigment { color rgbt <1,0,0,0> }
	no_shadow
}
cylinder {
	<47.144733, 50.288330, 54.341923>,  <47.287956, 50.405590, 54.189156>, 0.100000
	pigment { color rgbt <1,0,0,0> }
	no_shadow
}
cylinder {
	<47.144733, 50.288330, 54.341923>,  <46.906033, 50.092896, 54.596535>, 0.100000
	pigment { color rgbt <1,0,0,0> }
	no_shadow
}

// particle -1
sphere {
	<47.144733, 50.288330, 54.341923> 0.100000
	pigment { color rgbt <1,0,0,0> }
	no_shadow
}
sphere {
	0, 1
	scale<0.080000,0.200000,0.300000>
	matrix <0.762687, -0.098837, 0.639171,
		0.249378, -0.866899, -0.431621,
		0.596756, 0.488587, -0.636525,
		47.323761, 50.434906, 54.150967>
	pigment { color rgbt <0,1,1,0> }
	no_shadow
}
cylinder {
	<47.507523, 49.681725, 54.459427>,  <46.906033, 50.092896, 54.596535>, 0.130000
	pigment { color rgbt <1,0,0,0> }
	no_shadow
}

// nucleotide -1

// particle -1
sphere {
	<47.507523, 49.681725, 54.459427> 0.250000
	pigment { color rgbt <1,0,0,0> }
	no_shadow
}
cylinder {
	<47.593098, 50.070297, 54.418324>,  <47.644444, 50.303440, 54.393661>, 0.100000
	pigment { color rgbt <1,0,0,0> }
	no_shadow
}
cylinder {
	<47.593098, 50.070297, 54.418324>,  <47.507523, 49.681725, 54.459427>, 0.100000
	pigment { color rgbt <1,0,0,0> }
	no_shadow
}

// particle -1
sphere {
	<47.593098, 50.070297, 54.418324> 0.100000
	pigment { color rgbt <1,0,0,0> }
	no_shadow
}
sphere {
	0, 1
	scale<0.080000,0.200000,0.300000>
	matrix <0.908820, -0.159363, 0.385550,
		0.358158, -0.175873, -0.916947,
		0.213935, 0.971428, -0.102760,
		47.657280, 50.361725, 54.387497>
	pigment { color rgbt <0,1,1,0> }
	no_shadow
}
cylinder {
	<48.120277, 49.800102, 54.097466>,  <47.507523, 49.681725, 54.459427>, 0.130000
	pigment { color rgbt <1,0,0,0> }
	no_shadow
}

// nucleotide -1

// particle -1
sphere {
	<48.120277, 49.800102, 54.097466> 0.250000
	pigment { color rgbt <1,0,0,0> }
	no_shadow
}
cylinder {
	<48.112316, 50.154495, 54.282784>,  <48.107540, 50.367130, 54.393974>, 0.100000
	pigment { color rgbt <1,0,0,0> }
	no_shadow
}
cylinder {
	<48.112316, 50.154495, 54.282784>,  <48.120277, 49.800102, 54.097466>, 0.100000
	pigment { color rgbt <1,0,0,0> }
	no_shadow
}

// particle -1
sphere {
	<48.112316, 50.154495, 54.282784> 0.100000
	pigment { color rgbt <1,0,0,0> }
	no_shadow
}
sphere {
	0, 1
	scale<0.080000,0.200000,0.300000>
	matrix <0.870336, -0.212701, 0.444154,
		0.492055, 0.412063, -0.766867,
		-0.019906, 0.885981, 0.463294,
		48.106346, 50.420288, 54.421772>
	pigment { color rgbt <0,1,1,0> }
	no_shadow
}
cylinder {
	<48.701309, 50.314083, 53.866188>,  <48.120277, 49.800102, 54.097466>, 0.130000
	pigment { color rgbt <1,0,0,0> }
	no_shadow
}

// nucleotide -1

// particle -1
sphere {
	<48.701309, 50.314083, 53.866188> 0.250000
	pigment { color rgbt <1,0,0,0> }
	no_shadow
}
cylinder {
	<48.556595, 50.363548, 54.235798>,  <48.469765, 50.393227, 54.457565>, 0.100000
	pigment { color rgbt <1,0,0,0> }
	no_shadow
}
cylinder {
	<48.556595, 50.363548, 54.235798>,  <48.701309, 50.314083, 53.866188>, 0.100000
	pigment { color rgbt <1,0,0,0> }
	no_shadow
}

// particle -1
sphere {
	<48.556595, 50.363548, 54.235798> 0.100000
	pigment { color rgbt <1,0,0,0> }
	no_shadow
}
sphere {
	0, 1
	scale<0.080000,0.200000,0.300000>
	matrix <0.902460, -0.202150, 0.380396,
		0.233832, 0.971516, -0.038465,
		-0.361785, 0.123661, 0.924024,
		48.448059, 50.400646, 54.513004>
	pigment { color rgbt <0,1,1,0> }
	no_shadow
}
cylinder {
	<49.016190, 50.848717, 54.132244>,  <48.701309, 50.314083, 53.866188>, 0.130000
	pigment { color rgbt <1,0,0,0> }
	no_shadow
}

// nucleotide -1

// particle -1
sphere {
	<49.016190, 50.848717, 54.132244> 0.250000
	pigment { color rgbt <1,0,0,0> }
	no_shadow
}
cylinder {
	<48.919388, 50.560879, 54.392586>,  <48.861305, 50.388176, 54.548790>, 0.100000
	pigment { color rgbt <1,0,0,0> }
	no_shadow
}
cylinder {
	<48.919388, 50.560879, 54.392586>,  <49.016190, 50.848717, 54.132244>, 0.100000
	pigment { color rgbt <1,0,0,0> }
	no_shadow
}

// particle -1
sphere {
	<48.919388, 50.560879, 54.392586> 0.100000
	pigment { color rgbt <1,0,0,0> }
	no_shadow
}
sphere {
	0, 1
	scale<0.080000,0.200000,0.300000>
	matrix <0.968615, -0.139954, 0.205421,
		-0.056731, 0.680140, 0.730883,
		-0.242005, -0.719599, 0.650855,
		48.846786, 50.344997, 54.587841>
	pigment { color rgbt <0,1,1,0> }
	no_shadow
}
cylinder {
	<49.414318, 50.963238, 54.870213>,  <49.016190, 50.848717, 54.132244>, 0.130000
	pigment { color rgbt <1,0,0,0> }
	no_shadow
}

// nucleotide -1

// particle -1
sphere {
	<49.414318, 50.963238, 54.870213> 0.250000
	pigment { color rgbt <1,0,0,0> }
	no_shadow
}
cylinder {
	<49.305763, 50.580677, 54.827042>,  <49.240631, 50.351139, 54.801140>, 0.100000
	pigment { color rgbt <1,0,0,0> }
	no_shadow
}
cylinder {
	<49.305763, 50.580677, 54.827042>,  <49.414318, 50.963238, 54.870213>, 0.100000
	pigment { color rgbt <1,0,0,0> }
	no_shadow
}

// particle -1
sphere {
	<49.305763, 50.580677, 54.827042> 0.100000
	pigment { color rgbt <1,0,0,0> }
	no_shadow
}
sphere {
	0, 1
	scale<0.080000,0.200000,0.300000>
	matrix <0.927169, -0.289873, 0.237343,
		-0.258280, -0.035654, 0.965412,
		-0.271385, -0.956401, -0.107925,
		49.224346, 50.293758, 54.794662>
	pigment { color rgbt <0,1,1,0> }
	no_shadow
}
cylinder {
	<49.453926, 50.584412, 55.496098>,  <49.414318, 50.963238, 54.870213>, 0.130000
	pigment { color rgbt <1,0,0,0> }
	no_shadow
}

// nucleotide -1

// particle -1
sphere {
	<49.453926, 50.584412, 55.496098> 0.250000
	pigment { color rgbt <1,0,0,0> }
	no_shadow
}
cylinder {
	<49.555649, 50.357628, 55.182693>,  <49.616680, 50.221558, 54.994652>, 0.100000
	pigment { color rgbt <1,0,0,0> }
	no_shadow
}
cylinder {
	<49.555649, 50.357628, 55.182693>,  <49.453926, 50.584412, 55.496098>, 0.100000
	pigment { color rgbt <1,0,0,0> }
	no_shadow
}

// particle -1
sphere {
	<49.555649, 50.357628, 55.182693> 0.100000
	pigment { color rgbt <1,0,0,0> }
	no_shadow
}
sphere {
	0, 1
	scale<0.080000,0.200000,0.300000>
	matrix <0.839653, -0.272579, 0.469771,
		-0.479910, -0.777337, 0.406735,
		0.254303, -0.566964, -0.783506,
		49.631939, 50.187538, 54.947643>
	pigment { color rgbt <0,1,1,0> }
	no_shadow
}
cylinder {
	<50.202507, 50.535053, 55.721786>,  <49.453926, 50.584412, 55.496098>, 0.130000
	pigment { color rgbt <1,0,0,0> }
	no_shadow
}

// nucleotide -1

// particle -1
sphere {
	<50.202507, 50.535053, 55.721786> 0.250000
	pigment { color rgbt <1,0,0,0> }
	no_shadow
}
cylinder {
	<50.482235, 50.653236, 55.461433>,  <50.650074, 50.724148, 55.305222>, 0.100000
	pigment { color rgbt <1,0,0,0> }
	no_shadow
}
cylinder {
	<50.482235, 50.653236, 55.461433>,  <50.202507, 50.535053, 55.721786>, 0.100000
	pigment { color rgbt <1,0,0,0> }
	no_shadow
}

// particle -1
sphere {
	<50.482235, 50.653236, 55.461433> 0.100000
	pigment { color rgbt <1,0,0,0> }
	no_shadow
}
sphere {
	0, 1
	scale<0.080000,0.200000,0.300000>
	matrix <-0.109905, 0.944191, 0.310521,
		0.706304, -0.145620, 0.692769,
		0.699325, 0.295462, -0.650882,
		50.692032, 50.741875, 55.266171>
	pigment { color rgbt <0,1,1,0> }
	no_shadow
}
cylinder {
	<50.784222, 50.863884, 56.086067>,  <50.202507, 50.535053, 55.721786>, 0.130000
	pigment { color rgbt <1,0,0,0> }
	no_shadow
}

// nucleotide -1

// particle -1
sphere {
	<50.784222, 50.863884, 56.086067> 0.250000
	pigment { color rgbt <1,0,0,0> }
	no_shadow
}
cylinder {
	<50.770950, 51.013348, 55.715279>,  <50.762989, 51.103027, 55.492805>, 0.100000
	pigment { color rgbt <1,0,0,0> }
	no_shadow
}
cylinder {
	<50.770950, 51.013348, 55.715279>,  <50.784222, 50.863884, 56.086067>, 0.100000
	pigment { color rgbt <1,0,0,0> }
	no_shadow
}

// particle -1
sphere {
	<50.770950, 51.013348, 55.715279> 0.100000
	pigment { color rgbt <1,0,0,0> }
	no_shadow
}
sphere {
	0, 1
	scale<0.080000,0.200000,0.300000>
	matrix <0.109855, 0.923226, 0.368220,
		0.993394, -0.089616, -0.071679,
		-0.033177, 0.373662, -0.926972,
		50.760998, 51.125446, 55.437187>
	pigment { color rgbt <0,1,1,0> }
	no_shadow
}
cylinder {
	<51.410675, 51.217152, 56.005219>,  <50.784222, 50.863884, 56.086067>, 0.130000
	pigment { color rgbt <1,0,0,0> }
	no_shadow
}

// nucleotide -1

// particle -1
sphere {
	<51.410675, 51.217152, 56.005219> 0.250000
	pigment { color rgbt <1,0,0,0> }
	no_shadow
}
cylinder {
	<51.114998, 51.337769, 55.764328>,  <50.937592, 51.410137, 55.619793>, 0.100000
	pigment { color rgbt <1,0,0,0> }
	no_shadow
}
cylinder {
	<51.114998, 51.337769, 55.764328>,  <51.410675, 51.217152, 56.005219>, 0.100000
	pigment { color rgbt <1,0,0,0> }
	no_shadow
}

// particle -1
sphere {
	<51.114998, 51.337769, 55.764328> 0.100000
	pigment { color rgbt <1,0,0,0> }
	no_shadow
}
sphere {
	0, 1
	scale<0.080000,0.200000,0.300000>
	matrix <0.193382, 0.951548, 0.239083,
		0.645137, 0.060269, -0.761686,
		-0.739190, 0.301538, -0.602224,
		50.893242, 51.428230, 55.583660>
	pigment { color rgbt <0,1,1,0> }
	no_shadow
}
cylinder {
	<51.991524, 51.319939, 56.343235>,  <51.410675, 51.217152, 56.005219>, 0.130000
	pigment { color rgbt <1,0,0,0> }
	no_shadow
}

// nucleotide -1

// particle -1
sphere {
	<51.991524, 51.319939, 56.343235> 0.250000
	pigment { color rgbt <1,0,0,0> }
	no_shadow
}
cylinder {
	<52.140709, 51.025578, 56.117188>,  <52.230221, 50.848961, 55.981560>, 0.100000
	pigment { color rgbt <1,0,0,0> }
	no_shadow
}
cylinder {
	<52.140709, 51.025578, 56.117188>,  <51.991524, 51.319939, 56.343235>, 0.100000
	pigment { color rgbt <1,0,0,0> }
	no_shadow
}

// particle -1
sphere {
	<52.140709, 51.025578, 56.117188> 0.100000
	pigment { color rgbt <1,0,0,0> }
	no_shadow
}
sphere {
	0, 1
	scale<0.080000,0.200000,0.300000>
	matrix <0.927071, 0.320471, 0.194517,
		0.037959, -0.596449, 0.801753,
		0.372958, -0.735899, -0.565115,
		52.252598, 50.804810, 55.947655>
	pigment { color rgbt <0,1,1,0> }
	no_shadow
}
cylinder {
	<52.136143, 50.876747, 56.993885>,  <51.991524, 51.319939, 56.343235>, 0.130000
	pigment { color rgbt <1,0,0,0> }
	no_shadow
}

// nucleotide -1

// particle -1
sphere {
	<52.136143, 50.876747, 56.993885> 0.250000
	pigment { color rgbt <1,0,0,0> }
	no_shadow
}
cylinder {
	<52.357929, 50.876465, 56.661003>,  <52.491001, 50.876297, 56.461273>, 0.100000
	pigment { color rgbt <1,0,0,0> }
	no_shadow
}
cylinder {
	<52.357929, 50.876465, 56.661003>,  <52.136143, 50.876747, 56.993885>, 0.100000
	pigment { color rgbt <1,0,0,0> }
	no_shadow
}

// particle -1
sphere {
	<52.357929, 50.876465, 56.661003> 0.100000
	pigment { color rgbt <1,0,0,0> }
	no_shadow
}
sphere {
	0, 1
	scale<0.080000,0.200000,0.300000>
	matrix <0.830009, -0.072185, 0.553059,
		-0.060461, -0.997391, -0.039441,
		0.554463, -0.000702, -0.832208,
		52.524269, 50.876251, 56.411339>
	pigment { color rgbt <0,1,1,0> }
	no_shadow
}
cylinder {
	<52.584728, 50.195438, 56.926613>,  <52.136143, 50.876747, 56.993885>, 0.130000
	pigment { color rgbt <1,0,0,0> }
	no_shadow
}

// nucleotide -1

// particle -1
sphere {
	<52.584728, 50.195438, 56.926613> 0.250000
	pigment { color rgbt <1,0,0,0> }
	no_shadow
}
cylinder {
	<52.727650, 50.534237, 56.769165>,  <52.813404, 50.737514, 56.674698>, 0.100000
	pigment { color rgbt <1,0,0,0> }
	no_shadow
}
cylinder {
	<52.727650, 50.534237, 56.769165>,  <52.584728, 50.195438, 56.926613>, 0.100000
	pigment { color rgbt <1,0,0,0> }
	no_shadow
}

// particle -1
sphere {
	<52.727650, 50.534237, 56.769165> 0.100000
	pigment { color rgbt <1,0,0,0> }
	no_shadow
}
sphere {
	0, 1
	scale<0.080000,0.200000,0.300000>
	matrix <0.814327, -0.076128, 0.575392,
		0.457387, -0.526125, -0.716930,
		0.357307, 0.846993, -0.393618,
		52.834843, 50.788334, 56.651081>
	pigment { color rgbt <0,1,1,0> }
	no_shadow
}
cylinder {
	<53.307781, 50.193058, 56.666603>,  <52.584728, 50.195438, 56.926613>, 0.130000
	pigment { color rgbt <1,0,0,0> }
	no_shadow
}

// nucleotide -1

// particle -1
sphere {
	<53.307781, 50.193058, 56.666603> 0.250000
	pigment { color rgbt <1,0,0,0> }
	no_shadow
}
cylinder {
	<53.267712, 50.550308, 56.842010>,  <53.243671, 50.764656, 56.947254>, 0.100000
	pigment { color rgbt <1,0,0,0> }
	no_shadow
}
cylinder {
	<53.267712, 50.550308, 56.842010>,  <53.307781, 50.193058, 56.666603>, 0.100000
	pigment { color rgbt <1,0,0,0> }
	no_shadow
}

// particle -1
sphere {
	<53.267712, 50.550308, 56.842010> 0.100000
	pigment { color rgbt <1,0,0,0> }
	no_shadow
}
sphere {
	0, 1
	scale<0.080000,0.200000,0.300000>
	matrix <0.853832, -0.149110, 0.498735,
		0.510819, 0.424380, -0.747640,
		-0.100172, 0.893123, 0.438517,
		53.237659, 50.818245, 56.973564>
	pigment { color rgbt <0,1,1,0> }
	no_shadow
}
cylinder {
	<53.884300, 50.588364, 56.455608>,  <53.307781, 50.193058, 56.666603>, 0.130000
	pigment { color rgbt <1,0,0,0> }
	no_shadow
}

// nucleotide -1

// particle -1
sphere {
	<53.884300, 50.588364, 56.455608> 0.250000
	pigment { color rgbt <1,0,0,0> }
	no_shadow
}
cylinder {
	<53.722107, 50.683411, 56.808678>,  <53.624790, 50.740440, 57.020519>, 0.100000
	pigment { color rgbt <1,0,0,0> }
	no_shadow
}
cylinder {
	<53.722107, 50.683411, 56.808678>,  <53.884300, 50.588364, 56.455608>, 0.100000
	pigment { color rgbt <1,0,0,0> }
	no_shadow
}

// particle -1
sphere {
	<53.722107, 50.683411, 56.808678> 0.100000
	pigment { color rgbt <1,0,0,0> }
	no_shadow
}
sphere {
	0, 1
	scale<0.080000,0.200000,0.300000>
	matrix <0.894523, -0.095637, 0.436671,
		0.188179, 0.966638, -0.173779,
		-0.405483, 0.237622, 0.882677,
		53.600460, 50.754696, 57.073483>
	pigment { color rgbt <0,1,1,0> }
	no_shadow
}
cylinder {
	<54.307613, 51.051346, 56.716473>,  <53.884300, 50.588364, 56.455608>, 0.130000
	pigment { color rgbt <1,0,0,0> }
	no_shadow
}

// nucleotide -1

// particle -1
sphere {
	<54.307613, 51.051346, 56.716473> 0.250000
	pigment { color rgbt <1,0,0,0> }
	no_shadow
}
cylinder {
	<54.128822, 50.819675, 56.989166>,  <54.021545, 50.680672, 57.152782>, 0.100000
	pigment { color rgbt <1,0,0,0> }
	no_shadow
}
cylinder {
	<54.128822, 50.819675, 56.989166>,  <54.307613, 51.051346, 56.716473>, 0.100000
	pigment { color rgbt <1,0,0,0> }
	no_shadow
}

// particle -1
sphere {
	<54.128822, 50.819675, 56.989166> 0.100000
	pigment { color rgbt <1,0,0,0> }
	no_shadow
}
sphere {
	0, 1
	scale<0.080000,0.200000,0.300000>
	matrix <0.872576, -0.114442, 0.474884,
		-0.197024, 0.807127, 0.556531,
