// switches for output
#declare DRAW_BASES = 1; // possible values are 0, 1; only relevant for DNA ribbons
#declare DRAW_BASES_TYPE = 3; // possible values are 1, 2, 3; only relevant for DNA ribbons
#declare DRAW_FOG = 0; // set to 1 to enable fog

#include "colors.inc"

#include "transforms.inc"
background { rgb <1, 1, 1>}

#default {
   normal{
       ripples 0.25
       frequency 0.20
       turbulence 0.2
       lambda 5
   }
	finish {
		phong 0.1
		phong_size 40.
	}
}

// original window dimensions: 1024x640


// camera settings

camera {
	sky <-0, 1, 0>
	up <-0, 1, 0>
	right 1.6 * <0.99995, 0, 0.00999983>
	location <54.4867, 55, 106.329>
	look_at <55, 55, 55.0001>
	direction <0.513302, 0, -51.3289>
	angle 67.0682
}


# declare cpy_camera_pos = <54.4867, 55, 106.329>;
# if (DRAW_FOG = 1)
fog {
	fog_type 2
	up vnormalize(cpy_camera_pos)
	color rgbt<1,1,1,0.3>
	distance 1e-5
	fog_alt 3e-3
	fog_offset 88
}
# end


// LIGHTS

# declare lum = 6;
global_settings {
	ambient_light rgb lum * <0.05, 0.05, 0.05>
	max_trace_level 15
}# declare cpy_direct_light_amount = 0.25;
light_source
{	1000 * <-0.98995, -1, 1.00995>,
	rgb lum * cpy_direct_light_amount
	parallel
}

light_source
{	1000 * <0.98995, 1, -1.00995>,
	rgb lum * cpy_direct_light_amount
	parallel
}

// strand 0

// nucleotide -1

// particle -1
sphere {
	<36.169952, 52.924442, 50.679440> 0.250000
	pigment { color rgbt <1,0,0,0> }
	no_shadow
}
cylinder {
	<36.434349, 52.927120, 50.379295>,  <36.592987, 52.928726, 50.199207>, 0.100000
	pigment { color rgbt <1,0,0,0> }
	no_shadow
}
cylinder {
	<36.434349, 52.927120, 50.379295>,  <36.169952, 52.924442, 50.679440>, 0.100000
	pigment { color rgbt <1,0,0,0> }
	no_shadow
}

// particle -1
sphere {
	<36.434349, 52.927120, 50.379295> 0.100000
	pigment { color rgbt <1,0,0,0> }
	no_shadow
}
sphere {
	0, 1
	scale<0.080000,0.200000,0.300000>
	matrix <-0.313903, 0.910733, -0.268384,
		0.681584, 0.412941, 0.604089,
		0.660991, 0.006699, -0.750364,
		36.632645, 52.929131, 50.154186>
	pigment { color rgbt <0,1,1,0> }
	no_shadow
}
cylinder {
	<36.628468, 53.449474, 50.703747>,  <36.169952, 52.924442, 50.679440>, 0.130000
	pigment { color rgbt <1,0,0,0> }
	no_shadow
}

// nucleotide -1

// particle -1
sphere {
	<36.628468, 53.449474, 50.703747> 0.250000
	pigment { color rgbt <1,0,0,0> }
	no_shadow
}
cylinder {
	<36.623077, 53.394432, 50.307587>,  <36.619843, 53.361408, 50.069893>, 0.100000
	pigment { color rgbt <1,0,0,0> }
	no_shadow
}
cylinder {
	<36.623077, 53.394432, 50.307587>,  <36.628468, 53.449474, 50.703747>, 0.100000
	pigment { color rgbt <1,0,0,0> }
	no_shadow
}

// particle -1
sphere {
	<36.623077, 53.394432, 50.307587> 0.100000
	pigment { color rgbt <1,0,0,0> }
	no_shadow
}
sphere {
	0, 1
	scale<0.080000,0.200000,0.300000>
	matrix <-0.504131, 0.856319, -0.112116,
		0.863522, 0.497778, -0.080909,
		-0.013475, -0.137603, -0.990396,
		36.619034, 53.353149, 50.010468>
	pigment { color rgbt <0,1,1,0> }
	no_shadow
}
cylinder {
	<36.755291, 54.152756, 50.374748>,  <36.628468, 53.449474, 50.703747>, 0.130000
	pigment { color rgbt <1,0,0,0> }
	no_shadow
}

// nucleotide -1

// particle -1
sphere {
	<36.755291, 54.152756, 50.374748> 0.250000
	pigment { color rgbt <1,0,0,0> }
	no_shadow
}
cylinder {
	<36.587967, 53.935158, 50.083794>,  <36.487572, 53.804600, 49.909222>, 0.100000
	pigment { color rgbt <1,0,0,0> }
	no_shadow
}
cylinder {
	<36.587967, 53.935158, 50.083794>,  <36.755291, 54.152756, 50.374748>, 0.100000
	pigment { color rgbt <1,0,0,0> }
	no_shadow
}

// particle -1
sphere {
	<36.587967, 53.935158, 50.083794> 0.100000
	pigment { color rgbt <1,0,0,0> }
	no_shadow
}
sphere {
	0, 1
	scale<0.080000,0.200000,0.300000>
	matrix <-0.377852, 0.832452, -0.405281,
		0.825979, 0.105306, -0.553778,
		-0.418315, -0.543999, -0.727377,
		36.462475, 53.771957, 49.865578>
	pigment { color rgbt <0,1,1,0> }
	no_shadow
}
cylinder {
	<37.486073, 54.399803, 50.689873>,  <36.755291, 54.152756, 50.374748>, 0.130000
	pigment { color rgbt <1,0,0,0> }
	no_shadow
}

// nucleotide -1

// particle -1
sphere {
	<37.486073, 54.399803, 50.689873> 0.250000
	pigment { color rgbt <1,0,0,0> }
	no_shadow
}
cylinder {
	<37.376541, 54.311020, 51.064201>,  <37.310822, 54.257748, 51.288799>, 0.100000
	pigment { color rgbt <1,0,0,0> }
	no_shadow
}
cylinder {
	<37.376541, 54.311020, 51.064201>,  <37.486073, 54.399803, 50.689873>, 0.100000
	pigment { color rgbt <1,0,0,0> }
	no_shadow
}

// particle -1
sphere {
	<37.376541, 54.311020, 51.064201> 0.100000
	pigment { color rgbt <1,0,0,0> }
	no_shadow
}
sphere {
	0, 1
	scale<0.080000,0.200000,0.300000>
	matrix <-0.146228, -0.952086, -0.268606,
		0.950598, -0.210394, 0.228248,
		-0.273825, -0.221961, 0.935817,
		37.294395, 54.244431, 51.344948>
	pigment { color rgbt <0,1,1,0> }
	no_shadow
}
cylinder {
	<37.967442, 53.883381, 50.927254>,  <37.486073, 54.399803, 50.689873>, 0.130000
	pigment { color rgbt <1,0,0,0> }
	no_shadow
}

// nucleotide -1

// particle -1
sphere {
	<37.967442, 53.883381, 50.927254> 0.250000
	pigment { color rgbt <1,0,0,0> }
	no_shadow
}
cylinder {
	<37.602222, 53.873215, 51.090080>,  <37.383091, 53.867115, 51.187775>, 0.100000
	pigment { color rgbt <1,0,0,0> }
	no_shadow
}
cylinder {
	<37.602222, 53.873215, 51.090080>,  <37.967442, 53.883381, 50.927254>, 0.100000
	pigment { color rgbt <1,0,0,0> }
	no_shadow
}

// particle -1
sphere {
	<37.602222, 53.873215, 51.090080> 0.100000
	pigment { color rgbt <1,0,0,0> }
	no_shadow
}
sphere {
	0, 1
	scale<0.080000,0.200000,0.300000>
	matrix <-0.201394, -0.839796, -0.504166,
		0.354663, -0.542307, 0.761654,
		-0.913047, -0.025416, 0.407062,
		37.328308, 53.865589, 51.212200>
	pigment { color rgbt <0,1,1,0> }
	no_shadow
}
cylinder {
	<37.815552, 53.443542, 50.346428>,  <37.967442, 53.883381, 50.927254>, 0.130000
	pigment { color rgbt <1,0,0,0> }
	no_shadow
}

// nucleotide -1

// particle -1
sphere {
	<37.815552, 53.443542, 50.346428> 0.250000
	pigment { color rgbt <1,0,0,0> }
	no_shadow
}
cylinder {
	<37.949856, 53.085564, 50.463959>,  <38.030437, 52.870777, 50.534477>, 0.100000
	pigment { color rgbt <1,0,0,0> }
	no_shadow
}
cylinder {
	<37.949856, 53.085564, 50.463959>,  <37.815552, 53.443542, 50.346428>, 0.100000
	pigment { color rgbt <1,0,0,0> }
	no_shadow
}

// particle -1
sphere {
	<37.949856, 53.085564, 50.463959> 0.100000
	pigment { color rgbt <1,0,0,0> }
	no_shadow
}
sphere {
	0, 1
	scale<0.080000,0.200000,0.300000>
	matrix <0.866503, 0.171136, -0.468920,
		0.369373, 0.412050, 0.832934,
		0.335764, -0.894945, 0.293829,
		38.050587, 52.817081, 50.552109>
	pigment { color rgbt <0,1,1,0> }
	no_shadow
}
cylinder {
	<38.418247, 53.304569, 50.739010>,  <37.815552, 53.443542, 50.346428>, 0.130000
	pigment { color rgbt <1,0,0,0> }
	no_shadow
}

// nucleotide -1

// particle -1
sphere {
	<38.418247, 53.304569, 50.739010> 0.250000
	pigment { color rgbt <1,0,0,0> }
	no_shadow
}
cylinder {
	<38.416851, 52.966522, 50.525181>,  <38.416012, 52.763695, 50.396881>, 0.100000
	pigment { color rgbt <1,0,0,0> }
	no_shadow
}
cylinder {
	<38.416851, 52.966522, 50.525181>,  <38.418247, 53.304569, 50.739010>, 0.100000
	pigment { color rgbt <1,0,0,0> }
	no_shadow
}

// particle -1
sphere {
	<38.416851, 52.966522, 50.525181> 0.100000
	pigment { color rgbt <1,0,0,0> }
	no_shadow
}
sphere {
	0, 1
	scale<0.080000,0.200000,0.300000>
	matrix <0.981466, 0.099534, -0.163761,
		0.191605, -0.525238, 0.829104,
		-0.003490, -0.845114, -0.534574,
		38.415806, 52.712990, 50.364807>
	pigment { color rgbt <0,1,1,0> }
	no_shadow
}
cylinder {
	<38.841293, 52.787647, 51.057240>,  <38.418247, 53.304569, 50.739010>, 0.130000
	pigment { color rgbt <1,0,0,0> }
	no_shadow
}

// nucleotide -1

// particle -1
sphere {
	<38.841293, 52.787647, 51.057240> 0.250000
	pigment { color rgbt <1,0,0,0> }
	no_shadow
}
cylinder {
	<38.814896, 52.787678, 50.658112>,  <38.799057, 52.787697, 50.418636>, 0.100000
	pigment { color rgbt <1,0,0,0> }
	no_shadow
}
cylinder {
	<38.814896, 52.787678, 50.658112>,  <38.841293, 52.787647, 51.057240>, 0.100000
	pigment { color rgbt <1,0,0,0> }
	no_shadow
}

// particle -1
sphere {
	<38.814896, 52.787678, 50.658112> 0.100000
	pigment { color rgbt <1,0,0,0> }
	no_shadow
}
sphere {
	0, 1
	scale<0.080000,0.200000,0.300000>
	matrix <0.975240, 0.211538, -0.064482,
		0.211072, -0.977370, -0.014036,
		-0.065992, 0.000078, -0.997820,
		38.795097, 52.787701, 50.358765>
	pigment { color rgbt <0,1,1,0> }
	no_shadow
}
cylinder {
	<39.138432, 52.234085, 50.539799>,  <38.841293, 52.787647, 51.057240>, 0.130000
	pigment { color rgbt <1,0,0,0> }
	no_shadow
}

// nucleotide -1

// particle -1
sphere {
	<39.138432, 52.234085, 50.539799> 0.250000
	pigment { color rgbt <1,0,0,0> }
	no_shadow
}
cylinder {
	<39.118660, 52.559631, 50.308220>,  <39.106796, 52.754959, 50.169273>, 0.100000
	pigment { color rgbt <1,0,0,0> }
	no_shadow
}
cylinder {
	<39.118660, 52.559631, 50.308220>,  <39.138432, 52.234085, 50.539799>, 0.100000
	pigment { color rgbt <1,0,0,0> }
	no_shadow
}

// particle -1
sphere {
	<39.118660, 52.559631, 50.308220> 0.100000
	pigment { color rgbt <1,0,0,0> }
	no_shadow
}
sphere {
	0, 1
	scale<0.080000,0.200000,0.300000>
	matrix <0.996760, 0.003371, -0.080361,
		-0.063452, -0.581040, -0.811398,
		-0.049428, 0.813868, -0.578943,
		39.103832, 52.803791, 50.134537>
	pigment { color rgbt <0,1,1,0> }
	no_shadow
}
cylinder {
	<39.840351, 52.228195, 50.234089>,  <39.138432, 52.234085, 50.539799>, 0.130000
	pigment { color rgbt <1,0,0,0> }
	no_shadow
}

// nucleotide -1

// particle -1
sphere {
	<39.840351, 52.228195, 50.234089> 0.250000
	pigment { color rgbt <1,0,0,0> }
	no_shadow
}
cylinder {
	<39.676559, 52.590111, 50.187294>,  <39.578285, 52.807259, 50.159218>, 0.100000
	pigment { color rgbt <1,0,0,0> }
	no_shadow
}
cylinder {
	<39.676559, 52.590111, 50.187294>,  <39.840351, 52.228195, 50.234089>, 0.100000
	pigment { color rgbt <1,0,0,0> }
	no_shadow
}

// particle -1
sphere {
	<39.676559, 52.590111, 50.187294> 0.100000
	pigment { color rgbt <1,0,0,0> }
	no_shadow
}
sphere {
	0, 1
	scale<0.080000,0.200000,0.300000>
	matrix <0.903787, 0.384808, -0.187330,
		-0.124477, -0.182437, -0.975306,
		-0.409482, 0.904787, -0.116984,
		39.553715, 52.861546, 50.152199>
	pigment { color rgbt <0,1,1,0> }
	no_shadow
}
cylinder {
	<40.102486, 52.489605, 49.507805>,  <39.840351, 52.228195, 50.234089>, 0.130000
	pigment { color rgbt <1,0,0,0> }
	no_shadow
}

// nucleotide -1

// particle -1
sphere {
	<40.102486, 52.489605, 49.507805> 0.250000
	pigment { color rgbt <1,0,0,0> }
	no_shadow
}
cylinder {
	<39.983162, 52.738350, 49.797440>,  <39.911568, 52.887596, 49.971218>, 0.100000
	pigment { color rgbt <1,0,0,0> }
	no_shadow
}
cylinder {
	<39.983162, 52.738350, 49.797440>,  <40.102486, 52.489605, 49.507805>, 0.100000
	pigment { color rgbt <1,0,0,0> }
	no_shadow
}

// particle -1
sphere {
	<39.983162, 52.738350, 49.797440> 0.100000
	pigment { color rgbt <1,0,0,0> }
	no_shadow
}
sphere {
	0, 1
	scale<0.080000,0.200000,0.300000>
	matrix <0.816389, 0.559268, -0.143976,
		-0.494490, 0.548185, -0.674516,
		-0.298310, 0.621862, 0.724085,
		39.893669, 52.924908, 50.014664>
	pigment { color rgbt <0,1,1,0> }
	no_shadow
}
cylinder {
	<40.080429, 53.176704, 49.272697>,  <40.102486, 52.489605, 49.507805>, 0.130000
	pigment { color rgbt <1,0,0,0> }
	no_shadow
}

// nucleotide -1

// particle -1
sphere {
	<40.080429, 53.176704, 49.272697> 0.250000
	pigment { color rgbt <1,0,0,0> }
	no_shadow
}
cylinder {
	<40.174950, 53.147606, 49.660278>,  <40.231663, 53.130146, 49.892826>, 0.100000
	pigment { color rgbt <1,0,0,0> }
	no_shadow
}
cylinder {
	<40.174950, 53.147606, 49.660278>,  <40.080429, 53.176704, 49.272697>, 0.100000
	pigment { color rgbt <1,0,0,0> }
	no_shadow
}

// particle -1
sphere {
	<40.174950, 53.147606, 49.660278> 0.100000
	pigment { color rgbt <1,0,0,0> }
	no_shadow
}
sphere {
	0, 1
	scale<0.080000,0.200000,0.300000>
	matrix <0.779259, 0.609874, -0.144254,
		-0.580444, 0.789153, 0.200804,
		0.236304, -0.072747, 0.968952,
		40.245842, 53.125782, 49.950966>
	pigment { color rgbt <0,1,1,0> }
	no_shadow
}
cylinder {
	<40.427906, 53.823822, 49.439220>,  <40.080429, 53.176704, 49.272697>, 0.130000
	pigment { color rgbt <1,0,0,0> }
	no_shadow
}

// nucleotide -1

// particle -1
sphere {
	<40.427906, 53.823822, 49.439220> 0.250000
	pigment { color rgbt <1,0,0,0> }
	no_shadow
}
cylinder {
	<40.550068, 53.582199, 49.733662>,  <40.623363, 53.437225, 49.910328>, 0.100000
	pigment { color rgbt <1,0,0,0> }
	no_shadow
}
cylinder {
	<40.550068, 53.582199, 49.733662>,  <40.427906, 53.823822, 49.439220>, 0.100000
	pigment { color rgbt <1,0,0,0> }
	no_shadow
}

// particle -1
sphere {
	<40.550068, 53.582199, 49.733662> 0.100000
	pigment { color rgbt <1,0,0,0> }
	no_shadow
}
sphere {
	0, 1
	scale<0.080000,0.200000,0.300000>
	matrix <0.856608, 0.511899, 0.064669,
		-0.415874, 0.610801, 0.673774,
		0.305405, -0.604054, 0.736102,
		40.641689, 53.400982, 49.954491>
	pigment { color rgbt <0,1,1,0> }
	no_shadow
}
cylinder {
	<40.696465, 54.278893, 50.009907>,  <40.427906, 53.823822, 49.439220>, 0.130000
	pigment { color rgbt <1,0,0,0> }
	no_shadow
}

// nucleotide -1

// particle -1
sphere {
	<40.696465, 54.278893, 50.009907> 0.250000
	pigment { color rgbt <1,0,0,0> }
	no_shadow
}
cylinder {
	<40.841362, 53.906403, 49.993900>,  <40.928299, 53.682907, 49.984295>, 0.100000
	pigment { color rgbt <1,0,0,0> }
	no_shadow
}
cylinder {
	<40.841362, 53.906403, 49.993900>,  <40.696465, 54.278893, 50.009907>, 0.100000
	pigment { color rgbt <1,0,0,0> }
	no_shadow
}

// particle -1
sphere {
	<40.841362, 53.906403, 49.993900> 0.100000
	pigment { color rgbt <1,0,0,0> }
	no_shadow
}
sphere {
	0, 1
	scale<0.080000,0.200000,0.300000>
	matrix <0.931890, 0.360959, 0.035901,
		-0.018988, -0.050296, 0.998554,
		0.362243, -0.931224, -0.040017,
		40.950035, 53.627037, 49.981895>
	pigment { color rgbt <0,1,1,0> }
	no_shadow
}
cylinder {
	<41.190945, 53.982674, 50.639515>,  <40.696465, 54.278893, 50.009907>, 0.130000
	pigment { color rgbt <1,0,0,0> }
	no_shadow
}

// nucleotide -1

// particle -1
sphere {
	<41.190945, 53.982674, 50.639515> 0.250000
	pigment { color rgbt <1,0,0,0> }
	no_shadow
}
cylinder {
	<41.293423, 53.916935, 50.258495>,  <41.354908, 53.877491, 50.029884>, 0.100000
	pigment { color rgbt <1,0,0,0> }
	no_shadow
}
cylinder {
	<41.293423, 53.916935, 50.258495>,  <41.190945, 53.982674, 50.639515>, 0.100000
	pigment { color rgbt <1,0,0,0> }
	no_shadow
}

// particle -1
sphere {
	<41.293423, 53.916935, 50.258495> 0.100000
	pigment { color rgbt <1,0,0,0> }
	no_shadow
}
sphere {
	0, 1
	scale<0.080000,0.200000,0.300000>
	matrix <0.920632, 0.341839, 0.188632,
		0.294618, -0.925276, 0.238882,
		0.256196, -0.164348, -0.952551,
		41.370281, 53.867630, 49.972729>
	pigment { color rgbt <0,1,1,0> }
	no_shadow
}
cylinder {
	<41.605438, 53.361763, 50.401627>,  <41.190945, 53.982674, 50.639515>, 0.130000
	pigment { color rgbt <1,0,0,0> }
	no_shadow
}

// nucleotide -1

// particle -1
sphere {
	<41.605438, 53.361763, 50.401627> 0.250000
	pigment { color rgbt <1,0,0,0> }
	no_shadow
}
cylinder {
	<41.684521, 53.695885, 50.196426>,  <41.731972, 53.896358, 50.073307>, 0.100000
	pigment { color rgbt <1,0,0,0> }
	no_shadow
}
cylinder {
	<41.684521, 53.695885, 50.196426>,  <41.605438, 53.361763, 50.401627>, 0.100000
	pigment { color rgbt <1,0,0,0> }
	no_shadow
}

// particle -1
sphere {
	<41.684521, 53.695885, 50.196426> 0.100000
	pigment { color rgbt <1,0,0,0> }
	no_shadow
}
sphere {
	0, 1
	scale<0.080000,0.200000,0.300000>
	matrix <0.935234, -0.003950, 0.354008,
		0.293679, -0.549768, -0.781989,
		0.197711, 0.835308, -0.513002,
		41.743835, 53.946476, 50.042526>
	pigment { color rgbt <0,1,1,0> }
	no_shadow
}
cylinder {
	<42.276039, 53.471027, 50.467983>,  <41.605438, 53.361763, 50.401627>, 0.130000
	pigment { color rgbt <1,0,0,0> }
	no_shadow
}

// nucleotide -1

// particle -1
sphere {
	<42.276039, 53.471027, 50.467983> 0.250000
	pigment { color rgbt <1,0,0,0> }
	no_shadow
}
cylinder {
	<42.264103, 53.822075, 50.276611>,  <42.256943, 54.032703, 50.161789>, 0.100000
	pigment { color rgbt <1,0,0,0> }
	no_shadow
}
cylinder {
	<42.264103, 53.822075, 50.276611>,  <42.276039, 53.471027, 50.467983>, 0.100000
	pigment { color rgbt <1,0,0,0> }
	no_shadow
}

// particle -1
sphere {
	<42.264103, 53.822075, 50.276611> 0.100000
	pigment { color rgbt <1,0,0,0> }
	no_shadow
}
sphere {
	0, 1
	scale<0.080000,0.200000,0.300000>
	matrix <0.819517, 0.295518, 0.490980,
		0.572278, -0.377428, -0.728043,
		-0.029840, 0.877620, -0.478427,
		42.255150, 54.085361, 50.133083>
	pigment { color rgbt <0,1,1,0> }
	no_shadow
}
cylinder {
	<42.612625, 53.103886, 49.983021>,  <42.276039, 53.471027, 50.467983>, 0.130000
	pigment { color rgbt <1,0,0,0> }
	no_shadow
}

// nucleotide -1

// particle -1
sphere {
	<42.612625, 53.103886, 49.983021> 0.250000
	pigment { color rgbt <1,0,0,0> }
	no_shadow
}
cylinder {
	<42.883831, 53.240234, 49.722527>,  <43.046555, 53.322044, 49.566231>, 0.100000
	pigment { color rgbt <1,0,0,0> }
	no_shadow
}
cylinder {
	<42.883831, 53.240234, 49.722527>,  <42.612625, 53.103886, 49.983021>, 0.100000
	pigment { color rgbt <1,0,0,0> }
	no_shadow
}

// particle -1
sphere {
	<42.883831, 53.240234, 49.722527> 0.100000
	pigment { color rgbt <1,0,0,0> }
	no_shadow
}
sphere {
	0, 1
	scale<0.080000,0.200000,0.300000>
	matrix <0.448845, 0.509623, 0.734045,
		0.582098, -0.789996, 0.192533,
		0.678012, 0.340869, -0.651236,
		43.087234, 53.342495, 49.527157>
	pigment { color rgbt <0,1,1,0> }
	no_shadow
}
cylinder {
	<43.429455, 53.005829, 50.191818>,  <42.612625, 53.103886, 49.983021>, 0.130000
	pigment { color rgbt <1,0,0,0> }
	no_shadow
}

// nucleotide -1

// particle -1
sphere {
	<43.429455, 53.005829, 50.191818> 0.250000
	pigment { color rgbt <1,0,0,0> }
	no_shadow
}
cylinder {
	<43.349072, 53.340103, 49.987370>,  <43.300842, 53.540668, 49.864700>, 0.100000
	pigment { color rgbt <1,0,0,0> }
	no_shadow
}
cylinder {
	<43.349072, 53.340103, 49.987370>,  <43.429455, 53.005829, 50.191818>, 0.100000
	pigment { color rgbt <1,0,0,0> }
	no_shadow
}

// particle -1
sphere {
	<43.349072, 53.340103, 49.987370> 0.100000
	pigment { color rgbt <1,0,0,0> }
	no_shadow
}
sphere {
	0, 1
	scale<0.080000,0.200000,0.300000>
	matrix <0.645974, 0.505297, 0.572182,
		0.736433, -0.215186, -0.641375,
		-0.200959, 0.835685, -0.511122,
		43.288784, 53.590809, 49.834034>
	pigment { color rgbt <0,1,1,0> }
	no_shadow
}
cylinder {
	<44.091560, 53.186504, 49.813633>,  <43.429455, 53.005829, 50.191818>, 0.130000
	pigment { color rgbt <1,0,0,0> }
	no_shadow
}

// nucleotide -1

// particle -1
sphere {
	<44.091560, 53.186504, 49.813633> 0.250000
	pigment { color rgbt <1,0,0,0> }
	no_shadow
}
cylinder {
	<43.839432, 53.481094, 49.911858>,  <43.688156, 53.657848, 49.970791>, 0.100000
	pigment { color rgbt <1,0,0,0> }
	no_shadow
}
cylinder {
	<43.839432, 53.481094, 49.911858>,  <44.091560, 53.186504, 49.813633>, 0.100000
	pigment { color rgbt <1,0,0,0> }
	no_shadow
}

// particle -1
sphere {
	<43.839432, 53.481094, 49.911858> 0.100000
	pigment { color rgbt <1,0,0,0> }
	no_shadow
}
sphere {
	0, 1
	scale<0.080000,0.200000,0.300000>
	matrix <0.760100, 0.521102, 0.388200,
		0.157937, 0.431342, -0.888257,
		-0.630320, 0.736476, 0.245562,
		43.650337, 53.702038, 49.985527>
	pigment { color rgbt <0,1,1,0> }
	no_shadow
}
cylinder {
	<44.247910, 53.808697, 49.506828>,  <44.091560, 53.186504, 49.813633>, 0.130000
	pigment { color rgbt <1,0,0,0> }
	no_shadow
}

// nucleotide -1

// particle -1
sphere {
	<44.247910, 53.808697, 49.506828> 0.250000
	pigment { color rgbt <1,0,0,0> }
	no_shadow
}
cylinder {
	<44.103748, 53.858650, 49.876587>,  <44.017254, 53.888622, 50.098442>, 0.100000
	pigment { color rgbt <1,0,0,0> }
	no_shadow
}
cylinder {
	<44.103748, 53.858650, 49.876587>,  <44.247910, 53.808697, 49.506828>, 0.100000
	pigment { color rgbt <1,0,0,0> }
	no_shadow
}

// particle -1
sphere {
	<44.103748, 53.858650, 49.876587> 0.100000
	pigment { color rgbt <1,0,0,0> }
	no_shadow
}
sphere {
	0, 1
	scale<0.080000,0.200000,0.300000>
	matrix <0.908355, 0.272359, 0.317349,
		-0.212139, 0.954057, -0.211593,
		-0.360399, 0.124880, 0.924401,
		43.995628, 53.896114, 50.153908>
	pigment { color rgbt <0,1,1,0> }
	no_shadow
}
cylinder {
	<44.369213, 54.534805, 49.643513>,  <44.247910, 53.808697, 49.506828>, 0.130000
	pigment { color rgbt <1,0,0,0> }
	no_shadow
}

// nucleotide -1

// particle -1
sphere {
	<44.369213, 54.534805, 49.643513> 0.250000
	pigment { color rgbt <1,0,0,0> }
	no_shadow
}
cylinder {
	<44.370888, 54.272911, 49.945854>,  <44.371891, 54.115776, 50.127258>, 0.100000
	pigment { color rgbt <1,0,0,0> }
	no_shadow
}
cylinder {
	<44.370888, 54.272911, 49.945854>,  <44.369213, 54.534805, 49.643513>, 0.100000
	pigment { color rgbt <1,0,0,0> }
	no_shadow
}

// particle -1
sphere {
	<44.370888, 54.272911, 49.945854> 0.100000
	pigment { color rgbt <1,0,0,0> }
	no_shadow
}
sphere {
	0, 1
	scale<0.080000,0.200000,0.300000>
	matrix <0.945422, 0.248868, 0.210340,
		-0.325823, 0.713717, 0.620039,
		0.004185, -0.654732, 0.755850,
		44.372143, 54.076492, 50.172607>
	pigment { color rgbt <0,1,1,0> }
	no_shadow
}
cylinder {
	<44.616604, 54.928295, 50.225689>,  <44.369213, 54.534805, 49.643513>, 0.130000
	pigment { color rgbt <1,0,0,0> }
	no_shadow
}

// nucleotide -1

// particle -1
sphere {
	<44.616604, 54.928295, 50.225689> 0.250000
	pigment { color rgbt <1,0,0,0> }
	no_shadow
}
cylinder {
	<44.662346, 54.535435, 50.285423>,  <44.689789, 54.299717, 50.321262>, 0.100000
	pigment { color rgbt <1,0,0,0> }
	no_shadow
}
cylinder {
	<44.662346, 54.535435, 50.285423>,  <44.616604, 54.928295, 50.225689>, 0.100000
	pigment { color rgbt <1,0,0,0> }
	no_shadow
}

// particle -1
sphere {
	<44.662346, 54.535435, 50.285423> 0.100000
	pigment { color rgbt <1,0,0,0> }
	no_shadow
}
sphere {
	0, 1
	scale<0.080000,0.200000,0.300000>
	matrix <0.974885, 0.139858, 0.173320,
		-0.191113, 0.125766, 0.973478,
		0.114350, -0.982152, 0.149336,
		44.696651, 54.240788, 50.330223>
	pigment { color rgbt <0,1,1,0> }
	no_shadow
}
cylinder {
	<45.042511, 54.804363, 50.891586>,  <44.616604, 54.928295, 50.225689>, 0.130000
	pigment { color rgbt <1,0,0,0> }
	no_shadow
}

// nucleotide -1

// particle -1
sphere {
	<45.042511, 54.804363, 50.891586> 0.250000
	pigment { color rgbt <1,0,0,0> }
	no_shadow
}
cylinder {
	<45.088928, 54.536659, 50.598022>,  <45.116779, 54.376038, 50.421883>, 0.100000
	pigment { color rgbt <1,0,0,0> }
	no_shadow
}
cylinder {
	<45.088928, 54.536659, 50.598022>,  <45.042511, 54.804363, 50.891586>, 0.100000
	pigment { color rgbt <1,0,0,0> }
	no_shadow
}

// particle -1
sphere {
	<45.088928, 54.536659, 50.598022> 0.100000
	pigment { color rgbt <1,0,0,0> }
	no_shadow
}
sphere {
	0, 1
	scale<0.080000,0.200000,0.300000>
	matrix <0.993243, 0.077028, 0.086806,
		-0.001564, -0.739026, 0.673675,
		0.116043, -0.669259, -0.733912,
		45.123741, 54.335880, 50.377850>
	pigment { color rgbt <0,1,1,0> }
	no_shadow
}
cylinder {
	<45.564301, 54.378662, 51.035282>,  <45.042511, 54.804363, 50.891586>, 0.130000
	pigment { color rgbt <1,0,0,0> }
	no_shadow
}

// nucleotide -1

// particle -1
sphere {
	<45.564301, 54.378662, 51.035282> 0.250000
	pigment { color rgbt <1,0,0,0> }
	no_shadow
}
cylinder {
	<45.561298, 54.391411, 50.635498>,  <45.559498, 54.399059, 50.395626>, 0.100000
	pigment { color rgbt <1,0,0,0> }
	no_shadow
}
cylinder {
	<45.561298, 54.391411, 50.635498>,  <45.564301, 54.378662, 51.035282>, 0.100000
	pigment { color rgbt <1,0,0,0> }
	no_shadow
}

// particle -1
sphere {
	<45.561298, 54.391411, 50.635498> 0.100000
	pigment { color rgbt <1,0,0,0> }
	no_shadow
}
sphere {
	0, 1
	scale<0.080000,0.200000,0.300000>
	matrix <0.956707, 0.291045, 0.002097,
		0.290956, -0.956178, -0.032676,
		-0.007505, 0.031871, -0.999464,
		45.559048, 54.400974, 50.335659>
	pigment { color rgbt <0,1,1,0> }
	no_shadow
}
cylinder {
	<46.018566, 53.937851, 50.799889>,  <45.564301, 54.378662, 51.035282>, 0.130000
	pigment { color rgbt <1,0,0,0> }
	no_shadow
}

// nucleotide -1

// particle -1
sphere {
	<46.018566, 53.937851, 50.799889> 0.250000
	pigment { color rgbt <1,0,0,0> }
	no_shadow
}
cylinder {
	<45.971119, 54.227928, 50.528587>,  <45.942650, 54.401974, 50.365807>, 0.100000
	pigment { color rgbt <1,0,0,0> }
	no_shadow
}
cylinder {
	<45.971119, 54.227928, 50.528587>,  <46.018566, 53.937851, 50.799889>, 0.100000
	pigment { color rgbt <1,0,0,0> }
	no_shadow
}

// particle -1
sphere {
	<45.971119, 54.227928, 50.528587> 0.100000
	pigment { color rgbt <1,0,0,0> }
	no_shadow
}
sphere {
	0, 1
	scale<0.080000,0.200000,0.300000>
	matrix <0.959832, 0.258665, 0.108700,
		0.254269, -0.638114, -0.726745,
		-0.118620, 0.725192, -0.678252,
		45.935532, 54.445484, 50.325111>
	pigment { color rgbt <0,1,1,0> }
	no_shadow
}
cylinder {
	<46.579361, 53.949173, 50.382362>,  <46.018566, 53.937851, 50.799889>, 0.130000
	pigment { color rgbt <1,0,0,0> }
	no_shadow
}

// nucleotide -1

// particle -1
sphere {
	<46.579361, 53.949173, 50.382362> 0.250000
	pigment { color rgbt <1,0,0,0> }
	no_shadow
}
cylinder {
	<46.427532, 54.319065, 50.393639>,  <46.336433, 54.541000, 50.400406>, 0.100000
	pigment { color rgbt <1,0,0,0> }
	no_shadow
}
cylinder {
	<46.427532, 54.319065, 50.393639>,  <46.579361, 53.949173, 50.382362>, 0.100000
	pigment { color rgbt <1,0,0,0> }
	no_shadow
}

// particle -1
sphere {
	<46.427532, 54.319065, 50.393639> 0.100000
	pigment { color rgbt <1,0,0,0> }
	no_shadow
}
sphere {
	0, 1
	scale<0.080000,0.200000,0.300000>
	matrix <0.908257, 0.366666, 0.201557,
		0.176049, 0.102112, -0.979071,
		-0.379573, 0.924732, 0.028193,
		46.313660, 54.596485, 50.402096>
	pigment { color rgbt <0,1,1,0> }
	no_shadow
}
cylinder {
	<46.919079, 54.450989, 49.873859>,  <46.579361, 53.949173, 50.382362>, 0.130000
	pigment { color rgbt <1,0,0,0> }
	no_shadow
}

// nucleotide -1

// particle -1
sphere {
	<46.919079, 54.450989, 49.873859> 0.250000
	pigment { color rgbt <1,0,0,0> }
	no_shadow
}
cylinder {
	<46.786076, 54.644600, 50.197624>,  <46.706272, 54.760765, 50.391884>, 0.100000
	pigment { color rgbt <1,0,0,0> }
	no_shadow
}
cylinder {
	<46.786076, 54.644600, 50.197624>,  <46.919079, 54.450989, 49.873859>, 0.100000
	pigment { color rgbt <1,0,0,0> }
	no_shadow
}

// particle -1
sphere {
	<46.786076, 54.644600, 50.197624> 0.100000
	pigment { color rgbt <1,0,0,0> }
	no_shadow
}
sphere {
	0, 1
	scale<0.080000,0.200000,0.300000>
	matrix <0.918372, 0.361425, 0.161137,
		-0.214548, 0.796925, -0.564694,
		-0.332509, 0.484028, 0.809416,
		46.686321, 54.789806, 50.440449>
	pigment { color rgbt <0,1,1,0> }
	no_shadow
}
cylinder {
	<47.150063, 55.172810, 49.804192>,  <46.919079, 54.450989, 49.873859>, 0.130000
	pigment { color rgbt <1,0,0,0> }
	no_shadow
}

// nucleotide -1

// particle -1
sphere {
	<47.150063, 55.172810, 49.804192> 0.250000
	pigment { color rgbt <1,0,0,0> }
	no_shadow
}
cylinder {
	<47.095001, 55.057983, 50.183380>,  <47.061962, 54.989086, 50.410892>, 0.100000
	pigment { color rgbt <1,0,0,0> }
	no_shadow
}
cylinder {
	<47.095001, 55.057983, 50.183380>,  <47.150063, 55.172810, 49.804192>, 0.100000
	pigment { color rgbt <1,0,0,0> }
	no_shadow
}

// particle -1
sphere {
	<47.095001, 55.057983, 50.183380> 0.100000
	pigment { color rgbt <1,0,0,0> }
	no_shadow
}
sphere {
	0, 1
	scale<0.080000,0.200000,0.300000>
	matrix <0.931127, 0.288821, 0.222675,
		-0.337716, 0.913331, 0.227540,
		-0.137657, -0.287070, 0.947967,
		47.053703, 54.971863, 50.467770>
	pigment { color rgbt <0,1,1,0> }
	no_shadow
}
cylinder {
	<47.370720, 55.616131, 50.332092>,  <47.150063, 55.172810, 49.804192>, 0.130000
	pigment { color rgbt <1,0,0,0> }
	no_shadow
}

// nucleotide -1

// particle -1
sphere {
	<47.370720, 55.616131, 50.332092> 0.250000
	pigment { color rgbt <1,0,0,0> }
	no_shadow
}
cylinder {
	<47.428951, 55.257637, 50.499699>,  <47.463890, 55.042542, 50.600262>, 0.100000
	pigment { color rgbt <1,0,0,0> }
	no_shadow
}
cylinder {
	<47.428951, 55.257637, 50.499699>,  <47.370720, 55.616131, 50.332092>, 0.100000
	pigment { color rgbt <1,0,0,0> }
	no_shadow
}

// particle -1
sphere {
	<47.428951, 55.257637, 50.499699> 0.100000
	pigment { color rgbt <1,0,0,0> }
	no_shadow
}
sphere {
	0, 1
	scale<0.080000,0.200000,0.300000>
	matrix <0.969838, 0.212968, 0.118570,
		-0.195502, 0.389113, 0.900206,
		0.145578, -0.896234, 0.419012,
		47.472626, 54.988766, 50.625401>
	pigment { color rgbt <0,1,1,0> }
	no_shadow
}
cylinder {
	<47.777622, 55.632267, 50.977814>,  <47.370720, 55.616131, 50.332092>, 0.130000
	pigment { color rgbt <1,0,0,0> }
	no_shadow
}

// nucleotide -1

// particle -1
sphere {
	<47.777622, 55.632267, 50.977814> 0.250000
	pigment { color rgbt <1,0,0,0> }
	no_shadow
}
cylinder {
	<47.836121, 55.254028, 50.861565>,  <47.871220, 55.027084, 50.791813>, 0.100000
	pigment { color rgbt <1,0,0,0> }
	no_shadow
}
cylinder {
	<47.836121, 55.254028, 50.861565>,  <47.777622, 55.632267, 50.977814>, 0.100000
	pigment { color rgbt <1,0,0,0> }
	no_shadow
}

// particle -1
sphere {
	<47.836121, 55.254028, 50.861565> 0.100000
	pigment { color rgbt <1,0,0,0> }
	no_shadow
}
sphere {
	0, 1
	scale<0.080000,0.200000,0.300000>
	matrix <0.961918, 0.067357, 0.264906,
		-0.230918, -0.318300, 0.919435,
		0.146250, -0.945594, -0.290625,
		47.879997, 54.970348, 50.774376>
	pigment { color rgbt <0,1,1,0> }
	no_shadow
}
cylinder {
	<48.396488, 55.334339, 51.308056>,  <47.777622, 55.632267, 50.977814>, 0.130000
	pigment { color rgbt <1,0,0,0> }
	no_shadow
}

// nucleotide -1

// particle -1
sphere {
	<48.396488, 55.334339, 51.308056> 0.250000
	pigment { color rgbt <1,0,0,0> }
	no_shadow
}
cylinder {
	<48.347149, 55.103062, 50.985447>,  <48.317547, 54.964294, 50.791882>, 0.100000
	pigment { color rgbt <1,0,0,0> }
	no_shadow
}
cylinder {
	<48.347149, 55.103062, 50.985447>,  <48.396488, 55.334339, 51.308056>, 0.100000
	pigment { color rgbt <1,0,0,0> }
	no_shadow
}

// particle -1
sphere {
	<48.347149, 55.103062, 50.985447> 0.100000
	pigment { color rgbt <1,0,0,0> }
	no_shadow
}
sphere {
	0, 1
	scale<0.080000,0.200000,0.300000>
	matrix <0.991114, -0.112548, -0.070895,
		-0.049782, -0.808102, 0.586935,
		-0.123349, -0.578190, -0.806524,
		48.310143, 54.929604, 50.743488>
	pigment { color rgbt <0,1,1,0> }
	no_shadow
}
cylinder {
	<48.874554, 54.645958, 51.353344>,  <48.396488, 55.334339, 51.308056>, 0.130000
	pigment { color rgbt <1,0,0,0> }
	no_shadow
}

// nucleotide -1

// particle -1
sphere {
	<48.874554, 54.645958, 51.353344> 0.250000
	pigment { color rgbt <1,0,0,0> }
	no_shadow
}
cylinder {
	<48.772877, 54.739925, 50.978069>,  <48.711872, 54.796307, 50.752903>, 0.100000
	pigment { color rgbt <1,0,0,0> }
	no_shadow
}
cylinder {
	<48.772877, 54.739925, 50.978069>,  <48.874554, 54.645958, 51.353344>, 0.100000
	pigment { color rgbt <1,0,0,0> }
	no_shadow
}

// particle -1
sphere {
	<48.772877, 54.739925, 50.978069> 0.100000
	pigment { color rgbt <1,0,0,0> }
	no_shadow
}
sphere {
	0, 1
	scale<0.080000,0.200000,0.300000>
	matrix <0.966272, 0.020278, -0.256722,
		-0.041285, -0.971803, -0.232151,
		-0.254191, 0.234920, -0.938190,
		48.696621, 54.810402, 50.696613>
	pigment { color rgbt <0,1,1,0> }
	no_shadow
}
cylinder {
	<49.219048, 54.116928, 50.915722>,  <48.874554, 54.645958, 51.353344>, 0.130000
	pigment { color rgbt <1,0,0,0> }
	no_shadow
}

// nucleotide -1

// particle -1
sphere {
	<49.219048, 54.116928, 50.915722> 0.250000
	pigment { color rgbt <1,0,0,0> }
	no_shadow
}
cylinder {
	<49.177292, 54.470047, 50.732513>,  <49.152241, 54.681919, 50.622589>, 0.100000
	pigment { color rgbt <1,0,0,0> }
	no_shadow
}
cylinder {
	<49.177292, 54.470047, 50.732513>,  <49.219048, 54.116928, 50.915722>, 0.100000
	pigment { color rgbt <1,0,0,0> }
	no_shadow
}

// particle -1
sphere {
	<49.177292, 54.470047, 50.732513> 0.100000
	pigment { color rgbt <1,0,0,0> }
	no_shadow
}
sphere {
	0, 1
	scale<0.080000,0.200000,0.300000>
	matrix <0.942296, -0.059507, -0.329449,
		-0.318090, -0.465979, -0.825641,
		-0.104385, 0.882793, -0.458018,
		49.145977, 54.734886, 50.595108>
	pigment { color rgbt <0,1,1,0> }
	no_shadow
}
cylinder {
	<49.987495, 53.882893, 50.796333>,  <49.219048, 54.116928, 50.915722>, 0.130000
	pigment { color rgbt <1,0,0,0> }
	no_shadow
}

// nucleotide -1

// particle -1
sphere {
	<49.987495, 53.882893, 50.796333> 0.250000
	pigment { color rgbt <1,0,0,0> }
	no_shadow
}
cylinder {
	<50.236301, 53.962109, 51.099350>,  <50.385586, 54.009640, 51.281158>, 0.100000
	pigment { color rgbt <1,0,0,0> }
	no_shadow
}
cylinder {
	<50.236301, 53.962109, 51.099350>,  <49.987495, 53.882893, 50.796333>, 0.100000
	pigment { color rgbt <1,0,0,0> }
	no_shadow
}

// particle -1
sphere {
	<50.236301, 53.962109, 51.099350> 0.100000
	pigment { color rgbt <1,0,0,0> }
	no_shadow
}
sphere {
	0, 1
	scale<0.080000,0.200000,0.300000>
	matrix <0.713992, -0.540603, -0.444931,
		0.321414, 0.817635, -0.477667,
		0.622019, 0.198043, 0.757543,
		50.422909, 54.021523, 51.326614>
	pigment { color rgbt <0,1,1,0> }
	no_shadow
}
cylinder {
	<50.683270, 54.191586, 50.596470>,  <49.987495, 53.882893, 50.796333>, 0.130000
	pigment { color rgbt <1,0,0,0> }
	no_shadow
}

// nucleotide -1

// particle -1
sphere {
	<50.683270, 54.191586, 50.596470> 0.250000
	pigment { color rgbt <1,0,0,0> }
	no_shadow
}
cylinder {
	<50.699787, 53.986378, 50.939423>,  <50.709698, 53.863255, 51.145195>, 0.100000
	pigment { color rgbt <1,0,0,0> }
	no_shadow
}
cylinder {
	<50.699787, 53.986378, 50.939423>,  <50.683270, 54.191586, 50.596470>, 0.100000
	pigment { color rgbt <1,0,0,0> }
	no_shadow
}

// particle -1
sphere {
	<50.699787, 53.986378, 50.939423> 0.100000
	pigment { color rgbt <1,0,0,0> }
	no_shadow
}
sphere {
	0, 1
	scale<0.080000,0.200000,0.300000>
	matrix <0.681575, -0.612996, -0.399614,
		0.730582, 0.600873, 0.324348,
		0.041293, -0.513019, 0.857384,
		50.712173, 53.832474, 51.196636>
	pigment { color rgbt <0,1,1,0> }
	no_shadow
}
cylinder {
	<51.452034, 54.076584, 50.740391>,  <50.683270, 54.191586, 50.596470>, 0.130000
	pigment { color rgbt <1,0,0,0> }
	no_shadow
}

// nucleotide -1

// particle -1
sphere {
	<51.452034, 54.076584, 50.740391> 0.250000
	pigment { color rgbt <1,0,0,0> }
	no_shadow
}
cylinder {
	<51.239704, 53.832832, 50.975979>,  <51.112305, 53.686581, 51.117332>, 0.100000
	pigment { color rgbt <1,0,0,0> }
	no_shadow
}
cylinder {
	<51.239704, 53.832832, 50.975979>,  <51.452034, 54.076584, 50.740391>, 0.100000
	pigment { color rgbt <1,0,0,0> }
	no_shadow
}

// particle -1
sphere {
	<51.239704, 53.832832, 50.975979> 0.100000
	pigment { color rgbt <1,0,0,0> }
	no_shadow
}
sphere {
	0, 1
	scale<0.080000,0.200000,0.300000>
	matrix <0.702462, -0.705153, -0.096468,
		0.474100, 0.362522, 0.802376,
		-0.530826, -0.609375, 0.588971,
		51.080456, 53.650021, 51.152672>
	pigment { color rgbt <0,1,1,0> }
	no_shadow
}
cylinder {
	<51.886505, 53.802395, 51.262543>,  <51.452034, 54.076584, 50.740391>, 0.130000
	pigment { color rgbt <1,0,0,0> }
	no_shadow
}

// nucleotide -1

// particle -1
sphere {
	<51.886505, 53.802395, 51.262543> 0.250000
	pigment { color rgbt <1,0,0,0> }
	no_shadow
}
cylinder {
	<51.593285, 53.539295, 51.193268>,  <51.417351, 53.381435, 51.151703>, 0.100000
	pigment { color rgbt <1,0,0,0> }
	no_shadow
}
cylinder {
	<51.593285, 53.539295, 51.193268>,  <51.886505, 53.802395, 51.262543>, 0.100000
	pigment { color rgbt <1,0,0,0> }
	no_shadow
}

// particle -1
sphere {
	<51.593285, 53.539295, 51.193268> 0.100000
	pigment { color rgbt <1,0,0,0> }
	no_shadow
}
sphere {
	0, 1
	scale<0.080000,0.200000,0.300000>
	matrix <0.676427, -0.731670, -0.084293,
		-0.071272, -0.178940, 0.981275,
		-0.733053, -0.657753, -0.173187,
		51.373367, 53.341969, 51.141312>
	pigment { color rgbt <0,1,1,0> }
	no_shadow
}
cylinder {
	<52.171074, 53.271610, 51.580338>,  <51.886505, 53.802395, 51.262543>, 0.130000
	pigment { color rgbt <1,0,0,0> }
	no_shadow
}

// nucleotide -1

// particle -1
sphere {
	<52.171074, 53.271610, 51.580338> 0.250000
	pigment { color rgbt <1,0,0,0> }
	no_shadow
}
cylinder {
	<51.902180, 53.161175, 51.305565>,  <51.740845, 53.094913, 51.140701>, 0.100000
	pigment { color rgbt <1,0,0,0> }
	no_shadow
}
cylinder {
	<51.902180, 53.161175, 51.305565>,  <52.171074, 53.271610, 51.580338>, 0.100000
	pigment { color rgbt <1,0,0,0> }
	no_shadow
}

// particle -1
sphere {
	<51.902180, 53.161175, 51.305565> 0.100000
	pigment { color rgbt <1,0,0,0> }
	no_shadow
}
sphere {
	0, 1
	scale<0.080000,0.200000,0.300000>
	matrix <0.520399, -0.836174, -0.173197,
		-0.526579, -0.473909, 0.705780,
		-0.672235, -0.276085, -0.686933,
		51.700508, 53.078350, 51.099483>
	pigment { color rgbt <0,1,1,0> }
	no_shadow
}
cylinder {
	<52.328655, 52.765476, 52.104870>,  <52.171074, 53.271610, 51.580338>, 0.130000
	pigment { color rgbt <1,0,0,0> }
	no_shadow
}

// nucleotide -1

// particle -1
sphere {
	<52.328655, 52.765476, 52.104870> 0.250000
	pigment { color rgbt <1,0,0,0> }
	no_shadow
}
cylinder {
	<52.211216, 53.147842, 52.106976>,  <52.140751, 53.377262, 52.108238>, 0.100000
	pigment { color rgbt <1,0,0,0> }
	no_shadow
}
cylinder {
	<52.211216, 53.147842, 52.106976>,  <52.328655, 52.765476, 52.104870>, 0.100000
	pigment { color rgbt <1,0,0,0> }
	no_shadow
}

// particle -1
sphere {
	<52.211216, 53.147842, 52.106976> 0.100000
	pigment { color rgbt <1,0,0,0> }
	no_shadow
}
sphere {
	0, 1
	scale<0.080000,0.200000,0.300000>
	matrix <-0.360254, -0.115749, 0.925645,
		0.885446, 0.269874, 0.378356,
		-0.293602, 0.955913, 0.005267,
		52.123135, 53.434616, 52.108555>
	pigment { color rgbt <0,1,1,0> }
	no_shadow
}
cylinder {
	<52.397846, 52.987007, 52.804455>,  <52.328655, 52.765476, 52.104870>, 0.130000
	pigment { color rgbt <1,0,0,0> }
	no_shadow
}

// nucleotide -1

// particle -1
sphere {
	<52.397846, 52.987007, 52.804455> 0.250000
	pigment { color rgbt <1,0,0,0> }
	no_shadow
}
cylinder {
	<52.157787, 53.243088, 52.612640>,  <52.013752, 53.396736, 52.497551>, 0.100000
	pigment { color rgbt <1,0,0,0> }
	no_shadow
}
cylinder {
	<52.157787, 53.243088, 52.612640>,  <52.397846, 52.987007, 52.804455>, 0.100000
	pigment { color rgbt <1,0,0,0> }
	no_shadow
}

// particle -1
sphere {
	<52.157787, 53.243088, 52.612640> 0.100000
	pigment { color rgbt <1,0,0,0> }
	no_shadow
}
sphere {
	0, 1
	scale<0.080000,0.200000,0.300000>
	matrix <-0.572536, 0.074843, 0.816456,
		0.558589, 0.764550, 0.321623,
		-0.600150, 0.640204, -0.479539,
		51.977741, 53.435150, 52.468781>
	pigment { color rgbt <0,1,1,0> }
	no_shadow
}
cylinder {
	<53.166122, 52.940838, 53.061146>,  <52.397846, 52.987007, 52.804455>, 0.130000
	pigment { color rgbt <1,0,0,0> }
	no_shadow
}

// nucleotide -1

// particle -1
sphere {
	<53.166122, 52.940838, 53.061146> 0.250000
	pigment { color rgbt <1,0,0,0> }
	no_shadow
}
cylinder {
	<53.387527, 53.237999, 52.910561>,  <53.520370, 53.416294, 52.820210>, 0.100000
	pigment { color rgbt <1,0,0,0> }
	no_shadow
}
cylinder {
	<53.387527, 53.237999, 52.910561>,  <53.166122, 52.940838, 53.061146>, 0.100000
	pigment { color rgbt <1,0,0,0> }
	no_shadow
}

// particle -1
sphere {
	<53.387527, 53.237999, 52.910561> 0.100000
	pigment { color rgbt <1,0,0,0> }
	no_shadow
}
sphere {
	0, 1
	scale<0.080000,0.200000,0.300000>
	matrix <0.475298, 0.089416, 0.875270,
		0.683900, -0.663404, -0.303606,
		0.553510, 0.742900, -0.376466,
		53.553581, 53.460869, 52.797619>
	pigment { color rgbt <0,1,1,0> }
	no_shadow
}
cylinder {
	<53.863113, 52.785072, 53.090179>,  <53.166122, 52.940838, 53.061146>, 0.130000
	pigment { color rgbt <1,0,0,0> }
	no_shadow
}

// nucleotide -1

// particle -1
sphere {
	<53.863113, 52.785072, 53.090179> 0.250000
	pigment { color rgbt <1,0,0,0> }
	no_shadow
}
cylinder {
	<53.885586, 53.184063, 53.072830>,  <53.899071, 53.423458, 53.062420>, 0.100000
	pigment { color rgbt <1,0,0,0> }
	no_shadow
}
cylinder {
	<53.885586, 53.184063, 53.072830>,  <53.863113, 52.785072, 53.090179>, 0.100000
	pigment { color rgbt <1,0,0,0> }
	no_shadow
}

// particle -1
sphere {
	<53.885586, 53.184063, 53.072830> 0.100000
	pigment { color rgbt <1,0,0,0> }
	no_shadow
}
sphere {
	0, 1
	scale<0.080000,0.200000,0.300000>
	matrix <0.462552, 0.012493, 0.886504,
		0.884810, -0.069868, -0.460684,
