// switches for output
#declare DRAW_BASES = 1; // possible values are 0, 1; only relevant for DNA ribbons
#declare DRAW_BASES_TYPE = 3; // possible values are 1, 2, 3; only relevant for DNA ribbons
#declare DRAW_FOG = 0; // set to 1 to enable fog

#include "colors.inc"

#include "transforms.inc"
background { rgb <1, 1, 1>}

#default {
   normal{
       ripples 0.25
       frequency 0.20
       turbulence 0.2
       lambda 5
   }
	finish {
		phong 0.1
		phong_size 40.
	}
}

// original window dimensions: 1024x640


// camera settings

camera {
	sky <-0, 1, 0>
	up <-0, 1, 0>
	right 1.6 * <0.99995, 0, 0.00999983>
	location <54.4867, 55, 106.329>
	look_at <55, 55, 55.0001>
	direction <0.513302, 0, -51.3289>
	angle 67.0682
}


# declare cpy_camera_pos = <54.4867, 55, 106.329>;
# if (DRAW_FOG = 1)
fog {
	fog_type 2
	up vnormalize(cpy_camera_pos)
	color rgbt<1,1,1,0.3>
	distance 1e-5
	fog_alt 3e-3
	fog_offset 88
}
# end


// LIGHTS

# declare lum = 6;
global_settings {
	ambient_light rgb lum * <0.05, 0.05, 0.05>
	max_trace_level 15
}# declare cpy_direct_light_amount = 0.25;
light_source
{	1000 * <-0.98995, -1, 1.00995>,
	rgb lum * cpy_direct_light_amount
	parallel
}

light_source
{	1000 * <0.98995, 1, -1.00995>,
	rgb lum * cpy_direct_light_amount
	parallel
}

// strand 0

// nucleotide -1

// particle -1
sphere {
	<35.997261, 53.773605, 50.423721> 0.250000
	pigment { color rgbt <1,0,0,0> }
	no_shadow
}
cylinder {
	<36.328472, 53.550320, 50.444775>,  <36.527199, 53.416348, 50.457405>, 0.100000
	pigment { color rgbt <1,0,0,0> }
	no_shadow
}
cylinder {
	<36.328472, 53.550320, 50.444775>,  <35.997261, 53.773605, 50.423721>, 0.100000
	pigment { color rgbt <1,0,0,0> }
	no_shadow
}

// particle -1
sphere {
	<36.328472, 53.550320, 50.444775> 0.100000
	pigment { color rgbt <1,0,0,0> }
	no_shadow
}
sphere {
	0, 1
	scale<0.080000,0.200000,0.300000>
	matrix <0.249953, 0.451530, 0.856530,
		-0.501892, -0.696074, 0.513406,
		0.828027, -0.558213, 0.052634,
		36.576881, 53.382854, 50.460564>
	pigment { color rgbt <0,1,1,0> }
	no_shadow
}
cylinder {
	<36.028240, 53.542248, 51.094654>,  <35.997261, 53.773605, 50.423721>, 0.130000
	pigment { color rgbt <1,0,0,0> }
	no_shadow
}

// nucleotide -1

// particle -1
sphere {
	<36.028240, 53.542248, 51.094654> 0.250000
	pigment { color rgbt <1,0,0,0> }
	no_shadow
}
cylinder {
	<36.403294, 53.582069, 50.961430>,  <36.628326, 53.605961, 50.881493>, 0.100000
	pigment { color rgbt <1,0,0,0> }
	no_shadow
}
cylinder {
	<36.403294, 53.582069, 50.961430>,  <36.028240, 53.542248, 51.094654>, 0.100000
	pigment { color rgbt <1,0,0,0> }
	no_shadow
}

// particle -1
sphere {
	<36.403294, 53.582069, 50.961430> 0.100000
	pigment { color rgbt <1,0,0,0> }
	no_shadow
}
sphere {
	0, 1
	scale<0.080000,0.200000,0.300000>
	matrix <0.220231, 0.571199, 0.790715,
		0.268962, -0.814752, 0.513652,
		0.937634, 0.099551, -0.333064,
		36.684586, 53.611935, 50.861511>
	pigment { color rgbt <0,1,1,0> }
	no_shadow
}
cylinder {
	<36.534912, 53.316101, 51.654716>,  <36.028240, 53.542248, 51.094654>, 0.130000
	pigment { color rgbt <1,0,0,0> }
	no_shadow
}

// nucleotide -1

// particle -1
sphere {
	<36.534912, 53.316101, 51.654716> 0.250000
	pigment { color rgbt <1,0,0,0> }
	no_shadow
}
cylinder {
	<36.690598, 53.583336, 51.401047>,  <36.784008, 53.743675, 51.248844>, 0.100000
	pigment { color rgbt <1,0,0,0> }
	no_shadow
}
cylinder {
	<36.690598, 53.583336, 51.401047>,  <36.534912, 53.316101, 51.654716>, 0.100000
	pigment { color rgbt <1,0,0,0> }
	no_shadow
}

// particle -1
sphere {
	<36.690598, 53.583336, 51.401047> 0.100000
	pigment { color rgbt <1,0,0,0> }
	no_shadow
}
sphere {
	0, 1
	scale<0.080000,0.200000,0.300000>
	matrix <0.382390, 0.509158, 0.771061,
		0.838030, -0.542608, -0.057300,
		0.389209, 0.668083, -0.634177,
		36.807362, 53.783760, 51.210793>
	pigment { color rgbt <0,1,1,0> }
	no_shadow
}
cylinder {
	<37.234592, 53.511898, 52.037319>,  <36.534912, 53.316101, 51.654716>, 0.130000
	pigment { color rgbt <1,0,0,0> }
	no_shadow
}

// nucleotide -1

// particle -1
sphere {
	<37.234592, 53.511898, 52.037319> 0.250000
	pigment { color rgbt <1,0,0,0> }
	no_shadow
}
cylinder {
	<37.207523, 53.496948, 51.638515>,  <37.191280, 53.487980, 51.399235>, 0.100000
	pigment { color rgbt <1,0,0,0> }
	no_shadow
}
cylinder {
	<37.207523, 53.496948, 51.638515>,  <37.234592, 53.511898, 52.037319>, 0.100000
	pigment { color rgbt <1,0,0,0> }
	no_shadow
}

// particle -1
sphere {
	<37.207523, 53.496948, 51.638515> 0.100000
	pigment { color rgbt <1,0,0,0> }
	no_shadow
}
sphere {
	0, 1
	scale<0.080000,0.200000,0.300000>
	matrix <-0.988663, 0.136758, 0.061983,
		0.134032, 0.989899, -0.046205,
		-0.067676, -0.037374, -0.997007,
		37.187222, 53.485737, 51.339413>
	pigment { color rgbt <0,1,1,0> }
	no_shadow
}
cylinder {
	<37.228615, 53.038803, 52.612488>,  <37.234592, 53.511898, 52.037319>, 0.130000
	pigment { color rgbt <1,0,0,0> }
	no_shadow
}

// nucleotide -1

// particle -1
sphere {
	<37.228615, 53.038803, 52.612488> 0.250000
	pigment { color rgbt <1,0,0,0> }
	no_shadow
}
cylinder {
	<37.360081, 53.352028, 52.823692>,  <37.438961, 53.539963, 52.950417>, 0.100000
	pigment { color rgbt <1,0,0,0> }
	no_shadow
}
cylinder {
	<37.360081, 53.352028, 52.823692>,  <37.228615, 53.038803, 52.612488>, 0.100000
	pigment { color rgbt <1,0,0,0> }
	no_shadow
}

// particle -1
sphere {
	<37.360081, 53.352028, 52.823692> 0.100000
	pigment { color rgbt <1,0,0,0> }
	no_shadow
}
sphere {
	0, 1
	scale<0.080000,0.200000,0.300000>
	matrix <-0.546629, 0.613634, -0.569781,
		-0.770178, -0.101357, 0.629725,
		0.328669, 0.783058, 0.528012,
		37.458683, 53.586945, 52.982098>
	pigment { color rgbt <0,1,1,0> }
	no_shadow
}
cylinder {
	<37.615517, 52.647343, 52.169010>,  <37.228615, 53.038803, 52.612488>, 0.130000
	pigment { color rgbt <1,0,0,0> }
	no_shadow
}

// nucleotide -1

// particle -1
sphere {
	<37.615517, 52.647343, 52.169010> 0.250000
	pigment { color rgbt <1,0,0,0> }
	no_shadow
}
cylinder {
	<37.779209, 53.008018, 52.113159>,  <37.877422, 53.224422, 52.079647>, 0.100000
	pigment { color rgbt <1,0,0,0> }
	no_shadow
}
cylinder {
	<37.779209, 53.008018, 52.113159>,  <37.615517, 52.647343, 52.169010>, 0.100000
	pigment { color rgbt <1,0,0,0> }
	no_shadow
}

// particle -1
sphere {
	<37.779209, 53.008018, 52.113159> 0.100000
	pigment { color rgbt <1,0,0,0> }
	no_shadow
}
sphere {
	0, 1
	scale<0.080000,0.200000,0.300000>
	matrix <-0.124821, 0.206912, 0.970364,
		0.903854, -0.379671, 0.197223,
		0.409227, 0.901686, -0.139628,
		37.901978, 53.278522, 52.071270>
	pigment { color rgbt <0,1,1,0> }
	no_shadow
}
cylinder {
	<38.239311, 52.772938, 52.618923>,  <37.615517, 52.647343, 52.169010>, 0.130000
	pigment { color rgbt <1,0,0,0> }
	no_shadow
}

// nucleotide -1

// particle -1
sphere {
	<38.239311, 52.772938, 52.618923> 0.250000
	pigment { color rgbt <1,0,0,0> }
	no_shadow
}
cylinder {
	<37.988888, 53.073730, 52.536396>,  <37.838634, 53.254208, 52.486881>, 0.100000
	pigment { color rgbt <1,0,0,0> }
	no_shadow
}
cylinder {
	<37.988888, 53.073730, 52.536396>,  <38.239311, 52.772938, 52.618923>, 0.100000
	pigment { color rgbt <1,0,0,0> }
	no_shadow
}

// particle -1
sphere {
	<37.988888, 53.073730, 52.536396> 0.100000
	pigment { color rgbt <1,0,0,0> }
	no_shadow
}
sphere {
	0, 1
	scale<0.080000,0.200000,0.300000>
	matrix <-0.117769, 0.170363, 0.978318,
		0.770828, 0.636786, -0.018097,
		-0.626062, 0.751984, -0.206314,
		37.801067, 53.299324, 52.474503>
	pigment { color rgbt <0,1,1,0> }
	no_shadow
}
cylinder {
	<38.455776, 53.493366, 52.960209>,  <38.239311, 52.772938, 52.618923>, 0.130000
	pigment { color rgbt <1,0,0,0> }
	no_shadow
}

// nucleotide -1

// particle -1
sphere {
	<38.455776, 53.493366, 52.960209> 0.250000
	pigment { color rgbt <1,0,0,0> }
	no_shadow
}
cylinder {
	<38.063076, 53.426815, 52.923386>,  <37.827454, 53.386883, 52.901291>, 0.100000
	pigment { color rgbt <1,0,0,0> }
	no_shadow
}
cylinder {
	<38.063076, 53.426815, 52.923386>,  <38.455776, 53.493366, 52.960209>, 0.100000
	pigment { color rgbt <1,0,0,0> }
	no_shadow
}

// particle -1
sphere {
	<38.063076, 53.426815, 52.923386> 0.100000
	pigment { color rgbt <1,0,0,0> }
	no_shadow
}
sphere {
	0, 1
	scale<0.080000,0.200000,0.300000>
	matrix <-0.142555, 0.323622, 0.935386,
		-0.125838, 0.931443, -0.341436,
		-0.981755, -0.166380, -0.092058,
		37.768551, 53.376900, 52.895767>
	pigment { color rgbt <0,1,1,0> }
	no_shadow
}
cylinder {
	<38.920525, 53.008774, 52.606712>,  <38.455776, 53.493366, 52.960209>, 0.130000
	pigment { color rgbt <1,0,0,0> }
	no_shadow
}

// nucleotide -1

// particle -1
sphere {
	<38.920525, 53.008774, 52.606712> 0.250000
	pigment { color rgbt <1,0,0,0> }
	no_shadow
}
cylinder {
	<39.285336, 53.172752, 52.601883>,  <39.504223, 53.271137, 52.598988>, 0.100000
	pigment { color rgbt <1,0,0,0> }
	no_shadow
}
cylinder {
	<39.285336, 53.172752, 52.601883>,  <38.920525, 53.008774, 52.606712>, 0.100000
	pigment { color rgbt <1,0,0,0> }
	no_shadow
}

// particle -1
sphere {
	<39.285336, 53.172752, 52.601883> 0.100000
	pigment { color rgbt <1,0,0,0> }
	no_shadow
}
sphere {
	0, 1
	scale<0.080000,0.200000,0.300000>
	matrix <0.288119, -0.619499, 0.730211,
		0.291869, -0.669452, -0.683115,
		0.912031, 0.409945, -0.012069,
		39.558945, 53.295734, 52.598263>
	pigment { color rgbt <0,1,1,0> }
	no_shadow
}
cylinder {
	<39.472519, 52.456585, 52.595325>,  <38.920525, 53.008774, 52.606712>, 0.130000
	pigment { color rgbt <1,0,0,0> }
	no_shadow
}

// nucleotide -1

// particle -1
sphere {
	<39.472519, 52.456585, 52.595325> 0.250000
	pigment { color rgbt <1,0,0,0> }
	no_shadow
}
cylinder {
	<39.569733, 52.770405, 52.823505>,  <39.628059, 52.958698, 52.960415>, 0.100000
	pigment { color rgbt <1,0,0,0> }
	no_shadow
}
cylinder {
	<39.569733, 52.770405, 52.823505>,  <39.472519, 52.456585, 52.595325>, 0.100000
	pigment { color rgbt <1,0,0,0> }
	no_shadow
}

// particle -1
sphere {
	<39.569733, 52.770405, 52.823505> 0.100000
	pigment { color rgbt <1,0,0,0> }
	no_shadow
}
sphere {
	0, 1
	scale<0.080000,0.200000,0.300000>
	matrix <0.429692, -0.614308, 0.661808,
		0.869655, 0.084276, -0.486413,
		0.243033, 0.784553, 0.570449,
		39.642643, 53.005772, 52.994640>
	pigment { color rgbt <0,1,1,0> }
	no_shadow
}
cylinder {
	<39.727539, 52.614216, 51.913254>,  <39.472519, 52.456585, 52.595325>, 0.130000
	pigment { color rgbt <1,0,0,0> }
	no_shadow
}

// nucleotide -1

// particle -1
sphere {
	<39.727539, 52.614216, 51.913254> 0.250000
	pigment { color rgbt <1,0,0,0> }
	no_shadow
}
cylinder {
	<39.328705, 52.606377, 51.883781>,  <39.089405, 52.601673, 51.866100>, 0.100000
	pigment { color rgbt <1,0,0,0> }
	no_shadow
}
cylinder {
	<39.328705, 52.606377, 51.883781>,  <39.727539, 52.614216, 51.913254>, 0.100000
	pigment { color rgbt <1,0,0,0> }
	no_shadow
}

// particle -1
sphere {
	<39.328705, 52.606377, 51.883781> 0.100000
	pigment { color rgbt <1,0,0,0> }
	no_shadow
}
sphere {
	0, 1
	scale<0.080000,0.200000,0.300000>
	matrix <0.074850, -0.435522, -0.897061,
		-0.014504, -0.899965, 0.435721,
		-0.997089, -0.019603, -0.073679,
		39.029579, 52.600494, 51.861679>
	pigment { color rgbt <0,1,1,0> }
	no_shadow
}
cylinder {
	<40.274818, 52.540779, 52.425041>,  <39.727539, 52.614216, 51.913254>, 0.130000
	pigment { color rgbt <1,0,0,0> }
	no_shadow
}

// nucleotide -1

// particle -1
sphere {
	<40.274818, 52.540779, 52.425041> 0.250000
	pigment { color rgbt <1,0,0,0> }
	no_shadow
}
cylinder {
	<40.472298, 52.368610, 52.122784>,  <40.590786, 52.265308, 51.941429>, 0.100000
	pigment { color rgbt <1,0,0,0> }
	no_shadow
}
cylinder {
	<40.472298, 52.368610, 52.122784>,  <40.274818, 52.540779, 52.425041>, 0.100000
	pigment { color rgbt <1,0,0,0> }
	no_shadow
}

// particle -1
sphere {
	<40.472298, 52.368610, 52.122784> 0.100000
	pigment { color rgbt <1,0,0,0> }
	no_shadow
}
sphere {
	0, 1
	scale<0.080000,0.200000,0.300000>
	matrix <0.803641, 0.557839, 0.207307,
		0.332297, -0.709613, 0.621312,
		0.493700, -0.430424, -0.755642,
		40.620407, 52.239483, 51.896091>
	pigment { color rgbt <0,1,1,0> }
	no_shadow
}
cylinder {
	<40.891506, 52.229321, 52.786739>,  <40.274818, 52.540779, 52.425041>, 0.130000
	pigment { color rgbt <1,0,0,0> }
	no_shadow
}

// nucleotide -1

// particle -1
sphere {
	<40.891506, 52.229321, 52.786739> 0.250000
	pigment { color rgbt <1,0,0,0> }
	no_shadow
}
cylinder {
	<40.896084, 52.324955, 52.398369>,  <40.898830, 52.382336, 52.165344>, 0.100000
	pigment { color rgbt <1,0,0,0> }
	no_shadow
}
cylinder {
	<40.896084, 52.324955, 52.398369>,  <40.891506, 52.229321, 52.786739>, 0.100000
	pigment { color rgbt <1,0,0,0> }
	no_shadow
}

// particle -1
sphere {
	<40.896084, 52.324955, 52.398369> 0.100000
	pigment { color rgbt <1,0,0,0> }
	no_shadow
}
sphere {
	0, 1
	scale<0.080000,0.200000,0.300000>
	matrix <0.724675, 0.667071, 0.172808,
		0.688996, -0.705587, -0.165627,
		0.011446, 0.239090, -0.970930,
		40.899517, 52.396683, 52.107090>
	pigment { color rgbt <0,1,1,0> }
	no_shadow
}
cylinder {
	<41.602215, 52.248730, 52.524998>,  <40.891506, 52.229321, 52.786739>, 0.130000
	pigment { color rgbt <1,0,0,0> }
	no_shadow
}

// nucleotide -1

// particle -1
sphere {
	<41.602215, 52.248730, 52.524998> 0.250000
	pigment { color rgbt <1,0,0,0> }
	no_shadow
}
cylinder {
	<41.365032, 52.509266, 52.335617>,  <41.222725, 52.665588, 52.221989>, 0.100000
	pigment { color rgbt <1,0,0,0> }
	no_shadow
}
cylinder {
	<41.365032, 52.509266, 52.335617>,  <41.602215, 52.248730, 52.524998>, 0.100000
	pigment { color rgbt <1,0,0,0> }
	no_shadow
}

// particle -1
sphere {
	<41.365032, 52.509266, 52.335617> 0.100000
	pigment { color rgbt <1,0,0,0> }
	no_shadow
}
sphere {
	0, 1
	scale<0.080000,0.200000,0.300000>
	matrix <0.547451, 0.757264, 0.356158,
		0.590511, -0.048008, -0.805601,
		-0.592954, 0.651342, -0.473455,
		41.187145, 52.704670, 52.193581>
	pigment { color rgbt <0,1,1,0> }
	no_shadow
}
cylinder {
	<41.854362, 52.951115, 52.902775>,  <41.602215, 52.248730, 52.524998>, 0.130000
	pigment { color rgbt <1,0,0,0> }
	no_shadow
}

// nucleotide -1

// particle -1
sphere {
	<41.854362, 52.951115, 52.902775> 0.250000
	pigment { color rgbt <1,0,0,0> }
	no_shadow
}
cylinder {
	<41.843563, 53.049026, 52.515095>,  <41.837086, 53.107773, 52.282486>, 0.100000
	pigment { color rgbt <1,0,0,0> }
	no_shadow
}
cylinder {
	<41.843563, 53.049026, 52.515095>,  <41.854362, 52.951115, 52.902775>, 0.100000
	pigment { color rgbt <1,0,0,0> }
	no_shadow
}

// particle -1
sphere {
	<41.843563, 53.049026, 52.515095> 0.100000
	pigment { color rgbt <1,0,0,0> }
	no_shadow
}
sphere {
	0, 1
	scale<0.080000,0.200000,0.300000>
	matrix <-0.976436, 0.201212, 0.078016,
		0.214112, 0.948471, 0.233580,
		-0.026997, 0.244780, -0.969203,
		41.835464, 53.122459, 52.224335>
	pigment { color rgbt <0,1,1,0> }
	no_shadow
}
cylinder {
	<42.625912, 52.744247, 52.696648>,  <41.854362, 52.951115, 52.902775>, 0.130000
	pigment { color rgbt <1,0,0,0> }
	no_shadow
}

// nucleotide -1

// particle -1
sphere {
	<42.625912, 52.744247, 52.696648> 0.250000
	pigment { color rgbt <1,0,0,0> }
	no_shadow
}
cylinder {
	<42.540646, 52.547195, 52.359158>,  <42.489487, 52.428967, 52.156662>, 0.100000
	pigment { color rgbt <1,0,0,0> }
	no_shadow
}
cylinder {
	<42.540646, 52.547195, 52.359158>,  <42.625912, 52.744247, 52.696648>, 0.100000
	pigment { color rgbt <1,0,0,0> }
	no_shadow
}

// particle -1
sphere {
	<42.540646, 52.547195, 52.359158> 0.100000
	pigment { color rgbt <1,0,0,0> }
	no_shadow
}
sphere {
	0, 1
	scale<0.080000,0.200000,0.300000>
	matrix <0.126655, 0.842356, -0.523826,
		0.968772, -0.218525, -0.117169,
		-0.213167, -0.492628, -0.843728,
		42.476696, 52.399406, 52.106041>
	pigment { color rgbt <0,1,1,0> }
	no_shadow
}
cylinder {
	<43.169891, 53.052643, 52.233353>,  <42.625912, 52.744247, 52.696648>, 0.130000
	pigment { color rgbt <1,0,0,0> }
	no_shadow
}

// nucleotide -1

// particle -1
sphere {
	<43.169891, 53.052643, 52.233353> 0.250000
	pigment { color rgbt <1,0,0,0> }
	no_shadow
}
cylinder {
	<42.851143, 52.890320, 52.054329>,  <42.659893, 52.792927, 51.946915>, 0.100000
	pigment { color rgbt <1,0,0,0> }
	no_shadow
}
cylinder {
	<42.851143, 52.890320, 52.054329>,  <43.169891, 53.052643, 52.233353>, 0.100000
	pigment { color rgbt <1,0,0,0> }
	no_shadow
}

// particle -1
sphere {
	<42.851143, 52.890320, 52.054329> 0.100000
	pigment { color rgbt <1,0,0,0> }
	no_shadow
}
sphere {
	0, 1
	scale<0.080000,0.200000,0.300000>
	matrix <-0.037520, 0.772631, -0.633745,
		0.602978, -0.488223, -0.630916,
		-0.796875, -0.405807, -0.447562,
		42.612080, 52.768578, 51.920059>
	pigment { color rgbt <0,1,1,0> }
	no_shadow
}
cylinder {
	<43.307671, 53.080765, 51.387684>,  <43.169891, 53.052643, 52.233353>, 0.130000
	pigment { color rgbt <1,0,0,0> }
	no_shadow
}

// nucleotide -1

// particle -1
sphere {
	<43.307671, 53.080765, 51.387684> 0.250000
	pigment { color rgbt <1,0,0,0> }
	no_shadow
}
cylinder {
	<42.917622, 53.050278, 51.470936>,  <42.683590, 53.031986, 51.520889>, 0.100000
	pigment { color rgbt <1,0,0,0> }
	no_shadow
}
cylinder {
	<42.917622, 53.050278, 51.470936>,  <43.307671, 53.080765, 51.387684>, 0.100000
	pigment { color rgbt <1,0,0,0> }
	no_shadow
}

// particle -1
sphere {
	<42.917622, 53.050278, 51.470936> 0.100000
	pigment { color rgbt <1,0,0,0> }
	no_shadow
}
sphere {
	0, 1
	scale<0.080000,0.200000,0.300000>
	matrix <-0.209799, 0.620324, -0.755766,
		-0.071506, -0.780634, -0.620885,
		-0.975126, -0.076219, 0.208133,
		42.625084, 53.027412, 51.533375>
	pigment { color rgbt <0,1,1,0> }
	no_shadow
}
cylinder {
	<43.898968, 52.921246, 51.963593>,  <43.307671, 53.080765, 51.387684>, 0.130000
	pigment { color rgbt <1,0,0,0> }
	no_shadow
}

// nucleotide -1

// particle -1
sphere {
	<43.898968, 52.921246, 51.963593> 0.250000
	pigment { color rgbt <1,0,0,0> }
	no_shadow
}
cylinder {
	<44.139069, 53.156960, 52.179901>,  <44.283127, 53.298389, 52.309689>, 0.100000
	pigment { color rgbt <1,0,0,0> }
	no_shadow
}
cylinder {
	<44.139069, 53.156960, 52.179901>,  <43.898968, 52.921246, 51.963593>, 0.100000
	pigment { color rgbt <1,0,0,0> }
	no_shadow
}

// particle -1
sphere {
	<44.139069, 53.156960, 52.179901> 0.100000
	pigment { color rgbt <1,0,0,0> }
	no_shadow
}
sphere {
	0, 1
	scale<0.080000,0.200000,0.300000>
	matrix <0.470857, 0.286187, -0.834501,
		-0.646525, 0.755537, -0.105687,
		0.600250, 0.589289, 0.540776,
		44.319145, 53.333748, 52.342133>
	pigment { color rgbt <0,1,1,0> }
	no_shadow
}
cylinder {
	<44.044266, 53.686642, 51.659405>,  <43.898968, 52.921246, 51.963593>, 0.130000
	pigment { color rgbt <1,0,0,0> }
	no_shadow
}

// nucleotide -1

// particle -1
sphere {
	<44.044266, 53.686642, 51.659405> 0.250000
	pigment { color rgbt <1,0,0,0> }
	no_shadow
}
cylinder {
	<44.349522, 53.577709, 51.893822>,  <44.532677, 53.512348, 52.034473>, 0.100000
	pigment { color rgbt <1,0,0,0> }
	no_shadow
}
cylinder {
	<44.349522, 53.577709, 51.893822>,  <44.044266, 53.686642, 51.659405>, 0.100000
	pigment { color rgbt <1,0,0,0> }
	no_shadow
}

// particle -1
sphere {
	<44.349522, 53.577709, 51.893822> 0.100000
	pigment { color rgbt <1,0,0,0> }
	no_shadow
}
sphere {
	0, 1
	scale<0.080000,0.200000,0.300000>
	matrix <0.643364, 0.234868, -0.728643,
		0.060790, 0.933098, 0.354447,
		0.763143, -0.272333, 0.586044,
		44.578465, 53.496010, 52.069633>
	pigment { color rgbt <0,1,1,0> }
	no_shadow
}
cylinder {
	<44.532539, 54.313946, 51.737568>,  <44.044266, 53.686642, 51.659405>, 0.130000
	pigment { color rgbt <1,0,0,0> }
	no_shadow
}

// nucleotide -1

// particle -1
sphere {
	<44.532539, 54.313946, 51.737568> 0.250000
	pigment { color rgbt <1,0,0,0> }
	no_shadow
}
cylinder {
	<44.663628, 53.936184, 51.726978>,  <44.742283, 53.709526, 51.720623>, 0.100000
	pigment { color rgbt <1,0,0,0> }
	no_shadow
}
cylinder {
	<44.663628, 53.936184, 51.726978>,  <44.532539, 54.313946, 51.737568>, 0.100000
	pigment { color rgbt <1,0,0,0> }
	no_shadow
}

// particle -1
sphere {
	<44.663628, 53.936184, 51.726978> 0.100000
	pigment { color rgbt <1,0,0,0> }
	no_shadow
}
sphere {
	0, 1
	scale<0.080000,0.200000,0.300000>
	matrix <0.494012, 0.195183, -0.847264,
		0.805326, 0.264590, 0.530512,
		0.327724, -0.944402, -0.026475,
		44.761944, 53.652863, 51.719036>
	pigment { color rgbt <0,1,1,0> }
	no_shadow
}
cylinder {
	<45.216217, 54.293079, 51.876793>,  <44.532539, 54.313946, 51.737568>, 0.130000
	pigment { color rgbt <1,0,0,0> }
	no_shadow
}

// nucleotide -1

// particle -1
sphere {
	<45.216217, 54.293079, 51.876793> 0.250000
	pigment { color rgbt <1,0,0,0> }
	no_shadow
}
cylinder {
	<45.138550, 53.986755, 51.631569>,  <45.091949, 53.802963, 51.484436>, 0.100000
	pigment { color rgbt <1,0,0,0> }
	no_shadow
}
cylinder {
	<45.138550, 53.986755, 51.631569>,  <45.216217, 54.293079, 51.876793>, 0.100000
	pigment { color rgbt <1,0,0,0> }
	no_shadow
}

// particle -1
sphere {
	<45.138550, 53.986755, 51.631569> 0.100000
	pigment { color rgbt <1,0,0,0> }
	no_shadow
}
sphere {
	0, 1
	scale<0.080000,0.200000,0.300000>
	matrix <0.702437, 0.327696, -0.631821,
		0.684749, -0.553314, 0.474302,
		-0.194168, -0.765806, -0.613058,
		45.080299, 53.757015, 51.447651>
	pigment { color rgbt <0,1,1,0> }
	no_shadow
}
cylinder {
	<45.414894, 53.946781, 52.488827>,  <45.216217, 54.293079, 51.876793>, 0.130000
	pigment { color rgbt <1,0,0,0> }
	no_shadow
}

// nucleotide -1

// particle -1
sphere {
	<45.414894, 53.946781, 52.488827> 0.250000
	pigment { color rgbt <1,0,0,0> }
	no_shadow
}
cylinder {
	<45.484985, 54.152290, 52.824764>,  <45.527042, 54.275597, 53.026325>, 0.100000
	pigment { color rgbt <1,0,0,0> }
	no_shadow
}
cylinder {
	<45.484985, 54.152290, 52.824764>,  <45.414894, 53.946781, 52.488827>, 0.100000
	pigment { color rgbt <1,0,0,0> }
	no_shadow
}

// particle -1
sphere {
	<45.484985, 54.152290, 52.824764> 0.100000
	pigment { color rgbt <1,0,0,0> }
	no_shadow
}
sphere {
	0, 1
	scale<0.080000,0.200000,0.300000>
	matrix <-0.638210, -0.590256, 0.494252,
		0.749655, -0.622602, 0.224466,
		0.175230, 0.513774, 0.839840,
		45.537556, 54.306423, 53.076717>
	pigment { color rgbt <0,1,1,0> }
	no_shadow
}
cylinder {
	<45.773708, 53.534466, 53.055740>,  <45.414894, 53.946781, 52.488827>, 0.130000
	pigment { color rgbt <1,0,0,0> }
	no_shadow
}

// nucleotide -1

// particle -1
sphere {
	<45.773708, 53.534466, 53.055740> 0.250000
	pigment { color rgbt <1,0,0,0> }
	no_shadow
}
cylinder {
	<45.540546, 53.811466, 53.225754>,  <45.400650, 53.977669, 53.327763>, 0.100000
	pigment { color rgbt <1,0,0,0> }
	no_shadow
}
cylinder {
	<45.540546, 53.811466, 53.225754>,  <45.773708, 53.534466, 53.055740>, 0.100000
	pigment { color rgbt <1,0,0,0> }
	no_shadow
}

// particle -1
sphere {
	<45.540546, 53.811466, 53.225754> 0.100000
	pigment { color rgbt <1,0,0,0> }
	no_shadow
}
sphere {
	0, 1
	scale<0.080000,0.200000,0.300000>
	matrix <-0.356930, -0.688156, 0.631697,
		0.729944, 0.216514, 0.648308,
		-0.582909, 0.692505, 0.425035,
		45.365673, 54.019218, 53.353264>
	pigment { color rgbt <0,1,1,0> }
	no_shadow
}
cylinder {
	<45.887203, 53.555508, 53.880207>,  <45.773708, 53.534466, 53.055740>, 0.130000
	pigment { color rgbt <1,0,0,0> }
	no_shadow
}

// nucleotide -1

// particle -1
sphere {
	<45.887203, 53.555508, 53.880207> 0.250000
	pigment { color rgbt <1,0,0,0> }
	no_shadow
}
cylinder {
	<45.520130, 53.666801, 53.766754>,  <45.299889, 53.733578, 53.698685>, 0.100000
	pigment { color rgbt <1,0,0,0> }
	no_shadow
}
cylinder {
	<45.520130, 53.666801, 53.766754>,  <45.887203, 53.555508, 53.880207>, 0.100000
	pigment { color rgbt <1,0,0,0> }
	no_shadow
}

// particle -1
sphere {
	<45.520130, 53.666801, 53.766754> 0.100000
	pigment { color rgbt <1,0,0,0> }
	no_shadow
}
sphere {
	0, 1
	scale<0.080000,0.200000,0.300000>
	matrix <-0.393954, -0.729916, 0.558590,
		-0.051604, 0.624344, 0.779443,
		-0.917680, 0.278239, -0.283629,
		45.244827, 53.750275, 53.681664>
	pigment { color rgbt <0,1,1,0> }
	no_shadow
}
cylinder {
	<46.201271, 53.320271, 54.507790>,  <45.887203, 53.555508, 53.880207>, 0.130000
	pigment { color rgbt <1,0,0,0> }
	no_shadow
}

// nucleotide -1

// particle -1
sphere {
	<46.201271, 53.320271, 54.507790> 0.250000
	pigment { color rgbt <1,0,0,0> }
	no_shadow
}
cylinder {
	<46.566437, 53.243042, 54.363953>,  <46.785538, 53.196705, 54.277653>, 0.100000
	pigment { color rgbt <1,0,0,0> }
	no_shadow
}
cylinder {
	<46.566437, 53.243042, 54.363953>,  <46.201271, 53.320271, 54.507790>, 0.100000
	pigment { color rgbt <1,0,0,0> }
	no_shadow
}

// particle -1
sphere {
	<46.566437, 53.243042, 54.363953> 0.100000
	pigment { color rgbt <1,0,0,0> }
	no_shadow
}
sphere {
	0, 1
	scale<0.080000,0.200000,0.300000>
	matrix <0.365176, -0.007097, 0.930911,
		-0.182280, -0.981160, 0.064025,
		0.912918, -0.193067, -0.359590,
		46.840313, 53.185123, 54.256077>
	pigment { color rgbt <0,1,1,0> }
	no_shadow
}
cylinder {
	<46.560455, 53.080116, 55.081814>,  <46.201271, 53.320271, 54.507790>, 0.130000
	pigment { color rgbt <1,0,0,0> }
	no_shadow
}

// nucleotide -1

// particle -1
sphere {
	<46.560455, 53.080116, 55.081814> 0.250000
	pigment { color rgbt <1,0,0,0> }
	no_shadow
}
cylinder {
	<46.853683, 53.130959, 54.814545>,  <47.029621, 53.161465, 54.654182>, 0.100000
	pigment { color rgbt <1,0,0,0> }
	no_shadow
}
cylinder {
	<46.853683, 53.130959, 54.814545>,  <46.560455, 53.080116, 55.081814>, 0.100000
	pigment { color rgbt <1,0,0,0> }
	no_shadow
}

// particle -1
sphere {
	<46.853683, 53.130959, 54.814545> 0.100000
	pigment { color rgbt <1,0,0,0> }
	no_shadow
}
sphere {
	0, 1
	scale<0.080000,0.200000,0.300000>
	matrix <0.677188, -0.044747, 0.734448,
		0.063457, -0.990879, -0.118879,
		0.733069, 0.127110, -0.668172,
		47.073605, 53.169090, 54.614094>
	pigment { color rgbt <0,1,1,0> }
	no_shadow
}
cylinder {
	<47.067348, 53.097919, 55.544842>,  <46.560455, 53.080116, 55.081814>, 0.130000
	pigment { color rgbt <1,0,0,0> }
	no_shadow
}

// nucleotide -1

// particle -1
sphere {
	<47.067348, 53.097919, 55.544842> 0.250000
	pigment { color rgbt <1,0,0,0> }
	no_shadow
}
cylinder {
	<47.262257, 53.114510, 55.195938>,  <47.379204, 53.124466, 54.986595>, 0.100000
	pigment { color rgbt <1,0,0,0> }
	no_shadow
}
cylinder {
	<47.262257, 53.114510, 55.195938>,  <47.067348, 53.097919, 55.544842>, 0.100000
	pigment { color rgbt <1,0,0,0> }
	no_shadow
}

// particle -1
sphere {
	<47.262257, 53.114510, 55.195938> 0.100000
	pigment { color rgbt <1,0,0,0> }
	no_shadow
}
sphere {
	0, 1
	scale<0.080000,0.200000,0.300000>
	matrix <0.872721, 0.011578, 0.488081,
		0.030346, -0.999072, -0.030561,
		0.487275, 0.041483, -0.872263,
		47.408440, 53.126953, 54.934258>
	pigment { color rgbt <0,1,1,0> }
	no_shadow
}
cylinder {
	<47.538334, 52.504864, 55.505501>,  <47.067348, 53.097919, 55.544842>, 0.130000
	pigment { color rgbt <1,0,0,0> }
	no_shadow
}

// nucleotide -1

// particle -1
sphere {
	<47.538334, 52.504864, 55.505501> 0.250000
	pigment { color rgbt <1,0,0,0> }
	no_shadow
}
cylinder {
	<47.669476, 52.788620, 55.255936>,  <47.748161, 52.958874, 55.106197>, 0.100000
	pigment { color rgbt <1,0,0,0> }
	no_shadow
}
cylinder {
	<47.669476, 52.788620, 55.255936>,  <47.538334, 52.504864, 55.505501>, 0.100000
	pigment { color rgbt <1,0,0,0> }
	no_shadow
}

// particle -1
sphere {
	<47.669476, 52.788620, 55.255936> 0.100000
	pigment { color rgbt <1,0,0,0> }
	no_shadow
}
sphere {
	0, 1
	scale<0.080000,0.200000,0.300000>
	matrix <0.926548, -0.112515, 0.358956,
		0.184441, -0.695774, -0.694175,
		0.327858, 0.709393, -0.623916,
		47.767834, 53.001438, 55.068760>
	pigment { color rgbt <0,1,1,0> }
	no_shadow
}
cylinder {
	<48.050243, 52.319359, 55.052601>,  <47.538334, 52.504864, 55.505501>, 0.130000
	pigment { color rgbt <1,0,0,0> }
	no_shadow
}

// nucleotide -1

// particle -1
sphere {
	<48.050243, 52.319359, 55.052601> 0.250000
	pigment { color rgbt <1,0,0,0> }
	no_shadow
}
cylinder {
	<48.097549, 52.709587, 55.126648>,  <48.125935, 52.943726, 55.171078>, 0.100000
	pigment { color rgbt <1,0,0,0> }
	no_shadow
}
cylinder {
	<48.097549, 52.709587, 55.126648>,  <48.050243, 52.319359, 55.052601>, 0.100000
	pigment { color rgbt <1,0,0,0> }
	no_shadow
}

// particle -1
sphere {
	<48.097549, 52.709587, 55.126648> 0.100000
	pigment { color rgbt <1,0,0,0> }
	no_shadow
}
sphere {
	0, 1
	scale<0.080000,0.200000,0.300000>
	matrix <0.981954, -0.142613, 0.124212,
		0.147578, 0.167089, -0.974834,
		0.118269, 0.975573, 0.185121,
		48.133030, 53.002258, 55.182182>
	pigment { color rgbt <0,1,1,0> }
	no_shadow
}
cylinder {
	<48.709354, 52.458225, 54.758591>,  <48.050243, 52.319359, 55.052601>, 0.130000
	pigment { color rgbt <1,0,0,0> }
	no_shadow
}

// nucleotide -1

// particle -1
sphere {
	<48.709354, 52.458225, 54.758591> 0.250000
	pigment { color rgbt <1,0,0,0> }
	no_shadow
}
cylinder {
	<48.646118, 52.723820, 55.050926>,  <48.608177, 52.883175, 55.226330>, 0.100000
	pigment { color rgbt <1,0,0,0> }
	no_shadow
}
cylinder {
	<48.646118, 52.723820, 55.050926>,  <48.709354, 52.458225, 54.758591>, 0.100000
	pigment { color rgbt <1,0,0,0> }
	no_shadow
}

// particle -1
sphere {
	<48.646118, 52.723820, 55.050926> 0.100000
	pigment { color rgbt <1,0,0,0> }
	no_shadow
}
sphere {
	0, 1
	scale<0.080000,0.200000,0.300000>
	matrix <0.954910, -0.085564, 0.284297,
		0.251304, 0.742833, -0.620521,
		-0.158091, 0.663986, 0.730841,
		48.598690, 52.923016, 55.270180>
	pigment { color rgbt <0,1,1,0> }
	no_shadow
}
cylinder {
	<49.047184, 53.055489, 54.548309>,  <48.709354, 52.458225, 54.758591>, 0.130000
	pigment { color rgbt <1,0,0,0> }
	no_shadow
}

// nucleotide -1

// particle -1
sphere {
	<49.047184, 53.055489, 54.548309> 0.250000
	pigment { color rgbt <1,0,0,0> }
	no_shadow
}
cylinder {
	<49.041615, 52.950481, 54.934238>,  <49.038273, 52.887478, 55.165798>, 0.100000
	pigment { color rgbt <1,0,0,0> }
	no_shadow
}
cylinder {
	<49.041615, 52.950481, 54.934238>,  <49.047184, 53.055489, 54.548309>, 0.100000
	pigment { color rgbt <1,0,0,0> }
	no_shadow
}

// particle -1
sphere {
	<49.041615, 52.950481, 54.934238> 0.100000
	pigment { color rgbt <1,0,0,0> }
	no_shadow
}
sphere {
	0, 1
	scale<0.080000,0.200000,0.300000>
	matrix <0.996190, 0.079437, 0.035995,
		-0.086092, 0.961651, 0.260413,
		-0.013928, -0.262519, 0.964826,
		49.037437, 52.871727, 55.223686>
	pigment { color rgbt <0,1,1,0> }
	no_shadow
}
cylinder {
	<49.394127, 53.607533, 54.893887>,  <49.047184, 53.055489, 54.548309>, 0.130000
	pigment { color rgbt <1,0,0,0> }
	no_shadow
}

// nucleotide -1

// particle -1
sphere {
	<49.394127, 53.607533, 54.893887> 0.250000
	pigment { color rgbt <1,0,0,0> }
	no_shadow
}
cylinder {
	<49.460297, 53.238670, 55.033752>,  <49.499996, 53.017353, 55.117672>, 0.100000
	pigment { color rgbt <1,0,0,0> }
	no_shadow
}
cylinder {
	<49.460297, 53.238670, 55.033752>,  <49.394127, 53.607533, 54.893887>, 0.100000
	pigment { color rgbt <1,0,0,0> }
	no_shadow
}

// particle -1
sphere {
	<49.460297, 53.238670, 55.033752> 0.100000
	pigment { color rgbt <1,0,0,0> }
	no_shadow
}
sphere {
	0, 1
	scale<0.080000,0.200000,0.300000>
	matrix <0.984521, 0.133583, -0.113465,
		0.057924, 0.363018, 0.929980,
		0.165420, -0.922157, 0.349661,
		49.509922, 52.962025, 55.138649>
	pigment { color rgbt <0,1,1,0> }
	no_shadow
}
cylinder {
	<49.909386, 53.530426, 55.508705>,  <49.394127, 53.607533, 54.893887>, 0.130000
	pigment { color rgbt <1,0,0,0> }
	no_shadow
}

// nucleotide -1

// particle -1
sphere {
	<49.909386, 53.530426, 55.508705> 0.250000
	pigment { color rgbt <1,0,0,0> }
	no_shadow
}
cylinder {
	<49.900524, 53.209728, 55.269806>,  <49.895206, 53.017307, 55.126465>, 0.100000
	pigment { color rgbt <1,0,0,0> }
	no_shadow
}
cylinder {
	<49.900524, 53.209728, 55.269806>,  <49.909386, 53.530426, 55.508705>, 0.100000
	pigment { color rgbt <1,0,0,0> }
	no_shadow
}

// particle -1
sphere {
	<49.900524, 53.209728, 55.269806> 0.100000
	pigment { color rgbt <1,0,0,0> }
	no_shadow
}
sphere {
	0, 1
	scale<0.080000,0.200000,0.300000>
	matrix <0.938165, 0.189767, -0.289541,
		0.345477, -0.566735, 0.747969,
		-0.022153, -0.801748, -0.597251,
		49.893879, 52.969204, 55.090630>
	pigment { color rgbt <0,1,1,0> }
	no_shadow
}
cylinder {
	<50.513012, 53.657303, 55.167446>,  <49.909386, 53.530426, 55.508705>, 0.130000
	pigment { color rgbt <1,0,0,0> }
	no_shadow
}

// nucleotide -1

// particle -1
sphere {
	<50.513012, 53.657303, 55.167446> 0.250000
	pigment { color rgbt <1,0,0,0> }
	no_shadow
}
cylinder {
	<50.385235, 53.298679, 55.044716>,  <50.308567, 53.083508, 54.971077>, 0.100000
	pigment { color rgbt <1,0,0,0> }
	no_shadow
}
cylinder {
	<50.385235, 53.298679, 55.044716>,  <50.513012, 53.657303, 55.167446>, 0.100000
	pigment { color rgbt <1,0,0,0> }
	no_shadow
}

// particle -1
sphere {
	<50.385235, 53.298679, 55.044716> 0.100000
	pigment { color rgbt <1,0,0,0> }
	no_shadow
}
sphere {
	0, 1
	scale<0.080000,0.200000,0.300000>
	matrix <0.881614, -0.162471, -0.443125,
		0.347435, -0.412057, 0.842317,
		-0.319445, -0.896555, -0.306828,
		50.289402, 53.029713, 54.952667>
	pigment { color rgbt <0,1,1,0> }
	no_shadow
}
cylinder {
	<50.912170, 53.044834, 55.418743>,  <50.513012, 53.657303, 55.167446>, 0.130000
	pigment { color rgbt <1,0,0,0> }
	no_shadow
}

// nucleotide -1

// particle -1
sphere {
	<50.912170, 53.044834, 55.418743> 0.250000
	pigment { color rgbt <1,0,0,0> }
	no_shadow
}
cylinder {
	<50.734165, 52.958290, 55.071144>,  <50.627361, 52.906364, 54.862587>, 0.100000
	pigment { color rgbt <1,0,0,0> }
	no_shadow
}
cylinder {
	<50.734165, 52.958290, 55.071144>,  <50.912170, 53.044834, 55.418743>, 0.100000
	pigment { color rgbt <1,0,0,0> }
	no_shadow
}

// particle -1
sphere {
	<50.734165, 52.958290, 55.071144> 0.100000
	pigment { color rgbt <1,0,0,0> }
	no_shadow
}
sphere {
	0, 1
	scale<0.080000,0.200000,0.300000>
	matrix <0.839052, -0.439871, -0.320163,
		-0.312977, -0.871610, 0.377283,
		-0.445013, -0.216356, -0.868996,
		50.600662, 52.893383, 54.810444>
	pigment { color rgbt <0,1,1,0> }
	no_shadow
}
cylinder {
	<51.064663, 52.285564, 55.192757>,  <50.912170, 53.044834, 55.418743>, 0.130000
	pigment { color rgbt <1,0,0,0> }
	no_shadow
}

// nucleotide -1

// particle -1
sphere {
	<51.064663, 52.285564, 55.192757> 0.250000
	pigment { color rgbt <1,0,0,0> }
	no_shadow
}
cylinder {
	<50.930546, 52.464283, 54.860985>,  <50.850075, 52.571514, 54.661922>, 0.100000
	pigment { color rgbt <1,0,0,0> }
	no_shadow
}
cylinder {
	<50.930546, 52.464283, 54.860985>,  <51.064663, 52.285564, 55.192757>, 0.100000
	pigment { color rgbt <1,0,0,0> }
	no_shadow
}

// particle -1
sphere {
	<50.930546, 52.464283, 54.860985> 0.100000
	pigment { color rgbt <1,0,0,0> }
	no_shadow
}
sphere {
	0, 1
	scale<0.080000,0.200000,0.300000>
	matrix <0.800184, -0.329644, -0.501040,
		-0.497278, -0.831692, -0.246989,
		-0.335292, 0.446793, -0.829431,
		50.829960, 52.598320, 54.612156>
	pigment { color rgbt <0,1,1,0> }
	no_shadow
}
cylinder {
	<51.599518, 51.843166, 54.961582>,  <51.064663, 52.285564, 55.192757>, 0.130000
	pigment { color rgbt <1,0,0,0> }
	no_shadow
}

// nucleotide -1

// particle -1
sphere {
	<51.599518, 51.843166, 54.961582> 0.250000
	pigment { color rgbt <1,0,0,0> }
	no_shadow
}
cylinder {
	<51.685051, 51.538155, 54.717342>,  <51.736370, 51.355148, 54.570801>, 0.100000
	pigment { color rgbt <1,0,0,0> }
	no_shadow
}
cylinder {
	<51.685051, 51.538155, 54.717342>,  <51.599518, 51.843166, 54.961582>, 0.100000
	pigment { color rgbt <1,0,0,0> }
	no_shadow
}

// particle -1
sphere {
	<51.685051, 51.538155, 54.717342> 0.100000
	pigment { color rgbt <1,0,0,0> }
	no_shadow
}
sphere {
	0, 1
	scale<0.080000,0.200000,0.300000>
	matrix <-0.266750, 0.555722, -0.787412,
		0.939746, 0.331248, -0.084575,
		0.213828, -0.762527, -0.610598,
		51.749199, 51.309395, 54.534164>
	pigment { color rgbt <0,1,1,0> }
	no_shadow
}
cylinder {
	<52.214882, 52.035679, 54.554832>,  <51.599518, 51.843166, 54.961582>, 0.130000
	pigment { color rgbt <1,0,0,0> }
	no_shadow
}

// nucleotide -1

// particle -1
sphere {
	<52.214882, 52.035679, 54.554832> 0.250000
	pigment { color rgbt <1,0,0,0> }
	no_shadow
}
cylinder {
	<51.953968, 51.791542, 54.375046>,  <51.797421, 51.645061, 54.267174>, 0.100000
	pigment { color rgbt <1,0,0,0> }
	no_shadow
}
cylinder {
	<51.953968, 51.791542, 54.375046>,  <52.214882, 52.035679, 54.554832>, 0.100000
	pigment { color rgbt <1,0,0,0> }
	no_shadow
}

// particle -1
sphere {
	<51.953968, 51.791542, 54.375046> 0.100000
	pigment { color rgbt <1,0,0,0> }
	no_shadow
}
sphere {
	0, 1
	scale<0.080000,0.200000,0.300000>
	matrix <-0.107196, 0.661296, -0.742426,
		0.750359, -0.436090, -0.496777,
		-0.652281, -0.610338, -0.449463,
		51.758286, 51.608440, 54.240208>
	pigment { color rgbt <0,1,1,0> }
	no_shadow
}
cylinder {
	<52.955650, 52.075260, 54.706318>,  <52.214882, 52.035679, 54.554832>, 0.130000
	pigment { color rgbt <1,0,0,0> }
	no_shadow
}

// nucleotide -1

// particle -1
sphere {
	<52.955650, 52.075260, 54.706318> 0.250000
	pigment { color rgbt <1,0,0,0> }
	no_shadow
}
cylinder {
	<53.083649, 52.073654, 54.327354>,  <53.160446, 52.072689, 54.099976>, 0.100000
	pigment { color rgbt <1,0,0,0> }
	no_shadow
}
cylinder {
	<53.083649, 52.073654, 54.327354>,  <52.955650, 52.075260, 54.706318>, 0.100000
	pigment { color rgbt <1,0,0,0> }
	no_shadow
}

// particle -1
sphere {
	<53.083649, 52.073654, 54.327354> 0.100000
	pigment { color rgbt <1,0,0,0> }
	no_shadow
}
sphere {
	0, 1
	scale<0.080000,0.200000,0.300000>
	matrix <0.511625, -0.840913, 0.176367,
		-0.797399, -0.541155, -0.267032,
		0.319992, -0.004015, -0.947411,
		53.179646, 52.072449, 54.043129>
	pigment { color rgbt <0,1,1,0> }
	no_shadow
}
cylinder {
	<52.802078, 51.394268, 54.352821>,  <52.955650, 52.075260, 54.706318>, 0.130000
	pigment { color rgbt <1,0,0,0> }
	no_shadow
}

// nucleotide -1

// particle -1
sphere {
	<52.802078, 51.394268, 54.352821> 0.250000
	pigment { color rgbt <1,0,0,0> }
	no_shadow
}
cylinder {
	<53.124214, 51.611950, 54.258781>,  <53.317497, 51.742558, 54.202358>, 0.100000
	pigment { color rgbt <1,0,0,0> }
	no_shadow
}
cylinder {
	<53.124214, 51.611950, 54.258781>,  <52.802078, 51.394268, 54.352821>, 0.100000
	pigment { color rgbt <1,0,0,0> }
	no_shadow
}

// particle -1
sphere {
	<53.124214, 51.611950, 54.258781> 0.100000
	pigment { color rgbt <1,0,0,0> }
	no_shadow
}
sphere {
	0, 1
	scale<0.080000,0.200000,0.300000>
	matrix <0.578140, -0.808691, 0.108501,
		-0.131073, -0.223298, -0.965898,
		0.805341, 0.544203, -0.235095,
		53.365818, 51.775211, 54.188251>
	pigment { color rgbt <0,1,1,0> }
	no_shadow
}
cylinder {
	<53.298706, 50.906857, 54.012676>,  <52.802078, 51.394268, 54.352821>, 0.130000
	pigment { color rgbt <1,0,0,0> }
	no_shadow
}

// nucleotide -1

// particle -1
sphere {
	<53.298706, 50.906857, 54.012676> 0.250000
	pigment { color rgbt <1,0,0,0> }
	no_shadow
}
cylinder {
	<53.505684, 51.216072, 54.159462>,  <53.629871, 51.401600, 54.247536>, 0.100000
	pigment { color rgbt <1,0,0,0> }
	no_shadow
}
cylinder {
	<53.505684, 51.216072, 54.159462>,  <53.298706, 50.906857, 54.012676>, 0.100000
	pigment { color rgbt <1,0,0,0> }
	no_shadow
}

// particle -1
sphere {
	<53.505684, 51.216072, 54.159462> 0.100000
	pigment { color rgbt <1,0,0,0> }
	no_shadow
}
sphere {
	0, 1
	scale<0.080000,0.200000,0.300000>
	matrix <0.773435, -0.605986, 0.185953,
		0.366125, 0.187605, -0.911458,
		0.517446, 0.773036, 0.366967,
		53.660919, 51.447983, 54.269550>
	pigment { color rgbt <0,1,1,0> }
	no_shadow
}
cylinder {
	<54.000866, 50.817326, 53.797932>,  <53.298706, 50.906857, 54.012676>, 0.130000
	pigment { color rgbt <1,0,0,0> }
	no_shadow
}

// nucleotide -1

// particle -1
sphere {
	<54.000866, 50.817326, 53.797932> 0.250000
	pigment { color rgbt <1,0,0,0> }
	no_shadow
}
cylinder {
	<54.028877, 51.058655, 54.115700>,  <54.045685, 51.203453, 54.306358>, 0.100000
	pigment { color rgbt <1,0,0,0> }
	no_shadow
}
cylinder {
	<54.028877, 51.058655, 54.115700>,  <54.000866, 50.817326, 53.797932>, 0.100000
	pigment { color rgbt <1,0,0,0> }
	no_shadow
}

// particle -1
sphere {
	<54.028877, 51.058655, 54.115700> 0.100000
	pigment { color rgbt <1,0,0,0> }
	no_shadow
}
sphere {
	0, 1
	scale<0.080000,0.200000,0.300000>
	matrix <0.851760, -0.450684, 0.267186,
		0.519230, 0.657941, -0.545448,
