// switches for output
#declare DRAW_BASES = 1; // possible values are 0, 1; only relevant for DNA ribbons
#declare DRAW_BASES_TYPE = 3; // possible values are 1, 2, 3; only relevant for DNA ribbons
#declare DRAW_FOG = 0; // set to 1 to enable fog

#include "colors.inc"

#include "transforms.inc"
background { rgb <1, 1, 1>}

#default {
   normal{
       ripples 0.25
       frequency 0.20
       turbulence 0.2
       lambda 5
   }
	finish {
		phong 0.1
		phong_size 40.
	}
}

// original window dimensions: 1024x640


// camera settings

camera {
	sky <-0, 1, 0>
	up <-0, 1, 0>
	right 1.6 * <0.99995, 0, 0.00999983>
	location <54.4867, 55, 106.329>
	look_at <55, 55, 55.0001>
	direction <0.513302, 0, -51.3289>
	angle 67.0682
}


# declare cpy_camera_pos = <54.4867, 55, 106.329>;
# if (DRAW_FOG = 1)
fog {
	fog_type 2
	up vnormalize(cpy_camera_pos)
	color rgbt<1,1,1,0.3>
	distance 1e-5
	fog_alt 3e-3
	fog_offset 88
}
# end


// LIGHTS

# declare lum = 6;
global_settings {
	ambient_light rgb lum * <0.05, 0.05, 0.05>
	max_trace_level 15
}# declare cpy_direct_light_amount = 0.25;
light_source
{	1000 * <-0.98995, -1, 1.00995>,
	rgb lum * cpy_direct_light_amount
	parallel
}

light_source
{	1000 * <0.98995, 1, -1.00995>,
	rgb lum * cpy_direct_light_amount
	parallel
}

// strand 0

// nucleotide -1

// particle -1
sphere {
	<36.229015, 53.491005, 49.450577> 0.250000
	pigment { color rgbt <1,0,0,0> }
	no_shadow
}
cylinder {
	<36.131104, 53.103176, 49.449287>,  <36.072357, 52.870480, 49.448513>, 0.100000
	pigment { color rgbt <1,0,0,0> }
	no_shadow
}
cylinder {
	<36.131104, 53.103176, 49.449287>,  <36.229015, 53.491005, 49.450577>, 0.100000
	pigment { color rgbt <1,0,0,0> }
	no_shadow
}

// particle -1
sphere {
	<36.131104, 53.103176, 49.449287> 0.100000
	pigment { color rgbt <1,0,0,0> }
	no_shadow
}
sphere {
	0, 1
	scale<0.080000,0.200000,0.300000>
	matrix <0.733301, -0.182949, -0.654828,
		0.634315, -0.162650, 0.755771,
		-0.244776, -0.969575, -0.003224,
		36.057671, 52.812305, 49.448318>
	pigment { color rgbt <0,1,1,0> }
	no_shadow
}
cylinder {
	<36.795811, 53.123482, 49.580006>,  <36.229015, 53.491005, 49.450577>, 0.130000
	pigment { color rgbt <1,0,0,0> }
	no_shadow
}

// nucleotide -1

// particle -1
sphere {
	<36.795811, 53.123482, 49.580006> 0.250000
	pigment { color rgbt <1,0,0,0> }
	no_shadow
}
cylinder {
	<36.526955, 52.916145, 49.368515>,  <36.365643, 52.791744, 49.241619>, 0.100000
	pigment { color rgbt <1,0,0,0> }
	no_shadow
}
cylinder {
	<36.526955, 52.916145, 49.368515>,  <36.795811, 53.123482, 49.580006>, 0.100000
	pigment { color rgbt <1,0,0,0> }
	no_shadow
}

// particle -1
sphere {
	<36.526955, 52.916145, 49.368515> 0.100000
	pigment { color rgbt <1,0,0,0> }
	no_shadow
}
sphere {
	0, 1
	scale<0.080000,0.200000,0.300000>
	matrix <0.664412, -0.107074, -0.739657,
		0.326779, -0.848446, 0.416358,
		-0.672140, -0.518338, -0.528728,
		36.325314, 52.760643, 49.209896>
	pigment { color rgbt <0,1,1,0> }
	no_shadow
}
cylinder {
	<37.010502, 53.755291, 49.376808>,  <36.795811, 53.123482, 49.580006>, 0.130000
	pigment { color rgbt <1,0,0,0> }
	no_shadow
}

// nucleotide -1

// particle -1
sphere {
	<37.010502, 53.755291, 49.376808> 0.250000
	pigment { color rgbt <1,0,0,0> }
	no_shadow
}
cylinder {
	<37.262253, 53.507622, 49.188972>,  <37.413303, 53.359020, 49.076271>, 0.100000
	pigment { color rgbt <1,0,0,0> }
	no_shadow
}
cylinder {
	<37.262253, 53.507622, 49.188972>,  <37.010502, 53.755291, 49.376808>, 0.100000
	pigment { color rgbt <1,0,0,0> }
	no_shadow
}

// particle -1
sphere {
	<37.262253, 53.507622, 49.188972> 0.100000
	pigment { color rgbt <1,0,0,0> }
	no_shadow
}
sphere {
	0, 1
	scale<0.080000,0.200000,0.300000>
	matrix <0.772916, 0.436129, 0.460860,
		-0.080552, -0.653004, 0.753059,
		0.629374, -0.619175, -0.469586,
		37.451065, 53.321869, 49.048096>
	pigment { color rgbt <0,1,1,0> }
	no_shadow
}
cylinder {
	<36.908649, 53.943478, 50.116821>,  <37.010502, 53.755291, 49.376808>, 0.130000
	pigment { color rgbt <1,0,0,0> }
	no_shadow
}

// nucleotide -1

// particle -1
sphere {
	<36.908649, 53.943478, 50.116821> 0.250000
	pigment { color rgbt <1,0,0,0> }
	no_shadow
}
cylinder {
	<36.660652, 54.226181, 50.253117>,  <36.511856, 54.395805, 50.334892>, 0.100000
	pigment { color rgbt <1,0,0,0> }
	no_shadow
}
cylinder {
	<36.660652, 54.226181, 50.253117>,  <36.908649, 53.943478, 50.116821>, 0.100000
	pigment { color rgbt <1,0,0,0> }
	no_shadow
}

// particle -1
sphere {
	<36.660652, 54.226181, 50.253117> 0.100000
	pigment { color rgbt <1,0,0,0> }
	no_shadow
}
sphere {
	0, 1
	scale<0.080000,0.200000,0.300000>
	matrix <-0.400901, -0.658660, 0.636745,
		0.674457, 0.258173, 0.691704,
		-0.619989, 0.706762, 0.340736,
		36.474655, 54.438210, 50.355339>
	pigment { color rgbt <0,1,1,0> }
	no_shadow
}
cylinder {
	<36.433727, 54.056229, 50.708763>,  <36.908649, 53.943478, 50.116821>, 0.130000
	pigment { color rgbt <1,0,0,0> }
	no_shadow
}

// nucleotide -1

// particle -1
sphere {
	<36.433727, 54.056229, 50.708763> 0.250000
	pigment { color rgbt <1,0,0,0> }
	no_shadow
}
cylinder {
	<36.562862, 54.126854, 51.080700>,  <36.640343, 54.169231, 51.303860>, 0.100000
	pigment { color rgbt <1,0,0,0> }
	no_shadow
}
cylinder {
	<36.562862, 54.126854, 51.080700>,  <36.433727, 54.056229, 50.708763>, 0.100000
	pigment { color rgbt <1,0,0,0> }
	no_shadow
}

// particle -1
sphere {
	<36.562862, 54.126854, 51.080700> 0.100000
	pigment { color rgbt <1,0,0,0> }
	no_shadow
}
sphere {
	0, 1
	scale<0.080000,0.200000,0.300000>
	matrix <0.539968, 0.772509, -0.334164,
		-0.777312, 0.609963, 0.154052,
		0.322834, 0.176566, 0.929840,
		36.659714, 54.179825, 51.359653>
	pigment { color rgbt <0,1,1,0> }
	no_shadow
}
cylinder {
	<36.311092, 54.746983, 50.943741>,  <36.433727, 54.056229, 50.708763>, 0.130000
	pigment { color rgbt <1,0,0,0> }
	no_shadow
}

// nucleotide -1

// particle -1
sphere {
	<36.311092, 54.746983, 50.943741> 0.250000
	pigment { color rgbt <1,0,0,0> }
	no_shadow
}
cylinder {
	<36.633778, 54.592388, 51.122559>,  <36.827389, 54.499634, 51.229851>, 0.100000
	pigment { color rgbt <1,0,0,0> }
	no_shadow
}
cylinder {
	<36.633778, 54.592388, 51.122559>,  <36.311092, 54.746983, 50.943741>, 0.100000
	pigment { color rgbt <1,0,0,0> }
	no_shadow
}

// particle -1
sphere {
	<36.633778, 54.592388, 51.122559> 0.100000
	pigment { color rgbt <1,0,0,0> }
	no_shadow
}
sphere {
	0, 1
	scale<0.080000,0.200000,0.300000>
	matrix <0.567458, 0.717790, -0.403447,
		-0.164960, 0.579145, 0.798360,
		0.806709, -0.386483, 0.447047,
		36.875790, 54.476444, 51.256672>
	pigment { color rgbt <0,1,1,0> }
	no_shadow
}
cylinder {
	<36.698669, 55.353065, 51.112671>,  <36.311092, 54.746983, 50.943741>, 0.130000
	pigment { color rgbt <1,0,0,0> }
	no_shadow
}

// nucleotide -1

// particle -1
sphere {
	<36.698669, 55.353065, 51.112671> 0.250000
	pigment { color rgbt <1,0,0,0> }
	no_shadow
}
cylinder {
	<36.958939, 55.049847, 51.130516>,  <37.115101, 54.867916, 51.141224>, 0.100000
	pigment { color rgbt <1,0,0,0> }
	no_shadow
}
cylinder {
	<36.958939, 55.049847, 51.130516>,  <36.698669, 55.353065, 51.112671>, 0.100000
	pigment { color rgbt <1,0,0,0> }
	no_shadow
}

// particle -1
sphere {
	<36.958939, 55.049847, 51.130516> 0.100000
	pigment { color rgbt <1,0,0,0> }
	no_shadow
}
sphere {
	0, 1
	scale<0.080000,0.200000,0.300000>
	matrix <0.718782, 0.595894, -0.358137,
		0.244901, 0.265095, 0.932603,
		0.650673, -0.758047, 0.044610,
		37.154140, 54.822433, 51.143898>
	pigment { color rgbt <0,1,1,0> }
	no_shadow
}
cylinder {
	<37.303440, 55.369671, 51.609962>,  <36.698669, 55.353065, 51.112671>, 0.130000
	pigment { color rgbt <1,0,0,0> }
	no_shadow
}

// nucleotide -1

// particle -1
sphere {
	<37.303440, 55.369671, 51.609962> 0.250000
	pigment { color rgbt <1,0,0,0> }
	no_shadow
}
cylinder {
	<37.392296, 55.152512, 51.286011>,  <37.445610, 55.022217, 51.091640>, 0.100000
	pigment { color rgbt <1,0,0,0> }
	no_shadow
}
cylinder {
	<37.392296, 55.152512, 51.286011>,  <37.303440, 55.369671, 51.609962>, 0.100000
	pigment { color rgbt <1,0,0,0> }
	no_shadow
}

// particle -1
sphere {
	<37.392296, 55.152512, 51.286011> 0.100000
	pigment { color rgbt <1,0,0,0> }
	no_shadow
}
sphere {
	0, 1
	scale<0.080000,0.200000,0.300000>
	matrix <0.688881, 0.675216, -0.263680,
		0.689999, -0.499340, 0.523986,
		0.222137, -0.542903, -0.809884,
		37.458939, 54.989639, 51.043045>
	pigment { color rgbt <0,1,1,0> }
	no_shadow
}
cylinder {
	<37.982582, 55.092289, 51.559994>,  <37.303440, 55.369671, 51.609962>, 0.130000
	pigment { color rgbt <1,0,0,0> }
	no_shadow
}

// nucleotide -1

// particle -1
sphere {
	<37.982582, 55.092289, 51.559994> 0.250000
	pigment { color rgbt <1,0,0,0> }
	no_shadow
}
cylinder {
	<37.853710, 55.170689, 51.189526>,  <37.776386, 55.217728, 50.967247>, 0.100000
	pigment { color rgbt <1,0,0,0> }
	no_shadow
}
cylinder {
	<37.853710, 55.170689, 51.189526>,  <37.982582, 55.092289, 51.559994>, 0.100000
	pigment { color rgbt <1,0,0,0> }
	no_shadow
}

// particle -1
sphere {
	<37.853710, 55.170689, 51.189526> 0.100000
	pigment { color rgbt <1,0,0,0> }
	no_shadow
}
sphere {
	0, 1
	scale<0.080000,0.200000,0.300000>
	matrix <0.781007, 0.607921, -0.143039,
		0.535000, -0.769427, -0.348937,
		-0.322184, 0.195997, -0.926166,
		37.757053, 55.229488, 50.911674>
	pigment { color rgbt <0,1,1,0> }
	no_shadow
}
cylinder {
	<38.497829, 54.796921, 51.047710>,  <37.982582, 55.092289, 51.559994>, 0.130000
	pigment { color rgbt <1,0,0,0> }
	no_shadow
}

// nucleotide -1

// particle -1
sphere {
	<38.497829, 54.796921, 51.047710> 0.250000
	pigment { color rgbt <1,0,0,0> }
	no_shadow
}
cylinder {
	<38.311638, 55.144356, 50.979740>,  <38.199921, 55.352818, 50.938957>, 0.100000
	pigment { color rgbt <1,0,0,0> }
	no_shadow
}
cylinder {
	<38.311638, 55.144356, 50.979740>,  <38.497829, 54.796921, 51.047710>, 0.100000
	pigment { color rgbt <1,0,0,0> }
	no_shadow
}

// particle -1
sphere {
	<38.311638, 55.144356, 50.979740> 0.100000
	pigment { color rgbt <1,0,0,0> }
	no_shadow
}
sphere {
	0, 1
	scale<0.080000,0.200000,0.300000>
	matrix <0.884522, 0.463227, -0.055158,
		0.030806, -0.175981, -0.983912,
		-0.465481, 0.868592, -0.169929,
		38.171993, 55.404934, 50.928761>
	pigment { color rgbt <0,1,1,0> }
	no_shadow
}
cylinder {
	<38.362724, 54.119938, 50.901760>,  <38.497829, 54.796921, 51.047710>, 0.130000
	pigment { color rgbt <1,0,0,0> }
	no_shadow
}

// nucleotide -1

// particle -1
sphere {
	<38.362724, 54.119938, 50.901760> 0.250000
	pigment { color rgbt <1,0,0,0> }
	no_shadow
}
cylinder {
	<38.081192, 54.390835, 50.816002>,  <37.912273, 54.553375, 50.764545>, 0.100000
	pigment { color rgbt <1,0,0,0> }
	no_shadow
}
cylinder {
	<38.081192, 54.390835, 50.816002>,  <38.362724, 54.119938, 50.901760>, 0.100000
	pigment { color rgbt <1,0,0,0> }
	no_shadow
}

// particle -1
sphere {
	<38.081192, 54.390835, 50.816002> 0.100000
	pigment { color rgbt <1,0,0,0> }
	no_shadow
}
sphere {
	0, 1
	scale<0.080000,0.200000,0.300000>
	matrix <-0.152199, -0.438567, -0.885717,
		-0.693875, -0.590761, 0.411751,
		-0.703827, 0.677244, -0.214397,
		37.870045, 54.594009, 50.751682>
	pigment { color rgbt <0,1,1,0> }
	no_shadow
}
cylinder {
	<39.152042, 53.990795, 50.955021>,  <38.362724, 54.119938, 50.901760>, 0.130000
	pigment { color rgbt <1,0,0,0> }
	no_shadow
}

// nucleotide -1

// particle -1
sphere {
	<39.152042, 53.990795, 50.955021> 0.250000
	pigment { color rgbt <1,0,0,0> }
	no_shadow
}
cylinder {
	<39.499195, 54.165676, 51.049377>,  <39.707485, 54.270603, 51.105991>, 0.100000
	pigment { color rgbt <1,0,0,0> }
	no_shadow
}
cylinder {
	<39.499195, 54.165676, 51.049377>,  <39.152042, 53.990795, 50.955021>, 0.100000
	pigment { color rgbt <1,0,0,0> }
	no_shadow
}

// particle -1
sphere {
	<39.499195, 54.165676, 51.049377> 0.100000
	pigment { color rgbt <1,0,0,0> }
	no_shadow
}
sphere {
	0, 1
	scale<0.080000,0.200000,0.300000>
	matrix <0.213781, -0.757317, 0.617065,
		0.448427, -0.485107, -0.750723,
		0.867877, 0.437198, 0.235895,
		39.759560, 54.296837, 51.120144>
	pigment { color rgbt <0,1,1,0> }
	no_shadow
}
cylinder {
	<39.759521, 53.510517, 50.878090>,  <39.152042, 53.990795, 50.955021>, 0.130000
	pigment { color rgbt <1,0,0,0> }
	no_shadow
}

// nucleotide -1

// particle -1
sphere {
	<39.759521, 53.510517, 50.878090> 0.250000
	pigment { color rgbt <1,0,0,0> }
	no_shadow
}
cylinder {
	<39.796448, 53.797939, 51.153816>,  <39.818604, 53.970390, 51.319252>, 0.100000
	pigment { color rgbt <1,0,0,0> }
	no_shadow
}
cylinder {
	<39.796448, 53.797939, 51.153816>,  <39.759521, 53.510517, 50.878090>, 0.100000
	pigment { color rgbt <1,0,0,0> }
	no_shadow
}

// particle -1
sphere {
	<39.796448, 53.797939, 51.153816> 0.100000
	pigment { color rgbt <1,0,0,0> }
	no_shadow
}
sphere {
	0, 1
	scale<0.080000,0.200000,0.300000>
	matrix <0.175328, -0.693189, 0.699106,
		0.980173, 0.056322, -0.189971,
		0.092311, 0.718552, 0.689320,
		39.824142, 54.013504, 51.360611>
	pigment { color rgbt <0,1,1,0> }
	no_shadow
}
cylinder {
	<40.393402, 53.407917, 51.146461>,  <39.759521, 53.510517, 50.878090>, 0.130000
	pigment { color rgbt <1,0,0,0> }
	no_shadow
}

// nucleotide -1

// particle -1
sphere {
	<40.393402, 53.407917, 51.146461> 0.250000
	pigment { color rgbt <1,0,0,0> }
	no_shadow
}
cylinder {
	<40.121624, 53.565483, 51.394066>,  <39.958557, 53.660023, 51.542629>, 0.100000
	pigment { color rgbt <1,0,0,0> }
	no_shadow
}
cylinder {
	<40.121624, 53.565483, 51.394066>,  <40.393402, 53.407917, 51.146461>, 0.100000
	pigment { color rgbt <1,0,0,0> }
	no_shadow
}

// particle -1
sphere {
	<40.121624, 53.565483, 51.394066> 0.100000
	pigment { color rgbt <1,0,0,0> }
	no_shadow
}
sphere {
	0, 1
	scale<0.080000,0.200000,0.300000>
	matrix <0.272291, -0.648043, 0.711265,
		0.681329, 0.651819, 0.333051,
		-0.679447, 0.393918, 0.619015,
		39.917789, 53.683659, 51.579769>
	pigment { color rgbt <0,1,1,0> }
	no_shadow
}
cylinder {
	<40.755619, 53.795574, 51.570717>,  <40.393402, 53.407917, 51.146461>, 0.130000
	pigment { color rgbt <1,0,0,0> }
	no_shadow
}

// nucleotide -1

// particle -1
sphere {
	<40.755619, 53.795574, 51.570717> 0.250000
	pigment { color rgbt <1,0,0,0> }
	no_shadow
}
cylinder {
	<40.472130, 53.528885, 51.662979>,  <40.302036, 53.368874, 51.718338>, 0.100000
	pigment { color rgbt <1,0,0,0> }
	no_shadow
}
cylinder {
	<40.472130, 53.528885, 51.662979>,  <40.755619, 53.795574, 51.570717>, 0.100000
	pigment { color rgbt <1,0,0,0> }
	no_shadow
}

// particle -1
sphere {
	<40.472130, 53.528885, 51.662979> 0.100000
	pigment { color rgbt <1,0,0,0> }
	no_shadow
}
sphere {
	0, 1
	scale<0.080000,0.200000,0.300000>
	matrix <0.662649, -0.516901, 0.541950,
		-0.242103, 0.536934, 0.808139,
		-0.708719, -0.666720, 0.230655,
		40.259514, 53.328869, 51.732174>
	pigment { color rgbt <0,1,1,0> }
	no_shadow
}
cylinder {
	<41.446125, 53.945580, 51.508770>,  <40.755619, 53.795574, 51.570717>, 0.130000
	pigment { color rgbt <1,0,0,0> }
	no_shadow
}

// nucleotide -1

// particle -1
sphere {
	<41.446125, 53.945580, 51.508770> 0.250000
	pigment { color rgbt <1,0,0,0> }
	no_shadow
}
cylinder {
	<41.661976, 53.824001, 51.822823>,  <41.791485, 53.751053, 52.011253>, 0.100000
	pigment { color rgbt <1,0,0,0> }
	no_shadow
}
cylinder {
	<41.661976, 53.824001, 51.822823>,  <41.446125, 53.945580, 51.508770>, 0.100000
	pigment { color rgbt <1,0,0,0> }
	no_shadow
}

// particle -1
sphere {
	<41.661976, 53.824001, 51.822823> 0.100000
	pigment { color rgbt <1,0,0,0> }
	no_shadow
}
sphere {
	0, 1
	scale<0.080000,0.200000,0.300000>
	matrix <0.648248, 0.745043, -0.157118,
		-0.537198, 0.593741, 0.599074,
		0.539623, -0.303945, 0.785127,
		41.823864, 53.732819, 52.058361>
	pigment { color rgbt <0,1,1,0> }
	no_shadow
}
cylinder {
	<41.568188, 54.519890, 51.911842>,  <41.446125, 53.945580, 51.508770>, 0.130000
	pigment { color rgbt <1,0,0,0> }
	no_shadow
}

// nucleotide -1

// particle -1
sphere {
	<41.568188, 54.519890, 51.911842> 0.250000
	pigment { color rgbt <1,0,0,0> }
	no_shadow
}
cylinder {
	<41.847198, 54.247402, 52.000736>,  <42.014606, 54.083908, 52.054073>, 0.100000
	pigment { color rgbt <1,0,0,0> }
	no_shadow
}
cylinder {
	<41.847198, 54.247402, 52.000736>,  <41.568188, 54.519890, 51.911842>, 0.100000
	pigment { color rgbt <1,0,0,0> }
	no_shadow
}

// particle -1
sphere {
	<41.847198, 54.247402, 52.000736> 0.100000
	pigment { color rgbt <1,0,0,0> }
	no_shadow
}
sphere {
	0, 1
	scale<0.080000,0.200000,0.300000>
	matrix <0.700199, 0.713886, -0.009418,
		-0.152237, 0.162181, 0.974947,
		0.697528, -0.681222, 0.222239,
		42.056458, 54.043034, 52.067410>
	pigment { color rgbt <0,1,1,0> }
	no_shadow
}
cylinder {
	<41.939827, 54.711250, 52.562862>,  <41.568188, 54.519890, 51.911842>, 0.130000
	pigment { color rgbt <1,0,0,0> }
	no_shadow
}

// nucleotide -1

// particle -1
sphere {
	<41.939827, 54.711250, 52.562862> 0.250000
	pigment { color rgbt <1,0,0,0> }
	no_shadow
}
cylinder {
	<42.137024, 54.515896, 52.274849>,  <42.255341, 54.398685, 52.102043>, 0.100000
	pigment { color rgbt <1,0,0,0> }
	no_shadow
}
cylinder {
	<42.137024, 54.515896, 52.274849>,  <41.939827, 54.711250, 52.562862>, 0.100000
	pigment { color rgbt <1,0,0,0> }
	no_shadow
}

// particle -1
sphere {
	<42.137024, 54.515896, 52.274849> 0.100000
	pigment { color rgbt <1,0,0,0> }
	no_shadow
}
sphere {
	0, 1
	scale<0.080000,0.200000,0.300000>
	matrix <0.563928, 0.809576, -0.163009,
		0.662530, -0.325684, 0.674525,
		0.492990, -0.488382, -0.720031,
		42.284920, 54.369381, 52.058838>
	pigment { color rgbt <0,1,1,0> }
	no_shadow
}
cylinder {
	<42.662769, 54.778072, 52.793465>,  <41.939827, 54.711250, 52.562862>, 0.130000
	pigment { color rgbt <1,0,0,0> }
	no_shadow
}

// nucleotide -1

// particle -1
sphere {
	<42.662769, 54.778072, 52.793465> 0.250000
	pigment { color rgbt <1,0,0,0> }
	no_shadow
}
cylinder {
	<42.647995, 54.712753, 52.399113>,  <42.639130, 54.673561, 52.162502>, 0.100000
	pigment { color rgbt <1,0,0,0> }
	no_shadow
}
cylinder {
	<42.647995, 54.712753, 52.399113>,  <42.662769, 54.778072, 52.793465>, 0.100000
	pigment { color rgbt <1,0,0,0> }
	no_shadow
}

// particle -1
sphere {
	<42.647995, 54.712753, 52.399113> 0.100000
	pigment { color rgbt <1,0,0,0> }
	no_shadow
}
sphere {
	0, 1
	scale<0.080000,0.200000,0.300000>
	matrix <0.750203, 0.647214, -0.135310,
		0.660175, -0.744612, 0.098605,
		-0.036935, -0.163302, -0.985884,
		42.636913, 54.663761, 52.103348>
	pigment { color rgbt <0,1,1,0> }
	no_shadow
}
cylinder {
	<43.309792, 54.690781, 52.688446>,  <42.662769, 54.778072, 52.793465>, 0.130000
	pigment { color rgbt <1,0,0,0> }
	no_shadow
}

// nucleotide -1

// particle -1
sphere {
	<43.309792, 54.690781, 52.688446> 0.250000
	pigment { color rgbt <1,0,0,0> }
	no_shadow
}
cylinder {
	<43.152637, 54.843082, 52.353622>,  <43.058346, 54.934464, 52.152729>, 0.100000
	pigment { color rgbt <1,0,0,0> }
	no_shadow
}
cylinder {
	<43.152637, 54.843082, 52.353622>,  <43.309792, 54.690781, 52.688446>, 0.100000
	pigment { color rgbt <1,0,0,0> }
	no_shadow
}

// particle -1
sphere {
	<43.152637, 54.843082, 52.353622> 0.100000
	pigment { color rgbt <1,0,0,0> }
	no_shadow
}
sphere {
	0, 1
	scale<0.080000,0.200000,0.300000>
	matrix <0.761817, 0.644588, -0.064357,
		0.515054, -0.662970, -0.543315,
		-0.392881, 0.380759, -0.837059,
		43.034775, 54.957310, 52.102505>
	pigment { color rgbt <0,1,1,0> }
	no_shadow
}
cylinder {
	<43.817451, 54.556435, 52.089371>,  <43.309792, 54.690781, 52.688446>, 0.130000
	pigment { color rgbt <1,0,0,0> }
	no_shadow
}

// nucleotide -1

// particle -1
sphere {
	<43.817451, 54.556435, 52.089371> 0.250000
	pigment { color rgbt <1,0,0,0> }
	no_shadow
}
cylinder {
	<43.622597, 54.905365, 52.106064>,  <43.505684, 55.114723, 52.116081>, 0.100000
	pigment { color rgbt <1,0,0,0> }
	no_shadow
}
cylinder {
	<43.622597, 54.905365, 52.106064>,  <43.817451, 54.556435, 52.089371>, 0.100000
	pigment { color rgbt <1,0,0,0> }
	no_shadow
}

// particle -1
sphere {
	<43.622597, 54.905365, 52.106064> 0.100000
	pigment { color rgbt <1,0,0,0> }
	no_shadow
}
sphere {
	0, 1
	scale<0.080000,0.200000,0.300000>
	matrix <0.868733, 0.488914, -0.079160,
		-0.089458, -0.002305, -0.995988,
		-0.487135, 0.872329, 0.041735,
		43.476456, 55.167065, 52.118584>
	pigment { color rgbt <0,1,1,0> }
	no_shadow
}
cylinder {
	<43.959251, 55.089169, 51.488403>,  <43.817451, 54.556435, 52.089371>, 0.130000
	pigment { color rgbt <1,0,0,0> }
	no_shadow
}

// nucleotide -1

// particle -1
sphere {
	<43.959251, 55.089169, 51.488403> 0.250000
	pigment { color rgbt <1,0,0,0> }
	no_shadow
}
cylinder {
	<43.838341, 55.293678, 51.810204>,  <43.765793, 55.416386, 52.003284>, 0.100000
	pigment { color rgbt <1,0,0,0> }
	no_shadow
}
cylinder {
	<43.838341, 55.293678, 51.810204>,  <43.959251, 55.089169, 51.488403>, 0.100000
	pigment { color rgbt <1,0,0,0> }
	no_shadow
}

// particle -1
sphere {
	<43.838341, 55.293678, 51.810204> 0.100000
	pigment { color rgbt <1,0,0,0> }
	no_shadow
}
sphere {
	0, 1
	scale<0.080000,0.200000,0.300000>
	matrix <0.839138, 0.543099, -0.029855,
		-0.452189, 0.666066, -0.593196,
		-0.302279, 0.511273, 0.804504,
		43.747658, 55.447060, 52.051556>
	pigment { color rgbt <0,1,1,0> }
	no_shadow
}
cylinder {
	<44.508293, 54.726341, 51.151794>,  <43.959251, 55.089169, 51.488403>, 0.130000
	pigment { color rgbt <1,0,0,0> }
	no_shadow
}

// nucleotide -1

// particle -1
sphere {
	<44.508293, 54.726341, 51.151794> 0.250000
	pigment { color rgbt <1,0,0,0> }
	no_shadow
}
cylinder {
	<44.802292, 54.574066, 50.927345>,  <44.978691, 54.482700, 50.792675>, 0.100000
	pigment { color rgbt <1,0,0,0> }
	no_shadow
}
cylinder {
	<44.802292, 54.574066, 50.927345>,  <44.508293, 54.726341, 51.151794>, 0.100000
	pigment { color rgbt <1,0,0,0> }
	no_shadow
}

// particle -1
sphere {
	<44.802292, 54.574066, 50.927345> 0.100000
	pigment { color rgbt <1,0,0,0> }
	no_shadow
}
sphere {
	0, 1
	scale<0.080000,0.200000,0.300000>
	matrix <0.469065, -0.312127, 0.826169,
		-0.489653, -0.870433, -0.050845,
		0.734995, -0.380687, -0.561123,
		45.022789, 54.459862, 50.759007>
	pigment { color rgbt <0,1,1,0> }
	no_shadow
}
cylinder {
	<44.792511, 54.143353, 51.491417>,  <44.508293, 54.726341, 51.151794>, 0.130000
	pigment { color rgbt <1,0,0,0> }
	no_shadow
}

// nucleotide -1

// particle -1
sphere {
	<44.792511, 54.143353, 51.491417> 0.250000
	pigment { color rgbt <1,0,0,0> }
	no_shadow
}
cylinder {
	<45.070293, 54.293056, 51.245598>,  <45.236961, 54.382881, 51.098106>, 0.100000
	pigment { color rgbt <1,0,0,0> }
	no_shadow
}
cylinder {
	<45.070293, 54.293056, 51.245598>,  <44.792511, 54.143353, 51.491417>, 0.100000
	pigment { color rgbt <1,0,0,0> }
	no_shadow
}

// particle -1
sphere {
	<45.070293, 54.293056, 51.245598> 0.100000
	pigment { color rgbt <1,0,0,0> }
	no_shadow
}
sphere {
	0, 1
	scale<0.080000,0.200000,0.300000>
	matrix <0.696631, -0.135917, 0.704438,
		0.180119, -0.917307, -0.355112,
		0.694451, 0.374265, -0.614543,
		45.278629, 54.405334, 51.061234>
	pigment { color rgbt <0,1,1,0> }
	no_shadow
}
cylinder {
	<45.354893, 53.706448, 51.659016>,  <44.792511, 54.143353, 51.491417>, 0.130000
	pigment { color rgbt <1,0,0,0> }
	no_shadow
}

// nucleotide -1

// particle -1
sphere {
	<45.354893, 53.706448, 51.659016> 0.250000
	pigment { color rgbt <1,0,0,0> }
	no_shadow
}
cylinder {
	<45.488338, 54.051189, 51.506226>,  <45.568405, 54.258034, 51.414551>, 0.100000
	pigment { color rgbt <1,0,0,0> }
	no_shadow
}
cylinder {
	<45.488338, 54.051189, 51.506226>,  <45.354893, 53.706448, 51.659016>, 0.100000
	pigment { color rgbt <1,0,0,0> }
	no_shadow
}

// particle -1
sphere {
	<45.488338, 54.051189, 51.506226> 0.100000
	pigment { color rgbt <1,0,0,0> }
	no_shadow
}
sphere {
	0, 1
	scale<0.080000,0.200000,0.300000>
	matrix <0.709683, 0.037094, 0.703544,
		0.620523, -0.505793, -0.599270,
		0.333618, 0.861857, -0.381971,
		45.588425, 54.309746, 51.391636>
	pigment { color rgbt <0,1,1,0> }
	no_shadow
}
cylinder {
	<45.979092, 53.519836, 51.606270>,  <45.354893, 53.706448, 51.659016>, 0.130000
	pigment { color rgbt <1,0,0,0> }
	no_shadow
}

// nucleotide -1

// particle -1
sphere {
	<45.979092, 53.519836, 51.606270> 0.250000
	pigment { color rgbt <1,0,0,0> }
	no_shadow
}
cylinder {
	<45.942486, 53.913219, 51.668797>,  <45.920525, 54.149250, 51.706314>, 0.100000
	pigment { color rgbt <1,0,0,0> }
	no_shadow
}
cylinder {
	<45.942486, 53.913219, 51.668797>,  <45.979092, 53.519836, 51.606270>, 0.100000
	pigment { color rgbt <1,0,0,0> }
	no_shadow
}

// particle -1
sphere {
	<45.942486, 53.913219, 51.668797> 0.100000
	pigment { color rgbt <1,0,0,0> }
	no_shadow
}
sphere {
	0, 1
	scale<0.080000,0.200000,0.300000>
	matrix <0.713942, -0.044636, 0.698781,
		0.694199, 0.175546, -0.698048,
		-0.091510, 0.983459, 0.156316,
		45.915031, 54.208256, 51.715691>
	pigment { color rgbt <0,1,1,0> }
	no_shadow
}
cylinder {
	<46.631702, 53.896778, 51.338795>,  <45.979092, 53.519836, 51.606270>, 0.130000
	pigment { color rgbt <1,0,0,0> }
	no_shadow
}

// nucleotide -1

// particle -1
sphere {
	<46.631702, 53.896778, 51.338795> 0.250000
	pigment { color rgbt <1,0,0,0> }
	no_shadow
}
cylinder {
	<46.411659, 54.016071, 51.650803>,  <46.279633, 54.087646, 51.838009>, 0.100000
	pigment { color rgbt <1,0,0,0> }
	no_shadow
}
cylinder {
	<46.411659, 54.016071, 51.650803>,  <46.631702, 53.896778, 51.338795>, 0.100000
	pigment { color rgbt <1,0,0,0> }
	no_shadow
}

// particle -1
sphere {
	<46.411659, 54.016071, 51.650803> 0.100000
	pigment { color rgbt <1,0,0,0> }
	no_shadow
}
sphere {
	0, 1
	scale<0.080000,0.200000,0.300000>
	matrix <0.782466, -0.142262, 0.606224,
		0.291765, 0.943831, -0.155099,
		-0.550109, 0.298235, 0.780023,
		46.246628, 54.105541, 51.884811>
	pigment { color rgbt <0,1,1,0> }
	no_shadow
}
cylinder {
	<47.068256, 54.351254, 51.696915>,  <46.631702, 53.896778, 51.338795>, 0.130000
	pigment { color rgbt <1,0,0,0> }
	no_shadow
}

// nucleotide -1

// particle -1
sphere {
	<47.068256, 54.351254, 51.696915> 0.250000
	pigment { color rgbt <1,0,0,0> }
	no_shadow
}
cylinder {
	<46.818062, 54.146149, 51.932148>,  <46.667946, 54.023087, 52.073288>, 0.100000
	pigment { color rgbt <1,0,0,0> }
	no_shadow
}
cylinder {
	<46.818062, 54.146149, 51.932148>,  <47.068256, 54.351254, 51.696915>, 0.100000
	pigment { color rgbt <1,0,0,0> }
	no_shadow
}

// particle -1
sphere {
	<46.818062, 54.146149, 51.932148> 0.100000
	pigment { color rgbt <1,0,0,0> }
	no_shadow
}
sphere {
	0, 1
	scale<0.080000,0.200000,0.300000>
	matrix <0.730102, -0.118837, 0.672926,
		-0.275167, 0.850265, 0.448702,
		-0.625487, -0.512765, 0.588080,
		46.630417, 53.992321, 52.108570>
	pigment { color rgbt <0,1,1,0> }
	no_shadow
}
cylinder {
	<46.887383, 54.516685, 52.459980>,  <47.068256, 54.351254, 51.696915>, 0.130000
	pigment { color rgbt <1,0,0,0> }
	no_shadow
}

// nucleotide -1

// particle -1
sphere {
	<46.887383, 54.516685, 52.459980> 0.250000
	pigment { color rgbt <1,0,0,0> }
	no_shadow
}
cylinder {
	<46.926510, 54.127193, 52.377731>,  <46.949986, 53.893497, 52.328384>, 0.100000
	pigment { color rgbt <1,0,0,0> }
	no_shadow
}
cylinder {
	<46.926510, 54.127193, 52.377731>,  <46.887383, 54.516685, 52.459980>, 0.100000
	pigment { color rgbt <1,0,0,0> }
	no_shadow
}

// particle -1
sphere {
	<46.926510, 54.127193, 52.377731> 0.100000
	pigment { color rgbt <1,0,0,0> }
	no_shadow
}
sphere {
	0, 1
	scale<0.080000,0.200000,0.300000>
	matrix <0.738233, -0.067564, 0.671153,
		-0.667415, -0.217445, 0.712232,
		0.097818, -0.973731, -0.205618,
		46.955856, 53.835075, 52.316048>
	pigment { color rgbt <0,1,1,0> }
	no_shadow
}
cylinder {
	<46.914021, 53.936077, 53.064438>,  <46.887383, 54.516685, 52.459980>, 0.130000
	pigment { color rgbt <1,0,0,0> }
	no_shadow
}

// nucleotide -1

// particle -1
sphere {
	<46.914021, 53.936077, 53.064438> 0.250000
	pigment { color rgbt <1,0,0,0> }
	no_shadow
}
cylinder {
	<47.136269, 53.864487, 52.739662>,  <47.269619, 53.821533, 52.544796>, 0.100000
	pigment { color rgbt <1,0,0,0> }
	no_shadow
}
cylinder {
	<47.136269, 53.864487, 52.739662>,  <46.914021, 53.936077, 53.064438>, 0.100000
	pigment { color rgbt <1,0,0,0> }
	no_shadow
}

// particle -1
sphere {
	<47.136269, 53.864487, 52.739662> 0.100000
	pigment { color rgbt <1,0,0,0> }
	no_shadow
}
sphere {
	0, 1
	scale<0.080000,0.200000,0.300000>
	matrix <0.778561, -0.230695, 0.583629,
		-0.291766, -0.956425, 0.011164,
		0.555622, -0.178975, -0.811944,
		47.302956, 53.810795, 52.496078>
	pigment { color rgbt <0,1,1,0> }
	no_shadow
}
cylinder {
	<47.273129, 53.325771, 53.077133>,  <46.914021, 53.936077, 53.064438>, 0.130000
	pigment { color rgbt <1,0,0,0> }
	no_shadow
}

// nucleotide -1

// particle -1
sphere {
	<47.273129, 53.325771, 53.077133> 0.250000
	pigment { color rgbt <1,0,0,0> }
	no_shadow
}
cylinder {
	<47.488274, 53.565899, 52.840378>,  <47.617359, 53.709976, 52.698326>, 0.100000
	pigment { color rgbt <1,0,0,0> }
	no_shadow
}
cylinder {
	<47.488274, 53.565899, 52.840378>,  <47.273129, 53.325771, 53.077133>, 0.100000
	pigment { color rgbt <1,0,0,0> }
	no_shadow
}

// particle -1
sphere {
	<47.488274, 53.565899, 52.840378> 0.100000
	pigment { color rgbt <1,0,0,0> }
	no_shadow
}
sphere {
	0, 1
	scale<0.080000,0.200000,0.300000>
	matrix <0.839801, -0.320100, 0.438486,
		0.073768, -0.732908, -0.676316,
		0.537859, 0.600318, -0.591884,
		47.649632, 53.745995, 52.662811>
	pigment { color rgbt <0,1,1,0> }
	no_shadow
}
cylinder {
	<47.853424, 52.922184, 52.869045>,  <47.273129, 53.325771, 53.077133>, 0.130000
	pigment { color rgbt <1,0,0,0> }
	no_shadow
}

// nucleotide -1

// particle -1
sphere {
	<47.853424, 52.922184, 52.869045> 0.250000
	pigment { color rgbt <1,0,0,0> }
	no_shadow
}
cylinder {
	<47.939453, 53.312515, 52.853485>,  <47.991070, 53.546715, 52.844151>, 0.100000
	pigment { color rgbt <1,0,0,0> }
	no_shadow
}
cylinder {
	<47.939453, 53.312515, 52.853485>,  <47.853424, 52.922184, 52.869045>, 0.100000
	pigment { color rgbt <1,0,0,0> }
	no_shadow
}

// particle -1
sphere {
	<47.939453, 53.312515, 52.853485> 0.100000
	pigment { color rgbt <1,0,0,0> }
	no_shadow
}
sphere {
	0, 1
	scale<0.080000,0.200000,0.300000>
	matrix <0.801371, -0.153575, 0.578117,
		0.558166, -0.155508, -0.815026,
		0.215069, 0.975824, -0.038900,
		48.003975, 53.605263, 52.841816>
	pigment { color rgbt <0,1,1,0> }
	no_shadow
}
cylinder {
	<48.456402, 53.005852, 52.625652>,  <47.853424, 52.922184, 52.869045>, 0.130000
	pigment { color rgbt <1,0,0,0> }
	no_shadow
}

// nucleotide -1

// particle -1
sphere {
	<48.456402, 53.005852, 52.625652> 0.250000
	pigment { color rgbt <1,0,0,0> }
	no_shadow
}
cylinder {
	<48.412003, 53.351929, 52.821251>,  <48.385365, 53.559574, 52.938610>, 0.100000
	pigment { color rgbt <1,0,0,0> }
	no_shadow
}
cylinder {
	<48.412003, 53.351929, 52.821251>,  <48.456402, 53.005852, 52.625652>, 0.100000
	pigment { color rgbt <1,0,0,0> }
	no_shadow
}

// particle -1
sphere {
	<48.412003, 53.351929, 52.821251> 0.100000
	pigment { color rgbt <1,0,0,0> }
	no_shadow
}
sphere {
	0, 1
	scale<0.080000,0.200000,0.300000>
	matrix <0.838117, -0.182929, 0.513903,
		0.534078, 0.466880, -0.704829,
		-0.110997, 0.865194, 0.488999,
		48.378704, 53.611488, 52.967949>
	pigment { color rgbt <0,1,1,0> }
	no_shadow
}
cylinder {
	<49.041889, 53.564362, 52.537903>,  <48.456402, 53.005852, 52.625652>, 0.130000
	pigment { color rgbt <1,0,0,0> }
	no_shadow
}

// nucleotide -1

// particle -1
sphere {
	<49.041889, 53.564362, 52.537903> 0.250000
	pigment { color rgbt <1,0,0,0> }
	no_shadow
}
cylinder {
	<48.856453, 53.609455, 52.889442>,  <48.745190, 53.636513, 53.100365>, 0.100000
	pigment { color rgbt <1,0,0,0> }
	no_shadow
}
cylinder {
	<48.856453, 53.609455, 52.889442>,  <49.041889, 53.564362, 52.537903>, 0.100000
	pigment { color rgbt <1,0,0,0> }
	no_shadow
}

// particle -1
sphere {
	<48.856453, 53.609455, 52.889442> 0.100000
	pigment { color rgbt <1,0,0,0> }
	no_shadow
}
sphere {
	0, 1
	scale<0.080000,0.200000,0.300000>
	matrix <0.857728, -0.191676, 0.477036,
		0.222233, 0.974962, -0.007837,
		-0.463590, 0.112735, 0.878849,
		48.717377, 53.643276, 53.153095>
	pigment { color rgbt <0,1,1,0> }
	no_shadow
}
cylinder {
	<49.293209, 54.173191, 52.845551>,  <49.041889, 53.564362, 52.537903>, 0.130000
	pigment { color rgbt <1,0,0,0> }
	no_shadow
}

// nucleotide -1

// particle -1
sphere {
	<49.293209, 54.173191, 52.845551> 0.250000
	pigment { color rgbt <1,0,0,0> }
	no_shadow
}
cylinder {
	<49.169830, 53.852566, 53.050430>,  <49.095802, 53.660191, 53.173359>, 0.100000
	pigment { color rgbt <1,0,0,0> }
	no_shadow
}
cylinder {
	<49.169830, 53.852566, 53.050430>,  <49.293209, 54.173191, 52.845551>, 0.100000
	pigment { color rgbt <1,0,0,0> }
	no_shadow
}

// particle -1
sphere {
	<49.169830, 53.852566, 53.050430> 0.100000
	pigment { color rgbt <1,0,0,0> }
	no_shadow
}
sphere {
	0, 1
	scale<0.080000,0.200000,0.300000>
	matrix <0.917840, -0.109358, 0.381589,
		-0.249855, 0.587819, 0.769442,
		-0.308450, -0.801567, 0.512200,
		49.077293, 53.612095, 53.204090>
	pigment { color rgbt <0,1,1,0> }
	no_shadow
}
cylinder {
	<49.425087, 54.233440, 53.649765>,  <49.293209, 54.173191, 52.845551>, 0.130000
	pigment { color rgbt <1,0,0,0> }
	no_shadow
}

// nucleotide -1

// particle -1
sphere {
	<49.425087, 54.233440, 53.649765> 0.250000
	pigment { color rgbt <1,0,0,0> }
	no_shadow
}
cylinder {
	<49.434479, 53.872356, 53.477921>,  <49.440113, 53.655708, 53.374813>, 0.100000
	pigment { color rgbt <1,0,0,0> }
	no_shadow
}
cylinder {
	<49.434479, 53.872356, 53.477921>,  <49.425087, 54.233440, 53.649765>, 0.100000
	pigment { color rgbt <1,0,0,0> }
	no_shadow
}

// particle -1
sphere {
	<49.434479, 53.872356, 53.477921> 0.100000
	pigment { color rgbt <1,0,0,0> }
	no_shadow
}
sphere {
	0, 1
	scale<0.080000,0.200000,0.300000>
	matrix <0.917084, -0.151635, 0.368733,
		-0.398002, -0.402649, 0.824299,
		0.023478, -0.902708, -0.429614,
		49.441521, 53.601543, 53.349037>
	pigment { color rgbt <0,1,1,0> }
	no_shadow
}
cylinder {
	<49.736122, 53.800945, 54.122585>,  <49.425087, 54.233440, 53.649765>, 0.130000
	pigment { color rgbt <1,0,0,0> }
	no_shadow
}

// nucleotide -1

// particle -1
sphere {
	<49.736122, 53.800945, 54.122585> 0.250000
	pigment { color rgbt <1,0,0,0> }
	no_shadow
}
cylinder {
	<49.770699, 53.614651, 53.770309>,  <49.791447, 53.502876, 53.558945>, 0.100000
	pigment { color rgbt <1,0,0,0> }
	no_shadow
}
cylinder {
	<49.770699, 53.614651, 53.770309>,  <49.736122, 53.800945, 54.122585>, 0.100000
	pigment { color rgbt <1,0,0,0> }
	no_shadow
}

// particle -1
sphere {
	<49.770699, 53.614651, 53.770309> 0.100000
	pigment { color rgbt <1,0,0,0> }
	no_shadow
}
sphere {
	0, 1
	scale<0.080000,0.200000,0.300000>
	matrix <0.832397, -0.451952, 0.320708,
		-0.547396, -0.760810, 0.348607,
		0.086444, -0.465734, -0.880692,
		49.796631, 53.474930, 53.506104>
	pigment { color rgbt <0,1,1,0> }
	no_shadow
}
cylinder {
	<49.896847, 53.010303, 54.168301>,  <49.736122, 53.800945, 54.122585>, 0.130000
	pigment { color rgbt <1,0,0,0> }
	no_shadow
}

// nucleotide -1

// particle -1
sphere {
	<49.896847, 53.010303, 54.168301> 0.250000
	pigment { color rgbt <1,0,0,0> }
	no_shadow
}
cylinder {
	<50.050323, 53.194481, 53.848106>,  <50.142410, 53.304985, 53.655991>, 0.100000
	pigment { color rgbt <1,0,0,0> }
	no_shadow
}
cylinder {
	<50.050323, 53.194481, 53.848106>,  <49.896847, 53.010303, 54.168301>, 0.100000
	pigment { color rgbt <1,0,0,0> }
	no_shadow
}

// particle -1
sphere {
	<50.050323, 53.194481, 53.848106> 0.100000
	pigment { color rgbt <1,0,0,0> }
	no_shadow
}
sphere {
	0, 1
	scale<0.080000,0.200000,0.300000>
	matrix <0.904531, -0.362008, 0.225332,
		-0.186029, -0.810521, -0.555383,
		0.383689, 0.460442, -0.800485,
		50.165432, 53.332615, 53.607960>
	pigment { color rgbt <0,1,1,0> }
	no_shadow
}
cylinder {
	<50.480377, 52.608994, 53.971191>,  <49.896847, 53.010303, 54.168301>, 0.130000
	pigment { color rgbt <1,0,0,0> }
	no_shadow
}

// nucleotide -1

// particle -1
sphere {
	<50.480377, 52.608994, 53.971191> 0.250000
	pigment { color rgbt <1,0,0,0> }
	no_shadow
}
cylinder {
	<50.518738, 52.968765, 53.800629>,  <50.541756, 53.184628, 53.698292>, 0.100000
	pigment { color rgbt <1,0,0,0> }
	no_shadow
}
cylinder {
	<50.518738, 52.968765, 53.800629>,  <50.480377, 52.608994, 53.971191>, 0.100000
	pigment { color rgbt <1,0,0,0> }
	no_shadow
}

// particle -1
sphere {
	<50.518738, 52.968765, 53.800629> 0.100000
	pigment { color rgbt <1,0,0,0> }
	no_shadow
}
sphere {
	0, 1
	scale<0.080000,0.200000,0.300000>
	matrix <0.987683, -0.032782, 0.152998,
		0.123633, -0.435829, -0.891497,
		0.095906, 0.899432, -0.426408,
		50.547508, 53.238594, 53.672707>
	pigment { color rgbt <0,1,1,0> }
	no_shadow
}
cylinder {
	<50.934280, 52.498650, 53.410828>,  <50.480377, 52.608994, 53.971191>, 0.130000
	pigment { color rgbt <1,0,0,0> }
	no_shadow
}

// nucleotide -1

// particle -1
sphere {
	<50.934280, 52.498650, 53.410828> 0.250000
	pigment { color rgbt <1,0,0,0> }
	no_shadow
}
cylinder {
	<50.953304, 52.882252, 53.522575>,  <50.964718, 53.112411, 53.589626>, 0.100000
	pigment { color rgbt <1,0,0,0> }
	no_shadow
}
cylinder {
	<50.953304, 52.882252, 53.522575>,  <50.934280, 52.498650, 53.410828>, 0.100000
	pigment { color rgbt <1,0,0,0> }
	no_shadow
}

// particle -1
sphere {
	<50.953304, 52.882252, 53.522575> 0.100000
	pigment { color rgbt <1,0,0,0> }
	no_shadow
}
sphere {
	0, 1
	scale<0.080000,0.200000,0.300000>
	matrix <0.959418, -0.121689, 0.254382,
		0.277950, 0.255937, -0.925873,
		0.047563, 0.959004, 0.279374,
		50.967571, 53.169952, 53.606388>
	pigment { color rgbt <0,1,1,0> }
	no_shadow
}
cylinder {
	<51.613857, 52.712723, 52.980278>,  <50.934280, 52.498650, 53.410828>, 0.130000
	pigment { color rgbt <1,0,0,0> }
	no_shadow
}

// nucleotide -1

// particle -1
sphere {
	<51.613857, 52.712723, 52.980278> 0.250000
	pigment { color rgbt <1,0,0,0> }
	no_shadow
}
cylinder {
	<51.515507, 52.912659, 53.312473>,  <51.456497, 53.032619, 53.511791>, 0.100000
	pigment { color rgbt <1,0,0,0> }
	no_shadow
}
cylinder {
	<51.515507, 52.912659, 53.312473>,  <51.613857, 52.712723, 52.980278>, 0.100000
	pigment { color rgbt <1,0,0,0> }
	no_shadow
}

// particle -1
sphere {
	<51.515507, 52.912659, 53.312473> 0.100000
	pigment { color rgbt <1,0,0,0> }
	no_shadow
}
sphere {
	0, 1
	scale<0.080000,0.200000,0.300000>
	matrix <0.886197, -0.231184, 0.401508,
		0.392685, 0.834694, -0.386114,
		-0.245873, 0.499839, 0.830486,
		51.441746, 53.062611, 53.561619>
	pigment { color rgbt <0,1,1,0> }
	no_shadow
}
cylinder {
	<52.047874, 53.341862, 53.225815>,  <51.613857, 52.712723, 52.980278>, 0.130000
	pigment { color rgbt <1,0,0,0> }
	no_shadow
}

// nucleotide -1

// particle -1
sphere {
	<52.047874, 53.341862, 53.225815> 0.250000
	pigment { color rgbt <1,0,0,0> }
	no_shadow
}
cylinder {
	<51.892990, 53.116051, 53.517395>,  <51.800060, 52.980564, 53.692345>, 0.100000
	pigment { color rgbt <1,0,0,0> }
	no_shadow
}
cylinder {
	<51.892990, 53.116051, 53.517395>,  <52.047874, 53.341862, 53.225815>, 0.100000
	pigment { color rgbt <1,0,0,0> }
	no_shadow
}

// particle -1
sphere {
	<51.892990, 53.116051, 53.517395> 0.100000
	pigment { color rgbt <1,0,0,0> }
	no_shadow
}
sphere {
	0, 1
	scale<0.080000,0.200000,0.300000>
	matrix <0.920579, -0.193011, 0.339529,
		-0.050977, 0.802531, 0.594429,
		-0.387214, -0.564527, 0.728954,
		51.776825, 52.946693, 53.736080>
	pigment { color rgbt <0,1,1,0> }
	no_shadow
}
cylinder {
	<52.273750, 53.480812, 53.968033>,  <52.047874, 53.341862, 53.225815>, 0.130000
	pigment { color rgbt <1,0,0,0> }
	no_shadow
}

// nucleotide -1

// particle -1
sphere {
	<52.273750, 53.480812, 53.968033> 0.250000
	pigment { color rgbt <1,0,0,0> }
	no_shadow
}
cylinder {
	<52.196404, 53.091713, 53.916859>,  <52.149998, 52.858253, 53.886154>, 0.100000
	pigment { color rgbt <1,0,0,0> }
	no_shadow
}
cylinder {
	<52.196404, 53.091713, 53.916859>,  <52.273750, 53.480812, 53.968033>, 0.100000
	pigment { color rgbt <1,0,0,0> }
	no_shadow
}

// particle -1
sphere {
	<52.196404, 53.091713, 53.916859> 0.100000
	pigment { color rgbt <1,0,0,0> }
	no_shadow
}
sphere {
	0, 1
	scale<0.080000,0.200000,0.300000>
	matrix <0.945526, -0.219564, 0.240358,
		-0.261898, -0.074487, 0.962217,
