// switches for output
#declare DRAW_BASES = 1; // possible values are 0, 1; only relevant for DNA ribbons
#declare DRAW_BASES_TYPE = 3; // possible values are 1, 2, 3; only relevant for DNA ribbons
#declare DRAW_FOG = 0; // set to 1 to enable fog

#include "colors.inc"

#include "transforms.inc"
background { rgb <1, 1, 1>}

#default {
   normal{
       ripples 0.25
       frequency 0.20
       turbulence 0.2
       lambda 5
   }
	finish {
		phong 0.1
		phong_size 40.
	}
}

// original window dimensions: 1024x640


// camera settings

camera {
	sky <-0, 1, 0>
	up <-0, 1, 0>
	right 1.6 * <0.99995, 0, 0.00999983>
	location <54.4867, 55, 106.329>
	look_at <55, 55, 55.0001>
	direction <0.513302, 0, -51.3289>
	angle 67.0682
}


# declare cpy_camera_pos = <54.4867, 55, 106.329>;
# if (DRAW_FOG = 1)
fog {
	fog_type 2
	up vnormalize(cpy_camera_pos)
	color rgbt<1,1,1,0.3>
	distance 1e-5
	fog_alt 3e-3
	fog_offset 88
}
# end


// LIGHTS

# declare lum = 6;
global_settings {
	ambient_light rgb lum * <0.05, 0.05, 0.05>
	max_trace_level 15
}# declare cpy_direct_light_amount = 0.25;
light_source
{	1000 * <-0.98995, -1, 1.00995>,
	rgb lum * cpy_direct_light_amount
	parallel
}

light_source
{	1000 * <0.98995, 1, -1.00995>,
	rgb lum * cpy_direct_light_amount
	parallel
}

// strand 0

// nucleotide -1

// particle -1
sphere {
	<36.095146, 53.010521, 49.721134> 0.250000
	pigment { color rgbt <1,0,0,0> }
	no_shadow
}
cylinder {
	<36.399780, 53.268608, 49.696903>,  <36.582561, 53.423462, 49.682365>, 0.100000
	pigment { color rgbt <1,0,0,0> }
	no_shadow
}
cylinder {
	<36.399780, 53.268608, 49.696903>,  <36.095146, 53.010521, 49.721134>, 0.100000
	pigment { color rgbt <1,0,0,0> }
	no_shadow
}

// particle -1
sphere {
	<36.399780, 53.268608, 49.696903> 0.100000
	pigment { color rgbt <1,0,0,0> }
	no_shadow
}
sphere {
	0, 1
	scale<0.080000,0.200000,0.300000>
	matrix <0.243041, -0.197717, 0.949652,
		0.600759, -0.737968, -0.307394,
		0.761590, 0.645222, -0.060576,
		36.628258, 53.462173, 49.678730>
	pigment { color rgbt <0,1,1,0> }
	no_shadow
}
cylinder {
	<36.635445, 52.861832, 50.198326>,  <36.095146, 53.010521, 49.721134>, 0.130000
	pigment { color rgbt <1,0,0,0> }
	no_shadow
}

// nucleotide -1

// particle -1
sphere {
	<36.635445, 52.861832, 50.198326> 0.250000
	pigment { color rgbt <1,0,0,0> }
	no_shadow
}
cylinder {
	<36.733105, 53.232414, 50.083740>,  <36.791702, 53.454765, 50.014988>, 0.100000
	pigment { color rgbt <1,0,0,0> }
	no_shadow
}
cylinder {
	<36.733105, 53.232414, 50.083740>,  <36.635445, 52.861832, 50.198326>, 0.100000
	pigment { color rgbt <1,0,0,0> }
	no_shadow
}

// particle -1
sphere {
	<36.733105, 53.232414, 50.083740> 0.100000
	pigment { color rgbt <1,0,0,0> }
	no_shadow
}
sphere {
	0, 1
	scale<0.080000,0.200000,0.300000>
	matrix <0.438705, 0.157921, 0.884646,
		0.864828, -0.341661, -0.367886,
		0.244152, 0.926460, -0.286463,
		36.806351, 53.510353, 49.997803>
	pigment { color rgbt <0,1,1,0> }
	no_shadow
}
cylinder {
	<37.390133, 53.053810, 50.382736>,  <36.635445, 52.861832, 50.198326>, 0.130000
	pigment { color rgbt <1,0,0,0> }
	no_shadow
}

// nucleotide -1

// particle -1
sphere {
	<37.390133, 53.053810, 50.382736> 0.250000
	pigment { color rgbt <1,0,0,0> }
	no_shadow
}
cylinder {
	<37.136848, 53.363365, 50.387642>,  <36.984879, 53.549099, 50.390587>, 0.100000
	pigment { color rgbt <1,0,0,0> }
	no_shadow
}
cylinder {
	<37.136848, 53.363365, 50.387642>,  <37.390133, 53.053810, 50.382736>, 0.100000
	pigment { color rgbt <1,0,0,0> }
	no_shadow
}

// particle -1
sphere {
	<37.136848, 53.363365, 50.387642> 0.100000
	pigment { color rgbt <1,0,0,0> }
	no_shadow
}
sphere {
	0, 1
	scale<0.080000,0.200000,0.300000>
	matrix <0.444182, 0.350369, 0.824587,
		0.633837, 0.527585, -0.565602,
		-0.633209, 0.773884, 0.012267,
		36.946884, 53.595531, 50.391323>
	pigment { color rgbt <0,1,1,0> }
	no_shadow
}
cylinder {
	<37.862694, 53.696892, 50.347931>,  <37.390133, 53.053810, 50.382736>, 0.130000
	pigment { color rgbt <1,0,0,0> }
	no_shadow
}

// nucleotide -1

// particle -1
sphere {
	<37.862694, 53.696892, 50.347931> 0.250000
	pigment { color rgbt <1,0,0,0> }
	no_shadow
}
cylinder {
	<37.543041, 53.763569, 50.578964>,  <37.351250, 53.803574, 50.717587>, 0.100000
	pigment { color rgbt <1,0,0,0> }
	no_shadow
}
cylinder {
	<37.543041, 53.763569, 50.578964>,  <37.862694, 53.696892, 50.347931>, 0.100000
	pigment { color rgbt <1,0,0,0> }
	no_shadow
}

// particle -1
sphere {
	<37.543041, 53.763569, 50.578964> 0.100000
	pigment { color rgbt <1,0,0,0> }
	no_shadow
}
sphere {
	0, 1
	scale<0.080000,0.200000,0.300000>
	matrix <0.601158, 0.223945, 0.767110,
		-0.001477, 0.960241, -0.279169,
		-0.799129, 0.166692, 0.577587,
		37.303303, 53.813576, 50.752239>
	pigment { color rgbt <0,1,1,0> }
	no_shadow
}
cylinder {
	<37.992950, 54.487286, 50.563900>,  <37.862694, 53.696892, 50.347931>, 0.130000
	pigment { color rgbt <1,0,0,0> }
	no_shadow
}

// nucleotide -1

// particle -1
sphere {
	<37.992950, 54.487286, 50.563900> 0.250000
	pigment { color rgbt <1,0,0,0> }
	no_shadow
}
cylinder {
	<37.774734, 54.259964, 50.810287>,  <37.643806, 54.123569, 50.958118>, 0.100000
	pigment { color rgbt <1,0,0,0> }
	no_shadow
}
cylinder {
	<37.774734, 54.259964, 50.810287>,  <37.992950, 54.487286, 50.563900>, 0.100000
	pigment { color rgbt <1,0,0,0> }
	no_shadow
}

// particle -1
sphere {
	<37.774734, 54.259964, 50.810287> 0.100000
	pigment { color rgbt <1,0,0,0> }
	no_shadow
}
sphere {
	0, 1
	scale<0.080000,0.200000,0.300000>
	matrix <0.599156, 0.249439, 0.760784,
		-0.586004, 0.784097, 0.204426,
		-0.545537, -0.568306, 0.615969,
		37.611073, 54.089474, 50.995079>
	pigment { color rgbt <0,1,1,0> }
	no_shadow
}
cylinder {
	<38.696400, 54.119846, 50.596474>,  <37.992950, 54.487286, 50.563900>, 0.130000
	pigment { color rgbt <1,0,0,0> }
	no_shadow
}

// nucleotide -1

// particle -1
sphere {
	<38.696400, 54.119846, 50.596474> 0.250000
	pigment { color rgbt <1,0,0,0> }
	no_shadow
}
cylinder {
	<38.724525, 53.723740, 50.548439>,  <38.741402, 53.486076, 50.519619>, 0.100000
	pigment { color rgbt <1,0,0,0> }
	no_shadow
}
cylinder {
	<38.724525, 53.723740, 50.548439>,  <38.696400, 54.119846, 50.596474>, 0.100000
	pigment { color rgbt <1,0,0,0> }
	no_shadow
}

// particle -1
sphere {
	<38.724525, 53.723740, 50.548439> 0.100000
	pigment { color rgbt <1,0,0,0> }
	no_shadow
}
sphere {
	0, 1
	scale<0.080000,0.200000,0.300000>
	matrix <0.007299, 0.120890, -0.992639,
		0.997498, 0.068923, 0.015729,
		0.070317, -0.990270, -0.120084,
		38.745621, 53.426659, 50.512413>
	pigment { color rgbt <0,1,1,0> }
	no_shadow
}
cylinder {
	<39.099113, 53.968384, 50.064228>,  <38.696400, 54.119846, 50.596474>, 0.130000
	pigment { color rgbt <1,0,0,0> }
	no_shadow
}

// nucleotide -1

// particle -1
sphere {
	<39.099113, 53.968384, 50.064228> 0.250000
	pigment { color rgbt <1,0,0,0> }
	no_shadow
}
cylinder {
	<38.947067, 53.599129, 50.087322>,  <38.855839, 53.377575, 50.101181>, 0.100000
	pigment { color rgbt <1,0,0,0> }
	no_shadow
}
cylinder {
	<38.947067, 53.599129, 50.087322>,  <39.099113, 53.968384, 50.064228>, 0.100000
	pigment { color rgbt <1,0,0,0> }
	no_shadow
}

// particle -1
sphere {
	<38.947067, 53.599129, 50.087322> 0.100000
	pigment { color rgbt <1,0,0,0> }
	no_shadow
}
sphere {
	0, 1
	scale<0.080000,0.200000,0.300000>
	matrix <0.032516, -0.075722, -0.996599,
		0.924366, -0.376947, 0.058799,
		-0.380117, -0.923134, 0.057738,
		38.833031, 53.322189, 50.104645>
	pigment { color rgbt <0,1,1,0> }
	no_shadow
}
cylinder {
	<39.593056, 54.431892, 49.845909>,  <39.099113, 53.968384, 50.064228>, 0.130000
	pigment { color rgbt <1,0,0,0> }
	no_shadow
}

// nucleotide -1

// particle -1
sphere {
	<39.593056, 54.431892, 49.845909> 0.250000
	pigment { color rgbt <1,0,0,0> }
	no_shadow
}
cylinder {
	<39.742237, 54.274757, 50.182144>,  <39.831745, 54.180477, 50.383884>, 0.100000
	pigment { color rgbt <1,0,0,0> }
	no_shadow
}
cylinder {
	<39.742237, 54.274757, 50.182144>,  <39.593056, 54.431892, 49.845909>, 0.100000
	pigment { color rgbt <1,0,0,0> }
	no_shadow
}

// particle -1
sphere {
	<39.742237, 54.274757, 50.182144> 0.100000
	pigment { color rgbt <1,0,0,0> }
	no_shadow
}
sphere {
	0, 1
	scale<0.080000,0.200000,0.300000>
	matrix <0.570585, -0.617295, -0.541645,
		0.731667, 0.681635, -0.006077,
		0.372956, -0.392837, 0.840585,
		39.854122, 54.156906, 50.434319>
	pigment { color rgbt <0,1,1,0> }
	no_shadow
}
cylinder {
	<40.055996, 54.091022, 49.385971>,  <39.593056, 54.431892, 49.845909>, 0.130000
	pigment { color rgbt <1,0,0,0> }
	no_shadow
}

// nucleotide -1

// particle -1
sphere {
	<40.055996, 54.091022, 49.385971> 0.250000
	pigment { color rgbt <1,0,0,0> }
	no_shadow
}
cylinder {
	<40.120705, 54.021431, 49.774521>,  <40.159531, 53.979675, 50.007648>, 0.100000
	pigment { color rgbt <1,0,0,0> }
	no_shadow
}
cylinder {
	<40.120705, 54.021431, 49.774521>,  <40.055996, 54.091022, 49.385971>, 0.100000
	pigment { color rgbt <1,0,0,0> }
	no_shadow
}

// particle -1
sphere {
	<40.120705, 54.021431, 49.774521> 0.100000
	pigment { color rgbt <1,0,0,0> }
	no_shadow
}
sphere {
	0, 1
	scale<0.080000,0.200000,0.300000>
	matrix <0.789598, -0.567602, -0.233159,
		0.591918, 0.804710, 0.045555,
		0.161769, -0.173981, 0.971371,
		40.169235, 53.969238, 50.065933>
	pigment { color rgbt <0,1,1,0> }
	no_shadow
}
cylinder {
	<40.782742, 54.134384, 49.520054>,  <40.055996, 54.091022, 49.385971>, 0.130000
	pigment { color rgbt <1,0,0,0> }
	no_shadow
}

// nucleotide -1

// particle -1
sphere {
	<40.782742, 54.134384, 49.520054> 0.250000
	pigment { color rgbt <1,0,0,0> }
	no_shadow
}
cylinder {
	<40.615376, 53.907658, 49.803925>,  <40.514954, 53.771622, 49.974247>, 0.100000
	pigment { color rgbt <1,0,0,0> }
	no_shadow
}
cylinder {
	<40.615376, 53.907658, 49.803925>,  <40.782742, 54.134384, 49.520054>, 0.100000
	pigment { color rgbt <1,0,0,0> }
	no_shadow
}

// particle -1
sphere {
	<40.615376, 53.907658, 49.803925> 0.100000
	pigment { color rgbt <1,0,0,0> }
	no_shadow
}
sphere {
	0, 1
	scale<0.080000,0.200000,0.300000>
	matrix <0.702975, -0.696869, -0.142124,
		0.575110, 0.439417, 0.690044,
		-0.418418, -0.566821, 0.709676,
		40.489849, 53.737610, 50.016827>
	pigment { color rgbt <0,1,1,0> }
	no_shadow
}
cylinder {
	<41.194599, 53.900368, 50.142689>,  <40.782742, 54.134384, 49.520054>, 0.130000
	pigment { color rgbt <1,0,0,0> }
	no_shadow
}

// nucleotide -1

// particle -1
sphere {
	<41.194599, 53.900368, 50.142689> 0.250000
	pigment { color rgbt <1,0,0,0> }
	no_shadow
}
cylinder {
	<40.922829, 53.623260, 50.045982>,  <40.759766, 53.456997, 49.987961>, 0.100000
	pigment { color rgbt <1,0,0,0> }
	no_shadow
}
cylinder {
	<40.922829, 53.623260, 50.045982>,  <41.194599, 53.900368, 50.142689>, 0.100000
	pigment { color rgbt <1,0,0,0> }
	no_shadow
}

// particle -1
sphere {
	<40.922829, 53.623260, 50.045982> 0.100000
	pigment { color rgbt <1,0,0,0> }
	no_shadow
}
sphere {
	0, 1
	scale<0.080000,0.200000,0.300000>
	matrix <0.733618, -0.647413, -0.206548,
		-0.013431, -0.317696, 0.948097,
		-0.679430, -0.692767, -0.241763,
		40.718998, 53.415432, 49.973454>
	pigment { color rgbt <0,1,1,0> }
	no_shadow
}
cylinder {
	<41.837414, 53.406628, 50.355637>,  <41.194599, 53.900368, 50.142689>, 0.130000
	pigment { color rgbt <1,0,0,0> }
	no_shadow
}

// nucleotide -1

// particle -1
sphere {
	<41.837414, 53.406628, 50.355637> 0.250000
	pigment { color rgbt <1,0,0,0> }
	no_shadow
}
cylinder {
	<42.193623, 53.519646, 50.498268>,  <42.407349, 53.587456, 50.583847>, 0.100000
	pigment { color rgbt <1,0,0,0> }
	no_shadow
}
cylinder {
	<42.193623, 53.519646, 50.498268>,  <41.837414, 53.406628, 50.355637>, 0.100000
	pigment { color rgbt <1,0,0,0> }
	no_shadow
}

// particle -1
sphere {
	<42.193623, 53.519646, 50.498268> 0.100000
	pigment { color rgbt <1,0,0,0> }
	no_shadow
}
sphere {
	0, 1
	scale<0.080000,0.200000,0.300000>
	matrix <0.131649, -0.910280, 0.392502,
		0.435483, -0.302587, -0.847818,
		0.890519, 0.282543, 0.356576,
		42.460777, 53.604408, 50.605240>
	pigment { color rgbt <0,1,1,0> }
	no_shadow
}
cylinder {
	<41.994392, 52.810894, 50.693398>,  <41.837414, 53.406628, 50.355637>, 0.130000
	pigment { color rgbt <1,0,0,0> }
	no_shadow
}

// nucleotide -1

// particle -1
sphere {
	<41.994392, 52.810894, 50.693398> 0.250000
	pigment { color rgbt <1,0,0,0> }
	no_shadow
}
cylinder {
	<42.320557, 53.042133, 50.705383>,  <42.516254, 53.180878, 50.712574>, 0.100000
	pigment { color rgbt <1,0,0,0> }
	no_shadow
}
cylinder {
	<42.320557, 53.042133, 50.705383>,  <41.994392, 52.810894, 50.693398>, 0.100000
	pigment { color rgbt <1,0,0,0> }
	no_shadow
}

// particle -1
sphere {
	<42.320557, 53.042133, 50.705383> 0.100000
	pigment { color rgbt <1,0,0,0> }
	no_shadow
}
sphere {
	0, 1
	scale<0.080000,0.200000,0.300000>
	matrix <0.535370, -0.772808, 0.340803,
		0.220178, -0.261851, -0.939657,
		0.815414, 0.578102, 0.029968,
		42.565182, 53.215565, 50.714375>
	pigment { color rgbt <0,1,1,0> }
	no_shadow
}
cylinder {
	<42.543655, 52.394836, 50.557655>,  <41.994392, 52.810894, 50.693398>, 0.130000
	pigment { color rgbt <1,0,0,0> }
	no_shadow
}

// nucleotide -1

// particle -1
sphere {
	<42.543655, 52.394836, 50.557655> 0.250000
	pigment { color rgbt <1,0,0,0> }
	no_shadow
}
cylinder {
	<42.712936, 52.706886, 50.741966>,  <42.814507, 52.894115, 50.852551>, 0.100000
	pigment { color rgbt <1,0,0,0> }
	no_shadow
}
cylinder {
	<42.712936, 52.706886, 50.741966>,  <42.543655, 52.394836, 50.557655>, 0.100000
	pigment { color rgbt <1,0,0,0> }
	no_shadow
}

// particle -1
sphere {
	<42.712936, 52.706886, 50.741966> 0.100000
	pigment { color rgbt <1,0,0,0> }
	no_shadow
}
sphere {
	0, 1
	scale<0.080000,0.200000,0.300000>
	matrix <0.567005, -0.624701, 0.536892,
		0.706686, 0.034048, -0.706707,
		0.423201, 0.780121, 0.460773,
		42.839897, 52.940922, 50.880199>
	pigment { color rgbt <0,1,1,0> }
	no_shadow
}
cylinder {
	<43.335690, 52.359081, 50.607067>,  <42.543655, 52.394836, 50.557655>, 0.130000
	pigment { color rgbt <1,0,0,0> }
	no_shadow
}

// nucleotide -1

// particle -1
sphere {
	<43.335690, 52.359081, 50.607067> 0.250000
	pigment { color rgbt <1,0,0,0> }
	no_shadow
}
cylinder {
	<43.176685, 52.547157, 50.922256>,  <43.081284, 52.660004, 51.111370>, 0.100000
	pigment { color rgbt <1,0,0,0> }
	no_shadow
}
cylinder {
	<43.176685, 52.547157, 50.922256>,  <43.335690, 52.359081, 50.607067>, 0.100000
	pigment { color rgbt <1,0,0,0> }
	no_shadow
}

// particle -1
sphere {
	<43.176685, 52.547157, 50.922256> 0.100000
	pigment { color rgbt <1,0,0,0> }
	no_shadow
}
sphere {
	0, 1
	scale<0.080000,0.200000,0.300000>
	matrix <0.615903, -0.499831, 0.608961,
		0.680183, 0.727384, -0.090906,
		-0.397511, 0.470194, 0.787974,
		43.057430, 52.688217, 51.158649>
	pigment { color rgbt <0,1,1,0> }
	no_shadow
}
cylinder {
	<44.062988, 52.172813, 50.329849>,  <43.335690, 52.359081, 50.607067>, 0.130000
	pigment { color rgbt <1,0,0,0> }
	no_shadow
}

// nucleotide -1

// particle -1
sphere {
	<44.062988, 52.172813, 50.329849> 0.250000
	pigment { color rgbt <1,0,0,0> }
	no_shadow
}
cylinder {
	<43.873718, 52.523273, 50.366661>,  <43.760159, 52.733551, 50.388748>, 0.100000
	pigment { color rgbt <1,0,0,0> }
	no_shadow
}
cylinder {
	<43.873718, 52.523273, 50.366661>,  <44.062988, 52.172813, 50.329849>, 0.100000
	pigment { color rgbt <1,0,0,0> }
	no_shadow
}

// particle -1
sphere {
	<43.873718, 52.523273, 50.366661> 0.100000
	pigment { color rgbt <1,0,0,0> }
	no_shadow
}
sphere {
	0, 1
	scale<0.080000,0.200000,0.300000>
	matrix <0.560997, 0.219123, 0.798291,
		0.679257, 0.429357, -0.595200,
		-0.473173, 0.876150, 0.092027,
		43.731766, 52.786118, 50.394268>
	pigment { color rgbt <0,1,1,0> }
	no_shadow
}
cylinder {
	<44.513523, 52.784977, 50.237801>,  <44.062988, 52.172813, 50.329849>, 0.130000
	pigment { color rgbt <1,0,0,0> }
	no_shadow
}

// nucleotide -1

// particle -1
sphere {
	<44.513523, 52.784977, 50.237801> 0.250000
	pigment { color rgbt <1,0,0,0> }
	no_shadow
}
cylinder {
	<44.207119, 52.828175, 50.491280>,  <44.023277, 52.854092, 50.643368>, 0.100000
	pigment { color rgbt <1,0,0,0> }
	no_shadow
}
cylinder {
	<44.207119, 52.828175, 50.491280>,  <44.513523, 52.784977, 50.237801>, 0.100000
	pigment { color rgbt <1,0,0,0> }
	no_shadow
}

// particle -1
sphere {
	<44.207119, 52.828175, 50.491280> 0.100000
	pigment { color rgbt <1,0,0,0> }
	no_shadow
}
sphere {
	0, 1
	scale<0.080000,0.200000,0.300000>
	matrix <0.642283, 0.169256, 0.747546,
		-0.026527, 0.979638, -0.199014,
		-0.766008, 0.107993, 0.633694,
		43.977318, 52.860573, 50.681389>
	pigment { color rgbt <0,1,1,0> }
	no_shadow
}
cylinder {
	<44.133114, 53.403328, 50.432884>,  <44.513523, 52.784977, 50.237801>, 0.130000
	pigment { color rgbt <1,0,0,0> }
	no_shadow
}

// nucleotide -1

// particle -1
sphere {
	<44.133114, 53.403328, 50.432884> 0.250000
	pigment { color rgbt <1,0,0,0> }
	no_shadow
}
cylinder {
	<44.419743, 53.323864, 50.700333>,  <44.591721, 53.276184, 50.860802>, 0.100000
	pigment { color rgbt <1,0,0,0> }
	no_shadow
}
cylinder {
	<44.419743, 53.323864, 50.700333>,  <44.133114, 53.403328, 50.432884>, 0.100000
	pigment { color rgbt <1,0,0,0> }
	no_shadow
}

// particle -1
sphere {
	<44.419743, 53.323864, 50.700333> 0.100000
	pigment { color rgbt <1,0,0,0> }
	no_shadow
}
sphere {
	0, 1
	scale<0.080000,0.200000,0.300000>
	matrix <0.470136, -0.570556, -0.673378,
		0.515261, 0.796868, -0.315448,
		0.716574, -0.198662, 0.668622,
		44.634716, 53.264267, 50.900921>
	pigment { color rgbt <0,1,1,0> }
	no_shadow
}
cylinder {
	<44.813171, 53.571384, 50.262463>,  <44.133114, 53.403328, 50.432884>, 0.130000
	pigment { color rgbt <1,0,0,0> }
	no_shadow
}

// nucleotide -1

// particle -1
sphere {
	<44.813171, 53.571384, 50.262463> 0.250000
	pigment { color rgbt <1,0,0,0> }
	no_shadow
}
cylinder {
	<44.842350, 53.263145, 50.515713>,  <44.859856, 53.078201, 50.667664>, 0.100000
	pigment { color rgbt <1,0,0,0> }
	no_shadow
}
cylinder {
	<44.842350, 53.263145, 50.515713>,  <44.813171, 53.571384, 50.262463>, 0.100000
	pigment { color rgbt <1,0,0,0> }
	no_shadow
}

// particle -1
sphere {
	<44.842350, 53.263145, 50.515713> 0.100000
	pigment { color rgbt <1,0,0,0> }
	no_shadow
}
sphere {
	0, 1
	scale<0.080000,0.200000,0.300000>
	matrix <0.583717, -0.481746, -0.653602,
		0.808674, 0.417245, 0.414672,
		0.072946, -0.770602, 0.633128,
		44.864235, 53.031963, 50.705650>
	pigment { color rgbt <0,1,1,0> }
	no_shadow
}
cylinder {
	<45.529713, 53.179226, 50.265884>,  <44.813171, 53.571384, 50.262463>, 0.130000
	pigment { color rgbt <1,0,0,0> }
	no_shadow
}

// nucleotide -1

// particle -1
sphere {
	<45.529713, 53.179226, 50.265884> 0.250000
	pigment { color rgbt <1,0,0,0> }
	no_shadow
}
cylinder {
	<45.342670, 52.863121, 50.424294>,  <45.230446, 52.673458, 50.519341>, 0.100000
	pigment { color rgbt <1,0,0,0> }
	no_shadow
}
cylinder {
	<45.342670, 52.863121, 50.424294>,  <45.529713, 53.179226, 50.265884>, 0.100000
	pigment { color rgbt <1,0,0,0> }
	no_shadow
}

// particle -1
sphere {
	<45.342670, 52.863121, 50.424294> 0.100000
	pigment { color rgbt <1,0,0,0> }
	no_shadow
}
sphere {
	0, 1
	scale<0.080000,0.200000,0.300000>
	matrix <0.571054, -0.612055, -0.547071,
		0.674717, -0.029662, 0.737481,
		-0.467605, -0.790259, 0.396025,
		45.202389, 52.626041, 50.543102>
	pigment { color rgbt <0,1,1,0> }
	no_shadow
}
cylinder {
	<46.073315, 52.588303, 50.309940>,  <45.529713, 53.179226, 50.265884>, 0.130000
	pigment { color rgbt <1,0,0,0> }
	no_shadow
}

// nucleotide -1

// particle -1
sphere {
	<46.073315, 52.588303, 50.309940> 0.250000
	pigment { color rgbt <1,0,0,0> }
	no_shadow
}
cylinder {
	<45.720985, 52.400711, 50.283989>,  <45.509586, 52.288158, 50.268417>, 0.100000
	pigment { color rgbt <1,0,0,0> }
	no_shadow
}
cylinder {
	<45.720985, 52.400711, 50.283989>,  <46.073315, 52.588303, 50.309940>, 0.100000
	pigment { color rgbt <1,0,0,0> }
	no_shadow
}

// particle -1
sphere {
	<45.720985, 52.400711, 50.283989> 0.100000
	pigment { color rgbt <1,0,0,0> }
	no_shadow
}
sphere {
	0, 1
	scale<0.080000,0.200000,0.300000>
	matrix <0.413806, -0.696027, -0.586780,
		0.230026, -0.543699, 0.807143,
		-0.880825, -0.468975, -0.064882,
		45.456738, 52.260017, 50.264523>
	pigment { color rgbt <0,1,1,0> }
	no_shadow
}
cylinder {
	<46.581944, 52.902924, 49.875324>,  <46.073315, 52.588303, 50.309940>, 0.130000
	pigment { color rgbt <1,0,0,0> }
	no_shadow
}

// nucleotide -1

// particle -1
sphere {
	<46.581944, 52.902924, 49.875324> 0.250000
	pigment { color rgbt <1,0,0,0> }
	no_shadow
}
cylinder {
	<46.632778, 53.002399, 49.491241>,  <46.663280, 53.062084, 49.260792>, 0.100000
	pigment { color rgbt <1,0,0,0> }
	no_shadow
}
cylinder {
	<46.632778, 53.002399, 49.491241>,  <46.581944, 52.902924, 49.875324>, 0.100000
	pigment { color rgbt <1,0,0,0> }
	no_shadow
}

// particle -1
sphere {
	<46.632778, 53.002399, 49.491241> 0.100000
	pigment { color rgbt <1,0,0,0> }
	no_shadow
}
sphere {
	0, 1
	scale<0.080000,0.200000,0.300000>
	matrix <-0.468816, 0.868164, 0.162798,
		0.874105, 0.429472, 0.226924,
		0.127089, 0.248688, -0.960209,
		46.670906, 53.077007, 49.203178>
	pigment { color rgbt <0,1,1,0> }
	no_shadow
}
cylinder {
	<47.224323, 52.799927, 49.574337>,  <46.581944, 52.902924, 49.875324>, 0.130000
	pigment { color rgbt <1,0,0,0> }
	no_shadow
}

// nucleotide -1

// particle -1
sphere {
	<47.224323, 52.799927, 49.574337> 0.250000
	pigment { color rgbt <1,0,0,0> }
	no_shadow
}
cylinder {
	<47.127903, 52.885101, 49.953083>,  <47.070049, 52.936207, 50.180332>, 0.100000
	pigment { color rgbt <1,0,0,0> }
	no_shadow
}
cylinder {
	<47.127903, 52.885101, 49.953083>,  <47.224323, 52.799927, 49.574337>, 0.100000
	pigment { color rgbt <1,0,0,0> }
	no_shadow
}

// particle -1
sphere {
	<47.127903, 52.885101, 49.953083> 0.100000
	pigment { color rgbt <1,0,0,0> }
	no_shadow
}
sphere {
	0, 1
	scale<0.080000,0.200000,0.300000>
	matrix <0.970464, 0.062619, 0.232975,
		-0.009684, 0.975058, -0.221740,
		-0.241050, 0.212934, 0.946865,
		47.055588, 52.948982, 50.237144>
	pigment { color rgbt <0,1,1,0> }
	no_shadow
}
cylinder {
	<47.465286, 53.460552, 49.792328>,  <47.224323, 52.799927, 49.574337>, 0.130000
	pigment { color rgbt <1,0,0,0> }
	no_shadow
}

// nucleotide -1

// particle -1
sphere {
	<47.465286, 53.460552, 49.792328> 0.250000
	pigment { color rgbt <1,0,0,0> }
	no_shadow
}
cylinder {
	<47.450439, 53.185333, 50.082214>,  <47.441532, 53.020203, 50.256145>, 0.100000
	pigment { color rgbt <1,0,0,0> }
	no_shadow
}
cylinder {
	<47.450439, 53.185333, 50.082214>,  <47.465286, 53.460552, 49.792328>, 0.100000
	pigment { color rgbt <1,0,0,0> }
	no_shadow
}

// particle -1
sphere {
	<47.450439, 53.185333, 50.082214> 0.100000
	pigment { color rgbt <1,0,0,0> }
	no_shadow
}
sphere {
	0, 1
	scale<0.080000,0.200000,0.300000>
	matrix <0.961179, 0.173843, 0.214274,
		-0.273418, 0.704535, 0.654884,
		-0.037117, -0.688047, 0.724716,
		47.439304, 52.978920, 50.299629>
	pigment { color rgbt <0,1,1,0> }
	no_shadow
}
cylinder {
	<47.701103, 53.818684, 50.453411>,  <47.465286, 53.460552, 49.792328>, 0.130000
	pigment { color rgbt <1,0,0,0> }
	no_shadow
}

// nucleotide -1

// particle -1
sphere {
	<47.701103, 53.818684, 50.453411> 0.250000
	pigment { color rgbt <1,0,0,0> }
	no_shadow
}
cylinder {
	<47.766796, 53.425388, 50.421722>,  <47.806213, 53.189411, 50.402710>, 0.100000
	pigment { color rgbt <1,0,0,0> }
	no_shadow
}
cylinder {
	<47.766796, 53.425388, 50.421722>,  <47.701103, 53.818684, 50.453411>, 0.100000
	pigment { color rgbt <1,0,0,0> }
	no_shadow
}

// particle -1
sphere {
	<47.766796, 53.425388, 50.421722> 0.100000
	pigment { color rgbt <1,0,0,0> }
	no_shadow
}
sphere {
	0, 1
	scale<0.080000,0.200000,0.300000>
	matrix <0.983583, 0.169323, -0.062403,
		0.074771, -0.067670, 0.994902,
		0.164237, -0.983235, -0.079219,
		47.816067, 53.130417, 50.397957>
	pigment { color rgbt <0,1,1,0> }
	no_shadow
}
cylinder {
	<48.248604, 53.572525, 51.035828>,  <47.701103, 53.818684, 50.453411>, 0.130000
	pigment { color rgbt <1,0,0,0> }
	no_shadow
}

// nucleotide -1

// particle -1
sphere {
	<48.248604, 53.572525, 51.035828> 0.250000
	pigment { color rgbt <1,0,0,0> }
	no_shadow
}
cylinder {
	<48.308041, 53.326195, 50.726330>,  <48.343704, 53.178398, 50.540630>, 0.100000
	pigment { color rgbt <1,0,0,0> }
	no_shadow
}
cylinder {
	<48.308041, 53.326195, 50.726330>,  <48.248604, 53.572525, 51.035828>, 0.100000
	pigment { color rgbt <1,0,0,0> }
	no_shadow
}

// particle -1
sphere {
	<48.308041, 53.326195, 50.726330> 0.100000
	pigment { color rgbt <1,0,0,0> }
	no_shadow
}
sphere {
	0, 1
	scale<0.080000,0.200000,0.300000>
	matrix <0.984714, 0.164043, 0.058544,
		0.090874, -0.770616, 0.630788,
		0.148591, -0.615826, -0.773744,
		48.352619, 53.141449, 50.494205>
	pigment { color rgbt <0,1,1,0> }
	no_shadow
}
cylinder {
	<48.557175, 53.015785, 51.252922>,  <48.248604, 53.572525, 51.035828>, 0.130000
	pigment { color rgbt <1,0,0,0> }
	no_shadow
}

// nucleotide -1

// particle -1
sphere {
	<48.557175, 53.015785, 51.252922> 0.250000
	pigment { color rgbt <1,0,0,0> }
	no_shadow
}
cylinder {
	<48.640247, 53.107979, 50.872658>,  <48.690090, 53.163296, 50.644501>, 0.100000
	pigment { color rgbt <1,0,0,0> }
	no_shadow
}
cylinder {
	<48.640247, 53.107979, 50.872658>,  <48.557175, 53.015785, 51.252922>, 0.100000
	pigment { color rgbt <1,0,0,0> }
	no_shadow
}

// particle -1
sphere {
	<48.640247, 53.107979, 50.872658> 0.100000
	pigment { color rgbt <1,0,0,0> }
	no_shadow
}
sphere {
	0, 1
	scale<0.080000,0.200000,0.300000>
	matrix <0.977605, -0.015087, 0.209907,
		0.034037, -0.972959, -0.228456,
		0.207678, 0.230484, -0.950656,
		48.702549, 53.177124, 50.587460>
	pigment { color rgbt <0,1,1,0> }
	no_shadow
}
cylinder {
	<49.090057, 52.583019, 51.057369>,  <48.557175, 53.015785, 51.252922>, 0.130000
	pigment { color rgbt <1,0,0,0> }
	no_shadow
}

// nucleotide -1

// particle -1
sphere {
	<49.090057, 52.583019, 51.057369> 0.250000
	pigment { color rgbt <1,0,0,0> }
	no_shadow
}
cylinder {
	<49.123714, 52.920036, 50.844563>,  <49.143909, 53.122246, 50.716881>, 0.100000
	pigment { color rgbt <1,0,0,0> }
	no_shadow
}
cylinder {
	<49.123714, 52.920036, 50.844563>,  <49.090057, 52.583019, 51.057369>, 0.100000
	pigment { color rgbt <1,0,0,0> }
	no_shadow
}

// particle -1
sphere {
	<49.123714, 52.920036, 50.844563> 0.100000
	pigment { color rgbt <1,0,0,0> }
	no_shadow
}
sphere {
	0, 1
	scale<0.080000,0.200000,0.300000>
	matrix <0.960784, 0.072973, 0.267524,
		0.264223, -0.533659, -0.803364,
		0.084143, 0.842545, -0.532012,
		49.148956, 53.172798, 50.684959>
	pigment { color rgbt <0,1,1,0> }
	no_shadow
}
cylinder {
	<49.773243, 52.554760, 50.794044>,  <49.090057, 52.583019, 51.057369>, 0.130000
	pigment { color rgbt <1,0,0,0> }
	no_shadow
}

// nucleotide -1

// particle -1
sphere {
	<49.773243, 52.554760, 50.794044> 0.250000
	pigment { color rgbt <1,0,0,0> }
	no_shadow
}
cylinder {
	<49.627846, 52.927261, 50.783958>,  <49.540607, 53.150764, 50.777908>, 0.100000
	pigment { color rgbt <1,0,0,0> }
	no_shadow
}
cylinder {
	<49.627846, 52.927261, 50.783958>,  <49.773243, 52.554760, 50.794044>, 0.100000
	pigment { color rgbt <1,0,0,0> }
	no_shadow
}

// particle -1
sphere {
	<49.627846, 52.927261, 50.783958> 0.100000
	pigment { color rgbt <1,0,0,0> }
	no_shadow
}
sphere {
	0, 1
	scale<0.080000,0.200000,0.300000>
	matrix <0.919729, 0.363035, 0.149341,
		0.148229, 0.031092, -0.988464,
		-0.363491, 0.931256, -0.025216,
		49.518799, 53.206638, 50.776394>
	pigment { color rgbt <0,1,1,0> }
	no_shadow
}
cylinder {
	<50.015221, 52.929939, 50.259270>,  <49.773243, 52.554760, 50.794044>, 0.130000
	pigment { color rgbt <1,0,0,0> }
	no_shadow
}

// nucleotide -1

// particle -1
sphere {
	<50.015221, 52.929939, 50.259270> 0.250000
	pigment { color rgbt <1,0,0,0> }
	no_shadow
}
cylinder {
	<49.935169, 53.186909, 50.555176>,  <49.887138, 53.341091, 50.732719>, 0.100000
	pigment { color rgbt <1,0,0,0> }
	no_shadow
}
cylinder {
	<49.935169, 53.186909, 50.555176>,  <50.015221, 52.929939, 50.259270>, 0.100000
	pigment { color rgbt <1,0,0,0> }
	no_shadow
}

// particle -1
sphere {
	<49.935169, 53.186909, 50.555176> 0.100000
	pigment { color rgbt <1,0,0,0> }
	no_shadow
}
sphere {
	0, 1
	scale<0.080000,0.200000,0.300000>
	matrix <0.970702, 0.232491, 0.060701,
		-0.132993, 0.730236, -0.670125,
		-0.200124, 0.642420, 0.739762,
		49.875134, 53.379635, 50.777103>
	pigment { color rgbt <0,1,1,0> }
	no_shadow
}
cylinder {
	<50.307549, 53.522175, 50.215805>,  <50.015221, 52.929939, 50.259270>, 0.130000
	pigment { color rgbt <1,0,0,0> }
	no_shadow
}

// nucleotide -1

// particle -1
sphere {
	<50.307549, 53.522175, 50.215805> 0.250000
	pigment { color rgbt <1,0,0,0> }
	no_shadow
}
cylinder {
	<50.254776, 53.503128, 50.611851>,  <50.223114, 53.491699, 50.849480>, 0.100000
	pigment { color rgbt <1,0,0,0> }
	no_shadow
}
cylinder {
	<50.254776, 53.503128, 50.611851>,  <50.307549, 53.522175, 50.215805>, 0.100000
	pigment { color rgbt <1,0,0,0> }
	no_shadow
}

// particle -1
sphere {
	<50.254776, 53.503128, 50.611851> 0.100000
	pigment { color rgbt <1,0,0,0> }
	no_shadow
}
sphere {
	0, 1
	scale<0.080000,0.200000,0.300000>
	matrix <0.989448, 0.054022, 0.134437,
		-0.059890, 0.997404, 0.039991,
		-0.131928, -0.047621, 0.990115,
		50.215199, 53.488842, 50.908886>
	pigment { color rgbt <0,1,1,0> }
	no_shadow
}
cylinder {
	<50.827286, 53.945686, 50.517925>,  <50.307549, 53.522175, 50.215805>, 0.130000
	pigment { color rgbt <1,0,0,0> }
	no_shadow
}

// nucleotide -1

// particle -1
sphere {
	<50.827286, 53.945686, 50.517925> 0.250000
	pigment { color rgbt <1,0,0,0> }
	no_shadow
}
cylinder {
	<50.729511, 53.658154, 50.778244>,  <50.670845, 53.485634, 50.934433>, 0.100000
	pigment { color rgbt <1,0,0,0> }
	no_shadow
}
cylinder {
	<50.729511, 53.658154, 50.778244>,  <50.827286, 53.945686, 50.517925>, 0.100000
	pigment { color rgbt <1,0,0,0> }
	no_shadow
}

// particle -1
sphere {
	<50.729511, 53.658154, 50.778244> 0.100000
	pigment { color rgbt <1,0,0,0> }
	no_shadow
}
sphere {
	0, 1
	scale<0.080000,0.200000,0.300000>
	matrix <0.968568, -0.149078, 0.199125,
		-0.046118, 0.679013, 0.732677,
		-0.244435, -0.718831, 0.650795,
		50.656181, 53.442505, 50.973484>
	pigment { color rgbt <0,1,1,0> }
	no_shadow
}
cylinder {
	<50.961025, 54.064392, 51.257633>,  <50.827286, 53.945686, 50.517925>, 0.130000
	pigment { color rgbt <1,0,0,0> }
	no_shadow
}

// nucleotide -1

// particle -1
sphere {
	<50.961025, 54.064392, 51.257633> 0.250000
	pigment { color rgbt <1,0,0,0> }
	no_shadow
}
cylinder {
	<50.981041, 53.671761, 51.183880>,  <50.993050, 53.436180, 51.139629>, 0.100000
	pigment { color rgbt <1,0,0,0> }
	no_shadow
}
cylinder {
	<50.981041, 53.671761, 51.183880>,  <50.961025, 54.064392, 51.257633>, 0.100000
	pigment { color rgbt <1,0,0,0> }
	no_shadow
}

// particle -1
sphere {
	<50.981041, 53.671761, 51.183880> 0.100000
	pigment { color rgbt <1,0,0,0> }
	no_shadow
}
sphere {
	0, 1
	scale<0.080000,0.200000,0.300000>
	matrix <0.953973, -0.007683, 0.299794,
		-0.295688, -0.190897, 0.936016,
		0.050038, -0.981580, -0.184383,
		50.996052, 53.377285, 51.128567>
	pigment { color rgbt <0,1,1,0> }
	no_shadow
}
cylinder {
	<51.271107, 53.682999, 51.891220>,  <50.961025, 54.064392, 51.257633>, 0.130000
	pigment { color rgbt <1,0,0,0> }
	no_shadow
}

// nucleotide -1

// particle -1
sphere {
	<51.271107, 53.682999, 51.891220> 0.250000
	pigment { color rgbt <1,0,0,0> }
	no_shadow
}
cylinder {
	<51.325565, 53.582001, 51.508030>,  <51.358242, 53.521400, 51.278118>, 0.100000
	pigment { color rgbt <1,0,0,0> }
	no_shadow
}
cylinder {
	<51.325565, 53.582001, 51.508030>,  <51.271107, 53.682999, 51.891220>, 0.100000
	pigment { color rgbt <1,0,0,0> }
	no_shadow
}

// particle -1
sphere {
	<51.325565, 53.582001, 51.508030> 0.100000
	pigment { color rgbt <1,0,0,0> }
	no_shadow
}
sphere {
	0, 1
	scale<0.080000,0.200000,0.300000>
	matrix <0.986815, 0.119989, 0.108623,
		0.087519, -0.960129, 0.265503,
		0.136149, -0.252496, -0.957971,
		51.366409, 53.506252, 51.220638>
	pigment { color rgbt <0,1,1,0> }
	no_shadow
}
cylinder {
	<51.729923, 53.065952, 51.826134>,  <51.271107, 53.682999, 51.891220>, 0.130000
	pigment { color rgbt <1,0,0,0> }
	no_shadow
}

// nucleotide -1

// particle -1
sphere {
	<51.729923, 53.065952, 51.826134> 0.250000
	pigment { color rgbt <1,0,0,0> }
	no_shadow
}
cylinder {
	<51.742092, 53.288364, 51.493893>,  <51.749393, 53.421810, 51.294548>, 0.100000
	pigment { color rgbt <1,0,0,0> }
	no_shadow
}
cylinder {
	<51.742092, 53.288364, 51.493893>,  <51.729923, 53.065952, 51.826134>, 0.100000
	pigment { color rgbt <1,0,0,0> }
	no_shadow
}

// particle -1
sphere {
	<51.742092, 53.288364, 51.493893> 0.100000
	pigment { color rgbt <1,0,0,0> }
	no_shadow
}
sphere {
	0, 1
	scale<0.080000,0.200000,0.300000>
	matrix <0.999482, -0.008228, 0.031104,
		0.010461, -0.831121, -0.555994,
		0.030425, 0.556031, -0.830604,
		51.751221, 53.455173, 51.244713>
	pigment { color rgbt <0,1,1,0> }
	no_shadow
}
cylinder {
	<52.260937, 52.844017, 51.337624>,  <51.729923, 53.065952, 51.826134>, 0.130000
	pigment { color rgbt <1,0,0,0> }
	no_shadow
}

// nucleotide -1

// particle -1
sphere {
	<52.260937, 52.844017, 51.337624> 0.250000
	pigment { color rgbt <1,0,0,0> }
	no_shadow
}
cylinder {
	<52.190186, 53.234558, 51.287910>,  <52.147736, 53.468884, 51.258083>, 0.100000
	pigment { color rgbt <1,0,0,0> }
	no_shadow
}
cylinder {
	<52.190186, 53.234558, 51.287910>,  <52.260937, 52.844017, 51.337624>, 0.100000
	pigment { color rgbt <1,0,0,0> }
	no_shadow
}

// particle -1
sphere {
	<52.190186, 53.234558, 51.287910> 0.100000
	pigment { color rgbt <1,0,0,0> }
	no_shadow
}
sphere {
	0, 1
	scale<0.080000,0.200000,0.300000>
	matrix <0.971160, 0.152624, -0.183178,
		-0.159878, -0.153101, -0.975192,
		-0.176882, 0.976353, -0.124284,
		52.137119, 53.527466, 51.250626>
	pigment { color rgbt <0,1,1,0> }
	no_shadow
}
cylinder {
	<52.254963, 53.093861, 50.614674>,  <52.260937, 52.844017, 51.337624>, 0.130000
	pigment { color rgbt <1,0,0,0> }
	no_shadow
}

// nucleotide -1

// particle -1
sphere {
	<52.254963, 53.093861, 50.614674> 0.250000
	pigment { color rgbt <1,0,0,0> }
	no_shadow
}
cylinder {
	<52.401756, 53.321087, 50.909325>,  <52.489830, 53.457424, 51.086117>, 0.100000
	pigment { color rgbt <1,0,0,0> }
	no_shadow
}
cylinder {
	<52.401756, 53.321087, 50.909325>,  <52.254963, 53.093861, 50.614674>, 0.100000
	pigment { color rgbt <1,0,0,0> }
	no_shadow
}

// particle -1
sphere {
	<52.401756, 53.321087, 50.909325> 0.100000
	pigment { color rgbt <1,0,0,0> }
	no_shadow
}
sphere {
	0, 1
	scale<0.080000,0.200000,0.300000>
	matrix <0.920934, -0.110207, -0.373811,
		-0.131167, 0.815571, -0.563595,
		0.366981, 0.568065, 0.736632,
		52.511852, 53.491505, 51.130314>
	pigment { color rgbt <0,1,1,0> }
	no_shadow
}
cylinder {
	<52.691113, 53.578819, 50.252533>,  <52.254963, 53.093861, 50.614674>, 0.130000
	pigment { color rgbt <1,0,0,0> }
	no_shadow
}

// nucleotide -1

// particle -1
sphere {
	<52.691113, 53.578819, 50.252533> 0.250000
	pigment { color rgbt <1,0,0,0> }
	no_shadow
}
cylinder {
	<52.830616, 53.514137, 50.621796>,  <52.914318, 53.475327, 50.843353>, 0.100000
	pigment { color rgbt <1,0,0,0> }
	no_shadow
}
cylinder {
	<52.830616, 53.514137, 50.621796>,  <52.691113, 53.578819, 50.252533>, 0.100000
	pigment { color rgbt <1,0,0,0> }
	no_shadow
}

// particle -1
sphere {
	<52.830616, 53.514137, 50.621796> 0.100000
	pigment { color rgbt <1,0,0,0> }
	no_shadow
}
sphere {
	0, 1
	scale<0.080000,0.200000,0.300000>
	matrix <0.860241, -0.335687, -0.383795,
		0.371954, 0.927990, 0.022031,
		0.348762, -0.161706, 0.923155,
		52.935246, 53.465626, 50.898743>
	pigment { color rgbt <0,1,1,0> }
	no_shadow
}
cylinder {
	<53.394085, 53.854485, 50.211212>,  <52.691113, 53.578819, 50.252533>, 0.130000
	pigment { color rgbt <1,0,0,0> }
	no_shadow
}

// nucleotide -1

// particle -1
sphere {
	<53.394085, 53.854485, 50.211212> 0.250000
	pigment { color rgbt <1,0,0,0> }
	no_shadow
}
cylinder {
	<53.359604, 53.557930, 50.477417>,  <53.338917, 53.379997, 50.637142>, 0.100000
	pigment { color rgbt <1,0,0,0> }
	no_shadow
}
cylinder {
	<53.359604, 53.557930, 50.477417>,  <53.394085, 53.854485, 50.211212>, 0.100000
	pigment { color rgbt <1,0,0,0> }
	no_shadow
}

// particle -1
sphere {
	<53.359604, 53.557930, 50.477417> 0.100000
	pigment { color rgbt <1,0,0,0> }
	no_shadow
}
sphere {
	0, 1
	scale<0.080000,0.200000,0.300000>
	matrix <0.886789, -0.361545, -0.287907,
		0.454065, 0.565355, 0.688621,
		-0.086198, -0.741390, 0.665515,
		53.333744, 53.335514, 50.677071>
	pigment { color rgbt <0,1,1,0> }
	no_shadow
}
cylinder {
	<54.024815, 53.690781, 50.434605>,  <53.394085, 53.854485, 50.211212>, 0.130000
	pigment { color rgbt <1,0,0,0> }
	no_shadow
}

// nucleotide -1

// particle -1
sphere {
	<54.024815, 53.690781, 50.434605> 0.250000
	pigment { color rgbt <1,0,0,0> }
	no_shadow
}
cylinder {
	<53.798412, 53.362869, 50.469482>,  <53.662571, 53.166122, 50.490410>, 0.100000
	pigment { color rgbt <1,0,0,0> }
	no_shadow
}
cylinder {
	<53.798412, 53.362869, 50.469482>,  <54.024815, 53.690781, 50.434605>, 0.100000
	pigment { color rgbt <1,0,0,0> }
	no_shadow
}

// particle -1
sphere {
	<53.798412, 53.362869, 50.469482> 0.100000
	pigment { color rgbt <1,0,0,0> }
	no_shadow
}
sphere {
	0, 1
	scale<0.080000,0.200000,0.300000>
	matrix <0.815571, -0.572240, -0.085939,
		0.120350, 0.022474, 0.992477,
		-0.566004, -0.819778, 0.087198,
		53.628613, 53.116936, 50.495644>
	pigment { color rgbt <0,1,1,0> }
	no_shadow
}
cylinder {
	<54.137878, 53.089649, 50.965221>,  <54.024815, 53.690781, 50.434605>, 0.130000
	pigment { color rgbt <1,0,0,0> }
	no_shadow
}

// nucleotide -1

// particle -1
sphere {
	<54.137878, 53.089649, 50.965221> 0.250000
	pigment { color rgbt <1,0,0,0> }
	no_shadow
}
cylinder {
	<54.007126, 52.975571, 50.604820>,  <53.928673, 52.907124, 50.388580>, 0.100000
	pigment { color rgbt <1,0,0,0> }
	no_shadow
}
cylinder {
	<54.007126, 52.975571, 50.604820>,  <54.137878, 53.089649, 50.965221>, 0.100000
	pigment { color rgbt <1,0,0,0> }
	no_shadow
}

// particle -1
sphere {
	<54.007126, 52.975571, 50.604820> 0.100000
	pigment { color rgbt <1,0,0,0> }
	no_shadow
}
sphere {
	0, 1
	scale<0.080000,0.200000,0.300000>
	matrix <0.857124, -0.491070, -0.155528,
		-0.398101, -0.823113, 0.404970,
		-0.326885, -0.285194, -0.901005,
		53.909061, 52.890011, 50.334518>
	pigment { color rgbt <0,1,1,0> }
	no_shadow
}
cylinder {
	<54.365620, 53.490028, 51.559795>,  <54.137878, 53.089649, 50.965221>, 0.130000
	pigment { color rgbt <1,0,0,0> }
	no_shadow
}

// nucleotide -1

// particle -1
sphere {
	<54.365620, 53.490028, 51.559795> 0.250000
	pigment { color rgbt <1,0,0,0> }
	no_shadow
}
cylinder {
	<54.564117, 53.144615, 51.523907>,  <54.683216, 52.937366, 51.502373>, 0.100000
	pigment { color rgbt <1,0,0,0> }
	no_shadow
}
cylinder {
	<54.564117, 53.144615, 51.523907>,  <54.365620, 53.490028, 51.559795>, 0.100000
	pigment { color rgbt <1,0,0,0> }
	no_shadow
}

// particle -1
sphere {
	<54.564117, 53.144615, 51.523907> 0.100000
	pigment { color rgbt <1,0,0,0> }
	no_shadow
}
sphere {
	0, 1
	scale<0.080000,0.200000,0.300000>
	matrix <0.834308, 0.445742, 0.324414,
		-0.240151, -0.235842, 0.941651,
		0.496244, -0.863535, -0.089719,
		54.712990, 52.885555, 51.496990>
	pigment { color rgbt <0,1,1,0> }
	no_shadow
}
cylinder {
	<54.605812, 53.248302, 52.191425>,  <54.365620, 53.490028, 51.559795>, 0.130000
	pigment { color rgbt <1,0,0,0> }
	no_shadow
}

// nucleotide -1

// particle -1
sphere {
	<54.605812, 53.248302, 52.191425> 0.250000
	pigment { color rgbt <1,0,0,0> }
	no_shadow
}
cylinder {
	<54.837929, 53.118477, 51.892647>,  <54.977200, 53.040581, 51.713379>, 0.100000
	pigment { color rgbt <1,0,0,0> }
	no_shadow
}
cylinder {
	<54.837929, 53.118477, 51.892647>,  <54.605812, 53.248302, 52.191425>, 0.100000
	pigment { color rgbt <1,0,0,0> }
	no_shadow
}

// particle -1
sphere {
	<54.837929, 53.118477, 51.892647> 0.100000
	pigment { color rgbt <1,0,0,0> }
	no_shadow
}
sphere {
	0, 1
	scale<0.080000,0.200000,0.300000>
	matrix <0.767029, 0.526072, 0.367308,
		0.273732, -0.786072, 0.554221,
