// switches for output
#declare DRAW_BASES = 1; // possible values are 0, 1; only relevant for DNA ribbons
#declare DRAW_BASES_TYPE = 3; // possible values are 1, 2, 3; only relevant for DNA ribbons
#declare DRAW_FOG = 0; // set to 1 to enable fog

#include "colors.inc"

#include "transforms.inc"
background { rgb <1, 1, 1>}

#default {
   normal{
       ripples 0.25
       frequency 0.20
       turbulence 0.2
       lambda 5
   }
	finish {
		phong 0.1
		phong_size 40.
	}
}

// original window dimensions: 1024x640


// camera settings

camera {
	sky <-0, 1, 0>
	up <-0, 1, 0>
	right 1.6 * <0.99995, 0, 0.00999983>
	location <54.4867, 55, 106.329>
	look_at <55, 55, 55.0001>
	direction <0.513302, 0, -51.3289>
	angle 67.0682
}


# declare cpy_camera_pos = <54.4867, 55, 106.329>;
# if (DRAW_FOG = 1)
fog {
	fog_type 2
	up vnormalize(cpy_camera_pos)
	color rgbt<1,1,1,0.3>
	distance 1e-5
	fog_alt 3e-3
	fog_offset 88
}
# end


// LIGHTS

# declare lum = 6;
global_settings {
	ambient_light rgb lum * <0.05, 0.05, 0.05>
	max_trace_level 15
}# declare cpy_direct_light_amount = 0.25;
light_source
{	1000 * <-0.98995, -1, 1.00995>,
	rgb lum * cpy_direct_light_amount
	parallel
}

light_source
{	1000 * <0.98995, 1, -1.00995>,
	rgb lum * cpy_direct_light_amount
	parallel
}

// strand 0

// nucleotide -1

// particle -1
sphere {
	<36.766487, 52.510441, 50.506462> 0.250000
	pigment { color rgbt <1,0,0,0> }
	no_shadow
}
cylinder {
	<36.827087, 52.607231, 50.123108>,  <36.863449, 52.665306, 49.893097>, 0.100000
	pigment { color rgbt <1,0,0,0> }
	no_shadow
}
cylinder {
	<36.827087, 52.607231, 50.123108>,  <36.766487, 52.510441, 50.506462>, 0.100000
	pigment { color rgbt <1,0,0,0> }
	no_shadow
}

// particle -1
sphere {
	<36.827087, 52.607231, 50.123108> 0.100000
	pigment { color rgbt <1,0,0,0> }
	no_shadow
}
sphere {
	0, 1
	scale<0.080000,0.200000,0.300000>
	matrix <-0.640611, -0.714354, -0.281630,
		-0.752771, 0.656618, 0.046784,
		0.151503, 0.241973, -0.958382,
		36.872540, 52.679825, 49.835594>
	pigment { color rgbt <0,1,1,0> }
	no_shadow
}
cylinder {
	<36.180500, 52.769508, 50.034935>,  <36.766487, 52.510441, 50.506462>, 0.130000
	pigment { color rgbt <1,0,0,0> }
	no_shadow
}

// nucleotide -1

// particle -1
sphere {
	<36.180500, 52.769508, 50.034935> 0.250000
	pigment { color rgbt <1,0,0,0> }
	no_shadow
}
cylinder {
	<36.420856, 52.524849, 49.829094>,  <36.565071, 52.378052, 49.705589>, 0.100000
	pigment { color rgbt <1,0,0,0> }
	no_shadow
}
cylinder {
	<36.420856, 52.524849, 49.829094>,  <36.180500, 52.769508, 50.034935>, 0.100000
	pigment { color rgbt <1,0,0,0> }
	no_shadow
}

// particle -1
sphere {
	<36.420856, 52.524849, 49.829094> 0.100000
	pigment { color rgbt <1,0,0,0> }
	no_shadow
}
sphere {
	0, 1
	scale<0.080000,0.200000,0.300000>
	matrix <-0.783233, -0.579092, -0.226271,
		-0.159604, 0.539018, -0.827035,
		0.600893, -0.611647, -0.514601,
		36.601124, 52.341354, 49.674713>
	pigment { color rgbt <0,1,1,0> }
	no_shadow
}
cylinder {
	<35.869465, 52.511696, 49.416607>,  <36.180500, 52.769508, 50.034935>, 0.130000
	pigment { color rgbt <1,0,0,0> }
	no_shadow
}

// nucleotide -1

// particle -1
sphere {
	<35.869465, 52.511696, 49.416607> 0.250000
	pigment { color rgbt <1,0,0,0> }
	no_shadow
}
cylinder {
	<36.136284, 52.238152, 49.534851>,  <36.296375, 52.074024, 49.605797>, 0.100000
	pigment { color rgbt <1,0,0,0> }
	no_shadow
}
cylinder {
	<36.136284, 52.238152, 49.534851>,  <35.869465, 52.511696, 49.416607>, 0.100000
	pigment { color rgbt <1,0,0,0> }
	no_shadow
}

// particle -1
sphere {
	<36.136284, 52.238152, 49.534851> 0.100000
	pigment { color rgbt <1,0,0,0> }
	no_shadow
}
sphere {
	0, 1
	scale<0.080000,0.200000,0.300000>
	matrix <-0.653442, -0.727620, -0.208765,
		0.357859, -0.053909, -0.932218,
		0.667047, -0.683859, 0.295611,
		36.336399, 52.032993, 49.623535>
	pigment { color rgbt <0,1,1,0> }
	no_shadow
}
cylinder {
	<36.064491, 51.985390, 48.769611>,  <35.869465, 52.511696, 49.416607>, 0.130000
	pigment { color rgbt <1,0,0,0> }
	no_shadow
}

// nucleotide -1

// particle -1
sphere {
	<36.064491, 51.985390, 48.769611> 0.250000
	pigment { color rgbt <1,0,0,0> }
	no_shadow
}
cylinder {
	<36.067745, 51.850578, 49.146194>,  <36.069698, 51.769691, 49.372147>, 0.100000
	pigment { color rgbt <1,0,0,0> }
	no_shadow
}
cylinder {
	<36.067745, 51.850578, 49.146194>,  <36.064491, 51.985390, 48.769611>, 0.100000
	pigment { color rgbt <1,0,0,0> }
	no_shadow
}

// particle -1
sphere {
	<36.067745, 51.850578, 49.146194> 0.100000
	pigment { color rgbt <1,0,0,0> }
	no_shadow
}
sphere {
	0, 1
	scale<0.080000,0.200000,0.300000>
	matrix <-0.792698, -0.576088, -0.199380,
		0.609560, -0.744671, -0.271848,
		0.008135, -0.337027, 0.941460,
		36.070187, 51.749470, 49.428631>
	pigment { color rgbt <0,1,1,0> }
	no_shadow
}
cylinder {
	<36.752312, 51.656502, 48.358917>,  <36.064491, 51.985390, 48.769611>, 0.130000
	pigment { color rgbt <1,0,0,0> }
	no_shadow
}

// nucleotide -1

// particle -1
sphere {
	<36.752312, 51.656502, 48.358917> 0.250000
	pigment { color rgbt <1,0,0,0> }
	no_shadow
}
cylinder {
	<37.072487, 51.836506, 48.517307>,  <37.264591, 51.944508, 48.612343>, 0.100000
	pigment { color rgbt <1,0,0,0> }
	no_shadow
}
cylinder {
	<37.072487, 51.836506, 48.517307>,  <36.752312, 51.656502, 48.358917>, 0.100000
	pigment { color rgbt <1,0,0,0> }
	no_shadow
}

// particle -1
sphere {
	<37.072487, 51.836506, 48.517307> 0.100000
	pigment { color rgbt <1,0,0,0> }
	no_shadow
}
sphere {
	0, 1
	scale<0.080000,0.200000,0.300000>
	matrix <-0.558303, 0.800145, 0.219240,
		-0.218178, -0.396562, 0.891704,
		0.800435, 0.450008, 0.395976,
		37.312618, 51.971508, 48.636101>
	pigment { color rgbt <0,1,1,0> }
	no_shadow
}
cylinder {
	<36.806820, 51.480957, 47.642750>,  <36.752312, 51.656502, 48.358917>, 0.130000
	pigment { color rgbt <1,0,0,0> }
	no_shadow
}

// nucleotide -1

// particle -1
sphere {
	<36.806820, 51.480957, 47.642750> 0.250000
	pigment { color rgbt <1,0,0,0> }
	no_shadow
}
cylinder {
	<36.787693, 51.656734, 47.283951>,  <36.776218, 51.762199, 47.068672>, 0.100000
	pigment { color rgbt <1,0,0,0> }
	no_shadow
}
cylinder {
	<36.787693, 51.656734, 47.283951>,  <36.806820, 51.480957, 47.642750>, 0.100000
	pigment { color rgbt <1,0,0,0> }
	no_shadow
}

// particle -1
sphere {
	<36.787693, 51.656734, 47.283951> 0.100000
	pigment { color rgbt <1,0,0,0> }
	no_shadow
}
sphere {
	0, 1
	scale<0.080000,0.200000,0.300000>
	matrix <0.805838, -0.513651, -0.294597,
		-0.590202, -0.736920, -0.329560,
		-0.047815, 0.439444, -0.896997,
		36.773350, 51.788567, 47.014851>
	pigment { color rgbt <0,1,1,0> }
	no_shadow
}
cylinder {
	<36.828236, 50.926628, 47.064117>,  <36.806820, 51.480957, 47.642750>, 0.130000
	pigment { color rgbt <1,0,0,0> }
	no_shadow
}

// nucleotide -1

// particle -1
sphere {
	<36.828236, 50.926628, 47.064117> 0.250000
	pigment { color rgbt <1,0,0,0> }
	no_shadow
}
cylinder {
	<36.940807, 51.283440, 46.922646>,  <37.008350, 51.497524, 46.837765>, 0.100000
	pigment { color rgbt <1,0,0,0> }
	no_shadow
}
cylinder {
	<36.940807, 51.283440, 46.922646>,  <36.828236, 50.926628, 47.064117>, 0.100000
	pigment { color rgbt <1,0,0,0> }
	no_shadow
}

// particle -1
sphere {
	<36.940807, 51.283440, 46.922646> 0.100000
	pigment { color rgbt <1,0,0,0> }
	no_shadow
}
sphere {
	0, 1
	scale<0.080000,0.200000,0.300000>
	matrix <0.826803, -0.412479, -0.382435,
		-0.487027, -0.184793, -0.853614,
		0.281426, 0.892027, -0.353676,
		37.025234, 51.551048, 46.816544>
	pigment { color rgbt <0,1,1,0> }
	no_shadow
}
cylinder {
	<37.513927, 51.015087, 46.735142>,  <36.828236, 50.926628, 47.064117>, 0.130000
	pigment { color rgbt <1,0,0,0> }
	no_shadow
}

// nucleotide -1

// particle -1
sphere {
	<37.513927, 51.015087, 46.735142> 0.250000
	pigment { color rgbt <1,0,0,0> }
	no_shadow
}
cylinder {
	<37.578297, 51.069935, 47.126099>,  <37.616920, 51.102844, 47.360672>, 0.100000
	pigment { color rgbt <1,0,0,0> }
	no_shadow
}
cylinder {
	<37.578297, 51.069935, 47.126099>,  <37.513927, 51.015087, 46.735142>, 0.100000
	pigment { color rgbt <1,0,0,0> }
	no_shadow
}

// particle -1
sphere {
	<37.578297, 51.069935, 47.126099> 0.100000
	pigment { color rgbt <1,0,0,0> }
	no_shadow
}
sphere {
	0, 1
	scale<0.080000,0.200000,0.300000>
	matrix <0.340098, -0.937354, 0.075510,
		0.926518, 0.320258, -0.197481,
		0.160927, 0.137124, 0.977394,
		37.626575, 51.111073, 47.419315>
	pigment { color rgbt <0,1,1,0> }
	no_shadow
}
cylinder {
	<38.204781, 51.059315, 46.949146>,  <37.513927, 51.015087, 46.735142>, 0.130000
	pigment { color rgbt <1,0,0,0> }
	no_shadow
}

// nucleotide -1

// particle -1
sphere {
	<38.204781, 51.059315, 46.949146> 0.250000
	pigment { color rgbt <1,0,0,0> }
	no_shadow
}
cylinder {
	<37.964527, 50.905922, 47.229771>,  <37.820377, 50.813889, 47.398144>, 0.100000
	pigment { color rgbt <1,0,0,0> }
	no_shadow
}
cylinder {
	<37.964527, 50.905922, 47.229771>,  <38.204781, 51.059315, 46.949146>, 0.100000
	pigment { color rgbt <1,0,0,0> }
	no_shadow
}

// particle -1
sphere {
	<37.964527, 50.905922, 47.229771> 0.100000
	pigment { color rgbt <1,0,0,0> }
	no_shadow
}
sphere {
	0, 1
	scale<0.080000,0.200000,0.300000>
	matrix <0.387926, -0.907041, -0.163677,
		0.699111, 0.173845, 0.693557,
		-0.600630, -0.383477, 0.701561,
		37.784336, 50.790878, 47.440239>
	pigment { color rgbt <0,1,1,0> }
	no_shadow
}
cylinder {
	<38.577724, 50.567623, 47.204018>,  <38.204781, 51.059315, 46.949146>, 0.130000
	pigment { color rgbt <1,0,0,0> }
	no_shadow
}

// nucleotide -1

// particle -1
sphere {
	<38.577724, 50.567623, 47.204018> 0.250000
	pigment { color rgbt <1,0,0,0> }
	no_shadow
}
cylinder {
	<38.211853, 50.470131, 47.332985>,  <37.992329, 50.411636, 47.410366>, 0.100000
	pigment { color rgbt <1,0,0,0> }
	no_shadow
}
cylinder {
	<38.211853, 50.470131, 47.332985>,  <38.577724, 50.567623, 47.204018>, 0.100000
	pigment { color rgbt <1,0,0,0> }
	no_shadow
}

// particle -1
sphere {
	<38.211853, 50.470131, 47.332985> 0.100000
	pigment { color rgbt <1,0,0,0> }
	no_shadow
}
sphere {
	0, 1
	scale<0.080000,0.200000,0.300000>
	matrix <0.271262, -0.961560, 0.042664,
		0.299621, 0.126482, 0.945637,
		-0.914683, -0.243732, 0.322414,
		37.937447, 50.397011, 47.429710>
	pigment { color rgbt <0,1,1,0> }
	no_shadow
}
cylinder {
	<39.021210, 50.867485, 46.559895>,  <38.577724, 50.567623, 47.204018>, 0.130000
	pigment { color rgbt <1,0,0,0> }
	no_shadow
}

// nucleotide -1

// particle -1
sphere {
	<39.021210, 50.867485, 46.559895> 0.250000
	pigment { color rgbt <1,0,0,0> }
	no_shadow
}
cylinder {
	<39.209103, 51.199482, 46.439583>,  <39.321838, 51.398678, 46.367397>, 0.100000
	pigment { color rgbt <1,0,0,0> }
	no_shadow
}
cylinder {
	<39.209103, 51.199482, 46.439583>,  <39.021210, 50.867485, 46.559895>, 0.100000
	pigment { color rgbt <1,0,0,0> }
	no_shadow
}

// particle -1
sphere {
	<39.209103, 51.199482, 46.439583> 0.100000
	pigment { color rgbt <1,0,0,0> }
	no_shadow
}
sphere {
	0, 1
	scale<0.080000,0.200000,0.300000>
	matrix <0.655956, -0.100123, 0.748129,
		0.590824, -0.548719, -0.591468,
		0.469733, 0.829990, -0.300781,
		39.350021, 51.448479, 46.349350>
	pigment { color rgbt <0,1,1,0> }
	no_shadow
}
cylinder {
	<39.312073, 51.370480, 47.103039>,  <39.021210, 50.867485, 46.559895>, 0.130000
	pigment { color rgbt <1,0,0,0> }
	no_shadow
}

// nucleotide -1

// particle -1
sphere {
	<39.312073, 51.370480, 47.103039> 0.250000
	pigment { color rgbt <1,0,0,0> }
	no_shadow
}
cylinder {
	<39.313042, 51.634377, 47.403633>,  <39.313625, 51.792713, 47.583992>, 0.100000
	pigment { color rgbt <1,0,0,0> }
	no_shadow
}
cylinder {
	<39.313042, 51.634377, 47.403633>,  <39.312073, 51.370480, 47.103039>, 0.100000
	pigment { color rgbt <1,0,0,0> }
	no_shadow
}

// particle -1
sphere {
	<39.313042, 51.634377, 47.403633> 0.100000
	pigment { color rgbt <1,0,0,0> }
	no_shadow
}
sphere {
	0, 1
	scale<0.080000,0.200000,0.300000>
	matrix <0.434340, 0.676208, -0.595055,
		-0.900746, 0.327845, -0.284913,
		0.002425, 0.659743, 0.751488,
		39.313770, 51.832298, 47.629078>
	pigment { color rgbt <0,1,1,0> }
	no_shadow
}
cylinder {
	<38.807709, 51.914745, 47.033718>,  <39.312073, 51.370480, 47.103039>, 0.130000
	pigment { color rgbt <1,0,0,0> }
	no_shadow
}

// nucleotide -1

// particle -1
sphere {
	<38.807709, 51.914745, 47.033718> 0.250000
	pigment { color rgbt <1,0,0,0> }
	no_shadow
}
cylinder {
	<39.124340, 52.043671, 47.241379>,  <39.314320, 52.121025, 47.365974>, 0.100000
	pigment { color rgbt <1,0,0,0> }
	no_shadow
}
cylinder {
	<39.124340, 52.043671, 47.241379>,  <38.807709, 51.914745, 47.033718>, 0.100000
	pigment { color rgbt <1,0,0,0> }
	no_shadow
}

// particle -1
sphere {
	<39.124340, 52.043671, 47.241379> 0.100000
	pigment { color rgbt <1,0,0,0> }
	no_shadow
}
sphere {
	0, 1
	scale<0.080000,0.200000,0.300000>
	matrix <0.172705, 0.696938, -0.696025,
		-0.586160, 0.640616, 0.496012,
		0.791574, 0.322318, 0.519155,
		39.361813, 52.140366, 47.397125>
	pigment { color rgbt <0,1,1,0> }
	no_shadow
}
cylinder {
	<38.841106, 52.730362, 47.028294>,  <38.807709, 51.914745, 47.033718>, 0.130000
	pigment { color rgbt <1,0,0,0> }
	no_shadow
}

// nucleotide -1

// particle -1
sphere {
	<38.841106, 52.730362, 47.028294> 0.250000
	pigment { color rgbt <1,0,0,0> }
	no_shadow
}
cylinder {
	<39.197861, 52.559971, 47.089054>,  <39.411915, 52.457737, 47.125511>, 0.100000
	pigment { color rgbt <1,0,0,0> }
	no_shadow
}
cylinder {
	<39.197861, 52.559971, 47.089054>,  <38.841106, 52.730362, 47.028294>, 0.100000
	pigment { color rgbt <1,0,0,0> }
	no_shadow
}

// particle -1
sphere {
	<39.197861, 52.559971, 47.089054> 0.100000
	pigment { color rgbt <1,0,0,0> }
	no_shadow
}
sphere {
	0, 1
	scale<0.080000,0.200000,0.300000>
	matrix <0.450276, 0.805019, -0.386259,
		0.042256, 0.412897, 0.909797,
		0.891889, -0.425981, 0.151901,
		39.465427, 52.432175, 47.134624>
	pigment { color rgbt <0,1,1,0> }
	no_shadow
}
cylinder {
	<39.383320, 53.151569, 47.424614>,  <38.841106, 52.730362, 47.028294>, 0.130000
	pigment { color rgbt <1,0,0,0> }
	no_shadow
}

// nucleotide -1

// particle -1
sphere {
	<39.383320, 53.151569, 47.424614> 0.250000
	pigment { color rgbt <1,0,0,0> }
	no_shadow
}
cylinder {
	<39.518982, 52.914310, 47.132545>,  <39.600380, 52.771954, 46.957306>, 0.100000
	pigment { color rgbt <1,0,0,0> }
	no_shadow
}
cylinder {
	<39.518982, 52.914310, 47.132545>,  <39.383320, 53.151569, 47.424614>, 0.100000
	pigment { color rgbt <1,0,0,0> }
	no_shadow
}

// particle -1
sphere {
	<39.518982, 52.914310, 47.132545> 0.100000
	pigment { color rgbt <1,0,0,0> }
	no_shadow
}
sphere {
	0, 1
	scale<0.080000,0.200000,0.300000>
	matrix <0.590981, 0.738233, -0.325197,
		0.731924, -0.321222, 0.600918,
		0.339157, -0.593151, -0.730168,
		39.620728, 52.736366, 46.913494>
	pigment { color rgbt <0,1,1,0> }
	no_shadow
}
cylinder {
	<39.836880, 53.483776, 47.834717>,  <39.383320, 53.151569, 47.424614>, 0.130000
	pigment { color rgbt <1,0,0,0> }
	no_shadow
}

// nucleotide -1

// particle -1
sphere {
	<39.836880, 53.483776, 47.834717> 0.250000
	pigment { color rgbt <1,0,0,0> }
	no_shadow
}
cylinder {
	<39.758427, 53.760380, 48.112808>,  <39.711357, 53.926342, 48.279663>, 0.100000
	pigment { color rgbt <1,0,0,0> }
	no_shadow
}
cylinder {
	<39.758427, 53.760380, 48.112808>,  <39.836880, 53.483776, 47.834717>, 0.100000
	pigment { color rgbt <1,0,0,0> }
	no_shadow
}

// particle -1
sphere {
	<39.758427, 53.760380, 48.112808> 0.100000
	pigment { color rgbt <1,0,0,0> }
	no_shadow
}
sphere {
	0, 1
	scale<0.080000,0.200000,0.300000>
	matrix <-0.119104, -0.720553, 0.683094,
		0.973318, 0.051170, 0.223683,
		-0.196130, 0.691509, 0.695232,
		39.699589, 53.967834, 48.321377>
	pigment { color rgbt <0,1,1,0> }
	no_shadow
}
cylinder {
	<40.197746, 53.330769, 48.345291>,  <39.836880, 53.483776, 47.834717>, 0.130000
	pigment { color rgbt <1,0,0,0> }
	no_shadow
}

// nucleotide -1

// particle -1
sphere {
	<40.197746, 53.330769, 48.345291> 0.250000
	pigment { color rgbt <1,0,0,0> }
	no_shadow
}
cylinder {
	<39.859333, 53.502766, 48.471359>,  <39.656284, 53.605965, 48.547001>, 0.100000
	pigment { color rgbt <1,0,0,0> }
	no_shadow
}
cylinder {
	<39.859333, 53.502766, 48.471359>,  <40.197746, 53.330769, 48.345291>, 0.100000
	pigment { color rgbt <1,0,0,0> }
	no_shadow
}

// particle -1
sphere {
	<39.859333, 53.502766, 48.471359> 0.100000
	pigment { color rgbt <1,0,0,0> }
	no_shadow
}
sphere {
	0, 1
	scale<0.080000,0.200000,0.300000>
	matrix <-0.210745, -0.812761, 0.543144,
		0.489706, 0.393098, 0.778243,
		-0.846035, 0.429992, 0.315170,
		39.605522, 53.631763, 48.565910>
	pigment { color rgbt <0,1,1,0> }
	no_shadow
}
cylinder {
	<39.970303, 53.074730, 48.978680>,  <40.197746, 53.330769, 48.345291>, 0.130000
	pigment { color rgbt <1,0,0,0> }
	no_shadow
}

// nucleotide -1

// particle -1
sphere {
	<39.970303, 53.074730, 48.978680> 0.250000
	pigment { color rgbt <1,0,0,0> }
	no_shadow
}
cylinder {
	<39.624264, 53.230160, 48.851799>,  <39.416641, 53.323418, 48.775669>, 0.100000
	pigment { color rgbt <1,0,0,0> }
	no_shadow
}
cylinder {
	<39.624264, 53.230160, 48.851799>,  <39.970303, 53.074730, 48.978680>, 0.100000
	pigment { color rgbt <1,0,0,0> }
	no_shadow
}

// particle -1
sphere {
	<39.624264, 53.230160, 48.851799> 0.100000
	pigment { color rgbt <1,0,0,0> }
	no_shadow
}
sphere {
	0, 1
	scale<0.080000,0.200000,0.300000>
	matrix <-0.497902, -0.741892, 0.449098,
		-0.060823, 0.546450, 0.835280,
		-0.865097, 0.388573, -0.317203,
		39.364735, 53.346733, 48.756638>
	pigment { color rgbt <0,1,1,0> }
	no_shadow
}
cylinder {
	<40.496315, 52.804722, 49.386177>,  <39.970303, 53.074730, 48.978680>, 0.130000
	pigment { color rgbt <1,0,0,0> }
	no_shadow
}

// nucleotide -1

// particle -1
sphere {
	<40.496315, 52.804722, 49.386177> 0.250000
	pigment { color rgbt <1,0,0,0> }
	no_shadow
}
cylinder {
	<40.895599, 52.795795, 49.408340>,  <41.135170, 52.790440, 49.421638>, 0.100000
	pigment { color rgbt <1,0,0,0> }
	no_shadow
}
cylinder {
	<40.895599, 52.795795, 49.408340>,  <40.496315, 52.804722, 49.386177>, 0.100000
	pigment { color rgbt <1,0,0,0> }
	no_shadow
}

// particle -1
sphere {
	<40.895599, 52.795795, 49.408340> 0.100000
	pigment { color rgbt <1,0,0,0> }
	no_shadow
}
sphere {
	0, 1
	scale<0.080000,0.200000,0.300000>
	matrix <-0.058268, -0.567805, 0.821098,
		0.013140, -0.822861, -0.568091,
		0.998215, -0.022312, 0.055407,
		41.195065, 52.789101, 49.424961>
	pigment { color rgbt <0,1,1,0> }
	no_shadow
}
cylinder {
	<40.768349, 52.047512, 49.426575>,  <40.496315, 52.804722, 49.386177>, 0.130000
	pigment { color rgbt <1,0,0,0> }
	no_shadow
}

// nucleotide -1

// particle -1
sphere {
	<40.768349, 52.047512, 49.426575> 0.250000
	pigment { color rgbt <1,0,0,0> }
	no_shadow
}
cylinder {
	<41.029930, 52.286804, 49.611820>,  <41.186878, 52.430378, 49.722969>, 0.100000
	pigment { color rgbt <1,0,0,0> }
	no_shadow
}
cylinder {
	<41.029930, 52.286804, 49.611820>,  <40.768349, 52.047512, 49.426575>, 0.100000
	pigment { color rgbt <1,0,0,0> }
	no_shadow
}

// particle -1
sphere {
	<41.029930, 52.286804, 49.611820> 0.100000
	pigment { color rgbt <1,0,0,0> }
	no_shadow
}
sphere {
	0, 1
	scale<0.080000,0.200000,0.300000>
	matrix <-0.003061, -0.610049, 0.792358,
		0.756533, -0.519579, -0.397110,
		0.653949, 0.598229, 0.463113,
		41.226116, 52.466274, 49.750755>
	pigment { color rgbt <0,1,1,0> }
	no_shadow
}
cylinder {
	<41.362427, 51.620293, 49.665825>,  <40.768349, 52.047512, 49.426575>, 0.130000
	pigment { color rgbt <1,0,0,0> }
	no_shadow
}

// nucleotide -1

// particle -1
sphere {
	<41.362427, 51.620293, 49.665825> 0.250000
	pigment { color rgbt <1,0,0,0> }
	no_shadow
}
cylinder {
	<41.273792, 51.938896, 49.890846>,  <41.220612, 52.130058, 50.025860>, 0.100000
	pigment { color rgbt <1,0,0,0> }
	no_shadow
}
cylinder {
	<41.273792, 51.938896, 49.890846>,  <41.362427, 51.620293, 49.665825>, 0.100000
	pigment { color rgbt <1,0,0,0> }
	no_shadow
}

// particle -1
sphere {
	<41.273792, 51.938896, 49.890846> 0.100000
	pigment { color rgbt <1,0,0,0> }
	no_shadow
}
sphere {
	0, 1
	scale<0.080000,0.200000,0.300000>
	matrix <-0.069518, -0.588332, 0.805626,
		0.972661, 0.139404, 0.185735,
		-0.221581, 0.796512, 0.562556,
		41.207317, 52.177849, 50.059612>
	pigment { color rgbt <0,1,1,0> }
	no_shadow
}
cylinder {
	<41.893345, 51.744297, 50.145096>,  <41.362427, 51.620293, 49.665825>, 0.130000
	pigment { color rgbt <1,0,0,0> }
	no_shadow
}

// nucleotide -1

// particle -1
sphere {
	<41.893345, 51.744297, 50.145096> 0.250000
	pigment { color rgbt <1,0,0,0> }
	no_shadow
}
cylinder {
	<41.519981, 51.840652, 50.251465>,  <41.295963, 51.898464, 50.315285>, 0.100000
	pigment { color rgbt <1,0,0,0> }
	no_shadow
}
cylinder {
	<41.519981, 51.840652, 50.251465>,  <41.893345, 51.744297, 50.145096>, 0.100000
	pigment { color rgbt <1,0,0,0> }
	no_shadow
}

// particle -1
sphere {
	<41.519981, 51.840652, 50.251465> 0.100000
	pigment { color rgbt <1,0,0,0> }
	no_shadow
}
sphere {
	0, 1
	scale<0.080000,0.200000,0.300000>
	matrix <-0.036631, -0.801230, 0.597234,
		0.356930, 0.547725, 0.756702,
		-0.933413, 0.240890, 0.265920,
		41.239956, 51.912918, 50.331242>
	pigment { color rgbt <0,1,1,0> }
	no_shadow
}
cylinder {
	<41.885605, 52.508266, 50.073872>,  <41.893345, 51.744297, 50.145096>, 0.130000
	pigment { color rgbt <1,0,0,0> }
	no_shadow
}

// nucleotide -1

// particle -1
sphere {
	<41.885605, 52.508266, 50.073872> 0.250000
	pigment { color rgbt <1,0,0,0> }
	no_shadow
}
cylinder {
	<41.878258, 52.703465, 50.422932>,  <41.873848, 52.820583, 50.632366>, 0.100000
	pigment { color rgbt <1,0,0,0> }
	no_shadow
}
cylinder {
	<41.878258, 52.703465, 50.422932>,  <41.885605, 52.508266, 50.073872>, 0.100000
	pigment { color rgbt <1,0,0,0> }
	no_shadow
}

// particle -1
sphere {
	<41.878258, 52.703465, 50.422932> 0.100000
	pigment { color rgbt <1,0,0,0> }
	no_shadow
}
sphere {
	0, 1
	scale<0.080000,0.200000,0.300000>
	matrix <0.961949, -0.229350, 0.148501,
		0.272611, 0.842174, -0.465217,
		-0.018366, 0.487998, 0.872651,
		41.872749, 52.849865, 50.684727>
	pigment { color rgbt <0,1,1,0> }
	no_shadow
}
cylinder {
	<42.435150, 52.929836, 49.894711>,  <41.885605, 52.508266, 50.073872>, 0.130000
	pigment { color rgbt <1,0,0,0> }
	no_shadow
}

// nucleotide -1

// particle -1
sphere {
	<42.435150, 52.929836, 49.894711> 0.250000
	pigment { color rgbt <1,0,0,0> }
	no_shadow
}
cylinder {
	<42.601120, 53.271179, 49.768463>,  <42.700703, 53.475986, 49.692715>, 0.100000
	pigment { color rgbt <1,0,0,0> }
	no_shadow
}
cylinder {
	<42.601120, 53.271179, 49.768463>,  <42.435150, 52.929836, 49.894711>, 0.100000
	pigment { color rgbt <1,0,0,0> }
	no_shadow
}

// particle -1
sphere {
	<42.601120, 53.271179, 49.768463> 0.100000
	pigment { color rgbt <1,0,0,0> }
	no_shadow
}
sphere {
	0, 1
	scale<0.080000,0.200000,0.300000>
	matrix <0.498924, 0.076690, 0.863246,
		0.760863, -0.515654, -0.393941,
		0.414925, 0.853358, -0.315623,
		42.725597, 53.527187, 49.673775>
	pigment { color rgbt <0,1,1,0> }
	no_shadow
}
cylinder {
	<43.246723, 52.962879, 49.991837>,  <42.435150, 52.929836, 49.894711>, 0.130000
	pigment { color rgbt <1,0,0,0> }
	no_shadow
}

// nucleotide -1

// particle -1
sphere {
	<43.246723, 52.962879, 49.991837> 0.250000
	pigment { color rgbt <1,0,0,0> }
	no_shadow
}
cylinder {
	<43.102562, 53.335415, 49.970963>,  <43.016064, 53.558937, 49.958439>, 0.100000
	pigment { color rgbt <1,0,0,0> }
	no_shadow
}
cylinder {
	<43.102562, 53.335415, 49.970963>,  <43.246723, 52.962879, 49.991837>, 0.100000
	pigment { color rgbt <1,0,0,0> }
	no_shadow
}

// particle -1
sphere {
	<43.102562, 53.335415, 49.970963> 0.100000
	pigment { color rgbt <1,0,0,0> }
	no_shadow
}
sphere {
	0, 1
	scale<0.080000,0.200000,0.300000>
	matrix <0.469683, 0.229524, 0.852477,
		0.805920, 0.282723, -0.520154,
		-0.360403, 0.931336, -0.052188,
		42.994442, 53.614815, 49.955307>
	pigment { color rgbt <0,1,1,0> }
	no_shadow
}
cylinder {
	<43.546783, 53.331089, 50.524498>,  <43.246723, 52.962879, 49.991837>, 0.130000
	pigment { color rgbt <1,0,0,0> }
	no_shadow
}

// nucleotide -1

// particle -1
sphere {
	<43.546783, 53.331089, 50.524498> 0.250000
	pigment { color rgbt <1,0,0,0> }
	no_shadow
}
cylinder {
	<43.707233, 53.697487, 50.527496>,  <43.803505, 53.917324, 50.529297>, 0.100000
	pigment { color rgbt <1,0,0,0> }
	no_shadow
}
cylinder {
	<43.707233, 53.697487, 50.527496>,  <43.546783, 53.331089, 50.524498>, 0.100000
	pigment { color rgbt <1,0,0,0> }
	no_shadow
}

// particle -1
sphere {
	<43.707233, 53.697487, 50.527496> 0.100000
	pigment { color rgbt <1,0,0,0> }
	no_shadow
}
sphere {
	0, 1
	scale<0.080000,0.200000,0.300000>
	matrix <0.879261, -0.387311, 0.277290,
		0.256898, -0.104639, -0.960757,
		0.401127, 0.915992, 0.007495,
		43.827572, 53.972286, 50.529743>
	pigment { color rgbt <0,1,1,0> }
	no_shadow
}
cylinder {
	<44.256401, 53.275871, 50.113979>,  <43.546783, 53.331089, 50.524498>, 0.130000
	pigment { color rgbt <1,0,0,0> }
	no_shadow
}

// nucleotide -1

// particle -1
sphere {
	<44.256401, 53.275871, 50.113979> 0.250000
	pigment { color rgbt <1,0,0,0> }
	no_shadow
}
cylinder {
	<44.216000, 53.598190, 50.347385>,  <44.191757, 53.791584, 50.487427>, 0.100000
	pigment { color rgbt <1,0,0,0> }
	no_shadow
}
cylinder {
	<44.216000, 53.598190, 50.347385>,  <44.256401, 53.275871, 50.113979>, 0.100000
	pigment { color rgbt <1,0,0,0> }
	no_shadow
}

// particle -1
sphere {
	<44.216000, 53.598190, 50.347385> 0.100000
	pigment { color rgbt <1,0,0,0> }
	no_shadow
}
sphere {
	0, 1
	scale<0.080000,0.200000,0.300000>
	matrix <0.994658, 0.069225, 0.076576,
		0.021311, 0.588128, -0.808487,
		-0.101005, 0.805800, 0.583511,
		44.185699, 53.839931, 50.522438>
	pigment { color rgbt <0,1,1,0> }
	no_shadow
}
cylinder {
	<44.886528, 53.756676, 49.885746>,  <44.256401, 53.275871, 50.113979>, 0.130000
	pigment { color rgbt <1,0,0,0> }
	no_shadow
}

// nucleotide -1

// particle -1
sphere {
	<44.886528, 53.756676, 49.885746> 0.250000
	pigment { color rgbt <1,0,0,0> }
	no_shadow
}
cylinder {
	<44.711781, 53.787586, 50.244225>,  <44.606934, 53.806133, 50.459312>, 0.100000
	pigment { color rgbt <1,0,0,0> }
	no_shadow
}
cylinder {
	<44.711781, 53.787586, 50.244225>,  <44.886528, 53.756676, 49.885746>, 0.100000
	pigment { color rgbt <1,0,0,0> }
	no_shadow
}

// particle -1
sphere {
	<44.711781, 53.787586, 50.244225> 0.100000
	pigment { color rgbt <1,0,0,0> }
	no_shadow
}
sphere {
	0, 1
	scale<0.080000,0.200000,0.300000>
	matrix <0.867132, -0.228783, 0.442426,
		0.239223, 0.970406, 0.032943,
		-0.436869, 0.077273, 0.896200,
		44.580719, 53.810768, 50.513084>
	pigment { color rgbt <0,1,1,0> }
	no_shadow
}
cylinder {
	<45.017220, 54.249054, 50.395184>,  <44.886528, 53.756676, 49.885746>, 0.130000
	pigment { color rgbt <1,0,0,0> }
	no_shadow
}

// nucleotide -1

// particle -1
sphere {
	<45.017220, 54.249054, 50.395184> 0.250000
	pigment { color rgbt <1,0,0,0> }
	no_shadow
}
cylinder {
	<44.967419, 53.906464, 50.595558>,  <44.937538, 53.700909, 50.715782>, 0.100000
	pigment { color rgbt <1,0,0,0> }
	no_shadow
}
cylinder {
	<44.967419, 53.906464, 50.595558>,  <45.017220, 54.249054, 50.395184>, 0.100000
	pigment { color rgbt <1,0,0,0> }
	no_shadow
}

// particle -1
sphere {
	<44.967419, 53.906464, 50.595558> 0.100000
	pigment { color rgbt <1,0,0,0> }
	no_shadow
}
sphere {
	0, 1
	scale<0.080000,0.200000,0.300000>
	matrix <0.982681, -0.036597, 0.181654,
		-0.137250, 0.514881, 0.846203,
		-0.124499, -0.856480, 0.500941,
		44.930069, 53.649521, 50.745842>
	pigment { color rgbt <0,1,1,0> }
	no_shadow
}
cylinder {
	<45.221611, 54.332260, 51.117805>,  <45.017220, 54.249054, 50.395184>, 0.130000
	pigment { color rgbt <1,0,0,0> }
	no_shadow
}

// nucleotide -1

// particle -1
sphere {
	<45.221611, 54.332260, 51.117805> 0.250000
	pigment { color rgbt <1,0,0,0> }
	no_shadow
}
cylinder {
	<45.270420, 53.980415, 50.933891>,  <45.299706, 53.769310, 50.823544>, 0.100000
	pigment { color rgbt <1,0,0,0> }
	no_shadow
}
cylinder {
	<45.270420, 53.980415, 50.933891>,  <45.221611, 54.332260, 51.117805>, 0.100000
	pigment { color rgbt <1,0,0,0> }
	no_shadow
}

// particle -1
sphere {
	<45.270420, 53.980415, 50.933891> 0.100000
	pigment { color rgbt <1,0,0,0> }
	no_shadow
}
sphere {
	0, 1
	scale<0.080000,0.200000,0.300000>
	matrix <0.974164, 0.017444, 0.225167,
		-0.190038, -0.475380, 0.859010,
		0.122025, -0.879607, -0.459783,
		45.307026, 53.716534, 50.795956>
	pigment { color rgbt <0,1,1,0> }
	no_shadow
}
cylinder {
	<45.292992, 53.752956, 51.519840>,  <45.221611, 54.332260, 51.117805>, 0.130000
	pigment { color rgbt <1,0,0,0> }
	no_shadow
}

// nucleotide -1

// particle -1
sphere {
	<45.292992, 53.752956, 51.519840> 0.250000
	pigment { color rgbt <1,0,0,0> }
	no_shadow
}
cylinder {
	<45.520245, 53.773598, 51.191315>,  <45.656597, 53.785984, 50.994198>, 0.100000
	pigment { color rgbt <1,0,0,0> }
	no_shadow
}
cylinder {
	<45.520245, 53.773598, 51.191315>,  <45.292992, 53.752956, 51.519840>, 0.100000
	pigment { color rgbt <1,0,0,0> }
	no_shadow
}

// particle -1
sphere {
	<45.520245, 53.773598, 51.191315> 0.100000
	pigment { color rgbt <1,0,0,0> }
	no_shadow
}
sphere {
	0, 1
	scale<0.080000,0.200000,0.300000>
	matrix <0.822913, -0.028277, 0.567463,
		0.006059, -0.998267, -0.058531,
		0.568135, 0.051605, -0.821316,
		45.690685, 53.789078, 50.944920>
	pigment { color rgbt <0,1,1,0> }
	no_shadow
}
cylinder {
	<45.750935, 53.158623, 51.391266>,  <45.292992, 53.752956, 51.519840>, 0.130000
	pigment { color rgbt <1,0,0,0> }
	no_shadow
}

// nucleotide -1

// particle -1
sphere {
	<45.750935, 53.158623, 51.391266> 0.250000
	pigment { color rgbt <1,0,0,0> }
	no_shadow
}
cylinder {
	<45.893192, 53.511459, 51.267704>,  <45.978546, 53.723164, 51.193565>, 0.100000
	pigment { color rgbt <1,0,0,0> }
	no_shadow
}
cylinder {
	<45.893192, 53.511459, 51.267704>,  <45.750935, 53.158623, 51.391266>, 0.100000
	pigment { color rgbt <1,0,0,0> }
	no_shadow
}

// particle -1
sphere {
	<45.893192, 53.511459, 51.267704> 0.100000
	pigment { color rgbt <1,0,0,0> }
	no_shadow
}
sphere {
	0, 1
	scale<0.080000,0.200000,0.300000>
	matrix <0.795358, -0.112063, 0.595690,
		0.490838, -0.457546, -0.741437,
		0.355644, 0.882096, -0.308908,
		45.999886, 53.776089, 51.175030>
	pigment { color rgbt <0,1,1,0> }
	no_shadow
}
cylinder {
	<46.546326, 53.155231, 51.345062>,  <45.750935, 53.158623, 51.391266>, 0.130000
	pigment { color rgbt <1,0,0,0> }
	no_shadow
}

// nucleotide -1

// particle -1
sphere {
	<46.546326, 53.155231, 51.345062> 0.250000
	pigment { color rgbt <1,0,0,0> }
	no_shadow
}
cylinder {
	<46.394745, 53.523499, 51.382519>,  <46.303795, 53.744457, 51.404991>, 0.100000
	pigment { color rgbt <1,0,0,0> }
	no_shadow
}
cylinder {
	<46.394745, 53.523499, 51.382519>,  <46.546326, 53.155231, 51.345062>, 0.100000
	pigment { color rgbt <1,0,0,0> }
	no_shadow
}

// particle -1
sphere {
	<46.394745, 53.523499, 51.382519> 0.100000
	pigment { color rgbt <1,0,0,0> }
	no_shadow
}
sphere {
	0, 1
	scale<0.080000,0.200000,0.300000>
	matrix <0.674206, 0.205354, 0.709420,
		0.633909, 0.331971, -0.698538,
		-0.378954, 0.920666, 0.093640,
		46.281059, 53.799698, 51.410610>
	pigment { color rgbt <0,1,1,0> }
	no_shadow
}
cylinder {
	<47.134186, 53.665203, 51.253105>,  <46.546326, 53.155231, 51.345062>, 0.130000
	pigment { color rgbt <1,0,0,0> }
	no_shadow
}

// nucleotide -1

// particle -1
sphere {
	<47.134186, 53.665203, 51.253105> 0.250000
	pigment { color rgbt <1,0,0,0> }
	no_shadow
}
cylinder {
	<46.843578, 53.826126, 51.475929>,  <46.669212, 53.922680, 51.609623>, 0.100000
	pigment { color rgbt <1,0,0,0> }
	no_shadow
}
cylinder {
	<46.843578, 53.826126, 51.475929>,  <47.134186, 53.665203, 51.253105>, 0.100000
	pigment { color rgbt <1,0,0,0> }
	no_shadow
}

// particle -1
sphere {
	<46.843578, 53.826126, 51.475929> 0.100000
	pigment { color rgbt <1,0,0,0> }
	no_shadow
}
sphere {
	0, 1
	scale<0.080000,0.200000,0.300000>
	matrix <0.680599, 0.309682, 0.663990,
		0.094619, 0.861536, -0.498802,
		-0.726521, 0.402310, 0.557058,
		46.625622, 53.946819, 51.643047>
	pigment { color rgbt <0,1,1,0> }
	no_shadow
}
cylinder {
	<47.094639, 54.432156, 51.223122>,  <47.134186, 53.665203, 51.253105>, 0.130000
	pigment { color rgbt <1,0,0,0> }
	no_shadow
}

// nucleotide -1

// particle -1
sphere {
	<47.094639, 54.432156, 51.223122> 0.250000
	pigment { color rgbt <1,0,0,0> }
	no_shadow
}
cylinder {
	<47.027248, 54.268120, 51.581661>,  <46.986816, 54.169697, 51.796783>, 0.100000
	pigment { color rgbt <1,0,0,0> }
	no_shadow
}
cylinder {
	<47.027248, 54.268120, 51.581661>,  <47.094639, 54.432156, 51.223122>, 0.100000
	pigment { color rgbt <1,0,0,0> }
	no_shadow
}

// particle -1
sphere {
	<47.027248, 54.268120, 51.581661> 0.100000
	pigment { color rgbt <1,0,0,0> }
	no_shadow
}
sphere {
	0, 1
	scale<0.080000,0.200000,0.300000>
	matrix <0.855940, 0.390125, 0.339365,
		-0.488859, 0.824394, 0.285291,
		-0.168472, -0.410094, 0.896348,
		46.976707, 54.145092, 51.850567>
	pigment { color rgbt <0,1,1,0> }
	no_shadow
}
cylinder {
	<47.115555, 54.971096, 51.820080>,  <47.094639, 54.432156, 51.223122>, 0.130000
	pigment { color rgbt <1,0,0,0> }
	no_shadow
}

// nucleotide -1

// particle -1
sphere {
	<47.115555, 54.971096, 51.820080> 0.250000
	pigment { color rgbt <1,0,0,0> }
	no_shadow
}
cylinder {
	<47.230091, 54.631180, 51.997101>,  <47.298813, 54.427231, 52.103313>, 0.100000
	pigment { color rgbt <1,0,0,0> }
	no_shadow
}
cylinder {
	<47.230091, 54.631180, 51.997101>,  <47.115555, 54.971096, 51.820080>, 0.100000
	pigment { color rgbt <1,0,0,0> }
	no_shadow
}

// particle -1
sphere {
	<47.230091, 54.631180, 51.997101> 0.100000
	pigment { color rgbt <1,0,0,0> }
	no_shadow
}
sphere {
	0, 1
	scale<0.080000,0.200000,0.300000>
	matrix <0.794103, 0.468939, 0.386648,
		-0.536103, 0.240721, 0.809102,
		0.286345, -0.849794, 0.442557,
		47.315994, 54.376240, 52.129868>
	pigment { color rgbt <0,1,1,0> }
	no_shadow
}
cylinder {
	<47.253666, 55.134972, 52.490723>,  <47.115555, 54.971096, 51.820080>, 0.130000
	pigment { color rgbt <1,0,0,0> }
	no_shadow
}

// nucleotide -1

// particle -1
sphere {
	<47.253666, 55.134972, 52.490723> 0.250000
	pigment { color rgbt <1,0,0,0> }
	no_shadow
}
cylinder {
	<47.461472, 54.800793, 52.419029>,  <47.586155, 54.600285, 52.376011>, 0.100000
	pigment { color rgbt <1,0,0,0> }
	no_shadow
}
cylinder {
	<47.461472, 54.800793, 52.419029>,  <47.253666, 55.134972, 52.490723>, 0.100000
	pigment { color rgbt <1,0,0,0> }
	no_shadow
}

// particle -1
sphere {
	<47.461472, 54.800793, 52.419029> 0.100000
	pigment { color rgbt <1,0,0,0> }
	no_shadow
}
sphere {
	0, 1
	scale<0.080000,0.200000,0.300000>
	matrix <0.817121, 0.424427, 0.390097,
		-0.249834, -0.349119, 0.903160,
		0.519516, -0.835451, -0.179236,
		47.617325, 54.550156, 52.365257>
	pigment { color rgbt <0,1,1,0> }
	no_shadow
}
cylinder {
	<47.717896, 54.967163, 53.007675>,  <47.253666, 55.134972, 52.490723>, 0.130000
	pigment { color rgbt <1,0,0,0> }
	no_shadow
}

// nucleotide -1

// particle -1
sphere {
	<47.717896, 54.967163, 53.007675> 0.250000
	pigment { color rgbt <1,0,0,0> }
	no_shadow
}
cylinder {
	<47.881840, 54.796246, 52.685326>,  <47.980206, 54.693695, 52.491917>, 0.100000
	pigment { color rgbt <1,0,0,0> }
	no_shadow
}
cylinder {
	<47.881840, 54.796246, 52.685326>,  <47.717896, 54.967163, 53.007675>, 0.100000
	pigment { color rgbt <1,0,0,0> }
	no_shadow
}

// particle -1
sphere {
	<47.881840, 54.796246, 52.685326> 0.100000
	pigment { color rgbt <1,0,0,0> }
	no_shadow
}
sphere {
	0, 1
	scale<0.080000,0.200000,0.300000>
	matrix <0.897624, 0.345968, 0.273088,
		0.162117, -0.835300, 0.525349,
		0.409865, -0.427294, -0.805873,
		48.004799, 54.668056, 52.443565>
	pigment { color rgbt <0,1,1,0> }
	no_shadow
}
cylinder {
	<48.395607, 54.623985, 53.173367>,  <47.717896, 54.967163, 53.007675>, 0.130000
	pigment { color rgbt <1,0,0,0> }
	no_shadow
}

// nucleotide -1

// particle -1
sphere {
	<48.395607, 54.623985, 53.173367> 0.250000
	pigment { color rgbt <1,0,0,0> }
	no_shadow
}
cylinder {
	<48.417355, 54.739120, 52.790913>,  <48.430405, 54.808201, 52.561440>, 0.100000
	pigment { color rgbt <1,0,0,0> }
	no_shadow
}
cylinder {
	<48.417355, 54.739120, 52.790913>,  <48.395607, 54.623985, 53.173367>, 0.100000
	pigment { color rgbt <1,0,0,0> }
	no_shadow
}

// particle -1
sphere {
	<48.417355, 54.739120, 52.790913> 0.100000
	pigment { color rgbt <1,0,0,0> }
	no_shadow
}
sphere {
	0, 1
	scale<0.080000,0.200000,0.300000>
	matrix <0.915800, 0.367235, 0.162630,
		0.397937, -0.884470, -0.243635,
		0.054370, 0.287838, -0.956135,
		48.433666, 54.825470, 52.504074>
	pigment { color rgbt <0,1,1,0> }
	no_shadow
}
cylinder {
	<48.832657, 54.347740, 52.820919>,  <48.395607, 54.623985, 53.173367>, 0.130000
	pigment { color rgbt <1,0,0,0> }
	no_shadow
}

// nucleotide -1

// particle -1
sphere {
	<48.832657, 54.347740, 52.820919> 0.250000
	pigment { color rgbt <1,0,0,0> }
	no_shadow
}
cylinder {
	<48.795044, 54.724510, 52.691963>,  <48.772476, 54.950573, 52.614590>, 0.100000
	pigment { color rgbt <1,0,0,0> }
	no_shadow
}
cylinder {
	<48.795044, 54.724510, 52.691963>,  <48.832657, 54.347740, 52.820919>, 0.100000
	pigment { color rgbt <1,0,0,0> }
	no_shadow
}

// particle -1
sphere {
	<48.795044, 54.724510, 52.691963> 0.100000
	pigment { color rgbt <1,0,0,0> }
	no_shadow
}
sphere {
	0, 1
	scale<0.080000,0.200000,0.300000>
	matrix <0.965593, 0.165151, 0.200887,
		0.242463, -0.292403, -0.925047,
		-0.094032, 0.941927, -0.322385,
		48.766834, 55.007088, 52.595249>
	pigment { color rgbt <0,1,1,0> }
	no_shadow
}
cylinder {
	<49.284267, 54.446445, 52.222149>,  <48.832657, 54.347740, 52.820919>, 0.130000
	pigment { color rgbt <1,0,0,0> }
	no_shadow
}

// nucleotide -1

// particle -1
sphere {
	<49.284267, 54.446445, 52.222149> 0.250000
	pigment { color rgbt <1,0,0,0> }
	no_shadow
}
cylinder {
	<49.227551, 54.755917, 52.469154>,  <49.193520, 54.941597, 52.617359>, 0.100000
	pigment { color rgbt <1,0,0,0> }
	no_shadow
}
cylinder {
	<49.227551, 54.755917, 52.469154>,  <49.284267, 54.446445, 52.222149>, 0.100000
	pigment { color rgbt <1,0,0,0> }
	no_shadow
}

// particle -1
sphere {
	<49.227551, 54.755917, 52.469154> 0.100000
	pigment { color rgbt <1,0,0,0> }
	no_shadow
}
sphere {
	0, 1
	scale<0.080000,0.200000,0.300000>
	matrix <0.989746, 0.099899, 0.102094,
		0.017298, 0.625659, -0.779905,
		-0.141788, 0.773674, 0.617515,
		49.185013, 54.988018, 52.654408>
	pigment { color rgbt <0,1,1,0> }
	no_shadow
}
cylinder {
	<49.849205, 54.365597, 52.808197>,  <49.284267, 54.446445, 52.222149>, 0.130000
	pigment { color rgbt <1,0,0,0> }
	no_shadow
}

// nucleotide -1

// particle -1
sphere {
	<49.849205, 54.365597, 52.808197> 0.250000
	pigment { color rgbt <1,0,0,0> }
	no_shadow
}
cylinder {
	<49.893894, 54.762611, 52.827782>,  <49.920708, 55.000820, 52.839535>, 0.100000
	pigment { color rgbt <1,0,0,0> }
	no_shadow
}
cylinder {
	<49.893894, 54.762611, 52.827782>,  <49.849205, 54.365597, 52.808197>, 0.100000
	pigment { color rgbt <1,0,0,0> }
	no_shadow
}

// particle -1
sphere {
	<49.893894, 54.762611, 52.827782> 0.100000
	pigment { color rgbt <1,0,0,0> }
	no_shadow
}
sphere {
	0, 1
	scale<0.080000,0.200000,0.300000>
	matrix <0.928047, -0.121829, 0.351975,
		0.355312, 0.006118, -0.934728,
		0.111724, 0.992532, 0.048965,
		49.927410, 55.060371, 52.842472>
	pigment { color rgbt <0,1,1,0> }
	no_shadow
}
cylinder {
	<50.550167, 54.518559, 52.525383>,  <49.849205, 54.365597, 52.808197>, 0.130000
	pigment { color rgbt <1,0,0,0> }
	no_shadow
}

// nucleotide -1

// particle -1
sphere {
	<50.550167, 54.518559, 52.525383> 0.250000
	pigment { color rgbt <1,0,0,0> }
	no_shadow
}
cylinder {
	<50.464371, 54.842190, 52.744247>,  <50.412891, 55.036369, 52.875565>, 0.100000
	pigment { color rgbt <1,0,0,0> }
	no_shadow
}
cylinder {
	<50.464371, 54.842190, 52.744247>,  <50.550167, 54.518559, 52.525383>, 0.100000
	pigment { color rgbt <1,0,0,0> }
	no_shadow
}

// particle -1
sphere {
	<50.464371, 54.842190, 52.744247> 0.100000
	pigment { color rgbt <1,0,0,0> }
	no_shadow
}
sphere {
	0, 1
	scale<0.080000,0.200000,0.300000>
	matrix <0.942589, 0.024656, 0.333043,
		0.255968, 0.587180, -0.767919,
