// switches for output
#declare DRAW_BASES = 1; // possible values are 0, 1; only relevant for DNA ribbons
#declare DRAW_BASES_TYPE = 3; // possible values are 1, 2, 3; only relevant for DNA ribbons
#declare DRAW_FOG = 0; // set to 1 to enable fog

#include "colors.inc"

#include "transforms.inc"
background { rgb <1, 1, 1>}

#default {
   normal{
       ripples 0.25
       frequency 0.20
       turbulence 0.2
       lambda 5
   }
	finish {
		phong 0.1
		phong_size 40.
	}
}

// original window dimensions: 1024x640


// camera settings

camera {
	sky <-0, 1, 0>
	up <-0, 1, 0>
	right 1.6 * <0.99995, 0, 0.00999983>
	location <54.4867, 55, 106.329>
	look_at <55, 55, 55.0001>
	direction <0.513302, 0, -51.3289>
	angle 67.0682
}


# declare cpy_camera_pos = <54.4867, 55, 106.329>;
# if (DRAW_FOG = 1)
fog {
	fog_type 2
	up vnormalize(cpy_camera_pos)
	color rgbt<1,1,1,0.3>
	distance 1e-5
	fog_alt 3e-3
	fog_offset 88
}
# end


// LIGHTS

# declare lum = 6;
global_settings {
	ambient_light rgb lum * <0.05, 0.05, 0.05>
	max_trace_level 15
}# declare cpy_direct_light_amount = 0.25;
light_source
{	1000 * <-0.98995, -1, 1.00995>,
	rgb lum * cpy_direct_light_amount
	parallel
}

light_source
{	1000 * <0.98995, 1, -1.00995>,
	rgb lum * cpy_direct_light_amount
	parallel
}

// strand 0

// nucleotide -1

// particle -1
sphere {
	<35.994530, 51.578987, 50.519249> 0.250000
	pigment { color rgbt <1,0,0,0> }
	no_shadow
}
cylinder {
	<36.352478, 51.740940, 50.444126>,  <36.567249, 51.838112, 50.399052>, 0.100000
	pigment { color rgbt <1,0,0,0> }
	no_shadow
}
cylinder {
	<36.352478, 51.740940, 50.444126>,  <35.994530, 51.578987, 50.519249>, 0.100000
	pigment { color rgbt <1,0,0,0> }
	no_shadow
}

// particle -1
sphere {
	<36.352478, 51.740940, 50.444126> 0.100000
	pigment { color rgbt <1,0,0,0> }
	no_shadow
}
sphere {
	0, 1
	scale<0.080000,0.200000,0.300000>
	matrix <0.037962, -0.488322, -0.871837,
		-0.444699, 0.773056, -0.452357,
		0.894875, 0.404878, -0.187809,
		36.620941, 51.862404, 50.387783>
	pigment { color rgbt <0,1,1,0> }
	no_shadow
}
cylinder {
	<36.058929, 51.651028, 49.785797>,  <35.994530, 51.578987, 50.519249>, 0.130000
	pigment { color rgbt <1,0,0,0> }
	no_shadow
}

// nucleotide -1

// particle -1
sphere {
	<36.058929, 51.651028, 49.785797> 0.250000
	pigment { color rgbt <1,0,0,0> }
	no_shadow
}
cylinder {
	<36.439518, 51.710030, 49.893826>,  <36.667873, 51.745430, 49.958641>, 0.100000
	pigment { color rgbt <1,0,0,0> }
	no_shadow
}
cylinder {
	<36.439518, 51.710030, 49.893826>,  <36.058929, 51.651028, 49.785797>, 0.100000
	pigment { color rgbt <1,0,0,0> }
	no_shadow
}

// particle -1
sphere {
	<36.439518, 51.710030, 49.893826> 0.100000
	pigment { color rgbt <1,0,0,0> }
	no_shadow
}
sphere {
	0, 1
	scale<0.080000,0.200000,0.300000>
	matrix <0.307131, -0.400527, -0.863278,
		-0.019167, 0.904334, -0.426394,
		0.951474, 0.147505, 0.270072,
		36.724960, 51.754280, 49.974846>
	pigment { color rgbt <0,1,1,0> }
	no_shadow
}
cylinder {
	<36.309925, 52.103493, 49.371037>,  <36.058929, 51.651028, 49.785797>, 0.130000
	pigment { color rgbt <1,0,0,0> }
	no_shadow
}

// nucleotide -1

// particle -1
sphere {
	<36.309925, 52.103493, 49.371037> 0.250000
	pigment { color rgbt <1,0,0,0> }
	no_shadow
}
cylinder {
	<36.584259, 51.836891, 49.487930>,  <36.748859, 51.676929, 49.558067>, 0.100000
	pigment { color rgbt <1,0,0,0> }
	no_shadow
}
cylinder {
	<36.584259, 51.836891, 49.487930>,  <36.309925, 52.103493, 49.371037>, 0.100000
	pigment { color rgbt <1,0,0,0> }
	no_shadow
}

// particle -1
sphere {
	<36.584259, 51.836891, 49.487930> 0.100000
	pigment { color rgbt <1,0,0,0> }
	no_shadow
}
sphere {
	0, 1
	scale<0.080000,0.200000,0.300000>
	matrix <0.187982, -0.225683, -0.955892,
		0.703060, 0.710519, -0.029491,
		0.685835, -0.666506, 0.292233,
		36.790009, 51.636940, 49.575600>
	pigment { color rgbt <0,1,1,0> }
	no_shadow
}
cylinder {
	<37.046234, 52.171207, 49.085144>,  <36.309925, 52.103493, 49.371037>, 0.130000
	pigment { color rgbt <1,0,0,0> }
	no_shadow
}

// nucleotide -1

// particle -1
sphere {
	<37.046234, 52.171207, 49.085144> 0.250000
	pigment { color rgbt <1,0,0,0> }
	no_shadow
}
cylinder {
	<36.917564, 51.794281, 49.122158>,  <36.840363, 51.568123, 49.144367>, 0.100000
	pigment { color rgbt <1,0,0,0> }
	no_shadow
}
cylinder {
	<36.917564, 51.794281, 49.122158>,  <37.046234, 52.171207, 49.085144>, 0.100000
	pigment { color rgbt <1,0,0,0> }
	no_shadow
}

// particle -1
sphere {
	<36.917564, 51.794281, 49.122158> 0.100000
	pigment { color rgbt <1,0,0,0> }
	no_shadow
}
sphere {
	0, 1
	scale<0.080000,0.200000,0.300000>
	matrix <0.586535, -0.275025, -0.761799,
		0.743307, -0.190775, 0.641171,
		-0.321671, -0.942319, 0.092532,
		36.821064, 51.511585, 49.149918>
	pigment { color rgbt <0,1,1,0> }
	no_shadow
}
cylinder {
	<37.280960, 52.239140, 48.393932>,  <37.046234, 52.171207, 49.085144>, 0.130000
	pigment { color rgbt <1,0,0,0> }
	no_shadow
}

// nucleotide -1

// particle -1
sphere {
	<37.280960, 52.239140, 48.393932> 0.250000
	pigment { color rgbt <1,0,0,0> }
	no_shadow
}
cylinder {
	<37.169102, 52.188759, 48.013210>,  <37.101986, 52.158531, 47.784779>, 0.100000
	pigment { color rgbt <1,0,0,0> }
	no_shadow
}
cylinder {
	<37.169102, 52.188759, 48.013210>,  <37.280960, 52.239140, 48.393932>, 0.100000
	pigment { color rgbt <1,0,0,0> }
	no_shadow
}

// particle -1
sphere {
	<37.169102, 52.188759, 48.013210> 0.100000
	pigment { color rgbt <1,0,0,0> }
	no_shadow
}
sphere {
	0, 1
	scale<0.080000,0.200000,0.300000>
	matrix <0.558798, 0.784795, -0.268033,
		0.780731, -0.606822, -0.149085,
		-0.279649, -0.125953, -0.951805,
		37.085209, 52.150970, 47.727669>
	pigment { color rgbt <0,1,1,0> }
	no_shadow
}
cylinder {
	<37.964413, 52.700203, 48.173889>,  <37.280960, 52.239140, 48.393932>, 0.130000
	pigment { color rgbt <1,0,0,0> }
	no_shadow
}

// nucleotide -1

// particle -1
sphere {
	<37.964413, 52.700203, 48.173889> 0.250000
	pigment { color rgbt <1,0,0,0> }
	no_shadow
}
cylinder {
	<38.077679, 52.961979, 47.893452>,  <38.145638, 53.119045, 47.725189>, 0.100000
	pigment { color rgbt <1,0,0,0> }
	no_shadow
}
cylinder {
	<38.077679, 52.961979, 47.893452>,  <37.964413, 52.700203, 48.173889>, 0.100000
	pigment { color rgbt <1,0,0,0> }
	no_shadow
}

// particle -1
sphere {
	<38.077679, 52.961979, 47.893452> 0.100000
	pigment { color rgbt <1,0,0,0> }
	no_shadow
}
sphere {
	0, 1
	scale<0.080000,0.200000,0.300000>
	matrix <0.956695, -0.141312, 0.254490,
		0.067475, -0.742793, -0.666112,
		0.283163, 0.654438, -0.701092,
		38.162628, 53.158310, 47.683125>
	pigment { color rgbt <0,1,1,0> }
	no_shadow
}
cylinder {
	<38.593483, 52.814430, 48.444813>,  <37.964413, 52.700203, 48.173889>, 0.130000
	pigment { color rgbt <1,0,0,0> }
	no_shadow
}

// nucleotide -1

// particle -1
sphere {
	<38.593483, 52.814430, 48.444813> 0.250000
	pigment { color rgbt <1,0,0,0> }
	no_shadow
}
cylinder {
	<38.554333, 53.021706, 48.104954>,  <38.530842, 53.146069, 47.901039>, 0.100000
	pigment { color rgbt <1,0,0,0> }
	no_shadow
}
cylinder {
	<38.554333, 53.021706, 48.104954>,  <38.593483, 52.814430, 48.444813>, 0.100000
	pigment { color rgbt <1,0,0,0> }
	no_shadow
}

// particle -1
sphere {
	<38.554333, 53.021706, 48.104954> 0.100000
	pigment { color rgbt <1,0,0,0> }
	no_shadow
}
sphere {
	0, 1
	scale<0.080000,0.200000,0.300000>
	matrix <0.960352, 0.273120, 0.055943,
		0.261045, -0.810487, -0.524372,
		-0.097875, 0.518185, -0.849650,
		38.524971, 53.177162, 47.850060>
	pigment { color rgbt <0,1,1,0> }
	no_shadow
}
cylinder {
	<39.056629, 52.616032, 47.923557>,  <38.593483, 52.814430, 48.444813>, 0.130000
	pigment { color rgbt <1,0,0,0> }
	no_shadow
}

// nucleotide -1

// particle -1
sphere {
	<39.056629, 52.616032, 47.923557> 0.250000
	pigment { color rgbt <1,0,0,0> }
	no_shadow
}
cylinder {
	<38.948849, 52.996490, 47.863274>,  <38.884182, 53.224766, 47.827103>, 0.100000
	pigment { color rgbt <1,0,0,0> }
	no_shadow
}
cylinder {
	<38.948849, 52.996490, 47.863274>,  <39.056629, 52.616032, 47.923557>, 0.100000
	pigment { color rgbt <1,0,0,0> }
	no_shadow
}

// particle -1
sphere {
	<38.948849, 52.996490, 47.863274> 0.100000
	pigment { color rgbt <1,0,0,0> }
	no_shadow
}
sphere {
	0, 1
	scale<0.080000,0.200000,0.300000>
	matrix <0.954742, 0.284313, 0.087366,
		0.125948, -0.120352, -0.984709,
		-0.269451, 0.951148, -0.150714,
		38.868015, 53.281834, 47.818058>
	pigment { color rgbt <0,1,1,0> }
	no_shadow
}
cylinder {
	<39.778122, 52.624554, 47.790310>,  <39.056629, 52.616032, 47.923557>, 0.130000
	pigment { color rgbt <1,0,0,0> }
	no_shadow
}

// nucleotide -1

// particle -1
sphere {
	<39.778122, 52.624554, 47.790310> 0.250000
	pigment { color rgbt <1,0,0,0> }
	no_shadow
}
cylinder {
	<39.958042, 52.888668, 47.549744>,  <40.065994, 53.047138, 47.405403>, 0.100000
	pigment { color rgbt <1,0,0,0> }
	no_shadow
}
cylinder {
	<39.958042, 52.888668, 47.549744>,  <39.778122, 52.624554, 47.790310>, 0.100000
	pigment { color rgbt <1,0,0,0> }
	no_shadow
}

// particle -1
sphere {
	<39.958042, 52.888668, 47.549744> 0.100000
	pigment { color rgbt <1,0,0,0> }
	no_shadow
}
sphere {
	0, 1
	scale<0.080000,0.200000,0.300000>
	matrix <0.835039, -0.072029, 0.545456,
		0.316839, -0.747550, -0.583765,
		0.449804, 0.660288, -0.601412,
		40.092983, 53.086754, 47.369320>
	pigment { color rgbt <0,1,1,0> }
	no_shadow
}
cylinder {
	<40.404491, 52.186863, 47.648167>,  <39.778122, 52.624554, 47.790310>, 0.130000
	pigment { color rgbt <1,0,0,0> }
	no_shadow
}

// nucleotide -1

// particle -1
sphere {
	<40.404491, 52.186863, 47.648167> 0.250000
	pigment { color rgbt <1,0,0,0> }
	no_shadow
}
cylinder {
	<40.459530, 52.578018, 47.585182>,  <40.492554, 52.812714, 47.547390>, 0.100000
	pigment { color rgbt <1,0,0,0> }
	no_shadow
}
cylinder {
	<40.459530, 52.578018, 47.585182>,  <40.404491, 52.186863, 47.648167>, 0.100000
	pigment { color rgbt <1,0,0,0> }
	no_shadow
}

// particle -1
sphere {
	<40.459530, 52.578018, 47.585182> 0.100000
	pigment { color rgbt <1,0,0,0> }
	no_shadow
}
sphere {
	0, 1
	scale<0.080000,0.200000,0.300000>
	matrix <0.860010, -0.039081, 0.508778,
		0.491376, -0.205423, -0.846375,
		0.137592, 0.977893, -0.157462,
		40.500809, 52.871387, 47.537945>
	pigment { color rgbt <0,1,1,0> }
	no_shadow
}
cylinder {
	<40.946053, 51.458122, 47.523579>,  <40.404491, 52.186863, 47.648167>, 0.130000
	pigment { color rgbt <1,0,0,0> }
	no_shadow
}

// nucleotide -1

// particle -1
sphere {
	<40.946053, 51.458122, 47.523579> 0.250000
	pigment { color rgbt <1,0,0,0> }
	no_shadow
}
cylinder {
	<40.790123, 51.534332, 47.883965>,  <40.696564, 51.580059, 48.100197>, 0.100000
	pigment { color rgbt <1,0,0,0> }
	no_shadow
}
cylinder {
	<40.790123, 51.534332, 47.883965>,  <40.946053, 51.458122, 47.523579>, 0.100000
	pigment { color rgbt <1,0,0,0> }
	no_shadow
}

// particle -1
sphere {
	<40.790123, 51.534332, 47.883965> 0.100000
	pigment { color rgbt <1,0,0,0> }
	no_shadow
}
sphere {
	0, 1
	scale<0.080000,0.200000,0.300000>
	matrix <0.139544, -0.954843, 0.262301,
		0.910255, 0.227975, 0.345635,
		-0.389825, 0.190529, 0.900963,
		40.673176, 51.591492, 48.154255>
	pigment { color rgbt <0,1,1,0> }
	no_shadow
}
cylinder {
	<41.486336, 51.406334, 46.992126>,  <40.946053, 51.458122, 47.523579>, 0.130000
	pigment { color rgbt <1,0,0,0> }
	no_shadow
}

// nucleotide -1

// particle -1
sphere {
	<41.486336, 51.406334, 46.992126> 0.250000
	pigment { color rgbt <1,0,0,0> }
	no_shadow
}
cylinder {
	<41.875694, 51.315323, 47.002991>,  <42.109310, 51.260715, 47.009510>, 0.100000
	pigment { color rgbt <1,0,0,0> }
	no_shadow
}
cylinder {
	<41.875694, 51.315323, 47.002991>,  <41.486336, 51.406334, 46.992126>, 0.100000
	pigment { color rgbt <1,0,0,0> }
	no_shadow
}

// particle -1
sphere {
	<41.875694, 51.315323, 47.002991> 0.100000
	pigment { color rgbt <1,0,0,0> }
	no_shadow
}
sphere {
	0, 1
	scale<0.080000,0.200000,0.300000>
	matrix <0.227305, 0.943804, -0.239930,
		0.028961, 0.239719, 0.970410,
		0.973393, -0.227528, 0.027156,
		42.167713, 51.247063, 47.011139>
	pigment { color rgbt <0,1,1,0> }
	no_shadow
}
cylinder {
	<41.911781, 52.020870, 47.230606>,  <41.486336, 51.406334, 46.992126>, 0.130000
	pigment { color rgbt <1,0,0,0> }
	no_shadow
}

// nucleotide -1

// particle -1
sphere {
	<41.911781, 52.020870, 47.230606> 0.250000
	pigment { color rgbt <1,0,0,0> }
	no_shadow
}
cylinder {
	<42.171810, 51.786293, 47.037323>,  <42.327827, 51.645546, 46.921352>, 0.100000
	pigment { color rgbt <1,0,0,0> }
	no_shadow
}
cylinder {
	<42.171810, 51.786293, 47.037323>,  <41.911781, 52.020870, 47.230606>, 0.100000
	pigment { color rgbt <1,0,0,0> }
	no_shadow
}

// particle -1
sphere {
	<42.171810, 51.786293, 47.037323> 0.100000
	pigment { color rgbt <1,0,0,0> }
	no_shadow
}
sphere {
	0, 1
	scale<0.080000,0.200000,0.300000>
	matrix <0.392034, 0.803578, -0.447853,
		0.650938, 0.101701, 0.752288,
		0.650069, -0.586447, -0.483209,
		42.366829, 51.610359, 46.892361>
	pigment { color rgbt <0,1,1,0> }
	no_shadow
}
cylinder {
	<42.572327, 52.435825, 47.242992>,  <41.911781, 52.020870, 47.230606>, 0.130000
	pigment { color rgbt <1,0,0,0> }
	no_shadow
}

// nucleotide -1

// particle -1
sphere {
	<42.572327, 52.435825, 47.242992> 0.250000
	pigment { color rgbt <1,0,0,0> }
	no_shadow
}
cylinder {
	<42.554325, 52.165955, 46.948296>,  <42.543526, 52.004032, 46.771477>, 0.100000
	pigment { color rgbt <1,0,0,0> }
	no_shadow
}
cylinder {
	<42.554325, 52.165955, 46.948296>,  <42.572327, 52.435825, 47.242992>, 0.100000
	pigment { color rgbt <1,0,0,0> }
	no_shadow
}

// particle -1
sphere {
	<42.554325, 52.165955, 46.948296> 0.100000
	pigment { color rgbt <1,0,0,0> }
	no_shadow
}
sphere {
	0, 1
	scale<0.080000,0.200000,0.300000>
	matrix <0.256533, 0.704949, -0.661239,
		0.965487, -0.218756, 0.141353,
		-0.045003, -0.674679, -0.736738,
		42.540825, 51.963551, 46.727276>
	pigment { color rgbt <0,1,1,0> }
	no_shadow
}
cylinder {
	<42.970634, 51.920181, 47.715515>,  <42.572327, 52.435825, 47.242992>, 0.130000
	pigment { color rgbt <1,0,0,0> }
	no_shadow
}

// nucleotide -1

// particle -1
sphere {
	<42.970634, 51.920181, 47.715515> 0.250000
	pigment { color rgbt <1,0,0,0> }
	no_shadow
}
cylinder {
	<43.334766, 51.991482, 47.566101>,  <43.553246, 52.034264, 47.476452>, 0.100000
	pigment { color rgbt <1,0,0,0> }
	no_shadow
}
cylinder {
	<43.334766, 51.991482, 47.566101>,  <42.970634, 51.920181, 47.715515>, 0.100000
	pigment { color rgbt <1,0,0,0> }
	no_shadow
}

// particle -1
sphere {
	<43.334766, 51.991482, 47.566101> 0.100000
	pigment { color rgbt <1,0,0,0> }
	no_shadow
}
sphere {
	0, 1
	scale<0.080000,0.200000,0.300000>
	matrix <0.061467, -0.950721, -0.303895,
		-0.409300, 0.253684, -0.876423,
		0.910327, 0.178255, -0.373537,
		43.607864, 52.044960, 47.454041>
	pigment { color rgbt <0,1,1,0> }
	no_shadow
}
cylinder {
	<43.557499, 51.713459, 48.211563>,  <42.970634, 51.920181, 47.715515>, 0.130000
	pigment { color rgbt <1,0,0,0> }
	no_shadow
}

// nucleotide -1

// particle -1
sphere {
	<43.557499, 51.713459, 48.211563> 0.250000
	pigment { color rgbt <1,0,0,0> }
	no_shadow
}
cylinder {
	<43.612450, 51.556023, 48.575150>,  <43.645420, 51.461559, 48.793301>, 0.100000
	pigment { color rgbt <1,0,0,0> }
	no_shadow
}
cylinder {
	<43.612450, 51.556023, 48.575150>,  <43.557499, 51.713459, 48.211563>, 0.100000
	pigment { color rgbt <1,0,0,0> }
	no_shadow
}

// particle -1
sphere {
	<43.612450, 51.556023, 48.575150> 0.100000
	pigment { color rgbt <1,0,0,0> }
	no_shadow
}
sphere {
	0, 1
	scale<0.080000,0.200000,0.300000>
	matrix <0.990519, 0.054014, -0.126312,
		0.000619, 0.917696, 0.397284,
		0.137374, -0.393595, 0.908961,
		43.653664, 51.437943, 48.847839>
	pigment { color rgbt <0,1,1,0> }
	no_shadow
}
cylinder {
	<44.039337, 52.008621, 48.581333>,  <43.557499, 51.713459, 48.211563>, 0.130000
	pigment { color rgbt <1,0,0,0> }
	no_shadow
}

// nucleotide -1

// particle -1
sphere {
	<44.039337, 52.008621, 48.581333> 0.250000
	pigment { color rgbt <1,0,0,0> }
	no_shadow
}
cylinder {
	<44.038216, 51.623413, 48.689095>,  <44.037544, 51.392288, 48.753754>, 0.100000
	pigment { color rgbt <1,0,0,0> }
	no_shadow
}
cylinder {
	<44.038216, 51.623413, 48.689095>,  <44.039337, 52.008621, 48.581333>, 0.100000
	pigment { color rgbt <1,0,0,0> }
	no_shadow
}

// particle -1
sphere {
	<44.038216, 51.623413, 48.689095> 0.100000
	pigment { color rgbt <1,0,0,0> }
	no_shadow
}
sphere {
	0, 1
	scale<0.080000,0.200000,0.300000>
	matrix <0.947859, -0.088414, -0.306180,
		0.318677, 0.254500, 0.913058,
		-0.002804, -0.963023, 0.269406,
		44.037373, 51.334507, 48.769917>
	pigment { color rgbt <0,1,1,0> }
	no_shadow
}
cylinder {
	<44.639317, 51.841995, 49.056244>,  <44.039337, 52.008621, 48.581333>, 0.130000
	pigment { color rgbt <1,0,0,0> }
	no_shadow
}

// nucleotide -1

// particle -1
sphere {
	<44.639317, 51.841995, 49.056244> 0.250000
	pigment { color rgbt <1,0,0,0> }
	no_shadow
}
cylinder {
	<44.503536, 51.495094, 48.910561>,  <44.422070, 51.286953, 48.823151>, 0.100000
	pigment { color rgbt <1,0,0,0> }
	no_shadow
}
cylinder {
	<44.503536, 51.495094, 48.910561>,  <44.639317, 51.841995, 49.056244>, 0.100000
	pigment { color rgbt <1,0,0,0> }
	no_shadow
}

// particle -1
sphere {
	<44.503536, 51.495094, 48.910561> 0.100000
	pigment { color rgbt <1,0,0,0> }
	no_shadow
}
sphere {
	0, 1
	scale<0.080000,0.200000,0.300000>
	matrix <0.939548, -0.331135, -0.087171,
		-0.045001, -0.371778, 0.927230,
		-0.339446, -0.867255, -0.364204,
		44.401703, 51.234917, 48.801300>
	pigment { color rgbt <0,1,1,0> }
	no_shadow
}
cylinder {
	<44.863342, 52.528011, 48.956444>,  <44.639317, 51.841995, 49.056244>, 0.130000
	pigment { color rgbt <1,0,0,0> }
	no_shadow
}

// nucleotide -1

// particle -1
sphere {
	<44.863342, 52.528011, 48.956444> 0.250000
	pigment { color rgbt <1,0,0,0> }
	no_shadow
}
cylinder {
	<44.981579, 52.470673, 49.334244>,  <45.052521, 52.436272, 49.560925>, 0.100000
	pigment { color rgbt <1,0,0,0> }
	no_shadow
}
cylinder {
	<44.981579, 52.470673, 49.334244>,  <44.863342, 52.528011, 48.956444>, 0.100000
	pigment { color rgbt <1,0,0,0> }
	no_shadow
}

// particle -1
sphere {
	<44.981579, 52.470673, 49.334244> 0.100000
	pigment { color rgbt <1,0,0,0> }
	no_shadow
}
sphere {
	0, 1
	scale<0.080000,0.200000,0.300000>
	matrix <0.679664, 0.726330, -0.102478,
		-0.671328, 0.672233, 0.312123,
		0.295594, -0.143342, 0.944499,
		45.070255, 52.427670, 49.617592>
	pigment { color rgbt <0,1,1,0> }
	no_shadow
}
cylinder {
	<44.908653, 53.188507, 49.357754>,  <44.863342, 52.528011, 48.956444>, 0.130000
	pigment { color rgbt <1,0,0,0> }
	no_shadow
}

// nucleotide -1

// particle -1
sphere {
	<44.908653, 53.188507, 49.357754> 0.250000
	pigment { color rgbt <1,0,0,0> }
	no_shadow
}
cylinder {
	<45.193417, 52.929588, 49.466705>,  <45.364273, 52.774235, 49.532078>, 0.100000
	pigment { color rgbt <1,0,0,0> }
	no_shadow
}
cylinder {
	<45.193417, 52.929588, 49.466705>,  <44.908653, 53.188507, 49.357754>, 0.100000
	pigment { color rgbt <1,0,0,0> }
	no_shadow
}

// particle -1
sphere {
	<45.193417, 52.929588, 49.466705> 0.100000
	pigment { color rgbt <1,0,0,0> }
	no_shadow
}
sphere {
	0, 1
	scale<0.080000,0.200000,0.300000>
	matrix <0.700400, 0.682728, -0.208138,
		-0.051232, 0.338949, 0.939409,
		0.711909, -0.647299, 0.272378,
		45.406990, 52.735397, 49.548420>
	pigment { color rgbt <0,1,1,0> }
	no_shadow
}
cylinder {
	<45.353443, 53.379818, 49.957737>,  <44.908653, 53.188507, 49.357754>, 0.130000
	pigment { color rgbt <1,0,0,0> }
	no_shadow
}

// nucleotide -1

// particle -1
sphere {
	<45.353443, 53.379818, 49.957737> 0.250000
	pigment { color rgbt <1,0,0,0> }
	no_shadow
}
cylinder {
	<45.510502, 53.161999, 49.661278>,  <45.604736, 53.031307, 49.483402>, 0.100000
	pigment { color rgbt <1,0,0,0> }
	no_shadow
}
cylinder {
	<45.510502, 53.161999, 49.661278>,  <45.353443, 53.379818, 49.957737>, 0.100000
	pigment { color rgbt <1,0,0,0> }
	no_shadow
}

// particle -1
sphere {
	<45.510502, 53.161999, 49.661278> 0.100000
	pigment { color rgbt <1,0,0,0> }
	no_shadow
}
sphere {
	0, 1
	scale<0.080000,0.200000,0.300000>
	matrix <0.620160, 0.751853, -0.223870,
		0.679142, -0.371728, 0.632918,
		0.392642, -0.544550, -0.741146,
		45.628296, 52.998634, 49.438934>
	pigment { color rgbt <0,1,1,0> }
	no_shadow
}
cylinder {
	<46.055088, 53.380077, 50.033436>,  <45.353443, 53.379818, 49.957737>, 0.130000
	pigment { color rgbt <1,0,0,0> }
	no_shadow
}

// nucleotide -1

// particle -1
sphere {
	<46.055088, 53.380077, 50.033436> 0.250000
	pigment { color rgbt <1,0,0,0> }
	no_shadow
}
cylinder {
	<46.032150, 53.290161, 49.644348>,  <46.018387, 53.236210, 49.410896>, 0.100000
	pigment { color rgbt <1,0,0,0> }
	no_shadow
}
cylinder {
	<46.032150, 53.290161, 49.644348>,  <46.055088, 53.380077, 50.033436>, 0.100000
	pigment { color rgbt <1,0,0,0> }
	no_shadow
}

// particle -1
sphere {
	<46.032150, 53.290161, 49.644348> 0.100000
	pigment { color rgbt <1,0,0,0> }
	no_shadow
}
sphere {
	0, 1
	scale<0.080000,0.200000,0.300000>
	matrix <0.674777, 0.709349, -0.203713,
		0.735790, -0.668050, 0.111006,
		-0.057349, -0.224794, -0.972717,
		46.014946, 53.222721, 49.352531>
	pigment { color rgbt <0,1,1,0> }
	no_shadow
}
cylinder {
	<46.625591, 53.420708, 50.477722>,  <46.055088, 53.380077, 50.033436>, 0.130000
	pigment { color rgbt <1,0,0,0> }
	no_shadow
}

// nucleotide -1

// particle -1
sphere {
	<46.625591, 53.420708, 50.477722> 0.250000
	pigment { color rgbt <1,0,0,0> }
	no_shadow
}
cylinder {
	<46.372051, 53.656265, 50.678299>,  <46.219929, 53.797600, 50.798645>, 0.100000
	pigment { color rgbt <1,0,0,0> }
	no_shadow
}
cylinder {
	<46.372051, 53.656265, 50.678299>,  <46.625591, 53.420708, 50.477722>, 0.100000
	pigment { color rgbt <1,0,0,0> }
	no_shadow
}

// particle -1
sphere {
	<46.372051, 53.656265, 50.678299> 0.100000
	pigment { color rgbt <1,0,0,0> }
	no_shadow
}
sphere {
	0, 1
	scale<0.080000,0.200000,0.300000>
	matrix <-0.766911, -0.394360, -0.506288,
		-0.100402, -0.705469, 0.701593,
		-0.633851, 0.588891, 0.501438,
		46.181896, 53.832932, 50.828732>
	pigment { color rgbt <0,1,1,0> }
	no_shadow
}
cylinder {
	<46.535404, 53.710426, 51.172852>,  <46.625591, 53.420708, 50.477722>, 0.130000
	pigment { color rgbt <1,0,0,0> }
	no_shadow
}

// nucleotide -1

// particle -1
sphere {
	<46.535404, 53.710426, 51.172852> 0.250000
	pigment { color rgbt <1,0,0,0> }
	no_shadow
}
cylinder {
	<46.220783, 53.913296, 51.313766>,  <46.032009, 54.035019, 51.398315>, 0.100000
	pigment { color rgbt <1,0,0,0> }
	no_shadow
}
cylinder {
	<46.220783, 53.913296, 51.313766>,  <46.535404, 53.710426, 51.172852>, 0.100000
	pigment { color rgbt <1,0,0,0> }
	no_shadow
}

// particle -1
sphere {
	<46.220783, 53.913296, 51.313766> 0.100000
	pigment { color rgbt <1,0,0,0> }
	no_shadow
}
sphere {
	0, 1
	scale<0.080000,0.200000,0.300000>
	matrix <-0.567066, -0.819077, -0.086887,
		0.244486, -0.268114, 0.931849,
		-0.786551, 0.507177, 0.352291,
		45.984818, 54.065449, 51.419453>
	pigment { color rgbt <0,1,1,0> }
	no_shadow
}
cylinder {
	<46.247540, 53.365746, 51.727470>,  <46.535404, 53.710426, 51.172852>, 0.130000
	pigment { color rgbt <1,0,0,0> }
	no_shadow
}

// nucleotide -1

// particle -1
sphere {
	<46.247540, 53.365746, 51.727470> 0.250000
	pigment { color rgbt <1,0,0,0> }
	no_shadow
}
cylinder {
	<45.975563, 53.589363, 51.537674>,  <45.812378, 53.723534, 51.423798>, 0.100000
	pigment { color rgbt <1,0,0,0> }
	no_shadow
}
cylinder {
	<45.975563, 53.589363, 51.537674>,  <46.247540, 53.365746, 51.727470>, 0.100000
	pigment { color rgbt <1,0,0,0> }
	no_shadow
}

// particle -1
sphere {
	<45.975563, 53.589363, 51.537674> 0.100000
	pigment { color rgbt <1,0,0,0> }
	no_shadow
}
sphere {
	0, 1
	scale<0.080000,0.200000,0.300000>
	matrix <-0.555944, -0.814974, -0.163535,
		-0.478121, 0.152596, 0.864936,
		-0.679945, 0.559046, -0.474491,
		45.771580, 53.757076, 51.395325>
	pigment { color rgbt <0,1,1,0> }
	no_shadow
}
cylinder {
	<46.081806, 52.763378, 52.217983>,  <46.247540, 53.365746, 51.727470>, 0.130000
	pigment { color rgbt <1,0,0,0> }
	no_shadow
}

// nucleotide -1

// particle -1
sphere {
	<46.081806, 52.763378, 52.217983> 0.250000
	pigment { color rgbt <1,0,0,0> }
	no_shadow
}
cylinder {
	<46.002972, 52.560616, 52.553650>,  <45.955673, 52.438957, 52.755051>, 0.100000
	pigment { color rgbt <1,0,0,0> }
	no_shadow
}
cylinder {
	<46.002972, 52.560616, 52.553650>,  <46.081806, 52.763378, 52.217983>, 0.100000
	pigment { color rgbt <1,0,0,0> }
	no_shadow
}

// particle -1
sphere {
	<46.002972, 52.560616, 52.553650> 0.100000
	pigment { color rgbt <1,0,0,0> }
	no_shadow
}
sphere {
	0, 1
	scale<0.080000,0.200000,0.300000>
	matrix <0.719621, 0.506509, 0.474968,
		-0.665810, 0.697492, 0.264956,
		-0.197084, -0.506906, 0.839169,
		45.943848, 52.408543, 52.805401>
	pigment { color rgbt <0,1,1,0> }
	no_shadow
}
cylinder {
	<46.085262, 53.197880, 52.781746>,  <46.081806, 52.763378, 52.217983>, 0.130000
	pigment { color rgbt <1,0,0,0> }
	no_shadow
}

// nucleotide -1

// particle -1
sphere {
	<46.085262, 53.197880, 52.781746> 0.250000
	pigment { color rgbt <1,0,0,0> }
	no_shadow
}
cylinder {
	<46.192482, 52.825039, 52.879177>,  <46.256813, 52.601334, 52.937634>, 0.100000
	pigment { color rgbt <1,0,0,0> }
	no_shadow
}
cylinder {
	<46.192482, 52.825039, 52.879177>,  <46.085262, 53.197880, 52.781746>, 0.100000
	pigment { color rgbt <1,0,0,0> }
	no_shadow
}

// particle -1
sphere {
	<46.192482, 52.825039, 52.879177> 0.100000
	pigment { color rgbt <1,0,0,0> }
	no_shadow
}
sphere {
	0, 1
	scale<0.080000,0.200000,0.300000>
	matrix <0.880217, 0.339722, 0.331370,
		-0.391619, 0.125573, 0.911518,
		0.268052, -0.932105, 0.243574,
		46.272896, 52.545406, 52.952248>
	pigment { color rgbt <0,1,1,0> }
	no_shadow
}
cylinder {
	<46.196648, 53.059689, 53.478474>,  <46.085262, 53.197880, 52.781746>, 0.130000
	pigment { color rgbt <1,0,0,0> }
	no_shadow
}

// nucleotide -1

// particle -1
sphere {
	<46.196648, 53.059689, 53.478474> 0.250000
	pigment { color rgbt <1,0,0,0> }
	no_shadow
}
cylinder {
	<46.430805, 52.799328, 53.285130>,  <46.571301, 52.643112, 53.169125>, 0.100000
	pigment { color rgbt <1,0,0,0> }
	no_shadow
}
cylinder {
	<46.430805, 52.799328, 53.285130>,  <46.196648, 53.059689, 53.478474>, 0.100000
	pigment { color rgbt <1,0,0,0> }
	no_shadow
}

// particle -1
sphere {
	<46.430805, 52.799328, 53.285130> 0.100000
	pigment { color rgbt <1,0,0,0> }
	no_shadow
}
sphere {
	0, 1
	scale<0.080000,0.200000,0.300000>
	matrix <0.792384, 0.333175, 0.511001,
		-0.171570, -0.682144, 0.710805,
		0.585398, -0.650903, -0.483357,
		46.606426, 52.604057, 53.140121>
	pigment { color rgbt <0,1,1,0> }
	no_shadow
}
cylinder {
	<46.618938, 52.599838, 53.884750>,  <46.196648, 53.059689, 53.478474>, 0.130000
	pigment { color rgbt <1,0,0,0> }
	no_shadow
}

// nucleotide -1

// particle -1
sphere {
	<46.618938, 52.599838, 53.884750> 0.250000
	pigment { color rgbt <1,0,0,0> }
	no_shadow
}
cylinder {
	<46.844810, 52.665863, 53.561295>,  <46.980331, 52.705479, 53.367222>, 0.100000
	pigment { color rgbt <1,0,0,0> }
	no_shadow
}
cylinder {
	<46.844810, 52.665863, 53.561295>,  <46.618938, 52.599838, 53.884750>, 0.100000
	pigment { color rgbt <1,0,0,0> }
	no_shadow
}

// particle -1
sphere {
	<46.844810, 52.665863, 53.561295> 0.100000
	pigment { color rgbt <1,0,0,0> }
	no_shadow
}
sphere {
	0, 1
	scale<0.080000,0.200000,0.300000>
	matrix <0.796959, 0.145562, 0.586232,
		0.214472, -0.975483, -0.049352,
		0.564675, 0.165062, -0.808638,
		47.014214, 52.715382, 53.318703>
	pigment { color rgbt <0,1,1,0> }
	no_shadow
}
cylinder {
	<47.188156, 52.156437, 53.827366>,  <46.618938, 52.599838, 53.884750>, 0.130000
	pigment { color rgbt <1,0,0,0> }
	no_shadow
}

// nucleotide -1

// particle -1
sphere {
	<47.188156, 52.156437, 53.827366> 0.250000
	pigment { color rgbt <1,0,0,0> }
	no_shadow
}
cylinder {
	<47.284405, 52.519440, 53.689651>,  <47.342155, 52.737240, 53.607021>, 0.100000
	pigment { color rgbt <1,0,0,0> }
	no_shadow
}
cylinder {
	<47.284405, 52.519440, 53.689651>,  <47.188156, 52.156437, 53.827366>, 0.100000
	pigment { color rgbt <1,0,0,0> }
	no_shadow
}

// particle -1
sphere {
	<47.284405, 52.519440, 53.689651> 0.100000
	pigment { color rgbt <1,0,0,0> }
	no_shadow
}
sphere {
	0, 1
	scale<0.080000,0.200000,0.300000>
	matrix <0.760196, 0.044338, 0.648178,
		0.603491, -0.417690, -0.679215,
		0.240623, 0.907507, -0.344284,
		47.356590, 52.791691, 53.586365>
	pigment { color rgbt <0,1,1,0> }
	no_shadow
}
cylinder {
	<47.904850, 52.290321, 54.048706>,  <47.188156, 52.156437, 53.827366>, 0.130000
	pigment { color rgbt <1,0,0,0> }
	no_shadow
}

// nucleotide -1

// particle -1
sphere {
	<47.904850, 52.290321, 54.048706> 0.250000
	pigment { color rgbt <1,0,0,0> }
	no_shadow
}
cylinder {
	<47.788006, 52.652214, 53.924683>,  <47.717899, 52.869350, 53.850269>, 0.100000
	pigment { color rgbt <1,0,0,0> }
	no_shadow
}
cylinder {
	<47.788006, 52.652214, 53.924683>,  <47.904850, 52.290321, 54.048706>, 0.100000
	pigment { color rgbt <1,0,0,0> }
	no_shadow
}

// particle -1
sphere {
	<47.788006, 52.652214, 53.924683> 0.100000
	pigment { color rgbt <1,0,0,0> }
	no_shadow
}
sphere {
	0, 1
	scale<0.080000,0.200000,0.300000>
	matrix <0.768171, 0.415079, 0.487465,
		0.569723, -0.095786, -0.816235,
		-0.292110, 0.904729, -0.310060,
		47.700375, 52.923634, 53.831665>
	pigment { color rgbt <0,1,1,0> }
	no_shadow
}
cylinder {
	<48.267204, 52.662128, 53.535645>,  <47.904850, 52.290321, 54.048706>, 0.130000
	pigment { color rgbt <1,0,0,0> }
	no_shadow
}

// nucleotide -1

// particle -1
sphere {
	<48.267204, 52.662128, 53.535645> 0.250000
	pigment { color rgbt <1,0,0,0> }
	no_shadow
}
cylinder {
	<48.133198, 52.879822, 53.843300>,  <48.052795, 53.010437, 54.027893>, 0.100000
	pigment { color rgbt <1,0,0,0> }
	no_shadow
}
cylinder {
	<48.133198, 52.879822, 53.843300>,  <48.267204, 52.662128, 53.535645>, 0.100000
	pigment { color rgbt <1,0,0,0> }
	no_shadow
}

// particle -1
sphere {
	<48.133198, 52.879822, 53.843300> 0.100000
	pigment { color rgbt <1,0,0,0> }
	no_shadow
}
sphere {
	0, 1
	scale<0.080000,0.200000,0.300000>
	matrix <0.939623, 0.132502, 0.315517,
		0.069802, 0.828405, -0.555763,
		-0.335016, 0.544232, 0.769140,
		48.032692, 53.043091, 54.074043>
	pigment { color rgbt <0,1,1,0> }
	no_shadow
}
cylinder {
	<48.400829, 53.393028, 53.476196>,  <48.267204, 52.662128, 53.535645>, 0.130000
	pigment { color rgbt <1,0,0,0> }
	no_shadow
}

// nucleotide -1

// particle -1
sphere {
	<48.400829, 53.393028, 53.476196> 0.250000
	pigment { color rgbt <1,0,0,0> }
	no_shadow
}
cylinder {
	<48.391449, 53.305779, 53.866451>,  <48.385818, 53.253429, 54.100605>, 0.100000
	pigment { color rgbt <1,0,0,0> }
	no_shadow
}
cylinder {
	<48.391449, 53.305779, 53.866451>,  <48.400829, 53.393028, 53.476196>, 0.100000
	pigment { color rgbt <1,0,0,0> }
	no_shadow
}

// particle -1
sphere {
	<48.391449, 53.305779, 53.866451> 0.100000
	pigment { color rgbt <1,0,0,0> }
	no_shadow
}
sphere {
	0, 1
	scale<0.080000,0.200000,0.300000>
	matrix <0.921987, 0.372582, 0.105466,
		-0.386510, 0.901999, 0.192372,
		-0.023455, -0.218128, 0.975638,
		48.384411, 53.240341, 54.159142>
	pigment { color rgbt <0,1,1,0> }
	no_shadow
}
cylinder {
	<48.844257, 53.850586, 53.717979>,  <48.400829, 53.393028, 53.476196>, 0.130000
	pigment { color rgbt <1,0,0,0> }
	no_shadow
}

// nucleotide -1

// particle -1
sphere {
	<48.844257, 53.850586, 53.717979> 0.250000
	pigment { color rgbt <1,0,0,0> }
	no_shadow
}
cylinder {
	<48.818581, 53.606308, 54.033684>,  <48.803177, 53.459740, 54.223106>, 0.100000
	pigment { color rgbt <1,0,0,0> }
	no_shadow
}
cylinder {
	<48.818581, 53.606308, 54.033684>,  <48.844257, 53.850586, 53.717979>, 0.100000
	pigment { color rgbt <1,0,0,0> }
	no_shadow
}

// particle -1
sphere {
	<48.818581, 53.606308, 54.033684> 0.100000
	pigment { color rgbt <1,0,0,0> }
	no_shadow
}
sphere {
	0, 1
	scale<0.080000,0.200000,0.300000>
	matrix <0.942293, 0.223317, 0.249426,
		-0.328578, 0.759725, 0.561119,
		-0.064188, -0.610695, 0.789260,
		48.799324, 53.423100, 54.270462>
	pigment { color rgbt <0,1,1,0> }
	no_shadow
}
cylinder {
	<49.019615, 54.248291, 54.429428>,  <48.844257, 53.850586, 53.717979>, 0.130000
	pigment { color rgbt <1,0,0,0> }
	no_shadow
}

// nucleotide -1

// particle -1
sphere {
	<49.019615, 54.248291, 54.429428> 0.250000
	pigment { color rgbt <1,0,0,0> }
	no_shadow
}
cylinder {
	<49.068565, 53.851376, 54.421646>,  <49.097935, 53.613224, 54.416977>, 0.100000
	pigment { color rgbt <1,0,0,0> }
	no_shadow
}
cylinder {
	<49.068565, 53.851376, 54.421646>,  <49.019615, 54.248291, 54.429428>, 0.100000
	pigment { color rgbt <1,0,0,0> }
	no_shadow
}

// particle -1
sphere {
	<49.068565, 53.851376, 54.421646> 0.100000
	pigment { color rgbt <1,0,0,0> }
	no_shadow
}
sphere {
	0, 1
	scale<0.080000,0.200000,0.300000>
	matrix <0.958683, 0.113112, 0.261022,
		-0.256810, -0.050596, 0.965137,
		0.122376, -0.992293, -0.019457,
		49.105278, 53.553688, 54.415810>
	pigment { color rgbt <0,1,1,0> }
	no_shadow
}
cylinder {
	<49.394241, 54.098526, 55.080212>,  <49.019615, 54.248291, 54.429428>, 0.130000
	pigment { color rgbt <1,0,0,0> }
	no_shadow
}

// nucleotide -1

// particle -1
sphere {
	<49.394241, 54.098526, 55.080212> 0.250000
	pigment { color rgbt <1,0,0,0> }
	no_shadow
}
cylinder {
	<49.439114, 53.817883, 54.798740>,  <49.466038, 53.649498, 54.629856>, 0.100000
	pigment { color rgbt <1,0,0,0> }
	no_shadow
}
cylinder {
	<49.439114, 53.817883, 54.798740>,  <49.394241, 54.098526, 55.080212>, 0.100000
	pigment { color rgbt <1,0,0,0> }
	no_shadow
}

// particle -1
sphere {
	<49.439114, 53.817883, 54.798740> 0.100000
	pigment { color rgbt <1,0,0,0> }
	no_shadow
}
sphere {
	0, 1
	scale<0.080000,0.200000,0.300000>
	matrix <0.973961, -0.062769, 0.217852,
		-0.197016, -0.709795, 0.676296,
		0.112180, -0.701606, -0.703679,
		49.472767, 53.607399, 54.587635>
	pigment { color rgbt <0,1,1,0> }
	no_shadow
}
cylinder {
	<49.732918, 53.405460, 55.316589>,  <49.394241, 54.098526, 55.080212>, 0.130000
	pigment { color rgbt <1,0,0,0> }
	no_shadow
}

// nucleotide -1

// particle -1
sphere {
	<49.732918, 53.405460, 55.316589> 0.250000
	pigment { color rgbt <1,0,0,0> }
	no_shadow
}
cylinder {
	<49.821678, 53.506004, 54.939743>,  <49.874935, 53.566330, 54.713634>, 0.100000
	pigment { color rgbt <1,0,0,0> }
	no_shadow
}
cylinder {
	<49.821678, 53.506004, 54.939743>,  <49.732918, 53.405460, 55.316589>, 0.100000
	pigment { color rgbt <1,0,0,0> }
	no_shadow
}

// particle -1
sphere {
	<49.821678, 53.506004, 54.939743> 0.100000
	pigment { color rgbt <1,0,0,0> }
	no_shadow
}
sphere {
	0, 1
	scale<0.080000,0.200000,0.300000>
	matrix <0.973560, -0.003358, 0.228409,
		0.054249, -0.967888, -0.245460,
		0.221899, 0.251361, -0.942114,
		49.888248, 53.581413, 54.657108>
	pigment { color rgbt <0,1,1,0> }
	no_shadow
}
cylinder {
	<50.305618, 53.008724, 55.108292>,  <49.732918, 53.405460, 55.316589>, 0.130000
	pigment { color rgbt <1,0,0,0> }
	no_shadow
}

// nucleotide -1

// particle -1
sphere {
	<50.305618, 53.008724, 55.108292> 0.250000
	pigment { color rgbt <1,0,0,0> }
	no_shadow
}
cylinder {
	<50.299225, 53.302963, 54.837402>,  <50.295387, 53.479507, 54.674870>, 0.100000
	pigment { color rgbt <1,0,0,0> }
	no_shadow
}
cylinder {
	<50.299225, 53.302963, 54.837402>,  <50.305618, 53.008724, 55.108292>, 0.100000
	pigment { color rgbt <1,0,0,0> }
	no_shadow
}

// particle -1
sphere {
	<50.299225, 53.302963, 54.837402> 0.100000
	pigment { color rgbt <1,0,0,0> }
	no_shadow
}
sphere {
	0, 1
	scale<0.080000,0.200000,0.300000>
	matrix <0.984189, 0.131069, 0.119137,
		0.176401, -0.664613, -0.726067,
		-0.015984, 0.735602, -0.677225,
		50.294430, 53.523643, 54.634235>
	pigment { color rgbt <0,1,1,0> }
	no_shadow
}
cylinder {
	<50.739624, 52.866699, 54.484268>,  <50.305618, 53.008724, 55.108292>, 0.130000
	pigment { color rgbt <1,0,0,0> }
	no_shadow
}

// nucleotide -1

// particle -1
sphere {
	<50.739624, 52.866699, 54.484268> 0.250000
	pigment { color rgbt <1,0,0,0> }
	no_shadow
}
cylinder {
	<50.684113, 53.245995, 54.598522>,  <50.650806, 53.473572, 54.667072>, 0.100000
	pigment { color rgbt <1,0,0,0> }
	no_shadow
}
cylinder {
	<50.684113, 53.245995, 54.598522>,  <50.739624, 52.866699, 54.484268>, 0.100000
	pigment { color rgbt <1,0,0,0> }
	no_shadow
}

// particle -1
sphere {
	<50.684113, 53.245995, 54.598522> 0.100000
	pigment { color rgbt <1,0,0,0> }
	no_shadow
}
sphere {
	0, 1
	scale<0.080000,0.200000,0.300000>
	matrix <0.987299, 0.154996, -0.034874,
		-0.077341, 0.277166, -0.957704,
		-0.138774, 0.948238, 0.285633,
		50.642479, 53.530464, 54.684212>
	pigment { color rgbt <0,1,1,0> }
	no_shadow
}
cylinder {
	<51.086102, 53.389492, 54.035667>,  <50.739624, 52.866699, 54.484268>, 0.130000
	pigment { color rgbt <1,0,0,0> }
	no_shadow
}

// nucleotide -1

// particle -1
sphere {
	<51.086102, 53.389492, 54.035667> 0.250000
	pigment { color rgbt <1,0,0,0> }
	no_shadow
}
cylinder {
	<51.021030, 53.552486, 54.395111>,  <50.981987, 53.650284, 54.610775>, 0.100000
	pigment { color rgbt <1,0,0,0> }
	no_shadow
}
cylinder {
	<51.021030, 53.552486, 54.395111>,  <51.086102, 53.389492, 54.035667>, 0.100000
	pigment { color rgbt <1,0,0,0> }
	no_shadow
}

// particle -1
sphere {
	<51.021030, 53.552486, 54.395111> 0.100000
	pigment { color rgbt <1,0,0,0> }
	no_shadow
}
sphere {
	0, 1
	scale<0.080000,0.200000,0.300000>
	matrix <0.922965, 0.384812, -0.007408,
		-0.348813, 0.828177, -0.438694,
		-0.162680, 0.407483, 0.898606,
		50.972225, 53.674732, 54.664692>
	pigment { color rgbt <0,1,1,0> }
	no_shadow
}
cylinder {
	<51.204624, 54.161777, 53.937614>,  <51.086102, 53.389492, 54.035667>, 0.130000
	pigment { color rgbt <1,0,0,0> }
	no_shadow
}

// nucleotide -1

// particle -1
sphere {
	<51.204624, 54.161777, 53.937614> 0.250000
	pigment { color rgbt <1,0,0,0> }
	no_shadow
}
cylinder {
	<51.268311, 54.045456, 54.314991>,  <51.306522, 53.975662, 54.541416>, 0.100000
	pigment { color rgbt <1,0,0,0> }
	no_shadow
}
cylinder {
	<51.268311, 54.045456, 54.314991>,  <51.204624, 54.161777, 53.937614>, 0.100000
	pigment { color rgbt <1,0,0,0> }
	no_shadow
}

// particle -1
sphere {
	<51.268311, 54.045456, 54.314991> 0.100000
	pigment { color rgbt <1,0,0,0> }
	no_shadow
}
sphere {
	0, 1
	scale<0.080000,0.200000,0.300000>
	matrix <0.966177, 0.242265, -0.088373,
		-0.202864, 0.925603, 0.319540,
		0.159212, -0.290804, 0.943443,
		51.316074, 53.958214, 54.598022>
	pigment { color rgbt <0,1,1,0> }
	no_shadow
}
cylinder {
	<51.374149, 54.689762, 54.489014>,  <51.204624, 54.161777, 53.937614>, 0.130000
	pigment { color rgbt <1,0,0,0> }
	no_shadow
}

// nucleotide -1

// particle -1
sphere {
	<51.374149, 54.689762, 54.489014> 0.250000
	pigment { color rgbt <1,0,0,0> }
	no_shadow
}
cylinder {
	<51.561348, 54.337162, 54.514130>,  <51.673668, 54.125603, 54.529198>, 0.100000
	pigment { color rgbt <1,0,0,0> }
	no_shadow
}
cylinder {
	<51.561348, 54.337162, 54.514130>,  <51.374149, 54.689762, 54.489014>, 0.100000
	pigment { color rgbt <1,0,0,0> }
	no_shadow
}

// particle -1
sphere {
	<51.561348, 54.337162, 54.514130> 0.100000
	pigment { color rgbt <1,0,0,0> }
	no_shadow
}
sphere {
	0, 1
	scale<0.080000,0.200000,0.300000>
	matrix <0.877416, 0.455001, -0.152035,
		0.105450, 0.126244, 0.986379,
		0.467997, -0.881497, 0.062789,
		51.701748, 54.072712, 54.532967>
	pigment { color rgbt <0,1,1,0> }
	no_shadow
}
cylinder {
	<52.026245, 54.700287, 54.994995>,  <51.374149, 54.689762, 54.489014>, 0.130000
	pigment { color rgbt <1,0,0,0> }
	no_shadow
}

// nucleotide -1

// particle -1
sphere {
	<52.026245, 54.700287, 54.994995> 0.250000
	pigment { color rgbt <1,0,0,0> }
	no_shadow
}
cylinder {
	<52.032120, 54.453571, 54.680199>,  <52.035645, 54.305542, 54.491322>, 0.100000
	pigment { color rgbt <1,0,0,0> }
	no_shadow
}
cylinder {
	<52.032120, 54.453571, 54.680199>,  <52.026245, 54.700287, 54.994995>, 0.100000
	pigment { color rgbt <1,0,0,0> }
	no_shadow
}

// particle -1
sphere {
	<52.032120, 54.453571, 54.680199> 0.100000
	pigment { color rgbt <1,0,0,0> }
	no_shadow
}
sphere {
	0, 1
	scale<0.080000,0.200000,0.300000>
	matrix <0.932118, 0.293284, -0.212462,
		0.361857, -0.730445, 0.579232,
