// switches for output
#declare DRAW_BASES = 1; // possible values are 0, 1; only relevant for DNA ribbons
#declare DRAW_BASES_TYPE = 3; // possible values are 1, 2, 3; only relevant for DNA ribbons
#declare DRAW_FOG = 0; // set to 1 to enable fog

#include "colors.inc"

#include "transforms.inc"
background { rgb <1, 1, 1>}

#default {
   normal{
       ripples 0.25
       frequency 0.20
       turbulence 0.2
       lambda 5
   }
	finish {
		phong 0.1
		phong_size 40.
	}
}

// original window dimensions: 1024x640


// camera settings

camera {
	sky <-0, 1, 0>
	up <-0, 1, 0>
	right 1.6 * <0.99995, 0, 0.00999983>
	location <54.4867, 55, 106.329>
	look_at <55, 55, 55.0001>
	direction <0.513302, 0, -51.3289>
	angle 67.0682
}


# declare cpy_camera_pos = <54.4867, 55, 106.329>;
# if (DRAW_FOG = 1)
fog {
	fog_type 2
	up vnormalize(cpy_camera_pos)
	color rgbt<1,1,1,0.3>
	distance 1e-5
	fog_alt 3e-3
	fog_offset 88
}
# end


// LIGHTS

# declare lum = 6;
global_settings {
	ambient_light rgb lum * <0.05, 0.05, 0.05>
	max_trace_level 15
}# declare cpy_direct_light_amount = 0.25;
light_source
{	1000 * <-0.98995, -1, 1.00995>,
	rgb lum * cpy_direct_light_amount
	parallel
}

light_source
{	1000 * <0.98995, 1, -1.00995>,
	rgb lum * cpy_direct_light_amount
	parallel
}

// strand 0

// nucleotide -1

// particle -1
sphere {
	<36.542236, 53.589073, 49.963531> 0.250000
	pigment { color rgbt <1,0,0,0> }
	no_shadow
}
cylinder {
	<36.444908, 53.232285, 49.811123>,  <36.386509, 53.018211, 49.719677>, 0.100000
	pigment { color rgbt <1,0,0,0> }
	no_shadow
}
cylinder {
	<36.444908, 53.232285, 49.811123>,  <36.542236, 53.589073, 49.963531>, 0.100000
	pigment { color rgbt <1,0,0,0> }
	no_shadow
}

// particle -1
sphere {
	<36.444908, 53.232285, 49.811123> 0.100000
	pigment { color rgbt <1,0,0,0> }
	no_shadow
}
sphere {
	0, 1
	scale<0.080000,0.200000,0.300000>
	matrix <0.966545, -0.255844, -0.018315,
		-0.081145, -0.372730, 0.924385,
		-0.243325, -0.891973, -0.381021,
		36.371910, 52.964691, 49.696815>
	pigment { color rgbt <0,1,1,0> }
	no_shadow
}
cylinder {
	<36.724072, 52.888199, 50.172352>,  <36.542236, 53.589073, 49.963531>, 0.130000
	pigment { color rgbt <1,0,0,0> }
	no_shadow
}

// nucleotide -1

// particle -1
sphere {
	<36.724072, 52.888199, 50.172352> 0.250000
	pigment { color rgbt <1,0,0,0> }
	no_shadow
}
cylinder {
	<36.732430, 52.791054, 49.784416>,  <36.737446, 52.732765, 49.551655>, 0.100000
	pigment { color rgbt <1,0,0,0> }
	no_shadow
}
cylinder {
	<36.732430, 52.791054, 49.784416>,  <36.724072, 52.888199, 50.172352>, 0.100000
	pigment { color rgbt <1,0,0,0> }
	no_shadow
}

// particle -1
sphere {
	<36.732430, 52.791054, 49.784416> 0.100000
	pigment { color rgbt <1,0,0,0> }
	no_shadow
}
sphere {
	0, 1
	scale<0.080000,0.200000,0.300000>
	matrix <0.835865, -0.527980, 0.150224,
		-0.548538, -0.813791, 0.191967,
		0.020896, -0.242862, -0.969836,
		36.738697, 52.718197, 49.493465>
	pigment { color rgbt <0,1,1,0> }
	no_shadow
}
cylinder {
	<37.520542, 53.102219, 50.155769>,  <36.724072, 52.888199, 50.172352>, 0.130000
	pigment { color rgbt <1,0,0,0> }
	no_shadow
}

// nucleotide -1

// particle -1
sphere {
	<37.520542, 53.102219, 50.155769> 0.250000
	pigment { color rgbt <1,0,0,0> }
	no_shadow
}
cylinder {
	<37.718300, 52.891533, 50.432365>,  <37.836952, 52.765121, 50.598324>, 0.100000
	pigment { color rgbt <1,0,0,0> }
	no_shadow
}
cylinder {
	<37.718300, 52.891533, 50.432365>,  <37.520542, 53.102219, 50.155769>, 0.100000
	pigment { color rgbt <1,0,0,0> }
	no_shadow
}

// particle -1
sphere {
	<37.718300, 52.891533, 50.432365> 0.100000
	pigment { color rgbt <1,0,0,0> }
	no_shadow
}
sphere {
	0, 1
	scale<0.080000,0.200000,0.300000>
	matrix <0.359478, -0.600405, -0.714346,
		0.791426, 0.601740, -0.107493,
		0.494390, -0.526710, 0.691488,
		37.866615, 52.733521, 50.639812>
	pigment { color rgbt <0,1,1,0> }
	no_shadow
}
cylinder {
	<38.275063, 53.194096, 50.092255>,  <37.520542, 53.102219, 50.155769>, 0.130000
	pigment { color rgbt <1,0,0,0> }
	no_shadow
}

// nucleotide -1

// particle -1
sphere {
	<38.275063, 53.194096, 50.092255> 0.250000
	pigment { color rgbt <1,0,0,0> }
	no_shadow
}
cylinder {
	<38.108692, 52.851650, 50.214943>,  <38.008869, 52.646183, 50.288555>, 0.100000
	pigment { color rgbt <1,0,0,0> }
	no_shadow
}
cylinder {
	<38.108692, 52.851650, 50.214943>,  <38.275063, 53.194096, 50.092255>, 0.100000
	pigment { color rgbt <1,0,0,0> }
	no_shadow
}

// particle -1
sphere {
	<38.108692, 52.851650, 50.214943> 0.100000
	pigment { color rgbt <1,0,0,0> }
	no_shadow
}
sphere {
	0, 1
	scale<0.080000,0.200000,0.300000>
	matrix <0.430801, -0.482518, -0.762619,
		0.800887, -0.185054, 0.569505,
		-0.415922, -0.856114, 0.306721,
		37.983917, 52.594814, 50.306957>
	pigment { color rgbt <0,1,1,0> }
	no_shadow
}
cylinder {
	<38.803078, 52.784874, 50.144684>,  <38.275063, 53.194096, 50.092255>, 0.130000
	pigment { color rgbt <1,0,0,0> }
	no_shadow
}

// nucleotide -1

// particle -1
sphere {
	<38.803078, 52.784874, 50.144684> 0.250000
	pigment { color rgbt <1,0,0,0> }
	no_shadow
}
cylinder {
	<38.456116, 52.594604, 50.086258>,  <38.247936, 52.480442, 50.051205>, 0.100000
	pigment { color rgbt <1,0,0,0> }
	no_shadow
}
cylinder {
	<38.456116, 52.594604, 50.086258>,  <38.803078, 52.784874, 50.144684>, 0.100000
	pigment { color rgbt <1,0,0,0> }
	no_shadow
}

// particle -1
sphere {
	<38.456116, 52.594604, 50.086258> 0.100000
	pigment { color rgbt <1,0,0,0> }
	no_shadow
}
sphere {
	0, 1
	scale<0.080000,0.200000,0.300000>
	matrix <0.374073, -0.429788, -0.821798,
		0.328134, -0.767472, 0.550740,
		-0.867409, -0.475677, -0.146062,
		38.195892, 52.451900, 50.042439>
	pigment { color rgbt <0,1,1,0> }
	no_shadow
}
cylinder {
	<39.074005, 52.229462, 50.069534>,  <38.803078, 52.784874, 50.144684>, 0.130000
	pigment { color rgbt <1,0,0,0> }
	no_shadow
}

// nucleotide -1

// particle -1
sphere {
	<39.074005, 52.229462, 50.069534> 0.250000
	pigment { color rgbt <1,0,0,0> }
	no_shadow
}
cylinder {
	<38.705048, 52.237671, 49.915253>,  <38.483673, 52.242596, 49.822685>, 0.100000
	pigment { color rgbt <1,0,0,0> }
	no_shadow
}
cylinder {
	<38.705048, 52.237671, 49.915253>,  <39.074005, 52.229462, 50.069534>, 0.100000
	pigment { color rgbt <1,0,0,0> }
	no_shadow
}

// particle -1
sphere {
	<38.705048, 52.237671, 49.915253> 0.100000
	pigment { color rgbt <1,0,0,0> }
	no_shadow
}
sphere {
	0, 1
	scale<0.080000,0.200000,0.300000>
	matrix <0.370157, -0.238233, -0.897902,
		-0.110314, -0.970991, 0.212149,
		-0.922396, 0.020523, -0.385700,
		38.428329, 52.243828, 49.799541>
	pigment { color rgbt <0,1,1,0> }
	no_shadow
}
cylinder {
	<38.930019, 51.561481, 49.604073>,  <39.074005, 52.229462, 50.069534>, 0.130000
	pigment { color rgbt <1,0,0,0> }
	no_shadow
}

// nucleotide -1

// particle -1
sphere {
	<38.930019, 51.561481, 49.604073> 0.250000
	pigment { color rgbt <1,0,0,0> }
	no_shadow
}
cylinder {
	<38.693420, 51.866970, 49.500648>,  <38.551460, 52.050262, 49.438595>, 0.100000
	pigment { color rgbt <1,0,0,0> }
	no_shadow
}
cylinder {
	<38.693420, 51.866970, 49.500648>,  <38.930019, 51.561481, 49.604073>, 0.100000
	pigment { color rgbt <1,0,0,0> }
	no_shadow
}

// particle -1
sphere {
	<38.693420, 51.866970, 49.500648> 0.100000
	pigment { color rgbt <1,0,0,0> }
	no_shadow
}
sphere {
	0, 1
	scale<0.080000,0.200000,0.300000>
	matrix <0.244127, -0.135986, -0.960161,
		-0.768460, -0.631056, -0.106010,
		-0.591500, 0.763725, -0.258558,
		38.515972, 52.096088, 49.423080>
	pigment { color rgbt <0,1,1,0> }
	no_shadow
}
cylinder {
	<39.145466, 50.917831, 49.125767>,  <38.930019, 51.561481, 49.604073>, 0.130000
	pigment { color rgbt <1,0,0,0> }
	no_shadow
}

// nucleotide -1

// particle -1
sphere {
	<39.145466, 50.917831, 49.125767> 0.250000
	pigment { color rgbt <1,0,0,0> }
	no_shadow
}
cylinder {
	<39.014385, 51.291565, 49.069729>,  <38.935738, 51.515804, 49.036106>, 0.100000
	pigment { color rgbt <1,0,0,0> }
	no_shadow
}
cylinder {
	<39.014385, 51.291565, 49.069729>,  <39.145466, 50.917831, 49.125767>, 0.100000
	pigment { color rgbt <1,0,0,0> }
	no_shadow
}

// particle -1
sphere {
	<39.014385, 51.291565, 49.069729> 0.100000
	pigment { color rgbt <1,0,0,0> }
	no_shadow
}
sphere {
	0, 1
	scale<0.080000,0.200000,0.300000>
	matrix <-0.920419, -0.349178, -0.175794,
		-0.213170, 0.071341, 0.974407,
		-0.327700, 0.934337, -0.140098,
		38.916077, 51.571865, 49.027699>
	pigment { color rgbt <0,1,1,0> }
	no_shadow
}
cylinder {
	<39.471035, 51.368683, 48.657413>,  <39.145466, 50.917831, 49.125767>, 0.130000
	pigment { color rgbt <1,0,0,0> }
	no_shadow
}

// nucleotide -1

// particle -1
sphere {
	<39.471035, 51.368683, 48.657413> 0.250000
	pigment { color rgbt <1,0,0,0> }
	no_shadow
}
cylinder {
	<39.862091, 51.292202, 48.692413>,  <40.096725, 51.246315, 48.713413>, 0.100000
	pigment { color rgbt <1,0,0,0> }
	no_shadow
}
cylinder {
	<39.862091, 51.292202, 48.692413>,  <39.471035, 51.368683, 48.657413>, 0.100000
	pigment { color rgbt <1,0,0,0> }
	no_shadow
}

// particle -1
sphere {
	<39.862091, 51.292202, 48.692413> 0.100000
	pigment { color rgbt <1,0,0,0> }
	no_shadow
}
sphere {
	0, 1
	scale<0.080000,0.200000,0.300000>
	matrix <0.187837, 0.607111, -0.772096,
		0.094501, 0.771271, 0.629453,
		0.977643, -0.191199, 0.087501,
		40.155384, 51.234844, 48.718662>
	pigment { color rgbt <0,1,1,0> }
	no_shadow
}
cylinder {
	<39.917358, 51.966015, 48.617329>,  <39.471035, 51.368683, 48.657413>, 0.130000
	pigment { color rgbt <1,0,0,0> }
	no_shadow
}

// nucleotide -1

// particle -1
sphere {
	<39.917358, 51.966015, 48.617329> 0.250000
	pigment { color rgbt <1,0,0,0> }
	no_shadow
}
cylinder {
	<40.137074, 51.663811, 48.474510>,  <40.268902, 51.482487, 48.388821>, 0.100000
	pigment { color rgbt <1,0,0,0> }
	no_shadow
}
cylinder {
	<40.137074, 51.663811, 48.474510>,  <39.917358, 51.966015, 48.617329>, 0.100000
	pigment { color rgbt <1,0,0,0> }
	no_shadow
}

// particle -1
sphere {
	<40.137074, 51.663811, 48.474510> 0.100000
	pigment { color rgbt <1,0,0,0> }
	no_shadow
}
sphere {
	0, 1
	scale<0.080000,0.200000,0.300000>
	matrix <0.258449, 0.559928, -0.787200,
		0.794659, 0.340123, 0.502825,
		0.549291, -0.755511, -0.357047,
		40.301861, 51.437157, 48.367397>
	pigment { color rgbt <0,1,1,0> }
	no_shadow
}
cylinder {
	<40.679771, 52.184353, 48.568935>,  <39.917358, 51.966015, 48.617329>, 0.130000
	pigment { color rgbt <1,0,0,0> }
	no_shadow
}

// nucleotide -1

// particle -1
sphere {
	<40.679771, 52.184353, 48.568935> 0.250000
	pigment { color rgbt <1,0,0,0> }
	no_shadow
}
cylinder {
	<40.544743, 51.938438, 48.283813>,  <40.463726, 51.790890, 48.112740>, 0.100000
	pigment { color rgbt <1,0,0,0> }
	no_shadow
}
cylinder {
	<40.544743, 51.938438, 48.283813>,  <40.679771, 52.184353, 48.568935>, 0.100000
	pigment { color rgbt <1,0,0,0> }
	no_shadow
}

// particle -1
sphere {
	<40.544743, 51.938438, 48.283813> 0.100000
	pigment { color rgbt <1,0,0,0> }
	no_shadow
}
sphere {
	0, 1
	scale<0.080000,0.200000,0.300000>
	matrix <0.291079, 0.651961, -0.700157,
		0.895165, -0.443834, -0.041132,
		-0.337570, -0.614784, -0.712803,
		40.443470, 51.754002, 48.069973>
	pigment { color rgbt <0,1,1,0> }
	no_shadow
}
cylinder {
	<40.927937, 52.614861, 49.250160>,  <40.679771, 52.184353, 48.568935>, 0.130000
	pigment { color rgbt <1,0,0,0> }
	no_shadow
}

// nucleotide -1

// particle -1
sphere {
	<40.927937, 52.614861, 49.250160> 0.250000
	pigment { color rgbt <1,0,0,0> }
	no_shadow
}
cylinder {
	<41.022114, 52.882690, 48.968388>,  <41.078621, 53.043388, 48.799324>, 0.100000
	pigment { color rgbt <1,0,0,0> }
	no_shadow
}
cylinder {
	<41.022114, 52.882690, 48.968388>,  <40.927937, 52.614861, 49.250160>, 0.100000
	pigment { color rgbt <1,0,0,0> }
	no_shadow
}

// particle -1
sphere {
	<41.022114, 52.882690, 48.968388> 0.100000
	pigment { color rgbt <1,0,0,0> }
	no_shadow
}
sphere {
	0, 1
	scale<0.080000,0.200000,0.300000>
	matrix <-0.730248, -0.356410, -0.582847,
		-0.641330, 0.651641, 0.405043,
		0.235446, 0.669579, -0.704436,
		41.092747, 53.083565, 48.757057>
	pigment { color rgbt <0,1,1,0> }
	no_shadow
}
cylinder {
	<41.663456, 52.597301, 49.508656>,  <40.927937, 52.614861, 49.250160>, 0.130000
	pigment { color rgbt <1,0,0,0> }
	no_shadow
}

// nucleotide -1

// particle -1
sphere {
	<41.663456, 52.597301, 49.508656> 0.250000
	pigment { color rgbt <1,0,0,0> }
	no_shadow
}
cylinder {
	<41.951630, 52.353741, 49.641449>,  <42.124535, 52.207603, 49.721127>, 0.100000
	pigment { color rgbt <1,0,0,0> }
	no_shadow
}
cylinder {
	<41.951630, 52.353741, 49.641449>,  <41.663456, 52.597301, 49.508656>, 0.100000
	pigment { color rgbt <1,0,0,0> }
	no_shadow
}

// particle -1
sphere {
	<41.951630, 52.353741, 49.641449> 0.100000
	pigment { color rgbt <1,0,0,0> }
	no_shadow
}
sphere {
	0, 1
	scale<0.080000,0.200000,0.300000>
	matrix <0.683739, 0.703723, -0.193069,
		-0.116066, 0.366085, 0.923315,
		0.720437, -0.608898, 0.331984,
		42.167763, 52.171070, 49.741043>
	pigment { color rgbt <0,1,1,0> }
	no_shadow
}
cylinder {
	<42.141308, 52.664391, 50.165833>,  <41.663456, 52.597301, 49.508656>, 0.130000
	pigment { color rgbt <1,0,0,0> }
	no_shadow
}

// nucleotide -1

// particle -1
sphere {
	<42.141308, 52.664391, 50.165833> 0.250000
	pigment { color rgbt <1,0,0,0> }
	no_shadow
}
cylinder {
	<42.381573, 52.475052, 49.908104>,  <42.525730, 52.361450, 49.753468>, 0.100000
	pigment { color rgbt <1,0,0,0> }
	no_shadow
}
cylinder {
	<42.381573, 52.475052, 49.908104>,  <42.141308, 52.664391, 50.165833>, 0.100000
	pigment { color rgbt <1,0,0,0> }
	no_shadow
}

// particle -1
sphere {
	<42.381573, 52.475052, 49.908104> 0.100000
	pigment { color rgbt <1,0,0,0> }
	no_shadow
}
sphere {
	0, 1
	scale<0.080000,0.200000,0.300000>
	matrix <0.581805, 0.811546, -0.053817,
		0.548371, -0.342543, 0.762859,
		0.600661, -0.473347, -0.644321,
		42.561771, 52.333050, 49.714809>
	pigment { color rgbt <0,1,1,0> }
	no_shadow
}
cylinder {
	<42.764122, 52.996758, 50.223305>,  <42.141308, 52.664391, 50.165833>, 0.130000
	pigment { color rgbt <1,0,0,0> }
	no_shadow
}

// nucleotide -1

// particle -1
sphere {
	<42.764122, 52.996758, 50.223305> 0.250000
	pigment { color rgbt <1,0,0,0> }
	no_shadow
}
cylinder {
	<42.823082, 52.782909, 49.890450>,  <42.858459, 52.654598, 49.690735>, 0.100000
	pigment { color rgbt <1,0,0,0> }
	no_shadow
}
cylinder {
	<42.823082, 52.782909, 49.890450>,  <42.764122, 52.996758, 50.223305>, 0.100000
	pigment { color rgbt <1,0,0,0> }
	no_shadow
}

// particle -1
sphere {
	<42.823082, 52.782909, 49.890450> 0.100000
	pigment { color rgbt <1,0,0,0> }
	no_shadow
}
sphere {
	0, 1
	scale<0.080000,0.200000,0.300000>
	matrix <0.600513, 0.716884, -0.354207,
		0.785912, -0.447499, 0.426716,
		0.147399, -0.534624, -0.832136,
		42.867302, 52.622520, 49.640808>
	pigment { color rgbt <0,1,1,0> }
	no_shadow
}
cylinder {
	<43.328930, 53.086781, 50.643955>,  <42.764122, 52.996758, 50.223305>, 0.130000
	pigment { color rgbt <1,0,0,0> }
	no_shadow
}

// nucleotide -1

// particle -1
sphere {
	<43.328930, 53.086781, 50.643955> 0.250000
	pigment { color rgbt <1,0,0,0> }
	no_shadow
}
cylinder {
	<43.391052, 53.297062, 50.978504>,  <43.428326, 53.423233, 51.179234>, 0.100000
	pigment { color rgbt <1,0,0,0> }
	no_shadow
}
cylinder {
	<43.391052, 53.297062, 50.978504>,  <43.328930, 53.086781, 50.643955>, 0.100000
	pigment { color rgbt <1,0,0,0> }
	no_shadow
}

// particle -1
sphere {
	<43.391052, 53.297062, 50.978504> 0.100000
	pigment { color rgbt <1,0,0,0> }
	no_shadow
}
sphere {
	0, 1
	scale<0.080000,0.200000,0.300000>
	matrix <0.669039, -0.678888, 0.302486,
		0.726819, 0.512585, -0.457154,
		0.155307, 0.525707, 0.836368,
		43.437645, 53.454773, 51.229416>
	pigment { color rgbt <0,1,1,0> }
	no_shadow
}
cylinder {
	<44.053848, 53.301937, 50.818897>,  <43.328930, 53.086781, 50.643955>, 0.130000
	pigment { color rgbt <1,0,0,0> }
	no_shadow
}

// nucleotide -1

// particle -1
sphere {
	<44.053848, 53.301937, 50.818897> 0.250000
	pigment { color rgbt <1,0,0,0> }
	no_shadow
}
cylinder {
	<43.878403, 53.237034, 51.172462>,  <43.773136, 53.198093, 51.384602>, 0.100000
	pigment { color rgbt <1,0,0,0> }
	no_shadow
}
cylinder {
	<43.878403, 53.237034, 51.172462>,  <44.053848, 53.301937, 50.818897>, 0.100000
	pigment { color rgbt <1,0,0,0> }
	no_shadow
}

// particle -1
sphere {
	<43.878403, 53.237034, 51.172462> 0.100000
	pigment { color rgbt <1,0,0,0> }
	no_shadow
}
sphere {
	0, 1
	scale<0.080000,0.200000,0.300000>
	matrix <0.739993, -0.623308, 0.252780,
		0.509932, 0.764958, 0.393457,
		-0.438610, -0.162255, 0.883909,
		43.746819, 53.188358, 51.437634>
	pigment { color rgbt <0,1,1,0> }
	no_shadow
}
cylinder {
	<44.524200, 53.585072, 51.422047>,  <44.053848, 53.301937, 50.818897>, 0.130000
	pigment { color rgbt <1,0,0,0> }
	no_shadow
}

// nucleotide -1

// particle -1
sphere {
	<44.524200, 53.585072, 51.422047> 0.250000
	pigment { color rgbt <1,0,0,0> }
	no_shadow
}
cylinder {
	<44.276733, 53.283005, 51.508743>,  <44.128254, 53.101765, 51.560760>, 0.100000
	pigment { color rgbt <1,0,0,0> }
	no_shadow
}
cylinder {
	<44.276733, 53.283005, 51.508743>,  <44.524200, 53.585072, 51.422047>, 0.100000
	pigment { color rgbt <1,0,0,0> }
	no_shadow
}

// particle -1
sphere {
	<44.276733, 53.283005, 51.508743> 0.100000
	pigment { color rgbt <1,0,0,0> }
	no_shadow
}
sphere {
	0, 1
	scale<0.080000,0.200000,0.300000>
	matrix <0.771468, -0.636109, -0.014213,
		0.148603, 0.158413, 0.976126,
		-0.618671, -0.755163, 0.216738,
		44.091133, 53.056458, 51.573765>
	pigment { color rgbt <0,1,1,0> }
	no_shadow
}
cylinder {
	<45.333492, 53.464687, 51.443317>,  <44.524200, 53.585072, 51.422047>, 0.130000
	pigment { color rgbt <1,0,0,0> }
	no_shadow
}

// nucleotide -1

// particle -1
sphere {
	<45.333492, 53.464687, 51.443317> 0.250000
	pigment { color rgbt <1,0,0,0> }
	no_shadow
}
cylinder {
	<45.647560, 53.292374, 51.265358>,  <45.835999, 53.188984, 51.158581>, 0.100000
	pigment { color rgbt <1,0,0,0> }
	no_shadow
}
cylinder {
	<45.647560, 53.292374, 51.265358>,  <45.333492, 53.464687, 51.443317>, 0.100000
	pigment { color rgbt <1,0,0,0> }
	no_shadow
}

// particle -1
sphere {
	<45.647560, 53.292374, 51.265358> 0.100000
	pigment { color rgbt <1,0,0,0> }
	no_shadow
}
sphere {
	0, 1
	scale<0.080000,0.200000,0.300000>
	matrix <-0.226763, -0.868510, 0.440759,
		-0.576273, -0.245183, -0.779612,
		0.785167, -0.430785, -0.444900,
		45.883110, 53.163139, 51.131889>
	pigment { color rgbt <0,1,1,0> }
	no_shadow
}
cylinder {
	<45.297703, 52.880596, 51.728001>,  <45.333492, 53.464687, 51.443317>, 0.130000
	pigment { color rgbt <1,0,0,0> }
	no_shadow
}

// nucleotide -1

// particle -1
sphere {
	<45.297703, 52.880596, 51.728001> 0.250000
	pigment { color rgbt <1,0,0,0> }
	no_shadow
}
cylinder {
	<45.629143, 52.851799, 51.505924>,  <45.828007, 52.834522, 51.372677>, 0.100000
	pigment { color rgbt <1,0,0,0> }
	no_shadow
}
cylinder {
	<45.629143, 52.851799, 51.505924>,  <45.297703, 52.880596, 51.728001>, 0.100000
	pigment { color rgbt <1,0,0,0> }
	no_shadow
}

// particle -1
sphere {
	<45.629143, 52.851799, 51.505924> 0.100000
	pigment { color rgbt <1,0,0,0> }
	no_shadow
}
sphere {
	0, 1
	scale<0.080000,0.200000,0.300000>
	matrix <0.140549, -0.933186, 0.330771,
		-0.541913, -0.352108, -0.763118,
		0.828599, -0.071994, -0.555195,
		45.877724, 52.830200, 51.339367>
	pigment { color rgbt <0,1,1,0> }
	no_shadow
}
cylinder {
	<45.305191, 52.203533, 51.451965>,  <45.297703, 52.880596, 51.728001>, 0.130000
	pigment { color rgbt <1,0,0,0> }
	no_shadow
}

// nucleotide -1

// particle -1
sphere {
	<45.305191, 52.203533, 51.451965> 0.250000
	pigment { color rgbt <1,0,0,0> }
	no_shadow
}
cylinder {
	<45.673000, 52.352280, 51.502861>,  <45.893688, 52.441528, 51.533398>, 0.100000
	pigment { color rgbt <1,0,0,0> }
	no_shadow
}
cylinder {
	<45.673000, 52.352280, 51.502861>,  <45.305191, 52.203533, 51.451965>, 0.100000
	pigment { color rgbt <1,0,0,0> }
	no_shadow
}

// particle -1
sphere {
	<45.673000, 52.352280, 51.502861> 0.100000
	pigment { color rgbt <1,0,0,0> }
	no_shadow
}
sphere {
	0, 1
	scale<0.080000,0.200000,0.300000>
	matrix <0.301541, -0.875124, 0.378460,
		0.252085, -0.309636, -0.916831,
		0.919525, 0.371866, 0.127237,
		45.948856, 52.463840, 51.541031>
	pigment { color rgbt <0,1,1,0> }
	no_shadow
}
cylinder {
	<45.795486, 51.810558, 51.232265>,  <45.305191, 52.203533, 51.451965>, 0.130000
	pigment { color rgbt <1,0,0,0> }
	no_shadow
}

// nucleotide -1

// particle -1
sphere {
	<45.795486, 51.810558, 51.232265> 0.250000
	pigment { color rgbt <1,0,0,0> }
	no_shadow
}
cylinder {
	<45.941589, 52.011345, 51.545853>,  <46.029251, 52.131817, 51.734005>, 0.100000
	pigment { color rgbt <1,0,0,0> }
	no_shadow
}
cylinder {
	<45.941589, 52.011345, 51.545853>,  <45.795486, 51.810558, 51.232265>, 0.100000
	pigment { color rgbt <1,0,0,0> }
	no_shadow
}

// particle -1
sphere {
	<45.941589, 52.011345, 51.545853> 0.100000
	pigment { color rgbt <1,0,0,0> }
	no_shadow
}
sphere {
	0, 1
	scale<0.080000,0.200000,0.300000>
	matrix <0.208269, -0.864878, 0.456739,
		0.907309, -0.003550, -0.420449,
		0.365258, 0.501970, 0.783972,
		46.051167, 52.161938, 51.781044>
	pigment { color rgbt <0,1,1,0> }
	no_shadow
}
cylinder {
	<46.338875, 51.449371, 51.569920>,  <45.795486, 51.810558, 51.232265>, 0.130000
	pigment { color rgbt <1,0,0,0> }
	no_shadow
}

// nucleotide -1

// particle -1
sphere {
	<46.338875, 51.449371, 51.569920> 0.250000
	pigment { color rgbt <1,0,0,0> }
	no_shadow
}
cylinder {
	<46.163151, 51.683899, 51.842163>,  <46.057716, 51.824615, 52.005508>, 0.100000
	pigment { color rgbt <1,0,0,0> }
	no_shadow
}
cylinder {
	<46.163151, 51.683899, 51.842163>,  <46.338875, 51.449371, 51.569920>, 0.100000
	pigment { color rgbt <1,0,0,0> }
	no_shadow
}

// particle -1
sphere {
	<46.163151, 51.683899, 51.842163> 0.100000
	pigment { color rgbt <1,0,0,0> }
	no_shadow
}
sphere {
	0, 1
	scale<0.080000,0.200000,0.300000>
	matrix <0.064808, -0.734976, 0.674989,
		0.895994, 0.340640, 0.284885,
		-0.439312, 0.586323, 0.680610,
		46.031357, 51.859795, 52.046345>
	pigment { color rgbt <0,1,1,0> }
	no_shadow
}
cylinder {
	<47.051361, 51.324036, 51.275906>,  <46.338875, 51.449371, 51.569920>, 0.130000
	pigment { color rgbt <1,0,0,0> }
	no_shadow
}

// nucleotide -1

// particle -1
sphere {
	<47.051361, 51.324036, 51.275906> 0.250000
	pigment { color rgbt <1,0,0,0> }
	no_shadow
}
cylinder {
	<47.012836, 51.621475, 51.011246>,  <46.989723, 51.799938, 50.852448>, 0.100000
	pigment { color rgbt <1,0,0,0> }
	no_shadow
}
cylinder {
	<47.012836, 51.621475, 51.011246>,  <47.051361, 51.324036, 51.275906>, 0.100000
	pigment { color rgbt <1,0,0,0> }
	no_shadow
}

// particle -1
sphere {
	<47.012836, 51.621475, 51.011246> 0.100000
	pigment { color rgbt <1,0,0,0> }
	no_shadow
}
sphere {
	0, 1
	scale<0.080000,0.200000,0.300000>
	matrix <0.994025, 0.037544, -0.102496,
		-0.051374, -0.667571, -0.742771,
		-0.096310, 0.743599, -0.661654,
		46.983944, 51.844555, 50.812748>
	pigment { color rgbt <0,1,1,0> }
	no_shadow
}
cylinder {
	<47.324734, 51.200520, 50.557789>,  <47.051361, 51.324036, 51.275906>, 0.130000
	pigment { color rgbt <1,0,0,0> }
	no_shadow
}

// nucleotide -1

// particle -1
sphere {
	<47.324734, 51.200520, 50.557789> 0.250000
	pigment { color rgbt <1,0,0,0> }
	no_shadow
}
cylinder {
	<47.375896, 51.589981, 50.633308>,  <47.406593, 51.823658, 50.678619>, 0.100000
	pigment { color rgbt <1,0,0,0> }
	no_shadow
}
cylinder {
	<47.375896, 51.589981, 50.633308>,  <47.324734, 51.200520, 50.557789>, 0.100000
	pigment { color rgbt <1,0,0,0> }
	no_shadow
}

// particle -1
sphere {
	<47.375896, 51.589981, 50.633308> 0.100000
	pigment { color rgbt <1,0,0,0> }
	no_shadow
}
sphere {
	0, 1
	scale<0.080000,0.200000,0.300000>
	matrix <0.987443, -0.107223, -0.116018,
		-0.092718, 0.201264, -0.975139,
		0.127908, 0.973651, 0.188795,
		47.414268, 51.882076, 50.689945>
	pigment { color rgbt <0,1,1,0> }
	no_shadow
}
cylinder {
	<47.872616, 51.322903, 50.117912>,  <47.324734, 51.200520, 50.557789>, 0.130000
	pigment { color rgbt <1,0,0,0> }
	no_shadow
}

// nucleotide -1

// particle -1
sphere {
	<47.872616, 51.322903, 50.117912> 0.250000
	pigment { color rgbt <1,0,0,0> }
	no_shadow
}
cylinder {
	<47.866241, 51.614769, 50.391357>,  <47.862415, 51.789890, 50.555424>, 0.100000
	pigment { color rgbt <1,0,0,0> }
	no_shadow
}
cylinder {
	<47.866241, 51.614769, 50.391357>,  <47.872616, 51.322903, 50.117912>, 0.100000
	pigment { color rgbt <1,0,0,0> }
	no_shadow
}

// particle -1
sphere {
	<47.866241, 51.614769, 50.391357> 0.100000
	pigment { color rgbt <1,0,0,0> }
	no_shadow
}
sphere {
	0, 1
	scale<0.080000,0.200000,0.300000>
	matrix <0.999338, 0.033985, -0.012980,
		-0.032704, 0.682956, -0.729727,
		-0.015935, 0.729669, 0.683615,
		47.861462, 51.833668, 50.596443>
	pigment { color rgbt <0,1,1,0> }
	no_shadow
}
cylinder {
	<48.217621, 51.963997, 49.905746>,  <47.872616, 51.322903, 50.117912>, 0.130000
	pigment { color rgbt <1,0,0,0> }
	no_shadow
}

// nucleotide -1

// particle -1
sphere {
	<48.217621, 51.963997, 49.905746> 0.250000
	pigment { color rgbt <1,0,0,0> }
	no_shadow
}
cylinder {
	<48.220890, 51.874855, 50.295673>,  <48.222851, 51.821369, 50.529629>, 0.100000
	pigment { color rgbt <1,0,0,0> }
	no_shadow
}
cylinder {
	<48.220890, 51.874855, 50.295673>,  <48.217621, 51.963997, 49.905746>, 0.100000
	pigment { color rgbt <1,0,0,0> }
	no_shadow
}

// particle -1
sphere {
	<48.220890, 51.874855, 50.295673> 0.100000
	pigment { color rgbt <1,0,0,0> }
	no_shadow
}
sphere {
	0, 1
	scale<0.080000,0.200000,0.300000>
	matrix <0.993784, -0.106423, -0.032662,
		0.111022, 0.969025, 0.220602,
		0.008173, -0.222857, 0.974817,
		48.223343, 51.807999, 50.588120>
	pigment { color rgbt <0,1,1,0> }
	no_shadow
}
cylinder {
	<48.687016, 52.445305, 50.381130>,  <48.217621, 51.963997, 49.905746>, 0.130000
	pigment { color rgbt <1,0,0,0> }
	no_shadow
}

// nucleotide -1

// particle -1
sphere {
	<48.687016, 52.445305, 50.381130> 0.250000
	pigment { color rgbt <1,0,0,0> }
	no_shadow
}
cylinder {
	<48.633343, 52.054554, 50.447708>,  <48.601139, 51.820103, 50.487656>, 0.100000
	pigment { color rgbt <1,0,0,0> }
	no_shadow
}
cylinder {
	<48.633343, 52.054554, 50.447708>,  <48.687016, 52.445305, 50.381130>, 0.100000
	pigment { color rgbt <1,0,0,0> }
	no_shadow
}

// particle -1
sphere {
	<48.633343, 52.054554, 50.447708> 0.100000
	pigment { color rgbt <1,0,0,0> }
	no_shadow
}
sphere {
	0, 1
	scale<0.080000,0.200000,0.300000>
	matrix <0.969709, -0.164030, -0.180992,
		0.204108, 0.137114, 0.969298,
		-0.134178, -0.976880, 0.166441,
		48.593090, 51.761490, 50.497639>
	pigment { color rgbt <0,1,1,0> }
	no_shadow
}
cylinder {
	<49.149101, 52.217083, 50.980461>,  <48.687016, 52.445305, 50.381130>, 0.130000
	pigment { color rgbt <1,0,0,0> }
	no_shadow
}

// nucleotide -1

// particle -1
sphere {
	<49.149101, 52.217083, 50.980461> 0.250000
	pigment { color rgbt <1,0,0,0> }
	no_shadow
}
cylinder {
	<49.085709, 51.954556, 50.685402>,  <49.047672, 51.797039, 50.508366>, 0.100000
	pigment { color rgbt <1,0,0,0> }
	no_shadow
}
cylinder {
	<49.085709, 51.954556, 50.685402>,  <49.149101, 52.217083, 50.980461>, 0.100000
	pigment { color rgbt <1,0,0,0> }
	no_shadow
}

// particle -1
sphere {
	<49.085709, 51.954556, 50.685402> 0.100000
	pigment { color rgbt <1,0,0,0> }
	no_shadow
}
sphere {
	0, 1
	scale<0.080000,0.200000,0.300000>
	matrix <0.987358, -0.107503, -0.116475,
		-0.002855, -0.746785, 0.665059,
		-0.158478, -0.656319, -0.737652,
		49.038166, 51.757660, 50.464108>
	pigment { color rgbt <0,1,1,0> }
	no_shadow
}
cylinder {
	<49.306744, 51.488541, 51.168579>,  <49.149101, 52.217083, 50.980461>, 0.130000
	pigment { color rgbt <1,0,0,0> }
	no_shadow
}

// nucleotide -1

// particle -1
sphere {
	<49.306744, 51.488541, 51.168579> 0.250000
	pigment { color rgbt <1,0,0,0> }
	no_shadow
}
cylinder {
	<49.367390, 51.572540, 50.782230>,  <49.403778, 51.622940, 50.550419>, 0.100000
	pigment { color rgbt <1,0,0,0> }
	no_shadow
}
cylinder {
	<49.367390, 51.572540, 50.782230>,  <49.306744, 51.488541, 51.168579>, 0.100000
	pigment { color rgbt <1,0,0,0> }
	no_shadow
}

// particle -1
sphere {
	<49.367390, 51.572540, 50.782230> 0.100000
	pigment { color rgbt <1,0,0,0> }
	no_shadow
}
sphere {
	0, 1
	scale<0.080000,0.200000,0.300000>
	matrix <0.978290, -0.171553, 0.116265,
		-0.141283, -0.962532, -0.231453,
		0.151615, 0.210002, -0.965874,
		49.412872, 51.635540, 50.492470>
	pigment { color rgbt <0,1,1,0> }
	no_shadow
}
cylinder {
	<49.829460, 51.125278, 51.021004>,  <49.306744, 51.488541, 51.168579>, 0.130000
	pigment { color rgbt <1,0,0,0> }
	no_shadow
}

// nucleotide -1

// particle -1
sphere {
	<49.829460, 51.125278, 51.021004> 0.250000
	pigment { color rgbt <1,0,0,0> }
	no_shadow
}
cylinder {
	<49.833424, 51.381241, 50.713646>,  <49.835800, 51.534817, 50.529232>, 0.100000
	pigment { color rgbt <1,0,0,0> }
	no_shadow
}
cylinder {
	<49.833424, 51.381241, 50.713646>,  <49.829460, 51.125278, 51.021004>, 0.100000
	pigment { color rgbt <1,0,0,0> }
	no_shadow
}

// particle -1
sphere {
	<49.833424, 51.381241, 50.713646> 0.100000
	pigment { color rgbt <1,0,0,0> }
	no_shadow
}
sphere {
	0, 1
	scale<0.080000,0.200000,0.300000>
	matrix <0.992223, -0.101643, -0.071853,
		-0.124080, -0.761705, -0.635932,
		0.009907, 0.639902, -0.768393,
		49.836395, 51.573212, 50.483128>
	pigment { color rgbt <0,1,1,0> }
	no_shadow
}
cylinder {
	<50.156414, 50.930790, 50.318817>,  <49.829460, 51.125278, 51.021004>, 0.130000
	pigment { color rgbt <1,0,0,0> }
	no_shadow
}

// nucleotide -1

// particle -1
sphere {
	<50.156414, 50.930790, 50.318817> 0.250000
	pigment { color rgbt <1,0,0,0> }
	no_shadow
}
cylinder {
	<50.173035, 51.315491, 50.427116>,  <50.183006, 51.546310, 50.492096>, 0.100000
	pigment { color rgbt <1,0,0,0> }
	no_shadow
}
cylinder {
	<50.173035, 51.315491, 50.427116>,  <50.156414, 50.930790, 50.318817>, 0.100000
	pigment { color rgbt <1,0,0,0> }
	no_shadow
}

// particle -1
sphere {
	<50.173035, 51.315491, 50.427116> 0.100000
	pigment { color rgbt <1,0,0,0> }
	no_shadow
}
sphere {
	0, 1
	scale<0.080000,0.200000,0.300000>
	matrix <0.999093, -0.042517, -0.002284,
		0.009315, 0.270602, -0.962646,
		0.041547, 0.961752, 0.270753,
		50.185497, 51.604015, 50.508343>
	pigment { color rgbt <0,1,1,0> }
	no_shadow
}
cylinder {
	<50.725803, 51.159592, 50.015488>,  <50.156414, 50.930790, 50.318817>, 0.130000
	pigment { color rgbt <1,0,0,0> }
	no_shadow
}

// nucleotide -1

// particle -1
sphere {
	<50.725803, 51.159592, 50.015488> 0.250000
	pigment { color rgbt <1,0,0,0> }
	no_shadow
}
cylinder {
	<50.648319, 51.412510, 50.315536>,  <50.601830, 51.564262, 50.495564>, 0.100000
	pigment { color rgbt <1,0,0,0> }
	no_shadow
}
cylinder {
	<50.648319, 51.412510, 50.315536>,  <50.725803, 51.159592, 50.015488>, 0.100000
	pigment { color rgbt <1,0,0,0> }
	no_shadow
}

// particle -1
sphere {
	<50.648319, 51.412510, 50.315536> 0.100000
	pigment { color rgbt <1,0,0,0> }
	no_shadow
}
sphere {
	0, 1
	scale<0.080000,0.200000,0.300000>
	matrix <0.976920, 0.054175, 0.206620,
		0.090008, 0.772830, -0.628197,
		-0.193715, 0.632296, 0.750117,
		50.590206, 51.602200, 50.540573>
	pigment { color rgbt <0,1,1,0> }
	no_shadow
}
cylinder {
	<51.078327, 51.735435, 49.860817>,  <50.725803, 51.159592, 50.015488>, 0.130000
	pigment { color rgbt <1,0,0,0> }
	no_shadow
}

// nucleotide -1

// particle -1
sphere {
	<51.078327, 51.735435, 49.860817> 0.250000
	pigment { color rgbt <1,0,0,0> }
	no_shadow
}
cylinder {
	<51.030499, 51.696133, 50.255997>,  <51.001801, 51.672550, 50.493107>, 0.100000
	pigment { color rgbt <1,0,0,0> }
	no_shadow
}
cylinder {
	<51.030499, 51.696133, 50.255997>,  <51.078327, 51.735435, 49.860817>, 0.100000
	pigment { color rgbt <1,0,0,0> }
	no_shadow
}

// particle -1
sphere {
	<51.030499, 51.696133, 50.255997> 0.100000
	pigment { color rgbt <1,0,0,0> }
	no_shadow
}
sphere {
	0, 1
	scale<0.080000,0.200000,0.300000>
	matrix <0.991685, 0.035879, 0.123589,
		-0.047590, 0.994514, 0.093150,
		-0.119568, -0.098257, 0.987952,
		50.994629, 51.666656, 50.552383>
	pigment { color rgbt <0,1,1,0> }
	no_shadow
}
cylinder {
	<51.489880, 52.266800, 50.271217>,  <51.078327, 51.735435, 49.860817>, 0.130000
	pigment { color rgbt <1,0,0,0> }
	no_shadow
}

// nucleotide -1

// particle -1
sphere {
	<51.489880, 52.266800, 50.271217> 0.250000
	pigment { color rgbt <1,0,0,0> }
	no_shadow
}
cylinder {
	<51.458279, 51.959015, 50.524734>,  <51.439316, 51.774345, 50.676846>, 0.100000
	pigment { color rgbt <1,0,0,0> }
	no_shadow
}
cylinder {
	<51.458279, 51.959015, 50.524734>,  <51.489880, 52.266800, 50.271217>, 0.100000
	pigment { color rgbt <1,0,0,0> }
	no_shadow
}

// particle -1
sphere {
	<51.458279, 51.959015, 50.524734> 0.100000
	pigment { color rgbt <1,0,0,0> }
	no_shadow
}
sphere {
	0, 1
	scale<0.080000,0.200000,0.300000>
	matrix <0.972684, 0.079707, 0.218021,
		-0.218276, 0.633701, 0.742145,
		-0.079006, -0.769461, 0.633789,
		51.434578, 51.728176, 50.714870>
	pigment { color rgbt <0,1,1,0> }
	no_shadow
}
cylinder {
	<51.747498, 52.369923, 50.981342>,  <51.489880, 52.266800, 50.271217>, 0.130000
	pigment { color rgbt <1,0,0,0> }
	no_shadow
}

// nucleotide -1

// particle -1
sphere {
	<51.747498, 52.369923, 50.981342> 0.250000
	pigment { color rgbt <1,0,0,0> }
	no_shadow
}
cylinder {
	<51.792934, 51.987457, 50.873375>,  <51.820198, 51.757980, 50.808594>, 0.100000
	pigment { color rgbt <1,0,0,0> }
	no_shadow
}
cylinder {
	<51.792934, 51.987457, 50.873375>,  <51.747498, 52.369923, 50.981342>, 0.100000
	pigment { color rgbt <1,0,0,0> }
	no_shadow
}

// particle -1
sphere {
	<51.792934, 51.987457, 50.873375> 0.100000
	pigment { color rgbt <1,0,0,0> }
	no_shadow
}
sphere {
	0, 1
	scale<0.080000,0.200000,0.300000>
	matrix <0.984095, 0.070935, 0.162864,
		-0.136578, -0.284126, 0.949009,
		0.113592, -0.956159, -0.269919,
		51.827011, 51.700611, 50.792400>
	pigment { color rgbt <0,1,1,0> }
	no_shadow
}
cylinder {
	<52.103546, 51.993946, 51.556820>,  <51.747498, 52.369923, 50.981342>, 0.130000
	pigment { color rgbt <1,0,0,0> }
	no_shadow
}

// nucleotide -1

// particle -1
sphere {
	<52.103546, 51.993946, 51.556820> 0.250000
	pigment { color rgbt <1,0,0,0> }
	no_shadow
}
cylinder {
	<52.162678, 51.852112, 51.187515>,  <52.198158, 51.767010, 50.965931>, 0.100000
	pigment { color rgbt <1,0,0,0> }
	no_shadow
}
cylinder {
	<52.162678, 51.852112, 51.187515>,  <52.103546, 51.993946, 51.556820>, 0.100000
	pigment { color rgbt <1,0,0,0> }
	no_shadow
}

// particle -1
sphere {
	<52.162678, 51.852112, 51.187515> 0.100000
	pigment { color rgbt <1,0,0,0> }
	no_shadow
}
sphere {
	0, 1
	scale<0.080000,0.200000,0.300000>
	matrix <0.988898, 0.067181, 0.132539,
		0.015029, -0.932606, 0.360582,
		0.147831, -0.354587, -0.923263,
		52.207027, 51.745735, 50.910538>
	pigment { color rgbt <0,1,1,0> }
	no_shadow
}
cylinder {
	<52.540382, 51.303749, 51.458744>,  <52.103546, 51.993946, 51.556820>, 0.130000
	pigment { color rgbt <1,0,0,0> }
	no_shadow
}

// nucleotide -1

// particle -1
sphere {
	<52.540382, 51.303749, 51.458744> 0.250000
	pigment { color rgbt <1,0,0,0> }
	no_shadow
}
cylinder {
	<52.578674, 51.570992, 51.163589>,  <52.601650, 51.731335, 50.986496>, 0.100000
	pigment { color rgbt <1,0,0,0> }
	no_shadow
}
cylinder {
	<52.578674, 51.570992, 51.163589>,  <52.540382, 51.303749, 51.458744>, 0.100000
	pigment { color rgbt <1,0,0,0> }
	no_shadow
}

// particle -1
sphere {
	<52.578674, 51.570992, 51.163589> 0.100000
	pigment { color rgbt <1,0,0,0> }
	no_shadow
}
sphere {
	0, 1
	scale<0.080000,0.200000,0.300000>
	matrix <0.846827, 0.334960, 0.413141,
		0.523183, -0.664410, -0.533703,
		0.095726, 0.668103, -0.737886,
		52.607391, 51.771423, 50.942223>
	pigment { color rgbt <0,1,1,0> }
	no_shadow
}
cylinder {
	<53.190060, 51.147167, 51.029484>,  <52.540382, 51.303749, 51.458744>, 0.130000
	pigment { color rgbt <1,0,0,0> }
	no_shadow
}

// nucleotide -1

// particle -1
sphere {
	<53.190060, 51.147167, 51.029484> 0.250000
	pigment { color rgbt <1,0,0,0> }
	no_shadow
}
cylinder {
	<53.089817, 51.534286, 51.019974>,  <53.029671, 51.766560, 51.014267>, 0.100000
	pigment { color rgbt <1,0,0,0> }
	no_shadow
}
cylinder {
	<53.089817, 51.534286, 51.019974>,  <53.190060, 51.147167, 51.029484>, 0.100000
	pigment { color rgbt <1,0,0,0> }
	no_shadow
}

// particle -1
sphere {
	<53.089817, 51.534286, 51.019974> 0.100000
	pigment { color rgbt <1,0,0,0> }
	no_shadow
}
sphere {
	0, 1
	scale<0.080000,0.200000,0.300000>
	matrix <0.943505, 0.249663, 0.217869,
		0.216788, 0.032170, -0.975688,
		-0.250602, 0.967798, -0.023771,
		53.014637, 51.824627, 51.012844>
	pigment { color rgbt <0,1,1,0> }
	no_shadow
}
cylinder {
	<53.439438, 51.357487, 50.503685>,  <53.190060, 51.147167, 51.029484>, 0.130000
	pigment { color rgbt <1,0,0,0> }
	no_shadow
}

// nucleotide -1

// particle -1
sphere {
	<53.439438, 51.357487, 50.503685> 0.250000
	pigment { color rgbt <1,0,0,0> }
	no_shadow
}
cylinder {
	<53.415890, 51.602226, 50.819199>,  <53.401760, 51.749069, 51.008507>, 0.100000
	pigment { color rgbt <1,0,0,0> }
	no_shadow
}
cylinder {
	<53.415890, 51.602226, 50.819199>,  <53.439438, 51.357487, 50.503685>, 0.100000
	pigment { color rgbt <1,0,0,0> }
	no_shadow
}

// particle -1
sphere {
	<53.415890, 51.602226, 50.819199> 0.100000
	pigment { color rgbt <1,0,0,0> }
	no_shadow
}
sphere {
	0, 1
	scale<0.080000,0.200000,0.300000>
	matrix <0.995691, -0.020716, 0.090387,
		0.071644, 0.790703, -0.607994,
		-0.058874, 0.611850, 0.788780,
		53.398228, 51.785782, 51.055832>
	pigment { color rgbt <0,1,1,0> }
	no_shadow
}
cylinder {
	<53.953098, 51.880398, 50.452572>,  <53.439438, 51.357487, 50.503685>, 0.130000
	pigment { color rgbt <1,0,0,0> }
	no_shadow
}

// nucleotide -1

// particle -1
sphere {
	<53.953098, 51.880398, 50.452572> 0.250000
	pigment { color rgbt <1,0,0,0> }
	no_shadow
}
cylinder {
	<53.871506, 51.846130, 50.842659>,  <53.822552, 51.825569, 51.076714>, 0.100000
	pigment { color rgbt <1,0,0,0> }
	no_shadow
}
cylinder {
	<53.871506, 51.846130, 50.842659>,  <53.953098, 51.880398, 50.452572>, 0.100000
	pigment { color rgbt <1,0,0,0> }
	no_shadow
}

// particle -1
sphere {
	<53.871506, 51.846130, 50.842659> 0.100000
	pigment { color rgbt <1,0,0,0> }
	no_shadow
}
sphere {
	0, 1
	scale<0.080000,0.200000,0.300000>
	matrix <0.977250, -0.076919, 0.197650,
		0.058081, 0.993350, 0.099407,
		-0.203981, -0.085666, 0.975219,
		53.810310, 51.820431, 51.135223>
	pigment { color rgbt <0,1,1,0> }
	no_shadow
}
cylinder {
	<54.418995, 52.290276, 50.874275>,  <53.953098, 51.880398, 50.452572>, 0.130000
	pigment { color rgbt <1,0,0,0> }
	no_shadow
}

// nucleotide -1

// particle -1
sphere {
	<54.418995, 52.290276, 50.874275> 0.250000
	pigment { color rgbt <1,0,0,0> }
	no_shadow
}
cylinder {
	<54.331154, 51.997383, 51.132149>,  <54.278450, 51.821648, 51.286873>, 0.100000
	pigment { color rgbt <1,0,0,0> }
	no_shadow
}
cylinder {
	<54.331154, 51.997383, 51.132149>,  <54.418995, 52.290276, 50.874275>, 0.100000
	pigment { color rgbt <1,0,0,0> }
	no_shadow
}

// particle -1
sphere {
	<54.331154, 51.997383, 51.132149> 0.100000
	pigment { color rgbt <1,0,0,0> }
	no_shadow
}
sphere {
	0, 1
	scale<0.080000,0.200000,0.300000>
	matrix <0.953097, -0.019941, 0.302009,
		-0.208283, 0.680769, 0.702262,
		-0.219602, -0.732227, 0.644685,
		54.265274, 51.777714, 51.325554>
	pigment { color rgbt <0,1,1,0> }
	no_shadow
}
cylinder {
	<54.581593, 52.515488, 51.601269>,  <54.418995, 52.290276, 50.874275>, 0.130000
	pigment { color rgbt <1,0,0,0> }
	no_shadow
}

// nucleotide -1

// particle -1
sphere {
	<54.581593, 52.515488, 51.601269> 0.250000
	pigment { color rgbt <1,0,0,0> }
	no_shadow
}
cylinder {
	<54.611359, 52.121506, 51.538872>,  <54.629219, 51.885117, 51.501434>, 0.100000
	pigment { color rgbt <1,0,0,0> }
	no_shadow
}
cylinder {
	<54.611359, 52.121506, 51.538872>,  <54.581593, 52.515488, 51.601269>, 0.100000
	pigment { color rgbt <1,0,0,0> }
	no_shadow
}

// particle -1
sphere {
	<54.611359, 52.121506, 51.538872> 0.100000
	pigment { color rgbt <1,0,0,0> }
	no_shadow
}
sphere {
	0, 1
	scale<0.080000,0.200000,0.300000>
	matrix <0.985807, 0.049049, 0.160554,
		-0.150487, -0.165721, 0.974623,
