// switches for output
#declare DRAW_BASES = 1; // possible values are 0, 1; only relevant for DNA ribbons
#declare DRAW_BASES_TYPE = 3; // possible values are 1, 2, 3; only relevant for DNA ribbons
#declare DRAW_FOG = 0; // set to 1 to enable fog

#include "colors.inc"

#include "transforms.inc"
background { rgb <1, 1, 1>}

#default {
   normal{
       ripples 0.25
       frequency 0.20
       turbulence 0.2
       lambda 5
   }
	finish {
		phong 0.1
		phong_size 40.
	}
}

// original window dimensions: 1024x640


// camera settings

camera {
	sky <-0, 1, 0>
	up <-0, 1, 0>
	right 1.6 * <0.99995, 0, 0.00999983>
	location <54.4867, 55, 106.329>
	look_at <55, 55, 55.0001>
	direction <0.513302, 0, -51.3289>
	angle 67.0682
}


# declare cpy_camera_pos = <54.4867, 55, 106.329>;
# if (DRAW_FOG = 1)
fog {
	fog_type 2
	up vnormalize(cpy_camera_pos)
	color rgbt<1,1,1,0.3>
	distance 1e-5
	fog_alt 3e-3
	fog_offset 88
}
# end


// LIGHTS

# declare lum = 6;
global_settings {
	ambient_light rgb lum * <0.05, 0.05, 0.05>
	max_trace_level 15
}# declare cpy_direct_light_amount = 0.25;
light_source
{	1000 * <-0.98995, -1, 1.00995>,
	rgb lum * cpy_direct_light_amount
	parallel
}

light_source
{	1000 * <0.98995, 1, -1.00995>,
	rgb lum * cpy_direct_light_amount
	parallel
}

// strand 0

// nucleotide -1

// particle -1
sphere {
	<36.415298, 52.965775, 49.906303> 0.250000
	pigment { color rgbt <1,0,0,0> }
	no_shadow
}
cylinder {
	<36.491226, 53.274086, 50.149574>,  <36.536781, 53.459072, 50.295536>, 0.100000
	pigment { color rgbt <1,0,0,0> }
	no_shadow
}
cylinder {
	<36.491226, 53.274086, 50.149574>,  <36.415298, 52.965775, 49.906303>, 0.100000
	pigment { color rgbt <1,0,0,0> }
	no_shadow
}

// particle -1
sphere {
	<36.491226, 53.274086, 50.149574> 0.100000
	pigment { color rgbt <1,0,0,0> }
	no_shadow
}
sphere {
	0, 1
	scale<0.080000,0.200000,0.300000>
	matrix <0.579491, -0.587985, 0.564326,
		0.792565, 0.245314, -0.558266,
		0.189816, 0.770775, 0.608174,
		36.548172, 53.505318, 50.332027>
	pigment { color rgbt <0,1,1,0> }
	no_shadow
}
cylinder {
	<37.153320, 52.990261, 50.127079>,  <36.415298, 52.965775, 49.906303>, 0.130000
	pigment { color rgbt <1,0,0,0> }
	no_shadow
}

// nucleotide -1

// particle -1
sphere {
	<37.153320, 52.990261, 50.127079> 0.250000
	pigment { color rgbt <1,0,0,0> }
	no_shadow
}
cylinder {
	<36.980865, 53.165752, 50.442451>,  <36.877392, 53.271049, 50.631676>, 0.100000
	pigment { color rgbt <1,0,0,0> }
	no_shadow
}
cylinder {
	<36.980865, 53.165752, 50.442451>,  <37.153320, 52.990261, 50.127079>, 0.100000
	pigment { color rgbt <1,0,0,0> }
	no_shadow
}

// particle -1
sphere {
	<36.980865, 53.165752, 50.442451> 0.100000
	pigment { color rgbt <1,0,0,0> }
	no_shadow
}
sphere {
	0, 1
	scale<0.080000,0.200000,0.300000>
	matrix <0.388160, -0.698643, 0.601025,
		0.814524, 0.565166, 0.130915,
		-0.431141, 0.438733, 0.788436,
		36.851524, 53.297371, 50.678982>
	pigment { color rgbt <0,1,1,0> }
	no_shadow
}
cylinder {
	<37.764172, 53.298382, 50.564659>,  <37.153320, 52.990261, 50.127079>, 0.130000
	pigment { color rgbt <1,0,0,0> }
	no_shadow
}

// nucleotide -1

// particle -1
sphere {
	<37.764172, 53.298382, 50.564659> 0.250000
	pigment { color rgbt <1,0,0,0> }
	no_shadow
}
cylinder {
	<37.419949, 53.154541, 50.708954>,  <37.213417, 53.068237, 50.795532>, 0.100000
	pigment { color rgbt <1,0,0,0> }
	no_shadow
}
cylinder {
	<37.419949, 53.154541, 50.708954>,  <37.764172, 53.298382, 50.564659>, 0.100000
	pigment { color rgbt <1,0,0,0> }
	no_shadow
}

// particle -1
sphere {
	<37.419949, 53.154541, 50.708954> 0.100000
	pigment { color rgbt <1,0,0,0> }
	no_shadow
}
sphere {
	0, 1
	scale<0.080000,0.200000,0.300000>
	matrix <0.498830, -0.738238, 0.454064,
		0.103031, 0.570695, 0.814673,
		-0.860554, -0.359601, 0.360741,
		37.161781, 53.046661, 50.817177>
	pigment { color rgbt <0,1,1,0> }
	no_shadow
}
cylinder {
	<38.419582, 53.125534, 50.728329>,  <37.764172, 53.298382, 50.564659>, 0.130000
	pigment { color rgbt <1,0,0,0> }
	no_shadow
}

// nucleotide -1

// particle -1
sphere {
	<38.419582, 53.125534, 50.728329> 0.250000
	pigment { color rgbt <1,0,0,0> }
	no_shadow
}
cylinder {
	<38.612259, 53.163670, 51.076786>,  <38.727863, 53.186550, 51.285858>, 0.100000
	pigment { color rgbt <1,0,0,0> }
	no_shadow
}
cylinder {
	<38.612259, 53.163670, 51.076786>,  <38.419582, 53.125534, 50.728329>, 0.100000
	pigment { color rgbt <1,0,0,0> }
	no_shadow
}

// particle -1
sphere {
	<38.612259, 53.163670, 51.076786> 0.100000
	pigment { color rgbt <1,0,0,0> }
	no_shadow
}
sphere {
	0, 1
	scale<0.080000,0.200000,0.300000>
	matrix <-0.115178, -0.978554, 0.170779,
		0.868741, -0.182599, -0.460377,
		0.481688, 0.095337, 0.871141,
		38.756767, 53.192272, 51.338127>
	pigment { color rgbt <0,1,1,0> }
	no_shadow
}
cylinder {
	<39.089909, 52.628132, 50.829201>,  <38.419582, 53.125534, 50.728329>, 0.130000
	pigment { color rgbt <1,0,0,0> }
	no_shadow
}

// nucleotide -1

// particle -1
sphere {
	<39.089909, 52.628132, 50.829201> 0.250000
	pigment { color rgbt <1,0,0,0> }
	no_shadow
}
cylinder {
	<38.886002, 52.703033, 51.165077>,  <38.763657, 52.747974, 51.366604>, 0.100000
	pigment { color rgbt <1,0,0,0> }
	no_shadow
}
cylinder {
	<38.886002, 52.703033, 51.165077>,  <39.089909, 52.628132, 50.829201>, 0.100000
	pigment { color rgbt <1,0,0,0> }
	no_shadow
}

// particle -1
sphere {
	<38.886002, 52.703033, 51.165077> 0.100000
	pigment { color rgbt <1,0,0,0> }
	no_shadow
}
sphere {
	0, 1
	scale<0.080000,0.200000,0.300000>
	matrix <-0.131979, -0.981493, 0.138758,
		0.850130, -0.040087, 0.525045,
		-0.509765, 0.187257, 0.839687,
		38.733070, 52.759209, 51.416985>
	pigment { color rgbt <0,1,1,0> }
	no_shadow
}
cylinder {
	<39.512913, 52.265015, 50.352146>,  <39.089909, 52.628132, 50.829201>, 0.130000
	pigment { color rgbt <1,0,0,0> }
	no_shadow
}

// nucleotide -1

// particle -1
sphere {
	<39.512913, 52.265015, 50.352146> 0.250000
	pigment { color rgbt <1,0,0,0> }
	no_shadow
}
cylinder {
	<39.522629, 52.372036, 50.737442>,  <39.528458, 52.436249, 50.968620>, 0.100000
	pigment { color rgbt <1,0,0,0> }
	no_shadow
}
cylinder {
	<39.522629, 52.372036, 50.737442>,  <39.512913, 52.265015, 50.352146>, 0.100000
	pigment { color rgbt <1,0,0,0> }
	no_shadow
}

// particle -1
sphere {
	<39.522629, 52.372036, 50.737442> 0.100000
	pigment { color rgbt <1,0,0,0> }
	no_shadow
}
sphere {
	0, 1
	scale<0.080000,0.200000,0.300000>
	matrix <0.997446, 0.058240, -0.041335,
		-0.067158, 0.961783, -0.265451,
		0.024295, 0.267549, 0.963238,
		39.529919, 52.452301, 51.026413>
	pigment { color rgbt <0,1,1,0> }
	no_shadow
}
cylinder {
	<40.016094, 52.845078, 50.570286>,  <39.512913, 52.265015, 50.352146>, 0.130000
	pigment { color rgbt <1,0,0,0> }
	no_shadow
}

// nucleotide -1

// particle -1
sphere {
	<40.016094, 52.845078, 50.570286> 0.250000
	pigment { color rgbt <1,0,0,0> }
	no_shadow
}
cylinder {
	<39.956333, 52.591183, 50.873543>,  <39.920479, 52.438847, 51.055496>, 0.100000
	pigment { color rgbt <1,0,0,0> }
	no_shadow
}
cylinder {
	<39.956333, 52.591183, 50.873543>,  <40.016094, 52.845078, 50.570286>, 0.100000
	pigment { color rgbt <1,0,0,0> }
	no_shadow
}

// particle -1
sphere {
	<39.956333, 52.591183, 50.873543> 0.100000
	pigment { color rgbt <1,0,0,0> }
	no_shadow
}
sphere {
	0, 1
	scale<0.080000,0.200000,0.300000>
	matrix <0.985798, -0.036146, 0.163998,
		-0.076692, 0.771880, 0.631126,
		-0.149399, -0.634740, 0.758146,
		39.911514, 52.400761, 51.100986>
	pigment { color rgbt <0,1,1,0> }
	no_shadow
}
cylinder {
	<40.166901, 53.427658, 50.023254>,  <40.016094, 52.845078, 50.570286>, 0.130000
	pigment { color rgbt <1,0,0,0> }
	no_shadow
}

// nucleotide -1

// particle -1
sphere {
	<40.166901, 53.427658, 50.023254> 0.250000
	pigment { color rgbt <1,0,0,0> }
	no_shadow
}
cylinder {
	<39.825932, 53.222710, 50.064926>,  <39.621349, 53.099743, 50.089928>, 0.100000
	pigment { color rgbt <1,0,0,0> }
	no_shadow
}
cylinder {
	<39.825932, 53.222710, 50.064926>,  <40.166901, 53.427658, 50.023254>, 0.100000
	pigment { color rgbt <1,0,0,0> }
	no_shadow
}

// particle -1
sphere {
	<39.825932, 53.222710, 50.064926> 0.100000
	pigment { color rgbt <1,0,0,0> }
	no_shadow
}
sphere {
	0, 1
	scale<0.080000,0.200000,0.300000>
	matrix <-0.522834, 0.833565, -0.178364,
		0.004548, -0.206510, -0.978434,
		-0.852423, -0.512369, 0.104179,
		39.570206, 53.069000, 50.096180>
	pigment { color rgbt <0,1,1,0> }
	no_shadow
}
cylinder {
	<40.654861, 53.917393, 49.689342>,  <40.166901, 53.427658, 50.023254>, 0.130000
	pigment { color rgbt <1,0,0,0> }
	no_shadow
}

// nucleotide -1

// particle -1
sphere {
	<40.654861, 53.917393, 49.689342> 0.250000
	pigment { color rgbt <1,0,0,0> }
	no_shadow
}
cylinder {
	<40.722191, 53.835880, 50.075119>,  <40.762589, 53.786972, 50.306583>, 0.100000
	pigment { color rgbt <1,0,0,0> }
	no_shadow
}
cylinder {
	<40.722191, 53.835880, 50.075119>,  <40.654861, 53.917393, 49.689342>, 0.100000
	pigment { color rgbt <1,0,0,0> }
	no_shadow
}

// particle -1
sphere {
	<40.722191, 53.835880, 50.075119> 0.100000
	pigment { color rgbt <1,0,0,0> }
	no_shadow
}
sphere {
	0, 1
	scale<0.080000,0.200000,0.300000>
	matrix <0.927842, 0.363109, -0.085215,
		-0.332831, 0.909189, 0.250198,
		0.168326, -0.203782, 0.964437,
		40.772690, 53.774746, 50.364449>
	pigment { color rgbt <0,1,1,0> }
	no_shadow
}
cylinder {
	<40.828926, 54.491405, 50.092175>,  <40.654861, 53.917393, 49.689342>, 0.130000
	pigment { color rgbt <1,0,0,0> }
	no_shadow
}

// nucleotide -1

// particle -1
sphere {
	<40.828926, 54.491405, 50.092175> 0.250000
	pigment { color rgbt <1,0,0,0> }
	no_shadow
}
cylinder {
	<41.005524, 54.178406, 50.267799>,  <41.111481, 53.990604, 50.373177>, 0.100000
	pigment { color rgbt <1,0,0,0> }
	no_shadow
}
cylinder {
	<41.005524, 54.178406, 50.267799>,  <40.828926, 54.491405, 50.092175>, 0.100000
	pigment { color rgbt <1,0,0,0> }
	no_shadow
}

// particle -1
sphere {
	<41.005524, 54.178406, 50.267799> 0.100000
	pigment { color rgbt <1,0,0,0> }
	no_shadow
}
sphere {
	0, 1
	scale<0.080000,0.200000,0.300000>
	matrix <0.897260, 0.386468, -0.213466,
		-0.002648, 0.488200, 0.872728,
		0.441495, -0.782498, 0.439065,
		41.137974, 53.943657, 50.399517>
	pigment { color rgbt <0,1,1,0> }
	no_shadow
}
cylinder {
	<41.278141, 54.567360, 50.703403>,  <40.828926, 54.491405, 50.092175>, 0.130000
	pigment { color rgbt <1,0,0,0> }
	no_shadow
}

// nucleotide -1

// particle -1
sphere {
	<41.278141, 54.567360, 50.703403> 0.250000
	pigment { color rgbt <1,0,0,0> }
	no_shadow
}
cylinder {
	<41.428009, 54.268406, 50.483932>,  <41.517929, 54.089035, 50.352249>, 0.100000
	pigment { color rgbt <1,0,0,0> }
	no_shadow
}
cylinder {
	<41.428009, 54.268406, 50.483932>,  <41.278141, 54.567360, 50.703403>, 0.100000
	pigment { color rgbt <1,0,0,0> }
	no_shadow
}

// particle -1
sphere {
	<41.428009, 54.268406, 50.483932> 0.100000
	pigment { color rgbt <1,0,0,0> }
	no_shadow
}
sphere {
	0, 1
	scale<0.080000,0.200000,0.300000>
	matrix <0.741057, 0.597037, -0.307216,
		0.557187, -0.291495, 0.777543,
		0.374670, -0.747381, -0.548675,
		41.540409, 54.044193, 50.319328>
	pigment { color rgbt <0,1,1,0> }
	no_shadow
}
cylinder {
	<41.956051, 54.271015, 51.118969>,  <41.278141, 54.567360, 50.703403>, 0.130000
	pigment { color rgbt <1,0,0,0> }
	no_shadow
}

// nucleotide -1

// particle -1
sphere {
	<41.956051, 54.271015, 51.118969> 0.250000
	pigment { color rgbt <1,0,0,0> }
	no_shadow
}
cylinder {
	<41.881729, 54.273663, 50.725945>,  <41.837135, 54.275249, 50.490128>, 0.100000
	pigment { color rgbt <1,0,0,0> }
	no_shadow
}
cylinder {
	<41.881729, 54.273663, 50.725945>,  <41.956051, 54.271015, 51.118969>, 0.100000
	pigment { color rgbt <1,0,0,0> }
	no_shadow
}

// particle -1
sphere {
	<41.881729, 54.273663, 50.725945> 0.100000
	pigment { color rgbt <1,0,0,0> }
	no_shadow
}
sphere {
	0, 1
	scale<0.080000,0.200000,0.300000>
	matrix <0.641520, 0.758254, -0.116202,
		0.744265, -0.651925, -0.145132,
		-0.185802, 0.006620, -0.982565,
		41.825989, 54.275650, 50.431175>
	pigment { color rgbt <0,1,1,0> }
	no_shadow
}
cylinder {
	<42.415245, 54.092285, 50.663010>,  <41.956051, 54.271015, 51.118969>, 0.130000
	pigment { color rgbt <1,0,0,0> }
	no_shadow
}

// nucleotide -1

// particle -1
sphere {
	<42.415245, 54.092285, 50.663010> 0.250000
	pigment { color rgbt <1,0,0,0> }
	no_shadow
}
cylinder {
	<42.167824, 54.371231, 50.518196>,  <42.019371, 54.538601, 50.431309>, 0.100000
	pigment { color rgbt <1,0,0,0> }
	no_shadow
}
cylinder {
	<42.167824, 54.371231, 50.518196>,  <42.415245, 54.092285, 50.663010>, 0.100000
	pigment { color rgbt <1,0,0,0> }
	no_shadow
}

// particle -1
sphere {
	<42.167824, 54.371231, 50.518196> 0.100000
	pigment { color rgbt <1,0,0,0> }
	no_shadow
}
sphere {
	0, 1
	scale<0.080000,0.200000,0.300000>
	matrix <0.702796, 0.697079, 0.141981,
		0.351379, -0.166613, -0.921289,
		-0.618555, 0.697367, -0.362033,
		41.982258, 54.580441, 50.409588>
	pigment { color rgbt <0,1,1,0> }
	no_shadow
}
cylinder {
	<42.765366, 54.527092, 50.190636>,  <42.415245, 54.092285, 50.663010>, 0.130000
	pigment { color rgbt <1,0,0,0> }
	no_shadow
}

// nucleotide -1

// particle -1
sphere {
	<42.765366, 54.527092, 50.190636> 0.250000
	pigment { color rgbt <1,0,0,0> }
	no_shadow
}
cylinder {
	<42.461750, 54.707253, 50.378677>,  <42.279579, 54.815350, 50.491501>, 0.100000
	pigment { color rgbt <1,0,0,0> }
	no_shadow
}
cylinder {
	<42.461750, 54.707253, 50.378677>,  <42.765366, 54.527092, 50.190636>, 0.100000
	pigment { color rgbt <1,0,0,0> }
	no_shadow
}

// particle -1
sphere {
	<42.461750, 54.707253, 50.378677> 0.100000
	pigment { color rgbt <1,0,0,0> }
	no_shadow
}
sphere {
	0, 1
	scale<0.080000,0.200000,0.300000>
	matrix <0.616405, 0.729571, 0.296264,
		-0.209535, 0.514649, -0.831403,
		-0.759039, 0.450403, 0.470103,
		42.234039, 54.842373, 50.519707>
	pigment { color rgbt <0,1,1,0> }
	no_shadow
}
cylinder {
	<42.587330, 55.224846, 49.890419>,  <42.765366, 54.527092, 50.190636>, 0.130000
	pigment { color rgbt <1,0,0,0> }
	no_shadow
}

// nucleotide -1

// particle -1
sphere {
	<42.587330, 55.224846, 49.890419> 0.250000
	pigment { color rgbt <1,0,0,0> }
	no_shadow
}
cylinder {
	<42.526840, 55.208191, 50.285469>,  <42.490547, 55.198196, 50.522499>, 0.100000
	pigment { color rgbt <1,0,0,0> }
	no_shadow
}
cylinder {
	<42.526840, 55.208191, 50.285469>,  <42.587330, 55.224846, 49.890419>, 0.100000
	pigment { color rgbt <1,0,0,0> }
	no_shadow
}

// particle -1
sphere {
	<42.526840, 55.208191, 50.285469> 0.100000
	pigment { color rgbt <1,0,0,0> }
	no_shadow
}
sphere {
	0, 1
	scale<0.080000,0.200000,0.300000>
	matrix <0.678820, 0.721904, 0.134380,
		-0.718564, 0.690739, -0.080905,
		-0.151227, -0.041640, 0.987622,
		42.481472, 55.195698, 50.581757>
	pigment { color rgbt <0,1,1,0> }
	no_shadow
}
cylinder {
	<42.498974, 55.833881, 50.107281>,  <42.587330, 55.224846, 49.890419>, 0.130000
	pigment { color rgbt <1,0,0,0> }
	no_shadow
}

// nucleotide -1

// particle -1
sphere {
	<42.498974, 55.833881, 50.107281> 0.250000
	pigment { color rgbt <1,0,0,0> }
	no_shadow
}
cylinder {
	<42.620907, 55.671215, 50.451767>,  <42.694069, 55.573616, 50.658459>, 0.100000
	pigment { color rgbt <1,0,0,0> }
	no_shadow
}
cylinder {
	<42.620907, 55.671215, 50.451767>,  <42.498974, 55.833881, 50.107281>, 0.100000
	pigment { color rgbt <1,0,0,0> }
	no_shadow
}

// particle -1
sphere {
	<42.620907, 55.671215, 50.451767> 0.100000
	pigment { color rgbt <1,0,0,0> }
	no_shadow
}
sphere {
	0, 1
	scale<0.080000,0.200000,0.300000>
	matrix <0.699879, 0.708939, 0.087035,
		-0.645945, 0.576216, 0.500730,
		0.304836, -0.406670, 0.861217,
		42.712357, 55.549213, 50.710133>
	pigment { color rgbt <0,1,1,0> }
	no_shadow
}
cylinder {
	<42.638573, 56.385723, 50.447300>,  <42.498974, 55.833881, 50.107281>, 0.130000
	pigment { color rgbt <1,0,0,0> }
	no_shadow
}

// nucleotide -1

// particle -1
sphere {
	<42.638573, 56.385723, 50.447300> 0.250000
	pigment { color rgbt <1,0,0,0> }
	no_shadow
}
cylinder {
	<42.838211, 56.103733, 50.648857>,  <42.957996, 55.934540, 50.769791>, 0.100000
	pigment { color rgbt <1,0,0,0> }
	no_shadow
}
cylinder {
	<42.838211, 56.103733, 50.648857>,  <42.638573, 56.385723, 50.447300>, 0.100000
	pigment { color rgbt <1,0,0,0> }
	no_shadow
}

// particle -1
sphere {
	<42.838211, 56.103733, 50.648857> 0.100000
	pigment { color rgbt <1,0,0,0> }
	no_shadow
}
sphere {
	0, 1
	scale<0.080000,0.200000,0.300000>
	matrix <0.716496, 0.662786, 0.217594,
		-0.487374, 0.252439, 0.835908,
		0.499099, -0.704975, 0.503896,
		42.987942, 55.892242, 50.800026>
	pigment { color rgbt <0,1,1,0> }
	no_shadow
}
cylinder {
	<42.792908, 56.617603, 51.132980>,  <42.638573, 56.385723, 50.447300>, 0.130000
	pigment { color rgbt <1,0,0,0> }
	no_shadow
}

// nucleotide -1

// particle -1
sphere {
	<42.792908, 56.617603, 51.132980> 0.250000
	pigment { color rgbt <1,0,0,0> }
	no_shadow
}
cylinder {
	<43.070160, 56.355194, 51.013512>,  <43.236511, 56.197750, 50.941830>, 0.100000
	pigment { color rgbt <1,0,0,0> }
	no_shadow
}
cylinder {
	<43.070160, 56.355194, 51.013512>,  <42.792908, 56.617603, 51.132980>, 0.100000
	pigment { color rgbt <1,0,0,0> }
	no_shadow
}

// particle -1
sphere {
	<43.070160, 56.355194, 51.013512> 0.100000
	pigment { color rgbt <1,0,0,0> }
	no_shadow
}
sphere {
	0, 1
	scale<0.080000,0.200000,0.300000>
	matrix <0.720542, 0.641933, 0.262185,
		0.019729, -0.396935, 0.917635,
		0.693130, -0.656022, -0.298674,
		43.278099, 56.158386, 50.923908>
	pigment { color rgbt <0,1,1,0> }
	no_shadow
}
cylinder {
	<43.349743, 56.394791, 51.611813>,  <42.792908, 56.617603, 51.132980>, 0.130000
	pigment { color rgbt <1,0,0,0> }
	no_shadow
}

// nucleotide -1

// particle -1
sphere {
	<43.349743, 56.394791, 51.611813> 0.250000
	pigment { color rgbt <1,0,0,0> }
	no_shadow
}
cylinder {
	<43.532581, 56.334091, 51.261261>,  <43.642284, 56.297672, 51.050930>, 0.100000
	pigment { color rgbt <1,0,0,0> }
	no_shadow
}
cylinder {
	<43.532581, 56.334091, 51.261261>,  <43.349743, 56.394791, 51.611813>, 0.100000
	pigment { color rgbt <1,0,0,0> }
	no_shadow
}

// particle -1
sphere {
	<43.532581, 56.334091, 51.261261> 0.100000
	pigment { color rgbt <1,0,0,0> }
	no_shadow
}
sphere {
	0, 1
	scale<0.080000,0.200000,0.300000>
	matrix <0.651680, 0.727712, 0.213890,
		0.605290, -0.668885, 0.431528,
		0.457096, -0.151753, -0.876376,
		43.669708, 56.288567, 50.998348>
	pigment { color rgbt <0,1,1,0> }
	no_shadow
}
cylinder {
	<44.020523, 56.351776, 51.769157>,  <43.349743, 56.394791, 51.611813>, 0.130000
	pigment { color rgbt <1,0,0,0> }
	no_shadow
}

// nucleotide -1

// particle -1
sphere {
	<44.020523, 56.351776, 51.769157> 0.250000
	pigment { color rgbt <1,0,0,0> }
	no_shadow
}
cylinder {
	<43.987694, 56.489098, 51.394905>,  <43.967995, 56.571491, 51.170353>, 0.100000
	pigment { color rgbt <1,0,0,0> }
	no_shadow
}
cylinder {
	<43.987694, 56.489098, 51.394905>,  <44.020523, 56.351776, 51.769157>, 0.100000
	pigment { color rgbt <1,0,0,0> }
	no_shadow
}

// particle -1
sphere {
	<43.987694, 56.489098, 51.394905> 0.100000
	pigment { color rgbt <1,0,0,0> }
	no_shadow
}
sphere {
	0, 1
	scale<0.080000,0.200000,0.300000>
	matrix <0.679506, 0.706037, 0.199458,
		0.729065, -0.619396, -0.291226,
		-0.082072, 0.343308, -0.935630,
		43.963074, 56.592091, 51.114216>
	pigment { color rgbt <0,1,1,0> }
	no_shadow
}
cylinder {
	<44.623074, 56.652390, 51.618858>,  <44.020523, 56.351776, 51.769157>, 0.130000
	pigment { color rgbt <1,0,0,0> }
	no_shadow
}

// nucleotide -1

// particle -1
sphere {
	<44.623074, 56.652390, 51.618858> 0.250000
	pigment { color rgbt <1,0,0,0> }
	no_shadow
}
cylinder {
	<44.389874, 56.827133, 51.344849>,  <44.249954, 56.931980, 51.180443>, 0.100000
	pigment { color rgbt <1,0,0,0> }
	no_shadow
}
cylinder {
	<44.389874, 56.827133, 51.344849>,  <44.623074, 56.652390, 51.618858>, 0.100000
	pigment { color rgbt <1,0,0,0> }
	no_shadow
}

// particle -1
sphere {
	<44.389874, 56.827133, 51.344849> 0.100000
	pigment { color rgbt <1,0,0,0> }
	no_shadow
}
sphere {
	0, 1
	scale<0.080000,0.200000,0.300000>
	matrix <0.352731, 0.895631, 0.270972,
		0.731908, -0.083653, -0.676249,
		-0.583003, 0.436860, -0.685026,
		44.214973, 56.958191, 51.139339>
	pigment { color rgbt <0,1,1,0> }
	no_shadow
}
cylinder {
	<45.041683, 57.012405, 51.179829>,  <44.623074, 56.652390, 51.618858>, 0.130000
	pigment { color rgbt <1,0,0,0> }
	no_shadow
}

// nucleotide -1

// particle -1
sphere {
	<45.041683, 57.012405, 51.179829> 0.250000
	pigment { color rgbt <1,0,0,0> }
	no_shadow
}
cylinder {
	<44.673779, 57.168285, 51.198502>,  <44.453037, 57.261814, 51.209705>, 0.100000
	pigment { color rgbt <1,0,0,0> }
	no_shadow
}
cylinder {
	<44.673779, 57.168285, 51.198502>,  <45.041683, 57.012405, 51.179829>, 0.100000
	pigment { color rgbt <1,0,0,0> }
	no_shadow
}

// particle -1
sphere {
	<44.673779, 57.168285, 51.198502> 0.100000
	pigment { color rgbt <1,0,0,0> }
	no_shadow
}
sphere {
	0, 1
	scale<0.080000,0.200000,0.300000>
	matrix <0.383683, 0.867720, 0.315988,
		0.082635, 0.308543, -0.947614,
		-0.919760, 0.389695, 0.046679,
		44.397850, 57.285194, 51.212505>
	pigment { color rgbt <0,1,1,0> }
	no_shadow
}
cylinder {
	<44.715645, 57.022758, 50.554459>,  <45.041683, 57.012405, 51.179829>, 0.130000
	pigment { color rgbt <1,0,0,0> }
	no_shadow
}

// nucleotide -1

// particle -1
sphere {
	<44.715645, 57.022758, 50.554459> 0.250000
	pigment { color rgbt <1,0,0,0> }
	no_shadow
}
cylinder {
	<45.016388, 56.883217, 50.330673>,  <45.196835, 56.799492, 50.196400>, 0.100000
	pigment { color rgbt <1,0,0,0> }
	no_shadow
}
cylinder {
	<45.016388, 56.883217, 50.330673>,  <44.715645, 57.022758, 50.554459>, 0.100000
	pigment { color rgbt <1,0,0,0> }
	no_shadow
}

// particle -1
sphere {
	<45.016388, 56.883217, 50.330673> 0.100000
	pigment { color rgbt <1,0,0,0> }
	no_shadow
}
sphere {
	0, 1
	scale<0.080000,0.200000,0.300000>
	matrix <0.187366, -0.700510, 0.688607,
		-0.632134, -0.622563, -0.461325,
		0.751865, -0.348855, -0.559463,
		45.241947, 56.778561, 50.162834>
	pigment { color rgbt <0,1,1,0> }
	no_shadow
}
cylinder {
	<44.607811, 56.292099, 50.476780>,  <44.715645, 57.022758, 50.554459>, 0.130000
	pigment { color rgbt <1,0,0,0> }
	no_shadow
}

// nucleotide -1

// particle -1
sphere {
	<44.607811, 56.292099, 50.476780> 0.250000
	pigment { color rgbt <1,0,0,0> }
	no_shadow
}
cylinder {
	<44.990871, 56.398911, 50.433704>,  <45.220707, 56.462997, 50.407860>, 0.100000
	pigment { color rgbt <1,0,0,0> }
	no_shadow
}
cylinder {
	<44.990871, 56.398911, 50.433704>,  <44.607811, 56.292099, 50.476780>, 0.100000
	pigment { color rgbt <1,0,0,0> }
	no_shadow
}

// particle -1
sphere {
	<44.990871, 56.398911, 50.433704> 0.100000
	pigment { color rgbt <1,0,0,0> }
	no_shadow
}
sphere {
	0, 1
	scale<0.080000,0.200000,0.300000>
	matrix <0.274955, -0.737161, 0.617247,
		0.085437, -0.620719, -0.779364,
		0.957654, 0.267026, -0.107689,
		45.278168, 56.479019, 50.401398>
	pigment { color rgbt <0,1,1,0> }
	no_shadow
}
cylinder {
	<45.028660, 55.793858, 50.052422>,  <44.607811, 56.292099, 50.476780>, 0.130000
	pigment { color rgbt <1,0,0,0> }
	no_shadow
}

// nucleotide -1

// particle -1
sphere {
	<45.028660, 55.793858, 50.052422> 0.250000
	pigment { color rgbt <1,0,0,0> }
	no_shadow
}
cylinder {
	<45.216896, 55.984776, 50.349266>,  <45.329838, 56.099327, 50.527374>, 0.100000
	pigment { color rgbt <1,0,0,0> }
	no_shadow
}
cylinder {
	<45.216896, 55.984776, 50.349266>,  <45.028660, 55.793858, 50.052422>, 0.100000
	pigment { color rgbt <1,0,0,0> }
	no_shadow
}

// particle -1
sphere {
	<45.216896, 55.984776, 50.349266> 0.100000
	pigment { color rgbt <1,0,0,0> }
	no_shadow
}
sphere {
	0, 1
	scale<0.080000,0.200000,0.300000>
	matrix <0.158036, -0.873057, 0.461299,
		0.868083, -0.099803, -0.486283,
		0.470592, 0.477296, 0.742113,
		45.358074, 56.127964, 50.571899>
	pigment { color rgbt <0,1,1,0> }
	no_shadow
}
cylinder {
	<45.725937, 55.579681, 50.232082>,  <45.028660, 55.793858, 50.052422>, 0.130000
	pigment { color rgbt <1,0,0,0> }
	no_shadow
}

// nucleotide -1

// particle -1
sphere {
	<45.725937, 55.579681, 50.232082> 0.250000
	pigment { color rgbt <1,0,0,0> }
	no_shadow
}
cylinder {
	<45.541443, 55.745007, 50.546135>,  <45.430744, 55.844200, 50.734566>, 0.100000
	pigment { color rgbt <1,0,0,0> }
	no_shadow
}
cylinder {
	<45.541443, 55.745007, 50.546135>,  <45.725937, 55.579681, 50.232082>, 0.100000
	pigment { color rgbt <1,0,0,0> }
	no_shadow
}

// particle -1
sphere {
	<45.541443, 55.745007, 50.546135> 0.100000
	pigment { color rgbt <1,0,0,0> }
	no_shadow
}
sphere {
	0, 1
	scale<0.080000,0.200000,0.300000>
	matrix <-0.066093, -0.898426, 0.434124,
		0.884811, 0.148343, 0.441706,
		-0.461239, 0.413311, 0.785132,
		45.403072, 55.868999, 50.781673>
	pigment { color rgbt <0,1,1,0> }
	no_shadow
}
cylinder {
	<46.067287, 55.468582, 50.907051>,  <45.725937, 55.579681, 50.232082>, 0.130000
	pigment { color rgbt <1,0,0,0> }
	no_shadow
}

// nucleotide -1

// particle -1
sphere {
	<46.067287, 55.468582, 50.907051> 0.250000
	pigment { color rgbt <1,0,0,0> }
	no_shadow
}
cylinder {
	<45.669872, 55.506985, 50.882809>,  <45.431423, 55.530025, 50.868263>, 0.100000
	pigment { color rgbt <1,0,0,0> }
	no_shadow
}
cylinder {
	<45.669872, 55.506985, 50.882809>,  <46.067287, 55.468582, 50.907051>, 0.100000
	pigment { color rgbt <1,0,0,0> }
	no_shadow
}

// particle -1
sphere {
	<45.669872, 55.506985, 50.882809> 0.100000
	pigment { color rgbt <1,0,0,0> }
	no_shadow
}
sphere {
	0, 1
	scale<0.080000,0.200000,0.300000>
	matrix <-0.111064, -0.932613, 0.343363,
		-0.023562, 0.347874, 0.937245,
		-0.993534, 0.096004, -0.060610,
		45.371811, 55.535786, 50.864624>
	pigment { color rgbt <0,1,1,0> }
	no_shadow
}
cylinder {
	<45.882637, 55.573765, 51.580364>,  <46.067287, 55.468582, 50.907051>, 0.130000
	pigment { color rgbt <1,0,0,0> }
	no_shadow
}

// nucleotide -1

// particle -1
sphere {
	<45.882637, 55.573765, 51.580364> 0.250000
	pigment { color rgbt <1,0,0,0> }
	no_shadow
}
cylinder {
	<45.631115, 55.399319, 51.322868>,  <45.480202, 55.294651, 51.168369>, 0.100000
	pigment { color rgbt <1,0,0,0> }
	no_shadow
}
cylinder {
	<45.631115, 55.399319, 51.322868>,  <45.882637, 55.573765, 51.580364>, 0.100000
	pigment { color rgbt <1,0,0,0> }
	no_shadow
}

// particle -1
sphere {
	<45.631115, 55.399319, 51.322868> 0.100000
	pigment { color rgbt <1,0,0,0> }
	no_shadow
}
sphere {
	0, 1
	scale<0.080000,0.200000,0.300000>
	matrix <-0.038321, -0.809510, 0.585853,
		-0.776615, 0.393059, 0.492315,
		-0.628809, -0.436116, -0.643740,
		45.442471, 55.268482, 51.129745>
	pigment { color rgbt <0,1,1,0> }
	no_shadow
}
cylinder {
	<45.996124, 54.916611, 51.561687>,  <45.882637, 55.573765, 51.580364>, 0.130000
	pigment { color rgbt <1,0,0,0> }
	no_shadow
}

// nucleotide -1

// particle -1
sphere {
	<45.996124, 54.916611, 51.561687> 0.250000
	pigment { color rgbt <1,0,0,0> }
	no_shadow
}
cylinder {
	<46.304478, 55.167633, 51.605347>,  <46.489491, 55.318249, 51.631542>, 0.100000
	pigment { color rgbt <1,0,0,0> }
	no_shadow
}
cylinder {
	<46.304478, 55.167633, 51.605347>,  <45.996124, 54.916611, 51.561687>, 0.100000
	pigment { color rgbt <1,0,0,0> }
	no_shadow
}

// particle -1
sphere {
	<46.304478, 55.167633, 51.605347> 0.100000
	pigment { color rgbt <1,0,0,0> }
	no_shadow
}
sphere {
	0, 1
	scale<0.080000,0.200000,0.300000>
	matrix <0.604366, -0.666463, -0.436541,
		-0.201210, 0.402488, -0.893039,
		0.770880, 0.627559, 0.109151,
		46.535740, 55.355900, 51.638092>
	pigment { color rgbt <0,1,1,0> }
	no_shadow
}
cylinder {
	<46.534515, 54.668095, 51.097656>,  <45.996124, 54.916611, 51.561687>, 0.130000
	pigment { color rgbt <1,0,0,0> }
	no_shadow
}

// nucleotide -1

// particle -1
sphere {
	<46.534515, 54.668095, 51.097656> 0.250000
	pigment { color rgbt <1,0,0,0> }
	no_shadow
}
cylinder {
	<46.784973, 54.937424, 51.254921>,  <46.935249, 55.099022, 51.349281>, 0.100000
	pigment { color rgbt <1,0,0,0> }
	no_shadow
}
cylinder {
	<46.784973, 54.937424, 51.254921>,  <46.534515, 54.668095, 51.097656>, 0.100000
	pigment { color rgbt <1,0,0,0> }
	no_shadow
}

// particle -1
sphere {
	<46.784973, 54.937424, 51.254921> 0.100000
	pigment { color rgbt <1,0,0,0> }
	no_shadow
}
sphere {
	0, 1
	scale<0.080000,0.200000,0.300000>
	matrix <0.779384, -0.554934, -0.290875,
		0.022327, 0.488555, -0.872247,
		0.626148, 0.673321, 0.393162,
		46.972816, 55.139420, 51.372871>
	pigment { color rgbt <0,1,1,0> }
	no_shadow
}
cylinder {
	<47.032150, 54.774567, 50.605202>,  <46.534515, 54.668095, 51.097656>, 0.130000
	pigment { color rgbt <1,0,0,0> }
	no_shadow
}

// nucleotide -1

// particle -1
sphere {
	<47.032150, 54.774567, 50.605202> 0.250000
	pigment { color rgbt <1,0,0,0> }
	no_shadow
}
cylinder {
	<47.167641, 54.849426, 50.974037>,  <47.248936, 54.894344, 51.195339>, 0.100000
	pigment { color rgbt <1,0,0,0> }
	no_shadow
}
cylinder {
	<47.167641, 54.849426, 50.974037>,  <47.032150, 54.774567, 50.605202>, 0.100000
	pigment { color rgbt <1,0,0,0> }
	no_shadow
}

// particle -1
sphere {
	<47.167641, 54.849426, 50.974037> 0.100000
	pigment { color rgbt <1,0,0,0> }
	no_shadow
}
sphere {
	0, 1
	scale<0.080000,0.200000,0.300000>
	matrix <0.848961, -0.483287, -0.213771,
		0.405625, 0.855224, -0.322584,
		0.338723, 0.187151, 0.922085,
		47.269257, 54.905571, 51.250664>
	pigment { color rgbt <0,1,1,0> }
	no_shadow
}
cylinder {
	<47.745964, 54.759491, 50.506809>,  <47.032150, 54.774567, 50.605202>, 0.130000
	pigment { color rgbt <1,0,0,0> }
	no_shadow
}

// nucleotide -1

// particle -1
sphere {
	<47.745964, 54.759491, 50.506809> 0.250000
	pigment { color rgbt <1,0,0,0> }
	no_shadow
}
cylinder {
	<47.707031, 54.706432, 50.901360>,  <47.683674, 54.674599, 51.138088>, 0.100000
	pigment { color rgbt <1,0,0,0> }
	no_shadow
}
cylinder {
	<47.707031, 54.706432, 50.901360>,  <47.745964, 54.759491, 50.506809>, 0.100000
	pigment { color rgbt <1,0,0,0> }
	no_shadow
}

// particle -1
sphere {
	<47.707031, 54.706432, 50.901360> 0.100000
	pigment { color rgbt <1,0,0,0> }
	no_shadow
}
sphere {
	0, 1
	scale<0.080000,0.200000,0.300000>
	matrix <0.844206, -0.535901, 0.011233,
		0.527109, 0.833795, 0.164139,
		-0.097329, -0.132646, 0.986373,
		47.677834, 54.666637, 51.197273>
	pigment { color rgbt <0,1,1,0> }
	no_shadow
}
cylinder {
	<48.126305, 54.213524, 50.590260>,  <47.745964, 54.759491, 50.506809>, 0.130000
	pigment { color rgbt <1,0,0,0> }
	no_shadow
}

// nucleotide -1

// particle -1
sphere {
	<48.126305, 54.213524, 50.590260> 0.250000
	pigment { color rgbt <1,0,0,0> }
	no_shadow
}
cylinder {
	<48.162468, 54.442101, 50.916519>,  <48.184166, 54.579247, 51.112274>, 0.100000
	pigment { color rgbt <1,0,0,0> }
	no_shadow
}
cylinder {
	<48.162468, 54.442101, 50.916519>,  <48.126305, 54.213524, 50.590260>, 0.100000
	pigment { color rgbt <1,0,0,0> }
	no_shadow
}

// particle -1
sphere {
	<48.162468, 54.442101, 50.916519> 0.100000
	pigment { color rgbt <1,0,0,0> }
	no_shadow
}
sphere {
	0, 1
	scale<0.080000,0.200000,0.300000>
	matrix <0.982947, 0.080486, -0.165338,
		-0.160130, 0.816684, -0.554424,
		0.090406, 0.571446, 0.815645,
		48.189590, 54.613533, 51.161213>
	pigment { color rgbt <0,1,1,0> }
	no_shadow
}
cylinder {
	<48.425243, 54.940861, 50.353619>,  <48.126305, 54.213524, 50.590260>, 0.130000
	pigment { color rgbt <1,0,0,0> }
	no_shadow
}

// nucleotide -1

// particle -1
sphere {
	<48.425243, 54.940861, 50.353619> 0.250000
	pigment { color rgbt <1,0,0,0> }
	no_shadow
}
cylinder {
	<48.491199, 54.850418, 50.737637>,  <48.530773, 54.796154, 50.968048>, 0.100000
	pigment { color rgbt <1,0,0,0> }
	no_shadow
}
cylinder {
	<48.491199, 54.850418, 50.737637>,  <48.425243, 54.940861, 50.353619>, 0.100000
	pigment { color rgbt <1,0,0,0> }
	no_shadow
}

// particle -1
sphere {
	<48.491199, 54.850418, 50.737637> 0.100000
	pigment { color rgbt <1,0,0,0> }
	no_shadow
}
sphere {
	0, 1
	scale<0.080000,0.200000,0.300000>
	matrix <0.984155, 0.102049, -0.145000,
		-0.065187, 0.968743, 0.239349,
		0.164893, -0.226104, 0.960045,
		48.540668, 54.782585, 51.025650>
	pigment { color rgbt <0,1,1,0> }
	no_shadow
}
cylinder {
	<48.738125, 55.587318, 50.678516>,  <48.425243, 54.940861, 50.353619>, 0.130000
	pigment { color rgbt <1,0,0,0> }
	no_shadow
}

// nucleotide -1

// particle -1
sphere {
	<48.738125, 55.587318, 50.678516> 0.250000
	pigment { color rgbt <1,0,0,0> }
	no_shadow
}
cylinder {
	<48.863205, 55.228321, 50.802921>,  <48.938251, 55.012924, 50.877563>, 0.100000
	pigment { color rgbt <1,0,0,0> }
	no_shadow
}
cylinder {
	<48.863205, 55.228321, 50.802921>,  <48.738125, 55.587318, 50.678516>, 0.100000
	pigment { color rgbt <1,0,0,0> }
	no_shadow
}

// particle -1
sphere {
	<48.863205, 55.228321, 50.802921> 0.100000
	pigment { color rgbt <1,0,0,0> }
	no_shadow
}
sphere {
	0, 1
	scale<0.080000,0.200000,0.300000>
	matrix <0.948510, 0.277645, -0.152451,
		0.050472, 0.342671, 0.938099,
		0.312699, -0.897491, 0.311014,
		48.957016, 54.959072, 50.896225>
	pigment { color rgbt <0,1,1,0> }
	no_shadow
}
cylinder {
	<49.163044, 55.570236, 51.388256>,  <48.738125, 55.587318, 50.678516>, 0.130000
	pigment { color rgbt <1,0,0,0> }
	no_shadow
}

// nucleotide -1

// particle -1
sphere {
	<49.163044, 55.570236, 51.388256> 0.250000
	pigment { color rgbt <1,0,0,0> }
	no_shadow
}
cylinder {
	<49.272171, 55.274197, 51.142387>,  <49.337646, 55.096573, 50.994865>, 0.100000
	pigment { color rgbt <1,0,0,0> }
	no_shadow
}
cylinder {
	<49.272171, 55.274197, 51.142387>,  <49.163044, 55.570236, 51.388256>, 0.100000
	pigment { color rgbt <1,0,0,0> }
	no_shadow
}

// particle -1
sphere {
	<49.272171, 55.274197, 51.142387> 0.100000
	pigment { color rgbt <1,0,0,0> }
	no_shadow
}
sphere {
	0, 1
	scale<0.080000,0.200000,0.300000>
	matrix <0.927362, 0.372356, -0.036742,
		0.256070, -0.560001, 0.787926,
		0.272813, -0.740101, -0.614673,
		49.354015, 55.052166, 50.957985>
	pigment { color rgbt <0,1,1,0> }
	no_shadow
}
cylinder {
	<49.640289, 55.081787, 51.657898>,  <49.163044, 55.570236, 51.388256>, 0.130000
	pigment { color rgbt <1,0,0,0> }
	no_shadow
}

// nucleotide -1

// particle -1
sphere {
	<49.640289, 55.081787, 51.657898> 0.250000
	pigment { color rgbt <1,0,0,0> }
	no_shadow
}
cylinder {
	<49.723728, 55.129547, 51.269623>,  <49.773792, 55.158203, 51.036659>, 0.100000
	pigment { color rgbt <1,0,0,0> }
	no_shadow
}
cylinder {
	<49.723728, 55.129547, 51.269623>,  <49.640289, 55.081787, 51.657898>, 0.100000
	pigment { color rgbt <1,0,0,0> }
	no_shadow
}

// particle -1
sphere {
	<49.723728, 55.129547, 51.269623> 0.100000
	pigment { color rgbt <1,0,0,0> }
	no_shadow
}
sphere {
	0, 1
	scale<0.080000,0.200000,0.300000>
	matrix <0.964590, 0.138693, 0.224345,
		0.161414, -0.983111, -0.086242,
		0.208595, 0.119400, -0.970686,
		49.786308, 55.165367, 50.978416>
	pigment { color rgbt <0,1,1,0> }
	no_shadow
}
cylinder {
	<49.451591, 54.354774, 51.947319>,  <49.640289, 55.081787, 51.657898>, 0.130000
	pigment { color rgbt <1,0,0,0> }
	no_shadow
}

// nucleotide -1

// particle -1
sphere {
	<49.451591, 54.354774, 51.947319> 0.250000
	pigment { color rgbt <1,0,0,0> }
	no_shadow
}
cylinder {
	<49.448166, 54.646656, 52.220802>,  <49.446110, 54.821785, 52.384892>, 0.100000
	pigment { color rgbt <1,0,0,0> }
	no_shadow
}
cylinder {
	<49.448166, 54.646656, 52.220802>,  <49.451591, 54.354774, 51.947319>, 0.100000
	pigment { color rgbt <1,0,0,0> }
	no_shadow
}

// particle -1
sphere {
	<49.448166, 54.646656, 52.220802> 0.100000
	pigment { color rgbt <1,0,0,0> }
	no_shadow
}
sphere {
	0, 1
	scale<0.080000,0.200000,0.300000>
	matrix <0.577893, -0.554380, 0.598917,
		0.816067, 0.400237, -0.416947,
		-0.008561, 0.729708, 0.683706,
		49.445599, 54.865570, 52.425915>
	pigment { color rgbt <0,1,1,0> }
	no_shadow
}
cylinder {
	<50.183239, 54.460205, 52.066341>,  <49.451591, 54.354774, 51.947319>, 0.130000
	pigment { color rgbt <1,0,0,0> }
	no_shadow
}

// nucleotide -1

// particle -1
sphere {
	<50.183239, 54.460205, 52.066341> 0.250000
	pigment { color rgbt <1,0,0,0> }
	no_shadow
}
cylinder {
	<49.940407, 54.540901, 52.373783>,  <49.794708, 54.589317, 52.558250>, 0.100000
	pigment { color rgbt <1,0,0,0> }
	no_shadow
}
cylinder {
	<49.940407, 54.540901, 52.373783>,  <50.183239, 54.460205, 52.066341>, 0.100000
	pigment { color rgbt <1,0,0,0> }
	no_shadow
}

// particle -1
sphere {
	<49.940407, 54.540901, 52.373783> 0.100000
	pigment { color rgbt <1,0,0,0> }
	no_shadow
}
sphere {
	0, 1
	scale<0.080000,0.200000,0.300000>
	matrix <0.587459, -0.537405, 0.605052,
		0.535116, 0.818839, 0.207734,
		-0.607078, 0.201738, 0.768608,
		49.758282, 54.601421, 52.604366>
	pigment { color rgbt <0,1,1,0> }
	no_shadow
}
cylinder {
	<50.874260, 54.847713, 51.728432>,  <50.183239, 54.460205, 52.066341>, 0.130000
	pigment { color rgbt <1,0,0,0> }
	no_shadow
}

// nucleotide -1

// particle -1
sphere {
	<50.874260, 54.847713, 51.728432> 0.250000
	pigment { color rgbt <1,0,0,0> }
	no_shadow
}
cylinder {
	<51.186798, 54.746769, 51.956749>,  <51.374321, 54.686203, 52.093739>, 0.100000
	pigment { color rgbt <1,0,0,0> }
	no_shadow
}
cylinder {
	<51.186798, 54.746769, 51.956749>,  <50.874260, 54.847713, 51.728432>, 0.100000
	pigment { color rgbt <1,0,0,0> }
	no_shadow
}

// particle -1
sphere {
	<51.186798, 54.746769, 51.956749> 0.100000
	pigment { color rgbt <1,0,0,0> }
	no_shadow
}
sphere {
	0, 1
	scale<0.080000,0.200000,0.300000>
	matrix <-0.222252, -0.967153, -0.123369,
		0.583178, -0.030466, -0.811773,
		0.781350, -0.252364, 0.570793,
		51.421204, 54.671059, 52.127987>
	pigment { color rgbt <0,1,1,0> }
	no_shadow
}
cylinder {
	<51.279079, 54.431698, 51.326847>,  <50.874260, 54.847713, 51.728432>, 0.130000
	pigment { color rgbt <1,0,0,0> }
	no_shadow
}

// nucleotide -1

// particle -1
sphere {
	<51.279079, 54.431698, 51.326847> 0.250000
	pigment { color rgbt <1,0,0,0> }
	no_shadow
}
cylinder {
	<51.327862, 54.340805, 51.713318>,  <51.357132, 54.286270, 51.945198>, 0.100000
	pigment { color rgbt <1,0,0,0> }
	no_shadow
}
cylinder {
	<51.327862, 54.340805, 51.713318>,  <51.279079, 54.431698, 51.326847>, 0.100000
	pigment { color rgbt <1,0,0,0> }
	no_shadow
}

// particle -1
sphere {
	<51.327862, 54.340805, 51.713318> 0.100000
	pigment { color rgbt <1,0,0,0> }
	no_shadow
}
sphere {
	0, 1
	scale<0.080000,0.200000,0.300000>
	matrix <-0.115378, -0.970088, -0.213584,
		0.985806, -0.085427, -0.144526,
		0.121957, -0.227228, 0.966175,
		51.364449, 54.272636, 52.003170>
	pigment { color rgbt <0,1,1,0> }
	no_shadow
}
cylinder {
	<51.759457, 53.841770, 51.481598>,  <51.279079, 54.431698, 51.326847>, 0.130000
	pigment { color rgbt <1,0,0,0> }
	no_shadow
}

// nucleotide -1

// particle -1
sphere {
	<51.759457, 53.841770, 51.481598> 0.250000
	pigment { color rgbt <1,0,0,0> }
	no_shadow
}
cylinder {
	<51.496536, 53.872131, 51.781517>,  <51.338783, 53.890347, 51.961468>, 0.100000
	pigment { color rgbt <1,0,0,0> }
	no_shadow
}
cylinder {
	<51.496536, 53.872131, 51.781517>,  <51.759457, 53.841770, 51.481598>, 0.100000
	pigment { color rgbt <1,0,0,0> }
	no_shadow
}

// particle -1
sphere {
	<51.496536, 53.872131, 51.781517> 0.100000
	pigment { color rgbt <1,0,0,0> }
	no_shadow
}
sphere {
	0, 1
	scale<0.080000,0.200000,0.300000>
	matrix <-0.222971, -0.969959, -0.097277,
		0.719892, -0.231124, 0.654476,
		-0.657298, 0.075900, 0.749799,
		51.299347, 53.894901, 52.006458>
	pigment { color rgbt <0,1,1,0> }
	no_shadow
}
cylinder {
	<51.828304, 53.277229, 52.055458>,  <51.759457, 53.841770, 51.481598>, 0.130000
	pigment { color rgbt <1,0,0,0> }
	no_shadow
}

// nucleotide -1

// particle -1
sphere {
	<51.828304, 53.277229, 52.055458> 0.250000
	pigment { color rgbt <1,0,0,0> }
	no_shadow
}
cylinder {
	<51.448456, 53.398415, 52.023365>,  <51.220547, 53.471127, 52.004108>, 0.100000
	pigment { color rgbt <1,0,0,0> }
	no_shadow
}
cylinder {
	<51.448456, 53.398415, 52.023365>,  <51.828304, 53.277229, 52.055458>, 0.100000
	pigment { color rgbt <1,0,0,0> }
	no_shadow
}

// particle -1
sphere {
	<51.448456, 53.398415, 52.023365> 0.100000
	pigment { color rgbt <1,0,0,0> }
	no_shadow
}
sphere {
	0, 1
	scale<0.080000,0.200000,0.300000>
	matrix <-0.285415, -0.941739, -0.177949,
		-0.129467, -0.146085, 0.980764,
