// switches for output
#declare DRAW_BASES = 1; // possible values are 0, 1; only relevant for DNA ribbons
#declare DRAW_BASES_TYPE = 3; // possible values are 1, 2, 3; only relevant for DNA ribbons
#declare DRAW_FOG = 0; // set to 1 to enable fog

#include "colors.inc"

#include "transforms.inc"
background { rgb <1, 1, 1>}

#default {
   normal{
       ripples 0.25
       frequency 0.20
       turbulence 0.2
       lambda 5
   }
	finish {
		phong 0.1
		phong_size 40.
	}
}

// original window dimensions: 1024x640


// camera settings

camera {
	sky <-0, 1, 0>
	up <-0, 1, 0>
	right 1.6 * <0.99995, 0, 0.00999983>
	location <54.4867, 55, 106.329>
	look_at <55, 55, 55.0001>
	direction <0.513302, 0, -51.3289>
	angle 67.0682
}


# declare cpy_camera_pos = <54.4867, 55, 106.329>;
# if (DRAW_FOG = 1)
fog {
	fog_type 2
	up vnormalize(cpy_camera_pos)
	color rgbt<1,1,1,0.3>
	distance 1e-5
	fog_alt 3e-3
	fog_offset 88
}
# end


// LIGHTS

# declare lum = 6;
global_settings {
	ambient_light rgb lum * <0.05, 0.05, 0.05>
	max_trace_level 15
}# declare cpy_direct_light_amount = 0.25;
light_source
{	1000 * <-0.98995, -1, 1.00995>,
	rgb lum * cpy_direct_light_amount
	parallel
}

light_source
{	1000 * <0.98995, 1, -1.00995>,
	rgb lum * cpy_direct_light_amount
	parallel
}

// strand 0

// nucleotide -1

// particle -1
sphere {
	<36.360607, 52.554535, 50.538410> 0.250000
	pigment { color rgbt <1,0,0,0> }
	no_shadow
}
cylinder {
	<36.396465, 52.825859, 50.246696>,  <36.417980, 52.988651, 50.071667>, 0.100000
	pigment { color rgbt <1,0,0,0> }
	no_shadow
}
cylinder {
	<36.396465, 52.825859, 50.246696>,  <36.360607, 52.554535, 50.538410>, 0.100000
	pigment { color rgbt <1,0,0,0> }
	no_shadow
}

// particle -1
sphere {
	<36.396465, 52.825859, 50.246696> 0.100000
	pigment { color rgbt <1,0,0,0> }
	no_shadow
}
sphere {
	0, 1
	scale<0.080000,0.200000,0.300000>
	matrix <-0.120856, 0.734235, 0.668051,
		0.988614, 0.028248, 0.147801,
		0.089649, 0.678307, -0.729289,
		36.423359, 53.029350, 50.027908>
	pigment { color rgbt <0,1,1,0> }
	no_shadow
}
cylinder {
	<36.886169, 52.648632, 49.999462>,  <36.360607, 52.554535, 50.538410>, 0.130000
	pigment { color rgbt <1,0,0,0> }
	no_shadow
}

// nucleotide -1

// particle -1
sphere {
	<36.886169, 52.648632, 49.999462> 0.250000
	pigment { color rgbt <1,0,0,0> }
	no_shadow
}
cylinder {
	<36.997334, 52.762051, 50.366585>,  <37.064030, 52.830101, 50.586857>, 0.100000
	pigment { color rgbt <1,0,0,0> }
	no_shadow
}
cylinder {
	<36.997334, 52.762051, 50.366585>,  <36.886169, 52.648632, 49.999462>, 0.100000
	pigment { color rgbt <1,0,0,0> }
	no_shadow
}

// particle -1
sphere {
	<36.997334, 52.762051, 50.366585> 0.100000
	pigment { color rgbt <1,0,0,0> }
	no_shadow
}
sphere {
	0, 1
	scale<0.080000,0.200000,0.300000>
	matrix <-0.223303, -0.910201, 0.348812,
		0.934293, -0.301886, -0.189633,
		0.277906, 0.283547, 0.917807,
		37.080704, 52.847115, 50.641926>
	pigment { color rgbt <0,1,1,0> }
	no_shadow
}
cylinder {
	<36.929176, 51.997883, 50.407448>,  <36.886169, 52.648632, 49.999462>, 0.130000
	pigment { color rgbt <1,0,0,0> }
	no_shadow
}

// nucleotide -1

// particle -1
sphere {
	<36.929176, 51.997883, 50.407448> 0.250000
	pigment { color rgbt <1,0,0,0> }
	no_shadow
}
cylinder {
	<36.949104, 52.265049, 50.704475>,  <36.961060, 52.425346, 50.882694>, 0.100000
	pigment { color rgbt <1,0,0,0> }
	no_shadow
}
cylinder {
	<36.949104, 52.265049, 50.704475>,  <36.929176, 51.997883, 50.407448>, 0.100000
	pigment { color rgbt <1,0,0,0> }
	no_shadow
}

// particle -1
sphere {
	<36.949104, 52.265049, 50.704475> 0.100000
	pigment { color rgbt <1,0,0,0> }
	no_shadow
}
sphere {
	0, 1
	scale<0.080000,0.200000,0.300000>
	matrix <-0.458170, -0.645365, 0.611215,
		0.887467, -0.370673, 0.273867,
		0.049816, 0.667912, 0.742572,
		36.964050, 52.465424, 50.927246>
	pigment { color rgbt <0,1,1,0> }
	no_shadow
}
cylinder {
	<37.344681, 51.818058, 50.894321>,  <36.929176, 51.997883, 50.407448>, 0.130000
	pigment { color rgbt <1,0,0,0> }
	no_shadow
}

// nucleotide -1

// particle -1
sphere {
	<37.344681, 51.818058, 50.894321> 0.250000
	pigment { color rgbt <1,0,0,0> }
	no_shadow
}
cylinder {
	<37.066460, 52.052032, 51.061203>,  <36.899529, 52.192417, 51.161331>, 0.100000
	pigment { color rgbt <1,0,0,0> }
	no_shadow
}
cylinder {
	<37.066460, 52.052032, 51.061203>,  <37.344681, 51.818058, 50.894321>, 0.100000
	pigment { color rgbt <1,0,0,0> }
	no_shadow
}

// particle -1
sphere {
	<37.066460, 52.052032, 51.061203> 0.100000
	pigment { color rgbt <1,0,0,0> }
	no_shadow
}
sphere {
	0, 1
	scale<0.080000,0.200000,0.300000>
	matrix <-0.357712, -0.785522, 0.504973,
		0.623098, 0.201996, 0.755610,
		-0.695551, 0.584938, 0.417201,
		36.857796, 52.227512, 51.186363>
	pigment { color rgbt <0,1,1,0> }
	no_shadow
}
cylinder {
	<37.825085, 52.320652, 51.275471>,  <37.344681, 51.818058, 50.894321>, 0.130000
	pigment { color rgbt <1,0,0,0> }
	no_shadow
}

// nucleotide -1

// particle -1
sphere {
	<37.825085, 52.320652, 51.275471> 0.250000
	pigment { color rgbt <1,0,0,0> }
	no_shadow
}
cylinder {
	<37.911160, 52.211254, 51.650467>,  <37.962803, 52.145615, 51.875465>, 0.100000
	pigment { color rgbt <1,0,0,0> }
	no_shadow
}
cylinder {
	<37.911160, 52.211254, 51.650467>,  <37.825085, 52.320652, 51.275471>, 0.100000
	pigment { color rgbt <1,0,0,0> }
	no_shadow
}

// particle -1
sphere {
	<37.911160, 52.211254, 51.650467> 0.100000
	pigment { color rgbt <1,0,0,0> }
	no_shadow
}
sphere {
	0, 1
	scale<0.080000,0.200000,0.300000>
	matrix <0.833260, 0.552055, -0.030211,
		-0.509286, 0.787677, 0.346687,
		0.215187, -0.273494, 0.937494,
		37.975716, 52.129208, 51.931717>
	pigment { color rgbt <0,1,1,0> }
	no_shadow
}
cylinder {
	<37.947624, 52.882214, 51.811543>,  <37.825085, 52.320652, 51.275471>, 0.130000
	pigment { color rgbt <1,0,0,0> }
	no_shadow
}

// nucleotide -1

// particle -1
sphere {
	<37.947624, 52.882214, 51.811543> 0.250000
	pigment { color rgbt <1,0,0,0> }
	no_shadow
}
cylinder {
	<38.160530, 52.551384, 51.883812>,  <38.288273, 52.352886, 51.927174>, 0.100000
	pigment { color rgbt <1,0,0,0> }
	no_shadow
}
cylinder {
	<38.160530, 52.551384, 51.883812>,  <37.947624, 52.882214, 51.811543>, 0.100000
	pigment { color rgbt <1,0,0,0> }
	no_shadow
}

// particle -1
sphere {
	<38.160530, 52.551384, 51.883812> 0.100000
	pigment { color rgbt <1,0,0,0> }
	no_shadow
}
sphere {
	0, 1
	scale<0.080000,0.200000,0.300000>
	matrix <0.836405, 0.546739, 0.038767,
		-0.130842, 0.130478, 0.982780,
		0.532265, -0.827075, 0.180669,
		38.320210, 52.303261, 51.938011>
	pigment { color rgbt <0,1,1,0> }
	no_shadow
}
cylinder {
	<38.420174, 53.022579, 52.378410>,  <37.947624, 52.882214, 51.811543>, 0.130000
	pigment { color rgbt <1,0,0,0> }
	no_shadow
}

// nucleotide -1

// particle -1
sphere {
	<38.420174, 53.022579, 52.378410> 0.250000
	pigment { color rgbt <1,0,0,0> }
	no_shadow
}
cylinder {
	<38.555473, 52.725628, 52.147079>,  <38.636654, 52.547459, 52.008282>, 0.100000
	pigment { color rgbt <1,0,0,0> }
	no_shadow
}
cylinder {
	<38.555473, 52.725628, 52.147079>,  <38.420174, 53.022579, 52.378410>, 0.100000
	pigment { color rgbt <1,0,0,0> }
	no_shadow
}

// particle -1
sphere {
	<38.555473, 52.725628, 52.147079> 0.100000
	pigment { color rgbt <1,0,0,0> }
	no_shadow
}
sphere {
	0, 1
	scale<0.080000,0.200000,0.300000>
	matrix <0.931483, 0.351562, 0.093510,
		0.133898, -0.570332, 0.810427,
		0.338247, -0.742378, -0.578328,
		38.656948, 52.502914, 51.973579>
	pigment { color rgbt <0,1,1,0> }
	no_shadow
}
cylinder {
	<38.979568, 52.866859, 52.736664>,  <38.420174, 53.022579, 52.378410>, 0.130000
	pigment { color rgbt <1,0,0,0> }
	no_shadow
}

// nucleotide -1

// particle -1
sphere {
	<38.979568, 52.866859, 52.736664> 0.250000
	pigment { color rgbt <1,0,0,0> }
	no_shadow
}
cylinder {
	<39.020390, 52.720524, 52.366638>,  <39.044880, 52.632721, 52.144623>, 0.100000
	pigment { color rgbt <1,0,0,0> }
	no_shadow
}
cylinder {
	<39.020390, 52.720524, 52.366638>,  <38.979568, 52.866859, 52.736664>, 0.100000
	pigment { color rgbt <1,0,0,0> }
	no_shadow
}

// particle -1
sphere {
	<39.020390, 52.720524, 52.366638> 0.100000
	pigment { color rgbt <1,0,0,0> }
	no_shadow
}
sphere {
	0, 1
	scale<0.080000,0.200000,0.300000>
	matrix <0.980244, 0.195369, 0.030872,
		0.169436, -0.909941, 0.378548,
		0.102048, -0.365839, -0.925067,
		39.051003, 52.610771, 52.089119>
	pigment { color rgbt <0,1,1,0> }
	no_shadow
}
cylinder {
	<39.436108, 52.268539, 52.742352>,  <38.979568, 52.866859, 52.736664>, 0.130000
	pigment { color rgbt <1,0,0,0> }
	no_shadow
}

// nucleotide -1

// particle -1
sphere {
	<39.436108, 52.268539, 52.742352> 0.250000
	pigment { color rgbt <1,0,0,0> }
	no_shadow
}
cylinder {
	<39.425423, 52.528759, 52.438755>,  <39.419010, 52.684891, 52.256596>, 0.100000
	pigment { color rgbt <1,0,0,0> }
	no_shadow
}
cylinder {
	<39.425423, 52.528759, 52.438755>,  <39.436108, 52.268539, 52.742352>, 0.100000
	pigment { color rgbt <1,0,0,0> }
	no_shadow
}

// particle -1
sphere {
	<39.425423, 52.528759, 52.438755> 0.100000
	pigment { color rgbt <1,0,0,0> }
	no_shadow
}
sphere {
	0, 1
	scale<0.080000,0.200000,0.300000>
	matrix <0.979069, 0.170276, 0.111487,
		0.201767, -0.740129, -0.641482,
		-0.026714, 0.650549, -0.758994,
		39.417408, 52.723923, 52.211056>
	pigment { color rgbt <0,1,1,0> }
	no_shadow
}
cylinder {
	<39.828205, 52.096703, 52.057659>,  <39.436108, 52.268539, 52.742352>, 0.130000
	pigment { color rgbt <1,0,0,0> }
	no_shadow
}

// nucleotide -1

// particle -1
sphere {
	<39.828205, 52.096703, 52.057659> 0.250000
	pigment { color rgbt <1,0,0,0> }
	no_shadow
}
cylinder {
	<39.881004, 52.483753, 52.143700>,  <39.912685, 52.715984, 52.195324>, 0.100000
	pigment { color rgbt <1,0,0,0> }
	no_shadow
}
cylinder {
	<39.881004, 52.483753, 52.143700>,  <39.828205, 52.096703, 52.057659>, 0.100000
	pigment { color rgbt <1,0,0,0> }
	no_shadow
}

// particle -1
sphere {
	<39.881004, 52.483753, 52.143700> 0.100000
	pigment { color rgbt <1,0,0,0> }
	no_shadow
}
sphere {
	0, 1
	scale<0.080000,0.200000,0.300000>
	matrix <0.990416, -0.137644, 0.011417,
		0.040655, 0.211534, -0.976525,
		0.131998, 0.967630, 0.215102,
		39.920605, 52.774044, 52.208229>
	pigment { color rgbt <0,1,1,0> }
	no_shadow
}
cylinder {
	<40.199661, 52.562855, 51.503860>,  <39.828205, 52.096703, 52.057659>, 0.130000
	pigment { color rgbt <1,0,0,0> }
	no_shadow
}

// nucleotide -1

// particle -1
sphere {
	<40.199661, 52.562855, 51.503860> 0.250000
	pigment { color rgbt <1,0,0,0> }
	no_shadow
}
cylinder {
	<40.248318, 52.691437, 51.879494>,  <40.277512, 52.768585, 52.104874>, 0.100000
	pigment { color rgbt <1,0,0,0> }
	no_shadow
}
cylinder {
	<40.248318, 52.691437, 51.879494>,  <40.199661, 52.562855, 51.503860>, 0.100000
	pigment { color rgbt <1,0,0,0> }
	no_shadow
}

// particle -1
sphere {
	<40.248318, 52.691437, 51.879494> 0.100000
	pigment { color rgbt <1,0,0,0> }
	no_shadow
}
sphere {
	0, 1
	scale<0.080000,0.200000,0.300000>
	matrix <0.963427, -0.265832, -0.033796,
		0.238774, 0.908846, -0.342032,
		0.121638, 0.321453, 0.939080,
		40.284809, 52.787872, 52.161217>
	pigment { color rgbt <0,1,1,0> }
	no_shadow
}
cylinder {
	<40.667690, 53.125797, 51.214588>,  <40.199661, 52.562855, 51.503860>, 0.130000
	pigment { color rgbt <1,0,0,0> }
	no_shadow
}

// nucleotide -1

// particle -1
sphere {
	<40.667690, 53.125797, 51.214588> 0.250000
	pigment { color rgbt <1,0,0,0> }
	no_shadow
}
cylinder {
	<40.272808, 53.133621, 51.151299>,  <40.035877, 53.138317, 51.113327>, 0.100000
	pigment { color rgbt <1,0,0,0> }
	no_shadow
}
cylinder {
	<40.272808, 53.133621, 51.151299>,  <40.667690, 53.125797, 51.214588>, 0.100000
	pigment { color rgbt <1,0,0,0> }
	no_shadow
}

// particle -1
sphere {
	<40.272808, 53.133621, 51.151299> 0.100000
	pigment { color rgbt <1,0,0,0> }
	no_shadow
}
sphere {
	0, 1
	scale<0.080000,0.200000,0.300000>
	matrix <0.158983, 0.194811, -0.967870,
		0.011886, -0.980646, -0.195429,
		-0.987210, 0.019566, -0.158221,
		39.976646, 53.139492, 51.103832>
	pigment { color rgbt <0,1,1,0> }
	no_shadow
}
cylinder {
	<40.399448, 52.478146, 50.662930>,  <40.667690, 53.125797, 51.214588>, 0.130000
	pigment { color rgbt <1,0,0,0> }
	no_shadow
}

// nucleotide -1

// particle -1
sphere {
	<40.399448, 52.478146, 50.662930> 0.250000
	pigment { color rgbt <1,0,0,0> }
	no_shadow
}
cylinder {
	<40.220821, 52.833534, 50.705261>,  <40.113644, 53.046768, 50.730659>, 0.100000
	pigment { color rgbt <1,0,0,0> }
	no_shadow
}
cylinder {
	<40.220821, 52.833534, 50.705261>,  <40.399448, 52.478146, 50.662930>, 0.100000
	pigment { color rgbt <1,0,0,0> }
	no_shadow
}

// particle -1
sphere {
	<40.220821, 52.833534, 50.705261> 0.100000
	pigment { color rgbt <1,0,0,0> }
	no_shadow
}
sphere {
	0, 1
	scale<0.080000,0.200000,0.300000>
	matrix <0.284830, 0.253285, -0.924510,
		-0.848203, -0.382714, -0.366172,
		-0.446569, 0.888469, 0.105829,
		40.086849, 53.100075, 50.737011>
	pigment { color rgbt <0,1,1,0> }
	no_shadow
}
cylinder {
	<41.100487, 52.593037, 50.471069>,  <40.399448, 52.478146, 50.662930>, 0.130000
	pigment { color rgbt <1,0,0,0> }
	no_shadow
}

// nucleotide -1

// particle -1
sphere {
	<41.100487, 52.593037, 50.471069> 0.250000
	pigment { color rgbt <1,0,0,0> }
	no_shadow
}
cylinder {
	<41.171375, 52.202881, 50.523544>,  <41.213909, 51.968788, 50.555031>, 0.100000
	pigment { color rgbt <1,0,0,0> }
	no_shadow
}
cylinder {
	<41.171375, 52.202881, 50.523544>,  <41.100487, 52.593037, 50.471069>, 0.100000
	pigment { color rgbt <1,0,0,0> }
	no_shadow
}

// particle -1
sphere {
	<41.171375, 52.202881, 50.523544> 0.100000
	pigment { color rgbt <1,0,0,0> }
	no_shadow
}
sphere {
	0, 1
	scale<0.080000,0.200000,0.300000>
	matrix <0.914595, 0.212451, 0.344064,
		-0.363467, 0.059010, 0.929736,
		0.177220, -0.975388, 0.131190,
		41.224541, 51.910263, 50.562901>
	pigment { color rgbt <0,1,1,0> }
	no_shadow
}
cylinder {
	<41.468285, 52.452709, 51.123161>,  <41.100487, 52.593037, 50.471069>, 0.130000
	pigment { color rgbt <1,0,0,0> }
	no_shadow
}

// nucleotide -1

// particle -1
sphere {
	<41.468285, 52.452709, 51.123161> 0.250000
	pigment { color rgbt <1,0,0,0> }
	no_shadow
}
cylinder {
	<41.532440, 52.154358, 50.864571>,  <41.570934, 51.975346, 50.709415>, 0.100000
	pigment { color rgbt <1,0,0,0> }
	no_shadow
}
cylinder {
	<41.532440, 52.154358, 50.864571>,  <41.468285, 52.452709, 51.123161>, 0.100000
	pigment { color rgbt <1,0,0,0> }
	no_shadow
}

// particle -1
sphere {
	<41.532440, 52.154358, 50.864571> 0.100000
	pigment { color rgbt <1,0,0,0> }
	no_shadow
}
sphere {
	0, 1
	scale<0.080000,0.200000,0.300000>
	matrix <0.986956, 0.111979, 0.115665,
		-0.013880, -0.656599, 0.754112,
		0.160390, -0.745881, -0.646480,
		41.580559, 51.930595, 50.670628>
	pigment { color rgbt <0,1,1,0> }
	no_shadow
}
cylinder {
	<41.926201, 52.021191, 51.365467>,  <41.468285, 52.452709, 51.123161>, 0.130000
	pigment { color rgbt <1,0,0,0> }
	no_shadow
}

// nucleotide -1

// particle -1
sphere {
	<41.926201, 52.021191, 51.365467> 0.250000
	pigment { color rgbt <1,0,0,0> }
	no_shadow
}
cylinder {
	<41.983456, 51.934425, 50.979210>,  <42.017807, 51.882366, 50.747456>, 0.100000
	pigment { color rgbt <1,0,0,0> }
	no_shadow
}
cylinder {
	<41.983456, 51.934425, 50.979210>,  <41.926201, 52.021191, 51.365467>, 0.100000
	pigment { color rgbt <1,0,0,0> }
	no_shadow
}

// particle -1
sphere {
	<41.983456, 51.934425, 50.979210> 0.100000
	pigment { color rgbt <1,0,0,0> }
	no_shadow
}
sphere {
	0, 1
	scale<0.080000,0.200000,0.300000>
	matrix <0.988354, 0.082260, 0.128021,
		0.051663, -0.972718, 0.226164,
		0.143133, -0.216916, -0.965640,
		42.026394, 51.869350, 50.689518>
	pigment { color rgbt <0,1,1,0> }
	no_shadow
}
cylinder {
	<42.707325, 51.942814, 51.261375>,  <41.926201, 52.021191, 51.365467>, 0.130000
	pigment { color rgbt <1,0,0,0> }
	no_shadow
}

// nucleotide -1

// particle -1
sphere {
	<42.707325, 51.942814, 51.261375> 0.250000
	pigment { color rgbt <1,0,0,0> }
	no_shadow
}
cylinder {
	<42.430626, 51.766331, 51.490047>,  <42.264606, 51.660442, 51.627251>, 0.100000
	pigment { color rgbt <1,0,0,0> }
	no_shadow
}
cylinder {
	<42.430626, 51.766331, 51.490047>,  <42.707325, 51.942814, 51.261375>, 0.100000
	pigment { color rgbt <1,0,0,0> }
	no_shadow
}

// particle -1
sphere {
	<42.430626, 51.766331, 51.490047> 0.100000
	pigment { color rgbt <1,0,0,0> }
	no_shadow
}
sphere {
	0, 1
	scale<0.080000,0.200000,0.300000>
	matrix <0.278162, -0.893361, -0.352891,
		0.666416, -0.085092, 0.740708,
		-0.691748, -0.441209, 0.571681,
		42.223103, 51.633968, 51.661552>
	pigment { color rgbt <0,1,1,0> }
	no_shadow
}
cylinder {
	<43.423130, 52.134598, 51.590210>,  <42.707325, 51.942814, 51.261375>, 0.130000
	pigment { color rgbt <1,0,0,0> }
	no_shadow
}

// nucleotide -1

// particle -1
sphere {
	<43.423130, 52.134598, 51.590210> 0.250000
	pigment { color rgbt <1,0,0,0> }
	no_shadow
}
cylinder {
	<43.516415, 51.823082, 51.823139>,  <43.572388, 51.636173, 51.962894>, 0.100000
	pigment { color rgbt <1,0,0,0> }
	no_shadow
}
cylinder {
	<43.516415, 51.823082, 51.823139>,  <43.423130, 52.134598, 51.590210>, 0.100000
	pigment { color rgbt <1,0,0,0> }
	no_shadow
}

// particle -1
sphere {
	<43.516415, 51.823082, 51.823139> 0.100000
	pigment { color rgbt <1,0,0,0> }
	no_shadow
}
sphere {
	0, 1
	scale<0.080000,0.200000,0.300000>
	matrix <-0.315955, -0.627029, -0.712045,
		0.919665, -0.017928, -0.392294,
		0.233214, -0.778790, 0.582321,
		43.586380, 51.589443, 51.997837>
	pigment { color rgbt <0,1,1,0> }
	no_shadow
}
cylinder {
	<44.044689, 51.637424, 51.334824>,  <43.423130, 52.134598, 51.590210>, 0.130000
	pigment { color rgbt <1,0,0,0> }
	no_shadow
}

// nucleotide -1

// particle -1
sphere {
	<44.044689, 51.637424, 51.334824> 0.250000
	pigment { color rgbt <1,0,0,0> }
	no_shadow
}
cylinder {
	<43.770126, 51.449448, 51.556816>,  <43.605389, 51.336662, 51.690014>, 0.100000
	pigment { color rgbt <1,0,0,0> }
	no_shadow
}
cylinder {
	<43.770126, 51.449448, 51.556816>,  <44.044689, 51.637424, 51.334824>, 0.100000
	pigment { color rgbt <1,0,0,0> }
	no_shadow
}

// particle -1
sphere {
	<43.770126, 51.449448, 51.556816> 0.100000
	pigment { color rgbt <1,0,0,0> }
	no_shadow
}
sphere {
	0, 1
	scale<0.080000,0.200000,0.300000>
	matrix <-0.158410, -0.648211, -0.744801,
		0.709756, -0.599150, 0.370493,
		-0.686405, -0.469938, 0.554983,
		43.564205, 51.308468, 51.723312>
	pigment { color rgbt <0,1,1,0> }
	no_shadow
}
cylinder {
	<44.207058, 50.870079, 51.645271>,  <44.044689, 51.637424, 51.334824>, 0.130000
	pigment { color rgbt <1,0,0,0> }
	no_shadow
}

// nucleotide -1

// particle -1
sphere {
	<44.207058, 50.870079, 51.645271> 0.250000
	pigment { color rgbt <1,0,0,0> }
	no_shadow
}
cylinder {
	<43.831314, 50.966709, 51.547905>,  <43.605869, 51.024685, 51.489487>, 0.100000
	pigment { color rgbt <1,0,0,0> }
	no_shadow
}
cylinder {
	<43.831314, 50.966709, 51.547905>,  <44.207058, 50.870079, 51.645271>, 0.100000
	pigment { color rgbt <1,0,0,0> }
	no_shadow
}

// particle -1
sphere {
	<43.831314, 50.966709, 51.547905> 0.100000
	pigment { color rgbt <1,0,0,0> }
	no_shadow
}
sphere {
	0, 1
	scale<0.080000,0.200000,0.300000>
	matrix <0.055500, -0.593350, -0.803029,
		-0.338419, -0.767840, 0.543961,
		-0.939357, 0.241571, -0.243416,
		43.549507, 51.039181, 51.474880>
	pigment { color rgbt <0,1,1,0> }
	no_shadow
}
cylinder {
	<44.422695, 50.802208, 52.313614>,  <44.207058, 50.870079, 51.645271>, 0.130000
	pigment { color rgbt <1,0,0,0> }
	no_shadow
}

// nucleotide -1

// particle -1
sphere {
	<44.422695, 50.802208, 52.313614> 0.250000
	pigment { color rgbt <1,0,0,0> }
	no_shadow
}
cylinder {
	<44.704857, 51.071419, 52.224674>,  <44.874153, 51.232944, 52.171310>, 0.100000
	pigment { color rgbt <1,0,0,0> }
	no_shadow
}
cylinder {
	<44.704857, 51.071419, 52.224674>,  <44.422695, 50.802208, 52.313614>, 0.100000
	pigment { color rgbt <1,0,0,0> }
	no_shadow
}

// particle -1
sphere {
	<44.704857, 51.071419, 52.224674> 0.100000
	pigment { color rgbt <1,0,0,0> }
	no_shadow
}
sphere {
	0, 1
	scale<0.080000,0.200000,0.300000>
	matrix <-0.200418, 0.490278, 0.848210,
		0.679881, -0.553769, 0.480731,
		0.705404, 0.673029, -0.222346,
		44.916477, 51.273327, 52.157970>
	pigment { color rgbt <0,1,1,0> }
	no_shadow
}
cylinder {
	<45.020378, 50.781048, 52.856258>,  <44.422695, 50.802208, 52.313614>, 0.130000
	pigment { color rgbt <1,0,0,0> }
	no_shadow
}

// nucleotide -1

// particle -1
sphere {
	<45.020378, 50.781048, 52.856258> 0.250000
	pigment { color rgbt <1,0,0,0> }
	no_shadow
}
cylinder {
	<44.952118, 51.140240, 52.694023>,  <44.911160, 51.355755, 52.596680>, 0.100000
	pigment { color rgbt <1,0,0,0> }
	no_shadow
}
cylinder {
	<44.952118, 51.140240, 52.694023>,  <45.020378, 50.781048, 52.856258>, 0.100000
	pigment { color rgbt <1,0,0,0> }
	no_shadow
}

// particle -1
sphere {
	<44.952118, 51.140240, 52.694023> 0.100000
	pigment { color rgbt <1,0,0,0> }
	no_shadow
}
sphere {
	0, 1
	scale<0.080000,0.200000,0.300000>
	matrix <-0.244935, 0.360049, 0.900206,
		0.954403, 0.252967, 0.158504,
		-0.170653, 0.897982, -0.405593,
		44.900921, 51.409634, 52.572346>
	pigment { color rgbt <0,1,1,0> }
	no_shadow
}
cylinder {
	<45.367874, 51.363205, 53.183056>,  <45.020378, 50.781048, 52.856258>, 0.130000
	pigment { color rgbt <1,0,0,0> }
	no_shadow
}

// nucleotide -1

// particle -1
sphere {
	<45.367874, 51.363205, 53.183056> 0.250000
	pigment { color rgbt <1,0,0,0> }
	no_shadow
}
cylinder {
	<45.042084, 51.497772, 52.993973>,  <44.846611, 51.578510, 52.880524>, 0.100000
	pigment { color rgbt <1,0,0,0> }
	no_shadow
}
cylinder {
	<45.042084, 51.497772, 52.993973>,  <45.367874, 51.363205, 53.183056>, 0.100000
	pigment { color rgbt <1,0,0,0> }
	no_shadow
}

// particle -1
sphere {
	<45.042084, 51.497772, 52.993973> 0.100000
	pigment { color rgbt <1,0,0,0> }
	no_shadow
}
sphere {
	0, 1
	scale<0.080000,0.200000,0.300000>
	matrix <-0.362519, 0.341044, 0.867334,
		0.452998, 0.877790, -0.155816,
		-0.814477, 0.336414, -0.472708,
		44.797741, 51.598698, 52.852161>
	pigment { color rgbt <0,1,1,0> }
	no_shadow
}
cylinder {
	<45.187687, 52.176708, 53.321014>,  <45.367874, 51.363205, 53.183056>, 0.130000
	pigment { color rgbt <1,0,0,0> }
	no_shadow
}

// nucleotide -1

// particle -1
sphere {
	<45.187687, 52.176708, 53.321014> 0.250000
	pigment { color rgbt <1,0,0,0> }
	no_shadow
}
cylinder {
	<44.864986, 51.958538, 53.230087>,  <44.671368, 51.827637, 53.175529>, 0.100000
	pigment { color rgbt <1,0,0,0> }
	no_shadow
}
cylinder {
	<44.864986, 51.958538, 53.230087>,  <45.187687, 52.176708, 53.321014>, 0.100000
	pigment { color rgbt <1,0,0,0> }
	no_shadow
}

// particle -1
sphere {
	<44.864986, 51.958538, 53.230087> 0.100000
	pigment { color rgbt <1,0,0,0> }
	no_shadow
}
sphere {
	0, 1
	scale<0.080000,0.200000,0.300000>
	matrix <-0.417762, 0.254406, 0.872211,
		-0.417891, 0.798620, -0.433098,
		-0.806748, -0.545421, -0.227319,
		44.622963, 51.794910, 53.161892>
	pigment { color rgbt <0,1,1,0> }
	no_shadow
}
cylinder {
	<45.788540, 51.974808, 52.944527>,  <45.187687, 52.176708, 53.321014>, 0.130000
	pigment { color rgbt <1,0,0,0> }
	no_shadow
}

// nucleotide -1

// particle -1
sphere {
	<45.788540, 51.974808, 52.944527> 0.250000
	pigment { color rgbt <1,0,0,0> }
	no_shadow
}
cylinder {
	<46.101997, 52.136345, 52.755718>,  <46.290073, 52.233269, 52.642433>, 0.100000
	pigment { color rgbt <1,0,0,0> }
	no_shadow
}
cylinder {
	<46.101997, 52.136345, 52.755718>,  <45.788540, 51.974808, 52.944527>, 0.100000
	pigment { color rgbt <1,0,0,0> }
	no_shadow
}

// particle -1
sphere {
	<46.101997, 52.136345, 52.755718> 0.100000
	pigment { color rgbt <1,0,0,0> }
	no_shadow
}
sphere {
	0, 1
	scale<0.080000,0.200000,0.300000>
	matrix <0.615694, -0.605920, 0.503767,
		-0.082562, -0.685396, -0.723475,
		0.783648, 0.403847, -0.472020,
		46.337093, 52.257500, 52.614113>
	pigment { color rgbt <0,1,1,0> }
	no_shadow
}
cylinder {
	<46.279636, 51.513500, 52.435654>,  <45.788540, 51.974808, 52.944527>, 0.130000
	pigment { color rgbt <1,0,0,0> }
	no_shadow
}

// nucleotide -1

// particle -1
sphere {
	<46.279636, 51.513500, 52.435654> 0.250000
	pigment { color rgbt <1,0,0,0> }
	no_shadow
}
cylinder {
	<46.464272, 51.782558, 52.666992>,  <46.575050, 51.943993, 52.805794>, 0.100000
	pigment { color rgbt <1,0,0,0> }
	no_shadow
}
cylinder {
	<46.464272, 51.782558, 52.666992>,  <46.279636, 51.513500, 52.435654>, 0.100000
	pigment { color rgbt <1,0,0,0> }
	no_shadow
}

// particle -1
sphere {
	<46.464272, 51.782558, 52.666992> 0.100000
	pigment { color rgbt <1,0,0,0> }
	no_shadow
}
sphere {
	0, 1
	scale<0.080000,0.200000,0.300000>
	matrix <0.575865, -0.723118, 0.381419,
		0.674773, 0.156992, -0.721135,
		0.461586, 0.672647, 0.578346,
		46.602749, 51.984352, 52.840496>
	pigment { color rgbt <0,1,1,0> }
	no_shadow
}
cylinder {
	<46.962780, 51.596073, 52.335705>,  <46.279636, 51.513500, 52.435654>, 0.130000
	pigment { color rgbt <1,0,0,0> }
	no_shadow
}

// nucleotide -1

// particle -1
sphere {
	<46.962780, 51.596073, 52.335705> 0.250000
	pigment { color rgbt <1,0,0,0> }
	no_shadow
}
cylinder {
	<46.871807, 51.674648, 52.717216>,  <46.817223, 51.721794, 52.946121>, 0.100000
	pigment { color rgbt <1,0,0,0> }
	no_shadow
}
cylinder {
	<46.871807, 51.674648, 52.717216>,  <46.962780, 51.596073, 52.335705>, 0.100000
	pigment { color rgbt <1,0,0,0> }
	no_shadow
}

// particle -1
sphere {
	<46.871807, 51.674648, 52.717216> 0.100000
	pigment { color rgbt <1,0,0,0> }
	no_shadow
}
sphere {
	0, 1
	scale<0.080000,0.200000,0.300000>
	matrix <0.464451, -0.838980, 0.283546,
		0.855898, 0.507469, 0.099573,
		-0.227430, 0.196439, 0.953775,
		46.803577, 51.733582, 53.003349>
	pigment { color rgbt <0,1,1,0> }
	no_shadow
}
cylinder {
	<47.549465, 51.485680, 52.678978>,  <46.962780, 51.596073, 52.335705>, 0.130000
	pigment { color rgbt <1,0,0,0> }
	no_shadow
}

// nucleotide -1

// particle -1
sphere {
	<47.549465, 51.485680, 52.678978> 0.250000
	pigment { color rgbt <1,0,0,0> }
	no_shadow
}
cylinder {
	<47.229889, 51.430977, 52.913239>,  <47.038143, 51.398155, 53.053795>, 0.100000
	pigment { color rgbt <1,0,0,0> }
	no_shadow
}
cylinder {
	<47.229889, 51.430977, 52.913239>,  <47.549465, 51.485680, 52.678978>, 0.100000
	pigment { color rgbt <1,0,0,0> }
	no_shadow
}

// particle -1
sphere {
	<47.229889, 51.430977, 52.913239> 0.100000
	pigment { color rgbt <1,0,0,0> }
	no_shadow
}
sphere {
	0, 1
	scale<0.080000,0.200000,0.300000>
	matrix <0.369718, -0.879742, 0.298936,
		0.474341, 0.455359, 0.753425,
		-0.798943, -0.136757, 0.585652,
		46.990208, 51.389950, 53.088936>
	pigment { color rgbt <0,1,1,0> }
	no_shadow
}
cylinder {
	<47.766468, 51.313095, 53.380524>,  <47.549465, 51.485680, 52.678978>, 0.130000
	pigment { color rgbt <1,0,0,0> }
	no_shadow
}

// nucleotide -1

// particle -1
sphere {
	<47.766468, 51.313095, 53.380524> 0.250000
	pigment { color rgbt <1,0,0,0> }
	no_shadow
}
cylinder {
	<47.415703, 51.120956, 53.387344>,  <47.205246, 51.005672, 53.391438>, 0.100000
	pigment { color rgbt <1,0,0,0> }
	no_shadow
}
cylinder {
	<47.415703, 51.120956, 53.387344>,  <47.766468, 51.313095, 53.380524>, 0.100000
	pigment { color rgbt <1,0,0,0> }
	no_shadow
}

// particle -1
sphere {
	<47.415703, 51.120956, 53.387344> 0.100000
	pigment { color rgbt <1,0,0,0> }
	no_shadow
}
sphere {
	0, 1
	scale<0.080000,0.200000,0.300000>
	matrix <0.413374, -0.735589, 0.536685,
		-0.245255, 0.477673, 0.843610,
		-0.876911, -0.480351, 0.017051,
		47.152630, 50.976852, 53.392460>
	pigment { color rgbt <0,1,1,0> }
	no_shadow
}
cylinder {
	<47.283245, 51.681160, 53.869629>,  <47.766468, 51.313095, 53.380524>, 0.130000
	pigment { color rgbt <1,0,0,0> }
	no_shadow
}

// nucleotide -1

// particle -1
sphere {
	<47.283245, 51.681160, 53.869629> 0.250000
	pigment { color rgbt <1,0,0,0> }
	no_shadow
}
cylinder {
	<47.515831, 51.479568, 54.125099>,  <47.655380, 51.358612, 54.278381>, 0.100000
	pigment { color rgbt <1,0,0,0> }
	no_shadow
}
cylinder {
	<47.515831, 51.479568, 54.125099>,  <47.283245, 51.681160, 53.869629>, 0.100000
	pigment { color rgbt <1,0,0,0> }
	no_shadow
}

// particle -1
sphere {
	<47.515831, 51.479568, 54.125099> 0.100000
	pigment { color rgbt <1,0,0,0> }
	no_shadow
}
sphere {
	0, 1
	scale<0.080000,0.200000,0.300000>
	matrix <0.110562, 0.826690, 0.551688,
		-0.806027, -0.250172, 0.536409,
		0.581460, -0.503982, 0.638675,
		47.690269, 51.328373, 54.316700>
	pigment { color rgbt <0,1,1,0> }
	no_shadow
}
cylinder {
	<47.175777, 51.824234, 54.597496>,  <47.283245, 51.681160, 53.869629>, 0.130000
	pigment { color rgbt <1,0,0,0> }
	no_shadow
}

// nucleotide -1

// particle -1
sphere {
	<47.175777, 51.824234, 54.597496> 0.250000
	pigment { color rgbt <1,0,0,0> }
	no_shadow
}
cylinder {
	<47.561371, 51.731770, 54.544876>,  <47.792725, 51.676289, 54.513306>, 0.100000
	pigment { color rgbt <1,0,0,0> }
	no_shadow
}
cylinder {
	<47.561371, 51.731770, 54.544876>,  <47.175777, 51.824234, 54.597496>, 0.100000
	pigment { color rgbt <1,0,0,0> }
	no_shadow
}

// particle -1
sphere {
	<47.561371, 51.731770, 54.544876> 0.100000
	pigment { color rgbt <1,0,0,0> }
	no_shadow
}
sphere {
	0, 1
	scale<0.080000,0.200000,0.300000>
	matrix <0.265162, 0.873840, 0.407546,
		0.020739, -0.427747, 0.903661,
		0.963981, -0.231165, -0.131545,
		47.850567, 51.662418, 54.505413>
	pigment { color rgbt <0,1,1,0> }
	no_shadow
}
cylinder {
	<47.447552, 52.006008, 55.315762>,  <47.175777, 51.824234, 54.597496>, 0.130000
	pigment { color rgbt <1,0,0,0> }
	no_shadow
}

// nucleotide -1

// particle -1
sphere {
	<47.447552, 52.006008, 55.315762> 0.250000
	pigment { color rgbt <1,0,0,0> }
	no_shadow
}
cylinder {
	<47.728176, 51.991344, 55.031097>,  <47.896553, 51.982548, 54.860298>, 0.100000
	pigment { color rgbt <1,0,0,0> }
	no_shadow
}
cylinder {
	<47.728176, 51.991344, 55.031097>,  <47.447552, 52.006008, 55.315762>, 0.100000
	pigment { color rgbt <1,0,0,0> }
	no_shadow
}

// particle -1
sphere {
	<47.728176, 51.991344, 55.031097> 0.100000
	pigment { color rgbt <1,0,0,0> }
	no_shadow
}
sphere {
	0, 1
	scale<0.080000,0.200000,0.300000>
	matrix <0.462439, 0.783253, 0.415530,
		0.542178, -0.620622, 0.566455,
		0.701564, -0.036660, -0.711662,
		47.938644, 51.980347, 54.817600>
	pigment { color rgbt <0,1,1,0> }
	no_shadow
}
cylinder {
	<48.102947, 51.898373, 55.631489>,  <47.447552, 52.006008, 55.315762>, 0.130000
	pigment { color rgbt <1,0,0,0> }
	no_shadow
}

// nucleotide -1

// particle -1
sphere {
	<48.102947, 51.898373, 55.631489> 0.250000
	pigment { color rgbt <1,0,0,0> }
	no_shadow
}
cylinder {
	<48.074032, 52.110954, 55.293892>,  <48.056683, 52.238503, 55.091331>, 0.100000
	pigment { color rgbt <1,0,0,0> }
	no_shadow
}
cylinder {
	<48.074032, 52.110954, 55.293892>,  <48.102947, 51.898373, 55.631489>, 0.100000
	pigment { color rgbt <1,0,0,0> }
	no_shadow
}

// particle -1
sphere {
	<48.074032, 52.110954, 55.293892> 0.100000
	pigment { color rgbt <1,0,0,0> }
	no_shadow
}
sphere {
	0, 1
	scale<0.080000,0.200000,0.300000>
	matrix <0.226568, 0.832836, 0.505025,
		0.971309, -0.154715, -0.180616,
		-0.072288, 0.531457, -0.843995,
		48.052345, 52.270390, 55.040695>
	pigment { color rgbt <0,1,1,0> }
	no_shadow
}
cylinder {
	<48.352657, 52.444881, 55.849422>,  <48.102947, 51.898373, 55.631489>, 0.130000
	pigment { color rgbt <1,0,0,0> }
	no_shadow
}

// nucleotide -1

// particle -1
sphere {
	<48.352657, 52.444881, 55.849422> 0.250000
	pigment { color rgbt <1,0,0,0> }
	no_shadow
}
cylinder {
	<48.296783, 52.593086, 55.482117>,  <48.263260, 52.682011, 55.261734>, 0.100000
	pigment { color rgbt <1,0,0,0> }
	no_shadow
}
cylinder {
	<48.296783, 52.593086, 55.482117>,  <48.352657, 52.444881, 55.849422>, 0.100000
	pigment { color rgbt <1,0,0,0> }
	no_shadow
}

// particle -1
sphere {
	<48.296783, 52.593086, 55.482117> 0.100000
	pigment { color rgbt <1,0,0,0> }
	no_shadow
}
sphere {
	0, 1
	scale<0.080000,0.200000,0.300000>
	matrix <0.117222, 0.927023, 0.356214,
		0.983233, -0.057882, -0.172926,
		-0.139688, 0.370512, -0.918264,
		48.254875, 52.704239, 55.206638>
	pigment { color rgbt <0,1,1,0> }
	no_shadow
}
cylinder {
	<48.914391, 52.930653, 55.565498>,  <48.352657, 52.444881, 55.849422>, 0.130000
	pigment { color rgbt <1,0,0,0> }
	no_shadow
}

// nucleotide -1

// particle -1
sphere {
	<48.914391, 52.930653, 55.565498> 0.250000
	pigment { color rgbt <1,0,0,0> }
	no_shadow
}
cylinder {
	<48.546780, 53.024620, 55.438881>,  <48.326214, 53.081001, 55.362911>, 0.100000
	pigment { color rgbt <1,0,0,0> }
	no_shadow
}
cylinder {
	<48.546780, 53.024620, 55.438881>,  <48.914391, 52.930653, 55.565498>, 0.100000
	pigment { color rgbt <1,0,0,0> }
	no_shadow
}

// particle -1
sphere {
	<48.546780, 53.024620, 55.438881> 0.100000
	pigment { color rgbt <1,0,0,0> }
	no_shadow
}
sphere {
	0, 1
	scale<0.080000,0.200000,0.300000>
	matrix <0.009990, 0.816640, 0.577061,
		0.394063, 0.527173, -0.752863,
		-0.919029, 0.234919, -0.316541,
		48.271072, 53.095097, 55.343918>
	pigment { color rgbt <0,1,1,0> }
	no_shadow
}
cylinder {
	<48.848145, 53.521904, 55.082169>,  <48.914391, 52.930653, 55.565498>, 0.130000
	pigment { color rgbt <1,0,0,0> }
	no_shadow
}

// nucleotide -1

// particle -1
sphere {
	<48.848145, 53.521904, 55.082169> 0.250000
	pigment { color rgbt <1,0,0,0> }
	no_shadow
}
cylinder {
	<48.553436, 53.485649, 55.350182>,  <48.376610, 53.463894, 55.510990>, 0.100000
	pigment { color rgbt <1,0,0,0> }
	no_shadow
}
cylinder {
	<48.553436, 53.485649, 55.350182>,  <48.848145, 53.521904, 55.082169>, 0.100000
	pigment { color rgbt <1,0,0,0> }
	no_shadow
}

// particle -1
sphere {
	<48.553436, 53.485649, 55.350182> 0.100000
	pigment { color rgbt <1,0,0,0> }
	no_shadow
}
sphere {
	0, 1
	scale<0.080000,0.200000,0.300000>
	matrix <0.318455, 0.827656, 0.462139,
		-0.596447, 0.553868, -0.580931,
		-0.736775, -0.090641, 0.670035,
		48.332405, 53.458458, 55.551193>
	pigment { color rgbt <0,1,1,0> }
	no_shadow
}
cylinder {
	<49.221687, 53.862438, 54.472187>,  <48.848145, 53.521904, 55.082169>, 0.130000
	pigment { color rgbt <1,0,0,0> }
	no_shadow
}

// nucleotide -1

// particle -1
sphere {
	<49.221687, 53.862438, 54.472187> 0.250000
	pigment { color rgbt <1,0,0,0> }
	no_shadow
}
cylinder {
	<49.288319, 53.903202, 54.079887>,  <49.328297, 53.927662, 53.844509>, 0.100000
	pigment { color rgbt <1,0,0,0> }
	no_shadow
}
cylinder {
	<49.288319, 53.903202, 54.079887>,  <49.221687, 53.862438, 54.472187>, 0.100000
	pigment { color rgbt <1,0,0,0> }
	no_shadow
}

// particle -1
sphere {
	<49.288319, 53.903202, 54.079887> 0.100000
	pigment { color rgbt <1,0,0,0> }
	no_shadow
}
sphere {
	0, 1
	scale<0.080000,0.200000,0.300000>
	matrix <0.733794, 0.651575, 0.192341,
		0.658633, -0.751707, 0.033756,
		0.166578, 0.101912, -0.980748,
		49.338291, 53.933777, 53.785664>
	pigment { color rgbt <0,1,1,0> }
	no_shadow
}
cylinder {
	<49.942768, 53.765167, 54.351887>,  <49.221687, 53.862438, 54.472187>, 0.130000
	pigment { color rgbt <1,0,0,0> }
	no_shadow
}

// nucleotide -1

// particle -1
sphere {
	<49.942768, 53.765167, 54.351887> 0.250000
	pigment { color rgbt <1,0,0,0> }
	no_shadow
}
cylinder {
	<49.803635, 54.017395, 54.074356>,  <49.720154, 54.168732, 53.907837>, 0.100000
	pigment { color rgbt <1,0,0,0> }
	no_shadow
}
cylinder {
	<49.803635, 54.017395, 54.074356>,  <49.942768, 53.765167, 54.351887>, 0.100000
	pigment { color rgbt <1,0,0,0> }
	no_shadow
}

// particle -1
sphere {
	<49.803635, 54.017395, 54.074356> 0.100000
	pigment { color rgbt <1,0,0,0> }
	no_shadow
}
sphere {
	0, 1
	scale<0.080000,0.200000,0.300000>
	matrix <0.657417, 0.691658, 0.299019,
		0.668441, -0.352121, -0.655132,
		-0.347836, 0.630571, -0.693823,
		49.699284, 54.206566, 53.866211>
	pigment { color rgbt <0,1,1,0> }
	no_shadow
}
cylinder {
	<50.520840, 54.285774, 54.440102>,  <49.942768, 53.765167, 54.351887>, 0.130000
	pigment { color rgbt <1,0,0,0> }
	no_shadow
}

// nucleotide -1

// particle -1
sphere {
	<50.520840, 54.285774, 54.440102> 0.250000
	pigment { color rgbt <1,0,0,0> }
	no_shadow
}
cylinder {
	<50.779400, 54.264580, 54.744564>,  <50.934536, 54.251862, 54.927242>, 0.100000
	pigment { color rgbt <1,0,0,0> }
	no_shadow
}
cylinder {
	<50.779400, 54.264580, 54.744564>,  <50.520840, 54.285774, 54.440102>, 0.100000
	pigment { color rgbt <1,0,0,0> }
	no_shadow
}

// particle -1
sphere {
	<50.779400, 54.264580, 54.744564> 0.100000
	pigment { color rgbt <1,0,0,0> }
	no_shadow
}
sphere {
	0, 1
	scale<0.080000,0.200000,0.300000>
	matrix <0.668087, 0.521159, -0.531086,
		-0.368543, 0.851813, 0.372277,
		0.646402, -0.052986, 0.761155,
		50.973320, 54.248684, 54.972912>
	pigment { color rgbt <0,1,1,0> }
	no_shadow
}
cylinder {
	<50.777645, 54.993435, 54.359573>,  <50.520840, 54.285774, 54.440102>, 0.130000
	pigment { color rgbt <1,0,0,0> }
	no_shadow
}

// nucleotide -1

// particle -1
sphere {
	<50.777645, 54.993435, 54.359573> 0.250000
	pigment { color rgbt <1,0,0,0> }
	no_shadow
}
cylinder {
	<51.046017, 54.785297, 54.570892>,  <51.207039, 54.660416, 54.697681>, 0.100000
	pigment { color rgbt <1,0,0,0> }
	no_shadow
}
cylinder {
	<51.046017, 54.785297, 54.570892>,  <50.777645, 54.993435, 54.359573>, 0.100000
	pigment { color rgbt <1,0,0,0> }
	no_shadow
}

// particle -1
sphere {
	<51.046017, 54.785297, 54.570892> 0.100000
	pigment { color rgbt <1,0,0,0> }
	no_shadow
}
sphere {
	0, 1
	scale<0.080000,0.200000,0.300000>
	matrix <0.739789, 0.518343, -0.428989,
		-0.050618, 0.678650, 0.732715,
		0.670932, -0.520341, 0.528295,
		51.247295, 54.629196, 54.729382>
	pigment { color rgbt <0,1,1,0> }
	no_shadow
}
cylinder {
	<51.192463, 55.430138, 54.867386>,  <50.777645, 54.993435, 54.359573>, 0.130000
	pigment { color rgbt <1,0,0,0> }
	no_shadow
}

// nucleotide -1

// particle -1
sphere {
	<51.192463, 55.430138, 54.867386> 0.250000
	pigment { color rgbt <1,0,0,0> }
	no_shadow
}
cylinder {
	<51.390850, 55.120708, 54.709602>,  <51.509884, 54.935051, 54.614933>, 0.100000
	pigment { color rgbt <1,0,0,0> }
	no_shadow
}
cylinder {
	<51.390850, 55.120708, 54.709602>,  <51.192463, 55.430138, 54.867386>, 0.100000
	pigment { color rgbt <1,0,0,0> }
	no_shadow
}

// particle -1
sphere {
	<51.390850, 55.120708, 54.709602> 0.100000
	pigment { color rgbt <1,0,0,0> }
	no_shadow
}
sphere {
	0, 1
	scale<0.080000,0.200000,0.300000>
	matrix <0.625554, 0.633363, -0.455559,
		0.602243, -0.020809, 0.798042,
		0.495970, -0.773575, -0.394455,
		51.539642, 54.888638, 54.591267>
	pigment { color rgbt <0,1,1,0> }
	no_shadow
}
cylinder {
	<51.778423, 55.532372, 54.978065>,  <51.192463, 55.430138, 54.867386>, 0.130000
	pigment { color rgbt <1,0,0,0> }
	no_shadow
}

// nucleotide -1

// particle -1
sphere {
	<51.778423, 55.532372, 54.978065> 0.250000
	pigment { color rgbt <1,0,0,0> }
	no_shadow
}
cylinder {
	<51.834126, 55.293983, 54.661728>,  <51.867546, 55.150951, 54.471924>, 0.100000
	pigment { color rgbt <1,0,0,0> }
	no_shadow
}
cylinder {
	<51.834126, 55.293983, 54.661728>,  <51.778423, 55.532372, 54.978065>, 0.100000
	pigment { color rgbt <1,0,0,0> }
	no_shadow
}

// particle -1
sphere {
	<51.834126, 55.293983, 54.661728> 0.100000
	pigment { color rgbt <1,0,0,0> }
	no_shadow
}
sphere {
	0, 1
	scale<0.080000,0.200000,0.300000>
	matrix <0.692400, 0.629547, -0.352496,
		0.707948, -0.498492, 0.500315,
		0.139255, -0.595967, -0.790843,
		51.875900, 55.115192, 54.424477>
	pigment { color rgbt <0,1,1,0> }
	no_shadow
}
cylinder {
	<52.542000, 55.327087, 54.947041>,  <51.778423, 55.532372, 54.978065>, 0.130000
	pigment { color rgbt <1,0,0,0> }
	no_shadow
}

// nucleotide -1

// particle -1
sphere {
	<52.542000, 55.327087, 54.947041> 0.250000
	pigment { color rgbt <1,0,0,0> }
	no_shadow
}
cylinder {
	<52.377335, 55.349918, 54.583221>,  <52.278534, 55.363617, 54.364929>, 0.100000
	pigment { color rgbt <1,0,0,0> }
	no_shadow
}
cylinder {
	<52.377335, 55.349918, 54.583221>,  <52.542000, 55.327087, 54.947041>, 0.100000
	pigment { color rgbt <1,0,0,0> }
	no_shadow
}

// particle -1
sphere {
	<52.377335, 55.349918, 54.583221> 0.100000
	pigment { color rgbt <1,0,0,0> }
	no_shadow
}
sphere {
	0, 1
	scale<0.080000,0.200000,0.300000>
	matrix <0.718173, 0.634726, -0.285219,
		0.561032, -0.770626, -0.302287,
