// switches for output
#declare DRAW_BASES = 1; // possible values are 0, 1; only relevant for DNA ribbons
#declare DRAW_BASES_TYPE = 3; // possible values are 1, 2, 3; only relevant for DNA ribbons
#declare DRAW_FOG = 0; // set to 1 to enable fog

#include "colors.inc"

#include "transforms.inc"
background { rgb <1, 1, 1>}

#default {
   normal{
       ripples 0.25
       frequency 0.20
       turbulence 0.2
       lambda 5
   }
	finish {
		phong 0.1
		phong_size 40.
	}
}

// original window dimensions: 1024x640


// camera settings

camera {
	sky <-0, 1, 0>
	up <-0, 1, 0>
	right 1.6 * <0.99995, 0, 0.00999983>
	location <54.4867, 55, 106.329>
	look_at <55, 55, 55.0001>
	direction <0.513302, 0, -51.3289>
	angle 67.0682
}


# declare cpy_camera_pos = <54.4867, 55, 106.329>;
# if (DRAW_FOG = 1)
fog {
	fog_type 2
	up vnormalize(cpy_camera_pos)
	color rgbt<1,1,1,0.3>
	distance 1e-5
	fog_alt 3e-3
	fog_offset 88
}
# end


// LIGHTS

# declare lum = 6;
global_settings {
	ambient_light rgb lum * <0.05, 0.05, 0.05>
	max_trace_level 15
}# declare cpy_direct_light_amount = 0.25;
light_source
{	1000 * <-0.98995, -1, 1.00995>,
	rgb lum * cpy_direct_light_amount
	parallel
}

light_source
{	1000 * <0.98995, 1, -1.00995>,
	rgb lum * cpy_direct_light_amount
	parallel
}

// strand 0

// nucleotide -1

// particle -1
sphere {
	<36.178185, 53.355606, 49.305744> 0.250000
	pigment { color rgbt <1,0,0,0> }
	no_shadow
}
cylinder {
	<36.301899, 53.251228, 49.671532>,  <36.376129, 53.188602, 49.891003>, 0.100000
	pigment { color rgbt <1,0,0,0> }
	no_shadow
}
cylinder {
	<36.301899, 53.251228, 49.671532>,  <36.178185, 53.355606, 49.305744>, 0.100000
	pigment { color rgbt <1,0,0,0> }
	no_shadow
}

// particle -1
sphere {
	<36.301899, 53.251228, 49.671532> 0.100000
	pigment { color rgbt <1,0,0,0> }
	no_shadow
}
sphere {
	0, 1
	scale<0.080000,0.200000,0.300000>
	matrix <0.709866, 0.703233, -0.039424,
		-0.632796, 0.661342, 0.402736,
		0.309289, -0.260941, 0.914467,
		36.394688, 53.172947, 49.945873>
	pigment { color rgbt <0,1,1,0> }
	no_shadow
}
cylinder {
	<36.217079, 53.890610, 49.897205>,  <36.178185, 53.355606, 49.305744>, 0.130000
	pigment { color rgbt <1,0,0,0> }
	no_shadow
}

// nucleotide -1

// particle -1
sphere {
	<36.217079, 53.890610, 49.897205> 0.250000
	pigment { color rgbt <1,0,0,0> }
	no_shadow
}
cylinder {
	<36.515091, 53.623985, 49.907196>,  <36.693897, 53.464008, 49.913189>, 0.100000
	pigment { color rgbt <1,0,0,0> }
	no_shadow
}
cylinder {
	<36.515091, 53.623985, 49.907196>,  <36.217079, 53.890610, 49.897205>, 0.100000
	pigment { color rgbt <1,0,0,0> }
	no_shadow
}

// particle -1
sphere {
	<36.515091, 53.623985, 49.907196> 0.100000
	pigment { color rgbt <1,0,0,0> }
	no_shadow
}
sphere {
	0, 1
	scale<0.080000,0.200000,0.300000>
	matrix <0.651593, 0.735285, 0.186501,
		-0.142678, -0.122675, 0.982137,
		0.745030, -0.666563, 0.024974,
		36.738602, 53.424015, 49.914688>
	pigment { color rgbt <0,1,1,0> }
	no_shadow
}
cylinder {
	<36.720295, 54.040745, 50.471504>,  <36.217079, 53.890610, 49.897205>, 0.130000
	pigment { color rgbt <1,0,0,0> }
	no_shadow
}

// nucleotide -1

// particle -1
sphere {
	<36.720295, 54.040745, 50.471504> 0.250000
	pigment { color rgbt <1,0,0,0> }
	no_shadow
}
cylinder {
	<36.901951, 53.828503, 50.185226>,  <37.010944, 53.701157, 50.013462>, 0.100000
	pigment { color rgbt <1,0,0,0> }
	no_shadow
}
cylinder {
	<36.901951, 53.828503, 50.185226>,  <36.720295, 54.040745, 50.471504>, 0.100000
	pigment { color rgbt <1,0,0,0> }
	no_shadow
}

// particle -1
sphere {
	<36.901951, 53.828503, 50.185226> 0.100000
	pigment { color rgbt <1,0,0,0> }
	no_shadow
}
sphere {
	0, 1
	scale<0.080000,0.200000,0.300000>
	matrix <0.766242, 0.642477, 0.009891,
		0.454567, -0.552884, 0.698346,
		0.454140, -0.530606, -0.715692,
		37.038193, 53.669319, 49.970520>
	pigment { color rgbt <0,1,1,0> }
	no_shadow
}
cylinder {
	<37.452251, 53.989021, 50.649208>,  <36.720295, 54.040745, 50.471504>, 0.130000
	pigment { color rgbt <1,0,0,0> }
	no_shadow
}

// nucleotide -1

// particle -1
sphere {
	<37.452251, 53.989021, 50.649208> 0.250000
	pigment { color rgbt <1,0,0,0> }
	no_shadow
}
cylinder {
	<37.347023, 54.021355, 50.264656>,  <37.283886, 54.040752, 50.033924>, 0.100000
	pigment { color rgbt <1,0,0,0> }
	no_shadow
}
cylinder {
	<37.347023, 54.021355, 50.264656>,  <37.452251, 53.989021, 50.649208>, 0.100000
	pigment { color rgbt <1,0,0,0> }
	no_shadow
}

// particle -1
sphere {
	<37.347023, 54.021355, 50.264656> 0.100000
	pigment { color rgbt <1,0,0,0> }
	no_shadow
}
sphere {
	0, 1
	scale<0.080000,0.200000,0.300000>
	matrix <0.458023, 0.887493, -0.050714,
		0.849122, -0.453677, -0.270498,
		-0.263073, 0.080831, -0.961384,
		37.268101, 54.045605, 49.976242>
	pigment { color rgbt <0,1,1,0> }
	no_shadow
}
cylinder {
	<37.428818, 53.515709, 51.256237>,  <37.452251, 53.989021, 50.649208>, 0.130000
	pigment { color rgbt <1,0,0,0> }
	no_shadow
}

// nucleotide -1

// particle -1
sphere {
	<37.428818, 53.515709, 51.256237> 0.250000
	pigment { color rgbt <1,0,0,0> }
	no_shadow
}
cylinder {
	<37.368675, 53.628136, 51.635372>,  <37.332588, 53.695591, 51.862854>, 0.100000
	pigment { color rgbt <1,0,0,0> }
	no_shadow
}
cylinder {
	<37.368675, 53.628136, 51.635372>,  <37.428818, 53.515709, 51.256237>, 0.100000
	pigment { color rgbt <1,0,0,0> }
	no_shadow
}

// particle -1
sphere {
	<37.368675, 53.628136, 51.635372> 0.100000
	pigment { color rgbt <1,0,0,0> }
	no_shadow
}
sphere {
	0, 1
	scale<0.080000,0.200000,0.300000>
	matrix <0.820824, 0.569863, -0.038775,
		-0.551036, 0.772178, -0.316387,
		-0.150356, 0.281065, 0.947837,
		37.323570, 53.712456, 51.919724>
	pigment { color rgbt <0,1,1,0> }
	no_shadow
}
cylinder {
	<37.781933, 54.186798, 51.311039>,  <37.428818, 53.515709, 51.256237>, 0.130000
	pigment { color rgbt <1,0,0,0> }
	no_shadow
}

// nucleotide -1

// particle -1
sphere {
	<37.781933, 54.186798, 51.311039> 0.250000
	pigment { color rgbt <1,0,0,0> }
	no_shadow
}
cylinder {
	<38.036018, 54.154762, 51.003773>,  <38.188469, 54.135540, 50.819412>, 0.100000
	pigment { color rgbt <1,0,0,0> }
	no_shadow
}
cylinder {
	<38.036018, 54.154762, 51.003773>,  <37.781933, 54.186798, 51.311039>, 0.100000
	pigment { color rgbt <1,0,0,0> }
	no_shadow
}

// particle -1
sphere {
	<38.036018, 54.154762, 51.003773> 0.100000
	pigment { color rgbt <1,0,0,0> }
	no_shadow
}
sphere {
	0, 1
	scale<0.080000,0.200000,0.300000>
	matrix <0.765559, 0.196735, 0.612547,
		0.102067, -0.977180, 0.186284,
		0.635218, -0.080090, -0.768170,
		38.226585, 54.130737, 50.773323>
	pigment { color rgbt <0,1,1,0> }
	no_shadow
}
cylinder {
	<38.447647, 54.101742, 51.564259>,  <37.781933, 54.186798, 51.311039>, 0.130000
	pigment { color rgbt <1,0,0,0> }
	no_shadow
}

// nucleotide -1

// particle -1
sphere {
	<38.447647, 54.101742, 51.564259> 0.250000
	pigment { color rgbt <1,0,0,0> }
	no_shadow
}
cylinder {
	<38.534241, 54.174416, 51.180565>,  <38.586197, 54.218021, 50.950348>, 0.100000
	pigment { color rgbt <1,0,0,0> }
	no_shadow
}
cylinder {
	<38.534241, 54.174416, 51.180565>,  <38.447647, 54.101742, 51.564259>, 0.100000
	pigment { color rgbt <1,0,0,0> }
	no_shadow
}

// particle -1
sphere {
	<38.534241, 54.174416, 51.180565> 0.100000
	pigment { color rgbt <1,0,0,0> }
	no_shadow
}
sphere {
	0, 1
	scale<0.080000,0.200000,0.300000>
	matrix <0.976186, -0.054389, 0.210006,
		-0.014017, -0.981852, -0.189132,
		0.216482, 0.181684, -0.959233,
		38.599186, 54.228920, 50.892796>
	pigment { color rgbt <0,1,1,0> }
	no_shadow
}
cylinder {
	<38.972744, 53.612911, 51.271553>,  <38.447647, 54.101742, 51.564259>, 0.130000
	pigment { color rgbt <1,0,0,0> }
	no_shadow
}

// nucleotide -1

// particle -1
sphere {
	<38.972744, 53.612911, 51.271553> 0.250000
	pigment { color rgbt <1,0,0,0> }
	no_shadow
}
cylinder {
	<38.975212, 53.985203, 51.125290>,  <38.976692, 54.208576, 51.037533>, 0.100000
	pigment { color rgbt <1,0,0,0> }
	no_shadow
}
cylinder {
	<38.975212, 53.985203, 51.125290>,  <38.972744, 53.612911, 51.271553>, 0.100000
	pigment { color rgbt <1,0,0,0> }
	no_shadow
}

// particle -1
sphere {
	<38.975212, 53.985203, 51.125290> 0.100000
	pigment { color rgbt <1,0,0,0> }
	no_shadow
}
sphere {
	0, 1
	scale<0.080000,0.200000,0.300000>
	matrix <0.962967, 0.093038, 0.253059,
		0.269549, -0.353680, -0.895686,
		0.006169, 0.930728, -0.365661,
		38.977062, 54.264420, 51.015591>
	pigment { color rgbt <0,1,1,0> }
	no_shadow
}
cylinder {
	<39.374680, 53.675781, 50.649986>,  <38.972744, 53.612911, 51.271553>, 0.130000
	pigment { color rgbt <1,0,0,0> }
	no_shadow
}

// nucleotide -1

// particle -1
sphere {
	<39.374680, 53.675781, 50.649986> 0.250000
	pigment { color rgbt <1,0,0,0> }
	no_shadow
}
cylinder {
	<39.350494, 53.993229, 50.892151>,  <39.335983, 54.183697, 51.037449>, 0.100000
	pigment { color rgbt <1,0,0,0> }
	no_shadow
}
cylinder {
	<39.350494, 53.993229, 50.892151>,  <39.374680, 53.675781, 50.649986>, 0.100000
	pigment { color rgbt <1,0,0,0> }
	no_shadow
}

// particle -1
sphere {
	<39.350494, 53.993229, 50.892151> 0.100000
	pigment { color rgbt <1,0,0,0> }
	no_shadow
}
sphere {
	0, 1
	scale<0.080000,0.200000,0.300000>
	matrix <0.981105, -0.064429, 0.182436,
		0.183789, 0.604998, -0.774725,
		-0.060459, 0.793616, 0.605407,
		39.332355, 54.231316, 51.073772>
	pigment { color rgbt <0,1,1,0> }
	no_shadow
}
cylinder {
	<39.899830, 54.260788, 50.515633>,  <39.374680, 53.675781, 50.649986>, 0.130000
	pigment { color rgbt <1,0,0,0> }
	no_shadow
}

// nucleotide -1

// particle -1
sphere {
	<39.899830, 54.260788, 50.515633> 0.250000
	pigment { color rgbt <1,0,0,0> }
	no_shadow
}
cylinder {
	<39.788891, 54.213531, 50.897026>,  <39.722328, 54.185177, 51.125862>, 0.100000
	pigment { color rgbt <1,0,0,0> }
	no_shadow
}
cylinder {
	<39.788891, 54.213531, 50.897026>,  <39.899830, 54.260788, 50.515633>, 0.100000
	pigment { color rgbt <1,0,0,0> }
	no_shadow
}

// particle -1
sphere {
	<39.788891, 54.213531, 50.897026> 0.100000
	pigment { color rgbt <1,0,0,0> }
	no_shadow
}
sphere {
	0, 1
	scale<0.080000,0.200000,0.300000>
	matrix <0.960369, -0.062789, 0.271567,
		0.027785, 0.991010, 0.130874,
		-0.277343, -0.118142, 0.953480,
		39.705688, 54.178089, 51.183071>
	pigment { color rgbt <0,1,1,0> }
	no_shadow
}
cylinder {
	<40.504253, 54.008320, 50.886646>,  <39.899830, 54.260788, 50.515633>, 0.130000
	pigment { color rgbt <1,0,0,0> }
	no_shadow
}

// nucleotide -1

// particle -1
sphere {
	<40.504253, 54.008320, 50.886646> 0.250000
	pigment { color rgbt <1,0,0,0> }
	no_shadow
}
cylinder {
	<40.797924, 54.013252, 50.615108>,  <40.974129, 54.016212, 50.452187>, 0.100000
	pigment { color rgbt <1,0,0,0> }
	no_shadow
}
cylinder {
	<40.797924, 54.013252, 50.615108>,  <40.504253, 54.008320, 50.886646>, 0.100000
	pigment { color rgbt <1,0,0,0> }
	no_shadow
}

// particle -1
sphere {
	<40.797924, 54.013252, 50.615108> 0.100000
	pigment { color rgbt <1,0,0,0> }
	no_shadow
}
sphere {
	0, 1
	scale<0.080000,0.200000,0.300000>
	matrix <0.650513, -0.299122, 0.698111,
		-0.194449, -0.954136, -0.227630,
		0.734181, 0.012329, -0.678841,
		41.018177, 54.016949, 50.411457>
	pigment { color rgbt <0,1,1,0> }
	no_shadow
}
cylinder {
	<40.987644, 53.575401, 50.616436>,  <40.504253, 54.008320, 50.886646>, 0.130000
	pigment { color rgbt <1,0,0,0> }
	no_shadow
}

// nucleotide -1

// particle -1
sphere {
	<40.987644, 53.575401, 50.616436> 0.250000
	pigment { color rgbt <1,0,0,0> }
	no_shadow
}
cylinder {
	<41.018738, 53.973995, 50.603951>,  <41.037392, 54.213150, 50.596458>, 0.100000
	pigment { color rgbt <1,0,0,0> }
	no_shadow
}
cylinder {
	<41.018738, 53.973995, 50.603951>,  <40.987644, 53.575401, 50.616436>, 0.100000
	pigment { color rgbt <1,0,0,0> }
	no_shadow
}

// particle -1
sphere {
	<41.018738, 53.973995, 50.603951> 0.100000
	pigment { color rgbt <1,0,0,0> }
	no_shadow
}
sphere {
	0, 1
	scale<0.080000,0.200000,0.300000>
	matrix <0.947124, -0.064032, 0.314414,
		0.311310, -0.054000, -0.948773,
		0.077730, 0.996486, -0.031211,
		41.042057, 54.272942, 50.594585>
	pigment { color rgbt <0,1,1,0> }
	no_shadow
}
cylinder {
	<41.572742, 53.843864, 50.114555>,  <40.987644, 53.575401, 50.616436>, 0.130000
	pigment { color rgbt <1,0,0,0> }
	no_shadow
}

// nucleotide -1

// particle -1
sphere {
	<41.572742, 53.843864, 50.114555> 0.250000
	pigment { color rgbt <1,0,0,0> }
	no_shadow
}
cylinder {
	<41.475845, 54.032051, 50.453960>,  <41.417706, 54.144962, 50.657604>, 0.100000
	pigment { color rgbt <1,0,0,0> }
	no_shadow
}
cylinder {
	<41.475845, 54.032051, 50.453960>,  <41.572742, 53.843864, 50.114555>, 0.100000
	pigment { color rgbt <1,0,0,0> }
	no_shadow
}

// particle -1
sphere {
	<41.475845, 54.032051, 50.453960> 0.100000
	pigment { color rgbt <1,0,0,0> }
	no_shadow
}
sphere {
	0, 1
	scale<0.080000,0.200000,0.300000>
	matrix <0.911911, -0.188194, 0.364694,
		0.331263, 0.862114, -0.383437,
		-0.242248, 0.470470, 0.848513,
		41.403172, 54.173191, 50.708515>
	pigment { color rgbt <0,1,1,0> }
	no_shadow
}
cylinder {
	<42.069901, 54.216595, 50.125824>,  <41.572742, 53.843864, 50.114555>, 0.130000
	pigment { color rgbt <1,0,0,0> }
	no_shadow
}

// nucleotide -1

// particle -1
sphere {
	<42.069901, 54.216595, 50.125824> 0.250000
	pigment { color rgbt <1,0,0,0> }
	no_shadow
}
cylinder {
	<41.926498, 54.204689, 50.499046>,  <41.840458, 54.197544, 50.722980>, 0.100000
	pigment { color rgbt <1,0,0,0> }
	no_shadow
}
cylinder {
	<41.926498, 54.204689, 50.499046>,  <42.069901, 54.216595, 50.125824>, 0.100000
	pigment { color rgbt <1,0,0,0> }
	no_shadow
}

// particle -1
sphere {
	<41.926498, 54.204689, 50.499046> 0.100000
	pigment { color rgbt <1,0,0,0> }
	no_shadow
}
sphere {
	0, 1
	scale<0.080000,0.200000,0.300000>
	matrix <0.922628, -0.163579, 0.349283,
		0.142231, 0.986081, 0.086106,
		-0.358507, -0.029765, 0.933052,
		41.818947, 54.195759, 50.778961>
	pigment { color rgbt <0,1,1,0> }
	no_shadow
}
cylinder {
	<42.438564, 53.928574, 50.718895>,  <42.069901, 54.216595, 50.125824>, 0.130000
	pigment { color rgbt <1,0,0,0> }
	no_shadow
}

// nucleotide -1

// particle -1
sphere {
	<42.438564, 53.928574, 50.718895> 0.250000
	pigment { color rgbt <1,0,0,0> }
	no_shadow
}
cylinder {
	<42.605125, 54.130924, 50.416718>,  <42.705063, 54.252335, 50.235409>, 0.100000
	pigment { color rgbt <1,0,0,0> }
	no_shadow
}
cylinder {
	<42.605125, 54.130924, 50.416718>,  <42.438564, 53.928574, 50.718895>, 0.100000
	pigment { color rgbt <1,0,0,0> }
	no_shadow
}

// particle -1
sphere {
	<42.605125, 54.130924, 50.416718> 0.100000
	pigment { color rgbt <1,0,0,0> }
	no_shadow
}
sphere {
	0, 1
	scale<0.080000,0.200000,0.300000>
	matrix <0.892003, -0.066555, 0.447103,
		0.175899, -0.860036, -0.478954,
		0.416401, 0.505873, -0.755448,
		42.730045, 54.282684, 50.190083>
	pigment { color rgbt <0,1,1,0> }
	no_shadow
}
cylinder {
	<42.950256, 53.559998, 50.567154>,  <42.438564, 53.928574, 50.718895>, 0.130000
	pigment { color rgbt <1,0,0,0> }
	no_shadow
}

// nucleotide -1

// particle -1
sphere {
	<42.950256, 53.559998, 50.567154> 0.250000
	pigment { color rgbt <1,0,0,0> }
	no_shadow
}
cylinder {
	<43.026207, 53.935677, 50.452709>,  <43.071777, 54.161083, 50.384041>, 0.100000
	pigment { color rgbt <1,0,0,0> }
	no_shadow
}
cylinder {
	<43.026207, 53.935677, 50.452709>,  <42.950256, 53.559998, 50.567154>, 0.100000
	pigment { color rgbt <1,0,0,0> }
	no_shadow
}

// particle -1
sphere {
	<43.026207, 53.935677, 50.452709> 0.100000
	pigment { color rgbt <1,0,0,0> }
	no_shadow
}
sphere {
	0, 1
	scale<0.080000,0.200000,0.300000>
	matrix <0.927839, -0.076368, 0.365080,
		0.321032, -0.334786, -0.885922,
		0.189880, 0.939195, -0.286110,
		43.083172, 54.217434, 50.366875>
	pigment { color rgbt <0,1,1,0> }
	no_shadow
}
cylinder {
	<43.647583, 53.644802, 50.238457>,  <42.950256, 53.559998, 50.567154>, 0.130000
	pigment { color rgbt <1,0,0,0> }
	no_shadow
}

// nucleotide -1

// particle -1
sphere {
	<43.647583, 53.644802, 50.238457> 0.250000
	pigment { color rgbt <1,0,0,0> }
	no_shadow
}
cylinder {
	<43.574619, 53.967094, 50.463856>,  <43.530842, 54.160469, 50.599094>, 0.100000
	pigment { color rgbt <1,0,0,0> }
	no_shadow
}
cylinder {
	<43.574619, 53.967094, 50.463856>,  <43.647583, 53.644802, 50.238457>, 0.100000
	pigment { color rgbt <1,0,0,0> }
	no_shadow
}

// particle -1
sphere {
	<43.574619, 53.967094, 50.463856> 0.100000
	pigment { color rgbt <1,0,0,0> }
	no_shadow
}
sphere {
	0, 1
	scale<0.080000,0.200000,0.300000>
	matrix <0.945400, -0.013700, 0.325625,
		0.270085, 0.592126, -0.759237,
		-0.182410, 0.805729, 0.563496,
		43.519897, 54.208813, 50.632904>
	pigment { color rgbt <0,1,1,0> }
	no_shadow
}
cylinder {
	<44.208191, 54.284302, 50.184624>,  <43.647583, 53.644802, 50.238457>, 0.130000
	pigment { color rgbt <1,0,0,0> }
	no_shadow
}

// nucleotide -1

// particle -1
sphere {
	<44.208191, 54.284302, 50.184624> 0.250000
	pigment { color rgbt <1,0,0,0> }
	no_shadow
}
cylinder {
	<44.033749, 54.276344, 50.544495>,  <43.929081, 54.271572, 50.760418>, 0.100000
	pigment { color rgbt <1,0,0,0> }
	no_shadow
}
cylinder {
	<44.033749, 54.276344, 50.544495>,  <44.208191, 54.284302, 50.184624>, 0.100000
	pigment { color rgbt <1,0,0,0> }
	no_shadow
}

// particle -1
sphere {
	<44.033749, 54.276344, 50.544495> 0.100000
	pigment { color rgbt <1,0,0,0> }
	no_shadow
}
sphere {
	0, 1
	scale<0.080000,0.200000,0.300000>
	matrix <0.896071, 0.082462, 0.436184,
		-0.082865, 0.996396, -0.018139,
		-0.436108, -0.019891, 0.899675,
		43.902916, 54.270378, 50.814396>
	pigment { color rgbt <0,1,1,0> }
	no_shadow
}
cylinder {
	<44.412056, 54.831184, 50.633514>,  <44.208191, 54.284302, 50.184624>, 0.130000
	pigment { color rgbt <1,0,0,0> }
	no_shadow
}

// nucleotide -1

// particle -1
sphere {
	<44.412056, 54.831184, 50.633514> 0.250000
	pigment { color rgbt <1,0,0,0> }
	no_shadow
}
cylinder {
	<44.266300, 54.546570, 50.873825>,  <44.178844, 54.375801, 51.018013>, 0.100000
	pigment { color rgbt <1,0,0,0> }
	no_shadow
}
cylinder {
	<44.266300, 54.546570, 50.873825>,  <44.412056, 54.831184, 50.633514>, 0.100000
	pigment { color rgbt <1,0,0,0> }
	no_shadow
}

// particle -1
sphere {
	<44.266300, 54.546570, 50.873825> 0.100000
	pigment { color rgbt <1,0,0,0> }
	no_shadow
}
sphere {
	0, 1
	scale<0.080000,0.200000,0.300000>
	matrix <0.770240, 0.132311, 0.623878,
		-0.523401, 0.690081, 0.499840,
		-0.364392, -0.711535, 0.600780,
		44.156982, 54.333111, 51.054058>
	pigment { color rgbt <0,1,1,0> }
	no_shadow
}
cylinder {
	<44.997032, 54.491093, 50.787937>,  <44.412056, 54.831184, 50.633514>, 0.130000
	pigment { color rgbt <1,0,0,0> }
	no_shadow
}

// nucleotide -1

// particle -1
sphere {
	<44.997032, 54.491093, 50.787937> 0.250000
	pigment { color rgbt <1,0,0,0> }
	no_shadow
}
cylinder {
	<45.229740, 54.388088, 51.096542>,  <45.369366, 54.326286, 51.281704>, 0.100000
	pigment { color rgbt <1,0,0,0> }
	no_shadow
}
cylinder {
	<45.229740, 54.388088, 51.096542>,  <44.997032, 54.491093, 50.787937>, 0.100000
	pigment { color rgbt <1,0,0,0> }
	no_shadow
}

// particle -1
sphere {
	<45.229740, 54.388088, 51.096542> 0.100000
	pigment { color rgbt <1,0,0,0> }
	no_shadow
}
sphere {
	0, 1
	scale<0.080000,0.200000,0.300000>
	matrix <0.682765, -0.360867, -0.635301,
		0.442011, 0.896360, -0.034121,
		0.581772, -0.257514, 0.771510,
		45.404270, 54.310833, 51.327995>
	pigment { color rgbt <0,1,1,0> }
	no_shadow
}
cylinder {
	<45.681221, 54.796436, 50.980152>,  <44.997032, 54.491093, 50.787937>, 0.130000
	pigment { color rgbt <1,0,0,0> }
	no_shadow
}

// nucleotide -1

// particle -1
sphere {
	<45.681221, 54.796436, 50.980152> 0.250000
	pigment { color rgbt <1,0,0,0> }
	no_shadow
}
cylinder {
	<45.680058, 54.405678, 51.065636>,  <45.679359, 54.171223, 51.116928>, 0.100000
	pigment { color rgbt <1,0,0,0> }
	no_shadow
}
cylinder {
	<45.680058, 54.405678, 51.065636>,  <45.681221, 54.796436, 50.980152>, 0.100000
	pigment { color rgbt <1,0,0,0> }
	no_shadow
}

// particle -1
sphere {
	<45.680058, 54.405678, 51.065636> 0.100000
	pigment { color rgbt <1,0,0,0> }
	no_shadow
}
sphere {
	0, 1
	scale<0.080000,0.200000,0.300000>
	matrix <0.778655, -0.136306, -0.612468,
		0.627446, 0.164625, 0.761059,
		-0.002909, -0.976893, 0.213711,
		45.679184, 54.112610, 51.129749>
	pigment { color rgbt <0,1,1,0> }
	no_shadow
}
cylinder {
	<45.607067, 54.403500, 50.308270>,  <45.681221, 54.796436, 50.980152>, 0.130000
	pigment { color rgbt <1,0,0,0> }
	no_shadow
}

// nucleotide -1

// particle -1
sphere {
	<45.607067, 54.403500, 50.308270> 0.250000
	pigment { color rgbt <1,0,0,0> }
	no_shadow
}
cylinder {
	<45.579762, 54.284122, 49.927475>,  <45.563377, 54.212498, 49.698997>, 0.100000
	pigment { color rgbt <1,0,0,0> }
	no_shadow
}
cylinder {
	<45.579762, 54.284122, 49.927475>,  <45.607067, 54.403500, 50.308270>, 0.100000
	pigment { color rgbt <1,0,0,0> }
	no_shadow
}

// particle -1
sphere {
	<45.579762, 54.284122, 49.927475> 0.100000
	pigment { color rgbt <1,0,0,0> }
	no_shadow
}
sphere {
	0, 1
	scale<0.080000,0.200000,0.300000>
	matrix <0.981725, 0.149812, -0.117358,
		0.177643, -0.942598, 0.282758,
		-0.068261, -0.298439, -0.951985,
		45.559284, 54.194592, 49.641880>
	pigment { color rgbt <0,1,1,0> }
	no_shadow
}
cylinder {
	<46.183598, 53.876919, 50.309780>,  <45.607067, 54.403500, 50.308270>, 0.130000
	pigment { color rgbt <1,0,0,0> }
	no_shadow
}

// nucleotide -1

// particle -1
sphere {
	<46.183598, 53.876919, 50.309780> 0.250000
	pigment { color rgbt <1,0,0,0> }
	no_shadow
}
cylinder {
	<46.084549, 54.119057, 50.007195>,  <46.025120, 54.264339, 49.825642>, 0.100000
	pigment { color rgbt <1,0,0,0> }
	no_shadow
}
cylinder {
	<46.084549, 54.119057, 50.007195>,  <46.183598, 53.876919, 50.309780>, 0.100000
	pigment { color rgbt <1,0,0,0> }
	no_shadow
}

// particle -1
sphere {
	<46.084549, 54.119057, 50.007195> 0.100000
	pigment { color rgbt <1,0,0,0> }
	no_shadow
}
sphere {
	0, 1
	scale<0.080000,0.200000,0.300000>
	matrix <0.954149, 0.287898, -0.081950,
		0.168176, -0.742071, -0.648882,
		-0.247624, 0.605348, -0.756463,
		46.010262, 54.300659, 49.780254>
	pigment { color rgbt <0,1,1,0> }
	no_shadow
}
cylinder {
	<46.631714, 53.336067, 50.598198>,  <46.183598, 53.876919, 50.309780>, 0.130000
	pigment { color rgbt <1,0,0,0> }
	no_shadow
}

// nucleotide -1

// particle -1
sphere {
	<46.631714, 53.336067, 50.598198> 0.250000
	pigment { color rgbt <1,0,0,0> }
	no_shadow
}
cylinder {
	<46.736622, 53.141750, 50.264679>,  <46.799568, 53.025162, 50.064568>, 0.100000
	pigment { color rgbt <1,0,0,0> }
	no_shadow
}
cylinder {
	<46.736622, 53.141750, 50.264679>,  <46.631714, 53.336067, 50.598198>, 0.100000
	pigment { color rgbt <1,0,0,0> }
	no_shadow
}

// particle -1
sphere {
	<46.736622, 53.141750, 50.264679> 0.100000
	pigment { color rgbt <1,0,0,0> }
	no_shadow
}
sphere {
	0, 1
	scale<0.080000,0.200000,0.300000>
	matrix <0.753523, 0.642874, -0.137533,
		0.602839, -0.592214, 0.534666,
		0.262275, -0.485794, -0.833797,
		46.815304, 52.996014, 50.014542>
	pigment { color rgbt <0,1,1,0> }
	no_shadow
}
cylinder {
	<47.384735, 53.091839, 50.625614>,  <46.631714, 53.336067, 50.598198>, 0.130000
	pigment { color rgbt <1,0,0,0> }
	no_shadow
}

// nucleotide -1

// particle -1
sphere {
	<47.384735, 53.091839, 50.625614> 0.250000
	pigment { color rgbt <1,0,0,0> }
	no_shadow
}
cylinder {
	<47.260010, 53.158882, 50.251518>,  <47.185173, 53.199108, 50.027061>, 0.100000
	pigment { color rgbt <1,0,0,0> }
	no_shadow
}
cylinder {
	<47.260010, 53.158882, 50.251518>,  <47.384735, 53.091839, 50.625614>, 0.100000
	pigment { color rgbt <1,0,0,0> }
	no_shadow
}

// particle -1
sphere {
	<47.260010, 53.158882, 50.251518> 0.100000
	pigment { color rgbt <1,0,0,0> }
	no_shadow
}
sphere {
	0, 1
	scale<0.080000,0.200000,0.300000>
	matrix <0.689077, 0.717596, -0.101140,
		0.654174, -0.675990, -0.339254,
		-0.311817, 0.167609, -0.935242,
		47.166466, 53.209164, 49.970947>
	pigment { color rgbt <0,1,1,0> }
	no_shadow
}
cylinder {
	<47.930519, 53.074577, 50.073959>,  <47.384735, 53.091839, 50.625614>, 0.130000
	pigment { color rgbt <1,0,0,0> }
	no_shadow
}

// nucleotide -1

// particle -1
sphere {
	<47.930519, 53.074577, 50.073959> 0.250000
	pigment { color rgbt <1,0,0,0> }
	no_shadow
}
cylinder {
	<47.627724, 53.302132, 49.945374>,  <47.446049, 53.438663, 49.868221>, 0.100000
	pigment { color rgbt <1,0,0,0> }
	no_shadow
}
cylinder {
	<47.627724, 53.302132, 49.945374>,  <47.930519, 53.074577, 50.073959>, 0.100000
	pigment { color rgbt <1,0,0,0> }
	no_shadow
}

// particle -1
sphere {
	<47.627724, 53.302132, 49.945374> 0.100000
	pigment { color rgbt <1,0,0,0> }
	no_shadow
}
sphere {
	0, 1
	scale<0.080000,0.200000,0.300000>
	matrix <0.641590, 0.740338, -0.200654,
		0.123841, -0.358140, -0.925418,
		-0.756984, 0.568890, -0.321463,
		47.400627, 53.472797, 49.848934>
	pigment { color rgbt <0,1,1,0> }
	no_shadow
}
cylinder {
	<47.857426, 53.224281, 49.330624>,  <47.930519, 53.074577, 50.073959>, 0.130000
	pigment { color rgbt <1,0,0,0> }
	no_shadow
}

// nucleotide -1

// particle -1
sphere {
	<47.857426, 53.224281, 49.330624> 0.250000
	pigment { color rgbt <1,0,0,0> }
	no_shadow
}
cylinder {
	<47.746582, 53.526424, 49.568161>,  <47.680077, 53.707710, 49.710686>, 0.100000
	pigment { color rgbt <1,0,0,0> }
	no_shadow
}
cylinder {
	<47.746582, 53.526424, 49.568161>,  <47.857426, 53.224281, 49.330624>, 0.100000
	pigment { color rgbt <1,0,0,0> }
	no_shadow
}

// particle -1
sphere {
	<47.746582, 53.526424, 49.568161> 0.100000
	pigment { color rgbt <1,0,0,0> }
	no_shadow
}
sphere {
	0, 1
	scale<0.080000,0.200000,0.300000>
	matrix <0.769298, 0.544709, -0.333876,
		-0.575668, 0.364325, -0.732034,
		-0.277106, 0.755354, 0.593846,
		47.663452, 53.753029, 49.746315>
	pigment { color rgbt <0,1,1,0> }
	no_shadow
}
cylinder {
	<47.982162, 53.722549, 48.840023>,  <47.857426, 53.224281, 49.330624>, 0.130000
	pigment { color rgbt <1,0,0,0> }
	no_shadow
}

// nucleotide -1

// particle -1
sphere {
	<47.982162, 53.722549, 48.840023> 0.250000
	pigment { color rgbt <1,0,0,0> }
	no_shadow
}
cylinder {
	<47.962811, 53.903229, 49.196365>,  <47.951199, 54.011639, 49.410172>, 0.100000
	pigment { color rgbt <1,0,0,0> }
	no_shadow
}
cylinder {
	<47.962811, 53.903229, 49.196365>,  <47.982162, 53.722549, 48.840023>, 0.100000
	pigment { color rgbt <1,0,0,0> }
	no_shadow
}

// particle -1
sphere {
	<47.962811, 53.903229, 49.196365> 0.100000
	pigment { color rgbt <1,0,0,0> }
	no_shadow
}
sphere {
	0, 1
	scale<0.080000,0.200000,0.300000>
	matrix <0.824904, 0.520975, -0.219358,
		-0.563198, 0.724258, -0.397816,
		-0.048381, 0.451702, 0.890856,
		47.948296, 54.038738, 49.463623>
	pigment { color rgbt <0,1,1,0> }
	no_shadow
}
cylinder {
	<48.175251, 54.337231, 48.644188>,  <47.982162, 53.722549, 48.840023>, 0.130000
	pigment { color rgbt <1,0,0,0> }
	no_shadow
}

// nucleotide -1

// particle -1
sphere {
	<48.175251, 54.337231, 48.644188> 0.250000
	pigment { color rgbt <1,0,0,0> }
	no_shadow
}
cylinder {
	<48.221703, 54.306511, 49.040291>,  <48.249573, 54.288078, 49.277954>, 0.100000
	pigment { color rgbt <1,0,0,0> }
	no_shadow
}
cylinder {
	<48.221703, 54.306511, 49.040291>,  <48.175251, 54.337231, 48.644188>, 0.100000
	pigment { color rgbt <1,0,0,0> }
	no_shadow
}

// particle -1
sphere {
	<48.221703, 54.306511, 49.040291> 0.100000
	pigment { color rgbt <1,0,0,0> }
	no_shadow
}
sphere {
	0, 1
	scale<0.080000,0.200000,0.300000>
	matrix <0.847995, 0.526754, -0.058597,
		-0.517124, 0.846541, 0.126298,
		0.116132, -0.076799, 0.990260,
		48.256542, 54.283470, 49.337368>
	pigment { color rgbt <0,1,1,0> }
	no_shadow
}
cylinder {
	<48.355675, 55.019768, 48.852886>,  <48.175251, 54.337231, 48.644188>, 0.130000
	pigment { color rgbt <1,0,0,0> }
	no_shadow
}

// nucleotide -1

// particle -1
sphere {
	<48.355675, 55.019768, 48.852886> 0.250000
	pigment { color rgbt <1,0,0,0> }
	no_shadow
}
cylinder {
	<48.486530, 54.776840, 49.142479>,  <48.565044, 54.631084, 49.316235>, 0.100000
	pigment { color rgbt <1,0,0,0> }
	no_shadow
}
cylinder {
	<48.486530, 54.776840, 49.142479>,  <48.355675, 55.019768, 48.852886>, 0.100000
	pigment { color rgbt <1,0,0,0> }
	no_shadow
}

// particle -1
sphere {
	<48.486530, 54.776840, 49.142479> 0.100000
	pigment { color rgbt <1,0,0,0> }
	no_shadow
}
sphere {
	0, 1
	scale<0.080000,0.200000,0.300000>
	matrix <0.873022, 0.487468, 0.014432,
		-0.361682, 0.627328, 0.689671,
		0.327138, -0.607317, 0.723979,
		48.584671, 54.594646, 49.359673>
	pigment { color rgbt <0,1,1,0> }
	no_shadow
}
cylinder {
	<48.813942, 55.352947, 49.245113>,  <48.355675, 55.019768, 48.852886>, 0.130000
	pigment { color rgbt <1,0,0,0> }
	no_shadow
}

// nucleotide -1

// particle -1
sphere {
	<48.813942, 55.352947, 49.245113> 0.250000
	pigment { color rgbt <1,0,0,0> }
	no_shadow
}
cylinder {
	<48.940277, 54.977043, 49.297398>,  <49.016079, 54.751499, 49.328770>, 0.100000
	pigment { color rgbt <1,0,0,0> }
	no_shadow
}
cylinder {
	<48.940277, 54.977043, 49.297398>,  <48.813942, 55.352947, 49.245113>, 0.100000
	pigment { color rgbt <1,0,0,0> }
	no_shadow
}

// particle -1
sphere {
	<48.940277, 54.977043, 49.297398> 0.100000
	pigment { color rgbt <1,0,0,0> }
	no_shadow
}
sphere {
	0, 1
	scale<0.080000,0.200000,0.300000>
	matrix <0.942501, 0.294888, -0.157266,
		0.109247, 0.172868, 0.978868,
		0.315843, -0.939765, 0.130713,
		49.035030, 54.695114, 49.336613>
	pigment { color rgbt <0,1,1,0> }
	no_shadow
}
cylinder {
	<49.415985, 55.240791, 49.683563>,  <48.813942, 55.352947, 49.245113>, 0.130000
	pigment { color rgbt <1,0,0,0> }
	no_shadow
}

// nucleotide -1

// particle -1
sphere {
	<49.415985, 55.240791, 49.683563> 0.250000
	pigment { color rgbt <1,0,0,0> }
	no_shadow
}
cylinder {
	<49.408817, 54.916626, 49.449333>,  <49.404518, 54.722126, 49.308796>, 0.100000
	pigment { color rgbt <1,0,0,0> }
	no_shadow
}
cylinder {
	<49.408817, 54.916626, 49.449333>,  <49.415985, 55.240791, 49.683563>, 0.100000
	pigment { color rgbt <1,0,0,0> }
	no_shadow
}

// particle -1
sphere {
	<49.408817, 54.916626, 49.449333> 0.100000
	pigment { color rgbt <1,0,0,0> }
	no_shadow
}
sphere {
	0, 1
	scale<0.080000,0.200000,0.300000>
	matrix <0.951221, 0.166591, -0.259666,
		0.307990, -0.561667, 0.767901,
		-0.017920, -0.810418, -0.585578,
		49.403442, 54.673500, 49.273659>
	pigment { color rgbt <0,1,1,0> }
	no_shadow
}
cylinder {
	<50.098633, 54.948917, 49.776123>,  <49.415985, 55.240791, 49.683563>, 0.130000
	pigment { color rgbt <1,0,0,0> }
	no_shadow
}

// nucleotide -1

// particle -1
sphere {
	<50.098633, 54.948917, 49.776123> 0.250000
	pigment { color rgbt <1,0,0,0> }
	no_shadow
}
cylinder {
	<49.925133, 54.875542, 49.423256>,  <49.821033, 54.831516, 49.211536>, 0.100000
	pigment { color rgbt <1,0,0,0> }
	no_shadow
}
cylinder {
	<49.925133, 54.875542, 49.423256>,  <50.098633, 54.948917, 49.776123>, 0.100000
	pigment { color rgbt <1,0,0,0> }
	no_shadow
}

// particle -1
sphere {
	<49.925133, 54.875542, 49.423256> 0.100000
	pigment { color rgbt <1,0,0,0> }
	no_shadow
}
sphere {
	0, 1
	scale<0.080000,0.200000,0.300000>
	matrix <0.822182, 0.319960, -0.470790,
		0.368619, -0.929503, 0.012041,
		-0.433748, -0.183442, -0.882163,
		49.795010, 54.820511, 49.158607>
	pigment { color rgbt <0,1,1,0> }
	no_shadow
}
cylinder {
	<50.467995, 54.390347, 49.411053>,  <50.098633, 54.948917, 49.776123>, 0.130000
	pigment { color rgbt <1,0,0,0> }
	no_shadow
}

// nucleotide -1

// particle -1
sphere {
	<50.467995, 54.390347, 49.411053> 0.250000
	pigment { color rgbt <1,0,0,0> }
	no_shadow
}
cylinder {
	<50.282112, 54.665947, 49.188583>,  <50.170582, 54.831306, 49.055103>, 0.100000
	pigment { color rgbt <1,0,0,0> }
	no_shadow
}
cylinder {
	<50.282112, 54.665947, 49.188583>,  <50.467995, 54.390347, 49.411053>, 0.100000
	pigment { color rgbt <1,0,0,0> }
	no_shadow
}

// particle -1
sphere {
	<50.282112, 54.665947, 49.188583> 0.100000
	pigment { color rgbt <1,0,0,0> }
	no_shadow
}
sphere {
	0, 1
	scale<0.080000,0.200000,0.300000>
	matrix <0.859576, 0.200251, -0.470137,
		-0.212551, -0.696547, -0.685306,
		-0.464706, 0.689000, -0.556172,
		50.142700, 54.872646, 49.021732>
	pigment { color rgbt <0,1,1,0> }
	no_shadow
}
cylinder {
	<50.558559, 54.242214, 48.614651>,  <50.467995, 54.390347, 49.411053>, 0.130000
	pigment { color rgbt <1,0,0,0> }
	no_shadow
}

// nucleotide -1

// particle -1
sphere {
	<50.558559, 54.242214, 48.614651> 0.250000
	pigment { color rgbt <1,0,0,0> }
	no_shadow
}
cylinder {
	<50.518757, 54.636646, 48.667938>,  <50.494873, 54.873306, 48.699909>, 0.100000
	pigment { color rgbt <1,0,0,0> }
	no_shadow
}
cylinder {
	<50.518757, 54.636646, 48.667938>,  <50.558559, 54.242214, 48.614651>, 0.100000
	pigment { color rgbt <1,0,0,0> }
	no_shadow
}

// particle -1
sphere {
	<50.518757, 54.636646, 48.667938> 0.100000
	pigment { color rgbt <1,0,0,0> }
	no_shadow
}
sphere {
	0, 1
	scale<0.080000,0.200000,0.300000>
	matrix <0.821102, 0.156996, -0.548766,
		-0.562041, 0.054778, -0.825293,
		-0.099508, 0.986079, 0.133217,
		50.488903, 54.932468, 48.707905>
	pigment { color rgbt <0,1,1,0> }
	no_shadow
}
cylinder {
	<50.697819, 54.451557, 47.983681>,  <50.558559, 54.242214, 48.614651>, 0.130000
	pigment { color rgbt <1,0,0,0> }
	no_shadow
}

// nucleotide -1

// particle -1
sphere {
	<50.697819, 54.451557, 47.983681> 0.250000
	pigment { color rgbt <1,0,0,0> }
	no_shadow
}
cylinder {
	<50.750122, 54.707848, 48.286301>,  <50.781502, 54.861622, 48.467873>, 0.100000
	pigment { color rgbt <1,0,0,0> }
	no_shadow
}
cylinder {
	<50.750122, 54.707848, 48.286301>,  <50.697819, 54.451557, 47.983681>, 0.100000
	pigment { color rgbt <1,0,0,0> }
	no_shadow
}

// particle -1
sphere {
	<50.750122, 54.707848, 48.286301> 0.100000
	pigment { color rgbt <1,0,0,0> }
	no_shadow
}
sphere {
	0, 1
	scale<0.080000,0.200000,0.300000>
	matrix <0.808403, 0.372850, -0.455485,
		-0.573922, 0.671158, -0.469213,
		0.130756, 0.640726, 0.756553,
		50.789349, 54.900066, 48.513268>
	pigment { color rgbt <0,1,1,0> }
	no_shadow
}
cylinder {
	<51.037769, 54.930618, 47.673058>,  <50.697819, 54.451557, 47.983681>, 0.130000
	pigment { color rgbt <1,0,0,0> }
	no_shadow
}

// nucleotide -1

// particle -1
sphere {
	<51.037769, 54.930618, 47.673058> 0.250000
	pigment { color rgbt <1,0,0,0> }
	no_shadow
}
cylinder {
	<51.112679, 55.001842, 48.059471>,  <51.157623, 55.044579, 48.291321>, 0.100000
	pigment { color rgbt <1,0,0,0> }
	no_shadow
}
cylinder {
	<51.112679, 55.001842, 48.059471>,  <51.037769, 54.930618, 47.673058>, 0.100000
	pigment { color rgbt <1,0,0,0> }
	no_shadow
}

// particle -1
sphere {
	<51.112679, 55.001842, 48.059471> 0.100000
	pigment { color rgbt <1,0,0,0> }
	no_shadow
}
sphere {
	0, 1
	scale<0.080000,0.200000,0.300000>
	matrix <0.931543, 0.279864, -0.232173,
		-0.311700, 0.943382, -0.113463,
		0.187274, 0.178064, 0.966034,
		51.168861, 55.055264, 48.349281>
	pigment { color rgbt <0,1,1,0> }
	no_shadow
}
cylinder {
	<51.259048, 55.696392, 47.819721>,  <51.037769, 54.930618, 47.673058>, 0.130000
	pigment { color rgbt <1,0,0,0> }
	no_shadow
}

// nucleotide -1

// particle -1
sphere {
	<51.259048, 55.696392, 47.819721> 0.250000
	pigment { color rgbt <1,0,0,0> }
	no_shadow
}
cylinder {
	<51.446796, 55.431664, 48.053539>,  <51.559444, 55.272827, 48.193829>, 0.100000
	pigment { color rgbt <1,0,0,0> }
	no_shadow
}
cylinder {
	<51.446796, 55.431664, 48.053539>,  <51.259048, 55.696392, 47.819721>, 0.100000
	pigment { color rgbt <1,0,0,0> }
	no_shadow
}

// particle -1
sphere {
	<51.446796, 55.431664, 48.053539> 0.100000
	pigment { color rgbt <1,0,0,0> }
	no_shadow
}
sphere {
	0, 1
	scale<0.080000,0.200000,0.300000>
	matrix <0.870016, 0.459739, -0.178079,
		-0.150881, 0.592146, 0.791580,
		0.469368, -0.661818, 0.584542,
		51.587608, 55.233116, 48.228901>
	pigment { color rgbt <0,1,1,0> }
	no_shadow
}
cylinder {
	<51.721748, 56.112228, 48.277817>,  <51.259048, 55.696392, 47.819721>, 0.130000
	pigment { color rgbt <1,0,0,0> }
	no_shadow
}

// nucleotide -1

// particle -1
sphere {
	<51.721748, 56.112228, 48.277817> 0.250000
	pigment { color rgbt <1,0,0,0> }
	no_shadow
}
cylinder {
	<51.831608, 55.732693, 48.215492>,  <51.897522, 55.504971, 48.178097>, 0.100000
	pigment { color rgbt <1,0,0,0> }
	no_shadow
}
cylinder {
	<51.831608, 55.732693, 48.215492>,  <51.721748, 56.112228, 48.277817>, 0.100000
	pigment { color rgbt <1,0,0,0> }
	no_shadow
}

// particle -1
sphere {
	<51.831608, 55.732693, 48.215492> 0.100000
	pigment { color rgbt <1,0,0,0> }
	no_shadow
}
sphere {
	0, 1
	scale<0.080000,0.200000,0.300000>
	matrix <0.954549, 0.249537, 0.162995,
		-0.115775, -0.193494, 0.974246,
		0.274649, -0.948837, -0.155809,
		51.914001, 55.448040, 48.168751>
	pigment { color rgbt <0,1,1,0> }
	no_shadow
}
cylinder {
	<51.852268, 55.687469, 48.905903>,  <51.721748, 56.112228, 48.277817>, 0.130000
	pigment { color rgbt <1,0,0,0> }
	no_shadow
}

// nucleotide -1

// particle -1
sphere {
	<51.852268, 55.687469, 48.905903> 0.250000
	pigment { color rgbt <1,0,0,0> }
	no_shadow
}
cylinder {
	<52.051552, 55.659119, 48.560242>,  <52.171124, 55.642109, 48.352844>, 0.100000
	pigment { color rgbt <1,0,0,0> }
	no_shadow
}
cylinder {
	<52.051552, 55.659119, 48.560242>,  <51.852268, 55.687469, 48.905903>, 0.100000
	pigment { color rgbt <1,0,0,0> }
	no_shadow
}

// particle -1
sphere {
	<52.051552, 55.659119, 48.560242> 0.100000
	pigment { color rgbt <1,0,0,0> }
	no_shadow
}
sphere {
	0, 1
	scale<0.080000,0.200000,0.300000>
	matrix <0.847154, 0.252107, 0.467731,
		0.184707, -0.965100, 0.185649,
		0.498211, -0.070880, -0.864154,
		52.201015, 55.637856, 48.300995>
	pigment { color rgbt <0,1,1,0> }
	no_shadow
}
cylinder {
	<52.459270, 55.168705, 48.877586>,  <51.852268, 55.687469, 48.905903>, 0.130000
	pigment { color rgbt <1,0,0,0> }
	no_shadow
}

// nucleotide -1

// particle -1
sphere {
	<52.459270, 55.168705, 48.877586> 0.250000
	pigment { color rgbt <1,0,0,0> }
	no_shadow
}
cylinder {
	<52.511719, 55.476772, 48.627899>,  <52.543186, 55.661613, 48.478085>, 0.100000
	pigment { color rgbt <1,0,0,0> }
	no_shadow
}
cylinder {
	<52.511719, 55.476772, 48.627899>,  <52.459270, 55.168705, 48.877586>, 0.100000
	pigment { color rgbt <1,0,0,0> }
	no_shadow
}

// particle -1
sphere {
	<52.511719, 55.476772, 48.627899> 0.100000
	pigment { color rgbt <1,0,0,0> }
	no_shadow
}
sphere {
	0, 1
	scale<0.080000,0.200000,0.300000>
	matrix <0.862429, 0.221907, 0.454944,
		0.488902, -0.597996, -0.635119,
		0.131117, 0.770168, -0.624220,
		52.551052, 55.707821, 48.440632>
	pigment { color rgbt <0,1,1,0> }
	no_shadow
}
cylinder {
	<53.266720, 55.331326, 48.591690>,  <52.459270, 55.168705, 48.877586>, 0.130000
	pigment { color rgbt <1,0,0,0> }
	no_shadow
}

// nucleotide -1

// particle -1
sphere {
	<53.266720, 55.331326, 48.591690> 0.250000
	pigment { color rgbt <1,0,0,0> }
	no_shadow
}
cylinder {
	<53.005394, 55.631943, 48.628273>,  <52.848598, 55.812313, 48.650223>, 0.100000
	pigment { color rgbt <1,0,0,0> }
	no_shadow
}
cylinder {
	<53.005394, 55.631943, 48.628273>,  <53.266720, 55.331326, 48.591690>, 0.100000
	pigment { color rgbt <1,0,0,0> }
	no_shadow
}

// particle -1
sphere {
	<53.005394, 55.631943, 48.628273> 0.100000
	pigment { color rgbt <1,0,0,0> }
	no_shadow
}
sphere {
	0, 1
	scale<0.080000,0.200000,0.300000>
	matrix <0.584716, 0.424144, 0.691527,
		0.480922, 0.505260, -0.716538,
		-0.653316, 0.751541, 0.091454,
		52.809399, 55.857407, 48.655708>
	pigment { color rgbt <0,1,1,0> }
	no_shadow
}
cylinder {
	<53.750107, 55.975277, 48.620186>,  <53.266720, 55.331326, 48.591690>, 0.130000
	pigment { color rgbt <1,0,0,0> }
	no_shadow
}

// nucleotide -1

// particle -1
sphere {
	<53.750107, 55.975277, 48.620186> 0.250000
	pigment { color rgbt <1,0,0,0> }
	no_shadow
}
cylinder {
	<53.389034, 55.998798, 48.790695>,  <53.172390, 56.012913, 48.893002>, 0.100000
	pigment { color rgbt <1,0,0,0> }
	no_shadow
}
cylinder {
	<53.389034, 55.998798, 48.790695>,  <53.750107, 55.975277, 48.620186>, 0.100000
	pigment { color rgbt <1,0,0,0> }
	no_shadow
}

// particle -1
sphere {
	<53.389034, 55.998798, 48.790695> 0.100000
	pigment { color rgbt <1,0,0,0> }
	no_shadow
}
sphere {
	0, 1
	scale<0.080000,0.200000,0.300000>
	matrix <0.411937, 0.404473, 0.816523,
		-0.124400, 0.912658, -0.389334,
