// switches for output
#declare DRAW_BASES = 1; // possible values are 0, 1; only relevant for DNA ribbons
#declare DRAW_BASES_TYPE = 3; // possible values are 1, 2, 3; only relevant for DNA ribbons
#declare DRAW_FOG = 0; // set to 1 to enable fog

#include "colors.inc"

#include "transforms.inc"
background { rgb <1, 1, 1>}

#default {
   normal{
       ripples 0.25
       frequency 0.20
       turbulence 0.2
       lambda 5
   }
	finish {
		phong 0.1
		phong_size 40.
	}
}

// original window dimensions: 1024x640


// camera settings

camera {
	sky <-0, 1, 0>
	up <-0, 1, 0>
	right 1.6 * <0.99995, 0, 0.00999983>
	location <54.4867, 55, 106.329>
	look_at <55, 55, 55.0001>
	direction <0.513302, 0, -51.3289>
	angle 67.0682
}


# declare cpy_camera_pos = <54.4867, 55, 106.329>;
# if (DRAW_FOG = 1)
fog {
	fog_type 2
	up vnormalize(cpy_camera_pos)
	color rgbt<1,1,1,0.3>
	distance 1e-5
	fog_alt 3e-3
	fog_offset 88
}
# end


// LIGHTS

# declare lum = 6;
global_settings {
	ambient_light rgb lum * <0.05, 0.05, 0.05>
	max_trace_level 15
}# declare cpy_direct_light_amount = 0.25;
light_source
{	1000 * <-0.98995, -1, 1.00995>,
	rgb lum * cpy_direct_light_amount
	parallel
}

light_source
{	1000 * <0.98995, 1, -1.00995>,
	rgb lum * cpy_direct_light_amount
	parallel
}

// strand 0

// nucleotide -1

// particle -1
sphere {
	<35.797184, 53.261715, 49.983982> 0.250000
	pigment { color rgbt <1,0,0,0> }
	no_shadow
}
cylinder {
	<36.047073, 53.193943, 50.288879>,  <36.197006, 53.153278, 50.471817>, 0.100000
	pigment { color rgbt <1,0,0,0> }
	no_shadow
}
cylinder {
	<36.047073, 53.193943, 50.288879>,  <35.797184, 53.261715, 49.983982>, 0.100000
	pigment { color rgbt <1,0,0,0> }
	no_shadow
}

// particle -1
sphere {
	<36.047073, 53.193943, 50.288879> 0.100000
	pigment { color rgbt <1,0,0,0> }
	no_shadow
}
sphere {
	0, 1
	scale<0.080000,0.200000,0.300000>
	matrix <0.498311, -0.665049, -0.556234,
		0.601175, 0.727325, -0.331038,
		0.624719, -0.169434, 0.762245,
		36.234489, 53.143112, 50.517551>
	pigment { color rgbt <0,1,1,0> }
	no_shadow
}
cylinder {
	<36.483482, 53.344913, 49.786835>,  <35.797184, 53.261715, 49.983982>, 0.130000
	pigment { color rgbt <1,0,0,0> }
	no_shadow
}

// nucleotide -1

// particle -1
sphere {
	<36.483482, 53.344913, 49.786835> 0.250000
	pigment { color rgbt <1,0,0,0> }
	no_shadow
}
cylinder {
	<36.445377, 53.080257, 50.084335>,  <36.422516, 52.921463, 50.262836>, 0.100000
	pigment { color rgbt <1,0,0,0> }
	no_shadow
}
cylinder {
	<36.445377, 53.080257, 50.084335>,  <36.483482, 53.344913, 49.786835>, 0.100000
	pigment { color rgbt <1,0,0,0> }
	no_shadow
}

// particle -1
sphere {
	<36.445377, 53.080257, 50.084335> 0.100000
	pigment { color rgbt <1,0,0,0> }
	no_shadow
}
sphere {
	0, 1
	scale<0.080000,0.200000,0.300000>
	matrix <0.624458, -0.621573, -0.472969,
		0.775228, 0.419384, 0.472376,
		-0.095260, -0.661637, 0.743749,
		36.416798, 52.881767, 50.307461>
	pigment { color rgbt <0,1,1,0> }
	no_shadow
}
cylinder {
	<37.112415, 53.192635, 50.102615>,  <36.483482, 53.344913, 49.786835>, 0.130000
	pigment { color rgbt <1,0,0,0> }
	no_shadow
}

// nucleotide -1

// particle -1
sphere {
	<37.112415, 53.192635, 50.102615> 0.250000
	pigment { color rgbt <1,0,0,0> }
	no_shadow
}
cylinder {
	<36.882740, 52.866058, 50.127060>,  <36.744934, 52.670113, 50.141727>, 0.100000
	pigment { color rgbt <1,0,0,0> }
	no_shadow
}
cylinder {
	<36.882740, 52.866058, 50.127060>,  <37.112415, 53.192635, 50.102615>, 0.100000
	pigment { color rgbt <1,0,0,0> }
	no_shadow
}

// particle -1
sphere {
	<36.882740, 52.866058, 50.127060> 0.100000
	pigment { color rgbt <1,0,0,0> }
	no_shadow
}
sphere {
	0, 1
	scale<0.080000,0.200000,0.300000>
	matrix <0.768762, -0.563316, -0.302787,
		0.281631, -0.126878, 0.951097,
		-0.574186, -0.816441, 0.061108,
		36.710484, 52.621124, 50.145393>
	pigment { color rgbt <0,1,1,0> }
	no_shadow
}
cylinder {
	<37.521736, 52.650700, 50.463108>,  <37.112415, 53.192635, 50.102615>, 0.130000
	pigment { color rgbt <1,0,0,0> }
	no_shadow
}

// nucleotide -1

// particle -1
sphere {
	<37.521736, 52.650700, 50.463108> 0.250000
	pigment { color rgbt <1,0,0,0> }
	no_shadow
}
cylinder {
	<37.239586, 52.500572, 50.222580>,  <37.070297, 52.410496, 50.078262>, 0.100000
	pigment { color rgbt <1,0,0,0> }
	no_shadow
}
cylinder {
	<37.239586, 52.500572, 50.222580>,  <37.521736, 52.650700, 50.463108>, 0.100000
	pigment { color rgbt <1,0,0,0> }
	no_shadow
}

// particle -1
sphere {
	<37.239586, 52.500572, 50.222580> 0.100000
	pigment { color rgbt <1,0,0,0> }
	no_shadow
}
sphere {
	0, 1
	scale<0.080000,0.200000,0.300000>
	matrix <0.695787, -0.528622, -0.486250,
		-0.135372, -0.761377, 0.634018,
		-0.705376, -0.375317, -0.601317,
		37.027973, 52.387978, 50.042187>
	pigment { color rgbt <0,1,1,0> }
	no_shadow
}
cylinder {
	<37.524906, 51.871799, 50.500648>,  <37.521736, 52.650700, 50.463108>, 0.130000
	pigment { color rgbt <1,0,0,0> }
	no_shadow
}

// nucleotide -1

// particle -1
sphere {
	<37.524906, 51.871799, 50.500648> 0.250000
	pigment { color rgbt <1,0,0,0> }
	no_shadow
}
cylinder {
	<37.422962, 52.048515, 50.156586>,  <37.361797, 52.154545, 49.950150>, 0.100000
	pigment { color rgbt <1,0,0,0> }
	no_shadow
}
cylinder {
	<37.422962, 52.048515, 50.156586>,  <37.524906, 51.871799, 50.500648>, 0.100000
	pigment { color rgbt <1,0,0,0> }
	no_shadow
}

// particle -1
sphere {
	<37.422962, 52.048515, 50.156586> 0.100000
	pigment { color rgbt <1,0,0,0> }
	no_shadow
}
sphere {
	0, 1
	scale<0.080000,0.200000,0.300000>
	matrix <0.800676, -0.402347, -0.443886,
		-0.542185, -0.801837, -0.251184,
		-0.254861, 0.441785, -0.860158,
		37.346504, 52.181049, 49.898537>
	pigment { color rgbt <0,1,1,0> }
	no_shadow
}
cylinder {
	<37.928791, 51.724373, 49.801147>,  <37.524906, 51.871799, 50.500648>, 0.130000
	pigment { color rgbt <1,0,0,0> }
	no_shadow
}

// nucleotide -1

// particle -1
sphere {
	<37.928791, 51.724373, 49.801147> 0.250000
	pigment { color rgbt <1,0,0,0> }
	no_shadow
}
cylinder {
	<38.043591, 51.503960, 49.487717>,  <38.112469, 51.371712, 49.299660>, 0.100000
	pigment { color rgbt <1,0,0,0> }
	no_shadow
}
cylinder {
	<38.043591, 51.503960, 49.487717>,  <37.928791, 51.724373, 49.801147>, 0.100000
	pigment { color rgbt <1,0,0,0> }
	no_shadow
}

// particle -1
sphere {
	<38.043591, 51.503960, 49.487717> 0.100000
	pigment { color rgbt <1,0,0,0> }
	no_shadow
}
sphere {
	0, 1
	scale<0.080000,0.200000,0.300000>
	matrix <-0.836401, -0.542902, 0.075442,
		-0.466976, 0.633732, -0.616699,
		0.286997, -0.551037, -0.783576,
		38.129688, 51.338650, 49.252644>
	pigment { color rgbt <0,1,1,0> }
	no_shadow
}
cylinder {
	<37.986061, 50.990974, 50.049046>,  <37.928791, 51.724373, 49.801147>, 0.130000
	pigment { color rgbt <1,0,0,0> }
	no_shadow
}

// nucleotide -1

// particle -1
sphere {
	<37.986061, 50.990974, 50.049046> 0.250000
	pigment { color rgbt <1,0,0,0> }
	no_shadow
}
cylinder {
	<38.298985, 50.802246, 50.211716>,  <38.486736, 50.689011, 50.309319>, 0.100000
	pigment { color rgbt <1,0,0,0> }
	no_shadow
}
cylinder {
	<38.298985, 50.802246, 50.211716>,  <37.986061, 50.990974, 50.049046>, 0.100000
	pigment { color rgbt <1,0,0,0> }
	no_shadow
}

// particle -1
sphere {
	<38.298985, 50.802246, 50.211716> 0.100000
	pigment { color rgbt <1,0,0,0> }
	no_shadow
}
sphere {
	0, 1
	scale<0.080000,0.200000,0.300000>
	matrix <0.542757, 0.836678, -0.073380,
		-0.305635, 0.278132, 0.910621,
		0.782306, -0.471818, 0.406676,
		38.533676, 50.660702, 50.333717>
	pigment { color rgbt <0,1,1,0> }
	no_shadow
}
cylinder {
	<38.345531, 51.401558, 50.477367>,  <37.986061, 50.990974, 50.049046>, 0.130000
	pigment { color rgbt <1,0,0,0> }
	no_shadow
}

// nucleotide -1

// particle -1
sphere {
	<38.345531, 51.401558, 50.477367> 0.250000
	pigment { color rgbt <1,0,0,0> }
	no_shadow
}
cylinder {
	<38.621819, 51.122581, 50.400955>,  <38.787590, 50.955196, 50.355106>, 0.100000
	pigment { color rgbt <1,0,0,0> }
	no_shadow
}
cylinder {
	<38.621819, 51.122581, 50.400955>,  <38.345531, 51.401558, 50.477367>, 0.100000
	pigment { color rgbt <1,0,0,0> }
	no_shadow
}

// particle -1
sphere {
	<38.621819, 51.122581, 50.400955> 0.100000
	pigment { color rgbt <1,0,0,0> }
	no_shadow
}
sphere {
	0, 1
	scale<0.080000,0.200000,0.300000>
	matrix <0.671463, 0.716640, -0.188585,
		0.268427, 0.001989, 0.963298,
		0.690713, -0.697440, -0.191030,
		38.829033, 50.913349, 50.343647>
	pigment { color rgbt <0,1,1,0> }
	no_shadow
}
cylinder {
	<38.902111, 51.842731, 50.449051>,  <38.345531, 51.401558, 50.477367>, 0.130000
	pigment { color rgbt <1,0,0,0> }
	no_shadow
}

// nucleotide -1

// particle -1
sphere {
	<38.902111, 51.842731, 50.449051> 0.250000
	pigment { color rgbt <1,0,0,0> }
	no_shadow
}
cylinder {
	<39.032352, 51.519527, 50.252640>,  <39.110497, 51.325607, 50.134792>, 0.100000
	pigment { color rgbt <1,0,0,0> }
	no_shadow
}
cylinder {
	<39.032352, 51.519527, 50.252640>,  <38.902111, 51.842731, 50.449051>, 0.100000
	pigment { color rgbt <1,0,0,0> }
	no_shadow
}

// particle -1
sphere {
	<39.032352, 51.519527, 50.252640> 0.100000
	pigment { color rgbt <1,0,0,0> }
	no_shadow
}
sphere {
	0, 1
	scale<0.080000,0.200000,0.300000>
	matrix <0.559877, 0.583254, -0.588517,
		0.761920, -0.083293, 0.642293,
		0.325600, -0.808008, -0.491027,
		39.130032, 51.277126, 50.105331>
	pigment { color rgbt <0,1,1,0> }
	no_shadow
}
cylinder {
	<39.597179, 51.699749, 50.544842>,  <38.902111, 51.842731, 50.449051>, 0.130000
	pigment { color rgbt <1,0,0,0> }
	no_shadow
}

// nucleotide -1

// particle -1
sphere {
	<39.597179, 51.699749, 50.544842> 0.250000
	pigment { color rgbt <1,0,0,0> }
	no_shadow
}
cylinder {
	<39.479862, 51.570839, 50.184814>,  <39.409473, 51.493492, 49.968800>, 0.100000
	pigment { color rgbt <1,0,0,0> }
	no_shadow
}
cylinder {
	<39.479862, 51.570839, 50.184814>,  <39.597179, 51.699749, 50.544842>, 0.100000
	pigment { color rgbt <1,0,0,0> }
	no_shadow
}

// particle -1
sphere {
	<39.479862, 51.570839, 50.184814> 0.100000
	pigment { color rgbt <1,0,0,0> }
	no_shadow
}
sphere {
	0, 1
	scale<0.080000,0.200000,0.300000>
	matrix <0.634686, 0.638428, -0.435412,
		0.714950, -0.698961, 0.017300,
		-0.293291, -0.322278, -0.900065,
		39.391876, 51.474155, 49.914795>
	pigment { color rgbt <0,1,1,0> }
	no_shadow
}
cylinder {
	<40.135525, 51.455479, 50.172470>,  <39.597179, 51.699749, 50.544842>, 0.130000
	pigment { color rgbt <1,0,0,0> }
	no_shadow
}

// nucleotide -1

// particle -1
sphere {
	<40.135525, 51.455479, 50.172470> 0.250000
	pigment { color rgbt <1,0,0,0> }
	no_shadow
}
cylinder {
	<39.873245, 51.583595, 49.898979>,  <39.715878, 51.660465, 49.734886>, 0.100000
	pigment { color rgbt <1,0,0,0> }
	no_shadow
}
cylinder {
	<39.873245, 51.583595, 49.898979>,  <40.135525, 51.455479, 50.172470>, 0.100000
	pigment { color rgbt <1,0,0,0> }
	no_shadow
}

// particle -1
sphere {
	<39.873245, 51.583595, 49.898979> 0.100000
	pigment { color rgbt <1,0,0,0> }
	no_shadow
}
sphere {
	0, 1
	scale<0.080000,0.200000,0.300000>
	matrix <0.718780, 0.542008, -0.435412,
		0.231126, -0.776944, -0.585609,
		-0.655695, 0.320289, -0.683724,
		39.676537, 51.679684, 49.693863>
	pigment { color rgbt <0,1,1,0> }
	no_shadow
}
cylinder {
	<40.507500, 51.429951, 50.823536>,  <40.135525, 51.455479, 50.172470>, 0.130000
	pigment { color rgbt <1,0,0,0> }
	no_shadow
}

// nucleotide -1

// particle -1
sphere {
	<40.507500, 51.429951, 50.823536> 0.250000
	pigment { color rgbt <1,0,0,0> }
	no_shadow
}
cylinder {
	<40.686234, 51.776772, 50.735390>,  <40.793472, 51.984863, 50.682503>, 0.100000
	pigment { color rgbt <1,0,0,0> }
	no_shadow
}
cylinder {
	<40.686234, 51.776772, 50.735390>,  <40.507500, 51.429951, 50.823536>, 0.100000
	pigment { color rgbt <1,0,0,0> }
	no_shadow
}

// particle -1
sphere {
	<40.686234, 51.776772, 50.735390> 0.100000
	pigment { color rgbt <1,0,0,0> }
	no_shadow
}
sphere {
	0, 1
	scale<0.080000,0.200000,0.300000>
	matrix <-0.013328, 0.252746, 0.967441,
		0.894518, -0.429348, 0.124491,
		0.446834, 0.867052, -0.220363,
		40.820282, 52.036888, 50.669281>
	pigment { color rgbt <0,1,1,0> }
	no_shadow
}
cylinder {
	<41.168621, 51.535488, 51.275810>,  <40.507500, 51.429951, 50.823536>, 0.130000
	pigment { color rgbt <1,0,0,0> }
	no_shadow
}

// nucleotide -1

// particle -1
sphere {
	<41.168621, 51.535488, 51.275810> 0.250000
	pigment { color rgbt <1,0,0,0> }
	no_shadow
}
cylinder {
	<41.057026, 51.897915, 51.148560>,  <40.990067, 52.115372, 51.072208>, 0.100000
	pigment { color rgbt <1,0,0,0> }
	no_shadow
}
cylinder {
	<41.057026, 51.897915, 51.148560>,  <41.168621, 51.535488, 51.275810>, 0.100000
	pigment { color rgbt <1,0,0,0> }
	no_shadow
}

// particle -1
sphere {
	<41.057026, 51.897915, 51.148560> 0.100000
	pigment { color rgbt <1,0,0,0> }
	no_shadow
}
sphere {
	0, 1
	scale<0.080000,0.200000,0.300000>
	matrix <0.245726, 0.387609, 0.888469,
		0.928323, 0.169702, -0.330784,
		-0.278990, 0.906069, -0.318126,
		40.973328, 52.169735, 51.053123>
	pigment { color rgbt <0,1,1,0> }
	no_shadow
}
cylinder {
	<41.765278, 52.022701, 51.239895>,  <41.168621, 51.535488, 51.275810>, 0.130000
	pigment { color rgbt <1,0,0,0> }
	no_shadow
}

// nucleotide -1

// particle -1
sphere {
	<41.765278, 52.022701, 51.239895> 0.250000
	pigment { color rgbt <1,0,0,0> }
	no_shadow
}
cylinder {
	<41.423023, 52.220139, 51.302193>,  <41.217670, 52.338600, 51.339569>, 0.100000
	pigment { color rgbt <1,0,0,0> }
	no_shadow
}
cylinder {
	<41.423023, 52.220139, 51.302193>,  <41.765278, 52.022701, 51.239895>, 0.100000
	pigment { color rgbt <1,0,0,0> }
	no_shadow
}

// particle -1
sphere {
	<41.423023, 52.220139, 51.302193> 0.100000
	pigment { color rgbt <1,0,0,0> }
	no_shadow
}
sphere {
	0, 1
	scale<0.080000,0.200000,0.300000>
	matrix <0.410789, 0.464569, 0.784492,
		0.314866, 0.735216, -0.600263,
		-0.855635, 0.493592, 0.155741,
		41.166332, 52.368217, 51.348915>
	pigment { color rgbt <0,1,1,0> }
	no_shadow
}
cylinder {
	<41.947964, 52.531796, 51.645992>,  <41.765278, 52.022701, 51.239895>, 0.130000
	pigment { color rgbt <1,0,0,0> }
	no_shadow
}

// nucleotide -1

// particle -1
sphere {
	<41.947964, 52.531796, 51.645992> 0.250000
	pigment { color rgbt <1,0,0,0> }
	no_shadow
}
cylinder {
	<41.549576, 52.567291, 51.651127>,  <41.310543, 52.588589, 51.654209>, 0.100000
	pigment { color rgbt <1,0,0,0> }
	no_shadow
}
cylinder {
	<41.549576, 52.567291, 51.651127>,  <41.947964, 52.531796, 51.645992>, 0.100000
	pigment { color rgbt <1,0,0,0> }
	no_shadow
}

// particle -1
sphere {
	<41.549576, 52.567291, 51.651127> 0.100000
	pigment { color rgbt <1,0,0,0> }
	no_shadow
}
sphere {
	0, 1
	scale<0.080000,0.200000,0.300000>
	matrix <0.056347, 0.508113, 0.859445,
		0.069742, 0.856707, -0.511067,
		-0.995972, 0.088736, 0.012836,
		41.250786, 52.593910, 51.654976>
	pigment { color rgbt <0,1,1,0> }
	no_shadow
}
cylinder {
	<41.807758, 53.240368, 51.843788>,  <41.947964, 52.531796, 51.645992>, 0.130000
	pigment { color rgbt <1,0,0,0> }
	no_shadow
}

// nucleotide -1

// particle -1
sphere {
	<41.807758, 53.240368, 51.843788> 0.250000
	pigment { color rgbt <1,0,0,0> }
	no_shadow
}
cylinder {
	<41.492607, 53.005070, 51.916687>,  <41.303516, 52.863892, 51.960426>, 0.100000
	pigment { color rgbt <1,0,0,0> }
	no_shadow
}
cylinder {
	<41.492607, 53.005070, 51.916687>,  <41.807758, 53.240368, 51.843788>, 0.100000
	pigment { color rgbt <1,0,0,0> }
	no_shadow
}

// particle -1
sphere {
	<41.492607, 53.005070, 51.916687> 0.100000
	pigment { color rgbt <1,0,0,0> }
	no_shadow
}
sphere {
	0, 1
	scale<0.080000,0.200000,0.300000>
	matrix <-0.158303, 0.479453, 0.863171,
		-0.595138, 0.651223, -0.470872,
		-0.787878, -0.588246, 0.182250,
		41.256245, 52.828594, 51.971363>
	pigment { color rgbt <0,1,1,0> }
	no_shadow
}
cylinder {
	<42.307762, 53.082634, 52.263798>,  <41.807758, 53.240368, 51.843788>, 0.130000
	pigment { color rgbt <1,0,0,0> }
	no_shadow
}

// nucleotide -1

// particle -1
sphere {
	<42.307762, 53.082634, 52.263798> 0.250000
	pigment { color rgbt <1,0,0,0> }
	no_shadow
}
cylinder {
	<42.031330, 53.371403, 52.249725>,  <41.865471, 53.544662, 52.241283>, 0.100000
	pigment { color rgbt <1,0,0,0> }
	no_shadow
}
cylinder {
	<42.031330, 53.371403, 52.249725>,  <42.307762, 53.082634, 52.263798>, 0.100000
	pigment { color rgbt <1,0,0,0> }
	no_shadow
}

// particle -1
sphere {
	<42.031330, 53.371403, 52.249725> 0.100000
	pigment { color rgbt <1,0,0,0> }
	no_shadow
}
sphere {
	0, 1
	scale<0.080000,0.200000,0.300000>
	matrix <0.016088, 0.064025, 0.997819,
		0.722597, 0.689009, -0.055861,
		-0.691082, 0.721919, -0.035179,
		41.824005, 53.587978, 52.239170>
	pigment { color rgbt <0,1,1,0> }
	no_shadow
}
cylinder {
	<42.485107, 53.803295, 52.447552>,  <42.307762, 53.082634, 52.263798>, 0.130000
	pigment { color rgbt <1,0,0,0> }
	no_shadow
}

// nucleotide -1

// particle -1
sphere {
	<42.485107, 53.803295, 52.447552> 0.250000
	pigment { color rgbt <1,0,0,0> }
	no_shadow
}
cylinder {
	<42.123886, 53.684868, 52.572029>,  <41.907154, 53.613811, 52.646713>, 0.100000
	pigment { color rgbt <1,0,0,0> }
	no_shadow
}
cylinder {
	<42.123886, 53.684868, 52.572029>,  <42.485107, 53.803295, 52.447552>, 0.100000
	pigment { color rgbt <1,0,0,0> }
	no_shadow
}

// particle -1
sphere {
	<42.123886, 53.684868, 52.572029> 0.100000
	pigment { color rgbt <1,0,0,0> }
	no_shadow
}
sphere {
	0, 1
	scale<0.080000,0.200000,0.300000>
	matrix <0.248688, 0.230323, 0.940801,
		-0.350213, 0.926983, -0.134366,
		-0.903053, -0.296065, 0.311191,
		41.852970, 53.596046, 52.665386>
	pigment { color rgbt <0,1,1,0> }
	no_shadow
}
cylinder {
	<42.223911, 54.626205, 52.358780>,  <42.485107, 53.803295, 52.447552>, 0.130000
	pigment { color rgbt <1,0,0,0> }
	no_shadow
}

// nucleotide -1

// particle -1
sphere {
	<42.223911, 54.626205, 52.358780> 0.250000
	pigment { color rgbt <1,0,0,0> }
	no_shadow
}
cylinder {
	<42.046776, 54.766365, 52.028664>,  <41.940495, 54.850460, 51.830593>, 0.100000
	pigment { color rgbt <1,0,0,0> }
	no_shadow
}
cylinder {
	<42.046776, 54.766365, 52.028664>,  <42.223911, 54.626205, 52.358780>, 0.100000
	pigment { color rgbt <1,0,0,0> }
	no_shadow
}

// particle -1
sphere {
	<42.046776, 54.766365, 52.028664> 0.100000
	pigment { color rgbt <1,0,0,0> }
	no_shadow
}
sphere {
	0, 1
	scale<0.080000,0.200000,0.300000>
	matrix <-0.602865, -0.797698, -0.015197,
		-0.663660, 0.490810, 0.564501,
		-0.442843, 0.350403, -0.825293,
		41.913921, 54.871487, 51.781075>
	pigment { color rgbt <0,1,1,0> }
	no_shadow
}
cylinder {
	<42.853363, 54.426937, 52.867004>,  <42.223911, 54.626205, 52.358780>, 0.130000
	pigment { color rgbt <1,0,0,0> }
	no_shadow
}

// nucleotide -1

// particle -1
sphere {
	<42.853363, 54.426937, 52.867004> 0.250000
	pigment { color rgbt <1,0,0,0> }
	no_shadow
}
cylinder {
	<42.756191, 54.154022, 53.142822>,  <42.697887, 53.990273, 53.308315>, 0.100000
	pigment { color rgbt <1,0,0,0> }
	no_shadow
}
cylinder {
	<42.756191, 54.154022, 53.142822>,  <42.853363, 54.426937, 52.867004>, 0.100000
	pigment { color rgbt <1,0,0,0> }
	no_shadow
}

// particle -1
sphere {
	<42.756191, 54.154022, 53.142822> 0.100000
	pigment { color rgbt <1,0,0,0> }
	no_shadow
}
sphere {
	0, 1
	scale<0.080000,0.200000,0.300000>
	matrix <0.546706, -0.683492, -0.483685,
		0.801310, 0.259479, 0.539048,
		-0.242929, -0.682283, 0.689548,
		42.683311, 53.949337, 53.349686>
	pigment { color rgbt <0,1,1,0> }
	no_shadow
}
cylinder {
	<43.489105, 54.201649, 53.226032>,  <42.853363, 54.426937, 52.867004>, 0.130000
	pigment { color rgbt <1,0,0,0> }
	no_shadow
}

// nucleotide -1

// particle -1
sphere {
	<43.489105, 54.201649, 53.226032> 0.250000
	pigment { color rgbt <1,0,0,0> }
	no_shadow
}
cylinder {
	<43.199364, 53.925915, 53.221336>,  <43.025520, 53.760475, 53.218517>, 0.100000
	pigment { color rgbt <1,0,0,0> }
	no_shadow
}
cylinder {
	<43.199364, 53.925915, 53.221336>,  <43.489105, 54.201649, 53.226032>, 0.100000
	pigment { color rgbt <1,0,0,0> }
	no_shadow
}

// particle -1
sphere {
	<43.199364, 53.925915, 53.221336> 0.100000
	pigment { color rgbt <1,0,0,0> }
	no_shadow
}
sphere {
	0, 1
	scale<0.080000,0.200000,0.300000>
	matrix <0.609875, -0.632728, -0.477187,
		0.321514, -0.352810, 0.878723,
		-0.724349, -0.689333, -0.011739,
		42.982059, 53.719116, 53.217815>
	pigment { color rgbt <0,1,1,0> }
	no_shadow
}
cylinder {
	<43.724998, 53.548923, 53.415539>,  <43.489105, 54.201649, 53.226032>, 0.130000
	pigment { color rgbt <1,0,0,0> }
	no_shadow
}

// nucleotide -1

// particle -1
sphere {
	<43.724998, 53.548923, 53.415539> 0.250000
	pigment { color rgbt <1,0,0,0> }
	no_shadow
}
cylinder {
	<43.401478, 53.473839, 53.192616>,  <43.207363, 53.428787, 53.058861>, 0.100000
	pigment { color rgbt <1,0,0,0> }
	no_shadow
}
cylinder {
	<43.401478, 53.473839, 53.192616>,  <43.724998, 53.548923, 53.415539>, 0.100000
	pigment { color rgbt <1,0,0,0> }
	no_shadow
}

// particle -1
sphere {
	<43.401478, 53.473839, 53.192616> 0.100000
	pigment { color rgbt <1,0,0,0> }
	no_shadow
}
sphere {
	0, 1
	scale<0.080000,0.200000,0.300000>
	matrix <0.511236, -0.692805, -0.508585,
		-0.290639, -0.696264, 0.656311,
		-0.808805, -0.187715, -0.557312,
		43.158836, 53.417526, 53.025421>
	pigment { color rgbt <0,1,1,0> }
	no_shadow
}
cylinder {
	<43.825649, 52.756245, 53.248451>,  <43.724998, 53.548923, 53.415539>, 0.130000
	pigment { color rgbt <1,0,0,0> }
	no_shadow
}

// nucleotide -1

// particle -1
sphere {
	<43.825649, 52.756245, 53.248451> 0.250000
	pigment { color rgbt <1,0,0,0> }
	no_shadow
}
cylinder {
	<43.608467, 53.028992, 53.052391>,  <43.478157, 53.192642, 52.934753>, 0.100000
	pigment { color rgbt <1,0,0,0> }
	no_shadow
}
cylinder {
	<43.608467, 53.028992, 53.052391>,  <43.825649, 52.756245, 53.248451>, 0.100000
	pigment { color rgbt <1,0,0,0> }
	no_shadow
}

// particle -1
sphere {
	<43.608467, 53.028992, 53.052391> 0.100000
	pigment { color rgbt <1,0,0,0> }
	no_shadow
}
sphere {
	0, 1
	scale<0.080000,0.200000,0.300000>
	matrix <0.524614, -0.180347, -0.832019,
		-0.655726, -0.708893, -0.259797,
		-0.542959, 0.681869, -0.490153,
		43.445580, 53.233551, 52.905346>
	pigment { color rgbt <0,1,1,0> }
	no_shadow
}
cylinder {
	<44.489731, 53.134228, 53.131184>,  <43.825649, 52.756245, 53.248451>, 0.130000
	pigment { color rgbt <1,0,0,0> }
	no_shadow
}

// nucleotide -1

// particle -1
sphere {
	<44.489731, 53.134228, 53.131184> 0.250000
	pigment { color rgbt <1,0,0,0> }
	no_shadow
}
cylinder {
	<44.695148, 53.124924, 53.474281>,  <44.818401, 53.119343, 53.680141>, 0.100000
	pigment { color rgbt <1,0,0,0> }
	no_shadow
}
cylinder {
	<44.695148, 53.124924, 53.474281>,  <44.489731, 53.134228, 53.131184>, 0.100000
	pigment { color rgbt <1,0,0,0> }
	no_shadow
}

// particle -1
sphere {
	<44.695148, 53.124924, 53.474281> 0.100000
	pigment { color rgbt <1,0,0,0> }
	no_shadow
}
sphere {
	0, 1
	scale<0.080000,0.200000,0.300000>
	matrix <0.491034, -0.811805, -0.316003,
		0.703672, 0.583465, -0.405481,
		0.513548, -0.023257, 0.857746,
		44.849213, 53.117947, 53.731606>
	pigment { color rgbt <0,1,1,0> }
	no_shadow
}
cylinder {
	<45.328224, 53.096828, 53.096535>,  <44.489731, 53.134228, 53.131184>, 0.130000
	pigment { color rgbt <1,0,0,0> }
	no_shadow
}

// nucleotide -1

// particle -1
sphere {
	<45.328224, 53.096828, 53.096535> 0.250000
	pigment { color rgbt <1,0,0,0> }
	no_shadow
}
cylinder {
	<45.179810, 52.905708, 53.415039>,  <45.090763, 52.791035, 53.606144>, 0.100000
	pigment { color rgbt <1,0,0,0> }
	no_shadow
}
cylinder {
	<45.179810, 52.905708, 53.415039>,  <45.328224, 53.096828, 53.096535>, 0.100000
	pigment { color rgbt <1,0,0,0> }
	no_shadow
}

// particle -1
sphere {
	<45.179810, 52.905708, 53.415039> 0.100000
	pigment { color rgbt <1,0,0,0> }
	no_shadow
}
sphere {
	0, 1
	scale<0.080000,0.200000,0.300000>
	matrix <0.493303, -0.827893, -0.266919,
		0.786756, 0.293763, 0.542879,
		-0.371035, -0.477804, 0.796264,
		45.068501, 52.762367, 53.653919>
	pigment { color rgbt <0,1,1,0> }
	no_shadow
}
cylinder {
	<45.689320, 53.020462, 53.706890>,  <45.328224, 53.096828, 53.096535>, 0.130000
	pigment { color rgbt <1,0,0,0> }
	no_shadow
}

// nucleotide -1

// particle -1
sphere {
	<45.689320, 53.020462, 53.706890> 0.250000
	pigment { color rgbt <1,0,0,0> }
	no_shadow
}
cylinder {
	<45.668766, 53.309292, 53.430931>,  <45.656433, 53.482590, 53.265354>, 0.100000
	pigment { color rgbt <1,0,0,0> }
	no_shadow
}
cylinder {
	<45.668766, 53.309292, 53.430931>,  <45.689320, 53.020462, 53.706890>, 0.100000
	pigment { color rgbt <1,0,0,0> }
	no_shadow
}

// particle -1
sphere {
	<45.668766, 53.309292, 53.430931> 0.100000
	pigment { color rgbt <1,0,0,0> }
	no_shadow
}
sphere {
	0, 1
	scale<0.080000,0.200000,0.300000>
	matrix <0.697104, 0.520603, 0.492968,
		0.715126, -0.455603, -0.530113,
		-0.051381, 0.722079, -0.689900,
		45.653351, 53.525917, 53.223961>
	pigment { color rgbt <0,1,1,0> }
	no_shadow
}
cylinder {
	<46.292297, 53.096161, 53.455555>,  <45.689320, 53.020462, 53.706890>, 0.130000
	pigment { color rgbt <1,0,0,0> }
	no_shadow
}

// nucleotide -1

// particle -1
sphere {
	<46.292297, 53.096161, 53.455555> 0.250000
	pigment { color rgbt <1,0,0,0> }
	no_shadow
}
cylinder {
	<46.108418, 53.450706, 53.433502>,  <45.998089, 53.663433, 53.420269>, 0.100000
	pigment { color rgbt <1,0,0,0> }
	no_shadow
}
cylinder {
	<46.108418, 53.450706, 53.433502>,  <46.292297, 53.096161, 53.455555>, 0.100000
	pigment { color rgbt <1,0,0,0> }
	no_shadow
}

// particle -1
sphere {
	<46.108418, 53.450706, 53.433502> 0.100000
	pigment { color rgbt <1,0,0,0> }
	no_shadow
}
sphere {
	0, 1
	scale<0.080000,0.200000,0.300000>
	matrix <0.711919, 0.404917, 0.573771,
		0.530892, 0.224513, -0.817158,
		-0.459700, 0.886361, -0.055132,
		45.970509, 53.716614, 53.416962>
	pigment { color rgbt <0,1,1,0> }
	no_shadow
}
cylinder {
	<46.782761, 52.570499, 53.658092>,  <46.292297, 53.096161, 53.455555>, 0.130000
	pigment { color rgbt <1,0,0,0> }
	no_shadow
}

// nucleotide -1

// particle -1
sphere {
	<46.782761, 52.570499, 53.658092> 0.250000
	pigment { color rgbt <1,0,0,0> }
	no_shadow
}
cylinder {
	<46.911198, 52.934578, 53.762733>,  <46.988262, 53.153027, 53.825520>, 0.100000
	pigment { color rgbt <1,0,0,0> }
	no_shadow
}
cylinder {
	<46.911198, 52.934578, 53.762733>,  <46.782761, 52.570499, 53.658092>, 0.100000
	pigment { color rgbt <1,0,0,0> }
	no_shadow
}

// particle -1
sphere {
	<46.911198, 52.934578, 53.762733> 0.100000
	pigment { color rgbt <1,0,0,0> }
	no_shadow
}
sphere {
	0, 1
	scale<0.080000,0.200000,0.300000>
	matrix <0.944762, -0.288679, -0.155206,
		-0.065749, 0.296989, -0.952615,
		0.321095, 0.910199, 0.261603,
		47.007526, 53.207638, 53.841213>
	pigment { color rgbt <0,1,1,0> }
	no_shadow
}
cylinder {
	<47.353161, 52.681812, 53.320999>,  <46.782761, 52.570499, 53.658092>, 0.130000
	pigment { color rgbt <1,0,0,0> }
	no_shadow
}

// nucleotide -1

// particle -1
sphere {
	<47.353161, 52.681812, 53.320999> 0.250000
	pigment { color rgbt <1,0,0,0> }
	no_shadow
}
cylinder {
	<47.372669, 52.993050, 53.571503>,  <47.384377, 53.179790, 53.721806>, 0.100000
	pigment { color rgbt <1,0,0,0> }
	no_shadow
}
cylinder {
	<47.372669, 52.993050, 53.571503>,  <47.353161, 52.681812, 53.320999>, 0.100000
	pigment { color rgbt <1,0,0,0> }
	no_shadow
}

// particle -1
sphere {
	<47.372669, 52.993050, 53.571503> 0.100000
	pigment { color rgbt <1,0,0,0> }
	no_shadow
}
sphere {
	0, 1
	scale<0.080000,0.200000,0.300000>
	matrix <0.998795, -0.041394, -0.026357,
		0.005415, 0.626786, -0.779172,
		0.048773, 0.778091, 0.626255,
		47.387302, 53.226479, 53.759380>
	pigment { color rgbt <0,1,1,0> }
	no_shadow
}
cylinder {
	<47.710785, 53.285397, 53.056896>,  <47.353161, 52.681812, 53.320999>, 0.130000
	pigment { color rgbt <1,0,0,0> }
	no_shadow
}

// nucleotide -1

// particle -1
sphere {
	<47.710785, 53.285397, 53.056896> 0.250000
	pigment { color rgbt <1,0,0,0> }
	no_shadow
}
cylinder {
	<47.757782, 53.202320, 53.445343>,  <47.785980, 53.152473, 53.678410>, 0.100000
	pigment { color rgbt <1,0,0,0> }
	no_shadow
}
cylinder {
	<47.757782, 53.202320, 53.445343>,  <47.710785, 53.285397, 53.056896>, 0.100000
	pigment { color rgbt <1,0,0,0> }
	no_shadow
}

// particle -1
sphere {
	<47.757782, 53.202320, 53.445343> 0.100000
	pigment { color rgbt <1,0,0,0> }
	no_shadow
}
sphere {
	0, 1
	scale<0.080000,0.200000,0.300000>
	matrix <0.984424, 0.153145, -0.086350,
		-0.130787, 0.966132, 0.222447,
		0.117493, -0.207689, 0.971113,
		47.793030, 53.140015, 53.736675>
	pigment { color rgbt <0,1,1,0> }
	no_shadow
}
cylinder {
	<48.333561, 53.553020, 53.256416>,  <47.710785, 53.285397, 53.056896>, 0.130000
	pigment { color rgbt <1,0,0,0> }
	no_shadow
}

// nucleotide -1

// particle -1
sphere {
	<48.333561, 53.553020, 53.256416> 0.250000
	pigment { color rgbt <1,0,0,0> }
	no_shadow
}
cylinder {
	<48.249409, 53.330368, 53.577888>,  <48.198917, 53.196777, 53.770771>, 0.100000
	pigment { color rgbt <1,0,0,0> }
	no_shadow
}
cylinder {
	<48.249409, 53.330368, 53.577888>,  <48.333561, 53.553020, 53.256416>, 0.100000
	pigment { color rgbt <1,0,0,0> }
	no_shadow
}

// particle -1
sphere {
	<48.249409, 53.330368, 53.577888> 0.100000
	pigment { color rgbt <1,0,0,0> }
	no_shadow
}
sphere {
	0, 1
	scale<0.080000,0.200000,0.300000>
	matrix <0.977579, -0.127212, 0.167800,
		0.008835, 0.820962, 0.570914,
		-0.210384, -0.556631, 0.803679,
		48.186295, 53.163380, 53.818993>
	pigment { color rgbt <0,1,1,0> }
	no_shadow
}
cylinder {
	<48.691463, 53.763721, 53.976162>,  <48.333561, 53.553020, 53.256416>, 0.130000
	pigment { color rgbt <1,0,0,0> }
	no_shadow
}

// nucleotide -1

// particle -1
sphere {
	<48.691463, 53.763721, 53.976162> 0.250000
	pigment { color rgbt <1,0,0,0> }
	no_shadow
}
cylinder {
	<48.625134, 53.371864, 53.930916>,  <48.585335, 53.136749, 53.903767>, 0.100000
	pigment { color rgbt <1,0,0,0> }
	no_shadow
}
cylinder {
	<48.625134, 53.371864, 53.930916>,  <48.691463, 53.763721, 53.976162>, 0.100000
	pigment { color rgbt <1,0,0,0> }
	no_shadow
}

// particle -1
sphere {
	<48.625134, 53.371864, 53.930916> 0.100000
	pigment { color rgbt <1,0,0,0> }
	no_shadow
}
sphere {
	0, 1
	scale<0.080000,0.200000,0.300000>
	matrix <0.973286, -0.181056, 0.141185,
		-0.158792, -0.086683, 0.983499,
		-0.165830, -0.979645, -0.113118,
		48.575386, 53.077972, 53.896980>
	pigment { color rgbt <0,1,1,0> }
	no_shadow
}
cylinder {
	<49.319916, 53.609009, 54.021362>,  <48.691463, 53.763721, 53.976162>, 0.130000
	pigment { color rgbt <1,0,0,0> }
	no_shadow
}

// nucleotide -1

// particle -1
sphere {
	<49.319916, 53.609009, 54.021362> 0.250000
	pigment { color rgbt <1,0,0,0> }
	no_shadow
}
cylinder {
	<49.117756, 53.266991, 54.067787>,  <48.996460, 53.061779, 54.095642>, 0.100000
	pigment { color rgbt <1,0,0,0> }
	no_shadow
}
cylinder {
	<49.117756, 53.266991, 54.067787>,  <49.319916, 53.609009, 54.021362>, 0.100000
	pigment { color rgbt <1,0,0,0> }
	no_shadow
}

// particle -1
sphere {
	<49.117756, 53.266991, 54.067787> 0.100000
	pigment { color rgbt <1,0,0,0> }
	no_shadow
}
sphere {
	0, 1
	scale<0.080000,0.200000,0.300000>
	matrix <0.853196, -0.475086, 0.215292,
		-0.128946, 0.207831, 0.969628,
		-0.505401, -0.855044, 0.116060,
		48.966137, 53.010479, 54.102604>
	pigment { color rgbt <0,1,1,0> }
	no_shadow
}
cylinder {
	<50.027950, 53.400494, 53.753620>,  <49.319916, 53.609009, 54.021362>, 0.130000
	pigment { color rgbt <1,0,0,0> }
	no_shadow
}

// nucleotide -1

// particle -1
sphere {
	<50.027950, 53.400494, 53.753620> 0.250000
	pigment { color rgbt <1,0,0,0> }
	no_shadow
}
cylinder {
	<50.312187, 53.521683, 53.499611>,  <50.482731, 53.594398, 53.347206>, 0.100000
	pigment { color rgbt <1,0,0,0> }
	no_shadow
}
cylinder {
	<50.312187, 53.521683, 53.499611>,  <50.027950, 53.400494, 53.753620>, 0.100000
	pigment { color rgbt <1,0,0,0> }
	no_shadow
}

// particle -1
sphere {
	<50.312187, 53.521683, 53.499611> 0.100000
	pigment { color rgbt <1,0,0,0> }
	no_shadow
}
sphere {
	0, 1
	scale<0.080000,0.200000,0.300000>
	matrix <0.703528, -0.293085, 0.647418,
		0.010036, -0.906811, -0.421418,
		0.710597, 0.302977, -0.635026,
		50.525368, 53.612576, 53.309105>
	pigment { color rgbt <0,1,1,0> }
	no_shadow
}
cylinder {
	<49.806625, 53.879730, 53.213242>,  <50.027950, 53.400494, 53.753620>, 0.130000
	pigment { color rgbt <1,0,0,0> }
	no_shadow
}

// nucleotide -1

// particle -1
sphere {
	<49.806625, 53.879730, 53.213242> 0.250000
	pigment { color rgbt <1,0,0,0> }
	no_shadow
}
cylinder {
	<49.667175, 54.028484, 52.869110>,  <49.583504, 54.117737, 52.662632>, 0.100000
	pigment { color rgbt <1,0,0,0> }
	no_shadow
}
cylinder {
	<49.667175, 54.028484, 52.869110>,  <49.806625, 53.879730, 53.213242>, 0.100000
	pigment { color rgbt <1,0,0,0> }
	no_shadow
}

// particle -1
sphere {
	<49.667175, 54.028484, 52.869110> 0.100000
	pigment { color rgbt <1,0,0,0> }
	no_shadow
}
sphere {
	0, 1
	scale<0.080000,0.200000,0.300000>
	matrix <-0.892814, 0.147558, 0.425571,
		0.285210, 0.916477, 0.280580,
		-0.348624, 0.371883, -0.860328,
		49.562588, 54.140049, 52.611012>
	pigment { color rgbt <0,1,1,0> }
	no_shadow
}
cylinder {
	<49.536629, 54.694790, 53.260281>,  <49.806625, 53.879730, 53.213242>, 0.130000
	pigment { color rgbt <1,0,0,0> }
	no_shadow
}

// nucleotide -1

// particle -1
sphere {
	<49.536629, 54.694790, 53.260281> 0.250000
	pigment { color rgbt <1,0,0,0> }
	no_shadow
}
cylinder {
	<49.357185, 54.474834, 52.978466>,  <49.249519, 54.342861, 52.809380>, 0.100000
	pigment { color rgbt <1,0,0,0> }
	no_shadow
}
cylinder {
	<49.357185, 54.474834, 52.978466>,  <49.536629, 54.694790, 53.260281>, 0.100000
	pigment { color rgbt <1,0,0,0> }
	no_shadow
}

// particle -1
sphere {
	<49.357185, 54.474834, 52.978466> 0.100000
	pigment { color rgbt <1,0,0,0> }
	no_shadow
}
sphere {
	0, 1
	scale<0.080000,0.200000,0.300000>
	matrix <-0.875952, 0.114096, 0.468711,
		-0.177355, 0.827408, -0.532862,
		-0.448613, -0.549889, -0.704534,
		49.222603, 54.309868, 52.767105>
	pigment { color rgbt <0,1,1,0> }
	no_shadow
}
cylinder {
	<49.718979, 54.725864, 52.583466>,  <49.536629, 54.694790, 53.260281>, 0.130000
	pigment { color rgbt <1,0,0,0> }
	no_shadow
}

// nucleotide -1

// particle -1
sphere {
	<49.718979, 54.725864, 52.583466> 0.250000
	pigment { color rgbt <1,0,0,0> }
	no_shadow
}
cylinder {
	<50.040428, 54.961437, 52.617729>,  <50.233299, 55.102783, 52.638287>, 0.100000
	pigment { color rgbt <1,0,0,0> }
	no_shadow
}
cylinder {
	<50.040428, 54.961437, 52.617729>,  <49.718979, 54.725864, 52.583466>, 0.100000
	pigment { color rgbt <1,0,0,0> }
	no_shadow
}

// particle -1
sphere {
	<50.040428, 54.961437, 52.617729> 0.100000
	pigment { color rgbt <1,0,0,0> }
	no_shadow
}
sphere {
	0, 1
	scale<0.080000,0.200000,0.300000>
	matrix <0.374685, -0.612513, 0.696017,
		0.462378, -0.527241, -0.712898,
		0.803628, 0.588935, 0.085663,
		50.281517, 55.138119, 52.643429>
	pigment { color rgbt <0,1,1,0> }
	no_shadow
}
cylinder {
	<50.258114, 54.282345, 52.506706>,  <49.718979, 54.725864, 52.583466>, 0.130000
	pigment { color rgbt <1,0,0,0> }
	no_shadow
}

// nucleotide -1

// particle -1
sphere {
	<50.258114, 54.282345, 52.506706> 0.250000
	pigment { color rgbt <1,0,0,0> }
	no_shadow
}
cylinder {
	<50.388351, 54.613430, 52.689522>,  <50.466496, 54.812080, 52.799210>, 0.100000
	pigment { color rgbt <1,0,0,0> }
	no_shadow
}
cylinder {
	<50.388351, 54.613430, 52.689522>,  <50.258114, 54.282345, 52.506706>, 0.100000
	pigment { color rgbt <1,0,0,0> }
	no_shadow
}

// particle -1
sphere {
	<50.388351, 54.613430, 52.689522> 0.100000
	pigment { color rgbt <1,0,0,0> }
	no_shadow
}
sphere {
	0, 1
	scale<0.080000,0.200000,0.300000>
	matrix <0.404973, -0.558875, 0.723640,
		0.854392, -0.050524, -0.517167,
		0.325593, 0.827711, 0.457038,
		50.486031, 54.861744, 52.826633>
	pigment { color rgbt <0,1,1,0> }
	no_shadow
}
cylinder {
	<50.988316, 54.374626, 52.427597>,  <50.258114, 54.282345, 52.506706>, 0.130000
	pigment { color rgbt <1,0,0,0> }
	no_shadow
}

// nucleotide -1

// particle -1
sphere {
	<50.988316, 54.374626, 52.427597> 0.250000
	pigment { color rgbt <1,0,0,0> }
	no_shadow
}
cylinder {
	<50.850212, 54.548630, 52.760239>,  <50.767349, 54.653034, 52.959824>, 0.100000
	pigment { color rgbt <1,0,0,0> }
	no_shadow
}
cylinder {
	<50.850212, 54.548630, 52.760239>,  <50.988316, 54.374626, 52.427597>, 0.100000
	pigment { color rgbt <1,0,0,0> }
	no_shadow
}

// particle -1
sphere {
	<50.850212, 54.548630, 52.760239> 0.100000
	pigment { color rgbt <1,0,0,0> }
	no_shadow
}
sphere {
	0, 1
	scale<0.080000,0.200000,0.300000>
	matrix <0.678941, -0.495987, 0.541328,
		0.647949, 0.751506, -0.124105,
		-0.345256, 0.435013, 0.831602,
		50.746635, 54.679134, 53.009720>
	pigment { color rgbt <0,1,1,0> }
	no_shadow
}
cylinder {
	<51.570229, 54.740341, 52.751369>,  <50.988316, 54.374626, 52.427597>, 0.130000
	pigment { color rgbt <1,0,0,0> }
	no_shadow
}

// nucleotide -1

// particle -1
sphere {
	<51.570229, 54.740341, 52.751369> 0.250000
	pigment { color rgbt <1,0,0,0> }
	no_shadow
}
cylinder {
	<51.322063, 54.608109, 53.035851>,  <51.173164, 54.528767, 53.206539>, 0.100000
	pigment { color rgbt <1,0,0,0> }
	no_shadow
}
cylinder {
	<51.322063, 54.608109, 53.035851>,  <51.570229, 54.740341, 52.751369>, 0.100000
	pigment { color rgbt <1,0,0,0> }
	no_shadow
}

// particle -1
sphere {
	<51.322063, 54.608109, 53.035851> 0.100000
	pigment { color rgbt <1,0,0,0> }
	no_shadow
}
sphere {
	0, 1
	scale<0.080000,0.200000,0.300000>
	matrix <0.782617, -0.201997, 0.588820,
		-0.050996, 0.921906, 0.384043,
		-0.620412, -0.330586, 0.711198,
		51.135941, 54.508934, 53.249210>
	pigment { color rgbt <0,1,1,0> }
	no_shadow
}
cylinder {
	<51.935776, 54.785099, 53.374424>,  <51.570229, 54.740341, 52.751369>, 0.130000
	pigment { color rgbt <1,0,0,0> }
	no_shadow
}

// nucleotide -1

// particle -1
sphere {
	<51.935776, 54.785099, 53.374424> 0.250000
	pigment { color rgbt <1,0,0,0> }
	no_shadow
}
cylinder {
	<51.621193, 54.567207, 53.490875>,  <51.432442, 54.436474, 53.560745>, 0.100000
	pigment { color rgbt <1,0,0,0> }
	no_shadow
}
cylinder {
	<51.621193, 54.567207, 53.490875>,  <51.935776, 54.785099, 53.374424>, 0.100000
	pigment { color rgbt <1,0,0,0> }
	no_shadow
}

// particle -1
sphere {
	<51.621193, 54.567207, 53.490875> 0.100000
	pigment { color rgbt <1,0,0,0> }
	no_shadow
}
sphere {
	0, 1
	scale<0.080000,0.200000,0.300000>
	matrix <0.565890, -0.446608, 0.693044,
		-0.247498, 0.709798, 0.659494,
		-0.786456, -0.544728, 0.291132,
		51.385258, 54.403790, 53.578217>
	pigment { color rgbt <0,1,1,0> }
	no_shadow
}
cylinder {
	<51.671219, 54.942665, 54.111877>,  <51.935776, 54.785099, 53.374424>, 0.130000
	pigment { color rgbt <1,0,0,0> }
	no_shadow
}

// nucleotide -1

// particle -1
sphere {
	<51.671219, 54.942665, 54.111877> 0.250000
	pigment { color rgbt <1,0,0,0> }
	no_shadow
}
cylinder {
	<51.597466, 54.558361, 54.028984>,  <51.553211, 54.327778, 53.979248>, 0.100000
	pigment { color rgbt <1,0,0,0> }
	no_shadow
}
cylinder {
	<51.597466, 54.558361, 54.028984>,  <51.671219, 54.942665, 54.111877>, 0.100000
	pigment { color rgbt <1,0,0,0> }
	no_shadow
}

// particle -1
sphere {
	<51.597466, 54.558361, 54.028984> 0.100000
	pigment { color rgbt <1,0,0,0> }
	no_shadow
}
sphere {
	0, 1
	scale<0.080000,0.200000,0.300000>
	matrix <0.586522, -0.276753, 0.761183,
		-0.788666, 0.018802, 0.614535,
		-0.184386, -0.960757, -0.207238,
		51.542149, 54.270134, 53.966812>
	pigment { color rgbt <0,1,1,0> }
	no_shadow
}
cylinder {
	<51.147099, 54.501022, 54.553413>,  <51.671219, 54.942665, 54.111877>, 0.130000
	pigment { color rgbt <1,0,0,0> }
	no_shadow
}

// nucleotide -1

// particle -1
sphere {
	<51.147099, 54.501022, 54.553413> 0.250000
	pigment { color rgbt <1,0,0,0> }
	no_shadow
}
cylinder {
	<51.461227, 54.314384, 54.390656>,  <51.649704, 54.202400, 54.293003>, 0.100000
	pigment { color rgbt <1,0,0,0> }
	no_shadow
}
cylinder {
	<51.461227, 54.314384, 54.390656>,  <51.147099, 54.501022, 54.553413>, 0.100000
	pigment { color rgbt <1,0,0,0> }
	no_shadow
}

// particle -1
sphere {
	<51.461227, 54.314384, 54.390656> 0.100000
	pigment { color rgbt <1,0,0,0> }
	no_shadow
}
sphere {
	0, 1
	scale<0.080000,0.200000,0.300000>
	matrix <0.441624, -0.038391, 0.896379,
		-0.433868, -0.883636, 0.175911,
