// switches for output
#declare DRAW_BASES = 1; // possible values are 0, 1; only relevant for DNA ribbons
#declare DRAW_BASES_TYPE = 3; // possible values are 1, 2, 3; only relevant for DNA ribbons
#declare DRAW_FOG = 0; // set to 1 to enable fog

#include "colors.inc"

#include "transforms.inc"
background { rgb <1, 1, 1>}

#default {
   normal{
       ripples 0.25
       frequency 0.20
       turbulence 0.2
       lambda 5
   }
	finish {
		phong 0.1
		phong_size 40.
	}
}

// original window dimensions: 1024x640


// camera settings

camera {
	sky <-0, 1, 0>
	up <-0, 1, 0>
	right 1.6 * <0.99995, 0, 0.00999983>
	location <54.4867, 55, 106.329>
	look_at <55, 55, 55.0001>
	direction <0.513302, 0, -51.3289>
	angle 67.0682
}


# declare cpy_camera_pos = <54.4867, 55, 106.329>;
# if (DRAW_FOG = 1)
fog {
	fog_type 2
	up vnormalize(cpy_camera_pos)
	color rgbt<1,1,1,0.3>
	distance 1e-5
	fog_alt 3e-3
	fog_offset 88
}
# end


// LIGHTS

# declare lum = 6;
global_settings {
	ambient_light rgb lum * <0.05, 0.05, 0.05>
	max_trace_level 15
}# declare cpy_direct_light_amount = 0.25;
light_source
{	1000 * <-0.98995, -1, 1.00995>,
	rgb lum * cpy_direct_light_amount
	parallel
}

light_source
{	1000 * <0.98995, 1, -1.00995>,
	rgb lum * cpy_direct_light_amount
	parallel
}

// strand 0

// nucleotide -1

// particle -1
sphere {
	<36.219898, 52.842670, 49.689819> 0.250000
	pigment { color rgbt <1,0,0,0> }
	no_shadow
}
cylinder {
	<36.394196, 53.185867, 49.798615>,  <36.498775, 53.391785, 49.863892>, 0.100000
	pigment { color rgbt <1,0,0,0> }
	no_shadow
}
cylinder {
	<36.394196, 53.185867, 49.798615>,  <36.219898, 52.842670, 49.689819>, 0.100000
	pigment { color rgbt <1,0,0,0> }
	no_shadow
}

// particle -1
sphere {
	<36.394196, 53.185867, 49.798615> 0.100000
	pigment { color rgbt <1,0,0,0> }
	no_shadow
}
sphere {
	0, 1
	scale<0.080000,0.200000,0.300000>
	matrix <0.899868, -0.408859, -0.151897,
		-0.019121, 0.310943, -0.950236,
		0.435744, 0.857991, 0.271989,
		36.524918, 53.443264, 49.880211>
	pigment { color rgbt <0,1,1,0> }
	no_shadow
}
cylinder {
	<36.564190, 53.244980, 49.085449>,  <36.219898, 52.842670, 49.689819>, 0.130000
	pigment { color rgbt <1,0,0,0> }
	no_shadow
}

// nucleotide -1

// particle -1
sphere {
	<36.564190, 53.244980, 49.085449> 0.250000
	pigment { color rgbt <1,0,0,0> }
	no_shadow
}
cylinder {
	<36.707470, 53.152870, 49.447372>,  <36.793438, 53.097607, 49.664524>, 0.100000
	pigment { color rgbt <1,0,0,0> }
	no_shadow
}
cylinder {
	<36.707470, 53.152870, 49.447372>,  <36.564190, 53.244980, 49.085449>, 0.100000
	pigment { color rgbt <1,0,0,0> }
	no_shadow
}

// particle -1
sphere {
	<36.707470, 53.152870, 49.447372> 0.100000
	pigment { color rgbt <1,0,0,0> }
	no_shadow
}
sphere {
	0, 1
	scale<0.080000,0.200000,0.300000>
	matrix <0.638152, -0.647012, -0.417298,
		0.681511, 0.726877, -0.084808,
		0.358196, -0.230272, 0.904804,
		36.814930, 53.083790, 49.718815>
	pigment { color rgbt <0,1,1,0> }
	no_shadow
}
cylinder {
	<37.297710, 53.298180, 49.062294>,  <36.564190, 53.244980, 49.085449>, 0.130000
	pigment { color rgbt <1,0,0,0> }
	no_shadow
}

// nucleotide -1

// particle -1
sphere {
	<37.297710, 53.298180, 49.062294> 0.250000
	pigment { color rgbt <1,0,0,0> }
	no_shadow
}
cylinder {
	<37.226940, 53.053623, 49.370811>,  <37.184479, 52.906887, 49.555923>, 0.100000
	pigment { color rgbt <1,0,0,0> }
	no_shadow
}
cylinder {
	<37.226940, 53.053623, 49.370811>,  <37.297710, 53.298180, 49.062294>, 0.100000
	pigment { color rgbt <1,0,0,0> }
	no_shadow
}

// particle -1
sphere {
	<37.226940, 53.053623, 49.370811> 0.100000
	pigment { color rgbt <1,0,0,0> }
	no_shadow
}
sphere {
	0, 1
	scale<0.080000,0.200000,0.300000>
	matrix <0.746607, -0.593991, -0.299587,
		0.641308, 0.522851, 0.561561,
		-0.176923, -0.611394, 0.771295,
		37.173862, 52.870205, 49.602200>
	pigment { color rgbt <0,1,1,0> }
	no_shadow
}
cylinder {
	<37.921211, 53.011322, 49.022228>,  <37.297710, 53.298180, 49.062294>, 0.130000
	pigment { color rgbt <1,0,0,0> }
	no_shadow
}

// nucleotide -1

// particle -1
sphere {
	<37.921211, 53.011322, 49.022228> 0.250000
	pigment { color rgbt <1,0,0,0> }
	no_shadow
}
cylinder {
	<37.652958, 52.771107, 49.196404>,  <37.492004, 52.626980, 49.300911>, 0.100000
	pigment { color rgbt <1,0,0,0> }
	no_shadow
}
cylinder {
	<37.652958, 52.771107, 49.196404>,  <37.921211, 53.011322, 49.022228>, 0.100000
	pigment { color rgbt <1,0,0,0> }
	no_shadow
}

// particle -1
sphere {
	<37.652958, 52.771107, 49.196404> 0.100000
	pigment { color rgbt <1,0,0,0> }
	no_shadow
}
sphere {
	0, 1
	scale<0.080000,0.200000,0.300000>
	matrix <0.421494, -0.791543, -0.442496,
		0.610406, -0.113216, 0.783956,
		-0.670632, -0.600535, 0.435442,
		37.451767, 52.590946, 49.327038>
	pigment { color rgbt <0,1,1,0> }
	no_shadow
}
cylinder {
	<38.470798, 53.491451, 48.690411>,  <37.921211, 53.011322, 49.022228>, 0.130000
	pigment { color rgbt <1,0,0,0> }
	no_shadow
}

// nucleotide -1

// particle -1
sphere {
	<38.470798, 53.491451, 48.690411> 0.250000
	pigment { color rgbt <1,0,0,0> }
	no_shadow
}
cylinder {
	<38.073441, 53.504299, 48.734486>,  <37.835026, 53.512009, 48.760929>, 0.100000
	pigment { color rgbt <1,0,0,0> }
	no_shadow
}
cylinder {
	<38.073441, 53.504299, 48.734486>,  <38.470798, 53.491451, 48.690411>, 0.100000
	pigment { color rgbt <1,0,0,0> }
	no_shadow
}

// particle -1
sphere {
	<38.073441, 53.504299, 48.734486> 0.100000
	pigment { color rgbt <1,0,0,0> }
	no_shadow
}
sphere {
	0, 1
	scale<0.080000,0.200000,0.300000>
	matrix <0.059930, 0.963938, 0.259290,
		-0.097881, 0.264180, -0.959494,
		-0.993392, 0.032123, 0.110184,
		37.775421, 53.513935, 48.767540>
	pigment { color rgbt <0,1,1,0> }
	no_shadow
}
cylinder {
	<38.058308, 53.440422, 48.141827>,  <38.470798, 53.491451, 48.690411>, 0.130000
	pigment { color rgbt <1,0,0,0> }
	no_shadow
}

// nucleotide -1

// particle -1
sphere {
	<38.058308, 53.440422, 48.141827> 0.250000
	pigment { color rgbt <1,0,0,0> }
	no_shadow
}
cylinder {
	<38.426006, 53.327164, 48.032421>,  <38.646626, 53.259209, 47.966778>, 0.100000
	pigment { color rgbt <1,0,0,0> }
	no_shadow
}
cylinder {
	<38.426006, 53.327164, 48.032421>,  <38.058308, 53.440422, 48.141827>, 0.100000
	pigment { color rgbt <1,0,0,0> }
	no_shadow
}

// particle -1
sphere {
	<38.426006, 53.327164, 48.032421> 0.100000
	pigment { color rgbt <1,0,0,0> }
	no_shadow
}
sphere {
	0, 1
	scale<0.080000,0.200000,0.300000>
	matrix <-0.333070, -0.188998, -0.923766,
		0.209867, 0.940271, -0.268043,
		0.919250, -0.283146, -0.273512,
		38.701782, 53.242222, 47.950367>
	pigment { color rgbt <0,1,1,0> }
	no_shadow
}
cylinder {
	<38.120865, 53.643581, 47.463726>,  <38.058308, 53.440422, 48.141827>, 0.130000
	pigment { color rgbt <1,0,0,0> }
	no_shadow
}

// nucleotide -1

// particle -1
sphere {
	<38.120865, 53.643581, 47.463726> 0.250000
	pigment { color rgbt <1,0,0,0> }
	no_shadow
}
cylinder {
	<38.420849, 53.383377, 47.511711>,  <38.600838, 53.227253, 47.540504>, 0.100000
	pigment { color rgbt <1,0,0,0> }
	no_shadow
}
cylinder {
	<38.420849, 53.383377, 47.511711>,  <38.120865, 53.643581, 47.463726>, 0.100000
	pigment { color rgbt <1,0,0,0> }
	no_shadow
}

// particle -1
sphere {
	<38.420849, 53.383377, 47.511711> 0.100000
	pigment { color rgbt <1,0,0,0> }
	no_shadow
}
sphere {
	0, 1
	scale<0.080000,0.200000,0.300000>
	matrix <-0.231763, -0.428268, -0.873426,
		0.619552, 0.627231, -0.471949,
		0.749961, -0.650513, 0.119966,
		38.645836, 53.188225, 47.547703>
	pigment { color rgbt <0,1,1,0> }
	no_shadow
}
cylinder {
	<38.554245, 53.688702, 46.882694>,  <38.120865, 53.643581, 47.463726>, 0.130000
	pigment { color rgbt <1,0,0,0> }
	no_shadow
}

// nucleotide -1

// particle -1
sphere {
	<38.554245, 53.688702, 46.882694> 0.250000
	pigment { color rgbt <1,0,0,0> }
	no_shadow
}
cylinder {
	<38.550117, 53.333420, 47.066429>,  <38.547642, 53.120251, 47.176670>, 0.100000
	pigment { color rgbt <1,0,0,0> }
	no_shadow
}
cylinder {
	<38.550117, 53.333420, 47.066429>,  <38.554245, 53.688702, 46.882694>, 0.100000
	pigment { color rgbt <1,0,0,0> }
	no_shadow
}

// particle -1
sphere {
	<38.550117, 53.333420, 47.066429> 0.100000
	pigment { color rgbt <1,0,0,0> }
	no_shadow
}
sphere {
	0, 1
	scale<0.080000,0.200000,0.300000>
	matrix <-0.085933, -0.456874, -0.885371,
		0.996248, -0.048610, -0.071610,
		-0.010321, -0.888203, 0.459336,
		38.547020, 53.066959, 47.204231>
	pigment { color rgbt <0,1,1,0> }
	no_shadow
}
cylinder {
	<39.143265, 53.381760, 46.607132>,  <38.554245, 53.688702, 46.882694>, 0.130000
	pigment { color rgbt <1,0,0,0> }
	no_shadow
}

// nucleotide -1

// particle -1
sphere {
	<39.143265, 53.381760, 46.607132> 0.250000
	pigment { color rgbt <1,0,0,0> }
	no_shadow
}
cylinder {
	<38.852768, 53.130142, 46.718033>,  <38.678471, 52.979172, 46.784573>, 0.100000
	pigment { color rgbt <1,0,0,0> }
	no_shadow
}
cylinder {
	<38.852768, 53.130142, 46.718033>,  <39.143265, 53.381760, 46.607132>, 0.100000
	pigment { color rgbt <1,0,0,0> }
	no_shadow
}

// particle -1
sphere {
	<38.852768, 53.130142, 46.718033> 0.100000
	pigment { color rgbt <1,0,0,0> }
	no_shadow
}
sphere {
	0, 1
	scale<0.080000,0.200000,0.300000>
	matrix <-0.029543, -0.374381, -0.926804,
		0.686802, -0.681276, 0.253308,
		-0.726243, -0.629048, 0.277253,
		38.634895, 52.941429, 46.801208>
	pigment { color rgbt <0,1,1,0> }
	no_shadow
}
cylinder {
	<39.130001, 52.583725, 46.446842>,  <39.143265, 53.381760, 46.607132>, 0.130000
	pigment { color rgbt <1,0,0,0> }
	no_shadow
}

// nucleotide -1

// particle -1
sphere {
	<39.130001, 52.583725, 46.446842> 0.250000
	pigment { color rgbt <1,0,0,0> }
	no_shadow
}
cylinder {
	<38.740795, 52.653595, 46.507156>,  <38.507271, 52.695518, 46.543343>, 0.100000
	pigment { color rgbt <1,0,0,0> }
	no_shadow
}
cylinder {
	<38.740795, 52.653595, 46.507156>,  <39.130001, 52.583725, 46.446842>, 0.100000
	pigment { color rgbt <1,0,0,0> }
	no_shadow
}

// particle -1
sphere {
	<38.740795, 52.653595, 46.507156> 0.100000
	pigment { color rgbt <1,0,0,0> }
	no_shadow
}
sphere {
	0, 1
	scale<0.080000,0.200000,0.300000>
	matrix <-0.230134, -0.686750, -0.689502,
		-0.016890, -0.705594, 0.708415,
		-0.973012, 0.174676, 0.150782,
		38.448891, 52.705997, 46.552391>
	pigment { color rgbt <0,1,1,0> }
	no_shadow
}
cylinder {
	<39.133026, 52.091446, 47.050709>,  <39.130001, 52.583725, 46.446842>, 0.130000
	pigment { color rgbt <1,0,0,0> }
	no_shadow
}

// nucleotide -1

// particle -1
sphere {
	<39.133026, 52.091446, 47.050709> 0.250000
	pigment { color rgbt <1,0,0,0> }
	no_shadow
}
cylinder {
	<39.016499, 51.872849, 46.736645>,  <38.946583, 51.741692, 46.548206>, 0.100000
	pigment { color rgbt <1,0,0,0> }
	no_shadow
}
cylinder {
	<39.016499, 51.872849, 46.736645>,  <39.133026, 52.091446, 47.050709>, 0.100000
	pigment { color rgbt <1,0,0,0> }
	no_shadow
}

// particle -1
sphere {
	<39.016499, 51.872849, 46.736645> 0.100000
	pigment { color rgbt <1,0,0,0> }
	no_shadow
}
sphere {
	0, 1
	scale<0.080000,0.200000,0.300000>
	matrix <0.939801, -0.316748, -0.128234,
		-0.178619, -0.775251, 0.605872,
		-0.291322, -0.546495, -0.785159,
		38.929100, 51.708900, 46.501099>
	pigment { color rgbt <0,1,1,0> }
	no_shadow
}
cylinder {
	<39.410603, 51.973022, 47.690300>,  <39.133026, 52.091446, 47.050709>, 0.130000
	pigment { color rgbt <1,0,0,0> }
	no_shadow
}

// nucleotide -1

// particle -1
sphere {
	<39.410603, 51.973022, 47.690300> 0.250000
	pigment { color rgbt <1,0,0,0> }
	no_shadow
}
cylinder {
	<39.722183, 51.724270, 47.722530>,  <39.909130, 51.575016, 47.741867>, 0.100000
	pigment { color rgbt <1,0,0,0> }
	no_shadow
}
cylinder {
	<39.722183, 51.724270, 47.722530>,  <39.410603, 51.973022, 47.690300>, 0.100000
	pigment { color rgbt <1,0,0,0> }
	no_shadow
}

// particle -1
sphere {
	<39.722183, 51.724270, 47.722530> 0.100000
	pigment { color rgbt <1,0,0,0> }
	no_shadow
}
sphere {
	0, 1
	scale<0.080000,0.200000,0.300000>
	matrix <0.371246, 0.560884, 0.739991,
		-0.505381, -0.546505, 0.667774,
		0.778952, -0.621885, 0.080572,
		39.955868, 51.537704, 47.746700>
	pigment { color rgbt <0,1,1,0> }
	no_shadow
}
cylinder {
	<39.800922, 52.342178, 48.161018>,  <39.410603, 51.973022, 47.690300>, 0.130000
	pigment { color rgbt <1,0,0,0> }
	no_shadow
}

// nucleotide -1

// particle -1
sphere {
	<39.800922, 52.342178, 48.161018> 0.250000
	pigment { color rgbt <1,0,0,0> }
	no_shadow
}
cylinder {
	<40.043755, 52.049129, 48.037918>,  <40.189453, 51.873299, 47.964058>, 0.100000
	pigment { color rgbt <1,0,0,0> }
	no_shadow
}
cylinder {
	<40.043755, 52.049129, 48.037918>,  <39.800922, 52.342178, 48.161018>, 0.100000
	pigment { color rgbt <1,0,0,0> }
	no_shadow
}

// particle -1
sphere {
	<40.043755, 52.049129, 48.037918> 0.100000
	pigment { color rgbt <1,0,0,0> }
	no_shadow
}
sphere {
	0, 1
	scale<0.080000,0.200000,0.300000>
	matrix <0.719035, 0.341583, 0.605236,
		-0.338287, -0.588714, 0.734151,
		0.607084, -0.732624, -0.307752,
		40.225880, 51.829342, 47.945591>
	pigment { color rgbt <0,1,1,0> }
	no_shadow
}
cylinder {
	<39.981140, 51.908978, 48.672932>,  <39.800922, 52.342178, 48.161018>, 0.130000
	pigment { color rgbt <1,0,0,0> }
	no_shadow
}

// nucleotide -1

// particle -1
sphere {
	<39.981140, 51.908978, 48.672932> 0.250000
	pigment { color rgbt <1,0,0,0> }
	no_shadow
}
cylinder {
	<40.271942, 51.930153, 48.399094>,  <40.446423, 51.942860, 48.234791>, 0.100000
	pigment { color rgbt <1,0,0,0> }
	no_shadow
}
cylinder {
	<40.271942, 51.930153, 48.399094>,  <39.981140, 51.908978, 48.672932>, 0.100000
	pigment { color rgbt <1,0,0,0> }
	no_shadow
}

// particle -1
sphere {
	<40.271942, 51.930153, 48.399094> 0.100000
	pigment { color rgbt <1,0,0,0> }
	no_shadow
}
sphere {
	0, 1
	scale<0.080000,0.200000,0.300000>
	matrix <0.611449, 0.403708, 0.680551,
		0.312405, -0.913355, 0.261124,
		0.727003, 0.052944, -0.684591,
		40.490044, 51.946037, 48.193718>
	pigment { color rgbt <0,1,1,0> }
	no_shadow
}
cylinder {
	<40.495190, 51.529842, 48.941341>,  <39.981140, 51.908978, 48.672932>, 0.130000
	pigment { color rgbt <1,0,0,0> }
	no_shadow
}

// nucleotide -1

// particle -1
sphere {
	<40.495190, 51.529842, 48.941341> 0.250000
	pigment { color rgbt <1,0,0,0> }
	no_shadow
}
cylinder {
	<40.663124, 51.801498, 48.700508>,  <40.763885, 51.964493, 48.556007>, 0.100000
	pigment { color rgbt <1,0,0,0> }
	no_shadow
}
cylinder {
	<40.663124, 51.801498, 48.700508>,  <40.495190, 51.529842, 48.941341>, 0.100000
	pigment { color rgbt <1,0,0,0> }
	no_shadow
}

// particle -1
sphere {
	<40.663124, 51.801498, 48.700508> 0.100000
	pigment { color rgbt <1,0,0,0> }
	no_shadow
}
sphere {
	0, 1
	scale<0.080000,0.200000,0.300000>
	matrix <0.568411, 0.320426, 0.757784,
		0.707566, -0.660376, -0.251505,
		0.419834, 0.679140, -0.602087,
		40.789074, 52.005241, 48.519882>
	pigment { color rgbt <0,1,1,0> }
	no_shadow
}
cylinder {
	<41.129230, 51.367783, 48.663483>,  <40.495190, 51.529842, 48.941341>, 0.130000
	pigment { color rgbt <1,0,0,0> }
	no_shadow
}

// nucleotide -1

// particle -1
sphere {
	<41.129230, 51.367783, 48.663483> 0.250000
	pigment { color rgbt <1,0,0,0> }
	no_shadow
}
cylinder {
	<41.084869, 51.760502, 48.725147>,  <41.058250, 51.996136, 48.762146>, 0.100000
	pigment { color rgbt <1,0,0,0> }
	no_shadow
}
cylinder {
	<41.084869, 51.760502, 48.725147>,  <41.129230, 51.367783, 48.663483>, 0.100000
	pigment { color rgbt <1,0,0,0> }
	no_shadow
}

// particle -1
sphere {
	<41.084869, 51.760502, 48.725147> 0.100000
	pigment { color rgbt <1,0,0,0> }
	no_shadow
}
sphere {
	0, 1
	scale<0.080000,0.200000,0.300000>
	matrix <0.680983, -0.037904, 0.731317,
		0.723852, 0.186086, -0.664387,
		-0.110905, 0.981802, 0.154158,
		41.051598, 52.055042, 48.771393>
	pigment { color rgbt <0,1,1,0> }
	no_shadow
}
cylinder {
	<41.671600, 51.977848, 48.512909>,  <41.129230, 51.367783, 48.663483>, 0.130000
	pigment { color rgbt <1,0,0,0> }
	no_shadow
}

// nucleotide -1

// particle -1
sphere {
	<41.671600, 51.977848, 48.512909> 0.250000
	pigment { color rgbt <1,0,0,0> }
	no_shadow
}
cylinder {
	<41.444439, 52.038143, 48.836578>,  <41.308144, 52.074322, 49.030781>, 0.100000
	pigment { color rgbt <1,0,0,0> }
	no_shadow
}
cylinder {
	<41.444439, 52.038143, 48.836578>,  <41.671600, 51.977848, 48.512909>, 0.100000
	pigment { color rgbt <1,0,0,0> }
	no_shadow
}

// particle -1
sphere {
	<41.444439, 52.038143, 48.836578> 0.100000
	pigment { color rgbt <1,0,0,0> }
	no_shadow
}
sphere {
	0, 1
	scale<0.080000,0.200000,0.300000>
	matrix <0.777242, -0.225335, 0.587468,
		0.270891, 0.962549, 0.010806,
		-0.567902, 0.150741, 0.809176,
		41.274067, 52.083366, 49.079330>
	pigment { color rgbt <0,1,1,0> }
	no_shadow
}
cylinder {
	<41.734962, 52.009323, 49.167805>,  <41.671600, 51.977848, 48.512909>, 0.130000
	pigment { color rgbt <1,0,0,0> }
	no_shadow
}

// nucleotide -1

// particle -1
sphere {
	<41.734962, 52.009323, 49.167805> 0.250000
	pigment { color rgbt <1,0,0,0> }
	no_shadow
}
cylinder {
	<41.924099, 52.066223, 49.515640>,  <42.037582, 52.100365, 49.724342>, 0.100000
	pigment { color rgbt <1,0,0,0> }
	no_shadow
}
cylinder {
	<41.924099, 52.066223, 49.515640>,  <41.734962, 52.009323, 49.167805>, 0.100000
	pigment { color rgbt <1,0,0,0> }
	no_shadow
}

// particle -1
sphere {
	<41.924099, 52.066223, 49.515640> 0.100000
	pigment { color rgbt <1,0,0,0> }
	no_shadow
}
sphere {
	0, 1
	scale<0.080000,0.200000,0.300000>
	matrix <0.880884, -0.052201, -0.470444,
		-0.021528, 0.988453, -0.149991,
		0.472841, 0.142252, 0.869589,
		42.065952, 52.108898, 49.776516>
	pigment { color rgbt <0,1,1,0> }
	no_shadow
}
cylinder {
	<42.314449, 52.541882, 49.174667>,  <41.734962, 52.009323, 49.167805>, 0.130000
	pigment { color rgbt <1,0,0,0> }
	no_shadow
}

// nucleotide -1

// particle -1
sphere {
	<42.314449, 52.541882, 49.174667> 0.250000
	pigment { color rgbt <1,0,0,0> }
	no_shadow
}
cylinder {
	<42.396378, 52.260742, 49.447151>,  <42.445534, 52.092056, 49.610641>, 0.100000
	pigment { color rgbt <1,0,0,0> }
	no_shadow
}
cylinder {
	<42.396378, 52.260742, 49.447151>,  <42.314449, 52.541882, 49.174667>, 0.100000
	pigment { color rgbt <1,0,0,0> }
	no_shadow
}

// particle -1
sphere {
	<42.396378, 52.260742, 49.447151> 0.100000
	pigment { color rgbt <1,0,0,0> }
	no_shadow
}
sphere {
	0, 1
	scale<0.080000,0.200000,0.300000>
	matrix <0.907982, -0.123472, -0.400404,
		0.365535, 0.700538, 0.612888,
		0.204823, -0.702853, 0.681209,
		42.457825, 52.049885, 49.651512>
	pigment { color rgbt <0,1,1,0> }
	no_shadow
}
cylinder {
	<42.993160, 52.645985, 49.278488>,  <42.314449, 52.541882, 49.174667>, 0.130000
	pigment { color rgbt <1,0,0,0> }
	no_shadow
}

// nucleotide -1

// particle -1
sphere {
	<42.993160, 52.645985, 49.278488> 0.250000
	pigment { color rgbt <1,0,0,0> }
	no_shadow
}
cylinder {
	<42.926662, 52.275726, 49.414455>,  <42.886765, 52.053570, 49.496037>, 0.100000
	pigment { color rgbt <1,0,0,0> }
	no_shadow
}
cylinder {
	<42.926662, 52.275726, 49.414455>,  <42.993160, 52.645985, 49.278488>, 0.100000
	pigment { color rgbt <1,0,0,0> }
	no_shadow
}

// particle -1
sphere {
	<42.926662, 52.275726, 49.414455> 0.100000
	pigment { color rgbt <1,0,0,0> }
	no_shadow
}
sphere {
	0, 1
	scale<0.080000,0.200000,0.300000>
	matrix <0.883901, -0.292693, -0.364760,
		0.437129, 0.239814, 0.866838,
		-0.166243, -0.925646, 0.339916,
		42.876789, 51.998032, 49.516430>
	pigment { color rgbt <0,1,1,0> }
	no_shadow
}
cylinder {
	<43.621510, 52.418652, 49.671638>,  <42.993160, 52.645985, 49.278488>, 0.130000
	pigment { color rgbt <1,0,0,0> }
	no_shadow
}

// nucleotide -1

// particle -1
sphere {
	<43.621510, 52.418652, 49.671638> 0.250000
	pigment { color rgbt <1,0,0,0> }
	no_shadow
}
cylinder {
	<43.436802, 52.123600, 49.474594>,  <43.325977, 51.946568, 49.356365>, 0.100000
	pigment { color rgbt <1,0,0,0> }
	no_shadow
}
cylinder {
	<43.436802, 52.123600, 49.474594>,  <43.621510, 52.418652, 49.671638>, 0.100000
	pigment { color rgbt <1,0,0,0> }
	no_shadow
}

// particle -1
sphere {
	<43.436802, 52.123600, 49.474594> 0.100000
	pigment { color rgbt <1,0,0,0> }
	no_shadow
}
sphere {
	0, 1
	scale<0.080000,0.200000,0.300000>
	matrix <0.852767, -0.216388, -0.475357,
		0.244043, -0.639590, 0.728950,
		-0.461770, -0.737632, -0.492613,
		43.298271, 51.902309, 49.326809>
	pigment { color rgbt <0,1,1,0> }
	no_shadow
}
cylinder {
	<44.146969, 52.649197, 50.245522>,  <43.621510, 52.418652, 49.671638>, 0.130000
	pigment { color rgbt <1,0,0,0> }
	no_shadow
}

// nucleotide -1

// particle -1
sphere {
	<44.146969, 52.649197, 50.245522> 0.250000
	pigment { color rgbt <1,0,0,0> }
	no_shadow
}
cylinder {
	<43.900471, 52.884464, 50.036026>,  <43.752571, 53.025623, 49.910328>, 0.100000
	pigment { color rgbt <1,0,0,0> }
	no_shadow
}
cylinder {
	<43.900471, 52.884464, 50.036026>,  <44.146969, 52.649197, 50.245522>, 0.100000
	pigment { color rgbt <1,0,0,0> }
	no_shadow
}

// particle -1
sphere {
	<43.900471, 52.884464, 50.036026> 0.100000
	pigment { color rgbt <1,0,0,0> }
	no_shadow
}
sphere {
	0, 1
	scale<0.080000,0.200000,0.300000>
	matrix <0.315299, 0.793651, 0.520294,
		0.721686, 0.155493, -0.674531,
		-0.616244, 0.588167, -0.523740,
		43.715599, 53.060913, 49.878902>
	pigment { color rgbt <0,1,1,0> }
	no_shadow
}
cylinder {
	<44.497677, 53.200752, 50.018211>,  <44.146969, 52.649197, 50.245522>, 0.130000
	pigment { color rgbt <1,0,0,0> }
	no_shadow
}

// nucleotide -1

// particle -1
sphere {
	<44.497677, 53.200752, 50.018211> 0.250000
	pigment { color rgbt <1,0,0,0> }
	no_shadow
}
cylinder {
	<44.107117, 53.285587, 50.034485>,  <43.872780, 53.336487, 50.044250>, 0.100000
	pigment { color rgbt <1,0,0,0> }
	no_shadow
}
cylinder {
	<44.107117, 53.285587, 50.034485>,  <44.497677, 53.200752, 50.018211>, 0.100000
	pigment { color rgbt <1,0,0,0> }
	no_shadow
}

// particle -1
sphere {
	<44.107117, 53.285587, 50.034485> 0.100000
	pigment { color rgbt <1,0,0,0> }
	no_shadow
}
sphere {
	0, 1
	scale<0.080000,0.200000,0.300000>
	matrix <0.179509, 0.692363, 0.698863,
		0.120053, 0.689675, -0.714097,
		-0.976403, 0.212088, 0.040683,
		43.814198, 53.349213, 50.046688>
	pigment { color rgbt <0,1,1,0> }
	no_shadow
}
cylinder {
	<44.974308, 53.676197, 50.227806>,  <44.497677, 53.200752, 50.018211>, 0.130000
	pigment { color rgbt <1,0,0,0> }
	no_shadow
}

// nucleotide -1

// particle -1
sphere {
	<44.974308, 53.676197, 50.227806> 0.250000
	pigment { color rgbt <1,0,0,0> }
	no_shadow
}
cylinder {
	<45.033440, 53.280720, 50.237854>,  <45.068916, 53.043434, 50.243881>, 0.100000
	pigment { color rgbt <1,0,0,0> }
	no_shadow
}
cylinder {
	<45.033440, 53.280720, 50.237854>,  <44.974308, 53.676197, 50.227806>, 0.100000
	pigment { color rgbt <1,0,0,0> }
	no_shadow
}

// particle -1
sphere {
	<45.033440, 53.280720, 50.237854> 0.100000
	pigment { color rgbt <1,0,0,0> }
	no_shadow
}
sphere {
	0, 1
	scale<0.080000,0.200000,0.300000>
	matrix <0.974894, 0.149944, 0.164615,
		-0.166520, 0.000153, 0.986038,
		0.147826, -0.988694, 0.025117,
		45.077785, 52.984112, 50.245388>
	pigment { color rgbt <0,1,1,0> }
	no_shadow
}
cylinder {
	<45.454369, 53.602676, 50.834148>,  <44.974308, 53.676197, 50.227806>, 0.130000
	pigment { color rgbt <1,0,0,0> }
	no_shadow
}

// nucleotide -1

// particle -1
sphere {
	<45.454369, 53.602676, 50.834148> 0.250000
	pigment { color rgbt <1,0,0,0> }
	no_shadow
}
cylinder {
	<45.459152, 53.296505, 50.576782>,  <45.462021, 53.112804, 50.422363>, 0.100000
	pigment { color rgbt <1,0,0,0> }
	no_shadow
}
cylinder {
	<45.459152, 53.296505, 50.576782>,  <45.454369, 53.602676, 50.834148>, 0.100000
	pigment { color rgbt <1,0,0,0> }
	no_shadow
}

// particle -1
sphere {
	<45.459152, 53.296505, 50.576782> 0.100000
	pigment { color rgbt <1,0,0,0> }
	no_shadow
}
sphere {
	0, 1
	scale<0.080000,0.200000,0.300000>
	matrix <0.997819, -0.032637, 0.057370,
		-0.064911, -0.642696, 0.763366,
		0.011957, -0.765426, -0.643413,
		45.462738, 53.066875, 50.383759>
	pigment { color rgbt <0,1,1,0> }
	no_shadow
}
cylinder {
	<45.720852, 52.987659, 51.157490>,  <45.454369, 53.602676, 50.834148>, 0.130000
	pigment { color rgbt <1,0,0,0> }
	no_shadow
}

// nucleotide -1

// particle -1
sphere {
	<45.720852, 52.987659, 51.157490> 0.250000
	pigment { color rgbt <1,0,0,0> }
	no_shadow
}
cylinder {
	<45.770962, 53.006359, 50.761082>,  <45.801025, 53.017578, 50.523235>, 0.100000
	pigment { color rgbt <1,0,0,0> }
	no_shadow
}
cylinder {
	<45.770962, 53.006359, 50.761082>,  <45.720852, 52.987659, 51.157490>, 0.100000
	pigment { color rgbt <1,0,0,0> }
	no_shadow
}

// particle -1
sphere {
	<45.770962, 53.006359, 50.761082> 0.100000
	pigment { color rgbt <1,0,0,0> }
	no_shadow
}
sphere {
	0, 1
	scale<0.080000,0.200000,0.300000>
	matrix <0.991147, -0.050182, 0.122919,
		-0.043985, -0.997645, -0.052620,
		0.125270, 0.046748, -0.991021,
		45.808544, 53.020382, 50.463776>
	pigment { color rgbt <0,1,1,0> }
	no_shadow
}
cylinder {
	<46.098866, 52.371132, 50.944672>,  <45.720852, 52.987659, 51.157490>, 0.130000
	pigment { color rgbt <1,0,0,0> }
	no_shadow
}

// nucleotide -1

// particle -1
sphere {
	<46.098866, 52.371132, 50.944672> 0.250000
	pigment { color rgbt <1,0,0,0> }
	no_shadow
}
cylinder {
	<46.129906, 52.630028, 50.641342>,  <46.148529, 52.785366, 50.459343>, 0.100000
	pigment { color rgbt <1,0,0,0> }
	no_shadow
}
cylinder {
	<46.129906, 52.630028, 50.641342>,  <46.098866, 52.371132, 50.944672>, 0.100000
	pigment { color rgbt <1,0,0,0> }
	no_shadow
}

// particle -1
sphere {
	<46.129906, 52.630028, 50.641342> 0.100000
	pigment { color rgbt <1,0,0,0> }
	no_shadow
}
sphere {
	0, 1
	scale<0.080000,0.200000,0.300000>
	matrix <0.958445, -0.257866, -0.122015,
		-0.274520, -0.717345, -0.640356,
		0.077599, 0.647241, -0.758325,
		46.153187, 52.824200, 50.413845>
	pigment { color rgbt <0,1,1,0> }
	no_shadow
}
cylinder {
	<46.286907, 51.997524, 50.234245>,  <46.098866, 52.371132, 50.944672>, 0.130000
	pigment { color rgbt <1,0,0,0> }
	no_shadow
}

// nucleotide -1

// particle -1
sphere {
	<46.286907, 51.997524, 50.234245> 0.250000
	pigment { color rgbt <1,0,0,0> }
	no_shadow
}
cylinder {
	<46.389362, 52.384014, 50.245613>,  <46.450836, 52.615906, 50.252434>, 0.100000
	pigment { color rgbt <1,0,0,0> }
	no_shadow
}
cylinder {
	<46.389362, 52.384014, 50.245613>,  <46.286907, 51.997524, 50.234245>, 0.100000
	pigment { color rgbt <1,0,0,0> }
	no_shadow
}

// particle -1
sphere {
	<46.389362, 52.384014, 50.245613> 0.100000
	pigment { color rgbt <1,0,0,0> }
	no_shadow
}
sphere {
	0, 1
	scale<0.080000,0.200000,0.300000>
	matrix <0.926564, -0.237039, -0.292046,
		-0.275445, 0.101138, -0.955982,
		0.256142, 0.966221, 0.028420,
		46.466206, 52.673882, 50.254139>
	pigment { color rgbt <0,1,1,0> }
	no_shadow
}
cylinder {
	<46.674709, 52.105404, 49.664783>,  <46.286907, 51.997524, 50.234245>, 0.130000
	pigment { color rgbt <1,0,0,0> }
	no_shadow
}

// nucleotide -1

// particle -1
sphere {
	<46.674709, 52.105404, 49.664783> 0.250000
	pigment { color rgbt <1,0,0,0> }
	no_shadow
}
cylinder {
	<46.767696, 52.379868, 49.940506>,  <46.823490, 52.544544, 50.105942>, 0.100000
	pigment { color rgbt <1,0,0,0> }
	no_shadow
}
cylinder {
	<46.767696, 52.379868, 49.940506>,  <46.674709, 52.105404, 49.664783>, 0.100000
	pigment { color rgbt <1,0,0,0> }
	no_shadow
}

// particle -1
sphere {
	<46.767696, 52.379868, 49.940506> 0.100000
	pigment { color rgbt <1,0,0,0> }
	no_shadow
}
sphere {
	0, 1
	scale<0.080000,0.200000,0.300000>
	matrix <0.969531, -0.107198, -0.220271,
		-0.077248, 0.719512, -0.690170,
		0.232472, 0.686157, 0.689308,
		46.837437, 52.585716, 50.147297>
	pigment { color rgbt <0,1,1,0> }
	no_shadow
}
cylinder {
	<47.358517, 52.130096, 49.643951>,  <46.674709, 52.105404, 49.664783>, 0.130000
	pigment { color rgbt <1,0,0,0> }
	no_shadow
}

// nucleotide -1

// particle -1
sphere {
	<47.358517, 52.130096, 49.643951> 0.250000
	pigment { color rgbt <1,0,0,0> }
	no_shadow
}
cylinder {
	<47.315605, 52.437870, 49.895813>,  <47.289860, 52.622532, 50.046932>, 0.100000
	pigment { color rgbt <1,0,0,0> }
	no_shadow
}
cylinder {
	<47.315605, 52.437870, 49.895813>,  <47.358517, 52.130096, 49.643951>, 0.100000
	pigment { color rgbt <1,0,0,0> }
	no_shadow
}

// particle -1
sphere {
	<47.315605, 52.437870, 49.895813> 0.100000
	pigment { color rgbt <1,0,0,0> }
	no_shadow
}
sphere {
	0, 1
	scale<0.080000,0.200000,0.300000>
	matrix <0.987776, 0.154522, -0.020532,
		-0.113094, 0.619759, -0.776601,
		-0.107276, 0.769430, 0.629658,
		47.283421, 52.668697, 50.084709>
	pigment { color rgbt <0,1,1,0> }
	no_shadow
}
cylinder {
	<47.035900, 51.413593, 49.885685>,  <47.358517, 52.130096, 49.643951>, 0.130000
	pigment { color rgbt <1,0,0,0> }
	no_shadow
}

// nucleotide -1

// particle -1
sphere {
	<47.035900, 51.413593, 49.885685> 0.250000
	pigment { color rgbt <1,0,0,0> }
	no_shadow
}
cylinder {
	<47.237637, 51.518532, 50.214760>,  <47.358681, 51.581497, 50.412205>, 0.100000
	pigment { color rgbt <1,0,0,0> }
	no_shadow
}
cylinder {
	<47.237637, 51.518532, 50.214760>,  <47.035900, 51.413593, 49.885685>, 0.100000
	pigment { color rgbt <1,0,0,0> }
	no_shadow
}

// particle -1
sphere {
	<47.237637, 51.518532, 50.214760> 0.100000
	pigment { color rgbt <1,0,0,0> }
	no_shadow
}
sphere {
	0, 1
	scale<0.080000,0.200000,0.300000>
	matrix <0.069849, -0.962003, 0.263955,
		0.860673, -0.075660, -0.503506,
		0.504344, 0.262349, 0.822684,
		47.388939, 51.597237, 50.461567>
	pigment { color rgbt <0,1,1,0> }
	no_shadow
}
cylinder {
	<47.495895, 50.874092, 50.019531>,  <47.035900, 51.413593, 49.885685>, 0.130000
	pigment { color rgbt <1,0,0,0> }
	no_shadow
}

// nucleotide -1

// particle -1
sphere {
	<47.495895, 50.874092, 50.019531> 0.250000
	pigment { color rgbt <1,0,0,0> }
	no_shadow
}
cylinder {
	<47.447582, 51.065281, 50.367546>,  <47.418594, 51.179993, 50.576355>, 0.100000
	pigment { color rgbt <1,0,0,0> }
	no_shadow
}
cylinder {
	<47.447582, 51.065281, 50.367546>,  <47.495895, 50.874092, 50.019531>, 0.100000
	pigment { color rgbt <1,0,0,0> }
	no_shadow
}

// particle -1
sphere {
	<47.447582, 51.065281, 50.367546> 0.100000
	pigment { color rgbt <1,0,0,0> }
	no_shadow
}
sphere {
	0, 1
	scale<0.080000,0.200000,0.300000>
	matrix <-0.312690, -0.850152, 0.423635,
		0.942145, -0.220883, 0.252140,
		-0.120783, 0.477967, 0.870034,
		47.411346, 51.208672, 50.628555>
	pigment { color rgbt <0,1,1,0> }
	no_shadow
}
cylinder {
	<47.853455, 50.605835, 50.569134>,  <47.495895, 50.874092, 50.019531>, 0.130000
	pigment { color rgbt <1,0,0,0> }
	no_shadow
}

// nucleotide -1

// particle -1
sphere {
	<47.853455, 50.605835, 50.569134> 0.250000
	pigment { color rgbt <1,0,0,0> }
	no_shadow
}
cylinder {
	<47.542080, 50.763405, 50.764629>,  <47.355255, 50.857948, 50.881927>, 0.100000
	pigment { color rgbt <1,0,0,0> }
	no_shadow
}
cylinder {
	<47.542080, 50.763405, 50.764629>,  <47.853455, 50.605835, 50.569134>, 0.100000
	pigment { color rgbt <1,0,0,0> }
	no_shadow
}

// particle -1
sphere {
	<47.542080, 50.763405, 50.764629> 0.100000
	pigment { color rgbt <1,0,0,0> }
	no_shadow
}
sphere {
	0, 1
	scale<0.080000,0.200000,0.300000>
	matrix <-0.239889, -0.906171, 0.348294,
		0.580083, 0.153880, 0.799890,
		-0.778432, 0.393924, 0.488740,
		47.308552, 50.881580, 50.911251>
	pigment { color rgbt <0,1,1,0> }
	no_shadow
}
cylinder {
	<47.710140, 51.019196, 51.235794>,  <47.853455, 50.605835, 50.569134>, 0.130000
	pigment { color rgbt <1,0,0,0> }
	no_shadow
}

// nucleotide -1

// particle -1
sphere {
	<47.710140, 51.019196, 51.235794> 0.250000
	pigment { color rgbt <1,0,0,0> }
	no_shadow
}
cylinder {
	<47.954384, 51.260212, 51.441357>,  <48.100929, 51.404823, 51.564693>, 0.100000
	pigment { color rgbt <1,0,0,0> }
	no_shadow
}
cylinder {
	<47.954384, 51.260212, 51.441357>,  <47.710140, 51.019196, 51.235794>, 0.100000
	pigment { color rgbt <1,0,0,0> }
	no_shadow
}

// particle -1
sphere {
	<47.954384, 51.260212, 51.441357> 0.100000
	pigment { color rgbt <1,0,0,0> }
	no_shadow
}
sphere {
	0, 1
	scale<0.080000,0.200000,0.300000>
	matrix <0.142467, -0.721915, 0.677157,
		0.779014, -0.340262, -0.526649,
		0.610606, 0.602545, 0.513906,
		48.137566, 51.440975, 51.595528>
	pigment { color rgbt <0,1,1,0> }
	no_shadow
}
cylinder {
	<48.415989, 50.715668, 51.367878>,  <47.710140, 51.019196, 51.235794>, 0.130000
	pigment { color rgbt <1,0,0,0> }
	no_shadow
}

// nucleotide -1

// particle -1
sphere {
	<48.415989, 50.715668, 51.367878> 0.250000
	pigment { color rgbt <1,0,0,0> }
	no_shadow
}
cylinder {
	<48.270447, 50.966465, 51.643410>,  <48.183121, 51.116943, 51.808731>, 0.100000
	pigment { color rgbt <1,0,0,0> }
	no_shadow
}
cylinder {
	<48.270447, 50.966465, 51.643410>,  <48.415989, 50.715668, 51.367878>, 0.100000
	pigment { color rgbt <1,0,0,0> }
	no_shadow
}

// particle -1
sphere {
	<48.270447, 50.966465, 51.643410> 0.100000
	pigment { color rgbt <1,0,0,0> }
	no_shadow
}
sphere {
	0, 1
	scale<0.080000,0.200000,0.300000>
	matrix <0.042356, -0.727620, 0.684672,
		0.930492, 0.278298, 0.238192,
		-0.363856, 0.626993, 0.688832,
		48.161289, 51.154564, 51.850060>
	pigment { color rgbt <0,1,1,0> }
	no_shadow
}
cylinder {
	<48.888336, 50.988365, 51.845734>,  <48.415989, 50.715668, 51.367878>, 0.130000
	pigment { color rgbt <1,0,0,0> }
	no_shadow
}

// nucleotide -1

// particle -1
sphere {
	<48.888336, 50.988365, 51.845734> 0.250000
	pigment { color rgbt <1,0,0,0> }
	no_shadow
}
cylinder {
	<48.528381, 50.957466, 52.017426>,  <48.312408, 50.938927, 52.120441>, 0.100000
	pigment { color rgbt <1,0,0,0> }
	no_shadow
}
cylinder {
	<48.528381, 50.957466, 52.017426>,  <48.888336, 50.988365, 51.845734>, 0.100000
	pigment { color rgbt <1,0,0,0> }
	no_shadow
}

// particle -1
sphere {
	<48.528381, 50.957466, 52.017426> 0.100000
	pigment { color rgbt <1,0,0,0> }
	no_shadow
}
sphere {
	0, 1
	scale<0.080000,0.200000,0.300000>
	matrix <0.376110, -0.635716, 0.674097,
		0.220797, 0.768048, 0.601125,
		-0.899883, -0.077251, 0.429234,
		48.258415, 50.934292, 52.146194>
	pigment { color rgbt <0,1,1,0> }
	no_shadow
}
cylinder {
	<48.953529, 51.118404, 52.557522>,  <48.888336, 50.988365, 51.845734>, 0.130000
	pigment { color rgbt <1,0,0,0> }
	no_shadow
}

// nucleotide -1

// particle -1
sphere {
	<48.953529, 51.118404, 52.557522> 0.250000
	pigment { color rgbt <1,0,0,0> }
	no_shadow
}
cylinder {
	<48.635948, 50.878082, 52.520294>,  <48.445400, 50.733887, 52.497959>, 0.100000
	pigment { color rgbt <1,0,0,0> }
	no_shadow
}
cylinder {
	<48.635948, 50.878082, 52.520294>,  <48.953529, 51.118404, 52.557522>, 0.100000
	pigment { color rgbt <1,0,0,0> }
	no_shadow
}

// particle -1
sphere {
	<48.635948, 50.878082, 52.520294> 0.100000
	pigment { color rgbt <1,0,0,0> }
	no_shadow
}
sphere {
	0, 1
	scale<0.080000,0.200000,0.300000>
	matrix <0.269908, -0.485484, 0.831538,
		-0.544776, 0.635087, 0.547617,
		-0.793958, -0.600808, -0.093066,
		48.397762, 50.697842, 52.492374>
	pigment { color rgbt <0,1,1,0> }
	no_shadow
}
cylinder {
	<48.478279, 51.186115, 53.133636>,  <48.953529, 51.118404, 52.557522>, 0.130000
	pigment { color rgbt <1,0,0,0> }
	no_shadow
}

// nucleotide -1

// particle -1
sphere {
	<48.478279, 51.186115, 53.133636> 0.250000
	pigment { color rgbt <1,0,0,0> }
	no_shadow
}
cylinder {
	<48.482624, 50.821293, 52.969666>,  <48.485229, 50.602402, 52.871281>, 0.100000
	pigment { color rgbt <1,0,0,0> }
	no_shadow
}
cylinder {
	<48.482624, 50.821293, 52.969666>,  <48.478279, 51.186115, 53.133636>, 0.100000
	pigment { color rgbt <1,0,0,0> }
	no_shadow
}

// particle -1
sphere {
	<48.482624, 50.821293, 52.969666> 0.100000
	pigment { color rgbt <1,0,0,0> }
	no_shadow
}
sphere {
	0, 1
	scale<0.080000,0.200000,0.300000>
	matrix <0.275962, -0.391299, 0.877912,
		-0.961107, -0.122658, 0.247443,
		0.010858, -0.912053, -0.409929,
		48.485882, 50.547676, 52.846687>
	pigment { color rgbt <0,1,1,0> }
	no_shadow
}
cylinder {
	<48.623959, 50.982132, 53.763920>,  <48.478279, 51.186115, 53.133636>, 0.130000
	pigment { color rgbt <1,0,0,0> }
	no_shadow
}

// nucleotide -1

// particle -1
sphere {
	<48.623959, 50.982132, 53.763920> 0.250000
	pigment { color rgbt <1,0,0,0> }
	no_shadow
}
cylinder {
	<48.667229, 51.294640, 54.009819>,  <48.693192, 51.482143, 54.157360>, 0.100000
	pigment { color rgbt <1,0,0,0> }
	no_shadow
}
cylinder {
	<48.667229, 51.294640, 54.009819>,  <48.623959, 50.982132, 53.763920>, 0.100000
	pigment { color rgbt <1,0,0,0> }
	no_shadow
}

// particle -1
sphere {
	<48.667229, 51.294640, 54.009819> 0.100000
	pigment { color rgbt <1,0,0,0> }
	no_shadow
}
sphere {
	0, 1
	scale<0.080000,0.200000,0.300000>
	matrix <0.862496, -0.381269, 0.332767,
		0.494365, 0.494221, -0.715086,
		0.108180, 0.781268, 0.614750,
		48.699684, 51.529018, 54.194244>
	pigment { color rgbt <0,1,1,0> }
	no_shadow
}
cylinder {
	<49.365097, 51.384319, 53.737061>,  <48.623959, 50.982132, 53.763920>, 0.130000
	pigment { color rgbt <1,0,0,0> }
	no_shadow
}

// nucleotide -1

// particle -1
sphere {
	<49.365097, 51.384319, 53.737061> 0.250000
	pigment { color rgbt <1,0,0,0> }
	no_shadow
}
cylinder {
	<49.189377, 51.455025, 54.089371>,  <49.083942, 51.497448, 54.300758>, 0.100000
	pigment { color rgbt <1,0,0,0> }
	no_shadow
}
cylinder {
	<49.189377, 51.455025, 54.089371>,  <49.365097, 51.384319, 53.737061>, 0.100000
	pigment { color rgbt <1,0,0,0> }
	no_shadow
}

// particle -1
sphere {
	<49.189377, 51.455025, 54.089371> 0.100000
	pigment { color rgbt <1,0,0,0> }
	no_shadow
}
sphere {
	0, 1
	scale<0.080000,0.200000,0.300000>
	matrix <0.865689, -0.178627, 0.467626,
		0.239987, 0.967910, -0.074547,
		-0.439304, 0.176759, 0.880777,
		49.057587, 51.508053, 54.353603>
	pigment { color rgbt <0,1,1,0> }
	no_shadow
}
cylinder {
	<49.695145, 51.925308, 54.022930>,  <49.365097, 51.384319, 53.737061>, 0.130000
	pigment { color rgbt <1,0,0,0> }
	no_shadow
}

// nucleotide -1

// particle -1
sphere {
	<49.695145, 51.925308, 54.022930> 0.250000
	pigment { color rgbt <1,0,0,0> }
	no_shadow
}
cylinder {
	<49.535252, 51.726452, 54.330971>,  <49.439316, 51.607140, 54.515797>, 0.100000
	pigment { color rgbt <1,0,0,0> }
	no_shadow
}
cylinder {
	<49.535252, 51.726452, 54.330971>,  <49.695145, 51.925308, 54.022930>, 0.100000
	pigment { color rgbt <1,0,0,0> }
	no_shadow
}

// particle -1
sphere {
	<49.535252, 51.726452, 54.330971> 0.100000
	pigment { color rgbt <1,0,0,0> }
	no_shadow
}
sphere {
	0, 1
	scale<0.080000,0.200000,0.300000>
	matrix <0.872468, 0.051281, 0.485972,
		-0.281088, 0.866153, 0.413241,
		-0.399735, -0.497141, 0.770106,
		49.415333, 51.577309, 54.562004>
	pigment { color rgbt <0,1,1,0> }
	no_shadow
}
cylinder {
	<50.269157, 52.139954, 54.425499>,  <49.695145, 51.925308, 54.022930>, 0.130000
	pigment { color rgbt <1,0,0,0> }
	no_shadow
}

// nucleotide -1

// particle -1
sphere {
	<50.269157, 52.139954, 54.425499> 0.250000
	pigment { color rgbt <1,0,0,0> }
	no_shadow
}
cylinder {
	<50.208900, 52.510220, 54.564327>,  <50.172749, 52.732380, 54.647625>, 0.100000
	pigment { color rgbt <1,0,0,0> }
	no_shadow
}
cylinder {
	<50.208900, 52.510220, 54.564327>,  <50.269157, 52.139954, 54.425499>, 0.100000
	pigment { color rgbt <1,0,0,0> }
	no_shadow
}

// particle -1
sphere {
	<50.208900, 52.510220, 54.564327> 0.100000
	pigment { color rgbt <1,0,0,0> }
	no_shadow
}
sphere {
	0, 1
	scale<0.080000,0.200000,0.300000>
	matrix <0.977867, 0.191087, -0.085220,
		-0.145205, 0.326550, -0.933960,
		-0.150639, 0.925662, 0.347069,
		50.163708, 52.787918, 54.668449>
	pigment { color rgbt <0,1,1,0> }
	no_shadow
}
cylinder {
	<50.606884, 52.582275, 53.967297>,  <50.269157, 52.139954, 54.425499>, 0.130000
	pigment { color rgbt <1,0,0,0> }
	no_shadow
}

// nucleotide -1

// particle -1
sphere {
	<50.606884, 52.582275, 53.967297> 0.250000
	pigment { color rgbt <1,0,0,0> }
	no_shadow
}
cylinder {
	<50.611588, 52.720917, 54.342472>,  <50.614410, 52.804104, 54.567577>, 0.100000
	pigment { color rgbt <1,0,0,0> }
	no_shadow
}
cylinder {
	<50.611588, 52.720917, 54.342472>,  <50.606884, 52.582275, 53.967297>, 0.100000
	pigment { color rgbt <1,0,0,0> }
	no_shadow
}

// particle -1
sphere {
	<50.611588, 52.720917, 54.342472> 0.100000
	pigment { color rgbt <1,0,0,0> }
	no_shadow
}
sphere {
	0, 1
	scale<0.080000,0.200000,0.300000>
	matrix <0.984383, 0.160754, -0.071749,
		-0.175646, 0.924133, -0.339302,
