// switches for output
#declare DRAW_BASES = 1; // possible values are 0, 1; only relevant for DNA ribbons
#declare DRAW_BASES_TYPE = 3; // possible values are 1, 2, 3; only relevant for DNA ribbons
#declare DRAW_FOG = 0; // set to 1 to enable fog

#include "colors.inc"

#include "transforms.inc"
background { rgb <1, 1, 1>}

#default {
   normal{
       ripples 0.25
       frequency 0.20
       turbulence 0.2
       lambda 5
   }
	finish {
		phong 0.1
		phong_size 40.
	}
}

// original window dimensions: 1024x640


// camera settings

camera {
	sky <-0, 1, 0>
	up <-0, 1, 0>
	right 1.6 * <0.99995, 0, 0.00999983>
	location <54.4867, 55, 106.329>
	look_at <55, 55, 55.0001>
	direction <0.513302, 0, -51.3289>
	angle 67.0682
}


# declare cpy_camera_pos = <54.4867, 55, 106.329>;
# if (DRAW_FOG = 1)
fog {
	fog_type 2
	up vnormalize(cpy_camera_pos)
	color rgbt<1,1,1,0.3>
	distance 1e-5
	fog_alt 3e-3
	fog_offset 88
}
# end


// LIGHTS

# declare lum = 6;
global_settings {
	ambient_light rgb lum * <0.05, 0.05, 0.05>
	max_trace_level 15
}# declare cpy_direct_light_amount = 0.25;
light_source
{	1000 * <-0.98995, -1, 1.00995>,
	rgb lum * cpy_direct_light_amount
	parallel
}

light_source
{	1000 * <0.98995, 1, -1.00995>,
	rgb lum * cpy_direct_light_amount
	parallel
}

// strand 0

// nucleotide -1

// particle -1
sphere {
	<36.590733, 53.143936, 49.498928> 0.250000
	pigment { color rgbt <1,0,0,0> }
	no_shadow
}
cylinder {
	<36.481480, 52.833599, 49.726425>,  <36.415928, 52.647396, 49.862923>, 0.100000
	pigment { color rgbt <1,0,0,0> }
	no_shadow
}
cylinder {
	<36.481480, 52.833599, 49.726425>,  <36.590733, 53.143936, 49.498928>, 0.100000
	pigment { color rgbt <1,0,0,0> }
	no_shadow
}

// particle -1
sphere {
	<36.481480, 52.833599, 49.726425> 0.100000
	pigment { color rgbt <1,0,0,0> }
	no_shadow
}
sphere {
	0, 1
	scale<0.080000,0.200000,0.300000>
	matrix <0.657147, 0.281297, 0.699307,
		-0.702536, 0.564753, 0.433009,
		-0.273132, -0.775839, 0.568747,
		36.399540, 52.600849, 49.897049>
	pigment { color rgbt <0,1,1,0> }
	no_shadow
}
cylinder {
	<36.202652, 53.333668, 50.043720>,  <36.590733, 53.143936, 49.498928>, 0.130000
	pigment { color rgbt <1,0,0,0> }
	no_shadow
}

// nucleotide -1

// particle -1
sphere {
	<36.202652, 53.333668, 50.043720> 0.250000
	pigment { color rgbt <1,0,0,0> }
	no_shadow
}
cylinder {
	<36.430103, 53.007366, 50.086082>,  <36.566574, 52.811584, 50.111500>, 0.100000
	pigment { color rgbt <1,0,0,0> }
	no_shadow
}
cylinder {
	<36.430103, 53.007366, 50.086082>,  <36.202652, 53.333668, 50.043720>, 0.100000
	pigment { color rgbt <1,0,0,0> }
	no_shadow
}

// particle -1
sphere {
	<36.430103, 53.007366, 50.086082> 0.100000
	pigment { color rgbt <1,0,0,0> }
	no_shadow
}
sphere {
	0, 1
	scale<0.080000,0.200000,0.300000>
	matrix <0.529379, 0.461434, 0.711924,
		-0.629620, -0.348755, 0.694225,
		0.568626, -0.815750, 0.105904,
		36.600693, 52.762642, 50.117855>
	pigment { color rgbt <0,1,1,0> }
	no_shadow
}
cylinder {
	<36.315605, 54.054741, 49.983810>,  <36.202652, 53.333668, 50.043720>, 0.130000
	pigment { color rgbt <1,0,0,0> }
	no_shadow
}

// nucleotide -1

// particle -1
sphere {
	<36.315605, 54.054741, 49.983810> 0.250000
	pigment { color rgbt <1,0,0,0> }
	no_shadow
}
cylinder {
	<36.223179, 54.380226, 50.197159>,  <36.167721, 54.575516, 50.325169>, 0.100000
	pigment { color rgbt <1,0,0,0> }
	no_shadow
}
cylinder {
	<36.223179, 54.380226, 50.197159>,  <36.315605, 54.054741, 49.983810>, 0.100000
	pigment { color rgbt <1,0,0,0> }
	no_shadow
}

// particle -1
sphere {
	<36.223179, 54.380226, 50.197159> 0.100000
	pigment { color rgbt <1,0,0,0> }
	no_shadow
}
sphere {
	0, 1
	scale<0.080000,0.200000,0.300000>
	matrix <0.724286, -0.222171, 0.652725,
		0.649628, 0.537136, -0.538022,
		-0.231069, 0.813711, 0.533368,
		36.153858, 54.624340, 50.357170>
	pigment { color rgbt <0,1,1,0> }
	no_shadow
}
cylinder {
	<36.923737, 54.180775, 50.289177>,  <36.315605, 54.054741, 49.983810>, 0.130000
	pigment { color rgbt <1,0,0,0> }
	no_shadow
}

// nucleotide -1

// particle -1
sphere {
	<36.923737, 54.180775, 50.289177> 0.250000
	pigment { color rgbt <1,0,0,0> }
	no_shadow
}
cylinder {
	<36.655472, 54.390991, 50.498566>,  <36.494514, 54.517120, 50.624199>, 0.100000
	pigment { color rgbt <1,0,0,0> }
	no_shadow
}
cylinder {
	<36.655472, 54.390991, 50.498566>,  <36.923737, 54.180775, 50.289177>, 0.100000
	pigment { color rgbt <1,0,0,0> }
	no_shadow
}

// particle -1
sphere {
	<36.655472, 54.390991, 50.498566> 0.100000
	pigment { color rgbt <1,0,0,0> }
	no_shadow
}
sphere {
	0, 1
	scale<0.080000,0.200000,0.300000>
	matrix <0.634628, 0.041190, 0.771720,
		0.384012, 0.849768, -0.361150,
		-0.670658, 0.525545, 0.523469,
		36.454273, 54.548656, 50.655605>
	pigment { color rgbt <0,1,1,0> }
	no_shadow
}
cylinder {
	<37.205215, 54.773605, 50.649986>,  <36.923737, 54.180775, 50.289177>, 0.130000
	pigment { color rgbt <1,0,0,0> }
	no_shadow
}

// nucleotide -1

// particle -1
sphere {
	<37.205215, 54.773605, 50.649986> 0.250000
	pigment { color rgbt <1,0,0,0> }
	no_shadow
}
cylinder {
	<36.884262, 54.662025, 50.861027>,  <36.691689, 54.595078, 50.987652>, 0.100000
	pigment { color rgbt <1,0,0,0> }
	no_shadow
}
cylinder {
	<36.884262, 54.662025, 50.861027>,  <37.205215, 54.773605, 50.649986>, 0.100000
	pigment { color rgbt <1,0,0,0> }
	no_shadow
}

// particle -1
sphere {
	<36.884262, 54.662025, 50.861027> 0.100000
	pigment { color rgbt <1,0,0,0> }
	no_shadow
}
sphere {
	0, 1
	scale<0.080000,0.200000,0.300000>
	matrix <0.545511, 0.015744, 0.837956,
		-0.242057, 0.960176, 0.139539,
		-0.802388, -0.278953, 0.527597,
		36.643547, 54.578339, 51.019306>
	pigment { color rgbt <0,1,1,0> }
	no_shadow
}
cylinder {
	<37.222034, 55.137821, 51.262821>,  <37.205215, 54.773605, 50.649986>, 0.130000
	pigment { color rgbt <1,0,0,0> }
	no_shadow
}

// nucleotide -1

// particle -1
sphere {
	<37.222034, 55.137821, 51.262821> 0.250000
	pigment { color rgbt <1,0,0,0> }
	no_shadow
}
cylinder {
	<37.047451, 54.780098, 51.302238>,  <36.942699, 54.565464, 51.325890>, 0.100000
	pigment { color rgbt <1,0,0,0> }
	no_shadow
}
cylinder {
	<37.047451, 54.780098, 51.302238>,  <37.222034, 55.137821, 51.262821>, 0.100000
	pigment { color rgbt <1,0,0,0> }
	no_shadow
}

// particle -1
sphere {
	<37.047451, 54.780098, 51.302238> 0.100000
	pigment { color rgbt <1,0,0,0> }
	no_shadow
}
sphere {
	0, 1
	scale<0.080000,0.200000,0.300000>
	matrix <0.573835, -0.192337, 0.796065,
		-0.692976, 0.403998, 0.597134,
		-0.436460, -0.894311, 0.098543,
		36.916512, 54.511806, 51.331802>
	pigment { color rgbt <0,1,1,0> }
	no_shadow
}
cylinder {
	<37.636669, 54.854359, 51.793056>,  <37.222034, 55.137821, 51.262821>, 0.130000
	pigment { color rgbt <1,0,0,0> }
	no_shadow
}

// nucleotide -1

// particle -1
sphere {
	<37.636669, 54.854359, 51.793056> 0.250000
	pigment { color rgbt <1,0,0,0> }
	no_shadow
}
cylinder {
	<37.839657, 54.702477, 51.483658>,  <37.961449, 54.611347, 51.298019>, 0.100000
	pigment { color rgbt <1,0,0,0> }
	no_shadow
}
cylinder {
	<37.839657, 54.702477, 51.483658>,  <37.636669, 54.854359, 51.793056>, 0.100000
	pigment { color rgbt <1,0,0,0> }
	no_shadow
}

// particle -1
sphere {
	<37.839657, 54.702477, 51.483658> 0.100000
	pigment { color rgbt <1,0,0,0> }
	no_shadow
}
sphere {
	0, 1
	scale<0.080000,0.200000,0.300000>
	matrix <0.482586, 0.868921, -0.109938,
		0.713856, -0.317491, 0.624187,
		0.507465, -0.379704, -0.773501,
		37.991898, 54.588566, 51.251606>
	pigment { color rgbt <0,1,1,0> }
	no_shadow
}
cylinder {
	<38.367687, 55.026115, 51.789875>,  <37.636669, 54.854359, 51.793056>, 0.130000
	pigment { color rgbt <1,0,0,0> }
	no_shadow
}

// nucleotide -1

// particle -1
sphere {
	<38.367687, 55.026115, 51.789875> 0.250000
	pigment { color rgbt <1,0,0,0> }
	no_shadow
}
cylinder {
	<38.301029, 54.937187, 51.405624>,  <38.261036, 54.883831, 51.175076>, 0.100000
	pigment { color rgbt <1,0,0,0> }
	no_shadow
}
cylinder {
	<38.301029, 54.937187, 51.405624>,  <38.367687, 55.026115, 51.789875>, 0.100000
	pigment { color rgbt <1,0,0,0> }
	no_shadow
}

// particle -1
sphere {
	<38.301029, 54.937187, 51.405624> 0.100000
	pigment { color rgbt <1,0,0,0> }
	no_shadow
}
sphere {
	0, 1
	scale<0.080000,0.200000,0.300000>
	matrix <0.658583, 0.699968, -0.276247,
		0.733824, -0.678687, 0.029773,
		-0.166645, -0.222325, -0.960625,
		38.251034, 54.870491, 51.117435>
	pigment { color rgbt <0,1,1,0> }
	no_shadow
}
cylinder {
	<38.995178, 54.939014, 51.461613>,  <38.367687, 55.026115, 51.789875>, 0.130000
	pigment { color rgbt <1,0,0,0> }
	no_shadow
}

// nucleotide -1

// particle -1
sphere {
	<38.995178, 54.939014, 51.461613> 0.250000
	pigment { color rgbt <1,0,0,0> }
	no_shadow
}
cylinder {
	<38.734539, 55.042217, 51.176277>,  <38.578156, 55.104141, 51.005077>, 0.100000
	pigment { color rgbt <1,0,0,0> }
	no_shadow
}
cylinder {
	<38.734539, 55.042217, 51.176277>,  <38.995178, 54.939014, 51.461613>, 0.100000
	pigment { color rgbt <1,0,0,0> }
	no_shadow
}

// particle -1
sphere {
	<38.734539, 55.042217, 51.176277> 0.100000
	pigment { color rgbt <1,0,0,0> }
	no_shadow
}
sphere {
	0, 1
	scale<0.080000,0.200000,0.300000>
	matrix <0.650549, 0.673712, -0.350568,
		0.390132, -0.692490, -0.606840,
		-0.651600, 0.258012, -0.713335,
		38.539059, 55.119621, 50.962276>
	pigment { color rgbt <0,1,1,0> }
	no_shadow
}
cylinder {
	<39.291340, 54.941883, 50.760590>,  <38.995178, 54.939014, 51.461613>, 0.130000
	pigment { color rgbt <1,0,0,0> }
	no_shadow
}

// nucleotide -1

// particle -1
sphere {
	<39.291340, 54.941883, 50.760590> 0.250000
	pigment { color rgbt <1,0,0,0> }
	no_shadow
}
cylinder {
	<39.007095, 55.220879, 50.797539>,  <38.836548, 55.388275, 50.819710>, 0.100000
	pigment { color rgbt <1,0,0,0> }
	no_shadow
}
cylinder {
	<39.007095, 55.220879, 50.797539>,  <39.291340, 54.941883, 50.760590>, 0.100000
	pigment { color rgbt <1,0,0,0> }
	no_shadow
}

// particle -1
sphere {
	<39.007095, 55.220879, 50.797539> 0.100000
	pigment { color rgbt <1,0,0,0> }
	no_shadow
}
sphere {
	0, 1
	scale<0.080000,0.200000,0.300000>
	matrix <0.619675, 0.682630, -0.387322,
		-0.333211, -0.217995, -0.917305,
		-0.710614, 0.697491, 0.092373,
		38.793911, 55.430126, 50.825253>
	pigment { color rgbt <0,1,1,0> }
	no_shadow
}
cylinder {
	<39.868488, 54.756092, 50.335701>,  <39.291340, 54.941883, 50.760590>, 0.130000
	pigment { color rgbt <1,0,0,0> }
	no_shadow
}

// nucleotide -1

// particle -1
sphere {
	<39.868488, 54.756092, 50.335701> 0.250000
	pigment { color rgbt <1,0,0,0> }
	no_shadow
}
cylinder {
	<39.959232, 54.739426, 50.724915>,  <40.013680, 54.729427, 50.958443>, 0.100000
	pigment { color rgbt <1,0,0,0> }
	no_shadow
}
cylinder {
	<39.959232, 54.739426, 50.724915>,  <39.868488, 54.756092, 50.335701>, 0.100000
	pigment { color rgbt <1,0,0,0> }
	no_shadow
}

// particle -1
sphere {
	<39.959232, 54.739426, 50.724915> 0.100000
	pigment { color rgbt <1,0,0,0> }
	no_shadow
}
sphere {
	0, 1
	scale<0.080000,0.200000,0.300000>
	matrix <0.883169, -0.412348, -0.223567,
		0.410543, 0.910074, -0.056752,
		0.226864, -0.041662, 0.973035,
		40.027290, 54.726929, 51.016827>
	pigment { color rgbt <0,1,1,0> }
	no_shadow
}
cylinder {
	<40.568062, 55.048672, 50.452000>,  <39.868488, 54.756092, 50.335701>, 0.130000
	pigment { color rgbt <1,0,0,0> }
	no_shadow
}

// nucleotide -1

// particle -1
sphere {
	<40.568062, 55.048672, 50.452000> 0.250000
	pigment { color rgbt <1,0,0,0> }
	no_shadow
}
cylinder {
	<40.474735, 54.761898, 50.714775>,  <40.418739, 54.589836, 50.872440>, 0.100000
	pigment { color rgbt <1,0,0,0> }
	no_shadow
}
cylinder {
	<40.474735, 54.761898, 50.714775>,  <40.568062, 55.048672, 50.452000>, 0.100000
	pigment { color rgbt <1,0,0,0> }
	no_shadow
}

// particle -1
sphere {
	<40.474735, 54.761898, 50.714775> 0.100000
	pigment { color rgbt <1,0,0,0> }
	no_shadow
}
sphere {
	0, 1
	scale<0.080000,0.200000,0.300000>
	matrix <0.879003, -0.444403, -0.172803,
		0.415834, 0.537136, 0.733871,
		-0.233316, -0.716932, 0.656942,
		40.404739, 54.546818, 50.911858>
	pigment { color rgbt <0,1,1,0> }
	no_shadow
}
cylinder {
	<41.095509, 54.964611, 50.977848>,  <40.568062, 55.048672, 50.452000>, 0.130000
	pigment { color rgbt <1,0,0,0> }
	no_shadow
}

// nucleotide -1

// particle -1
sphere {
	<41.095509, 54.964611, 50.977848> 0.250000
	pigment { color rgbt <1,0,0,0> }
	no_shadow
}
cylinder {
	<40.918022, 54.614613, 50.900391>,  <40.811531, 54.404613, 50.853916>, 0.100000
	pigment { color rgbt <1,0,0,0> }
	no_shadow
}
cylinder {
	<40.918022, 54.614613, 50.900391>,  <41.095509, 54.964611, 50.977848>, 0.100000
	pigment { color rgbt <1,0,0,0> }
	no_shadow
}

// particle -1
sphere {
	<40.918022, 54.614613, 50.900391> 0.100000
	pigment { color rgbt <1,0,0,0> }
	no_shadow
}
sphere {
	0, 1
	scale<0.080000,0.200000,0.300000>
	matrix <0.895342, -0.442102, -0.053928,
		-0.038424, -0.197307, 0.979588,
		-0.443718, -0.874995, -0.193645,
		40.784908, 54.352116, 50.842297>
	pigment { color rgbt <0,1,1,0> }
	no_shadow
}
cylinder {
	<41.181423, 54.465038, 51.497791>,  <41.095509, 54.964611, 50.977848>, 0.130000
	pigment { color rgbt <1,0,0,0> }
	no_shadow
}

// nucleotide -1

// particle -1
sphere {
	<41.181423, 54.465038, 51.497791> 0.250000
	pigment { color rgbt <1,0,0,0> }
	no_shadow
}
cylinder {
	<41.121571, 54.287106, 51.144581>,  <41.085659, 54.180347, 50.932655>, 0.100000
	pigment { color rgbt <1,0,0,0> }
	no_shadow
}
cylinder {
	<41.121571, 54.287106, 51.144581>,  <41.181423, 54.465038, 51.497791>, 0.100000
	pigment { color rgbt <1,0,0,0> }
	no_shadow
}

// particle -1
sphere {
	<41.121571, 54.287106, 51.144581> 0.100000
	pigment { color rgbt <1,0,0,0> }
	no_shadow
}
sphere {
	0, 1
	scale<0.080000,0.200000,0.300000>
	matrix <0.906173, -0.418979, 0.057506,
		-0.395549, -0.791569, 0.465789,
		-0.149636, -0.444831, -0.883025,
		41.076679, 54.153656, 50.879673>
	pigment { color rgbt <0,1,1,0> }
	no_shadow
}
cylinder {
	<41.309296, 53.839207, 51.752674>,  <41.181423, 54.465038, 51.497791>, 0.130000
	pigment { color rgbt <1,0,0,0> }
	no_shadow
}

// nucleotide -1

// particle -1
sphere {
	<41.309296, 53.839207, 51.752674> 0.250000
	pigment { color rgbt <1,0,0,0> }
	no_shadow
}
cylinder {
	<41.375229, 53.889324, 51.361343>,  <41.414787, 53.919395, 51.126545>, 0.100000
	pigment { color rgbt <1,0,0,0> }
	no_shadow
}
cylinder {
	<41.375229, 53.889324, 51.361343>,  <41.309296, 53.839207, 51.752674>, 0.100000
	pigment { color rgbt <1,0,0,0> }
	no_shadow
}

// particle -1
sphere {
	<41.375229, 53.889324, 51.361343> 0.100000
	pigment { color rgbt <1,0,0,0> }
	no_shadow
}
sphere {
	0, 1
	scale<0.080000,0.200000,0.300000>
	matrix <0.980575, -0.127731, 0.148854,
		-0.106313, -0.983863, -0.143918,
		0.164835, 0.125297, -0.978330,
		41.424679, 53.926914, 51.067844>
	pigment { color rgbt <0,1,1,0> }
	no_shadow
}
cylinder {
	<41.943245, 53.713207, 51.930325>,  <41.309296, 53.839207, 51.752674>, 0.130000
	pigment { color rgbt <1,0,0,0> }
	no_shadow
}

// nucleotide -1

// particle -1
sphere {
	<41.943245, 53.713207, 51.930325> 0.250000
	pigment { color rgbt <1,0,0,0> }
	no_shadow
}
cylinder {
	<41.880932, 53.792004, 51.543144>,  <41.843544, 53.839283, 51.310837>, 0.100000
	pigment { color rgbt <1,0,0,0> }
	no_shadow
}
cylinder {
	<41.880932, 53.792004, 51.543144>,  <41.943245, 53.713207, 51.930325>, 0.100000
	pigment { color rgbt <1,0,0,0> }
	no_shadow
}

// particle -1
sphere {
	<41.880932, 53.792004, 51.543144> 0.100000
	pigment { color rgbt <1,0,0,0> }
	no_shadow
}
sphere {
	0, 1
	scale<0.080000,0.200000,0.300000>
	matrix <0.960405, -0.198941, -0.195051,
		-0.230988, -0.960009, -0.158200,
		-0.155779, 0.196990, -0.967950,
		41.834198, 53.851101, 51.252758>
	pigment { color rgbt <0,1,1,0> }
	no_shadow
}
cylinder {
	<42.570885, 53.623604, 51.699425>,  <41.943245, 53.713207, 51.930325>, 0.130000
	pigment { color rgbt <1,0,0,0> }
	no_shadow
}

// nucleotide -1

// particle -1
sphere {
	<42.570885, 53.623604, 51.699425> 0.250000
	pigment { color rgbt <1,0,0,0> }
	no_shadow
}
cylinder {
	<42.922657, 53.500717, 51.844872>,  <43.133720, 53.426987, 51.932140>, 0.100000
	pigment { color rgbt <1,0,0,0> }
	no_shadow
}
cylinder {
	<42.922657, 53.500717, 51.844872>,  <42.570885, 53.623604, 51.699425>, 0.100000
	pigment { color rgbt <1,0,0,0> }
	no_shadow
}

// particle -1
sphere {
	<42.922657, 53.500717, 51.844872> 0.100000
	pigment { color rgbt <1,0,0,0> }
	no_shadow
}
sphere {
	0, 1
	scale<0.080000,0.200000,0.300000>
	matrix <0.476006, 0.560906, -0.677350,
		0.004137, 0.768767, 0.639516,
		0.879432, -0.307216, 0.363617,
		43.186485, 53.408554, 51.953957>
	pigment { color rgbt <0,1,1,0> }
	no_shadow
}
cylinder {
	<43.059986, 54.194088, 51.750534>,  <42.570885, 53.623604, 51.699425>, 0.130000
	pigment { color rgbt <1,0,0,0> }
	no_shadow
}

// nucleotide -1

// particle -1
sphere {
	<43.059986, 54.194088, 51.750534> 0.250000
	pigment { color rgbt <1,0,0,0> }
	no_shadow
}
cylinder {
	<43.273758, 53.859173, 51.704342>,  <43.402023, 53.658226, 51.676628>, 0.100000
	pigment { color rgbt <1,0,0,0> }
	no_shadow
}
cylinder {
	<43.273758, 53.859173, 51.704342>,  <43.059986, 54.194088, 51.750534>, 0.100000
	pigment { color rgbt <1,0,0,0> }
	no_shadow
}

// particle -1
sphere {
	<43.273758, 53.859173, 51.704342> 0.100000
	pigment { color rgbt <1,0,0,0> }
	no_shadow
}
sphere {
	0, 1
	scale<0.080000,0.200000,0.300000>
	matrix <0.389492, 0.365226, -0.845521,
		0.750118, 0.406897, 0.521304,
		0.534434, -0.837284, -0.115480,
		43.434090, 53.607986, 51.669697>
	pigment { color rgbt <0,1,1,0> }
	no_shadow
}
cylinder {
	<43.348118, 54.698116, 52.096138>,  <43.059986, 54.194088, 51.750534>, 0.130000
	pigment { color rgbt <1,0,0,0> }
	no_shadow
}

// nucleotide -1

// particle -1
sphere {
	<43.348118, 54.698116, 52.096138> 0.250000
	pigment { color rgbt <1,0,0,0> }
	no_shadow
}
cylinder {
	<43.653633, 54.610390, 52.338966>,  <43.836941, 54.557755, 52.484661>, 0.100000
	pigment { color rgbt <1,0,0,0> }
	no_shadow
}
cylinder {
	<43.653633, 54.610390, 52.338966>,  <43.348118, 54.698116, 52.096138>, 0.100000
	pigment { color rgbt <1,0,0,0> }
	no_shadow
}

// particle -1
sphere {
	<43.653633, 54.610390, 52.338966> 0.100000
	pigment { color rgbt <1,0,0,0> }
	no_shadow
}
sphere {
	0, 1
	scale<0.080000,0.200000,0.300000>
	matrix <0.645196, 0.232103, -0.727908,
		0.018739, 0.947644, 0.318778,
		0.763787, -0.219314, 0.607068,
		43.882771, 54.544594, 52.521088>
	pigment { color rgbt <0,1,1,0> }
	no_shadow
}
cylinder {
	<43.748791, 55.312706, 52.274635>,  <43.348118, 54.698116, 52.096138>, 0.130000
	pigment { color rgbt <1,0,0,0> }
	no_shadow
}

// nucleotide -1

// particle -1
sphere {
	<43.748791, 55.312706, 52.274635> 0.250000
	pigment { color rgbt <1,0,0,0> }
	no_shadow
}
cylinder {
	<43.959686, 54.973026, 52.286522>,  <44.086224, 54.769218, 52.293655>, 0.100000
	pigment { color rgbt <1,0,0,0> }
	no_shadow
}
cylinder {
	<43.959686, 54.973026, 52.286522>,  <43.748791, 55.312706, 52.274635>, 0.100000
	pigment { color rgbt <1,0,0,0> }
	no_shadow
}

// particle -1
sphere {
	<43.959686, 54.973026, 52.286522> 0.100000
	pigment { color rgbt <1,0,0,0> }
	no_shadow
}
sphere {
	0, 1
	scale<0.080000,0.200000,0.300000>
	matrix <0.672459, 0.395619, -0.625527,
		0.519437, 0.349790, 0.779636,
		0.527242, -0.849196, 0.029720,
		44.117859, 54.718269, 52.295437>
	pigment { color rgbt <0,1,1,0> }
	no_shadow
}
cylinder {
	<44.366829, 55.641911, 52.338905>,  <43.748791, 55.312706, 52.274635>, 0.130000
	pigment { color rgbt <1,0,0,0> }
	no_shadow
}

// nucleotide -1

// particle -1
sphere {
	<44.366829, 55.641911, 52.338905> 0.250000
	pigment { color rgbt <1,0,0,0> }
	no_shadow
}
cylinder {
	<44.391991, 55.261868, 52.216698>,  <44.407085, 55.033840, 52.143375>, 0.100000
	pigment { color rgbt <1,0,0,0> }
	no_shadow
}
cylinder {
	<44.391991, 55.261868, 52.216698>,  <44.366829, 55.641911, 52.338905>, 0.100000
	pigment { color rgbt <1,0,0,0> }
	no_shadow
}

// particle -1
sphere {
	<44.391991, 55.261868, 52.216698> 0.100000
	pigment { color rgbt <1,0,0,0> }
	no_shadow
}
sphere {
	0, 1
	scale<0.080000,0.200000,0.300000>
	matrix <0.757919, 0.244638, -0.604741,
		0.649310, -0.193518, 0.735492,
		0.062901, -0.950107, -0.305517,
		44.410862, 54.976837, 52.125042>
	pigment { color rgbt <0,1,1,0> }
	no_shadow
}
cylinder {
	<45.031841, 55.386185, 52.368080>,  <44.366829, 55.641911, 52.338905>, 0.130000
	pigment { color rgbt <1,0,0,0> }
	no_shadow
}

// nucleotide -1

// particle -1
sphere {
	<45.031841, 55.386185, 52.368080> 0.250000
	pigment { color rgbt <1,0,0,0> }
	no_shadow
}
cylinder {
	<44.848942, 55.203259, 52.062981>,  <44.739204, 55.093502, 51.879921>, 0.100000
	pigment { color rgbt <1,0,0,0> }
	no_shadow
}
cylinder {
	<44.848942, 55.203259, 52.062981>,  <45.031841, 55.386185, 52.368080>, 0.100000
	pigment { color rgbt <1,0,0,0> }
	no_shadow
}

// particle -1
sphere {
	<44.848942, 55.203259, 52.062981> 0.100000
	pigment { color rgbt <1,0,0,0> }
	no_shadow
}
sphere {
	0, 1
	scale<0.080000,0.200000,0.300000>
	matrix <0.719497, 0.313890, -0.619513,
		0.522734, -0.832066, 0.185515,
		-0.457245, -0.457318, -0.762750,
		44.711769, 55.066063, 51.834156>
	pigment { color rgbt <0,1,1,0> }
	no_shadow
}
cylinder {
	<45.427635, 54.818745, 51.967785>,  <45.031841, 55.386185, 52.368080>, 0.130000
	pigment { color rgbt <1,0,0,0> }
	no_shadow
}

// nucleotide -1

// particle -1
sphere {
	<45.427635, 54.818745, 51.967785> 0.250000
	pigment { color rgbt <1,0,0,0> }
	no_shadow
}
cylinder {
	<45.151730, 55.004532, 51.745617>,  <44.986187, 55.116005, 51.612316>, 0.100000
	pigment { color rgbt <1,0,0,0> }
	no_shadow
}
cylinder {
	<45.151730, 55.004532, 51.745617>,  <45.427635, 54.818745, 51.967785>, 0.100000
	pigment { color rgbt <1,0,0,0> }
	no_shadow
}

// particle -1
sphere {
	<45.151730, 55.004532, 51.745617> 0.100000
	pigment { color rgbt <1,0,0,0> }
	no_shadow
}
sphere {
	0, 1
	scale<0.080000,0.200000,0.300000>
	matrix <0.721167, 0.372581, -0.584038,
		-0.064328, -0.803401, -0.591954,
		-0.689768, 0.464468, -0.555419,
		44.944798, 55.143871, 51.578991>
	pigment { color rgbt <0,1,1,0> }
	no_shadow
}
cylinder {
	<45.467491, 55.286419, 51.502495>,  <45.427635, 54.818745, 51.967785>, 0.130000
	pigment { color rgbt <1,0,0,0> }
	no_shadow
}

// nucleotide -1

// particle -1
sphere {
	<45.467491, 55.286419, 51.502495> 0.250000
	pigment { color rgbt <1,0,0,0> }
	no_shadow
}
cylinder {
	<45.817726, 55.239605, 51.315029>,  <46.027866, 55.211517, 51.202549>, 0.100000
	pigment { color rgbt <1,0,0,0> }
	no_shadow
}
cylinder {
	<45.817726, 55.239605, 51.315029>,  <45.467491, 55.286419, 51.502495>, 0.100000
	pigment { color rgbt <1,0,0,0> }
	no_shadow
}

// particle -1
sphere {
	<45.817726, 55.239605, 51.315029> 0.100000
	pigment { color rgbt <1,0,0,0> }
	no_shadow
}
sphere {
	0, 1
	scale<0.080000,0.200000,0.300000>
	matrix <0.411504, 0.688846, 0.596788,
		0.252992, -0.715398, 0.651306,
		0.875591, -0.117033, -0.468662,
		46.080402, 55.204494, 51.174431>
	pigment { color rgbt <0,1,1,0> }
	no_shadow
}
cylinder {
	<46.115559, 55.057190, 51.855362>,  <45.467491, 55.286419, 51.502495>, 0.130000
	pigment { color rgbt <1,0,0,0> }
	no_shadow
}

// nucleotide -1

// particle -1
sphere {
	<46.115559, 55.057190, 51.855362> 0.250000
	pigment { color rgbt <1,0,0,0> }
	no_shadow
}
cylinder {
	<46.211533, 55.314156, 51.564232>,  <46.269119, 55.468334, 51.389553>, 0.100000
	pigment { color rgbt <1,0,0,0> }
	no_shadow
}
cylinder {
	<46.211533, 55.314156, 51.564232>,  <46.115559, 55.057190, 51.855362>, 0.100000
	pigment { color rgbt <1,0,0,0> }
	no_shadow
}

// particle -1
sphere {
	<46.211533, 55.314156, 51.564232> 0.100000
	pigment { color rgbt <1,0,0,0> }
	no_shadow
}
sphere {
	0, 1
	scale<0.080000,0.200000,0.300000>
	matrix <0.562682, 0.518916, 0.643518,
		0.791087, -0.563939, -0.236968,
		0.239939, 0.642416, -0.727826,
		46.283516, 55.506882, 51.345882>
	pigment { color rgbt <0,1,1,0> }
	no_shadow
}
cylinder {
	<46.341297, 55.160076, 52.590431>,  <46.115559, 55.057190, 51.855362>, 0.130000
	pigment { color rgbt <1,0,0,0> }
	no_shadow
}

// nucleotide -1

// particle -1
sphere {
	<46.341297, 55.160076, 52.590431> 0.250000
	pigment { color rgbt <1,0,0,0> }
	no_shadow
}
cylinder {
	<46.010880, 55.377266, 52.650871>,  <45.812630, 55.507580, 52.687138>, 0.100000
	pigment { color rgbt <1,0,0,0> }
	no_shadow
}
cylinder {
	<46.010880, 55.377266, 52.650871>,  <46.341297, 55.160076, 52.590431>, 0.100000
	pigment { color rgbt <1,0,0,0> }
	no_shadow
}

// particle -1
sphere {
	<46.010880, 55.377266, 52.650871> 0.100000
	pigment { color rgbt <1,0,0,0> }
	no_shadow
}
sphere {
	0, 1
	scale<0.080000,0.200000,0.300000>
	matrix <-0.012888, -0.286228, 0.958075,
		0.563456, 0.789466, 0.243435,
		-0.826045, 0.542971, 0.151103,
		45.763065, 55.540157, 52.696201>
	pigment { color rgbt <0,1,1,0> }
	no_shadow
}
cylinder {
	<46.348095, 55.745705, 53.126694>,  <46.341297, 55.160076, 52.590431>, 0.130000
	pigment { color rgbt <1,0,0,0> }
	no_shadow
}

// nucleotide -1

// particle -1
sphere {
	<46.348095, 55.745705, 53.126694> 0.250000
	pigment { color rgbt <1,0,0,0> }
	no_shadow
}
cylinder {
	<46.014297, 55.526680, 53.102081>,  <45.814018, 55.395264, 53.087315>, 0.100000
	pigment { color rgbt <1,0,0,0> }
	no_shadow
}
cylinder {
	<46.014297, 55.526680, 53.102081>,  <46.348095, 55.745705, 53.126694>, 0.100000
	pigment { color rgbt <1,0,0,0> }
	no_shadow
}

// particle -1
sphere {
	<46.014297, 55.526680, 53.102081> 0.100000
	pigment { color rgbt <1,0,0,0> }
	no_shadow
}
sphere {
	0, 1
	scale<0.080000,0.200000,0.300000>
	matrix <0.103389, -0.265280, 0.958612,
		-0.541225, 0.793598, 0.277988,
		-0.834498, -0.547566, -0.061527,
		45.763947, 55.362411, 53.083622>
	pigment { color rgbt <0,1,1,0> }
	no_shadow
}
cylinder {
	<46.223103, 56.297688, 53.615852>,  <46.348095, 55.745705, 53.126694>, 0.130000
	pigment { color rgbt <1,0,0,0> }
	no_shadow
}

// nucleotide -1

// particle -1
sphere {
	<46.223103, 56.297688, 53.615852> 0.250000
	pigment { color rgbt <1,0,0,0> }
	no_shadow
}
cylinder {
	<46.235714, 56.697380, 53.625195>,  <46.243279, 56.937195, 53.630802>, 0.100000
	pigment { color rgbt <1,0,0,0> }
	no_shadow
}
cylinder {
	<46.235714, 56.697380, 53.625195>,  <46.223103, 56.297688, 53.615852>, 0.100000
	pigment { color rgbt <1,0,0,0> }
	no_shadow
}

// particle -1
sphere {
	<46.235714, 56.697380, 53.625195> 0.100000
	pigment { color rgbt <1,0,0,0> }
	no_shadow
}
sphere {
	0, 1
	scale<0.080000,0.200000,0.300000>
	matrix <0.851686, -0.039088, 0.522593,
		0.523104, 0.003419, -0.852262,
		0.031527, 0.999230, 0.023360,
		46.245171, 56.997150, 53.632202>
	pigment { color rgbt <0,1,1,0> }
	no_shadow
}
cylinder {
	<46.991482, 56.488396, 53.376965>,  <46.223103, 56.297688, 53.615852>, 0.130000
	pigment { color rgbt <1,0,0,0> }
	no_shadow
}

// nucleotide -1

// particle -1
sphere {
	<46.991482, 56.488396, 53.376965> 0.250000
	pigment { color rgbt <1,0,0,0> }
	no_shadow
}
cylinder {
	<46.824772, 56.767609, 53.609875>,  <46.724747, 56.935139, 53.749619>, 0.100000
	pigment { color rgbt <1,0,0,0> }
	no_shadow
}
cylinder {
	<46.824772, 56.767609, 53.609875>,  <46.991482, 56.488396, 53.376965>, 0.100000
	pigment { color rgbt <1,0,0,0> }
	no_shadow
}

// particle -1
sphere {
	<46.824772, 56.767609, 53.609875> 0.100000
	pigment { color rgbt <1,0,0,0> }
	no_shadow
}
sphere {
	0, 1
	scale<0.080000,0.200000,0.300000>
	matrix <0.864662, 0.106805, 0.490869,
		0.280455, 0.708052, -0.648080,
		-0.416779, 0.698037, 0.582271,
		46.699738, 56.977020, 53.784557>
	pigment { color rgbt <0,1,1,0> }
	no_shadow
}
cylinder {
	<47.461823, 57.266914, 53.375488>,  <46.991482, 56.488396, 53.376965>, 0.130000
	pigment { color rgbt <1,0,0,0> }
	no_shadow
}

// nucleotide -1

// particle -1
sphere {
	<47.461823, 57.266914, 53.375488> 0.250000
	pigment { color rgbt <1,0,0,0> }
	no_shadow
}
cylinder {
	<47.243832, 57.083958, 53.656570>,  <47.113037, 56.974182, 53.825218>, 0.100000
	pigment { color rgbt <1,0,0,0> }
	no_shadow
}
cylinder {
	<47.243832, 57.083958, 53.656570>,  <47.461823, 57.266914, 53.375488>, 0.100000
	pigment { color rgbt <1,0,0,0> }
	no_shadow
}

// particle -1
sphere {
	<47.243832, 57.083958, 53.656570> 0.100000
	pigment { color rgbt <1,0,0,0> }
	no_shadow
}
sphere {
	0, 1
	scale<0.080000,0.200000,0.300000>
	matrix <0.799665, -0.031576, 0.599616,
		-0.252070, 0.888705, 0.382968,
		-0.544974, -0.457391, 0.702707,
		47.080338, 56.946739, 53.867382>
	pigment { color rgbt <0,1,1,0> }
	no_shadow
}
cylinder {
	<47.502823, 57.581966, 54.047703>,  <47.461823, 57.266914, 53.375488>, 0.130000
	pigment { color rgbt <1,0,0,0> }
	no_shadow
}

// nucleotide -1

// particle -1
sphere {
	<47.502823, 57.581966, 54.047703> 0.250000
	pigment { color rgbt <1,0,0,0> }
	no_shadow
}
cylinder {
	<47.427258, 57.190285, 54.077293>,  <47.381920, 56.955276, 54.095047>, 0.100000
	pigment { color rgbt <1,0,0,0> }
	no_shadow
}
cylinder {
	<47.427258, 57.190285, 54.077293>,  <47.502823, 57.581966, 54.047703>, 0.100000
	pigment { color rgbt <1,0,0,0> }
	no_shadow
}

// particle -1
sphere {
	<47.427258, 57.190285, 54.077293> 0.100000
	pigment { color rgbt <1,0,0,0> }
	no_shadow
}
sphere {
	0, 1
	scale<0.080000,0.200000,0.300000>
	matrix <0.772433, -0.101658, 0.626907,
		-0.606349, 0.175574, 0.775574,
		-0.188912, -0.979203, 0.073979,
		47.370583, 56.896523, 54.099487>
	pigment { color rgbt <0,1,1,0> }
	no_shadow
}
cylinder {
	<47.575600, 57.373547, 54.733040>,  <47.502823, 57.581966, 54.047703>, 0.130000
	pigment { color rgbt <1,0,0,0> }
	no_shadow
}

// nucleotide -1

// particle -1
sphere {
	<47.575600, 57.373547, 54.733040> 0.250000
	pigment { color rgbt <1,0,0,0> }
	no_shadow
}
cylinder {
	<47.657230, 57.028976, 54.547005>,  <47.706211, 56.822235, 54.435383>, 0.100000
	pigment { color rgbt <1,0,0,0> }
	no_shadow
}
cylinder {
	<47.657230, 57.028976, 54.547005>,  <47.575600, 57.373547, 54.733040>, 0.100000
	pigment { color rgbt <1,0,0,0> }
	no_shadow
}

// particle -1
sphere {
	<47.657230, 57.028976, 54.547005> 0.100000
	pigment { color rgbt <1,0,0,0> }
	no_shadow
}
sphere {
	0, 1
	scale<0.080000,0.200000,0.300000>
	matrix <0.792427, -0.133593, 0.595157,
		-0.574813, -0.490005, 0.655350,
		0.204080, -0.861422, -0.465085,
		47.718456, 56.770550, 54.407478>
	pigment { color rgbt <0,1,1,0> }
	no_shadow
}
cylinder {
	<47.902828, 57.067581, 55.133595>,  <47.575600, 57.373547, 54.733040>, 0.130000
	pigment { color rgbt <1,0,0,0> }
	no_shadow
}

// nucleotide -1

// particle -1
sphere {
	<47.902828, 57.067581, 55.133595> 0.250000
	pigment { color rgbt <1,0,0,0> }
	no_shadow
}
cylinder {
	<47.957890, 56.803341, 54.838390>,  <47.990929, 56.644798, 54.661266>, 0.100000
	pigment { color rgbt <1,0,0,0> }
	no_shadow
}
cylinder {
	<47.957890, 56.803341, 54.838390>,  <47.902828, 57.067581, 55.133595>, 0.100000
	pigment { color rgbt <1,0,0,0> }
	no_shadow
}

// particle -1
sphere {
	<47.957890, 56.803341, 54.838390> 0.100000
	pigment { color rgbt <1,0,0,0> }
	no_shadow
}
sphere {
	0, 1
	scale<0.080000,0.200000,0.300000>
	matrix <0.806141, -0.358198, 0.470988,
		-0.575488, -0.659777, 0.483226,
		0.137656, -0.660597, -0.738012,
		47.999187, 56.605164, 54.616985>
	pigment { color rgbt <0,1,1,0> }
	no_shadow
}
cylinder {
	<48.180496, 57.068321, 55.891190>,  <47.902828, 57.067581, 55.133595>, 0.130000
	pigment { color rgbt <1,0,0,0> }
	no_shadow
}

// nucleotide -1

// particle -1
sphere {
	<48.180496, 57.068321, 55.891190> 0.250000
	pigment { color rgbt <1,0,0,0> }
	no_shadow
}
cylinder {
	<48.033733, 57.411297, 55.746872>,  <47.945675, 57.617085, 55.660282>, 0.100000
	pigment { color rgbt <1,0,0,0> }
	no_shadow
}
cylinder {
	<48.033733, 57.411297, 55.746872>,  <48.180496, 57.068321, 55.891190>, 0.100000
	pigment { color rgbt <1,0,0,0> }
	no_shadow
}

// particle -1
sphere {
	<48.033733, 57.411297, 55.746872> 0.100000
	pigment { color rgbt <1,0,0,0> }
	no_shadow
}
sphere {
	0, 1
	scale<0.080000,0.200000,0.300000>
	matrix <-0.606532, 0.073569, 0.791648,
		0.705335, 0.509296, 0.493073,
		-0.366908, 0.857441, -0.360795,
		47.923660, 57.668530, 55.638634>
	pigment { color rgbt <0,1,1,0> }
	no_shadow
}
cylinder {
	<48.728783, 56.525829, 55.681652>,  <48.180496, 57.068321, 55.891190>, 0.130000
	pigment { color rgbt <1,0,0,0> }
	no_shadow
}

// nucleotide -1

// particle -1
sphere {
	<48.728783, 56.525829, 55.681652> 0.250000
	pigment { color rgbt <1,0,0,0> }
	no_shadow
}
cylinder {
	<49.098881, 56.632019, 55.573250>,  <49.320938, 56.695732, 55.508209>, 0.100000
	pigment { color rgbt <1,0,0,0> }
	no_shadow
}
cylinder {
	<49.098881, 56.632019, 55.573250>,  <48.728783, 56.525829, 55.681652>, 0.100000
	pigment { color rgbt <1,0,0,0> }
	no_shadow
}

// particle -1
sphere {
	<49.098881, 56.632019, 55.573250> 0.100000
	pigment { color rgbt <1,0,0,0> }
	no_shadow
}
sphere {
	0, 1
	scale<0.080000,0.200000,0.300000>
	matrix <0.379172, -0.624011, 0.683256,
		0.012272, -0.734938, -0.678023,
		0.925245, 0.265472, -0.271010,
		49.376453, 56.711662, 55.491947>
	pigment { color rgbt <0,1,1,0> }
	no_shadow
}
cylinder {
	<49.226807, 55.906067, 55.496059>,  <48.728783, 56.525829, 55.681652>, 0.130000
	pigment { color rgbt <1,0,0,0> }
	no_shadow
}

// nucleotide -1

// particle -1
sphere {
	<49.226807, 55.906067, 55.496059> 0.250000
	pigment { color rgbt <1,0,0,0> }
	no_shadow
}
cylinder {
	<49.400215, 56.244377, 55.620461>,  <49.504261, 56.447365, 55.695103>, 0.100000
	pigment { color rgbt <1,0,0,0> }
	no_shadow
}
cylinder {
	<49.400215, 56.244377, 55.620461>,  <49.226807, 55.906067, 55.496059>, 0.100000
	pigment { color rgbt <1,0,0,0> }
	no_shadow
}

// particle -1
sphere {
	<49.400215, 56.244377, 55.620461> 0.100000
	pigment { color rgbt <1,0,0,0> }
	no_shadow
}
sphere {
	0, 1
	scale<0.080000,0.200000,0.300000>
	matrix <0.555701, -0.522600, 0.646595,
		0.709404, -0.107489, -0.696557,
		0.433523, 0.845775, 0.311003,
		49.530273, 56.498108, 55.713760>
	pigment { color rgbt <0,1,1,0> }
	no_shadow
}
cylinder {
	<49.950146, 55.821438, 55.445904>,  <49.226807, 55.906067, 55.496059>, 0.130000
	pigment { color rgbt <1,0,0,0> }
	no_shadow
}

// nucleotide -1

// particle -1
sphere {
	<49.950146, 55.821438, 55.445904> 0.250000
	pigment { color rgbt <1,0,0,0> }
	no_shadow
}
cylinder {
	<49.871658, 56.100658, 55.721359>,  <49.824566, 56.268188, 55.886631>, 0.100000
	pigment { color rgbt <1,0,0,0> }
	no_shadow
}
cylinder {
	<49.871658, 56.100658, 55.721359>,  <49.950146, 55.821438, 55.445904>, 0.100000
	pigment { color rgbt <1,0,0,0> }
	no_shadow
}

// particle -1
sphere {
	<49.871658, 56.100658, 55.721359> 0.100000
	pigment { color rgbt <1,0,0,0> }
	no_shadow
}
sphere {
	0, 1
	scale<0.080000,0.200000,0.300000>
	matrix <0.513773, -0.524981, 0.678552,
		0.835185, 0.486951, -0.255626,
		-0.196223, 0.698050, 0.688639,
		49.812790, 56.310074, 55.927952>
	pigment { color rgbt <0,1,1,0> }
	no_shadow
}
cylinder {
	<50.559689, 56.141853, 55.623840>,  <49.950146, 55.821438, 55.445904>, 0.130000
	pigment { color rgbt <1,0,0,0> }
	no_shadow
}

// nucleotide -1

// particle -1
sphere {
	<50.559689, 56.141853, 55.623840> 0.250000
	pigment { color rgbt <1,0,0,0> }
	no_shadow
}
cylinder {
	<50.291721, 56.149582, 55.920715>,  <50.130939, 56.154221, 56.098839>, 0.100000
	pigment { color rgbt <1,0,0,0> }
	no_shadow
}
cylinder {
	<50.291721, 56.149582, 55.920715>,  <50.559689, 56.141853, 55.623840>, 0.100000
	pigment { color rgbt <1,0,0,0> }
	no_shadow
}

// particle -1
sphere {
	<50.291721, 56.149582, 55.920715> 0.100000
	pigment { color rgbt <1,0,0,0> }
	no_shadow
}
sphere {
	0, 1
	scale<0.080000,0.200000,0.300000>
	matrix <0.680125, -0.384900, 0.623925,
		0.297723, 0.922756, 0.244709,
		-0.669919, 0.019324, 0.742183,
		50.090744, 56.155380, 56.143372>
	pigment { color rgbt <0,1,1,0> }
	no_shadow
}
cylinder {
	<50.809326, 56.610470, 56.173801>,  <50.559689, 56.141853, 55.623840>, 0.130000
	pigment { color rgbt <1,0,0,0> }
	no_shadow
}

// nucleotide -1

// particle -1
sphere {
	<50.809326, 56.610470, 56.173801> 0.250000
	pigment { color rgbt <1,0,0,0> }
	no_shadow
}
cylinder {
	<50.560223, 56.320965, 56.292686>,  <50.410759, 56.147263, 56.364017>, 0.100000
	pigment { color rgbt <1,0,0,0> }
	no_shadow
}
cylinder {
	<50.560223, 56.320965, 56.292686>,  <50.809326, 56.610470, 56.173801>, 0.100000
	pigment { color rgbt <1,0,0,0> }
	no_shadow
}

// particle -1
sphere {
	<50.560223, 56.320965, 56.292686> 0.100000
	pigment { color rgbt <1,0,0,0> }
	no_shadow
}
sphere {
	0, 1
	scale<0.080000,0.200000,0.300000>
	matrix <0.645985, -0.261304, 0.717234,
		-0.441446, 0.638658, 0.630271,
		-0.622760, -0.723765, 0.297212,
		50.373394, 56.103836, 56.381851>
	pigment { color rgbt <0,1,1,0> }
	no_shadow
}
cylinder {
	<50.850178, 56.529320, 56.893929>,  <50.809326, 56.610470, 56.173801>, 0.130000
	pigment { color rgbt <1,0,0,0> }
	no_shadow
}

// nucleotide -1

// particle -1
sphere {
	<50.850178, 56.529320, 56.893929> 0.250000
	pigment { color rgbt <1,0,0,0> }
	no_shadow
}
cylinder {
	<50.682747, 56.187962, 56.769669>,  <50.582287, 55.983147, 56.695114>, 0.100000
	pigment { color rgbt <1,0,0,0> }
	no_shadow
}
cylinder {
	<50.682747, 56.187962, 56.769669>,  <50.850178, 56.529320, 56.893929>, 0.100000
	pigment { color rgbt <1,0,0,0> }
	no_shadow
}

// particle -1
sphere {
	<50.682747, 56.187962, 56.769669> 0.100000
	pigment { color rgbt <1,0,0,0> }
	no_shadow
}
sphere {
	0, 1
	scale<0.080000,0.200000,0.300000>
	matrix <0.551766, -0.510655, 0.659383,
		-0.721350, 0.104600, 0.684626,
		-0.418579, -0.853399, -0.310646,
		50.557175, 55.931942, 56.676476>
	pigment { color rgbt <0,1,1,0> }
	no_shadow
}
cylinder {
	<50.375366, 56.151852, 57.339474>,  <50.850178, 56.529320, 56.893929>, 0.130000
	pigment { color rgbt <1,0,0,0> }
	no_shadow
}

// nucleotide -1

// particle -1
sphere {
	<50.375366, 56.151852, 57.339474> 0.250000
	pigment { color rgbt <1,0,0,0> }
	no_shadow
}
cylinder {
	<50.603912, 55.933311, 57.094513>,  <50.741039, 55.802185, 56.947536>, 0.100000
	pigment { color rgbt <1,0,0,0> }
	no_shadow
}
cylinder {
	<50.603912, 55.933311, 57.094513>,  <50.375366, 56.151852, 57.339474>, 0.100000
	pigment { color rgbt <1,0,0,0> }
	no_shadow
}

// particle -1
sphere {
	<50.603912, 55.933311, 57.094513> 0.100000
	pigment { color rgbt <1,0,0,0> }
	no_shadow
}
sphere {
	0, 1
	scale<0.080000,0.200000,0.300000>
	matrix <0.596161, -0.236535, 0.767231,
		-0.564036, -0.803460, 0.190568,
		0.571363, -0.546355, -0.612406,
		50.775322, 55.769405, 56.910789>
	pigment { color rgbt <0,1,1,0> }
	no_shadow
}
cylinder {
	<50.516468, 55.380070, 57.621223>,  <50.375366, 56.151852, 57.339474>, 0.130000
	pigment { color rgbt <1,0,0,0> }
	no_shadow
}

// nucleotide -1

// particle -1
sphere {
	<50.516468, 55.380070, 57.621223> 0.250000
	pigment { color rgbt <1,0,0,0> }
	no_shadow
}
cylinder {
	<50.792747, 55.503784, 57.359756>,  <50.958515, 55.578014, 57.202877>, 0.100000
	pigment { color rgbt <1,0,0,0> }
	no_shadow
}
cylinder {
	<50.792747, 55.503784, 57.359756>,  <50.516468, 55.380070, 57.621223>, 0.100000
	pigment { color rgbt <1,0,0,0> }
	no_shadow
}

// particle -1
sphere {
	<50.792747, 55.503784, 57.359756> 0.100000
	pigment { color rgbt <1,0,0,0> }
	no_shadow
}
sphere {
	0, 1
	scale<0.080000,0.200000,0.300000>
	matrix <0.723053, -0.309586, 0.617536,
		-0.011368, -0.899165, -0.437463,
		0.690699, 0.309288, -0.653664,
		50.999958, 55.596569, 57.163658>
	pigment { color rgbt <0,1,1,0> }
	no_shadow
}
cylinder {
	<50.855343, 54.767242, 57.449863>,  <50.516468, 55.380070, 57.621223>, 0.130000
	pigment { color rgbt <1,0,0,0> }
	no_shadow
}

// nucleotide -1

// particle -1
sphere {
	<50.855343, 54.767242, 57.449863> 0.250000
	pigment { color rgbt <1,0,0,0> }
	no_shadow
}
cylinder {
	<51.053268, 55.114834, 57.447212>,  <51.172024, 55.323387, 57.445621>, 0.100000
	pigment { color rgbt <1,0,0,0> }
	no_shadow
}
cylinder {
	<51.053268, 55.114834, 57.447212>,  <50.855343, 54.767242, 57.449863>, 0.100000
	pigment { color rgbt <1,0,0,0> }
	no_shadow
}

// particle -1
sphere {
	<51.053268, 55.114834, 57.447212> 0.100000
	pigment { color rgbt <1,0,0,0> }
	no_shadow
}
sphere {
	0, 1
	scale<0.080000,0.200000,0.300000>
	matrix <0.539877, -0.301423, 0.785925,
		0.680952, -0.392460, -0.618287,
