// switches for output
#declare DRAW_BASES = 1; // possible values are 0, 1; only relevant for DNA ribbons
#declare DRAW_BASES_TYPE = 3; // possible values are 1, 2, 3; only relevant for DNA ribbons
#declare DRAW_FOG = 0; // set to 1 to enable fog

#include "colors.inc"

#include "transforms.inc"
background { rgb <1, 1, 1>}

#default {
   normal{
       ripples 0.25
       frequency 0.20
       turbulence 0.2
       lambda 5
   }
	finish {
		phong 0.1
		phong_size 40.
	}
}

// original window dimensions: 1024x640


// camera settings

camera {
	sky <-0, 1, 0>
	up <-0, 1, 0>
	right 1.6 * <0.99995, 0, 0.00999983>
	location <54.4867, 55, 106.329>
	look_at <55, 55, 55.0001>
	direction <0.513302, 0, -51.3289>
	angle 67.0682
}


# declare cpy_camera_pos = <54.4867, 55, 106.329>;
# if (DRAW_FOG = 1)
fog {
	fog_type 2
	up vnormalize(cpy_camera_pos)
	color rgbt<1,1,1,0.3>
	distance 1e-5
	fog_alt 3e-3
	fog_offset 88
}
# end


// LIGHTS

# declare lum = 6;
global_settings {
	ambient_light rgb lum * <0.05, 0.05, 0.05>
	max_trace_level 15
}# declare cpy_direct_light_amount = 0.25;
light_source
{	1000 * <-0.98995, -1, 1.00995>,
	rgb lum * cpy_direct_light_amount
	parallel
}

light_source
{	1000 * <0.98995, 1, -1.00995>,
	rgb lum * cpy_direct_light_amount
	parallel
}

// strand 0

// nucleotide -1

// particle -1
sphere {
	<36.567539, 52.767868, 50.224274> 0.250000
	pigment { color rgbt <1,0,0,0> }
	no_shadow
}
cylinder {
	<36.307163, 52.924160, 49.963932>,  <36.150936, 53.017933, 49.807728>, 0.100000
	pigment { color rgbt <1,0,0,0> }
	no_shadow
}
cylinder {
	<36.307163, 52.924160, 49.963932>,  <36.567539, 52.767868, 50.224274>, 0.100000
	pigment { color rgbt <1,0,0,0> }
	no_shadow
}

// particle -1
sphere {
	<36.307163, 52.924160, 49.963932> 0.100000
	pigment { color rgbt <1,0,0,0> }
	no_shadow
}
sphere {
	0, 1
	scale<0.080000,0.200000,0.300000>
	matrix <-0.380383, 0.574086, 0.725075,
		0.656951, 0.719555, -0.225071,
		-0.650941, 0.390725, -0.650853,
		36.111881, 53.041378, 49.768677>
	pigment { color rgbt <0,1,1,0> }
	no_shadow
}
cylinder {
	<37.237434, 52.754257, 50.564560>,  <36.567539, 52.767868, 50.224274>, 0.130000
	pigment { color rgbt <1,0,0,0> }
	no_shadow
}

// nucleotide -1

// particle -1
sphere {
	<37.237434, 52.754257, 50.564560> 0.250000
	pigment { color rgbt <1,0,0,0> }
	no_shadow
}
cylinder {
	<37.214520, 52.859085, 50.179222>,  <37.200771, 52.921982, 49.948017>, 0.100000
	pigment { color rgbt <1,0,0,0> }
	no_shadow
}
cylinder {
	<37.214520, 52.859085, 50.179222>,  <37.237434, 52.754257, 50.564560>, 0.100000
	pigment { color rgbt <1,0,0,0> }
	no_shadow
}

// particle -1
sphere {
	<37.214520, 52.859085, 50.179222> 0.100000
	pigment { color rgbt <1,0,0,0> }
	no_shadow
}
sphere {
	0, 1
	scale<0.080000,0.200000,0.300000>
	matrix <0.362891, -0.893464, -0.264635,
		-0.930069, -0.364752, -0.043915,
		-0.057290, 0.262065, -0.963348,
		37.197334, 52.937706, 49.890217>
	pigment { color rgbt <0,1,1,0> }
	no_shadow
}
cylinder {
	<37.940731, 52.962040, 50.770462>,  <37.237434, 52.754257, 50.564560>, 0.130000
	pigment { color rgbt <1,0,0,0> }
	no_shadow
}

// nucleotide -1

// particle -1
sphere {
	<37.940731, 52.962040, 50.770462> 0.250000
	pigment { color rgbt <1,0,0,0> }
	no_shadow
}
cylinder {
	<37.862991, 53.298637, 50.568821>,  <37.816349, 53.500595, 50.447838>, 0.100000
	pigment { color rgbt <1,0,0,0> }
	no_shadow
}
cylinder {
	<37.862991, 53.298637, 50.568821>,  <37.940731, 52.962040, 50.770462>, 0.100000
	pigment { color rgbt <1,0,0,0> }
	no_shadow
}

// particle -1
sphere {
	<37.862991, 53.298637, 50.568821> 0.100000
	pigment { color rgbt <1,0,0,0> }
	no_shadow
}
sphere {
	0, 1
	scale<0.080000,0.200000,0.300000>
	matrix <0.662678, 0.491532, 0.565026,
		0.723247, -0.224243, -0.653168,
		-0.194350, 0.841493, -0.504100,
		37.804688, 53.551086, 50.417591>
	pigment { color rgbt <0,1,1,0> }
	no_shadow
}
cylinder {
	<38.565239, 53.311863, 50.692047>,  <37.940731, 52.962040, 50.770462>, 0.130000
	pigment { color rgbt <1,0,0,0> }
	no_shadow
}

// nucleotide -1

// particle -1
sphere {
	<38.565239, 53.311863, 50.692047> 0.250000
	pigment { color rgbt <1,0,0,0> }
	no_shadow
}
cylinder {
	<38.261951, 53.572304, 50.678425>,  <38.079979, 53.728569, 50.670250>, 0.100000
	pigment { color rgbt <1,0,0,0> }
	no_shadow
}
cylinder {
	<38.261951, 53.572304, 50.678425>,  <38.565239, 53.311863, 50.692047>, 0.100000
	pigment { color rgbt <1,0,0,0> }
	no_shadow
}

// particle -1
sphere {
	<38.261951, 53.572304, 50.678425> 0.100000
	pigment { color rgbt <1,0,0,0> }
	no_shadow
}
sphere {
	0, 1
	scale<0.080000,0.200000,0.300000>
	matrix <0.563312, 0.680498, 0.468616,
		0.328296, 0.336129, -0.882745,
		-0.758222, 0.651106, -0.034059,
		38.034485, 53.767635, 50.668205>
	pigment { color rgbt <0,1,1,0> }
	no_shadow
}
cylinder {
	<38.843498, 54.053932, 50.463760>,  <38.565239, 53.311863, 50.692047>, 0.130000
	pigment { color rgbt <1,0,0,0> }
	no_shadow
}

// nucleotide -1

// particle -1
sphere {
	<38.843498, 54.053932, 50.463760> 0.250000
	pigment { color rgbt <1,0,0,0> }
	no_shadow
}
cylinder {
	<38.517948, 54.069847, 50.695633>,  <38.322620, 54.079395, 50.834755>, 0.100000
	pigment { color rgbt <1,0,0,0> }
	no_shadow
}
cylinder {
	<38.517948, 54.069847, 50.695633>,  <38.843498, 54.053932, 50.463760>, 0.100000
	pigment { color rgbt <1,0,0,0> }
	no_shadow
}

// particle -1
sphere {
	<38.517948, 54.069847, 50.695633> 0.100000
	pigment { color rgbt <1,0,0,0> }
	no_shadow
}
sphere {
	0, 1
	scale<0.080000,0.200000,0.300000>
	matrix <0.365586, 0.810493, 0.457655,
		-0.451620, 0.584396, -0.674181,
		-0.813871, 0.039785, 0.579682,
		38.273788, 54.081783, 50.869537>
	pigment { color rgbt <0,1,1,0> }
	no_shadow
}
cylinder {
	<38.545959, 54.733917, 50.395126>,  <38.843498, 54.053932, 50.463760>, 0.130000
	pigment { color rgbt <1,0,0,0> }
	no_shadow
}

// nucleotide -1

// particle -1
sphere {
	<38.545959, 54.733917, 50.395126> 0.250000
	pigment { color rgbt <1,0,0,0> }
	no_shadow
}
cylinder {
	<38.484180, 54.562477, 50.751205>,  <38.447113, 54.459614, 50.964851>, 0.100000
	pigment { color rgbt <1,0,0,0> }
	no_shadow
}
cylinder {
	<38.484180, 54.562477, 50.751205>,  <38.545959, 54.733917, 50.395126>, 0.100000
	pigment { color rgbt <1,0,0,0> }
	no_shadow
}

// particle -1
sphere {
	<38.484180, 54.562477, 50.751205> 0.100000
	pigment { color rgbt <1,0,0,0> }
	no_shadow
}
sphere {
	0, 1
	scale<0.080000,0.200000,0.300000>
	matrix <0.561581, 0.703219, 0.436015,
		-0.812879, 0.567259, 0.132083,
		-0.154450, -0.428603, 0.890194,
		38.437847, 54.433895, 51.018265>
	pigment { color rgbt <0,1,1,0> }
	no_shadow
}
cylinder {
	<39.371765, 54.893040, 50.410885>,  <38.545959, 54.733917, 50.395126>, 0.130000
	pigment { color rgbt <1,0,0,0> }
	no_shadow
}

// nucleotide -1

// particle -1
sphere {
	<39.371765, 54.893040, 50.410885> 0.250000
	pigment { color rgbt <1,0,0,0> }
	no_shadow
}
cylinder {
	<39.373096, 54.502815, 50.498768>,  <39.373898, 54.268681, 50.551498>, 0.100000
	pigment { color rgbt <1,0,0,0> }
	no_shadow
}
cylinder {
	<39.373096, 54.502815, 50.498768>,  <39.371765, 54.893040, 50.410885>, 0.100000
	pigment { color rgbt <1,0,0,0> }
	no_shadow
}

// particle -1
sphere {
	<39.373096, 54.502815, 50.498768> 0.100000
	pigment { color rgbt <1,0,0,0> }
	no_shadow
}
sphere {
	0, 1
	scale<0.080000,0.200000,0.300000>
	matrix <0.483249, -0.190782, -0.854443,
		0.875477, 0.109021, 0.470803,
		0.003332, -0.975560, 0.219710,
		39.374096, 54.210148, 50.564682>
	pigment { color rgbt <0,1,1,0> }
	no_shadow
}
cylinder {
	<40.082546, 55.164753, 50.144012>,  <39.371765, 54.893040, 50.410885>, 0.130000
	pigment { color rgbt <1,0,0,0> }
	no_shadow
}

// nucleotide -1

// particle -1
sphere {
	<40.082546, 55.164753, 50.144012> 0.250000
	pigment { color rgbt <1,0,0,0> }
	no_shadow
}
cylinder {
	<39.851334, 54.866810, 50.010708>,  <39.712605, 54.688042, 49.930725>, 0.100000
	pigment { color rgbt <1,0,0,0> }
	no_shadow
}
cylinder {
	<39.851334, 54.866810, 50.010708>,  <40.082546, 55.164753, 50.144012>, 0.100000
	pigment { color rgbt <1,0,0,0> }
	no_shadow
}

// particle -1
sphere {
	<39.851334, 54.866810, 50.010708> 0.100000
	pigment { color rgbt <1,0,0,0> }
	no_shadow
}
sphere {
	0, 1
	scale<0.080000,0.200000,0.300000>
	matrix <0.048671, 0.376203, -0.925258,
		0.814562, -0.551048, -0.181204,
		-0.578031, -0.744861, -0.333260,
		39.677925, 54.643353, 49.910728>
	pigment { color rgbt <0,1,1,0> }
	no_shadow
}
cylinder {
	<40.743176, 55.789387, 50.096706>,  <40.082546, 55.164753, 50.144012>, 0.130000
	pigment { color rgbt <1,0,0,0> }
	no_shadow
}

// nucleotide -1

// particle -1
sphere {
	<40.743176, 55.789387, 50.096706> 0.250000
	pigment { color rgbt <1,0,0,0> }
	no_shadow
}
cylinder {
	<40.549664, 55.963882, 50.400192>,  <40.433556, 56.068581, 50.582283>, 0.100000
	pigment { color rgbt <1,0,0,0> }
	no_shadow
}
cylinder {
	<40.549664, 55.963882, 50.400192>,  <40.743176, 55.789387, 50.096706>, 0.100000
	pigment { color rgbt <1,0,0,0> }
	no_shadow
}

// particle -1
sphere {
	<40.549664, 55.963882, 50.400192> 0.100000
	pigment { color rgbt <1,0,0,0> }
	no_shadow
}
sphere {
	0, 1
	scale<0.080000,0.200000,0.300000>
	matrix <0.866923, 0.119999, 0.483782,
		0.119999, 0.891793, -0.436240,
		-0.483782, 0.436240, 0.758716,
		40.404530, 56.094753, 50.627808>
	pigment { color rgbt <0,1,1,0> }
	no_shadow
}
cylinder {
	<41.087955, 56.378056, 50.343987>,  <40.743176, 55.789387, 50.096706>, 0.130000
	pigment { color rgbt <1,0,0,0> }
	no_shadow
}

// nucleotide -1

// particle -1
sphere {
	<41.087955, 56.378056, 50.343987> 0.250000
	pigment { color rgbt <1,0,0,0> }
	no_shadow
}
cylinder {
	<40.911819, 56.225224, 50.668976>,  <40.806137, 56.133526, 50.863972>, 0.100000
	pigment { color rgbt <1,0,0,0> }
	no_shadow
}
cylinder {
	<40.911819, 56.225224, 50.668976>,  <41.087955, 56.378056, 50.343987>, 0.100000
	pigment { color rgbt <1,0,0,0> }
	no_shadow
}

// particle -1
sphere {
	<40.911819, 56.225224, 50.668976> 0.100000
	pigment { color rgbt <1,0,0,0> }
	no_shadow
}
sphere {
	0, 1
	scale<0.080000,0.200000,0.300000>
	matrix <0.886351, -0.040735, 0.461218,
		-0.143125, 0.923232, 0.356591,
		-0.440338, -0.382077, 0.812478,
		40.779716, 56.110600, 50.912720>
	pigment { color rgbt <0,1,1,0> }
	no_shadow
}
cylinder {
	<41.584320, 56.642868, 50.876591>,  <41.087955, 56.378056, 50.343987>, 0.130000
	pigment { color rgbt <1,0,0,0> }
	no_shadow
}

// nucleotide -1

// particle -1
sphere {
	<41.584320, 56.642868, 50.876591> 0.250000
	pigment { color rgbt <1,0,0,0> }
	no_shadow
}
cylinder {
	<41.383930, 56.319023, 50.998932>,  <41.263695, 56.124718, 51.072338>, 0.100000
	pigment { color rgbt <1,0,0,0> }
	no_shadow
}
cylinder {
	<41.383930, 56.319023, 50.998932>,  <41.584320, 56.642868, 50.876591>, 0.100000
	pigment { color rgbt <1,0,0,0> }
	no_shadow
}

// particle -1
sphere {
	<41.383930, 56.319023, 50.998932> 0.100000
	pigment { color rgbt <1,0,0,0> }
	no_shadow
}
sphere {
	0, 1
	scale<0.080000,0.200000,0.300000>
	matrix <0.855051, -0.408368, 0.319568,
		-0.133824, 0.421620, 0.896843,
		-0.500979, -0.809612, 0.305857,
		41.233635, 56.076138, 51.090691>
	pigment { color rgbt <0,1,1,0> }
	no_shadow
}
cylinder {
	<41.552662, 56.467194, 51.606251>,  <41.584320, 56.642868, 50.876591>, 0.130000
	pigment { color rgbt <1,0,0,0> }
	no_shadow
}

// nucleotide -1

// particle -1
sphere {
	<41.552662, 56.467194, 51.606251> 0.250000
	pigment { color rgbt <1,0,0,0> }
	no_shadow
}
cylinder {
	<41.553024, 56.156776, 51.353981>,  <41.553242, 55.970528, 51.202618>, 0.100000
	pigment { color rgbt <1,0,0,0> }
	no_shadow
}
cylinder {
	<41.553024, 56.156776, 51.353981>,  <41.552662, 56.467194, 51.606251>, 0.100000
	pigment { color rgbt <1,0,0,0> }
	no_shadow
}

// particle -1
sphere {
	<41.553024, 56.156776, 51.353981> 0.100000
	pigment { color rgbt <1,0,0,0> }
	no_shadow
}
sphere {
	0, 1
	scale<0.080000,0.200000,0.300000>
	matrix <0.844322, -0.337344, 0.416316,
		-0.535835, -0.532874, 0.654924,
		0.000909, -0.776044, -0.630679,
		41.553295, 55.923962, 51.164776>
	pigment { color rgbt <0,1,1,0> }
	no_shadow
}
cylinder {
	<41.530430, 55.910648, 52.018642>,  <41.552662, 56.467194, 51.606251>, 0.130000
	pigment { color rgbt <1,0,0,0> }
	no_shadow
}

// nucleotide -1

// particle -1
sphere {
	<41.530430, 55.910648, 52.018642> 0.250000
	pigment { color rgbt <1,0,0,0> }
	no_shadow
}
cylinder {
	<41.738998, 55.820351, 51.689484>,  <41.864140, 55.766174, 51.491989>, 0.100000
	pigment { color rgbt <1,0,0,0> }
	no_shadow
}
cylinder {
	<41.738998, 55.820351, 51.689484>,  <41.530430, 55.910648, 52.018642>, 0.100000
	pigment { color rgbt <1,0,0,0> }
	no_shadow
}

// particle -1
sphere {
	<41.738998, 55.820351, 51.689484> 0.100000
	pigment { color rgbt <1,0,0,0> }
	no_shadow
}
sphere {
	0, 1
	scale<0.080000,0.200000,0.300000>
	matrix <0.597416, -0.592003, 0.540950,
		-0.609276, -0.773674, -0.173815,
		0.521417, -0.225748, -0.822899,
		41.895424, 55.752628, 51.442616>
	pigment { color rgbt <0,1,1,0> }
	no_shadow
}
cylinder {
	<41.707603, 55.182384, 51.967972>,  <41.530430, 55.910648, 52.018642>, 0.130000
	pigment { color rgbt <1,0,0,0> }
	no_shadow
}

// nucleotide -1

// particle -1
sphere {
	<41.707603, 55.182384, 51.967972> 0.250000
	pigment { color rgbt <1,0,0,0> }
	no_shadow
}
cylinder {
	<41.970062, 55.355560, 51.720734>,  <42.127537, 55.459465, 51.572392>, 0.100000
	pigment { color rgbt <1,0,0,0> }
	no_shadow
}
cylinder {
	<41.970062, 55.355560, 51.720734>,  <41.707603, 55.182384, 51.967972>, 0.100000
	pigment { color rgbt <1,0,0,0> }
	no_shadow
}

// particle -1
sphere {
	<41.970062, 55.355560, 51.720734> 0.100000
	pigment { color rgbt <1,0,0,0> }
	no_shadow
}
sphere {
	0, 1
	scale<0.080000,0.200000,0.300000>
	matrix <0.701592, -0.651627, 0.288357,
		-0.277928, -0.622855, -0.731306,
		0.656144, 0.432936, -0.618095,
		42.166904, 55.485439, 51.535305>
	pigment { color rgbt <0,1,1,0> }
	no_shadow
}
cylinder {
	<41.989235, 54.651527, 51.646965>,  <41.707603, 55.182384, 51.967972>, 0.130000
	pigment { color rgbt <1,0,0,0> }
	no_shadow
}

// nucleotide -1

// particle -1
sphere {
	<41.989235, 54.651527, 51.646965> 0.250000
	pigment { color rgbt <1,0,0,0> }
	no_shadow
}
cylinder {
	<42.236664, 54.965664, 51.637177>,  <42.385120, 55.154148, 51.631306>, 0.100000
	pigment { color rgbt <1,0,0,0> }
	no_shadow
}
cylinder {
	<42.236664, 54.965664, 51.637177>,  <41.989235, 54.651527, 51.646965>, 0.100000
	pigment { color rgbt <1,0,0,0> }
	no_shadow
}

// particle -1
sphere {
	<42.236664, 54.965664, 51.637177> 0.100000
	pigment { color rgbt <1,0,0,0> }
	no_shadow
}
sphere {
	0, 1
	scale<0.080000,0.200000,0.300000>
	matrix <0.717712, -0.552083, 0.424374,
		0.319772, -0.280068, -0.905156,
		0.618575, 0.785345, -0.024468,
		42.422237, 55.201267, 51.629837>
	pigment { color rgbt <0,1,1,0> }
	no_shadow
}
cylinder {
	<42.673500, 54.404007, 51.404575>,  <41.989235, 54.651527, 51.646965>, 0.130000
	pigment { color rgbt <1,0,0,0> }
	no_shadow
}

// nucleotide -1

// particle -1
sphere {
	<42.673500, 54.404007, 51.404575> 0.250000
	pigment { color rgbt <1,0,0,0> }
	no_shadow
}
cylinder {
	<42.734585, 54.727394, 51.631927>,  <42.771236, 54.921425, 51.768337>, 0.100000
	pigment { color rgbt <1,0,0,0> }
	no_shadow
}
cylinder {
	<42.734585, 54.727394, 51.631927>,  <42.673500, 54.404007, 51.404575>, 0.100000
	pigment { color rgbt <1,0,0,0> }
	no_shadow
}

// particle -1
sphere {
	<42.734585, 54.727394, 51.631927> 0.100000
	pigment { color rgbt <1,0,0,0> }
	no_shadow
}
sphere {
	0, 1
	scale<0.080000,0.200000,0.300000>
	matrix <0.766488, -0.459938, 0.448278,
		0.623839, 0.367199, -0.689920,
		0.152713, 0.808469, 0.568381,
		42.780399, 54.969936, 51.802441>
	pigment { color rgbt <0,1,1,0> }
	no_shadow
}
cylinder {
	<43.348713, 54.449314, 51.366974>,  <42.673500, 54.404007, 51.404575>, 0.130000
	pigment { color rgbt <1,0,0,0> }
	no_shadow
}

// nucleotide -1

// particle -1
sphere {
	<43.348713, 54.449314, 51.366974> 0.250000
	pigment { color rgbt <1,0,0,0> }
	no_shadow
}
cylinder {
	<43.238281, 54.647713, 51.696281>,  <43.172024, 54.766750, 51.893864>, 0.100000
	pigment { color rgbt <1,0,0,0> }
	no_shadow
}
cylinder {
	<43.238281, 54.647713, 51.696281>,  <43.348713, 54.449314, 51.366974>, 0.100000
	pigment { color rgbt <1,0,0,0> }
	no_shadow
}

// particle -1
sphere {
	<43.238281, 54.647713, 51.696281> 0.100000
	pigment { color rgbt <1,0,0,0> }
	no_shadow
}
sphere {
	0, 1
	scale<0.080000,0.200000,0.300000>
	matrix <0.782238, -0.381750, 0.492311,
		0.558467, 0.779906, -0.282597,
		-0.276075, 0.495998, 0.823267,
		43.155460, 54.796513, 51.943260>
	pigment { color rgbt <0,1,1,0> }
	no_shadow
}
cylinder {
	<43.849068, 54.918636, 51.547649>,  <43.348713, 54.449314, 51.366974>, 0.130000
	pigment { color rgbt <1,0,0,0> }
	no_shadow
}

// nucleotide -1

// particle -1
sphere {
	<43.849068, 54.918636, 51.547649> 0.250000
	pigment { color rgbt <1,0,0,0> }
	no_shadow
}
cylinder {
	<43.639820, 54.831360, 51.877190>,  <43.514271, 54.778996, 52.074913>, 0.100000
	pigment { color rgbt <1,0,0,0> }
	no_shadow
}
cylinder {
	<43.639820, 54.831360, 51.877190>,  <43.849068, 54.918636, 51.547649>, 0.100000
	pigment { color rgbt <1,0,0,0> }
	no_shadow
}

// particle -1
sphere {
	<43.639820, 54.831360, 51.877190> 0.100000
	pigment { color rgbt <1,0,0,0> }
	no_shadow
}
sphere {
	0, 1
	scale<0.080000,0.200000,0.300000>
	matrix <0.852245, -0.128724, 0.507058,
		-0.004587, 0.967379, 0.253291,
		-0.523122, -0.218192, 0.823854,
		43.482883, 54.765903, 52.124348>
	pigment { color rgbt <0,1,1,0> }
	no_shadow
}
cylinder {
	<43.988140, 55.492767, 52.066101>,  <43.849068, 54.918636, 51.547649>, 0.130000
	pigment { color rgbt <1,0,0,0> }
	no_shadow
}

// nucleotide -1

// particle -1
sphere {
	<43.988140, 55.492767, 52.066101> 0.250000
	pigment { color rgbt <1,0,0,0> }
	no_shadow
}
cylinder {
	<43.914890, 55.120834, 52.193771>,  <43.870941, 54.897675, 52.270374>, 0.100000
	pigment { color rgbt <1,0,0,0> }
	no_shadow
}
cylinder {
	<43.914890, 55.120834, 52.193771>,  <43.988140, 55.492767, 52.066101>, 0.100000
	pigment { color rgbt <1,0,0,0> }
	no_shadow
}

// particle -1
sphere {
	<43.914890, 55.120834, 52.193771> 0.100000
	pigment { color rgbt <1,0,0,0> }
	no_shadow
}
sphere {
	0, 1
	scale<0.080000,0.200000,0.300000>
	matrix <0.874633, -0.005856, 0.484750,
		-0.448867, 0.367933, 0.814336,
		-0.183124, -0.929834, 0.319178,
		43.859955, 54.841885, 52.289524>
	pigment { color rgbt <0,1,1,0> }
	no_shadow
}
cylinder {
	<43.938923, 55.370335, 52.782375>,  <43.988140, 55.492767, 52.066101>, 0.130000
	pigment { color rgbt <1,0,0,0> }
	no_shadow
}

// nucleotide -1

// particle -1
sphere {
	<43.938923, 55.370335, 52.782375> 0.250000
	pigment { color rgbt <1,0,0,0> }
	no_shadow
}
cylinder {
	<44.074268, 55.038780, 52.604179>,  <44.155476, 54.839848, 52.497261>, 0.100000
	pigment { color rgbt <1,0,0,0> }
	no_shadow
}
cylinder {
	<44.074268, 55.038780, 52.604179>,  <43.938923, 55.370335, 52.782375>, 0.100000
	pigment { color rgbt <1,0,0,0> }
	no_shadow
}

// particle -1
sphere {
	<44.074268, 55.038780, 52.604179> 0.100000
	pigment { color rgbt <1,0,0,0> }
	no_shadow
}
sphere {
	0, 1
	scale<0.080000,0.200000,0.300000>
	matrix <0.853272, 0.070633, 0.516660,
		-0.396787, -0.554939, 0.731165,
		0.338360, -0.828887, -0.445488,
		44.175777, 54.790115, 52.470531>
	pigment { color rgbt <0,1,1,0> }
	no_shadow
}
cylinder {
	<44.331314, 55.106796, 53.329243>,  <43.938923, 55.370335, 52.782375>, 0.130000
	pigment { color rgbt <1,0,0,0> }
	no_shadow
}

// nucleotide -1

// particle -1
sphere {
	<44.331314, 55.106796, 53.329243> 0.250000
	pigment { color rgbt <1,0,0,0> }
	no_shadow
}
cylinder {
	<44.454548, 54.939465, 52.987465>,  <44.528488, 54.839066, 52.782398>, 0.100000
	pigment { color rgbt <1,0,0,0> }
	no_shadow
}
cylinder {
	<44.454548, 54.939465, 52.987465>,  <44.331314, 55.106796, 53.329243>, 0.100000
	pigment { color rgbt <1,0,0,0> }
	no_shadow
}

// particle -1
sphere {
	<44.454548, 54.939465, 52.987465> 0.100000
	pigment { color rgbt <1,0,0,0> }
	no_shadow
}
sphere {
	0, 1
	scale<0.080000,0.200000,0.300000>
	matrix <0.862786, -0.255567, 0.436218,
		-0.400853, -0.871598, 0.282194,
		0.308088, -0.418333, -0.854447,
		44.546974, 54.813965, 52.731133>
	pigment { color rgbt <0,1,1,0> }
	no_shadow
}
cylinder {
	<44.626888, 54.499752, 53.537811>,  <44.331314, 55.106796, 53.329243>, 0.130000
	pigment { color rgbt <1,0,0,0> }
	no_shadow
}

// nucleotide -1

// particle -1
sphere {
	<44.626888, 54.499752, 53.537811> 0.250000
	pigment { color rgbt <1,0,0,0> }
	no_shadow
}
cylinder {
	<44.785202, 54.609474, 53.187244>,  <44.880192, 54.675308, 52.976902>, 0.100000
	pigment { color rgbt <1,0,0,0> }
	no_shadow
}
cylinder {
	<44.785202, 54.609474, 53.187244>,  <44.626888, 54.499752, 53.537811>, 0.100000
	pigment { color rgbt <1,0,0,0> }
	no_shadow
}

// particle -1
sphere {
	<44.785202, 54.609474, 53.187244> 0.100000
	pigment { color rgbt <1,0,0,0> }
	no_shadow
}
sphere {
	0, 1
	scale<0.080000,0.200000,0.300000>
	matrix <0.918328, -0.113053, 0.379331,
		0.004970, -0.954975, -0.296645,
		0.395788, 0.274302, -0.876419,
		44.903938, 54.691765, 52.924320>
	pigment { color rgbt <0,1,1,0> }
	no_shadow
}
cylinder {
	<45.145535, 53.939175, 53.193134>,  <44.626888, 54.499752, 53.537811>, 0.130000
	pigment { color rgbt <1,0,0,0> }
	no_shadow
}

// nucleotide -1

// particle -1
sphere {
	<45.145535, 53.939175, 53.193134> 0.250000
	pigment { color rgbt <1,0,0,0> }
	no_shadow
}
cylinder {
	<45.237228, 54.327530, 53.220905>,  <45.292244, 54.560543, 53.237568>, 0.100000
	pigment { color rgbt <1,0,0,0> }
	no_shadow
}
cylinder {
	<45.237228, 54.327530, 53.220905>,  <45.145535, 53.939175, 53.193134>, 0.100000
	pigment { color rgbt <1,0,0,0> }
	no_shadow
}

// particle -1
sphere {
	<45.237228, 54.327530, 53.220905> 0.100000
	pigment { color rgbt <1,0,0,0> }
	no_shadow
}
sphere {
	0, 1
	scale<0.080000,0.200000,0.300000>
	matrix <0.810288, -0.229866, 0.539068,
		0.539336, -0.067317, -0.839396,
		0.229237, 0.970891, 0.069429,
		45.306000, 54.618797, 53.241734>
	pigment { color rgbt <0,1,1,0> }
	no_shadow
}
cylinder {
	<45.888062, 54.088963, 53.043407>,  <45.145535, 53.939175, 53.193134>, 0.130000
	pigment { color rgbt <1,0,0,0> }
	no_shadow
}

// nucleotide -1

// particle -1
sphere {
	<45.888062, 54.088963, 53.043407> 0.250000
	pigment { color rgbt <1,0,0,0> }
	no_shadow
}
cylinder {
	<45.760311, 54.350815, 53.317474>,  <45.683662, 54.507927, 53.481915>, 0.100000
	pigment { color rgbt <1,0,0,0> }
	no_shadow
}
cylinder {
	<45.760311, 54.350815, 53.317474>,  <45.888062, 54.088963, 53.043407>, 0.100000
	pigment { color rgbt <1,0,0,0> }
	no_shadow
}

// particle -1
sphere {
	<45.760311, 54.350815, 53.317474> 0.100000
	pigment { color rgbt <1,0,0,0> }
	no_shadow
}
sphere {
	0, 1
	scale<0.080000,0.200000,0.300000>
	matrix <0.796333, -0.206524, 0.568508,
		0.513667, 0.727192, -0.455345,
		-0.319375, 0.654630, 0.685171,
		45.664497, 54.547203, 53.523026>
	pigment { color rgbt <0,1,1,0> }
	no_shadow
}
cylinder {
	<46.411201, 54.531082, 53.237576>,  <45.888062, 54.088963, 53.043407>, 0.130000
	pigment { color rgbt <1,0,0,0> }
	no_shadow
}

// nucleotide -1

// particle -1
sphere {
	<46.411201, 54.531082, 53.237576> 0.250000
	pigment { color rgbt <1,0,0,0> }
	no_shadow
}
cylinder {
	<46.149319, 54.467941, 53.533264>,  <45.992191, 54.430058, 53.710678>, 0.100000
	pigment { color rgbt <1,0,0,0> }
	no_shadow
}
cylinder {
	<46.149319, 54.467941, 53.533264>,  <46.411201, 54.531082, 53.237576>, 0.100000
	pigment { color rgbt <1,0,0,0> }
	no_shadow
}

// particle -1
sphere {
	<46.149319, 54.467941, 53.533264> 0.100000
	pigment { color rgbt <1,0,0,0> }
	no_shadow
}
sphere {
	0, 1
	scale<0.080000,0.200000,0.300000>
	matrix <0.728437, -0.392899, 0.561258,
		0.201844, 0.905933, 0.372216,
		-0.654705, -0.157850, 0.739219,
		45.952908, 54.420586, 53.755032>
	pigment { color rgbt <0,1,1,0> }
	no_shadow
}
cylinder {
	<46.737770, 54.798267, 53.806206>,  <46.411201, 54.531082, 53.237576>, 0.130000
	pigment { color rgbt <1,0,0,0> }
	no_shadow
}

// nucleotide -1

// particle -1
sphere {
	<46.737770, 54.798267, 53.806206> 0.250000
	pigment { color rgbt <1,0,0,0> }
	no_shadow
}
cylinder {
	<46.473064, 54.518906, 53.915237>,  <46.314243, 54.351288, 53.980656>, 0.100000
	pigment { color rgbt <1,0,0,0> }
	no_shadow
}
cylinder {
	<46.473064, 54.518906, 53.915237>,  <46.737770, 54.798267, 53.806206>, 0.100000
	pigment { color rgbt <1,0,0,0> }
	no_shadow
}

// particle -1
sphere {
	<46.473064, 54.518906, 53.915237> 0.100000
	pigment { color rgbt <1,0,0,0> }
	no_shadow
}
sphere {
	0, 1
	scale<0.080000,0.200000,0.300000>
	matrix <0.696192, -0.437547, 0.569095,
		-0.278192, 0.566375, 0.775776,
		-0.661760, -0.698407, 0.272583,
		46.274536, 54.309383, 53.997013>
	pigment { color rgbt <0,1,1,0> }
	no_shadow
}
cylinder {
	<46.874653, 54.886250, 54.610382>,  <46.737770, 54.798267, 53.806206>, 0.130000
	pigment { color rgbt <1,0,0,0> }
	no_shadow
}

// nucleotide -1

// particle -1
sphere {
	<46.874653, 54.886250, 54.610382> 0.250000
	pigment { color rgbt <1,0,0,0> }
	no_shadow
}
cylinder {
	<46.683048, 54.539719, 54.553780>,  <46.568085, 54.331802, 54.519817>, 0.100000
	pigment { color rgbt <1,0,0,0> }
	no_shadow
}
cylinder {
	<46.683048, 54.539719, 54.553780>,  <46.874653, 54.886250, 54.610382>, 0.100000
	pigment { color rgbt <1,0,0,0> }
	no_shadow
}

// particle -1
sphere {
	<46.683048, 54.539719, 54.553780> 0.100000
	pigment { color rgbt <1,0,0,0> }
	no_shadow
}
sphere {
	0, 1
	scale<0.080000,0.200000,0.300000>
	matrix <0.762657, -0.490555, 0.421558,
		-0.434625, 0.094009, 0.895692,
		-0.479016, -0.866325, -0.141511,
		46.539345, 54.279819, 54.511326>
	pigment { color rgbt <0,1,1,0> }
	no_shadow
}
cylinder {
	<46.704346, 54.671059, 55.312679>,  <46.874653, 54.886250, 54.610382>, 0.130000
	pigment { color rgbt <1,0,0,0> }
	no_shadow
}

// nucleotide -1

// particle -1
sphere {
	<46.704346, 54.671059, 55.312679> 0.250000
	pigment { color rgbt <1,0,0,0> }
	no_shadow
}
cylinder {
	<46.789986, 54.404400, 55.027092>,  <46.841370, 54.244404, 54.855740>, 0.100000
	pigment { color rgbt <1,0,0,0> }
	no_shadow
}
cylinder {
	<46.789986, 54.404400, 55.027092>,  <46.704346, 54.671059, 55.312679>, 0.100000
	pigment { color rgbt <1,0,0,0> }
	no_shadow
}

// particle -1
sphere {
	<46.789986, 54.404400, 55.027092> 0.100000
	pigment { color rgbt <1,0,0,0> }
	no_shadow
}
sphere {
	0, 1
	scale<0.080000,0.200000,0.300000>
	matrix <0.779252, -0.324166, 0.536361,
		-0.589005, -0.671193, 0.450080,
		0.214101, -0.666645, -0.713964,
		46.854218, 54.204407, 54.812904>
	pigment { color rgbt <0,1,1,0> }
	no_shadow
}
cylinder {
	<46.623184, 53.859486, 55.531708>,  <46.704346, 54.671059, 55.312679>, 0.130000
	pigment { color rgbt <1,0,0,0> }
	no_shadow
}

// nucleotide -1

// particle -1
sphere {
	<46.623184, 53.859486, 55.531708> 0.250000
	pigment { color rgbt <1,0,0,0> }
	no_shadow
}
cylinder {
	<46.927750, 53.987991, 55.306480>,  <47.110489, 54.065094, 55.171345>, 0.100000
	pigment { color rgbt <1,0,0,0> }
	no_shadow
}
cylinder {
	<46.927750, 53.987991, 55.306480>,  <46.623184, 53.859486, 55.531708>, 0.100000
	pigment { color rgbt <1,0,0,0> }
	no_shadow
}

// particle -1
sphere {
	<46.927750, 53.987991, 55.306480> 0.100000
	pigment { color rgbt <1,0,0,0> }
	no_shadow
}
sphere {
	0, 1
	scale<0.080000,0.200000,0.300000>
	matrix <0.647044, -0.430023, 0.629614,
		-0.039856, -0.843722, -0.535298,
		0.761410, 0.321268, -0.563065,
		47.156174, 54.084370, 55.137562>
	pigment { color rgbt <0,1,1,0> }
	no_shadow
}
cylinder {
	<47.072395, 53.324478, 55.322277>,  <46.623184, 53.859486, 55.531708>, 0.130000
	pigment { color rgbt <1,0,0,0> }
	no_shadow
}

// nucleotide -1

// particle -1
sphere {
	<47.072395, 53.324478, 55.322277> 0.250000
	pigment { color rgbt <1,0,0,0> }
	no_shadow
}
cylinder {
	<47.280815, 53.665840, 55.328110>,  <47.405865, 53.870659, 55.331612>, 0.100000
	pigment { color rgbt <1,0,0,0> }
	no_shadow
}
cylinder {
	<47.280815, 53.665840, 55.328110>,  <47.072395, 53.324478, 55.322277>, 0.100000
	pigment { color rgbt <1,0,0,0> }
	no_shadow
}

// particle -1
sphere {
	<47.280815, 53.665840, 55.328110> 0.100000
	pigment { color rgbt <1,0,0,0> }
	no_shadow
}
sphere {
	0, 1
	scale<0.080000,0.200000,0.300000>
	matrix <0.758051, -0.470546, 0.451603,
		0.392263, -0.224249, -0.892100,
		0.521046, 0.853404, 0.014586,
		47.437130, 53.921860, 55.332485>
	pigment { color rgbt <0,1,1,0> }
	no_shadow
}
cylinder {
	<47.775265, 53.277969, 54.996548>,  <47.072395, 53.324478, 55.322277>, 0.130000
	pigment { color rgbt <1,0,0,0> }
	no_shadow
}

// nucleotide -1

// particle -1
sphere {
	<47.775265, 53.277969, 54.996548> 0.250000
	pigment { color rgbt <1,0,0,0> }
	no_shadow
}
cylinder {
	<47.782623, 53.584801, 55.253067>,  <47.787037, 53.768898, 55.406979>, 0.100000
	pigment { color rgbt <1,0,0,0> }
	no_shadow
}
cylinder {
	<47.782623, 53.584801, 55.253067>,  <47.775265, 53.277969, 54.996548>, 0.100000
	pigment { color rgbt <1,0,0,0> }
	no_shadow
}

// particle -1
sphere {
	<47.782623, 53.584801, 55.253067> 0.100000
	pigment { color rgbt <1,0,0,0> }
	no_shadow
}
sphere {
	0, 1
	scale<0.080000,0.200000,0.300000>
	matrix <0.915894, -0.270171, 0.296892,
		0.400998, 0.581897, -0.707528,
		0.018393, 0.767074, 0.641295,
		47.788143, 53.814922, 55.445454>
	pigment { color rgbt <0,1,1,0> }
	no_shadow
}
cylinder {
	<48.248009, 53.821438, 54.743961>,  <47.775265, 53.277969, 54.996548>, 0.130000
	pigment { color rgbt <1,0,0,0> }
	no_shadow
}

// nucleotide -1

// particle -1
sphere {
	<48.248009, 53.821438, 54.743961> 0.250000
	pigment { color rgbt <1,0,0,0> }
	no_shadow
}
cylinder {
	<48.203884, 53.760925, 55.136887>,  <48.177410, 53.724617, 55.372643>, 0.100000
	pigment { color rgbt <1,0,0,0> }
	no_shadow
}
cylinder {
	<48.203884, 53.760925, 55.136887>,  <48.248009, 53.821438, 54.743961>, 0.100000
	pigment { color rgbt <1,0,0,0> }
	no_shadow
}

// particle -1
sphere {
	<48.203884, 53.760925, 55.136887> 0.100000
	pigment { color rgbt <1,0,0,0> }
	no_shadow
}
sphere {
	0, 1
	scale<0.080000,0.200000,0.300000>
	matrix <0.976839, -0.198831, 0.079071,
		0.183352, 0.968287, 0.169710,
		-0.110307, -0.151282, 0.982317,
		48.170792, 53.715542, 55.431583>
	pigment { color rgbt <0,1,1,0> }
	no_shadow
}
cylinder {
	<48.790928, 54.180790, 55.167294>,  <48.248009, 53.821438, 54.743961>, 0.130000
	pigment { color rgbt <1,0,0,0> }
	no_shadow
}

// nucleotide -1

// particle -1
sphere {
	<48.790928, 54.180790, 55.167294> 0.250000
	pigment { color rgbt <1,0,0,0> }
	no_shadow
}
cylinder {
	<48.684917, 53.862392, 55.384972>,  <48.621311, 53.671352, 55.515579>, 0.100000
	pigment { color rgbt <1,0,0,0> }
	no_shadow
}
cylinder {
	<48.684917, 53.862392, 55.384972>,  <48.790928, 54.180790, 55.167294>, 0.100000
	pigment { color rgbt <1,0,0,0> }
	no_shadow
}

// particle -1
sphere {
	<48.684917, 53.862392, 55.384972> 0.100000
	pigment { color rgbt <1,0,0,0> }
	no_shadow
}
sphere {
	0, 1
	scale<0.080000,0.200000,0.300000>
	matrix <0.953007, -0.130331, 0.273482,
		-0.146764, 0.591106, 0.793129,
		-0.265026, -0.795995, 0.544200,
		48.605408, 53.623592, 55.548233>
	pigment { color rgbt <0,1,1,0> }
	no_shadow
}
cylinder {
	<49.279522, 54.098625, 55.758766>,  <48.790928, 54.180790, 55.167294>, 0.130000
	pigment { color rgbt <1,0,0,0> }
	no_shadow
}

// nucleotide -1

// particle -1
sphere {
	<49.279522, 54.098625, 55.758766> 0.250000
	pigment { color rgbt <1,0,0,0> }
	no_shadow
}
cylinder {
	<49.089371, 53.749058, 55.718201>,  <48.975281, 53.539318, 55.693863>, 0.100000
	pigment { color rgbt <1,0,0,0> }
	no_shadow
}
cylinder {
	<49.089371, 53.749058, 55.718201>,  <49.279522, 54.098625, 55.758766>, 0.100000
	pigment { color rgbt <1,0,0,0> }
	no_shadow
}

// particle -1
sphere {
	<49.089371, 53.749058, 55.718201> 0.100000
	pigment { color rgbt <1,0,0,0> }
	no_shadow
}
sphere {
	0, 1
	scale<0.080000,0.200000,0.300000>
	matrix <0.863047, -0.485601, 0.139073,
		-0.170785, -0.021413, 0.985076,
		-0.475376, -0.873918, -0.101414,
		48.946758, 53.486881, 55.687775>
	pigment { color rgbt <0,1,1,0> }
	no_shadow
}
cylinder {
	<49.851368, 54.128433, 55.256187>,  <49.279522, 54.098625, 55.758766>, 0.130000
	pigment { color rgbt <1,0,0,0> }
	no_shadow
}

// nucleotide -1

// particle -1
sphere {
	<49.851368, 54.128433, 55.256187> 0.250000
	pigment { color rgbt <1,0,0,0> }
	no_shadow
}
cylinder {
	<49.881214, 54.163727, 54.858868>,  <49.899120, 54.184902, 54.620476>, 0.100000
	pigment { color rgbt <1,0,0,0> }
	no_shadow
}
cylinder {
	<49.881214, 54.163727, 54.858868>,  <49.851368, 54.128433, 55.256187>, 0.100000
	pigment { color rgbt <1,0,0,0> }
	no_shadow
}

// particle -1
sphere {
	<49.881214, 54.163727, 54.858868> 0.100000
	pigment { color rgbt <1,0,0,0> }
	no_shadow
}
sphere {
	0, 1
	scale<0.080000,0.200000,0.300000>
	matrix <0.393698, -0.917771, -0.051950,
		-0.916206, -0.387185, -0.103216,
		0.074614, 0.088233, -0.993301,
		49.903599, 54.190197, 54.560879>
	pigment { color rgbt <0,1,1,0> }
	no_shadow
}
cylinder {
	<50.562050, 54.483906, 55.164120>,  <49.851368, 54.128433, 55.256187>, 0.130000
	pigment { color rgbt <1,0,0,0> }
	no_shadow
}

// nucleotide -1

// particle -1
sphere {
	<50.562050, 54.483906, 55.164120> 0.250000
	pigment { color rgbt <1,0,0,0> }
	no_shadow
}
cylinder {
	<50.868500, 54.532356, 55.416588>,  <51.052368, 54.561428, 55.568069>, 0.100000
	pigment { color rgbt <1,0,0,0> }
	no_shadow
}
cylinder {
	<50.868500, 54.532356, 55.416588>,  <50.562050, 54.483906, 55.164120>, 0.100000
	pigment { color rgbt <1,0,0,0> }
	no_shadow
}

// particle -1
sphere {
	<50.868500, 54.532356, 55.416588> 0.100000
	pigment { color rgbt <1,0,0,0> }
	no_shadow
}
sphere {
	0, 1
	scale<0.080000,0.200000,0.300000>
	matrix <0.527292, -0.679946, -0.509546,
		0.367442, 0.723188, -0.584795,
		0.766126, 0.121129, 0.631172,
		51.098339, 54.568695, 55.605938>
	pigment { color rgbt <0,1,1,0> }
	no_shadow
}
cylinder {
	<51.224033, 54.737701, 54.840687>,  <50.562050, 54.483906, 55.164120>, 0.130000
	pigment { color rgbt <1,0,0,0> }
	no_shadow
}

// nucleotide -1

// particle -1
sphere {
	<51.224033, 54.737701, 54.840687> 0.250000
	pigment { color rgbt <1,0,0,0> }
	no_shadow
}
cylinder {
	<51.257095, 54.485199, 55.149147>,  <51.276932, 54.333698, 55.334225>, 0.100000
	pigment { color rgbt <1,0,0,0> }
	no_shadow
}
cylinder {
	<51.257095, 54.485199, 55.149147>,  <51.224033, 54.737701, 54.840687>, 0.100000
	pigment { color rgbt <1,0,0,0> }
	no_shadow
}

// particle -1
sphere {
	<51.257095, 54.485199, 55.149147> 0.100000
	pigment { color rgbt <1,0,0,0> }
	no_shadow
}
sphere {
	0, 1
	scale<0.080000,0.200000,0.300000>
	matrix <0.540659, -0.621625, -0.566807,
		0.837172, 0.463781, 0.289916,
		0.082655, -0.631260, 0.771154,
		51.281891, 54.295822, 55.380493>
	pigment { color rgbt <0,1,1,0> }
	no_shadow
}
cylinder {
	<51.939667, 54.526718, 54.900230>,  <51.224033, 54.737701, 54.840687>, 0.130000
	pigment { color rgbt <1,0,0,0> }
	no_shadow
}

// nucleotide -1

// particle -1
sphere {
	<51.939667, 54.526718, 54.900230> 0.250000
	pigment { color rgbt <1,0,0,0> }
	no_shadow
}
cylinder {
	<51.708382, 54.249043, 55.071701>,  <51.569611, 54.082436, 55.174583>, 0.100000
	pigment { color rgbt <1,0,0,0> }
	no_shadow
}
cylinder {
	<51.708382, 54.249043, 55.071701>,  <51.939667, 54.526718, 54.900230>, 0.100000
	pigment { color rgbt <1,0,0,0> }
	no_shadow
}

// particle -1
sphere {
	<51.708382, 54.249043, 55.071701> 0.100000
	pigment { color rgbt <1,0,0,0> }
	no_shadow
}
sphere {
	0, 1
	scale<0.080000,0.200000,0.300000>
	matrix <0.558807, -0.719787, -0.411876,
		0.594478, 0.001396, 0.804111,
		-0.578213, -0.694194, 0.428678,
		51.534916, 54.040783, 55.200306>
	pigment { color rgbt <0,1,1,0> }
	no_shadow
}
cylinder {
	<52.368511, 55.077858, 55.293774>,  <51.939667, 54.526718, 54.900230>, 0.130000
	pigment { color rgbt <1,0,0,0> }
	no_shadow
}

// nucleotide -1

// particle -1
sphere {
	<52.368511, 55.077858, 55.293774> 0.250000
	pigment { color rgbt <1,0,0,0> }
	no_shadow
}
cylinder {
	<52.500732, 54.779922, 55.525620>,  <52.580063, 54.601162, 55.664726>, 0.100000
	pigment { color rgbt <1,0,0,0> }
	no_shadow
}
cylinder {
	<52.500732, 54.779922, 55.525620>,  <52.368511, 55.077858, 55.293774>, 0.100000
	pigment { color rgbt <1,0,0,0> }
	no_shadow
}

// particle -1
sphere {
	<52.500732, 54.779922, 55.525620> 0.100000
	pigment { color rgbt <1,0,0,0> }
	no_shadow
}
sphere {
	0, 1
	scale<0.080000,0.200000,0.300000>
	matrix <0.931831, 0.355012, -0.075208,
		-0.149754, 0.564966, 0.811410,
		0.330551, -0.744835, 0.579618,
		52.599899, 54.556473, 55.699505>
	pigment { color rgbt <0,1,1,0> }
	no_shadow
}
cylinder {
	<52.877960, 55.308838, 55.882893>,  <52.368511, 55.077858, 55.293774>, 0.130000
	pigment { color rgbt <1,0,0,0> }
	no_shadow
}

// nucleotide -1

// particle -1
sphere {
	<52.877960, 55.308838, 55.882893> 0.250000
	pigment { color rgbt <1,0,0,0> }
	no_shadow
}
cylinder {
	<52.945457, 54.945396, 55.730072>,  <52.985954, 54.727333, 55.638382>, 0.100000
	pigment { color rgbt <1,0,0,0> }
	no_shadow
}
cylinder {
	<52.945457, 54.945396, 55.730072>,  <52.877960, 55.308838, 55.882893>, 0.100000
	pigment { color rgbt <1,0,0,0> }
	no_shadow
}

// particle -1
sphere {
	<52.945457, 54.945396, 55.730072> 0.100000
	pigment { color rgbt <1,0,0,0> }
	no_shadow
}
sphere {
	0, 1
	scale<0.080000,0.200000,0.300000>
	matrix <0.958080, 0.242250, -0.152962,
		0.231534, -0.340223, 0.911395,
		0.168745, -0.908605, -0.382050,
		52.996082, 54.672813, 55.615456>
	pigment { color rgbt <0,1,1,0> }
	no_shadow
}
cylinder {
	<53.449287, 55.023495, 56.289783>,  <52.877960, 55.308838, 55.882893>, 0.130000
	pigment { color rgbt <1,0,0,0> }
	no_shadow
}

// nucleotide -1

// particle -1
sphere {
	<53.449287, 55.023495, 56.289783> 0.250000
	pigment { color rgbt <1,0,0,0> }
	no_shadow
}
cylinder {
	<53.463547, 54.882648, 55.915672>,  <53.472103, 54.798141, 55.691204>, 0.100000
	pigment { color rgbt <1,0,0,0> }
	no_shadow
}
cylinder {
	<53.463547, 54.882648, 55.915672>,  <53.449287, 55.023495, 56.289783>, 0.100000
	pigment { color rgbt <1,0,0,0> }
	no_shadow
}

// particle -1
sphere {
	<53.463547, 54.882648, 55.915672> 0.100000
	pigment { color rgbt <1,0,0,0> }
	no_shadow
}
sphere {
	0, 1
	scale<0.080000,0.200000,0.300000>
	matrix <0.984503, 0.173175, -0.027668,
		0.171709, -0.919798, 0.352829,
		0.035652, -0.352112, -0.935279,
		53.474243, 54.777016, 55.635090>
	pigment { color rgbt <0,1,1,0> }
	no_shadow
}
cylinder {
	<54.106823, 55.148167, 56.297394>,  <53.449287, 55.023495, 56.289783>, 0.130000
	pigment { color rgbt <1,0,0,0> }
	no_shadow
}

// nucleotide -1

// particle -1
sphere {
	<54.106823, 55.148167, 56.297394> 0.250000
	pigment { color rgbt <1,0,0,0> }
	no_shadow
}
cylinder {
	<54.023605, 55.002148, 55.934418>,  <53.973675, 54.914536, 55.716633>, 0.100000
	pigment { color rgbt <1,0,0,0> }
	no_shadow
}
cylinder {
	<54.023605, 55.002148, 55.934418>,  <54.106823, 55.148167, 56.297394>, 0.100000
	pigment { color rgbt <1,0,0,0> }
	no_shadow
}

// particle -1
sphere {
	<54.023605, 55.002148, 55.934418> 0.100000
	pigment { color rgbt <1,0,0,0> }
	no_shadow
}
sphere {
	0, 1
	scale<0.080000,0.200000,0.300000>
	matrix <0.965690, 0.070769, -0.249871,
		0.155434, -0.928295, 0.337800,
		-0.208048, -0.365049, -0.907445,
		53.961189, 54.892632, 55.662186>
	pigment { color rgbt <0,1,1,0> }
	no_shadow
}
cylinder {
	<54.618248, 54.646591, 56.217934>,  <54.106823, 55.148167, 56.297394>, 0.130000
	pigment { color rgbt <1,0,0,0> }
	no_shadow
}

// nucleotide -1

// particle -1
sphere {
	<54.618248, 54.646591, 56.217934> 0.250000
	pigment { color rgbt <1,0,0,0> }
	no_shadow
}
cylinder {
	<54.492233, 54.783470, 55.863838>,  <54.416622, 54.865597, 55.651382>, 0.100000
	pigment { color rgbt <1,0,0,0> }
	no_shadow
}
cylinder {
	<54.492233, 54.783470, 55.863838>,  <54.618248, 54.646591, 56.217934>, 0.100000
	pigment { color rgbt <1,0,0,0> }
	no_shadow
}

// particle -1
sphere {
	<54.492233, 54.783470, 55.863838> 0.100000
	pigment { color rgbt <1,0,0,0> }
	no_shadow
}
sphere {
	0, 1
	scale<0.080000,0.200000,0.300000>
	matrix <0.930448, -0.072544, -0.359172,
		-0.187127, -0.936823, -0.295544,
