// switches for output
#declare DRAW_BASES = 1; // possible values are 0, 1; only relevant for DNA ribbons
#declare DRAW_BASES_TYPE = 3; // possible values are 1, 2, 3; only relevant for DNA ribbons
#declare DRAW_FOG = 0; // set to 1 to enable fog

#include "colors.inc"

#include "transforms.inc"
background { rgb <1, 1, 1>}

#default {
   normal{
       ripples 0.25
       frequency 0.20
       turbulence 0.2
       lambda 5
   }
	finish {
		phong 0.1
		phong_size 40.
	}
}

// original window dimensions: 1024x640


// camera settings

camera {
	sky <-0, 1, 0>
	up <-0, 1, 0>
	right 1.6 * <0.99995, 0, 0.00999983>
	location <54.4867, 55, 106.329>
	look_at <55, 55, 55.0001>
	direction <0.513302, 0, -51.3289>
	angle 67.0682
}


# declare cpy_camera_pos = <54.4867, 55, 106.329>;
# if (DRAW_FOG = 1)
fog {
	fog_type 2
	up vnormalize(cpy_camera_pos)
	color rgbt<1,1,1,0.3>
	distance 1e-5
	fog_alt 3e-3
	fog_offset 88
}
# end


// LIGHTS

# declare lum = 6;
global_settings {
	ambient_light rgb lum * <0.05, 0.05, 0.05>
	max_trace_level 15
}# declare cpy_direct_light_amount = 0.25;
light_source
{	1000 * <-0.98995, -1, 1.00995>,
	rgb lum * cpy_direct_light_amount
	parallel
}

light_source
{	1000 * <0.98995, 1, -1.00995>,
	rgb lum * cpy_direct_light_amount
	parallel
}

// strand 0

// nucleotide -1

// particle -1
sphere {
	<36.422035, 52.873142, 49.174698> 0.250000
	pigment { color rgbt <1,0,0,0> }
	no_shadow
}
cylinder {
	<36.280293, 52.628780, 49.457886>,  <36.195248, 52.482162, 49.627800>, 0.100000
	pigment { color rgbt <1,0,0,0> }
	no_shadow
}
cylinder {
	<36.280293, 52.628780, 49.457886>,  <36.422035, 52.873142, 49.174698>, 0.100000
	pigment { color rgbt <1,0,0,0> }
	no_shadow
}

// particle -1
sphere {
	<36.280293, 52.628780, 49.457886> 0.100000
	pigment { color rgbt <1,0,0,0> }
	no_shadow
}
sphere {
	0, 1
	scale<0.080000,0.200000,0.300000>
	matrix <0.747921, 0.269284, 0.606713,
		-0.561290, 0.744500, 0.361487,
		-0.354355, -0.610906, 0.707974,
		36.173985, 52.445507, 49.670277>
	pigment { color rgbt <0,1,1,0> }
	no_shadow
}
cylinder {
	<36.483517, 53.225807, 49.757156>,  <36.422035, 52.873142, 49.174698>, 0.130000
	pigment { color rgbt <1,0,0,0> }
	no_shadow
}

// nucleotide -1

// particle -1
sphere {
	<36.483517, 53.225807, 49.757156> 0.250000
	pigment { color rgbt <1,0,0,0> }
	no_shadow
}
cylinder {
	<36.448006, 52.849274, 49.887398>,  <36.426701, 52.623356, 49.965542>, 0.100000
	pigment { color rgbt <1,0,0,0> }
	no_shadow
}
cylinder {
	<36.448006, 52.849274, 49.887398>,  <36.483517, 53.225807, 49.757156>, 0.100000
	pigment { color rgbt <1,0,0,0> }
	no_shadow
}

// particle -1
sphere {
	<36.448006, 52.849274, 49.887398> 0.100000
	pigment { color rgbt <1,0,0,0> }
	no_shadow
}
sphere {
	0, 1
	scale<0.080000,0.200000,0.300000>
	matrix <0.708613, 0.170040, 0.684802,
		-0.699990, 0.291522, 0.651943,
		-0.088778, -0.941330, 0.325603,
		36.421371, 52.566875, 49.985077>
	pigment { color rgbt <0,1,1,0> }
	no_shadow
}
cylinder {
	<36.759819, 53.853424, 49.897804>,  <36.483517, 53.225807, 49.757156>, 0.130000
	pigment { color rgbt <1,0,0,0> }
	no_shadow
}

// nucleotide -1

// particle -1
sphere {
	<36.759819, 53.853424, 49.897804> 0.250000
	pigment { color rgbt <1,0,0,0> }
	no_shadow
}
cylinder {
	<37.110279, 53.915840, 50.080238>,  <37.320553, 53.953289, 50.189701>, 0.100000
	pigment { color rgbt <1,0,0,0> }
	no_shadow
}
cylinder {
	<37.110279, 53.915840, 50.080238>,  <36.759819, 53.853424, 49.897804>, 0.100000
	pigment { color rgbt <1,0,0,0> }
	no_shadow
}

// particle -1
sphere {
	<37.110279, 53.915840, 50.080238> 0.100000
	pigment { color rgbt <1,0,0,0> }
	no_shadow
}
sphere {
	0, 1
	scale<0.080000,0.200000,0.300000>
	matrix <0.267550, 0.629625, -0.729376,
		-0.400979, 0.761067, 0.509894,
		0.876147, 0.156042, 0.456089,
		37.373123, 53.962654, 50.217064>
	pigment { color rgbt <0,1,1,0> }
	no_shadow
}
cylinder {
	<36.928371, 54.619404, 50.053337>,  <36.759819, 53.853424, 49.897804>, 0.130000
	pigment { color rgbt <1,0,0,0> }
	no_shadow
}

// nucleotide -1

// particle -1
sphere {
	<36.928371, 54.619404, 50.053337> 0.250000
	pigment { color rgbt <1,0,0,0> }
	no_shadow
}
cylinder {
	<37.249310, 54.385368, 50.006165>,  <37.441872, 54.244946, 49.977859>, 0.100000
	pigment { color rgbt <1,0,0,0> }
	no_shadow
}
cylinder {
	<37.249310, 54.385368, 50.006165>,  <36.928371, 54.619404, 50.053337>, 0.100000
	pigment { color rgbt <1,0,0,0> }
	no_shadow
}

// particle -1
sphere {
	<37.249310, 54.385368, 50.006165> 0.100000
	pigment { color rgbt <1,0,0,0> }
	no_shadow
}
sphere {
	0, 1
	scale<0.080000,0.200000,0.300000>
	matrix <0.249053, 0.507759, -0.824714,
		0.542414, 0.632335, 0.553117,
		0.802346, -0.585093, -0.117930,
		37.490013, 54.209839, 49.970787>
	pigment { color rgbt <0,1,1,0> }
	no_shadow
}
cylinder {
	<37.616653, 55.051697, 49.867653>,  <36.928371, 54.619404, 50.053337>, 0.130000
	pigment { color rgbt <1,0,0,0> }
	no_shadow
}

// nucleotide -1

// particle -1
sphere {
	<37.616653, 55.051697, 49.867653> 0.250000
	pigment { color rgbt <1,0,0,0> }
	no_shadow
}
cylinder {
	<37.620312, 54.674480, 49.734638>,  <37.622505, 54.448151, 49.654827>, 0.100000
	pigment { color rgbt <1,0,0,0> }
	no_shadow
}
cylinder {
	<37.620312, 54.674480, 49.734638>,  <37.616653, 55.051697, 49.867653>, 0.100000
	pigment { color rgbt <1,0,0,0> }
	no_shadow
}

// particle -1
sphere {
	<37.620312, 54.674480, 49.734638> 0.100000
	pigment { color rgbt <1,0,0,0> }
	no_shadow
}
sphere {
	0, 1
	scale<0.080000,0.200000,0.300000>
	matrix <0.400321, 0.308191, -0.862995,
		0.916329, -0.125234, 0.380338,
		0.009141, -0.943045, -0.332538,
		37.623055, 54.391567, 49.634876>
	pigment { color rgbt <0,1,1,0> }
	no_shadow
}
cylinder {
	<38.317490, 54.755352, 49.671421>,  <37.616653, 55.051697, 49.867653>, 0.130000
	pigment { color rgbt <1,0,0,0> }
	no_shadow
}

// nucleotide -1

// particle -1
sphere {
	<38.317490, 54.755352, 49.671421> 0.250000
	pigment { color rgbt <1,0,0,0> }
	no_shadow
}
cylinder {
	<38.011459, 54.627129, 49.448029>,  <37.827843, 54.550194, 49.313992>, 0.100000
	pigment { color rgbt <1,0,0,0> }
	no_shadow
}
cylinder {
	<38.011459, 54.627129, 49.448029>,  <38.317490, 54.755352, 49.671421>, 0.100000
	pigment { color rgbt <1,0,0,0> }
	no_shadow
}

// particle -1
sphere {
	<38.011459, 54.627129, 49.448029> 0.100000
	pigment { color rgbt <1,0,0,0> }
	no_shadow
}
sphere {
	0, 1
	scale<0.080000,0.200000,0.300000>
	matrix <0.446207, 0.361408, -0.818709,
		0.464287, -0.875571, -0.133467,
		-0.765073, -0.320562, -0.558483,
		37.781937, 54.530960, 49.280483>
	pigment { color rgbt <0,1,1,0> }
	no_shadow
}
cylinder {
	<38.619148, 55.389221, 49.323494>,  <38.317490, 54.755352, 49.671421>, 0.130000
	pigment { color rgbt <1,0,0,0> }
	no_shadow
}

// nucleotide -1

// particle -1
sphere {
	<38.619148, 55.389221, 49.323494> 0.250000
	pigment { color rgbt <1,0,0,0> }
	no_shadow
}
cylinder {
	<38.880852, 55.099655, 49.235958>,  <39.037876, 54.925915, 49.183437>, 0.100000
	pigment { color rgbt <1,0,0,0> }
	no_shadow
}
cylinder {
	<38.880852, 55.099655, 49.235958>,  <38.619148, 55.389221, 49.323494>, 0.100000
	pigment { color rgbt <1,0,0,0> }
	no_shadow
}

// particle -1
sphere {
	<38.880852, 55.099655, 49.235958> 0.100000
	pigment { color rgbt <1,0,0,0> }
	no_shadow
}
sphere {
	0, 1
	scale<0.080000,0.200000,0.300000>
	matrix <0.731803, 0.533000, 0.424706,
		-0.190808, -0.438017, 0.878483,
		0.654260, -0.723914, -0.218842,
		39.077129, 54.882481, 49.170307>
	pigment { color rgbt <0,1,1,0> }
	no_shadow
}
cylinder {
	<39.048336, 55.111973, 49.846836>,  <38.619148, 55.389221, 49.323494>, 0.130000
	pigment { color rgbt <1,0,0,0> }
	no_shadow
}

// nucleotide -1

// particle -1
sphere {
	<39.048336, 55.111973, 49.846836> 0.250000
	pigment { color rgbt <1,0,0,0> }
	no_shadow
}
cylinder {
	<39.230461, 55.125191, 49.490948>,  <39.339737, 55.133121, 49.277416>, 0.100000
	pigment { color rgbt <1,0,0,0> }
	no_shadow
}
cylinder {
	<39.230461, 55.125191, 49.490948>,  <39.048336, 55.111973, 49.846836>, 0.100000
	pigment { color rgbt <1,0,0,0> }
	no_shadow
}

// particle -1
sphere {
	<39.230461, 55.125191, 49.490948> 0.100000
	pigment { color rgbt <1,0,0,0> }
	no_shadow
}
sphere {
	0, 1
	scale<0.080000,0.200000,0.300000>
	matrix <0.795220, 0.434305, 0.423088,
		0.400389, -0.900160, 0.171468,
		0.455316, 0.033045, -0.889716,
		39.367054, 55.135105, 49.224033>
	pigment { color rgbt <0,1,1,0> }
	no_shadow
}
cylinder {
	<39.675522, 55.106003, 50.033562>,  <39.048336, 55.111973, 49.846836>, 0.130000
	pigment { color rgbt <1,0,0,0> }
	no_shadow
}

// nucleotide -1

// particle -1
sphere {
	<39.675522, 55.106003, 50.033562> 0.250000
	pigment { color rgbt <1,0,0,0> }
	no_shadow
}
cylinder {
	<39.725098, 55.234547, 49.658039>,  <39.754845, 55.311672, 49.432724>, 0.100000
	pigment { color rgbt <1,0,0,0> }
	no_shadow
}
cylinder {
	<39.725098, 55.234547, 49.658039>,  <39.675522, 55.106003, 50.033562>, 0.100000
	pigment { color rgbt <1,0,0,0> }
	no_shadow
}

// particle -1
sphere {
	<39.725098, 55.234547, 49.658039> 0.100000
	pigment { color rgbt <1,0,0,0> }
	no_shadow
}
sphere {
	0, 1
	scale<0.080000,0.200000,0.300000>
	matrix <0.765040, 0.571583, 0.296659,
		0.631943, -0.754996, -0.175013,
		0.123942, 0.321364, -0.938810,
		39.762280, 55.330956, 49.376396>
	pigment { color rgbt <0,1,1,0> }
	no_shadow
}
cylinder {
	<40.398655, 54.930851, 49.829330>,  <39.675522, 55.106003, 50.033562>, 0.130000
	pigment { color rgbt <1,0,0,0> }
	no_shadow
}

// nucleotide -1

// particle -1
sphere {
	<40.398655, 54.930851, 49.829330> 0.250000
	pigment { color rgbt <1,0,0,0> }
	no_shadow
}
cylinder {
	<40.273705, 55.274658, 49.667511>,  <40.198734, 55.480942, 49.570419>, 0.100000
	pigment { color rgbt <1,0,0,0> }
	no_shadow
}
cylinder {
	<40.273705, 55.274658, 49.667511>,  <40.398655, 54.930851, 49.829330>, 0.100000
	pigment { color rgbt <1,0,0,0> }
	no_shadow
}

// particle -1
sphere {
	<40.273705, 55.274658, 49.667511> 0.100000
	pigment { color rgbt <1,0,0,0> }
	no_shadow
}
sphere {
	0, 1
	scale<0.080000,0.200000,0.300000>
	matrix <0.781899, 0.474482, 0.404351,
		0.539496, -0.190006, -0.820269,
		-0.312374, 0.859514, -0.404547,
		40.179993, 55.532513, 49.546146>
	pigment { color rgbt <0,1,1,0> }
	no_shadow
}
cylinder {
	<40.985207, 55.183475, 49.476803>,  <40.398655, 54.930851, 49.829330>, 0.130000
	pigment { color rgbt <1,0,0,0> }
	no_shadow
}

// nucleotide -1

// particle -1
sphere {
	<40.985207, 55.183475, 49.476803> 0.250000
	pigment { color rgbt <1,0,0,0> }
	no_shadow
}
cylinder {
	<40.745995, 55.440792, 49.668026>,  <40.602467, 55.595181, 49.782761>, 0.100000
	pigment { color rgbt <1,0,0,0> }
	no_shadow
}
cylinder {
	<40.745995, 55.440792, 49.668026>,  <40.985207, 55.183475, 49.476803>, 0.100000
	pigment { color rgbt <1,0,0,0> }
	no_shadow
}

// particle -1
sphere {
	<40.745995, 55.440792, 49.668026> 0.100000
	pigment { color rgbt <1,0,0,0> }
	no_shadow
}
sphere {
	0, 1
	scale<0.080000,0.200000,0.300000>
	matrix <0.789642, 0.370802, 0.488847,
		0.137206, 0.669840, -0.729719,
		-0.598030, 0.643289, 0.478057,
		40.566586, 55.633778, 49.811443>
	pigment { color rgbt <0,1,1,0> }
	no_shadow
}
cylinder {
	<41.439861, 55.639675, 49.679947>,  <40.985207, 55.183475, 49.476803>, 0.130000
	pigment { color rgbt <1,0,0,0> }
	no_shadow
}

// nucleotide -1

// particle -1
sphere {
	<41.439861, 55.639675, 49.679947> 0.250000
	pigment { color rgbt <1,0,0,0> }
	no_shadow
}
cylinder {
	<41.098999, 55.733997, 49.866806>,  <40.894482, 55.790592, 49.978924>, 0.100000
	pigment { color rgbt <1,0,0,0> }
	no_shadow
}
cylinder {
	<41.098999, 55.733997, 49.866806>,  <41.439861, 55.639675, 49.679947>, 0.100000
	pigment { color rgbt <1,0,0,0> }
	no_shadow
}

// particle -1
sphere {
	<41.098999, 55.733997, 49.866806> 0.100000
	pigment { color rgbt <1,0,0,0> }
	no_shadow
}
sphere {
	0, 1
	scale<0.080000,0.200000,0.300000>
	matrix <0.523261, 0.393751, 0.755750,
		-0.005732, 0.888457, -0.458924,
		-0.852153, 0.235805, 0.467152,
		40.843353, 55.804737, 50.006950>
	pigment { color rgbt <0,1,1,0> }
	no_shadow
}
cylinder {
	<41.397568, 56.357018, 49.895882>,  <41.439861, 55.639675, 49.679947>, 0.130000
	pigment { color rgbt <1,0,0,0> }
	no_shadow
}

// nucleotide -1

// particle -1
sphere {
	<41.397568, 56.357018, 49.895882> 0.250000
	pigment { color rgbt <1,0,0,0> }
	no_shadow
}
cylinder {
	<41.179367, 56.129936, 50.142502>,  <41.048447, 55.993687, 50.290474>, 0.100000
	pigment { color rgbt <1,0,0,0> }
	no_shadow
}
cylinder {
	<41.179367, 56.129936, 50.142502>,  <41.397568, 56.357018, 49.895882>, 0.100000
	pigment { color rgbt <1,0,0,0> }
	no_shadow
}

// particle -1
sphere {
	<41.179367, 56.129936, 50.142502> 0.100000
	pigment { color rgbt <1,0,0,0> }
	no_shadow
}
sphere {
	0, 1
	scale<0.080000,0.200000,0.300000>
	matrix <0.387408, 0.481537, 0.786154,
		-0.743196, 0.667707, -0.042747,
		-0.545505, -0.567705, 0.616551,
		41.015717, 55.959625, 50.327469>
	pigment { color rgbt <0,1,1,0> }
	no_shadow
}
cylinder {
	<41.069851, 56.848331, 50.326134>,  <41.397568, 56.357018, 49.895882>, 0.130000
	pigment { color rgbt <1,0,0,0> }
	no_shadow
}

// nucleotide -1

// particle -1
sphere {
	<41.069851, 56.848331, 50.326134> 0.250000
	pigment { color rgbt <1,0,0,0> }
	no_shadow
}
cylinder {
	<41.108723, 56.491978, 50.503616>,  <41.132046, 56.278164, 50.610107>, 0.100000
	pigment { color rgbt <1,0,0,0> }
	no_shadow
}
cylinder {
	<41.108723, 56.491978, 50.503616>,  <41.069851, 56.848331, 50.326134>, 0.100000
	pigment { color rgbt <1,0,0,0> }
	no_shadow
}

// particle -1
sphere {
	<41.108723, 56.491978, 50.503616> 0.100000
	pigment { color rgbt <1,0,0,0> }
	no_shadow
}
sphere {
	0, 1
	scale<0.080000,0.200000,0.300000>
	matrix <0.538785, 0.421931, 0.729167,
		-0.836819, 0.168202, 0.521000,
		0.097179, -0.890888, 0.443705,
		41.137875, 56.224712, 50.636726>
	pigment { color rgbt <0,1,1,0> }
	no_shadow
}
cylinder {
	<40.938335, 56.845585, 51.128242>,  <41.069851, 56.848331, 50.326134>, 0.130000
	pigment { color rgbt <1,0,0,0> }
	no_shadow
}

// nucleotide -1

// particle -1
sphere {
	<40.938335, 56.845585, 51.128242> 0.250000
	pigment { color rgbt <1,0,0,0> }
	no_shadow
}
cylinder {
	<41.187439, 56.535793, 51.083778>,  <41.336903, 56.349918, 51.057098>, 0.100000
	pigment { color rgbt <1,0,0,0> }
	no_shadow
}
cylinder {
	<41.187439, 56.535793, 51.083778>,  <40.938335, 56.845585, 51.128242>, 0.100000
	pigment { color rgbt <1,0,0,0> }
	no_shadow
}

// particle -1
sphere {
	<41.187439, 56.535793, 51.083778> 0.100000
	pigment { color rgbt <1,0,0,0> }
	no_shadow
}
sphere {
	0, 1
	scale<0.080000,0.200000,0.300000>
	matrix <0.555147, 0.337263, 0.760307,
		-0.551348, -0.535200, 0.639982,
		0.622758, -0.774477, -0.111165,
		41.374268, 56.303452, 51.050430>
	pigment { color rgbt <0,1,1,0> }
	no_shadow
}
cylinder {
	<41.042870, 56.371288, 51.772884>,  <40.938335, 56.845585, 51.128242>, 0.130000
	pigment { color rgbt <1,0,0,0> }
	no_shadow
}

// nucleotide -1

// particle -1
sphere {
	<41.042870, 56.371288, 51.772884> 0.250000
	pigment { color rgbt <1,0,0,0> }
	no_shadow
}
cylinder {
	<41.370167, 56.383869, 51.543278>,  <41.566544, 56.391418, 51.405514>, 0.100000
	pigment { color rgbt <1,0,0,0> }
	no_shadow
}
cylinder {
	<41.370167, 56.383869, 51.543278>,  <41.042870, 56.371288, 51.772884>, 0.100000
	pigment { color rgbt <1,0,0,0> }
	no_shadow
}

// particle -1
sphere {
	<41.370167, 56.383869, 51.543278> 0.100000
	pigment { color rgbt <1,0,0,0> }
	no_shadow
}
sphere {
	0, 1
	scale<0.080000,0.200000,0.300000>
	matrix <0.493552, 0.473553, 0.729488,
		0.294771, -0.880203, 0.371957,
		0.818240, 0.031452, -0.574016,
		41.615639, 56.393307, 51.371071>
	pigment { color rgbt <0,1,1,0> }
	no_shadow
}
cylinder {
	<41.551392, 55.774879, 52.014771>,  <41.042870, 56.371288, 51.772884>, 0.130000
	pigment { color rgbt <1,0,0,0> }
	no_shadow
}

// nucleotide -1

// particle -1
sphere {
	<41.551392, 55.774879, 52.014771> 0.250000
	pigment { color rgbt <1,0,0,0> }
	no_shadow
}
cylinder {
	<41.605087, 56.156147, 51.906361>,  <41.637306, 56.384907, 51.841312>, 0.100000
	pigment { color rgbt <1,0,0,0> }
	no_shadow
}
cylinder {
	<41.605087, 56.156147, 51.906361>,  <41.551392, 55.774879, 52.014771>, 0.100000
	pigment { color rgbt <1,0,0,0> }
	no_shadow
}

// particle -1
sphere {
	<41.605087, 56.156147, 51.906361> 0.100000
	pigment { color rgbt <1,0,0,0> }
	no_shadow
}
sphere {
	0, 1
	scale<0.080000,0.200000,0.300000>
	matrix <0.318545, 0.217481, 0.922622,
		0.938354, -0.210190, -0.274431,
		0.134242, 0.953165, -0.271029,
		41.645359, 56.442097, 51.825050>
	pigment { color rgbt <0,1,1,0> }
	no_shadow
}
cylinder {
	<42.200130, 55.950222, 52.245781>,  <41.551392, 55.774879, 52.014771>, 0.130000
	pigment { color rgbt <1,0,0,0> }
	no_shadow
}

// nucleotide -1

// particle -1
sphere {
	<42.200130, 55.950222, 52.245781> 0.250000
	pigment { color rgbt <1,0,0,0> }
	no_shadow
}
cylinder {
	<41.995251, 56.290958, 52.201920>,  <41.872322, 56.495399, 52.175602>, 0.100000
	pigment { color rgbt <1,0,0,0> }
	no_shadow
}
cylinder {
	<41.995251, 56.290958, 52.201920>,  <42.200130, 55.950222, 52.245781>, 0.100000
	pigment { color rgbt <1,0,0,0> }
	no_shadow
}

// particle -1
sphere {
	<41.995251, 56.290958, 52.201920> 0.100000
	pigment { color rgbt <1,0,0,0> }
	no_shadow
}
sphere {
	0, 1
	scale<0.080000,0.200000,0.300000>
	matrix <0.321246, 0.308421, 0.895364,
		0.796526, 0.423377, -0.431623,
		-0.512198, 0.851838, -0.109657,
		41.841591, 56.546509, 52.169022>
	pigment { color rgbt <0,1,1,0> }
	no_shadow
}
cylinder {
	<42.647907, 56.695053, 52.410431>,  <42.200130, 55.950222, 52.245781>, 0.130000
	pigment { color rgbt <1,0,0,0> }
	no_shadow
}

// nucleotide -1

// particle -1
sphere {
	<42.647907, 56.695053, 52.410431> 0.250000
	pigment { color rgbt <1,0,0,0> }
	no_shadow
}
cylinder {
	<42.252975, 56.714127, 52.470970>,  <42.016018, 56.725571, 52.507294>, 0.100000
	pigment { color rgbt <1,0,0,0> }
	no_shadow
}
cylinder {
	<42.252975, 56.714127, 52.470970>,  <42.647907, 56.695053, 52.410431>, 0.100000
	pigment { color rgbt <1,0,0,0> }
	no_shadow
}

// particle -1
sphere {
	<42.252975, 56.714127, 52.470970> 0.100000
	pigment { color rgbt <1,0,0,0> }
	no_shadow
}
sphere {
	0, 1
	scale<0.080000,0.200000,0.300000>
	matrix <0.158236, 0.367284, 0.916550,
		-0.011888, 0.928886, -0.370175,
		-0.987330, 0.047679, 0.151350,
		41.956776, 56.728432, 52.516376>
	pigment { color rgbt <0,1,1,0> }
	no_shadow
}
cylinder {
	<42.563126, 56.470707, 53.145351>,  <42.647907, 56.695053, 52.410431>, 0.130000
	pigment { color rgbt <1,0,0,0> }
	no_shadow
}

// nucleotide -1

// particle -1
sphere {
	<42.563126, 56.470707, 53.145351> 0.250000
	pigment { color rgbt <1,0,0,0> }
	no_shadow
}
cylinder {
	<42.857311, 56.702290, 53.286148>,  <43.033825, 56.841240, 53.370625>, 0.100000
	pigment { color rgbt <1,0,0,0> }
	no_shadow
}
cylinder {
	<42.857311, 56.702290, 53.286148>,  <42.563126, 56.470707, 53.145351>, 0.100000
	pigment { color rgbt <1,0,0,0> }
	no_shadow
}

// particle -1
sphere {
	<42.857311, 56.702290, 53.286148> 0.100000
	pigment { color rgbt <1,0,0,0> }
	no_shadow
}
sphere {
	0, 1
	scale<0.080000,0.200000,0.300000>
	matrix <0.627432, -0.778044, -0.031254,
		0.255767, 0.243835, -0.935483,
		0.735467, 0.578958, 0.351988,
		43.077953, 56.875977, 53.391743>
	pigment { color rgbt <0,1,1,0> }
	no_shadow
}
cylinder {
	<43.019936, 55.809769, 53.360722>,  <42.563126, 56.470707, 53.145351>, 0.130000
	pigment { color rgbt <1,0,0,0> }
	no_shadow
}

// nucleotide -1

// particle -1
sphere {
	<43.019936, 55.809769, 53.360722> 0.250000
	pigment { color rgbt <1,0,0,0> }
	no_shadow
}
cylinder {
	<42.802502, 55.730640, 53.687004>,  <42.672043, 55.683163, 53.882774>, 0.100000
	pigment { color rgbt <1,0,0,0> }
	no_shadow
}
cylinder {
	<42.802502, 55.730640, 53.687004>,  <43.019936, 55.809769, 53.360722>, 0.100000
	pigment { color rgbt <1,0,0,0> }
	no_shadow
}

// particle -1
sphere {
	<42.802502, 55.730640, 53.687004> 0.100000
	pigment { color rgbt <1,0,0,0> }
	no_shadow
}
sphere {
	0, 1
	scale<0.080000,0.200000,0.300000>
	matrix <0.766342, 0.279472, 0.578460,
		-0.342400, 0.939554, -0.000318,
		-0.543583, -0.197821, 0.815711,
		42.639427, 55.671295, 53.931717>
	pigment { color rgbt <0,1,1,0> }
	no_shadow
}
cylinder {
	<43.559216, 56.197338, 53.765514>,  <43.019936, 55.809769, 53.360722>, 0.130000
	pigment { color rgbt <1,0,0,0> }
	no_shadow
}

// nucleotide -1

// particle -1
sphere {
	<43.559216, 56.197338, 53.765514> 0.250000
	pigment { color rgbt <1,0,0,0> }
	no_shadow
}
cylinder {
	<43.550953, 55.848770, 53.569477>,  <43.545994, 55.639629, 53.451855>, 0.100000
	pigment { color rgbt <1,0,0,0> }
	no_shadow
}
cylinder {
	<43.550953, 55.848770, 53.569477>,  <43.559216, 56.197338, 53.765514>, 0.100000
	pigment { color rgbt <1,0,0,0> }
	no_shadow
}

// particle -1
sphere {
	<43.550953, 55.848770, 53.569477> 0.100000
	pigment { color rgbt <1,0,0,0> }
	no_shadow
}
sphere {
	0, 1
	scale<0.080000,0.200000,0.300000>
	matrix <0.988528, 0.055558, -0.140449,
		0.149620, -0.487375, 0.860279,
		-0.020656, -0.871424, -0.490096,
		43.544758, 55.587341, 53.422447>
	pigment { color rgbt <0,1,1,0> }
	no_shadow
}
cylinder {
	<43.879696, 55.654926, 54.174511>,  <43.559216, 56.197338, 53.765514>, 0.130000
	pigment { color rgbt <1,0,0,0> }
	no_shadow
}

// nucleotide -1

// particle -1
sphere {
	<43.879696, 55.654926, 54.174511> 0.250000
	pigment { color rgbt <1,0,0,0> }
	no_shadow
}
cylinder {
	<43.917530, 55.612911, 53.778526>,  <43.940231, 55.587704, 53.540936>, 0.100000
	pigment { color rgbt <1,0,0,0> }
	no_shadow
}
cylinder {
	<43.917530, 55.612911, 53.778526>,  <43.879696, 55.654926, 54.174511>, 0.100000
	pigment { color rgbt <1,0,0,0> }
	no_shadow
}

// particle -1
sphere {
	<43.917530, 55.612911, 53.778526> 0.100000
	pigment { color rgbt <1,0,0,0> }
	no_shadow
}
sphere {
	0, 1
	scale<0.080000,0.200000,0.300000>
	matrix <0.928577, 0.367796, 0.049701,
		0.358883, -0.923956, 0.132323,
		0.094589, -0.105035, -0.989960,
		43.945908, 55.581402, 53.481537>
	pigment { color rgbt <0,1,1,0> }
	no_shadow
}
cylinder {
	<44.531784, 55.430283, 54.029079>,  <43.879696, 55.654926, 54.174511>, 0.130000
	pigment { color rgbt <1,0,0,0> }
	no_shadow
}

// nucleotide -1

// particle -1
sphere {
	<44.531784, 55.430283, 54.029079> 0.250000
	pigment { color rgbt <1,0,0,0> }
	no_shadow
}
cylinder {
	<44.390057, 55.651882, 53.727737>,  <44.305019, 55.784843, 53.546932>, 0.100000
	pigment { color rgbt <1,0,0,0> }
	no_shadow
}
cylinder {
	<44.390057, 55.651882, 53.727737>,  <44.531784, 55.430283, 54.029079>, 0.100000
	pigment { color rgbt <1,0,0,0> }
	no_shadow
}

// particle -1
sphere {
	<44.390057, 55.651882, 53.727737> 0.100000
	pigment { color rgbt <1,0,0,0> }
	no_shadow
}
sphere {
	0, 1
	scale<0.080000,0.200000,0.300000>
	matrix <0.921905, 0.341923, -0.182155,
		0.156674, -0.759059, -0.631888,
		-0.354323, 0.554002, -0.753351,
		44.283760, 55.818081, 53.501732>
	pigment { color rgbt <0,1,1,0> }
	no_shadow
}
cylinder {
	<44.888912, 55.230347, 53.452320>,  <44.531784, 55.430283, 54.029079>, 0.130000
	pigment { color rgbt <1,0,0,0> }
	no_shadow
}

// nucleotide -1

// particle -1
sphere {
	<44.888912, 55.230347, 53.452320> 0.250000
	pigment { color rgbt <1,0,0,0> }
	no_shadow
}
cylinder {
	<44.757137, 55.604774, 53.402935>,  <44.678074, 55.829433, 53.373306>, 0.100000
	pigment { color rgbt <1,0,0,0> }
	no_shadow
}
cylinder {
	<44.757137, 55.604774, 53.402935>,  <44.888912, 55.230347, 53.452320>, 0.100000
	pigment { color rgbt <1,0,0,0> }
	no_shadow
}

// particle -1
sphere {
	<44.757137, 55.604774, 53.402935> 0.100000
	pigment { color rgbt <1,0,0,0> }
	no_shadow
}
sphere {
	0, 1
	scale<0.080000,0.200000,0.300000>
	matrix <0.912156, 0.281763, -0.297624,
		-0.243811, -0.210662, -0.946667,
		-0.329434, 0.936072, -0.123459,
		44.658306, 55.885597, 53.365898>
	pigment { color rgbt <0,1,1,0> }
	no_shadow
}
cylinder {
	<45.587723, 55.017647, 54.017204>,  <44.888912, 55.230347, 53.452320>, 0.130000
	pigment { color rgbt <1,0,0,0> }
	no_shadow
}

// nucleotide -1

// particle -1
sphere {
	<45.587723, 55.017647, 54.017204> 0.250000
	pigment { color rgbt <1,0,0,0> }
	no_shadow
}
cylinder {
	<45.835327, 54.775253, 54.217049>,  <45.983891, 54.629818, 54.336956>, 0.100000
	pigment { color rgbt <1,0,0,0> }
	no_shadow
}
cylinder {
	<45.835327, 54.775253, 54.217049>,  <45.587723, 55.017647, 54.017204>, 0.100000
	pigment { color rgbt <1,0,0,0> }
	no_shadow
}

// particle -1
sphere {
	<45.835327, 54.775253, 54.217049> 0.100000
	pigment { color rgbt <1,0,0,0> }
	no_shadow
}
sphere {
	0, 1
	scale<0.080000,0.200000,0.300000>
	matrix <0.719088, 0.693099, -0.050270,
		-0.315814, 0.390379, 0.864792,
		0.619011, -0.605985, 0.499607,
		46.021030, 54.593456, 54.366932>
	pigment { color rgbt <0,1,1,0> }
	no_shadow
}
cylinder {
	<45.867710, 55.246796, 54.592548>,  <45.587723, 55.017647, 54.017204>, 0.130000
	pigment { color rgbt <1,0,0,0> }
	no_shadow
}

// nucleotide -1

// particle -1
sphere {
	<45.867710, 55.246796, 54.592548> 0.250000
	pigment { color rgbt <1,0,0,0> }
	no_shadow
}
cylinder {
	<46.184929, 55.044853, 54.456200>,  <46.375259, 54.923687, 54.374390>, 0.100000
	pigment { color rgbt <1,0,0,0> }
	no_shadow
}
cylinder {
	<46.184929, 55.044853, 54.456200>,  <45.867710, 55.246796, 54.592548>, 0.100000
	pigment { color rgbt <1,0,0,0> }
	no_shadow
}

// particle -1
sphere {
	<46.184929, 55.044853, 54.456200> 0.100000
	pigment { color rgbt <1,0,0,0> }
	no_shadow
}
sphere {
	0, 1
	scale<0.080000,0.200000,0.300000>
	matrix <0.557431, 0.827107, 0.071863,
		0.245655, -0.247002, 0.937360,
		0.793047, -0.504860, -0.340870,
		46.422844, 54.893394, 54.353939>
	pigment { color rgbt <0,1,1,0> }
	no_shadow
}
cylinder {
	<46.374603, 55.621937, 54.969524>,  <45.867710, 55.246796, 54.592548>, 0.130000
	pigment { color rgbt <1,0,0,0> }
	no_shadow
}

// nucleotide -1

// particle -1
sphere {
	<46.374603, 55.621937, 54.969524> 0.250000
	pigment { color rgbt <1,0,0,0> }
	no_shadow
}
cylinder {
	<46.550156, 55.401505, 54.685638>,  <46.655487, 55.269245, 54.515308>, 0.100000
	pigment { color rgbt <1,0,0,0> }
	no_shadow
}
cylinder {
	<46.550156, 55.401505, 54.685638>,  <46.374603, 55.621937, 54.969524>, 0.100000
	pigment { color rgbt <1,0,0,0> }
	no_shadow
}

// particle -1
sphere {
	<46.550156, 55.401505, 54.685638> 0.100000
	pigment { color rgbt <1,0,0,0> }
	no_shadow
}
sphere {
	0, 1
	scale<0.080000,0.200000,0.300000>
	matrix <0.795040, 0.606195, 0.020947,
		0.418680, -0.573443, 0.704180,
		0.438882, -0.551082, -0.709712,
		46.681820, 55.236179, 54.472725>
	pigment { color rgbt <0,1,1,0> }
	no_shadow
}
cylinder {
	<47.040733, 55.240444, 55.125950>,  <46.374603, 55.621937, 54.969524>, 0.130000
	pigment { color rgbt <1,0,0,0> }
	no_shadow
}

// nucleotide -1

// particle -1
sphere {
	<47.040733, 55.240444, 55.125950> 0.250000
	pigment { color rgbt <1,0,0,0> }
	no_shadow
}
cylinder {
	<47.047245, 55.327953, 54.735695>,  <47.051151, 55.380459, 54.501541>, 0.100000
	pigment { color rgbt <1,0,0,0> }
	no_shadow
}
cylinder {
	<47.047245, 55.327953, 54.735695>,  <47.040733, 55.240444, 55.125950>, 0.100000
	pigment { color rgbt <1,0,0,0> }
	no_shadow
}

// particle -1
sphere {
	<47.047245, 55.327953, 54.735695> 0.100000
	pigment { color rgbt <1,0,0,0> }
	no_shadow
}
sphere {
	0, 1
	scale<0.080000,0.200000,0.300000>
	matrix <0.896595, 0.428691, 0.111088,
		0.442551, -0.876562, -0.189176,
		0.016278, 0.218777, -0.975639,
		47.052128, 55.393585, 54.443005>
	pigment { color rgbt <0,1,1,0> }
	no_shadow
}
cylinder {
	<47.051102, 54.980785, 55.922375>,  <47.040733, 55.240444, 55.125950>, 0.130000
	pigment { color rgbt <1,0,0,0> }
	no_shadow
}

// nucleotide -1

// particle -1
sphere {
	<47.051102, 54.980785, 55.922375> 0.250000
	pigment { color rgbt <1,0,0,0> }
	no_shadow
}
cylinder {
	<47.001892, 54.960941, 56.318840>,  <46.972366, 54.949036, 56.556721>, 0.100000
	pigment { color rgbt <1,0,0,0> }
	no_shadow
}
cylinder {
	<47.001892, 54.960941, 56.318840>,  <47.051102, 54.980785, 55.922375>, 0.100000
	pigment { color rgbt <1,0,0,0> }
	no_shadow
}

// particle -1
sphere {
	<47.001892, 54.960941, 56.318840> 0.100000
	pigment { color rgbt <1,0,0,0> }
	no_shadow
}
sphere {
	0, 1
	scale<0.080000,0.200000,0.300000>
	matrix <0.969167, 0.208855, 0.130750,
		-0.213496, 0.976687, 0.022389,
		-0.123026, -0.049613, 0.991162,
		46.964985, 54.946056, 56.616188>
	pigment { color rgbt <0,1,1,0> }
	no_shadow
}
cylinder {
	<47.034962, 55.656349, 56.276539>,  <47.051102, 54.980785, 55.922375>, 0.130000
	pigment { color rgbt <1,0,0,0> }
	no_shadow
}

// nucleotide -1

// particle -1
sphere {
	<47.034962, 55.656349, 56.276539> 0.250000
	pigment { color rgbt <1,0,0,0> }
	no_shadow
}
cylinder {
	<47.162807, 55.388855, 56.545059>,  <47.239517, 55.228359, 56.706169>, 0.100000
	pigment { color rgbt <1,0,0,0> }
	no_shadow
}
cylinder {
	<47.162807, 55.388855, 56.545059>,  <47.034962, 55.656349, 56.276539>, 0.100000
	pigment { color rgbt <1,0,0,0> }
	no_shadow
}

// particle -1
sphere {
	<47.162807, 55.388855, 56.545059> 0.100000
	pigment { color rgbt <1,0,0,0> }
	no_shadow
}
sphere {
	0, 1
	scale<0.080000,0.200000,0.300000>
	matrix <0.783413, 0.585023, 0.209790,
		-0.533018, 0.458852, 0.710877,
		0.319617, -0.668733, 0.671299,
		47.258694, 55.188236, 56.746449>
	pigment { color rgbt <0,1,1,0> }
	no_shadow
}
cylinder {
	<47.109676, 55.949528, 56.966602>,  <47.034962, 55.656349, 56.276539>, 0.130000
	pigment { color rgbt <1,0,0,0> }
	no_shadow
}

// nucleotide -1

// particle -1
sphere {
	<47.109676, 55.949528, 56.966602> 0.250000
	pigment { color rgbt <1,0,0,0> }
	no_shadow
}
cylinder {
	<47.364170, 55.641911, 56.942017>,  <47.516865, 55.457340, 56.927265>, 0.100000
	pigment { color rgbt <1,0,0,0> }
	no_shadow
}
cylinder {
	<47.364170, 55.641911, 56.942017>,  <47.109676, 55.949528, 56.966602>, 0.100000
	pigment { color rgbt <1,0,0,0> }
	no_shadow
}

// particle -1
sphere {
	<47.364170, 55.641911, 56.942017> 0.100000
	pigment { color rgbt <1,0,0,0> }
	no_shadow
}
sphere {
	0, 1
	scale<0.080000,0.200000,0.300000>
	matrix <0.752318, 0.600788, 0.270319,
		-0.170959, -0.218229, 0.960807,
		0.636232, -0.769045, -0.061468,
		47.555038, 55.411198, 56.923576>
	pigment { color rgbt <0,1,1,0> }
	no_shadow
}
cylinder {
	<47.480858, 55.781361, 57.602089>,  <47.109676, 55.949528, 56.966602>, 0.130000
	pigment { color rgbt <1,0,0,0> }
	no_shadow
}

// nucleotide -1

// particle -1
sphere {
	<47.480858, 55.781361, 57.602089> 0.250000
	pigment { color rgbt <1,0,0,0> }
	no_shadow
}
cylinder {
	<47.701862, 55.727608, 57.273048>,  <47.834465, 55.695354, 57.075623>, 0.100000
	pigment { color rgbt <1,0,0,0> }
	no_shadow
}
cylinder {
	<47.701862, 55.727608, 57.273048>,  <47.480858, 55.781361, 57.602089>, 0.100000
	pigment { color rgbt <1,0,0,0> }
	no_shadow
}

// particle -1
sphere {
	<47.701862, 55.727608, 57.273048> 0.100000
	pigment { color rgbt <1,0,0,0> }
	no_shadow
}
sphere {
	0, 1
	scale<0.080000,0.200000,0.300000>
	matrix <0.624338, 0.720571, 0.301628,
		0.552211, -0.680235, 0.482021,
		0.552508, -0.134382, -0.822603,
		47.867615, 55.687294, 57.026268>
	pigment { color rgbt <0,1,1,0> }
	no_shadow
}
cylinder {
	<48.071133, 55.745392, 57.888721>,  <47.480858, 55.781361, 57.602089>, 0.130000
	pigment { color rgbt <1,0,0,0> }
	no_shadow
}

// nucleotide -1

// particle -1
sphere {
	<48.071133, 55.745392, 57.888721> 0.250000
	pigment { color rgbt <1,0,0,0> }
	no_shadow
}
cylinder {
	<48.183792, 55.814117, 57.511116>,  <48.251389, 55.855350, 57.284554>, 0.100000
	pigment { color rgbt <1,0,0,0> }
	no_shadow
}
cylinder {
	<48.183792, 55.814117, 57.511116>,  <48.071133, 55.745392, 57.888721>, 0.100000
	pigment { color rgbt <1,0,0,0> }
	no_shadow
}

// particle -1
sphere {
	<48.183792, 55.814117, 57.511116> 0.100000
	pigment { color rgbt <1,0,0,0> }
	no_shadow
}
sphere {
	0, 1
	scale<0.080000,0.200000,0.300000>
	matrix <0.843495, 0.424630, 0.328946,
		0.457371, -0.888916, -0.025324,
		0.281652, 0.171811, -0.944009,
		48.268288, 55.865662, 57.227913>
	pigment { color rgbt <0,1,1,0> }
	no_shadow
}
cylinder {
	<48.761559, 55.418327, 57.769909>,  <48.071133, 55.745392, 57.888721>, 0.130000
	pigment { color rgbt <1,0,0,0> }
	no_shadow
}

// nucleotide -1

// particle -1
sphere {
	<48.761559, 55.418327, 57.769909> 0.250000
	pigment { color rgbt <1,0,0,0> }
	no_shadow
}
cylinder {
	<48.687691, 55.753445, 57.564384>,  <48.643372, 55.954514, 57.441071>, 0.100000
	pigment { color rgbt <1,0,0,0> }
	no_shadow
}
cylinder {
	<48.687691, 55.753445, 57.564384>,  <48.761559, 55.418327, 57.769909>, 0.100000
	pigment { color rgbt <1,0,0,0> }
	no_shadow
}

// particle -1
sphere {
	<48.687691, 55.753445, 57.564384> 0.100000
	pigment { color rgbt <1,0,0,0> }
	no_shadow
}
sphere {
	0, 1
	scale<0.080000,0.200000,0.300000>
	matrix <0.714045, 0.473604, 0.515597,
		0.675306, -0.271672, -0.685679,
		-0.184667, 0.837791, -0.513813,
		48.632290, 56.004784, 57.410240>
	pigment { color rgbt <0,1,1,0> }
	no_shadow
}
cylinder {
	<49.204571, 54.711227, 57.492573>,  <48.761559, 55.418327, 57.769909>, 0.130000
	pigment { color rgbt <1,0,0,0> }
	no_shadow
}

// nucleotide -1

// particle -1
sphere {
	<49.204571, 54.711227, 57.492573> 0.250000
	pigment { color rgbt <1,0,0,0> }
	no_shadow
}
cylinder {
	<49.043194, 54.808937, 57.139854>,  <48.946369, 54.867561, 56.928223>, 0.100000
	pigment { color rgbt <1,0,0,0> }
	no_shadow
}
cylinder {
	<49.043194, 54.808937, 57.139854>,  <49.204571, 54.711227, 57.492573>, 0.100000
	pigment { color rgbt <1,0,0,0> }
	no_shadow
}

// particle -1
sphere {
	<49.043194, 54.808937, 57.139854> 0.100000
	pigment { color rgbt <1,0,0,0> }
	no_shadow
}
sphere {
	0, 1
	scale<0.080000,0.200000,0.300000>
	matrix <0.912313, 0.181259, -0.367193,
		0.070138, -0.952615, -0.295983,
		-0.403443, 0.244274, -0.881796,
		48.922161, 54.882217, 56.875317>
	pigment { color rgbt <0,1,1,0> }
	no_shadow
}
cylinder {
	<49.686081, 54.096745, 57.291069>,  <49.204571, 54.711227, 57.492573>, 0.130000
	pigment { color rgbt <1,0,0,0> }
	no_shadow
}

// nucleotide -1

// particle -1
sphere {
	<49.686081, 54.096745, 57.291069> 0.250000
	pigment { color rgbt <1,0,0,0> }
	no_shadow
}
cylinder {
	<49.913860, 54.311119, 57.041748>,  <50.050526, 54.439743, 56.892155>, 0.100000
	pigment { color rgbt <1,0,0,0> }
	no_shadow
}
cylinder {
	<49.913860, 54.311119, 57.041748>,  <49.686081, 54.096745, 57.291069>, 0.100000
	pigment { color rgbt <1,0,0,0> }
	no_shadow
}

// particle -1
sphere {
	<49.913860, 54.311119, 57.041748> 0.100000
	pigment { color rgbt <1,0,0,0> }
	no_shadow
}
sphere {
	0, 1
	scale<0.080000,0.200000,0.300000>
	matrix <0.535741, 0.333135, 0.775889,
		0.623470, -0.775754, -0.097421,
		0.569444, 0.535936, -0.623302,
		50.084694, 54.471901, 56.854759>
	pigment { color rgbt <0,1,1,0> }
	no_shadow
}
cylinder {
	<50.431316, 53.966621, 57.456226>,  <49.686081, 54.096745, 57.291069>, 0.130000
	pigment { color rgbt <1,0,0,0> }
	no_shadow
}

// nucleotide -1

// particle -1
sphere {
	<50.431316, 53.966621, 57.456226> 0.250000
	pigment { color rgbt <1,0,0,0> }
	no_shadow
}
cylinder {
	<50.399746, 54.318813, 57.269241>,  <50.380806, 54.530128, 57.157051>, 0.100000
	pigment { color rgbt <1,0,0,0> }
	no_shadow
}
cylinder {
	<50.399746, 54.318813, 57.269241>,  <50.431316, 53.966621, 57.456226>, 0.100000
	pigment { color rgbt <1,0,0,0> }
	no_shadow
}

// particle -1
sphere {
	<50.399746, 54.318813, 57.269241> 0.100000
	pigment { color rgbt <1,0,0,0> }
	no_shadow
}
sphere {
	0, 1
	scale<0.080000,0.200000,0.300000>
	matrix <0.532239, 0.433714, 0.727058,
		0.842908, -0.191421, -0.502857,
		-0.078922, 0.880483, -0.467462,
		50.376068, 54.582958, 57.129002>
	pigment { color rgbt <0,1,1,0> }
	no_shadow
}
cylinder {
	<51.117531, 53.980160, 57.416332>,  <50.431316, 53.966621, 57.456226>, 0.130000
	pigment { color rgbt <1,0,0,0> }
	no_shadow
}

// nucleotide -1

// particle -1
sphere {
	<51.117531, 53.980160, 57.416332> 0.250000
	pigment { color rgbt <1,0,0,0> }
	no_shadow
}
cylinder {
	<50.958763, 54.339882, 57.489769>,  <50.863503, 54.555714, 57.533833>, 0.100000
	pigment { color rgbt <1,0,0,0> }
	no_shadow
}
cylinder {
	<50.958763, 54.339882, 57.489769>,  <51.117531, 53.980160, 57.416332>, 0.100000
	pigment { color rgbt <1,0,0,0> }
	no_shadow
}

// particle -1
sphere {
	<50.958763, 54.339882, 57.489769> 0.100000
	pigment { color rgbt <1,0,0,0> }
	no_shadow
}
sphere {
	0, 1
	scale<0.080000,0.200000,0.300000>
	matrix <0.598291, 0.101810, 0.794785,
		0.696062, 0.425308, -0.578456,
		-0.396921, 0.899304, 0.183592,
		50.839687, 54.609673, 57.544846>
	pigment { color rgbt <0,1,1,0> }
	no_shadow
}
cylinder {
	<51.685459, 54.492416, 57.342171>,  <51.117531, 53.980160, 57.416332>, 0.130000
	pigment { color rgbt <1,0,0,0> }
	no_shadow
}

// nucleotide -1

// particle -1
sphere {
	<51.685459, 54.492416, 57.342171> 0.250000
	pigment { color rgbt <1,0,0,0> }
	no_shadow
}
cylinder {
	<51.389706, 54.614922, 57.582008>,  <51.212254, 54.688423, 57.725910>, 0.100000
	pigment { color rgbt <1,0,0,0> }
	no_shadow
}
cylinder {
	<51.389706, 54.614922, 57.582008>,  <51.685459, 54.492416, 57.342171>, 0.100000
	pigment { color rgbt <1,0,0,0> }
	no_shadow
}

// particle -1
sphere {
	<51.389706, 54.614922, 57.582008> 0.100000
	pigment { color rgbt <1,0,0,0> }
	no_shadow
}
sphere {
	0, 1
	scale<0.080000,0.200000,0.300000>
	matrix <0.606579, -0.083453, 0.790631,
		0.292177, 0.948282, -0.124068,
		-0.739388, 0.306261, 0.599591,
		51.167889, 54.706799, 57.761887>
	pigment { color rgbt <0,1,1,0> }
	no_shadow
}
cylinder {
	<51.306728, 54.659527, 56.708729>,  <51.685459, 54.492416, 57.342171>, 0.130000
	pigment { color rgbt <1,0,0,0> }
	no_shadow
}

// nucleotide -1

// particle -1
sphere {
	<51.306728, 54.659527, 56.708729> 0.250000
	pigment { color rgbt <1,0,0,0> }
	no_shadow
}
cylinder {
	<51.255955, 55.056271, 56.704567>,  <51.225491, 55.294315, 56.702068>, 0.100000
	pigment { color rgbt <1,0,0,0> }
	no_shadow
}
cylinder {
	<51.255955, 55.056271, 56.704567>,  <51.306728, 54.659527, 56.708729>, 0.100000
	pigment { color rgbt <1,0,0,0> }
	no_shadow
}

// particle -1
sphere {
	<51.255955, 55.056271, 56.704567> 0.100000
	pigment { color rgbt <1,0,0,0> }
	no_shadow
}
sphere {
	0, 1
	scale<0.080000,0.200000,0.300000>
	matrix <0.378777, 0.058166, 0.923658,
		0.916742, 0.113301, -0.383076,
		-0.126933, 0.991857, -0.010407,
		51.217876, 55.353828, 56.701447>
	pigment { color rgbt <0,1,1,0> }
	no_shadow
}
cylinder {
	<51.855862, 55.202450, 56.717628>,  <51.306728, 54.659527, 56.708729>, 0.130000
	pigment { color rgbt <1,0,0,0> }
	no_shadow
}

// nucleotide -1

// particle -1
sphere {
	<51.855862, 55.202450, 56.717628> 0.250000
	pigment { color rgbt <1,0,0,0> }
	no_shadow
}
cylinder {
	<51.553459, 55.383762, 56.906517>,  <51.372017, 55.492550, 57.019848>, 0.100000
	pigment { color rgbt <1,0,0,0> }
	no_shadow
}
cylinder {
	<51.553459, 55.383762, 56.906517>,  <51.855862, 55.202450, 56.717628>, 0.100000
	pigment { color rgbt <1,0,0,0> }
	no_shadow
}

// particle -1
sphere {
	<51.553459, 55.383762, 56.906517> 0.100000
	pigment { color rgbt <1,0,0,0> }
	no_shadow
}
sphere {
	0, 1
	scale<0.080000,0.200000,0.300000>
	matrix <0.585668, 0.146260, 0.797246,
		0.292307, 0.879288, -0.376044,
		-0.756009, 0.453278, 0.472219,
		51.326656, 55.519745, 57.048183>
	pigment { color rgbt <0,1,1,0> }
	no_shadow
}
cylinder {
	<52.033882, 55.904224, 56.630787>,  <51.855862, 55.202450, 56.717628>, 0.130000
	pigment { color rgbt <1,0,0,0> }
	no_shadow
}

// nucleotide -1

// particle -1
sphere {
	<52.033882, 55.904224, 56.630787> 0.250000
	pigment { color rgbt <1,0,0,0> }
	no_shadow
}
cylinder {
	<51.859917, 55.757450, 56.301857>,  <51.755539, 55.669384, 56.104500>, 0.100000
	pigment { color rgbt <1,0,0,0> }
	no_shadow
}
cylinder {
	<51.859917, 55.757450, 56.301857>,  <52.033882, 55.904224, 56.630787>, 0.100000
	pigment { color rgbt <1,0,0,0> }
	no_shadow
}

// particle -1
sphere {
	<51.859917, 55.757450, 56.301857> 0.100000
	pigment { color rgbt <1,0,0,0> }
	no_shadow
}
sphere {
	0, 1
	scale<0.080000,0.200000,0.300000>
	matrix <0.670858, 0.477132, -0.567709,
		0.600668, -0.798563, 0.038651,
		-0.434910, -0.366935, -0.822321,
