// switches for output
#declare DRAW_BASES = 1; // possible values are 0, 1; only relevant for DNA ribbons
#declare DRAW_BASES_TYPE = 3; // possible values are 1, 2, 3; only relevant for DNA ribbons
#declare DRAW_FOG = 0; // set to 1 to enable fog

#include "colors.inc"

#include "transforms.inc"
background { rgb <1, 1, 1>}

#default {
   normal{
       ripples 0.25
       frequency 0.20
       turbulence 0.2
       lambda 5
   }
	finish {
		phong 0.1
		phong_size 40.
	}
}

// original window dimensions: 1024x640


// camera settings

camera {
	sky <-0, 1, 0>
	up <-0, 1, 0>
	right 1.6 * <0.99995, 0, 0.00999983>
	location <54.4867, 55, 106.329>
	look_at <55, 55, 55.0001>
	direction <0.513302, 0, -51.3289>
	angle 67.0682
}


# declare cpy_camera_pos = <54.4867, 55, 106.329>;
# if (DRAW_FOG = 1)
fog {
	fog_type 2
	up vnormalize(cpy_camera_pos)
	color rgbt<1,1,1,0.3>
	distance 1e-5
	fog_alt 3e-3
	fog_offset 88
}
# end


// LIGHTS

# declare lum = 6;
global_settings {
	ambient_light rgb lum * <0.05, 0.05, 0.05>
	max_trace_level 15
}# declare cpy_direct_light_amount = 0.25;
light_source
{	1000 * <-0.98995, -1, 1.00995>,
	rgb lum * cpy_direct_light_amount
	parallel
}

light_source
{	1000 * <0.98995, 1, -1.00995>,
	rgb lum * cpy_direct_light_amount
	parallel
}

// strand 0

// nucleotide -1

// particle -1
sphere {
	<36.566891, 53.002029, 50.222073> 0.250000
	pigment { color rgbt <1,0,0,0> }
	no_shadow
}
cylinder {
	<36.671997, 52.677307, 50.013489>,  <36.735062, 52.482471, 49.888340>, 0.100000
	pigment { color rgbt <1,0,0,0> }
	no_shadow
}
cylinder {
	<36.671997, 52.677307, 50.013489>,  <36.566891, 53.002029, 50.222073>, 0.100000
	pigment { color rgbt <1,0,0,0> }
	no_shadow
}

// particle -1
sphere {
	<36.671997, 52.677307, 50.013489> 0.100000
	pigment { color rgbt <1,0,0,0> }
	no_shadow
}
sphere {
	0, 1
	scale<0.080000,0.200000,0.300000>
	matrix <0.897965, 0.008029, 0.439994,
		-0.353004, -0.583869, 0.731085,
		0.262769, -0.811808, -0.521460,
		36.750828, 52.433765, 49.857052>
	pigment { color rgbt <0,1,1,0> }
	no_shadow
}
cylinder {
	<36.832184, 52.519794, 50.682846>,  <36.566891, 53.002029, 50.222073>, 0.130000
	pigment { color rgbt <1,0,0,0> }
	no_shadow
}

// nucleotide -1

// particle -1
sphere {
	<36.832184, 52.519794, 50.682846> 0.250000
	pigment { color rgbt <1,0,0,0> }
	no_shadow
}
cylinder {
	<36.988422, 52.498428, 50.315243>,  <37.082165, 52.485611, 50.094681>, 0.100000
	pigment { color rgbt <1,0,0,0> }
	no_shadow
}
cylinder {
	<36.988422, 52.498428, 50.315243>,  <36.832184, 52.519794, 50.682846>, 0.100000
	pigment { color rgbt <1,0,0,0> }
	no_shadow
}

// particle -1
sphere {
	<36.988422, 52.498428, 50.315243> 0.100000
	pigment { color rgbt <1,0,0,0> }
	no_shadow
}
sphere {
	0, 1
	scale<0.080000,0.200000,0.300000>
	matrix <0.909264, 0.178315, 0.376089,
		0.143785, -0.982523, 0.118216,
		0.390596, -0.053414, -0.919011,
		37.105602, 52.482403, 50.039539>
	pigment { color rgbt <0,1,1,0> }
	no_shadow
}
cylinder {
	<37.055191, 52.974781, 51.173027>,  <36.832184, 52.519794, 50.682846>, 0.130000
	pigment { color rgbt <1,0,0,0> }
	no_shadow
}

// nucleotide -1

// particle -1
sphere {
	<37.055191, 52.974781, 51.173027> 0.250000
	pigment { color rgbt <1,0,0,0> }
	no_shadow
}
cylinder {
	<37.069832, 52.660172, 51.419617>,  <37.078617, 52.471405, 51.567570>, 0.100000
	pigment { color rgbt <1,0,0,0> }
	no_shadow
}
cylinder {
	<37.069832, 52.660172, 51.419617>,  <37.055191, 52.974781, 51.173027>, 0.100000
	pigment { color rgbt <1,0,0,0> }
	no_shadow
}

// particle -1
sphere {
	<37.069832, 52.660172, 51.419617> 0.100000
	pigment { color rgbt <1,0,0,0> }
	no_shadow
}
sphere {
	0, 1
	scale<0.080000,0.200000,0.300000>
	matrix <0.864282, -0.284772, -0.414635,
		0.501675, 0.547984, 0.669355,
		0.036600, -0.786523, 0.616475,
		37.080811, 52.424213, 51.604561>
	pigment { color rgbt <0,1,1,0> }
	no_shadow
}
cylinder {
	<37.586090, 52.922909, 51.719387>,  <37.055191, 52.974781, 51.173027>, 0.130000
	pigment { color rgbt <1,0,0,0> }
	no_shadow
}

// nucleotide -1

// particle -1
sphere {
	<37.586090, 52.922909, 51.719387> 0.250000
	pigment { color rgbt <1,0,0,0> }
	no_shadow
}
cylinder {
	<37.497795, 52.566166, 51.561470>,  <37.444817, 52.352119, 51.466721>, 0.100000
	pigment { color rgbt <1,0,0,0> }
	no_shadow
}
cylinder {
	<37.497795, 52.566166, 51.561470>,  <37.586090, 52.922909, 51.719387>, 0.100000
	pigment { color rgbt <1,0,0,0> }
	no_shadow
}

// particle -1
sphere {
	<37.497795, 52.566166, 51.561470> 0.100000
	pigment { color rgbt <1,0,0,0> }
	no_shadow
}
sphere {
	0, 1
	scale<0.080000,0.200000,0.300000>
	matrix <0.972069, -0.168088, -0.163792,
		0.079720, -0.419921, 0.904053,
		-0.220741, -0.891859, -0.394792,
		37.431572, 52.298607, 51.443031>
	pigment { color rgbt <0,1,1,0> }
	no_shadow
}
cylinder {
	<38.122299, 52.506310, 51.901398>,  <37.586090, 52.922909, 51.719387>, 0.130000
	pigment { color rgbt <1,0,0,0> }
	no_shadow
}

// nucleotide -1

// particle -1
sphere {
	<38.122299, 52.506310, 51.901398> 0.250000
	pigment { color rgbt <1,0,0,0> }
	no_shadow
}
cylinder {
	<37.948887, 52.337643, 51.582836>,  <37.844841, 52.236443, 51.391701>, 0.100000
	pigment { color rgbt <1,0,0,0> }
	no_shadow
}
cylinder {
	<37.948887, 52.337643, 51.582836>,  <38.122299, 52.506310, 51.901398>, 0.100000
	pigment { color rgbt <1,0,0,0> }
	no_shadow
}

// particle -1
sphere {
	<37.948887, 52.337643, 51.582836> 0.100000
	pigment { color rgbt <1,0,0,0> }
	no_shadow
}
sphere {
	0, 1
	scale<0.080000,0.200000,0.300000>
	matrix <0.894609, -0.095167, -0.436599,
		0.108306, -0.901745, 0.418481,
		-0.433526, -0.421663, -0.796401,
		37.818829, 52.211143, 51.343914>
	pigment { color rgbt <0,1,1,0> }
	no_shadow
}
cylinder {
	<38.233330, 51.726055, 51.849972>,  <38.122299, 52.506310, 51.901398>, 0.130000
	pigment { color rgbt <1,0,0,0> }
	no_shadow
}

// nucleotide -1

// particle -1
sphere {
	<38.233330, 51.726055, 51.849972> 0.250000
	pigment { color rgbt <1,0,0,0> }
	no_shadow
}
cylinder {
	<38.173851, 51.911293, 51.500473>,  <38.138165, 52.022438, 51.290775>, 0.100000
	pigment { color rgbt <1,0,0,0> }
	no_shadow
}
cylinder {
	<38.173851, 51.911293, 51.500473>,  <38.233330, 51.726055, 51.849972>, 0.100000
	pigment { color rgbt <1,0,0,0> }
	no_shadow
}

// particle -1
sphere {
	<38.173851, 51.911293, 51.500473> 0.100000
	pigment { color rgbt <1,0,0,0> }
	no_shadow
}
sphere {
	0, 1
	scale<0.080000,0.200000,0.300000>
	matrix <0.936683, -0.217314, -0.274590,
		-0.317040, -0.859252, -0.401462,
		-0.148699, 0.463098, -0.873744,
		38.129242, 52.050224, 51.238350>
	pigment { color rgbt <0,1,1,0> }
	no_shadow
}
cylinder {
	<38.506180, 51.256386, 51.345375>,  <38.233330, 51.726055, 51.849972>, 0.130000
	pigment { color rgbt <1,0,0,0> }
	no_shadow
}

// nucleotide -1

// particle -1
sphere {
	<38.506180, 51.256386, 51.345375> 0.250000
	pigment { color rgbt <1,0,0,0> }
	no_shadow
}
cylinder {
	<38.490765, 51.646839, 51.259888>,  <38.481514, 51.881111, 51.208595>, 0.100000
	pigment { color rgbt <1,0,0,0> }
	no_shadow
}
cylinder {
	<38.490765, 51.646839, 51.259888>,  <38.506180, 51.256386, 51.345375>, 0.100000
	pigment { color rgbt <1,0,0,0> }
	no_shadow
}

// particle -1
sphere {
	<38.490765, 51.646839, 51.259888> 0.100000
	pigment { color rgbt <1,0,0,0> }
	no_shadow
}
sphere {
	0, 1
	scale<0.080000,0.200000,0.300000>
	matrix <0.961631, -0.021909, -0.273468,
		-0.271624, -0.216056, -0.937838,
		-0.038537, 0.976135, -0.213717,
		38.479202, 51.939678, 51.195774>
	pigment { color rgbt <0,1,1,0> }
	no_shadow
}
cylinder {
	<38.767166, 51.489140, 50.644791>,  <38.506180, 51.256386, 51.345375>, 0.130000
	pigment { color rgbt <1,0,0,0> }
	no_shadow
}

// nucleotide -1

// particle -1
sphere {
	<38.767166, 51.489140, 50.644791> 0.250000
	pigment { color rgbt <1,0,0,0> }
	no_shadow
}
cylinder {
	<38.824989, 51.797298, 50.893173>,  <38.859684, 51.982193, 51.042202>, 0.100000
	pigment { color rgbt <1,0,0,0> }
	no_shadow
}
cylinder {
	<38.824989, 51.797298, 50.893173>,  <38.767166, 51.489140, 50.644791>, 0.100000
	pigment { color rgbt <1,0,0,0> }
	no_shadow
}

// particle -1
sphere {
	<38.824989, 51.797298, 50.893173> 0.100000
	pigment { color rgbt <1,0,0,0> }
	no_shadow
}
sphere {
	0, 1
	scale<0.080000,0.200000,0.300000>
	matrix <0.977065, -0.011979, -0.212603,
		-0.156351, 0.637448, -0.754463,
		0.144561, 0.770401, 0.620955,
		38.868359, 52.028419, 51.079460>
	pigment { color rgbt <0,1,1,0> }
	no_shadow
}
cylinder {
	<39.406670, 51.740765, 50.368031>,  <38.767166, 51.489140, 50.644791>, 0.130000
	pigment { color rgbt <1,0,0,0> }
	no_shadow
}

// nucleotide -1

// particle -1
sphere {
	<39.406670, 51.740765, 50.368031> 0.250000
	pigment { color rgbt <1,0,0,0> }
	no_shadow
}
cylinder {
	<39.382889, 51.780510, 50.765339>,  <39.368622, 51.804356, 51.003723>, 0.100000
	pigment { color rgbt <1,0,0,0> }
	no_shadow
}
cylinder {
	<39.382889, 51.780510, 50.765339>,  <39.406670, 51.740765, 50.368031>, 0.100000
	pigment { color rgbt <1,0,0,0> }
	no_shadow
}

// particle -1
sphere {
	<39.382889, 51.780510, 50.765339> 0.100000
	pigment { color rgbt <1,0,0,0> }
	no_shadow
}
sphere {
	0, 1
	scale<0.080000,0.200000,0.300000>
	matrix <0.935138, -0.342598, 0.090242,
		0.349260, 0.934213, -0.072552,
		-0.059449, 0.099364, 0.993274,
		39.365055, 51.810318, 51.063320>
	pigment { color rgbt <0,1,1,0> }
	no_shadow
}
cylinder {
	<39.955807, 51.992554, 50.605824>,  <39.406670, 51.740765, 50.368031>, 0.130000
	pigment { color rgbt <1,0,0,0> }
	no_shadow
}

// nucleotide -1

// particle -1
sphere {
	<39.955807, 51.992554, 50.605824> 0.250000
	pigment { color rgbt <1,0,0,0> }
	no_shadow
}
cylinder {
	<39.822029, 51.840027, 50.950554>,  <39.741764, 51.748508, 51.157391>, 0.100000
	pigment { color rgbt <1,0,0,0> }
	no_shadow
}
cylinder {
	<39.822029, 51.840027, 50.950554>,  <39.955807, 51.992554, 50.605824>, 0.100000
	pigment { color rgbt <1,0,0,0> }
	no_shadow
}

// particle -1
sphere {
	<39.822029, 51.840027, 50.950554> 0.100000
	pigment { color rgbt <1,0,0,0> }
	no_shadow
}
sphere {
	0, 1
	scale<0.080000,0.200000,0.300000>
	matrix <0.920455, -0.328436, 0.211876,
		0.202262, 0.864132, 0.460833,
		-0.334443, -0.381321, 0.861825,
		39.721695, 51.725632, 51.209103>
	pigment { color rgbt <0,1,1,0> }
	no_shadow
}
cylinder {
	<40.459938, 52.187660, 51.134129>,  <39.955807, 51.992554, 50.605824>, 0.130000
	pigment { color rgbt <1,0,0,0> }
	no_shadow
}

// nucleotide -1

// particle -1
sphere {
	<40.459938, 52.187660, 51.134129> 0.250000
	pigment { color rgbt <1,0,0,0> }
	no_shadow
}
cylinder {
	<40.278053, 51.843014, 51.224335>,  <40.168922, 51.636227, 51.278458>, 0.100000
	pigment { color rgbt <1,0,0,0> }
	no_shadow
}
cylinder {
	<40.278053, 51.843014, 51.224335>,  <40.459938, 52.187660, 51.134129>, 0.100000
	pigment { color rgbt <1,0,0,0> }
	no_shadow
}

// particle -1
sphere {
	<40.278053, 51.843014, 51.224335> 0.100000
	pigment { color rgbt <1,0,0,0> }
	no_shadow
}
sphere {
	0, 1
	scale<0.080000,0.200000,0.300000>
	matrix <0.883397, -0.404101, 0.237301,
		-0.113329, 0.307128, 0.944896,
		-0.454715, -0.861612, 0.225519,
		40.141640, 51.584530, 51.291992>
	pigment { color rgbt <0,1,1,0> }
	no_shadow
}
cylinder {
	<40.655209, 52.098927, 51.897438>,  <40.459938, 52.187660, 51.134129>, 0.130000
	pigment { color rgbt <1,0,0,0> }
	no_shadow
}

// nucleotide -1

// particle -1
sphere {
	<40.655209, 52.098927, 51.897438> 0.250000
	pigment { color rgbt <1,0,0,0> }
	no_shadow
}
cylinder {
	<40.425747, 52.078018, 52.224407>,  <40.288071, 52.065472, 52.420589>, 0.100000
	pigment { color rgbt <1,0,0,0> }
	no_shadow
}
cylinder {
	<40.425747, 52.078018, 52.224407>,  <40.655209, 52.098927, 51.897438>, 0.100000
	pigment { color rgbt <1,0,0,0> }
	no_shadow
}

// particle -1
sphere {
	<40.425747, 52.078018, 52.224407> 0.100000
	pigment { color rgbt <1,0,0,0> }
	no_shadow
}
sphere {
	0, 1
	scale<0.080000,0.200000,0.300000>
	matrix <-0.350883, 0.917440, -0.187579,
		-0.740135, -0.394427, -0.544635,
		-0.573656, -0.052270, 0.817427,
		40.253651, 52.062336, 52.469635>
	pigment { color rgbt <0,1,1,0> }
	no_shadow
}
cylinder {
	<40.923164, 52.795753, 51.607796>,  <40.655209, 52.098927, 51.897438>, 0.130000
	pigment { color rgbt <1,0,0,0> }
	no_shadow
}

// nucleotide -1

// particle -1
sphere {
	<40.923164, 52.795753, 51.607796> 0.250000
	pigment { color rgbt <1,0,0,0> }
	no_shadow
}
cylinder {
	<40.819340, 53.153980, 51.752342>,  <40.757046, 53.368916, 51.839069>, 0.100000
	pigment { color rgbt <1,0,0,0> }
	no_shadow
}
cylinder {
	<40.819340, 53.153980, 51.752342>,  <40.923164, 52.795753, 51.607796>, 0.100000
	pigment { color rgbt <1,0,0,0> }
	no_shadow
}

// particle -1
sphere {
	<40.819340, 53.153980, 51.752342> 0.100000
	pigment { color rgbt <1,0,0,0> }
	no_shadow
}
sphere {
	0, 1
	scale<0.080000,0.200000,0.300000>
	matrix <0.964566, 0.222077, 0.142456,
		0.047327, 0.385541, -0.921476,
		-0.259562, 0.895567, 0.361370,
		40.741470, 53.422649, 51.860752>
	pigment { color rgbt <0,1,1,0> }
	no_shadow
}
cylinder {
	<41.046642, 53.273548, 51.068073>,  <40.923164, 52.795753, 51.607796>, 0.130000
	pigment { color rgbt <1,0,0,0> }
	no_shadow
}

// nucleotide -1

// particle -1
sphere {
	<41.046642, 53.273548, 51.068073> 0.250000
	pigment { color rgbt <1,0,0,0> }
	no_shadow
}
cylinder {
	<41.036701, 52.904507, 50.914097>,  <41.030735, 52.683083, 50.821712>, 0.100000
	pigment { color rgbt <1,0,0,0> }
	no_shadow
}
cylinder {
	<41.036701, 52.904507, 50.914097>,  <41.046642, 53.273548, 51.068073>, 0.100000
	pigment { color rgbt <1,0,0,0> }
	no_shadow
}

// particle -1
sphere {
	<41.036701, 52.904507, 50.914097> 0.100000
	pigment { color rgbt <1,0,0,0> }
	no_shadow
}
sphere {
	0, 1
	scale<0.080000,0.200000,0.300000>
	matrix <0.646017, 0.279034, -0.710495,
		0.762919, -0.266338, 0.589083,
		-0.024857, -0.922607, -0.384939,
		41.029243, 52.627724, 50.798615>
	pigment { color rgbt <0,1,1,0> }
	no_shadow
}
cylinder {
	<41.672871, 52.832962, 51.047939>,  <41.046642, 53.273548, 51.068073>, 0.130000
	pigment { color rgbt <1,0,0,0> }
	no_shadow
}

// nucleotide -1

// particle -1
sphere {
	<41.672871, 52.832962, 51.047939> 0.250000
	pigment { color rgbt <1,0,0,0> }
	no_shadow
}
cylinder {
	<41.430382, 52.748531, 50.741230>,  <41.284889, 52.697872, 50.557205>, 0.100000
	pigment { color rgbt <1,0,0,0> }
	no_shadow
}
cylinder {
	<41.430382, 52.748531, 50.741230>,  <41.672871, 52.832962, 51.047939>, 0.100000
	pigment { color rgbt <1,0,0,0> }
	no_shadow
}

// particle -1
sphere {
	<41.430382, 52.748531, 50.741230> 0.100000
	pigment { color rgbt <1,0,0,0> }
	no_shadow
}
sphere {
	0, 1
	scale<0.080000,0.200000,0.300000>
	matrix <0.733106, 0.225448, -0.641661,
		0.308309, -0.951114, 0.018073,
		-0.606219, -0.211079, -0.766775,
		41.248516, 52.685207, 50.511196>
	pigment { color rgbt <0,1,1,0> }
	no_shadow
}
cylinder {
	<41.861702, 52.197495, 50.564556>,  <41.672871, 52.832962, 51.047939>, 0.130000
	pigment { color rgbt <1,0,0,0> }
	no_shadow
}

// nucleotide -1

// particle -1
sphere {
	<41.861702, 52.197495, 50.564556> 0.250000
	pigment { color rgbt <1,0,0,0> }
	no_shadow
}
cylinder {
	<41.668018, 52.490665, 50.373405>,  <41.551807, 52.666569, 50.258717>, 0.100000
	pigment { color rgbt <1,0,0,0> }
	no_shadow
}
cylinder {
	<41.668018, 52.490665, 50.373405>,  <41.861702, 52.197495, 50.564556>, 0.100000
	pigment { color rgbt <1,0,0,0> }
	no_shadow
}

// particle -1
sphere {
	<41.668018, 52.490665, 50.373405> 0.100000
	pigment { color rgbt <1,0,0,0> }
	no_shadow
}
sphere {
	0, 1
	scale<0.080000,0.200000,0.300000>
	matrix <0.682620, -0.025218, -0.730339,
		-0.547335, -0.679841, -0.488099,
		-0.484205, 0.732926, -0.477876,
		41.522758, 52.710545, 50.230042>
	pigment { color rgbt <0,1,1,0> }
	no_shadow
}
cylinder {
	<42.105320, 52.666485, 49.935478>,  <41.861702, 52.197495, 50.564556>, 0.130000
	pigment { color rgbt <1,0,0,0> }
	no_shadow
}

// nucleotide -1

// particle -1
sphere {
	<42.105320, 52.666485, 49.935478> 0.250000
	pigment { color rgbt <1,0,0,0> }
	no_shadow
}
cylinder {
	<41.855930, 52.976791, 49.974403>,  <41.706295, 53.162975, 49.997757>, 0.100000
	pigment { color rgbt <1,0,0,0> }
	no_shadow
}
cylinder {
	<41.855930, 52.976791, 49.974403>,  <42.105320, 52.666485, 49.935478>, 0.100000
	pigment { color rgbt <1,0,0,0> }
	no_shadow
}

// particle -1
sphere {
	<41.855930, 52.976791, 49.974403> 0.100000
	pigment { color rgbt <1,0,0,0> }
	no_shadow
}
sphere {
	0, 1
	scale<0.080000,0.200000,0.300000>
	matrix <0.688675, 0.603831, -0.401392,
		-0.370145, -0.183242, -0.910722,
		-0.623474, 0.775765, 0.097311,
		41.668888, 53.209522, 50.003597>
	pigment { color rgbt <0,1,1,0> }
	no_shadow
}
cylinder {
	<42.552349, 52.162029, 50.103981>,  <42.105320, 52.666485, 49.935478>, 0.130000
	pigment { color rgbt <1,0,0,0> }
	no_shadow
}

// nucleotide -1

// particle -1
sphere {
	<42.552349, 52.162029, 50.103981> 0.250000
	pigment { color rgbt <1,0,0,0> }
	no_shadow
}
cylinder {
	<42.357578, 52.421810, 50.337601>,  <42.240715, 52.577679, 50.477772>, 0.100000
	pigment { color rgbt <1,0,0,0> }
	no_shadow
}
cylinder {
	<42.357578, 52.421810, 50.337601>,  <42.552349, 52.162029, 50.103981>, 0.100000
	pigment { color rgbt <1,0,0,0> }
	no_shadow
}

// particle -1
sphere {
	<42.357578, 52.421810, 50.337601> 0.100000
	pigment { color rgbt <1,0,0,0> }
	no_shadow
}
sphere {
	0, 1
	scale<0.080000,0.200000,0.300000>
	matrix <0.483305, -0.356638, 0.799515,
		0.727542, 0.671579, -0.140228,
		-0.486927, 0.649454, 0.584047,
		42.211498, 52.616646, 50.512814>
	pigment { color rgbt <0,1,1,0> }
	no_shadow
}
cylinder {
	<43.029385, 52.322113, 50.613075>,  <42.552349, 52.162029, 50.103981>, 0.130000
	pigment { color rgbt <1,0,0,0> }
	no_shadow
}

// nucleotide -1

// particle -1
sphere {
	<43.029385, 52.322113, 50.613075> 0.250000
	pigment { color rgbt <1,0,0,0> }
	no_shadow
}
cylinder {
	<42.678421, 52.416157, 50.780346>,  <42.467842, 52.472584, 50.880707>, 0.100000
	pigment { color rgbt <1,0,0,0> }
	no_shadow
}
cylinder {
	<42.678421, 52.416157, 50.780346>,  <43.029385, 52.322113, 50.613075>, 0.100000
	pigment { color rgbt <1,0,0,0> }
	no_shadow
}

// particle -1
sphere {
	<42.678421, 52.416157, 50.780346> 0.100000
	pigment { color rgbt <1,0,0,0> }
	no_shadow
}
sphere {
	0, 1
	scale<0.080000,0.200000,0.300000>
	matrix <0.397722, -0.130929, 0.908116,
		0.268261, 0.963109, 0.021369,
		-0.877413, 0.235113, 0.418173,
		42.415195, 52.486691, 50.905796>
	pigment { color rgbt <0,1,1,0> }
	no_shadow
}
cylinder {
	<43.055676, 52.980656, 50.878101>,  <43.029385, 52.322113, 50.613075>, 0.130000
	pigment { color rgbt <1,0,0,0> }
	no_shadow
}

// nucleotide -1

// particle -1
sphere {
	<43.055676, 52.980656, 50.878101> 0.250000
	pigment { color rgbt <1,0,0,0> }
	no_shadow
}
cylinder {
	<42.850388, 52.680252, 51.044273>,  <42.727215, 52.500008, 51.143978>, 0.100000
	pigment { color rgbt <1,0,0,0> }
	no_shadow
}
cylinder {
	<42.850388, 52.680252, 51.044273>,  <43.055676, 52.980656, 50.878101>, 0.100000
	pigment { color rgbt <1,0,0,0> }
	no_shadow
}

// particle -1
sphere {
	<42.850388, 52.680252, 51.044273> 0.100000
	pigment { color rgbt <1,0,0,0> }
	no_shadow
}
sphere {
	0, 1
	scale<0.080000,0.200000,0.300000>
	matrix <0.585126, 0.047937, 0.809524,
		-0.627878, 0.658545, 0.414835,
		-0.513223, -0.751013, 0.415430,
		42.696423, 52.454948, 51.168903>
	pigment { color rgbt <0,1,1,0> }
	no_shadow
}
cylinder {
	<43.628326, 53.113995, 50.371998>,  <43.055676, 52.980656, 50.878101>, 0.130000
	pigment { color rgbt <1,0,0,0> }
	no_shadow
}

// nucleotide -1

// particle -1
sphere {
	<43.628326, 53.113995, 50.371998> 0.250000
	pigment { color rgbt <1,0,0,0> }
	no_shadow
}
cylinder {
	<43.690434, 53.446415, 50.585632>,  <43.727699, 53.645866, 50.713814>, 0.100000
	pigment { color rgbt <1,0,0,0> }
	no_shadow
}
cylinder {
	<43.690434, 53.446415, 50.585632>,  <43.628326, 53.113995, 50.371998>, 0.100000
	pigment { color rgbt <1,0,0,0> }
	no_shadow
}

// particle -1
sphere {
	<43.690434, 53.446415, 50.585632> 0.100000
	pigment { color rgbt <1,0,0,0> }
	no_shadow
}
sphere {
	0, 1
	scale<0.080000,0.200000,0.300000>
	matrix <0.986662, -0.103702, -0.125475,
		-0.048891, 0.546444, -0.836067,
		0.155267, 0.831051, 0.534085,
		43.737015, 53.695728, 50.745857>
	pigment { color rgbt <0,1,1,0> }
	no_shadow
}
cylinder {
	<44.113373, 53.582287, 50.001156>,  <43.628326, 53.113995, 50.371998>, 0.130000
	pigment { color rgbt <1,0,0,0> }
	no_shadow
}

// nucleotide -1

// particle -1
sphere {
	<44.113373, 53.582287, 50.001156> 0.250000
	pigment { color rgbt <1,0,0,0> }
	no_shadow
}
cylinder {
	<44.104378, 53.596901, 50.400787>,  <44.098980, 53.605667, 50.640568>, 0.100000
	pigment { color rgbt <1,0,0,0> }
	no_shadow
}
cylinder {
	<44.104378, 53.596901, 50.400787>,  <44.113373, 53.582287, 50.001156>, 0.100000
	pigment { color rgbt <1,0,0,0> }
	no_shadow
}

// particle -1
sphere {
	<44.104378, 53.596901, 50.400787> 0.100000
	pigment { color rgbt <1,0,0,0> }
	no_shadow
}
sphere {
	0, 1
	scale<0.080000,0.200000,0.300000>
	matrix <0.973601, -0.226251, 0.030183,
		0.227145, 0.973384, -0.030479,
		-0.022483, 0.036530, 0.999080,
		44.097633, 53.607861, 50.700512>
	pigment { color rgbt <0,1,1,0> }
	no_shadow
}
cylinder {
	<44.612499, 54.148380, 50.323277>,  <44.113373, 53.582287, 50.001156>, 0.130000
	pigment { color rgbt <1,0,0,0> }
	no_shadow
}

// nucleotide -1

// particle -1
sphere {
	<44.612499, 54.148380, 50.323277> 0.250000
	pigment { color rgbt <1,0,0,0> }
	no_shadow
}
cylinder {
	<44.564671, 53.840675, 50.574333>,  <44.535973, 53.656052, 50.724968>, 0.100000
	pigment { color rgbt <1,0,0,0> }
	no_shadow
}
cylinder {
	<44.564671, 53.840675, 50.574333>,  <44.612499, 54.148380, 50.323277>, 0.100000
	pigment { color rgbt <1,0,0,0> }
	no_shadow
}

// particle -1
sphere {
	<44.564671, 53.840675, 50.574333> 0.100000
	pigment { color rgbt <1,0,0,0> }
	no_shadow
}
sphere {
	0, 1
	scale<0.080000,0.200000,0.300000>
	matrix <0.980851, 0.006354, 0.194656,
		-0.153730, 0.638900, 0.753773,
		-0.119576, -0.769263, 0.627643,
		44.528797, 53.609898, 50.762627>
	pigment { color rgbt <0,1,1,0> }
	no_shadow
}
cylinder {
	<45.042343, 54.239208, 50.971237>,  <44.612499, 54.148380, 50.323277>, 0.130000
	pigment { color rgbt <1,0,0,0> }
	no_shadow
}

// nucleotide -1

// particle -1
sphere {
	<45.042343, 54.239208, 50.971237> 0.250000
	pigment { color rgbt <1,0,0,0> }
	no_shadow
}
cylinder {
	<44.962547, 53.847481, 50.957718>,  <44.914669, 53.612446, 50.949604>, 0.100000
	pigment { color rgbt <1,0,0,0> }
	no_shadow
}
cylinder {
	<44.962547, 53.847481, 50.957718>,  <45.042343, 54.239208, 50.971237>, 0.100000
	pigment { color rgbt <1,0,0,0> }
	no_shadow
}

// particle -1
sphere {
	<44.962547, 53.847481, 50.957718> 0.100000
	pigment { color rgbt <1,0,0,0> }
	no_shadow
}
sphere {
	0, 1
	scale<0.080000,0.200000,0.300000>
	matrix <0.956608, -0.202103, 0.209895,
		-0.212385, 0.009538, 0.977139,
		-0.199485, -0.979318, -0.033800,
		44.902702, 53.553684, 50.947578>
	pigment { color rgbt <0,1,1,0> }
	no_shadow
}
cylinder {
	<45.559883, 54.673416, 51.190140>,  <45.042343, 54.239208, 50.971237>, 0.130000
	pigment { color rgbt <1,0,0,0> }
	no_shadow
}

// nucleotide -1

// particle -1
sphere {
	<45.559883, 54.673416, 51.190140> 0.250000
	pigment { color rgbt <1,0,0,0> }
	no_shadow
}
cylinder {
	<45.602142, 54.513390, 50.825989>,  <45.627499, 54.417374, 50.607498>, 0.100000
	pigment { color rgbt <1,0,0,0> }
	no_shadow
}
cylinder {
	<45.602142, 54.513390, 50.825989>,  <45.559883, 54.673416, 51.190140>, 0.100000
	pigment { color rgbt <1,0,0,0> }
	no_shadow
}

// particle -1
sphere {
	<45.602142, 54.513390, 50.825989> 0.100000
	pigment { color rgbt <1,0,0,0> }
	no_shadow
}
sphere {
	0, 1
	scale<0.080000,0.200000,0.300000>
	matrix <0.701028, 0.679267, -0.217157,
		0.705265, -0.615256, 0.352223,
		0.105646, -0.400071, -0.910375,
		45.633835, 54.393368, 50.552876>
	pigment { color rgbt <0,1,1,0> }
	no_shadow
}
cylinder {
	<46.307873, 54.676914, 51.021088>,  <45.559883, 54.673416, 51.190140>, 0.130000
	pigment { color rgbt <1,0,0,0> }
	no_shadow
}

// nucleotide -1

// particle -1
sphere {
	<46.307873, 54.676914, 51.021088> 0.250000
	pigment { color rgbt <1,0,0,0> }
	no_shadow
}
cylinder {
	<46.129974, 54.693844, 50.663223>,  <46.023235, 54.704002, 50.448505>, 0.100000
	pigment { color rgbt <1,0,0,0> }
	no_shadow
}
cylinder {
	<46.129974, 54.693844, 50.663223>,  <46.307873, 54.676914, 51.021088>, 0.100000
	pigment { color rgbt <1,0,0,0> }
	no_shadow
}

// particle -1
sphere {
	<46.129974, 54.693844, 50.663223> 0.100000
	pigment { color rgbt <1,0,0,0> }
	no_shadow
}
sphere {
	0, 1
	scale<0.080000,0.200000,0.300000>
	matrix <0.728888, 0.597598, -0.334066,
		0.520505, -0.800678, -0.296629,
		-0.444744, 0.042327, -0.894657,
		45.996552, 54.706543, 50.394825>
	pigment { color rgbt <0,1,1,0> }
	no_shadow
}
cylinder {
	<46.604950, 54.146896, 50.640205>,  <46.307873, 54.676914, 51.021088>, 0.130000
	pigment { color rgbt <1,0,0,0> }
	no_shadow
}

// nucleotide -1

// particle -1
sphere {
	<46.604950, 54.146896, 50.640205> 0.250000
	pigment { color rgbt <1,0,0,0> }
	no_shadow
}
cylinder {
	<46.455441, 54.481476, 50.479881>,  <46.365734, 54.682224, 50.383686>, 0.100000
	pigment { color rgbt <1,0,0,0> }
	no_shadow
}
cylinder {
	<46.455441, 54.481476, 50.479881>,  <46.604950, 54.146896, 50.640205>, 0.100000
	pigment { color rgbt <1,0,0,0> }
	no_shadow
}

// particle -1
sphere {
	<46.455441, 54.481476, 50.479881> 0.100000
	pigment { color rgbt <1,0,0,0> }
	no_shadow
}
sphere {
	0, 1
	scale<0.080000,0.200000,0.300000>
	matrix <0.920755, 0.386710, -0.051633,
		0.111810, -0.388349, -0.914704,
		-0.373776, 0.836445, -0.400812,
		46.343307, 54.732410, 50.359638>
	pigment { color rgbt <0,1,1,0> }
	no_shadow
}
cylinder {
	<46.835018, 53.879307, 51.257713>,  <46.604950, 54.146896, 50.640205>, 0.130000
	pigment { color rgbt <1,0,0,0> }
	no_shadow
}

// nucleotide -1

// particle -1
sphere {
	<46.835018, 53.879307, 51.257713> 0.250000
	pigment { color rgbt <1,0,0,0> }
	no_shadow
}
cylinder {
	<47.155403, 54.102673, 51.171333>,  <47.347633, 54.236691, 51.119507>, 0.100000
	pigment { color rgbt <1,0,0,0> }
	no_shadow
}
cylinder {
	<47.155403, 54.102673, 51.171333>,  <46.835018, 53.879307, 51.257713>, 0.100000
	pigment { color rgbt <1,0,0,0> }
	no_shadow
}

// particle -1
sphere {
	<47.155403, 54.102673, 51.171333> 0.100000
	pigment { color rgbt <1,0,0,0> }
	no_shadow
}
sphere {
	0, 1
	scale<0.080000,0.200000,0.300000>
	matrix <0.513554, -0.455377, 0.727251,
		0.307772, -0.693399, -0.651516,
		0.800961, 0.558416, -0.215946,
		47.395691, 54.270199, 51.106548>
	pigment { color rgbt <0,1,1,0> }
	no_shadow
}
cylinder {
	<47.269325, 53.549332, 51.677696>,  <46.835018, 53.879307, 51.257713>, 0.130000
	pigment { color rgbt <1,0,0,0> }
	no_shadow
}

// nucleotide -1

// particle -1
sphere {
	<47.269325, 53.549332, 51.677696> 0.250000
	pigment { color rgbt <1,0,0,0> }
	no_shadow
}
cylinder {
	<47.480957, 53.865433, 51.554031>,  <47.607937, 54.055092, 51.479832>, 0.100000
	pigment { color rgbt <1,0,0,0> }
	no_shadow
}
cylinder {
	<47.480957, 53.865433, 51.554031>,  <47.269325, 53.549332, 51.677696>, 0.100000
	pigment { color rgbt <1,0,0,0> }
	no_shadow
}

// particle -1
sphere {
	<47.480957, 53.865433, 51.554031> 0.100000
	pigment { color rgbt <1,0,0,0> }
	no_shadow
}
sphere {
	0, 1
	scale<0.080000,0.200000,0.300000>
	matrix <0.781138, -0.311226, 0.541260,
		0.331510, -0.527869, -0.781956,
		0.529080, 0.790248, -0.309164,
		47.639683, 54.102509, 51.461281>
	pigment { color rgbt <0,1,1,0> }
	no_shadow
}
cylinder {
	<47.779202, 53.246998, 51.895420>,  <47.269325, 53.549332, 51.677696>, 0.130000
	pigment { color rgbt <1,0,0,0> }
	no_shadow
}

// nucleotide -1

// particle -1
sphere {
	<47.779202, 53.246998, 51.895420> 0.250000
	pigment { color rgbt <1,0,0,0> }
	no_shadow
}
cylinder {
	<47.877045, 53.622326, 51.797672>,  <47.935753, 53.847523, 51.739025>, 0.100000
	pigment { color rgbt <1,0,0,0> }
	no_shadow
}
cylinder {
	<47.877045, 53.622326, 51.797672>,  <47.779202, 53.246998, 51.895420>, 0.100000
	pigment { color rgbt <1,0,0,0> }
	no_shadow
}

// particle -1
sphere {
	<47.877045, 53.622326, 51.797672> 0.100000
	pigment { color rgbt <1,0,0,0> }
	no_shadow
}
sphere {
	0, 1
	scale<0.080000,0.200000,0.300000>
	matrix <0.847502, -0.084460, 0.524029,
		0.471069, -0.335287, -0.815890,
		0.244610, 0.938322, -0.244370,
		47.950428, 53.903824, 51.724361>
	pigment { color rgbt <0,1,1,0> }
	no_shadow
}
cylinder {
	<48.381168, 53.374859, 51.374722>,  <47.779202, 53.246998, 51.895420>, 0.130000
	pigment { color rgbt <1,0,0,0> }
	no_shadow
}

// nucleotide -1

// particle -1
sphere {
	<48.381168, 53.374859, 51.374722> 0.250000
	pigment { color rgbt <1,0,0,0> }
	no_shadow
}
cylinder {
	<48.313061, 53.632202, 51.673279>,  <48.272194, 53.786610, 51.852413>, 0.100000
	pigment { color rgbt <1,0,0,0> }
	no_shadow
}
cylinder {
	<48.313061, 53.632202, 51.673279>,  <48.381168, 53.374859, 51.374722>, 0.100000
	pigment { color rgbt <1,0,0,0> }
	no_shadow
}

// particle -1
sphere {
	<48.313061, 53.632202, 51.673279> 0.100000
	pigment { color rgbt <1,0,0,0> }
	no_shadow
}
sphere {
	0, 1
	scale<0.080000,0.200000,0.300000>
	matrix <0.851790, -0.284737, 0.439748,
		0.495440, 0.710645, -0.499523,
		-0.170272, 0.643357, 0.746390,
		48.261978, 53.825211, 51.897198>
	pigment { color rgbt <0,1,1,0> }
	no_shadow
}
cylinder {
	<49.047405, 53.605316, 51.691502>,  <48.381168, 53.374859, 51.374722>, 0.130000
	pigment { color rgbt <1,0,0,0> }
	no_shadow
}

// nucleotide -1

// particle -1
sphere {
	<49.047405, 53.605316, 51.691502> 0.250000
	pigment { color rgbt <1,0,0,0> }
	no_shadow
}
cylinder {
	<48.756935, 53.691483, 51.952656>,  <48.582653, 53.743183, 52.109348>, 0.100000
	pigment { color rgbt <1,0,0,0> }
	no_shadow
}
cylinder {
	<48.756935, 53.691483, 51.952656>,  <49.047405, 53.605316, 51.691502>, 0.100000
	pigment { color rgbt <1,0,0,0> }
	no_shadow
}

// particle -1
sphere {
	<48.756935, 53.691483, 51.952656> 0.100000
	pigment { color rgbt <1,0,0,0> }
	no_shadow
}
sphere {
	0, 1
	scale<0.080000,0.200000,0.300000>
	matrix <0.654424, -0.074456, 0.752453,
		0.210703, 0.973679, -0.086907,
		-0.726177, 0.215418, 0.652887,
		48.539082, 53.756107, 52.148521>
	pigment { color rgbt <0,1,1,0> }
	no_shadow
}
cylinder {
	<49.240444, 54.181789, 52.054363>,  <49.047405, 53.605316, 51.691502>, 0.130000
	pigment { color rgbt <1,0,0,0> }
	no_shadow
}

// nucleotide -1

// particle -1
sphere {
	<49.240444, 54.181789, 52.054363> 0.250000
	pigment { color rgbt <1,0,0,0> }
	no_shadow
}
cylinder {
	<48.976055, 53.982597, 52.278908>,  <48.817421, 53.863083, 52.413635>, 0.100000
	pigment { color rgbt <1,0,0,0> }
	no_shadow
}
cylinder {
	<48.976055, 53.982597, 52.278908>,  <49.240444, 54.181789, 52.054363>, 0.100000
	pigment { color rgbt <1,0,0,0> }
	no_shadow
}

// particle -1
sphere {
	<48.976055, 53.982597, 52.278908> 0.100000
	pigment { color rgbt <1,0,0,0> }
	no_shadow
}
sphere {
	0, 1
	scale<0.080000,0.200000,0.300000>
	matrix <0.670510, -0.056033, 0.739782,
		-0.336940, 0.865377, 0.370936,
		-0.660975, -0.497978, 0.561364,
		48.777763, 53.833202, 52.447315>
	pigment { color rgbt <0,1,1,0> }
	no_shadow
}
cylinder {
	<49.215683, 54.246216, 52.779308>,  <49.240444, 54.181789, 52.054363>, 0.130000
	pigment { color rgbt <1,0,0,0> }
	no_shadow
}

// nucleotide -1

// particle -1
sphere {
	<49.215683, 54.246216, 52.779308> 0.250000
	pigment { color rgbt <1,0,0,0> }
	no_shadow
}
cylinder {
	<49.400745, 53.983719, 53.017735>,  <49.511784, 53.826221, 53.160789>, 0.100000
	pigment { color rgbt <1,0,0,0> }
	no_shadow
}
cylinder {
	<49.400745, 53.983719, 53.017735>,  <49.215683, 54.246216, 52.779308>, 0.100000
	pigment { color rgbt <1,0,0,0> }
	no_shadow
}

// particle -1
sphere {
	<49.400745, 53.983719, 53.017735> 0.100000
	pigment { color rgbt <1,0,0,0> }
	no_shadow
}
sphere {
	0, 1
	scale<0.080000,0.200000,0.300000>
	matrix <0.808794, 0.037110, -0.586920,
		0.363041, 0.753638, 0.547933,
		0.462659, -0.656241, 0.596066,
		49.539543, 53.786846, 53.196556>
	pigment { color rgbt <0,1,1,0> }
	no_shadow
}
cylinder {
	<49.932106, 54.510082, 53.191845>,  <49.215683, 54.246216, 52.779308>, 0.130000
	pigment { color rgbt <1,0,0,0> }
	no_shadow
}

// nucleotide -1

// particle -1
sphere {
	<49.932106, 54.510082, 53.191845> 0.250000
	pigment { color rgbt <1,0,0,0> }
	no_shadow
}
cylinder {
	<49.886642, 54.134163, 53.062939>,  <49.859364, 53.908611, 52.985596>, 0.100000
	pigment { color rgbt <1,0,0,0> }
	no_shadow
}
cylinder {
	<49.886642, 54.134163, 53.062939>,  <49.932106, 54.510082, 53.191845>, 0.100000
	pigment { color rgbt <1,0,0,0> }
	no_shadow
}

// particle -1
sphere {
	<49.886642, 54.134163, 53.062939> 0.100000
	pigment { color rgbt <1,0,0,0> }
	no_shadow
}
sphere {
	0, 1
	scale<0.080000,0.200000,0.300000>
	matrix <0.781032, 0.115963, -0.613631,
		0.614062, -0.321443, 0.720834,
		-0.113657, -0.939802, -0.322266,
		49.852547, 53.852222, 52.966259>
	pigment { color rgbt <0,1,1,0> }
	no_shadow
}
cylinder {
	<50.466499, 53.952988, 53.427624>,  <49.932106, 54.510082, 53.191845>, 0.130000
	pigment { color rgbt <1,0,0,0> }
	no_shadow
}

// nucleotide -1

// particle -1
sphere {
	<50.466499, 53.952988, 53.427624> 0.250000
	pigment { color rgbt <1,0,0,0> }
	no_shadow
}
cylinder {
	<50.277809, 53.971504, 53.075413>,  <50.164597, 53.982613, 52.864086>, 0.100000
	pigment { color rgbt <1,0,0,0> }
	no_shadow
}
cylinder {
	<50.277809, 53.971504, 53.075413>,  <50.466499, 53.952988, 53.427624>, 0.100000
	pigment { color rgbt <1,0,0,0> }
	no_shadow
}

// particle -1
sphere {
	<50.277809, 53.971504, 53.075413> 0.100000
	pigment { color rgbt <1,0,0,0> }
	no_shadow
}
sphere {
	0, 1
	scale<0.080000,0.200000,0.300000>
	matrix <0.871611, 0.175464, -0.457718,
		0.133312, -0.983397, -0.123120,
		-0.471722, 0.046293, -0.880531,
		50.136292, 53.985394, 52.811253>
	pigment { color rgbt <0,1,1,0> }
	no_shadow
}
cylinder {
	<50.660671, 53.376816, 52.852268>,  <50.466499, 53.952988, 53.427624>, 0.130000
	pigment { color rgbt <1,0,0,0> }
	no_shadow
}

// nucleotide -1

// particle -1
sphere {
	<50.660671, 53.376816, 52.852268> 0.250000
	pigment { color rgbt <1,0,0,0> }
	no_shadow
}
cylinder {
	<50.578857, 53.755882, 52.754219>,  <50.529770, 53.983322, 52.695389>, 0.100000
	pigment { color rgbt <1,0,0,0> }
	no_shadow
}
cylinder {
	<50.578857, 53.755882, 52.754219>,  <50.660671, 53.376816, 52.852268>, 0.100000
	pigment { color rgbt <1,0,0,0> }
	no_shadow
}

// particle -1
sphere {
	<50.578857, 53.755882, 52.754219> 0.100000
	pigment { color rgbt <1,0,0,0> }
	no_shadow
}
sphere {
	0, 1
	scale<0.080000,0.200000,0.300000>
	matrix <0.977366, 0.211545, 0.002309,
		0.054043, -0.239105, -0.969489,
		-0.204539, 0.947670, -0.245125,
		50.517494, 54.040184, 52.680683>
	pigment { color rgbt <0,1,1,0> }
	no_shadow
}
cylinder {
	<51.186031, 53.642883, 52.472565>,  <50.660671, 53.376816, 52.852268>, 0.130000
	pigment { color rgbt <1,0,0,0> }
	no_shadow
}

// nucleotide -1

// particle -1
sphere {
	<51.186031, 53.642883, 52.472565> 0.250000
	pigment { color rgbt <1,0,0,0> }
	no_shadow
}
cylinder {
	<51.008255, 53.968346, 52.622467>,  <50.901588, 54.163624, 52.712406>, 0.100000
	pigment { color rgbt <1,0,0,0> }
	no_shadow
}
cylinder {
	<51.008255, 53.968346, 52.622467>,  <51.186031, 53.642883, 52.472565>, 0.100000
	pigment { color rgbt <1,0,0,0> }
	no_shadow
}

// particle -1
sphere {
	<51.008255, 53.968346, 52.622467> 0.100000
	pigment { color rgbt <1,0,0,0> }
	no_shadow
}
sphere {
	0, 1
	scale<0.080000,0.200000,0.300000>
	matrix <0.894192, 0.428074, 0.131045,
		-0.053795, 0.393342, -0.917817,
		-0.444439, 0.813655, 0.374752,
		50.874924, 54.212440, 52.734894>
	pigment { color rgbt <0,1,1,0> }
	no_shadow
}
cylinder {
	<51.521679, 54.185669, 52.133736>,  <51.186031, 53.642883, 52.472565>, 0.130000
	pigment { color rgbt <1,0,0,0> }
	no_shadow
}

// nucleotide -1

// particle -1
sphere {
	<51.521679, 54.185669, 52.133736> 0.250000
	pigment { color rgbt <1,0,0,0> }
	no_shadow
}
cylinder {
	<51.360722, 54.299423, 52.481804>,  <51.264149, 54.367676, 52.690647>, 0.100000
	pigment { color rgbt <1,0,0,0> }
	no_shadow
}
cylinder {
	<51.360722, 54.299423, 52.481804>,  <51.521679, 54.185669, 52.133736>, 0.100000
	pigment { color rgbt <1,0,0,0> }
	no_shadow
}

// particle -1
sphere {
	<51.360722, 54.299423, 52.481804> 0.100000
	pigment { color rgbt <1,0,0,0> }
	no_shadow
}
sphere {
	0, 1
	scale<0.080000,0.200000,0.300000>
	matrix <0.891490, 0.337846, 0.301837,
		-0.208147, 0.897209, -0.389474,
		-0.402393, 0.284386, 0.870175,
		51.240005, 54.384739, 52.742855>
	pigment { color rgbt <0,1,1,0> }
	no_shadow
}
cylinder {
	<51.648071, 54.913101, 52.239422>,  <51.521679, 54.185669, 52.133736>, 0.130000
	pigment { color rgbt <1,0,0,0> }
	no_shadow
}

// nucleotide -1

// particle -1
sphere {
	<51.648071, 54.913101, 52.239422> 0.250000
	pigment { color rgbt <1,0,0,0> }
	no_shadow
}
cylinder {
	<51.599510, 54.652832, 52.539257>,  <51.570374, 54.496670, 52.719158>, 0.100000
	pigment { color rgbt <1,0,0,0> }
	no_shadow
}
cylinder {
	<51.599510, 54.652832, 52.539257>,  <51.648071, 54.913101, 52.239422>, 0.100000
	pigment { color rgbt <1,0,0,0> }
	no_shadow
}

// particle -1
sphere {
	<51.599510, 54.652832, 52.539257> 0.100000
	pigment { color rgbt <1,0,0,0> }
	no_shadow
}
sphere {
	0, 1
	scale<0.080000,0.200000,0.300000>
	matrix <0.883170, 0.273890, 0.380782,
		-0.453070, 0.708244, 0.541404,
		-0.121402, -0.650672, 0.749591,
		51.563091, 54.457630, 52.764133>
	pigment { color rgbt <0,1,1,0> }
	no_shadow
}
cylinder {
	<51.843464, 55.342148, 52.835209>,  <51.648071, 54.913101, 52.239422>, 0.130000
	pigment { color rgbt <1,0,0,0> }
	no_shadow
}

// nucleotide -1

// particle -1
sphere {
	<51.843464, 55.342148, 52.835209> 0.250000
	pigment { color rgbt <1,0,0,0> }
	no_shadow
}
cylinder {
	<51.892658, 54.949188, 52.891457>,  <51.922173, 54.713413, 52.925205>, 0.100000
	pigment { color rgbt <1,0,0,0> }
	no_shadow
}
cylinder {
	<51.892658, 54.949188, 52.891457>,  <51.843464, 55.342148, 52.835209>, 0.100000
	pigment { color rgbt <1,0,0,0> }
	no_shadow
}

// particle -1
sphere {
	<51.892658, 54.949188, 52.891457> 0.100000
	pigment { color rgbt <1,0,0,0> }
	no_shadow
}
sphere {
	0, 1
	scale<0.080000,0.200000,0.300000>
	matrix <0.986560, 0.136385, 0.089988,
		-0.107583, 0.127666, 0.985965,
		0.122983, -0.982395, 0.140622,
		51.929554, 54.654469, 52.933643>
	pigment { color rgbt <0,1,1,0> }
	no_shadow
}
cylinder {
	<52.287701, 55.295609, 53.392044>,  <51.843464, 55.342148, 52.835209>, 0.130000
	pigment { color rgbt <1,0,0,0> }
	no_shadow
}

// nucleotide -1

// particle -1
sphere {
	<52.287701, 55.295609, 53.392044> 0.250000
	pigment { color rgbt <1,0,0,0> }
	no_shadow
}
cylinder {
	<52.358238, 54.955402, 53.193844>,  <52.400562, 54.751278, 53.074924>, 0.100000
	pigment { color rgbt <1,0,0,0> }
	no_shadow
}
cylinder {
	<52.358238, 54.955402, 53.193844>,  <52.287701, 55.295609, 53.392044>, 0.100000
	pigment { color rgbt <1,0,0,0> }
	no_shadow
}

// particle -1
sphere {
	<52.358238, 54.955402, 53.193844> 0.100000
	pigment { color rgbt <1,0,0,0> }
	no_shadow
}
sphere {
	0, 1
	scale<0.080000,0.200000,0.300000>
	matrix <0.973626, 0.224745, -0.039264,
		0.144756, -0.475506, 0.867721,
		0.176345, -0.850520, -0.495498,
		52.411140, 54.700245, 53.045193>
	pigment { color rgbt <0,1,1,0> }
	no_shadow
}
cylinder {
	<52.779427, 54.803185, 53.699184>,  <52.287701, 55.295609, 53.392044>, 0.130000
	pigment { color rgbt <1,0,0,0> }
	no_shadow
}

// nucleotide -1

// particle -1
sphere {
	<52.779427, 54.803185, 53.699184> 0.250000
	pigment { color rgbt <1,0,0,0> }
	no_shadow
}
cylinder {
	<52.799393, 54.824265, 53.300240>,  <52.811371, 54.836910, 53.060871>, 0.100000
	pigment { color rgbt <1,0,0,0> }
	no_shadow
}
cylinder {
	<52.799393, 54.824265, 53.300240>,  <52.779427, 54.803185, 53.699184>, 0.100000
	pigment { color rgbt <1,0,0,0> }
	no_shadow
}

// particle -1
sphere {
	<52.799393, 54.824265, 53.300240> 0.100000
	pigment { color rgbt <1,0,0,0> }
	no_shadow
}
sphere {
	0, 1
	scale<0.080000,0.200000,0.300000>
	matrix <0.961675, 0.267034, 0.062237,
		0.269609, -0.962245, -0.037349,
