// switches for output
#declare DRAW_BASES = 1; // possible values are 0, 1; only relevant for DNA ribbons
#declare DRAW_BASES_TYPE = 3; // possible values are 1, 2, 3; only relevant for DNA ribbons
#declare DRAW_FOG = 0; // set to 1 to enable fog

#include "colors.inc"

#include "transforms.inc"
background { rgb <1, 1, 1>}

#default {
   normal{
       ripples 0.25
       frequency 0.20
       turbulence 0.2
       lambda 5
   }
	finish {
		phong 0.1
		phong_size 40.
	}
}

// original window dimensions: 1024x640


// camera settings

camera {
	sky <-0, 1, 0>
	up <-0, 1, 0>
	right 1.6 * <0.99995, 0, 0.00999983>
	location <54.4867, 55, 106.329>
	look_at <55, 55, 55.0001>
	direction <0.513302, 0, -51.3289>
	angle 67.0682
}


# declare cpy_camera_pos = <54.4867, 55, 106.329>;
# if (DRAW_FOG = 1)
fog {
	fog_type 2
	up vnormalize(cpy_camera_pos)
	color rgbt<1,1,1,0.3>
	distance 1e-5
	fog_alt 3e-3
	fog_offset 88
}
# end


// LIGHTS

# declare lum = 6;
global_settings {
	ambient_light rgb lum * <0.05, 0.05, 0.05>
	max_trace_level 15
}# declare cpy_direct_light_amount = 0.25;
light_source
{	1000 * <-0.98995, -1, 1.00995>,
	rgb lum * cpy_direct_light_amount
	parallel
}

light_source
{	1000 * <0.98995, 1, -1.00995>,
	rgb lum * cpy_direct_light_amount
	parallel
}

// strand 0

// nucleotide -1

// particle -1
sphere {
	<36.844559, 53.800869, 49.812202> 0.250000
	pigment { color rgbt <1,0,0,0> }
	no_shadow
}
cylinder {
	<36.753296, 53.417831, 49.882591>,  <36.698540, 53.188011, 49.924824>, 0.100000
	pigment { color rgbt <1,0,0,0> }
	no_shadow
}
cylinder {
	<36.753296, 53.417831, 49.882591>,  <36.844559, 53.800869, 49.812202>, 0.100000
	pigment { color rgbt <1,0,0,0> }
	no_shadow
}

// particle -1
sphere {
	<36.753296, 53.417831, 49.882591> 0.100000
	pigment { color rgbt <1,0,0,0> }
	no_shadow
}
sphere {
	0, 1
	scale<0.080000,0.200000,0.300000>
	matrix <-0.200911, 0.223154, 0.953854,
		-0.952669, 0.182275, -0.243304,
		-0.228158, -0.957590, 0.175971,
		36.684849, 53.130554, 49.935383>
	pigment { color rgbt <0,1,1,0> }
	no_shadow
}
cylinder {
	<36.260174, 53.852196, 50.229069>,  <36.844559, 53.800869, 49.812202>, 0.130000
	pigment { color rgbt <1,0,0,0> }
	no_shadow
}

// nucleotide -1

// particle -1
sphere {
	<36.260174, 53.852196, 50.229069> 0.250000
	pigment { color rgbt <1,0,0,0> }
	no_shadow
}
cylinder {
	<36.442238, 53.499718, 50.280174>,  <36.551476, 53.288231, 50.310837>, 0.100000
	pigment { color rgbt <1,0,0,0> }
	no_shadow
}
cylinder {
	<36.442238, 53.499718, 50.280174>,  <36.260174, 53.852196, 50.229069>, 0.100000
	pigment { color rgbt <1,0,0,0> }
	no_shadow
}

// particle -1
sphere {
	<36.442238, 53.499718, 50.280174> 0.100000
	pigment { color rgbt <1,0,0,0> }
	no_shadow
}
sphere {
	0, 1
	scale<0.080000,0.200000,0.300000>
	matrix <-0.059675, 0.112978, 0.991804,
		-0.888407, -0.459055, -0.001162,
		0.455162, -0.881195, 0.127765,
		36.578785, 53.235359, 50.318504>
	pigment { color rgbt <0,1,1,0> }
	no_shadow
}
cylinder {
	<35.912983, 53.382095, 50.722561>,  <36.260174, 53.852196, 50.229069>, 0.130000
	pigment { color rgbt <1,0,0,0> }
	no_shadow
}

// nucleotide -1

// particle -1
sphere {
	<35.912983, 53.382095, 50.722561> 0.250000
	pigment { color rgbt <1,0,0,0> }
	no_shadow
}
cylinder {
	<36.304192, 53.300140, 50.738029>,  <36.538918, 53.250965, 50.747311>, 0.100000
	pigment { color rgbt <1,0,0,0> }
	no_shadow
}
cylinder {
	<36.304192, 53.300140, 50.738029>,  <35.912983, 53.382095, 50.722561>, 0.100000
	pigment { color rgbt <1,0,0,0> }
	no_shadow
}

// particle -1
sphere {
	<36.304192, 53.300140, 50.738029> 0.100000
	pigment { color rgbt <1,0,0,0> }
	no_shadow
}
sphere {
	0, 1
	scale<0.080000,0.200000,0.300000>
	matrix <-0.035173, 0.020689, 0.999167,
		-0.205522, -0.978566, 0.013027,
		0.978020, -0.204893, 0.038672,
		36.597599, 53.238674, 50.749630>
	pigment { color rgbt <0,1,1,0> }
	no_shadow
}
cylinder {
	<36.101551, 52.620697, 51.053307>,  <35.912983, 53.382095, 50.722561>, 0.130000
	pigment { color rgbt <1,0,0,0> }
	no_shadow
}

// nucleotide -1

// particle -1
sphere {
	<36.101551, 52.620697, 51.053307> 0.250000
	pigment { color rgbt <1,0,0,0> }
	no_shadow
}
cylinder {
	<36.394314, 52.889530, 51.098232>,  <36.569973, 53.050831, 51.125187>, 0.100000
	pigment { color rgbt <1,0,0,0> }
	no_shadow
}
cylinder {
	<36.394314, 52.889530, 51.098232>,  <36.101551, 52.620697, 51.053307>, 0.100000
	pigment { color rgbt <1,0,0,0> }
	no_shadow
}

// particle -1
sphere {
	<36.394314, 52.889530, 51.098232> 0.100000
	pigment { color rgbt <1,0,0,0> }
	no_shadow
}
sphere {
	0, 1
	scale<0.080000,0.200000,0.300000>
	matrix <-0.027526, -0.135530, 0.990391,
		0.680850, -0.727964, -0.080695,
		0.731906, 0.672086, 0.112314,
		36.613884, 53.091156, 51.131927>
	pigment { color rgbt <0,1,1,0> }
	no_shadow
}
cylinder {
	<36.460125, 52.495861, 51.556534>,  <36.101551, 52.620697, 51.053307>, 0.130000
	pigment { color rgbt <1,0,0,0> }
	no_shadow
}

// nucleotide -1

// particle -1
sphere {
	<36.460125, 52.495861, 51.556534> 0.250000
	pigment { color rgbt <1,0,0,0> }
	no_shadow
}
cylinder {
	<36.541210, 52.884609, 51.604500>,  <36.589863, 53.117859, 51.633278>, 0.100000
	pigment { color rgbt <1,0,0,0> }
	no_shadow
}
cylinder {
	<36.541210, 52.884609, 51.604500>,  <36.460125, 52.495861, 51.556534>, 0.100000
	pigment { color rgbt <1,0,0,0> }
	no_shadow
}

// particle -1
sphere {
	<36.541210, 52.884609, 51.604500> 0.100000
	pigment { color rgbt <1,0,0,0> }
	no_shadow
}
sphere {
	0, 1
	scale<0.080000,0.200000,0.300000>
	matrix <-0.235436, -0.070495, 0.969330,
		0.950514, -0.224732, 0.214522,
		0.202717, 0.971867, 0.119916,
		36.602024, 53.176170, 51.640476>
	pigment { color rgbt <0,1,1,0> }
	no_shadow
}
cylinder {
	<37.210014, 52.668140, 51.563652>,  <36.460125, 52.495861, 51.556534>, 0.130000
	pigment { color rgbt <1,0,0,0> }
	no_shadow
}

// nucleotide -1

// particle -1
sphere {
	<37.210014, 52.668140, 51.563652> 0.250000
	pigment { color rgbt <1,0,0,0> }
	no_shadow
}
cylinder {
	<37.289398, 52.390335, 51.840279>,  <37.337029, 52.223652, 52.006256>, 0.100000
	pigment { color rgbt <1,0,0,0> }
	no_shadow
}
cylinder {
	<37.289398, 52.390335, 51.840279>,  <37.210014, 52.668140, 51.563652>, 0.100000
	pigment { color rgbt <1,0,0,0> }
	no_shadow
}

// particle -1
sphere {
	<37.289398, 52.390335, 51.840279> 0.100000
	pigment { color rgbt <1,0,0,0> }
	no_shadow
}
sphere {
	0, 1
	scale<0.080000,0.200000,0.300000>
	matrix <0.979458, 0.166255, -0.114108,
		-0.035728, 0.700009, 0.713240,
		0.198457, -0.694511, 0.691570,
		37.348934, 52.181980, 52.047749>
	pigment { color rgbt <0,1,1,0> }
	no_shadow
}
cylinder {
	<37.513676, 52.982349, 52.260769>,  <37.210014, 52.668140, 51.563652>, 0.130000
	pigment { color rgbt <1,0,0,0> }
	no_shadow
}

// nucleotide -1

// particle -1
sphere {
	<37.513676, 52.982349, 52.260769> 0.250000
	pigment { color rgbt <1,0,0,0> }
	no_shadow
}
cylinder {
	<37.659096, 52.614212, 52.203079>,  <37.746349, 52.393330, 52.168465>, 0.100000
	pigment { color rgbt <1,0,0,0> }
	no_shadow
}
cylinder {
	<37.659096, 52.614212, 52.203079>,  <37.513676, 52.982349, 52.260769>, 0.100000
	pigment { color rgbt <1,0,0,0> }
	no_shadow
}

// particle -1
sphere {
	<37.659096, 52.614212, 52.203079> 0.100000
	pigment { color rgbt <1,0,0,0> }
	no_shadow
}
sphere {
	0, 1
	scale<0.080000,0.200000,0.300000>
	matrix <0.930923, 0.364705, 0.019308,
		0.034828, -0.141277, 0.989357,
		0.363551, -0.920343, -0.144220,
		37.768162, 52.338108, 52.159813>
	pigment { color rgbt <0,1,1,0> }
	no_shadow
}
cylinder {
	<37.967281, 52.637154, 52.817570>,  <37.513676, 52.982349, 52.260769>, 0.130000
	pigment { color rgbt <1,0,0,0> }
	no_shadow
}

// nucleotide -1

// particle -1
sphere {
	<37.967281, 52.637154, 52.817570> 0.250000
	pigment { color rgbt <1,0,0,0> }
	no_shadow
}
cylinder {
	<38.085423, 52.519890, 52.453850>,  <38.156307, 52.449532, 52.235619>, 0.100000
	pigment { color rgbt <1,0,0,0> }
	no_shadow
}
cylinder {
	<38.085423, 52.519890, 52.453850>,  <37.967281, 52.637154, 52.817570>, 0.100000
	pigment { color rgbt <1,0,0,0> }
	no_shadow
}

// particle -1
sphere {
	<38.085423, 52.519890, 52.453850> 0.100000
	pigment { color rgbt <1,0,0,0> }
	no_shadow
}
sphere {
	0, 1
	scale<0.080000,0.200000,0.300000>
	matrix <0.917869, 0.351173, 0.184917,
		0.265112, -0.889234, 0.372799,
		0.295352, -0.293157, -0.909300,
		38.174026, 52.431942, 52.181061>
	pigment { color rgbt <0,1,1,0> }
	no_shadow
}
cylinder {
	<38.728817, 52.437195, 52.742954>,  <37.967281, 52.637154, 52.817570>, 0.130000
	pigment { color rgbt <1,0,0,0> }
	no_shadow
}

// nucleotide -1

// particle -1
sphere {
	<38.728817, 52.437195, 52.742954> 0.250000
	pigment { color rgbt <1,0,0,0> }
	no_shadow
}
cylinder {
	<39.007397, 52.222496, 52.552437>,  <39.174545, 52.093678, 52.438126>, 0.100000
	pigment { color rgbt <1,0,0,0> }
	no_shadow
}
cylinder {
	<39.007397, 52.222496, 52.552437>,  <38.728817, 52.437195, 52.742954>, 0.100000
	pigment { color rgbt <1,0,0,0> }
	no_shadow
}

// particle -1
sphere {
	<39.007397, 52.222496, 52.552437> 0.100000
	pigment { color rgbt <1,0,0,0> }
	no_shadow
}
sphere {
	0, 1
	scale<0.080000,0.200000,0.300000>
	matrix <-0.479318, -0.841906, 0.247888,
		-0.534048, 0.055654, -0.843620,
		0.696453, -0.536746, -0.476295,
		39.216331, 52.061474, 52.409550>
	pigment { color rgbt <0,1,1,0> }
	no_shadow
}
cylinder {
	<38.924683, 53.002872, 53.104614>,  <38.728817, 52.437195, 52.742954>, 0.130000
	pigment { color rgbt <1,0,0,0> }
	no_shadow
}

// nucleotide -1

// particle -1
sphere {
	<38.924683, 53.002872, 53.104614> 0.250000
	pigment { color rgbt <1,0,0,0> }
	no_shadow
}
cylinder {
	<38.920933, 53.083534, 53.496380>,  <38.918682, 53.131931, 53.731438>, 0.100000
	pigment { color rgbt <1,0,0,0> }
	no_shadow
}
cylinder {
	<38.920933, 53.083534, 53.496380>,  <38.924683, 53.002872, 53.104614>, 0.100000
	pigment { color rgbt <1,0,0,0> }
	no_shadow
}

// particle -1
sphere {
	<38.920933, 53.083534, 53.496380> 0.100000
	pigment { color rgbt <1,0,0,0> }
	no_shadow
}
sphere {
	0, 1
	scale<0.080000,0.200000,0.300000>
	matrix <0.844825, -0.522396, 0.115644,
		0.534961, 0.828515, -0.165466,
		-0.009374, 0.201655, 0.979412,
		38.918121, 53.144032, 53.790203>
	pigment { color rgbt <0,1,1,0> }
	no_shadow
}
cylinder {
	<39.614151, 53.140759, 53.079525>,  <38.924683, 53.002872, 53.104614>, 0.130000
	pigment { color rgbt <1,0,0,0> }
	no_shadow
}

// nucleotide -1

// particle -1
sphere {
	<39.614151, 53.140759, 53.079525> 0.250000
	pigment { color rgbt <1,0,0,0> }
	no_shadow
}
cylinder {
	<39.913986, 53.280163, 53.304619>,  <40.093887, 53.363804, 53.439674>, 0.100000
	pigment { color rgbt <1,0,0,0> }
	no_shadow
}
cylinder {
	<39.913986, 53.280163, 53.304619>,  <39.614151, 53.140759, 53.079525>, 0.100000
	pigment { color rgbt <1,0,0,0> }
	no_shadow
}

// particle -1
sphere {
	<39.913986, 53.280163, 53.304619> 0.100000
	pigment { color rgbt <1,0,0,0> }
	no_shadow
}
sphere {
	0, 1
	scale<0.080000,0.200000,0.300000>
	matrix <-0.112211, -0.770948, 0.626935,
		0.652329, -0.533085, -0.538783,
		0.749583, 0.348511, 0.562730,
		40.138863, 53.384716, 53.473438>
	pigment { color rgbt <0,1,1,0> }
	no_shadow
}
cylinder {
	<40.203789, 52.670582, 53.178146>,  <39.614151, 53.140759, 53.079525>, 0.130000
	pigment { color rgbt <1,0,0,0> }
	no_shadow
}

// nucleotide -1

// particle -1
sphere {
	<40.203789, 52.670582, 53.178146> 0.250000
	pigment { color rgbt <1,0,0,0> }
	no_shadow
}
cylinder {
	<40.187901, 52.921600, 53.489174>,  <40.178368, 53.072212, 53.675789>, 0.100000
	pigment { color rgbt <1,0,0,0> }
	no_shadow
}
cylinder {
	<40.187901, 52.921600, 53.489174>,  <40.203789, 52.670582, 53.178146>, 0.100000
	pigment { color rgbt <1,0,0,0> }
	no_shadow
}

// particle -1
sphere {
	<40.187901, 52.921600, 53.489174> 0.100000
	pigment { color rgbt <1,0,0,0> }
	no_shadow
}
sphere {
	0, 1
	scale<0.080000,0.200000,0.300000>
	matrix <0.107912, -0.770934, 0.627707,
		0.993367, 0.108842, -0.037096,
		-0.039722, 0.627546, 0.777565,
		40.175983, 53.109863, 53.722443>
	pigment { color rgbt <0,1,1,0> }
	no_shadow
}
cylinder {
	<40.905106, 52.401020, 53.018845>,  <40.203789, 52.670582, 53.178146>, 0.130000
	pigment { color rgbt <1,0,0,0> }
	no_shadow
}

// nucleotide -1

// particle -1
sphere {
	<40.905106, 52.401020, 53.018845> 0.250000
	pigment { color rgbt <1,0,0,0> }
	no_shadow
}
cylinder {
	<41.008224, 52.128838, 53.293221>,  <41.070095, 51.965527, 53.457848>, 0.100000
	pigment { color rgbt <1,0,0,0> }
	no_shadow
}
cylinder {
	<41.008224, 52.128838, 53.293221>,  <40.905106, 52.401020, 53.018845>, 0.100000
	pigment { color rgbt <1,0,0,0> }
	no_shadow
}

// particle -1
sphere {
	<41.008224, 52.128838, 53.293221> 0.100000
	pigment { color rgbt <1,0,0,0> }
	no_shadow
}
sphere {
	0, 1
	scale<0.080000,0.200000,0.300000>
	matrix <0.918431, 0.393043, 0.044734,
		-0.300044, 0.618458, 0.726280,
		0.257793, -0.680461, 0.685942,
		41.085564, 51.924698, 53.499004>
	pigment { color rgbt <0,1,1,0> }
	no_shadow
}
cylinder {
	<40.970108, 52.599739, 53.763741>,  <40.905106, 52.401020, 53.018845>, 0.130000
	pigment { color rgbt <1,0,0,0> }
	no_shadow
}

// nucleotide -1

// particle -1
sphere {
	<40.970108, 52.599739, 53.763741> 0.250000
	pigment { color rgbt <1,0,0,0> }
	no_shadow
}
cylinder {
	<41.233574, 52.316727, 53.661316>,  <41.391655, 52.146919, 53.599861>, 0.100000
	pigment { color rgbt <1,0,0,0> }
	no_shadow
}
cylinder {
	<41.233574, 52.316727, 53.661316>,  <40.970108, 52.599739, 53.763741>, 0.100000
	pigment { color rgbt <1,0,0,0> }
	no_shadow
}

// particle -1
sphere {
	<41.233574, 52.316727, 53.661316> 0.100000
	pigment { color rgbt <1,0,0,0> }
	no_shadow
}
sphere {
	0, 1
	scale<0.080000,0.200000,0.300000>
	matrix <0.751051, 0.638859, 0.166679,
		0.045658, -0.302101, 0.952182,
		0.658664, -0.707527, -0.256062,
		41.431171, 52.104469, 53.584496>
	pigment { color rgbt <0,1,1,0> }
	no_shadow
}
cylinder {
	<41.578911, 52.953236, 54.056015>,  <40.970108, 52.599739, 53.763741>, 0.130000
	pigment { color rgbt <1,0,0,0> }
	no_shadow
}

// nucleotide -1

// particle -1
sphere {
	<41.578911, 52.953236, 54.056015> 0.250000
	pigment { color rgbt <1,0,0,0> }
	no_shadow
}
cylinder {
	<41.958237, 52.905529, 53.938393>,  <42.185833, 52.876904, 53.867821>, 0.100000
	pigment { color rgbt <1,0,0,0> }
	no_shadow
}
cylinder {
	<41.958237, 52.905529, 53.938393>,  <41.578911, 52.953236, 54.056015>, 0.100000
	pigment { color rgbt <1,0,0,0> }
	no_shadow
}

// particle -1
sphere {
	<41.958237, 52.905529, 53.938393> 0.100000
	pigment { color rgbt <1,0,0,0> }
	no_shadow
}
sphere {
	0, 1
	scale<0.080000,0.200000,0.300000>
	matrix <0.186912, 0.958809, 0.213889,
		0.256434, -0.257797, 0.931549,
		0.948317, -0.119269, -0.294056,
		42.242733, 52.869747, 53.850174>
	pigment { color rgbt <0,1,1,0> }
	no_shadow
}
cylinder {
	<41.996975, 53.323940, 54.563171>,  <41.578911, 52.953236, 54.056015>, 0.130000
	pigment { color rgbt <1,0,0,0> }
	no_shadow
}

// nucleotide -1

// particle -1
sphere {
	<41.996975, 53.323940, 54.563171> 0.250000
	pigment { color rgbt <1,0,0,0> }
	no_shadow
}
cylinder {
	<42.205544, 53.262699, 54.227390>,  <42.330685, 53.225952, 54.025921>, 0.100000
	pigment { color rgbt <1,0,0,0> }
	no_shadow
}
cylinder {
	<42.205544, 53.262699, 54.227390>,  <41.996975, 53.323940, 54.563171>, 0.100000
	pigment { color rgbt <1,0,0,0> }
	no_shadow
}

// particle -1
sphere {
	<42.205544, 53.262699, 54.227390> 0.100000
	pigment { color rgbt <1,0,0,0> }
	no_shadow
}
sphere {
	0, 1
	scale<0.080000,0.200000,0.300000>
	matrix <0.369092, 0.927447, 0.060103,
		0.769347, -0.341174, 0.540098,
		0.521418, -0.153105, -0.839453,
		42.361969, 53.216766, 53.975555>
	pigment { color rgbt <0,1,1,0> }
	no_shadow
}
cylinder {
	<42.746178, 53.462334, 54.605286>,  <41.996975, 53.323940, 54.563171>, 0.130000
	pigment { color rgbt <1,0,0,0> }
	no_shadow
}

// nucleotide -1

// particle -1
sphere {
	<42.746178, 53.462334, 54.605286> 0.250000
	pigment { color rgbt <1,0,0,0> }
	no_shadow
}
cylinder {
	<42.685081, 53.516766, 54.213745>,  <42.648422, 53.549423, 53.978821>, 0.100000
	pigment { color rgbt <1,0,0,0> }
	no_shadow
}
cylinder {
	<42.685081, 53.516766, 54.213745>,  <42.746178, 53.462334, 54.605286>, 0.100000
	pigment { color rgbt <1,0,0,0> }
	no_shadow
}

// particle -1
sphere {
	<42.685081, 53.516766, 54.213745> 0.100000
	pigment { color rgbt <1,0,0,0> }
	no_shadow
}
sphere {
	0, 1
	scale<0.080000,0.200000,0.300000>
	matrix <0.614080, 0.789122, 0.013879,
		0.774322, -0.598974, -0.204095,
		-0.152742, 0.136078, -0.978853,
		42.639259, 53.557590, 53.920090>
	pigment { color rgbt <0,1,1,0> }
	no_shadow
}
cylinder {
	<42.998810, 53.995552, 55.156437>,  <42.746178, 53.462334, 54.605286>, 0.130000
	pigment { color rgbt <1,0,0,0> }
	no_shadow
}

// nucleotide -1

// particle -1
sphere {
	<42.998810, 53.995552, 55.156437> 0.250000
	pigment { color rgbt <1,0,0,0> }
	no_shadow
}
cylinder {
	<42.772610, 53.703278, 55.309441>,  <42.636890, 53.527912, 55.401241>, 0.100000
	pigment { color rgbt <1,0,0,0> }
	no_shadow
}
cylinder {
	<42.772610, 53.703278, 55.309441>,  <42.998810, 53.995552, 55.156437>, 0.100000
	pigment { color rgbt <1,0,0,0> }
	no_shadow
}

// particle -1
sphere {
	<42.772610, 53.703278, 55.309441> 0.100000
	pigment { color rgbt <1,0,0,0> }
	no_shadow
}
sphere {
	0, 1
	scale<0.080000,0.200000,0.300000>
	matrix <0.786517, -0.338203, 0.516730,
		-0.248200, 0.593061, 0.765948,
		-0.565498, -0.730683, 0.382510,
		42.602959, 53.484074, 55.424194>
	pigment { color rgbt <0,1,1,0> }
	no_shadow
}
cylinder {
	<43.299854, 53.887516, 55.729168>,  <42.998810, 53.995552, 55.156437>, 0.130000
	pigment { color rgbt <1,0,0,0> }
	no_shadow
}

// nucleotide -1

// particle -1
sphere {
	<43.299854, 53.887516, 55.729168> 0.250000
	pigment { color rgbt <1,0,0,0> }
	no_shadow
}
cylinder {
	<43.051514, 53.573963, 55.725929>,  <42.902508, 53.385830, 55.723988>, 0.100000
	pigment { color rgbt <1,0,0,0> }
	no_shadow
}
cylinder {
	<43.051514, 53.573963, 55.725929>,  <43.299854, 53.887516, 55.729168>, 0.100000
	pigment { color rgbt <1,0,0,0> }
	no_shadow
}

// particle -1
sphere {
	<43.051514, 53.573963, 55.725929> 0.100000
	pigment { color rgbt <1,0,0,0> }
	no_shadow
}
sphere {
	0, 1
	scale<0.080000,0.200000,0.300000>
	matrix <0.717590, -0.572447, 0.396697,
		-0.315599, 0.240482, 0.917914,
		-0.620856, -0.783883, -0.008096,
		42.865257, 53.338799, 55.723499>
	pigment { color rgbt <0,1,1,0> }
	no_shadow
}
cylinder {
	<43.290379, 53.553761, 56.376881>,  <43.299854, 53.887516, 55.729168>, 0.130000
	pigment { color rgbt <1,0,0,0> }
	no_shadow
}

// nucleotide -1

// particle -1
sphere {
	<43.290379, 53.553761, 56.376881> 0.250000
	pigment { color rgbt <1,0,0,0> }
	no_shadow
}
cylinder {
	<43.192474, 53.274002, 56.108276>,  <43.133732, 53.106148, 55.947113>, 0.100000
	pigment { color rgbt <1,0,0,0> }
	no_shadow
}
cylinder {
	<43.192474, 53.274002, 56.108276>,  <43.290379, 53.553761, 56.376881>, 0.100000
	pigment { color rgbt <1,0,0,0> }
	no_shadow
}

// particle -1
sphere {
	<43.192474, 53.274002, 56.108276> 0.100000
	pigment { color rgbt <1,0,0,0> }
	no_shadow
}
sphere {
	0, 1
	scale<0.080000,0.200000,0.300000>
	matrix <0.724479, -0.592209, 0.352731,
		-0.644376, -0.400162, 0.651652,
		-0.244764, -0.699399, -0.671514,
		43.119045, 53.064182, 55.906822>
	pigment { color rgbt <0,1,1,0> }
	no_shadow
}
cylinder {
	<43.316833, 52.921154, 56.673904>,  <43.290379, 53.553761, 56.376881>, 0.130000
	pigment { color rgbt <1,0,0,0> }
	no_shadow
}

// nucleotide -1

// particle -1
sphere {
	<43.316833, 52.921154, 56.673904> 0.250000
	pigment { color rgbt <1,0,0,0> }
	no_shadow
}
cylinder {
	<43.347496, 52.817753, 56.288719>,  <43.365894, 52.755711, 56.057610>, 0.100000
	pigment { color rgbt <1,0,0,0> }
	no_shadow
}
cylinder {
	<43.347496, 52.817753, 56.288719>,  <43.316833, 52.921154, 56.673904>, 0.100000
	pigment { color rgbt <1,0,0,0> }
	no_shadow
}

// particle -1
sphere {
	<43.347496, 52.817753, 56.288719> 0.100000
	pigment { color rgbt <1,0,0,0> }
	no_shadow
}
sphere {
	0, 1
	scale<0.080000,0.200000,0.300000>
	matrix <0.780971, -0.584848, 0.219172,
		-0.619844, -0.768848, 0.157052,
		0.076659, -0.258506, -0.962963,
		43.370495, 52.740200, 55.999828>
	pigment { color rgbt <0,1,1,0> }
	no_shadow
}
cylinder {
	<43.266243, 52.184906, 56.644669>,  <43.316833, 52.921154, 56.673904>, 0.130000
	pigment { color rgbt <1,0,0,0> }
	no_shadow
}

// nucleotide -1

// particle -1
sphere {
	<43.266243, 52.184906, 56.644669> 0.250000
	pigment { color rgbt <1,0,0,0> }
	no_shadow
}
cylinder {
	<43.489365, 52.353409, 56.358620>,  <43.623238, 52.454510, 56.186989>, 0.100000
	pigment { color rgbt <1,0,0,0> }
	no_shadow
}
cylinder {
	<43.489365, 52.353409, 56.358620>,  <43.266243, 52.184906, 56.644669>, 0.100000
	pigment { color rgbt <1,0,0,0> }
	no_shadow
}

// particle -1
sphere {
	<43.489365, 52.353409, 56.358620> 0.100000
	pigment { color rgbt <1,0,0,0> }
	no_shadow
}
sphere {
	0, 1
	scale<0.080000,0.200000,0.300000>
	matrix <0.810458, -0.462212, 0.359888,
		-0.178932, -0.780321, -0.599234,
		0.557801, 0.421259, -0.715122,
		43.656704, 52.479786, 56.144085>
	pigment { color rgbt <0,1,1,0> }
	no_shadow
}
cylinder {
	<43.674911, 51.672249, 56.192314>,  <43.266243, 52.184906, 56.644669>, 0.130000
	pigment { color rgbt <1,0,0,0> }
	no_shadow
}

// nucleotide -1

// particle -1
sphere {
	<43.674911, 51.672249, 56.192314> 0.250000
	pigment { color rgbt <1,0,0,0> }
	no_shadow
}
cylinder {
	<43.849045, 52.024178, 56.268631>,  <43.953526, 52.235332, 56.314423>, 0.100000
	pigment { color rgbt <1,0,0,0> }
	no_shadow
}
cylinder {
	<43.849045, 52.024178, 56.268631>,  <43.674911, 51.672249, 56.192314>, 0.100000
	pigment { color rgbt <1,0,0,0> }
	no_shadow
}

// particle -1
sphere {
	<43.849045, 52.024178, 56.268631> 0.100000
	pigment { color rgbt <1,0,0,0> }
	no_shadow
}
sphere {
	0, 1
	scale<0.080000,0.200000,0.300000>
	matrix <0.689572, -0.462122, 0.557614,
		0.578769, -0.111185, -0.807877,
		0.435336, 0.879819, 0.190792,
		43.979645, 52.288124, 56.325867>
	pigment { color rgbt <0,1,1,0> }
	no_shadow
}
cylinder {
	<44.435600, 51.672020, 56.089603>,  <43.674911, 51.672249, 56.192314>, 0.130000
	pigment { color rgbt <1,0,0,0> }
	no_shadow
}

// nucleotide -1

// particle -1
sphere {
	<44.435600, 51.672020, 56.089603> 0.250000
	pigment { color rgbt <1,0,0,0> }
	no_shadow
}
cylinder {
	<44.372471, 51.946762, 56.373383>,  <44.334595, 52.111607, 56.543652>, 0.100000
	pigment { color rgbt <1,0,0,0> }
	no_shadow
}
cylinder {
	<44.372471, 51.946762, 56.373383>,  <44.435600, 51.672020, 56.089603>, 0.100000
	pigment { color rgbt <1,0,0,0> }
	no_shadow
}

// particle -1
sphere {
	<44.372471, 51.946762, 56.373383> 0.100000
	pigment { color rgbt <1,0,0,0> }
	no_shadow
}
sphere {
	0, 1
	scale<0.080000,0.200000,0.300000>
	matrix <0.645480, -0.471951, 0.600515,
		0.747294, 0.552709, -0.368869,
		-0.157823, 0.686859, 0.709449,
		44.325123, 52.152821, 56.586216>
	pigment { color rgbt <0,1,1,0> }
	no_shadow
}
cylinder {
	<45.071342, 51.822250, 56.407372>,  <44.435600, 51.672020, 56.089603>, 0.130000
	pigment { color rgbt <1,0,0,0> }
	no_shadow
}

// nucleotide -1

// particle -1
sphere {
	<45.071342, 51.822250, 56.407372> 0.250000
	pigment { color rgbt <1,0,0,0> }
	no_shadow
}
cylinder {
	<44.792633, 51.913754, 56.679306>,  <44.625408, 51.968655, 56.842464>, 0.100000
	pigment { color rgbt <1,0,0,0> }
	no_shadow
}
cylinder {
	<44.792633, 51.913754, 56.679306>,  <45.071342, 51.822250, 56.407372>, 0.100000
	pigment { color rgbt <1,0,0,0> }
	no_shadow
}

// particle -1
sphere {
	<44.792633, 51.913754, 56.679306> 0.100000
	pigment { color rgbt <1,0,0,0> }
	no_shadow
}
sphere {
	0, 1
	scale<0.080000,0.200000,0.300000>
	matrix <0.492583, -0.536352, 0.685338,
		0.521406, 0.812402, 0.261035,
		-0.696776, 0.228759, 0.679832,
		44.583599, 51.982380, 56.883255>
	pigment { color rgbt <0,1,1,0> }
	no_shadow
}
cylinder {
	<45.484600, 52.401981, 56.559296>,  <45.071342, 51.822250, 56.407372>, 0.130000
	pigment { color rgbt <1,0,0,0> }
	no_shadow
}

// nucleotide -1

// particle -1
sphere {
	<45.484600, 52.401981, 56.559296> 0.250000
	pigment { color rgbt <1,0,0,0> }
	no_shadow
}
cylinder {
	<45.513992, 52.629723, 56.886818>,  <45.531628, 52.766369, 57.083332>, 0.100000
	pigment { color rgbt <1,0,0,0> }
	no_shadow
}
cylinder {
	<45.513992, 52.629723, 56.886818>,  <45.484600, 52.401981, 56.559296>, 0.100000
	pigment { color rgbt <1,0,0,0> }
	no_shadow
}

// particle -1
sphere {
	<45.513992, 52.629723, 56.886818> 0.100000
	pigment { color rgbt <1,0,0,0> }
	no_shadow
}
sphere {
	0, 1
	scale<0.080000,0.200000,0.300000>
	matrix <0.993701, -0.111451, -0.011678,
		0.084608, 0.814502, -0.573959,
		0.073480, 0.569355, 0.818801,
		45.536037, 52.800529, 57.132458>
	pigment { color rgbt <0,1,1,0> }
	no_shadow
}
cylinder {
	<45.826321, 53.155792, 56.424793>,  <45.484600, 52.401981, 56.559296>, 0.130000
	pigment { color rgbt <1,0,0,0> }
	no_shadow
}

// nucleotide -1

// particle -1
sphere {
	<45.826321, 53.155792, 56.424793> 0.250000
	pigment { color rgbt <1,0,0,0> }
	no_shadow
}
cylinder {
	<45.870937, 52.911591, 56.738441>,  <45.897709, 52.765072, 56.926632>, 0.100000
	pigment { color rgbt <1,0,0,0> }
	no_shadow
}
cylinder {
	<45.870937, 52.911591, 56.738441>,  <45.826321, 53.155792, 56.424793>, 0.100000
	pigment { color rgbt <1,0,0,0> }
	no_shadow
}

// particle -1
sphere {
	<45.870937, 52.911591, 56.738441> 0.100000
	pigment { color rgbt <1,0,0,0> }
	no_shadow
}
sphere {
	0, 1
	scale<0.080000,0.200000,0.300000>
	matrix <0.953287, -0.157155, -0.257966,
		0.280717, 0.776266, 0.564454,
		0.111543, -0.610503, 0.784121,
		45.904400, 52.728439, 56.973679>
	pigment { color rgbt <0,1,1,0> }
	no_shadow
}
cylinder {
	<46.288269, 53.431244, 56.851612>,  <45.826321, 53.155792, 56.424793>, 0.130000
	pigment { color rgbt <1,0,0,0> }
	no_shadow
}

// nucleotide -1

// particle -1
sphere {
	<46.288269, 53.431244, 56.851612> 0.250000
	pigment { color rgbt <1,0,0,0> }
	no_shadow
}
cylinder {
	<46.273003, 53.031681, 56.862358>,  <46.263844, 52.791943, 56.868805>, 0.100000
	pigment { color rgbt <1,0,0,0> }
	no_shadow
}
cylinder {
	<46.273003, 53.031681, 56.862358>,  <46.288269, 53.431244, 56.851612>, 0.100000
	pigment { color rgbt <1,0,0,0> }
	no_shadow
}

// particle -1
sphere {
	<46.273003, 53.031681, 56.862358> 0.100000
	pigment { color rgbt <1,0,0,0> }
	no_shadow
}
sphere {
	0, 1
	scale<0.080000,0.200000,0.300000>
	matrix <0.984812, -0.042161, -0.168426,
		0.169375, 0.020033, 0.985348,
		-0.038169, -0.998910, 0.026870,
		46.261551, 52.732010, 56.870419>
	pigment { color rgbt <0,1,1,0> }
	no_shadow
}
cylinder {
	<46.978836, 53.797482, 56.973129>,  <46.288269, 53.431244, 56.851612>, 0.130000
	pigment { color rgbt <1,0,0,0> }
	no_shadow
}

// nucleotide -1

// particle -1
sphere {
	<46.978836, 53.797482, 56.973129> 0.250000
	pigment { color rgbt <1,0,0,0> }
	no_shadow
}
cylinder {
	<46.835464, 53.424484, 56.990921>,  <46.749443, 53.200684, 57.001595>, 0.100000
	pigment { color rgbt <1,0,0,0> }
	no_shadow
}
cylinder {
	<46.835464, 53.424484, 56.990921>,  <46.978836, 53.797482, 56.973129>, 0.100000
	pigment { color rgbt <1,0,0,0> }
	no_shadow
}

// particle -1
sphere {
	<46.835464, 53.424484, 56.990921> 0.100000
	pigment { color rgbt <1,0,0,0> }
	no_shadow
}
sphere {
	0, 1
	scale<0.080000,0.200000,0.300000>
	matrix <-0.309673, 0.073813, -0.947974,
		0.880699, -0.353556, -0.315225,
		-0.358429, -0.932497, 0.044479,
		46.727936, 53.144733, 57.004265>
	pigment { color rgbt <0,1,1,0> }
	no_shadow
}
cylinder {
	<47.218071, 53.440895, 56.370262>,  <46.978836, 53.797482, 56.973129>, 0.130000
	pigment { color rgbt <1,0,0,0> }
	no_shadow
}

// nucleotide -1

// particle -1
sphere {
	<47.218071, 53.440895, 56.370262> 0.250000
	pigment { color rgbt <1,0,0,0> }
	no_shadow
}
cylinder {
	<46.913902, 53.220478, 56.507729>,  <46.731400, 53.088226, 56.590210>, 0.100000
	pigment { color rgbt <1,0,0,0> }
	no_shadow
}
cylinder {
	<46.913902, 53.220478, 56.507729>,  <47.218071, 53.440895, 56.370262>, 0.100000
	pigment { color rgbt <1,0,0,0> }
	no_shadow
}

// particle -1
sphere {
	<46.913902, 53.220478, 56.507729> 0.100000
	pigment { color rgbt <1,0,0,0> }
	no_shadow
}
sphere {
	0, 1
	scale<0.080000,0.200000,0.300000>
	matrix <-0.349470, -0.098824, -0.931721,
		0.547381, -0.828604, -0.117425,
		-0.760423, -0.551043, 0.343667,
		46.685776, 53.055164, 56.610828>
	pigment { color rgbt <0,1,1,0> }
	no_shadow
}
cylinder {
	<47.211712, 53.942432, 55.690742>,  <47.218071, 53.440895, 56.370262>, 0.130000
	pigment { color rgbt <1,0,0,0> }
	no_shadow
}

// nucleotide -1

// particle -1
sphere {
	<47.211712, 53.942432, 55.690742> 0.250000
	pigment { color rgbt <1,0,0,0> }
	no_shadow
}
cylinder {
	<47.426609, 53.903805, 55.355591>,  <47.555546, 53.880627, 55.154499>, 0.100000
	pigment { color rgbt <1,0,0,0> }
	no_shadow
}
cylinder {
	<47.426609, 53.903805, 55.355591>,  <47.211712, 53.942432, 55.690742>, 0.100000
	pigment { color rgbt <1,0,0,0> }
	no_shadow
}

// particle -1
sphere {
	<47.426609, 53.903805, 55.355591> 0.100000
	pigment { color rgbt <1,0,0,0> }
	no_shadow
}
sphere {
	0, 1
	scale<0.080000,0.200000,0.300000>
	matrix <0.609069, 0.731624, 0.306205,
		0.583444, -0.674834, 0.451876,
		0.537241, -0.096570, -0.837882,
		47.587780, 53.874832, 55.104225>
	pigment { color rgbt <0,1,1,0> }
	no_shadow
}
cylinder {
	<47.902729, 53.713509, 55.894772>,  <47.211712, 53.942432, 55.690742>, 0.130000
	pigment { color rgbt <1,0,0,0> }
	no_shadow
}

// nucleotide -1

// particle -1
sphere {
	<47.902729, 53.713509, 55.894772> 0.250000
	pigment { color rgbt <1,0,0,0> }
	no_shadow
}
cylinder {
	<47.871815, 53.922039, 55.554832>,  <47.853268, 54.047157, 55.350868>, 0.100000
	pigment { color rgbt <1,0,0,0> }
	no_shadow
}
cylinder {
	<47.871815, 53.922039, 55.554832>,  <47.902729, 53.713509, 55.894772>, 0.100000
	pigment { color rgbt <1,0,0,0> }
	no_shadow
}

// particle -1
sphere {
	<47.871815, 53.922039, 55.554832> 0.100000
	pigment { color rgbt <1,0,0,0> }
	no_shadow
}
sphere {
	0, 1
	scale<0.080000,0.200000,0.300000>
	matrix <0.611486, 0.698040, 0.372592,
		0.787472, -0.490877, -0.372730,
		-0.077284, 0.521325, -0.849851,
		47.848629, 54.078438, 55.299877>
	pigment { color rgbt <0,1,1,0> }
	no_shadow
}
cylinder {
	<48.620686, 53.891754, 55.645687>,  <47.902729, 53.713509, 55.894772>, 0.130000
	pigment { color rgbt <1,0,0,0> }
	no_shadow
}

// nucleotide -1

// particle -1
sphere {
	<48.620686, 53.891754, 55.645687> 0.250000
	pigment { color rgbt <1,0,0,0> }
	no_shadow
}
cylinder {
	<48.350945, 54.161190, 55.524673>,  <48.189098, 54.322853, 55.452065>, 0.100000
	pigment { color rgbt <1,0,0,0> }
	no_shadow
}
cylinder {
	<48.350945, 54.161190, 55.524673>,  <48.620686, 53.891754, 55.645687>, 0.100000
	pigment { color rgbt <1,0,0,0> }
	no_shadow
}

// particle -1
sphere {
	<48.350945, 54.161190, 55.524673> 0.100000
	pigment { color rgbt <1,0,0,0> }
	no_shadow
}
sphere {
	0, 1
	scale<0.080000,0.200000,0.300000>
	matrix <0.467185, 0.706481, 0.531622,
		0.571828, 0.217162, -0.791109,
		-0.674352, 0.673591, -0.302531,
		48.148640, 54.363266, 55.433914>
	pigment { color rgbt <0,1,1,0> }
	no_shadow
}
cylinder {
	<49.010548, 54.486473, 55.320171>,  <48.620686, 53.891754, 55.645687>, 0.130000
	pigment { color rgbt <1,0,0,0> }
	no_shadow
}

// nucleotide -1

// particle -1
sphere {
	<49.010548, 54.486473, 55.320171> 0.250000
	pigment { color rgbt <1,0,0,0> }
	no_shadow
}
cylinder {
	<48.650009, 54.585049, 55.462631>,  <48.433685, 54.644192, 55.548107>, 0.100000
	pigment { color rgbt <1,0,0,0> }
	no_shadow
}
cylinder {
	<48.650009, 54.585049, 55.462631>,  <49.010548, 54.486473, 55.320171>, 0.100000
	pigment { color rgbt <1,0,0,0> }
	no_shadow
}

// particle -1
sphere {
	<48.650009, 54.585049, 55.462631> 0.100000
	pigment { color rgbt <1,0,0,0> }
	no_shadow
}
sphere {
	0, 1
	scale<0.080000,0.200000,0.300000>
	matrix <0.431896, 0.572648, 0.696807,
		-0.032231, 0.781885, -0.622589,
		-0.901347, 0.246435, 0.356150,
		48.379604, 54.658978, 55.569477>
	pigment { color rgbt <0,1,1,0> }
	no_shadow
}
cylinder {
	<48.940800, 55.270615, 55.428623>,  <49.010548, 54.486473, 55.320171>, 0.130000
	pigment { color rgbt <1,0,0,0> }
	no_shadow
}

// nucleotide -1

// particle -1
sphere {
	<48.940800, 55.270615, 55.428623> 0.250000
	pigment { color rgbt <1,0,0,0> }
	no_shadow
}
cylinder {
	<48.698689, 55.090435, 55.691147>,  <48.553421, 54.982327, 55.848660>, 0.100000
	pigment { color rgbt <1,0,0,0> }
	no_shadow
}
cylinder {
	<48.698689, 55.090435, 55.691147>,  <48.940800, 55.270615, 55.428623>, 0.100000
	pigment { color rgbt <1,0,0,0> }
	no_shadow
}

// particle -1
sphere {
	<48.698689, 55.090435, 55.691147> 0.100000
	pigment { color rgbt <1,0,0,0> }
	no_shadow
}
sphere {
	0, 1
	scale<0.080000,0.200000,0.300000>
	matrix <0.448486, 0.488198, 0.748681,
		-0.657648, 0.747503, -0.093475,
		-0.605276, -0.450446, 0.656307,
		48.517105, 54.955299, 55.888039>
	pigment { color rgbt <0,1,1,0> }
	no_shadow
}
cylinder {
	<48.867565, 55.792713, 55.902855>,  <48.940800, 55.270615, 55.428623>, 0.130000
	pigment { color rgbt <1,0,0,0> }
	no_shadow
}

// nucleotide -1

// particle -1
sphere {
	<48.867565, 55.792713, 55.902855> 0.250000
	pigment { color rgbt <1,0,0,0> }
	no_shadow
}
cylinder {
	<48.737995, 55.454243, 56.072113>,  <48.660252, 55.251160, 56.173668>, 0.100000
	pigment { color rgbt <1,0,0,0> }
	no_shadow
}
cylinder {
	<48.737995, 55.454243, 56.072113>,  <48.867565, 55.792713, 55.902855>, 0.100000
	pigment { color rgbt <1,0,0,0> }
	no_shadow
}

// particle -1
sphere {
	<48.737995, 55.454243, 56.072113> 0.100000
	pigment { color rgbt <1,0,0,0> }
	no_shadow
}
sphere {
	0, 1
	scale<0.080000,0.200000,0.300000>
	matrix <0.214520, 0.369914, 0.903961,
		-0.921440, 0.383592, 0.061697,
		-0.323929, -0.846180, 0.423141,
		48.640816, 55.200390, 56.199055>
	pigment { color rgbt <0,1,1,0> }
	no_shadow
}
cylinder {
	<49.561939, 55.467411, 55.915527>,  <48.867565, 55.792713, 55.902855>, 0.130000
	pigment { color rgbt <1,0,0,0> }
	no_shadow
}

// nucleotide -1

// particle -1
sphere {
	<49.561939, 55.467411, 55.915527> 0.250000
	pigment { color rgbt <1,0,0,0> }
	no_shadow
}
cylinder {
	<49.620110, 55.254547, 56.249153>,  <49.655010, 55.126827, 56.449329>, 0.100000
	pigment { color rgbt <1,0,0,0> }
	no_shadow
}
cylinder {
	<49.620110, 55.254547, 56.249153>,  <49.561939, 55.467411, 55.915527>, 0.100000
	pigment { color rgbt <1,0,0,0> }
	no_shadow
}

// particle -1
sphere {
	<49.620110, 55.254547, 56.249153> 0.100000
	pigment { color rgbt <1,0,0,0> }
	no_shadow
}
sphere {
	0, 1
	scale<0.080000,0.200000,0.300000>
	matrix <0.939799, -0.189198, -0.284573,
		0.309241, 0.825233, 0.472610,
		0.145423, -0.532160, 0.834061,
		49.663738, 55.094898, 56.499371>
	pigment { color rgbt <0,1,1,0> }
	no_shadow
}
cylinder {
	<50.021381, 55.737816, 56.415878>,  <49.561939, 55.467411, 55.915527>, 0.130000
	pigment { color rgbt <1,0,0,0> }
	no_shadow
}

// nucleotide -1

// particle -1
sphere {
	<50.021381, 55.737816, 56.415878> 0.250000
	pigment { color rgbt <1,0,0,0> }
	no_shadow
}
cylinder {
	<49.975212, 55.345184, 56.354980>,  <49.947510, 55.109604, 56.318443>, 0.100000
	pigment { color rgbt <1,0,0,0> }
	no_shadow
}
cylinder {
	<49.975212, 55.345184, 56.354980>,  <50.021381, 55.737816, 56.415878>, 0.100000
	pigment { color rgbt <1,0,0,0> }
	no_shadow
}

// particle -1
sphere {
	<49.975212, 55.345184, 56.354980> 0.100000
	pigment { color rgbt <1,0,0,0> }
	no_shadow
}
sphere {
	0, 1
	scale<0.080000,0.200000,0.300000>
	matrix <0.977148, -0.084661, -0.194974,
		0.178493, -0.171269, 0.968920,
		-0.115423, -0.981580, -0.152244,
		49.940586, 55.050709, 56.309307>
	pigment { color rgbt <0,1,1,0> }
	no_shadow
}
cylinder {
	<50.459137, 55.482609, 56.963692>,  <50.021381, 55.737816, 56.415878>, 0.130000
	pigment { color rgbt <1,0,0,0> }
	no_shadow
}

// nucleotide -1

// particle -1
sphere {
	<50.459137, 55.482609, 56.963692> 0.250000
	pigment { color rgbt <1,0,0,0> }
	no_shadow
}
cylinder {
	<50.400532, 55.224957, 56.663391>,  <50.365368, 55.070366, 56.483212>, 0.100000
	pigment { color rgbt <1,0,0,0> }
	no_shadow
}
cylinder {
	<50.400532, 55.224957, 56.663391>,  <50.459137, 55.482609, 56.963692>, 0.100000
	pigment { color rgbt <1,0,0,0> }
	no_shadow
}

// particle -1
sphere {
	<50.400532, 55.224957, 56.663391> 0.100000
	pigment { color rgbt <1,0,0,0> }
	no_shadow
}
sphere {
	0, 1
	scale<0.080000,0.200000,0.300000>
	matrix <0.989198, -0.098941, -0.108156,
		-0.004613, -0.758487, 0.651672,
		-0.146512, -0.644134, -0.750750,
		50.356579, 55.031715, 56.438168>
	pigment { color rgbt <0,1,1,0> }
	no_shadow
}
cylinder {
	<50.529102, 54.762447, 57.119896>,  <50.459137, 55.482609, 56.963692>, 0.130000
	pigment { color rgbt <1,0,0,0> }
	no_shadow
}

// nucleotide -1

// particle -1
sphere {
	<50.529102, 54.762447, 57.119896> 0.250000
	pigment { color rgbt <1,0,0,0> }
	no_shadow
}
cylinder {
	<50.763245, 54.751556, 56.795769>,  <50.903728, 54.745022, 56.601292>, 0.100000
	pigment { color rgbt <1,0,0,0> }
	no_shadow
}
cylinder {
	<50.763245, 54.751556, 56.795769>,  <50.529102, 54.762447, 57.119896>, 0.100000
	pigment { color rgbt <1,0,0,0> }
	no_shadow
}

// particle -1
sphere {
	<50.763245, 54.751556, 56.795769> 0.100000
	pigment { color rgbt <1,0,0,0> }
	no_shadow
}
sphere {
	0, 1
	scale<0.080000,0.200000,0.300000>
	matrix <0.806126, 0.126438, 0.578079,
		0.086712, -0.991601, 0.095966,
		0.585357, -0.027234, -0.810318,
		50.938850, 54.743389, 56.552673>
	pigment { color rgbt <0,1,1,0> }
	no_shadow
}
cylinder {
	<51.016136, 54.329388, 57.306812>,  <50.529102, 54.762447, 57.119896>, 0.130000
	pigment { color rgbt <1,0,0,0> }
	no_shadow
}

// nucleotide -1

// particle -1
sphere {
	<51.016136, 54.329388, 57.306812> 0.250000
	pigment { color rgbt <1,0,0,0> }
	no_shadow
}
cylinder {
	<51.165855, 54.575573, 57.029366>,  <51.255688, 54.723286, 56.862896>, 0.100000
	pigment { color rgbt <1,0,0,0> }
	no_shadow
}
cylinder {
	<51.165855, 54.575573, 57.029366>,  <51.016136, 54.329388, 57.306812>, 0.100000
	pigment { color rgbt <1,0,0,0> }
	no_shadow
}

// particle -1
sphere {
	<51.165855, 54.575573, 57.029366> 0.100000
	pigment { color rgbt <1,0,0,0> }
	no_shadow
}
sphere {
	0, 1
	scale<0.080000,0.200000,0.300000>
	matrix <0.678245, 0.328376, 0.657383,
		0.632362, -0.716501, -0.294524,
		0.374301, 0.615463, -0.693616,
		51.278145, 54.760212, 56.821281>
	pigment { color rgbt <0,1,1,0> }
	no_shadow
}
cylinder {
	<51.744690, 54.409519, 57.398273>,  <51.016136, 54.329388, 57.306812>, 0.130000
	pigment { color rgbt <1,0,0,0> }
	no_shadow
}

// nucleotide -1

// particle -1
sphere {
	<51.744690, 54.409519, 57.398273> 0.250000
	pigment { color rgbt <1,0,0,0> }
	no_shadow
}
cylinder {
	<51.604145, 54.750523, 57.243469>,  <51.519817, 54.955124, 57.150585>, 0.100000
	pigment { color rgbt <1,0,0,0> }
	no_shadow
}
cylinder {
	<51.604145, 54.750523, 57.243469>,  <51.744690, 54.409519, 57.398273>, 0.100000
	pigment { color rgbt <1,0,0,0> }
	no_shadow
}

// particle -1
sphere {
	<51.604145, 54.750523, 57.243469> 0.100000
	pigment { color rgbt <1,0,0,0> }
	no_shadow
}
sphere {
	0, 1
	scale<0.080000,0.200000,0.300000>
	matrix <0.506830, 0.520757, 0.686975,
		0.787191, 0.045225, -0.615049,
		-0.351360, 0.852506, -0.387014,
		51.498737, 55.006275, 57.127365>
	pigment { color rgbt <0,1,1,0> }
	no_shadow
}
cylinder {
	<52.277767, 54.968517, 57.377739>,  <51.744690, 54.409519, 57.398273>, 0.130000
	pigment { color rgbt <1,0,0,0> }
	no_shadow
}

// nucleotide -1

// particle -1
sphere {
	<52.277767, 54.968517, 57.377739> 0.250000
	pigment { color rgbt <1,0,0,0> }
	no_shadow
}
cylinder {
	<51.933064, 55.171021, 57.364616>,  <51.726242, 55.292522, 57.356743>, 0.100000
	pigment { color rgbt <1,0,0,0> }
	no_shadow
}
cylinder {
	<51.933064, 55.171021, 57.364616>,  <52.277767, 54.968517, 57.377739>, 0.100000
	pigment { color rgbt <1,0,0,0> }
	no_shadow
}

// particle -1
sphere {
	<51.933064, 55.171021, 57.364616> 0.100000
	pigment { color rgbt <1,0,0,0> }
	no_shadow
}
sphere {
	0, 1
	scale<0.080000,0.200000,0.300000>
	matrix <0.345247, 0.632598, 0.693271,
		0.371728, 0.586105, -0.719930,
