// switches for output
#declare DRAW_BASES = 1; // possible values are 0, 1; only relevant for DNA ribbons
#declare DRAW_BASES_TYPE = 3; // possible values are 1, 2, 3; only relevant for DNA ribbons
#declare DRAW_FOG = 0; // set to 1 to enable fog

#include "colors.inc"

#include "transforms.inc"
background { rgb <1, 1, 1>}

#default {
   normal{
       ripples 0.25
       frequency 0.20
       turbulence 0.2
       lambda 5
   }
	finish {
		phong 0.1
		phong_size 40.
	}
}

// original window dimensions: 1024x640


// camera settings

camera {
	sky <-0, 1, 0>
	up <-0, 1, 0>
	right 1.6 * <0.99995, 0, 0.00999983>
	location <54.4867, 55, 106.329>
	look_at <55, 55, 55.0001>
	direction <0.513302, 0, -51.3289>
	angle 67.0682
}


# declare cpy_camera_pos = <54.4867, 55, 106.329>;
# if (DRAW_FOG = 1)
fog {
	fog_type 2
	up vnormalize(cpy_camera_pos)
	color rgbt<1,1,1,0.3>
	distance 1e-5
	fog_alt 3e-3
	fog_offset 88
}
# end


// LIGHTS

# declare lum = 6;
global_settings {
	ambient_light rgb lum * <0.05, 0.05, 0.05>
	max_trace_level 15
}# declare cpy_direct_light_amount = 0.25;
light_source
{	1000 * <-0.98995, -1, 1.00995>,
	rgb lum * cpy_direct_light_amount
	parallel
}

light_source
{	1000 * <0.98995, 1, -1.00995>,
	rgb lum * cpy_direct_light_amount
	parallel
}

// strand 0

// nucleotide -1

// particle -1
sphere {
	<36.002731, 53.177223, 49.615658> 0.250000
	pigment { color rgbt <1,0,0,0> }
	no_shadow
}
cylinder {
	<36.033798, 52.796135, 49.733154>,  <36.052441, 52.567482, 49.803654>, 0.100000
	pigment { color rgbt <1,0,0,0> }
	no_shadow
}
cylinder {
	<36.033798, 52.796135, 49.733154>,  <36.002731, 53.177223, 49.615658>, 0.100000
	pigment { color rgbt <1,0,0,0> }
	no_shadow
}

// particle -1
sphere {
	<36.033798, 52.796135, 49.733154> 0.100000
	pigment { color rgbt <1,0,0,0> }
	no_shadow
}
sphere {
	0, 1
	scale<0.080000,0.200000,0.300000>
	matrix <-0.032805, 0.292032, 0.955846,
		-0.996439, -0.083878, -0.008572,
		0.077671, -0.952723, 0.293744,
		36.057098, 52.510319, 49.821278>
	pigment { color rgbt <0,1,1,0> }
	no_shadow
}
cylinder {
	<36.551369, 52.692757, 49.501560>,  <36.002731, 53.177223, 49.615658>, 0.130000
	pigment { color rgbt <1,0,0,0> }
	no_shadow
}

// nucleotide -1

// particle -1
sphere {
	<36.551369, 52.692757, 49.501560> 0.250000
	pigment { color rgbt <1,0,0,0> }
	no_shadow
}
cylinder {
	<36.358929, 52.716438, 49.851425>,  <36.243465, 52.730648, 50.061344>, 0.100000
	pigment { color rgbt <1,0,0,0> }
	no_shadow
}
cylinder {
	<36.358929, 52.716438, 49.851425>,  <36.551369, 52.692757, 49.501560>, 0.100000
	pigment { color rgbt <1,0,0,0> }
	no_shadow
}

// particle -1
sphere {
	<36.358929, 52.716438, 49.851425> 0.100000
	pigment { color rgbt <1,0,0,0> }
	no_shadow
}
sphere {
	0, 1
	scale<0.080000,0.200000,0.300000>
	matrix <0.855925, -0.184023, 0.483248,
		0.189568, 0.981137, 0.037860,
		-0.481100, 0.059203, 0.874664,
		36.214600, 52.734200, 50.113823>
	pigment { color rgbt <0,1,1,0> }
	no_shadow
}
cylinder {
	<36.880508, 53.200726, 49.797703>,  <36.551369, 52.692757, 49.501560>, 0.130000
	pigment { color rgbt <1,0,0,0> }
	no_shadow
}

// nucleotide -1

// particle -1
sphere {
	<36.880508, 53.200726, 49.797703> 0.250000
	pigment { color rgbt <1,0,0,0> }
	no_shadow
}
cylinder {
	<36.708458, 52.902939, 50.001961>,  <36.605228, 52.724266, 50.124516>, 0.100000
	pigment { color rgbt <1,0,0,0> }
	no_shadow
}
cylinder {
	<36.708458, 52.902939, 50.001961>,  <36.880508, 53.200726, 49.797703>, 0.100000
	pigment { color rgbt <1,0,0,0> }
	no_shadow
}

// particle -1
sphere {
	<36.708458, 52.902939, 50.001961> 0.100000
	pigment { color rgbt <1,0,0,0> }
	no_shadow
}
sphere {
	0, 1
	scale<0.080000,0.200000,0.300000>
	matrix <0.901247, -0.386949, 0.194998,
		0.052423, 0.544089, 0.837388,
		-0.430123, -0.744471, 0.510644,
		36.579422, 52.679596, 50.155155>
	pigment { color rgbt <0,1,1,0> }
	no_shadow
}
cylinder {
	<37.251675, 53.171211, 50.328285>,  <36.880508, 53.200726, 49.797703>, 0.130000
	pigment { color rgbt <1,0,0,0> }
	no_shadow
}

// nucleotide -1

// particle -1
sphere {
	<37.251675, 53.171211, 50.328285> 0.250000
	pigment { color rgbt <1,0,0,0> }
	no_shadow
}
cylinder {
	<37.089489, 52.810814, 50.390007>,  <36.992176, 52.594578, 50.427040>, 0.100000
	pigment { color rgbt <1,0,0,0> }
	no_shadow
}
cylinder {
	<37.089489, 52.810814, 50.390007>,  <37.251675, 53.171211, 50.328285>, 0.100000
	pigment { color rgbt <1,0,0,0> }
	no_shadow
}

// particle -1
sphere {
	<37.089489, 52.810814, 50.390007> 0.100000
	pigment { color rgbt <1,0,0,0> }
	no_shadow
}
sphere {
	0, 1
	scale<0.080000,0.200000,0.300000>
	matrix <0.841892, -0.302316, 0.447016,
		-0.356109, 0.311159, 0.881117,
		-0.405468, -0.900991, 0.154305,
		36.967850, 52.540516, 50.436298>
	pigment { color rgbt <0,1,1,0> }
	no_shadow
}
cylinder {
	<37.537769, 53.772396, 50.728584>,  <37.251675, 53.171211, 50.328285>, 0.130000
	pigment { color rgbt <1,0,0,0> }
	no_shadow
}

// nucleotide -1

// particle -1
sphere {
	<37.537769, 53.772396, 50.728584> 0.250000
	pigment { color rgbt <1,0,0,0> }
	no_shadow
}
cylinder {
	<37.388638, 53.742241, 51.098518>,  <37.299160, 53.724148, 51.320477>, 0.100000
	pigment { color rgbt <1,0,0,0> }
	no_shadow
}
cylinder {
	<37.388638, 53.742241, 51.098518>,  <37.537769, 53.772396, 50.728584>, 0.100000
	pigment { color rgbt <1,0,0,0> }
	no_shadow
}

// particle -1
sphere {
	<37.388638, 53.742241, 51.098518> 0.100000
	pigment { color rgbt <1,0,0,0> }
	no_shadow
}
sphere {
	0, 1
	scale<0.080000,0.200000,0.300000>
	matrix <0.817393, -0.498409, 0.288888,
		0.439167, 0.863658, 0.247441,
		-0.372828, -0.075387, 0.924833,
		37.276791, 53.719624, 51.375969>
	pigment { color rgbt <0,1,1,0> }
	no_shadow
}
cylinder {
	<38.031822, 54.015141, 51.154934>,  <37.537769, 53.772396, 50.728584>, 0.130000
	pigment { color rgbt <1,0,0,0> }
	no_shadow
}

// nucleotide -1

// particle -1
sphere {
	<38.031822, 54.015141, 51.154934> 0.250000
	pigment { color rgbt <1,0,0,0> }
	no_shadow
}
cylinder {
	<37.807323, 53.743641, 51.344376>,  <37.672626, 53.580742, 51.458042>, 0.100000
	pigment { color rgbt <1,0,0,0> }
	no_shadow
}
cylinder {
	<37.807323, 53.743641, 51.344376>,  <38.031822, 54.015141, 51.154934>, 0.100000
	pigment { color rgbt <1,0,0,0> }
	no_shadow
}

// particle -1
sphere {
	<37.807323, 53.743641, 51.344376> 0.100000
	pigment { color rgbt <1,0,0,0> }
	no_shadow
}
sphere {
	0, 1
	scale<0.080000,0.200000,0.300000>
	matrix <0.766223, -0.642448, -0.012726,
		0.312904, 0.355744, 0.880646,
		-0.561243, -0.678753, 0.473604,
		37.638950, 53.540016, 51.486458>
	pigment { color rgbt <0,1,1,0> }
	no_shadow
}
cylinder {
	<38.528320, 54.295086, 51.492249>,  <38.031822, 54.015141, 51.154934>, 0.130000
	pigment { color rgbt <1,0,0,0> }
	no_shadow
}

// nucleotide -1

// particle -1
sphere {
	<38.528320, 54.295086, 51.492249> 0.250000
	pigment { color rgbt <1,0,0,0> }
	no_shadow
}
cylinder {
	<38.549450, 54.082623, 51.153999>,  <38.562126, 53.955147, 50.951050>, 0.100000
	pigment { color rgbt <1,0,0,0> }
	no_shadow
}
cylinder {
	<38.549450, 54.082623, 51.153999>,  <38.528320, 54.295086, 51.492249>, 0.100000
	pigment { color rgbt <1,0,0,0> }
	no_shadow
}

// particle -1
sphere {
	<38.549450, 54.082623, 51.153999> 0.100000
	pigment { color rgbt <1,0,0,0> }
	no_shadow
}
sphere {
	0, 1
	scale<0.080000,0.200000,0.300000>
	matrix <0.971998, 0.221518, -0.078425,
		0.228977, -0.817805, 0.527981,
		0.052821, -0.531154, -0.845627,
		38.565296, 53.923275, 50.900311>
	pigment { color rgbt <0,1,1,0> }
	no_shadow
}
cylinder {
	<38.963264, 53.660763, 51.426163>,  <38.528320, 54.295086, 51.492249>, 0.130000
	pigment { color rgbt <1,0,0,0> }
	no_shadow
}

// nucleotide -1

// particle -1
sphere {
	<38.963264, 53.660763, 51.426163> 0.250000
	pigment { color rgbt <1,0,0,0> }
	no_shadow
}
cylinder {
	<38.949123, 53.883385, 51.094139>,  <38.940639, 54.016956, 50.894924>, 0.100000
	pigment { color rgbt <1,0,0,0> }
	no_shadow
}
cylinder {
	<38.949123, 53.883385, 51.094139>,  <38.963264, 53.660763, 51.426163>, 0.100000
	pigment { color rgbt <1,0,0,0> }
	no_shadow
}

// particle -1
sphere {
	<38.949123, 53.883385, 51.094139> 0.100000
	pigment { color rgbt <1,0,0,0> }
	no_shadow
}
sphere {
	0, 1
	scale<0.080000,0.200000,0.300000>
	matrix <0.997183, 0.074621, 0.007559,
		0.066147, -0.827456, -0.557621,
		-0.035356, 0.556550, -0.830061,
		38.938519, 54.050350, 50.845119>
	pigment { color rgbt <0,1,1,0> }
	no_shadow
}
cylinder {
	<39.380405, 53.209141, 50.992775>,  <38.963264, 53.660763, 51.426163>, 0.130000
	pigment { color rgbt <1,0,0,0> }
	no_shadow
}

// nucleotide -1

// particle -1
sphere {
	<39.380405, 53.209141, 50.992775> 0.250000
	pigment { color rgbt <1,0,0,0> }
	no_shadow
}
cylinder {
	<39.355835, 53.601036, 50.916531>,  <39.341091, 53.836174, 50.870785>, 0.100000
	pigment { color rgbt <1,0,0,0> }
	no_shadow
}
cylinder {
	<39.355835, 53.601036, 50.916531>,  <39.380405, 53.209141, 50.992775>, 0.100000
	pigment { color rgbt <1,0,0,0> }
	no_shadow
}

// particle -1
sphere {
	<39.355835, 53.601036, 50.916531> 0.100000
	pigment { color rgbt <1,0,0,0> }
	no_shadow
}
sphere {
	0, 1
	scale<0.080000,0.200000,0.300000>
	matrix <0.997768, 0.065289, 0.014054,
		0.026214, -0.189317, -0.981566,
		-0.061425, 0.979743, -0.190606,
		39.337406, 53.894958, 50.859348>
	pigment { color rgbt <0,1,1,0> }
	no_shadow
}
cylinder {
	<39.794281, 53.472466, 50.389973>,  <39.380405, 53.209141, 50.992775>, 0.130000
	pigment { color rgbt <1,0,0,0> }
	no_shadow
}

// nucleotide -1

// particle -1
sphere {
	<39.794281, 53.472466, 50.389973> 0.250000
	pigment { color rgbt <1,0,0,0> }
	no_shadow
}
cylinder {
	<39.766560, 53.756699, 50.670048>,  <39.749928, 53.927238, 50.838093>, 0.100000
	pigment { color rgbt <1,0,0,0> }
	no_shadow
}
cylinder {
	<39.766560, 53.756699, 50.670048>,  <39.794281, 53.472466, 50.389973>, 0.100000
	pigment { color rgbt <1,0,0,0> }
	no_shadow
}

// particle -1
sphere {
	<39.766560, 53.756699, 50.670048> 0.100000
	pigment { color rgbt <1,0,0,0> }
	no_shadow
}
sphere {
	0, 1
	scale<0.080000,0.200000,0.300000>
	matrix <0.997329, 0.065579, 0.032160,
		-0.023065, 0.700548, -0.713233,
		-0.069303, 0.710586, 0.700189,
		39.745770, 53.969875, 50.880104>
	pigment { color rgbt <0,1,1,0> }
	no_shadow
}
cylinder {
	<40.264320, 54.049564, 50.200912>,  <39.794281, 53.472466, 50.389973>, 0.130000
	pigment { color rgbt <1,0,0,0> }
	no_shadow
}

// nucleotide -1

// particle -1
sphere {
	<40.264320, 54.049564, 50.200912> 0.250000
	pigment { color rgbt <1,0,0,0> }
	no_shadow
}
cylinder {
	<40.227997, 54.014206, 50.597687>,  <40.206203, 53.992989, 50.835751>, 0.100000
	pigment { color rgbt <1,0,0,0> }
	no_shadow
}
cylinder {
	<40.227997, 54.014206, 50.597687>,  <40.264320, 54.049564, 50.200912>, 0.100000
	pigment { color rgbt <1,0,0,0> }
	no_shadow
}

// particle -1
sphere {
	<40.227997, 54.014206, 50.597687> 0.100000
	pigment { color rgbt <1,0,0,0> }
	no_shadow
}
sphere {
	0, 1
	scale<0.080000,0.200000,0.300000>
	matrix <0.995250, 0.027042, 0.093521,
		-0.035092, 0.995718, 0.085524,
		-0.090807, -0.088400, 0.991937,
		40.200756, 53.987686, 50.895267>
	pigment { color rgbt <0,1,1,0> }
	no_shadow
}
cylinder {
	<40.663605, 54.669266, 50.478664>,  <40.264320, 54.049564, 50.200912>, 0.130000
	pigment { color rgbt <1,0,0,0> }
	no_shadow
}

// nucleotide -1

// particle -1
sphere {
	<40.663605, 54.669266, 50.478664> 0.250000
	pigment { color rgbt <1,0,0,0> }
	no_shadow
}
cylinder {
	<40.589615, 54.412453, 50.776276>,  <40.545219, 54.258366, 50.954842>, 0.100000
	pigment { color rgbt <1,0,0,0> }
	no_shadow
}
cylinder {
	<40.589615, 54.412453, 50.776276>,  <40.663605, 54.669266, 50.478664>, 0.100000
	pigment { color rgbt <1,0,0,0> }
	no_shadow
}

// particle -1
sphere {
	<40.589615, 54.412453, 50.776276> 0.100000
	pigment { color rgbt <1,0,0,0> }
	no_shadow
}
sphere {
	0, 1
	scale<0.080000,0.200000,0.300000>
	matrix <0.899361, 0.194596, 0.391512,
		-0.396148, 0.741571, 0.541422,
		-0.184976, -0.642031, 0.744030,
		40.534122, 54.219845, 50.999485>
	pigment { color rgbt <0,1,1,0> }
	no_shadow
}
cylinder {
	<40.735710, 54.842514, 51.320988>,  <40.663605, 54.669266, 50.478664>, 0.130000
	pigment { color rgbt <1,0,0,0> }
	no_shadow
}

// nucleotide -1

// particle -1
sphere {
	<40.735710, 54.842514, 51.320988> 0.250000
	pigment { color rgbt <1,0,0,0> }
	no_shadow
}
cylinder {
	<40.830555, 54.507339, 51.124363>,  <40.887463, 54.306232, 51.006390>, 0.100000
	pigment { color rgbt <1,0,0,0> }
	no_shadow
}
cylinder {
	<40.830555, 54.507339, 51.124363>,  <40.735710, 54.842514, 51.320988>, 0.100000
	pigment { color rgbt <1,0,0,0> }
	no_shadow
}

// particle -1
sphere {
	<40.830555, 54.507339, 51.124363> 0.100000
	pigment { color rgbt <1,0,0,0> }
	no_shadow
}
sphere {
	0, 1
	scale<0.080000,0.200000,0.300000>
	matrix <0.967539, 0.158141, 0.197130,
		-0.087447, -0.522348, 0.848237,
		0.237112, -0.837940, -0.491563,
		40.901688, 54.255959, 50.976894>
	pigment { color rgbt <0,1,1,0> }
	no_shadow
}
cylinder {
	<41.005959, 54.263748, 51.706989>,  <40.735710, 54.842514, 51.320988>, 0.130000
	pigment { color rgbt <1,0,0,0> }
	no_shadow
}

// nucleotide -1

// particle -1
sphere {
	<41.005959, 54.263748, 51.706989> 0.250000
	pigment { color rgbt <1,0,0,0> }
	no_shadow
}
cylinder {
	<41.169712, 54.242031, 51.342690>,  <41.267963, 54.229000, 51.124111>, 0.100000
	pigment { color rgbt <1,0,0,0> }
	no_shadow
}
cylinder {
	<41.169712, 54.242031, 51.342690>,  <41.005959, 54.263748, 51.706989>, 0.100000
	pigment { color rgbt <1,0,0,0> }
	no_shadow
}

// particle -1
sphere {
	<41.169712, 54.242031, 51.342690> 0.100000
	pigment { color rgbt <1,0,0,0> }
	no_shadow
}
sphere {
	0, 1
	scale<0.080000,0.200000,0.300000>
	matrix <0.886357, 0.260306, 0.382900,
		0.216285, -0.963998, 0.154686,
		0.409381, -0.054291, -0.910747,
		41.292526, 54.225742, 51.069466>
	pigment { color rgbt <0,1,1,0> }
	no_shadow
}
cylinder {
	<41.604073, 53.888313, 51.613083>,  <41.005959, 54.263748, 51.706989>, 0.130000
	pigment { color rgbt <1,0,0,0> }
	no_shadow
}

// nucleotide -1

// particle -1
sphere {
	<41.604073, 53.888313, 51.613083> 0.250000
	pigment { color rgbt <1,0,0,0> }
	no_shadow
}
cylinder {
	<41.667595, 54.153042, 51.320023>,  <41.705708, 54.311878, 51.144188>, 0.100000
	pigment { color rgbt <1,0,0,0> }
	no_shadow
}
cylinder {
	<41.667595, 54.153042, 51.320023>,  <41.604073, 53.888313, 51.613083>, 0.100000
	pigment { color rgbt <1,0,0,0> }
	no_shadow
}

// particle -1
sphere {
	<41.667595, 54.153042, 51.320023> 0.100000
	pigment { color rgbt <1,0,0,0> }
	no_shadow
}
sphere {
	0, 1
	scale<0.080000,0.200000,0.300000>
	matrix <0.837012, 0.303316, 0.455423,
		0.523632, -0.685562, -0.505780,
		0.158810, 0.661819, -0.732650,
		41.715237, 54.351589, 51.100227>
	pigment { color rgbt <0,1,1,0> }
	no_shadow
}
cylinder {
	<42.314705, 53.823479, 51.433689>,  <41.604073, 53.888313, 51.613083>, 0.130000
	pigment { color rgbt <1,0,0,0> }
	no_shadow
}

// nucleotide -1

// particle -1
sphere {
	<42.314705, 53.823479, 51.433689> 0.250000
	pigment { color rgbt <1,0,0,0> }
	no_shadow
}
cylinder {
	<42.176247, 54.183357, 51.327316>,  <42.093170, 54.399284, 51.263493>, 0.100000
	pigment { color rgbt <1,0,0,0> }
	no_shadow
}
cylinder {
	<42.176247, 54.183357, 51.327316>,  <42.314705, 53.823479, 51.433689>, 0.100000
	pigment { color rgbt <1,0,0,0> }
	no_shadow
}

// particle -1
sphere {
	<42.176247, 54.183357, 51.327316> 0.100000
	pigment { color rgbt <1,0,0,0> }
	no_shadow
}
sphere {
	0, 1
	scale<0.080000,0.200000,0.300000>
	matrix <0.749150, 0.435702, 0.498936,
		0.564762, -0.026521, -0.824828,
		-0.346147, 0.899700, -0.265936,
		42.072403, 54.453266, 51.247536>
	pigment { color rgbt <0,1,1,0> }
	no_shadow
}
cylinder {
	<42.913189, 54.194878, 51.172379>,  <42.314705, 53.823479, 51.433689>, 0.130000
	pigment { color rgbt <1,0,0,0> }
	no_shadow
}

// nucleotide -1

// particle -1
sphere {
	<42.913189, 54.194878, 51.172379> 0.250000
	pigment { color rgbt <1,0,0,0> }
	no_shadow
}
cylinder {
	<42.629684, 54.444939, 51.303123>,  <42.459583, 54.594975, 51.381569>, 0.100000
	pigment { color rgbt <1,0,0,0> }
	no_shadow
}
cylinder {
	<42.629684, 54.444939, 51.303123>,  <42.913189, 54.194878, 51.172379>, 0.100000
	pigment { color rgbt <1,0,0,0> }
	no_shadow
}

// particle -1
sphere {
	<42.629684, 54.444939, 51.303123> 0.100000
	pigment { color rgbt <1,0,0,0> }
	no_shadow
}
sphere {
	0, 1
	scale<0.080000,0.200000,0.300000>
	matrix <0.662909, 0.431759, 0.611667,
		0.241263, 0.650204, -0.720435,
		-0.708763, 0.625155, 0.326859,
		42.417057, 54.632484, 51.401180>
	pigment { color rgbt <0,1,1,0> }
	no_shadow
}
cylinder {
	<43.100533, 54.849869, 51.123192>,  <42.913189, 54.194878, 51.172379>, 0.130000
	pigment { color rgbt <1,0,0,0> }
	no_shadow
}

// nucleotide -1

// particle -1
sphere {
	<43.100533, 54.849869, 51.123192> 0.250000
	pigment { color rgbt <1,0,0,0> }
	no_shadow
}
cylinder {
	<42.822353, 54.881039, 51.408924>,  <42.655445, 54.899742, 51.580364>, 0.100000
	pigment { color rgbt <1,0,0,0> }
	no_shadow
}
cylinder {
	<42.822353, 54.881039, 51.408924>,  <43.100533, 54.849869, 51.123192>, 0.100000
	pigment { color rgbt <1,0,0,0> }
	no_shadow
}

// particle -1
sphere {
	<42.822353, 54.881039, 51.408924> 0.100000
	pigment { color rgbt <1,0,0,0> }
	no_shadow
}
sphere {
	0, 1
	scale<0.080000,0.200000,0.300000>
	matrix <0.641023, 0.516493, 0.567736,
		-0.324708, 0.852738, -0.409148,
		-0.695453, 0.077925, 0.714334,
		42.613716, 54.904415, 51.623226>
	pigment { color rgbt <0,1,1,0> }
	no_shadow
}
cylinder {
	<43.050186, 55.581608, 51.373623>,  <43.100533, 54.849869, 51.123192>, 0.130000
	pigment { color rgbt <1,0,0,0> }
	no_shadow
}

// nucleotide -1

// particle -1
sphere {
	<43.050186, 55.581608, 51.373623> 0.250000
	pigment { color rgbt <1,0,0,0> }
	no_shadow
}
cylinder {
	<42.987095, 55.339573, 51.685776>,  <42.949238, 55.194351, 51.873066>, 0.100000
	pigment { color rgbt <1,0,0,0> }
	no_shadow
}
cylinder {
	<42.987095, 55.339573, 51.685776>,  <43.050186, 55.581608, 51.373623>, 0.100000
	pigment { color rgbt <1,0,0,0> }
	no_shadow
}

// particle -1
sphere {
	<42.987095, 55.339573, 51.685776> 0.100000
	pigment { color rgbt <1,0,0,0> }
	no_shadow
}
sphere {
	0, 1
	scale<0.080000,0.200000,0.300000>
	matrix <0.448126, 0.660351, 0.602595,
		-0.879946, 0.444756, 0.166998,
		-0.157730, -0.605087, 0.780379,
		42.939777, 55.158047, 51.919891>
	pigment { color rgbt <0,1,1,0> }
	no_shadow
}
cylinder {
	<42.652588, 55.824604, 51.863873>,  <43.050186, 55.581608, 51.373623>, 0.130000
	pigment { color rgbt <1,0,0,0> }
	no_shadow
}

// nucleotide -1

// particle -1
sphere {
	<42.652588, 55.824604, 51.863873> 0.250000
	pigment { color rgbt <1,0,0,0> }
	no_shadow
}
cylinder {
	<42.885429, 55.566753, 52.062107>,  <43.025135, 55.412041, 52.181049>, 0.100000
	pigment { color rgbt <1,0,0,0> }
	no_shadow
}
cylinder {
	<42.885429, 55.566753, 52.062107>,  <42.652588, 55.824604, 51.863873>, 0.100000
	pigment { color rgbt <1,0,0,0> }
	no_shadow
}

// particle -1
sphere {
	<42.885429, 55.566753, 52.062107> 0.100000
	pigment { color rgbt <1,0,0,0> }
	no_shadow
}
sphere {
	0, 1
	scale<0.080000,0.200000,0.300000>
	matrix <0.561662, 0.759492, 0.328186,
		-0.587955, 0.087316, 0.804167,
		0.582103, -0.644629, 0.495589,
		43.060059, 55.373363, 52.210785>
	pigment { color rgbt <0,1,1,0> }
	no_shadow
}
cylinder {
	<42.788868, 56.038067, 52.535450>,  <42.652588, 55.824604, 51.863873>, 0.130000
	pigment { color rgbt <1,0,0,0> }
	no_shadow
}

// nucleotide -1

// particle -1
sphere {
	<42.788868, 56.038067, 52.535450> 0.250000
	pigment { color rgbt <1,0,0,0> }
	no_shadow
}
cylinder {
	<43.097664, 55.814407, 52.414536>,  <43.282944, 55.680210, 52.341988>, 0.100000
	pigment { color rgbt <1,0,0,0> }
	no_shadow
}
cylinder {
	<43.097664, 55.814407, 52.414536>,  <42.788868, 56.038067, 52.535450>, 0.100000
	pigment { color rgbt <1,0,0,0> }
	no_shadow
}

// particle -1
sphere {
	<43.097664, 55.814407, 52.414536> 0.100000
	pigment { color rgbt <1,0,0,0> }
	no_shadow
}
sphere {
	0, 1
	scale<0.080000,0.200000,0.300000>
	matrix <0.611148, 0.783665, 0.111204,
		0.174714, -0.270593, 0.946707,
		0.771993, -0.559150, -0.302289,
		43.329262, 55.646664, 52.323849>
	pigment { color rgbt <0,1,1,0> }
	no_shadow
}
cylinder {
	<43.353386, 56.032684, 53.144840>,  <42.788868, 56.038067, 52.535450>, 0.130000
	pigment { color rgbt <1,0,0,0> }
	no_shadow
}

// nucleotide -1

// particle -1
sphere {
	<43.353386, 56.032684, 53.144840> 0.250000
	pigment { color rgbt <1,0,0,0> }
	no_shadow
}
cylinder {
	<43.458527, 55.967113, 52.764519>,  <43.521610, 55.927773, 52.536324>, 0.100000
	pigment { color rgbt <1,0,0,0> }
	no_shadow
}
cylinder {
	<43.458527, 55.967113, 52.764519>,  <43.353386, 56.032684, 53.144840>, 0.100000
	pigment { color rgbt <1,0,0,0> }
	no_shadow
}

// particle -1
sphere {
	<43.458527, 55.967113, 52.764519> 0.100000
	pigment { color rgbt <1,0,0,0> }
	no_shadow
}
sphere {
	0, 1
	scale<0.080000,0.200000,0.300000>
	matrix <0.519095, 0.854708, -0.003848,
		0.813294, -0.492548, 0.309757,
		0.262856, -0.163923, -0.950808,
		43.537384, 55.917938, 52.479275>
	pigment { color rgbt <0,1,1,0> }
	no_shadow
}
cylinder {
	<44.142994, 56.073887, 53.006718>,  <43.353386, 56.032684, 53.144840>, 0.130000
	pigment { color rgbt <1,0,0,0> }
	no_shadow
}

// nucleotide -1

// particle -1
sphere {
	<44.142994, 56.073887, 53.006718> 0.250000
	pigment { color rgbt <1,0,0,0> }
	no_shadow
}
cylinder {
	<43.959019, 56.162342, 52.662727>,  <43.848633, 56.215416, 52.456333>, 0.100000
	pigment { color rgbt <1,0,0,0> }
	no_shadow
}
cylinder {
	<43.959019, 56.162342, 52.662727>,  <44.142994, 56.073887, 53.006718>, 0.100000
	pigment { color rgbt <1,0,0,0> }
	no_shadow
}

// particle -1
sphere {
	<43.959019, 56.162342, 52.662727> 0.100000
	pigment { color rgbt <1,0,0,0> }
	no_shadow
}
sphere {
	0, 1
	scale<0.080000,0.200000,0.300000>
	matrix <0.721720, 0.657300, -0.216975,
		0.517280, -0.720455, -0.461917,
		-0.459938, 0.221138, -0.859974,
		43.821037, 56.228683, 52.404736>
	pigment { color rgbt <0,1,1,0> }
	no_shadow
}
cylinder {
	<44.503738, 55.795574, 52.352940>,  <44.142994, 56.073887, 53.006718>, 0.130000
	pigment { color rgbt <1,0,0,0> }
	no_shadow
}

// nucleotide -1

// particle -1
sphere {
	<44.503738, 55.795574, 52.352940> 0.250000
	pigment { color rgbt <1,0,0,0> }
	no_shadow
}
cylinder {
	<44.298470, 56.138863, 52.348541>,  <44.175308, 56.344833, 52.345901>, 0.100000
	pigment { color rgbt <1,0,0,0> }
	no_shadow
}
cylinder {
	<44.298470, 56.138863, 52.348541>,  <44.503738, 55.795574, 52.352940>, 0.100000
	pigment { color rgbt <1,0,0,0> }
	no_shadow
}

// particle -1
sphere {
	<44.298470, 56.138863, 52.348541> 0.100000
	pigment { color rgbt <1,0,0,0> }
	no_shadow
}
sphere {
	0, 1
	scale<0.080000,0.200000,0.300000>
	matrix <0.852310, 0.508043, -0.124341,
		-0.101125, -0.073179, -0.992179,
		-0.513169, 0.858217, -0.010995,
		44.144520, 56.396328, 52.345242>
	pigment { color rgbt <0,1,1,0> }
	no_shadow
}
cylinder {
	<44.679146, 56.162216, 51.691284>,  <44.503738, 55.795574, 52.352940>, 0.130000
	pigment { color rgbt <1,0,0,0> }
	no_shadow
}

// nucleotide -1

// particle -1
sphere {
	<44.679146, 56.162216, 51.691284> 0.250000
	pigment { color rgbt <1,0,0,0> }
	no_shadow
}
cylinder {
	<44.588139, 56.389923, 52.007301>,  <44.533535, 56.526546, 52.196911>, 0.100000
	pigment { color rgbt <1,0,0,0> }
	no_shadow
}
cylinder {
	<44.588139, 56.389923, 52.007301>,  <44.679146, 56.162216, 51.691284>, 0.100000
	pigment { color rgbt <1,0,0,0> }
	no_shadow
}

// particle -1
sphere {
	<44.588139, 56.389923, 52.007301> 0.100000
	pigment { color rgbt <1,0,0,0> }
	no_shadow
}
sphere {
	0, 1
	scale<0.080000,0.200000,0.300000>
	matrix <0.762399, 0.608865, -0.219162,
		-0.605792, 0.552466, -0.572536,
		-0.227517, 0.569267, 0.790045,
		44.519882, 56.560703, 52.244316>
	pigment { color rgbt <0,1,1,0> }
	no_shadow
}
cylinder {
	<45.326172, 56.430630, 51.325729>,  <44.679146, 56.162216, 51.691284>, 0.130000
	pigment { color rgbt <1,0,0,0> }
	no_shadow
}

// nucleotide -1

// particle -1
sphere {
	<45.326172, 56.430630, 51.325729> 0.250000
	pigment { color rgbt <1,0,0,0> }
	no_shadow
}
cylinder {
	<45.658558, 56.572777, 51.154518>,  <45.857990, 56.658066, 51.051792>, 0.100000
	pigment { color rgbt <1,0,0,0> }
	no_shadow
}
cylinder {
	<45.658558, 56.572777, 51.154518>,  <45.326172, 56.430630, 51.325729>, 0.100000
	pigment { color rgbt <1,0,0,0> }
	no_shadow
}

// particle -1
sphere {
	<45.658558, 56.572777, 51.154518> 0.100000
	pigment { color rgbt <1,0,0,0> }
	no_shadow
}
sphere {
	0, 1
	scale<0.080000,0.200000,0.300000>
	matrix <-0.234211, -0.474415, -0.848573,
		-0.504616, 0.805386, -0.310993,
		0.830968, 0.355365, -0.428028,
		45.907848, 56.679386, 51.026112>
	pigment { color rgbt <0,1,1,0> }
	no_shadow
}
cylinder {
	<46.084293, 56.566772, 51.504997>,  <45.326172, 56.430630, 51.325729>, 0.130000
	pigment { color rgbt <1,0,0,0> }
	no_shadow
}

// nucleotide -1

// particle -1
sphere {
	<46.084293, 56.566772, 51.504997> 0.250000
	pigment { color rgbt <1,0,0,0> }
	no_shadow
}
cylinder {
	<46.294933, 56.305248, 51.722336>,  <46.421318, 56.148335, 51.852737>, 0.100000
	pigment { color rgbt <1,0,0,0> }
	no_shadow
}
cylinder {
	<46.294933, 56.305248, 51.722336>,  <46.084293, 56.566772, 51.504997>, 0.100000
	pigment { color rgbt <1,0,0,0> }
	no_shadow
}

// particle -1
sphere {
	<46.294933, 56.305248, 51.722336> 0.100000
	pigment { color rgbt <1,0,0,0> }
	no_shadow
}
sphere {
	0, 1
	scale<0.080000,0.200000,0.300000>
	matrix <0.183860, 0.711606, 0.678094,
		-0.829994, -0.257184, 0.494941,
		0.526598, -0.653814, 0.543343,
		46.452911, 56.109104, 51.885338>
	pigment { color rgbt <0,1,1,0> }
	no_shadow
}
cylinder {
	<46.088524, 56.061993, 50.951839>,  <46.084293, 56.566772, 51.504997>, 0.130000
	pigment { color rgbt <1,0,0,0> }
	no_shadow
}

// nucleotide -1

// particle -1
sphere {
	<46.088524, 56.061993, 50.951839> 0.250000
	pigment { color rgbt <1,0,0,0> }
	no_shadow
}
cylinder {
	<45.716526, 56.073067, 50.805233>,  <45.493328, 56.079712, 50.717270>, 0.100000
	pigment { color rgbt <1,0,0,0> }
	no_shadow
}
cylinder {
	<45.716526, 56.073067, 50.805233>,  <46.088524, 56.061993, 50.951839>, 0.100000
	pigment { color rgbt <1,0,0,0> }
	no_shadow
}

// particle -1
sphere {
	<45.716526, 56.073067, 50.805233> 0.100000
	pigment { color rgbt <1,0,0,0> }
	no_shadow
}
sphere {
	0, 1
	scale<0.080000,0.200000,0.300000>
	matrix <-0.190250, 0.816931, 0.544452,
		0.314497, 0.576070, -0.754477,
		-0.929998, 0.027689, -0.366520,
		45.437527, 56.081375, 50.695278>
	pigment { color rgbt <0,1,1,0> }
	no_shadow
}
cylinder {
	<46.749901, 56.600498, 50.843597>,  <46.088524, 56.061993, 50.951839>, 0.130000
	pigment { color rgbt <1,0,0,0> }
	no_shadow
}

// nucleotide -1

// particle -1
sphere {
	<46.749901, 56.600498, 50.843597> 0.250000
	pigment { color rgbt <1,0,0,0> }
	no_shadow
}
cylinder {
	<46.748631, 56.581608, 50.444046>,  <46.747868, 56.570274, 50.204315>, 0.100000
	pigment { color rgbt <1,0,0,0> }
	no_shadow
}
cylinder {
	<46.748631, 56.581608, 50.444046>,  <46.749901, 56.600498, 50.843597>, 0.100000
	pigment { color rgbt <1,0,0,0> }
	no_shadow
}

// particle -1
sphere {
	<46.748631, 56.581608, 50.444046> 0.100000
	pigment { color rgbt <1,0,0,0> }
	no_shadow
}
sphere {
	0, 1
	scale<0.080000,0.200000,0.300000>
	matrix <0.939813, -0.341436, 0.013151,
		-0.341674, -0.938718, 0.045472,
		-0.003180, -0.047228, -0.998879,
		46.747677, 56.567440, 50.144382>
	pigment { color rgbt <0,1,1,0> }
	no_shadow
}
cylinder {
	<47.362499, 56.407627, 50.821503>,  <46.749901, 56.600498, 50.843597>, 0.130000
	pigment { color rgbt <1,0,0,0> }
	no_shadow
}

// nucleotide -1

// particle -1
sphere {
	<47.362499, 56.407627, 50.821503> 0.250000
	pigment { color rgbt <1,0,0,0> }
	no_shadow
}
cylinder {
	<47.270584, 56.434402, 50.433128>,  <47.215435, 56.450470, 50.200104>, 0.100000
	pigment { color rgbt <1,0,0,0> }
	no_shadow
}
cylinder {
	<47.270584, 56.434402, 50.433128>,  <47.362499, 56.407627, 50.821503>, 0.100000
	pigment { color rgbt <1,0,0,0> }
	no_shadow
}

// particle -1
sphere {
	<47.270584, 56.434402, 50.433128> 0.100000
	pigment { color rgbt <1,0,0,0> }
	no_shadow
}
sphere {
	0, 1
	scale<0.080000,0.200000,0.300000>
	matrix <0.907976, -0.344432, -0.238632,
		-0.350398, -0.936421, 0.018359,
		-0.229784, 0.066947, -0.970937,
		47.201649, 56.454487, 50.141846>
	pigment { color rgbt <0,1,1,0> }
	no_shadow
}
cylinder {
	<47.538239, 55.845978, 50.460773>,  <47.362499, 56.407627, 50.821503>, 0.130000
	pigment { color rgbt <1,0,0,0> }
	no_shadow
}

// nucleotide -1

// particle -1
sphere {
	<47.538239, 55.845978, 50.460773> 0.250000
	pigment { color rgbt <1,0,0,0> }
	no_shadow
}
cylinder {
	<47.546535, 56.172672, 50.230118>,  <47.551514, 56.368687, 50.091724>, 0.100000
	pigment { color rgbt <1,0,0,0> }
	no_shadow
}
cylinder {
	<47.546535, 56.172672, 50.230118>,  <47.538239, 55.845978, 50.460773>, 0.100000
	pigment { color rgbt <1,0,0,0> }
	no_shadow
}

// particle -1
sphere {
	<47.546535, 56.172672, 50.230118> 0.100000
	pigment { color rgbt <1,0,0,0> }
	no_shadow
}
sphere {
	0, 1
	scale<0.080000,0.200000,0.300000>
	matrix <0.920519, -0.240671, -0.307770,
		-0.390147, -0.524428, -0.756810,
		0.020739, 0.816733, -0.576643,
		47.552757, 56.417690, 50.057125>
	pigment { color rgbt <0,1,1,0> }
	no_shadow
}
cylinder {
	<47.716713, 55.657318, 49.660328>,  <47.538239, 55.845978, 50.460773>, 0.130000
	pigment { color rgbt <1,0,0,0> }
	no_shadow
}

// nucleotide -1

// particle -1
sphere {
	<47.716713, 55.657318, 49.660328> 0.250000
	pigment { color rgbt <1,0,0,0> }
	no_shadow
}
cylinder {
	<47.837006, 56.017265, 49.786690>,  <47.909184, 56.233234, 49.862507>, 0.100000
	pigment { color rgbt <1,0,0,0> }
	no_shadow
}
cylinder {
	<47.837006, 56.017265, 49.786690>,  <47.716713, 55.657318, 49.660328>, 0.100000
	pigment { color rgbt <1,0,0,0> }
	no_shadow
}

// particle -1
sphere {
	<47.837006, 56.017265, 49.786690> 0.100000
	pigment { color rgbt <1,0,0,0> }
	no_shadow
}
sphere {
	0, 1
	scale<0.080000,0.200000,0.300000>
	matrix <0.888087, -0.143488, -0.436707,
		-0.347650, 0.411887, -0.842312,
		0.300735, 0.899867, 0.315908,
		47.927227, 56.287224, 49.881462>
	pigment { color rgbt <0,1,1,0> }
	no_shadow
}
cylinder {
	<48.174515, 55.991024, 49.200184>,  <47.716713, 55.657318, 49.660328>, 0.130000
	pigment { color rgbt <1,0,0,0> }
	no_shadow
}

// nucleotide -1

// particle -1
sphere {
	<48.174515, 55.991024, 49.200184> 0.250000
	pigment { color rgbt <1,0,0,0> }
	no_shadow
}
cylinder {
	<48.301868, 56.192871, 49.521179>,  <48.378281, 56.313980, 49.713776>, 0.100000
	pigment { color rgbt <1,0,0,0> }
	no_shadow
}
cylinder {
	<48.301868, 56.192871, 49.521179>,  <48.174515, 55.991024, 49.200184>, 0.100000
	pigment { color rgbt <1,0,0,0> }
	no_shadow
}

// particle -1
sphere {
	<48.301868, 56.192871, 49.521179> 0.100000
	pigment { color rgbt <1,0,0,0> }
	no_shadow
}
sphere {
	0, 1
	scale<0.080000,0.200000,0.300000>
	matrix <0.926116, 0.015109, -0.376936,
		-0.202332, 0.863213, -0.462521,
		0.318387, 0.504615, 0.802492,
		48.397385, 56.344257, 49.761929>
	pigment { color rgbt <0,1,1,0> }
	no_shadow
}
cylinder {
	<48.593872, 56.649330, 49.063698>,  <48.174515, 55.991024, 49.200184>, 0.130000
	pigment { color rgbt <1,0,0,0> }
	no_shadow
}

// nucleotide -1

// particle -1
sphere {
	<48.593872, 56.649330, 49.063698> 0.250000
	pigment { color rgbt <1,0,0,0> }
	no_shadow
}
cylinder {
	<48.708603, 56.468323, 49.401443>,  <48.777443, 56.359718, 49.604092>, 0.100000
	pigment { color rgbt <1,0,0,0> }
	no_shadow
}
cylinder {
	<48.708603, 56.468323, 49.401443>,  <48.593872, 56.649330, 49.063698>, 0.100000
	pigment { color rgbt <1,0,0,0> }
	no_shadow
}

// particle -1
sphere {
	<48.708603, 56.468323, 49.401443> 0.100000
	pigment { color rgbt <1,0,0,0> }
	no_shadow
}
sphere {
	0, 1
	scale<0.080000,0.200000,0.300000>
	matrix <0.957276, 0.101569, -0.270752,
		0.036757, 0.885954, 0.462315,
		0.286831, -0.452515, 0.844369,
		48.794651, 56.332569, 49.654755>
	pigment { color rgbt <0,1,1,0> }
	no_shadow
}
cylinder {
	<49.099655, 57.143757, 49.208900>,  <48.593872, 56.649330, 49.063698>, 0.130000
	pigment { color rgbt <1,0,0,0> }
	no_shadow
}

// nucleotide -1

// particle -1
sphere {
	<49.099655, 57.143757, 49.208900> 0.250000
	pigment { color rgbt <1,0,0,0> }
	no_shadow
}
cylinder {
	<49.146000, 56.791931, 49.393486>,  <49.173805, 56.580837, 49.504238>, 0.100000
	pigment { color rgbt <1,0,0,0> }
	no_shadow
}
cylinder {
	<49.146000, 56.791931, 49.393486>,  <49.099655, 57.143757, 49.208900>, 0.100000
	pigment { color rgbt <1,0,0,0> }
	no_shadow
}

// particle -1
sphere {
	<49.146000, 56.791931, 49.393486> 0.100000
	pigment { color rgbt <1,0,0,0> }
	no_shadow
}
sphere {
	0, 1
	scale<0.080000,0.200000,0.300000>
	matrix <0.962653, -0.015020, -0.270320,
		0.244695, 0.475545, 0.844974,
		0.115858, -0.879563, 0.461460,
		49.180756, 56.528061, 49.531925>
	pigment { color rgbt <0,1,1,0> }
	no_shadow
}
cylinder {
	<49.563705, 57.144222, 49.771465>,  <49.099655, 57.143757, 49.208900>, 0.130000
	pigment { color rgbt <1,0,0,0> }
	no_shadow
}

// nucleotide -1

// particle -1
sphere {
	<49.563705, 57.144222, 49.771465> 0.250000
	pigment { color rgbt <1,0,0,0> }
	no_shadow
}
cylinder {
	<49.572338, 56.783806, 49.598190>,  <49.577518, 56.567554, 49.494225>, 0.100000
	pigment { color rgbt <1,0,0,0> }
	no_shadow
}
cylinder {
	<49.572338, 56.783806, 49.598190>,  <49.563705, 57.144222, 49.771465>, 0.100000
	pigment { color rgbt <1,0,0,0> }
	no_shadow
}

// particle -1
sphere {
	<49.572338, 56.783806, 49.598190> 0.100000
	pigment { color rgbt <1,0,0,0> }
	no_shadow
}
sphere {
	0, 1
	scale<0.080000,0.200000,0.300000>
	matrix <0.999701, 0.014490, 0.019664,
		-0.011441, -0.433483, 0.901089,
		0.021581, -0.901045, -0.433188,
		49.578812, 56.513493, 49.468235>
	pigment { color rgbt <0,1,1,0> }
	no_shadow
}
cylinder {
	<49.926373, 56.646336, 50.115437>,  <49.563705, 57.144222, 49.771465>, 0.130000
	pigment { color rgbt <1,0,0,0> }
	no_shadow
}

// nucleotide -1

// particle -1
sphere {
	<49.926373, 56.646336, 50.115437> 0.250000
	pigment { color rgbt <1,0,0,0> }
	no_shadow
}
cylinder {
	<49.971188, 56.518848, 49.738953>,  <49.998077, 56.442356, 49.513062>, 0.100000
	pigment { color rgbt <1,0,0,0> }
	no_shadow
}
cylinder {
	<49.971188, 56.518848, 49.738953>,  <49.926373, 56.646336, 50.115437>, 0.100000
	pigment { color rgbt <1,0,0,0> }
	no_shadow
}

// particle -1
sphere {
	<49.971188, 56.518848, 49.738953> 0.100000
	pigment { color rgbt <1,0,0,0> }
	no_shadow
}
sphere {
	0, 1
	scale<0.080000,0.200000,0.300000>
	matrix <0.983120, -0.102322, 0.151675,
		-0.144647, -0.942311, 0.301873,
		0.112036, -0.318717, -0.941205,
		50.004799, 56.423233, 49.456593>
	pigment { color rgbt <0,1,1,0> }
	no_shadow
}
cylinder {
	<50.421402, 56.209759, 50.230579>,  <49.926373, 56.646336, 50.115437>, 0.130000
	pigment { color rgbt <1,0,0,0> }
	no_shadow
}

// nucleotide -1

// particle -1
sphere {
	<50.421402, 56.209759, 50.230579> 0.250000
	pigment { color rgbt <1,0,0,0> }
	no_shadow
}
cylinder {
	<50.425957, 56.319431, 49.845936>,  <50.428688, 56.385235, 49.615150>, 0.100000
	pigment { color rgbt <1,0,0,0> }
	no_shadow
}
cylinder {
	<50.425957, 56.319431, 49.845936>,  <50.421402, 56.209759, 50.230579>, 0.100000
	pigment { color rgbt <1,0,0,0> }
	no_shadow
}

// particle -1
sphere {
	<50.425957, 56.319431, 49.845936> 0.100000
	pigment { color rgbt <1,0,0,0> }
	no_shadow
}
sphere {
	0, 1
	scale<0.080000,0.200000,0.300000>
	matrix <0.989167, -0.143839, -0.029304,
		-0.146351, -0.950860, -0.272848,
		0.011382, 0.274181, -0.961611,
		50.429371, 56.401684, 49.557453>
	pigment { color rgbt <0,1,1,0> }
	no_shadow
}
cylinder {
	<51.178261, 56.323738, 49.890736>,  <50.421402, 56.209759, 50.230579>, 0.130000
	pigment { color rgbt <1,0,0,0> }
	no_shadow
}

// nucleotide -1

// particle -1
sphere {
	<51.178261, 56.323738, 49.890736> 0.250000
	pigment { color rgbt <1,0,0,0> }
	no_shadow
}
cylinder {
	<51.550488, 56.180710, 49.922218>,  <51.773823, 56.094891, 49.941109>, 0.100000
	pigment { color rgbt <1,0,0,0> }
	no_shadow
}
cylinder {
	<51.550488, 56.180710, 49.922218>,  <51.178261, 56.323738, 49.890736>, 0.100000
	pigment { color rgbt <1,0,0,0> }
	no_shadow
}

// particle -1
sphere {
	<51.550488, 56.180710, 49.922218> 0.100000
	pigment { color rgbt <1,0,0,0> }
	no_shadow
}
sphere {
	0, 1
	scale<0.080000,0.200000,0.300000>
	matrix <0.272466, 0.819903, 0.503509,
		-0.244574, -0.447102, 0.860397,
		0.930562, -0.357574, 0.078707,
		51.829655, 56.073437, 49.945831>
	pigment { color rgbt <0,1,1,0> }
	no_shadow
}
cylinder {
	<51.604282, 56.317684, 50.554710>,  <51.178261, 56.323738, 49.890736>, 0.130000
	pigment { color rgbt <1,0,0,0> }
	no_shadow
}

// nucleotide -1

// particle -1
sphere {
	<51.604282, 56.317684, 50.554710> 0.250000
	pigment { color rgbt <1,0,0,0> }
	no_shadow
}
cylinder {
	<51.840652, 56.389755, 50.240170>,  <51.982475, 56.432999, 50.051445>, 0.100000
	pigment { color rgbt <1,0,0,0> }
	no_shadow
}
cylinder {
	<51.840652, 56.389755, 50.240170>,  <51.604282, 56.317684, 50.554710>, 0.100000
	pigment { color rgbt <1,0,0,0> }
	no_shadow
}

// particle -1
sphere {
	<51.840652, 56.389755, 50.240170> 0.100000
	pigment { color rgbt <1,0,0,0> }
	no_shadow
}
sphere {
	0, 1
	scale<0.080000,0.200000,0.300000>
	matrix <0.350044, 0.820934, 0.451150,
		0.726825, -0.541853, 0.422044,
		0.590927, 0.180173, -0.786348,
		52.017929, 56.443806, 50.004265>
	pigment { color rgbt <0,1,1,0> }
	no_shadow
}
cylinder {
	<52.407089, 56.254551, 50.821793>,  <51.604282, 56.317684, 50.554710>, 0.130000
	pigment { color rgbt <1,0,0,0> }
	no_shadow
}

// nucleotide -1

// particle -1
sphere {
	<52.407089, 56.254551, 50.821793> 0.250000
	pigment { color rgbt <1,0,0,0> }
	no_shadow
}
cylinder {
	<52.321976, 56.538200, 50.552910>,  <52.270908, 56.708389, 50.391579>, 0.100000
	pigment { color rgbt <1,0,0,0> }
	no_shadow
}
cylinder {
	<52.321976, 56.538200, 50.552910>,  <52.407089, 56.254551, 50.821793>, 0.100000
	pigment { color rgbt <1,0,0,0> }
	no_shadow
}

// particle -1
sphere {
	<52.321976, 56.538200, 50.552910> 0.100000
	pigment { color rgbt <1,0,0,0> }
	no_shadow
}
sphere {
	0, 1
	scale<0.080000,0.200000,0.300000>
	matrix <0.221036, 0.705065, 0.673815,
		0.951770, -0.005207, -0.306767,
		-0.212782, 0.709124, -0.672211,
		52.258141, 56.750938, 50.351246>
	pigment { color rgbt <0,1,1,0> }
	no_shadow
}
cylinder {
	<53.006680, 56.722607, 50.728577>,  <52.407089, 56.254551, 50.821793>, 0.130000
	pigment { color rgbt <1,0,0,0> }
	no_shadow
}

// nucleotide -1

// particle -1
sphere {
	<53.006680, 56.722607, 50.728577> 0.250000
	pigment { color rgbt <1,0,0,0> }
	no_shadow
}
cylinder {
	<52.663254, 56.915295, 50.658360>,  <52.457199, 57.030907, 50.616230>, 0.100000
	pigment { color rgbt <1,0,0,0> }
	no_shadow
}
cylinder {
	<52.663254, 56.915295, 50.658360>,  <53.006680, 56.722607, 50.728577>, 0.100000
	pigment { color rgbt <1,0,0,0> }
	no_shadow
}

// particle -1
sphere {
	<52.663254, 56.915295, 50.658360> 0.100000
	pigment { color rgbt <1,0,0,0> }
	no_shadow
}
sphere {
	0, 1
	scale<0.080000,0.200000,0.300000>
	matrix <0.291540, 0.740334, 0.605731,
		0.421754, 0.468880, -0.776064,
		-0.858562, 0.481723, -0.175541,
		52.405685, 57.059811, 50.605698>
	pigment { color rgbt <0,1,1,0> }
	no_shadow
}
cylinder {
	<53.095562, 57.488403, 50.717297>,  <53.006680, 56.722607, 50.728577>, 0.130000
	pigment { color rgbt <1,0,0,0> }
	no_shadow
}

// nucleotide -1

// particle -1
sphere {
	<53.095562, 57.488403, 50.717297> 0.250000
	pigment { color rgbt <1,0,0,0> }
	no_shadow
}
cylinder {
	<53.450401, 57.576763, 50.879410>,  <53.663307, 57.629780, 50.976677>, 0.100000
	pigment { color rgbt <1,0,0,0> }
	no_shadow
}
cylinder {
	<53.450401, 57.576763, 50.879410>,  <53.095562, 57.488403, 50.717297>, 0.100000
	pigment { color rgbt <1,0,0,0> }
	no_shadow
}

// particle -1
sphere {
	<53.450401, 57.576763, 50.879410> 0.100000
	pigment { color rgbt <1,0,0,0> }
	no_shadow
}
sphere {
	0, 1
	scale<0.080000,0.200000,0.300000>
	matrix <0.170838, 0.658550, -0.732889,
		-0.428797, 0.719384, 0.546462,
