// switches for output
#declare DRAW_BASES = 1; // possible values are 0, 1; only relevant for DNA ribbons
#declare DRAW_BASES_TYPE = 3; // possible values are 1, 2, 3; only relevant for DNA ribbons
#declare DRAW_FOG = 0; // set to 1 to enable fog

#include "colors.inc"

#include "transforms.inc"
background { rgb <1, 1, 1>}

#default {
   normal{
       ripples 0.25
       frequency 0.20
       turbulence 0.2
       lambda 5
   }
	finish {
		phong 0.1
		phong_size 40.
	}
}

// original window dimensions: 1024x640


// camera settings

camera {
	sky <-0, 1, 0>
	up <-0, 1, 0>
	right 1.6 * <0.99995, 0, 0.00999983>
	location <54.4867, 55, 106.329>
	look_at <55, 55, 55.0001>
	direction <0.513302, 0, -51.3289>
	angle 67.0682
}


# declare cpy_camera_pos = <54.4867, 55, 106.329>;
# if (DRAW_FOG = 1)
fog {
	fog_type 2
	up vnormalize(cpy_camera_pos)
	color rgbt<1,1,1,0.3>
	distance 1e-5
	fog_alt 3e-3
	fog_offset 88
}
# end


// LIGHTS

# declare lum = 6;
global_settings {
	ambient_light rgb lum * <0.05, 0.05, 0.05>
	max_trace_level 15
}# declare cpy_direct_light_amount = 0.25;
light_source
{	1000 * <-0.98995, -1, 1.00995>,
	rgb lum * cpy_direct_light_amount
	parallel
}

light_source
{	1000 * <0.98995, 1, -1.00995>,
	rgb lum * cpy_direct_light_amount
	parallel
}

// strand 0

// nucleotide -1

// particle -1
sphere {
	<35.787170, 53.208294, 49.582111> 0.250000
	pigment { color rgbt <1,0,0,0> }
	no_shadow
}
cylinder {
	<36.120617, 53.429192, 49.586353>,  <36.320683, 53.561729, 49.588898>, 0.100000
	pigment { color rgbt <1,0,0,0> }
	no_shadow
}
cylinder {
	<36.120617, 53.429192, 49.586353>,  <35.787170, 53.208294, 49.582111>, 0.100000
	pigment { color rgbt <1,0,0,0> }
	no_shadow
}

// particle -1
sphere {
	<36.120617, 53.429192, 49.586353> 0.100000
	pigment { color rgbt <1,0,0,0> }
	no_shadow
}
sphere {
	0, 1
	scale<0.080000,0.200000,0.300000>
	matrix <0.369299, -0.571530, 0.732783,
		0.410739, -0.606941, -0.680379,
		0.833614, 0.552246, 0.010607,
		36.370701, 53.594864, 49.589535>
	pigment { color rgbt <0,1,1,0> }
	no_shadow
}
cylinder {
	<36.379429, 52.948120, 49.589542>,  <35.787170, 53.208294, 49.582111>, 0.130000
	pigment { color rgbt <1,0,0,0> }
	no_shadow
}

// nucleotide -1

// particle -1
sphere {
	<36.379429, 52.948120, 49.589542> 0.250000
	pigment { color rgbt <1,0,0,0> }
	no_shadow
}
cylinder {
	<36.540470, 53.270561, 49.763031>,  <36.637093, 53.464024, 49.867126>, 0.100000
	pigment { color rgbt <1,0,0,0> }
	no_shadow
}
cylinder {
	<36.540470, 53.270561, 49.763031>,  <36.379429, 52.948120, 49.589542>, 0.100000
	pigment { color rgbt <1,0,0,0> }
	no_shadow
}

// particle -1
sphere {
	<36.540470, 53.270561, 49.763031> 0.100000
	pigment { color rgbt <1,0,0,0> }
	no_shadow
}
sphere {
	0, 1
	scale<0.080000,0.200000,0.300000>
	matrix <0.607682, -0.589713, 0.531940,
		0.684570, 0.049408, -0.727270,
		0.402598, 0.806100, 0.433725,
		36.661251, 53.512390, 49.893147>
	pigment { color rgbt <0,1,1,0> }
	no_shadow
}
cylinder {
	<37.032703, 52.867474, 49.532578>,  <36.379429, 52.948120, 49.589542>, 0.130000
	pigment { color rgbt <1,0,0,0> }
	no_shadow
}

// nucleotide -1

// particle -1
sphere {
	<37.032703, 52.867474, 49.532578> 0.250000
	pigment { color rgbt <1,0,0,0> }
	no_shadow
}
cylinder {
	<36.959511, 53.096691, 49.852112>,  <36.915596, 53.234222, 50.043831>, 0.100000
	pigment { color rgbt <1,0,0,0> }
	no_shadow
}
cylinder {
	<36.959511, 53.096691, 49.852112>,  <37.032703, 52.867474, 49.532578>, 0.100000
	pigment { color rgbt <1,0,0,0> }
	no_shadow
}

// particle -1
sphere {
	<36.959511, 53.096691, 49.852112> 0.100000
	pigment { color rgbt <1,0,0,0> }
	no_shadow
}
sphere {
	0, 1
	scale<0.080000,0.200000,0.300000>
	matrix <0.615729, -0.566651, 0.547527,
		0.766418, 0.592050, -0.249157,
		-0.182978, 0.573048, 0.798834,
		36.904617, 53.268604, 50.091763>
	pigment { color rgbt <0,1,1,0> }
	no_shadow
}
cylinder {
	<37.661953, 53.349609, 49.789360>,  <37.032703, 52.867474, 49.532578>, 0.130000
	pigment { color rgbt <1,0,0,0> }
	no_shadow
}

// nucleotide -1

// particle -1
sphere {
	<37.661953, 53.349609, 49.789360> 0.250000
	pigment { color rgbt <1,0,0,0> }
	no_shadow
}
cylinder {
	<37.418232, 53.199139, 50.068573>,  <37.271999, 53.108856, 50.236099>, 0.100000
	pigment { color rgbt <1,0,0,0> }
	no_shadow
}
cylinder {
	<37.418232, 53.199139, 50.068573>,  <37.661953, 53.349609, 49.789360>, 0.100000
	pigment { color rgbt <1,0,0,0> }
	no_shadow
}

// particle -1
sphere {
	<37.418232, 53.199139, 50.068573> 0.100000
	pigment { color rgbt <1,0,0,0> }
	no_shadow
}
sphere {
	0, 1
	scale<0.080000,0.200000,0.300000>
	matrix <0.784573, -0.413542, 0.461983,
		0.114877, 0.829141, 0.547109,
		-0.609302, -0.376176, 0.698028,
		37.235443, 53.086285, 50.277981>
	pigment { color rgbt <0,1,1,0> }
	no_shadow
}
cylinder {
	<38.377598, 53.862267, 49.867237>,  <37.661953, 53.349609, 49.789360>, 0.130000
	pigment { color rgbt <1,0,0,0> }
	no_shadow
}

// nucleotide -1

// particle -1
sphere {
	<38.377598, 53.862267, 49.867237> 0.250000
	pigment { color rgbt <1,0,0,0> }
	no_shadow
}
cylinder {
	<38.757809, 53.765106, 49.789780>,  <38.985935, 53.706810, 49.743305>, 0.100000
	pigment { color rgbt <1,0,0,0> }
	no_shadow
}
cylinder {
	<38.757809, 53.765106, 49.789780>,  <38.377598, 53.862267, 49.867237>, 0.100000
	pigment { color rgbt <1,0,0,0> }
	no_shadow
}

// particle -1
sphere {
	<38.757809, 53.765106, 49.789780> 0.100000
	pigment { color rgbt <1,0,0,0> }
	no_shadow
}
sphere {
	0, 1
	scale<0.080000,0.200000,0.300000>
	matrix <0.125150, 0.869974, -0.476951,
		0.284314, 0.429121, 0.857333,
		0.950528, -0.242900, -0.193641,
		39.042969, 53.692238, 49.731686>
	pigment { color rgbt <0,1,1,0> }
	no_shadow
}
cylinder {
	<38.896084, 54.302193, 50.032940>,  <38.377598, 53.862267, 49.867237>, 0.130000
	pigment { color rgbt <1,0,0,0> }
	no_shadow
}

// nucleotide -1

// particle -1
sphere {
	<38.896084, 54.302193, 50.032940> 0.250000
	pigment { color rgbt <1,0,0,0> }
	no_shadow
}
cylinder {
	<39.009319, 54.111122, 49.700272>,  <39.077263, 53.996479, 49.500671>, 0.100000
	pigment { color rgbt <1,0,0,0> }
	no_shadow
}
cylinder {
	<39.009319, 54.111122, 49.700272>,  <38.896084, 54.302193, 50.032940>, 0.100000
	pigment { color rgbt <1,0,0,0> }
	no_shadow
}

// particle -1
sphere {
	<39.009319, 54.111122, 49.700272> 0.100000
	pigment { color rgbt <1,0,0,0> }
	no_shadow
}
sphere {
	0, 1
	scale<0.080000,0.200000,0.300000>
	matrix <0.165537, 0.878468, -0.448209,
		0.944699, -0.010789, 0.327761,
		0.283092, -0.477679, -0.831674,
		39.094246, 53.967819, 49.450768>
	pigment { color rgbt <0,1,1,0> }
	no_shadow
}
cylinder {
	<39.554382, 54.614288, 49.818024>,  <38.896084, 54.302193, 50.032940>, 0.130000
	pigment { color rgbt <1,0,0,0> }
	no_shadow
}

// nucleotide -1

// particle -1
sphere {
	<39.554382, 54.614288, 49.818024> 0.250000
	pigment { color rgbt <1,0,0,0> }
	no_shadow
}
cylinder {
	<39.343678, 54.451508, 49.519516>,  <39.217255, 54.353840, 49.340412>, 0.100000
	pigment { color rgbt <1,0,0,0> }
	no_shadow
}
cylinder {
	<39.343678, 54.451508, 49.519516>,  <39.554382, 54.614288, 49.818024>, 0.100000
	pigment { color rgbt <1,0,0,0> }
	no_shadow
}

// particle -1
sphere {
	<39.343678, 54.451508, 49.519516> 0.100000
	pigment { color rgbt <1,0,0,0> }
	no_shadow
}
sphere {
	0, 1
	scale<0.080000,0.200000,0.300000>
	matrix <-0.114667, 0.903941, -0.411998,
		0.842244, -0.131452, -0.522824,
		-0.526760, -0.406954, -0.746265,
		39.185650, 54.329422, 49.295635>
	pigment { color rgbt <0,1,1,0> }
	no_shadow
}
cylinder {
	<40.276562, 54.714550, 49.722660>,  <39.554382, 54.614288, 49.818024>, 0.130000
	pigment { color rgbt <1,0,0,0> }
	no_shadow
}

// nucleotide -1

// particle -1
sphere {
	<40.276562, 54.714550, 49.722660> 0.250000
	pigment { color rgbt <1,0,0,0> }
	no_shadow
}
cylinder {
	<40.098377, 55.010696, 49.521294>,  <39.991467, 55.188385, 49.400475>, 0.100000
	pigment { color rgbt <1,0,0,0> }
	no_shadow
}
cylinder {
	<40.098377, 55.010696, 49.521294>,  <40.276562, 54.714550, 49.722660>, 0.100000
	pigment { color rgbt <1,0,0,0> }
	no_shadow
}

// particle -1
sphere {
	<40.098377, 55.010696, 49.521294> 0.100000
	pigment { color rgbt <1,0,0,0> }
	no_shadow
}
sphere {
	0, 1
	scale<0.080000,0.200000,0.300000>
	matrix <-0.714381, 0.044988, 0.698309,
		0.539649, 0.670701, 0.508861,
		-0.445464, 0.740363, -0.503414,
		39.964737, 55.232803, 49.370270>
	pigment { color rgbt <0,1,1,0> }
	no_shadow
}
cylinder {
	<40.434082, 55.409683, 49.859417>,  <40.276562, 54.714550, 49.722660>, 0.130000
	pigment { color rgbt <1,0,0,0> }
	no_shadow
}

// nucleotide -1

// particle -1
sphere {
	<40.434082, 55.409683, 49.859417> 0.250000
	pigment { color rgbt <1,0,0,0> }
	no_shadow
}
cylinder {
	<40.487309, 55.805622, 49.879414>,  <40.519245, 56.043186, 49.891411>, 0.100000
	pigment { color rgbt <1,0,0,0> }
	no_shadow
}
cylinder {
	<40.487309, 55.805622, 49.879414>,  <40.434082, 55.409683, 49.859417>, 0.100000
	pigment { color rgbt <1,0,0,0> }
	no_shadow
}

// particle -1
sphere {
	<40.487309, 55.805622, 49.879414> 0.100000
	pigment { color rgbt <1,0,0,0> }
	no_shadow
}
sphere {
	0, 1
	scale<0.080000,0.200000,0.300000>
	matrix <0.844560, -0.139646, 0.516930,
		0.518662, -0.026567, -0.854567,
		0.133071, 0.989845, 0.049992,
		40.527229, 56.102577, 49.894413>
	pigment { color rgbt <0,1,1,0> }
	no_shadow
}
cylinder {
	<41.041393, 54.799408, 49.680264>,  <40.434082, 55.409683, 49.859417>, 0.130000
	pigment { color rgbt <1,0,0,0> }
	no_shadow
}

// nucleotide -1

// particle -1
sphere {
	<41.041393, 54.799408, 49.680264> 0.250000
	pigment { color rgbt <1,0,0,0> }
	no_shadow
}
cylinder {
	<41.333492, 54.654285, 49.911819>,  <41.508751, 54.567211, 50.050755>, 0.100000
	pigment { color rgbt <1,0,0,0> }
	no_shadow
}
cylinder {
	<41.333492, 54.654285, 49.911819>,  <41.041393, 54.799408, 49.680264>, 0.100000
	pigment { color rgbt <1,0,0,0> }
	no_shadow
}

// particle -1
sphere {
	<41.333492, 54.654285, 49.911819> 0.100000
	pigment { color rgbt <1,0,0,0> }
	no_shadow
}
sphere {
	0, 1
	scale<0.080000,0.200000,0.300000>
	matrix <-0.050235, 0.816531, 0.575112,
		-0.681337, -0.449052, 0.578041,
		0.730244, -0.362807, 0.578891,
		41.552567, 54.545444, 50.085487>
	pigment { color rgbt <0,1,1,0> }
	no_shadow
}
cylinder {
	<41.051689, 54.020737, 49.387390>,  <41.041393, 54.799408, 49.680264>, 0.130000
	pigment { color rgbt <1,0,0,0> }
	no_shadow
}

// nucleotide -1

// particle -1
sphere {
	<41.051689, 54.020737, 49.387390> 0.250000
	pigment { color rgbt <1,0,0,0> }
	no_shadow
}
cylinder {
	<40.988609, 53.844456, 49.033913>,  <40.950764, 53.738689, 48.821827>, 0.100000
	pigment { color rgbt <1,0,0,0> }
	no_shadow
}
cylinder {
	<40.988609, 53.844456, 49.033913>,  <41.051689, 54.020737, 49.387390>, 0.100000
	pigment { color rgbt <1,0,0,0> }
	no_shadow
}

// particle -1
sphere {
	<40.988609, 53.844456, 49.033913> 0.100000
	pigment { color rgbt <1,0,0,0> }
	no_shadow
}
sphere {
	0, 1
	scale<0.080000,0.200000,0.300000>
	matrix <0.920573, 0.258204, -0.293046,
		0.357318, -0.859718, 0.364978,
		-0.157698, -0.440700, -0.883694,
		40.941299, 53.712246, 48.768803>
	pigment { color rgbt <0,1,1,0> }
	no_shadow
}
cylinder {
	<41.609100, 53.486671, 49.299812>,  <41.051689, 54.020737, 49.387390>, 0.130000
	pigment { color rgbt <1,0,0,0> }
	no_shadow
}

// nucleotide -1

// particle -1
sphere {
	<41.609100, 53.486671, 49.299812> 0.250000
	pigment { color rgbt <1,0,0,0> }
	no_shadow
}
cylinder {
	<41.468826, 53.639709, 48.957901>,  <41.384663, 53.731533, 48.752754>, 0.100000
	pigment { color rgbt <1,0,0,0> }
	no_shadow
}
cylinder {
	<41.468826, 53.639709, 48.957901>,  <41.609100, 53.486671, 49.299812>, 0.100000
	pigment { color rgbt <1,0,0,0> }
	no_shadow
}

// particle -1
sphere {
	<41.468826, 53.639709, 48.957901> 0.100000
	pigment { color rgbt <1,0,0,0> }
	no_shadow
}
sphere {
	0, 1
	scale<0.080000,0.200000,0.300000>
	matrix <0.936091, 0.169925, -0.307993,
		0.027412, -0.908157, -0.417732,
		-0.350689, 0.382592, -0.854775,
		41.363621, 53.754486, 48.701469>
	pigment { color rgbt <0,1,1,0> }
	no_shadow
}
cylinder {
	<42.262501, 53.832703, 49.660690>,  <41.609100, 53.486671, 49.299812>, 0.130000
	pigment { color rgbt <1,0,0,0> }
	no_shadow
}

// nucleotide -1

// particle -1
sphere {
	<42.262501, 53.832703, 49.660690> 0.250000
	pigment { color rgbt <1,0,0,0> }
	no_shadow
}
cylinder {
	<42.647934, 53.934456, 49.627724>,  <42.879196, 53.995506, 49.607944>, 0.100000
	pigment { color rgbt <1,0,0,0> }
	no_shadow
}
cylinder {
	<42.647934, 53.934456, 49.627724>,  <42.262501, 53.832703, 49.660690>, 0.100000
	pigment { color rgbt <1,0,0,0> }
	no_shadow
}

// particle -1
sphere {
	<42.647934, 53.934456, 49.627724> 0.100000
	pigment { color rgbt <1,0,0,0> }
	no_shadow
}
sphere {
	0, 1
	scale<0.080000,0.200000,0.300000>
	matrix <-0.235060, 0.952746, 0.192411,
		0.127465, -0.166032, 0.977848,
		0.963587, 0.254379, -0.082414,
		42.937012, 54.010769, 49.603001>
	pigment { color rgbt <0,1,1,0> }
	no_shadow
}
cylinder {
	<42.583824, 54.141258, 50.319519>,  <42.262501, 53.832703, 49.660690>, 0.130000
	pigment { color rgbt <1,0,0,0> }
	no_shadow
}

// nucleotide -1

// particle -1
sphere {
	<42.583824, 54.141258, 50.319519> 0.250000
	pigment { color rgbt <1,0,0,0> }
	no_shadow
}
cylinder {
	<42.692120, 54.272766, 49.957611>,  <42.757095, 54.351669, 49.740467>, 0.100000
	pigment { color rgbt <1,0,0,0> }
	no_shadow
}
cylinder {
	<42.692120, 54.272766, 49.957611>,  <42.583824, 54.141258, 50.319519>, 0.100000
	pigment { color rgbt <1,0,0,0> }
	no_shadow
}

// particle -1
sphere {
	<42.692120, 54.272766, 49.957611> 0.100000
	pigment { color rgbt <1,0,0,0> }
	no_shadow
}
sphere {
	0, 1
	scale<0.080000,0.200000,0.300000>
	matrix <-0.402981, 0.892265, 0.203639,
		0.874246, 0.309473, 0.374058,
		0.270738, 0.328769, -0.904772,
		42.773342, 54.371395, 49.686180>
	pigment { color rgbt <0,1,1,0> }
	no_shadow
}
cylinder {
	<42.745522, 53.425404, 50.502350>,  <42.583824, 54.141258, 50.319519>, 0.130000
	pigment { color rgbt <1,0,0,0> }
	no_shadow
}

// nucleotide -1

// particle -1
sphere {
	<42.745522, 53.425404, 50.502350> 0.250000
	pigment { color rgbt <1,0,0,0> }
	no_shadow
}
cylinder {
	<43.095875, 53.452774, 50.311291>,  <43.306087, 53.469196, 50.196655>, 0.100000
	pigment { color rgbt <1,0,0,0> }
	no_shadow
}
cylinder {
	<43.095875, 53.452774, 50.311291>,  <42.745522, 53.425404, 50.502350>, 0.100000
	pigment { color rgbt <1,0,0,0> }
	no_shadow
}

// particle -1
sphere {
	<43.095875, 53.452774, 50.311291> 0.100000
	pigment { color rgbt <1,0,0,0> }
	no_shadow
}
sphere {
	0, 1
	scale<0.080000,0.200000,0.300000>
	matrix <0.481982, -0.077098, 0.872783,
		0.022900, -0.994672, -0.100512,
		0.875882, 0.068432, -0.477648,
		43.358639, 53.473305, 50.167995>
	pigment { color rgbt <0,1,1,0> }
	no_shadow
}
cylinder {
	<43.324398, 52.888618, 50.740742>,  <42.745522, 53.425404, 50.502350>, 0.130000
	pigment { color rgbt <1,0,0,0> }
	no_shadow
}

// nucleotide -1

// particle -1
sphere {
	<43.324398, 52.888618, 50.740742> 0.250000
	pigment { color rgbt <1,0,0,0> }
	no_shadow
}
cylinder {
	<43.472000, 53.238644, 50.615463>,  <43.560562, 53.448658, 50.540298>, 0.100000
	pigment { color rgbt <1,0,0,0> }
	no_shadow
}
cylinder {
	<43.472000, 53.238644, 50.615463>,  <43.324398, 52.888618, 50.740742>, 0.100000
	pigment { color rgbt <1,0,0,0> }
	no_shadow
}

// particle -1
sphere {
	<43.472000, 53.238644, 50.615463> 0.100000
	pigment { color rgbt <1,0,0,0> }
	no_shadow
}
sphere {
	0, 1
	scale<0.080000,0.200000,0.300000>
	matrix <0.634175, 0.009285, 0.773134,
		0.679452, -0.483913, -0.551519,
		0.369009, 0.875067, -0.313194,
		43.582703, 53.501163, 50.521503>
	pigment { color rgbt <0,1,1,0> }
	no_shadow
}
cylinder {
	<44.082726, 52.888992, 50.847549>,  <43.324398, 52.888618, 50.740742>, 0.130000
	pigment { color rgbt <1,0,0,0> }
	no_shadow
}

// nucleotide -1

// particle -1
sphere {
	<44.082726, 52.888992, 50.847549> 0.250000
	pigment { color rgbt <1,0,0,0> }
	no_shadow
}
cylinder {
	<43.986259, 53.271236, 50.779846>,  <43.928379, 53.500584, 50.739223>, 0.100000
	pigment { color rgbt <1,0,0,0> }
	no_shadow
}
cylinder {
	<43.986259, 53.271236, 50.779846>,  <44.082726, 52.888992, 50.847549>, 0.100000
	pigment { color rgbt <1,0,0,0> }
	no_shadow
}

// particle -1
sphere {
	<43.986259, 53.271236, 50.779846> 0.100000
	pigment { color rgbt <1,0,0,0> }
	no_shadow
}
sphere {
	0, 1
	scale<0.080000,0.200000,0.300000>
	matrix <0.532005, 0.276045, 0.800481,
		0.811669, 0.103006, -0.574963,
		-0.241170, 0.955609, -0.169257,
		43.913910, 53.557919, 50.729069>
	pigment { color rgbt <0,1,1,0> }
	no_shadow
}
cylinder {
	<44.700417, 53.028244, 50.645351>,  <44.082726, 52.888992, 50.847549>, 0.130000
	pigment { color rgbt <1,0,0,0> }
	no_shadow
}

// nucleotide -1

// particle -1
sphere {
	<44.700417, 53.028244, 50.645351> 0.250000
	pigment { color rgbt <1,0,0,0> }
	no_shadow
}
cylinder {
	<44.570278, 53.191227, 50.304031>,  <44.492195, 53.289017, 50.099239>, 0.100000
	pigment { color rgbt <1,0,0,0> }
	no_shadow
}
cylinder {
	<44.570278, 53.191227, 50.304031>,  <44.700417, 53.028244, 50.645351>, 0.100000
	pigment { color rgbt <1,0,0,0> }
	no_shadow
}

// particle -1
sphere {
	<44.570278, 53.191227, 50.304031> 0.100000
	pigment { color rgbt <1,0,0,0> }
	no_shadow
}
sphere {
	0, 1
	scale<0.080000,0.200000,0.300000>
	matrix <0.833880, 0.549124, -0.055729,
		0.445861, -0.729683, -0.518430,
		-0.325347, 0.407461, -0.853302,
		44.472675, 53.313465, 50.048042>
	pigment { color rgbt <0,1,1,0> }
	no_shadow
}
cylinder {
	<45.127964, 52.828724, 50.014858>,  <44.700417, 53.028244, 50.645351>, 0.130000
	pigment { color rgbt <1,0,0,0> }
	no_shadow
}

// nucleotide -1

// particle -1
sphere {
	<45.127964, 52.828724, 50.014858> 0.250000
	pigment { color rgbt <1,0,0,0> }
	no_shadow
}
cylinder {
	<44.986710, 53.202770, 50.003242>,  <44.901955, 53.427200, 49.996273>, 0.100000
	pigment { color rgbt <1,0,0,0> }
	no_shadow
}
cylinder {
	<44.986710, 53.202770, 50.003242>,  <45.127964, 52.828724, 50.014858>, 0.100000
	pigment { color rgbt <1,0,0,0> }
	no_shadow
}

// particle -1
sphere {
	<44.986710, 53.202770, 50.003242> 0.100000
	pigment { color rgbt <1,0,0,0> }
	no_shadow
}
sphere {
	0, 1
	scale<0.080000,0.200000,0.300000>
	matrix <0.933298, 0.349951, -0.080556,
		-0.065168, -0.055550, -0.996327,
		-0.353140, 0.935120, -0.029039,
		44.880768, 53.483307, 49.994530>
	pigment { color rgbt <0,1,1,0> }
	no_shadow
}
cylinder {
	<45.459545, 53.128315, 49.482185>,  <45.127964, 52.828724, 50.014858>, 0.130000
	pigment { color rgbt <1,0,0,0> }
	no_shadow
}

// nucleotide -1

// particle -1
sphere {
	<45.459545, 53.128315, 49.482185> 0.250000
	pigment { color rgbt <1,0,0,0> }
	no_shadow
}
cylinder {
	<45.333313, 53.412308, 49.734005>,  <45.257572, 53.582703, 49.885098>, 0.100000
	pigment { color rgbt <1,0,0,0> }
	no_shadow
}
cylinder {
	<45.333313, 53.412308, 49.734005>,  <45.459545, 53.128315, 49.482185>, 0.100000
	pigment { color rgbt <1,0,0,0> }
	no_shadow
}

// particle -1
sphere {
	<45.333313, 53.412308, 49.734005> 0.100000
	pigment { color rgbt <1,0,0,0> }
	no_shadow
}
sphere {
	0, 1
	scale<0.080000,0.200000,0.300000>
	matrix <0.912309, 0.409477, -0.004475,
		-0.260963, 0.572930, -0.776949,
		-0.315579, 0.709985, 0.629548,
		45.238640, 53.625305, 49.922871>
	pigment { color rgbt <0,1,1,0> }
	no_shadow
}
cylinder {
	<45.567654, 53.868416, 49.340443>,  <45.459545, 53.128315, 49.482185>, 0.130000
	pigment { color rgbt <1,0,0,0> }
	no_shadow
}

// nucleotide -1

// particle -1
sphere {
	<45.567654, 53.868416, 49.340443> 0.250000
	pigment { color rgbt <1,0,0,0> }
	no_shadow
}
cylinder {
	<45.566124, 53.797447, 49.734093>,  <45.565208, 53.754868, 49.970284>, 0.100000
	pigment { color rgbt <1,0,0,0> }
	no_shadow
}
cylinder {
	<45.566124, 53.797447, 49.734093>,  <45.567654, 53.868416, 49.340443>, 0.100000
	pigment { color rgbt <1,0,0,0> }
	no_shadow
}

// particle -1
sphere {
	<45.566124, 53.797447, 49.734093> 0.100000
	pigment { color rgbt <1,0,0,0> }
	no_shadow
}
sphere {
	0, 1
	scale<0.080000,0.200000,0.300000>
	matrix <0.930784, 0.359122, 0.068356,
		-0.365550, 0.916272, 0.163765,
		-0.003821, -0.177418, 0.984128,
		45.564976, 53.744221, 50.029331>
	pigment { color rgbt <0,1,1,0> }
	no_shadow
}
cylinder {
	<45.688061, 54.552681, 49.781292>,  <45.567654, 53.868416, 49.340443>, 0.130000
	pigment { color rgbt <1,0,0,0> }
	no_shadow
}

// nucleotide -1

// particle -1
sphere {
	<45.688061, 54.552681, 49.781292> 0.250000
	pigment { color rgbt <1,0,0,0> }
	no_shadow
}
cylinder {
	<45.824371, 54.223076, 49.962341>,  <45.906158, 54.025311, 50.070972>, 0.100000
	pigment { color rgbt <1,0,0,0> }
	no_shadow
}
cylinder {
	<45.824371, 54.223076, 49.962341>,  <45.688061, 54.552681, 49.781292>, 0.100000
	pigment { color rgbt <1,0,0,0> }
	no_shadow
}

// particle -1
sphere {
	<45.824371, 54.223076, 49.962341> 0.100000
	pigment { color rgbt <1,0,0,0> }
	no_shadow
}
sphere {
	0, 1
	scale<0.080000,0.200000,0.300000>
	matrix <0.933047, 0.355472, -0.055337,
		-0.115297, 0.441177, 0.889983,
		0.340777, -0.824016, 0.452624,
		45.926605, 53.975872, 50.098129>
	pigment { color rgbt <0,1,1,0> }
	no_shadow
}
cylinder {
	<46.142979, 54.731129, 50.392311>,  <45.688061, 54.552681, 49.781292>, 0.130000
	pigment { color rgbt <1,0,0,0> }
	no_shadow
}

// nucleotide -1

// particle -1
sphere {
	<46.142979, 54.731129, 50.392311> 0.250000
	pigment { color rgbt <1,0,0,0> }
	no_shadow
}
cylinder {
	<46.219505, 54.360878, 50.261703>,  <46.265423, 54.138729, 50.183338>, 0.100000
	pigment { color rgbt <1,0,0,0> }
	no_shadow
}
cylinder {
	<46.219505, 54.360878, 50.261703>,  <46.142979, 54.731129, 50.392311>, 0.100000
	pigment { color rgbt <1,0,0,0> }
	no_shadow
}

// particle -1
sphere {
	<46.219505, 54.360878, 50.261703> 0.100000
	pigment { color rgbt <1,0,0,0> }
	no_shadow
}
sphere {
	0, 1
	scale<0.080000,0.200000,0.300000>
	matrix <0.971815, 0.131953, 0.195358,
		-0.137743, -0.354694, 0.924780,
		0.191319, -0.925624, -0.326522,
		46.276901, 54.083191, 50.163746>
	pigment { color rgbt <0,1,1,0> }
	no_shadow
}
cylinder {
	<46.521732, 54.141235, 50.816856>,  <46.142979, 54.731129, 50.392311>, 0.130000
	pigment { color rgbt <1,0,0,0> }
	no_shadow
}

// nucleotide -1

// particle -1
sphere {
	<46.521732, 54.141235, 50.816856> 0.250000
	pigment { color rgbt <1,0,0,0> }
	no_shadow
}
cylinder {
	<46.643692, 54.089893, 50.439377>,  <46.716866, 54.059090, 50.212891>, 0.100000
	pigment { color rgbt <1,0,0,0> }
	no_shadow
}
cylinder {
	<46.643692, 54.089893, 50.439377>,  <46.521732, 54.141235, 50.816856>, 0.100000
	pigment { color rgbt <1,0,0,0> }
	no_shadow
}

// particle -1
sphere {
	<46.643692, 54.089893, 50.439377> 0.100000
	pigment { color rgbt <1,0,0,0> }
	no_shadow
}
sphere {
	0, 1
	scale<0.080000,0.200000,0.300000>
	matrix <0.950138, 0.109024, 0.292150,
		0.065388, -0.985718, 0.155192,
		0.304897, -0.128350, -0.943697,
		46.735161, 54.051388, 50.156269>
	pigment { color rgbt <0,1,1,0> }
	no_shadow
}
cylinder {
	<47.020615, 53.590076, 50.719009>,  <46.521732, 54.141235, 50.816856>, 0.130000
	pigment { color rgbt <1,0,0,0> }
	no_shadow
}

// nucleotide -1

// particle -1
sphere {
	<47.020615, 53.590076, 50.719009> 0.250000
	pigment { color rgbt <1,0,0,0> }
	no_shadow
}
cylinder {
	<47.097023, 53.867199, 50.440865>,  <47.142868, 54.033474, 50.273979>, 0.100000
	pigment { color rgbt <1,0,0,0> }
	no_shadow
}
cylinder {
	<47.097023, 53.867199, 50.440865>,  <47.020615, 53.590076, 50.719009>, 0.100000
	pigment { color rgbt <1,0,0,0> }
	no_shadow
}

// particle -1
sphere {
	<47.097023, 53.867199, 50.440865> 0.100000
	pigment { color rgbt <1,0,0,0> }
	no_shadow
}
sphere {
	0, 1
	scale<0.080000,0.200000,0.300000>
	matrix <0.970037, -0.024886, 0.241678,
		0.150132, -0.720693, -0.676803,
		0.191019, 0.692807, -0.695363,
		47.154327, 54.075043, 50.232254>
	pigment { color rgbt <0,1,1,0> }
	no_shadow
}
cylinder {
	<47.654236, 53.426517, 50.493439>,  <47.020615, 53.590076, 50.719009>, 0.130000
	pigment { color rgbt <1,0,0,0> }
	no_shadow
}

// nucleotide -1

// particle -1
sphere {
	<47.654236, 53.426517, 50.493439> 0.250000
	pigment { color rgbt <1,0,0,0> }
	no_shadow
}
cylinder {
	<47.621960, 53.814621, 50.402145>,  <47.602596, 54.047482, 50.347370>, 0.100000
	pigment { color rgbt <1,0,0,0> }
	no_shadow
}
cylinder {
	<47.621960, 53.814621, 50.402145>,  <47.654236, 53.426517, 50.493439>, 0.100000
	pigment { color rgbt <1,0,0,0> }
	no_shadow
}

// particle -1
sphere {
	<47.621960, 53.814621, 50.402145> 0.100000
	pigment { color rgbt <1,0,0,0> }
	no_shadow
}
sphere {
	0, 1
	scale<0.080000,0.200000,0.300000>
	matrix <0.854445, 0.185236, 0.485399,
		0.513239, -0.155846, -0.843978,
		-0.080687, 0.970258, -0.228232,
		47.597752, 54.105698, 50.333675>
	pigment { color rgbt <0,1,1,0> }
	no_shadow
}
cylinder {
	<48.332039, 53.504700, 50.283657>,  <47.654236, 53.426517, 50.493439>, 0.130000
	pigment { color rgbt <1,0,0,0> }
	no_shadow
}

// nucleotide -1

// particle -1
sphere {
	<48.332039, 53.504700, 50.283657> 0.250000
	pigment { color rgbt <1,0,0,0> }
	no_shadow
}
cylinder {
	<48.172035, 53.860172, 50.373314>,  <48.076031, 54.073456, 50.427109>, 0.100000
	pigment { color rgbt <1,0,0,0> }
	no_shadow
}
cylinder {
	<48.172035, 53.860172, 50.373314>,  <48.332039, 53.504700, 50.283657>, 0.100000
	pigment { color rgbt <1,0,0,0> }
	no_shadow
}

// particle -1
sphere {
	<48.172035, 53.860172, 50.373314> 0.100000
	pigment { color rgbt <1,0,0,0> }
	no_shadow
}
sphere {
	0, 1
	scale<0.080000,0.200000,0.300000>
	matrix <0.893175, 0.323156, 0.312745,
		0.205495, 0.325304, -0.923011,
		-0.400013, 0.888677, 0.224147,
		48.052032, 54.126774, 50.440559>
	pigment { color rgbt <0,1,1,0> }
	no_shadow
}
cylinder {
	<48.737946, 53.934448, 49.919189>,  <48.332039, 53.504700, 50.283657>, 0.130000
	pigment { color rgbt <1,0,0,0> }
	no_shadow
}

// nucleotide -1

// particle -1
sphere {
	<48.737946, 53.934448, 49.919189> 0.250000
	pigment { color rgbt <1,0,0,0> }
	no_shadow
}
cylinder {
	<48.596455, 54.142715, 50.230003>,  <48.511559, 54.267673, 50.416492>, 0.100000
	pigment { color rgbt <1,0,0,0> }
	no_shadow
}
cylinder {
	<48.596455, 54.142715, 50.230003>,  <48.737946, 53.934448, 49.919189>, 0.100000
	pigment { color rgbt <1,0,0,0> }
	no_shadow
}

// particle -1
sphere {
	<48.596455, 54.142715, 50.230003> 0.100000
	pigment { color rgbt <1,0,0,0> }
	no_shadow
}
sphere {
	0, 1
	scale<0.080000,0.200000,0.300000>
	matrix <0.932324, 0.263016, 0.248181,
		-0.075154, 0.812238, -0.578465,
		-0.353727, 0.520665, 0.777036,
		48.490337, 54.298916, 50.463116>
	pigment { color rgbt <0,1,1,0> }
	no_shadow
}
cylinder {
	<49.029106, 54.591476, 49.838406>,  <48.737946, 53.934448, 49.919189>, 0.130000
	pigment { color rgbt <1,0,0,0> }
	no_shadow
}

// nucleotide -1

// particle -1
sphere {
	<49.029106, 54.591476, 49.838406> 0.250000
	pigment { color rgbt <1,0,0,0> }
	no_shadow
}
cylinder {
	<48.958000, 54.482750, 50.216721>,  <48.915337, 54.417515, 50.443710>, 0.100000
	pigment { color rgbt <1,0,0,0> }
	no_shadow
}
cylinder {
	<48.958000, 54.482750, 50.216721>,  <49.029106, 54.591476, 49.838406>, 0.100000
	pigment { color rgbt <1,0,0,0> }
	no_shadow
}

// particle -1
sphere {
	<48.958000, 54.482750, 50.216721> 0.100000
	pigment { color rgbt <1,0,0,0> }
	no_shadow
}
sphere {
	0, 1
	scale<0.080000,0.200000,0.300000>
	matrix <0.939823, 0.238067, 0.245066,
		-0.291774, 0.932438, 0.213137,
		-0.177768, -0.271815, 0.945788,
		48.904671, 54.401207, 50.500458>
	pigment { color rgbt <0,1,1,0> }
	no_shadow
}
cylinder {
	<49.421642, 54.885838, 50.303020>,  <49.029106, 54.591476, 49.838406>, 0.130000
	pigment { color rgbt <1,0,0,0> }
	no_shadow
}

// nucleotide -1

// particle -1
sphere {
	<49.421642, 54.885838, 50.303020> 0.250000
	pigment { color rgbt <1,0,0,0> }
	no_shadow
}
cylinder {
	<49.365250, 54.552322, 50.516533>,  <49.331413, 54.352211, 50.644638>, 0.100000
	pigment { color rgbt <1,0,0,0> }
	no_shadow
}
cylinder {
	<49.365250, 54.552322, 50.516533>,  <49.421642, 54.885838, 50.303020>, 0.100000
	pigment { color rgbt <1,0,0,0> }
	no_shadow
}

// particle -1
sphere {
	<49.365250, 54.552322, 50.516533> 0.100000
	pigment { color rgbt <1,0,0,0> }
	no_shadow
}
sphere {
	0, 1
	scale<0.080000,0.200000,0.300000>
	matrix <0.966492, 0.000917, 0.256694,
		-0.214519, 0.552081, 0.805722,
		-0.140977, -0.833790, 0.533779,
		49.322956, 54.302185, 50.676666>
	pigment { color rgbt <0,1,1,0> }
	no_shadow
}
cylinder {
	<49.627354, 55.013531, 50.974209>,  <49.421642, 54.885838, 50.303020>, 0.130000
	pigment { color rgbt <1,0,0,0> }
	no_shadow
}

// nucleotide -1

// particle -1
sphere {
	<49.627354, 55.013531, 50.974209> 0.250000
	pigment { color rgbt <1,0,0,0> }
	no_shadow
}
cylinder {
	<49.639786, 54.621845, 50.894035>,  <49.647243, 54.386833, 50.845932>, 0.100000
	pigment { color rgbt <1,0,0,0> }
	no_shadow
}
cylinder {
	<49.639786, 54.621845, 50.894035>,  <49.627354, 55.013531, 50.974209>, 0.100000
	pigment { color rgbt <1,0,0,0> }
	no_shadow
}

// particle -1
sphere {
	<49.639786, 54.621845, 50.894035> 0.100000
	pigment { color rgbt <1,0,0,0> }
	no_shadow
}
sphere {
	0, 1
	scale<0.080000,0.200000,0.300000>
	matrix <0.953987, -0.030772, 0.298267,
		-0.298235, -0.200478, 0.933201,
		0.031079, -0.979215, -0.200431,
		49.649109, 54.328079, 50.833904>
	pigment { color rgbt <0,1,1,0> }
	no_shadow
}
cylinder {
	<49.819736, 54.739475, 51.586636>,  <49.627354, 55.013531, 50.974209>, 0.130000
	pigment { color rgbt <1,0,0,0> }
	no_shadow
}

// nucleotide -1

// particle -1
sphere {
	<49.819736, 54.739475, 51.586636> 0.250000
	pigment { color rgbt <1,0,0,0> }
	no_shadow
}
cylinder {
	<49.934399, 54.529163, 51.266289>,  <50.003197, 54.402977, 51.074081>, 0.100000
	pigment { color rgbt <1,0,0,0> }
	no_shadow
}
cylinder {
	<49.934399, 54.529163, 51.266289>,  <49.819736, 54.739475, 51.586636>, 0.100000
	pigment { color rgbt <1,0,0,0> }
	no_shadow
}

// particle -1
sphere {
	<49.934399, 54.529163, 51.266289> 0.100000
	pigment { color rgbt <1,0,0,0> }
	no_shadow
}
sphere {
	0, 1
	scale<0.080000,0.200000,0.300000>
	matrix <0.933936, -0.032957, 0.355917,
		-0.213528, -0.849982, 0.481598,
		0.286651, -0.525780, -0.800866,
		50.020393, 54.371429, 51.026028>
	pigment { color rgbt <0,1,1,0> }
	no_shadow
}
cylinder {
	<49.877792, 55.531136, 51.764648>,  <49.819736, 54.739475, 51.586636>, 0.130000
	pigment { color rgbt <1,0,0,0> }
	no_shadow
}

// nucleotide -1

// particle -1
sphere {
	<49.877792, 55.531136, 51.764648> 0.250000
	pigment { color rgbt <1,0,0,0> }
	no_shadow
}
cylinder {
	<49.505951, 55.395878, 51.706009>,  <49.282845, 55.314724, 51.670826>, 0.100000
	pigment { color rgbt <1,0,0,0> }
	no_shadow
}
cylinder {
	<49.505951, 55.395878, 51.706009>,  <49.877792, 55.531136, 51.764648>, 0.100000
	pigment { color rgbt <1,0,0,0> }
	no_shadow
}

// particle -1
sphere {
	<49.505951, 55.395878, 51.706009> 0.100000
	pigment { color rgbt <1,0,0,0> }
	no_shadow
}
sphere {
	0, 1
	scale<0.080000,0.200000,0.300000>
	matrix <0.177565, -0.759474, 0.625836,
		-0.322962, 0.555749, 0.766054,
		-0.929605, -0.338146, -0.146599,
		49.227070, 55.294434, 51.662029>
	pigment { color rgbt <0,1,1,0> }
	no_shadow
}
cylinder {
	<49.470463, 55.660507, 52.340679>,  <49.877792, 55.531136, 51.764648>, 0.130000
	pigment { color rgbt <1,0,0,0> }
	no_shadow
}

// nucleotide -1

// particle -1
sphere {
	<49.470463, 55.660507, 52.340679> 0.250000
	pigment { color rgbt <1,0,0,0> }
	no_shadow
}
cylinder {
	<49.391537, 55.342358, 52.111435>,  <49.344181, 55.151470, 51.973888>, 0.100000
	pigment { color rgbt <1,0,0,0> }
	no_shadow
}
cylinder {
	<49.391537, 55.342358, 52.111435>,  <49.470463, 55.660507, 52.340679>, 0.100000
	pigment { color rgbt <1,0,0,0> }
	no_shadow
}

// particle -1
sphere {
	<49.391537, 55.342358, 52.111435> 0.100000
	pigment { color rgbt <1,0,0,0> }
	no_shadow
}
sphere {
	0, 1
	scale<0.080000,0.200000,0.300000>
	matrix <0.328470, -0.604448, 0.725776,
		-0.923675, -0.045045, 0.380519,
		-0.197311, -0.795370, -0.573109,
		49.332344, 55.103748, 51.939503>
	pigment { color rgbt <0,1,1,0> }
	no_shadow
}
cylinder {
	<48.853413, 56.120037, 52.092876>,  <49.470463, 55.660507, 52.340679>, 0.130000
	pigment { color rgbt <1,0,0,0> }
	no_shadow
}

// nucleotide -1

// particle -1
sphere {
	<48.853413, 56.120037, 52.092876> 0.250000
	pigment { color rgbt <1,0,0,0> }
	no_shadow
}
cylinder {
	<48.840588, 56.482197, 52.262218>,  <48.832893, 56.699493, 52.363823>, 0.100000
	pigment { color rgbt <1,0,0,0> }
	no_shadow
}
cylinder {
	<48.840588, 56.482197, 52.262218>,  <48.853413, 56.120037, 52.092876>, 0.100000
	pigment { color rgbt <1,0,0,0> }
	no_shadow
}

// particle -1
sphere {
	<48.840588, 56.482197, 52.262218> 0.100000
	pigment { color rgbt <1,0,0,0> }
	no_shadow
}
sphere {
	0, 1
	scale<0.080000,0.200000,0.300000>
	matrix <0.987876, 0.093083, -0.124245,
		-0.151899, 0.414238, -0.897404,
		-0.032066, 0.905396, 0.423355,
		48.830967, 56.753815, 52.389225>
	pigment { color rgbt <0,1,1,0> }
	no_shadow
}
cylinder {
	<49.344887, 56.503159, 51.636169>,  <48.853413, 56.120037, 52.092876>, 0.130000
	pigment { color rgbt <1,0,0,0> }
	no_shadow
}

// nucleotide -1

// particle -1
sphere {
	<49.344887, 56.503159, 51.636169> 0.250000
	pigment { color rgbt <1,0,0,0> }
	no_shadow
}
cylinder {
	<49.329327, 56.659248, 52.004128>,  <49.319988, 56.752903, 52.224903>, 0.100000
	pigment { color rgbt <1,0,0,0> }
	no_shadow
}
cylinder {
	<49.329327, 56.659248, 52.004128>,  <49.344887, 56.503159, 51.636169>, 0.100000
	pigment { color rgbt <1,0,0,0> }
	no_shadow
}

// particle -1
sphere {
	<49.329327, 56.659248, 52.004128> 0.100000
	pigment { color rgbt <1,0,0,0> }
	no_shadow
}
sphere {
	0, 1
	scale<0.080000,0.200000,0.300000>
	matrix <0.962748, 0.261162, -0.070070,
		-0.267586, 0.882906, -0.385843,
		-0.038903, 0.390220, 0.919900,
		49.317657, 56.776314, 52.280098>
	pigment { color rgbt <0,1,1,0> }
	no_shadow
}
cylinder {
	<49.418709, 57.254700, 51.483391>,  <49.344887, 56.503159, 51.636169>, 0.130000
	pigment { color rgbt <1,0,0,0> }
	no_shadow
}

// nucleotide -1

// particle -1
sphere {
	<49.418709, 57.254700, 51.483391> 0.250000
	pigment { color rgbt <1,0,0,0> }
	no_shadow
}
cylinder {
	<49.495846, 57.108246, 51.847534>,  <49.542130, 57.020374, 52.066021>, 0.100000
	pigment { color rgbt <1,0,0,0> }
	no_shadow
}
cylinder {
	<49.495846, 57.108246, 51.847534>,  <49.418709, 57.254700, 51.483391>, 0.100000
	pigment { color rgbt <1,0,0,0> }
	no_shadow
}

// particle -1
sphere {
	<49.495846, 57.108246, 51.847534> 0.100000
	pigment { color rgbt <1,0,0,0> }
	no_shadow
}
sphere {
	0, 1
	scale<0.080000,0.200000,0.300000>
	matrix <0.979313, 0.129783, -0.155252,
		-0.061306, 0.921466, 0.383590,
		0.192843, -0.366136, 0.910360,
		49.553699, 56.998405, 52.120644>
	pigment { color rgbt <0,1,1,0> }
	no_shadow
}
cylinder {
	<49.762661, 57.811085, 51.882854>,  <49.418709, 57.254700, 51.483391>, 0.130000
	pigment { color rgbt <1,0,0,0> }
	no_shadow
}

// nucleotide -1

// particle -1
sphere {
	<49.762661, 57.811085, 51.882854> 0.250000
	pigment { color rgbt <1,0,0,0> }
	no_shadow
}
cylinder {
	<49.868416, 57.445831, 52.006973>,  <49.931870, 57.226677, 52.081444>, 0.100000
	pigment { color rgbt <1,0,0,0> }
	no_shadow
}
cylinder {
	<49.868416, 57.445831, 52.006973>,  <49.762661, 57.811085, 51.882854>, 0.100000
	pigment { color rgbt <1,0,0,0> }
	no_shadow
}

// particle -1
sphere {
	<49.868416, 57.445831, 52.006973> 0.100000
	pigment { color rgbt <1,0,0,0> }
	no_shadow
}
sphere {
	0, 1
	scale<0.080000,0.200000,0.300000>
	matrix <0.941891, 0.175345, -0.286523,
		0.207226, 0.368015, 0.906434,
		0.264383, -0.913137, 0.310294,
		49.947731, 57.171890, 52.100063>
	pigment { color rgbt <0,1,1,0> }
	no_shadow
}
cylinder {
	<50.379597, 57.839828, 52.311424>,  <49.762661, 57.811085, 51.882854>, 0.130000
	pigment { color rgbt <1,0,0,0> }
	no_shadow
}

// nucleotide -1

// particle -1
sphere {
	<50.379597, 57.839828, 52.311424> 0.250000
	pigment { color rgbt <1,0,0,0> }
	no_shadow
}
cylinder {
	<50.365582, 57.448921, 52.227787>,  <50.357174, 57.214378, 52.177605>, 0.100000
	pigment { color rgbt <1,0,0,0> }
	no_shadow
}
cylinder {
	<50.365582, 57.448921, 52.227787>,  <50.379597, 57.839828, 52.311424>, 0.100000
	pigment { color rgbt <1,0,0,0> }
	no_shadow
}

// particle -1
sphere {
	<50.365582, 57.448921, 52.227787> 0.100000
	pigment { color rgbt <1,0,0,0> }
	no_shadow
}
sphere {
	0, 1
	scale<0.080000,0.200000,0.300000>
	matrix <0.989500, -0.004566, -0.144465,
		0.140227, -0.211962, 0.967165,
		-0.035037, -0.977267, -0.209096,
		50.355072, 57.155743, 52.165058>
	pigment { color rgbt <0,1,1,0> }
	no_shadow
}
cylinder {
	<50.772964, 57.607136, 52.772396>,  <50.379597, 57.839828, 52.311424>, 0.130000
	pigment { color rgbt <1,0,0,0> }
	no_shadow
}

// nucleotide -1

// particle -1
sphere {
	<50.772964, 57.607136, 52.772396> 0.250000
	pigment { color rgbt <1,0,0,0> }
	no_shadow
}
cylinder {
	<50.748569, 57.370388, 52.450905>,  <50.733932, 57.228340, 52.258011>, 0.100000
	pigment { color rgbt <1,0,0,0> }
	no_shadow
}
cylinder {
	<50.748569, 57.370388, 52.450905>,  <50.772964, 57.607136, 52.772396>, 0.100000
	pigment { color rgbt <1,0,0,0> }
	no_shadow
}

// particle -1
sphere {
	<50.748569, 57.370388, 52.450905> 0.100000
	pigment { color rgbt <1,0,0,0> }
	no_shadow
}
sphere {
	0, 1
	scale<0.080000,0.200000,0.300000>
	matrix <0.996889, -0.076393, -0.019390,
		-0.049922, -0.802406, 0.594687,
		-0.060988, -0.591869, -0.803723,
		50.730274, 57.192829, 52.209789>
	pigment { color rgbt <0,1,1,0> }
	no_shadow
}
cylinder {
	<51.067715, 57.017059, 52.890411>,  <50.772964, 57.607136, 52.772396>, 0.130000
	pigment { color rgbt <1,0,0,0> }
	no_shadow
}

// nucleotide -1

// particle -1
sphere {
	<51.067715, 57.017059, 52.890411> 0.250000
	pigment { color rgbt <1,0,0,0> }
	no_shadow
}
cylinder {
	<51.083118, 57.093285, 52.498043>,  <51.092361, 57.139019, 52.262623>, 0.100000
	pigment { color rgbt <1,0,0,0> }
	no_shadow
}
cylinder {
	<51.083118, 57.093285, 52.498043>,  <51.067715, 57.017059, 52.890411>, 0.100000
	pigment { color rgbt <1,0,0,0> }
	no_shadow
}

// particle -1
sphere {
	<51.083118, 57.093285, 52.498043> 0.100000
	pigment { color rgbt <1,0,0,0> }
	no_shadow
}
sphere {
	0, 1
	scale<0.080000,0.200000,0.300000>
	matrix <0.998257, -0.051274, 0.029228,
		-0.044726, -0.980335, -0.192203,
		0.038509, 0.190560, -0.980920,
		51.094669, 57.150452, 52.203766>
	pigment { color rgbt <0,1,1,0> }
	no_shadow
}
cylinder {
	<51.426620, 56.486217, 52.502354>,  <51.067715, 57.017059, 52.890411>, 0.130000
	pigment { color rgbt <1,0,0,0> }
	no_shadow
}

// nucleotide -1

// particle -1
sphere {
	<51.426620, 56.486217, 52.502354> 0.250000
	pigment { color rgbt <1,0,0,0> }
	no_shadow
}
cylinder {
	<51.449268, 56.844582, 52.326103>,  <51.462856, 57.059601, 52.220352>, 0.100000
	pigment { color rgbt <1,0,0,0> }
	no_shadow
}
cylinder {
	<51.449268, 56.844582, 52.326103>,  <51.426620, 56.486217, 52.502354>, 0.100000
	pigment { color rgbt <1,0,0,0> }
	no_shadow
}

// particle -1
sphere {
	<51.449268, 56.844582, 52.326103> 0.100000
	pigment { color rgbt <1,0,0,0> }
	no_shadow
}
sphere {
	0, 1
	scale<0.080000,0.200000,0.300000>
	matrix <0.983058, -0.127088, -0.132080,
		-0.174329, -0.425678, -0.887923,
		0.056620, 0.895906, -0.440621,
		51.466255, 57.113354, 52.193916>
	pigment { color rgbt <0,1,1,0> }
	no_shadow
}
cylinder {
	<51.849792, 56.534412, 51.893784>,  <51.426620, 56.486217, 52.502354>, 0.130000
	pigment { color rgbt <1,0,0,0> }
	no_shadow
}

// nucleotide -1

// particle -1
sphere {
	<51.849792, 56.534412, 51.893784> 0.250000
	pigment { color rgbt <1,0,0,0> }
	no_shadow
}
cylinder {
	<51.834229, 56.916637, 52.010666>,  <51.824890, 57.145973, 52.080795>, 0.100000
	pigment { color rgbt <1,0,0,0> }
	no_shadow
}
cylinder {
	<51.834229, 56.916637, 52.010666>,  <51.849792, 56.534412, 51.893784>, 0.100000
	pigment { color rgbt <1,0,0,0> }
	no_shadow
}

// particle -1
sphere {
	<51.834229, 56.916637, 52.010666> 0.100000
	pigment { color rgbt <1,0,0,0> }
	no_shadow
}
sphere {
	0, 1
	scale<0.080000,0.200000,0.300000>
	matrix <0.995773, 0.012735, 0.090963,
		0.083200, 0.294513, -0.952019,
