// switches for output
#declare DRAW_BASES = 1; // possible values are 0, 1; only relevant for DNA ribbons
#declare DRAW_BASES_TYPE = 3; // possible values are 1, 2, 3; only relevant for DNA ribbons
#declare DRAW_FOG = 0; // set to 1 to enable fog

#include "colors.inc"

#include "transforms.inc"
background { rgb <1, 1, 1>}

#default {
   normal{
       ripples 0.25
       frequency 0.20
       turbulence 0.2
       lambda 5
   }
	finish {
		phong 0.1
		phong_size 40.
	}
}

// original window dimensions: 1024x640


// camera settings

camera {
	sky <-0, 1, 0>
	up <-0, 1, 0>
	right 1.6 * <0.99995, 0, 0.00999983>
	location <54.4867, 55, 106.329>
	look_at <55, 55, 55.0001>
	direction <0.513302, 0, -51.3289>
	angle 67.0682
}


# declare cpy_camera_pos = <54.4867, 55, 106.329>;
# if (DRAW_FOG = 1)
fog {
	fog_type 2
	up vnormalize(cpy_camera_pos)
	color rgbt<1,1,1,0.3>
	distance 1e-5
	fog_alt 3e-3
	fog_offset 88
}
# end


// LIGHTS

# declare lum = 6;
global_settings {
	ambient_light rgb lum * <0.05, 0.05, 0.05>
	max_trace_level 15
}# declare cpy_direct_light_amount = 0.25;
light_source
{	1000 * <-0.98995, -1, 1.00995>,
	rgb lum * cpy_direct_light_amount
	parallel
}

light_source
{	1000 * <0.98995, 1, -1.00995>,
	rgb lum * cpy_direct_light_amount
	parallel
}

// strand 0

// nucleotide -1

// particle -1
sphere {
	<36.627552, 52.712345, 49.868073> 0.250000
	pigment { color rgbt <1,0,0,0> }
	no_shadow
}
cylinder {
	<36.666428, 52.927933, 50.202751>,  <36.689754, 53.057285, 50.403561>, 0.100000
	pigment { color rgbt <1,0,0,0> }
	no_shadow
}
cylinder {
	<36.666428, 52.927933, 50.202751>,  <36.627552, 52.712345, 49.868073>, 0.100000
	pigment { color rgbt <1,0,0,0> }
	no_shadow
}

// particle -1
sphere {
	<36.666428, 52.927933, 50.202751> 0.100000
	pigment { color rgbt <1,0,0,0> }
	no_shadow
}
sphere {
	0, 1
	scale<0.080000,0.200000,0.300000>
	matrix <-0.491443, -0.705056, 0.511254,
		0.865470, -0.460879, 0.196347,
		0.097191, 0.538968, 0.836700,
		36.695583, 53.089622, 50.453762>
	pigment { color rgbt <0,1,1,0> }
	no_shadow
}
cylinder {
	<36.712772, 52.206955, 50.416561>,  <36.627552, 52.712345, 49.868073>, 0.130000
	pigment { color rgbt <1,0,0,0> }
	no_shadow
}

// nucleotide -1

// particle -1
sphere {
	<36.712772, 52.206955, 50.416561> 0.250000
	pigment { color rgbt <1,0,0,0> }
	no_shadow
}
cylinder {
	<36.611919, 52.555344, 50.585239>,  <36.551407, 52.764378, 50.686447>, 0.100000
	pigment { color rgbt <1,0,0,0> }
	no_shadow
}
cylinder {
	<36.611919, 52.555344, 50.585239>,  <36.712772, 52.206955, 50.416561>, 0.100000
	pigment { color rgbt <1,0,0,0> }
	no_shadow
}

// particle -1
sphere {
	<36.611919, 52.555344, 50.585239> 0.100000
	pigment { color rgbt <1,0,0,0> }
	no_shadow
}
sphere {
	0, 1
	scale<0.080000,0.200000,0.300000>
	matrix <-0.635644, -0.477646, 0.606475,
		0.729648, -0.115137, 0.674061,
		-0.252134, 0.870975, 0.421699,
		36.536278, 52.816635, 50.711750>
	pigment { color rgbt <0,1,1,0> }
	no_shadow
}
cylinder {
	<36.770508, 52.270840, 51.215683>,  <36.712772, 52.206955, 50.416561>, 0.130000
	pigment { color rgbt <1,0,0,0> }
	no_shadow
}

// nucleotide -1

// particle -1
sphere {
	<36.770508, 52.270840, 51.215683> 0.250000
	pigment { color rgbt <1,0,0,0> }
	no_shadow
}
cylinder {
	<36.496048, 52.520832, 51.066765>,  <36.331371, 52.670826, 50.977413>, 0.100000
	pigment { color rgbt <1,0,0,0> }
	no_shadow
}
cylinder {
	<36.496048, 52.520832, 51.066765>,  <36.770508, 52.270840, 51.215683>, 0.100000
	pigment { color rgbt <1,0,0,0> }
	no_shadow
}

// particle -1
sphere {
	<36.496048, 52.520832, 51.066765> 0.100000
	pigment { color rgbt <1,0,0,0> }
	no_shadow
}
sphere {
	0, 1
	scale<0.080000,0.200000,0.300000>
	matrix <-0.701467, -0.432837, 0.566212,
		0.192727, 0.649659, 0.735391,
		-0.686149, 0.624977, -0.372295,
		36.290203, 52.708324, 50.955078>
	pigment { color rgbt <0,1,1,0> }
	no_shadow
}
cylinder {
	<36.344341, 52.067711, 51.646790>,  <36.770508, 52.270840, 51.215683>, 0.130000
	pigment { color rgbt <1,0,0,0> }
	no_shadow
}

// nucleotide -1

// particle -1
sphere {
	<36.344341, 52.067711, 51.646790> 0.250000
	pigment { color rgbt <1,0,0,0> }
	no_shadow
}
cylinder {
	<36.163948, 52.355389, 51.435368>,  <36.055714, 52.527996, 51.308514>, 0.100000
	pigment { color rgbt <1,0,0,0> }
	no_shadow
}
cylinder {
	<36.163948, 52.355389, 51.435368>,  <36.344341, 52.067711, 51.646790>, 0.100000
	pigment { color rgbt <1,0,0,0> }
	no_shadow
}

// particle -1
sphere {
	<36.163948, 52.355389, 51.435368> 0.100000
	pigment { color rgbt <1,0,0,0> }
	no_shadow
}
sphere {
	0, 1
	scale<0.080000,0.200000,0.300000>
	matrix <-0.822342, -0.104627, 0.559292,
		0.346940, 0.686883, 0.638611,
		-0.450984, 0.719197, -0.528553,
		36.028652, 52.571148, 51.276802>
	pigment { color rgbt <0,1,1,0> }
	no_shadow
}
cylinder {
	<36.120464, 52.740704, 52.044926>,  <36.344341, 52.067711, 51.646790>, 0.130000
	pigment { color rgbt <1,0,0,0> }
	no_shadow
}

// nucleotide -1

// particle -1
sphere {
	<36.120464, 52.740704, 52.044926> 0.250000
	pigment { color rgbt <1,0,0,0> }
	no_shadow
}
cylinder {
	<35.909172, 52.625404, 51.725456>,  <35.782394, 52.556225, 51.533775>, 0.100000
	pigment { color rgbt <1,0,0,0> }
	no_shadow
}
cylinder {
	<35.909172, 52.625404, 51.725456>,  <36.120464, 52.740704, 52.044926>, 0.100000
	pigment { color rgbt <1,0,0,0> }
	no_shadow
}

// particle -1
sphere {
	<35.909172, 52.625404, 51.725456> 0.100000
	pigment { color rgbt <1,0,0,0> }
	no_shadow
}
sphere {
	0, 1
	scale<0.080000,0.200000,0.300000>
	matrix <-0.756493, -0.267395, 0.596841,
		-0.385601, 0.919462, -0.076813,
		-0.528233, -0.288251, -0.798675,
		35.750702, 52.538929, 51.485855>
	pigment { color rgbt <0,1,1,0> }
	no_shadow
}
cylinder {
	<36.572910, 52.585560, 52.570091>,  <36.120464, 52.740704, 52.044926>, 0.130000
	pigment { color rgbt <1,0,0,0> }
	no_shadow
}

// nucleotide -1

// particle -1
sphere {
	<36.572910, 52.585560, 52.570091> 0.250000
	pigment { color rgbt <1,0,0,0> }
	no_shadow
}
cylinder {
	<36.583595, 52.791176, 52.913033>,  <36.590004, 52.914547, 53.118797>, 0.100000
	pigment { color rgbt <1,0,0,0> }
	no_shadow
}
cylinder {
	<36.583595, 52.791176, 52.913033>,  <36.572910, 52.585560, 52.570091>, 0.100000
	pigment { color rgbt <1,0,0,0> }
	no_shadow
}

// particle -1
sphere {
	<36.583595, 52.791176, 52.913033> 0.100000
	pigment { color rgbt <1,0,0,0> }
	no_shadow
}
sphere {
	0, 1
	scale<0.080000,0.200000,0.300000>
	matrix <0.969544, -0.222198, 0.103018,
		0.243457, 0.828486, -0.504320,
		0.026710, 0.514041, 0.857350,
		36.591610, 52.945389, 53.170238>
	pigment { color rgbt <0,1,1,0> }
	no_shadow
}
cylinder {
	<37.122284, 52.851437, 52.520012>,  <36.572910, 52.585560, 52.570091>, 0.130000
	pigment { color rgbt <1,0,0,0> }
	no_shadow
}

// nucleotide -1

// particle -1
sphere {
	<37.122284, 52.851437, 52.520012> 0.250000
	pigment { color rgbt <1,0,0,0> }
	no_shadow
}
cylinder {
	<37.062901, 52.883312, 52.914295>,  <37.027271, 52.902435, 53.150864>, 0.100000
	pigment { color rgbt <1,0,0,0> }
	no_shadow
}
cylinder {
	<37.062901, 52.883312, 52.914295>,  <37.122284, 52.851437, 52.520012>, 0.100000
	pigment { color rgbt <1,0,0,0> }
	no_shadow
}

// particle -1
sphere {
	<37.062901, 52.883312, 52.914295> 0.100000
	pigment { color rgbt <1,0,0,0> }
	no_shadow
}
sphere {
	0, 1
	scale<0.080000,0.200000,0.300000>
	matrix <0.953926, -0.251269, 0.163981,
		0.260743, 0.964632, -0.038713,
		-0.148454, 0.079686, 0.985704,
		37.018364, 52.907219, 53.210007>
	pigment { color rgbt <0,1,1,0> }
	no_shadow
}
cylinder {
	<37.778042, 53.301109, 52.875458>,  <37.122284, 52.851437, 52.520012>, 0.130000
	pigment { color rgbt <1,0,0,0> }
	no_shadow
}

// nucleotide -1

// particle -1
sphere {
	<37.778042, 53.301109, 52.875458> 0.250000
	pigment { color rgbt <1,0,0,0> }
	no_shadow
}
cylinder {
	<37.585892, 53.104477, 53.166000>,  <37.470600, 52.986500, 53.340324>, 0.100000
	pigment { color rgbt <1,0,0,0> }
	no_shadow
}
cylinder {
	<37.585892, 53.104477, 53.166000>,  <37.778042, 53.301109, 52.875458>, 0.100000
	pigment { color rgbt <1,0,0,0> }
	no_shadow
}

// particle -1
sphere {
	<37.585892, 53.104477, 53.166000> 0.100000
	pigment { color rgbt <1,0,0,0> }
	no_shadow
}
sphere {
	0, 1
	scale<0.080000,0.200000,0.300000>
	matrix <0.871471, -0.174165, 0.458482,
		-0.098875, 0.853239, 0.512061,
		-0.480378, -0.491578, 0.726353,
		37.441780, 52.957005, 53.383907>
	pigment { color rgbt <0,1,1,0> }
	no_shadow
}
cylinder {
	<37.990280, 53.551331, 53.572430>,  <37.778042, 53.301109, 52.875458>, 0.130000
	pigment { color rgbt <1,0,0,0> }
	no_shadow
}

// nucleotide -1

// particle -1
sphere {
	<37.990280, 53.551331, 53.572430> 0.250000
	pigment { color rgbt <1,0,0,0> }
	no_shadow
}
cylinder {
	<37.904011, 53.163002, 53.530491>,  <37.852249, 52.930004, 53.505325>, 0.100000
	pigment { color rgbt <1,0,0,0> }
	no_shadow
}
cylinder {
	<37.904011, 53.163002, 53.530491>,  <37.990280, 53.551331, 53.572430>, 0.100000
	pigment { color rgbt <1,0,0,0> }
	no_shadow
}

// particle -1
sphere {
	<37.904011, 53.163002, 53.530491> 0.100000
	pigment { color rgbt <1,0,0,0> }
	no_shadow
}
sphere {
	0, 1
	scale<0.080000,0.200000,0.300000>
	matrix <0.922525, -0.237772, 0.303995,
		-0.320055, -0.031163, 0.946887,
		-0.215669, -0.970821, -0.104849,
		37.839310, 52.871758, 53.499035>
	pigment { color rgbt <0,1,1,0> }
	no_shadow
}
cylinder {
	<37.947056, 53.203762, 54.258720>,  <37.990280, 53.551331, 53.572430>, 0.130000
	pigment { color rgbt <1,0,0,0> }
	no_shadow
}

// nucleotide -1

// particle -1
sphere {
	<37.947056, 53.203762, 54.258720> 0.250000
	pigment { color rgbt <1,0,0,0> }
	no_shadow
}
cylinder {
	<38.103245, 53.019028, 53.940166>,  <38.196960, 52.908188, 53.749035>, 0.100000
	pigment { color rgbt <1,0,0,0> }
	no_shadow
}
cylinder {
	<38.103245, 53.019028, 53.940166>,  <37.947056, 53.203762, 54.258720>, 0.100000
	pigment { color rgbt <1,0,0,0> }
	no_shadow
}

// particle -1
sphere {
	<38.103245, 53.019028, 53.940166> 0.100000
	pigment { color rgbt <1,0,0,0> }
	no_shadow
}
sphere {
	0, 1
	scale<0.080000,0.200000,0.300000>
	matrix <0.893442, -0.018507, 0.448796,
		-0.222011, -0.886770, 0.405401,
		0.390476, -0.461841, -0.796386,
		38.220387, 52.880474, 53.701252>
	pigment { color rgbt <0,1,1,0> }
	no_shadow
}
cylinder {
	<37.957825, 53.987362, 54.209957>,  <37.947056, 53.203762, 54.258720>, 0.130000
	pigment { color rgbt <1,0,0,0> }
	no_shadow
}

// nucleotide -1

// particle -1
sphere {
	<37.957825, 53.987362, 54.209957> 0.250000
	pigment { color rgbt <1,0,0,0> }
	no_shadow
}
cylinder {
	<37.946487, 54.363594, 54.074600>,  <37.939686, 54.589333, 53.993385>, 0.100000
	pigment { color rgbt <1,0,0,0> }
	no_shadow
}
cylinder {
	<37.946487, 54.363594, 54.074600>,  <37.957825, 53.987362, 54.209957>, 0.100000
	pigment { color rgbt <1,0,0,0> }
	no_shadow
}

// particle -1
sphere {
	<37.946487, 54.363594, 54.074600> 0.100000
	pigment { color rgbt <1,0,0,0> }
	no_shadow
}
sphere {
	0, 1
	scale<0.080000,0.200000,0.300000>
	matrix <0.663555, 0.270889, 0.697362,
		0.747590, -0.204774, -0.631804,
		-0.028347, 0.940578, -0.338392,
		37.937984, 54.645767, 53.973083>
	pigment { color rgbt <0,1,1,0> }
	no_shadow
}
cylinder {
	<38.568760, 54.260731, 53.914001>,  <37.957825, 53.987362, 54.209957>, 0.130000
	pigment { color rgbt <1,0,0,0> }
	no_shadow
}

// nucleotide -1

// particle -1
sphere {
	<38.568760, 54.260731, 53.914001> 0.250000
	pigment { color rgbt <1,0,0,0> }
	no_shadow
}
cylinder {
	<38.399422, 54.594536, 54.055069>,  <38.297817, 54.794819, 54.139709>, 0.100000
	pigment { color rgbt <1,0,0,0> }
	no_shadow
}
cylinder {
	<38.399422, 54.594536, 54.055069>,  <38.568760, 54.260731, 53.914001>, 0.100000
	pigment { color rgbt <1,0,0,0> }
	no_shadow
}

// particle -1
sphere {
	<38.399422, 54.594536, 54.055069> 0.100000
	pigment { color rgbt <1,0,0,0> }
	no_shadow
}
sphere {
	0, 1
	scale<0.080000,0.200000,0.300000>
	matrix <0.721877, 0.075499, 0.687891,
		0.547424, 0.545799, -0.634374,
		-0.423345, 0.834508, 0.352669,
		38.272419, 54.844887, 54.160870>
	pigment { color rgbt <0,1,1,0> }
	no_shadow
}
cylinder {
	<39.319012, 54.467850, 54.104568>,  <38.568760, 54.260731, 53.914001>, 0.130000
	pigment { color rgbt <1,0,0,0> }
	no_shadow
}

// nucleotide -1

// particle -1
sphere {
	<39.319012, 54.467850, 54.104568> 0.250000
	pigment { color rgbt <1,0,0,0> }
	no_shadow
}
cylinder {
	<39.265568, 54.794720, 54.328846>,  <39.233501, 54.990841, 54.463413>, 0.100000
	pigment { color rgbt <1,0,0,0> }
	no_shadow
}
cylinder {
	<39.265568, 54.794720, 54.328846>,  <39.319012, 54.467850, 54.104568>, 0.100000
	pigment { color rgbt <1,0,0,0> }
	no_shadow
}

// particle -1
sphere {
	<39.265568, 54.794720, 54.328846> 0.100000
	pigment { color rgbt <1,0,0,0> }
	no_shadow
}
sphere {
	0, 1
	scale<0.080000,0.200000,0.300000>
	matrix <0.368081, -0.484374, 0.793661,
		0.920144, 0.312419, -0.236070,
		-0.133609, 0.817176, 0.560689,
		39.225487, 55.039871, 54.497051>
	pigment { color rgbt <0,1,1,0> }
	no_shadow
}
cylinder {
	<39.922764, 54.462250, 54.539341>,  <39.319012, 54.467850, 54.104568>, 0.130000
	pigment { color rgbt <1,0,0,0> }
	no_shadow
}

// nucleotide -1

// particle -1
sphere {
	<39.922764, 54.462250, 54.539341> 0.250000
	pigment { color rgbt <1,0,0,0> }
	no_shadow
}
cylinder {
	<39.610390, 54.664513, 54.686012>,  <39.422966, 54.785870, 54.774017>, 0.100000
	pigment { color rgbt <1,0,0,0> }
	no_shadow
}
cylinder {
	<39.610390, 54.664513, 54.686012>,  <39.922764, 54.462250, 54.539341>, 0.100000
	pigment { color rgbt <1,0,0,0> }
	no_shadow
}

// particle -1
sphere {
	<39.610390, 54.664513, 54.686012> 0.100000
	pigment { color rgbt <1,0,0,0> }
	no_shadow
}
sphere {
	0, 1
	scale<0.080000,0.200000,0.300000>
	matrix <0.072805, -0.509359, 0.857469,
		0.620360, 0.696320, 0.360960,
		-0.780931, 0.505660, 0.366681,
		39.376110, 54.816212, 54.796017>
	pigment { color rgbt <0,1,1,0> }
	no_shadow
}
cylinder {
	<40.569317, 54.531879, 54.202000>,  <39.922764, 54.462250, 54.539341>, 0.130000
	pigment { color rgbt <1,0,0,0> }
	no_shadow
}

// nucleotide -1

// particle -1
sphere {
	<40.569317, 54.531879, 54.202000> 0.250000
	pigment { color rgbt <1,0,0,0> }
	no_shadow
}
cylinder {
	<40.917164, 54.701183, 54.303680>,  <41.125874, 54.802765, 54.364689>, 0.100000
	pigment { color rgbt <1,0,0,0> }
	no_shadow
}
cylinder {
	<40.917164, 54.701183, 54.303680>,  <40.569317, 54.531879, 54.202000>, 0.100000
	pigment { color rgbt <1,0,0,0> }
	no_shadow
}

// particle -1
sphere {
	<40.917164, 54.701183, 54.303680> 0.100000
	pigment { color rgbt <1,0,0,0> }
	no_shadow
}
sphere {
	0, 1
	scale<0.080000,0.200000,0.300000>
	matrix <-0.479607, 0.601936, 0.638474,
		0.117228, -0.677144, 0.726453,
		0.869618, 0.423259, 0.254200,
		41.178047, 54.828159, 54.379940>
	pigment { color rgbt <0,1,1,0> }
	no_shadow
}
cylinder {
	<40.317837, 55.005054, 54.798691>,  <40.569317, 54.531879, 54.202000>, 0.130000
	pigment { color rgbt <1,0,0,0> }
	no_shadow
}

// nucleotide -1

// particle -1
sphere {
	<40.317837, 55.005054, 54.798691> 0.250000
	pigment { color rgbt <1,0,0,0> }
	no_shadow
}
cylinder {
	<40.705078, 55.083580, 54.736416>,  <40.937424, 55.130695, 54.699051>, 0.100000
	pigment { color rgbt <1,0,0,0> }
	no_shadow
}
cylinder {
	<40.705078, 55.083580, 54.736416>,  <40.317837, 55.005054, 54.798691>, 0.100000
	pigment { color rgbt <1,0,0,0> }
	no_shadow
}

// particle -1
sphere {
	<40.705078, 55.083580, 54.736416> 0.100000
	pigment { color rgbt <1,0,0,0> }
	no_shadow
}
sphere {
	0, 1
	scale<0.080000,0.200000,0.300000>
	matrix <-0.073841, 0.817317, 0.571437,
		0.239431, -0.541713, 0.805742,
		0.968101, 0.196316, -0.155690,
		40.995510, 55.142475, 54.689709>
	pigment { color rgbt <0,1,1,0> }
	no_shadow
}
cylinder {
	<40.766544, 55.034107, 55.457458>,  <40.317837, 55.005054, 54.798691>, 0.130000
	pigment { color rgbt <1,0,0,0> }
	no_shadow
}

// nucleotide -1

// particle -1
sphere {
	<40.766544, 55.034107, 55.457458> 0.250000
	pigment { color rgbt <1,0,0,0> }
	no_shadow
}
cylinder {
	<40.921524, 55.246460, 55.155983>,  <41.014511, 55.373871, 54.975098>, 0.100000
	pigment { color rgbt <1,0,0,0> }
	no_shadow
}
cylinder {
	<40.921524, 55.246460, 55.155983>,  <40.766544, 55.034107, 55.457458>, 0.100000
	pigment { color rgbt <1,0,0,0> }
	no_shadow
}

// particle -1
sphere {
	<40.921524, 55.246460, 55.155983> 0.100000
	pigment { color rgbt <1,0,0,0> }
	no_shadow
}
sphere {
	0, 1
	scale<0.080000,0.200000,0.300000>
	matrix <0.023337, 0.811638, 0.583694,
		0.921596, -0.243740, 0.302078,
		0.387447, 0.530881, -0.753691,
		41.037758, 55.405724, 54.929874>
	pigment { color rgbt <0,1,1,0> }
	no_shadow
}
cylinder {
	<41.282200, 55.571705, 55.706635>,  <40.766544, 55.034107, 55.457458>, 0.130000
	pigment { color rgbt <1,0,0,0> }
	no_shadow
}

// nucleotide -1

// particle -1
sphere {
	<41.282200, 55.571705, 55.706635> 0.250000
	pigment { color rgbt <1,0,0,0> }
	no_shadow
}
cylinder {
	<41.067135, 55.685196, 55.389038>,  <40.938095, 55.753292, 55.198479>, 0.100000
	pigment { color rgbt <1,0,0,0> }
	no_shadow
}
cylinder {
	<41.067135, 55.685196, 55.389038>,  <41.282200, 55.571705, 55.706635>, 0.100000
	pigment { color rgbt <1,0,0,0> }
	no_shadow
}

// particle -1
sphere {
	<41.067135, 55.685196, 55.389038> 0.100000
	pigment { color rgbt <1,0,0,0> }
	no_shadow
}
sphere {
	0, 1
	scale<0.080000,0.200000,0.300000>
	matrix <-0.164073, 0.888474, 0.428596,
		0.827044, 0.360712, -0.431144,
		-0.537660, 0.283729, -0.793990,
		40.905838, 55.770313, 55.150841>
	pigment { color rgbt <0,1,1,0> }
	no_shadow
}
cylinder {
	<41.341980, 56.279491, 55.625854>,  <41.282200, 55.571705, 55.706635>, 0.130000
	pigment { color rgbt <1,0,0,0> }
	no_shadow
}

// nucleotide -1

// particle -1
sphere {
	<41.341980, 56.279491, 55.625854> 0.250000
	pigment { color rgbt <1,0,0,0> }
	no_shadow
}
cylinder {
	<40.988327, 56.205219, 55.454353>,  <40.776134, 56.160656, 55.351452>, 0.100000
	pigment { color rgbt <1,0,0,0> }
	no_shadow
}
cylinder {
	<40.988327, 56.205219, 55.454353>,  <41.341980, 56.279491, 55.625854>, 0.100000
	pigment { color rgbt <1,0,0,0> }
	no_shadow
}

// particle -1
sphere {
	<40.988327, 56.205219, 55.454353> 0.100000
	pigment { color rgbt <1,0,0,0> }
	no_shadow
}
sphere {
	0, 1
	scale<0.080000,0.200000,0.300000>
	matrix <-0.345260, 0.877915, 0.331755,
		0.314809, 0.441347, -0.840303,
		-0.884133, -0.185683, -0.428755,
		40.723087, 56.149513, 55.325726>
	pigment { color rgbt <0,1,1,0> }
	no_shadow
}
cylinder {
	<41.822994, 56.286304, 56.205616>,  <41.341980, 56.279491, 55.625854>, 0.130000
	pigment { color rgbt <1,0,0,0> }
	no_shadow
}

// nucleotide -1

// particle -1
sphere {
	<41.822994, 56.286304, 56.205616> 0.250000
	pigment { color rgbt <1,0,0,0> }
	no_shadow
}
cylinder {
	<42.036423, 55.990879, 56.040771>,  <42.164478, 55.813625, 55.941864>, 0.100000
	pigment { color rgbt <1,0,0,0> }
	no_shadow
}
cylinder {
	<42.036423, 55.990879, 56.040771>,  <41.822994, 56.286304, 56.205616>, 0.100000
	pigment { color rgbt <1,0,0,0> }
	no_shadow
}

// particle -1
sphere {
	<42.036423, 55.990879, 56.040771> 0.100000
	pigment { color rgbt <1,0,0,0> }
	no_shadow
}
sphere {
	0, 1
	scale<0.080000,0.200000,0.300000>
	matrix <0.833651, 0.377131, 0.403481,
		-0.142577, -0.558839, 0.816928,
		0.533570, -0.738560, -0.412107,
		42.196495, 55.769310, 55.917141>
	pigment { color rgbt <0,1,1,0> }
	no_shadow
}
cylinder {
	<41.979450, 56.609066, 55.510448>,  <41.822994, 56.286304, 56.205616>, 0.130000
	pigment { color rgbt <1,0,0,0> }
	no_shadow
}

// nucleotide -1

// particle -1
sphere {
	<41.979450, 56.609066, 55.510448> 0.250000
	pigment { color rgbt <1,0,0,0> }
	no_shadow
}
cylinder {
	<42.222141, 56.877621, 55.340218>,  <42.367756, 57.038754, 55.238079>, 0.100000
	pigment { color rgbt <1,0,0,0> }
	no_shadow
}
cylinder {
	<42.222141, 56.877621, 55.340218>,  <41.979450, 56.609066, 55.510448>, 0.100000
	pigment { color rgbt <1,0,0,0> }
	no_shadow
}

// particle -1
sphere {
	<42.222141, 56.877621, 55.340218> 0.100000
	pigment { color rgbt <1,0,0,0> }
	no_shadow
}
sphere {
	0, 1
	scale<0.080000,0.200000,0.300000>
	matrix <0.732709, -0.264749, 0.626933,
		0.308245, -0.692203, -0.652564,
		0.606730, 0.671389, -0.425576,
		42.404160, 57.079037, 55.212543>
	pigment { color rgbt <0,1,1,0> }
	no_shadow
}
cylinder {
	<42.588154, 56.406517, 55.303143>,  <41.979450, 56.609066, 55.510448>, 0.130000
	pigment { color rgbt <1,0,0,0> }
	no_shadow
}

// nucleotide -1

// particle -1
sphere {
	<42.588154, 56.406517, 55.303143> 0.250000
	pigment { color rgbt <1,0,0,0> }
	no_shadow
}
cylinder {
	<42.716110, 56.771740, 55.404335>,  <42.792885, 56.990875, 55.465050>, 0.100000
	pigment { color rgbt <1,0,0,0> }
	no_shadow
}
cylinder {
	<42.716110, 56.771740, 55.404335>,  <42.588154, 56.406517, 55.303143>, 0.100000
	pigment { color rgbt <1,0,0,0> }
	no_shadow
}

// particle -1
sphere {
	<42.716110, 56.771740, 55.404335> 0.100000
	pigment { color rgbt <1,0,0,0> }
	no_shadow
}
sphere {
	0, 1
	scale<0.080000,0.200000,0.300000>
	matrix <0.850837, -0.394309, 0.347271,
		0.416829, 0.104155, -0.902998,
		0.319890, 0.913057, 0.252978,
		42.812077, 57.045658, 55.480228>
	pigment { color rgbt <0,1,1,0> }
	no_shadow
}
cylinder {
	<43.257660, 56.603481, 55.071560>,  <42.588154, 56.406517, 55.303143>, 0.130000
	pigment { color rgbt <1,0,0,0> }
	no_shadow
}

// nucleotide -1

// particle -1
sphere {
	<43.257660, 56.603481, 55.071560> 0.250000
	pigment { color rgbt <1,0,0,0> }
	no_shadow
}
cylinder {
	<43.225838, 56.830307, 55.399490>,  <43.206745, 56.966404, 55.596249>, 0.100000
	pigment { color rgbt <1,0,0,0> }
	no_shadow
}
cylinder {
	<43.225838, 56.830307, 55.399490>,  <43.257660, 56.603481, 55.071560>, 0.100000
	pigment { color rgbt <1,0,0,0> }
	no_shadow
}

// particle -1
sphere {
	<43.225838, 56.830307, 55.399490> 0.100000
	pigment { color rgbt <1,0,0,0> }
	no_shadow
}
sphere {
	0, 1
	scale<0.080000,0.200000,0.300000>
	matrix <0.759200, -0.498491, 0.418476,
		0.645977, 0.655703, -0.390856,
		-0.079558, 0.567064, 0.819823,
		43.201969, 57.000427, 55.645435>
	pigment { color rgbt <0,1,1,0> }
	no_shadow
}
cylinder {
	<43.952446, 56.765137, 55.273659>,  <43.257660, 56.603481, 55.071560>, 0.130000
	pigment { color rgbt <1,0,0,0> }
	no_shadow
}

// nucleotide -1

// particle -1
sphere {
	<43.952446, 56.765137, 55.273659> 0.250000
	pigment { color rgbt <1,0,0,0> }
	no_shadow
}
cylinder {
	<43.689255, 56.739872, 55.573814>,  <43.531342, 56.724712, 55.753906>, 0.100000
	pigment { color rgbt <1,0,0,0> }
	no_shadow
}
cylinder {
	<43.689255, 56.739872, 55.573814>,  <43.952446, 56.765137, 55.273659>, 0.100000
	pigment { color rgbt <1,0,0,0> }
	no_shadow
}

// particle -1
sphere {
	<43.689255, 56.739872, 55.573814> 0.100000
	pigment { color rgbt <1,0,0,0> }
	no_shadow
}
sphere {
	0, 1
	scale<0.080000,0.200000,0.300000>
	matrix <0.577188, -0.682308, 0.448675,
		0.483653, 0.728331, 0.485400,
		-0.657977, -0.063164, 0.750384,
		43.491863, 56.720924, 55.798931>
	pigment { color rgbt <0,1,1,0> }
	no_shadow
}
cylinder {
	<44.689655, 56.794434, 55.658447>,  <43.952446, 56.765137, 55.273659>, 0.130000
	pigment { color rgbt <1,0,0,0> }
	no_shadow
}

// nucleotide -1

// particle -1
sphere {
	<44.689655, 56.794434, 55.658447> 0.250000
	pigment { color rgbt <1,0,0,0> }
	no_shadow
}
cylinder {
	<44.867390, 56.966805, 55.344284>,  <44.974030, 57.070229, 55.155785>, 0.100000
	pigment { color rgbt <1,0,0,0> }
	no_shadow
}
cylinder {
	<44.867390, 56.966805, 55.344284>,  <44.689655, 56.794434, 55.658447>, 0.100000
	pigment { color rgbt <1,0,0,0> }
	no_shadow
}

// particle -1
sphere {
	<44.867390, 56.966805, 55.344284> 0.100000
	pigment { color rgbt <1,0,0,0> }
	no_shadow
}
sphere {
	0, 1
	scale<0.080000,0.200000,0.300000>
	matrix <0.490299, 0.616775, 0.615789,
		0.749781, -0.658703, 0.062772,
		0.444338, 0.430930, -0.785407,
		45.000690, 57.096085, 55.108662>
	pigment { color rgbt <0,1,1,0> }
	no_shadow
}
cylinder {
	<45.437195, 56.718506, 55.598213>,  <44.689655, 56.794434, 55.658447>, 0.130000
	pigment { color rgbt <1,0,0,0> }
	no_shadow
}

// nucleotide -1

// particle -1
sphere {
	<45.437195, 56.718506, 55.598213> 0.250000
	pigment { color rgbt <1,0,0,0> }
	no_shadow
}
cylinder {
	<45.339035, 57.080311, 55.458702>,  <45.280140, 57.297394, 55.374996>, 0.100000
	pigment { color rgbt <1,0,0,0> }
	no_shadow
}
cylinder {
	<45.339035, 57.080311, 55.458702>,  <45.437195, 56.718506, 55.598213>, 0.100000
	pigment { color rgbt <1,0,0,0> }
	no_shadow
}

// particle -1
sphere {
	<45.339035, 57.080311, 55.458702> 0.100000
	pigment { color rgbt <1,0,0,0> }
	no_shadow
}
sphere {
	0, 1
	scale<0.080000,0.200000,0.300000>
	matrix <0.639287, 0.421452, 0.643188,
		0.728761, -0.065131, -0.681664,
		-0.245397, 0.904509, -0.348775,
		45.265415, 57.351662, 55.354069>
	pigment { color rgbt <0,1,1,0> }
	no_shadow
}
cylinder {
	<46.031273, 57.052399, 55.206612>,  <45.437195, 56.718506, 55.598213>, 0.130000
	pigment { color rgbt <1,0,0,0> }
	no_shadow
}

// nucleotide -1

// particle -1
sphere {
	<46.031273, 57.052399, 55.206612> 0.250000
	pigment { color rgbt <1,0,0,0> }
	no_shadow
}
cylinder {
	<45.789463, 57.304840, 55.401039>,  <45.644375, 57.456303, 55.517696>, 0.100000
	pigment { color rgbt <1,0,0,0> }
	no_shadow
}
cylinder {
	<45.789463, 57.304840, 55.401039>,  <46.031273, 57.052399, 55.206612>, 0.100000
	pigment { color rgbt <1,0,0,0> }
	no_shadow
}

// particle -1
sphere {
	<45.789463, 57.304840, 55.401039> 0.100000
	pigment { color rgbt <1,0,0,0> }
	no_shadow
}
sphere {
	0, 1
	scale<0.080000,0.200000,0.300000>
	matrix <0.762952, 0.283288, 0.581079,
		0.229021, 0.722123, -0.652754,
		-0.604528, 0.631099, 0.486066,
		45.608105, 57.494171, 55.546860>
	pigment { color rgbt <0,1,1,0> }
	no_shadow
}
cylinder {
	<46.398293, 57.728199, 55.551857>,  <46.031273, 57.052399, 55.206612>, 0.130000
	pigment { color rgbt <1,0,0,0> }
	no_shadow
}

// nucleotide -1

// particle -1
sphere {
	<46.398293, 57.728199, 55.551857> 0.250000
	pigment { color rgbt <1,0,0,0> }
	no_shadow
}
cylinder {
	<46.060310, 57.713463, 55.765282>,  <45.857521, 57.704620, 55.893337>, 0.100000
	pigment { color rgbt <1,0,0,0> }
	no_shadow
}
cylinder {
	<46.060310, 57.713463, 55.765282>,  <46.398293, 57.728199, 55.551857>, 0.100000
	pigment { color rgbt <1,0,0,0> }
	no_shadow
}

// particle -1
sphere {
	<46.060310, 57.713463, 55.765282> 0.100000
	pigment { color rgbt <1,0,0,0> }
	no_shadow
}
sphere {
	0, 1
	scale<0.080000,0.200000,0.300000>
	matrix <0.469474, 0.426794, 0.772943,
		-0.256198, 0.903598, -0.343327,
		-0.844960, -0.036844, 0.533559,
		45.806824, 57.702412, 55.925350>
	pigment { color rgbt <0,1,1,0> }
	no_shadow
}
cylinder {
	<47.122669, 57.966312, 55.803871>,  <46.398293, 57.728199, 55.551857>, 0.130000
	pigment { color rgbt <1,0,0,0> }
	no_shadow
}

// nucleotide -1

// particle -1
sphere {
	<47.122669, 57.966312, 55.803871> 0.250000
	pigment { color rgbt <1,0,0,0> }
	no_shadow
}
cylinder {
	<47.369625, 57.652527, 55.827347>,  <47.517799, 57.464256, 55.841431>, 0.100000
	pigment { color rgbt <1,0,0,0> }
	no_shadow
}
cylinder {
	<47.369625, 57.652527, 55.827347>,  <47.122669, 57.966312, 55.803871>, 0.100000
	pigment { color rgbt <1,0,0,0> }
	no_shadow
}

// particle -1
sphere {
	<47.369625, 57.652527, 55.827347> 0.100000
	pigment { color rgbt <1,0,0,0> }
	no_shadow
}
sphere {
	0, 1
	scale<0.080000,0.200000,0.300000>
	matrix <0.746050, 0.607553, 0.272559,
		-0.249469, -0.124491, 0.960347,
		0.617393, -0.784462, 0.058689,
		47.554844, 57.417187, 55.844952>
	pigment { color rgbt <0,1,1,0> }
	no_shadow
}
cylinder {
	<47.643539, 58.152466, 56.289532>,  <47.122669, 57.966312, 55.803871>, 0.130000
	pigment { color rgbt <1,0,0,0> }
	no_shadow
}

// nucleotide -1

// particle -1
sphere {
	<47.643539, 58.152466, 56.289532> 0.250000
	pigment { color rgbt <1,0,0,0> }
	no_shadow
}
cylinder {
	<47.797127, 57.815674, 56.137932>,  <47.889278, 57.613598, 56.046970>, 0.100000
	pigment { color rgbt <1,0,0,0> }
	no_shadow
}
cylinder {
	<47.797127, 57.815674, 56.137932>,  <47.643539, 58.152466, 56.289532>, 0.100000
	pigment { color rgbt <1,0,0,0> }
	no_shadow
}

// particle -1
sphere {
	<47.797127, 57.815674, 56.137932> 0.100000
	pigment { color rgbt <1,0,0,0> }
	no_shadow
}
sphere {
	0, 1
	scale<0.080000,0.200000,0.300000>
	matrix <0.920940, 0.378841, 0.091378,
		0.066643, -0.384124, 0.920873,
		0.383965, -0.841979, -0.379002,
		47.912315, 57.563080, 56.024231>
	pigment { color rgbt <0,1,1,0> }
	no_shadow
}
cylinder {
	<48.058224, 57.727020, 56.783249>,  <47.643539, 58.152466, 56.289532>, 0.130000
	pigment { color rgbt <1,0,0,0> }
	no_shadow
}

// nucleotide -1

// particle -1
sphere {
	<48.058224, 57.727020, 56.783249> 0.250000
	pigment { color rgbt <1,0,0,0> }
	no_shadow
}
cylinder {
	<48.194653, 57.683636, 56.409744>,  <48.276512, 57.657604, 56.185642>, 0.100000
	pigment { color rgbt <1,0,0,0> }
	no_shadow
}
cylinder {
	<48.194653, 57.683636, 56.409744>,  <48.058224, 57.727020, 56.783249>, 0.100000
	pigment { color rgbt <1,0,0,0> }
	no_shadow
}

// particle -1
sphere {
	<48.194653, 57.683636, 56.409744> 0.100000
	pigment { color rgbt <1,0,0,0> }
	no_shadow
}
sphere {
	0, 1
	scale<0.080000,0.200000,0.300000>
	matrix <0.914107, 0.269961, 0.302538,
		0.219263, -0.956742, 0.191226,
		0.341074, -0.108466, -0.933758,
		48.296974, 57.651096, 56.129616>
	pigment { color rgbt <0,1,1,0> }
	no_shadow
}
cylinder {
	<48.759525, 57.427498, 56.730995>,  <48.058224, 57.727020, 56.783249>, 0.130000
	pigment { color rgbt <1,0,0,0> }
	no_shadow
}

// nucleotide -1

// particle -1
sphere {
	<48.759525, 57.427498, 56.730995> 0.250000
	pigment { color rgbt <1,0,0,0> }
	no_shadow
}
cylinder {
	<48.775715, 57.648651, 56.398087>,  <48.785431, 57.781345, 56.198341>, 0.100000
	pigment { color rgbt <1,0,0,0> }
	no_shadow
}
cylinder {
	<48.775715, 57.648651, 56.398087>,  <48.759525, 57.427498, 56.730995>, 0.100000
	pigment { color rgbt <1,0,0,0> }
	no_shadow
}

// particle -1
sphere {
	<48.775715, 57.648651, 56.398087> 0.100000
	pigment { color rgbt <1,0,0,0> }
	no_shadow
}
sphere {
	0, 1
	scale<0.080000,0.200000,0.300000>
	matrix <0.795505, 0.486181, 0.361664,
		0.604594, -0.676717, -0.420143,
		0.040478, 0.552886, -0.832273,
		48.787857, 57.814518, 56.148403>
	pigment { color rgbt <0,1,1,0> }
	no_shadow
}
cylinder {
	<49.326641, 57.256401, 56.351482>,  <48.759525, 57.427498, 56.730995>, 0.130000
	pigment { color rgbt <1,0,0,0> }
	no_shadow
}

// nucleotide -1

// particle -1
sphere {
	<49.326641, 57.256401, 56.351482> 0.250000
	pigment { color rgbt <1,0,0,0> }
	no_shadow
}
cylinder {
	<49.197327, 57.634048, 56.325775>,  <49.119736, 57.860638, 56.310349>, 0.100000
	pigment { color rgbt <1,0,0,0> }
	no_shadow
}
cylinder {
	<49.197327, 57.634048, 56.325775>,  <49.326641, 57.256401, 56.351482>, 0.100000
	pigment { color rgbt <1,0,0,0> }
	no_shadow
}

// particle -1
sphere {
	<49.197327, 57.634048, 56.325775> 0.100000
	pigment { color rgbt <1,0,0,0> }
	no_shadow
}
sphere {
	0, 1
	scale<0.080000,0.200000,0.300000>
	matrix <0.800690, 0.309111, 0.513173,
		0.504360, 0.114443, -0.855876,
		-0.323290, 0.944115, -0.064270,
		49.100338, 57.917282, 56.306496>
	pigment { color rgbt <0,1,1,0> }
	no_shadow
}
cylinder {
	<49.838745, 57.703499, 56.138344>,  <49.326641, 57.256401, 56.351482>, 0.130000
	pigment { color rgbt <1,0,0,0> }
	no_shadow
}

// nucleotide -1

// particle -1
sphere {
	<49.838745, 57.703499, 56.138344> 0.250000
	pigment { color rgbt <1,0,0,0> }
	no_shadow
}
cylinder {
	<49.593098, 57.891602, 56.391869>,  <49.445709, 58.004463, 56.543983>, 0.100000
	pigment { color rgbt <1,0,0,0> }
	no_shadow
}
cylinder {
	<49.593098, 57.891602, 56.391869>,  <49.838745, 57.703499, 56.138344>, 0.100000
	pigment { color rgbt <1,0,0,0> }
	no_shadow
}

// particle -1
sphere {
	<49.593098, 57.891602, 56.391869> 0.100000
	pigment { color rgbt <1,0,0,0> }
	no_shadow
}
sphere {
	0, 1
	scale<0.080000,0.200000,0.300000>
	matrix <0.780164, 0.240448, 0.577519,
		0.119183, 0.849143, -0.514541,
		-0.614117, 0.470257, 0.633813,
		49.408863, 58.032681, 56.582012>
	pigment { color rgbt <0,1,1,0> }
	no_shadow
}
cylinder {
	<49.894028, 58.494690, 56.234974>,  <49.838745, 57.703499, 56.138344>, 0.130000
	pigment { color rgbt <1,0,0,0> }
	no_shadow
}

// nucleotide -1

// particle -1
sphere {
	<49.894028, 58.494690, 56.234974> 0.250000
	pigment { color rgbt <1,0,0,0> }
	no_shadow
}
cylinder {
	<49.796715, 58.280552, 56.558510>,  <49.738327, 58.152069, 56.752632>, 0.100000
	pigment { color rgbt <1,0,0,0> }
	no_shadow
}
cylinder {
	<49.796715, 58.280552, 56.558510>,  <49.894028, 58.494690, 56.234974>, 0.100000
	pigment { color rgbt <1,0,0,0> }
	no_shadow
}

// particle -1
sphere {
	<49.796715, 58.280552, 56.558510> 0.100000
	pigment { color rgbt <1,0,0,0> }
	no_shadow
}
sphere {
	0, 1
	scale<0.080000,0.200000,0.300000>
	matrix <0.845472, 0.291657, 0.447339,
		-0.475385, 0.792679, 0.381667,
		-0.243280, -0.535347, 0.808837,
		49.723732, 58.119949, 56.801163>
	pigment { color rgbt <0,1,1,0> }
	no_shadow
}
cylinder {
	<49.973316, 59.005642, 56.787182>,  <49.894028, 58.494690, 56.234974>, 0.130000
	pigment { color rgbt <1,0,0,0> }
	no_shadow
}

// nucleotide -1

// particle -1
sphere {
	<49.973316, 59.005642, 56.787182> 0.250000
	pigment { color rgbt <1,0,0,0> }
	no_shadow
}
cylinder {
	<50.042477, 58.636345, 56.924431>,  <50.083973, 58.414768, 57.006779>, 0.100000
	pigment { color rgbt <1,0,0,0> }
	no_shadow
}
cylinder {
	<50.042477, 58.636345, 56.924431>,  <49.973316, 59.005642, 56.787182>, 0.100000
	pigment { color rgbt <1,0,0,0> }
	no_shadow
}

// particle -1
sphere {
	<50.042477, 58.636345, 56.924431> 0.100000
	pigment { color rgbt <1,0,0,0> }
	no_shadow
}
sphere {
	0, 1
	scale<0.080000,0.200000,0.300000>
	matrix <0.874557, 0.304151, 0.377679,
		-0.453050, 0.234779, 0.860014,
		0.172903, -0.923239, 0.343123,
		50.094349, 58.359371, 57.027367>
	pigment { color rgbt <0,1,1,0> }
	no_shadow
}
cylinder {
	<50.213097, 58.987019, 57.549484>,  <49.973316, 59.005642, 56.787182>, 0.130000
	pigment { color rgbt <1,0,0,0> }
	no_shadow
}

// nucleotide -1

// particle -1
sphere {
	<50.213097, 58.987019, 57.549484> 0.250000
	pigment { color rgbt <1,0,0,0> }
	no_shadow
}
cylinder {
	<50.376537, 58.695343, 57.329910>,  <50.474602, 58.520336, 57.198166>, 0.100000
	pigment { color rgbt <1,0,0,0> }
	no_shadow
}
cylinder {
	<50.376537, 58.695343, 57.329910>,  <50.213097, 58.987019, 57.549484>, 0.100000
	pigment { color rgbt <1,0,0,0> }
	no_shadow
}

// particle -1
sphere {
	<50.376537, 58.695343, 57.329910> 0.100000
	pigment { color rgbt <1,0,0,0> }
	no_shadow
}
sphere {
	0, 1
	scale<0.080000,0.200000,0.300000>
	matrix <0.911726, 0.298103, 0.282650,
		-0.042466, -0.615968, 0.786625,
		0.408599, -0.729190, -0.548935,
		50.499119, 58.476585, 57.165230>
	pigment { color rgbt <0,1,1,0> }
	no_shadow
}
cylinder {
	<50.706593, 58.679626, 58.064320>,  <50.213097, 58.987019, 57.549484>, 0.130000
	pigment { color rgbt <1,0,0,0> }
	no_shadow
}

// nucleotide -1

// particle -1
sphere {
	<50.706593, 58.679626, 58.064320> 0.250000
	pigment { color rgbt <1,0,0,0> }
	no_shadow
}
cylinder {
	<50.817661, 58.627182, 57.683647>,  <50.884304, 58.595715, 57.455242>, 0.100000
	pigment { color rgbt <1,0,0,0> }
	no_shadow
}
cylinder {
	<50.817661, 58.627182, 57.683647>,  <50.706593, 58.679626, 58.064320>, 0.100000
	pigment { color rgbt <1,0,0,0> }
	no_shadow
}

// particle -1
sphere {
	<50.817661, 58.627182, 57.683647> 0.100000
	pigment { color rgbt <1,0,0,0> }
	no_shadow
}
sphere {
	0, 1
	scale<0.080000,0.200000,0.300000>
	matrix <0.934450, 0.266750, 0.235897,
		0.222933, -0.954806, 0.196589,
		0.277676, -0.131114, -0.951686,
		50.900963, 58.587849, 57.398140>
	pigment { color rgbt <0,1,1,0> }
	no_shadow
}
cylinder {
	<51.459923, 58.954453, 58.083729>,  <50.706593, 58.679626, 58.064320>, 0.130000
	pigment { color rgbt <1,0,0,0> }
	no_shadow
}

// nucleotide -1

// particle -1
sphere {
	<51.459923, 58.954453, 58.083729> 0.250000
	pigment { color rgbt <1,0,0,0> }
	no_shadow
}
cylinder {
	<51.770363, 58.982498, 58.334412>,  <51.956627, 58.999325, 58.484821>, 0.100000
	pigment { color rgbt <1,0,0,0> }
	no_shadow
}
cylinder {
	<51.770363, 58.982498, 58.334412>,  <51.459923, 58.954453, 58.083729>, 0.100000
	pigment { color rgbt <1,0,0,0> }
	no_shadow
}

// particle -1
sphere {
	<51.770363, 58.982498, 58.334412> 0.100000
	pigment { color rgbt <1,0,0,0> }
	no_shadow
}
sphere {
	0, 1
	scale<0.080000,0.200000,0.300000>
	matrix <-0.396687, 0.826826, 0.398746,
		-0.490217, -0.558071, 0.669510,
		0.776097, 0.070113, 0.626704,
		52.003193, 59.003532, 58.522423>
	pigment { color rgbt <0,1,1,0> }
	no_shadow
}
cylinder {
	<51.247082, 58.980991, 58.867783>,  <51.459923, 58.954453, 58.083729>, 0.130000
	pigment { color rgbt <1,0,0,0> }
	no_shadow
}

// nucleotide -1

// particle -1
sphere {
	<51.247082, 58.980991, 58.867783> 0.250000
	pigment { color rgbt <1,0,0,0> }
	no_shadow
}
cylinder {
	<51.598198, 59.169601, 58.833946>,  <51.808868, 59.282768, 58.813644>, 0.100000
	pigment { color rgbt <1,0,0,0> }
	no_shadow
}
cylinder {
	<51.598198, 59.169601, 58.833946>,  <51.247082, 58.980991, 58.867783>, 0.100000
	pigment { color rgbt <1,0,0,0> }
	no_shadow
}

// particle -1
sphere {
	<51.598198, 59.169601, 58.833946> 0.100000
	pigment { color rgbt <1,0,0,0> }
	no_shadow
}
sphere {
	0, 1
	scale<0.080000,0.200000,0.300000>
	matrix <-0.258610, 0.615057, 0.744866,
		0.403249, -0.631959, 0.661830,
		0.877788, 0.471522, -0.084590,
		51.861534, 59.311058, 58.808571>
	pigment { color rgbt <0,1,1,0> }
	no_shadow
}
cylinder {
	<51.489803, 59.059521, 59.527966>,  <51.247082, 58.980991, 58.867783>, 0.130000
	pigment { color rgbt <1,0,0,0> }
	no_shadow
}

// nucleotide -1

// particle -1
sphere {
	<51.489803, 59.059521, 59.527966> 0.250000
	pigment { color rgbt <1,0,0,0> }
	no_shadow
}
cylinder {
	<51.695221, 59.331444, 59.318535>,  <51.818474, 59.494598, 59.192875>, 0.100000
	pigment { color rgbt <1,0,0,0> }
	no_shadow
}
cylinder {
	<51.695221, 59.331444, 59.318535>,  <51.489803, 59.059521, 59.527966>, 0.100000
	pigment { color rgbt <1,0,0,0> }
	no_shadow
}

// particle -1
sphere {
	<51.695221, 59.331444, 59.318535> 0.100000
	pigment { color rgbt <1,0,0,0> }
	no_shadow
}
sphere {
	0, 1
	scale<0.080000,0.200000,0.300000>
	matrix <-0.058174, 0.636368, 0.769189,
		0.856088, -0.364556, 0.366351,
		0.513547, 0.679805, -0.523579,
		51.849285, 59.535385, 59.161461>
	pigment { color rgbt <0,1,1,0> }
	no_shadow
}
cylinder {
	<52.028107, 59.322605, 59.834053>,  <51.489803, 59.059521, 59.527966>, 0.130000
	pigment { color rgbt <1,0,0,0> }
	no_shadow
}

// nucleotide -1

// particle -1
sphere {
	<52.028107, 59.322605, 59.834053> 0.250000
	pigment { color rgbt <1,0,0,0> }
	no_shadow
}
cylinder {
	<51.918507, 59.627956, 59.600067>,  <51.852745, 59.811169, 59.459675>, 0.100000
	pigment { color rgbt <1,0,0,0> }
	no_shadow
}
cylinder {
	<51.918507, 59.627956, 59.600067>,  <52.028107, 59.322605, 59.834053>, 0.100000
	pigment { color rgbt <1,0,0,0> }
	no_shadow
}

// particle -1
sphere {
	<51.918507, 59.627956, 59.600067> 0.100000
	pigment { color rgbt <1,0,0,0> }
	no_shadow
}
sphere {
	0, 1
	scale<0.080000,0.200000,0.300000>
	matrix <-0.262329, 0.525849, 0.809114,
		0.925261, 0.375149, 0.056174,
		-0.273999, 0.763378, -0.584960,
		51.836308, 59.856968, 59.424580>
	pigment { color rgbt <0,1,1,0> }
	no_shadow
}
cylinder {
	<52.617031, 58.795078, 59.568981>,  <52.028107, 59.322605, 59.834053>, 0.130000
	pigment { color rgbt <1,0,0,0> }
	no_shadow
}

// nucleotide -1

// particle -1
sphere {
	<52.617031, 58.795078, 59.568981> 0.250000
	pigment { color rgbt <1,0,0,0> }
	no_shadow
}
cylinder {
	<52.978065, 58.814518, 59.397881>,  <53.194687, 58.826183, 59.295219>, 0.100000
	pigment { color rgbt <1,0,0,0> }
	no_shadow
}
cylinder {
	<52.978065, 58.814518, 59.397881>,  <52.617031, 58.795078, 59.568981>, 0.100000
	pigment { color rgbt <1,0,0,0> }
	no_shadow
}

// particle -1
sphere {
	<52.978065, 58.814518, 59.397881> 0.100000
	pigment { color rgbt <1,0,0,0> }
	no_shadow
}
sphere {
	0, 1
	scale<0.080000,0.200000,0.300000>
	matrix <-0.021622, -0.987235, -0.157794,
		-0.429964, 0.151672, -0.890015,
		0.902587, 0.048602, -0.427755,
