// switches for output
#declare DRAW_BASES = 1; // possible values are 0, 1; only relevant for DNA ribbons
#declare DRAW_BASES_TYPE = 3; // possible values are 1, 2, 3; only relevant for DNA ribbons
#declare DRAW_FOG = 0; // set to 1 to enable fog

#include "colors.inc"

#include "transforms.inc"
background { rgb <1, 1, 1>}

#default {
   normal{
       ripples 0.25
       frequency 0.20
       turbulence 0.2
       lambda 5
   }
	finish {
		phong 0.1
		phong_size 40.
	}
}

// original window dimensions: 1024x640


// camera settings

camera {
	sky <-0, 1, 0>
	up <-0, 1, 0>
	right 1.6 * <0.99995, 0, 0.00999983>
	location <54.4867, 55, 106.329>
	look_at <55, 55, 55.0001>
	direction <0.513302, 0, -51.3289>
	angle 67.0682
}


# declare cpy_camera_pos = <54.4867, 55, 106.329>;
# if (DRAW_FOG = 1)
fog {
	fog_type 2
	up vnormalize(cpy_camera_pos)
	color rgbt<1,1,1,0.3>
	distance 1e-5
	fog_alt 3e-3
	fog_offset 88
}
# end


// LIGHTS

# declare lum = 6;
global_settings {
	ambient_light rgb lum * <0.05, 0.05, 0.05>
	max_trace_level 15
}# declare cpy_direct_light_amount = 0.25;
light_source
{	1000 * <-0.98995, -1, 1.00995>,
	rgb lum * cpy_direct_light_amount
	parallel
}

light_source
{	1000 * <0.98995, 1, -1.00995>,
	rgb lum * cpy_direct_light_amount
	parallel
}

// strand 0

// nucleotide -1

// particle -1
sphere {
	<36.462929, 53.116989, 49.939659> 0.250000
	pigment { color rgbt <1,0,0,0> }
	no_shadow
}
cylinder {
	<36.689213, 53.445423, 49.970093>,  <36.824982, 53.642483, 49.988354>, 0.100000
	pigment { color rgbt <1,0,0,0> }
	no_shadow
}
cylinder {
	<36.689213, 53.445423, 49.970093>,  <36.462929, 53.116989, 49.939659>, 0.100000
	pigment { color rgbt <1,0,0,0> }
	no_shadow
}

// particle -1
sphere {
	<36.689213, 53.445423, 49.970093> 0.100000
	pigment { color rgbt <1,0,0,0> }
	no_shadow
}
sphere {
	0, 1
	scale<0.080000,0.200000,0.300000>
	matrix <0.731961, -0.542502, 0.412218,
		0.379746, -0.177502, -0.907902,
		0.565708, 0.821088, 0.076088,
		36.858925, 53.691750, 49.992920>
	pigment { color rgbt <0,1,1,0> }
	no_shadow
}
cylinder {
	<37.209656, 52.966007, 49.612370>,  <36.462929, 53.116989, 49.939659>, 0.130000
	pigment { color rgbt <1,0,0,0> }
	no_shadow
}

// nucleotide -1

// particle -1
sphere {
	<37.209656, 52.966007, 49.612370> 0.250000
	pigment { color rgbt <1,0,0,0> }
	no_shadow
}
cylinder {
	<37.228466, 53.249428, 49.894005>,  <37.239754, 53.419479, 50.062984>, 0.100000
	pigment { color rgbt <1,0,0,0> }
	no_shadow
}
cylinder {
	<37.228466, 53.249428, 49.894005>,  <37.209656, 52.966007, 49.612370>, 0.100000
	pigment { color rgbt <1,0,0,0> }
	no_shadow
}

// particle -1
sphere {
	<37.228466, 53.249428, 49.894005> 0.100000
	pigment { color rgbt <1,0,0,0> }
	no_shadow
}
sphere {
	0, 1
	scale<0.080000,0.200000,0.300000>
	matrix <0.686160, -0.535167, 0.492728,
		0.725929, 0.459944, -0.511350,
		0.047030, 0.708554, 0.704088,
		37.242577, 53.461994, 50.105232>
	pigment { color rgbt <0,1,1,0> }
	no_shadow
}
cylinder {
	<37.912788, 53.164272, 49.661076>,  <37.209656, 52.966007, 49.612370>, 0.130000
	pigment { color rgbt <1,0,0,0> }
	no_shadow
}

// nucleotide -1

// particle -1
sphere {
	<37.912788, 53.164272, 49.661076> 0.250000
	pigment { color rgbt <1,0,0,0> }
	no_shadow
}
cylinder {
	<37.738251, 53.231163, 50.014717>,  <37.633526, 53.271297, 50.226902>, 0.100000
	pigment { color rgbt <1,0,0,0> }
	no_shadow
}
cylinder {
	<37.738251, 53.231163, 50.014717>,  <37.912788, 53.164272, 49.661076>, 0.100000
	pigment { color rgbt <1,0,0,0> }
	no_shadow
}

// particle -1
sphere {
	<37.738251, 53.231163, 50.014717> 0.100000
	pigment { color rgbt <1,0,0,0> }
	no_shadow
}
sphere {
	0, 1
	scale<0.080000,0.200000,0.300000>
	matrix <0.510195, -0.763366, 0.396200,
		0.741149, 0.623945, 0.247773,
		-0.436348, 0.167231, 0.884101,
		37.607346, 53.281334, 50.279949>
	pigment { color rgbt <0,1,1,0> }
	no_shadow
}
cylinder {
	<38.576073, 53.253170, 49.524628>,  <37.912788, 53.164272, 49.661076>, 0.130000
	pigment { color rgbt <1,0,0,0> }
	no_shadow
}

// nucleotide -1

// particle -1
sphere {
	<38.576073, 53.253170, 49.524628> 0.250000
	pigment { color rgbt <1,0,0,0> }
	no_shadow
}
cylinder {
	<38.777008, 53.372746, 49.200089>,  <38.897572, 53.444492, 49.005363>, 0.100000
	pigment { color rgbt <1,0,0,0> }
	no_shadow
}
cylinder {
	<38.777008, 53.372746, 49.200089>,  <38.576073, 53.253170, 49.524628>, 0.100000
	pigment { color rgbt <1,0,0,0> }
	no_shadow
}

// particle -1
sphere {
	<38.777008, 53.372746, 49.200089> 0.100000
	pigment { color rgbt <1,0,0,0> }
	no_shadow
}
sphere {
	0, 1
	scale<0.080000,0.200000,0.300000>
	matrix <-0.610980, 0.786692, -0.088430,
		0.611845, 0.540139, 0.577836,
		0.502343, 0.298941, -0.811348,
		38.927711, 53.462429, 48.956684>
	pigment { color rgbt <0,1,1,0> }
	no_shadow
}
cylinder {
	<38.702045, 53.964039, 49.553551>,  <38.576073, 53.253170, 49.524628>, 0.130000
	pigment { color rgbt <1,0,0,0> }
	no_shadow
}

// nucleotide -1

// particle -1
sphere {
	<38.702045, 53.964039, 49.553551> 0.250000
	pigment { color rgbt <1,0,0,0> }
	no_shadow
}
cylinder {
	<38.627930, 53.858978, 49.174778>,  <38.583462, 53.795940, 48.947514>, 0.100000
	pigment { color rgbt <1,0,0,0> }
	no_shadow
}
cylinder {
	<38.627930, 53.858978, 49.174778>,  <38.702045, 53.964039, 49.553551>, 0.100000
	pigment { color rgbt <1,0,0,0> }
	no_shadow
}

// particle -1
sphere {
	<38.627930, 53.858978, 49.174778> 0.100000
	pigment { color rgbt <1,0,0,0> }
	no_shadow
}
sphere {
	0, 1
	scale<0.080000,0.200000,0.300000>
	matrix <-0.677648, 0.732005, -0.070439,
		0.711661, 0.628637, -0.313616,
		-0.185288, -0.262650, -0.946934,
		38.572342, 53.780182, 48.890697>
	pigment { color rgbt <0,1,1,0> }
	no_shadow
}
cylinder {
	<39.077061, 53.846855, 50.115997>,  <38.702045, 53.964039, 49.553551>, 0.130000
	pigment { color rgbt <1,0,0,0> }
	no_shadow
}

// nucleotide -1

// particle -1
sphere {
	<39.077061, 53.846855, 50.115997> 0.250000
	pigment { color rgbt <1,0,0,0> }
	no_shadow
}
cylinder {
	<38.736717, 54.053967, 50.151665>,  <38.532513, 54.178234, 50.173065>, 0.100000
	pigment { color rgbt <1,0,0,0> }
	no_shadow
}
cylinder {
	<38.736717, 54.053967, 50.151665>,  <39.077061, 53.846855, 50.115997>, 0.100000
	pigment { color rgbt <1,0,0,0> }
	no_shadow
}

// particle -1
sphere {
	<38.736717, 54.053967, 50.151665> 0.100000
	pigment { color rgbt <1,0,0,0> }
	no_shadow
}
sphere {
	0, 1
	scale<0.080000,0.200000,0.300000>
	matrix <-0.514021, -0.855485, 0.062674,
		0.108730, 0.007494, 0.994043,
		-0.850858, 0.517774, 0.089165,
		38.481461, 54.209297, 50.178413>
	pigment { color rgbt <0,1,1,0> }
	no_shadow
}
cylinder {
	<38.720078, 53.974270, 50.788052>,  <39.077061, 53.846855, 50.115997>, 0.130000
	pigment { color rgbt <1,0,0,0> }
	no_shadow
}

// nucleotide -1

// particle -1
sphere {
	<38.720078, 53.974270, 50.788052> 0.250000
	pigment { color rgbt <1,0,0,0> }
	no_shadow
}
cylinder {
	<38.479256, 53.906876, 50.475861>,  <38.334763, 53.866440, 50.288548>, 0.100000
	pigment { color rgbt <1,0,0,0> }
	no_shadow
}
cylinder {
	<38.479256, 53.906876, 50.475861>,  <38.720078, 53.974270, 50.788052>, 0.100000
	pigment { color rgbt <1,0,0,0> }
	no_shadow
}

// particle -1
sphere {
	<38.479256, 53.906876, 50.475861> 0.100000
	pigment { color rgbt <1,0,0,0> }
	no_shadow
}
sphere {
	0, 1
	scale<0.080000,0.200000,0.300000>
	matrix <-0.072641, -0.961871, 0.263681,
		-0.795146, 0.215444, 0.566856,
		-0.602051, -0.168488, -0.780478,
		38.298641, 53.856331, 50.241718>
	pigment { color rgbt <0,1,1,0> }
	no_shadow
}
cylinder {
	<38.976929, 54.416378, 51.409412>,  <38.720078, 53.974270, 50.788052>, 0.130000
	pigment { color rgbt <1,0,0,0> }
	no_shadow
}

// nucleotide -1

// particle -1
sphere {
	<38.976929, 54.416378, 51.409412> 0.250000
	pigment { color rgbt <1,0,0,0> }
	no_shadow
}
cylinder {
	<39.113411, 54.701813, 51.654156>,  <39.195301, 54.873074, 51.801003>, 0.100000
	pigment { color rgbt <1,0,0,0> }
	no_shadow
}
cylinder {
	<39.113411, 54.701813, 51.654156>,  <38.976929, 54.416378, 51.409412>, 0.100000
	pigment { color rgbt <1,0,0,0> }
	no_shadow
}

// particle -1
sphere {
	<39.113411, 54.701813, 51.654156> 0.100000
	pigment { color rgbt <1,0,0,0> }
	no_shadow
}
sphere {
	0, 1
	scale<0.080000,0.200000,0.300000>
	matrix <0.546667, -0.680164, 0.488398,
		0.764680, 0.167842, -0.622168,
		0.341203, 0.713587, 0.611861,
		39.215771, 54.915890, 51.837715>
	pigment { color rgbt <0,1,1,0> }
	no_shadow
}
cylinder {
	<39.503784, 54.199844, 51.904495>,  <38.976929, 54.416378, 51.409412>, 0.130000
	pigment { color rgbt <1,0,0,0> }
	no_shadow
}

// nucleotide -1

// particle -1
sphere {
	<39.503784, 54.199844, 51.904495> 0.250000
	pigment { color rgbt <1,0,0,0> }
	no_shadow
}
cylinder {
	<39.504505, 53.834335, 52.066986>,  <39.504936, 53.615032, 52.164482>, 0.100000
	pigment { color rgbt <1,0,0,0> }
	no_shadow
}
cylinder {
	<39.504505, 53.834335, 52.066986>,  <39.503784, 54.199844, 51.904495>, 0.100000
	pigment { color rgbt <1,0,0,0> }
	no_shadow
}

// particle -1
sphere {
	<39.504505, 53.834335, 52.066986> 0.100000
	pigment { color rgbt <1,0,0,0> }
	no_shadow
}
sphere {
	0, 1
	scale<0.080000,0.200000,0.300000>
	matrix <0.955574, 0.121306, 0.268632,
		-0.294746, 0.387696, 0.873394,
		0.001800, -0.913771, 0.406227,
		39.505047, 53.560204, 52.188854>
	pigment { color rgbt <0,1,1,0> }
	no_shadow
}
cylinder {
	<39.524464, 54.149261, 52.658195>,  <39.503784, 54.199844, 51.904495>, 0.130000
	pigment { color rgbt <1,0,0,0> }
	no_shadow
}

// nucleotide -1

// particle -1
sphere {
	<39.524464, 54.149261, 52.658195> 0.250000
	pigment { color rgbt <1,0,0,0> }
	no_shadow
}
cylinder {
	<39.700058, 53.824032, 52.505249>,  <39.805412, 53.628895, 52.413483>, 0.100000
	pigment { color rgbt <1,0,0,0> }
	no_shadow
}
cylinder {
	<39.700058, 53.824032, 52.505249>,  <39.524464, 54.149261, 52.658195>, 0.100000
	pigment { color rgbt <1,0,0,0> }
	no_shadow
}

// particle -1
sphere {
	<39.700058, 53.824032, 52.505249> 0.100000
	pigment { color rgbt <1,0,0,0> }
	no_shadow
}
sphere {
	0, 1
	scale<0.080000,0.200000,0.300000>
	matrix <0.821540, 0.190907, 0.537239,
		-0.363820, -0.549966, 0.751779,
		0.438983, -0.813075, -0.382364,
		39.831753, 53.580109, 52.390541>
	pigment { color rgbt <0,1,1,0> }
	no_shadow
}
cylinder {
	<39.752647, 53.634857, 53.161777>,  <39.524464, 54.149261, 52.658195>, 0.130000
	pigment { color rgbt <1,0,0,0> }
	no_shadow
}

// nucleotide -1

// particle -1
sphere {
	<39.752647, 53.634857, 53.161777> 0.250000
	pigment { color rgbt <1,0,0,0> }
	no_shadow
}
cylinder {
	<39.960098, 53.641045, 52.819832>,  <40.084568, 53.644756, 52.614666>, 0.100000
	pigment { color rgbt <1,0,0,0> }
	no_shadow
}
cylinder {
	<39.960098, 53.641045, 52.819832>,  <39.752647, 53.634857, 53.161777>, 0.100000
	pigment { color rgbt <1,0,0,0> }
	no_shadow
}

// particle -1
sphere {
	<39.960098, 53.641045, 52.819832> 0.100000
	pigment { color rgbt <1,0,0,0> }
	no_shadow
}
sphere {
	0, 1
	scale<0.080000,0.200000,0.300000>
	matrix <0.851970, 0.074784, 0.518222,
		0.071942, -0.997080, 0.025612,
		0.518624, 0.015462, -0.854862,
		40.115685, 53.645687, 52.563374>
	pigment { color rgbt <0,1,1,0> }
	no_shadow
}
cylinder {
	<40.242359, 53.194626, 53.150753>,  <39.752647, 53.634857, 53.161777>, 0.130000
	pigment { color rgbt <1,0,0,0> }
	no_shadow
}

// nucleotide -1

// particle -1
sphere {
	<40.242359, 53.194626, 53.150753> 0.250000
	pigment { color rgbt <1,0,0,0> }
	no_shadow
}
cylinder {
	<40.377972, 53.492447, 52.920723>,  <40.459339, 53.671139, 52.782707>, 0.100000
	pigment { color rgbt <1,0,0,0> }
	no_shadow
}
cylinder {
	<40.377972, 53.492447, 52.920723>,  <40.242359, 53.194626, 53.150753>, 0.100000
	pigment { color rgbt <1,0,0,0> }
	no_shadow
}

// particle -1
sphere {
	<40.377972, 53.492447, 52.920723> 0.100000
	pigment { color rgbt <1,0,0,0> }
	no_shadow
}
sphere {
	0, 1
	scale<0.080000,0.200000,0.300000>
	matrix <0.837423, 0.039708, 0.545111,
		0.428696, -0.666387, -0.610040,
		0.339031, 0.744548, -0.575070,
		40.479679, 53.715813, 52.748203>
	pigment { color rgbt <0,1,1,0> }
	no_shadow
}
cylinder {
	<40.832882, 53.192928, 53.523865>,  <40.242359, 53.194626, 53.150753>, 0.130000
	pigment { color rgbt <1,0,0,0> }
	no_shadow
}

// nucleotide -1

// particle -1
sphere {
	<40.832882, 53.192928, 53.523865> 0.250000
	pigment { color rgbt <1,0,0,0> }
	no_shadow
}
cylinder {
	<40.861252, 53.504845, 53.275059>,  <40.878273, 53.691994, 53.125774>, 0.100000
	pigment { color rgbt <1,0,0,0> }
	no_shadow
}
cylinder {
	<40.861252, 53.504845, 53.275059>,  <40.832882, 53.192928, 53.523865>, 0.100000
	pigment { color rgbt <1,0,0,0> }
	no_shadow
}

// particle -1
sphere {
	<40.861252, 53.504845, 53.275059> 0.100000
	pigment { color rgbt <1,0,0,0> }
	no_shadow
}
sphere {
	0, 1
	scale<0.080000,0.200000,0.300000>
	matrix <0.804819, 0.323650, 0.497512,
		0.589268, -0.535892, -0.604635,
		0.070923, 0.779789, -0.622012,
		40.882530, 53.738781, 53.088455>
	pigment { color rgbt <0,1,1,0> }
	no_shadow
}
cylinder {
	<41.411835, 53.232784, 53.138340>,  <40.832882, 53.192928, 53.523865>, 0.130000
	pigment { color rgbt <1,0,0,0> }
	no_shadow
}

// nucleotide -1

// particle -1
sphere {
	<41.411835, 53.232784, 53.138340> 0.250000
	pigment { color rgbt <1,0,0,0> }
	no_shadow
}
cylinder {
	<41.300373, 53.614040, 53.185448>,  <41.233498, 53.842796, 53.213711>, 0.100000
	pigment { color rgbt <1,0,0,0> }
	no_shadow
}
cylinder {
	<41.300373, 53.614040, 53.185448>,  <41.411835, 53.232784, 53.138340>, 0.100000
	pigment { color rgbt <1,0,0,0> }
	no_shadow
}

// particle -1
sphere {
	<41.300373, 53.614040, 53.185448> 0.100000
	pigment { color rgbt <1,0,0,0> }
	no_shadow
}
sphere {
	0, 1
	scale<0.080000,0.200000,0.300000>
	matrix <0.934534, 0.240839, 0.261998,
		0.221359, 0.183062, -0.957856,
		-0.278651, 0.953145, 0.117766,
		41.216778, 53.899982, 53.220776>
	pigment { color rgbt <0,1,1,0> }
	no_shadow
}
cylinder {
	<41.756760, 53.835262, 52.664669>,  <41.411835, 53.232784, 53.138340>, 0.130000
	pigment { color rgbt <1,0,0,0> }
	no_shadow
}

// nucleotide -1

// particle -1
sphere {
	<41.756760, 53.835262, 52.664669> 0.250000
	pigment { color rgbt <1,0,0,0> }
	no_shadow
}
cylinder {
	<41.651947, 53.976189, 53.024048>,  <41.589058, 54.060745, 53.239677>, 0.100000
	pigment { color rgbt <1,0,0,0> }
	no_shadow
}
cylinder {
	<41.651947, 53.976189, 53.024048>,  <41.756760, 53.835262, 52.664669>, 0.100000
	pigment { color rgbt <1,0,0,0> }
	no_shadow
}

// particle -1
sphere {
	<41.651947, 53.976189, 53.024048> 0.100000
	pigment { color rgbt <1,0,0,0> }
	no_shadow
}
sphere {
	0, 1
	scale<0.080000,0.200000,0.300000>
	matrix <0.954219, 0.233730, 0.186644,
		-0.144237, 0.906226, -0.397430,
		-0.262032, 0.352315, 0.898450,
		41.573338, 54.081882, 53.293583>
	pigment { color rgbt <0,1,1,0> }
	no_shadow
}
cylinder {
	<42.014229, 54.448654, 52.775806>,  <41.756760, 53.835262, 52.664669>, 0.130000
	pigment { color rgbt <1,0,0,0> }
	no_shadow
}

// nucleotide -1

// particle -1
sphere {
	<42.014229, 54.448654, 52.775806> 0.250000
	pigment { color rgbt <1,0,0,0> }
	no_shadow
}
cylinder {
	<41.934650, 54.337933, 53.151848>,  <41.886906, 54.271500, 53.377472>, 0.100000
	pigment { color rgbt <1,0,0,0> }
	no_shadow
}
cylinder {
	<41.934650, 54.337933, 53.151848>,  <42.014229, 54.448654, 52.775806>, 0.100000
	pigment { color rgbt <1,0,0,0> }
	no_shadow
}

// particle -1
sphere {
	<41.934650, 54.337933, 53.151848> 0.100000
	pigment { color rgbt <1,0,0,0> }
	no_shadow
}
sphere {
	0, 1
	scale<0.080000,0.200000,0.300000>
	matrix <0.956072, 0.155912, 0.248228,
		-0.215284, 0.948195, 0.233623,
		-0.198944, -0.276800, 0.940108,
		41.874966, 54.254894, 53.433880>
	pigment { color rgbt <0,1,1,0> }
	no_shadow
}
cylinder {
	<42.190311, 55.010090, 53.315178>,  <42.014229, 54.448654, 52.775806>, 0.130000
	pigment { color rgbt <1,0,0,0> }
	no_shadow
}

// nucleotide -1

// particle -1
sphere {
	<42.190311, 55.010090, 53.315178> 0.250000
	pigment { color rgbt <1,0,0,0> }
	no_shadow
}
cylinder {
	<42.218399, 54.637581, 53.458176>,  <42.235252, 54.414074, 53.543976>, 0.100000
	pigment { color rgbt <1,0,0,0> }
	no_shadow
}
cylinder {
	<42.218399, 54.637581, 53.458176>,  <42.190311, 55.010090, 53.315178>, 0.100000
	pigment { color rgbt <1,0,0,0> }
	no_shadow
}

// particle -1
sphere {
	<42.218399, 54.637581, 53.458176> 0.100000
	pigment { color rgbt <1,0,0,0> }
	no_shadow
}
sphere {
	0, 1
	scale<0.080000,0.200000,0.300000>
	matrix <0.963943, 0.155562, 0.215903,
		-0.256677, 0.329445, 0.908616,
		0.070218, -0.931271, 0.357496,
		42.239464, 54.358200, 53.565426>
	pigment { color rgbt <0,1,1,0> }
	no_shadow
}
cylinder {
	<42.556465, 55.080338, 53.943550>,  <42.190311, 55.010090, 53.315178>, 0.130000
	pigment { color rgbt <1,0,0,0> }
	no_shadow
}

// nucleotide -1

// particle -1
sphere {
	<42.556465, 55.080338, 53.943550> 0.250000
	pigment { color rgbt <1,0,0,0> }
	no_shadow
}
cylinder {
	<42.608128, 54.702255, 53.823608>,  <42.639126, 54.475407, 53.751644>, 0.100000
	pigment { color rgbt <1,0,0,0> }
	no_shadow
}
cylinder {
	<42.608128, 54.702255, 53.823608>,  <42.556465, 55.080338, 53.943550>, 0.100000
	pigment { color rgbt <1,0,0,0> }
	no_shadow
}

// particle -1
sphere {
	<42.608128, 54.702255, 53.823608> 0.100000
	pigment { color rgbt <1,0,0,0> }
	no_shadow
}
sphere {
	0, 1
	scale<0.080000,0.200000,0.300000>
	matrix <0.972645, 0.061874, 0.223904,
		-0.193081, -0.320571, 0.927337,
		0.129155, -0.945201, -0.299856,
		42.646873, 54.418694, 53.733650>
	pigment { color rgbt <0,1,1,0> }
	no_shadow
}
cylinder {
	<42.769676, 54.548409, 54.503143>,  <42.556465, 55.080338, 53.943550>, 0.130000
	pigment { color rgbt <1,0,0,0> }
	no_shadow
}

// nucleotide -1

// particle -1
sphere {
	<42.769676, 54.548409, 54.503143> 0.250000
	pigment { color rgbt <1,0,0,0> }
	no_shadow
}
cylinder {
	<42.898952, 54.466194, 54.133644>,  <42.976517, 54.416866, 53.911945>, 0.100000
	pigment { color rgbt <1,0,0,0> }
	no_shadow
}
cylinder {
	<42.898952, 54.466194, 54.133644>,  <42.769676, 54.548409, 54.503143>, 0.100000
	pigment { color rgbt <1,0,0,0> }
	no_shadow
}

// particle -1
sphere {
	<42.898952, 54.466194, 54.133644> 0.100000
	pigment { color rgbt <1,0,0,0> }
	no_shadow
}
sphere {
	0, 1
	scale<0.080000,0.200000,0.300000>
	matrix <0.945621, 0.108020, 0.306809,
		0.036723, -0.972670, 0.229270,
		0.323189, -0.205536, -0.923744,
		42.995911, 54.404533, 53.856522>
	pigment { color rgbt <0,1,1,0> }
	no_shadow
}
cylinder {
	<43.051243, 53.941223, 54.504616>,  <42.769676, 54.548409, 54.503143>, 0.130000
	pigment { color rgbt <1,0,0,0> }
	no_shadow
}

// nucleotide -1

// particle -1
sphere {
	<43.051243, 53.941223, 54.504616> 0.250000
	pigment { color rgbt <1,0,0,0> }
	no_shadow
}
cylinder {
	<43.209908, 54.146057, 54.199875>,  <43.305107, 54.268959, 54.017029>, 0.100000
	pigment { color rgbt <1,0,0,0> }
	no_shadow
}
cylinder {
	<43.209908, 54.146057, 54.199875>,  <43.051243, 53.941223, 54.504616>, 0.100000
	pigment { color rgbt <1,0,0,0> }
	no_shadow
}

// particle -1
sphere {
	<43.209908, 54.146057, 54.199875> 0.100000
	pigment { color rgbt <1,0,0,0> }
	no_shadow
}
sphere {
	0, 1
	scale<0.080000,0.200000,0.300000>
	matrix <0.900271, -0.054859, 0.431859,
		0.179356, -0.857178, -0.482780,
		0.396665, 0.512090, -0.761853,
		43.328907, 54.299683, 53.971317>
	pigment { color rgbt <0,1,1,0> }
	no_shadow
}
cylinder {
	<43.395885, 53.540291, 54.061790>,  <43.051243, 53.941223, 54.504616>, 0.130000
	pigment { color rgbt <1,0,0,0> }
	no_shadow
}

// nucleotide -1

// particle -1
sphere {
	<43.395885, 53.540291, 54.061790> 0.250000
	pigment { color rgbt <1,0,0,0> }
	no_shadow
}
cylinder {
	<43.543911, 53.907211, 54.120605>,  <43.632725, 54.127361, 54.155895>, 0.100000
	pigment { color rgbt <1,0,0,0> }
	no_shadow
}
cylinder {
	<43.543911, 53.907211, 54.120605>,  <43.395885, 53.540291, 54.061790>, 0.100000
	pigment { color rgbt <1,0,0,0> }
	no_shadow
}

// particle -1
sphere {
	<43.543911, 53.907211, 54.120605> 0.100000
	pigment { color rgbt <1,0,0,0> }
	no_shadow
}
sphere {
	0, 1
	scale<0.080000,0.200000,0.300000>
	matrix <0.789808, -0.393984, 0.470085,
		0.489138, -0.057829, -0.870287,
		0.370063, 0.917296, 0.147039,
		43.654930, 54.182400, 54.164719>
	pigment { color rgbt <0,1,1,0> }
	no_shadow
}
cylinder {
	<44.030979, 53.627861, 53.676712>,  <43.395885, 53.540291, 54.061790>, 0.130000
	pigment { color rgbt <1,0,0,0> }
	no_shadow
}

// nucleotide -1

// particle -1
sphere {
	<44.030979, 53.627861, 53.676712> 0.250000
	pigment { color rgbt <1,0,0,0> }
	no_shadow
}
cylinder {
	<44.005421, 53.790619, 54.041206>,  <43.990086, 53.888275, 54.259903>, 0.100000
	pigment { color rgbt <1,0,0,0> }
	no_shadow
}
cylinder {
	<44.005421, 53.790619, 54.041206>,  <44.030979, 53.627861, 53.676712>, 0.100000
	pigment { color rgbt <1,0,0,0> }
	no_shadow
}

// particle -1
sphere {
	<44.005421, 53.790619, 54.041206> 0.100000
	pigment { color rgbt <1,0,0,0> }
	no_shadow
}
sphere {
	0, 1
	scale<0.080000,0.200000,0.300000>
	matrix <0.770584, -0.560091, 0.304136,
		0.634127, 0.721617, -0.277761,
		-0.063898, 0.406899, 0.911235,
		43.986252, 53.912689, 54.314575>
	pigment { color rgbt <0,1,1,0> }
	no_shadow
}
cylinder {
	<44.686714, 53.798756, 54.008175>,  <44.030979, 53.627861, 53.676712>, 0.130000
	pigment { color rgbt <1,0,0,0> }
	no_shadow
}

// nucleotide -1

// particle -1
sphere {
	<44.686714, 53.798756, 54.008175> 0.250000
	pigment { color rgbt <1,0,0,0> }
	no_shadow
}
cylinder {
	<44.843369, 54.066582, 53.755730>,  <44.937359, 54.227280, 53.604263>, 0.100000
	pigment { color rgbt <1,0,0,0> }
	no_shadow
}
cylinder {
	<44.843369, 54.066582, 53.755730>,  <44.686714, 53.798756, 54.008175>, 0.100000
	pigment { color rgbt <1,0,0,0> }
	no_shadow
}

// particle -1
sphere {
	<44.843369, 54.066582, 53.755730> 0.100000
	pigment { color rgbt <1,0,0,0> }
	no_shadow
}
sphere {
	0, 1
	scale<0.080000,0.200000,0.300000>
	matrix <0.811005, 0.072793, 0.580492,
		0.434620, -0.739174, -0.514516,
		0.391632, 0.669569, -0.631112,
		44.960857, 54.267452, 53.566395>
	pigment { color rgbt <0,1,1,0> }
	no_shadow
}
cylinder {
	<45.392780, 53.707176, 54.082825>,  <44.686714, 53.798756, 54.008175>, 0.130000
	pigment { color rgbt <1,0,0,0> }
	no_shadow
}

// nucleotide -1

// particle -1
sphere {
	<45.392780, 53.707176, 54.082825> 0.250000
	pigment { color rgbt <1,0,0,0> }
	no_shadow
}
cylinder {
	<45.360939, 54.073463, 53.925285>,  <45.341835, 54.293236, 53.830761>, 0.100000
	pigment { color rgbt <1,0,0,0> }
	no_shadow
}
cylinder {
	<45.360939, 54.073463, 53.925285>,  <45.392780, 53.707176, 54.082825>, 0.100000
	pigment { color rgbt <1,0,0,0> }
	no_shadow
}

// particle -1
sphere {
	<45.360939, 54.073463, 53.925285> 0.100000
	pigment { color rgbt <1,0,0,0> }
	no_shadow
}
sphere {
	0, 1
	scale<0.080000,0.200000,0.300000>
	matrix <0.790307, 0.298771, 0.534930,
		0.607518, -0.268679, -0.747485,
		-0.079602, 0.915722, -0.393848,
		45.337059, 54.348179, 53.807133>
	pigment { color rgbt <0,1,1,0> }
	no_shadow
}
cylinder {
	<46.003868, 54.024624, 54.289906>,  <45.392780, 53.707176, 54.082825>, 0.130000
	pigment { color rgbt <1,0,0,0> }
	no_shadow
}

// nucleotide -1

// particle -1
sphere {
	<46.003868, 54.024624, 54.289906> 0.250000
	pigment { color rgbt <1,0,0,0> }
	no_shadow
}
cylinder {
	<45.814522, 54.332882, 54.119247>,  <45.700912, 54.517838, 54.016853>, 0.100000
	pigment { color rgbt <1,0,0,0> }
	no_shadow
}
cylinder {
	<45.814522, 54.332882, 54.119247>,  <46.003868, 54.024624, 54.289906>, 0.100000
	pigment { color rgbt <1,0,0,0> }
	no_shadow
}

// particle -1
sphere {
	<45.814522, 54.332882, 54.119247> 0.100000
	pigment { color rgbt <1,0,0,0> }
	no_shadow
}
sphere {
	0, 1
	scale<0.080000,0.200000,0.300000>
	matrix <0.765723, 0.599421, 0.233158,
		0.435424, -0.216324, -0.873848,
		-0.473365, 0.770648, -0.426647,
		45.672512, 54.564075, 53.991253>
	pigment { color rgbt <0,1,1,0> }
	no_shadow
}
cylinder {
	<46.371269, 54.313866, 53.778984>,  <46.003868, 54.024624, 54.289906>, 0.130000
	pigment { color rgbt <1,0,0,0> }
	no_shadow
}

// nucleotide -1

// particle -1
sphere {
	<46.371269, 54.313866, 53.778984> 0.250000
	pigment { color rgbt <1,0,0,0> }
	no_shadow
}
cylinder {
	<46.140846, 54.581848, 53.966309>,  <46.002590, 54.742638, 54.078705>, 0.100000
	pigment { color rgbt <1,0,0,0> }
	no_shadow
}
cylinder {
	<46.140846, 54.581848, 53.966309>,  <46.371269, 54.313866, 53.778984>, 0.100000
	pigment { color rgbt <1,0,0,0> }
	no_shadow
}

// particle -1
sphere {
	<46.140846, 54.581848, 53.966309> 0.100000
	pigment { color rgbt <1,0,0,0> }
	no_shadow
}
sphere {
	0, 1
	scale<0.080000,0.200000,0.300000>
	matrix <0.815287, 0.512159, 0.270187,
		-0.058839, 0.537454, -0.841238,
		-0.576060, 0.669952, 0.468314,
		45.968029, 54.782833, 54.106804>
	pigment { color rgbt <0,1,1,0> }
	no_shadow
}
cylinder {
	<46.553291, 54.909374, 53.578178>,  <46.371269, 54.313866, 53.778984>, 0.130000
	pigment { color rgbt <1,0,0,0> }
	no_shadow
}

// nucleotide -1

// particle -1
sphere {
	<46.553291, 54.909374, 53.578178> 0.250000
	pigment { color rgbt <1,0,0,0> }
	no_shadow
}
cylinder {
	<46.462521, 54.985802, 53.960171>,  <46.408058, 55.031658, 54.189365>, 0.100000
	pigment { color rgbt <1,0,0,0> }
	no_shadow
}
cylinder {
	<46.462521, 54.985802, 53.960171>,  <46.553291, 54.909374, 53.578178>, 0.100000
	pigment { color rgbt <1,0,0,0> }
	no_shadow
}

// particle -1
sphere {
	<46.462521, 54.985802, 53.960171> 0.100000
	pigment { color rgbt <1,0,0,0> }
	no_shadow
}
sphere {
	0, 1
	scale<0.080000,0.200000,0.300000>
	matrix <0.883829, 0.452282, 0.119527,
		-0.409085, 0.871168, -0.271508,
		-0.226926, 0.191070, 0.954985,
		46.394444, 55.043121, 54.246666>
	pigment { color rgbt <0,1,1,0> }
	no_shadow
}
cylinder {
	<46.703140, 55.633003, 53.631023>,  <46.553291, 54.909374, 53.578178>, 0.130000
	pigment { color rgbt <1,0,0,0> }
	no_shadow
}

// nucleotide -1

// particle -1
sphere {
	<46.703140, 55.633003, 53.631023> 0.250000
	pigment { color rgbt <1,0,0,0> }
	no_shadow
}
cylinder {
	<46.719151, 55.412281, 53.964226>,  <46.728756, 55.279846, 54.164146>, 0.100000
	pigment { color rgbt <1,0,0,0> }
	no_shadow
}
cylinder {
	<46.719151, 55.412281, 53.964226>,  <46.703140, 55.633003, 53.631023>, 0.100000
	pigment { color rgbt <1,0,0,0> }
	no_shadow
}

// particle -1
sphere {
	<46.719151, 55.412281, 53.964226> 0.100000
	pigment { color rgbt <1,0,0,0> }
	no_shadow
}
sphere {
	0, 1
	scale<0.080000,0.200000,0.300000>
	matrix <0.885850, 0.405268, 0.225891,
		-0.462241, 0.728880, 0.505042,
		0.040030, -0.551807, 0.833010,
		46.731159, 55.246738, 54.214130>
	pigment { color rgbt <0,1,1,0> }
	no_shadow
}
cylinder {
	<46.713963, 56.120625, 54.232689>,  <46.703140, 55.633003, 53.631023>, 0.130000
	pigment { color rgbt <1,0,0,0> }
	no_shadow
}

// nucleotide -1

// particle -1
sphere {
	<46.713963, 56.120625, 54.232689> 0.250000
	pigment { color rgbt <1,0,0,0> }
	no_shadow
}
cylinder {
	<46.909931, 55.773464, 54.265488>,  <47.027512, 55.565166, 54.285168>, 0.100000
	pigment { color rgbt <1,0,0,0> }
	no_shadow
}
cylinder {
	<46.909931, 55.773464, 54.265488>,  <46.713963, 56.120625, 54.232689>, 0.100000
	pigment { color rgbt <1,0,0,0> }
	no_shadow
}

// particle -1
sphere {
	<46.909931, 55.773464, 54.265488> 0.100000
	pigment { color rgbt <1,0,0,0> }
	no_shadow
}
sphere {
	0, 1
	scale<0.080000,0.200000,0.300000>
	matrix <0.871386, 0.490316, -0.016658,
		-0.025748, 0.079615, 0.996493,
		0.489923, -0.867901, 0.082001,
		47.056908, 55.513096, 54.290089>
	pigment { color rgbt <0,1,1,0> }
	no_shadow
}
cylinder {
	<47.155205, 55.963894, 54.873093>,  <46.713963, 56.120625, 54.232689>, 0.130000
	pigment { color rgbt <1,0,0,0> }
	no_shadow
}

// nucleotide -1

// particle -1
sphere {
	<47.155205, 55.963894, 54.873093> 0.250000
	pigment { color rgbt <1,0,0,0> }
	no_shadow
}
cylinder {
	<47.336182, 55.750553, 54.587204>,  <47.444767, 55.622551, 54.415668>, 0.100000
	pigment { color rgbt <1,0,0,0> }
	no_shadow
}
cylinder {
	<47.336182, 55.750553, 54.587204>,  <47.155205, 55.963894, 54.873093>, 0.100000
	pigment { color rgbt <1,0,0,0> }
	no_shadow
}

// particle -1
sphere {
	<47.336182, 55.750553, 54.587204> 0.100000
	pigment { color rgbt <1,0,0,0> }
	no_shadow
}
sphere {
	0, 1
	scale<0.080000,0.200000,0.300000>
	matrix <0.815332, 0.572076, 0.089234,
		0.361283, -0.623111, 0.693692,
		0.452447, -0.533350, -0.714723,
		47.471916, 55.590549, 54.372787>
	pigment { color rgbt <0,1,1,0> }
	no_shadow
}
cylinder {
	<47.777771, 55.723156, 55.223038>,  <47.155205, 55.963894, 54.873093>, 0.130000
	pigment { color rgbt <1,0,0,0> }
	no_shadow
}

// nucleotide -1

// particle -1
sphere {
	<47.777771, 55.723156, 55.223038> 0.250000
	pigment { color rgbt <1,0,0,0> }
	no_shadow
}
cylinder {
	<47.859638, 55.775162, 54.834976>,  <47.908760, 55.806366, 54.602139>, 0.100000
	pigment { color rgbt <1,0,0,0> }
	no_shadow
}
cylinder {
	<47.859638, 55.775162, 54.834976>,  <47.777771, 55.723156, 55.223038>, 0.100000
	pigment { color rgbt <1,0,0,0> }
	no_shadow
}

// particle -1
sphere {
	<47.859638, 55.775162, 54.834976> 0.100000
	pigment { color rgbt <1,0,0,0> }
	no_shadow
}
sphere {
	0, 1
	scale<0.080000,0.200000,0.300000>
	matrix <0.840617, 0.484429, 0.242262,
		0.501471, -0.865115, -0.010145,
		0.204670, 0.130015, -0.970158,
		47.921040, 55.814167, 54.543930>
	pigment { color rgbt <0,1,1,0> }
	no_shadow
}
cylinder {
	<48.317699, 55.107941, 55.492794>,  <47.777771, 55.723156, 55.223038>, 0.130000
	pigment { color rgbt <1,0,0,0> }
	no_shadow
}

// nucleotide -1

// particle -1
sphere {
	<48.317699, 55.107941, 55.492794> 0.250000
	pigment { color rgbt <1,0,0,0> }
	no_shadow
}
cylinder {
	<48.449947, 54.753265, 55.363503>,  <48.529297, 54.540459, 55.285927>, 0.100000
	pigment { color rgbt <1,0,0,0> }
	no_shadow
}
cylinder {
	<48.449947, 54.753265, 55.363503>,  <48.317699, 55.107941, 55.492794>, 0.100000
	pigment { color rgbt <1,0,0,0> }
	no_shadow
}

// particle -1
sphere {
	<48.449947, 54.753265, 55.363503> 0.100000
	pigment { color rgbt <1,0,0,0> }
	no_shadow
}
sphere {
	0, 1
	scale<0.080000,0.200000,0.300000>
	matrix <0.867397, 0.420451, -0.266163,
		0.371905, -0.192367, 0.908120,
		0.330619, -0.886688, -0.323226,
		48.549133, 54.487259, 55.266533>
	pigment { color rgbt <0,1,1,0> }
	no_shadow
}
cylinder {
	<49.074490, 55.063843, 55.559319>,  <48.317699, 55.107941, 55.492794>, 0.130000
	pigment { color rgbt <1,0,0,0> }
	no_shadow
}

// nucleotide -1

// particle -1
sphere {
	<49.074490, 55.063843, 55.559319> 0.250000
	pigment { color rgbt <1,0,0,0> }
	no_shadow
}
cylinder {
	<48.977440, 54.773003, 55.302429>,  <48.919209, 54.598499, 55.148296>, 0.100000
	pigment { color rgbt <1,0,0,0> }
	no_shadow
}
cylinder {
	<48.977440, 54.773003, 55.302429>,  <49.074490, 55.063843, 55.559319>, 0.100000
	pigment { color rgbt <1,0,0,0> }
	no_shadow
}

// particle -1
sphere {
	<48.977440, 54.773003, 55.302429> 0.100000
	pigment { color rgbt <1,0,0,0> }
	no_shadow
}
sphere {
	0, 1
	scale<0.080000,0.200000,0.300000>
	matrix <0.961810, -0.093826, -0.257133,
		0.126705, -0.680086, 0.722100,
		-0.242625, -0.727103, -0.642226,
		48.904652, 54.554871, 55.109760>
	pigment { color rgbt <0,1,1,0> }
	no_shadow
}
cylinder {
	<49.428825, 54.363808, 55.641258>,  <49.074490, 55.063843, 55.559319>, 0.130000
	pigment { color rgbt <1,0,0,0> }
	no_shadow
}

// nucleotide -1

// particle -1
sphere {
	<49.428825, 54.363808, 55.641258> 0.250000
	pigment { color rgbt <1,0,0,0> }
	no_shadow
}
cylinder {
	<49.335670, 54.429977, 55.257927>,  <49.279778, 54.469681, 55.027927>, 0.100000
	pigment { color rgbt <1,0,0,0> }
	no_shadow
}
cylinder {
	<49.335670, 54.429977, 55.257927>,  <49.428825, 54.363808, 55.641258>, 0.100000
	pigment { color rgbt <1,0,0,0> }
	no_shadow
}

// particle -1
sphere {
	<49.335670, 54.429977, 55.257927> 0.100000
	pigment { color rgbt <1,0,0,0> }
	no_shadow
}
sphere {
	0, 1
	scale<0.080000,0.200000,0.300000>
	matrix <0.939585, -0.215945, -0.265610,
		-0.250886, -0.962290, -0.105141,
		-0.232889, 0.165427, -0.958330,
		49.265804, 54.479607, 54.970428>
	pigment { color rgbt <0,1,1,0> }
	no_shadow
}
cylinder {
	<49.807041, 53.811489, 55.286274>,  <49.428825, 54.363808, 55.641258>, 0.130000
	pigment { color rgbt <1,0,0,0> }
	no_shadow
}

// nucleotide -1

// particle -1
sphere {
	<49.807041, 53.811489, 55.286274> 0.250000
	pigment { color rgbt <1,0,0,0> }
	no_shadow
}
cylinder {
	<49.697708, 54.090538, 55.021362>,  <49.632111, 54.257969, 54.862415>, 0.100000
	pigment { color rgbt <1,0,0,0> }
	no_shadow
}
cylinder {
	<49.697708, 54.090538, 55.021362>,  <49.807041, 53.811489, 55.286274>, 0.100000
	pigment { color rgbt <1,0,0,0> }
	no_shadow
}

// particle -1
sphere {
	<49.697708, 54.090538, 55.021362> 0.100000
	pigment { color rgbt <1,0,0,0> }
	no_shadow
}
sphere {
	0, 1
	scale<0.080000,0.200000,0.300000>
	matrix <0.912578, -0.029616, -0.407828,
		-0.304125, -0.715852, -0.628541,
		-0.273330, 0.697624, -0.662278,
		49.615707, 54.299824, 54.822678>
	pigment { color rgbt <0,1,1,0> }
	no_shadow
}
cylinder {
	<49.944580, 53.665913, 54.558136>,  <49.807041, 53.811489, 55.286274>, 0.130000
	pigment { color rgbt <1,0,0,0> }
	no_shadow
}

// nucleotide -1

// particle -1
sphere {
	<49.944580, 53.665913, 54.558136> 0.250000
	pigment { color rgbt <1,0,0,0> }
	no_shadow
}
cylinder {
	<49.919014, 54.065079, 54.561577>,  <49.903675, 54.304581, 54.563641>, 0.100000
	pigment { color rgbt <1,0,0,0> }
	no_shadow
}
cylinder {
	<49.919014, 54.065079, 54.561577>,  <49.944580, 53.665913, 54.558136>, 0.100000
	pigment { color rgbt <1,0,0,0> }
	no_shadow
}

// particle -1
sphere {
	<49.919014, 54.065079, 54.561577> 0.100000
	pigment { color rgbt <1,0,0,0> }
	no_shadow
}
sphere {
	0, 1
	scale<0.080000,0.200000,0.300000>
	matrix <0.902467, 0.061474, -0.426351,
		-0.425992, -0.019486, -0.904517,
		-0.063912, 0.997918, 0.008602,
		49.899841, 54.364456, 54.564156>
	pigment { color rgbt <0,1,1,0> }
	no_shadow
}
cylinder {
	<50.144238, 53.932827, 53.883896>,  <49.944580, 53.665913, 54.558136>, 0.130000
	pigment { color rgbt <1,0,0,0> }
	no_shadow
}

// nucleotide -1

// particle -1
sphere {
	<50.144238, 53.932827, 53.883896> 0.250000
	pigment { color rgbt <1,0,0,0> }
	no_shadow
}
cylinder {
	<50.241051, 54.187202, 54.177017>,  <50.299137, 54.339828, 54.352890>, 0.100000
	pigment { color rgbt <1,0,0,0> }
	no_shadow
}
cylinder {
	<50.241051, 54.187202, 54.177017>,  <50.144238, 53.932827, 53.883896>, 0.100000
	pigment { color rgbt <1,0,0,0> }
	no_shadow
}

// particle -1
sphere {
	<50.241051, 54.187202, 54.177017> 0.100000
	pigment { color rgbt <1,0,0,0> }
	no_shadow
}
sphere {
	0, 1
	scale<0.080000,0.200000,0.300000>
	matrix <0.944148, 0.019707, -0.328932,
		-0.223621, 0.771488, -0.595651,
		0.242029, 0.635938, 0.732806,
		50.313660, 54.377983, 54.396858>
	pigment { color rgbt <0,1,1,0> }
	no_shadow
}
cylinder {
	<50.519592, 54.594608, 53.567539>,  <50.144238, 53.932827, 53.883896>, 0.130000
	pigment { color rgbt <1,0,0,0> }
	no_shadow
}

// nucleotide -1

// particle -1
sphere {
	<50.519592, 54.594608, 53.567539> 0.250000
	pigment { color rgbt <1,0,0,0> }
	no_shadow
}
cylinder {
	<50.636860, 54.511417, 53.940804>,  <50.707222, 54.461502, 54.164764>, 0.100000
	pigment { color rgbt <1,0,0,0> }
	no_shadow
}
cylinder {
	<50.636860, 54.511417, 53.940804>,  <50.519592, 54.594608, 53.567539>, 0.100000
	pigment { color rgbt <1,0,0,0> }
	no_shadow
}

// particle -1
sphere {
	<50.636860, 54.511417, 53.940804> 0.100000
	pigment { color rgbt <1,0,0,0> }
	no_shadow
}
sphere {
	0, 1
	scale<0.080000,0.200000,0.300000>
	matrix <0.954646, 0.116737, -0.273904,
		-0.051967, 0.971142, 0.232773,
		0.293173, -0.207982, 0.933163,
		50.724812, 54.449024, 54.220753>
	pigment { color rgbt <0,1,1,0> }
	no_shadow
}
cylinder {
	<50.994164, 55.201244, 53.726341>,  <50.519592, 54.594608, 53.567539>, 0.130000
	pigment { color rgbt <1,0,0,0> }
	no_shadow
}

// nucleotide -1

// particle -1
sphere {
	<50.994164, 55.201244, 53.726341> 0.250000
	pigment { color rgbt <1,0,0,0> }
	no_shadow
}
cylinder {
	<51.072906, 54.852219, 53.905174>,  <51.120152, 54.642803, 54.012474>, 0.100000
	pigment { color rgbt <1,0,0,0> }
	no_shadow
}
cylinder {
	<51.072906, 54.852219, 53.905174>,  <50.994164, 55.201244, 53.726341>, 0.100000
	pigment { color rgbt <1,0,0,0> }
	no_shadow
}

// particle -1
sphere {
	<51.072906, 54.852219, 53.905174> 0.100000
	pigment { color rgbt <1,0,0,0> }
	no_shadow
}
sphere {
	0, 1
	scale<0.080000,0.200000,0.300000>
	matrix <0.977493, 0.139390, -0.158358,
		0.075858, 0.468195, 0.880363,
		0.196856, -0.872562, 0.447084,
		51.131962, 54.590450, 54.039299>
	pigment { color rgbt <0,1,1,0> }
	no_shadow
}
cylinder {
	<51.355228, 55.834309, 53.396030>,  <50.994164, 55.201244, 53.726341>, 0.130000
	pigment { color rgbt <1,0,0,0> }
	no_shadow
}

// nucleotide -1

// particle -1
sphere {
	<51.355228, 55.834309, 53.396030> 0.250000
	pigment { color rgbt <1,0,0,0> }
	no_shadow
}
cylinder {
	<51.013790, 55.948444, 53.221695>,  <50.808926, 56.016926, 53.117096>, 0.100000
	pigment { color rgbt <1,0,0,0> }
	no_shadow
}
cylinder {
	<51.013790, 55.948444, 53.221695>,  <51.355228, 55.834309, 53.396030>, 0.100000
	pigment { color rgbt <1,0,0,0> }
	no_shadow
}

// particle -1
sphere {
	<51.013790, 55.948444, 53.221695> 0.100000
	pigment { color rgbt <1,0,0,0> }
	no_shadow
}
sphere {
	0, 1
	scale<0.080000,0.200000,0.300000>
	matrix <0.502396, 0.672125, -0.543917,
		0.137735, -0.683248, -0.717078,
		-0.853596, 0.285341, -0.435836,
		50.757710, 56.034046, 53.090942>
	pigment { color rgbt <0,1,1,0> }
	no_shadow
}
cylinder {
	<51.278404, 55.775589, 52.700039>,  <51.355228, 55.834309, 53.396030>, 0.130000
	pigment { color rgbt <1,0,0,0> }
	no_shadow
}

// nucleotide -1

// particle -1
sphere {
	<51.278404, 55.775589, 52.700039> 0.250000
	pigment { color rgbt <1,0,0,0> }
	no_shadow
}
cylinder {
	<51.065632, 56.087811, 52.831360>,  <50.937969, 56.275143, 52.910152>, 0.100000
	pigment { color rgbt <1,0,0,0> }
	no_shadow
}
cylinder {
	<51.065632, 56.087811, 52.831360>,  <51.278404, 55.775589, 52.700039>, 0.100000
	pigment { color rgbt <1,0,0,0> }
	no_shadow
}

// particle -1
sphere {
	<51.065632, 56.087811, 52.831360> 0.100000
	pigment { color rgbt <1,0,0,0> }
	no_shadow
}
sphere {
	0, 1
	scale<0.080000,0.200000,0.300000>
	matrix <0.407167, 0.575709, -0.709066,
		-0.742473, -0.243498, -0.624053,
		-0.531929, 0.780556, 0.328304,
		50.906052, 56.321976, 52.929852>
	pigment { color rgbt <0,1,1,0> }
	no_shadow
}
cylinder {
	<50.933895, 56.245384, 52.070515>,  <51.278404, 55.775589, 52.700039>, 0.130000
	pigment { color rgbt <1,0,0,0> }
	no_shadow
}

// nucleotide -1

// particle -1
sphere {
	<50.933895, 56.245384, 52.070515> 0.250000
	pigment { color rgbt <1,0,0,0> }
	no_shadow
}
cylinder {
	<51.000084, 56.441532, 52.412777>,  <51.039795, 56.559223, 52.618134>, 0.100000
	pigment { color rgbt <1,0,0,0> }
	no_shadow
}
cylinder {
	<51.000084, 56.441532, 52.412777>,  <50.933895, 56.245384, 52.070515>, 0.100000
	pigment { color rgbt <1,0,0,0> }
	no_shadow
}

// particle -1
sphere {
	<51.000084, 56.441532, 52.412777> 0.100000
	pigment { color rgbt <1,0,0,0> }
	no_shadow
}
sphere {
	0, 1
	scale<0.080000,0.200000,0.300000>
	matrix <0.637077, 0.609152, -0.472299,
		-0.752830, 0.623272, -0.211611,
		0.165468, 0.490373, 0.855660,
		51.049725, 56.588646, 52.669476>
	pigment { color rgbt <0,1,1,0> }
	no_shadow
}
cylinder {
	<51.183830, 56.774849, 51.719383>,  <50.933895, 56.245384, 52.070515>, 0.130000
	pigment { color rgbt <1,0,0,0> }
	no_shadow
}

// nucleotide -1

// particle -1
sphere {
	<51.183830, 56.774849, 51.719383> 0.250000
	pigment { color rgbt <1,0,0,0> }
	no_shadow
}
cylinder {
	<51.290981, 56.805374, 52.103554>,  <51.355270, 56.823689, 52.334057>, 0.100000
	pigment { color rgbt <1,0,0,0> }
	no_shadow
}
cylinder {
	<51.290981, 56.805374, 52.103554>,  <51.183830, 56.774849, 51.719383>, 0.100000
	pigment { color rgbt <1,0,0,0> }
	no_shadow
}

// particle -1
sphere {
	<51.290981, 56.805374, 52.103554> 0.100000
	pigment { color rgbt <1,0,0,0> }
	no_shadow
}
sphere {
	0, 1
	scale<0.080000,0.200000,0.300000>
	matrix <0.862829, 0.424543, -0.274388,
		-0.428682, 0.902186, 0.047881,
		0.267876, 0.076312, 0.960426,
