// switches for output
#declare DRAW_BASES = 1; // possible values are 0, 1; only relevant for DNA ribbons
#declare DRAW_BASES_TYPE = 3; // possible values are 1, 2, 3; only relevant for DNA ribbons
#declare DRAW_FOG = 0; // set to 1 to enable fog

#include "colors.inc"

#include "transforms.inc"
background { rgb <1, 1, 1>}

#default {
   normal{
       ripples 0.25
       frequency 0.20
       turbulence 0.2
       lambda 5
   }
	finish {
		phong 0.1
		phong_size 40.
	}
}

// original window dimensions: 1024x640


// camera settings

camera {
	sky <-0, 1, 0>
	up <-0, 1, 0>
	right 1.6 * <0.99995, 0, 0.00999983>
	location <54.4867, 55, 106.329>
	look_at <55, 55, 55.0001>
	direction <0.513302, 0, -51.3289>
	angle 67.0682
}


# declare cpy_camera_pos = <54.4867, 55, 106.329>;
# if (DRAW_FOG = 1)
fog {
	fog_type 2
	up vnormalize(cpy_camera_pos)
	color rgbt<1,1,1,0.3>
	distance 1e-5
	fog_alt 3e-3
	fog_offset 88
}
# end


// LIGHTS

# declare lum = 6;
global_settings {
	ambient_light rgb lum * <0.05, 0.05, 0.05>
	max_trace_level 15
}# declare cpy_direct_light_amount = 0.25;
light_source
{	1000 * <-0.98995, -1, 1.00995>,
	rgb lum * cpy_direct_light_amount
	parallel
}

light_source
{	1000 * <0.98995, 1, -1.00995>,
	rgb lum * cpy_direct_light_amount
	parallel
}

// strand 0

// nucleotide -1

// particle -1
sphere {
	<36.052052, 52.337761, 50.551769> 0.250000
	pigment { color rgbt <1,0,0,0> }
	no_shadow
}
cylinder {
	<36.052334, 52.473270, 50.175423>,  <36.052502, 52.554577, 49.949615>, 0.100000
	pigment { color rgbt <1,0,0,0> }
	no_shadow
}
cylinder {
	<36.052334, 52.473270, 50.175423>,  <36.052052, 52.337761, 50.551769>, 0.100000
	pigment { color rgbt <1,0,0,0> }
	no_shadow
}

// particle -1
sphere {
	<36.052334, 52.473270, 50.175423> 0.100000
	pigment { color rgbt <1,0,0,0> }
	no_shadow
}
sphere {
	0, 1
	scale<0.080000,0.200000,0.300000>
	matrix <-0.476666, -0.826988, -0.298127,
		-0.879084, 0.448689, 0.160900,
		0.000704, 0.338775, -0.940867,
		36.052544, 52.574902, 49.893162>
	pigment { color rgbt <0,1,1,0> }
	no_shadow
}
cylinder {
	<36.755043, 52.066311, 50.122391>,  <36.052052, 52.337761, 50.551769>, 0.130000
	pigment { color rgbt <1,0,0,0> }
	no_shadow
}

// nucleotide -1

// particle -1
sphere {
	<36.755043, 52.066311, 50.122391> 0.250000
	pigment { color rgbt <1,0,0,0> }
	no_shadow
}
cylinder {
	<37.028458, 51.785290, 50.201584>,  <37.192505, 51.616676, 50.249100>, 0.100000
	pigment { color rgbt <1,0,0,0> }
	no_shadow
}
cylinder {
	<37.028458, 51.785290, 50.201584>,  <36.755043, 52.066311, 50.122391>, 0.100000
	pigment { color rgbt <1,0,0,0> }
	no_shadow
}

// particle -1
sphere {
	<37.028458, 51.785290, 50.201584> 0.100000
	pigment { color rgbt <1,0,0,0> }
	no_shadow
}
sphere {
	0, 1
	scale<0.080000,0.200000,0.300000>
	matrix <-0.504186, -0.650584, -0.567923,
		0.527804, 0.288373, -0.798914,
		0.683534, -0.702554, 0.197987,
		37.233517, 51.574524, 50.260979>
	pigment { color rgbt <0,1,1,0> }
	no_shadow
}
cylinder {
	<36.988377, 51.573833, 49.612701>,  <36.755043, 52.066311, 50.122391>, 0.130000
	pigment { color rgbt <1,0,0,0> }
	no_shadow
}

// nucleotide -1

// particle -1
sphere {
	<36.988377, 51.573833, 49.612701> 0.250000
	pigment { color rgbt <1,0,0,0> }
	no_shadow
}
cylinder {
	<36.936710, 51.299187, 49.898880>,  <36.905712, 51.134399, 50.070587>, 0.100000
	pigment { color rgbt <1,0,0,0> }
	no_shadow
}
cylinder {
	<36.936710, 51.299187, 49.898880>,  <36.988377, 51.573833, 49.612701>, 0.100000
	pigment { color rgbt <1,0,0,0> }
	no_shadow
}

// particle -1
sphere {
	<36.936710, 51.299187, 49.898880> 0.100000
	pigment { color rgbt <1,0,0,0> }
	no_shadow
}
sphere {
	0, 1
	scale<0.080000,0.200000,0.300000>
	matrix <-0.631155, -0.499553, -0.593371,
		0.764826, -0.528202, -0.368840,
		-0.129165, -0.686621, 0.715449,
		36.897961, 51.093201, 50.113514>
	pigment { color rgbt <0,1,1,0> }
	no_shadow
}
cylinder {
	<37.195549, 50.924488, 49.428902>,  <36.988377, 51.573833, 49.612701>, 0.130000
	pigment { color rgbt <1,0,0,0> }
	no_shadow
}

// nucleotide -1

// particle -1
sphere {
	<37.195549, 50.924488, 49.428902> 0.250000
	pigment { color rgbt <1,0,0,0> }
	no_shadow
}
cylinder {
	<36.896713, 50.873074, 49.689770>,  <36.717411, 50.842224, 49.846291>, 0.100000
	pigment { color rgbt <1,0,0,0> }
	no_shadow
}
cylinder {
	<36.896713, 50.873074, 49.689770>,  <37.195549, 50.924488, 49.428902>, 0.100000
	pigment { color rgbt <1,0,0,0> }
	no_shadow
}

// particle -1
sphere {
	<36.896713, 50.873074, 49.689770> 0.100000
	pigment { color rgbt <1,0,0,0> }
	no_shadow
}
sphere {
	0, 1
	scale<0.080000,0.200000,0.300000>
	matrix <-0.527416, -0.482535, -0.699280,
		0.404579, -0.866394, 0.292706,
		-0.747093, -0.128537, 0.652173,
		36.672585, 50.834511, 49.885422>
	pigment { color rgbt <0,1,1,0> }
	no_shadow
}
cylinder {
	<37.636780, 50.681499, 48.897457>,  <37.195549, 50.924488, 49.428902>, 0.130000
	pigment { color rgbt <1,0,0,0> }
	no_shadow
}

// nucleotide -1

// particle -1
sphere {
	<37.636780, 50.681499, 48.897457> 0.250000
	pigment { color rgbt <1,0,0,0> }
	no_shadow
}
cylinder {
	<37.896461, 50.387497, 48.975731>,  <38.052273, 50.211094, 49.022697>, 0.100000
	pigment { color rgbt <1,0,0,0> }
	no_shadow
}
cylinder {
	<37.896461, 50.387497, 48.975731>,  <37.636780, 50.681499, 48.897457>, 0.100000
	pigment { color rgbt <1,0,0,0> }
	no_shadow
}

// particle -1
sphere {
	<37.896461, 50.387497, 48.975731> 0.100000
	pigment { color rgbt <1,0,0,0> }
	no_shadow
}
sphere {
	0, 1
	scale<0.080000,0.200000,0.300000>
	matrix <-0.540192, -0.264428, 0.798918,
		-0.535466, -0.624372, -0.568714,
		0.649207, -0.735008, 0.195689,
		38.091225, 50.166996, 49.034439>
	pigment { color rgbt <0,1,1,0> }
	no_shadow
}
cylinder {
	<38.103092, 51.132515, 49.293816>,  <37.636780, 50.681499, 48.897457>, 0.130000
	pigment { color rgbt <1,0,0,0> }
	no_shadow
}

// nucleotide -1

// particle -1
sphere {
	<38.103092, 51.132515, 49.293816> 0.250000
	pigment { color rgbt <1,0,0,0> }
	no_shadow
}
cylinder {
	<38.106136, 51.114407, 49.693394>,  <38.107964, 51.103542, 49.933140>, 0.100000
	pigment { color rgbt <1,0,0,0> }
	no_shadow
}
cylinder {
	<38.106136, 51.114407, 49.693394>,  <38.103092, 51.132515, 49.293816>, 0.100000
	pigment { color rgbt <1,0,0,0> }
	no_shadow
}

// particle -1
sphere {
	<38.106136, 51.114407, 49.693394> 0.100000
	pigment { color rgbt <1,0,0,0> }
	no_shadow
}
sphere {
	0, 1
	scale<0.080000,0.200000,0.300000>
	matrix <0.958679, -0.283774, -0.020162,
		0.284387, 0.957822, 0.041246,
		0.007607, -0.045275, 0.998946,
		38.108418, 51.100822, 49.993076>
	pigment { color rgbt <0,1,1,0> }
	no_shadow
}
cylinder {
	<38.649212, 51.614765, 49.679531>,  <38.103092, 51.132515, 49.293816>, 0.130000
	pigment { color rgbt <1,0,0,0> }
	no_shadow
}

// nucleotide -1

// particle -1
sphere {
	<38.649212, 51.614765, 49.679531> 0.250000
	pigment { color rgbt <1,0,0,0> }
	no_shadow
}
cylinder {
	<38.546223, 51.301884, 49.906464>,  <38.484428, 51.114155, 50.042622>, 0.100000
	pigment { color rgbt <1,0,0,0> }
	no_shadow
}
cylinder {
	<38.546223, 51.301884, 49.906464>,  <38.649212, 51.614765, 49.679531>, 0.100000
	pigment { color rgbt <1,0,0,0> }
	no_shadow
}

// particle -1
sphere {
	<38.546223, 51.301884, 49.906464> 0.100000
	pigment { color rgbt <1,0,0,0> }
	no_shadow
}
sphere {
	0, 1
	scale<0.080000,0.200000,0.300000>
	matrix <0.890293, -0.420259, -0.175386,
		0.375613, 0.459930, 0.804599,
		-0.257475, -0.782206, 0.567327,
		38.468979, 51.067223, 50.076660>
	pigment { color rgbt <0,1,1,0> }
	no_shadow
}
cylinder {
	<39.041271, 51.461193, 50.274662>,  <38.649212, 51.614765, 49.679531>, 0.130000
	pigment { color rgbt <1,0,0,0> }
	no_shadow
}

// nucleotide -1

// particle -1
sphere {
	<39.041271, 51.461193, 50.274662> 0.250000
	pigment { color rgbt <1,0,0,0> }
	no_shadow
}
cylinder {
	<38.883507, 51.097488, 50.221470>,  <38.788849, 50.879265, 50.189552>, 0.100000
	pigment { color rgbt <1,0,0,0> }
	no_shadow
}
cylinder {
	<38.883507, 51.097488, 50.221470>,  <39.041271, 51.461193, 50.274662>, 0.100000
	pigment { color rgbt <1,0,0,0> }
	no_shadow
}

// particle -1
sphere {
	<38.883507, 51.097488, 50.221470> 0.100000
	pigment { color rgbt <1,0,0,0> }
	no_shadow
}
sphere {
	0, 1
	scale<0.080000,0.200000,0.300000>
	matrix <0.917598, -0.397491, -0.003696,
		-0.049499, -0.123484, 0.991111,
		-0.394415, -0.909259, -0.132984,
		38.765182, 50.824711, 50.181576>
	pigment { color rgbt <0,1,1,0> }
	no_shadow
}
cylinder {
	<39.244453, 50.932598, 50.806202>,  <39.041271, 51.461193, 50.274662>, 0.130000
	pigment { color rgbt <1,0,0,0> }
	no_shadow
}

// nucleotide -1

// particle -1
sphere {
	<39.244453, 50.932598, 50.806202> 0.250000
	pigment { color rgbt <1,0,0,0> }
	no_shadow
}
cylinder {
	<39.187160, 50.734230, 50.463612>,  <39.152782, 50.615208, 50.258057>, 0.100000
	pigment { color rgbt <1,0,0,0> }
	no_shadow
}
cylinder {
	<39.187160, 50.734230, 50.463612>,  <39.244453, 50.932598, 50.806202>, 0.100000
	pigment { color rgbt <1,0,0,0> }
	no_shadow
}

// particle -1
sphere {
	<39.187160, 50.734230, 50.463612> 0.100000
	pigment { color rgbt <1,0,0,0> }
	no_shadow
}
sphere {
	0, 1
	scale<0.080000,0.200000,0.300000>
	matrix <0.908818, -0.408532, 0.084562,
		-0.391833, -0.766266, 0.509219,
		-0.143236, -0.495922, -0.856472,
		39.144188, 50.585453, 50.206669>
	pigment { color rgbt <0,1,1,0> }
	no_shadow
}
cylinder {
	<39.302326, 50.156025, 50.907063>,  <39.244453, 50.932598, 50.806202>, 0.130000
	pigment { color rgbt <1,0,0,0> }
	no_shadow
}

// nucleotide -1

// particle -1
sphere {
	<39.302326, 50.156025, 50.907063> 0.250000
	pigment { color rgbt <1,0,0,0> }
	no_shadow
}
cylinder {
	<39.417553, 50.314594, 50.558380>,  <39.486691, 50.409737, 50.349171>, 0.100000
	pigment { color rgbt <1,0,0,0> }
	no_shadow
}
cylinder {
	<39.417553, 50.314594, 50.558380>,  <39.302326, 50.156025, 50.907063>, 0.100000
	pigment { color rgbt <1,0,0,0> }
	no_shadow
}

// particle -1
sphere {
	<39.417553, 50.314594, 50.558380> 0.100000
	pigment { color rgbt <1,0,0,0> }
	no_shadow
}
sphere {
	0, 1
	scale<0.080000,0.200000,0.300000>
	matrix <0.942834, -0.276708, 0.185732,
		-0.167577, -0.875373, -0.453476,
		0.288065, 0.396428, -0.871701,
		39.503971, 50.433521, 50.296871>
	pigment { color rgbt <0,1,1,0> }
	no_shadow
}
cylinder {
	<39.996876, 49.874573, 50.706993>,  <39.302326, 50.156025, 50.907063>, 0.130000
	pigment { color rgbt <1,0,0,0> }
	no_shadow
}

// nucleotide -1

// particle -1
sphere {
	<39.996876, 49.874573, 50.706993> 0.250000
	pigment { color rgbt <1,0,0,0> }
	no_shadow
}
cylinder {
	<39.964977, 50.145367, 50.414330>,  <39.945839, 50.307842, 50.238731>, 0.100000
	pigment { color rgbt <1,0,0,0> }
	no_shadow
}
cylinder {
	<39.964977, 50.145367, 50.414330>,  <39.996876, 49.874573, 50.706993>, 0.100000
	pigment { color rgbt <1,0,0,0> }
	no_shadow
}

// particle -1
sphere {
	<39.964977, 50.145367, 50.414330> 0.100000
	pigment { color rgbt <1,0,0,0> }
	no_shadow
}
sphere {
	0, 1
	scale<0.080000,0.200000,0.300000>
	matrix <0.898802, -0.268558, -0.346457,
		-0.431040, -0.685248, -0.587060,
		-0.079749, 0.676987, -0.731661,
		39.941051, 50.348461, 50.194832>
	pigment { color rgbt <0,1,1,0> }
	no_shadow
}
cylinder {
	<40.667145, 49.960953, 50.962261>,  <39.996876, 49.874573, 50.706993>, 0.130000
	pigment { color rgbt <1,0,0,0> }
	no_shadow
}

// nucleotide -1

// particle -1
sphere {
	<40.667145, 49.960953, 50.962261> 0.250000
	pigment { color rgbt <1,0,0,0> }
	no_shadow
}
cylinder {
	<40.871273, 49.696098, 51.181770>,  <40.993752, 49.537186, 51.313477>, 0.100000
	pigment { color rgbt <1,0,0,0> }
	no_shadow
}
cylinder {
	<40.871273, 49.696098, 51.181770>,  <40.667145, 49.960953, 50.962261>, 0.100000
	pigment { color rgbt <1,0,0,0> }
	no_shadow
}

// particle -1
sphere {
	<40.871273, 49.696098, 51.181770> 0.100000
	pigment { color rgbt <1,0,0,0> }
	no_shadow
}
sphere {
	0, 1
	scale<0.080000,0.200000,0.300000>
	matrix <0.272068, 0.729649, 0.627368,
		-0.815814, -0.170854, 0.552500,
		0.510320, -0.662133, 0.548774,
		41.024368, 49.497459, 51.346401>
	pigment { color rgbt <0,1,1,0> }
	no_shadow
}
cylinder {
	<40.362427, 49.768051, 51.607910>,  <40.667145, 49.960953, 50.962261>, 0.130000
	pigment { color rgbt <1,0,0,0> }
	no_shadow
}

// nucleotide -1

// particle -1
sphere {
	<40.362427, 49.768051, 51.607910> 0.250000
	pigment { color rgbt <1,0,0,0> }
	no_shadow
}
cylinder {
	<40.762127, 49.776634, 51.595032>,  <41.001945, 49.781784, 51.587303>, 0.100000
	pigment { color rgbt <1,0,0,0> }
	no_shadow
}
cylinder {
	<40.762127, 49.776634, 51.595032>,  <40.362427, 49.768051, 51.607910>, 0.100000
	pigment { color rgbt <1,0,0,0> }
	no_shadow
}

// particle -1
sphere {
	<40.762127, 49.776634, 51.595032> 0.100000
	pigment { color rgbt <1,0,0,0> }
	no_shadow
}
sphere {
	0, 1
	scale<0.080000,0.200000,0.300000>
	matrix <0.001626, 0.808163, 0.588957,
		0.038656, -0.588568, 0.807523,
		0.999251, 0.021454, -0.032197,
		41.061901, 49.783070, 51.585373>
	pigment { color rgbt <0,1,1,0> }
	no_shadow
}
cylinder {
	<40.645329, 49.948429, 52.252193>,  <40.362427, 49.768051, 51.607910>, 0.130000
	pigment { color rgbt <1,0,0,0> }
	no_shadow
}

// nucleotide -1

// particle -1
sphere {
	<40.645329, 49.948429, 52.252193> 0.250000
	pigment { color rgbt <1,0,0,0> }
	no_shadow
}
cylinder {
	<40.904793, 50.056175, 51.967468>,  <41.060471, 50.120823, 51.796631>, 0.100000
	pigment { color rgbt <1,0,0,0> }
	no_shadow
}
cylinder {
	<40.904793, 50.056175, 51.967468>,  <40.645329, 49.948429, 52.252193>, 0.100000
	pigment { color rgbt <1,0,0,0> }
	no_shadow
}

// particle -1
sphere {
	<40.904793, 50.056175, 51.967468> 0.100000
	pigment { color rgbt <1,0,0,0> }
	no_shadow
}
sphere {
	0, 1
	scale<0.080000,0.200000,0.300000>
	matrix <0.093452, 0.900005, 0.425743,
		0.755321, -0.342683, 0.558623,
		0.648658, 0.269368, -0.711817,
		41.099392, 50.136986, 51.753922>
	pigment { color rgbt <0,1,1,0> }
	no_shadow
}
cylinder {
	<41.390953, 50.020493, 52.477154>,  <40.645329, 49.948429, 52.252193>, 0.130000
	pigment { color rgbt <1,0,0,0> }
	no_shadow
}

// nucleotide -1

// particle -1
sphere {
	<41.390953, 50.020493, 52.477154> 0.250000
	pigment { color rgbt <1,0,0,0> }
	no_shadow
}
cylinder {
	<41.220509, 50.260914, 52.206699>,  <41.118240, 50.405167, 52.044426>, 0.100000
	pigment { color rgbt <1,0,0,0> }
	no_shadow
}
cylinder {
	<41.220509, 50.260914, 52.206699>,  <41.390953, 50.020493, 52.477154>, 0.100000
	pigment { color rgbt <1,0,0,0> }
	no_shadow
}

// particle -1
sphere {
	<41.220509, 50.260914, 52.206699> 0.100000
	pigment { color rgbt <1,0,0,0> }
	no_shadow
}
sphere {
	0, 1
	scale<0.080000,0.200000,0.300000>
	matrix <0.218447, 0.793633, 0.567827,
		0.877900, 0.094258, -0.469476,
		-0.426114, 0.601051, -0.676140,
		41.092674, 50.441231, 52.003857>
	pigment { color rgbt <0,1,1,0> }
	no_shadow
}
cylinder {
	<41.915947, 50.461044, 52.140327>,  <41.390953, 50.020493, 52.477154>, 0.130000
	pigment { color rgbt <1,0,0,0> }
	no_shadow
}

// nucleotide -1

// particle -1
sphere {
	<41.915947, 50.461044, 52.140327> 0.250000
	pigment { color rgbt <1,0,0,0> }
	no_shadow
}
cylinder {
	<41.543789, 50.588760, 52.212345>,  <41.320496, 50.665390, 52.255558>, 0.100000
	pigment { color rgbt <1,0,0,0> }
	no_shadow
}
cylinder {
	<41.543789, 50.588760, 52.212345>,  <41.915947, 50.461044, 52.140327>, 0.100000
	pigment { color rgbt <1,0,0,0> }
	no_shadow
}

// particle -1
sphere {
	<41.543789, 50.588760, 52.212345> 0.100000
	pigment { color rgbt <1,0,0,0> }
	no_shadow
}
sphere {
	0, 1
	scale<0.080000,0.200000,0.300000>
	matrix <0.353807, 0.653803, 0.668851,
		0.095845, 0.685998, -0.721263,
		-0.930395, 0.319294, 0.180047,
		41.264671, 50.684547, 52.266361>
	pigment { color rgbt <0,1,1,0> }
	no_shadow
}
cylinder {
	<41.968552, 51.162220, 52.165165>,  <41.915947, 50.461044, 52.140327>, 0.130000
	pigment { color rgbt <1,0,0,0> }
	no_shadow
}

// nucleotide -1

// particle -1
sphere {
	<41.968552, 51.162220, 52.165165> 0.250000
	pigment { color rgbt <1,0,0,0> }
	no_shadow
}
cylinder {
	<41.660480, 51.045536, 52.392052>,  <41.475639, 50.975525, 52.528183>, 0.100000
	pigment { color rgbt <1,0,0,0> }
	no_shadow
}
cylinder {
	<41.660480, 51.045536, 52.392052>,  <41.968552, 51.162220, 52.165165>, 0.100000
	pigment { color rgbt <1,0,0,0> }
	no_shadow
}

// particle -1
sphere {
	<41.660480, 51.045536, 52.392052> 0.100000
	pigment { color rgbt <1,0,0,0> }
	no_shadow
}
sphere {
	0, 1
	scale<0.080000,0.200000,0.300000>
	matrix <0.363994, 0.529256, 0.766418,
		-0.523776, 0.796739, -0.301438,
		-0.770173, -0.291710, 0.567220,
		41.429428, 50.958023, 52.562218>
	pigment { color rgbt <0,1,1,0> }
	no_shadow
}
cylinder {
	<41.593815, 51.719349, 52.521290>,  <41.968552, 51.162220, 52.165165>, 0.130000
	pigment { color rgbt <1,0,0,0> }
	no_shadow
}

// nucleotide -1

// particle -1
sphere {
	<41.593815, 51.719349, 52.521290> 0.250000
	pigment { color rgbt <1,0,0,0> }
	no_shadow
}
cylinder {
	<41.511951, 51.395042, 52.740662>,  <41.462833, 51.200459, 52.872284>, 0.100000
	pigment { color rgbt <1,0,0,0> }
	no_shadow
}
cylinder {
	<41.511951, 51.395042, 52.740662>,  <41.593815, 51.719349, 52.521290>, 0.100000
	pigment { color rgbt <1,0,0,0> }
	no_shadow
}

// particle -1
sphere {
	<41.511951, 51.395042, 52.740662> 0.100000
	pigment { color rgbt <1,0,0,0> }
	no_shadow
}
sphere {
	0, 1
	scale<0.080000,0.200000,0.300000>
	matrix <0.445152, 0.421908, 0.789831,
		-0.871754, 0.405781, 0.274566,
		-0.204656, -0.810762, 0.548434,
		41.450554, 51.151814, 52.905193>
	pigment { color rgbt <0,1,1,0> }
	no_shadow
}
cylinder {
	<41.624855, 51.944107, 53.124725>,  <41.593815, 51.719349, 52.521290>, 0.130000
	pigment { color rgbt <1,0,0,0> }
	no_shadow
}

// nucleotide -1

// particle -1
sphere {
	<41.624855, 51.944107, 53.124725> 0.250000
	pigment { color rgbt <1,0,0,0> }
	no_shadow
}
cylinder {
	<41.669563, 51.551682, 53.188004>,  <41.696388, 51.316227, 53.225971>, 0.100000
	pigment { color rgbt <1,0,0,0> }
	no_shadow
}
cylinder {
	<41.669563, 51.551682, 53.188004>,  <41.624855, 51.944107, 53.124725>, 0.100000
	pigment { color rgbt <1,0,0,0> }
	no_shadow
}

// particle -1
sphere {
	<41.669563, 51.551682, 53.188004> 0.100000
	pigment { color rgbt <1,0,0,0> }
	no_shadow
}
sphere {
	0, 1
	scale<0.080000,0.200000,0.300000>
	matrix <0.484972, 0.192800, 0.853013,
		-0.867358, -0.018622, 0.497337,
		0.111771, -0.981061, 0.158196,
		41.703094, 51.257362, 53.235462>
	pigment { color rgbt <0,1,1,0> }
	no_shadow
}
cylinder {
	<41.173260, 51.659531, 53.661819>,  <41.624855, 51.944107, 53.124725>, 0.130000
	pigment { color rgbt <1,0,0,0> }
	no_shadow
}

// nucleotide -1

// particle -1
sphere {
	<41.173260, 51.659531, 53.661819> 0.250000
	pigment { color rgbt <1,0,0,0> }
	no_shadow
}
cylinder {
	<41.546810, 51.519123, 53.634529>,  <41.770943, 51.434879, 53.618153>, 0.100000
	pigment { color rgbt <1,0,0,0> }
	no_shadow
}
cylinder {
	<41.546810, 51.519123, 53.634529>,  <41.173260, 51.659531, 53.661819>, 0.100000
	pigment { color rgbt <1,0,0,0> }
	no_shadow
}

// particle -1
sphere {
	<41.546810, 51.519123, 53.634529> 0.100000
	pigment { color rgbt <1,0,0,0> }
	no_shadow
}
sphere {
	0, 1
	scale<0.080000,0.200000,0.300000>
	matrix <0.200236, 0.355238, 0.913078,
		-0.296273, -0.866365, 0.402036,
		0.933878, -0.351023, -0.068230,
		41.826973, 51.413815, 53.614059>
	pigment { color rgbt <0,1,1,0> }
	no_shadow
}
cylinder {
	<41.596676, 52.043190, 54.079483>,  <41.173260, 51.659531, 53.661819>, 0.130000
	pigment { color rgbt <1,0,0,0> }
	no_shadow
}

// nucleotide -1

// particle -1
sphere {
	<41.596676, 52.043190, 54.079483> 0.250000
	pigment { color rgbt <1,0,0,0> }
	no_shadow
}
cylinder {
	<41.987877, 51.966892, 54.113258>,  <42.222595, 51.921112, 54.133522>, 0.100000
	pigment { color rgbt <1,0,0,0> }
	no_shadow
}
cylinder {
	<41.987877, 51.966892, 54.113258>,  <41.596676, 52.043190, 54.079483>, 0.100000
	pigment { color rgbt <1,0,0,0> }
	no_shadow
}

// particle -1
sphere {
	<41.987877, 51.966892, 54.113258> 0.100000
	pigment { color rgbt <1,0,0,0> }
	no_shadow
}
sphere {
	0, 1
	scale<0.080000,0.200000,0.300000>
	matrix <0.207500, 0.848016, -0.487660,
		0.021414, 0.494453, 0.868941,
		0.978001, -0.190748, 0.084439,
		42.281277, 51.909668, 54.138592>
	pigment { color rgbt <0,1,1,0> }
	no_shadow
}
cylinder {
	<41.864906, 52.767960, 54.337864>,  <41.596676, 52.043190, 54.079483>, 0.130000
	pigment { color rgbt <1,0,0,0> }
	no_shadow
}

// nucleotide -1

// particle -1
sphere {
	<41.864906, 52.767960, 54.337864> 0.250000
	pigment { color rgbt <1,0,0,0> }
	no_shadow
}
cylinder {
	<41.823971, 52.768211, 53.939964>,  <41.799412, 52.768364, 53.701225>, 0.100000
	pigment { color rgbt <1,0,0,0> }
	no_shadow
}
cylinder {
	<41.823971, 52.768211, 53.939964>,  <41.864906, 52.767960, 54.337864>, 0.100000
	pigment { color rgbt <1,0,0,0> }
	no_shadow
}

// particle -1
sphere {
	<41.823971, 52.768211, 53.939964> 0.100000
	pigment { color rgbt <1,0,0,0> }
	no_shadow
}
sphere {
	0, 1
	scale<0.080000,0.200000,0.300000>
	matrix <-0.661427, 0.746873, 0.068518,
		0.742995, 0.664966, -0.076015,
		-0.102335, 0.000630, -0.994750,
		41.793270, 52.768402, 53.641541>
	pigment { color rgbt <0,1,1,0> }
	no_shadow
}
cylinder {
	<41.763172, 53.566284, 54.517231>,  <41.864906, 52.767960, 54.337864>, 0.130000
	pigment { color rgbt <1,0,0,0> }
	no_shadow
}

// nucleotide -1

// particle -1
sphere {
	<41.763172, 53.566284, 54.517231> 0.250000
	pigment { color rgbt <1,0,0,0> }
	no_shadow
}
cylinder {
	<41.742794, 53.332031, 54.193642>,  <41.730568, 53.191479, 53.999489>, 0.100000
	pigment { color rgbt <1,0,0,0> }
	no_shadow
}
cylinder {
	<41.742794, 53.332031, 54.193642>,  <41.763172, 53.566284, 54.517231>, 0.100000
	pigment { color rgbt <1,0,0,0> }
	no_shadow
}

// particle -1
sphere {
	<41.742794, 53.332031, 54.193642> 0.100000
	pigment { color rgbt <1,0,0,0> }
	no_shadow
}
sphere {
	0, 1
	scale<0.080000,0.200000,0.300000>
	matrix <-0.944783, 0.290816, -0.151033,
		0.323712, 0.756609, -0.568114,
		-0.050944, -0.585636, -0.808971,
		41.727512, 53.156342, 53.950951>
	pigment { color rgbt <0,1,1,0> }
	no_shadow
}
cylinder {
	<41.876385, 54.097767, 54.984287>,  <41.763172, 53.566284, 54.517231>, 0.130000
	pigment { color rgbt <1,0,0,0> }
	no_shadow
}

// nucleotide -1

// particle -1
sphere {
	<41.876385, 54.097767, 54.984287> 0.250000
	pigment { color rgbt <1,0,0,0> }
	no_shadow
}
cylinder {
	<42.118134, 53.950630, 54.701607>,  <42.263184, 53.862347, 54.531998>, 0.100000
	pigment { color rgbt <1,0,0,0> }
	no_shadow
}
cylinder {
	<42.118134, 53.950630, 54.701607>,  <41.876385, 54.097767, 54.984287>, 0.100000
	pigment { color rgbt <1,0,0,0> }
	no_shadow
}

// particle -1
sphere {
	<42.118134, 53.950630, 54.701607> 0.100000
	pigment { color rgbt <1,0,0,0> }
	no_shadow
}
sphere {
	0, 1
	scale<0.080000,0.200000,0.300000>
	matrix <0.742491, 0.581670, 0.332215,
		0.288865, -0.725502, 0.624663,
		0.604370, -0.367842, -0.706703,
		42.299446, 53.840279, 54.489597>
	pigment { color rgbt <0,1,1,0> }
	no_shadow
}
cylinder {
	<42.498863, 53.936142, 55.292439>,  <41.876385, 54.097767, 54.984287>, 0.130000
	pigment { color rgbt <1,0,0,0> }
	no_shadow
}

// nucleotide -1

// particle -1
sphere {
	<42.498863, 53.936142, 55.292439> 0.250000
	pigment { color rgbt <1,0,0,0> }
	no_shadow
}
cylinder {
	<42.585484, 53.977089, 54.904083>,  <42.637455, 54.001656, 54.671070>, 0.100000
	pigment { color rgbt <1,0,0,0> }
	no_shadow
}
cylinder {
	<42.585484, 53.977089, 54.904083>,  <42.498863, 53.936142, 55.292439>, 0.100000
	pigment { color rgbt <1,0,0,0> }
	no_shadow
}

// particle -1
sphere {
	<42.585484, 53.977089, 54.904083> 0.100000
	pigment { color rgbt <1,0,0,0> }
	no_shadow
}
sphere {
	0, 1
	scale<0.080000,0.200000,0.300000>
	matrix <0.847743, 0.473507, 0.239003,
		0.484189, -0.874822, 0.015758,
		0.216547, 0.102364, -0.970891,
		42.650448, 54.007797, 54.612816>
	pigment { color rgbt <0,1,1,0> }
	no_shadow
}
cylinder {
	<43.183678, 53.641865, 54.985874>,  <42.498863, 53.936142, 55.292439>, 0.130000
	pigment { color rgbt <1,0,0,0> }
	no_shadow
}

// nucleotide -1

// particle -1
sphere {
	<43.183678, 53.641865, 54.985874> 0.250000
	pigment { color rgbt <1,0,0,0> }
	no_shadow
}
cylinder {
	<43.097481, 53.976368, 54.784187>,  <43.045765, 54.177071, 54.663174>, 0.100000
	pigment { color rgbt <1,0,0,0> }
	no_shadow
}
cylinder {
	<43.097481, 53.976368, 54.784187>,  <43.183678, 53.641865, 54.985874>, 0.100000
	pigment { color rgbt <1,0,0,0> }
	no_shadow
}

// particle -1
sphere {
	<43.097481, 53.976368, 54.784187> 0.100000
	pigment { color rgbt <1,0,0,0> }
	no_shadow
}
sphere {
	0, 1
	scale<0.080000,0.200000,0.300000>
	matrix <0.942566, 0.313076, 0.116422,
		0.255217, -0.450169, -0.855694,
		-0.215488, 0.836260, -0.504216,
		43.032833, 54.227245, 54.632923>
	pigment { color rgbt <0,1,1,0> }
	no_shadow
}
cylinder {
	<43.731697, 53.833832, 54.468555>,  <43.183678, 53.641865, 54.985874>, 0.130000
	pigment { color rgbt <1,0,0,0> }
	no_shadow
}

// nucleotide -1

// particle -1
sphere {
	<43.731697, 53.833832, 54.468555> 0.250000
	pigment { color rgbt <1,0,0,0> }
	no_shadow
}
cylinder {
	<43.577969, 54.196533, 54.537949>,  <43.485729, 54.414154, 54.579582>, 0.100000
	pigment { color rgbt <1,0,0,0> }
	no_shadow
}
cylinder {
	<43.577969, 54.196533, 54.537949>,  <43.731697, 53.833832, 54.468555>, 0.100000
	pigment { color rgbt <1,0,0,0> }
	no_shadow
}

// particle -1
sphere {
	<43.577969, 54.196533, 54.537949> 0.100000
	pigment { color rgbt <1,0,0,0> }
	no_shadow
}
sphere {
	0, 1
	scale<0.080000,0.200000,0.300000>
	matrix <0.920565, 0.362218, 0.146144,
		0.069678, 0.215866, -0.973934,
		-0.384324, 0.906752, 0.173480,
		43.462673, 54.468559, 54.589993>
	pigment { color rgbt <0,1,1,0> }
	no_shadow
}
cylinder {
	<44.096134, 54.444241, 53.977028>,  <43.731697, 53.833832, 54.468555>, 0.130000
	pigment { color rgbt <1,0,0,0> }
	no_shadow
}

// nucleotide -1

// particle -1
sphere {
	<44.096134, 54.444241, 53.977028> 0.250000
	pigment { color rgbt <1,0,0,0> }
	no_shadow
}
cylinder {
	<43.933815, 54.592766, 54.311081>,  <43.836422, 54.681881, 54.511513>, 0.100000
	pigment { color rgbt <1,0,0,0> }
	no_shadow
}
cylinder {
	<43.933815, 54.592766, 54.311081>,  <44.096134, 54.444241, 53.977028>, 0.100000
	pigment { color rgbt <1,0,0,0> }
	no_shadow
}

// particle -1
sphere {
	<43.933815, 54.592766, 54.311081> 0.100000
	pigment { color rgbt <1,0,0,0> }
	no_shadow
}
sphere {
	0, 1
	scale<0.080000,0.200000,0.300000>
	matrix <0.894462, 0.349087, 0.279420,
		-0.187781, 0.860385, -0.473789,
		-0.405803, 0.371317, 0.835134,
		43.812073, 54.704163, 54.561623>
	pigment { color rgbt <0,1,1,0> }
	no_shadow
}
cylinder {
	<44.425407, 55.139286, 54.142532>,  <44.096134, 54.444241, 53.977028>, 0.130000
	pigment { color rgbt <1,0,0,0> }
	no_shadow
}

// nucleotide -1

// particle -1
sphere {
	<44.425407, 55.139286, 54.142532> 0.250000
	pigment { color rgbt <1,0,0,0> }
	no_shadow
}
cylinder {
	<44.310368, 54.859856, 54.404610>,  <44.241344, 54.692196, 54.561855>, 0.100000
	pigment { color rgbt <1,0,0,0> }
	no_shadow
}
cylinder {
	<44.310368, 54.859856, 54.404610>,  <44.425407, 55.139286, 54.142532>, 0.100000
	pigment { color rgbt <1,0,0,0> }
	no_shadow
}

// particle -1
sphere {
	<44.310368, 54.859856, 54.404610> 0.100000
	pigment { color rgbt <1,0,0,0> }
	no_shadow
}
sphere {
	0, 1
	scale<0.080000,0.200000,0.300000>
	matrix <0.916800, -0.002907, 0.399335,
		-0.277063, 0.715526, 0.641294,
		-0.287599, -0.698580, 0.655190,
		44.224087, 54.650280, 54.601166>
	pigment { color rgbt <0,1,1,0> }
	no_shadow
}
cylinder {
	<44.662144, 55.295544, 54.845356>,  <44.425407, 55.139286, 54.142532>, 0.130000
	pigment { color rgbt <1,0,0,0> }
	no_shadow
}

// nucleotide -1

// particle -1
sphere {
	<44.662144, 55.295544, 54.845356> 0.250000
	pigment { color rgbt <1,0,0,0> }
	no_shadow
}
cylinder {
	<44.641033, 54.901073, 54.782532>,  <44.628365, 54.664391, 54.744839>, 0.100000
	pigment { color rgbt <1,0,0,0> }
	no_shadow
}
cylinder {
	<44.641033, 54.901073, 54.782532>,  <44.662144, 55.295544, 54.845356>, 0.100000
	pigment { color rgbt <1,0,0,0> }
	no_shadow
}

// particle -1
sphere {
	<44.641033, 54.901073, 54.782532> 0.100000
	pigment { color rgbt <1,0,0,0> }
	no_shadow
}
sphere {
	0, 1
	scale<0.080000,0.200000,0.300000>
	matrix <0.966768, -0.089859, 0.239345,
		-0.250149, -0.139205, 0.958148,
		-0.052780, -0.986178, -0.157057,
		44.625198, 54.605221, 54.735416>
	pigment { color rgbt <0,1,1,0> }
	no_shadow
}
cylinder {
	<44.922478, 54.865021, 55.477909>,  <44.662144, 55.295544, 54.845356>, 0.130000
	pigment { color rgbt <1,0,0,0> }
	no_shadow
}

// nucleotide -1

// particle -1
sphere {
	<44.922478, 54.865021, 55.477909> 0.250000
	pigment { color rgbt <1,0,0,0> }
	no_shadow
}
cylinder {
	<44.973465, 54.627289, 55.160286>,  <45.004055, 54.484650, 54.969711>, 0.100000
	pigment { color rgbt <1,0,0,0> }
	no_shadow
}
cylinder {
	<44.973465, 54.627289, 55.160286>,  <44.922478, 54.865021, 55.477909>, 0.100000
	pigment { color rgbt <1,0,0,0> }
	no_shadow
}

// particle -1
sphere {
	<44.973465, 54.627289, 55.160286> 0.100000
	pigment { color rgbt <1,0,0,0> }
	no_shadow
}
sphere {
	0, 1
	scale<0.080000,0.200000,0.300000>
	matrix <0.954158, -0.145108, 0.261775,
		-0.270805, -0.791021, 0.548590,
		0.127464, -0.594331, -0.794055,
		45.011703, 54.448990, 54.922070>
	pigment { color rgbt <0,1,1,0> }
	no_shadow
}
cylinder {
	<45.055241, 54.105782, 55.630116>,  <44.922478, 54.865021, 55.477909>, 0.130000
	pigment { color rgbt <1,0,0,0> }
	no_shadow
}

// nucleotide -1

// particle -1
sphere {
	<45.055241, 54.105782, 55.630116> 0.250000
	pigment { color rgbt <1,0,0,0> }
	no_shadow
}
cylinder {
	<45.215012, 54.210079, 55.278557>,  <45.310875, 54.272659, 55.067619>, 0.100000
	pigment { color rgbt <1,0,0,0> }
	no_shadow
}
cylinder {
	<45.215012, 54.210079, 55.278557>,  <45.055241, 54.105782, 55.630116>, 0.100000
	pigment { color rgbt <1,0,0,0> }
	no_shadow
}

// particle -1
sphere {
	<45.215012, 54.210079, 55.278557> 0.100000
	pigment { color rgbt <1,0,0,0> }
	no_shadow
}
sphere {
	0, 1
	scale<0.080000,0.200000,0.300000>
	matrix <0.873431, -0.399496, 0.278427,
		-0.278519, -0.878872, -0.387313,
		0.399432, 0.260744, -0.878901,
		45.334843, 54.288303, 55.014885>
	pigment { color rgbt <0,1,1,0> }
	no_shadow
}
cylinder {
	<45.187725, 53.404526, 55.240341>,  <45.055241, 54.105782, 55.630116>, 0.130000
	pigment { color rgbt <1,0,0,0> }
	no_shadow
}

// nucleotide -1

// particle -1
sphere {
	<45.187725, 53.404526, 55.240341> 0.250000
	pigment { color rgbt <1,0,0,0> }
	no_shadow
}
cylinder {
	<45.434223, 53.716312, 55.195297>,  <45.582123, 53.903385, 55.168270>, 0.100000
	pigment { color rgbt <1,0,0,0> }
	no_shadow
}
cylinder {
	<45.434223, 53.716312, 55.195297>,  <45.187725, 53.404526, 55.240341>, 0.100000
	pigment { color rgbt <1,0,0,0> }
	no_shadow
}

// particle -1
sphere {
	<45.434223, 53.716312, 55.195297> 0.100000
	pigment { color rgbt <1,0,0,0> }
	no_shadow
}
sphere {
	0, 1
	scale<0.080000,0.200000,0.300000>
	matrix <0.657381, -0.430361, 0.618579,
		0.433697, -0.455222, -0.777611,
		0.616245, 0.779463, -0.112608,
		45.619095, 53.950150, 55.161514>
	pigment { color rgbt <0,1,1,0> }
	no_shadow
}
cylinder {
	<45.861034, 53.115547, 54.888386>,  <45.187725, 53.404526, 55.240341>, 0.130000
	pigment { color rgbt <1,0,0,0> }
	no_shadow
}

// nucleotide -1

// particle -1
sphere {
	<45.861034, 53.115547, 54.888386> 0.250000
	pigment { color rgbt <1,0,0,0> }
	no_shadow
}
cylinder {
	<45.830517, 53.422340, 55.143234>,  <45.812206, 53.606415, 55.296143>, 0.100000
	pigment { color rgbt <1,0,0,0> }
	no_shadow
}
cylinder {
	<45.830517, 53.422340, 55.143234>,  <45.861034, 53.115547, 54.888386>, 0.100000
	pigment { color rgbt <1,0,0,0> }
	no_shadow
}

// particle -1
sphere {
	<45.830517, 53.422340, 55.143234> 0.100000
	pigment { color rgbt <1,0,0,0> }
	no_shadow
}
sphere {
	0, 1
	scale<0.080000,0.200000,0.300000>
	matrix <0.554967, -0.498191, 0.666196,
		0.828366, 0.404407, -0.387640,
		-0.076296, 0.766982, 0.637117,
		45.807629, 53.652435, 55.334370>
	pigment { color rgbt <0,1,1,0> }
	no_shadow
}
cylinder {
	<46.548779, 53.268116, 55.203999>,  <45.861034, 53.115547, 54.888386>, 0.130000
	pigment { color rgbt <1,0,0,0> }
	no_shadow
}

// nucleotide -1

// particle -1
sphere {
	<46.548779, 53.268116, 55.203999> 0.250000
	pigment { color rgbt <1,0,0,0> }
	no_shadow
}
cylinder {
	<46.240772, 53.334473, 55.450432>,  <46.055969, 53.374287, 55.598289>, 0.100000
	pigment { color rgbt <1,0,0,0> }
	no_shadow
}
cylinder {
	<46.240772, 53.334473, 55.450432>,  <46.548779, 53.268116, 55.203999>, 0.100000
	pigment { color rgbt <1,0,0,0> }
	no_shadow
}

// particle -1
sphere {
	<46.240772, 53.334473, 55.450432> 0.100000
	pigment { color rgbt <1,0,0,0> }
	no_shadow
}
sphere {
	0, 1
	scale<0.080000,0.200000,0.300000>
	matrix <0.475140, -0.495340, 0.727241,
		0.425809, 0.852713, 0.302602,
		-0.770019, 0.165887, 0.616079,
		46.009766, 53.384239, 55.635254>
	pigment { color rgbt <0,1,1,0> }
	no_shadow
}
cylinder {
	<46.854790, 53.549767, 55.846130>,  <46.548779, 53.268116, 55.203999>, 0.130000
	pigment { color rgbt <1,0,0,0> }
	no_shadow
}

// nucleotide -1

// particle -1
sphere {
	<46.854790, 53.549767, 55.846130> 0.250000
	pigment { color rgbt <1,0,0,0> }
	no_shadow
}
cylinder {
	<46.502483, 53.361992, 55.871033>,  <46.291100, 53.249325, 55.885975>, 0.100000
	pigment { color rgbt <1,0,0,0> }
	no_shadow
}
cylinder {
	<46.502483, 53.361992, 55.871033>,  <46.854790, 53.549767, 55.846130>, 0.100000
	pigment { color rgbt <1,0,0,0> }
	no_shadow
}

// particle -1
sphere {
	<46.502483, 53.361992, 55.871033> 0.100000
	pigment { color rgbt <1,0,0,0> }
	no_shadow
}
sphere {
	0, 1
	scale<0.080000,0.200000,0.300000>
	matrix <0.357548, -0.573035, 0.737422,
		-0.310500, 0.671756, 0.672557,
		-0.880766, -0.469441, 0.062258,
		46.238255, 53.221161, 55.889709>
	pigment { color rgbt <0,1,1,0> }
	no_shadow
}
cylinder {
	<47.652607, 53.425644, 56.016464>,  <46.854790, 53.549767, 55.846130>, 0.130000
	pigment { color rgbt <1,0,0,0> }
	no_shadow
}

// nucleotide -1

// particle -1
sphere {
	<47.652607, 53.425644, 56.016464> 0.250000
	pigment { color rgbt <1,0,0,0> }
	no_shadow
}
cylinder {
	<47.915337, 53.130405, 55.954750>,  <48.072975, 52.953262, 55.917721>, 0.100000
	pigment { color rgbt <1,0,0,0> }
	no_shadow
}
cylinder {
	<47.915337, 53.130405, 55.954750>,  <47.652607, 53.425644, 56.016464>, 0.100000
	pigment { color rgbt <1,0,0,0> }
	no_shadow
}

// particle -1
sphere {
	<47.915337, 53.130405, 55.954750> 0.100000
	pigment { color rgbt <1,0,0,0> }
	no_shadow
}
sphere {
	0, 1
	scale<0.080000,0.200000,0.300000>
	matrix <0.627604, 0.421708, 0.654428,
		-0.417967, -0.526671, 0.740217,
		0.656824, -0.738092, -0.154281,
		48.112385, 52.908978, 55.908466>
	pigment { color rgbt <0,1,1,0> }
	no_shadow
}
cylinder {
	<47.999168, 53.200130, 56.642490>,  <47.652607, 53.425644, 56.016464>, 0.130000
	pigment { color rgbt <1,0,0,0> }
	no_shadow
}

// nucleotide -1

// particle -1
sphere {
	<47.999168, 53.200130, 56.642490> 0.250000
	pigment { color rgbt <1,0,0,0> }
	no_shadow
}
cylinder {
	<48.244793, 53.081482, 56.349930>,  <48.392170, 53.010292, 56.174393>, 0.100000
	pigment { color rgbt <1,0,0,0> }
	no_shadow
}
cylinder {
	<48.244793, 53.081482, 56.349930>,  <47.999168, 53.200130, 56.642490>, 0.100000
	pigment { color rgbt <1,0,0,0> }
	no_shadow
}

// particle -1
sphere {
	<48.244793, 53.081482, 56.349930> 0.100000
	pigment { color rgbt <1,0,0,0> }
	no_shadow
}
sphere {
	0, 1
	scale<0.080000,0.200000,0.300000>
	matrix <0.776570, 0.392557, 0.492786,
		0.140946, -0.870584, 0.471400,
		0.614063, -0.296618, -0.731399,
		48.429012, 52.992496, 56.130508>
	pigment { color rgbt <0,1,1,0> }
	no_shadow
}
cylinder {
	<48.587883, 52.670963, 56.830116>,  <47.999168, 53.200130, 56.642490>, 0.130000
	pigment { color rgbt <1,0,0,0> }
	no_shadow
}

// nucleotide -1

// particle -1
sphere {
	<48.587883, 52.670963, 56.830116> 0.250000
	pigment { color rgbt <1,0,0,0> }
	no_shadow
}
cylinder {
	<48.666454, 52.924564, 56.530930>,  <48.713596, 53.076725, 56.351418>, 0.100000
	pigment { color rgbt <1,0,0,0> }
	no_shadow
}
cylinder {
	<48.666454, 52.924564, 56.530930>,  <48.587883, 52.670963, 56.830116>, 0.100000
	pigment { color rgbt <1,0,0,0> }
	no_shadow
}

// particle -1
sphere {
	<48.666454, 52.924564, 56.530930> 0.100000
	pigment { color rgbt <1,0,0,0> }
	no_shadow
}
sphere {
	0, 1
	scale<0.080000,0.200000,0.300000>
	matrix <0.831651, 0.296353, 0.469608,
		0.519396, -0.714290, -0.469060,
		0.196429, 0.634007, -0.747964,
		48.725384, 53.114765, 56.306541>
	pigment { color rgbt <0,1,1,0> }
	no_shadow
}
cylinder {
	<49.292297, 52.583504, 56.645863>,  <48.587883, 52.670963, 56.830116>, 0.130000
	pigment { color rgbt <1,0,0,0> }
	no_shadow
}

// nucleotide -1

// particle -1
sphere {
	<49.292297, 52.583504, 56.645863> 0.250000
	pigment { color rgbt <1,0,0,0> }
	no_shadow
}
cylinder {
	<49.129356, 52.946995, 56.609459>,  <49.031593, 53.165089, 56.587616>, 0.100000
	pigment { color rgbt <1,0,0,0> }
	no_shadow
}
cylinder {
	<49.129356, 52.946995, 56.609459>,  <49.292297, 52.583504, 56.645863>, 0.100000
	pigment { color rgbt <1,0,0,0> }
	no_shadow
}

// particle -1
sphere {
	<49.129356, 52.946995, 56.609459> 0.100000
	pigment { color rgbt <1,0,0,0> }
	no_shadow
}
sphere {
	0, 1
	scale<0.080000,0.200000,0.300000>
	matrix <0.644049, 0.356493, 0.676841,
		0.647509, 0.217094, -0.730481,
		-0.407349, 0.908726, -0.091013,
		49.007153, 53.219612, 56.582153>
	pigment { color rgbt <0,1,1,0> }
	no_shadow
}
cylinder {
	<49.708447, 53.102631, 56.301590>,  <49.292297, 52.583504, 56.645863>, 0.130000
	pigment { color rgbt <1,0,0,0> }
	no_shadow
}

// nucleotide -1

// particle -1
sphere {
	<49.708447, 53.102631, 56.301590> 0.250000
	pigment { color rgbt <1,0,0,0> }
	no_shadow
}
cylinder {
	<49.480179, 53.278008, 56.579323>,  <49.343220, 53.383236, 56.745964>, 0.100000
	pigment { color rgbt <1,0,0,0> }
	no_shadow
}
cylinder {
	<49.480179, 53.278008, 56.579323>,  <49.708447, 53.102631, 56.301590>, 0.100000
	pigment { color rgbt <1,0,0,0> }
	no_shadow
}

// particle -1
sphere {
	<49.480179, 53.278008, 56.579323> 0.100000
	pigment { color rgbt <1,0,0,0> }
	no_shadow
}
sphere {
	0, 1
	scale<0.080000,0.200000,0.300000>
	matrix <0.821080, 0.317861, 0.474121,
		-0.012826, 0.840672, -0.541393,
		-0.570668, 0.438447, 0.694336,
		49.308979, 53.409542, 56.787624>
	pigment { color rgbt <0,1,1,0> }
	no_shadow
}
cylinder {
	<49.799168, 53.801723, 56.201843>,  <49.708447, 53.102631, 56.301590>, 0.130000
	pigment { color rgbt <1,0,0,0> }
	no_shadow
}

// nucleotide -1

// particle -1
sphere {
	<49.799168, 53.801723, 56.201843> 0.250000
	pigment { color rgbt <1,0,0,0> }
	no_shadow
}
cylinder {
	<49.689255, 53.735779, 56.580750>,  <49.623306, 53.696213, 56.808094>, 0.100000
	pigment { color rgbt <1,0,0,0> }
	no_shadow
}
cylinder {
	<49.689255, 53.735779, 56.580750>,  <49.799168, 53.801723, 56.201843>, 0.100000
	pigment { color rgbt <1,0,0,0> }
	no_shadow
}

// particle -1
sphere {
	<49.689255, 53.735779, 56.580750> 0.100000
	pigment { color rgbt <1,0,0,0> }
	no_shadow
}
sphere {
	0, 1
	scale<0.080000,0.200000,0.300000>
	matrix <0.892175, 0.323603, 0.315125,
		-0.358491, 0.931720, 0.058165,
		-0.274786, -0.164863, 0.947266,
		49.606819, 53.686321, 56.864929>
	pigment { color rgbt <0,1,1,0> }
	no_shadow
}
cylinder {
	<49.832073, 54.394279, 56.719551>,  <49.799168, 53.801723, 56.201843>, 0.130000
	pigment { color rgbt <1,0,0,0> }
	no_shadow
}

// nucleotide -1

// particle -1
sphere {
	<49.832073, 54.394279, 56.719551> 0.250000
	pigment { color rgbt <1,0,0,0> }
	no_shadow
}
cylinder {
	<49.892056, 54.049873, 56.913940>,  <49.928047, 53.843231, 57.030575>, 0.100000
	pigment { color rgbt <1,0,0,0> }
	no_shadow
}
cylinder {
	<49.892056, 54.049873, 56.913940>,  <49.832073, 54.394279, 56.719551>, 0.100000
	pigment { color rgbt <1,0,0,0> }
	no_shadow
}

// particle -1
sphere {
	<49.892056, 54.049873, 56.913940> 0.100000
	pigment { color rgbt <1,0,0,0> }
	no_shadow
}
sphere {
	0, 1
	scale<0.080000,0.200000,0.300000>
	matrix <0.861480, 0.354981, 0.363098,
		-0.485143, 0.364208, 0.794977,
