// switches for output
#declare DRAW_BASES = 1; // possible values are 0, 1; only relevant for DNA ribbons
#declare DRAW_BASES_TYPE = 3; // possible values are 1, 2, 3; only relevant for DNA ribbons
#declare DRAW_FOG = 0; // set to 1 to enable fog

#include "colors.inc"

#include "transforms.inc"
background { rgb <1, 1, 1>}

#default {
   normal{
       ripples 0.25
       frequency 0.20
       turbulence 0.2
       lambda 5
   }
	finish {
		phong 0.1
		phong_size 40.
	}
}

// original window dimensions: 1024x640


// camera settings

camera {
	sky <-0, 1, 0>
	up <-0, 1, 0>
	right 1.6 * <0.99995, 0, 0.00999983>
	location <54.4867, 55, 106.329>
	look_at <55, 55, 55.0001>
	direction <0.513302, 0, -51.3289>
	angle 67.0682
}


# declare cpy_camera_pos = <54.4867, 55, 106.329>;
# if (DRAW_FOG = 1)
fog {
	fog_type 2
	up vnormalize(cpy_camera_pos)
	color rgbt<1,1,1,0.3>
	distance 1e-5
	fog_alt 3e-3
	fog_offset 88
}
# end


// LIGHTS

# declare lum = 6;
global_settings {
	ambient_light rgb lum * <0.05, 0.05, 0.05>
	max_trace_level 15
}# declare cpy_direct_light_amount = 0.25;
light_source
{	1000 * <-0.98995, -1, 1.00995>,
	rgb lum * cpy_direct_light_amount
	parallel
}

light_source
{	1000 * <0.98995, 1, -1.00995>,
	rgb lum * cpy_direct_light_amount
	parallel
}

// strand 0

// nucleotide -1

// particle -1
sphere {
	<36.138992, 53.412968, 50.497173> 0.250000
	pigment { color rgbt <1,0,0,0> }
	no_shadow
}
cylinder {
	<36.522057, 53.311764, 50.442215>,  <36.751896, 53.251041, 50.409241>, 0.100000
	pigment { color rgbt <1,0,0,0> }
	no_shadow
}
cylinder {
	<36.522057, 53.311764, 50.442215>,  <36.138992, 53.412968, 50.497173>, 0.100000
	pigment { color rgbt <1,0,0,0> }
	no_shadow
}

// particle -1
sphere {
	<36.522057, 53.311764, 50.442215> 0.100000
	pigment { color rgbt <1,0,0,0> }
	no_shadow
}
sphere {
	0, 1
	scale<0.080000,0.200000,0.300000>
	matrix <0.091292, -0.185728, 0.978351,
		-0.273051, -0.949469, -0.154766,
		0.957658, -0.253011, -0.137392,
		36.809353, 53.235863, 50.400997>
	pigment { color rgbt <0,1,1,0> }
	no_shadow
}
cylinder {
	<36.245857, 52.754715, 50.803570>,  <36.138992, 53.412968, 50.497173>, 0.130000
	pigment { color rgbt <1,0,0,0> }
	no_shadow
}

// nucleotide -1

// particle -1
sphere {
	<36.245857, 52.754715, 50.803570> 0.250000
	pigment { color rgbt <1,0,0,0> }
	no_shadow
}
cylinder {
	<36.570343, 52.988613, 50.802643>,  <36.765034, 53.128952, 50.802086>, 0.100000
	pigment { color rgbt <1,0,0,0> }
	no_shadow
}
cylinder {
	<36.570343, 52.988613, 50.802643>,  <36.245857, 52.754715, 50.803570>, 0.100000
	pigment { color rgbt <1,0,0,0> }
	no_shadow
}

// particle -1
sphere {
	<36.570343, 52.988613, 50.802643> 0.100000
	pigment { color rgbt <1,0,0,0> }
	no_shadow
}
sphere {
	0, 1
	scale<0.080000,0.200000,0.300000>
	matrix <-0.068517, 0.098989, 0.992727,
		0.580718, -0.805157, 0.120366,
		0.811216, 0.584742, -0.002317,
		36.813709, 53.164036, 50.801949>
	pigment { color rgbt <0,1,1,0> }
	no_shadow
}
cylinder {
	<36.446346, 52.727898, 51.408855>,  <36.245857, 52.754715, 50.803570>, 0.130000
	pigment { color rgbt <1,0,0,0> }
	no_shadow
}

// nucleotide -1

// particle -1
sphere {
	<36.446346, 52.727898, 51.408855> 0.250000
	pigment { color rgbt <1,0,0,0> }
	no_shadow
}
cylinder {
	<36.613640, 53.068474, 51.282288>,  <36.714016, 53.272820, 51.206345>, 0.100000
	pigment { color rgbt <1,0,0,0> }
	no_shadow
}
cylinder {
	<36.613640, 53.068474, 51.282288>,  <36.446346, 52.727898, 51.408855>, 0.100000
	pigment { color rgbt <1,0,0,0> }
	no_shadow
}

// particle -1
sphere {
	<36.613640, 53.068474, 51.282288> 0.100000
	pigment { color rgbt <1,0,0,0> }
	no_shadow
}
sphere {
	0, 1
	scale<0.080000,0.200000,0.300000>
	matrix <-0.020248, 0.357005, 0.933883,
		0.908113, -0.384176, 0.166553,
		0.418236, 0.851444, -0.316422,
		36.739109, 53.323906, 51.187363>
	pigment { color rgbt <0,1,1,0> }
	no_shadow
}
cylinder {
	<37.084656, 52.848541, 51.789001>,  <36.446346, 52.727898, 51.408855>, 0.130000
	pigment { color rgbt <1,0,0,0> }
	no_shadow
}

// nucleotide -1

// particle -1
sphere {
	<37.084656, 52.848541, 51.789001> 0.250000
	pigment { color rgbt <1,0,0,0> }
	no_shadow
}
cylinder {
	<36.888973, 53.178902, 51.676880>,  <36.771564, 53.377117, 51.609608>, 0.100000
	pigment { color rgbt <1,0,0,0> }
	no_shadow
}
cylinder {
	<36.888973, 53.178902, 51.676880>,  <37.084656, 52.848541, 51.789001>, 0.100000
	pigment { color rgbt <1,0,0,0> }
	no_shadow
}

// particle -1
sphere {
	<36.888973, 53.178902, 51.676880> 0.100000
	pigment { color rgbt <1,0,0,0> }
	no_shadow
}
sphere {
	0, 1
	scale<0.080000,0.200000,0.300000>
	matrix <-0.058757, 0.289453, 0.955387,
		0.870188, 0.483849, -0.093074,
		-0.489204, 0.825898, -0.280308,
		36.742210, 53.426670, 51.592789>
	pigment { color rgbt <0,1,1,0> }
	no_shadow
}
cylinder {
	<37.483036, 53.440674, 51.947517>,  <37.084656, 52.848541, 51.789001>, 0.130000
	pigment { color rgbt <1,0,0,0> }
	no_shadow
}

// nucleotide -1

// particle -1
sphere {
	<37.483036, 53.440674, 51.947517> 0.250000
	pigment { color rgbt <1,0,0,0> }
	no_shadow
}
cylinder {
	<37.089165, 53.509911, 51.956059>,  <36.852844, 53.551453, 51.961182>, 0.100000
	pigment { color rgbt <1,0,0,0> }
	no_shadow
}
cylinder {
	<37.089165, 53.509911, 51.956059>,  <37.483036, 53.440674, 51.947517>, 0.100000
	pigment { color rgbt <1,0,0,0> }
	no_shadow
}

// particle -1
sphere {
	<37.089165, 53.509911, 51.956059> 0.100000
	pigment { color rgbt <1,0,0,0> }
	no_shadow
}
sphere {
	0, 1
	scale<0.080000,0.200000,0.300000>
	matrix <0.050684, 0.166875, 0.984674,
		0.166875, 0.970666, -0.173090,
		-0.984674, 0.173090, 0.021351,
		36.793762, 53.561836, 51.962463>
	pigment { color rgbt <0,1,1,0> }
	no_shadow
}
cylinder {
	<38.154373, 53.666473, 51.644897>,  <37.483036, 53.440674, 51.947517>, 0.130000
	pigment { color rgbt <1,0,0,0> }
	no_shadow
}

// nucleotide -1

// particle -1
sphere {
	<38.154373, 53.666473, 51.644897> 0.250000
	pigment { color rgbt <1,0,0,0> }
	no_shadow
}
cylinder {
	<38.347393, 53.355801, 51.482948>,  <38.463203, 53.169399, 51.385780>, 0.100000
	pigment { color rgbt <1,0,0,0> }
	no_shadow
}
cylinder {
	<38.347393, 53.355801, 51.482948>,  <38.154373, 53.666473, 51.644897>, 0.100000
	pigment { color rgbt <1,0,0,0> }
	no_shadow
}

// particle -1
sphere {
	<38.347393, 53.355801, 51.482948> 0.100000
	pigment { color rgbt <1,0,0,0> }
	no_shadow
}
sphere {
	0, 1
	scale<0.080000,0.200000,0.300000>
	matrix <0.491034, -0.142885, 0.859343,
		-0.725282, -0.613479, 0.312427,
		0.482548, -0.776678, -0.404870,
		38.492157, 53.122799, 51.361488>
	pigment { color rgbt <0,1,1,0> }
	no_shadow
}
cylinder {
	<37.888107, 54.424446, 51.720844>,  <38.154373, 53.666473, 51.644897>, 0.130000
	pigment { color rgbt <1,0,0,0> }
	no_shadow
}

// nucleotide -1

// particle -1
sphere {
	<37.888107, 54.424446, 51.720844> 0.250000
	pigment { color rgbt <1,0,0,0> }
	no_shadow
}
cylinder {
	<37.654324, 54.360687, 52.039089>,  <37.514053, 54.322433, 52.230038>, 0.100000
	pigment { color rgbt <1,0,0,0> }
	no_shadow
}
cylinder {
	<37.654324, 54.360687, 52.039089>,  <37.888107, 54.424446, 51.720844>, 0.100000
	pigment { color rgbt <1,0,0,0> }
	no_shadow
}

// particle -1
sphere {
	<37.654324, 54.360687, 52.039089> 0.100000
	pigment { color rgbt <1,0,0,0> }
	no_shadow
}
sphere {
	0, 1
	scale<0.080000,0.200000,0.300000>
	matrix <0.707204, -0.580798, 0.403159,
		0.397828, 0.798290, 0.452179,
		-0.584462, -0.159395, 0.795611,
		37.478985, 54.312870, 52.277771>
	pigment { color rgbt <0,1,1,0> }
	no_shadow
}
cylinder {
	<38.142498, 54.751392, 52.333797>,  <37.888107, 54.424446, 51.720844>, 0.130000
	pigment { color rgbt <1,0,0,0> }
	no_shadow
}

// nucleotide -1

// particle -1
sphere {
	<38.142498, 54.751392, 52.333797> 0.250000
	pigment { color rgbt <1,0,0,0> }
	no_shadow
}
cylinder {
	<37.942974, 54.415031, 52.417770>,  <37.823261, 54.213215, 52.468155>, 0.100000
	pigment { color rgbt <1,0,0,0> }
	no_shadow
}
cylinder {
	<37.942974, 54.415031, 52.417770>,  <38.142498, 54.751392, 52.333797>, 0.100000
	pigment { color rgbt <1,0,0,0> }
	no_shadow
}

// particle -1
sphere {
	<37.942974, 54.415031, 52.417770> 0.100000
	pigment { color rgbt <1,0,0,0> }
	no_shadow
}
sphere {
	0, 1
	scale<0.080000,0.200000,0.300000>
	matrix <0.786996, -0.337974, 0.516150,
		-0.363080, 0.422677, 0.830372,
		-0.498809, -0.840903, 0.209934,
		37.793331, 54.162762, 52.480751>
	pigment { color rgbt <0,1,1,0> }
	no_shadow
}
cylinder {
	<38.039570, 54.706734, 53.075684>,  <38.142498, 54.751392, 52.333797>, 0.130000
	pigment { color rgbt <1,0,0,0> }
	no_shadow
}

// nucleotide -1

// particle -1
sphere {
	<38.039570, 54.706734, 53.075684> 0.250000
	pigment { color rgbt <1,0,0,0> }
	no_shadow
}
cylinder {
	<37.965530, 54.327591, 52.971909>,  <37.921108, 54.100105, 52.909645>, 0.100000
	pigment { color rgbt <1,0,0,0> }
	no_shadow
}
cylinder {
	<37.965530, 54.327591, 52.971909>,  <38.039570, 54.706734, 53.075684>, 0.100000
	pigment { color rgbt <1,0,0,0> }
	no_shadow
}

// particle -1
sphere {
	<37.965530, 54.327591, 52.971909> 0.100000
	pigment { color rgbt <1,0,0,0> }
	no_shadow
}
sphere {
	0, 1
	scale<0.080000,0.200000,0.300000>
	matrix <0.446149, -0.316275, 0.837210,
		-0.875608, 0.039220, 0.481427,
		-0.185099, -0.947856, -0.259435,
		37.910000, 54.043236, 52.894077>
	pigment { color rgbt <0,1,1,0> }
	no_shadow
}
cylinder {
	<37.645046, 54.220692, 53.552624>,  <38.039570, 54.706734, 53.075684>, 0.130000
	pigment { color rgbt <1,0,0,0> }
	no_shadow
}

// nucleotide -1

// particle -1
sphere {
	<37.645046, 54.220692, 53.552624> 0.250000
	pigment { color rgbt <1,0,0,0> }
	no_shadow
}
cylinder {
	<37.907990, 54.026688, 53.321922>,  <38.065758, 53.910286, 53.183502>, 0.100000
	pigment { color rgbt <1,0,0,0> }
	no_shadow
}
cylinder {
	<37.907990, 54.026688, 53.321922>,  <37.645046, 54.220692, 53.552624>, 0.100000
	pigment { color rgbt <1,0,0,0> }
	no_shadow
}

// particle -1
sphere {
	<37.907990, 54.026688, 53.321922> 0.100000
	pigment { color rgbt <1,0,0,0> }
	no_shadow
}
sphere {
	0, 1
	scale<0.080000,0.200000,0.300000>
	matrix <0.508121, -0.279916, 0.814531,
		-0.556498, -0.828499, 0.062438,
		0.657361, -0.485011, -0.576751,
		38.105198, 53.881184, 53.148895>
	pigment { color rgbt <0,1,1,0> }
	no_shadow
}
cylinder {
	<37.900925, 53.672577, 54.060886>,  <37.645046, 54.220692, 53.552624>, 0.130000
	pigment { color rgbt <1,0,0,0> }
	no_shadow
}

// nucleotide -1

// particle -1
sphere {
	<37.900925, 53.672577, 54.060886> 0.250000
	pigment { color rgbt <1,0,0,0> }
	no_shadow
}
cylinder {
	<38.147835, 53.717514, 53.749413>,  <38.295979, 53.744476, 53.562527>, 0.100000
	pigment { color rgbt <1,0,0,0> }
	no_shadow
}
cylinder {
	<38.147835, 53.717514, 53.749413>,  <37.900925, 53.672577, 54.060886>, 0.100000
	pigment { color rgbt <1,0,0,0> }
	no_shadow
}

// particle -1
sphere {
	<38.147835, 53.717514, 53.749413> 0.100000
	pigment { color rgbt <1,0,0,0> }
	no_shadow
}
sphere {
	0, 1
	scale<0.080000,0.200000,0.300000>
	matrix <0.779241, -0.223709, 0.585438,
		-0.108428, -0.968160, -0.225634,
		0.617274, 0.112345, -0.778686,
		38.333015, 53.751217, 53.515808>
	pigment { color rgbt <0,1,1,0> }
	no_shadow
}
cylinder {
	<38.186363, 53.271587, 54.609592>,  <37.900925, 53.672577, 54.060886>, 0.130000
	pigment { color rgbt <1,0,0,0> }
	no_shadow
}

// nucleotide -1

// particle -1
sphere {
	<38.186363, 53.271587, 54.609592> 0.250000
	pigment { color rgbt <1,0,0,0> }
	no_shadow
}
cylinder {
	<37.921982, 52.972660, 54.636917>,  <37.763355, 52.793304, 54.653313>, 0.100000
	pigment { color rgbt <1,0,0,0> }
	no_shadow
}
cylinder {
	<37.921982, 52.972660, 54.636917>,  <38.186363, 53.271587, 54.609592>, 0.100000
	pigment { color rgbt <1,0,0,0> }
	no_shadow
}

// particle -1
sphere {
	<37.921982, 52.972660, 54.636917> 0.100000
	pigment { color rgbt <1,0,0,0> }
	no_shadow
}
sphere {
	0, 1
	scale<0.080000,0.200000,0.300000>
	matrix <0.532666, -0.531321, -0.658760,
		0.528594, -0.399023, 0.749246,
		-0.660951, -0.747314, 0.068307,
		37.723698, 52.748466, 54.657410>
	pigment { color rgbt <0,1,1,0> }
	no_shadow
}
cylinder {
	<38.685413, 53.752132, 54.167358>,  <38.186363, 53.271587, 54.609592>, 0.130000
	pigment { color rgbt <1,0,0,0> }
	no_shadow
}

// nucleotide -1

// particle -1
sphere {
	<38.685413, 53.752132, 54.167358> 0.250000
	pigment { color rgbt <1,0,0,0> }
	no_shadow
}
cylinder {
	<38.957386, 54.043140, 54.204048>,  <39.120567, 54.217747, 54.226063>, 0.100000
	pigment { color rgbt <1,0,0,0> }
	no_shadow
}
cylinder {
	<38.957386, 54.043140, 54.204048>,  <38.685413, 53.752132, 54.167358>, 0.100000
	pigment { color rgbt <1,0,0,0> }
	no_shadow
}

// particle -1
sphere {
	<38.957386, 54.043140, 54.204048> 0.100000
	pigment { color rgbt <1,0,0,0> }
	no_shadow
}
sphere {
	0, 1
	scale<0.080000,0.200000,0.300000>
	matrix <0.182705, -0.046944, -0.982046,
		-0.710153, 0.684478, -0.164840,
		0.679927, 0.727521, 0.091720,
		39.161366, 54.261398, 54.231564>
	pigment { color rgbt <0,1,1,0> }
	no_shadow
}
cylinder {
	<38.587341, 54.521149, 53.814941>,  <38.685413, 53.752132, 54.167358>, 0.130000
	pigment { color rgbt <1,0,0,0> }
	no_shadow
}

// nucleotide -1

// particle -1
sphere {
	<38.587341, 54.521149, 53.814941> 0.250000
	pigment { color rgbt <1,0,0,0> }
	no_shadow
}
cylinder {
	<38.961018, 54.379993, 53.835915>,  <39.185223, 54.295300, 53.848499>, 0.100000
	pigment { color rgbt <1,0,0,0> }
	no_shadow
}
cylinder {
	<38.961018, 54.379993, 53.835915>,  <38.587341, 54.521149, 53.814941>, 0.100000
	pigment { color rgbt <1,0,0,0> }
	no_shadow
}

// particle -1
sphere {
	<38.961018, 54.379993, 53.835915> 0.100000
	pigment { color rgbt <1,0,0,0> }
	no_shadow
}
sphere {
	0, 1
	scale<0.080000,0.200000,0.300000>
	matrix <0.054353, -0.004482, -0.998512,
		0.352602, 0.935653, 0.014994,
		0.934193, -0.352893, 0.052436,
		39.241276, 54.274124, 53.851646>
	pigment { color rgbt <0,1,1,0> }
	no_shadow
}
cylinder {
	<39.100140, 54.950169, 53.452923>,  <38.587341, 54.521149, 53.814941>, 0.130000
	pigment { color rgbt <1,0,0,0> }
	no_shadow
}

// nucleotide -1

// particle -1
sphere {
	<39.100140, 54.950169, 53.452923> 0.250000
	pigment { color rgbt <1,0,0,0> }
	no_shadow
}
cylinder {
	<39.257847, 54.582851, 53.467316>,  <39.352470, 54.362461, 53.475952>, 0.100000
	pigment { color rgbt <1,0,0,0> }
	no_shadow
}
cylinder {
	<39.257847, 54.582851, 53.467316>,  <39.100140, 54.950169, 53.452923>, 0.100000
	pigment { color rgbt <1,0,0,0> }
	no_shadow
}

// particle -1
sphere {
	<39.257847, 54.582851, 53.467316> 0.100000
	pigment { color rgbt <1,0,0,0> }
	no_shadow
}
sphere {
	0, 1
	scale<0.080000,0.200000,0.300000>
	matrix <0.050910, -0.017270, -0.998554,
		0.917586, 0.395526, 0.039941,
		0.394264, -0.918293, 0.035982,
		39.376125, 54.307365, 53.478111>
	pigment { color rgbt <0,1,1,0> }
	no_shadow
}
cylinder {
	<39.898396, 54.793308, 53.108440>,  <39.100140, 54.950169, 53.452923>, 0.130000
	pigment { color rgbt <1,0,0,0> }
	no_shadow
}

// nucleotide -1

// particle -1
sphere {
	<39.898396, 54.793308, 53.108440> 0.250000
	pigment { color rgbt <1,0,0,0> }
	no_shadow
}
cylinder {
	<39.573002, 54.561737, 53.086220>,  <39.377766, 54.422794, 53.072887>, 0.100000
	pigment { color rgbt <1,0,0,0> }
	no_shadow
}
cylinder {
	<39.573002, 54.561737, 53.086220>,  <39.898396, 54.793308, 53.108440>, 0.100000
	pigment { color rgbt <1,0,0,0> }
	no_shadow
}

// particle -1
sphere {
	<39.573002, 54.561737, 53.086220> 0.100000
	pigment { color rgbt <1,0,0,0> }
	no_shadow
}
sphere {
	0, 1
	scale<0.080000,0.200000,0.300000>
	matrix <0.102474, -0.048650, -0.993545,
		0.572492, -0.813923, 0.098901,
		-0.813481, -0.578932, -0.055554,
		39.328957, 54.388058, 53.069553>
	pigment { color rgbt <0,1,1,0> }
	no_shadow
}
cylinder {
	<39.875519, 55.209030, 52.501972>,  <39.898396, 54.793308, 53.108440>, 0.130000
	pigment { color rgbt <1,0,0,0> }
	no_shadow
}

// nucleotide -1

// particle -1
sphere {
	<39.875519, 55.209030, 52.501972> 0.250000
	pigment { color rgbt <1,0,0,0> }
	no_shadow
}
cylinder {
	<39.655468, 55.543053, 52.499634>,  <39.523438, 55.743465, 52.498230>, 0.100000
	pigment { color rgbt <1,0,0,0> }
	no_shadow
}
cylinder {
	<39.655468, 55.543053, 52.499634>,  <39.875519, 55.209030, 52.501972>, 0.100000
	pigment { color rgbt <1,0,0,0> }
	no_shadow
}

// particle -1
sphere {
	<39.655468, 55.543053, 52.499634> 0.100000
	pigment { color rgbt <1,0,0,0> }
	no_shadow
}
sphere {
	0, 1
	scale<0.080000,0.200000,0.300000>
	matrix <0.550827, 0.368124, 0.749049,
		0.627651, 0.408856, -0.662488,
		-0.550131, 0.835058, -0.005844,
		39.490429, 55.793571, 52.497879>
	pigment { color rgbt <0,1,1,0> }
	no_shadow
}
cylinder {
	<40.411480, 55.629223, 52.076080>,  <39.875519, 55.209030, 52.501972>, 0.130000
	pigment { color rgbt <1,0,0,0> }
	no_shadow
}

// nucleotide -1

// particle -1
sphere {
	<40.411480, 55.629223, 52.076080> 0.250000
	pigment { color rgbt <1,0,0,0> }
	no_shadow
}
cylinder {
	<40.520195, 55.797729, 51.729980>,  <40.585423, 55.898834, 51.522320>, 0.100000
	pigment { color rgbt <1,0,0,0> }
	no_shadow
}
cylinder {
	<40.520195, 55.797729, 51.729980>,  <40.411480, 55.629223, 52.076080>, 0.100000
	pigment { color rgbt <1,0,0,0> }
	no_shadow
}

// particle -1
sphere {
	<40.520195, 55.797729, 51.729980> 0.100000
	pigment { color rgbt <1,0,0,0> }
	no_shadow
}
sphere {
	0, 1
	scale<0.080000,0.200000,0.300000>
	matrix <0.924695, -0.363386, 0.113537,
		-0.266592, -0.830954, -0.488308,
		0.271788, 0.421267, -0.865254,
		40.601730, 55.924110, 51.470406>
	pigment { color rgbt <0,1,1,0> }
	no_shadow
}
cylinder {
	<40.829689, 55.267349, 51.776871>,  <40.411480, 55.629223, 52.076080>, 0.130000
	pigment { color rgbt <1,0,0,0> }
	no_shadow
}

// nucleotide -1

// particle -1
sphere {
	<40.829689, 55.267349, 51.776871> 0.250000
	pigment { color rgbt <1,0,0,0> }
	no_shadow
}
cylinder {
	<40.927567, 55.627884, 51.633919>,  <40.986294, 55.844204, 51.548149>, 0.100000
	pigment { color rgbt <1,0,0,0> }
	no_shadow
}
cylinder {
	<40.927567, 55.627884, 51.633919>,  <40.829689, 55.267349, 51.776871>, 0.100000
	pigment { color rgbt <1,0,0,0> }
	no_shadow
}

// particle -1
sphere {
	<40.927567, 55.627884, 51.633919> 0.100000
	pigment { color rgbt <1,0,0,0> }
	no_shadow
}
sphere {
	0, 1
	scale<0.080000,0.200000,0.300000>
	matrix <0.969600, -0.227141, 0.091011,
		0.000856, -0.368785, -0.929514,
		0.244694, 0.901335, -0.357380,
		41.000977, 55.898285, 51.526703>
	pigment { color rgbt <0,1,1,0> }
	no_shadow
}
cylinder {
	<41.427822, 55.216064, 51.281322>,  <40.829689, 55.267349, 51.776871>, 0.130000
	pigment { color rgbt <1,0,0,0> }
	no_shadow
}

// nucleotide -1

// particle -1
sphere {
	<41.427822, 55.216064, 51.281322> 0.250000
	pigment { color rgbt <1,0,0,0> }
	no_shadow
}
cylinder {
	<41.397053, 55.587963, 51.425354>,  <41.378590, 55.811104, 51.511772>, 0.100000
	pigment { color rgbt <1,0,0,0> }
	no_shadow
}
cylinder {
	<41.397053, 55.587963, 51.425354>,  <41.427822, 55.216064, 51.281322>, 0.100000
	pigment { color rgbt <1,0,0,0> }
	no_shadow
}

// particle -1
sphere {
	<41.397053, 55.587963, 51.425354> 0.100000
	pigment { color rgbt <1,0,0,0> }
	no_shadow
}
sphere {
	0, 1
	scale<0.080000,0.200000,0.300000>
	matrix <0.990522, 0.030049, 0.134027,
		0.113791, 0.366973, -0.923245,
		-0.076927, 0.929746, 0.360076,
		41.373974, 55.866886, 51.533379>
	pigment { color rgbt <0,1,1,0> }
	no_shadow
}
cylinder {
	<42.029305, 55.502068, 51.100098>,  <41.427822, 55.216064, 51.281322>, 0.130000
	pigment { color rgbt <1,0,0,0> }
	no_shadow
}

// nucleotide -1

// particle -1
sphere {
	<42.029305, 55.502068, 51.100098> 0.250000
	pigment { color rgbt <1,0,0,0> }
	no_shadow
}
cylinder {
	<41.916885, 55.692551, 51.433380>,  <41.849434, 55.806839, 51.633350>, 0.100000
	pigment { color rgbt <1,0,0,0> }
	no_shadow
}
cylinder {
	<41.916885, 55.692551, 51.433380>,  <42.029305, 55.502068, 51.100098>, 0.100000
	pigment { color rgbt <1,0,0,0> }
	no_shadow
}

// particle -1
sphere {
	<41.916885, 55.692551, 51.433380> 0.100000
	pigment { color rgbt <1,0,0,0> }
	no_shadow
}
sphere {
	0, 1
	scale<0.080000,0.200000,0.300000>
	matrix <0.957415, 0.079314, 0.277608,
		0.066113, 0.875749, -0.478219,
		-0.281044, 0.476208, 0.833211,
		41.832573, 55.835415, 51.683342>
	pigment { color rgbt <0,1,1,0> }
	no_shadow
}
cylinder {
	<42.512302, 56.134949, 51.146572>,  <42.029305, 55.502068, 51.100098>, 0.130000
	pigment { color rgbt <1,0,0,0> }
	no_shadow
}

// nucleotide -1

// particle -1
sphere {
	<42.512302, 56.134949, 51.146572> 0.250000
	pigment { color rgbt <1,0,0,0> }
	no_shadow
}
cylinder {
	<42.385841, 56.041908, 51.514473>,  <42.309963, 55.986084, 51.735214>, 0.100000
	pigment { color rgbt <1,0,0,0> }
	no_shadow
}
cylinder {
	<42.385841, 56.041908, 51.514473>,  <42.512302, 56.134949, 51.146572>, 0.100000
	pigment { color rgbt <1,0,0,0> }
	no_shadow
}

// particle -1
sphere {
	<42.385841, 56.041908, 51.514473> 0.100000
	pigment { color rgbt <1,0,0,0> }
	no_shadow
}
sphere {
	0, 1
	scale<0.080000,0.200000,0.300000>
	matrix <0.946637, -0.013307, 0.322027,
		-0.062664, 0.972482, 0.224393,
		-0.316151, -0.232599, 0.919753,
		42.290997, 55.972130, 51.790398>
	pigment { color rgbt <0,1,1,0> }
	no_shadow
}
cylinder {
	<42.904118, 56.569824, 51.662094>,  <42.512302, 56.134949, 51.146572>, 0.130000
	pigment { color rgbt <1,0,0,0> }
	no_shadow
}

// nucleotide -1

// particle -1
sphere {
	<42.904118, 56.569824, 51.662094> 0.250000
	pigment { color rgbt <1,0,0,0> }
	no_shadow
}
cylinder {
	<42.773232, 56.223022, 51.812424>,  <42.694702, 56.014942, 51.902622>, 0.100000
	pigment { color rgbt <1,0,0,0> }
	no_shadow
}
cylinder {
	<42.773232, 56.223022, 51.812424>,  <42.904118, 56.569824, 51.662094>, 0.100000
	pigment { color rgbt <1,0,0,0> }
	no_shadow
}

// particle -1
sphere {
	<42.773232, 56.223022, 51.812424> 0.100000
	pigment { color rgbt <1,0,0,0> }
	no_shadow
}
sphere {
	0, 1
	scale<0.080000,0.200000,0.300000>
	matrix <0.943390, -0.322574, 0.077209,
		0.054290, 0.379811, 0.923469,
		-0.327212, -0.867000, 0.375823,
		42.675068, 55.962921, 51.925171>
	pigment { color rgbt <0,1,1,0> }
	no_shadow
}
cylinder {
	<43.446899, 56.580391, 52.123306>,  <42.904118, 56.569824, 51.662094>, 0.130000
	pigment { color rgbt <1,0,0,0> }
	no_shadow
}

// nucleotide -1

// particle -1
sphere {
	<43.446899, 56.580391, 52.123306> 0.250000
	pigment { color rgbt <1,0,0,0> }
	no_shadow
}
cylinder {
	<43.331749, 56.199219, 52.085258>,  <43.262657, 55.970516, 52.062428>, 0.100000
	pigment { color rgbt <1,0,0,0> }
	no_shadow
}
cylinder {
	<43.331749, 56.199219, 52.085258>,  <43.446899, 56.580391, 52.123306>, 0.100000
	pigment { color rgbt <1,0,0,0> }
	no_shadow
}

// particle -1
sphere {
	<43.331749, 56.199219, 52.085258> 0.100000
	pigment { color rgbt <1,0,0,0> }
	no_shadow
}
sphere {
	0, 1
	scale<0.080000,0.200000,0.300000>
	matrix <0.937519, -0.300694, 0.175044,
		-0.195407, -0.038787, 0.979955,
		-0.287878, -0.952931, -0.095122,
		43.245384, 55.913338, 52.056721>
	pigment { color rgbt <0,1,1,0> }
	no_shadow
}
cylinder {
	<43.578339, 56.106064, 52.596195>,  <43.446899, 56.580391, 52.123306>, 0.130000
	pigment { color rgbt <1,0,0,0> }
	no_shadow
}

// nucleotide -1

// particle -1
sphere {
	<43.578339, 56.106064, 52.596195> 0.250000
	pigment { color rgbt <1,0,0,0> }
	no_shadow
}
cylinder {
	<43.575966, 55.848640, 52.290047>,  <43.574543, 55.694183, 52.106358>, 0.100000
	pigment { color rgbt <1,0,0,0> }
	no_shadow
}
cylinder {
	<43.575966, 55.848640, 52.290047>,  <43.578339, 56.106064, 52.596195>, 0.100000
	pigment { color rgbt <1,0,0,0> }
	no_shadow
}

// particle -1
sphere {
	<43.575966, 55.848640, 52.290047> 0.100000
	pigment { color rgbt <1,0,0,0> }
	no_shadow
}
sphere {
	0, 1
	scale<0.080000,0.200000,0.300000>
	matrix <0.924092, -0.296003, 0.241735,
		-0.382123, -0.705839, 0.596467,
		-0.005930, -0.643563, -0.765370,
		43.574188, 55.655571, 52.060436>
	pigment { color rgbt <0,1,1,0> }
	no_shadow
}
cylinder {
	<44.053368, 55.606739, 52.817791>,  <43.578339, 56.106064, 52.596195>, 0.130000
	pigment { color rgbt <1,0,0,0> }
	no_shadow
}

// nucleotide -1

// particle -1
sphere {
	<44.053368, 55.606739, 52.817791> 0.250000
	pigment { color rgbt <1,0,0,0> }
	no_shadow
}
cylinder {
	<44.036247, 55.559513, 52.420959>,  <44.025974, 55.531178, 52.182861>, 0.100000
	pigment { color rgbt <1,0,0,0> }
	no_shadow
}
cylinder {
	<44.036247, 55.559513, 52.420959>,  <44.053368, 55.606739, 52.817791>, 0.100000
	pigment { color rgbt <1,0,0,0> }
	no_shadow
}

// particle -1
sphere {
	<44.036247, 55.559513, 52.420959> 0.100000
	pigment { color rgbt <1,0,0,0> }
	no_shadow
}
sphere {
	0, 1
	scale<0.080000,0.200000,0.300000>
	matrix <0.985070, -0.170718, -0.022181,
		-0.166748, -0.978220, 0.123614,
		-0.042801, -0.118070, -0.992083,
		44.023407, 55.524094, 52.123333>
	pigment { color rgbt <0,1,1,0> }
	no_shadow
}
cylinder {
	<44.408878, 54.905083, 52.983364>,  <44.053368, 55.606739, 52.817791>, 0.130000
	pigment { color rgbt <1,0,0,0> }
	no_shadow
}

// nucleotide -1

// particle -1
sphere {
	<44.408878, 54.905083, 52.983364> 0.250000
	pigment { color rgbt <1,0,0,0> }
	no_shadow
}
cylinder {
	<44.568871, 55.253967, 53.095982>,  <44.664867, 55.463299, 53.163551>, 0.100000
	pigment { color rgbt <1,0,0,0> }
	no_shadow
}
cylinder {
	<44.568871, 55.253967, 53.095982>,  <44.408878, 54.905083, 52.983364>, 0.100000
	pigment { color rgbt <1,0,0,0> }
	no_shadow
}

// particle -1
sphere {
	<44.568871, 55.253967, 53.095982> 0.100000
	pigment { color rgbt <1,0,0,0> }
	no_shadow
}
sphere {
	0, 1
	scale<0.080000,0.200000,0.300000>
	matrix <0.689098, -0.488727, 0.535060,
		0.604282, -0.020003, -0.796519,
		0.399983, 0.872207, 0.281545,
		44.688866, 55.515629, 53.180447>
	pigment { color rgbt <0,1,1,0> }
	no_shadow
}
cylinder {
	<45.228313, 54.918522, 52.787392>,  <44.408878, 54.905083, 52.983364>, 0.130000
	pigment { color rgbt <1,0,0,0> }
	no_shadow
}

// nucleotide -1

// particle -1
sphere {
	<45.228313, 54.918522, 52.787392> 0.250000
	pigment { color rgbt <1,0,0,0> }
	no_shadow
}
cylinder {
	<45.118416, 55.141933, 53.100456>,  <45.052479, 55.275978, 53.288296>, 0.100000
	pigment { color rgbt <1,0,0,0> }
	no_shadow
}
cylinder {
	<45.118416, 55.141933, 53.100456>,  <45.228313, 54.918522, 52.787392>, 0.100000
	pigment { color rgbt <1,0,0,0> }
	no_shadow
}

// particle -1
sphere {
	<45.118416, 55.141933, 53.100456> 0.100000
	pigment { color rgbt <1,0,0,0> }
	no_shadow
}
sphere {
	0, 1
	scale<0.080000,0.200000,0.300000>
	matrix <0.538520, -0.584962, 0.606478,
		0.796564, 0.588106, -0.140064,
		-0.274741, 0.558526, 0.782666,
		45.035992, 55.309490, 53.335255>
	pigment { color rgbt <0,1,1,0> }
	no_shadow
}
cylinder {
	<45.819847, 55.328445, 53.240814>,  <45.228313, 54.918522, 52.787392>, 0.130000
	pigment { color rgbt <1,0,0,0> }
	no_shadow
}

// nucleotide -1

// particle -1
sphere {
	<45.819847, 55.328445, 53.240814> 0.250000
	pigment { color rgbt <1,0,0,0> }
	no_shadow
}
cylinder {
	<45.517155, 55.164925, 53.444870>,  <45.335541, 55.066811, 53.567303>, 0.100000
	pigment { color rgbt <1,0,0,0> }
	no_shadow
}
cylinder {
	<45.517155, 55.164925, 53.444870>,  <45.819847, 55.328445, 53.240814>, 0.100000
	pigment { color rgbt <1,0,0,0> }
	no_shadow
}

// particle -1
sphere {
	<45.517155, 55.164925, 53.444870> 0.100000
	pigment { color rgbt <1,0,0,0> }
	no_shadow
}
sphere {
	0, 1
	scale<0.080000,0.200000,0.300000>
	matrix <0.628114, -0.670966, 0.394052,
		0.181194, 0.618614, 0.764516,
		-0.756731, -0.408804, 0.510135,
		45.290134, 55.042282, 53.597912>
	pigment { color rgbt <0,1,1,0> }
	no_shadow
}
cylinder {
	<46.061668, 55.143509, 53.932133>,  <45.819847, 55.328445, 53.240814>, 0.130000
	pigment { color rgbt <1,0,0,0> }
	no_shadow
}

// nucleotide -1

// particle -1
sphere {
	<46.061668, 55.143509, 53.932133> 0.250000
	pigment { color rgbt <1,0,0,0> }
	no_shadow
}
cylinder {
	<45.773773, 54.929451, 53.755226>,  <45.601036, 54.801018, 53.649082>, 0.100000
	pigment { color rgbt <1,0,0,0> }
	no_shadow
}
cylinder {
	<45.773773, 54.929451, 53.755226>,  <46.061668, 55.143509, 53.932133>, 0.100000
	pigment { color rgbt <1,0,0,0> }
	no_shadow
}

// particle -1
sphere {
	<45.773773, 54.929451, 53.755226> 0.100000
	pigment { color rgbt <1,0,0,0> }
	no_shadow
}
sphere {
	0, 1
	scale<0.080000,0.200000,0.300000>
	matrix <0.593606, -0.804719, 0.007682,
		-0.360012, -0.257003, 0.896850,
		-0.719738, -0.535142, -0.442267,
		45.557850, 54.768909, 53.622547>
	pigment { color rgbt <0,1,1,0> }
	no_shadow
}
cylinder {
	<45.680824, 54.568268, 54.285683>,  <46.061668, 55.143509, 53.932133>, 0.130000
	pigment { color rgbt <1,0,0,0> }
	no_shadow
}

// nucleotide -1

// particle -1
sphere {
	<45.680824, 54.568268, 54.285683> 0.250000
	pigment { color rgbt <1,0,0,0> }
	no_shadow
}
cylinder {
	<45.837105, 54.240234, 54.118439>,  <45.930874, 54.043415, 54.018093>, 0.100000
	pigment { color rgbt <1,0,0,0> }
	no_shadow
}
cylinder {
	<45.837105, 54.240234, 54.118439>,  <45.680824, 54.568268, 54.285683>, 0.100000
	pigment { color rgbt <1,0,0,0> }
	no_shadow
}

// particle -1
sphere {
	<45.837105, 54.240234, 54.118439> 0.100000
	pigment { color rgbt <1,0,0,0> }
	no_shadow
}
sphere {
	0, 1
	scale<0.080000,0.200000,0.300000>
	matrix <0.571325, -0.140099, 0.808678,
		-0.721760, -0.554829, 0.413797,
		0.390706, -0.820083, -0.418105,
		45.954315, 53.994209, 53.993008>
	pigment { color rgbt <0,1,1,0> }
	no_shadow
}
cylinder {
	<45.680458, 53.940273, 54.721985>,  <45.680824, 54.568268, 54.285683>, 0.130000
	pigment { color rgbt <1,0,0,0> }
	no_shadow
}

// nucleotide -1

// particle -1
sphere {
	<45.680458, 53.940273, 54.721985> 0.250000
	pigment { color rgbt <1,0,0,0> }
	no_shadow
}
cylinder {
	<45.966949, 53.963737, 54.443825>,  <46.138844, 53.977818, 54.276928>, 0.100000
	pigment { color rgbt <1,0,0,0> }
	no_shadow
}
cylinder {
	<45.966949, 53.963737, 54.443825>,  <45.680458, 53.940273, 54.721985>, 0.100000
	pigment { color rgbt <1,0,0,0> }
	no_shadow
}

// particle -1
sphere {
	<45.966949, 53.963737, 54.443825> 0.100000
	pigment { color rgbt <1,0,0,0> }
	no_shadow
}
sphere {
	0, 1
	scale<0.080000,0.200000,0.300000>
	matrix <0.694529, 0.037452, 0.718489,
		0.068197, -0.997575, -0.013924,
		0.716225, 0.058669, -0.695399,
		46.181816, 53.981335, 54.235207>
	pigment { color rgbt <0,1,1,0> }
	no_shadow
}
cylinder {
	<46.209324, 53.553162, 55.009319>,  <45.680458, 53.940273, 54.721985>, 0.130000
	pigment { color rgbt <1,0,0,0> }
	no_shadow
}

// nucleotide -1

// particle -1
sphere {
	<46.209324, 53.553162, 55.009319> 0.250000
	pigment { color rgbt <1,0,0,0> }
	no_shadow
}
cylinder {
	<46.370396, 53.779575, 54.721581>,  <46.467041, 53.915424, 54.548939>, 0.100000
	pigment { color rgbt <1,0,0,0> }
	no_shadow
}
cylinder {
	<46.370396, 53.779575, 54.721581>,  <46.209324, 53.553162, 55.009319>, 0.100000
	pigment { color rgbt <1,0,0,0> }
	no_shadow
}

// particle -1
sphere {
	<46.370396, 53.779575, 54.721581> 0.100000
	pigment { color rgbt <1,0,0,0> }
	no_shadow
}
sphere {
	0, 1
	scale<0.080000,0.200000,0.300000>
	matrix <0.801339, 0.161814, 0.575910,
		0.442383, -0.808348, -0.388423,
		0.402683, 0.566031, -0.719344,
		46.491199, 53.949383, 54.505775>
	pigment { color rgbt <0,1,1,0> }
	no_shadow
}
cylinder {
	<46.927700, 53.336765, 54.788338>,  <46.209324, 53.553162, 55.009319>, 0.130000
	pigment { color rgbt <1,0,0,0> }
	no_shadow
}

// nucleotide -1

// particle -1
sphere {
	<46.927700, 53.336765, 54.788338> 0.250000
	pigment { color rgbt <1,0,0,0> }
	no_shadow
}
cylinder {
	<46.883003, 53.733635, 54.766083>,  <46.856186, 53.971756, 54.752731>, 0.100000
	pigment { color rgbt <1,0,0,0> }
	no_shadow
}
cylinder {
	<46.883003, 53.733635, 54.766083>,  <46.927700, 53.336765, 54.788338>, 0.100000
	pigment { color rgbt <1,0,0,0> }
	no_shadow
}

// particle -1
sphere {
	<46.883003, 53.733635, 54.766083> 0.100000
	pigment { color rgbt <1,0,0,0> }
	no_shadow
}
sphere {
	0, 1
	scale<0.080000,0.200000,0.300000>
	matrix <0.851643, 0.124462, 0.509129,
		0.512072, 0.009509, -0.858890,
		-0.111741, 0.992179, -0.055635,
		46.849480, 54.031288, 54.749393>
	pigment { color rgbt <0,1,1,0> }
	no_shadow
}
cylinder {
	<47.562424, 53.745743, 54.545826>,  <46.927700, 53.336765, 54.788338>, 0.130000
	pigment { color rgbt <1,0,0,0> }
	no_shadow
}

// nucleotide -1

// particle -1
sphere {
	<47.562424, 53.745743, 54.545826> 0.250000
	pigment { color rgbt <1,0,0,0> }
	no_shadow
}
cylinder {
	<47.360760, 53.957329, 54.818890>,  <47.239761, 54.084282, 54.982727>, 0.100000
	pigment { color rgbt <1,0,0,0> }
	no_shadow
}
cylinder {
	<47.360760, 53.957329, 54.818890>,  <47.562424, 53.745743, 54.545826>, 0.100000
	pigment { color rgbt <1,0,0,0> }
	no_shadow
}

// particle -1
sphere {
	<47.360760, 53.957329, 54.818890> 0.100000
	pigment { color rgbt <1,0,0,0> }
	no_shadow
}
sphere {
	0, 1
	scale<0.080000,0.200000,0.300000>
	matrix <0.831837, 0.084991, 0.548474,
		0.232104, 0.844377, -0.482862,
		-0.504157, 0.528965, 0.682657,
		47.209511, 54.116020, 55.023685>
	pigment { color rgbt <0,1,1,0> }
	no_shadow
}
cylinder {
	<47.948105, 54.327759, 54.744110>,  <47.562424, 53.745743, 54.545826>, 0.130000
	pigment { color rgbt <1,0,0,0> }
	no_shadow
}

// nucleotide -1

// particle -1
sphere {
	<47.948105, 54.327759, 54.744110> 0.250000
	pigment { color rgbt <1,0,0,0> }
	no_shadow
}
cylinder {
	<47.715004, 54.208160, 55.046371>,  <47.575146, 54.136402, 55.227726>, 0.100000
	pigment { color rgbt <1,0,0,0> }
	no_shadow
}
cylinder {
	<47.715004, 54.208160, 55.046371>,  <47.948105, 54.327759, 54.744110>, 0.100000
	pigment { color rgbt <1,0,0,0> }
	no_shadow
}

// particle -1
sphere {
	<47.715004, 54.208160, 55.046371> 0.100000
	pigment { color rgbt <1,0,0,0> }
	no_shadow
}
sphere {
	0, 1
	scale<0.080000,0.200000,0.300000>
	matrix <0.776856, 0.067969, 0.625999,
		-0.238531, 0.951831, 0.192667,
		-0.582750, -0.298995, 0.755649,
		47.540180, 54.118462, 55.273067>
	pigment { color rgbt <0,1,1,0> }
	no_shadow
}
cylinder {
	<47.998093, 54.803844, 55.397388>,  <47.948105, 54.327759, 54.744110>, 0.130000
	pigment { color rgbt <1,0,0,0> }
	no_shadow
}

// nucleotide -1

// particle -1
sphere {
	<47.998093, 54.803844, 55.397388> 0.250000
	pigment { color rgbt <1,0,0,0> }
	no_shadow
}
cylinder {
	<47.879105, 54.432579, 55.486855>,  <47.807713, 54.209820, 55.540535>, 0.100000
	pigment { color rgbt <1,0,0,0> }
	no_shadow
}
cylinder {
	<47.879105, 54.432579, 55.486855>,  <47.998093, 54.803844, 55.397388>, 0.100000
	pigment { color rgbt <1,0,0,0> }
	no_shadow
}

// particle -1
sphere {
	<47.879105, 54.432579, 55.486855> 0.100000
	pigment { color rgbt <1,0,0,0> }
	no_shadow
}
sphere {
	0, 1
	scale<0.080000,0.200000,0.300000>
	matrix <0.702502, -0.054146, 0.709619,
		-0.646533, 0.368211, 0.668144,
		-0.297467, -0.928164, 0.223662,
		47.789864, 54.154129, 55.553951>
	pigment { color rgbt <0,1,1,0> }
	no_shadow
}
cylinder {
	<47.861645, 54.709129, 56.217258>,  <47.998093, 54.803844, 55.397388>, 0.130000
	pigment { color rgbt <1,0,0,0> }
	no_shadow
}

// nucleotide -1

// particle -1
sphere {
	<47.861645, 54.709129, 56.217258> 0.250000
	pigment { color rgbt <1,0,0,0> }
	no_shadow
}
cylinder {
	<47.971188, 54.405067, 55.981575>,  <48.036911, 54.222630, 55.840164>, 0.100000
	pigment { color rgbt <1,0,0,0> }
	no_shadow
}
cylinder {
	<47.971188, 54.405067, 55.981575>,  <47.861645, 54.709129, 56.217258>, 0.100000
	pigment { color rgbt <1,0,0,0> }
	no_shadow
}

// particle -1
sphere {
	<47.971188, 54.405067, 55.981575> 0.100000
	pigment { color rgbt <1,0,0,0> }
	no_shadow
}
sphere {
	0, 1
	scale<0.080000,0.200000,0.300000>
	matrix <0.772833, -0.190732, 0.605269,
		-0.572480, -0.621115, 0.535241,
		0.273854, -0.760157, -0.589208,
		48.053345, 54.177021, 55.804813>
	pigment { color rgbt <0,1,1,0> }
	no_shadow
}
cylinder {
	<48.396015, 54.166843, 56.536949>,  <47.861645, 54.709129, 56.217258>, 0.130000
	pigment { color rgbt <1,0,0,0> }
	no_shadow
}

// nucleotide -1

// particle -1
sphere {
	<48.396015, 54.166843, 56.536949> 0.250000
	pigment { color rgbt <1,0,0,0> }
	no_shadow
}
cylinder {
	<48.438858, 54.137901, 56.140305>,  <48.464565, 54.120537, 55.902317>, 0.100000
	pigment { color rgbt <1,0,0,0> }
	no_shadow
}
cylinder {
	<48.438858, 54.137901, 56.140305>,  <48.396015, 54.166843, 56.536949>, 0.100000
	pigment { color rgbt <1,0,0,0> }
	no_shadow
}

// particle -1
sphere {
	<48.438858, 54.137901, 56.140305> 0.100000
	pigment { color rgbt <1,0,0,0> }
	no_shadow
}
sphere {
	0, 1
	scale<0.080000,0.200000,0.300000>
	matrix <0.925536, -0.357072, 0.126028,
		-0.363196, -0.931270, 0.028725,
		0.107109, -0.072359, -0.991611,
		48.470989, 54.116192, 55.842823>
	pigment { color rgbt <0,1,1,0> }
	no_shadow
}
cylinder {
	<48.734200, 53.625347, 56.432663>,  <48.396015, 54.166843, 56.536949>, 0.130000
	pigment { color rgbt <1,0,0,0> }
	no_shadow
}

// nucleotide -1

// particle -1
sphere {
	<48.734200, 53.625347, 56.432663> 0.250000
	pigment { color rgbt <1,0,0,0> }
	no_shadow
}
cylinder {
	<48.812119, 53.788849, 56.076019>,  <48.858871, 53.886951, 55.862034>, 0.100000
	pigment { color rgbt <1,0,0,0> }
	no_shadow
}
cylinder {
	<48.812119, 53.788849, 56.076019>,  <48.734200, 53.625347, 56.432663>, 0.100000
	pigment { color rgbt <1,0,0,0> }
	no_shadow
}

// particle -1
sphere {
	<48.812119, 53.788849, 56.076019> 0.100000
	pigment { color rgbt <1,0,0,0> }
	no_shadow
}
sphere {
	0, 1
	scale<0.080000,0.200000,0.300000>
	matrix <0.808798, -0.581199, -0.089743,
		-0.554886, -0.703651, -0.443821,
		0.194801, 0.408759, -0.891610,
		48.870560, 53.911476, 55.808537>
	pigment { color rgbt <0,1,1,0> }
	no_shadow
}
cylinder {
	<48.981400, 53.029503, 56.080914>,  <48.734200, 53.625347, 56.432663>, 0.130000
	pigment { color rgbt <1,0,0,0> }
	no_shadow
}

// nucleotide -1

// particle -1
sphere {
	<48.981400, 53.029503, 56.080914> 0.250000
	pigment { color rgbt <1,0,0,0> }
	no_shadow
}
cylinder {
	<49.176945, 53.368233, 55.997108>,  <49.294273, 53.571472, 55.946827>, 0.100000
	pigment { color rgbt <1,0,0,0> }
	no_shadow
}
cylinder {
	<49.176945, 53.368233, 55.997108>,  <48.981400, 53.029503, 56.080914>, 0.100000
	pigment { color rgbt <1,0,0,0> }
	no_shadow
}

// particle -1
sphere {
	<49.176945, 53.368233, 55.997108> 0.100000
	pigment { color rgbt <1,0,0,0> }
	no_shadow
}
sphere {
	0, 1
	scale<0.080000,0.200000,0.300000>
	matrix <0.837774, -0.388786, 0.383380,
		0.243201, -0.362943, -0.899514,
		0.488863, 0.846828, -0.209511,
		49.323605, 53.622280, 55.934254>
	pigment { color rgbt <0,1,1,0> }
	no_shadow
}
cylinder {
	<49.667660, 52.841911, 55.573334>,  <48.981400, 53.029503, 56.080914>, 0.130000
	pigment { color rgbt <1,0,0,0> }
	no_shadow
}

// nucleotide -1

// particle -1
sphere {
	<49.667660, 52.841911, 55.573334> 0.250000
	pigment { color rgbt <1,0,0,0> }
	no_shadow
}
cylinder {
	<49.673214, 53.138454, 55.841721>,  <49.676548, 53.316380, 56.002754>, 0.100000
	pigment { color rgbt <1,0,0,0> }
	no_shadow
}
cylinder {
	<49.673214, 53.138454, 55.841721>,  <49.667660, 52.841911, 55.573334>, 0.100000
	pigment { color rgbt <1,0,0,0> }
	no_shadow
}

// particle -1
sphere {
	<49.673214, 53.138454, 55.841721> 0.100000
	pigment { color rgbt <1,0,0,0> }
	no_shadow
}
sphere {
	0, 1
	scale<0.080000,0.200000,0.300000>
	matrix <0.811091, -0.400778, 0.426037,
		0.584755, 0.538300, -0.606873,
		0.013886, 0.741357, 0.670967,
		49.677380, 53.360863, 56.043011>
	pigment { color rgbt <0,1,1,0> }
	no_shadow
}
cylinder {
	<50.336746, 53.200451, 55.544765>,  <49.667660, 52.841911, 55.573334>, 0.130000
	pigment { color rgbt <1,0,0,0> }
	no_shadow
}

// nucleotide -1

// particle -1
sphere {
	<50.336746, 53.200451, 55.544765> 0.250000
	pigment { color rgbt <1,0,0,0> }
	no_shadow
}
cylinder {
	<50.167839, 53.232220, 55.905960>,  <50.066494, 53.251282, 56.122677>, 0.100000
	pigment { color rgbt <1,0,0,0> }
	no_shadow
}
cylinder {
	<50.167839, 53.232220, 55.905960>,  <50.336746, 53.200451, 55.544765>, 0.100000
	pigment { color rgbt <1,0,0,0> }
	no_shadow
}

// particle -1
sphere {
	<50.167839, 53.232220, 55.905960> 0.100000
	pigment { color rgbt <1,0,0,0> }
	no_shadow
}
sphere {
	0, 1
	scale<0.080000,0.200000,0.300000>
	matrix <0.867472, -0.253641, 0.427971,
		0.263024, 0.964032, 0.038210,
