// switches for output
#declare DRAW_BASES = 1; // possible values are 0, 1; only relevant for DNA ribbons
#declare DRAW_BASES_TYPE = 3; // possible values are 1, 2, 3; only relevant for DNA ribbons
#declare DRAW_FOG = 0; // set to 1 to enable fog

#include "colors.inc"

#include "transforms.inc"
background { rgb <1, 1, 1>}

#default {
   normal{
       ripples 0.25
       frequency 0.20
       turbulence 0.2
       lambda 5
   }
	finish {
		phong 0.1
		phong_size 40.
	}
}

// original window dimensions: 1024x640


// camera settings

camera {
	sky <-0, 1, 0>
	up <-0, 1, 0>
	right 1.6 * <0.99995, 0, 0.00999983>
	location <54.4867, 55, 106.329>
	look_at <55, 55, 55.0001>
	direction <0.513302, 0, -51.3289>
	angle 67.0682
}


# declare cpy_camera_pos = <54.4867, 55, 106.329>;
# if (DRAW_FOG = 1)
fog {
	fog_type 2
	up vnormalize(cpy_camera_pos)
	color rgbt<1,1,1,0.3>
	distance 1e-5
	fog_alt 3e-3
	fog_offset 88
}
# end


// LIGHTS

# declare lum = 6;
global_settings {
	ambient_light rgb lum * <0.05, 0.05, 0.05>
	max_trace_level 15
}# declare cpy_direct_light_amount = 0.25;
light_source
{	1000 * <-0.98995, -1, 1.00995>,
	rgb lum * cpy_direct_light_amount
	parallel
}

light_source
{	1000 * <0.98995, 1, -1.00995>,
	rgb lum * cpy_direct_light_amount
	parallel
}

// strand 0

// nucleotide -1

// particle -1
sphere {
	<36.114418, 53.868076, 49.837589> 0.250000
	pigment { color rgbt <1,0,0,0> }
	no_shadow
}
cylinder {
	<36.356499, 53.727318, 50.123219>,  <36.501747, 53.642864, 50.294594>, 0.100000
	pigment { color rgbt <1,0,0,0> }
	no_shadow
}
cylinder {
	<36.356499, 53.727318, 50.123219>,  <36.114418, 53.868076, 49.837589>, 0.100000
	pigment { color rgbt <1,0,0,0> }
	no_shadow
}

// particle -1
sphere {
	<36.356499, 53.727318, 50.123219> 0.100000
	pigment { color rgbt <1,0,0,0> }
	no_shadow
}
sphere {
	0, 1
	scale<0.080000,0.200000,0.300000>
	matrix <-0.325072, -0.928044, -0.181831,
		0.726673, -0.122078, -0.676050,
		0.605206, -0.351897, 0.714069,
		36.538059, 53.621750, 50.337440>
	pigment { color rgbt <0,1,1,0> }
	no_shadow
}
cylinder {
	<36.771324, 54.210609, 49.667049>,  <36.114418, 53.868076, 49.837589>, 0.130000
	pigment { color rgbt <1,0,0,0> }
	no_shadow
}

// nucleotide -1

// particle -1
sphere {
	<36.771324, 54.210609, 49.667049> 0.250000
	pigment { color rgbt <1,0,0,0> }
	no_shadow
}
cylinder {
	<36.945393, 54.284737, 50.019478>,  <37.049831, 54.329212, 50.230934>, 0.100000
	pigment { color rgbt <1,0,0,0> }
	no_shadow
}
cylinder {
	<36.945393, 54.284737, 50.019478>,  <36.771324, 54.210609, 49.667049>, 0.100000
	pigment { color rgbt <1,0,0,0> }
	no_shadow
}

// particle -1
sphere {
	<36.945393, 54.284737, 50.019478> 0.100000
	pigment { color rgbt <1,0,0,0> }
	no_shadow
}
sphere {
	0, 1
	scale<0.080000,0.200000,0.300000>
	matrix <0.683599, -0.704860, -0.189380,
		0.585938, 0.684712, -0.433414,
		0.435166, 0.185316, 0.881072,
		37.075943, 54.340332, 50.283798>
	pigment { color rgbt <0,1,1,0> }
	no_shadow
}
cylinder {
	<37.397663, 54.118587, 49.449951>,  <36.771324, 54.210609, 49.667049>, 0.130000
	pigment { color rgbt <1,0,0,0> }
	no_shadow
}

// nucleotide -1

// particle -1
sphere {
	<37.397663, 54.118587, 49.449951> 0.250000
	pigment { color rgbt <1,0,0,0> }
	no_shadow
}
cylinder {
	<37.384548, 54.061428, 49.845631>,  <37.376678, 54.027134, 50.083038>, 0.100000
	pigment { color rgbt <1,0,0,0> }
	no_shadow
}
cylinder {
	<37.384548, 54.061428, 49.845631>,  <37.397663, 54.118587, 49.449951>, 0.100000
	pigment { color rgbt <1,0,0,0> }
	no_shadow
}

// particle -1
sphere {
	<37.384548, 54.061428, 49.845631> 0.100000
	pigment { color rgbt <1,0,0,0> }
	no_shadow
}
sphere {
	0, 1
	scale<0.080000,0.200000,0.300000>
	matrix <0.798996, -0.598340, -0.059953,
		0.600442, 0.788397, 0.133792,
		-0.032786, -0.142897, 0.989194,
		37.374714, 54.018559, 50.142387>
	pigment { color rgbt <0,1,1,0> }
	no_shadow
}
cylinder {
	<38.000839, 54.269192, 49.926830>,  <37.397663, 54.118587, 49.449951>, 0.130000
	pigment { color rgbt <1,0,0,0> }
	no_shadow
}

// nucleotide -1

// particle -1
sphere {
	<38.000839, 54.269192, 49.926830> 0.250000
	pigment { color rgbt <1,0,0,0> }
	no_shadow
}
cylinder {
	<37.827042, 53.946495, 50.087021>,  <37.722763, 53.752876, 50.183136>, 0.100000
	pigment { color rgbt <1,0,0,0> }
	no_shadow
}
cylinder {
	<37.827042, 53.946495, 50.087021>,  <38.000839, 54.269192, 49.926830>, 0.100000
	pigment { color rgbt <1,0,0,0> }
	no_shadow
}

// particle -1
sphere {
	<37.827042, 53.946495, 50.087021> 0.100000
	pigment { color rgbt <1,0,0,0> }
	no_shadow
}
sphere {
	0, 1
	scale<0.080000,0.200000,0.300000>
	matrix <0.874639, -0.484066, -0.026208,
		0.214999, 0.338883, 0.915933,
		-0.434491, -0.806745, 0.400474,
		37.696693, 53.704472, 50.207165>
	pigment { color rgbt <0,1,1,0> }
	no_shadow
}
cylinder {
	<38.420296, 54.073669, 50.550644>,  <38.000839, 54.269192, 49.926830>, 0.130000
	pigment { color rgbt <1,0,0,0> }
	no_shadow
}

// nucleotide -1

// particle -1
sphere {
	<38.420296, 54.073669, 50.550644> 0.250000
	pigment { color rgbt <1,0,0,0> }
	no_shadow
}
cylinder {
	<38.222889, 53.791744, 50.346809>,  <38.104446, 53.622589, 50.224510>, 0.100000
	pigment { color rgbt <1,0,0,0> }
	no_shadow
}
cylinder {
	<38.222889, 53.791744, 50.346809>,  <38.420296, 54.073669, 50.550644>, 0.100000
	pigment { color rgbt <1,0,0,0> }
	no_shadow
}

// particle -1
sphere {
	<38.222889, 53.791744, 50.346809> 0.100000
	pigment { color rgbt <1,0,0,0> }
	no_shadow
}
sphere {
	0, 1
	scale<0.080000,0.200000,0.300000>
	matrix <0.869644, -0.408522, -0.277182,
		-0.012814, -0.579951, 0.814550,
		-0.493514, -0.704817, -0.509586,
		38.074833, 53.580299, 50.193935>
	pigment { color rgbt <0,1,1,0> }
	no_shadow
}
cylinder {
	<38.674110, 53.323498, 50.784904>,  <38.420296, 54.073669, 50.550644>, 0.130000
	pigment { color rgbt <1,0,0,0> }
	no_shadow
}

// nucleotide -1

// particle -1
sphere {
	<38.674110, 53.323498, 50.784904> 0.250000
	pigment { color rgbt <1,0,0,0> }
	no_shadow
}
cylinder {
	<38.537281, 53.383560, 50.413864>,  <38.455185, 53.419598, 50.191242>, 0.100000
	pigment { color rgbt <1,0,0,0> }
	no_shadow
}
cylinder {
	<38.537281, 53.383560, 50.413864>,  <38.674110, 53.323498, 50.784904>, 0.100000
	pigment { color rgbt <1,0,0,0> }
	no_shadow
}

// particle -1
sphere {
	<38.537281, 53.383560, 50.413864> 0.100000
	pigment { color rgbt <1,0,0,0> }
	no_shadow
}
sphere {
	0, 1
	scale<0.080000,0.200000,0.300000>
	matrix <0.886295, -0.276415, -0.371585,
		-0.312199, -0.949235, -0.038532,
		-0.342071, 0.150160, -0.927598,
		38.434658, 53.428608, 50.135586>
	pigment { color rgbt <0,1,1,0> }
	no_shadow
}
cylinder {
	<38.585606, 52.757435, 50.403183>,  <38.674110, 53.323498, 50.784904>, 0.130000
	pigment { color rgbt <1,0,0,0> }
	no_shadow
}

// nucleotide -1

// particle -1
sphere {
	<38.585606, 52.757435, 50.403183> 0.250000
	pigment { color rgbt <1,0,0,0> }
	no_shadow
}
cylinder {
	<38.687801, 53.057949, 50.159775>,  <38.749119, 53.238258, 50.013729>, 0.100000
	pigment { color rgbt <1,0,0,0> }
	no_shadow
}
cylinder {
	<38.687801, 53.057949, 50.159775>,  <38.585606, 52.757435, 50.403183>, 0.100000
	pigment { color rgbt <1,0,0,0> }
	no_shadow
}

// particle -1
sphere {
	<38.687801, 53.057949, 50.159775> 0.100000
	pigment { color rgbt <1,0,0,0> }
	no_shadow
}
sphere {
	0, 1
	scale<0.080000,0.200000,0.300000>
	matrix <0.824502, -0.498007, -0.268673,
		-0.504896, -0.433080, -0.746673,
		0.255492, 0.751286, -0.608518,
		38.764450, 53.283333, 49.977219>
	pigment { color rgbt <0,1,1,0> }
	no_shadow
}
cylinder {
	<38.887424, 52.412739, 49.728725>,  <38.585606, 52.757435, 50.403183>, 0.130000
	pigment { color rgbt <1,0,0,0> }
	no_shadow
}

// nucleotide -1

// particle -1
sphere {
	<38.887424, 52.412739, 49.728725> 0.250000
	pigment { color rgbt <1,0,0,0> }
	no_shadow
}
cylinder {
	<38.991940, 52.779465, 49.849503>,  <39.054649, 52.999500, 49.921970>, 0.100000
	pigment { color rgbt <1,0,0,0> }
	no_shadow
}
cylinder {
	<38.991940, 52.779465, 49.849503>,  <38.887424, 52.412739, 49.728725>, 0.100000
	pigment { color rgbt <1,0,0,0> }
	no_shadow
}

// particle -1
sphere {
	<38.991940, 52.779465, 49.849503> 0.100000
	pigment { color rgbt <1,0,0,0> }
	no_shadow
}
sphere {
	0, 1
	scale<0.080000,0.200000,0.300000>
	matrix <0.962468, -0.223685, -0.153691,
		-0.073367, 0.330768, -0.940856,
		0.261292, 0.916819, 0.301942,
		39.070328, 53.054512, 49.940086>
	pigment { color rgbt <0,1,1,0> }
	no_shadow
}
cylinder {
	<39.169086, 52.670177, 49.122864>,  <38.887424, 52.412739, 49.728725>, 0.130000
	pigment { color rgbt <1,0,0,0> }
	no_shadow
}

// nucleotide -1

// particle -1
sphere {
	<39.169086, 52.670177, 49.122864> 0.250000
	pigment { color rgbt <1,0,0,0> }
	no_shadow
}
cylinder {
	<39.318840, 52.807953, 49.467236>,  <39.408691, 52.890617, 49.673859>, 0.100000
	pigment { color rgbt <1,0,0,0> }
	no_shadow
}
cylinder {
	<39.318840, 52.807953, 49.467236>,  <39.169086, 52.670177, 49.122864>, 0.100000
	pigment { color rgbt <1,0,0,0> }
	no_shadow
}

// particle -1
sphere {
	<39.318840, 52.807953, 49.467236> 0.100000
	pigment { color rgbt <1,0,0,0> }
	no_shadow
}
sphere {
	0, 1
	scale<0.080000,0.200000,0.300000>
	matrix <0.926576, -0.174976, -0.332928,
		0.035969, 0.922359, -0.384655,
		0.374384, 0.344437, 0.860929,
		39.431156, 52.911285, 49.725513>
	pigment { color rgbt <0,1,1,0> }
	no_shadow
}
cylinder {
	<39.781914, 53.128288, 48.979115>,  <39.169086, 52.670177, 49.122864>, 0.130000
	pigment { color rgbt <1,0,0,0> }
	no_shadow
}

// nucleotide -1

// particle -1
sphere {
	<39.781914, 53.128288, 48.979115> 0.250000
	pigment { color rgbt <1,0,0,0> }
	no_shadow
}
cylinder {
	<39.806736, 52.932018, 49.326767>,  <39.821629, 52.814255, 49.535358>, 0.100000
	pigment { color rgbt <1,0,0,0> }
	no_shadow
}
cylinder {
	<39.806736, 52.932018, 49.326767>,  <39.781914, 53.128288, 48.979115>, 0.100000
	pigment { color rgbt <1,0,0,0> }
	no_shadow
}

// particle -1
sphere {
	<39.806736, 52.932018, 49.326767> 0.100000
	pigment { color rgbt <1,0,0,0> }
	no_shadow
}
sphere {
	0, 1
	scale<0.080000,0.200000,0.300000>
	matrix <0.887852, -0.370650, -0.272648,
		0.455925, 0.788577, 0.412649,
		0.062056, -0.490678, 0.869128,
		39.825352, 52.784813, 49.587505>
	pigment { color rgbt <0,1,1,0> }
	no_shadow
}
cylinder {
	<40.412872, 52.973030, 48.565449>,  <39.781914, 53.128288, 48.979115>, 0.130000
	pigment { color rgbt <1,0,0,0> }
	no_shadow
}

// nucleotide -1

// particle -1
sphere {
	<40.412872, 52.973030, 48.565449> 0.250000
	pigment { color rgbt <1,0,0,0> }
	no_shadow
}
cylinder {
	<40.739948, 52.899261, 48.783577>,  <40.936195, 52.855000, 48.914455>, 0.100000
	pigment { color rgbt <1,0,0,0> }
	no_shadow
}
cylinder {
	<40.739948, 52.899261, 48.783577>,  <40.412872, 52.973030, 48.565449>, 0.100000
	pigment { color rgbt <1,0,0,0> }
	no_shadow
}

// particle -1
sphere {
	<40.739948, 52.899261, 48.783577> 0.100000
	pigment { color rgbt <1,0,0,0> }
	no_shadow
}
sphere {
	0, 1
	scale<0.080000,0.200000,0.300000>
	matrix <0.573805, 0.185112, -0.797798,
		0.046183, 0.965258, 0.257184,
		0.817689, -0.184418, 0.545321,
		40.985256, 52.843937, 48.947174>
	pigment { color rgbt <0,1,1,0> }
	no_shadow
}
cylinder {
	<40.940258, 53.507637, 48.566704>,  <40.412872, 52.973030, 48.565449>, 0.130000
	pigment { color rgbt <1,0,0,0> }
	no_shadow
}

// nucleotide -1

// particle -1
sphere {
	<40.940258, 53.507637, 48.566704> 0.250000
	pigment { color rgbt <1,0,0,0> }
	no_shadow
}
cylinder {
	<41.094513, 53.140369, 48.603027>,  <41.187065, 52.920010, 48.624821>, 0.100000
	pigment { color rgbt <1,0,0,0> }
	no_shadow
}
cylinder {
	<41.094513, 53.140369, 48.603027>,  <40.940258, 53.507637, 48.566704>, 0.100000
	pigment { color rgbt <1,0,0,0> }
	no_shadow
}

// particle -1
sphere {
	<41.094513, 53.140369, 48.603027> 0.100000
	pigment { color rgbt <1,0,0,0> }
	no_shadow
}
sphere {
	0, 1
	scale<0.080000,0.200000,0.300000>
	matrix <0.558831, 0.154124, -0.814833,
		0.734162, 0.364973, 0.572539,
		0.385634, -0.918172, 0.090806,
		41.210201, 52.864918, 48.630268>
	pigment { color rgbt <0,1,1,0> }
	no_shadow
}
cylinder {
	<41.408077, 54.122120, 48.436024>,  <40.940258, 53.507637, 48.566704>, 0.130000
	pigment { color rgbt <1,0,0,0> }
	no_shadow
}

// nucleotide -1

// particle -1
sphere {
	<41.408077, 54.122120, 48.436024> 0.250000
	pigment { color rgbt <1,0,0,0> }
	no_shadow
}
cylinder {
	<41.025627, 54.114288, 48.552940>,  <40.796158, 54.109589, 48.623093>, 0.100000
	pigment { color rgbt <1,0,0,0> }
	no_shadow
}
cylinder {
	<41.025627, 54.114288, 48.552940>,  <41.408077, 54.122120, 48.436024>, 0.100000
	pigment { color rgbt <1,0,0,0> }
	no_shadow
}

// particle -1
sphere {
	<41.025627, 54.114288, 48.552940> 0.100000
	pigment { color rgbt <1,0,0,0> }
	no_shadow
}
sphere {
	0, 1
	scale<0.080000,0.200000,0.300000>
	matrix <0.245476, -0.598079, 0.762917,
		0.159877, 0.801198, 0.576646,
		-0.956128, -0.019580, 0.292294,
		40.738789, 54.108414, 48.640629>
	pigment { color rgbt <0,1,1,0> }
	no_shadow
}
cylinder {
	<42.228012, 54.037842, 48.445744>,  <41.408077, 54.122120, 48.436024>, 0.130000
	pigment { color rgbt <1,0,0,0> }
	no_shadow
}

// nucleotide -1

// particle -1
sphere {
	<42.228012, 54.037842, 48.445744> 0.250000
	pigment { color rgbt <1,0,0,0> }
	no_shadow
}
cylinder {
	<42.379654, 53.683472, 48.552635>,  <42.470638, 53.470848, 48.616772>, 0.100000
	pigment { color rgbt <1,0,0,0> }
	no_shadow
}
cylinder {
	<42.379654, 53.683472, 48.552635>,  <42.228012, 54.037842, 48.445744>, 0.100000
	pigment { color rgbt <1,0,0,0> }
	no_shadow
}

// particle -1
sphere {
	<42.379654, 53.683472, 48.552635> 0.100000
	pigment { color rgbt <1,0,0,0> }
	no_shadow
}
sphere {
	0, 1
	scale<0.080000,0.200000,0.300000>
	matrix <0.925258, 0.358751, -0.123267,
		0.013337, 0.293987, 0.955716,
		0.379103, -0.885929, 0.267229,
		42.493385, 53.417694, 48.632805>
	pigment { color rgbt <0,1,1,0> }
	no_shadow
}
cylinder {
	<42.588150, 54.024693, 49.019669>,  <42.228012, 54.037842, 48.445744>, 0.130000
	pigment { color rgbt <1,0,0,0> }
	no_shadow
}

// nucleotide -1

// particle -1
sphere {
	<42.588150, 54.024693, 49.019669> 0.250000
	pigment { color rgbt <1,0,0,0> }
	no_shadow
}
cylinder {
	<42.719955, 53.725380, 48.789368>,  <42.799038, 53.545792, 48.651188>, 0.100000
	pigment { color rgbt <1,0,0,0> }
	no_shadow
}
cylinder {
	<42.719955, 53.725380, 48.789368>,  <42.588150, 54.024693, 49.019669>, 0.100000
	pigment { color rgbt <1,0,0,0> }
	no_shadow
}

// particle -1
sphere {
	<42.719955, 53.725380, 48.789368> 0.100000
	pigment { color rgbt <1,0,0,0> }
	no_shadow
}
sphere {
	0, 1
	scale<0.080000,0.200000,0.300000>
	matrix <0.944146, 0.259573, 0.203001,
		-0.002454, -0.610484, 0.792025,
		0.329518, -0.748286, -0.575749,
		42.818810, 53.500893, 48.616642>
	pigment { color rgbt <0,1,1,0> }
	no_shadow
}
cylinder {
	<43.156670, 53.543285, 49.399147>,  <42.588150, 54.024693, 49.019669>, 0.130000
	pigment { color rgbt <1,0,0,0> }
	no_shadow
}

// nucleotide -1

// particle -1
sphere {
	<43.156670, 53.543285, 49.399147> 0.250000
	pigment { color rgbt <1,0,0,0> }
	no_shadow
}
cylinder {
	<43.207397, 53.524632, 49.002815>,  <43.237835, 53.513439, 48.765015>, 0.100000
	pigment { color rgbt <1,0,0,0> }
	no_shadow
}
cylinder {
	<43.207397, 53.524632, 49.002815>,  <43.156670, 53.543285, 49.399147>, 0.100000
	pigment { color rgbt <1,0,0,0> }
	no_shadow
}

// particle -1
sphere {
	<43.207397, 53.524632, 49.002815> 0.100000
	pigment { color rgbt <1,0,0,0> }
	no_shadow
}
sphere {
	0, 1
	scale<0.080000,0.200000,0.300000>
	matrix <0.981044, 0.153445, 0.118348,
		0.146519, -0.987056, 0.065213,
		0.126823, -0.046637, -0.990828,
		43.245445, 53.510639, 48.705566>
	pigment { color rgbt <0,1,1,0> }
	no_shadow
}
cylinder {
	<43.707150, 53.037697, 49.140617>,  <43.156670, 53.543285, 49.399147>, 0.130000
	pigment { color rgbt <1,0,0,0> }
	no_shadow
}

// nucleotide -1

// particle -1
sphere {
	<43.707150, 53.037697, 49.140617> 0.250000
	pigment { color rgbt <1,0,0,0> }
	no_shadow
}
cylinder {
	<43.662868, 53.407639, 48.995079>,  <43.636299, 53.629604, 48.907757>, 0.100000
	pigment { color rgbt <1,0,0,0> }
	no_shadow
}
cylinder {
	<43.662868, 53.407639, 48.995079>,  <43.707150, 53.037697, 49.140617>, 0.100000
	pigment { color rgbt <1,0,0,0> }
	no_shadow
}

// particle -1
sphere {
	<43.662868, 53.407639, 48.995079> 0.100000
	pigment { color rgbt <1,0,0,0> }
	no_shadow
}
sphere {
	0, 1
	scale<0.080000,0.200000,0.300000>
	matrix <0.938692, 0.217570, 0.267432,
		0.326499, -0.311931, -0.892243,
		-0.110705, 0.924858, -0.363844,
		43.629658, 53.685097, 48.885925>
	pigment { color rgbt <0,1,1,0> }
	no_shadow
}
cylinder {
	<43.968899, 53.176247, 48.406830>,  <43.707150, 53.037697, 49.140617>, 0.130000
	pigment { color rgbt <1,0,0,0> }
	no_shadow
}

// nucleotide -1

// particle -1
sphere {
	<43.968899, 53.176247, 48.406830> 0.250000
	pigment { color rgbt <1,0,0,0> }
	no_shadow
}
cylinder {
	<43.809795, 53.237865, 48.045044>,  <43.714333, 53.274837, 47.827972>, 0.100000
	pigment { color rgbt <1,0,0,0> }
	no_shadow
}
cylinder {
	<43.809795, 53.237865, 48.045044>,  <43.968899, 53.176247, 48.406830>, 0.100000
	pigment { color rgbt <1,0,0,0> }
	no_shadow
}

// particle -1
sphere {
	<43.809795, 53.237865, 48.045044> 0.100000
	pigment { color rgbt <1,0,0,0> }
	no_shadow
}
sphere {
	0, 1
	scale<0.080000,0.200000,0.300000>
	matrix <0.853663, 0.423398, -0.303305,
		0.336225, -0.892751, -0.299914,
		-0.397758, 0.154047, -0.904465,
		43.690468, 53.284081, 47.773705>
	pigment { color rgbt <0,1,1,0> }
	no_shadow
}
cylinder {
	<44.297604, 52.805618, 47.765076>,  <43.968899, 53.176247, 48.406830>, 0.130000
	pigment { color rgbt <1,0,0,0> }
	no_shadow
}

// nucleotide -1

// particle -1
sphere {
	<44.297604, 52.805618, 47.765076> 0.250000
	pigment { color rgbt <1,0,0,0> }
	no_shadow
}
cylinder {
	<44.162712, 53.162895, 47.646088>,  <44.081776, 53.377262, 47.574696>, 0.100000
	pigment { color rgbt <1,0,0,0> }
	no_shadow
}
cylinder {
	<44.162712, 53.162895, 47.646088>,  <44.297604, 52.805618, 47.765076>, 0.100000
	pigment { color rgbt <1,0,0,0> }
	no_shadow
}

// particle -1
sphere {
	<44.162712, 53.162895, 47.646088> 0.100000
	pigment { color rgbt <1,0,0,0> }
	no_shadow
}
sphere {
	0, 1
	scale<0.080000,0.200000,0.300000>
	matrix <0.911126, 0.230135, -0.341889,
		-0.236913, -0.386329, -0.891416,
		-0.337227, 0.893190, -0.297472,
		44.061543, 53.430851, 47.556847>
	pigment { color rgbt <0,1,1,0> }
	no_shadow
}
cylinder {
	<44.463779, 53.080494, 47.085011>,  <44.297604, 52.805618, 47.765076>, 0.130000
	pigment { color rgbt <1,0,0,0> }
	no_shadow
}

// nucleotide -1

// particle -1
sphere {
	<44.463779, 53.080494, 47.085011> 0.250000
	pigment { color rgbt <1,0,0,0> }
	no_shadow
}
cylinder {
	<44.456219, 53.437344, 47.265572>,  <44.451683, 53.651451, 47.373909>, 0.100000
	pigment { color rgbt <1,0,0,0> }
	no_shadow
}
cylinder {
	<44.456219, 53.437344, 47.265572>,  <44.463779, 53.080494, 47.085011>, 0.100000
	pigment { color rgbt <1,0,0,0> }
	no_shadow
}

// particle -1
sphere {
	<44.456219, 53.437344, 47.265572> 0.100000
	pigment { color rgbt <1,0,0,0> }
	no_shadow
}
sphere {
	0, 1
	scale<0.080000,0.200000,0.300000>
	matrix <0.854287, 0.248981, -0.456292,
		-0.519458, 0.376998, -0.766835,
		-0.018906, 0.892122, 0.451399,
		44.450546, 53.704979, 47.400990>
	pigment { color rgbt <0,1,1,0> }
	no_shadow
}
cylinder {
	<44.611732, 53.563362, 46.557213>,  <44.463779, 53.080494, 47.085011>, 0.130000
	pigment { color rgbt <1,0,0,0> }
	no_shadow
}

// nucleotide -1

// particle -1
sphere {
	<44.611732, 53.563362, 46.557213> 0.250000
	pigment { color rgbt <1,0,0,0> }
	no_shadow
}
cylinder {
	<44.710445, 53.688843, 46.923969>,  <44.769672, 53.764130, 47.144024>, 0.100000
	pigment { color rgbt <1,0,0,0> }
	no_shadow
}
cylinder {
	<44.710445, 53.688843, 46.923969>,  <44.611732, 53.563362, 46.557213>, 0.100000
	pigment { color rgbt <1,0,0,0> }
	no_shadow
}

// particle -1
sphere {
	<44.710445, 53.688843, 46.923969> 0.100000
	pigment { color rgbt <1,0,0,0> }
	no_shadow
}
sphere {
	0, 1
	scale<0.080000,0.200000,0.300000>
	matrix <0.862533, 0.360188, -0.355390,
		-0.441739, 0.878553, -0.181688,
		0.246787, 0.313702, 0.916890,
		44.784481, 53.782955, 47.199036>
	pigment { color rgbt <0,1,1,0> }
	no_shadow
}
cylinder {
	<44.657162, 54.304283, 46.577393>,  <44.611732, 53.563362, 46.557213>, 0.130000
	pigment { color rgbt <1,0,0,0> }
	no_shadow
}

// nucleotide -1

// particle -1
sphere {
	<44.657162, 54.304283, 46.577393> 0.250000
	pigment { color rgbt <1,0,0,0> }
	no_shadow
}
cylinder {
	<44.896553, 54.127953, 46.844971>,  <45.040188, 54.022152, 47.005520>, 0.100000
	pigment { color rgbt <1,0,0,0> }
	no_shadow
}
cylinder {
	<44.896553, 54.127953, 46.844971>,  <44.657162, 54.304283, 46.577393>, 0.100000
	pigment { color rgbt <1,0,0,0> }
	no_shadow
}

// particle -1
sphere {
	<44.896553, 54.127953, 46.844971> 0.100000
	pigment { color rgbt <1,0,0,0> }
	no_shadow
}
sphere {
	0, 1
	scale<0.080000,0.200000,0.300000>
	matrix <0.801120, 0.323654, -0.503443,
		0.005425, 0.837208, 0.546858,
		0.598479, -0.440830, 0.668948,
		45.076096, 53.995705, 47.045654>
	pigment { color rgbt <0,1,1,0> }
	no_shadow
}
cylinder {
	<45.048138, 54.734364, 46.772499>,  <44.657162, 54.304283, 46.577393>, 0.130000
	pigment { color rgbt <1,0,0,0> }
	no_shadow
}

// nucleotide -1

// particle -1
sphere {
	<45.048138, 54.734364, 46.772499> 0.250000
	pigment { color rgbt <1,0,0,0> }
	no_shadow
}
cylinder {
	<45.258171, 54.398720, 46.829323>,  <45.384190, 54.197334, 46.863419>, 0.100000
	pigment { color rgbt <1,0,0,0> }
	no_shadow
}
cylinder {
	<45.258171, 54.398720, 46.829323>,  <45.048138, 54.734364, 46.772499>, 0.100000
	pigment { color rgbt <1,0,0,0> }
	no_shadow
}

// particle -1
sphere {
	<45.258171, 54.398720, 46.829323> 0.100000
	pigment { color rgbt <1,0,0,0> }
	no_shadow
}
sphere {
	0, 1
	scale<0.080000,0.200000,0.300000>
	matrix <0.698463, 0.329519, -0.635269,
		0.486249, 0.432792, 0.759113,
		0.525081, -0.839111, 0.142061,
		45.415695, 54.146988, 46.871941>
	pigment { color rgbt <0,1,1,0> }
	no_shadow
}
cylinder {
	<45.801861, 54.899361, 46.766281>,  <45.048138, 54.734364, 46.772499>, 0.130000
	pigment { color rgbt <1,0,0,0> }
	no_shadow
}

// nucleotide -1

// particle -1
sphere {
	<45.801861, 54.899361, 46.766281> 0.250000
	pigment { color rgbt <1,0,0,0> }
	no_shadow
}
cylinder {
	<45.763599, 54.511543, 46.676102>,  <45.740643, 54.278851, 46.621994>, 0.100000
	pigment { color rgbt <1,0,0,0> }
	no_shadow
}
cylinder {
	<45.763599, 54.511543, 46.676102>,  <45.801861, 54.899361, 46.766281>, 0.100000
	pigment { color rgbt <1,0,0,0> }
	no_shadow
}

// particle -1
sphere {
	<45.763599, 54.511543, 46.676102> 0.100000
	pigment { color rgbt <1,0,0,0> }
	no_shadow
}
sphere {
	0, 1
	scale<0.080000,0.200000,0.300000>
	matrix <0.763618, 0.073816, -0.641435,
		0.638544, -0.233516, 0.733302,
		-0.095656, -0.969547, -0.225452,
		45.734901, 54.220680, 46.608467>
	pigment { color rgbt <0,1,1,0> }
	no_shadow
}
cylinder {
	<45.832947, 55.110344, 47.467995>,  <45.801861, 54.899361, 46.766281>, 0.130000
	pigment { color rgbt <1,0,0,0> }
	no_shadow
}

// nucleotide -1

// particle -1
sphere {
	<45.832947, 55.110344, 47.467995> 0.250000
	pigment { color rgbt <1,0,0,0> }
	no_shadow
}
cylinder {
	<46.091545, 55.280758, 47.721146>,  <46.246704, 55.383007, 47.873035>, 0.100000
	pigment { color rgbt <1,0,0,0> }
	no_shadow
}
cylinder {
	<46.091545, 55.280758, 47.721146>,  <45.832947, 55.110344, 47.467995>, 0.100000
	pigment { color rgbt <1,0,0,0> }
	no_shadow
}

// particle -1
sphere {
	<46.091545, 55.280758, 47.721146> 0.100000
	pigment { color rgbt <1,0,0,0> }
	no_shadow
}
sphere {
	0, 1
	scale<0.080000,0.200000,0.300000>
	matrix <0.760496, -0.293891, -0.579029,
		-0.060692, 0.855640, -0.514000,
		0.646500, 0.426038, 0.632874,
		46.285496, 55.408569, 47.911007>
	pigment { color rgbt <0,1,1,0> }
	no_shadow
}
cylinder {
	<46.342140, 55.570869, 47.072414>,  <45.832947, 55.110344, 47.467995>, 0.130000
	pigment { color rgbt <1,0,0,0> }
	no_shadow
}

// nucleotide -1

// particle -1
sphere {
	<46.342140, 55.570869, 47.072414> 0.250000
	pigment { color rgbt <1,0,0,0> }
	no_shadow
}
cylinder {
	<46.502762, 55.468193, 47.424065>,  <46.599133, 55.406586, 47.635056>, 0.100000
	pigment { color rgbt <1,0,0,0> }
	no_shadow
}
cylinder {
	<46.502762, 55.468193, 47.424065>,  <46.342140, 55.570869, 47.072414>, 0.100000
	pigment { color rgbt <1,0,0,0> }
	no_shadow
}

// particle -1
sphere {
	<46.502762, 55.468193, 47.424065> 0.100000
	pigment { color rgbt <1,0,0,0> }
	no_shadow
}
sphere {
	0, 1
	scale<0.080000,0.200000,0.300000>
	matrix <0.820633, -0.325315, -0.469821,
		0.406593, 0.910098, 0.080020,
		0.401551, -0.256694, 0.879127,
		46.623226, 55.391186, 47.687801>
	pigment { color rgbt <0,1,1,0> }
	no_shadow
}
cylinder {
	<46.974823, 55.911541, 47.131424>,  <46.342140, 55.570869, 47.072414>, 0.130000
	pigment { color rgbt <1,0,0,0> }
	no_shadow
}

// nucleotide -1

// particle -1
sphere {
	<46.974823, 55.911541, 47.131424> 0.250000
	pigment { color rgbt <1,0,0,0> }
	no_shadow
}
cylinder {
	<46.987381, 55.569702, 47.338760>,  <46.994915, 55.364597, 47.463161>, 0.100000
	pigment { color rgbt <1,0,0,0> }
	no_shadow
}
cylinder {
	<46.987381, 55.569702, 47.338760>,  <46.974823, 55.911541, 47.131424>, 0.100000
	pigment { color rgbt <1,0,0,0> }
	no_shadow
}

// particle -1
sphere {
	<46.987381, 55.569702, 47.338760> 0.100000
	pigment { color rgbt <1,0,0,0> }
	no_shadow
}
sphere {
	0, 1
	scale<0.080000,0.200000,0.300000>
	matrix <0.892920, -0.209048, -0.398738,
		0.449119, 0.475355, 0.756525,
		0.031392, -0.854597, 0.518342,
		46.996799, 55.313324, 47.494263>
	pigment { color rgbt <0,1,1,0> }
	no_shadow
}
cylinder {
	<47.584316, 55.936775, 47.529293>,  <46.974823, 55.911541, 47.131424>, 0.130000
	pigment { color rgbt <1,0,0,0> }
	no_shadow
}

// nucleotide -1

// particle -1
sphere {
	<47.584316, 55.936775, 47.529293> 0.250000
	pigment { color rgbt <1,0,0,0> }
	no_shadow
}
cylinder {
	<47.496151, 55.565178, 47.410374>,  <47.443253, 55.342220, 47.339024>, 0.100000
	pigment { color rgbt <1,0,0,0> }
	no_shadow
}
cylinder {
	<47.496151, 55.565178, 47.410374>,  <47.584316, 55.936775, 47.529293>, 0.100000
	pigment { color rgbt <1,0,0,0> }
	no_shadow
}

// particle -1
sphere {
	<47.496151, 55.565178, 47.410374> 0.100000
	pigment { color rgbt <1,0,0,0> }
	no_shadow
}
sphere {
	0, 1
	scale<0.080000,0.200000,0.300000>
	matrix <0.810500, -0.004855, -0.585718,
		0.542687, -0.370057, 0.754022,
		-0.220410, -0.928996, -0.297296,
		47.430027, 55.286480, 47.321186>
	pigment { color rgbt <0,1,1,0> }
	no_shadow
}
cylinder {
	<48.098198, 55.576675, 47.689392>,  <47.584316, 55.936775, 47.529293>, 0.130000
	pigment { color rgbt <1,0,0,0> }
	no_shadow
}

// nucleotide -1

// particle -1
sphere {
	<48.098198, 55.576675, 47.689392> 0.250000
	pigment { color rgbt <1,0,0,0> }
	no_shadow
}
cylinder {
	<47.918396, 55.421635, 47.367470>,  <47.810516, 55.328609, 47.174316>, 0.100000
	pigment { color rgbt <1,0,0,0> }
	no_shadow
}
cylinder {
	<47.918396, 55.421635, 47.367470>,  <48.098198, 55.576675, 47.689392>, 0.100000
	pigment { color rgbt <1,0,0,0> }
	no_shadow
}

// particle -1
sphere {
	<47.918396, 55.421635, 47.367470> 0.100000
	pigment { color rgbt <1,0,0,0> }
	no_shadow
}
sphere {
	0, 1
	scale<0.080000,0.200000,0.300000>
	matrix <0.843744, 0.111626, -0.525011,
		0.293335, -0.915041, 0.276864,
		-0.449502, -0.387606, -0.804804,
		47.783546, 55.305351, 47.126030>
	pigment { color rgbt <0,1,1,0> }
	no_shadow
}
cylinder {
	<48.384895, 56.046558, 48.264187>,  <48.098198, 55.576675, 47.689392>, 0.130000
	pigment { color rgbt <1,0,0,0> }
	no_shadow
}

// nucleotide -1

// particle -1
sphere {
	<48.384895, 56.046558, 48.264187> 0.250000
	pigment { color rgbt <1,0,0,0> }
	no_shadow
}
cylinder {
	<48.778366, 56.026062, 48.195183>,  <49.014446, 56.013763, 48.153778>, 0.100000
	pigment { color rgbt <1,0,0,0> }
	no_shadow
}
cylinder {
	<48.778366, 56.026062, 48.195183>,  <48.384895, 56.046558, 48.264187>, 0.100000
	pigment { color rgbt <1,0,0,0> }
	no_shadow
}

// particle -1
sphere {
	<48.778366, 56.026062, 48.195183> 0.100000
	pigment { color rgbt <1,0,0,0> }
	no_shadow
}
sphere {
	0, 1
	scale<0.080000,0.200000,0.300000>
	matrix <0.169824, 0.581464, 0.795650,
		0.059543, -0.811957, 0.580672,
		0.983674, -0.051237, -0.172512,
		49.073467, 56.010693, 48.143429>
	pigment { color rgbt <0,1,1,0> }
	no_shadow
}
cylinder {
	<48.598785, 56.152241, 48.916954>,  <48.384895, 56.046558, 48.264187>, 0.130000
	pigment { color rgbt <1,0,0,0> }
	no_shadow
}

// nucleotide -1

// particle -1
sphere {
	<48.598785, 56.152241, 48.916954> 0.250000
	pigment { color rgbt <1,0,0,0> }
	no_shadow
}
cylinder {
	<48.923271, 56.139545, 48.683399>,  <49.117962, 56.131927, 48.543266>, 0.100000
	pigment { color rgbt <1,0,0,0> }
	no_shadow
}
cylinder {
	<48.923271, 56.139545, 48.683399>,  <48.598785, 56.152241, 48.916954>, 0.100000
	pigment { color rgbt <1,0,0,0> }
	no_shadow
}

// particle -1
sphere {
	<48.923271, 56.139545, 48.683399> 0.100000
	pigment { color rgbt <1,0,0,0> }
	no_shadow
}
sphere {
	0, 1
	scale<0.080000,0.200000,0.300000>
	matrix <0.455182, 0.661087, 0.596467,
		0.367064, -0.749637, 0.550734,
		0.811217, -0.031742, -0.583883,
		49.166637, 56.130024, 48.508236>
	pigment { color rgbt <0,1,1,0> }
	no_shadow
}
cylinder {
	<49.238544, 56.218014, 49.358727>,  <48.598785, 56.152241, 48.916954>, 0.130000
	pigment { color rgbt <1,0,0,0> }
	no_shadow
}

// nucleotide -1

// particle -1
sphere {
	<49.238544, 56.218014, 49.358727> 0.250000
	pigment { color rgbt <1,0,0,0> }
	no_shadow
}
cylinder {
	<49.411255, 56.336807, 49.018051>,  <49.514881, 56.408085, 48.813644>, 0.100000
	pigment { color rgbt <1,0,0,0> }
	no_shadow
}
cylinder {
	<49.411255, 56.336807, 49.018051>,  <49.238544, 56.218014, 49.358727>, 0.100000
	pigment { color rgbt <1,0,0,0> }
	no_shadow
}

// particle -1
sphere {
	<49.411255, 56.336807, 49.018051> 0.100000
	pigment { color rgbt <1,0,0,0> }
	no_shadow
}
sphere {
	0, 1
	scale<0.080000,0.200000,0.300000>
	matrix <0.758984, 0.390561, 0.520966,
		0.487354, -0.871357, -0.056772,
		0.431774, 0.296984, -0.851687,
		49.540787, 56.425903, 48.762547>
	pigment { color rgbt <0,1,1,0> }
	no_shadow
}
cylinder {
	<49.913502, 55.896797, 49.281479>,  <49.238544, 56.218014, 49.358727>, 0.130000
	pigment { color rgbt <1,0,0,0> }
	no_shadow
}

// nucleotide -1

// particle -1
sphere {
	<49.913502, 55.896797, 49.281479> 0.250000
	pigment { color rgbt <1,0,0,0> }
	no_shadow
}
cylinder {
	<49.897182, 56.245766, 49.086658>,  <49.887390, 56.455147, 48.969765>, 0.100000
	pigment { color rgbt <1,0,0,0> }
	no_shadow
}
cylinder {
	<49.897182, 56.245766, 49.086658>,  <49.913502, 55.896797, 49.281479>, 0.100000
	pigment { color rgbt <1,0,0,0> }
	no_shadow
}

// particle -1
sphere {
	<49.897182, 56.245766, 49.086658> 0.100000
	pigment { color rgbt <1,0,0,0> }
	no_shadow
}
sphere {
	0, 1
	scale<0.080000,0.200000,0.300000>
	matrix <0.919680, 0.223322, 0.322978,
		0.390542, -0.434758, -0.811457,
		-0.040799, 0.872418, -0.487055,
		49.884941, 56.507492, 48.940540>
	pigment { color rgbt <0,1,1,0> }
	no_shadow
}
cylinder {
	<50.386055, 56.043327, 48.698639>,  <49.913502, 55.896797, 49.281479>, 0.130000
	pigment { color rgbt <1,0,0,0> }
	no_shadow
}

// nucleotide -1

// particle -1
sphere {
	<50.386055, 56.043327, 48.698639> 0.250000
	pigment { color rgbt <1,0,0,0> }
	no_shadow
}
cylinder {
	<50.302971, 56.394077, 48.872047>,  <50.253120, 56.604527, 48.976093>, 0.100000
	pigment { color rgbt <1,0,0,0> }
	no_shadow
}
cylinder {
	<50.302971, 56.394077, 48.872047>,  <50.386055, 56.043327, 48.698639>, 0.100000
	pigment { color rgbt <1,0,0,0> }
	no_shadow
}

// particle -1
sphere {
	<50.302971, 56.394077, 48.872047> 0.100000
	pigment { color rgbt <1,0,0,0> }
	no_shadow
}
sphere {
	0, 1
	scale<0.080000,0.200000,0.300000>
	matrix <0.958610, 0.094236, 0.268677,
		0.194743, 0.471388, -0.860156,
		-0.207709, 0.876877, 0.433525,
		50.240658, 56.657139, 49.002106>
	pigment { color rgbt <0,1,1,0> }
	no_shadow
}
cylinder {
	<50.820557, 56.572769, 48.436905>,  <50.386055, 56.043327, 48.698639>, 0.130000
	pigment { color rgbt <1,0,0,0> }
	no_shadow
}

// nucleotide -1

// particle -1
sphere {
	<50.820557, 56.572769, 48.436905> 0.250000
	pigment { color rgbt <1,0,0,0> }
	no_shadow
}
cylinder {
	<50.716476, 56.671692, 48.810242>,  <50.654026, 56.731045, 49.034245>, 0.100000
	pigment { color rgbt <1,0,0,0> }
	no_shadow
}
cylinder {
	<50.716476, 56.671692, 48.810242>,  <50.820557, 56.572769, 48.436905>, 0.100000
	pigment { color rgbt <1,0,0,0> }
	no_shadow
}

// particle -1
sphere {
	<50.716476, 56.671692, 48.810242> 0.100000
	pigment { color rgbt <1,0,0,0> }
	no_shadow
}
sphere {
	0, 1
	scale<0.080000,0.200000,0.300000>
	matrix <0.964980, 0.033285, 0.260204,
		0.033285, 0.968364, -0.247311,
		-0.260204, 0.247311, 0.933344,
		50.638416, 56.745884, 49.090244>
	pigment { color rgbt <0,1,1,0> }
	no_shadow
}
cylinder {
	<51.314552, 57.027046, 48.638123>,  <50.820557, 56.572769, 48.436905>, 0.130000
	pigment { color rgbt <1,0,0,0> }
	no_shadow
}

// nucleotide -1

// particle -1
sphere {
	<51.314552, 57.027046, 48.638123> 0.250000
	pigment { color rgbt <1,0,0,0> }
	no_shadow
}
cylinder {
	<51.162292, 56.902267, 48.986328>,  <51.070938, 56.827400, 49.195251>, 0.100000
	pigment { color rgbt <1,0,0,0> }
	no_shadow
}
cylinder {
	<51.162292, 56.902267, 48.986328>,  <51.314552, 57.027046, 48.638123>, 0.100000
	pigment { color rgbt <1,0,0,0> }
	no_shadow
}

// particle -1
sphere {
	<51.162292, 56.902267, 48.986328> 0.100000
	pigment { color rgbt <1,0,0,0> }
	no_shadow
}
sphere {
	0, 1
	scale<0.080000,0.200000,0.300000>
	matrix <0.901848, 0.082844, 0.424036,
		-0.204393, 0.946482, 0.249792,
		-0.380649, -0.311944, 0.870516,
		51.048100, 56.808685, 49.247482>
	pigment { color rgbt <0,1,1,0> }
	no_shadow
}
cylinder {
	<51.586403, 57.536297, 49.115616>,  <51.314552, 57.027046, 48.638123>, 0.130000
	pigment { color rgbt <1,0,0,0> }
	no_shadow
}

// nucleotide -1

// particle -1
sphere {
	<51.586403, 57.536297, 49.115616> 0.250000
	pigment { color rgbt <1,0,0,0> }
	no_shadow
}
cylinder {
	<51.495747, 57.175529, 49.262688>,  <51.441353, 56.959068, 49.350929>, 0.100000
	pigment { color rgbt <1,0,0,0> }
	no_shadow
}
cylinder {
	<51.495747, 57.175529, 49.262688>,  <51.586403, 57.536297, 49.115616>, 0.100000
	pigment { color rgbt <1,0,0,0> }
	no_shadow
}

// particle -1
sphere {
	<51.495747, 57.175529, 49.262688> 0.100000
	pigment { color rgbt <1,0,0,0> }
	no_shadow
}
sphere {
	0, 1
	scale<0.080000,0.200000,0.300000>
	matrix <0.783716, 0.055265, 0.618656,
		-0.578294, 0.428364, 0.694320,
		-0.226638, -0.901915, 0.367675,
		51.427753, 56.904957, 49.372990>
	pigment { color rgbt <0,1,1,0> }
	no_shadow
}
cylinder {
	<51.436783, 57.768932, 49.749001>,  <51.586403, 57.536297, 49.115616>, 0.130000
	pigment { color rgbt <1,0,0,0> }
	no_shadow
}

// nucleotide -1

// particle -1
sphere {
	<51.436783, 57.768932, 49.749001> 0.250000
	pigment { color rgbt <1,0,0,0> }
	no_shadow
}
cylinder {
	<51.551876, 57.388145, 49.707104>,  <51.620934, 57.159672, 49.681965>, 0.100000
	pigment { color rgbt <1,0,0,0> }
	no_shadow
}
cylinder {
	<51.551876, 57.388145, 49.707104>,  <51.436783, 57.768932, 49.749001>, 0.100000
	pigment { color rgbt <1,0,0,0> }
	no_shadow
}

// particle -1
sphere {
	<51.551876, 57.388145, 49.707104> 0.100000
	pigment { color rgbt <1,0,0,0> }
	no_shadow
}
sphere {
	0, 1
	scale<0.080000,0.200000,0.300000>
	matrix <0.764289, 0.162340, 0.624106,
		-0.577124, -0.259626, 0.774288,
		0.287732, -0.951966, -0.104739,
		51.638195, 57.102554, 49.675682>
	pigment { color rgbt <0,1,1,0> }
	no_shadow
}
cylinder {
	<51.439426, 57.433533, 50.376568>,  <51.436783, 57.768932, 49.749001>, 0.130000
	pigment { color rgbt <1,0,0,0> }
	no_shadow
}

// nucleotide -1

// particle -1
sphere {
	<51.439426, 57.433533, 50.376568> 0.250000
	pigment { color rgbt <1,0,0,0> }
	no_shadow
}
cylinder {
	<51.729816, 57.247887, 50.173565>,  <51.904049, 57.136497, 50.051765>, 0.100000
	pigment { color rgbt <1,0,0,0> }
	no_shadow
}
cylinder {
	<51.729816, 57.247887, 50.173565>,  <51.439426, 57.433533, 50.376568>, 0.100000
	pigment { color rgbt <1,0,0,0> }
	no_shadow
}

// particle -1
sphere {
	<51.729816, 57.247887, 50.173565> 0.100000
	pigment { color rgbt <1,0,0,0> }
	no_shadow
}
sphere {
	0, 1
	scale<0.080000,0.200000,0.300000>
	matrix <0.553588, -0.043477, 0.831655,
		-0.408050, -0.884706, 0.225367,
		0.725972, -0.464117, -0.507503,
		51.947609, 57.108650, 50.021313>
	pigment { color rgbt <0,1,1,0> }
	no_shadow
}
cylinder {
	<51.809677, 56.806179, 50.626690>,  <51.439426, 57.433533, 50.376568>, 0.130000
	pigment { color rgbt <1,0,0,0> }
	no_shadow
}

// nucleotide -1

// particle -1
sphere {
	<51.809677, 56.806179, 50.626690> 0.250000
	pigment { color rgbt <1,0,0,0> }
	no_shadow
}
cylinder {
	<52.111549, 56.973183, 50.424248>,  <52.292671, 57.073387, 50.302784>, 0.100000
	pigment { color rgbt <1,0,0,0> }
	no_shadow
}
cylinder {
	<52.111549, 56.973183, 50.424248>,  <51.809677, 56.806179, 50.626690>, 0.100000
	pigment { color rgbt <1,0,0,0> }
	no_shadow
}

// particle -1
sphere {
	<52.111549, 56.973183, 50.424248> 0.100000
	pigment { color rgbt <1,0,0,0> }
	no_shadow
}
sphere {
	0, 1
	scale<0.080000,0.200000,0.300000>
	matrix <0.535446, 0.053840, 0.842852,
		0.379150, -0.907074, -0.182924,
		0.754680, 0.417513, -0.506103,
		52.337952, 57.098438, 50.272415>
	pigment { color rgbt <0,1,1,0> }
	no_shadow
}
cylinder {
	<52.437675, 56.442657, 50.789112>,  <51.809677, 56.806179, 50.626690>, 0.130000
	pigment { color rgbt <1,0,0,0> }
	no_shadow
}

// nucleotide -1

// particle -1
sphere {
	<52.437675, 56.442657, 50.789112> 0.250000
	pigment { color rgbt <1,0,0,0> }
	no_shadow
}
cylinder {
	<52.532394, 56.818214, 50.689178>,  <52.589226, 57.043549, 50.629219>, 0.100000
	pigment { color rgbt <1,0,0,0> }
	no_shadow
}
cylinder {
	<52.532394, 56.818214, 50.689178>,  <52.437675, 56.442657, 50.789112>, 0.100000
	pigment { color rgbt <1,0,0,0> }
	no_shadow
}

// particle -1
sphere {
	<52.532394, 56.818214, 50.689178> 0.100000
	pigment { color rgbt <1,0,0,0> }
	no_shadow
}
sphere {
	0, 1
	scale<0.080000,0.200000,0.300000>
	matrix <0.632490, 0.046220, 0.773188,
		0.737484, -0.341105, -0.582893,
		0.236797, 0.938888, -0.249832,
		52.603432, 57.099880, 50.614227>
	pigment { color rgbt <0,1,1,0> }
	no_shadow
}
cylinder {
	<53.139915, 56.509285, 50.597694>,  <52.437675, 56.442657, 50.789112>, 0.130000
	pigment { color rgbt <1,0,0,0> }
	no_shadow
}

// nucleotide -1

// particle -1
sphere {
	<53.139915, 56.509285, 50.597694> 0.250000
	pigment { color rgbt <1,0,0,0> }
	no_shadow
}
cylinder {
	<53.002560, 56.847603, 50.761017>,  <52.920147, 57.050594, 50.859013>, 0.100000
	pigment { color rgbt <1,0,0,0> }
	no_shadow
}
cylinder {
	<53.002560, 56.847603, 50.761017>,  <53.139915, 56.509285, 50.597694>, 0.100000
	pigment { color rgbt <1,0,0,0> }
	no_shadow
}

// particle -1
sphere {
	<53.002560, 56.847603, 50.761017> 0.100000
	pigment { color rgbt <1,0,0,0> }
	no_shadow
}
sphere {
	0, 1
	scale<0.080000,0.200000,0.300000>
	matrix <0.644997, -0.103636, 0.757125,
		0.682687, 0.523348, -0.509946,
		-0.343392, 0.845793, 0.408309,
		52.899544, 57.101341, 50.883511>
	pigment { color rgbt <0,1,1,0> }
	no_shadow
}
cylinder {
	<53.706184, 56.874142, 50.559166>,  <53.139915, 56.509285, 50.597694>, 0.130000
	pigment { color rgbt <1,0,0,0> }
	no_shadow
}

// nucleotide -1

// particle -1
sphere {
	<53.706184, 56.874142, 50.559166> 0.250000
	pigment { color rgbt <1,0,0,0> }
	no_shadow
}
cylinder {
	<53.458614, 57.029037, 50.832508>,  <53.310070, 57.121975, 50.996513>, 0.100000
	pigment { color rgbt <1,0,0,0> }
	no_shadow
}
cylinder {
	<53.458614, 57.029037, 50.832508>,  <53.706184, 56.874142, 50.559166>, 0.100000
	pigment { color rgbt <1,0,0,0> }
	no_shadow
}

// particle -1
sphere {
	<53.458614, 57.029037, 50.832508> 0.100000
	pigment { color rgbt <1,0,0,0> }
	no_shadow
}
sphere {
	0, 1
	scale<0.080000,0.200000,0.300000>
	matrix <0.760273, 0.076861, 0.645041,
		0.197263, 0.918770, -0.341979,
