// switches for output
#declare DRAW_BASES = 1; // possible values are 0, 1; only relevant for DNA ribbons
#declare DRAW_BASES_TYPE = 3; // possible values are 1, 2, 3; only relevant for DNA ribbons
#declare DRAW_FOG = 0; // set to 1 to enable fog

#include "colors.inc"

#include "transforms.inc"
background { rgb <1, 1, 1>}

#default {
   normal{
       ripples 0.25
       frequency 0.20
       turbulence 0.2
       lambda 5
   }
	finish {
		phong 0.1
		phong_size 40.
	}
}

// original window dimensions: 1024x640


// camera settings

camera {
	sky <-0, 1, 0>
	up <-0, 1, 0>
	right 1.6 * <0.99995, 0, 0.00999983>
	location <54.4867, 55, 106.329>
	look_at <55, 55, 55.0001>
	direction <0.513302, 0, -51.3289>
	angle 67.0682
}


# declare cpy_camera_pos = <54.4867, 55, 106.329>;
# if (DRAW_FOG = 1)
fog {
	fog_type 2
	up vnormalize(cpy_camera_pos)
	color rgbt<1,1,1,0.3>
	distance 1e-5
	fog_alt 3e-3
	fog_offset 88
}
# end


// LIGHTS

# declare lum = 6;
global_settings {
	ambient_light rgb lum * <0.05, 0.05, 0.05>
	max_trace_level 15
}# declare cpy_direct_light_amount = 0.25;
light_source
{	1000 * <-0.98995, -1, 1.00995>,
	rgb lum * cpy_direct_light_amount
	parallel
}

light_source
{	1000 * <0.98995, 1, -1.00995>,
	rgb lum * cpy_direct_light_amount
	parallel
}

// strand 0

// nucleotide -1

// particle -1
sphere {
	<36.469292, 53.171207, 49.274578> 0.250000
	pigment { color rgbt <1,0,0,0> }
	no_shadow
}
cylinder {
	<36.507214, 53.115677, 49.668884>,  <36.529968, 53.082359, 49.905468>, 0.100000
	pigment { color rgbt <1,0,0,0> }
	no_shadow
}
cylinder {
	<36.507214, 53.115677, 49.668884>,  <36.469292, 53.171207, 49.274578>, 0.100000
	pigment { color rgbt <1,0,0,0> }
	no_shadow
}

// particle -1
sphere {
	<36.507214, 53.115677, 49.668884> 0.100000
	pigment { color rgbt <1,0,0,0> }
	no_shadow
}
sphere {
	0, 1
	scale<0.080000,0.200000,0.300000>
	matrix <0.901763, -0.407498, -0.144116,
		0.421706, 0.902592, 0.086556,
		0.094806, -0.138827, 0.985768,
		36.535656, 53.074028, 49.964615>
	pigment { color rgbt <0,1,1,0> }
	no_shadow
}
cylinder {
	<37.062462, 53.537968, 49.462662>,  <36.469292, 53.171207, 49.274578>, 0.130000
	pigment { color rgbt <1,0,0,0> }
	no_shadow
}

// nucleotide -1

// particle -1
sphere {
	<37.062462, 53.537968, 49.462662> 0.250000
	pigment { color rgbt <1,0,0,0> }
	no_shadow
}
cylinder {
	<36.974499, 53.238346, 49.712639>,  <36.921722, 53.058571, 49.862625>, 0.100000
	pigment { color rgbt <1,0,0,0> }
	no_shadow
}
cylinder {
	<36.974499, 53.238346, 49.712639>,  <37.062462, 53.537968, 49.462662>, 0.100000
	pigment { color rgbt <1,0,0,0> }
	no_shadow
}

// particle -1
sphere {
	<36.974499, 53.238346, 49.712639> 0.100000
	pigment { color rgbt <1,0,0,0> }
	no_shadow
}
sphere {
	0, 1
	scale<0.080000,0.200000,0.300000>
	matrix <0.963709, -0.266203, 0.020041,
		0.151350, 0.606670, 0.780413,
		-0.219906, -0.749058, 0.624943,
		36.908527, 53.013630, 49.900124>
	pigment { color rgbt <0,1,1,0> }
	no_shadow
}
cylinder {
	<37.559689, 53.447495, 50.027351>,  <37.062462, 53.537968, 49.462662>, 0.130000
	pigment { color rgbt <1,0,0,0> }
	no_shadow
}

// nucleotide -1

// particle -1
sphere {
	<37.559689, 53.447495, 50.027351> 0.250000
	pigment { color rgbt <1,0,0,0> }
	no_shadow
}
cylinder {
	<37.395504, 53.113026, 49.881836>,  <37.296993, 52.912346, 49.794525>, 0.100000
	pigment { color rgbt <1,0,0,0> }
	no_shadow
}
cylinder {
	<37.395504, 53.113026, 49.881836>,  <37.559689, 53.447495, 50.027351>, 0.100000
	pigment { color rgbt <1,0,0,0> }
	no_shadow
}

// particle -1
sphere {
	<37.395504, 53.113026, 49.881836> 0.100000
	pigment { color rgbt <1,0,0,0> }
	no_shadow
}
sphere {
	0, 1
	scale<0.080000,0.200000,0.300000>
	matrix <0.883871, -0.266707, -0.384238,
		0.224265, -0.479256, 0.848539,
		-0.410460, -0.836171, -0.363787,
		37.272366, 52.862175, 49.772701>
	pigment { color rgbt <0,1,1,0> }
	no_shadow
}
cylinder {
	<37.859020, 52.906918, 50.350094>,  <37.559689, 53.447495, 50.027351>, 0.130000
	pigment { color rgbt <1,0,0,0> }
	no_shadow
}

// nucleotide -1

// particle -1
sphere {
	<37.859020, 52.906918, 50.350094> 0.250000
	pigment { color rgbt <1,0,0,0> }
	no_shadow
}
cylinder {
	<37.763958, 52.851791, 49.965485>,  <37.706921, 52.818714, 49.734718>, 0.100000
	pigment { color rgbt <1,0,0,0> }
	no_shadow
}
cylinder {
	<37.763958, 52.851791, 49.965485>,  <37.859020, 52.906918, 50.350094>, 0.100000
	pigment { color rgbt <1,0,0,0> }
	no_shadow
}

// particle -1
sphere {
	<37.763958, 52.851791, 49.965485> 0.100000
	pigment { color rgbt <1,0,0,0> }
	no_shadow
}
sphere {
	0, 1
	scale<0.080000,0.200000,0.300000>
	matrix <0.968535, 0.041697, -0.245361,
		0.073908, -0.989579, 0.123574,
		-0.237652, -0.137820, -0.961524,
		37.692661, 52.810444, 49.677029>
	pigment { color rgbt <0,1,1,0> }
	no_shadow
}
cylinder {
	<37.987549, 52.198170, 49.951519>,  <37.859020, 52.906918, 50.350094>, 0.130000
	pigment { color rgbt <1,0,0,0> }
	no_shadow
}

// nucleotide -1

// particle -1
sphere {
	<37.987549, 52.198170, 49.951519> 0.250000
	pigment { color rgbt <1,0,0,0> }
	no_shadow
}
cylinder {
	<37.664143, 52.227631, 49.717979>,  <37.470100, 52.245308, 49.577854>, 0.100000
	pigment { color rgbt <1,0,0,0> }
	no_shadow
}
cylinder {
	<37.664143, 52.227631, 49.717979>,  <37.987549, 52.198170, 49.951519>, 0.100000
	pigment { color rgbt <1,0,0,0> }
	no_shadow
}

// particle -1
sphere {
	<37.664143, 52.227631, 49.717979> 0.100000
	pigment { color rgbt <1,0,0,0> }
	no_shadow
}
sphere {
	0, 1
	scale<0.080000,0.200000,0.300000>
	matrix <-0.056089, 0.977976, 0.201040,
		0.585799, 0.195291, -0.786575,
		-0.808513, 0.073651, -0.583851,
		37.421589, 52.249725, 49.542824>
	pigment { color rgbt <0,1,1,0> }
	no_shadow
}
cylinder {
	<38.349266, 51.855564, 49.406826>,  <37.987549, 52.198170, 49.951519>, 0.130000
	pigment { color rgbt <1,0,0,0> }
	no_shadow
}

// nucleotide -1

// particle -1
sphere {
	<38.349266, 51.855564, 49.406826> 0.250000
	pigment { color rgbt <1,0,0,0> }
	no_shadow
}
cylinder {
	<38.708237, 51.683067, 49.369614>,  <38.923618, 51.579571, 49.347286>, 0.100000
	pigment { color rgbt <1,0,0,0> }
	no_shadow
}
cylinder {
	<38.708237, 51.683067, 49.369614>,  <38.349266, 51.855564, 49.406826>, 0.100000
	pigment { color rgbt <1,0,0,0> }
	no_shadow
}

// particle -1
sphere {
	<38.708237, 51.683067, 49.369614> 0.100000
	pigment { color rgbt <1,0,0,0> }
	no_shadow
}
sphere {
	0, 1
	scale<0.080000,0.200000,0.300000>
	matrix <0.412629, 0.895121, -0.168807,
		0.156073, 0.113103, 0.981249,
		0.897429, -0.431238, -0.093035,
		38.977467, 51.553696, 49.341702>
	pigment { color rgbt <0,1,1,0> }
	no_shadow
}
cylinder {
	<38.905003, 52.078465, 49.871635>,  <38.349266, 51.855564, 49.406826>, 0.130000
	pigment { color rgbt <1,0,0,0> }
	no_shadow
}

// nucleotide -1

// particle -1
sphere {
	<38.905003, 52.078465, 49.871635> 0.250000
	pigment { color rgbt <1,0,0,0> }
	no_shadow
}
cylinder {
	<39.047241, 52.001564, 49.505775>,  <39.132584, 51.955421, 49.286259>, 0.100000
	pigment { color rgbt <1,0,0,0> }
	no_shadow
}
cylinder {
	<39.047241, 52.001564, 49.505775>,  <38.905003, 52.078465, 49.871635>, 0.100000
	pigment { color rgbt <1,0,0,0> }
	no_shadow
}

// particle -1
sphere {
	<39.047241, 52.001564, 49.505775> 0.100000
	pigment { color rgbt <1,0,0,0> }
	no_shadow
}
sphere {
	0, 1
	scale<0.080000,0.200000,0.300000>
	matrix <0.277999, 0.956080, -0.092882,
		0.892339, -0.221244, 0.393423,
		0.355595, -0.192253, -0.914653,
		39.153919, 51.943890, 49.231380>
	pigment { color rgbt <0,1,1,0> }
	no_shadow
}
cylinder {
	<39.533249, 52.339645, 49.830158>,  <38.905003, 52.078465, 49.871635>, 0.130000
	pigment { color rgbt <1,0,0,0> }
	no_shadow
}

// nucleotide -1

// particle -1
sphere {
	<39.533249, 52.339645, 49.830158> 0.250000
	pigment { color rgbt <1,0,0,0> }
	no_shadow
}
cylinder {
	<39.341702, 52.332401, 49.479080>,  <39.226772, 52.328053, 49.268433>, 0.100000
	pigment { color rgbt <1,0,0,0> }
	no_shadow
}
cylinder {
	<39.341702, 52.332401, 49.479080>,  <39.533249, 52.339645, 49.830158>, 0.100000
	pigment { color rgbt <1,0,0,0> }
	no_shadow
}

// particle -1
sphere {
	<39.341702, 52.332401, 49.479080> 0.100000
	pigment { color rgbt <1,0,0,0> }
	no_shadow
}
sphere {
	0, 1
	scale<0.080000,0.200000,0.300000>
	matrix <0.257916, 0.952763, -0.160382,
		0.839144, -0.303175, -0.451577,
		-0.478870, -0.018114, -0.877699,
		39.198040, 52.326965, 49.215771>
	pigment { color rgbt <0,1,1,0> }
	no_shadow
}
cylinder {
	<39.912624, 52.652878, 49.337559>,  <39.533249, 52.339645, 49.830158>, 0.130000
	pigment { color rgbt <1,0,0,0> }
	no_shadow
}

// nucleotide -1

// particle -1
sphere {
	<39.912624, 52.652878, 49.337559> 0.250000
	pigment { color rgbt <1,0,0,0> }
	no_shadow
}
cylinder {
	<39.516098, 52.678200, 49.291458>,  <39.278183, 52.693394, 49.263798>, 0.100000
	pigment { color rgbt <1,0,0,0> }
	no_shadow
}
cylinder {
	<39.516098, 52.678200, 49.291458>,  <39.912624, 52.652878, 49.337559>, 0.100000
	pigment { color rgbt <1,0,0,0> }
	no_shadow
}

// particle -1
sphere {
	<39.516098, 52.678200, 49.291458> 0.100000
	pigment { color rgbt <1,0,0,0> }
	no_shadow
}
sphere {
	0, 1
	scale<0.080000,0.200000,0.300000>
	matrix <0.090490, 0.964364, -0.248624,
		0.095403, -0.256894, -0.961719,
		-0.991317, 0.063307, -0.115249,
		39.218704, 52.697193, 49.256882>
	pigment { color rgbt <0,1,1,0> }
	no_shadow
}
cylinder {
	<39.777523, 53.381817, 48.979046>,  <39.912624, 52.652878, 49.337559>, 0.130000
	pigment { color rgbt <1,0,0,0> }
	no_shadow
}

// nucleotide -1

// particle -1
sphere {
	<39.777523, 53.381817, 48.979046> 0.250000
	pigment { color rgbt <1,0,0,0> }
	no_shadow
}
cylinder {
	<39.408489, 53.280746, 49.095657>,  <39.187069, 53.220104, 49.165627>, 0.100000
	pigment { color rgbt <1,0,0,0> }
	no_shadow
}
cylinder {
	<39.408489, 53.280746, 49.095657>,  <39.777523, 53.381817, 48.979046>, 0.100000
	pigment { color rgbt <1,0,0,0> }
	no_shadow
}

// particle -1
sphere {
	<39.408489, 53.280746, 49.095657> 0.100000
	pigment { color rgbt <1,0,0,0> }
	no_shadow
}
sphere {
	0, 1
	scale<0.080000,0.200000,0.300000>
	matrix <-0.295645, 0.948534, -0.113482,
		-0.247853, -0.190887, -0.949806,
		-0.922585, -0.252679, 0.291532,
		39.131714, 53.204945, 49.183117>
	pigment { color rgbt <0,1,1,0> }
	no_shadow
}
cylinder {
	<40.404629, 53.090561, 48.478207>,  <39.777523, 53.381817, 48.979046>, 0.130000
	pigment { color rgbt <1,0,0,0> }
	no_shadow
}

// nucleotide -1

// particle -1
sphere {
	<40.404629, 53.090561, 48.478207> 0.250000
	pigment { color rgbt <1,0,0,0> }
	no_shadow
}
cylinder {
	<40.565598, 53.331192, 48.202187>,  <40.662178, 53.475571, 48.036575>, 0.100000
	pigment { color rgbt <1,0,0,0> }
	no_shadow
}
cylinder {
	<40.565598, 53.331192, 48.202187>,  <40.404629, 53.090561, 48.478207>, 0.100000
	pigment { color rgbt <1,0,0,0> }
	no_shadow
}

// particle -1
sphere {
	<40.565598, 53.331192, 48.202187> 0.100000
	pigment { color rgbt <1,0,0,0> }
	no_shadow
}
sphere {
	0, 1
	scale<0.080000,0.200000,0.300000>
	matrix <0.841466, -0.539940, 0.020007,
		-0.360549, -0.588703, -0.723486,
		0.402417, 0.601575, -0.690049,
		40.686321, 53.511665, 47.995171>
	pigment { color rgbt <0,1,1,0> }
	no_shadow
}
cylinder {
	<40.443432, 52.819820, 47.802982>,  <40.404629, 53.090561, 48.478207>, 0.130000
	pigment { color rgbt <1,0,0,0> }
	no_shadow
}

// nucleotide -1

// particle -1
sphere {
	<40.443432, 52.819820, 47.802982> 0.250000
	pigment { color rgbt <1,0,0,0> }
	no_shadow
}
cylinder {
	<40.758949, 53.047535, 47.895695>,  <40.948261, 53.184162, 47.951321>, 0.100000
	pigment { color rgbt <1,0,0,0> }
	no_shadow
}
cylinder {
	<40.758949, 53.047535, 47.895695>,  <40.443432, 52.819820, 47.802982>, 0.100000
	pigment { color rgbt <1,0,0,0> }
	no_shadow
}

// particle -1
sphere {
	<40.758949, 53.047535, 47.895695> 0.100000
	pigment { color rgbt <1,0,0,0> }
	no_shadow
}
sphere {
	0, 1
	scale<0.080000,0.200000,0.300000>
	matrix <0.609485, -0.773234, -0.175035,
		0.079574, 0.279332, -0.956892,
		0.788794, 0.569282, 0.231778,
		40.995586, 53.218319, 47.965229>
	pigment { color rgbt <0,1,1,0> }
	no_shadow
}
cylinder {
	<40.993042, 52.953091, 47.172085>,  <40.443432, 52.819820, 47.802982>, 0.130000
	pigment { color rgbt <1,0,0,0> }
	no_shadow
}

// nucleotide -1

// particle -1
sphere {
	<40.993042, 52.953091, 47.172085> 0.250000
	pigment { color rgbt <1,0,0,0> }
	no_shadow
}
cylinder {
	<41.152653, 52.938335, 47.538563>,  <41.248417, 52.929482, 47.758450>, 0.100000
	pigment { color rgbt <1,0,0,0> }
	no_shadow
}
cylinder {
	<41.152653, 52.938335, 47.538563>,  <40.993042, 52.953091, 47.172085>, 0.100000
	pigment { color rgbt <1,0,0,0> }
	no_shadow
}

// particle -1
sphere {
	<41.152653, 52.938335, 47.538563> 0.100000
	pigment { color rgbt <1,0,0,0> }
	no_shadow
}
sphere {
	0, 1
	scale<0.080000,0.200000,0.300000>
	matrix <0.449408, -0.863083, -0.230479,
		0.799258, 0.503714, -0.327810,
		0.399022, -0.036892, 0.916199,
		41.272358, 52.927269, 47.813423>
	pigment { color rgbt <0,1,1,0> }
	no_shadow
}
cylinder {
	<40.830479, 52.333755, 46.820683>,  <40.993042, 52.953091, 47.172085>, 0.130000
	pigment { color rgbt <1,0,0,0> }
	no_shadow
}

// nucleotide -1

// particle -1
sphere {
	<40.830479, 52.333755, 46.820683> 0.250000
	pigment { color rgbt <1,0,0,0> }
	no_shadow
}
cylinder {
	<40.749126, 52.429886, 46.441025>,  <40.700317, 52.487564, 46.213230>, 0.100000
	pigment { color rgbt <1,0,0,0> }
	no_shadow
}
cylinder {
	<40.749126, 52.429886, 46.441025>,  <40.830479, 52.333755, 46.820683>, 0.100000
	pigment { color rgbt <1,0,0,0> }
	no_shadow
}

// particle -1
sphere {
	<40.749126, 52.429886, 46.441025> 0.100000
	pigment { color rgbt <1,0,0,0> }
	no_shadow
}
sphere {
	0, 1
	scale<0.080000,0.200000,0.300000>
	matrix <0.809170, 0.587053, -0.024743,
		0.551254, -0.773054, -0.313856,
		-0.203378, 0.240324, -0.949148,
		40.688114, 52.501984, 46.156281>
	pigment { color rgbt <0,1,1,0> }
	no_shadow
}
cylinder {
	<41.513088, 52.234497, 47.219959>,  <40.830479, 52.333755, 46.820683>, 0.130000
	pigment { color rgbt <1,0,0,0> }
	no_shadow
}

// nucleotide -1

// particle -1
sphere {
	<41.513088, 52.234497, 47.219959> 0.250000
	pigment { color rgbt <1,0,0,0> }
	no_shadow
}
cylinder {
	<41.558643, 52.293991, 47.612877>,  <41.585976, 52.329685, 47.848629>, 0.100000
	pigment { color rgbt <1,0,0,0> }
	no_shadow
}
cylinder {
	<41.558643, 52.293991, 47.612877>,  <41.513088, 52.234497, 47.219959>, 0.100000
	pigment { color rgbt <1,0,0,0> }
	no_shadow
}

// particle -1
sphere {
	<41.558643, 52.293991, 47.612877> 0.100000
	pigment { color rgbt <1,0,0,0> }
	no_shadow
}
sphere {
	0, 1
	scale<0.080000,0.200000,0.300000>
	matrix <0.982854, -0.161182, -0.089550,
		0.145010, 0.975653, -0.164538,
		0.113890, 0.148731, 0.982297,
		41.592812, 52.338612, 47.907566>
	pigment { color rgbt <0,1,1,0> }
	no_shadow
}
cylinder {
	<42.102005, 52.722473, 47.333691>,  <41.513088, 52.234497, 47.219959>, 0.130000
	pigment { color rgbt <1,0,0,0> }
	no_shadow
}

// nucleotide -1

// particle -1
sphere {
	<42.102005, 52.722473, 47.333691> 0.250000
	pigment { color rgbt <1,0,0,0> }
	no_shadow
}
cylinder {
	<42.060886, 52.480133, 47.649254>,  <42.036217, 52.334728, 47.838593>, 0.100000
	pigment { color rgbt <1,0,0,0> }
	no_shadow
}
cylinder {
	<42.060886, 52.480133, 47.649254>,  <42.102005, 52.722473, 47.333691>, 0.100000
	pigment { color rgbt <1,0,0,0> }
	no_shadow
}

// particle -1
sphere {
	<42.060886, 52.480133, 47.649254> 0.100000
	pigment { color rgbt <1,0,0,0> }
	no_shadow
}
sphere {
	0, 1
	scale<0.080000,0.200000,0.300000>
	matrix <0.994424, -0.081366, 0.067087,
		0.023546, 0.791406, 0.610837,
		-0.102795, -0.605851, 0.788909,
		42.030048, 52.298378, 47.885925>
	pigment { color rgbt <0,1,1,0> }
	no_shadow
}
cylinder {
	<42.661800, 52.925663, 47.627132>,  <42.102005, 52.722473, 47.333691>, 0.130000
	pigment { color rgbt <1,0,0,0> }
	no_shadow
}

// nucleotide -1

// particle -1
sphere {
	<42.661800, 52.925663, 47.627132> 0.250000
	pigment { color rgbt <1,0,0,0> }
	no_shadow
}
cylinder {
	<42.585682, 52.558006, 47.765099>,  <42.540009, 52.337414, 47.847878>, 0.100000
	pigment { color rgbt <1,0,0,0> }
	no_shadow
}
cylinder {
	<42.585682, 52.558006, 47.765099>,  <42.661800, 52.925663, 47.627132>, 0.100000
	pigment { color rgbt <1,0,0,0> }
	no_shadow
}

// particle -1
sphere {
	<42.585682, 52.558006, 47.765099> 0.100000
	pigment { color rgbt <1,0,0,0> }
	no_shadow
}
sphere {
	0, 1
	scale<0.080000,0.200000,0.300000>
	matrix <0.977519, -0.209897, -0.020014,
		0.090793, 0.333356, 0.938419,
		-0.190300, -0.919139, 0.344919,
		42.528591, 52.282265, 47.868576>
	pigment { color rgbt <0,1,1,0> }
	no_shadow
}
cylinder {
	<43.264626, 52.816841, 47.962822>,  <42.661800, 52.925663, 47.627132>, 0.130000
	pigment { color rgbt <1,0,0,0> }
	no_shadow
}

// nucleotide -1

// particle -1
sphere {
	<43.264626, 52.816841, 47.962822> 0.250000
	pigment { color rgbt <1,0,0,0> }
	no_shadow
}
cylinder {
	<43.071140, 52.467934, 47.934063>,  <42.955051, 52.258587, 47.916809>, 0.100000
	pigment { color rgbt <1,0,0,0> }
	no_shadow
}
cylinder {
	<43.071140, 52.467934, 47.934063>,  <43.264626, 52.816841, 47.962822>, 0.100000
	pigment { color rgbt <1,0,0,0> }
	no_shadow
}

// particle -1
sphere {
	<43.071140, 52.467934, 47.934063> 0.100000
	pigment { color rgbt <1,0,0,0> }
	no_shadow
}
sphere {
	0, 1
	scale<0.080000,0.200000,0.300000>
	matrix <0.868452, -0.488544, 0.084359,
		-0.108707, -0.021632, 0.993838,
		-0.483709, -0.872271, -0.071894,
		42.926029, 52.206253, 47.912495>
	pigment { color rgbt <0,1,1,0> }
	no_shadow
}
cylinder {
	<43.372719, 52.555138, 48.594193>,  <43.264626, 52.816841, 47.962822>, 0.130000
	pigment { color rgbt <1,0,0,0> }
	no_shadow
}

// nucleotide -1

// particle -1
sphere {
	<43.372719, 52.555138, 48.594193> 0.250000
	pigment { color rgbt <1,0,0,0> }
	no_shadow
}
cylinder {
	<43.343746, 52.301399, 48.286331>,  <43.326363, 52.149158, 48.101616>, 0.100000
	pigment { color rgbt <1,0,0,0> }
	no_shadow
}
cylinder {
	<43.343746, 52.301399, 48.286331>,  <43.372719, 52.555138, 48.594193>, 0.100000
	pigment { color rgbt <1,0,0,0> }
	no_shadow
}

// particle -1
sphere {
	<43.343746, 52.301399, 48.286331> 0.100000
	pigment { color rgbt <1,0,0,0> }
	no_shadow
}
sphere {
	0, 1
	scale<0.080000,0.200000,0.300000>
	matrix <0.979454, -0.190860, 0.065132,
		-0.188212, -0.749120, 0.635135,
		-0.072430, -0.634344, -0.769650,
		43.322018, 52.111095, 48.055435>
	pigment { color rgbt <0,1,1,0> }
	no_shadow
}
cylinder {
	<43.843494, 53.119156, 48.918114>,  <43.372719, 52.555138, 48.594193>, 0.130000
	pigment { color rgbt <1,0,0,0> }
	no_shadow
}

// nucleotide -1

// particle -1
sphere {
	<43.843494, 53.119156, 48.918114> 0.250000
	pigment { color rgbt <1,0,0,0> }
	no_shadow
}
cylinder {
	<44.223362, 53.084572, 48.797684>,  <44.451283, 53.063820, 48.725426>, 0.100000
	pigment { color rgbt <1,0,0,0> }
	no_shadow
}
cylinder {
	<44.223362, 53.084572, 48.797684>,  <43.843494, 53.119156, 48.918114>, 0.100000
	pigment { color rgbt <1,0,0,0> }
	no_shadow
}

// particle -1
sphere {
	<44.223362, 53.084572, 48.797684> 0.100000
	pigment { color rgbt <1,0,0,0> }
	no_shadow
}
sphere {
	0, 1
	scale<0.080000,0.200000,0.300000>
	matrix <0.191004, 0.921627, 0.337817,
		0.248271, -0.378322, 0.891759,
		0.949673, -0.086459, -0.301074,
		44.508263, 53.058636, 48.707363>
	pigment { color rgbt <0,1,1,0> }
	no_shadow
}
cylinder {
	<44.171196, 53.309303, 49.459053>,  <43.843494, 53.119156, 48.918114>, 0.130000
	pigment { color rgbt <1,0,0,0> }
	no_shadow
}

// nucleotide -1

// particle -1
sphere {
	<44.171196, 53.309303, 49.459053> 0.250000
	pigment { color rgbt <1,0,0,0> }
	no_shadow
}
cylinder {
	<44.458256, 53.341267, 49.182331>,  <44.630489, 53.360443, 49.016296>, 0.100000
	pigment { color rgbt <1,0,0,0> }
	no_shadow
}
cylinder {
	<44.458256, 53.341267, 49.182331>,  <44.171196, 53.309303, 49.459053>, 0.100000
	pigment { color rgbt <1,0,0,0> }
	no_shadow
}

// particle -1
sphere {
	<44.458256, 53.341267, 49.182331> 0.100000
	pigment { color rgbt <1,0,0,0> }
	no_shadow
}
sphere {
	0, 1
	scale<0.080000,0.200000,0.300000>
	matrix <0.269461, 0.884158, 0.381647,
		0.642162, -0.460303, 0.612983,
		0.717648, 0.079904, -0.691807,
		44.673550, 53.365238, 48.974789>
	pigment { color rgbt <0,1,1,0> }
	no_shadow
}
cylinder {
	<44.215755, 53.831833, 48.892151>,  <44.171196, 53.309303, 49.459053>, 0.130000
	pigment { color rgbt <1,0,0,0> }
	no_shadow
}

// nucleotide -1

// particle -1
sphere {
	<44.215755, 53.831833, 48.892151> 0.250000
	pigment { color rgbt <1,0,0,0> }
	no_shadow
}
cylinder {
	<44.454575, 54.089951, 48.701515>,  <44.597866, 54.244820, 48.587135>, 0.100000
	pigment { color rgbt <1,0,0,0> }
	no_shadow
}
cylinder {
	<44.454575, 54.089951, 48.701515>,  <44.215755, 53.831833, 48.892151>, 0.100000
	pigment { color rgbt <1,0,0,0> }
	no_shadow
}

// particle -1
sphere {
	<44.454575, 54.089951, 48.701515> 0.100000
	pigment { color rgbt <1,0,0,0> }
	no_shadow
}
sphere {
	0, 1
	scale<0.080000,0.200000,0.300000>
	matrix <-0.024739, -0.579002, -0.814950,
		-0.801824, 0.498355, -0.329728,
		0.597048, 0.645290, -0.476587,
		44.633690, 54.283539, 48.558540>
	pigment { color rgbt <0,1,1,0> }
	no_shadow
}
cylinder {
	<43.747169, 54.030483, 48.319065>,  <44.215755, 53.831833, 48.892151>, 0.130000
	pigment { color rgbt <1,0,0,0> }
	no_shadow
}

// nucleotide -1

// particle -1
sphere {
	<43.747169, 54.030483, 48.319065> 0.250000
	pigment { color rgbt <1,0,0,0> }
	no_shadow
}
cylinder {
	<44.146477, 54.034725, 48.295948>,  <44.386063, 54.037270, 48.282078>, 0.100000
	pigment { color rgbt <1,0,0,0> }
	no_shadow
}
cylinder {
	<44.146477, 54.034725, 48.295948>,  <43.747169, 54.030483, 48.319065>, 0.100000
	pigment { color rgbt <1,0,0,0> }
	no_shadow
}

// particle -1
sphere {
	<44.146477, 54.034725, 48.295948> 0.100000
	pigment { color rgbt <1,0,0,0> }
	no_shadow
}
sphere {
	0, 1
	scale<0.080000,0.200000,0.300000>
	matrix <-0.040623, -0.586116, -0.809208,
		-0.042455, 0.810158, -0.584672,
		0.998272, 0.010604, -0.057794,
		44.445957, 54.037907, 48.278610>
	pigment { color rgbt <0,1,1,0> }
	no_shadow
}
cylinder {
	<43.841232, 54.215420, 47.594425>,  <43.747169, 54.030483, 48.319065>, 0.130000
	pigment { color rgbt <1,0,0,0> }
	no_shadow
}

// nucleotide -1

// particle -1
sphere {
	<43.841232, 54.215420, 47.594425> 0.250000
	pigment { color rgbt <1,0,0,0> }
	no_shadow
}
cylinder {
	<43.967678, 54.451607, 47.297394>,  <44.043545, 54.593319, 47.119175>, 0.100000
	pigment { color rgbt <1,0,0,0> }
	no_shadow
}
cylinder {
	<43.967678, 54.451607, 47.297394>,  <43.841232, 54.215420, 47.594425>, 0.100000
	pigment { color rgbt <1,0,0,0> }
	no_shadow
}

// particle -1
sphere {
	<43.967678, 54.451607, 47.297394> 0.100000
	pigment { color rgbt <1,0,0,0> }
	no_shadow
}
sphere {
	0, 1
	scale<0.080000,0.200000,0.300000>
	matrix <0.907681, -0.415956, 0.055649,
		-0.276019, -0.691613, -0.667447,
		0.316116, 0.590468, -0.742575,
		44.062511, 54.628746, 47.074623>
	pigment { color rgbt <0,1,1,0> }
	no_shadow
}
cylinder {
	<43.989513, 53.762428, 47.146622>,  <43.841232, 54.215420, 47.594425>, 0.130000
	pigment { color rgbt <1,0,0,0> }
	no_shadow
}

// nucleotide -1

// particle -1
sphere {
	<43.989513, 53.762428, 47.146622> 0.250000
	pigment { color rgbt <1,0,0,0> }
	no_shadow
}
cylinder {
	<44.194195, 54.098812, 47.076252>,  <44.317005, 54.300640, 47.034031>, 0.100000
	pigment { color rgbt <1,0,0,0> }
	no_shadow
}
cylinder {
	<44.194195, 54.098812, 47.076252>,  <43.989513, 53.762428, 47.146622>, 0.100000
	pigment { color rgbt <1,0,0,0> }
	no_shadow
}

// particle -1
sphere {
	<44.194195, 54.098812, 47.076252> 0.100000
	pigment { color rgbt <1,0,0,0> }
	no_shadow
}
sphere {
	0, 1
	scale<0.080000,0.200000,0.300000>
	matrix <0.850304, -0.525025, -0.036493,
		-0.123052, -0.130914, -0.983727,
		0.511704, 0.840958, -0.175922,
		44.347706, 54.351101, 47.023476>
	pigment { color rgbt <0,1,1,0> }
	no_shadow
}
cylinder {
	<44.460159, 53.649158, 46.678753>,  <43.989513, 53.762428, 47.146622>, 0.130000
	pigment { color rgbt <1,0,0,0> }
	no_shadow
}

// nucleotide -1

// particle -1
sphere {
	<44.460159, 53.649158, 46.678753> 0.250000
	pigment { color rgbt <1,0,0,0> }
	no_shadow
}
cylinder {
	<44.586185, 53.981575, 46.862099>,  <44.661800, 54.181026, 46.972107>, 0.100000
	pigment { color rgbt <1,0,0,0> }
	no_shadow
}
cylinder {
	<44.586185, 53.981575, 46.862099>,  <44.460159, 53.649158, 46.678753>, 0.100000
	pigment { color rgbt <1,0,0,0> }
	no_shadow
}

// particle -1
sphere {
	<44.586185, 53.981575, 46.862099> 0.100000
	pigment { color rgbt <1,0,0,0> }
	no_shadow
}
sphere {
	0, 1
	scale<0.080000,0.200000,0.300000>
	matrix <0.947483, -0.247517, -0.202512,
		-0.054844, 0.498098, -0.865385,
		0.315068, 0.831044, 0.458364,
		44.680706, 54.230888, 46.999607>
	pigment { color rgbt <0,1,1,0> }
	no_shadow
}
cylinder {
	<44.875446, 54.066177, 46.182613>,  <44.460159, 53.649158, 46.678753>, 0.130000
	pigment { color rgbt <1,0,0,0> }
	no_shadow
}

// nucleotide -1

// particle -1
sphere {
	<44.875446, 54.066177, 46.182613> 0.250000
	pigment { color rgbt <1,0,0,0> }
	no_shadow
}
cylinder {
	<44.977142, 54.170437, 46.555157>,  <45.038158, 54.232994, 46.778683>, 0.100000
	pigment { color rgbt <1,0,0,0> }
	no_shadow
}
cylinder {
	<44.977142, 54.170437, 46.555157>,  <44.875446, 54.066177, 46.182613>, 0.100000
	pigment { color rgbt <1,0,0,0> }
	no_shadow
}

// particle -1
sphere {
	<44.977142, 54.170437, 46.555157> 0.100000
	pigment { color rgbt <1,0,0,0> }
	no_shadow
}
sphere {
	0, 1
	scale<0.080000,0.200000,0.300000>
	matrix <0.964726, -0.136362, -0.225185,
		0.068306, 0.955754, -0.286127,
		0.254238, 0.260653, 0.931355,
		45.053413, 54.248634, 46.834564>
	pigment { color rgbt <0,1,1,0> }
	no_shadow
}
cylinder {
	<45.482403, 54.575241, 46.179630>,  <44.875446, 54.066177, 46.182613>, 0.130000
	pigment { color rgbt <1,0,0,0> }
	no_shadow
}

// nucleotide -1

// particle -1
sphere {
	<45.482403, 54.575241, 46.179630> 0.250000
	pigment { color rgbt <1,0,0,0> }
	no_shadow
}
cylinder {
	<45.494892, 54.331917, 46.496864>,  <45.502384, 54.185925, 46.687206>, 0.100000
	pigment { color rgbt <1,0,0,0> }
	no_shadow
}
cylinder {
	<45.494892, 54.331917, 46.496864>,  <45.482403, 54.575241, 46.179630>, 0.100000
	pigment { color rgbt <1,0,0,0> }
	no_shadow
}

// particle -1
sphere {
	<45.494892, 54.331917, 46.496864> 0.100000
	pigment { color rgbt <1,0,0,0> }
	no_shadow
}
sphere {
	0, 1
	scale<0.080000,0.200000,0.300000>
	matrix <0.998532, -0.016152, -0.051701,
		0.044260, 0.793537, 0.606910,
		0.031224, -0.608308, 0.793087,
		45.504261, 54.149426, 46.734791>
	pigment { color rgbt <0,1,1,0> }
	no_shadow
}
cylinder {
	<45.832485, 54.900002, 46.763271>,  <45.482403, 54.575241, 46.179630>, 0.130000
	pigment { color rgbt <1,0,0,0> }
	no_shadow
}

// nucleotide -1

// particle -1
sphere {
	<45.832485, 54.900002, 46.763271> 0.250000
	pigment { color rgbt <1,0,0,0> }
	no_shadow
}
cylinder {
	<45.856201, 54.500908, 46.750496>,  <45.870430, 54.261452, 46.742828>, 0.100000
	pigment { color rgbt <1,0,0,0> }
	no_shadow
}
cylinder {
	<45.856201, 54.500908, 46.750496>,  <45.832485, 54.900002, 46.763271>, 0.100000
	pigment { color rgbt <1,0,0,0> }
	no_shadow
}

// particle -1
sphere {
	<45.856201, 54.500908, 46.750496> 0.100000
	pigment { color rgbt <1,0,0,0> }
	no_shadow
}
sphere {
	0, 1
	scale<0.080000,0.200000,0.300000>
	matrix <0.997500, 0.057979, 0.040408,
		-0.038464, -0.034258, 0.998673,
		0.059286, -0.997730, -0.031942,
		45.873985, 54.201588, 46.740913>
	pigment { color rgbt <0,1,1,0> }
	no_shadow
}
cylinder {
	<46.312191, 54.772999, 47.281593>,  <45.832485, 54.900002, 46.763271>, 0.130000
	pigment { color rgbt <1,0,0,0> }
	no_shadow
}

// nucleotide -1

// particle -1
sphere {
	<46.312191, 54.772999, 47.281593> 0.250000
	pigment { color rgbt <1,0,0,0> }
	no_shadow
}
cylinder {
	<46.299923, 54.518940, 46.972881>,  <46.292561, 54.366505, 46.787655>, 0.100000
	pigment { color rgbt <1,0,0,0> }
	no_shadow
}
cylinder {
	<46.299923, 54.518940, 46.972881>,  <46.312191, 54.772999, 47.281593>, 0.100000
	pigment { color rgbt <1,0,0,0> }
	no_shadow
}

// particle -1
sphere {
	<46.299923, 54.518940, 46.972881> 0.100000
	pigment { color rgbt <1,0,0,0> }
	no_shadow
}
sphere {
	0, 1
	scale<0.080000,0.200000,0.300000>
	matrix <0.969063, 0.170291, -0.178654,
		0.244899, -0.753383, 0.610277,
		-0.030670, -0.635149, -0.771780,
		46.290722, 54.328396, 46.741348>
	pigment { color rgbt <0,1,1,0> }
	no_shadow
}
cylinder {
	<46.687134, 54.093269, 47.247009>,  <46.312191, 54.772999, 47.281593>, 0.130000
	pigment { color rgbt <1,0,0,0> }
	no_shadow
}

// nucleotide -1

// particle -1
sphere {
	<46.687134, 54.093269, 47.247009> 0.250000
	pigment { color rgbt <1,0,0,0> }
	no_shadow
}
cylinder {
	<46.700256, 54.254253, 46.881069>,  <46.708130, 54.350845, 46.661507>, 0.100000
	pigment { color rgbt <1,0,0,0> }
	no_shadow
}
cylinder {
	<46.700256, 54.254253, 46.881069>,  <46.687134, 54.093269, 47.247009>, 0.100000
	pigment { color rgbt <1,0,0,0> }
	no_shadow
}

// particle -1
sphere {
	<46.700256, 54.254253, 46.881069> 0.100000
	pigment { color rgbt <1,0,0,0> }
	no_shadow
}
sphere {
	0, 1
	scale<0.080000,0.200000,0.300000>
	matrix <0.950689, 0.269882, 0.152821,
		0.308406, -0.874752, -0.373758,
		0.032810, 0.402458, -0.914850,
		46.710098, 54.374992, 46.606613>
	pigment { color rgbt <0,1,1,0> }
	no_shadow
}
cylinder {
	<47.205502, 53.837482, 46.799313>,  <46.687134, 54.093269, 47.247009>, 0.130000
	pigment { color rgbt <1,0,0,0> }
	no_shadow
}

// nucleotide -1

// particle -1
sphere {
	<47.205502, 53.837482, 46.799313> 0.250000
	pigment { color rgbt <1,0,0,0> }
	no_shadow
}
cylinder {
	<47.113331, 54.203758, 46.667610>,  <47.058029, 54.423523, 46.588589>, 0.100000
	pigment { color rgbt <1,0,0,0> }
	no_shadow
}
cylinder {
	<47.113331, 54.203758, 46.667610>,  <47.205502, 53.837482, 46.799313>, 0.100000
	pigment { color rgbt <1,0,0,0> }
	no_shadow
}

// particle -1
sphere {
	<47.113331, 54.203758, 46.667610> 0.100000
	pigment { color rgbt <1,0,0,0> }
	no_shadow
}
sphere {
	0, 1
	scale<0.080000,0.200000,0.300000>
	matrix <0.968474, 0.248724, 0.013953,
		0.094671, -0.315664, -0.944137,
		-0.230424, 0.915693, -0.329259,
		47.044205, 54.478466, 46.568832>
	pigment { color rgbt <0,1,1,0> }
	no_shadow
}
cylinder {
	<47.561703, 53.943520, 46.208397>,  <47.205502, 53.837482, 46.799313>, 0.130000
	pigment { color rgbt <1,0,0,0> }
	no_shadow
}

// nucleotide -1

// particle -1
sphere {
	<47.561703, 53.943520, 46.208397> 0.250000
	pigment { color rgbt <1,0,0,0> }
	no_shadow
}
cylinder {
	<47.493294, 54.293091, 46.390388>,  <47.452248, 54.502834, 46.499584>, 0.100000
	pigment { color rgbt <1,0,0,0> }
	no_shadow
}
cylinder {
	<47.493294, 54.293091, 46.390388>,  <47.561703, 53.943520, 46.208397>, 0.100000
	pigment { color rgbt <1,0,0,0> }
	no_shadow
}

// particle -1
sphere {
	<47.493294, 54.293091, 46.390388> 0.100000
	pigment { color rgbt <1,0,0,0> }
	no_shadow
}
sphere {
	0, 1
	scale<0.080000,0.200000,0.300000>
	matrix <0.975985, 0.213503, -0.043239,
		-0.134928, 0.436661, -0.889450,
		-0.171019, 0.873924, 0.454982,
		47.441986, 54.555267, 46.526882>
	pigment { color rgbt <0,1,1,0> }
	no_shadow
}
cylinder {
	<48.004162, 54.479530, 45.941521>,  <47.561703, 53.943520, 46.208397>, 0.130000
	pigment { color rgbt <1,0,0,0> }
	no_shadow
}

// nucleotide -1

// particle -1
sphere {
	<48.004162, 54.479530, 45.941521> 0.250000
	pigment { color rgbt <1,0,0,0> }
	no_shadow
}
cylinder {
	<47.927025, 54.635326, 46.301765>,  <47.880741, 54.728806, 46.517914>, 0.100000
	pigment { color rgbt <1,0,0,0> }
	no_shadow
}
cylinder {
	<47.927025, 54.635326, 46.301765>,  <48.004162, 54.479530, 45.941521>, 0.100000
	pigment { color rgbt <1,0,0,0> }
	no_shadow
}

// particle -1
sphere {
	<47.927025, 54.635326, 46.301765> 0.100000
	pigment { color rgbt <1,0,0,0> }
	no_shadow
}
sphere {
	0, 1
	scale<0.080000,0.200000,0.300000>
	matrix <0.922900, 0.383735, 0.031658,
		-0.333267, 0.837283, -0.433463,
		-0.192841, 0.389493, 0.900615,
		47.869171, 54.752174, 46.571949>
	pigment { color rgbt <0,1,1,0> }
	no_shadow
}
cylinder {
	<48.168896, 55.182716, 45.829895>,  <48.004162, 54.479530, 45.941521>, 0.130000
	pigment { color rgbt <1,0,0,0> }
	no_shadow
}

// nucleotide -1

// particle -1
sphere {
	<48.168896, 55.182716, 45.829895> 0.250000
	pigment { color rgbt <1,0,0,0> }
	no_shadow
}
cylinder {
	<48.199879, 55.061596, 46.209854>,  <48.218468, 54.988922, 46.437832>, 0.100000
	pigment { color rgbt <1,0,0,0> }
	no_shadow
}
cylinder {
	<48.199879, 55.061596, 46.209854>,  <48.168896, 55.182716, 45.829895>, 0.100000
	pigment { color rgbt <1,0,0,0> }
	no_shadow
}

// particle -1
sphere {
	<48.199879, 55.061596, 46.209854> 0.100000
	pigment { color rgbt <1,0,0,0> }
	no_shadow
}
sphere {
	0, 1
	scale<0.080000,0.200000,0.300000>
	matrix <0.937817, 0.345495, 0.033666,
		-0.338380, 0.888225, 0.310732,
		0.077454, -0.302802, 0.949901,
		48.223114, 54.970757, 46.494823>
	pigment { color rgbt <0,1,1,0> }
	no_shadow
}
cylinder {
	<48.568485, 55.684860, 46.150352>,  <48.168896, 55.182716, 45.829895>, 0.130000
	pigment { color rgbt <1,0,0,0> }
	no_shadow
}

// nucleotide -1

// particle -1
sphere {
	<48.568485, 55.684860, 46.150352> 0.250000
	pigment { color rgbt <1,0,0,0> }
	no_shadow
}
cylinder {
	<48.566235, 55.370529, 46.397720>,  <48.564884, 55.181931, 46.546143>, 0.100000
	pigment { color rgbt <1,0,0,0> }
	no_shadow
}
cylinder {
	<48.566235, 55.370529, 46.397720>,  <48.568485, 55.684860, 46.150352>, 0.100000
	pigment { color rgbt <1,0,0,0> }
	no_shadow
}

// particle -1
sphere {
	<48.566235, 55.370529, 46.397720> 0.100000
	pigment { color rgbt <1,0,0,0> }
	no_shadow
}
sphere {
	0, 1
	scale<0.080000,0.200000,0.300000>
	matrix <0.946640, 0.195104, 0.256529,
		-0.322243, 0.586866, 0.742797,
		-0.005626, -0.785826, 0.618422,
		48.564548, 55.134781, 46.583248>
	pigment { color rgbt <0,1,1,0> }
	no_shadow
}
cylinder {
	<48.722015, 55.866642, 46.954506>,  <48.568485, 55.684860, 46.150352>, 0.130000
	pigment { color rgbt <1,0,0,0> }
	no_shadow
}

// nucleotide -1

// particle -1
sphere {
	<48.722015, 55.866642, 46.954506> 0.250000
	pigment { color rgbt <1,0,0,0> }
	no_shadow
}
cylinder {
	<48.810432, 55.491322, 46.848125>,  <48.863483, 55.266129, 46.784298>, 0.100000
	pigment { color rgbt <1,0,0,0> }
	no_shadow
}
cylinder {
	<48.810432, 55.491322, 46.848125>,  <48.722015, 55.866642, 46.954506>, 0.100000
	pigment { color rgbt <1,0,0,0> }
	no_shadow
}

// particle -1
sphere {
	<48.810432, 55.491322, 46.848125> 0.100000
	pigment { color rgbt <1,0,0,0> }
	no_shadow
}
sphere {
	0, 1
	scale<0.080000,0.200000,0.300000>
	matrix <0.929642, 0.120288, 0.348276,
		-0.294797, -0.324224, 0.898873,
		0.221044, -0.938301, -0.265952,
		48.876747, 55.209831, 46.768341>
	pigment { color rgbt <0,1,1,0> }
	no_shadow
}
cylinder {
	<49.115929, 55.555866, 47.489868>,  <48.722015, 55.866642, 46.954506>, 0.130000
	pigment { color rgbt <1,0,0,0> }
	no_shadow
}

// nucleotide -1

// particle -1
sphere {
	<49.115929, 55.555866, 47.489868> 0.250000
	pigment { color rgbt <1,0,0,0> }
	no_shadow
}
cylinder {
	<49.216839, 55.375038, 47.147644>,  <49.277386, 55.266541, 46.942310>, 0.100000
	pigment { color rgbt <1,0,0,0> }
	no_shadow
}
cylinder {
	<49.216839, 55.375038, 47.147644>,  <49.115929, 55.555866, 47.489868>, 0.100000
	pigment { color rgbt <1,0,0,0> }
	no_shadow
}

// particle -1
sphere {
	<49.216839, 55.375038, 47.147644> 0.100000
	pigment { color rgbt <1,0,0,0> }
	no_shadow
}
sphere {
	0, 1
	scale<0.080000,0.200000,0.300000>
	matrix <0.964455, 0.045604, 0.260282,
		-0.078649, -0.890815, 0.447508,
		0.252271, -0.452072, -0.855564,
		49.292519, 55.239418, 46.890976>
	pigment { color rgbt <0,1,1,0> }
	no_shadow
}
cylinder {
	<49.636318, 54.905315, 47.580368>,  <49.115929, 55.555866, 47.489868>, 0.130000
	pigment { color rgbt <1,0,0,0> }
	no_shadow
}

// nucleotide -1

// particle -1
sphere {
	<49.636318, 54.905315, 47.580368> 0.250000
	pigment { color rgbt <1,0,0,0> }
	no_shadow
}
cylinder {
	<49.726711, 55.110672, 47.249222>,  <49.780949, 55.233887, 47.050533>, 0.100000
	pigment { color rgbt <1,0,0,0> }
	no_shadow
}
cylinder {
	<49.726711, 55.110672, 47.249222>,  <49.636318, 54.905315, 47.580368>, 0.100000
	pigment { color rgbt <1,0,0,0> }
	no_shadow
}

// particle -1
sphere {
	<49.726711, 55.110672, 47.249222> 0.100000
	pigment { color rgbt <1,0,0,0> }
	no_shadow
}
sphere {
	0, 1
	scale<0.080000,0.200000,0.300000>
	matrix <0.959014, 0.031888, 0.281557,
		0.170947, -0.857563, -0.485142,
		0.225983, 0.513390, -0.827866,
		49.794506, 55.264690, 47.000862>
	pigment { color rgbt <0,1,1,0> }
	no_shadow
}
cylinder {
	<50.227310, 54.586788, 47.127678>,  <49.636318, 54.905315, 47.580368>, 0.130000
	pigment { color rgbt <1,0,0,0> }
	no_shadow
}

// nucleotide -1

// particle -1
sphere {
	<50.227310, 54.586788, 47.127678> 0.250000
	pigment { color rgbt <1,0,0,0> }
	no_shadow
}
cylinder {
	<50.160149, 54.981102, 47.125046>,  <50.119850, 55.217690, 47.123466>, 0.100000
	pigment { color rgbt <1,0,0,0> }
	no_shadow
}
cylinder {
	<50.160149, 54.981102, 47.125046>,  <50.227310, 54.586788, 47.127678>, 0.100000
	pigment { color rgbt <1,0,0,0> }
	no_shadow
}

// particle -1
sphere {
	<50.160149, 54.981102, 47.125046> 0.100000
	pigment { color rgbt <1,0,0,0> }
	no_shadow
}
sphere {
	0, 1
	scale<0.080000,0.200000,0.300000>
	matrix <0.866629, 0.150786, 0.475623,
		0.469853, 0.074158, -0.879624,
		-0.167907, 0.985781, -0.006580,
		50.109776, 55.276836, 47.123074>
	pigment { color rgbt <0,1,1,0> }
	no_shadow
}
cylinder {
	<50.837437, 55.102314, 46.791504>,  <50.227310, 54.586788, 47.127678>, 0.130000
	pigment { color rgbt <1,0,0,0> }
	no_shadow
}

// nucleotide -1

// particle -1
sphere {
	<50.837437, 55.102314, 46.791504> 0.250000
	pigment { color rgbt <1,0,0,0> }
	no_shadow
}
cylinder {
	<50.624725, 55.284904, 47.076836>,  <50.497097, 55.394459, 47.248035>, 0.100000
	pigment { color rgbt <1,0,0,0> }
	no_shadow
}
cylinder {
	<50.624725, 55.284904, 47.076836>,  <50.837437, 55.102314, 46.791504>, 0.100000
	pigment { color rgbt <1,0,0,0> }
	no_shadow
}

// particle -1
sphere {
	<50.624725, 55.284904, 47.076836> 0.100000
	pigment { color rgbt <1,0,0,0> }
	no_shadow
}
sphere {
	0, 1
	scale<0.080000,0.200000,0.300000>
	matrix <0.839037, 0.398361, 0.370573,
		-0.115002, 0.795571, -0.594845,
		-0.531781, 0.456481, 0.713326,
		50.465191, 55.421848, 47.290833>
	pigment { color rgbt <0,1,1,0> }
	no_shadow
}
cylinder {
	<50.889763, 55.778660, 46.817822>,  <50.837437, 55.102314, 46.791504>, 0.130000
	pigment { color rgbt <1,0,0,0> }
	no_shadow
}

// nucleotide -1

// particle -1
sphere {
	<50.889763, 55.778660, 46.817822> 0.250000
	pigment { color rgbt <1,0,0,0> }
	no_shadow
}
cylinder {
	<50.815327, 55.631496, 47.182243>,  <50.770664, 55.543198, 47.400894>, 0.100000
	pigment { color rgbt <1,0,0,0> }
	no_shadow
}
cylinder {
	<50.815327, 55.631496, 47.182243>,  <50.889763, 55.778660, 46.817822>, 0.100000
	pigment { color rgbt <1,0,0,0> }
	no_shadow
}

// particle -1
sphere {
	<50.815327, 55.631496, 47.182243> 0.100000
	pigment { color rgbt <1,0,0,0> }
	no_shadow
}
sphere {
	0, 1
	scale<0.080000,0.200000,0.300000>
	matrix <0.838673, 0.423577, 0.342360,
		-0.511858, 0.827782, 0.229734,
		-0.186089, -0.367911, 0.911050,
		50.759499, 55.521122, 47.455559>
	pigment { color rgbt <0,1,1,0> }
	no_shadow
}
cylinder {
	<50.814880, 56.323460, 47.367760>,  <50.889763, 55.778660, 46.817822>, 0.130000
	pigment { color rgbt <1,0,0,0> }
	no_shadow
}

// nucleotide -1

// particle -1
sphere {
	<50.814880, 56.323460, 47.367760> 0.250000
	pigment { color rgbt <1,0,0,0> }
	no_shadow
}
cylinder {
	<51.027943, 56.000732, 47.469994>,  <51.155781, 55.807095, 47.531334>, 0.100000
	pigment { color rgbt <1,0,0,0> }
	no_shadow
}
cylinder {
	<51.027943, 56.000732, 47.469994>,  <50.814880, 56.323460, 47.367760>, 0.100000
	pigment { color rgbt <1,0,0,0> }
	no_shadow
}

// particle -1
sphere {
	<51.027943, 56.000732, 47.469994> 0.100000
	pigment { color rgbt <1,0,0,0> }
	no_shadow
}
sphere {
	0, 1
	scale<0.080000,0.200000,0.300000>
	matrix <0.683117, 0.588138, 0.432949,
		-0.499629, -0.056020, 0.864426,
