// switches for output
#declare DRAW_BASES = 1; // possible values are 0, 1; only relevant for DNA ribbons
#declare DRAW_BASES_TYPE = 3; // possible values are 1, 2, 3; only relevant for DNA ribbons
#declare DRAW_FOG = 0; // set to 1 to enable fog

#include "colors.inc"

#include "transforms.inc"
background { rgb <1, 1, 1>}

#default {
   normal{
       ripples 0.25
       frequency 0.20
       turbulence 0.2
       lambda 5
   }
	finish {
		phong 0.1
		phong_size 40.
	}
}

// original window dimensions: 1024x640


// camera settings

camera {
	sky <-0, 1, 0>
	up <-0, 1, 0>
	right 1.6 * <0.99995, 0, 0.00999983>
	location <54.4867, 55, 106.329>
	look_at <55, 55, 55.0001>
	direction <0.513302, 0, -51.3289>
	angle 67.0682
}


# declare cpy_camera_pos = <54.4867, 55, 106.329>;
# if (DRAW_FOG = 1)
fog {
	fog_type 2
	up vnormalize(cpy_camera_pos)
	color rgbt<1,1,1,0.3>
	distance 1e-5
	fog_alt 3e-3
	fog_offset 88
}
# end


// LIGHTS

# declare lum = 6;
global_settings {
	ambient_light rgb lum * <0.05, 0.05, 0.05>
	max_trace_level 15
}# declare cpy_direct_light_amount = 0.25;
light_source
{	1000 * <-0.98995, -1, 1.00995>,
	rgb lum * cpy_direct_light_amount
	parallel
}

light_source
{	1000 * <0.98995, 1, -1.00995>,
	rgb lum * cpy_direct_light_amount
	parallel
}

// strand 0

// nucleotide -1

// particle -1
sphere {
	<36.429390, 53.522137, 50.158096> 0.250000
	pigment { color rgbt <1,0,0,0> }
	no_shadow
}
cylinder {
	<36.576881, 53.782139, 49.892303>,  <36.665379, 53.938141, 49.732830>, 0.100000
	pigment { color rgbt <1,0,0,0> }
	no_shadow
}
cylinder {
	<36.576881, 53.782139, 49.892303>,  <36.429390, 53.522137, 50.158096>, 0.100000
	pigment { color rgbt <1,0,0,0> }
	no_shadow
}

// particle -1
sphere {
	<36.576881, 53.782139, 49.892303> 0.100000
	pigment { color rgbt <1,0,0,0> }
	no_shadow
}
sphere {
	0, 1
	scale<0.080000,0.200000,0.300000>
	matrix <0.781866, 0.169726, 0.599899,
		0.502716, -0.740734, -0.445633,
		0.368731, 0.650004, -0.664478,
		36.687500, 53.977139, 49.692959>
	pigment { color rgbt <0,1,1,0> }
	no_shadow
}
cylinder {
	<37.122490, 53.404400, 49.885509>,  <36.429390, 53.522137, 50.158096>, 0.130000
	pigment { color rgbt <1,0,0,0> }
	no_shadow
}

// nucleotide -1

// particle -1
sphere {
	<37.122490, 53.404400, 49.885509> 0.250000
	pigment { color rgbt <1,0,0,0> }
	no_shadow
}
cylinder {
	<37.024651, 53.789276, 49.933434>,  <36.965946, 54.020203, 49.962189>, 0.100000
	pigment { color rgbt <1,0,0,0> }
	no_shadow
}
cylinder {
	<37.024651, 53.789276, 49.933434>,  <37.122490, 53.404400, 49.885509>, 0.100000
	pigment { color rgbt <1,0,0,0> }
	no_shadow
}

// particle -1
sphere {
	<37.024651, 53.789276, 49.933434> 0.100000
	pigment { color rgbt <1,0,0,0> }
	no_shadow
}
sphere {
	0, 1
	scale<0.080000,0.200000,0.300000>
	matrix <0.754297, 0.111183, 0.647050,
		0.609267, 0.248642, -0.752975,
		-0.244602, 0.962193, 0.119810,
		36.951271, 54.077934, 49.969376>
	pigment { color rgbt <0,1,1,0> }
	no_shadow
}
cylinder {
	<37.555653, 52.953773, 49.318516>,  <37.122490, 53.404400, 49.885509>, 0.130000
	pigment { color rgbt <1,0,0,0> }
	no_shadow
}

// nucleotide -1

// particle -1
sphere {
	<37.555653, 52.953773, 49.318516> 0.250000
	pigment { color rgbt <1,0,0,0> }
	no_shadow
}
cylinder {
	<37.302139, 52.708370, 49.130081>,  <37.150032, 52.561127, 49.017021>, 0.100000
	pigment { color rgbt <1,0,0,0> }
	no_shadow
}
cylinder {
	<37.302139, 52.708370, 49.130081>,  <37.555653, 52.953773, 49.318516>, 0.100000
	pigment { color rgbt <1,0,0,0> }
	no_shadow
}

// particle -1
sphere {
	<37.302139, 52.708370, 49.130081> 0.100000
	pigment { color rgbt <1,0,0,0> }
	no_shadow
}
sphere {
	0, 1
	scale<0.080000,0.200000,0.300000>
	matrix <0.619953, -0.038684, -0.783685,
		0.462574, -0.788740, 0.404864,
		-0.633785, -0.613509, -0.471087,
		37.112003, 52.524319, 48.988754>
	pigment { color rgbt <0,1,1,0> }
	no_shadow
}
cylinder {
	<37.905472, 52.299252, 49.006016>,  <37.555653, 52.953773, 49.318516>, 0.130000
	pigment { color rgbt <1,0,0,0> }
	no_shadow
}

// nucleotide -1

// particle -1
sphere {
	<37.905472, 52.299252, 49.006016> 0.250000
	pigment { color rgbt <1,0,0,0> }
	no_shadow
}
cylinder {
	<37.560085, 52.370358, 48.817200>,  <37.352852, 52.413021, 48.703911>, 0.100000
	pigment { color rgbt <1,0,0,0> }
	no_shadow
}
cylinder {
	<37.560085, 52.370358, 48.817200>,  <37.905472, 52.299252, 49.006016>, 0.100000
	pigment { color rgbt <1,0,0,0> }
	no_shadow
}

// particle -1
sphere {
	<37.560085, 52.370358, 48.817200> 0.100000
	pigment { color rgbt <1,0,0,0> }
	no_shadow
}
sphere {
	0, 1
	scale<0.080000,0.200000,0.300000>
	matrix <0.471792, -0.046427, -0.880487,
		-0.178438, -0.982977, -0.043782,
		-0.863466, 0.177768, -0.472045,
		37.301044, 52.423687, 48.675587>
	pigment { color rgbt <0,1,1,0> }
	no_shadow
}
cylinder {
	<38.123936, 52.407272, 48.267406>,  <37.905472, 52.299252, 49.006016>, 0.130000
	pigment { color rgbt <1,0,0,0> }
	no_shadow
}

// nucleotide -1

// particle -1
sphere {
	<38.123936, 52.407272, 48.267406> 0.250000
	pigment { color rgbt <1,0,0,0> }
	no_shadow
}
cylinder {
	<38.188953, 52.801788, 48.278778>,  <38.227962, 53.038498, 48.285603>, 0.100000
	pigment { color rgbt <1,0,0,0> }
	no_shadow
}
cylinder {
	<38.188953, 52.801788, 48.278778>,  <38.123936, 52.407272, 48.267406>, 0.100000
	pigment { color rgbt <1,0,0,0> }
	no_shadow
}

// particle -1
sphere {
	<38.188953, 52.801788, 48.278778> 0.100000
	pigment { color rgbt <1,0,0,0> }
	no_shadow
}
sphere {
	0, 1
	scale<0.080000,0.200000,0.300000>
	matrix <-0.883463, 0.158309, -0.440943,
		-0.439400, 0.046554, 0.897084,
		0.162544, 0.986291, 0.028432,
		38.237717, 53.097675, 48.287308>
	pigment { color rgbt <0,1,1,0> }
	no_shadow
}
cylinder {
	<38.795650, 52.793449, 48.399845>,  <38.123936, 52.407272, 48.267406>, 0.130000
	pigment { color rgbt <1,0,0,0> }
	no_shadow
}

// nucleotide -1

// particle -1
sphere {
	<38.795650, 52.793449, 48.399845> 0.250000
	pigment { color rgbt <1,0,0,0> }
	no_shadow
}
cylinder {
	<38.725857, 52.555199, 48.713478>,  <38.683979, 52.412247, 48.901657>, 0.100000
	pigment { color rgbt <1,0,0,0> }
	no_shadow
}
cylinder {
	<38.725857, 52.555199, 48.713478>,  <38.795650, 52.793449, 48.399845>, 0.100000
	pigment { color rgbt <1,0,0,0> }
	no_shadow
}

// particle -1
sphere {
	<38.725857, 52.555199, 48.713478> 0.100000
	pigment { color rgbt <1,0,0,0> }
	no_shadow
}
sphere {
	0, 1
	scale<0.080000,0.200000,0.300000>
	matrix <0.938978, 0.139076, 0.314607,
		-0.296435, 0.791131, 0.535012,
		-0.174488, -0.595625, 0.784082,
		38.673512, 52.376511, 48.948704>
	pigment { color rgbt <0,1,1,0> }
	no_shadow
}
cylinder {
	<39.013672, 53.158031, 49.105320>,  <38.795650, 52.793449, 48.399845>, 0.130000
	pigment { color rgbt <1,0,0,0> }
	no_shadow
}

// nucleotide -1

// particle -1
sphere {
	<39.013672, 53.158031, 49.105320> 0.250000
	pigment { color rgbt <1,0,0,0> }
	no_shadow
}
cylinder {
	<39.039253, 52.759293, 49.086559>,  <39.054600, 52.520050, 49.075302>, 0.100000
	pigment { color rgbt <1,0,0,0> }
	no_shadow
}
cylinder {
	<39.039253, 52.759293, 49.086559>,  <39.013672, 53.158031, 49.105320>, 0.100000
	pigment { color rgbt <1,0,0,0> }
	no_shadow
}

// particle -1
sphere {
	<39.039253, 52.759293, 49.086559> 0.100000
	pigment { color rgbt <1,0,0,0> }
	no_shadow
}
sphere {
	0, 1
	scale<0.080000,0.200000,0.300000>
	matrix <0.979629, 0.053741, 0.193494,
		-0.190364, -0.058322, 0.979980,
		0.063950, -0.996850, -0.046904,
		39.058437, 52.460236, 49.072487>
	pigment { color rgbt <0,1,1,0> }
	no_shadow
}
cylinder {
	<39.384789, 53.024971, 49.717785>,  <39.013672, 53.158031, 49.105320>, 0.130000
	pigment { color rgbt <1,0,0,0> }
	no_shadow
}

// nucleotide -1

// particle -1
sphere {
	<39.384789, 53.024971, 49.717785> 0.250000
	pigment { color rgbt <1,0,0,0> }
	no_shadow
}
cylinder {
	<39.443611, 52.753830, 49.429649>,  <39.478905, 52.591145, 49.256767>, 0.100000
	pigment { color rgbt <1,0,0,0> }
	no_shadow
}
cylinder {
	<39.443611, 52.753830, 49.429649>,  <39.384789, 53.024971, 49.717785>, 0.100000
	pigment { color rgbt <1,0,0,0> }
	no_shadow
}

// particle -1
sphere {
	<39.443611, 52.753830, 49.429649> 0.100000
	pigment { color rgbt <1,0,0,0> }
	no_shadow
}
sphere {
	0, 1
	scale<0.080000,0.200000,0.300000>
	matrix <0.955759, -0.090183, 0.279986,
		-0.254751, -0.729646, 0.634601,
		0.147061, -0.677853, -0.720340,
		39.487728, 52.550476, 49.213547>
	pigment { color rgbt <0,1,1,0> }
	no_shadow
}
cylinder {
	<39.501011, 52.397274, 49.997211>,  <39.384789, 53.024971, 49.717785>, 0.130000
	pigment { color rgbt <1,0,0,0> }
	no_shadow
}

// nucleotide -1

// particle -1
sphere {
	<39.501011, 52.397274, 49.997211> 0.250000
	pigment { color rgbt <1,0,0,0> }
	no_shadow
}
cylinder {
	<39.672455, 52.414707, 49.636238>,  <39.775322, 52.425167, 49.419655>, 0.100000
	pigment { color rgbt <1,0,0,0> }
	no_shadow
}
cylinder {
	<39.672455, 52.414707, 49.636238>,  <39.501011, 52.397274, 49.997211>, 0.100000
	pigment { color rgbt <1,0,0,0> }
	no_shadow
}

// particle -1
sphere {
	<39.672455, 52.414707, 49.636238> 0.100000
	pigment { color rgbt <1,0,0,0> }
	no_shadow
}
sphere {
	0, 1
	scale<0.080000,0.200000,0.300000>
	matrix <0.903406, -0.034107, 0.427428,
		-0.012150, -0.998467, -0.053992,
		0.428614, 0.043583, -0.902436,
		39.801041, 52.427784, 49.365509>
	pigment { color rgbt <0,1,1,0> }
	no_shadow
}
cylinder {
	<40.051044, 51.916477, 49.973751>,  <39.501011, 52.397274, 49.997211>, 0.130000
	pigment { color rgbt <1,0,0,0> }
	no_shadow
}

// nucleotide -1

// particle -1
sphere {
	<40.051044, 51.916477, 49.973751> 0.250000
	pigment { color rgbt <1,0,0,0> }
	no_shadow
}
cylinder {
	<40.118584, 52.229691, 49.734299>,  <40.159107, 52.417618, 49.590630>, 0.100000
	pigment { color rgbt <1,0,0,0> }
	no_shadow
}
cylinder {
	<40.118584, 52.229691, 49.734299>,  <40.051044, 51.916477, 49.973751>, 0.100000
	pigment { color rgbt <1,0,0,0> }
	no_shadow
}

// particle -1
sphere {
	<40.118584, 52.229691, 49.734299> 0.100000
	pigment { color rgbt <1,0,0,0> }
	no_shadow
}
sphere {
	0, 1
	scale<0.080000,0.200000,0.300000>
	matrix <0.944434, 0.045251, 0.325572,
		0.282021, -0.620334, -0.731881,
		0.168845, 0.783031, -0.598626,
		40.169235, 52.464600, 49.554710>
	pigment { color rgbt <0,1,1,0> }
	no_shadow
}
cylinder {
	<40.768101, 51.877884, 49.726440>,  <40.051044, 51.916477, 49.973751>, 0.130000
	pigment { color rgbt <1,0,0,0> }
	no_shadow
}

// nucleotide -1

// particle -1
sphere {
	<40.768101, 51.877884, 49.726440> 0.250000
	pigment { color rgbt <1,0,0,0> }
	no_shadow
}
cylinder {
	<40.627033, 52.247917, 49.670097>,  <40.542393, 52.469936, 49.636292>, 0.100000
	pigment { color rgbt <1,0,0,0> }
	no_shadow
}
cylinder {
	<40.627033, 52.247917, 49.670097>,  <40.768101, 51.877884, 49.726440>, 0.100000
	pigment { color rgbt <1,0,0,0> }
	no_shadow
}

// particle -1
sphere {
	<40.627033, 52.247917, 49.670097> 0.100000
	pigment { color rgbt <1,0,0,0> }
	no_shadow
}
sphere {
	0, 1
	scale<0.080000,0.200000,0.300000>
	matrix <0.814420, 0.377573, 0.440634,
		0.460808, 0.040681, -0.886567,
		-0.352669, 0.925086, -0.140857,
		40.521233, 52.525444, 49.627842>
	pigment { color rgbt <0,1,1,0> }
	no_shadow
}
cylinder {
	<41.207233, 52.314339, 49.513630>,  <40.768101, 51.877884, 49.726440>, 0.130000
	pigment { color rgbt <1,0,0,0> }
	no_shadow
}

// nucleotide -1

// particle -1
sphere {
	<41.207233, 52.314339, 49.513630> 0.250000
	pigment { color rgbt <1,0,0,0> }
	no_shadow
}
cylinder {
	<40.983109, 52.510475, 49.780647>,  <40.848633, 52.628159, 49.940857>, 0.100000
	pigment { color rgbt <1,0,0,0> }
	no_shadow
}
cylinder {
	<40.983109, 52.510475, 49.780647>,  <41.207233, 52.314339, 49.513630>, 0.100000
	pigment { color rgbt <1,0,0,0> }
	no_shadow
}

// particle -1
sphere {
	<40.983109, 52.510475, 49.780647> 0.100000
	pigment { color rgbt <1,0,0,0> }
	no_shadow
}
sphere {
	0, 1
	scale<0.080000,0.200000,0.300000>
	matrix <0.826213, 0.387774, 0.408660,
		-0.058473, 0.780510, -0.622402,
		-0.560315, 0.490341, 0.667542,
		40.815014, 52.657578, 49.980911>
	pigment { color rgbt <0,1,1,0> }
	no_shadow
}
cylinder {
	<41.508957, 53.076275, 49.571350>,  <41.207233, 52.314339, 49.513630>, 0.130000
	pigment { color rgbt <1,0,0,0> }
	no_shadow
}

// nucleotide -1

// particle -1
sphere {
	<41.508957, 53.076275, 49.571350> 0.250000
	pigment { color rgbt <1,0,0,0> }
	no_shadow
}
cylinder {
	<41.279125, 53.007191, 49.891357>,  <41.141224, 52.965740, 50.083363>, 0.100000
	pigment { color rgbt <1,0,0,0> }
	no_shadow
}
cylinder {
	<41.279125, 53.007191, 49.891357>,  <41.508957, 53.076275, 49.571350>, 0.100000
	pigment { color rgbt <1,0,0,0> }
	no_shadow
}

// particle -1
sphere {
	<41.279125, 53.007191, 49.891357> 0.100000
	pigment { color rgbt <1,0,0,0> }
	no_shadow
}
sphere {
	0, 1
	scale<0.080000,0.200000,0.300000>
	matrix <0.686181, 0.431133, 0.585901,
		-0.446104, 0.885605, -0.129211,
		-0.574584, -0.172711, 0.800015,
		41.106750, 52.955376, 50.131363>
	pigment { color rgbt <0,1,1,0> }
	no_shadow
}
cylinder {
	<41.325207, 53.674488, 50.034851>,  <41.508957, 53.076275, 49.571350>, 0.130000
	pigment { color rgbt <1,0,0,0> }
	no_shadow
}

// nucleotide -1

// particle -1
sphere {
	<41.325207, 53.674488, 50.034851> 0.250000
	pigment { color rgbt <1,0,0,0> }
	no_shadow
}
cylinder {
	<41.654057, 53.471298, 50.137665>,  <41.851368, 53.349384, 50.199352>, 0.100000
	pigment { color rgbt <1,0,0,0> }
	no_shadow
}
cylinder {
	<41.654057, 53.471298, 50.137665>,  <41.325207, 53.674488, 50.034851>, 0.100000
	pigment { color rgbt <1,0,0,0> }
	no_shadow
}

// particle -1
sphere {
	<41.654057, 53.471298, 50.137665> 0.100000
	pigment { color rgbt <1,0,0,0> }
	no_shadow
}
sphere {
	0, 1
	scale<0.080000,0.200000,0.300000>
	matrix <0.515397, 0.855875, 0.042950,
		-0.241809, 0.097166, 0.965447,
		0.822128, -0.507974, 0.257037,
		41.900696, 53.318905, 50.214775>
	pigment { color rgbt <0,1,1,0> }
	no_shadow
}
cylinder {
	<41.629551, 54.040718, 50.580650>,  <41.325207, 53.674488, 50.034851>, 0.130000
	pigment { color rgbt <1,0,0,0> }
	no_shadow
}

// nucleotide -1

// particle -1
sphere {
	<41.629551, 54.040718, 50.580650> 0.250000
	pigment { color rgbt <1,0,0,0> }
	no_shadow
}
cylinder {
	<41.919537, 53.824490, 50.409904>,  <42.093529, 53.694752, 50.307457>, 0.100000
	pigment { color rgbt <1,0,0,0> }
	no_shadow
}
cylinder {
	<41.919537, 53.824490, 50.409904>,  <41.629551, 54.040718, 50.580650>, 0.100000
	pigment { color rgbt <1,0,0,0> }
	no_shadow
}

// particle -1
sphere {
	<41.919537, 53.824490, 50.409904> 0.100000
	pigment { color rgbt <1,0,0,0> }
	no_shadow
}
sphere {
	0, 1
	scale<0.080000,0.200000,0.300000>
	matrix <0.664128, 0.712933, 0.225078,
		0.182656, -0.446666, 0.875857,
		0.724962, -0.540570, -0.426865,
		42.137024, 53.662319, 50.281845>
	pigment { color rgbt <0,1,1,0> }
	no_shadow
}
cylinder {
	<42.094936, 53.896950, 51.029148>,  <41.629551, 54.040718, 50.580650>, 0.130000
	pigment { color rgbt <1,0,0,0> }
	no_shadow
}

// nucleotide -1

// particle -1
sphere {
	<42.094936, 53.896950, 51.029148> 0.250000
	pigment { color rgbt <1,0,0,0> }
	no_shadow
}
cylinder {
	<42.279236, 53.923119, 50.675102>,  <42.389816, 53.938820, 50.462673>, 0.100000
	pigment { color rgbt <1,0,0,0> }
	no_shadow
}
cylinder {
	<42.279236, 53.923119, 50.675102>,  <42.094936, 53.896950, 51.029148>, 0.100000
	pigment { color rgbt <1,0,0,0> }
	no_shadow
}

// particle -1
sphere {
	<42.279236, 53.923119, 50.675102> 0.100000
	pigment { color rgbt <1,0,0,0> }
	no_shadow
}
sphere {
	0, 1
	scale<0.080000,0.200000,0.300000>
	matrix <0.709973, 0.571279, 0.411800,
		0.532589, -0.818145, 0.216769,
		0.460748, 0.065420, -0.885117,
		42.417461, 53.942745, 50.409569>
	pigment { color rgbt <0,1,1,0> }
	no_shadow
}
cylinder {
	<42.801212, 53.654865, 51.045780>,  <42.094936, 53.896950, 51.029148>, 0.130000
	pigment { color rgbt <1,0,0,0> }
	no_shadow
}

// nucleotide -1

// particle -1
sphere {
	<42.801212, 53.654865, 51.045780> 0.250000
	pigment { color rgbt <1,0,0,0> }
	no_shadow
}
cylinder {
	<42.761707, 53.950420, 50.779160>,  <42.738007, 54.127754, 50.619186>, 0.100000
	pigment { color rgbt <1,0,0,0> }
	no_shadow
}
cylinder {
	<42.761707, 53.950420, 50.779160>,  <42.801212, 53.654865, 51.045780>, 0.100000
	pigment { color rgbt <1,0,0,0> }
	no_shadow
}

// particle -1
sphere {
	<42.761707, 53.950420, 50.779160> 0.100000
	pigment { color rgbt <1,0,0,0> }
	no_shadow
}
sphere {
	0, 1
	scale<0.080000,0.200000,0.300000>
	matrix <0.858460, 0.402027, 0.318464,
		0.503281, -0.540755, -0.674012,
		-0.098760, 0.738890, -0.666549,
		42.732079, 54.172089, 50.579193>
	pigment { color rgbt <0,1,1,0> }
	no_shadow
}
cylinder {
	<43.455624, 53.662445, 50.700550>,  <42.801212, 53.654865, 51.045780>, 0.130000
	pigment { color rgbt <1,0,0,0> }
	no_shadow
}

// nucleotide -1

// particle -1
sphere {
	<43.455624, 53.662445, 50.700550> 0.250000
	pigment { color rgbt <1,0,0,0> }
	no_shadow
}
cylinder {
	<43.289104, 54.025990, 50.710838>,  <43.189194, 54.244118, 50.717010>, 0.100000
	pigment { color rgbt <1,0,0,0> }
	no_shadow
}
cylinder {
	<43.289104, 54.025990, 50.710838>,  <43.455624, 53.662445, 50.700550>, 0.100000
	pigment { color rgbt <1,0,0,0> }
	no_shadow
}

// particle -1
sphere {
	<43.289104, 54.025990, 50.710838> 0.100000
	pigment { color rgbt <1,0,0,0> }
	no_shadow
}
sphere {
	0, 1
	scale<0.080000,0.200000,0.300000>
	matrix <0.908542, 0.414723, 0.050556,
		0.035283, 0.044413, -0.998390,
		-0.416301, 0.908863, 0.025718,
		43.164215, 54.298649, 50.718555>
	pigment { color rgbt <0,1,1,0> }
	no_shadow
}
cylinder {
	<43.664612, 54.141171, 50.069576>,  <43.455624, 53.662445, 50.700550>, 0.130000
	pigment { color rgbt <1,0,0,0> }
	no_shadow
}

// nucleotide -1

// particle -1
sphere {
	<43.664612, 54.141171, 50.069576> 0.250000
	pigment { color rgbt <1,0,0,0> }
	no_shadow
}
cylinder {
	<43.630486, 54.288109, 50.440041>,  <43.610012, 54.376270, 50.662319>, 0.100000
	pigment { color rgbt <1,0,0,0> }
	no_shadow
}
cylinder {
	<43.630486, 54.288109, 50.440041>,  <43.664612, 54.141171, 50.069576>, 0.100000
	pigment { color rgbt <1,0,0,0> }
	no_shadow
}

// particle -1
sphere {
	<43.630486, 54.288109, 50.440041> 0.100000
	pigment { color rgbt <1,0,0,0> }
	no_shadow
}
sphere {
	0, 1
	scale<0.080000,0.200000,0.300000>
	matrix <0.916222, 0.394160, -0.071941,
		-0.391484, 0.842434, -0.370197,
		-0.085311, 0.367346, 0.926163,
		43.604893, 54.398312, 50.717888>
	pigment { color rgbt <0,1,1,0> }
	no_shadow
}
cylinder {
	<43.985821, 54.771347, 50.013489>,  <43.664612, 54.141171, 50.069576>, 0.130000
	pigment { color rgbt <1,0,0,0> }
	no_shadow
}

// nucleotide -1

// particle -1
sphere {
	<43.985821, 54.771347, 50.013489> 0.250000
	pigment { color rgbt <1,0,0,0> }
	no_shadow
}
cylinder {
	<43.974014, 54.670162, 50.400299>,  <43.966930, 54.609451, 50.632385>, 0.100000
	pigment { color rgbt <1,0,0,0> }
	no_shadow
}
cylinder {
	<43.974014, 54.670162, 50.400299>,  <43.985821, 54.771347, 50.013489>, 0.100000
	pigment { color rgbt <1,0,0,0> }
	no_shadow
}

// particle -1
sphere {
	<43.974014, 54.670162, 50.400299> 0.100000
	pigment { color rgbt <1,0,0,0> }
	no_shadow
}
sphere {
	0, 1
	scale<0.080000,0.200000,0.300000>
	matrix <0.885651, 0.441902, 0.142633,
		-0.463412, 0.860657, 0.210994,
		-0.029519, -0.252965, 0.967025,
		43.965160, 54.594273, 50.690407>
	pigment { color rgbt <0,1,1,0> }
	no_shadow
}
cylinder {
	<44.117268, 55.367920, 50.348625>,  <43.985821, 54.771347, 50.013489>, 0.130000
	pigment { color rgbt <1,0,0,0> }
	no_shadow
}

// nucleotide -1

// particle -1
sphere {
	<44.117268, 55.367920, 50.348625> 0.250000
	pigment { color rgbt <1,0,0,0> }
	no_shadow
}
cylinder {
	<44.225052, 55.038818, 50.548813>,  <44.289722, 54.841358, 50.668926>, 0.100000
	pigment { color rgbt <1,0,0,0> }
	no_shadow
}
cylinder {
	<44.225052, 55.038818, 50.548813>,  <44.117268, 55.367920, 50.348625>, 0.100000
	pigment { color rgbt <1,0,0,0> }
	no_shadow
}

// particle -1
sphere {
	<44.225052, 55.038818, 50.548813> 0.100000
	pigment { color rgbt <1,0,0,0> }
	no_shadow
}
sphere {
	0, 1
	scale<0.080000,0.200000,0.300000>
	matrix <0.940654, 0.336202, 0.046235,
		-0.206300, 0.458312, 0.864517,
		0.269462, -0.822750, 0.500472,
		44.305889, 54.791992, 50.698956>
	pigment { color rgbt <0,1,1,0> }
	no_shadow
}
cylinder {
	<44.513500, 55.683559, 50.997864>,  <44.117268, 55.367920, 50.348625>, 0.130000
	pigment { color rgbt <1,0,0,0> }
	no_shadow
}

// nucleotide -1

// particle -1
sphere {
	<44.513500, 55.683559, 50.997864> 0.250000
	pigment { color rgbt <1,0,0,0> }
	no_shadow
}
cylinder {
	<44.599518, 55.307655, 50.891571>,  <44.651127, 55.082115, 50.827797>, 0.100000
	pigment { color rgbt <1,0,0,0> }
	no_shadow
}
cylinder {
	<44.599518, 55.307655, 50.891571>,  <44.513500, 55.683559, 50.997864>, 0.100000
	pigment { color rgbt <1,0,0,0> }
	no_shadow
}

// particle -1
sphere {
	<44.599518, 55.307655, 50.891571> 0.100000
	pigment { color rgbt <1,0,0,0> }
	no_shadow
}
sphere {
	0, 1
	scale<0.080000,0.200000,0.300000>
	matrix <0.959765, 0.153049, 0.235429,
		-0.180576, -0.305667, 0.934858,
		0.215042, -0.939757, -0.265732,
		44.664032, 55.025726, 50.811852>
	pigment { color rgbt <0,1,1,0> }
	no_shadow
}
cylinder {
	<44.913296, 55.331409, 51.433895>,  <44.513500, 55.683559, 50.997864>, 0.130000
	pigment { color rgbt <1,0,0,0> }
	no_shadow
}

// nucleotide -1

// particle -1
sphere {
	<44.913296, 55.331409, 51.433895> 0.250000
	pigment { color rgbt <1,0,0,0> }
	no_shadow
}
cylinder {
	<44.995380, 55.173111, 51.075840>,  <45.044632, 55.078133, 50.861008>, 0.100000
	pigment { color rgbt <1,0,0,0> }
	no_shadow
}
cylinder {
	<44.995380, 55.173111, 51.075840>,  <44.913296, 55.331409, 51.433895>, 0.100000
	pigment { color rgbt <1,0,0,0> }
	no_shadow
}

// particle -1
sphere {
	<44.995380, 55.173111, 51.075840> 0.100000
	pigment { color rgbt <1,0,0,0> }
	no_shadow
}
sphere {
	0, 1
	scale<0.080000,0.200000,0.300000>
	matrix <0.977774, 0.123048, 0.169760,
		0.042964, -0.910081, 0.412198,
		0.205215, -0.395742, -0.895140,
		45.056946, 55.054390, 50.807297>
	pigment { color rgbt <0,1,1,0> }
	no_shadow
}
cylinder {
	<45.351379, 54.704742, 51.391270>,  <44.913296, 55.331409, 51.433895>, 0.130000
	pigment { color rgbt <1,0,0,0> }
	no_shadow
}

// nucleotide -1

// particle -1
sphere {
	<45.351379, 54.704742, 51.391270> 0.250000
	pigment { color rgbt <1,0,0,0> }
	no_shadow
}
cylinder {
	<45.430187, 54.899536, 51.050911>,  <45.477470, 55.016411, 50.846695>, 0.100000
	pigment { color rgbt <1,0,0,0> }
	no_shadow
}
cylinder {
	<45.430187, 54.899536, 51.050911>,  <45.351379, 54.704742, 51.391270>, 0.100000
	pigment { color rgbt <1,0,0,0> }
	no_shadow
}

// particle -1
sphere {
	<45.430187, 54.899536, 51.050911> 0.100000
	pigment { color rgbt <1,0,0,0> }
	no_shadow
}
sphere {
	0, 1
	scale<0.080000,0.200000,0.300000>
	matrix <0.958994, 0.084644, 0.270491,
		0.203749, -0.869300, -0.450338,
		0.197019, 0.486984, -0.850900,
		45.489292, 55.045631, 50.795643>
	pigment { color rgbt <0,1,1,0> }
	no_shadow
}
cylinder {
	<45.884708, 54.297081, 50.897942>,  <45.351379, 54.704742, 51.391270>, 0.130000
	pigment { color rgbt <1,0,0,0> }
	no_shadow
}

// nucleotide -1

// particle -1
sphere {
	<45.884708, 54.297081, 50.897942> 0.250000
	pigment { color rgbt <1,0,0,0> }
	no_shadow
}
cylinder {
	<45.893120, 54.696835, 50.886765>,  <45.898167, 54.936687, 50.880058>, 0.100000
	pigment { color rgbt <1,0,0,0> }
	no_shadow
}
cylinder {
	<45.893120, 54.696835, 50.886765>,  <45.884708, 54.297081, 50.897942>, 0.100000
	pigment { color rgbt <1,0,0,0> }
	no_shadow
}

// particle -1
sphere {
	<45.893120, 54.696835, 50.886765> 0.100000
	pigment { color rgbt <1,0,0,0> }
	no_shadow
}
sphere {
	0, 1
	scale<0.080000,0.200000,0.300000>
	matrix <0.992530, -0.017509, 0.120740,
		0.120177, -0.030274, -0.992291,
		0.021030, 0.999388, -0.027943,
		45.899429, 54.996651, 50.878380>
	pigment { color rgbt <0,1,1,0> }
	no_shadow
}
cylinder {
	<46.385124, 54.526058, 50.377712>,  <45.884708, 54.297081, 50.897942>, 0.130000
	pigment { color rgbt <1,0,0,0> }
	no_shadow
}

// nucleotide -1

// particle -1
sphere {
	<46.385124, 54.526058, 50.377712> 0.250000
	pigment { color rgbt <1,0,0,0> }
	no_shadow
}
cylinder {
	<46.337990, 54.765488, 50.694653>,  <46.309708, 54.909145, 50.884815>, 0.100000
	pigment { color rgbt <1,0,0,0> }
	no_shadow
}
cylinder {
	<46.337990, 54.765488, 50.694653>,  <46.385124, 54.526058, 50.377712>, 0.100000
	pigment { color rgbt <1,0,0,0> }
	no_shadow
}

// particle -1
sphere {
	<46.337990, 54.765488, 50.694653> 0.100000
	pigment { color rgbt <1,0,0,0> }
	no_shadow
}
sphere {
	0, 1
	scale<0.080000,0.200000,0.300000>
	matrix <0.990441, 0.013229, 0.137301,
		0.071704, 0.800955, -0.594415,
		-0.117836, 0.598578, 0.792350,
		46.302639, 54.945061, 50.932358>
	pigment { color rgbt <0,1,1,0> }
	no_shadow
}
cylinder {
	<46.870361, 55.120766, 50.174553>,  <46.385124, 54.526058, 50.377712>, 0.130000
	pigment { color rgbt <1,0,0,0> }
	no_shadow
}

// nucleotide -1

// particle -1
sphere {
	<46.870361, 55.120766, 50.174553> 0.250000
	pigment { color rgbt <1,0,0,0> }
	no_shadow
}
cylinder {
	<46.816883, 55.096130, 50.570194>,  <46.784794, 55.081348, 50.807579>, 0.100000
	pigment { color rgbt <1,0,0,0> }
	no_shadow
}
cylinder {
	<46.816883, 55.096130, 50.570194>,  <46.870361, 55.120766, 50.174553>, 0.100000
	pigment { color rgbt <1,0,0,0> }
	no_shadow
}

// particle -1
sphere {
	<46.816883, 55.096130, 50.570194> 0.100000
	pigment { color rgbt <1,0,0,0> }
	no_shadow
}
sphere {
	0, 1
	scale<0.080000,0.200000,0.300000>
	matrix <0.938508, 0.312712, 0.146333,
		-0.318319, 0.947849, 0.015995,
		-0.133700, -0.061592, 0.989106,
		46.776772, 55.077652, 50.866924>
	pigment { color rgbt <0,1,1,0> }
	no_shadow
}
cylinder {
	<46.990341, 55.808517, 50.612217>,  <46.870361, 55.120766, 50.174553>, 0.130000
	pigment { color rgbt <1,0,0,0> }
	no_shadow
}

// nucleotide -1

// particle -1
sphere {
	<46.990341, 55.808517, 50.612217> 0.250000
	pigment { color rgbt <1,0,0,0> }
	no_shadow
}
cylinder {
	<47.088242, 55.470398, 50.802193>,  <47.146984, 55.267525, 50.916176>, 0.100000
	pigment { color rgbt <1,0,0,0> }
	no_shadow
}
cylinder {
	<47.088242, 55.470398, 50.802193>,  <46.990341, 55.808517, 50.612217>, 0.100000
	pigment { color rgbt <1,0,0,0> }
	no_shadow
}

// particle -1
sphere {
	<47.088242, 55.470398, 50.802193> 0.100000
	pigment { color rgbt <1,0,0,0> }
	no_shadow
}
sphere {
	0, 1
	scale<0.080000,0.200000,0.300000>
	matrix <0.900120, 0.380162, 0.212744,
		-0.360386, 0.375431, 0.853917,
		0.244756, -0.845298, 0.474938,
		47.161667, 55.216808, 50.944675>
	pigment { color rgbt <0,1,1,0> }
	no_shadow
}
cylinder {
	<47.057381, 56.039425, 51.307186>,  <46.990341, 55.808517, 50.612217>, 0.130000
	pigment { color rgbt <1,0,0,0> }
	no_shadow
}

// nucleotide -1

// particle -1
sphere {
	<47.057381, 56.039425, 51.307186> 0.250000
	pigment { color rgbt <1,0,0,0> }
	no_shadow
}
cylinder {
	<47.261803, 55.724037, 51.170288>,  <47.384457, 55.534805, 51.088150>, 0.100000
	pigment { color rgbt <1,0,0,0> }
	no_shadow
}
cylinder {
	<47.261803, 55.724037, 51.170288>,  <47.057381, 56.039425, 51.307186>, 0.100000
	pigment { color rgbt <1,0,0,0> }
	no_shadow
}

// particle -1
sphere {
	<47.261803, 55.724037, 51.170288> 0.100000
	pigment { color rgbt <1,0,0,0> }
	no_shadow
}
sphere {
	0, 1
	scale<0.080000,0.200000,0.300000>
	matrix <0.859033, 0.482308, 0.171585,
		0.029779, -0.381691, 0.923810,
		0.511054, -0.788473, -0.342248,
		47.415119, 55.487495, 51.067616>
	pigment { color rgbt <0,1,1,0> }
	no_shadow
}
cylinder {
	<47.512405, 55.819202, 51.848171>,  <47.057381, 56.039425, 51.307186>, 0.130000
	pigment { color rgbt <1,0,0,0> }
	no_shadow
}

// nucleotide -1

// particle -1
sphere {
	<47.512405, 55.819202, 51.848171> 0.250000
	pigment { color rgbt <1,0,0,0> }
	no_shadow
}
cylinder {
	<47.660248, 55.734051, 51.486382>,  <47.748955, 55.682961, 51.269310>, 0.100000
	pigment { color rgbt <1,0,0,0> }
	no_shadow
}
cylinder {
	<47.660248, 55.734051, 51.486382>,  <47.512405, 55.819202, 51.848171>, 0.100000
	pigment { color rgbt <1,0,0,0> }
	no_shadow
}

// particle -1
sphere {
	<47.660248, 55.734051, 51.486382> 0.100000
	pigment { color rgbt <1,0,0,0> }
	no_shadow
}
sphere {
	0, 1
	scale<0.080000,0.200000,0.300000>
	matrix <0.884334, 0.379366, 0.272092,
		0.285203, -0.900424, 0.328474,
		0.369611, -0.212880, -0.904472,
		47.771130, 55.670185, 51.215038>
	pigment { color rgbt <0,1,1,0> }
	no_shadow
}
cylinder {
	<48.037022, 55.259327, 51.885586>,  <47.512405, 55.819202, 51.848171>, 0.130000
	pigment { color rgbt <1,0,0,0> }
	no_shadow
}

// nucleotide -1

// particle -1
sphere {
	<48.037022, 55.259327, 51.885586> 0.250000
	pigment { color rgbt <1,0,0,0> }
	no_shadow
}
cylinder {
	<48.109825, 55.569248, 51.643410>,  <48.153507, 55.755199, 51.498104>, 0.100000
	pigment { color rgbt <1,0,0,0> }
	no_shadow
}
cylinder {
	<48.109825, 55.569248, 51.643410>,  <48.037022, 55.259327, 51.885586>, 0.100000
	pigment { color rgbt <1,0,0,0> }
	no_shadow
}

// particle -1
sphere {
	<48.109825, 55.569248, 51.643410> 0.100000
	pigment { color rgbt <1,0,0,0> }
	no_shadow
}
sphere {
	0, 1
	scale<0.080000,0.200000,0.300000>
	matrix <0.917550, 0.087538, 0.387866,
		0.353518, -0.626113, -0.694987,
		0.182010, 0.774803, -0.605436,
		48.164429, 55.801689, 51.461781>
	pigment { color rgbt <0,1,1,0> }
	no_shadow
}
cylinder {
	<48.643349, 55.140106, 51.436432>,  <48.037022, 55.259327, 51.885586>, 0.130000
	pigment { color rgbt <1,0,0,0> }
	no_shadow
}

// nucleotide -1

// particle -1
sphere {
	<48.643349, 55.140106, 51.436432> 0.250000
	pigment { color rgbt <1,0,0,0> }
	no_shadow
}
cylinder {
	<48.592632, 55.535156, 51.473373>,  <48.562202, 55.772186, 51.495537>, 0.100000
	pigment { color rgbt <1,0,0,0> }
	no_shadow
}
cylinder {
	<48.592632, 55.535156, 51.473373>,  <48.643349, 55.140106, 51.436432>, 0.100000
	pigment { color rgbt <1,0,0,0> }
	no_shadow
}

// particle -1
sphere {
	<48.592632, 55.535156, 51.473373> 0.100000
	pigment { color rgbt <1,0,0,0> }
	no_shadow
}
sphere {
	0, 1
	scale<0.080000,0.200000,0.300000>
	matrix <0.947486, 0.093029, 0.305966,
		0.293587, 0.126295, -0.947553,
		-0.126792, 0.987621, 0.092351,
		48.554596, 55.831444, 51.501080>
	pigment { color rgbt <0,1,1,0> }
	no_shadow
}
cylinder {
	<49.021358, 55.478691, 50.891197>,  <48.643349, 55.140106, 51.436432>, 0.130000
	pigment { color rgbt <1,0,0,0> }
	no_shadow
}

// nucleotide -1

// particle -1
sphere {
	<49.021358, 55.478691, 50.891197> 0.250000
	pigment { color rgbt <1,0,0,0> }
	no_shadow
}
cylinder {
	<48.968460, 55.693871, 51.224213>,  <48.936722, 55.822979, 51.424023>, 0.100000
	pigment { color rgbt <1,0,0,0> }
	no_shadow
}
cylinder {
	<48.968460, 55.693871, 51.224213>,  <49.021358, 55.478691, 50.891197>, 0.100000
	pigment { color rgbt <1,0,0,0> }
	no_shadow
}

// particle -1
sphere {
	<48.968460, 55.693871, 51.224213> 0.100000
	pigment { color rgbt <1,0,0,0> }
	no_shadow
}
sphere {
	0, 1
	scale<0.080000,0.200000,0.300000>
	matrix <0.979145, 0.201587, 0.025273,
		-0.154234, 0.818520, -0.553386,
		-0.132242, 0.537947, 0.832541,
		48.928787, 55.855255, 51.473976>
	pigment { color rgbt <0,1,1,0> }
	no_shadow
}
cylinder {
	<49.245735, 56.220982, 50.806084>,  <49.021358, 55.478691, 50.891197>, 0.130000
	pigment { color rgbt <1,0,0,0> }
	no_shadow
}

// nucleotide -1

// particle -1
sphere {
	<49.245735, 56.220982, 50.806084> 0.250000
	pigment { color rgbt <1,0,0,0> }
	no_shadow
}
cylinder {
	<49.302349, 56.096615, 51.182018>,  <49.336315, 56.021996, 51.407581>, 0.100000
	pigment { color rgbt <1,0,0,0> }
	no_shadow
}
cylinder {
	<49.302349, 56.096615, 51.182018>,  <49.245735, 56.220982, 50.806084>, 0.100000
	pigment { color rgbt <1,0,0,0> }
	no_shadow
}

// particle -1
sphere {
	<49.302349, 56.096615, 51.182018> 0.100000
	pigment { color rgbt <1,0,0,0> }
	no_shadow
}
sphere {
	0, 1
	scale<0.080000,0.200000,0.300000>
	matrix <0.902770, 0.430076, 0.006330,
		-0.406171, 0.847563, 0.341560,
		0.141532, -0.310921, 0.939839,
		49.344810, 56.003338, 51.463970>
	pigment { color rgbt <0,1,1,0> }
	no_shadow
}
cylinder {
	<49.479370, 56.802547, 51.224800>,  <49.245735, 56.220982, 50.806084>, 0.130000
	pigment { color rgbt <1,0,0,0> }
	no_shadow
}

// nucleotide -1

// particle -1
sphere {
	<49.479370, 56.802547, 51.224800> 0.250000
	pigment { color rgbt <1,0,0,0> }
	no_shadow
}
cylinder {
	<49.616776, 56.467445, 51.394585>,  <49.699219, 56.266384, 51.496456>, 0.100000
	pigment { color rgbt <1,0,0,0> }
	no_shadow
}
cylinder {
	<49.616776, 56.467445, 51.394585>,  <49.479370, 56.802547, 51.224800>, 0.100000
	pigment { color rgbt <1,0,0,0> }
	no_shadow
}

// particle -1
sphere {
	<49.616776, 56.467445, 51.394585> 0.100000
	pigment { color rgbt <1,0,0,0> }
	no_shadow
}
sphere {
	0, 1
	scale<0.080000,0.200000,0.300000>
	matrix <0.921497, 0.387880, 0.019800,
		-0.181227, 0.384336, 0.905231,
		0.343511, -0.837756, 0.424459,
		49.719830, 56.216118, 51.521923>
	pigment { color rgbt <0,1,1,0> }
	no_shadow
}
cylinder {
	<49.701675, 56.905190, 51.848087>,  <49.479370, 56.802547, 51.224800>, 0.130000
	pigment { color rgbt <1,0,0,0> }
	no_shadow
}

// nucleotide -1

// particle -1
sphere {
	<49.701675, 56.905190, 51.848087> 0.250000
	pigment { color rgbt <1,0,0,0> }
	no_shadow
}
cylinder {
	<49.929806, 56.596283, 51.736134>,  <50.066685, 56.410938, 51.668961>, 0.100000
	pigment { color rgbt <1,0,0,0> }
	no_shadow
}
cylinder {
	<49.929806, 56.596283, 51.736134>,  <49.701675, 56.905190, 51.848087>, 0.100000
	pigment { color rgbt <1,0,0,0> }
	no_shadow
}

// particle -1
sphere {
	<49.929806, 56.596283, 51.736134> 0.100000
	pigment { color rgbt <1,0,0,0> }
	no_shadow
}
sphere {
	0, 1
	scale<0.080000,0.200000,0.300000>
	matrix <0.820608, 0.550799, 0.152395,
		0.036472, -0.316591, 0.947861,
		0.570327, -0.772263, -0.279886,
		50.100903, 56.364605, 51.652168>
	pigment { color rgbt <0,1,1,0> }
	no_shadow
}
cylinder {
	<50.159031, 56.618423, 52.411835>,  <49.701675, 56.905190, 51.848087>, 0.130000
	pigment { color rgbt <1,0,0,0> }
	no_shadow
}

// nucleotide -1

// particle -1
sphere {
	<50.159031, 56.618423, 52.411835> 0.250000
	pigment { color rgbt <1,0,0,0> }
	no_shadow
}
cylinder {
	<50.327972, 56.551483, 52.055496>,  <50.429337, 56.511318, 51.841694>, 0.100000
	pigment { color rgbt <1,0,0,0> }
	no_shadow
}
cylinder {
	<50.327972, 56.551483, 52.055496>,  <50.159031, 56.618423, 52.411835>, 0.100000
	pigment { color rgbt <1,0,0,0> }
	no_shadow
}

// particle -1
sphere {
	<50.327972, 56.551483, 52.055496> 0.100000
	pigment { color rgbt <1,0,0,0> }
	no_shadow
}
sphere {
	0, 1
	scale<0.080000,0.200000,0.300000>
	matrix <0.817228, 0.495463, 0.294373,
		0.392118, -0.852355, 0.346027,
		0.422354, -0.167354, -0.890848,
		50.454678, 56.501278, 51.788242>
	pigment { color rgbt <0,1,1,0> }
	no_shadow
}
cylinder {
	<50.842709, 56.535042, 52.593391>,  <50.159031, 56.618423, 52.411835>, 0.130000
	pigment { color rgbt <1,0,0,0> }
	no_shadow
}

// nucleotide -1

// particle -1
sphere {
	<50.842709, 56.535042, 52.593391> 0.250000
	pigment { color rgbt <1,0,0,0> }
	no_shadow
}
cylinder {
	<50.831779, 56.625637, 52.203941>,  <50.825222, 56.679996, 51.970272>, 0.100000
	pigment { color rgbt <1,0,0,0> }
	no_shadow
}
cylinder {
	<50.831779, 56.625637, 52.203941>,  <50.842709, 56.535042, 52.593391>, 0.100000
	pigment { color rgbt <1,0,0,0> }
	no_shadow
}

// particle -1
sphere {
	<50.831779, 56.625637, 52.203941> 0.100000
	pigment { color rgbt <1,0,0,0> }
	no_shadow
}
sphere {
	0, 1
	scale<0.080000,0.200000,0.300000>
	matrix <0.739504, 0.659931, 0.132762,
		0.672597, -0.716375, -0.185526,
		-0.027327, 0.226492, -0.973629,
		50.823582, 56.693584, 51.911854>
	pigment { color rgbt <0,1,1,0> }
	no_shadow
}
cylinder {
	<51.414692, 56.360840, 52.323132>,  <50.842709, 56.535042, 52.593391>, 0.130000
	pigment { color rgbt <1,0,0,0> }
	no_shadow
}

// nucleotide -1

// particle -1
sphere {
	<51.414692, 56.360840, 52.323132> 0.250000
	pigment { color rgbt <1,0,0,0> }
	no_shadow
}
cylinder {
	<51.278824, 56.666626, 52.103966>,  <51.197304, 56.850098, 51.972466>, 0.100000
	pigment { color rgbt <1,0,0,0> }
	no_shadow
}
cylinder {
	<51.278824, 56.666626, 52.103966>,  <51.414692, 56.360840, 52.323132>, 0.100000
	pigment { color rgbt <1,0,0,0> }
	no_shadow
}

// particle -1
sphere {
	<51.278824, 56.666626, 52.103966> 0.100000
	pigment { color rgbt <1,0,0,0> }
	no_shadow
}
sphere {
	0, 1
	scale<0.080000,0.200000,0.300000>
	matrix <0.925340, 0.375942, -0.049121,
		0.168433, -0.523695, -0.835089,
		-0.339669, 0.764468, -0.547917,
		51.176922, 56.895966, 51.939590>
	pigment { color rgbt <0,1,1,0> }
	no_shadow
}
cylinder {
	<51.781628, 56.452469, 51.537132>,  <51.414692, 56.360840, 52.323132>, 0.130000
	pigment { color rgbt <1,0,0,0> }
	no_shadow
}

// nucleotide -1

// particle -1
sphere {
	<51.781628, 56.452469, 51.537132> 0.250000
	pigment { color rgbt <1,0,0,0> }
	no_shadow
}
cylinder {
	<51.649490, 56.784897, 51.716103>,  <51.570210, 56.984352, 51.823486>, 0.100000
	pigment { color rgbt <1,0,0,0> }
	no_shadow
}
cylinder {
	<51.649490, 56.784897, 51.716103>,  <51.781628, 56.452469, 51.537132>, 0.100000
	pigment { color rgbt <1,0,0,0> }
	no_shadow
}

// particle -1
sphere {
	<51.649490, 56.784897, 51.716103> 0.100000
	pigment { color rgbt <1,0,0,0> }
	no_shadow
}
sphere {
	0, 1
	scale<0.080000,0.200000,0.300000>
	matrix <0.898540, 0.422029, -0.120485,
		-0.288960, 0.362231, -0.886166,
		-0.330345, 0.831071, 0.447429,
		51.550388, 57.034218, 51.850330>
	pigment { color rgbt <0,1,1,0> }
	no_shadow
}
cylinder {
	<51.792629, 57.151909, 51.171410>,  <51.781628, 56.452469, 51.537132>, 0.130000
	pigment { color rgbt <1,0,0,0> }
	no_shadow
}

// nucleotide -1

// particle -1
sphere {
	<51.792629, 57.151909, 51.171410> 0.250000
	pigment { color rgbt <1,0,0,0> }
	no_shadow
}
cylinder {
	<51.867107, 57.147823, 51.564392>,  <51.911793, 57.145370, 51.800182>, 0.100000
	pigment { color rgbt <1,0,0,0> }
	no_shadow
}
cylinder {
	<51.867107, 57.147823, 51.564392>,  <51.792629, 57.151909, 51.171410>, 0.100000
	pigment { color rgbt <1,0,0,0> }
	no_shadow
}

// particle -1
sphere {
	<51.867107, 57.147823, 51.564392> 0.100000
	pigment { color rgbt <1,0,0,0> }
	no_shadow
}
sphere {
	0, 1
	scale<0.080000,0.200000,0.300000>
	matrix <0.967373, 0.176770, -0.181496,
		-0.171815, 0.984199, 0.042797,
		0.186194, -0.010217, 0.982460,
		51.922966, 57.144756, 51.859131>
	pigment { color rgbt <0,1,1,0> }
	no_shadow
}
cylinder {
	<52.294270, 57.649826, 51.372875>,  <51.792629, 57.151909, 51.171410>, 0.130000
	pigment { color rgbt <1,0,0,0> }
	no_shadow
}

// nucleotide -1

// particle -1
sphere {
	<52.294270, 57.649826, 51.372875> 0.250000
	pigment { color rgbt <1,0,0,0> }
	no_shadow
}
cylinder {
	<52.332310, 57.399303, 51.682377>,  <52.355133, 57.248989, 51.868076>, 0.100000
	pigment { color rgbt <1,0,0,0> }
	no_shadow
}
cylinder {
	<52.332310, 57.399303, 51.682377>,  <52.294270, 57.649826, 51.372875>, 0.100000
	pigment { color rgbt <1,0,0,0> }
	no_shadow
}

// particle -1
sphere {
	<52.332310, 57.399303, 51.682377> 0.100000
	pigment { color rgbt <1,0,0,0> }
	no_shadow
}
sphere {
	0, 1
	scale<0.080000,0.200000,0.300000>
	matrix <0.975817, 0.212329, 0.051927,
		-0.196812, 0.750101, 0.631358,
		0.095105, -0.626310, 0.773751,
		52.360840, 57.211411, 51.914501>
	pigment { color rgbt <0,1,1,0> }
	no_shadow
}
cylinder {
	<52.620308, 58.102547, 51.911118>,  <52.294270, 57.649826, 51.372875>, 0.130000
	pigment { color rgbt <1,0,0,0> }
	no_shadow
}

// nucleotide -1

// particle -1
sphere {
	<52.620308, 58.102547, 51.911118> 0.250000
	pigment { color rgbt <1,0,0,0> }
	no_shadow
}
cylinder {
	<52.669003, 57.708084, 51.956169>,  <52.698219, 57.471409, 51.983200>, 0.100000
	pigment { color rgbt <1,0,0,0> }
	no_shadow
}
cylinder {
	<52.669003, 57.708084, 51.956169>,  <52.620308, 58.102547, 51.911118>, 0.100000
	pigment { color rgbt <1,0,0,0> }
	no_shadow
}

// particle -1
sphere {
	<52.669003, 57.708084, 51.956169> 0.100000
	pigment { color rgbt <1,0,0,0> }
	no_shadow
}
sphere {
	0, 1
	scale<0.080000,0.200000,0.300000>
	matrix <0.980863, 0.136894, 0.138447,
		-0.151948, 0.093618, 0.983945,
		0.121735, -0.986152, 0.112627,
