// switches for output
#declare DRAW_BASES = 1; // possible values are 0, 1; only relevant for DNA ribbons
#declare DRAW_BASES_TYPE = 3; // possible values are 1, 2, 3; only relevant for DNA ribbons
#declare DRAW_FOG = 0; // set to 1 to enable fog

#include "colors.inc"

#include "transforms.inc"
background { rgb <1, 1, 1>}

#default {
   normal{
       ripples 0.25
       frequency 0.20
       turbulence 0.2
       lambda 5
   }
	finish {
		phong 0.1
		phong_size 40.
	}
}

// original window dimensions: 1024x640


// camera settings

camera {
	sky <-0, 1, 0>
	up <-0, 1, 0>
	right 1.6 * <0.99995, 0, 0.00999983>
	location <54.4867, 55, 106.329>
	look_at <55, 55, 55.0001>
	direction <0.513302, 0, -51.3289>
	angle 67.0682
}


# declare cpy_camera_pos = <54.4867, 55, 106.329>;
# if (DRAW_FOG = 1)
fog {
	fog_type 2
	up vnormalize(cpy_camera_pos)
	color rgbt<1,1,1,0.3>
	distance 1e-5
	fog_alt 3e-3
	fog_offset 88
}
# end


// LIGHTS

# declare lum = 6;
global_settings {
	ambient_light rgb lum * <0.05, 0.05, 0.05>
	max_trace_level 15
}# declare cpy_direct_light_amount = 0.25;
light_source
{	1000 * <-0.98995, -1, 1.00995>,
	rgb lum * cpy_direct_light_amount
	parallel
}

light_source
{	1000 * <0.98995, 1, -1.00995>,
	rgb lum * cpy_direct_light_amount
	parallel
}

// strand 0

// nucleotide -1

// particle -1
sphere {
	<36.160801, 53.690205, 50.062092> 0.250000
	pigment { color rgbt <1,0,0,0> }
	no_shadow
}
cylinder {
	<35.966282, 53.345024, 50.007202>,  <35.849571, 53.137917, 49.974270>, 0.100000
	pigment { color rgbt <1,0,0,0> }
	no_shadow
}
cylinder {
	<35.966282, 53.345024, 50.007202>,  <36.160801, 53.690205, 50.062092>, 0.100000
	pigment { color rgbt <1,0,0,0> }
	no_shadow
}

// particle -1
sphere {
	<35.966282, 53.345024, 50.007202> 0.100000
	pigment { color rgbt <1,0,0,0> }
	no_shadow
}
sphere {
	0, 1
	scale<0.080000,0.200000,0.300000>
	matrix <0.516319, -0.410475, 0.751615,
		-0.704935, 0.294655, 0.645171,
		-0.486293, -0.862954, -0.137222,
		35.820393, 53.086140, 49.966034>
	pigment { color rgbt <0,1,1,0> }
	no_shadow
}
cylinder {
	<36.581512, 54.405586, 49.837364>,  <36.160801, 53.690205, 50.062092>, 0.130000
	pigment { color rgbt <1,0,0,0> }
	no_shadow
}

// nucleotide -1

// particle -1
sphere {
	<36.581512, 54.405586, 49.837364> 0.250000
	pigment { color rgbt <1,0,0,0> }
	no_shadow
}
cylinder {
	<36.584785, 54.693489, 49.559692>,  <36.586750, 54.866230, 49.393089>, 0.100000
	pigment { color rgbt <1,0,0,0> }
	no_shadow
}
cylinder {
	<36.584785, 54.693489, 49.559692>,  <36.581512, 54.405586, 49.837364>, 0.100000
	pigment { color rgbt <1,0,0,0> }
	no_shadow
}

// particle -1
sphere {
	<36.584785, 54.693489, 49.559692> 0.100000
	pigment { color rgbt <1,0,0,0> }
	no_shadow
}
sphere {
	0, 1
	scale<0.080000,0.200000,0.300000>
	matrix <0.425508, 0.625713, 0.653778,
		0.904918, -0.300728, -0.301142,
		0.008181, 0.719754, -0.694181,
		36.587238, 54.909416, 49.351437>
	pigment { color rgbt <0,1,1,0> }
	no_shadow
}
cylinder {
	<37.237492, 54.646065, 49.796051>,  <36.581512, 54.405586, 49.837364>, 0.130000
	pigment { color rgbt <1,0,0,0> }
	no_shadow
}

// nucleotide -1

// particle -1
sphere {
	<37.237492, 54.646065, 49.796051> 0.250000
	pigment { color rgbt <1,0,0,0> }
	no_shadow
}
cylinder {
	<37.000652, 54.944889, 49.675171>,  <36.858551, 55.124184, 49.602642>, 0.100000
	pigment { color rgbt <1,0,0,0> }
	no_shadow
}
cylinder {
	<37.000652, 54.944889, 49.675171>,  <37.237492, 54.646065, 49.796051>, 0.100000
	pigment { color rgbt <1,0,0,0> }
	no_shadow
}

// particle -1
sphere {
	<37.000652, 54.944889, 49.675171> 0.100000
	pigment { color rgbt <1,0,0,0> }
	no_shadow
}
sphere {
	0, 1
	scale<0.080000,0.200000,0.300000>
	matrix <0.385736, 0.591984, 0.707646,
		0.707552, 0.302423, -0.638679,
		-0.592096, 0.747057, -0.302204,
		36.823025, 55.169006, 49.584511>
	pigment { color rgbt <0,1,1,0> }
	no_shadow
}
cylinder {
	<37.719685, 55.205257, 49.691277>,  <37.237492, 54.646065, 49.796051>, 0.130000
	pigment { color rgbt <1,0,0,0> }
	no_shadow
}

// nucleotide -1

// particle -1
sphere {
	<37.719685, 55.205257, 49.691277> 0.250000
	pigment { color rgbt <1,0,0,0> }
	no_shadow
}
cylinder {
	<37.339054, 55.311878, 49.752537>,  <37.110676, 55.375851, 49.789291>, 0.100000
	pigment { color rgbt <1,0,0,0> }
	no_shadow
}
cylinder {
	<37.339054, 55.311878, 49.752537>,  <37.719685, 55.205257, 49.691277>, 0.100000
	pigment { color rgbt <1,0,0,0> }
	no_shadow
}

// particle -1
sphere {
	<37.339054, 55.311878, 49.752537> 0.100000
	pigment { color rgbt <1,0,0,0> }
	no_shadow
}
sphere {
	0, 1
	scale<0.080000,0.200000,0.300000>
	matrix <0.274758, 0.513958, 0.812623,
		0.137895, 0.815350, -0.562307,
		-0.951574, 0.266554, 0.153152,
		37.053581, 55.391846, 49.798481>
	pigment { color rgbt <0,1,1,0> }
	no_shadow
}
cylinder {
	<37.593105, 55.960011, 49.579899>,  <37.719685, 55.205257, 49.691277>, 0.130000
	pigment { color rgbt <1,0,0,0> }
	no_shadow
}

// nucleotide -1

// particle -1
sphere {
	<37.593105, 55.960011, 49.579899> 0.250000
	pigment { color rgbt <1,0,0,0> }
	no_shadow
}
cylinder {
	<37.378330, 55.772686, 49.860580>,  <37.249466, 55.660290, 50.028988>, 0.100000
	pigment { color rgbt <1,0,0,0> }
	no_shadow
}
cylinder {
	<37.378330, 55.772686, 49.860580>,  <37.593105, 55.960011, 49.579899>, 0.100000
	pigment { color rgbt <1,0,0,0> }
	no_shadow
}

// particle -1
sphere {
	<37.378330, 55.772686, 49.860580> 0.100000
	pigment { color rgbt <1,0,0,0> }
	no_shadow
}
sphere {
	0, 1
	scale<0.080000,0.200000,0.300000>
	matrix <0.443859, 0.550517, 0.707050,
		-0.717419, 0.691096, -0.087727,
		-0.536935, -0.468313, 0.701701,
		37.217251, 55.632191, 50.071091>
	pigment { color rgbt <0,1,1,0> }
	no_shadow
}
cylinder {
	<37.323250, 56.497192, 50.131332>,  <37.593105, 55.960011, 49.579899>, 0.130000
	pigment { color rgbt <1,0,0,0> }
	no_shadow
}

// nucleotide -1

// particle -1
sphere {
	<37.323250, 56.497192, 50.131332> 0.250000
	pigment { color rgbt <1,0,0,0> }
	no_shadow
}
cylinder {
	<37.355412, 56.131432, 50.290028>,  <37.374706, 55.911976, 50.385246>, 0.100000
	pigment { color rgbt <1,0,0,0> }
	no_shadow
}
cylinder {
	<37.355412, 56.131432, 50.290028>,  <37.323250, 56.497192, 50.131332>, 0.100000
	pigment { color rgbt <1,0,0,0> }
	no_shadow
}

// particle -1
sphere {
	<37.355412, 56.131432, 50.290028> 0.100000
	pigment { color rgbt <1,0,0,0> }
	no_shadow
}
sphere {
	0, 1
	scale<0.080000,0.200000,0.300000>
	matrix <0.668284, 0.344768, 0.659191,
		-0.739549, 0.212133, 0.638801,
		0.080402, -0.914404, 0.396738,
		37.379532, 55.857109, 50.409050>
	pigment { color rgbt <0,1,1,0> }
	no_shadow
}
cylinder {
	<37.195583, 56.563591, 50.954662>,  <37.323250, 56.497192, 50.131332>, 0.130000
	pigment { color rgbt <1,0,0,0> }
	no_shadow
}

// nucleotide -1

// particle -1
sphere {
	<37.195583, 56.563591, 50.954662> 0.250000
	pigment { color rgbt <1,0,0,0> }
	no_shadow
}
cylinder {
	<37.415386, 56.282661, 50.773651>,  <37.547268, 56.114101, 50.665047>, 0.100000
	pigment { color rgbt <1,0,0,0> }
	no_shadow
}
cylinder {
	<37.415386, 56.282661, 50.773651>,  <37.195583, 56.563591, 50.954662>, 0.100000
	pigment { color rgbt <1,0,0,0> }
	no_shadow
}

// particle -1
sphere {
	<37.415386, 56.282661, 50.773651> 0.100000
	pigment { color rgbt <1,0,0,0> }
	no_shadow
}
sphere {
	0, 1
	scale<0.080000,0.200000,0.300000>
	matrix <0.806639, 0.304876, 0.506344,
		-0.217655, -0.643263, 0.734056,
		0.549508, -0.702327, -0.452523,
		37.580238, 56.071964, 50.637894>
	pigment { color rgbt <0,1,1,0> }
	no_shadow
}
cylinder {
	<37.545395, 56.230232, 51.415760>,  <37.195583, 56.563591, 50.954662>, 0.130000
	pigment { color rgbt <1,0,0,0> }
	no_shadow
}

// nucleotide -1

// particle -1
sphere {
	<37.545395, 56.230232, 51.415760> 0.250000
	pigment { color rgbt <1,0,0,0> }
	no_shadow
}
cylinder {
	<37.728439, 56.245960, 51.060448>,  <37.838264, 56.255398, 50.847260>, 0.100000
	pigment { color rgbt <1,0,0,0> }
	no_shadow
}
cylinder {
	<37.728439, 56.245960, 51.060448>,  <37.545395, 56.230232, 51.415760>, 0.100000
	pigment { color rgbt <1,0,0,0> }
	no_shadow
}

// particle -1
sphere {
	<37.728439, 56.245960, 51.060448> 0.100000
	pigment { color rgbt <1,0,0,0> }
	no_shadow
}
sphere {
	0, 1
	scale<0.080000,0.200000,0.300000>
	matrix <0.777956, 0.466052, 0.421403,
		0.430555, -0.883883, 0.182682,
		0.457611, 0.039319, -0.888283,
		37.865723, 56.257755, 50.793964>
	pigment { color rgbt <0,1,1,0> }
	no_shadow
}
cylinder {
	<38.154667, 55.925941, 51.505169>,  <37.545395, 56.230232, 51.415760>, 0.130000
	pigment { color rgbt <1,0,0,0> }
	no_shadow
}

// nucleotide -1

// particle -1
sphere {
	<38.154667, 55.925941, 51.505169> 0.250000
	pigment { color rgbt <1,0,0,0> }
	no_shadow
}
cylinder {
	<38.181824, 56.198048, 51.213242>,  <38.198120, 56.361309, 51.038086>, 0.100000
	pigment { color rgbt <1,0,0,0> }
	no_shadow
}
cylinder {
	<38.181824, 56.198048, 51.213242>,  <38.154667, 55.925941, 51.505169>, 0.100000
	pigment { color rgbt <1,0,0,0> }
	no_shadow
}

// particle -1
sphere {
	<38.181824, 56.198048, 51.213242> 0.100000
	pigment { color rgbt <1,0,0,0> }
	no_shadow
}
sphere {
	0, 1
	scale<0.080000,0.200000,0.300000>
	matrix <0.697155, 0.490934, 0.522454,
		0.713698, -0.544269, -0.440916,
		0.067895, 0.680261, -0.729819,
		38.202194, 56.402126, 50.994297>
	pigment { color rgbt <0,1,1,0> }
	no_shadow
}
cylinder {
	<38.814735, 56.105629, 51.571880>,  <38.154667, 55.925941, 51.505169>, 0.130000
	pigment { color rgbt <1,0,0,0> }
	no_shadow
}

// nucleotide -1

// particle -1
sphere {
	<38.814735, 56.105629, 51.571880> 0.250000
	pigment { color rgbt <1,0,0,0> }
	no_shadow
}
cylinder {
	<38.645046, 56.419743, 51.391499>,  <38.543232, 56.608212, 51.283272>, 0.100000
	pigment { color rgbt <1,0,0,0> }
	no_shadow
}
cylinder {
	<38.645046, 56.419743, 51.391499>,  <38.814735, 56.105629, 51.571880>, 0.100000
	pigment { color rgbt <1,0,0,0> }
	no_shadow
}

// particle -1
sphere {
	<38.645046, 56.419743, 51.391499> 0.100000
	pigment { color rgbt <1,0,0,0> }
	no_shadow
}
sphere {
	0, 1
	scale<0.080000,0.200000,0.300000>
	matrix <0.468255, 0.616468, 0.633012,
		0.775093, 0.057380, -0.629237,
		-0.424226, 0.785286, -0.450952,
		38.517776, 56.655327, 51.256214>
	pigment { color rgbt <0,1,1,0> }
	no_shadow
}
cylinder {
	<39.411243, 56.598526, 51.543262>,  <38.814735, 56.105629, 51.571880>, 0.130000
	pigment { color rgbt <1,0,0,0> }
	no_shadow
}

// nucleotide -1

// particle -1
sphere {
	<39.411243, 56.598526, 51.543262> 0.250000
	pigment { color rgbt <1,0,0,0> }
	no_shadow
}
cylinder {
	<39.070263, 56.807594, 51.538406>,  <38.865677, 56.933037, 51.535492>, 0.100000
	pigment { color rgbt <1,0,0,0> }
	no_shadow
}
cylinder {
	<39.070263, 56.807594, 51.538406>,  <39.411243, 56.598526, 51.543262>, 0.100000
	pigment { color rgbt <1,0,0,0> }
	no_shadow
}

// particle -1
sphere {
	<39.070263, 56.807594, 51.538406> 0.100000
	pigment { color rgbt <1,0,0,0> }
	no_shadow
}
sphere {
	0, 1
	scale<0.080000,0.200000,0.300000>
	matrix <0.414245, 0.689420, 0.594224,
		0.318955, 0.501515, -0.804208,
		-0.852449, 0.522669, -0.012144,
		38.814529, 56.964394, 51.534763>
	pigment { color rgbt <0,1,1,0> }
	no_shadow
}
cylinder {
	<39.571552, 57.157257, 51.251259>,  <39.411243, 56.598526, 51.543262>, 0.130000
	pigment { color rgbt <1,0,0,0> }
	no_shadow
}

// nucleotide -1

// particle -1
sphere {
	<39.571552, 57.157257, 51.251259> 0.250000
	pigment { color rgbt <1,0,0,0> }
	no_shadow
}
cylinder {
	<39.284084, 57.209316, 51.524487>,  <39.111603, 57.240551, 51.688423>, 0.100000
	pigment { color rgbt <1,0,0,0> }
	no_shadow
}
cylinder {
	<39.284084, 57.209316, 51.524487>,  <39.571552, 57.157257, 51.251259>, 0.100000
	pigment { color rgbt <1,0,0,0> }
	no_shadow
}

// particle -1
sphere {
	<39.284084, 57.209316, 51.524487> 0.100000
	pigment { color rgbt <1,0,0,0> }
	no_shadow
}
sphere {
	0, 1
	scale<0.080000,0.200000,0.300000>
	matrix <0.520572, 0.751954, 0.404438,
		-0.460998, 0.646242, -0.608155,
		-0.718669, 0.130143, 0.683065,
		39.068485, 57.248360, 51.729404>
	pigment { color rgbt <0,1,1,0> }
	no_shadow
}
cylinder {
	<39.432667, 57.901802, 51.222656>,  <39.571552, 57.157257, 51.251259>, 0.130000
	pigment { color rgbt <1,0,0,0> }
	no_shadow
}

// nucleotide -1

// particle -1
sphere {
	<39.432667, 57.901802, 51.222656> 0.250000
	pigment { color rgbt <1,0,0,0> }
	no_shadow
}
cylinder {
	<39.309685, 57.773849, 51.581131>,  <39.235893, 57.697079, 51.796215>, 0.100000
	pigment { color rgbt <1,0,0,0> }
	no_shadow
}
cylinder {
	<39.309685, 57.773849, 51.581131>,  <39.432667, 57.901802, 51.222656>, 0.100000
	pigment { color rgbt <1,0,0,0> }
	no_shadow
}

// particle -1
sphere {
	<39.309685, 57.773849, 51.581131> 0.100000
	pigment { color rgbt <1,0,0,0> }
	no_shadow
}
sphere {
	0, 1
	scale<0.080000,0.200000,0.300000>
	matrix <0.714453, 0.544465, 0.439448,
		-0.628512, 0.775393, 0.061139,
		-0.307457, -0.319879, 0.896185,
		39.217449, 57.677887, 51.849987>
	pigment { color rgbt <0,1,1,0> }
	no_shadow
}
cylinder {
	<39.361794, 58.487274, 51.665035>,  <39.432667, 57.901802, 51.222656>, 0.130000
	pigment { color rgbt <1,0,0,0> }
	no_shadow
}

// nucleotide -1

// particle -1
sphere {
	<39.361794, 58.487274, 51.665035> 0.250000
	pigment { color rgbt <1,0,0,0> }
	no_shadow
}
cylinder {
	<39.461147, 58.160137, 51.872665>,  <39.520760, 57.963856, 51.997246>, 0.100000
	pigment { color rgbt <1,0,0,0> }
	no_shadow
}
cylinder {
	<39.461147, 58.160137, 51.872665>,  <39.361794, 58.487274, 51.665035>, 0.100000
	pigment { color rgbt <1,0,0,0> }
	no_shadow
}

// particle -1
sphere {
	<39.461147, 58.160137, 51.872665> 0.100000
	pigment { color rgbt <1,0,0,0> }
	no_shadow
}
sphere {
	0, 1
	scale<0.080000,0.200000,0.300000>
	matrix <0.851119, 0.440119, 0.286166,
		-0.462495, 0.370719, 0.805398,
		0.248385, -0.817840, 0.519079,
		39.535664, 57.914783, 52.028389>
	pigment { color rgbt <0,1,1,0> }
	no_shadow
}
cylinder {
	<39.602028, 58.687691, 52.411972>,  <39.361794, 58.487274, 51.665035>, 0.130000
	pigment { color rgbt <1,0,0,0> }
	no_shadow
}

// nucleotide -1

// particle -1
sphere {
	<39.602028, 58.687691, 52.411972> 0.250000
	pigment { color rgbt <1,0,0,0> }
	no_shadow
}
cylinder {
	<39.782822, 58.359879, 52.271072>,  <39.891296, 58.163193, 52.186531>, 0.100000
	pigment { color rgbt <1,0,0,0> }
	no_shadow
}
cylinder {
	<39.782822, 58.359879, 52.271072>,  <39.602028, 58.687691, 52.411972>, 0.100000
	pigment { color rgbt <1,0,0,0> }
	no_shadow
}

// particle -1
sphere {
	<39.782822, 58.359879, 52.271072> 0.100000
	pigment { color rgbt <1,0,0,0> }
	no_shadow
}
sphere {
	0, 1
	scale<0.080000,0.200000,0.300000>
	matrix <0.883842, 0.358069, 0.301016,
		-0.120562, -0.447389, 0.886176,
		0.451983, -0.819530, -0.352252,
		39.918415, 58.114021, 52.165398>
	pigment { color rgbt <0,1,1,0> }
	no_shadow
}
cylinder {
	<40.058910, 58.291729, 52.880745>,  <39.602028, 58.687691, 52.411972>, 0.130000
	pigment { color rgbt <1,0,0,0> }
	no_shadow
}

// nucleotide -1

// particle -1
sphere {
	<40.058910, 58.291729, 52.880745> 0.250000
	pigment { color rgbt <1,0,0,0> }
	no_shadow
}
cylinder {
	<40.190826, 58.260880, 52.504387>,  <40.269978, 58.242371, 52.278572>, 0.100000
	pigment { color rgbt <1,0,0,0> }
	no_shadow
}
cylinder {
	<40.190826, 58.260880, 52.504387>,  <40.058910, 58.291729, 52.880745>, 0.100000
	pigment { color rgbt <1,0,0,0> }
	no_shadow
}

// particle -1
sphere {
	<40.190826, 58.260880, 52.504387> 0.100000
	pigment { color rgbt <1,0,0,0> }
	no_shadow
}
sphere {
	0, 1
	scale<0.080000,0.200000,0.300000>
	matrix <0.877194, 0.393430, 0.275214,
		0.348954, -0.916114, 0.197398,
		0.329789, -0.077119, -0.940899,
		40.289764, 58.237743, 52.222118>
	pigment { color rgbt <0,1,1,0> }
	no_shadow
}
cylinder {
	<40.682652, 57.859383, 52.827942>,  <40.058910, 58.291729, 52.880745>, 0.130000
	pigment { color rgbt <1,0,0,0> }
	no_shadow
}

// nucleotide -1

// particle -1
sphere {
	<40.682652, 57.859383, 52.827942> 0.250000
	pigment { color rgbt <1,0,0,0> }
	no_shadow
}
cylinder {
	<40.660065, 58.161591, 52.566868>,  <40.646511, 58.342915, 52.410225>, 0.100000
	pigment { color rgbt <1,0,0,0> }
	no_shadow
}
cylinder {
	<40.660065, 58.161591, 52.566868>,  <40.682652, 57.859383, 52.827942>, 0.100000
	pigment { color rgbt <1,0,0,0> }
	no_shadow
}

// particle -1
sphere {
	<40.660065, 58.161591, 52.566868> 0.100000
	pigment { color rgbt <1,0,0,0> }
	no_shadow
}
sphere {
	0, 1
	scale<0.080000,0.200000,0.300000>
	matrix <0.843802, 0.385549, 0.373295,
		0.533675, -0.529656, -0.659284,
		-0.056468, 0.755524, -0.652683,
		40.643124, 58.388248, 52.371063>
	pigment { color rgbt <0,1,1,0> }
	no_shadow
}
cylinder {
	<41.438126, 57.957417, 52.569572>,  <40.682652, 57.859383, 52.827942>, 0.130000
	pigment { color rgbt <1,0,0,0> }
	no_shadow
}

// nucleotide -1

// particle -1
sphere {
	<41.438126, 57.957417, 52.569572> 0.250000
	pigment { color rgbt <1,0,0,0> }
	no_shadow
}
cylinder {
	<41.236019, 58.301804, 52.546082>,  <41.114758, 58.508434, 52.531986>, 0.100000
	pigment { color rgbt <1,0,0,0> }
	no_shadow
}
cylinder {
	<41.236019, 58.301804, 52.546082>,  <41.438126, 57.957417, 52.569572>, 0.100000
	pigment { color rgbt <1,0,0,0> }
	no_shadow
}

// particle -1
sphere {
	<41.236019, 58.301804, 52.546082> 0.100000
	pigment { color rgbt <1,0,0,0> }
	no_shadow
}
sphere {
	0, 1
	scale<0.080000,0.200000,0.300000>
	matrix <0.827832, 0.502787, 0.248796,
		0.243731, 0.077093, -0.966774,
		-0.505262, 0.860966, -0.058724,
		41.084442, 58.560093, 52.528465>
	pigment { color rgbt <0,1,1,0> }
	no_shadow
}
cylinder {
	<41.717667, 58.497761, 52.075665>,  <41.438126, 57.957417, 52.569572>, 0.130000
	pigment { color rgbt <1,0,0,0> }
	no_shadow
}

// nucleotide -1

// particle -1
sphere {
	<41.717667, 58.497761, 52.075665> 0.250000
	pigment { color rgbt <1,0,0,0> }
	no_shadow
}
cylinder {
	<41.545353, 58.601044, 52.421555>,  <41.441963, 58.663013, 52.629089>, 0.100000
	pigment { color rgbt <1,0,0,0> }
	no_shadow
}
cylinder {
	<41.545353, 58.601044, 52.421555>,  <41.717667, 58.497761, 52.075665>, 0.100000
	pigment { color rgbt <1,0,0,0> }
	no_shadow
}

// particle -1
sphere {
	<41.545353, 58.601044, 52.421555> 0.100000
	pigment { color rgbt <1,0,0,0> }
	no_shadow
}
sphere {
	0, 1
	scale<0.080000,0.200000,0.300000>
	matrix <0.901229, 0.173026, 0.397301,
		-0.047036, 0.950469, -0.307239,
		-0.430783, 0.258205, 0.864729,
		41.416119, 58.678505, 52.680973>
	pigment { color rgbt <0,1,1,0> }
	no_shadow
}
cylinder {
	<42.191479, 59.022655, 52.278259>,  <41.717667, 58.497761, 52.075665>, 0.130000
	pigment { color rgbt <1,0,0,0> }
	no_shadow
}

// nucleotide -1

// particle -1
sphere {
	<42.191479, 59.022655, 52.278259> 0.250000
	pigment { color rgbt <1,0,0,0> }
	no_shadow
}
cylinder {
	<41.977859, 58.855759, 52.572388>,  <41.849689, 58.755619, 52.748867>, 0.100000
	pigment { color rgbt <1,0,0,0> }
	no_shadow
}
cylinder {
	<41.977859, 58.855759, 52.572388>,  <42.191479, 59.022655, 52.278259>, 0.100000
	pigment { color rgbt <1,0,0,0> }
	no_shadow
}

// particle -1
sphere {
	<41.977859, 58.855759, 52.572388> 0.100000
	pigment { color rgbt <1,0,0,0> }
	no_shadow
}
sphere {
	0, 1
	scale<0.080000,0.200000,0.300000>
	matrix <0.791329, 0.059511, 0.608487,
		-0.297649, 0.906843, 0.298398,
		-0.534044, -0.417246, 0.735324,
		41.817646, 58.730583, 52.792984>
	pigment { color rgbt <0,1,1,0> }
	no_shadow
}
cylinder {
	<42.232403, 59.399826, 52.950695>,  <42.191479, 59.022655, 52.278259>, 0.130000
	pigment { color rgbt <1,0,0,0> }
	no_shadow
}

// nucleotide -1

// particle -1
sphere {
	<42.232403, 59.399826, 52.950695> 0.250000
	pigment { color rgbt <1,0,0,0> }
	no_shadow
}
cylinder {
	<42.169888, 59.019997, 53.059422>,  <42.132378, 58.792099, 53.124657>, 0.100000
	pigment { color rgbt <1,0,0,0> }
	no_shadow
}
cylinder {
	<42.169888, 59.019997, 53.059422>,  <42.232403, 59.399826, 52.950695>, 0.100000
	pigment { color rgbt <1,0,0,0> }
	no_shadow
}

// particle -1
sphere {
	<42.169888, 59.019997, 53.059422> 0.100000
	pigment { color rgbt <1,0,0,0> }
	no_shadow
}
sphere {
	0, 1
	scale<0.080000,0.200000,0.300000>
	matrix <0.844981, 0.013959, 0.534614,
		-0.511449, 0.313239, 0.800188,
		-0.156292, -0.949572, 0.271821,
		42.123001, 58.735126, 53.140968>
	pigment { color rgbt <0,1,1,0> }
	no_shadow
}
cylinder {
	<42.958878, 59.360283, 53.333622>,  <42.232403, 59.399826, 52.950695>, 0.130000
	pigment { color rgbt <1,0,0,0> }
	no_shadow
}

// nucleotide -1

// particle -1
sphere {
	<42.958878, 59.360283, 53.333622> 0.250000
	pigment { color rgbt <1,0,0,0> }
	no_shadow
}
cylinder {
	<42.772373, 59.034744, 53.472340>,  <42.660473, 58.839420, 53.555569>, 0.100000
	pigment { color rgbt <1,0,0,0> }
	no_shadow
}
cylinder {
	<42.772373, 59.034744, 53.472340>,  <42.958878, 59.360283, 53.333622>, 0.100000
	pigment { color rgbt <1,0,0,0> }
	no_shadow
}

// particle -1
sphere {
	<42.772373, 59.034744, 53.472340> 0.100000
	pigment { color rgbt <1,0,0,0> }
	no_shadow
}
sphere {
	0, 1
	scale<0.080000,0.200000,0.300000>
	matrix <-0.022195, 0.402648, 0.915086,
		-0.884371, 0.418969, -0.205800,
		-0.466257, -0.813843, 0.346791,
		42.632496, 58.790592, 53.576378>
	pigment { color rgbt <0,1,1,0> }
	no_shadow
}
cylinder {
	<43.670734, 59.365257, 53.285812>,  <42.958878, 59.360283, 53.333622>, 0.130000
	pigment { color rgbt <1,0,0,0> }
	no_shadow
}

// nucleotide -1

// particle -1
sphere {
	<43.670734, 59.365257, 53.285812> 0.250000
	pigment { color rgbt <1,0,0,0> }
	no_shadow
}
cylinder {
	<43.543633, 59.633293, 53.554146>,  <43.467373, 59.794113, 53.715145>, 0.100000
	pigment { color rgbt <1,0,0,0> }
	no_shadow
}
cylinder {
	<43.543633, 59.633293, 53.554146>,  <43.670734, 59.365257, 53.285812>, 0.100000
	pigment { color rgbt <1,0,0,0> }
	no_shadow
}

// particle -1
sphere {
	<43.543633, 59.633293, 53.554146> 0.100000
	pigment { color rgbt <1,0,0,0> }
	no_shadow
}
sphere {
	0, 1
	scale<0.080000,0.200000,0.300000>
	matrix <0.792627, 0.576001, -0.199914,
		-0.520360, 0.468196, -0.714155,
		-0.317755, 0.670086, 0.670833,
		43.448307, 59.834320, 53.755394>
	pigment { color rgbt <0,1,1,0> }
	no_shadow
}
cylinder {
	<43.618530, 60.092052, 52.989517>,  <43.670734, 59.365257, 53.285812>, 0.130000
	pigment { color rgbt <1,0,0,0> }
	no_shadow
}

// nucleotide -1

// particle -1
sphere {
	<43.618530, 60.092052, 52.989517> 0.250000
	pigment { color rgbt <1,0,0,0> }
	no_shadow
}
cylinder {
	<43.687481, 60.104927, 53.383320>,  <43.728851, 60.112652, 53.619602>, 0.100000
	pigment { color rgbt <1,0,0,0> }
	no_shadow
}
cylinder {
	<43.687481, 60.104927, 53.383320>,  <43.618530, 60.092052, 52.989517>, 0.100000
	pigment { color rgbt <1,0,0,0> }
	no_shadow
}

// particle -1
sphere {
	<43.687481, 60.104927, 53.383320> 0.100000
	pigment { color rgbt <1,0,0,0> }
	no_shadow
}
sphere {
	0, 1
	scale<0.080000,0.200000,0.300000>
	matrix <0.856866, 0.488087, -0.165987,
		-0.485866, 0.872201, 0.056561,
		0.172381, 0.032182, 0.984505,
		43.739197, 60.114582, 53.678673>
	pigment { color rgbt <0,1,1,0> }
	no_shadow
}
cylinder {
	<43.902878, 60.734680, 53.056377>,  <43.618530, 60.092052, 52.989517>, 0.130000
	pigment { color rgbt <1,0,0,0> }
	no_shadow
}

// nucleotide -1

// particle -1
sphere {
	<43.902878, 60.734680, 53.056377> 0.250000
	pigment { color rgbt <1,0,0,0> }
	no_shadow
}
cylinder {
	<44.029160, 60.492020, 53.348217>,  <44.104931, 60.346424, 53.523319>, 0.100000
	pigment { color rgbt <1,0,0,0> }
	no_shadow
}
cylinder {
	<44.029160, 60.492020, 53.348217>,  <43.902878, 60.734680, 53.056377>, 0.100000
	pigment { color rgbt <1,0,0,0> }
	no_shadow
}

// particle -1
sphere {
	<44.029160, 60.492020, 53.348217> 0.100000
	pigment { color rgbt <1,0,0,0> }
	no_shadow
}
sphere {
	0, 1
	scale<0.080000,0.200000,0.300000>
	matrix <0.948447, 0.179168, -0.261434,
		0.027878, 0.774519, 0.631936,
		0.315708, -0.606646, 0.729595,
		44.123871, 60.310024, 53.567097>
	pigment { color rgbt <0,1,1,0> }
	no_shadow
}
cylinder {
	<44.468513, 60.978226, 53.378586>,  <43.902878, 60.734680, 53.056377>, 0.130000
	pigment { color rgbt <1,0,0,0> }
	no_shadow
}

// nucleotide -1

// particle -1
sphere {
	<44.468513, 60.978226, 53.378586> 0.250000
	pigment { color rgbt <1,0,0,0> }
	no_shadow
}
cylinder {
	<44.502628, 60.600967, 53.507088>,  <44.523098, 60.374615, 53.584190>, 0.100000
	pigment { color rgbt <1,0,0,0> }
	no_shadow
}
cylinder {
	<44.502628, 60.600967, 53.507088>,  <44.468513, 60.978226, 53.378586>, 0.100000
	pigment { color rgbt <1,0,0,0> }
	no_shadow
}

// particle -1
sphere {
	<44.502628, 60.600967, 53.507088> 0.100000
	pigment { color rgbt <1,0,0,0> }
	no_shadow
}
sphere {
	0, 1
	scale<0.080000,0.200000,0.300000>
	matrix <0.994785, 0.062505, -0.080605,
		0.055942, 0.326458, 0.943555,
		0.085291, -0.943143, 0.321258,
		44.528217, 60.318024, 53.603466>
	pigment { color rgbt <0,1,1,0> }
	no_shadow
}
cylinder {
	<44.988934, 61.020737, 53.889065>,  <44.468513, 60.978226, 53.378586>, 0.130000
	pigment { color rgbt <1,0,0,0> }
	no_shadow
}

// nucleotide -1

// particle -1
sphere {
	<44.988934, 61.020737, 53.889065> 0.250000
	pigment { color rgbt <1,0,0,0> }
	no_shadow
}
cylinder {
	<44.971188, 60.657730, 53.721996>,  <44.960541, 60.439926, 53.621754>, 0.100000
	pigment { color rgbt <1,0,0,0> }
	no_shadow
}
cylinder {
	<44.971188, 60.657730, 53.721996>,  <44.988934, 61.020737, 53.889065>, 0.100000
	pigment { color rgbt <1,0,0,0> }
	no_shadow
}

// particle -1
sphere {
	<44.971188, 60.657730, 53.721996> 0.100000
	pigment { color rgbt <1,0,0,0> }
	no_shadow
}
sphere {
	0, 1
	scale<0.080000,0.200000,0.300000>
	matrix <0.998431, -0.054584, 0.012553,
		-0.034191, -0.416459, 0.908511,
		-0.044362, -0.907514, -0.417672,
		44.957878, 60.385475, 53.596695>
	pigment { color rgbt <0,1,1,0> }
	no_shadow
}
cylinder {
	<45.513412, 60.597778, 54.304756>,  <44.988934, 61.020737, 53.889065>, 0.130000
	pigment { color rgbt <1,0,0,0> }
	no_shadow
}

// nucleotide -1

// particle -1
sphere {
	<45.513412, 60.597778, 54.304756> 0.250000
	pigment { color rgbt <1,0,0,0> }
	no_shadow
}
cylinder {
	<45.488892, 60.421566, 53.946499>,  <45.474178, 60.315838, 53.731544>, 0.100000
	pigment { color rgbt <1,0,0,0> }
	no_shadow
}
cylinder {
	<45.488892, 60.421566, 53.946499>,  <45.513412, 60.597778, 54.304756>, 0.100000
	pigment { color rgbt <1,0,0,0> }
	no_shadow
}

// particle -1
sphere {
	<45.488892, 60.421566, 53.946499> 0.100000
	pigment { color rgbt <1,0,0,0> }
	no_shadow
}
sphere {
	0, 1
	scale<0.080000,0.200000,0.300000>
	matrix <0.986797, -0.161526, 0.011912,
		-0.149917, -0.883085, 0.444619,
		-0.061298, -0.440534, -0.895641,
		45.470501, 60.289406, 53.677807>
	pigment { color rgbt <0,1,1,0> }
	no_shadow
}
cylinder {
	<45.752171, 59.926624, 54.341084>,  <45.513412, 60.597778, 54.304756>, 0.130000
	pigment { color rgbt <1,0,0,0> }
	no_shadow
}

// nucleotide -1

// particle -1
sphere {
	<45.752171, 59.926624, 54.341084> 0.250000
	pigment { color rgbt <1,0,0,0> }
	no_shadow
}
cylinder {
	<45.754078, 59.989990, 53.946140>,  <45.755222, 60.028011, 53.709175>, 0.100000
	pigment { color rgbt <1,0,0,0> }
	no_shadow
}
cylinder {
	<45.754078, 59.989990, 53.946140>,  <45.752171, 59.926624, 54.341084>, 0.100000
	pigment { color rgbt <1,0,0,0> }
	no_shadow
}

// particle -1
sphere {
	<45.754078, 59.989990, 53.946140> 0.100000
	pigment { color rgbt <1,0,0,0> }
	no_shadow
}
sphere {
	0, 1
	scale<0.080000,0.200000,0.300000>
	matrix <0.791643, -0.603854, -0.093066,
		-0.610965, -0.781194, -0.128289,
		0.004765, 0.158419, -0.987360,
		45.755508, 60.037518, 53.649933>
	pigment { color rgbt <0,1,1,0> }
	no_shadow
}
cylinder {
	<45.746052, 59.227657, 53.980865>,  <45.752171, 59.926624, 54.341084>, 0.130000
	pigment { color rgbt <1,0,0,0> }
	no_shadow
}

// nucleotide -1

// particle -1
sphere {
	<45.746052, 59.227657, 53.980865> 0.250000
	pigment { color rgbt <1,0,0,0> }
	no_shadow
}
cylinder {
	<45.927307, 59.526527, 53.786385>,  <46.036060, 59.705849, 53.669697>, 0.100000
	pigment { color rgbt <1,0,0,0> }
	no_shadow
}
cylinder {
	<45.927307, 59.526527, 53.786385>,  <45.746052, 59.227657, 53.980865>, 0.100000
	pigment { color rgbt <1,0,0,0> }
	no_shadow
}

// particle -1
sphere {
	<45.927307, 59.526527, 53.786385> 0.100000
	pigment { color rgbt <1,0,0,0> }
	no_shadow
}
sphere {
	0, 1
	scale<0.080000,0.200000,0.300000>
	matrix <0.851328, -0.524482, -0.012567,
		-0.264396, -0.408227, -0.873754,
		0.453138, 0.747174, -0.486206,
		46.063248, 59.750679, 53.640522>
	pigment { color rgbt <0,1,1,0> }
	no_shadow
}
cylinder {
	<45.935192, 59.073597, 53.344498>,  <45.746052, 59.227657, 53.980865>, 0.130000
	pigment { color rgbt <1,0,0,0> }
	no_shadow
}

// nucleotide -1

// particle -1
sphere {
	<45.935192, 59.073597, 53.344498> 0.250000
	pigment { color rgbt <1,0,0,0> }
	no_shadow
}
cylinder {
	<46.203156, 59.336346, 53.482910>,  <46.363934, 59.493996, 53.565956>, 0.100000
	pigment { color rgbt <1,0,0,0> }
	no_shadow
}
cylinder {
	<46.203156, 59.336346, 53.482910>,  <45.935192, 59.073597, 53.344498>, 0.100000
	pigment { color rgbt <1,0,0,0> }
	no_shadow
}

// particle -1
sphere {
	<46.203156, 59.336346, 53.482910> 0.100000
	pigment { color rgbt <1,0,0,0> }
	no_shadow
}
sphere {
	0, 1
	scale<0.080000,0.200000,0.300000>
	matrix <0.699163, -0.714954, 0.003632,
		0.249779, 0.239496, -0.938218,
		0.669912, 0.656874, 0.346027,
		46.404129, 59.533409, 53.586720>
	pigment { color rgbt <0,1,1,0> }
	no_shadow
}
cylinder {
	<46.530266, 59.011536, 52.948677>,  <45.935192, 59.073597, 53.344498>, 0.130000
	pigment { color rgbt <1,0,0,0> }
	no_shadow
}

// nucleotide -1

// particle -1
sphere {
	<46.530266, 59.011536, 52.948677> 0.250000
	pigment { color rgbt <1,0,0,0> }
	no_shadow
}
cylinder {
	<46.639923, 59.159760, 53.303650>,  <46.705719, 59.248692, 53.516632>, 0.100000
	pigment { color rgbt <1,0,0,0> }
	no_shadow
}
cylinder {
	<46.639923, 59.159760, 53.303650>,  <46.530266, 59.011536, 52.948677>, 0.100000
	pigment { color rgbt <1,0,0,0> }
	no_shadow
}

// particle -1
sphere {
	<46.639923, 59.159760, 53.303650> 0.100000
	pigment { color rgbt <1,0,0,0> }
	no_shadow
}
sphere {
	0, 1
	scale<0.080000,0.200000,0.300000>
	matrix <0.710652, -0.699781, 0.072668,
		0.647935, 0.610732, -0.455178,
		0.274144, 0.370557, 0.887430,
		46.722168, 59.270927, 53.569878>
	pigment { color rgbt <0,1,1,0> }
	no_shadow
}
cylinder {
	<47.184513, 59.342117, 52.985081>,  <46.530266, 59.011536, 52.948677>, 0.130000
	pigment { color rgbt <1,0,0,0> }
	no_shadow
}

// nucleotide -1

// particle -1
sphere {
	<47.184513, 59.342117, 52.985081> 0.250000
	pigment { color rgbt <1,0,0,0> }
	no_shadow
}
cylinder {
	<47.084755, 59.188652, 53.340744>,  <47.024902, 59.096573, 53.554142>, 0.100000
	pigment { color rgbt <1,0,0,0> }
	no_shadow
}
cylinder {
	<47.084755, 59.188652, 53.340744>,  <47.184513, 59.342117, 52.985081>, 0.100000
	pigment { color rgbt <1,0,0,0> }
	no_shadow
}

// particle -1
sphere {
	<47.084755, 59.188652, 53.340744> 0.100000
	pigment { color rgbt <1,0,0,0> }
	no_shadow
}
sphere {
	0, 1
	scale<0.080000,0.200000,0.300000>
	matrix <0.803097, -0.595016, -0.031486,
		0.541146, 0.706231, 0.456507,
		-0.249392, -0.383658, 0.889162,
		47.009937, 59.073555, 53.607494>
	pigment { color rgbt <0,1,1,0> }
	no_shadow
}
cylinder {
	<47.866798, 59.522942, 53.250072>,  <47.184513, 59.342117, 52.985081>, 0.130000
	pigment { color rgbt <1,0,0,0> }
	no_shadow
}

// nucleotide -1

// particle -1
sphere {
	<47.866798, 59.522942, 53.250072> 0.250000
	pigment { color rgbt <1,0,0,0> }
	no_shadow
}
cylinder {
	<47.768757, 59.221825, 53.494438>,  <47.709930, 59.041153, 53.641060>, 0.100000
	pigment { color rgbt <1,0,0,0> }
	no_shadow
}
cylinder {
	<47.768757, 59.221825, 53.494438>,  <47.866798, 59.522942, 53.250072>, 0.100000
	pigment { color rgbt <1,0,0,0> }
	no_shadow
}

// particle -1
sphere {
	<47.768757, 59.221825, 53.494438> 0.100000
	pigment { color rgbt <1,0,0,0> }
	no_shadow
}
sphere {
	0, 1
	scale<0.080000,0.200000,0.300000>
	matrix <0.967642, -0.228915, 0.106146,
		0.059942, 0.617167, 0.784546,
		-0.245104, -0.752797, 0.610918,
		47.695225, 58.995987, 53.677715>
	pigment { color rgbt <0,1,1,0> }
	no_shadow
}
cylinder {
	<48.256844, 59.579811, 53.873287>,  <47.866798, 59.522942, 53.250072>, 0.130000
	pigment { color rgbt <1,0,0,0> }
	no_shadow
}

// nucleotide -1

// particle -1
sphere {
	<48.256844, 59.579811, 53.873287> 0.250000
	pigment { color rgbt <1,0,0,0> }
	no_shadow
}
cylinder {
	<48.163540, 59.192802, 53.834297>,  <48.107559, 58.960598, 53.810902>, 0.100000
	pigment { color rgbt <1,0,0,0> }
	no_shadow
}
cylinder {
	<48.163540, 59.192802, 53.834297>,  <48.256844, 59.579811, 53.873287>, 0.100000
	pigment { color rgbt <1,0,0,0> }
	no_shadow
}

// particle -1
sphere {
	<48.163540, 59.192802, 53.834297> 0.100000
	pigment { color rgbt <1,0,0,0> }
	no_shadow
}
sphere {
	0, 1
	scale<0.080000,0.200000,0.300000>
	matrix <0.951958, -0.247653, 0.180122,
		-0.198411, -0.050777, 0.978803,
		-0.233258, -0.967517, -0.097475,
		48.093563, 58.902546, 53.805054>
	pigment { color rgbt <0,1,1,0> }
	no_shadow
}
cylinder {
	<48.397396, 59.063881, 54.551723>,  <48.256844, 59.579811, 53.873287>, 0.130000
	pigment { color rgbt <1,0,0,0> }
	no_shadow
}

// nucleotide -1

// particle -1
sphere {
	<48.397396, 59.063881, 54.551723> 0.250000
	pigment { color rgbt <1,0,0,0> }
	no_shadow
}
cylinder {
	<48.456516, 58.863075, 54.210869>,  <48.491989, 58.742592, 54.006355>, 0.100000
	pigment { color rgbt <1,0,0,0> }
	no_shadow
}
cylinder {
	<48.456516, 58.863075, 54.210869>,  <48.397396, 59.063881, 54.551723>, 0.100000
	pigment { color rgbt <1,0,0,0> }
	no_shadow
}

// particle -1
sphere {
	<48.456516, 58.863075, 54.210869> 0.100000
	pigment { color rgbt <1,0,0,0> }
	no_shadow
}
sphere {
	0, 1
	scale<0.080000,0.200000,0.300000>
	matrix <0.934027, -0.212449, 0.287159,
		-0.325193, -0.838360, 0.437495,
		0.147797, -0.502014, -0.852138,
		48.500854, 58.712471, 53.955227>
	pigment { color rgbt <0,1,1,0> }
	no_shadow
}
cylinder {
	<48.070465, 58.486187, 54.706936>,  <48.397396, 59.063881, 54.551723>, 0.130000
	pigment { color rgbt <1,0,0,0> }
	no_shadow
}

// nucleotide -1

// particle -1
sphere {
	<48.070465, 58.486187, 54.706936> 0.250000
	pigment { color rgbt <1,0,0,0> }
	no_shadow
}
cylinder {
	<47.850796, 58.267506, 54.959766>,  <47.718994, 58.136295, 55.111465>, 0.100000
	pigment { color rgbt <1,0,0,0> }
	no_shadow
}
cylinder {
	<47.850796, 58.267506, 54.959766>,  <48.070465, 58.486187, 54.706936>, 0.100000
	pigment { color rgbt <1,0,0,0> }
	no_shadow
}

// particle -1
sphere {
	<47.850796, 58.267506, 54.959766> 0.100000
	pigment { color rgbt <1,0,0,0> }
	no_shadow
}
sphere {
	0, 1
	scale<0.080000,0.200000,0.300000>
	matrix <0.793192, -0.102825, 0.600228,
		-0.263156, 0.830987, 0.490112,
		-0.549177, -0.546707, 0.632073,
		47.686043, 58.103493, 55.149387>
	pigment { color rgbt <0,1,1,0> }
	no_shadow
}
cylinder {
	<48.580124, 58.239838, 55.250751>,  <48.070465, 58.486187, 54.706936>, 0.130000
	pigment { color rgbt <1,0,0,0> }
	no_shadow
}

// nucleotide -1

// particle -1
sphere {
	<48.580124, 58.239838, 55.250751> 0.250000
	pigment { color rgbt <1,0,0,0> }
	no_shadow
}
cylinder {
	<48.278709, 58.034912, 55.415543>,  <48.097862, 57.911957, 55.514416>, 0.100000
	pigment { color rgbt <1,0,0,0> }
	no_shadow
}
cylinder {
	<48.278709, 58.034912, 55.415543>,  <48.580124, 58.239838, 55.250751>, 0.100000
	pigment { color rgbt <1,0,0,0> }
	no_shadow
}

// particle -1
sphere {
	<48.278709, 58.034912, 55.415543> 0.100000
	pigment { color rgbt <1,0,0,0> }
	no_shadow
}
sphere {
	0, 1
	scale<0.080000,0.200000,0.300000>
	matrix <0.630263, -0.384744, 0.674345,
		-0.186968, 0.767795, 0.612808,
		-0.753533, -0.512311, 0.411978,
		48.052650, 57.881218, 55.539135>
	pigment { color rgbt <0,1,1,0> }
	no_shadow
}
cylinder {
	<49.083645, 57.664143, 55.261951>,  <48.580124, 58.239838, 55.250751>, 0.130000
	pigment { color rgbt <1,0,0,0> }
	no_shadow
}

// nucleotide -1

// particle -1
sphere {
	<49.083645, 57.664143, 55.261951> 0.250000
	pigment { color rgbt <1,0,0,0> }
	no_shadow
}
cylinder {
	<49.151546, 57.568451, 54.879547>,  <49.192287, 57.511036, 54.650105>, 0.100000
	pigment { color rgbt <1,0,0,0> }
	no_shadow
}
cylinder {
	<49.151546, 57.568451, 54.879547>,  <49.083645, 57.664143, 55.261951>, 0.100000
	pigment { color rgbt <1,0,0,0> }
	no_shadow
}

// particle -1
sphere {
	<49.151546, 57.568451, 54.879547> 0.100000
	pigment { color rgbt <1,0,0,0> }
	no_shadow
}
sphere {
	0, 1
	scale<0.080000,0.200000,0.300000>
	matrix <0.727047, 0.685277, -0.042389,
		0.665272, -0.687868, 0.290261,
		0.169752, -0.239234, -0.956008,
		49.202473, 57.496681, 54.592743>
	pigment { color rgbt <0,1,1,0> }
	no_shadow
}
cylinder {
	<49.783909, 57.448841, 55.071053>,  <49.083645, 57.664143, 55.261951>, 0.130000
	pigment { color rgbt <1,0,0,0> }
	no_shadow
}

// nucleotide -1

// particle -1
sphere {
	<49.783909, 57.448841, 55.071053> 0.250000
	pigment { color rgbt <1,0,0,0> }
	no_shadow
}
cylinder {
	<49.612457, 57.643456, 54.766537>,  <49.509586, 57.760223, 54.583828>, 0.100000
	pigment { color rgbt <1,0,0,0> }
	no_shadow
}
cylinder {
	<49.612457, 57.643456, 54.766537>,  <49.783909, 57.448841, 55.071053>, 0.100000
	pigment { color rgbt <1,0,0,0> }
	no_shadow
}

// particle -1
sphere {
	<49.612457, 57.643456, 54.766537> 0.100000
	pigment { color rgbt <1,0,0,0> }
	no_shadow
}
sphere {
	0, 1
	scale<0.080000,0.200000,0.300000>
	matrix <0.753649, 0.657263, -0.004272,
		0.498287, -0.575574, -0.648402,
		-0.428630, 0.486539, -0.761286,
		49.483868, 57.789417, 54.538151>
	pigment { color rgbt <0,1,1,0> }
	no_shadow
}
cylinder {
	<50.166279, 57.290173, 54.408958>,  <49.783909, 57.448841, 55.071053>, 0.130000
	pigment { color rgbt <1,0,0,0> }
	no_shadow
}

// nucleotide -1

// particle -1
sphere {
	<50.166279, 57.290173, 54.408958> 0.250000
	pigment { color rgbt <1,0,0,0> }
	no_shadow
}
cylinder {
	<49.998550, 57.653206, 54.417603>,  <49.897915, 57.871025, 54.422791>, 0.100000
	pigment { color rgbt <1,0,0,0> }
	no_shadow
}
cylinder {
	<49.998550, 57.653206, 54.417603>,  <50.166279, 57.290173, 54.408958>, 0.100000
	pigment { color rgbt <1,0,0,0> }
	no_shadow
}

// particle -1
sphere {
	<49.998550, 57.653206, 54.417603> 0.100000
	pigment { color rgbt <1,0,0,0> }
	no_shadow
}
sphere {
	0, 1
	scale<0.080000,0.200000,0.300000>
	matrix <0.906560, 0.419874, -0.043058,
		-0.048152, 0.001537, -0.998839,
		-0.419320, 0.907581, 0.021611,
		49.872753, 57.925480, 54.424088>
	pigment { color rgbt <0,1,1,0> }
	no_shadow
}
cylinder {
	<50.369801, 57.713520, 53.780640>,  <50.166279, 57.290173, 54.408958>, 0.130000
	pigment { color rgbt <1,0,0,0> }
	no_shadow
}

// nucleotide -1

// particle -1
sphere {
	<50.369801, 57.713520, 53.780640> 0.250000
	pigment { color rgbt <1,0,0,0> }
	no_shadow
}
cylinder {
	<50.286434, 57.867317, 54.140358>,  <50.236412, 57.959595, 54.356190>, 0.100000
	pigment { color rgbt <1,0,0,0> }
	no_shadow
}
cylinder {
	<50.286434, 57.867317, 54.140358>,  <50.369801, 57.713520, 53.780640>, 0.100000
	pigment { color rgbt <1,0,0,0> }
	no_shadow
}

// particle -1
sphere {
	<50.286434, 57.867317, 54.140358> 0.100000
	pigment { color rgbt <1,0,0,0> }
	no_shadow
}
sphere {
	0, 1
	scale<0.080000,0.200000,0.300000>
	matrix <0.956960, 0.270038, 0.106330,
		-0.201960, 0.882748, -0.424226,
		-0.208420, 0.384492, 0.899292,
		50.223907, 57.982666, 54.410145>
	pigment { color rgbt <0,1,1,0> }
	no_shadow
}
cylinder {
	<50.744640, 58.370464, 53.920254>,  <50.369801, 57.713520, 53.780640>, 0.130000
	pigment { color rgbt <1,0,0,0> }
	no_shadow
}

// nucleotide -1

// particle -1
sphere {
	<50.744640, 58.370464, 53.920254> 0.250000
	pigment { color rgbt <1,0,0,0> }
	no_shadow
}
cylinder {
	<50.688850, 58.200642, 54.278091>,  <50.655376, 58.098747, 54.492794>, 0.100000
	pigment { color rgbt <1,0,0,0> }
	no_shadow
}
cylinder {
	<50.688850, 58.200642, 54.278091>,  <50.744640, 58.370464, 53.920254>, 0.100000
	pigment { color rgbt <1,0,0,0> }
	no_shadow
}

// particle -1
sphere {
	<50.688850, 58.200642, 54.278091> 0.100000
	pigment { color rgbt <1,0,0,0> }
	no_shadow
}
sphere {
	0, 1
	scale<0.080000,0.200000,0.300000>
	matrix <0.905833, 0.310250, 0.288463,
		-0.400016, 0.850587, 0.341304,
