// switches for output
#declare DRAW_BASES = 1; // possible values are 0, 1; only relevant for DNA ribbons
#declare DRAW_BASES_TYPE = 3; // possible values are 1, 2, 3; only relevant for DNA ribbons
#declare DRAW_FOG = 0; // set to 1 to enable fog

#include "colors.inc"

#include "transforms.inc"
background { rgb <1, 1, 1>}

#default {
   normal{
       ripples 0.25
       frequency 0.20
       turbulence 0.2
       lambda 5
   }
	finish {
		phong 0.1
		phong_size 40.
	}
}

// original window dimensions: 1024x640


// camera settings

camera {
	sky <-0, 1, 0>
	up <-0, 1, 0>
	right 1.6 * <0.99995, 0, 0.00999983>
	location <54.4867, 55, 106.329>
	look_at <55, 55, 55.0001>
	direction <0.513302, 0, -51.3289>
	angle 67.0682
}


# declare cpy_camera_pos = <54.4867, 55, 106.329>;
# if (DRAW_FOG = 1)
fog {
	fog_type 2
	up vnormalize(cpy_camera_pos)
	color rgbt<1,1,1,0.3>
	distance 1e-5
	fog_alt 3e-3
	fog_offset 88
}
# end


// LIGHTS

# declare lum = 6;
global_settings {
	ambient_light rgb lum * <0.05, 0.05, 0.05>
	max_trace_level 15
}# declare cpy_direct_light_amount = 0.25;
light_source
{	1000 * <-0.98995, -1, 1.00995>,
	rgb lum * cpy_direct_light_amount
	parallel
}

light_source
{	1000 * <0.98995, 1, -1.00995>,
	rgb lum * cpy_direct_light_amount
	parallel
}

// strand 0

// nucleotide -1

// particle -1
sphere {
	<36.631550, 52.829304, 49.629623> 0.250000
	pigment { color rgbt <1,0,0,0> }
	no_shadow
}
cylinder {
	<36.347244, 52.734985, 49.894714>,  <36.176659, 52.678394, 50.053768>, 0.100000
	pigment { color rgbt <1,0,0,0> }
	no_shadow
}
cylinder {
	<36.347244, 52.734985, 49.894714>,  <36.631550, 52.829304, 49.629623>, 0.100000
	pigment { color rgbt <1,0,0,0> }
	no_shadow
}

// particle -1
sphere {
	<36.347244, 52.734985, 49.894714> 0.100000
	pigment { color rgbt <1,0,0,0> }
	no_shadow
}
sphere {
	0, 1
	scale<0.080000,0.200000,0.300000>
	matrix <-0.703357, 0.224936, -0.674309,
		0.009928, -0.945412, -0.325725,
		-0.710768, -0.235795, 0.662729,
		36.134014, 52.664246, 50.093533>
	pigment { color rgbt <0,1,1,0> }
	no_shadow
}
cylinder {
	<36.856354, 52.587490, 50.297180>,  <36.631550, 52.829304, 49.629623>, 0.130000
	pigment { color rgbt <1,0,0,0> }
	no_shadow
}

// nucleotide -1

// particle -1
sphere {
	<36.856354, 52.587490, 50.297180> 0.250000
	pigment { color rgbt <1,0,0,0> }
	no_shadow
}
cylinder {
	<37.147713, 52.313660, 50.308418>,  <37.322529, 52.149361, 50.315159>, 0.100000
	pigment { color rgbt <1,0,0,0> }
	no_shadow
}
cylinder {
	<37.147713, 52.313660, 50.308418>,  <36.856354, 52.587490, 50.297180>, 0.100000
	pigment { color rgbt <1,0,0,0> }
	no_shadow
}

// particle -1
sphere {
	<37.147713, 52.313660, 50.308418> 0.100000
	pigment { color rgbt <1,0,0,0> }
	no_shadow
}
sphere {
	0, 1
	scale<0.080000,0.200000,0.300000>
	matrix <-0.058126, -0.020888, 0.998091,
		-0.682680, -0.728644, -0.055007,
		0.728402, -0.684574, 0.028093,
		37.366234, 52.108288, 50.316845>
	pigment { color rgbt <0,1,1,0> }
	no_shadow
}
cylinder {
	<36.688442, 51.803482, 50.649162>,  <36.856354, 52.587490, 50.297180>, 0.130000
	pigment { color rgbt <1,0,0,0> }
	no_shadow
}

// nucleotide -1

// particle -1
sphere {
	<36.688442, 51.803482, 50.649162> 0.250000
	pigment { color rgbt <1,0,0,0> }
	no_shadow
}
cylinder {
	<37.063839, 51.936890, 50.684959>,  <37.289078, 52.016933, 50.706436>, 0.100000
	pigment { color rgbt <1,0,0,0> }
	no_shadow
}
cylinder {
	<37.063839, 51.936890, 50.684959>,  <36.688442, 51.803482, 50.649162>, 0.100000
	pigment { color rgbt <1,0,0,0> }
	no_shadow
}

// particle -1
sphere {
	<37.063839, 51.936890, 50.684959> 0.100000
	pigment { color rgbt <1,0,0,0> }
	no_shadow
}
sphere {
	0, 1
	scale<0.080000,0.200000,0.300000>
	matrix <-0.113585, 0.053409, 0.992092,
		0.326098, -0.941230, 0.088006,
		0.938487, 0.333516, 0.089493,
		37.345387, 52.036945, 50.711807>
	pigment { color rgbt <0,1,1,0> }
	no_shadow
}
cylinder {
	<37.063416, 51.429722, 51.177528>,  <36.688442, 51.803482, 50.649162>, 0.130000
	pigment { color rgbt <1,0,0,0> }
	no_shadow
}

// nucleotide -1

// particle -1
sphere {
	<37.063416, 51.429722, 51.177528> 0.250000
	pigment { color rgbt <1,0,0,0> }
	no_shadow
}
cylinder {
	<37.227505, 51.792088, 51.135513>,  <37.325958, 52.009506, 51.110302>, 0.100000
	pigment { color rgbt <1,0,0,0> }
	no_shadow
}
cylinder {
	<37.227505, 51.792088, 51.135513>,  <37.063416, 51.429722, 51.177528>, 0.100000
	pigment { color rgbt <1,0,0,0> }
	no_shadow
}

// particle -1
sphere {
	<37.227505, 51.792088, 51.135513> 0.100000
	pigment { color rgbt <1,0,0,0> }
	no_shadow
}
sphere {
	0, 1
	scale<0.080000,0.200000,0.300000>
	matrix <0.041294, 0.096611, 0.994465,
		0.911052, -0.412286, 0.002223,
		0.410219, 0.905918, -0.105042,
		37.350571, 52.063862, 51.104000>
	pigment { color rgbt <0,1,1,0> }
	no_shadow
}
cylinder {
	<37.684761, 51.548885, 51.512840>,  <37.063416, 51.429722, 51.177528>, 0.130000
	pigment { color rgbt <1,0,0,0> }
	no_shadow
}

// nucleotide -1

// particle -1
sphere {
	<37.684761, 51.548885, 51.512840> 0.250000
	pigment { color rgbt <1,0,0,0> }
	no_shadow
}
cylinder {
	<37.469719, 51.885979, 51.501671>,  <37.340694, 52.088234, 51.494968>, 0.100000
	pigment { color rgbt <1,0,0,0> }
	no_shadow
}
cylinder {
	<37.469719, 51.885979, 51.501671>,  <37.684761, 51.548885, 51.512840>, 0.100000
	pigment { color rgbt <1,0,0,0> }
	no_shadow
}

// particle -1
sphere {
	<37.469719, 51.885979, 51.501671> 0.100000
	pigment { color rgbt <1,0,0,0> }
	no_shadow
}
sphere {
	0, 1
	scale<0.080000,0.200000,0.300000>
	matrix <0.003848, 0.035569, 0.999360,
		0.843186, 0.537156, -0.022365,
		-0.537608, 0.842732, -0.027924,
		37.308437, 52.138798, 51.493294>
	pigment { color rgbt <0,1,1,0> }
	no_shadow
}
cylinder {
	<37.807652, 50.798931, 51.475746>,  <37.684761, 51.548885, 51.512840>, 0.130000
	pigment { color rgbt <1,0,0,0> }
	no_shadow
}

// nucleotide -1

// particle -1
sphere {
	<37.807652, 50.798931, 51.475746> 0.250000
	pigment { color rgbt <1,0,0,0> }
	no_shadow
}
cylinder {
	<38.188095, 50.922348, 51.470268>,  <38.416363, 50.996399, 51.466980>, 0.100000
	pigment { color rgbt <1,0,0,0> }
	no_shadow
}
cylinder {
	<38.188095, 50.922348, 51.470268>,  <37.807652, 50.798931, 51.475746>, 0.100000
	pigment { color rgbt <1,0,0,0> }
	no_shadow
}

// particle -1
sphere {
	<38.188095, 50.922348, 51.470268> 0.100000
	pigment { color rgbt <1,0,0,0> }
	no_shadow
}
sphere {
	0, 1
	scale<0.080000,0.200000,0.300000>
	matrix <0.172603, -0.494247, 0.852014,
		0.256113, -0.812725, -0.523339,
		0.951112, 0.308542, -0.013696,
		38.473431, 51.014912, 51.466160>
	pigment { color rgbt <0,1,1,0> }
	no_shadow
}
cylinder {
	<38.289265, 50.266991, 51.492912>,  <37.807652, 50.798931, 51.475746>, 0.130000
	pigment { color rgbt <1,0,0,0> }
	no_shadow
}

// nucleotide -1

// particle -1
sphere {
	<38.289265, 50.266991, 51.492912> 0.250000
	pigment { color rgbt <1,0,0,0> }
	no_shadow
}
cylinder {
	<38.496571, 50.568336, 51.654823>,  <38.620956, 50.749142, 51.751968>, 0.100000
	pigment { color rgbt <1,0,0,0> }
	no_shadow
}
cylinder {
	<38.496571, 50.568336, 51.654823>,  <38.289265, 50.266991, 51.492912>, 0.100000
	pigment { color rgbt <1,0,0,0> }
	no_shadow
}

// particle -1
sphere {
	<38.496571, 50.568336, 51.654823> 0.100000
	pigment { color rgbt <1,0,0,0> }
	no_shadow
}
sphere {
	0, 1
	scale<0.080000,0.200000,0.300000>
	matrix <0.132383, -0.538266, 0.832313,
		0.844910, -0.377776, -0.378698,
		0.518269, 0.753362, 0.404775,
		38.652050, 50.794346, 51.776257>
	pigment { color rgbt <0,1,1,0> }
	no_shadow
}
cylinder {
	<38.925270, 50.012516, 51.704357>,  <38.289265, 50.266991, 51.492912>, 0.130000
	pigment { color rgbt <1,0,0,0> }
	no_shadow
}

// nucleotide -1

// particle -1
sphere {
	<38.925270, 50.012516, 51.704357> 0.250000
	pigment { color rgbt <1,0,0,0> }
	no_shadow
}
cylinder {
	<38.755192, 50.300400, 51.923897>,  <38.653145, 50.473129, 52.055618>, 0.100000
	pigment { color rgbt <1,0,0,0> }
	no_shadow
}
cylinder {
	<38.755192, 50.300400, 51.923897>,  <38.925270, 50.012516, 51.704357>, 0.100000
	pigment { color rgbt <1,0,0,0> }
	no_shadow
}

// particle -1
sphere {
	<38.755192, 50.300400, 51.923897> 0.100000
	pigment { color rgbt <1,0,0,0> }
	no_shadow
}
sphere {
	0, 1
	scale<0.080000,0.200000,0.300000>
	matrix <-0.025808, -0.615783, 0.787493,
		0.904735, 0.320671, 0.280400,
		-0.425192, 0.719709, 0.548845,
		38.627636, 50.516312, 52.088551>
	pigment { color rgbt <0,1,1,0> }
	no_shadow
}
cylinder {
	<39.416698, 50.211231, 52.268707>,  <38.925270, 50.012516, 51.704357>, 0.130000
	pigment { color rgbt <1,0,0,0> }
	no_shadow
}

// nucleotide -1

// particle -1
sphere {
	<39.416698, 50.211231, 52.268707> 0.250000
	pigment { color rgbt <1,0,0,0> }
	no_shadow
}
cylinder {
	<39.032600, 50.253605, 52.372017>,  <38.802143, 50.279030, 52.434002>, 0.100000
	pigment { color rgbt <1,0,0,0> }
	no_shadow
}
cylinder {
	<39.032600, 50.253605, 52.372017>,  <39.416698, 50.211231, 52.268707>, 0.100000
	pigment { color rgbt <1,0,0,0> }
	no_shadow
}

// particle -1
sphere {
	<39.032600, 50.253605, 52.372017> 0.100000
	pigment { color rgbt <1,0,0,0> }
	no_shadow
}
sphere {
	0, 1
	scale<0.080000,0.200000,0.300000>
	matrix <0.151276, -0.580109, 0.800368,
		0.234614, 0.807621, 0.541022,
		-0.960246, 0.105934, 0.258275,
		38.744526, 50.285385, 52.449501>
	pigment { color rgbt <0,1,1,0> }
	no_shadow
}
cylinder {
	<39.288696, 50.154713, 53.043324>,  <39.416698, 50.211231, 52.268707>, 0.130000
	pigment { color rgbt <1,0,0,0> }
	no_shadow
}

// nucleotide -1

// particle -1
sphere {
	<39.288696, 50.154713, 53.043324> 0.250000
	pigment { color rgbt <1,0,0,0> }
	no_shadow
}
cylinder {
	<38.914085, 50.084126, 52.922142>,  <38.689320, 50.041775, 52.849434>, 0.100000
	pigment { color rgbt <1,0,0,0> }
	no_shadow
}
cylinder {
	<38.914085, 50.084126, 52.922142>,  <39.288696, 50.154713, 53.043324>, 0.100000
	pigment { color rgbt <1,0,0,0> }
	no_shadow
}

// particle -1
sphere {
	<38.914085, 50.084126, 52.922142> 0.100000
	pigment { color rgbt <1,0,0,0> }
	no_shadow
}
sphere {
	0, 1
	scale<0.080000,0.200000,0.300000>
	matrix <-0.020818, -0.834583, 0.550489,
		-0.349984, 0.521853, 0.777933,
		-0.936524, -0.176467, -0.302954,
		38.633129, 50.031185, 52.831257>
	pigment { color rgbt <0,1,1,0> }
	no_shadow
}
cylinder {
	<39.589043, 50.481388, 53.668026>,  <39.288696, 50.154713, 53.043324>, 0.130000
	pigment { color rgbt <1,0,0,0> }
	no_shadow
}

// nucleotide -1

// particle -1
sphere {
	<39.589043, 50.481388, 53.668026> 0.250000
	pigment { color rgbt <1,0,0,0> }
	no_shadow
}
cylinder {
	<39.927181, 50.646378, 53.803825>,  <40.130066, 50.745369, 53.885303>, 0.100000
	pigment { color rgbt <1,0,0,0> }
	no_shadow
}
cylinder {
	<39.927181, 50.646378, 53.803825>,  <39.589043, 50.481388, 53.668026>, 0.100000
	pigment { color rgbt <1,0,0,0> }
	no_shadow
}

// particle -1
sphere {
	<39.927181, 50.646378, 53.803825> 0.100000
	pigment { color rgbt <1,0,0,0> }
	no_shadow
}
sphere {
	0, 1
	scale<0.080000,0.200000,0.300000>
	matrix <0.475801, -0.870277, -0.127400,
		0.242910, 0.269232, -0.931938,
		0.845345, 0.412470, 0.339500,
		40.180786, 50.770119, 53.905674>
	pigment { color rgbt <0,1,1,0> }
	no_shadow
}
cylinder {
	<40.125465, 50.295731, 53.266163>,  <39.589043, 50.481388, 53.668026>, 0.130000
	pigment { color rgbt <1,0,0,0> }
	no_shadow
}

// nucleotide -1

// particle -1
sphere {
	<40.125465, 50.295731, 53.266163> 0.250000
	pigment { color rgbt <1,0,0,0> }
	no_shadow
}
cylinder {
	<40.232956, 50.384766, 53.641022>,  <40.297451, 50.438187, 53.865936>, 0.100000
	pigment { color rgbt <1,0,0,0> }
	no_shadow
}
cylinder {
	<40.232956, 50.384766, 53.641022>,  <40.125465, 50.295731, 53.266163>, 0.100000
	pigment { color rgbt <1,0,0,0> }
	no_shadow
}

// particle -1
sphere {
	<40.232956, 50.384766, 53.641022> 0.100000
	pigment { color rgbt <1,0,0,0> }
	no_shadow
}
sphere {
	0, 1
	scale<0.080000,0.200000,0.300000>
	matrix <0.406987, -0.908056, 0.098973,
		0.873011, 0.354809, -0.334607,
		0.268726, 0.222585, 0.937146,
		40.313572, 50.451542, 53.922165>
	pigment { color rgbt <0,1,1,0> }
	no_shadow
}
cylinder {
	<40.876369, 50.253952, 53.342266>,  <40.125465, 50.295731, 53.266163>, 0.130000
	pigment { color rgbt <1,0,0,0> }
	no_shadow
}

// nucleotide -1

// particle -1
sphere {
	<40.876369, 50.253952, 53.342266> 0.250000
	pigment { color rgbt <1,0,0,0> }
	no_shadow
}
cylinder {
	<40.641338, 50.152073, 53.649483>,  <40.500320, 50.090946, 53.833813>, 0.100000
	pigment { color rgbt <1,0,0,0> }
	no_shadow
}
cylinder {
	<40.641338, 50.152073, 53.649483>,  <40.876369, 50.253952, 53.342266>, 0.100000
	pigment { color rgbt <1,0,0,0> }
	no_shadow
}

// particle -1
sphere {
	<40.641338, 50.152073, 53.649483> 0.100000
	pigment { color rgbt <1,0,0,0> }
	no_shadow
}
sphere {
	0, 1
	scale<0.080000,0.200000,0.300000>
	matrix <0.312795, -0.946878, -0.074704,
		0.746266, 0.196344, 0.636032,
		-0.587577, -0.254696, 0.768039,
		40.465065, 50.075665, 53.879894>
	pigment { color rgbt <0,1,1,0> }
	no_shadow
}
cylinder {
	<41.234951, 50.010193, 53.900711>,  <40.876369, 50.253952, 53.342266>, 0.130000
	pigment { color rgbt <1,0,0,0> }
	no_shadow
}

// nucleotide -1

// particle -1
sphere {
	<41.234951, 50.010193, 53.900711> 0.250000
	pigment { color rgbt <1,0,0,0> }
	no_shadow
}
cylinder {
	<40.867641, 49.857388, 53.942360>,  <40.647255, 49.765705, 53.967350>, 0.100000
	pigment { color rgbt <1,0,0,0> }
	no_shadow
}
cylinder {
	<40.867641, 49.857388, 53.942360>,  <41.234951, 50.010193, 53.900711>, 0.100000
	pigment { color rgbt <1,0,0,0> }
	no_shadow
}

// particle -1
sphere {
	<40.867641, 49.857388, 53.942360> 0.100000
	pigment { color rgbt <1,0,0,0> }
	no_shadow
}
sphere {
	0, 1
	scale<0.080000,0.200000,0.300000>
	matrix <0.392076, -0.913987, 0.104423,
		0.055274, 0.136712, 0.989068,
		-0.918271, -0.382017, 0.104122,
		40.592159, 49.742783, 53.973595>
	pigment { color rgbt <0,1,1,0> }
	no_shadow
}
cylinder {
	<41.644814, 50.259045, 54.387463>,  <41.234951, 50.010193, 53.900711>, 0.130000
	pigment { color rgbt <1,0,0,0> }
	no_shadow
}

// nucleotide -1

// particle -1
sphere {
	<41.644814, 50.259045, 54.387463> 0.250000
	pigment { color rgbt <1,0,0,0> }
	no_shadow
}
cylinder {
	<41.750584, 49.875816, 54.343307>,  <41.814045, 49.645882, 54.316814>, 0.100000
	pigment { color rgbt <1,0,0,0> }
	no_shadow
}
cylinder {
	<41.750584, 49.875816, 54.343307>,  <41.644814, 50.259045, 54.387463>, 0.100000
	pigment { color rgbt <1,0,0,0> }
	no_shadow
}

// particle -1
sphere {
	<41.750584, 49.875816, 54.343307> 0.100000
	pigment { color rgbt <1,0,0,0> }
	no_shadow
}
sphere {
	0, 1
	scale<0.080000,0.200000,0.300000>
	matrix <-0.352984, 0.010369, -0.935572,
		0.897486, 0.286354, -0.335441,
		0.264426, -0.958068, -0.110384,
		41.829910, 49.588394, 54.310192>
	pigment { color rgbt <0,1,1,0> }
	no_shadow
}
cylinder {
	<42.095985, 50.261436, 53.875435>,  <41.644814, 50.259045, 54.387463>, 0.130000
	pigment { color rgbt <1,0,0,0> }
	no_shadow
}

// nucleotide -1

// particle -1
sphere {
	<42.095985, 50.261436, 53.875435> 0.250000
	pigment { color rgbt <1,0,0,0> }
	no_shadow
}
cylinder {
	<41.892059, 49.922016, 53.932072>,  <41.769703, 49.718365, 53.966053>, 0.100000
	pigment { color rgbt <1,0,0,0> }
	no_shadow
}
cylinder {
	<41.892059, 49.922016, 53.932072>,  <42.095985, 50.261436, 53.875435>, 0.100000
	pigment { color rgbt <1,0,0,0> }
	no_shadow
}

// particle -1
sphere {
	<41.892059, 49.922016, 53.932072> 0.100000
	pigment { color rgbt <1,0,0,0> }
	no_shadow
}
sphere {
	0, 1
	scale<0.080000,0.200000,0.300000>
	matrix <-0.038598, -0.141865, -0.989133,
		0.859417, -0.509742, 0.039573,
		-0.509817, -0.848550, 0.141596,
		41.739113, 49.667450, 53.974552>
	pigment { color rgbt <0,1,1,0> }
	no_shadow
}
cylinder {
	<42.368202, 49.736580, 53.390160>,  <42.095985, 50.261436, 53.875435>, 0.130000
	pigment { color rgbt <1,0,0,0> }
	no_shadow
}

// nucleotide -1

// particle -1
sphere {
	<42.368202, 49.736580, 53.390160> 0.250000
	pigment { color rgbt <1,0,0,0> }
	no_shadow
}
cylinder {
	<41.993553, 49.640137, 53.491837>,  <41.768764, 49.582272, 53.552845>, 0.100000
	pigment { color rgbt <1,0,0,0> }
	no_shadow
}
cylinder {
	<41.993553, 49.640137, 53.491837>,  <42.368202, 49.736580, 53.390160>, 0.100000
	pigment { color rgbt <1,0,0,0> }
	no_shadow
}

// particle -1
sphere {
	<41.993553, 49.640137, 53.491837> 0.100000
	pigment { color rgbt <1,0,0,0> }
	no_shadow
}
sphere {
	0, 1
	scale<0.080000,0.200000,0.300000>
	matrix <-0.206905, -0.204851, -0.956675,
		0.282730, -0.948633, 0.141981,
		-0.936619, -0.241104, 0.254194,
		41.712566, 49.567806, 53.568096>
	pigment { color rgbt <0,1,1,0> }
	no_shadow
}
cylinder {
	<42.868587, 50.201019, 53.457691>,  <42.368202, 49.736580, 53.390160>, 0.130000
	pigment { color rgbt <1,0,0,0> }
	no_shadow
}

// nucleotide -1

// particle -1
sphere {
	<42.868587, 50.201019, 53.457691> 0.250000
	pigment { color rgbt <1,0,0,0> }
	no_shadow
}
cylinder {
	<42.738464, 50.412495, 53.771294>,  <42.660389, 50.539379, 53.959454>, 0.100000
	pigment { color rgbt <1,0,0,0> }
	no_shadow
}
cylinder {
	<42.738464, 50.412495, 53.771294>,  <42.868587, 50.201019, 53.457691>, 0.100000
	pigment { color rgbt <1,0,0,0> }
	no_shadow
}

// particle -1
sphere {
	<42.738464, 50.412495, 53.771294> 0.100000
	pigment { color rgbt <1,0,0,0> }
	no_shadow
}
sphere {
	0, 1
	scale<0.080000,0.200000,0.300000>
	matrix <-0.809769, -0.583899, 0.057751,
		0.488311, -0.616075, 0.618065,
		-0.325309, 0.528690, 0.784003,
		42.640873, 50.571102, 54.006496>
	pigment { color rgbt <0,1,1,0> }
	no_shadow
}
cylinder {
	<43.124622, 50.658485, 52.944775>,  <42.868587, 50.201019, 53.457691>, 0.130000
	pigment { color rgbt <1,0,0,0> }
	no_shadow
}

// nucleotide -1

// particle -1
sphere {
	<43.124622, 50.658485, 52.944775> 0.250000
	pigment { color rgbt <1,0,0,0> }
	no_shadow
}
cylinder {
	<42.932747, 50.522713, 52.621124>,  <42.817619, 50.441250, 52.426933>, 0.100000
	pigment { color rgbt <1,0,0,0> }
	no_shadow
}
cylinder {
	<42.932747, 50.522713, 52.621124>,  <43.124622, 50.658485, 52.944775>, 0.100000
	pigment { color rgbt <1,0,0,0> }
	no_shadow
}

// particle -1
sphere {
	<42.932747, 50.522713, 52.621124> 0.100000
	pigment { color rgbt <1,0,0,0> }
	no_shadow
}
sphere {
	0, 1
	scale<0.080000,0.200000,0.300000>
	matrix <0.848491, 0.055459, -0.526296,
		0.223515, -0.938994, 0.261401,
		-0.479692, -0.339432, -0.809124,
		42.788841, 50.420883, 52.378387>
	pigment { color rgbt <0,1,1,0> }
	no_shadow
}
cylinder {
	<43.460850, 50.037556, 52.645203>,  <43.124622, 50.658485, 52.944775>, 0.130000
	pigment { color rgbt <1,0,0,0> }
	no_shadow
}

// nucleotide -1

// particle -1
sphere {
	<43.460850, 50.037556, 52.645203> 0.250000
	pigment { color rgbt <1,0,0,0> }
	no_shadow
}
cylinder {
	<43.254448, 50.220966, 52.355793>,  <43.130608, 50.331013, 52.182148>, 0.100000
	pigment { color rgbt <1,0,0,0> }
	no_shadow
}
cylinder {
	<43.254448, 50.220966, 52.355793>,  <43.460850, 50.037556, 52.645203>, 0.100000
	pigment { color rgbt <1,0,0,0> }
	no_shadow
}

// particle -1
sphere {
	<43.254448, 50.220966, 52.355793> 0.100000
	pigment { color rgbt <1,0,0,0> }
	no_shadow
}
sphere {
	0, 1
	scale<0.080000,0.200000,0.300000>
	matrix <0.812857, -0.004308, -0.582448,
		-0.270188, -0.888668, -0.370498,
		-0.516006, 0.458532, -0.723524,
		43.099648, 50.358524, 52.138737>
	pigment { color rgbt <0,1,1,0> }
	no_shadow
}
cylinder {
	<43.760803, 49.994976, 52.026741>,  <43.460850, 50.037556, 52.645203>, 0.130000
	pigment { color rgbt <1,0,0,0> }
	no_shadow
}

// nucleotide -1

// particle -1
sphere {
	<43.760803, 49.994976, 52.026741> 0.250000
	pigment { color rgbt <1,0,0,0> }
	no_shadow
}
cylinder {
	<43.523781, 50.308762, 51.953533>,  <43.381569, 50.497032, 51.909607>, 0.100000
	pigment { color rgbt <1,0,0,0> }
	no_shadow
}
cylinder {
	<43.523781, 50.308762, 51.953533>,  <43.760803, 49.994976, 52.026741>, 0.100000
	pigment { color rgbt <1,0,0,0> }
	no_shadow
}

// particle -1
sphere {
	<43.523781, 50.308762, 51.953533> 0.100000
	pigment { color rgbt <1,0,0,0> }
	no_shadow
}
sphere {
	0, 1
	scale<0.080000,0.200000,0.300000>
	matrix <0.589305, 0.267260, -0.762425,
		-0.549183, -0.559630, -0.620655,
		-0.592552, 0.784466, -0.183018,
		43.346016, 50.544102, 51.898628>
	pigment { color rgbt <0,1,1,0> }
	no_shadow
}
cylinder {
	<44.277664, 49.962456, 51.418056>,  <43.760803, 49.994976, 52.026741>, 0.130000
	pigment { color rgbt <1,0,0,0> }
	no_shadow
}

// nucleotide -1

// particle -1
sphere {
	<44.277664, 49.962456, 51.418056> 0.250000
	pigment { color rgbt <1,0,0,0> }
	no_shadow
}
cylinder {
	<44.328953, 49.623211, 51.623688>,  <44.359726, 49.419666, 51.747066>, 0.100000
	pigment { color rgbt <1,0,0,0> }
	no_shadow
}
cylinder {
	<44.328953, 49.623211, 51.623688>,  <44.277664, 49.962456, 51.418056>, 0.100000
	pigment { color rgbt <1,0,0,0> }
	no_shadow
}

// particle -1
sphere {
	<44.328953, 49.623211, 51.623688> 0.100000
	pigment { color rgbt <1,0,0,0> }
	no_shadow
}
sphere {
	0, 1
	scale<0.080000,0.200000,0.300000>
	matrix <0.809257, -0.210166, -0.548573,
		0.573290, 0.486358, 0.659389,
		0.128222, -0.848107, 0.514075,
		44.367420, 49.368778, 51.777908>
	pigment { color rgbt <0,1,1,0> }
	no_shadow
}
cylinder {
	<45.005436, 50.233303, 51.555283>,  <44.277664, 49.962456, 51.418056>, 0.130000
	pigment { color rgbt <1,0,0,0> }
	no_shadow
}

// nucleotide -1

// particle -1
sphere {
	<45.005436, 50.233303, 51.555283> 0.250000
	pigment { color rgbt <1,0,0,0> }
	no_shadow
}
cylinder {
	<45.088978, 49.934765, 51.302505>,  <45.139103, 49.755642, 51.150841>, 0.100000
	pigment { color rgbt <1,0,0,0> }
	no_shadow
}
cylinder {
	<45.088978, 49.934765, 51.302505>,  <45.005436, 50.233303, 51.555283>, 0.100000
	pigment { color rgbt <1,0,0,0> }
	no_shadow
}

// particle -1
sphere {
	<45.088978, 49.934765, 51.302505> 0.100000
	pigment { color rgbt <1,0,0,0> }
	no_shadow
}
sphere {
	0, 1
	scale<0.080000,0.200000,0.300000>
	matrix <0.811090, 0.493214, -0.314440,
		0.546362, -0.446887, 0.708364,
		0.208856, -0.746345, -0.631940,
		45.151634, 49.710861, 51.112923>
	pigment { color rgbt <0,1,1,0> }
	no_shadow
}
cylinder {
	<45.662712, 50.025120, 51.640102>,  <45.005436, 50.233303, 51.555283>, 0.130000
	pigment { color rgbt <1,0,0,0> }
	no_shadow
}

// nucleotide -1

// particle -1
sphere {
	<45.662712, 50.025120, 51.640102> 0.250000
	pigment { color rgbt <1,0,0,0> }
	no_shadow
}
cylinder {
	<45.554989, 49.964287, 51.259716>,  <45.490356, 49.927788, 51.031483>, 0.100000
	pigment { color rgbt <1,0,0,0> }
	no_shadow
}
cylinder {
	<45.554989, 49.964287, 51.259716>,  <45.662712, 50.025120, 51.640102>, 0.100000
	pigment { color rgbt <1,0,0,0> }
	no_shadow
}

// particle -1
sphere {
	<45.554989, 49.964287, 51.259716> 0.100000
	pigment { color rgbt <1,0,0,0> }
	no_shadow
}
sphere {
	0, 1
	scale<0.080000,0.200000,0.300000>
	matrix <0.862777, 0.400628, -0.308404,
		0.427888, -0.903531, 0.023322,
		-0.269309, -0.152084, -0.950969,
		45.474197, 49.918663, 50.974426>
	pigment { color rgbt <0,1,1,0> }
	no_shadow
}
cylinder {
	<46.159477, 49.674198, 51.354805>,  <45.662712, 50.025120, 51.640102>, 0.130000
	pigment { color rgbt <1,0,0,0> }
	no_shadow
}

// nucleotide -1

// particle -1
sphere {
	<46.159477, 49.674198, 51.354805> 0.250000
	pigment { color rgbt <1,0,0,0> }
	no_shadow
}
cylinder {
	<45.962585, 49.881836, 51.075306>,  <45.844448, 50.006416, 50.907608>, 0.100000
	pigment { color rgbt <1,0,0,0> }
	no_shadow
}
cylinder {
	<45.962585, 49.881836, 51.075306>,  <46.159477, 49.674198, 51.354805>, 0.100000
	pigment { color rgbt <1,0,0,0> }
	no_shadow
}

// particle -1
sphere {
	<45.962585, 49.881836, 51.075306> 0.100000
	pigment { color rgbt <1,0,0,0> }
	no_shadow
}
sphere {
	0, 1
	scale<0.080000,0.200000,0.300000>
	matrix <0.811653, 0.563757, -0.152959,
		0.314525, -0.642433, -0.698823,
		-0.492233, 0.519093, -0.698749,
		45.814915, 50.037563, 50.865681>
	pigment { color rgbt <0,1,1,0> }
	no_shadow
}
cylinder {
	<46.432941, 49.661819, 50.706226>,  <46.159477, 49.674198, 51.354805>, 0.130000
	pigment { color rgbt <1,0,0,0> }
	no_shadow
}

// nucleotide -1

// particle -1
sphere {
	<46.432941, 49.661819, 50.706226> 0.250000
	pigment { color rgbt <1,0,0,0> }
	no_shadow
}
cylinder {
	<46.254303, 50.009315, 50.791878>,  <46.147121, 50.217812, 50.843269>, 0.100000
	pigment { color rgbt <1,0,0,0> }
	no_shadow
}
cylinder {
	<46.254303, 50.009315, 50.791878>,  <46.432941, 49.661819, 50.706226>, 0.100000
	pigment { color rgbt <1,0,0,0> }
	no_shadow
}

// particle -1
sphere {
	<46.254303, 50.009315, 50.791878> 0.100000
	pigment { color rgbt <1,0,0,0> }
	no_shadow
}
sphere {
	0, 1
	scale<0.080000,0.200000,0.300000>
	matrix <0.894298, 0.440894, 0.076445,
		-0.027996, 0.225632, -0.973810,
		-0.446596, 0.868736, 0.214126,
		46.120323, 50.269936, 50.856117>
	pigment { color rgbt <0,1,1,0> }
	no_shadow
}
cylinder {
	<46.552326, 50.179573, 50.196129>,  <46.432941, 49.661819, 50.706226>, 0.130000
	pigment { color rgbt <1,0,0,0> }
	no_shadow
}

// nucleotide -1

// particle -1
sphere {
	<46.552326, 50.179573, 50.196129> 0.250000
	pigment { color rgbt <1,0,0,0> }
	no_shadow
}
cylinder {
	<46.490990, 50.343788, 50.555672>,  <46.454189, 50.442318, 50.771397>, 0.100000
	pigment { color rgbt <1,0,0,0> }
	no_shadow
}
cylinder {
	<46.490990, 50.343788, 50.555672>,  <46.552326, 50.179573, 50.196129>, 0.100000
	pigment { color rgbt <1,0,0,0> }
	no_shadow
}

// particle -1
sphere {
	<46.490990, 50.343788, 50.555672> 0.100000
	pigment { color rgbt <1,0,0,0> }
	no_shadow
}
sphere {
	0, 1
	scale<0.080000,0.200000,0.300000>
	matrix <0.922808, 0.384825, -0.018334,
		-0.353430, 0.826663, -0.437852,
		-0.153341, 0.410533, 0.898860,
		46.444988, 50.466949, 50.825329>
	pigment { color rgbt <0,1,1,0> }
	no_shadow
}
cylinder {
	<47.061920, 50.687061, 50.183117>,  <46.552326, 50.179573, 50.196129>, 0.130000
	pigment { color rgbt <1,0,0,0> }
	no_shadow
}

// nucleotide -1

// particle -1
sphere {
	<47.061920, 50.687061, 50.183117> 0.250000
	pigment { color rgbt <1,0,0,0> }
	no_shadow
}
cylinder {
	<46.954441, 50.644539, 50.566055>,  <46.889954, 50.619026, 50.795818>, 0.100000
	pigment { color rgbt <1,0,0,0> }
	no_shadow
}
cylinder {
	<46.954441, 50.644539, 50.566055>,  <47.061920, 50.687061, 50.183117>, 0.100000
	pigment { color rgbt <1,0,0,0> }
	no_shadow
}

// particle -1
sphere {
	<46.954441, 50.644539, 50.566055> 0.100000
	pigment { color rgbt <1,0,0,0> }
	no_shadow
}
sphere {
	0, 1
	scale<0.080000,0.200000,0.300000>
	matrix <0.893816, 0.342937, 0.288943,
		-0.359023, 0.933324, 0.002870,
		-0.268693, -0.106302, 0.957342,
		46.873833, 50.612648, 50.853256>
	pigment { color rgbt <0,1,1,0> }
	no_shadow
}
cylinder {
	<47.292076, 51.240395, 50.411694>,  <47.061920, 50.687061, 50.183117>, 0.130000
	pigment { color rgbt <1,0,0,0> }
	no_shadow
}

// nucleotide -1

// particle -1
sphere {
	<47.292076, 51.240395, 50.411694> 0.250000
	pigment { color rgbt <1,0,0,0> }
	no_shadow
}
cylinder {
	<47.249088, 50.977055, 50.709694>,  <47.223297, 50.819050, 50.888496>, 0.100000
	pigment { color rgbt <1,0,0,0> }
	no_shadow
}
cylinder {
	<47.249088, 50.977055, 50.709694>,  <47.292076, 51.240395, 50.411694>, 0.100000
	pigment { color rgbt <1,0,0,0> }
	no_shadow
}

// particle -1
sphere {
	<47.249088, 50.977055, 50.709694> 0.100000
	pigment { color rgbt <1,0,0,0> }
	no_shadow
}
sphere {
	0, 1
	scale<0.080000,0.200000,0.300000>
	matrix <0.947837, 0.158341, 0.276648,
		-0.300095, 0.735871, 0.606990,
		-0.107466, -0.658348, 0.745003,
		47.216850, 50.779549, 50.933193>
	pigment { color rgbt <0,1,1,0> }
	no_shadow
}
cylinder {
	<47.558388, 51.573566, 51.000572>,  <47.292076, 51.240395, 50.411694>, 0.130000
	pigment { color rgbt <1,0,0,0> }
	no_shadow
}

// nucleotide -1

// particle -1
sphere {
	<47.558388, 51.573566, 51.000572> 0.250000
	pigment { color rgbt <1,0,0,0> }
	no_shadow
}
cylinder {
	<47.600433, 51.178448, 50.954597>,  <47.625660, 50.941376, 50.927013>, 0.100000
	pigment { color rgbt <1,0,0,0> }
	no_shadow
}
cylinder {
	<47.600433, 51.178448, 50.954597>,  <47.558388, 51.573566, 51.000572>, 0.100000
	pigment { color rgbt <1,0,0,0> }
	no_shadow
}

// particle -1
sphere {
	<47.600433, 51.178448, 50.954597> 0.100000
	pigment { color rgbt <1,0,0,0> }
	no_shadow
}
sphere {
	0, 1
	scale<0.080000,0.200000,0.300000>
	matrix <0.982910, 0.085636, 0.162955,
		-0.151123, -0.130106, 0.979915,
		0.105117, -0.987795, -0.114941,
		47.631969, 50.882111, 50.920116>
	pigment { color rgbt <0,1,1,0> }
	no_shadow
}
cylinder {
	<48.111694, 51.701328, 51.503220>,  <47.558388, 51.573566, 51.000572>, 0.130000
	pigment { color rgbt <1,0,0,0> }
	no_shadow
}

// nucleotide -1

// particle -1
sphere {
	<48.111694, 51.701328, 51.503220> 0.250000
	pigment { color rgbt <1,0,0,0> }
	no_shadow
}
cylinder {
	<48.238998, 52.062893, 51.617519>,  <48.315380, 52.279831, 51.686100>, 0.100000
	pigment { color rgbt <1,0,0,0> }
	no_shadow
}
cylinder {
	<48.238998, 52.062893, 51.617519>,  <48.111694, 51.701328, 51.503220>, 0.100000
	pigment { color rgbt <1,0,0,0> }
	no_shadow
}

// particle -1
sphere {
	<48.238998, 52.062893, 51.617519> 0.100000
	pigment { color rgbt <1,0,0,0> }
	no_shadow
}
sphere {
	0, 1
	scale<0.080000,0.200000,0.300000>
	matrix <0.791553, -0.419248, 0.444606,
		0.521686, 0.084689, -0.848924,
		0.318257, 0.903913, 0.285752,
		48.334476, 52.334068, 51.703243>
	pigment { color rgbt <0,1,1,0> }
	no_shadow
}
cylinder {
	<48.887394, 51.862194, 51.267712>,  <48.111694, 51.701328, 51.503220>, 0.130000
	pigment { color rgbt <1,0,0,0> }
	no_shadow
}

// nucleotide -1

// particle -1
sphere {
	<48.887394, 51.862194, 51.267712> 0.250000
	pigment { color rgbt <1,0,0,0> }
	no_shadow
}
cylinder {
	<48.758728, 51.978722, 51.628082>,  <48.681530, 52.048637, 51.844303>, 0.100000
	pigment { color rgbt <1,0,0,0> }
	no_shadow
}
cylinder {
	<48.758728, 51.978722, 51.628082>,  <48.887394, 51.862194, 51.267712>, 0.100000
	pigment { color rgbt <1,0,0,0> }
	no_shadow
}

// particle -1
sphere {
	<48.758728, 51.978722, 51.628082> 0.100000
	pigment { color rgbt <1,0,0,0> }
	no_shadow
}
sphere {
	0, 1
	scale<0.080000,0.200000,0.300000>
	matrix <0.743233, -0.511825, 0.430859,
		0.586633, 0.808189, -0.051883,
		-0.321660, 0.291317, 0.900927,
		48.662231, 52.066116, 51.898361>
	pigment { color rgbt <0,1,1,0> }
	no_shadow
}
cylinder {
	<49.538227, 52.132694, 51.640594>,  <48.887394, 51.862194, 51.267712>, 0.130000
	pigment { color rgbt <1,0,0,0> }
	no_shadow
}

// nucleotide -1

// particle -1
sphere {
	<49.538227, 52.132694, 51.640594> 0.250000
	pigment { color rgbt <1,0,0,0> }
	no_shadow
}
cylinder {
	<49.244942, 51.996117, 51.875816>,  <49.068970, 51.914169, 52.016949>, 0.100000
	pigment { color rgbt <1,0,0,0> }
	no_shadow
}
cylinder {
	<49.244942, 51.996117, 51.875816>,  <49.538227, 52.132694, 51.640594>, 0.100000
	pigment { color rgbt <1,0,0,0> }
	no_shadow
}

// particle -1
sphere {
	<49.244942, 51.996117, 51.875816> 0.100000
	pigment { color rgbt <1,0,0,0> }
	no_shadow
}
sphere {
	0, 1
	scale<0.080000,0.200000,0.300000>
	matrix <0.668527, -0.520109, 0.531562,
		0.124352, 0.782879, 0.609620,
		-0.733218, -0.341446, 0.588052,
		49.024975, 51.893684, 52.052231>
	pigment { color rgbt <0,1,1,0> }
	no_shadow
}
cylinder {
	<49.702396, 52.640797, 52.180569>,  <49.538227, 52.132694, 51.640594>, 0.130000
	pigment { color rgbt <1,0,0,0> }
	no_shadow
}

// nucleotide -1

// particle -1
sphere {
	<49.702396, 52.640797, 52.180569> 0.250000
	pigment { color rgbt <1,0,0,0> }
	no_shadow
}
cylinder {
	<49.664745, 52.513367, 52.557854>,  <49.642155, 52.436909, 52.784225>, 0.100000
	pigment { color rgbt <1,0,0,0> }
	no_shadow
}
cylinder {
	<49.664745, 52.513367, 52.557854>,  <49.702396, 52.640797, 52.180569>, 0.100000
	pigment { color rgbt <1,0,0,0> }
	no_shadow
}

// particle -1
sphere {
	<49.664745, 52.513367, 52.557854> 0.100000
	pigment { color rgbt <1,0,0,0> }
	no_shadow
}
sphere {
	0, 1
	scale<0.080000,0.200000,0.300000>
	matrix <0.975298, 0.160662, 0.151596,
		-0.199833, 0.934184, 0.295578,
		-0.094130, -0.318571, 0.943214,
		49.636505, 52.417797, 52.840816>
	pigment { color rgbt <0,1,1,0> }
	no_shadow
}
cylinder {
	<49.932644, 53.099075, 52.544109>,  <49.702396, 52.640797, 52.180569>, 0.130000
	pigment { color rgbt <1,0,0,0> }
	no_shadow
}

// nucleotide -1

// particle -1
sphere {
	<49.932644, 53.099075, 52.544109> 0.250000
	pigment { color rgbt <1,0,0,0> }
	no_shadow
}
cylinder {
	<49.952557, 52.784592, 52.790493>,  <49.964504, 52.595901, 52.938324>, 0.100000
	pigment { color rgbt <1,0,0,0> }
	no_shadow
}
cylinder {
	<49.952557, 52.784592, 52.790493>,  <49.932644, 53.099075, 52.544109>, 0.100000
	pigment { color rgbt <1,0,0,0> }
	no_shadow
}

// particle -1
sphere {
	<49.952557, 52.784592, 52.790493> 0.100000
	pigment { color rgbt <1,0,0,0> }
	no_shadow
}
sphere {
	0, 1
	scale<0.080000,0.200000,0.300000>
	matrix <0.944735, 0.237153, 0.226349,
		-0.324033, 0.570646, 0.754563,
		0.049782, -0.786207, 0.615955,
		49.967491, 52.548729, 52.975281>
	pigment { color rgbt <0,1,1,0> }
	no_shadow
}
cylinder {
	<50.138107, 53.288429, 53.199181>,  <49.932644, 53.099075, 52.544109>, 0.130000
	pigment { color rgbt <1,0,0,0> }
	no_shadow
}

// nucleotide -1

// particle -1
sphere {
	<50.138107, 53.288429, 53.199181> 0.250000
	pigment { color rgbt <1,0,0,0> }
	no_shadow
}
cylinder {
	<50.253815, 52.916550, 53.107979>,  <50.323238, 52.693424, 53.053257>, 0.100000
	pigment { color rgbt <1,0,0,0> }
	no_shadow
}
cylinder {
	<50.253815, 52.916550, 53.107979>,  <50.138107, 53.288429, 53.199181>, 0.100000
	pigment { color rgbt <1,0,0,0> }
	no_shadow
}

// particle -1
sphere {
	<50.253815, 52.916550, 53.107979> 0.100000
	pigment { color rgbt <1,0,0,0> }
	no_shadow
}
sphere {
	0, 1
	scale<0.080000,0.200000,0.300000>
	matrix <0.942477, 0.234928, 0.237794,
		-0.167512, -0.283678, 0.944175,
		0.289270, -0.929697, -0.228007,
		50.340595, 52.637642, 53.039577>
	pigment { color rgbt <0,1,1,0> }
	no_shadow
}
cylinder {
	<50.481365, 52.978165, 53.741844>,  <50.138107, 53.288429, 53.199181>, 0.130000
	pigment { color rgbt <1,0,0,0> }
	no_shadow
}

// nucleotide -1

// particle -1
sphere {
	<50.481365, 52.978165, 53.741844> 0.250000
	pigment { color rgbt <1,0,0,0> }
	no_shadow
}
cylinder {
	<50.630684, 52.811516, 53.410286>,  <50.720276, 52.711525, 53.211349>, 0.100000
	pigment { color rgbt <1,0,0,0> }
	no_shadow
}
cylinder {
	<50.630684, 52.811516, 53.410286>,  <50.481365, 52.978165, 53.741844>, 0.100000
	pigment { color rgbt <1,0,0,0> }
	no_shadow
}

// particle -1
sphere {
	<50.630684, 52.811516, 53.410286> 0.100000
	pigment { color rgbt <1,0,0,0> }
	no_shadow
}
sphere {
	0, 1
	scale<0.080000,0.200000,0.300000>
	matrix <0.910514, 0.335779, 0.241282,
		0.177802, -0.844792, 0.504690,
		0.373298, -0.416627, -0.828897,
		50.742672, 52.686527, 53.161617>
	pigment { color rgbt <0,1,1,0> }
	no_shadow
}
cylinder {
	<51.130260, 52.705692, 53.999187>,  <50.481365, 52.978165, 53.741844>, 0.130000
	pigment { color rgbt <1,0,0,0> }
	no_shadow
}

// nucleotide -1

// particle -1
sphere {
	<51.130260, 52.705692, 53.999187> 0.250000
	pigment { color rgbt <1,0,0,0> }
	no_shadow
}
cylinder {
	<51.152649, 52.713722, 53.599895>,  <51.166084, 52.718540, 53.360321>, 0.100000
	pigment { color rgbt <1,0,0,0> }
	no_shadow
}
cylinder {
	<51.152649, 52.713722, 53.599895>,  <51.130260, 52.705692, 53.999187>, 0.100000
	pigment { color rgbt <1,0,0,0> }
	no_shadow
}

// particle -1
sphere {
	<51.152649, 52.713722, 53.599895> 0.100000
	pigment { color rgbt <1,0,0,0> }
	no_shadow
}
sphere {
	0, 1
	scale<0.080000,0.200000,0.300000>
	matrix <0.984768, 0.163732, 0.058512,
		0.164617, -0.986300, -0.010604,
		0.055974, 0.020075, -0.998230,
		51.169441, 52.719746, 53.300426>
	pigment { color rgbt <0,1,1,0> }
	no_shadow
}
cylinder {
	<51.583157, 52.188705, 53.727619>,  <51.130260, 52.705692, 53.999187>, 0.130000
	pigment { color rgbt <1,0,0,0> }
	no_shadow
}

// nucleotide -1

// particle -1
sphere {
	<51.583157, 52.188705, 53.727619> 0.250000
	pigment { color rgbt <1,0,0,0> }
	no_shadow
}
cylinder {
	<51.571247, 52.523617, 53.509232>,  <51.564102, 52.724564, 53.378201>, 0.100000
	pigment { color rgbt <1,0,0,0> }
	no_shadow
}
cylinder {
	<51.571247, 52.523617, 53.509232>,  <51.583157, 52.188705, 53.727619>, 0.100000
	pigment { color rgbt <1,0,0,0> }
	no_shadow
}

// particle -1
sphere {
	<51.571247, 52.523617, 53.509232> 0.100000
	pigment { color rgbt <1,0,0,0> }
	no_shadow
}
sphere {
	0, 1
	scale<0.080000,0.200000,0.300000>
	matrix <0.946110, 0.199825, 0.254844,
		0.322473, -0.508955, -0.798108,
		-0.029778, 0.837278, -0.545965,
		51.562313, 52.774799, 53.345444>
	pigment { color rgbt <0,1,1,0> }
	no_shadow
}
cylinder {
	<52.314117, 52.274376, 53.442448>,  <51.583157, 52.188705, 53.727619>, 0.130000
	pigment { color rgbt <1,0,0,0> }
	no_shadow
}

// nucleotide -1

// particle -1
sphere {
	<52.314117, 52.274376, 53.442448> 0.250000
	pigment { color rgbt <1,0,0,0> }
	no_shadow
}
cylinder {
	<52.115971, 52.621574, 53.428589>,  <51.997082, 52.829891, 53.420273>, 0.100000
	pigment { color rgbt <1,0,0,0> }
	no_shadow
}
cylinder {
	<52.115971, 52.621574, 53.428589>,  <52.314117, 52.274376, 53.442448>, 0.100000
	pigment { color rgbt <1,0,0,0> }
	no_shadow
}

// particle -1
sphere {
	<52.115971, 52.621574, 53.428589> 0.100000
	pigment { color rgbt <1,0,0,0> }
	no_shadow
}
sphere {
	0, 1
	scale<0.080000,0.200000,0.300000>
	matrix <0.853082, 0.493610, 0.169115,
		0.163893, 0.054216, -0.984987,
		-0.495368, 0.867992, -0.034648,
		51.967361, 52.881973, 53.418194>
	pigment { color rgbt <0,1,1,0> }
	no_shadow
}
cylinder {
	<52.688007, 52.657173, 52.987362>,  <52.314117, 52.274376, 53.442448>, 0.130000
	pigment { color rgbt <1,0,0,0> }
	no_shadow
}

// nucleotide -1

// particle -1
sphere {
	<52.688007, 52.657173, 52.987362> 0.250000
	pigment { color rgbt <1,0,0,0> }
	no_shadow
}
cylinder {
	<52.506531, 52.910141, 53.238503>,  <52.397644, 53.061924, 53.389187>, 0.100000
	pigment { color rgbt <1,0,0,0> }
	no_shadow
}
cylinder {
	<52.506531, 52.910141, 53.238503>,  <52.688007, 52.657173, 52.987362>, 0.100000
	pigment { color rgbt <1,0,0,0> }
	no_shadow
}

// particle -1
sphere {
	<52.506531, 52.910141, 53.238503> 0.100000
	pigment { color rgbt <1,0,0,0> }
	no_shadow
}
sphere {
	0, 1
	scale<0.080000,0.200000,0.300000>
	matrix <0.891117, 0.328642, 0.312897,
		-0.008456, 0.701452, -0.712667,
		-0.453695, 0.632424, 0.627855,
		52.370422, 53.099869, 53.426861>
	pigment { color rgbt <0,1,1,0> }
	no_shadow
}
cylinder {
	<52.775536, 53.374702, 52.803459>,  <52.688007, 52.657173, 52.987362>, 0.130000
	pigment { color rgbt <1,0,0,0> }
	no_shadow
}

// nucleotide -1

// particle -1
sphere {
	<52.775536, 53.374702, 52.803459> 0.250000
	pigment { color rgbt <1,0,0,0> }
	no_shadow
}
cylinder {
	<52.729446, 53.335999, 53.198906>,  <52.701794, 53.312778, 53.436172>, 0.100000
	pigment { color rgbt <1,0,0,0> }
	no_shadow
}
cylinder {
	<52.729446, 53.335999, 53.198906>,  <52.775536, 53.374702, 52.803459>, 0.100000
	pigment { color rgbt <1,0,0,0> }
	no_shadow
}

// particle -1
sphere {
	<52.729446, 53.335999, 53.198906> 0.100000
	pigment { color rgbt <1,0,0,0> }
	no_shadow
}
sphere {
	0, 1
	scale<0.080000,0.200000,0.300000>
	matrix <0.967763, 0.213456, 0.133684,
		-0.223961, 0.972150, 0.069041,
		-0.115223, -0.096755, 0.988616,
		52.694878, 53.306973, 53.495491>
	pigment { color rgbt <0,1,1,0> }
	no_shadow
}
cylinder {
	<52.278553, 53.911869, 52.978455>,  <52.775536, 53.374702, 52.803459>, 0.130000
	pigment { color rgbt <1,0,0,0> }
	no_shadow
}

// nucleotide -1

// particle -1
sphere {
	<52.278553, 53.911869, 52.978455> 0.250000
	pigment { color rgbt <1,0,0,0> }
	no_shadow
}
cylinder {
	<52.617241, 53.798080, 53.158295>,  <52.820454, 53.729809, 53.266197>, 0.100000
	pigment { color rgbt <1,0,0,0> }
	no_shadow
}
cylinder {
	<52.617241, 53.798080, 53.158295>,  <52.278553, 53.911869, 52.978455>, 0.100000
	pigment { color rgbt <1,0,0,0> }
	no_shadow
}

// particle -1
sphere {
	<52.617241, 53.798080, 53.158295> 0.100000
	pigment { color rgbt <1,0,0,0> }
	no_shadow
}
sphere {
	0, 1
	scale<0.080000,0.200000,0.300000>
	matrix <0.258685, 0.958563, 0.119325,
		-0.464912, 0.015269, 0.885225,
