// switches for output
#declare DRAW_BASES = 1; // possible values are 0, 1; only relevant for DNA ribbons
#declare DRAW_BASES_TYPE = 3; // possible values are 1, 2, 3; only relevant for DNA ribbons
#declare DRAW_FOG = 0; // set to 1 to enable fog

#include "colors.inc"

#include "transforms.inc"
background { rgb <1, 1, 1>}

#default {
   normal{
       ripples 0.25
       frequency 0.20
       turbulence 0.2
       lambda 5
   }
	finish {
		phong 0.1
		phong_size 40.
	}
}

// original window dimensions: 1024x640


// camera settings

camera {
	sky <-0, 1, 0>
	up <-0, 1, 0>
	right 1.6 * <0.99995, 0, 0.00999983>
	location <54.4867, 55, 106.329>
	look_at <55, 55, 55.0001>
	direction <0.513302, 0, -51.3289>
	angle 67.0682
}


# declare cpy_camera_pos = <54.4867, 55, 106.329>;
# if (DRAW_FOG = 1)
fog {
	fog_type 2
	up vnormalize(cpy_camera_pos)
	color rgbt<1,1,1,0.3>
	distance 1e-5
	fog_alt 3e-3
	fog_offset 88
}
# end


// LIGHTS

# declare lum = 6;
global_settings {
	ambient_light rgb lum * <0.05, 0.05, 0.05>
	max_trace_level 15
}# declare cpy_direct_light_amount = 0.25;
light_source
{	1000 * <-0.98995, -1, 1.00995>,
	rgb lum * cpy_direct_light_amount
	parallel
}

light_source
{	1000 * <0.98995, 1, -1.00995>,
	rgb lum * cpy_direct_light_amount
	parallel
}

// strand 0

// nucleotide -1

// particle -1
sphere {
	<36.560081, 53.240936, 49.709141> 0.250000
	pigment { color rgbt <1,0,0,0> }
	no_shadow
}
cylinder {
	<36.857666, 53.235359, 49.976372>,  <37.036217, 53.232014, 50.136711>, 0.100000
	pigment { color rgbt <1,0,0,0> }
	no_shadow
}
cylinder {
	<36.857666, 53.235359, 49.976372>,  <36.560081, 53.240936, 49.709141>, 0.100000
	pigment { color rgbt <1,0,0,0> }
	no_shadow
}

// particle -1
sphere {
	<36.857666, 53.235359, 49.976372> 0.100000
	pigment { color rgbt <1,0,0,0> }
	no_shadow
}
sphere {
	0, 1
	scale<0.080000,0.200000,0.300000>
	matrix <0.629652, 0.349392, -0.693876,
		-0.223744, 0.936873, 0.268715,
		0.743960, -0.013947, 0.668078,
		37.080853, 53.231174, 50.176796>
	pigment { color rgbt <0,1,1,0> }
	no_shadow
}
cylinder {
	<37.176266, 53.716667, 49.633205>,  <36.560081, 53.240936, 49.709141>, 0.130000
	pigment { color rgbt <1,0,0,0> }
	no_shadow
}

// nucleotide -1

// particle -1
sphere {
	<37.176266, 53.716667, 49.633205> 0.250000
	pigment { color rgbt <1,0,0,0> }
	no_shadow
}
cylinder {
	<37.400295, 53.545578, 49.917000>,  <37.534714, 53.442924, 50.087276>, 0.100000
	pigment { color rgbt <1,0,0,0> }
	no_shadow
}
cylinder {
	<37.400295, 53.545578, 49.917000>,  <37.176266, 53.716667, 49.633205>, 0.100000
	pigment { color rgbt <1,0,0,0> }
	no_shadow
}

// particle -1
sphere {
	<37.400295, 53.545578, 49.917000> 0.100000
	pigment { color rgbt <1,0,0,0> }
	no_shadow
}
sphere {
	0, 1
	scale<0.080000,0.200000,0.300000>
	matrix <0.814509, 0.440704, -0.377299,
		-0.151297, 0.789200, 0.595208,
		0.560075, -0.427719, 0.709488,
		37.568317, 53.417263, 50.129845>
	pigment { color rgbt <0,1,1,0> }
	no_shadow
}
cylinder {
	<37.747589, 54.138508, 49.942982>,  <37.176266, 53.716667, 49.633205>, 0.130000
	pigment { color rgbt <1,0,0,0> }
	no_shadow
}

// nucleotide -1

// particle -1
sphere {
	<37.747589, 54.138508, 49.942982> 0.250000
	pigment { color rgbt <1,0,0,0> }
	no_shadow
}
cylinder {
	<37.823345, 53.746208, 49.923950>,  <37.868797, 53.510830, 49.912533>, 0.100000
	pigment { color rgbt <1,0,0,0> }
	no_shadow
}
cylinder {
	<37.823345, 53.746208, 49.923950>,  <37.747589, 54.138508, 49.942982>, 0.100000
	pigment { color rgbt <1,0,0,0> }
	no_shadow
}

// particle -1
sphere {
	<37.823345, 53.746208, 49.923950> 0.100000
	pigment { color rgbt <1,0,0,0> }
	no_shadow
}
sphere {
	0, 1
	scale<0.080000,0.200000,0.300000>
	matrix <0.750562, 0.175840, -0.636975,
		0.633079, 0.084926, 0.769415,
		0.189390, -0.980749, -0.047579,
		37.880161, 53.451984, 49.909676>
	pigment { color rgbt <0,1,1,0> }
	no_shadow
}
cylinder {
	<38.401470, 53.922405, 50.136471>,  <37.747589, 54.138508, 49.942982>, 0.130000
	pigment { color rgbt <1,0,0,0> }
	no_shadow
}

// nucleotide -1

// particle -1
sphere {
	<38.401470, 53.922405, 50.136471> 0.250000
	pigment { color rgbt <1,0,0,0> }
	no_shadow
}
cylinder {
	<38.281445, 53.697510, 49.828224>,  <38.209431, 53.562572, 49.643276>, 0.100000
	pigment { color rgbt <1,0,0,0> }
	no_shadow
}
cylinder {
	<38.281445, 53.697510, 49.828224>,  <38.401470, 53.922405, 50.136471>, 0.100000
	pigment { color rgbt <1,0,0,0> }
	no_shadow
}

// particle -1
sphere {
	<38.281445, 53.697510, 49.828224> 0.100000
	pigment { color rgbt <1,0,0,0> }
	no_shadow
}
sphere {
	0, 1
	scale<0.080000,0.200000,0.300000>
	matrix <0.780677, 0.319498, -0.537089,
		0.548184, -0.762762, 0.343058,
		-0.300065, -0.562241, -0.770614,
		38.191425, 53.528839, 49.597038>
	pigment { color rgbt <0,1,1,0> }
	no_shadow
}
cylinder {
	<38.978470, 53.530678, 49.925488>,  <38.401470, 53.922405, 50.136471>, 0.130000
	pigment { color rgbt <1,0,0,0> }
	no_shadow
}

// nucleotide -1

// particle -1
sphere {
	<38.978470, 53.530678, 49.925488> 0.250000
	pigment { color rgbt <1,0,0,0> }
	no_shadow
}
cylinder {
	<38.713722, 53.592957, 49.632179>,  <38.554874, 53.630322, 49.456192>, 0.100000
	pigment { color rgbt <1,0,0,0> }
	no_shadow
}
cylinder {
	<38.713722, 53.592957, 49.632179>,  <38.978470, 53.530678, 49.925488>, 0.100000
	pigment { color rgbt <1,0,0,0> }
	no_shadow
}

// particle -1
sphere {
	<38.713722, 53.592957, 49.632179> 0.100000
	pigment { color rgbt <1,0,0,0> }
	no_shadow
}
sphere {
	0, 1
	scale<0.080000,0.200000,0.300000>
	matrix <0.717334, 0.415534, -0.559253,
		0.217627, -0.896153, -0.386713,
		-0.661869, 0.155694, -0.733273,
		38.515163, 53.639664, 49.412197>
	pigment { color rgbt <0,1,1,0> }
	no_shadow
}
cylinder {
	<39.246338, 53.319069, 49.339451>,  <38.978470, 53.530678, 49.925488>, 0.130000
	pigment { color rgbt <1,0,0,0> }
	no_shadow
}

// nucleotide -1

// particle -1
sphere {
	<39.246338, 53.319069, 49.339451> 0.250000
	pigment { color rgbt <1,0,0,0> }
	no_shadow
}
cylinder {
	<38.982578, 53.603088, 49.240631>,  <38.824322, 53.773499, 49.181339>, 0.100000
	pigment { color rgbt <1,0,0,0> }
	no_shadow
}
cylinder {
	<38.982578, 53.603088, 49.240631>,  <39.246338, 53.319069, 49.339451>, 0.100000
	pigment { color rgbt <1,0,0,0> }
	no_shadow
}

// particle -1
sphere {
	<38.982578, 53.603088, 49.240631> 0.100000
	pigment { color rgbt <1,0,0,0> }
	no_shadow
}
sphere {
	0, 1
	scale<0.080000,0.200000,0.300000>
	matrix <0.695073, 0.450563, -0.560238,
		-0.286482, -0.541137, -0.790632,
		-0.659395, 0.710045, -0.247051,
		38.784760, 53.816101, 49.166515>
	pigment { color rgbt <0,1,1,0> }
	no_shadow
}
cylinder {
	<39.260204, 53.332661, 48.563484>,  <39.246338, 53.319069, 49.339451>, 0.130000
	pigment { color rgbt <1,0,0,0> }
	no_shadow
}

// nucleotide -1

// particle -1
sphere {
	<39.260204, 53.332661, 48.563484> 0.250000
	pigment { color rgbt <1,0,0,0> }
	no_shadow
}
cylinder {
	<39.121658, 53.659214, 48.748329>,  <39.038532, 53.855148, 48.859238>, 0.100000
	pigment { color rgbt <1,0,0,0> }
	no_shadow
}
cylinder {
	<39.121658, 53.659214, 48.748329>,  <39.260204, 53.332661, 48.563484>, 0.100000
	pigment { color rgbt <1,0,0,0> }
	no_shadow
}

// particle -1
sphere {
	<39.121658, 53.659214, 48.748329> 0.100000
	pigment { color rgbt <1,0,0,0> }
	no_shadow
}
sphere {
	0, 1
	scale<0.080000,0.200000,0.300000>
	matrix <0.497377, 0.577480, -0.647404,
		-0.795391, 0.005606, -0.606070,
		-0.346365, 0.816385, 0.462111,
		39.017750, 53.904129, 48.886963>
	pigment { color rgbt <0,1,1,0> }
	no_shadow
}
cylinder {
	<39.577396, 53.957203, 48.505783>,  <39.260204, 53.332661, 48.563484>, 0.130000
	pigment { color rgbt <1,0,0,0> }
	no_shadow
}

// nucleotide -1

// particle -1
sphere {
	<39.577396, 53.957203, 48.505783> 0.250000
	pigment { color rgbt <1,0,0,0> }
	no_shadow
}
cylinder {
	<39.894150, 54.060913, 48.726944>,  <40.084202, 54.123138, 48.859642>, 0.100000
	pigment { color rgbt <1,0,0,0> }
	no_shadow
}
cylinder {
	<39.894150, 54.060913, 48.726944>,  <39.577396, 53.957203, 48.505783>, 0.100000
	pigment { color rgbt <1,0,0,0> }
	no_shadow
}

// particle -1
sphere {
	<39.894150, 54.060913, 48.726944> 0.100000
	pigment { color rgbt <1,0,0,0> }
	no_shadow
}
sphere {
	0, 1
	scale<0.080000,0.200000,0.300000>
	matrix <0.530075, -0.741404, -0.411510,
		0.303229, 0.618946, -0.724539,
		0.791879, 0.259278, 0.552903,
		40.131714, 54.138695, 48.892815>
	pigment { color rgbt <0,1,1,0> }
	no_shadow
}
cylinder {
	<40.231239, 54.138115, 48.197399>,  <39.577396, 53.957203, 48.505783>, 0.130000
	pigment { color rgbt <1,0,0,0> }
	no_shadow
}

// nucleotide -1

// particle -1
sphere {
	<40.231239, 54.138115, 48.197399> 0.250000
	pigment { color rgbt <1,0,0,0> }
	no_shadow
}
cylinder {
	<40.314117, 53.960983, 48.546333>,  <40.363846, 53.854702, 48.755695>, 0.100000
	pigment { color rgbt <1,0,0,0> }
	no_shadow
}
cylinder {
	<40.314117, 53.960983, 48.546333>,  <40.231239, 54.138115, 48.197399>, 0.100000
	pigment { color rgbt <1,0,0,0> }
	no_shadow
}

// particle -1
sphere {
	<40.314117, 53.960983, 48.546333> 0.100000
	pigment { color rgbt <1,0,0,0> }
	no_shadow
}
sphere {
	0, 1
	scale<0.080000,0.200000,0.300000>
	matrix <0.466731, -0.738921, -0.485960,
		0.859786, 0.507835, 0.053583,
		0.207194, -0.442831, 0.872337,
		40.376274, 53.828133, 48.808033>
	pigment { color rgbt <0,1,1,0> }
	no_shadow
}
cylinder {
	<40.982262, 53.974373, 48.391350>,  <40.231239, 54.138115, 48.197399>, 0.130000
	pigment { color rgbt <1,0,0,0> }
	no_shadow
}

// nucleotide -1

// particle -1
sphere {
	<40.982262, 53.974373, 48.391350> 0.250000
	pigment { color rgbt <1,0,0,0> }
	no_shadow
}
cylinder {
	<40.731636, 53.716095, 48.565933>,  <40.581261, 53.561127, 48.670681>, 0.100000
	pigment { color rgbt <1,0,0,0> }
	no_shadow
}
cylinder {
	<40.731636, 53.716095, 48.565933>,  <40.982262, 53.974373, 48.391350>, 0.100000
	pigment { color rgbt <1,0,0,0> }
	no_shadow
}

// particle -1
sphere {
	<40.731636, 53.716095, 48.565933> 0.100000
	pigment { color rgbt <1,0,0,0> }
	no_shadow
}
sphere {
	0, 1
	scale<0.080000,0.200000,0.300000>
	matrix <0.536109, -0.763547, -0.359977,
		0.565690, 0.008439, 0.824575,
		-0.626564, -0.645697, 0.436455,
		40.543667, 53.522385, 48.696869>
	pigment { color rgbt <0,1,1,0> }
	no_shadow
}
cylinder {
	<41.370571, 53.437447, 48.577728>,  <40.982262, 53.974373, 48.391350>, 0.130000
	pigment { color rgbt <1,0,0,0> }
	no_shadow
}

// nucleotide -1

// particle -1
sphere {
	<41.370571, 53.437447, 48.577728> 0.250000
	pigment { color rgbt <1,0,0,0> }
	no_shadow
}
cylinder {
	<41.006451, 53.277340, 48.619953>,  <40.787979, 53.181278, 48.645287>, 0.100000
	pigment { color rgbt <1,0,0,0> }
	no_shadow
}
cylinder {
	<41.006451, 53.277340, 48.619953>,  <41.370571, 53.437447, 48.577728>, 0.100000
	pigment { color rgbt <1,0,0,0> }
	no_shadow
}

// particle -1
sphere {
	<41.006451, 53.277340, 48.619953> 0.100000
	pigment { color rgbt <1,0,0,0> }
	no_shadow
}
sphere {
	0, 1
	scale<0.080000,0.200000,0.300000>
	matrix <0.378969, -0.908421, -0.176503,
		0.166539, -0.120667, 0.978624,
		-0.910300, -0.400263, 0.105558,
		40.733360, 53.157261, 48.651619>
	pigment { color rgbt <0,1,1,0> }
	no_shadow
}
cylinder {
	<41.580383, 54.045052, 48.999134>,  <41.370571, 53.437447, 48.577728>, 0.130000
	pigment { color rgbt <1,0,0,0> }
	no_shadow
}

// nucleotide -1

// particle -1
sphere {
	<41.580383, 54.045052, 48.999134> 0.250000
	pigment { color rgbt <1,0,0,0> }
	no_shadow
}
cylinder {
	<41.874645, 53.838913, 49.174965>,  <42.051201, 53.715229, 49.280464>, 0.100000
	pigment { color rgbt <1,0,0,0> }
	no_shadow
}
cylinder {
	<41.874645, 53.838913, 49.174965>,  <41.580383, 54.045052, 48.999134>, 0.100000
	pigment { color rgbt <1,0,0,0> }
	no_shadow
}

// particle -1
sphere {
	<41.874645, 53.838913, 49.174965> 0.100000
	pigment { color rgbt <1,0,0,0> }
	no_shadow
}
sphere {
	0, 1
	scale<0.080000,0.200000,0.300000>
	matrix <0.634404, 0.296794, -0.713754,
		0.237365, 0.803948, 0.545275,
		0.735656, -0.515345, 0.439579,
		42.095341, 53.684311, 49.306839>
	pigment { color rgbt <0,1,1,0> }
	no_shadow
}
cylinder {
	<42.199738, 54.465046, 49.091415>,  <41.580383, 54.045052, 48.999134>, 0.130000
	pigment { color rgbt <1,0,0,0> }
	no_shadow
}

// nucleotide -1

// particle -1
sphere {
	<42.199738, 54.465046, 49.091415> 0.250000
	pigment { color rgbt <1,0,0,0> }
	no_shadow
}
cylinder {
	<42.272694, 54.073864, 49.050747>,  <42.316467, 53.839153, 49.026344>, 0.100000
	pigment { color rgbt <1,0,0,0> }
	no_shadow
}
cylinder {
	<42.272694, 54.073864, 49.050747>,  <42.199738, 54.465046, 49.091415>, 0.100000
	pigment { color rgbt <1,0,0,0> }
	no_shadow
}

// particle -1
sphere {
	<42.272694, 54.073864, 49.050747> 0.100000
	pigment { color rgbt <1,0,0,0> }
	no_shadow
}
sphere {
	0, 1
	scale<0.080000,0.200000,0.300000>
	matrix <0.601348, 0.192767, -0.775385,
		0.777891, 0.080280, 0.623250,
		0.182390, -0.977955, -0.101676,
		42.327412, 53.780476, 49.020245>
	pigment { color rgbt <0,1,1,0> }
	no_shadow
}
cylinder {
	<42.982254, 54.330841, 49.250904>,  <42.199738, 54.465046, 49.091415>, 0.130000
	pigment { color rgbt <1,0,0,0> }
	no_shadow
}

// nucleotide -1

// particle -1
sphere {
	<42.982254, 54.330841, 49.250904> 0.250000
	pigment { color rgbt <1,0,0,0> }
	no_shadow
}
cylinder {
	<42.805809, 54.080498, 48.993618>,  <42.699944, 53.930294, 48.839245>, 0.100000
	pigment { color rgbt <1,0,0,0> }
	no_shadow
}
cylinder {
	<42.805809, 54.080498, 48.993618>,  <42.982254, 54.330841, 49.250904>, 0.100000
	pigment { color rgbt <1,0,0,0> }
	no_shadow
}

// particle -1
sphere {
	<42.805809, 54.080498, 48.993618> 0.100000
	pigment { color rgbt <1,0,0,0> }
	no_shadow
}
sphere {
	0, 1
	scale<0.080000,0.200000,0.300000>
	matrix <0.579614, 0.348513, -0.736604,
		0.685176, -0.697742, 0.209020,
		-0.441114, -0.625855, -0.643215,
		42.673473, 53.892742, 48.800655>
	pigment { color rgbt <0,1,1,0> }
	no_shadow
}
cylinder {
	<43.516693, 54.401691, 48.753494>,  <42.982254, 54.330841, 49.250904>, 0.130000
	pigment { color rgbt <1,0,0,0> }
	no_shadow
}

// nucleotide -1

// particle -1
sphere {
	<43.516693, 54.401691, 48.753494> 0.250000
	pigment { color rgbt <1,0,0,0> }
	no_shadow
}
cylinder {
	<43.258831, 54.132828, 48.607826>,  <43.104115, 53.971508, 48.520424>, 0.100000
	pigment { color rgbt <1,0,0,0> }
	no_shadow
}
cylinder {
	<43.258831, 54.132828, 48.607826>,  <43.516693, 54.401691, 48.753494>, 0.100000
	pigment { color rgbt <1,0,0,0> }
	no_shadow
}

// particle -1
sphere {
	<43.258831, 54.132828, 48.607826> 0.100000
	pigment { color rgbt <1,0,0,0> }
	no_shadow
}
sphere {
	0, 1
	scale<0.080000,0.200000,0.300000>
	matrix <0.487938, 0.004939, -0.872864,
		0.588501, -0.740391, 0.324787,
		-0.644657, -0.672158, -0.364171,
		43.065434, 53.931179, 48.498573>
	pigment { color rgbt <0,1,1,0> }
	no_shadow
}
cylinder {
	<44.083614, 54.604687, 49.353729>,  <43.516693, 54.401691, 48.753494>, 0.130000
	pigment { color rgbt <1,0,0,0> }
	no_shadow
}

// nucleotide -1

// particle -1
sphere {
	<44.083614, 54.604687, 49.353729> 0.250000
	pigment { color rgbt <1,0,0,0> }
	no_shadow
}
cylinder {
	<44.219864, 54.902695, 49.583138>,  <44.301613, 55.081497, 49.720783>, 0.100000
	pigment { color rgbt <1,0,0,0> }
	no_shadow
}
cylinder {
	<44.219864, 54.902695, 49.583138>,  <44.083614, 54.604687, 49.353729>, 0.100000
	pigment { color rgbt <1,0,0,0> }
	no_shadow
}

// particle -1
sphere {
	<44.219864, 54.902695, 49.583138> 0.100000
	pigment { color rgbt <1,0,0,0> }
	no_shadow
}
sphere {
	0, 1
	scale<0.080000,0.200000,0.300000>
	matrix <0.102814, -0.635855, 0.764930,
		0.934560, -0.201589, -0.293187,
		0.340627, 0.745017, 0.573519,
		44.322052, 55.126198, 49.755192>
	pigment { color rgbt <0,1,1,0> }
	no_shadow
}
cylinder {
	<44.623398, 54.220619, 49.700359>,  <44.083614, 54.604687, 49.353729>, 0.130000
	pigment { color rgbt <1,0,0,0> }
	no_shadow
}

// nucleotide -1

// particle -1
sphere {
	<44.623398, 54.220619, 49.700359> 0.250000
	pigment { color rgbt <1,0,0,0> }
	no_shadow
}
cylinder {
	<44.463070, 54.545391, 49.870113>,  <44.366871, 54.740253, 49.971966>, 0.100000
	pigment { color rgbt <1,0,0,0> }
	no_shadow
}
cylinder {
	<44.463070, 54.545391, 49.870113>,  <44.623398, 54.220619, 49.700359>, 0.100000
	pigment { color rgbt <1,0,0,0> }
	no_shadow
}

// particle -1
sphere {
	<44.463070, 54.545391, 49.870113> 0.100000
	pigment { color rgbt <1,0,0,0> }
	no_shadow
}
sphere {
	0, 1
	scale<0.080000,0.200000,0.300000>
	matrix <-0.203094, -0.530450, 0.823028,
		0.893360, 0.243698, 0.377516,
		-0.400824, 0.811932, 0.424390,
		44.342823, 54.788971, 49.997429>
	pigment { color rgbt <0,1,1,0> }
	no_shadow
}
cylinder {
	<44.816208, 53.531338, 49.962345>,  <44.623398, 54.220619, 49.700359>, 0.130000
	pigment { color rgbt <1,0,0,0> }
	no_shadow
}

// nucleotide -1

// particle -1
sphere {
	<44.816208, 53.531338, 49.962345> 0.250000
	pigment { color rgbt <1,0,0,0> }
	no_shadow
}
cylinder {
	<45.046940, 53.725132, 50.225418>,  <45.185379, 53.841408, 50.383263>, 0.100000
	pigment { color rgbt <1,0,0,0> }
	no_shadow
}
cylinder {
	<45.046940, 53.725132, 50.225418>,  <44.816208, 53.531338, 49.962345>, 0.100000
	pigment { color rgbt <1,0,0,0> }
	no_shadow
}

// particle -1
sphere {
	<45.046940, 53.725132, 50.225418> 0.100000
	pigment { color rgbt <1,0,0,0> }
	no_shadow
}
sphere {
	0, 1
	scale<0.080000,0.200000,0.300000>
	matrix <0.597084, -0.799517, 0.065288,
		0.557456, 0.355029, -0.750464,
		0.576830, 0.484486, 0.657678,
		45.219990, 53.870476, 50.422722>
	pigment { color rgbt <0,1,1,0> }
	no_shadow
}
cylinder {
	<45.336151, 53.147736, 49.875957>,  <44.816208, 53.531338, 49.962345>, 0.130000
	pigment { color rgbt <1,0,0,0> }
	no_shadow
}

// nucleotide -1

// particle -1
sphere {
	<45.336151, 53.147736, 49.875957> 0.250000
	pigment { color rgbt <1,0,0,0> }
	no_shadow
}
cylinder {
	<45.391647, 53.374695, 50.200626>,  <45.424946, 53.510872, 50.395428>, 0.100000
	pigment { color rgbt <1,0,0,0> }
	no_shadow
}
cylinder {
	<45.391647, 53.374695, 50.200626>,  <45.336151, 53.147736, 49.875957>, 0.100000
	pigment { color rgbt <1,0,0,0> }
	no_shadow
}

// particle -1
sphere {
	<45.391647, 53.374695, 50.200626> 0.100000
	pigment { color rgbt <1,0,0,0> }
	no_shadow
}
sphere {
	0, 1
	scale<0.080000,0.200000,0.300000>
	matrix <0.485781, -0.753208, 0.443501,
		0.863000, 0.332764, -0.380131,
		0.138737, 0.567402, 0.811669,
		45.433270, 53.544914, 50.444126>
	pigment { color rgbt <0,1,1,0> }
	no_shadow
}
cylinder {
	<46.127617, 53.275414, 50.121098>,  <45.336151, 53.147736, 49.875957>, 0.130000
	pigment { color rgbt <1,0,0,0> }
	no_shadow
}

// nucleotide -1

// particle -1
sphere {
	<46.127617, 53.275414, 50.121098> 0.250000
	pigment { color rgbt <1,0,0,0> }
	no_shadow
}
cylinder {
	<45.840546, 53.269638, 50.399590>,  <45.668304, 53.266174, 50.566685>, 0.100000
	pigment { color rgbt <1,0,0,0> }
	no_shadow
}
cylinder {
	<45.840546, 53.269638, 50.399590>,  <46.127617, 53.275414, 50.121098>, 0.100000
	pigment { color rgbt <1,0,0,0> }
	no_shadow
}

// particle -1
sphere {
	<45.840546, 53.269638, 50.399590> 0.100000
	pigment { color rgbt <1,0,0,0> }
	no_shadow
}
sphere {
	0, 1
	scale<0.080000,0.200000,0.300000>
	matrix <0.532914, -0.654966, 0.535745,
		0.448271, 0.755521, 0.477747,
		-0.717674, -0.014439, 0.696229,
		45.625244, 53.265305, 50.608459>
	pigment { color rgbt <0,1,1,0> }
	no_shadow
}
cylinder {
	<46.403240, 53.434738, 50.765560>,  <46.127617, 53.275414, 50.121098>, 0.130000
	pigment { color rgbt <1,0,0,0> }
	no_shadow
}

// nucleotide -1

// particle -1
sphere {
	<46.403240, 53.434738, 50.765560> 0.250000
	pigment { color rgbt <1,0,0,0> }
	no_shadow
}
cylinder {
	<46.072224, 53.229473, 50.856628>,  <45.873611, 53.106316, 50.911270>, 0.100000
	pigment { color rgbt <1,0,0,0> }
	no_shadow
}
cylinder {
	<46.072224, 53.229473, 50.856628>,  <46.403240, 53.434738, 50.765560>, 0.100000
	pigment { color rgbt <1,0,0,0> }
	no_shadow
}

// particle -1
sphere {
	<46.072224, 53.229473, 50.856628> 0.100000
	pigment { color rgbt <1,0,0,0> }
	no_shadow
}
sphere {
	0, 1
	scale<0.080000,0.200000,0.300000>
	matrix <0.490882, -0.464646, 0.736979,
		-0.272403, 0.721643, 0.636418,
		-0.827545, -0.513161, 0.227670,
		45.823959, 53.075523, 50.924931>
	pigment { color rgbt <0,1,1,0> }
	no_shadow
}
cylinder {
	<46.269558, 53.605511, 51.470295>,  <46.403240, 53.434738, 50.765560>, 0.130000
	pigment { color rgbt <1,0,0,0> }
	no_shadow
}

// nucleotide -1

// particle -1
sphere {
	<46.269558, 53.605511, 51.470295> 0.250000
	pigment { color rgbt <1,0,0,0> }
	no_shadow
}
cylinder {
	<46.170498, 53.242039, 51.335854>,  <46.111061, 53.023956, 51.255188>, 0.100000
	pigment { color rgbt <1,0,0,0> }
	no_shadow
}
cylinder {
	<46.170498, 53.242039, 51.335854>,  <46.269558, 53.605511, 51.470295>, 0.100000
	pigment { color rgbt <1,0,0,0> }
	no_shadow
}

// particle -1
sphere {
	<46.170498, 53.242039, 51.335854> 0.100000
	pigment { color rgbt <1,0,0,0> }
	no_shadow
}
sphere {
	0, 1
	scale<0.080000,0.200000,0.300000>
	matrix <0.536904, -0.417487, 0.733102,
		-0.806476, 0.001095, 0.591265,
		-0.247649, -0.908682, -0.336106,
		46.096203, 52.969433, 51.235023>
	pigment { color rgbt <0,1,1,0> }
	no_shadow
}
cylinder {
	<45.751999, 53.264099, 51.812294>,  <46.269558, 53.605511, 51.470295>, 0.130000
	pigment { color rgbt <1,0,0,0> }
	no_shadow
}

// nucleotide -1

// particle -1
sphere {
	<45.751999, 53.264099, 51.812294> 0.250000
	pigment { color rgbt <1,0,0,0> }
	no_shadow
}
cylinder {
	<46.084393, 53.053650, 51.884590>,  <46.283829, 52.927380, 51.927967>, 0.100000
	pigment { color rgbt <1,0,0,0> }
	no_shadow
}
cylinder {
	<46.084393, 53.053650, 51.884590>,  <45.751999, 53.264099, 51.812294>, 0.100000
	pigment { color rgbt <1,0,0,0> }
	no_shadow
}

// particle -1
sphere {
	<46.084393, 53.053650, 51.884590> 0.100000
	pigment { color rgbt <1,0,0,0> }
	no_shadow
}
sphere {
	0, 1
	scale<0.080000,0.200000,0.300000>
	matrix <0.543616, 0.836966, -0.063006,
		-0.118125, 0.150611, 0.981510,
		0.830980, -0.526122, 0.180741,
		46.333687, 52.895813, 51.938812>
	pigment { color rgbt <0,1,1,0> }
	no_shadow
}
cylinder {
	<46.240898, 53.427742, 52.430286>,  <45.751999, 53.264099, 51.812294>, 0.130000
	pigment { color rgbt <1,0,0,0> }
	no_shadow
}

// nucleotide -1

// particle -1
sphere {
	<46.240898, 53.427742, 52.430286> 0.250000
	pigment { color rgbt <1,0,0,0> }
	no_shadow
}
cylinder {
	<46.445183, 53.266953, 52.126289>,  <46.567753, 53.170479, 51.943890>, 0.100000
	pigment { color rgbt <1,0,0,0> }
	no_shadow
}
cylinder {
	<46.445183, 53.266953, 52.126289>,  <46.240898, 53.427742, 52.430286>, 0.100000
	pigment { color rgbt <1,0,0,0> }
	no_shadow
}

// particle -1
sphere {
	<46.445183, 53.266953, 52.126289> 0.100000
	pigment { color rgbt <1,0,0,0> }
	no_shadow
}
sphere {
	0, 1
	scale<0.080000,0.200000,0.300000>
	matrix <0.658725, 0.751011, 0.045432,
		0.552503, -0.523830, 0.648339,
		0.510708, -0.401976, -0.759995,
		46.598396, 53.146358, 51.898293>
	pigment { color rgbt <0,1,1,0> }
	no_shadow
}
cylinder {
	<46.995800, 53.339733, 52.627743>,  <46.240898, 53.427742, 52.430286>, 0.130000
	pigment { color rgbt <1,0,0,0> }
	no_shadow
}

// nucleotide -1

// particle -1
sphere {
	<46.995800, 53.339733, 52.627743> 0.250000
	pigment { color rgbt <1,0,0,0> }
	no_shadow
}
cylinder {
	<46.998608, 53.392479, 52.231247>,  <47.000290, 53.424126, 51.993347>, 0.100000
	pigment { color rgbt <1,0,0,0> }
	no_shadow
}
cylinder {
	<46.998608, 53.392479, 52.231247>,  <46.995800, 53.339733, 52.627743>, 0.100000
	pigment { color rgbt <1,0,0,0> }
	no_shadow
}

// particle -1
sphere {
	<46.998608, 53.392479, 52.231247> 0.100000
	pigment { color rgbt <1,0,0,0> }
	no_shadow
}
sphere {
	0, 1
	scale<0.080000,0.200000,0.300000>
	matrix <0.610153, 0.784789, 0.108719,
		0.792253, -0.605573, -0.074952,
		0.007016, 0.131865, -0.991243,
		47.000713, 53.432037, 51.933872>
	pigment { color rgbt <0,1,1,0> }
	no_shadow
}
cylinder {
	<47.685043, 53.437363, 52.500011>,  <46.995800, 53.339733, 52.627743>, 0.130000
	pigment { color rgbt <1,0,0,0> }
	no_shadow
}

// nucleotide -1

// particle -1
sphere {
	<47.685043, 53.437363, 52.500011> 0.250000
	pigment { color rgbt <1,0,0,0> }
	no_shadow
}
cylinder {
	<47.451469, 53.610325, 52.225189>,  <47.311325, 53.714104, 52.060295>, 0.100000
	pigment { color rgbt <1,0,0,0> }
	no_shadow
}
cylinder {
	<47.451469, 53.610325, 52.225189>,  <47.685043, 53.437363, 52.500011>, 0.100000
	pigment { color rgbt <1,0,0,0> }
	no_shadow
}

// particle -1
sphere {
	<47.451469, 53.610325, 52.225189> 0.100000
	pigment { color rgbt <1,0,0,0> }
	no_shadow
}
sphere {
	0, 1
	scale<0.080000,0.200000,0.300000>
	matrix <0.571051, 0.820331, 0.030939,
		0.576989, -0.374275, -0.725949,
		-0.583939, 0.432405, -0.687052,
		47.276287, 53.740047, 52.019073>
	pigment { color rgbt <0,1,1,0> }
	no_shadow
}
cylinder {
	<48.143307, 53.714096, 51.880550>,  <47.685043, 53.437363, 52.500011>, 0.130000
	pigment { color rgbt <1,0,0,0> }
	no_shadow
}

// nucleotide -1

// particle -1
sphere {
	<48.143307, 53.714096, 51.880550> 0.250000
	pigment { color rgbt <1,0,0,0> }
	no_shadow
}
cylinder {
	<47.800728, 53.911526, 51.941055>,  <47.595181, 54.029984, 51.977360>, 0.100000
	pigment { color rgbt <1,0,0,0> }
	no_shadow
}
cylinder {
	<47.800728, 53.911526, 51.941055>,  <48.143307, 53.714096, 51.880550>, 0.100000
	pigment { color rgbt <1,0,0,0> }
	no_shadow
}

// particle -1
sphere {
	<47.800728, 53.911526, 51.941055> 0.100000
	pigment { color rgbt <1,0,0,0> }
	no_shadow
}
sphere {
	0, 1
	scale<0.080000,0.200000,0.300000>
	matrix <0.503231, 0.863581, 0.031406,
		-0.115128, 0.103018, -0.987994,
		-0.856449, 0.493573, 0.151264,
		47.543793, 54.059597, 51.986435>
	pigment { color rgbt <0,1,1,0> }
	no_shadow
}
cylinder {
	<47.983795, 54.177639, 51.373425>,  <48.143307, 53.714096, 51.880550>, 0.130000
	pigment { color rgbt <1,0,0,0> }
	no_shadow
}

// nucleotide -1

// particle -1
sphere {
	<47.983795, 54.177639, 51.373425> 0.250000
	pigment { color rgbt <1,0,0,0> }
	no_shadow
}
cylinder {
	<47.831768, 54.313129, 51.717705>,  <47.740551, 54.394424, 51.924274>, 0.100000
	pigment { color rgbt <1,0,0,0> }
	no_shadow
}
cylinder {
	<47.831768, 54.313129, 51.717705>,  <47.983795, 54.177639, 51.373425>, 0.100000
	pigment { color rgbt <1,0,0,0> }
	no_shadow
}

// particle -1
sphere {
	<47.831768, 54.313129, 51.717705> 0.100000
	pigment { color rgbt <1,0,0,0> }
	no_shadow
}
sphere {
	0, 1
	scale<0.080000,0.200000,0.300000>
	matrix <0.739542, 0.670172, 0.062827,
		-0.555539, 0.660405, -0.505215,
		-0.380072, 0.338724, 0.860704,
		47.717747, 54.414745, 51.975914>
	pigment { color rgbt <0,1,1,0> }
	no_shadow
}
cylinder {
	<47.934669, 54.865200, 51.280506>,  <47.983795, 54.177639, 51.373425>, 0.130000
	pigment { color rgbt <1,0,0,0> }
	no_shadow
}

// nucleotide -1

// particle -1
sphere {
	<47.934669, 54.865200, 51.280506> 0.250000
	pigment { color rgbt <1,0,0,0> }
	no_shadow
}
cylinder {
	<48.003075, 54.789425, 51.667259>,  <48.044117, 54.743961, 51.899311>, 0.100000
	pigment { color rgbt <1,0,0,0> }
	no_shadow
}
cylinder {
	<48.003075, 54.789425, 51.667259>,  <47.934669, 54.865200, 51.280506>, 0.100000
	pigment { color rgbt <1,0,0,0> }
	no_shadow
}

// particle -1
sphere {
	<48.003075, 54.789425, 51.667259> 0.100000
	pigment { color rgbt <1,0,0,0> }
	no_shadow
}
sphere {
	0, 1
	scale<0.080000,0.200000,0.300000>
	matrix <0.615511, 0.786826, 0.045293,
		-0.769352, 0.587384, 0.251153,
		0.171009, -0.189434, 0.966887,
		48.054379, 54.732594, 51.957325>
	pigment { color rgbt <0,1,1,0> }
	no_shadow
}
cylinder {
	<47.607330, 55.314209, 51.814106>,  <47.934669, 54.865200, 51.280506>, 0.130000
	pigment { color rgbt <1,0,0,0> }
	no_shadow
}

// nucleotide -1

// particle -1
sphere {
	<47.607330, 55.314209, 51.814106> 0.250000
	pigment { color rgbt <1,0,0,0> }
	no_shadow
}
cylinder {
	<47.961685, 55.133354, 51.855637>,  <48.174297, 55.024841, 51.880554>, 0.100000
	pigment { color rgbt <1,0,0,0> }
	no_shadow
}
cylinder {
	<47.961685, 55.133354, 51.855637>,  <47.607330, 55.314209, 51.814106>, 0.100000
	pigment { color rgbt <1,0,0,0> }
	no_shadow
}

// particle -1
sphere {
	<47.961685, 55.133354, 51.855637> 0.100000
	pigment { color rgbt <1,0,0,0> }
	no_shadow
}
sphere {
	0, 1
	scale<0.080000,0.200000,0.300000>
	matrix <0.456035, 0.889816, -0.016133,
		-0.085096, 0.061642, 0.994464,
		0.885884, -0.452138, 0.103831,
		48.227451, 54.997711, 51.886787>
	pigment { color rgbt <0,1,1,0> }
	no_shadow
}
cylinder {
	<47.888088, 55.676434, 52.271572>,  <47.607330, 55.314209, 51.814106>, 0.130000
	pigment { color rgbt <1,0,0,0> }
	no_shadow
}

// nucleotide -1

// particle -1
sphere {
	<47.888088, 55.676434, 52.271572> 0.250000
	pigment { color rgbt <1,0,0,0> }
	no_shadow
}
cylinder {
	<48.206093, 55.477425, 52.132759>,  <48.396896, 55.358021, 52.049473>, 0.100000
	pigment { color rgbt <1,0,0,0> }
	no_shadow
}
cylinder {
	<48.206093, 55.477425, 52.132759>,  <47.888088, 55.676434, 52.271572>, 0.100000
	pigment { color rgbt <1,0,0,0> }
	no_shadow
}

// particle -1
sphere {
	<48.206093, 55.477425, 52.132759> 0.100000
	pigment { color rgbt <1,0,0,0> }
	no_shadow
}
sphere {
	0, 1
	scale<0.080000,0.200000,0.300000>
	matrix <0.555581, 0.826861, 0.087355,
		0.243488, -0.262254, 0.933776,
		0.795012, -0.497518, -0.347034,
		48.444595, 55.328171, 52.028648>
	pigment { color rgbt <0,1,1,0> }
	no_shadow
}
cylinder {
	<48.426582, 55.804943, 52.605392>,  <47.888088, 55.676434, 52.271572>, 0.130000
	pigment { color rgbt <1,0,0,0> }
	no_shadow
}

// nucleotide -1

// particle -1
sphere {
	<48.426582, 55.804943, 52.605392> 0.250000
	pigment { color rgbt <1,0,0,0> }
	no_shadow
}
cylinder {
	<48.624168, 55.674885, 52.282833>,  <48.742722, 55.596848, 52.089298>, 0.100000
	pigment { color rgbt <1,0,0,0> }
	no_shadow
}
cylinder {
	<48.624168, 55.674885, 52.282833>,  <48.426582, 55.804943, 52.605392>, 0.100000
	pigment { color rgbt <1,0,0,0> }
	no_shadow
}

// particle -1
sphere {
	<48.624168, 55.674885, 52.282833> 0.100000
	pigment { color rgbt <1,0,0,0> }
	no_shadow
}
sphere {
	0, 1
	scale<0.080000,0.200000,0.300000>
	matrix <0.566181, 0.824153, 0.014508,
		0.659878, -0.463733, 0.591196,
		0.493964, -0.325150, -0.806398,
		48.772358, 55.577339, 52.040913>
	pigment { color rgbt <0,1,1,0> }
	no_shadow
}
cylinder {
	<49.014790, 56.247849, 52.544521>,  <48.426582, 55.804943, 52.605392>, 0.130000
	pigment { color rgbt <1,0,0,0> }
	no_shadow
}

// nucleotide -1

// particle -1
sphere {
	<49.014790, 56.247849, 52.544521> 0.250000
	pigment { color rgbt <1,0,0,0> }
	no_shadow
}
cylinder {
	<49.095890, 56.002075, 52.239532>,  <49.144550, 55.854610, 52.056538>, 0.100000
	pigment { color rgbt <1,0,0,0> }
	no_shadow
}
cylinder {
	<49.095890, 56.002075, 52.239532>,  <49.014790, 56.247849, 52.544521>, 0.100000
	pigment { color rgbt <1,0,0,0> }
	no_shadow
}

// particle -1
sphere {
	<49.095890, 56.002075, 52.239532> 0.100000
	pigment { color rgbt <1,0,0,0> }
	no_shadow
}
sphere {
	0, 1
	scale<0.080000,0.200000,0.300000>
	matrix <0.719300, 0.621797, -0.309799,
		0.664454, -0.485634, 0.568033,
		0.202752, -0.614433, -0.762472,
		49.156715, 55.817745, 52.010792>
	pigment { color rgbt <0,1,1,0> }
	no_shadow
}
cylinder {
	<49.694904, 56.005653, 52.556137>,  <49.014790, 56.247849, 52.544521>, 0.130000
	pigment { color rgbt <1,0,0,0> }
	no_shadow
}

// nucleotide -1

// particle -1
sphere {
	<49.694904, 56.005653, 52.556137> 0.250000
	pigment { color rgbt <1,0,0,0> }
	no_shadow
}
cylinder {
	<49.594685, 55.994934, 52.169044>,  <49.534554, 55.988503, 51.936787>, 0.100000
	pigment { color rgbt <1,0,0,0> }
	no_shadow
}
cylinder {
	<49.594685, 55.994934, 52.169044>,  <49.694904, 56.005653, 52.556137>, 0.100000
	pigment { color rgbt <1,0,0,0> }
	no_shadow
}

// particle -1
sphere {
	<49.594685, 55.994934, 52.169044> 0.100000
	pigment { color rgbt <1,0,0,0> }
	no_shadow
}
sphere {
	0, 1
	scale<0.080000,0.200000,0.300000>
	matrix <0.849503, 0.473322, -0.233045,
		0.464296, -0.880481, -0.095819,
		-0.250545, -0.026804, -0.967734,
		49.519520, 55.986893, 51.878723>
	pigment { color rgbt <0,1,1,0> }
	no_shadow
}
cylinder {
	<50.337826, 55.659317, 52.219025>,  <49.694904, 56.005653, 52.556137>, 0.130000
	pigment { color rgbt <1,0,0,0> }
	no_shadow
}

// nucleotide -1

// particle -1
sphere {
	<50.337826, 55.659317, 52.219025> 0.250000
	pigment { color rgbt <1,0,0,0> }
	no_shadow
}
cylinder {
	<50.122314, 55.926399, 52.013546>,  <49.993008, 56.086647, 51.890259>, 0.100000
	pigment { color rgbt <1,0,0,0> }
	no_shadow
}
cylinder {
	<50.122314, 55.926399, 52.013546>,  <50.337826, 55.659317, 52.219025>, 0.100000
	pigment { color rgbt <1,0,0,0> }
	no_shadow
}

// particle -1
sphere {
	<50.122314, 55.926399, 52.013546> 0.100000
	pigment { color rgbt <1,0,0,0> }
	no_shadow
}
sphere {
	0, 1
	scale<0.080000,0.200000,0.300000>
	matrix <0.840012, 0.472115, -0.267371,
		0.064000, -0.575568, -0.815246,
		-0.538780, 0.667704, -0.513699,
		49.960682, 56.126709, 51.859436>
	pigment { color rgbt <0,1,1,0> }
	no_shadow
}
cylinder {
	<50.579395, 55.628334, 51.451248>,  <50.337826, 55.659317, 52.219025>, 0.130000
	pigment { color rgbt <1,0,0,0> }
	no_shadow
}

// nucleotide -1

// particle -1
sphere {
	<50.579395, 55.628334, 51.451248> 0.250000
	pigment { color rgbt <1,0,0,0> }
	no_shadow
}
cylinder {
	<50.435822, 55.977402, 51.583679>,  <50.349678, 56.186844, 51.663139>, 0.100000
	pigment { color rgbt <1,0,0,0> }
	no_shadow
}
cylinder {
	<50.435822, 55.977402, 51.583679>,  <50.579395, 55.628334, 51.451248>, 0.100000
	pigment { color rgbt <1,0,0,0> }
	no_shadow
}

// particle -1
sphere {
	<50.435822, 55.977402, 51.583679> 0.100000
	pigment { color rgbt <1,0,0,0> }
	no_shadow
}
sphere {
	0, 1
	scale<0.080000,0.200000,0.300000>
	matrix <0.776631, 0.475986, -0.412652,
		-0.517698, 0.109010, -0.848590,
		-0.358934, 0.872671, 0.331078,
		50.328140, 56.239204, 51.683002>
	pigment { color rgbt <0,1,1,0> }
	no_shadow
}
cylinder {
	<50.779251, 56.112553, 50.969437>,  <50.579395, 55.628334, 51.451248>, 0.130000
	pigment { color rgbt <1,0,0,0> }
	no_shadow
}

// nucleotide -1

// particle -1
sphere {
	<50.779251, 56.112553, 50.969437> 0.250000
	pigment { color rgbt <1,0,0,0> }
	no_shadow
}
cylinder {
	<50.720646, 56.327560, 51.301605>,  <50.685482, 56.456566, 51.500908>, 0.100000
	pigment { color rgbt <1,0,0,0> }
	no_shadow
}
cylinder {
	<50.720646, 56.327560, 51.301605>,  <50.779251, 56.112553, 50.969437>, 0.100000
	pigment { color rgbt <1,0,0,0> }
	no_shadow
}

// particle -1
sphere {
	<50.720646, 56.327560, 51.301605> 0.100000
	pigment { color rgbt <1,0,0,0> }
	no_shadow
}
sphere {
	0, 1
	scale<0.080000,0.200000,0.300000>
	matrix <0.868966, 0.471077, -0.151607,
		-0.472685, 0.699396, -0.536109,
		-0.146515, 0.537523, 0.830423,
		50.676693, 56.488819, 51.550732>
	pigment { color rgbt <0,1,1,0> }
	no_shadow
}
cylinder {
	<50.915646, 56.820946, 50.742367>,  <50.779251, 56.112553, 50.969437>, 0.130000
	pigment { color rgbt <1,0,0,0> }
	no_shadow
}

// nucleotide -1

// particle -1
sphere {
	<50.915646, 56.820946, 50.742367> 0.250000
	pigment { color rgbt <1,0,0,0> }
	no_shadow
}
cylinder {
	<50.972115, 56.757931, 51.133316>,  <51.005997, 56.720119, 51.367886>, 0.100000
	pigment { color rgbt <1,0,0,0> }
	no_shadow
}
cylinder {
	<50.972115, 56.757931, 51.133316>,  <50.915646, 56.820946, 50.742367>, 0.100000
	pigment { color rgbt <1,0,0,0> }
	no_shadow
}

// particle -1
sphere {
	<50.972115, 56.757931, 51.133316> 0.100000
	pigment { color rgbt <1,0,0,0> }
	no_shadow
}
sphere {
	0, 1
	scale<0.080000,0.200000,0.300000>
	matrix <0.934415, 0.347320, -0.078980,
		-0.327018, 0.924419, 0.196237,
		0.141168, -0.157539, 0.977370,
		51.014465, 56.710670, 51.426529>
	pigment { color rgbt <0,1,1,0> }
	no_shadow
}
cylinder {
	<51.075169, 57.424957, 50.983288>,  <50.915646, 56.820946, 50.742367>, 0.130000
	pigment { color rgbt <1,0,0,0> }
	no_shadow
}

// nucleotide -1

// particle -1
sphere {
	<51.075169, 57.424957, 50.983288> 0.250000
	pigment { color rgbt <1,0,0,0> }
	no_shadow
}
cylinder {
	<51.233864, 57.131050, 51.203369>,  <51.329082, 56.954708, 51.335419>, 0.100000
	pigment { color rgbt <1,0,0,0> }
	no_shadow
}
cylinder {
	<51.233864, 57.131050, 51.203369>,  <51.075169, 57.424957, 50.983288>, 0.100000
	pigment { color rgbt <1,0,0,0> }
	no_shadow
}

// particle -1
sphere {
	<51.233864, 57.131050, 51.203369> 0.100000
	pigment { color rgbt <1,0,0,0> }
	no_shadow
}
sphere {
	0, 1
	scale<0.080000,0.200000,0.300000>
	matrix <0.917414, 0.297281, -0.264530,
		0.030803, 0.609710, 0.792025,
		0.396741, -0.734763, 0.550199,
		51.352886, 56.910622, 51.368427>
	pigment { color rgbt <0,1,1,0> }
	no_shadow
}
cylinder {
	<51.412758, 57.592968, 51.596794>,  <51.075169, 57.424957, 50.983288>, 0.130000
	pigment { color rgbt <1,0,0,0> }
	no_shadow
}

// nucleotide -1

// particle -1
sphere {
	<51.412758, 57.592968, 51.596794> 0.250000
	pigment { color rgbt <1,0,0,0> }
	no_shadow
}
cylinder {
	<51.590057, 57.292274, 51.401482>,  <51.696438, 57.111858, 51.284294>, 0.100000
	pigment { color rgbt <1,0,0,0> }
	no_shadow
}
cylinder {
	<51.590057, 57.292274, 51.401482>,  <51.412758, 57.592968, 51.596794>, 0.100000
	pigment { color rgbt <1,0,0,0> }
	no_shadow
}

// particle -1
sphere {
	<51.590057, 57.292274, 51.401482> 0.100000
	pigment { color rgbt <1,0,0,0> }
	no_shadow
}
sphere {
	0, 1
	scale<0.080000,0.200000,0.300000>
	matrix <0.883054, 0.459826, 0.093686,
		0.154097, -0.472706, 0.867643,
		0.443250, -0.751738, -0.488282,
		51.723034, 57.066753, 51.254997>
	pigment { color rgbt <0,1,1,0> }
	no_shadow
}
cylinder {
	<52.044346, 57.354942, 51.907829>,  <51.412758, 57.592968, 51.596794>, 0.130000
	pigment { color rgbt <1,0,0,0> }
	no_shadow
}

// nucleotide -1

// particle -1
sphere {
	<52.044346, 57.354942, 51.907829> 0.250000
	pigment { color rgbt <1,0,0,0> }
	no_shadow
}
cylinder {
	<52.077000, 57.235783, 51.527390>,  <52.096592, 57.164288, 51.299126>, 0.100000
	pigment { color rgbt <1,0,0,0> }
	no_shadow
}
cylinder {
	<52.077000, 57.235783, 51.527390>,  <52.044346, 57.354942, 51.907829>, 0.100000
	pigment { color rgbt <1,0,0,0> }
	no_shadow
}

// particle -1
sphere {
	<52.077000, 57.235783, 51.527390> 0.100000
	pigment { color rgbt <1,0,0,0> }
	no_shadow
}
sphere {
	0, 1
	scale<0.080000,0.200000,0.300000>
	matrix <0.922030, 0.384897, -0.041413,
		0.378412, -0.873562, 0.306095,
		0.081638, -0.297900, -0.951100,
		52.101490, 57.146412, 51.242058>
	pigment { color rgbt <0,1,1,0> }
	no_shadow
}
cylinder {
	<52.328602, 57.961105, 51.619850>,  <52.044346, 57.354942, 51.907829>, 0.130000
	pigment { color rgbt <1,0,0,0> }
	no_shadow
}

// nucleotide -1

// particle -1
sphere {
	<52.328602, 57.961105, 51.619850> 0.250000
	pigment { color rgbt <1,0,0,0> }
	no_shadow
}
cylinder {
	<52.552605, 57.791672, 51.335045>,  <52.687008, 57.690014, 51.164162>, 0.100000
	pigment { color rgbt <1,0,0,0> }
	no_shadow
}
cylinder {
	<52.552605, 57.791672, 51.335045>,  <52.328602, 57.961105, 51.619850>, 0.100000
	pigment { color rgbt <1,0,0,0> }
	no_shadow
}

// particle -1
sphere {
	<52.552605, 57.791672, 51.335045> 0.100000
	pigment { color rgbt <1,0,0,0> }
	no_shadow
}
sphere {
	0, 1
	scale<0.080000,0.200000,0.300000>
	matrix <0.792635, 0.524006, 0.311685,
		0.241076, -0.738916, 0.629194,
		0.560011, -0.423581, -0.712016,
		52.720608, 57.664597, 51.121441>
	pigment { color rgbt <0,1,1,0> }
	no_shadow
}
cylinder {
	<52.976513, 57.791069, 51.961498>,  <52.328602, 57.961105, 51.619850>, 0.130000
	pigment { color rgbt <1,0,0,0> }
	no_shadow
}

// nucleotide -1

// particle -1
sphere {
	<52.976513, 57.791069, 51.961498> 0.250000
	pigment { color rgbt <1,0,0,0> }
	no_shadow
}
cylinder {
	<53.054737, 57.793259, 51.569229>,  <53.101673, 57.794571, 51.333866>, 0.100000
	pigment { color rgbt <1,0,0,0> }
	no_shadow
}
cylinder {
	<53.054737, 57.793259, 51.569229>,  <52.976513, 57.791069, 51.961498>, 0.100000
	pigment { color rgbt <1,0,0,0> }
	no_shadow
}

// particle -1
sphere {
	<53.054737, 57.793259, 51.569229> 0.100000
	pigment { color rgbt <1,0,0,0> }
	no_shadow
}
sphere {
	0, 1
	scale<0.080000,0.200000,0.300000>
	matrix <0.894132, 0.409776, 0.180589,
		0.402845, -0.912170, 0.075247,
