// switches for output
#declare DRAW_BASES = 1; // possible values are 0, 1; only relevant for DNA ribbons
#declare DRAW_BASES_TYPE = 3; // possible values are 1, 2, 3; only relevant for DNA ribbons
#declare DRAW_FOG = 0; // set to 1 to enable fog

#include "colors.inc"

#include "transforms.inc"
background { rgb <1, 1, 1>}

#default {
   normal{
       ripples 0.25
       frequency 0.20
       turbulence 0.2
       lambda 5
   }
	finish {
		phong 0.1
		phong_size 40.
	}
}

// original window dimensions: 1024x640


// camera settings

camera {
	sky <-0, 1, 0>
	up <-0, 1, 0>
	right 1.6 * <0.99995, 0, 0.00999983>
	location <54.4867, 55, 106.329>
	look_at <55, 55, 55.0001>
	direction <0.513302, 0, -51.3289>
	angle 67.0682
}


# declare cpy_camera_pos = <54.4867, 55, 106.329>;
# if (DRAW_FOG = 1)
fog {
	fog_type 2
	up vnormalize(cpy_camera_pos)
	color rgbt<1,1,1,0.3>
	distance 1e-5
	fog_alt 3e-3
	fog_offset 88
}
# end


// LIGHTS

# declare lum = 6;
global_settings {
	ambient_light rgb lum * <0.05, 0.05, 0.05>
	max_trace_level 15
}# declare cpy_direct_light_amount = 0.25;
light_source
{	1000 * <-0.98995, -1, 1.00995>,
	rgb lum * cpy_direct_light_amount
	parallel
}

light_source
{	1000 * <0.98995, 1, -1.00995>,
	rgb lum * cpy_direct_light_amount
	parallel
}

// strand 0

// nucleotide -1

// particle -1
sphere {
	<36.497025, 52.627846, 49.503674> 0.250000
	pigment { color rgbt <1,0,0,0> }
	no_shadow
}
cylinder {
	<36.391338, 52.998657, 49.610115>,  <36.327927, 53.221146, 49.673981>, 0.100000
	pigment { color rgbt <1,0,0,0> }
	no_shadow
}
cylinder {
	<36.391338, 52.998657, 49.610115>,  <36.497025, 52.627846, 49.503674>, 0.100000
	pigment { color rgbt <1,0,0,0> }
	no_shadow
}

// particle -1
sphere {
	<36.391338, 52.998657, 49.610115> 0.100000
	pigment { color rgbt <1,0,0,0> }
	no_shadow
}
sphere {
	0, 1
	scale<0.080000,0.200000,0.300000>
	matrix <0.838003, 0.084081, 0.539149,
		0.477432, 0.365445, -0.799067,
		-0.264215, 0.927028, 0.266101,
		36.312073, 53.276764, 49.689945>
	pigment { color rgbt <0,1,1,0> }
	no_shadow
}
cylinder {
	<36.849625, 53.238445, 49.172115>,  <36.497025, 52.627846, 49.503674>, 0.130000
	pigment { color rgbt <1,0,0,0> }
	no_shadow
}

// nucleotide -1

// particle -1
sphere {
	<36.849625, 53.238445, 49.172115> 0.250000
	pigment { color rgbt <1,0,0,0> }
	no_shadow
}
cylinder {
	<36.726028, 53.314053, 49.544952>,  <36.651871, 53.359417, 49.768654>, 0.100000
	pigment { color rgbt <1,0,0,0> }
	no_shadow
}
cylinder {
	<36.726028, 53.314053, 49.544952>,  <36.849625, 53.238445, 49.172115>, 0.100000
	pigment { color rgbt <1,0,0,0> }
	no_shadow
}

// particle -1
sphere {
	<36.726028, 53.314053, 49.544952> 0.100000
	pigment { color rgbt <1,0,0,0> }
	no_shadow
}
sphere {
	0, 1
	scale<0.080000,0.200000,0.300000>
	matrix <0.924737, -0.169288, 0.340887,
		0.222226, 0.967271, -0.122481,
		-0.308995, 0.189017, 0.932092,
		36.633331, 53.370758, 49.824581>
	pigment { color rgbt <0,1,1,0> }
	no_shadow
}
cylinder {
	<37.206123, 53.836956, 49.482025>,  <36.849625, 53.238445, 49.172115>, 0.130000
	pigment { color rgbt <1,0,0,0> }
	no_shadow
}

// nucleotide -1

// particle -1
sphere {
	<37.206123, 53.836956, 49.482025> 0.250000
	pigment { color rgbt <1,0,0,0> }
	no_shadow
}
cylinder {
	<37.087364, 53.552589, 49.737038>,  <37.016109, 53.381969, 49.890045>, 0.100000
	pigment { color rgbt <1,0,0,0> }
	no_shadow
}
cylinder {
	<37.087364, 53.552589, 49.737038>,  <37.206123, 53.836956, 49.482025>, 0.100000
	pigment { color rgbt <1,0,0,0> }
	no_shadow
}

// particle -1
sphere {
	<37.087364, 53.552589, 49.737038> 0.100000
	pigment { color rgbt <1,0,0,0> }
	no_shadow
}
sphere {
	0, 1
	scale<0.080000,0.200000,0.300000>
	matrix <0.945262, -0.124135, 0.301780,
		-0.135400, 0.692235, 0.708856,
		-0.296896, -0.710916, 0.637536,
		36.998295, 53.339314, 49.928299>
	pigment { color rgbt <0,1,1,0> }
	no_shadow
}
cylinder {
	<37.696144, 53.905743, 50.027473>,  <37.206123, 53.836956, 49.482025>, 0.130000
	pigment { color rgbt <1,0,0,0> }
	no_shadow
}

// nucleotide -1

// particle -1
sphere {
	<37.696144, 53.905743, 50.027473> 0.250000
	pigment { color rgbt <1,0,0,0> }
	no_shadow
}
cylinder {
	<37.533497, 53.545368, 50.088120>,  <37.435909, 53.329144, 50.124508>, 0.100000
	pigment { color rgbt <1,0,0,0> }
	no_shadow
}
cylinder {
	<37.533497, 53.545368, 50.088120>,  <37.696144, 53.905743, 50.027473>, 0.100000
	pigment { color rgbt <1,0,0,0> }
	no_shadow
}

// particle -1
sphere {
	<37.533497, 53.545368, 50.088120> 0.100000
	pigment { color rgbt <1,0,0,0> }
	no_shadow
}
sphere {
	0, 1
	scale<0.080000,0.200000,0.300000>
	matrix <0.850007, -0.312233, 0.424262,
		-0.334892, 0.301384, 0.892757,
		-0.406614, -0.900932, 0.151614,
		37.411514, 53.275089, 50.133602>
	pigment { color rgbt <0,1,1,0> }
	no_shadow
}
cylinder {
	<37.984974, 54.641705, 50.200588>,  <37.696144, 53.905743, 50.027473>, 0.130000
	pigment { color rgbt <1,0,0,0> }
	no_shadow
}

// nucleotide -1

// particle -1
sphere {
	<37.984974, 54.641705, 50.200588> 0.250000
	pigment { color rgbt <1,0,0,0> }
	no_shadow
}
cylinder {
	<37.617256, 54.512882, 50.110100>,  <37.396626, 54.435589, 50.055805>, 0.100000
	pigment { color rgbt <1,0,0,0> }
	no_shadow
}
cylinder {
	<37.617256, 54.512882, 50.110100>,  <37.984974, 54.641705, 50.200588>, 0.100000
	pigment { color rgbt <1,0,0,0> }
	no_shadow
}

// particle -1
sphere {
	<37.617256, 54.512882, 50.110100> 0.100000
	pigment { color rgbt <1,0,0,0> }
	no_shadow
}
sphere {
	0, 1
	scale<0.080000,0.200000,0.300000>
	matrix <0.388101, -0.646350, -0.656969,
		0.065360, -0.691747, 0.719177,
		-0.919296, -0.322053, -0.226222,
		37.341469, 54.416267, 50.042233>
	pigment { color rgbt <0,1,1,0> }
	no_shadow
}
cylinder {
	<38.295147, 54.757717, 49.509789>,  <37.984974, 54.641705, 50.200588>, 0.130000
	pigment { color rgbt <1,0,0,0> }
	no_shadow
}

// nucleotide -1

// particle -1
sphere {
	<38.295147, 54.757717, 49.509789> 0.250000
	pigment { color rgbt <1,0,0,0> }
	no_shadow
}
cylinder {
	<38.427666, 55.098797, 49.671352>,  <38.507179, 55.303444, 49.768291>, 0.100000
	pigment { color rgbt <1,0,0,0> }
	no_shadow
}
cylinder {
	<38.427666, 55.098797, 49.671352>,  <38.295147, 54.757717, 49.509789>, 0.100000
	pigment { color rgbt <1,0,0,0> }
	no_shadow
}

// particle -1
sphere {
	<38.427666, 55.098797, 49.671352> 0.100000
	pigment { color rgbt <1,0,0,0> }
	no_shadow
}
sphere {
	0, 1
	scale<0.080000,0.200000,0.300000>
	matrix <0.799940, -0.026840, -0.599480,
		-0.500336, 0.521710, -0.691001,
		0.331301, 0.852701, 0.403908,
		38.527058, 55.354607, 49.792526>
	pigment { color rgbt <0,1,1,0> }
	no_shadow
}
cylinder {
	<38.393509, 55.296425, 49.009331>,  <38.295147, 54.757717, 49.509789>, 0.130000
	pigment { color rgbt <1,0,0,0> }
	no_shadow
}

// nucleotide -1

// particle -1
sphere {
	<38.393509, 55.296425, 49.009331> 0.250000
	pigment { color rgbt <1,0,0,0> }
	no_shadow
}
cylinder {
	<38.637241, 55.346035, 49.322594>,  <38.783482, 55.375801, 49.510551>, 0.100000
	pigment { color rgbt <1,0,0,0> }
	no_shadow
}
cylinder {
	<38.637241, 55.346035, 49.322594>,  <38.393509, 55.296425, 49.009331>, 0.100000
	pigment { color rgbt <1,0,0,0> }
	no_shadow
}

// particle -1
sphere {
	<38.637241, 55.346035, 49.322594> 0.100000
	pigment { color rgbt <1,0,0,0> }
	no_shadow
}
sphere {
	0, 1
	scale<0.080000,0.200000,0.300000>
	matrix <0.790789, -0.167334, -0.588771,
		0.058023, 0.978068, -0.200043,
		0.609332, 0.124029, 0.783155,
		38.820042, 55.383244, 49.557541>
	pigment { color rgbt <0,1,1,0> }
	no_shadow
}
cylinder {
	<39.070183, 55.643715, 48.798378>,  <38.393509, 55.296425, 49.009331>, 0.130000
	pigment { color rgbt <1,0,0,0> }
	no_shadow
}

// nucleotide -1

// particle -1
sphere {
	<39.070183, 55.643715, 48.798378> 0.250000
	pigment { color rgbt <1,0,0,0> }
	no_shadow
}
cylinder {
	<39.117519, 55.376354, 49.092110>,  <39.145924, 55.215939, 49.268349>, 0.100000
	pigment { color rgbt <1,0,0,0> }
	no_shadow
}
cylinder {
	<39.117519, 55.376354, 49.092110>,  <39.070183, 55.643715, 48.798378>, 0.100000
	pigment { color rgbt <1,0,0,0> }
	no_shadow
}

// particle -1
sphere {
	<39.117519, 55.376354, 49.092110> 0.100000
	pigment { color rgbt <1,0,0,0> }
	no_shadow
}
sphere {
	0, 1
	scale<0.080000,0.200000,0.300000>
	matrix <0.885774, -0.263167, -0.382292,
		0.448775, 0.695691, 0.560906,
		0.118345, -0.668399, 0.734328,
		39.153023, 55.175835, 49.312408>
	pigment { color rgbt <0,1,1,0> }
	no_shadow
}
cylinder {
	<39.803150, 55.779884, 49.032459>,  <39.070183, 55.643715, 48.798378>, 0.130000
	pigment { color rgbt <1,0,0,0> }
	no_shadow
}

// nucleotide -1

// particle -1
sphere {
	<39.803150, 55.779884, 49.032459> 0.250000
	pigment { color rgbt <1,0,0,0> }
	no_shadow
}
cylinder {
	<39.679825, 55.405258, 49.099133>,  <39.605831, 55.180481, 49.139137>, 0.100000
	pigment { color rgbt <1,0,0,0> }
	no_shadow
}
cylinder {
	<39.679825, 55.405258, 49.099133>,  <39.803150, 55.779884, 49.032459>, 0.100000
	pigment { color rgbt <1,0,0,0> }
	no_shadow
}

// particle -1
sphere {
	<39.679825, 55.405258, 49.099133> 0.100000
	pigment { color rgbt <1,0,0,0> }
	no_shadow
}
sphere {
	0, 1
	scale<0.080000,0.200000,0.300000>
	matrix <0.817156, -0.350449, -0.457648,
		0.487034, -0.004889, 0.873370,
		-0.308309, -0.936569, 0.166686,
		39.587334, 55.124287, 49.149139>
	pigment { color rgbt <0,1,1,0> }
	no_shadow
}
cylinder {
	<40.277161, 55.432846, 49.374851>,  <39.803150, 55.779884, 49.032459>, 0.130000
	pigment { color rgbt <1,0,0,0> }
	no_shadow
}

// nucleotide -1

// particle -1
sphere {
	<40.277161, 55.432846, 49.374851> 0.250000
	pigment { color rgbt <1,0,0,0> }
	no_shadow
}
cylinder {
	<40.046318, 55.199177, 49.146576>,  <39.907814, 55.058975, 49.009609>, 0.100000
	pigment { color rgbt <1,0,0,0> }
	no_shadow
}
cylinder {
	<40.046318, 55.199177, 49.146576>,  <40.277161, 55.432846, 49.374851>, 0.100000
	pigment { color rgbt <1,0,0,0> }
	no_shadow
}

// particle -1
sphere {
	<40.046318, 55.199177, 49.146576> 0.100000
	pigment { color rgbt <1,0,0,0> }
	no_shadow
}
sphere {
	0, 1
	scale<0.080000,0.200000,0.300000>
	matrix <0.803103, -0.279117, -0.526421,
		0.148230, -0.762126, 0.630231,
		-0.577108, -0.584172, -0.570692,
		39.873184, 55.023926, 48.975368>
	pigment { color rgbt <0,1,1,0> }
	no_shadow
}
cylinder {
	<40.799343, 54.923706, 49.620823>,  <40.277161, 55.432846, 49.374851>, 0.130000
	pigment { color rgbt <1,0,0,0> }
	no_shadow
}

// nucleotide -1

// particle -1
sphere {
	<40.799343, 54.923706, 49.620823> 0.250000
	pigment { color rgbt <1,0,0,0> }
	no_shadow
}
cylinder {
	<40.622395, 55.257446, 49.752380>,  <40.516224, 55.457691, 49.831314>, 0.100000
	pigment { color rgbt <1,0,0,0> }
	no_shadow
}
cylinder {
	<40.622395, 55.257446, 49.752380>,  <40.799343, 54.923706, 49.620823>, 0.100000
	pigment { color rgbt <1,0,0,0> }
	no_shadow
}

// particle -1
sphere {
	<40.622395, 55.257446, 49.752380> 0.100000
	pigment { color rgbt <1,0,0,0> }
	no_shadow
}
sphere {
	0, 1
	scale<0.080000,0.200000,0.300000>
	matrix <-0.038021, -0.383845, 0.922614,
		0.896026, 0.395632, 0.201524,
		-0.442370, 0.834349, 0.328893,
		40.489685, 55.507751, 49.851048>
	pigment { color rgbt <0,1,1,0> }
	no_shadow
}
cylinder {
	<41.573639, 54.902588, 49.380379>,  <40.799343, 54.923706, 49.620823>, 0.130000
	pigment { color rgbt <1,0,0,0> }
	no_shadow
}

// nucleotide -1

// particle -1
sphere {
	<41.573639, 54.902588, 49.380379> 0.250000
	pigment { color rgbt <1,0,0,0> }
	no_shadow
}
cylinder {
	<41.735458, 55.233971, 49.225460>,  <41.832550, 55.432800, 49.132507>, 0.100000
	pigment { color rgbt <1,0,0,0> }
	no_shadow
}
cylinder {
	<41.735458, 55.233971, 49.225460>,  <41.573639, 54.902588, 49.380379>, 0.100000
	pigment { color rgbt <1,0,0,0> }
	no_shadow
}

// particle -1
sphere {
	<41.735458, 55.233971, 49.225460> 0.100000
	pigment { color rgbt <1,0,0,0> }
	no_shadow
}
sphere {
	0, 1
	scale<0.080000,0.200000,0.300000>
	matrix <0.773169, -0.083661, 0.628657,
		0.488414, -0.553768, -0.674383,
		0.404549, 0.828458, -0.387295,
		41.856823, 55.482510, 49.109272>
	pigment { color rgbt <0,1,1,0> }
	no_shadow
}
cylinder {
	<42.184620, 54.752769, 49.313782>,  <41.573639, 54.902588, 49.380379>, 0.130000
	pigment { color rgbt <1,0,0,0> }
	no_shadow
}

// nucleotide -1

// particle -1
sphere {
	<42.184620, 54.752769, 49.313782> 0.250000
	pigment { color rgbt <1,0,0,0> }
	no_shadow
}
cylinder {
	<42.188625, 55.150417, 49.356911>,  <42.191029, 55.389008, 49.382786>, 0.100000
	pigment { color rgbt <1,0,0,0> }
	no_shadow
}
cylinder {
	<42.188625, 55.150417, 49.356911>,  <42.184620, 54.752769, 49.313782>, 0.100000
	pigment { color rgbt <1,0,0,0> }
	no_shadow
}

// particle -1
sphere {
	<42.188625, 55.150417, 49.356911> 0.100000
	pigment { color rgbt <1,0,0,0> }
	no_shadow
}
sphere {
	0, 1
	scale<0.080000,0.200000,0.300000>
	matrix <0.611089, -0.091431, 0.786264,
		0.791499, 0.058016, -0.608411,
		0.010012, 0.994120, 0.107821,
		42.191628, 55.448654, 49.389256>
	pigment { color rgbt <0,1,1,0> }
	no_shadow
}
cylinder {
	<42.937996, 55.074371, 49.365726>,  <42.184620, 54.752769, 49.313782>, 0.130000
	pigment { color rgbt <1,0,0,0> }
	no_shadow
}

// nucleotide -1

// particle -1
sphere {
	<42.937996, 55.074371, 49.365726> 0.250000
	pigment { color rgbt <1,0,0,0> }
	no_shadow
}
cylinder {
	<42.652744, 55.294773, 49.539093>,  <42.481594, 55.427013, 49.643112>, 0.100000
	pigment { color rgbt <1,0,0,0> }
	no_shadow
}
cylinder {
	<42.652744, 55.294773, 49.539093>,  <42.937996, 55.074371, 49.365726>, 0.100000
	pigment { color rgbt <1,0,0,0> }
	no_shadow
}

// particle -1
sphere {
	<42.652744, 55.294773, 49.539093> 0.100000
	pigment { color rgbt <1,0,0,0> }
	no_shadow
}
sphere {
	0, 1
	scale<0.080000,0.200000,0.300000>
	matrix <0.514459, -0.008651, 0.857471,
		0.476217, 0.834460, -0.277298,
		-0.713127, 0.551001, 0.433415,
		42.438805, 55.460072, 49.669117>
	pigment { color rgbt <0,1,1,0> }
	no_shadow
}
cylinder {
	<43.236778, 55.754532, 49.677502>,  <42.937996, 55.074371, 49.365726>, 0.130000
	pigment { color rgbt <1,0,0,0> }
	no_shadow
}

// nucleotide -1

// particle -1
sphere {
	<43.236778, 55.754532, 49.677502> 0.250000
	pigment { color rgbt <1,0,0,0> }
	no_shadow
}
cylinder {
	<42.920235, 55.594921, 49.862774>,  <42.730309, 55.499153, 49.973938>, 0.100000
	pigment { color rgbt <1,0,0,0> }
	no_shadow
}
cylinder {
	<42.920235, 55.594921, 49.862774>,  <43.236778, 55.754532, 49.677502>, 0.100000
	pigment { color rgbt <1,0,0,0> }
	no_shadow
}

// particle -1
sphere {
	<42.920235, 55.594921, 49.862774> 0.100000
	pigment { color rgbt <1,0,0,0> }
	no_shadow
}
sphere {
	0, 1
	scale<0.080000,0.200000,0.300000>
	matrix <0.511296, -0.016623, 0.859244,
		-0.335162, 0.916788, 0.217176,
		-0.791355, -0.399027, 0.463179,
		42.682827, 55.475212, 50.001728>
	pigment { color rgbt <0,1,1,0> }
	no_shadow
}
cylinder {
	<43.052654, 56.169682, 50.241840>,  <43.236778, 55.754532, 49.677502>, 0.130000
	pigment { color rgbt <1,0,0,0> }
	no_shadow
}

// nucleotide -1

// particle -1
sphere {
	<43.052654, 56.169682, 50.241840> 0.250000
	pigment { color rgbt <1,0,0,0> }
	no_shadow
}
cylinder {
	<42.981846, 55.785606, 50.328278>,  <42.939362, 55.555161, 50.380138>, 0.100000
	pigment { color rgbt <1,0,0,0> }
	no_shadow
}
cylinder {
	<42.981846, 55.785606, 50.328278>,  <43.052654, 56.169682, 50.241840>, 0.100000
	pigment { color rgbt <1,0,0,0> }
	no_shadow
}

// particle -1
sphere {
	<42.981846, 55.785606, 50.328278> 0.100000
	pigment { color rgbt <1,0,0,0> }
	no_shadow
}
sphere {
	0, 1
	scale<0.080000,0.200000,0.300000>
	matrix <0.442991, 0.118329, 0.888683,
		-0.878876, 0.253039, 0.404410,
		-0.177019, -0.960192, 0.216090,
		42.928741, 55.497547, 50.393105>
	pigment { color rgbt <0,1,1,0> }
	no_shadow
}
cylinder {
	<42.782780, 56.125919, 50.864380>,  <43.052654, 56.169682, 50.241840>, 0.130000
	pigment { color rgbt <1,0,0,0> }
	no_shadow
}

// nucleotide -1

// particle -1
sphere {
	<42.782780, 56.125919, 50.864380> 0.250000
	pigment { color rgbt <1,0,0,0> }
	no_shadow
}
cylinder {
	<42.961140, 55.772991, 50.804134>,  <43.068153, 55.561234, 50.767986>, 0.100000
	pigment { color rgbt <1,0,0,0> }
	no_shadow
}
cylinder {
	<42.961140, 55.772991, 50.804134>,  <42.782780, 56.125919, 50.864380>, 0.100000
	pigment { color rgbt <1,0,0,0> }
	no_shadow
}

// particle -1
sphere {
	<42.961140, 55.772991, 50.804134> 0.100000
	pigment { color rgbt <1,0,0,0> }
	no_shadow
}
sphere {
	0, 1
	scale<0.080000,0.200000,0.300000>
	matrix <0.528197, 0.123527, 0.840089,
		-0.722623, -0.454147, 0.521120,
		0.445896, -0.882322, -0.150615,
		43.094910, 55.508293, 50.758949>
	pigment { color rgbt <0,1,1,0> }
	no_shadow
}
cylinder {
	<42.678104, 55.607414, 51.473278>,  <42.782780, 56.125919, 50.864380>, 0.130000
	pigment { color rgbt <1,0,0,0> }
	no_shadow
}

// nucleotide -1

// particle -1
sphere {
	<42.678104, 55.607414, 51.473278> 0.250000
	pigment { color rgbt <1,0,0,0> }
	no_shadow
}
cylinder {
	<43.034847, 55.521515, 51.314041>,  <43.248894, 55.469975, 51.218498>, 0.100000
	pigment { color rgbt <1,0,0,0> }
	no_shadow
}
cylinder {
	<43.034847, 55.521515, 51.314041>,  <42.678104, 55.607414, 51.473278>, 0.100000
	pigment { color rgbt <1,0,0,0> }
	no_shadow
}

// particle -1
sphere {
	<43.034847, 55.521515, 51.314041> 0.100000
	pigment { color rgbt <1,0,0,0> }
	no_shadow
}
sphere {
	0, 1
	scale<0.080000,0.200000,0.300000>
	matrix <0.403555, -0.019751, 0.914742,
		-0.204301, -0.976470, 0.069048,
		0.891854, -0.214747, -0.398094,
		43.302402, 55.457092, 51.194614>
	pigment { color rgbt <0,1,1,0> }
	no_shadow
}
cylinder {
	<43.013466, 55.167854, 51.953636>,  <42.678104, 55.607414, 51.473278>, 0.130000
	pigment { color rgbt <1,0,0,0> }
	no_shadow
}

// nucleotide -1

// particle -1
sphere {
	<43.013466, 55.167854, 51.953636> 0.250000
	pigment { color rgbt <1,0,0,0> }
	no_shadow
}
cylinder {
	<43.315807, 55.340702, 51.756878>,  <43.497211, 55.444408, 51.638824>, 0.100000
	pigment { color rgbt <1,0,0,0> }
	no_shadow
}
cylinder {
	<43.315807, 55.340702, 51.756878>,  <43.013466, 55.167854, 51.953636>, 0.100000
	pigment { color rgbt <1,0,0,0> }
	no_shadow
}

// particle -1
sphere {
	<43.315807, 55.340702, 51.756878> 0.100000
	pigment { color rgbt <1,0,0,0> }
	no_shadow
}
sphere {
	0, 1
	scale<0.080000,0.200000,0.300000>
	matrix <0.563465, -0.046689, 0.824819,
		0.333452, -0.900608, -0.278773,
		0.755855, 0.432117, -0.491893,
		43.542564, 55.470337, 51.609310>
	pigment { color rgbt <0,1,1,0> }
	no_shadow
}
cylinder {
	<43.598152, 54.639202, 51.858124>,  <43.013466, 55.167854, 51.953636>, 0.130000
	pigment { color rgbt <1,0,0,0> }
	no_shadow
}

// nucleotide -1

// particle -1
sphere {
	<43.598152, 54.639202, 51.858124> 0.250000
	pigment { color rgbt <1,0,0,0> }
	no_shadow
}
cylinder {
	<43.743595, 55.008213, 51.909859>,  <43.830860, 55.229618, 51.940899>, 0.100000
	pigment { color rgbt <1,0,0,0> }
	no_shadow
}
cylinder {
	<43.743595, 55.008213, 51.909859>,  <43.598152, 54.639202, 51.858124>, 0.100000
	pigment { color rgbt <1,0,0,0> }
	no_shadow
}

// particle -1
sphere {
	<43.743595, 55.008213, 51.909859> 0.100000
	pigment { color rgbt <1,0,0,0> }
	no_shadow
}
sphere {
	0, 1
	scale<0.080000,0.200000,0.300000>
	matrix <0.664161, -0.354085, 0.658418,
		0.653205, -0.153509, -0.741457,
		0.363612, 0.922529, 0.129335,
		43.852680, 55.284973, 51.948658>
	pigment { color rgbt <0,1,1,0> }
	no_shadow
}
cylinder {
	<44.308563, 54.663006, 51.612198>,  <43.598152, 54.639202, 51.858124>, 0.130000
	pigment { color rgbt <1,0,0,0> }
	no_shadow
}

// nucleotide -1

// particle -1
sphere {
	<44.308563, 54.663006, 51.612198> 0.250000
	pigment { color rgbt <1,0,0,0> }
	no_shadow
}
cylinder {
	<44.248898, 54.930927, 51.903160>,  <44.213097, 55.091679, 52.077736>, 0.100000
	pigment { color rgbt <1,0,0,0> }
	no_shadow
}
cylinder {
	<44.248898, 54.930927, 51.903160>,  <44.308563, 54.663006, 51.612198>, 0.100000
	pigment { color rgbt <1,0,0,0> }
	no_shadow
}

// particle -1
sphere {
	<44.248898, 54.930927, 51.903160> 0.100000
	pigment { color rgbt <1,0,0,0> }
	no_shadow
}
sphere {
	0, 1
	scale<0.080000,0.200000,0.300000>
	matrix <0.719959, -0.430682, 0.544217,
		0.677797, 0.604876, -0.417990,
		-0.149163, 0.669804, 0.727401,
		44.204147, 55.131870, 52.121380>
	pigment { color rgbt <0,1,1,0> }
	no_shadow
}
cylinder {
	<44.636230, 54.152458, 51.991653>,  <44.308563, 54.663006, 51.612198>, 0.130000
	pigment { color rgbt <1,0,0,0> }
	no_shadow
}

// nucleotide -1

// particle -1
sphere {
	<44.636230, 54.152458, 51.991653> 0.250000
	pigment { color rgbt <1,0,0,0> }
	no_shadow
}
cylinder {
	<44.562668, 54.232430, 51.606693>,  <44.518528, 54.280411, 51.375717>, 0.100000
	pigment { color rgbt <1,0,0,0> }
	no_shadow
}
cylinder {
	<44.562668, 54.232430, 51.606693>,  <44.636230, 54.152458, 51.991653>, 0.100000
	pigment { color rgbt <1,0,0,0> }
	no_shadow
}

// particle -1
sphere {
	<44.562668, 54.232430, 51.606693> 0.100000
	pigment { color rgbt <1,0,0,0> }
	no_shadow
}
sphere {
	0, 1
	scale<0.080000,0.200000,0.300000>
	matrix <0.782423, 0.622420, -0.020219,
		0.594973, -0.756719, -0.270894,
		-0.183910, 0.199924, -0.962397,
		44.507496, 54.292408, 51.317974>
	pigment { color rgbt <0,1,1,0> }
	no_shadow
}
cylinder {
	<45.282963, 53.850895, 51.686943>,  <44.636230, 54.152458, 51.991653>, 0.130000
	pigment { color rgbt <1,0,0,0> }
	no_shadow
}

// nucleotide -1

// particle -1
sphere {
	<45.282963, 53.850895, 51.686943> 0.250000
	pigment { color rgbt <1,0,0,0> }
	no_shadow
}
cylinder {
	<45.073437, 54.122517, 51.481224>,  <44.947720, 54.285488, 51.357792>, 0.100000
	pigment { color rgbt <1,0,0,0> }
	no_shadow
}
cylinder {
	<45.073437, 54.122517, 51.481224>,  <45.282963, 53.850895, 51.686943>, 0.100000
	pigment { color rgbt <1,0,0,0> }
	no_shadow
}

// particle -1
sphere {
	<45.073437, 54.122517, 51.481224> 0.100000
	pigment { color rgbt <1,0,0,0> }
	no_shadow
}
sphere {
	0, 1
	scale<0.080000,0.200000,0.300000>
	matrix <0.783542, 0.620954, 0.021840,
		0.334187, -0.391535, -0.857333,
		-0.523814, 0.679055, -0.514299,
		44.916294, 54.326233, 51.326935>
	pigment { color rgbt <0,1,1,0> }
	no_shadow
}
cylinder {
	<45.726234, 54.105846, 51.134693>,  <45.282963, 53.850895, 51.686943>, 0.130000
	pigment { color rgbt <1,0,0,0> }
	no_shadow
}

// nucleotide -1

// particle -1
sphere {
	<45.726234, 54.105846, 51.134693> 0.250000
	pigment { color rgbt <1,0,0,0> }
	no_shadow
}
cylinder {
	<45.453915, 54.385056, 51.223484>,  <45.290524, 54.552582, 51.276760>, 0.100000
	pigment { color rgbt <1,0,0,0> }
	no_shadow
}
cylinder {
	<45.453915, 54.385056, 51.223484>,  <45.726234, 54.105846, 51.134693>, 0.100000
	pigment { color rgbt <1,0,0,0> }
	no_shadow
}

// particle -1
sphere {
	<45.453915, 54.385056, 51.223484> 0.100000
	pigment { color rgbt <1,0,0,0> }
	no_shadow
}
sphere {
	0, 1
	scale<0.080000,0.200000,0.300000>
	matrix <0.719554, 0.694004, 0.024512,
		-0.136945, 0.176414, -0.974743,
		-0.680800, 0.698023, 0.221979,
		45.249676, 54.594463, 51.290077>
	pigment { color rgbt <0,1,1,0> }
	no_shadow
}
cylinder {
	<45.722862, 54.771240, 50.597839>,  <45.726234, 54.105846, 51.134693>, 0.130000
	pigment { color rgbt <1,0,0,0> }
	no_shadow
}

// nucleotide -1

// particle -1
sphere {
	<45.722862, 54.771240, 50.597839> 0.250000
	pigment { color rgbt <1,0,0,0> }
	no_shadow
}
cylinder {
	<45.618675, 54.832039, 50.979218>,  <45.556164, 54.868519, 51.208042>, 0.100000
	pigment { color rgbt <1,0,0,0> }
	no_shadow
}
cylinder {
	<45.618675, 54.832039, 50.979218>,  <45.722862, 54.771240, 50.597839>, 0.100000
	pigment { color rgbt <1,0,0,0> }
	no_shadow
}

// particle -1
sphere {
	<45.618675, 54.832039, 50.979218> 0.100000
	pigment { color rgbt <1,0,0,0> }
	no_shadow
}
sphere {
	0, 1
	scale<0.080000,0.200000,0.300000>
	matrix <0.728974, 0.678467, 0.090992,
		-0.633050, 0.718735, -0.287520,
		-0.260472, 0.151992, 0.953443,
		45.540535, 54.877636, 51.265251>
	pigment { color rgbt <0,1,1,0> }
	no_shadow
}
cylinder {
	<45.630203, 55.522263, 50.928238>,  <45.722862, 54.771240, 50.597839>, 0.130000
	pigment { color rgbt <1,0,0,0> }
	no_shadow
}

// nucleotide -1

// particle -1
sphere {
	<45.630203, 55.522263, 50.928238> 0.250000
	pigment { color rgbt <1,0,0,0> }
	no_shadow
}
cylinder {
	<45.765129, 55.282894, 51.218925>,  <45.846085, 55.139275, 51.393337>, 0.100000
	pigment { color rgbt <1,0,0,0> }
	no_shadow
}
cylinder {
	<45.765129, 55.282894, 51.218925>,  <45.630203, 55.522263, 50.928238>, 0.100000
	pigment { color rgbt <1,0,0,0> }
	no_shadow
}

// particle -1
sphere {
	<45.765129, 55.282894, 51.218925> 0.100000
	pigment { color rgbt <1,0,0,0> }
	no_shadow
}
sphere {
	0, 1
	scale<0.080000,0.200000,0.300000>
	matrix <0.759782, 0.628848, 0.165171,
		-0.555835, 0.496431, 0.666786,
		0.337311, -0.598419, 0.726716,
		45.866322, 55.103367, 51.436939>
	pigment { color rgbt <0,1,1,0> }
	no_shadow
}
cylinder {
	<45.682545, 55.841324, 51.651157>,  <45.630203, 55.522263, 50.928238>, 0.130000
	pigment { color rgbt <1,0,0,0> }
	no_shadow
}

// nucleotide -1

// particle -1
sphere {
	<45.682545, 55.841324, 51.651157> 0.250000
	pigment { color rgbt <1,0,0,0> }
	no_shadow
}
cylinder {
	<45.957947, 55.561958, 51.572998>,  <46.123188, 55.394341, 51.526104>, 0.100000
	pigment { color rgbt <1,0,0,0> }
	no_shadow
}
cylinder {
	<45.957947, 55.561958, 51.572998>,  <45.682545, 55.841324, 51.651157>, 0.100000
	pigment { color rgbt <1,0,0,0> }
	no_shadow
}

// particle -1
sphere {
	<45.957947, 55.561958, 51.572998> 0.100000
	pigment { color rgbt <1,0,0,0> }
	no_shadow
}
sphere {
	0, 1
	scale<0.080000,0.200000,0.300000>
	matrix <0.722554, 0.637471, 0.267482,
		-0.062251, -0.325349, 0.943543,
		0.688506, -0.698412, -0.195399,
		46.164497, 55.352436, 51.514378>
	pigment { color rgbt <0,1,1,0> }
	no_shadow
}
cylinder {
	<46.119175, 55.911900, 52.148861>,  <45.682545, 55.841324, 51.651157>, 0.130000
	pigment { color rgbt <1,0,0,0> }
	no_shadow
}

// nucleotide -1

// particle -1
sphere {
	<46.119175, 55.911900, 52.148861> 0.250000
	pigment { color rgbt <1,0,0,0> }
	no_shadow
}
cylinder {
	<46.357201, 55.716980, 51.893223>,  <46.500015, 55.600029, 51.739841>, 0.100000
	pigment { color rgbt <1,0,0,0> }
	no_shadow
}
cylinder {
	<46.357201, 55.716980, 51.893223>,  <46.119175, 55.911900, 52.148861>, 0.100000
	pigment { color rgbt <1,0,0,0> }
	no_shadow
}

// particle -1
sphere {
	<46.357201, 55.716980, 51.893223> 0.100000
	pigment { color rgbt <1,0,0,0> }
	no_shadow
}
sphere {
	0, 1
	scale<0.080000,0.200000,0.300000>
	matrix <0.762236, 0.594260, 0.256613,
		0.254741, -0.639842, 0.725058,
		0.595065, -0.487295, -0.639094,
		46.535721, 55.570793, 51.701496>
	pigment { color rgbt <0,1,1,0> }
	no_shadow
}
cylinder {
	<46.702938, 55.640682, 52.537609>,  <46.119175, 55.911900, 52.148861>, 0.130000
	pigment { color rgbt <1,0,0,0> }
	no_shadow
}

// nucleotide -1

// particle -1
sphere {
	<46.702938, 55.640682, 52.537609> 0.250000
	pigment { color rgbt <1,0,0,0> }
	no_shadow
}
cylinder {
	<46.840664, 55.696980, 52.166313>,  <46.923302, 55.730759, 51.943535>, 0.100000
	pigment { color rgbt <1,0,0,0> }
	no_shadow
}
cylinder {
	<46.840664, 55.696980, 52.166313>,  <46.702938, 55.640682, 52.537609>, 0.100000
	pigment { color rgbt <1,0,0,0> }
	no_shadow
}

// particle -1
sphere {
	<46.840664, 55.696980, 52.166313> 0.100000
	pigment { color rgbt <1,0,0,0> }
	no_shadow
}
sphere {
	0, 1
	scale<0.080000,0.200000,0.300000>
	matrix <0.810567, 0.454324, 0.369554,
		0.473736, -0.879648, 0.042351,
		0.344319, 0.140742, -0.928243,
		46.943958, 55.739201, 51.887840>
	pigment { color rgbt <0,1,1,0> }
	no_shadow
}
cylinder {
	<47.472351, 55.436161, 52.485554>,  <46.702938, 55.640682, 52.537609>, 0.130000
	pigment { color rgbt <1,0,0,0> }
	no_shadow
}

// nucleotide -1

// particle -1
sphere {
	<47.472351, 55.436161, 52.485554> 0.250000
	pigment { color rgbt <1,0,0,0> }
	no_shadow
}
cylinder {
	<47.399899, 55.681343, 52.177925>,  <47.356426, 55.828453, 51.993347>, 0.100000
	pigment { color rgbt <1,0,0,0> }
	no_shadow
}
cylinder {
	<47.399899, 55.681343, 52.177925>,  <47.472351, 55.436161, 52.485554>, 0.100000
	pigment { color rgbt <1,0,0,0> }
	no_shadow
}

// particle -1
sphere {
	<47.399899, 55.681343, 52.177925> 0.100000
	pigment { color rgbt <1,0,0,0> }
	no_shadow
}
sphere {
	0, 1
	scale<0.080000,0.200000,0.300000>
	matrix <0.853409, 0.486606, 0.186835,
		0.488758, -0.622492, -0.611245,
		-0.181132, 0.612959, -0.769073,
		47.345558, 55.865231, 51.947205>
	pigment { color rgbt <0,1,1,0> }
	no_shadow
}
cylinder {
	<48.046993, 54.987907, 52.136608>,  <47.472351, 55.436161, 52.485554>, 0.130000
	pigment { color rgbt <1,0,0,0> }
	no_shadow
}

// nucleotide -1

// particle -1
sphere {
	<48.046993, 54.987907, 52.136608> 0.250000
	pigment { color rgbt <1,0,0,0> }
	no_shadow
}
cylinder {
	<48.413692, 55.123276, 52.051712>,  <48.633713, 55.204494, 52.000774>, 0.100000
	pigment { color rgbt <1,0,0,0> }
	no_shadow
}
cylinder {
	<48.413692, 55.123276, 52.051712>,  <48.046993, 54.987907, 52.136608>, 0.100000
	pigment { color rgbt <1,0,0,0> }
	no_shadow
}

// particle -1
sphere {
	<48.413692, 55.123276, 52.051712> 0.100000
	pigment { color rgbt <1,0,0,0> }
	no_shadow
}
sphere {
	0, 1
	scale<0.080000,0.200000,0.300000>
	matrix <0.397565, -0.824724, 0.402208,
		-0.038924, -0.453102, -0.890608,
		0.916748, 0.338419, -0.212240,
		48.688717, 55.224800, 51.988041>
	pigment { color rgbt <0,1,1,0> }
	no_shadow
}
cylinder {
	<48.474827, 54.472057, 52.181549>,  <48.046993, 54.987907, 52.136608>, 0.130000
	pigment { color rgbt <1,0,0,0> }
	no_shadow
}

// nucleotide -1

// particle -1
sphere {
	<48.474827, 54.472057, 52.181549> 0.250000
	pigment { color rgbt <1,0,0,0> }
	no_shadow
}
cylinder {
	<48.786461, 54.712868, 52.251514>,  <48.973442, 54.857353, 52.293495>, 0.100000
	pigment { color rgbt <1,0,0,0> }
	no_shadow
}
cylinder {
	<48.786461, 54.712868, 52.251514>,  <48.474827, 54.472057, 52.181549>, 0.100000
	pigment { color rgbt <1,0,0,0> }
	no_shadow
}

// particle -1
sphere {
	<48.786461, 54.712868, 52.251514> 0.100000
	pigment { color rgbt <1,0,0,0> }
	no_shadow
}
sphere {
	0, 1
	scale<0.080000,0.200000,0.300000>
	matrix <0.532578, -0.782759, 0.321947,
		0.330735, -0.157668, -0.930460,
		0.779086, 0.602021, 0.174915,
		49.020187, 54.893475, 52.303989>
	pigment { color rgbt <0,1,1,0> }
	no_shadow
}
cylinder {
	<49.079086, 54.474064, 51.724087>,  <48.474827, 54.472057, 52.181549>, 0.130000
	pigment { color rgbt <1,0,0,0> }
	no_shadow
}

// nucleotide -1

// particle -1
sphere {
	<49.079086, 54.474064, 51.724087> 0.250000
	pigment { color rgbt <1,0,0,0> }
	no_shadow
}
cylinder {
	<49.131893, 54.542961, 52.114555>,  <49.163578, 54.584301, 52.348835>, 0.100000
	pigment { color rgbt <1,0,0,0> }
	no_shadow
}
cylinder {
	<49.131893, 54.542961, 52.114555>,  <49.079086, 54.474064, 51.724087>, 0.100000
	pigment { color rgbt <1,0,0,0> }
	no_shadow
}

// particle -1
sphere {
	<49.131893, 54.542961, 52.114555> 0.100000
	pigment { color rgbt <1,0,0,0> }
	no_shadow
}
sphere {
	0, 1
	scale<0.080000,0.200000,0.300000>
	matrix <0.405603, -0.907957, 0.105359,
		0.904466, 0.382028, -0.189725,
		0.132012, 0.172247, 0.976168,
		49.171497, 54.594635, 52.407406>
	pigment { color rgbt <0,1,1,0> }
	no_shadow
}
cylinder {
	<49.797932, 54.432537, 51.910698>,  <49.079086, 54.474064, 51.724087>, 0.130000
	pigment { color rgbt <1,0,0,0> }
	no_shadow
}

// nucleotide -1

// particle -1
sphere {
	<49.797932, 54.432537, 51.910698> 0.250000
	pigment { color rgbt <1,0,0,0> }
	no_shadow
}
cylinder {
	<49.552204, 54.324059, 52.207092>,  <49.404766, 54.258972, 52.384930>, 0.100000
	pigment { color rgbt <1,0,0,0> }
	no_shadow
}
cylinder {
	<49.552204, 54.324059, 52.207092>,  <49.797932, 54.432537, 51.910698>, 0.100000
	pigment { color rgbt <1,0,0,0> }
	no_shadow
}

// particle -1
sphere {
	<49.552204, 54.324059, 52.207092> 0.100000
	pigment { color rgbt <1,0,0,0> }
	no_shadow
}
sphere {
	0, 1
	scale<0.080000,0.200000,0.300000>
	matrix <0.420524, -0.907129, 0.016640,
		0.667659, 0.321826, 0.671311,
		-0.614321, -0.271193, 0.740988,
		49.367908, 54.242702, 52.429390>
	pigment { color rgbt <0,1,1,0> }
	no_shadow
}
cylinder {
	<50.606930, 54.467953, 51.821701>,  <49.797932, 54.432537, 51.910698>, 0.130000
	pigment { color rgbt <1,0,0,0> }
	no_shadow
}

// nucleotide -1

// particle -1
sphere {
	<50.606930, 54.467953, 51.821701> 0.250000
	pigment { color rgbt <1,0,0,0> }
	no_shadow
}
cylinder {
	<50.354073, 54.242744, 51.608757>,  <50.202358, 54.107620, 51.480991>, 0.100000
	pigment { color rgbt <1,0,0,0> }
	no_shadow
}
cylinder {
	<50.354073, 54.242744, 51.608757>,  <50.606930, 54.467953, 51.821701>, 0.100000
	pigment { color rgbt <1,0,0,0> }
	no_shadow
}

// particle -1
sphere {
	<50.354073, 54.242744, 51.608757> 0.100000
	pigment { color rgbt <1,0,0,0> }
	no_shadow
}
sphere {
	0, 1
	scale<0.080000,0.200000,0.300000>
	matrix <0.037144, -0.708277, 0.704956,
		-0.773964, 0.425856, 0.468643,
		-0.632139, -0.563018, -0.532363,
		50.164433, 54.073837, 51.449047>
	pigment { color rgbt <0,1,1,0> }
	no_shadow
}
cylinder {
	<51.201553, 54.866692, 51.532005>,  <50.606930, 54.467953, 51.821701>, 0.130000
	pigment { color rgbt <1,0,0,0> }
	no_shadow
}

// nucleotide -1

// particle -1
sphere {
	<51.201553, 54.866692, 51.532005> 0.250000
	pigment { color rgbt <1,0,0,0> }
	no_shadow
}
cylinder {
	<51.341305, 54.512993, 51.408043>,  <51.425156, 54.300774, 51.333664>, 0.100000
	pigment { color rgbt <1,0,0,0> }
	no_shadow
}
cylinder {
	<51.341305, 54.512993, 51.408043>,  <51.201553, 54.866692, 51.532005>, 0.100000
	pigment { color rgbt <1,0,0,0> }
	no_shadow
}

// particle -1
sphere {
	<51.341305, 54.512993, 51.408043> 0.100000
	pigment { color rgbt <1,0,0,0> }
	no_shadow
}
sphere {
	0, 1
	scale<0.080000,0.200000,0.300000>
	matrix <0.936380, 0.341364, 0.081632,
		0.033608, -0.318709, 0.947257,
		0.349377, -0.884248, -0.309905,
		51.446117, 54.247719, 51.315071>
	pigment { color rgbt <0,1,1,0> }
	no_shadow
}
cylinder {
	<51.717159, 54.544323, 52.009022>,  <51.201553, 54.866692, 51.532005>, 0.130000
	pigment { color rgbt <1,0,0,0> }
	no_shadow
}

// nucleotide -1

// particle -1
sphere {
	<51.717159, 54.544323, 52.009022> 0.250000
	pigment { color rgbt <1,0,0,0> }
	no_shadow
}
cylinder {
	<51.784088, 54.428646, 51.632008>,  <51.824245, 54.359238, 51.405800>, 0.100000
	pigment { color rgbt <1,0,0,0> }
	no_shadow
}
cylinder {
	<51.784088, 54.428646, 51.632008>,  <51.717159, 54.544323, 52.009022>, 0.100000
	pigment { color rgbt <1,0,0,0> }
	no_shadow
}

// particle -1
sphere {
	<51.784088, 54.428646, 51.632008> 0.100000
	pigment { color rgbt <1,0,0,0> }
	no_shadow
}
sphere {
	0, 1
	scale<0.080000,0.200000,0.300000>
	matrix <0.927521, 0.370268, 0.051052,
		0.334226, -0.882762, 0.330190,
		0.167326, -0.289195, -0.942533,
		51.834286, 54.341888, 51.349247>
	pigment { color rgbt <0,1,1,0> }
	no_shadow
}
cylinder {
	<52.356445, 54.166203, 51.966953>,  <51.717159, 54.544323, 52.009022>, 0.130000
	pigment { color rgbt <1,0,0,0> }
	no_shadow
}

// nucleotide -1

// particle -1
sphere {
	<52.356445, 54.166203, 51.966953> 0.250000
	pigment { color rgbt <1,0,0,0> }
	no_shadow
}
cylinder {
	<52.283718, 54.330227, 51.609451>,  <52.240082, 54.428642, 51.394951>, 0.100000
	pigment { color rgbt <1,0,0,0> }
	no_shadow
}
cylinder {
	<52.283718, 54.330227, 51.609451>,  <52.356445, 54.166203, 51.966953>, 0.100000
	pigment { color rgbt <1,0,0,0> }
	no_shadow
}

// particle -1
sphere {
	<52.283718, 54.330227, 51.609451> 0.100000
	pigment { color rgbt <1,0,0,0> }
	no_shadow
}
sphere {
	0, 1
	scale<0.080000,0.200000,0.300000>
	matrix <0.911791, 0.410644, 0.002919,
		0.368211, -0.814384, -0.448554,
		-0.181819, 0.410062, -0.893751,
		52.229172, 54.453247, 51.341328>
	pigment { color rgbt <0,1,1,0> }
	no_shadow
}
cylinder {
	<52.739799, 53.737949, 51.359795>,  <52.356445, 54.166203, 51.966953>, 0.130000
	pigment { color rgbt <1,0,0,0> }
	no_shadow
}

// nucleotide -1

// particle -1
sphere {
	<52.739799, 53.737949, 51.359795> 0.250000
	pigment { color rgbt <1,0,0,0> }
	no_shadow
}
cylinder {
	<52.734310, 54.115742, 51.491112>,  <52.731018, 54.342415, 51.569901>, 0.100000
	pigment { color rgbt <1,0,0,0> }
	no_shadow
}
cylinder {
	<52.734310, 54.115742, 51.491112>,  <52.739799, 53.737949, 51.359795>, 0.100000
	pigment { color rgbt <1,0,0,0> }
	no_shadow
}

// particle -1
sphere {
	<52.734310, 54.115742, 51.491112> 0.100000
	pigment { color rgbt <1,0,0,0> }
	no_shadow
}
sphere {
	0, 1
	scale<0.080000,0.200000,0.300000>
	matrix <0.931047, -0.107660, 0.348655,
		0.364641, 0.310440, -0.877875,
		-0.013724, 0.944477, 0.328291,
		52.730194, 54.399086, 51.589600>
	pigment { color rgbt <0,1,1,0> }
	no_shadow
}
cylinder {
	<53.473869, 53.857315, 51.354591>,  <52.739799, 53.737949, 51.359795>, 0.130000
	pigment { color rgbt <1,0,0,0> }
	no_shadow
}

// nucleotide -1

// particle -1
sphere {
	<53.473869, 53.857315, 51.354591> 0.250000
	pigment { color rgbt <1,0,0,0> }
	no_shadow
}
cylinder {
	<53.280087, 54.100761, 51.605953>,  <53.163818, 54.246830, 51.756771>, 0.100000
	pigment { color rgbt <1,0,0,0> }
	no_shadow
}
cylinder {
	<53.280087, 54.100761, 51.605953>,  <53.473869, 53.857315, 51.354591>, 0.100000
	pigment { color rgbt <1,0,0,0> }
	no_shadow
}

// particle -1
sphere {
	<53.280087, 54.100761, 51.605953> 0.100000
	pigment { color rgbt <1,0,0,0> }
	no_shadow
}
sphere {
	0, 1
	scale<0.080000,0.200000,0.300000>
	matrix <0.826910, 0.084125, 0.556006,
		0.285527, 0.788996, -0.544022,
		-0.484453, 0.608612, 0.628409,
		53.134750, 54.283344, 51.794476>
	pigment { color rgbt <0,1,1,0> }
	no_shadow
}
cylinder {
	<53.895779, 54.373398, 51.386997>,  <53.473869, 53.857315, 51.354591>, 0.130000
	pigment { color rgbt <1,0,0,0> }
	no_shadow
}

// nucleotide -1

// particle -1
sphere {
	<53.895779, 54.373398, 51.386997> 0.250000
	pigment { color rgbt <1,0,0,0> }
	no_shadow
}
cylinder {
	<53.676434, 54.304726, 51.714371>,  <53.544827, 54.263523, 51.910793>, 0.100000
	pigment { color rgbt <1,0,0,0> }
	no_shadow
}
cylinder {
	<53.676434, 54.304726, 51.714371>,  <53.895779, 54.373398, 51.386997>, 0.100000
	pigment { color rgbt <1,0,0,0> }
	no_shadow
}

// particle -1
sphere {
	<53.676434, 54.304726, 51.714371> 0.100000
	pigment { color rgbt <1,0,0,0> }
	no_shadow
}
sphere {
	0, 1
	scale<0.080000,0.200000,0.300000>
	matrix <0.808683, 0.140322, 0.571263,
		-0.212920, 0.975107, 0.061891,
		-0.548358, -0.171683, 0.818430,
		53.511925, 54.253220, 51.959900>
	pigment { color rgbt <0,1,1,0> }
	no_shadow
}
cylinder {
	<54.595078, 54.641247, 51.217941>,  <53.895779, 54.373398, 51.386997>, 0.130000
	pigment { color rgbt <1,0,0,0> }
	no_shadow
}

// nucleotide -1

// particle -1
sphere {
	<54.595078, 54.641247, 51.217941> 0.250000
	pigment { color rgbt <1,0,0,0> }
	no_shadow
}
cylinder {
	<54.974396, 54.717876, 51.319160>,  <55.201988, 54.763855, 51.379890>, 0.100000
	pigment { color rgbt <1,0,0,0> }
	no_shadow
}
cylinder {
	<54.974396, 54.717876, 51.319160>,  <54.595078, 54.641247, 51.217941>, 0.100000
	pigment { color rgbt <1,0,0,0> }
	no_shadow
}

// particle -1
sphere {
	<54.974396, 54.717876, 51.319160> 0.100000
	pigment { color rgbt <1,0,0,0> }
	no_shadow
}
sphere {
	0, 1
	scale<0.080000,0.200000,0.300000>
	matrix <-0.068053, -0.656008, 0.751680,
		0.310003, -0.730036, -0.609053,
		0.948297, 0.191575, 0.253045,
		55.258884, 54.775349, 51.395073>
	pigment { color rgbt <0,1,1,0> }
	no_shadow
}
cylinder {
	<54.978176, 54.077824, 51.383266>,  <54.595078, 54.641247, 51.217941>, 0.130000
	pigment { color rgbt <1,0,0,0> }
	no_shadow
}

// nucleotide -1

// particle -1
sphere {
	<54.978176, 54.077824, 51.383266> 0.250000
	pigment { color rgbt <1,0,0,0> }
	no_shadow
}
cylinder {
	<55.152596, 54.367939, 51.596367>,  <55.257248, 54.542007, 51.724228>, 0.100000
	pigment { color rgbt <1,0,0,0> }
	no_shadow
}
cylinder {
	<55.152596, 54.367939, 51.596367>,  <54.978176, 54.077824, 51.383266>, 0.100000
	pigment { color rgbt <1,0,0,0> }
	no_shadow
}

// particle -1
sphere {
	<55.152596, 54.367939, 51.596367> 0.100000
	pigment { color rgbt <1,0,0,0> }
	no_shadow
}
sphere {
	0, 1
	scale<0.080000,0.200000,0.300000>
	matrix <-0.068939, -0.563336, 0.823347,
		0.897280, -0.395744, -0.195640,
