// switches for output
#declare DRAW_BASES = 1; // possible values are 0, 1; only relevant for DNA ribbons
#declare DRAW_BASES_TYPE = 3; // possible values are 1, 2, 3; only relevant for DNA ribbons
#declare DRAW_FOG = 0; // set to 1 to enable fog

#include "colors.inc"

#include "transforms.inc"
background { rgb <1, 1, 1>}

#default {
   normal{
       ripples 0.25
       frequency 0.20
       turbulence 0.2
       lambda 5
   }
	finish {
		phong 0.1
		phong_size 40.
	}
}

// original window dimensions: 1024x640


// camera settings

camera {
	sky <-0, 1, 0>
	up <-0, 1, 0>
	right 1.6 * <0.99995, 0, 0.00999983>
	location <54.4867, 55, 106.329>
	look_at <55, 55, 55.0001>
	direction <0.513302, 0, -51.3289>
	angle 67.0682
}


# declare cpy_camera_pos = <54.4867, 55, 106.329>;
# if (DRAW_FOG = 1)
fog {
	fog_type 2
	up vnormalize(cpy_camera_pos)
	color rgbt<1,1,1,0.3>
	distance 1e-5
	fog_alt 3e-3
	fog_offset 88
}
# end


// LIGHTS

# declare lum = 6;
global_settings {
	ambient_light rgb lum * <0.05, 0.05, 0.05>
	max_trace_level 15
}# declare cpy_direct_light_amount = 0.25;
light_source
{	1000 * <-0.98995, -1, 1.00995>,
	rgb lum * cpy_direct_light_amount
	parallel
}

light_source
{	1000 * <0.98995, 1, -1.00995>,
	rgb lum * cpy_direct_light_amount
	parallel
}

// strand 0

// nucleotide -1

// particle -1
sphere {
	<36.045456, 53.373707, 50.494507> 0.250000
	pigment { color rgbt <1,0,0,0> }
	no_shadow
}
cylinder {
	<36.277916, 53.161842, 50.247372>,  <36.417393, 53.034721, 50.099091>, 0.100000
	pigment { color rgbt <1,0,0,0> }
	no_shadow
}
cylinder {
	<36.277916, 53.161842, 50.247372>,  <36.045456, 53.373707, 50.494507>, 0.100000
	pigment { color rgbt <1,0,0,0> }
	no_shadow
}

// particle -1
sphere {
	<36.277916, 53.161842, 50.247372> 0.100000
	pigment { color rgbt <1,0,0,0> }
	no_shadow
}
sphere {
	0, 1
	scale<0.080000,0.200000,0.300000>
	matrix <0.726832, -0.003658, 0.686806,
		-0.366036, -0.848200, 0.382850,
		0.581149, -0.529664, -0.617838,
		36.452259, 53.002945, 50.062019>
	pigment { color rgbt <0,1,1,0> }
	no_shadow
}
cylinder {
	<36.525539, 53.231453, 50.911068>,  <36.045456, 53.373707, 50.494507>, 0.130000
	pigment { color rgbt <1,0,0,0> }
	no_shadow
}

// nucleotide -1

// particle -1
sphere {
	<36.525539, 53.231453, 50.911068> 0.250000
	pigment { color rgbt <1,0,0,0> }
	no_shadow
}
cylinder {
	<36.657757, 53.042225, 50.584400>,  <36.737087, 52.928688, 50.388401>, 0.100000
	pigment { color rgbt <1,0,0,0> }
	no_shadow
}
cylinder {
	<36.657757, 53.042225, 50.584400>,  <36.525539, 53.231453, 50.911068>, 0.100000
	pigment { color rgbt <1,0,0,0> }
	no_shadow
}

// particle -1
sphere {
	<36.657757, 53.042225, 50.584400> 0.100000
	pigment { color rgbt <1,0,0,0> }
	no_shadow
}
sphere {
	0, 1
	scale<0.080000,0.200000,0.300000>
	matrix <0.876501, -0.167007, 0.451502,
		-0.349980, -0.865053, 0.359441,
		0.330544, -0.473067, -0.816669,
		36.756920, 52.900307, 50.339401>
	pigment { color rgbt <0,1,1,0> }
	no_shadow
}
cylinder {
	<36.630608, 52.574741, 51.158291>,  <36.525539, 53.231453, 50.911068>, 0.130000
	pigment { color rgbt <1,0,0,0> }
	no_shadow
}

// nucleotide -1

// particle -1
sphere {
	<36.630608, 52.574741, 51.158291> 0.250000
	pigment { color rgbt <1,0,0,0> }
	no_shadow
}
cylinder {
	<36.857449, 52.670380, 50.843018>,  <36.993553, 52.727764, 50.653854>, 0.100000
	pigment { color rgbt <1,0,0,0> }
	no_shadow
}
cylinder {
	<36.857449, 52.670380, 50.843018>,  <36.630608, 52.574741, 51.158291>, 0.100000
	pigment { color rgbt <1,0,0,0> }
	no_shadow
}

// particle -1
sphere {
	<36.857449, 52.670380, 50.843018> 0.100000
	pigment { color rgbt <1,0,0,0> }
	no_shadow
}
sphere {
	0, 1
	scale<0.080000,0.200000,0.300000>
	matrix <0.820469, -0.247957, 0.515119,
		-0.072272, -0.938803, -0.336787,
		0.567104, 0.239095, -0.788179,
		37.027580, 52.742107, 50.606564>
	pigment { color rgbt <0,1,1,0> }
	no_shadow
}
cylinder {
	<36.966774, 52.019318, 51.233112>,  <36.630608, 52.574741, 51.158291>, 0.130000
	pigment { color rgbt <1,0,0,0> }
	no_shadow
}

// nucleotide -1

// particle -1
sphere {
	<36.966774, 52.019318, 51.233112> 0.250000
	pigment { color rgbt <1,0,0,0> }
	no_shadow
}
cylinder {
	<37.174778, 52.312569, 51.057793>,  <37.299580, 52.488522, 50.952599>, 0.100000
	pigment { color rgbt <1,0,0,0> }
	no_shadow
}
cylinder {
	<37.174778, 52.312569, 51.057793>,  <36.966774, 52.019318, 51.233112>, 0.100000
	pigment { color rgbt <1,0,0,0> }
	no_shadow
}

// particle -1
sphere {
	<37.174778, 52.312569, 51.057793> 0.100000
	pigment { color rgbt <1,0,0,0> }
	no_shadow
}
sphere {
	0, 1
	scale<0.080000,0.200000,0.300000>
	matrix <0.753247, -0.151642, 0.640018,
		0.402754, -0.662964, -0.631085,
		0.520009, 0.733132, -0.438301,
		37.330780, 52.532509, 50.926304>
	pigment { color rgbt <0,1,1,0> }
	no_shadow
}
cylinder {
	<37.475586, 51.723022, 51.336815>,  <36.966774, 52.019318, 51.233112>, 0.130000
	pigment { color rgbt <1,0,0,0> }
	no_shadow
}

// nucleotide -1

// particle -1
sphere {
	<37.475586, 51.723022, 51.336815> 0.250000
	pigment { color rgbt <1,0,0,0> }
	no_shadow
}
cylinder {
	<37.603584, 52.090672, 51.244896>,  <37.680386, 52.311260, 51.189747>, 0.100000
	pigment { color rgbt <1,0,0,0> }
	no_shadow
}
cylinder {
	<37.603584, 52.090672, 51.244896>,  <37.475586, 51.723022, 51.336815>, 0.100000
	pigment { color rgbt <1,0,0,0> }
	no_shadow
}

// particle -1
sphere {
	<37.603584, 52.090672, 51.244896> 0.100000
	pigment { color rgbt <1,0,0,0> }
	no_shadow
}
sphere {
	0, 1
	scale<0.080000,0.200000,0.300000>
	matrix <0.787800, -0.123409, 0.603441,
		0.526280, -0.374133, -0.763579,
		0.320000, 0.919127, -0.229794,
		37.699585, 52.366409, 51.175957>
	pigment { color rgbt <0,1,1,0> }
	no_shadow
}
cylinder {
	<38.153755, 51.658863, 51.397739>,  <37.475586, 51.723022, 51.336815>, 0.130000
	pigment { color rgbt <1,0,0,0> }
	no_shadow
}

// nucleotide -1

// particle -1
sphere {
	<38.153755, 51.658863, 51.397739> 0.250000
	pigment { color rgbt <1,0,0,0> }
	no_shadow
}
cylinder {
	<38.095455, 52.054569, 51.393517>,  <38.060474, 52.291992, 51.390984>, 0.100000
	pigment { color rgbt <1,0,0,0> }
	no_shadow
}
cylinder {
	<38.095455, 52.054569, 51.393517>,  <38.153755, 51.658863, 51.397739>, 0.100000
	pigment { color rgbt <1,0,0,0> }
	no_shadow
}

// particle -1
sphere {
	<38.095455, 52.054569, 51.393517> 0.100000
	pigment { color rgbt <1,0,0,0> }
	no_shadow
}
sphere {
	0, 1
	scale<0.080000,0.200000,0.300000>
	matrix <0.811933, 0.125704, 0.570056,
		0.565264, 0.074512, -0.821538,
		-0.145746, 0.989266, -0.010558,
		38.051731, 52.351349, 51.390350>
	pigment { color rgbt <0,1,1,0> }
	no_shadow
}
cylinder {
	<38.668255, 52.006611, 51.168514>,  <38.153755, 51.658863, 51.397739>, 0.130000
	pigment { color rgbt <1,0,0,0> }
	no_shadow
}

// nucleotide -1

// particle -1
sphere {
	<38.668255, 52.006611, 51.168514> 0.250000
	pigment { color rgbt <1,0,0,0> }
	no_shadow
}
cylinder {
	<38.503616, 52.263222, 51.427444>,  <38.404835, 52.417187, 51.582802>, 0.100000
	pigment { color rgbt <1,0,0,0> }
	no_shadow
}
cylinder {
	<38.503616, 52.263222, 51.427444>,  <38.668255, 52.006611, 51.168514>, 0.100000
	pigment { color rgbt <1,0,0,0> }
	no_shadow
}

// particle -1
sphere {
	<38.503616, 52.263222, 51.427444> 0.100000
	pigment { color rgbt <1,0,0,0> }
	no_shadow
}
sphere {
	0, 1
	scale<0.080000,0.200000,0.300000>
	matrix <0.881342, 0.099367, 0.461911,
		0.232006, 0.760637, -0.606305,
		-0.411594, 0.641528, 0.647327,
		38.380138, 52.455681, 51.621643>
	pigment { color rgbt <0,1,1,0> }
	no_shadow
}
cylinder {
	<39.237808, 52.192234, 50.764404>,  <38.668255, 52.006611, 51.168514>, 0.130000
	pigment { color rgbt <1,0,0,0> }
	no_shadow
}

// nucleotide -1

// particle -1
sphere {
	<39.237808, 52.192234, 50.764404> 0.250000
	pigment { color rgbt <1,0,0,0> }
	no_shadow
}
cylinder {
	<39.376400, 52.251240, 50.393848>,  <39.459557, 52.286644, 50.171516>, 0.100000
	pigment { color rgbt <1,0,0,0> }
	no_shadow
}
cylinder {
	<39.376400, 52.251240, 50.393848>,  <39.237808, 52.192234, 50.764404>, 0.100000
	pigment { color rgbt <1,0,0,0> }
	no_shadow
}

// particle -1
sphere {
	<39.376400, 52.251240, 50.393848> 0.100000
	pigment { color rgbt <1,0,0,0> }
	no_shadow
}
sphere {
	0, 1
	scale<0.080000,0.200000,0.300000>
	matrix <0.873535, -0.410667, 0.261321,
		-0.341887, -0.899773, -0.271149,
		0.346481, 0.147516, -0.926385,
		39.480343, 52.295494, 50.115932>
	pigment { color rgbt <0,1,1,0> }
	no_shadow
}
cylinder {
	<39.460762, 51.641033, 50.620174>,  <39.237808, 52.192234, 50.764404>, 0.130000
	pigment { color rgbt <1,0,0,0> }
	no_shadow
}

// nucleotide -1

// particle -1
sphere {
	<39.460762, 51.641033, 50.620174> 0.250000
	pigment { color rgbt <1,0,0,0> }
	no_shadow
}
cylinder {
	<39.676178, 51.867386, 50.370453>,  <39.805428, 52.003197, 50.220619>, 0.100000
	pigment { color rgbt <1,0,0,0> }
	no_shadow
}
cylinder {
	<39.676178, 51.867386, 50.370453>,  <39.460762, 51.641033, 50.620174>, 0.100000
	pigment { color rgbt <1,0,0,0> }
	no_shadow
}

// particle -1
sphere {
	<39.676178, 51.867386, 50.370453> 0.100000
	pigment { color rgbt <1,0,0,0> }
	no_shadow
}
sphere {
	0, 1
	scale<0.080000,0.200000,0.300000>
	matrix <0.829459, -0.486378, 0.274653,
		-0.148224, -0.665743, -0.731312,
		0.538542, 0.565883, -0.624299,
		39.837742, 52.037151, 50.183163>
	pigment { color rgbt <0,1,1,0> }
	no_shadow
}
cylinder {
	<40.012424, 51.306923, 50.714649>,  <39.460762, 51.641033, 50.620174>, 0.130000
	pigment { color rgbt <1,0,0,0> }
	no_shadow
}

// nucleotide -1

// particle -1
sphere {
	<40.012424, 51.306923, 50.714649> 0.250000
	pigment { color rgbt <1,0,0,0> }
	no_shadow
}
cylinder {
	<40.148193, 51.591343, 50.468330>,  <40.229652, 51.761993, 50.320538>, 0.100000
	pigment { color rgbt <1,0,0,0> }
	no_shadow
}
cylinder {
	<40.148193, 51.591343, 50.468330>,  <40.012424, 51.306923, 50.714649>, 0.100000
	pigment { color rgbt <1,0,0,0> }
	no_shadow
}

// particle -1
sphere {
	<40.148193, 51.591343, 50.468330> 0.100000
	pigment { color rgbt <1,0,0,0> }
	no_shadow
}
sphere {
	0, 1
	scale<0.080000,0.200000,0.300000>
	matrix <0.906903, -0.421121, 0.013615,
		-0.249645, -0.563090, -0.787786,
		0.339419, 0.711046, -0.615798,
		40.250019, 51.804657, 50.283592>
	pigment { color rgbt <0,1,1,0> }
	no_shadow
}
cylinder {
	<40.400124, 50.906666, 50.220913>,  <40.012424, 51.306923, 50.714649>, 0.130000
	pigment { color rgbt <1,0,0,0> }
	no_shadow
}

// nucleotide -1

// particle -1
sphere {
	<40.400124, 50.906666, 50.220913> 0.250000
	pigment { color rgbt <1,0,0,0> }
	no_shadow
}
cylinder {
	<40.522953, 51.282063, 50.284088>,  <40.596649, 51.507301, 50.321995>, 0.100000
	pigment { color rgbt <1,0,0,0> }
	no_shadow
}
cylinder {
	<40.522953, 51.282063, 50.284088>,  <40.400124, 50.906666, 50.220913>, 0.100000
	pigment { color rgbt <1,0,0,0> }
	no_shadow
}

// particle -1
sphere {
	<40.522953, 51.282063, 50.284088> 0.100000
	pigment { color rgbt <1,0,0,0> }
	no_shadow
}
sphere {
	0, 1
	scale<0.080000,0.200000,0.300000>
	matrix <0.939016, -0.325774, 0.110091,
		0.154772, 0.114501, -0.981293,
		0.307074, 0.938489, 0.157939,
		40.615074, 51.563610, 50.331470>
	pigment { color rgbt <0,1,1,0> }
	no_shadow
}
cylinder {
	<41.011883, 50.551655, 49.928623>,  <40.400124, 50.906666, 50.220913>, 0.130000
	pigment { color rgbt <1,0,0,0> }
	no_shadow
}

// nucleotide -1

// particle -1
sphere {
	<41.011883, 50.551655, 49.928623> 0.250000
	pigment { color rgbt <1,0,0,0> }
	no_shadow
}
cylinder {
	<41.188244, 50.193569, 49.954556>,  <41.294060, 49.978718, 49.970116>, 0.100000
	pigment { color rgbt <1,0,0,0> }
	no_shadow
}
cylinder {
	<41.188244, 50.193569, 49.954556>,  <41.011883, 50.551655, 49.928623>, 0.100000
	pigment { color rgbt <1,0,0,0> }
	no_shadow
}

// particle -1
sphere {
	<41.188244, 50.193569, 49.954556> 0.100000
	pigment { color rgbt <1,0,0,0> }
	no_shadow
}
sphere {
	0, 1
	scale<0.080000,0.200000,0.300000>
	matrix <0.726467, 0.398349, 0.559967,
		-0.527114, -0.199793, 0.825974,
		0.440904, -0.895210, 0.064833,
		41.320515, 49.925007, 49.974007>
	pigment { color rgbt <0,1,1,0> }
	no_shadow
}
cylinder {
	<41.146225, 50.461510, 50.641270>,  <41.011883, 50.551655, 49.928623>, 0.130000
	pigment { color rgbt <1,0,0,0> }
	no_shadow
}

// nucleotide -1

// particle -1
sphere {
	<41.146225, 50.461510, 50.641270> 0.250000
	pigment { color rgbt <1,0,0,0> }
	no_shadow
}
cylinder {
	<41.384369, 50.217033, 50.432659>,  <41.527256, 50.070347, 50.307495>, 0.100000
	pigment { color rgbt <1,0,0,0> }
	no_shadow
}
cylinder {
	<41.384369, 50.217033, 50.432659>,  <41.146225, 50.461510, 50.641270>, 0.100000
	pigment { color rgbt <1,0,0,0> }
	no_shadow
}

// particle -1
sphere {
	<41.384369, 50.217033, 50.432659> 0.100000
	pigment { color rgbt <1,0,0,0> }
	no_shadow
}
sphere {
	0, 1
	scale<0.080000,0.200000,0.300000>
	matrix <0.772815, 0.258060, 0.579795,
		-0.219783, -0.748228, 0.625979,
		0.595359, -0.611195, -0.521525,
		41.562977, 50.033676, 50.276203>
	pigment { color rgbt <0,1,1,0> }
	no_shadow
}
cylinder {
	<41.592682, 50.106304, 51.208210>,  <41.146225, 50.461510, 50.641270>, 0.130000
	pigment { color rgbt <1,0,0,0> }
	no_shadow
}

// nucleotide -1

// particle -1
sphere {
	<41.592682, 50.106304, 51.208210> 0.250000
	pigment { color rgbt <1,0,0,0> }
	no_shadow
}
cylinder {
	<41.722321, 50.069557, 50.831589>,  <41.800102, 50.047508, 50.605618>, 0.100000
	pigment { color rgbt <1,0,0,0> }
	no_shadow
}
cylinder {
	<41.722321, 50.069557, 50.831589>,  <41.592682, 50.106304, 51.208210>, 0.100000
	pigment { color rgbt <1,0,0,0> }
	no_shadow
}

// particle -1
sphere {
	<41.722321, 50.069557, 50.831589> 0.100000
	pigment { color rgbt <1,0,0,0> }
	no_shadow
}
sphere {
	0, 1
	scale<0.080000,0.200000,0.300000>
	matrix <0.944335, 0.090879, 0.316183,
		0.056521, -0.991615, 0.116207,
		0.324093, -0.091868, -0.941554,
		41.819550, 50.041996, 50.549122>
	pigment { color rgbt <0,1,1,0> }
	no_shadow
}
cylinder {
	<42.006283, 49.523815, 51.120098>,  <41.592682, 50.106304, 51.208210>, 0.130000
	pigment { color rgbt <1,0,0,0> }
	no_shadow
}

// nucleotide -1

// particle -1
sphere {
	<42.006283, 49.523815, 51.120098> 0.250000
	pigment { color rgbt <1,0,0,0> }
	no_shadow
}
cylinder {
	<42.111465, 49.817928, 50.870232>,  <42.174576, 49.994396, 50.720310>, 0.100000
	pigment { color rgbt <1,0,0,0> }
	no_shadow
}
cylinder {
	<42.111465, 49.817928, 50.870232>,  <42.006283, 49.523815, 51.120098>, 0.100000
	pigment { color rgbt <1,0,0,0> }
	no_shadow
}

// particle -1
sphere {
	<42.111465, 49.817928, 50.870232> 0.100000
	pigment { color rgbt <1,0,0,0> }
	no_shadow
}
sphere {
	0, 1
	scale<0.080000,0.200000,0.300000>
	matrix <0.959881, -0.134038, 0.246295,
		0.097368, -0.664373, -0.741032,
		0.262959, 0.735284, -0.624668,
		42.190353, 50.038513, 50.682831>
	pigment { color rgbt <0,1,1,0> }
	no_shadow
}
cylinder {
	<42.423195, 50.193581, 51.334343>,  <42.006283, 49.523815, 51.120098>, 0.130000
	pigment { color rgbt <1,0,0,0> }
	no_shadow
}

// nucleotide -1

// particle -1
sphere {
	<42.423195, 50.193581, 51.334343> 0.250000
	pigment { color rgbt <1,0,0,0> }
	no_shadow
}
cylinder {
	<42.426350, 50.331913, 51.709648>,  <42.428242, 50.414913, 51.934830>, 0.100000
	pigment { color rgbt <1,0,0,0> }
	no_shadow
}
cylinder {
	<42.426350, 50.331913, 51.709648>,  <42.423195, 50.193581, 51.334343>, 0.100000
	pigment { color rgbt <1,0,0,0> }
	no_shadow
}

// particle -1
sphere {
	<42.426350, 50.331913, 51.709648> 0.100000
	pigment { color rgbt <1,0,0,0> }
	no_shadow
}
sphere {
	0, 1
	scale<0.080000,0.200000,0.300000>
	matrix <0.910401, -0.390622, 0.136325,
		0.413652, 0.853120, -0.317927,
		0.007887, 0.345832, 0.938263,
		42.428715, 50.435661, 51.991127>
	pigment { color rgbt <0,1,1,0> }
	no_shadow
}
cylinder {
	<43.138443, 50.252228, 51.544395>,  <42.423195, 50.193581, 51.334343>, 0.130000
	pigment { color rgbt <1,0,0,0> }
	no_shadow
}

// nucleotide -1

// particle -1
sphere {
	<43.138443, 50.252228, 51.544395> 0.250000
	pigment { color rgbt <1,0,0,0> }
	no_shadow
}
cylinder {
	<42.940723, 50.243332, 51.891998>,  <42.822090, 50.237995, 52.100559>, 0.100000
	pigment { color rgbt <1,0,0,0> }
	no_shadow
}
cylinder {
	<42.940723, 50.243332, 51.891998>,  <43.138443, 50.252228, 51.544395>, 0.100000
	pigment { color rgbt <1,0,0,0> }
	no_shadow
}

// particle -1
sphere {
	<42.940723, 50.243332, 51.891998> 0.100000
	pigment { color rgbt <1,0,0,0> }
	no_shadow
}
sphere {
	0, 1
	scale<0.080000,0.200000,0.300000>
	matrix <0.764398, -0.487168, 0.422332,
		0.413959, 0.873025, 0.257808,
		-0.494302, -0.022240, 0.869006,
		42.792431, 50.236660, 52.152699>
	pigment { color rgbt <0,1,1,0> }
	no_shadow
}
cylinder {
	<43.169151, 49.518959, 51.655663>,  <43.138443, 50.252228, 51.544395>, 0.130000
	pigment { color rgbt <1,0,0,0> }
	no_shadow
}

// nucleotide -1

// particle -1
sphere {
	<43.169151, 49.518959, 51.655663> 0.250000
	pigment { color rgbt <1,0,0,0> }
	no_shadow
}
cylinder {
	<43.564846, 49.493786, 51.708500>,  <43.802261, 49.478683, 51.740200>, 0.100000
	pigment { color rgbt <1,0,0,0> }
	no_shadow
}
cylinder {
	<43.564846, 49.493786, 51.708500>,  <43.169151, 49.518959, 51.655663>, 0.100000
	pigment { color rgbt <1,0,0,0> }
	no_shadow
}

// particle -1
sphere {
	<43.564846, 49.493786, 51.708500> 0.100000
	pigment { color rgbt <1,0,0,0> }
	no_shadow
}
sphere {
	0, 1
	scale<0.080000,0.200000,0.300000>
	matrix <-0.140263, -0.150886, 0.978550,
		-0.041648, -0.986546, -0.158089,
		0.989238, -0.062928, 0.132092,
		43.861618, 49.474907, 51.748127>
	pigment { color rgbt <0,1,1,0> }
	no_shadow
}
cylinder {
	<43.139759, 48.846817, 52.168941>,  <43.169151, 49.518959, 51.655663>, 0.130000
	pigment { color rgbt <1,0,0,0> }
	no_shadow
}

// nucleotide -1

// particle -1
sphere {
	<43.139759, 48.846817, 52.168941> 0.250000
	pigment { color rgbt <1,0,0,0> }
	no_shadow
}
cylinder {
	<43.456741, 49.089413, 52.143078>,  <43.646931, 49.234970, 52.127560>, 0.100000
	pigment { color rgbt <1,0,0,0> }
	no_shadow
}
cylinder {
	<43.456741, 49.089413, 52.143078>,  <43.139759, 48.846817, 52.168941>, 0.100000
	pigment { color rgbt <1,0,0,0> }
	no_shadow
}

// particle -1
sphere {
	<43.456741, 49.089413, 52.143078> 0.100000
	pigment { color rgbt <1,0,0,0> }
	no_shadow
}
sphere {
	0, 1
	scale<0.080000,0.200000,0.300000>
	matrix <0.057087, 0.031796, 0.997863,
		0.607250, -0.794455, -0.009426,
		0.792457, 0.606490, -0.064662,
		43.694477, 49.271358, 52.123680>
	pigment { color rgbt <0,1,1,0> }
	no_shadow
}
cylinder {
	<43.614388, 48.599396, 52.584133>,  <43.139759, 48.846817, 52.168941>, 0.130000
	pigment { color rgbt <1,0,0,0> }
	no_shadow
}

// nucleotide -1

// particle -1
sphere {
	<43.614388, 48.599396, 52.584133> 0.250000
	pigment { color rgbt <1,0,0,0> }
	no_shadow
}
cylinder {
	<43.613441, 48.996746, 52.538170>,  <43.612873, 49.235157, 52.510590>, 0.100000
	pigment { color rgbt <1,0,0,0> }
	no_shadow
}
cylinder {
	<43.613441, 48.996746, 52.538170>,  <43.614388, 48.599396, 52.584133>, 0.100000
	pigment { color rgbt <1,0,0,0> }
	no_shadow
}

// particle -1
sphere {
	<43.613441, 48.996746, 52.538170> 0.100000
	pigment { color rgbt <1,0,0,0> }
	no_shadow
}
sphere {
	0, 1
	scale<0.080000,0.200000,0.300000>
	matrix <-0.134679, 0.113548, 0.984362,
		0.990887, 0.017809, 0.133518,
		-0.002369, 0.993373, -0.114912,
		43.612732, 49.294758, 52.503696>
	pigment { color rgbt <0,1,1,0> }
	no_shadow
}
cylinder {
	<44.202648, 49.027172, 52.978615>,  <43.614388, 48.599396, 52.584133>, 0.130000
	pigment { color rgbt <1,0,0,0> }
	no_shadow
}

// nucleotide -1

// particle -1
sphere {
	<44.202648, 49.027172, 52.978615> 0.250000
	pigment { color rgbt <1,0,0,0> }
	no_shadow
}
cylinder {
	<43.886211, 49.268246, 52.936749>,  <43.696350, 49.412888, 52.911629>, 0.100000
	pigment { color rgbt <1,0,0,0> }
	no_shadow
}
cylinder {
	<43.886211, 49.268246, 52.936749>,  <44.202648, 49.027172, 52.978615>, 0.100000
	pigment { color rgbt <1,0,0,0> }
	no_shadow
}

// particle -1
sphere {
	<43.886211, 49.268246, 52.936749> 0.100000
	pigment { color rgbt <1,0,0,0> }
	no_shadow
}
sphere {
	0, 1
	scale<0.080000,0.200000,0.300000>
	matrix <0.013641, 0.188445, 0.981989,
		0.611549, 0.775413, -0.157298,
		-0.791089, 0.602680, -0.104666,
		43.648884, 49.449051, 52.905350>
	pigment { color rgbt <0,1,1,0> }
	no_shadow
}
cylinder {
	<44.328377, 49.585690, 53.341667>,  <44.202648, 49.027172, 52.978615>, 0.130000
	pigment { color rgbt <1,0,0,0> }
	no_shadow
}

// nucleotide -1

// particle -1
sphere {
	<44.328377, 49.585690, 53.341667> 0.250000
	pigment { color rgbt <1,0,0,0> }
	no_shadow
}
cylinder {
	<43.929756, 49.574654, 53.310387>,  <43.690582, 49.568031, 53.291618>, 0.100000
	pigment { color rgbt <1,0,0,0> }
	no_shadow
}
cylinder {
	<43.929756, 49.574654, 53.310387>,  <44.328377, 49.585690, 53.341667>, 0.100000
	pigment { color rgbt <1,0,0,0> }
	no_shadow
}

// particle -1
sphere {
	<43.929756, 49.574654, 53.310387> 0.100000
	pigment { color rgbt <1,0,0,0> }
	no_shadow
}
sphere {
	0, 1
	scale<0.080000,0.200000,0.300000>
	matrix <-0.078807, 0.021583, 0.996656,
		-0.025812, 0.999386, -0.023683,
		-0.996556, -0.027592, -0.078201,
		43.630791, 49.566376, 53.286926>
	pigment { color rgbt <0,1,1,0> }
	no_shadow
}
cylinder {
	<44.440479, 50.334743, 53.162609>,  <44.328377, 49.585690, 53.341667>, 0.130000
	pigment { color rgbt <1,0,0,0> }
	no_shadow
}

// nucleotide -1

// particle -1
sphere {
	<44.440479, 50.334743, 53.162609> 0.250000
	pigment { color rgbt <1,0,0,0> }
	no_shadow
}
cylinder {
	<44.365963, 50.108334, 53.483833>,  <44.321251, 49.972488, 53.676567>, 0.100000
	pigment { color rgbt <1,0,0,0> }
	no_shadow
}
cylinder {
	<44.365963, 50.108334, 53.483833>,  <44.440479, 50.334743, 53.162609>, 0.100000
	pigment { color rgbt <1,0,0,0> }
	no_shadow
}

// particle -1
sphere {
	<44.365963, 50.108334, 53.483833> 0.100000
	pigment { color rgbt <1,0,0,0> }
	no_shadow
}
sphere {
	0, 1
	scale<0.080000,0.200000,0.300000>
	matrix <0.982049, -0.082686, 0.169537,
		-0.029560, 0.820230, 0.571269,
		-0.186295, -0.566026, 0.803062,
		44.310074, 49.938526, 53.724751>
	pigment { color rgbt <0,1,1,0> }
	no_shadow
}
cylinder {
	<44.661572, 50.034576, 52.617401>,  <44.440479, 50.334743, 53.162609>, 0.130000
	pigment { color rgbt <1,0,0,0> }
	no_shadow
}

// nucleotide -1

// particle -1
sphere {
	<44.661572, 50.034576, 52.617401> 0.250000
	pigment { color rgbt <1,0,0,0> }
	no_shadow
}
cylinder {
	<44.941044, 50.060539, 52.332409>,  <45.108727, 50.076118, 52.161415>, 0.100000
	pigment { color rgbt <1,0,0,0> }
	no_shadow
}
cylinder {
	<44.941044, 50.060539, 52.332409>,  <44.661572, 50.034576, 52.617401>, 0.100000
	pigment { color rgbt <1,0,0,0> }
	no_shadow
}

// particle -1
sphere {
	<44.941044, 50.060539, 52.332409> 0.100000
	pigment { color rgbt <1,0,0,0> }
	no_shadow
}
sphere {
	0, 1
	scale<0.080000,0.200000,0.300000>
	matrix <0.568092, 0.555003, 0.607653,
		0.434871, -0.829312, 0.350897,
		0.698683, 0.064909, -0.712480,
		45.150650, 50.080013, 52.118664>
	pigment { color rgbt <0,1,1,0> }
	no_shadow
}
cylinder {
	<45.316399, 49.967903, 52.993061>,  <44.661572, 50.034576, 52.617401>, 0.130000
	pigment { color rgbt <1,0,0,0> }
	no_shadow
}

// nucleotide -1

// particle -1
sphere {
	<45.316399, 49.967903, 52.993061> 0.250000
	pigment { color rgbt <1,0,0,0> }
	no_shadow
}
cylinder {
	<45.374901, 50.140343, 52.636913>,  <45.410000, 50.243809, 52.423225>, 0.100000
	pigment { color rgbt <1,0,0,0> }
	no_shadow
}
cylinder {
	<45.374901, 50.140343, 52.636913>,  <45.316399, 49.967903, 52.993061>, 0.100000
	pigment { color rgbt <1,0,0,0> }
	no_shadow
}

// particle -1
sphere {
	<45.374901, 50.140343, 52.636913> 0.100000
	pigment { color rgbt <1,0,0,0> }
	no_shadow
}
sphere {
	0, 1
	scale<0.080000,0.200000,0.300000>
	matrix <0.531734, 0.724712, 0.438236,
		0.834188, -0.537534, -0.123240,
		0.146253, 0.431102, -0.890371,
		45.418777, 50.269672, 52.369801>
	pigment { color rgbt <0,1,1,0> }
	no_shadow
}
cylinder {
	<45.970463, 50.357262, 53.000645>,  <45.316399, 49.967903, 52.993061>, 0.130000
	pigment { color rgbt <1,0,0,0> }
	no_shadow
}

// nucleotide -1

// particle -1
sphere {
	<45.970463, 50.357262, 53.000645> 0.250000
	pigment { color rgbt <1,0,0,0> }
	no_shadow
}
cylinder {
	<45.826244, 50.452469, 52.639900>,  <45.739712, 50.509594, 52.423454>, 0.100000
	pigment { color rgbt <1,0,0,0> }
	no_shadow
}
cylinder {
	<45.826244, 50.452469, 52.639900>,  <45.970463, 50.357262, 53.000645>, 0.100000
	pigment { color rgbt <1,0,0,0> }
	no_shadow
}

// particle -1
sphere {
	<45.826244, 50.452469, 52.639900> 0.100000
	pigment { color rgbt <1,0,0,0> }
	no_shadow
}
sphere {
	0, 1
	scale<0.080000,0.200000,0.300000>
	matrix <0.645576, 0.761559, -0.057099,
		0.673230, -0.602807, -0.428235,
		-0.360546, 0.238017, -0.901861,
		45.718079, 50.523872, 52.369343>
	pigment { color rgbt <0,1,1,0> }
	no_shadow
}
cylinder {
	<46.487202, 50.280411, 52.424900>,  <45.970463, 50.357262, 53.000645>, 0.130000
	pigment { color rgbt <1,0,0,0> }
	no_shadow
}

// nucleotide -1

// particle -1
sphere {
	<46.487202, 50.280411, 52.424900> 0.250000
	pigment { color rgbt <1,0,0,0> }
	no_shadow
}
cylinder {
	<46.219719, 50.568317, 52.350307>,  <46.059231, 50.741062, 52.305553>, 0.100000
	pigment { color rgbt <1,0,0,0> }
	no_shadow
}
cylinder {
	<46.219719, 50.568317, 52.350307>,  <46.487202, 50.280411, 52.424900>, 0.100000
	pigment { color rgbt <1,0,0,0> }
	no_shadow
}

// particle -1
sphere {
	<46.219719, 50.568317, 52.350307> 0.100000
	pigment { color rgbt <1,0,0,0> }
	no_shadow
}
sphere {
	0, 1
	scale<0.080000,0.200000,0.300000>
	matrix <0.739208, 0.616579, -0.270927,
		-0.080025, -0.319017, -0.944365,
		-0.668706, 0.719763, -0.186478,
		46.019108, 50.784245, 52.294365>
	pigment { color rgbt <0,1,1,0> }
	no_shadow
}
cylinder {
	<46.402477, 50.576382, 51.685921>,  <46.487202, 50.280411, 52.424900>, 0.130000
	pigment { color rgbt <1,0,0,0> }
	no_shadow
}

// nucleotide -1

// particle -1
sphere {
	<46.402477, 50.576382, 51.685921> 0.250000
	pigment { color rgbt <1,0,0,0> }
	no_shadow
}
cylinder {
	<46.294514, 50.875008, 51.929161>,  <46.229736, 51.054184, 52.075108>, 0.100000
	pigment { color rgbt <1,0,0,0> }
	no_shadow
}
cylinder {
	<46.294514, 50.875008, 51.929161>,  <46.402477, 50.576382, 51.685921>, 0.100000
	pigment { color rgbt <1,0,0,0> }
	no_shadow
}

// particle -1
sphere {
	<46.294514, 50.875008, 51.929161> 0.100000
	pigment { color rgbt <1,0,0,0> }
	no_shadow
}
sphere {
	0, 1
	scale<0.080000,0.200000,0.300000>
	matrix <0.869511, 0.460281, -0.179144,
		-0.413641, 0.480401, -0.773379,
		-0.269911, 0.746563, 0.608105,
		46.213539, 51.098976, 52.111591>
	pigment { color rgbt <0,1,1,0> }
	no_shadow
}
cylinder {
	<46.548168, 51.146530, 51.258018>,  <46.402477, 50.576382, 51.685921>, 0.130000
	pigment { color rgbt <1,0,0,0> }
	no_shadow
}

// nucleotide -1

// particle -1
sphere {
	<46.548168, 51.146530, 51.258018> 0.250000
	pigment { color rgbt <1,0,0,0> }
	no_shadow
}
cylinder {
	<46.541195, 51.227203, 51.649738>,  <46.537010, 51.275608, 51.884769>, 0.100000
	pigment { color rgbt <1,0,0,0> }
	no_shadow
}
cylinder {
	<46.541195, 51.227203, 51.649738>,  <46.548168, 51.146530, 51.258018>, 0.100000
	pigment { color rgbt <1,0,0,0> }
	no_shadow
}

// particle -1
sphere {
	<46.541195, 51.227203, 51.649738> 0.100000
	pigment { color rgbt <1,0,0,0> }
	no_shadow
}
sphere {
	0, 1
	scale<0.080000,0.200000,0.300000>
	matrix <0.824063, 0.557573, -0.100160,
		-0.566229, 0.805256, -0.175917,
		-0.017432, 0.201681, 0.979296,
		46.535965, 51.287708, 51.943527>
	pigment { color rgbt <0,1,1,0> }
	no_shadow
}
cylinder {
	<46.828854, 51.905144, 51.304802>,  <46.548168, 51.146530, 51.258018>, 0.130000
	pigment { color rgbt <1,0,0,0> }
	no_shadow
}

// nucleotide -1

// particle -1
sphere {
	<46.828854, 51.905144, 51.304802> 0.250000
	pigment { color rgbt <1,0,0,0> }
	no_shadow
}
cylinder {
	<46.856686, 51.682098, 51.635674>,  <46.873386, 51.548271, 51.834198>, 0.100000
	pigment { color rgbt <1,0,0,0> }
	no_shadow
}
cylinder {
	<46.856686, 51.682098, 51.635674>,  <46.828854, 51.905144, 51.304802>, 0.100000
	pigment { color rgbt <1,0,0,0> }
	no_shadow
}

// particle -1
sphere {
	<46.856686, 51.682098, 51.635674> 0.100000
	pigment { color rgbt <1,0,0,0> }
	no_shadow
}
sphere {
	0, 1
	scale<0.080000,0.200000,0.300000>
	matrix <0.826770, 0.496232, 0.264964,
		-0.558220, 0.665452, 0.495545,
		0.069585, -0.557609, 0.827182,
		46.877560, 51.514816, 51.883827>
	pigment { color rgbt <0,1,1,0> }
	no_shadow
}
cylinder {
	<46.892159, 52.335896, 51.922371>,  <46.828854, 51.905144, 51.304802>, 0.130000
	pigment { color rgbt <1,0,0,0> }
	no_shadow
}

// nucleotide -1

// particle -1
sphere {
	<46.892159, 52.335896, 51.922371> 0.250000
	pigment { color rgbt <1,0,0,0> }
	no_shadow
}
cylinder {
	<47.082245, 51.985012, 51.949738>,  <47.196297, 51.774483, 51.966156>, 0.100000
	pigment { color rgbt <1,0,0,0> }
	no_shadow
}
cylinder {
	<47.082245, 51.985012, 51.949738>,  <46.892159, 52.335896, 51.922371>, 0.100000
	pigment { color rgbt <1,0,0,0> }
	no_shadow
}

// particle -1
sphere {
	<47.082245, 51.985012, 51.949738> 0.100000
	pigment { color rgbt <1,0,0,0> }
	no_shadow
}
sphere {
	0, 1
	scale<0.080000,0.200000,0.300000>
	matrix <0.870363, 0.480055, 0.109609,
		-0.128995, 0.007461, 0.991617,
		0.475213, -0.877207, 0.068418,
		47.224808, 51.721851, 51.970264>
	pigment { color rgbt <0,1,1,0> }
	no_shadow
}
cylinder {
	<47.368118, 52.294056, 52.552963>,  <46.892159, 52.335896, 51.922371>, 0.130000
	pigment { color rgbt <1,0,0,0> }
	no_shadow
}

// nucleotide -1

// particle -1
sphere {
	<47.368118, 52.294056, 52.552963> 0.250000
	pigment { color rgbt <1,0,0,0> }
	no_shadow
}
cylinder {
	<47.571239, 52.114693, 52.258736>,  <47.693111, 52.007072, 52.082199>, 0.100000
	pigment { color rgbt <1,0,0,0> }
	no_shadow
}
cylinder {
	<47.571239, 52.114693, 52.258736>,  <47.368118, 52.294056, 52.552963>, 0.100000
	pigment { color rgbt <1,0,0,0> }
	no_shadow
}

// particle -1
sphere {
	<47.571239, 52.114693, 52.258736> 0.100000
	pigment { color rgbt <1,0,0,0> }
	no_shadow
}
sphere {
	0, 1
	scale<0.080000,0.200000,0.300000>
	matrix <0.742230, 0.661165, 0.109345,
		0.437303, -0.601489, 0.668563,
		0.507800, -0.448410, -0.735573,
		47.723579, 51.980171, 52.038063>
	pigment { color rgbt <0,1,1,0> }
	no_shadow
}
cylinder {
	<48.111851, 52.227051, 52.799030>,  <47.368118, 52.294056, 52.552963>, 0.130000
	pigment { color rgbt <1,0,0,0> }
	no_shadow
}

// nucleotide -1

// particle -1
sphere {
	<48.111851, 52.227051, 52.799030> 0.250000
	pigment { color rgbt <1,0,0,0> }
	no_shadow
}
cylinder {
	<48.092468, 52.195583, 52.400742>,  <48.080841, 52.176704, 52.161770>, 0.100000
	pigment { color rgbt <1,0,0,0> }
	no_shadow
}
cylinder {
	<48.092468, 52.195583, 52.400742>,  <48.111851, 52.227051, 52.799030>, 0.100000
	pigment { color rgbt <1,0,0,0> }
	no_shadow
}

// particle -1
sphere {
	<48.092468, 52.195583, 52.400742> 0.100000
	pigment { color rgbt <1,0,0,0> }
	no_shadow
}
sphere {
	0, 1
	scale<0.080000,0.200000,0.300000>
	matrix <0.787680, 0.609979, -0.086521,
		0.614176, -0.788503, 0.032410,
		-0.048453, -0.078668, -0.995723,
		48.077934, 52.171982, 52.102024>
	pigment { color rgbt <0,1,1,0> }
	no_shadow
}
cylinder {
	<48.733551, 51.997925, 52.556206>,  <48.111851, 52.227051, 52.799030>, 0.130000
	pigment { color rgbt <1,0,0,0> }
	no_shadow
}

// nucleotide -1

// particle -1
sphere {
	<48.733551, 51.997925, 52.556206> 0.250000
	pigment { color rgbt <1,0,0,0> }
	no_shadow
}
cylinder {
	<48.556862, 52.225151, 52.278450>,  <48.450848, 52.361488, 52.111797>, 0.100000
	pigment { color rgbt <1,0,0,0> }
	no_shadow
}
cylinder {
	<48.556862, 52.225151, 52.278450>,  <48.733551, 51.997925, 52.556206>, 0.100000
	pigment { color rgbt <1,0,0,0> }
	no_shadow
}

// particle -1
sphere {
	<48.556862, 52.225151, 52.278450> 0.100000
	pigment { color rgbt <1,0,0,0> }
	no_shadow
}
sphere {
	0, 1
	scale<0.080000,0.200000,0.300000>
	matrix <0.794577, 0.607100, -0.008790,
		0.416573, -0.555631, -0.719542,
		-0.441719, 0.568070, -0.694393,
		48.424347, 52.395573, 52.070133>
	pigment { color rgbt <0,1,1,0> }
	no_shadow
}
cylinder {
	<49.267174, 52.236916, 52.206066>,  <48.733551, 51.997925, 52.556206>, 0.130000
	pigment { color rgbt <1,0,0,0> }
	no_shadow
}

// nucleotide -1

// particle -1
sphere {
	<49.267174, 52.236916, 52.206066> 0.250000
	pigment { color rgbt <1,0,0,0> }
	no_shadow
}
cylinder {
	<48.962128, 52.486786, 52.138897>,  <48.779099, 52.636707, 52.098595>, 0.100000
	pigment { color rgbt <1,0,0,0> }
	no_shadow
}
cylinder {
	<48.962128, 52.486786, 52.138897>,  <49.267174, 52.236916, 52.206066>, 0.100000
	pigment { color rgbt <1,0,0,0> }
	no_shadow
}

// particle -1
sphere {
	<48.962128, 52.486786, 52.138897> 0.100000
	pigment { color rgbt <1,0,0,0> }
	no_shadow
}
sphere {
	0, 1
	scale<0.080000,0.200000,0.300000>
	matrix <0.629671, 0.776343, 0.028389,
		0.148098, -0.084084, -0.985392,
		-0.762615, 0.624677, -0.167920,
		48.733345, 52.674191, 52.088520>
	pigment { color rgbt <0,1,1,0> }
	no_shadow
}
cylinder {
	<49.465862, 52.680676, 51.610661>,  <49.267174, 52.236916, 52.206066>, 0.130000
	pigment { color rgbt <1,0,0,0> }
	no_shadow
}

// nucleotide -1

// particle -1
sphere {
	<49.465862, 52.680676, 51.610661> 0.250000
	pigment { color rgbt <1,0,0,0> }
	no_shadow
}
cylinder {
	<49.219563, 52.868618, 51.863670>,  <49.071785, 52.981384, 52.015476>, 0.100000
	pigment { color rgbt <1,0,0,0> }
	no_shadow
}
cylinder {
	<49.219563, 52.868618, 51.863670>,  <49.465862, 52.680676, 51.610661>, 0.100000
	pigment { color rgbt <1,0,0,0> }
	no_shadow
}

// particle -1
sphere {
	<49.219563, 52.868618, 51.863670> 0.100000
	pigment { color rgbt <1,0,0,0> }
	no_shadow
}
sphere {
	0, 1
	scale<0.080000,0.200000,0.300000>
	matrix <0.743837, 0.611436, 0.269912,
		-0.259931, 0.636695, -0.725986,
		-0.615746, 0.469857, 0.632528,
		49.034840, 53.009575, 52.053429>
	pigment { color rgbt <0,1,1,0> }
	no_shadow
}
cylinder {
	<49.551289, 53.389618, 51.469975>,  <49.465862, 52.680676, 51.610661>, 0.130000
	pigment { color rgbt <1,0,0,0> }
	no_shadow
}

// nucleotide -1

// particle -1
sphere {
	<49.551289, 53.389618, 51.469975> 0.250000
	pigment { color rgbt <1,0,0,0> }
	no_shadow
}
cylinder {
	<49.456898, 53.259705, 51.836327>,  <49.400265, 53.181755, 52.056137>, 0.100000
	pigment { color rgbt <1,0,0,0> }
	no_shadow
}
cylinder {
	<49.456898, 53.259705, 51.836327>,  <49.551289, 53.389618, 51.469975>, 0.100000
	pigment { color rgbt <1,0,0,0> }
	no_shadow
}

// particle -1
sphere {
	<49.456898, 53.259705, 51.836327> 0.100000
	pigment { color rgbt <1,0,0,0> }
	no_shadow
}
sphere {
	0, 1
	scale<0.080000,0.200000,0.300000>
	matrix <0.838684, 0.407989, 0.360768,
		-0.490840, 0.853264, 0.176117,
		-0.235977, -0.324786, 0.915876,
		49.386105, 53.162270, 52.111088>
	pigment { color rgbt <0,1,1,0> }
	no_shadow
}
cylinder {
	<49.573830, 53.878460, 52.085129>,  <49.551289, 53.389618, 51.469975>, 0.130000
	pigment { color rgbt <1,0,0,0> }
	no_shadow
}

// nucleotide -1

// particle -1
sphere {
	<49.573830, 53.878460, 52.085129> 0.250000
	pigment { color rgbt <1,0,0,0> }
	no_shadow
}
cylinder {
	<49.635002, 53.501080, 52.202778>,  <49.671707, 53.274651, 52.273365>, 0.100000
	pigment { color rgbt <1,0,0,0> }
	no_shadow
}
cylinder {
	<49.635002, 53.501080, 52.202778>,  <49.573830, 53.878460, 52.085129>, 0.100000
	pigment { color rgbt <1,0,0,0> }
	no_shadow
}

// particle -1
sphere {
	<49.635002, 53.501080, 52.202778> 0.100000
	pigment { color rgbt <1,0,0,0> }
	no_shadow
}
sphere {
	0, 1
	scale<0.080000,0.200000,0.300000>
	matrix <0.863895, 0.272157, 0.423812,
		-0.479894, 0.189274, 0.856666,
		0.152931, -0.943454, 0.294119,
		49.680882, 53.218044, 52.291012>
	pigment { color rgbt <0,1,1,0> }
	no_shadow
}
cylinder {
	<49.924587, 53.936543, 52.664188>,  <49.573830, 53.878460, 52.085129>, 0.130000
	pigment { color rgbt <1,0,0,0> }
	no_shadow
}

// nucleotide -1

// particle -1
sphere {
	<49.924587, 53.936543, 52.664188> 0.250000
	pigment { color rgbt <1,0,0,0> }
	no_shadow
}
cylinder {
	<50.010574, 53.568420, 52.533447>,  <50.062164, 53.347549, 52.455002>, 0.100000
	pigment { color rgbt <1,0,0,0> }
	no_shadow
}
cylinder {
	<50.010574, 53.568420, 52.533447>,  <49.924587, 53.936543, 52.664188>, 0.100000
	pigment { color rgbt <1,0,0,0> }
	no_shadow
}

// particle -1
sphere {
	<50.010574, 53.568420, 52.533447> 0.100000
	pigment { color rgbt <1,0,0,0> }
	no_shadow
}
sphere {
	0, 1
	scale<0.080000,0.200000,0.300000>
	matrix <0.933793, 0.095661, 0.344791,
		-0.286045, -0.379330, 0.879936,
		0.214965, -0.920303, -0.326852,
		50.075066, 53.292328, 52.435390>
	pigment { color rgbt <0,1,1,0> }
	no_shadow
}
cylinder {
	<50.473595, 53.632824, 53.031693>,  <49.924587, 53.936543, 52.664188>, 0.130000
	pigment { color rgbt <1,0,0,0> }
	no_shadow
}

// nucleotide -1

// particle -1
sphere {
	<50.473595, 53.632824, 53.031693> 0.250000
	pigment { color rgbt <1,0,0,0> }
	no_shadow
}
cylinder {
	<50.482887, 53.373875, 52.726967>,  <50.488461, 53.218506, 52.544132>, 0.100000
	pigment { color rgbt <1,0,0,0> }
	no_shadow
}
cylinder {
	<50.482887, 53.373875, 52.726967>,  <50.473595, 53.632824, 53.031693>, 0.100000
	pigment { color rgbt <1,0,0,0> }
	no_shadow
}

// particle -1
sphere {
	<50.482887, 53.373875, 52.726967> 0.100000
	pigment { color rgbt <1,0,0,0> }
	no_shadow
}
sphere {
	0, 1
	scale<0.080000,0.200000,0.300000>
	matrix <0.980264, -0.134894, 0.144518,
		-0.196323, -0.750137, 0.631468,
		0.023227, -0.647378, -0.761815,
		50.489857, 53.179661, 52.498421>
	pigment { color rgbt <0,1,1,0> }
	no_shadow
}
cylinder {
	<50.823082, 52.887875, 53.187515>,  <50.473595, 53.632824, 53.031693>, 0.130000
	pigment { color rgbt <1,0,0,0> }
	no_shadow
}

// nucleotide -1

// particle -1
sphere {
	<50.823082, 52.887875, 53.187515> 0.250000
	pigment { color rgbt <1,0,0,0> }
	no_shadow
}
cylinder {
	<50.882034, 53.021973, 52.815300>,  <50.917404, 53.102432, 52.591972>, 0.100000
	pigment { color rgbt <1,0,0,0> }
	no_shadow
}
cylinder {
	<50.882034, 53.021973, 52.815300>,  <50.823082, 52.887875, 53.187515>, 0.100000
	pigment { color rgbt <1,0,0,0> }
	no_shadow
}

// particle -1
sphere {
	<50.882034, 53.021973, 52.815300> 0.100000
	pigment { color rgbt <1,0,0,0> }
	no_shadow
}
sphere {
	0, 1
	scale<0.080000,0.200000,0.300000>
	matrix <0.971290, -0.226693, 0.072161,
		-0.186754, -0.914452, -0.359027,
		0.147376, 0.335242, -0.930534,
		50.926247, 53.122547, 52.536140>
	pigment { color rgbt <0,1,1,0> }
	no_shadow
}
cylinder {
	<51.270363, 53.488598, 53.169636>,  <50.823082, 52.887875, 53.187515>, 0.130000
	pigment { color rgbt <1,0,0,0> }
	no_shadow
}

// nucleotide -1

// particle -1
sphere {
	<51.270363, 53.488598, 53.169636> 0.250000
	pigment { color rgbt <1,0,0,0> }
	no_shadow
}
cylinder {
	<51.159241, 53.824368, 53.356480>,  <51.092567, 54.025829, 53.468586>, 0.100000
	pigment { color rgbt <1,0,0,0> }
	no_shadow
}
cylinder {
	<51.159241, 53.824368, 53.356480>,  <51.270363, 53.488598, 53.169636>, 0.100000
	pigment { color rgbt <1,0,0,0> }
	no_shadow
}

// particle -1
sphere {
	<51.159241, 53.824368, 53.356480> 0.100000
	pigment { color rgbt <1,0,0,0> }
	no_shadow
}
sphere {
	0, 1
	scale<0.080000,0.200000,0.300000>
	matrix <0.957990, 0.278156, 0.069893,
		-0.071259, 0.466900, -0.881434,
		-0.277809, 0.839424, 0.467107,
		51.075897, 54.076195, 53.496613>
	pigment { color rgbt <0,1,1,0> }
	no_shadow
}
cylinder {
	<51.468567, 54.163120, 52.833725>,  <51.270363, 53.488598, 53.169636>, 0.130000
	pigment { color rgbt <1,0,0,0> }
	no_shadow
}

// nucleotide -1

// particle -1
sphere {
	<51.468567, 54.163120, 52.833725> 0.250000
	pigment { color rgbt <1,0,0,0> }
	no_shadow
}
cylinder {
	<51.451832, 54.157875, 53.233341>,  <51.441792, 54.154728, 53.473110>, 0.100000
	pigment { color rgbt <1,0,0,0> }
	no_shadow
}
cylinder {
	<51.451832, 54.157875, 53.233341>,  <51.468567, 54.163120, 52.833725>, 0.100000
	pigment { color rgbt <1,0,0,0> }
	no_shadow
}

// particle -1
sphere {
	<51.451832, 54.157875, 53.233341> 0.100000
	pigment { color rgbt <1,0,0,0> }
	no_shadow
}
sphere {
	0, 1
	scale<0.080000,0.200000,0.300000>
	matrix <0.972637, 0.228177, 0.043725,
		-0.228531, 0.973531, 0.003204,
