// switches for output
#declare DRAW_BASES = 1; // possible values are 0, 1; only relevant for DNA ribbons
#declare DRAW_BASES_TYPE = 3; // possible values are 1, 2, 3; only relevant for DNA ribbons
#declare DRAW_FOG = 0; // set to 1 to enable fog

#include "colors.inc"

#include "transforms.inc"
background { rgb <1, 1, 1>}

#default {
   normal{
       ripples 0.25
       frequency 0.20
       turbulence 0.2
       lambda 5
   }
	finish {
		phong 0.1
		phong_size 40.
	}
}

// original window dimensions: 1024x640


// camera settings

camera {
	sky <-0, 1, 0>
	up <-0, 1, 0>
	right 1.6 * <0.99995, 0, 0.00999983>
	location <54.4867, 55, 106.329>
	look_at <55, 55, 55.0001>
	direction <0.513302, 0, -51.3289>
	angle 67.0682
}


# declare cpy_camera_pos = <54.4867, 55, 106.329>;
# if (DRAW_FOG = 1)
fog {
	fog_type 2
	up vnormalize(cpy_camera_pos)
	color rgbt<1,1,1,0.3>
	distance 1e-5
	fog_alt 3e-3
	fog_offset 88
}
# end


// LIGHTS

# declare lum = 6;
global_settings {
	ambient_light rgb lum * <0.05, 0.05, 0.05>
	max_trace_level 15
}# declare cpy_direct_light_amount = 0.25;
light_source
{	1000 * <-0.98995, -1, 1.00995>,
	rgb lum * cpy_direct_light_amount
	parallel
}

light_source
{	1000 * <0.98995, 1, -1.00995>,
	rgb lum * cpy_direct_light_amount
	parallel
}

// strand 0

// nucleotide -1

// particle -1
sphere {
	<35.777203, 53.229168, 49.255962> 0.250000
	pigment { color rgbt <1,0,0,0> }
	no_shadow
}
cylinder {
	<35.928059, 53.497490, 49.511395>,  <36.018570, 53.658485, 49.664654>, 0.100000
	pigment { color rgbt <1,0,0,0> }
	no_shadow
}
cylinder {
	<35.928059, 53.497490, 49.511395>,  <35.777203, 53.229168, 49.255962>, 0.100000
	pigment { color rgbt <1,0,0,0> }
	no_shadow
}

// particle -1
sphere {
	<35.928059, 53.497490, 49.511395> 0.100000
	pigment { color rgbt <1,0,0,0> }
	no_shadow
}
sphere {
	0, 1
	scale<0.080000,0.200000,0.300000>
	matrix <0.795590, -0.587626, 0.147417,
		0.474134, 0.452451, -0.755304,
		0.377137, 0.670808, 0.638580,
		36.041199, 53.698730, 49.702969>
	pigment { color rgbt <0,1,1,0> }
	no_shadow
}
cylinder {
	<36.476990, 53.446941, 49.050934>,  <35.777203, 53.229168, 49.255962>, 0.130000
	pigment { color rgbt <1,0,0,0> }
	no_shadow
}

// nucleotide -1

// particle -1
sphere {
	<36.476990, 53.446941, 49.050934> 0.250000
	pigment { color rgbt <1,0,0,0> }
	no_shadow
}
cylinder {
	<36.421989, 53.431419, 49.446831>,  <36.388988, 53.422108, 49.684368>, 0.100000
	pigment { color rgbt <1,0,0,0> }
	no_shadow
}
cylinder {
	<36.421989, 53.431419, 49.446831>,  <36.476990, 53.446941, 49.050934>, 0.100000
	pigment { color rgbt <1,0,0,0> }
	no_shadow
}

// particle -1
sphere {
	<36.421989, 53.431419, 49.446831> 0.100000
	pigment { color rgbt <1,0,0,0> }
	no_shadow
}
sphere {
	0, 1
	scale<0.080000,0.200000,0.300000>
	matrix <0.938193, -0.325530, 0.117578,
		0.317628, 0.944735, 0.081165,
		-0.137501, -0.038802, 0.989741,
		36.380737, 53.419777, 49.743752>
	pigment { color rgbt <0,1,1,0> }
	no_shadow
}
cylinder {
	<37.022507, 53.609543, 49.549480>,  <36.476990, 53.446941, 49.050934>, 0.130000
	pigment { color rgbt <1,0,0,0> }
	no_shadow
}

// nucleotide -1

// particle -1
sphere {
	<37.022507, 53.609543, 49.549480> 0.250000
	pigment { color rgbt <1,0,0,0> }
	no_shadow
}
cylinder {
	<36.831345, 53.331581, 49.764412>,  <36.716648, 53.164806, 49.893372>, 0.100000
	pigment { color rgbt <1,0,0,0> }
	no_shadow
}
cylinder {
	<36.831345, 53.331581, 49.764412>,  <37.022507, 53.609543, 49.549480>, 0.100000
	pigment { color rgbt <1,0,0,0> }
	no_shadow
}

// particle -1
sphere {
	<36.831345, 53.331581, 49.764412> 0.100000
	pigment { color rgbt <1,0,0,0> }
	no_shadow
}
sphere {
	0, 1
	scale<0.080000,0.200000,0.300000>
	matrix <0.878292, -0.388112, 0.279236,
		0.014502, 0.605379, 0.795805,
		-0.477905, -0.694900, 0.537328,
		36.687973, 53.123112, 49.925610>
	pigment { color rgbt <0,1,1,0> }
	no_shadow
}
cylinder {
	<37.112415, 53.526463, 50.366150>,  <37.022507, 53.609543, 49.549480>, 0.130000
	pigment { color rgbt <1,0,0,0> }
	no_shadow
}

// nucleotide -1

// particle -1
sphere {
	<37.112415, 53.526463, 50.366150> 0.250000
	pigment { color rgbt <1,0,0,0> }
	no_shadow
}
cylinder {
	<37.067448, 53.197601, 50.142929>,  <37.040466, 53.000286, 50.008995>, 0.100000
	pigment { color rgbt <1,0,0,0> }
	no_shadow
}
cylinder {
	<37.067448, 53.197601, 50.142929>,  <37.112415, 53.526463, 50.366150>, 0.100000
	pigment { color rgbt <1,0,0,0> }
	no_shadow
}

// particle -1
sphere {
	<37.067448, 53.197601, 50.142929> 0.100000
	pigment { color rgbt <1,0,0,0> }
	no_shadow
}
sphere {
	0, 1
	scale<0.080000,0.200000,0.300000>
	matrix <0.823115, -0.391662, 0.411196,
		-0.556635, -0.413115, 0.720758,
		-0.112423, -0.822153, -0.558055,
		37.033722, 52.950954, 49.975513>
	pigment { color rgbt <0,1,1,0> }
	no_shadow
}
cylinder {
	<37.116154, 52.967503, 50.829880>,  <37.112415, 53.526463, 50.366150>, 0.130000
	pigment { color rgbt <1,0,0,0> }
	no_shadow
}

// nucleotide -1

// particle -1
sphere {
	<37.116154, 52.967503, 50.829880> 0.250000
	pigment { color rgbt <1,0,0,0> }
	no_shadow
}
cylinder {
	<37.241024, 52.833725, 50.474197>,  <37.315945, 52.753460, 50.260788>, 0.100000
	pigment { color rgbt <1,0,0,0> }
	no_shadow
}
cylinder {
	<37.241024, 52.833725, 50.474197>,  <37.116154, 52.967503, 50.829880>, 0.100000
	pigment { color rgbt <1,0,0,0> }
	no_shadow
}

// particle -1
sphere {
	<37.241024, 52.833725, 50.474197> 0.100000
	pigment { color rgbt <1,0,0,0> }
	no_shadow
}
sphere {
	0, 1
	scale<0.080000,0.200000,0.300000>
	matrix <0.718801, -0.528856, 0.451261,
		-0.621185, -0.780038, 0.075302,
		0.312177, -0.334444, -0.889209,
		37.334679, 52.733391, 50.207436>
	pigment { color rgbt <0,1,1,0> }
	no_shadow
}
cylinder {
	<37.426983, 52.263233, 50.936924>,  <37.116154, 52.967503, 50.829880>, 0.130000
	pigment { color rgbt <1,0,0,0> }
	no_shadow
}

// nucleotide -1

// particle -1
sphere {
	<37.426983, 52.263233, 50.936924> 0.250000
	pigment { color rgbt <1,0,0,0> }
	no_shadow
}
cylinder {
	<37.542908, 52.341774, 50.562233>,  <37.612461, 52.388901, 50.337418>, 0.100000
	pigment { color rgbt <1,0,0,0> }
	no_shadow
}
cylinder {
	<37.542908, 52.341774, 50.562233>,  <37.426983, 52.263233, 50.936924>, 0.100000
	pigment { color rgbt <1,0,0,0> }
	no_shadow
}

// particle -1
sphere {
	<37.542908, 52.341774, 50.562233> 0.100000
	pigment { color rgbt <1,0,0,0> }
	no_shadow
}
sphere {
	0, 1
	scale<0.080000,0.200000,0.300000>
	matrix <0.872972, -0.455443, 0.174618,
		-0.392338, -0.868341, -0.303404,
		0.289811, 0.196354, -0.936725,
		37.629852, 52.400681, 50.281216>
	pigment { color rgbt <0,1,1,0> }
	no_shadow
}
cylinder {
	<37.865108, 51.743008, 50.786083>,  <37.426983, 52.263233, 50.936924>, 0.130000
	pigment { color rgbt <1,0,0,0> }
	no_shadow
}

// nucleotide -1

// particle -1
sphere {
	<37.865108, 51.743008, 50.786083> 0.250000
	pigment { color rgbt <1,0,0,0> }
	no_shadow
}
cylinder {
	<37.978958, 52.020325, 50.521255>,  <38.047268, 52.186714, 50.362358>, 0.100000
	pigment { color rgbt <1,0,0,0> }
	no_shadow
}
cylinder {
	<37.978958, 52.020325, 50.521255>,  <37.865108, 51.743008, 50.786083>, 0.100000
	pigment { color rgbt <1,0,0,0> }
	no_shadow
}

// particle -1
sphere {
	<37.978958, 52.020325, 50.521255> 0.100000
	pigment { color rgbt <1,0,0,0> }
	no_shadow
}
sphere {
	0, 1
	scale<0.080000,0.200000,0.300000>
	matrix <0.934242, -0.355421, 0.029454,
		-0.214894, -0.626919, -0.748862,
		0.284626, 0.693289, -0.662072,
		38.064346, 52.228310, 50.322636>
	pigment { color rgbt <0,1,1,0> }
	no_shadow
}
cylinder {
	<38.349068, 51.384480, 50.318138>,  <37.865108, 51.743008, 50.786083>, 0.130000
	pigment { color rgbt <1,0,0,0> }
	no_shadow
}

// nucleotide -1

// particle -1
sphere {
	<38.349068, 51.384480, 50.318138> 0.250000
	pigment { color rgbt <1,0,0,0> }
	no_shadow
}
cylinder {
	<38.415470, 51.777832, 50.288742>,  <38.455311, 52.013844, 50.271103>, 0.100000
	pigment { color rgbt <1,0,0,0> }
	no_shadow
}
cylinder {
	<38.415470, 51.777832, 50.288742>,  <38.349068, 51.384480, 50.318138>, 0.100000
	pigment { color rgbt <1,0,0,0> }
	no_shadow
}

// particle -1
sphere {
	<38.415470, 51.777832, 50.288742> 0.100000
	pigment { color rgbt <1,0,0,0> }
	no_shadow
}
sphere {
	0, 1
	scale<0.080000,0.200000,0.300000>
	matrix <0.949034, -0.179566, -0.259018,
		-0.267910, -0.026745, -0.963073,
		0.166008, 0.983382, -0.073489,
		38.465271, 52.072845, 50.266697>
	pigment { color rgbt <0,1,1,0> }
	no_shadow
}
cylinder {
	<38.934692, 51.877205, 50.297844>,  <38.349068, 51.384480, 50.318138>, 0.130000
	pigment { color rgbt <1,0,0,0> }
	no_shadow
}

// nucleotide -1

// particle -1
sphere {
	<38.934692, 51.877205, 50.297844> 0.250000
	pigment { color rgbt <1,0,0,0> }
	no_shadow
}
cylinder {
	<39.246208, 52.071411, 50.138966>,  <39.433117, 52.187935, 50.043640>, 0.100000
	pigment { color rgbt <1,0,0,0> }
	no_shadow
}
cylinder {
	<39.246208, 52.071411, 50.138966>,  <38.934692, 51.877205, 50.297844>, 0.100000
	pigment { color rgbt <1,0,0,0> }
	no_shadow
}

// particle -1
sphere {
	<39.246208, 52.071411, 50.138966> 0.100000
	pigment { color rgbt <1,0,0,0> }
	no_shadow
}
sphere {
	0, 1
	scale<0.080000,0.200000,0.300000>
	matrix <0.492919, -0.082031, 0.866200,
		0.387972, -0.870371, -0.303205,
		0.778787, 0.485516, -0.397197,
		39.479843, 52.217068, 50.019806>
	pigment { color rgbt <0,1,1,0> }
	no_shadow
}
cylinder {
	<39.549732, 51.420677, 50.402107>,  <38.934692, 51.877205, 50.297844>, 0.130000
	pigment { color rgbt <1,0,0,0> }
	no_shadow
}

// nucleotide -1

// particle -1
sphere {
	<39.549732, 51.420677, 50.402107> 0.250000
	pigment { color rgbt <1,0,0,0> }
	no_shadow
}
cylinder {
	<39.627277, 51.813042, 50.396137>,  <39.673805, 52.048462, 50.392555>, 0.100000
	pigment { color rgbt <1,0,0,0> }
	no_shadow
}
cylinder {
	<39.627277, 51.813042, 50.396137>,  <39.549732, 51.420677, 50.402107>, 0.100000
	pigment { color rgbt <1,0,0,0> }
	no_shadow
}

// particle -1
sphere {
	<39.627277, 51.813042, 50.396137> 0.100000
	pigment { color rgbt <1,0,0,0> }
	no_shadow
}
sphere {
	0, 1
	scale<0.080000,0.200000,0.300000>
	matrix <0.591746, -0.104785, 0.799286,
		0.782468, -0.163781, -0.600766,
		0.193858, 0.980916, -0.014926,
		39.685436, 52.107315, 50.391659>
	pigment { color rgbt <0,1,1,0> }
	no_shadow
}
cylinder {
	<40.209335, 51.593494, 50.555202>,  <39.549732, 51.420677, 50.402107>, 0.130000
	pigment { color rgbt <1,0,0,0> }
	no_shadow
}

// nucleotide -1

// particle -1
sphere {
	<40.209335, 51.593494, 50.555202> 0.250000
	pigment { color rgbt <1,0,0,0> }
	no_shadow
}
cylinder {
	<40.086941, 51.969406, 50.616119>,  <40.013504, 52.194954, 50.652668>, 0.100000
	pigment { color rgbt <1,0,0,0> }
	no_shadow
}
cylinder {
	<40.086941, 51.969406, 50.616119>,  <40.209335, 51.593494, 50.555202>, 0.100000
	pigment { color rgbt <1,0,0,0> }
	no_shadow
}

// particle -1
sphere {
	<40.086941, 51.969406, 50.616119> 0.100000
	pigment { color rgbt <1,0,0,0> }
	no_shadow
}
sphere {
	0, 1
	scale<0.080000,0.200000,0.300000>
	matrix <0.432036, -0.005472, 0.901840,
		0.848361, 0.341745, -0.404343,
		-0.305987, 0.939777, 0.152288,
		39.995144, 52.251339, 50.661804>
	pigment { color rgbt <0,1,1,0> }
	no_shadow
}
cylinder {
	<40.859211, 51.765633, 50.299591>,  <40.209335, 51.593494, 50.555202>, 0.130000
	pigment { color rgbt <1,0,0,0> }
	no_shadow
}

// nucleotide -1

// particle -1
sphere {
	<40.859211, 51.765633, 50.299591> 0.250000
	pigment { color rgbt <1,0,0,0> }
	no_shadow
}
cylinder {
	<41.097111, 51.755775, 49.978180>,  <41.239853, 51.749863, 49.785332>, 0.100000
	pigment { color rgbt <1,0,0,0> }
	no_shadow
}
cylinder {
	<41.097111, 51.755775, 49.978180>,  <40.859211, 51.765633, 50.299591>, 0.100000
	pigment { color rgbt <1,0,0,0> }
	no_shadow
}

// particle -1
sphere {
	<41.097111, 51.755775, 49.978180> 0.100000
	pigment { color rgbt <1,0,0,0> }
	no_shadow
}
sphere {
	0, 1
	scale<0.080000,0.200000,0.300000>
	matrix <0.796586, -0.116532, 0.593187,
		-0.108251, -0.992882, -0.049682,
		0.594754, -0.024637, -0.803530,
		41.275536, 51.748383, 49.737122>
	pigment { color rgbt <0,1,1,0> }
	no_shadow
}
cylinder {
	<41.282261, 51.091225, 50.219589>,  <40.859211, 51.765633, 50.299591>, 0.130000
	pigment { color rgbt <1,0,0,0> }
	no_shadow
}

// nucleotide -1

// particle -1
sphere {
	<41.282261, 51.091225, 50.219589> 0.250000
	pigment { color rgbt <1,0,0,0> }
	no_shadow
}
cylinder {
	<41.449696, 51.437859, 50.110916>,  <41.550156, 51.645840, 50.045712>, 0.100000
	pigment { color rgbt <1,0,0,0> }
	no_shadow
}
cylinder {
	<41.449696, 51.437859, 50.110916>,  <41.282261, 51.091225, 50.219589>, 0.100000
	pigment { color rgbt <1,0,0,0> }
	no_shadow
}

// particle -1
sphere {
	<41.449696, 51.437859, 50.110916> 0.100000
	pigment { color rgbt <1,0,0,0> }
	no_shadow
}
sphere {
	0, 1
	scale<0.080000,0.200000,0.300000>
	matrix <0.736794, -0.149152, 0.659460,
		0.530957, -0.476218, -0.700929,
		0.418591, 0.866585, -0.271681,
		41.575272, 51.697834, 50.029411>
	pigment { color rgbt <0,1,1,0> }
	no_shadow
}
cylinder {
	<41.141315, 50.385685, 49.788715>,  <41.282261, 51.091225, 50.219589>, 0.130000
	pigment { color rgbt <1,0,0,0> }
	no_shadow
}

// nucleotide -1

// particle -1
sphere {
	<41.141315, 50.385685, 49.788715> 0.250000
	pigment { color rgbt <1,0,0,0> }
	no_shadow
}
cylinder {
	<41.398975, 50.293709, 50.080524>,  <41.553570, 50.238522, 50.255608>, 0.100000
	pigment { color rgbt <1,0,0,0> }
	no_shadow
}
cylinder {
	<41.398975, 50.293709, 50.080524>,  <41.141315, 50.385685, 49.788715>, 0.100000
	pigment { color rgbt <1,0,0,0> }
	no_shadow
}

// particle -1
sphere {
	<41.398975, 50.293709, 50.080524> 0.100000
	pigment { color rgbt <1,0,0,0> }
	no_shadow
}
sphere {
	0, 1
	scale<0.080000,0.200000,0.300000>
	matrix <0.642020, -0.355913, -0.679070,
		0.415794, 0.905788, -0.081631,
		0.644147, -0.229944, 0.729520,
		41.592220, 50.224724, 50.299381>
	pigment { color rgbt <0,1,1,0> }
	no_shadow
}
cylinder {
	<41.866638, 50.655811, 49.619991>,  <41.141315, 50.385685, 49.788715>, 0.130000
	pigment { color rgbt <1,0,0,0> }
	no_shadow
}

// nucleotide -1

// particle -1
sphere {
	<41.866638, 50.655811, 49.619991> 0.250000
	pigment { color rgbt <1,0,0,0> }
	no_shadow
}
cylinder {
	<41.857224, 50.321331, 49.839157>,  <41.851574, 50.120644, 49.970657>, 0.100000
	pigment { color rgbt <1,0,0,0> }
	no_shadow
}
cylinder {
	<41.857224, 50.321331, 49.839157>,  <41.866638, 50.655811, 49.619991>, 0.100000
	pigment { color rgbt <1,0,0,0> }
	no_shadow
}

// particle -1
sphere {
	<41.857224, 50.321331, 49.839157> 0.100000
	pigment { color rgbt <1,0,0,0> }
	no_shadow
}
sphere {
	0, 1
	scale<0.080000,0.200000,0.300000>
	matrix <0.777626, -0.359752, -0.515631,
		0.628286, 0.413938, 0.658720,
		-0.023537, -0.836202, 0.547916,
		41.850163, 50.070469, 50.003532>
	pigment { color rgbt <0,1,1,0> }
	no_shadow
}
cylinder {
	<42.579845, 50.524448, 49.755241>,  <41.866638, 50.655811, 49.619991>, 0.130000
	pigment { color rgbt <1,0,0,0> }
	no_shadow
}

// nucleotide -1

// particle -1
sphere {
	<42.579845, 50.524448, 49.755241> 0.250000
	pigment { color rgbt <1,0,0,0> }
	no_shadow
}
cylinder {
	<42.343159, 50.203728, 49.788658>,  <42.201145, 50.011295, 49.808708>, 0.100000
	pigment { color rgbt <1,0,0,0> }
	no_shadow
}
cylinder {
	<42.343159, 50.203728, 49.788658>,  <42.579845, 50.524448, 49.755241>, 0.100000
	pigment { color rgbt <1,0,0,0> }
	no_shadow
}

// particle -1
sphere {
	<42.343159, 50.203728, 49.788658> 0.100000
	pigment { color rgbt <1,0,0,0> }
	no_shadow
}
sphere {
	0, 1
	scale<0.080000,0.200000,0.300000>
	matrix <0.572463, -0.490899, -0.656738,
		0.567585, -0.340780, 0.749477,
		-0.591721, -0.801803, 0.083543,
		42.165642, 49.963188, 49.813721>
	pigment { color rgbt <0,1,1,0> }
	no_shadow
}
cylinder {
	<43.071186, 50.918789, 49.638309>,  <42.579845, 50.524448, 49.755241>, 0.130000
	pigment { color rgbt <1,0,0,0> }
	no_shadow
}

// nucleotide -1

// particle -1
sphere {
	<43.071186, 50.918789, 49.638309> 0.250000
	pigment { color rgbt <1,0,0,0> }
	no_shadow
}
cylinder {
	<43.320232, 51.213230, 49.532101>,  <43.469662, 51.389893, 49.468376>, 0.100000
	pigment { color rgbt <1,0,0,0> }
	no_shadow
}
cylinder {
	<43.320232, 51.213230, 49.532101>,  <43.071186, 50.918789, 49.638309>, 0.100000
	pigment { color rgbt <1,0,0,0> }
	no_shadow
}

// particle -1
sphere {
	<43.320232, 51.213230, 49.532101> 0.100000
	pigment { color rgbt <1,0,0,0> }
	no_shadow
}
sphere {
	0, 1
	scale<0.080000,0.200000,0.300000>
	matrix <-0.612162, 0.246805, -0.751229,
		-0.487447, 0.630273, 0.604278,
		0.622618, 0.736100, -0.265525,
		43.507019, 51.434059, 49.452442>
	pigment { color rgbt <0,1,1,0> }
	no_shadow
}
cylinder {
	<43.505928, 50.898251, 49.034893>,  <43.071186, 50.918789, 49.638309>, 0.130000
	pigment { color rgbt <1,0,0,0> }
	no_shadow
}

// nucleotide -1

// particle -1
sphere {
	<43.505928, 50.898251, 49.034893> 0.250000
	pigment { color rgbt <1,0,0,0> }
	no_shadow
}
cylinder {
	<43.583225, 51.044083, 49.399254>,  <43.629604, 51.131584, 49.617870>, 0.100000
	pigment { color rgbt <1,0,0,0> }
	no_shadow
}
cylinder {
	<43.583225, 51.044083, 49.399254>,  <43.505928, 50.898251, 49.034893>, 0.100000
	pigment { color rgbt <1,0,0,0> }
	no_shadow
}

// particle -1
sphere {
	<43.583225, 51.044083, 49.399254> 0.100000
	pigment { color rgbt <1,0,0,0> }
	no_shadow
}
sphere {
	0, 1
	scale<0.080000,0.200000,0.300000>
	matrix <0.637182, -0.752612, 0.166056,
		0.746095, 0.548320, -0.377740,
		0.193239, 0.364583, 0.910900,
		43.641197, 51.153458, 49.672523>
	pigment { color rgbt <0,1,1,0> }
	no_shadow
}
cylinder {
	<44.123669, 51.080185, 49.061501>,  <43.505928, 50.898251, 49.034893>, 0.130000
	pigment { color rgbt <1,0,0,0> }
	no_shadow
}

// nucleotide -1

// particle -1
sphere {
	<44.123669, 51.080185, 49.061501> 0.250000
	pigment { color rgbt <1,0,0,0> }
	no_shadow
}
cylinder {
	<44.036221, 51.051197, 49.450748>,  <43.983753, 51.033806, 49.684296>, 0.100000
	pigment { color rgbt <1,0,0,0> }
	no_shadow
}
cylinder {
	<44.036221, 51.051197, 49.450748>,  <44.123669, 51.080185, 49.061501>, 0.100000
	pigment { color rgbt <1,0,0,0> }
	no_shadow
}

// particle -1
sphere {
	<44.036221, 51.051197, 49.450748> 0.100000
	pigment { color rgbt <1,0,0,0> }
	no_shadow
}
sphere {
	0, 1
	scale<0.080000,0.200000,0.300000>
	matrix <0.865522, -0.474938, 0.159078,
		0.450643, 0.877030, 0.166550,
		-0.218617, -0.072465, 0.973116,
		43.970634, 51.029457, 49.742683>
	pigment { color rgbt <0,1,1,0> }
	no_shadow
}
cylinder {
	<44.687641, 51.327606, 49.426296>,  <44.123669, 51.080185, 49.061501>, 0.130000
	pigment { color rgbt <1,0,0,0> }
	no_shadow
}

// nucleotide -1

// particle -1
sphere {
	<44.687641, 51.327606, 49.426296> 0.250000
	pigment { color rgbt <1,0,0,0> }
	no_shadow
}
cylinder {
	<44.513424, 51.053963, 49.660320>,  <44.408894, 50.889778, 49.800735>, 0.100000
	pigment { color rgbt <1,0,0,0> }
	no_shadow
}
cylinder {
	<44.513424, 51.053963, 49.660320>,  <44.687641, 51.327606, 49.426296>, 0.100000
	pigment { color rgbt <1,0,0,0> }
	no_shadow
}

// particle -1
sphere {
	<44.513424, 51.053963, 49.660320> 0.100000
	pigment { color rgbt <1,0,0,0> }
	no_shadow
}
sphere {
	0, 1
	scale<0.080000,0.200000,0.300000>
	matrix <0.885622, -0.209284, 0.414576,
		-0.161171, 0.698710, 0.697014,
		-0.435543, -0.684108, 0.585063,
		44.382763, 50.848732, 49.835838>
	pigment { color rgbt <0,1,1,0> }
	no_shadow
}
cylinder {
	<45.111393, 51.857441, 48.994225>,  <44.687641, 51.327606, 49.426296>, 0.130000
	pigment { color rgbt <1,0,0,0> }
	no_shadow
}

// nucleotide -1

// particle -1
sphere {
	<45.111393, 51.857441, 48.994225> 0.250000
	pigment { color rgbt <1,0,0,0> }
	no_shadow
}
cylinder {
	<45.416218, 52.081474, 49.124191>,  <45.599113, 52.215893, 49.202171>, 0.100000
	pigment { color rgbt <1,0,0,0> }
	no_shadow
}
cylinder {
	<45.416218, 52.081474, 49.124191>,  <45.111393, 51.857441, 48.994225>, 0.100000
	pigment { color rgbt <1,0,0,0> }
	no_shadow
}

// particle -1
sphere {
	<45.416218, 52.081474, 49.124191> 0.100000
	pigment { color rgbt <1,0,0,0> }
	no_shadow
}
sphere {
	0, 1
	scale<0.080000,0.200000,0.300000>
	matrix <0.458101, -0.820991, 0.340760,
		0.457604, -0.110838, -0.882221,
		0.762065, 0.560079, 0.324914,
		45.644836, 52.249496, 49.221664>
	pigment { color rgbt <0,1,1,0> }
	no_shadow
}
cylinder {
	<45.783447, 51.672817, 48.801117>,  <45.111393, 51.857441, 48.994225>, 0.130000
	pigment { color rgbt <1,0,0,0> }
	no_shadow
}

// nucleotide -1

// particle -1
sphere {
	<45.783447, 51.672817, 48.801117> 0.250000
	pigment { color rgbt <1,0,0,0> }
	no_shadow
}
cylinder {
	<45.895245, 51.867226, 49.132336>,  <45.962322, 51.983871, 49.331066>, 0.100000
	pigment { color rgbt <1,0,0,0> }
	no_shadow
}
cylinder {
	<45.895245, 51.867226, 49.132336>,  <45.783447, 51.672817, 48.801117>, 0.100000
	pigment { color rgbt <1,0,0,0> }
	no_shadow
}

// particle -1
sphere {
	<45.895245, 51.867226, 49.132336> 0.100000
	pigment { color rgbt <1,0,0,0> }
	no_shadow
}
sphere {
	0, 1
	scale<0.080000,0.200000,0.300000>
	matrix <0.677253, -0.711115, 0.188795,
		0.680598, 0.508033, -0.527910,
		0.279490, 0.486022, 0.828050,
		45.979092, 52.013031, 49.380753>
	pigment { color rgbt <0,1,1,0> }
	no_shadow
}
cylinder {
	<46.515678, 51.792637, 48.758736>,  <45.783447, 51.672817, 48.801117>, 0.130000
	pigment { color rgbt <1,0,0,0> }
	no_shadow
}

// nucleotide -1

// particle -1
sphere {
	<46.515678, 51.792637, 48.758736> 0.250000
	pigment { color rgbt <1,0,0,0> }
	no_shadow
}
cylinder {
	<46.376564, 51.774433, 49.133324>,  <46.293095, 51.763512, 49.358074>, 0.100000
	pigment { color rgbt <1,0,0,0> }
	no_shadow
}
cylinder {
	<46.376564, 51.774433, 49.133324>,  <46.515678, 51.792637, 48.758736>, 0.100000
	pigment { color rgbt <1,0,0,0> }
	no_shadow
}

// particle -1
sphere {
	<46.376564, 51.774433, 49.133324> 0.100000
	pigment { color rgbt <1,0,0,0> }
	no_shadow
}
sphere {
	0, 1
	scale<0.080000,0.200000,0.300000>
	matrix <0.708903, -0.666443, 0.230890,
		0.613595, 0.744166, 0.264043,
		-0.347790, -0.045508, 0.936467,
		46.272228, 51.760780, 49.414265>
	pigment { color rgbt <0,1,1,0> }
	no_shadow
}
cylinder {
	<47.094398, 52.086205, 49.273186>,  <46.515678, 51.792637, 48.758736>, 0.130000
	pigment { color rgbt <1,0,0,0> }
	no_shadow
}

// nucleotide -1

// particle -1
sphere {
	<47.094398, 52.086205, 49.273186> 0.250000
	pigment { color rgbt <1,0,0,0> }
	no_shadow
}
cylinder {
	<46.842781, 51.822155, 49.437401>,  <46.691811, 51.663723, 49.535931>, 0.100000
	pigment { color rgbt <1,0,0,0> }
	no_shadow
}
cylinder {
	<46.842781, 51.822155, 49.437401>,  <47.094398, 52.086205, 49.273186>, 0.100000
	pigment { color rgbt <1,0,0,0> }
	no_shadow
}

// particle -1
sphere {
	<46.842781, 51.822155, 49.437401> 0.100000
	pigment { color rgbt <1,0,0,0> }
	no_shadow
}
sphere {
	0, 1
	scale<0.080000,0.200000,0.300000>
	matrix <0.777371, -0.533074, 0.333956,
		-0.001607, 0.529211, 0.848489,
		-0.629041, -0.660127, 0.410537,
		46.654068, 51.624115, 49.560562>
	pigment { color rgbt <0,1,1,0> }
	no_shadow
}
cylinder {
	<47.023022, 52.760624, 49.674007>,  <47.094398, 52.086205, 49.273186>, 0.130000
	pigment { color rgbt <1,0,0,0> }
	no_shadow
}

// nucleotide -1

// particle -1
sphere {
	<47.023022, 52.760624, 49.674007> 0.250000
	pigment { color rgbt <1,0,0,0> }
	no_shadow
}
cylinder {
	<47.371746, 52.829926, 49.490738>,  <47.580982, 52.871506, 49.380775>, 0.100000
	pigment { color rgbt <1,0,0,0> }
	no_shadow
}
cylinder {
	<47.371746, 52.829926, 49.490738>,  <47.023022, 52.760624, 49.674007>, 0.100000
	pigment { color rgbt <1,0,0,0> }
	no_shadow
}

// particle -1
sphere {
	<47.371746, 52.829926, 49.490738> 0.100000
	pigment { color rgbt <1,0,0,0> }
	no_shadow
}
sphere {
	0, 1
	scale<0.080000,0.200000,0.300000>
	matrix <0.429910, 0.177667, 0.885219,
		0.234776, -0.968718, 0.080406,
		0.871813, 0.173261, -0.458173,
		47.633289, 52.881901, 49.353287>
	pigment { color rgbt <0,1,1,0> }
	no_shadow
}
cylinder {
	<47.548756, 52.277229, 49.897789>,  <47.023022, 52.760624, 49.674007>, 0.130000
	pigment { color rgbt <1,0,0,0> }
	no_shadow
}

// nucleotide -1

// particle -1
sphere {
	<47.548756, 52.277229, 49.897789> 0.250000
	pigment { color rgbt <1,0,0,0> }
	no_shadow
}
cylinder {
	<47.686626, 52.633621, 49.779564>,  <47.769348, 52.847454, 49.708630>, 0.100000
	pigment { color rgbt <1,0,0,0> }
	no_shadow
}
cylinder {
	<47.686626, 52.633621, 49.779564>,  <47.548756, 52.277229, 49.897789>, 0.100000
	pigment { color rgbt <1,0,0,0> }
	no_shadow
}

// particle -1
sphere {
	<47.686626, 52.633621, 49.779564> 0.100000
	pigment { color rgbt <1,0,0,0> }
	no_shadow
}
sphere {
	0, 1
	scale<0.080000,0.200000,0.300000>
	matrix <0.454200, 0.117254, 0.883150,
		0.821521, -0.438649, -0.364266,
		0.344681, 0.890976, -0.295561,
		47.790031, 52.900913, 49.690895>
	pigment { color rgbt <0,1,1,0> }
	no_shadow
}
cylinder {
	<47.955872, 52.477016, 50.390610>,  <47.548756, 52.277229, 49.897789>, 0.130000
	pigment { color rgbt <1,0,0,0> }
	no_shadow
}

// nucleotide -1

// particle -1
sphere {
	<47.955872, 52.477016, 50.390610> 0.250000
	pigment { color rgbt <1,0,0,0> }
	no_shadow
}
cylinder {
	<47.949257, 52.831028, 50.204514>,  <47.945286, 53.043434, 50.092854>, 0.100000
	pigment { color rgbt <1,0,0,0> }
	no_shadow
}
cylinder {
	<47.949257, 52.831028, 50.204514>,  <47.955872, 52.477016, 50.390610>, 0.100000
	pigment { color rgbt <1,0,0,0> }
	no_shadow
}

// particle -1
sphere {
	<47.949257, 52.831028, 50.204514> 0.100000
	pigment { color rgbt <1,0,0,0> }
	no_shadow
}
sphere {
	0, 1
	scale<0.080000,0.200000,0.300000>
	matrix <0.498223, 0.410721, 0.763598,
		0.866891, -0.219165, -0.447735,
		-0.016541, 0.885028, -0.465244,
		47.944294, 53.096535, 50.064941>
	pigment { color rgbt <0,1,1,0> }
	no_shadow
}
cylinder {
	<48.711353, 52.733280, 50.383839>,  <47.955872, 52.477016, 50.390610>, 0.130000
	pigment { color rgbt <1,0,0,0> }
	no_shadow
}

// nucleotide -1

// particle -1
sphere {
	<48.711353, 52.733280, 50.383839> 0.250000
	pigment { color rgbt <1,0,0,0> }
	no_shadow
}
cylinder {
	<48.417740, 53.004051, 50.362072>,  <48.241573, 53.166515, 50.349014>, 0.100000
	pigment { color rgbt <1,0,0,0> }
	no_shadow
}
cylinder {
	<48.417740, 53.004051, 50.362072>,  <48.711353, 52.733280, 50.383839>, 0.100000
	pigment { color rgbt <1,0,0,0> }
	no_shadow
}

// particle -1
sphere {
	<48.417740, 53.004051, 50.362072> 0.100000
	pigment { color rgbt <1,0,0,0> }
	no_shadow
}
sphere {
	0, 1
	scale<0.080000,0.200000,0.300000>
	matrix <0.332258, 0.427851, 0.840564,
		0.592286, 0.598921, -0.538973,
		-0.734031, 0.676932, -0.054414,
		48.197529, 53.207130, 50.345749>
	pigment { color rgbt <0,1,1,0> }
	no_shadow
}
cylinder {
	<49.011044, 53.451992, 50.195972>,  <48.711353, 52.733280, 50.383839>, 0.130000
	pigment { color rgbt <1,0,0,0> }
	no_shadow
}

// nucleotide -1

// particle -1
sphere {
	<49.011044, 53.451992, 50.195972> 0.250000
	pigment { color rgbt <1,0,0,0> }
	no_shadow
}
cylinder {
	<48.689617, 53.385693, 50.424641>,  <48.496761, 53.345913, 50.561840>, 0.100000
	pigment { color rgbt <1,0,0,0> }
	no_shadow
}
cylinder {
	<48.689617, 53.385693, 50.424641>,  <49.011044, 53.451992, 50.195972>, 0.100000
	pigment { color rgbt <1,0,0,0> }
	no_shadow
}

// particle -1
sphere {
	<48.689617, 53.385693, 50.424641> 0.100000
	pigment { color rgbt <1,0,0,0> }
	no_shadow
}
sphere {
	0, 1
	scale<0.080000,0.200000,0.300000>
	matrix <0.540840, 0.197718, 0.817557,
		-0.248535, 0.966145, -0.069239,
		-0.803569, -0.165744, 0.571670,
		48.448547, 53.335968, 50.596142>
	pigment { color rgbt <0,1,1,0> }
	no_shadow
}
cylinder {
	<49.067425, 53.848461, 49.515079>,  <49.011044, 53.451992, 50.195972>, 0.130000
	pigment { color rgbt <1,0,0,0> }
	no_shadow
}

// nucleotide -1

// particle -1
sphere {
	<49.067425, 53.848461, 49.515079> 0.250000
	pigment { color rgbt <1,0,0,0> }
	no_shadow
}
cylinder {
	<49.136581, 54.183960, 49.721619>,  <49.178074, 54.385258, 49.845543>, 0.100000
	pigment { color rgbt <1,0,0,0> }
	no_shadow
}
cylinder {
	<49.136581, 54.183960, 49.721619>,  <49.067425, 53.848461, 49.515079>, 0.100000
	pigment { color rgbt <1,0,0,0> }
	no_shadow
}

// particle -1
sphere {
	<49.136581, 54.183960, 49.721619> 0.100000
	pigment { color rgbt <1,0,0,0> }
	no_shadow
}
sphere {
	0, 1
	scale<0.080000,0.200000,0.300000>
	matrix <0.149744, 0.495768, -0.855448,
		-0.973491, 0.225220, -0.039883,
		0.172891, 0.838744, 0.516351,
		49.188450, 54.435581, 49.876522>
	pigment { color rgbt <0,1,1,0> }
	no_shadow
}
cylinder {
	<48.625492, 54.302650, 49.325989>,  <49.067425, 53.848461, 49.515079>, 0.130000
	pigment { color rgbt <1,0,0,0> }
	no_shadow
}

// nucleotide -1

// particle -1
sphere {
	<48.625492, 54.302650, 49.325989> 0.250000
	pigment { color rgbt <1,0,0,0> }
	no_shadow
}
cylinder {
	<48.949959, 54.494019, 49.460526>,  <49.144638, 54.608841, 49.541248>, 0.100000
	pigment { color rgbt <1,0,0,0> }
	no_shadow
}
cylinder {
	<48.949959, 54.494019, 49.460526>,  <48.625492, 54.302650, 49.325989>, 0.100000
	pigment { color rgbt <1,0,0,0> }
	no_shadow
}

// particle -1
sphere {
	<48.949959, 54.494019, 49.460526> 0.100000
	pigment { color rgbt <1,0,0,0> }
	no_shadow
}
sphere {
	0, 1
	scale<0.080000,0.200000,0.300000>
	matrix <-0.110167, 0.689835, -0.715536,
		-0.574350, 0.543362, 0.612275,
		0.811163, 0.478420, 0.336346,
		49.193306, 54.637543, 49.561428>
	pigment { color rgbt <0,1,1,0> }
	no_shadow
}
cylinder {
	<48.600800, 55.074135, 49.280846>,  <48.625492, 54.302650, 49.325989>, 0.130000
	pigment { color rgbt <1,0,0,0> }
	no_shadow
}

// nucleotide -1

// particle -1
sphere {
	<48.600800, 55.074135, 49.280846> 0.250000
	pigment { color rgbt <1,0,0,0> }
	no_shadow
}
cylinder {
	<48.989365, 54.980549, 49.264755>,  <49.222504, 54.924397, 49.255100>, 0.100000
	pigment { color rgbt <1,0,0,0> }
	no_shadow
}
cylinder {
	<48.989365, 54.980549, 49.264755>,  <48.600800, 55.074135, 49.280846>, 0.100000
	pigment { color rgbt <1,0,0,0> }
	no_shadow
}

// particle -1
sphere {
	<48.989365, 54.980549, 49.264755> 0.100000
	pigment { color rgbt <1,0,0,0> }
	no_shadow
}
sphere {
	0, 1
	scale<0.080000,0.200000,0.300000>
	matrix <0.146187, 0.723039, -0.675162,
		0.187051, 0.649980, 0.736572,
		0.971412, -0.233967, -0.040227,
		49.280788, 54.910358, 49.252686>
	pigment { color rgbt <0,1,1,0> }
	no_shadow
}
cylinder {
	<48.988007, 55.673164, 49.270023>,  <48.600800, 55.074135, 49.280846>, 0.130000
	pigment { color rgbt <1,0,0,0> }
	no_shadow
}

// nucleotide -1

// particle -1
sphere {
	<48.988007, 55.673164, 49.270023> 0.250000
	pigment { color rgbt <1,0,0,0> }
	no_shadow
}
cylinder {
	<49.198551, 55.380760, 49.096329>,  <49.324879, 55.205318, 48.992111>, 0.100000
	pigment { color rgbt <1,0,0,0> }
	no_shadow
}
cylinder {
	<49.198551, 55.380760, 49.096329>,  <48.988007, 55.673164, 49.270023>, 0.100000
	pigment { color rgbt <1,0,0,0> }
	no_shadow
}

// particle -1
sphere {
	<49.198551, 55.380760, 49.096329> 0.100000
	pigment { color rgbt <1,0,0,0> }
	no_shadow
}
sphere {
	0, 1
	scale<0.080000,0.200000,0.300000>
	matrix <0.251321, 0.621656, -0.741878,
		0.812266, 0.281367, 0.510937,
		0.526366, -0.731011, -0.434237,
		49.356461, 55.161457, 48.966057>
	pigment { color rgbt <0,1,1,0> }
	no_shadow
}
cylinder {
	<49.599640, 55.874039, 49.100967>,  <48.988007, 55.673164, 49.270023>, 0.130000
	pigment { color rgbt <1,0,0,0> }
	no_shadow
}

// nucleotide -1

// particle -1
sphere {
	<49.599640, 55.874039, 49.100967> 0.250000
	pigment { color rgbt <1,0,0,0> }
	no_shadow
}
cylinder {
	<49.553883, 55.568871, 48.846455>,  <49.526428, 55.385769, 48.693745>, 0.100000
	pigment { color rgbt <1,0,0,0> }
	no_shadow
}
cylinder {
	<49.553883, 55.568871, 48.846455>,  <49.599640, 55.874039, 49.100967>, 0.100000
	pigment { color rgbt <1,0,0,0> }
	no_shadow
}

// particle -1
sphere {
	<49.553883, 55.568871, 48.846455> 0.100000
	pigment { color rgbt <1,0,0,0> }
	no_shadow
}
sphere {
	0, 1
	scale<0.080000,0.200000,0.300000>
	matrix <0.253806, 0.596790, -0.761199,
		0.960466, -0.248573, 0.125363,
		-0.114398, -0.762924, -0.636287,
		49.519562, 55.339993, 48.655567>
	pigment { color rgbt <0,1,1,0> }
	no_shadow
}
cylinder {
	<50.200726, 55.831051, 48.642387>,  <49.599640, 55.874039, 49.100967>, 0.130000
	pigment { color rgbt <1,0,0,0> }
	no_shadow
}

// nucleotide -1

// particle -1
sphere {
	<50.200726, 55.831051, 48.642387> 0.250000
	pigment { color rgbt <1,0,0,0> }
	no_shadow
}
cylinder {
	<49.881550, 55.672703, 48.460579>,  <49.690044, 55.577694, 48.351494>, 0.100000
	pigment { color rgbt <1,0,0,0> }
	no_shadow
}
cylinder {
	<49.881550, 55.672703, 48.460579>,  <50.200726, 55.831051, 48.642387>, 0.100000
	pigment { color rgbt <1,0,0,0> }
	no_shadow
}

// particle -1
sphere {
	<49.881550, 55.672703, 48.460579> 0.100000
	pigment { color rgbt <1,0,0,0> }
	no_shadow
}
sphere {
	0, 1
	scale<0.080000,0.200000,0.300000>
	matrix <0.311058, 0.375448, -0.873088,
		0.516276, -0.838049, -0.176444,
		-0.797936, -0.395870, -0.454517,
		49.642170, 55.553944, 48.324223>
	pigment { color rgbt <0,1,1,0> }
	no_shadow
}
cylinder {
	<50.515015, 55.552231, 48.050777>,  <50.200726, 55.831051, 48.642387>, 0.130000
	pigment { color rgbt <1,0,0,0> }
	no_shadow
}

// nucleotide -1

// particle -1
sphere {
	<50.515015, 55.552231, 48.050777> 0.250000
	pigment { color rgbt <1,0,0,0> }
	no_shadow
}
cylinder {
	<50.136166, 55.679909, 48.063919>,  <49.908855, 55.756516, 48.071804>, 0.100000
	pigment { color rgbt <1,0,0,0> }
	no_shadow
}
cylinder {
	<50.136166, 55.679909, 48.063919>,  <50.515015, 55.552231, 48.050777>, 0.100000
	pigment { color rgbt <1,0,0,0> }
	no_shadow
}

// particle -1
sphere {
	<50.136166, 55.679909, 48.063919> 0.100000
	pigment { color rgbt <1,0,0,0> }
	no_shadow
}
sphere {
	0, 1
	scale<0.080000,0.200000,0.300000>
	matrix <0.194000, 0.651153, -0.733733,
		-0.255601, -0.688558, -0.678643,
		-0.947118, 0.319199, 0.032855,
		49.852032, 55.775669, 48.073776>
	pigment { color rgbt <0,1,1,0> }
	no_shadow
}
cylinder {
	<50.893406, 54.999126, 47.942501>,  <50.515015, 55.552231, 48.050777>, 0.130000
	pigment { color rgbt <1,0,0,0> }
	no_shadow
}

// nucleotide -1

// particle -1
sphere {
	<50.893406, 54.999126, 47.942501> 0.250000
	pigment { color rgbt <1,0,0,0> }
	no_shadow
}
cylinder {
	<50.756714, 54.918526, 48.309677>,  <50.674698, 54.870167, 48.529984>, 0.100000
	pigment { color rgbt <1,0,0,0> }
	no_shadow
}
cylinder {
	<50.756714, 54.918526, 48.309677>,  <50.893406, 54.999126, 47.942501>, 0.100000
	pigment { color rgbt <1,0,0,0> }
	no_shadow
}

// particle -1
sphere {
	<50.756714, 54.918526, 48.309677> 0.100000
	pigment { color rgbt <1,0,0,0> }
	no_shadow
}
sphere {
	0, 1
	scale<0.080000,0.200000,0.300000>
	matrix <-0.145501, -0.953624, -0.263499,
		0.928465, -0.223607, 0.296567,
		-0.341733, -0.201499, 0.917942,
		50.654194, 54.858074, 48.585060>
	pigment { color rgbt <0,1,1,0> }
	no_shadow
}
cylinder {
	<51.072960, 54.356461, 48.037716>,  <50.893406, 54.999126, 47.942501>, 0.130000
	pigment { color rgbt <1,0,0,0> }
	no_shadow
}

// nucleotide -1

// particle -1
sphere {
	<51.072960, 54.356461, 48.037716> 0.250000
	pigment { color rgbt <1,0,0,0> }
	no_shadow
}
cylinder {
	<50.826031, 54.403065, 48.348930>,  <50.677876, 54.431026, 48.535660>, 0.100000
	pigment { color rgbt <1,0,0,0> }
	no_shadow
}
cylinder {
	<50.826031, 54.403065, 48.348930>,  <51.072960, 54.356461, 48.037716>, 0.100000
	pigment { color rgbt <1,0,0,0> }
	no_shadow
}

// particle -1
sphere {
	<50.826031, 54.403065, 48.348930> 0.100000
	pigment { color rgbt <1,0,0,0> }
	no_shadow
}
sphere {
	0, 1
	scale<0.080000,0.200000,0.300000>
	matrix <-0.089135, -0.992963, 0.077976,
		0.781648, -0.021214, 0.623359,
		-0.617318, 0.116513, 0.778038,
		50.640835, 54.438019, 48.582340>
	pigment { color rgbt <0,1,1,0> }
	no_shadow
}
cylinder {
	<51.433411, 54.116604, 48.672482>,  <51.072960, 54.356461, 48.037716>, 0.130000
	pigment { color rgbt <1,0,0,0> }
	no_shadow
}

// nucleotide -1

// particle -1
sphere {
	<51.433411, 54.116604, 48.672482> 0.250000
	pigment { color rgbt <1,0,0,0> }
	no_shadow
}
cylinder {
	<51.038921, 54.106659, 48.607059>,  <50.802227, 54.100693, 48.567806>, 0.100000
	pigment { color rgbt <1,0,0,0> }
	no_shadow
}
cylinder {
	<51.038921, 54.106659, 48.607059>,  <51.433411, 54.116604, 48.672482>, 0.100000
	pigment { color rgbt <1,0,0,0> }
	no_shadow
}

// particle -1
sphere {
	<51.038921, 54.106659, 48.607059> 0.100000
	pigment { color rgbt <1,0,0,0> }
	no_shadow
}
sphere {
	0, 1
	scale<0.080000,0.200000,0.300000>
	matrix <0.028314, -0.999422, -0.018830,
		-0.162992, -0.023201, 0.986355,
		-0.986221, -0.024859, -0.163555,
		50.743053, 54.099201, 48.557995>
	pigment { color rgbt <0,1,1,0> }
	no_shadow
}
cylinder {
	<51.094936, 53.734543, 49.115234>,  <51.433411, 54.116604, 48.672482>, 0.130000
	pigment { color rgbt <1,0,0,0> }
	no_shadow
}

// nucleotide -1

// particle -1
sphere {
	<51.094936, 53.734543, 49.115234> 0.250000
	pigment { color rgbt <1,0,0,0> }
	no_shadow
}
cylinder {
	<50.885548, 53.722603, 48.774628>,  <50.759914, 53.715439, 48.570263>, 0.100000
	pigment { color rgbt <1,0,0,0> }
	no_shadow
}
cylinder {
	<50.885548, 53.722603, 48.774628>,  <51.094936, 53.734543, 49.115234>, 0.100000
	pigment { color rgbt <1,0,0,0> }
	no_shadow
}

// particle -1
sphere {
	<50.885548, 53.722603, 48.774628> 0.100000
	pigment { color rgbt <1,0,0,0> }
	no_shadow
}
sphere {
	0, 1
	scale<0.080000,0.200000,0.300000>
	matrix <0.180242, -0.980648, -0.076431,
		-0.832761, -0.193489, 0.518720,
		-0.523471, -0.029846, -0.851521,
		50.728508, 53.713650, 48.519173>
	pigment { color rgbt <0,1,1,0> }
	no_shadow
}
cylinder {
	<51.450645, 53.792850, 49.634296>,  <51.094936, 53.734543, 49.115234>, 0.130000
	pigment { color rgbt <1,0,0,0> }
	no_shadow
}

// nucleotide -1

// particle -1
sphere {
	<51.450645, 53.792850, 49.634296> 0.250000
	pigment { color rgbt <1,0,0,0> }
	no_shadow
}
cylinder {
	<51.727821, 53.920982, 49.375927>,  <51.894127, 53.997860, 49.220905>, 0.100000
	pigment { color rgbt <1,0,0,0> }
	no_shadow
}
cylinder {
	<51.727821, 53.920982, 49.375927>,  <51.450645, 53.792850, 49.634296>, 0.100000
	pigment { color rgbt <1,0,0,0> }
	no_shadow
}

// particle -1
sphere {
	<51.727821, 53.920982, 49.375927> 0.100000
	pigment { color rgbt <1,0,0,0> }
	no_shadow
}
sphere {
	0, 1
	scale<0.080000,0.200000,0.300000>
	matrix <0.447693, 0.511084, 0.733733,
		0.565157, -0.797612, 0.210743,
		0.692942, 0.320326, -0.645928,
		51.935703, 54.017078, 49.182148>
	pigment { color rgbt <0,1,1,0> }
	no_shadow
}
cylinder {
	<52.157471, 53.615902, 49.727787>,  <51.450645, 53.792850, 49.634296>, 0.130000
	pigment { color rgbt <1,0,0,0> }
	no_shadow
}

// nucleotide -1

// particle -1
sphere {
	<52.157471, 53.615902, 49.727787> 0.250000
	pigment { color rgbt <1,0,0,0> }
	no_shadow
}
cylinder {
	<52.158962, 53.979134, 49.560272>,  <52.159855, 54.197071, 49.459763>, 0.100000
	pigment { color rgbt <1,0,0,0> }
	no_shadow
}
cylinder {
	<52.158962, 53.979134, 49.560272>,  <52.157471, 53.615902, 49.727787>, 0.100000
	pigment { color rgbt <1,0,0,0> }
	no_shadow
}

// particle -1
sphere {
	<52.158962, 53.979134, 49.560272> 0.100000
	pigment { color rgbt <1,0,0,0> }
	no_shadow
}
sphere {
	0, 1
	scale<0.080000,0.200000,0.300000>
	matrix <0.490825, 0.363217, 0.791937,
		0.871250, -0.208503, -0.444353,
		0.003725, 0.908075, -0.418791,
		52.160080, 54.251556, 49.434635>
	pigment { color rgbt <0,1,1,0> }
	no_shadow
}
cylinder {
	<52.809540, 54.020069, 49.561317>,  <52.157471, 53.615902, 49.727787>, 0.130000
	pigment { color rgbt <1,0,0,0> }
	no_shadow
}

// nucleotide -1

// particle -1
sphere {
	<52.809540, 54.020069, 49.561317> 0.250000
	pigment { color rgbt <1,0,0,0> }
	no_shadow
}
cylinder {
	<52.546177, 54.292912, 49.688583>,  <52.388161, 54.456615, 49.764942>, 0.100000
	pigment { color rgbt <1,0,0,0> }
	no_shadow
}
cylinder {
	<52.546177, 54.292912, 49.688583>,  <52.809540, 54.020069, 49.561317>, 0.100000
	pigment { color rgbt <1,0,0,0> }
	no_shadow
}

// particle -1
sphere {
	<52.546177, 54.292912, 49.688583> 0.100000
	pigment { color rgbt <1,0,0,0> }
	no_shadow
}
sphere {
	0, 1
	scale<0.080000,0.200000,0.300000>
	matrix <0.690334, 0.378844, 0.616374,
		0.299898, 0.625466, -0.720315,
