// switches for output
#declare DRAW_BASES = 1; // possible values are 0, 1; only relevant for DNA ribbons
#declare DRAW_BASES_TYPE = 3; // possible values are 1, 2, 3; only relevant for DNA ribbons
#declare DRAW_FOG = 0; // set to 1 to enable fog

#include "colors.inc"

#include "transforms.inc"
background { rgb <1, 1, 1>}

#default {
   normal{
       ripples 0.25
       frequency 0.20
       turbulence 0.2
       lambda 5
   }
	finish {
		phong 0.1
		phong_size 40.
	}
}

// original window dimensions: 1024x640


// camera settings

camera {
	sky <-0, 1, 0>
	up <-0, 1, 0>
	right 1.6 * <0.99995, 0, 0.00999983>
	location <54.4867, 55, 106.329>
	look_at <55, 55, 55.0001>
	direction <0.513302, 0, -51.3289>
	angle 67.0682
}


# declare cpy_camera_pos = <54.4867, 55, 106.329>;
# if (DRAW_FOG = 1)
fog {
	fog_type 2
	up vnormalize(cpy_camera_pos)
	color rgbt<1,1,1,0.3>
	distance 1e-5
	fog_alt 3e-3
	fog_offset 88
}
# end


// LIGHTS

# declare lum = 6;
global_settings {
	ambient_light rgb lum * <0.05, 0.05, 0.05>
	max_trace_level 15
}# declare cpy_direct_light_amount = 0.25;
light_source
{	1000 * <-0.98995, -1, 1.00995>,
	rgb lum * cpy_direct_light_amount
	parallel
}

light_source
{	1000 * <0.98995, 1, -1.00995>,
	rgb lum * cpy_direct_light_amount
	parallel
}

// strand 0

// nucleotide -1

// particle -1
sphere {
	<36.667980, 53.360870, 49.618942> 0.250000
	pigment { color rgbt <1,0,0,0> }
	no_shadow
}
cylinder {
	<36.507317, 53.202091, 49.949059>,  <36.410919, 53.106823, 50.147129>, 0.100000
	pigment { color rgbt <1,0,0,0> }
	no_shadow
}
cylinder {
	<36.507317, 53.202091, 49.949059>,  <36.667980, 53.360870, 49.618942>, 0.100000
	pigment { color rgbt <1,0,0,0> }
	no_shadow
}

// particle -1
sphere {
	<36.507317, 53.202091, 49.949059> 0.100000
	pigment { color rgbt <1,0,0,0> }
	no_shadow
}
sphere {
	0, 1
	scale<0.080000,0.200000,0.300000>
	matrix <0.083870, -0.913334, -0.398479,
		0.911942, -0.090834, 0.400139,
		-0.401656, -0.396950, 0.825290,
		36.386818, 53.083008, 50.196644>
	pigment { color rgbt <0,1,1,0> }
	no_shadow
}
cylinder {
	<37.103638, 52.938541, 50.146164>,  <36.667980, 53.360870, 49.618942>, 0.130000
	pigment { color rgbt <1,0,0,0> }
	no_shadow
}

// nucleotide -1

// particle -1
sphere {
	<37.103638, 52.938541, 50.146164> 0.250000
	pigment { color rgbt <1,0,0,0> }
	no_shadow
}
cylinder {
	<36.720722, 52.846493, 50.076141>,  <36.490974, 52.791264, 50.034126>, 0.100000
	pigment { color rgbt <1,0,0,0> }
	no_shadow
}
cylinder {
	<36.720722, 52.846493, 50.076141>,  <37.103638, 52.938541, 50.146164>, 0.100000
	pigment { color rgbt <1,0,0,0> }
	no_shadow
}

// particle -1
sphere {
	<36.720722, 52.846493, 50.076141> 0.100000
	pigment { color rgbt <1,0,0,0> }
	no_shadow
}
sphere {
	0, 1
	scale<0.080000,0.200000,0.300000>
	matrix <0.289117, -0.754158, -0.589624,
		0.003661, -0.615052, 0.788478,
		-0.957287, -0.230121, -0.175060,
		36.433537, 52.777458, 50.023624>
	pigment { color rgbt <0,1,1,0> }
	no_shadow
}
cylinder {
	<36.905815, 52.636555, 50.800186>,  <37.103638, 52.938541, 50.146164>, 0.130000
	pigment { color rgbt <1,0,0,0> }
	no_shadow
}

// nucleotide -1

// particle -1
sphere {
	<36.905815, 52.636555, 50.800186> 0.250000
	pigment { color rgbt <1,0,0,0> }
	no_shadow
}
cylinder {
	<36.956989, 53.011768, 50.929016>,  <36.987694, 53.236897, 51.006313>, 0.100000
	pigment { color rgbt <1,0,0,0> }
	no_shadow
}
cylinder {
	<36.956989, 53.011768, 50.929016>,  <36.905815, 52.636555, 50.800186>, 0.100000
	pigment { color rgbt <1,0,0,0> }
	no_shadow
}

// particle -1
sphere {
	<36.956989, 53.011768, 50.929016> 0.100000
	pigment { color rgbt <1,0,0,0> }
	no_shadow
}
sphere {
	0, 1
	scale<0.080000,0.200000,0.300000>
	matrix <0.766922, -0.299477, 0.567577,
		0.628859, 0.174396, -0.757708,
		0.127933, 0.938029, 0.322077,
		36.995369, 53.293179, 51.025639>
	pigment { color rgbt <0,1,1,0> }
	no_shadow
}
cylinder {
	<37.698734, 52.838760, 50.800709>,  <36.905815, 52.636555, 50.800186>, 0.130000
	pigment { color rgbt <1,0,0,0> }
	no_shadow
}

// nucleotide -1

// particle -1
sphere {
	<37.698734, 52.838760, 50.800709> 0.250000
	pigment { color rgbt <1,0,0,0> }
	no_shadow
}
cylinder {
	<37.479244, 53.044357, 51.064438>,  <37.347549, 53.167717, 51.222675>, 0.100000
	pigment { color rgbt <1,0,0,0> }
	no_shadow
}
cylinder {
	<37.479244, 53.044357, 51.064438>,  <37.698734, 52.838760, 50.800709>, 0.100000
	pigment { color rgbt <1,0,0,0> }
	no_shadow
}

// particle -1
sphere {
	<37.479244, 53.044357, 51.064438> 0.100000
	pigment { color rgbt <1,0,0,0> }
	no_shadow
}
sphere {
	0, 1
	scale<0.080000,0.200000,0.300000>
	matrix <0.645532, -0.240621, 0.724838,
		0.531210, 0.823352, -0.199766,
		-0.548729, 0.513997, 0.659321,
		37.314625, 53.198555, 51.262234>
	pigment { color rgbt <0,1,1,0> }
	no_shadow
}
cylinder {
	<38.070992, 53.532448, 51.079422>,  <37.698734, 52.838760, 50.800709>, 0.130000
	pigment { color rgbt <1,0,0,0> }
	no_shadow
}

// nucleotide -1

// particle -1
sphere {
	<38.070992, 53.532448, 51.079422> 0.250000
	pigment { color rgbt <1,0,0,0> }
	no_shadow
}
cylinder {
	<37.823601, 53.333702, 51.322933>,  <37.675167, 53.214455, 51.469040>, 0.100000
	pigment { color rgbt <1,0,0,0> }
	no_shadow
}
cylinder {
	<37.823601, 53.333702, 51.322933>,  <38.070992, 53.532448, 51.079422>, 0.100000
	pigment { color rgbt <1,0,0,0> }
	no_shadow
}

// particle -1
sphere {
	<37.823601, 53.333702, 51.322933> 0.100000
	pigment { color rgbt <1,0,0,0> }
	no_shadow
}
sphere {
	0, 1
	scale<0.080000,0.200000,0.300000>
	matrix <0.751007, -0.145747, 0.644008,
		-0.231258, 0.855501, 0.463291,
		-0.618473, -0.496866, 0.608782,
		37.638058, 53.184643, 51.505569>
	pigment { color rgbt <0,1,1,0> }
	no_shadow
}
cylinder {
	<38.247787, 53.798306, 51.779320>,  <38.070992, 53.532448, 51.079422>, 0.130000
	pigment { color rgbt <1,0,0,0> }
	no_shadow
}

// nucleotide -1

// particle -1
sphere {
	<38.247787, 53.798306, 51.779320> 0.250000
	pigment { color rgbt <1,0,0,0> }
	no_shadow
}
cylinder {
	<38.043179, 53.458820, 51.833019>,  <37.920414, 53.255127, 51.865238>, 0.100000
	pigment { color rgbt <1,0,0,0> }
	no_shadow
}
cylinder {
	<38.043179, 53.458820, 51.833019>,  <38.247787, 53.798306, 51.779320>, 0.100000
	pigment { color rgbt <1,0,0,0> }
	no_shadow
}

// particle -1
sphere {
	<38.043179, 53.458820, 51.833019> 0.100000
	pigment { color rgbt <1,0,0,0> }
	no_shadow
}
sphere {
	0, 1
	scale<0.080000,0.200000,0.300000>
	matrix <0.566633, -0.215728, 0.795228,
		-0.645964, 0.482846, 0.591262,
		-0.511524, -0.848718, 0.134244,
		37.889721, 53.204205, 51.873291>
	pigment { color rgbt <0,1,1,0> }
	no_shadow
}
cylinder {
	<38.755829, 54.386093, 52.034927>,  <38.247787, 53.798306, 51.779320>, 0.130000
	pigment { color rgbt <1,0,0,0> }
	no_shadow
}

// nucleotide -1

// particle -1
sphere {
	<38.755829, 54.386093, 52.034927> 0.250000
	pigment { color rgbt <1,0,0,0> }
	no_shadow
}
cylinder {
	<38.721943, 54.320644, 51.641777>,  <38.701611, 54.281376, 51.405888>, 0.100000
	pigment { color rgbt <1,0,0,0> }
	no_shadow
}
cylinder {
	<38.721943, 54.320644, 51.641777>,  <38.755829, 54.386093, 52.034927>, 0.100000
	pigment { color rgbt <1,0,0,0> }
	no_shadow
}

// particle -1
sphere {
	<38.721943, 54.320644, 51.641777> 0.100000
	pigment { color rgbt <1,0,0,0> }
	no_shadow
}
sphere {
	0, 1
	scale<0.080000,0.200000,0.300000>
	matrix <0.994703, 0.043757, -0.093016,
		0.058228, -0.985552, 0.159050,
		-0.084713, -0.163624, -0.982879,
		38.696529, 54.271557, 51.346912>
	pigment { color rgbt <0,1,1,0> }
	no_shadow
}
cylinder {
	<39.123432, 53.728493, 51.664284>,  <38.755829, 54.386093, 52.034927>, 0.130000
	pigment { color rgbt <1,0,0,0> }
	no_shadow
}

// nucleotide -1

// particle -1
sphere {
	<39.123432, 53.728493, 51.664284> 0.250000
	pigment { color rgbt <1,0,0,0> }
	no_shadow
}
cylinder {
	<39.105869, 54.072479, 51.460899>,  <39.095333, 54.278870, 51.338867>, 0.100000
	pigment { color rgbt <1,0,0,0> }
	no_shadow
}
cylinder {
	<39.105869, 54.072479, 51.460899>,  <39.123432, 53.728493, 51.664284>, 0.100000
	pigment { color rgbt <1,0,0,0> }
	no_shadow
}

// particle -1
sphere {
	<39.105869, 54.072479, 51.460899> 0.100000
	pigment { color rgbt <1,0,0,0> }
	no_shadow
}
sphere {
	0, 1
	scale<0.080000,0.200000,0.300000>
	matrix <0.999014, 0.034416, -0.028059,
		-0.006630, -0.509194, -0.860626,
		-0.043907, 0.859963, -0.508464,
		39.092697, 54.330467, 51.308361>
	pigment { color rgbt <0,1,1,0> }
	no_shadow
}
cylinder {
	<39.519348, 53.693813, 51.031410>,  <39.123432, 53.728493, 51.664284>, 0.130000
	pigment { color rgbt <1,0,0,0> }
	no_shadow
}

// nucleotide -1

// particle -1
sphere {
	<39.519348, 53.693813, 51.031410> 0.250000
	pigment { color rgbt <1,0,0,0> }
	no_shadow
}
cylinder {
	<39.512787, 54.071918, 51.161766>,  <39.508850, 54.298782, 51.239979>, 0.100000
	pigment { color rgbt <1,0,0,0> }
	no_shadow
}
cylinder {
	<39.512787, 54.071918, 51.161766>,  <39.519348, 53.693813, 51.031410>, 0.100000
	pigment { color rgbt <1,0,0,0> }
	no_shadow
}

// particle -1
sphere {
	<39.512787, 54.071918, 51.161766> 0.100000
	pigment { color rgbt <1,0,0,0> }
	no_shadow
}
sphere {
	0, 1
	scale<0.080000,0.200000,0.300000>
	matrix <0.987945, 0.065501, -0.140264,
		-0.153933, 0.319663, -0.934944,
		-0.016403, 0.945265, 0.325892,
		39.507866, 54.355499, 51.259533>
	pigment { color rgbt <0,1,1,0> }
	no_shadow
}
cylinder {
	<39.792282, 54.128429, 50.545261>,  <39.519348, 53.693813, 51.031410>, 0.130000
	pigment { color rgbt <1,0,0,0> }
	no_shadow
}

// nucleotide -1

// particle -1
sphere {
	<39.792282, 54.128429, 50.545261> 0.250000
	pigment { color rgbt <1,0,0,0> }
	no_shadow
}
cylinder {
	<39.867184, 54.292118, 50.902466>,  <39.912125, 54.390331, 51.116787>, 0.100000
	pigment { color rgbt <1,0,0,0> }
	no_shadow
}
cylinder {
	<39.867184, 54.292118, 50.902466>,  <39.792282, 54.128429, 50.545261>, 0.100000
	pigment { color rgbt <1,0,0,0> }
	no_shadow
}

// particle -1
sphere {
	<39.867184, 54.292118, 50.902466> 0.100000
	pigment { color rgbt <1,0,0,0> }
	no_shadow
}
sphere {
	0, 1
	scale<0.080000,0.200000,0.300000>
	matrix <0.973433, 0.044644, -0.224579,
		-0.131771, 0.911341, -0.389991,
		0.187258, 0.409223, 0.893012,
		39.923363, 54.414886, 51.170368>
	pigment { color rgbt <0,1,1,0> }
	no_shadow
}
cylinder {
	<40.133965, 54.846466, 50.515690>,  <39.792282, 54.128429, 50.545261>, 0.130000
	pigment { color rgbt <1,0,0,0> }
	no_shadow
}

// nucleotide -1

// particle -1
sphere {
	<40.133965, 54.846466, 50.515690> 0.250000
	pigment { color rgbt <1,0,0,0> }
	no_shadow
}
cylinder {
	<40.240364, 54.605507, 50.816719>,  <40.304203, 54.460930, 50.997337>, 0.100000
	pigment { color rgbt <1,0,0,0> }
	no_shadow
}
cylinder {
	<40.240364, 54.605507, 50.816719>,  <40.133965, 54.846466, 50.515690>, 0.100000
	pigment { color rgbt <1,0,0,0> }
	no_shadow
}

// particle -1
sphere {
	<40.240364, 54.605507, 50.816719> 0.100000
	pigment { color rgbt <1,0,0,0> }
	no_shadow
}
sphere {
	0, 1
	scale<0.080000,0.200000,0.300000>
	matrix <0.962443, 0.209942, -0.172126,
		-0.054308, 0.770093, 0.635616,
		0.265995, -0.602397, 0.752572,
		40.320164, 54.424789, 51.042492>
	pigment { color rgbt <0,1,1,0> }
	no_shadow
}
cylinder {
	<40.471619, 55.201561, 51.011829>,  <40.133965, 54.846466, 50.515690>, 0.130000
	pigment { color rgbt <1,0,0,0> }
	no_shadow
}

// nucleotide -1

// particle -1
sphere {
	<40.471619, 55.201561, 51.011829> 0.250000
	pigment { color rgbt <1,0,0,0> }
	no_shadow
}
cylinder {
	<40.599705, 54.826069, 51.062813>,  <40.676556, 54.600773, 51.093403>, 0.100000
	pigment { color rgbt <1,0,0,0> }
	no_shadow
}
cylinder {
	<40.599705, 54.826069, 51.062813>,  <40.471619, 55.201561, 51.011829>, 0.100000
	pigment { color rgbt <1,0,0,0> }
	no_shadow
}

// particle -1
sphere {
	<40.599705, 54.826069, 51.062813> 0.100000
	pigment { color rgbt <1,0,0,0> }
	no_shadow
}
sphere {
	0, 1
	scale<0.080000,0.200000,0.300000>
	matrix <0.940729, 0.330963, 0.074105,
		-0.111749, 0.096173, 0.989072,
		0.320220, -0.938730, 0.127458,
		40.695770, 54.544449, 51.101051>
	pigment { color rgbt <0,1,1,0> }
	no_shadow
}
cylinder {
	<40.833084, 55.123291, 51.685776>,  <40.471619, 55.201561, 51.011829>, 0.130000
	pigment { color rgbt <1,0,0,0> }
	no_shadow
}

// nucleotide -1

// particle -1
sphere {
	<40.833084, 55.123291, 51.685776> 0.250000
	pigment { color rgbt <1,0,0,0> }
	no_shadow
}
cylinder {
	<40.985386, 54.901539, 51.389751>,  <41.076767, 54.768486, 51.212135>, 0.100000
	pigment { color rgbt <1,0,0,0> }
	no_shadow
}
cylinder {
	<40.985386, 54.901539, 51.389751>,  <40.833084, 55.123291, 51.685776>, 0.100000
	pigment { color rgbt <1,0,0,0> }
	no_shadow
}

// particle -1
sphere {
	<40.985386, 54.901539, 51.389751> 0.100000
	pigment { color rgbt <1,0,0,0> }
	no_shadow
}
sphere {
	0, 1
	scale<0.080000,0.200000,0.300000>
	matrix <0.894228, 0.424453, 0.142112,
		0.235337, -0.715893, 0.657354,
		0.380753, -0.554380, -0.740061,
		41.099613, 54.735226, 51.167732>
	pigment { color rgbt <0,1,1,0> }
	no_shadow
}
cylinder {
	<41.508202, 54.948391, 51.926910>,  <40.833084, 55.123291, 51.685776>, 0.130000
	pigment { color rgbt <1,0,0,0> }
	no_shadow
}

// nucleotide -1

// particle -1
sphere {
	<41.508202, 54.948391, 51.926910> 0.250000
	pigment { color rgbt <1,0,0,0> }
	no_shadow
}
cylinder {
	<41.565495, 54.880478, 51.536903>,  <41.599869, 54.839729, 51.302898>, 0.100000
	pigment { color rgbt <1,0,0,0> }
	no_shadow
}
cylinder {
	<41.565495, 54.880478, 51.536903>,  <41.508202, 54.948391, 51.926910>, 0.100000
	pigment { color rgbt <1,0,0,0> }
	no_shadow
}

// particle -1
sphere {
	<41.565495, 54.880478, 51.536903> 0.100000
	pigment { color rgbt <1,0,0,0> }
	no_shadow
}
sphere {
	0, 1
	scale<0.080000,0.200000,0.300000>
	matrix <0.981758, 0.148854, 0.118298,
		0.125050, -0.974175, 0.188007,
		0.143228, -0.169784, -0.975017,
		41.608463, 54.829544, 51.244400>
	pigment { color rgbt <0,1,1,0> }
	no_shadow
}
cylinder {
	<41.936085, 54.314884, 51.773083>,  <41.508202, 54.948391, 51.926910>, 0.130000
	pigment { color rgbt <1,0,0,0> }
	no_shadow
}

// nucleotide -1

// particle -1
sphere {
	<41.936085, 54.314884, 51.773083> 0.250000
	pigment { color rgbt <1,0,0,0> }
	no_shadow
}
cylinder {
	<41.975681, 54.561218, 51.460430>,  <41.999439, 54.709019, 51.272839>, 0.100000
	pigment { color rgbt <1,0,0,0> }
	no_shadow
}
cylinder {
	<41.975681, 54.561218, 51.460430>,  <41.936085, 54.314884, 51.773083>, 0.100000
	pigment { color rgbt <1,0,0,0> }
	no_shadow
}

// particle -1
sphere {
	<41.975681, 54.561218, 51.460430> 0.100000
	pigment { color rgbt <1,0,0,0> }
	no_shadow
}
sphere {
	0, 1
	scale<0.080000,0.200000,0.300000>
	matrix <0.985934, 0.045600, 0.160794,
		0.134665, -0.786553, -0.602660,
		0.098992, 0.615837, -0.781630,
		42.005379, 54.745968, 51.225941>
	pigment { color rgbt <0,1,1,0> }
	no_shadow
}
cylinder {
	<42.534142, 54.048439, 51.243568>,  <41.936085, 54.314884, 51.773083>, 0.130000
	pigment { color rgbt <1,0,0,0> }
	no_shadow
}

// nucleotide -1

// particle -1
sphere {
	<42.534142, 54.048439, 51.243568> 0.250000
	pigment { color rgbt <1,0,0,0> }
	no_shadow
}
cylinder {
	<42.464882, 54.441914, 51.263100>,  <42.423328, 54.677998, 51.274818>, 0.100000
	pigment { color rgbt <1,0,0,0> }
	no_shadow
}
cylinder {
	<42.464882, 54.441914, 51.263100>,  <42.534142, 54.048439, 51.243568>, 0.100000
	pigment { color rgbt <1,0,0,0> }
	no_shadow
}

// particle -1
sphere {
	<42.464882, 54.441914, 51.263100> 0.100000
	pigment { color rgbt <1,0,0,0> }
	no_shadow
}
sphere {
	0, 1
	scale<0.080000,0.200000,0.300000>
	matrix <0.927099, 0.146053, 0.345189,
		0.332427, 0.105033, -0.937262,
		-0.173146, 0.983685, 0.048824,
		42.412937, 54.737019, 51.277748>
	pigment { color rgbt <0,1,1,0> }
	no_shadow
}
cylinder {
	<42.990868, 54.176594, 50.711304>,  <42.534142, 54.048439, 51.243568>, 0.130000
	pigment { color rgbt <1,0,0,0> }
	no_shadow
}

// nucleotide -1

// particle -1
sphere {
	<42.990868, 54.176594, 50.711304> 0.250000
	pigment { color rgbt <1,0,0,0> }
	no_shadow
}
cylinder {
	<43.370110, 54.211754, 50.589073>,  <43.597652, 54.232849, 50.515736>, 0.100000
	pigment { color rgbt <1,0,0,0> }
	no_shadow
}
cylinder {
	<43.370110, 54.211754, 50.589073>,  <42.990868, 54.176594, 50.711304>, 0.100000
	pigment { color rgbt <1,0,0,0> }
	no_shadow
}

// particle -1
sphere {
	<43.370110, 54.211754, 50.589073> 0.100000
	pigment { color rgbt <1,0,0,0> }
	no_shadow
}
sphere {
	0, 1
	scale<0.080000,0.200000,0.300000>
	matrix <-0.239291, 0.830104, -0.503654,
		0.209392, 0.550638, 0.808055,
		0.948101, 0.087899, -0.305580,
		43.654541, 54.238125, 50.497398>
	pigment { color rgbt <0,1,1,0> }
	no_shadow
}
cylinder {
	<43.224522, 54.816387, 51.017330>,  <42.990868, 54.176594, 50.711304>, 0.130000
	pigment { color rgbt <1,0,0,0> }
	no_shadow
}

// nucleotide -1

// particle -1
sphere {
	<43.224522, 54.816387, 51.017330> 0.250000
	pigment { color rgbt <1,0,0,0> }
	no_shadow
}
cylinder {
	<43.332382, 54.722145, 50.643852>,  <43.397099, 54.665600, 50.419765>, 0.100000
	pigment { color rgbt <1,0,0,0> }
	no_shadow
}
cylinder {
	<43.332382, 54.722145, 50.643852>,  <43.224522, 54.816387, 51.017330>, 0.100000
	pigment { color rgbt <1,0,0,0> }
	no_shadow
}

// particle -1
sphere {
	<43.332382, 54.722145, 50.643852> 0.100000
	pigment { color rgbt <1,0,0,0> }
	no_shadow
}
sphere {
	0, 1
	scale<0.080000,0.200000,0.300000>
	matrix <-0.348104, 0.880187, -0.322637,
		0.897838, 0.412020, 0.155327,
		0.269650, -0.235606, -0.933691,
		43.413277, 54.651463, 50.363747>
	pigment { color rgbt <0,1,1,0> }
	no_shadow
}
cylinder {
	<43.513241, 55.322598, 51.414364>,  <43.224522, 54.816387, 51.017330>, 0.130000
	pigment { color rgbt <1,0,0,0> }
	no_shadow
}

// nucleotide -1

// particle -1
sphere {
	<43.513241, 55.322598, 51.414364> 0.250000
	pigment { color rgbt <1,0,0,0> }
	no_shadow
}
cylinder {
	<43.382446, 55.691093, 51.330086>,  <43.303970, 55.912193, 51.279518>, 0.100000
	pigment { color rgbt <1,0,0,0> }
	no_shadow
}
cylinder {
	<43.382446, 55.691093, 51.330086>,  <43.513241, 55.322598, 51.414364>, 0.100000
	pigment { color rgbt <1,0,0,0> }
	no_shadow
}

// particle -1
sphere {
	<43.382446, 55.691093, 51.330086> 0.100000
	pigment { color rgbt <1,0,0,0> }
	no_shadow
}
sphere {
	0, 1
	scale<0.080000,0.200000,0.300000>
	matrix <-0.908042, -0.244514, 0.340106,
		0.261803, 0.302528, 0.916480,
		-0.326984, 0.921244, -0.210693,
		43.284351, 55.967468, 51.266876>
	pigment { color rgbt <0,1,1,0> }
	no_shadow
}
cylinder {
	<43.311924, 55.701473, 52.091423>,  <43.513241, 55.322598, 51.414364>, 0.130000
	pigment { color rgbt <1,0,0,0> }
	no_shadow
}

// nucleotide -1

// particle -1
sphere {
	<43.311924, 55.701473, 52.091423> 0.250000
	pigment { color rgbt <1,0,0,0> }
	no_shadow
}
cylinder {
	<43.128880, 55.731461, 51.737030>,  <43.019051, 55.749454, 51.524395>, 0.100000
	pigment { color rgbt <1,0,0,0> }
	no_shadow
}
cylinder {
	<43.128880, 55.731461, 51.737030>,  <43.311924, 55.701473, 52.091423>, 0.100000
	pigment { color rgbt <1,0,0,0> }
	no_shadow
}

// particle -1
sphere {
	<43.128880, 55.731461, 51.737030> 0.100000
	pigment { color rgbt <1,0,0,0> }
	no_shadow
}
sphere {
	0, 1
	scale<0.080000,0.200000,0.300000>
	matrix <-0.747945, -0.571272, 0.337974,
		-0.480800, 0.817330, 0.317496,
		-0.457613, 0.074971, -0.885985,
		42.991596, 55.753952, 51.471233>
	pigment { color rgbt <0,1,1,0> }
	no_shadow
}
cylinder {
	<43.787777, 55.279163, 52.530823>,  <43.311924, 55.701473, 52.091423>, 0.130000
	pigment { color rgbt <1,0,0,0> }
	no_shadow
}

// nucleotide -1

// particle -1
sphere {
	<43.787777, 55.279163, 52.530823> 0.250000
	pigment { color rgbt <1,0,0,0> }
	no_shadow
}
cylinder {
	<43.595390, 54.951038, 52.654598>,  <43.479958, 54.754162, 52.728863>, 0.100000
	pigment { color rgbt <1,0,0,0> }
	no_shadow
}
cylinder {
	<43.595390, 54.951038, 52.654598>,  <43.787777, 55.279163, 52.530823>, 0.100000
	pigment { color rgbt <1,0,0,0> }
	no_shadow
}

// particle -1
sphere {
	<43.595390, 54.951038, 52.654598> 0.100000
	pigment { color rgbt <1,0,0,0> }
	no_shadow
}
sphere {
	0, 1
	scale<0.080000,0.200000,0.300000>
	matrix <0.682428, -0.571858, -0.455270,
		0.550421, -0.007799, 0.834851,
		-0.480967, -0.820315, 0.309440,
		43.451099, 54.704945, 52.747429>
	pigment { color rgbt <0,1,1,0> }
	no_shadow
}
cylinder {
	<44.256199, 54.839176, 52.835407>,  <43.787777, 55.279163, 52.530823>, 0.130000
	pigment { color rgbt <1,0,0,0> }
	no_shadow
}

// nucleotide -1

// particle -1
sphere {
	<44.256199, 54.839176, 52.835407> 0.250000
	pigment { color rgbt <1,0,0,0> }
	no_shadow
}
cylinder {
	<43.944813, 54.618252, 52.716114>,  <43.757980, 54.485695, 52.644539>, 0.100000
	pigment { color rgbt <1,0,0,0> }
	no_shadow
}
cylinder {
	<43.944813, 54.618252, 52.716114>,  <44.256199, 54.839176, 52.835407>, 0.100000
	pigment { color rgbt <1,0,0,0> }
	no_shadow
}

// particle -1
sphere {
	<43.944813, 54.618252, 52.716114> 0.100000
	pigment { color rgbt <1,0,0,0> }
	no_shadow
}
sphere {
	0, 1
	scale<0.080000,0.200000,0.300000>
	matrix <0.625598, -0.643957, -0.440392,
		0.051187, -0.529403, 0.846825,
		-0.778464, -0.552315, -0.298231,
		43.711273, 54.452557, 52.626644>
	pigment { color rgbt <0,1,1,0> }
	no_shadow
}
cylinder {
	<44.367580, 54.193726, 53.009815>,  <44.256199, 54.839176, 52.835407>, 0.130000
	pigment { color rgbt <1,0,0,0> }
	no_shadow
}

// nucleotide -1

// particle -1
sphere {
	<44.367580, 54.193726, 53.009815> 0.250000
	pigment { color rgbt <1,0,0,0> }
	no_shadow
}
cylinder {
	<44.176121, 54.230759, 52.660572>,  <44.061245, 54.252979, 52.451027>, 0.100000
	pigment { color rgbt <1,0,0,0> }
	no_shadow
}
cylinder {
	<44.176121, 54.230759, 52.660572>,  <44.367580, 54.193726, 53.009815>, 0.100000
	pigment { color rgbt <1,0,0,0> }
	no_shadow
}

// particle -1
sphere {
	<44.176121, 54.230759, 52.660572> 0.100000
	pigment { color rgbt <1,0,0,0> }
	no_shadow
}
sphere {
	0, 1
	scale<0.080000,0.200000,0.300000>
	matrix <0.742213, -0.488583, -0.458701,
		-0.469054, -0.867592, 0.165146,
		-0.478653, 0.092582, -0.873109,
		44.032524, 54.258533, 52.398640>
	pigment { color rgbt <0,1,1,0> }
	no_shadow
}
cylinder {
	<44.844063, 54.094032, 53.484463>,  <44.367580, 54.193726, 53.009815>, 0.130000
	pigment { color rgbt <1,0,0,0> }
	no_shadow
}

// nucleotide -1

// particle -1
sphere {
	<44.844063, 54.094032, 53.484463> 0.250000
	pigment { color rgbt <1,0,0,0> }
	no_shadow
}
cylinder {
	<45.020649, 54.149994, 53.129940>,  <45.126598, 54.183571, 52.917225>, 0.100000
	pigment { color rgbt <1,0,0,0> }
	no_shadow
}
cylinder {
	<45.020649, 54.149994, 53.129940>,  <44.844063, 54.094032, 53.484463>, 0.100000
	pigment { color rgbt <1,0,0,0> }
	no_shadow
}

// particle -1
sphere {
	<45.020649, 54.149994, 53.129940> 0.100000
	pigment { color rgbt <1,0,0,0> }
	no_shadow
}
sphere {
	0, 1
	scale<0.080000,0.200000,0.300000>
	matrix <0.709549, 0.550190, 0.440263,
		0.549242, -0.823233, 0.143597,
		0.441444, 0.139922, -0.886312,
		45.153088, 54.191967, 52.864048>
	pigment { color rgbt <0,1,1,0> }
	no_shadow
}
cylinder {
	<45.610443, 53.928406, 53.550858>,  <44.844063, 54.094032, 53.484463>, 0.130000
	pigment { color rgbt <1,0,0,0> }
	no_shadow
}

// nucleotide -1

// particle -1
sphere {
	<45.610443, 53.928406, 53.550858> 0.250000
	pigment { color rgbt <1,0,0,0> }
	no_shadow
}
cylinder {
	<45.501511, 54.196236, 53.274452>,  <45.436150, 54.356934, 53.108608>, 0.100000
	pigment { color rgbt <1,0,0,0> }
	no_shadow
}
cylinder {
	<45.501511, 54.196236, 53.274452>,  <45.610443, 53.928406, 53.550858>, 0.100000
	pigment { color rgbt <1,0,0,0> }
	no_shadow
}

// particle -1
sphere {
	<45.501511, 54.196236, 53.274452> 0.100000
	pigment { color rgbt <1,0,0,0> }
	no_shadow
}
sphere {
	0, 1
	scale<0.080000,0.200000,0.300000>
	matrix <0.683950, 0.639844, 0.350446,
		0.676793, -0.377183, -0.632206,
		-0.272331, 0.669577, -0.691016,
		45.419811, 54.397110, 53.067146>
	pigment { color rgbt <0,1,1,0> }
	no_shadow
}
cylinder {
	<45.244247, 54.203869, 54.110523>,  <45.610443, 53.928406, 53.550858>, 0.130000
	pigment { color rgbt <1,0,0,0> }
	no_shadow
}

// nucleotide -1

// particle -1
sphere {
	<45.244247, 54.203869, 54.110523> 0.250000
	pigment { color rgbt <1,0,0,0> }
	no_shadow
}
cylinder {
	<45.005112, 54.402790, 54.362003>,  <44.861629, 54.522144, 54.512894>, 0.100000
	pigment { color rgbt <1,0,0,0> }
	no_shadow
}
cylinder {
	<45.005112, 54.402790, 54.362003>,  <45.244247, 54.203869, 54.110523>, 0.100000
	pigment { color rgbt <1,0,0,0> }
	no_shadow
}

// particle -1
sphere {
	<45.005112, 54.402790, 54.362003> 0.100000
	pigment { color rgbt <1,0,0,0> }
	no_shadow
}
sphere {
	0, 1
	scale<0.080000,0.200000,0.300000>
	matrix <0.699130, 0.707179, 0.105431,
		-0.392174, 0.502577, -0.770464,
		-0.597843, 0.497307, 0.628704,
		44.825760, 54.551983, 54.550613>
	pigment { color rgbt <0,1,1,0> }
	no_shadow
}
cylinder {
	<45.246693, 54.989582, 53.945038>,  <45.244247, 54.203869, 54.110523>, 0.130000
	pigment { color rgbt <1,0,0,0> }
	no_shadow
}

// nucleotide -1

// particle -1
sphere {
	<45.246693, 54.989582, 53.945038> 0.250000
	pigment { color rgbt <1,0,0,0> }
	no_shadow
}
cylinder {
	<45.158680, 54.963913, 54.334389>,  <45.105873, 54.948513, 54.568001>, 0.100000
	pigment { color rgbt <1,0,0,0> }
	no_shadow
}
cylinder {
	<45.158680, 54.963913, 54.334389>,  <45.246693, 54.989582, 53.945038>, 0.100000
	pigment { color rgbt <1,0,0,0> }
	no_shadow
}

// particle -1
sphere {
	<45.158680, 54.963913, 54.334389> 0.100000
	pigment { color rgbt <1,0,0,0> }
	no_shadow
}
sphere {
	0, 1
	scale<0.080000,0.200000,0.300000>
	matrix <0.813048, 0.539298, 0.219343,
		-0.539018, 0.839666, -0.066487,
		-0.220031, -0.064172, 0.973380,
		45.092670, 54.944660, 54.626404>
	pigment { color rgbt <0,1,1,0> }
	no_shadow
}
cylinder {
	<45.126053, 55.665474, 54.203255>,  <45.246693, 54.989582, 53.945038>, 0.130000
	pigment { color rgbt <1,0,0,0> }
	no_shadow
}

// nucleotide -1

// particle -1
sphere {
	<45.126053, 55.665474, 54.203255> 0.250000
	pigment { color rgbt <1,0,0,0> }
	no_shadow
}
cylinder {
	<45.255390, 55.422691, 54.493645>,  <45.332993, 55.277020, 54.667881>, 0.100000
	pigment { color rgbt <1,0,0,0> }
	no_shadow
}
cylinder {
	<45.255390, 55.422691, 54.493645>,  <45.126053, 55.665474, 54.203255>, 0.100000
	pigment { color rgbt <1,0,0,0> }
	no_shadow
}

// particle -1
sphere {
	<45.255390, 55.422691, 54.493645> 0.100000
	pigment { color rgbt <1,0,0,0> }
	no_shadow
}
sphere {
	0, 1
	scale<0.080000,0.200000,0.300000>
	matrix <0.813896, 0.569749, 0.113837,
		-0.482720, 0.554062, 0.678230,
		0.323348, -0.606961, 0.725979,
		45.352394, 55.240604, 54.711437>
	pigment { color rgbt <0,1,1,0> }
	no_shadow
}
cylinder {
	<45.400795, 55.975559, 54.799946>,  <45.126053, 55.665474, 54.203255>, 0.130000
	pigment { color rgbt <1,0,0,0> }
	no_shadow
}

// nucleotide -1

// particle -1
sphere {
	<45.400795, 55.975559, 54.799946> 0.250000
	pigment { color rgbt <1,0,0,0> }
	no_shadow
}
cylinder {
	<45.622818, 55.644676, 54.834911>,  <45.756031, 55.446148, 54.855892>, 0.100000
	pigment { color rgbt <1,0,0,0> }
	no_shadow
}
cylinder {
	<45.622818, 55.644676, 54.834911>,  <45.400795, 55.975559, 54.799946>, 0.100000
	pigment { color rgbt <1,0,0,0> }
	no_shadow
}

// particle -1
sphere {
	<45.622818, 55.644676, 54.834911> 0.100000
	pigment { color rgbt <1,0,0,0> }
	no_shadow
}
sphere {
	0, 1
	scale<0.080000,0.200000,0.300000>
	matrix <0.810644, 0.561497, 0.166066,
		-0.186455, -0.021311, 0.982232,
		0.555059, -0.827204, 0.087418,
		45.789337, 55.396515, 54.861137>
	pigment { color rgbt <0,1,1,0> }
	no_shadow
}
cylinder {
	<45.738010, 55.703445, 55.455524>,  <45.400795, 55.975559, 54.799946>, 0.130000
	pigment { color rgbt <1,0,0,0> }
	no_shadow
}

// nucleotide -1

// particle -1
sphere {
	<45.738010, 55.703445, 55.455524> 0.250000
	pigment { color rgbt <1,0,0,0> }
	no_shadow
}
cylinder {
	<45.985668, 55.623501, 55.151756>,  <46.134262, 55.575535, 54.969498>, 0.100000
	pigment { color rgbt <1,0,0,0> }
	no_shadow
}
cylinder {
	<45.985668, 55.623501, 55.151756>,  <45.738010, 55.703445, 55.455524>, 0.100000
	pigment { color rgbt <1,0,0,0> }
	no_shadow
}

// particle -1
sphere {
	<45.985668, 55.623501, 55.151756> 0.100000
	pigment { color rgbt <1,0,0,0> }
	no_shadow
}
sphere {
	0, 1
	scale<0.080000,0.200000,0.300000>
	matrix <0.702713, 0.572658, 0.422205,
		0.350504, -0.795059, 0.495002,
		0.619145, -0.199860, -0.759418,
		46.171413, 55.563541, 54.923931>
	pigment { color rgbt <0,1,1,0> }
	no_shadow
}
cylinder {
	<46.405334, 55.386433, 55.739841>,  <45.738010, 55.703445, 55.455524>, 0.130000
	pigment { color rgbt <1,0,0,0> }
	no_shadow
}

// nucleotide -1

// particle -1
sphere {
	<46.405334, 55.386433, 55.739841> 0.250000
	pigment { color rgbt <1,0,0,0> }
	no_shadow
}
cylinder {
	<46.451530, 55.588974, 55.398018>,  <46.479248, 55.710499, 55.192924>, 0.100000
	pigment { color rgbt <1,0,0,0> }
	no_shadow
}
cylinder {
	<46.451530, 55.588974, 55.398018>,  <46.405334, 55.386433, 55.739841>, 0.100000
	pigment { color rgbt <1,0,0,0> }
	no_shadow
}

// particle -1
sphere {
	<46.451530, 55.588974, 55.398018> 0.100000
	pigment { color rgbt <1,0,0,0> }
	no_shadow
}
sphere {
	0, 1
	scale<0.080000,0.200000,0.300000>
	matrix <0.665142, 0.599534, 0.445136,
		0.737732, -0.619808, -0.267562,
		0.115486, 0.506358, -0.854555,
		46.486176, 55.740883, 55.141651>
	pigment { color rgbt <0,1,1,0> }
	no_shadow
}
cylinder {
	<47.069725, 55.333313, 55.396202>,  <46.405334, 55.386433, 55.739841>, 0.130000
	pigment { color rgbt <1,0,0,0> }
	no_shadow
}

// nucleotide -1

// particle -1
sphere {
	<47.069725, 55.333313, 55.396202> 0.250000
	pigment { color rgbt <1,0,0,0> }
	no_shadow
}
cylinder {
	<46.879189, 55.683990, 55.369339>,  <46.764866, 55.894398, 55.353222>, 0.100000
	pigment { color rgbt <1,0,0,0> }
	no_shadow
}
cylinder {
	<46.879189, 55.683990, 55.369339>,  <47.069725, 55.333313, 55.396202>, 0.100000
	pigment { color rgbt <1,0,0,0> }
	no_shadow
}

// particle -1
sphere {
	<46.879189, 55.683990, 55.369339> 0.100000
	pigment { color rgbt <1,0,0,0> }
	no_shadow
}
sphere {
	0, 1
	scale<0.080000,0.200000,0.300000>
	matrix <0.737910, 0.440131, 0.511638,
		0.478104, 0.194164, -0.856573,
		-0.476346, 0.876690, -0.067154,
		46.736286, 55.946999, 55.349194>
	pigment { color rgbt <0,1,1,0> }
	no_shadow
}
cylinder {
	<47.703934, 55.852154, 55.379726>,  <47.069725, 55.333313, 55.396202>, 0.130000
	pigment { color rgbt <1,0,0,0> }
	no_shadow
}

// nucleotide -1

// particle -1
sphere {
	<47.703934, 55.852154, 55.379726> 0.250000
	pigment { color rgbt <1,0,0,0> }
	no_shadow
}
cylinder {
	<47.365131, 56.006824, 55.525635>,  <47.161850, 56.099628, 55.613178>, 0.100000
	pigment { color rgbt <1,0,0,0> }
	no_shadow
}
cylinder {
	<47.365131, 56.006824, 55.525635>,  <47.703934, 55.852154, 55.379726>, 0.100000
	pigment { color rgbt <1,0,0,0> }
	no_shadow
}

// particle -1
sphere {
	<47.365131, 56.006824, 55.525635> 0.100000
	pigment { color rgbt <1,0,0,0> }
	no_shadow
}
sphere {
	0, 1
	scale<0.080000,0.200000,0.300000>
	matrix <0.507245, 0.382697, 0.772169,
		0.158983, 0.839062, -0.520288,
		-0.847010, 0.386676, 0.364768,
		47.111027, 56.122826, 55.635063>
	pigment { color rgbt <0,1,1,0> }
	no_shadow
}
cylinder {
	<47.768253, 56.595253, 55.516663>,  <47.703934, 55.852154, 55.379726>, 0.130000
	pigment { color rgbt <1,0,0,0> }
	no_shadow
}

// nucleotide -1

// particle -1
sphere {
	<47.768253, 56.595253, 55.516663> 0.250000
	pigment { color rgbt <1,0,0,0> }
	no_shadow
}
cylinder {
	<47.526798, 56.388996, 55.759888>,  <47.381927, 56.265244, 55.905823>, 0.100000
	pigment { color rgbt <1,0,0,0> }
	no_shadow
}
cylinder {
	<47.526798, 56.388996, 55.759888>,  <47.768253, 56.595253, 55.516663>, 0.100000
	pigment { color rgbt <1,0,0,0> }
	no_shadow
}

// particle -1
sphere {
	<47.526798, 56.388996, 55.759888> 0.100000
	pigment { color rgbt <1,0,0,0> }
	no_shadow
}
sphere {
	0, 1
	scale<0.080000,0.200000,0.300000>
	matrix <0.519700, 0.323890, 0.790574,
		-0.604598, 0.793227, 0.072467,
		-0.603634, -0.515640, 0.608064,
		47.345707, 56.234303, 55.942307>
	pigment { color rgbt <0,1,1,0> }
	no_shadow
}
cylinder {
	<47.837162, 56.860386, 54.854183>,  <47.768253, 56.595253, 55.516663>, 0.130000
	pigment { color rgbt <1,0,0,0> }
	no_shadow
}

// nucleotide -1

// particle -1
sphere {
	<47.837162, 56.860386, 54.854183> 0.250000
	pigment { color rgbt <1,0,0,0> }
	no_shadow
}
cylinder {
	<47.873878, 57.021572, 54.489944>,  <47.895908, 57.118286, 54.271400>, 0.100000
	pigment { color rgbt <1,0,0,0> }
	no_shadow
}
cylinder {
	<47.873878, 57.021572, 54.489944>,  <47.837162, 56.860386, 54.854183>, 0.100000
	pigment { color rgbt <1,0,0,0> }
	no_shadow
}

// particle -1
sphere {
	<47.873878, 57.021572, 54.489944> 0.100000
	pigment { color rgbt <1,0,0,0> }
	no_shadow
}
sphere {
	0, 1
	scale<0.080000,0.200000,0.300000>
	matrix <0.818638, -0.551167, -0.161390,
		-0.566928, -0.730637, -0.380476,
		0.091788, 0.402968, -0.910600,
		47.901417, 57.142464, 54.216766>
	pigment { color rgbt <0,1,1,0> }
	no_shadow
}
cylinder {
	<47.831409, 56.383152, 54.374920>,  <47.837162, 56.860386, 54.854183>, 0.130000
	pigment { color rgbt <1,0,0,0> }
	no_shadow
}

// nucleotide -1

// particle -1
sphere {
	<47.831409, 56.383152, 54.374920> 0.250000
	pigment { color rgbt <1,0,0,0> }
	no_shadow
}
cylinder {
	<48.051083, 56.693451, 54.250591>,  <48.182888, 56.879631, 54.175995>, 0.100000
	pigment { color rgbt <1,0,0,0> }
	no_shadow
}
cylinder {
	<48.051083, 56.693451, 54.250591>,  <47.831409, 56.383152, 54.374920>, 0.100000
	pigment { color rgbt <1,0,0,0> }
	no_shadow
}

// particle -1
sphere {
	<48.051083, 56.693451, 54.250591> 0.100000
	pigment { color rgbt <1,0,0,0> }
	no_shadow
}
sphere {
	0, 1
	scale<0.080000,0.200000,0.300000>
	matrix <0.808433, -0.587387, -0.037594,
		-0.211737, -0.230634, -0.949724,
		0.549185, 0.775748, -0.310823,
		48.215839, 56.926174, 54.157345>
	pigment { color rgbt <0,1,1,0> }
	no_shadow
}
cylinder {
	<48.299515, 56.113293, 53.884232>,  <47.831409, 56.383152, 54.374920>, 0.130000
	pigment { color rgbt <1,0,0,0> }
	no_shadow
}

// nucleotide -1

// particle -1
sphere {
	<48.299515, 56.113293, 53.884232> 0.250000
	pigment { color rgbt <1,0,0,0> }
	no_shadow
}
cylinder {
	<48.469334, 56.434742, 54.051064>,  <48.571224, 56.627609, 54.151161>, 0.100000
	pigment { color rgbt <1,0,0,0> }
	no_shadow
}
cylinder {
	<48.469334, 56.434742, 54.051064>,  <48.299515, 56.113293, 53.884232>, 0.100000
	pigment { color rgbt <1,0,0,0> }
	no_shadow
}

// particle -1
sphere {
	<48.469334, 56.434742, 54.051064> 0.100000
	pigment { color rgbt <1,0,0,0> }
	no_shadow
}
sphere {
	0, 1
	scale<0.080000,0.200000,0.300000>
	matrix <0.844923, -0.517188, 0.136460,
		0.325370, 0.294465, -0.898568,
		0.424546, 0.803621, 0.417078,
		48.596699, 56.675827, 54.176186>
	pigment { color rgbt <0,1,1,0> }
	no_shadow
}
cylinder {
	<48.968452, 56.408905, 53.546120>,  <48.299515, 56.113293, 53.884232>, 0.130000
	pigment { color rgbt <1,0,0,0> }
	no_shadow
}

// nucleotide -1

// particle -1
sphere {
	<48.968452, 56.408905, 53.546120> 0.250000
	pigment { color rgbt <1,0,0,0> }
	no_shadow
}
cylinder {
	<48.969257, 56.405613, 53.946106>,  <48.969742, 56.403637, 54.186096>, 0.100000
	pigment { color rgbt <1,0,0,0> }
	no_shadow
}
cylinder {
	<48.969257, 56.405613, 53.946106>,  <48.968452, 56.408905, 53.546120>, 0.100000
	pigment { color rgbt <1,0,0,0> }
	no_shadow
}

// particle -1
sphere {
	<48.969257, 56.405613, 53.946106> 0.100000
	pigment { color rgbt <1,0,0,0> }
	no_shadow
}
sphere {
	0, 1
	scale<0.080000,0.200000,0.300000>
	matrix <0.811770, -0.583942, -0.006440,
		0.583974, 0.811754, 0.005503,
		0.002015, -0.008228, 0.999964,
		48.969860, 56.403145, 54.246094>
	pigment { color rgbt <0,1,1,0> }
	no_shadow
}
cylinder {
	<49.610218, 56.526524, 53.761307>,  <48.968452, 56.408905, 53.546120>, 0.130000
	pigment { color rgbt <1,0,0,0> }
	no_shadow
}

// nucleotide -1

// particle -1
sphere {
	<49.610218, 56.526524, 53.761307> 0.250000
	pigment { color rgbt <1,0,0,0> }
	no_shadow
}
cylinder {
	<49.433949, 56.352486, 54.075375>,  <49.328186, 56.248062, 54.263817>, 0.100000
	pigment { color rgbt <1,0,0,0> }
	no_shadow
}
cylinder {
	<49.433949, 56.352486, 54.075375>,  <49.610218, 56.526524, 53.761307>, 0.100000
	pigment { color rgbt <1,0,0,0> }
	no_shadow
}

// particle -1
sphere {
	<49.433949, 56.352486, 54.075375> 0.100000
	pigment { color rgbt <1,0,0,0> }
	no_shadow
}
sphere {
	0, 1
	scale<0.080000,0.200000,0.300000>
	matrix <0.737521, -0.674117, 0.040370,
		0.511734, 0.596872, 0.617958,
		-0.440672, -0.435098, 0.785174,
		49.301746, 56.221958, 54.310928>
	pigment { color rgbt <0,1,1,0> }
	no_shadow
}
cylinder {
	<50.193363, 56.333656, 54.239140>,  <49.610218, 56.526524, 53.761307>, 0.130000
	pigment { color rgbt <1,0,0,0> }
	no_shadow
}

// nucleotide -1

// particle -1
sphere {
	<50.193363, 56.333656, 54.239140> 0.250000
	pigment { color rgbt <1,0,0,0> }
	no_shadow
}
cylinder {
	<49.868935, 56.107582, 54.299438>,  <49.674278, 55.971935, 54.335617>, 0.100000
	pigment { color rgbt <1,0,0,0> }
	no_shadow
}
cylinder {
	<49.868935, 56.107582, 54.299438>,  <50.193363, 56.333656, 54.239140>, 0.100000
	pigment { color rgbt <1,0,0,0> }
	no_shadow
}

// particle -1
sphere {
	<49.868935, 56.107582, 54.299438> 0.100000
	pigment { color rgbt <1,0,0,0> }
	no_shadow
}
sphere {
	0, 1
	scale<0.080000,0.200000,0.300000>
	matrix <0.582579, -0.803671, 0.121307,
		0.052593, 0.186213, 0.981101,
		-0.811071, -0.565189, 0.150751,
		49.625614, 55.938026, 54.344666>
	pigment { color rgbt <0,1,1,0> }
	no_shadow
}
cylinder {
	<50.228603, 56.138706, 54.890560>,  <50.193363, 56.333656, 54.239140>, 0.130000
	pigment { color rgbt <1,0,0,0> }
	no_shadow
}

// nucleotide -1

// particle -1
sphere {
	<50.228603, 56.138706, 54.890560> 0.250000
	pigment { color rgbt <1,0,0,0> }
	no_shadow
}
cylinder {
	<50.042702, 55.879654, 54.649040>,  <49.931160, 55.724224, 54.504128>, 0.100000
	pigment { color rgbt <1,0,0,0> }
	no_shadow
}
cylinder {
	<50.042702, 55.879654, 54.649040>,  <50.228603, 56.138706, 54.890560>, 0.100000
	pigment { color rgbt <1,0,0,0> }
	no_shadow
}

// particle -1
sphere {
	<50.042702, 55.879654, 54.649040> 0.100000
	pigment { color rgbt <1,0,0,0> }
	no_shadow
}
sphere {
	0, 1
	scale<0.080000,0.200000,0.300000>
	matrix <0.578053, -0.738477, 0.347139,
		-0.670713, -0.187696, 0.717576,
		-0.464757, -0.647628, -0.603804,
		49.903275, 55.685364, 54.467899>
	pigment { color rgbt <0,1,1,0> }
	no_shadow
}
cylinder {
	<50.689163, 55.640366, 55.200855>,  <50.228603, 56.138706, 54.890560>, 0.130000
	pigment { color rgbt <1,0,0,0> }
	no_shadow
}

// nucleotide -1

// particle -1
sphere {
	<50.689163, 55.640366, 55.200855> 0.250000
	pigment { color rgbt <1,0,0,0> }
	no_shadow
}
cylinder {
	<50.983570, 55.659935, 55.470932>,  <51.160213, 55.671677, 55.632980>, 0.100000
	pigment { color rgbt <1,0,0,0> }
	no_shadow
}
cylinder {
	<50.983570, 55.659935, 55.470932>,  <50.689163, 55.640366, 55.200855>, 0.100000
	pigment { color rgbt <1,0,0,0> }
	no_shadow
}

// particle -1
sphere {
	<50.983570, 55.659935, 55.470932> 0.100000
	pigment { color rgbt <1,0,0,0> }
	no_shadow
}
sphere {
	0, 1
	scale<0.080000,0.200000,0.300000>
	matrix <-0.293312, -0.875859, 0.383196,
		0.610123, -0.480081, -0.630296,
		0.736015, 0.048923, 0.675195,
		51.204376, 55.674610, 55.673489>
	pigment { color rgbt <0,1,1,0> }
	no_shadow
}
cylinder {
	<51.118851, 55.222599, 54.871235>,  <50.689163, 55.640366, 55.200855>, 0.130000
	pigment { color rgbt <1,0,0,0> }
	no_shadow
}

// nucleotide -1

// particle -1
sphere {
	<51.118851, 55.222599, 54.871235> 0.250000
	pigment { color rgbt <1,0,0,0> }
	no_shadow
}
cylinder {
	<51.126278, 55.237877, 55.270874>,  <51.130733, 55.247044, 55.510658>, 0.100000
	pigment { color rgbt <1,0,0,0> }
	no_shadow
}
cylinder {
	<51.126278, 55.237877, 55.270874>,  <51.118851, 55.222599, 54.871235>, 0.100000
	pigment { color rgbt <1,0,0,0> }
	no_shadow
}

// particle -1
sphere {
	<51.126278, 55.237877, 55.270874> 0.100000
	pigment { color rgbt <1,0,0,0> }
	no_shadow
}
sphere {
	0, 1
	scale<0.080000,0.200000,0.300000>
	matrix <-0.076777, -0.996265, 0.039514,
		0.996875, -0.077442, -0.015567,
