// switches for output
#declare DRAW_BASES = 1; // possible values are 0, 1; only relevant for DNA ribbons
#declare DRAW_BASES_TYPE = 3; // possible values are 1, 2, 3; only relevant for DNA ribbons
#declare DRAW_FOG = 0; // set to 1 to enable fog

#include "colors.inc"

#include "transforms.inc"
background { rgb <1, 1, 1>}

#default {
   normal{
       ripples 0.25
       frequency 0.20
       turbulence 0.2
       lambda 5
   }
	finish {
		phong 0.1
		phong_size 40.
	}
}

// original window dimensions: 1024x640


// camera settings

camera {
	sky <-0, 1, 0>
	up <-0, 1, 0>
	right 1.6 * <0.99995, 0, 0.00999983>
	location <54.4867, 55, 106.329>
	look_at <55, 55, 55.0001>
	direction <0.513302, 0, -51.3289>
	angle 67.0682
}


# declare cpy_camera_pos = <54.4867, 55, 106.329>;
# if (DRAW_FOG = 1)
fog {
	fog_type 2
	up vnormalize(cpy_camera_pos)
	color rgbt<1,1,1,0.3>
	distance 1e-5
	fog_alt 3e-3
	fog_offset 88
}
# end


// LIGHTS

# declare lum = 6;
global_settings {
	ambient_light rgb lum * <0.05, 0.05, 0.05>
	max_trace_level 15
}# declare cpy_direct_light_amount = 0.25;
light_source
{	1000 * <-0.98995, -1, 1.00995>,
	rgb lum * cpy_direct_light_amount
	parallel
}

light_source
{	1000 * <0.98995, 1, -1.00995>,
	rgb lum * cpy_direct_light_amount
	parallel
}

// strand 0

// nucleotide -1

// particle -1
sphere {
	<35.643406, 52.431610, 49.973267> 0.250000
	pigment { color rgbt <1,0,0,0> }
	no_shadow
}
cylinder {
	<35.898121, 52.598351, 50.232723>,  <36.050949, 52.698395, 50.388397>, 0.100000
	pigment { color rgbt <1,0,0,0> }
	no_shadow
}
cylinder {
	<35.898121, 52.598351, 50.232723>,  <35.643406, 52.431610, 49.973267>, 0.100000
	pigment { color rgbt <1,0,0,0> }
	no_shadow
}

// particle -1
sphere {
	<35.898121, 52.598351, 50.232723> 0.100000
	pigment { color rgbt <1,0,0,0> }
	no_shadow
}
sphere {
	0, 1
	scale<0.080000,0.200000,0.300000>
	matrix <0.523090, 0.384493, -0.760619,
		-0.566463, 0.823652, 0.026790,
		0.636786, 0.416849, 0.648645,
		36.089157, 52.723404, 50.427319>
	pigment { color rgbt <0,1,1,0> }
	no_shadow
}
cylinder {
	<35.806099, 53.159264, 49.828960>,  <35.643406, 52.431610, 49.973267>, 0.130000
	pigment { color rgbt <1,0,0,0> }
	no_shadow
}

// nucleotide -1

// particle -1
sphere {
	<35.806099, 53.159264, 49.828960> 0.250000
	pigment { color rgbt <1,0,0,0> }
	no_shadow
}
cylinder {
	<36.115959, 52.969513, 49.996243>,  <36.301876, 52.855663, 50.096611>, 0.100000
	pigment { color rgbt <1,0,0,0> }
	no_shadow
}
cylinder {
	<36.115959, 52.969513, 49.996243>,  <35.806099, 53.159264, 49.828960>, 0.100000
	pigment { color rgbt <1,0,0,0> }
	no_shadow
}

// particle -1
sphere {
	<36.115959, 52.969513, 49.996243> 0.100000
	pigment { color rgbt <1,0,0,0> }
	no_shadow
}
sphere {
	0, 1
	scale<0.080000,0.200000,0.300000>
	matrix <0.609305, 0.382801, -0.694414,
		0.169323, 0.792738, 0.585573,
		0.774646, -0.474373, 0.418203,
		36.348354, 52.827202, 50.121704>
	pigment { color rgbt <0,1,1,0> }
	no_shadow
}
cylinder {
	<35.878674, 53.853168, 50.056652>,  <35.806099, 53.159264, 49.828960>, 0.130000
	pigment { color rgbt <1,0,0,0> }
	no_shadow
}

// nucleotide -1

// particle -1
sphere {
	<35.878674, 53.853168, 50.056652> 0.250000
	pigment { color rgbt <1,0,0,0> }
	no_shadow
}
cylinder {
	<35.759029, 53.510960, 50.225708>,  <35.687244, 53.305634, 50.327141>, 0.100000
	pigment { color rgbt <1,0,0,0> }
	no_shadow
}
cylinder {
	<35.759029, 53.510960, 50.225708>,  <35.878674, 53.853168, 50.056652>, 0.100000
	pigment { color rgbt <1,0,0,0> }
	no_shadow
}

// particle -1
sphere {
	<35.759029, 53.510960, 50.225708> 0.100000
	pigment { color rgbt <1,0,0,0> }
	no_shadow
}
sphere {
	0, 1
	scale<0.080000,0.200000,0.300000>
	matrix <0.565496, 0.197830, 0.800673,
		-0.768600, 0.478490, 0.424619,
		-0.299111, -0.855518, 0.422637,
		35.669296, 53.254303, 50.352497>
	pigment { color rgbt <0,1,1,0> }
	no_shadow
}
cylinder {
	<35.623417, 53.892815, 50.693283>,  <35.878674, 53.853168, 50.056652>, 0.130000
	pigment { color rgbt <1,0,0,0> }
	no_shadow
}

// nucleotide -1

// particle -1
sphere {
	<35.623417, 53.892815, 50.693283> 0.250000
	pigment { color rgbt <1,0,0,0> }
	no_shadow
}
cylinder {
	<35.779861, 53.525597, 50.667305>,  <35.873730, 53.305264, 50.651718>, 0.100000
	pigment { color rgbt <1,0,0,0> }
	no_shadow
}
cylinder {
	<35.779861, 53.525597, 50.667305>,  <35.623417, 53.892815, 50.693283>, 0.100000
	pigment { color rgbt <1,0,0,0> }
	no_shadow
}

// particle -1
sphere {
	<35.779861, 53.525597, 50.667305> 0.100000
	pigment { color rgbt <1,0,0,0> }
	no_shadow
}
sphere {
	0, 1
	scale<0.080000,0.200000,0.300000>
	matrix <0.539991, 0.171765, 0.823958,
		-0.745278, -0.357329, 0.562917,
		0.391114, -0.918048, -0.064941,
		35.897194, 53.250183, 50.647823>
	pigment { color rgbt <0,1,1,0> }
	no_shadow
}
cylinder {
	<35.434517, 53.401329, 51.140064>,  <35.623417, 53.892815, 50.693283>, 0.130000
	pigment { color rgbt <1,0,0,0> }
	no_shadow
}

// nucleotide -1

// particle -1
sphere {
	<35.434517, 53.401329, 51.140064> 0.250000
	pigment { color rgbt <1,0,0,0> }
	no_shadow
}
cylinder {
	<35.813808, 53.364201, 51.018578>,  <36.041382, 53.341923, 50.945686>, 0.100000
	pigment { color rgbt <1,0,0,0> }
	no_shadow
}
cylinder {
	<35.813808, 53.364201, 51.018578>,  <35.434517, 53.401329, 51.140064>, 0.100000
	pigment { color rgbt <1,0,0,0> }
	no_shadow
}

// particle -1
sphere {
	<35.813808, 53.364201, 51.018578> 0.100000
	pigment { color rgbt <1,0,0,0> }
	no_shadow
}
sphere {
	0, 1
	scale<0.080000,0.200000,0.300000>
	matrix <0.308540, 0.495861, 0.811742,
		0.075258, -0.863427, 0.498828,
		0.948229, -0.092818, -0.303719,
		36.098278, 53.336353, 50.927464>
	pigment { color rgbt <0,1,1,0> }
	no_shadow
}
cylinder {
	<35.769608, 53.491970, 51.809170>,  <35.434517, 53.401329, 51.140064>, 0.130000
	pigment { color rgbt <1,0,0,0> }
	no_shadow
}

// nucleotide -1

// particle -1
sphere {
	<35.769608, 53.491970, 51.809170> 0.250000
	pigment { color rgbt <1,0,0,0> }
	no_shadow
}
cylinder {
	<36.074852, 53.510536, 51.551331>,  <36.257999, 53.521675, 51.396629>, 0.100000
	pigment { color rgbt <1,0,0,0> }
	no_shadow
}
cylinder {
	<36.074852, 53.510536, 51.551331>,  <35.769608, 53.491970, 51.809170>, 0.100000
	pigment { color rgbt <1,0,0,0> }
	no_shadow
}

// particle -1
sphere {
	<36.074852, 53.510536, 51.551331> 0.100000
	pigment { color rgbt <1,0,0,0> }
	no_shadow
}
sphere {
	0, 1
	scale<0.080000,0.200000,0.300000>
	matrix <0.506031, 0.577486, 0.640658,
		0.401981, -0.815080, 0.417200,
		0.763115, 0.046416, -0.644594,
		36.303787, 53.524460, 51.357952>
	pigment { color rgbt <0,1,1,0> }
	no_shadow
}
cylinder {
	<36.294678, 53.503769, 52.265331>,  <35.769608, 53.491970, 51.809170>, 0.130000
	pigment { color rgbt <1,0,0,0> }
	no_shadow
}

// nucleotide -1

// particle -1
sphere {
	<36.294678, 53.503769, 52.265331> 0.250000
	pigment { color rgbt <1,0,0,0> }
	no_shadow
}
cylinder {
	<36.433132, 53.612728, 51.906223>,  <36.516205, 53.678104, 51.690758>, 0.100000
	pigment { color rgbt <1,0,0,0> }
	no_shadow
}
cylinder {
	<36.433132, 53.612728, 51.906223>,  <36.294678, 53.503769, 52.265331>, 0.100000
	pigment { color rgbt <1,0,0,0> }
	no_shadow
}

// particle -1
sphere {
	<36.433132, 53.612728, 51.906223> 0.100000
	pigment { color rgbt <1,0,0,0> }
	no_shadow
}
sphere {
	0, 1
	scale<0.080000,0.200000,0.300000>
	matrix <0.726709, 0.527370, 0.440198,
		0.593367, -0.804784, -0.015415,
		0.346135, 0.272401, -0.897768,
		36.536972, 53.694447, 51.636894>
	pigment { color rgbt <0,1,1,0> }
	no_shadow
}
cylinder {
	<36.470661, 52.956997, 52.628208>,  <36.294678, 53.503769, 52.265331>, 0.130000
	pigment { color rgbt <1,0,0,0> }
	no_shadow
}

// nucleotide -1

// particle -1
sphere {
	<36.470661, 52.956997, 52.628208> 0.250000
	pigment { color rgbt <1,0,0,0> }
	no_shadow
}
cylinder {
	<36.676979, 52.913811, 52.968163>,  <36.800770, 52.887897, 53.172134>, 0.100000
	pigment { color rgbt <1,0,0,0> }
	no_shadow
}
cylinder {
	<36.676979, 52.913811, 52.968163>,  <36.470661, 52.956997, 52.628208>, 0.100000
	pigment { color rgbt <1,0,0,0> }
	no_shadow
}

// particle -1
sphere {
	<36.676979, 52.913811, 52.968163> 0.100000
	pigment { color rgbt <1,0,0,0> }
	no_shadow
}
sphere {
	0, 1
	scale<0.080000,0.200000,0.300000>
	matrix <0.786248, -0.334340, -0.519645,
		0.340255, 0.936248, -0.087560,
		0.515792, -0.107968, 0.849884,
		36.831715, 52.881420, 53.223129>
	pigment { color rgbt <0,1,1,0> }
	no_shadow
}
cylinder {
	<37.124954, 53.280506, 52.492821>,  <36.470661, 52.956997, 52.628208>, 0.130000
	pigment { color rgbt <1,0,0,0> }
	no_shadow
}

// nucleotide -1

// particle -1
sphere {
	<37.124954, 53.280506, 52.492821> 0.250000
	pigment { color rgbt <1,0,0,0> }
	no_shadow
}
cylinder {
	<37.176933, 52.959915, 52.726315>,  <37.208122, 52.767559, 52.866409>, 0.100000
	pigment { color rgbt <1,0,0,0> }
	no_shadow
}
cylinder {
	<37.176933, 52.959915, 52.726315>,  <37.124954, 53.280506, 52.492821>, 0.100000
	pigment { color rgbt <1,0,0,0> }
	no_shadow
}

// particle -1
sphere {
	<37.176933, 52.959915, 52.726315> 0.100000
	pigment { color rgbt <1,0,0,0> }
	no_shadow
}
sphere {
	0, 1
	scale<0.080000,0.200000,0.300000>
	matrix <0.776915, -0.283477, -0.562178,
		0.616049, 0.526562, 0.585846,
		0.129948, -0.801482, 0.583730,
		37.215919, 52.719471, 52.901432>
	pigment { color rgbt <0,1,1,0> }
	no_shadow
}
cylinder {
	<37.802654, 53.099743, 52.221802>,  <37.124954, 53.280506, 52.492821>, 0.130000
	pigment { color rgbt <1,0,0,0> }
	no_shadow
}

// nucleotide -1

// particle -1
sphere {
	<37.802654, 53.099743, 52.221802> 0.250000
	pigment { color rgbt <1,0,0,0> }
	no_shadow
}
cylinder {
	<37.700062, 52.808254, 52.475788>,  <37.638508, 52.633362, 52.628178>, 0.100000
	pigment { color rgbt <1,0,0,0> }
	no_shadow
}
cylinder {
	<37.700062, 52.808254, 52.475788>,  <37.802654, 53.099743, 52.221802>, 0.100000
	pigment { color rgbt <1,0,0,0> }
	no_shadow
}

// particle -1
sphere {
	<37.700062, 52.808254, 52.475788> 0.100000
	pigment { color rgbt <1,0,0,0> }
	no_shadow
}
sphere {
	0, 1
	scale<0.080000,0.200000,0.300000>
	matrix <0.507111, -0.660714, -0.553439,
		0.822834, 0.180051, 0.539005,
		-0.256481, -0.728724, 0.634964,
		37.623119, 52.589638, 52.666279>
	pigment { color rgbt <0,1,1,0> }
	no_shadow
}
cylinder {
	<38.404305, 53.188797, 52.575809>,  <37.802654, 53.099743, 52.221802>, 0.130000
	pigment { color rgbt <1,0,0,0> }
	no_shadow
}

// nucleotide -1

// particle -1
sphere {
	<38.404305, 53.188797, 52.575809> 0.250000
	pigment { color rgbt <1,0,0,0> }
	no_shadow
}
cylinder {
	<38.778759, 53.258072, 52.453392>,  <39.003429, 53.299637, 52.379944>, 0.100000
	pigment { color rgbt <1,0,0,0> }
	no_shadow
}
cylinder {
	<38.778759, 53.258072, 52.453392>,  <38.404305, 53.188797, 52.575809>, 0.100000
	pigment { color rgbt <1,0,0,0> }
	no_shadow
}

// particle -1
sphere {
	<38.778759, 53.258072, 52.453392> 0.100000
	pigment { color rgbt <1,0,0,0> }
	no_shadow
}
sphere {
	0, 1
	scale<0.080000,0.200000,0.300000>
	matrix <0.221172, 0.386625, 0.895323,
		0.273383, -0.905829, 0.323628,
		0.936133, 0.173188, -0.306041,
		39.059597, 53.310028, 52.361580>
	pigment { color rgbt <0,1,1,0> }
	no_shadow
}
cylinder {
	<38.988262, 52.758068, 53.048298>,  <38.404305, 53.188797, 52.575809>, 0.130000
	pigment { color rgbt <1,0,0,0> }
	no_shadow
}

// nucleotide -1

// particle -1
sphere {
	<38.988262, 52.758068, 53.048298> 0.250000
	pigment { color rgbt <1,0,0,0> }
	no_shadow
}
cylinder {
	<39.128048, 53.099495, 52.893738>,  <39.211918, 53.304352, 52.801003>, 0.100000
	pigment { color rgbt <1,0,0,0> }
	no_shadow
}
cylinder {
	<39.128048, 53.099495, 52.893738>,  <38.988262, 52.758068, 53.048298>, 0.100000
	pigment { color rgbt <1,0,0,0> }
	no_shadow
}

// particle -1
sphere {
	<39.128048, 53.099495, 52.893738> 0.100000
	pigment { color rgbt <1,0,0,0> }
	no_shadow
}
sphere {
	0, 1
	scale<0.080000,0.200000,0.300000>
	matrix <0.391880, 0.241446, 0.887769,
		0.851062, -0.461664, -0.250119,
		0.349461, 0.853563, -0.386402,
		39.232887, 53.355564, 52.777817>
	pigment { color rgbt <0,1,1,0> }
	no_shadow
}
cylinder {
	<39.654320, 52.902569, 53.295956>,  <38.988262, 52.758068, 53.048298>, 0.130000
	pigment { color rgbt <1,0,0,0> }
	no_shadow
}

// nucleotide -1

// particle -1
sphere {
	<39.654320, 52.902569, 53.295956> 0.250000
	pigment { color rgbt <1,0,0,0> }
	no_shadow
}
cylinder {
	<39.520203, 53.262245, 53.183502>,  <39.439732, 53.478050, 53.116032>, 0.100000
	pigment { color rgbt <1,0,0,0> }
	no_shadow
}
cylinder {
	<39.520203, 53.262245, 53.183502>,  <39.654320, 52.902569, 53.295956>, 0.100000
	pigment { color rgbt <1,0,0,0> }
	no_shadow
}

// particle -1
sphere {
	<39.520203, 53.262245, 53.183502> 0.100000
	pigment { color rgbt <1,0,0,0> }
	no_shadow
}
sphere {
	0, 1
	scale<0.080000,0.200000,0.300000>
	matrix <0.448679, 0.414799, 0.791599,
		0.828411, 0.139282, -0.542527,
		-0.335295, 0.899190, -0.281131,
		39.419613, 53.532001, 53.099163>
	pigment { color rgbt <0,1,1,0> }
	no_shadow
}
cylinder {
	<40.193211, 53.301613, 53.432793>,  <39.654320, 52.902569, 53.295956>, 0.130000
	pigment { color rgbt <1,0,0,0> }
	no_shadow
}

// nucleotide -1

// particle -1
sphere {
	<40.193211, 53.301613, 53.432793> 0.250000
	pigment { color rgbt <1,0,0,0> }
	no_shadow
}
cylinder {
	<39.874249, 53.542831, 53.423954>,  <39.682873, 53.687561, 53.418652>, 0.100000
	pigment { color rgbt <1,0,0,0> }
	no_shadow
}
cylinder {
	<39.874249, 53.542831, 53.423954>,  <40.193211, 53.301613, 53.432793>, 0.100000
	pigment { color rgbt <1,0,0,0> }
	no_shadow
}

// particle -1
sphere {
	<39.874249, 53.542831, 53.423954> 0.100000
	pigment { color rgbt <1,0,0,0> }
	no_shadow
}
sphere {
	0, 1
	scale<0.080000,0.200000,0.300000>
	matrix <0.357727, 0.501869, 0.787502,
		0.485986, 0.620052, -0.615916,
		-0.797401, 0.603045, -0.022092,
		39.635029, 53.723743, 53.417328>
	pigment { color rgbt <0,1,1,0> }
	no_shadow
}
cylinder {
	<40.485554, 53.949249, 53.383663>,  <40.193211, 53.301613, 53.432793>, 0.130000
	pigment { color rgbt <1,0,0,0> }
	no_shadow
}

// nucleotide -1

// particle -1
sphere {
	<40.485554, 53.949249, 53.383663> 0.250000
	pigment { color rgbt <1,0,0,0> }
	no_shadow
}
cylinder {
	<40.133999, 54.028244, 53.557354>,  <39.923065, 54.075642, 53.661568>, 0.100000
	pigment { color rgbt <1,0,0,0> }
	no_shadow
}
cylinder {
	<40.133999, 54.028244, 53.557354>,  <40.485554, 53.949249, 53.383663>, 0.100000
	pigment { color rgbt <1,0,0,0> }
	no_shadow
}

// particle -1
sphere {
	<40.133999, 54.028244, 53.557354> 0.100000
	pigment { color rgbt <1,0,0,0> }
	no_shadow
}
sphere {
	0, 1
	scale<0.080000,0.200000,0.300000>
	matrix <0.442712, 0.676692, 0.588298,
		-0.177655, 0.709285, -0.682168,
		-0.878888, 0.197490, 0.434227,
		39.870331, 54.087490, 53.687622>
	pigment { color rgbt <0,1,1,0> }
	no_shadow
}
cylinder {
	<40.525749, 54.251408, 53.990639>,  <40.485554, 53.949249, 53.383663>, 0.130000
	pigment { color rgbt <1,0,0,0> }
	no_shadow
}

// nucleotide -1

// particle -1
sphere {
	<40.525749, 54.251408, 53.990639> 0.250000
	pigment { color rgbt <1,0,0,0> }
	no_shadow
}
cylinder {
	<40.303013, 54.020626, 54.229652>,  <40.169369, 53.882156, 54.373062>, 0.100000
	pigment { color rgbt <1,0,0,0> }
	no_shadow
}
cylinder {
	<40.303013, 54.020626, 54.229652>,  <40.525749, 54.251408, 53.990639>, 0.100000
	pigment { color rgbt <1,0,0,0> }
	no_shadow
}

// particle -1
sphere {
	<40.303013, 54.020626, 54.229652> 0.100000
	pigment { color rgbt <1,0,0,0> }
	no_shadow
}
sphere {
	0, 1
	scale<0.080000,0.200000,0.300000>
	matrix <0.298743, 0.532138, 0.792201,
		-0.775033, 0.619643, -0.123959,
		-0.556845, -0.576950, 0.597538,
		40.135960, 53.847542, 54.408913>
	pigment { color rgbt <0,1,1,0> }
	no_shadow
}
cylinder {
	<40.081745, 54.737995, 54.437359>,  <40.525749, 54.251408, 53.990639>, 0.130000
	pigment { color rgbt <1,0,0,0> }
	no_shadow
}

// nucleotide -1

// particle -1
sphere {
	<40.081745, 54.737995, 54.437359> 0.250000
	pigment { color rgbt <1,0,0,0> }
	no_shadow
}
cylinder {
	<40.212589, 54.388359, 54.581009>,  <40.291096, 54.178577, 54.667198>, 0.100000
	pigment { color rgbt <1,0,0,0> }
	no_shadow
}
cylinder {
	<40.212589, 54.388359, 54.581009>,  <40.081745, 54.737995, 54.437359>, 0.100000
	pigment { color rgbt <1,0,0,0> }
	no_shadow
}

// particle -1
sphere {
	<40.212589, 54.388359, 54.581009> 0.100000
	pigment { color rgbt <1,0,0,0> }
	no_shadow
}
sphere {
	0, 1
	scale<0.080000,0.200000,0.300000>
	matrix <0.793065, 0.460577, 0.398643,
		-0.513852, 0.154406, 0.843869,
		0.327114, -0.874087, 0.359123,
		40.310722, 54.126133, 54.688747>
	pigment { color rgbt <0,1,1,0> }
	no_shadow
}
cylinder {
	<40.192287, 54.874432, 55.138222>,  <40.081745, 54.737995, 54.437359>, 0.130000
	pigment { color rgbt <1,0,0,0> }
	no_shadow
}

// nucleotide -1

// particle -1
sphere {
	<40.192287, 54.874432, 55.138222> 0.250000
	pigment { color rgbt <1,0,0,0> }
	no_shadow
}
cylinder {
	<40.419998, 54.582798, 54.986244>,  <40.556625, 54.407818, 54.895058>, 0.100000
	pigment { color rgbt <1,0,0,0> }
	no_shadow
}
cylinder {
	<40.419998, 54.582798, 54.986244>,  <40.192287, 54.874432, 55.138222>, 0.100000
	pigment { color rgbt <1,0,0,0> }
	no_shadow
}

// particle -1
sphere {
	<40.419998, 54.582798, 54.986244> 0.100000
	pigment { color rgbt <1,0,0,0> }
	no_shadow
}
sphere {
	0, 1
	scale<0.080000,0.200000,0.300000>
	matrix <0.793890, 0.367373, 0.484537,
		-0.213689, -0.577468, 0.787952,
		0.569277, -0.729087, -0.379942,
		40.590782, 54.364071, 54.872261>
	pigment { color rgbt <0,1,1,0> }
	no_shadow
}
cylinder {
	<40.586754, 54.434971, 55.666473>,  <40.192287, 54.874432, 55.138222>, 0.130000
	pigment { color rgbt <1,0,0,0> }
	no_shadow
}

// nucleotide -1

// particle -1
sphere {
	<40.586754, 54.434971, 55.666473> 0.250000
	pigment { color rgbt <1,0,0,0> }
	no_shadow
}
cylinder {
	<40.809879, 54.393356, 55.337105>,  <40.943756, 54.368389, 55.139484>, 0.100000
	pigment { color rgbt <1,0,0,0> }
	no_shadow
}
cylinder {
	<40.809879, 54.393356, 55.337105>,  <40.586754, 54.434971, 55.666473>, 0.100000
	pigment { color rgbt <1,0,0,0> }
	no_shadow
}

// particle -1
sphere {
	<40.809879, 54.393356, 55.337105> 0.100000
	pigment { color rgbt <1,0,0,0> }
	no_shadow
}
sphere {
	0, 1
	scale<0.080000,0.200000,0.300000>
	matrix <0.806411, 0.302624, 0.508055,
		0.196332, -0.947415, 0.252703,
		0.557813, -0.104035, -0.823421,
		40.977222, 54.362144, 55.090080>
	pigment { color rgbt <0,1,1,0> }
	no_shadow
}
cylinder {
	<41.107834, 53.888187, 55.759655>,  <40.586754, 54.434971, 55.666473>, 0.130000
	pigment { color rgbt <1,0,0,0> }
	no_shadow
}

// nucleotide -1

// particle -1
sphere {
	<41.107834, 53.888187, 55.759655> 0.250000
	pigment { color rgbt <1,0,0,0> }
	no_shadow
}
cylinder {
	<41.249222, 54.159168, 55.501625>,  <41.334053, 54.321758, 55.346806>, 0.100000
	pigment { color rgbt <1,0,0,0> }
	no_shadow
}
cylinder {
	<41.249222, 54.159168, 55.501625>,  <41.107834, 53.888187, 55.759655>, 0.100000
	pigment { color rgbt <1,0,0,0> }
	no_shadow
}

// particle -1
sphere {
	<41.249222, 54.159168, 55.501625> 0.100000
	pigment { color rgbt <1,0,0,0> }
	no_shadow
}
sphere {
	0, 1
	scale<0.080000,0.200000,0.300000>
	matrix <0.882230, -0.012142, 0.470663,
		0.311019, -0.735467, -0.601960,
		0.353466, 0.677452, -0.645074,
		41.355263, 54.362404, 55.308102>
	pigment { color rgbt <0,1,1,0> }
	no_shadow
}
cylinder {
	<41.737411, 53.626278, 55.416271>,  <41.107834, 53.888187, 55.759655>, 0.130000
	pigment { color rgbt <1,0,0,0> }
	no_shadow
}

// nucleotide -1

// particle -1
sphere {
	<41.737411, 53.626278, 55.416271> 0.250000
	pigment { color rgbt <1,0,0,0> }
	no_shadow
}
cylinder {
	<41.684681, 54.001419, 55.544685>,  <41.653042, 54.226501, 55.621735>, 0.100000
	pigment { color rgbt <1,0,0,0> }
	no_shadow
}
cylinder {
	<41.684681, 54.001419, 55.544685>,  <41.737411, 53.626278, 55.416271>, 0.100000
	pigment { color rgbt <1,0,0,0> }
	no_shadow
}

// particle -1
sphere {
	<41.684681, 54.001419, 55.544685> 0.100000
	pigment { color rgbt <1,0,0,0> }
	no_shadow
}
sphere {
	0, 1
	scale<0.080000,0.200000,0.300000>
	matrix <0.639312, -0.167068, 0.750578,
		0.757563, 0.304185, -0.577554,
		-0.131824, 0.937848, 0.321034,
		41.645134, 54.282772, 55.640995>
	pigment { color rgbt <0,1,1,0> }
	no_shadow
}
cylinder {
	<42.329231, 54.228531, 55.343010>,  <41.737411, 53.626278, 55.416271>, 0.130000
	pigment { color rgbt <1,0,0,0> }
	no_shadow
}

// nucleotide -1

// particle -1
sphere {
	<42.329231, 54.228531, 55.343010> 0.250000
	pigment { color rgbt <1,0,0,0> }
	no_shadow
}
cylinder {
	<42.091190, 54.264343, 55.662468>,  <41.948364, 54.285831, 55.854141>, 0.100000
	pigment { color rgbt <1,0,0,0> }
	no_shadow
}
cylinder {
	<42.091190, 54.264343, 55.662468>,  <42.329231, 54.228531, 55.343010>, 0.100000
	pigment { color rgbt <1,0,0,0> }
	no_shadow
}

// particle -1
sphere {
	<42.091190, 54.264343, 55.662468> 0.100000
	pigment { color rgbt <1,0,0,0> }
	no_shadow
}
sphere {
	0, 1
	scale<0.080000,0.200000,0.300000>
	matrix <0.791934, -0.103732, 0.601731,
		0.136721, 0.990567, -0.009174,
		-0.595104, 0.089534, 0.798646,
		41.912659, 54.291203, 55.902061>
	pigment { color rgbt <0,1,1,0> }
	no_shadow
}
cylinder {
	<42.461296, 54.791523, 55.823612>,  <42.329231, 54.228531, 55.343010>, 0.130000
	pigment { color rgbt <1,0,0,0> }
	no_shadow
}

// nucleotide -1

// particle -1
sphere {
	<42.461296, 54.791523, 55.823612> 0.250000
	pigment { color rgbt <1,0,0,0> }
	no_shadow
}
cylinder {
	<42.331409, 54.470810, 56.024292>,  <42.253479, 54.278381, 56.144699>, 0.100000
	pigment { color rgbt <1,0,0,0> }
	no_shadow
}
cylinder {
	<42.331409, 54.470810, 56.024292>,  <42.461296, 54.791523, 55.823612>, 0.100000
	pigment { color rgbt <1,0,0,0> }
	no_shadow
}

// particle -1
sphere {
	<42.331409, 54.470810, 56.024292> 0.100000
	pigment { color rgbt <1,0,0,0> }
	no_shadow
}
sphere {
	0, 1
	scale<0.080000,0.200000,0.300000>
	matrix <0.863386, -0.034700, 0.503350,
		-0.386170, 0.596605, 0.703517,
		-0.324713, -0.801785, 0.501700,
		42.233997, 54.230274, 56.174801>
	pigment { color rgbt <0,1,1,0> }
	no_shadow
}
cylinder {
	<42.920166, 54.834827, 56.283257>,  <42.461296, 54.791523, 55.823612>, 0.130000
	pigment { color rgbt <1,0,0,0> }
	no_shadow
}

// nucleotide -1

// particle -1
sphere {
	<42.920166, 54.834827, 56.283257> 0.250000
	pigment { color rgbt <1,0,0,0> }
	no_shadow
}
cylinder {
	<42.810890, 54.452133, 56.323311>,  <42.745323, 54.222519, 56.347343>, 0.100000
	pigment { color rgbt <1,0,0,0> }
	no_shadow
}
cylinder {
	<42.810890, 54.452133, 56.323311>,  <42.920166, 54.834827, 56.283257>, 0.100000
	pigment { color rgbt <1,0,0,0> }
	no_shadow
}

// particle -1
sphere {
	<42.810890, 54.452133, 56.323311> 0.100000
	pigment { color rgbt <1,0,0,0> }
	no_shadow
}
sphere {
	0, 1
	scale<0.080000,0.200000,0.300000>
	matrix <0.863855, -0.198199, 0.463111,
		-0.423226, 0.213024, 0.880625,
		-0.273193, -0.956733, 0.100138,
		42.728931, 54.165112, 56.353352>
	pigment { color rgbt <0,1,1,0> }
	no_shadow
}
cylinder {
	<43.040527, 54.685219, 56.893982>,  <42.920166, 54.834827, 56.283257>, 0.130000
	pigment { color rgbt <1,0,0,0> }
	no_shadow
}

// nucleotide -1

// particle -1
sphere {
	<43.040527, 54.685219, 56.893982> 0.250000
	pigment { color rgbt <1,0,0,0> }
	no_shadow
}
cylinder {
	<43.093163, 54.353241, 56.677139>,  <43.124744, 54.154053, 56.547035>, 0.100000
	pigment { color rgbt <1,0,0,0> }
	no_shadow
}
cylinder {
	<43.093163, 54.353241, 56.677139>,  <43.040527, 54.685219, 56.893982>, 0.100000
	pigment { color rgbt <1,0,0,0> }
	no_shadow
}

// particle -1
sphere {
	<43.093163, 54.353241, 56.677139> 0.100000
	pigment { color rgbt <1,0,0,0> }
	no_shadow
}
sphere {
	0, 1
	scale<0.080000,0.200000,0.300000>
	matrix <0.946080, -0.058155, 0.318671,
		-0.296005, -0.554808, 0.777540,
		0.131584, -0.829943, -0.542107,
		43.132637, 54.104259, 56.514507>
	pigment { color rgbt <0,1,1,0> }
	no_shadow
}
cylinder {
	<43.204582, 54.031223, 57.352562>,  <43.040527, 54.685219, 56.893982>, 0.130000
	pigment { color rgbt <1,0,0,0> }
	no_shadow
}

// nucleotide -1

// particle -1
sphere {
	<43.204582, 54.031223, 57.352562> 0.250000
	pigment { color rgbt <1,0,0,0> }
	no_shadow
}
cylinder {
	<43.356194, 54.042366, 56.982574>,  <43.447159, 54.049053, 56.760582>, 0.100000
	pigment { color rgbt <1,0,0,0> }
	no_shadow
}
cylinder {
	<43.356194, 54.042366, 56.982574>,  <43.204582, 54.031223, 57.352562>, 0.100000
	pigment { color rgbt <1,0,0,0> }
	no_shadow
}

// particle -1
sphere {
	<43.356194, 54.042366, 56.982574> 0.100000
	pigment { color rgbt <1,0,0,0> }
	no_shadow
}
sphere {
	0, 1
	scale<0.080000,0.200000,0.300000>
	matrix <0.913359, -0.171890, 0.369093,
		-0.148709, -0.984722, -0.090598,
		0.379027, 0.027861, -0.924966,
		43.469902, 54.050724, 56.705086>
	pigment { color rgbt <0,1,1,0> }
	no_shadow
}
cylinder {
	<43.761364, 53.624535, 57.308357>,  <43.204582, 54.031223, 57.352562>, 0.130000
	pigment { color rgbt <1,0,0,0> }
	no_shadow
}

// nucleotide -1

// particle -1
sphere {
	<43.761364, 53.624535, 57.308357> 0.250000
	pigment { color rgbt <1,0,0,0> }
	no_shadow
}
cylinder {
	<43.835587, 53.899673, 57.027664>,  <43.880119, 54.064758, 56.859249>, 0.100000
	pigment { color rgbt <1,0,0,0> }
	no_shadow
}
cylinder {
	<43.835587, 53.899673, 57.027664>,  <43.761364, 53.624535, 57.308357>, 0.100000
	pigment { color rgbt <1,0,0,0> }
	no_shadow
}

// particle -1
sphere {
	<43.835587, 53.899673, 57.027664> 0.100000
	pigment { color rgbt <1,0,0,0> }
	no_shadow
}
sphere {
	0, 1
	scale<0.080000,0.200000,0.300000>
	matrix <0.952385, 0.049931, 0.300783,
		0.241931, -0.724136, -0.645830,
		0.185561, 0.687848, -0.701735,
		43.891254, 54.106030, 56.817142>
	pigment { color rgbt <0,1,1,0> }
	no_shadow
}
cylinder {
	<44.130806, 53.465626, 56.751060>,  <43.761364, 53.624535, 57.308357>, 0.130000
	pigment { color rgbt <1,0,0,0> }
	no_shadow
}

// nucleotide -1

// particle -1
sphere {
	<44.130806, 53.465626, 56.751060> 0.250000
	pigment { color rgbt <1,0,0,0> }
	no_shadow
}
cylinder {
	<44.186367, 53.858562, 56.801208>,  <44.219704, 54.094322, 56.831299>, 0.100000
	pigment { color rgbt <1,0,0,0> }
	no_shadow
}
cylinder {
	<44.186367, 53.858562, 56.801208>,  <44.130806, 53.465626, 56.751060>, 0.100000
	pigment { color rgbt <1,0,0,0> }
	no_shadow
}

// particle -1
sphere {
	<44.186367, 53.858562, 56.801208> 0.100000
	pigment { color rgbt <1,0,0,0> }
	no_shadow
}
sphere {
	0, 1
	scale<0.080000,0.200000,0.300000>
	matrix <0.990004, -0.134611, -0.042088,
		-0.024468, 0.129965, -0.991217,
		0.138899, 0.982339, 0.125372,
		44.228035, 54.153263, 56.838821>
	pigment { color rgbt <0,1,1,0> }
	no_shadow
}
cylinder {
	<44.569553, 53.863678, 56.204727>,  <44.130806, 53.465626, 56.751060>, 0.130000
	pigment { color rgbt <1,0,0,0> }
	no_shadow
}

// nucleotide -1

// particle -1
sphere {
	<44.569553, 53.863678, 56.204727> 0.250000
	pigment { color rgbt <1,0,0,0> }
	no_shadow
}
cylinder {
	<44.582798, 54.013409, 56.575409>,  <44.590744, 54.103245, 56.797817>, 0.100000
	pigment { color rgbt <1,0,0,0> }
	no_shadow
}
cylinder {
	<44.582798, 54.013409, 56.575409>,  <44.569553, 53.863678, 56.204727>, 0.100000
	pigment { color rgbt <1,0,0,0> }
	no_shadow
}

// particle -1
sphere {
	<44.582798, 54.013409, 56.575409> 0.100000
	pigment { color rgbt <1,0,0,0> }
	no_shadow
}
sphere {
	0, 1
	scale<0.080000,0.200000,0.300000>
	matrix <0.939628, -0.327634, 0.098765,
		0.340591, 0.867489, -0.362575,
		0.033114, 0.374324, 0.926706,
		44.592731, 54.125706, 56.853420>
	pigment { color rgbt <0,1,1,0> }
	no_shadow
}
cylinder {
	<44.895336, 53.178288, 56.053215>,  <44.569553, 53.863678, 56.204727>, 0.130000
	pigment { color rgbt <1,0,0,0> }
	no_shadow
}

// nucleotide -1

// particle -1
sphere {
	<44.895336, 53.178288, 56.053215> 0.250000
	pigment { color rgbt <1,0,0,0> }
	no_shadow
}
cylinder {
	<44.978344, 53.251923, 55.668915>,  <45.028149, 53.296104, 55.438335>, 0.100000
	pigment { color rgbt <1,0,0,0> }
	no_shadow
}
cylinder {
	<44.978344, 53.251923, 55.668915>,  <44.895336, 53.178288, 56.053215>, 0.100000
	pigment { color rgbt <1,0,0,0> }
	no_shadow
}

// particle -1
sphere {
	<44.978344, 53.251923, 55.668915> 0.100000
	pigment { color rgbt <1,0,0,0> }
	no_shadow
}
sphere {
	0, 1
	scale<0.080000,0.200000,0.300000>
	matrix <0.921169, -0.367306, 0.128586,
		-0.329219, -0.911700, -0.245800,
		0.207516, 0.184090, -0.960754,
		45.040600, 53.307148, 55.380688>
	pigment { color rgbt <0,1,1,0> }
	no_shadow
}
cylinder {
	<45.206158, 52.638271, 55.781021>,  <44.895336, 53.178288, 56.053215>, 0.130000
	pigment { color rgbt <1,0,0,0> }
	no_shadow
}

// nucleotide -1

// particle -1
sphere {
	<45.206158, 52.638271, 55.781021> 0.250000
	pigment { color rgbt <1,0,0,0> }
	no_shadow
}
cylinder {
	<45.337032, 52.971909, 55.603378>,  <45.415558, 53.172092, 55.496792>, 0.100000
	pigment { color rgbt <1,0,0,0> }
	no_shadow
}
cylinder {
	<45.337032, 52.971909, 55.603378>,  <45.206158, 52.638271, 55.781021>, 0.100000
	pigment { color rgbt <1,0,0,0> }
	no_shadow
}

// particle -1
sphere {
	<45.337032, 52.971909, 55.603378> 0.100000
	pigment { color rgbt <1,0,0,0> }
	no_shadow
}
sphere {
	0, 1
	scale<0.080000,0.200000,0.300000>
	matrix <0.944550, -0.302518, 0.127704,
		-0.027834, -0.461267, -0.886825,
		0.327186, 0.834096, -0.444110,
		45.435188, 53.222137, 55.470146>
	pigment { color rgbt <0,1,1,0> }
	no_shadow
}
cylinder {
	<45.582630, 52.533348, 55.230713>,  <45.206158, 52.638271, 55.781021>, 0.130000
	pigment { color rgbt <1,0,0,0> }
	no_shadow
}

// nucleotide -1

// particle -1
sphere {
	<45.582630, 52.533348, 55.230713> 0.250000
	pigment { color rgbt <1,0,0,0> }
	no_shadow
}
cylinder {
	<45.709160, 52.874023, 55.397835>,  <45.785080, 53.078430, 55.498108>, 0.100000
	pigment { color rgbt <1,0,0,0> }
	no_shadow
}
cylinder {
	<45.709160, 52.874023, 55.397835>,  <45.582630, 52.533348, 55.230713>, 0.100000
	pigment { color rgbt <1,0,0,0> }
	no_shadow
}

// particle -1
sphere {
	<45.709160, 52.874023, 55.397835> 0.100000
	pigment { color rgbt <1,0,0,0> }
	no_shadow
}
sphere {
	0, 1
	scale<0.080000,0.200000,0.300000>
	matrix <0.813316, -0.470186, 0.342697,
		0.488317, 0.231401, -0.841427,
		0.316327, 0.851692, 0.417802,
		45.804058, 53.129532, 55.523174>
	pigment { color rgbt <0,1,1,0> }
	no_shadow
}
cylinder {
	<46.223286, 52.864113, 54.862034>,  <45.582630, 52.533348, 55.230713>, 0.130000
	pigment { color rgbt <1,0,0,0> }
	no_shadow
}

// nucleotide -1

// particle -1
sphere {
	<46.223286, 52.864113, 54.862034> 0.250000
	pigment { color rgbt <1,0,0,0> }
	no_shadow
}
cylinder {
	<46.189857, 52.950851, 55.251083>,  <46.169800, 53.002895, 55.484512>, 0.100000
	pigment { color rgbt <1,0,0,0> }
	no_shadow
}
cylinder {
	<46.189857, 52.950851, 55.251083>,  <46.223286, 52.864113, 54.862034>, 0.100000
	pigment { color rgbt <1,0,0,0> }
	no_shadow
}

// particle -1
sphere {
	<46.189857, 52.950851, 55.251083> 0.100000
	pigment { color rgbt <1,0,0,0> }
	no_shadow
}
sphere {
	0, 1
	scale<0.080000,0.200000,0.300000>
	matrix <0.953459, -0.266363, 0.141307,
		0.289712, 0.939165, -0.184490,
		-0.083569, 0.216842, 0.972623,
		46.164787, 53.015903, 55.542870>
	pigment { color rgbt <0,1,1,0> }
	no_shadow
}
cylinder {
	<46.666786, 53.343231, 55.036858>,  <46.223286, 52.864113, 54.862034>, 0.130000
	pigment { color rgbt <1,0,0,0> }
	no_shadow
}

// nucleotide -1

// particle -1
sphere {
	<46.666786, 53.343231, 55.036858> 0.250000
	pigment { color rgbt <1,0,0,0> }
	no_shadow
}
cylinder {
	<46.577000, 53.115391, 55.353127>,  <46.523129, 52.978687, 55.542889>, 0.100000
	pigment { color rgbt <1,0,0,0> }
	no_shadow
}
cylinder {
	<46.577000, 53.115391, 55.353127>,  <46.666786, 53.343231, 55.036858>, 0.100000
	pigment { color rgbt <1,0,0,0> }
	no_shadow
}

// particle -1
sphere {
	<46.577000, 53.115391, 55.353127> 0.100000
	pigment { color rgbt <1,0,0,0> }
	no_shadow
}
sphere {
	0, 1
	scale<0.080000,0.200000,0.300000>
	matrix <0.971697, -0.192126, 0.137451,
		0.073617, 0.799150, 0.596606,
		-0.224468, -0.569602, 0.790676,
		46.509659, 52.944511, 55.590328>
	pigment { color rgbt <0,1,1,0> }
	no_shadow
}
cylinder {
	<47.199009, 53.451408, 55.544315>,  <46.666786, 53.343231, 55.036858>, 0.130000
	pigment { color rgbt <1,0,0,0> }
	no_shadow
}

// nucleotide -1

// particle -1
sphere {
	<47.199009, 53.451408, 55.544315> 0.250000
	pigment { color rgbt <1,0,0,0> }
	no_shadow
}
cylinder {
	<47.030315, 53.100933, 55.637642>,  <46.929100, 52.890648, 55.693638>, 0.100000
	pigment { color rgbt <1,0,0,0> }
	no_shadow
}
cylinder {
	<47.030315, 53.100933, 55.637642>,  <47.199009, 53.451408, 55.544315>, 0.100000
	pigment { color rgbt <1,0,0,0> }
	no_shadow
}

// particle -1
sphere {
	<47.030315, 53.100933, 55.637642> 0.100000
	pigment { color rgbt <1,0,0,0> }
	no_shadow
}
sphere {
	0, 1
	scale<0.080000,0.200000,0.300000>
	matrix <0.902953, -0.382404, 0.196072,
		-0.082574, 0.293365, 0.952428,
		-0.421732, -0.876187, 0.233318,
		46.903797, 52.838078, 55.707638>
	pigment { color rgbt <0,1,1,0> }
	no_shadow
}
cylinder {
	<47.295147, 53.274555, 56.334766>,  <47.199009, 53.451408, 55.544315>, 0.130000
	pigment { color rgbt <1,0,0,0> }
	no_shadow
}

// nucleotide -1

// particle -1
sphere {
	<47.295147, 53.274555, 56.334766> 0.250000
	pigment { color rgbt <1,0,0,0> }
	no_shadow
}
cylinder {
	<47.291973, 52.995415, 56.048286>,  <47.290070, 52.827930, 55.876400>, 0.100000
	pigment { color rgbt <1,0,0,0> }
	no_shadow
}
cylinder {
	<47.291973, 52.995415, 56.048286>,  <47.295147, 53.274555, 56.334766>, 0.100000
	pigment { color rgbt <1,0,0,0> }
	no_shadow
}

// particle -1
sphere {
	<47.291973, 52.995415, 56.048286> 0.100000
	pigment { color rgbt <1,0,0,0> }
	no_shadow
}
sphere {
	0, 1
	scale<0.080000,0.200000,0.300000>
	matrix <0.907599, -0.305675, 0.287796,
		-0.419763, -0.647737, 0.635795,
		-0.007930, -0.697854, -0.716197,
		47.289593, 52.786060, 55.833427>
	pigment { color rgbt <0,1,1,0> }
	no_shadow
}
cylinder {
	<47.549759, 52.747215, 56.641415>,  <47.295147, 53.274555, 56.334766>, 0.130000
	pigment { color rgbt <1,0,0,0> }
	no_shadow
}

// nucleotide -1

// particle -1
sphere {
	<47.549759, 52.747215, 56.641415> 0.250000
	pigment { color rgbt <1,0,0,0> }
	no_shadow
}
cylinder {
	<47.589115, 52.658508, 56.253365>,  <47.612728, 52.605286, 56.020535>, 0.100000
	pigment { color rgbt <1,0,0,0> }
	no_shadow
}
cylinder {
	<47.589115, 52.658508, 56.253365>,  <47.549759, 52.747215, 56.641415>, 0.100000
	pigment { color rgbt <1,0,0,0> }
	no_shadow
}

// particle -1
sphere {
	<47.589115, 52.658508, 56.253365> 0.100000
	pigment { color rgbt <1,0,0,0> }
	no_shadow
}
sphere {
	0, 1
	scale<0.080000,0.200000,0.300000>
	matrix <0.908787, -0.377200, 0.178401,
		-0.405493, -0.899189, 0.164424,
		0.098395, -0.221766, -0.970123,
		47.618633, 52.591980, 55.962326>
	pigment { color rgbt <0,1,1,0> }
	no_shadow
}
cylinder {
	<47.705357, 51.996490, 56.547626>,  <47.549759, 52.747215, 56.641415>, 0.130000
	pigment { color rgbt <1,0,0,0> }
	no_shadow
}

// nucleotide -1

// particle -1
sphere {
	<47.705357, 51.996490, 56.547626> 0.250000
	pigment { color rgbt <1,0,0,0> }
	no_shadow
}
cylinder {
	<47.843208, 52.190029, 56.225853>,  <47.925919, 52.306152, 56.032787>, 0.100000
	pigment { color rgbt <1,0,0,0> }
	no_shadow
}
cylinder {
	<47.843208, 52.190029, 56.225853>,  <47.705357, 51.996490, 56.547626>, 0.100000
	pigment { color rgbt <1,0,0,0> }
	no_shadow
}

// particle -1
sphere {
	<47.843208, 52.190029, 56.225853> 0.100000
	pigment { color rgbt <1,0,0,0> }
	no_shadow
}
sphere {
	0, 1
	scale<0.080000,0.200000,0.300000>
	matrix <0.876019, -0.473737, 0.090357,
		-0.337373, -0.735842, -0.587125,
		0.344631, 0.483848, -0.804438,
		47.946598, 52.335182, 55.984520>
	pigment { color rgbt <0,1,1,0> }
	no_shadow
}
cylinder {
	<48.268421, 51.502937, 56.325729>,  <47.705357, 51.996490, 56.547626>, 0.130000
	pigment { color rgbt <1,0,0,0> }
	no_shadow
}

// nucleotide -1

// particle -1
sphere {
	<48.268421, 51.502937, 56.325729> 0.250000
	pigment { color rgbt <1,0,0,0> }
	no_shadow
}
cylinder {
	<48.288754, 51.869759, 56.167526>,  <48.300953, 52.089851, 56.072605>, 0.100000
	pigment { color rgbt <1,0,0,0> }
	no_shadow
}
cylinder {
	<48.288754, 51.869759, 56.167526>,  <48.268421, 51.502937, 56.325729>, 0.100000
	pigment { color rgbt <1,0,0,0> }
	no_shadow
}

// particle -1
sphere {
	<48.288754, 51.869759, 56.167526> 0.100000
	pigment { color rgbt <1,0,0,0> }
	no_shadow
}
sphere {
	0, 1
	scale<0.080000,0.200000,0.300000>
	matrix <0.977276, -0.127277, -0.169504,
		-0.205784, -0.377902, -0.902687,
		0.050835, 0.917055, -0.395507,
		48.304005, 52.144875, 56.048874>
	pigment { color rgbt <0,1,1,0> }
	no_shadow
}
cylinder {
	<48.536236, 51.500340, 55.647671>,  <48.268421, 51.502937, 56.325729>, 0.130000
	pigment { color rgbt <1,0,0,0> }
	no_shadow
}

// nucleotide -1

// particle -1
sphere {
	<48.536236, 51.500340, 55.647671> 0.250000
	pigment { color rgbt <1,0,0,0> }
	no_shadow
}
cylinder {
	<48.618217, 51.875778, 55.758690>,  <48.667408, 52.101040, 55.825302>, 0.100000
	pigment { color rgbt <1,0,0,0> }
	no_shadow
}
cylinder {
	<48.618217, 51.875778, 55.758690>,  <48.536236, 51.500340, 55.647671>, 0.100000
	pigment { color rgbt <1,0,0,0> }
	no_shadow
}

// particle -1
sphere {
	<48.618217, 51.875778, 55.758690> 0.100000
	pigment { color rgbt <1,0,0,0> }
	no_shadow
}
sphere {
	0, 1
	scale<0.080000,0.200000,0.300000>
	matrix <0.936857, -0.106036, -0.333249,
		-0.283355, 0.328326, -0.901062,
		0.204959, 0.938594, 0.277549,
		48.679707, 52.157356, 55.841953>
	pigment { color rgbt <0,1,1,0> }
	no_shadow
}
cylinder {
	<48.728283, 51.989742, 55.130501>,  <48.536236, 51.500340, 55.647671>, 0.130000
	pigment { color rgbt <1,0,0,0> }
	no_shadow
}

// nucleotide -1

// particle -1
sphere {
	<48.728283, 51.989742, 55.130501> 0.250000
	pigment { color rgbt <1,0,0,0> }
	no_shadow
}
cylinder {
	<48.934402, 52.030510, 55.470871>,  <49.058075, 52.054970, 55.675095>, 0.100000
	pigment { color rgbt <1,0,0,0> }
	no_shadow
}
cylinder {
	<48.934402, 52.030510, 55.470871>,  <48.728283, 51.989742, 55.130501>, 0.100000
	pigment { color rgbt <1,0,0,0> }
	no_shadow
}

// particle -1
sphere {
	<48.934402, 52.030510, 55.470871> 0.100000
	pigment { color rgbt <1,0,0,0> }
	no_shadow
}
sphere {
	0, 1
	scale<0.080000,0.200000,0.300000>
	matrix <0.813712, -0.369794, -0.448470,
		0.268959, 0.923506, -0.273490,
		0.515300, 0.101923, 0.850928,
		49.088993, 52.061089, 55.726151>
	pigment { color rgbt <0,1,1,0> }
	no_shadow
}
cylinder {
	<49.330769, 52.461803, 55.261913>,  <48.728283, 51.989742, 55.130501>, 0.130000
	pigment { color rgbt <1,0,0,0> }
	no_shadow
}

// nucleotide -1

// particle -1
sphere {
	<49.330769, 52.461803, 55.261913> 0.250000
	pigment { color rgbt <1,0,0,0> }
	no_shadow
}
cylinder {
	<49.362858, 52.108017, 55.445778>,  <49.382111, 51.895744, 55.556095>, 0.100000
	pigment { color rgbt <1,0,0,0> }
	no_shadow
}
cylinder {
	<49.362858, 52.108017, 55.445778>,  <49.330769, 52.461803, 55.261913>, 0.100000
	pigment { color rgbt <1,0,0,0> }
	no_shadow
}

// particle -1
sphere {
	<49.362858, 52.108017, 55.445778> 0.100000
	pigment { color rgbt <1,0,0,0> }
	no_shadow
}
sphere {
	0, 1
	scale<0.080000,0.200000,0.300000>
	matrix <0.824800, -0.200042, -0.528856,
		0.559706, 0.421554, 0.713457,
		0.080220, -0.884463, 0.459662,
		49.386925, 51.842678, 55.583675>
	pigment { color rgbt <0,1,1,0> }
	no_shadow
}
cylinder {
	<50.007618, 52.454212, 55.429832>,  <49.330769, 52.461803, 55.261913>, 0.130000
	pigment { color rgbt <1,0,0,0> }
	no_shadow
}

// nucleotide -1

// particle -1
sphere {
	<50.007618, 52.454212, 55.429832> 0.250000
	pigment { color rgbt <1,0,0,0> }
	no_shadow
}
cylinder {
	<49.845146, 52.088707, 55.426682>,  <49.747662, 51.869404, 55.424789>, 0.100000
	pigment { color rgbt <1,0,0,0> }
	no_shadow
}
cylinder {
	<49.845146, 52.088707, 55.426682>,  <50.007618, 52.454212, 55.429832>, 0.100000
	pigment { color rgbt <1,0,0,0> }
	no_shadow
}

// particle -1
sphere {
	<49.845146, 52.088707, 55.426682> 0.100000
	pigment { color rgbt <1,0,0,0> }
	no_shadow
}
sphere {
	0, 1
	scale<0.080000,0.200000,0.300000>
	matrix <0.627445, -0.272622, -0.729377,
		0.664327, -0.301201, 0.684067,
