// switches for output
#declare DRAW_BASES = 1; // possible values are 0, 1; only relevant for DNA ribbons
#declare DRAW_BASES_TYPE = 3; // possible values are 1, 2, 3; only relevant for DNA ribbons
#declare DRAW_FOG = 0; // set to 1 to enable fog

#include "colors.inc"

#include "transforms.inc"
background { rgb <1, 1, 1>}

#default {
   normal{
       ripples 0.25
       frequency 0.20
       turbulence 0.2
       lambda 5
   }
	finish {
		phong 0.1
		phong_size 40.
	}
}

// original window dimensions: 1024x640


// camera settings

camera {
	sky <-0, 1, 0>
	up <-0, 1, 0>
	right 1.6 * <0.99995, 0, 0.00999983>
	location <54.4867, 55, 106.329>
	look_at <55, 55, 55.0001>
	direction <0.513302, 0, -51.3289>
	angle 67.0682
}


# declare cpy_camera_pos = <54.4867, 55, 106.329>;
# if (DRAW_FOG = 1)
fog {
	fog_type 2
	up vnormalize(cpy_camera_pos)
	color rgbt<1,1,1,0.3>
	distance 1e-5
	fog_alt 3e-3
	fog_offset 88
}
# end


// LIGHTS

# declare lum = 6;
global_settings {
	ambient_light rgb lum * <0.05, 0.05, 0.05>
	max_trace_level 15
}# declare cpy_direct_light_amount = 0.25;
light_source
{	1000 * <-0.98995, -1, 1.00995>,
	rgb lum * cpy_direct_light_amount
	parallel
}

light_source
{	1000 * <0.98995, 1, -1.00995>,
	rgb lum * cpy_direct_light_amount
	parallel
}

// strand 0

// nucleotide -1

// particle -1
sphere {
	<36.312878, 53.576073, 50.358948> 0.250000
	pigment { color rgbt <1,0,0,0> }
	no_shadow
}
cylinder {
	<36.495701, 53.578743, 50.003181>,  <36.605392, 53.580345, 49.789722>, 0.100000
	pigment { color rgbt <1,0,0,0> }
	no_shadow
}
cylinder {
	<36.495701, 53.578743, 50.003181>,  <36.312878, 53.576073, 50.358948>, 0.100000
	pigment { color rgbt <1,0,0,0> }
	no_shadow
}

// particle -1
sphere {
	<36.495701, 53.578743, 50.003181> 0.100000
	pigment { color rgbt <1,0,0,0> }
	no_shadow
}
sphere {
	0, 1
	scale<0.080000,0.200000,0.300000>
	matrix <0.750383, 0.533973, 0.389614,
		0.477522, -0.845475, 0.239047,
		0.457054, 0.006672, -0.889414,
		36.632816, 53.580746, 49.736359>
	pigment { color rgbt <0,1,1,0> }
	no_shadow
}
cylinder {
	<36.974751, 53.154575, 50.200848>,  <36.312878, 53.576073, 50.358948>, 0.130000
	pigment { color rgbt <1,0,0,0> }
	no_shadow
}

// nucleotide -1

// particle -1
sphere {
	<36.974751, 53.154575, 50.200848> 0.250000
	pigment { color rgbt <1,0,0,0> }
	no_shadow
}
cylinder {
	<36.939236, 53.512440, 50.025719>,  <36.917927, 53.727158, 49.920639>, 0.100000
	pigment { color rgbt <1,0,0,0> }
	no_shadow
}
cylinder {
	<36.939236, 53.512440, 50.025719>,  <36.974751, 53.154575, 50.200848>, 0.100000
	pigment { color rgbt <1,0,0,0> }
	no_shadow
}

// particle -1
sphere {
	<36.939236, 53.512440, 50.025719> 0.100000
	pigment { color rgbt <1,0,0,0> }
	no_shadow
}
sphere {
	0, 1
	scale<0.080000,0.200000,0.300000>
	matrix <0.810792, 0.320236, 0.489964,
		0.578561, -0.311485, -0.753820,
		-0.088784, 0.894666, -0.437825,
		36.912601, 53.780838, 49.894371>
	pigment { color rgbt <0,1,1,0> }
	no_shadow
}
cylinder {
	<37.617764, 53.307438, 49.974346>,  <36.974751, 53.154575, 50.200848>, 0.130000
	pigment { color rgbt <1,0,0,0> }
	no_shadow
}

// nucleotide -1

// particle -1
sphere {
	<37.617764, 53.307438, 49.974346> 0.250000
	pigment { color rgbt <1,0,0,0> }
	no_shadow
}
cylinder {
	<37.427719, 53.644890, 50.074387>,  <37.313690, 53.847363, 50.134411>, 0.100000
	pigment { color rgbt <1,0,0,0> }
	no_shadow
}
cylinder {
	<37.427719, 53.644890, 50.074387>,  <37.617764, 53.307438, 49.974346>, 0.100000
	pigment { color rgbt <1,0,0,0> }
	no_shadow
}

// particle -1
sphere {
	<37.427719, 53.644890, 50.074387> 0.100000
	pigment { color rgbt <1,0,0,0> }
	no_shadow
}
sphere {
	0, 1
	scale<0.080000,0.200000,0.300000>
	matrix <0.831494, 0.337448, 0.441301,
		0.287898, 0.417629, -0.861801,
		-0.475113, 0.843632, 0.250105,
		37.285187, 53.897980, 50.149418>
	pigment { color rgbt <0,1,1,0> }
	no_shadow
}
cylinder {
	<37.940205, 53.930084, 49.682732>,  <37.617764, 53.307438, 49.974346>, 0.130000
	pigment { color rgbt <1,0,0,0> }
	no_shadow
}

// nucleotide -1

// particle -1
sphere {
	<37.940205, 53.930084, 49.682732> 0.250000
	pigment { color rgbt <1,0,0,0> }
	no_shadow
}
cylinder {
	<37.763287, 54.001804, 50.034237>,  <37.657135, 54.044834, 50.245140>, 0.100000
	pigment { color rgbt <1,0,0,0> }
	no_shadow
}
cylinder {
	<37.763287, 54.001804, 50.034237>,  <37.940205, 53.930084, 49.682732>, 0.100000
	pigment { color rgbt <1,0,0,0> }
	no_shadow
}

// particle -1
sphere {
	<37.763287, 54.001804, 50.034237> 0.100000
	pigment { color rgbt <1,0,0,0> }
	no_shadow
}
sphere {
	0, 1
	scale<0.080000,0.200000,0.300000>
	matrix <0.848635, 0.400657, 0.345387,
		-0.290155, 0.898514, -0.329368,
		-0.442299, 0.179298, 0.878763,
		37.630596, 54.055595, 50.297867>
	pigment { color rgbt <0,1,1,0> }
	no_shadow
}
cylinder {
	<38.351585, 54.508499, 49.961815>,  <37.940205, 53.930084, 49.682732>, 0.130000
	pigment { color rgbt <1,0,0,0> }
	no_shadow
}

// nucleotide -1

// particle -1
sphere {
	<38.351585, 54.508499, 49.961815> 0.250000
	pigment { color rgbt <1,0,0,0> }
	no_shadow
}
cylinder {
	<38.155075, 54.329136, 50.260498>,  <38.037167, 54.221519, 50.439709>, 0.100000
	pigment { color rgbt <1,0,0,0> }
	no_shadow
}
cylinder {
	<38.155075, 54.329136, 50.260498>,  <38.351585, 54.508499, 49.961815>, 0.100000
	pigment { color rgbt <1,0,0,0> }
	no_shadow
}

// particle -1
sphere {
	<38.155075, 54.329136, 50.260498> 0.100000
	pigment { color rgbt <1,0,0,0> }
	no_shadow
}
sphere {
	0, 1
	scale<0.080000,0.200000,0.300000>
	matrix <0.768931, 0.179417, 0.613640,
		-0.409134, 0.875637, 0.256652,
		-0.491278, -0.448408, 0.746710,
		38.007690, 54.194614, 50.484512>
	pigment { color rgbt <0,1,1,0> }
	no_shadow
}
cylinder {
	<38.223515, 55.015671, 50.478168>,  <38.351585, 54.508499, 49.961815>, 0.130000
	pigment { color rgbt <1,0,0,0> }
	no_shadow
}

// nucleotide -1

// particle -1
sphere {
	<38.223515, 55.015671, 50.478168> 0.250000
	pigment { color rgbt <1,0,0,0> }
	no_shadow
}
cylinder {
	<38.217987, 54.665211, 50.670906>,  <38.214672, 54.454937, 50.786549>, 0.100000
	pigment { color rgbt <1,0,0,0> }
	no_shadow
}
cylinder {
	<38.217987, 54.665211, 50.670906>,  <38.223515, 55.015671, 50.478168>, 0.100000
	pigment { color rgbt <1,0,0,0> }
	no_shadow
}

// particle -1
sphere {
	<38.217987, 54.665211, 50.670906> 0.100000
	pigment { color rgbt <1,0,0,0> }
	no_shadow
}
sphere {
	0, 1
	scale<0.080000,0.200000,0.300000>
	matrix <0.647688, 0.359289, 0.671872,
		-0.761780, 0.321373, 0.562504,
		-0.013820, -0.876146, 0.481849,
		38.213840, 54.402367, 50.815460>
	pigment { color rgbt <0,1,1,0> }
	no_shadow
}
cylinder {
	<38.546078, 55.291843, 51.033798>,  <38.223515, 55.015671, 50.478168>, 0.130000
	pigment { color rgbt <1,0,0,0> }
	no_shadow
}

// nucleotide -1

// particle -1
sphere {
	<38.546078, 55.291843, 51.033798> 0.250000
	pigment { color rgbt <1,0,0,0> }
	no_shadow
}
cylinder {
	<38.574810, 54.893105, 51.047245>,  <38.592049, 54.653862, 51.055313>, 0.100000
	pigment { color rgbt <1,0,0,0> }
	no_shadow
}
cylinder {
	<38.574810, 54.893105, 51.047245>,  <38.546078, 55.291843, 51.033798>, 0.100000
	pigment { color rgbt <1,0,0,0> }
	no_shadow
}

// particle -1
sphere {
	<38.574810, 54.893105, 51.047245> 0.100000
	pigment { color rgbt <1,0,0,0> }
	no_shadow
}
sphere {
	0, 1
	scale<0.080000,0.200000,0.300000>
	matrix <0.732793, 0.075611, 0.676238,
		-0.676649, -0.023943, 0.735916,
		0.071835, -0.996850, 0.033617,
		38.596359, 54.594051, 51.057331>
	pigment { color rgbt <0,1,1,0> }
	no_shadow
}
cylinder {
	<38.719658, 55.119652, 51.714153>,  <38.546078, 55.291843, 51.033798>, 0.130000
	pigment { color rgbt <1,0,0,0> }
	no_shadow
}

// nucleotide -1

// particle -1
sphere {
	<38.719658, 55.119652, 51.714153> 0.250000
	pigment { color rgbt <1,0,0,0> }
	no_shadow
}
cylinder {
	<38.861149, 54.817032, 51.494148>,  <38.946041, 54.635460, 51.362144>, 0.100000
	pigment { color rgbt <1,0,0,0> }
	no_shadow
}
cylinder {
	<38.861149, 54.817032, 51.494148>,  <38.719658, 55.119652, 51.714153>, 0.100000
	pigment { color rgbt <1,0,0,0> }
	no_shadow
}

// particle -1
sphere {
	<38.861149, 54.817032, 51.494148> 0.100000
	pigment { color rgbt <1,0,0,0> }
	no_shadow
}
sphere {
	0, 1
	scale<0.080000,0.200000,0.300000>
	matrix <0.717206, -0.158084, 0.678694,
		-0.600413, -0.634543, 0.486682,
		0.353724, -0.756548, -0.550013,
		38.967266, 54.590069, 51.329144>
	pigment { color rgbt <0,1,1,0> }
	no_shadow
}
cylinder {
	<38.820560, 54.451206, 51.966648>,  <38.719658, 55.119652, 51.714153>, 0.130000
	pigment { color rgbt <1,0,0,0> }
	no_shadow
}

// nucleotide -1

// particle -1
sphere {
	<38.820560, 54.451206, 51.966648> 0.250000
	pigment { color rgbt <1,0,0,0> }
	no_shadow
}
cylinder {
	<39.114353, 54.490959, 51.698124>,  <39.290630, 54.514809, 51.537010>, 0.100000
	pigment { color rgbt <1,0,0,0> }
	no_shadow
}
cylinder {
	<39.114353, 54.490959, 51.698124>,  <38.820560, 54.451206, 51.966648>, 0.100000
	pigment { color rgbt <1,0,0,0> }
	no_shadow
}

// particle -1
sphere {
	<39.114353, 54.490959, 51.698124> 0.100000
	pigment { color rgbt <1,0,0,0> }
	no_shadow
}
sphere {
	0, 1
	scale<0.080000,0.200000,0.300000>
	matrix <0.677681, -0.159602, 0.717827,
		-0.035804, -0.982166, -0.184573,
		0.734484, 0.099381, -0.671310,
		39.334698, 54.520771, 51.496731>
	pigment { color rgbt <0,1,1,0> }
	no_shadow
}
cylinder {
	<39.127903, 53.845291, 51.839680>,  <38.820560, 54.451206, 51.966648>, 0.130000
	pigment { color rgbt <1,0,0,0> }
	no_shadow
}

// nucleotide -1

// particle -1
sphere {
	<39.127903, 53.845291, 51.839680> 0.250000
	pigment { color rgbt <1,0,0,0> }
	no_shadow
}
cylinder {
	<39.357018, 54.171806, 51.809769>,  <39.494484, 54.367714, 51.791824>, 0.100000
	pigment { color rgbt <1,0,0,0> }
	no_shadow
}
cylinder {
	<39.357018, 54.171806, 51.809769>,  <39.127903, 53.845291, 51.839680>, 0.100000
	pigment { color rgbt <1,0,0,0> }
	no_shadow
}

// particle -1
sphere {
	<39.357018, 54.171806, 51.809769> 0.100000
	pigment { color rgbt <1,0,0,0> }
	no_shadow
}
sphere {
	0, 1
	scale<0.080000,0.200000,0.300000>
	matrix <0.634373, -0.383660, 0.671100,
		0.519124, -0.431830, -0.737586,
		0.572783, 0.816289, -0.074774,
		39.528854, 54.416695, 51.787338>
	pigment { color rgbt <0,1,1,0> }
	no_shadow
}
cylinder {
	<39.773186, 53.680130, 51.616280>,  <39.127903, 53.845291, 51.839680>, 0.130000
	pigment { color rgbt <1,0,0,0> }
	no_shadow
}

// nucleotide -1

// particle -1
sphere {
	<39.773186, 53.680130, 51.616280> 0.250000
	pigment { color rgbt <1,0,0,0> }
	no_shadow
}
cylinder {
	<39.777515, 54.005775, 51.848518>,  <39.780113, 54.201164, 51.987862>, 0.100000
	pigment { color rgbt <1,0,0,0> }
	no_shadow
}
cylinder {
	<39.777515, 54.005775, 51.848518>,  <39.773186, 53.680130, 51.616280>, 0.100000
	pigment { color rgbt <1,0,0,0> }
	no_shadow
}

// particle -1
sphere {
	<39.777515, 54.005775, 51.848518> 0.100000
	pigment { color rgbt <1,0,0,0> }
	no_shadow
}
sphere {
	0, 1
	scale<0.080000,0.200000,0.300000>
	matrix <0.561463, -0.485413, 0.670174,
		0.827431, 0.318730, -0.462351,
		0.010827, 0.814116, 0.580601,
		39.780762, 54.250011, 52.022697>
	pigment { color rgbt <0,1,1,0> }
	no_shadow
}
cylinder {
	<40.419079, 54.015831, 51.700974>,  <39.773186, 53.680130, 51.616280>, 0.130000
	pigment { color rgbt <1,0,0,0> }
	no_shadow
}

// nucleotide -1

// particle -1
sphere {
	<40.419079, 54.015831, 51.700974> 0.250000
	pigment { color rgbt <1,0,0,0> }
	no_shadow
}
cylinder {
	<40.190376, 54.043556, 52.027969>,  <40.053154, 54.060192, 52.224167>, 0.100000
	pigment { color rgbt <1,0,0,0> }
	no_shadow
}
cylinder {
	<40.190376, 54.043556, 52.027969>,  <40.419079, 54.015831, 51.700974>, 0.100000
	pigment { color rgbt <1,0,0,0> }
	no_shadow
}

// particle -1
sphere {
	<40.190376, 54.043556, 52.027969> 0.100000
	pigment { color rgbt <1,0,0,0> }
	no_shadow
}
sphere {
	0, 1
	scale<0.080000,0.200000,0.300000>
	matrix <0.697706, -0.483136, 0.528948,
		0.431622, 0.872797, 0.227875,
		-0.571759, 0.069316, 0.817488,
		40.018848, 54.064350, 52.273216>
	pigment { color rgbt <0,1,1,0> }
	no_shadow
}
cylinder {
	<40.831573, 54.466789, 52.193100>,  <40.419079, 54.015831, 51.700974>, 0.130000
	pigment { color rgbt <1,0,0,0> }
	no_shadow
}

// nucleotide -1

// particle -1
sphere {
	<40.831573, 54.466789, 52.193100> 0.250000
	pigment { color rgbt <1,0,0,0> }
	no_shadow
}
cylinder {
	<40.606907, 54.169544, 52.338604>,  <40.472107, 53.991199, 52.425907>, 0.100000
	pigment { color rgbt <1,0,0,0> }
	no_shadow
}
cylinder {
	<40.606907, 54.169544, 52.338604>,  <40.831573, 54.466789, 52.193100>, 0.100000
	pigment { color rgbt <1,0,0,0> }
	no_shadow
}

// particle -1
sphere {
	<40.606907, 54.169544, 52.338604> 0.100000
	pigment { color rgbt <1,0,0,0> }
	no_shadow
}
sphere {
	0, 1
	scale<0.080000,0.200000,0.300000>
	matrix <0.779494, -0.327898, 0.533734,
		-0.277346, 0.583328, 0.763418,
		-0.561665, -0.743109, 0.363760,
		40.438408, 53.946613, 52.447731>
	pigment { color rgbt <0,1,1,0> }
	no_shadow
}
cylinder {
	<40.857307, 54.503666, 52.918179>,  <40.831573, 54.466789, 52.193100>, 0.130000
	pigment { color rgbt <1,0,0,0> }
	no_shadow
}

// nucleotide -1

// particle -1
sphere {
	<40.857307, 54.503666, 52.918179> 0.250000
	pigment { color rgbt <1,0,0,0> }
	no_shadow
}
cylinder {
	<40.780037, 54.129410, 52.800018>,  <40.733677, 53.904858, 52.729122>, 0.100000
	pigment { color rgbt <1,0,0,0> }
	no_shadow
}
cylinder {
	<40.780037, 54.129410, 52.800018>,  <40.857307, 54.503666, 52.918179>, 0.100000
	pigment { color rgbt <1,0,0,0> }
	no_shadow
}

// particle -1
sphere {
	<40.780037, 54.129410, 52.800018> 0.100000
	pigment { color rgbt <1,0,0,0> }
	no_shadow
}
sphere {
	0, 1
	scale<0.080000,0.200000,0.300000>
	matrix <0.872644, -0.301467, 0.384202,
		-0.448528, -0.183560, 0.874716,
		-0.193174, -0.935641, -0.295399,
		40.722084, 53.848717, 52.711399>
	pigment { color rgbt <0,1,1,0> }
	no_shadow
}
cylinder {
	<41.064972, 54.048046, 53.448357>,  <40.857307, 54.503666, 52.918179>, 0.130000
	pigment { color rgbt <1,0,0,0> }
	no_shadow
}

// nucleotide -1

// particle -1
sphere {
	<41.064972, 54.048046, 53.448357> 0.250000
	pigment { color rgbt <1,0,0,0> }
	no_shadow
}
cylinder {
	<41.083878, 53.860607, 53.095497>,  <41.095222, 53.748142, 52.883781>, 0.100000
	pigment { color rgbt <1,0,0,0> }
	no_shadow
}
cylinder {
	<41.083878, 53.860607, 53.095497>,  <41.064972, 54.048046, 53.448357>, 0.100000
	pigment { color rgbt <1,0,0,0> }
	no_shadow
}

// particle -1
sphere {
	<41.083878, 53.860607, 53.095497> 0.100000
	pigment { color rgbt <1,0,0,0> }
	no_shadow
}
sphere {
	0, 1
	scale<0.080000,0.200000,0.300000>
	matrix <0.907657, -0.348568, 0.233793,
		-0.417043, -0.811735, 0.408854,
		0.047265, -0.468601, -0.882145,
		41.098057, 53.720028, 52.830853>
	pigment { color rgbt <0,1,1,0> }
	no_shadow
}
cylinder {
	<41.591759, 53.889271, 52.937244>,  <41.064972, 54.048046, 53.448357>, 0.130000
	pigment { color rgbt <1,0,0,0> }
	no_shadow
}

// nucleotide -1

// particle -1
sphere {
	<41.591759, 53.889271, 52.937244> 0.250000
	pigment { color rgbt <1,0,0,0> }
	no_shadow
}
cylinder {
	<41.580181, 53.897797, 52.537502>,  <41.573235, 53.902912, 52.297657>, 0.100000
	pigment { color rgbt <1,0,0,0> }
	no_shadow
}
cylinder {
	<41.580181, 53.897797, 52.537502>,  <41.591759, 53.889271, 52.937244>, 0.100000
	pigment { color rgbt <1,0,0,0> }
	no_shadow
}

// particle -1
sphere {
	<41.580181, 53.897797, 52.537502> 0.100000
	pigment { color rgbt <1,0,0,0> }
	no_shadow
}
sphere {
	0, 1
	scale<0.080000,0.200000,0.300000>
	matrix <0.320399, -0.946824, -0.029476,
		-0.946836, -0.321048, 0.020744,
		-0.029104, 0.021262, -0.999350,
		41.571499, 53.904190, 52.237698>
	pigment { color rgbt <0,1,1,0> }
	no_shadow
}
cylinder {
	<42.286148, 53.487000, 52.938351>,  <41.591759, 53.889271, 52.937244>, 0.130000
	pigment { color rgbt <1,0,0,0> }
	no_shadow
}

// nucleotide -1

// particle -1
sphere {
	<42.286148, 53.487000, 52.938351> 0.250000
	pigment { color rgbt <1,0,0,0> }
	no_shadow
}
cylinder {
	<42.182858, 53.749054, 53.222355>,  <42.120884, 53.906288, 53.392757>, 0.100000
	pigment { color rgbt <1,0,0,0> }
	no_shadow
}
cylinder {
	<42.182858, 53.749054, 53.222355>,  <42.286148, 53.487000, 52.938351>, 0.100000
	pigment { color rgbt <1,0,0,0> }
	no_shadow
}

// particle -1
sphere {
	<42.182858, 53.749054, 53.222355> 0.100000
	pigment { color rgbt <1,0,0,0> }
	no_shadow
}
sphere {
	0, 1
	scale<0.080000,0.200000,0.300000>
	matrix <0.718925, -0.360620, 0.594221,
		0.645340, 0.663889, -0.377872,
		-0.258229, 0.655137, 0.710009,
		42.105389, 53.945595, 53.435356>
	pigment { color rgbt <0,1,1,0> }
	no_shadow
}
cylinder {
	<42.803856, 54.105167, 53.154724>,  <42.286148, 53.487000, 52.938351>, 0.130000
	pigment { color rgbt <1,0,0,0> }
	no_shadow
}

// nucleotide -1

// particle -1
sphere {
	<42.803856, 54.105167, 53.154724> 0.250000
	pigment { color rgbt <1,0,0,0> }
	no_shadow
}
cylinder {
	<42.584553, 54.033932, 53.481575>,  <42.452972, 53.991192, 53.677685>, 0.100000
	pigment { color rgbt <1,0,0,0> }
	no_shadow
}
cylinder {
	<42.584553, 54.033932, 53.481575>,  <42.803856, 54.105167, 53.154724>, 0.100000
	pigment { color rgbt <1,0,0,0> }
	no_shadow
}

// particle -1
sphere {
	<42.584553, 54.033932, 53.481575> 0.100000
	pigment { color rgbt <1,0,0,0> }
	no_shadow
}
sphere {
	0, 1
	scale<0.080000,0.200000,0.300000>
	matrix <0.823772, -0.283565, 0.490908,
		0.144286, 0.942272, 0.302169,
		-0.548254, -0.178087, 0.817131,
		42.420078, 53.980507, 53.726715>
	pigment { color rgbt <0,1,1,0> }
	no_shadow
}
cylinder {
	<42.926899, 54.602379, 53.786488>,  <42.803856, 54.105167, 53.154724>, 0.130000
	pigment { color rgbt <1,0,0,0> }
	no_shadow
}

// nucleotide -1

// particle -1
sphere {
	<42.926899, 54.602379, 53.786488> 0.250000
	pigment { color rgbt <1,0,0,0> }
	no_shadow
}
cylinder {
	<42.861446, 54.224106, 53.898849>,  <42.822174, 53.997143, 53.966267>, 0.100000
	pigment { color rgbt <1,0,0,0> }
	no_shadow
}
cylinder {
	<42.861446, 54.224106, 53.898849>,  <42.926899, 54.602379, 53.786488>, 0.100000
	pigment { color rgbt <1,0,0,0> }
	no_shadow
}

// particle -1
sphere {
	<42.861446, 54.224106, 53.898849> 0.100000
	pigment { color rgbt <1,0,0,0> }
	no_shadow
}
sphere {
	0, 1
	scale<0.080000,0.200000,0.300000>
	matrix <0.884306, -0.014387, 0.466687,
		-0.437298, 0.324765, 0.838629,
		-0.163629, -0.945685, 0.280901,
		42.812359, 53.940399, 53.983120>
	pigment { color rgbt <0,1,1,0> }
	no_shadow
}
cylinder {
	<43.137150, 55.329723, 53.755726>,  <42.926899, 54.602379, 53.786488>, 0.130000
	pigment { color rgbt <1,0,0,0> }
	no_shadow
}

// nucleotide -1

// particle -1
sphere {
	<43.137150, 55.329723, 53.755726> 0.250000
	pigment { color rgbt <1,0,0,0> }
	no_shadow
}
cylinder {
	<43.315605, 55.512238, 53.447762>,  <43.422680, 55.621746, 53.262981>, 0.100000
	pigment { color rgbt <1,0,0,0> }
	no_shadow
}
cylinder {
	<43.315605, 55.512238, 53.447762>,  <43.137150, 55.329723, 53.755726>, 0.100000
	pigment { color rgbt <1,0,0,0> }
	no_shadow
}

// particle -1
sphere {
	<43.315605, 55.512238, 53.447762> 0.100000
	pigment { color rgbt <1,0,0,0> }
	no_shadow
}
sphere {
	0, 1
	scale<0.080000,0.200000,0.300000>
	matrix <0.800666, 0.180874, 0.571155,
		0.399866, -0.871257, -0.284636,
		0.446140, 0.456284, -0.769912,
		43.449448, 55.649124, 53.216789>
	pigment { color rgbt <0,1,1,0> }
	no_shadow
}
cylinder {
	<43.888252, 55.051964, 53.498318>,  <43.137150, 55.329723, 53.755726>, 0.130000
	pigment { color rgbt <1,0,0,0> }
	no_shadow
}

// nucleotide -1

// particle -1
sphere {
	<43.888252, 55.051964, 53.498318> 0.250000
	pigment { color rgbt <1,0,0,0> }
	no_shadow
}
cylinder {
	<43.849014, 55.442314, 53.420296>,  <43.825470, 55.676525, 53.373482>, 0.100000
	pigment { color rgbt <1,0,0,0> }
	no_shadow
}
cylinder {
	<43.849014, 55.442314, 53.420296>,  <43.888252, 55.051964, 53.498318>, 0.100000
	pigment { color rgbt <1,0,0,0> }
	no_shadow
}

// particle -1
sphere {
	<43.849014, 55.442314, 53.420296> 0.100000
	pigment { color rgbt <1,0,0,0> }
	no_shadow
}
sphere {
	0, 1
	scale<0.080000,0.200000,0.300000>
	matrix <0.812678, 0.191679, 0.550285,
		0.574397, -0.104538, -0.811874,
		-0.098094, 0.975874, -0.195056,
		43.819588, 55.735077, 53.361778>
	pigment { color rgbt <0,1,1,0> }
	no_shadow
}
cylinder {
	<44.500584, 55.341026, 53.071079>,  <43.888252, 55.051964, 53.498318>, 0.130000
	pigment { color rgbt <1,0,0,0> }
	no_shadow
}

// nucleotide -1

// particle -1
sphere {
	<44.500584, 55.341026, 53.071079> 0.250000
	pigment { color rgbt <1,0,0,0> }
	no_shadow
}
cylinder {
	<44.346367, 55.624535, 53.307388>,  <44.253838, 55.794640, 53.449173>, 0.100000
	pigment { color rgbt <1,0,0,0> }
	no_shadow
}
cylinder {
	<44.346367, 55.624535, 53.307388>,  <44.500584, 55.341026, 53.071079>, 0.100000
	pigment { color rgbt <1,0,0,0> }
	no_shadow
}

// particle -1
sphere {
	<44.346367, 55.624535, 53.307388> 0.100000
	pigment { color rgbt <1,0,0,0> }
	no_shadow
}
sphere {
	0, 1
	scale<0.080000,0.200000,0.300000>
	matrix <0.887326, 0.109243, 0.448016,
		0.253001, 0.696933, -0.671025,
		-0.385542, 0.708766, 0.590769,
		44.230705, 55.837166, 53.484619>
	pigment { color rgbt <0,1,1,0> }
	no_shadow
}
cylinder {
	<44.712612, 56.035278, 52.891399>,  <44.500584, 55.341026, 53.071079>, 0.130000
	pigment { color rgbt <1,0,0,0> }
	no_shadow
}

// nucleotide -1

// particle -1
sphere {
	<44.712612, 56.035278, 52.891399> 0.250000
	pigment { color rgbt <1,0,0,0> }
	no_shadow
}
cylinder {
	<44.628117, 55.959229, 53.274906>,  <44.577419, 55.913601, 53.505009>, 0.100000
	pigment { color rgbt <1,0,0,0> }
	no_shadow
}
cylinder {
	<44.628117, 55.959229, 53.274906>,  <44.712612, 56.035278, 52.891399>, 0.100000
	pigment { color rgbt <1,0,0,0> }
	no_shadow
}

// particle -1
sphere {
	<44.628117, 55.959229, 53.274906> 0.100000
	pigment { color rgbt <1,0,0,0> }
	no_shadow
}
sphere {
	0, 1
	scale<0.080000,0.200000,0.300000>
	matrix <0.896201, 0.353837, 0.267624,
		-0.390128, 0.915780, 0.095640,
		-0.211243, -0.190120, 0.958765,
		44.564743, 55.902191, 53.562534>
	pigment { color rgbt <0,1,1,0> }
	no_shadow
}
cylinder {
	<44.894043, 56.635612, 53.240860>,  <44.712612, 56.035278, 52.891399>, 0.130000
	pigment { color rgbt <1,0,0,0> }
	no_shadow
}

// nucleotide -1

// particle -1
sphere {
	<44.894043, 56.635612, 53.240860> 0.250000
	pigment { color rgbt <1,0,0,0> }
	no_shadow
}
cylinder {
	<44.887897, 56.322304, 53.489456>,  <44.884209, 56.134319, 53.638615>, 0.100000
	pigment { color rgbt <1,0,0,0> }
	no_shadow
}
cylinder {
	<44.887897, 56.322304, 53.489456>,  <44.894043, 56.635612, 53.240860>, 0.100000
	pigment { color rgbt <1,0,0,0> }
	no_shadow
}

// particle -1
sphere {
	<44.887897, 56.322304, 53.489456> 0.100000
	pigment { color rgbt <1,0,0,0> }
	no_shadow
}
sphere {
	0, 1
	scale<0.080000,0.200000,0.300000>
	matrix <0.952159, 0.178271, 0.248220,
		-0.305217, 0.595574, 0.743057,
		-0.015368, -0.783269, 0.621493,
		44.883286, 56.087322, 53.675903>
	pigment { color rgbt <0,1,1,0> }
	no_shadow
}
cylinder {
	<45.174191, 56.843346, 53.909668>,  <44.894043, 56.635612, 53.240860>, 0.130000
	pigment { color rgbt <1,0,0,0> }
	no_shadow
}

// nucleotide -1

// particle -1
sphere {
	<45.174191, 56.843346, 53.909668> 0.250000
	pigment { color rgbt <1,0,0,0> }
	no_shadow
}
cylinder {
	<45.238319, 56.463310, 53.802612>,  <45.276798, 56.235291, 53.738377>, 0.100000
	pigment { color rgbt <1,0,0,0> }
	no_shadow
}
cylinder {
	<45.238319, 56.463310, 53.802612>,  <45.174191, 56.843346, 53.909668>, 0.100000
	pigment { color rgbt <1,0,0,0> }
	no_shadow
}

// particle -1
sphere {
	<45.238319, 56.463310, 53.802612> 0.100000
	pigment { color rgbt <1,0,0,0> }
	no_shadow
}
sphere {
	0, 1
	scale<0.080000,0.200000,0.300000>
	matrix <0.968083, 0.098428, 0.230494,
		-0.192645, -0.296054, 0.935542,
		0.160322, -0.950086, -0.267644,
		45.286415, 56.178284, 53.722321>
	pigment { color rgbt <0,1,1,0> }
	no_shadow
}
cylinder {
	<45.464073, 56.407902, 54.402180>,  <45.174191, 56.843346, 53.909668>, 0.130000
	pigment { color rgbt <1,0,0,0> }
	no_shadow
}

// nucleotide -1

// particle -1
sphere {
	<45.464073, 56.407902, 54.402180> 0.250000
	pigment { color rgbt <1,0,0,0> }
	no_shadow
}
cylinder {
	<45.592957, 56.248875, 54.058525>,  <45.670288, 56.153458, 53.852333>, 0.100000
	pigment { color rgbt <1,0,0,0> }
	no_shadow
}
cylinder {
	<45.592957, 56.248875, 54.058525>,  <45.464073, 56.407902, 54.402180>, 0.100000
	pigment { color rgbt <1,0,0,0> }
	no_shadow
}

// particle -1
sphere {
	<45.592957, 56.248875, 54.058525> 0.100000
	pigment { color rgbt <1,0,0,0> }
	no_shadow
}
sphere {
	0, 1
	scale<0.080000,0.200000,0.300000>
	matrix <0.946332, 0.111114, 0.303494,
		-0.025197, -0.910821, 0.412032,
		0.322211, -0.397566, -0.859140,
		45.689621, 56.129604, 53.800785>
	pigment { color rgbt <0,1,1,0> }
	no_shadow
}
cylinder {
	<45.798588, 55.794922, 54.602909>,  <45.464073, 56.407902, 54.402180>, 0.130000
	pigment { color rgbt <1,0,0,0> }
	no_shadow
}

// nucleotide -1

// particle -1
sphere {
	<45.798588, 55.794922, 54.602909> 0.250000
	pigment { color rgbt <1,0,0,0> }
	no_shadow
}
cylinder {
	<45.944050, 55.944775, 54.261757>,  <46.031326, 56.034687, 54.057064>, 0.100000
	pigment { color rgbt <1,0,0,0> }
	no_shadow
}
cylinder {
	<45.944050, 55.944775, 54.261757>,  <45.798588, 55.794922, 54.602909>, 0.100000
	pigment { color rgbt <1,0,0,0> }
	no_shadow
}

// particle -1
sphere {
	<45.944050, 55.944775, 54.261757> 0.100000
	pigment { color rgbt <1,0,0,0> }
	no_shadow
}
sphere {
	0, 1
	scale<0.080000,0.200000,0.300000>
	matrix <0.930727, -0.107991, 0.349407,
		0.038795, -0.920863, -0.387952,
		0.363651, 0.374633, -0.852882,
		46.053146, 56.057163, 54.005894>
	pigment { color rgbt <0,1,1,0> }
	no_shadow
}
cylinder {
	<46.435246, 55.535049, 54.528103>,  <45.798588, 55.794922, 54.602909>, 0.130000
	pigment { color rgbt <1,0,0,0> }
	no_shadow
}

// nucleotide -1

// particle -1
sphere {
	<46.435246, 55.535049, 54.528103> 0.250000
	pigment { color rgbt <1,0,0,0> }
	no_shadow
}
cylinder {
	<46.451813, 55.861473, 54.297508>,  <46.461754, 56.057327, 54.159153>, 0.100000
	pigment { color rgbt <1,0,0,0> }
	no_shadow
}
cylinder {
	<46.451813, 55.861473, 54.297508>,  <46.435246, 55.535049, 54.528103>, 0.100000
	pigment { color rgbt <1,0,0,0> }
	no_shadow
}

// particle -1
sphere {
	<46.451813, 55.861473, 54.297508> 0.100000
	pigment { color rgbt <1,0,0,0> }
	no_shadow
}
sphere {
	0, 1
	scale<0.080000,0.200000,0.300000>
	matrix <0.962151, 0.122970, 0.243195,
		0.269352, -0.564740, -0.780076,
		0.041416, 0.816056, -0.576487,
		46.464237, 56.106289, 54.124561>
	pigment { color rgbt <0,1,1,0> }
	no_shadow
}
cylinder {
	<47.068832, 55.552418, 54.076603>,  <46.435246, 55.535049, 54.528103>, 0.130000
	pigment { color rgbt <1,0,0,0> }
	no_shadow
}

// nucleotide -1

// particle -1
sphere {
	<47.068832, 55.552418, 54.076603> 0.250000
	pigment { color rgbt <1,0,0,0> }
	no_shadow
}
cylinder {
	<46.955116, 55.929192, 54.148094>,  <46.886887, 56.155254, 54.190990>, 0.100000
	pigment { color rgbt <1,0,0,0> }
	no_shadow
}
cylinder {
	<46.955116, 55.929192, 54.148094>,  <47.068832, 55.552418, 54.076603>, 0.100000
	pigment { color rgbt <1,0,0,0> }
	no_shadow
}

// particle -1
sphere {
	<46.955116, 55.929192, 54.148094> 0.100000
	pigment { color rgbt <1,0,0,0> }
	no_shadow
}
sphere {
	0, 1
	scale<0.080000,0.200000,0.300000>
	matrix <0.958272, 0.273357, 0.083613,
		0.029900, 0.195043, -0.980339,
		-0.284290, 0.941931, 0.178731,
		46.869831, 56.211769, 54.201714>
	pigment { color rgbt <0,1,1,0> }
	no_shadow
}
cylinder {
	<47.385815, 56.080467, 53.598381>,  <47.068832, 55.552418, 54.076603>, 0.130000
	pigment { color rgbt <1,0,0,0> }
	no_shadow
}

// nucleotide -1

// particle -1
sphere {
	<47.385815, 56.080467, 53.598381> 0.250000
	pigment { color rgbt <1,0,0,0> }
	no_shadow
}
cylinder {
	<47.291996, 56.222473, 53.960365>,  <47.235703, 56.307674, 54.177555>, 0.100000
	pigment { color rgbt <1,0,0,0> }
	no_shadow
}
cylinder {
	<47.291996, 56.222473, 53.960365>,  <47.385815, 56.080467, 53.598381>, 0.100000
	pigment { color rgbt <1,0,0,0> }
	no_shadow
}

// particle -1
sphere {
	<47.291996, 56.222473, 53.960365> 0.100000
	pigment { color rgbt <1,0,0,0> }
	no_shadow
}
sphere {
	0, 1
	scale<0.080000,0.200000,0.300000>
	matrix <0.888972, 0.455010, 0.051906,
		-0.393338, 0.816659, -0.422319,
		-0.234549, 0.355013, 0.904960,
		47.221630, 56.328976, 54.231853>
	pigment { color rgbt <0,1,1,0> }
	no_shadow
}
cylinder {
	<47.470493, 56.878353, 53.588333>,  <47.385815, 56.080467, 53.598381>, 0.130000
	pigment { color rgbt <1,0,0,0> }
	no_shadow
}

// nucleotide -1

// particle -1
sphere {
	<47.470493, 56.878353, 53.588333> 0.250000
	pigment { color rgbt <1,0,0,0> }
	no_shadow
}
cylinder {
	<47.585442, 56.740437, 53.945778>,  <47.654411, 56.657688, 54.160244>, 0.100000
	pigment { color rgbt <1,0,0,0> }
	no_shadow
}
cylinder {
	<47.585442, 56.740437, 53.945778>,  <47.470493, 56.878353, 53.588333>, 0.100000
	pigment { color rgbt <1,0,0,0> }
	no_shadow
}

// particle -1
sphere {
	<47.585442, 56.740437, 53.945778> 0.100000
	pigment { color rgbt <1,0,0,0> }
	no_shadow
}
sphere {
	0, 1
	scale<0.080000,0.200000,0.300000>
	matrix <0.858034, 0.507293, -0.080194,
		-0.425672, 0.789793, 0.441621,
		0.287368, -0.344790, 0.893610,
		47.671654, 56.637001, 54.213860>
	pigment { color rgbt <0,1,1,0> }
	no_shadow
}
cylinder {
	<47.785099, 57.444622, 54.069740>,  <47.470493, 56.878353, 53.588333>, 0.130000
	pigment { color rgbt <1,0,0,0> }
	no_shadow
}

// nucleotide -1

// particle -1
sphere {
	<47.785099, 57.444622, 54.069740> 0.250000
	pigment { color rgbt <1,0,0,0> }
	no_shadow
}
cylinder {
	<47.946880, 57.088737, 54.154430>,  <48.043949, 56.875206, 54.205242>, 0.100000
	pigment { color rgbt <1,0,0,0> }
	no_shadow
}
cylinder {
	<47.946880, 57.088737, 54.154430>,  <47.785099, 57.444622, 54.069740>, 0.100000
	pigment { color rgbt <1,0,0,0> }
	no_shadow
}

// particle -1
sphere {
	<47.946880, 57.088737, 54.154430> 0.100000
	pigment { color rgbt <1,0,0,0> }
	no_shadow
}
sphere {
	0, 1
	scale<0.080000,0.200000,0.300000>
	matrix <0.913857, 0.384105, -0.131641,
		0.035799, 0.246726, 0.968424,
		0.404455, -0.889713, 0.211722,
		48.068218, 56.821823, 54.217945>
	pigment { color rgbt <0,1,1,0> }
	no_shadow
}
cylinder {
	<48.397400, 57.508553, 54.550037>,  <47.785099, 57.444622, 54.069740>, 0.130000
	pigment { color rgbt <1,0,0,0> }
	no_shadow
}

// nucleotide -1

// particle -1
sphere {
	<48.397400, 57.508553, 54.550037> 0.250000
	pigment { color rgbt <1,0,0,0> }
	no_shadow
}
cylinder {
	<48.423000, 57.165253, 54.346344>,  <48.438362, 56.959274, 54.224129>, 0.100000
	pigment { color rgbt <1,0,0,0> }
	no_shadow
}
cylinder {
	<48.423000, 57.165253, 54.346344>,  <48.397400, 57.508553, 54.550037>, 0.100000
	pigment { color rgbt <1,0,0,0> }
	no_shadow
}

// particle -1
sphere {
	<48.423000, 57.165253, 54.346344> 0.100000
	pigment { color rgbt <1,0,0,0> }
	no_shadow
}
sphere {
	0, 1
	scale<0.080000,0.200000,0.300000>
	matrix <0.928361, 0.238412, -0.285140,
		0.366127, -0.454499, 0.812023,
		0.064001, -0.858248, -0.509229,
		48.442200, 56.907780, 54.193577>
	pigment { color rgbt <0,1,1,0> }
	no_shadow
}
cylinder {
	<49.193428, 57.130489, 54.606327>,  <48.397400, 57.508553, 54.550037>, 0.130000
	pigment { color rgbt <1,0,0,0> }
	no_shadow
}

// nucleotide -1

// particle -1
sphere {
	<49.193428, 57.130489, 54.606327> 0.250000
	pigment { color rgbt <1,0,0,0> }
	no_shadow
}
cylinder {
	<48.999088, 57.066559, 54.262604>,  <48.882484, 57.028198, 54.056370>, 0.100000
	pigment { color rgbt <1,0,0,0> }
	no_shadow
}
cylinder {
	<48.999088, 57.066559, 54.262604>,  <49.193428, 57.130489, 54.606327>, 0.100000
	pigment { color rgbt <1,0,0,0> }
	no_shadow
}

// particle -1
sphere {
	<48.999088, 57.066559, 54.262604> 0.100000
	pigment { color rgbt <1,0,0,0> }
	no_shadow
}
sphere {
	0, 1
	scale<0.080000,0.200000,0.300000>
	matrix <0.801309, 0.311196, -0.510941,
		0.349075, -0.936809, -0.023123,
		-0.485850, -0.159828, -0.859305,
		48.853333, 57.018608, 54.004814>
	pigment { color rgbt <0,1,1,0> }
	no_shadow
}
cylinder {
	<49.560394, 56.690964, 54.033695>,  <49.193428, 57.130489, 54.606327>, 0.130000
	pigment { color rgbt <1,0,0,0> }
	no_shadow
}

// nucleotide -1

// particle -1
sphere {
	<49.560394, 56.690964, 54.033695> 0.250000
	pigment { color rgbt <1,0,0,0> }
	no_shadow
}
cylinder {
	<49.308544, 56.958260, 53.875187>,  <49.157436, 57.118637, 53.780083>, 0.100000
	pigment { color rgbt <1,0,0,0> }
	no_shadow
}
cylinder {
	<49.308544, 56.958260, 53.875187>,  <49.560394, 56.690964, 54.033695>, 0.100000
	pigment { color rgbt <1,0,0,0> }
	no_shadow
}

// particle -1
sphere {
	<49.308544, 56.958260, 53.875187> 0.100000
	pigment { color rgbt <1,0,0,0> }
	no_shadow
}
sphere {
	0, 1
	scale<0.080000,0.200000,0.300000>
	matrix <0.735601, 0.348684, -0.580785,
		-0.249930, -0.657173, -0.711097,
		-0.629624, 0.668240, -0.396270,
		49.119656, 57.158730, 53.756306>
	pigment { color rgbt <0,1,1,0> }
	no_shadow
}
cylinder {
	<49.782524, 56.746460, 53.278366>,  <49.560394, 56.690964, 54.033695>, 0.130000
	pigment { color rgbt <1,0,0,0> }
	no_shadow
}

// nucleotide -1

// particle -1
sphere {
	<49.782524, 56.746460, 53.278366> 0.250000
	pigment { color rgbt <1,0,0,0> }
	no_shadow
}
cylinder {
	<49.608185, 57.079086, 53.416084>,  <49.503582, 57.278660, 53.498714>, 0.100000
	pigment { color rgbt <1,0,0,0> }
	no_shadow
}
cylinder {
	<49.608185, 57.079086, 53.416084>,  <49.782524, 56.746460, 53.278366>, 0.100000
	pigment { color rgbt <1,0,0,0> }
	no_shadow
}

// particle -1
sphere {
	<49.608185, 57.079086, 53.416084> 0.100000
	pigment { color rgbt <1,0,0,0> }
	no_shadow
}
sphere {
	0, 1
	scale<0.080000,0.200000,0.300000>
	matrix <0.704699, 0.553263, -0.444184,
		-0.559854, 0.049029, -0.827139,
		-0.435847, 0.831563, 0.344297,
		49.477432, 57.328556, 53.519375>
	pigment { color rgbt <0,1,1,0> }
	no_shadow
}
cylinder {
	<49.802574, 57.286041, 52.722942>,  <49.782524, 56.746460, 53.278366>, 0.130000
	pigment { color rgbt <1,0,0,0> }
	no_shadow
}

// nucleotide -1

// particle -1
sphere {
	<49.802574, 57.286041, 52.722942> 0.250000
	pigment { color rgbt <1,0,0,0> }
	no_shadow
}
cylinder {
	<49.786449, 57.436253, 53.093315>,  <49.776775, 57.526379, 53.315540>, 0.100000
	pigment { color rgbt <1,0,0,0> }
	no_shadow
}
cylinder {
	<49.786449, 57.436253, 53.093315>,  <49.802574, 57.286041, 52.722942>, 0.100000
	pigment { color rgbt <1,0,0,0> }
	no_shadow
}

// particle -1
sphere {
	<49.786449, 57.436253, 53.093315> 0.100000
	pigment { color rgbt <1,0,0,0> }
	no_shadow
}
sphere {
	0, 1
	scale<0.080000,0.200000,0.300000>
	matrix <0.729236, 0.644570, -0.229662,
		-0.683074, 0.665966, -0.299832,
		-0.040316, 0.375524, 0.925935,
		49.774353, 57.548908, 53.371098>
	pigment { color rgbt <0,1,1,0> }
	no_shadow
}
cylinder {
	<49.650505, 58.016560, 52.861256>,  <49.802574, 57.286041, 52.722942>, 0.130000
	pigment { color rgbt <1,0,0,0> }
	no_shadow
}

// nucleotide -1

// particle -1
sphere {
	<49.650505, 58.016560, 52.861256> 0.250000
	pigment { color rgbt <1,0,0,0> }
	no_shadow
}
cylinder {
	<49.902176, 57.937035, 53.161816>,  <50.053181, 57.889320, 53.342152>, 0.100000
	pigment { color rgbt <1,0,0,0> }
	no_shadow
}
cylinder {
	<49.902176, 57.937035, 53.161816>,  <49.650505, 58.016560, 52.861256>, 0.100000
	pigment { color rgbt <1,0,0,0> }
	no_shadow
}

// particle -1
sphere {
	<49.902176, 57.937035, 53.161816> 0.100000
	pigment { color rgbt <1,0,0,0> }
	no_shadow
}
sphere {
	0, 1
	scale<0.080000,0.200000,0.300000>
	matrix <0.620047, 0.711332, -0.330982,
		-0.468694, 0.674152, 0.570828,
		0.629180, -0.198811, 0.751403,
		50.090931, 57.877392, 53.387238>
	pigment { color rgbt <0,1,1,0> }
	no_shadow
}
cylinder {
	<49.822285, 58.642006, 53.311443>,  <49.650505, 58.016560, 52.861256>, 0.130000
	pigment { color rgbt <1,0,0,0> }
	no_shadow
}

// nucleotide -1

// particle -1
sphere {
	<49.822285, 58.642006, 53.311443> 0.250000
	pigment { color rgbt <1,0,0,0> }
	no_shadow
}
cylinder {
	<50.114548, 58.374184, 53.364876>,  <50.289906, 58.213490, 53.396935>, 0.100000
	pigment { color rgbt <1,0,0,0> }
	no_shadow
}
cylinder {
	<50.114548, 58.374184, 53.364876>,  <49.822285, 58.642006, 53.311443>, 0.100000
	pigment { color rgbt <1,0,0,0> }
	no_shadow
}

// particle -1
sphere {
	<50.114548, 58.374184, 53.364876> 0.100000
	pigment { color rgbt <1,0,0,0> }
	no_shadow
}
sphere {
	0, 1
	scale<0.080000,0.200000,0.300000>
	matrix <0.682495, 0.721599, -0.116173,
		-0.018611, 0.176053, 0.984205,
		0.730653, -0.669553, 0.133585,
		50.333744, 58.173317, 53.404953>
	pigment { color rgbt <0,1,1,0> }
	no_shadow
}
cylinder {
	<50.320690, 58.785831, 53.816849>,  <49.822285, 58.642006, 53.311443>, 0.130000
	pigment { color rgbt <1,0,0,0> }
	no_shadow
}

// nucleotide -1

// particle -1
sphere {
	<50.320690, 58.785831, 53.816849> 0.250000
	pigment { color rgbt <1,0,0,0> }
	no_shadow
}
cylinder {
	<50.512112, 58.541046, 53.564980>,  <50.626965, 58.394176, 53.413857>, 0.100000
	pigment { color rgbt <1,0,0,0> }
	no_shadow
}
cylinder {
	<50.512112, 58.541046, 53.564980>,  <50.320690, 58.785831, 53.816849>, 0.100000
	pigment { color rgbt <1,0,0,0> }
	no_shadow
}

// particle -1
sphere {
	<50.512112, 58.541046, 53.564980> 0.100000
	pigment { color rgbt <1,0,0,0> }
	no_shadow
}
sphere {
	0, 1
	scale<0.080000,0.200000,0.300000>
	matrix <0.731320, 0.674680, -0.099893,
		0.485960, -0.412690, 0.770409,
		0.478555, -0.611959, -0.629675,
		50.655678, 58.357460, 53.376076>
	pigment { color rgbt <0,1,1,0> }
	no_shadow
}
cylinder {
	<50.992317, 58.793724, 53.900681>,  <50.320690, 58.785831, 53.816849>, 0.130000
	pigment { color rgbt <1,0,0,0> }
	no_shadow
}

// nucleotide -1

// particle -1
sphere {
	<50.992317, 58.793724, 53.900681> 0.250000
	pigment { color rgbt <1,0,0,0> }
	no_shadow
}
cylinder {
	<50.985352, 58.642090, 53.530602>,  <50.981171, 58.551109, 53.308552>, 0.100000
	pigment { color rgbt <1,0,0,0> }
	no_shadow
}
cylinder {
	<50.985352, 58.642090, 53.530602>,  <50.992317, 58.793724, 53.900681>, 0.100000
	pigment { color rgbt <1,0,0,0> }
	no_shadow
}

// particle -1
sphere {
	<50.985352, 58.642090, 53.530602> 0.100000
	pigment { color rgbt <1,0,0,0> }
	no_shadow
}
sphere {
	0, 1
	scale<0.080000,0.200000,0.300000>
	matrix <0.903060, 0.391216, -0.177291,
		0.429161, -0.838598, 0.335520,
		-0.017415, -0.379082, -0.925199,
		50.980125, 58.528366, 53.253040>
	pigment { color rgbt <0,1,1,0> }
	no_shadow
}
cylinder {
	<51.548256, 58.387890, 53.806587>,  <50.992317, 58.793724, 53.900681>, 0.130000
	pigment { color rgbt <1,0,0,0> }
	no_shadow
}

// nucleotide -1

// particle -1
sphere {
	<51.548256, 58.387890, 53.806587> 0.250000
	pigment { color rgbt <1,0,0,0> }
	no_shadow
}
cylinder {
	<51.445511, 58.511833, 53.440414>,  <51.383865, 58.586201, 53.220711>, 0.100000
	pigment { color rgbt <1,0,0,0> }
	no_shadow
}
cylinder {
	<51.445511, 58.511833, 53.440414>,  <51.548256, 58.387890, 53.806587>, 0.100000
	pigment { color rgbt <1,0,0,0> }
	no_shadow
}

// particle -1
sphere {
	<51.445511, 58.511833, 53.440414> 0.100000
	pigment { color rgbt <1,0,0,0> }
	no_shadow
}
sphere {
	0, 1
	scale<0.080000,0.200000,0.300000>
	matrix <0.935024, 0.319253, -0.154297,
		0.244443, -0.895580, -0.371733,
		-0.256862, 0.309863, -0.915427,
		51.368454, 58.604794, 53.165787>
	pigment { color rgbt <0,1,1,0> }
	no_shadow
}
cylinder {
	<51.584423, 57.810909, 54.392643>,  <51.548256, 58.387890, 53.806587>, 0.130000
	pigment { color rgbt <1,0,0,0> }
	no_shadow
}

// nucleotide -1

// particle -1
sphere {
	<51.584423, 57.810909, 54.392643> 0.250000
	pigment { color rgbt <1,0,0,0> }
	no_shadow
}
cylinder {
	<51.682964, 57.694176, 54.022964>,  <51.742088, 57.624134, 53.801159>, 0.100000
	pigment { color rgbt <1,0,0,0> }
	no_shadow
}
cylinder {
	<51.682964, 57.694176, 54.022964>,  <51.584423, 57.810909, 54.392643>, 0.100000
	pigment { color rgbt <1,0,0,0> }
	no_shadow
}

// particle -1
sphere {
	<51.682964, 57.694176, 54.022964> 0.100000
	pigment { color rgbt <1,0,0,0> }
	no_shadow
}
sphere {
	0, 1
	scale<0.080000,0.200000,0.300000>
	matrix <0.969164, 0.079548, 0.233225,
		0.005455, -0.953155, 0.302433,
