// switches for output
#declare DRAW_BASES = 1; // possible values are 0, 1; only relevant for DNA ribbons
#declare DRAW_BASES_TYPE = 3; // possible values are 1, 2, 3; only relevant for DNA ribbons
#declare DRAW_FOG = 0; // set to 1 to enable fog

#include "colors.inc"

#include "transforms.inc"
background { rgb <1, 1, 1>}

#default {
   normal{
       ripples 0.25
       frequency 0.20
       turbulence 0.2
       lambda 5
   }
	finish {
		phong 0.1
		phong_size 40.
	}
}

// original window dimensions: 1024x640


// camera settings

camera {
	sky <-0, 1, 0>
	up <-0, 1, 0>
	right 1.6 * <0.99995, 0, 0.00999983>
	location <54.4867, 55, 106.329>
	look_at <55, 55, 55.0001>
	direction <0.513302, 0, -51.3289>
	angle 67.0682
}


# declare cpy_camera_pos = <54.4867, 55, 106.329>;
# if (DRAW_FOG = 1)
fog {
	fog_type 2
	up vnormalize(cpy_camera_pos)
	color rgbt<1,1,1,0.3>
	distance 1e-5
	fog_alt 3e-3
	fog_offset 88
}
# end


// LIGHTS

# declare lum = 6;
global_settings {
	ambient_light rgb lum * <0.05, 0.05, 0.05>
	max_trace_level 15
}# declare cpy_direct_light_amount = 0.25;
light_source
{	1000 * <-0.98995, -1, 1.00995>,
	rgb lum * cpy_direct_light_amount
	parallel
}

light_source
{	1000 * <0.98995, 1, -1.00995>,
	rgb lum * cpy_direct_light_amount
	parallel
}

// strand 0

// nucleotide -1

// particle -1
sphere {
	<35.798725, 51.908176, 49.892525> 0.250000
	pigment { color rgbt <1,0,0,0> }
	no_shadow
}
cylinder {
	<36.092518, 52.179615, 49.895363>,  <36.268791, 52.342476, 49.897064>, 0.100000
	pigment { color rgbt <1,0,0,0> }
	no_shadow
}
cylinder {
	<36.092518, 52.179615, 49.895363>,  <35.798725, 51.908176, 49.892525>, 0.100000
	pigment { color rgbt <1,0,0,0> }
	no_shadow
}

// particle -1
sphere {
	<36.092518, 52.179615, 49.895363> 0.100000
	pigment { color rgbt <1,0,0,0> }
	no_shadow
}
sphere {
	0, 1
	scale<0.080000,0.200000,0.300000>
	matrix <-0.066909, 0.062010, 0.995830,
		0.675324, -0.731892, 0.090949,
		0.734480, 0.678594, 0.007094,
		36.312862, 52.383194, 49.897491>
	pigment { color rgbt <0,1,1,0> }
	no_shadow
}
cylinder {
	<36.455441, 51.659107, 50.084225>,  <35.798725, 51.908176, 49.892525>, 0.130000
	pigment { color rgbt <1,0,0,0> }
	no_shadow
}

// nucleotide -1

// particle -1
sphere {
	<36.455441, 51.659107, 50.084225> 0.250000
	pigment { color rgbt <1,0,0,0> }
	no_shadow
}
cylinder {
	<36.477348, 52.044174, 50.190258>,  <36.490494, 52.275215, 50.253876>, 0.100000
	pigment { color rgbt <1,0,0,0> }
	no_shadow
}
cylinder {
	<36.477348, 52.044174, 50.190258>,  <36.455441, 51.659107, 50.084225>, 0.100000
	pigment { color rgbt <1,0,0,0> }
	no_shadow
}

// particle -1
sphere {
	<36.477348, 52.044174, 50.190258> 0.100000
	pigment { color rgbt <1,0,0,0> }
	no_shadow
}
sphere {
	0, 1
	scale<0.080000,0.200000,0.300000>
	matrix <0.056027, -0.268022, 0.961782,
		0.996926, -0.037822, -0.068614,
		0.054766, 0.962670, 0.265079,
		36.493778, 52.332973, 50.269783>
	pigment { color rgbt <0,1,1,0> }
	no_shadow
}
cylinder {
	<36.709766, 50.939327, 50.211857>,  <36.455441, 51.659107, 50.084225>, 0.130000
	pigment { color rgbt <1,0,0,0> }
	no_shadow
}

// nucleotide -1

// particle -1
sphere {
	<36.709766, 50.939327, 50.211857> 0.250000
	pigment { color rgbt <1,0,0,0> }
	no_shadow
}
cylinder {
	<36.917042, 51.169285, 50.465149>,  <37.041409, 51.307259, 50.617123>, 0.100000
	pigment { color rgbt <1,0,0,0> }
	no_shadow
}
cylinder {
	<36.917042, 51.169285, 50.465149>,  <36.709766, 50.939327, 50.211857>, 0.100000
	pigment { color rgbt <1,0,0,0> }
	no_shadow
}

// particle -1
sphere {
	<36.917042, 51.169285, 50.465149> 0.100000
	pigment { color rgbt <1,0,0,0> }
	no_shadow
}
sphere {
	0, 1
	scale<0.080000,0.200000,0.300000>
	matrix <0.569707, -0.784236, 0.245782,
		0.637897, 0.233392, -0.733904,
		0.518191, 0.574894, 0.633226,
		37.072498, 51.341751, 50.655117>
	pigment { color rgbt <0,1,1,0> }
	no_shadow
}
cylinder {
	<37.574024, 50.932991, 50.191673>,  <36.709766, 50.939327, 50.211857>, 0.130000
	pigment { color rgbt <1,0,0,0> }
	no_shadow
}

// nucleotide -1

// particle -1
sphere {
	<37.574024, 50.932991, 50.191673> 0.250000
	pigment { color rgbt <1,0,0,0> }
	no_shadow
}
cylinder {
	<37.407665, 50.989487, 50.551025>,  <37.307850, 51.023384, 50.766636>, 0.100000
	pigment { color rgbt <1,0,0,0> }
	no_shadow
}
cylinder {
	<37.407665, 50.989487, 50.551025>,  <37.574024, 50.932991, 50.191673>, 0.100000
	pigment { color rgbt <1,0,0,0> }
	no_shadow
}

// particle -1
sphere {
	<37.407665, 50.989487, 50.551025> 0.100000
	pigment { color rgbt <1,0,0,0> }
	no_shadow
}
sphere {
	0, 1
	scale<0.080000,0.200000,0.300000>
	matrix <0.384091, -0.868154, 0.314297,
		0.824318, 0.475774, 0.306819,
		-0.415900, 0.141235, 0.898376,
		37.282894, 51.031857, 50.820538>
	pigment { color rgbt <0,1,1,0> }
	no_shadow
}
cylinder {
	<37.630497, 51.598919, 50.494217>,  <37.574024, 50.932991, 50.191673>, 0.130000
	pigment { color rgbt <1,0,0,0> }
	no_shadow
}

// nucleotide -1

// particle -1
sphere {
	<37.630497, 51.598919, 50.494217> 0.250000
	pigment { color rgbt <1,0,0,0> }
	no_shadow
}
cylinder {
	<37.979576, 51.782341, 50.561302>,  <38.189022, 51.892395, 50.601555>, 0.100000
	pigment { color rgbt <1,0,0,0> }
	no_shadow
}
cylinder {
	<37.979576, 51.782341, 50.561302>,  <37.630497, 51.598919, 50.494217>, 0.100000
	pigment { color rgbt <1,0,0,0> }
	no_shadow
}

// particle -1
sphere {
	<37.979576, 51.782341, 50.561302> 0.100000
	pigment { color rgbt <1,0,0,0> }
	no_shadow
}
sphere {
	0, 1
	scale<0.080000,0.200000,0.300000>
	matrix <-0.476409, 0.874927, 0.086819,
		-0.106925, -0.155667, 0.982005,
		0.872698, 0.458553, 0.167713,
		38.241386, 51.919907, 50.611614>
	pigment { color rgbt <0,1,1,0> }
	no_shadow
}
cylinder {
	<38.096092, 51.855492, 49.936634>,  <37.630497, 51.598919, 50.494217>, 0.130000
	pigment { color rgbt <1,0,0,0> }
	no_shadow
}

// nucleotide -1

// particle -1
sphere {
	<38.096092, 51.855492, 49.936634> 0.250000
	pigment { color rgbt <1,0,0,0> }
	no_shadow
}
cylinder {
	<37.919117, 52.037407, 49.627464>,  <37.812931, 52.146557, 49.441963>, 0.100000
	pigment { color rgbt <1,0,0,0> }
	no_shadow
}
cylinder {
	<37.919117, 52.037407, 49.627464>,  <38.096092, 51.855492, 49.936634>, 0.100000
	pigment { color rgbt <1,0,0,0> }
	no_shadow
}

// particle -1
sphere {
	<37.919117, 52.037407, 49.627464> 0.100000
	pigment { color rgbt <1,0,0,0> }
	no_shadow
}
sphere {
	0, 1
	scale<0.080000,0.200000,0.300000>
	matrix <0.864065, -0.014547, -0.503169,
		-0.240081, -0.890479, -0.386533,
		-0.442439, 0.454791, -0.772925,
		37.786385, 52.173843, 49.395588>
	pigment { color rgbt <0,1,1,0> }
	no_shadow
}
cylinder {
	<38.156204, 51.576103, 49.234360>,  <38.096092, 51.855492, 49.936634>, 0.130000
	pigment { color rgbt <1,0,0,0> }
	no_shadow
}

// nucleotide -1

// particle -1
sphere {
	<38.156204, 51.576103, 49.234360> 0.250000
	pigment { color rgbt <1,0,0,0> }
	no_shadow
}
cylinder {
	<38.120373, 51.971573, 49.282532>,  <38.098873, 52.208855, 49.311436>, 0.100000
	pigment { color rgbt <1,0,0,0> }
	no_shadow
}
cylinder {
	<38.120373, 51.971573, 49.282532>,  <38.156204, 51.576103, 49.234360>, 0.100000
	pigment { color rgbt <1,0,0,0> }
	no_shadow
}

// particle -1
sphere {
	<38.120373, 51.971573, 49.282532> 0.100000
	pigment { color rgbt <1,0,0,0> }
	no_shadow
}
sphere {
	0, 1
	scale<0.080000,0.200000,0.300000>
	matrix <0.973563, 0.112426, -0.198836,
		-0.210123, 0.099433, -0.972605,
		-0.089576, 0.988673, 0.120428,
		38.093498, 52.268173, 49.318661>
	pigment { color rgbt <0,1,1,0> }
	no_shadow
}
cylinder {
	<38.160957, 51.965008, 48.524849>,  <38.156204, 51.576103, 49.234360>, 0.130000
	pigment { color rgbt <1,0,0,0> }
	no_shadow
}

// nucleotide -1

// particle -1
sphere {
	<38.160957, 51.965008, 48.524849> 0.250000
	pigment { color rgbt <1,0,0,0> }
	no_shadow
}
cylinder {
	<38.310734, 52.108635, 48.866810>,  <38.400600, 52.194813, 49.071987>, 0.100000
	pigment { color rgbt <1,0,0,0> }
	no_shadow
}
cylinder {
	<38.310734, 52.108635, 48.866810>,  <38.160957, 51.965008, 48.524849>, 0.100000
	pigment { color rgbt <1,0,0,0> }
	no_shadow
}

// particle -1
sphere {
	<38.310734, 52.108635, 48.866810> 0.100000
	pigment { color rgbt <1,0,0,0> }
	no_shadow
}
sphere {
	0, 1
	scale<0.080000,0.200000,0.300000>
	matrix <0.920681, -0.034430, -0.388793,
		-0.110170, 0.932676, -0.343480,
		0.374444, 0.359069, 0.854904,
		38.423065, 52.216354, 49.123280>
	pigment { color rgbt <0,1,1,0> }
	no_shadow
}
cylinder {
	<38.748768, 52.395306, 48.313339>,  <38.160957, 51.965008, 48.524849>, 0.130000
	pigment { color rgbt <1,0,0,0> }
	no_shadow
}

// nucleotide -1

// particle -1
sphere {
	<38.748768, 52.395306, 48.313339> 0.250000
	pigment { color rgbt <1,0,0,0> }
	no_shadow
}
cylinder {
	<38.785969, 52.291950, 48.697960>,  <38.808289, 52.229939, 48.928734>, 0.100000
	pigment { color rgbt <1,0,0,0> }
	no_shadow
}
cylinder {
	<38.785969, 52.291950, 48.697960>,  <38.748768, 52.395306, 48.313339>, 0.100000
	pigment { color rgbt <1,0,0,0> }
	no_shadow
}

// particle -1
sphere {
	<38.785969, 52.291950, 48.697960> 0.100000
	pigment { color rgbt <1,0,0,0> }
	no_shadow
}
sphere {
	0, 1
	scale<0.080000,0.200000,0.300000>
	matrix <0.995590, 0.012251, -0.093005,
		0.012251, 0.965964, 0.258384,
		0.093005, -0.258384, 0.961555,
		38.813869, 52.214436, 48.986427>
	pigment { color rgbt <0,1,1,0> }
	no_shadow
}
cylinder {
	<39.163479, 52.902393, 48.765327>,  <38.748768, 52.395306, 48.313339>, 0.130000
	pigment { color rgbt <1,0,0,0> }
	no_shadow
}

// nucleotide -1

// particle -1
sphere {
	<39.163479, 52.902393, 48.765327> 0.250000
	pigment { color rgbt <1,0,0,0> }
	no_shadow
}
cylinder {
	<39.200726, 52.512985, 48.848835>,  <39.223072, 52.279339, 48.898941>, 0.100000
	pigment { color rgbt <1,0,0,0> }
	no_shadow
}
cylinder {
	<39.200726, 52.512985, 48.848835>,  <39.163479, 52.902393, 48.765327>, 0.100000
	pigment { color rgbt <1,0,0,0> }
	no_shadow
}

// particle -1
sphere {
	<39.200726, 52.512985, 48.848835> 0.100000
	pigment { color rgbt <1,0,0,0> }
	no_shadow
}
sphere {
	0, 1
	scale<0.080000,0.200000,0.300000>
	matrix <0.962349, 0.034223, -0.269653,
		0.255368, 0.226019, 0.940055,
		0.093118, -0.973521, 0.208770,
		39.228661, 52.220928, 48.911465>
	pigment { color rgbt <0,1,1,0> }
	no_shadow
}
cylinder {
	<39.751514, 52.708530, 49.122490>,  <39.163479, 52.902393, 48.765327>, 0.130000
	pigment { color rgbt <1,0,0,0> }
	no_shadow
}

// nucleotide -1

// particle -1
sphere {
	<39.751514, 52.708530, 49.122490> 0.250000
	pigment { color rgbt <1,0,0,0> }
	no_shadow
}
cylinder {
	<39.675850, 52.357605, 48.946060>,  <39.630451, 52.147049, 48.840202>, 0.100000
	pigment { color rgbt <1,0,0,0> }
	no_shadow
}
cylinder {
	<39.675850, 52.357605, 48.946060>,  <39.751514, 52.708530, 49.122490>, 0.100000
	pigment { color rgbt <1,0,0,0> }
	no_shadow
}

// particle -1
sphere {
	<39.675850, 52.357605, 48.946060> 0.100000
	pigment { color rgbt <1,0,0,0> }
	no_shadow
}
sphere {
	0, 1
	scale<0.080000,0.200000,0.300000>
	matrix <0.980476, -0.144176, -0.133719,
		0.053721, -0.457756, 0.887453,
		-0.189160, -0.877310, -0.441074,
		39.619102, 52.094414, 48.813740>
	pigment { color rgbt <0,1,1,0> }
	no_shadow
}
cylinder {
	<39.746662, 53.414513, 49.246754>,  <39.751514, 52.708530, 49.122490>, 0.130000
	pigment { color rgbt <1,0,0,0> }
	no_shadow
}

// nucleotide -1

// particle -1
sphere {
	<39.746662, 53.414513, 49.246754> 0.250000
	pigment { color rgbt <1,0,0,0> }
	no_shadow
}
cylinder {
	<39.716537, 53.127190, 49.523407>,  <39.698463, 52.954796, 49.689400>, 0.100000
	pigment { color rgbt <1,0,0,0> }
	no_shadow
}
cylinder {
	<39.716537, 53.127190, 49.523407>,  <39.746662, 53.414513, 49.246754>, 0.100000
	pigment { color rgbt <1,0,0,0> }
	no_shadow
}

// particle -1
sphere {
	<39.716537, 53.127190, 49.523407> 0.100000
	pigment { color rgbt <1,0,0,0> }
	no_shadow
}
sphere {
	0, 1
	scale<0.080000,0.200000,0.300000>
	matrix <0.901803, -0.345055, -0.260170,
		0.425535, 0.604127, 0.673759,
		-0.075308, -0.718309, 0.691636,
		39.693947, 52.911697, 49.730896>
	pigment { color rgbt <0,1,1,0> }
	no_shadow
}
cylinder {
	<40.341328, 53.424736, 49.721115>,  <39.746662, 53.414513, 49.246754>, 0.130000
	pigment { color rgbt <1,0,0,0> }
	no_shadow
}

// nucleotide -1

// particle -1
sphere {
	<40.341328, 53.424736, 49.721115> 0.250000
	pigment { color rgbt <1,0,0,0> }
	no_shadow
}
cylinder {
	<40.208061, 53.047646, 49.714554>,  <40.128101, 52.821392, 49.710617>, 0.100000
	pigment { color rgbt <1,0,0,0> }
	no_shadow
}
cylinder {
	<40.208061, 53.047646, 49.714554>,  <40.341328, 53.424736, 49.721115>, 0.100000
	pigment { color rgbt <1,0,0,0> }
	no_shadow
}

// particle -1
sphere {
	<40.208061, 53.047646, 49.714554> 0.100000
	pigment { color rgbt <1,0,0,0> }
	no_shadow
}
sphere {
	0, 1
	scale<0.080000,0.200000,0.300000>
	matrix <0.942246, -0.332258, -0.042169,
		0.034303, -0.029506, 0.998976,
		-0.333162, -0.942727, -0.016404,
		40.108112, 52.764828, 49.709633>
	pigment { color rgbt <0,1,1,0> }
	no_shadow
}
cylinder {
	<40.596676, 53.001484, 50.308605>,  <40.341328, 53.424736, 49.721115>, 0.130000
	pigment { color rgbt <1,0,0,0> }
	no_shadow
}

// nucleotide -1

// particle -1
sphere {
	<40.596676, 53.001484, 50.308605> 0.250000
	pigment { color rgbt <1,0,0,0> }
	no_shadow
}
cylinder {
	<40.556782, 52.831429, 49.948761>,  <40.532845, 52.729393, 49.732853>, 0.100000
	pigment { color rgbt <1,0,0,0> }
	no_shadow
}
cylinder {
	<40.556782, 52.831429, 49.948761>,  <40.596676, 53.001484, 50.308605>, 0.100000
	pigment { color rgbt <1,0,0,0> }
	no_shadow
}

// particle -1
sphere {
	<40.556782, 52.831429, 49.948761> 0.100000
	pigment { color rgbt <1,0,0,0> }
	no_shadow
}
sphere {
	0, 1
	scale<0.080000,0.200000,0.300000>
	matrix <0.971868, -0.235500, 0.003543,
		-0.213366, -0.873953, 0.436670,
		-0.099740, -0.425141, -0.899615,
		40.526859, 52.703888, 49.678875>
	pigment { color rgbt <0,1,1,0> }
	no_shadow
}
cylinder {
	<40.788986, 52.204128, 50.294891>,  <40.596676, 53.001484, 50.308605>, 0.130000
	pigment { color rgbt <1,0,0,0> }
	no_shadow
}

// nucleotide -1

// particle -1
sphere {
	<40.788986, 52.204128, 50.294891> 0.250000
	pigment { color rgbt <1,0,0,0> }
	no_shadow
}
cylinder {
	<40.838974, 52.391853, 49.945232>,  <40.868965, 52.504486, 49.735435>, 0.100000
	pigment { color rgbt <1,0,0,0> }
	no_shadow
}
cylinder {
	<40.838974, 52.391853, 49.945232>,  <40.788986, 52.204128, 50.294891>, 0.100000
	pigment { color rgbt <1,0,0,0> }
	no_shadow
}

// particle -1
sphere {
	<40.838974, 52.391853, 49.945232> 0.100000
	pigment { color rgbt <1,0,0,0> }
	no_shadow
}
sphere {
	0, 1
	scale<0.080000,0.200000,0.300000>
	matrix <0.991876, -0.080208, 0.098734,
		-0.023777, -0.879384, -0.475520,
		0.124965, 0.469309, -0.874147,
		40.876465, 52.532646, 49.682987>
	pigment { color rgbt <0,1,1,0> }
	no_shadow
}
cylinder {
	<41.241142, 51.734108, 49.760609>,  <40.788986, 52.204128, 50.294891>, 0.130000
	pigment { color rgbt <1,0,0,0> }
	no_shadow
}

// nucleotide -1

// particle -1
sphere {
	<41.241142, 51.734108, 49.760609> 0.250000
	pigment { color rgbt <1,0,0,0> }
	no_shadow
}
cylinder {
	<41.276829, 52.118000, 49.654064>,  <41.298241, 52.348335, 49.590137>, 0.100000
	pigment { color rgbt <1,0,0,0> }
	no_shadow
}
cylinder {
	<41.276829, 52.118000, 49.654064>,  <41.241142, 51.734108, 49.760609>, 0.100000
	pigment { color rgbt <1,0,0,0> }
	no_shadow
}

// particle -1
sphere {
	<41.276829, 52.118000, 49.654064> 0.100000
	pigment { color rgbt <1,0,0,0> }
	no_shadow
}
sphere {
	0, 1
	scale<0.080000,0.200000,0.300000>
	matrix <0.994788, -0.099116, -0.023927,
		-0.049365, -0.262841, -0.963575,
		0.089217, 0.959735, -0.266364,
		41.303593, 52.405922, 49.574154>
	pigment { color rgbt <0,1,1,0> }
	no_shadow
}
cylinder {
	<41.568802, 51.888847, 49.041794>,  <41.241142, 51.734108, 49.760609>, 0.130000
	pigment { color rgbt <1,0,0,0> }
	no_shadow
}

// nucleotide -1

// particle -1
sphere {
	<41.568802, 51.888847, 49.041794> 0.250000
	pigment { color rgbt <1,0,0,0> }
	no_shadow
}
cylinder {
	<41.644119, 52.169464, 49.316715>,  <41.689312, 52.337833, 49.481667>, 0.100000
	pigment { color rgbt <1,0,0,0> }
	no_shadow
}
cylinder {
	<41.644119, 52.169464, 49.316715>,  <41.568802, 51.888847, 49.041794>, 0.100000
	pigment { color rgbt <1,0,0,0> }
	no_shadow
}

// particle -1
sphere {
	<41.644119, 52.169464, 49.316715> 0.100000
	pigment { color rgbt <1,0,0,0> }
	no_shadow
}
sphere {
	0, 1
	scale<0.080000,0.200000,0.300000>
	matrix <0.958356, -0.284240, 0.027572,
		0.214701, 0.653487, -0.725850,
		0.188298, 0.701543, 0.687300,
		41.700607, 52.379929, 49.522903>
	pigment { color rgbt <0,1,1,0> }
	no_shadow
}
cylinder {
	<41.946495, 52.495979, 48.660625>,  <41.568802, 51.888847, 49.041794>, 0.130000
	pigment { color rgbt <1,0,0,0> }
	no_shadow
}

// nucleotide -1

// particle -1
sphere {
	<41.946495, 52.495979, 48.660625> 0.250000
	pigment { color rgbt <1,0,0,0> }
	no_shadow
}
cylinder {
	<42.011517, 52.428757, 49.049538>,  <42.050529, 52.388424, 49.282887>, 0.100000
	pigment { color rgbt <1,0,0,0> }
	no_shadow
}
cylinder {
	<42.011517, 52.428757, 49.049538>,  <41.946495, 52.495979, 48.660625>, 0.100000
	pigment { color rgbt <1,0,0,0> }
	no_shadow
}

// particle -1
sphere {
	<42.011517, 52.428757, 49.049538> 0.100000
	pigment { color rgbt <1,0,0,0> }
	no_shadow
}
sphere {
	0, 1
	scale<0.080000,0.200000,0.300000>
	matrix <0.980247, -0.085001, -0.178577,
		0.112656, 0.982106, 0.150920,
		0.162553, -0.168057, 0.972283,
		42.060284, 52.378338, 49.341221>
	pigment { color rgbt <0,1,1,0> }
	no_shadow
}
cylinder {
	<42.346806, 53.067749, 49.122440>,  <41.946495, 52.495979, 48.660625>, 0.130000
	pigment { color rgbt <1,0,0,0> }
	no_shadow
}

// nucleotide -1

// particle -1
sphere {
	<42.346806, 53.067749, 49.122440> 0.250000
	pigment { color rgbt <1,0,0,0> }
	no_shadow
}
cylinder {
	<42.409096, 52.688862, 49.234535>,  <42.446468, 52.461529, 49.301792>, 0.100000
	pigment { color rgbt <1,0,0,0> }
	no_shadow
}
cylinder {
	<42.409096, 52.688862, 49.234535>,  <42.346806, 53.067749, 49.122440>, 0.100000
	pigment { color rgbt <1,0,0,0> }
	no_shadow
}

// particle -1
sphere {
	<42.409096, 52.688862, 49.234535> 0.100000
	pigment { color rgbt <1,0,0,0> }
	no_shadow
}
sphere {
	0, 1
	scale<0.080000,0.200000,0.300000>
	matrix <0.985940, 0.166450, 0.014729,
		-0.060597, 0.274005, 0.959817,
		0.155726, -0.947215, 0.280239,
		42.455814, 52.404697, 49.318607>
	pigment { color rgbt <0,1,1,0> }
	no_shadow
}
cylinder {
	<42.829990, 53.015476, 49.797215>,  <42.346806, 53.067749, 49.122440>, 0.130000
	pigment { color rgbt <1,0,0,0> }
	no_shadow
}

// nucleotide -1

// particle -1
sphere {
	<42.829990, 53.015476, 49.797215> 0.250000
	pigment { color rgbt <1,0,0,0> }
	no_shadow
}
cylinder {
	<42.877033, 52.715111, 49.537277>,  <42.905258, 52.534893, 49.381313>, 0.100000
	pigment { color rgbt <1,0,0,0> }
	no_shadow
}
cylinder {
	<42.877033, 52.715111, 49.537277>,  <42.829990, 53.015476, 49.797215>, 0.100000
	pigment { color rgbt <1,0,0,0> }
	no_shadow
}

// particle -1
sphere {
	<42.877033, 52.715111, 49.537277> 0.100000
	pigment { color rgbt <1,0,0,0> }
	no_shadow
}
sphere {
	0, 1
	scale<0.080000,0.200000,0.300000>
	matrix <0.992956, 0.098427, 0.065963,
		0.014429, -0.653024, 0.757200,
		0.117604, -0.750914, -0.649844,
		42.912315, 52.489838, 49.342323>
	pigment { color rgbt <0,1,1,0> }
	no_shadow
}
cylinder {
	<43.395287, 52.621902, 50.173641>,  <42.829990, 53.015476, 49.797215>, 0.130000
	pigment { color rgbt <1,0,0,0> }
	no_shadow
}

// nucleotide -1

// particle -1
sphere {
	<43.395287, 52.621902, 50.173641> 0.250000
	pigment { color rgbt <1,0,0,0> }
	no_shadow
}
cylinder {
	<43.361843, 52.561924, 49.779579>,  <43.341778, 52.525936, 49.543144>, 0.100000
	pigment { color rgbt <1,0,0,0> }
	no_shadow
}
cylinder {
	<43.361843, 52.561924, 49.779579>,  <43.395287, 52.621902, 50.173641>, 0.100000
	pigment { color rgbt <1,0,0,0> }
	no_shadow
}

// particle -1
sphere {
	<43.361843, 52.561924, 49.779579> 0.100000
	pigment { color rgbt <1,0,0,0> }
	no_shadow
}
sphere {
	0, 1
	scale<0.080000,0.200000,0.300000>
	matrix <0.996089, 0.015798, -0.086940,
		0.028599, -0.988568, 0.148036,
		-0.083607, -0.149944, -0.985153,
		43.336761, 52.516941, 49.484032>
	pigment { color rgbt <0,1,1,0> }
	no_shadow
}
cylinder {
	<43.788643, 52.022133, 50.005905>,  <43.395287, 52.621902, 50.173641>, 0.130000
	pigment { color rgbt <1,0,0,0> }
	no_shadow
}

// nucleotide -1

// particle -1
sphere {
	<43.788643, 52.022133, 50.005905> 0.250000
	pigment { color rgbt <1,0,0,0> }
	no_shadow
}
cylinder {
	<43.777576, 52.286129, 49.705597>,  <43.770935, 52.444527, 49.525414>, 0.100000
	pigment { color rgbt <1,0,0,0> }
	no_shadow
}
cylinder {
	<43.777576, 52.286129, 49.705597>,  <43.788643, 52.022133, 50.005905>, 0.100000
	pigment { color rgbt <1,0,0,0> }
	no_shadow
}

// particle -1
sphere {
	<43.777576, 52.286129, 49.705597> 0.100000
	pigment { color rgbt <1,0,0,0> }
	no_shadow
}
sphere {
	0, 1
	scale<0.080000,0.200000,0.300000>
	matrix <0.999209, -0.003219, -0.039650,
		-0.028585, -0.751270, -0.659376,
		-0.027665, 0.659988, -0.750767,
		43.769276, 52.484127, 49.480366>
	pigment { color rgbt <0,1,1,0> }
	no_shadow
}
cylinder {
	<44.446301, 52.321686, 50.231781>,  <43.788643, 52.022133, 50.005905>, 0.130000
	pigment { color rgbt <1,0,0,0> }
	no_shadow
}

// nucleotide -1

// particle -1
sphere {
	<44.446301, 52.321686, 50.231781> 0.250000
	pigment { color rgbt <1,0,0,0> }
	no_shadow
}
cylinder {
	<44.459850, 52.195599, 50.611145>,  <44.467979, 52.119946, 50.838764>, 0.100000
	pigment { color rgbt <1,0,0,0> }
	no_shadow
}
cylinder {
	<44.459850, 52.195599, 50.611145>,  <44.446301, 52.321686, 50.231781>, 0.100000
	pigment { color rgbt <1,0,0,0> }
	no_shadow
}

// particle -1
sphere {
	<44.459850, 52.195599, 50.611145> 0.100000
	pigment { color rgbt <1,0,0,0> }
	no_shadow
}
sphere {
	0, 1
	scale<0.080000,0.200000,0.300000>
	matrix <0.999411, 0.005481, -0.033879,
		0.005481, 0.949002, 0.315221,
		0.033879, -0.315221, 0.948413,
		44.470013, 52.101032, 50.895668>
	pigment { color rgbt <0,1,1,0> }
	no_shadow
}
cylinder {
	<44.990501, 52.669140, 50.534370>,  <44.446301, 52.321686, 50.231781>, 0.130000
	pigment { color rgbt <1,0,0,0> }
	no_shadow
}

// nucleotide -1

// particle -1
sphere {
	<44.990501, 52.669140, 50.534370> 0.250000
	pigment { color rgbt <1,0,0,0> }
	no_shadow
}
cylinder {
	<44.896912, 52.378387, 50.792641>,  <44.840759, 52.203938, 50.947605>, 0.100000
	pigment { color rgbt <1,0,0,0> }
	no_shadow
}
cylinder {
	<44.896912, 52.378387, 50.792641>,  <44.990501, 52.669140, 50.534370>, 0.100000
	pigment { color rgbt <1,0,0,0> }
	no_shadow
}

// particle -1
sphere {
	<44.896912, 52.378387, 50.792641> 0.100000
	pigment { color rgbt <1,0,0,0> }
	no_shadow
}
sphere {
	0, 1
	scale<0.080000,0.200000,0.300000>
	matrix <0.925239, 0.037531, 0.377525,
		-0.298648, 0.685739, 0.663756,
		-0.233972, -0.726880, 0.645680,
		44.826721, 52.160324, 50.986343>
	pigment { color rgbt <0,1,1,0> }
	no_shadow
}
cylinder {
	<45.087524, 52.936596, 51.108803>,  <44.990501, 52.669140, 50.534370>, 0.130000
	pigment { color rgbt <1,0,0,0> }
	no_shadow
}

// nucleotide -1

// particle -1
sphere {
	<45.087524, 52.936596, 51.108803> 0.250000
	pigment { color rgbt <1,0,0,0> }
	no_shadow
}
cylinder {
	<45.148338, 52.542362, 51.138515>,  <45.184826, 52.305824, 51.156342>, 0.100000
	pigment { color rgbt <1,0,0,0> }
	no_shadow
}
cylinder {
	<45.148338, 52.542362, 51.138515>,  <45.087524, 52.936596, 51.108803>, 0.100000
	pigment { color rgbt <1,0,0,0> }
	no_shadow
}

// particle -1
sphere {
	<45.148338, 52.542362, 51.138515> 0.100000
	pigment { color rgbt <1,0,0,0> }
	no_shadow
}
sphere {
	0, 1
	scale<0.080000,0.200000,0.300000>
	matrix <0.908337, 0.168949, 0.382596,
		-0.389629, 0.009303, 0.920925,
		0.152030, -0.985581, 0.074278,
		45.193947, 52.246689, 51.160797>
	pigment { color rgbt <0,1,1,0> }
	no_shadow
}
cylinder {
	<45.159218, 52.740891, 51.841469>,  <45.087524, 52.936596, 51.108803>, 0.130000
	pigment { color rgbt <1,0,0,0> }
	no_shadow
}

// nucleotide -1

// particle -1
sphere {
	<45.159218, 52.740891, 51.841469> 0.250000
	pigment { color rgbt <1,0,0,0> }
	no_shadow
}
cylinder {
	<45.366150, 52.484245, 51.614948>,  <45.490311, 52.330257, 51.479034>, 0.100000
	pigment { color rgbt <1,0,0,0> }
	no_shadow
}
cylinder {
	<45.366150, 52.484245, 51.614948>,  <45.159218, 52.740891, 51.841469>, 0.100000
	pigment { color rgbt <1,0,0,0> }
	no_shadow
}

// particle -1
sphere {
	<45.366150, 52.484245, 51.614948> 0.100000
	pigment { color rgbt <1,0,0,0> }
	no_shadow
}
sphere {
	0, 1
	scale<0.080000,0.200000,0.300000>
	matrix <0.825685, 0.200260, 0.527390,
		-0.224975, -0.740421, 0.633374,
		0.517330, -0.641617, -0.566301,
		45.521347, 52.291759, 51.445057>
	pigment { color rgbt <0,1,1,0> }
	no_shadow
}
cylinder {
	<45.826286, 52.591755, 52.173504>,  <45.159218, 52.740891, 51.841469>, 0.130000
	pigment { color rgbt <1,0,0,0> }
	no_shadow
}

// nucleotide -1

// particle -1
sphere {
	<45.826286, 52.591755, 52.173504> 0.250000
	pigment { color rgbt <1,0,0,0> }
	no_shadow
}
cylinder {
	<45.875889, 52.466087, 51.797012>,  <45.905651, 52.390686, 51.571117>, 0.100000
	pigment { color rgbt <1,0,0,0> }
	no_shadow
}
cylinder {
	<45.875889, 52.466087, 51.797012>,  <45.826286, 52.591755, 52.173504>, 0.100000
	pigment { color rgbt <1,0,0,0> }
	no_shadow
}

// particle -1
sphere {
	<45.875889, 52.466087, 51.797012> 0.100000
	pigment { color rgbt <1,0,0,0> }
	no_shadow
}
sphere {
	0, 1
	scale<0.080000,0.200000,0.300000>
	matrix <0.966477, 0.253156, 0.042834,
		0.224822, -0.914992, 0.335029,
		0.124008, -0.314168, -0.941234,
		45.913090, 52.371838, 51.514641>
	pigment { color rgbt <0,1,1,0> }
	no_shadow
}
cylinder {
	<46.438400, 52.176289, 52.057835>,  <45.826286, 52.591755, 52.173504>, 0.130000
	pigment { color rgbt <1,0,0,0> }
	no_shadow
}

// nucleotide -1

// particle -1
sphere {
	<46.438400, 52.176289, 52.057835> 0.250000
	pigment { color rgbt <1,0,0,0> }
	no_shadow
}
cylinder {
	<46.345238, 52.377346, 51.724823>,  <46.289341, 52.497978, 51.525017>, 0.100000
	pigment { color rgbt <1,0,0,0> }
	no_shadow
}
cylinder {
	<46.345238, 52.377346, 51.724823>,  <46.438400, 52.176289, 52.057835>, 0.100000
	pigment { color rgbt <1,0,0,0> }
	no_shadow
}

// particle -1
sphere {
	<46.345238, 52.377346, 51.724823> 0.100000
	pigment { color rgbt <1,0,0,0> }
	no_shadow
}
sphere {
	0, 1
	scale<0.080000,0.200000,0.300000>
	matrix <0.946705, 0.313042, -0.075853,
		0.222490, -0.805828, -0.548762,
		-0.232910, 0.502639, -0.832530,
		46.275364, 52.528137, 51.475063>
	pigment { color rgbt <0,1,1,0> }
	no_shadow
}
cylinder {
	<46.814312, 51.955750, 51.488113>,  <46.438400, 52.176289, 52.057835>, 0.130000
	pigment { color rgbt <1,0,0,0> }
	no_shadow
}

// nucleotide -1

// particle -1
sphere {
	<46.814312, 51.955750, 51.488113> 0.250000
	pigment { color rgbt <1,0,0,0> }
	no_shadow
}
cylinder {
	<46.707893, 52.334785, 51.417358>,  <46.644043, 52.562206, 51.374905>, 0.100000
	pigment { color rgbt <1,0,0,0> }
	no_shadow
}
cylinder {
	<46.707893, 52.334785, 51.417358>,  <46.814312, 51.955750, 51.488113>, 0.100000
	pigment { color rgbt <1,0,0,0> }
	no_shadow
}

// particle -1
sphere {
	<46.707893, 52.334785, 51.417358> 0.100000
	pigment { color rgbt <1,0,0,0> }
	no_shadow
}
sphere {
	0, 1
	scale<0.080000,0.200000,0.300000>
	matrix <0.954665, 0.284430, 0.087830,
		0.133538, -0.145497, -0.980305,
		-0.266049, 0.947592, -0.176883,
		46.628078, 52.619064, 51.364292>
	pigment { color rgbt <0,1,1,0> }
	no_shadow
}
cylinder {
	<47.269527, 52.274578, 50.912155>,  <46.814312, 51.955750, 51.488113>, 0.130000
	pigment { color rgbt <1,0,0,0> }
	no_shadow
}

// nucleotide -1

// particle -1
sphere {
	<47.269527, 52.274578, 50.912155> 0.250000
	pigment { color rgbt <1,0,0,0> }
	no_shadow
}
cylinder {
	<47.129841, 52.549934, 51.166451>,  <47.046028, 52.715149, 51.319027>, 0.100000
	pigment { color rgbt <1,0,0,0> }
	no_shadow
}
cylinder {
	<47.129841, 52.549934, 51.166451>,  <47.269527, 52.274578, 50.912155>, 0.100000
	pigment { color rgbt <1,0,0,0> }
	no_shadow
}

// particle -1
sphere {
	<47.129841, 52.549934, 51.166451> 0.100000
	pigment { color rgbt <1,0,0,0> }
	no_shadow
}
sphere {
	0, 1
	scale<0.080000,0.200000,0.300000>
	matrix <0.895785, 0.444354, 0.010907,
		-0.274983, 0.573291, -0.771830,
		-0.349219, 0.688395, 0.635735,
		47.025074, 52.756454, 51.357170>
	pigment { color rgbt <0,1,1,0> }
	no_shadow
}
cylinder {
	<47.630531, 52.841846, 50.845551>,  <47.269527, 52.274578, 50.912155>, 0.130000
	pigment { color rgbt <1,0,0,0> }
	no_shadow
}

// nucleotide -1

// particle -1
sphere {
	<47.630531, 52.841846, 50.845551> 0.250000
	pigment { color rgbt <1,0,0,0> }
	no_shadow
}
cylinder {
	<47.479897, 52.889053, 51.213085>,  <47.389515, 52.917377, 51.433605>, 0.100000
	pigment { color rgbt <1,0,0,0> }
	no_shadow
}
cylinder {
	<47.479897, 52.889053, 51.213085>,  <47.630531, 52.841846, 50.845551>, 0.100000
	pigment { color rgbt <1,0,0,0> }
	no_shadow
}

// particle -1
sphere {
	<47.479897, 52.889053, 51.213085> 0.100000
	pigment { color rgbt <1,0,0,0> }
	no_shadow
}
sphere {
	0, 1
	scale<0.080000,0.200000,0.300000>
	matrix <0.925168, 0.098635, 0.366517,
		-0.047373, 0.988100, -0.146333,
		-0.376589, 0.118020, 0.918832,
		47.366920, 52.924458, 51.488735>
	pigment { color rgbt <0,1,1,0> }
	no_shadow
}
cylinder {
	<47.996994, 53.427765, 51.233875>,  <47.630531, 52.841846, 50.845551>, 0.130000
	pigment { color rgbt <1,0,0,0> }
	no_shadow
}

// nucleotide -1

// particle -1
sphere {
	<47.996994, 53.427765, 51.233875> 0.250000
	pigment { color rgbt <1,0,0,0> }
	no_shadow
}
cylinder {
	<47.849953, 53.144112, 51.474541>,  <47.761730, 52.973919, 51.618942>, 0.100000
	pigment { color rgbt <1,0,0,0> }
	no_shadow
}
cylinder {
	<47.849953, 53.144112, 51.474541>,  <47.996994, 53.427765, 51.233875>, 0.100000
	pigment { color rgbt <1,0,0,0> }
	no_shadow
}

// particle -1
sphere {
	<47.849953, 53.144112, 51.474541> 0.100000
	pigment { color rgbt <1,0,0,0> }
	no_shadow
}
sphere {
	0, 1
	scale<0.080000,0.200000,0.300000>
	matrix <0.921201, -0.188945, 0.340131,
		-0.127516, 0.679287, 0.722710,
		-0.367599, -0.709133, 0.601666,
		47.739674, 52.931374, 51.655041>
	pigment { color rgbt <0,1,1,0> }
	no_shadow
}
cylinder {
	<48.114864, 53.684288, 51.933048>,  <47.996994, 53.427765, 51.233875>, 0.130000
	pigment { color rgbt <1,0,0,0> }
	no_shadow
}

// nucleotide -1

// particle -1
sphere {
	<48.114864, 53.684288, 51.933048> 0.250000
	pigment { color rgbt <1,0,0,0> }
	no_shadow
}
cylinder {
	<48.116409, 53.289036, 51.871620>,  <48.117336, 53.051884, 51.834763>, 0.100000
	pigment { color rgbt <1,0,0,0> }
	no_shadow
}
cylinder {
	<48.116409, 53.289036, 51.871620>,  <48.114864, 53.684288, 51.933048>, 0.100000
	pigment { color rgbt <1,0,0,0> }
	no_shadow
}

// particle -1
sphere {
	<48.116409, 53.289036, 51.871620> 0.100000
	pigment { color rgbt <1,0,0,0> }
	no_shadow
}
sphere {
	0, 1
	scale<0.080000,0.200000,0.300000>
	matrix <0.956475, -0.041162, 0.288895,
		-0.291787, -0.148002, 0.944963,
		0.003860, -0.988130, -0.153571,
		48.117569, 52.992596, 51.825550>
	pigment { color rgbt <0,1,1,0> }
	no_shadow
}
cylinder {
	<48.245560, 53.331409, 52.644917>,  <48.114864, 53.684288, 51.933048>, 0.130000
	pigment { color rgbt <1,0,0,0> }
	no_shadow
}

// nucleotide -1

// particle -1
sphere {
	<48.245560, 53.331409, 52.644917> 0.250000
	pigment { color rgbt <1,0,0,0> }
	no_shadow
}
cylinder {
	<48.388546, 53.129208, 52.330799>,  <48.474339, 53.007885, 52.142330>, 0.100000
	pigment { color rgbt <1,0,0,0> }
	no_shadow
}
cylinder {
	<48.388546, 53.129208, 52.330799>,  <48.245560, 53.331409, 52.644917>, 0.100000
	pigment { color rgbt <1,0,0,0> }
	no_shadow
}

// particle -1
sphere {
	<48.388546, 53.129208, 52.330799> 0.100000
	pigment { color rgbt <1,0,0,0> }
	no_shadow
}
sphere {
	0, 1
	scale<0.080000,0.200000,0.300000>
	matrix <0.875997, -0.110044, 0.469594,
		-0.323800, -0.855777, 0.403485,
		0.357467, -0.505506, -0.785290,
		48.495785, 52.977554, 52.095211>
	pigment { color rgbt <0,1,1,0> }
	no_shadow
}
cylinder {
	<48.362801, 52.625656, 52.828876>,  <48.245560, 53.331409, 52.644917>, 0.130000
	pigment { color rgbt <1,0,0,0> }
	no_shadow
}

// nucleotide -1

// particle -1
sphere {
	<48.362801, 52.625656, 52.828876> 0.250000
	pigment { color rgbt <1,0,0,0> }
	no_shadow
}
cylinder {
	<48.607475, 52.797897, 52.563423>,  <48.754280, 52.901241, 52.404152>, 0.100000
	pigment { color rgbt <1,0,0,0> }
	no_shadow
}
cylinder {
	<48.607475, 52.797897, 52.563423>,  <48.362801, 52.625656, 52.828876>, 0.100000
	pigment { color rgbt <1,0,0,0> }
	no_shadow
}

// particle -1
sphere {
	<48.607475, 52.797897, 52.563423> 0.100000
	pigment { color rgbt <1,0,0,0> }
	no_shadow
}
sphere {
	0, 1
	scale<0.080000,0.200000,0.300000>
	matrix <0.767491, -0.119619, 0.629800,
		0.191810, -0.894579, -0.403654,
		0.611691, 0.430603, -0.663637,
		48.790981, 52.927078, 52.364330>
	pigment { color rgbt <0,1,1,0> }
	no_shadow
}
cylinder {
	<49.050003, 52.252102, 52.611076>,  <48.362801, 52.625656, 52.828876>, 0.130000
	pigment { color rgbt <1,0,0,0> }
	no_shadow
}

// nucleotide -1

// particle -1
sphere {
	<49.050003, 52.252102, 52.611076> 0.250000
	pigment { color rgbt <1,0,0,0> }
	no_shadow
}
cylinder {
	<49.042404, 52.650108, 52.650234>,  <49.037846, 52.888912, 52.673729>, 0.100000
	pigment { color rgbt <1,0,0,0> }
	no_shadow
}
cylinder {
	<49.042404, 52.650108, 52.650234>,  <49.050003, 52.252102, 52.611076>, 0.100000
	pigment { color rgbt <1,0,0,0> }
	no_shadow
}

// particle -1
sphere {
	<49.042404, 52.650108, 52.650234> 0.100000
	pigment { color rgbt <1,0,0,0> }
	no_shadow
}
sphere {
	0, 1
	scale<0.080000,0.200000,0.300000>
	matrix <0.745859, -0.051101, 0.664141,
		0.665833, 0.085628, -0.741171,
		-0.018994, 0.995016, 0.097891,
		49.036705, 52.948612, 52.679600>
	pigment { color rgbt <0,1,1,0> }
	no_shadow
}
cylinder {
	<49.741737, 52.445225, 52.711281>,  <49.050003, 52.252102, 52.611076>, 0.130000
	pigment { color rgbt <1,0,0,0> }
	no_shadow
}

// nucleotide -1

// particle -1
sphere {
	<49.741737, 52.445225, 52.711281> 0.250000
	pigment { color rgbt <1,0,0,0> }
	no_shadow
}
cylinder {
	<49.491638, 52.714592, 52.869049>,  <49.341579, 52.876213, 52.963711>, 0.100000
	pigment { color rgbt <1,0,0,0> }
	no_shadow
}
cylinder {
	<49.491638, 52.714592, 52.869049>,  <49.741737, 52.445225, 52.711281>, 0.100000
	pigment { color rgbt <1,0,0,0> }
	no_shadow
}

// particle -1
sphere {
	<49.491638, 52.714592, 52.869049> 0.100000
	pigment { color rgbt <1,0,0,0> }
	no_shadow
}
sphere {
	0, 1
	scale<0.080000,0.200000,0.300000>
	matrix <0.581897, 0.065489, 0.810622,
		0.520058, 0.736355, -0.432807,
		-0.625249, 0.673419, 0.394424,
		49.304062, 52.916618, 52.987377>
	pigment { color rgbt <0,1,1,0> }
	no_shadow
}
cylinder {
	<50.207508, 52.917400, 53.025921>,  <49.741737, 52.445225, 52.711281>, 0.130000
	pigment { color rgbt <1,0,0,0> }
	no_shadow
}

// nucleotide -1

// particle -1
sphere {
	<50.207508, 52.917400, 53.025921> 0.250000
	pigment { color rgbt <1,0,0,0> }
	no_shadow
}
cylinder {
	<49.849125, 52.971104, 53.195263>,  <49.634094, 53.003326, 53.296867>, 0.100000
	pigment { color rgbt <1,0,0,0> }
	no_shadow
}
cylinder {
	<49.849125, 52.971104, 53.195263>,  <50.207508, 52.917400, 53.025921>, 0.100000
	pigment { color rgbt <1,0,0,0> }
	no_shadow
}

// particle -1
sphere {
	<49.849125, 52.971104, 53.195263> 0.100000
	pigment { color rgbt <1,0,0,0> }
	no_shadow
}
sphere {
	0, 1
	scale<0.080000,0.200000,0.300000>
	matrix <0.440506, 0.146968, 0.885638,
		0.056684, 0.979987, -0.190819,
		-0.895958, 0.134259, 0.423360,
		49.580338, 53.011383, 53.322269>
	pigment { color rgbt <0,1,1,0> }
	no_shadow
}
cylinder {
	<50.109406, 53.629910, 53.399368>,  <50.207508, 52.917400, 53.025921>, 0.130000
	pigment { color rgbt <1,0,0,0> }
	no_shadow
}

// nucleotide -1

// particle -1
sphere {
	<50.109406, 53.629910, 53.399368> 0.250000
	pigment { color rgbt <1,0,0,0> }
	no_shadow
}
cylinder {
	<49.906303, 53.320145, 53.550346>,  <49.784443, 53.134285, 53.640934>, 0.100000
	pigment { color rgbt <1,0,0,0> }
	no_shadow
}
cylinder {
	<49.906303, 53.320145, 53.550346>,  <50.109406, 53.629910, 53.399368>, 0.100000
	pigment { color rgbt <1,0,0,0> }
	no_shadow
}

// particle -1
sphere {
	<49.906303, 53.320145, 53.550346> 0.100000
	pigment { color rgbt <1,0,0,0> }
	no_shadow
}
sphere {
	0, 1
	scale<0.080000,0.200000,0.300000>
	matrix <0.591491, 0.005159, 0.806295,
		-0.626354, 0.632657, 0.455440,
		-0.507759, -0.774415, 0.377442,
		49.753975, 53.087822, 53.663578>
	pigment { color rgbt <0,1,1,0> }
	no_shadow
}
cylinder {
	<50.121994, 53.683365, 54.185669>,  <50.109406, 53.629910, 53.399368>, 0.130000
	pigment { color rgbt <1,0,0,0> }
	no_shadow
}

// nucleotide -1

// particle -1
sphere {
	<50.121994, 53.683365, 54.185669> 0.250000
	pigment { color rgbt <1,0,0,0> }
	no_shadow
}
cylinder {
	<50.134518, 53.299625, 54.073479>,  <50.142033, 53.069382, 54.006165>, 0.100000
	pigment { color rgbt <1,0,0,0> }
	no_shadow
}
cylinder {
	<50.134518, 53.299625, 54.073479>,  <50.121994, 53.683365, 54.185669>, 0.100000
	pigment { color rgbt <1,0,0,0> }
	no_shadow
}

// particle -1
sphere {
	<50.134518, 53.299625, 54.073479> 0.100000
	pigment { color rgbt <1,0,0,0> }
	no_shadow
}
sphere {
	0, 1
	scale<0.080000,0.200000,0.300000>
	matrix <0.613198, -0.203166, 0.763356,
		-0.789309, -0.195889, 0.581910,
		0.031309, -0.959349, -0.280479,
		50.143909, 53.011822, 53.989334>
	pigment { color rgbt <0,1,1,0> }
	no_shadow
}
cylinder {
	<49.674316, 53.056671, 54.560280>,  <50.121994, 53.683365, 54.185669>, 0.130000
	pigment { color rgbt <1,0,0,0> }
	no_shadow
}

// nucleotide -1

// particle -1
sphere {
	<49.674316, 53.056671, 54.560280> 0.250000
	pigment { color rgbt <1,0,0,0> }
	no_shadow
}
cylinder {
	<50.045280, 53.063889, 54.410831>,  <50.267857, 53.068218, 54.321163>, 0.100000
	pigment { color rgbt <1,0,0,0> }
	no_shadow
}
cylinder {
	<50.045280, 53.063889, 54.410831>,  <49.674316, 53.056671, 54.560280>, 0.100000
	pigment { color rgbt <1,0,0,0> }
	no_shadow
}

// particle -1
sphere {
	<50.045280, 53.063889, 54.410831> 0.100000
	pigment { color rgbt <1,0,0,0> }
	no_shadow
}
sphere {
	0, 1
	scale<0.080000,0.200000,0.300000>
	matrix <0.354649, 0.275132, 0.893603,
		0.118921, -0.961237, 0.248759,
		0.927406, 0.018046, -0.373620,
		50.323502, 53.069302, 54.298744>
	pigment { color rgbt <0,1,1,0> }
	no_shadow
}
cylinder {
	<50.174416, 52.629742, 54.939739>,  <49.674316, 53.056671, 54.560280>, 0.130000
	pigment { color rgbt <1,0,0,0> }
	no_shadow
}

// nucleotide -1

// particle -1
sphere {
	<50.174416, 52.629742, 54.939739> 0.250000
	pigment { color rgbt <1,0,0,0> }
	no_shadow
}
cylinder {
	<50.362728, 52.945408, 54.781967>,  <50.475716, 53.134808, 54.687302>, 0.100000
	pigment { color rgbt <1,0,0,0> }
	no_shadow
}
cylinder {
	<50.362728, 52.945408, 54.781967>,  <50.174416, 52.629742, 54.939739>, 0.100000
	pigment { color rgbt <1,0,0,0> }
	no_shadow
}

// particle -1
sphere {
	<50.362728, 52.945408, 54.781967> 0.100000
	pigment { color rgbt <1,0,0,0> }
	no_shadow
}
sphere {
	0, 1
	scale<0.080000,0.200000,0.300000>
	matrix <0.282100, 0.288955, 0.914835,
		0.835934, -0.541955, -0.086591,
		0.470779, 0.789170, -0.394434,
		50.503963, 53.182159, 54.663635>
	pigment { color rgbt <0,1,1,0> }
	no_shadow
}
cylinder {
	<50.865692, 52.732220, 55.231499>,  <50.174416, 52.629742, 54.939739>, 0.130000
	pigment { color rgbt <1,0,0,0> }
	no_shadow
}

// nucleotide -1

// particle -1
sphere {
	<50.865692, 52.732220, 55.231499> 0.250000
	pigment { color rgbt <1,0,0,0> }
	no_shadow
}
cylinder {
	<50.744366, 53.097404, 55.122322>,  <50.671570, 53.316517, 55.056816>, 0.100000
	pigment { color rgbt <1,0,0,0> }
	no_shadow
}
cylinder {
	<50.744366, 53.097404, 55.122322>,  <50.865692, 52.732220, 55.231499>, 0.100000
	pigment { color rgbt <1,0,0,0> }
	no_shadow
}

// particle -1
sphere {
	<50.744366, 53.097404, 55.122322> 0.100000
	pigment { color rgbt <1,0,0,0> }
	no_shadow
}
sphere {
	0, 1
	scale<0.080000,0.200000,0.300000>
	matrix <0.119368, 0.320587, 0.939668,
		0.945383, 0.252437, -0.206219,
