// switches for output
#declare DRAW_BASES = 1; // possible values are 0, 1; only relevant for DNA ribbons
#declare DRAW_BASES_TYPE = 3; // possible values are 1, 2, 3; only relevant for DNA ribbons
#declare DRAW_FOG = 0; // set to 1 to enable fog

#include "colors.inc"

#include "transforms.inc"
background { rgb <1, 1, 1>}

#default {
   normal{
       ripples 0.25
       frequency 0.20
       turbulence 0.2
       lambda 5
   }
	finish {
		phong 0.1
		phong_size 40.
	}
}

// original window dimensions: 1024x640


// camera settings

camera {
	sky <-0, 1, 0>
	up <-0, 1, 0>
	right 1.6 * <0.99995, 0, 0.00999983>
	location <54.4867, 55, 106.329>
	look_at <55, 55, 55.0001>
	direction <0.513302, 0, -51.3289>
	angle 67.0682
}


# declare cpy_camera_pos = <54.4867, 55, 106.329>;
# if (DRAW_FOG = 1)
fog {
	fog_type 2
	up vnormalize(cpy_camera_pos)
	color rgbt<1,1,1,0.3>
	distance 1e-5
	fog_alt 3e-3
	fog_offset 88
}
# end


// LIGHTS

# declare lum = 6;
global_settings {
	ambient_light rgb lum * <0.05, 0.05, 0.05>
	max_trace_level 15
}# declare cpy_direct_light_amount = 0.25;
light_source
{	1000 * <-0.98995, -1, 1.00995>,
	rgb lum * cpy_direct_light_amount
	parallel
}

light_source
{	1000 * <0.98995, 1, -1.00995>,
	rgb lum * cpy_direct_light_amount
	parallel
}

// strand 0

// nucleotide -1

// particle -1
sphere {
	<36.716969, 53.782848, 48.718632> 0.250000
	pigment { color rgbt <1,0,0,0> }
	no_shadow
}
cylinder {
	<36.743378, 53.449272, 48.937790>,  <36.759224, 53.249126, 49.069283>, 0.100000
	pigment { color rgbt <1,0,0,0> }
	no_shadow
}
cylinder {
	<36.743378, 53.449272, 48.937790>,  <36.716969, 53.782848, 48.718632>, 0.100000
	pigment { color rgbt <1,0,0,0> }
	no_shadow
}

// particle -1
sphere {
	<36.743378, 53.449272, 48.937790> 0.100000
	pigment { color rgbt <1,0,0,0> }
	no_shadow
}
sphere {
	0, 1
	scale<0.080000,0.200000,0.300000>
	matrix <0.908375, 0.277451, 0.312850,
		-0.412911, 0.477038, 0.775848,
		0.066019, -0.833940, 0.547892,
		36.763184, 53.199089, 49.102158>
	pigment { color rgbt <0,1,1,0> }
	no_shadow
}
cylinder {
	<37.391903, 53.849613, 49.085621>,  <36.716969, 53.782848, 48.718632>, 0.130000
	pigment { color rgbt <1,0,0,0> }
	no_shadow
}

// nucleotide -1

// particle -1
sphere {
	<37.391903, 53.849613, 49.085621> 0.250000
	pigment { color rgbt <1,0,0,0> }
	no_shadow
}
cylinder {
	<37.306744, 53.468189, 49.170845>,  <37.255650, 53.239334, 49.221981>, 0.100000
	pigment { color rgbt <1,0,0,0> }
	no_shadow
}
cylinder {
	<37.306744, 53.468189, 49.170845>,  <37.391903, 53.849613, 49.085621>, 0.100000
	pigment { color rgbt <1,0,0,0> }
	no_shadow
}

// particle -1
sphere {
	<37.306744, 53.468189, 49.170845> 0.100000
	pigment { color rgbt <1,0,0,0> }
	no_shadow
}
sphere {
	0, 1
	scale<0.080000,0.200000,0.300000>
	matrix <0.896840, -0.104173, 0.429913,
		-0.387754, 0.282608, 0.877371,
		-0.212895, -0.953562, 0.213061,
		37.242874, 53.182121, 49.234764>
	pigment { color rgbt <0,1,1,0> }
	no_shadow
}
cylinder {
	<37.652298, 53.579346, 49.660931>,  <37.391903, 53.849613, 49.085621>, 0.130000
	pigment { color rgbt <1,0,0,0> }
	no_shadow
}

// nucleotide -1

// particle -1
sphere {
	<37.652298, 53.579346, 49.660931> 0.250000
	pigment { color rgbt <1,0,0,0> }
	no_shadow
}
cylinder {
	<37.658604, 53.233253, 49.460480>,  <37.662388, 53.025597, 49.340210>, 0.100000
	pigment { color rgbt <1,0,0,0> }
	no_shadow
}
cylinder {
	<37.658604, 53.233253, 49.460480>,  <37.652298, 53.579346, 49.660931>, 0.100000
	pigment { color rgbt <1,0,0,0> }
	no_shadow
}

// particle -1
sphere {
	<37.658604, 53.233253, 49.460480> 0.100000
	pigment { color rgbt <1,0,0,0> }
	no_shadow
}
sphere {
	0, 1
	scale<0.080000,0.200000,0.300000>
	matrix <0.918858, -0.185092, 0.348483,
		-0.394273, -0.465954, 0.792108,
		0.015764, -0.865233, -0.501123,
		37.663334, 52.973682, 49.310143>
	pigment { color rgbt <0,1,1,0> }
	no_shadow
}
cylinder {
	<37.928883, 53.194080, 50.184013>,  <37.652298, 53.579346, 49.660931>, 0.130000
	pigment { color rgbt <1,0,0,0> }
	no_shadow
}

// nucleotide -1

// particle -1
sphere {
	<37.928883, 53.194080, 50.184013> 0.250000
	pigment { color rgbt <1,0,0,0> }
	no_shadow
}
cylinder {
	<37.985859, 53.087399, 49.802734>,  <38.020046, 53.023388, 49.573967>, 0.100000
	pigment { color rgbt <1,0,0,0> }
	no_shadow
}
cylinder {
	<37.985859, 53.087399, 49.802734>,  <37.928883, 53.194080, 50.184013>, 0.100000
	pigment { color rgbt <1,0,0,0> }
	no_shadow
}

// particle -1
sphere {
	<37.985859, 53.087399, 49.802734> 0.100000
	pigment { color rgbt <1,0,0,0> }
	no_shadow
}
sphere {
	0, 1
	scale<0.080000,0.200000,0.300000>
	matrix <0.970352, -0.152347, 0.187632,
		-0.195260, -0.951660, 0.237101,
		0.142441, -0.266708, -0.953193,
		38.028591, 53.007385, 49.516777>
	pigment { color rgbt <0,1,1,0> }
	no_shadow
}
cylinder {
	<38.522469, 52.602154, 50.176067>,  <37.928883, 53.194080, 50.184013>, 0.130000
	pigment { color rgbt <1,0,0,0> }
	no_shadow
}

// nucleotide -1

// particle -1
sphere {
	<38.522469, 52.602154, 50.176067> 0.250000
	pigment { color rgbt <1,0,0,0> }
	no_shadow
}
cylinder {
	<38.405792, 52.385544, 50.491451>,  <38.335789, 52.255577, 50.680683>, 0.100000
	pigment { color rgbt <1,0,0,0> }
	no_shadow
}
cylinder {
	<38.405792, 52.385544, 50.491451>,  <38.522469, 52.602154, 50.176067>, 0.100000
	pigment { color rgbt <1,0,0,0> }
	no_shadow
}

// particle -1
sphere {
	<38.405792, 52.385544, 50.491451> 0.100000
	pigment { color rgbt <1,0,0,0> }
	no_shadow
}
sphere {
	0, 1
	scale<0.080000,0.200000,0.300000>
	matrix <0.954072, -0.223578, 0.199400,
		0.068303, 0.810412, 0.581865,
		-0.291688, -0.541521, 0.788463,
		38.318287, 52.223087, 50.727989>
	pigment { color rgbt <0,1,1,0> }
	no_shadow
}
cylinder {
	<38.836857, 52.789944, 50.830238>,  <38.522469, 52.602154, 50.176067>, 0.130000
	pigment { color rgbt <1,0,0,0> }
	no_shadow
}

// nucleotide -1

// particle -1
sphere {
	<38.836857, 52.789944, 50.830238> 0.250000
	pigment { color rgbt <1,0,0,0> }
	no_shadow
}
cylinder {
	<38.744061, 52.401321, 50.849262>,  <38.688381, 52.168148, 50.860676>, 0.100000
	pigment { color rgbt <1,0,0,0> }
	no_shadow
}
cylinder {
	<38.744061, 52.401321, 50.849262>,  <38.836857, 52.789944, 50.830238>, 0.100000
	pigment { color rgbt <1,0,0,0> }
	no_shadow
}

// particle -1
sphere {
	<38.744061, 52.401321, 50.849262> 0.100000
	pigment { color rgbt <1,0,0,0> }
	no_shadow
}
sphere {
	0, 1
	scale<0.080000,0.200000,0.300000>
	matrix <0.956585, -0.219006, 0.192307,
		-0.176422, 0.090105, 0.980182,
		-0.231994, -0.971554, 0.047555,
		38.674461, 52.109856, 50.863529>
	pigment { color rgbt <0,1,1,0> }
	no_shadow
}
cylinder {
	<38.965298, 52.454056, 51.456352>,  <38.836857, 52.789944, 50.830238>, 0.130000
	pigment { color rgbt <1,0,0,0> }
	no_shadow
}

// nucleotide -1

// particle -1
sphere {
	<38.965298, 52.454056, 51.456352> 0.250000
	pigment { color rgbt <1,0,0,0> }
	no_shadow
}
cylinder {
	<39.010937, 52.206097, 51.145817>,  <39.038319, 52.057320, 50.959496>, 0.100000
	pigment { color rgbt <1,0,0,0> }
	no_shadow
}
cylinder {
	<39.010937, 52.206097, 51.145817>,  <38.965298, 52.454056, 51.456352>, 0.100000
	pigment { color rgbt <1,0,0,0> }
	no_shadow
}

// particle -1
sphere {
	<39.010937, 52.206097, 51.145817> 0.100000
	pigment { color rgbt <1,0,0,0> }
	no_shadow
}
sphere {
	0, 1
	scale<0.080000,0.200000,0.300000>
	matrix <0.976094, -0.075566, 0.203788,
		-0.184993, -0.781035, 0.596458,
		0.114093, -0.619899, -0.776343,
		39.045166, 52.020126, 50.912914>
	pigment { color rgbt <0,1,1,0> }
	no_shadow
}
cylinder {
	<39.201359, 51.912151, 51.734783>,  <38.965298, 52.454056, 51.456352>, 0.130000
	pigment { color rgbt <1,0,0,0> }
	no_shadow
}

// nucleotide -1

// particle -1
sphere {
	<39.201359, 51.912151, 51.734783> 0.250000
	pigment { color rgbt <1,0,0,0> }
	no_shadow
}
cylinder {
	<39.321045, 51.976250, 51.358528>,  <39.392857, 52.014709, 51.132774>, 0.100000
	pigment { color rgbt <1,0,0,0> }
	no_shadow
}
cylinder {
	<39.321045, 51.976250, 51.358528>,  <39.201359, 51.912151, 51.734783>, 0.100000
	pigment { color rgbt <1,0,0,0> }
	no_shadow
}

// particle -1
sphere {
	<39.321045, 51.976250, 51.358528> 0.100000
	pigment { color rgbt <1,0,0,0> }
	no_shadow
}
sphere {
	0, 1
	scale<0.080000,0.200000,0.300000>
	matrix <0.954140, -0.040563, 0.296601,
		0.009375, -0.986243, -0.165037,
		0.299215, 0.160249, -0.940633,
		39.410809, 52.024323, 51.076340>
	pigment { color rgbt <0,1,1,0> }
	no_shadow
}
cylinder {
	<39.530205, 51.405853, 51.304871>,  <39.201359, 51.912151, 51.734783>, 0.130000
	pigment { color rgbt <1,0,0,0> }
	no_shadow
}

// nucleotide -1

// particle -1
sphere {
	<39.530205, 51.405853, 51.304871> 0.250000
	pigment { color rgbt <1,0,0,0> }
	no_shadow
}
cylinder {
	<39.691818, 51.765835, 51.239342>,  <39.788788, 51.981823, 51.200024>, 0.100000
	pigment { color rgbt <1,0,0,0> }
	no_shadow
}
cylinder {
	<39.691818, 51.765835, 51.239342>,  <39.530205, 51.405853, 51.304871>, 0.100000
	pigment { color rgbt <1,0,0,0> }
	no_shadow
}

// particle -1
sphere {
	<39.691818, 51.765835, 51.239342> 0.100000
	pigment { color rgbt <1,0,0,0> }
	no_shadow
}
sphere {
	0, 1
	scale<0.080000,0.200000,0.300000>
	matrix <0.831430, -0.286625, 0.475994,
		0.381415, -0.328530, -0.864055,
		0.404038, 0.899952, -0.163827,
		39.813030, 52.035820, 51.190193>
	pigment { color rgbt <0,1,1,0> }
	no_shadow
}
cylinder {
	<40.147675, 51.362064, 51.029362>,  <39.530205, 51.405853, 51.304871>, 0.130000
	pigment { color rgbt <1,0,0,0> }
	no_shadow
}

// nucleotide -1

// particle -1
sphere {
	<40.147675, 51.362064, 51.029362> 0.250000
	pigment { color rgbt <1,0,0,0> }
	no_shadow
}
cylinder {
	<40.132504, 51.706505, 51.232170>,  <40.123402, 51.913170, 51.353855>, 0.100000
	pigment { color rgbt <1,0,0,0> }
	no_shadow
}
cylinder {
	<40.132504, 51.706505, 51.232170>,  <40.147675, 51.362064, 51.029362>, 0.100000
	pigment { color rgbt <1,0,0,0> }
	no_shadow
}

// particle -1
sphere {
	<40.132504, 51.706505, 51.232170> 0.100000
	pigment { color rgbt <1,0,0,0> }
	no_shadow
}
sphere {
	0, 1
	scale<0.080000,0.200000,0.300000>
	matrix <0.776648, -0.293873, 0.557186,
		0.628792, 0.414909, -0.657625,
		-0.037923, 0.861098, 0.507023,
		40.121128, 51.964832, 51.384277>
	pigment { color rgbt <0,1,1,0> }
	no_shadow
}
cylinder {
	<40.841606, 51.683529, 51.217487>,  <40.147675, 51.362064, 51.029362>, 0.130000
	pigment { color rgbt <1,0,0,0> }
	no_shadow
}

// nucleotide -1

// particle -1
sphere {
	<40.841606, 51.683529, 51.217487> 0.250000
	pigment { color rgbt <1,0,0,0> }
	no_shadow
}
cylinder {
	<40.589180, 51.765659, 51.516716>,  <40.437725, 51.814938, 51.696251>, 0.100000
	pigment { color rgbt <1,0,0,0> }
	no_shadow
}
cylinder {
	<40.589180, 51.765659, 51.516716>,  <40.841606, 51.683529, 51.217487>, 0.100000
	pigment { color rgbt <1,0,0,0> }
	no_shadow
}

// particle -1
sphere {
	<40.589180, 51.765659, 51.516716> 0.100000
	pigment { color rgbt <1,0,0,0> }
	no_shadow
}
sphere {
	0, 1
	scale<0.080000,0.200000,0.300000>
	matrix <0.718319, -0.209423, 0.663446,
		0.292884, 0.956025, -0.015329,
		-0.631061, 0.205324, 0.748067,
		40.399860, 51.827255, 51.741135>
	pigment { color rgbt <0,1,1,0> }
	no_shadow
}
cylinder {
	<41.097145, 52.172558, 51.861515>,  <40.841606, 51.683529, 51.217487>, 0.130000
	pigment { color rgbt <1,0,0,0> }
	no_shadow
}

// nucleotide -1

// particle -1
sphere {
	<41.097145, 52.172558, 51.861515> 0.250000
	pigment { color rgbt <1,0,0,0> }
	no_shadow
}
cylinder {
	<40.854206, 51.896927, 52.019657>,  <40.708443, 51.731548, 52.114544>, 0.100000
	pigment { color rgbt <1,0,0,0> }
	no_shadow
}
cylinder {
	<40.854206, 51.896927, 52.019657>,  <41.097145, 52.172558, 51.861515>, 0.100000
	pigment { color rgbt <1,0,0,0> }
	no_shadow
}

// particle -1
sphere {
	<40.854206, 51.896927, 52.019657> 0.100000
	pigment { color rgbt <1,0,0,0> }
	no_shadow
}
sphere {
	0, 1
	scale<0.080000,0.200000,0.300000>
	matrix <0.564485, -0.024139, 0.825090,
		-0.559004, 0.724290, 0.403632,
		-0.607348, -0.689073, 0.395357,
		40.672001, 51.690205, 52.138264>
	pigment { color rgbt <0,1,1,0> }
	no_shadow
}
cylinder {
	<40.745937, 52.427193, 52.380344>,  <41.097145, 52.172558, 51.861515>, 0.130000
	pigment { color rgbt <1,0,0,0> }
	no_shadow
}

// nucleotide -1

// particle -1
sphere {
	<40.745937, 52.427193, 52.380344> 0.250000
	pigment { color rgbt <1,0,0,0> }
	no_shadow
}
cylinder {
	<40.788536, 52.037647, 52.460594>,  <40.814095, 51.803921, 52.508743>, 0.100000
	pigment { color rgbt <1,0,0,0> }
	no_shadow
}
cylinder {
	<40.788536, 52.037647, 52.460594>,  <40.745937, 52.427193, 52.380344>, 0.100000
	pigment { color rgbt <1,0,0,0> }
	no_shadow
}

// particle -1
sphere {
	<40.788536, 52.037647, 52.460594> 0.100000
	pigment { color rgbt <1,0,0,0> }
	no_shadow
}
sphere {
	0, 1
	scale<0.080000,0.200000,0.300000>
	matrix <0.469706, 0.227113, 0.853110,
		-0.876376, 0.003383, 0.481616,
		0.106495, -0.973862, 0.200626,
		40.820484, 51.745487, 52.520782>
	pigment { color rgbt <0,1,1,0> }
	no_shadow
}
cylinder {
	<40.400326, 52.126003, 53.045464>,  <40.745937, 52.427193, 52.380344>, 0.130000
	pigment { color rgbt <1,0,0,0> }
	no_shadow
}

// nucleotide -1

// particle -1
sphere {
	<40.400326, 52.126003, 53.045464> 0.250000
	pigment { color rgbt <1,0,0,0> }
	no_shadow
}
cylinder {
	<40.739269, 51.943432, 52.936905>,  <40.942635, 51.833889, 52.871769>, 0.100000
	pigment { color rgbt <1,0,0,0> }
	no_shadow
}
cylinder {
	<40.739269, 51.943432, 52.936905>,  <40.400326, 52.126003, 53.045464>, 0.100000
	pigment { color rgbt <1,0,0,0> }
	no_shadow
}

// particle -1
sphere {
	<40.739269, 51.943432, 52.936905> 0.100000
	pigment { color rgbt <1,0,0,0> }
	no_shadow
}
sphere {
	0, 1
	scale<0.080000,0.200000,0.300000>
	matrix <0.422718, 0.270475, 0.864958,
		-0.321385, -0.847655, 0.422130,
		0.847361, -0.456426, -0.271392,
		40.993477, 51.806503, 52.855488>
	pigment { color rgbt <0,1,1,0> }
	no_shadow
}
cylinder {
	<40.587433, 51.590412, 53.558903>,  <40.400326, 52.126003, 53.045464>, 0.130000
	pigment { color rgbt <1,0,0,0> }
	no_shadow
}

// nucleotide -1

// particle -1
sphere {
	<40.587433, 51.590412, 53.558903> 0.250000
	pigment { color rgbt <1,0,0,0> }
	no_shadow
}
cylinder {
	<40.922115, 51.680618, 53.359276>,  <41.122925, 51.734741, 53.239498>, 0.100000
	pigment { color rgbt <1,0,0,0> }
	no_shadow
}
cylinder {
	<40.922115, 51.680618, 53.359276>,  <40.587433, 51.590412, 53.558903>, 0.100000
	pigment { color rgbt <1,0,0,0> }
	no_shadow
}

// particle -1
sphere {
	<40.922115, 51.680618, 53.359276> 0.100000
	pigment { color rgbt <1,0,0,0> }
	no_shadow
}
sphere {
	0, 1
	scale<0.080000,0.200000,0.300000>
	matrix <0.489838, 0.099367, 0.866132,
		0.244919, -0.969158, -0.027326,
		0.836704, 0.225518, -0.499068,
		41.173126, 51.748272, 53.209557>
	pigment { color rgbt <0,1,1,0> }
	no_shadow
}
cylinder {
	<41.079830, 51.703030, 54.017883>,  <40.587433, 51.590412, 53.558903>, 0.130000
	pigment { color rgbt <1,0,0,0> }
	no_shadow
}

// nucleotide -1

// particle -1
sphere {
	<41.079830, 51.703030, 54.017883> 0.250000
	pigment { color rgbt <1,0,0,0> }
	no_shadow
}
cylinder {
	<41.316055, 51.701530, 53.695091>,  <41.457790, 51.700630, 53.501415>, 0.100000
	pigment { color rgbt <1,0,0,0> }
	no_shadow
}
cylinder {
	<41.316055, 51.701530, 53.695091>,  <41.079830, 51.703030, 54.017883>, 0.100000
	pigment { color rgbt <1,0,0,0> }
	no_shadow
}

// particle -1
sphere {
	<41.316055, 51.701530, 53.695091> 0.100000
	pigment { color rgbt <1,0,0,0> }
	no_shadow
}
sphere {
	0, 1
	scale<0.080000,0.200000,0.300000>
	matrix <0.803343, -0.092230, 0.588332,
		-0.076632, -0.995731, -0.051459,
		0.590566, -0.003746, -0.806981,
		41.493225, 51.700405, 53.452995>
	pigment { color rgbt <0,1,1,0> }
	no_shadow
}
cylinder {
	<41.480965, 51.010056, 53.932407>,  <41.079830, 51.703030, 54.017883>, 0.130000
	pigment { color rgbt <1,0,0,0> }
	no_shadow
}

// nucleotide -1

// particle -1
sphere {
	<41.480965, 51.010056, 53.932407> 0.250000
	pigment { color rgbt <1,0,0,0> }
	no_shadow
}
cylinder {
	<41.659683, 51.331844, 53.775848>,  <41.766914, 51.524918, 53.681911>, 0.100000
	pigment { color rgbt <1,0,0,0> }
	no_shadow
}
cylinder {
	<41.659683, 51.331844, 53.775848>,  <41.480965, 51.010056, 53.932407>, 0.100000
	pigment { color rgbt <1,0,0,0> }
	no_shadow
}

// particle -1
sphere {
	<41.659683, 51.331844, 53.775848> 0.100000
	pigment { color rgbt <1,0,0,0> }
	no_shadow
}
sphere {
	0, 1
	scale<0.080000,0.200000,0.300000>
	matrix <0.849551, -0.244388, 0.467480,
		0.280424, -0.541380, -0.792635,
		0.446795, 0.804476, -0.391397,
		41.793720, 51.573189, 53.658428>
	pigment { color rgbt <0,1,1,0> }
	no_shadow
}
cylinder {
	<42.059856, 50.788956, 53.556908>,  <41.480965, 51.010056, 53.932407>, 0.130000
	pigment { color rgbt <1,0,0,0> }
	no_shadow
}

// nucleotide -1

// particle -1
sphere {
	<42.059856, 50.788956, 53.556908> 0.250000
	pigment { color rgbt <1,0,0,0> }
	no_shadow
}
cylinder {
	<42.073341, 51.134022, 53.758766>,  <42.081432, 51.341061, 53.879883>, 0.100000
	pigment { color rgbt <1,0,0,0> }
	no_shadow
}
cylinder {
	<42.073341, 51.134022, 53.758766>,  <42.059856, 50.788956, 53.556908>, 0.100000
	pigment { color rgbt <1,0,0,0> }
	no_shadow
}

// particle -1
sphere {
	<42.073341, 51.134022, 53.758766> 0.100000
	pigment { color rgbt <1,0,0,0> }
	no_shadow
}
sphere {
	0, 1
	scale<0.080000,0.200000,0.300000>
	matrix <0.747609, -0.356870, 0.560111,
		0.663283, 0.358396, -0.656969,
		0.033711, 0.862668, 0.504646,
		42.083454, 51.392822, 53.910160>
	pigment { color rgbt <0,1,1,0> }
	no_shadow
}
cylinder {
	<42.768162, 51.118137, 53.485313>,  <42.059856, 50.788956, 53.556908>, 0.130000
	pigment { color rgbt <1,0,0,0> }
	no_shadow
}

// nucleotide -1

// particle -1
sphere {
	<42.768162, 51.118137, 53.485313> 0.250000
	pigment { color rgbt <1,0,0,0> }
	no_shadow
}
cylinder {
	<42.575638, 51.253548, 53.808727>,  <42.460121, 51.334793, 54.002777>, 0.100000
	pigment { color rgbt <1,0,0,0> }
	no_shadow
}
cylinder {
	<42.575638, 51.253548, 53.808727>,  <42.768162, 51.118137, 53.485313>, 0.100000
	pigment { color rgbt <1,0,0,0> }
	no_shadow
}

// particle -1
sphere {
	<42.575638, 51.253548, 53.808727> 0.100000
	pigment { color rgbt <1,0,0,0> }
	no_shadow
}
sphere {
	0, 1
	scale<0.080000,0.200000,0.300000>
	matrix <0.826692, -0.131341, 0.547111,
		0.291408, 0.931744, -0.216643,
		-0.481313, 0.338530, 0.808539,
		42.431244, 51.355106, 54.051289>
	pigment { color rgbt <0,1,1,0> }
	no_shadow
}
cylinder {
	<43.108505, 51.708294, 53.868252>,  <42.768162, 51.118137, 53.485313>, 0.130000
	pigment { color rgbt <1,0,0,0> }
	no_shadow
}

// nucleotide -1

// particle -1
sphere {
	<43.108505, 51.708294, 53.868252> 0.250000
	pigment { color rgbt <1,0,0,0> }
	no_shadow
}
cylinder {
	<42.886917, 51.512276, 54.137466>,  <42.753963, 51.394665, 54.298996>, 0.100000
	pigment { color rgbt <1,0,0,0> }
	no_shadow
}
cylinder {
	<42.886917, 51.512276, 54.137466>,  <43.108505, 51.708294, 53.868252>, 0.100000
	pigment { color rgbt <1,0,0,0> }
	no_shadow
}

// particle -1
sphere {
	<42.886917, 51.512276, 54.137466> 0.100000
	pigment { color rgbt <1,0,0,0> }
	no_shadow
}
sphere {
	0, 1
	scale<0.080000,0.200000,0.300000>
	matrix <0.812339, -0.141167, 0.565842,
		-0.182278, 0.860190, 0.476285,
		-0.553968, -0.490046, 0.673034,
		42.720726, 51.365261, 54.339378>
	pigment { color rgbt <0,1,1,0> }
	no_shadow
}
cylinder {
	<43.689861, 51.713852, 54.409996>,  <43.108505, 51.708294, 53.868252>, 0.130000
	pigment { color rgbt <1,0,0,0> }
	no_shadow
}

// nucleotide -1

// particle -1
sphere {
	<43.689861, 51.713852, 54.409996> 0.250000
	pigment { color rgbt <1,0,0,0> }
	no_shadow
}
cylinder {
	<43.706932, 52.083122, 54.562794>,  <43.717175, 52.304684, 54.654472>, 0.100000
	pigment { color rgbt <1,0,0,0> }
	no_shadow
}
cylinder {
	<43.706932, 52.083122, 54.562794>,  <43.689861, 51.713852, 54.409996>, 0.100000
	pigment { color rgbt <1,0,0,0> }
	no_shadow
}

// particle -1
sphere {
	<43.706932, 52.083122, 54.562794> 0.100000
	pigment { color rgbt <1,0,0,0> }
	no_shadow
}
sphere {
	0, 1
	scale<0.080000,0.200000,0.300000>
	matrix <0.991257, 0.008660, -0.131662,
		-0.124856, 0.384273, -0.914738,
		0.042672, 0.923179, 0.381995,
		43.719734, 52.360077, 54.677391>
	pigment { color rgbt <0,1,1,0> }
	no_shadow
}
cylinder {
	<44.030296, 52.098892, 53.941006>,  <43.689861, 51.713852, 54.409996>, 0.130000
	pigment { color rgbt <1,0,0,0> }
	no_shadow
}

// nucleotide -1

// particle -1
sphere {
	<44.030296, 52.098892, 53.941006> 0.250000
	pigment { color rgbt <1,0,0,0> }
	no_shadow
}
cylinder {
	<44.084816, 52.306862, 54.278313>,  <44.117527, 52.431644, 54.480698>, 0.100000
	pigment { color rgbt <1,0,0,0> }
	no_shadow
}
cylinder {
	<44.084816, 52.306862, 54.278313>,  <44.030296, 52.098892, 53.941006>, 0.100000
	pigment { color rgbt <1,0,0,0> }
	no_shadow
}

// particle -1
sphere {
	<44.084816, 52.306862, 54.278313> 0.100000
	pigment { color rgbt <1,0,0,0> }
	no_shadow
}
sphere {
	0, 1
	scale<0.080000,0.200000,0.300000>
	matrix <0.971574, 0.096162, -0.216323,
		-0.193562, 0.848782, -0.492038,
		0.136296, 0.519924, 0.843269,
		44.125706, 52.462837, 54.531292>
	pigment { color rgbt <0,1,1,0> }
	no_shadow
}
cylinder {
	<44.467747, 52.660912, 53.910751>,  <44.030296, 52.098892, 53.941006>, 0.130000
	pigment { color rgbt <1,0,0,0> }
	no_shadow
}

// nucleotide -1

// particle -1
sphere {
	<44.467747, 52.660912, 53.910751> 0.250000
	pigment { color rgbt <1,0,0,0> }
	no_shadow
}
cylinder {
	<44.500015, 52.619137, 54.307251>,  <44.519379, 52.594070, 54.545151>, 0.100000
	pigment { color rgbt <1,0,0,0> }
	no_shadow
}
cylinder {
	<44.500015, 52.619137, 54.307251>,  <44.467747, 52.660912, 53.910751>, 0.100000
	pigment { color rgbt <1,0,0,0> }
	no_shadow
}

// particle -1
sphere {
	<44.500015, 52.619137, 54.307251> 0.100000
	pigment { color rgbt <1,0,0,0> }
	no_shadow
}
sphere {
	0, 1
	scale<0.080000,0.200000,0.300000>
	matrix <0.945919, 0.321525, -0.043109,
		-0.314211, 0.941124, 0.124730,
		0.080675, -0.104439, 0.991254,
		44.524220, 52.587807, 54.604626>
	pigment { color rgbt <0,1,1,0> }
	no_shadow
}
cylinder {
	<44.523464, 53.309818, 54.325432>,  <44.467747, 52.660912, 53.910751>, 0.130000
	pigment { color rgbt <1,0,0,0> }
	no_shadow
}

// nucleotide -1

// particle -1
sphere {
	<44.523464, 53.309818, 54.325432> 0.250000
	pigment { color rgbt <1,0,0,0> }
	no_shadow
}
cylinder {
	<44.746563, 53.023037, 54.492714>,  <44.880421, 52.850967, 54.593082>, 0.100000
	pigment { color rgbt <1,0,0,0> }
	no_shadow
}
cylinder {
	<44.746563, 53.023037, 54.492714>,  <44.523464, 53.309818, 54.325432>, 0.100000
	pigment { color rgbt <1,0,0,0> }
	no_shadow
}

// particle -1
sphere {
	<44.746563, 53.023037, 54.492714> 0.100000
	pigment { color rgbt <1,0,0,0> }
	no_shadow
}
sphere {
	0, 1
	scale<0.080000,0.200000,0.300000>
	matrix <0.829508, 0.499045, -0.250739,
		-0.028936, 0.486755, 0.873059,
		0.557745, -0.716954, 0.418208,
		44.913887, 52.807949, 54.618176>
	pigment { color rgbt <0,1,1,0> }
	no_shadow
}
cylinder {
	<44.885284, 53.701454, 54.760887>,  <44.523464, 53.309818, 54.325432>, 0.130000
	pigment { color rgbt <1,0,0,0> }
	no_shadow
}

// nucleotide -1

// particle -1
sphere {
	<44.885284, 53.701454, 54.760887> 0.250000
	pigment { color rgbt <1,0,0,0> }
	no_shadow
}
cylinder {
	<45.064320, 53.366768, 54.634666>,  <45.171741, 53.165955, 54.558933>, 0.100000
	pigment { color rgbt <1,0,0,0> }
	no_shadow
}
cylinder {
	<45.064320, 53.366768, 54.634666>,  <44.885284, 53.701454, 54.760887>, 0.100000
	pigment { color rgbt <1,0,0,0> }
	no_shadow
}

// particle -1
sphere {
	<45.064320, 53.366768, 54.634666> 0.100000
	pigment { color rgbt <1,0,0,0> }
	no_shadow
}
sphere {
	0, 1
	scale<0.080000,0.200000,0.300000>
	matrix <0.790025, 0.535309, -0.298839,
		0.418963, -0.115540, 0.900622,
		0.447584, -0.836717, -0.315554,
		45.198593, 53.115753, 54.540001>
	pigment { color rgbt <0,1,1,0> }
	no_shadow
}
cylinder {
	<45.565109, 53.623688, 55.062084>,  <44.885284, 53.701454, 54.760887>, 0.130000
	pigment { color rgbt <1,0,0,0> }
	no_shadow
}

// nucleotide -1

// particle -1
sphere {
	<45.565109, 53.623688, 55.062084> 0.250000
	pigment { color rgbt <1,0,0,0> }
	no_shadow
}
cylinder {
	<45.557846, 53.440750, 54.706444>,  <45.553490, 53.330986, 54.493057>, 0.100000
	pigment { color rgbt <1,0,0,0> }
	no_shadow
}
cylinder {
	<45.557846, 53.440750, 54.706444>,  <45.565109, 53.623688, 55.062084>, 0.100000
	pigment { color rgbt <1,0,0,0> }
	no_shadow
}

// particle -1
sphere {
	<45.557846, 53.440750, 54.706444> 0.100000
	pigment { color rgbt <1,0,0,0> }
	no_shadow
}
sphere {
	0, 1
	scale<0.080000,0.200000,0.300000>
	matrix <0.898360, 0.382882, -0.215294,
		0.438885, -0.802644, 0.403908,
		-0.018155, -0.457344, -0.889104,
		45.552399, 53.303547, 54.439713>
	pigment { color rgbt <0,1,1,0> }
	no_shadow
}
cylinder {
	<46.098030, 52.988327, 54.927872>,  <45.565109, 53.623688, 55.062084>, 0.130000
	pigment { color rgbt <1,0,0,0> }
	no_shadow
}

// nucleotide -1

// particle -1
sphere {
	<46.098030, 52.988327, 54.927872> 0.250000
	pigment { color rgbt <1,0,0,0> }
	no_shadow
}
cylinder {
	<45.988136, 53.208496, 54.612518>,  <45.922199, 53.340599, 54.423306>, 0.100000
	pigment { color rgbt <1,0,0,0> }
	no_shadow
}
cylinder {
	<45.988136, 53.208496, 54.612518>,  <46.098030, 52.988327, 54.927872>, 0.100000
	pigment { color rgbt <1,0,0,0> }
	no_shadow
}

// particle -1
sphere {
	<45.988136, 53.208496, 54.612518> 0.100000
	pigment { color rgbt <1,0,0,0> }
	no_shadow
}
sphere {
	0, 1
	scale<0.080000,0.200000,0.300000>
	matrix <0.902345, 0.430798, -0.013682,
		0.332103, -0.715153, -0.615031,
		-0.274739, 0.550427, -0.788384,
		45.905716, 53.373623, 54.376003>
	pigment { color rgbt <0,1,1,0> }
	no_shadow
}
cylinder {
	<46.626003, 52.909004, 54.389046>,  <46.098030, 52.988327, 54.927872>, 0.130000
	pigment { color rgbt <1,0,0,0> }
	no_shadow
}

// nucleotide -1

// particle -1
sphere {
	<46.626003, 52.909004, 54.389046> 0.250000
	pigment { color rgbt <1,0,0,0> }
	no_shadow
}
cylinder {
	<46.431862, 53.257370, 54.419865>,  <46.315376, 53.466389, 54.438354>, 0.100000
	pigment { color rgbt <1,0,0,0> }
	no_shadow
}
cylinder {
	<46.431862, 53.257370, 54.419865>,  <46.626003, 52.909004, 54.389046>, 0.100000
	pigment { color rgbt <1,0,0,0> }
	no_shadow
}

// particle -1
sphere {
	<46.431862, 53.257370, 54.419865> 0.100000
	pigment { color rgbt <1,0,0,0> }
	no_shadow
}
sphere {
	0, 1
	scale<0.080000,0.200000,0.300000>
	matrix <0.859170, 0.458761, 0.226637,
		0.162037, 0.176195, -0.970927,
		-0.485356, 0.870915, 0.077045,
		46.286255, 53.518646, 54.442978>
	pigment { color rgbt <0,1,1,0> }
	no_shadow
}
cylinder {
	<46.868000, 53.307880, 53.889759>,  <46.626003, 52.909004, 54.389046>, 0.130000
	pigment { color rgbt <1,0,0,0> }
	no_shadow
}

// nucleotide -1

// particle -1
sphere {
	<46.868000, 53.307880, 53.889759> 0.250000
	pigment { color rgbt <1,0,0,0> }
	no_shadow
}
cylinder {
	<46.769550, 53.516357, 54.216629>,  <46.710480, 53.641445, 54.412750>, 0.100000
	pigment { color rgbt <1,0,0,0> }
	no_shadow
}
cylinder {
	<46.769550, 53.516357, 54.216629>,  <46.868000, 53.307880, 53.889759>, 0.100000
	pigment { color rgbt <1,0,0,0> }
	no_shadow
}

// particle -1
sphere {
	<46.769550, 53.516357, 54.216629> 0.100000
	pigment { color rgbt <1,0,0,0> }
	no_shadow
}
sphere {
	0, 1
	scale<0.080000,0.200000,0.300000>
	matrix <0.864111, 0.499882, -0.058565,
		-0.439016, 0.691718, -0.573403,
		-0.246124, 0.521195, 0.817178,
		46.695713, 53.672714, 54.461781>
	pigment { color rgbt <0,1,1,0> }
	no_shadow
}
cylinder {
	<47.538700, 53.565403, 54.010105>,  <46.868000, 53.307880, 53.889759>, 0.130000
	pigment { color rgbt <1,0,0,0> }
	no_shadow
}

// nucleotide -1

// particle -1
sphere {
	<47.538700, 53.565403, 54.010105> 0.250000
	pigment { color rgbt <1,0,0,0> }
	no_shadow
}
cylinder {
	<47.853592, 53.810757, 54.035500>,  <48.042526, 53.957970, 54.050735>, 0.100000
	pigment { color rgbt <1,0,0,0> }
	no_shadow
}
cylinder {
	<47.853592, 53.810757, 54.035500>,  <47.538700, 53.565403, 54.010105>, 0.100000
	pigment { color rgbt <1,0,0,0> }
	no_shadow
}

// particle -1
sphere {
	<47.853592, 53.810757, 54.035500> 0.100000
	pigment { color rgbt <1,0,0,0> }
	no_shadow
}
sphere {
	0, 1
	scale<0.080000,0.200000,0.300000>
	matrix <-0.580514, 0.771879, -0.259242,
		-0.208018, 0.167229, 0.963724,
		0.787231, 0.613382, 0.063486,
		48.089760, 53.994770, 54.054546>
	pigment { color rgbt <0,1,1,0> }
	no_shadow
}
cylinder {
	<47.564095, 54.081894, 54.626530>,  <47.538700, 53.565403, 54.010105>, 0.130000
	pigment { color rgbt <1,0,0,0> }
	no_shadow
}

// nucleotide -1

// particle -1
sphere {
	<47.564095, 54.081894, 54.626530> 0.250000
	pigment { color rgbt <1,0,0,0> }
	no_shadow
}
cylinder {
	<47.731838, 54.209663, 54.286621>,  <47.832485, 54.286324, 54.082676>, 0.100000
	pigment { color rgbt <1,0,0,0> }
	no_shadow
}
cylinder {
	<47.731838, 54.209663, 54.286621>,  <47.564095, 54.081894, 54.626530>, 0.100000
	pigment { color rgbt <1,0,0,0> }
	no_shadow
}

// particle -1
sphere {
	<47.731838, 54.209663, 54.286621> 0.100000
	pigment { color rgbt <1,0,0,0> }
	no_shadow
}
sphere {
	0, 1
	scale<0.080000,0.200000,0.300000>
	matrix <-0.670770, 0.739773, -0.052946,
		0.611726, 0.592204, 0.524486,
		0.419355, 0.319421, -0.849772,
		47.857643, 54.305489, 54.031689>
	pigment { color rgbt <0,1,1,0> }
	no_shadow
}
cylinder {
	<47.633968, 54.770302, 54.645393>,  <47.564095, 54.081894, 54.626530>, 0.130000
	pigment { color rgbt <1,0,0,0> }
	no_shadow
}

// nucleotide -1

// particle -1
sphere {
	<47.633968, 54.770302, 54.645393> 0.250000
	pigment { color rgbt <1,0,0,0> }
	no_shadow
}
cylinder {
	<47.593029, 54.679951, 54.257889>,  <47.568466, 54.625740, 54.025387>, 0.100000
	pigment { color rgbt <1,0,0,0> }
	no_shadow
}
cylinder {
	<47.593029, 54.679951, 54.257889>,  <47.633968, 54.770302, 54.645393>, 0.100000
	pigment { color rgbt <1,0,0,0> }
	no_shadow
}

// particle -1
sphere {
	<47.593029, 54.679951, 54.257889> 0.100000
	pigment { color rgbt <1,0,0,0> }
	no_shadow
}
sphere {
	0, 1
	scale<0.080000,0.200000,0.300000>
	matrix <-0.709269, 0.699406, -0.088141,
		0.697469, 0.678094, -0.231787,
		-0.102345, -0.225875, -0.968765,
		47.562325, 54.612190, 53.967258>
	pigment { color rgbt <0,1,1,0> }
	no_shadow
}
cylinder {
	<47.572739, 55.375202, 54.315411>,  <47.633968, 54.770302, 54.645393>, 0.130000
	pigment { color rgbt <1,0,0,0> }
	no_shadow
}

// nucleotide -1

// particle -1
sphere {
	<47.572739, 55.375202, 54.315411> 0.250000
	pigment { color rgbt <1,0,0,0> }
	no_shadow
}
cylinder {
	<47.392689, 55.107288, 54.079182>,  <47.284660, 54.946541, 53.937443>, 0.100000
	pigment { color rgbt <1,0,0,0> }
	no_shadow
}
cylinder {
	<47.392689, 55.107288, 54.079182>,  <47.572739, 55.375202, 54.315411>, 0.100000
	pigment { color rgbt <1,0,0,0> }
	no_shadow
}

// particle -1
sphere {
	<47.392689, 55.107288, 54.079182> 0.100000
	pigment { color rgbt <1,0,0,0> }
	no_shadow
}
sphere {
	0, 1
	scale<0.080000,0.200000,0.300000>
	matrix <-0.795137, 0.601615, -0.076268,
		0.406379, 0.435254, -0.803374,
		-0.450126, -0.669786, -0.590571,
		47.257652, 54.906353, 53.902012>
	pigment { color rgbt <0,1,1,0> }
	no_shadow
}
cylinder {
	<47.723331, 56.011490, 54.200424>,  <47.572739, 55.375202, 54.315411>, 0.130000
	pigment { color rgbt <1,0,0,0> }
	no_shadow
}

// nucleotide -1

// particle -1
sphere {
	<47.723331, 56.011490, 54.200424> 0.250000
	pigment { color rgbt <1,0,0,0> }
	no_shadow
}
cylinder {
	<47.669674, 55.733273, 53.918083>,  <47.637482, 55.566341, 53.748680>, 0.100000
	pigment { color rgbt <1,0,0,0> }
	no_shadow
}
cylinder {
	<47.669674, 55.733273, 53.918083>,  <47.723331, 56.011490, 54.200424>, 0.100000
	pigment { color rgbt <1,0,0,0> }
	no_shadow
}

// particle -1
sphere {
	<47.669674, 55.733273, 53.918083> 0.100000
	pigment { color rgbt <1,0,0,0> }
	no_shadow
}
sphere {
	0, 1
	scale<0.080000,0.200000,0.300000>
	matrix <-0.307334, 0.706365, -0.637647,
		0.942100, 0.131396, -0.308517,
		-0.134141, -0.695545, -0.705849,
		47.629433, 55.524609, 53.706329>
	pigment { color rgbt <0,1,1,0> }
	no_shadow
}
cylinder {
	<48.053818, 55.928364, 54.830265>,  <47.723331, 56.011490, 54.200424>, 0.130000
	pigment { color rgbt <1,0,0,0> }
	no_shadow
}

// nucleotide -1

// particle -1
sphere {
	<48.053818, 55.928364, 54.830265> 0.250000
	pigment { color rgbt <1,0,0,0> }
	no_shadow
}
cylinder {
	<48.321087, 55.666039, 54.970810>,  <48.481449, 55.508644, 55.055138>, 0.100000
	pigment { color rgbt <1,0,0,0> }
	no_shadow
}
cylinder {
	<48.321087, 55.666039, 54.970810>,  <48.053818, 55.928364, 54.830265>, 0.100000
	pigment { color rgbt <1,0,0,0> }
	no_shadow
}

// particle -1
sphere {
	<48.321087, 55.666039, 54.970810> 0.100000
	pigment { color rgbt <1,0,0,0> }
	no_shadow
}
sphere {
	0, 1
	scale<0.080000,0.200000,0.300000>
	matrix <0.122082, 0.562491, 0.817740,
		-0.733924, -0.503495, 0.455904,
		0.668171, -0.655817, 0.351358,
		48.521538, 55.469292, 55.076218>
	pigment { color rgbt <0,1,1,0> }
	no_shadow
}
cylinder {
	<47.858009, 55.659271, 55.476028>,  <48.053818, 55.928364, 54.830265>, 0.130000
	pigment { color rgbt <1,0,0,0> }
	no_shadow
}

// nucleotide -1

// particle -1
sphere {
	<47.858009, 55.659271, 55.476028> 0.250000
	pigment { color rgbt <1,0,0,0> }
	no_shadow
}
cylinder {
	<48.250450, 55.705303, 55.413811>,  <48.485916, 55.732922, 55.376480>, 0.100000
	pigment { color rgbt <1,0,0,0> }
	no_shadow
}
cylinder {
	<48.250450, 55.705303, 55.413811>,  <47.858009, 55.659271, 55.476028>, 0.100000
	pigment { color rgbt <1,0,0,0> }
	no_shadow
}

// particle -1
sphere {
	<48.250450, 55.705303, 55.413811> 0.100000
	pigment { color rgbt <1,0,0,0> }
	no_shadow
}
sphere {
	0, 1
	scale<0.080000,0.200000,0.300000>
	matrix <0.081049, 0.485543, 0.870447,
		0.175690, -0.866606, 0.467041,
		0.981103, 0.115076, -0.155543,
		48.544781, 55.739826, 55.367149>
	pigment { color rgbt <0,1,1,0> }
	no_shadow
}
cylinder {
	<48.145889, 55.977650, 56.094097>,  <47.858009, 55.659271, 55.476028>, 0.130000
	pigment { color rgbt <1,0,0,0> }
	no_shadow
}

// nucleotide -1

// particle -1
sphere {
	<48.145889, 55.977650, 56.094097> 0.250000
	pigment { color rgbt <1,0,0,0> }
	no_shadow
}
cylinder {
	<48.505222, 55.943489, 55.921722>,  <48.720821, 55.922993, 55.818298>, 0.100000
	pigment { color rgbt <1,0,0,0> }
	no_shadow
}
cylinder {
	<48.505222, 55.943489, 55.921722>,  <48.145889, 55.977650, 56.094097>, 0.100000
	pigment { color rgbt <1,0,0,0> }
	no_shadow
}

// particle -1
sphere {
	<48.505222, 55.943489, 55.921722> 0.100000
	pigment { color rgbt <1,0,0,0> }
	no_shadow
}
sphere {
	0, 1
	scale<0.080000,0.200000,0.300000>
	matrix <0.364395, 0.692761, 0.622333,
		0.245389, -0.716092, 0.653449,
		0.898332, -0.085400, -0.430936,
		48.774723, 55.917870, 55.792442>
	pigment { color rgbt <0,1,1,0> }
	no_shadow
}
cylinder {
	<48.640858, 56.124889, 56.665543>,  <48.145889, 55.977650, 56.094097>, 0.130000
	pigment { color rgbt <1,0,0,0> }
	no_shadow
}

// nucleotide -1

// particle -1
sphere {
	<48.640858, 56.124889, 56.665543> 0.250000
	pigment { color rgbt <1,0,0,0> }
	no_shadow
}
cylinder {
	<48.842220, 56.175865, 56.323700>,  <48.963036, 56.206451, 56.118595>, 0.100000
	pigment { color rgbt <1,0,0,0> }
	no_shadow
}
cylinder {
	<48.842220, 56.175865, 56.323700>,  <48.640858, 56.124889, 56.665543>, 0.100000
	pigment { color rgbt <1,0,0,0> }
	no_shadow
}

// particle -1
sphere {
	<48.842220, 56.175865, 56.323700> 0.100000
	pigment { color rgbt <1,0,0,0> }
	no_shadow
}
sphere {
	0, 1
	scale<0.080000,0.200000,0.300000>
	matrix <0.594144, 0.667069, 0.449457,
		0.627357, -0.734015, 0.260087,
		0.503404, 0.127441, -0.854601,
		48.993240, 56.214100, 56.067318>
	pigment { color rgbt <0,1,1,0> }
	no_shadow
}
cylinder {
	<49.348488, 55.970882, 56.640560>,  <48.640858, 56.124889, 56.665543>, 0.130000
	pigment { color rgbt <1,0,0,0> }
	no_shadow
}

// nucleotide -1

// particle -1
sphere {
	<49.348488, 55.970882, 56.640560> 0.250000
	pigment { color rgbt <1,0,0,0> }
	no_shadow
}
cylinder {
	<49.278343, 56.267921, 56.382011>,  <49.236256, 56.446144, 56.226883>, 0.100000
	pigment { color rgbt <1,0,0,0> }
	no_shadow
}
cylinder {
	<49.278343, 56.267921, 56.382011>,  <49.348488, 55.970882, 56.640560>, 0.100000
	pigment { color rgbt <1,0,0,0> }
	no_shadow
}

// particle -1
sphere {
	<49.278343, 56.267921, 56.382011> 0.100000
	pigment { color rgbt <1,0,0,0> }
	no_shadow
}
sphere {
	0, 1
	scale<0.080000,0.200000,0.300000>
	matrix <0.506922, 0.630935, 0.587326,
		0.843966, -0.224665, -0.487081,
		-0.175364, 0.742595, -0.646375,
		49.225735, 56.490700, 56.188099>
	pigment { color rgbt <0,1,1,0> }
	no_shadow
}
cylinder {
	<49.963055, 56.332317, 56.319317>,  <49.348488, 55.970882, 56.640560>, 0.130000
	pigment { color rgbt <1,0,0,0> }
	no_shadow
}

// nucleotide -1

// particle -1
sphere {
	<49.963055, 56.332317, 56.319317> 0.250000
	pigment { color rgbt <1,0,0,0> }
	no_shadow
}
cylinder {
	<49.638557, 56.562489, 56.360809>,  <49.443859, 56.700592, 56.385704>, 0.100000
	pigment { color rgbt <1,0,0,0> }
	no_shadow
}
cylinder {
	<49.638557, 56.562489, 56.360809>,  <49.963055, 56.332317, 56.319317>, 0.100000
	pigment { color rgbt <1,0,0,0> }
	no_shadow
}

// particle -1
sphere {
	<49.638557, 56.562489, 56.360809> 0.100000
	pigment { color rgbt <1,0,0,0> }
	no_shadow
}
sphere {
	0, 1
	scale<0.080000,0.200000,0.300000>
	matrix <0.470087, 0.536378, 0.700939,
		0.347705, 0.617395, -0.705638,
		-0.811245, 0.575431, 0.103728,
		49.395184, 56.735119, 56.391930>
	pigment { color rgbt <0,1,1,0> }
	no_shadow
}
cylinder {
	<50.206684, 57.039532, 56.506733>,  <49.963055, 56.332317, 56.319317>, 0.130000
	pigment { color rgbt <1,0,0,0> }
	no_shadow
}

// nucleotide -1

// particle -1
sphere {
	<50.206684, 57.039532, 56.506733> 0.250000
	pigment { color rgbt <1,0,0,0> }
	no_shadow
}
cylinder {
	<49.846836, 56.972431, 56.667999>,  <49.630928, 56.932171, 56.764759>, 0.100000
	pigment { color rgbt <1,0,0,0> }
	no_shadow
}
cylinder {
	<49.846836, 56.972431, 56.667999>,  <50.206684, 57.039532, 56.506733>, 0.100000
	pigment { color rgbt <1,0,0,0> }
	no_shadow
}

// particle -1
sphere {
	<49.846836, 56.972431, 56.667999> 0.100000
	pigment { color rgbt <1,0,0,0> }
	no_shadow
}
sphere {
	0, 1
	scale<0.080000,0.200000,0.300000>
	matrix <0.314540, 0.391483, 0.864758,
		-0.302896, 0.904766, -0.299422,
		-0.899621, -0.167751, 0.403164,
		49.576950, 56.922108, 56.788948>
	pigment { color rgbt <0,1,1,0> }
	no_shadow
}
cylinder {
	<49.988846, 57.680073, 56.784340>,  <50.206684, 57.039532, 56.506733>, 0.130000
	pigment { color rgbt <1,0,0,0> }
	no_shadow
}

// nucleotide -1

// particle -1
sphere {
	<49.988846, 57.680073, 56.784340> 0.250000
	pigment { color rgbt <1,0,0,0> }
	no_shadow
}
cylinder {
	<49.820408, 57.359463, 56.954155>,  <49.719345, 57.167095, 57.056042>, 0.100000
	pigment { color rgbt <1,0,0,0> }
	no_shadow
}
cylinder {
	<49.820408, 57.359463, 56.954155>,  <49.988846, 57.680073, 56.784340>, 0.100000
	pigment { color rgbt <1,0,0,0> }
	no_shadow
}

// particle -1
sphere {
	<49.820408, 57.359463, 56.954155> 0.100000
	pigment { color rgbt <1,0,0,0> }
	no_shadow
}
sphere {
	0, 1
	scale<0.080000,0.200000,0.300000>
	matrix <0.197382, 0.375858, 0.905412,
		-0.885279, 0.465061, -0.000065,
		-0.421096, -0.801529, 0.424534,
		49.694080, 57.119003, 57.081516>
	pigment { color rgbt <0,1,1,0> }
	no_shadow
}
cylinder {
	<49.661446, 57.998707, 57.340794>,  <49.988846, 57.680073, 56.784340>, 0.130000
	pigment { color rgbt <1,0,0,0> }
	no_shadow
}

// nucleotide -1

// particle -1
sphere {
	<49.661446, 57.998707, 57.340794> 0.250000
	pigment { color rgbt <1,0,0,0> }
	no_shadow
}
cylinder {
	<49.710587, 57.606922, 57.404739>,  <49.740070, 57.371849, 57.443108>, 0.100000
	pigment { color rgbt <1,0,0,0> }
	no_shadow
}
cylinder {
	<49.710587, 57.606922, 57.404739>,  <49.661446, 57.998707, 57.340794>, 0.100000
	pigment { color rgbt <1,0,0,0> }
	no_shadow
}

// particle -1
sphere {
	<49.710587, 57.606922, 57.404739> 0.100000
	pigment { color rgbt <1,0,0,0> }
	no_shadow
}
sphere {
	0, 1
	scale<0.080000,0.200000,0.300000>
	matrix <0.027380, 0.164372, 0.986018,
		-0.992047, -0.116757, 0.047012,
