// switches for output
#declare DRAW_BASES = 1; // possible values are 0, 1; only relevant for DNA ribbons
#declare DRAW_BASES_TYPE = 3; // possible values are 1, 2, 3; only relevant for DNA ribbons
#declare DRAW_FOG = 0; // set to 1 to enable fog

#include "colors.inc"

#include "transforms.inc"
background { rgb <1, 1, 1>}

#default {
   normal{
       ripples 0.25
       frequency 0.20
       turbulence 0.2
       lambda 5
   }
	finish {
		phong 0.1
		phong_size 40.
	}
}

// original window dimensions: 1024x640


// camera settings

camera {
	sky <-0, 1, 0>
	up <-0, 1, 0>
	right 1.6 * <0.99995, 0, 0.00999983>
	location <54.4867, 55, 106.329>
	look_at <55, 55, 55.0001>
	direction <0.513302, 0, -51.3289>
	angle 67.0682
}


# declare cpy_camera_pos = <54.4867, 55, 106.329>;
# if (DRAW_FOG = 1)
fog {
	fog_type 2
	up vnormalize(cpy_camera_pos)
	color rgbt<1,1,1,0.3>
	distance 1e-5
	fog_alt 3e-3
	fog_offset 88
}
# end


// LIGHTS

# declare lum = 6;
global_settings {
	ambient_light rgb lum * <0.05, 0.05, 0.05>
	max_trace_level 15
}# declare cpy_direct_light_amount = 0.25;
light_source
{	1000 * <-0.98995, -1, 1.00995>,
	rgb lum * cpy_direct_light_amount
	parallel
}

light_source
{	1000 * <0.98995, 1, -1.00995>,
	rgb lum * cpy_direct_light_amount
	parallel
}

// strand 0

// nucleotide -1

// particle -1
sphere {
	<36.266563, 52.541889, 49.858116> 0.250000
	pigment { color rgbt <1,0,0,0> }
	no_shadow
}
cylinder {
	<36.336788, 52.387230, 50.220261>,  <36.378922, 52.294434, 50.437550>, 0.100000
	pigment { color rgbt <1,0,0,0> }
	no_shadow
}
cylinder {
	<36.336788, 52.387230, 50.220261>,  <36.266563, 52.541889, 49.858116>, 0.100000
	pigment { color rgbt <1,0,0,0> }
	no_shadow
}

// particle -1
sphere {
	<36.336788, 52.387230, 50.220261> 0.100000
	pigment { color rgbt <1,0,0,0> }
	no_shadow
}
sphere {
	0, 1
	scale<0.080000,0.200000,0.300000>
	matrix <0.644100, 0.740612, 0.191388,
		-0.744522, 0.549544, 0.379063,
		0.175562, -0.386647, 0.905363,
		36.389458, 52.271236, 50.491871>
	pigment { color rgbt <0,1,1,0> }
	no_shadow
}
cylinder {
	<36.537308, 53.155888, 50.256542>,  <36.266563, 52.541889, 49.858116>, 0.130000
	pigment { color rgbt <1,0,0,0> }
	no_shadow
}

// nucleotide -1

// particle -1
sphere {
	<36.537308, 53.155888, 50.256542> 0.250000
	pigment { color rgbt <1,0,0,0> }
	no_shadow
}
cylinder {
	<36.646130, 52.801235, 50.406136>,  <36.711422, 52.588444, 50.495892>, 0.100000
	pigment { color rgbt <1,0,0,0> }
	no_shadow
}
cylinder {
	<36.646130, 52.801235, 50.406136>,  <36.537308, 53.155888, 50.256542>, 0.100000
	pigment { color rgbt <1,0,0,0> }
	no_shadow
}

// particle -1
sphere {
	<36.646130, 52.801235, 50.406136> 0.100000
	pigment { color rgbt <1,0,0,0> }
	no_shadow
}
sphere {
	0, 1
	scale<0.080000,0.200000,0.300000>
	matrix <0.937038, 0.332529, 0.106699,
		-0.218964, 0.321411, 0.921276,
		0.272057, -0.886633, 0.373987,
		36.727745, 52.535244, 50.518330>
	pigment { color rgbt <0,1,1,0> }
	no_shadow
}
cylinder {
	<36.861404, 53.108410, 50.965385>,  <36.537308, 53.155888, 50.256542>, 0.130000
	pigment { color rgbt <1,0,0,0> }
	no_shadow
}

// nucleotide -1

// particle -1
sphere {
	<36.861404, 53.108410, 50.965385> 0.250000
	pigment { color rgbt <1,0,0,0> }
	no_shadow
}
cylinder {
	<36.988144, 52.814259, 50.725777>,  <37.064190, 52.637768, 50.582012>, 0.100000
	pigment { color rgbt <1,0,0,0> }
	no_shadow
}
cylinder {
	<36.988144, 52.814259, 50.725777>,  <36.861404, 53.108410, 50.965385>, 0.100000
	pigment { color rgbt <1,0,0,0> }
	no_shadow
}

// particle -1
sphere {
	<36.988144, 52.814259, 50.725777> 0.100000
	pigment { color rgbt <1,0,0,0> }
	no_shadow
}
sphere {
	0, 1
	scale<0.080000,0.200000,0.300000>
	matrix <0.943761, 0.307330, 0.121911,
		0.094445, -0.603957, 0.791401,
		0.316851, -0.735380, -0.599017,
		37.083199, 52.593643, 50.546070>
	pigment { color rgbt <0,1,1,0> }
	no_shadow
}
cylinder {
	<37.211735, 52.478512, 51.225704>,  <36.861404, 53.108410, 50.965385>, 0.130000
	pigment { color rgbt <1,0,0,0> }
	no_shadow
}

// nucleotide -1

// particle -1
sphere {
	<37.211735, 52.478512, 51.225704> 0.250000
	pigment { color rgbt <1,0,0,0> }
	no_shadow
}
cylinder {
	<37.348030, 52.624577, 50.879166>,  <37.429806, 52.712215, 50.671242>, 0.100000
	pigment { color rgbt <1,0,0,0> }
	no_shadow
}
cylinder {
	<37.348030, 52.624577, 50.879166>,  <37.211735, 52.478512, 51.225704>, 0.100000
	pigment { color rgbt <1,0,0,0> }
	no_shadow
}

// particle -1
sphere {
	<37.348030, 52.624577, 50.879166> 0.100000
	pigment { color rgbt <1,0,0,0> }
	no_shadow
}
sphere {
	0, 1
	scale<0.080000,0.200000,0.300000>
	matrix <0.874967, 0.213996, 0.434325,
		0.343995, -0.906013, -0.246591,
		0.340734, 0.365165, -0.866346,
		37.450249, 52.734127, 50.619263>
	pigment { color rgbt <0,1,1,0> }
	no_shadow
}
cylinder {
	<37.680958, 51.984745, 50.995399>,  <37.211735, 52.478512, 51.225704>, 0.130000
	pigment { color rgbt <1,0,0,0> }
	no_shadow
}

// nucleotide -1

// particle -1
sphere {
	<37.680958, 51.984745, 50.995399> 0.250000
	pigment { color rgbt <1,0,0,0> }
	no_shadow
}
cylinder {
	<37.743408, 52.374519, 50.930771>,  <37.780880, 52.608383, 50.891994>, 0.100000
	pigment { color rgbt <1,0,0,0> }
	no_shadow
}
cylinder {
	<37.743408, 52.374519, 50.930771>,  <37.680958, 51.984745, 50.995399>, 0.100000
	pigment { color rgbt <1,0,0,0> }
	no_shadow
}

// particle -1
sphere {
	<37.743408, 52.374519, 50.930771> 0.100000
	pigment { color rgbt <1,0,0,0> }
	no_shadow
}
sphere {
	0, 1
	scale<0.080000,0.200000,0.300000>
	matrix <0.912070, -0.079433, 0.402267,
		0.379148, -0.210172, -0.901152,
		0.156126, 0.974432, -0.161574,
		37.790245, 52.666847, 50.882298>
	pigment { color rgbt <0,1,1,0> }
	no_shadow
}
cylinder {
	<38.300434, 52.170044, 50.522739>,  <37.680958, 51.984745, 50.995399>, 0.130000
	pigment { color rgbt <1,0,0,0> }
	no_shadow
}

// nucleotide -1

// particle -1
sphere {
	<38.300434, 52.170044, 50.522739> 0.250000
	pigment { color rgbt <1,0,0,0> }
	no_shadow
}
cylinder {
	<38.230206, 52.453194, 50.796406>,  <38.188068, 52.623085, 50.960606>, 0.100000
	pigment { color rgbt <1,0,0,0> }
	no_shadow
}
cylinder {
	<38.230206, 52.453194, 50.796406>,  <38.300434, 52.170044, 50.522739>, 0.100000
	pigment { color rgbt <1,0,0,0> }
	no_shadow
}

// particle -1
sphere {
	<38.230206, 52.453194, 50.796406> 0.100000
	pigment { color rgbt <1,0,0,0> }
	no_shadow
}
sphere {
	0, 1
	scale<0.080000,0.200000,0.300000>
	matrix <0.926709, -0.115697, 0.357524,
		0.332240, 0.696795, -0.635684,
		-0.175574, 0.707878, 0.684165,
		38.177532, 52.665558, 51.001656>
	pigment { color rgbt <0,1,1,0> }
	no_shadow
}
cylinder {
	<38.776272, 52.762394, 50.462051>,  <38.300434, 52.170044, 50.522739>, 0.130000
	pigment { color rgbt <1,0,0,0> }
	no_shadow
}

// nucleotide -1

// particle -1
sphere {
	<38.776272, 52.762394, 50.462051> 0.250000
	pigment { color rgbt <1,0,0,0> }
	no_shadow
}
cylinder {
	<38.663197, 52.698055, 50.840302>,  <38.595352, 52.659451, 51.067253>, 0.100000
	pigment { color rgbt <1,0,0,0> }
	no_shadow
}
cylinder {
	<38.663197, 52.698055, 50.840302>,  <38.776272, 52.762394, 50.462051>, 0.100000
	pigment { color rgbt <1,0,0,0> }
	no_shadow
}

// particle -1
sphere {
	<38.663197, 52.698055, 50.840302> 0.100000
	pigment { color rgbt <1,0,0,0> }
	no_shadow
}
sphere {
	0, 1
	scale<0.080000,0.200000,0.300000>
	matrix <0.944038, -0.221315, 0.244566,
		0.169944, 0.961846, 0.214411,
		-0.282688, -0.160850, 0.945629,
		38.578392, 52.649799, 51.123989>
	pigment { color rgbt <0,1,1,0> }
	no_shadow
}
cylinder {
	<39.153385, 53.265640, 51.004784>,  <38.776272, 52.762394, 50.462051>, 0.130000
	pigment { color rgbt <1,0,0,0> }
	no_shadow
}

// nucleotide -1

// particle -1
sphere {
	<39.153385, 53.265640, 51.004784> 0.250000
	pigment { color rgbt <1,0,0,0> }
	no_shadow
}
cylinder {
	<39.076305, 52.901768, 51.151939>,  <39.030056, 52.683445, 51.240234>, 0.100000
	pigment { color rgbt <1,0,0,0> }
	no_shadow
}
cylinder {
	<39.076305, 52.901768, 51.151939>,  <39.153385, 53.265640, 51.004784>, 0.100000
	pigment { color rgbt <1,0,0,0> }
	no_shadow
}

// particle -1
sphere {
	<39.076305, 52.901768, 51.151939> 0.100000
	pigment { color rgbt <1,0,0,0> }
	no_shadow
}
sphere {
	0, 1
	scale<0.080000,0.200000,0.300000>
	matrix <0.937766, -0.060346, 0.341985,
		-0.288897, 0.410895, 0.864699,
		-0.192700, -0.909683, 0.367889,
		39.018494, 52.628864, 51.262306>
	pigment { color rgbt <0,1,1,0> }
	no_shadow
}
cylinder {
	<39.360989, 53.258274, 51.745773>,  <39.153385, 53.265640, 51.004784>, 0.130000
	pigment { color rgbt <1,0,0,0> }
	no_shadow
}

// nucleotide -1

// particle -1
sphere {
	<39.360989, 53.258274, 51.745773> 0.250000
	pigment { color rgbt <1,0,0,0> }
	no_shadow
}
cylinder {
	<39.399376, 52.918171, 51.538757>,  <39.422409, 52.714108, 51.414547>, 0.100000
	pigment { color rgbt <1,0,0,0> }
	no_shadow
}
cylinder {
	<39.399376, 52.918171, 51.538757>,  <39.360989, 53.258274, 51.745773>, 0.100000
	pigment { color rgbt <1,0,0,0> }
	no_shadow
}

// particle -1
sphere {
	<39.399376, 52.918171, 51.538757> 0.100000
	pigment { color rgbt <1,0,0,0> }
	no_shadow
}
sphere {
	0, 1
	scale<0.080000,0.200000,0.300000>
	matrix <0.940500, -0.092807, 0.326873,
		-0.325959, -0.518115, 0.790764,
		0.095969, -0.850261, -0.517539,
		39.428165, 52.663094, 51.383495>
	pigment { color rgbt <0,1,1,0> }
	no_shadow
}
cylinder {
	<39.826107, 52.856594, 52.226318>,  <39.360989, 53.258274, 51.745773>, 0.130000
	pigment { color rgbt <1,0,0,0> }
	no_shadow
}

// nucleotide -1

// particle -1
sphere {
	<39.826107, 52.856594, 52.226318> 0.250000
	pigment { color rgbt <1,0,0,0> }
	no_shadow
}
cylinder {
	<39.828255, 52.689133, 51.863068>,  <39.829544, 52.588657, 51.645115>, 0.100000
	pigment { color rgbt <1,0,0,0> }
	no_shadow
}
cylinder {
	<39.828255, 52.689133, 51.863068>,  <39.826107, 52.856594, 52.226318>, 0.100000
	pigment { color rgbt <1,0,0,0> }
	no_shadow
}

// particle -1
sphere {
	<39.828255, 52.689133, 51.863068> 0.100000
	pigment { color rgbt <1,0,0,0> }
	no_shadow
}
sphere {
	0, 1
	scale<0.080000,0.200000,0.300000>
	matrix <0.980386, -0.176716, 0.087261,
		-0.197013, -0.890788, 0.409492,
		0.005367, -0.418651, -0.908131,
		39.829865, 52.563538, 51.590630>
	pigment { color rgbt <0,1,1,0> }
	no_shadow
}
cylinder {
	<40.231815, 52.215599, 52.213703>,  <39.826107, 52.856594, 52.226318>, 0.130000
	pigment { color rgbt <1,0,0,0> }
	no_shadow
}

// nucleotide -1

// particle -1
sphere {
	<40.231815, 52.215599, 52.213703> 0.250000
	pigment { color rgbt <1,0,0,0> }
	no_shadow
}
cylinder {
	<40.260078, 52.383888, 51.851929>,  <40.277035, 52.484863, 51.634865>, 0.100000
	pigment { color rgbt <1,0,0,0> }
	no_shadow
}
cylinder {
	<40.260078, 52.383888, 51.851929>,  <40.231815, 52.215599, 52.213703>, 0.100000
	pigment { color rgbt <1,0,0,0> }
	no_shadow
}

// particle -1
sphere {
	<40.260078, 52.383888, 51.851929> 0.100000
	pigment { color rgbt <1,0,0,0> }
	no_shadow
}
sphere {
	0, 1
	scale<0.080000,0.200000,0.300000>
	matrix <0.942101, -0.326108, -0.078100,
		-0.327802, -0.846548, -0.419408,
		0.070657, 0.420726, -0.904432,
		40.281277, 52.510105, 51.580601>
	pigment { color rgbt <0,1,1,0> }
	no_shadow
}
cylinder {
	<40.562634, 51.718800, 51.766445>,  <40.231815, 52.215599, 52.213703>, 0.130000
	pigment { color rgbt <1,0,0,0> }
	no_shadow
}

// nucleotide -1

// particle -1
sphere {
	<40.562634, 51.718800, 51.766445> 0.250000
	pigment { color rgbt <1,0,0,0> }
	no_shadow
}
cylinder {
	<40.648758, 52.073700, 51.603268>,  <40.700432, 52.286640, 51.505360>, 0.100000
	pigment { color rgbt <1,0,0,0> }
	no_shadow
}
cylinder {
	<40.648758, 52.073700, 51.603268>,  <40.562634, 51.718800, 51.766445>, 0.100000
	pigment { color rgbt <1,0,0,0> }
	no_shadow
}

// particle -1
sphere {
	<40.648758, 52.073700, 51.603268> 0.100000
	pigment { color rgbt <1,0,0,0> }
	no_shadow
}
sphere {
	0, 1
	scale<0.080000,0.200000,0.300000>
	matrix <0.943105, -0.297310, -0.148860,
		-0.253363, -0.352686, -0.900788,
		0.215313, 0.887254, -0.407947,
		40.713352, 52.339874, 51.480885>
	pigment { color rgbt <0,1,1,0> }
	no_shadow
}
cylinder {
	<40.826138, 51.621208, 51.031651>,  <40.562634, 51.718800, 51.766445>, 0.130000
	pigment { color rgbt <1,0,0,0> }
	no_shadow
}

// nucleotide -1

// particle -1
sphere {
	<40.826138, 51.621208, 51.031651> 0.250000
	pigment { color rgbt <1,0,0,0> }
	no_shadow
}
cylinder {
	<40.991219, 51.934849, 51.217064>,  <41.090267, 52.123032, 51.328312>, 0.100000
	pigment { color rgbt <1,0,0,0> }
	no_shadow
}
cylinder {
	<40.991219, 51.934849, 51.217064>,  <40.826138, 51.621208, 51.031651>, 0.100000
	pigment { color rgbt <1,0,0,0> }
	no_shadow
}

// particle -1
sphere {
	<40.991219, 51.934849, 51.217064> 0.100000
	pigment { color rgbt <1,0,0,0> }
	no_shadow
}
sphere {
	0, 1
	scale<0.080000,0.200000,0.300000>
	matrix <0.910612, -0.367172, -0.189656,
		0.021487, 0.500370, -0.865545,
		0.412703, 0.784101, 0.463533,
		41.115028, 52.170078, 51.356125>
	pigment { color rgbt <0,1,1,0> }
	no_shadow
}
cylinder {
	<41.393848, 51.934597, 50.534214>,  <40.826138, 51.621208, 51.031651>, 0.130000
	pigment { color rgbt <1,0,0,0> }
	no_shadow
}

// nucleotide -1

// particle -1
sphere {
	<41.393848, 51.934597, 50.534214> 0.250000
	pigment { color rgbt <1,0,0,0> }
	no_shadow
}
cylinder {
	<41.441887, 51.978447, 50.928890>,  <41.470711, 52.004757, 51.165695>, 0.100000
	pigment { color rgbt <1,0,0,0> }
	no_shadow
}
cylinder {
	<41.441887, 51.978447, 50.928890>,  <41.393848, 51.934597, 50.534214>, 0.100000
	pigment { color rgbt <1,0,0,0> }
	no_shadow
}

// particle -1
sphere {
	<41.441887, 51.978447, 50.928890> 0.100000
	pigment { color rgbt <1,0,0,0> }
	no_shadow
}
sphere {
	0, 1
	scale<0.080000,0.200000,0.300000>
	matrix <0.846440, -0.530658, -0.044064,
		0.518765, 0.840466, -0.156523,
		0.120094, 0.109628, 0.986691,
		41.477917, 52.011337, 51.224899>
	pigment { color rgbt <0,1,1,0> }
	no_shadow
}
cylinder {
	<42.025749, 52.266441, 50.612873>,  <41.393848, 51.934597, 50.534214>, 0.130000
	pigment { color rgbt <1,0,0,0> }
	no_shadow
}

// nucleotide -1

// particle -1
sphere {
	<42.025749, 52.266441, 50.612873> 0.250000
	pigment { color rgbt <1,0,0,0> }
	no_shadow
}
cylinder {
	<41.881962, 51.988541, 50.862064>,  <41.795689, 51.821800, 51.011581>, 0.100000
	pigment { color rgbt <1,0,0,0> }
	no_shadow
}
cylinder {
	<41.881962, 51.988541, 50.862064>,  <42.025749, 52.266441, 50.612873>, 0.100000
	pigment { color rgbt <1,0,0,0> }
	no_shadow
}

// particle -1
sphere {
	<41.881962, 51.988541, 50.862064> 0.100000
	pigment { color rgbt <1,0,0,0> }
	no_shadow
}
sphere {
	0, 1
	scale<0.080000,0.200000,0.300000>
	matrix <0.659077, -0.661638, -0.357565,
		0.660606, 0.282059, 0.695732,
		-0.359468, -0.694750, 0.622981,
		41.774120, 51.780117, 51.048958>
	pigment { color rgbt <0,1,1,0> }
	no_shadow
}
cylinder {
	<42.601322, 51.935257, 50.748657>,  <42.025749, 52.266441, 50.612873>, 0.130000
	pigment { color rgbt <1,0,0,0> }
	no_shadow
}

// nucleotide -1

// particle -1
sphere {
	<42.601322, 51.935257, 50.748657> 0.250000
	pigment { color rgbt <1,0,0,0> }
	no_shadow
}
cylinder {
	<42.298630, 51.678722, 50.799343>,  <42.117016, 51.524803, 50.829754>, 0.100000
	pigment { color rgbt <1,0,0,0> }
	no_shadow
}
cylinder {
	<42.298630, 51.678722, 50.799343>,  <42.601322, 51.935257, 50.748657>, 0.100000
	pigment { color rgbt <1,0,0,0> }
	no_shadow
}

// particle -1
sphere {
	<42.298630, 51.678722, 50.799343> 0.100000
	pigment { color rgbt <1,0,0,0> }
	no_shadow
}
sphere {
	0, 1
	scale<0.080000,0.200000,0.300000>
	matrix <0.590680, -0.753826, -0.287826,
		0.280112, -0.142959, 0.949263,
		-0.756726, -0.641334, 0.126712,
		42.071613, 51.486320, 50.837357>
	pigment { color rgbt <0,1,1,0> }
	no_shadow
}
cylinder {
	<42.919044, 51.492496, 51.125980>,  <42.601322, 51.935257, 50.748657>, 0.130000
	pigment { color rgbt <1,0,0,0> }
	no_shadow
}

// nucleotide -1

// particle -1
sphere {
	<42.919044, 51.492496, 51.125980> 0.250000
	pigment { color rgbt <1,0,0,0> }
	no_shadow
}
cylinder {
	<42.609699, 51.368233, 50.904926>,  <42.424091, 51.293674, 50.772293>, 0.100000
	pigment { color rgbt <1,0,0,0> }
	no_shadow
}
cylinder {
	<42.609699, 51.368233, 50.904926>,  <42.919044, 51.492496, 51.125980>, 0.100000
	pigment { color rgbt <1,0,0,0> }
	no_shadow
}

// particle -1
sphere {
	<42.609699, 51.368233, 50.904926> 0.100000
	pigment { color rgbt <1,0,0,0> }
	no_shadow
}
sphere {
	0, 1
	scale<0.080000,0.200000,0.300000>
	matrix <0.525440, -0.801834, -0.284561,
		-0.354725, -0.510446, 0.783336,
		-0.773359, -0.310655, -0.552639,
		42.377693, 51.275036, 50.739136>
	pigment { color rgbt <0,1,1,0> }
	no_shadow
}
cylinder {
	<43.676792, 51.417274, 51.256058>,  <42.919044, 51.492496, 51.125980>, 0.130000
	pigment { color rgbt <1,0,0,0> }
	no_shadow
}

// nucleotide -1

// particle -1
sphere {
	<43.676792, 51.417274, 51.256058> 0.250000
	pigment { color rgbt <1,0,0,0> }
	no_shadow
}
cylinder {
	<43.719421, 51.042873, 51.390247>,  <43.744999, 50.818233, 51.470760>, 0.100000
	pigment { color rgbt <1,0,0,0> }
	no_shadow
}
cylinder {
	<43.719421, 51.042873, 51.390247>,  <43.676792, 51.417274, 51.256058>, 0.100000
	pigment { color rgbt <1,0,0,0> }
	no_shadow
}

// particle -1
sphere {
	<43.719421, 51.042873, 51.390247> 0.100000
	pigment { color rgbt <1,0,0,0> }
	no_shadow
}
sphere {
	0, 1
	scale<0.080000,0.200000,0.300000>
	matrix <-0.044237, -0.341526, -0.938831,
		0.993320, 0.085213, -0.077803,
		0.106573, -0.936001, 0.335475,
		43.751392, 50.762074, 51.490891>
	pigment { color rgbt <0,1,1,0> }
	no_shadow
}
cylinder {
	<44.413586, 51.318150, 50.954418>,  <43.676792, 51.417274, 51.256058>, 0.130000
	pigment { color rgbt <1,0,0,0> }
	no_shadow
}

// nucleotide -1

// particle -1
sphere {
	<44.413586, 51.318150, 50.954418> 0.250000
	pigment { color rgbt <1,0,0,0> }
	no_shadow
}
cylinder {
	<44.716446, 51.465275, 50.738480>,  <44.898163, 51.553551, 50.608917>, 0.100000
	pigment { color rgbt <1,0,0,0> }
	no_shadow
}
cylinder {
	<44.716446, 51.465275, 50.738480>,  <44.413586, 51.318150, 50.954418>, 0.100000
	pigment { color rgbt <1,0,0,0> }
	no_shadow
}

// particle -1
sphere {
	<44.716446, 51.465275, 50.738480> 0.100000
	pigment { color rgbt <1,0,0,0> }
	no_shadow
}
sphere {
	0, 1
	scale<0.080000,0.200000,0.300000>
	matrix <0.343220, 0.479157, 0.807842,
		0.555807, -0.796946, 0.236553,
		0.757152, 0.367814, -0.539846,
		44.943592, 51.575619, 50.576527>
	pigment { color rgbt <0,1,1,0> }
	no_shadow
}
cylinder {
	<45.028774, 51.210686, 51.276669>,  <44.413586, 51.318150, 50.954418>, 0.130000
	pigment { color rgbt <1,0,0,0> }
	no_shadow
}

// nucleotide -1

// particle -1
sphere {
	<45.028774, 51.210686, 51.276669> 0.250000
	pigment { color rgbt <1,0,0,0> }
	no_shadow
}
cylinder {
	<45.045029, 51.555023, 51.073769>,  <45.054783, 51.761623, 50.952030>, 0.100000
	pigment { color rgbt <1,0,0,0> }
	no_shadow
}
cylinder {
	<45.045029, 51.555023, 51.073769>,  <45.028774, 51.210686, 51.276669>, 0.100000
	pigment { color rgbt <1,0,0,0> }
	no_shadow
}

// particle -1
sphere {
	<45.045029, 51.555023, 51.073769> 0.100000
	pigment { color rgbt <1,0,0,0> }
	no_shadow
}
sphere {
	0, 1
	scale<0.080000,0.200000,0.300000>
	matrix <0.337703, 0.465962, 0.817824,
		0.940375, -0.204533, -0.271773,
		0.040636, 0.860840, -0.507251,
		45.057220, 51.813274, 50.921593>
	pigment { color rgbt <0,1,1,0> }
	no_shadow
}
cylinder {
	<45.647091, 51.652042, 51.492661>,  <45.028774, 51.210686, 51.276669>, 0.130000
	pigment { color rgbt <1,0,0,0> }
	no_shadow
}

// nucleotide -1

// particle -1
sphere {
	<45.647091, 51.652042, 51.492661> 0.250000
	pigment { color rgbt <1,0,0,0> }
	no_shadow
}
cylinder {
	<45.365417, 51.911682, 51.377563>,  <45.196411, 52.067467, 51.308506>, 0.100000
	pigment { color rgbt <1,0,0,0> }
	no_shadow
}
cylinder {
	<45.365417, 51.911682, 51.377563>,  <45.647091, 51.652042, 51.492661>, 0.100000
	pigment { color rgbt <1,0,0,0> }
	no_shadow
}

// particle -1
sphere {
	<45.365417, 51.911682, 51.377563> 0.100000
	pigment { color rgbt <1,0,0,0> }
	no_shadow
}
sphere {
	0, 1
	scale<0.080000,0.200000,0.300000>
	matrix <0.241801, 0.600279, 0.762363,
		0.667573, 0.467268, -0.579661,
		-0.704186, 0.649095, -0.287744,
		45.154163, 52.106411, 51.291241>
	pigment { color rgbt <0,1,1,0> }
	no_shadow
}
cylinder {
	<45.956528, 52.334560, 51.465111>,  <45.647091, 51.652042, 51.492661>, 0.130000
	pigment { color rgbt <1,0,0,0> }
	no_shadow
}

// nucleotide -1

// particle -1
sphere {
	<45.956528, 52.334560, 51.465111> 0.250000
	pigment { color rgbt <1,0,0,0> }
	no_shadow
}
cylinder {
	<45.566765, 52.390366, 51.535606>,  <45.332905, 52.423847, 51.577904>, 0.100000
	pigment { color rgbt <1,0,0,0> }
	no_shadow
}
cylinder {
	<45.566765, 52.390366, 51.535606>,  <45.956528, 52.334560, 51.465111>, 0.100000
	pigment { color rgbt <1,0,0,0> }
	no_shadow
}

// particle -1
sphere {
	<45.566765, 52.390366, 51.535606> 0.100000
	pigment { color rgbt <1,0,0,0> }
	no_shadow
}
sphere {
	0, 1
	scale<0.080000,0.200000,0.300000>
	matrix <0.224546, 0.569086, 0.791025,
		0.010064, 0.810356, -0.585851,
		-0.974412, 0.139511, 0.176235,
		45.274441, 52.432220, 51.588478>
	pigment { color rgbt <0,1,1,0> }
	no_shadow
}
cylinder {
	<45.721806, 53.147953, 51.581039>,  <45.956528, 52.334560, 51.465111>, 0.130000
	pigment { color rgbt <1,0,0,0> }
	no_shadow
}

// nucleotide -1

// particle -1
sphere {
	<45.721806, 53.147953, 51.581039> 0.250000
	pigment { color rgbt <1,0,0,0> }
	no_shadow
}
cylinder {
	<45.493355, 52.867565, 51.751900>,  <45.356285, 52.699333, 51.854416>, 0.100000
	pigment { color rgbt <1,0,0,0> }
	no_shadow
}
cylinder {
	<45.493355, 52.867565, 51.751900>,  <45.721806, 53.147953, 51.581039>, 0.100000
	pigment { color rgbt <1,0,0,0> }
	no_shadow
}

// particle -1
sphere {
	<45.493355, 52.867565, 51.751900> 0.100000
	pigment { color rgbt <1,0,0,0> }
	no_shadow
}
sphere {
	0, 1
	scale<0.080000,0.200000,0.300000>
	matrix <0.057167, 0.485143, 0.872564,
		-0.818869, 0.522764, -0.237006,
		-0.571127, -0.700966, 0.427154,
		45.322018, 52.657276, 51.880047>
	pigment { color rgbt <0,1,1,0> }
	no_shadow
}
cylinder {
	<45.158363, 53.441547, 51.943600>,  <45.721806, 53.147953, 51.581039>, 0.130000
	pigment { color rgbt <1,0,0,0> }
	no_shadow
}

// nucleotide -1

// particle -1
sphere {
	<45.158363, 53.441547, 51.943600> 0.250000
	pigment { color rgbt <1,0,0,0> }
	no_shadow
}
cylinder {
	<45.280716, 53.093887, 52.099041>,  <45.354126, 52.885292, 52.192307>, 0.100000
	pigment { color rgbt <1,0,0,0> }
	no_shadow
}
cylinder {
	<45.280716, 53.093887, 52.099041>,  <45.158363, 53.441547, 51.943600>, 0.100000
	pigment { color rgbt <1,0,0,0> }
	no_shadow
}

// particle -1
sphere {
	<45.280716, 53.093887, 52.099041> 0.100000
	pigment { color rgbt <1,0,0,0> }
	no_shadow
}
sphere {
	0, 1
	scale<0.080000,0.200000,0.300000>
	matrix <-0.076958, 0.384257, 0.920013,
		-0.948955, -0.311318, 0.050647,
		0.305878, -0.869153, 0.388602,
		45.372478, 52.833141, 52.215622>
	pigment { color rgbt <0,1,1,0> }
	no_shadow
}
cylinder {
	<44.677097, 53.081852, 52.369324>,  <45.158363, 53.441547, 51.943600>, 0.130000
	pigment { color rgbt <1,0,0,0> }
	no_shadow
}

// nucleotide -1

// particle -1
sphere {
	<44.677097, 53.081852, 52.369324> 0.250000
	pigment { color rgbt <1,0,0,0> }
	no_shadow
}
cylinder {
	<45.053215, 53.032269, 52.496124>,  <45.278885, 53.002518, 52.572205>, 0.100000
	pigment { color rgbt <1,0,0,0> }
	no_shadow
}
cylinder {
	<45.053215, 53.032269, 52.496124>,  <44.677097, 53.081852, 52.369324>, 0.100000
	pigment { color rgbt <1,0,0,0> }
	no_shadow
}

// particle -1
sphere {
	<45.053215, 53.032269, 52.496124> 0.100000
	pigment { color rgbt <1,0,0,0> }
	no_shadow
}
sphere {
	0, 1
	scale<0.080000,0.200000,0.300000>
	matrix <-0.261405, 0.333493, 0.905787,
		-0.217996, -0.934568, 0.281178,
		0.940290, -0.123956, 0.317001,
		45.335300, 52.995083, 52.591225>
	pigment { color rgbt <0,1,1,0> }
	no_shadow
}
cylinder {
	<44.636669, 53.078861, 53.032780>,  <44.677097, 53.081852, 52.369324>, 0.130000
	pigment { color rgbt <1,0,0,0> }
	no_shadow
}

// nucleotide -1

// particle -1
sphere {
	<44.636669, 53.078861, 53.032780> 0.250000
	pigment { color rgbt <1,0,0,0> }
	no_shadow
}
cylinder {
	<45.028858, 53.152008, 53.003864>,  <45.264172, 53.195896, 52.986515>, 0.100000
	pigment { color rgbt <1,0,0,0> }
	no_shadow
}
cylinder {
	<45.028858, 53.152008, 53.003864>,  <44.636669, 53.078861, 53.032780>, 0.100000
	pigment { color rgbt <1,0,0,0> }
	no_shadow
}

// particle -1
sphere {
	<45.028858, 53.152008, 53.003864> 0.100000
	pigment { color rgbt <1,0,0,0> }
	no_shadow
}
sphere {
	0, 1
	scale<0.080000,0.200000,0.300000>
	matrix <0.009138, 0.324853, 0.945720,
		0.196420, -0.927918, 0.316840,
		0.980477, 0.182863, -0.072287,
		45.323002, 53.206867, 52.982178>
	pigment { color rgbt <0,1,1,0> }
	no_shadow
}
cylinder {
	<44.921513, 52.662842, 53.490337>,  <44.636669, 53.078861, 53.032780>, 0.130000
	pigment { color rgbt <1,0,0,0> }
	no_shadow
}

// nucleotide -1

// particle -1
sphere {
	<44.921513, 52.662842, 53.490337> 0.250000
	pigment { color rgbt <1,0,0,0> }
	no_shadow
}
cylinder {
	<45.144592, 52.983910, 53.405769>,  <45.278439, 53.176552, 53.355030>, 0.100000
	pigment { color rgbt <1,0,0,0> }
	no_shadow
}
cylinder {
	<45.144592, 52.983910, 53.405769>,  <44.921513, 52.662842, 53.490337>, 0.100000
	pigment { color rgbt <1,0,0,0> }
	no_shadow
}

// particle -1
sphere {
	<45.144592, 52.983910, 53.405769> 0.100000
	pigment { color rgbt <1,0,0,0> }
	no_shadow
}
sphere {
	0, 1
	scale<0.080000,0.200000,0.300000>
	matrix <-0.070944, 0.299869, 0.951339,
		0.827007, -0.515560, 0.224181,
		0.557697, 0.802668, -0.211418,
		45.311901, 53.224709, 53.342342>
	pigment { color rgbt <0,1,1,0> }
	no_shadow
}
cylinder {
	<45.678375, 52.721256, 53.728569>,  <44.921513, 52.662842, 53.490337>, 0.130000
	pigment { color rgbt <1,0,0,0> }
	no_shadow
}

// nucleotide -1

// particle -1
sphere {
	<45.678375, 52.721256, 53.728569> 0.250000
	pigment { color rgbt <1,0,0,0> }
	no_shadow
}
cylinder {
	<45.456924, 53.054108, 53.715500>,  <45.324055, 53.253819, 53.707661>, 0.100000
	pigment { color rgbt <1,0,0,0> }
	no_shadow
}
cylinder {
	<45.456924, 53.054108, 53.715500>,  <45.678375, 52.721256, 53.728569>, 0.100000
	pigment { color rgbt <1,0,0,0> }
	no_shadow
}

// particle -1
sphere {
	<45.456924, 53.054108, 53.715500> 0.100000
	pigment { color rgbt <1,0,0,0> }
	no_shadow
}
sphere {
	0, 1
	scale<0.080000,0.200000,0.300000>
	matrix <0.199826, 0.170828, 0.964825,
		0.808436, 0.527623, -0.260854,
		-0.553625, 0.832125, -0.032671,
		45.290836, 53.303745, 53.705700>
	pigment { color rgbt <0,1,1,0> }
	no_shadow
}
cylinder {
	<46.007793, 53.165829, 54.100407>,  <45.678375, 52.721256, 53.728569>, 0.130000
	pigment { color rgbt <1,0,0,0> }
	no_shadow
}

// nucleotide -1

// particle -1
sphere {
	<46.007793, 53.165829, 54.100407> 0.250000
	pigment { color rgbt <1,0,0,0> }
	no_shadow
}
cylinder {
	<45.644268, 53.332596, 54.094162>,  <45.426155, 53.432655, 54.090416>, 0.100000
	pigment { color rgbt <1,0,0,0> }
	no_shadow
}
cylinder {
	<45.644268, 53.332596, 54.094162>,  <46.007793, 53.165829, 54.100407>, 0.100000
	pigment { color rgbt <1,0,0,0> }
	no_shadow
}

// particle -1
sphere {
	<45.644268, 53.332596, 54.094162> 0.100000
	pigment { color rgbt <1,0,0,0> }
	no_shadow
}
sphere {
	0, 1
	scale<0.080000,0.200000,0.300000>
	matrix <0.155268, 0.372708, 0.914867,
		0.387239, 0.829018, -0.403455,
		-0.908811, 0.416916, -0.015607,
		45.371624, 53.457672, 54.089481>
	pigment { color rgbt <0,1,1,0> }
	no_shadow
}
cylinder {
	<46.010136, 53.962811, 54.095703>,  <46.007793, 53.165829, 54.100407>, 0.130000
	pigment { color rgbt <1,0,0,0> }
	no_shadow
}

// nucleotide -1

// particle -1
sphere {
	<46.010136, 53.962811, 54.095703> 0.250000
	pigment { color rgbt <1,0,0,0> }
	no_shadow
}
cylinder {
	<45.709568, 53.774960, 54.281097>,  <45.529228, 53.662251, 54.392334>, 0.100000
	pigment { color rgbt <1,0,0,0> }
	no_shadow
}
cylinder {
	<45.709568, 53.774960, 54.281097>,  <46.010136, 53.962811, 54.095703>, 0.100000
	pigment { color rgbt <1,0,0,0> }
	no_shadow
}

// particle -1
sphere {
	<45.709568, 53.774960, 54.281097> 0.100000
	pigment { color rgbt <1,0,0,0> }
	no_shadow
}
sphere {
	0, 1
	scale<0.080000,0.200000,0.300000>
	matrix <0.320262, 0.354550, 0.878480,
		-0.576886, 0.808544, -0.116012,
		-0.751421, -0.469629, 0.463481,
		45.484142, 53.634071, 54.420143>
	pigment { color rgbt <0,1,1,0> }
	no_shadow
}
cylinder {
	<45.521713, 54.336868, 54.475277>,  <46.010136, 53.962811, 54.095703>, 0.130000
	pigment { color rgbt <1,0,0,0> }
	no_shadow
}

// nucleotide -1

// particle -1
sphere {
	<45.521713, 54.336868, 54.475277> 0.250000
	pigment { color rgbt <1,0,0,0> }
	no_shadow
}
cylinder {
	<45.605457, 53.970779, 54.612995>,  <45.655704, 53.751125, 54.695625>, 0.100000
	pigment { color rgbt <1,0,0,0> }
	no_shadow
}
cylinder {
	<45.605457, 53.970779, 54.612995>,  <45.521713, 54.336868, 54.475277>, 0.100000
	pigment { color rgbt <1,0,0,0> }
	no_shadow
}

// particle -1
sphere {
	<45.605457, 53.970779, 54.612995> 0.100000
	pigment { color rgbt <1,0,0,0> }
	no_shadow
}
sphere {
	0, 1
	scale<0.080000,0.200000,0.300000>
	matrix <0.681313, 0.389094, 0.620014,
		-0.701413, 0.104766, 0.705013,
		0.209360, -0.915221, 0.344294,
		45.668266, 53.696213, 54.716282>
	pigment { color rgbt <0,1,1,0> }
	no_shadow
}
cylinder {
	<46.062088, 54.933159, 54.766949>,  <45.521713, 54.336868, 54.475277>, 0.130000
	pigment { color rgbt <1,0,0,0> }
	no_shadow
}

// nucleotide -1

// particle -1
sphere {
	<46.062088, 54.933159, 54.766949> 0.250000
	pigment { color rgbt <1,0,0,0> }
	no_shadow
}
cylinder {
	<45.985233, 54.540615, 54.768265>,  <45.939121, 54.305088, 54.769054>, 0.100000
	pigment { color rgbt <1,0,0,0> }
	no_shadow
}
cylinder {
	<45.985233, 54.540615, 54.768265>,  <46.062088, 54.933159, 54.766949>, 0.100000
	pigment { color rgbt <1,0,0,0> }
	no_shadow
}

// particle -1
sphere {
	<45.985233, 54.540615, 54.768265> 0.100000
	pigment { color rgbt <1,0,0,0> }
	no_shadow
}
sphere {
	0, 1
	scale<0.080000,0.200000,0.300000>
	matrix <-0.795015, 0.157612, 0.585756,
		-0.575358, 0.109930, -0.810481,
		-0.192133, -0.981363, 0.003287,
		45.927593, 54.246204, 54.769253>
	pigment { color rgbt <0,1,1,0> }
	no_shadow
}
cylinder {
	<45.719158, 55.339596, 55.261780>,  <46.062088, 54.933159, 54.766949>, 0.130000
	pigment { color rgbt <1,0,0,0> }
	no_shadow
}

// nucleotide -1

// particle -1
sphere {
	<45.719158, 55.339596, 55.261780> 0.250000
	pigment { color rgbt <1,0,0,0> }
	no_shadow
}
cylinder {
	<45.784019, 55.721535, 55.361351>,  <45.822937, 55.950699, 55.421093>, 0.100000
	pigment { color rgbt <1,0,0,0> }
	no_shadow
}
cylinder {
	<45.784019, 55.721535, 55.361351>,  <45.719158, 55.339596, 55.261780>, 0.100000
	pigment { color rgbt <1,0,0,0> }
	no_shadow
}

// particle -1
sphere {
	<45.784019, 55.721535, 55.361351> 0.100000
	pigment { color rgbt <1,0,0,0> }
	no_shadow
}
sphere {
	0, 1
	scale<0.080000,0.200000,0.300000>
	matrix <0.982285, -0.132187, -0.132827,
		-0.093925, 0.266059, -0.959370,
		0.162156, 0.954850, 0.248930,
		45.832664, 56.007988, 55.436031>
	pigment { color rgbt <0,1,1,0> }
	no_shadow
}
cylinder {
	<46.018475, 55.753021, 54.645027>,  <45.719158, 55.339596, 55.261780>, 0.130000
	pigment { color rgbt <1,0,0,0> }
	no_shadow
}

// nucleotide -1

// particle -1
sphere {
	<46.018475, 55.753021, 54.645027> 0.250000
	pigment { color rgbt <1,0,0,0> }
	no_shadow
}
cylinder {
	<46.081059, 55.967815, 54.976608>,  <46.118607, 56.096691, 55.175556>, 0.100000
	pigment { color rgbt <1,0,0,0> }
	no_shadow
}
cylinder {
	<46.081059, 55.967815, 54.976608>,  <46.018475, 55.753021, 54.645027>, 0.100000
	pigment { color rgbt <1,0,0,0> }
	no_shadow
}

// particle -1
sphere {
	<46.081059, 55.967815, 54.976608> 0.100000
	pigment { color rgbt <1,0,0,0> }
	no_shadow
}
sphere {
	0, 1
	scale<0.080000,0.200000,0.300000>
	matrix <0.970347, 0.073000, -0.230431,
		-0.184252, 0.840428, -0.509638,
		0.156458, 0.536983, 0.828957,
		46.127995, 56.128910, 55.225296>
	pigment { color rgbt <0,1,1,0> }
	no_shadow
}
cylinder {
	<46.608791, 56.232548, 54.449814>,  <46.018475, 55.753021, 54.645027>, 0.130000
	pigment { color rgbt <1,0,0,0> }
	no_shadow
}

// nucleotide -1

// particle -1
sphere {
	<46.608791, 56.232548, 54.449814> 0.250000
	pigment { color rgbt <1,0,0,0> }
	no_shadow
}
cylinder {
	<46.594025, 56.163166, 54.843475>,  <46.585167, 56.121536, 55.079670>, 0.100000
	pigment { color rgbt <1,0,0,0> }
	no_shadow
}
cylinder {
	<46.594025, 56.163166, 54.843475>,  <46.608791, 56.232548, 54.449814>, 0.100000
	pigment { color rgbt <1,0,0,0> }
	no_shadow
}

// particle -1
sphere {
	<46.594025, 56.163166, 54.843475> 0.100000
	pigment { color rgbt <1,0,0,0> }
	no_shadow
}
sphere {
	0, 1
	scale<0.080000,0.200000,0.300000>
	matrix <0.982841, 0.171803, 0.067143,
		-0.180726, 0.969741, 0.164133,
		-0.036913, -0.173451, 0.984150,
		46.582951, 56.111130, 55.138721>
	pigment { color rgbt <0,1,1,0> }
	no_shadow
}
cylinder {
	<46.877659, 56.806625, 54.828384>,  <46.608791, 56.232548, 54.449814>, 0.130000
	pigment { color rgbt <1,0,0,0> }
	no_shadow
}

// nucleotide -1

// particle -1
sphere {
	<46.877659, 56.806625, 54.828384> 0.250000
	pigment { color rgbt <1,0,0,0> }
	no_shadow
}
cylinder {
	<46.945877, 56.451279, 54.998901>,  <46.986809, 56.238071, 55.101212>, 0.100000
	pigment { color rgbt <1,0,0,0> }
	no_shadow
}
cylinder {
	<46.945877, 56.451279, 54.998901>,  <46.877659, 56.806625, 54.828384>, 0.100000
	pigment { color rgbt <1,0,0,0> }
	no_shadow
}

// particle -1
sphere {
	<46.945877, 56.451279, 54.998901> 0.100000
	pigment { color rgbt <1,0,0,0> }
	no_shadow
}
sphere {
	0, 1
	scale<0.080000,0.200000,0.300000>
	matrix <0.985175, 0.145603, -0.090713,
		0.018517, 0.435440, 0.900027,
		0.170547, -0.888365, 0.426289,
		46.997040, 56.184769, 55.126789>
	pigment { color rgbt <0,1,1,0> }
	no_shadow
}
cylinder {
	<47.212936, 56.773773, 55.526329>,  <46.877659, 56.806625, 54.828384>, 0.130000
	pigment { color rgbt <1,0,0,0> }
	no_shadow
}

// nucleotide -1

// particle -1
sphere {
	<47.212936, 56.773773, 55.526329> 0.250000
	pigment { color rgbt <1,0,0,0> }
	no_shadow
}
cylinder {
	<47.287094, 56.494843, 55.249382>,  <47.331589, 56.327484, 55.083214>, 0.100000
	pigment { color rgbt <1,0,0,0> }
	no_shadow
}
cylinder {
	<47.287094, 56.494843, 55.249382>,  <47.212936, 56.773773, 55.526329>, 0.100000
	pigment { color rgbt <1,0,0,0> }
	no_shadow
}

// particle -1
sphere {
	<47.287094, 56.494843, 55.249382> 0.100000
	pigment { color rgbt <1,0,0,0> }
	no_shadow
}
sphere {
	0, 1
	scale<0.080000,0.200000,0.300000>
	matrix <0.923945, 0.363608, -0.118805,
		0.334595, -0.617679, 0.711701,
		0.185397, -0.697324, -0.692363,
		47.342712, 56.285645, 55.041672>
	pigment { color rgbt <0,1,1,0> }
	no_shadow
}
cylinder {
	<47.805138, 56.344536, 55.771679>,  <47.212936, 56.773773, 55.526329>, 0.130000
	pigment { color rgbt <1,0,0,0> }
	no_shadow
}

// nucleotide -1

// particle -1
sphere {
	<47.805138, 56.344536, 55.771679> 0.250000
	pigment { color rgbt <1,0,0,0> }
	no_shadow
}
cylinder {
	<47.762058, 56.360336, 55.374321>,  <47.736210, 56.369816, 55.135906>, 0.100000
	pigment { color rgbt <1,0,0,0> }
	no_shadow
}
cylinder {
	<47.762058, 56.360336, 55.374321>,  <47.805138, 56.344536, 55.771679>, 0.100000
	pigment { color rgbt <1,0,0,0> }
	no_shadow
}

// particle -1
sphere {
	<47.762058, 56.360336, 55.374321> 0.100000
	pigment { color rgbt <1,0,0,0> }
	no_shadow
}
sphere {
	0, 1
	scale<0.080000,0.200000,0.300000>
	matrix <0.952619, 0.289999, -0.091746,
		0.284460, -0.956212, -0.068862,
		-0.107698, 0.039501, -0.993399,
		47.729748, 56.372189, 55.076302>
	pigment { color rgbt <0,1,1,0> }
	no_shadow
}
cylinder {
	<48.315037, 55.889423, 55.350887>,  <47.805138, 56.344536, 55.771679>, 0.130000
	pigment { color rgbt <1,0,0,0> }
	no_shadow
}

// nucleotide -1

// particle -1
sphere {
	<48.315037, 55.889423, 55.350887> 0.250000
	pigment { color rgbt <1,0,0,0> }
	no_shadow
}
cylinder {
	<48.194740, 56.212795, 55.148499>,  <48.122562, 56.406818, 55.027065>, 0.100000
	pigment { color rgbt <1,0,0,0> }
	no_shadow
}
cylinder {
	<48.194740, 56.212795, 55.148499>,  <48.315037, 55.889423, 55.350887>, 0.100000
	pigment { color rgbt <1,0,0,0> }
	no_shadow
}

// particle -1
sphere {
	<48.194740, 56.212795, 55.148499> 0.100000
	pigment { color rgbt <1,0,0,0> }
	no_shadow
}
sphere {
	0, 1
	scale<0.080000,0.200000,0.300000>
	matrix <0.933499, 0.358156, 0.017399,
		0.195281, -0.467090, -0.862376,
		-0.300739, 0.808425, -0.505969,
		48.104519, 56.455322, 54.996708>
	pigment { color rgbt <0,1,1,0> }
	no_shadow
}
cylinder {
	<48.516537, 55.848732, 54.691921>,  <48.315037, 55.889423, 55.350887>, 0.130000
	pigment { color rgbt <1,0,0,0> }
	no_shadow
}

// nucleotide -1

// particle -1
sphere {
	<48.516537, 55.848732, 54.691921> 0.250000
	pigment { color rgbt <1,0,0,0> }
	no_shadow
}
cylinder {
	<48.482262, 56.199844, 54.880459>,  <48.461697, 56.410511, 54.993580>, 0.100000
	pigment { color rgbt <1,0,0,0> }
	no_shadow
}
cylinder {
	<48.482262, 56.199844, 54.880459>,  <48.516537, 55.848732, 54.691921>, 0.100000
	pigment { color rgbt <1,0,0,0> }
	no_shadow
}

// particle -1
sphere {
	<48.482262, 56.199844, 54.880459> 0.100000
	pigment { color rgbt <1,0,0,0> }
	no_shadow
}
sphere {
	0, 1
	scale<0.080000,0.200000,0.300000>
	matrix <0.989953, 0.021601, 0.139739,
		0.112479, 0.478578, -0.870811,
		-0.085686, 0.877779, 0.471340,
		48.456554, 56.463177, 55.021862>
	pigment { color rgbt <0,1,1,0> }
	no_shadow
}
cylinder {
	<49.034389, 56.286633, 54.333694>,  <48.516537, 55.848732, 54.691921>, 0.130000
	pigment { color rgbt <1,0,0,0> }
	no_shadow
}

// nucleotide -1

// particle -1
sphere {
	<49.034389, 56.286633, 54.333694> 0.250000
	pigment { color rgbt <1,0,0,0> }
	no_shadow
}
cylinder {
	<48.948250, 56.326283, 54.722290>,  <48.896564, 56.350075, 54.955448>, 0.100000
	pigment { color rgbt <1,0,0,0> }
	no_shadow
}
cylinder {
	<48.948250, 56.326283, 54.722290>,  <49.034389, 56.286633, 54.333694>, 0.100000
	pigment { color rgbt <1,0,0,0> }
	no_shadow
}

// particle -1
sphere {
	<48.948250, 56.326283, 54.722290> 0.100000
	pigment { color rgbt <1,0,0,0> }
	no_shadow
}
sphere {
	0, 1
	scale<0.080000,0.200000,0.300000>
	matrix <0.970573, -0.088050, 0.224132,
		0.107757, 0.991171, -0.077250,
		-0.215352, 0.099128, 0.971492,
		48.883644, 56.356022, 55.013737>
	pigment { color rgbt <0,1,1,0> }
	no_shadow
}
cylinder {
	<49.548298, 56.730927, 54.550869>,  <49.034389, 56.286633, 54.333694>, 0.130000
	pigment { color rgbt <1,0,0,0> }
	no_shadow
}

// nucleotide -1

// particle -1
sphere {
	<49.548298, 56.730927, 54.550869> 0.250000
	pigment { color rgbt <1,0,0,0> }
	no_shadow
}
cylinder {
	<49.452469, 56.484966, 54.851402>,  <49.394974, 56.337391, 55.031723>, 0.100000
	pigment { color rgbt <1,0,0,0> }
	no_shadow
}
cylinder {
	<49.452469, 56.484966, 54.851402>,  <49.548298, 56.730927, 54.550869>, 0.100000
	pigment { color rgbt <1,0,0,0> }
	no_shadow
}

// particle -1
sphere {
	<49.452469, 56.484966, 54.851402> 0.100000
	pigment { color rgbt <1,0,0,0> }
	no_shadow
}
sphere {
	0, 1
	scale<0.080000,0.200000,0.300000>
	matrix <0.929813, 0.077378, 0.359807,
		-0.279382, 0.784800, 0.553204,
		-0.239570, -0.614899, 0.751335,
		49.380596, 56.300495, 55.076801>
	pigment { color rgbt <0,1,1,0> }
	no_shadow
}
cylinder {
	<49.906727, 56.923378, 55.149303>,  <49.548298, 56.730927, 54.550869>, 0.130000
	pigment { color rgbt <1,0,0,0> }
	no_shadow
}

// nucleotide -1

// particle -1
sphere {
	<49.906727, 56.923378, 55.149303> 0.250000
	pigment { color rgbt <1,0,0,0> }
	no_shadow
}
cylinder {
	<49.821697, 56.540283, 55.226807>,  <49.770679, 56.310425, 55.273308>, 0.100000
	pigment { color rgbt <1,0,0,0> }
	no_shadow
}
cylinder {
	<49.821697, 56.540283, 55.226807>,  <49.906727, 56.923378, 55.149303>, 0.100000
	pigment { color rgbt <1,0,0,0> }
	no_shadow
}

// particle -1
sphere {
	<49.821697, 56.540283, 55.226807> 0.100000
	pigment { color rgbt <1,0,0,0> }
	no_shadow
}
sphere {
	0, 1
	scale<0.080000,0.200000,0.300000>
	matrix <0.927637, -0.135485, 0.348042,
		-0.307082, 0.253723, 0.917238,
