// switches for output
#declare DRAW_BASES = 1; // possible values are 0, 1; only relevant for DNA ribbons
#declare DRAW_BASES_TYPE = 3; // possible values are 1, 2, 3; only relevant for DNA ribbons
#declare DRAW_FOG = 0; // set to 1 to enable fog

#include "colors.inc"

#include "transforms.inc"
background { rgb <1, 1, 1>}

#default {
   normal{
       ripples 0.25
       frequency 0.20
       turbulence 0.2
       lambda 5
   }
	finish {
		phong 0.1
		phong_size 40.
	}
}

// original window dimensions: 1024x640


// camera settings

camera {
	sky <-0, 1, 0>
	up <-0, 1, 0>
	right 1.6 * <0.99995, 0, 0.00999983>
	location <54.4867, 55, 106.329>
	look_at <55, 55, 55.0001>
	direction <0.513302, 0, -51.3289>
	angle 67.0682
}


# declare cpy_camera_pos = <54.4867, 55, 106.329>;
# if (DRAW_FOG = 1)
fog {
	fog_type 2
	up vnormalize(cpy_camera_pos)
	color rgbt<1,1,1,0.3>
	distance 1e-5
	fog_alt 3e-3
	fog_offset 88
}
# end


// LIGHTS

# declare lum = 6;
global_settings {
	ambient_light rgb lum * <0.05, 0.05, 0.05>
	max_trace_level 15
}# declare cpy_direct_light_amount = 0.25;
light_source
{	1000 * <-0.98995, -1, 1.00995>,
	rgb lum * cpy_direct_light_amount
	parallel
}

light_source
{	1000 * <0.98995, 1, -1.00995>,
	rgb lum * cpy_direct_light_amount
	parallel
}

// strand 0

// nucleotide -1

// particle -1
sphere {
	<36.146683, 52.955925, 49.553757> 0.250000
	pigment { color rgbt <1,0,0,0> }
	no_shadow
}
cylinder {
	<36.236107, 53.233421, 49.827614>,  <36.289761, 53.399921, 49.991928>, 0.100000
	pigment { color rgbt <1,0,0,0> }
	no_shadow
}
cylinder {
	<36.236107, 53.233421, 49.827614>,  <36.146683, 52.955925, 49.553757>, 0.100000
	pigment { color rgbt <1,0,0,0> }
	no_shadow
}

// particle -1
sphere {
	<36.236107, 53.233421, 49.827614> 0.100000
	pigment { color rgbt <1,0,0,0> }
	no_shadow
}
sphere {
	0, 1
	scale<0.080000,0.200000,0.300000>
	matrix <0.324447, -0.715334, 0.618895,
		0.919105, 0.083770, -0.385005,
		0.223563, 0.693743, 0.684646,
		36.303177, 53.441544, 50.033009>
	pigment { color rgbt <0,1,1,0> }
	no_shadow
}
cylinder {
	<36.867664, 53.112358, 49.546715>,  <36.146683, 52.955925, 49.553757>, 0.130000
	pigment { color rgbt <1,0,0,0> }
	no_shadow
}

// nucleotide -1

// particle -1
sphere {
	<36.867664, 53.112358, 49.546715> 0.250000
	pigment { color rgbt <1,0,0,0> }
	no_shadow
}
cylinder {
	<36.610107, 53.100239, 49.852524>,  <36.455574, 53.092968, 50.036007>, 0.100000
	pigment { color rgbt <1,0,0,0> }
	no_shadow
}
cylinder {
	<36.610107, 53.100239, 49.852524>,  <36.867664, 53.112358, 49.546715>, 0.100000
	pigment { color rgbt <1,0,0,0> }
	no_shadow
}

// particle -1
sphere {
	<36.610107, 53.100239, 49.852524> 0.100000
	pigment { color rgbt <1,0,0,0> }
	no_shadow
}
sphere {
	0, 1
	scale<0.080000,0.200000,0.300000>
	matrix <0.248485, -0.953334, 0.171494,
		0.723644, 0.300394, 0.621371,
		-0.643890, -0.030301, 0.764518,
		36.416939, 53.091148, 50.081879>
	pigment { color rgbt <0,1,1,0> }
	no_shadow
}
cylinder {
	<37.379723, 53.446648, 49.117031>,  <36.867664, 53.112358, 49.546715>, 0.130000
	pigment { color rgbt <1,0,0,0> }
	no_shadow
}

// nucleotide -1

// particle -1
sphere {
	<37.379723, 53.446648, 49.117031> 0.250000
	pigment { color rgbt <1,0,0,0> }
	no_shadow
}
cylinder {
	<37.325947, 53.424583, 48.721275>,  <37.293682, 53.411346, 48.483822>, 0.100000
	pigment { color rgbt <1,0,0,0> }
	no_shadow
}
cylinder {
	<37.325947, 53.424583, 48.721275>,  <37.379723, 53.446648, 49.117031>, 0.100000
	pigment { color rgbt <1,0,0,0> }
	no_shadow
}

// particle -1
sphere {
	<37.325947, 53.424583, 48.721275> 0.100000
	pigment { color rgbt <1,0,0,0> }
	no_shadow
}
sphere {
	0, 1
	scale<0.080000,0.200000,0.300000>
	matrix <0.831580, 0.536701, -0.142921,
		0.538887, -0.841967, -0.026294,
		-0.134446, -0.055153, -0.989385,
		37.285614, 53.408035, 48.424461>
	pigment { color rgbt <0,1,1,0> }
	no_shadow
}
cylinder {
	<37.949635, 53.100273, 48.694016>,  <37.379723, 53.446648, 49.117031>, 0.130000
	pigment { color rgbt <1,0,0,0> }
	no_shadow
}

// nucleotide -1

// particle -1
sphere {
	<37.949635, 53.100273, 48.694016> 0.250000
	pigment { color rgbt <1,0,0,0> }
	no_shadow
}
cylinder {
	<37.787884, 53.421631, 48.519188>,  <37.690834, 53.614445, 48.414291>, 0.100000
	pigment { color rgbt <1,0,0,0> }
	no_shadow
}
cylinder {
	<37.787884, 53.421631, 48.519188>,  <37.949635, 53.100273, 48.694016>, 0.100000
	pigment { color rgbt <1,0,0,0> }
	no_shadow
}

// particle -1
sphere {
	<37.787884, 53.421631, 48.519188> 0.100000
	pigment { color rgbt <1,0,0,0> }
	no_shadow
}
sphere {
	0, 1
	scale<0.080000,0.200000,0.300000>
	matrix <0.893153, 0.449753, 0.000358,
		0.196862, -0.390228, -0.899426,
		-0.404380, 0.803395, -0.437073,
		37.666569, 53.662651, 48.388065>
	pigment { color rgbt <0,1,1,0> }
	no_shadow
}
cylinder {
	<38.389473, 53.365452, 48.016373>,  <37.949635, 53.100273, 48.694016>, 0.130000
	pigment { color rgbt <1,0,0,0> }
	no_shadow
}

// nucleotide -1

// particle -1
sphere {
	<38.389473, 53.365452, 48.016373> 0.250000
	pigment { color rgbt <1,0,0,0> }
	no_shadow
}
cylinder {
	<38.212070, 53.664795, 48.213657>,  <38.105629, 53.844402, 48.332027>, 0.100000
	pigment { color rgbt <1,0,0,0> }
	no_shadow
}
cylinder {
	<38.212070, 53.664795, 48.213657>,  <38.389473, 53.365452, 48.016373>, 0.100000
	pigment { color rgbt <1,0,0,0> }
	no_shadow
}

// particle -1
sphere {
	<38.212070, 53.664795, 48.213657> 0.100000
	pigment { color rgbt <1,0,0,0> }
	no_shadow
}
sphere {
	0, 1
	scale<0.080000,0.200000,0.300000>
	matrix <0.884255, 0.455160, 0.104512,
		-0.146280, 0.482481, -0.863606,
		-0.443503, 0.748360, 0.493216,
		38.079018, 53.889301, 48.361622>
	pigment { color rgbt <0,1,1,0> }
	no_shadow
}
cylinder {
	<38.743534, 53.912968, 47.750923>,  <38.389473, 53.365452, 48.016373>, 0.130000
	pigment { color rgbt <1,0,0,0> }
	no_shadow
}

// nucleotide -1

// particle -1
sphere {
	<38.743534, 53.912968, 47.750923> 0.250000
	pigment { color rgbt <1,0,0,0> }
	no_shadow
}
cylinder {
	<38.584911, 54.025562, 48.100441>,  <38.489738, 54.093121, 48.310150>, 0.100000
	pigment { color rgbt <1,0,0,0> }
	no_shadow
}
cylinder {
	<38.584911, 54.025562, 48.100441>,  <38.743534, 53.912968, 47.750923>, 0.100000
	pigment { color rgbt <1,0,0,0> }
	no_shadow
}

// particle -1
sphere {
	<38.584911, 54.025562, 48.100441> 0.100000
	pigment { color rgbt <1,0,0,0> }
	no_shadow
}
sphere {
	0, 1
	scale<0.080000,0.200000,0.300000>
	matrix <0.759925, 0.634662, 0.140423,
		-0.515033, 0.719700, -0.465588,
		-0.396554, 0.281489, 0.873790,
		38.465946, 54.110008, 48.362579>
	pigment { color rgbt <0,1,1,0> }
	no_shadow
}
cylinder {
	<38.761883, 54.713024, 47.862736>,  <38.743534, 53.912968, 47.750923>, 0.130000
	pigment { color rgbt <1,0,0,0> }
	no_shadow
}

// nucleotide -1

// particle -1
sphere {
	<38.761883, 54.713024, 47.862736> 0.250000
	pigment { color rgbt <1,0,0,0> }
	no_shadow
}
cylinder {
	<38.750858, 54.493656, 48.197037>,  <38.744244, 54.362034, 48.397617>, 0.100000
	pigment { color rgbt <1,0,0,0> }
	no_shadow
}
cylinder {
	<38.750858, 54.493656, 48.197037>,  <38.761883, 54.713024, 47.862736>, 0.100000
	pigment { color rgbt <1,0,0,0> }
	no_shadow
}

// particle -1
sphere {
	<38.750858, 54.493656, 48.197037> 0.100000
	pigment { color rgbt <1,0,0,0> }
	no_shadow
}
sphere {
	0, 1
	scale<0.080000,0.200000,0.300000>
	matrix <0.889699, 0.367694, 0.270624,
		-0.455716, 0.751024, 0.477793,
		-0.027563, -0.548420, 0.835749,
		38.742588, 54.329132, 48.447762>
	pigment { color rgbt <0,1,1,0> }
	no_shadow
}
cylinder {
	<39.165596, 55.111660, 48.439129>,  <38.761883, 54.713024, 47.862736>, 0.130000
	pigment { color rgbt <1,0,0,0> }
	no_shadow
}

// nucleotide -1

// particle -1
sphere {
	<39.165596, 55.111660, 48.439129> 0.250000
	pigment { color rgbt <1,0,0,0> }
	no_shadow
}
cylinder {
	<39.132488, 54.737198, 48.575817>,  <39.112625, 54.512520, 48.657829>, 0.100000
	pigment { color rgbt <1,0,0,0> }
	no_shadow
}
cylinder {
	<39.132488, 54.737198, 48.575817>,  <39.165596, 55.111660, 48.439129>, 0.100000
	pigment { color rgbt <1,0,0,0> }
	no_shadow
}

// particle -1
sphere {
	<39.132488, 54.737198, 48.575817> 0.100000
	pigment { color rgbt <1,0,0,0> }
	no_shadow
}
sphere {
	0, 1
	scale<0.080000,0.200000,0.300000>
	matrix <0.913827, 0.065502, 0.400786,
		-0.397579, 0.345443, 0.850059,
		-0.082768, -0.936151, 0.341717,
		39.107658, 54.456352, 48.678333>
	pigment { color rgbt <0,1,1,0> }
	no_shadow
}
cylinder {
	<39.622044, 55.041851, 48.954453>,  <39.165596, 55.111660, 48.439129>, 0.130000
	pigment { color rgbt <1,0,0,0> }
	no_shadow
}

// nucleotide -1

// particle -1
sphere {
	<39.622044, 55.041851, 48.954453> 0.250000
	pigment { color rgbt <1,0,0,0> }
	no_shadow
}
cylinder {
	<39.547421, 54.652092, 48.904266>,  <39.502647, 54.418236, 48.874153>, 0.100000
	pigment { color rgbt <1,0,0,0> }
	no_shadow
}
cylinder {
	<39.547421, 54.652092, 48.904266>,  <39.622044, 55.041851, 48.954453>, 0.100000
	pigment { color rgbt <1,0,0,0> }
	no_shadow
}

// particle -1
sphere {
	<39.547421, 54.652092, 48.904266> 0.100000
	pigment { color rgbt <1,0,0,0> }
	no_shadow
}
sphere {
	0, 1
	scale<0.080000,0.200000,0.300000>
	matrix <0.865243, -0.223446, 0.448806,
		-0.465351, -0.024831, 0.884778,
		-0.186556, -0.974400, -0.125466,
		39.491455, 54.359772, 48.866627>
	pigment { color rgbt <0,1,1,0> }
	no_shadow
}
cylinder {
	<39.833271, 54.701126, 49.563053>,  <39.622044, 55.041851, 48.954453>, 0.130000
	pigment { color rgbt <1,0,0,0> }
	no_shadow
}

// nucleotide -1

// particle -1
sphere {
	<39.833271, 54.701126, 49.563053> 0.250000
	pigment { color rgbt <1,0,0,0> }
	no_shadow
}
cylinder {
	<39.855442, 54.452038, 49.250862>,  <39.868744, 54.302586, 49.063549>, 0.100000
	pigment { color rgbt <1,0,0,0> }
	no_shadow
}
cylinder {
	<39.855442, 54.452038, 49.250862>,  <39.833271, 54.701126, 49.563053>, 0.100000
	pigment { color rgbt <1,0,0,0> }
	no_shadow
}

// particle -1
sphere {
	<39.855442, 54.452038, 49.250862> 0.100000
	pigment { color rgbt <1,0,0,0> }
	no_shadow
}
sphere {
	0, 1
	scale<0.080000,0.200000,0.300000>
	matrix <0.869131, -0.354670, 0.344704,
		-0.491466, -0.697444, 0.521568,
		0.055427, -0.622721, -0.780478,
		39.872070, 54.265221, 49.016720>
	pigment { color rgbt <0,1,1,0> }
	no_shadow
}
cylinder {
	<39.857933, 53.956120, 49.819881>,  <39.833271, 54.701126, 49.563053>, 0.130000
	pigment { color rgbt <1,0,0,0> }
	no_shadow
}

// nucleotide -1

// particle -1
sphere {
	<39.857933, 53.956120, 49.819881> 0.250000
	pigment { color rgbt <1,0,0,0> }
	no_shadow
}
cylinder {
	<40.046085, 54.129772, 49.512566>,  <40.158978, 54.233963, 49.328175>, 0.100000
	pigment { color rgbt <1,0,0,0> }
	no_shadow
}
cylinder {
	<40.046085, 54.129772, 49.512566>,  <39.857933, 53.956120, 49.819881>, 0.100000
	pigment { color rgbt <1,0,0,0> }
	no_shadow
}

// particle -1
sphere {
	<40.046085, 54.129772, 49.512566> 0.100000
	pigment { color rgbt <1,0,0,0> }
	no_shadow
}
sphere {
	0, 1
	scale<0.080000,0.200000,0.300000>
	matrix <0.881874, -0.263095, 0.391255,
		-0.032277, -0.861574, -0.506605,
		0.470380, 0.434133, -0.768291,
		40.187199, 54.260014, 49.282078>
	pigment { color rgbt <0,1,1,0> }
	no_shadow
}
cylinder {
	<40.391758, 53.499714, 49.649445>,  <39.857933, 53.956120, 49.819881>, 0.130000
	pigment { color rgbt <1,0,0,0> }
	no_shadow
}

// nucleotide -1

// particle -1
sphere {
	<40.391758, 53.499714, 49.649445> 0.250000
	pigment { color rgbt <1,0,0,0> }
	no_shadow
}
cylinder {
	<40.496719, 53.866848, 49.530304>,  <40.559696, 54.087128, 49.458820>, 0.100000
	pigment { color rgbt <1,0,0,0> }
	no_shadow
}
cylinder {
	<40.496719, 53.866848, 49.530304>,  <40.391758, 53.499714, 49.649445>, 0.100000
	pigment { color rgbt <1,0,0,0> }
	no_shadow
}

// particle -1
sphere {
	<40.496719, 53.866848, 49.530304> 0.100000
	pigment { color rgbt <1,0,0,0> }
	no_shadow
}
sphere {
	0, 1
	scale<0.080000,0.200000,0.300000>
	matrix <0.872517, -0.093847, 0.479486,
		0.412138, -0.385701, -0.825455,
		0.262404, 0.917838, -0.297853,
		40.575439, 54.142200, 49.440948>
	pigment { color rgbt <0,1,1,0> }
	no_shadow
}
cylinder {
	<41.129688, 53.422840, 49.554562>,  <40.391758, 53.499714, 49.649445>, 0.130000
	pigment { color rgbt <1,0,0,0> }
	no_shadow
}

// nucleotide -1

// particle -1
sphere {
	<41.129688, 53.422840, 49.554562> 0.250000
	pigment { color rgbt <1,0,0,0> }
	no_shadow
}
cylinder {
	<41.039459, 53.806934, 49.620358>,  <40.985321, 54.037392, 49.659836>, 0.100000
	pigment { color rgbt <1,0,0,0> }
	no_shadow
}
cylinder {
	<41.039459, 53.806934, 49.620358>,  <41.129688, 53.422840, 49.554562>, 0.100000
	pigment { color rgbt <1,0,0,0> }
	no_shadow
}

// particle -1
sphere {
	<41.039459, 53.806934, 49.620358> 0.100000
	pigment { color rgbt <1,0,0,0> }
	no_shadow
}
sphere {
	0, 1
	scale<0.080000,0.200000,0.300000>
	matrix <0.822526, 0.097233, 0.560355,
		0.522080, 0.261703, -0.811754,
		-0.225576, 0.960238, 0.164494,
		40.971786, 54.095005, 49.669704>
	pigment { color rgbt <0,1,1,0> }
	no_shadow
}
cylinder {
	<41.720764, 53.758415, 49.722889>,  <41.129688, 53.422840, 49.554562>, 0.130000
	pigment { color rgbt <1,0,0,0> }
	no_shadow
}

// nucleotide -1

// particle -1
sphere {
	<41.720764, 53.758415, 49.722889> 0.250000
	pigment { color rgbt <1,0,0,0> }
	no_shadow
}
cylinder {
	<41.457775, 54.031010, 49.851460>,  <41.299984, 54.194565, 49.928600>, 0.100000
	pigment { color rgbt <1,0,0,0> }
	no_shadow
}
cylinder {
	<41.457775, 54.031010, 49.851460>,  <41.720764, 53.758415, 49.722889>, 0.100000
	pigment { color rgbt <1,0,0,0> }
	no_shadow
}

// particle -1
sphere {
	<41.457775, 54.031010, 49.851460> 0.100000
	pigment { color rgbt <1,0,0,0> }
	no_shadow
}
sphere {
	0, 1
	scale<0.080000,0.200000,0.300000>
	matrix <0.705476, 0.406933, 0.580267,
		0.264643, 0.608266, -0.748316,
		-0.657471, 0.681482, 0.321425,
		41.260532, 54.235455, 49.947887>
	pigment { color rgbt <0,1,1,0> }
	no_shadow
}
cylinder {
	<41.922215, 54.538929, 49.599876>,  <41.720764, 53.758415, 49.722889>, 0.130000
	pigment { color rgbt <1,0,0,0> }
	no_shadow
}

// nucleotide -1

// particle -1
sphere {
	<41.922215, 54.538929, 49.599876> 0.250000
	pigment { color rgbt <1,0,0,0> }
	no_shadow
}
cylinder {
	<41.691475, 54.466751, 49.918545>,  <41.553032, 54.423443, 50.109745>, 0.100000
	pigment { color rgbt <1,0,0,0> }
	no_shadow
}
cylinder {
	<41.691475, 54.466751, 49.918545>,  <41.922215, 54.538929, 49.599876>, 0.100000
	pigment { color rgbt <1,0,0,0> }
	no_shadow
}

// particle -1
sphere {
	<41.691475, 54.466751, 49.918545> 0.100000
	pigment { color rgbt <1,0,0,0> }
	no_shadow
}
sphere {
	0, 1
	scale<0.080000,0.200000,0.300000>
	matrix <0.744366, 0.285521, 0.603652,
		-0.336394, 0.941231, -0.030384,
		-0.576852, -0.180448, 0.796668,
		41.518421, 54.412617, 50.157547>
	pigment { color rgbt <0,1,1,0> }
	no_shadow
}
cylinder {
	<42.325851, 55.124756, 49.733044>,  <41.922215, 54.538929, 49.599876>, 0.130000
	pigment { color rgbt <1,0,0,0> }
	no_shadow
}

// nucleotide -1

// particle -1
sphere {
	<42.325851, 55.124756, 49.733044> 0.250000
	pigment { color rgbt <1,0,0,0> }
	no_shadow
}
cylinder {
	<42.188911, 55.182957, 50.104340>,  <42.106747, 55.217876, 50.327118>, 0.100000
	pigment { color rgbt <1,0,0,0> }
	no_shadow
}
cylinder {
	<42.188911, 55.182957, 50.104340>,  <42.325851, 55.124756, 49.733044>, 0.100000
	pigment { color rgbt <1,0,0,0> }
	no_shadow
}

// particle -1
sphere {
	<42.188911, 55.182957, 50.104340> 0.100000
	pigment { color rgbt <1,0,0,0> }
	no_shadow
}
sphere {
	0, 1
	scale<0.080000,0.200000,0.300000>
	matrix <0.810914, -0.453239, 0.370125,
		0.474569, 0.879433, 0.037172,
		-0.342348, 0.145507, 0.928238,
		42.086208, 55.226608, 50.382812>
	pigment { color rgbt <0,1,1,0> }
	no_shadow
}
cylinder {
	<42.833237, 55.070934, 49.990570>,  <42.325851, 55.124756, 49.733044>, 0.130000
	pigment { color rgbt <1,0,0,0> }
	no_shadow
}

// nucleotide -1

// particle -1
sphere {
	<42.833237, 55.070934, 49.990570> 0.250000
	pigment { color rgbt <1,0,0,0> }
	no_shadow
}
cylinder {
	<42.613575, 55.086124, 50.324512>,  <42.481777, 55.095238, 50.524879>, 0.100000
	pigment { color rgbt <1,0,0,0> }
	no_shadow
}
cylinder {
	<42.613575, 55.086124, 50.324512>,  <42.833237, 55.070934, 49.990570>, 0.100000
	pigment { color rgbt <1,0,0,0> }
	no_shadow
}

// particle -1
sphere {
	<42.613575, 55.086124, 50.324512> 0.100000
	pigment { color rgbt <1,0,0,0> }
	no_shadow
}
sphere {
	0, 1
	scale<0.080000,0.200000,0.300000>
	matrix <0.770201, -0.364738, 0.523217,
		0.324375, 0.930335, 0.171046,
		-0.549155, 0.037979, 0.834857,
		42.448830, 55.097519, 50.574970>
	pigment { color rgbt <0,1,1,0> }
	no_shadow
}
cylinder {
	<43.207741, 55.258606, 50.538597>,  <42.833237, 55.070934, 49.990570>, 0.130000
	pigment { color rgbt <1,0,0,0> }
	no_shadow
}

// nucleotide -1

// particle -1
sphere {
	<43.207741, 55.258606, 50.538597> 0.250000
	pigment { color rgbt <1,0,0,0> }
	no_shadow
}
cylinder {
	<42.894024, 55.102348, 50.731377>,  <42.705791, 55.008595, 50.847046>, 0.100000
	pigment { color rgbt <1,0,0,0> }
	no_shadow
}
cylinder {
	<42.894024, 55.102348, 50.731377>,  <43.207741, 55.258606, 50.538597>, 0.100000
	pigment { color rgbt <1,0,0,0> }
	no_shadow
}

// particle -1
sphere {
	<42.894024, 55.102348, 50.731377> 0.100000
	pigment { color rgbt <1,0,0,0> }
	no_shadow
}
sphere {
	0, 1
	scale<0.080000,0.200000,0.300000>
	matrix <0.619877, -0.461967, 0.634302,
		-0.025140, 0.796232, 0.604469,
		-0.784296, -0.390642, 0.481952,
		42.658733, 54.985157, 50.875961>
	pigment { color rgbt <0,1,1,0> }
	no_shadow
}
cylinder {
	<43.164268, 55.442539, 51.238060>,  <43.207741, 55.258606, 50.538597>, 0.130000
	pigment { color rgbt <1,0,0,0> }
	no_shadow
}

// nucleotide -1

// particle -1
sphere {
	<43.164268, 55.442539, 51.238060> 0.250000
	pigment { color rgbt <1,0,0,0> }
	no_shadow
}
cylinder {
	<42.995201, 55.085701, 51.174164>,  <42.893761, 54.871597, 51.135826>, 0.100000
	pigment { color rgbt <1,0,0,0> }
	no_shadow
}
cylinder {
	<42.995201, 55.085701, 51.174164>,  <43.164268, 55.442539, 51.238060>, 0.100000
	pigment { color rgbt <1,0,0,0> }
	no_shadow
}

// particle -1
sphere {
	<42.995201, 55.085701, 51.174164> 0.100000
	pigment { color rgbt <1,0,0,0> }
	no_shadow
}
sphere {
	0, 1
	scale<0.080000,0.200000,0.300000>
	matrix <0.794106, -0.449488, 0.409091,
		-0.436750, 0.046059, 0.898403,
		-0.422664, -0.892098, -0.159738,
		42.868401, 54.818073, 51.126244>
	pigment { color rgbt <0,1,1,0> }
	no_shadow
}
cylinder {
	<43.661449, 54.860916, 51.150188>,  <43.164268, 55.442539, 51.238060>, 0.130000
	pigment { color rgbt <1,0,0,0> }
	no_shadow
}

// nucleotide -1

// particle -1
sphere {
	<43.661449, 54.860916, 51.150188> 0.250000
	pigment { color rgbt <1,0,0,0> }
	no_shadow
}
cylinder {
	<43.727211, 54.783169, 51.537010>,  <43.766666, 54.736519, 51.769104>, 0.100000
	pigment { color rgbt <1,0,0,0> }
	no_shadow
}
cylinder {
	<43.727211, 54.783169, 51.537010>,  <43.661449, 54.860916, 51.150188>, 0.100000
	pigment { color rgbt <1,0,0,0> }
	no_shadow
}

// particle -1
sphere {
	<43.727211, 54.783169, 51.537010> 0.100000
	pigment { color rgbt <1,0,0,0> }
	no_shadow
}
sphere {
	0, 1
	scale<0.080000,0.200000,0.300000>
	matrix <0.985398, 0.076396, -0.152164,
		-0.044303, 0.977949, 0.204091,
		0.164401, -0.194370, 0.967054,
		43.776531, 54.724857, 51.827126>
	pigment { color rgbt <0,1,1,0> }
	no_shadow
}
cylinder {
	<44.048439, 55.381222, 51.580555>,  <43.661449, 54.860916, 51.150188>, 0.130000
	pigment { color rgbt <1,0,0,0> }
	no_shadow
}

// nucleotide -1

// particle -1
sphere {
	<44.048439, 55.381222, 51.580555> 0.250000
	pigment { color rgbt <1,0,0,0> }
	no_shadow
}
cylinder {
	<44.111767, 54.997868, 51.675583>,  <44.149761, 54.767857, 51.732597>, 0.100000
	pigment { color rgbt <1,0,0,0> }
	no_shadow
}
cylinder {
	<44.111767, 54.997868, 51.675583>,  <44.048439, 55.381222, 51.580555>, 0.100000
	pigment { color rgbt <1,0,0,0> }
	no_shadow
}

// particle -1
sphere {
	<44.111767, 54.997868, 51.675583> 0.100000
	pigment { color rgbt <1,0,0,0> }
	no_shadow
}
sphere {
	0, 1
	scale<0.080000,0.200000,0.300000>
	matrix <0.982707, 0.129536, -0.132312,
		0.096033, 0.254405, 0.962318,
		0.158316, -0.958383, 0.237566,
		44.159260, 54.710354, 51.746853>
	pigment { color rgbt <0,1,1,0> }
	no_shadow
}
cylinder {
	<44.665524, 55.256927, 52.100124>,  <44.048439, 55.381222, 51.580555>, 0.130000
	pigment { color rgbt <1,0,0,0> }
	no_shadow
}

// nucleotide -1

// particle -1
sphere {
	<44.665524, 55.256927, 52.100124> 0.250000
	pigment { color rgbt <1,0,0,0> }
	no_shadow
}
cylinder {
	<44.640358, 54.935257, 51.863705>,  <44.625259, 54.742256, 51.721851>, 0.100000
	pigment { color rgbt <1,0,0,0> }
	no_shadow
}
cylinder {
	<44.640358, 54.935257, 51.863705>,  <44.665524, 55.256927, 52.100124>, 0.100000
	pigment { color rgbt <1,0,0,0> }
	no_shadow
}

// particle -1
sphere {
	<44.640358, 54.935257, 51.863705> 0.100000
	pigment { color rgbt <1,0,0,0> }
	no_shadow
}
sphere {
	0, 1
	scale<0.080000,0.200000,0.300000>
	matrix <0.965407, 0.101115, -0.240343,
		0.253042, -0.585725, 0.769997,
		-0.062917, -0.804178, -0.591050,
		44.621483, 54.694004, 51.686390>
	pigment { color rgbt <0,1,1,0> }
	no_shadow
}
cylinder {
	<45.234806, 54.641922, 52.287224>,  <44.665524, 55.256927, 52.100124>, 0.130000
	pigment { color rgbt <1,0,0,0> }
	no_shadow
}

// nucleotide -1

// particle -1
sphere {
	<45.234806, 54.641922, 52.287224> 0.250000
	pigment { color rgbt <1,0,0,0> }
	no_shadow
}
cylinder {
	<45.097973, 54.669060, 51.912338>,  <45.015873, 54.685341, 51.687405>, 0.100000
	pigment { color rgbt <1,0,0,0> }
	no_shadow
}
cylinder {
	<45.097973, 54.669060, 51.912338>,  <45.234806, 54.641922, 52.287224>, 0.100000
	pigment { color rgbt <1,0,0,0> }
	no_shadow
}

// particle -1
sphere {
	<45.097973, 54.669060, 51.912338> 0.100000
	pigment { color rgbt <1,0,0,0> }
	no_shadow
}
sphere {
	0, 1
	scale<0.080000,0.200000,0.300000>
	matrix <0.937586, 0.091029, -0.335629,
		0.062543, -0.993535, -0.094751,
		-0.342084, 0.067846, -0.937217,
		44.995346, 54.689415, 51.631172>
	pigment { color rgbt <0,1,1,0> }
	no_shadow
}
cylinder {
	<45.545723, 54.132610, 51.853058>,  <45.234806, 54.641922, 52.287224>, 0.130000
	pigment { color rgbt <1,0,0,0> }
	no_shadow
}

// nucleotide -1

// particle -1
sphere {
	<45.545723, 54.132610, 51.853058> 0.250000
	pigment { color rgbt <1,0,0,0> }
	no_shadow
}
cylinder {
	<45.442280, 54.459324, 51.646763>,  <45.380215, 54.655354, 51.522987>, 0.100000
	pigment { color rgbt <1,0,0,0> }
	no_shadow
}
cylinder {
	<45.442280, 54.459324, 51.646763>,  <45.545723, 54.132610, 51.853058>, 0.100000
	pigment { color rgbt <1,0,0,0> }
	no_shadow
}

// particle -1
sphere {
	<45.442280, 54.459324, 51.646763> 0.100000
	pigment { color rgbt <1,0,0,0> }
	no_shadow
}
sphere {
	0, 1
	scale<0.080000,0.200000,0.300000>
	matrix <0.887541, -0.009841, -0.460623,
		-0.381305, -0.576859, -0.722385,
		-0.258606, 0.816784, -0.515739,
		45.364697, 54.704361, 51.492043>
	pigment { color rgbt <0,1,1,0> }
	no_shadow
}
cylinder {
	<45.807190, 54.024651, 51.117542>,  <45.545723, 54.132610, 51.853058>, 0.130000
	pigment { color rgbt <1,0,0,0> }
	no_shadow
}

// nucleotide -1

// particle -1
sphere {
	<45.807190, 54.024651, 51.117542> 0.250000
	pigment { color rgbt <1,0,0,0> }
	no_shadow
}
cylinder {
	<45.778141, 54.404987, 51.237961>,  <45.760712, 54.633190, 51.310211>, 0.100000
	pigment { color rgbt <1,0,0,0> }
	no_shadow
}
cylinder {
	<45.778141, 54.404987, 51.237961>,  <45.807190, 54.024651, 51.117542>, 0.100000
	pigment { color rgbt <1,0,0,0> }
	no_shadow
}

// particle -1
sphere {
	<45.778141, 54.404987, 51.237961> 0.100000
	pigment { color rgbt <1,0,0,0> }
	no_shadow
}
sphere {
	0, 1
	scale<0.080000,0.200000,0.300000>
	matrix <0.881815, 0.202235, -0.426032,
		-0.465971, 0.234533, -0.853150,
		-0.072619, 0.950839, 0.301050,
		45.756355, 54.690239, 51.328278>
	pigment { color rgbt <0,1,1,0> }
	no_shadow
}
cylinder {
	<46.099609, 54.371090, 50.639847>,  <45.807190, 54.024651, 51.117542>, 0.130000
	pigment { color rgbt <1,0,0,0> }
	no_shadow
}

// nucleotide -1

// particle -1
sphere {
	<46.099609, 54.371090, 50.639847> 0.250000
	pigment { color rgbt <1,0,0,0> }
	no_shadow
}
cylinder {
	<46.129349, 54.676815, 50.896069>,  <46.147194, 54.860249, 51.049801>, 0.100000
	pigment { color rgbt <1,0,0,0> }
	no_shadow
}
cylinder {
	<46.129349, 54.676815, 50.896069>,  <46.099609, 54.371090, 50.639847>, 0.100000
	pigment { color rgbt <1,0,0,0> }
	no_shadow
}

// particle -1
sphere {
	<46.129349, 54.676815, 50.896069> 0.100000
	pigment { color rgbt <1,0,0,0> }
	no_shadow
}
sphere {
	0, 1
	scale<0.080000,0.200000,0.300000>
	matrix <0.798625, 0.339038, -0.497243,
		-0.597218, 0.548531, -0.585187,
		0.074353, 0.764308, 0.640551,
		46.151653, 54.906109, 51.088234>
	pigment { color rgbt <0,1,1,0> }
	no_shadow
}
cylinder {
	<46.357437, 54.948662, 50.173538>,  <46.099609, 54.371090, 50.639847>, 0.130000
	pigment { color rgbt <1,0,0,0> }
	no_shadow
}

// nucleotide -1

// particle -1
sphere {
	<46.357437, 54.948662, 50.173538> 0.250000
	pigment { color rgbt <1,0,0,0> }
	no_shadow
}
cylinder {
	<46.457066, 54.979134, 50.559731>,  <46.516842, 54.997417, 50.791447>, 0.100000
	pigment { color rgbt <1,0,0,0> }
	no_shadow
}
cylinder {
	<46.457066, 54.979134, 50.559731>,  <46.357437, 54.948662, 50.173538>, 0.100000
	pigment { color rgbt <1,0,0,0> }
	no_shadow
}

// particle -1
sphere {
	<46.457066, 54.979134, 50.559731> 0.100000
	pigment { color rgbt <1,0,0,0> }
	no_shadow
}
sphere {
	0, 1
	scale<0.080000,0.200000,0.300000>
	matrix <0.897214, 0.357204, -0.259640,
		-0.364655, 0.930914, 0.020614,
		0.249066, 0.076184, 0.965485,
		46.531784, 55.001987, 50.849377>
	pigment { color rgbt <0,1,1,0> }
	no_shadow
}
cylinder {
	<46.978107, 55.213795, 50.138668>,  <46.357437, 54.948662, 50.173538>, 0.130000
	pigment { color rgbt <1,0,0,0> }
	no_shadow
}

// nucleotide -1

// particle -1
sphere {
	<46.978107, 55.213795, 50.138668> 0.250000
	pigment { color rgbt <1,0,0,0> }
	no_shadow
}
cylinder {
	<46.980011, 55.207287, 50.538612>,  <46.981152, 55.203381, 50.778580>, 0.100000
	pigment { color rgbt <1,0,0,0> }
	no_shadow
}
cylinder {
	<46.980011, 55.207287, 50.538612>,  <46.978107, 55.213795, 50.138668>, 0.100000
	pigment { color rgbt <1,0,0,0> }
	no_shadow
}

// particle -1
sphere {
	<46.980011, 55.207287, 50.538612> 0.100000
	pigment { color rgbt <1,0,0,0> }
	no_shadow
}
sphere {
	0, 1
	scale<0.080000,0.200000,0.300000>
	matrix <0.961674, 0.274195, -0.000115,
		-0.274154, 0.961537, 0.016945,
		0.004757, -0.016264, 0.999856,
		46.981438, 55.202404, 50.838570>
	pigment { color rgbt <0,1,1,0> }
	no_shadow
}
cylinder {
	<47.321423, 55.741863, 50.367558>,  <46.978107, 55.213795, 50.138668>, 0.130000
	pigment { color rgbt <1,0,0,0> }
	no_shadow
}

// nucleotide -1

// particle -1
sphere {
	<47.321423, 55.741863, 50.367558> 0.250000
	pigment { color rgbt <1,0,0,0> }
	no_shadow
}
cylinder {
	<47.343185, 55.487476, 50.675476>,  <47.356243, 55.334846, 50.860229>, 0.100000
	pigment { color rgbt <1,0,0,0> }
	no_shadow
}
cylinder {
	<47.343185, 55.487476, 50.675476>,  <47.321423, 55.741863, 50.367558>, 0.100000
	pigment { color rgbt <1,0,0,0> }
	no_shadow
}

// particle -1
sphere {
	<47.343185, 55.487476, 50.675476> 0.100000
	pigment { color rgbt <1,0,0,0> }
	no_shadow
}
sphere {
	0, 1
	scale<0.080000,0.200000,0.300000>
	matrix <0.978479, 0.187636, 0.085860,
		-0.199046, 0.748561, 0.632485,
		0.054405, -0.635964, 0.769799,
		47.359509, 55.296688, 50.906414>
	pigment { color rgbt <0,1,1,0> }
	no_shadow
}
cylinder {
	<47.795399, 56.059685, 50.896957>,  <47.321423, 55.741863, 50.367558>, 0.130000
	pigment { color rgbt <1,0,0,0> }
	no_shadow
}

// nucleotide -1

// particle -1
sphere {
	<47.795399, 56.059685, 50.896957> 0.250000
	pigment { color rgbt <1,0,0,0> }
	no_shadow
}
cylinder {
	<47.812733, 55.667976, 50.976097>,  <47.823132, 55.432949, 51.023582>, 0.100000
	pigment { color rgbt <1,0,0,0> }
	no_shadow
}
cylinder {
	<47.812733, 55.667976, 50.976097>,  <47.795399, 56.059685, 50.896957>, 0.100000
	pigment { color rgbt <1,0,0,0> }
	no_shadow
}

// particle -1
sphere {
	<47.812733, 55.667976, 50.976097> 0.100000
	pigment { color rgbt <1,0,0,0> }
	no_shadow
}
sphere {
	0, 1
	scale<0.080000,0.200000,0.300000>
	matrix <0.969284, 0.089198, 0.229198,
		-0.242096, 0.181841, 0.953060,
		0.043333, -0.979274, 0.197850,
		47.825733, 55.374195, 51.035454>
	pigment { color rgbt <0,1,1,0> }
	no_shadow
}
cylinder {
	<48.251652, 55.949066, 51.404572>,  <47.795399, 56.059685, 50.896957>, 0.130000
	pigment { color rgbt <1,0,0,0> }
	no_shadow
}

// nucleotide -1

// particle -1
sphere {
	<48.251652, 55.949066, 51.404572> 0.250000
	pigment { color rgbt <1,0,0,0> }
	no_shadow
}
cylinder {
	<48.276501, 55.581120, 51.249657>,  <48.291412, 55.360352, 51.156708>, 0.100000
	pigment { color rgbt <1,0,0,0> }
	no_shadow
}
cylinder {
	<48.276501, 55.581120, 51.249657>,  <48.251652, 55.949066, 51.404572>, 0.100000
	pigment { color rgbt <1,0,0,0> }
	no_shadow
}

// particle -1
sphere {
	<48.276501, 55.581120, 51.249657> 0.100000
	pigment { color rgbt <1,0,0,0> }
	no_shadow
}
sphere {
	0, 1
	scale<0.080000,0.200000,0.300000>
	matrix <0.997389, 0.042901, 0.058094,
		-0.036823, -0.389889, 0.920125,
		0.062125, -0.919862, -0.387291,
		48.295139, 55.305161, 51.133469>
	pigment { color rgbt <0,1,1,0> }
	no_shadow
}
cylinder {
	<48.585251, 55.572052, 51.818172>,  <48.251652, 55.949066, 51.404572>, 0.130000
	pigment { color rgbt <1,0,0,0> }
	no_shadow
}

// nucleotide -1

// particle -1
sphere {
	<48.585251, 55.572052, 51.818172> 0.250000
	pigment { color rgbt <1,0,0,0> }
	no_shadow
}
cylinder {
	<48.650608, 55.490143, 51.432144>,  <48.689823, 55.440998, 51.200527>, 0.100000
	pigment { color rgbt <1,0,0,0> }
	no_shadow
}
cylinder {
	<48.650608, 55.490143, 51.432144>,  <48.585251, 55.572052, 51.818172>, 0.100000
	pigment { color rgbt <1,0,0,0> }
	no_shadow
}

// particle -1
sphere {
	<48.650608, 55.490143, 51.432144> 0.100000
	pigment { color rgbt <1,0,0,0> }
	no_shadow
}
sphere {
	0, 1
	scale<0.080000,0.200000,0.300000>
	matrix <0.956789, 0.271391, 0.104404,
		0.240534, -0.940433, 0.240269,
		0.163392, -0.204775, -0.965075,
		48.699627, 55.428711, 51.142620>
	pigment { color rgbt <0,1,1,0> }
	no_shadow
}
cylinder {
	<49.128597, 55.084393, 51.732906>,  <48.585251, 55.572052, 51.818172>, 0.130000
	pigment { color rgbt <1,0,0,0> }
	no_shadow
}

// nucleotide -1

// particle -1
sphere {
	<49.128597, 55.084393, 51.732906> 0.250000
	pigment { color rgbt <1,0,0,0> }
	no_shadow
}
cylinder {
	<49.096653, 55.333366, 51.421471>,  <49.077488, 55.482750, 51.234608>, 0.100000
	pigment { color rgbt <1,0,0,0> }
	no_shadow
}
cylinder {
	<49.096653, 55.333366, 51.421471>,  <49.128597, 55.084393, 51.732906>, 0.100000
	pigment { color rgbt <1,0,0,0> }
	no_shadow
}

// particle -1
sphere {
	<49.096653, 55.333366, 51.421471> 0.100000
	pigment { color rgbt <1,0,0,0> }
	no_shadow
}
sphere {
	0, 1
	scale<0.080000,0.200000,0.300000>
	matrix <0.910641, 0.363229, 0.196974,
		0.405409, -0.693285, -0.595818,
		-0.079859, 0.622431, -0.778590,
		49.072697, 55.520096, 51.187893>
	pigment { color rgbt <0,1,1,0> }
	no_shadow
}
cylinder {
	<49.783356, 55.089848, 51.368607>,  <49.128597, 55.084393, 51.732906>, 0.130000
	pigment { color rgbt <1,0,0,0> }
	no_shadow
}

// nucleotide -1

// particle -1
sphere {
	<49.783356, 55.089848, 51.368607> 0.250000
	pigment { color rgbt <1,0,0,0> }
	no_shadow
}
cylinder {
	<49.579441, 55.433945, 51.372467>,  <49.457092, 55.640404, 51.374783>, 0.100000
	pigment { color rgbt <1,0,0,0> }
	no_shadow
}
cylinder {
	<49.579441, 55.433945, 51.372467>,  <49.783356, 55.089848, 51.368607>, 0.100000
	pigment { color rgbt <1,0,0,0> }
	no_shadow
}

// particle -1
sphere {
	<49.579441, 55.433945, 51.372467> 0.100000
	pigment { color rgbt <1,0,0,0> }
	no_shadow
}
sphere {
	0, 1
	scale<0.080000,0.200000,0.300000>
	matrix <0.800952, 0.470493, 0.370287,
		0.313996, 0.196498, -0.928867,
		-0.509787, 0.860247, 0.009653,
		49.426506, 55.692020, 51.375362>
	pigment { color rgbt <0,1,1,0> }
	no_shadow
}
cylinder {
	<49.944164, 55.629971, 50.837955>,  <49.783356, 55.089848, 51.368607>, 0.130000
	pigment { color rgbt <1,0,0,0> }
	no_shadow
}

// nucleotide -1

// particle -1
sphere {
	<49.944164, 55.629971, 50.837955> 0.250000
	pigment { color rgbt <1,0,0,0> }
	no_shadow
}
cylinder {
	<49.837917, 55.755150, 51.202705>,  <49.774170, 55.830257, 51.421555>, 0.100000
	pigment { color rgbt <1,0,0,0> }
	no_shadow
}
cylinder {
	<49.837917, 55.755150, 51.202705>,  <49.944164, 55.629971, 50.837955>, 0.100000
	pigment { color rgbt <1,0,0,0> }
	no_shadow
}

// particle -1
sphere {
	<49.837917, 55.755150, 51.202705> 0.100000
	pigment { color rgbt <1,0,0,0> }
	no_shadow
}
sphere {
	0, 1
	scale<0.080000,0.200000,0.300000>
	matrix <0.953390, 0.225722, 0.200244,
		-0.143165, 0.922559, -0.358312,
		-0.265616, 0.312943, 0.911874,
		49.758232, 55.849033, 51.476269>
	pigment { color rgbt <0,1,1,0> }
	no_shadow
}
cylinder {
	<50.685001, 55.707855, 50.974834>,  <49.944164, 55.629971, 50.837955>, 0.130000
	pigment { color rgbt <1,0,0,0> }
	no_shadow
}

// nucleotide -1

// particle -1
sphere {
	<50.685001, 55.707855, 50.974834> 0.250000
	pigment { color rgbt <1,0,0,0> }
	no_shadow
}
cylinder {
	<50.512650, 55.776005, 51.329308>,  <50.409237, 55.816895, 51.541992>, 0.100000
	pigment { color rgbt <1,0,0,0> }
	no_shadow
}
cylinder {
	<50.512650, 55.776005, 51.329308>,  <50.685001, 55.707855, 50.974834>, 0.100000
	pigment { color rgbt <1,0,0,0> }
	no_shadow
}

// particle -1
sphere {
	<50.512650, 55.776005, 51.329308> 0.100000
	pigment { color rgbt <1,0,0,0> }
	no_shadow
}
sphere {
	0, 1
	scale<0.080000,0.200000,0.300000>
	matrix <0.900171, 0.150272, 0.408791,
		-0.063521, 0.973854, -0.218115,
		-0.430879, 0.170374, 0.886181,
		50.383385, 55.827118, 51.595161>
	pigment { color rgbt <0,1,1,0> }
	no_shadow
}
cylinder {
	<51.178993, 56.081078, 51.496487>,  <50.685001, 55.707855, 50.974834>, 0.130000
	pigment { color rgbt <1,0,0,0> }
	no_shadow
}

// nucleotide -1

// particle -1
sphere {
	<51.178993, 56.081078, 51.496487> 0.250000
	pigment { color rgbt <1,0,0,0> }
	no_shadow
}
cylinder {
	<50.933254, 55.903156, 51.757172>,  <50.785812, 55.796402, 51.913582>, 0.100000
	pigment { color rgbt <1,0,0,0> }
	no_shadow
}
cylinder {
	<50.933254, 55.903156, 51.757172>,  <51.178993, 56.081078, 51.496487>, 0.100000
	pigment { color rgbt <1,0,0,0> }
	no_shadow
}

// particle -1
sphere {
	<50.933254, 55.903156, 51.757172> 0.100000
	pigment { color rgbt <1,0,0,0> }
	no_shadow
}
sphere {
	0, 1
	scale<0.080000,0.200000,0.300000>
	matrix <0.733196, -0.016619, 0.679814,
		-0.291556, 0.895472, 0.336341,
		-0.614344, -0.444808, 0.651711,
		50.748951, 55.769714, 51.952686>
	pigment { color rgbt <0,1,1,0> }
	no_shadow
}
cylinder {
	<51.259663, 56.456642, 52.109882>,  <51.178993, 56.081078, 51.496487>, 0.130000
	pigment { color rgbt <1,0,0,0> }
	no_shadow
}

// nucleotide -1

// particle -1
sphere {
	<51.259663, 56.456642, 52.109882> 0.250000
	pigment { color rgbt <1,0,0,0> }
	no_shadow
}
cylinder {
	<51.137180, 56.077274, 52.142723>,  <51.063690, 55.849655, 52.162430>, 0.100000
	pigment { color rgbt <1,0,0,0> }
	no_shadow
}
cylinder {
	<51.137180, 56.077274, 52.142723>,  <51.259663, 56.456642, 52.109882>, 0.100000
	pigment { color rgbt <1,0,0,0> }
	no_shadow
}

// particle -1
sphere {
	<51.137180, 56.077274, 52.142723> 0.100000
	pigment { color rgbt <1,0,0,0> }
	no_shadow
}
sphere {
	0, 1
	scale<0.080000,0.200000,0.300000>
	matrix <0.632568, -0.138257, 0.762064,
		-0.711405, 0.285284, 0.642274,
		-0.306204, -0.948419, 0.082105,
		51.045319, 55.792747, 52.167355>
	pigment { color rgbt <0,1,1,0> }
	no_shadow
}
cylinder {
	<50.999023, 56.177307, 52.848705>,  <51.259663, 56.456642, 52.109882>, 0.130000
	pigment { color rgbt <1,0,0,0> }
	no_shadow
}

// nucleotide -1

// particle -1
sphere {
	<50.999023, 56.177307, 52.848705> 0.250000
	pigment { color rgbt <1,0,0,0> }
	no_shadow
}
cylinder {
	<51.161785, 55.888866, 52.624405>,  <51.259441, 55.715801, 52.489822>, 0.100000
	pigment { color rgbt <1,0,0,0> }
	no_shadow
}
cylinder {
	<51.161785, 55.888866, 52.624405>,  <50.999023, 56.177307, 52.848705>, 0.100000
	pigment { color rgbt <1,0,0,0> }
	no_shadow
}

// particle -1
sphere {
	<51.161785, 55.888866, 52.624405> 0.100000
	pigment { color rgbt <1,0,0,0> }
	no_shadow
}
sphere {
	0, 1
	scale<0.080000,0.200000,0.300000>
	matrix <0.772884, -0.055440, 0.632120,
		-0.486911, -0.690609, 0.534769,
		0.406900, -0.721101, -0.560755,
		51.283855, 55.672535, 52.456177>
	pigment { color rgbt <0,1,1,0> }
	no_shadow
}
cylinder {
	<50.968723, 55.579655, 53.211609>,  <50.999023, 56.177307, 52.848705>, 0.130000
	pigment { color rgbt <1,0,0,0> }
	no_shadow
}

// nucleotide -1

// particle -1
sphere {
	<50.968723, 55.579655, 53.211609> 0.250000
	pigment { color rgbt <1,0,0,0> }
	no_shadow
}
cylinder {
	<51.282394, 55.613705, 52.965744>,  <51.470596, 55.634136, 52.818226>, 0.100000
	pigment { color rgbt <1,0,0,0> }
	no_shadow
}
cylinder {
	<51.282394, 55.613705, 52.965744>,  <50.968723, 55.579655, 53.211609>, 0.100000
	pigment { color rgbt <1,0,0,0> }
	no_shadow
}

// particle -1
sphere {
	<51.282394, 55.613705, 52.965744> 0.100000
	pigment { color rgbt <1,0,0,0> }
	no_shadow
}
sphere {
	0, 1
	scale<0.080000,0.200000,0.300000>
	matrix <0.602438, 0.133016, 0.787004,
		0.148756, -0.987451, 0.053025,
		0.784181, 0.085128, -0.614665,
		51.517651, 55.639244, 52.781345>
	pigment { color rgbt <0,1,1,0> }
	no_shadow
}
cylinder {
	<51.546093, 55.176628, 53.468792>,  <50.968723, 55.579655, 53.211609>, 0.130000
	pigment { color rgbt <1,0,0,0> }
	no_shadow
}

// nucleotide -1

// particle -1
sphere {
	<51.546093, 55.176628, 53.468792> 0.250000
	pigment { color rgbt <1,0,0,0> }
	no_shadow
}
cylinder {
	<51.697891, 55.458801, 53.229340>,  <51.788971, 55.628105, 53.085670>, 0.100000
	pigment { color rgbt <1,0,0,0> }
	no_shadow
}
cylinder {
	<51.697891, 55.458801, 53.229340>,  <51.546093, 55.176628, 53.468792>, 0.100000
	pigment { color rgbt <1,0,0,0> }
	no_shadow
}

// particle -1
sphere {
	<51.697891, 55.458801, 53.229340> 0.100000
	pigment { color rgbt <1,0,0,0> }
	no_shadow
}
sphere {
	0, 1
	scale<0.080000,0.200000,0.300000>
	matrix <0.798359, 0.077300, 0.597200,
		0.467556, -0.704554, -0.533851,
		0.379493, 0.705429, -0.598628,
		51.811741, 55.670429, 53.049751>
	pigment { color rgbt <0,1,1,0> }
	no_shadow
}
cylinder {
	<52.224545, 54.948601, 53.232822>,  <51.546093, 55.176628, 53.468792>, 0.130000
	pigment { color rgbt <1,0,0,0> }
	no_shadow
}

// nucleotide -1

// particle -1
sphere {
	<52.224545, 54.948601, 53.232822> 0.250000
	pigment { color rgbt <1,0,0,0> }
	no_shadow
}
cylinder {
	<52.194550, 55.346939, 53.253448>,  <52.176552, 55.585941, 53.265823>, 0.100000
	pigment { color rgbt <1,0,0,0> }
	no_shadow
}
cylinder {
	<52.194550, 55.346939, 53.253448>,  <52.224545, 54.948601, 53.232822>, 0.100000
	pigment { color rgbt <1,0,0,0> }
	no_shadow
}

// particle -1
sphere {
	<52.194550, 55.346939, 53.253448> 0.100000
	pigment { color rgbt <1,0,0,0> }
	no_shadow
}
sphere {
	0, 1
	scale<0.080000,0.200000,0.300000>
	matrix <0.862797, 0.038867, 0.504053,
		0.499957, 0.082289, -0.862132,
		-0.074986, 0.995850, 0.051567,
		52.172054, 55.645695, 53.268917>
	pigment { color rgbt <0,1,1,0> }
	no_shadow
}
cylinder {
	<52.818512, 55.499950, 52.900795>,  <52.224545, 54.948601, 53.232822>, 0.130000
	pigment { color rgbt <1,0,0,0> }
	no_shadow
}

// nucleotide -1

// particle -1
sphere {
	<52.818512, 55.499950, 52.900795> 0.250000
	pigment { color rgbt <1,0,0,0> }
	no_shadow
}
cylinder {
	<52.624157, 55.623726, 53.227760>,  <52.507545, 55.697990, 53.423939>, 0.100000
	pigment { color rgbt <1,0,0,0> }
	no_shadow
}
cylinder {
	<52.624157, 55.623726, 53.227760>,  <52.818512, 55.499950, 52.900795>, 0.100000
	pigment { color rgbt <1,0,0,0> }
	no_shadow
}

// particle -1
sphere {
	<52.624157, 55.623726, 53.227760> 0.100000
	pigment { color rgbt <1,0,0,0> }
	no_shadow
}
sphere {
	0, 1
	scale<0.080000,0.200000,0.300000>
	matrix <0.858407, -0.007038, 0.512921,
		0.164470, 0.950894, -0.262204,
		-0.485888, 0.309438, 0.817411,
