// switches for output
#declare DRAW_BASES = 1; // possible values are 0, 1; only relevant for DNA ribbons
#declare DRAW_BASES_TYPE = 3; // possible values are 1, 2, 3; only relevant for DNA ribbons
#declare DRAW_FOG = 0; // set to 1 to enable fog

#include "colors.inc"

#include "transforms.inc"
background { rgb <1, 1, 1>}

#default {
   normal{
       ripples 0.25
       frequency 0.20
       turbulence 0.2
       lambda 5
   }
	finish {
		phong 0.1
		phong_size 40.
	}
}

// original window dimensions: 1024x640


// camera settings

camera {
	sky <-0, 1, 0>
	up <-0, 1, 0>
	right 1.6 * <0.99995, 0, 0.00999983>
	location <54.4867, 55, 106.329>
	look_at <55, 55, 55.0001>
	direction <0.513302, 0, -51.3289>
	angle 67.0682
}


# declare cpy_camera_pos = <54.4867, 55, 106.329>;
# if (DRAW_FOG = 1)
fog {
	fog_type 2
	up vnormalize(cpy_camera_pos)
	color rgbt<1,1,1,0.3>
	distance 1e-5
	fog_alt 3e-3
	fog_offset 88
}
# end


// LIGHTS

# declare lum = 6;
global_settings {
	ambient_light rgb lum * <0.05, 0.05, 0.05>
	max_trace_level 15
}# declare cpy_direct_light_amount = 0.25;
light_source
{	1000 * <-0.98995, -1, 1.00995>,
	rgb lum * cpy_direct_light_amount
	parallel
}

light_source
{	1000 * <0.98995, 1, -1.00995>,
	rgb lum * cpy_direct_light_amount
	parallel
}

// strand 0

// nucleotide -1

// particle -1
sphere {
	<36.351196, 53.587135, 49.775898> 0.250000
	pigment { color rgbt <1,0,0,0> }
	no_shadow
}
cylinder {
	<36.620289, 53.581528, 50.071800>,  <36.781746, 53.578163, 50.249340>, 0.100000
	pigment { color rgbt <1,0,0,0> }
	no_shadow
}
cylinder {
	<36.620289, 53.581528, 50.071800>,  <36.351196, 53.587135, 49.775898>, 0.100000
	pigment { color rgbt <1,0,0,0> }
	no_shadow
}

// particle -1
sphere {
	<36.620289, 53.581528, 50.071800> 0.100000
	pigment { color rgbt <1,0,0,0> }
	no_shadow
}
sphere {
	0, 1
	scale<0.080000,0.200000,0.300000>
	matrix <0.600714, 0.594038, -0.535033,
		-0.431943, 0.804315, 0.408048,
		0.672731, -0.014016, 0.739754,
		36.822109, 53.577324, 50.293728>
	pigment { color rgbt <0,1,1,0> }
	no_shadow
}
cylinder {
	<36.640610, 54.300411, 49.758080>,  <36.351196, 53.587135, 49.775898>, 0.130000
	pigment { color rgbt <1,0,0,0> }
	no_shadow
}

// nucleotide -1

// particle -1
sphere {
	<36.640610, 54.300411, 49.758080> 0.250000
	pigment { color rgbt <1,0,0,0> }
	no_shadow
}
cylinder {
	<36.900448, 54.096180, 49.983406>,  <37.056351, 53.973640, 50.118603>, 0.100000
	pigment { color rgbt <1,0,0,0> }
	no_shadow
}
cylinder {
	<36.900448, 54.096180, 49.983406>,  <36.640610, 54.300411, 49.758080>, 0.100000
	pigment { color rgbt <1,0,0,0> }
	no_shadow
}

// particle -1
sphere {
	<36.900448, 54.096180, 49.983406> 0.100000
	pigment { color rgbt <1,0,0,0> }
	no_shadow
}
sphere {
	0, 1
	scale<0.080000,0.200000,0.300000>
	matrix <0.740888, 0.591393, -0.318340,
		-0.170604, 0.624149, 0.762452,
		0.649600, -0.510581, 0.563318,
		37.095329, 53.943005, 50.152401>
	pigment { color rgbt <0,1,1,0> }
	no_shadow
}
cylinder {
	<36.971291, 54.837097, 50.209877>,  <36.640610, 54.300411, 49.758080>, 0.130000
	pigment { color rgbt <1,0,0,0> }
	no_shadow
}

// nucleotide -1

// particle -1
sphere {
	<36.971291, 54.837097, 50.209877> 0.250000
	pigment { color rgbt <1,0,0,0> }
	no_shadow
}
cylinder {
	<37.203316, 54.513519, 50.171631>,  <37.342529, 54.319374, 50.148682>, 0.100000
	pigment { color rgbt <1,0,0,0> }
	no_shadow
}
cylinder {
	<37.203316, 54.513519, 50.171631>,  <36.971291, 54.837097, 50.209877>, 0.100000
	pigment { color rgbt <1,0,0,0> }
	no_shadow
}

// particle -1
sphere {
	<37.203316, 54.513519, 50.171631> 0.100000
	pigment { color rgbt <1,0,0,0> }
	no_shadow
}
sphere {
	0, 1
	scale<0.080000,0.200000,0.300000>
	matrix <0.795964, 0.587838, -0.144524,
		0.173117, 0.007728, 0.984871,
		0.580062, -0.808941, -0.095614,
		37.377335, 54.270836, 50.142948>
	pigment { color rgbt <0,1,1,0> }
	no_shadow
}
cylinder {
	<37.516296, 54.806561, 50.721668>,  <36.971291, 54.837097, 50.209877>, 0.130000
	pigment { color rgbt <1,0,0,0> }
	no_shadow
}

// nucleotide -1

// particle -1
sphere {
	<37.516296, 54.806561, 50.721668> 0.250000
	pigment { color rgbt <1,0,0,0> }
	no_shadow
}
cylinder {
	<37.656261, 54.585506, 50.419106>,  <37.740242, 54.452873, 50.237568>, 0.100000
	pigment { color rgbt <1,0,0,0> }
	no_shadow
}
cylinder {
	<37.656261, 54.585506, 50.419106>,  <37.516296, 54.806561, 50.721668>, 0.100000
	pigment { color rgbt <1,0,0,0> }
	no_shadow
}

// particle -1
sphere {
	<37.656261, 54.585506, 50.419106> 0.100000
	pigment { color rgbt <1,0,0,0> }
	no_shadow
}
sphere {
	0, 1
	scale<0.080000,0.200000,0.300000>
	matrix <0.839887, 0.542702, -0.007966,
		0.414907, -0.632510, 0.654051,
		0.349917, -0.552634, -0.756408,
		37.761238, 54.419716, 50.192184>
	pigment { color rgbt <0,1,1,0> }
	no_shadow
}
cylinder {
	<38.072674, 54.342068, 50.813229>,  <37.516296, 54.806561, 50.721668>, 0.130000
	pigment { color rgbt <1,0,0,0> }
	no_shadow
}

// nucleotide -1

// particle -1
sphere {
	<38.072674, 54.342068, 50.813229> 0.250000
	pigment { color rgbt <1,0,0,0> }
	no_shadow
}
cylinder {
	<38.040821, 54.559284, 50.478859>,  <38.021709, 54.689613, 50.278236>, 0.100000
	pigment { color rgbt <1,0,0,0> }
	no_shadow
}
cylinder {
	<38.040821, 54.559284, 50.478859>,  <38.072674, 54.342068, 50.813229>, 0.100000
	pigment { color rgbt <1,0,0,0> }
	no_shadow
}

// particle -1
sphere {
	<38.040821, 54.559284, 50.478859> 0.100000
	pigment { color rgbt <1,0,0,0> }
	no_shadow
}
sphere {
	0, 1
	scale<0.080000,0.200000,0.300000>
	matrix <0.911698, 0.378761, 0.159208,
		0.403071, -0.749428, -0.525254,
		-0.079630, 0.543045, -0.835919,
		38.016933, 54.722198, 50.228085>
	pigment { color rgbt <0,1,1,0> }
	no_shadow
}
cylinder {
	<38.561138, 54.144341, 50.148750>,  <38.072674, 54.342068, 50.813229>, 0.130000
	pigment { color rgbt <1,0,0,0> }
	no_shadow
}

// nucleotide -1

// particle -1
sphere {
	<38.561138, 54.144341, 50.148750> 0.250000
	pigment { color rgbt <1,0,0,0> }
	no_shadow
}
cylinder {
	<38.459164, 54.530472, 50.171196>,  <38.397980, 54.762150, 50.184666>, 0.100000
	pigment { color rgbt <1,0,0,0> }
	no_shadow
}
cylinder {
	<38.459164, 54.530472, 50.171196>,  <38.561138, 54.144341, 50.148750>, 0.100000
	pigment { color rgbt <1,0,0,0> }
	no_shadow
}

// particle -1
sphere {
	<38.459164, 54.530472, 50.171196> 0.100000
	pigment { color rgbt <1,0,0,0> }
	no_shadow
}
sphere {
	0, 1
	scale<0.080000,0.200000,0.300000>
	matrix <0.965809, 0.251377, 0.063417,
		0.047112, 0.070365, -0.996408,
		-0.254937, 0.965328, 0.056116,
		38.382683, 54.820068, 50.188030>
	pigment { color rgbt <0,1,1,0> }
	no_shadow
}
cylinder {
	<39.043514, 54.640343, 49.806095>,  <38.561138, 54.144341, 50.148750>, 0.130000
	pigment { color rgbt <1,0,0,0> }
	no_shadow
}

// nucleotide -1

// particle -1
sphere {
	<39.043514, 54.640343, 49.806095> 0.250000
	pigment { color rgbt <1,0,0,0> }
	no_shadow
}
cylinder {
	<38.841896, 54.870384, 50.063835>,  <38.720924, 55.008408, 50.218479>, 0.100000
	pigment { color rgbt <1,0,0,0> }
	no_shadow
}
cylinder {
	<38.841896, 54.870384, 50.063835>,  <39.043514, 54.640343, 49.806095>, 0.100000
	pigment { color rgbt <1,0,0,0> }
	no_shadow
}

// particle -1
sphere {
	<38.841896, 54.870384, 50.063835> 0.100000
	pigment { color rgbt <1,0,0,0> }
	no_shadow
}
sphere {
	0, 1
	scale<0.080000,0.200000,0.300000>
	matrix <0.772089, 0.634392, 0.037754,
		-0.387061, 0.516529, -0.763794,
		-0.504046, 0.575105, 0.644355,
		38.690681, 55.042915, 50.257141>
	pigment { color rgbt <0,1,1,0> }
	no_shadow
}
cylinder {
	<39.126724, 55.318886, 49.505756>,  <39.043514, 54.640343, 49.806095>, 0.130000
	pigment { color rgbt <1,0,0,0> }
	no_shadow
}

// nucleotide -1

// particle -1
sphere {
	<39.126724, 55.318886, 49.505756> 0.250000
	pigment { color rgbt <1,0,0,0> }
	no_shadow
}
cylinder {
	<39.070156, 55.373245, 49.897987>,  <39.036213, 55.405861, 50.133327>, 0.100000
	pigment { color rgbt <1,0,0,0> }
	no_shadow
}
cylinder {
	<39.070156, 55.373245, 49.897987>,  <39.126724, 55.318886, 49.505756>, 0.100000
	pigment { color rgbt <1,0,0,0> }
	no_shadow
}

// particle -1
sphere {
	<39.070156, 55.373245, 49.897987> 0.100000
	pigment { color rgbt <1,0,0,0> }
	no_shadow
}
sphere {
	0, 1
	scale<0.080000,0.200000,0.300000>
	matrix <0.709262, 0.704930, 0.004597,
		-0.690613, 0.696136, -0.196083,
		-0.141425, 0.135899, 0.980577,
		39.027729, 55.414017, 50.192162>
	pigment { color rgbt <0,1,1,0> }
	no_shadow
}
cylinder {
	<38.866337, 56.020638, 49.784740>,  <39.126724, 55.318886, 49.505756>, 0.130000
	pigment { color rgbt <1,0,0,0> }
	no_shadow
}

// nucleotide -1

// particle -1
sphere {
	<38.866337, 56.020638, 49.784740> 0.250000
	pigment { color rgbt <1,0,0,0> }
	no_shadow
}
cylinder {
	<39.124161, 55.871090, 50.051506>,  <39.278854, 55.781361, 50.211563>, 0.100000
	pigment { color rgbt <1,0,0,0> }
	no_shadow
}
cylinder {
	<39.124161, 55.871090, 50.051506>,  <38.866337, 56.020638, 49.784740>, 0.100000
	pigment { color rgbt <1,0,0,0> }
	no_shadow
}

// particle -1
sphere {
	<39.124161, 55.871090, 50.051506> 0.100000
	pigment { color rgbt <1,0,0,0> }
	no_shadow
}
sphere {
	0, 1
	scale<0.080000,0.200000,0.300000>
	matrix <0.584796, 0.802980, -0.115047,
		-0.492503, 0.464161, 0.736203,
		0.644557, -0.373868, 0.666910,
		39.317528, 55.758930, 50.251579>
	pigment { color rgbt <0,1,1,0> }
	no_shadow
}
cylinder {
	<39.434212, 56.548023, 49.809975>,  <38.866337, 56.020638, 49.784740>, 0.130000
	pigment { color rgbt <1,0,0,0> }
	no_shadow
}

// nucleotide -1

// particle -1
sphere {
	<39.434212, 56.548023, 49.809975> 0.250000
	pigment { color rgbt <1,0,0,0> }
	no_shadow
}
cylinder {
	<39.527592, 56.288841, 50.099983>,  <39.583618, 56.133331, 50.273987>, 0.100000
	pigment { color rgbt <1,0,0,0> }
	no_shadow
}
cylinder {
	<39.527592, 56.288841, 50.099983>,  <39.434212, 56.548023, 49.809975>, 0.100000
	pigment { color rgbt <1,0,0,0> }
	no_shadow
}

// particle -1
sphere {
	<39.527592, 56.288841, 50.099983> 0.100000
	pigment { color rgbt <1,0,0,0> }
	no_shadow
}
sphere {
	0, 1
	scale<0.080000,0.200000,0.300000>
	matrix <0.816321, 0.535719, 0.215931,
		-0.528321, 0.541441, 0.654001,
		0.233447, -0.647956, 0.725022,
		39.597626, 56.094456, 50.317490>
	pigment { color rgbt <0,1,1,0> }
	no_shadow
}
cylinder {
	<39.710644, 57.018585, 50.349079>,  <39.434212, 56.548023, 49.809975>, 0.130000
	pigment { color rgbt <1,0,0,0> }
	no_shadow
}

// nucleotide -1

// particle -1
sphere {
	<39.710644, 57.018585, 50.349079> 0.250000
	pigment { color rgbt <1,0,0,0> }
	no_shadow
}
cylinder {
	<39.850254, 56.650581, 50.420364>,  <39.934021, 56.429779, 50.463135>, 0.100000
	pigment { color rgbt <1,0,0,0> }
	no_shadow
}
cylinder {
	<39.850254, 56.650581, 50.420364>,  <39.710644, 57.018585, 50.349079>, 0.100000
	pigment { color rgbt <1,0,0,0> }
	no_shadow
}

// particle -1
sphere {
	<39.850254, 56.650581, 50.420364> 0.100000
	pigment { color rgbt <1,0,0,0> }
	no_shadow
}
sphere {
	0, 1
	scale<0.080000,0.200000,0.300000>
	matrix <0.844141, 0.391247, 0.366541,
		-0.406947, 0.022505, 0.913174,
		0.349028, -0.920011, 0.178214,
		39.954964, 56.374577, 50.473827>
	pigment { color rgbt <0,1,1,0> }
	no_shadow
}
cylinder {
	<40.018951, 56.863594, 50.994602>,  <39.710644, 57.018585, 50.349079>, 0.130000
	pigment { color rgbt <1,0,0,0> }
	no_shadow
}

// nucleotide -1

// particle -1
sphere {
	<40.018951, 56.863594, 50.994602> 0.250000
	pigment { color rgbt <1,0,0,0> }
	no_shadow
}
cylinder {
	<40.181438, 56.655506, 50.694107>,  <40.278931, 56.530655, 50.513809>, 0.100000
	pigment { color rgbt <1,0,0,0> }
	no_shadow
}
cylinder {
	<40.181438, 56.655506, 50.694107>,  <40.018951, 56.863594, 50.994602>, 0.100000
	pigment { color rgbt <1,0,0,0> }
	no_shadow
}

// particle -1
sphere {
	<40.181438, 56.655506, 50.694107> 0.100000
	pigment { color rgbt <1,0,0,0> }
	no_shadow
}
sphere {
	0, 1
	scale<0.080000,0.200000,0.300000>
	matrix <0.877385, 0.451755, 0.161598,
		0.255309, -0.724768, 0.639945,
		0.406219, -0.520221, -0.751237,
		40.303303, 56.499439, 50.468735>
	pigment { color rgbt <0,1,1,0> }
	no_shadow
}
cylinder {
	<40.647335, 56.545322, 51.144558>,  <40.018951, 56.863594, 50.994602>, 0.130000
	pigment { color rgbt <1,0,0,0> }
	no_shadow
}

// nucleotide -1

// particle -1
sphere {
	<40.647335, 56.545322, 51.144558> 0.250000
	pigment { color rgbt <1,0,0,0> }
	no_shadow
}
cylinder {
	<40.645645, 56.615364, 50.750740>,  <40.644630, 56.657391, 50.514450>, 0.100000
	pigment { color rgbt <1,0,0,0> }
	no_shadow
}
cylinder {
	<40.645645, 56.615364, 50.750740>,  <40.647335, 56.545322, 51.144558>, 0.100000
	pigment { color rgbt <1,0,0,0> }
	no_shadow
}

// particle -1
sphere {
	<40.645645, 56.615364, 50.750740> 0.100000
	pigment { color rgbt <1,0,0,0> }
	no_shadow
}
sphere {
	0, 1
	scale<0.080000,0.200000,0.300000>
	matrix <0.977774, 0.207105, 0.032635,
		0.209618, -0.962520, -0.172089,
		-0.004229, 0.175105, -0.984541,
		40.644375, 56.667896, 50.455379>
	pigment { color rgbt <0,1,1,0> }
	no_shadow
}
cylinder {
	<41.237720, 56.109432, 51.420639>,  <40.647335, 56.545322, 51.144558>, 0.130000
	pigment { color rgbt <1,0,0,0> }
	no_shadow
}

// nucleotide -1

// particle -1
sphere {
	<41.237720, 56.109432, 51.420639> 0.250000
	pigment { color rgbt <1,0,0,0> }
	no_shadow
}
cylinder {
	<41.220573, 56.506500, 51.465836>,  <41.210285, 56.744740, 51.492954>, 0.100000
	pigment { color rgbt <1,0,0,0> }
	no_shadow
}
cylinder {
	<41.220573, 56.506500, 51.465836>,  <41.237720, 56.109432, 51.420639>, 0.100000
	pigment { color rgbt <1,0,0,0> }
	no_shadow
}

// particle -1
sphere {
	<41.220573, 56.506500, 51.465836> 0.100000
	pigment { color rgbt <1,0,0,0> }
	no_shadow
}
sphere {
	0, 1
	scale<0.080000,0.200000,0.300000>
	matrix <0.662062, -0.056473, 0.747319,
		0.748222, 0.106839, -0.654789,
		-0.042865, 0.992671, 0.112988,
		41.207714, 56.804302, 51.499733>
	pigment { color rgbt <0,1,1,0> }
	no_shadow
}
cylinder {
	<41.900730, 56.416862, 51.391376>,  <41.237720, 56.109432, 51.420639>, 0.130000
	pigment { color rgbt <1,0,0,0> }
	no_shadow
}

// nucleotide -1

// particle -1
sphere {
	<41.900730, 56.416862, 51.391376> 0.250000
	pigment { color rgbt <1,0,0,0> }
	no_shadow
}
cylinder {
	<41.693604, 56.710167, 51.567646>,  <41.569328, 56.886150, 51.673409>, 0.100000
	pigment { color rgbt <1,0,0,0> }
	no_shadow
}
cylinder {
	<41.693604, 56.710167, 51.567646>,  <41.900730, 56.416862, 51.391376>, 0.100000
	pigment { color rgbt <1,0,0,0> }
	no_shadow
}

// particle -1
sphere {
	<41.693604, 56.710167, 51.567646> 0.100000
	pigment { color rgbt <1,0,0,0> }
	no_shadow
}
sphere {
	0, 1
	scale<0.080000,0.200000,0.300000>
	matrix <0.699777, 0.066729, 0.711238,
		0.492117, 0.676665, -0.547673,
		-0.517816, 0.733261, 0.440676,
		41.538258, 56.930145, 51.699848>
	pigment { color rgbt <0,1,1,0> }
	no_shadow
}
cylinder {
	<42.437824, 56.873413, 51.560638>,  <41.900730, 56.416862, 51.391376>, 0.130000
	pigment { color rgbt <1,0,0,0> }
	no_shadow
}

// nucleotide -1

// particle -1
sphere {
	<42.437824, 56.873413, 51.560638> 0.250000
	pigment { color rgbt <1,0,0,0> }
	no_shadow
}
cylinder {
	<42.122772, 56.873249, 51.807098>,  <41.933743, 56.873150, 51.954975>, 0.100000
	pigment { color rgbt <1,0,0,0> }
	no_shadow
}
cylinder {
	<42.122772, 56.873249, 51.807098>,  <42.437824, 56.873413, 51.560638>, 0.100000
	pigment { color rgbt <1,0,0,0> }
	no_shadow
}

// particle -1
sphere {
	<42.122772, 56.873249, 51.807098> 0.100000
	pigment { color rgbt <1,0,0,0> }
	no_shadow
}
sphere {
	0, 1
	scale<0.080000,0.200000,0.300000>
	matrix <0.615806, -0.033867, 0.787170,
		0.020541, 0.999426, 0.026929,
		-0.787630, -0.000414, 0.616148,
		41.886482, 56.873123, 51.991943>
	pigment { color rgbt <0,1,1,0> }
	no_shadow
}
cylinder {
	<42.418144, 57.449436, 51.907654>,  <42.437824, 56.873413, 51.560638>, 0.130000
	pigment { color rgbt <1,0,0,0> }
	no_shadow
}

// nucleotide -1

// particle -1
sphere {
	<42.418144, 57.449436, 51.907654> 0.250000
	pigment { color rgbt <1,0,0,0> }
	no_shadow
}
cylinder {
	<42.291279, 57.119576, 52.094994>,  <42.215160, 56.921658, 52.207397>, 0.100000
	pigment { color rgbt <1,0,0,0> }
	no_shadow
}
cylinder {
	<42.291279, 57.119576, 52.094994>,  <42.418144, 57.449436, 51.907654>, 0.100000
	pigment { color rgbt <1,0,0,0> }
	no_shadow
}

// particle -1
sphere {
	<42.291279, 57.119576, 52.094994> 0.100000
	pigment { color rgbt <1,0,0,0> }
	no_shadow
}
sphere {
	0, 1
	scale<0.080000,0.200000,0.300000>
	matrix <0.816227, 0.014087, 0.577559,
		-0.482885, 0.565459, 0.668639,
		-0.317167, -0.824656, 0.468346,
		42.196129, 56.872177, 52.235497>
	pigment { color rgbt <0,1,1,0> }
	no_shadow
}
cylinder {
	<42.330975, 57.487419, 52.591103>,  <42.418144, 57.449436, 51.907654>, 0.130000
	pigment { color rgbt <1,0,0,0> }
	no_shadow
}

// nucleotide -1

// particle -1
sphere {
	<42.330975, 57.487419, 52.591103> 0.250000
	pigment { color rgbt <1,0,0,0> }
	no_shadow
}
cylinder {
	<42.461266, 57.129280, 52.469612>,  <42.539440, 56.914394, 52.396717>, 0.100000
	pigment { color rgbt <1,0,0,0> }
	no_shadow
}
cylinder {
	<42.461266, 57.129280, 52.469612>,  <42.330975, 57.487419, 52.591103>, 0.100000
	pigment { color rgbt <1,0,0,0> }
	no_shadow
}

// particle -1
sphere {
	<42.461266, 57.129280, 52.469612> 0.100000
	pigment { color rgbt <1,0,0,0> }
	no_shadow
}
sphere {
	0, 1
	scale<0.080000,0.200000,0.300000>
	matrix <0.792135, 0.083052, 0.604669,
		-0.516165, -0.437551, 0.736290,
		0.325724, -0.895350, -0.303730,
		42.558983, 56.860676, 52.378494>
	pigment { color rgbt <0,1,1,0> }
	no_shadow
}
cylinder {
	<42.562702, 57.183960, 53.250660>,  <42.330975, 57.487419, 52.591103>, 0.130000
	pigment { color rgbt <1,0,0,0> }
	no_shadow
}

// nucleotide -1

// particle -1
sphere {
	<42.562702, 57.183960, 53.250660> 0.250000
	pigment { color rgbt <1,0,0,0> }
	no_shadow
}
cylinder {
	<42.745262, 57.066132, 52.914818>,  <42.854797, 56.995434, 52.713314>, 0.100000
	pigment { color rgbt <1,0,0,0> }
	no_shadow
}
cylinder {
	<42.745262, 57.066132, 52.914818>,  <42.562702, 57.183960, 53.250660>, 0.100000
	pigment { color rgbt <1,0,0,0> }
	no_shadow
}

// particle -1
sphere {
	<42.745262, 57.066132, 52.914818> 0.100000
	pigment { color rgbt <1,0,0,0> }
	no_shadow
}
sphere {
	0, 1
	scale<0.080000,0.200000,0.300000>
	matrix <0.886627, 0.229871, 0.401313,
		0.074786, -0.927572, 0.366083,
		0.456399, -0.294567, -0.839602,
		42.882183, 56.977760, 52.662937>
	pigment { color rgbt <0,1,1,0> }
	no_shadow
}
cylinder {
	<43.253292, 56.909603, 53.416492>,  <42.562702, 57.183960, 53.250660>, 0.130000
	pigment { color rgbt <1,0,0,0> }
	no_shadow
}

// nucleotide -1

// particle -1
sphere {
	<43.253292, 56.909603, 53.416492> 0.250000
	pigment { color rgbt <1,0,0,0> }
	no_shadow
}
cylinder {
	<43.310478, 57.054878, 53.048222>,  <43.344791, 57.142044, 52.827259>, 0.100000
	pigment { color rgbt <1,0,0,0> }
	no_shadow
}
cylinder {
	<43.310478, 57.054878, 53.048222>,  <43.253292, 56.909603, 53.416492>, 0.100000
	pigment { color rgbt <1,0,0,0> }
	no_shadow
}

// particle -1
sphere {
	<43.310478, 57.054878, 53.048222> 0.100000
	pigment { color rgbt <1,0,0,0> }
	no_shadow
}
sphere {
	0, 1
	scale<0.080000,0.200000,0.300000>
	matrix <0.925883, 0.279616, 0.254079,
		0.349716, -0.888769, -0.296292,
		0.142969, 0.363187, -0.920682,
		43.353371, 57.163834, 52.772018>
	pigment { color rgbt <0,1,1,0> }
	no_shadow
}
cylinder {
	<43.968983, 56.707073, 53.094814>,  <43.253292, 56.909603, 53.416492>, 0.130000
	pigment { color rgbt <1,0,0,0> }
	no_shadow
}

// nucleotide -1

// particle -1
sphere {
	<43.968983, 56.707073, 53.094814> 0.250000
	pigment { color rgbt <1,0,0,0> }
	no_shadow
}
cylinder {
	<43.810432, 57.058594, 52.988541>,  <43.715302, 57.269508, 52.924778>, 0.100000
	pigment { color rgbt <1,0,0,0> }
	no_shadow
}
cylinder {
	<43.810432, 57.058594, 52.988541>,  <43.968983, 56.707073, 53.094814>, 0.100000
	pigment { color rgbt <1,0,0,0> }
	no_shadow
}

// particle -1
sphere {
	<43.810432, 57.058594, 52.988541> 0.100000
	pigment { color rgbt <1,0,0,0> }
	no_shadow
}
sphere {
	0, 1
	scale<0.080000,0.200000,0.300000>
	matrix <0.826026, 0.467677, 0.314577,
		0.400704, -0.094767, -0.911293,
		-0.396379, 0.878805, -0.265681,
		43.691517, 57.322235, 52.908836>
	pigment { color rgbt <0,1,1,0> }
	no_shadow
}
cylinder {
	<44.445133, 57.020634, 52.568600>,  <43.968983, 56.707073, 53.094814>, 0.130000
	pigment { color rgbt <1,0,0,0> }
	no_shadow
}

// nucleotide -1

// particle -1
sphere {
	<44.445133, 57.020634, 52.568600> 0.250000
	pigment { color rgbt <1,0,0,0> }
	no_shadow
}
cylinder {
	<44.245514, 57.275597, 52.803432>,  <44.125744, 57.428574, 52.944332>, 0.100000
	pigment { color rgbt <1,0,0,0> }
	no_shadow
}
cylinder {
	<44.245514, 57.275597, 52.803432>,  <44.445133, 57.020634, 52.568600>, 0.100000
	pigment { color rgbt <1,0,0,0> }
	no_shadow
}

// particle -1
sphere {
	<44.245514, 57.275597, 52.803432> 0.100000
	pigment { color rgbt <1,0,0,0> }
	no_shadow
}
sphere {
	0, 1
	scale<0.080000,0.200000,0.300000>
	matrix <0.852541, 0.239697, 0.464456,
		0.155323, 0.732300, -0.663032,
		-0.499048, 0.637403, 0.587085,
		44.095798, 57.466816, 52.979557>
	pigment { color rgbt <0,1,1,0> }
	no_shadow
}
cylinder {
	<44.714394, 57.661945, 52.552193>,  <44.445133, 57.020634, 52.568600>, 0.130000
	pigment { color rgbt <1,0,0,0> }
	no_shadow
}

// nucleotide -1

// particle -1
sphere {
	<44.714394, 57.661945, 52.552193> 0.250000
	pigment { color rgbt <1,0,0,0> }
	no_shadow
}
cylinder {
	<44.543892, 57.634338, 52.912979>,  <44.441593, 57.617775, 53.129452>, 0.100000
	pigment { color rgbt <1,0,0,0> }
	no_shadow
}
cylinder {
	<44.543892, 57.634338, 52.912979>,  <44.714394, 57.661945, 52.552193>, 0.100000
	pigment { color rgbt <1,0,0,0> }
	no_shadow
}

// particle -1
sphere {
	<44.543892, 57.634338, 52.912979> 0.100000
	pigment { color rgbt <1,0,0,0> }
	no_shadow
}
sphere {
	0, 1
	scale<0.080000,0.200000,0.300000>
	matrix <0.849528, 0.312055, 0.425350,
		-0.310822, 0.947554, -0.074378,
		-0.426252, -0.069022, 0.901967,
		44.416016, 57.613632, 53.183571>
	pigment { color rgbt <0,1,1,0> }
	no_shadow
}
cylinder {
	<44.932739, 58.257072, 52.887051>,  <44.714394, 57.661945, 52.552193>, 0.130000
	pigment { color rgbt <1,0,0,0> }
	no_shadow
}

// nucleotide -1

// particle -1
sphere {
	<44.932739, 58.257072, 52.887051> 0.250000
	pigment { color rgbt <1,0,0,0> }
	no_shadow
}
cylinder {
	<44.833210, 57.995834, 53.173141>,  <44.773491, 57.839092, 53.344795>, 0.100000
	pigment { color rgbt <1,0,0,0> }
	no_shadow
}
cylinder {
	<44.833210, 57.995834, 53.173141>,  <44.932739, 58.257072, 52.887051>, 0.100000
	pigment { color rgbt <1,0,0,0> }
	no_shadow
}

// particle -1
sphere {
	<44.833210, 57.995834, 53.173141> 0.100000
	pigment { color rgbt <1,0,0,0> }
	no_shadow
}
sphere {
	0, 1
	scale<0.080000,0.200000,0.300000>
	matrix <0.812097, 0.261737, 0.521529,
		-0.527810, 0.710605, 0.465250,
		-0.248828, -0.653096, 0.715227,
		44.758560, 57.799904, 53.387711>
	pigment { color rgbt <0,1,1,0> }
	no_shadow
}
cylinder {
	<45.102043, 58.561119, 53.432842>,  <44.932739, 58.257072, 52.887051>, 0.130000
	pigment { color rgbt <1,0,0,0> }
	no_shadow
}

// nucleotide -1

// particle -1
sphere {
	<45.102043, 58.561119, 53.432842> 0.250000
	pigment { color rgbt <1,0,0,0> }
	no_shadow
}
cylinder {
	<45.095200, 58.172626, 53.527859>,  <45.091091, 57.939533, 53.584869>, 0.100000
	pigment { color rgbt <1,0,0,0> }
	no_shadow
}
cylinder {
	<45.095200, 58.172626, 53.527859>,  <45.102043, 58.561119, 53.432842>, 0.100000
	pigment { color rgbt <1,0,0,0> }
	no_shadow
}

// particle -1
sphere {
	<45.095200, 58.172626, 53.527859> 0.100000
	pigment { color rgbt <1,0,0,0> }
	no_shadow
}
sphere {
	0, 1
	scale<0.080000,0.200000,0.300000>
	matrix <0.819445, 0.122505, 0.559913,
		-0.572903, 0.204232, 0.793771,
		-0.017111, -0.971227, 0.237541,
		45.090065, 57.881260, 53.599121>
	pigment { color rgbt <0,1,1,0> }
	no_shadow
}
cylinder {
	<45.333481, 58.536049, 54.100151>,  <45.102043, 58.561119, 53.432842>, 0.130000
	pigment { color rgbt <1,0,0,0> }
	no_shadow
}

// nucleotide -1

// particle -1
sphere {
	<45.333481, 58.536049, 54.100151> 0.250000
	pigment { color rgbt <1,0,0,0> }
	no_shadow
}
cylinder {
	<45.395332, 58.187943, 53.913078>,  <45.432442, 57.979076, 53.800835>, 0.100000
	pigment { color rgbt <1,0,0,0> }
	no_shadow
}
cylinder {
	<45.395332, 58.187943, 53.913078>,  <45.333481, 58.536049, 54.100151>, 0.100000
	pigment { color rgbt <1,0,0,0> }
	no_shadow
}

// particle -1
sphere {
	<45.395332, 58.187943, 53.913078> 0.100000
	pigment { color rgbt <1,0,0,0> }
	no_shadow
}
sphere {
	0, 1
	scale<0.080000,0.200000,0.300000>
	matrix <0.960607, 0.021789, 0.277055,
		-0.230922, -0.492094, 0.839356,
		0.154626, -0.870269, -0.467678,
		45.441719, 57.926861, 53.772774>
	pigment { color rgbt <0,1,1,0> }
	no_shadow
}
cylinder {
	<46.082092, 58.344810, 54.088379>,  <45.333481, 58.536049, 54.100151>, 0.130000
	pigment { color rgbt <1,0,0,0> }
	no_shadow
}

// nucleotide -1

// particle -1
sphere {
	<46.082092, 58.344810, 54.088379> 0.250000
	pigment { color rgbt <1,0,0,0> }
	no_shadow
}
cylinder {
	<45.970772, 57.996822, 53.925552>,  <45.903980, 57.788029, 53.827854>, 0.100000
	pigment { color rgbt <1,0,0,0> }
	no_shadow
}
cylinder {
	<45.970772, 57.996822, 53.925552>,  <46.082092, 58.344810, 54.088379>, 0.100000
	pigment { color rgbt <1,0,0,0> }
	no_shadow
}

// particle -1
sphere {
	<45.970772, 57.996822, 53.925552> 0.100000
	pigment { color rgbt <1,0,0,0> }
	no_shadow
}
sphere {
	0, 1
	scale<0.080000,0.200000,0.300000>
	matrix <0.901258, -0.383060, 0.202482,
		-0.332085, -0.310522, 0.890671,
		-0.278306, -0.869966, -0.407069,
		45.887280, 57.735832, 53.803432>
	pigment { color rgbt <0,1,1,0> }
	no_shadow
}
cylinder {
	<46.648388, 57.939167, 54.190937>,  <46.082092, 58.344810, 54.088379>, 0.130000
	pigment { color rgbt <1,0,0,0> }
	no_shadow
}

// nucleotide -1

// particle -1
sphere {
	<46.648388, 57.939167, 54.190937> 0.250000
	pigment { color rgbt <1,0,0,0> }
	no_shadow
}
cylinder {
	<46.389225, 57.669617, 54.048889>,  <46.233727, 57.507889, 53.963661>, 0.100000
	pigment { color rgbt <1,0,0,0> }
	no_shadow
}
cylinder {
	<46.389225, 57.669617, 54.048889>,  <46.648388, 57.939167, 54.190937>, 0.100000
	pigment { color rgbt <1,0,0,0> }
	no_shadow
}

// particle -1
sphere {
	<46.389225, 57.669617, 54.048889> 0.100000
	pigment { color rgbt <1,0,0,0> }
	no_shadow
}
sphere {
	0, 1
	scale<0.080000,0.200000,0.300000>
	matrix <0.650128, -0.732153, 0.203188,
		-0.396926, -0.099228, 0.912471,
		-0.647906, -0.673874, -0.355122,
		46.194855, 57.467453, 53.942352>
	pigment { color rgbt <0,1,1,0> }
	no_shadow
}
cylinder {
	<46.501114, 57.427856, 54.663925>,  <46.648388, 57.939167, 54.190937>, 0.130000
	pigment { color rgbt <1,0,0,0> }
	no_shadow
}

// nucleotide -1

// particle -1
sphere {
	<46.501114, 57.427856, 54.663925> 0.250000
	pigment { color rgbt <1,0,0,0> }
	no_shadow
}
cylinder {
	<46.455101, 57.244057, 54.311646>,  <46.427494, 57.133778, 54.100277>, 0.100000
	pigment { color rgbt <1,0,0,0> }
	no_shadow
}
cylinder {
	<46.455101, 57.244057, 54.311646>,  <46.501114, 57.427856, 54.663925>, 0.100000
	pigment { color rgbt <1,0,0,0> }
	no_shadow
}

// particle -1
sphere {
	<46.455101, 57.244057, 54.311646> 0.100000
	pigment { color rgbt <1,0,0,0> }
	no_shadow
}
sphere {
	0, 1
	scale<0.080000,0.200000,0.300000>
	matrix <0.829445, -0.532290, 0.169376,
		-0.546615, -0.711008, 0.442358,
		-0.115035, -0.459495, -0.880700,
		46.420589, 57.106209, 54.047436>
	pigment { color rgbt <0,1,1,0> }
	no_shadow
}
cylinder {
	<46.472004, 56.737057, 54.776688>,  <46.501114, 57.427856, 54.663925>, 0.130000
	pigment { color rgbt <1,0,0,0> }
	no_shadow
}

// nucleotide -1

// particle -1
sphere {
	<46.472004, 56.737057, 54.776688> 0.250000
	pigment { color rgbt <1,0,0,0> }
	no_shadow
}
cylinder {
	<46.617657, 56.807274, 54.410824>,  <46.705048, 56.849403, 54.191307>, 0.100000
	pigment { color rgbt <1,0,0,0> }
	no_shadow
}
cylinder {
	<46.617657, 56.807274, 54.410824>,  <46.472004, 56.737057, 54.776688>, 0.100000
	pigment { color rgbt <1,0,0,0> }
	no_shadow
}

// particle -1
sphere {
	<46.617657, 56.807274, 54.410824> 0.100000
	pigment { color rgbt <1,0,0,0> }
	no_shadow
}
sphere {
	0, 1
	scale<0.080000,0.200000,0.300000>
	matrix <0.850521, -0.462851, 0.249765,
		-0.379505, -0.868881, -0.317837,
		0.364127, 0.175540, -0.914657,
		46.726894, 56.859936, 54.136425>
	pigment { color rgbt <0,1,1,0> }
	no_shadow
}
cylinder {
	<46.825726, 56.121929, 54.377560>,  <46.472004, 56.737057, 54.776688>, 0.130000
	pigment { color rgbt <1,0,0,0> }
	no_shadow
}

// nucleotide -1

// particle -1
sphere {
	<46.825726, 56.121929, 54.377560> 0.250000
	pigment { color rgbt <1,0,0,0> }
	no_shadow
}
cylinder {
	<46.989285, 56.480381, 54.308563>,  <47.087421, 56.695454, 54.267166>, 0.100000
	pigment { color rgbt <1,0,0,0> }
	no_shadow
}
cylinder {
	<46.989285, 56.480381, 54.308563>,  <46.825726, 56.121929, 54.377560>, 0.100000
	pigment { color rgbt <1,0,0,0> }
	no_shadow
}

// particle -1
sphere {
	<46.989285, 56.480381, 54.308563> 0.100000
	pigment { color rgbt <1,0,0,0> }
	no_shadow
}
sphere {
	0, 1
	scale<0.080000,0.200000,0.300000>
	matrix <0.867952, -0.323506, 0.376834,
		0.281890, -0.303800, -0.910079,
		0.408898, 0.896130, -0.172491,
		47.111954, 56.749222, 54.256817>
	pigment { color rgbt <0,1,1,0> }
	no_shadow
}
cylinder {
	<47.425587, 55.944473, 53.914822>,  <46.825726, 56.121929, 54.377560>, 0.130000
	pigment { color rgbt <1,0,0,0> }
	no_shadow
}

// nucleotide -1

// particle -1
sphere {
	<47.425587, 55.944473, 53.914822> 0.250000
	pigment { color rgbt <1,0,0,0> }
	no_shadow
}
cylinder {
	<47.450172, 56.261414, 54.157608>,  <47.464924, 56.451576, 54.303280>, 0.100000
	pigment { color rgbt <1,0,0,0> }
	no_shadow
}
cylinder {
	<47.450172, 56.261414, 54.157608>,  <47.425587, 55.944473, 53.914822>, 0.100000
	pigment { color rgbt <1,0,0,0> }
	no_shadow
}

// particle -1
sphere {
	<47.450172, 56.261414, 54.157608> 0.100000
	pigment { color rgbt <1,0,0,0> }
	no_shadow
}
sphere {
	0, 1
	scale<0.080000,0.200000,0.300000>
	matrix <0.931264, -0.264329, 0.250755,
		0.359123, 0.549828, -0.754135,
		0.061467, 0.792350, 0.606962,
		47.468613, 56.499119, 54.339695>
	pigment { color rgbt <0,1,1,0> }
	no_shadow
}
cylinder {
	<47.981697, 56.480900, 53.801346>,  <47.425587, 55.944473, 53.914822>, 0.130000
	pigment { color rgbt <1,0,0,0> }
	no_shadow
}

// nucleotide -1

// particle -1
sphere {
	<47.981697, 56.480900, 53.801346> 0.250000
	pigment { color rgbt <1,0,0,0> }
	no_shadow
}
cylinder {
	<47.919327, 56.369629, 54.180462>,  <47.881905, 56.302868, 54.407932>, 0.100000
	pigment { color rgbt <1,0,0,0> }
	no_shadow
}
cylinder {
	<47.919327, 56.369629, 54.180462>,  <47.981697, 56.480900, 53.801346>, 0.100000
	pigment { color rgbt <1,0,0,0> }
	no_shadow
}

// particle -1
sphere {
	<47.919327, 56.369629, 54.180462> 0.100000
	pigment { color rgbt <1,0,0,0> }
	no_shadow
}
sphere {
	0, 1
	scale<0.080000,0.200000,0.300000>
	matrix <0.934218, -0.353175, 0.050039,
		0.320817, 0.893245, 0.314945,
		-0.155928, -0.278174, 0.947790,
		47.872547, 56.286179, 54.464798>
	pigment { color rgbt <0,1,1,0> }
	no_shadow
}
cylinder {
	<48.407616, 56.829525, 54.307922>,  <47.981697, 56.480900, 53.801346>, 0.130000
	pigment { color rgbt <1,0,0,0> }
	no_shadow
}

// nucleotide -1

// particle -1
sphere {
	<48.407616, 56.829525, 54.307922> 0.250000
	pigment { color rgbt <1,0,0,0> }
	no_shadow
}
cylinder {
	<48.337521, 56.451935, 54.419777>,  <48.295464, 56.225380, 54.486889>, 0.100000
	pigment { color rgbt <1,0,0,0> }
	no_shadow
}
cylinder {
	<48.337521, 56.451935, 54.419777>,  <48.407616, 56.829525, 54.307922>, 0.100000
	pigment { color rgbt <1,0,0,0> }
	no_shadow
}

// particle -1
sphere {
	<48.337521, 56.451935, 54.419777> 0.100000
	pigment { color rgbt <1,0,0,0> }
	no_shadow
}
sphere {
	0, 1
	scale<0.080000,0.200000,0.300000>
	matrix <0.925113, -0.255057, -0.281267,
		0.336833, 0.209402, 0.917984,
		-0.175240, -0.943979, 0.279632,
		48.284950, 56.168739, 54.503666>
	pigment { color rgbt <0,1,1,0> }
	no_shadow
}
cylinder {
	<48.963543, 56.521385, 54.871357>,  <48.407616, 56.829525, 54.307922>, 0.130000
	pigment { color rgbt <1,0,0,0> }
	no_shadow
}

// nucleotide -1

// particle -1
sphere {
	<48.963543, 56.521385, 54.871357> 0.250000
	pigment { color rgbt <1,0,0,0> }
	no_shadow
}
cylinder {
	<48.801895, 56.295616, 54.583435>,  <48.704906, 56.160156, 54.410683>, 0.100000
	pigment { color rgbt <1,0,0,0> }
	no_shadow
}
cylinder {
	<48.801895, 56.295616, 54.583435>,  <48.963543, 56.521385, 54.871357>, 0.100000
	pigment { color rgbt <1,0,0,0> }
	no_shadow
}

// particle -1
sphere {
	<48.801895, 56.295616, 54.583435> 0.100000
	pigment { color rgbt <1,0,0,0> }
	no_shadow
}
sphere {
	0, 1
	scale<0.080000,0.200000,0.300000>
	matrix <0.912336, -0.192104, -0.361579,
		0.065806, -0.802823, 0.592575,
		-0.404120, -0.564421, -0.719803,
		48.680660, 56.126289, 54.367493>
	pigment { color rgbt <0,1,1,0> }
	no_shadow
}
cylinder {
	<49.280422, 55.898422, 54.734230>,  <48.963543, 56.521385, 54.871357>, 0.130000
	pigment { color rgbt <1,0,0,0> }
	no_shadow
}

// nucleotide -1

// particle -1
sphere {
	<49.280422, 55.898422, 54.734230> 0.250000
	pigment { color rgbt <1,0,0,0> }
	no_shadow
}
cylinder {
	<49.105167, 55.986610, 54.385651>,  <49.000015, 56.039524, 54.176502>, 0.100000
	pigment { color rgbt <1,0,0,0> }
	no_shadow
}
cylinder {
	<49.105167, 55.986610, 54.385651>,  <49.280422, 55.898422, 54.734230>, 0.100000
	pigment { color rgbt <1,0,0,0> }
	no_shadow
}

// particle -1
sphere {
	<49.105167, 55.986610, 54.385651> 0.100000
	pigment { color rgbt <1,0,0,0> }
	no_shadow
}
sphere {
	0, 1
	scale<0.080000,0.200000,0.300000>
	matrix <0.866549, -0.154175, -0.474681,
		-0.239011, -0.963131, -0.123501,
		-0.438139, 0.220474, -0.871450,
		48.973724, 56.052753, 54.124214>
	pigment { color rgbt <0,1,1,0> }
	no_shadow
}
cylinder {
	<49.528664, 55.325844, 54.279682>,  <49.280422, 55.898422, 54.734230>, 0.130000
	pigment { color rgbt <1,0,0,0> }
	no_shadow
}

// nucleotide -1

// particle -1
sphere {
	<49.528664, 55.325844, 54.279682> 0.250000
	pigment { color rgbt <1,0,0,0> }
	no_shadow
}
cylinder {
	<49.435135, 55.681152, 54.121544>,  <49.379017, 55.894337, 54.026661>, 0.100000
	pigment { color rgbt <1,0,0,0> }
	no_shadow
}
cylinder {
	<49.435135, 55.681152, 54.121544>,  <49.528664, 55.325844, 54.279682>, 0.100000
	pigment { color rgbt <1,0,0,0> }
	no_shadow
}

// particle -1
sphere {
	<49.435135, 55.681152, 54.121544> 0.100000
	pigment { color rgbt <1,0,0,0> }
	no_shadow
}
sphere {
	0, 1
	scale<0.080000,0.200000,0.300000>
	matrix <0.777601, -0.073246, -0.624477,
		-0.583664, -0.453437, -0.673596,
		-0.233823, 0.888274, -0.395344,
		49.364986, 55.947636, 54.002941>
	pigment { color rgbt <0,1,1,0> }
	no_shadow
}
cylinder {
	<49.668980, 54.724072, 53.851517>,  <49.528664, 55.325844, 54.279682>, 0.130000
	pigment { color rgbt <1,0,0,0> }
	no_shadow
}

// nucleotide -1

// particle -1
sphere {
	<49.668980, 54.724072, 53.851517> 0.250000
	pigment { color rgbt <1,0,0,0> }
	no_shadow
}
cylinder {
	<49.563583, 54.513878, 54.175106>,  <49.500347, 54.387760, 54.369259>, 0.100000
	pigment { color rgbt <1,0,0,0> }
	no_shadow
}
cylinder {
	<49.563583, 54.513878, 54.175106>,  <49.668980, 54.724072, 53.851517>, 0.100000
	pigment { color rgbt <1,0,0,0> }
	no_shadow
}

// particle -1
sphere {
	<49.563583, 54.513878, 54.175106> 0.100000
	pigment { color rgbt <1,0,0,0> }
	no_shadow
}
sphere {
	0, 1
	scale<0.080000,0.200000,0.300000>
	matrix <0.797313, -0.590690, -0.124001,
		0.543013, 0.612332, 0.574618,
		-0.263491, -0.525485, 0.808973,
		49.484535, 54.356232, 54.417797>
	pigment { color rgbt <0,1,1,0> }
	no_shadow
}
cylinder {
	<50.225597, 54.814518, 54.265491>,  <49.668980, 54.724072, 53.851517>, 0.130000
	pigment { color rgbt <1,0,0,0> }
	no_shadow
}

// nucleotide -1

// particle -1
sphere {
	<50.225597, 54.814518, 54.265491> 0.250000
	pigment { color rgbt <1,0,0,0> }
	no_shadow
}
cylinder {
	<50.025875, 54.477047, 54.344383>,  <49.906040, 54.274563, 54.391716>, 0.100000
	pigment { color rgbt <1,0,0,0> }
	no_shadow
}
cylinder {
	<50.025875, 54.477047, 54.344383>,  <50.225597, 54.814518, 54.265491>, 0.100000
	pigment { color rgbt <1,0,0,0> }
	no_shadow
}

// particle -1
sphere {
	<50.025875, 54.477047, 54.344383> 0.100000
	pigment { color rgbt <1,0,0,0> }
	no_shadow
}
sphere {
	0, 1
	scale<0.080000,0.200000,0.300000>
	matrix <0.824046, -0.532741, -0.192707,
		0.267653, 0.066302, 0.961232,
		-0.499310, -0.843677, 0.197226,
		49.876083, 54.223946, 54.403549>
	pigment { color rgbt <0,1,1,0> }
	no_shadow
}
cylinder {
	<50.614964, 55.157921, 54.693466>,  <50.225597, 54.814518, 54.265491>, 0.130000
	pigment { color rgbt <1,0,0,0> }
	no_shadow
}

// nucleotide -1

// particle -1
sphere {
	<50.614964, 55.157921, 54.693466> 0.250000
	pigment { color rgbt <1,0,0,0> }
	no_shadow
}
cylinder {
	<50.677284, 55.460239, 54.947868>,  <50.714676, 55.641628, 55.100510>, 0.100000
	pigment { color rgbt <1,0,0,0> }
	no_shadow
}
cylinder {
	<50.677284, 55.460239, 54.947868>,  <50.614964, 55.157921, 54.693466>, 0.100000
	pigment { color rgbt <1,0,0,0> }
	no_shadow
}

// particle -1
sphere {
	<50.677284, 55.460239, 54.947868> 0.100000
	pigment { color rgbt <1,0,0,0> }
	no_shadow
}
sphere {
	0, 1
	scale<0.080000,0.200000,0.300000>
	matrix <0.938129, -0.314798, 0.144278,
		0.309257, 0.574175, -0.758079,
		0.155801, 0.755794, 0.636004,
		50.724026, 55.686977, 55.138668>
	pigment { color rgbt <0,1,1,0> }
	no_shadow
}
cylinder {
	<51.282803, 55.631947, 54.592327>,  <50.614964, 55.157921, 54.693466>, 0.130000
	pigment { color rgbt <1,0,0,0> }
	no_shadow
}

// nucleotide -1

// particle -1
sphere {
	<51.282803, 55.631947, 54.592327> 0.250000
	pigment { color rgbt <1,0,0,0> }
	no_shadow
}
cylinder {
	<51.176945, 55.617744, 54.977806>,  <51.113430, 55.609222, 55.209091>, 0.100000
	pigment { color rgbt <1,0,0,0> }
	no_shadow
}
cylinder {
	<51.176945, 55.617744, 54.977806>,  <51.282803, 55.631947, 54.592327>, 0.100000
	pigment { color rgbt <1,0,0,0> }
	no_shadow
}

// particle -1
sphere {
	<51.176945, 55.617744, 54.977806> 0.100000
	pigment { color rgbt <1,0,0,0> }
	no_shadow
}
sphere {
	0, 1
	scale<0.080000,0.200000,0.300000>
	matrix <0.961394, -0.087858, 0.260772,
		0.075408, 0.995500, 0.057389,
		-0.264640, -0.035509, 0.963693,
		51.097553, 55.607090, 55.266914>
	pigment { color rgbt <0,1,1,0> }
	no_shadow
}
cylinder {
	<51.878185, 55.555157, 55.011864>,  <51.282803, 55.631947, 54.592327>, 0.130000
	pigment { color rgbt <1,0,0,0> }
	no_shadow
}

// nucleotide -1

// particle -1
sphere {
	<51.878185, 55.555157, 55.011864> 0.250000
	pigment { color rgbt <1,0,0,0> }
	no_shadow
}
cylinder {
	<51.602604, 55.493450, 55.295143>,  <51.437256, 55.456425, 55.465111>, 0.100000
	pigment { color rgbt <1,0,0,0> }
	no_shadow
}
cylinder {
	<51.602604, 55.493450, 55.295143>,  <51.878185, 55.555157, 55.011864>, 0.100000
	pigment { color rgbt <1,0,0,0> }
	no_shadow
}

// particle -1
sphere {
	<51.602604, 55.493450, 55.295143> 0.100000
	pigment { color rgbt <1,0,0,0> }
	no_shadow
}
sphere {
	0, 1
	scale<0.080000,0.200000,0.300000>
	matrix <0.722958, -0.216041, 0.656245,
		0.051761, 0.964120, 0.260372,
		-0.688950, -0.154270, 0.708201,
		51.395920, 55.447170, 55.507603>
	pigment { color rgbt <0,1,1,0> }
	no_shadow
}
cylinder {
	<52.118595, 56.162495, 54.579552>,  <51.878185, 55.555157, 55.011864>, 0.130000
	pigment { color rgbt <1,0,0,0> }
	no_shadow
}

// nucleotide -1

// particle -1
sphere {
	<52.118595, 56.162495, 54.579552> 0.250000
	pigment { color rgbt <1,0,0,0> }
	no_shadow
}
cylinder {
	<52.282158, 56.166183, 54.944565>,  <52.380295, 56.168396, 55.163570>, 0.100000
	pigment { color rgbt <1,0,0,0> }
	no_shadow
}
cylinder {
	<52.282158, 56.166183, 54.944565>,  <52.118595, 56.162495, 54.579552>, 0.100000
	pigment { color rgbt <1,0,0,0> }
	no_shadow
}

// particle -1
sphere {
	<52.282158, 56.166183, 54.944565> 0.100000
	pigment { color rgbt <1,0,0,0> }
	no_shadow
}
sphere {
	0, 1
	scale<0.080000,0.200000,0.300000>
	matrix <0.890140, 0.216329, -0.401063,
		-0.201107, 0.976277, 0.080247,
