// switches for output
#declare DRAW_BASES = 1; // possible values are 0, 1; only relevant for DNA ribbons
#declare DRAW_BASES_TYPE = 3; // possible values are 1, 2, 3; only relevant for DNA ribbons
#declare DRAW_FOG = 0; // set to 1 to enable fog

#include "colors.inc"

#include "transforms.inc"
background { rgb <1, 1, 1>}

#default {
   normal{
       ripples 0.25
       frequency 0.20
       turbulence 0.2
       lambda 5
   }
	finish {
		phong 0.1
		phong_size 40.
	}
}

// original window dimensions: 1024x640


// camera settings

camera {
	sky <-0, 1, 0>
	up <-0, 1, 0>
	right 1.6 * <0.99995, 0, 0.00999983>
	location <54.4867, 55, 106.329>
	look_at <55, 55, 55.0001>
	direction <0.513302, 0, -51.3289>
	angle 67.0682
}


# declare cpy_camera_pos = <54.4867, 55, 106.329>;
# if (DRAW_FOG = 1)
fog {
	fog_type 2
	up vnormalize(cpy_camera_pos)
	color rgbt<1,1,1,0.3>
	distance 1e-5
	fog_alt 3e-3
	fog_offset 88
}
# end


// LIGHTS

# declare lum = 6;
global_settings {
	ambient_light rgb lum * <0.05, 0.05, 0.05>
	max_trace_level 15
}# declare cpy_direct_light_amount = 0.25;
light_source
{	1000 * <-0.98995, -1, 1.00995>,
	rgb lum * cpy_direct_light_amount
	parallel
}

light_source
{	1000 * <0.98995, 1, -1.00995>,
	rgb lum * cpy_direct_light_amount
	parallel
}

// strand 0

// nucleotide -1

// particle -1
sphere {
	<36.185085, 52.209770, 50.468193> 0.250000
	pigment { color rgbt <1,0,0,0> }
	no_shadow
}
cylinder {
	<36.114399, 52.387978, 50.117130>,  <36.071987, 52.494900, 49.906490>, 0.100000
	pigment { color rgbt <1,0,0,0> }
	no_shadow
}
cylinder {
	<36.114399, 52.387978, 50.117130>,  <36.185085, 52.209770, 50.468193>, 0.100000
	pigment { color rgbt <1,0,0,0> }
	no_shadow
}

// particle -1
sphere {
	<36.114399, 52.387978, 50.117130> 0.100000
	pigment { color rgbt <1,0,0,0> }
	no_shadow
}
sphere {
	0, 1
	scale<0.080000,0.200000,0.300000>
	matrix <0.889615, 0.453826, 0.051248,
		0.421138, -0.771725, -0.476534,
		-0.176714, 0.445514, -0.877661,
		36.061386, 52.521633, 49.853832>
	pigment { color rgbt <0,1,1,0> }
	no_shadow
}
cylinder {
	<36.573528, 51.970638, 49.911930>,  <36.185085, 52.209770, 50.468193>, 0.130000
	pigment { color rgbt <1,0,0,0> }
	no_shadow
}

// nucleotide -1

// particle -1
sphere {
	<36.573528, 51.970638, 49.911930> 0.250000
	pigment { color rgbt <1,0,0,0> }
	no_shadow
}
cylinder {
	<36.489807, 52.348774, 49.811913>,  <36.439575, 52.575657, 49.751904>, 0.100000
	pigment { color rgbt <1,0,0,0> }
	no_shadow
}
cylinder {
	<36.489807, 52.348774, 49.811913>,  <36.573528, 51.970638, 49.911930>, 0.100000
	pigment { color rgbt <1,0,0,0> }
	no_shadow
}

// particle -1
sphere {
	<36.489807, 52.348774, 49.811913> 0.100000
	pigment { color rgbt <1,0,0,0> }
	no_shadow
}
sphere {
	0, 1
	scale<0.080000,0.200000,0.300000>
	matrix <0.967823, 0.163737, -0.191073,
		-0.139688, -0.281990, -0.949194,
		-0.209298, 0.945342, -0.250044,
		36.427017, 52.632378, 49.736900>
	pigment { color rgbt <0,1,1,0> }
	no_shadow
}
cylinder {
	<36.701458, 52.135441, 49.181969>,  <36.573528, 51.970638, 49.911930>, 0.130000
	pigment { color rgbt <1,0,0,0> }
	no_shadow
}

// nucleotide -1

// particle -1
sphere {
	<36.701458, 52.135441, 49.181969> 0.250000
	pigment { color rgbt <1,0,0,0> }
	no_shadow
}
cylinder {
	<36.771755, 52.430683, 49.442524>,  <36.813934, 52.607830, 49.598858>, 0.100000
	pigment { color rgbt <1,0,0,0> }
	no_shadow
}
cylinder {
	<36.771755, 52.430683, 49.442524>,  <36.701458, 52.135441, 49.181969>, 0.100000
	pigment { color rgbt <1,0,0,0> }
	no_shadow
}

// particle -1
sphere {
	<36.771755, 52.430683, 49.442524> 0.100000
	pigment { color rgbt <1,0,0,0> }
	no_shadow
}
sphere {
	0, 1
	scale<0.080000,0.200000,0.300000>
	matrix <0.903940, 0.141064, -0.403726,
		-0.389881, 0.659769, -0.642416,
		0.175744, 0.738110, 0.651389,
		36.824478, 52.652115, 49.637939>
	pigment { color rgbt <0,1,1,0> }
	no_shadow
}
cylinder {
	<37.373508, 52.426987, 48.846432>,  <36.701458, 52.135441, 49.181969>, 0.130000
	pigment { color rgbt <1,0,0,0> }
	no_shadow
}

// nucleotide -1

// particle -1
sphere {
	<37.373508, 52.426987, 48.846432> 0.250000
	pigment { color rgbt <1,0,0,0> }
	no_shadow
}
cylinder {
	<37.619652, 52.564568, 48.562733>,  <37.767338, 52.647118, 48.392513>, 0.100000
	pigment { color rgbt <1,0,0,0> }
	no_shadow
}
cylinder {
	<37.619652, 52.564568, 48.562733>,  <37.373508, 52.426987, 48.846432>, 0.100000
	pigment { color rgbt <1,0,0,0> }
	no_shadow
}

// particle -1
sphere {
	<37.619652, 52.564568, 48.562733> 0.100000
	pigment { color rgbt <1,0,0,0> }
	no_shadow
}
sphere {
	0, 1
	scale<0.080000,0.200000,0.300000>
	matrix <0.713872, -0.624715, 0.316415,
		-0.334242, -0.701018, -0.629965,
		0.615361, 0.343955, -0.709243,
		37.804260, 52.667755, 48.349960>
	pigment { color rgbt <0,1,1,0> }
	no_shadow
}
cylinder {
	<37.742233, 51.863731, 48.428680>,  <37.373508, 52.426987, 48.846432>, 0.130000
	pigment { color rgbt <1,0,0,0> }
	no_shadow
}

// nucleotide -1

// particle -1
sphere {
	<37.742233, 51.863731, 48.428680> 0.250000
	pigment { color rgbt <1,0,0,0> }
	no_shadow
}
cylinder {
	<37.952518, 52.203808, 48.439953>,  <38.078690, 52.407852, 48.446716>, 0.100000
	pigment { color rgbt <1,0,0,0> }
	no_shadow
}
cylinder {
	<37.952518, 52.203808, 48.439953>,  <37.742233, 51.863731, 48.428680>, 0.100000
	pigment { color rgbt <1,0,0,0> }
	no_shadow
}

// particle -1
sphere {
	<37.952518, 52.203808, 48.439953> 0.100000
	pigment { color rgbt <1,0,0,0> }
	no_shadow
}
sphere {
	0, 1
	scale<0.080000,0.200000,0.300000>
	matrix <0.798794, -0.504783, 0.327295,
		0.292487, -0.149556, -0.944502,
		0.525718, 0.850192, 0.028178,
		38.110233, 52.458866, 48.448406>
	pigment { color rgbt <0,1,1,0> }
	no_shadow
}
cylinder {
	<38.454567, 51.977646, 48.035961>,  <37.742233, 51.863731, 48.428680>, 0.130000
	pigment { color rgbt <1,0,0,0> }
	no_shadow
}

// nucleotide -1

// particle -1
sphere {
	<38.454567, 51.977646, 48.035961> 0.250000
	pigment { color rgbt <1,0,0,0> }
	no_shadow
}
cylinder {
	<38.433880, 52.138897, 48.401436>,  <38.421467, 52.235645, 48.620720>, 0.100000
	pigment { color rgbt <1,0,0,0> }
	no_shadow
}
cylinder {
	<38.433880, 52.138897, 48.401436>,  <38.454567, 51.977646, 48.035961>, 0.100000
	pigment { color rgbt <1,0,0,0> }
	no_shadow
}

// particle -1
sphere {
	<38.433880, 52.138897, 48.401436> 0.100000
	pigment { color rgbt <1,0,0,0> }
	no_shadow
}
sphere {
	0, 1
	scale<0.080000,0.200000,0.300000>
	matrix <0.698592, -0.639194, 0.321558,
		0.713649, 0.654921, -0.248563,
		-0.051715, 0.403123, 0.913683,
		38.418365, 52.259834, 48.675541>
	pigment { color rgbt <0,1,1,0> }
	no_shadow
}
cylinder {
	<39.037308, 52.409283, 48.311119>,  <38.454567, 51.977646, 48.035961>, 0.130000
	pigment { color rgbt <1,0,0,0> }
	no_shadow
}

// nucleotide -1

// particle -1
sphere {
	<39.037308, 52.409283, 48.311119> 0.250000
	pigment { color rgbt <1,0,0,0> }
	no_shadow
}
cylinder {
	<38.813576, 52.182034, 48.552578>,  <38.679337, 52.045685, 48.697453>, 0.100000
	pigment { color rgbt <1,0,0,0> }
	no_shadow
}
cylinder {
	<38.813576, 52.182034, 48.552578>,  <39.037308, 52.409283, 48.311119>, 0.100000
	pigment { color rgbt <1,0,0,0> }
	no_shadow
}

// particle -1
sphere {
	<38.813576, 52.182034, 48.552578> 0.100000
	pigment { color rgbt <1,0,0,0> }
	no_shadow
}
sphere {
	0, 1
	scale<0.080000,0.200000,0.300000>
	matrix <0.790742, -0.584199, 0.182863,
		0.248760, 0.579607, 0.775998,
		-0.559326, -0.568125, 0.603645,
		38.645779, 52.011597, 48.733673>
	pigment { color rgbt <0,1,1,0> }
	no_shadow
}
cylinder {
	<38.757275, 52.745014, 48.817276>,  <39.037308, 52.409283, 48.311119>, 0.130000
	pigment { color rgbt <1,0,0,0> }
	no_shadow
}

// nucleotide -1

// particle -1
sphere {
	<38.757275, 52.745014, 48.817276> 0.250000
	pigment { color rgbt <1,0,0,0> }
	no_shadow
}
cylinder {
	<38.692669, 52.868710, 48.442410>,  <38.653908, 52.942924, 48.217487>, 0.100000
	pigment { color rgbt <1,0,0,0> }
	no_shadow
}
cylinder {
	<38.692669, 52.868710, 48.442410>,  <38.757275, 52.745014, 48.817276>, 0.100000
	pigment { color rgbt <1,0,0,0> }
	no_shadow
}

// particle -1
sphere {
	<38.692669, 52.868710, 48.442410> 0.100000
	pigment { color rgbt <1,0,0,0> }
	no_shadow
}
sphere {
	0, 1
	scale<0.080000,0.200000,0.300000>
	matrix <0.526496, 0.830203, 0.183205,
		0.834695, -0.463827, -0.296898,
		-0.161510, 0.309236, -0.937170,
		38.644215, 52.961479, 48.161259>
	pigment { color rgbt <0,1,1,0> }
	no_shadow
}
cylinder {
	<38.816521, 53.463757, 48.919571>,  <38.757275, 52.745014, 48.817276>, 0.130000
	pigment { color rgbt <1,0,0,0> }
	no_shadow
}

// nucleotide -1

// particle -1
sphere {
	<38.816521, 53.463757, 48.919571> 0.250000
	pigment { color rgbt <1,0,0,0> }
	no_shadow
}
cylinder {
	<39.084015, 53.573257, 48.643066>,  <39.244511, 53.638958, 48.477161>, 0.100000
	pigment { color rgbt <1,0,0,0> }
	no_shadow
}
cylinder {
	<39.084015, 53.573257, 48.643066>,  <38.816521, 53.463757, 48.919571>, 0.100000
	pigment { color rgbt <1,0,0,0> }
	no_shadow
}

// particle -1
sphere {
	<39.084015, 53.573257, 48.643066> 0.100000
	pigment { color rgbt <1,0,0,0> }
	no_shadow
}
sphere {
	0, 1
	scale<0.080000,0.200000,0.300000>
	matrix <0.666298, 0.191886, 0.720574,
		0.329906, -0.942464, -0.054082,
		0.668737, 0.273756, -0.691266,
		39.284637, 53.655384, 48.435688>
	pigment { color rgbt <0,1,1,0> }
	no_shadow
}
cylinder {
	<39.483219, 53.131458, 48.995876>,  <38.816521, 53.463757, 48.919571>, 0.130000
	pigment { color rgbt <1,0,0,0> }
	no_shadow
}

// nucleotide -1

// particle -1
sphere {
	<39.483219, 53.131458, 48.995876> 0.250000
	pigment { color rgbt <1,0,0,0> }
	no_shadow
}
cylinder {
	<39.578007, 53.450294, 48.773705>,  <39.634880, 53.641594, 48.640400>, 0.100000
	pigment { color rgbt <1,0,0,0> }
	no_shadow
}
cylinder {
	<39.578007, 53.450294, 48.773705>,  <39.483219, 53.131458, 48.995876>, 0.100000
	pigment { color rgbt <1,0,0,0> }
	no_shadow
}

// particle -1
sphere {
	<39.578007, 53.450294, 48.773705> 0.100000
	pigment { color rgbt <1,0,0,0> }
	no_shadow
}
sphere {
	0, 1
	scale<0.080000,0.200000,0.300000>
	matrix <0.648938, 0.295600, 0.701071,
		0.722998, -0.526568, -0.447213,
		0.236965, 0.797087, -0.555428,
		39.649097, 53.689419, 48.607075>
	pigment { color rgbt <0,1,1,0> }
	no_shadow
}
cylinder {
	<40.208252, 53.219902, 48.933083>,  <39.483219, 53.131458, 48.995876>, 0.130000
	pigment { color rgbt <1,0,0,0> }
	no_shadow
}

// nucleotide -1

// particle -1
sphere {
	<40.208252, 53.219902, 48.933083> 0.250000
	pigment { color rgbt <1,0,0,0> }
	no_shadow
}
cylinder {
	<40.071239, 53.587440, 48.854698>,  <39.989033, 53.807964, 48.807667>, 0.100000
	pigment { color rgbt <1,0,0,0> }
	no_shadow
}
cylinder {
	<40.071239, 53.587440, 48.854698>,  <40.208252, 53.219902, 48.933083>, 0.100000
	pigment { color rgbt <1,0,0,0> }
	no_shadow
}

// particle -1
sphere {
	<40.071239, 53.587440, 48.854698> 0.100000
	pigment { color rgbt <1,0,0,0> }
	no_shadow
}
sphere {
	0, 1
	scale<0.080000,0.200000,0.300000>
	matrix <0.540604, 0.363350, 0.758764,
		0.768388, 0.153962, -0.621189,
		-0.342529, 0.918843, -0.195961,
		39.968479, 53.863094, 48.795910>
	pigment { color rgbt <0,1,1,0> }
	no_shadow
}
cylinder {
	<40.751385, 53.668747, 48.927750>,  <40.208252, 53.219902, 48.933083>, 0.130000
	pigment { color rgbt <1,0,0,0> }
	no_shadow
}

// nucleotide -1

// particle -1
sphere {
	<40.751385, 53.668747, 48.927750> 0.250000
	pigment { color rgbt <1,0,0,0> }
	no_shadow
}
cylinder {
	<40.432846, 53.905109, 48.979385>,  <40.241722, 54.046928, 49.010368>, 0.100000
	pigment { color rgbt <1,0,0,0> }
	no_shadow
}
cylinder {
	<40.432846, 53.905109, 48.979385>,  <40.751385, 53.668747, 48.927750>, 0.100000
	pigment { color rgbt <1,0,0,0> }
	no_shadow
}

// particle -1
sphere {
	<40.432846, 53.905109, 48.979385> 0.100000
	pigment { color rgbt <1,0,0,0> }
	no_shadow
}
sphere {
	0, 1
	scale<0.080000,0.200000,0.300000>
	matrix <0.492256, 0.509160, 0.706003,
		0.351454, 0.625767, -0.696344,
		-0.796344, 0.590907, 0.129091,
		40.193943, 54.082382, 49.018112>
	pigment { color rgbt <0,1,1,0> }
	no_shadow
}
cylinder {
	<40.756203, 54.408298, 48.746460>,  <40.751385, 53.668747, 48.927750>, 0.130000
	pigment { color rgbt <1,0,0,0> }
	no_shadow
}

// nucleotide -1

// particle -1
sphere {
	<40.756203, 54.408298, 48.746460> 0.250000
	pigment { color rgbt <1,0,0,0> }
	no_shadow
}
cylinder {
	<40.488754, 54.346550, 49.037422>,  <40.328285, 54.309502, 49.211998>, 0.100000
	pigment { color rgbt <1,0,0,0> }
	no_shadow
}
cylinder {
	<40.488754, 54.346550, 49.037422>,  <40.756203, 54.408298, 48.746460>, 0.100000
	pigment { color rgbt <1,0,0,0> }
	no_shadow
}

// particle -1
sphere {
	<40.488754, 54.346550, 49.037422> 0.100000
	pigment { color rgbt <1,0,0,0> }
	no_shadow
}
sphere {
	0, 1
	scale<0.080000,0.200000,0.300000>
	matrix <0.643811, 0.369318, 0.670158,
		-0.372100, 0.916391, -0.147544,
		-0.668617, -0.154376, 0.727406,
		40.288170, 54.300236, 49.255646>
	pigment { color rgbt <0,1,1,0> }
	no_shadow
}
cylinder {
	<40.767727, 55.036400, 49.242054>,  <40.756203, 54.408298, 48.746460>, 0.130000
	pigment { color rgbt <1,0,0,0> }
	no_shadow
}

// nucleotide -1

// particle -1
sphere {
	<40.767727, 55.036400, 49.242054> 0.250000
	pigment { color rgbt <1,0,0,0> }
	no_shadow
}
cylinder {
	<40.680794, 54.677002, 49.394615>,  <40.628635, 54.461361, 49.486153>, 0.100000
	pigment { color rgbt <1,0,0,0> }
	no_shadow
}
cylinder {
	<40.680794, 54.677002, 49.394615>,  <40.767727, 55.036400, 49.242054>, 0.100000
	pigment { color rgbt <1,0,0,0> }
	no_shadow
}

// particle -1
sphere {
	<40.680794, 54.677002, 49.394615> 0.100000
	pigment { color rgbt <1,0,0,0> }
	no_shadow
}
sphere {
	0, 1
	scale<0.080000,0.200000,0.300000>
	matrix <0.669065, 0.147379, 0.728444,
		-0.710717, 0.413496, 0.569124,
		-0.217332, -0.898499, 0.381400,
		40.615593, 54.407452, 49.509037>
	pigment { color rgbt <0,1,1,0> }
	no_shadow
}
cylinder {
	<40.471546, 55.176491, 49.844711>,  <40.767727, 55.036400, 49.242054>, 0.130000
	pigment { color rgbt <1,0,0,0> }
	no_shadow
}

// nucleotide -1

// particle -1
sphere {
	<40.471546, 55.176491, 49.844711> 0.250000
	pigment { color rgbt <1,0,0,0> }
	no_shadow
}
cylinder {
	<40.650681, 54.820194, 49.875744>,  <40.758160, 54.606415, 49.894363>, 0.100000
	pigment { color rgbt <1,0,0,0> }
	no_shadow
}
cylinder {
	<40.650681, 54.820194, 49.875744>,  <40.471546, 55.176491, 49.844711>, 0.100000
	pigment { color rgbt <1,0,0,0> }
	no_shadow
}

// particle -1
sphere {
	<40.650681, 54.820194, 49.875744> 0.100000
	pigment { color rgbt <1,0,0,0> }
	no_shadow
}
sphere {
	0, 1
	scale<0.080000,0.200000,0.300000>
	matrix <0.556607, 0.345645, 0.755459,
		-0.699737, -0.295138, 0.650586,
		0.447836, -0.890743, 0.077585,
		40.785030, 54.552971, 49.899021>
	pigment { color rgbt <0,1,1,0> }
	no_shadow
}
cylinder {
	<40.494434, 55.000187, 50.612747>,  <40.471546, 55.176491, 49.844711>, 0.130000
	pigment { color rgbt <1,0,0,0> }
	no_shadow
}

// nucleotide -1

// particle -1
sphere {
	<40.494434, 55.000187, 50.612747> 0.250000
	pigment { color rgbt <1,0,0,0> }
	no_shadow
}
cylinder {
	<40.772934, 54.769081, 50.442375>,  <40.940033, 54.630417, 50.340153>, 0.100000
	pigment { color rgbt <1,0,0,0> }
	no_shadow
}
cylinder {
	<40.772934, 54.769081, 50.442375>,  <40.494434, 55.000187, 50.612747>, 0.100000
	pigment { color rgbt <1,0,0,0> }
	no_shadow
}

// particle -1
sphere {
	<40.772934, 54.769081, 50.442375> 0.100000
	pigment { color rgbt <1,0,0,0> }
	no_shadow
}
sphere {
	0, 1
	scale<0.080000,0.200000,0.300000>
	matrix <0.686309, 0.362016, 0.630812,
		-0.210267, -0.731526, 0.648581,
		0.696253, -0.577766, -0.425933,
		40.981812, 54.595753, 50.314594>
	pigment { color rgbt <0,1,1,0> }
	no_shadow
}
cylinder {
	<40.961449, 54.638538, 51.157913>,  <40.494434, 55.000187, 50.612747>, 0.130000
	pigment { color rgbt <1,0,0,0> }
	no_shadow
}

// nucleotide -1

// particle -1
sphere {
	<40.961449, 54.638538, 51.157913> 0.250000
	pigment { color rgbt <1,0,0,0> }
	no_shadow
}
cylinder {
	<41.105686, 54.740459, 50.799015>,  <41.192230, 54.801613, 50.583675>, 0.100000
	pigment { color rgbt <1,0,0,0> }
	no_shadow
}
cylinder {
	<41.105686, 54.740459, 50.799015>,  <40.961449, 54.638538, 51.157913>, 0.100000
	pigment { color rgbt <1,0,0,0> }
	no_shadow
}

// particle -1
sphere {
	<41.105686, 54.740459, 50.799015> 0.100000
	pigment { color rgbt <1,0,0,0> }
	no_shadow
}
sphere {
	0, 1
	scale<0.080000,0.200000,0.300000>
	matrix <0.717103, 0.539396, 0.441378,
		0.596435, -0.802575, 0.011782,
		0.360594, 0.254805, -0.897244,
		41.213863, 54.816902, 50.529842>
	pigment { color rgbt <0,1,1,0> }
	no_shadow
}
cylinder {
	<41.705360, 54.478855, 50.908180>,  <40.961449, 54.638538, 51.157913>, 0.130000
	pigment { color rgbt <1,0,0,0> }
	no_shadow
}

// nucleotide -1

// particle -1
sphere {
	<41.705360, 54.478855, 50.908180> 0.250000
	pigment { color rgbt <1,0,0,0> }
	no_shadow
}
cylinder {
	<41.581009, 54.824741, 50.750389>,  <41.506397, 55.032272, 50.655712>, 0.100000
	pigment { color rgbt <1,0,0,0> }
	no_shadow
}
cylinder {
	<41.581009, 54.824741, 50.750389>,  <41.705360, 54.478855, 50.908180>, 0.100000
	pigment { color rgbt <1,0,0,0> }
	no_shadow
}

// particle -1
sphere {
	<41.581009, 54.824741, 50.750389> 0.100000
	pigment { color rgbt <1,0,0,0> }
	no_shadow
}
sphere {
	0, 1
	scale<0.080000,0.200000,0.300000>
	matrix <0.879933, 0.418737, 0.224448,
		0.359269, -0.277342, -0.891071,
		-0.310876, 0.864720, -0.394482,
		41.487747, 55.084156, 50.632046>
	pigment { color rgbt <0,1,1,0> }
	no_shadow
}
cylinder {
	<42.191605, 54.741264, 50.331882>,  <41.705360, 54.478855, 50.908180>, 0.130000
	pigment { color rgbt <1,0,0,0> }
	no_shadow
}

// nucleotide -1

// particle -1
sphere {
	<42.191605, 54.741264, 50.331882> 0.250000
	pigment { color rgbt <1,0,0,0> }
	no_shadow
}
cylinder {
	<41.990086, 55.057137, 50.471931>,  <41.869175, 55.246662, 50.555962>, 0.100000
	pigment { color rgbt <1,0,0,0> }
	no_shadow
}
cylinder {
	<41.990086, 55.057137, 50.471931>,  <42.191605, 54.741264, 50.331882>, 0.100000
	pigment { color rgbt <1,0,0,0> }
	no_shadow
}

// particle -1
sphere {
	<41.990086, 55.057137, 50.471931> 0.100000
	pigment { color rgbt <1,0,0,0> }
	no_shadow
}
sphere {
	0, 1
	scale<0.080000,0.200000,0.300000>
	matrix <0.858066, 0.504198, 0.097503,
		-0.099533, 0.349547, -0.931617,
		-0.503801, 0.789684, 0.350119,
		41.838943, 55.294041, 50.576965>
	pigment { color rgbt <0,1,1,0> }
	no_shadow
}
cylinder {
	<42.416058, 55.334713, 49.962814>,  <42.191605, 54.741264, 50.331882>, 0.130000
	pigment { color rgbt <1,0,0,0> }
	no_shadow
}

// nucleotide -1

// particle -1
sphere {
	<42.416058, 55.334713, 49.962814> 0.250000
	pigment { color rgbt <1,0,0,0> }
	no_shadow
}
cylinder {
	<42.261738, 55.462238, 50.309113>,  <42.169147, 55.538754, 50.516891>, 0.100000
	pigment { color rgbt <1,0,0,0> }
	no_shadow
}
cylinder {
	<42.261738, 55.462238, 50.309113>,  <42.416058, 55.334713, 49.962814>, 0.100000
	pigment { color rgbt <1,0,0,0> }
	no_shadow
}

// particle -1
sphere {
	<42.261738, 55.462238, 50.309113> 0.100000
	pigment { color rgbt <1,0,0,0> }
	no_shadow
}
sphere {
	0, 1
	scale<0.080000,0.200000,0.300000>
	matrix <0.891500, 0.370361, 0.260885,
		-0.237465, 0.872462, -0.427107,
		-0.385797, 0.318815, 0.865747,
		42.146000, 55.557884, 50.568836>
	pigment { color rgbt <0,1,1,0> }
	no_shadow
}
cylinder {
	<42.617107, 56.042397, 50.021973>,  <42.416058, 55.334713, 49.962814>, 0.130000
	pigment { color rgbt <1,0,0,0> }
	no_shadow
}

// nucleotide -1

// particle -1
sphere {
	<42.617107, 56.042397, 50.021973> 0.250000
	pigment { color rgbt <1,0,0,0> }
	no_shadow
}
cylinder {
	<42.560291, 55.934162, 50.402836>,  <42.526203, 55.869221, 50.631355>, 0.100000
	pigment { color rgbt <1,0,0,0> }
	no_shadow
}
cylinder {
	<42.560291, 55.934162, 50.402836>,  <42.617107, 56.042397, 50.021973>, 0.100000
	pigment { color rgbt <1,0,0,0> }
	no_shadow
}

// particle -1
sphere {
	<42.560291, 55.934162, 50.402836> 0.100000
	pigment { color rgbt <1,0,0,0> }
	no_shadow
}
sphere {
	0, 1
	scale<0.080000,0.200000,0.300000>
	matrix <0.771306, 0.572642, 0.277792,
		-0.620413, 0.773864, 0.127365,
		-0.142039, -0.270583, 0.952161,
		42.517681, 55.852989, 50.688484>
	pigment { color rgbt <0,1,1,0> }
	no_shadow
}
cylinder {
	<42.625122, 56.616009, 50.527946>,  <42.617107, 56.042397, 50.021973>, 0.130000
	pigment { color rgbt <1,0,0,0> }
	no_shadow
}

// nucleotide -1

// particle -1
sphere {
	<42.625122, 56.616009, 50.527946> 0.250000
	pigment { color rgbt <1,0,0,0> }
	no_shadow
}
cylinder {
	<42.734112, 56.298313, 50.745178>,  <42.799503, 56.107697, 50.875519>, 0.100000
	pigment { color rgbt <1,0,0,0> }
	no_shadow
}
cylinder {
	<42.734112, 56.298313, 50.745178>,  <42.625122, 56.616009, 50.527946>, 0.100000
	pigment { color rgbt <1,0,0,0> }
	no_shadow
}

// particle -1
sphere {
	<42.734112, 56.298313, 50.745178> 0.100000
	pigment { color rgbt <1,0,0,0> }
	no_shadow
}
sphere {
	0, 1
	scale<0.080000,0.200000,0.300000>
	matrix <0.886557, 0.426567, 0.179044,
		-0.373866, 0.432690, 0.820368,
		0.272471, -0.794242, 0.543083,
		42.815853, 56.060040, 50.908104>
	pigment { color rgbt <0,1,1,0> }
	no_shadow
}
cylinder {
	<42.935257, 56.874153, 51.202610>,  <42.625122, 56.616009, 50.527946>, 0.130000
	pigment { color rgbt <1,0,0,0> }
	no_shadow
}

// nucleotide -1

// particle -1
sphere {
	<42.935257, 56.874153, 51.202610> 0.250000
	pigment { color rgbt <1,0,0,0> }
	no_shadow
}
cylinder {
	<43.089954, 56.522022, 51.092735>,  <43.182774, 56.310745, 51.026810>, 0.100000
	pigment { color rgbt <1,0,0,0> }
	no_shadow
}
cylinder {
	<43.089954, 56.522022, 51.092735>,  <42.935257, 56.874153, 51.202610>, 0.100000
	pigment { color rgbt <1,0,0,0> }
	no_shadow
}

// particle -1
sphere {
	<43.089954, 56.522022, 51.092735> 0.100000
	pigment { color rgbt <1,0,0,0> }
	no_shadow
}
sphere {
	0, 1
	scale<0.080000,0.200000,0.300000>
	matrix <0.922185, 0.368946, 0.115988,
		-0.000764, -0.298167, 0.954514,
		0.386748, -0.880327, -0.274683,
		43.205978, 56.257923, 51.010330>
	pigment { color rgbt <0,1,1,0> }
	no_shadow
}
cylinder {
	<43.577385, 56.869339, 51.523876>,  <42.935257, 56.874153, 51.202610>, 0.130000
	pigment { color rgbt <1,0,0,0> }
	no_shadow
}

// nucleotide -1

// particle -1
sphere {
	<43.577385, 56.869339, 51.523876> 0.250000
	pigment { color rgbt <1,0,0,0> }
	no_shadow
}
cylinder {
	<43.604160, 56.604290, 51.225494>,  <43.620228, 56.445259, 51.046467>, 0.100000
	pigment { color rgbt <1,0,0,0> }
	no_shadow
}
cylinder {
	<43.604160, 56.604290, 51.225494>,  <43.577385, 56.869339, 51.523876>, 0.100000
	pigment { color rgbt <1,0,0,0> }
	no_shadow
}

// particle -1
sphere {
	<43.604160, 56.604290, 51.225494> 0.100000
	pigment { color rgbt <1,0,0,0> }
	no_shadow
}
sphere {
	0, 1
	scale<0.080000,0.200000,0.300000>
	matrix <0.960664, 0.244762, -0.131209,
		0.269524, -0.707828, 0.652944,
		0.066943, -0.662624, -0.745954,
		43.624245, 56.405502, 51.001709>
	pigment { color rgbt <0,1,1,0> }
	no_shadow
}
cylinder {
	<44.122005, 56.416058, 51.696014>,  <43.577385, 56.869339, 51.523876>, 0.130000
	pigment { color rgbt <1,0,0,0> }
	no_shadow
}

// nucleotide -1

// particle -1
sphere {
	<44.122005, 56.416058, 51.696014> 0.250000
	pigment { color rgbt <1,0,0,0> }
	no_shadow
}
cylinder {
	<44.094257, 56.483055, 51.302643>,  <44.077606, 56.523254, 51.066620>, 0.100000
	pigment { color rgbt <1,0,0,0> }
	no_shadow
}
cylinder {
	<44.094257, 56.483055, 51.302643>,  <44.122005, 56.416058, 51.696014>, 0.100000
	pigment { color rgbt <1,0,0,0> }
	no_shadow
}

// particle -1
sphere {
	<44.094257, 56.483055, 51.302643> 0.100000
	pigment { color rgbt <1,0,0,0> }
	no_shadow
}
sphere {
	0, 1
	scale<0.080000,0.200000,0.300000>
	matrix <0.954927, 0.296359, -0.016889,
		0.288619, -0.940275, -0.180502,
		-0.069374, 0.167492, -0.983430,
		44.073444, 56.533302, 51.007614>
	pigment { color rgbt <0,1,1,0> }
	no_shadow
}
cylinder {
	<44.860172, 56.405495, 51.601227>,  <44.122005, 56.416058, 51.696014>, 0.130000
	pigment { color rgbt <1,0,0,0> }
	no_shadow
}

// nucleotide -1

// particle -1
sphere {
	<44.860172, 56.405495, 51.601227> 0.250000
	pigment { color rgbt <1,0,0,0> }
	no_shadow
}
cylinder {
	<44.674320, 56.550198, 51.277931>,  <44.562809, 56.637020, 51.083954>, 0.100000
	pigment { color rgbt <1,0,0,0> }
	no_shadow
}
cylinder {
	<44.674320, 56.550198, 51.277931>,  <44.860172, 56.405495, 51.601227>, 0.100000
	pigment { color rgbt <1,0,0,0> }
	no_shadow
}

// particle -1
sphere {
	<44.674320, 56.550198, 51.277931> 0.100000
	pigment { color rgbt <1,0,0,0> }
	no_shadow
}
sphere {
	0, 1
	scale<0.080000,0.200000,0.300000>
	matrix <0.874729, 0.329474, -0.355381,
		0.137733, -0.872111, -0.469523,
		-0.464627, 0.361758, -0.808241,
		44.534931, 56.658726, 51.035458>
	pigment { color rgbt <0,1,1,0> }
	no_shadow
}
cylinder {
	<45.008366, 56.051994, 50.893982>,  <44.860172, 56.405495, 51.601227>, 0.130000
	pigment { color rgbt <1,0,0,0> }
	no_shadow
}

// nucleotide -1

// particle -1
sphere {
	<45.008366, 56.051994, 50.893982> 0.250000
	pigment { color rgbt <1,0,0,0> }
	no_shadow
}
cylinder {
	<44.940563, 56.443016, 50.843933>,  <44.899879, 56.677628, 50.813904>, 0.100000
	pigment { color rgbt <1,0,0,0> }
	no_shadow
}
cylinder {
	<44.940563, 56.443016, 50.843933>,  <45.008366, 56.051994, 50.893982>, 0.100000
	pigment { color rgbt <1,0,0,0> }
	no_shadow
}

// particle -1
sphere {
	<44.940563, 56.443016, 50.843933> 0.100000
	pigment { color rgbt <1,0,0,0> }
	no_shadow
}
sphere {
	0, 1
	scale<0.080000,0.200000,0.300000>
	matrix <0.889493, 0.097090, -0.446516,
		-0.424345, -0.186981, -0.885985,
		-0.169511, 0.977554, -0.125119,
		44.889709, 56.736282, 50.806396>
	pigment { color rgbt <0,1,1,0> }
	no_shadow
}
cylinder {
	<45.196251, 56.317154, 50.202816>,  <45.008366, 56.051994, 50.893982>, 0.130000
	pigment { color rgbt <1,0,0,0> }
	no_shadow
}

// nucleotide -1

// particle -1
sphere {
	<45.196251, 56.317154, 50.202816> 0.250000
	pigment { color rgbt <1,0,0,0> }
	no_shadow
}
cylinder {
	<45.235081, 56.623425, 50.457161>,  <45.258377, 56.807186, 50.609768>, 0.100000
	pigment { color rgbt <1,0,0,0> }
	no_shadow
}
cylinder {
	<45.235081, 56.623425, 50.457161>,  <45.196251, 56.317154, 50.202816>, 0.100000
	pigment { color rgbt <1,0,0,0> }
	no_shadow
}

// particle -1
sphere {
	<45.235081, 56.623425, 50.457161> 0.100000
	pigment { color rgbt <1,0,0,0> }
	no_shadow
}
sphere {
	0, 1
	scale<0.080000,0.200000,0.300000>
	matrix <0.980096, 0.037624, -0.194927,
		-0.173174, 0.642125, -0.746783,
		0.097071, 0.765676, 0.635860,
		45.264202, 56.853127, 50.647919>
	pigment { color rgbt <0,1,1,0> }
	no_shadow
}
cylinder {
	<45.578392, 56.878246, 49.993652>,  <45.196251, 56.317154, 50.202816>, 0.130000
	pigment { color rgbt <1,0,0,0> }
	no_shadow
}

// nucleotide -1

// particle -1
sphere {
	<45.578392, 56.878246, 49.993652> 0.250000
	pigment { color rgbt <1,0,0,0> }
	no_shadow
}
cylinder {
	<45.665001, 56.875862, 50.384155>,  <45.716965, 56.874432, 50.618458>, 0.100000
	pigment { color rgbt <1,0,0,0> }
	no_shadow
}
cylinder {
	<45.665001, 56.875862, 50.384155>,  <45.578392, 56.878246, 49.993652>, 0.100000
	pigment { color rgbt <1,0,0,0> }
	no_shadow
}

// particle -1
sphere {
	<45.665001, 56.875862, 50.384155> 0.100000
	pigment { color rgbt <1,0,0,0> }
	no_shadow
}
sphere {
	0, 1
	scale<0.080000,0.200000,0.300000>
	matrix <0.959889, -0.181158, -0.213998,
		0.178133, 0.983436, -0.033502,
		0.216523, -0.005962, 0.976259,
		45.729958, 56.874073, 50.677032>
	pigment { color rgbt <0,1,1,0> }
	no_shadow
}
cylinder {
	<46.000904, 57.399731, 50.195072>,  <45.578392, 56.878246, 49.993652>, 0.130000
	pigment { color rgbt <1,0,0,0> }
	no_shadow
}

// nucleotide -1

// particle -1
sphere {
	<46.000904, 57.399731, 50.195072> 0.250000
	pigment { color rgbt <1,0,0,0> }
	no_shadow
}
cylinder {
	<46.041821, 57.068111, 50.414970>,  <46.066372, 56.869141, 50.546909>, 0.100000
	pigment { color rgbt <1,0,0,0> }
	no_shadow
}
cylinder {
	<46.041821, 57.068111, 50.414970>,  <46.000904, 57.399731, 50.195072>, 0.100000
	pigment { color rgbt <1,0,0,0> }
	no_shadow
}

// particle -1
sphere {
	<46.041821, 57.068111, 50.414970> 0.100000
	pigment { color rgbt <1,0,0,0> }
	no_shadow
}
sphere {
	0, 1
	scale<0.080000,0.200000,0.300000>
	matrix <0.970931, -0.037013, -0.236480,
		0.216400, 0.557955, 0.801160,
		0.102292, -0.829045, 0.549746,
		46.072510, 56.819397, 50.579895>
	pigment { color rgbt <0,1,1,0> }
	no_shadow
}
cylinder {
	<46.483269, 57.481632, 50.743965>,  <46.000904, 57.399731, 50.195072>, 0.130000
	pigment { color rgbt <1,0,0,0> }
	no_shadow
}

// nucleotide -1

// particle -1
sphere {
	<46.483269, 57.481632, 50.743965> 0.250000
	pigment { color rgbt <1,0,0,0> }
	no_shadow
}
cylinder {
	<46.482822, 57.100929, 50.621227>,  <46.482555, 56.872505, 50.547585>, 0.100000
	pigment { color rgbt <1,0,0,0> }
	no_shadow
}
cylinder {
	<46.482822, 57.100929, 50.621227>,  <46.483269, 57.481632, 50.743965>, 0.100000
	pigment { color rgbt <1,0,0,0> }
	no_shadow
}

// particle -1
sphere {
	<46.482822, 57.100929, 50.621227> 0.100000
	pigment { color rgbt <1,0,0,0> }
	no_shadow
}
sphere {
	0, 1
	scale<0.080000,0.200000,0.300000>
	matrix <0.924977, 0.115625, -0.362007,
		0.380022, -0.284226, 0.880226,
		-0.001116, -0.951760, -0.306843,
		46.482487, 56.815403, 50.529175>
	pigment { color rgbt <0,1,1,0> }
	no_shadow
}
cylinder {
	<47.250874, 57.488205, 50.687595>,  <46.483269, 57.481632, 50.743965>, 0.130000
	pigment { color rgbt <1,0,0,0> }
	no_shadow
}

// nucleotide -1

// particle -1
sphere {
	<47.250874, 57.488205, 50.687595> 0.250000
	pigment { color rgbt <1,0,0,0> }
	no_shadow
}
cylinder {
	<47.099304, 57.748425, 50.950871>,  <47.008362, 57.904556, 51.108833>, 0.100000
	pigment { color rgbt <1,0,0,0> }
	no_shadow
}
cylinder {
	<47.099304, 57.748425, 50.950871>,  <47.250874, 57.488205, 50.687595>, 0.100000
	pigment { color rgbt <1,0,0,0> }
	no_shadow
}

// particle -1
sphere {
	<47.099304, 57.748425, 50.950871> 0.100000
	pigment { color rgbt <1,0,0,0> }
	no_shadow
}
sphere {
	0, 1
	scale<0.080000,0.200000,0.300000>
	matrix <-0.609174, -0.710742, 0.351787,
		0.696652, -0.267647, 0.665613,
		-0.378924, 0.650547, 0.658183,
		46.985626, 57.943588, 51.148327>
	pigment { color rgbt <0,1,1,0> }
	no_shadow
}
cylinder {
	<47.919559, 57.681038, 50.858402>,  <47.250874, 57.488205, 50.687595>, 0.130000
	pigment { color rgbt <1,0,0,0> }
	no_shadow
}

// nucleotide -1

// particle -1
sphere {
	<47.919559, 57.681038, 50.858402> 0.250000
	pigment { color rgbt <1,0,0,0> }
	no_shadow
}
cylinder {
	<47.854717, 57.955860, 51.141716>,  <47.815811, 58.120754, 51.311707>, 0.100000
	pigment { color rgbt <1,0,0,0> }
	no_shadow
}
cylinder {
	<47.854717, 57.955860, 51.141716>,  <47.919559, 57.681038, 50.858402>, 0.100000
	pigment { color rgbt <1,0,0,0> }
	no_shadow
}

// particle -1
sphere {
	<47.854717, 57.955860, 51.141716> 0.100000
	pigment { color rgbt <1,0,0,0> }
	no_shadow
}
sphere {
	0, 1
	scale<0.080000,0.200000,0.300000>
	matrix <0.459081, 0.687883, -0.562193,
		-0.873479, 0.234026, -0.426927,
		-0.162108, 0.687058, 0.708288,
		47.806084, 58.161976, 51.354202>
	pigment { color rgbt <0,1,1,0> }
	no_shadow
}
cylinder {
	<47.624809, 58.291737, 50.506668>,  <47.919559, 57.681038, 50.858402>, 0.130000
	pigment { color rgbt <1,0,0,0> }
	no_shadow
}

// nucleotide -1

// particle -1
sphere {
	<47.624809, 58.291737, 50.506668> 0.250000
	pigment { color rgbt <1,0,0,0> }
	no_shadow
}
cylinder {
	<47.798401, 58.399475, 50.850555>,  <47.902557, 58.464119, 51.056889>, 0.100000
	pigment { color rgbt <1,0,0,0> }
	no_shadow
}
cylinder {
	<47.798401, 58.399475, 50.850555>,  <47.624809, 58.291737, 50.506668>, 0.100000
	pigment { color rgbt <1,0,0,0> }
	no_shadow
}

// particle -1
sphere {
	<47.798401, 58.399475, 50.850555> 0.100000
	pigment { color rgbt <1,0,0,0> }
	no_shadow
}
sphere {
	0, 1
	scale<0.080000,0.200000,0.300000>
	matrix <0.353679, 0.826720, -0.437545,
		-0.828595, 0.493951, 0.263521,
		0.433983, 0.269346, 0.859716,
		47.928596, 58.480278, 51.108471>
	pigment { color rgbt <0,1,1,0> }
	no_shadow
}
cylinder {
	<47.373306, 58.930027, 50.743206>,  <47.624809, 58.291737, 50.506668>, 0.130000
	pigment { color rgbt <1,0,0,0> }
	no_shadow
}

// nucleotide -1

// particle -1
sphere {
	<47.373306, 58.930027, 50.743206> 0.250000
	pigment { color rgbt <1,0,0,0> }
	no_shadow
}
cylinder {
	<47.751171, 58.890205, 50.868240>,  <47.977890, 58.866314, 50.943260>, 0.100000
	pigment { color rgbt <1,0,0,0> }
	no_shadow
}
cylinder {
	<47.751171, 58.890205, 50.868240>,  <47.373306, 58.930027, 50.743206>, 0.100000
	pigment { color rgbt <1,0,0,0> }
	no_shadow
}

// particle -1
sphere {
	<47.751171, 58.890205, 50.868240> 0.100000
	pigment { color rgbt <1,0,0,0> }
	no_shadow
}
sphere {
	0, 1
	scale<0.080000,0.200000,0.300000>
	matrix <0.188099, 0.945029, -0.267467,
		-0.268776, 0.311462, 0.911455,
		0.944658, -0.099555, 0.312587,
		48.034569, 58.860340, 50.962017>
	pigment { color rgbt <0,1,1,0> }
	no_shadow
}
cylinder {
	<47.696453, 59.350742, 51.334541>,  <47.373306, 58.930027, 50.743206>, 0.130000
	pigment { color rgbt <1,0,0,0> }
	no_shadow
}

// nucleotide -1

// particle -1
sphere {
	<47.696453, 59.350742, 51.334541> 0.250000
	pigment { color rgbt <1,0,0,0> }
	no_shadow
}
cylinder {
	<48.010620, 59.290565, 51.094379>,  <48.199120, 59.254459, 50.950283>, 0.100000
	pigment { color rgbt <1,0,0,0> }
	no_shadow
}
cylinder {
	<48.010620, 59.290565, 51.094379>,  <47.696453, 59.350742, 51.334541>, 0.100000
	pigment { color rgbt <1,0,0,0> }
	no_shadow
}

// particle -1
sphere {
	<48.010620, 59.290565, 51.094379> 0.100000
	pigment { color rgbt <1,0,0,0> }
	no_shadow
}
sphere {
	0, 1
	scale<0.080000,0.200000,0.300000>
	matrix <0.082934, 0.986843, -0.138790,
		0.613384, 0.059214, 0.787562,
		0.785419, -0.150447, -0.600403,
		48.246246, 59.245430, 50.914257>
	pigment { color rgbt <0,1,1,0> }
	no_shadow
}
cylinder {
	<48.224892, 59.804096, 51.501183>,  <47.696453, 59.350742, 51.334541>, 0.130000
	pigment { color rgbt <1,0,0,0> }
	no_shadow
}

// nucleotide -1

// particle -1
sphere {
	<48.224892, 59.804096, 51.501183> 0.250000
	pigment { color rgbt <1,0,0,0> }
	no_shadow
}
cylinder {
	<48.275249, 59.711174, 51.115398>,  <48.305466, 59.655422, 50.883926>, 0.100000
	pigment { color rgbt <1,0,0,0> }
	no_shadow
}
cylinder {
	<48.275249, 59.711174, 51.115398>,  <48.224892, 59.804096, 51.501183>, 0.100000
	pigment { color rgbt <1,0,0,0> }
	no_shadow
}

// particle -1
sphere {
	<48.275249, 59.711174, 51.115398> 0.100000
	pigment { color rgbt <1,0,0,0> }
	no_shadow
}
sphere {
	0, 1
	scale<0.080000,0.200000,0.300000>
	matrix <-0.103456, 0.963821, -0.245656,
		0.986634, 0.130706, 0.097309,
		0.125897, -0.232306, -0.964460,
		48.313019, 59.641483, 50.826061>
	pigment { color rgbt <0,1,1,0> }
	no_shadow
}
cylinder {
	<48.780880, 60.256298, 51.238148>,  <48.224892, 59.804096, 51.501183>, 0.130000
	pigment { color rgbt <1,0,0,0> }
	no_shadow
}

// nucleotide -1

// particle -1
sphere {
	<48.780880, 60.256298, 51.238148> 0.250000
	pigment { color rgbt <1,0,0,0> }
	no_shadow
}
cylinder {
	<48.553406, 60.146606, 50.927948>,  <48.416920, 60.080791, 50.741829>, 0.100000
	pigment { color rgbt <1,0,0,0> }
	no_shadow
}
cylinder {
	<48.553406, 60.146606, 50.927948>,  <48.780880, 60.256298, 51.238148>, 0.100000
	pigment { color rgbt <1,0,0,0> }
	no_shadow
}

// particle -1
sphere {
	<48.553406, 60.146606, 50.927948> 0.100000
	pigment { color rgbt <1,0,0,0> }
	no_shadow
}
sphere {
	0, 1
	scale<0.080000,0.200000,0.300000>
	matrix <-0.075366, 0.956197, -0.282854,
		0.819095, -0.102409, -0.564443,
		-0.568686, -0.274225, -0.775498,
		48.382801, 60.064339, 50.695297>
	pigment { color rgbt <0,1,1,0> }
	no_shadow
}
cylinder {
	<48.845978, 60.585762, 51.816303>,  <48.780880, 60.256298, 51.238148>, 0.130000
	pigment { color rgbt <1,0,0,0> }
	no_shadow
}

// nucleotide -1

// particle -1
sphere {
	<48.845978, 60.585762, 51.816303> 0.250000
	pigment { color rgbt <1,0,0,0> }
	no_shadow
}
cylinder {
	<49.188530, 60.475288, 51.990814>,  <49.394062, 60.409004, 52.095520>, 0.100000
	pigment { color rgbt <1,0,0,0> }
	no_shadow
}
cylinder {
	<49.188530, 60.475288, 51.990814>,  <48.845978, 60.585762, 51.816303>, 0.100000
	pigment { color rgbt <1,0,0,0> }
	no_shadow
}

// particle -1
sphere {
	<49.188530, 60.475288, 51.990814> 0.100000
	pigment { color rgbt <1,0,0,0> }
	no_shadow
}
sphere {
	0, 1
	scale<0.080000,0.200000,0.300000>
	matrix <-0.391520, 0.203552, 0.897373,
		-0.336645, -0.939303, 0.066186,
		0.856377, -0.276183, 0.436280,
		49.445442, 60.392433, 52.121696>
	pigment { color rgbt <0,1,1,0> }
	no_shadow
}
cylinder {
	<48.819008, 61.237587, 51.841110>,  <48.845978, 60.585762, 51.816303>, 0.130000
	pigment { color rgbt <1,0,0,0> }
	no_shadow
}

// nucleotide -1

// particle -1
sphere {
	<48.819008, 61.237587, 51.841110> 0.250000
	pigment { color rgbt <1,0,0,0> }
	no_shadow
}
cylinder {
	<48.506462, 61.236893, 52.090736>,  <48.318935, 61.236477, 52.240513>, 0.100000
	pigment { color rgbt <1,0,0,0> }
	no_shadow
}
cylinder {
	<48.506462, 61.236893, 52.090736>,  <48.819008, 61.237587, 51.841110>, 0.100000
	pigment { color rgbt <1,0,0,0> }
	no_shadow
}

// particle -1
sphere {
	<48.506462, 61.236893, 52.090736> 0.100000
	pigment { color rgbt <1,0,0,0> }
	no_shadow
}
sphere {
	0, 1
	scale<0.080000,0.200000,0.300000>
	matrix <0.598151, 0.283130, 0.749701,
		-0.177991, 0.959080, -0.220193,
		-0.781367, -0.001732, 0.624070,
		48.272053, 61.236374, 52.277958>
	pigment { color rgbt <0,1,1,0> }
	no_shadow
}
cylinder {
	<48.698669, 61.849236, 52.111088>,  <48.819008, 61.237587, 51.841110>, 0.130000
	pigment { color rgbt <1,0,0,0> }
	no_shadow
}

// nucleotide -1

// particle -1
sphere {
	<48.698669, 61.849236, 52.111088> 0.250000
	pigment { color rgbt <1,0,0,0> }
	no_shadow
}
cylinder {
	<48.582390, 61.584286, 52.387276>,  <48.512623, 61.425316, 52.552990>, 0.100000
	pigment { color rgbt <1,0,0,0> }
	no_shadow
}
cylinder {
	<48.582390, 61.584286, 52.387276>,  <48.698669, 61.849236, 52.111088>, 0.100000
	pigment { color rgbt <1,0,0,0> }
	no_shadow
}

// particle -1
sphere {
	<48.582390, 61.584286, 52.387276> 0.100000
	pigment { color rgbt <1,0,0,0> }
	no_shadow
}
sphere {
	0, 1
	scale<0.080000,0.200000,0.300000>
	matrix <0.776973, 0.257730, 0.574359,
		-0.558397, 0.703443, 0.439727,
		-0.290698, -0.662377, 0.690472,
		48.495182, 61.385574, 52.594418>
	pigment { color rgbt <0,1,1,0> }
	no_shadow
}
cylinder {
	<48.611423, 62.152477, 52.773518>,  <48.698669, 61.849236, 52.111088>, 0.130000
	pigment { color rgbt <1,0,0,0> }
	no_shadow
}

// nucleotide -1

// particle -1
sphere {
	<48.611423, 62.152477, 52.773518> 0.250000
	pigment { color rgbt <1,0,0,0> }
	no_shadow
}
cylinder {
	<48.688763, 61.770126, 52.861977>,  <48.735168, 61.540714, 52.915051>, 0.100000
	pigment { color rgbt <1,0,0,0> }
	no_shadow
}
cylinder {
	<48.688763, 61.770126, 52.861977>,  <48.611423, 62.152477, 52.773518>, 0.100000
	pigment { color rgbt <1,0,0,0> }
	no_shadow
}

// particle -1
sphere {
	<48.688763, 61.770126, 52.861977> 0.100000
	pigment { color rgbt <1,0,0,0> }
	no_shadow
}
sphere {
	0, 1
	scale<0.080000,0.200000,0.300000>
	matrix <0.784889, 0.285943, 0.549714,
		-0.588697, 0.067287, 0.805548,
		0.193352, -0.955881, 0.221147,
		48.746769, 61.483360, 52.928322>
	pigment { color rgbt <0,1,1,0> }
	no_shadow
}
cylinder {
	<48.711040, 62.174660, 53.466213>,  <48.611423, 62.152477, 52.773518>, 0.130000
	pigment { color rgbt <1,0,0,0> }
	no_shadow
}

// nucleotide -1

// particle -1
sphere {
	<48.711040, 62.174660, 53.466213> 0.250000
	pigment { color rgbt <1,0,0,0> }
	no_shadow
}
cylinder {
	<48.902550, 61.877167, 53.279602>,  <49.017456, 61.698673, 53.167637>, 0.100000
	pigment { color rgbt <1,0,0,0> }
	no_shadow
}
cylinder {
	<48.902550, 61.877167, 53.279602>,  <48.711040, 62.174660, 53.466213>, 0.100000
	pigment { color rgbt <1,0,0,0> }
	no_shadow
}

// particle -1
sphere {
	<48.902550, 61.877167, 53.279602> 0.100000
	pigment { color rgbt <1,0,0,0> }
	no_shadow
}
sphere {
	0, 1
	scale<0.080000,0.200000,0.300000>
	matrix <0.859723, 0.289472, 0.420812,
		-0.177923, -0.602556, 0.777991,
