// switches for output
#declare DRAW_BASES = 1; // possible values are 0, 1; only relevant for DNA ribbons
#declare DRAW_BASES_TYPE = 3; // possible values are 1, 2, 3; only relevant for DNA ribbons
#declare DRAW_FOG = 0; // set to 1 to enable fog

#include "colors.inc"

#include "transforms.inc"
background { rgb <1, 1, 1>}

#default {
   normal{
       ripples 0.25
       frequency 0.20
       turbulence 0.2
       lambda 5
   }
	finish {
		phong 0.1
		phong_size 40.
	}
}

// original window dimensions: 1024x640


// camera settings

camera {
	sky <-0, 1, 0>
	up <-0, 1, 0>
	right 1.6 * <0.99995, 0, 0.00999983>
	location <54.4867, 55, 106.329>
	look_at <55, 55, 55.0001>
	direction <0.513302, 0, -51.3289>
	angle 67.0682
}


# declare cpy_camera_pos = <54.4867, 55, 106.329>;
# if (DRAW_FOG = 1)
fog {
	fog_type 2
	up vnormalize(cpy_camera_pos)
	color rgbt<1,1,1,0.3>
	distance 1e-5
	fog_alt 3e-3
	fog_offset 88
}
# end


// LIGHTS

# declare lum = 6;
global_settings {
	ambient_light rgb lum * <0.05, 0.05, 0.05>
	max_trace_level 15
}# declare cpy_direct_light_amount = 0.25;
light_source
{	1000 * <-0.98995, -1, 1.00995>,
	rgb lum * cpy_direct_light_amount
	parallel
}

light_source
{	1000 * <0.98995, 1, -1.00995>,
	rgb lum * cpy_direct_light_amount
	parallel
}

// strand 0

// nucleotide -1

// particle -1
sphere {
	<36.467247, 52.598927, 50.244759> 0.250000
	pigment { color rgbt <1,0,0,0> }
	no_shadow
}
cylinder {
	<36.238441, 52.613842, 49.917000>,  <36.101158, 52.622791, 49.720345>, 0.100000
	pigment { color rgbt <1,0,0,0> }
	no_shadow
}
cylinder {
	<36.238441, 52.613842, 49.917000>,  <36.467247, 52.598927, 50.244759>, 0.100000
	pigment { color rgbt <1,0,0,0> }
	no_shadow
}

// particle -1
sphere {
	<36.238441, 52.613842, 49.917000> 0.100000
	pigment { color rgbt <1,0,0,0> }
	no_shadow
}
sphere {
	0, 1
	scale<0.080000,0.200000,0.300000>
	matrix <0.719623, 0.502202, -0.479515,
		0.393622, -0.863946, -0.314100,
		-0.572017, 0.037286, -0.819394,
		36.066837, 52.625027, 49.671181>
	pigment { color rgbt <0,1,1,0> }
	no_shadow
}
cylinder {
	<36.865189, 52.250179, 49.733177>,  <36.467247, 52.598927, 50.244759>, 0.130000
	pigment { color rgbt <1,0,0,0> }
	no_shadow
}

// nucleotide -1

// particle -1
sphere {
	<36.865189, 52.250179, 49.733177> 0.250000
	pigment { color rgbt <1,0,0,0> }
	no_shadow
}
cylinder {
	<36.594254, 52.516289, 49.607559>,  <36.431694, 52.675953, 49.532188>, 0.100000
	pigment { color rgbt <1,0,0,0> }
	no_shadow
}
cylinder {
	<36.594254, 52.516289, 49.607559>,  <36.865189, 52.250179, 49.733177>, 0.100000
	pigment { color rgbt <1,0,0,0> }
	no_shadow
}

// particle -1
sphere {
	<36.594254, 52.516289, 49.607559> 0.100000
	pigment { color rgbt <1,0,0,0> }
	no_shadow
}
sphere {
	0, 1
	scale<0.080000,0.200000,0.300000>
	matrix <0.725389, 0.532842, -0.435763,
		-0.122568, -0.522962, -0.843497,
		-0.677338, 0.665275, -0.314042,
		36.391052, 52.715870, 49.513348>
	pigment { color rgbt <0,1,1,0> }
	no_shadow
}
cylinder {
	<37.116833, 51.609566, 49.912010>,  <36.865189, 52.250179, 49.733177>, 0.130000
	pigment { color rgbt <1,0,0,0> }
	no_shadow
}

// nucleotide -1

// particle -1
sphere {
	<37.116833, 51.609566, 49.912010> 0.250000
	pigment { color rgbt <1,0,0,0> }
	no_shadow
}
cylinder {
	<37.387909, 51.452858, 49.663094>,  <37.550556, 51.358833, 49.513744>, 0.100000
	pigment { color rgbt <1,0,0,0> }
	no_shadow
}
cylinder {
	<37.387909, 51.452858, 49.663094>,  <37.116833, 51.609566, 49.912010>, 0.100000
	pigment { color rgbt <1,0,0,0> }
	no_shadow
}

// particle -1
sphere {
	<37.387909, 51.452858, 49.663094> 0.100000
	pigment { color rgbt <1,0,0,0> }
	no_shadow
}
sphere {
	0, 1
	scale<0.080000,0.200000,0.300000>
	matrix <0.734800, 0.328276, 0.593551,
		-0.028250, -0.859507, 0.510342,
		0.677695, -0.391767, -0.622292,
		37.591217, 51.335327, 49.476406>
	pigment { color rgbt <0,1,1,0> }
	no_shadow
}
cylinder {
	<37.624161, 51.515202, 50.310997>,  <37.116833, 51.609566, 49.912010>, 0.130000
	pigment { color rgbt <1,0,0,0> }
	no_shadow
}

// nucleotide -1

// particle -1
sphere {
	<37.624161, 51.515202, 50.310997> 0.250000
	pigment { color rgbt <1,0,0,0> }
	no_shadow
}
cylinder {
	<37.806957, 51.469959, 49.958096>,  <37.916634, 51.442814, 49.746357>, 0.100000
	pigment { color rgbt <1,0,0,0> }
	no_shadow
}
cylinder {
	<37.806957, 51.469959, 49.958096>,  <37.624161, 51.515202, 50.310997>, 0.100000
	pigment { color rgbt <1,0,0,0> }
	no_shadow
}

// particle -1
sphere {
	<37.806957, 51.469959, 49.958096> 0.100000
	pigment { color rgbt <1,0,0,0> }
	no_shadow
}
sphere {
	0, 1
	scale<0.080000,0.200000,0.300000>
	matrix <0.889427, 0.048029, 0.454547,
		-0.009038, -0.992422, 0.122548,
		0.456988, -0.113106, -0.882252,
		37.944054, 51.436028, 49.693420>
	pigment { color rgbt <0,1,1,0> }
	no_shadow
}
cylinder {
	<38.210411, 50.876274, 50.263378>,  <37.624161, 51.515202, 50.310997>, 0.130000
	pigment { color rgbt <1,0,0,0> }
	no_shadow
}

// nucleotide -1

// particle -1
sphere {
	<38.210411, 50.876274, 50.263378> 0.250000
	pigment { color rgbt <1,0,0,0> }
	no_shadow
}
cylinder {
	<38.269211, 51.189751, 50.021976>,  <38.304489, 51.377838, 49.877136>, 0.100000
	pigment { color rgbt <1,0,0,0> }
	no_shadow
}
cylinder {
	<38.269211, 51.189751, 50.021976>,  <38.210411, 50.876274, 50.263378>, 0.100000
	pigment { color rgbt <1,0,0,0> }
	no_shadow
}

// particle -1
sphere {
	<38.269211, 51.189751, 50.021976> 0.100000
	pigment { color rgbt <1,0,0,0> }
	no_shadow
}
sphere {
	0, 1
	scale<0.080000,0.200000,0.300000>
	matrix <0.928581, 0.100866, 0.357160,
		0.340776, -0.612906, -0.712894,
		0.146999, 0.783691, -0.603506,
		38.313309, 51.424858, 49.840923>
	pigment { color rgbt <0,1,1,0> }
	no_shadow
}
cylinder {
	<38.914276, 50.868729, 49.758827>,  <38.210411, 50.876274, 50.263378>, 0.130000
	pigment { color rgbt <1,0,0,0> }
	no_shadow
}

// nucleotide -1

// particle -1
sphere {
	<38.914276, 50.868729, 49.758827> 0.250000
	pigment { color rgbt <1,0,0,0> }
	no_shadow
}
cylinder {
	<38.840504, 51.248657, 49.859886>,  <38.796238, 51.476612, 49.920521>, 0.100000
	pigment { color rgbt <1,0,0,0> }
	no_shadow
}
cylinder {
	<38.840504, 51.248657, 49.859886>,  <38.914276, 50.868729, 49.758827>, 0.100000
	pigment { color rgbt <1,0,0,0> }
	no_shadow
}

// particle -1
sphere {
	<38.840504, 51.248657, 49.859886> 0.100000
	pigment { color rgbt <1,0,0,0> }
	no_shadow
}
sphere {
	0, 1
	scale<0.080000,0.200000,0.300000>
	matrix <0.927646, 0.083293, 0.364053,
		0.324740, 0.301510, -0.896457,
		-0.184435, 0.949818, 0.252646,
		38.785172, 51.533604, 49.935680>
	pigment { color rgbt <0,1,1,0> }
	no_shadow
}
cylinder {
	<39.466728, 51.330387, 49.501144>,  <38.914276, 50.868729, 49.758827>, 0.130000
	pigment { color rgbt <1,0,0,0> }
	no_shadow
}

// nucleotide -1

// particle -1
sphere {
	<39.466728, 51.330387, 49.501144> 0.250000
	pigment { color rgbt <1,0,0,0> }
	no_shadow
}
cylinder {
	<39.310448, 51.485237, 49.835205>,  <39.216679, 51.578148, 50.035641>, 0.100000
	pigment { color rgbt <1,0,0,0> }
	no_shadow
}
cylinder {
	<39.310448, 51.485237, 49.835205>,  <39.466728, 51.330387, 49.501144>, 0.100000
	pigment { color rgbt <1,0,0,0> }
	no_shadow
}

// particle -1
sphere {
	<39.310448, 51.485237, 49.835205> 0.100000
	pigment { color rgbt <1,0,0,0> }
	no_shadow
}
sphere {
	0, 1
	scale<0.080000,0.200000,0.300000>
	matrix <0.920344, 0.181830, 0.346272,
		-0.017804, 0.903919, -0.427334,
		-0.390704, 0.387129, 0.835154,
		39.193237, 51.601376, 50.085751>
	pigment { color rgbt <0,1,1,0> }
	no_shadow
}
cylinder {
	<40.003136, 51.882698, 49.645679>,  <39.466728, 51.330387, 49.501144>, 0.130000
	pigment { color rgbt <1,0,0,0> }
	no_shadow
}

// nucleotide -1

// particle -1
sphere {
	<40.003136, 51.882698, 49.645679> 0.250000
	pigment { color rgbt <1,0,0,0> }
	no_shadow
}
cylinder {
	<39.818382, 51.869396, 50.000206>,  <39.707531, 51.861416, 50.212921>, 0.100000
	pigment { color rgbt <1,0,0,0> }
	no_shadow
}
cylinder {
	<39.818382, 51.869396, 50.000206>,  <40.003136, 51.882698, 49.645679>, 0.100000
	pigment { color rgbt <1,0,0,0> }
	no_shadow
}

// particle -1
sphere {
	<39.818382, 51.869396, 50.000206> 0.100000
	pigment { color rgbt <1,0,0,0> }
	no_shadow
}
sphere {
	0, 1
	scale<0.080000,0.200000,0.300000>
	matrix <0.881302, 0.095274, 0.462849,
		-0.099833, 0.994896, -0.014703,
		-0.461887, -0.033250, 0.886315,
		39.679817, 51.859421, 50.266102>
	pigment { color rgbt <0,1,1,0> }
	no_shadow
}
cylinder {
	<39.969650, 52.492294, 49.933445>,  <40.003136, 51.882698, 49.645679>, 0.130000
	pigment { color rgbt <1,0,0,0> }
	no_shadow
}

// nucleotide -1

// particle -1
sphere {
	<39.969650, 52.492294, 49.933445> 0.250000
	pigment { color rgbt <1,0,0,0> }
	no_shadow
}
cylinder {
	<39.984367, 52.210529, 50.216980>,  <39.993198, 52.041470, 50.387100>, 0.100000
	pigment { color rgbt <1,0,0,0> }
	no_shadow
}
cylinder {
	<39.984367, 52.210529, 50.216980>,  <39.969650, 52.492294, 49.933445>, 0.100000
	pigment { color rgbt <1,0,0,0> }
	no_shadow
}

// particle -1
sphere {
	<39.984367, 52.210529, 50.216980> 0.100000
	pigment { color rgbt <1,0,0,0> }
	no_shadow
}
sphere {
	0, 1
	scale<0.080000,0.200000,0.300000>
	matrix <0.960299, 0.221207, 0.169981,
		-0.276536, 0.674444, 0.684582,
		0.036792, -0.704409, 0.708840,
		39.995403, 51.999207, 50.429630>
	pigment { color rgbt <0,1,1,0> }
	no_shadow
}
cylinder {
	<40.411713, 52.796978, 50.391594>,  <39.969650, 52.492294, 49.933445>, 0.130000
	pigment { color rgbt <1,0,0,0> }
	no_shadow
}

// nucleotide -1

// particle -1
sphere {
	<40.411713, 52.796978, 50.391594> 0.250000
	pigment { color rgbt <1,0,0,0> }
	no_shadow
}
cylinder {
	<40.386593, 52.411301, 50.494659>,  <40.371521, 52.179893, 50.556499>, 0.100000
	pigment { color rgbt <1,0,0,0> }
	no_shadow
}
cylinder {
	<40.386593, 52.411301, 50.494659>,  <40.411713, 52.796978, 50.391594>, 0.100000
	pigment { color rgbt <1,0,0,0> }
	no_shadow
}

// particle -1
sphere {
	<40.386593, 52.411301, 50.494659> 0.100000
	pigment { color rgbt <1,0,0,0> }
	no_shadow
}
sphere {
	0, 1
	scale<0.080000,0.200000,0.300000>
	matrix <0.977591, -0.007449, 0.210380,
		-0.200928, 0.265100, 0.943053,
		-0.062797, -0.964192, 0.257663,
		40.367752, 52.122044, 50.571957>
	pigment { color rgbt <0,1,1,0> }
	no_shadow
}
cylinder {
	<40.800915, 52.767288, 51.032459>,  <40.411713, 52.796978, 50.391594>, 0.130000
	pigment { color rgbt <1,0,0,0> }
	no_shadow
}

// nucleotide -1

// particle -1
sphere {
	<40.800915, 52.767288, 51.032459> 0.250000
	pigment { color rgbt <1,0,0,0> }
	no_shadow
}
cylinder {
	<40.778641, 52.409187, 50.855633>,  <40.765274, 52.194328, 50.749535>, 0.100000
	pigment { color rgbt <1,0,0,0> }
	no_shadow
}
cylinder {
	<40.778641, 52.409187, 50.855633>,  <40.800915, 52.767288, 51.032459>, 0.100000
	pigment { color rgbt <1,0,0,0> }
	no_shadow
}

// particle -1
sphere {
	<40.778641, 52.409187, 50.855633> 0.100000
	pigment { color rgbt <1,0,0,0> }
	no_shadow
}
sphere {
	0, 1
	scale<0.080000,0.200000,0.300000>
	matrix <0.870232, -0.260580, 0.418085,
		-0.489486, -0.361421, 0.793586,
		-0.055687, -0.895250, -0.442070,
		40.761936, 52.140614, 50.723011>
	pigment { color rgbt <0,1,1,0> }
	no_shadow
}
cylinder {
	<40.698383, 52.239212, 51.630215>,  <40.800915, 52.767288, 51.032459>, 0.130000
	pigment { color rgbt <1,0,0,0> }
	no_shadow
}

// nucleotide -1

// particle -1
sphere {
	<40.698383, 52.239212, 51.630215> 0.250000
	pigment { color rgbt <1,0,0,0> }
	no_shadow
}
cylinder {
	<40.507401, 52.209335, 51.980404>,  <40.392811, 52.191410, 52.190517>, 0.100000
	pigment { color rgbt <1,0,0,0> }
	no_shadow
}
cylinder {
	<40.507401, 52.209335, 51.980404>,  <40.698383, 52.239212, 51.630215>, 0.100000
	pigment { color rgbt <1,0,0,0> }
	no_shadow
}

// particle -1
sphere {
	<40.507401, 52.209335, 51.980404> 0.100000
	pigment { color rgbt <1,0,0,0> }
	no_shadow
}
sphere {
	0, 1
	scale<0.080000,0.200000,0.300000>
	matrix <0.280855, -0.957082, 0.071518,
		0.832561, 0.280029, 0.477939,
		-0.477454, -0.074689, 0.875477,
		40.364166, 52.186928, 52.243046>
	pigment { color rgbt <0,1,1,0> }
	no_shadow
}
cylinder {
	<41.109905, 51.913559, 52.058304>,  <40.698383, 52.239212, 51.630215>, 0.130000
	pigment { color rgbt <1,0,0,0> }
	no_shadow
}

// nucleotide -1

// particle -1
sphere {
	<41.109905, 51.913559, 52.058304> 0.250000
	pigment { color rgbt <1,0,0,0> }
	no_shadow
}
cylinder {
	<40.749390, 51.833031, 52.211739>,  <40.533081, 51.784714, 52.303799>, 0.100000
	pigment { color rgbt <1,0,0,0> }
	no_shadow
}
cylinder {
	<40.749390, 51.833031, 52.211739>,  <41.109905, 51.913559, 52.058304>, 0.100000
	pigment { color rgbt <1,0,0,0> }
	no_shadow
}

// particle -1
sphere {
	<40.749390, 51.833031, 52.211739> 0.100000
	pigment { color rgbt <1,0,0,0> }
	no_shadow
}
sphere {
	0, 1
	scale<0.080000,0.200000,0.300000>
	matrix <0.263777, -0.957427, 0.117278,
		0.343646, 0.206883, 0.916028,
		-0.901293, -0.201325, 0.383587,
		40.479000, 51.772633, 52.326813>
	pigment { color rgbt <0,1,1,0> }
	no_shadow
}
cylinder {
	<41.758160, 52.242939, 52.184971>,  <41.109905, 51.913559, 52.058304>, 0.130000
	pigment { color rgbt <1,0,0,0> }
	no_shadow
}

// nucleotide -1

// particle -1
sphere {
	<41.758160, 52.242939, 52.184971> 0.250000
	pigment { color rgbt <1,0,0,0> }
	no_shadow
}
cylinder {
	<42.104942, 52.136589, 52.353584>,  <42.313011, 52.072781, 52.454754>, 0.100000
	pigment { color rgbt <1,0,0,0> }
	no_shadow
}
cylinder {
	<42.104942, 52.136589, 52.353584>,  <41.758160, 52.242939, 52.184971>, 0.100000
	pigment { color rgbt <1,0,0,0> }
	no_shadow
}

// particle -1
sphere {
	<42.104942, 52.136589, 52.353584> 0.100000
	pigment { color rgbt <1,0,0,0> }
	no_shadow
}
sphere {
	0, 1
	scale<0.080000,0.200000,0.300000>
	matrix <0.498348, 0.471441, -0.727594,
		-0.005279, 0.840865, 0.541218,
		0.866961, -0.265874, 0.421532,
		42.365032, 52.056828, 52.480045>
	pigment { color rgbt <0,1,1,0> }
	no_shadow
}
cylinder {
	<42.232765, 52.927704, 52.170853>,  <41.758160, 52.242939, 52.184971>, 0.130000
	pigment { color rgbt <1,0,0,0> }
	no_shadow
}

// nucleotide -1

// particle -1
sphere {
	<42.232765, 52.927704, 52.170853> 0.250000
	pigment { color rgbt <1,0,0,0> }
	no_shadow
}
cylinder {
	<42.420849, 52.575363, 52.192776>,  <42.533699, 52.363960, 52.205929>, 0.100000
	pigment { color rgbt <1,0,0,0> }
	no_shadow
}
cylinder {
	<42.420849, 52.575363, 52.192776>,  <42.232765, 52.927704, 52.170853>, 0.100000
	pigment { color rgbt <1,0,0,0> }
	no_shadow
}

// particle -1
sphere {
	<42.420849, 52.575363, 52.192776> 0.100000
	pigment { color rgbt <1,0,0,0> }
	no_shadow
}
sphere {
	0, 1
	scale<0.080000,0.200000,0.300000>
	matrix <0.642986, 0.299371, -0.704944,
		0.604544, 0.366709, 0.707143,
		0.470207, -0.880853, 0.054806,
		42.561913, 52.311108, 52.209217>
	pigment { color rgbt <0,1,1,0> }
	no_shadow
}
cylinder {
	<42.959393, 53.080429, 52.172340>,  <42.232765, 52.927704, 52.170853>, 0.130000
	pigment { color rgbt <1,0,0,0> }
	no_shadow
}

// nucleotide -1

// particle -1
sphere {
	<42.959393, 53.080429, 52.172340> 0.250000
	pigment { color rgbt <1,0,0,0> }
	no_shadow
}
cylinder {
	<42.881794, 52.724365, 52.007427>,  <42.835236, 52.510727, 51.908478>, 0.100000
	pigment { color rgbt <1,0,0,0> }
	no_shadow
}
cylinder {
	<42.881794, 52.724365, 52.007427>,  <42.959393, 53.080429, 52.172340>, 0.100000
	pigment { color rgbt <1,0,0,0> }
	no_shadow
}

// particle -1
sphere {
	<42.881794, 52.724365, 52.007427> 0.100000
	pigment { color rgbt <1,0,0,0> }
	no_shadow
}
sphere {
	0, 1
	scale<0.080000,0.200000,0.300000>
	matrix <0.656519, 0.194475, -0.728809,
		0.728937, -0.412056, 0.546682,
		-0.193994, -0.890163, -0.412282,
		42.823597, 52.457317, 51.883743>
	pigment { color rgbt <0,1,1,0> }
	no_shadow
}
cylinder {
	<42.618916, 53.711010, 52.006824>,  <42.959393, 53.080429, 52.172340>, 0.130000
	pigment { color rgbt <1,0,0,0> }
	no_shadow
}

// nucleotide -1

// particle -1
sphere {
	<42.618916, 53.711010, 52.006824> 0.250000
	pigment { color rgbt <1,0,0,0> }
	no_shadow
}
cylinder {
	<42.438568, 53.719128, 51.649879>,  <42.330360, 53.723999, 51.435715>, 0.100000
	pigment { color rgbt <1,0,0,0> }
	no_shadow
}
cylinder {
	<42.438568, 53.719128, 51.649879>,  <42.618916, 53.711010, 52.006824>, 0.100000
	pigment { color rgbt <1,0,0,0> }
	no_shadow
}

// particle -1
sphere {
	<42.438568, 53.719128, 51.649879> 0.100000
	pigment { color rgbt <1,0,0,0> }
	no_shadow
}
sphere {
	0, 1
	scale<0.080000,0.200000,0.300000>
	matrix <0.889192, -0.076936, -0.451019,
		-0.077812, -0.996829, 0.016635,
		-0.450868, 0.020303, -0.892359,
		42.303307, 53.725216, 51.382172>
	pigment { color rgbt <0,1,1,0> }
	no_shadow
}
cylinder {
	<43.367699, 53.768154, 52.080864>,  <42.618916, 53.711010, 52.006824>, 0.130000
	pigment { color rgbt <1,0,0,0> }
	no_shadow
}

// nucleotide -1

// particle -1
sphere {
	<43.367699, 53.768154, 52.080864> 0.250000
	pigment { color rgbt <1,0,0,0> }
	no_shadow
}
cylinder {
	<43.706036, 53.590771, 51.962276>,  <43.909039, 53.484341, 51.891125>, 0.100000
	pigment { color rgbt <1,0,0,0> }
	no_shadow
}
cylinder {
	<43.706036, 53.590771, 51.962276>,  <43.367699, 53.768154, 52.080864>, 0.100000
	pigment { color rgbt <1,0,0,0> }
	no_shadow
}

// particle -1
sphere {
	<43.706036, 53.590771, 51.962276> 0.100000
	pigment { color rgbt <1,0,0,0> }
	no_shadow
}
sphere {
	0, 1
	scale<0.080000,0.200000,0.300000>
	matrix <-0.485925, -0.411294, -0.771177,
		0.220048, 0.796357, -0.563378,
		0.845846, -0.443456, -0.296466,
		43.959789, 53.457733, 51.873337>
	pigment { color rgbt <0,1,1,0> }
	no_shadow
}
cylinder {
	<43.584118, 53.828835, 51.376862>,  <43.367699, 53.768154, 52.080864>, 0.130000
	pigment { color rgbt <1,0,0,0> }
	no_shadow
}

// nucleotide -1

// particle -1
sphere {
	<43.584118, 53.828835, 51.376862> 0.250000
	pigment { color rgbt <1,0,0,0> }
	no_shadow
}
cylinder {
	<43.711304, 53.483727, 51.534103>,  <43.787617, 53.276661, 51.628448>, 0.100000
	pigment { color rgbt <1,0,0,0> }
	no_shadow
}
cylinder {
	<43.711304, 53.483727, 51.534103>,  <43.584118, 53.828835, 51.376862>, 0.100000
	pigment { color rgbt <1,0,0,0> }
	no_shadow
}

// particle -1
sphere {
	<43.711304, 53.483727, 51.534103> 0.100000
	pigment { color rgbt <1,0,0,0> }
	no_shadow
}
sphere {
	0, 1
	scale<0.080000,0.200000,0.300000>
	matrix <-0.635864, -0.501606, -0.586573,
		0.703261, -0.063455, -0.708095,
		0.317964, -0.862766, 0.393108,
		43.806694, 53.224895, 51.652035>
	pigment { color rgbt <0,1,1,0> }
	no_shadow
}
cylinder {
	<43.495533, 53.486588, 50.741192>,  <43.584118, 53.828835, 51.376862>, 0.130000
	pigment { color rgbt <1,0,0,0> }
	no_shadow
}

// nucleotide -1

// particle -1
sphere {
	<43.495533, 53.486588, 50.741192> 0.250000
	pigment { color rgbt <1,0,0,0> }
	no_shadow
}
cylinder {
	<43.567028, 53.222755, 51.033222>,  <43.609924, 53.064457, 51.208439>, 0.100000
	pigment { color rgbt <1,0,0,0> }
	no_shadow
}
cylinder {
	<43.567028, 53.222755, 51.033222>,  <43.495533, 53.486588, 50.741192>, 0.100000
	pigment { color rgbt <1,0,0,0> }
	no_shadow
}

// particle -1
sphere {
	<43.567028, 53.222755, 51.033222> 0.100000
	pigment { color rgbt <1,0,0,0> }
	no_shadow
}
sphere {
	0, 1
	scale<0.080000,0.200000,0.300000>
	matrix <-0.724449, -0.590314, -0.355954,
		0.665753, -0.465281, -0.583341,
		0.178735, -0.659578, 0.730076,
		43.620647, 53.024883, 51.252243>
	pigment { color rgbt <0,1,1,0> }
	no_shadow
}
cylinder {
	<44.190609, 53.763618, 50.852520>,  <43.495533, 53.486588, 50.741192>, 0.130000
	pigment { color rgbt <1,0,0,0> }
	no_shadow
}

// nucleotide -1

// particle -1
sphere {
	<44.190609, 53.763618, 50.852520> 0.250000
	pigment { color rgbt <1,0,0,0> }
	no_shadow
}
cylinder {
	<44.560837, 53.631481, 50.926483>,  <44.782974, 53.552200, 50.970860>, 0.100000
	pigment { color rgbt <1,0,0,0> }
	no_shadow
}
cylinder {
	<44.560837, 53.631481, 50.926483>,  <44.190609, 53.763618, 50.852520>, 0.100000
	pigment { color rgbt <1,0,0,0> }
	no_shadow
}

// particle -1
sphere {
	<44.560837, 53.631481, 50.926483> 0.100000
	pigment { color rgbt <1,0,0,0> }
	no_shadow
}
sphere {
	0, 1
	scale<0.080000,0.200000,0.300000>
	matrix <-0.272027, -0.920040, -0.282009,
		0.263280, 0.210720, -0.941425,
		0.925573, -0.330340, 0.184907,
		44.838509, 53.532379, 50.981956>
	pigment { color rgbt <0,1,1,0> }
	no_shadow
}
cylinder {
	<44.421211, 53.298691, 50.332775>,  <44.190609, 53.763618, 50.852520>, 0.130000
	pigment { color rgbt <1,0,0,0> }
	no_shadow
}

// nucleotide -1

// particle -1
sphere {
	<44.421211, 53.298691, 50.332775> 0.250000
	pigment { color rgbt <1,0,0,0> }
	no_shadow
}
cylinder {
	<44.674400, 53.203968, 50.627602>,  <44.826313, 53.147137, 50.804497>, 0.100000
	pigment { color rgbt <1,0,0,0> }
	no_shadow
}
cylinder {
	<44.674400, 53.203968, 50.627602>,  <44.421211, 53.298691, 50.332775>, 0.100000
	pigment { color rgbt <1,0,0,0> }
	no_shadow
}

// particle -1
sphere {
	<44.674400, 53.203968, 50.627602> 0.100000
	pigment { color rgbt <1,0,0,0> }
	no_shadow
}
sphere {
	0, 1
	scale<0.080000,0.200000,0.300000>
	matrix <-0.084286, -0.967490, -0.238452,
		0.769572, 0.088809, -0.632354,
		0.632973, -0.236805, 0.737067,
		44.864292, 53.132927, 50.848721>
	pigment { color rgbt <0,1,1,0> }
	no_shadow
}
cylinder {
	<44.745579, 52.608982, 50.229031>,  <44.421211, 53.298691, 50.332775>, 0.130000
	pigment { color rgbt <1,0,0,0> }
	no_shadow
}

// nucleotide -1

// particle -1
sphere {
	<44.745579, 52.608982, 50.229031> 0.250000
	pigment { color rgbt <1,0,0,0> }
	no_shadow
}
cylinder {
	<44.851112, 52.681885, 50.607906>,  <44.914433, 52.725628, 50.835232>, 0.100000
	pigment { color rgbt <1,0,0,0> }
	no_shadow
}
cylinder {
	<44.851112, 52.681885, 50.607906>,  <44.745579, 52.608982, 50.229031>, 0.100000
	pigment { color rgbt <1,0,0,0> }
	no_shadow
}

// particle -1
sphere {
	<44.851112, 52.681885, 50.607906> 0.100000
	pigment { color rgbt <1,0,0,0> }
	no_shadow
}
sphere {
	0, 1
	scale<0.080000,0.200000,0.300000>
	matrix <-0.039725, -0.979100, 0.199460,
		0.963751, -0.090250, -0.251075,
		0.263829, 0.182256, 0.947194,
		44.930260, 52.736561, 50.892063>
	pigment { color rgbt <0,1,1,0> }
	no_shadow
}
cylinder {
	<45.460289, 52.266998, 50.468822>,  <44.745579, 52.608982, 50.229031>, 0.130000
	pigment { color rgbt <1,0,0,0> }
	no_shadow
}

// nucleotide -1

// particle -1
sphere {
	<45.460289, 52.266998, 50.468822> 0.250000
	pigment { color rgbt <1,0,0,0> }
	no_shadow
}
cylinder {
	<45.191765, 52.263725, 50.765274>,  <45.030651, 52.261761, 50.943146>, 0.100000
	pigment { color rgbt <1,0,0,0> }
	no_shadow
}
cylinder {
	<45.191765, 52.263725, 50.765274>,  <45.460289, 52.266998, 50.468822>, 0.100000
	pigment { color rgbt <1,0,0,0> }
	no_shadow
}

// particle -1
sphere {
	<45.191765, 52.263725, 50.765274> 0.100000
	pigment { color rgbt <1,0,0,0> }
	no_shadow
}
sphere {
	0, 1
	scale<0.080000,0.200000,0.300000>
	matrix <0.276620, -0.930454, 0.240285,
		0.687618, 0.366317, 0.626891,
		-0.671314, -0.008186, 0.741128,
		44.990372, 52.261269, 50.987614>
	pigment { color rgbt <0,1,1,0> }
	no_shadow
}
cylinder {
	<46.191299, 52.021954, 50.678780>,  <45.460289, 52.266998, 50.468822>, 0.130000
	pigment { color rgbt <1,0,0,0> }
	no_shadow
}

// nucleotide -1

// particle -1
sphere {
	<46.191299, 52.021954, 50.678780> 0.250000
	pigment { color rgbt <1,0,0,0> }
	no_shadow
}
cylinder {
	<46.580894, 52.081581, 50.610516>,  <46.814651, 52.117359, 50.569557>, 0.100000
	pigment { color rgbt <1,0,0,0> }
	no_shadow
}
cylinder {
	<46.580894, 52.081581, 50.610516>,  <46.191299, 52.021954, 50.678780>, 0.100000
	pigment { color rgbt <1,0,0,0> }
	no_shadow
}

// particle -1
sphere {
	<46.580894, 52.081581, 50.610516> 0.100000
	pigment { color rgbt <1,0,0,0> }
	no_shadow
}
sphere {
	0, 1
	scale<0.080000,0.200000,0.300000>
	matrix <0.073033, 0.506453, 0.859169,
		0.214509, -0.849284, 0.482392,
		0.973988, 0.149069, -0.170664,
		46.873093, 52.126301, 50.559315>
	pigment { color rgbt <0,1,1,0> }
	no_shadow
}
cylinder {
	<46.708988, 51.773754, 51.228401>,  <46.191299, 52.021954, 50.678780>, 0.130000
	pigment { color rgbt <1,0,0,0> }
	no_shadow
}

// nucleotide -1

// particle -1
sphere {
	<46.708988, 51.773754, 51.228401> 0.250000
	pigment { color rgbt <1,0,0,0> }
	no_shadow
}
cylinder {
	<46.879150, 52.079811, 51.035080>,  <46.981247, 52.263447, 50.919086>, 0.100000
	pigment { color rgbt <1,0,0,0> }
	no_shadow
}
cylinder {
	<46.879150, 52.079811, 51.035080>,  <46.708988, 51.773754, 51.228401>, 0.100000
	pigment { color rgbt <1,0,0,0> }
	no_shadow
}

// particle -1
sphere {
	<46.879150, 52.079811, 51.035080> 0.100000
	pigment { color rgbt <1,0,0,0> }
	no_shadow
}
sphere {
	0, 1
	scale<0.080000,0.200000,0.300000>
	matrix <0.130647, 0.476522, 0.869401,
		0.895522, -0.432991, 0.102752,
		0.425407, 0.765144, -0.483305,
		47.006771, 52.309353, 50.890087>
	pigment { color rgbt <0,1,1,0> }
	no_shadow
}
cylinder {
	<47.315876, 51.898552, 51.466198>,  <46.708988, 51.773754, 51.228401>, 0.130000
	pigment { color rgbt <1,0,0,0> }
	no_shadow
}

// nucleotide -1

// particle -1
sphere {
	<47.315876, 51.898552, 51.466198> 0.250000
	pigment { color rgbt <1,0,0,0> }
	no_shadow
}
cylinder {
	<47.165798, 52.251152, 51.351528>,  <47.075752, 52.462711, 51.282726>, 0.100000
	pigment { color rgbt <1,0,0,0> }
	no_shadow
}
cylinder {
	<47.165798, 52.251152, 51.351528>,  <47.315876, 51.898552, 51.466198>, 0.100000
	pigment { color rgbt <1,0,0,0> }
	no_shadow
}

// particle -1
sphere {
	<47.165798, 52.251152, 51.351528> 0.100000
	pigment { color rgbt <1,0,0,0> }
	no_shadow
}
sphere {
	0, 1
	scale<0.080000,0.200000,0.300000>
	matrix <0.319147, 0.413204, 0.852882,
		0.870273, 0.228504, -0.436360,
		-0.375193, 0.881503, -0.286674,
		47.053242, 52.515602, 51.265526>
	pigment { color rgbt <0,1,1,0> }
	no_shadow
}
cylinder {
	<47.290886, 51.374737, 51.995518>,  <47.315876, 51.898552, 51.466198>, 0.130000
	pigment { color rgbt <1,0,0,0> }
	no_shadow
}

// nucleotide -1

// particle -1
sphere {
	<47.290886, 51.374737, 51.995518> 0.250000
	pigment { color rgbt <1,0,0,0> }
	no_shadow
}
cylinder {
	<47.680172, 51.414085, 51.912399>,  <47.913742, 51.437695, 51.862530>, 0.100000
	pigment { color rgbt <1,0,0,0> }
	no_shadow
}
cylinder {
	<47.680172, 51.414085, 51.912399>,  <47.290886, 51.374737, 51.995518>, 0.100000
	pigment { color rgbt <1,0,0,0> }
	no_shadow
}

// particle -1
sphere {
	<47.680172, 51.414085, 51.912399> 0.100000
	pigment { color rgbt <1,0,0,0> }
	no_shadow
}
sphere {
	0, 1
	scale<0.080000,0.200000,0.300000>
	matrix <0.222512, -0.175683, 0.958970,
		0.057833, -0.979519, -0.192867,
		0.973213, 0.098375, -0.207794,
		47.972137, 51.443600, 51.850060>
	pigment { color rgbt <0,1,1,0> }
	no_shadow
}
cylinder {
	<47.657959, 50.794720, 52.243889>,  <47.290886, 51.374737, 51.995518>, 0.130000
	pigment { color rgbt <1,0,0,0> }
	no_shadow
}

// nucleotide -1

// particle -1
sphere {
	<47.657959, 50.794720, 52.243889> 0.250000
	pigment { color rgbt <1,0,0,0> }
	no_shadow
}
cylinder {
	<47.927811, 51.084965, 52.189690>,  <48.089722, 51.259113, 52.157169>, 0.100000
	pigment { color rgbt <1,0,0,0> }
	no_shadow
}
cylinder {
	<47.927811, 51.084965, 52.189690>,  <47.657959, 50.794720, 52.243889>, 0.100000
	pigment { color rgbt <1,0,0,0> }
	no_shadow
}

// particle -1
sphere {
	<47.927811, 51.084965, 52.189690> 0.100000
	pigment { color rgbt <1,0,0,0> }
	no_shadow
}
sphere {
	0, 1
	scale<0.080000,0.200000,0.300000>
	matrix <0.383210, -0.187384, 0.904454,
		0.630895, -0.662095, -0.404478,
		0.674627, 0.725615, -0.135502,
		48.130199, 51.302650, 52.149040>
	pigment { color rgbt <0,1,1,0> }
	no_shadow
}
cylinder {
	<48.440765, 50.595661, 52.182034>,  <47.657959, 50.794720, 52.243889>, 0.130000
	pigment { color rgbt <1,0,0,0> }
	no_shadow
}

// nucleotide -1

// particle -1
sphere {
	<48.440765, 50.595661, 52.182034> 0.250000
	pigment { color rgbt <1,0,0,0> }
	no_shadow
}
cylinder {
	<48.363937, 50.951900, 52.346931>,  <48.317841, 51.165642, 52.445869>, 0.100000
	pigment { color rgbt <1,0,0,0> }
	no_shadow
}
cylinder {
	<48.363937, 50.951900, 52.346931>,  <48.440765, 50.595661, 52.182034>, 0.100000
	pigment { color rgbt <1,0,0,0> }
	no_shadow
}

// particle -1
sphere {
	<48.363937, 50.951900, 52.346931> 0.100000
	pigment { color rgbt <1,0,0,0> }
	no_shadow
}
sphere {
	0, 1
	scale<0.080000,0.200000,0.300000>
	matrix <0.441153, -0.296879, 0.846904,
		0.876637, 0.344530, -0.335867,
		-0.192072, 0.890596, 0.412245,
		48.306316, 51.219078, 52.470604>
	pigment { color rgbt <0,1,1,0> }
	no_shadow
}
cylinder {
	<49.012096, 50.785023, 52.561176>,  <48.440765, 50.595661, 52.182034>, 0.130000
	pigment { color rgbt <1,0,0,0> }
	no_shadow
}

// nucleotide -1

// particle -1
sphere {
	<49.012096, 50.785023, 52.561176> 0.250000
	pigment { color rgbt <1,0,0,0> }
	no_shadow
}
cylinder {
	<48.722157, 51.004951, 52.727203>,  <48.548191, 51.136909, 52.826820>, 0.100000
	pigment { color rgbt <1,0,0,0> }
	no_shadow
}
cylinder {
	<48.722157, 51.004951, 52.727203>,  <49.012096, 50.785023, 52.561176>, 0.100000
	pigment { color rgbt <1,0,0,0> }
	no_shadow
}

// particle -1
sphere {
	<48.722157, 51.004951, 52.727203> 0.100000
	pigment { color rgbt <1,0,0,0> }
	no_shadow
}
sphere {
	0, 1
	scale<0.080000,0.200000,0.300000>
	matrix <0.359983, -0.211406, 0.908691,
		0.587368, 0.808085, -0.044690,
		-0.724852, 0.549824, 0.415070,
		48.504700, 51.169899, 52.851723>
	pigment { color rgbt <0,1,1,0> }
	no_shadow
}
cylinder {
	<49.213703, 51.379444, 52.848419>,  <49.012096, 50.785023, 52.561176>, 0.130000
	pigment { color rgbt <1,0,0,0> }
	no_shadow
}

// nucleotide -1

// particle -1
sphere {
	<49.213703, 51.379444, 52.848419> 0.250000
	pigment { color rgbt <1,0,0,0> }
	no_shadow
}
cylinder {
	<48.917912, 51.218044, 53.063957>,  <48.740437, 51.121204, 53.193279>, 0.100000
	pigment { color rgbt <1,0,0,0> }
	no_shadow
}
cylinder {
	<48.917912, 51.218044, 53.063957>,  <49.213703, 51.379444, 52.848419>, 0.100000
	pigment { color rgbt <1,0,0,0> }
	no_shadow
}

// particle -1
sphere {
	<48.917912, 51.218044, 53.063957> 0.100000
	pigment { color rgbt <1,0,0,0> }
	no_shadow
}
sphere {
	0, 1
	scale<0.080000,0.200000,0.300000>
	matrix <0.581119, 0.021426, 0.813537,
		-0.339809, 0.914728, 0.218638,
		-0.739480, -0.403502, 0.538846,
		48.696068, 51.096992, 53.225613>
	pigment { color rgbt <0,1,1,0> }
	no_shadow
}
cylinder {
	<49.002686, 51.918324, 53.379326>,  <49.213703, 51.379444, 52.848419>, 0.130000
	pigment { color rgbt <1,0,0,0> }
	no_shadow
}

// nucleotide -1

// particle -1
sphere {
	<49.002686, 51.918324, 53.379326> 0.250000
	pigment { color rgbt <1,0,0,0> }
	no_shadow
}
cylinder {
	<48.947208, 51.532768, 53.470268>,  <48.913921, 51.301437, 53.524834>, 0.100000
	pigment { color rgbt <1,0,0,0> }
	no_shadow
}
cylinder {
	<48.947208, 51.532768, 53.470268>,  <49.002686, 51.918324, 53.379326>, 0.100000
	pigment { color rgbt <1,0,0,0> }
	no_shadow
}

// particle -1
sphere {
	<48.947208, 51.532768, 53.470268> 0.100000
	pigment { color rgbt <1,0,0,0> }
	no_shadow
}
sphere {
	0, 1
	scale<0.080000,0.200000,0.300000>
	matrix <0.633212, 0.090202, 0.768704,
		-0.761451, 0.250575, 0.597834,
		-0.138692, -0.963886, 0.227352,
		48.905602, 51.243603, 53.538475>
	pigment { color rgbt <0,1,1,0> }
	no_shadow
}
cylinder {
	<49.623627, 52.122559, 52.931614>,  <49.002686, 51.918324, 53.379326>, 0.130000
	pigment { color rgbt <1,0,0,0> }
	no_shadow
}

// nucleotide -1

// particle -1
sphere {
	<49.623627, 52.122559, 52.931614> 0.250000
	pigment { color rgbt <1,0,0,0> }
	no_shadow
}
cylinder {
	<49.933094, 52.106003, 52.678719>,  <50.118774, 52.096069, 52.526981>, 0.100000
	pigment { color rgbt <1,0,0,0> }
	no_shadow
}
cylinder {
	<49.933094, 52.106003, 52.678719>,  <49.623627, 52.122559, 52.931614>, 0.100000
	pigment { color rgbt <1,0,0,0> }
	no_shadow
}

// particle -1
sphere {
	<49.933094, 52.106003, 52.678719> 0.100000
	pigment { color rgbt <1,0,0,0> }
	no_shadow
}
sphere {
	0, 1
	scale<0.080000,0.200000,0.300000>
	matrix <0.488369, 0.674682, 0.553444,
		0.403657, -0.736947, 0.542190,
		0.773664, -0.041387, -0.632242,
		50.165192, 52.093586, 52.489044>
	pigment { color rgbt <0,1,1,0> }
	no_shadow
}
cylinder {
	<50.050789, 51.761608, 53.219975>,  <49.623627, 52.122559, 52.931614>, 0.130000
	pigment { color rgbt <1,0,0,0> }
	no_shadow
}

// nucleotide -1

// particle -1
sphere {
	<50.050789, 51.761608, 53.219975> 0.250000
	pigment { color rgbt <1,0,0,0> }
	no_shadow
}
cylinder {
	<50.203068, 52.051414, 52.990143>,  <50.294437, 52.225300, 52.852242>, 0.100000
	pigment { color rgbt <1,0,0,0> }
	no_shadow
}
cylinder {
	<50.203068, 52.051414, 52.990143>,  <50.050789, 51.761608, 53.219975>, 0.100000
	pigment { color rgbt <1,0,0,0> }
	no_shadow
}

// particle -1
sphere {
	<50.203068, 52.051414, 52.990143> 0.100000
	pigment { color rgbt <1,0,0,0> }
	no_shadow
}
sphere {
	0, 1
	scale<0.080000,0.200000,0.300000>
	matrix <0.564177, 0.310329, 0.765114,
		0.732647, -0.615444, -0.290614,
		0.380699, 0.724517, -0.574581,
		50.317276, 52.268768, 52.817768>
	pigment { color rgbt <0,1,1,0> }
	no_shadow
}
cylinder {
	<50.837460, 51.768169, 53.072037>,  <50.050789, 51.761608, 53.219975>, 0.130000
	pigment { color rgbt <1,0,0,0> }
	no_shadow
}

// nucleotide -1

// particle -1
sphere {
	<50.837460, 51.768169, 53.072037> 0.250000
	pigment { color rgbt <1,0,0,0> }
	no_shadow
}
cylinder {
	<50.645927, 52.113613, 53.135147>,  <50.531010, 52.320881, 53.173016>, 0.100000
	pigment { color rgbt <1,0,0,0> }
	no_shadow
}
cylinder {
	<50.645927, 52.113613, 53.135147>,  <50.837460, 51.768169, 53.072037>, 0.100000
	pigment { color rgbt <1,0,0,0> }
	no_shadow
}

// particle -1
sphere {
	<50.645927, 52.113613, 53.135147> 0.100000
	pigment { color rgbt <1,0,0,0> }
	no_shadow
}
sphere {
	0, 1
	scale<0.080000,0.200000,0.300000>
	matrix <0.624226, 0.208550, 0.752894,
		0.617304, 0.458998, -0.638950,
		-0.478829, 0.863613, 0.157780,
		50.502277, 52.372696, 53.182480>
	pigment { color rgbt <0,1,1,0> }
	no_shadow
}
cylinder {
	<51.315712, 52.310352, 53.186409>,  <50.837460, 51.768169, 53.072037>, 0.130000
	pigment { color rgbt <1,0,0,0> }
	no_shadow
}

// nucleotide -1

// particle -1
sphere {
	<51.315712, 52.310352, 53.186409> 0.250000
	pigment { color rgbt <1,0,0,0> }
	no_shadow
}
cylinder {
	<50.995625, 52.480370, 53.355637>,  <50.803570, 52.582378, 53.457172>, 0.100000
	pigment { color rgbt <1,0,0,0> }
	no_shadow
}
cylinder {
	<50.995625, 52.480370, 53.355637>,  <51.315712, 52.310352, 53.186409>, 0.100000
	pigment { color rgbt <1,0,0,0> }
	no_shadow
}

// particle -1
sphere {
	<50.995625, 52.480370, 53.355637> 0.100000
	pigment { color rgbt <1,0,0,0> }
	no_shadow
}
sphere {
	0, 1
	scale<0.080000,0.200000,0.300000>
	matrix <0.590206, 0.433134, 0.681213,
		0.106299, 0.794818, -0.597466,
		-0.800223, 0.425040, 0.423064,
		50.755558, 52.607883, 53.482555>
	pigment { color rgbt <0,1,1,0> }
	no_shadow
}
cylinder {
	<51.350456, 53.051552, 53.329273>,  <51.315712, 52.310352, 53.186409>, 0.130000
	pigment { color rgbt <1,0,0,0> }
	no_shadow
}

// nucleotide -1

// particle -1
sphere {
	<51.350456, 53.051552, 53.329273> 0.250000
	pigment { color rgbt <1,0,0,0> }
	no_shadow
}
cylinder {
	<51.091331, 52.933048, 53.610008>,  <50.935856, 52.861946, 53.778450>, 0.100000
	pigment { color rgbt <1,0,0,0> }
	no_shadow
}
cylinder {
	<51.091331, 52.933048, 53.610008>,  <51.350456, 53.051552, 53.329273>, 0.100000
	pigment { color rgbt <1,0,0,0> }
	no_shadow
}

// particle -1
sphere {
	<51.091331, 52.933048, 53.610008> 0.100000
	pigment { color rgbt <1,0,0,0> }
	no_shadow
}
sphere {
	0, 1
	scale<0.080000,0.200000,0.300000>
	matrix <0.622774, 0.324638, 0.711873,
		-0.438744, 0.898242, -0.025799,
		-0.647809, -0.296263, 0.701834,
		50.896988, 52.844170, 53.820557>
	pigment { color rgbt <0,1,1,0> }
	no_shadow
}
cylinder {
	<51.244411, 53.596745, 53.642784>,  <51.350456, 53.051552, 53.329273>, 0.130000
	pigment { color rgbt <1,0,0,0> }
	no_shadow
}

// nucleotide -1

// particle -1
sphere {
	<51.244411, 53.596745, 53.642784> 0.250000
	pigment { color rgbt <1,0,0,0> }
	no_shadow
}
cylinder {
	<51.174088, 53.291641, 53.891716>,  <51.131893, 53.108582, 54.041077>, 0.100000
	pigment { color rgbt <1,0,0,0> }
	no_shadow
}
cylinder {
	<51.174088, 53.291641, 53.891716>,  <51.244411, 53.596745, 53.642784>, 0.100000
	pigment { color rgbt <1,0,0,0> }
	no_shadow
}

// particle -1
sphere {
	<51.174088, 53.291641, 53.891716> 0.100000
	pigment { color rgbt <1,0,0,0> }
	no_shadow
}
sphere {
	0, 1
	scale<0.080000,0.200000,0.300000>
	matrix <0.720351, 0.331195, 0.609429,
		-0.670958, 0.555439, 0.491226,
		-0.175809, -0.762757, 0.622329,
		51.121346, 53.062813, 54.078415>
	pigment { color rgbt <0,1,1,0> }
	no_shadow
}
cylinder {
	<51.114311, 53.803177, 54.412945>,  <51.244411, 53.596745, 53.642784>, 0.130000
	pigment { color rgbt <1,0,0,0> }
	no_shadow
}

// nucleotide -1

// particle -1
sphere {
	<51.114311, 53.803177, 54.412945> 0.250000
	pigment { color rgbt <1,0,0,0> }
	no_shadow
}
cylinder {
	<51.249981, 53.427185, 54.397926>,  <51.331383, 53.201591, 54.388916>, 0.100000
	pigment { color rgbt <1,0,0,0> }
	no_shadow
}
cylinder {
	<51.249981, 53.427185, 54.397926>,  <51.114311, 53.803177, 54.412945>, 0.100000
	pigment { color rgbt <1,0,0,0> }
	no_shadow
}

// particle -1
sphere {
	<51.249981, 53.427185, 54.397926> 0.100000
	pigment { color rgbt <1,0,0,0> }
	no_shadow
}
sphere {
	0, 1
	scale<0.080000,0.200000,0.300000>
	matrix <0.822768, 0.277057, 0.496279,
		-0.456088, -0.199212, 0.867351,
		0.339170, -0.939976, -0.037543,
		51.351730, 53.145191, 54.386665>
	pigment { color rgbt <0,1,1,0> }
	no_shadow
}
cylinder {
	<51.351913, 53.600853, 55.088238>,  <51.114311, 53.803177, 54.412945>, 0.130000
	pigment { color rgbt <1,0,0,0> }
	no_shadow
}

// nucleotide -1

// particle -1
sphere {
	<51.351913, 53.600853, 55.088238> 0.250000
	pigment { color rgbt <1,0,0,0> }
	no_shadow
}
cylinder {
	<51.547192, 53.410263, 54.795765>,  <51.664360, 53.295910, 54.620281>, 0.100000
	pigment { color rgbt <1,0,0,0> }
	no_shadow
}
cylinder {
	<51.547192, 53.410263, 54.795765>,  <51.351913, 53.600853, 55.088238>, 0.100000
	pigment { color rgbt <1,0,0,0> }
	no_shadow
}

// particle -1
sphere {
	<51.547192, 53.410263, 54.795765> 0.100000
	pigment { color rgbt <1,0,0,0> }
	no_shadow
}
sphere {
	0, 1
	scale<0.080000,0.200000,0.300000>
	matrix <0.872330, 0.291892, 0.392225,
		0.026542, -0.829319, 0.558146,
		0.488197, -0.476477, -0.731186,
		51.693649, 53.267319, 54.576408>
	pigment { color rgbt <0,1,1,0> }
	no_shadow
}
cylinder {
	<51.874058, 53.051289, 55.285225>,  <51.351913, 53.600853, 55.088238>, 0.130000
	pigment { color rgbt <1,0,0,0> }
	no_shadow
}

// nucleotide -1

// particle -1
sphere {
	<51.874058, 53.051289, 55.285225> 0.250000
	pigment { color rgbt <1,0,0,0> }
	no_shadow
}
cylinder {
	<51.975662, 53.231556, 54.942909>,  <52.036625, 53.339714, 54.737518>, 0.100000
	pigment { color rgbt <1,0,0,0> }
	no_shadow
}
cylinder {
	<51.975662, 53.231556, 54.942909>,  <51.874058, 53.051289, 55.285225>, 0.100000
	pigment { color rgbt <1,0,0,0> }
	no_shadow
}

// particle -1
sphere {
	<51.975662, 53.231556, 54.942909> 0.100000
	pigment { color rgbt <1,0,0,0> }
	no_shadow
}
sphere {
	0, 1
	scale<0.080000,0.200000,0.300000>
	matrix <0.812075, 0.381245, 0.441799,
		0.525371, -0.807187, -0.269136,
		0.254008, 0.450667, -0.855792,
		52.051865, 53.366756, 54.686172>
	pigment { color rgbt <0,1,1,0> }
	no_shadow
}
cylinder {
	<52.580742, 52.919548, 55.091412>,  <51.874058, 53.051289, 55.285225>, 0.130000
	pigment { color rgbt <1,0,0,0> }
	no_shadow
}

// nucleotide -1

// particle -1
sphere {
	<52.580742, 52.919548, 55.091412> 0.250000
	pigment { color rgbt <1,0,0,0> }
	no_shadow
}
cylinder {
	<52.473740, 53.273540, 54.938969>,  <52.409538, 53.485935, 54.847504>, 0.100000
	pigment { color rgbt <1,0,0,0> }
	no_shadow
}
cylinder {
	<52.473740, 53.273540, 54.938969>,  <52.580742, 52.919548, 55.091412>, 0.100000
	pigment { color rgbt <1,0,0,0> }
	no_shadow
}

// particle -1
sphere {
	<52.473740, 53.273540, 54.938969> 0.100000
	pigment { color rgbt <1,0,0,0> }
	no_shadow
}
sphere {
	0, 1
	scale<0.080000,0.200000,0.300000>
	matrix <0.721047, 0.446224, 0.530072,
		0.639165, -0.132998, -0.757483,
