// switches for output
#declare DRAW_BASES = 1; // possible values are 0, 1; only relevant for DNA ribbons
#declare DRAW_BASES_TYPE = 3; // possible values are 1, 2, 3; only relevant for DNA ribbons
#declare DRAW_FOG = 0; // set to 1 to enable fog

#include "colors.inc"

#include "transforms.inc"
background { rgb <1, 1, 1>}

#default {
   normal{
       ripples 0.25
       frequency 0.20
       turbulence 0.2
       lambda 5
   }
	finish {
		phong 0.1
		phong_size 40.
	}
}

// original window dimensions: 1024x640


// camera settings

camera {
	sky <-0, 1, 0>
	up <-0, 1, 0>
	right 1.6 * <0.99995, 0, 0.00999983>
	location <54.4867, 55, 106.329>
	look_at <55, 55, 55.0001>
	direction <0.513302, 0, -51.3289>
	angle 67.0682
}


# declare cpy_camera_pos = <54.4867, 55, 106.329>;
# if (DRAW_FOG = 1)
fog {
	fog_type 2
	up vnormalize(cpy_camera_pos)
	color rgbt<1,1,1,0.3>
	distance 1e-5
	fog_alt 3e-3
	fog_offset 88
}
# end


// LIGHTS

# declare lum = 6;
global_settings {
	ambient_light rgb lum * <0.05, 0.05, 0.05>
	max_trace_level 15
}# declare cpy_direct_light_amount = 0.25;
light_source
{	1000 * <-0.98995, -1, 1.00995>,
	rgb lum * cpy_direct_light_amount
	parallel
}

light_source
{	1000 * <0.98995, 1, -1.00995>,
	rgb lum * cpy_direct_light_amount
	parallel
}

// strand 0

// nucleotide -1

// particle -1
sphere {
	<35.538166, 52.608292, 49.558327> 0.250000
	pigment { color rgbt <1,0,0,0> }
	no_shadow
}
cylinder {
	<35.700191, 52.742725, 49.898438>,  <35.797405, 52.823387, 50.102505>, 0.100000
	pigment { color rgbt <1,0,0,0> }
	no_shadow
}
cylinder {
	<35.700191, 52.742725, 49.898438>,  <35.538166, 52.608292, 49.558327>, 0.100000
	pigment { color rgbt <1,0,0,0> }
	no_shadow
}

// particle -1
sphere {
	<35.700191, 52.742725, 49.898438> 0.100000
	pigment { color rgbt <1,0,0,0> }
	no_shadow
}
sphere {
	0, 1
	scale<0.080000,0.200000,0.300000>
	matrix <0.552241, -0.831113, 0.065432,
		0.728666, 0.443054, -0.522253,
		0.405062, 0.336088, 0.850276,
		35.821709, 52.843552, 50.153519>
	pigment { color rgbt <0,1,1,0> }
	no_shadow
}
cylinder {
	<36.297821, 52.610516, 49.431816>,  <35.538166, 52.608292, 49.558327>, 0.130000
	pigment { color rgbt <1,0,0,0> }
	no_shadow
}

// nucleotide -1

// particle -1
sphere {
	<36.297821, 52.610516, 49.431816> 0.250000
	pigment { color rgbt <1,0,0,0> }
	no_shadow
}
cylinder {
	<36.151249, 52.547562, 49.798630>,  <36.063305, 52.509789, 50.018719>, 0.100000
	pigment { color rgbt <1,0,0,0> }
	no_shadow
}
cylinder {
	<36.151249, 52.547562, 49.798630>,  <36.297821, 52.610516, 49.431816>, 0.100000
	pigment { color rgbt <1,0,0,0> }
	no_shadow
}

// particle -1
sphere {
	<36.151249, 52.547562, 49.798630> 0.100000
	pigment { color rgbt <1,0,0,0> }
	no_shadow
}
sphere {
	0, 1
	scale<0.080000,0.200000,0.300000>
	matrix <0.525410, -0.848414, 0.064334,
		0.767901, 0.505394, 0.393580,
		-0.366433, -0.157389, 0.917036,
		36.041321, 52.500343, 50.073742>
	pigment { color rgbt <0,1,1,0> }
	no_shadow
}
cylinder {
	<36.844341, 52.562714, 49.913708>,  <36.297821, 52.610516, 49.431816>, 0.130000
	pigment { color rgbt <1,0,0,0> }
	no_shadow
}

// nucleotide -1

// particle -1
sphere {
	<36.844341, 52.562714, 49.913708> 0.250000
	pigment { color rgbt <1,0,0,0> }
	no_shadow
}
cylinder {
	<36.534504, 52.343914, 50.040707>,  <36.348602, 52.212635, 50.116905>, 0.100000
	pigment { color rgbt <1,0,0,0> }
	no_shadow
}
cylinder {
	<36.534504, 52.343914, 50.040707>,  <36.844341, 52.562714, 49.913708>, 0.100000
	pigment { color rgbt <1,0,0,0> }
	no_shadow
}

// particle -1
sphere {
	<36.534504, 52.343914, 50.040707> 0.100000
	pigment { color rgbt <1,0,0,0> }
	no_shadow
}
sphere {
	0, 1
	scale<0.080000,0.200000,0.300000>
	matrix <0.585697, -0.809828, 0.033715,
		0.238676, 0.212073, 0.947660,
		-0.774592, -0.546995, 0.317497,
		36.302128, 52.179817, 50.135956>
	pigment { color rgbt <0,1,1,0> }
	no_shadow
}
cylinder {
	<36.640636, 52.283501, 50.613808>,  <36.844341, 52.562714, 49.913708>, 0.130000
	pigment { color rgbt <1,0,0,0> }
	no_shadow
}

// nucleotide -1

// particle -1
sphere {
	<36.640636, 52.283501, 50.613808> 0.250000
	pigment { color rgbt <1,0,0,0> }
	no_shadow
}
cylinder {
	<37.019379, 52.174492, 50.545464>,  <37.246624, 52.109085, 50.504456>, 0.100000
	pigment { color rgbt <1,0,0,0> }
	no_shadow
}
cylinder {
	<37.019379, 52.174492, 50.545464>,  <36.640636, 52.283501, 50.613808>, 0.100000
	pigment { color rgbt <1,0,0,0> }
	no_shadow
}

// particle -1
sphere {
	<37.019379, 52.174492, 50.545464> 0.100000
	pigment { color rgbt <1,0,0,0> }
	no_shadow
}
sphere {
	0, 1
	scale<0.080000,0.200000,0.300000>
	matrix <0.309739, 0.629247, 0.712819,
		-0.086743, -0.727860, 0.680217,
		0.946857, -0.272522, -0.170864,
		37.303436, 52.092735, 50.494205>
	pigment { color rgbt <0,1,1,0> }
	no_shadow
}
cylinder {
	<37.221722, 52.361923, 51.096371>,  <36.640636, 52.283501, 50.613808>, 0.130000
	pigment { color rgbt <1,0,0,0> }
	no_shadow
}

// nucleotide -1

// particle -1
sphere {
	<37.221722, 52.361923, 51.096371> 0.250000
	pigment { color rgbt <1,0,0,0> }
	no_shadow
}
cylinder {
	<37.528423, 52.115208, 51.167538>,  <37.712444, 51.967178, 51.210239>, 0.100000
	pigment { color rgbt <1,0,0,0> }
	no_shadow
}
cylinder {
	<37.528423, 52.115208, 51.167538>,  <37.221722, 52.361923, 51.096371>, 0.100000
	pigment { color rgbt <1,0,0,0> }
	no_shadow
}

// particle -1
sphere {
	<37.528423, 52.115208, 51.167538> 0.100000
	pigment { color rgbt <1,0,0,0> }
	no_shadow
}
sphere {
	0, 1
	scale<0.080000,0.200000,0.300000>
	matrix <-0.098270, -0.386671, -0.916967,
		0.634373, 0.685605, -0.357095,
		0.766756, -0.616790, 0.177919,
		37.758450, 51.930172, 51.220913>
	pigment { color rgbt <0,1,1,0> }
	no_shadow
}
cylinder {
	<37.947350, 52.461853, 51.199661>,  <37.221722, 52.361923, 51.096371>, 0.130000
	pigment { color rgbt <1,0,0,0> }
	no_shadow
}

// nucleotide -1

// particle -1
sphere {
	<37.947350, 52.461853, 51.199661> 0.250000
	pigment { color rgbt <1,0,0,0> }
	no_shadow
}
cylinder {
	<38.334553, 52.517735, 51.283028>,  <38.566875, 52.551266, 51.333046>, 0.100000
	pigment { color rgbt <1,0,0,0> }
	no_shadow
}
cylinder {
	<38.334553, 52.517735, 51.283028>,  <37.947350, 52.461853, 51.199661>, 0.100000
	pigment { color rgbt <1,0,0,0> }
	no_shadow
}

// particle -1
sphere {
	<38.334553, 52.517735, 51.283028> 0.100000
	pigment { color rgbt <1,0,0,0> }
	no_shadow
}
sphere {
	0, 1
	scale<0.080000,0.200000,0.300000>
	matrix <-0.071100, 0.949327, -0.306143,
		-0.240621, 0.281532, 0.928893,
		0.968012, 0.139709, 0.208411,
		38.624958, 52.559647, 51.345551>
	pigment { color rgbt <0,1,1,0> }
	no_shadow
}
cylinder {
	<38.021080, 52.898888, 51.776108>,  <37.947350, 52.461853, 51.199661>, 0.130000
	pigment { color rgbt <1,0,0,0> }
	no_shadow
}

// nucleotide -1

// particle -1
sphere {
	<38.021080, 52.898888, 51.776108> 0.250000
	pigment { color rgbt <1,0,0,0> }
	no_shadow
}
cylinder {
	<38.372570, 52.944218, 51.590633>,  <38.583462, 52.971416, 51.479347>, 0.100000
	pigment { color rgbt <1,0,0,0> }
	no_shadow
}
cylinder {
	<38.372570, 52.944218, 51.590633>,  <38.021080, 52.898888, 51.776108>, 0.100000
	pigment { color rgbt <1,0,0,0> }
	no_shadow
}

// particle -1
sphere {
	<38.372570, 52.944218, 51.590633> 0.100000
	pigment { color rgbt <1,0,0,0> }
	no_shadow
}
sphere {
	0, 1
	scale<0.080000,0.200000,0.300000>
	matrix <-0.152814, 0.987071, -0.048356,
		0.452210, 0.113349, 0.884679,
		0.878723, 0.113325, -0.463685,
		38.636189, 52.978214, 51.451527>
	pigment { color rgbt <0,1,1,0> }
	no_shadow
}
cylinder {
	<38.346149, 53.482956, 52.129368>,  <38.021080, 52.898888, 51.776108>, 0.130000
	pigment { color rgbt <1,0,0,0> }
	no_shadow
}

// nucleotide -1

// particle -1
sphere {
	<38.346149, 53.482956, 52.129368> 0.250000
	pigment { color rgbt <1,0,0,0> }
	no_shadow
}
cylinder {
	<38.445309, 53.435524, 51.744766>,  <38.504803, 53.407063, 51.514008>, 0.100000
	pigment { color rgbt <1,0,0,0> }
	no_shadow
}
cylinder {
	<38.445309, 53.435524, 51.744766>,  <38.346149, 53.482956, 52.129368>, 0.100000
	pigment { color rgbt <1,0,0,0> }
	no_shadow
}

// particle -1
sphere {
	<38.445309, 53.435524, 51.744766> 0.100000
	pigment { color rgbt <1,0,0,0> }
	no_shadow
}
sphere {
	0, 1
	scale<0.080000,0.200000,0.300000>
	matrix <-0.445359, 0.867443, -0.221806,
		0.860350, 0.483198, 0.162227,
		0.247899, -0.118582, -0.961501,
		38.519680, 53.399948, 51.456314>
	pigment { color rgbt <0,1,1,0> }
	no_shadow
}
cylinder {
	<39.031063, 53.574989, 52.099800>,  <38.346149, 53.482956, 52.129368>, 0.130000
	pigment { color rgbt <1,0,0,0> }
	no_shadow
}

// nucleotide -1

// particle -1
sphere {
	<39.031063, 53.574989, 52.099800> 0.250000
	pigment { color rgbt <1,0,0,0> }
	no_shadow
}
cylinder {
	<39.414623, 53.662849, 52.027946>,  <39.644760, 53.715565, 51.984833>, 0.100000
	pigment { color rgbt <1,0,0,0> }
	no_shadow
}
cylinder {
	<39.414623, 53.662849, 52.027946>,  <39.031063, 53.574989, 52.099800>, 0.100000
	pigment { color rgbt <1,0,0,0> }
	no_shadow
}

// particle -1
sphere {
	<39.414623, 53.662849, 52.027946> 0.100000
	pigment { color rgbt <1,0,0,0> }
	no_shadow
}
sphere {
	0, 1
	scale<0.080000,0.200000,0.300000>
	matrix <0.156016, 0.120676, 0.980355,
		0.237014, -0.968086, 0.081447,
		0.958897, 0.219651, -0.179639,
		39.702293, 53.728745, 51.974056>
	pigment { color rgbt <0,1,1,0> }
	no_shadow
}
cylinder {
	<39.591057, 53.115597, 52.430496>,  <39.031063, 53.574989, 52.099800>, 0.130000
	pigment { color rgbt <1,0,0,0> }
	no_shadow
}

// nucleotide -1

// particle -1
sphere {
	<39.591057, 53.115597, 52.430496> 0.250000
	pigment { color rgbt <1,0,0,0> }
	no_shadow
}
cylinder {
	<39.697468, 53.498268, 52.383183>,  <39.761314, 53.727871, 52.354794>, 0.100000
	pigment { color rgbt <1,0,0,0> }
	no_shadow
}
cylinder {
	<39.697468, 53.498268, 52.383183>,  <39.591057, 53.115597, 52.430496>, 0.100000
	pigment { color rgbt <1,0,0,0> }
	no_shadow
}

// particle -1
sphere {
	<39.697468, 53.498268, 52.383183> 0.100000
	pigment { color rgbt <1,0,0,0> }
	no_shadow
}
sphere {
	0, 1
	scale<0.080000,0.200000,0.300000>
	matrix <0.144574, 0.081719, 0.986114,
		0.953062, -0.279435, -0.116572,
		0.266029, 0.956680, -0.118283,
		39.777275, 53.785271, 52.347698>
	pigment { color rgbt <0,1,1,0> }
	no_shadow
}
cylinder {
	<39.486221, 52.462334, 52.138771>,  <39.591057, 53.115597, 52.430496>, 0.130000
	pigment { color rgbt <1,0,0,0> }
	no_shadow
}

// nucleotide -1

// particle -1
sphere {
	<39.486221, 52.462334, 52.138771> 0.250000
	pigment { color rgbt <1,0,0,0> }
	no_shadow
}
cylinder {
	<39.675827, 52.393833, 52.484253>,  <39.789589, 52.352734, 52.691544>, 0.100000
	pigment { color rgbt <1,0,0,0> }
	no_shadow
}
cylinder {
	<39.675827, 52.393833, 52.484253>,  <39.486221, 52.462334, 52.138771>, 0.100000
	pigment { color rgbt <1,0,0,0> }
	no_shadow
}

// particle -1
sphere {
	<39.675827, 52.393833, 52.484253> 0.100000
	pigment { color rgbt <1,0,0,0> }
	no_shadow
}
sphere {
	0, 1
	scale<0.080000,0.200000,0.300000>
	matrix <0.682292, -0.548607, -0.483227,
		0.556590, 0.818353, -0.143199,
		0.474010, -0.171256, 0.863705,
		39.818031, 52.342457, 52.743366>
	pigment { color rgbt <0,1,1,0> }
	no_shadow
}
cylinder {
	<39.709957, 51.721100, 51.942070>,  <39.486221, 52.462334, 52.138771>, 0.130000
	pigment { color rgbt <1,0,0,0> }
	no_shadow
}

// nucleotide -1

// particle -1
sphere {
	<39.709957, 51.721100, 51.942070> 0.250000
	pigment { color rgbt <1,0,0,0> }
	no_shadow
}
cylinder {
	<39.499519, 52.015282, 51.771267>,  <39.373257, 52.191792, 51.668785>, 0.100000
	pigment { color rgbt <1,0,0,0> }
	no_shadow
}
cylinder {
	<39.499519, 52.015282, 51.771267>,  <39.709957, 51.721100, 51.942070>, 0.100000
	pigment { color rgbt <1,0,0,0> }
	no_shadow
}

// particle -1
sphere {
	<39.499519, 52.015282, 51.771267> 0.100000
	pigment { color rgbt <1,0,0,0> }
	no_shadow
}
sphere {
	0, 1
	scale<0.080000,0.200000,0.300000>
	matrix <0.761727, 0.184251, -0.621148,
		-0.378150, -0.652042, -0.657149,
		-0.526094, 0.735454, -0.427003,
		39.341690, 52.235916, 51.643166>
	pigment { color rgbt <0,1,1,0> }
	no_shadow
}
cylinder {
	<39.810955, 51.676933, 51.219551>,  <39.709957, 51.721100, 51.942070>, 0.130000
	pigment { color rgbt <1,0,0,0> }
	no_shadow
}

// nucleotide -1

// particle -1
sphere {
	<39.810955, 51.676933, 51.219551> 0.250000
	pigment { color rgbt <1,0,0,0> }
	no_shadow
}
cylinder {
	<39.720360, 52.049168, 51.334595>,  <39.666004, 52.272507, 51.403622>, 0.100000
	pigment { color rgbt <1,0,0,0> }
	no_shadow
}
cylinder {
	<39.720360, 52.049168, 51.334595>,  <39.810955, 51.676933, 51.219551>, 0.100000
	pigment { color rgbt <1,0,0,0> }
	no_shadow
}

// particle -1
sphere {
	<39.720360, 52.049168, 51.334595> 0.100000
	pigment { color rgbt <1,0,0,0> }
	no_shadow
}
sphere {
	0, 1
	scale<0.080000,0.200000,0.300000>
	matrix <0.828980, 0.339193, -0.444679,
		-0.511367, 0.137713, -0.848256,
		-0.226485, 0.930582, 0.287613,
		39.652416, 52.328342, 51.420879>
	pigment { color rgbt <0,1,1,0> }
	no_shadow
}
cylinder {
	<40.453320, 52.102295, 51.503357>,  <39.810955, 51.676933, 51.219551>, 0.130000
	pigment { color rgbt <1,0,0,0> }
	no_shadow
}

// nucleotide -1

// particle -1
sphere {
	<40.453320, 52.102295, 51.503357> 0.250000
	pigment { color rgbt <1,0,0,0> }
	no_shadow
}
cylinder {
	<40.632149, 51.764843, 51.384422>,  <40.739445, 51.562370, 51.313061>, 0.100000
	pigment { color rgbt <1,0,0,0> }
	no_shadow
}
cylinder {
	<40.632149, 51.764843, 51.384422>,  <40.453320, 52.102295, 51.503357>, 0.100000
	pigment { color rgbt <1,0,0,0> }
	no_shadow
}

// particle -1
sphere {
	<40.632149, 51.764843, 51.384422> 0.100000
	pigment { color rgbt <1,0,0,0> }
	no_shadow
}
sphere {
	0, 1
	scale<0.080000,0.200000,0.300000>
	matrix <0.893143, 0.439303, 0.096482,
		0.049226, -0.308700, 0.949885,
		0.447071, -0.843633, -0.297339,
		40.766270, 51.511753, 51.295219>
	pigment { color rgbt <0,1,1,0> }
	no_shadow
}
cylinder {
	<40.867340, 52.757099, 51.548710>,  <40.453320, 52.102295, 51.503357>, 0.130000
	pigment { color rgbt <1,0,0,0> }
	no_shadow
}

// nucleotide -1

// particle -1
sphere {
	<40.867340, 52.757099, 51.548710> 0.250000
	pigment { color rgbt <1,0,0,0> }
	no_shadow
}
cylinder {
	<41.263805, 52.785072, 51.593788>,  <41.501686, 52.801857, 51.620834>, 0.100000
	pigment { color rgbt <1,0,0,0> }
	no_shadow
}
cylinder {
	<41.263805, 52.785072, 51.593788>,  <40.867340, 52.757099, 51.548710>, 0.100000
	pigment { color rgbt <1,0,0,0> }
	no_shadow
}

// particle -1
sphere {
	<41.263805, 52.785072, 51.593788> 0.100000
	pigment { color rgbt <1,0,0,0> }
	no_shadow
}
sphere {
	0, 1
	scale<0.080000,0.200000,0.300000>
	matrix <0.116748, -0.056883, -0.991531,
		-0.062933, 0.995929, -0.064545,
		0.991166, 0.069935, 0.112693,
		41.561153, 52.806053, 51.627598>
	pigment { color rgbt <0,1,1,0> }
	no_shadow
}
cylinder {
	<41.074505, 53.293926, 51.121613>,  <40.867340, 52.757099, 51.548710>, 0.130000
	pigment { color rgbt <1,0,0,0> }
	no_shadow
}

// nucleotide -1

// particle -1
sphere {
	<41.074505, 53.293926, 51.121613> 0.250000
	pigment { color rgbt <1,0,0,0> }
	no_shadow
}
cylinder {
	<41.364056, 53.021126, 51.163326>,  <41.537785, 52.857445, 51.188354>, 0.100000
	pigment { color rgbt <1,0,0,0> }
	no_shadow
}
cylinder {
	<41.364056, 53.021126, 51.163326>,  <41.074505, 53.293926, 51.121613>, 0.100000
	pigment { color rgbt <1,0,0,0> }
	no_shadow
}

// particle -1
sphere {
	<41.364056, 53.021126, 51.163326> 0.100000
	pigment { color rgbt <1,0,0,0> }
	no_shadow
}
sphere {
	0, 1
	scale<0.080000,0.200000,0.300000>
	matrix <0.027276, -0.122746, -0.992063,
		0.689391, 0.720975, -0.070250,
		0.723876, -0.682003, 0.104285,
		41.581219, 52.816525, 51.194611>
	pigment { color rgbt <0,1,1,0> }
	no_shadow
}
cylinder {
	<41.524513, 53.457104, 50.612915>,  <41.074505, 53.293926, 51.121613>, 0.130000
	pigment { color rgbt <1,0,0,0> }
	no_shadow
}

// nucleotide -1

// particle -1
sphere {
	<41.524513, 53.457104, 50.612915> 0.250000
	pigment { color rgbt <1,0,0,0> }
	no_shadow
}
cylinder {
	<41.626400, 53.082546, 50.709488>,  <41.687531, 52.857811, 50.767433>, 0.100000
	pigment { color rgbt <1,0,0,0> }
	no_shadow
}
cylinder {
	<41.626400, 53.082546, 50.709488>,  <41.524513, 53.457104, 50.612915>, 0.100000
	pigment { color rgbt <1,0,0,0> }
	no_shadow
}

// particle -1
sphere {
	<41.626400, 53.082546, 50.709488> 0.100000
	pigment { color rgbt <1,0,0,0> }
	no_shadow
}
sphere {
	0, 1
	scale<0.080000,0.200000,0.300000>
	matrix <0.161133, -0.205078, -0.965391,
		0.953497, 0.284802, 0.098647,
		0.254715, -0.936393, 0.241432,
		41.702816, 52.801628, 50.781918>
	pigment { color rgbt <0,1,1,0> }
	no_shadow
}
cylinder {
	<42.227856, 53.259300, 50.967445>,  <41.524513, 53.457104, 50.612915>, 0.130000
	pigment { color rgbt <1,0,0,0> }
	no_shadow
}

// nucleotide -1

// particle -1
sphere {
	<42.227856, 53.259300, 50.967445> 0.250000
	pigment { color rgbt <1,0,0,0> }
	no_shadow
}
cylinder {
	<42.613220, 53.313553, 51.059914>,  <42.844440, 53.346104, 51.115395>, 0.100000
	pigment { color rgbt <1,0,0,0> }
	no_shadow
}
cylinder {
	<42.613220, 53.313553, 51.059914>,  <42.227856, 53.259300, 50.967445>, 0.100000
	pigment { color rgbt <1,0,0,0> }
	no_shadow
}

// particle -1
sphere {
	<42.613220, 53.313553, 51.059914> 0.100000
	pigment { color rgbt <1,0,0,0> }
	no_shadow
}
sphere {
	0, 1
	scale<0.080000,0.200000,0.300000>
	matrix <-0.244981, 0.795502, 0.554221,
		-0.108726, -0.590576, 0.799624,
		0.963412, 0.135634, 0.231172,
		42.902245, 53.354244, 51.129265>
	pigment { color rgbt <0,1,1,0> }
	no_shadow
}
cylinder {
	<42.322216, 53.376900, 51.766312>,  <42.227856, 53.259300, 50.967445>, 0.130000
	pigment { color rgbt <1,0,0,0> }
	no_shadow
}

// nucleotide -1

// particle -1
sphere {
	<42.322216, 53.376900, 51.766312> 0.250000
	pigment { color rgbt <1,0,0,0> }
	no_shadow
}
cylinder {
	<42.686218, 53.375298, 51.932144>,  <42.904617, 53.374336, 52.031643>, 0.100000
	pigment { color rgbt <1,0,0,0> }
	no_shadow
}
cylinder {
	<42.686218, 53.375298, 51.932144>,  <42.322216, 53.376900, 51.766312>, 0.100000
	pigment { color rgbt <1,0,0,0> }
	no_shadow
}

// particle -1
sphere {
	<42.686218, 53.375298, 51.932144> 0.100000
	pigment { color rgbt <1,0,0,0> }
	no_shadow
}
sphere {
	0, 1
	scale<0.080000,0.200000,0.300000>
	matrix <-0.414349, 0.026215, 0.909740,
		-0.014514, -0.999648, 0.022196,
		0.910002, -0.004007, 0.414584,
		42.959221, 53.374096, 52.056519>
	pigment { color rgbt <0,1,1,0> }
	no_shadow
}
cylinder {
	<42.404732, 52.910679, 52.366436>,  <42.322216, 53.376900, 51.766312>, 0.130000
	pigment { color rgbt <1,0,0,0> }
	no_shadow
}

// nucleotide -1

// particle -1
sphere {
	<42.404732, 52.910679, 52.366436> 0.250000
	pigment { color rgbt <1,0,0,0> }
	no_shadow
}
cylinder {
	<42.673714, 53.192760, 52.456310>,  <42.835102, 53.362011, 52.510235>, 0.100000
	pigment { color rgbt <1,0,0,0> }
	no_shadow
}
cylinder {
	<42.673714, 53.192760, 52.456310>,  <42.404732, 52.910679, 52.366436>, 0.100000
	pigment { color rgbt <1,0,0,0> }
	no_shadow
}

// particle -1
sphere {
	<42.673714, 53.192760, 52.456310> 0.100000
	pigment { color rgbt <1,0,0,0> }
	no_shadow
}
sphere {
	0, 1
	scale<0.080000,0.200000,0.300000>
	matrix <-0.465641, 0.167129, 0.869049,
		0.575307, -0.689023, 0.440760,
		0.672459, 0.705206, 0.224687,
		42.875450, 53.404324, 52.523716>
	pigment { color rgbt <0,1,1,0> }
	no_shadow
}
cylinder {
	<42.473877, 52.910835, 53.098190>,  <42.404732, 52.910679, 52.366436>, 0.130000
	pigment { color rgbt <1,0,0,0> }
	no_shadow
}

// nucleotide -1

// particle -1
sphere {
	<42.473877, 52.910835, 53.098190> 0.250000
	pigment { color rgbt <1,0,0,0> }
	no_shadow
}
cylinder {
	<42.556614, 53.275761, 52.956825>,  <42.606255, 53.494717, 52.872005>, 0.100000
	pigment { color rgbt <1,0,0,0> }
	no_shadow
}
cylinder {
	<42.556614, 53.275761, 52.956825>,  <42.473877, 52.910835, 53.098190>, 0.100000
	pigment { color rgbt <1,0,0,0> }
	no_shadow
}

// particle -1
sphere {
	<42.556614, 53.275761, 52.956825> 0.100000
	pigment { color rgbt <1,0,0,0> }
	no_shadow
}
sphere {
	0, 1
	scale<0.080000,0.200000,0.300000>
	matrix <-0.483313, 0.409352, 0.773847,
		0.850662, 0.010746, 0.525604,
		0.206841, 0.912313, -0.353414,
		42.618668, 53.549454, 52.850800>
	pigment { color rgbt <0,1,1,0> }
	no_shadow
}
cylinder {
	<42.792419, 53.332985, 53.650234>,  <42.473877, 52.910835, 53.098190>, 0.130000
	pigment { color rgbt <1,0,0,0> }
	no_shadow
}

// nucleotide -1

// particle -1
sphere {
	<42.792419, 53.332985, 53.650234> 0.250000
	pigment { color rgbt <1,0,0,0> }
	no_shadow
}
cylinder {
	<42.560989, 53.546371, 53.403442>,  <42.422131, 53.674404, 53.255367>, 0.100000
	pigment { color rgbt <1,0,0,0> }
	no_shadow
}
cylinder {
	<42.560989, 53.546371, 53.403442>,  <42.792419, 53.332985, 53.650234>, 0.100000
	pigment { color rgbt <1,0,0,0> }
	no_shadow
}

// particle -1
sphere {
	<42.560989, 53.546371, 53.403442> 0.100000
	pigment { color rgbt <1,0,0,0> }
	no_shadow
}
sphere {
	0, 1
	scale<0.080000,0.200000,0.300000>
	matrix <-0.514906, 0.347760, 0.783540,
		0.632554, 0.771022, 0.073482,
		-0.578573, 0.533468, -0.616981,
		42.387417, 53.706413, 53.218349>
	pigment { color rgbt <0,1,1,0> }
	no_shadow
}
cylinder {
	<43.333897, 53.166534, 54.118397>,  <42.792419, 53.332985, 53.650234>, 0.130000
	pigment { color rgbt <1,0,0,0> }
	no_shadow
}

// nucleotide -1

// particle -1
sphere {
	<43.333897, 53.166534, 54.118397> 0.250000
	pigment { color rgbt <1,0,0,0> }
	no_shadow
}
cylinder {
	<43.559277, 52.894394, 54.305859>,  <43.694504, 52.731110, 54.418335>, 0.100000
	pigment { color rgbt <1,0,0,0> }
	no_shadow
}
cylinder {
	<43.559277, 52.894394, 54.305859>,  <43.333897, 53.166534, 54.118397>, 0.100000
	pigment { color rgbt <1,0,0,0> }
	no_shadow
}

// particle -1
sphere {
	<43.559277, 52.894394, 54.305859> 0.100000
	pigment { color rgbt <1,0,0,0> }
	no_shadow
}
sphere {
	0, 1
	scale<0.080000,0.200000,0.300000>
	matrix <0.600998, -0.051675, -0.797578,
		0.566852, 0.731061, 0.379774,
		0.563454, -0.680352, 0.468659,
		43.728313, 52.690289, 54.446457>
	pigment { color rgbt <0,1,1,0> }
	no_shadow
}
cylinder {
	<43.962917, 53.413204, 54.131264>,  <43.333897, 53.166534, 54.118397>, 0.130000
	pigment { color rgbt <1,0,0,0> }
	no_shadow
}

// nucleotide -1

// particle -1
sphere {
	<43.962917, 53.413204, 54.131264> 0.250000
	pigment { color rgbt <1,0,0,0> }
	no_shadow
}
cylinder {
	<43.981216, 53.013885, 54.145763>,  <43.992195, 52.774296, 54.154465>, 0.100000
	pigment { color rgbt <1,0,0,0> }
	no_shadow
}
cylinder {
	<43.981216, 53.013885, 54.145763>,  <43.962917, 53.413204, 54.131264>, 0.100000
	pigment { color rgbt <1,0,0,0> }
	no_shadow
}

// particle -1
sphere {
	<43.981216, 53.013885, 54.145763> 0.100000
	pigment { color rgbt <1,0,0,0> }
	no_shadow
}
sphere {
	0, 1
	scale<0.080000,0.200000,0.300000>
	matrix <0.484218, -0.009576, -0.874895,
		0.873750, 0.057581, 0.482954,
		0.045753, -0.998295, 0.036248,
		43.994942, 52.714397, 54.156639>
	pigment { color rgbt <0,1,1,0> }
	no_shadow
}
cylinder {
	<44.607082, 53.150101, 53.993275>,  <43.962917, 53.413204, 54.131264>, 0.130000
	pigment { color rgbt <1,0,0,0> }
	no_shadow
}

// nucleotide -1

// particle -1
sphere {
	<44.607082, 53.150101, 53.993275> 0.250000
	pigment { color rgbt <1,0,0,0> }
	no_shadow
}
cylinder {
	<44.422314, 52.811459, 53.887531>,  <44.311451, 52.608273, 53.824085>, 0.100000
	pigment { color rgbt <1,0,0,0> }
	no_shadow
}
cylinder {
	<44.422314, 52.811459, 53.887531>,  <44.607082, 53.150101, 53.993275>, 0.100000
	pigment { color rgbt <1,0,0,0> }
	no_shadow
}

// particle -1
sphere {
	<44.422314, 52.811459, 53.887531> 0.100000
	pigment { color rgbt <1,0,0,0> }
	no_shadow
}
sphere {
	0, 1
	scale<0.080000,0.200000,0.300000>
	matrix <0.557224, -0.045131, -0.829135,
		0.690020, -0.530304, 0.492596,
		-0.461924, -0.846606, -0.264357,
		44.283737, 52.557476, 53.808224>
	pigment { color rgbt <0,1,1,0> }
	no_shadow
}
cylinder {
	<45.274754, 53.328671, 54.338070>,  <44.607082, 53.150101, 53.993275>, 0.130000
	pigment { color rgbt <1,0,0,0> }
	no_shadow
}

// nucleotide -1

// particle -1
sphere {
	<45.274754, 53.328671, 54.338070> 0.250000
	pigment { color rgbt <1,0,0,0> }
	no_shadow
}
cylinder {
	<45.443691, 53.306419, 53.976181>,  <45.545055, 53.293068, 53.759048>, 0.100000
	pigment { color rgbt <1,0,0,0> }
	no_shadow
}
cylinder {
	<45.443691, 53.306419, 53.976181>,  <45.274754, 53.328671, 54.338070>, 0.100000
	pigment { color rgbt <1,0,0,0> }
	no_shadow
}

// particle -1
sphere {
	<45.443691, 53.306419, 53.976181> 0.100000
	pigment { color rgbt <1,0,0,0> }
	no_shadow
}
sphere {
	0, 1
	scale<0.080000,0.200000,0.300000>
	matrix <0.855271, -0.306137, 0.418082,
		-0.300222, -0.950361, -0.081731,
		0.422350, -0.055615, -0.904725,
		45.570396, 53.289734, 53.704762>
	pigment { color rgbt <0,1,1,0> }
	no_shadow
}
cylinder {
	<45.566212, 52.619373, 54.208645>,  <45.274754, 53.328671, 54.338070>, 0.130000
	pigment { color rgbt <1,0,0,0> }
	no_shadow
}

// nucleotide -1

// particle -1
sphere {
	<45.566212, 52.619373, 54.208645> 0.250000
	pigment { color rgbt <1,0,0,0> }
	no_shadow
}
cylinder {
	<45.743271, 52.877335, 53.959431>,  <45.849506, 53.032112, 53.809902>, 0.100000
	pigment { color rgbt <1,0,0,0> }
	no_shadow
}
cylinder {
	<45.743271, 52.877335, 53.959431>,  <45.566212, 52.619373, 54.208645>, 0.100000
	pigment { color rgbt <1,0,0,0> }
	no_shadow
}

// particle -1
sphere {
	<45.743271, 52.877335, 53.959431> 0.100000
	pigment { color rgbt <1,0,0,0> }
	no_shadow
}
sphere {
	0, 1
	scale<0.080000,0.200000,0.300000>
	matrix <0.888814, -0.407479, 0.209694,
		-0.118642, -0.646581, -0.753563,
		0.442645, 0.644899, -0.623034,
		45.876064, 53.070805, 53.772522>
	pigment { color rgbt <0,1,1,0> }
	no_shadow
}
cylinder {
	<46.097294, 52.286827, 53.637733>,  <45.566212, 52.619373, 54.208645>, 0.130000
	pigment { color rgbt <1,0,0,0> }
	no_shadow
}

// nucleotide -1

// particle -1
sphere {
	<46.097294, 52.286827, 53.637733> 0.250000
	pigment { color rgbt <1,0,0,0> }
	no_shadow
}
cylinder {
	<46.177723, 52.656849, 53.766640>,  <46.225979, 52.878860, 53.843983>, 0.100000
	pigment { color rgbt <1,0,0,0> }
	no_shadow
}
cylinder {
	<46.177723, 52.656849, 53.766640>,  <46.097294, 52.286827, 53.637733>, 0.100000
	pigment { color rgbt <1,0,0,0> }
	no_shadow
}

// particle -1
sphere {
	<46.177723, 52.656849, 53.766640> 0.100000
	pigment { color rgbt <1,0,0,0> }
	no_shadow
}
sphere {
	0, 1
	scale<0.080000,0.200000,0.300000>
	matrix <0.922017, -0.289831, 0.256676,
		0.330840, 0.245521, -0.911189,
		0.201071, 0.925050, 0.322262,
		46.238045, 52.934364, 53.863319>
	pigment { color rgbt <0,1,1,0> }
	no_shadow
}
cylinder {
	<46.856892, 52.538322, 53.540562>,  <46.097294, 52.286827, 53.637733>, 0.130000
	pigment { color rgbt <1,0,0,0> }
	no_shadow
}

// nucleotide -1

// particle -1
sphere {
	<46.856892, 52.538322, 53.540562> 0.250000
	pigment { color rgbt <1,0,0,0> }
	no_shadow
}
cylinder {
	<46.721321, 52.767044, 53.839405>,  <46.639980, 52.904278, 54.018711>, 0.100000
	pigment { color rgbt <1,0,0,0> }
	no_shadow
}
cylinder {
	<46.721321, 52.767044, 53.839405>,  <46.856892, 52.538322, 53.540562>, 0.100000
	pigment { color rgbt <1,0,0,0> }
	no_shadow
}

// particle -1
sphere {
	<46.721321, 52.767044, 53.839405> 0.100000
	pigment { color rgbt <1,0,0,0> }
	no_shadow
}
sphere {
	0, 1
	scale<0.080000,0.200000,0.300000>
	matrix <0.925425, 0.059578, 0.374218,
		0.169467, 0.818226, -0.549352,
		-0.338924, 0.571802, 0.747110,
		46.619644, 52.938583, 54.063538>
	pigment { color rgbt <0,1,1,0> }
	no_shadow
}
cylinder {
	<47.252903, 53.112579, 53.531612>,  <46.856892, 52.538322, 53.540562>, 0.130000
	pigment { color rgbt <1,0,0,0> }
	no_shadow
}

// nucleotide -1

// particle -1
sphere {
	<47.252903, 53.112579, 53.531612> 0.250000
	pigment { color rgbt <1,0,0,0> }
	no_shadow
}
cylinder {
	<47.166710, 53.008728, 53.908157>,  <47.114994, 52.946415, 54.134083>, 0.100000
	pigment { color rgbt <1,0,0,0> }
	no_shadow
}
cylinder {
	<47.166710, 53.008728, 53.908157>,  <47.252903, 53.112579, 53.531612>, 0.100000
	pigment { color rgbt <1,0,0,0> }
	no_shadow
}

// particle -1
sphere {
	<47.166710, 53.008728, 53.908157> 0.100000
	pigment { color rgbt <1,0,0,0> }
	no_shadow
}
sphere {
	0, 1
	scale<0.080000,0.200000,0.300000>
	matrix <0.974557, 0.003708, 0.224109,
		-0.061676, 0.965700, 0.252228,
		-0.215487, -0.259633, 0.941359,
		47.102062, 52.930840, 54.190563>
	pigment { color rgbt <0,1,1,0> }
	no_shadow
}
cylinder {
	<47.626850, 53.568165, 53.999939>,  <47.252903, 53.112579, 53.531612>, 0.130000
	pigment { color rgbt <1,0,0,0> }
	no_shadow
}

// nucleotide -1

// particle -1
sphere {
	<47.626850, 53.568165, 53.999939> 0.250000
	pigment { color rgbt <1,0,0,0> }
	no_shadow
}
cylinder {
	<47.527645, 53.248352, 54.218750>,  <47.468121, 53.056465, 54.350037>, 0.100000
	pigment { color rgbt <1,0,0,0> }
	no_shadow
}
cylinder {
	<47.527645, 53.248352, 54.218750>,  <47.626850, 53.568165, 53.999939>, 0.100000
	pigment { color rgbt <1,0,0,0> }
	no_shadow
}

// particle -1
sphere {
	<47.527645, 53.248352, 54.218750> 0.100000
	pigment { color rgbt <1,0,0,0> }
	no_shadow
}
sphere {
	0, 1
	scale<0.080000,0.200000,0.300000>
	matrix <0.905654, 0.009100, 0.423919,
		-0.343915, 0.600553, 0.721844,
		-0.248017, -0.799533, 0.547023,
		47.453239, 53.008492, 54.382858>
	pigment { color rgbt <0,1,1,0> }
	no_shadow
}
cylinder {
	<47.891022, 53.574951, 54.568417>,  <47.626850, 53.568165, 53.999939>, 0.130000
	pigment { color rgbt <1,0,0,0> }
	no_shadow
}

// nucleotide -1

// particle -1
sphere {
	<47.891022, 53.574951, 54.568417> 0.250000
	pigment { color rgbt <1,0,0,0> }
	no_shadow
}
cylinder {
	<47.829296, 53.186378, 54.496292>,  <47.792263, 52.953236, 54.453018>, 0.100000
	pigment { color rgbt <1,0,0,0> }
	no_shadow
}
cylinder {
	<47.829296, 53.186378, 54.496292>,  <47.891022, 53.574951, 54.568417>, 0.100000
	pigment { color rgbt <1,0,0,0> }
	no_shadow
}

// particle -1
sphere {
	<47.829296, 53.186378, 54.496292> 0.100000
	pigment { color rgbt <1,0,0,0> }
	no_shadow
}
sphere {
	0, 1
	scale<0.080000,0.200000,0.300000>
	matrix <0.961743, -0.189495, 0.197844,
		-0.226360, -0.142888, 0.963506,
		-0.154310, -0.971429, -0.180316,
		47.783005, 52.894951, 54.442196>
	pigment { color rgbt <0,1,1,0> }
	no_shadow
}
cylinder {
	<48.092140, 53.154835, 55.140121>,  <47.891022, 53.574951, 54.568417>, 0.130000
	pigment { color rgbt <1,0,0,0> }
	no_shadow
}

// nucleotide -1

// particle -1
sphere {
	<48.092140, 53.154835, 55.140121> 0.250000
	pigment { color rgbt <1,0,0,0> }
	no_shadow
}
cylinder {
	<48.158237, 52.951447, 54.802094>,  <48.197895, 52.829414, 54.599277>, 0.100000
	pigment { color rgbt <1,0,0,0> }
	no_shadow
}
cylinder {
	<48.158237, 52.951447, 54.802094>,  <48.092140, 53.154835, 55.140121>, 0.100000
	pigment { color rgbt <1,0,0,0> }
	no_shadow
}

// particle -1
sphere {
	<48.158237, 52.951447, 54.802094> 0.100000
	pigment { color rgbt <1,0,0,0> }
	no_shadow
}
sphere {
	0, 1
	scale<0.080000,0.200000,0.300000>
	matrix <0.933953, -0.194645, 0.299742,
		-0.316900, -0.838790, 0.442725,
		0.165246, -0.508472, -0.845074,
		48.207809, 52.798904, 54.548573>
	pigment { color rgbt <0,1,1,0> }
	no_shadow
}
cylinder {
	<48.386986, 52.372391, 55.133850>,  <48.092140, 53.154835, 55.140121>, 0.130000
	pigment { color rgbt <1,0,0,0> }
	no_shadow
}

// nucleotide -1

// particle -1
sphere {
	<48.386986, 52.372391, 55.133850> 0.250000
	pigment { color rgbt <1,0,0,0> }
	no_shadow
}
cylinder {
	<48.535587, 52.556038, 54.811066>,  <48.624748, 52.666225, 54.617393>, 0.100000
	pigment { color rgbt <1,0,0,0> }
	no_shadow
}
cylinder {
	<48.535587, 52.556038, 54.811066>,  <48.386986, 52.372391, 55.133850>, 0.100000
	pigment { color rgbt <1,0,0,0> }
	no_shadow
}

// particle -1
sphere {
	<48.535587, 52.556038, 54.811066> 0.100000
	pigment { color rgbt <1,0,0,0> }
	no_shadow
}
sphere {
	0, 1
	scale<0.080000,0.200000,0.300000>
	matrix <0.925638, -0.250523, 0.283604,
		-0.071955, -0.852319, -0.518049,
		0.371505, 0.459119, -0.806966,
		48.647038, 52.693775, 54.568977>
	pigment { color rgbt <0,1,1,0> }
	no_shadow
}
cylinder {
	<49.022884, 52.071419, 54.856724>,  <48.386986, 52.372391, 55.133850>, 0.130000
	pigment { color rgbt <1,0,0,0> }
	no_shadow
}

// nucleotide -1

// particle -1
sphere {
	<49.022884, 52.071419, 54.856724> 0.250000
	pigment { color rgbt <1,0,0,0> }
	no_shadow
}
cylinder {
	<49.064465, 52.444565, 54.718765>,  <49.089413, 52.668453, 54.635990>, 0.100000
	pigment { color rgbt <1,0,0,0> }
	no_shadow
}
cylinder {
	<49.064465, 52.444565, 54.718765>,  <49.022884, 52.071419, 54.856724>, 0.100000
	pigment { color rgbt <1,0,0,0> }
	no_shadow
}

// particle -1
sphere {
	<49.064465, 52.444565, 54.718765> 0.100000
	pigment { color rgbt <1,0,0,0> }
	no_shadow
}
sphere {
	0, 1
	scale<0.080000,0.200000,0.300000>
	matrix <0.936500, 0.024963, 0.349779,
		0.334906, -0.359360, -0.871033,
		0.103953, 0.932865, -0.344901,
		49.095650, 52.724426, 54.615295>
	pigment { color rgbt <0,1,1,0> }
	no_shadow
}
cylinder {
	<49.576435, 52.089725, 54.361469>,  <49.022884, 52.071419, 54.856724>, 0.130000
	pigment { color rgbt <1,0,0,0> }
	no_shadow
}

// nucleotide -1

// particle -1
sphere {
	<49.576435, 52.089725, 54.361469> 0.250000
	pigment { color rgbt <1,0,0,0> }
	no_shadow
}
cylinder {
	<49.523026, 52.454510, 54.516647>,  <49.490982, 52.673378, 54.609756>, 0.100000
	pigment { color rgbt <1,0,0,0> }
	no_shadow
}
cylinder {
	<49.523026, 52.454510, 54.516647>,  <49.576435, 52.089725, 54.361469>, 0.100000
	pigment { color rgbt <1,0,0,0> }
	no_shadow
}

// particle -1
sphere {
	<49.523026, 52.454510, 54.516647> 0.100000
	pigment { color rgbt <1,0,0,0> }
	no_shadow
}
sphere {
	0, 1
	scale<0.080000,0.200000,0.300000>
	matrix <0.990431, 0.109000, 0.084650,
		0.034911, 0.395540, -0.917785,
		-0.133521, 0.911958, 0.387950,
		49.482971, 52.728096, 54.633034>
	pigment { color rgbt <0,1,1,0> }
	no_shadow
}
cylinder {
	<50.176434, 52.281338, 54.639786>,  <49.576435, 52.089725, 54.361469>, 0.130000
	pigment { color rgbt <1,0,0,0> }
	no_shadow
}

// nucleotide -1

// particle -1
sphere {
	<50.176434, 52.281338, 54.639786> 0.250000
	pigment { color rgbt <1,0,0,0> }
	no_shadow
}
cylinder {
	<50.045624, 52.658775, 54.660503>,  <49.967136, 52.885239, 54.672932>, 0.100000
	pigment { color rgbt <1,0,0,0> }
	no_shadow
}
cylinder {
	<50.045624, 52.658775, 54.660503>,  <50.176434, 52.281338, 54.639786>, 0.100000
	pigment { color rgbt <1,0,0,0> }
	no_shadow
}

// particle -1
sphere {
	<50.045624, 52.658775, 54.660503> 0.100000
	pigment { color rgbt <1,0,0,0> }
	no_shadow
}
sphere {
	0, 1
	scale<0.080000,0.200000,0.300000>
	matrix <0.929882, 0.311537, 0.195610,
		0.168442, 0.112131, -0.979313,
		-0.327026, 0.943595, 0.051792,
		49.947517, 52.941853, 54.676041>
	pigment { color rgbt <0,1,1,0> }
	no_shadow
}
cylinder {
	<50.689087, 52.262253, 55.153000>,  <50.176434, 52.281338, 54.639786>, 0.130000
	pigment { color rgbt <1,0,0,0> }
	no_shadow
}

// nucleotide -1

// particle -1
sphere {
	<50.689087, 52.262253, 55.153000> 0.250000
	pigment { color rgbt <1,0,0,0> }
	no_shadow
}
cylinder {
	<50.699619, 52.168789, 54.764214>,  <50.705936, 52.112713, 54.530941>, 0.100000
	pigment { color rgbt <1,0,0,0> }
	no_shadow
}
cylinder {
	<50.699619, 52.168789, 54.764214>,  <50.689087, 52.262253, 55.153000>, 0.100000
	pigment { color rgbt <1,0,0,0> }
	no_shadow
}

// particle -1
sphere {
	<50.699619, 52.168789, 54.764214> 0.100000
	pigment { color rgbt <1,0,0,0> }
	no_shadow
}
sphere {
	0, 1
	scale<0.080000,0.200000,0.300000>
	matrix <0.049400, 0.971416, -0.232188,
		0.998432, -0.041902, 0.037117,
		0.026327, -0.233658, -0.971962,
		50.707516, 52.098690, 54.472626>
	pigment { color rgbt <0,1,1,0> }
	no_shadow
}
cylinder {
	<51.217529, 52.545132, 54.901508>,  <50.689087, 52.262253, 55.153000>, 0.130000
	pigment { color rgbt <1,0,0,0> }
	no_shadow
}

// nucleotide -1

// particle -1
sphere {
	<51.217529, 52.545132, 54.901508> 0.250000
	pigment { color rgbt <1,0,0,0> }
	no_shadow
}
cylinder {
	<50.960545, 52.486546, 54.600632>,  <50.806355, 52.451393, 54.420105>, 0.100000
	pigment { color rgbt <1,0,0,0> }
	no_shadow
}
cylinder {
	<50.960545, 52.486546, 54.600632>,  <51.217529, 52.545132, 54.901508>, 0.100000
	pigment { color rgbt <1,0,0,0> }
	no_shadow
}

// particle -1
sphere {
	<50.960545, 52.486546, 54.600632> 0.100000
	pigment { color rgbt <1,0,0,0> }
	no_shadow
}
sphere {
	0, 1
	scale<0.080000,0.200000,0.300000>
	matrix <0.025014, 0.977034, -0.211610,
		0.765908, -0.154767, -0.624045,
		-0.642463, -0.146464, -0.752189,
		50.767807, 52.442608, 54.374973>
	pigment { color rgbt <0,1,1,0> }
	no_shadow
}
cylinder {
	<52.063850, 52.454834, 54.839455>,  <51.217529, 52.545132, 54.901508>, 0.130000
	pigment { color rgbt <1,0,0,0> }
	no_shadow
}

// nucleotide -1

// particle -1
sphere {
	<52.063850, 52.454834, 54.839455> 0.250000
	pigment { color rgbt <1,0,0,0> }
	no_shadow
}
cylinder {
	<52.158798, 52.119835, 55.036331>,  <52.215767, 51.918835, 55.154457>, 0.100000
	pigment { color rgbt <1,0,0,0> }
	no_shadow
}
cylinder {
	<52.158798, 52.119835, 55.036331>,  <52.063850, 52.454834, 54.839455>, 0.100000
	pigment { color rgbt <1,0,0,0> }
	no_shadow
}

// particle -1
sphere {
	<52.158798, 52.119835, 55.036331> 0.100000
	pigment { color rgbt <1,0,0,0> }
	no_shadow
}
sphere {
	0, 1
	scale<0.080000,0.200000,0.300000>
	matrix <0.961217, 0.275737, 0.005625,
		-0.140426, 0.471764, 0.870471,
		0.237367, -0.837501, 0.492188,
		52.230007, 51.868584, 55.183987>
	pigment { color rgbt <0,1,1,0> }
	no_shadow
}
cylinder {
	<52.448486, 52.612602, 55.499172>,  <52.063850, 52.454834, 54.839455>, 0.130000
	pigment { color rgbt <1,0,0,0> }
	no_shadow
}

// nucleotide -1

// particle -1
sphere {
	<52.448486, 52.612602, 55.499172> 0.250000
	pigment { color rgbt <1,0,0,0> }
	no_shadow
}
cylinder {
	<52.537621, 52.265732, 55.321022>,  <52.591099, 52.057610, 55.214134>, 0.100000
	pigment { color rgbt <1,0,0,0> }
	no_shadow
}
cylinder {
	<52.537621, 52.265732, 55.321022>,  <52.448486, 52.612602, 55.499172>, 0.100000
	pigment { color rgbt <1,0,0,0> }
	no_shadow
}

// particle -1
sphere {
	<52.537621, 52.265732, 55.321022> 0.100000
	pigment { color rgbt <1,0,0,0> }
	no_shadow
}
sphere {
	0, 1
	scale<0.080000,0.200000,0.300000>
	matrix <0.955511, 0.284849, -0.076553,
		0.193248, -0.408499, 0.892067,
		0.222833, -0.867173, -0.445372,
		52.604469, 52.005581, 55.187412>
	pigment { color rgbt <0,1,1,0> }
	no_shadow
}
cylinder {
	<52.902622, 52.291847, 55.883106>,  <52.448486, 52.612602, 55.499172>, 0.130000
	pigment { color rgbt <1,0,0,0> }
	no_shadow
}

// nucleotide -1

// particle -1
sphere {
	<52.902622, 52.291847, 55.883106> 0.250000
	pigment { color rgbt <1,0,0,0> }
	no_shadow
}
cylinder {
	<52.931149, 52.194725, 55.496124>,  <52.948265, 52.136452, 55.263935>, 0.100000
	pigment { color rgbt <1,0,0,0> }
	no_shadow
}
cylinder {
	<52.931149, 52.194725, 55.496124>,  <52.902622, 52.291847, 55.883106>, 0.100000
	pigment { color rgbt <1,0,0,0> }
	no_shadow
}

// particle -1
sphere {
	<52.931149, 52.194725, 55.496124> 0.100000
	pigment { color rgbt <1,0,0,0> }
	no_shadow
}
sphere {
	0, 1
	scale<0.080000,0.200000,0.300000>
	matrix <0.917897, 0.395558, -0.031616,
		0.390360, -0.885765, 0.251078,
		0.071312, -0.242805, -0.967450,
		52.952541, 52.121883, 55.205891>
	pigment { color rgbt <0,1,1,0> }
	no_shadow
}
cylinder {
	<53.651733, 52.070179, 55.740459>,  <52.902622, 52.291847, 55.883106>, 0.130000
	pigment { color rgbt <1,0,0,0> }
	no_shadow
}

// nucleotide -1

// particle -1
sphere {
	<53.651733, 52.070179, 55.740459> 0.250000
	pigment { color rgbt <1,0,0,0> }
	no_shadow
}
cylinder {
	<53.523441, 52.264061, 55.414955>,  <53.446468, 52.380390, 55.219654>, 0.100000
	pigment { color rgbt <1,0,0,0> }
	no_shadow
}
cylinder {
	<53.523441, 52.264061, 55.414955>,  <53.651733, 52.070179, 55.740459>, 0.100000
	pigment { color rgbt <1,0,0,0> }
	no_shadow
}

// particle -1
sphere {
	<53.523441, 52.264061, 55.414955> 0.100000
	pigment { color rgbt <1,0,0,0> }
	no_shadow
}
sphere {
	0, 1
	scale<0.080000,0.200000,0.300000>
	matrix <0.839153, 0.543854, -0.006798,
		0.439270, -0.685047, -0.581166,
