// switches for output
#declare DRAW_BASES = 1; // possible values are 0, 1; only relevant for DNA ribbons
#declare DRAW_BASES_TYPE = 3; // possible values are 1, 2, 3; only relevant for DNA ribbons
#declare DRAW_FOG = 0; // set to 1 to enable fog

#include "colors.inc"

#include "transforms.inc"
background { rgb <1, 1, 1>}

#default {
   normal{
       ripples 0.25
       frequency 0.20
       turbulence 0.2
       lambda 5
   }
	finish {
		phong 0.1
		phong_size 40.
	}
}

// original window dimensions: 1024x640


// camera settings

camera {
	sky <-0, 1, 0>
	up <-0, 1, 0>
	right 1.6 * <0.99995, 0, 0.00999983>
	location <54.4867, 55, 106.329>
	look_at <55, 55, 55.0001>
	direction <0.513302, 0, -51.3289>
	angle 67.0682
}


# declare cpy_camera_pos = <54.4867, 55, 106.329>;
# if (DRAW_FOG = 1)
fog {
	fog_type 2
	up vnormalize(cpy_camera_pos)
	color rgbt<1,1,1,0.3>
	distance 1e-5
	fog_alt 3e-3
	fog_offset 88
}
# end


// LIGHTS

# declare lum = 6;
global_settings {
	ambient_light rgb lum * <0.05, 0.05, 0.05>
	max_trace_level 15
}# declare cpy_direct_light_amount = 0.25;
light_source
{	1000 * <-0.98995, -1, 1.00995>,
	rgb lum * cpy_direct_light_amount
	parallel
}

light_source
{	1000 * <0.98995, 1, -1.00995>,
	rgb lum * cpy_direct_light_amount
	parallel
}

// strand 0

// nucleotide -1

// particle -1
sphere {
	<36.168537, 52.697781, 50.098438> 0.250000
	pigment { color rgbt <1,0,0,0> }
	no_shadow
}
cylinder {
	<36.239239, 52.304577, 50.118202>,  <36.281662, 52.068653, 50.130062>, 0.100000
	pigment { color rgbt <1,0,0,0> }
	no_shadow
}
cylinder {
	<36.239239, 52.304577, 50.118202>,  <36.168537, 52.697781, 50.098438>, 0.100000
	pigment { color rgbt <1,0,0,0> }
	no_shadow
}

// particle -1
sphere {
	<36.239239, 52.304577, 50.118202> 0.100000
	pigment { color rgbt <1,0,0,0> }
	no_shadow
}
sphere {
	0, 1
	scale<0.080000,0.200000,0.300000>
	matrix <0.918139, 0.182766, 0.351592,
		-0.354650, -0.016779, 0.934848,
		0.176758, -0.983013, 0.049413,
		36.292267, 52.009674, 50.133026>
	pigment { color rgbt <0,1,1,0> }
	no_shadow
}
cylinder {
	<36.261017, 52.358013, 50.826038>,  <36.168537, 52.697781, 50.098438>, 0.130000
	pigment { color rgbt <1,0,0,0> }
	no_shadow
}

// nucleotide -1

// particle -1
sphere {
	<36.261017, 52.358013, 50.826038> 0.250000
	pigment { color rgbt <1,0,0,0> }
	no_shadow
}
cylinder {
	<36.477982, 52.218964, 50.520111>,  <36.608162, 52.135536, 50.336555>, 0.100000
	pigment { color rgbt <1,0,0,0> }
	no_shadow
}
cylinder {
	<36.477982, 52.218964, 50.520111>,  <36.261017, 52.358013, 50.826038>, 0.100000
	pigment { color rgbt <1,0,0,0> }
	no_shadow
}

// particle -1
sphere {
	<36.477982, 52.218964, 50.520111> 0.100000
	pigment { color rgbt <1,0,0,0> }
	no_shadow
}
sphere {
	0, 1
	scale<0.080000,0.200000,0.300000>
	matrix <0.813368, 0.445172, 0.374504,
		0.210291, -0.825217, 0.524209,
		0.542410, -0.347620, -0.764821,
		36.640705, 52.114677, 50.290665>
	pigment { color rgbt <0,1,1,0> }
	no_shadow
}
cylinder {
	<36.654404, 52.145542, 51.397087>,  <36.261017, 52.358013, 50.826038>, 0.130000
	pigment { color rgbt <1,0,0,0> }
	no_shadow
}

// nucleotide -1

// particle -1
sphere {
	<36.654404, 52.145542, 51.397087> 0.250000
	pigment { color rgbt <1,0,0,0> }
	no_shadow
}
cylinder {
	<36.570717, 52.179943, 51.786720>,  <36.520504, 52.200584, 52.020500>, 0.100000
	pigment { color rgbt <1,0,0,0> }
	no_shadow
}
cylinder {
	<36.570717, 52.179943, 51.786720>,  <36.654404, 52.145542, 51.397087>, 0.100000
	pigment { color rgbt <1,0,0,0> }
	no_shadow
}

// particle -1
sphere {
	<36.570717, 52.179943, 51.786720> 0.100000
	pigment { color rgbt <1,0,0,0> }
	no_shadow
}
sphere {
	0, 1
	scale<0.080000,0.200000,0.300000>
	matrix <0.872057, -0.434285, 0.225642,
		0.442434, 0.896661, 0.015861,
		-0.209213, 0.086000, 0.974081,
		36.507954, 52.205742, 52.078945>
	pigment { color rgbt <0,1,1,0> }
	no_shadow
}
cylinder {
	<37.196564, 52.570065, 51.800587>,  <36.654404, 52.145542, 51.397087>, 0.130000
	pigment { color rgbt <1,0,0,0> }
	no_shadow
}

// nucleotide -1

// particle -1
sphere {
	<37.196564, 52.570065, 51.800587> 0.250000
	pigment { color rgbt <1,0,0,0> }
	no_shadow
}
cylinder {
	<37.041443, 52.282574, 52.031425>,  <36.948368, 52.110081, 52.169930>, 0.100000
	pigment { color rgbt <1,0,0,0> }
	no_shadow
}
cylinder {
	<37.041443, 52.282574, 52.031425>,  <37.196564, 52.570065, 51.800587>, 0.100000
	pigment { color rgbt <1,0,0,0> }
	no_shadow
}

// particle -1
sphere {
	<37.041443, 52.282574, 52.031425> 0.100000
	pigment { color rgbt <1,0,0,0> }
	no_shadow
}
sphere {
	0, 1
	scale<0.080000,0.200000,0.300000>
	matrix <0.911010, -0.203607, 0.358616,
		-0.140245, 0.664816, 0.733724,
		-0.387805, -0.718724, 0.577099,
		36.925102, 52.066956, 52.204556>
	pigment { color rgbt <0,1,1,0> }
	no_shadow
}
cylinder {
	<37.404186, 52.706383, 52.489475>,  <37.196564, 52.570065, 51.800587>, 0.130000
	pigment { color rgbt <1,0,0,0> }
	no_shadow
}

// nucleotide -1

// particle -1
sphere {
	<37.404186, 52.706383, 52.489475> 0.250000
	pigment { color rgbt <1,0,0,0> }
	no_shadow
}
cylinder {
	<37.333767, 52.315704, 52.440369>,  <37.291515, 52.081299, 52.410904>, 0.100000
	pigment { color rgbt <1,0,0,0> }
	no_shadow
}
cylinder {
	<37.333767, 52.315704, 52.440369>,  <37.404186, 52.706383, 52.489475>, 0.100000
	pigment { color rgbt <1,0,0,0> }
	no_shadow
}

// particle -1
sphere {
	<37.333767, 52.315704, 52.440369> 0.100000
	pigment { color rgbt <1,0,0,0> }
	no_shadow
}
sphere {
	0, 1
	scale<0.080000,0.200000,0.300000>
	matrix <0.936742, -0.204551, 0.284031,
		-0.302524, -0.064998, 0.950923,
		-0.176051, -0.976696, -0.122768,
		37.280952, 52.022697, 52.403538>
	pigment { color rgbt <0,1,1,0> }
	no_shadow
}
cylinder {
	<37.371910, 52.315655, 53.065948>,  <37.404186, 52.706383, 52.489475>, 0.130000
	pigment { color rgbt <1,0,0,0> }
	no_shadow
}

// nucleotide -1

// particle -1
sphere {
	<37.371910, 52.315655, 53.065948> 0.250000
	pigment { color rgbt <1,0,0,0> }
	no_shadow
}
cylinder {
	<37.508595, 52.125698, 52.741550>,  <37.590607, 52.011723, 52.546913>, 0.100000
	pigment { color rgbt <1,0,0,0> }
	no_shadow
}
cylinder {
	<37.508595, 52.125698, 52.741550>,  <37.371910, 52.315655, 53.065948>, 0.100000
	pigment { color rgbt <1,0,0,0> }
	no_shadow
}

// particle -1
sphere {
	<37.508595, 52.125698, 52.741550> 0.100000
	pigment { color rgbt <1,0,0,0> }
	no_shadow
}
sphere {
	0, 1
	scale<0.080000,0.200000,0.300000>
	matrix <0.935067, 0.258335, 0.242719,
		0.094241, -0.841271, 0.532336,
		0.341713, -0.474895, -0.810991,
		37.611107, 51.983231, 52.498253>
	pigment { color rgbt <0,1,1,0> }
	no_shadow
}
cylinder {
	<38.060543, 52.191311, 53.168453>,  <37.371910, 52.315655, 53.065948>, 0.130000
	pigment { color rgbt <1,0,0,0> }
	no_shadow
}

// nucleotide -1

// particle -1
sphere {
	<38.060543, 52.191311, 53.168453> 0.250000
	pigment { color rgbt <1,0,0,0> }
	no_shadow
}
cylinder {
	<38.048512, 52.194553, 52.768646>,  <38.041290, 52.196499, 52.528763>, 0.100000
	pigment { color rgbt <1,0,0,0> }
	no_shadow
}
cylinder {
	<38.048512, 52.194553, 52.768646>,  <38.060543, 52.191311, 53.168453>, 0.100000
	pigment { color rgbt <1,0,0,0> }
	no_shadow
}

// particle -1
sphere {
	<38.048512, 52.194553, 52.768646> 0.100000
	pigment { color rgbt <1,0,0,0> }
	no_shadow
}
sphere {
	0, 1
	scale<0.080000,0.200000,0.300000>
	matrix <0.953166, 0.301308, -0.026244,
		0.300949, -0.953493, -0.016785,
		-0.030081, 0.008101, -0.999515,
		38.039486, 52.196983, 52.468792>
	pigment { color rgbt <0,1,1,0> }
	no_shadow
}
cylinder {
	<38.582954, 51.784878, 53.004578>,  <38.060543, 52.191311, 53.168453>, 0.130000
	pigment { color rgbt <1,0,0,0> }
	no_shadow
}

// nucleotide -1

// particle -1
sphere {
	<38.582954, 51.784878, 53.004578> 0.250000
	pigment { color rgbt <1,0,0,0> }
	no_shadow
}
cylinder {
	<38.524628, 52.017998, 52.684807>,  <38.489632, 52.157871, 52.492947>, 0.100000
	pigment { color rgbt <1,0,0,0> }
	no_shadow
}
cylinder {
	<38.524628, 52.017998, 52.684807>,  <38.582954, 51.784878, 53.004578>, 0.100000
	pigment { color rgbt <1,0,0,0> }
	no_shadow
}

// particle -1
sphere {
	<38.524628, 52.017998, 52.684807> 0.100000
	pigment { color rgbt <1,0,0,0> }
	no_shadow
}
sphere {
	0, 1
	scale<0.080000,0.200000,0.300000>
	matrix <0.978019, 0.206664, -0.027726,
		0.149053, -0.785895, -0.600126,
		-0.145814, 0.582802, -0.799425,
		38.480885, 52.192837, 52.444981>
	pigment { color rgbt <0,1,1,0> }
	no_shadow
}
cylinder {
	<39.145073, 51.533306, 52.502853>,  <38.582954, 51.784878, 53.004578>, 0.130000
	pigment { color rgbt <1,0,0,0> }
	no_shadow
}

// nucleotide -1

// particle -1
sphere {
	<39.145073, 51.533306, 52.502853> 0.250000
	pigment { color rgbt <1,0,0,0> }
	no_shadow
}
cylinder {
	<39.072479, 51.908646, 52.385162>,  <39.028923, 52.133850, 52.314548>, 0.100000
	pigment { color rgbt <1,0,0,0> }
	no_shadow
}
cylinder {
	<39.072479, 51.908646, 52.385162>,  <39.145073, 51.533306, 52.502853>, 0.100000
	pigment { color rgbt <1,0,0,0> }
	no_shadow
}

// particle -1
sphere {
	<39.072479, 51.908646, 52.385162> 0.100000
	pigment { color rgbt <1,0,0,0> }
	no_shadow
}
sphere {
	0, 1
	scale<0.080000,0.200000,0.300000>
	matrix <0.981848, 0.189672, -0.000730,
		0.055121, -0.289017, -0.955736,
		-0.181487, 0.938346, -0.294226,
		39.018032, 52.190151, 52.296894>
	pigment { color rgbt <0,1,1,0> }
	no_shadow
}
cylinder {
	<39.408825, 51.838276, 51.738312>,  <39.145073, 51.533306, 52.502853>, 0.130000
	pigment { color rgbt <1,0,0,0> }
	no_shadow
}

// nucleotide -1

// particle -1
sphere {
	<39.408825, 51.838276, 51.738312> 0.250000
	pigment { color rgbt <1,0,0,0> }
	no_shadow
}
cylinder {
	<39.390156, 52.132053, 52.009136>,  <39.378956, 52.308319, 52.171631>, 0.100000
	pigment { color rgbt <1,0,0,0> }
	no_shadow
}
cylinder {
	<39.390156, 52.132053, 52.009136>,  <39.408825, 51.838276, 51.738312>, 0.100000
	pigment { color rgbt <1,0,0,0> }
	no_shadow
}

// particle -1
sphere {
	<39.390156, 52.132053, 52.009136> 0.100000
	pigment { color rgbt <1,0,0,0> }
	no_shadow
}
sphere {
	0, 1
	scale<0.080000,0.200000,0.300000>
	matrix <0.990346, 0.122587, -0.064710,
		-0.130525, 0.667502, -0.733079,
		-0.046672, 0.734448, 0.677058,
		39.376156, 52.352386, 52.212254>
	pigment { color rgbt <0,1,1,0> }
	no_shadow
}
cylinder {
	<39.711788, 52.524761, 51.577881>,  <39.408825, 51.838276, 51.738312>, 0.130000
	pigment { color rgbt <1,0,0,0> }
	no_shadow
}

// nucleotide -1

// particle -1
sphere {
	<39.711788, 52.524761, 51.577881> 0.250000
	pigment { color rgbt <1,0,0,0> }
	no_shadow
}
cylinder {
	<39.754475, 52.363365, 51.941376>,  <39.780087, 52.266529, 52.159473>, 0.100000
	pigment { color rgbt <1,0,0,0> }
	no_shadow
}
cylinder {
	<39.754475, 52.363365, 51.941376>,  <39.711788, 52.524761, 51.577881>, 0.100000
	pigment { color rgbt <1,0,0,0> }
	no_shadow
}

// particle -1
sphere {
	<39.754475, 52.363365, 51.941376> 0.100000
	pigment { color rgbt <1,0,0,0> }
	no_shadow
}
sphere {
	0, 1
	scale<0.080000,0.200000,0.300000>
	matrix <0.990619, 0.121608, -0.062334,
		-0.085360, 0.906868, 0.412678,
		0.106714, -0.403486, 0.908741,
		39.786488, 52.242321, 52.213997>
	pigment { color rgbt <0,1,1,0> }
	no_shadow
}
cylinder {
	<39.962997, 52.928272, 52.185802>,  <39.711788, 52.524761, 51.577881>, 0.130000
	pigment { color rgbt <1,0,0,0> }
	no_shadow
}

// nucleotide -1

// particle -1
sphere {
	<39.962997, 52.928272, 52.185802> 0.250000
	pigment { color rgbt <1,0,0,0> }
	no_shadow
}
cylinder {
	<40.097473, 52.553360, 52.222652>,  <40.178158, 52.328415, 52.244762>, 0.100000
	pigment { color rgbt <1,0,0,0> }
	no_shadow
}
cylinder {
	<40.097473, 52.553360, 52.222652>,  <39.962997, 52.928272, 52.185802>, 0.100000
	pigment { color rgbt <1,0,0,0> }
	no_shadow
}

// particle -1
sphere {
	<40.097473, 52.553360, 52.222652> 0.100000
	pigment { color rgbt <1,0,0,0> }
	no_shadow
}
sphere {
	0, 1
	scale<0.080000,0.200000,0.300000>
	matrix <0.941783, 0.335068, -0.027834,
		-0.004779, 0.096118, 0.995358,
		0.336188, -0.937278, 0.092124,
		40.198330, 52.272175, 52.250290>
	pigment { color rgbt <0,1,1,0> }
	no_shadow
}
cylinder {
	<40.433807, 52.971977, 52.691349>,  <39.962997, 52.928272, 52.185802>, 0.130000
	pigment { color rgbt <1,0,0,0> }
	no_shadow
}

// nucleotide -1

// particle -1
sphere {
	<40.433807, 52.971977, 52.691349> 0.250000
	pigment { color rgbt <1,0,0,0> }
	no_shadow
}
cylinder {
	<40.520733, 52.634201, 52.495514>,  <40.572887, 52.431538, 52.378014>, 0.100000
	pigment { color rgbt <1,0,0,0> }
	no_shadow
}
cylinder {
	<40.520733, 52.634201, 52.495514>,  <40.433807, 52.971977, 52.691349>, 0.100000
	pigment { color rgbt <1,0,0,0> }
	no_shadow
}

// particle -1
sphere {
	<40.520733, 52.634201, 52.495514> 0.100000
	pigment { color rgbt <1,0,0,0> }
	no_shadow
}
sphere {
	0, 1
	scale<0.080000,0.200000,0.300000>
	matrix <0.969927, 0.130492, 0.205459,
		-0.109609, -0.519518, 0.847400,
		0.217318, -0.844436, -0.489592,
		40.585930, 52.380871, 52.348637>
	pigment { color rgbt <0,1,1,0> }
	no_shadow
}
cylinder {
	<40.806873, 52.402409, 53.146248>,  <40.433807, 52.971977, 52.691349>, 0.130000
	pigment { color rgbt <1,0,0,0> }
	no_shadow
}

// nucleotide -1

// particle -1
sphere {
	<40.806873, 52.402409, 53.146248> 0.250000
	pigment { color rgbt <1,0,0,0> }
	no_shadow
}
cylinder {
	<40.910927, 52.366623, 52.761681>,  <40.973358, 52.345150, 52.530941>, 0.100000
	pigment { color rgbt <1,0,0,0> }
	no_shadow
}
cylinder {
	<40.910927, 52.366623, 52.761681>,  <40.806873, 52.402409, 53.146248>, 0.100000
	pigment { color rgbt <1,0,0,0> }
	no_shadow
}

// particle -1
sphere {
	<40.910927, 52.366623, 52.761681> 0.100000
	pigment { color rgbt <1,0,0,0> }
	no_shadow
}
sphere {
	0, 1
	scale<0.080000,0.200000,0.300000>
	matrix <0.962786, 0.099610, 0.251237,
		0.073290, -0.990996, 0.112048,
		0.260137, -0.089465, -0.961418,
		40.988968, 52.339783, 52.473255>
	pigment { color rgbt <0,1,1,0> }
	no_shadow
}
cylinder {
	<41.184330, 51.806461, 53.000370>,  <40.806873, 52.402409, 53.146248>, 0.130000
	pigment { color rgbt <1,0,0,0> }
	no_shadow
}

// nucleotide -1

// particle -1
sphere {
	<41.184330, 51.806461, 53.000370> 0.250000
	pigment { color rgbt <1,0,0,0> }
	no_shadow
}
cylinder {
	<41.282173, 52.105366, 52.753220>,  <41.340878, 52.284710, 52.604931>, 0.100000
	pigment { color rgbt <1,0,0,0> }
	no_shadow
}
cylinder {
	<41.282173, 52.105366, 52.753220>,  <41.184330, 51.806461, 53.000370>, 0.100000
	pigment { color rgbt <1,0,0,0> }
	no_shadow
}

// particle -1
sphere {
	<41.282173, 52.105366, 52.753220> 0.100000
	pigment { color rgbt <1,0,0,0> }
	no_shadow
}
sphere {
	0, 1
	scale<0.080000,0.200000,0.300000>
	matrix <0.957399, -0.085272, 0.275891,
		0.153476, -0.659035, -0.736286,
		0.244607, 0.747262, -0.617873,
		41.355556, 52.329544, 52.567860>
	pigment { color rgbt <0,1,1,0> }
	no_shadow
}
cylinder {
	<41.779930, 51.636215, 52.599762>,  <41.184330, 51.806461, 53.000370>, 0.130000
	pigment { color rgbt <1,0,0,0> }
	no_shadow
}

// nucleotide -1

// particle -1
sphere {
	<41.779930, 51.636215, 52.599762> 0.250000
	pigment { color rgbt <1,0,0,0> }
	no_shadow
}
cylinder {
	<41.738693, 52.023968, 52.688919>,  <41.713951, 52.256618, 52.742413>, 0.100000
	pigment { color rgbt <1,0,0,0> }
	no_shadow
}
cylinder {
	<41.738693, 52.023968, 52.688919>,  <41.779930, 51.636215, 52.599762>, 0.100000
	pigment { color rgbt <1,0,0,0> }
	no_shadow
}

// particle -1
sphere {
	<41.738693, 52.023968, 52.688919> 0.100000
	pigment { color rgbt <1,0,0,0> }
	no_shadow
}
sphere {
	0, 1
	scale<0.080000,0.200000,0.300000>
	matrix <0.887377, -0.011606, 0.460899,
		0.449372, 0.245303, -0.859006,
		-0.103090, 0.969377, 0.222892,
		41.707767, 52.314781, 52.755787>
	pigment { color rgbt <0,1,1,0> }
	no_shadow
}
cylinder {
	<42.331921, 51.980991, 52.299404>,  <41.779930, 51.636215, 52.599762>, 0.130000
	pigment { color rgbt <1,0,0,0> }
	no_shadow
}

// nucleotide -1

// particle -1
sphere {
	<42.331921, 51.980991, 52.299404> 0.250000
	pigment { color rgbt <1,0,0,0> }
	no_shadow
}
cylinder {
	<42.220638, 52.152428, 52.643242>,  <42.153870, 52.255291, 52.849545>, 0.100000
	pigment { color rgbt <1,0,0,0> }
	no_shadow
}
cylinder {
	<42.220638, 52.152428, 52.643242>,  <42.331921, 51.980991, 52.299404>, 0.100000
	pigment { color rgbt <1,0,0,0> }
	no_shadow
}

// particle -1
sphere {
	<42.220638, 52.152428, 52.643242> 0.100000
	pigment { color rgbt <1,0,0,0> }
	no_shadow
}
sphere {
	0, 1
	scale<0.080000,0.200000,0.300000>
	matrix <0.949619, -0.011729, 0.313186,
		0.144312, 0.903421, -0.403738,
		-0.278203, 0.428593, 0.859599,
		42.137177, 52.281006, 52.901123>
	pigment { color rgbt <0,1,1,0> }
	no_shadow
}
cylinder {
	<42.585915, 52.685890, 52.356518>,  <42.331921, 51.980991, 52.299404>, 0.130000
	pigment { color rgbt <1,0,0,0> }
	no_shadow
}

// nucleotide -1

// particle -1
sphere {
	<42.585915, 52.685890, 52.356518> 0.250000
	pigment { color rgbt <1,0,0,0> }
	no_shadow
}
cylinder {
	<42.533970, 52.478420, 52.694538>,  <42.502804, 52.353939, 52.897350>, 0.100000
	pigment { color rgbt <1,0,0,0> }
	no_shadow
}
cylinder {
	<42.533970, 52.478420, 52.694538>,  <42.585915, 52.685890, 52.356518>, 0.100000
	pigment { color rgbt <1,0,0,0> }
	no_shadow
}

// particle -1
sphere {
	<42.533970, 52.478420, 52.694538> 0.100000
	pigment { color rgbt <1,0,0,0> }
	no_shadow
}
sphere {
	0, 1
	scale<0.080000,0.200000,0.300000>
	matrix <0.978867, 0.068719, 0.192608,
		-0.157972, 0.852207, 0.498787,
		-0.129865, -0.518673, 0.845052,
		42.495010, 52.322819, 52.948055>
	pigment { color rgbt <0,1,1,0> }
	no_shadow
}
cylinder {
	<43.410217, 52.660027, 52.197559>,  <42.585915, 52.685890, 52.356518>, 0.130000
	pigment { color rgbt <1,0,0,0> }
	no_shadow
}

// nucleotide -1

// particle -1
sphere {
	<43.410217, 52.660027, 52.197559> 0.250000
	pigment { color rgbt <1,0,0,0> }
	no_shadow
}
cylinder {
	<43.186501, 52.329376, 52.222492>,  <43.052273, 52.130985, 52.237450>, 0.100000
	pigment { color rgbt <1,0,0,0> }
	no_shadow
}
cylinder {
	<43.186501, 52.329376, 52.222492>,  <43.410217, 52.660027, 52.197559>, 0.100000
	pigment { color rgbt <1,0,0,0> }
	no_shadow
}

// particle -1
sphere {
	<43.186501, 52.329376, 52.222492> 0.100000
	pigment { color rgbt <1,0,0,0> }
	no_shadow
}
sphere {
	0, 1
	scale<0.080000,0.200000,0.300000>
	matrix <-0.812643, 0.531869, -0.238173,
		0.163730, -0.183859, -0.969221,
		-0.559289, -0.826627, 0.062329,
		43.018715, 52.081387, 52.241192>
	pigment { color rgbt <0,1,1,0> }
	no_shadow
}
cylinder {
	<43.790073, 52.740322, 52.884708>,  <43.410217, 52.660027, 52.197559>, 0.130000
	pigment { color rgbt <1,0,0,0> }
	no_shadow
}

// nucleotide -1

// particle -1
sphere {
	<43.790073, 52.740322, 52.884708> 0.250000
	pigment { color rgbt <1,0,0,0> }
	no_shadow
}
cylinder {
	<43.942814, 52.599236, 53.226418>,  <44.034458, 52.514584, 53.431442>, 0.100000
	pigment { color rgbt <1,0,0,0> }
	no_shadow
}
cylinder {
	<43.942814, 52.599236, 53.226418>,  <43.790073, 52.740322, 52.884708>, 0.100000
	pigment { color rgbt <1,0,0,0> }
	no_shadow
}

// particle -1
sphere {
	<43.942814, 52.599236, 53.226418> 0.100000
	pigment { color rgbt <1,0,0,0> }
	no_shadow
}
sphere {
	0, 1
	scale<0.080000,0.200000,0.300000>
	matrix <0.855839, 0.483878, -0.182760,
		-0.348901, 0.800906, 0.486639,
		0.381848, -0.352720, 0.854272,
		44.057369, 52.493420, 53.482700>
	pigment { color rgbt <0,1,1,0> }
	no_shadow
}
cylinder {
	<43.993809, 53.338356, 53.212929>,  <43.790073, 52.740322, 52.884708>, 0.130000
	pigment { color rgbt <1,0,0,0> }
	no_shadow
}

// nucleotide -1

// particle -1
sphere {
	<43.993809, 53.338356, 53.212929> 0.250000
	pigment { color rgbt <1,0,0,0> }
	no_shadow
}
cylinder {
	<44.209911, 53.019047, 53.319420>,  <44.339573, 52.827461, 53.383316>, 0.100000
	pigment { color rgbt <1,0,0,0> }
	no_shadow
}
cylinder {
	<44.209911, 53.019047, 53.319420>,  <43.993809, 53.338356, 53.212929>, 0.100000
	pigment { color rgbt <1,0,0,0> }
	no_shadow
}

// particle -1
sphere {
	<44.209911, 53.019047, 53.319420> 0.100000
	pigment { color rgbt <1,0,0,0> }
	no_shadow
}
sphere {
	0, 1
	scale<0.080000,0.200000,0.300000>
	matrix <0.834798, 0.468585, -0.289033,
		0.105976, 0.378402, 0.919555,
		0.540260, -0.798273, 0.266230,
		44.371990, 52.779564, 53.399288>
	pigment { color rgbt <0,1,1,0> }
	no_shadow
}
cylinder {
	<44.545467, 53.370705, 53.777313>,  <43.993809, 53.338356, 53.212929>, 0.130000
	pigment { color rgbt <1,0,0,0> }
	no_shadow
}

// nucleotide -1

// particle -1
sphere {
	<44.545467, 53.370705, 53.777313> 0.250000
	pigment { color rgbt <1,0,0,0> }
	no_shadow
}
cylinder {
	<44.714733, 53.069046, 53.576439>,  <44.816292, 52.888050, 53.455914>, 0.100000
	pigment { color rgbt <1,0,0,0> }
	no_shadow
}
cylinder {
	<44.714733, 53.069046, 53.576439>,  <44.545467, 53.370705, 53.777313>, 0.100000
	pigment { color rgbt <1,0,0,0> }
	no_shadow
}

// particle -1
sphere {
	<44.714733, 53.069046, 53.576439> 0.100000
	pigment { color rgbt <1,0,0,0> }
	no_shadow
}
sphere {
	0, 1
	scale<0.080000,0.200000,0.300000>
	matrix <0.888357, 0.454347, 0.066262,
		0.178193, -0.474157, 0.862219,
		0.423165, -0.754151, -0.502183,
		44.841682, 52.842800, 53.425785>
	pigment { color rgbt <0,1,1,0> }
	no_shadow
}
cylinder {
	<45.084270, 53.009567, 54.196274>,  <44.545467, 53.370705, 53.777313>, 0.130000
	pigment { color rgbt <1,0,0,0> }
	no_shadow
}

// nucleotide -1

// particle -1
sphere {
	<45.084270, 53.009567, 54.196274> 0.250000
	pigment { color rgbt <1,0,0,0> }
	no_shadow
}
cylinder {
	<45.142780, 53.046753, 53.802326>,  <45.177887, 53.069065, 53.565960>, 0.100000
	pigment { color rgbt <1,0,0,0> }
	no_shadow
}
cylinder {
	<45.142780, 53.046753, 53.802326>,  <45.084270, 53.009567, 54.196274>, 0.100000
	pigment { color rgbt <1,0,0,0> }
	no_shadow
}

// particle -1
sphere {
	<45.142780, 53.046753, 53.802326> 0.100000
	pigment { color rgbt <1,0,0,0> }
	no_shadow
}
sphere {
	0, 1
	scale<0.080000,0.200000,0.300000>
	matrix <0.834926, 0.522362, 0.173312,
		0.530568, -0.847641, -0.001211,
		0.146273, 0.092965, -0.984866,
		45.186661, 53.074642, 53.506866>
	pigment { color rgbt <0,1,1,0> }
	no_shadow
}
cylinder {
	<45.772049, 53.222504, 54.002960>,  <45.084270, 53.009567, 54.196274>, 0.130000
	pigment { color rgbt <1,0,0,0> }
	no_shadow
}

// nucleotide -1

// particle -1
sphere {
	<45.772049, 53.222504, 54.002960> 0.250000
	pigment { color rgbt <1,0,0,0> }
	no_shadow
}
cylinder {
	<45.604206, 53.315102, 53.651886>,  <45.503498, 53.370663, 53.441242>, 0.100000
	pigment { color rgbt <1,0,0,0> }
	no_shadow
}
cylinder {
	<45.604206, 53.315102, 53.651886>,  <45.772049, 53.222504, 54.002960>, 0.100000
	pigment { color rgbt <1,0,0,0> }
	no_shadow
}

// particle -1
sphere {
	<45.604206, 53.315102, 53.651886> 0.100000
	pigment { color rgbt <1,0,0,0> }
	no_shadow
}
sphere {
	0, 1
	scale<0.080000,0.200000,0.300000>
	matrix <0.798720, 0.553552, -0.235853,
		0.431246, -0.799993, -0.417180,
		-0.419612, 0.231499, -0.877687,
		45.478321, 53.384552, 53.388580>
	pigment { color rgbt <0,1,1,0> }
	no_shadow
}
cylinder {
	<46.001575, 52.990276, 53.213577>,  <45.772049, 53.222504, 54.002960>, 0.130000
	pigment { color rgbt <1,0,0,0> }
	no_shadow
}

// nucleotide -1

// particle -1
sphere {
	<46.001575, 52.990276, 53.213577> 0.250000
	pigment { color rgbt <1,0,0,0> }
	no_shadow
}
cylinder {
	<45.854374, 53.359119, 53.261387>,  <45.766052, 53.580425, 53.290073>, 0.100000
	pigment { color rgbt <1,0,0,0> }
	no_shadow
}
cylinder {
	<45.854374, 53.359119, 53.261387>,  <46.001575, 52.990276, 53.213577>, 0.100000
	pigment { color rgbt <1,0,0,0> }
	no_shadow
}

// particle -1
sphere {
	<45.854374, 53.359119, 53.261387> 0.100000
	pigment { color rgbt <1,0,0,0> }
	no_shadow
}
sphere {
	0, 1
	scale<0.080000,0.200000,0.300000>
	matrix <0.921279, 0.378984, -0.087265,
		-0.125764, 0.077997, -0.988989,
		-0.368005, 0.922110, 0.119520,
		45.743973, 53.635754, 53.297241>
	pigment { color rgbt <0,1,1,0> }
	no_shadow
}
cylinder {
	<46.213501, 53.402611, 52.686329>,  <46.001575, 52.990276, 53.213577>, 0.130000
	pigment { color rgbt <1,0,0,0> }
	no_shadow
}

// nucleotide -1

// particle -1
sphere {
	<46.213501, 53.402611, 52.686329> 0.250000
	pigment { color rgbt <1,0,0,0> }
	no_shadow
}
cylinder {
	<46.128433, 53.674721, 52.966896>,  <46.077393, 53.837986, 53.135239>, 0.100000
	pigment { color rgbt <1,0,0,0> }
	no_shadow
}
cylinder {
	<46.128433, 53.674721, 52.966896>,  <46.213501, 53.402611, 52.686329>, 0.100000
	pigment { color rgbt <1,0,0,0> }
	no_shadow
}

// particle -1
sphere {
	<46.128433, 53.674721, 52.966896> 0.100000
	pigment { color rgbt <1,0,0,0> }
	no_shadow
}
sphere {
	0, 1
	scale<0.080000,0.200000,0.300000>
	matrix <0.878407, 0.447524, -0.167699,
		-0.427985, 0.580468, -0.692738,
		-0.212673, 0.680279, 0.701421,
		46.064632, 53.878803, 53.177322>
	pigment { color rgbt <0,1,1,0> }
	no_shadow
}
cylinder {
	<46.500877, 54.014771, 52.502617>,  <46.213501, 53.402611, 52.686329>, 0.130000
	pigment { color rgbt <1,0,0,0> }
	no_shadow
}

// nucleotide -1

// particle -1
sphere {
	<46.500877, 54.014771, 52.502617> 0.250000
	pigment { color rgbt <1,0,0,0> }
	no_shadow
}
cylinder {
	<46.437851, 54.064064, 52.894531>,  <46.400036, 54.093639, 53.129681>, 0.100000
	pigment { color rgbt <1,0,0,0> }
	no_shadow
}
cylinder {
	<46.437851, 54.064064, 52.894531>,  <46.500877, 54.014771, 52.502617>, 0.100000
	pigment { color rgbt <1,0,0,0> }
	no_shadow
}

// particle -1
sphere {
	<46.437851, 54.064064, 52.894531> 0.100000
	pigment { color rgbt <1,0,0,0> }
	no_shadow
}
sphere {
	0, 1
	scale<0.080000,0.200000,0.300000>
	matrix <0.909761, 0.403999, 0.095493,
		-0.384066, 0.906421, -0.175769,
		-0.157568, 0.123232, 0.979789,
		46.390579, 54.101032, 53.188469>
	pigment { color rgbt <0,1,1,0> }
	no_shadow
}
cylinder {
	<46.914639, 54.705616, 52.735859>,  <46.500877, 54.014771, 52.502617>, 0.130000
	pigment { color rgbt <1,0,0,0> }
	no_shadow
}

// nucleotide -1

// particle -1
sphere {
	<46.914639, 54.705616, 52.735859> 0.250000
	pigment { color rgbt <1,0,0,0> }
	no_shadow
}
cylinder {
	<46.822365, 54.477345, 53.051102>,  <46.767002, 54.340382, 53.240246>, 0.100000
	pigment { color rgbt <1,0,0,0> }
	no_shadow
}
cylinder {
	<46.822365, 54.477345, 53.051102>,  <46.914639, 54.705616, 52.735859>, 0.100000
	pigment { color rgbt <1,0,0,0> }
	no_shadow
}

// particle -1
sphere {
	<46.822365, 54.477345, 53.051102> 0.100000
	pigment { color rgbt <1,0,0,0> }
	no_shadow
}
sphere {
	0, 1
	scale<0.080000,0.200000,0.300000>
	matrix <0.800303, 0.349410, 0.487266,
		-0.553445, 0.743125, 0.376116,
		-0.230681, -0.570681, 0.788105,
		46.753162, 54.306141, 53.287533>
	pigment { color rgbt <0,1,1,0> }
	no_shadow
}
cylinder {
	<46.848263, 55.094025, 53.392380>,  <46.914639, 54.705616, 52.735859>, 0.130000
	pigment { color rgbt <1,0,0,0> }
	no_shadow
}

// nucleotide -1

// particle -1
sphere {
	<46.848263, 55.094025, 53.392380> 0.250000
	pigment { color rgbt <1,0,0,0> }
	no_shadow
}
cylinder {
	<46.966911, 54.724171, 53.487930>,  <47.038101, 54.502258, 53.545261>, 0.100000
	pigment { color rgbt <1,0,0,0> }
	no_shadow
}
cylinder {
	<46.966911, 54.724171, 53.487930>,  <46.848263, 55.094025, 53.392380>, 0.100000
	pigment { color rgbt <1,0,0,0> }
	no_shadow
}

// particle -1
sphere {
	<46.966911, 54.724171, 53.487930> 0.100000
	pigment { color rgbt <1,0,0,0> }
	no_shadow
}
sphere {
	0, 1
	scale<0.080000,0.200000,0.300000>
	matrix <0.777657, 0.379050, 0.501568,
		-0.554313, 0.036984, 0.831486,
		0.296625, -0.924637, 0.238874,
		47.055901, 54.446781, 53.559593>
	pigment { color rgbt <0,1,1,0> }
	no_shadow
}
cylinder {
	<47.213177, 55.104881, 54.108044>,  <46.848263, 55.094025, 53.392380>, 0.130000
	pigment { color rgbt <1,0,0,0> }
	no_shadow
}

// nucleotide -1

// particle -1
sphere {
	<47.213177, 55.104881, 54.108044> 0.250000
	pigment { color rgbt <1,0,0,0> }
	no_shadow
}
cylinder {
	<47.342545, 54.770748, 53.930222>,  <47.420166, 54.570271, 53.823528>, 0.100000
	pigment { color rgbt <1,0,0,0> }
	no_shadow
}
cylinder {
	<47.342545, 54.770748, 53.930222>,  <47.213177, 55.104881, 54.108044>, 0.100000
	pigment { color rgbt <1,0,0,0> }
	no_shadow
}

// particle -1
sphere {
	<47.342545, 54.770748, 53.930222> 0.100000
	pigment { color rgbt <1,0,0,0> }
	no_shadow
}
sphere {
	0, 1
	scale<0.080000,0.200000,0.300000>
	matrix <0.921076, 0.170250, 0.350192,
		-0.216840, -0.522725, 0.824463,
		0.323419, -0.835328, -0.444552,
		47.439571, 54.520149, 53.796856>
	pigment { color rgbt <0,1,1,0> }
	no_shadow
}
cylinder {
	<47.461361, 54.583214, 54.658401>,  <47.213177, 55.104881, 54.108044>, 0.130000
	pigment { color rgbt <1,0,0,0> }
	no_shadow
}

// nucleotide -1

// particle -1
sphere {
	<47.461361, 54.583214, 54.658401> 0.250000
	pigment { color rgbt <1,0,0,0> }
	no_shadow
}
cylinder {
	<47.631512, 54.570602, 54.296616>,  <47.733604, 54.563038, 54.079544>, 0.100000
	pigment { color rgbt <1,0,0,0> }
	no_shadow
}
cylinder {
	<47.631512, 54.570602, 54.296616>,  <47.461361, 54.583214, 54.658401>, 0.100000
	pigment { color rgbt <1,0,0,0> }
	no_shadow
}

// particle -1
sphere {
	<47.631512, 54.570602, 54.296616> 0.100000
	pigment { color rgbt <1,0,0,0> }
	no_shadow
}
sphere {
	0, 1
	scale<0.080000,0.200000,0.300000>
	matrix <0.884161, 0.227780, 0.407893,
		0.193160, -0.973202, 0.124767,
		0.425382, -0.031526, -0.904465,
		47.759125, 54.561146, 54.025276>
	pigment { color rgbt <0,1,1,0> }
	no_shadow
}
cylinder {
	<48.170757, 54.213017, 54.786041>,  <47.461361, 54.583214, 54.658401>, 0.130000
	pigment { color rgbt <1,0,0,0> }
	no_shadow
}

// nucleotide -1

// particle -1
sphere {
	<48.170757, 54.213017, 54.786041> 0.250000
	pigment { color rgbt <1,0,0,0> }
	no_shadow
}
cylinder {
	<48.145439, 54.442173, 54.459167>,  <48.130249, 54.579666, 54.263042>, 0.100000
	pigment { color rgbt <1,0,0,0> }
	no_shadow
}
cylinder {
	<48.145439, 54.442173, 54.459167>,  <48.170757, 54.213017, 54.786041>, 0.100000
	pigment { color rgbt <1,0,0,0> }
	no_shadow
}

// particle -1
sphere {
	<48.145439, 54.442173, 54.459167> 0.100000
	pigment { color rgbt <1,0,0,0> }
	no_shadow
}
sphere {
	0, 1
	scale<0.080000,0.200000,0.300000>
	matrix <0.925718, 0.339640, 0.166408,
		0.372882, -0.745948, -0.551835,
		-0.063294, 0.572893, -0.817182,
		48.126450, 54.614040, 54.214012>
	pigment { color rgbt <0,1,1,0> }
	no_shadow
}
cylinder {
	<48.803604, 54.234966, 54.533104>,  <48.170757, 54.213017, 54.786041>, 0.130000
	pigment { color rgbt <1,0,0,0> }
	no_shadow
}

// nucleotide -1

// particle -1
sphere {
	<48.803604, 54.234966, 54.533104> 0.250000
	pigment { color rgbt <1,0,0,0> }
	no_shadow
}
cylinder {
	<48.647457, 54.515495, 54.294525>,  <48.553768, 54.683815, 54.151379>, 0.100000
	pigment { color rgbt <1,0,0,0> }
	no_shadow
}
cylinder {
	<48.647457, 54.515495, 54.294525>,  <48.803604, 54.234966, 54.533104>, 0.100000
	pigment { color rgbt <1,0,0,0> }
	no_shadow
}

// particle -1
sphere {
	<48.647457, 54.515495, 54.294525> 0.100000
	pigment { color rgbt <1,0,0,0> }
	no_shadow
}
sphere {
	0, 1
	scale<0.080000,0.200000,0.300000>
	matrix <0.899708, 0.428025, -0.085564,
		0.195287, -0.570031, -0.798078,
		-0.390371, 0.701327, -0.596449,
		48.530346, 54.725895, 54.115589>
	pigment { color rgbt <0,1,1,0> }
	no_shadow
}
cylinder {
	<49.385296, 54.329861, 54.078156>,  <48.803604, 54.234966, 54.533104>, 0.130000
	pigment { color rgbt <1,0,0,0> }
	no_shadow
}

// nucleotide -1

// particle -1
sphere {
	<49.385296, 54.329861, 54.078156> 0.250000
	pigment { color rgbt <1,0,0,0> }
	no_shadow
}
cylinder {
	<49.147552, 54.651466, 54.085037>,  <49.004906, 54.844429, 54.089169>, 0.100000
	pigment { color rgbt <1,0,0,0> }
	no_shadow
}
cylinder {
	<49.147552, 54.651466, 54.085037>,  <49.385296, 54.329861, 54.078156>, 0.100000
	pigment { color rgbt <1,0,0,0> }
	no_shadow
}

// particle -1
sphere {
	<49.147552, 54.651466, 54.085037> 0.100000
	pigment { color rgbt <1,0,0,0> }
	no_shadow
}
sphere {
	0, 1
	scale<0.080000,0.200000,0.300000>
	matrix <0.804198, 0.594193, 0.014170,
		0.001169, 0.022259, -0.999752,
		-0.594360, 0.804015, 0.017206,
		48.969246, 54.892670, 54.090199>
	pigment { color rgbt <0,1,1,0> }
	no_shadow
}
cylinder {
	<49.494717, 54.788666, 53.466431>,  <49.385296, 54.329861, 54.078156>, 0.130000
	pigment { color rgbt <1,0,0,0> }
	no_shadow
}

// nucleotide -1

// particle -1
sphere {
	<49.494717, 54.788666, 53.466431> 0.250000
	pigment { color rgbt <1,0,0,0> }
	no_shadow
}
cylinder {
	<49.352036, 54.981293, 53.786644>,  <49.266426, 55.096870, 53.978771>, 0.100000
	pigment { color rgbt <1,0,0,0> }
	no_shadow
}
cylinder {
	<49.352036, 54.981293, 53.786644>,  <49.494717, 54.788666, 53.466431>, 0.100000
	pigment { color rgbt <1,0,0,0> }
	no_shadow
}

// particle -1
sphere {
	<49.352036, 54.981293, 53.786644> 0.100000
	pigment { color rgbt <1,0,0,0> }
	no_shadow
}
sphere {
	0, 1
	scale<0.080000,0.200000,0.300000>
	matrix <0.888443, 0.439805, 0.131308,
		-0.288844, 0.758064, -0.584729,
		-0.356706, 0.481570, 0.800531,
		49.245022, 55.125763, 54.026802>
	pigment { color rgbt <0,1,1,0> }
	no_shadow
}
cylinder {
	<49.651646, 55.542419, 53.440582>,  <49.494717, 54.788666, 53.466431>, 0.130000
	pigment { color rgbt <1,0,0,0> }
	no_shadow
}

// nucleotide -1

// particle -1
sphere {
	<49.651646, 55.542419, 53.440582> 0.250000
	pigment { color rgbt <1,0,0,0> }
	no_shadow
}
cylinder {
	<49.579975, 55.448341, 53.822697>,  <49.536972, 55.391895, 54.051968>, 0.100000
	pigment { color rgbt <1,0,0,0> }
	no_shadow
}
cylinder {
	<49.579975, 55.448341, 53.822697>,  <49.651646, 55.542419, 53.440582>, 0.100000
	pigment { color rgbt <1,0,0,0> }
	no_shadow
}

// particle -1
sphere {
	<49.579975, 55.448341, 53.822697> 0.100000
	pigment { color rgbt <1,0,0,0> }
	no_shadow
}
sphere {
	0, 1
	scale<0.080000,0.200000,0.300000>
	matrix <0.964192, 0.150995, 0.218025,
		-0.195522, 0.960148, 0.199718,
		-0.179180, -0.235195, 0.955289,
		49.526222, 55.377781, 54.109283>
	pigment { color rgbt <0,1,1,0> }
	no_shadow
}
cylinder {
	<50.017052, 56.093990, 53.957432>,  <49.651646, 55.542419, 53.440582>, 0.130000
	pigment { color rgbt <1,0,0,0> }
	no_shadow
}

// nucleotide -1

// particle -1
sphere {
	<50.017052, 56.093990, 53.957432> 0.250000
	pigment { color rgbt <1,0,0,0> }
	no_shadow
}
cylinder {
	<49.977871, 55.725315, 54.107578>,  <49.954365, 55.504108, 54.197666>, 0.100000
	pigment { color rgbt <1,0,0,0> }
	no_shadow
}
cylinder {
	<49.977871, 55.725315, 54.107578>,  <50.017052, 56.093990, 53.957432>, 0.100000
	pigment { color rgbt <1,0,0,0> }
	no_shadow
}

// particle -1
sphere {
	<49.977871, 55.725315, 54.107578> 0.100000
	pigment { color rgbt <1,0,0,0> }
	no_shadow
}
sphere {
	0, 1
	scale<0.080000,0.200000,0.300000>
	matrix <0.949321, 0.026657, 0.313176,
		-0.298656, 0.387015, 0.872367,
		-0.097949, -0.921688, 0.375363,
		49.948486, 55.448811, 54.220188>
	pigment { color rgbt <0,1,1,0> }
	no_shadow
}
cylinder {
	<50.441250, 56.126915, 54.680843>,  <50.017052, 56.093990, 53.957432>, 0.130000
	pigment { color rgbt <1,0,0,0> }
	no_shadow
}

// nucleotide -1

// particle -1
sphere {
	<50.441250, 56.126915, 54.680843> 0.250000
	pigment { color rgbt <1,0,0,0> }
	no_shadow
}
cylinder {
	<50.401459, 55.757599, 54.532448>,  <50.377586, 55.536007, 54.443413>, 0.100000
	pigment { color rgbt <1,0,0,0> }
	no_shadow
}
cylinder {
	<50.401459, 55.757599, 54.532448>,  <50.441250, 56.126915, 54.680843>, 0.100000
	pigment { color rgbt <1,0,0,0> }
	no_shadow
}

// particle -1
sphere {
	<50.401459, 55.757599, 54.532448> 0.100000
	pigment { color rgbt <1,0,0,0> }
	no_shadow
}
sphere {
	0, 1
	scale<0.080000,0.200000,0.300000>
	matrix <0.824890, -0.285026, 0.488177,
		-0.556472, -0.257461, 0.789970,
		-0.099475, -0.923295, -0.370986,
		50.371616, 55.480610, 54.421150>
	pigment { color rgbt <0,1,1,0> }
	no_shadow
}
cylinder {
	<50.287567, 55.518822, 55.191013>,  <50.441250, 56.126915, 54.680843>, 0.130000
	pigment { color rgbt <1,0,0,0> }
	no_shadow
}

// nucleotide -1

// particle -1
sphere {
	<50.287567, 55.518822, 55.191013> 0.250000
	pigment { color rgbt <1,0,0,0> }
	no_shadow
}
cylinder {
	<50.468506, 55.356098, 54.873550>,  <50.577068, 55.258465, 54.683075>, 0.100000
	pigment { color rgbt <1,0,0,0> }
	no_shadow
}
cylinder {
	<50.468506, 55.356098, 54.873550>,  <50.287567, 55.518822, 55.191013>, 0.100000
	pigment { color rgbt <1,0,0,0> }
	no_shadow
}

// particle -1
sphere {
	<50.468506, 55.356098, 54.873550> 0.100000
	pigment { color rgbt <1,0,0,0> }
	no_shadow
}
sphere {
	0, 1
	scale<0.080000,0.200000,0.300000>
	matrix <0.708677, -0.376307, 0.596801,
		-0.541444, -0.832404, 0.118078,
		0.452346, -0.406813, -0.793654,
		50.604210, 55.234055, 54.635452>
	pigment { color rgbt <0,1,1,0> }
	no_shadow
}
cylinder {
	<50.519115, 54.795349, 55.379490>,  <50.287567, 55.518822, 55.191013>, 0.130000
	pigment { color rgbt <1,0,0,0> }
	no_shadow
}

// nucleotide -1

// particle -1
sphere {
	<50.519115, 54.795349, 55.379490> 0.250000
	pigment { color rgbt <1,0,0,0> }
	no_shadow
}
cylinder {
	<50.735012, 54.915703, 55.065002>,  <50.864552, 54.987915, 54.876308>, 0.100000
	pigment { color rgbt <1,0,0,0> }
	no_shadow
}
cylinder {
	<50.735012, 54.915703, 55.065002>,  <50.519115, 54.795349, 55.379490>, 0.100000
	pigment { color rgbt <1,0,0,0> }
	no_shadow
}

// particle -1
sphere {
	<50.735012, 54.915703, 55.065002> 0.100000
	pigment { color rgbt <1,0,0,0> }
	no_shadow
}
sphere {
	0, 1
	scale<0.080000,0.200000,0.300000>
	matrix <0.818336, -0.406628, 0.406177,
		-0.197489, -0.862626, -0.465698,
		0.539745, 0.300882, -0.786222,
		50.896935, 55.005966, 54.829136>
	pigment { color rgbt <0,1,1,0> }
	no_shadow
}
cylinder {
	<50.924152, 54.233337, 55.009064>,  <50.519115, 54.795349, 55.379490>, 0.130000
	pigment { color rgbt <1,0,0,0> }
	no_shadow
}

// nucleotide -1

// particle -1
sphere {
	<50.924152, 54.233337, 55.009064> 0.250000
	pigment { color rgbt <1,0,0,0> }
	no_shadow
}
cylinder {
	<51.102726, 54.591072, 54.997299>,  <51.209869, 54.805714, 54.990238>, 0.100000
	pigment { color rgbt <1,0,0,0> }
	no_shadow
}
cylinder {
	<51.102726, 54.591072, 54.997299>,  <50.924152, 54.233337, 55.009064>, 0.100000
	pigment { color rgbt <1,0,0,0> }
	no_shadow
}

// particle -1
sphere {
	<51.102726, 54.591072, 54.997299> 0.100000
	pigment { color rgbt <1,0,0,0> }
	no_shadow
}
sphere {
	0, 1
	scale<0.080000,0.200000,0.300000>
	matrix <0.696819, -0.326836, 0.638453,
		0.561377, -0.305520, -0.769099,
		0.446429, 0.894335, -0.029414,
		51.236656, 54.859371, 54.988476>
	pigment { color rgbt <0,1,1,0> }
	no_shadow
}
cylinder {
	<51.684784, 54.131199, 54.881889>,  <50.924152, 54.233337, 55.009064>, 0.130000
	pigment { color rgbt <1,0,0,0> }
	no_shadow
}

// nucleotide -1

// particle -1
sphere {
	<51.684784, 54.131199, 54.881889> 0.250000
	pigment { color rgbt <1,0,0,0> }
	no_shadow
}
cylinder {
	<51.608231, 54.465351, 55.087997>,  <51.562298, 54.665844, 55.211662>, 0.100000
	pigment { color rgbt <1,0,0,0> }
	no_shadow
}
cylinder {
	<51.608231, 54.465351, 55.087997>,  <51.684784, 54.131199, 54.881889>, 0.100000
	pigment { color rgbt <1,0,0,0> }
	no_shadow
}

// particle -1
sphere {
	<51.608231, 54.465351, 55.087997> 0.100000
	pigment { color rgbt <1,0,0,0> }
	no_shadow
}
sphere {
	0, 1
	scale<0.080000,0.200000,0.300000>
	matrix <0.626191, -0.300338, 0.719501,
		0.755816, 0.460360, -0.465630,
		-0.191383, 0.835383, 0.515274,
		51.550816, 54.715965, 55.242580>
	pigment { color rgbt <0,1,1,0> }
	no_shadow
}
cylinder {
	<52.324615, 54.189274, 55.274830>,  <51.684784, 54.131199, 54.881889>, 0.130000
	pigment { color rgbt <1,0,0,0> }
	no_shadow
}

// nucleotide -1

// particle -1
sphere {
	<52.324615, 54.189274, 55.274830> 0.250000
	pigment { color rgbt <1,0,0,0> }
	no_shadow
}
cylinder {
	<52.381489, 53.992100, 54.931480>,  <52.415615, 53.873795, 54.725471>, 0.100000
	pigment { color rgbt <1,0,0,0> }
	no_shadow
}
cylinder {
	<52.381489, 53.992100, 54.931480>,  <52.324615, 54.189274, 55.274830>, 0.100000
	pigment { color rgbt <1,0,0,0> }
	no_shadow
}

// particle -1
sphere {
	<52.381489, 53.992100, 54.931480> 0.100000
	pigment { color rgbt <1,0,0,0> }
	no_shadow
}
sphere {
	0, 1
	scale<0.080000,0.200000,0.300000>
	matrix <0.942563, -0.197374, 0.269477,
		-0.302254, -0.847385, 0.436556,
