// switches for output
#declare DRAW_BASES = 1; // possible values are 0, 1; only relevant for DNA ribbons
#declare DRAW_BASES_TYPE = 3; // possible values are 1, 2, 3; only relevant for DNA ribbons
#declare DRAW_FOG = 0; // set to 1 to enable fog

#include "colors.inc"

#include "transforms.inc"
background { rgb <1, 1, 1>}

#default {
   normal{
       ripples 0.25
       frequency 0.20
       turbulence 0.2
       lambda 5
   }
	finish {
		phong 0.1
		phong_size 40.
	}
}

// original window dimensions: 1024x640


// camera settings

camera {
	sky <-0, 1, 0>
	up <-0, 1, 0>
	right 1.6 * <0.99995, 0, 0.00999983>
	location <54.4867, 55, 106.329>
	look_at <55, 55, 55.0001>
	direction <0.513302, 0, -51.3289>
	angle 67.0682
}


# declare cpy_camera_pos = <54.4867, 55, 106.329>;
# if (DRAW_FOG = 1)
fog {
	fog_type 2
	up vnormalize(cpy_camera_pos)
	color rgbt<1,1,1,0.3>
	distance 1e-5
	fog_alt 3e-3
	fog_offset 88
}
# end


// LIGHTS

# declare lum = 6;
global_settings {
	ambient_light rgb lum * <0.05, 0.05, 0.05>
	max_trace_level 15
}# declare cpy_direct_light_amount = 0.25;
light_source
{	1000 * <-0.98995, -1, 1.00995>,
	rgb lum * cpy_direct_light_amount
	parallel
}

light_source
{	1000 * <0.98995, 1, -1.00995>,
	rgb lum * cpy_direct_light_amount
	parallel
}

// strand 0

// nucleotide -1

// particle -1
sphere {
	<36.553577, 52.834019, 50.059105> 0.250000
	pigment { color rgbt <1,0,0,0> }
	no_shadow
}
cylinder {
	<36.324448, 52.511318, 50.117104>,  <36.186970, 52.317696, 50.151901>, 0.100000
	pigment { color rgbt <1,0,0,0> }
	no_shadow
}
cylinder {
	<36.324448, 52.511318, 50.117104>,  <36.553577, 52.834019, 50.059105>, 0.100000
	pigment { color rgbt <1,0,0,0> }
	no_shadow
}

// particle -1
sphere {
	<36.324448, 52.511318, 50.117104> 0.100000
	pigment { color rgbt <1,0,0,0> }
	no_shadow
}
sphere {
	0, 1
	scale<0.080000,0.200000,0.300000>
	matrix <0.519711, -0.494257, -0.696858,
		0.633859, -0.323818, 0.702400,
		-0.572821, -0.806754, 0.144997,
		36.152603, 52.269291, 50.160603>
	pigment { color rgbt <0,1,1,0> }
	no_shadow
}
cylinder {
	<36.593174, 53.179127, 49.373020>,  <36.553577, 52.834019, 50.059105>, 0.130000
	pigment { color rgbt <1,0,0,0> }
	no_shadow
}

// nucleotide -1

// particle -1
sphere {
	<36.593174, 53.179127, 49.373020> 0.250000
	pigment { color rgbt <1,0,0,0> }
	no_shadow
}
cylinder {
	<36.394123, 52.849369, 49.265137>,  <36.274693, 52.651516, 49.200405>, 0.100000
	pigment { color rgbt <1,0,0,0> }
	no_shadow
}
cylinder {
	<36.394123, 52.849369, 49.265137>,  <36.593174, 53.179127, 49.373020>, 0.100000
	pigment { color rgbt <1,0,0,0> }
	no_shadow
}

// particle -1
sphere {
	<36.394123, 52.849369, 49.265137> 0.100000
	pigment { color rgbt <1,0,0,0> }
	no_shadow
}
sphere {
	0, 1
	scale<0.080000,0.200000,0.300000>
	matrix <0.167036, 0.214047, -0.962436,
		0.851157, -0.523984, 0.031188,
		-0.497626, -0.824393, -0.269712,
		36.244835, 52.602051, 49.184223>
	pigment { color rgbt <0,1,1,0> }
	no_shadow
}
cylinder {
	<37.095413, 52.652168, 48.970898>,  <36.593174, 53.179127, 49.373020>, 0.130000
	pigment { color rgbt <1,0,0,0> }
	no_shadow
}

// nucleotide -1

// particle -1
sphere {
	<37.095413, 52.652168, 48.970898> 0.250000
	pigment { color rgbt <1,0,0,0> }
	no_shadow
}
cylinder {
	<36.704853, 52.637161, 48.885826>,  <36.470516, 52.628155, 48.834782>, 0.100000
	pigment { color rgbt <1,0,0,0> }
	no_shadow
}
cylinder {
	<36.704853, 52.637161, 48.885826>,  <37.095413, 52.652168, 48.970898>, 0.100000
	pigment { color rgbt <1,0,0,0> }
	no_shadow
}

// particle -1
sphere {
	<36.704853, 52.637161, 48.885826> 0.100000
	pigment { color rgbt <1,0,0,0> }
	no_shadow
}
sphere {
	0, 1
	scale<0.080000,0.200000,0.300000>
	matrix <0.192786, 0.292406, -0.936660,
		0.097331, -0.955558, -0.278272,
		-0.976402, -0.037519, -0.212679,
		36.411934, 52.625904, 48.822021>
	pigment { color rgbt <0,1,1,0> }
	no_shadow
}
cylinder {
	<36.889515, 52.178810, 48.393627>,  <37.095413, 52.652168, 48.970898>, 0.130000
	pigment { color rgbt <1,0,0,0> }
	no_shadow
}

// nucleotide -1

// particle -1
sphere {
	<36.889515, 52.178810, 48.393627> 0.250000
	pigment { color rgbt <1,0,0,0> }
	no_shadow
}
cylinder {
	<36.661285, 52.507309, 48.392651>,  <36.524349, 52.704407, 48.392063>, 0.100000
	pigment { color rgbt <1,0,0,0> }
	no_shadow
}
cylinder {
	<36.661285, 52.507309, 48.392651>,  <36.889515, 52.178810, 48.393627>, 0.100000
	pigment { color rgbt <1,0,0,0> }
	no_shadow
}

// particle -1
sphere {
	<36.661285, 52.507309, 48.392651> 0.100000
	pigment { color rgbt <1,0,0,0> }
	no_shadow
}
sphere {
	0, 1
	scale<0.080000,0.200000,0.300000>
	matrix <0.328275, 0.225350, -0.917308,
		-0.752782, -0.524193, -0.398172,
		-0.570574, 0.821243, -0.002440,
		36.490112, 52.753681, 48.391918>
	pigment { color rgbt <0,1,1,0> }
	no_shadow
}
cylinder {
	<37.457108, 51.663345, 48.376408>,  <36.889515, 52.178810, 48.393627>, 0.130000
	pigment { color rgbt <1,0,0,0> }
	no_shadow
}

// nucleotide -1

// particle -1
sphere {
	<37.457108, 51.663345, 48.376408> 0.250000
	pigment { color rgbt <1,0,0,0> }
	no_shadow
}
cylinder {
	<37.400974, 51.565544, 47.992630>,  <37.367294, 51.506863, 47.762363>, 0.100000
	pigment { color rgbt <1,0,0,0> }
	no_shadow
}
cylinder {
	<37.400974, 51.565544, 47.992630>,  <37.457108, 51.663345, 48.376408>, 0.100000
	pigment { color rgbt <1,0,0,0> }
	no_shadow
}

// particle -1
sphere {
	<37.400974, 51.565544, 47.992630> 0.100000
	pigment { color rgbt <1,0,0,0> }
	no_shadow
}
sphere {
	0, 1
	scale<0.080000,0.200000,0.300000>
	matrix <0.226084, 0.935515, -0.271473,
		0.963947, -0.255010, -0.076004,
		-0.140331, -0.244503, -0.959440,
		37.358875, 51.492195, 47.704800>
	pigment { color rgbt <0,1,1,0> }
	no_shadow
}
cylinder {
	<37.979958, 51.917503, 47.970848>,  <37.457108, 51.663345, 48.376408>, 0.130000
	pigment { color rgbt <1,0,0,0> }
	no_shadow
}

// nucleotide -1

// particle -1
sphere {
	<37.979958, 51.917503, 47.970848> 0.250000
	pigment { color rgbt <1,0,0,0> }
	no_shadow
}
cylinder {
	<37.634800, 51.910355, 47.768822>,  <37.427704, 51.906067, 47.647606>, 0.100000
	pigment { color rgbt <1,0,0,0> }
	no_shadow
}
cylinder {
	<37.634800, 51.910355, 47.768822>,  <37.979958, 51.917503, 47.970848>, 0.100000
	pigment { color rgbt <1,0,0,0> }
	no_shadow
}

// particle -1
sphere {
	<37.634800, 51.910355, 47.768822> 0.100000
	pigment { color rgbt <1,0,0,0> }
	no_shadow
}
sphere {
	0, 1
	scale<0.080000,0.200000,0.300000>
	matrix <0.238176, 0.867054, -0.437595,
		0.445736, -0.497894, -0.743922,
		-0.862897, -0.017868, -0.505064,
		37.375931, 51.904995, 47.617302>
	pigment { color rgbt <0,1,1,0> }
	no_shadow
}
cylinder {
	<38.522678, 51.715168, 48.485413>,  <37.979958, 51.917503, 47.970848>, 0.130000
	pigment { color rgbt <1,0,0,0> }
	no_shadow
}

// nucleotide -1

// particle -1
sphere {
	<38.522678, 51.715168, 48.485413> 0.250000
	pigment { color rgbt <1,0,0,0> }
	no_shadow
}
cylinder {
	<38.885784, 51.548542, 48.465672>,  <39.103649, 51.448566, 48.453827>, 0.100000
	pigment { color rgbt <1,0,0,0> }
	no_shadow
}
cylinder {
	<38.885784, 51.548542, 48.465672>,  <38.522678, 51.715168, 48.485413>, 0.100000
	pigment { color rgbt <1,0,0,0> }
	no_shadow
}

// particle -1
sphere {
	<38.885784, 51.548542, 48.465672> 0.100000
	pigment { color rgbt <1,0,0,0> }
	no_shadow
}
sphere {
	0, 1
	scale<0.080000,0.200000,0.300000>
	matrix <0.288890, 0.535525, 0.793571,
		-0.304149, -0.734632, 0.606473,
		0.907764, -0.416568, -0.049348,
		39.158112, 51.423573, 48.450867>
	pigment { color rgbt <0,1,1,0> }
	no_shadow
}
cylinder {
	<38.754654, 51.869713, 49.186924>,  <38.522678, 51.715168, 48.485413>, 0.130000
	pigment { color rgbt <1,0,0,0> }
	no_shadow
}

// nucleotide -1

// particle -1
sphere {
	<38.754654, 51.869713, 49.186924> 0.250000
	pigment { color rgbt <1,0,0,0> }
	no_shadow
}
cylinder {
	<39.090988, 51.772274, 48.993568>,  <39.292789, 51.713810, 48.877556>, 0.100000
	pigment { color rgbt <1,0,0,0> }
	no_shadow
}
cylinder {
	<39.090988, 51.772274, 48.993568>,  <38.754654, 51.869713, 49.186924>, 0.100000
	pigment { color rgbt <1,0,0,0> }
	no_shadow
}

// particle -1
sphere {
	<39.090988, 51.772274, 48.993568> 0.100000
	pigment { color rgbt <1,0,0,0> }
	no_shadow
}
sphere {
	0, 1
	scale<0.080000,0.200000,0.300000>
	matrix <0.527880, 0.566592, 0.632706,
		0.119758, -0.787169, 0.604998,
		0.840834, -0.243595, -0.483384,
		39.343239, 51.699196, 48.848553>
	pigment { color rgbt <0,1,1,0> }
	no_shadow
}
cylinder {
	<39.235950, 51.786102, 49.794117>,  <38.754654, 51.869713, 49.186924>, 0.130000
	pigment { color rgbt <1,0,0,0> }
	no_shadow
}

// nucleotide -1

// particle -1
sphere {
	<39.235950, 51.786102, 49.794117> 0.250000
	pigment { color rgbt <1,0,0,0> }
	no_shadow
}
cylinder {
	<39.402382, 51.843742, 49.434982>,  <39.502243, 51.878326, 49.219501>, 0.100000
	pigment { color rgbt <1,0,0,0> }
	no_shadow
}
cylinder {
	<39.402382, 51.843742, 49.434982>,  <39.235950, 51.786102, 49.794117>, 0.100000
	pigment { color rgbt <1,0,0,0> }
	no_shadow
}

// particle -1
sphere {
	<39.402382, 51.843742, 49.434982> 0.100000
	pigment { color rgbt <1,0,0,0> }
	no_shadow
}
sphere {
	0, 1
	scale<0.080000,0.200000,0.300000>
	matrix <0.713556, 0.560293, 0.420607,
		0.563656, -0.815665, 0.130315,
		0.416089, 0.144091, -0.897835,
		39.527206, 51.886974, 49.165630>
	pigment { color rgbt <0,1,1,0> }
	no_shadow
}
cylinder {
	<39.954346, 51.616982, 49.830410>,  <39.235950, 51.786102, 49.794117>, 0.130000
	pigment { color rgbt <1,0,0,0> }
	no_shadow
}

// nucleotide -1

// particle -1
sphere {
	<39.954346, 51.616982, 49.830410> 0.250000
	pigment { color rgbt <1,0,0,0> }
	no_shadow
}
cylinder {
	<39.885818, 51.912056, 49.569191>,  <39.844704, 52.089100, 49.412460>, 0.100000
	pigment { color rgbt <1,0,0,0> }
	no_shadow
}
cylinder {
	<39.885818, 51.912056, 49.569191>,  <39.954346, 51.616982, 49.830410>, 0.100000
	pigment { color rgbt <1,0,0,0> }
	no_shadow
}

// particle -1
sphere {
	<39.885818, 51.912056, 49.569191> 0.100000
	pigment { color rgbt <1,0,0,0> }
	no_shadow
}
sphere {
	0, 1
	scale<0.080000,0.200000,0.300000>
	matrix <0.610802, 0.599612, 0.517095,
		0.773027, -0.310293, -0.553305,
		-0.171318, 0.737688, -0.653044,
		39.834423, 52.133362, 49.373280>
	pigment { color rgbt <0,1,1,0> }
	no_shadow
}
cylinder {
	<40.544067, 51.780704, 49.482128>,  <39.954346, 51.616982, 49.830410>, 0.130000
	pigment { color rgbt <1,0,0,0> }
	no_shadow
}

// nucleotide -1

// particle -1
sphere {
	<40.544067, 51.780704, 49.482128> 0.250000
	pigment { color rgbt <1,0,0,0> }
	no_shadow
}
cylinder {
	<40.331726, 52.119324, 49.497879>,  <40.204323, 52.322495, 49.507328>, 0.100000
	pigment { color rgbt <1,0,0,0> }
	no_shadow
}
cylinder {
	<40.331726, 52.119324, 49.497879>,  <40.544067, 51.780704, 49.482128>, 0.100000
	pigment { color rgbt <1,0,0,0> }
	no_shadow
}

// particle -1
sphere {
	<40.331726, 52.119324, 49.497879> 0.100000
	pigment { color rgbt <1,0,0,0> }
	no_shadow
}
sphere {
	0, 1
	scale<0.080000,0.200000,0.300000>
	matrix <0.791023, 0.478291, 0.381472,
		0.304103, 0.233652, -0.923541,
		-0.530853, 0.846549, 0.039374,
		40.172470, 52.373287, 49.509693>
	pigment { color rgbt <0,1,1,0> }
	no_shadow
}
cylinder {
	<40.917763, 52.354992, 49.140923>,  <40.544067, 51.780704, 49.482128>, 0.130000
	pigment { color rgbt <1,0,0,0> }
	no_shadow
}

// nucleotide -1

// particle -1
sphere {
	<40.917763, 52.354992, 49.140923> 0.250000
	pigment { color rgbt <1,0,0,0> }
	no_shadow
}
cylinder {
	<40.660633, 52.513130, 49.403366>,  <40.506355, 52.608013, 49.560833>, 0.100000
	pigment { color rgbt <1,0,0,0> }
	no_shadow
}
cylinder {
	<40.660633, 52.513130, 49.403366>,  <40.917763, 52.354992, 49.140923>, 0.100000
	pigment { color rgbt <1,0,0,0> }
	no_shadow
}

// particle -1
sphere {
	<40.660633, 52.513130, 49.403366> 0.100000
	pigment { color rgbt <1,0,0,0> }
	no_shadow
}
sphere {
	0, 1
	scale<0.080000,0.200000,0.300000>
	matrix <0.754416, 0.475208, 0.452807,
		-0.132774, 0.786054, -0.603730,
		-0.642828, 0.395342, 0.656107,
		40.467785, 52.631733, 49.600197>
	pigment { color rgbt <0,1,1,0> }
	no_shadow
}
cylinder {
	<41.064171, 52.747715, 48.532589>,  <40.917763, 52.354992, 49.140923>, 0.130000
	pigment { color rgbt <1,0,0,0> }
	no_shadow
}

// nucleotide -1

// particle -1
sphere {
	<41.064171, 52.747715, 48.532589> 0.250000
	pigment { color rgbt <1,0,0,0> }
	no_shadow
}
cylinder {
	<40.830044, 53.034225, 48.380615>,  <40.689568, 53.206131, 48.289429>, 0.100000
	pigment { color rgbt <1,0,0,0> }
	no_shadow
}
cylinder {
	<40.830044, 53.034225, 48.380615>,  <41.064171, 52.747715, 48.532589>, 0.100000
	pigment { color rgbt <1,0,0,0> }
	no_shadow
}

// particle -1
sphere {
	<40.830044, 53.034225, 48.380615> 0.100000
	pigment { color rgbt <1,0,0,0> }
	no_shadow
}
sphere {
	0, 1
	scale<0.080000,0.200000,0.300000>
	matrix <0.601656, 0.697813, 0.388673,
		0.543524, -0.001097, -0.839393,
		-0.585313, 0.716279, -0.379938,
		40.654449, 53.249107, 48.266632>
	pigment { color rgbt <0,1,1,0> }
	no_shadow
}
cylinder {
	<41.544788, 53.240044, 48.175663>,  <41.064171, 52.747715, 48.532589>, 0.130000
	pigment { color rgbt <1,0,0,0> }
	no_shadow
}

// nucleotide -1

// particle -1
sphere {
	<41.544788, 53.240044, 48.175663> 0.250000
	pigment { color rgbt <1,0,0,0> }
	no_shadow
}
cylinder {
	<41.203281, 53.414291, 48.289734>,  <40.998379, 53.518841, 48.358177>, 0.100000
	pigment { color rgbt <1,0,0,0> }
	no_shadow
}
cylinder {
	<41.203281, 53.414291, 48.289734>,  <41.544788, 53.240044, 48.175663>, 0.100000
	pigment { color rgbt <1,0,0,0> }
	no_shadow
}

// particle -1
sphere {
	<41.203281, 53.414291, 48.289734> 0.100000
	pigment { color rgbt <1,0,0,0> }
	no_shadow
}
sphere {
	0, 1
	scale<0.080000,0.200000,0.300000>
	matrix <0.514041, 0.618150, 0.594688,
		0.082771, 0.654317, -0.751677,
		-0.853763, 0.435615, 0.285181,
		40.947151, 53.544975, 48.375290>
	pigment { color rgbt <0,1,1,0> }
	no_shadow
}
cylinder {
	<41.626396, 53.929710, 48.097466>,  <41.544788, 53.240044, 48.175663>, 0.130000
	pigment { color rgbt <1,0,0,0> }
	no_shadow
}

// nucleotide -1

// particle -1
sphere {
	<41.626396, 53.929710, 48.097466> 0.250000
	pigment { color rgbt <1,0,0,0> }
	no_shadow
}
cylinder {
	<41.401844, 53.813152, 48.407288>,  <41.267113, 53.743217, 48.593182>, 0.100000
	pigment { color rgbt <1,0,0,0> }
	no_shadow
}
cylinder {
	<41.401844, 53.813152, 48.407288>,  <41.626396, 53.929710, 48.097466>, 0.100000
	pigment { color rgbt <1,0,0,0> }
	no_shadow
}

// particle -1
sphere {
	<41.401844, 53.813152, 48.407288> 0.100000
	pigment { color rgbt <1,0,0,0> }
	no_shadow
}
sphere {
	0, 1
	scale<0.080000,0.200000,0.300000>
	matrix <0.663089, 0.401604, 0.631686,
		-0.495137, 0.868217, -0.032231,
		-0.561385, -0.291399, 0.774554,
		41.233429, 53.725731, 48.639652>
	pigment { color rgbt <0,1,1,0> }
	no_shadow
}
cylinder {
	<41.509724, 54.475815, 48.499031>,  <41.626396, 53.929710, 48.097466>, 0.130000
	pigment { color rgbt <1,0,0,0> }
	no_shadow
}

// nucleotide -1

// particle -1
sphere {
	<41.509724, 54.475815, 48.499031> 0.250000
	pigment { color rgbt <1,0,0,0> }
	no_shadow
}
cylinder {
	<41.492062, 54.162903, 48.747574>,  <41.481464, 53.975155, 48.896698>, 0.100000
	pigment { color rgbt <1,0,0,0> }
	no_shadow
}
cylinder {
	<41.492062, 54.162903, 48.747574>,  <41.509724, 54.475815, 48.499031>, 0.100000
	pigment { color rgbt <1,0,0,0> }
	no_shadow
}

// particle -1
sphere {
	<41.492062, 54.162903, 48.747574> 0.100000
	pigment { color rgbt <1,0,0,0> }
	no_shadow
}
sphere {
	0, 1
	scale<0.080000,0.200000,0.300000>
	matrix <0.714713, 0.409833, 0.566765,
		-0.698023, 0.469115, 0.541013,
		-0.044153, -0.782284, 0.621356,
		41.478817, 53.928219, 48.933979>
	pigment { color rgbt <0,1,1,0> }
	no_shadow
}
cylinder {
	<41.487900, 54.762104, 49.174042>,  <41.509724, 54.475815, 48.499031>, 0.130000
	pigment { color rgbt <1,0,0,0> }
	no_shadow
}

// nucleotide -1

// particle -1
sphere {
	<41.487900, 54.762104, 49.174042> 0.250000
	pigment { color rgbt <1,0,0,0> }
	no_shadow
}
cylinder {
	<41.636150, 54.393429, 49.219879>,  <41.725101, 54.172226, 49.247379>, 0.100000
	pigment { color rgbt <1,0,0,0> }
	no_shadow
}
cylinder {
	<41.636150, 54.393429, 49.219879>,  <41.487900, 54.762104, 49.174042>, 0.100000
	pigment { color rgbt <1,0,0,0> }
	no_shadow
}

// particle -1
sphere {
	<41.636150, 54.393429, 49.219879> 0.100000
	pigment { color rgbt <1,0,0,0> }
	no_shadow
}
sphere {
	0, 1
	scale<0.080000,0.200000,0.300000>
	matrix <0.788859, 0.377510, 0.484962,
		-0.490241, -0.089345, 0.866996,
		0.370629, -0.921685, 0.114590,
		41.747337, 54.116924, 49.254257>
	pigment { color rgbt <0,1,1,0> }
	no_shadow
}
cylinder {
	<41.397533, 54.541245, 49.924519>,  <41.487900, 54.762104, 49.174042>, 0.130000
	pigment { color rgbt <1,0,0,0> }
	no_shadow
}

// nucleotide -1

// particle -1
sphere {
	<41.397533, 54.541245, 49.924519> 0.250000
	pigment { color rgbt <1,0,0,0> }
	no_shadow
}
cylinder {
	<41.724388, 54.411911, 49.733627>,  <41.920502, 54.334312, 49.619091>, 0.100000
	pigment { color rgbt <1,0,0,0> }
	no_shadow
}
cylinder {
	<41.724388, 54.411911, 49.733627>,  <41.397533, 54.541245, 49.924519>, 0.100000
	pigment { color rgbt <1,0,0,0> }
	no_shadow
}

// particle -1
sphere {
	<41.724388, 54.411911, 49.733627> 0.100000
	pigment { color rgbt <1,0,0,0> }
	no_shadow
}
sphere {
	0, 1
	scale<0.080000,0.200000,0.300000>
	matrix <0.574514, 0.389002, 0.720147,
		-0.047203, -0.862632, 0.503625,
		0.817133, -0.323333, -0.477232,
		41.969528, 54.314911, 49.590458>
	pigment { color rgbt <0,1,1,0> }
	no_shadow
}
cylinder {
	<41.943172, 54.792953, 50.401493>,  <41.397533, 54.541245, 49.924519>, 0.130000
	pigment { color rgbt <1,0,0,0> }
	no_shadow
}

// nucleotide -1

// particle -1
sphere {
	<41.943172, 54.792953, 50.401493> 0.250000
	pigment { color rgbt <1,0,0,0> }
	no_shadow
}
cylinder {
	<42.179401, 54.652515, 50.110851>,  <42.321136, 54.568253, 49.936466>, 0.100000
	pigment { color rgbt <1,0,0,0> }
	no_shadow
}
cylinder {
	<42.179401, 54.652515, 50.110851>,  <41.943172, 54.792953, 50.401493>, 0.100000
	pigment { color rgbt <1,0,0,0> }
	no_shadow
}

// particle -1
sphere {
	<42.179401, 54.652515, 50.110851> 0.100000
	pigment { color rgbt <1,0,0,0> }
	no_shadow
}
sphere {
	0, 1
	scale<0.080000,0.200000,0.300000>
	matrix <0.806973, 0.251663, 0.534285,
		-0.004727, -0.901884, 0.431952,
		0.590570, -0.351099, -0.726606,
		42.356571, 54.547184, 49.892868>
	pigment { color rgbt <0,1,1,0> }
	no_shadow
}
cylinder {
	<42.529369, 54.378189, 50.571964>,  <41.943172, 54.792953, 50.401493>, 0.130000
	pigment { color rgbt <1,0,0,0> }
	no_shadow
}

// nucleotide -1

// particle -1
sphere {
	<42.529369, 54.378189, 50.571964> 0.250000
	pigment { color rgbt <1,0,0,0> }
	no_shadow
}
cylinder {
	<42.635601, 54.568619, 50.236626>,  <42.699341, 54.682877, 50.035423>, 0.100000
	pigment { color rgbt <1,0,0,0> }
	no_shadow
}
cylinder {
	<42.635601, 54.568619, 50.236626>,  <42.529369, 54.378189, 50.571964>, 0.100000
	pigment { color rgbt <1,0,0,0> }
	no_shadow
}

// particle -1
sphere {
	<42.635601, 54.568619, 50.236626> 0.100000
	pigment { color rgbt <1,0,0,0> }
	no_shadow
}
sphere {
	0, 1
	scale<0.080000,0.200000,0.300000>
	matrix <0.833329, 0.323913, 0.447932,
		0.484801, -0.817577, -0.310704,
		0.265577, 0.476077, -0.838344,
		42.715275, 54.711441, 49.985123>
	pigment { color rgbt <0,1,1,0> }
	no_shadow
}
cylinder {
	<43.216438, 54.263985, 50.395138>,  <42.529369, 54.378189, 50.571964>, 0.130000
	pigment { color rgbt <1,0,0,0> }
	no_shadow
}

// nucleotide -1

// particle -1
sphere {
	<43.216438, 54.263985, 50.395138> 0.250000
	pigment { color rgbt <1,0,0,0> }
	no_shadow
}
cylinder {
	<43.126705, 54.619743, 50.235813>,  <43.072865, 54.833199, 50.140217>, 0.100000
	pigment { color rgbt <1,0,0,0> }
	no_shadow
}
cylinder {
	<43.126705, 54.619743, 50.235813>,  <43.216438, 54.263985, 50.395138>, 0.100000
	pigment { color rgbt <1,0,0,0> }
	no_shadow
}

// particle -1
sphere {
	<43.126705, 54.619743, 50.235813> 0.100000
	pigment { color rgbt <1,0,0,0> }
	no_shadow
}
sphere {
	0, 1
	scale<0.080000,0.200000,0.300000>
	matrix <0.758930, 0.415841, 0.501100,
		0.611310, -0.189878, -0.768275,
		-0.224332, 0.889394, -0.398312,
		43.059406, 54.886562, 50.116318>
	pigment { color rgbt <0,1,1,0> }
	no_shadow
}
cylinder {
	<43.650909, 54.543159, 50.716587>,  <43.216438, 54.263985, 50.395138>, 0.130000
	pigment { color rgbt <1,0,0,0> }
	no_shadow
}

// nucleotide -1

// particle -1
sphere {
	<43.650909, 54.543159, 50.716587> 0.250000
	pigment { color rgbt <1,0,0,0> }
	no_shadow
}
cylinder {
	<43.504143, 54.838787, 50.490616>,  <43.416080, 55.016163, 50.355034>, 0.100000
	pigment { color rgbt <1,0,0,0> }
	no_shadow
}
cylinder {
	<43.504143, 54.838787, 50.490616>,  <43.650909, 54.543159, 50.716587>, 0.100000
	pigment { color rgbt <1,0,0,0> }
	no_shadow
}

// particle -1
sphere {
	<43.504143, 54.838787, 50.490616> 0.100000
	pigment { color rgbt <1,0,0,0> }
	no_shadow
}
sphere {
	0, 1
	scale<0.080000,0.200000,0.300000>
	matrix <0.669624, 0.631385, 0.391096,
		0.645734, -0.234786, -0.726569,
		-0.366921, 0.739072, -0.564926,
		43.394066, 55.060509, 50.321136>
	pigment { color rgbt <0,1,1,0> }
	no_shadow
}
cylinder {
	<44.143555, 54.793606, 50.182369>,  <43.650909, 54.543159, 50.716587>, 0.130000
	pigment { color rgbt <1,0,0,0> }
	no_shadow
}

// nucleotide -1

// particle -1
sphere {
	<44.143555, 54.793606, 50.182369> 0.250000
	pigment { color rgbt <1,0,0,0> }
	no_shadow
}
cylinder {
	<43.916698, 55.115353, 50.253189>,  <43.780586, 55.308399, 50.295681>, 0.100000
	pigment { color rgbt <1,0,0,0> }
	no_shadow
}
cylinder {
	<43.916698, 55.115353, 50.253189>,  <44.143555, 54.793606, 50.182369>, 0.100000
	pigment { color rgbt <1,0,0,0> }
	no_shadow
}

// particle -1
sphere {
	<43.916698, 55.115353, 50.253189> 0.100000
	pigment { color rgbt <1,0,0,0> }
	no_shadow
}
sphere {
	0, 1
	scale<0.080000,0.200000,0.300000>
	matrix <0.802106, 0.490594, 0.340504,
		0.187029, 0.335130, -0.923422,
		-0.567138, 0.804367, 0.177055,
		43.746555, 55.356663, 50.306305>
	pigment { color rgbt <0,1,1,0> }
	no_shadow
}
cylinder {
	<44.930176, 54.758549, 50.226593>,  <44.143555, 54.793606, 50.182369>, 0.130000
	pigment { color rgbt <1,0,0,0> }
	no_shadow
}

// nucleotide -1

// particle -1
sphere {
	<44.930176, 54.758549, 50.226593> 0.250000
	pigment { color rgbt <1,0,0,0> }
	no_shadow
}
cylinder {
	<45.296959, 54.906357, 50.286777>,  <45.517029, 54.995041, 50.322887>, 0.100000
	pigment { color rgbt <1,0,0,0> }
	no_shadow
}
cylinder {
	<45.296959, 54.906357, 50.286777>,  <44.930176, 54.758549, 50.226593>, 0.100000
	pigment { color rgbt <1,0,0,0> }
	no_shadow
}

// particle -1
sphere {
	<45.296959, 54.906357, 50.286777> 0.100000
	pigment { color rgbt <1,0,0,0> }
	no_shadow
}
sphere {
	0, 1
	scale<0.080000,0.200000,0.300000>
	matrix <-0.140877, 0.652697, -0.744406,
		-0.373276, 0.661395, 0.650555,
		0.916961, 0.369518, 0.150461,
		45.572048, 55.017212, 50.331917>
	pigment { color rgbt <0,1,1,0> }
	no_shadow
}
cylinder {
	<44.971218, 55.578236, 50.191776>,  <44.930176, 54.758549, 50.226593>, 0.130000
	pigment { color rgbt <1,0,0,0> }
	no_shadow
}

// nucleotide -1

// particle -1
sphere {
	<44.971218, 55.578236, 50.191776> 0.250000
	pigment { color rgbt <1,0,0,0> }
	no_shadow
}
cylinder {
	<45.324520, 55.422306, 50.087540>,  <45.536499, 55.328751, 50.024998>, 0.100000
	pigment { color rgbt <1,0,0,0> }
	no_shadow
}
cylinder {
	<45.324520, 55.422306, 50.087540>,  <44.971218, 55.578236, 50.191776>, 0.100000
	pigment { color rgbt <1,0,0,0> }
	no_shadow
}

// particle -1
sphere {
	<45.324520, 55.422306, 50.087540> 0.100000
	pigment { color rgbt <1,0,0,0> }
	no_shadow
}
sphere {
	0, 1
	scale<0.080000,0.200000,0.300000>
	matrix <0.024933, 0.594007, -0.804074,
		0.468237, 0.703702, 0.534376,
		0.883251, -0.389820, -0.260590,
		45.589497, 55.305359, 50.009361>
	pigment { color rgbt <0,1,1,0> }
	no_shadow
}
cylinder {
	<45.283314, 56.039227, 49.917599>,  <44.971218, 55.578236, 50.191776>, 0.130000
	pigment { color rgbt <1,0,0,0> }
	no_shadow
}

// nucleotide -1

// particle -1
sphere {
	<45.283314, 56.039227, 49.917599> 0.250000
	pigment { color rgbt <1,0,0,0> }
	no_shadow
}
cylinder {
	<45.437904, 55.705441, 49.760471>,  <45.530659, 55.505169, 49.666195>, 0.100000
	pigment { color rgbt <1,0,0,0> }
	no_shadow
}
cylinder {
	<45.437904, 55.705441, 49.760471>,  <45.283314, 56.039227, 49.917599>, 0.100000
	pigment { color rgbt <1,0,0,0> }
	no_shadow
}

// particle -1
sphere {
	<45.437904, 55.705441, 49.760471> 0.100000
	pigment { color rgbt <1,0,0,0> }
	no_shadow
}
sphere {
	0, 1
	scale<0.080000,0.200000,0.300000>
	matrix <-0.021875, 0.417499, -0.908414,
		0.922038, 0.359677, 0.143101,
		0.386480, -0.834462, -0.392819,
		45.553848, 55.455101, 49.642624>
	pigment { color rgbt <0,1,1,0> }
	no_shadow
}
cylinder {
	<45.575665, 56.732494, 49.878799>,  <45.283314, 56.039227, 49.917599>, 0.130000
	pigment { color rgbt <1,0,0,0> }
	no_shadow
}

// nucleotide -1

// particle -1
sphere {
	<45.575665, 56.732494, 49.878799> 0.250000
	pigment { color rgbt <1,0,0,0> }
	no_shadow
}
cylinder {
	<45.658474, 56.633690, 49.500145>,  <45.708160, 56.574406, 49.272953>, 0.100000
	pigment { color rgbt <1,0,0,0> }
	no_shadow
}
cylinder {
	<45.658474, 56.633690, 49.500145>,  <45.575665, 56.732494, 49.878799>, 0.100000
	pigment { color rgbt <1,0,0,0> }
	no_shadow
}

// particle -1
sphere {
	<45.658474, 56.633690, 49.500145> 0.100000
	pigment { color rgbt <1,0,0,0> }
	no_shadow
}
sphere {
	0, 1
	scale<0.080000,0.200000,0.300000>
	matrix <0.948368, 0.288321, 0.132168,
		0.240288, -0.925124, 0.293950,
		0.207024, -0.247015, -0.946639,
		45.720581, 56.559586, 49.216152>
	pigment { color rgbt <0,1,1,0> }
	no_shadow
}
cylinder {
	<46.104912, 57.126820, 49.587498>,  <45.575665, 56.732494, 49.878799>, 0.130000
	pigment { color rgbt <1,0,0,0> }
	no_shadow
}

// nucleotide -1

// particle -1
sphere {
	<46.104912, 57.126820, 49.587498> 0.250000
	pigment { color rgbt <1,0,0,0> }
	no_shadow
}
cylinder {
	<45.877579, 57.189507, 49.264404>,  <45.741180, 57.227119, 49.070549>, 0.100000
	pigment { color rgbt <1,0,0,0> }
	no_shadow
}
cylinder {
	<45.877579, 57.189507, 49.264404>,  <46.104912, 57.126820, 49.587498>, 0.100000
	pigment { color rgbt <1,0,0,0> }
	no_shadow
}

// particle -1
sphere {
	<45.877579, 57.189507, 49.264404> 0.100000
	pigment { color rgbt <1,0,0,0> }
	no_shadow
}
sphere {
	0, 1
	scale<0.080000,0.200000,0.300000>
	matrix <0.146053, -0.946887, -0.286484,
		-0.809732, -0.280791, 0.515258,
		-0.568334, 0.156720, -0.807735,
		45.707077, 57.236523, 49.022083>
	pigment { color rgbt <0,1,1,0> }
	no_shadow
}
cylinder {
	<46.632355, 57.353653, 50.092754>,  <46.104912, 57.126820, 49.587498>, 0.130000
	pigment { color rgbt <1,0,0,0> }
	no_shadow
}

// nucleotide -1

// particle -1
sphere {
	<46.632355, 57.353653, 50.092754> 0.250000
	pigment { color rgbt <1,0,0,0> }
	no_shadow
}
cylinder {
	<46.773582, 57.032192, 50.284370>,  <46.858318, 56.839314, 50.399342>, 0.100000
	pigment { color rgbt <1,0,0,0> }
	no_shadow
}
cylinder {
	<46.773582, 57.032192, 50.284370>,  <46.632355, 57.353653, 50.092754>, 0.100000
	pigment { color rgbt <1,0,0,0> }
	no_shadow
}

// particle -1
sphere {
	<46.773582, 57.032192, 50.284370> 0.100000
	pigment { color rgbt <1,0,0,0> }
	no_shadow
}
sphere {
	0, 1
	scale<0.080000,0.200000,0.300000>
	matrix <0.375738, 0.590711, 0.714059,
		-0.856834, -0.072116, 0.510524,
		0.353068, -0.803654, 0.479045,
		46.879501, 56.791096, 50.428085>
	pigment { color rgbt <0,1,1,0> }
	no_shadow
}
cylinder {
	<46.423050, 57.340691, 50.831654>,  <46.632355, 57.353653, 50.092754>, 0.130000
	pigment { color rgbt <1,0,0,0> }
	no_shadow
}

// nucleotide -1

// particle -1
sphere {
	<46.423050, 57.340691, 50.831654> 0.250000
	pigment { color rgbt <1,0,0,0> }
	no_shadow
}
cylinder {
	<46.768333, 57.150372, 50.764153>,  <46.975506, 57.036179, 50.723652>, 0.100000
	pigment { color rgbt <1,0,0,0> }
	no_shadow
}
cylinder {
	<46.768333, 57.150372, 50.764153>,  <46.423050, 57.340691, 50.831654>, 0.100000
	pigment { color rgbt <1,0,0,0> }
	no_shadow
}

// particle -1
sphere {
	<46.768333, 57.150372, 50.764153> 0.100000
	pigment { color rgbt <1,0,0,0> }
	no_shadow
}
sphere {
	0, 1
	scale<0.080000,0.200000,0.300000>
	matrix <0.471207, 0.639391, 0.607571,
		-0.181184, -0.603981, 0.776131,
		0.863213, -0.475801, -0.168753,
		47.027298, 57.007629, 50.713528>
	pigment { color rgbt <0,1,1,0> }
	no_shadow
}
cylinder {
	<46.767513, 57.142979, 51.482677>,  <46.423050, 57.340691, 50.831654>, 0.130000
	pigment { color rgbt <1,0,0,0> }
	no_shadow
}

// nucleotide -1

// particle -1
sphere {
	<46.767513, 57.142979, 51.482677> 0.250000
	pigment { color rgbt <1,0,0,0> }
	no_shadow
}
cylinder {
	<47.017345, 57.221199, 51.180244>,  <47.167244, 57.268131, 50.998787>, 0.100000
	pigment { color rgbt <1,0,0,0> }
	no_shadow
}
cylinder {
	<47.017345, 57.221199, 51.180244>,  <46.767513, 57.142979, 51.482677>, 0.100000
	pigment { color rgbt <1,0,0,0> }
	no_shadow
}

// particle -1
sphere {
	<47.017345, 57.221199, 51.180244> 0.100000
	pigment { color rgbt <1,0,0,0> }
	no_shadow
}
sphere {
	0, 1
	scale<0.080000,0.200000,0.300000>
	matrix <0.628630, 0.448552, 0.635315,
		0.463384, -0.872099, 0.157222,
		0.624580, 0.195560, -0.756079,
		47.204720, 57.279865, 50.953423>
	pigment { color rgbt <0,1,1,0> }
	no_shadow
}
cylinder {
	<47.438007, 56.848339, 51.636963>,  <46.767513, 57.142979, 51.482677>, 0.130000
	pigment { color rgbt <1,0,0,0> }
	no_shadow
}

// nucleotide -1

// particle -1
sphere {
	<47.438007, 56.848339, 51.636963> 0.250000
	pigment { color rgbt <1,0,0,0> }
	no_shadow
}
cylinder {
	<47.461052, 57.158772, 51.385765>,  <47.474880, 57.345032, 51.235046>, 0.100000
	pigment { color rgbt <1,0,0,0> }
	no_shadow
}
cylinder {
	<47.461052, 57.158772, 51.385765>,  <47.438007, 56.848339, 51.636963>, 0.100000
	pigment { color rgbt <1,0,0,0> }
	no_shadow
}

// particle -1
sphere {
	<47.461052, 57.158772, 51.385765> 0.100000
	pigment { color rgbt <1,0,0,0> }
	no_shadow
}
sphere {
	0, 1
	scale<0.080000,0.200000,0.300000>
	matrix <0.736558, 0.391587, 0.551491,
		0.673917, -0.494329, -0.549068,
		0.057610, 0.776079, -0.627998,
		47.478336, 57.391594, 51.197365>
	pigment { color rgbt <0,1,1,0> }
	no_shadow
}
cylinder {
	<48.119247, 56.971664, 51.338425>,  <47.438007, 56.848339, 51.636963>, 0.130000
	pigment { color rgbt <1,0,0,0> }
	no_shadow
}

// nucleotide -1

// particle -1
sphere {
	<48.119247, 56.971664, 51.338425> 0.250000
	pigment { color rgbt <1,0,0,0> }
	no_shadow
}
cylinder {
	<47.926155, 57.320675, 51.368538>,  <47.810299, 57.530083, 51.386604>, 0.100000
	pigment { color rgbt <1,0,0,0> }
	no_shadow
}
cylinder {
	<47.926155, 57.320675, 51.368538>,  <48.119247, 56.971664, 51.338425>, 0.100000
	pigment { color rgbt <1,0,0,0> }
	no_shadow
}

// particle -1
sphere {
	<47.926155, 57.320675, 51.368538> 0.100000
	pigment { color rgbt <1,0,0,0> }
	no_shadow
}
sphere {
	0, 1
	scale<0.080000,0.200000,0.300000>
	matrix <0.779290, 0.388738, 0.491519,
		0.399600, 0.295936, -0.867607,
		-0.482730, 0.872528, 0.075281,
		47.781338, 57.582432, 51.391121>
	pigment { color rgbt <0,1,1,0> }
	no_shadow
}
cylinder {
	<48.323750, 57.579639, 50.909946>,  <48.119247, 56.971664, 51.338425>, 0.130000
	pigment { color rgbt <1,0,0,0> }
	no_shadow
}

// nucleotide -1

// particle -1
sphere {
	<48.323750, 57.579639, 50.909946> 0.250000
	pigment { color rgbt <1,0,0,0> }
	no_shadow
}
cylinder {
	<48.212898, 57.716888, 51.268936>,  <48.146389, 57.799240, 51.484329>, 0.100000
	pigment { color rgbt <1,0,0,0> }
	no_shadow
}
cylinder {
	<48.212898, 57.716888, 51.268936>,  <48.323750, 57.579639, 50.909946>, 0.100000
	pigment { color rgbt <1,0,0,0> }
	no_shadow
}

// particle -1
sphere {
	<48.212898, 57.716888, 51.268936> 0.100000
	pigment { color rgbt <1,0,0,0> }
	no_shadow
}
sphere {
	0, 1
	scale<0.080000,0.200000,0.300000>
	matrix <0.892522, 0.437833, 0.108202,
		-0.355818, 0.831003, -0.427583,
		-0.277126, 0.343127, 0.897477,
		48.129761, 57.819828, 51.538177>
	pigment { color rgbt <0,1,1,0> }
	no_shadow
}
cylinder {
	<48.380100, 58.307461, 50.945232>,  <48.323750, 57.579639, 50.909946>, 0.130000
	pigment { color rgbt <1,0,0,0> }
	no_shadow
}

// nucleotide -1

// particle -1
sphere {
	<48.380100, 58.307461, 50.945232> 0.250000
	pigment { color rgbt <1,0,0,0> }
	no_shadow
}
cylinder {
	<48.423489, 58.120964, 51.296425>,  <48.449524, 58.009068, 51.507141>, 0.100000
	pigment { color rgbt <1,0,0,0> }
	no_shadow
}
cylinder {
	<48.423489, 58.120964, 51.296425>,  <48.380100, 58.307461, 50.945232>, 0.100000
	pigment { color rgbt <1,0,0,0> }
	no_shadow
}

// particle -1
sphere {
	<48.423489, 58.120964, 51.296425> 0.100000
	pigment { color rgbt <1,0,0,0> }
	no_shadow
}
sphere {
	0, 1
	scale<0.080000,0.200000,0.300000>
	matrix <0.884523, 0.448359, 0.128812,
		-0.453709, 0.762625, 0.461033,
		0.108473, -0.466238, 0.877984,
		48.456032, 57.981094, 51.559818>
	pigment { color rgbt <0,1,1,0> }
	no_shadow
}
cylinder {
	<48.538639, 58.759228, 51.360363>,  <48.380100, 58.307461, 50.945232>, 0.130000
	pigment { color rgbt <1,0,0,0> }
	no_shadow
}

// nucleotide -1

// particle -1
sphere {
	<48.538639, 58.759228, 51.360363> 0.250000
	pigment { color rgbt <1,0,0,0> }
	no_shadow
}
cylinder {
	<48.676163, 58.440712, 51.559448>,  <48.758678, 58.249603, 51.678898>, 0.100000
	pigment { color rgbt <1,0,0,0> }
	no_shadow
}
cylinder {
	<48.676163, 58.440712, 51.559448>,  <48.538639, 58.759228, 51.360363>, 0.100000
	pigment { color rgbt <1,0,0,0> }
	no_shadow
}

// particle -1
sphere {
	<48.676163, 58.440712, 51.559448> 0.100000
	pigment { color rgbt <1,0,0,0> }
	no_shadow
}
sphere {
	0, 1
	scale<0.080000,0.200000,0.300000>
	matrix <0.895256, 0.437906, 0.082183,
		-0.283393, 0.417325, 0.863440,
		0.343809, -0.796290, 0.497712,
		48.779305, 58.201824, 51.708763>
	pigment { color rgbt <0,1,1,0> }
	no_shadow
}
cylinder {
	<48.752060, 58.904758, 52.160221>,  <48.538639, 58.759228, 51.360363>, 0.130000
	pigment { color rgbt <1,0,0,0> }
	no_shadow
}

// nucleotide -1

// particle -1
sphere {
	<48.752060, 58.904758, 52.160221> 0.250000
	pigment { color rgbt <1,0,0,0> }
	no_shadow
}
cylinder {
	<48.953327, 58.628029, 51.953068>,  <49.074089, 58.461990, 51.828773>, 0.100000
	pigment { color rgbt <1,0,0,0> }
	no_shadow
}
cylinder {
	<48.953327, 58.628029, 51.953068>,  <48.752060, 58.904758, 52.160221>, 0.100000
	pigment { color rgbt <1,0,0,0> }
	no_shadow
}

// particle -1
sphere {
	<48.953327, 58.628029, 51.953068> 0.100000
	pigment { color rgbt <1,0,0,0> }
	no_shadow
}
sphere {
	0, 1
	scale<0.080000,0.200000,0.300000>
	matrix <0.857659, 0.473293, 0.201035,
		0.106032, -0.545325, 0.831492,
		0.503169, -0.691820, -0.517887,
		49.104279, 58.420483, 51.797703>
	pigment { color rgbt <0,1,1,0> }
	no_shadow
}
cylinder {
	<49.469360, 58.968288, 52.413471>,  <48.752060, 58.904758, 52.160221>, 0.130000
	pigment { color rgbt <1,0,0,0> }
	no_shadow
}

// nucleotide -1

// particle -1
sphere {
	<49.469360, 58.968288, 52.413471> 0.250000
	pigment { color rgbt <1,0,0,0> }
	no_shadow
}
cylinder {
	<49.494476, 58.760742, 52.072453>,  <49.509548, 58.636215, 51.867844>, 0.100000
	pigment { color rgbt <1,0,0,0> }
	no_shadow
}
cylinder {
	<49.494476, 58.760742, 52.072453>,  <49.469360, 58.968288, 52.413471>, 0.100000
	pigment { color rgbt <1,0,0,0> }
	no_shadow
}

// particle -1
sphere {
	<49.494476, 58.760742, 52.072453> 0.100000
	pigment { color rgbt <1,0,0,0> }
	no_shadow
}
sphere {
	0, 1
	scale<0.080000,0.200000,0.300000>
	matrix <0.826717, 0.505588, -0.246818,
		0.559103, -0.689315, 0.460705,
		0.062792, -0.518869, -0.852545,
		49.513313, 58.605080, 51.816689>
	pigment { color rgbt <0,1,1,0> }
	no_shadow
}
cylinder {
	<50.153683, 59.022606, 52.747875>,  <49.469360, 58.968288, 52.413471>, 0.130000
	pigment { color rgbt <1,0,0,0> }
	no_shadow
}

// nucleotide -1

// particle -1
sphere {
	<50.153683, 59.022606, 52.747875> 0.250000
	pigment { color rgbt <1,0,0,0> }
	no_shadow
}
cylinder {
	<50.361164, 58.799164, 52.488983>,  <50.485653, 58.665096, 52.333649>, 0.100000
	pigment { color rgbt <1,0,0,0> }
	no_shadow
}
cylinder {
	<50.361164, 58.799164, 52.488983>,  <50.153683, 59.022606, 52.747875>, 0.100000
	pigment { color rgbt <1,0,0,0> }
	no_shadow
}

// particle -1
sphere {
	<50.361164, 58.799164, 52.488983> 0.100000
	pigment { color rgbt <1,0,0,0> }
	no_shadow
}
sphere {
	0, 1
	scale<0.080000,0.200000,0.300000>
	matrix <0.501056, -0.414776, 0.759542,
		-0.692741, -0.718274, 0.064749,
		0.518703, -0.558609, -0.647228,
		50.516773, 58.631580, 52.294815>
	pigment { color rgbt <0,1,1,0> }
	no_shadow
}
cylinder {
	<50.115898, 58.112270, 52.656487>,  <50.153683, 59.022606, 52.747875>, 0.130000
	pigment { color rgbt <1,0,0,0> }
	no_shadow
}

// nucleotide -1

// particle -1
sphere {
	<50.115898, 58.112270, 52.656487> 0.250000
	pigment { color rgbt <1,0,0,0> }
	no_shadow
}
cylinder {
	<50.443329, 58.340916, 52.633907>,  <50.639786, 58.478104, 52.620358>, 0.100000
	pigment { color rgbt <1,0,0,0> }
	no_shadow
}
cylinder {
	<50.443329, 58.340916, 52.633907>,  <50.115898, 58.112270, 52.656487>, 0.100000
	pigment { color rgbt <1,0,0,0> }
	no_shadow
}

// particle -1
sphere {
	<50.443329, 58.340916, 52.633907> 0.100000
	pigment { color rgbt <1,0,0,0> }
	no_shadow
}
sphere {
	0, 1
	scale<0.080000,0.200000,0.300000>
	matrix <0.293083, -0.331131, 0.896914,
		0.493999, -0.750737, -0.438588,
		0.818576, 0.571618, -0.056450,
		50.688900, 58.512402, 52.616974>
	pigment { color rgbt <0,1,1,0> }
	no_shadow
}
cylinder {
	<50.758202, 57.726418, 52.676777>,  <50.115898, 58.112270, 52.656487>, 0.130000
	pigment { color rgbt <1,0,0,0> }
	no_shadow
}

// nucleotide -1

// particle -1
sphere {
	<50.758202, 57.726418, 52.676777> 0.250000
	pigment { color rgbt <1,0,0,0> }
	no_shadow
}
cylinder {
	<50.774178, 58.091904, 52.838531>,  <50.783764, 58.311195, 52.935585>, 0.100000
	pigment { color rgbt <1,0,0,0> }
	no_shadow
}
cylinder {
	<50.774178, 58.091904, 52.838531>,  <50.758202, 57.726418, 52.676777>, 0.100000
	pigment { color rgbt <1,0,0,0> }
	no_shadow
}

// particle -1
sphere {
	<50.774178, 58.091904, 52.838531> 0.100000
	pigment { color rgbt <1,0,0,0> }
	no_shadow
}
sphere {
	0, 1
	scale<0.080000,0.200000,0.300000>
	matrix <0.239271, -0.401677, 0.883971,
		0.970131, 0.061447, -0.234671,
		0.039944, 0.913718, 0.404382,
		50.786160, 58.366020, 52.959846>
	pigment { color rgbt <0,1,1,0> }
	no_shadow
}
cylinder {
	<51.483799, 57.978397, 52.976158>,  <50.758202, 57.726418, 52.676777>, 0.130000
	pigment { color rgbt <1,0,0,0> }
	no_shadow
}

// nucleotide -1

// particle -1
sphere {
	<51.483799, 57.978397, 52.976158> 0.250000
	pigment { color rgbt <1,0,0,0> }
	no_shadow
}
cylinder {
	<51.151375, 58.127609, 53.141174>,  <50.951920, 58.217136, 53.240185>, 0.100000
	pigment { color rgbt <1,0,0,0> }
	no_shadow
}
cylinder {
	<51.151375, 58.127609, 53.141174>,  <51.483799, 57.978397, 52.976158>, 0.100000
	pigment { color rgbt <1,0,0,0> }
	no_shadow
}

// particle -1
sphere {
	<51.151375, 58.127609, 53.141174> 0.100000
	pigment { color rgbt <1,0,0,0> }
	no_shadow
}
sphere {
	0, 1
	scale<0.080000,0.200000,0.300000>
	matrix <0.099339, -0.630262, 0.770001,
		0.547241, 0.680898, 0.486729,
		-0.831059, 0.373025, 0.412545,
		50.902058, 58.239517, 53.264938>
	pigment { color rgbt <0,1,1,0> }
	no_shadow
}
cylinder {
	<51.694515, 58.671669, 52.756027>,  <51.483799, 57.978397, 52.976158>, 0.130000
	pigment { color rgbt <1,0,0,0> }
	no_shadow
}

// nucleotide -1

// particle -1
sphere {
	<51.694515, 58.671669, 52.756027> 0.250000
	pigment { color rgbt <1,0,0,0> }
	no_shadow
}
cylinder {
	<51.968170, 58.382549, 52.716991>,  <52.132362, 58.209080, 52.693569>, 0.100000
	pigment { color rgbt <1,0,0,0> }
	no_shadow
}
cylinder {
	<51.968170, 58.382549, 52.716991>,  <51.694515, 58.671669, 52.756027>, 0.100000
	pigment { color rgbt <1,0,0,0> }
	no_shadow
}

// particle -1
sphere {
	<51.968170, 58.382549, 52.716991> 0.100000
	pigment { color rgbt <1,0,0,0> }
	no_shadow
}
sphere {
	0, 1
	scale<0.080000,0.200000,0.300000>
	matrix <0.486225, 0.551711, -0.677643,
		0.543640, 0.416148, 0.728887,
