// switches for output
#declare DRAW_BASES = 1; // possible values are 0, 1; only relevant for DNA ribbons
#declare DRAW_BASES_TYPE = 3; // possible values are 1, 2, 3; only relevant for DNA ribbons
#declare DRAW_FOG = 0; // set to 1 to enable fog

#include "colors.inc"

#include "transforms.inc"
background { rgb <1, 1, 1>}

#default {
   normal{
       ripples 0.25
       frequency 0.20
       turbulence 0.2
       lambda 5
   }
	finish {
		phong 0.1
		phong_size 40.
	}
}

// original window dimensions: 1024x640


// camera settings

camera {
	sky <-0, 1, 0>
	up <-0, 1, 0>
	right 1.6 * <0.99995, 0, 0.00999983>
	location <54.4867, 55, 106.329>
	look_at <55, 55, 55.0001>
	direction <0.513302, 0, -51.3289>
	angle 67.0682
}


# declare cpy_camera_pos = <54.4867, 55, 106.329>;
# if (DRAW_FOG = 1)
fog {
	fog_type 2
	up vnormalize(cpy_camera_pos)
	color rgbt<1,1,1,0.3>
	distance 1e-5
	fog_alt 3e-3
	fog_offset 88
}
# end


// LIGHTS

# declare lum = 6;
global_settings {
	ambient_light rgb lum * <0.05, 0.05, 0.05>
	max_trace_level 15
}# declare cpy_direct_light_amount = 0.25;
light_source
{	1000 * <-0.98995, -1, 1.00995>,
	rgb lum * cpy_direct_light_amount
	parallel
}

light_source
{	1000 * <0.98995, 1, -1.00995>,
	rgb lum * cpy_direct_light_amount
	parallel
}

// strand 0

// nucleotide -1

// particle -1
sphere {
	<36.780571, 52.771053, 50.819355> 0.250000
	pigment { color rgbt <1,0,0,0> }
	no_shadow
}
cylinder {
	<36.926552, 52.727962, 50.449448>,  <37.014141, 52.702106, 50.227501>, 0.100000
	pigment { color rgbt <1,0,0,0> }
	no_shadow
}
cylinder {
	<36.926552, 52.727962, 50.449448>,  <36.780571, 52.771053, 50.819355>, 0.100000
	pigment { color rgbt <1,0,0,0> }
	no_shadow
}

// particle -1
sphere {
	<36.926552, 52.727962, 50.449448> 0.100000
	pigment { color rgbt <1,0,0,0> }
	no_shadow
}
sphere {
	0, 1
	scale<0.080000,0.200000,0.300000>
	matrix <0.540415, 0.833338, 0.116191,
		0.758131, -0.542165, 0.362347,
		0.364952, -0.107729, -0.924773,
		37.036037, 52.695644, 50.172016>
	pigment { color rgbt <0,1,1,0> }
	no_shadow
}
cylinder {
	<37.432137, 52.854557, 50.917301>,  <36.780571, 52.771053, 50.819355>, 0.130000
	pigment { color rgbt <1,0,0,0> }
	no_shadow
}

// nucleotide -1

// particle -1
sphere {
	<37.432137, 52.854557, 50.917301> 0.250000
	pigment { color rgbt <1,0,0,0> }
	no_shadow
}
cylinder {
	<37.396626, 52.934593, 50.527004>,  <37.375320, 52.982616, 50.292824>, 0.100000
	pigment { color rgbt <1,0,0,0> }
	no_shadow
}
cylinder {
	<37.396626, 52.934593, 50.527004>,  <37.432137, 52.854557, 50.917301>, 0.100000
	pigment { color rgbt <1,0,0,0> }
	no_shadow
}

// particle -1
sphere {
	<37.396626, 52.934593, 50.527004> 0.100000
	pigment { color rgbt <1,0,0,0> }
	no_shadow
}
sphere {
	0, 1
	scale<0.080000,0.200000,0.300000>
	matrix <0.517480, 0.846298, 0.126466,
		0.851078, -0.493702, -0.178676,
		-0.088776, 0.200094, -0.975747,
		37.369991, 52.994621, 50.234280>
	pigment { color rgbt <0,1,1,0> }
	no_shadow
}
cylinder {
	<37.857468, 53.443611, 50.871155>,  <37.432137, 52.854557, 50.917301>, 0.130000
	pigment { color rgbt <1,0,0,0> }
	no_shadow
}

// nucleotide -1

// particle -1
sphere {
	<37.857468, 53.443611, 50.871155> 0.250000
	pigment { color rgbt <1,0,0,0> }
	no_shadow
}
cylinder {
	<38.032341, 53.616585, 50.555717>,  <38.137264, 53.720367, 50.366455>, 0.100000
	pigment { color rgbt <1,0,0,0> }
	no_shadow
}
cylinder {
	<38.032341, 53.616585, 50.555717>,  <37.857468, 53.443611, 50.871155>, 0.100000
	pigment { color rgbt <1,0,0,0> }
	no_shadow
}

// particle -1
sphere {
	<38.032341, 53.616585, 50.555717> 0.100000
	pigment { color rgbt <1,0,0,0> }
	no_shadow
}
sphere {
	0, 1
	scale<0.080000,0.200000,0.300000>
	matrix <-0.895886, 0.286543, -0.339531,
		0.079140, 0.854923, 0.512682,
		0.437179, 0.432434, -0.788591,
		38.163494, 53.746315, 50.319141>
	pigment { color rgbt <0,1,1,0> }
	no_shadow
}
cylinder {
	<37.704834, 54.113415, 50.883045>,  <37.857468, 53.443611, 50.871155>, 0.130000
	pigment { color rgbt <1,0,0,0> }
	no_shadow
}

// nucleotide -1

// particle -1
sphere {
	<37.704834, 54.113415, 50.883045> 0.250000
	pigment { color rgbt <1,0,0,0> }
	no_shadow
}
cylinder {
	<37.754292, 53.936401, 50.527771>,  <37.783966, 53.830193, 50.314606>, 0.100000
	pigment { color rgbt <1,0,0,0> }
	no_shadow
}
cylinder {
	<37.754292, 53.936401, 50.527771>,  <37.704834, 54.113415, 50.883045>, 0.100000
	pigment { color rgbt <1,0,0,0> }
	no_shadow
}

// particle -1
sphere {
	<37.754292, 53.936401, 50.527771> 0.100000
	pigment { color rgbt <1,0,0,0> }
	no_shadow
}
sphere {
	0, 1
	scale<0.080000,0.200000,0.300000>
	matrix <-0.977487, 0.099894, -0.185847,
		0.170969, 0.891170, -0.420222,
		0.123644, -0.442535, -0.888186,
		37.791386, 53.803642, 50.261314>
	pigment { color rgbt <0,1,1,0> }
	no_shadow
}
cylinder {
	<37.728298, 54.904572, 51.115292>,  <37.704834, 54.113415, 50.883045>, 0.130000
	pigment { color rgbt <1,0,0,0> }
	no_shadow
}

// nucleotide -1

// particle -1
sphere {
	<37.728298, 54.904572, 51.115292> 0.250000
	pigment { color rgbt <1,0,0,0> }
	no_shadow
}
cylinder {
	<37.753345, 55.215096, 50.864399>,  <37.768372, 55.401409, 50.713863>, 0.100000
	pigment { color rgbt <1,0,0,0> }
	no_shadow
}
cylinder {
	<37.753345, 55.215096, 50.864399>,  <37.728298, 54.904572, 51.115292>, 0.100000
	pigment { color rgbt <1,0,0,0> }
	no_shadow
}

// particle -1
sphere {
	<37.753345, 55.215096, 50.864399> 0.100000
	pigment { color rgbt <1,0,0,0> }
	no_shadow
}
sphere {
	0, 1
	scale<0.080000,0.200000,0.300000>
	matrix <-0.637980, -0.452161, -0.623324,
		-0.767503, 0.439189, 0.466961,
		0.062615, 0.776314, -0.627228,
		37.772129, 55.447990, 50.676231>
	pigment { color rgbt <0,1,1,0> }
	no_shadow
}
cylinder {
	<38.496582, 54.884750, 51.018501>,  <37.728298, 54.904572, 51.115292>, 0.130000
	pigment { color rgbt <1,0,0,0> }
	no_shadow
}

// nucleotide -1

// particle -1
sphere {
	<38.496582, 54.884750, 51.018501> 0.250000
	pigment { color rgbt <1,0,0,0> }
	no_shadow
}
cylinder {
	<38.448837, 55.030087, 51.388092>,  <38.420193, 55.117290, 51.609848>, 0.100000
	pigment { color rgbt <1,0,0,0> }
	no_shadow
}
cylinder {
	<38.448837, 55.030087, 51.388092>,  <38.496582, 54.884750, 51.018501>, 0.100000
	pigment { color rgbt <1,0,0,0> }
	no_shadow
}

// particle -1
sphere {
	<38.448837, 55.030087, 51.388092> 0.100000
	pigment { color rgbt <1,0,0,0> }
	no_shadow
}
sphere {
	0, 1
	scale<0.080000,0.200000,0.300000>
	matrix <0.691939, 0.697841, -0.185034,
		-0.712021, 0.617252, -0.334704,
		-0.119358, 0.363343, 0.923978,
		38.413029, 55.139088, 51.665287>
	pigment { color rgbt <0,1,1,0> }
	no_shadow
}
cylinder {
	<38.386982, 55.638691, 50.955585>,  <38.496582, 54.884750, 51.018501>, 0.130000
	pigment { color rgbt <1,0,0,0> }
	no_shadow
}

// nucleotide -1

// particle -1
sphere {
	<38.386982, 55.638691, 50.955585> 0.250000
	pigment { color rgbt <1,0,0,0> }
	no_shadow
}
cylinder {
	<38.575390, 55.491341, 51.276196>,  <38.688435, 55.402931, 51.468559>, 0.100000
	pigment { color rgbt <1,0,0,0> }
	no_shadow
}
cylinder {
	<38.575390, 55.491341, 51.276196>,  <38.386982, 55.638691, 50.955585>, 0.100000
	pigment { color rgbt <1,0,0,0> }
	no_shadow
}

// particle -1
sphere {
	<38.575390, 55.491341, 51.276196> 0.100000
	pigment { color rgbt <1,0,0,0> }
	no_shadow
}
sphere {
	0, 1
	scale<0.080000,0.200000,0.300000>
	matrix <0.802916, 0.555345, -0.216606,
		-0.365328, 0.745580, 0.557357,
		0.471022, -0.368379, 0.801521,
		38.716698, 55.380829, 51.516651>
	pigment { color rgbt <0,1,1,0> }
	no_shadow
}
cylinder {
	<38.533039, 56.190678, 51.537121>,  <38.386982, 55.638691, 50.955585>, 0.130000
	pigment { color rgbt <1,0,0,0> }
	no_shadow
}

// nucleotide -1

// particle -1
sphere {
	<38.533039, 56.190678, 51.537121> 0.250000
	pigment { color rgbt <1,0,0,0> }
	no_shadow
}
cylinder {
	<38.789604, 55.883797, 51.536499>,  <38.943542, 55.699669, 51.536125>, 0.100000
	pigment { color rgbt <1,0,0,0> }
	no_shadow
}
cylinder {
	<38.789604, 55.883797, 51.536499>,  <38.533039, 56.190678, 51.537121>, 0.100000
	pigment { color rgbt <1,0,0,0> }
	no_shadow
}

// particle -1
sphere {
	<38.789604, 55.883797, 51.536499> 0.100000
	pigment { color rgbt <1,0,0,0> }
	no_shadow
}
sphere {
	0, 1
	scale<0.080000,0.200000,0.300000>
	matrix <0.765187, 0.639577, 0.073687,
		-0.055537, -0.048455, 0.997280,
		0.641408, -0.767198, -0.001557,
		38.982025, 55.653637, 51.536034>
	pigment { color rgbt <0,1,1,0> }
	no_shadow
}
cylinder {
	<39.031986, 56.368755, 52.050331>,  <38.533039, 56.190678, 51.537121>, 0.130000
	pigment { color rgbt <1,0,0,0> }
	no_shadow
}

// nucleotide -1

// particle -1
sphere {
	<39.031986, 56.368755, 52.050331> 0.250000
	pigment { color rgbt <1,0,0,0> }
	no_shadow
}
cylinder {
	<39.210297, 56.158600, 51.760437>,  <39.317284, 56.032505, 51.586498>, 0.100000
	pigment { color rgbt <1,0,0,0> }
	no_shadow
}
cylinder {
	<39.210297, 56.158600, 51.760437>,  <39.031986, 56.368755, 52.050331>, 0.100000
	pigment { color rgbt <1,0,0,0> }
	no_shadow
}

// particle -1
sphere {
	<39.210297, 56.158600, 51.760437> 0.100000
	pigment { color rgbt <1,0,0,0> }
	no_shadow
}
sphere {
	0, 1
	scale<0.080000,0.200000,0.300000>
	matrix <0.823787, 0.557553, 0.102514,
		0.350220, -0.642729, 0.681355,
		0.445781, -0.525389, -0.724738,
		39.344032, 56.000984, 51.543015>
	pigment { color rgbt <0,1,1,0> }
	no_shadow
}
cylinder {
	<39.726437, 56.160870, 52.230915>,  <39.031986, 56.368755, 52.050331>, 0.130000
	pigment { color rgbt <1,0,0,0> }
	no_shadow
}

// nucleotide -1

// particle -1
sphere {
	<39.726437, 56.160870, 52.230915> 0.250000
	pigment { color rgbt <1,0,0,0> }
	no_shadow
}
cylinder {
	<39.702797, 56.210529, 51.834713>,  <39.688614, 56.240326, 51.596992>, 0.100000
	pigment { color rgbt <1,0,0,0> }
	no_shadow
}
cylinder {
	<39.702797, 56.210529, 51.834713>,  <39.726437, 56.160870, 52.230915>, 0.100000
	pigment { color rgbt <1,0,0,0> }
	no_shadow
}

// particle -1
sphere {
	<39.702797, 56.210529, 51.834713> 0.100000
	pigment { color rgbt <1,0,0,0> }
	no_shadow
}
sphere {
	0, 1
	scale<0.080000,0.200000,0.300000>
	matrix <0.832924, 0.553039, 0.019617,
		0.550221, -0.823854, -0.136093,
		-0.059103, 0.124149, -0.990502,
		39.685066, 56.247772, 51.537563>
	pigment { color rgbt <0,1,1,0> }
	no_shadow
}
cylinder {
	<40.335979, 55.866688, 51.723221>,  <39.726437, 56.160870, 52.230915>, 0.130000
	pigment { color rgbt <1,0,0,0> }
	no_shadow
}

// nucleotide -1

// particle -1
sphere {
	<40.335979, 55.866688, 51.723221> 0.250000
	pigment { color rgbt <1,0,0,0> }
	no_shadow
}
cylinder {
	<40.173389, 56.186504, 51.546356>,  <40.075836, 56.378395, 51.440239>, 0.100000
	pigment { color rgbt <1,0,0,0> }
	no_shadow
}
cylinder {
	<40.173389, 56.186504, 51.546356>,  <40.335979, 55.866688, 51.723221>, 0.100000
	pigment { color rgbt <1,0,0,0> }
	no_shadow
}

// particle -1
sphere {
	<40.173389, 56.186504, 51.546356> 0.100000
	pigment { color rgbt <1,0,0,0> }
	no_shadow
}
sphere {
	0, 1
	scale<0.080000,0.200000,0.300000>
	matrix <0.897874, 0.439135, -0.031343,
		0.169107, -0.409742, -0.896390,
		-0.406479, 0.799545, -0.442157,
		40.051445, 56.426369, 51.413708>
	pigment { color rgbt <0,1,1,0> }
	no_shadow
}
cylinder {
	<40.542461, 55.977303, 51.118523>,  <40.335979, 55.866688, 51.723221>, 0.130000
	pigment { color rgbt <1,0,0,0> }
	no_shadow
}

// nucleotide -1

// particle -1
sphere {
	<40.542461, 55.977303, 51.118523> 0.250000
	pigment { color rgbt <1,0,0,0> }
	no_shadow
}
cylinder {
	<40.468048, 56.340546, 51.268578>,  <40.423401, 56.558495, 51.358608>, 0.100000
	pigment { color rgbt <1,0,0,0> }
	no_shadow
}
cylinder {
	<40.468048, 56.340546, 51.268578>,  <40.542461, 55.977303, 51.118523>, 0.100000
	pigment { color rgbt <1,0,0,0> }
	no_shadow
}

// particle -1
sphere {
	<40.468048, 56.340546, 51.268578> 0.100000
	pigment { color rgbt <1,0,0,0> }
	no_shadow
}
sphere {
	0, 1
	scale<0.080000,0.200000,0.300000>
	matrix <0.940629, 0.274927, -0.199078,
		-0.283920, 0.315827, -0.905341,
		-0.186029, 0.908112, 0.375133,
		40.412239, 56.612980, 51.381119>
	pigment { color rgbt <0,1,1,0> }
	no_shadow
}
cylinder {
	<40.811150, 56.420677, 50.636826>,  <40.542461, 55.977303, 51.118523>, 0.130000
	pigment { color rgbt <1,0,0,0> }
	no_shadow
}

// nucleotide -1

// particle -1
sphere {
	<40.811150, 56.420677, 50.636826> 0.250000
	pigment { color rgbt <1,0,0,0> }
	no_shadow
}
cylinder {
	<40.817455, 56.565239, 51.009735>,  <40.821239, 56.651978, 51.233482>, 0.100000
	pigment { color rgbt <1,0,0,0> }
	no_shadow
}
cylinder {
	<40.817455, 56.565239, 51.009735>,  <40.811150, 56.420677, 50.636826>, 0.100000
	pigment { color rgbt <1,0,0,0> }
	no_shadow
}

// particle -1
sphere {
	<40.817455, 56.565239, 51.009735> 0.100000
	pigment { color rgbt <1,0,0,0> }
	no_shadow
}
sphere {
	0, 1
	scale<0.080000,0.200000,0.300000>
	matrix <0.984140, 0.159153, -0.078344,
		-0.176689, 0.918725, -0.353166,
		0.015769, 0.361407, 0.932275,
		40.822186, 56.673660, 51.289417>
	pigment { color rgbt <0,1,1,0> }
	no_shadow
}
cylinder {
	<41.389221, 56.861397, 50.511929>,  <40.811150, 56.420677, 50.636826>, 0.130000
	pigment { color rgbt <1,0,0,0> }
	no_shadow
}

// nucleotide -1

// particle -1
sphere {
	<41.389221, 56.861397, 50.511929> 0.250000
	pigment { color rgbt <1,0,0,0> }
	no_shadow
}
cylinder {
	<41.335884, 56.830906, 50.907181>,  <41.303883, 56.812611, 51.144333>, 0.100000
	pigment { color rgbt <1,0,0,0> }
	no_shadow
}
cylinder {
	<41.335884, 56.830906, 50.907181>,  <41.389221, 56.861397, 50.511929>, 0.100000
	pigment { color rgbt <1,0,0,0> }
	no_shadow
}

// particle -1
sphere {
	<41.335884, 56.830906, 50.907181> 0.100000
	pigment { color rgbt <1,0,0,0> }
	no_shadow
}
sphere {
	0, 1
	scale<0.080000,0.200000,0.300000>
	matrix <0.986774, 0.082520, 0.139527,
		-0.092176, 0.993670, 0.064213,
		-0.133345, -0.076225, 0.988134,
		41.295879, 56.808037, 51.203621>
	pigment { color rgbt <0,1,1,0> }
	no_shadow
}
cylinder {
	<41.579361, 57.462208, 50.974892>,  <41.389221, 56.861397, 50.511929>, 0.130000
	pigment { color rgbt <1,0,0,0> }
	no_shadow
}

// nucleotide -1

// particle -1
sphere {
	<41.579361, 57.462208, 50.974892> 0.250000
	pigment { color rgbt <1,0,0,0> }
	no_shadow
}
cylinder {
	<41.668285, 57.114273, 51.151054>,  <41.721638, 56.905514, 51.256752>, 0.100000
	pigment { color rgbt <1,0,0,0> }
	no_shadow
}
cylinder {
	<41.668285, 57.114273, 51.151054>,  <41.579361, 57.462208, 50.974892>, 0.100000
	pigment { color rgbt <1,0,0,0> }
	no_shadow
}

// particle -1
sphere {
	<41.668285, 57.114273, 51.151054> 0.100000
	pigment { color rgbt <1,0,0,0> }
	no_shadow
}
sphere {
	0, 1
	scale<0.080000,0.200000,0.300000>
	matrix <0.955489, 0.284235, 0.079073,
		-0.193960, 0.403229, 0.894307,
		0.222309, -0.869838, 0.440411,
		41.734978, 56.853321, 51.283176>
	pigment { color rgbt <0,1,1,0> }
	no_shadow
}
cylinder {
	<41.932770, 57.649269, 51.633423>,  <41.579361, 57.462208, 50.974892>, 0.130000
	pigment { color rgbt <1,0,0,0> }
	no_shadow
}

// nucleotide -1

// particle -1
sphere {
	<41.932770, 57.649269, 51.633423> 0.250000
	pigment { color rgbt <1,0,0,0> }
	no_shadow
}
cylinder {
	<42.025177, 57.287872, 51.489014>,  <42.080624, 57.071033, 51.402367>, 0.100000
	pigment { color rgbt <1,0,0,0> }
	no_shadow
}
cylinder {
	<42.025177, 57.287872, 51.489014>,  <41.932770, 57.649269, 51.633423>, 0.100000
	pigment { color rgbt <1,0,0,0> }
	no_shadow
}

// particle -1
sphere {
	<42.025177, 57.287872, 51.489014> 0.100000
	pigment { color rgbt <1,0,0,0> }
	no_shadow
}
sphere {
	0, 1
	scale<0.080000,0.200000,0.300000>
	matrix <0.969133, 0.246518, 0.003227,
		0.086083, -0.350623, 0.932552,
		0.231022, -0.903489, -0.361022,
		42.094482, 57.016827, 51.380707>
	pigment { color rgbt <0,1,1,0> }
	no_shadow
}
cylinder {
	<42.470592, 57.383888, 52.152439>,  <41.932770, 57.649269, 51.633423>, 0.130000
	pigment { color rgbt <1,0,0,0> }
	no_shadow
}

// nucleotide -1

// particle -1
sphere {
	<42.470592, 57.383888, 52.152439> 0.250000
	pigment { color rgbt <1,0,0,0> }
	no_shadow
}
cylinder {
	<42.533993, 57.193176, 51.806591>,  <42.572033, 57.078751, 51.599083>, 0.100000
	pigment { color rgbt <1,0,0,0> }
	no_shadow
}
cylinder {
	<42.533993, 57.193176, 51.806591>,  <42.470592, 57.383888, 52.152439>, 0.100000
	pigment { color rgbt <1,0,0,0> }
	no_shadow
}

// particle -1
sphere {
	<42.533993, 57.193176, 51.806591> 0.100000
	pigment { color rgbt <1,0,0,0> }
	no_shadow
}
sphere {
	0, 1
	scale<0.080000,0.200000,0.300000>
	matrix <0.987291, 0.066210, 0.144478,
		-0.011637, -0.876526, 0.481213,
		0.158500, -0.476778, -0.864616,
		42.581543, 57.050144, 51.547207>
	pigment { color rgbt <0,1,1,0> }
	no_shadow
}
cylinder {
	<42.871208, 56.780041, 52.277504>,  <42.470592, 57.383888, 52.152439>, 0.130000
	pigment { color rgbt <1,0,0,0> }
	no_shadow
}

// nucleotide -1

// particle -1
sphere {
	<42.871208, 56.780041, 52.277504> 0.250000
	pigment { color rgbt <1,0,0,0> }
	no_shadow
}
cylinder {
	<42.916492, 56.950447, 51.918461>,  <42.943665, 57.052689, 51.703033>, 0.100000
	pigment { color rgbt <1,0,0,0> }
	no_shadow
}
cylinder {
	<42.916492, 56.950447, 51.918461>,  <42.871208, 56.780041, 52.277504>, 0.100000
	pigment { color rgbt <1,0,0,0> }
	no_shadow
}

// particle -1
sphere {
	<42.916492, 56.950447, 51.918461> 0.100000
	pigment { color rgbt <1,0,0,0> }
	no_shadow
}
sphere {
	0, 1
	scale<0.080000,0.200000,0.300000>
	matrix <0.956000, 0.199377, 0.215202,
		0.270641, -0.882475, -0.384696,
		0.113211, 0.426012, -0.897606,
		42.950455, 57.078251, 51.649178>
	pigment { color rgbt <0,1,1,0> }
	no_shadow
}
cylinder {
	<43.424080, 56.500969, 51.897850>,  <42.871208, 56.780041, 52.277504>, 0.130000
	pigment { color rgbt <1,0,0,0> }
	no_shadow
}

// nucleotide -1

// particle -1
sphere {
	<43.424080, 56.500969, 51.897850> 0.250000
	pigment { color rgbt <1,0,0,0> }
	no_shadow
}
cylinder {
	<43.637695, 56.584175, 51.570061>,  <43.765865, 56.634098, 51.373386>, 0.100000
	pigment { color rgbt <1,0,0,0> }
	no_shadow
}
cylinder {
	<43.637695, 56.584175, 51.570061>,  <43.424080, 56.500969, 51.897850>, 0.100000
	pigment { color rgbt <1,0,0,0> }
	no_shadow
}

// particle -1
sphere {
	<43.637695, 56.584175, 51.570061> 0.100000
	pigment { color rgbt <1,0,0,0> }
	no_shadow
}
sphere {
	0, 1
	scale<0.080000,0.200000,0.300000>
	matrix <0.837466, 0.002810, 0.546482,
		0.115980, -0.978121, -0.172707,
		0.534040, 0.208017, -0.819469,
		43.797909, 56.646580, 51.324219>
	pigment { color rgbt <0,1,1,0> }
	no_shadow
}
cylinder {
	<44.021450, 56.010300, 51.745808>,  <43.424080, 56.500969, 51.897850>, 0.130000
	pigment { color rgbt <1,0,0,0> }
	no_shadow
}

// nucleotide -1

// particle -1
sphere {
	<44.021450, 56.010300, 51.745808> 0.250000
	pigment { color rgbt <1,0,0,0> }
	no_shadow
}
cylinder {
	<44.077160, 56.394756, 51.650463>,  <44.110588, 56.625431, 51.593258>, 0.100000
	pigment { color rgbt <1,0,0,0> }
	no_shadow
}
cylinder {
	<44.077160, 56.394756, 51.650463>,  <44.021450, 56.010300, 51.745808>, 0.100000
	pigment { color rgbt <1,0,0,0> }
	no_shadow
}

// particle -1
sphere {
	<44.077160, 56.394756, 51.650463> 0.100000
	pigment { color rgbt <1,0,0,0> }
	no_shadow
}
sphere {
	0, 1
	scale<0.080000,0.200000,0.300000>
	matrix <0.877558, -0.008276, 0.479400,
		0.458797, -0.275943, -0.844607,
		0.139277, 0.961138, -0.238359,
		44.118942, 56.683098, 51.578957>
	pigment { color rgbt <0,1,1,0> }
	no_shadow
}
cylinder {
	<44.566692, 56.177895, 51.332150>,  <44.021450, 56.010300, 51.745808>, 0.130000
	pigment { color rgbt <1,0,0,0> }
	no_shadow
}

// nucleotide -1

// particle -1
sphere {
	<44.566692, 56.177895, 51.332150> 0.250000
	pigment { color rgbt <1,0,0,0> }
	no_shadow
}
cylinder {
	<44.500370, 56.498234, 51.562332>,  <44.460579, 56.690437, 51.700443>, 0.100000
	pigment { color rgbt <1,0,0,0> }
	no_shadow
}
cylinder {
	<44.500370, 56.498234, 51.562332>,  <44.566692, 56.177895, 51.332150>, 0.100000
	pigment { color rgbt <1,0,0,0> }
	no_shadow
}

// particle -1
sphere {
	<44.500370, 56.498234, 51.562332> 0.100000
	pigment { color rgbt <1,0,0,0> }
	no_shadow
}
sphere {
	0, 1
	scale<0.080000,0.200000,0.300000>
	matrix <0.904195, -0.109463, 0.412854,
		0.393624, 0.588781, -0.705972,
		-0.165803, 0.800846, 0.575460,
		44.450630, 56.738487, 51.734970>
	pigment { color rgbt <0,1,1,0> }
	no_shadow
}
cylinder {
	<45.175766, 56.623672, 51.365253>,  <44.566692, 56.177895, 51.332150>, 0.130000
	pigment { color rgbt <1,0,0,0> }
	no_shadow
}

// nucleotide -1

// particle -1
sphere {
	<45.175766, 56.623672, 51.365253> 0.250000
	pigment { color rgbt <1,0,0,0> }
	no_shadow
}
cylinder {
	<44.963657, 56.690781, 51.697678>,  <44.836391, 56.731045, 51.897133>, 0.100000
	pigment { color rgbt <1,0,0,0> }
	no_shadow
}
cylinder {
	<44.963657, 56.690781, 51.697678>,  <45.175766, 56.623672, 51.365253>, 0.100000
	pigment { color rgbt <1,0,0,0> }
	no_shadow
}

// particle -1
sphere {
	<44.963657, 56.690781, 51.697678> 0.100000
	pigment { color rgbt <1,0,0,0> }
	no_shadow
}
sphere {
	0, 1
	scale<0.080000,0.200000,0.300000>
	matrix <0.842641, -0.003947, 0.538462,
		0.093617, 0.985819, -0.139275,
		-0.530276, 0.167768, 0.831060,
		44.804573, 56.741112, 51.946995>
	pigment { color rgbt <0,1,1,0> }
	no_shadow
}
cylinder {
	<45.275787, 57.285782, 51.671436>,  <45.175766, 56.623672, 51.365253>, 0.130000
	pigment { color rgbt <1,0,0,0> }
	no_shadow
}

// nucleotide -1

// particle -1
sphere {
	<45.275787, 57.285782, 51.671436> 0.250000
	pigment { color rgbt <1,0,0,0> }
	no_shadow
}
cylinder {
	<45.171402, 57.052055, 51.978806>,  <45.108772, 56.911819, 52.163227>, 0.100000
	pigment { color rgbt <1,0,0,0> }
	no_shadow
}
cylinder {
	<45.171402, 57.052055, 51.978806>,  <45.275787, 57.285782, 51.671436>, 0.100000
	pigment { color rgbt <1,0,0,0> }
	no_shadow
}

// particle -1
sphere {
	<45.171402, 57.052055, 51.978806> 0.100000
	pigment { color rgbt <1,0,0,0> }
	no_shadow
}
sphere {
	0, 1
	scale<0.080000,0.200000,0.300000>
	matrix <0.922273, 0.084218, 0.377253,
		-0.285151, 0.807143, 0.516923,
		-0.260963, -0.584318, 0.768421,
		45.093113, 56.876759, 52.209332>
	pigment { color rgbt <0,1,1,0> }
	no_shadow
}
cylinder {
	<45.290604, 57.640102, 52.419994>,  <45.275787, 57.285782, 51.671436>, 0.130000
	pigment { color rgbt <1,0,0,0> }
	no_shadow
}

// nucleotide -1

// particle -1
sphere {
	<45.290604, 57.640102, 52.419994> 0.250000
	pigment { color rgbt <1,0,0,0> }
	no_shadow
}
cylinder {
	<45.387291, 57.252365, 52.402317>,  <45.445305, 57.019722, 52.391712>, 0.100000
	pigment { color rgbt <1,0,0,0> }
	no_shadow
}
cylinder {
	<45.387291, 57.252365, 52.402317>,  <45.290604, 57.640102, 52.419994>, 0.100000
	pigment { color rgbt <1,0,0,0> }
	no_shadow
}

// particle -1
sphere {
	<45.387291, 57.252365, 52.402317> 0.100000
	pigment { color rgbt <1,0,0,0> }
	no_shadow
}
sphere {
	0, 1
	scale<0.080000,0.200000,0.300000>
	matrix <0.937507, 0.221548, 0.268324,
		-0.250307, -0.106288, 0.962315,
		0.241719, -0.969340, -0.044191,
		45.459808, 56.961563, 52.389061>
	pigment { color rgbt <0,1,1,0> }
	no_shadow
}
cylinder {
	<45.619991, 57.436165, 53.094555>,  <45.290604, 57.640102, 52.419994>, 0.130000
	pigment { color rgbt <1,0,0,0> }
	no_shadow
}

// nucleotide -1

// particle -1
sphere {
	<45.619991, 57.436165, 53.094555> 0.250000
	pigment { color rgbt <1,0,0,0> }
	no_shadow
}
cylinder {
	<45.739059, 57.220264, 52.779579>,  <45.810501, 57.090725, 52.590595>, 0.100000
	pigment { color rgbt <1,0,0,0> }
	no_shadow
}
cylinder {
	<45.739059, 57.220264, 52.779579>,  <45.619991, 57.436165, 53.094555>, 0.100000
	pigment { color rgbt <1,0,0,0> }
	no_shadow
}

// particle -1
sphere {
	<45.739059, 57.220264, 52.779579> 0.100000
	pigment { color rgbt <1,0,0,0> }
	no_shadow
}
sphere {
	0, 1
	scale<0.080000,0.200000,0.300000>
	matrix <0.946165, 0.276639, 0.168055,
		0.127129, -0.795073, 0.593041,
		0.297674, -0.539750, -0.787439,
		45.828362, 57.058338, 52.543346>
	pigment { color rgbt <0,1,1,0> }
	no_shadow
}
cylinder {
	<46.322510, 57.163612, 53.264912>,  <45.619991, 57.436165, 53.094555>, 0.130000
	pigment { color rgbt <1,0,0,0> }
	no_shadow
}

// nucleotide -1

// particle -1
sphere {
	<46.322510, 57.163612, 53.264912> 0.250000
	pigment { color rgbt <1,0,0,0> }
	no_shadow
}
cylinder {
	<46.273376, 57.207935, 52.870422>,  <46.243896, 57.234531, 52.633728>, 0.100000
	pigment { color rgbt <1,0,0,0> }
	no_shadow
}
cylinder {
	<46.273376, 57.207935, 52.870422>,  <46.322510, 57.163612, 53.264912>, 0.100000
	pigment { color rgbt <1,0,0,0> }
	no_shadow
}

// particle -1
sphere {
	<46.273376, 57.207935, 52.870422> 0.100000
	pigment { color rgbt <1,0,0,0> }
	no_shadow
}
sphere {
	0, 1
	scale<0.080000,0.200000,0.300000>
	matrix <0.874940, 0.481107, -0.054915,
		0.468393, -0.869630, -0.156048,
		-0.122831, 0.110812, -0.986222,
		46.236526, 57.241180, 52.574554>
	pigment { color rgbt <0,1,1,0> }
	no_shadow
}
cylinder {
	<46.835682, 56.804874, 52.749523>,  <46.322510, 57.163612, 53.264912>, 0.130000
	pigment { color rgbt <1,0,0,0> }
	no_shadow
}

// nucleotide -1

// particle -1
sphere {
	<46.835682, 56.804874, 52.749523> 0.250000
	pigment { color rgbt <1,0,0,0> }
	no_shadow
}
cylinder {
	<46.673862, 57.163589, 52.677845>,  <46.576771, 57.378819, 52.634838>, 0.100000
	pigment { color rgbt <1,0,0,0> }
	no_shadow
}
cylinder {
	<46.673862, 57.163589, 52.677845>,  <46.835682, 56.804874, 52.749523>, 0.100000
	pigment { color rgbt <1,0,0,0> }
	no_shadow
}

// particle -1
sphere {
	<46.673862, 57.163589, 52.677845> 0.100000
	pigment { color rgbt <1,0,0,0> }
	no_shadow
}
sphere {
	0, 1
	scale<0.080000,0.200000,0.300000>
	matrix <0.902062, 0.359080, -0.239468,
		-0.150406, -0.258523, -0.954224,
		-0.404551, 0.896787, -0.179196,
		46.552498, 57.432625, 52.624084>
	pigment { color rgbt <0,1,1,0> }
	no_shadow
}
cylinder {
	<46.895977, 57.036663, 52.023251>,  <46.835682, 56.804874, 52.749523>, 0.130000
	pigment { color rgbt <1,0,0,0> }
	no_shadow
}

// nucleotide -1

// particle -1
sphere {
	<46.895977, 57.036663, 52.023251> 0.250000
	pigment { color rgbt <1,0,0,0> }
	no_shadow
}
cylinder {
	<46.935295, 57.302113, 52.319881>,  <46.958885, 57.461384, 52.497860>, 0.100000
	pigment { color rgbt <1,0,0,0> }
	no_shadow
}
cylinder {
	<46.935295, 57.302113, 52.319881>,  <46.895977, 57.036663, 52.023251>, 0.100000
	pigment { color rgbt <1,0,0,0> }
	no_shadow
}

// particle -1
sphere {
	<46.935295, 57.302113, 52.319881> 0.100000
	pigment { color rgbt <1,0,0,0> }
	no_shadow
}
sphere {
	0, 1
	scale<0.080000,0.200000,0.300000>
	matrix <0.975049, 0.084821, -0.205148,
		-0.199043, 0.743242, -0.638728,
		0.098297, 0.663624, 0.741580,
		46.964783, 57.501202, 52.542355>
	pigment { color rgbt <0,1,1,0> }
	no_shadow
}
cylinder {
	<47.283810, 57.622471, 51.715298>,  <46.895977, 57.036663, 52.023251>, 0.130000
	pigment { color rgbt <1,0,0,0> }
	no_shadow
}

// nucleotide -1

// particle -1
sphere {
	<47.283810, 57.622471, 51.715298> 0.250000
	pigment { color rgbt <1,0,0,0> }
	no_shadow
}
cylinder {
	<47.346199, 57.609131, 52.110176>,  <47.383633, 57.601128, 52.347103>, 0.100000
	pigment { color rgbt <1,0,0,0> }
	no_shadow
}
cylinder {
	<47.346199, 57.609131, 52.110176>,  <47.283810, 57.622471, 51.715298>, 0.100000
	pigment { color rgbt <1,0,0,0> }
	no_shadow
}

// particle -1
sphere {
	<47.346199, 57.609131, 52.110176> 0.100000
	pigment { color rgbt <1,0,0,0> }
	no_shadow
}
sphere {
	0, 1
	scale<0.080000,0.200000,0.300000>
	matrix <0.986175, 0.061890, -0.153718,
		-0.055972, 0.997526, 0.042539,
		0.155971, -0.033347, 0.987199,
		47.392990, 57.599125, 52.406334>
	pigment { color rgbt <0,1,1,0> }
	no_shadow
}
cylinder {
	<47.726307, 58.160275, 51.908745>,  <47.283810, 57.622471, 51.715298>, 0.130000
	pigment { color rgbt <1,0,0,0> }
	no_shadow
}

// nucleotide -1

// particle -1
sphere {
	<47.726307, 58.160275, 51.908745> 0.250000
	pigment { color rgbt <1,0,0,0> }
	no_shadow
}
cylinder {
	<47.743980, 57.855736, 52.167480>,  <47.754585, 57.673012, 52.322723>, 0.100000
	pigment { color rgbt <1,0,0,0> }
	no_shadow
}
cylinder {
	<47.743980, 57.855736, 52.167480>,  <47.726307, 58.160275, 51.908745>, 0.100000
	pigment { color rgbt <1,0,0,0> }
	no_shadow
}

// particle -1
sphere {
	<47.743980, 57.855736, 52.167480> 0.100000
	pigment { color rgbt <1,0,0,0> }
	no_shadow
}
sphere {
	0, 1
	scale<0.080000,0.200000,0.300000>
	matrix <0.994662, 0.093959, 0.042651,
		-0.093248, 0.641505, 0.761431,
		0.044182, -0.761343, 0.646842,
		47.757236, 57.627335, 52.361534>
	pigment { color rgbt <0,1,1,0> }
	no_shadow
}
cylinder {
	<48.122700, 58.463772, 52.513309>,  <47.726307, 58.160275, 51.908745>, 0.130000
	pigment { color rgbt <1,0,0,0> }
	no_shadow
}

// nucleotide -1

// particle -1
sphere {
	<48.122700, 58.463772, 52.513309> 0.250000
	pigment { color rgbt <1,0,0,0> }
	no_shadow
}
cylinder {
	<48.170746, 58.071121, 52.454002>,  <48.199574, 57.835529, 52.418419>, 0.100000
	pigment { color rgbt <1,0,0,0> }
	no_shadow
}
cylinder {
	<48.170746, 58.071121, 52.454002>,  <48.122700, 58.463772, 52.513309>, 0.100000
	pigment { color rgbt <1,0,0,0> }
	no_shadow
}

// particle -1
sphere {
	<48.170746, 58.071121, 52.454002> 0.100000
	pigment { color rgbt <1,0,0,0> }
	no_shadow
}
sphere {
	0, 1
	scale<0.080000,0.200000,0.300000>
	matrix <0.992361, 0.114482, 0.045978,
		-0.028160, -0.152655, 0.987878,
		0.120113, -0.981626, -0.148265,
		48.206779, 57.776634, 52.409523>
	pigment { color rgbt <0,1,1,0> }
	no_shadow
}
cylinder {
	<48.462009, 58.285381, 53.045067>,  <48.122700, 58.463772, 52.513309>, 0.130000
	pigment { color rgbt <1,0,0,0> }
	no_shadow
}

// nucleotide -1

// particle -1
sphere {
	<48.462009, 58.285381, 53.045067> 0.250000
	pigment { color rgbt <1,0,0,0> }
	no_shadow
}
cylinder {
	<48.542839, 58.015209, 52.761391>,  <48.591335, 57.853104, 52.591183>, 0.100000
	pigment { color rgbt <1,0,0,0> }
	no_shadow
}
cylinder {
	<48.542839, 58.015209, 52.761391>,  <48.462009, 58.285381, 53.045067>, 0.100000
	pigment { color rgbt <1,0,0,0> }
	no_shadow
}

// particle -1
sphere {
	<48.542839, 58.015209, 52.761391> 0.100000
	pigment { color rgbt <1,0,0,0> }
	no_shadow
}
sphere {
	0, 1
	scale<0.080000,0.200000,0.300000>
	matrix <0.979294, 0.130286, 0.154950,
		-0.012260, -0.725821, 0.687774,
		0.202073, -0.675433, -0.709195,
		48.603462, 57.812580, 52.548634>
	pigment { color rgbt <0,1,1,0> }
	no_shadow
}
cylinder {
	<48.916737, 57.785694, 53.146244>,  <48.462009, 58.285381, 53.045067>, 0.130000
	pigment { color rgbt <1,0,0,0> }
	no_shadow
}

// nucleotide -1

// particle -1
sphere {
	<48.916737, 57.785694, 53.146244> 0.250000
	pigment { color rgbt <1,0,0,0> }
	no_shadow
}
cylinder {
	<48.946884, 57.770672, 52.747665>,  <48.964973, 57.761658, 52.508518>, 0.100000
	pigment { color rgbt <1,0,0,0> }
	no_shadow
}
cylinder {
	<48.946884, 57.770672, 52.747665>,  <48.916737, 57.785694, 53.146244>, 0.100000
	pigment { color rgbt <1,0,0,0> }
	no_shadow
}

// particle -1
sphere {
	<48.946884, 57.770672, 52.747665> 0.100000
	pigment { color rgbt <1,0,0,0> }
	no_shadow
}
sphere {
	0, 1
	scale<0.080000,0.200000,0.300000>
	matrix <0.989891, -0.117588, 0.079304,
		-0.120149, -0.992352, 0.028312,
		0.075369, -0.037554, -0.996448,
		48.969494, 57.759407, 52.448730>
	pigment { color rgbt <0,1,1,0> }
	no_shadow
}
cylinder {
	<49.258430, 57.194752, 52.985462>,  <48.916737, 57.785694, 53.146244>, 0.130000
	pigment { color rgbt <1,0,0,0> }
	no_shadow
}

// nucleotide -1

// particle -1
sphere {
	<49.258430, 57.194752, 52.985462> 0.250000
	pigment { color rgbt <1,0,0,0> }
	no_shadow
}
cylinder {
	<49.298721, 57.476582, 52.704483>,  <49.322895, 57.645679, 52.535896>, 0.100000
	pigment { color rgbt <1,0,0,0> }
	no_shadow
}
cylinder {
	<49.298721, 57.476582, 52.704483>,  <49.258430, 57.194752, 52.985462>, 0.100000
	pigment { color rgbt <1,0,0,0> }
	no_shadow
}

// particle -1
sphere {
	<49.298721, 57.476582, 52.704483> 0.100000
	pigment { color rgbt <1,0,0,0> }
	no_shadow
}
sphere {
	0, 1
	scale<0.080000,0.200000,0.300000>
	matrix <0.994896, -0.075598, 0.066834,
		-0.006014, -0.705595, -0.708590,
		0.100726, 0.704571, -0.702449,
		49.328938, 57.687954, 52.493748>
	pigment { color rgbt <0,1,1,0> }
	no_shadow
}
cylinder {
	<49.836472, 56.898937, 52.641087>,  <49.258430, 57.194752, 52.985462>, 0.130000
	pigment { color rgbt <1,0,0,0> }
	no_shadow
}

// nucleotide -1

// particle -1
sphere {
	<49.836472, 56.898937, 52.641087> 0.250000
	pigment { color rgbt <1,0,0,0> }
	no_shadow
}
cylinder {
	<49.803486, 57.296532, 52.612267>,  <49.783695, 57.535088, 52.594975>, 0.100000
	pigment { color rgbt <1,0,0,0> }
	no_shadow
}
cylinder {
	<49.803486, 57.296532, 52.612267>,  <49.836472, 56.898937, 52.641087>, 0.100000
	pigment { color rgbt <1,0,0,0> }
	no_shadow
}

// particle -1
sphere {
	<49.803486, 57.296532, 52.612267> 0.100000
	pigment { color rgbt <1,0,0,0> }
	no_shadow
}
sphere {
	0, 1
	scale<0.080000,0.200000,0.300000>
	matrix <0.989426, 0.090310, 0.113493,
		0.119318, -0.061932, -0.990923,
		-0.082462, 0.993986, -0.072053,
		49.778748, 57.594727, 52.590652>
	pigment { color rgbt <0,1,1,0> }
	no_shadow
}
cylinder {
	<50.319649, 57.402527, 52.199036>,  <49.836472, 56.898937, 52.641087>, 0.130000
	pigment { color rgbt <1,0,0,0> }
	no_shadow
}

// nucleotide -1

// particle -1
sphere {
	<50.319649, 57.402527, 52.199036> 0.250000
	pigment { color rgbt <1,0,0,0> }
	no_shadow
}
cylinder {
	<50.222244, 57.553551, 52.556393>,  <50.163803, 57.644165, 52.770809>, 0.100000
	pigment { color rgbt <1,0,0,0> }
	no_shadow
}
cylinder {
	<50.222244, 57.553551, 52.556393>,  <50.319649, 57.402527, 52.199036>, 0.100000
	pigment { color rgbt <1,0,0,0> }
	no_shadow
}

// particle -1
sphere {
	<50.222244, 57.553551, 52.556393> 0.100000
	pigment { color rgbt <1,0,0,0> }
	no_shadow
}
sphere {
	0, 1
	scale<0.080000,0.200000,0.300000>
	matrix <0.969038, 0.133498, 0.207711,
		-0.040843, 0.916313, -0.398374,
		-0.243510, 0.377556, 0.893395,
		50.149193, 57.666817, 52.824409>
	pigment { color rgbt <0,1,1,0> }
	no_shadow
}
cylinder {
	<50.750904, 57.963505, 52.459003>,  <50.319649, 57.402527, 52.199036>, 0.130000
	pigment { color rgbt <1,0,0,0> }
	no_shadow
}

// nucleotide -1

// particle -1
sphere {
	<50.750904, 57.963505, 52.459003> 0.250000
	pigment { color rgbt <1,0,0,0> }
	no_shadow
}
cylinder {
	<50.612869, 57.805000, 52.799332>,  <50.530048, 57.709896, 53.003529>, 0.100000
	pigment { color rgbt <1,0,0,0> }
	no_shadow
}
cylinder {
	<50.612869, 57.805000, 52.799332>,  <50.750904, 57.963505, 52.459003>, 0.100000
	pigment { color rgbt <1,0,0,0> }
	no_shadow
}

// particle -1
sphere {
	<50.612869, 57.805000, 52.799332> 0.100000
	pigment { color rgbt <1,0,0,0> }
	no_shadow
}
sphere {
	0, 1
	scale<0.080000,0.200000,0.300000>
	matrix <0.932200, -0.039270, 0.359806,
		-0.109166, 0.917297, 0.382948,
		-0.345088, -0.396263, 0.850817,
		50.509342, 57.686123, 53.054577>
	pigment { color rgbt <0,1,1,0> }
	no_shadow
}
cylinder {
	<51.036518, 58.274750, 53.103401>,  <50.750904, 57.963505, 52.459003>, 0.130000
	pigment { color rgbt <1,0,0,0> }
	no_shadow
}

// nucleotide -1

// particle -1
sphere {
	<51.036518, 58.274750, 53.103401> 0.250000
	pigment { color rgbt <1,0,0,0> }
	no_shadow
}
cylinder {
	<50.918648, 57.915146, 53.232986>,  <50.847927, 57.699383, 53.310738>, 0.100000
	pigment { color rgbt <1,0,0,0> }
	no_shadow
}
cylinder {
	<50.918648, 57.915146, 53.232986>,  <51.036518, 58.274750, 53.103401>, 0.100000
	pigment { color rgbt <1,0,0,0> }
	no_shadow
}

// particle -1
sphere {
	<50.918648, 57.915146, 53.232986> 0.100000
	pigment { color rgbt <1,0,0,0> }
	no_shadow
}
sphere {
	0, 1
	scale<0.080000,0.200000,0.300000>
	matrix <0.800427, -0.047018, 0.597583,
		-0.522000, 0.435400, 0.733446,
		-0.294673, -0.899009, 0.323962,
		50.830246, 57.645443, 53.330173>
	pigment { color rgbt <0,1,1,0> }
	no_shadow
}
cylinder {
	<51.229321, 58.303646, 53.850342>,  <51.036518, 58.274750, 53.103401>, 0.130000
	pigment { color rgbt <1,0,0,0> }
	no_shadow
}

// nucleotide -1

// particle -1
sphere {
	<51.229321, 58.303646, 53.850342> 0.250000
	pigment { color rgbt <1,0,0,0> }
	no_shadow
}
cylinder {
	<51.202721, 57.922611, 53.731583>,  <51.186760, 57.693989, 53.660328>, 0.100000
	pigment { color rgbt <1,0,0,0> }
	no_shadow
}
cylinder {
	<51.202721, 57.922611, 53.731583>,  <51.229321, 58.303646, 53.850342>, 0.100000
	pigment { color rgbt <1,0,0,0> }
	no_shadow
}

// particle -1
sphere {
	<51.202721, 57.922611, 53.731583> 0.100000
	pigment { color rgbt <1,0,0,0> }
	no_shadow
}
sphere {
	0, 1
	scale<0.080000,0.200000,0.300000>
	matrix <0.615143, -0.273420, 0.739487,
		-0.785606, -0.133462, 0.604161,
		-0.066497, -0.952591, -0.296898,
		51.182770, 57.636833, 53.642513>
	pigment { color rgbt <0,1,1,0> }
	no_shadow
}
cylinder {
	<50.832977, 57.815720, 54.350224>,  <51.229321, 58.303646, 53.850342>, 0.130000
	pigment { color rgbt <1,0,0,0> }
	no_shadow
}

// nucleotide -1

// particle -1
sphere {
	<50.832977, 57.815720, 54.350224> 0.250000
	pigment { color rgbt <1,0,0,0> }
	no_shadow
}
cylinder {
	<51.114521, 57.635509, 54.130547>,  <51.283447, 57.527382, 53.998741>, 0.100000
	pigment { color rgbt <1,0,0,0> }
	no_shadow
}
cylinder {
	<51.114521, 57.635509, 54.130547>,  <50.832977, 57.815720, 54.350224>, 0.100000
	pigment { color rgbt <1,0,0,0> }
	no_shadow
}

// particle -1
sphere {
	<51.114521, 57.635509, 54.130547> 0.100000
	pigment { color rgbt <1,0,0,0> }
	no_shadow
}
sphere {
	0, 1
	scale<0.080000,0.200000,0.300000>
	matrix <0.474691, -0.276840, 0.835481,
		-0.528447, -0.848753, 0.019008,
		0.703855, -0.450530, -0.549191,
		51.325676, 57.500351, 53.965790>
	pigment { color rgbt <0,1,1,0> }
	no_shadow
}
cylinder {
	<50.925900, 57.147514, 54.597473>,  <50.832977, 57.815720, 54.350224>, 0.130000
	pigment { color rgbt <1,0,0,0> }
	no_shadow
}

// nucleotide -1

// particle -1
sphere {
	<50.925900, 57.147514, 54.597473> 0.250000
	pigment { color rgbt <1,0,0,0> }
	no_shadow
}
cylinder {
	<51.286396, 57.242592, 54.452545>,  <51.502693, 57.299637, 54.365589>, 0.100000
	pigment { color rgbt <1,0,0,0> }
	no_shadow
}
cylinder {
	<51.286396, 57.242592, 54.452545>,  <50.925900, 57.147514, 54.597473>, 0.100000
	pigment { color rgbt <1,0,0,0> }
	no_shadow
}

// particle -1
sphere {
	<51.286396, 57.242592, 54.452545> 0.100000
	pigment { color rgbt <1,0,0,0> }
	no_shadow
}
sphere {
	0, 1
	scale<0.080000,0.200000,0.300000>
	matrix <0.427201, -0.347303, 0.834793,
		0.072588, -0.907130, -0.414544,
		0.901238, 0.237690, -0.362317,
		51.556767, 57.313900, 54.343849>
	pigment { color rgbt <0,1,1,0> }
	no_shadow
}
cylinder {
	<51.304909, 56.555763, 54.676380>,  <50.925900, 57.147514, 54.597473>, 0.130000
	pigment { color rgbt <1,0,0,0> }
	no_shadow
}

// nucleotide -1

// particle -1
sphere {
	<51.304909, 56.555763, 54.676380> 0.250000
	pigment { color rgbt <1,0,0,0> }
	no_shadow
}
cylinder {
	<51.519970, 56.890141, 54.720444>,  <51.649006, 57.090767, 54.746883>, 0.100000
	pigment { color rgbt <1,0,0,0> }
	no_shadow
}
cylinder {
	<51.519970, 56.890141, 54.720444>,  <51.304909, 56.555763, 54.676380>, 0.100000
	pigment { color rgbt <1,0,0,0> }
	no_shadow
}

// particle -1
sphere {
	<51.519970, 56.890141, 54.720444> 0.100000
	pigment { color rgbt <1,0,0,0> }
	no_shadow
}
sphere {
	0, 1
	scale<0.080000,0.200000,0.300000>
	matrix <0.427430, -0.382835, 0.818988,
		0.726799, -0.393242, -0.563137,
		0.537649, 0.835941, 0.110161,
		51.681263, 57.140923, 54.753490>
	pigment { color rgbt <0,1,1,0> }
	no_shadow
}
cylinder {
	<52.008514, 56.412251, 54.464989>,  <51.304909, 56.555763, 54.676380>, 0.130000
	pigment { color rgbt <1,0,0,0> }
	no_shadow
}

// nucleotide -1

// particle -1
sphere {
	<52.008514, 56.412251, 54.464989> 0.250000
	pigment { color rgbt <1,0,0,0> }
	no_shadow
}
cylinder {
	<51.973766, 56.700375, 54.740265>,  <51.952915, 56.873249, 54.905430>, 0.100000
	pigment { color rgbt <1,0,0,0> }
	no_shadow
}
cylinder {
	<51.973766, 56.700375, 54.740265>,  <52.008514, 56.412251, 54.464989>, 0.100000
	pigment { color rgbt <1,0,0,0> }
	no_shadow
}

// particle -1
sphere {
	<51.973766, 56.700375, 54.740265> 0.100000
	pigment { color rgbt <1,0,0,0> }
	no_shadow
}
sphere {
	0, 1
	scale<0.080000,0.200000,0.300000>
	matrix <0.709681, -0.440059, 0.550183,
		0.699147, 0.536194, -0.472959,
