// switches for output
#declare DRAW_BASES = 1; // possible values are 0, 1; only relevant for DNA ribbons
#declare DRAW_BASES_TYPE = 3; // possible values are 1, 2, 3; only relevant for DNA ribbons
#declare DRAW_FOG = 0; // set to 1 to enable fog

#include "colors.inc"

#include "transforms.inc"
background { rgb <1, 1, 1>}

#default {
   normal{
       ripples 0.25
       frequency 0.20
       turbulence 0.2
       lambda 5
   }
	finish {
		phong 0.1
		phong_size 40.
	}
}

// original window dimensions: 1024x640


// camera settings

camera {
	sky <-0, 1, 0>
	up <-0, 1, 0>
	right 1.6 * <0.99995, 0, 0.00999983>
	location <54.4867, 55, 106.329>
	look_at <55, 55, 55.0001>
	direction <0.513302, 0, -51.3289>
	angle 67.0682
}


# declare cpy_camera_pos = <54.4867, 55, 106.329>;
# if (DRAW_FOG = 1)
fog {
	fog_type 2
	up vnormalize(cpy_camera_pos)
	color rgbt<1,1,1,0.3>
	distance 1e-5
	fog_alt 3e-3
	fog_offset 88
}
# end


// LIGHTS

# declare lum = 6;
global_settings {
	ambient_light rgb lum * <0.05, 0.05, 0.05>
	max_trace_level 15
}# declare cpy_direct_light_amount = 0.25;
light_source
{	1000 * <-0.98995, -1, 1.00995>,
	rgb lum * cpy_direct_light_amount
	parallel
}

light_source
{	1000 * <0.98995, 1, -1.00995>,
	rgb lum * cpy_direct_light_amount
	parallel
}

// strand 0

// nucleotide -1

// particle -1
sphere {
	<35.464314, 53.010056, 49.579945> 0.250000
	pigment { color rgbt <1,0,0,0> }
	no_shadow
}
cylinder {
	<35.740116, 52.781708, 49.401649>,  <35.905598, 52.644699, 49.294674>, 0.100000
	pigment { color rgbt <1,0,0,0> }
	no_shadow
}
cylinder {
	<35.740116, 52.781708, 49.401649>,  <35.464314, 53.010056, 49.579945>, 0.100000
	pigment { color rgbt <1,0,0,0> }
	no_shadow
}

// particle -1
sphere {
	<35.740116, 52.781708, 49.401649> 0.100000
	pigment { color rgbt <1,0,0,0> }
	no_shadow
}
sphere {
	0, 1
	scale<0.080000,0.200000,0.300000>
	matrix <0.681657, 0.719485, 0.132985,
		0.244783, -0.395534, 0.885231,
		0.689511, -0.570871, -0.445736,
		35.946968, 52.610447, 49.267929>
	pigment { color rgbt <0,1,1,0> }
	no_shadow
}
cylinder {
	<35.947292, 52.955364, 50.023155>,  <35.464314, 53.010056, 49.579945>, 0.130000
	pigment { color rgbt <1,0,0,0> }
	no_shadow
}

// nucleotide -1

// particle -1
sphere {
	<35.947292, 52.955364, 50.023155> 0.250000
	pigment { color rgbt <1,0,0,0> }
	no_shadow
}
cylinder {
	<36.107449, 52.915886, 49.658749>,  <36.203541, 52.892200, 49.440105>, 0.100000
	pigment { color rgbt <1,0,0,0> }
	no_shadow
}
cylinder {
	<36.107449, 52.915886, 49.658749>,  <35.947292, 52.955364, 50.023155>, 0.100000
	pigment { color rgbt <1,0,0,0> }
	no_shadow
}

// particle -1
sphere {
	<36.107449, 52.915886, 49.658749> 0.100000
	pigment { color rgbt <1,0,0,0> }
	no_shadow
}
sphere {
	0, 1
	scale<0.080000,0.200000,0.300000>
	matrix <0.684731, 0.692910, 0.225872,
		0.608959, -0.714237, 0.345013,
		0.400389, -0.098694, -0.911015,
		36.227566, 52.886276, 49.385445>
	pigment { color rgbt <0,1,1,0> }
	no_shadow
}
cylinder {
	<36.794983, 52.725056, 50.030807>,  <35.947292, 52.955364, 50.023155>, 0.130000
	pigment { color rgbt <1,0,0,0> }
	no_shadow
}

// nucleotide -1

// particle -1
sphere {
	<36.794983, 52.725056, 50.030807> 0.250000
	pigment { color rgbt <1,0,0,0> }
	no_shadow
}
cylinder {
	<36.660225, 52.940144, 49.721653>,  <36.579369, 53.069199, 49.536160>, 0.100000
	pigment { color rgbt <1,0,0,0> }
	no_shadow
}
cylinder {
	<36.660225, 52.940144, 49.721653>,  <36.794983, 52.725056, 50.030807>, 0.100000
	pigment { color rgbt <1,0,0,0> }
	no_shadow
}

// particle -1
sphere {
	<36.660225, 52.940144, 49.721653> 0.100000
	pigment { color rgbt <1,0,0,0> }
	no_shadow
}
sphere {
	0, 1
	scale<0.080000,0.200000,0.300000>
	matrix <0.691126, 0.698696, 0.184848,
		0.639411, -0.471888, -0.607022,
		-0.336896, 0.537723, -0.772888,
		36.559155, 53.101460, 49.489788>
	pigment { color rgbt <0,1,1,0> }
	no_shadow
}
cylinder {
	<37.436264, 52.435417, 50.329536>,  <36.794983, 52.725056, 50.030807>, 0.130000
	pigment { color rgbt <1,0,0,0> }
	no_shadow
}

// nucleotide -1

// particle -1
sphere {
	<37.436264, 52.435417, 50.329536> 0.250000
	pigment { color rgbt <1,0,0,0> }
	no_shadow
}
cylinder {
	<37.612206, 52.401764, 50.687183>,  <37.717770, 52.381573, 50.901772>, 0.100000
	pigment { color rgbt <1,0,0,0> }
	no_shadow
}
cylinder {
	<37.612206, 52.401764, 50.687183>,  <37.436264, 52.435417, 50.329536>, 0.100000
	pigment { color rgbt <1,0,0,0> }
	no_shadow
}

// particle -1
sphere {
	<37.612206, 52.401764, 50.687183> 0.100000
	pigment { color rgbt <1,0,0,0> }
	no_shadow
}
sphere {
	0, 1
	scale<0.080000,0.200000,0.300000>
	matrix <-0.627308, -0.741241, 0.238844,
		0.642664, -0.665945, -0.378814,
		0.439850, -0.084136, 0.894122,
		37.744160, 52.376522, 50.955421>
	pigment { color rgbt <0,1,1,0> }
	no_shadow
}
cylinder {
	<37.863403, 51.796284, 50.501884>,  <37.436264, 52.435417, 50.329536>, 0.130000
	pigment { color rgbt <1,0,0,0> }
	no_shadow
}

// nucleotide -1

// particle -1
sphere {
	<37.863403, 51.796284, 50.501884> 0.250000
	pigment { color rgbt <1,0,0,0> }
	no_shadow
}
cylinder {
	<37.669361, 51.946781, 50.817635>,  <37.552937, 52.037079, 51.007084>, 0.100000
	pigment { color rgbt <1,0,0,0> }
	no_shadow
}
cylinder {
	<37.669361, 51.946781, 50.817635>,  <37.863403, 51.796284, 50.501884>, 0.100000
	pigment { color rgbt <1,0,0,0> }
	no_shadow
}

// particle -1
sphere {
	<37.669361, 51.946781, 50.817635> 0.100000
	pigment { color rgbt <1,0,0,0> }
	no_shadow
}
sphere {
	0, 1
	scale<0.080000,0.200000,0.300000>
	matrix <-0.570696, -0.820176, 0.040214,
		0.662557, -0.430986, 0.612592,
		-0.485102, 0.376248, 0.789375,
		37.523830, 52.059654, 51.054447>
	pigment { color rgbt <0,1,1,0> }
	no_shadow
}
cylinder {
	<38.573425, 51.778439, 50.853149>,  <37.863403, 51.796284, 50.501884>, 0.130000
	pigment { color rgbt <1,0,0,0> }
	no_shadow
}

// nucleotide -1

// particle -1
sphere {
	<38.573425, 51.778439, 50.853149> 0.250000
	pigment { color rgbt <1,0,0,0> }
	no_shadow
}
cylinder {
	<38.781841, 52.097645, 50.974270>,  <38.906891, 52.289169, 51.046944>, 0.100000
	pigment { color rgbt <1,0,0,0> }
	no_shadow
}
cylinder {
	<38.781841, 52.097645, 50.974270>,  <38.573425, 51.778439, 50.853149>, 0.100000
	pigment { color rgbt <1,0,0,0> }
	no_shadow
}

// particle -1
sphere {
	<38.781841, 52.097645, 50.974270> 0.100000
	pigment { color rgbt <1,0,0,0> }
	no_shadow
}
sphere {
	0, 1
	scale<0.080000,0.200000,0.300000>
	matrix <0.115579, -0.417462, 0.901314,
		0.845668, -0.434626, -0.309750,
		0.521043, 0.798013, 0.302801,
		38.938156, 52.337048, 51.065109>
	pigment { color rgbt <0,1,1,0> }
	no_shadow
}
cylinder {
	<39.090374, 51.544224, 51.242668>,  <38.573425, 51.778439, 50.853149>, 0.130000
	pigment { color rgbt <1,0,0,0> }
	no_shadow
}

// nucleotide -1

// particle -1
sphere {
	<39.090374, 51.544224, 51.242668> 0.250000
	pigment { color rgbt <1,0,0,0> }
	no_shadow
}
cylinder {
	<39.093975, 51.928658, 51.353111>,  <39.096134, 52.159317, 51.419376>, 0.100000
	pigment { color rgbt <1,0,0,0> }
	no_shadow
}
cylinder {
	<39.093975, 51.928658, 51.353111>,  <39.090374, 51.544224, 51.242668>, 0.100000
	pigment { color rgbt <1,0,0,0> }
	no_shadow
}

// particle -1
sphere {
	<39.093975, 51.928658, 51.353111> 0.100000
	pigment { color rgbt <1,0,0,0> }
	no_shadow
}
sphere {
	0, 1
	scale<0.080000,0.200000,0.300000>
	matrix <0.392951, -0.257303, 0.882828,
		0.919515, 0.100548, -0.379976,
		0.009002, 0.961086, 0.276104,
		39.096676, 52.216984, 51.435944>
	pigment { color rgbt <0,1,1,0> }
	no_shadow
}
cylinder {
	<39.733128, 51.803474, 51.228153>,  <39.090374, 51.544224, 51.242668>, 0.130000
	pigment { color rgbt <1,0,0,0> }
	no_shadow
}

// nucleotide -1

// particle -1
sphere {
	<39.733128, 51.803474, 51.228153> 0.250000
	pigment { color rgbt <1,0,0,0> }
	no_shadow
}
cylinder {
	<39.493332, 51.970627, 51.501205>,  <39.349453, 52.070919, 51.665039>, 0.100000
	pigment { color rgbt <1,0,0,0> }
	no_shadow
}
cylinder {
	<39.493332, 51.970627, 51.501205>,  <39.733128, 51.803474, 51.228153>, 0.100000
	pigment { color rgbt <1,0,0,0> }
	no_shadow
}

// particle -1
sphere {
	<39.493332, 51.970627, 51.501205> 0.100000
	pigment { color rgbt <1,0,0,0> }
	no_shadow
}
sphere {
	0, 1
	scale<0.080000,0.200000,0.300000>
	matrix <0.506294, -0.462576, 0.727798,
		0.619903, 0.781920, 0.065738,
		-0.599489, 0.417881, 0.682633,
		39.313484, 52.095993, 51.705994>
	pigment { color rgbt <0,1,1,0> }
	no_shadow
}
cylinder {
	<40.117882, 52.462555, 50.882812>,  <39.733128, 51.803474, 51.228153>, 0.130000
	pigment { color rgbt <1,0,0,0> }
	no_shadow
}

// nucleotide -1

// particle -1
sphere {
	<40.117882, 52.462555, 50.882812> 0.250000
	pigment { color rgbt <1,0,0,0> }
	no_shadow
}
cylinder {
	<40.295109, 52.775742, 50.708153>,  <40.401443, 52.963654, 50.603355>, 0.100000
	pigment { color rgbt <1,0,0,0> }
	no_shadow
}
cylinder {
	<40.295109, 52.775742, 50.708153>,  <40.117882, 52.462555, 50.882812>, 0.100000
	pigment { color rgbt <1,0,0,0> }
	no_shadow
}

// particle -1
sphere {
	<40.295109, 52.775742, 50.708153> 0.100000
	pigment { color rgbt <1,0,0,0> }
	no_shadow
}
sphere {
	0, 1
	scale<0.080000,0.200000,0.300000>
	matrix <-0.124045, 0.535923, 0.835104,
		0.887866, -0.315841, 0.334572,
		0.443065, 0.782963, -0.436649,
		40.428028, 53.010632, 50.577156>
	pigment { color rgbt <0,1,1,0> }
	no_shadow
}
cylinder {
	<40.688553, 52.792614, 51.286980>,  <40.117882, 52.462555, 50.882812>, 0.130000
	pigment { color rgbt <1,0,0,0> }
	no_shadow
}

// nucleotide -1

// particle -1
sphere {
	<40.688553, 52.792614, 51.286980> 0.250000
	pigment { color rgbt <1,0,0,0> }
	no_shadow
}
cylinder {
	<40.576565, 53.076302, 51.028175>,  <40.509373, 53.246513, 50.872894>, 0.100000
	pigment { color rgbt <1,0,0,0> }
	no_shadow
}
cylinder {
	<40.576565, 53.076302, 51.028175>,  <40.688553, 52.792614, 51.286980>, 0.100000
	pigment { color rgbt <1,0,0,0> }
	no_shadow
}

// particle -1
sphere {
	<40.576565, 53.076302, 51.028175> 0.100000
	pigment { color rgbt <1,0,0,0> }
	no_shadow
}
sphere {
	0, 1
	scale<0.080000,0.200000,0.300000>
	matrix <-0.128497, 0.640212, 0.757375,
		0.951370, 0.295180, -0.088106,
		-0.279969, 0.709223, -0.647008,
		40.492573, 53.289070, 50.834072>
	pigment { color rgbt <0,1,1,0> }
	no_shadow
}
cylinder {
	<41.100700, 53.434185, 51.336273>,  <40.688553, 52.792614, 51.286980>, 0.130000
	pigment { color rgbt <1,0,0,0> }
	no_shadow
}

// nucleotide -1

// particle -1
sphere {
	<41.100700, 53.434185, 51.336273> 0.250000
	pigment { color rgbt <1,0,0,0> }
	no_shadow
}
cylinder {
	<40.716808, 53.489376, 51.238396>,  <40.486473, 53.522491, 51.179668>, 0.100000
	pigment { color rgbt <1,0,0,0> }
	no_shadow
}
cylinder {
	<40.716808, 53.489376, 51.238396>,  <41.100700, 53.434185, 51.336273>, 0.100000
	pigment { color rgbt <1,0,0,0> }
	no_shadow
}

// particle -1
sphere {
	<40.716808, 53.489376, 51.238396> 0.100000
	pigment { color rgbt <1,0,0,0> }
	no_shadow
}
sphere {
	0, 1
	scale<0.080000,0.200000,0.300000>
	matrix <-0.111570, 0.612187, 0.782802,
		0.257803, 0.778582, -0.572143,
		-0.959734, 0.137975, -0.244690,
		40.428886, 53.530769, 51.164989>
	pigment { color rgbt <0,1,1,0> }
	no_shadow
}
cylinder {
	<40.895283, 54.163994, 51.074669>,  <41.100700, 53.434185, 51.336273>, 0.130000
	pigment { color rgbt <1,0,0,0> }
	no_shadow
}

// nucleotide -1

// particle -1
sphere {
	<40.895283, 54.163994, 51.074669> 0.250000
	pigment { color rgbt <1,0,0,0> }
	no_shadow
}
cylinder {
	<40.665367, 53.915398, 51.287598>,  <40.527416, 53.766239, 51.415356>, 0.100000
	pigment { color rgbt <1,0,0,0> }
	no_shadow
}
cylinder {
	<40.665367, 53.915398, 51.287598>,  <40.895283, 54.163994, 51.074669>, 0.100000
	pigment { color rgbt <1,0,0,0> }
	no_shadow
}

// particle -1
sphere {
	<40.665367, 53.915398, 51.287598> 0.100000
	pigment { color rgbt <1,0,0,0> }
	no_shadow
}
sphere {
	0, 1
	scale<0.080000,0.200000,0.300000>
	matrix <0.181516, 0.537482, 0.823507,
		-0.797914, 0.569970, -0.196130,
		-0.574791, -0.621488, 0.532324,
		40.492931, 53.728951, 51.447296>
	pigment { color rgbt <0,1,1,0> }
	no_shadow
}
cylinder {
	<41.650955, 53.830467, 51.075405>,  <40.895283, 54.163994, 51.074669>, 0.130000
	pigment { color rgbt <1,0,0,0> }
	no_shadow
}

// nucleotide -1

// particle -1
sphere {
	<41.650955, 53.830467, 51.075405> 0.250000
	pigment { color rgbt <1,0,0,0> }
	no_shadow
}
cylinder {
	<41.897797, 53.808472, 51.389389>,  <42.045902, 53.795273, 51.577778>, 0.100000
	pigment { color rgbt <1,0,0,0> }
	no_shadow
}
cylinder {
	<41.897797, 53.808472, 51.389389>,  <41.650955, 53.830467, 51.075405>, 0.100000
	pigment { color rgbt <1,0,0,0> }
	no_shadow
}

// particle -1
sphere {
	<41.897797, 53.808472, 51.389389> 0.100000
	pigment { color rgbt <1,0,0,0> }
	no_shadow
}
sphere {
	0, 1
	scale<0.080000,0.200000,0.300000>
	matrix <-0.699194, -0.495958, 0.514931,
		0.360993, -0.866604, -0.344503,
		0.617100, -0.054988, 0.784961,
		42.082928, 53.791977, 51.624878>
	pigment { color rgbt <0,1,1,0> }
	no_shadow
}
cylinder {
	<41.467560, 54.444656, 51.389263>,  <41.650955, 53.830467, 51.075405>, 0.130000
	pigment { color rgbt <1,0,0,0> }
	no_shadow
}

// nucleotide -1

// particle -1
sphere {
	<41.467560, 54.444656, 51.389263> 0.250000
	pigment { color rgbt <1,0,0,0> }
	no_shadow
}
cylinder {
	<41.495605, 54.473579, 51.787228>,  <41.512432, 54.490932, 52.026009>, 0.100000
	pigment { color rgbt <1,0,0,0> }
	no_shadow
}
cylinder {
	<41.495605, 54.473579, 51.787228>,  <41.467560, 54.444656, 51.389263>, 0.100000
	pigment { color rgbt <1,0,0,0> }
	no_shadow
}

// particle -1
sphere {
	<41.495605, 54.473579, 51.787228> 0.100000
	pigment { color rgbt <1,0,0,0> }
	no_shadow
}
sphere {
	0, 1
	scale<0.080000,0.200000,0.300000>
	matrix <0.764917, 0.636296, -0.100151,
		-0.640302, 0.768049, -0.010694,
		0.070116, 0.072307, 0.994915,
		41.516640, 54.495270, 52.085701>
	pigment { color rgbt <0,1,1,0> }
	no_shadow
}
cylinder {
	<41.444954, 55.157063, 51.627338>,  <41.467560, 54.444656, 51.389263>, 0.130000
	pigment { color rgbt <1,0,0,0> }
	no_shadow
}

// nucleotide -1

// particle -1
sphere {
	<41.444954, 55.157063, 51.627338> 0.250000
	pigment { color rgbt <1,0,0,0> }
	no_shadow
}
cylinder {
	<41.713814, 54.963501, 51.851501>,  <41.875130, 54.847363, 51.986000>, 0.100000
	pigment { color rgbt <1,0,0,0> }
	no_shadow
}
cylinder {
	<41.713814, 54.963501, 51.851501>,  <41.444954, 55.157063, 51.627338>, 0.100000
	pigment { color rgbt <1,0,0,0> }
	no_shadow
}

// particle -1
sphere {
	<41.713814, 54.963501, 51.851501> 0.100000
	pigment { color rgbt <1,0,0,0> }
	no_shadow
}
sphere {
	0, 1
	scale<0.080000,0.200000,0.300000>
	matrix <0.726856, 0.575445, -0.374891,
		-0.141070, 0.659315, 0.738514,
		0.672146, -0.483907, 0.560405,
		41.915459, 54.818329, 52.019623>
	pigment { color rgbt <0,1,1,0> }
	no_shadow
}
cylinder {
	<41.763325, 55.561855, 52.218258>,  <41.444954, 55.157063, 51.627338>, 0.130000
	pigment { color rgbt <1,0,0,0> }
	no_shadow
}

// nucleotide -1

// particle -1
sphere {
	<41.763325, 55.561855, 52.218258> 0.250000
	pigment { color rgbt <1,0,0,0> }
	no_shadow
}
cylinder {
	<42.000919, 55.307880, 52.020660>,  <42.143475, 55.155495, 51.902103>, 0.100000
	pigment { color rgbt <1,0,0,0> }
	no_shadow
}
cylinder {
	<42.000919, 55.307880, 52.020660>,  <41.763325, 55.561855, 52.218258>, 0.100000
	pigment { color rgbt <1,0,0,0> }
	no_shadow
}

// particle -1
sphere {
	<42.000919, 55.307880, 52.020660> 0.100000
	pigment { color rgbt <1,0,0,0> }
	no_shadow
}
sphere {
	0, 1
	scale<0.080000,0.200000,0.300000>
	matrix <0.649954, 0.740620, -0.170417,
		0.474066, -0.219847, 0.852601,
		0.593988, -0.634941, -0.493993,
		42.179115, 55.117397, 51.872463>
	pigment { color rgbt <0,1,1,0> }
	no_shadow
}
cylinder {
	<42.433846, 55.689579, 52.524616>,  <41.763325, 55.561855, 52.218258>, 0.130000
	pigment { color rgbt <1,0,0,0> }
	no_shadow
}

// nucleotide -1

// particle -1
sphere {
	<42.433846, 55.689579, 52.524616> 0.250000
	pigment { color rgbt <1,0,0,0> }
	no_shadow
}
cylinder {
	<42.490284, 55.567596, 52.147873>,  <42.524147, 55.494408, 51.921829>, 0.100000
	pigment { color rgbt <1,0,0,0> }
	no_shadow
}
cylinder {
	<42.490284, 55.567596, 52.147873>,  <42.433846, 55.689579, 52.524616>, 0.100000
	pigment { color rgbt <1,0,0,0> }
	no_shadow
}

// particle -1
sphere {
	<42.490284, 55.567596, 52.147873> 0.100000
	pigment { color rgbt <1,0,0,0> }
	no_shadow
}
sphere {
	0, 1
	scale<0.080000,0.200000,0.300000>
	matrix <0.954077, 0.295828, 0.047145,
		0.264249, -0.905254, 0.332698,
		0.141099, -0.304961, -0.941854,
		42.532612, 55.476109, 51.865318>
	pigment { color rgbt <0,1,1,0> }
	no_shadow
}
cylinder {
	<43.006611, 55.453106, 52.559475>,  <42.433846, 55.689579, 52.524616>, 0.130000
	pigment { color rgbt <1,0,0,0> }
	no_shadow
}

// nucleotide -1

// particle -1
sphere {
	<43.006611, 55.453106, 52.559475> 0.250000
	pigment { color rgbt <1,0,0,0> }
	no_shadow
}
cylinder {
	<42.988789, 55.488205, 52.161415>,  <42.978096, 55.509266, 51.922581>, 0.100000
	pigment { color rgbt <1,0,0,0> }
	no_shadow
}
cylinder {
	<42.988789, 55.488205, 52.161415>,  <43.006611, 55.453106, 52.559475>, 0.100000
	pigment { color rgbt <1,0,0,0> }
	no_shadow
}

// particle -1
sphere {
	<42.988789, 55.488205, 52.161415> 0.100000
	pigment { color rgbt <1,0,0,0> }
	no_shadow
}
sphere {
	0, 1
	scale<0.080000,0.200000,0.300000>
	matrix <0.968154, 0.249441, -0.021353,
		0.246356, -0.964407, -0.096065,
		-0.044555, 0.087745, -0.995146,
		42.975422, 55.514530, 51.862873>
	pigment { color rgbt <0,1,1,0> }
	no_shadow
}
cylinder {
	<43.279221, 54.919098, 52.113438>,  <43.006611, 55.453106, 52.559475>, 0.130000
	pigment { color rgbt <1,0,0,0> }
	no_shadow
}

// nucleotide -1

// particle -1
sphere {
	<43.279221, 54.919098, 52.113438> 0.250000
	pigment { color rgbt <1,0,0,0> }
	no_shadow
}
cylinder {
	<43.333344, 55.296558, 51.992630>,  <43.365818, 55.523033, 51.920147>, 0.100000
	pigment { color rgbt <1,0,0,0> }
	no_shadow
}
cylinder {
	<43.333344, 55.296558, 51.992630>,  <43.279221, 54.919098, 52.113438>, 0.100000
	pigment { color rgbt <1,0,0,0> }
	no_shadow
}

// particle -1
sphere {
	<43.333344, 55.296558, 51.992630> 0.100000
	pigment { color rgbt <1,0,0,0> }
	no_shadow
}
sphere {
	0, 1
	scale<0.080000,0.200000,0.300000>
	matrix <0.983806, -0.164125, -0.072038,
		-0.117546, -0.287377, -0.950577,
		0.135311, 0.943651, -0.302015,
		43.373936, 55.579655, 51.902027>
	pigment { color rgbt <0,1,1,0> }
	no_shadow
}
cylinder {
	<43.690987, 54.962379, 51.480618>,  <43.279221, 54.919098, 52.113438>, 0.130000
	pigment { color rgbt <1,0,0,0> }
	no_shadow
}

// nucleotide -1

// particle -1
sphere {
	<43.690987, 54.962379, 51.480618> 0.250000
	pigment { color rgbt <1,0,0,0> }
	no_shadow
}
cylinder {
	<43.746433, 55.274487, 51.724571>,  <43.779701, 55.461750, 51.870945>, 0.100000
	pigment { color rgbt <1,0,0,0> }
	no_shadow
}
cylinder {
	<43.746433, 55.274487, 51.724571>,  <43.690987, 54.962379, 51.480618>, 0.100000
	pigment { color rgbt <1,0,0,0> }
	no_shadow
}

// particle -1
sphere {
	<43.746433, 55.274487, 51.724571> 0.100000
	pigment { color rgbt <1,0,0,0> }
	no_shadow
}
sphere {
	0, 1
	scale<0.080000,0.200000,0.300000>
	matrix <0.987977, -0.151520, -0.030706,
		0.068451, 0.606811, -0.791893,
		0.138621, 0.780271, 0.609887,
		43.788021, 55.508568, 51.907536>
	pigment { color rgbt <0,1,1,0> }
	no_shadow
}
cylinder {
	<44.360523, 55.135880, 51.178440>,  <43.690987, 54.962379, 51.480618>, 0.130000
	pigment { color rgbt <1,0,0,0> }
	no_shadow
}

// nucleotide -1

// particle -1
sphere {
	<44.360523, 55.135880, 51.178440> 0.250000
	pigment { color rgbt <1,0,0,0> }
	no_shadow
}
cylinder {
	<44.553082, 55.065315, 50.835014>,  <44.668617, 55.022976, 50.628960>, 0.100000
	pigment { color rgbt <1,0,0,0> }
	no_shadow
}
cylinder {
	<44.553082, 55.065315, 50.835014>,  <44.360523, 55.135880, 51.178440>, 0.100000
	pigment { color rgbt <1,0,0,0> }
	no_shadow
}

// particle -1
sphere {
	<44.553082, 55.065315, 50.835014> 0.100000
	pigment { color rgbt <1,0,0,0> }
	no_shadow
}
sphere {
	0, 1
	scale<0.080000,0.200000,0.300000>
	matrix <0.874660, 0.160147, 0.457519,
		0.056787, -0.971202, 0.231391,
		0.481400, -0.176408, -0.858565,
		44.697502, 55.012394, 50.577446>
	pigment { color rgbt <0,1,1,0> }
	no_shadow
}
cylinder {
	<44.816200, 54.485947, 51.124550>,  <44.360523, 55.135880, 51.178440>, 0.130000
	pigment { color rgbt <1,0,0,0> }
	no_shadow
}

// nucleotide -1

// particle -1
sphere {
	<44.816200, 54.485947, 51.124550> 0.250000
	pigment { color rgbt <1,0,0,0> }
	no_shadow
}
cylinder {
	<44.926914, 54.801422, 50.904961>,  <44.993343, 54.990707, 50.773209>, 0.100000
	pigment { color rgbt <1,0,0,0> }
	no_shadow
}
cylinder {
	<44.926914, 54.801422, 50.904961>,  <44.816200, 54.485947, 51.124550>, 0.100000
	pigment { color rgbt <1,0,0,0> }
	no_shadow
}

// particle -1
sphere {
	<44.926914, 54.801422, 50.904961> 0.100000
	pigment { color rgbt <1,0,0,0> }
	no_shadow
}
sphere {
	0, 1
	scale<0.080000,0.200000,0.300000>
	matrix <0.827564, 0.094720, 0.553323,
		0.488396, -0.607457, -0.626471,
		0.276780, 0.788685, -0.548970,
		45.009949, 55.038029, 50.740269>
	pigment { color rgbt <0,1,1,0> }
	no_shadow
}
cylinder {
	<45.512070, 54.487808, 50.772957>,  <44.816200, 54.485947, 51.124550>, 0.130000
	pigment { color rgbt <1,0,0,0> }
	no_shadow
}

// nucleotide -1

// particle -1
sphere {
	<45.512070, 54.487808, 50.772957> 0.250000
	pigment { color rgbt <1,0,0,0> }
	no_shadow
}
cylinder {
	<45.418240, 54.862801, 50.875801>,  <45.361942, 55.087795, 50.937508>, 0.100000
	pigment { color rgbt <1,0,0,0> }
	no_shadow
}
cylinder {
	<45.418240, 54.862801, 50.875801>,  <45.512070, 54.487808, 50.772957>, 0.100000
	pigment { color rgbt <1,0,0,0> }
	no_shadow
}

// particle -1
sphere {
	<45.418240, 54.862801, 50.875801> 0.100000
	pigment { color rgbt <1,0,0,0> }
	no_shadow
}
sphere {
	0, 1
	scale<0.080000,0.200000,0.300000>
	matrix <0.873338, 0.087082, 0.479267,
		0.426913, 0.336972, -0.839164,
		-0.234576, 0.937479, 0.257114,
		45.347866, 55.144043, 50.952934>
	pigment { color rgbt <0,1,1,0> }
	no_shadow
}
cylinder {
	<46.066723, 54.990292, 50.546822>,  <45.512070, 54.487808, 50.772957>, 0.130000
	pigment { color rgbt <1,0,0,0> }
	no_shadow
}

// nucleotide -1

// particle -1
sphere {
	<46.066723, 54.990292, 50.546822> 0.250000
	pigment { color rgbt <1,0,0,0> }
	no_shadow
}
cylinder {
	<45.895321, 55.132614, 50.879036>,  <45.792480, 55.218010, 51.078365>, 0.100000
	pigment { color rgbt <1,0,0,0> }
	no_shadow
}
cylinder {
	<45.895321, 55.132614, 50.879036>,  <46.066723, 54.990292, 50.546822>, 0.100000
	pigment { color rgbt <1,0,0,0> }
	no_shadow
}

// particle -1
sphere {
	<45.895321, 55.132614, 50.879036> 0.100000
	pigment { color rgbt <1,0,0,0> }
	no_shadow
}
sphere {
	0, 1
	scale<0.080000,0.200000,0.300000>
	matrix <0.896640, 0.280840, 0.342295,
		-0.111456, 0.891363, -0.439374,
		-0.428503, 0.355809, 0.830533,
		45.766769, 55.239357, 51.128197>
	pigment { color rgbt <0,1,1,0> }
	no_shadow
}
cylinder {
	<46.168503, 55.784683, 50.667381>,  <46.066723, 54.990292, 50.546822>, 0.130000
	pigment { color rgbt <1,0,0,0> }
	no_shadow
}

// nucleotide -1

// particle -1
sphere {
	<46.168503, 55.784683, 50.667381> 0.250000
	pigment { color rgbt <1,0,0,0> }
	no_shadow
}
cylinder {
	<46.178238, 55.531952, 50.977272>,  <46.184078, 55.380310, 51.163204>, 0.100000
	pigment { color rgbt <1,0,0,0> }
	no_shadow
}
cylinder {
	<46.178238, 55.531952, 50.977272>,  <46.168503, 55.784683, 50.667381>, 0.100000
	pigment { color rgbt <1,0,0,0> }
	no_shadow
}

// particle -1
sphere {
	<46.178238, 55.531952, 50.977272> 0.100000
	pigment { color rgbt <1,0,0,0> }
	no_shadow
}
sphere {
	0, 1
	scale<0.080000,0.200000,0.300000>
	matrix <0.877280, 0.385088, 0.286508,
		-0.479362, 0.672677, 0.563665,
		0.024333, -0.631833, 0.774722,
		46.185539, 55.342403, 51.209690>
	pigment { color rgbt <0,1,1,0> }
	no_shadow
}
cylinder {
	<46.157520, 56.171806, 51.349087>,  <46.168503, 55.784683, 50.667381>, 0.130000
	pigment { color rgbt <1,0,0,0> }
	no_shadow
}

// nucleotide -1

// particle -1
sphere {
	<46.157520, 56.171806, 51.349087> 0.250000
	pigment { color rgbt <1,0,0,0> }
	no_shadow
}
cylinder {
	<46.348434, 55.820930, 51.370026>,  <46.462982, 55.610405, 51.382587>, 0.100000
	pigment { color rgbt <1,0,0,0> }
	no_shadow
}
cylinder {
	<46.348434, 55.820930, 51.370026>,  <46.157520, 56.171806, 51.349087>, 0.100000
	pigment { color rgbt <1,0,0,0> }
	no_shadow
}

// particle -1
sphere {
	<46.348434, 55.820930, 51.370026> 0.100000
	pigment { color rgbt <1,0,0,0> }
	no_shadow
}
sphere {
	0, 1
	scale<0.080000,0.200000,0.300000>
	matrix <0.840646, 0.473128, 0.263561,
		-0.255958, -0.081790, 0.963222,
		0.477284, -0.877189, 0.052344,
		46.491619, 55.557774, 51.385731>
	pigment { color rgbt <0,1,1,0> }
	no_shadow
}
cylinder {
	<46.592636, 55.933514, 52.031715>,  <46.157520, 56.171806, 51.349087>, 0.130000
	pigment { color rgbt <1,0,0,0> }
	no_shadow
}

// nucleotide -1

// particle -1
sphere {
	<46.592636, 55.933514, 52.031715> 0.250000
	pigment { color rgbt <1,0,0,0> }
	no_shadow
}
cylinder {
	<46.934364, 56.004478, 51.836304>,  <47.139400, 56.047058, 51.719055>, 0.100000
	pigment { color rgbt <1,0,0,0> }
	no_shadow
}
cylinder {
	<46.934364, 56.004478, 51.836304>,  <46.592636, 55.933514, 52.031715>, 0.100000
	pigment { color rgbt <1,0,0,0> }
	no_shadow
}

// particle -1
sphere {
	<46.934364, 56.004478, 51.836304> 0.100000
	pigment { color rgbt <1,0,0,0> }
	no_shadow
}
sphere {
	0, 1
	scale<0.080000,0.200000,0.300000>
	matrix <0.261727, 0.665226, 0.699266,
		0.449039, -0.725259, 0.521884,
		0.854320, 0.177407, -0.488533,
		47.190659, 56.057701, 51.689743>
	pigment { color rgbt <0,1,1,0> }
	no_shadow
}
cylinder {
	<47.143017, 55.884651, 52.397118>,  <46.592636, 55.933514, 52.031715>, 0.130000
	pigment { color rgbt <1,0,0,0> }
	no_shadow
}

// nucleotide -1

// particle -1
sphere {
	<47.143017, 55.884651, 52.397118> 0.250000
	pigment { color rgbt <1,0,0,0> }
	no_shadow
}
cylinder {
	<47.257900, 56.158215, 52.128853>,  <47.326832, 56.322353, 51.967896>, 0.100000
	pigment { color rgbt <1,0,0,0> }
	no_shadow
}
cylinder {
	<47.257900, 56.158215, 52.128853>,  <47.143017, 55.884651, 52.397118>, 0.100000
	pigment { color rgbt <1,0,0,0> }
	no_shadow
}

// particle -1
sphere {
	<47.257900, 56.158215, 52.128853> 0.100000
	pigment { color rgbt <1,0,0,0> }
	no_shadow
}
sphere {
	0, 1
	scale<0.080000,0.200000,0.300000>
	matrix <0.246959, 0.623616, 0.741697,
		0.925485, -0.378647, 0.010211,
		0.287209, 0.683907, -0.670657,
		47.344063, 56.363388, 51.927654>
	pigment { color rgbt <0,1,1,0> }
	no_shadow
}
cylinder {
	<47.716778, 56.244331, 52.636761>,  <47.143017, 55.884651, 52.397118>, 0.130000
	pigment { color rgbt <1,0,0,0> }
	no_shadow
}

// nucleotide -1

// particle -1
sphere {
	<47.716778, 56.244331, 52.636761> 0.250000
	pigment { color rgbt <1,0,0,0> }
	no_shadow
}
cylinder {
	<47.590553, 56.537102, 52.395195>,  <47.514820, 56.712765, 52.250256>, 0.100000
	pigment { color rgbt <1,0,0,0> }
	no_shadow
}
cylinder {
	<47.590553, 56.537102, 52.395195>,  <47.716778, 56.244331, 52.636761>, 0.100000
	pigment { color rgbt <1,0,0,0> }
	no_shadow
}

// particle -1
sphere {
	<47.590553, 56.537102, 52.395195> 0.100000
	pigment { color rgbt <1,0,0,0> }
	no_shadow
}
sphere {
	0, 1
	scale<0.080000,0.200000,0.300000>
	matrix <0.374346, 0.680837, 0.629544,
		0.871944, -0.027413, -0.488838,
		-0.315562, 0.731921, -0.603914,
		47.495884, 56.756680, 52.214020>
	pigment { color rgbt <0,1,1,0> }
	no_shadow
}
cylinder {
	<48.222733, 56.720604, 52.625572>,  <47.716778, 56.244331, 52.636761>, 0.130000
	pigment { color rgbt <1,0,0,0> }
	no_shadow
}

// nucleotide -1

// particle -1
sphere {
	<48.222733, 56.720604, 52.625572> 0.250000
	pigment { color rgbt <1,0,0,0> }
	no_shadow
}
cylinder {
	<47.856510, 56.866894, 52.558632>,  <47.636776, 56.954666, 52.518467>, 0.100000
	pigment { color rgbt <1,0,0,0> }
	no_shadow
}
cylinder {
	<47.856510, 56.866894, 52.558632>,  <48.222733, 56.720604, 52.625572>, 0.100000
	pigment { color rgbt <1,0,0,0> }
	no_shadow
}

// particle -1
sphere {
	<47.856510, 56.866894, 52.558632> 0.100000
	pigment { color rgbt <1,0,0,0> }
	no_shadow
}
sphere {
	0, 1
	scale<0.080000,0.200000,0.300000>
	matrix <0.235087, 0.824244, 0.515126,
		0.326333, 0.432283, -0.840617,
		-0.915555, 0.365721, -0.167354,
		47.581844, 56.976612, 52.508427>
	pigment { color rgbt <0,1,1,0> }
	no_shadow
}
cylinder {
	<48.891907, 56.463753, 52.401218>,  <48.222733, 56.720604, 52.625572>, 0.130000
	pigment { color rgbt <1,0,0,0> }
	no_shadow
}

// nucleotide -1

// particle -1
sphere {
	<48.891907, 56.463753, 52.401218> 0.250000
	pigment { color rgbt <1,0,0,0> }
	no_shadow
}
cylinder {
	<49.239101, 56.548939, 52.580658>,  <49.447418, 56.600052, 52.688320>, 0.100000
	pigment { color rgbt <1,0,0,0> }
	no_shadow
}
cylinder {
	<49.239101, 56.548939, 52.580658>,  <48.891907, 56.463753, 52.401218>, 0.100000
	pigment { color rgbt <1,0,0,0> }
	no_shadow
}

// particle -1
sphere {
	<49.239101, 56.548939, 52.580658> 0.100000
	pigment { color rgbt <1,0,0,0> }
	no_shadow
}
sphere {
	0, 1
	scale<0.080000,0.200000,0.300000>
	matrix <-0.432362, -0.120223, 0.893650,
		0.244250, -0.969634, -0.012273,
		0.867989, 0.212968, 0.448597,
		49.499496, 56.612827, 52.715237>
	pigment { color rgbt <0,1,1,0> }
	no_shadow
}
cylinder {
	<49.347408, 56.148331, 52.741688>,  <48.891907, 56.463753, 52.401218>, 0.130000
	pigment { color rgbt <1,0,0,0> }
	no_shadow
}

// nucleotide -1

// particle -1
sphere {
	<49.347408, 56.148331, 52.741688> 0.250000
	pigment { color rgbt <1,0,0,0> }
	no_shadow
}
cylinder {
	<49.416462, 56.347408, 52.401688>,  <49.457893, 56.466854, 52.197689>, 0.100000
	pigment { color rgbt <1,0,0,0> }
	no_shadow
}
cylinder {
	<49.416462, 56.347408, 52.401688>,  <49.347408, 56.148331, 52.741688>, 0.100000
	pigment { color rgbt <1,0,0,0> }
	no_shadow
}

// particle -1
sphere {
	<49.416462, 56.347408, 52.401688> 0.100000
	pigment { color rgbt <1,0,0,0> }
	no_shadow
}
sphere {
	0, 1
	scale<0.080000,0.200000,0.300000>
	matrix <0.978064, 0.015508, 0.207726,
		0.116565, -0.867216, -0.484096,
		0.172635, 0.497691, -0.850001,
		49.468254, 56.496716, 52.146687>
	pigment { color rgbt <0,1,1,0> }
	no_shadow
}
cylinder {
	<49.890549, 55.811626, 52.346321>,  <49.347408, 56.148331, 52.741688>, 0.130000
	pigment { color rgbt <1,0,0,0> }
	no_shadow
}

// nucleotide -1

// particle -1
sphere {
	<49.890549, 55.811626, 52.346321> 0.250000
	pigment { color rgbt <1,0,0,0> }
	no_shadow
}
cylinder {
	<49.896515, 56.206974, 52.285782>,  <49.900093, 56.444183, 52.249458>, 0.100000
	pigment { color rgbt <1,0,0,0> }
	no_shadow
}
cylinder {
	<49.896515, 56.206974, 52.285782>,  <49.890549, 55.811626, 52.346321>, 0.100000
	pigment { color rgbt <1,0,0,0> }
	no_shadow
}

// particle -1
sphere {
	<49.896515, 56.206974, 52.285782> 0.100000
	pigment { color rgbt <1,0,0,0> }
	no_shadow
}
sphere {
	0, 1
	scale<0.080000,0.200000,0.300000>
	matrix <0.994162, 0.001519, 0.107885,
		0.106860, -0.152070, -0.982576,
		0.014913, 0.988369, -0.151345,
		49.900990, 56.503483, 52.240379>
	pigment { color rgbt <0,1,1,0> }
	no_shadow
}
cylinder {
	<50.004700, 56.157772, 52.996586>,  <49.890549, 55.811626, 52.346321>, 0.130000
	pigment { color rgbt <1,0,0,0> }
	no_shadow
}

// nucleotide -1

// particle -1
sphere {
	<50.004700, 56.157772, 52.996586> 0.250000
	pigment { color rgbt <1,0,0,0> }
	no_shadow
}
cylinder {
	<50.200676, 55.816956, 53.070328>,  <50.318264, 55.612465, 53.114571>, 0.100000
	pigment { color rgbt <1,0,0,0> }
	no_shadow
}
cylinder {
	<50.200676, 55.816956, 53.070328>,  <50.004700, 56.157772, 52.996586>, 0.100000
	pigment { color rgbt <1,0,0,0> }
	no_shadow
}

// particle -1
sphere {
	<50.200676, 55.816956, 53.070328> 0.100000
	pigment { color rgbt <1,0,0,0> }
	no_shadow
}
sphere {
	0, 1
	scale<0.080000,0.200000,0.300000>
	matrix <0.713692, 0.513475, 0.476431,
		-0.500597, -0.101855, 0.859667,
		0.489945, -0.852038, 0.184351,
		50.347660, 55.561344, 53.125633>
	pigment { color rgbt <0,1,1,0> }
	no_shadow
}
cylinder {
	<50.199612, 56.114559, 53.694153>,  <50.004700, 56.157772, 52.996586>, 0.130000
	pigment { color rgbt <1,0,0,0> }
	no_shadow
}

// nucleotide -1

// particle -1
sphere {
	<50.199612, 56.114559, 53.694153> 0.250000
	pigment { color rgbt <1,0,0,0> }
	no_shadow
}
cylinder {
	<50.485294, 55.892647, 53.523445>,  <50.656704, 55.759499, 53.421021>, 0.100000
	pigment { color rgbt <1,0,0,0> }
	no_shadow
}
cylinder {
	<50.485294, 55.892647, 53.523445>,  <50.199612, 56.114559, 53.694153>, 0.100000
	pigment { color rgbt <1,0,0,0> }
	no_shadow
}

// particle -1
sphere {
	<50.485294, 55.892647, 53.523445> 0.100000
	pigment { color rgbt <1,0,0,0> }
	no_shadow
}
sphere {
	0, 1
	scale<0.080000,0.200000,0.300000>
	matrix <0.687363, 0.440861, 0.577212,
		-0.132081, -0.705592, 0.696200,
		0.714203, -0.554781, -0.426768,
		50.699554, 55.726212, 53.395416>
	pigment { color rgbt <0,1,1,0> }
	no_shadow
}
cylinder {
	<50.534153, 56.604820, 54.105335>,  <50.199612, 56.114559, 53.694153>, 0.130000
	pigment { color rgbt <1,0,0,0> }
	no_shadow
}

// nucleotide -1

// particle -1
sphere {
	<50.534153, 56.604820, 54.105335> 0.250000
	pigment { color rgbt <1,0,0,0> }
	no_shadow
}
cylinder {
	<50.786137, 56.420311, 53.855412>,  <50.937325, 56.309605, 53.705460>, 0.100000
	pigment { color rgbt <1,0,0,0> }
	no_shadow
}
cylinder {
	<50.786137, 56.420311, 53.855412>,  <50.534153, 56.604820, 54.105335>, 0.100000
	pigment { color rgbt <1,0,0,0> }
	no_shadow
}

// particle -1
sphere {
	<50.786137, 56.420311, 53.855412> 0.100000
	pigment { color rgbt <1,0,0,0> }
	no_shadow
}
sphere {
	0, 1
	scale<0.080000,0.200000,0.300000>
	matrix <0.469722, -0.414384, 0.779517,
		-0.618479, -0.784547, -0.044376,
		0.629957, -0.461271, -0.624807,
		50.975124, 56.281929, 53.667969>
	pigment { color rgbt <0,1,1,0> }
	no_shadow
}
cylinder {
	<50.662693, 55.987572, 54.415710>,  <50.534153, 56.604820, 54.105335>, 0.130000
	pigment { color rgbt <1,0,0,0> }
	no_shadow
}

// nucleotide -1

// particle -1
sphere {
	<50.662693, 55.987572, 54.415710> 0.250000
	pigment { color rgbt <1,0,0,0> }
	no_shadow
}
cylinder {
	<50.978691, 56.047527, 54.177910>,  <51.168289, 56.083500, 54.035229>, 0.100000
	pigment { color rgbt <1,0,0,0> }
	no_shadow
}
cylinder {
	<50.978691, 56.047527, 54.177910>,  <50.662693, 55.987572, 54.415710>, 0.100000
	pigment { color rgbt <1,0,0,0> }
	no_shadow
}

// particle -1
sphere {
	<50.978691, 56.047527, 54.177910> 0.100000
	pigment { color rgbt <1,0,0,0> }
	no_shadow
}
sphere {
	0, 1
	scale<0.080000,0.200000,0.300000>
	matrix <0.608994, -0.303978, 0.732614,
		-0.070901, -0.940813, -0.331427,
		0.789999, 0.149894, -0.594502,
		51.215691, 56.092495, 53.999557>
	pigment { color rgbt <0,1,1,0> }
	no_shadow
}
cylinder {
	<51.017506, 55.468670, 54.598820>,  <50.662693, 55.987572, 54.415710>, 0.130000
	pigment { color rgbt <1,0,0,0> }
	no_shadow
}

// nucleotide -1

// particle -1
sphere {
	<51.017506, 55.468670, 54.598820> 0.250000
	pigment { color rgbt <1,0,0,0> }
	no_shadow
}
cylinder {
	<51.275074, 55.715969, 54.418533>,  <51.429615, 55.864349, 54.310360>, 0.100000
	pigment { color rgbt <1,0,0,0> }
	no_shadow
}
cylinder {
	<51.275074, 55.715969, 54.418533>,  <51.017506, 55.468670, 54.598820>, 0.100000
	pigment { color rgbt <1,0,0,0> }
	no_shadow
}

// particle -1
sphere {
	<51.275074, 55.715969, 54.418533> 0.100000
	pigment { color rgbt <1,0,0,0> }
	no_shadow
}
sphere {
	0, 1
	scale<0.080000,0.200000,0.300000>
	matrix <0.676458, -0.184814, 0.712915,
		0.357456, -0.763949, -0.537221,
		0.643917, 0.618244, -0.450717,
		51.468250, 55.901443, 54.283318>
	pigment { color rgbt <0,1,1,0> }
	no_shadow
}
cylinder {
	<51.656166, 55.264606, 54.821854>,  <51.017506, 55.468670, 54.598820>, 0.130000
	pigment { color rgbt <1,0,0,0> }
	no_shadow
}

// nucleotide -1

// particle -1
sphere {
	<51.656166, 55.264606, 54.821854> 0.250000
	pigment { color rgbt <1,0,0,0> }
	no_shadow
}
cylinder {
	<51.714386, 55.636810, 54.687416>,  <51.749317, 55.860134, 54.606754>, 0.100000
	pigment { color rgbt <1,0,0,0> }
	no_shadow
}
cylinder {
	<51.714386, 55.636810, 54.687416>,  <51.656166, 55.264606, 54.821854>, 0.100000
	pigment { color rgbt <1,0,0,0> }
	no_shadow
}

// particle -1
sphere {
	<51.714386, 55.636810, 54.687416> 0.100000
	pigment { color rgbt <1,0,0,0> }
	no_shadow
}
sphere {
	0, 1
	scale<0.080000,0.200000,0.300000>
	matrix <0.555070, 0.204407, 0.806297,
		0.818971, -0.303910, -0.486750,
		0.145547, 0.930514, -0.336094,
		51.758049, 55.915966, 54.586586>
	pigment { color rgbt <0,1,1,0> }
	no_shadow
}
cylinder {
	<51.875492, 55.497246, 55.405605>,  <51.656166, 55.264606, 54.821854>, 0.130000
	pigment { color rgbt <1,0,0,0> }
	no_shadow
}

// nucleotide -1

// particle -1
sphere {
	<51.875492, 55.497246, 55.405605> 0.250000
	pigment { color rgbt <1,0,0,0> }
	no_shadow
}
cylinder {
	<51.919159, 55.795975, 55.143204>,  <51.945358, 55.975212, 54.985764>, 0.100000
	pigment { color rgbt <1,0,0,0> }
	no_shadow
}
cylinder {
	<51.919159, 55.795975, 55.143204>,  <51.875492, 55.497246, 55.405605>, 0.100000
	pigment { color rgbt <1,0,0,0> }
	no_shadow
}

// particle -1
sphere {
	<51.919159, 55.795975, 55.143204> 0.100000
	pigment { color rgbt <1,0,0,0> }
	no_shadow
}
sphere {
	0, 1
	scale<0.080000,0.200000,0.300000>
	matrix <0.715235, 0.399289, 0.573592,
		0.690306, -0.531813, -0.490564,
		0.109167, 0.746822, -0.656003,
		51.951908, 56.020020, 54.946404>
	pigment { color rgbt <0,1,1,0> }
	no_shadow
}
cylinder {
	<52.508099, 55.344357, 55.164310>,  <51.875492, 55.497246, 55.405605>, 0.130000
	pigment { color rgbt <1,0,0,0> }
	no_shadow
}

// nucleotide -1

// particle -1
sphere {
	<52.508099, 55.344357, 55.164310> 0.250000
	pigment { color rgbt <1,0,0,0> }
	no_shadow
}
cylinder {
	<52.399319, 55.728737, 55.143875>,  <52.334049, 55.959366, 55.131615>, 0.100000
	pigment { color rgbt <1,0,0,0> }
	no_shadow
}
cylinder {
	<52.399319, 55.728737, 55.143875>,  <52.508099, 55.344357, 55.164310>, 0.100000
	pigment { color rgbt <1,0,0,0> }
	no_shadow
}

// particle -1
sphere {
	<52.399319, 55.728737, 55.143875> 0.100000
	pigment { color rgbt <1,0,0,0> }
	no_shadow
}
sphere {
	0, 1
	scale<0.080000,0.200000,0.300000>
	matrix <0.738545, 0.242452, 0.629102,
		0.616923, 0.133357, -0.775643,
		-0.271951, 0.960954, -0.051084,
		52.317734, 56.017025, 55.128551>
	pigment { color rgbt <0,1,1,0> }
	no_shadow
}
cylinder {
	<53.031433, 55.639069, 55.438324>,  <52.508099, 55.344357, 55.164310>, 0.130000
	pigment { color rgbt <1,0,0,0> }
	no_shadow
}

// nucleotide -1

// particle -1
sphere {
	<53.031433, 55.639069, 55.438324> 0.250000
	pigment { color rgbt <1,0,0,0> }
	no_shadow
}
cylinder {
	<52.806808, 55.963696, 55.373825>,  <52.672035, 56.158474, 55.335125>, 0.100000
	pigment { color rgbt <1,0,0,0> }
	no_shadow
}
cylinder {
	<52.806808, 55.963696, 55.373825>,  <53.031433, 55.639069, 55.438324>, 0.100000
	pigment { color rgbt <1,0,0,0> }
	no_shadow
}

// particle -1
sphere {
	<52.806808, 55.963696, 55.373825> 0.100000
	pigment { color rgbt <1,0,0,0> }
	no_shadow
}
sphere {
	0, 1
	scale<0.080000,0.200000,0.300000>
	matrix <0.712619, 0.573401, 0.404211,
		0.420504, 0.112083, -0.900341,
		-0.561561, 0.811572, -0.161245,
		52.638340, 56.207169, 55.325451>
	pigment { color rgbt <0,1,1,0> }
	no_shadow
}
cylinder {
	<53.395302, 56.229202, 55.101448>,  <53.031433, 55.639069, 55.438324>, 0.130000
	pigment { color rgbt <1,0,0,0> }
	no_shadow
}

// nucleotide -1

// particle -1
sphere {
	<53.395302, 56.229202, 55.101448> 0.250000
	pigment { color rgbt <1,0,0,0> }
	no_shadow
}
cylinder {
	<53.131962, 56.409561, 55.342537>,  <52.973957, 56.517776, 55.487190>, 0.100000
	pigment { color rgbt <1,0,0,0> }
	no_shadow
}
cylinder {
	<53.131962, 56.409561, 55.342537>,  <53.395302, 56.229202, 55.101448>, 0.100000
	pigment { color rgbt <1,0,0,0> }
	no_shadow
}

// particle -1
sphere {
	<53.131962, 56.409561, 55.342537> 0.100000
	pigment { color rgbt <1,0,0,0> }
	no_shadow
}
sphere {
	0, 1
	scale<0.080000,0.200000,0.300000>
	matrix <0.721461, 0.606329, 0.334453,
		-0.214646, 0.655027, -0.724477,
		-0.658347, 0.450894, 0.602722,
