// switches for output
#declare DRAW_BASES = 1; // possible values are 0, 1; only relevant for DNA ribbons
#declare DRAW_BASES_TYPE = 3; // possible values are 1, 2, 3; only relevant for DNA ribbons
#declare DRAW_FOG = 0; // set to 1 to enable fog

#include "colors.inc"

#include "transforms.inc"
background { rgb <1, 1, 1>}

#default {
   normal{
       ripples 0.25
       frequency 0.20
       turbulence 0.2
       lambda 5
   }
	finish {
		phong 0.1
		phong_size 40.
	}
}

// original window dimensions: 1024x640


// camera settings

camera {
	sky <-0, 1, 0>
	up <-0, 1, 0>
	right 1.6 * <0.99995, 0, 0.00999983>
	location <54.4867, 55, 106.329>
	look_at <55, 55, 55.0001>
	direction <0.513302, 0, -51.3289>
	angle 67.0682
}


# declare cpy_camera_pos = <54.4867, 55, 106.329>;
# if (DRAW_FOG = 1)
fog {
	fog_type 2
	up vnormalize(cpy_camera_pos)
	color rgbt<1,1,1,0.3>
	distance 1e-5
	fog_alt 3e-3
	fog_offset 88
}
# end


// LIGHTS

# declare lum = 6;
global_settings {
	ambient_light rgb lum * <0.05, 0.05, 0.05>
	max_trace_level 15
}# declare cpy_direct_light_amount = 0.25;
light_source
{	1000 * <-0.98995, -1, 1.00995>,
	rgb lum * cpy_direct_light_amount
	parallel
}

light_source
{	1000 * <0.98995, 1, -1.00995>,
	rgb lum * cpy_direct_light_amount
	parallel
}

// strand 0

// nucleotide -1

// particle -1
sphere {
	<36.302097, 52.384964, 49.813877> 0.250000
	pigment { color rgbt <1,0,0,0> }
	no_shadow
}
cylinder {
	<36.526115, 52.619015, 50.048477>,  <36.660526, 52.759445, 50.189236>, 0.100000
	pigment { color rgbt <1,0,0,0> }
	no_shadow
}
cylinder {
	<36.526115, 52.619015, 50.048477>,  <36.302097, 52.384964, 49.813877>, 0.100000
	pigment { color rgbt <1,0,0,0> }
	no_shadow
}

// particle -1
sphere {
	<36.526115, 52.619015, 50.048477> 0.100000
	pigment { color rgbt <1,0,0,0> }
	no_shadow
}
sphere {
	0, 1
	scale<0.080000,0.200000,0.300000>
	matrix <0.249365, 0.556045, -0.792862,
		-0.790042, 0.590290, 0.165501,
		0.560045, 0.585125, 0.586497,
		36.694130, 52.794552, 50.224426>
	pigment { color rgbt <0,1,1,0> }
	no_shadow
}
cylinder {
	<36.219955, 53.053265, 49.457111>,  <36.302097, 52.384964, 49.813877>, 0.130000
	pigment { color rgbt <1,0,0,0> }
	no_shadow
}

// nucleotide -1

// particle -1
sphere {
	<36.219955, 53.053265, 49.457111> 0.250000
	pigment { color rgbt <1,0,0,0> }
	no_shadow
}
cylinder {
	<36.548977, 52.913155, 49.636314>,  <36.746391, 52.829090, 49.743835>, 0.100000
	pigment { color rgbt <1,0,0,0> }
	no_shadow
}
cylinder {
	<36.548977, 52.913155, 49.636314>,  <36.219955, 53.053265, 49.457111>, 0.100000
	pigment { color rgbt <1,0,0,0> }
	no_shadow
}

// particle -1
sphere {
	<36.548977, 52.913155, 49.636314> 0.100000
	pigment { color rgbt <1,0,0,0> }
	no_shadow
}
sphere {
	0, 1
	scale<0.080000,0.200000,0.300000>
	matrix <0.566221, 0.431175, -0.702482,
		0.052893, 0.831502, 0.552999,
		0.822554, -0.350276, 0.448008,
		36.795742, 52.808071, 49.770718>
	pigment { color rgbt <0,1,1,0> }
	no_shadow
}
cylinder {
	<36.565331, 53.590973, 49.697773>,  <36.219955, 53.053265, 49.457111>, 0.130000
	pigment { color rgbt <1,0,0,0> }
	no_shadow
}

// nucleotide -1

// particle -1
sphere {
	<36.565331, 53.590973, 49.697773> 0.250000
	pigment { color rgbt <1,0,0,0> }
	no_shadow
}
cylinder {
	<36.821049, 53.294270, 49.616684>,  <36.974480, 53.116249, 49.568031>, 0.100000
	pigment { color rgbt <1,0,0,0> }
	no_shadow
}
cylinder {
	<36.821049, 53.294270, 49.616684>,  <36.565331, 53.590973, 49.697773>, 0.100000
	pigment { color rgbt <1,0,0,0> }
	no_shadow
}

// particle -1
sphere {
	<36.821049, 53.294270, 49.616684> 0.100000
	pigment { color rgbt <1,0,0,0> }
	no_shadow
}
sphere {
	0, 1
	scale<0.080000,0.200000,0.300000>
	matrix <0.659715, 0.664517, -0.350990,
		0.395064, 0.090646, 0.914171,
		0.639297, -0.741755, -0.202726,
		37.012836, 53.071743, 49.555866>
	pigment { color rgbt <0,1,1,0> }
	no_shadow
}
cylinder {
	<37.282036, 53.797310, 49.872757>,  <36.565331, 53.590973, 49.697773>, 0.130000
	pigment { color rgbt <1,0,0,0> }
	no_shadow
}

// nucleotide -1

// particle -1
sphere {
	<37.282036, 53.797310, 49.872757> 0.250000
	pigment { color rgbt <1,0,0,0> }
	no_shadow
}
cylinder {
	<37.283848, 53.519554, 49.584923>,  <37.284935, 53.352901, 49.412224>, 0.100000
	pigment { color rgbt <1,0,0,0> }
	no_shadow
}
cylinder {
	<37.283848, 53.519554, 49.584923>,  <37.282036, 53.797310, 49.872757>, 0.100000
	pigment { color rgbt <1,0,0,0> }
	no_shadow
}

// particle -1
sphere {
	<37.283848, 53.519554, 49.584923> 0.100000
	pigment { color rgbt <1,0,0,0> }
	no_shadow
}
sphere {
	0, 1
	scale<0.080000,0.200000,0.300000>
	matrix <0.675939, 0.532431, -0.509534,
		0.736944, -0.484084, 0.471780,
		0.004534, -0.694392, -0.719582,
		37.285210, 53.311237, 49.369049>
	pigment { color rgbt <0,1,1,0> }
	no_shadow
}
cylinder {
	<38.044121, 53.483143, 49.674126>,  <37.282036, 53.797310, 49.872757>, 0.130000
	pigment { color rgbt <1,0,0,0> }
	no_shadow
}

// nucleotide -1

// particle -1
sphere {
	<38.044121, 53.483143, 49.674126> 0.250000
	pigment { color rgbt <1,0,0,0> }
	no_shadow
}
cylinder {
	<37.766697, 53.493370, 49.386147>,  <37.600243, 53.499508, 49.213360>, 0.100000
	pigment { color rgbt <1,0,0,0> }
	no_shadow
}
cylinder {
	<37.766697, 53.493370, 49.386147>,  <38.044121, 53.483143, 49.674126>, 0.100000
	pigment { color rgbt <1,0,0,0> }
	no_shadow
}

// particle -1
sphere {
	<37.766697, 53.493370, 49.386147> 0.100000
	pigment { color rgbt <1,0,0,0> }
	no_shadow
}
sphere {
	0, 1
	scale<0.080000,0.200000,0.300000>
	matrix <0.419797, 0.826501, -0.375056,
		0.585448, -0.562355, -0.583959,
		-0.693557, 0.025568, -0.719948,
		37.558628, 53.501041, 49.170162>
	pigment { color rgbt <0,1,1,0> }
	no_shadow
}
cylinder {
	<38.152542, 52.892860, 49.406910>,  <38.044121, 53.483143, 49.674126>, 0.130000
	pigment { color rgbt <1,0,0,0> }
	no_shadow
}

// nucleotide -1

// particle -1
sphere {
	<38.152542, 52.892860, 49.406910> 0.250000
	pigment { color rgbt <1,0,0,0> }
	no_shadow
}
cylinder {
	<38.067429, 52.813660, 49.024178>,  <38.016361, 52.766140, 48.794540>, 0.100000
	pigment { color rgbt <1,0,0,0> }
	no_shadow
}
cylinder {
	<38.067429, 52.813660, 49.024178>,  <38.152542, 52.892860, 49.406910>, 0.100000
	pigment { color rgbt <1,0,0,0> }
	no_shadow
}

// particle -1
sphere {
	<38.067429, 52.813660, 49.024178> 0.100000
	pigment { color rgbt <1,0,0,0> }
	no_shadow
}
sphere {
	0, 1
	scale<0.080000,0.200000,0.300000>
	matrix <0.883383, 0.379500, -0.274980,
		0.417562, -0.903757, 0.094159,
		-0.212782, -0.198000, -0.956828,
		38.003593, 52.754261, 48.737129>
	pigment { color rgbt <0,1,1,0> }
	no_shadow
}
cylinder {
	<38.750717, 52.511902, 49.073689>,  <38.152542, 52.892860, 49.406910>, 0.130000
	pigment { color rgbt <1,0,0,0> }
	no_shadow
}

// nucleotide -1

// particle -1
sphere {
	<38.750717, 52.511902, 49.073689> 0.250000
	pigment { color rgbt <1,0,0,0> }
	no_shadow
}
cylinder {
	<38.542824, 52.689774, 48.781895>,  <38.418087, 52.796497, 48.606819>, 0.100000
	pigment { color rgbt <1,0,0,0> }
	no_shadow
}
cylinder {
	<38.542824, 52.689774, 48.781895>,  <38.750717, 52.511902, 49.073689>, 0.100000
	pigment { color rgbt <1,0,0,0> }
	no_shadow
}

// particle -1
sphere {
	<38.542824, 52.689774, 48.781895> 0.100000
	pigment { color rgbt <1,0,0,0> }
	no_shadow
}
sphere {
	0, 1
	scale<0.080000,0.200000,0.300000>
	matrix <0.833311, 0.452104, -0.318110,
		0.188346, -0.773217, -0.605525,
		-0.519729, 0.444676, -0.729483,
		38.386906, 52.823177, 48.563049>
	pigment { color rgbt <0,1,1,0> }
	no_shadow
}
cylinder {
	<39.344772, 52.603348, 48.630596>,  <38.750717, 52.511902, 49.073689>, 0.130000
	pigment { color rgbt <1,0,0,0> }
	no_shadow
}

// nucleotide -1

// particle -1
sphere {
	<39.344772, 52.603348, 48.630596> 0.250000
	pigment { color rgbt <1,0,0,0> }
	no_shadow
}
cylinder {
	<39.710316, 52.492592, 48.511803>,  <39.929642, 52.426136, 48.440525>, 0.100000
	pigment { color rgbt <1,0,0,0> }
	no_shadow
}
cylinder {
	<39.710316, 52.492592, 48.511803>,  <39.344772, 52.603348, 48.630596>, 0.100000
	pigment { color rgbt <1,0,0,0> }
	no_shadow
}

// particle -1
sphere {
	<39.710316, 52.492592, 48.511803> 0.100000
	pigment { color rgbt <1,0,0,0> }
	no_shadow
}
sphere {
	0, 1
	scale<0.080000,0.200000,0.300000>
	matrix <-0.400230, -0.737590, -0.543854,
		-0.068464, 0.615866, -0.784871,
		0.913854, -0.276895, -0.296986,
		39.984470, 52.409523, 48.422707>
	pigment { color rgbt <0,1,1,0> }
	no_shadow
}
cylinder {
	<39.500439, 53.403717, 48.454044>,  <39.344772, 52.603348, 48.630596>, 0.130000
	pigment { color rgbt <1,0,0,0> }
	no_shadow
}

// nucleotide -1

// particle -1
sphere {
	<39.500439, 53.403717, 48.454044> 0.250000
	pigment { color rgbt <1,0,0,0> }
	no_shadow
}
cylinder {
	<39.844963, 53.232601, 48.344391>,  <40.051678, 53.129932, 48.278599>, 0.100000
	pigment { color rgbt <1,0,0,0> }
	no_shadow
}
cylinder {
	<39.844963, 53.232601, 48.344391>,  <39.500439, 53.403717, 48.454044>, 0.100000
	pigment { color rgbt <1,0,0,0> }
	no_shadow
}

// particle -1
sphere {
	<39.844963, 53.232601, 48.344391> 0.100000
	pigment { color rgbt <1,0,0,0> }
	no_shadow
}
sphere {
	0, 1
	scale<0.080000,0.200000,0.300000>
	matrix <0.459217, 0.886314, 0.059732,
		0.217415, -0.177334, 0.959835,
		0.861307, -0.427786, -0.274133,
		40.103355, 53.104267, 48.262150>
	pigment { color rgbt <0,1,1,0> }
	no_shadow
}
cylinder {
	<39.980881, 53.386444, 48.936676>,  <39.500439, 53.403717, 48.454044>, 0.130000
	pigment { color rgbt <1,0,0,0> }
	no_shadow
}

// nucleotide -1

// particle -1
sphere {
	<39.980881, 53.386444, 48.936676> 0.250000
	pigment { color rgbt <1,0,0,0> }
	no_shadow
}
cylinder {
	<40.179657, 53.395714, 48.589684>,  <40.298923, 53.401276, 48.381489>, 0.100000
	pigment { color rgbt <1,0,0,0> }
	no_shadow
}
cylinder {
	<40.179657, 53.395714, 48.589684>,  <39.980881, 53.386444, 48.936676>, 0.100000
	pigment { color rgbt <1,0,0,0> }
	no_shadow
}

// particle -1
sphere {
	<40.179657, 53.395714, 48.589684> 0.100000
	pigment { color rgbt <1,0,0,0> }
	no_shadow
}
sphere {
	0, 1
	scale<0.080000,0.200000,0.300000>
	matrix <0.407028, 0.876637, 0.256586,
		0.766408, -0.480594, 0.426201,
		0.496938, 0.023174, -0.867477,
		40.328739, 53.402664, 48.329441>
	pigment { color rgbt <0,1,1,0> }
	no_shadow
}
cylinder {
	<40.692169, 53.441422, 49.062481>,  <39.980881, 53.386444, 48.936676>, 0.130000
	pigment { color rgbt <1,0,0,0> }
	no_shadow
}

// nucleotide -1

// particle -1
sphere {
	<40.692169, 53.441422, 49.062481> 0.250000
	pigment { color rgbt <1,0,0,0> }
	no_shadow
}
cylinder {
	<40.556458, 53.615181, 48.728729>,  <40.475029, 53.719437, 48.528477>, 0.100000
	pigment { color rgbt <1,0,0,0> }
	no_shadow
}
cylinder {
	<40.556458, 53.615181, 48.728729>,  <40.692169, 53.441422, 49.062481>, 0.100000
	pigment { color rgbt <1,0,0,0> }
	no_shadow
}

// particle -1
sphere {
	<40.556458, 53.615181, 48.728729> 0.100000
	pigment { color rgbt <1,0,0,0> }
	no_shadow
}
sphere {
	0, 1
	scale<0.080000,0.200000,0.300000>
	matrix <0.672366, 0.732319, 0.107862,
		0.657886, -0.524412, -0.540535,
		-0.339280, 0.434398, -0.834378,
		40.454674, 53.745499, 48.478416>
	pigment { color rgbt <0,1,1,0> }
	no_shadow
}
cylinder {
	<41.125854, 54.058022, 48.957214>,  <40.692169, 53.441422, 49.062481>, 0.130000
	pigment { color rgbt <1,0,0,0> }
	no_shadow
}

// nucleotide -1

// particle -1
sphere {
	<41.125854, 54.058022, 48.957214> 0.250000
	pigment { color rgbt <1,0,0,0> }
	no_shadow
}
cylinder {
	<40.897366, 54.316635, 49.159485>,  <40.760273, 54.471802, 49.280846>, 0.100000
	pigment { color rgbt <1,0,0,0> }
	no_shadow
}
cylinder {
	<40.897366, 54.316635, 49.159485>,  <41.125854, 54.058022, 48.957214>, 0.100000
	pigment { color rgbt <1,0,0,0> }
	no_shadow
}

// particle -1
sphere {
	<40.897366, 54.316635, 49.159485> 0.100000
	pigment { color rgbt <1,0,0,0> }
	no_shadow
}
sphere {
	0, 1
	scale<0.080000,0.200000,0.300000>
	matrix <0.792924, 0.275474, 0.543494,
		0.212087, 0.711413, -0.670008,
		-0.571218, 0.646533, 0.505672,
		40.726002, 54.510593, 49.311188>
	pigment { color rgbt <0,1,1,0> }
	no_shadow
}
cylinder {
	<41.381702, 54.761555, 49.021046>,  <41.125854, 54.058022, 48.957214>, 0.130000
	pigment { color rgbt <1,0,0,0> }
	no_shadow
}

// nucleotide -1

// particle -1
sphere {
	<41.381702, 54.761555, 49.021046> 0.250000
	pigment { color rgbt <1,0,0,0> }
	no_shadow
}
cylinder {
	<41.185520, 54.643936, 49.349190>,  <41.067810, 54.573364, 49.546078>, 0.100000
	pigment { color rgbt <1,0,0,0> }
	no_shadow
}
cylinder {
	<41.185520, 54.643936, 49.349190>,  <41.381702, 54.761555, 49.021046>, 0.100000
	pigment { color rgbt <1,0,0,0> }
	no_shadow
}

// particle -1
sphere {
	<41.185520, 54.643936, 49.349190> 0.100000
	pigment { color rgbt <1,0,0,0> }
	no_shadow
}
sphere {
	0, 1
	scale<0.080000,0.200000,0.300000>
	matrix <0.866504, -0.064223, 0.495021,
		-0.092873, 0.953631, 0.286290,
		-0.490454, -0.294045, 0.820361,
		41.038383, 54.555721, 49.595299>
	pigment { color rgbt <0,1,1,0> }
	no_shadow
}
cylinder {
	<41.558186, 55.148327, 49.703979>,  <41.381702, 54.761555, 49.021046>, 0.130000
	pigment { color rgbt <1,0,0,0> }
	no_shadow
}

// nucleotide -1

// particle -1
sphere {
	<41.558186, 55.148327, 49.703979> 0.250000
	pigment { color rgbt <1,0,0,0> }
	no_shadow
}
cylinder {
	<41.439823, 54.777275, 49.795151>,  <41.368805, 54.554646, 49.849854>, 0.100000
	pigment { color rgbt <1,0,0,0> }
	no_shadow
}
cylinder {
	<41.439823, 54.777275, 49.795151>,  <41.558186, 55.148327, 49.703979>, 0.100000
	pigment { color rgbt <1,0,0,0> }
	no_shadow
}

// particle -1
sphere {
	<41.439823, 54.777275, 49.795151> 0.100000
	pigment { color rgbt <1,0,0,0> }
	no_shadow
}
sphere {
	0, 1
	scale<0.080000,0.200000,0.300000>
	matrix <0.726138, -0.063416, 0.684618,
		-0.620615, 0.368088, 0.692349,
		-0.295906, -0.927626, 0.227926,
		41.351051, 54.498989, 49.863529>
	pigment { color rgbt <0,1,1,0> }
	no_shadow
}
cylinder {
	<41.290249, 55.092052, 50.425430>,  <41.558186, 55.148327, 49.703979>, 0.130000
	pigment { color rgbt <1,0,0,0> }
	no_shadow
}

// nucleotide -1

// particle -1
sphere {
	<41.290249, 55.092052, 50.425430> 0.250000
	pigment { color rgbt <1,0,0,0> }
	no_shadow
}
cylinder {
	<41.486351, 54.764679, 50.305557>,  <41.604012, 54.568253, 50.233635>, 0.100000
	pigment { color rgbt <1,0,0,0> }
	no_shadow
}
cylinder {
	<41.486351, 54.764679, 50.305557>,  <41.290249, 55.092052, 50.425430>, 0.100000
	pigment { color rgbt <1,0,0,0> }
	no_shadow
}

// particle -1
sphere {
	<41.486351, 54.764679, 50.305557> 0.100000
	pigment { color rgbt <1,0,0,0> }
	no_shadow
}
sphere {
	0, 1
	scale<0.080000,0.200000,0.300000>
	matrix <0.777504, 0.255292, 0.574729,
		-0.393872, -0.514771, 0.761496,
		0.490258, -0.818436, -0.299684,
		41.633427, 54.519150, 50.215652>
	pigment { color rgbt <0,1,1,0> }
	no_shadow
}
cylinder {
	<41.492241, 54.623917, 50.910267>,  <41.290249, 55.092052, 50.425430>, 0.130000
	pigment { color rgbt <1,0,0,0> }
	no_shadow
}

// nucleotide -1

// particle -1
sphere {
	<41.492241, 54.623917, 50.910267> 0.250000
	pigment { color rgbt <1,0,0,0> }
	no_shadow
}
cylinder {
	<41.774044, 54.585976, 50.628937>,  <41.943127, 54.563213, 50.460136>, 0.100000
	pigment { color rgbt <1,0,0,0> }
	no_shadow
}
cylinder {
	<41.774044, 54.585976, 50.628937>,  <41.492241, 54.623917, 50.910267>, 0.100000
	pigment { color rgbt <1,0,0,0> }
	no_shadow
}

// particle -1
sphere {
	<41.774044, 54.585976, 50.628937> 0.100000
	pigment { color rgbt <1,0,0,0> }
	no_shadow
}
sphere {
	0, 1
	scale<0.080000,0.200000,0.300000>
	matrix <0.706986, 0.007280, 0.707190,
		-0.061955, -0.995465, 0.072185,
		0.704509, -0.094848, -0.703329,
		41.985397, 54.557522, 50.417938>
	pigment { color rgbt <0,1,1,0> }
	no_shadow
}
cylinder {
	<41.982666, 53.961422, 51.100964>,  <41.492241, 54.623917, 50.910267>, 0.130000
	pigment { color rgbt <1,0,0,0> }
	no_shadow
}

// nucleotide -1

// particle -1
sphere {
	<41.982666, 53.961422, 51.100964> 0.250000
	pigment { color rgbt <1,0,0,0> }
	no_shadow
}
cylinder {
	<42.123932, 54.272518, 50.892967>,  <42.208691, 54.459175, 50.768169>, 0.100000
	pigment { color rgbt <1,0,0,0> }
	no_shadow
}
cylinder {
	<42.123932, 54.272518, 50.892967>,  <41.982666, 53.961422, 51.100964>, 0.100000
	pigment { color rgbt <1,0,0,0> }
	no_shadow
}

// particle -1
sphere {
	<42.123932, 54.272518, 50.892967> 0.100000
	pigment { color rgbt <1,0,0,0> }
	no_shadow
}
sphere {
	0, 1
	scale<0.080000,0.200000,0.300000>
	matrix <0.837433, -0.014995, 0.546335,
		0.417109, -0.628408, -0.656600,
		0.353167, 0.777740, -0.519994,
		42.229881, 54.505840, 50.736969>
	pigment { color rgbt <0,1,1,0> }
	no_shadow
}
cylinder {
	<42.681602, 53.874165, 50.907928>,  <41.982666, 53.961422, 51.100964>, 0.130000
	pigment { color rgbt <1,0,0,0> }
	no_shadow
}

// nucleotide -1

// particle -1
sphere {
	<42.681602, 53.874165, 50.907928> 0.250000
	pigment { color rgbt <1,0,0,0> }
	no_shadow
}
cylinder {
	<42.626926, 54.269554, 50.933987>,  <42.594120, 54.506786, 50.949619>, 0.100000
	pigment { color rgbt <1,0,0,0> }
	no_shadow
}
cylinder {
	<42.626926, 54.269554, 50.933987>,  <42.681602, 53.874165, 50.907928>, 0.100000
	pigment { color rgbt <1,0,0,0> }
	no_shadow
}

// particle -1
sphere {
	<42.626926, 54.269554, 50.933987> 0.100000
	pigment { color rgbt <1,0,0,0> }
	no_shadow
}
sphere {
	0, 1
	scale<0.080000,0.200000,0.300000>
	matrix <0.839683, 0.080723, 0.537043,
		0.525592, 0.128109, -0.841036,
		-0.136691, 0.988469, 0.065143,
		42.585918, 54.566093, 50.953529>
	pigment { color rgbt <0,1,1,0> }
	no_shadow
}
cylinder {
	<43.322849, 54.332123, 50.567299>,  <42.681602, 53.874165, 50.907928>, 0.130000
	pigment { color rgbt <1,0,0,0> }
	no_shadow
}

// nucleotide -1

// particle -1
sphere {
	<43.322849, 54.332123, 50.567299> 0.250000
	pigment { color rgbt <1,0,0,0> }
	no_shadow
}
cylinder {
	<43.111488, 54.482811, 50.871635>,  <42.984673, 54.573223, 51.054237>, 0.100000
	pigment { color rgbt <1,0,0,0> }
	no_shadow
}
cylinder {
	<43.111488, 54.482811, 50.871635>,  <43.322849, 54.332123, 50.567299>, 0.100000
	pigment { color rgbt <1,0,0,0> }
	no_shadow
}

// particle -1
sphere {
	<43.111488, 54.482811, 50.871635> 0.100000
	pigment { color rgbt <1,0,0,0> }
	no_shadow
}
sphere {
	0, 1
	scale<0.080000,0.200000,0.300000>
	matrix <0.827101, 0.026216, 0.561442,
		0.191560, 0.925956, -0.325438,
		-0.528403, 0.376720, 0.760837,
		42.952969, 54.595829, 51.099888>
	pigment { color rgbt <0,1,1,0> }
	no_shadow
}
cylinder {
	<43.772709, 54.767941, 50.831917>,  <43.322849, 54.332123, 50.567299>, 0.130000
	pigment { color rgbt <1,0,0,0> }
	no_shadow
}

// nucleotide -1

// particle -1
sphere {
	<43.772709, 54.767941, 50.831917> 0.250000
	pigment { color rgbt <1,0,0,0> }
	no_shadow
}
cylinder {
	<43.501633, 54.607349, 51.078346>,  <43.338989, 54.510994, 51.226204>, 0.100000
	pigment { color rgbt <1,0,0,0> }
	no_shadow
}
cylinder {
	<43.501633, 54.607349, 51.078346>,  <43.772709, 54.767941, 50.831917>, 0.100000
	pigment { color rgbt <1,0,0,0> }
	no_shadow
}

// particle -1
sphere {
	<43.501633, 54.607349, 51.078346> 0.100000
	pigment { color rgbt <1,0,0,0> }
	no_shadow
}
sphere {
	0, 1
	scale<0.080000,0.200000,0.300000>
	matrix <0.735156, -0.350677, 0.580148,
		-0.016875, 0.846072, 0.532801,
		-0.677688, -0.401481, 0.616077,
		43.298325, 54.486904, 51.263168>
	pigment { color rgbt <0,1,1,0> }
	no_shadow
}
cylinder {
	<43.793121, 55.159077, 51.405525>,  <43.772709, 54.767941, 50.831917>, 0.130000
	pigment { color rgbt <1,0,0,0> }
	no_shadow
}

// nucleotide -1

// particle -1
sphere {
	<43.793121, 55.159077, 51.405525> 0.250000
	pigment { color rgbt <1,0,0,0> }
	no_shadow
}
cylinder {
	<43.682026, 54.777939, 51.454433>,  <43.615368, 54.549255, 51.483776>, 0.100000
	pigment { color rgbt <1,0,0,0> }
	no_shadow
}
cylinder {
	<43.682026, 54.777939, 51.454433>,  <43.793121, 55.159077, 51.405525>, 0.100000
	pigment { color rgbt <1,0,0,0> }
	no_shadow
}

// particle -1
sphere {
	<43.682026, 54.777939, 51.454433> 0.100000
	pigment { color rgbt <1,0,0,0> }
	no_shadow
}
sphere {
	0, 1
	scale<0.080000,0.200000,0.300000>
	matrix <0.889016, -0.206708, 0.408562,
		-0.364022, 0.222172, 0.904504,
		-0.277739, -0.952844, 0.122268,
		43.598705, 54.492085, 51.491116>
	pigment { color rgbt <0,1,1,0> }
	no_shadow
}
cylinder {
	<43.904934, 54.871017, 52.141838>,  <43.793121, 55.159077, 51.405525>, 0.130000
	pigment { color rgbt <1,0,0,0> }
	no_shadow
}

// nucleotide -1

// particle -1
sphere {
	<43.904934, 54.871017, 52.141838> 0.250000
	pigment { color rgbt <1,0,0,0> }
	no_shadow
}
cylinder {
	<43.892105, 54.546749, 51.907990>,  <43.884407, 54.352188, 51.767681>, 0.100000
	pigment { color rgbt <1,0,0,0> }
	no_shadow
}
cylinder {
	<43.892105, 54.546749, 51.907990>,  <43.904934, 54.871017, 52.141838>, 0.100000
	pigment { color rgbt <1,0,0,0> }
	no_shadow
}

// particle -1
sphere {
	<43.892105, 54.546749, 51.907990> 0.100000
	pigment { color rgbt <1,0,0,0> }
	no_shadow
}
sphere {
	0, 1
	scale<0.080000,0.200000,0.300000>
	matrix <0.855597, -0.324622, 0.403205,
		-0.516648, -0.487264, 0.704023,
		-0.032074, -0.810675, -0.584617,
		43.882484, 54.303547, 51.732605>
	pigment { color rgbt <0,1,1,0> }
	no_shadow
}
cylinder {
	<44.076778, 54.443962, 52.617847>,  <43.904934, 54.871017, 52.141838>, 0.130000
	pigment { color rgbt <1,0,0,0> }
	no_shadow
}

// nucleotide -1

// particle -1
sphere {
	<44.076778, 54.443962, 52.617847> 0.250000
	pigment { color rgbt <1,0,0,0> }
	no_shadow
}
cylinder {
	<44.152451, 54.269890, 52.265747>,  <44.197853, 54.165447, 52.054489>, 0.100000
	pigment { color rgbt <1,0,0,0> }
	no_shadow
}
cylinder {
	<44.152451, 54.269890, 52.265747>,  <44.076778, 54.443962, 52.617847>, 0.100000
	pigment { color rgbt <1,0,0,0> }
	no_shadow
}

// particle -1
sphere {
	<44.152451, 54.269890, 52.265747> 0.100000
	pigment { color rgbt <1,0,0,0> }
	no_shadow
}
sphere {
	0, 1
	scale<0.080000,0.200000,0.300000>
	matrix <0.617292, -0.644446, 0.451265,
		-0.763651, -0.628738, 0.146717,
		0.189176, -0.435176, -0.880247,
		44.209202, 54.139336, 52.001675>
	pigment { color rgbt <0,1,1,0> }
	no_shadow
}
cylinder {
	<43.955662, 53.850803, 52.631618>,  <44.076778, 54.443962, 52.617847>, 0.130000
	pigment { color rgbt <1,0,0,0> }
	no_shadow
}

// nucleotide -1

// particle -1
sphere {
	<43.955662, 53.850803, 52.631618> 0.250000
	pigment { color rgbt <1,0,0,0> }
	no_shadow
}
cylinder {
	<44.242588, 53.841690, 52.353065>,  <44.414742, 53.836220, 52.185936>, 0.100000
	pigment { color rgbt <1,0,0,0> }
	no_shadow
}
cylinder {
	<44.242588, 53.841690, 52.353065>,  <43.955662, 53.850803, 52.631618>, 0.100000
	pigment { color rgbt <1,0,0,0> }
	no_shadow
}

// particle -1
sphere {
	<44.242588, 53.841690, 52.353065> 0.100000
	pigment { color rgbt <1,0,0,0> }
	no_shadow
}
sphere {
	0, 1
	scale<0.080000,0.200000,0.300000>
	matrix <0.546940, -0.600767, 0.583040,
		-0.431646, -0.799099, -0.418476,
		0.717313, -0.022785, -0.696378,
		44.457783, 53.834854, 52.144154>
	pigment { color rgbt <0,1,1,0> }
	no_shadow
}
cylinder {
	<44.076073, 53.217426, 52.470936>,  <43.955662, 53.850803, 52.631618>, 0.130000
	pigment { color rgbt <1,0,0,0> }
	no_shadow
}

// nucleotide -1

// particle -1
sphere {
	<44.076073, 53.217426, 52.470936> 0.250000
	pigment { color rgbt <1,0,0,0> }
	no_shadow
}
cylinder {
	<44.415615, 53.410374, 52.384434>,  <44.619339, 53.526142, 52.332531>, 0.100000
	pigment { color rgbt <1,0,0,0> }
	no_shadow
}
cylinder {
	<44.415615, 53.410374, 52.384434>,  <44.076073, 53.217426, 52.470936>, 0.100000
	pigment { color rgbt <1,0,0,0> }
	no_shadow
}

// particle -1
sphere {
	<44.415615, 53.410374, 52.384434> 0.100000
	pigment { color rgbt <1,0,0,0> }
	no_shadow
}
sphere {
	0, 1
	scale<0.080000,0.200000,0.300000>
	matrix <0.521985, -0.700191, 0.487098,
		0.083537, -0.526359, -0.846148,
		0.848854, 0.482367, -0.216260,
		44.670273, 53.555084, 52.319557>
	pigment { color rgbt <0,1,1,0> }
	no_shadow
}
cylinder {
	<44.630219, 52.774940, 52.198246>,  <44.076073, 53.217426, 52.470936>, 0.130000
	pigment { color rgbt <1,0,0,0> }
	no_shadow
}

// nucleotide -1

// particle -1
sphere {
	<44.630219, 52.774940, 52.198246> 0.250000
	pigment { color rgbt <1,0,0,0> }
	no_shadow
}
cylinder {
	<44.734306, 53.061783, 52.456871>,  <44.796761, 53.233887, 52.612045>, 0.100000
	pigment { color rgbt <1,0,0,0> }
	no_shadow
}
cylinder {
	<44.734306, 53.061783, 52.456871>,  <44.630219, 52.774940, 52.198246>, 0.100000
	pigment { color rgbt <1,0,0,0> }
	no_shadow
}

// particle -1
sphere {
	<44.734306, 53.061783, 52.456871> 0.100000
	pigment { color rgbt <1,0,0,0> }
	no_shadow
}
sphere {
	0, 1
	scale<0.080000,0.200000,0.300000>
	matrix <0.513772, -0.669800, 0.536102,
		0.817510, 0.192679, -0.542726,
		0.260222, 0.717107, 0.646562,
		44.812374, 53.276917, 52.650841>
	pigment { color rgbt <0,1,1,0> }
	no_shadow
}
cylinder {
	<45.279007, 53.015011, 52.305443>,  <44.630219, 52.774940, 52.198246>, 0.130000
	pigment { color rgbt <1,0,0,0> }
	no_shadow
}

// nucleotide -1

// particle -1
sphere {
	<45.279007, 53.015011, 52.305443> 0.250000
	pigment { color rgbt <1,0,0,0> }
	no_shadow
}
cylinder {
	<45.096836, 53.019909, 52.661518>,  <44.987534, 53.022846, 52.875164>, 0.100000
	pigment { color rgbt <1,0,0,0> }
	no_shadow
}
cylinder {
	<45.096836, 53.019909, 52.661518>,  <45.279007, 53.015011, 52.305443>, 0.100000
	pigment { color rgbt <1,0,0,0> }
	no_shadow
}

// particle -1
sphere {
	<45.096836, 53.019909, 52.661518> 0.100000
	pigment { color rgbt <1,0,0,0> }
	no_shadow
}
sphere {
	0, 1
	scale<0.080000,0.200000,0.300000>
	matrix <0.651316, -0.677096, 0.342534,
		0.606935, 0.735793, 0.300397,
		-0.455431, 0.012243, 0.890187,
		44.960205, 53.023582, 52.928574>
	pigment { color rgbt <0,1,1,0> }
	no_shadow
}
cylinder {
	<45.787907, 53.130524, 52.766823>,  <45.279007, 53.015011, 52.305443>, 0.130000
	pigment { color rgbt <1,0,0,0> }
	no_shadow
}

// nucleotide -1

// particle -1
sphere {
	<45.787907, 53.130524, 52.766823> 0.250000
	pigment { color rgbt <1,0,0,0> }
	no_shadow
}
cylinder {
	<45.475071, 52.948837, 52.937485>,  <45.287369, 52.839825, 53.039883>, 0.100000
	pigment { color rgbt <1,0,0,0> }
	no_shadow
}
cylinder {
	<45.475071, 52.948837, 52.937485>,  <45.787907, 53.130524, 52.766823>, 0.100000
	pigment { color rgbt <1,0,0,0> }
	no_shadow
}

// particle -1
sphere {
	<45.475071, 52.948837, 52.937485> 0.100000
	pigment { color rgbt <1,0,0,0> }
	no_shadow
}
sphere {
	0, 1
	scale<0.080000,0.200000,0.300000>
	matrix <0.599353, -0.735731, 0.315398,
		0.170643, 0.502384, 0.847638,
		-0.782085, -0.454214, 0.426653,
		45.240444, 52.812572, 53.065479>
	pigment { color rgbt <0,1,1,0> }
	no_shadow
}
cylinder {
	<46.445675, 53.156933, 53.160080>,  <45.787907, 53.130524, 52.766823>, 0.130000
	pigment { color rgbt <1,0,0,0> }
	no_shadow
}

// nucleotide -1

// particle -1
sphere {
	<46.445675, 53.156933, 53.160080> 0.250000
	pigment { color rgbt <1,0,0,0> }
	no_shadow
}
cylinder {
	<46.560402, 53.535164, 53.098606>,  <46.629238, 53.762104, 53.061722>, 0.100000
	pigment { color rgbt <1,0,0,0> }
	no_shadow
}
cylinder {
	<46.560402, 53.535164, 53.098606>,  <46.445675, 53.156933, 53.160080>, 0.100000
	pigment { color rgbt <1,0,0,0> }
	no_shadow
}

// particle -1
sphere {
	<46.560402, 53.535164, 53.098606> 0.100000
	pigment { color rgbt <1,0,0,0> }
	no_shadow
}
sphere {
	0, 1
	scale<0.080000,0.200000,0.300000>
	matrix <-0.077294, 0.182745, 0.980117,
		0.954862, -0.269235, 0.125502,
		0.286816, 0.945577, -0.153686,
		46.646446, 53.818836, 53.052502>
	pigment { color rgbt <0,1,1,0> }
	no_shadow
}
cylinder {
	<46.617176, 53.358692, 53.829460>,  <46.445675, 53.156933, 53.160080>, 0.130000
	pigment { color rgbt <1,0,0,0> }
	no_shadow
}

// nucleotide -1

// particle -1
sphere {
	<46.617176, 53.358692, 53.829460> 0.250000
	pigment { color rgbt <1,0,0,0> }
	no_shadow
}
cylinder {
	<46.673393, 53.707283, 53.641514>,  <46.707123, 53.916439, 53.528744>, 0.100000
	pigment { color rgbt <1,0,0,0> }
	no_shadow
}
cylinder {
	<46.673393, 53.707283, 53.641514>,  <46.617176, 53.358692, 53.829460>, 0.100000
	pigment { color rgbt <1,0,0,0> }
	no_shadow
}

// particle -1
sphere {
	<46.673393, 53.707283, 53.641514> 0.100000
	pigment { color rgbt <1,0,0,0> }
	no_shadow
}
sphere {
	0, 1
	scale<0.080000,0.200000,0.300000>
	matrix <-0.184739, 0.489328, 0.852308,
		0.972687, -0.032982, 0.229767,
		0.140543, 0.871476, -0.469870,
		46.715557, 53.968727, 53.500553>
	pigment { color rgbt <0,1,1,0> }
	no_shadow
}
cylinder {
	<46.922993, 53.843876, 54.333065>,  <46.617176, 53.358692, 53.829460>, 0.130000
	pigment { color rgbt <1,0,0,0> }
	no_shadow
}

// nucleotide -1

// particle -1
sphere {
	<46.922993, 53.843876, 54.333065> 0.250000
	pigment { color rgbt <1,0,0,0> }
	no_shadow
}
cylinder {
	<46.717659, 54.028328, 54.043556>,  <46.594460, 54.139000, 53.869850>, 0.100000
	pigment { color rgbt <1,0,0,0> }
	no_shadow
}
cylinder {
	<46.717659, 54.028328, 54.043556>,  <46.922993, 53.843876, 54.333065>, 0.100000
	pigment { color rgbt <1,0,0,0> }
	no_shadow
}

// particle -1
sphere {
	<46.717659, 54.028328, 54.043556> 0.100000
	pigment { color rgbt <1,0,0,0> }
	no_shadow
}
sphere {
	0, 1
	scale<0.080000,0.200000,0.300000>
	matrix <-0.433985, 0.588104, 0.682489,
		0.740371, 0.664451, -0.101769,
		-0.513331, 0.461129, -0.723776,
		46.563660, 54.166668, 53.826424>
	pigment { color rgbt <0,1,1,0> }
	no_shadow
}
cylinder {
	<46.968037, 54.518490, 54.561268>,  <46.922993, 53.843876, 54.333065>, 0.130000
	pigment { color rgbt <1,0,0,0> }
	no_shadow
}

// nucleotide -1

// particle -1
sphere {
	<46.968037, 54.518490, 54.561268> 0.250000
	pigment { color rgbt <1,0,0,0> }
	no_shadow
}
cylinder {
	<46.666409, 54.509029, 54.298721>,  <46.485432, 54.503353, 54.141193>, 0.100000
	pigment { color rgbt <1,0,0,0> }
	no_shadow
}
cylinder {
	<46.666409, 54.509029, 54.298721>,  <46.968037, 54.518490, 54.561268>, 0.100000
	pigment { color rgbt <1,0,0,0> }
	no_shadow
}

// particle -1
sphere {
	<46.666409, 54.509029, 54.298721> 0.100000
	pigment { color rgbt <1,0,0,0> }
	no_shadow
}
sphere {
	0, 1
	scale<0.080000,0.200000,0.300000>
	matrix <-0.533841, 0.604237, 0.591533,
		0.382607, 0.796453, -0.468267,
		-0.754073, -0.023656, -0.656364,
		46.440186, 54.501934, 54.101810>
	pigment { color rgbt <0,1,1,0> }
	no_shadow
}
cylinder {
	<47.670162, 54.842266, 54.708725>,  <46.968037, 54.518490, 54.561268>, 0.130000
	pigment { color rgbt <1,0,0,0> }
	no_shadow
}

// nucleotide -1

// particle -1
sphere {
	<47.670162, 54.842266, 54.708725> 0.250000
	pigment { color rgbt <1,0,0,0> }
	no_shadow
}
cylinder {
	<47.759995, 54.868332, 54.319817>,  <47.813892, 54.883972, 54.086472>, 0.100000
	pigment { color rgbt <1,0,0,0> }
	no_shadow
}
cylinder {
	<47.759995, 54.868332, 54.319817>,  <47.670162, 54.842266, 54.708725>, 0.100000
	pigment { color rgbt <1,0,0,0> }
	no_shadow
}

// particle -1
sphere {
	<47.759995, 54.868332, 54.319817> 0.100000
	pigment { color rgbt <1,0,0,0> }
	no_shadow
}
sphere {
	0, 1
	scale<0.080000,0.200000,0.300000>
	matrix <0.870561, 0.434877, 0.230229,
		0.437822, -0.898129, 0.040937,
		0.224577, 0.065161, -0.972275,
		47.827370, 54.887878, 54.028133>
	pigment { color rgbt <0,1,1,0> }
	no_shadow
}
cylinder {
	<48.229942, 54.460560, 54.620163>,  <47.670162, 54.842266, 54.708725>, 0.130000
	pigment { color rgbt <1,0,0,0> }
	no_shadow
}

// nucleotide -1

// particle -1
sphere {
	<48.229942, 54.460560, 54.620163> 0.250000
	pigment { color rgbt <1,0,0,0> }
	no_shadow
}
cylinder {
	<48.214691, 54.765404, 54.361633>,  <48.205540, 54.948311, 54.206516>, 0.100000
	pigment { color rgbt <1,0,0,0> }
	no_shadow
}
cylinder {
	<48.214691, 54.765404, 54.361633>,  <48.229942, 54.460560, 54.620163>, 0.100000
	pigment { color rgbt <1,0,0,0> }
	no_shadow
}

// particle -1
sphere {
	<48.214691, 54.765404, 54.361633> 0.100000
	pigment { color rgbt <1,0,0,0> }
	no_shadow
}
sphere {
	0, 1
	scale<0.080000,0.200000,0.300000>
	matrix <0.950207, 0.227835, 0.212598,
		0.309278, -0.606036, -0.732849,
		-0.038127, 0.762110, -0.646324,
		48.203255, 54.994038, 54.167736>
	pigment { color rgbt <0,1,1,0> }
	no_shadow
}
cylinder {
	<48.822781, 54.480331, 54.221706>,  <48.229942, 54.460560, 54.620163>, 0.130000
	pigment { color rgbt <1,0,0,0> }
	no_shadow
}

// nucleotide -1

// particle -1
sphere {
	<48.822781, 54.480331, 54.221706> 0.250000
	pigment { color rgbt <1,0,0,0> }
	no_shadow
}
cylinder {
	<48.668694, 54.849079, 54.204945>,  <48.576241, 55.070328, 54.194885>, 0.100000
	pigment { color rgbt <1,0,0,0> }
	no_shadow
}
cylinder {
	<48.668694, 54.849079, 54.204945>,  <48.822781, 54.480331, 54.221706>, 0.100000
	pigment { color rgbt <1,0,0,0> }
	no_shadow
}

// particle -1
sphere {
	<48.668694, 54.849079, 54.204945> 0.100000
	pigment { color rgbt <1,0,0,0> }
	no_shadow
}
sphere {
	0, 1
	scale<0.080000,0.200000,0.300000>
	matrix <0.849613, 0.372017, 0.373845,
		0.360228, 0.108405, -0.926544,
		-0.385217, 0.921874, -0.041908,
		48.553127, 55.125641, 54.192371>
	pigment { color rgbt <0,1,1,0> }
	no_shadow
}
cylinder {
	<49.390240, 54.912605, 54.081367>,  <48.822781, 54.480331, 54.221706>, 0.130000
	pigment { color rgbt <1,0,0,0> }
	no_shadow
}

// nucleotide -1

// particle -1
sphere {
	<49.390240, 54.912605, 54.081367> 0.250000
	pigment { color rgbt <1,0,0,0> }
	no_shadow
}
cylinder {
	<49.105846, 55.126411, 54.264145>,  <48.935211, 55.254696, 54.373814>, 0.100000
	pigment { color rgbt <1,0,0,0> }
	no_shadow
}
cylinder {
	<49.105846, 55.126411, 54.264145>,  <49.390240, 54.912605, 54.081367>, 0.100000
	pigment { color rgbt <1,0,0,0> }
	no_shadow
}

// particle -1
sphere {
	<49.105846, 55.126411, 54.264145> 0.100000
	pigment { color rgbt <1,0,0,0> }
	no_shadow
}
sphere {
	0, 1
	scale<0.080000,0.200000,0.300000>
	matrix <0.677367, 0.346026, 0.649184,
		0.188880, 0.771080, -0.608079,
		-0.710984, 0.534511, 0.456947,
		48.892551, 55.286766, 54.401230>
	pigment { color rgbt <0,1,1,0> }
	no_shadow
}
cylinder {
	<49.744175, 55.560184, 54.148598>,  <49.390240, 54.912605, 54.081367>, 0.130000
	pigment { color rgbt <1,0,0,0> }
	no_shadow
}

// nucleotide -1

// particle -1
sphere {
	<49.744175, 55.560184, 54.148598> 0.250000
	pigment { color rgbt <1,0,0,0> }
	no_shadow
}
cylinder {
	<49.446842, 55.574036, 54.415810>,  <49.268444, 55.582348, 54.576138>, 0.100000
	pigment { color rgbt <1,0,0,0> }
	no_shadow
}
cylinder {
	<49.446842, 55.574036, 54.415810>,  <49.744175, 55.560184, 54.148598>, 0.100000
	pigment { color rgbt <1,0,0,0> }
	no_shadow
}

// particle -1
sphere {
	<49.446842, 55.574036, 54.415810> 0.100000
	pigment { color rgbt <1,0,0,0> }
	no_shadow
}
sphere {
	0, 1
	scale<0.080000,0.200000,0.300000>
	matrix <0.614103, 0.431272, 0.660970,
		-0.265212, 0.901557, -0.341845,
		-0.743331, 0.034630, 0.668027,
		49.223843, 55.584423, 54.616219>
	pigment { color rgbt <0,1,1,0> }
	no_shadow
}
cylinder {
	<50.382740, 55.429939, 54.381920>,  <49.744175, 55.560184, 54.148598>, 0.130000
	pigment { color rgbt <1,0,0,0> }
	no_shadow
}

// nucleotide -1

// particle -1
sphere {
	<50.382740, 55.429939, 54.381920> 0.250000
	pigment { color rgbt <1,0,0,0> }
	no_shadow
}
cylinder {
	<50.750843, 55.544750, 54.488312>,  <50.971706, 55.613636, 54.552147>, 0.100000
	pigment { color rgbt <1,0,0,0> }
	no_shadow
}
cylinder {
	<50.750843, 55.544750, 54.488312>,  <50.382740, 55.429939, 54.381920>, 0.100000
	pigment { color rgbt <1,0,0,0> }
	no_shadow
}

// particle -1
sphere {
	<50.750843, 55.544750, 54.488312> 0.100000
	pigment { color rgbt <1,0,0,0> }
	no_shadow
}
sphere {
	0, 1
	scale<0.080000,0.200000,0.300000>
	matrix <0.372286, -0.851552, -0.369137,
		0.120542, 0.438720, -0.890502,
		0.920257, 0.287025, 0.265977,
		51.026920, 55.630859, 54.568104>
	pigment { color rgbt <0,1,1,0> }
	no_shadow
}
cylinder {
	<50.772018, 55.341423, 53.831020>,  <50.382740, 55.429939, 54.381920>, 0.130000
	pigment { color rgbt <1,0,0,0> }
	no_shadow
}

// nucleotide -1

// particle -1
sphere {
	<50.772018, 55.341423, 53.831020> 0.250000
	pigment { color rgbt <1,0,0,0> }
	no_shadow
}
cylinder {
	<51.005978, 55.310532, 54.153988>,  <51.146355, 55.291996, 54.347771>, 0.100000
	pigment { color rgbt <1,0,0,0> }
	no_shadow
}
cylinder {
	<51.005978, 55.310532, 54.153988>,  <50.772018, 55.341423, 53.831020>, 0.100000
	pigment { color rgbt <1,0,0,0> }
	no_shadow
}

// particle -1
sphere {
	<51.005978, 55.310532, 54.153988> 0.100000
	pigment { color rgbt <1,0,0,0> }
	no_shadow
}
sphere {
	0, 1
	scale<0.080000,0.200000,0.300000>
	matrix <0.422780, -0.820506, -0.384743,
		0.692206, 0.566398, -0.447263,
		0.584899, -0.077228, 0.807421,
		51.181446, 55.287365, 54.396214>
	pigment { color rgbt <0,1,1,0> }
	no_shadow
}
cylinder {
	<51.483757, 55.521446, 53.707870>,  <50.772018, 55.341423, 53.831020>, 0.130000
	pigment { color rgbt <1,0,0,0> }
	no_shadow
}

// nucleotide -1

// particle -1
sphere {
	<51.483757, 55.521446, 53.707870> 0.250000
	pigment { color rgbt <1,0,0,0> }
	no_shadow
}
cylinder {
	<51.835339, 55.696095, 53.784607>,  <52.046288, 55.800884, 53.830650>, 0.100000
	pigment { color rgbt <1,0,0,0> }
	no_shadow
}
cylinder {
	<51.835339, 55.696095, 53.784607>,  <51.483757, 55.521446, 53.707870>, 0.100000
	pigment { color rgbt <1,0,0,0> }
	no_shadow
}

// particle -1
sphere {
	<51.835339, 55.696095, 53.784607> 0.100000
	pigment { color rgbt <1,0,0,0> }
	no_shadow
}
sphere {
	0, 1
	scale<0.080000,0.200000,0.300000>
	matrix <-0.000543, 0.403175, -0.915123,
		-0.476907, 0.804246, 0.354609,
		0.878954, 0.436620, 0.191840,
		52.099026, 55.827080, 53.842159>
	pigment { color rgbt <0,1,1,0> }
	no_shadow
}
cylinder {
	<51.492081, 56.313931, 53.700253>,  <51.483757, 55.521446, 53.707870>, 0.130000
	pigment { color rgbt <1,0,0,0> }
	no_shadow
}

// nucleotide -1

// particle -1
sphere {
	<51.492081, 56.313931, 53.700253> 0.250000
	pigment { color rgbt <1,0,0,0> }
	no_shadow
}
cylinder {
	<51.822975, 56.130329, 53.570641>,  <52.021511, 56.020168, 53.492874>, 0.100000
	pigment { color rgbt <1,0,0,0> }
	no_shadow
}
cylinder {
	<51.822975, 56.130329, 53.570641>,  <51.492081, 56.313931, 53.700253>, 0.100000
	pigment { color rgbt <1,0,0,0> }
	no_shadow
}

// particle -1
sphere {
	<51.822975, 56.130329, 53.570641> 0.100000
	pigment { color rgbt <1,0,0,0> }
	no_shadow
}
sphere {
	0, 1
	scale<0.080000,0.200000,0.300000>
	matrix <-0.175388, 0.336944, -0.925045,
		0.533781, 0.822061, 0.198227,
		0.827234, -0.459005, -0.324034,
		52.071144, 55.992626, 53.473431>
	pigment { color rgbt <0,1,1,0> }
	no_shadow
}
cylinder {
	<51.927429, 56.705376, 53.254246>,  <51.492081, 56.313931, 53.700253>, 0.130000
	pigment { color rgbt <1,0,0,0> }
	no_shadow
}

// nucleotide -1

// particle -1
sphere {
	<51.927429, 56.705376, 53.254246> 0.250000
	pigment { color rgbt <1,0,0,0> }
	no_shadow
}
cylinder {
	<51.996445, 56.331837, 53.128922>,  <52.037853, 56.107712, 53.053726>, 0.100000
	pigment { color rgbt <1,0,0,0> }
	no_shadow
}
cylinder {
	<51.996445, 56.331837, 53.128922>,  <51.927429, 56.705376, 53.254246>, 0.100000
	pigment { color rgbt <1,0,0,0> }
	no_shadow
}

// particle -1
sphere {
	<51.996445, 56.331837, 53.128922> 0.100000
	pigment { color rgbt <1,0,0,0> }
	no_shadow
}
sphere {
	0, 1
	scale<0.080000,0.200000,0.300000>
	matrix <-0.163602, 0.286489, -0.944012,
		0.971321, 0.214136, -0.103349,
		0.172538, -0.933847, -0.313306,
		52.048206, 56.051682, 53.034931>
	pigment { color rgbt <0,1,1,0> }
	no_shadow
}
cylinder {
	<52.429882, 56.653214, 52.725777>,  <51.927429, 56.705376, 53.254246>, 0.130000
	pigment { color rgbt <1,0,0,0> }
	no_shadow
}

// nucleotide -1

// particle -1
sphere {
	<52.429882, 56.653214, 52.725777> 0.250000
	pigment { color rgbt <1,0,0,0> }
	no_shadow
}
cylinder {
	<52.226109, 56.319080, 52.643127>,  <52.103844, 56.118599, 52.593540>, 0.100000
	pigment { color rgbt <1,0,0,0> }
	no_shadow
}
cylinder {
	<52.226109, 56.319080, 52.643127>,  <52.429882, 56.653214, 52.725777>, 0.100000
	pigment { color rgbt <1,0,0,0> }
	no_shadow
}

// particle -1
sphere {
	<52.226109, 56.319080, 52.643127> 0.100000
	pigment { color rgbt <1,0,0,0> }
	no_shadow
}
sphere {
	0, 1
	scale<0.080000,0.200000,0.300000>
	matrix <-0.223990, 0.360562, -0.905441,
		0.830845, -0.414985, -0.370790,
