// switches for output
#declare DRAW_BASES = 1; // possible values are 0, 1; only relevant for DNA ribbons
#declare DRAW_BASES_TYPE = 3; // possible values are 1, 2, 3; only relevant for DNA ribbons
#declare DRAW_FOG = 0; // set to 1 to enable fog

#include "colors.inc"

#include "transforms.inc"
background { rgb <1, 1, 1>}

#default {
   normal{
       ripples 0.25
       frequency 0.20
       turbulence 0.2
       lambda 5
   }
	finish {
		phong 0.1
		phong_size 40.
	}
}

// original window dimensions: 1024x640


// camera settings

camera {
	sky <-0, 1, 0>
	up <-0, 1, 0>
	right 1.6 * <0.99995, 0, 0.00999983>
	location <54.4867, 55, 106.329>
	look_at <55, 55, 55.0001>
	direction <0.513302, 0, -51.3289>
	angle 67.0682
}


# declare cpy_camera_pos = <54.4867, 55, 106.329>;
# if (DRAW_FOG = 1)
fog {
	fog_type 2
	up vnormalize(cpy_camera_pos)
	color rgbt<1,1,1,0.3>
	distance 1e-5
	fog_alt 3e-3
	fog_offset 88
}
# end


// LIGHTS

# declare lum = 6;
global_settings {
	ambient_light rgb lum * <0.05, 0.05, 0.05>
	max_trace_level 15
}# declare cpy_direct_light_amount = 0.25;
light_source
{	1000 * <-0.98995, -1, 1.00995>,
	rgb lum * cpy_direct_light_amount
	parallel
}

light_source
{	1000 * <0.98995, 1, -1.00995>,
	rgb lum * cpy_direct_light_amount
	parallel
}

// strand 0

// nucleotide -1

// particle -1
sphere {
	<36.126308, 53.237179, 49.541977> 0.250000
	pigment { color rgbt <1,0,0,0> }
	no_shadow
}
cylinder {
	<36.381210, 52.939941, 49.623672>,  <36.534153, 52.761600, 49.672691>, 0.100000
	pigment { color rgbt <1,0,0,0> }
	no_shadow
}
cylinder {
	<36.381210, 52.939941, 49.623672>,  <36.126308, 53.237179, 49.541977>, 0.100000
	pigment { color rgbt <1,0,0,0> }
	no_shadow
}

// particle -1
sphere {
	<36.381210, 52.939941, 49.623672> 0.100000
	pigment { color rgbt <1,0,0,0> }
	no_shadow
}
sphere {
	0, 1
	scale<0.080000,0.200000,0.300000>
	matrix <0.402503, 0.546936, 0.734065,
		-0.657188, -0.385579, 0.647637,
		0.637256, -0.743094, 0.204243,
		36.572388, 52.717014, 49.684944>
	pigment { color rgbt <0,1,1,0> }
	no_shadow
}
cylinder {
	<36.245068, 53.276436, 50.247707>,  <36.126308, 53.237179, 49.541977>, 0.130000
	pigment { color rgbt <1,0,0,0> }
	no_shadow
}

// nucleotide -1

// particle -1
sphere {
	<36.245068, 53.276436, 50.247707> 0.250000
	pigment { color rgbt <1,0,0,0> }
	no_shadow
}
cylinder {
	<36.546085, 53.059319, 50.098549>,  <36.726696, 52.929050, 50.009052>, 0.100000
	pigment { color rgbt <1,0,0,0> }
	no_shadow
}
cylinder {
	<36.546085, 53.059319, 50.098549>,  <36.245068, 53.276436, 50.247707>, 0.100000
	pigment { color rgbt <1,0,0,0> }
	no_shadow
}

// particle -1
sphere {
	<36.546085, 53.059319, 50.098549> 0.100000
	pigment { color rgbt <1,0,0,0> }
	no_shadow
}
sphere {
	0, 1
	scale<0.080000,0.200000,0.300000>
	matrix <0.654413, 0.553098, 0.515583,
		-0.073604, -0.632030, 0.771441,
		0.752546, -0.542790, -0.372898,
		36.771851, 52.896481, 49.986679>
	pigment { color rgbt <0,1,1,0> }
	no_shadow
}
cylinder {
	<36.670055, 53.106827, 50.793888>,  <36.245068, 53.276436, 50.247707>, 0.130000
	pigment { color rgbt <1,0,0,0> }
	no_shadow
}

// nucleotide -1

// particle -1
sphere {
	<36.670055, 53.106827, 50.793888> 0.250000
	pigment { color rgbt <1,0,0,0> }
	no_shadow
}
cylinder {
	<36.903061, 53.064514, 50.471523>,  <37.042866, 53.039127, 50.278107>, 0.100000
	pigment { color rgbt <1,0,0,0> }
	no_shadow
}
cylinder {
	<36.903061, 53.064514, 50.471523>,  <36.670055, 53.106827, 50.793888>, 0.100000
	pigment { color rgbt <1,0,0,0> }
	no_shadow
}

// particle -1
sphere {
	<36.903061, 53.064514, 50.471523> 0.100000
	pigment { color rgbt <1,0,0,0> }
	no_shadow
}
sphere {
	0, 1
	scale<0.080000,0.200000,0.300000>
	matrix <0.668717, 0.625993, 0.401186,
		0.462056, -0.772622, 0.435386,
		0.582513, -0.105780, -0.805909,
		37.077816, 53.032780, 50.229752>
	pigment { color rgbt <0,1,1,0> }
	no_shadow
}
cylinder {
	<37.323044, 52.722286, 50.906738>,  <36.670055, 53.106827, 50.793888>, 0.130000
	pigment { color rgbt <1,0,0,0> }
	no_shadow
}

// nucleotide -1

// particle -1
sphere {
	<37.323044, 52.722286, 50.906738> 0.250000
	pigment { color rgbt <1,0,0,0> }
	no_shadow
}
cylinder {
	<37.332748, 53.005939, 50.624878>,  <37.338573, 53.176132, 50.455761>, 0.100000
	pigment { color rgbt <1,0,0,0> }
	no_shadow
}
cylinder {
	<37.332748, 53.005939, 50.624878>,  <37.323044, 52.722286, 50.906738>, 0.100000
	pigment { color rgbt <1,0,0,0> }
	no_shadow
}

// particle -1
sphere {
	<37.332748, 53.005939, 50.624878> 0.100000
	pigment { color rgbt <1,0,0,0> }
	no_shadow
}
sphere {
	0, 1
	scale<0.080000,0.200000,0.300000>
	matrix <0.740208, 0.461020, 0.489440,
		0.671940, -0.533468, -0.513720,
		0.024265, 0.709134, -0.704656,
		37.340027, 53.218681, 50.413483>
	pigment { color rgbt <0,1,1,0> }
	no_shadow
}
cylinder {
	<38.023739, 52.848557, 50.634171>,  <37.323044, 52.722286, 50.906738>, 0.130000
	pigment { color rgbt <1,0,0,0> }
	no_shadow
}

// nucleotide -1

// particle -1
sphere {
	<38.023739, 52.848557, 50.634171> 0.250000
	pigment { color rgbt <1,0,0,0> }
	no_shadow
}
cylinder {
	<37.807461, 53.185005, 50.629143>,  <37.677692, 53.386875, 50.626125>, 0.100000
	pigment { color rgbt <1,0,0,0> }
	no_shadow
}
cylinder {
	<37.807461, 53.185005, 50.629143>,  <38.023739, 52.848557, 50.634171>, 0.100000
	pigment { color rgbt <1,0,0,0> }
	no_shadow
}

// particle -1
sphere {
	<37.807461, 53.185005, 50.629143> 0.100000
	pigment { color rgbt <1,0,0,0> }
	no_shadow
}
sphere {
	0, 1
	scale<0.080000,0.200000,0.300000>
	matrix <0.779113, 0.506357, 0.369574,
		0.317224, 0.190031, -0.929116,
		-0.540695, 0.841125, -0.012573,
		37.645252, 53.437344, 50.625370>
	pigment { color rgbt <0,1,1,0> }
	no_shadow
}
cylinder {
	<38.389996, 53.485821, 50.382702>,  <38.023739, 52.848557, 50.634171>, 0.130000
	pigment { color rgbt <1,0,0,0> }
	no_shadow
}

// nucleotide -1

// particle -1
sphere {
	<38.389996, 53.485821, 50.382702> 0.250000
	pigment { color rgbt <1,0,0,0> }
	no_shadow
}
cylinder {
	<38.114128, 53.614876, 50.642014>,  <37.948608, 53.692307, 50.797600>, 0.100000
	pigment { color rgbt <1,0,0,0> }
	no_shadow
}
cylinder {
	<38.114128, 53.614876, 50.642014>,  <38.389996, 53.485821, 50.382702>, 0.100000
	pigment { color rgbt <1,0,0,0> }
	no_shadow
}

// particle -1
sphere {
	<38.114128, 53.614876, 50.642014> 0.100000
	pigment { color rgbt <1,0,0,0> }
	no_shadow
}
sphere {
	0, 1
	scale<0.080000,0.200000,0.300000>
	matrix <0.716136, 0.436539, 0.544595,
		-0.107295, 0.839846, -0.532115,
		-0.689664, 0.322635, 0.648282,
		37.907230, 53.711666, 50.836498>
	pigment { color rgbt <0,1,1,0> }
	no_shadow
}
cylinder {
	<38.800117, 53.941544, 50.946049>,  <38.389996, 53.485821, 50.382702>, 0.130000
	pigment { color rgbt <1,0,0,0> }
	no_shadow
}

// nucleotide -1

// particle -1
sphere {
	<38.800117, 53.941544, 50.946049> 0.250000
	pigment { color rgbt <1,0,0,0> }
	no_shadow
}
cylinder {
	<38.428574, 53.961124, 51.092926>,  <38.205647, 53.972874, 51.181053>, 0.100000
	pigment { color rgbt <1,0,0,0> }
	no_shadow
}
cylinder {
	<38.428574, 53.961124, 51.092926>,  <38.800117, 53.941544, 50.946049>, 0.100000
	pigment { color rgbt <1,0,0,0> }
	no_shadow
}

// particle -1
sphere {
	<38.428574, 53.961124, 51.092926> 0.100000
	pigment { color rgbt <1,0,0,0> }
	no_shadow
}
sphere {
	0, 1
	scale<0.080000,0.200000,0.300000>
	matrix <0.335326, 0.532363, 0.777268,
		-0.157431, 0.845100, -0.510903,
		-0.928855, 0.048953, 0.367195,
		38.149918, 53.975811, 51.203083>
	pigment { color rgbt <0,1,1,0> }
	no_shadow
}
cylinder {
	<38.660812, 54.620632, 51.059772>,  <38.800117, 53.941544, 50.946049>, 0.130000
	pigment { color rgbt <1,0,0,0> }
	no_shadow
}

// nucleotide -1

// particle -1
sphere {
	<38.660812, 54.620632, 51.059772> 0.250000
	pigment { color rgbt <1,0,0,0> }
	no_shadow
}
cylinder {
	<38.470078, 54.387573, 51.323029>,  <38.355637, 54.247738, 51.480984>, 0.100000
	pigment { color rgbt <1,0,0,0> }
	no_shadow
}
cylinder {
	<38.470078, 54.387573, 51.323029>,  <38.660812, 54.620632, 51.059772>, 0.100000
	pigment { color rgbt <1,0,0,0> }
	no_shadow
}

// particle -1
sphere {
	<38.470078, 54.387573, 51.323029> 0.100000
	pigment { color rgbt <1,0,0,0> }
	no_shadow
}
sphere {
	0, 1
	scale<0.080000,0.200000,0.300000>
	matrix <0.340662, 0.567727, 0.749424,
		-0.810295, 0.581554, -0.072226,
		-0.476835, -0.582650, 0.658140,
		38.327026, 54.212780, 51.520470>
	pigment { color rgbt <0,1,1,0> }
	no_shadow
}
cylinder {
	<38.194820, 54.995354, 51.437763>,  <38.660812, 54.620632, 51.059772>, 0.130000
	pigment { color rgbt <1,0,0,0> }
	no_shadow
}

// nucleotide -1

// particle -1
sphere {
	<38.194820, 54.995354, 51.437763> 0.250000
	pigment { color rgbt <1,0,0,0> }
	no_shadow
}
cylinder {
	<38.355263, 54.690609, 51.641205>,  <38.451530, 54.507763, 51.763271>, 0.100000
	pigment { color rgbt <1,0,0,0> }
	no_shadow
}
cylinder {
	<38.355263, 54.690609, 51.641205>,  <38.194820, 54.995354, 51.437763>, 0.100000
	pigment { color rgbt <1,0,0,0> }
	no_shadow
}

// particle -1
sphere {
	<38.355263, 54.690609, 51.641205> 0.100000
	pigment { color rgbt <1,0,0,0> }
	no_shadow
}
sphere {
	0, 1
	scale<0.080000,0.200000,0.300000>
	matrix <0.183601, 0.610824, 0.770185,
		-0.897443, -0.215547, 0.384885,
		0.401108, -0.761862, 0.508605,
		38.475594, 54.462051, 51.793785>
	pigment { color rgbt <0,1,1,0> }
	no_shadow
}
cylinder {
	<37.851032, 54.924576, 52.134209>,  <38.194820, 54.995354, 51.437763>, 0.130000
	pigment { color rgbt <1,0,0,0> }
	no_shadow
}

// nucleotide -1

// particle -1
sphere {
	<37.851032, 54.924576, 52.134209> 0.250000
	pigment { color rgbt <1,0,0,0> }
	no_shadow
}
cylinder {
	<38.215740, 54.760319, 52.131439>,  <38.434563, 54.661762, 52.129776>, 0.100000
	pigment { color rgbt <1,0,0,0> }
	no_shadow
}
cylinder {
	<38.215740, 54.760319, 52.131439>,  <37.851032, 54.924576, 52.134209>, 0.100000
	pigment { color rgbt <1,0,0,0> }
	no_shadow
}

// particle -1
sphere {
	<38.215740, 54.760319, 52.131439> 0.100000
	pigment { color rgbt <1,0,0,0> }
	no_shadow
}
sphere {
	0, 1
	scale<0.080000,0.200000,0.300000>
	matrix <0.254254, 0.551127, 0.794741,
		-0.322544, -0.726380, 0.606909,
		0.911768, -0.410648, -0.006922,
		38.489269, 54.637123, 52.129364>
	pigment { color rgbt <0,1,1,0> }
	no_shadow
}
cylinder {
	<38.008404, 54.564381, 52.794674>,  <37.851032, 54.924576, 52.134209>, 0.130000
	pigment { color rgbt <1,0,0,0> }
	no_shadow
}

// nucleotide -1

// particle -1
sphere {
	<38.008404, 54.564381, 52.794674> 0.250000
	pigment { color rgbt <1,0,0,0> }
	no_shadow
}
cylinder {
	<38.348778, 54.690025, 52.626274>,  <38.553001, 54.765411, 52.525234>, 0.100000
	pigment { color rgbt <1,0,0,0> }
	no_shadow
}
cylinder {
	<38.348778, 54.690025, 52.626274>,  <38.008404, 54.564381, 52.794674>, 0.100000
	pigment { color rgbt <1,0,0,0> }
	no_shadow
}

// particle -1
sphere {
	<38.348778, 54.690025, 52.626274> 0.100000
	pigment { color rgbt <1,0,0,0> }
	no_shadow
}
sphere {
	0, 1
	scale<0.080000,0.200000,0.300000>
	matrix <0.233008, 0.492582, 0.838493,
		0.470761, -0.811599, 0.345964,
		0.850936, 0.314118, -0.420997,
		38.604057, 54.784260, 52.499977>
	pigment { color rgbt <0,1,1,0> }
	no_shadow
}
cylinder {
	<38.277363, 54.442841, 53.430061>,  <38.008404, 54.564381, 52.794674>, 0.130000
	pigment { color rgbt <1,0,0,0> }
	no_shadow
}

// nucleotide -1

// particle -1
sphere {
	<38.277363, 54.442841, 53.430061> 0.250000
	pigment { color rgbt <1,0,0,0> }
	no_shadow
}
cylinder {
	<38.267380, 54.200954, 53.111641>,  <38.261391, 54.055824, 52.920589>, 0.100000
	pigment { color rgbt <1,0,0,0> }
	no_shadow
}
cylinder {
	<38.267380, 54.200954, 53.111641>,  <38.277363, 54.442841, 53.430061>, 0.100000
	pigment { color rgbt <1,0,0,0> }
	no_shadow
}

// particle -1
sphere {
	<38.267380, 54.200954, 53.111641> 0.100000
	pigment { color rgbt <1,0,0,0> }
	no_shadow
}
sphere {
	0, 1
	scale<0.080000,0.200000,0.300000>
	matrix <0.911155, -0.341389, 0.230760,
		-0.411308, -0.719567, 0.559508,
		-0.024962, -0.604712, -0.796053,
		38.259892, 54.019543, 52.872826>
	pigment { color rgbt <0,1,1,0> }
	no_shadow
}
cylinder {
	<38.737549, 53.870171, 53.579727>,  <38.277363, 54.442841, 53.430061>, 0.130000
	pigment { color rgbt <1,0,0,0> }
	no_shadow
}

// nucleotide -1

// particle -1
sphere {
	<38.737549, 53.870171, 53.579727> 0.250000
	pigment { color rgbt <1,0,0,0> }
	no_shadow
}
cylinder {
	<38.656162, 53.847237, 53.188766>,  <38.607330, 53.833477, 52.954189>, 0.100000
	pigment { color rgbt <1,0,0,0> }
	no_shadow
}
cylinder {
	<38.656162, 53.847237, 53.188766>,  <38.737549, 53.870171, 53.579727>, 0.100000
	pigment { color rgbt <1,0,0,0> }
	no_shadow
}

// particle -1
sphere {
	<38.656162, 53.847237, 53.188766> 0.100000
	pigment { color rgbt <1,0,0,0> }
	no_shadow
}
sphere {
	0, 1
	scale<0.080000,0.200000,0.300000>
	matrix <0.845208, -0.514170, -0.145784,
		-0.494193, -0.855770, 0.153074,
		-0.203464, -0.057334, -0.977402,
		38.595123, 53.830036, 52.895546>
	pigment { color rgbt <0,1,1,0> }
	no_shadow
}
cylinder {
	<39.280880, 53.462132, 53.854134>,  <38.737549, 53.870171, 53.579727>, 0.130000
	pigment { color rgbt <1,0,0,0> }
	no_shadow
}

// nucleotide -1

// particle -1
sphere {
	<39.280880, 53.462132, 53.854134> 0.250000
	pigment { color rgbt <1,0,0,0> }
	no_shadow
}
cylinder {
	<39.178978, 53.495159, 54.239521>,  <39.117836, 53.514977, 54.470753>, 0.100000
	pigment { color rgbt <1,0,0,0> }
	no_shadow
}
cylinder {
	<39.178978, 53.495159, 54.239521>,  <39.280880, 53.462132, 53.854134>, 0.100000
	pigment { color rgbt <1,0,0,0> }
	no_shadow
}

// particle -1
sphere {
	<39.178978, 53.495159, 54.239521> 0.100000
	pigment { color rgbt <1,0,0,0> }
	no_shadow
}
sphere {
	0, 1
	scale<0.080000,0.200000,0.300000>
	matrix <0.959548, -0.101909, 0.262455,
		0.119858, 0.991361, -0.053270,
		-0.254759, 0.082572, 0.963473,
		39.102551, 53.519932, 54.528564>
	pigment { color rgbt <0,1,1,0> }
	no_shadow
}
cylinder {
	<39.724369, 54.005810, 54.134502>,  <39.280880, 53.462132, 53.854134>, 0.130000
	pigment { color rgbt <1,0,0,0> }
	no_shadow
}

// nucleotide -1

// particle -1
sphere {
	<39.724369, 54.005810, 54.134502> 0.250000
	pigment { color rgbt <1,0,0,0> }
	no_shadow
}
cylinder {
	<39.618153, 53.747810, 54.421127>,  <39.554424, 53.593010, 54.593102>, 0.100000
	pigment { color rgbt <1,0,0,0> }
	no_shadow
}
cylinder {
	<39.618153, 53.747810, 54.421127>,  <39.724369, 54.005810, 54.134502>, 0.100000
	pigment { color rgbt <1,0,0,0> }
	no_shadow
}

// particle -1
sphere {
	<39.618153, 53.747810, 54.421127> 0.100000
	pigment { color rgbt <1,0,0,0> }
	no_shadow
}
sphere {
	0, 1
	scale<0.080000,0.200000,0.300000>
	matrix <0.962168, -0.224317, 0.154642,
		0.060995, 0.730521, 0.680161,
		-0.265541, -0.644996, 0.716567,
		39.538490, 53.554310, 54.636097>
	pigment { color rgbt <0,1,1,0> }
	no_shadow
}
cylinder {
	<40.169456, 54.093140, 54.696072>,  <39.724369, 54.005810, 54.134502>, 0.130000
	pigment { color rgbt <1,0,0,0> }
	no_shadow
}

// nucleotide -1

// particle -1
sphere {
	<40.169456, 54.093140, 54.696072> 0.250000
	pigment { color rgbt <1,0,0,0> }
	no_shadow
}
cylinder {
	<40.025799, 53.719940, 54.705208>,  <39.939602, 53.496021, 54.710690>, 0.100000
	pigment { color rgbt <1,0,0,0> }
	no_shadow
}
cylinder {
	<40.025799, 53.719940, 54.705208>,  <40.169456, 54.093140, 54.696072>, 0.100000
	pigment { color rgbt <1,0,0,0> }
	no_shadow
}

// particle -1
sphere {
	<40.025799, 53.719940, 54.705208> 0.100000
	pigment { color rgbt <1,0,0,0> }
	no_shadow
}
sphere {
	0, 1
	scale<0.080000,0.200000,0.300000>
	matrix <0.901643, -0.340548, 0.266583,
		-0.240943, 0.116340, 0.963541,
		-0.359146, -0.933002, 0.022844,
		39.918056, 53.440041, 54.712063>
	pigment { color rgbt <0,1,1,0> }
	no_shadow
}
cylinder {
	<40.483711, 53.709652, 55.181160>,  <40.169456, 54.093140, 54.696072>, 0.130000
	pigment { color rgbt <1,0,0,0> }
	no_shadow
}

// nucleotide -1

// particle -1
sphere {
	<40.483711, 53.709652, 55.181160> 0.250000
	pigment { color rgbt <1,0,0,0> }
	no_shadow
}
cylinder {
	<40.382969, 53.423012, 54.920990>,  <40.322525, 53.251026, 54.764889>, 0.100000
	pigment { color rgbt <1,0,0,0> }
	no_shadow
}
cylinder {
	<40.382969, 53.423012, 54.920990>,  <40.483711, 53.709652, 55.181160>, 0.100000
	pigment { color rgbt <1,0,0,0> }
	no_shadow
}

// particle -1
sphere {
	<40.382969, 53.423012, 54.920990> 0.100000
	pigment { color rgbt <1,0,0,0> }
	no_shadow
}
sphere {
	0, 1
	scale<0.080000,0.200000,0.300000>
	matrix <0.807793, -0.525787, 0.266494,
		-0.532955, -0.458293, 0.711285,
		-0.251852, -0.716600, -0.650427,
		40.307415, 53.208031, 54.725861>
	pigment { color rgbt <0,1,1,0> }
	no_shadow
}
cylinder {
	<41.220089, 53.984058, 55.047798>,  <40.483711, 53.709652, 55.181160>, 0.130000
	pigment { color rgbt <1,0,0,0> }
	no_shadow
}

// nucleotide -1

// particle -1
sphere {
	<41.220089, 53.984058, 55.047798> 0.250000
	pigment { color rgbt <1,0,0,0> }
	no_shadow
}
cylinder {
	<41.305660, 53.756069, 54.730469>,  <41.357002, 53.619274, 54.540070>, 0.100000
	pigment { color rgbt <1,0,0,0> }
	no_shadow
}
cylinder {
	<41.305660, 53.756069, 54.730469>,  <41.220089, 53.984058, 55.047798>, 0.100000
	pigment { color rgbt <1,0,0,0> }
	no_shadow
}

// particle -1
sphere {
	<41.305660, 53.756069, 54.730469> 0.100000
	pigment { color rgbt <1,0,0,0> }
	no_shadow
}
sphere {
	0, 1
	scale<0.080000,0.200000,0.300000>
	matrix <0.184027, -0.774069, 0.605764,
		-0.959358, -0.275584, -0.060706,
		0.213930, -0.569973, -0.793325,
		41.369839, 53.585075, 54.492470>
	pigment { color rgbt <0,1,1,0> }
	no_shadow
}
cylinder {
	<41.705330, 54.134308, 55.474277>,  <41.220089, 53.984058, 55.047798>, 0.130000
	pigment { color rgbt <1,0,0,0> }
	no_shadow
}

// nucleotide -1

// particle -1
sphere {
	<41.705330, 54.134308, 55.474277> 0.250000
	pigment { color rgbt <1,0,0,0> }
	no_shadow
}
cylinder {
	<41.949276, 54.451294, 55.477547>,  <42.095646, 54.641483, 55.479507>, 0.100000
	pigment { color rgbt <1,0,0,0> }
	no_shadow
}
cylinder {
	<41.949276, 54.451294, 55.477547>,  <41.705330, 54.134308, 55.474277>, 0.100000
	pigment { color rgbt <1,0,0,0> }
	no_shadow
}

// particle -1
sphere {
	<41.949276, 54.451294, 55.477547> 0.100000
	pigment { color rgbt <1,0,0,0> }
	no_shadow
}
sphere {
	0, 1
	scale<0.080000,0.200000,0.300000>
	matrix <-0.674491, 0.524441, -0.519638,
		-0.416079, 0.311397, 0.854348,
		0.609868, 0.792461, 0.008174,
		42.132236, 54.689034, 55.480000>
	pigment { color rgbt <0,1,1,0> }
	no_shadow
}
cylinder {
	<41.282761, 54.716114, 55.741966>,  <41.705330, 54.134308, 55.474277>, 0.130000
	pigment { color rgbt <1,0,0,0> }
	no_shadow
}

// nucleotide -1

// particle -1
sphere {
	<41.282761, 54.716114, 55.741966> 0.250000
	pigment { color rgbt <1,0,0,0> }
	no_shadow
}
cylinder {
	<41.582813, 54.811005, 55.495056>,  <41.762844, 54.867939, 55.346909>, 0.100000
	pigment { color rgbt <1,0,0,0> }
	no_shadow
}
cylinder {
	<41.582813, 54.811005, 55.495056>,  <41.282761, 54.716114, 55.741966>, 0.100000
	pigment { color rgbt <1,0,0,0> }
	no_shadow
}

// particle -1
sphere {
	<41.582813, 54.811005, 55.495056> 0.100000
	pigment { color rgbt <1,0,0,0> }
	no_shadow
}
sphere {
	0, 1
	scale<0.080000,0.200000,0.300000>
	matrix <-0.613497, 0.598059, -0.515699,
		0.246829, 0.765538, 0.594160,
		0.750131, 0.237226, -0.617274,
		41.807854, 54.882172, 55.309875>
	pigment { color rgbt <0,1,1,0> }
	no_shadow
}
cylinder {
	<41.348465, 55.476288, 55.513302>,  <41.282761, 54.716114, 55.741966>, 0.130000
	pigment { color rgbt <1,0,0,0> }
	no_shadow
}

// nucleotide -1

// particle -1
sphere {
	<41.348465, 55.476288, 55.513302> 0.250000
	pigment { color rgbt <1,0,0,0> }
	no_shadow
}
cylinder {
	<41.505814, 55.249847, 55.223534>,  <41.600224, 55.113983, 55.049675>, 0.100000
	pigment { color rgbt <1,0,0,0> }
	no_shadow
}
cylinder {
	<41.505814, 55.249847, 55.223534>,  <41.348465, 55.476288, 55.513302>, 0.100000
	pigment { color rgbt <1,0,0,0> }
	no_shadow
}

// particle -1
sphere {
	<41.505814, 55.249847, 55.223534> 0.100000
	pigment { color rgbt <1,0,0,0> }
	no_shadow
}
sphere {
	0, 1
	scale<0.080000,0.200000,0.300000>
	matrix <-0.479397, 0.546043, -0.687034,
		0.784496, 0.617546, -0.056589,
		0.393375, -0.566104, -0.724418,
		41.623825, 55.080017, 55.006207>
	pigment { color rgbt <0,1,1,0> }
	no_shadow
}
cylinder {
	<41.805588, 55.901890, 55.012962>,  <41.348465, 55.476288, 55.513302>, 0.130000
	pigment { color rgbt <1,0,0,0> }
	no_shadow
}

// nucleotide -1

// particle -1
sphere {
	<41.805588, 55.901890, 55.012962> 0.250000
	pigment { color rgbt <1,0,0,0> }
	no_shadow
}
cylinder {
	<41.597908, 55.588493, 54.876385>,  <41.473301, 55.400455, 54.794437>, 0.100000
	pigment { color rgbt <1,0,0,0> }
	no_shadow
}
cylinder {
	<41.597908, 55.588493, 54.876385>,  <41.805588, 55.901890, 55.012962>, 0.100000
	pigment { color rgbt <1,0,0,0> }
	no_shadow
}

// particle -1
sphere {
	<41.597908, 55.588493, 54.876385> 0.100000
	pigment { color rgbt <1,0,0,0> }
	no_shadow
}
sphere {
	0, 1
	scale<0.080000,0.200000,0.300000>
	matrix <-0.373688, 0.567403, -0.733765,
		0.768631, -0.253375, -0.587373,
		-0.519195, -0.783489, -0.341441,
		41.442150, 55.353447, 54.773952>
	pigment { color rgbt <0,1,1,0> }
	no_shadow
}
cylinder {
	<42.572803, 55.994801, 55.234375>,  <41.805588, 55.901890, 55.012962>, 0.130000
	pigment { color rgbt <1,0,0,0> }
	no_shadow
}

// nucleotide -1

// particle -1
sphere {
	<42.572803, 55.994801, 55.234375> 0.250000
	pigment { color rgbt <1,0,0,0> }
	no_shadow
}
cylinder {
	<42.741840, 56.140827, 54.902557>,  <42.843262, 56.228443, 54.703468>, 0.100000
	pigment { color rgbt <1,0,0,0> }
	no_shadow
}
cylinder {
	<42.741840, 56.140827, 54.902557>,  <42.572803, 55.994801, 55.234375>, 0.100000
	pigment { color rgbt <1,0,0,0> }
	no_shadow
}

// particle -1
sphere {
	<42.741840, 56.140827, 54.902557> 0.100000
	pigment { color rgbt <1,0,0,0> }
	no_shadow
}
sphere {
	0, 1
	scale<0.080000,0.200000,0.300000>
	matrix <0.859113, -0.452901, 0.238338,
		-0.288692, -0.813392, -0.505026,
		0.422589, 0.365068, -0.829544,
		42.868618, 56.250347, 54.653694>
	pigment { color rgbt <0,1,1,0> }
	no_shadow
}
cylinder {
	<43.177654, 55.662296, 55.147682>,  <42.572803, 55.994801, 55.234375>, 0.130000
	pigment { color rgbt <1,0,0,0> }
	no_shadow
}

// nucleotide -1

// particle -1
sphere {
	<43.177654, 55.662296, 55.147682> 0.250000
	pigment { color rgbt <1,0,0,0> }
	no_shadow
}
cylinder {
	<43.222713, 55.843124, 54.793747>,  <43.249748, 55.951622, 54.581387>, 0.100000
	pigment { color rgbt <1,0,0,0> }
	no_shadow
}
cylinder {
	<43.222713, 55.843124, 54.793747>,  <43.177654, 55.662296, 55.147682>, 0.100000
	pigment { color rgbt <1,0,0,0> }
	no_shadow
}

// particle -1
sphere {
	<43.222713, 55.843124, 54.793747> 0.100000
	pigment { color rgbt <1,0,0,0> }
	no_shadow
}
sphere {
	0, 1
	scale<0.080000,0.200000,0.300000>
	matrix <0.911641, -0.401248, -0.088944,
		-0.395250, -0.796639, -0.457322,
		0.112643, 0.452068, -0.884842,
		43.256508, 55.978745, 54.528294>
	pigment { color rgbt <0,1,1,0> }
	no_shadow
}
cylinder {
	<43.398350, 55.176556, 54.711700>,  <43.177654, 55.662296, 55.147682>, 0.130000
	pigment { color rgbt <1,0,0,0> }
	no_shadow
}

// nucleotide -1

// particle -1
sphere {
	<43.398350, 55.176556, 54.711700> 0.250000
	pigment { color rgbt <1,0,0,0> }
	no_shadow
}
cylinder {
	<43.536076, 55.535164, 54.600204>,  <43.618710, 55.750328, 54.533306>, 0.100000
	pigment { color rgbt <1,0,0,0> }
	no_shadow
}
cylinder {
	<43.536076, 55.535164, 54.600204>,  <43.398350, 55.176556, 54.711700>, 0.100000
	pigment { color rgbt <1,0,0,0> }
	no_shadow
}

// particle -1
sphere {
	<43.536076, 55.535164, 54.600204> 0.100000
	pigment { color rgbt <1,0,0,0> }
	no_shadow
}
sphere {
	0, 1
	scale<0.080000,0.200000,0.300000>
	matrix <0.936847, -0.308669, 0.164443,
		0.061390, -0.317752, -0.946184,
		0.344310, 0.896525, -0.278736,
		43.639370, 55.804123, 54.516582>
	pigment { color rgbt <0,1,1,0> }
	no_shadow
}
cylinder {
	<43.910828, 55.199226, 54.209846>,  <43.398350, 55.176556, 54.711700>, 0.130000
	pigment { color rgbt <1,0,0,0> }
	no_shadow
}

// nucleotide -1

// particle -1
sphere {
	<43.910828, 55.199226, 54.209846> 0.250000
	pigment { color rgbt <1,0,0,0> }
	no_shadow
}
cylinder {
	<44.000145, 55.524776, 54.424416>,  <44.053734, 55.720108, 54.553158>, 0.100000
	pigment { color rgbt <1,0,0,0> }
	no_shadow
}
cylinder {
	<44.000145, 55.524776, 54.424416>,  <43.910828, 55.199226, 54.209846>, 0.100000
	pigment { color rgbt <1,0,0,0> }
	no_shadow
}

// particle -1
sphere {
	<44.000145, 55.524776, 54.424416> 0.100000
	pigment { color rgbt <1,0,0,0> }
	no_shadow
}
sphere {
	0, 1
	scale<0.080000,0.200000,0.300000>
	matrix <0.973141, -0.217748, -0.074710,
		0.056000, 0.538695, -0.840638,
		0.223292, 0.813876, 0.536420,
		44.067131, 55.768940, 54.585342>
	pigment { color rgbt <0,1,1,0> }
	no_shadow
}
cylinder {
	<44.546570, 55.056870, 53.983208>,  <43.910828, 55.199226, 54.209846>, 0.130000
	pigment { color rgbt <1,0,0,0> }
	no_shadow
}

// nucleotide -1

// particle -1
sphere {
	<44.546570, 55.056870, 53.983208> 0.250000
	pigment { color rgbt <1,0,0,0> }
	no_shadow
}
cylinder {
	<44.534477, 55.359833, 54.244106>,  <44.527222, 55.541611, 54.400646>, 0.100000
	pigment { color rgbt <1,0,0,0> }
	no_shadow
}
cylinder {
	<44.534477, 55.359833, 54.244106>,  <44.546570, 55.056870, 53.983208>, 0.100000
	pigment { color rgbt <1,0,0,0> }
	no_shadow
}

// particle -1
sphere {
	<44.534477, 55.359833, 54.244106> 0.100000
	pigment { color rgbt <1,0,0,0> }
	no_shadow
}
sphere {
	0, 1
	scale<0.080000,0.200000,0.300000>
	matrix <0.998915, -0.000220, 0.046560,
		0.035408, 0.652942, -0.756580,
		-0.030235, 0.757408, 0.652242,
		44.525406, 55.587055, 54.439777>
	pigment { color rgbt <0,1,1,0> }
	no_shadow
}
cylinder {
	<45.216934, 55.153992, 54.001202>,  <44.546570, 55.056870, 53.983208>, 0.130000
	pigment { color rgbt <1,0,0,0> }
	no_shadow
}

// nucleotide -1

// particle -1
sphere {
	<45.216934, 55.153992, 54.001202> 0.250000
	pigment { color rgbt <1,0,0,0> }
	no_shadow
}
cylinder {
	<45.057808, 55.399952, 54.273563>,  <44.962330, 55.547527, 54.436981>, 0.100000
	pigment { color rgbt <1,0,0,0> }
	no_shadow
}
cylinder {
	<45.057808, 55.399952, 54.273563>,  <45.216934, 55.153992, 54.001202>, 0.100000
	pigment { color rgbt <1,0,0,0> }
	no_shadow
}

// particle -1
sphere {
	<45.057808, 55.399952, 54.273563> 0.100000
	pigment { color rgbt <1,0,0,0> }
	no_shadow
}
sphere {
	0, 1
	scale<0.080000,0.200000,0.300000>
	matrix <0.917443, 0.261709, 0.299677,
		0.006072, 0.743912, -0.668251,
		-0.397820, 0.614902, 0.680908,
		44.938461, 55.584423, 54.477837>
	pigment { color rgbt <0,1,1,0> }
	no_shadow
}
cylinder {
	<45.581581, 55.725643, 53.904121>,  <45.216934, 55.153992, 54.001202>, 0.130000
	pigment { color rgbt <1,0,0,0> }
	no_shadow
}

// nucleotide -1

// particle -1
sphere {
	<45.581581, 55.725643, 53.904121> 0.250000
	pigment { color rgbt <1,0,0,0> }
	no_shadow
}
cylinder {
	<45.422977, 55.696438, 54.270172>,  <45.327816, 55.678917, 54.489803>, 0.100000
	pigment { color rgbt <1,0,0,0> }
	no_shadow
}
cylinder {
	<45.422977, 55.696438, 54.270172>,  <45.581581, 55.725643, 53.904121>, 0.100000
	pigment { color rgbt <1,0,0,0> }
	no_shadow
}

// particle -1
sphere {
	<45.422977, 55.696438, 54.270172> 0.100000
	pigment { color rgbt <1,0,0,0> }
	no_shadow
}
sphere {
	0, 1
	scale<0.080000,0.200000,0.300000>
	matrix <0.914153, 0.060137, 0.400884,
		-0.084302, 0.995516, 0.042898,
		-0.396507, -0.073010, 0.915124,
		45.304024, 55.674534, 54.544708>
	pigment { color rgbt <0,1,1,0> }
	no_shadow
}
cylinder {
	<45.912273, 56.307667, 54.337177>,  <45.581581, 55.725643, 53.904121>, 0.130000
	pigment { color rgbt <1,0,0,0> }
	no_shadow
}

// nucleotide -1

// particle -1
sphere {
	<45.912273, 56.307667, 54.337177> 0.250000
	pigment { color rgbt <1,0,0,0> }
	no_shadow
}
cylinder {
	<45.792542, 56.001846, 54.565517>,  <45.720703, 55.818356, 54.702522>, 0.100000
	pigment { color rgbt <1,0,0,0> }
	no_shadow
}
cylinder {
	<45.792542, 56.001846, 54.565517>,  <45.912273, 56.307667, 54.337177>, 0.100000
	pigment { color rgbt <1,0,0,0> }
	no_shadow
}

// particle -1
sphere {
	<45.792542, 56.001846, 54.565517> 0.100000
	pigment { color rgbt <1,0,0,0> }
	no_shadow
}
sphere {
	0, 1
	scale<0.080000,0.200000,0.300000>
	matrix <0.882421, 0.005760, 0.470426,
		-0.362951, 0.644540, 0.672929,
		-0.299333, -0.764548, 0.570846,
		45.702744, 55.772480, 54.736771>
	pigment { color rgbt <0,1,1,0> }
	no_shadow
}
cylinder {
	<45.894043, 56.486729, 55.046314>,  <45.912273, 56.307667, 54.337177>, 0.130000
	pigment { color rgbt <1,0,0,0> }
	no_shadow
}

// nucleotide -1

// particle -1
sphere {
	<45.894043, 56.486729, 55.046314> 0.250000
	pigment { color rgbt <1,0,0,0> }
	no_shadow
}
cylinder {
	<45.968899, 56.093830, 55.051605>,  <46.013813, 55.858093, 55.054779>, 0.100000
	pigment { color rgbt <1,0,0,0> }
	no_shadow
}
cylinder {
	<45.968899, 56.093830, 55.051605>,  <45.894043, 56.486729, 55.046314>, 0.100000
	pigment { color rgbt <1,0,0,0> }
	no_shadow
}

// particle -1
sphere {
	<45.968899, 56.093830, 55.051605> 0.100000
	pigment { color rgbt <1,0,0,0> }
	no_shadow
}
sphere {
	0, 1
	scale<0.080000,0.200000,0.300000>
	matrix <0.770463, 0.155117, 0.618324,
		-0.609397, -0.105522, 0.785812,
		0.187140, -0.982244, 0.013227,
		46.025040, 55.799156, 55.055573>
	pigment { color rgbt <0,1,1,0> }
	no_shadow
}
cylinder {
	<45.979019, 56.341770, 55.701244>,  <45.894043, 56.486729, 55.046314>, 0.130000
	pigment { color rgbt <1,0,0,0> }
	no_shadow
}

// nucleotide -1

// particle -1
sphere {
	<45.979019, 56.341770, 55.701244> 0.250000
	pigment { color rgbt <1,0,0,0> }
	no_shadow
}
cylinder {
	<46.171051, 56.082535, 55.464767>,  <46.286270, 55.926994, 55.322884>, 0.100000
	pigment { color rgbt <1,0,0,0> }
	no_shadow
}
cylinder {
	<46.171051, 56.082535, 55.464767>,  <45.979019, 56.341770, 55.701244>, 0.100000
	pigment { color rgbt <1,0,0,0> }
	no_shadow
}

// particle -1
sphere {
	<46.171051, 56.082535, 55.464767> 0.100000
	pigment { color rgbt <1,0,0,0> }
	no_shadow
}
sphere {
	0, 1
	scale<0.080000,0.200000,0.300000>
	matrix <0.863494, 0.230346, 0.448684,
		-0.154610, -0.725891, 0.670207,
		0.480076, -0.648091, -0.591189,
		46.315075, 55.888107, 55.287411>
	pigment { color rgbt <0,1,1,0> }
	no_shadow
}
cylinder {
	<46.426785, 55.837879, 56.056213>,  <45.979019, 56.341770, 55.701244>, 0.130000
	pigment { color rgbt <1,0,0,0> }
	no_shadow
}

// nucleotide -1

// particle -1
sphere {
	<46.426785, 55.837879, 56.056213> 0.250000
	pigment { color rgbt <1,0,0,0> }
	no_shadow
}
cylinder {
	<46.595688, 55.864288, 55.694588>,  <46.697029, 55.880135, 55.477612>, 0.100000
	pigment { color rgbt <1,0,0,0> }
	no_shadow
}
cylinder {
	<46.595688, 55.864288, 55.694588>,  <46.426785, 55.837879, 56.056213>, 0.100000
	pigment { color rgbt <1,0,0,0> }
	no_shadow
}

// particle -1
sphere {
	<46.595688, 55.864288, 55.694588> 0.100000
	pigment { color rgbt <1,0,0,0> }
	no_shadow
}
sphere {
	0, 1
	scale<0.080000,0.200000,0.300000>
	matrix <0.865835, 0.265902, 0.423823,
		0.268374, -0.961737, 0.055118,
		0.422262, 0.066020, -0.904066,
		46.722366, 55.884098, 55.423367>
	pigment { color rgbt <0,1,1,0> }
	no_shadow
}
cylinder {
	<46.988079, 55.350975, 55.925716>,  <46.426785, 55.837879, 56.056213>, 0.130000
	pigment { color rgbt <1,0,0,0> }
	no_shadow
}

// nucleotide -1

// particle -1
sphere {
	<46.988079, 55.350975, 55.925716> 0.250000
	pigment { color rgbt <1,0,0,0> }
	no_shadow
}
cylinder {
	<47.062416, 55.688622, 55.724548>,  <47.107018, 55.891209, 55.603848>, 0.100000
	pigment { color rgbt <1,0,0,0> }
	no_shadow
}
cylinder {
	<47.062416, 55.688622, 55.724548>,  <46.988079, 55.350975, 55.925716>, 0.100000
	pigment { color rgbt <1,0,0,0> }
	no_shadow
}

// particle -1
sphere {
	<47.062416, 55.688622, 55.724548> 0.100000
	pigment { color rgbt <1,0,0,0> }
	no_shadow
}
sphere {
	0, 1
	scale<0.080000,0.200000,0.300000>
	matrix <0.875084, 0.090584, 0.475418,
		0.446865, -0.528448, -0.721841,
		0.185846, 0.844119, -0.502915,
		47.118172, 55.941856, 55.573673>
	pigment { color rgbt <0,1,1,0> }
	no_shadow
}
cylinder {
	<47.631824, 55.382816, 55.455105>,  <46.988079, 55.350975, 55.925716>, 0.130000
	pigment { color rgbt <1,0,0,0> }
	no_shadow
}

// nucleotide -1

// particle -1
sphere {
	<47.631824, 55.382816, 55.455105> 0.250000
	pigment { color rgbt <1,0,0,0> }
	no_shadow
}
cylinder {
	<47.540333, 55.750259, 55.584000>,  <47.485435, 55.970726, 55.661339>, 0.100000
	pigment { color rgbt <1,0,0,0> }
	no_shadow
}
cylinder {
	<47.540333, 55.750259, 55.584000>,  <47.631824, 55.382816, 55.455105>, 0.100000
	pigment { color rgbt <1,0,0,0> }
	no_shadow
}

// particle -1
sphere {
	<47.540333, 55.750259, 55.584000> 0.100000
	pigment { color rgbt <1,0,0,0> }
	no_shadow
}
sphere {
	0, 1
	scale<0.080000,0.200000,0.300000>
	matrix <0.962625, 0.164115, 0.215449,
		0.145029, 0.359477, -0.921815,
		-0.228733, 0.918609, 0.322240,
		47.471714, 56.025841, 55.680672>
	pigment { color rgbt <0,1,1,0> }
	no_shadow
}
cylinder {
	<47.948395, 55.882225, 55.022694>,  <47.631824, 55.382816, 55.455105>, 0.130000
	pigment { color rgbt <1,0,0,0> }
	no_shadow
}

// nucleotide -1

// particle -1
sphere {
	<47.948395, 55.882225, 55.022694> 0.250000
	pigment { color rgbt <1,0,0,0> }
	no_shadow
}
cylinder {
	<47.885773, 56.036701, 55.386307>,  <47.848198, 56.129387, 55.604477>, 0.100000
	pigment { color rgbt <1,0,0,0> }
	no_shadow
}
cylinder {
	<47.885773, 56.036701, 55.386307>,  <47.948395, 55.882225, 55.022694>, 0.100000
	pigment { color rgbt <1,0,0,0> }
	no_shadow
}

// particle -1
sphere {
	<47.885773, 56.036701, 55.386307> 0.100000
	pigment { color rgbt <1,0,0,0> }
	no_shadow
}
sphere {
	0, 1
	scale<0.080000,0.200000,0.300000>
	matrix <0.977480, 0.192449, 0.086584,
		-0.141505, 0.902119, -0.407624,
		-0.156556, 0.386192, 0.909036,
		47.838806, 56.152557, 55.659016>
	pigment { color rgbt <0,1,1,0> }
	no_shadow
}
cylinder {
	<48.248825, 56.610336, 55.052612>,  <47.948395, 55.882225, 55.022694>, 0.130000
	pigment { color rgbt <1,0,0,0> }
	no_shadow
}

// nucleotide -1

// particle -1
sphere {
	<48.248825, 56.610336, 55.052612> 0.250000
	pigment { color rgbt <1,0,0,0> }
	no_shadow
}
cylinder {
	<48.238811, 56.429314, 55.409164>,  <48.232803, 56.320698, 55.623096>, 0.100000
	pigment { color rgbt <1,0,0,0> }
	no_shadow
}
cylinder {
	<48.238811, 56.429314, 55.409164>,  <48.248825, 56.610336, 55.052612>, 0.100000
	pigment { color rgbt <1,0,0,0> }
	no_shadow
}

// particle -1
sphere {
	<48.238811, 56.429314, 55.409164> 0.100000
	pigment { color rgbt <1,0,0,0> }
	no_shadow
}
sphere {
	0, 1
	scale<0.080000,0.200000,0.300000>
	matrix <0.953543, 0.256963, 0.157242,
		-0.300214, 0.853908, 0.425103,
		-0.025035, -0.452561, 0.891382,
		48.231300, 56.293545, 55.676579>
	pigment { color rgbt <0,1,1,0> }
	no_shadow
}
cylinder {
	<48.772907, 56.772129, 55.560825>,  <48.248825, 56.610336, 55.052612>, 0.130000
	pigment { color rgbt <1,0,0,0> }
	no_shadow
}

// nucleotide -1

// particle -1
sphere {
	<48.772907, 56.772129, 55.560825> 0.250000
	pigment { color rgbt <1,0,0,0> }
	no_shadow
}
cylinder {
	<48.693707, 56.434010, 55.759331>,  <48.646187, 56.231140, 55.878433>, 0.100000
	pigment { color rgbt <1,0,0,0> }
	no_shadow
}
cylinder {
	<48.693707, 56.434010, 55.759331>,  <48.772907, 56.772129, 55.560825>, 0.100000
	pigment { color rgbt <1,0,0,0> }
	no_shadow
}

// particle -1
sphere {
	<48.693707, 56.434010, 55.759331> 0.100000
	pigment { color rgbt <1,0,0,0> }
	no_shadow
}
sphere {
	0, 1
	scale<0.080000,0.200000,0.300000>
	matrix <0.975167, -0.118621, 0.187024,
		-0.099223, 0.520967, 0.847790,
		-0.197999, -0.845294, 0.496260,
		48.634308, 56.180420, 55.908207>
	pigment { color rgbt <0,1,1,0> }
	no_shadow
}
cylinder {
	<49.297939, 56.711670, 56.067024>,  <48.772907, 56.772129, 55.560825>, 0.130000
	pigment { color rgbt <1,0,0,0> }
	no_shadow
}

// nucleotide -1

// particle -1
sphere {
	<49.297939, 56.711670, 56.067024> 0.250000
	pigment { color rgbt <1,0,0,0> }
	no_shadow
}
cylinder {
	<49.177208, 56.338535, 55.988319>,  <49.104767, 56.114655, 55.941097>, 0.100000
	pigment { color rgbt <1,0,0,0> }
	no_shadow
}
cylinder {
	<49.177208, 56.338535, 55.988319>,  <49.297939, 56.711670, 56.067024>, 0.100000
	pigment { color rgbt <1,0,0,0> }
	no_shadow
}

// particle -1
sphere {
	<49.177208, 56.338535, 55.988319> 0.100000
	pigment { color rgbt <1,0,0,0> }
	no_shadow
}
sphere {
	0, 1
	scale<0.080000,0.200000,0.300000>
	matrix <0.952825, -0.302086, -0.029460,
		-0.031959, -0.196374, 0.980008,
		-0.301832, -0.932835, -0.196764,
		49.086658, 56.058685, 55.929291>
	pigment { color rgbt <0,1,1,0> }
	no_shadow
}
cylinder {
	<49.692474, 56.418865, 56.461594>,  <49.297939, 56.711670, 56.067024>, 0.130000
	pigment { color rgbt <1,0,0,0> }
	no_shadow
}

// nucleotide -1

// particle -1
sphere {
	<49.692474, 56.418865, 56.461594> 0.250000
	pigment { color rgbt <1,0,0,0> }
	no_shadow
}
cylinder {
	<49.597210, 56.184334, 56.151886>,  <49.540051, 56.043617, 55.966061>, 0.100000
	pigment { color rgbt <1,0,0,0> }
	no_shadow
}
cylinder {
	<49.597210, 56.184334, 56.151886>,  <49.692474, 56.418865, 56.461594>, 0.100000
	pigment { color rgbt <1,0,0,0> }
	no_shadow
}

// particle -1
sphere {
	<49.597210, 56.184334, 56.151886> 0.100000
	pigment { color rgbt <1,0,0,0> }
	no_shadow
}
sphere {
	0, 1
	scale<0.080000,0.200000,0.300000>
	matrix <0.965061, -0.232544, -0.120755,
		-0.109251, -0.775980, 0.621224,
		-0.238165, -0.586326, -0.774273,
		49.525761, 56.008434, 55.919605>
	pigment { color rgbt <0,1,1,0> }
	no_shadow
}
cylinder {
	<50.106670, 55.737427, 56.422661>,  <49.692474, 56.418865, 56.461594>, 0.130000
	pigment { color rgbt <1,0,0,0> }
	no_shadow
}

// nucleotide -1

// particle -1
sphere {
	<50.106670, 55.737427, 56.422661> 0.250000
	pigment { color rgbt <1,0,0,0> }
	no_shadow
}
cylinder {
	<50.018299, 55.844620, 56.047562>,  <49.965275, 55.908936, 55.822502>, 0.100000
	pigment { color rgbt <1,0,0,0> }
	no_shadow
}
cylinder {
	<50.018299, 55.844620, 56.047562>,  <50.106670, 55.737427, 56.422661>, 0.100000
	pigment { color rgbt <1,0,0,0> }
	no_shadow
}

// particle -1
sphere {
	<50.018299, 55.844620, 56.047562> 0.100000
	pigment { color rgbt <1,0,0,0> }
	no_shadow
}
sphere {
	0, 1
	scale<0.080000,0.200000,0.300000>
	matrix <0.966890, -0.065743, -0.246580,
		-0.127730, -0.961178, -0.244583,
		-0.220927, 0.267980, -0.937751,
		49.952023, 55.925014, 55.766235>
	pigment { color rgbt <0,1,1,0> }
	no_shadow
}
cylinder {
	<50.439739, 55.330093, 55.966122>,  <50.106670, 55.737427, 56.422661>, 0.130000
	pigment { color rgbt <1,0,0,0> }
	no_shadow
}

// nucleotide -1

// particle -1
sphere {
	<50.439739, 55.330093, 55.966122> 0.250000
	pigment { color rgbt <1,0,0,0> }
	no_shadow
}
cylinder {
	<50.373158, 55.681770, 55.787544>,  <50.333210, 55.892776, 55.680397>, 0.100000
	pigment { color rgbt <1,0,0,0> }
	no_shadow
}
cylinder {
	<50.373158, 55.681770, 55.787544>,  <50.439739, 55.330093, 55.966122>, 0.100000
	pigment { color rgbt <1,0,0,0> }
	no_shadow
}

// particle -1
sphere {
	<50.373158, 55.681770, 55.787544> 0.100000
	pigment { color rgbt <1,0,0,0> }
	no_shadow
}
sphere {
	0, 1
	scale<0.080000,0.200000,0.300000>
	matrix <0.969955, 0.064526, -0.234572,
		-0.177427, -0.472077, -0.863518,
		-0.166456, 0.879193, -0.446444,
		50.323219, 55.945530, 55.653610>
	pigment { color rgbt <0,1,1,0> }
	no_shadow
}
cylinder {
	<50.615353, 55.298439, 55.188702>,  <50.439739, 55.330093, 55.966122>, 0.130000
	pigment { color rgbt <1,0,0,0> }
	no_shadow
}

// nucleotide -1

// particle -1
sphere {
	<50.615353, 55.298439, 55.188702> 0.250000
	pigment { color rgbt <1,0,0,0> }
	no_shadow
}
cylinder {
	<50.676788, 55.661667, 55.344559>,  <50.713650, 55.879604, 55.438072>, 0.100000
	pigment { color rgbt <1,0,0,0> }
	no_shadow
}
cylinder {
	<50.676788, 55.661667, 55.344559>,  <50.615353, 55.298439, 55.188702>, 0.100000
	pigment { color rgbt <1,0,0,0> }
	no_shadow
}

// particle -1
sphere {
	<50.676788, 55.661667, 55.344559> 0.100000
	pigment { color rgbt <1,0,0,0> }
	no_shadow
}
sphere {
	0, 1
	scale<0.080000,0.200000,0.300000>
	matrix <0.912897, 0.020528, -0.407674,
		-0.378194, 0.418320, -0.825819,
