// switches for output
#declare DRAW_BASES = 1; // possible values are 0, 1; only relevant for DNA ribbons
#declare DRAW_BASES_TYPE = 3; // possible values are 1, 2, 3; only relevant for DNA ribbons
#declare DRAW_FOG = 0; // set to 1 to enable fog

#include "colors.inc"

#include "transforms.inc"
background { rgb <1, 1, 1>}

#default {
   normal{
       ripples 0.25
       frequency 0.20
       turbulence 0.2
       lambda 5
   }
	finish {
		phong 0.1
		phong_size 40.
	}
}

// original window dimensions: 1024x640


// camera settings

camera {
	sky <-0, 1, 0>
	up <-0, 1, 0>
	right 1.6 * <0.99995, 0, 0.00999983>
	location <54.4867, 55, 106.329>
	look_at <55, 55, 55.0001>
	direction <0.513302, 0, -51.3289>
	angle 67.0682
}


# declare cpy_camera_pos = <54.4867, 55, 106.329>;
# if (DRAW_FOG = 1)
fog {
	fog_type 2
	up vnormalize(cpy_camera_pos)
	color rgbt<1,1,1,0.3>
	distance 1e-5
	fog_alt 3e-3
	fog_offset 88
}
# end


// LIGHTS

# declare lum = 6;
global_settings {
	ambient_light rgb lum * <0.05, 0.05, 0.05>
	max_trace_level 15
}# declare cpy_direct_light_amount = 0.25;
light_source
{	1000 * <-0.98995, -1, 1.00995>,
	rgb lum * cpy_direct_light_amount
	parallel
}

light_source
{	1000 * <0.98995, 1, -1.00995>,
	rgb lum * cpy_direct_light_amount
	parallel
}

// strand 0

// nucleotide -1

// particle -1
sphere {
	<36.024586, 52.187943, 50.089706> 0.250000
	pigment { color rgbt <1,0,0,0> }
	no_shadow
}
cylinder {
	<36.309402, 52.319481, 49.841560>,  <36.480293, 52.398403, 49.692673>, 0.100000
	pigment { color rgbt <1,0,0,0> }
	no_shadow
}
cylinder {
	<36.309402, 52.319481, 49.841560>,  <36.024586, 52.187943, 50.089706>, 0.100000
	pigment { color rgbt <1,0,0,0> }
	no_shadow
}

// particle -1
sphere {
	<36.309402, 52.319481, 49.841560> 0.100000
	pigment { color rgbt <1,0,0,0> }
	no_shadow
}
sphere {
	0, 1
	scale<0.080000,0.200000,0.300000>
	matrix <0.055805, 0.854240, 0.516875,
		0.699913, -0.402657, 0.589905,
		0.712044, 0.328848, -0.620364,
		36.523014, 52.418137, 49.655453>
	pigment { color rgbt <0,1,1,0> }
	no_shadow
}
cylinder {
	<36.641304, 52.504959, 50.443501>,  <36.024586, 52.187943, 50.089706>, 0.130000
	pigment { color rgbt <1,0,0,0> }
	no_shadow
}

// nucleotide -1

// particle -1
sphere {
	<36.641304, 52.504959, 50.443501> 0.250000
	pigment { color rgbt <1,0,0,0> }
	no_shadow
}
cylinder {
	<36.626213, 52.680649, 50.084465>,  <36.617157, 52.786064, 49.869045>, 0.100000
	pigment { color rgbt <1,0,0,0> }
	no_shadow
}
cylinder {
	<36.626213, 52.680649, 50.084465>,  <36.641304, 52.504959, 50.443501>, 0.100000
	pigment { color rgbt <1,0,0,0> }
	no_shadow
}

// particle -1
sphere {
	<36.626213, 52.680649, 50.084465> 0.100000
	pigment { color rgbt <1,0,0,0> }
	no_shadow
}
sphere {
	0, 1
	scale<0.080000,0.200000,0.300000>
	matrix <0.100394, 0.895347, 0.433907,
		0.994232, -0.073741, -0.077877,
		-0.037731, 0.439223, -0.897585,
		36.614895, 52.812416, 49.815189>
	pigment { color rgbt <0,1,1,0> }
	no_shadow
}
cylinder {
	<36.945274, 53.034821, 50.432415>,  <36.641304, 52.504959, 50.443501>, 0.130000
	pigment { color rgbt <1,0,0,0> }
	no_shadow
}

// nucleotide -1

// particle -1
sphere {
	<36.945274, 53.034821, 50.432415> 0.250000
	pigment { color rgbt <1,0,0,0> }
	no_shadow
}
cylinder {
	<36.767841, 53.150307, 50.093033>,  <36.661381, 53.219597, 49.889404>, 0.100000
	pigment { color rgbt <1,0,0,0> }
	no_shadow
}
cylinder {
	<36.767841, 53.150307, 50.093033>,  <36.945274, 53.034821, 50.432415>, 0.100000
	pigment { color rgbt <1,0,0,0> }
	no_shadow
}

// particle -1
sphere {
	<36.767841, 53.150307, 50.093033> 0.100000
	pigment { color rgbt <1,0,0,0> }
	no_shadow
}
sphere {
	0, 1
	scale<0.080000,0.200000,0.300000>
	matrix <0.179700, 0.956118, 0.231400,
		0.878031, -0.049821, -0.476004,
		-0.443587, 0.288715, -0.848454,
		36.634766, 53.236919, 49.838497>
	pigment { color rgbt <0,1,1,0> }
	no_shadow
}
cylinder {
	<37.403721, 53.607063, 50.118614>,  <36.945274, 53.034821, 50.432415>, 0.130000
	pigment { color rgbt <1,0,0,0> }
	no_shadow
}

// nucleotide -1

// particle -1
sphere {
	<37.403721, 53.607063, 50.118614> 0.250000
	pigment { color rgbt <1,0,0,0> }
	no_shadow
}
cylinder {
	<37.018013, 53.637886, 50.017235>,  <36.786587, 53.656380, 49.956406>, 0.100000
	pigment { color rgbt <1,0,0,0> }
	no_shadow
}
cylinder {
	<37.018013, 53.637886, 50.017235>,  <37.403721, 53.607063, 50.118614>, 0.100000
	pigment { color rgbt <1,0,0,0> }
	no_shadow
}

// particle -1
sphere {
	<37.018013, 53.637886, 50.017235> 0.100000
	pigment { color rgbt <1,0,0,0> }
	no_shadow
}
sphere {
	0, 1
	scale<0.080000,0.200000,0.300000>
	matrix <0.002901, 0.959775, 0.280756,
		0.264891, 0.269991, -0.925709,
		-0.964274, 0.077055, -0.253452,
		36.728729, 53.661003, 49.941200>
	pigment { color rgbt <0,1,1,0> }
	no_shadow
}
cylinder {
	<37.953445, 53.415348, 50.572987>,  <37.403721, 53.607063, 50.118614>, 0.130000
	pigment { color rgbt <1,0,0,0> }
	no_shadow
}

// nucleotide -1

// particle -1
sphere {
	<37.953445, 53.415348, 50.572987> 0.250000
	pigment { color rgbt <1,0,0,0> }
	no_shadow
}
cylinder {
	<38.276787, 53.506729, 50.355965>,  <38.470791, 53.561558, 50.225750>, 0.100000
	pigment { color rgbt <1,0,0,0> }
	no_shadow
}
cylinder {
	<38.276787, 53.506729, 50.355965>,  <37.953445, 53.415348, 50.572987>, 0.100000
	pigment { color rgbt <1,0,0,0> }
	no_shadow
}

// particle -1
sphere {
	<38.276787, 53.506729, 50.355965> 0.100000
	pigment { color rgbt <1,0,0,0> }
	no_shadow
}
sphere {
	0, 1
	scale<0.080000,0.200000,0.300000>
	matrix <-0.449309, -0.356063, -0.819353,
		-0.380372, 0.906105, -0.185178,
		0.808355, 0.228457, -0.542558,
		38.519295, 53.575268, 50.193195>
	pigment { color rgbt <0,1,1,0> }
	no_shadow
}
cylinder {
	<38.512894, 53.229782, 51.197357>,  <37.953445, 53.415348, 50.572987>, 0.130000
	pigment { color rgbt <1,0,0,0> }
	no_shadow
}

// nucleotide -1

// particle -1
sphere {
	<38.512894, 53.229782, 51.197357> 0.250000
	pigment { color rgbt <1,0,0,0> }
	no_shadow
}
cylinder {
	<38.191780, 53.278004, 51.430939>,  <37.999111, 53.306938, 51.571087>, 0.100000
	pigment { color rgbt <1,0,0,0> }
	no_shadow
}
cylinder {
	<38.191780, 53.278004, 51.430939>,  <38.512894, 53.229782, 51.197357>, 0.100000
	pigment { color rgbt <1,0,0,0> }
	no_shadow
}

// particle -1
sphere {
	<38.191780, 53.278004, 51.430939> 0.100000
	pigment { color rgbt <1,0,0,0> }
	no_shadow
}
sphere {
	0, 1
	scale<0.080000,0.200000,0.300000>
	matrix <-0.595860, -0.126147, -0.793119,
		-0.021953, -0.984659, 0.173105,
		-0.802788, 0.120557, 0.583949,
		37.950943, 53.314171, 51.606125>
	pigment { color rgbt <0,1,1,0> }
	no_shadow
}
cylinder {
	<38.040131, 52.670223, 51.024837>,  <38.512894, 53.229782, 51.197357>, 0.130000
	pigment { color rgbt <1,0,0,0> }
	no_shadow
}

// nucleotide -1

// particle -1
sphere {
	<38.040131, 52.670223, 51.024837> 0.250000
	pigment { color rgbt <1,0,0,0> }
	no_shadow
}
cylinder {
	<37.828339, 52.973793, 51.176460>,  <37.701263, 53.155937, 51.267433>, 0.100000
	pigment { color rgbt <1,0,0,0> }
	no_shadow
}
cylinder {
	<37.828339, 52.973793, 51.176460>,  <38.040131, 52.670223, 51.024837>, 0.100000
	pigment { color rgbt <1,0,0,0> }
	no_shadow
}

// particle -1
sphere {
	<37.828339, 52.973793, 51.176460> 0.100000
	pigment { color rgbt <1,0,0,0> }
	no_shadow
}
sphere {
	0, 1
	scale<0.080000,0.200000,0.300000>
	matrix <-0.613168, -0.033591, -0.789239,
		-0.586243, -0.650307, 0.483136,
		-0.529477, 0.758928, 0.379055,
		37.669495, 53.201473, 51.290176>
	pigment { color rgbt <0,1,1,0> }
	no_shadow
}
cylinder {
	<37.356022, 52.327908, 50.900074>,  <38.040131, 52.670223, 51.024837>, 0.130000
	pigment { color rgbt <1,0,0,0> }
	no_shadow
}

// nucleotide -1

// particle -1
sphere {
	<37.356022, 52.327908, 50.900074> 0.250000
	pigment { color rgbt <1,0,0,0> }
	no_shadow
}
cylinder {
	<37.371063, 52.723934, 50.845886>,  <37.380089, 52.961552, 50.813374>, 0.100000
	pigment { color rgbt <1,0,0,0> }
	no_shadow
}
cylinder {
	<37.371063, 52.723934, 50.845886>,  <37.356022, 52.327908, 50.900074>, 0.100000
	pigment { color rgbt <1,0,0,0> }
	no_shadow
}

// particle -1
sphere {
	<37.371063, 52.723934, 50.845886> 0.100000
	pigment { color rgbt <1,0,0,0> }
	no_shadow
}
sphere {
	0, 1
	scale<0.080000,0.200000,0.300000>
	matrix <-0.480406, -0.100965, -0.871215,
		-0.876240, 0.097841, 0.471838,
		0.037601, 0.990067, -0.135473,
		37.382343, 53.020954, 50.805244>
	pigment { color rgbt <0,1,1,0> }
	no_shadow
}
cylinder {
	<37.052822, 52.903023, 51.300087>,  <37.356022, 52.327908, 50.900074>, 0.130000
	pigment { color rgbt <1,0,0,0> }
	no_shadow
}

// nucleotide -1

// particle -1
sphere {
	<37.052822, 52.903023, 51.300087> 0.250000
	pigment { color rgbt <1,0,0,0> }
	no_shadow
}
cylinder {
	<37.145004, 53.028225, 51.668633>,  <37.200314, 53.103348, 51.889759>, 0.100000
	pigment { color rgbt <1,0,0,0> }
	no_shadow
}
cylinder {
	<37.145004, 53.028225, 51.668633>,  <37.052822, 52.903023, 51.300087>, 0.100000
	pigment { color rgbt <1,0,0,0> }
	no_shadow
}

// particle -1
sphere {
	<37.145004, 53.028225, 51.668633> 0.100000
	pigment { color rgbt <1,0,0,0> }
	no_shadow
}
sphere {
	0, 1
	scale<0.080000,0.200000,0.300000>
	matrix <-0.638609, -0.665774, 0.385907,
		0.734214, -0.677327, 0.046458,
		0.230454, 0.313007, 0.921367,
		37.214142, 53.122128, 51.945042>
	pigment { color rgbt <0,1,1,0> }
	no_shadow
}
cylinder {
	<37.151695, 52.265026, 51.673290>,  <37.052822, 52.903023, 51.300087>, 0.130000
	pigment { color rgbt <1,0,0,0> }
	no_shadow
}

// nucleotide -1

// particle -1
sphere {
	<37.151695, 52.265026, 51.673290> 0.250000
	pigment { color rgbt <1,0,0,0> }
	no_shadow
}
cylinder {
	<37.083420, 52.567226, 51.926300>,  <37.042454, 52.748547, 52.078106>, 0.100000
	pigment { color rgbt <1,0,0,0> }
	no_shadow
}
cylinder {
	<37.083420, 52.567226, 51.926300>,  <37.151695, 52.265026, 51.673290>, 0.100000
	pigment { color rgbt <1,0,0,0> }
	no_shadow
}

// particle -1
sphere {
	<37.083420, 52.567226, 51.926300> 0.100000
	pigment { color rgbt <1,0,0,0> }
	no_shadow
}
sphere {
	0, 1
	scale<0.080000,0.200000,0.300000>
	matrix <-0.686774, -0.551539, 0.473442,
		0.706546, -0.353590, 0.612998,
		-0.170687, 0.755499, 0.632524,
		37.032215, 52.793877, 52.116058>
	pigment { color rgbt <0,1,1,0> }
	no_shadow
}
cylinder {
	<37.747864, 51.906361, 51.763737>,  <37.151695, 52.265026, 51.673290>, 0.130000
	pigment { color rgbt <1,0,0,0> }
	no_shadow
}

// nucleotide -1

// particle -1
sphere {
	<37.747864, 51.906361, 51.763737> 0.250000
	pigment { color rgbt <1,0,0,0> }
	no_shadow
}
cylinder {
	<37.659351, 51.697037, 51.434570>,  <37.606243, 51.571442, 51.237072>, 0.100000
	pigment { color rgbt <1,0,0,0> }
	no_shadow
}
cylinder {
	<37.659351, 51.697037, 51.434570>,  <37.747864, 51.906361, 51.763737>, 0.100000
	pigment { color rgbt <1,0,0,0> }
	no_shadow
}

// particle -1
sphere {
	<37.659351, 51.697037, 51.434570> 0.100000
	pigment { color rgbt <1,0,0,0> }
	no_shadow
}
sphere {
	0, 1
	scale<0.080000,0.200000,0.300000>
	matrix <0.639635, 0.559087, -0.527530,
		0.736140, -0.643096, 0.211011,
		-0.221279, -0.523306, -0.822913,
		37.592968, 51.540047, 51.187695>
	pigment { color rgbt <0,1,1,0> }
	no_shadow
}
cylinder {
	<38.333382, 51.889381, 51.396481>,  <37.747864, 51.906361, 51.763737>, 0.130000
	pigment { color rgbt <1,0,0,0> }
	no_shadow
}

// nucleotide -1

// particle -1
sphere {
	<38.333382, 51.889381, 51.396481> 0.250000
	pigment { color rgbt <1,0,0,0> }
	no_shadow
}
cylinder {
	<38.040607, 51.845173, 51.127541>,  <37.864944, 51.818649, 50.966175>, 0.100000
	pigment { color rgbt <1,0,0,0> }
	no_shadow
}
cylinder {
	<38.040607, 51.845173, 51.127541>,  <38.333382, 51.889381, 51.396481>, 0.100000
	pigment { color rgbt <1,0,0,0> }
	no_shadow
}

// particle -1
sphere {
	<38.040607, 51.845173, 51.127541> 0.100000
	pigment { color rgbt <1,0,0,0> }
	no_shadow
}
sphere {
	0, 1
	scale<0.080000,0.200000,0.300000>
	matrix <0.542638, 0.502236, -0.673278,
		0.412089, -0.857640, -0.307632,
		-0.731934, -0.110517, -0.672353,
		37.821026, 51.812019, 50.925835>
	pigment { color rgbt <0,1,1,0> }
	no_shadow
}
cylinder {
	<38.990017, 52.078060, 51.056694>,  <38.333382, 51.889381, 51.396481>, 0.130000
	pigment { color rgbt <1,0,0,0> }
	no_shadow
}

// nucleotide -1

// particle -1
sphere {
	<38.990017, 52.078060, 51.056694> 0.250000
	pigment { color rgbt <1,0,0,0> }
	no_shadow
}
cylinder {
	<39.206642, 52.401611, 51.148289>,  <39.336617, 52.595741, 51.203243>, 0.100000
	pigment { color rgbt <1,0,0,0> }
	no_shadow
}
cylinder {
	<39.206642, 52.401611, 51.148289>,  <38.990017, 52.078060, 51.056694>, 0.100000
	pigment { color rgbt <1,0,0,0> }
	no_shadow
}

// particle -1
sphere {
	<39.206642, 52.401611, 51.148289> 0.100000
	pigment { color rgbt <1,0,0,0> }
	no_shadow
}
sphere {
	0, 1
	scale<0.080000,0.200000,0.300000>
	matrix <-0.592994, 0.174494, 0.786072,
		0.595880, -0.561490, 0.574157,
		0.541559, 0.808876, 0.228983,
		39.369110, 52.644276, 51.216984>
	pigment { color rgbt <0,1,1,0> }
	no_shadow
}
cylinder {
	<39.613884, 51.756607, 51.377407>,  <38.990017, 52.078060, 51.056694>, 0.130000
	pigment { color rgbt <1,0,0,0> }
	no_shadow
}

// nucleotide -1

// particle -1
sphere {
	<39.613884, 51.756607, 51.377407> 0.250000
	pigment { color rgbt <1,0,0,0> }
	no_shadow
}
cylinder {
	<39.938358, 51.931499, 51.532738>,  <40.133045, 52.036434, 51.625938>, 0.100000
	pigment { color rgbt <1,0,0,0> }
	no_shadow
}
cylinder {
	<39.938358, 51.931499, 51.532738>,  <39.613884, 51.756607, 51.377407>, 0.100000
	pigment { color rgbt <1,0,0,0> }
	no_shadow
}

// particle -1
sphere {
	<39.938358, 51.931499, 51.532738> 0.100000
	pigment { color rgbt <1,0,0,0> }
	no_shadow
}
sphere {
	0, 1
	scale<0.080000,0.200000,0.300000>
	matrix <-0.025782, -0.636673, 0.770703,
		0.584215, -0.635198, -0.505189,
		0.811189, 0.437232, 0.388330,
		40.181717, 52.062668, 51.649239>
	pigment { color rgbt <0,1,1,0> }
	no_shadow
}
cylinder {
	<40.169590, 51.227600, 51.489414>,  <39.613884, 51.756607, 51.377407>, 0.130000
	pigment { color rgbt <1,0,0,0> }
	no_shadow
}

// nucleotide -1

// particle -1
sphere {
	<40.169590, 51.227600, 51.489414> 0.250000
	pigment { color rgbt <1,0,0,0> }
	no_shadow
}
cylinder {
	<40.173698, 51.549248, 51.727165>,  <40.176163, 51.742237, 51.869816>, 0.100000
	pigment { color rgbt <1,0,0,0> }
	no_shadow
}
cylinder {
	<40.173698, 51.549248, 51.727165>,  <40.169590, 51.227600, 51.489414>, 0.100000
	pigment { color rgbt <1,0,0,0> }
	no_shadow
}

// particle -1
sphere {
	<40.173698, 51.549248, 51.727165> 0.100000
	pigment { color rgbt <1,0,0,0> }
	no_shadow
}
sphere {
	0, 1
	scale<0.080000,0.200000,0.300000>
	matrix <0.041528, -0.594236, 0.803218,
		0.999085, 0.016434, -0.039497,
		0.010271, 0.804123, 0.594375,
		40.176781, 51.790485, 51.905479>
	pigment { color rgbt <0,1,1,0> }
	no_shadow
}
cylinder {
	<40.793243, 51.421982, 51.928352>,  <40.169590, 51.227600, 51.489414>, 0.130000
	pigment { color rgbt <1,0,0,0> }
	no_shadow
}

// nucleotide -1

// particle -1
sphere {
	<40.793243, 51.421982, 51.928352> 0.250000
	pigment { color rgbt <1,0,0,0> }
	no_shadow
}
cylinder {
	<40.453827, 51.541943, 52.102722>,  <40.250175, 51.613918, 52.207344>, 0.100000
	pigment { color rgbt <1,0,0,0> }
	no_shadow
}
cylinder {
	<40.453827, 51.541943, 52.102722>,  <40.793243, 51.421982, 51.928352>, 0.100000
	pigment { color rgbt <1,0,0,0> }
	no_shadow
}

// particle -1
sphere {
	<40.453827, 51.541943, 52.102722> 0.100000
	pigment { color rgbt <1,0,0,0> }
	no_shadow
}
sphere {
	0, 1
	scale<0.080000,0.200000,0.300000>
	matrix <0.191718, -0.593617, 0.781577,
		0.493174, 0.746776, 0.446212,
		-0.848542, 0.299906, 0.435927,
		40.199265, 51.631916, 52.233501>
	pigment { color rgbt <0,1,1,0> }
	no_shadow
}
cylinder {
	<40.431248, 51.135551, 52.540630>,  <40.793243, 51.421982, 51.928352>, 0.130000
	pigment { color rgbt <1,0,0,0> }
	no_shadow
}

// nucleotide -1

// particle -1
sphere {
	<40.431248, 51.135551, 52.540630> 0.250000
	pigment { color rgbt <1,0,0,0> }
	no_shadow
}
cylinder {
	<40.256130, 50.925907, 52.248428>,  <40.151062, 50.800121, 52.073105>, 0.100000
	pigment { color rgbt <1,0,0,0> }
	no_shadow
}
cylinder {
	<40.256130, 50.925907, 52.248428>,  <40.431248, 51.135551, 52.540630>, 0.100000
	pigment { color rgbt <1,0,0,0> }
	no_shadow
}

// particle -1
sphere {
	<40.256130, 50.925907, 52.248428> 0.100000
	pigment { color rgbt <1,0,0,0> }
	no_shadow
}
sphere {
	0, 1
	scale<0.080000,0.200000,0.300000>
	matrix <0.644908, 0.383067, -0.661327,
		0.626445, -0.760634, 0.170302,
		-0.437791, -0.524114, -0.730509,
		40.124794, 50.768673, 52.029274>
	pigment { color rgbt <0,1,1,0> }
	no_shadow
}
cylinder {
	<40.593216, 51.968861, 52.548668>,  <40.431248, 51.135551, 52.540630>, 0.130000
	pigment { color rgbt <1,0,0,0> }
	no_shadow
}

// nucleotide -1

// particle -1
sphere {
	<40.593216, 51.968861, 52.548668> 0.250000
	pigment { color rgbt <1,0,0,0> }
	no_shadow
}
cylinder {
	<40.953671, 51.869194, 52.406754>,  <41.169941, 51.809395, 52.321606>, 0.100000
	pigment { color rgbt <1,0,0,0> }
	no_shadow
}
cylinder {
	<40.953671, 51.869194, 52.406754>,  <40.593216, 51.968861, 52.548668>, 0.100000
	pigment { color rgbt <1,0,0,0> }
	no_shadow
}

// particle -1
sphere {
	<40.953671, 51.869194, 52.406754> 0.100000
	pigment { color rgbt <1,0,0,0> }
	no_shadow
}
sphere {
	0, 1
	scale<0.080000,0.200000,0.300000>
	matrix <0.379488, 0.057620, 0.923400,
		-0.209641, -0.966744, 0.146480,
		0.901132, -0.249170, -0.354788,
		41.224010, 51.794445, 52.300316>
	pigment { color rgbt <0,1,1,0> }
	no_shadow
}
cylinder {
	<41.271629, 52.393913, 52.479183>,  <40.593216, 51.968861, 52.548668>, 0.130000
	pigment { color rgbt <1,0,0,0> }
	no_shadow
}

// nucleotide -1

// particle -1
sphere {
	<41.271629, 52.393913, 52.479183> 0.250000
	pigment { color rgbt <1,0,0,0> }
	no_shadow
}
cylinder {
	<41.256813, 52.021229, 52.623703>,  <41.247925, 51.797619, 52.710415>, 0.100000
	pigment { color rgbt <1,0,0,0> }
	no_shadow
}
cylinder {
	<41.256813, 52.021229, 52.623703>,  <41.271629, 52.393913, 52.479183>, 0.100000
	pigment { color rgbt <1,0,0,0> }
	no_shadow
}

// particle -1
sphere {
	<41.256813, 52.021229, 52.623703> 0.100000
	pigment { color rgbt <1,0,0,0> }
	no_shadow
}
sphere {
	0, 1
	scale<0.080000,0.200000,0.300000>
	matrix <0.861081, 0.153719, 0.484676,
		-0.507118, 0.329059, 0.796588,
		-0.037036, -0.931714, 0.361299,
		41.245701, 51.741714, 52.732094>
	pigment { color rgbt <0,1,1,0> }
	no_shadow
}
cylinder {
	<41.282330, 52.258530, 53.277447>,  <41.271629, 52.393913, 52.479183>, 0.130000
	pigment { color rgbt <1,0,0,0> }
	no_shadow
}

// nucleotide -1

// particle -1
sphere {
	<41.282330, 52.258530, 53.277447> 0.250000
	pigment { color rgbt <1,0,0,0> }
	no_shadow
}
cylinder {
	<41.472122, 51.948338, 53.110832>,  <41.585999, 51.762222, 53.010864>, 0.100000
	pigment { color rgbt <1,0,0,0> }
	no_shadow
}
cylinder {
	<41.472122, 51.948338, 53.110832>,  <41.282330, 52.258530, 53.277447>, 0.100000
	pigment { color rgbt <1,0,0,0> }
	no_shadow
}

// particle -1
sphere {
	<41.472122, 51.948338, 53.110832> 0.100000
	pigment { color rgbt <1,0,0,0> }
	no_shadow
}
sphere {
	0, 1
	scale<0.080000,0.200000,0.300000>
	matrix <0.846731, 0.272719, 0.456805,
		-0.240645, -0.569439, 0.786021,
		0.474486, -0.775476, -0.416533,
		41.614468, 51.715694, 52.985874>
	pigment { color rgbt <0,1,1,0> }
	no_shadow
}
cylinder {
	<41.861683, 52.326622, 53.679031>,  <41.282330, 52.258530, 53.277447>, 0.130000
	pigment { color rgbt <1,0,0,0> }
	no_shadow
}

// nucleotide -1

// particle -1
sphere {
	<41.861683, 52.326622, 53.679031> 0.250000
	pigment { color rgbt <1,0,0,0> }
	no_shadow
}
cylinder {
	<42.004021, 52.050629, 53.426903>,  <42.089424, 51.885033, 53.275627>, 0.100000
	pigment { color rgbt <1,0,0,0> }
	no_shadow
}
cylinder {
	<42.004021, 52.050629, 53.426903>,  <41.861683, 52.326622, 53.679031>, 0.100000
	pigment { color rgbt <1,0,0,0> }
	no_shadow
}

// particle -1
sphere {
	<42.004021, 52.050629, 53.426903> 0.100000
	pigment { color rgbt <1,0,0,0> }
	no_shadow
}
sphere {
	0, 1
	scale<0.080000,0.200000,0.300000>
	matrix <0.919232, 0.136827, 0.369177,
		-0.168480, -0.710779, 0.682940,
		0.355848, -0.689979, -0.630318,
		42.110775, 51.843636, 53.237808>
	pigment { color rgbt <0,1,1,0> }
	no_shadow
}
cylinder {
	<42.467808, 52.133202, 53.954769>,  <41.861683, 52.326622, 53.679031>, 0.130000
	pigment { color rgbt <1,0,0,0> }
	no_shadow
}

// nucleotide -1

// particle -1
sphere {
	<42.467808, 52.133202, 53.954769> 0.250000
	pigment { color rgbt <1,0,0,0> }
	no_shadow
}
cylinder {
	<42.504562, 52.041782, 53.567093>,  <42.526615, 51.986931, 53.334488>, 0.100000
	pigment { color rgbt <1,0,0,0> }
	no_shadow
}
cylinder {
	<42.504562, 52.041782, 53.567093>,  <42.467808, 52.133202, 53.954769>, 0.100000
	pigment { color rgbt <1,0,0,0> }
	no_shadow
}

// particle -1
sphere {
	<42.504562, 52.041782, 53.567093> 0.100000
	pigment { color rgbt <1,0,0,0> }
	no_shadow
}
sphere {
	0, 1
	scale<0.080000,0.200000,0.300000>
	matrix <0.994791, -0.022090, 0.099518,
		-0.044153, -0.973283, 0.225324,
		0.091882, -0.228545, -0.969188,
		42.532127, 51.973221, 53.276337>
	pigment { color rgbt <0,1,1,0> }
	no_shadow
}
cylinder {
	<42.917561, 51.617325, 54.030289>,  <42.467808, 52.133202, 53.954769>, 0.130000
	pigment { color rgbt <1,0,0,0> }
	no_shadow
}

// nucleotide -1

// particle -1
sphere {
	<42.917561, 51.617325, 54.030289> 0.250000
	pigment { color rgbt <1,0,0,0> }
	no_shadow
}
cylinder {
	<42.930439, 51.743507, 53.650932>,  <42.938164, 51.819218, 53.423317>, 0.100000
	pigment { color rgbt <1,0,0,0> }
	no_shadow
}
cylinder {
	<42.930439, 51.743507, 53.650932>,  <42.917561, 51.617325, 54.030289>, 0.100000
	pigment { color rgbt <1,0,0,0> }
	no_shadow
}

// particle -1
sphere {
	<42.930439, 51.743507, 53.650932> 0.100000
	pigment { color rgbt <1,0,0,0> }
	no_shadow
}
sphere {
	0, 1
	scale<0.080000,0.200000,0.300000>
	matrix <0.992521, -0.121879, -0.006848,
		-0.117749, -0.941081, -0.317019,
		0.032194, 0.315455, -0.948394,
		42.940098, 51.838142, 53.366413>
	pigment { color rgbt <0,1,1,0> }
	no_shadow
}
cylinder {
	<43.334816, 51.116253, 53.564339>,  <42.917561, 51.617325, 54.030289>, 0.130000
	pigment { color rgbt <1,0,0,0> }
	no_shadow
}

// nucleotide -1

// particle -1
sphere {
	<43.334816, 51.116253, 53.564339> 0.250000
	pigment { color rgbt <1,0,0,0> }
	no_shadow
}
cylinder {
	<43.347080, 51.507736, 53.483162>,  <43.354439, 51.742626, 53.434456>, 0.100000
	pigment { color rgbt <1,0,0,0> }
	no_shadow
}
cylinder {
	<43.347080, 51.507736, 53.483162>,  <43.334816, 51.116253, 53.564339>, 0.100000
	pigment { color rgbt <1,0,0,0> }
	no_shadow
}

// particle -1
sphere {
	<43.347080, 51.507736, 53.483162> 0.100000
	pigment { color rgbt <1,0,0,0> }
	no_shadow
}
sphere {
	0, 1
	scale<0.080000,0.200000,0.300000>
	matrix <0.979964, 0.010543, 0.198896,
		0.196802, -0.204977, -0.958777,
		0.030661, 0.978710, -0.202945,
		43.356277, 51.801350, 53.422279>
	pigment { color rgbt <0,1,1,0> }
	no_shadow
}
cylinder {
	<43.998726, 51.293640, 53.289059>,  <43.334816, 51.116253, 53.564339>, 0.130000
	pigment { color rgbt <1,0,0,0> }
	no_shadow
}

// nucleotide -1

// particle -1
sphere {
	<43.998726, 51.293640, 53.289059> 0.250000
	pigment { color rgbt <1,0,0,0> }
	no_shadow
}
cylinder {
	<43.882446, 51.633591, 53.464878>,  <43.812679, 51.837563, 53.570370>, 0.100000
	pigment { color rgbt <1,0,0,0> }
	no_shadow
}
cylinder {
	<43.882446, 51.633591, 53.464878>,  <43.998726, 51.293640, 53.289059>, 0.100000
	pigment { color rgbt <1,0,0,0> }
	no_shadow
}

// particle -1
sphere {
	<43.882446, 51.633591, 53.464878> 0.100000
	pigment { color rgbt <1,0,0,0> }
	no_shadow
}
sphere {
	0, 1
	scale<0.080000,0.200000,0.300000>
	matrix <0.924873, 0.131879, 0.356675,
		0.245162, 0.510214, -0.824365,
		-0.290697, 0.849876, 0.439551,
		43.795238, 51.888554, 53.596745>
	pigment { color rgbt <0,1,1,0> }
	no_shadow
}
cylinder {
	<44.529636, 51.873505, 53.123402>,  <43.998726, 51.293640, 53.289059>, 0.130000
	pigment { color rgbt <1,0,0,0> }
	no_shadow
}

// nucleotide -1

// particle -1
sphere {
	<44.529636, 51.873505, 53.123402> 0.250000
	pigment { color rgbt <1,0,0,0> }
	no_shadow
}
cylinder {
	<44.368710, 51.891113, 53.489178>,  <44.272156, 51.901680, 53.708645>, 0.100000
	pigment { color rgbt <1,0,0,0> }
	no_shadow
}
cylinder {
	<44.368710, 51.891113, 53.489178>,  <44.529636, 51.873505, 53.123402>, 0.100000
	pigment { color rgbt <1,0,0,0> }
	no_shadow
}

// particle -1
sphere {
	<44.368710, 51.891113, 53.489178> 0.100000
	pigment { color rgbt <1,0,0,0> }
	no_shadow
}
sphere {
	0, 1
	scale<0.080000,0.200000,0.300000>
	matrix <0.890922, 0.248727, 0.379992,
		-0.210717, 0.967573, -0.139289,
		-0.402315, 0.044025, 0.914442,
		44.248016, 51.904320, 53.763512>
	pigment { color rgbt <0,1,1,0> }
	no_shadow
}
cylinder {
	<44.541363, 52.591579, 53.335266>,  <44.529636, 51.873505, 53.123402>, 0.130000
	pigment { color rgbt <1,0,0,0> }
	no_shadow
}

// nucleotide -1

// particle -1
sphere {
	<44.541363, 52.591579, 53.335266> 0.250000
	pigment { color rgbt <1,0,0,0> }
	no_shadow
}
cylinder {
	<44.564945, 52.308731, 53.617119>,  <44.579094, 52.139023, 53.786228>, 0.100000
	pigment { color rgbt <1,0,0,0> }
	no_shadow
}
cylinder {
	<44.564945, 52.308731, 53.617119>,  <44.541363, 52.591579, 53.335266>, 0.100000
	pigment { color rgbt <1,0,0,0> }
	no_shadow
}

// particle -1
sphere {
	<44.564945, 52.308731, 53.617119> 0.100000
	pigment { color rgbt <1,0,0,0> }
	no_shadow
}
sphere {
	0, 1
	scale<0.080000,0.200000,0.300000>
	matrix <0.904382, 0.336671, 0.262193,
		-0.422631, 0.621796, 0.659358,
		0.058957, -0.707123, 0.704629,
		44.582634, 52.096596, 53.828506>
	pigment { color rgbt <0,1,1,0> }
	no_shadow
}
cylinder {
	<44.672272, 52.912479, 54.066864>,  <44.541363, 52.591579, 53.335266>, 0.130000
	pigment { color rgbt <1,0,0,0> }
	no_shadow
}

// nucleotide -1

// particle -1
sphere {
	<44.672272, 52.912479, 54.066864> 0.250000
	pigment { color rgbt <1,0,0,0> }
	no_shadow
}
cylinder {
	<44.849598, 52.555454, 54.033890>,  <44.955994, 52.341240, 54.014103>, 0.100000
	pigment { color rgbt <1,0,0,0> }
	no_shadow
}
cylinder {
	<44.849598, 52.555454, 54.033890>,  <44.672272, 52.912479, 54.066864>, 0.100000
	pigment { color rgbt <1,0,0,0> }
	no_shadow
}

// particle -1
sphere {
	<44.849598, 52.555454, 54.033890> 0.100000
	pigment { color rgbt <1,0,0,0> }
	no_shadow
}
sphere {
	0, 1
	scale<0.080000,0.200000,0.300000>
	matrix <0.895331, 0.436513, 0.088541,
		-0.043042, -0.113063, 0.992655,
		0.443318, -0.892565, -0.082440,
		44.982594, 52.287685, 54.009159>
	pigment { color rgbt <0,1,1,0> }
	no_shadow
}
cylinder {
	<45.237392, 52.749367, 54.649513>,  <44.672272, 52.912479, 54.066864>, 0.130000
	pigment { color rgbt <1,0,0,0> }
	no_shadow
}

// nucleotide -1

// particle -1
sphere {
	<45.237392, 52.749367, 54.649513> 0.250000
	pigment { color rgbt <1,0,0,0> }
	no_shadow
}
cylinder {
	<45.318520, 52.571335, 54.300625>,  <45.367195, 52.464516, 54.091293>, 0.100000
	pigment { color rgbt <1,0,0,0> }
	no_shadow
}
cylinder {
	<45.318520, 52.571335, 54.300625>,  <45.237392, 52.749367, 54.649513>, 0.100000
	pigment { color rgbt <1,0,0,0> }
	no_shadow
}

// particle -1
sphere {
	<45.318520, 52.571335, 54.300625> 0.100000
	pigment { color rgbt <1,0,0,0> }
	no_shadow
}
sphere {
	0, 1
	scale<0.080000,0.200000,0.300000>
	matrix <0.870934, 0.489138, -0.047085,
		0.447593, -0.750097, 0.486843,
		0.202815, -0.445083, -0.872220,
		45.379364, 52.437809, 54.038960>
	pigment { color rgbt <0,1,1,0> }
	no_shadow
}
cylinder {
	<45.928444, 52.539719, 54.584156>,  <45.237392, 52.749367, 54.649513>, 0.130000
	pigment { color rgbt <1,0,0,0> }
	no_shadow
}

// nucleotide -1

// particle -1
sphere {
	<45.928444, 52.539719, 54.584156> 0.250000
	pigment { color rgbt <1,0,0,0> }
	no_shadow
}
cylinder {
	<45.858334, 52.498329, 54.192528>,  <45.816269, 52.473495, 53.957550>, 0.100000
	pigment { color rgbt <1,0,0,0> }
	no_shadow
}
cylinder {
	<45.858334, 52.498329, 54.192528>,  <45.928444, 52.539719, 54.584156>, 0.100000
	pigment { color rgbt <1,0,0,0> }
	no_shadow
}

// particle -1
sphere {
	<45.858334, 52.498329, 54.192528> 0.100000
	pigment { color rgbt <1,0,0,0> }
	no_shadow
}
sphere {
	0, 1
	scale<0.080000,0.200000,0.300000>
	matrix <0.873836, 0.441758, -0.203126,
		0.453529, -0.891147, 0.012990,
		-0.175277, -0.103474, -0.979066,
		45.805752, 52.467285, 53.898808>
	pigment { color rgbt <0,1,1,0> }
	no_shadow
}
cylinder {
	<46.449585, 52.130047, 54.189899>,  <45.928444, 52.539719, 54.584156>, 0.130000
	pigment { color rgbt <1,0,0,0> }
	no_shadow
}

// nucleotide -1

// particle -1
sphere {
	<46.449585, 52.130047, 54.189899> 0.250000
	pigment { color rgbt <1,0,0,0> }
	no_shadow
}
cylinder {
	<46.294876, 52.400337, 53.938881>,  <46.202053, 52.562511, 53.788269>, 0.100000
	pigment { color rgbt <1,0,0,0> }
	no_shadow
}
cylinder {
	<46.294876, 52.400337, 53.938881>,  <46.449585, 52.130047, 54.189899>, 0.100000
	pigment { color rgbt <1,0,0,0> }
	no_shadow
}

// particle -1
sphere {
	<46.294876, 52.400337, 53.938881> 0.100000
	pigment { color rgbt <1,0,0,0> }
	no_shadow
}
sphere {
	0, 1
	scale<0.080000,0.200000,0.300000>
	matrix <0.922032, 0.271327, -0.276113,
		-0.016307, -0.685407, -0.727978,
		-0.386770, 0.675721, -0.627542,
		46.178844, 52.603054, 53.750618>
	pigment { color rgbt <0,1,1,0> }
	no_shadow
}
cylinder {
	<46.831596, 52.127949, 53.526901>,  <46.449585, 52.130047, 54.189899>, 0.130000
	pigment { color rgbt <1,0,0,0> }
	no_shadow
}

// nucleotide -1

// particle -1
sphere {
	<46.831596, 52.127949, 53.526901> 0.250000
	pigment { color rgbt <1,0,0,0> }
	no_shadow
}
cylinder {
	<46.695873, 52.492073, 53.621727>,  <46.614441, 52.710548, 53.678623>, 0.100000
	pigment { color rgbt <1,0,0,0> }
	no_shadow
}
cylinder {
	<46.695873, 52.492073, 53.621727>,  <46.831596, 52.127949, 53.526901>, 0.100000
	pigment { color rgbt <1,0,0,0> }
	no_shadow
}

// particle -1
sphere {
	<46.695873, 52.492073, 53.621727> 0.100000
	pigment { color rgbt <1,0,0,0> }
	no_shadow
}
sphere {
	0, 1
	scale<0.080000,0.200000,0.300000>
	matrix <0.926330, 0.367191, -0.084164,
		-0.163665, 0.191046, -0.967841,
		-0.339304, 0.910314, 0.237068,
		46.594082, 52.765167, 53.692848>
	pigment { color rgbt <0,1,1,0> }
	no_shadow
}
cylinder {
	<47.006500, 52.585484, 52.962849>,  <46.831596, 52.127949, 53.526901>, 0.130000
	pigment { color rgbt <1,0,0,0> }
	no_shadow
}

// nucleotide -1

// particle -1
sphere {
	<47.006500, 52.585484, 52.962849> 0.250000
	pigment { color rgbt <1,0,0,0> }
	no_shadow
}
cylinder {
	<47.014629, 52.776791, 53.314041>,  <47.019505, 52.891575, 53.524757>, 0.100000
	pigment { color rgbt <1,0,0,0> }
	no_shadow
}
cylinder {
	<47.014629, 52.776791, 53.314041>,  <47.006500, 52.585484, 52.962849>, 0.100000
	pigment { color rgbt <1,0,0,0> }
	no_shadow
}

// particle -1
sphere {
	<47.014629, 52.776791, 53.314041> 0.100000
	pigment { color rgbt <1,0,0,0> }
	no_shadow
}
sphere {
	0, 1
	scale<0.080000,0.200000,0.300000>
	matrix <0.914565, 0.345895, -0.209588,
		-0.403928, 0.807227, -0.430380,
		0.020319, 0.478269, 0.877978,
		47.020725, 52.920273, 53.577435>
	pigment { color rgbt <0,1,1,0> }
	no_shadow
}
cylinder {
	<47.419212, 53.238987, 52.834660>,  <47.006500, 52.585484, 52.962849>, 0.130000
	pigment { color rgbt <1,0,0,0> }
	no_shadow
}

// nucleotide -1

// particle -1
sphere {
	<47.419212, 53.238987, 52.834660> 0.250000
	pigment { color rgbt <1,0,0,0> }
	no_shadow
}
cylinder {
	<47.399162, 53.226986, 53.233978>,  <47.387131, 53.219784, 53.473568>, 0.100000
	pigment { color rgbt <1,0,0,0> }
	no_shadow
}
cylinder {
	<47.399162, 53.226986, 53.233978>,  <47.419212, 53.238987, 52.834660>, 0.100000
	pigment { color rgbt <1,0,0,0> }
	no_shadow
}

// particle -1
sphere {
	<47.399162, 53.226986, 53.233978> 0.100000
	pigment { color rgbt <1,0,0,0> }
	no_shadow
}
sphere {
	0, 1
	scale<0.080000,0.200000,0.300000>
	matrix <0.829512, 0.555434, 0.058345,
		-0.556236, 0.831019, -0.002953,
		-0.050126, -0.030004, 0.998292,
		47.384125, 53.217983, 53.533466>
	pigment { color rgbt <0,1,1,0> }
	no_shadow
}
cylinder {
	<47.584381, 53.891396, 53.082851>,  <47.419212, 53.238987, 52.834660>, 0.130000
	pigment { color rgbt <1,0,0,0> }
	no_shadow
}

// nucleotide -1

// particle -1
sphere {
	<47.584381, 53.891396, 53.082851> 0.250000
	pigment { color rgbt <1,0,0,0> }
	no_shadow
}
cylinder {
	<47.633461, 53.631069, 53.382557>,  <47.662907, 53.474873, 53.562378>, 0.100000
	pigment { color rgbt <1,0,0,0> }
	no_shadow
}
cylinder {
	<47.633461, 53.631069, 53.382557>,  <47.584381, 53.891396, 53.082851>, 0.100000
	pigment { color rgbt <1,0,0,0> }
	no_shadow
}

// particle -1
sphere {
	<47.633461, 53.631069, 53.382557> 0.100000
	pigment { color rgbt <1,0,0,0> }
	no_shadow
}
sphere {
	0, 1
	scale<0.080000,0.200000,0.300000>
	matrix <0.950233, 0.294877, 0.100524,
		-0.286361, 0.699637, 0.654603,
		0.122697, -0.650812, 0.749259,
		47.670269, 53.435825, 53.607334>
	pigment { color rgbt <0,1,1,0> }
	no_shadow
}
cylinder {
	<47.778305, 54.190796, 53.662693>,  <47.584381, 53.891396, 53.082851>, 0.130000
	pigment { color rgbt <1,0,0,0> }
	no_shadow
}

// nucleotide -1

// particle -1
sphere {
	<47.778305, 54.190796, 53.662693> 0.250000
	pigment { color rgbt <1,0,0,0> }
	no_shadow
}
cylinder {
	<47.918938, 53.817757, 53.695312>,  <48.003315, 53.593933, 53.714886>, 0.100000
	pigment { color rgbt <1,0,0,0> }
	no_shadow
}
cylinder {
	<47.918938, 53.817757, 53.695312>,  <47.778305, 54.190796, 53.662693>, 0.100000
	pigment { color rgbt <1,0,0,0> }
	no_shadow
}

// particle -1
sphere {
	<47.918938, 53.817757, 53.695312> 0.100000
	pigment { color rgbt <1,0,0,0> }
	no_shadow
}
sphere {
	0, 1
	scale<0.080000,0.200000,0.300000>
	matrix <0.925121, 0.359451, 0.122252,
		-0.143326, 0.032464, 0.989143,
		0.351580, -0.932599, 0.081551,
		48.024410, 53.537975, 53.719776>
	pigment { color rgbt <0,1,1,0> }
	no_shadow
}
cylinder {
	<48.320675, 54.326946, 54.097660>,  <47.778305, 54.190796, 53.662693>, 0.130000
	pigment { color rgbt <1,0,0,0> }
	no_shadow
}

// nucleotide -1

// particle -1
sphere {
	<48.320675, 54.326946, 54.097660> 0.250000
	pigment { color rgbt <1,0,0,0> }
	no_shadow
}
cylinder {
	<48.370483, 53.972809, 53.918480>,  <48.400368, 53.760326, 53.810974>, 0.100000
	pigment { color rgbt <1,0,0,0> }
	no_shadow
}
cylinder {
	<48.370483, 53.972809, 53.918480>,  <48.320675, 54.326946, 54.097660>, 0.100000
	pigment { color rgbt <1,0,0,0> }
	no_shadow
}

// particle -1
sphere {
	<48.370483, 53.972809, 53.918480> 0.100000
	pigment { color rgbt <1,0,0,0> }
	no_shadow
}
sphere {
	0, 1
	scale<0.080000,0.200000,0.300000>
	matrix <0.988800, 0.148162, -0.017961,
		0.082271, -0.440694, 0.893879,
		0.124523, -0.885346, -0.447948,
		48.407841, 53.707207, 53.784096>
	pigment { color rgbt <0,1,1,0> }
	no_shadow
}
cylinder {
	<48.983829, 54.679920, 54.196175>,  <48.320675, 54.326946, 54.097660>, 0.130000
	pigment { color rgbt <1,0,0,0> }
	no_shadow
}

// nucleotide -1

// particle -1
sphere {
	<48.983829, 54.679920, 54.196175> 0.250000
	pigment { color rgbt <1,0,0,0> }
	no_shadow
}
cylinder {
	<49.083042, 54.838989, 53.842827>,  <49.142570, 54.934429, 53.630817>, 0.100000
	pigment { color rgbt <1,0,0,0> }
	no_shadow
}
cylinder {
	<49.083042, 54.838989, 53.842827>,  <48.983829, 54.679920, 54.196175>, 0.100000
	pigment { color rgbt <1,0,0,0> }
	no_shadow
}

// particle -1
sphere {
	<49.083042, 54.838989, 53.842827> 0.100000
	pigment { color rgbt <1,0,0,0> }
	no_shadow
}
sphere {
	0, 1
	scale<0.080000,0.200000,0.300000>
	matrix <-0.622121, 0.764371, 0.169419,
		0.742593, 0.507539, 0.436990,
		0.248035, 0.397670, -0.883367,
		49.157452, 54.958290, 53.577816>
	pigment { color rgbt <0,1,1,0> }
	no_shadow
}
cylinder {
	<49.165089, 55.374126, 54.264759>,  <48.983829, 54.679920, 54.196175>, 0.130000
	pigment { color rgbt <1,0,0,0> }
	no_shadow
}

// nucleotide -1

// particle -1
sphere {
	<49.165089, 55.374126, 54.264759> 0.250000
	pigment { color rgbt <1,0,0,0> }
	no_shadow
}
cylinder {
	<49.040787, 55.308304, 53.890305>,  <48.966206, 55.268810, 53.665630>, 0.100000
	pigment { color rgbt <1,0,0,0> }
	no_shadow
}
cylinder {
	<49.040787, 55.308304, 53.890305>,  <49.165089, 55.374126, 54.264759>, 0.100000
	pigment { color rgbt <1,0,0,0> }
	no_shadow
}

// particle -1
sphere {
	<49.040787, 55.308304, 53.890305> 0.100000
	pigment { color rgbt <1,0,0,0> }
	no_shadow
}
sphere {
	0, 1
	scale<0.080000,0.200000,0.300000>
	matrix <-0.556374, 0.830026, 0.038787,
		0.770635, 0.532895, -0.349491,
		-0.310756, -0.164557, -0.936137,
		48.947559, 55.258938, 53.609463>
	pigment { color rgbt <0,1,1,0> }
	no_shadow
}
cylinder {
	<49.786049, 54.910416, 53.944500>,  <49.165089, 55.374126, 54.264759>, 0.130000
	pigment { color rgbt <1,0,0,0> }
	no_shadow
}

// nucleotide -1

// particle -1
sphere {
	<49.786049, 54.910416, 53.944500> 0.250000
	pigment { color rgbt <1,0,0,0> }
	no_shadow
}
cylinder {
	<49.542946, 54.632385, 53.790871>,  <49.397083, 54.465569, 53.698692>, 0.100000
	pigment { color rgbt <1,0,0,0> }
	no_shadow
}
cylinder {
	<49.542946, 54.632385, 53.790871>,  <49.786049, 54.910416, 53.944500>, 0.100000
	pigment { color rgbt <1,0,0,0> }
	no_shadow
}

// particle -1
sphere {
	<49.542946, 54.632385, 53.790871> 0.100000
	pigment { color rgbt <1,0,0,0> }
	no_shadow
}
sphere {
	0, 1
	scale<0.080000,0.200000,0.300000>
	matrix <0.775187, -0.624255, -0.096911,
		-0.172399, -0.356626, 0.918203,
		-0.607753, -0.695071, -0.384073,
		49.360619, 54.423862, 53.675648>
	pigment { color rgbt <0,1,1,0> }
	no_shadow
}
cylinder {
	<50.060028, 54.295982, 54.222080>,  <49.786049, 54.910416, 53.944500>, 0.130000
	pigment { color rgbt <1,0,0,0> }
	no_shadow
}

// nucleotide -1

// particle -1
sphere {
	<50.060028, 54.295982, 54.222080> 0.250000
	pigment { color rgbt <1,0,0,0> }
	no_shadow
}
cylinder {
	<49.887260, 54.202705, 53.873581>,  <49.783600, 54.146740, 53.664482>, 0.100000
	pigment { color rgbt <1,0,0,0> }
	no_shadow
}
cylinder {
	<49.887260, 54.202705, 53.873581>,  <50.060028, 54.295982, 54.222080>, 0.100000
	pigment { color rgbt <1,0,0,0> }
	no_shadow
}

// particle -1
sphere {
	<49.887260, 54.202705, 53.873581> 0.100000
	pigment { color rgbt <1,0,0,0> }
	no_shadow
}
sphere {
	0, 1
	scale<0.080000,0.200000,0.300000>
	matrix <0.780686, -0.580394, -0.231675,
		-0.451642, -0.780234, 0.432730,
		-0.431915, -0.233192, -0.871247,
		49.757687, 54.132748, 53.612206>
	pigment { color rgbt <0,1,1,0> }
	no_shadow
}
cylinder {
	<50.553200, 53.959576, 53.949902>,  <50.060028, 54.295982, 54.222080>, 0.130000
	pigment { color rgbt <1,0,0,0> }
	no_shadow
}

// nucleotide -1

// particle -1
sphere {
	<50.553200, 53.959576, 53.949902> 0.250000
	pigment { color rgbt <1,0,0,0> }
	no_shadow
}
cylinder {
	<50.329517, 53.842453, 53.639664>,  <50.195309, 53.772179, 53.453522>, 0.100000
	pigment { color rgbt <1,0,0,0> }
	no_shadow
}
cylinder {
	<50.329517, 53.842453, 53.639664>,  <50.553200, 53.959576, 53.949902>, 0.100000
	pigment { color rgbt <1,0,0,0> }
	no_shadow
}

// particle -1
sphere {
	<50.329517, 53.842453, 53.639664> 0.100000
	pigment { color rgbt <1,0,0,0> }
	no_shadow
}
sphere {
	0, 1
	scale<0.080000,0.200000,0.300000>
	matrix <0.751171, -0.574781, -0.324605,
		-0.350751, -0.764127, 0.541372,
		-0.559210, -0.292807, -0.775596,
		50.161755, 53.754612, 53.406986>
	pigment { color rgbt <0,1,1,0> }
	no_shadow
}
cylinder {
	<50.554546, 53.324417, 54.124172>,  <50.553200, 53.959576, 53.949902>, 0.130000
	pigment { color rgbt <1,0,0,0> }
	no_shadow
}

// nucleotide -1

// particle -1
sphere {
	<50.554546, 53.324417, 54.124172> 0.250000
	pigment { color rgbt <1,0,0,0> }
	no_shadow
}
cylinder {
	<50.539509, 53.408947, 53.733494>,  <50.530487, 53.459663, 53.499088>, 0.100000
	pigment { color rgbt <1,0,0,0> }
	no_shadow
}
cylinder {
	<50.539509, 53.408947, 53.733494>,  <50.554546, 53.324417, 54.124172>, 0.100000
	pigment { color rgbt <1,0,0,0> }
	no_shadow
}

// particle -1
sphere {
	<50.539509, 53.408947, 53.733494> 0.100000
	pigment { color rgbt <1,0,0,0> }
	no_shadow
}
sphere {
	0, 1
	scale<0.080000,0.200000,0.300000>
	matrix <0.774458, -0.611500, -0.162118,
		-0.631507, -0.762503, -0.140670,
