// switches for output
#declare DRAW_BASES = 1; // possible values are 0, 1; only relevant for DNA ribbons
#declare DRAW_BASES_TYPE = 3; // possible values are 1, 2, 3; only relevant for DNA ribbons
#declare DRAW_FOG = 0; // set to 1 to enable fog

#include "colors.inc"

#include "transforms.inc"
background { rgb <1, 1, 1>}

#default {
   normal{
       ripples 0.25
       frequency 0.20
       turbulence 0.2
       lambda 5
   }
	finish {
		phong 0.1
		phong_size 40.
	}
}

// original window dimensions: 1024x640


// camera settings

camera {
	sky <-0, 1, 0>
	up <-0, 1, 0>
	right 1.6 * <0.99995, 0, 0.00999983>
	location <54.4867, 55, 106.329>
	look_at <55, 55, 55.0001>
	direction <0.513302, 0, -51.3289>
	angle 67.0682
}


# declare cpy_camera_pos = <54.4867, 55, 106.329>;
# if (DRAW_FOG = 1)
fog {
	fog_type 2
	up vnormalize(cpy_camera_pos)
	color rgbt<1,1,1,0.3>
	distance 1e-5
	fog_alt 3e-3
	fog_offset 88
}
# end


// LIGHTS

# declare lum = 6;
global_settings {
	ambient_light rgb lum * <0.05, 0.05, 0.05>
	max_trace_level 15
}# declare cpy_direct_light_amount = 0.25;
light_source
{	1000 * <-0.98995, -1, 1.00995>,
	rgb lum * cpy_direct_light_amount
	parallel
}

light_source
{	1000 * <0.98995, 1, -1.00995>,
	rgb lum * cpy_direct_light_amount
	parallel
}

// strand 0

// nucleotide -1

// particle -1
sphere {
	<36.040619, 52.882324, 50.301582> 0.250000
	pigment { color rgbt <1,0,0,0> }
	no_shadow
}
cylinder {
	<36.018707, 52.797546, 49.911285>,  <36.005562, 52.746681, 49.677105>, 0.100000
	pigment { color rgbt <1,0,0,0> }
	no_shadow
}
cylinder {
	<36.018707, 52.797546, 49.911285>,  <36.040619, 52.882324, 50.301582>, 0.100000
	pigment { color rgbt <1,0,0,0> }
	no_shadow
}

// particle -1
sphere {
	<36.018707, 52.797546, 49.911285> 0.100000
	pigment { color rgbt <1,0,0,0> }
	no_shadow
}
sphere {
	0, 1
	scale<0.080000,0.200000,0.300000>
	matrix <0.938383, 0.323027, -0.122844,
		0.341228, -0.922352, 0.181192,
		-0.054775, -0.211946, -0.975745,
		36.002274, 52.733963, 49.618561>
	pigment { color rgbt <0,1,1,0> }
	no_shadow
}
cylinder {
	<36.749893, 52.684757, 50.101543>,  <36.040619, 52.882324, 50.301582>, 0.130000
	pigment { color rgbt <1,0,0,0> }
	no_shadow
}

// nucleotide -1

// particle -1
sphere {
	<36.749893, 52.684757, 50.101543> 0.250000
	pigment { color rgbt <1,0,0,0> }
	no_shadow
}
cylinder {
	<36.549034, 52.787979, 49.771393>,  <36.428516, 52.849911, 49.573303>, 0.100000
	pigment { color rgbt <1,0,0,0> }
	no_shadow
}
cylinder {
	<36.549034, 52.787979, 49.771393>,  <36.749893, 52.684757, 50.101543>, 0.100000
	pigment { color rgbt <1,0,0,0> }
	no_shadow
}

// particle -1
sphere {
	<36.549034, 52.787979, 49.771393> 0.100000
	pigment { color rgbt <1,0,0,0> }
	no_shadow
}
sphere {
	0, 1
	scale<0.080000,0.200000,0.300000>
	matrix <0.845230, 0.348253, -0.405346,
		0.182840, -0.901182, -0.392989,
		-0.502150, 0.258053, -0.825381,
		36.398388, 52.865395, 49.523777>
	pigment { color rgbt <0,1,1,0> }
	no_shadow
}
cylinder {
	<37.005093, 52.388592, 49.437881>,  <36.749893, 52.684757, 50.101543>, 0.130000
	pigment { color rgbt <1,0,0,0> }
	no_shadow
}

// nucleotide -1

// particle -1
sphere {
	<37.005093, 52.388592, 49.437881> 0.250000
	pigment { color rgbt <1,0,0,0> }
	no_shadow
}
cylinder {
	<36.845821, 52.754559, 49.411392>,  <36.750259, 52.974136, 49.395500>, 0.100000
	pigment { color rgbt <1,0,0,0> }
	no_shadow
}
cylinder {
	<36.845821, 52.754559, 49.411392>,  <37.005093, 52.388592, 49.437881>, 0.100000
	pigment { color rgbt <1,0,0,0> }
	no_shadow
}

// particle -1
sphere {
	<36.845821, 52.754559, 49.411392> 0.100000
	pigment { color rgbt <1,0,0,0> }
	no_shadow
}
sphere {
	0, 1
	scale<0.080000,0.200000,0.300000>
	matrix <0.912463, 0.387630, -0.130972,
		-0.094159, -0.112575, -0.989172,
		-0.398177, 0.914915, -0.066221,
		36.726368, 53.029034, 49.391525>
	pigment { color rgbt <0,1,1,0> }
	no_shadow
}
cylinder {
	<37.587349, 52.021469, 49.148811>,  <37.005093, 52.388592, 49.437881>, 0.130000
	pigment { color rgbt <1,0,0,0> }
	no_shadow
}

// nucleotide -1

// particle -1
sphere {
	<37.587349, 52.021469, 49.148811> 0.250000
	pigment { color rgbt <1,0,0,0> }
	no_shadow
}
cylinder {
	<37.743805, 51.668148, 49.045437>,  <37.837677, 51.456154, 48.983414>, 0.100000
	pigment { color rgbt <1,0,0,0> }
	no_shadow
}
cylinder {
	<37.743805, 51.668148, 49.045437>,  <37.587349, 52.021469, 49.148811>, 0.100000
	pigment { color rgbt <1,0,0,0> }
	no_shadow
}

// particle -1
sphere {
	<37.743805, 51.668148, 49.045437> 0.100000
	pigment { color rgbt <1,0,0,0> }
	no_shadow
}
sphere {
	0, 1
	scale<0.080000,0.200000,0.300000>
	matrix <0.749268, 0.468683, -0.467903,
		0.534422, -0.010619, 0.845151,
		0.391139, -0.883303, -0.258432,
		37.861145, 51.403156, 48.967907>
	pigment { color rgbt <0,1,1,0> }
	no_shadow
}
cylinder {
	<38.253788, 51.860569, 49.376251>,  <37.587349, 52.021469, 49.148811>, 0.130000
	pigment { color rgbt <1,0,0,0> }
	no_shadow
}

// nucleotide -1

// particle -1
sphere {
	<38.253788, 51.860569, 49.376251> 0.250000
	pigment { color rgbt <1,0,0,0> }
	no_shadow
}
cylinder {
	<38.165955, 51.707561, 49.017262>,  <38.113255, 51.615757, 48.801868>, 0.100000
	pigment { color rgbt <1,0,0,0> }
	no_shadow
}
cylinder {
	<38.165955, 51.707561, 49.017262>,  <38.253788, 51.860569, 49.376251>, 0.100000
	pigment { color rgbt <1,0,0,0> }
	no_shadow
}

// particle -1
sphere {
	<38.165955, 51.707561, 49.017262> 0.100000
	pigment { color rgbt <1,0,0,0> }
	no_shadow
}
sphere {
	0, 1
	scale<0.080000,0.200000,0.300000>
	matrix <0.861320, 0.356005, -0.362474,
		0.458158, -0.852609, 0.251295,
		-0.219587, -0.382516, -0.897476,
		38.100079, 51.592808, 48.748020>
	pigment { color rgbt <0,1,1,0> }
	no_shadow
}
cylinder {
	<38.738125, 52.456902, 49.521465>,  <38.253788, 51.860569, 49.376251>, 0.130000
	pigment { color rgbt <1,0,0,0> }
	no_shadow
}

// nucleotide -1

// particle -1
sphere {
	<38.738125, 52.456902, 49.521465> 0.250000
	pigment { color rgbt <1,0,0,0> }
	no_shadow
}
cylinder {
	<39.085945, 52.551689, 49.348156>,  <39.294636, 52.608562, 49.244171>, 0.100000
	pigment { color rgbt <1,0,0,0> }
	no_shadow
}
cylinder {
	<39.085945, 52.551689, 49.348156>,  <38.738125, 52.456902, 49.521465>, 0.100000
	pigment { color rgbt <1,0,0,0> }
	no_shadow
}

// particle -1
sphere {
	<39.085945, 52.551689, 49.348156> 0.100000
	pigment { color rgbt <1,0,0,0> }
	no_shadow
}
sphere {
	0, 1
	scale<0.080000,0.200000,0.300000>
	matrix <0.454505, -0.040852, 0.889807,
		0.193157, -0.970658, -0.143226,
		0.869549, 0.236969, -0.433278,
		39.346809, 52.622780, 49.218174>
	pigment { color rgbt <0,1,1,0> }
	no_shadow
}
cylinder {
	<39.389137, 52.033703, 49.729942>,  <38.738125, 52.456902, 49.521465>, 0.130000
	pigment { color rgbt <1,0,0,0> }
	no_shadow
}

// nucleotide -1

// particle -1
sphere {
	<39.389137, 52.033703, 49.729942> 0.250000
	pigment { color rgbt <1,0,0,0> }
	no_shadow
}
cylinder {
	<39.532719, 52.385689, 49.605480>,  <39.618866, 52.596882, 49.530804>, 0.100000
	pigment { color rgbt <1,0,0,0> }
	no_shadow
}
cylinder {
	<39.532719, 52.385689, 49.605480>,  <39.389137, 52.033703, 49.729942>, 0.100000
	pigment { color rgbt <1,0,0,0> }
	no_shadow
}

// particle -1
sphere {
	<39.532719, 52.385689, 49.605480> 0.100000
	pigment { color rgbt <1,0,0,0> }
	no_shadow
}
sphere {
	0, 1
	scale<0.080000,0.200000,0.300000>
	matrix <0.559678, 0.063856, 0.826246,
		0.746937, -0.470726, -0.469577,
		0.358950, 0.879966, -0.311151,
		39.640404, 52.649677, 49.512135>
	pigment { color rgbt <0,1,1,0> }
	no_shadow
}
cylinder {
	<40.075420, 52.041351, 49.490284>,  <39.389137, 52.033703, 49.729942>, 0.130000
	pigment { color rgbt <1,0,0,0> }
	no_shadow
}

// nucleotide -1

// particle -1
sphere {
	<40.075420, 52.041351, 49.490284> 0.250000
	pigment { color rgbt <1,0,0,0> }
	no_shadow
}
cylinder {
	<40.002090, 52.394035, 49.664169>,  <39.958092, 52.605648, 49.768501>, 0.100000
	pigment { color rgbt <1,0,0,0> }
	no_shadow
}
cylinder {
	<40.002090, 52.394035, 49.664169>,  <40.075420, 52.041351, 49.490284>, 0.100000
	pigment { color rgbt <1,0,0,0> }
	no_shadow
}

// particle -1
sphere {
	<40.002090, 52.394035, 49.664169> 0.100000
	pigment { color rgbt <1,0,0,0> }
	no_shadow
}
sphere {
	0, 1
	scale<0.080000,0.200000,0.300000>
	matrix <0.537753, -0.280235, 0.795167,
		0.822931, 0.379538, -0.422771,
		-0.183321, 0.881714, 0.434711,
		39.947094, 52.658550, 49.794582>
	pigment { color rgbt <0,1,1,0> }
	no_shadow
}
cylinder {
	<40.711250, 52.337036, 49.622875>,  <40.075420, 52.041351, 49.490284>, 0.130000
	pigment { color rgbt <1,0,0,0> }
	no_shadow
}

// nucleotide -1

// particle -1
sphere {
	<40.711250, 52.337036, 49.622875> 0.250000
	pigment { color rgbt <1,0,0,0> }
	no_shadow
}
cylinder {
	<40.460514, 52.518265, 49.876423>,  <40.310070, 52.627003, 50.028553>, 0.100000
	pigment { color rgbt <1,0,0,0> }
	no_shadow
}
cylinder {
	<40.460514, 52.518265, 49.876423>,  <40.711250, 52.337036, 49.622875>, 0.100000
	pigment { color rgbt <1,0,0,0> }
	no_shadow
}

// particle -1
sphere {
	<40.460514, 52.518265, 49.876423> 0.100000
	pigment { color rgbt <1,0,0,0> }
	no_shadow
}
sphere {
	0, 1
	scale<0.080000,0.200000,0.300000>
	matrix <0.556838, -0.308533, 0.771193,
		0.544976, 0.836381, -0.058886,
		-0.626843, 0.453071, 0.633872,
		40.272461, 52.654186, 50.066586>
	pigment { color rgbt <0,1,1,0> }
	no_shadow
}
cylinder {
	<41.092121, 52.477482, 50.136856>,  <40.711250, 52.337036, 49.622875>, 0.130000
	pigment { color rgbt <1,0,0,0> }
	no_shadow
}

// nucleotide -1

// particle -1
sphere {
	<41.092121, 52.477482, 50.136856> 0.250000
	pigment { color rgbt <1,0,0,0> }
	no_shadow
}
cylinder {
	<40.745026, 52.551727, 50.321281>,  <40.536770, 52.596275, 50.431938>, 0.100000
	pigment { color rgbt <1,0,0,0> }
	no_shadow
}
cylinder {
	<40.745026, 52.551727, 50.321281>,  <41.092121, 52.477482, 50.136856>, 0.100000
	pigment { color rgbt <1,0,0,0> }
	no_shadow
}

// particle -1
sphere {
	<40.745026, 52.551727, 50.321281> 0.100000
	pigment { color rgbt <1,0,0,0> }
	no_shadow
}
sphere {
	0, 1
	scale<0.080000,0.200000,0.300000>
	matrix <0.435529, -0.162994, 0.885295,
		0.239471, 0.969011, 0.060597,
		-0.867737, 0.185611, 0.461064,
		40.484703, 52.607410, 50.459602>
	pigment { color rgbt <0,1,1,0> }
	no_shadow
}
cylinder {
	<41.321079, 52.779991, 50.739021>,  <41.092121, 52.477482, 50.136856>, 0.130000
	pigment { color rgbt <1,0,0,0> }
	no_shadow
}

// nucleotide -1

// particle -1
sphere {
	<41.321079, 52.779991, 50.739021> 0.250000
	pigment { color rgbt <1,0,0,0> }
	no_shadow
}
cylinder {
	<40.940411, 52.696617, 50.829250>,  <40.712009, 52.646591, 50.883389>, 0.100000
	pigment { color rgbt <1,0,0,0> }
	no_shadow
}
cylinder {
	<40.940411, 52.696617, 50.829250>,  <41.321079, 52.779991, 50.739021>, 0.100000
	pigment { color rgbt <1,0,0,0> }
	no_shadow
}

// particle -1
sphere {
	<40.940411, 52.696617, 50.829250> 0.100000
	pigment { color rgbt <1,0,0,0> }
	no_shadow
}
sphere {
	0, 1
	scale<0.080000,0.200000,0.300000>
	matrix <0.268752, -0.209623, 0.940122,
		-0.148667, 0.955308, 0.255509,
		-0.951667, -0.208434, 0.225577,
		40.654911, 52.634087, 50.896923>
	pigment { color rgbt <0,1,1,0> }
	no_shadow
}
cylinder {
	<40.984367, 53.094250, 51.298275>,  <41.321079, 52.779991, 50.739021>, 0.130000
	pigment { color rgbt <1,0,0,0> }
	no_shadow
}

// nucleotide -1

// particle -1
sphere {
	<40.984367, 53.094250, 51.298275> 0.250000
	pigment { color rgbt <1,0,0,0> }
	no_shadow
}
cylinder {
	<40.773720, 52.754341, 51.288879>,  <40.647331, 52.550396, 51.283241>, 0.100000
	pigment { color rgbt <1,0,0,0> }
	no_shadow
}
cylinder {
	<40.773720, 52.754341, 51.288879>,  <40.984367, 53.094250, 51.298275>, 0.100000
	pigment { color rgbt <1,0,0,0> }
	no_shadow
}

// particle -1
sphere {
	<40.773720, 52.754341, 51.288879> 0.100000
	pigment { color rgbt <1,0,0,0> }
	no_shadow
}
sphere {
	0, 1
	scale<0.080000,0.200000,0.300000>
	matrix <0.104541, -0.092154, 0.990242,
		-0.843648, 0.519027, 0.137367,
		-0.526621, -0.849776, -0.023485,
		40.615734, 52.499409, 51.281834>
	pigment { color rgbt <0,1,1,0> }
	no_shadow
}
cylinder {
	<40.293938, 52.999203, 51.663544>,  <40.984367, 53.094250, 51.298275>, 0.130000
	pigment { color rgbt <1,0,0,0> }
	no_shadow
}

// nucleotide -1

// particle -1
sphere {
	<40.293938, 52.999203, 51.663544> 0.250000
	pigment { color rgbt <1,0,0,0> }
	no_shadow
}
cylinder {
	<40.516422, 52.666946, 51.653183>,  <40.649914, 52.467594, 51.646965>, 0.100000
	pigment { color rgbt <1,0,0,0> }
	no_shadow
}
cylinder {
	<40.516422, 52.666946, 51.653183>,  <40.293938, 52.999203, 51.663544>, 0.100000
	pigment { color rgbt <1,0,0,0> }
	no_shadow
}

// particle -1
sphere {
	<40.516422, 52.666946, 51.653183> 0.100000
	pigment { color rgbt <1,0,0,0> }
	no_shadow
}
sphere {
	0, 1
	scale<0.080000,0.200000,0.300000>
	matrix <0.187412, 0.095002, 0.977677,
		-0.809636, -0.548646, 0.208512,
		0.556208, -0.830640, -0.025906,
		40.683285, 52.417755, 51.645412>
	pigment { color rgbt <0,1,1,0> }
	no_shadow
}
cylinder {
	<40.158676, 52.384132, 52.134911>,  <40.293938, 52.999203, 51.663544>, 0.130000
	pigment { color rgbt <1,0,0,0> }
	no_shadow
}

// nucleotide -1

// particle -1
sphere {
	<40.158676, 52.384132, 52.134911> 0.250000
	pigment { color rgbt <1,0,0,0> }
	no_shadow
}
cylinder {
	<40.547401, 52.421539, 52.048340>,  <40.780636, 52.443985, 51.996395>, 0.100000
	pigment { color rgbt <1,0,0,0> }
	no_shadow
}
cylinder {
	<40.547401, 52.421539, 52.048340>,  <40.158676, 52.384132, 52.134911>, 0.100000
	pigment { color rgbt <1,0,0,0> }
	no_shadow
}

// particle -1
sphere {
	<40.547401, 52.421539, 52.048340> 0.100000
	pigment { color rgbt <1,0,0,0> }
	no_shadow
}
sphere {
	0, 1
	scale<0.080000,0.200000,0.300000>
	matrix <0.212317, 0.052015, 0.975815,
		0.102509, -0.994258, 0.030694,
		0.971809, 0.093513, -0.216430,
		40.838943, 52.449593, 51.983410>
	pigment { color rgbt <0,1,1,0> }
	no_shadow
}
cylinder {
	<40.298550, 52.261276, 52.751167>,  <40.158676, 52.384132, 52.134911>, 0.130000
	pigment { color rgbt <1,0,0,0> }
	no_shadow
}

// nucleotide -1

// particle -1
sphere {
	<40.298550, 52.261276, 52.751167> 0.250000
	pigment { color rgbt <1,0,0,0> }
	no_shadow
}
cylinder {
	<40.638847, 52.395245, 52.589149>,  <40.843025, 52.475624, 52.491940>, 0.100000
	pigment { color rgbt <1,0,0,0> }
	no_shadow
}
cylinder {
	<40.638847, 52.395245, 52.589149>,  <40.298550, 52.261276, 52.751167>, 0.100000
	pigment { color rgbt <1,0,0,0> }
	no_shadow
}

// particle -1
sphere {
	<40.638847, 52.395245, 52.589149> 0.100000
	pigment { color rgbt <1,0,0,0> }
	no_shadow
}
sphere {
	0, 1
	scale<0.080000,0.200000,0.300000>
	matrix <0.428189, 0.005207, 0.903674,
		0.304765, -0.942233, -0.138979,
		0.850748, 0.334917, -0.405041,
		40.894073, 52.495720, 52.467636>
	pigment { color rgbt <0,1,1,0> }
	no_shadow
}
cylinder {
	<40.994728, 51.798241, 53.019878>,  <40.298550, 52.261276, 52.751167>, 0.130000
	pigment { color rgbt <1,0,0,0> }
	no_shadow
}

// nucleotide -1

// particle -1
sphere {
	<40.994728, 51.798241, 53.019878> 0.250000
	pigment { color rgbt <1,0,0,0> }
	no_shadow
}
cylinder {
	<40.988724, 52.191101, 52.944878>,  <40.985123, 52.426819, 52.899876>, 0.100000
	pigment { color rgbt <1,0,0,0> }
	no_shadow
}
cylinder {
	<40.988724, 52.191101, 52.944878>,  <40.994728, 51.798241, 53.019878>, 0.100000
	pigment { color rgbt <1,0,0,0> }
	no_shadow
}

// particle -1
sphere {
	<40.988724, 52.191101, 52.944878> 0.100000
	pigment { color rgbt <1,0,0,0> }
	no_shadow
}
sphere {
	0, 1
	scale<0.080000,0.200000,0.300000>
	matrix <0.446348, 0.174381, 0.877704,
		0.894734, -0.070519, -0.440997,
		-0.015007, 0.982150, -0.187501,
		40.984222, 52.485744, 52.888626>
	pigment { color rgbt <0,1,1,0> }
	no_shadow
}
cylinder {
	<41.676125, 52.144974, 53.174332>,  <40.994728, 51.798241, 53.019878>, 0.130000
	pigment { color rgbt <1,0,0,0> }
	no_shadow
}

// nucleotide -1

// particle -1
sphere {
	<41.676125, 52.144974, 53.174332> 0.250000
	pigment { color rgbt <1,0,0,0> }
	no_shadow
}
cylinder {
	<41.393440, 52.425018, 53.215141>,  <41.223831, 52.593044, 53.239628>, 0.100000
	pigment { color rgbt <1,0,0,0> }
	no_shadow
}
cylinder {
	<41.393440, 52.425018, 53.215141>,  <41.676125, 52.144974, 53.174332>, 0.100000
	pigment { color rgbt <1,0,0,0> }
	no_shadow
}

// particle -1
sphere {
	<41.393440, 52.425018, 53.215141> 0.100000
	pigment { color rgbt <1,0,0,0> }
	no_shadow
}
sphere {
	0, 1
	scale<0.080000,0.200000,0.300000>
	matrix <0.333861, 0.202867, 0.920534,
		0.623779, 0.684609, -0.377107,
		-0.706708, 0.700111, 0.102020,
		41.181427, 52.635052, 53.245747>
	pigment { color rgbt <0,1,1,0> }
	no_shadow
}
cylinder {
	<41.948643, 52.902016, 53.202206>,  <41.676125, 52.144974, 53.174332>, 0.130000
	pigment { color rgbt <1,0,0,0> }
	no_shadow
}

// nucleotide -1

// particle -1
sphere {
	<41.948643, 52.902016, 53.202206> 0.250000
	pigment { color rgbt <1,0,0,0> }
	no_shadow
}
cylinder {
	<41.617977, 52.808868, 53.407104>,  <41.419579, 52.752979, 53.530045>, 0.100000
	pigment { color rgbt <1,0,0,0> }
	no_shadow
}
cylinder {
	<41.617977, 52.808868, 53.407104>,  <41.948643, 52.902016, 53.202206>, 0.100000
	pigment { color rgbt <1,0,0,0> }
	no_shadow
}

// particle -1
sphere {
	<41.617977, 52.808868, 53.407104> 0.100000
	pigment { color rgbt <1,0,0,0> }
	no_shadow
}
sphere {
	0, 1
	scale<0.080000,0.200000,0.300000>
	matrix <0.439370, 0.301602, 0.846162,
		-0.351535, 0.924560, -0.147011,
		-0.826666, -0.232864, 0.512247,
		41.369976, 52.739010, 53.560780>
	pigment { color rgbt <0,1,1,0> }
	no_shadow
}
cylinder {
	<42.643440, 52.811687, 53.669262>,  <41.948643, 52.902016, 53.202206>, 0.130000
	pigment { color rgbt <1,0,0,0> }
	no_shadow
}

// nucleotide -1

// particle -1
sphere {
	<42.643440, 52.811687, 53.669262> 0.250000
	pigment { color rgbt <1,0,0,0> }
	no_shadow
}
cylinder {
	<42.935253, 52.540913, 53.708347>,  <43.110340, 52.378448, 53.731800>, 0.100000
	pigment { color rgbt <1,0,0,0> }
	no_shadow
}
cylinder {
	<42.935253, 52.540913, 53.708347>,  <42.643440, 52.811687, 53.669262>, 0.100000
	pigment { color rgbt <1,0,0,0> }
	no_shadow
}

// particle -1
sphere {
	<42.935253, 52.540913, 53.708347> 0.100000
	pigment { color rgbt <1,0,0,0> }
	no_shadow
}
sphere {
	0, 1
	scale<0.080000,0.200000,0.300000>
	matrix <0.633609, 0.615102, -0.469244,
		0.257540, 0.404242, 0.877646,
		0.729529, -0.676933, 0.097717,
		43.154114, 52.337833, 53.737663>
	pigment { color rgbt <0,1,1,0> }
	no_shadow
}
cylinder {
	<43.155293, 53.184025, 53.942524>,  <42.643440, 52.811687, 53.669262>, 0.130000
	pigment { color rgbt <1,0,0,0> }
	no_shadow
}

// nucleotide -1

// particle -1
sphere {
	<43.155293, 53.184025, 53.942524> 0.250000
	pigment { color rgbt <1,0,0,0> }
	no_shadow
}
cylinder {
	<43.312695, 52.899532, 53.709526>,  <43.407135, 52.728836, 53.569729>, 0.100000
	pigment { color rgbt <1,0,0,0> }
	no_shadow
}
cylinder {
	<43.312695, 52.899532, 53.709526>,  <43.155293, 53.184025, 53.942524>, 0.100000
	pigment { color rgbt <1,0,0,0> }
	no_shadow
}

// particle -1
sphere {
	<43.312695, 52.899532, 53.709526> 0.100000
	pigment { color rgbt <1,0,0,0> }
	no_shadow
}
sphere {
	0, 1
	scale<0.080000,0.200000,0.300000>
	matrix <0.613973, 0.674914, -0.409302,
		0.684243, -0.196571, 0.702262,
		0.393510, -0.711232, -0.582494,
		43.430748, 52.686161, 53.534779>
	pigment { color rgbt <0,1,1,0> }
	no_shadow
}
cylinder {
	<43.886425, 53.117844, 54.030190>,  <43.155293, 53.184025, 53.942524>, 0.130000
	pigment { color rgbt <1,0,0,0> }
	no_shadow
}

// nucleotide -1

// particle -1
sphere {
	<43.886425, 53.117844, 54.030190> 0.250000
	pigment { color rgbt <1,0,0,0> }
	no_shadow
}
cylinder {
	<43.784824, 53.021084, 53.655602>,  <43.723866, 52.963028, 53.430851>, 0.100000
	pigment { color rgbt <1,0,0,0> }
	no_shadow
}
cylinder {
	<43.784824, 53.021084, 53.655602>,  <43.886425, 53.117844, 54.030190>, 0.100000
	pigment { color rgbt <1,0,0,0> }
	no_shadow
}

// particle -1
sphere {
	<43.784824, 53.021084, 53.655602> 0.100000
	pigment { color rgbt <1,0,0,0> }
	no_shadow
}
sphere {
	0, 1
	scale<0.080000,0.200000,0.300000>
	matrix <0.598415, 0.721353, -0.348641,
		0.759859, -0.648950, -0.038465,
		-0.253998, -0.241900, -0.936466,
		43.708626, 52.948513, 53.374660>
	pigment { color rgbt <0,1,1,0> }
	no_shadow
}
cylinder {
	<44.300259, 53.554874, 53.708664>,  <43.886425, 53.117844, 54.030190>, 0.130000
	pigment { color rgbt <1,0,0,0> }
	no_shadow
}

// nucleotide -1

// particle -1
sphere {
	<44.300259, 53.554874, 53.708664> 0.250000
	pigment { color rgbt <1,0,0,0> }
	no_shadow
}
cylinder {
	<44.053436, 53.432430, 53.418690>,  <43.905342, 53.358963, 53.244705>, 0.100000
	pigment { color rgbt <1,0,0,0> }
	no_shadow
}
cylinder {
	<44.053436, 53.432430, 53.418690>,  <44.300259, 53.554874, 53.708664>, 0.100000
	pigment { color rgbt <1,0,0,0> }
	no_shadow
}

// particle -1
sphere {
	<44.053436, 53.432430, 53.418690> 0.100000
	pigment { color rgbt <1,0,0,0> }
	no_shadow
}
sphere {
	0, 1
	scale<0.080000,0.200000,0.300000>
	matrix <0.414202, 0.656952, -0.629961,
		0.669092, -0.688991, -0.278581,
		-0.617052, -0.306113, -0.724943,
		43.868320, 53.340599, 53.201206>
	pigment { color rgbt <0,1,1,0> }
	no_shadow
}
cylinder {
	<44.659332, 53.057968, 53.245029>,  <44.300259, 53.554874, 53.708664>, 0.130000
	pigment { color rgbt <1,0,0,0> }
	no_shadow
}

// nucleotide -1

// particle -1
sphere {
	<44.659332, 53.057968, 53.245029> 0.250000
	pigment { color rgbt <1,0,0,0> }
	no_shadow
}
cylinder {
	<44.396519, 53.326283, 53.107422>,  <44.238831, 53.487270, 53.024857>, 0.100000
	pigment { color rgbt <1,0,0,0> }
	no_shadow
}
cylinder {
	<44.396519, 53.326283, 53.107422>,  <44.659332, 53.057968, 53.245029>, 0.100000
	pigment { color rgbt <1,0,0,0> }
	no_shadow
}

// particle -1
sphere {
	<44.396519, 53.326283, 53.107422> 0.100000
	pigment { color rgbt <1,0,0,0> }
	no_shadow
}
sphere {
	0, 1
	scale<0.080000,0.200000,0.300000>
	matrix <0.729511, 0.450698, -0.514476,
		-0.190058, -0.588992, -0.785472,
		-0.657033, 0.670791, -0.344018,
		44.199409, 53.527519, 53.004215>
	pigment { color rgbt <0,1,1,0> }
	no_shadow
}
cylinder {
	<44.722683, 53.185398, 52.520866>,  <44.659332, 53.057968, 53.245029>, 0.130000
	pigment { color rgbt <1,0,0,0> }
	no_shadow
}

// nucleotide -1

// particle -1
sphere {
	<44.722683, 53.185398, 52.520866> 0.250000
	pigment { color rgbt <1,0,0,0> }
	no_shadow
}
cylinder {
	<44.625793, 53.524590, 52.709442>,  <44.567661, 53.728104, 52.822586>, 0.100000
	pigment { color rgbt <1,0,0,0> }
	no_shadow
}
cylinder {
	<44.625793, 53.524590, 52.709442>,  <44.722683, 53.185398, 52.520866>, 0.100000
	pigment { color rgbt <1,0,0,0> }
	no_shadow
}

// particle -1
sphere {
	<44.625793, 53.524590, 52.709442> 0.100000
	pigment { color rgbt <1,0,0,0> }
	no_shadow
}
sphere {
	0, 1
	scale<0.080000,0.200000,0.300000>
	matrix <0.700436, 0.489066, -0.519812,
		-0.671355, 0.204300, -0.712421,
		-0.242223, 0.847983, 0.471436,
		44.553127, 53.778984, 52.850872>
	pigment { color rgbt <0,1,1,0> }
	no_shadow
}
cylinder {
	<44.399647, 53.572876, 52.062233>,  <44.722683, 53.185398, 52.520866>, 0.130000
	pigment { color rgbt <1,0,0,0> }
	no_shadow
}

// nucleotide -1

// particle -1
sphere {
	<44.399647, 53.572876, 52.062233> 0.250000
	pigment { color rgbt <1,0,0,0> }
	no_shadow
}
cylinder {
	<44.586517, 53.768497, 52.356873>,  <44.698639, 53.885868, 52.533657>, 0.100000
	pigment { color rgbt <1,0,0,0> }
	no_shadow
}
cylinder {
	<44.586517, 53.768497, 52.356873>,  <44.399647, 53.572876, 52.062233>, 0.100000
	pigment { color rgbt <1,0,0,0> }
	no_shadow
}

// particle -1
sphere {
	<44.586517, 53.768497, 52.356873> 0.100000
	pigment { color rgbt <1,0,0,0> }
	no_shadow
}
sphere {
	0, 1
	scale<0.080000,0.200000,0.300000>
	matrix <0.756038, 0.210994, -0.619588,
		-0.458427, 0.846353, -0.271168,
		0.467175, 0.489049, 0.736600,
		44.726669, 53.915211, 52.577854>
	pigment { color rgbt <0,1,1,0> }
	no_shadow
}
cylinder {
	<44.413811, 54.163719, 51.826447>,  <44.399647, 53.572876, 52.062233>, 0.130000
	pigment { color rgbt <1,0,0,0> }
	no_shadow
}

// nucleotide -1

// particle -1
sphere {
	<44.413811, 54.163719, 51.826447> 0.250000
	pigment { color rgbt <1,0,0,0> }
	no_shadow
}
cylinder {
	<44.715229, 54.108063, 52.083447>,  <44.896080, 54.074669, 52.237648>, 0.100000
	pigment { color rgbt <1,0,0,0> }
	no_shadow
}
cylinder {
	<44.715229, 54.108063, 52.083447>,  <44.413811, 54.163719, 51.826447>, 0.100000
	pigment { color rgbt <1,0,0,0> }
	no_shadow
}

// particle -1
sphere {
	<44.715229, 54.108063, 52.083447> 0.100000
	pigment { color rgbt <1,0,0,0> }
	no_shadow
}
sphere {
	0, 1
	scale<0.080000,0.200000,0.300000>
	matrix <0.608557, 0.517315, -0.601701,
		-0.248655, 0.844408, 0.474495,
		0.753544, -0.139142, 0.642503,
		44.941292, 54.066319, 52.276199>
	pigment { color rgbt <0,1,1,0> }
	no_shadow
}
cylinder {
	<44.878670, 54.768898, 52.202518>,  <44.413811, 54.163719, 51.826447>, 0.130000
	pigment { color rgbt <1,0,0,0> }
	no_shadow
}

// nucleotide -1

// particle -1
sphere {
	<44.878670, 54.768898, 52.202518> 0.250000
	pigment { color rgbt <1,0,0,0> }
	no_shadow
}
cylinder {
	<45.100182, 54.453720, 52.094833>,  <45.233089, 54.264614, 52.030224>, 0.100000
	pigment { color rgbt <1,0,0,0> }
	no_shadow
}
cylinder {
	<45.100182, 54.453720, 52.094833>,  <44.878670, 54.768898, 52.202518>, 0.100000
	pigment { color rgbt <1,0,0,0> }
	no_shadow
}

// particle -1
sphere {
	<45.100182, 54.453720, 52.094833> 0.100000
	pigment { color rgbt <1,0,0,0> }
	no_shadow
}
sphere {
	0, 1
	scale<0.080000,0.200000,0.300000>
	matrix <0.623449, 0.606679, -0.493206,
		0.551945, 0.105285, 0.827207,
		0.553776, -0.787944, -0.269214,
		45.266315, 54.217339, 52.014069>
	pigment { color rgbt <0,1,1,0> }
	no_shadow
}
cylinder {
	<45.488560, 54.935833, 52.554604>,  <44.878670, 54.768898, 52.202518>, 0.130000
	pigment { color rgbt <1,0,0,0> }
	no_shadow
}

// nucleotide -1

// particle -1
sphere {
	<45.488560, 54.935833, 52.554604> 0.250000
	pigment { color rgbt <1,0,0,0> }
	no_shadow
}
cylinder {
	<45.502987, 54.751373, 52.199966>,  <45.511642, 54.640697, 51.987186>, 0.100000
	pigment { color rgbt <1,0,0,0> }
	no_shadow
}
cylinder {
	<45.502987, 54.751373, 52.199966>,  <45.488560, 54.935833, 52.554604>, 0.100000
	pigment { color rgbt <1,0,0,0> }
	no_shadow
}

// particle -1
sphere {
	<45.502987, 54.751373, 52.199966> 0.100000
	pigment { color rgbt <1,0,0,0> }
	no_shadow
}
sphere {
	0, 1
	scale<0.080000,0.200000,0.300000>
	matrix <0.545231, 0.752576, -0.369259,
		0.837509, -0.470076, 0.278579,
		0.036073, -0.461148, -0.886590,
		45.513809, 54.613029, 51.933990>
	pigment { color rgbt <0,1,1,0> }
	no_shadow
}
cylinder {
	<46.238003, 54.991890, 52.298546>,  <45.488560, 54.935833, 52.554604>, 0.130000
	pigment { color rgbt <1,0,0,0> }
	no_shadow
}

// nucleotide -1

// particle -1
sphere {
	<46.238003, 54.991890, 52.298546> 0.250000
	pigment { color rgbt <1,0,0,0> }
	no_shadow
}
cylinder {
	<45.964531, 54.997494, 52.006687>,  <45.800449, 55.000858, 51.831570>, 0.100000
	pigment { color rgbt <1,0,0,0> }
	no_shadow
}
cylinder {
	<45.964531, 54.997494, 52.006687>,  <46.238003, 54.991890, 52.298546>, 0.100000
	pigment { color rgbt <1,0,0,0> }
	no_shadow
}

// particle -1
sphere {
	<45.964531, 54.997494, 52.006687> 0.100000
	pigment { color rgbt <1,0,0,0> }
	no_shadow
}
sphere {
	0, 1
	scale<0.080000,0.200000,0.300000>
	matrix <0.554324, 0.660276, -0.506716,
		0.474670, -0.750893, -0.459182,
		-0.683677, 0.014012, -0.729651,
		45.759426, 55.001698, 51.787792>
	pigment { color rgbt <0,1,1,0> }
	no_shadow
}
cylinder {
	<46.607601, 54.864853, 51.748219>,  <46.238003, 54.991890, 52.298546>, 0.130000
	pigment { color rgbt <1,0,0,0> }
	no_shadow
}

// nucleotide -1

// particle -1
sphere {
	<46.607601, 54.864853, 51.748219> 0.250000
	pigment { color rgbt <1,0,0,0> }
	no_shadow
}
cylinder {
	<46.294308, 55.076626, 51.617836>,  <46.106331, 55.203690, 51.539608>, 0.100000
	pigment { color rgbt <1,0,0,0> }
	no_shadow
}
cylinder {
	<46.294308, 55.076626, 51.617836>,  <46.607601, 54.864853, 51.748219>, 0.100000
	pigment { color rgbt <1,0,0,0> }
	no_shadow
}

// particle -1
sphere {
	<46.294308, 55.076626, 51.617836> 0.100000
	pigment { color rgbt <1,0,0,0> }
	no_shadow
}
sphere {
	0, 1
	scale<0.080000,0.200000,0.300000>
	matrix <0.596041, 0.490274, -0.635898,
		-0.176854, -0.692342, -0.699561,
		-0.783235, 0.529428, -0.325957,
		46.059338, 55.235455, 51.520050>
	pigment { color rgbt <0,1,1,0> }
	no_shadow
}
cylinder {
	<47.212875, 54.391445, 52.002899>,  <46.607601, 54.864853, 51.748219>, 0.130000
	pigment { color rgbt <1,0,0,0> }
	no_shadow
}

// nucleotide -1

// particle -1
sphere {
	<47.212875, 54.391445, 52.002899> 0.250000
	pigment { color rgbt <1,0,0,0> }
	no_shadow
}
cylinder {
	<47.548351, 54.587570, 52.097717>,  <47.749638, 54.705246, 52.154610>, 0.100000
	pigment { color rgbt <1,0,0,0> }
	no_shadow
}
cylinder {
	<47.548351, 54.587570, 52.097717>,  <47.212875, 54.391445, 52.002899>, 0.100000
	pigment { color rgbt <1,0,0,0> }
	no_shadow
}

// particle -1
sphere {
	<47.548351, 54.587570, 52.097717> 0.100000
	pigment { color rgbt <1,0,0,0> }
	no_shadow
}
sphere {
	0, 1
	scale<0.080000,0.200000,0.300000>
	matrix <-0.099887, -0.289382, 0.951988,
		0.535371, -0.822100, -0.193726,
		0.838690, 0.490315, 0.237044,
		47.799957, 54.734665, 52.168831>
	pigment { color rgbt <0,1,1,0> }
	no_shadow
}
cylinder {
	<47.812637, 54.023029, 52.305611>,  <47.212875, 54.391445, 52.002899>, 0.130000
	pigment { color rgbt <1,0,0,0> }
	no_shadow
}

// nucleotide -1

// particle -1
sphere {
	<47.812637, 54.023029, 52.305611> 0.250000
	pigment { color rgbt <1,0,0,0> }
	no_shadow
}
cylinder {
	<47.786381, 54.382896, 52.478256>,  <47.770626, 54.598816, 52.581844>, 0.100000
	pigment { color rgbt <1,0,0,0> }
	no_shadow
}
cylinder {
	<47.786381, 54.382896, 52.478256>,  <47.812637, 54.023029, 52.305611>, 0.100000
	pigment { color rgbt <1,0,0,0> }
	no_shadow
}

// particle -1
sphere {
	<47.786381, 54.382896, 52.478256> 0.100000
	pigment { color rgbt <1,0,0,0> }
	no_shadow
}
sphere {
	0, 1
	scale<0.080000,0.200000,0.300000>
	matrix <-0.219174, -0.434983, 0.873357,
		0.973475, -0.037272, 0.225736,
		-0.065639, 0.899667, 0.431614,
		47.766689, 54.652798, 52.607742>
	pigment { color rgbt <0,1,1,0> }
	no_shadow
}
cylinder {
	<48.063457, 53.946091, 52.889427>,  <47.812637, 54.023029, 52.305611>, 0.130000
	pigment { color rgbt <1,0,0,0> }
	no_shadow
}

// nucleotide -1

// particle -1
sphere {
	<48.063457, 53.946091, 52.889427> 0.250000
	pigment { color rgbt <1,0,0,0> }
	no_shadow
}
cylinder {
	<47.798569, 54.244270, 52.919823>,  <47.639637, 54.423180, 52.938061>, 0.100000
	pigment { color rgbt <1,0,0,0> }
	no_shadow
}
cylinder {
	<47.798569, 54.244270, 52.919823>,  <48.063457, 53.946091, 52.889427>, 0.100000
	pigment { color rgbt <1,0,0,0> }
	no_shadow
}

// particle -1
sphere {
	<47.798569, 54.244270, 52.919823> 0.100000
	pigment { color rgbt <1,0,0,0> }
	no_shadow
}
sphere {
	0, 1
	scale<0.080000,0.200000,0.300000>
	matrix <-0.391325, -0.430543, 0.813325,
		0.639009, 0.508861, 0.576826,
		-0.662218, 0.745448, 0.075991,
		47.599903, 54.467903, 52.942619>
	pigment { color rgbt <0,1,1,0> }
	no_shadow
}
cylinder {
	<48.619354, 54.470783, 53.091125>,  <48.063457, 53.946091, 52.889427>, 0.130000
	pigment { color rgbt <1,0,0,0> }
	no_shadow
}

// nucleotide -1

// particle -1
sphere {
	<48.619354, 54.470783, 53.091125> 0.250000
	pigment { color rgbt <1,0,0,0> }
	no_shadow
}
cylinder {
	<48.817772, 54.162174, 53.250473>,  <48.936821, 53.977009, 53.346081>, 0.100000
	pigment { color rgbt <1,0,0,0> }
	no_shadow
}
cylinder {
	<48.817772, 54.162174, 53.250473>,  <48.619354, 54.470783, 53.091125>, 0.100000
	pigment { color rgbt <1,0,0,0> }
	no_shadow
}

// particle -1
sphere {
	<48.817772, 54.162174, 53.250473> 0.100000
	pigment { color rgbt <1,0,0,0> }
	no_shadow
}
sphere {
	0, 1
	scale<0.080000,0.200000,0.300000>
	matrix <0.856109, 0.511171, -0.076038,
		-0.144970, 0.378766, 0.914068,
		0.496045, -0.771519, 0.398369,
		48.966587, 53.930717, 53.369984>
	pigment { color rgbt <0,1,1,0> }
	no_shadow
}
cylinder {
	<48.421707, 54.450840, 53.847775>,  <48.619354, 54.470783, 53.091125>, 0.130000
	pigment { color rgbt <1,0,0,0> }
	no_shadow
}

// nucleotide -1

// particle -1
sphere {
	<48.421707, 54.450840, 53.847775> 0.250000
	pigment { color rgbt <1,0,0,0> }
	no_shadow
}
cylinder {
	<48.519760, 54.109673, 54.032135>,  <48.578594, 53.904972, 54.142754>, 0.100000
	pigment { color rgbt <1,0,0,0> }
	no_shadow
}
cylinder {
	<48.519760, 54.109673, 54.032135>,  <48.421707, 54.450840, 53.847775>, 0.100000
	pigment { color rgbt <1,0,0,0> }
	no_shadow
}

// particle -1
sphere {
	<48.519760, 54.109673, 54.032135> 0.100000
	pigment { color rgbt <1,0,0,0> }
	no_shadow
}
sphere {
	0, 1
	scale<0.080000,0.200000,0.300000>
	matrix <-0.963185, -0.160136, 0.215941,
		-0.110373, -0.496874, -0.860775,
		0.245137, -0.852920, 0.460907,
		48.593300, 53.853798, 54.170406>
	pigment { color rgbt <0,1,1,0> }
	no_shadow
}
cylinder {
	<48.766121, 54.303856, 54.590771>,  <48.421707, 54.450840, 53.847775>, 0.130000
	pigment { color rgbt <1,0,0,0> }
	no_shadow
}

// nucleotide -1

// particle -1
sphere {
	<48.766121, 54.303856, 54.590771> 0.250000
	pigment { color rgbt <1,0,0,0> }
	no_shadow
}
cylinder {
	<49.098850, 54.143013, 54.437737>,  <49.298489, 54.046509, 54.345917>, 0.100000
	pigment { color rgbt <1,0,0,0> }
	no_shadow
}
cylinder {
	<49.098850, 54.143013, 54.437737>,  <48.766121, 54.303856, 54.590771>, 0.100000
	pigment { color rgbt <1,0,0,0> }
	no_shadow
}

// particle -1
sphere {
	<49.098850, 54.143013, 54.437737> 0.100000
	pigment { color rgbt <1,0,0,0> }
	no_shadow
}
sphere {
	0, 1
	scale<0.080000,0.200000,0.300000>
	matrix <0.551399, 0.519932, 0.652403,
		-0.063415, -0.753646, 0.654215,
		0.831828, -0.402105, -0.382588,
		49.348400, 54.022381, 54.322960>
	pigment { color rgbt <0,1,1,0> }
	no_shadow
}
cylinder {
	<49.280972, 54.029587, 55.063839>,  <48.766121, 54.303856, 54.590771>, 0.130000
	pigment { color rgbt <1,0,0,0> }
	no_shadow
}

// nucleotide -1

// particle -1
sphere {
	<49.280972, 54.029587, 55.063839> 0.250000
	pigment { color rgbt <1,0,0,0> }
	no_shadow
}
cylinder {
	<49.505684, 54.182026, 54.770126>,  <49.640511, 54.273487, 54.593899>, 0.100000
	pigment { color rgbt <1,0,0,0> }
	no_shadow
}
cylinder {
	<49.505684, 54.182026, 54.770126>,  <49.280972, 54.029587, 55.063839>, 0.100000
	pigment { color rgbt <1,0,0,0> }
	no_shadow
}

// particle -1
sphere {
	<49.505684, 54.182026, 54.770126> 0.100000
	pigment { color rgbt <1,0,0,0> }
	no_shadow
}
sphere {
	0, 1
	scale<0.080000,0.200000,0.300000>
	matrix <0.230766, 0.780159, 0.581463,
		0.794450, -0.496101, 0.350333,
		0.561780, 0.381098, -0.734280,
		49.674217, 54.296356, 54.549843>
	pigment { color rgbt <0,1,1,0> }
	no_shadow
}
cylinder {
	<49.979729, 54.117035, 55.335148>,  <49.280972, 54.029587, 55.063839>, 0.130000
	pigment { color rgbt <1,0,0,0> }
	no_shadow
}

// nucleotide -1

// particle -1
sphere {
	<49.979729, 54.117035, 55.335148> 0.250000
	pigment { color rgbt <1,0,0,0> }
	no_shadow
}
cylinder {
	<49.895969, 54.397812, 55.062843>,  <49.845715, 54.566277, 54.899460>, 0.100000
	pigment { color rgbt <1,0,0,0> }
	no_shadow
}
cylinder {
	<49.895969, 54.397812, 55.062843>,  <49.979729, 54.117035, 55.335148>, 0.100000
	pigment { color rgbt <1,0,0,0> }
	no_shadow
}

// particle -1
sphere {
	<49.895969, 54.397812, 55.062843> 0.100000
	pigment { color rgbt <1,0,0,0> }
	no_shadow
}
sphere {
	0, 1
	scale<0.080000,0.200000,0.300000>
	matrix <0.453596, 0.686487, 0.568319,
		0.866258, -0.189785, -0.462145,
		-0.209398, 0.701939, -0.680760,
		49.833149, 54.608395, 54.858616>
	pigment { color rgbt <0,1,1,0> }
	no_shadow
}
cylinder {
	<50.590664, 54.495739, 55.284100>,  <49.979729, 54.117035, 55.335148>, 0.130000
	pigment { color rgbt <1,0,0,0> }
	no_shadow
}

// nucleotide -1

// particle -1
sphere {
	<50.590664, 54.495739, 55.284100> 0.250000
	pigment { color rgbt <1,0,0,0> }
	no_shadow
}
cylinder {
	<50.271370, 54.706364, 55.167099>,  <50.079792, 54.832737, 55.096897>, 0.100000
	pigment { color rgbt <1,0,0,0> }
	no_shadow
}
cylinder {
	<50.271370, 54.706364, 55.167099>,  <50.590664, 54.495739, 55.284100>, 0.100000
	pigment { color rgbt <1,0,0,0> }
	no_shadow
}

// particle -1
sphere {
	<50.271370, 54.706364, 55.167099> 0.100000
	pigment { color rgbt <1,0,0,0> }
	no_shadow
}
sphere {
	0, 1
	scale<0.080000,0.200000,0.300000>
	matrix <0.349281, 0.800257, 0.487433,
		0.490740, 0.286920, -0.822710,
		-0.798234, 0.526560, -0.292503,
		50.031898, 54.864330, 55.079350>
	pigment { color rgbt <0,1,1,0> }
	no_shadow
}
cylinder {
	<50.877998, 54.974987, 55.042751>,  <50.590664, 54.495739, 55.284100>, 0.130000
	pigment { color rgbt <1,0,0,0> }
	no_shadow
}

// nucleotide -1

// particle -1
sphere {
	<50.877998, 54.974987, 55.042751> 0.250000
	pigment { color rgbt <1,0,0,0> }
	no_shadow
}
cylinder {
	<50.509296, 55.092869, 55.143555>,  <50.288074, 55.163597, 55.204037>, 0.100000
	pigment { color rgbt <1,0,0,0> }
	no_shadow
}
cylinder {
	<50.509296, 55.092869, 55.143555>,  <50.877998, 54.974987, 55.042751>, 0.100000
	pigment { color rgbt <1,0,0,0> }
	no_shadow
}

// particle -1
sphere {
	<50.509296, 55.092869, 55.143555> 0.100000
	pigment { color rgbt <1,0,0,0> }
	no_shadow
}
sphere {
	0, 1
	scale<0.080000,0.200000,0.300000>
	matrix <0.369170, 0.865796, 0.337803,
		-0.118635, 0.404406, -0.906852,
		-0.921759, 0.294707, 0.252008,
		50.232769, 55.181282, 55.219158>
	pigment { color rgbt <0,1,1,0> }
	no_shadow
}
cylinder {
	<50.798042, 55.642956, 54.740421>,  <50.877998, 54.974987, 55.042751>, 0.130000
	pigment { color rgbt <1,0,0,0> }
	no_shadow
}

// nucleotide -1

// particle -1
sphere {
	<50.798042, 55.642956, 54.740421> 0.250000
	pigment { color rgbt <1,0,0,0> }
	no_shadow
}
cylinder {
	<50.588959, 55.587982, 55.076965>,  <50.463509, 55.554996, 55.278893>, 0.100000
	pigment { color rgbt <1,0,0,0> }
	no_shadow
}
cylinder {
	<50.588959, 55.587982, 55.076965>,  <50.798042, 55.642956, 54.740421>, 0.100000
	pigment { color rgbt <1,0,0,0> }
	no_shadow
}

// particle -1
sphere {
	<50.588959, 55.587982, 55.076965> 0.100000
	pigment { color rgbt <1,0,0,0> }
	no_shadow
}
sphere {
	0, 1
	scale<0.080000,0.200000,0.300000>
	matrix <0.399896, 0.832074, 0.384365,
		-0.752899, 0.537368, -0.379973,
		-0.522710, -0.137438, 0.841359,
		50.432144, 55.546749, 55.329372>
	pigment { color rgbt <0,1,1,0> }
	no_shadow
}
cylinder {
	<51.639095, 55.712650, 54.558861>,  <50.798042, 55.642956, 54.740421>, 0.130000
	pigment { color rgbt <1,0,0,0> }
	no_shadow
}

// nucleotide -1

// particle -1
sphere {
	<51.639095, 55.712650, 54.558861> 0.250000
	pigment { color rgbt <1,0,0,0> }
	no_shadow
}
cylinder {
	<51.990482, 55.685356, 54.369698>,  <52.201313, 55.668980, 54.256199>, 0.100000
	pigment { color rgbt <1,0,0,0> }
	no_shadow
}
cylinder {
	<51.990482, 55.685356, 54.369698>,  <51.639095, 55.712650, 54.558861>, 0.100000
	pigment { color rgbt <1,0,0,0> }
	no_shadow
}

// particle -1
sphere {
	<51.990482, 55.685356, 54.369698> 0.100000
	pigment { color rgbt <1,0,0,0> }
	no_shadow
}
sphere {
	0, 1
	scale<0.080000,0.200000,0.300000>
	matrix <0.476997, 0.067755, 0.876290,
		-0.027750, -0.995366, 0.092068,
		0.878466, -0.068233, -0.472906,
		52.254021, 55.664886, 54.227825>
	pigment { color rgbt <0,1,1,0> }
	no_shadow
}
cylinder {
	<52.082104, 55.353333, 54.975285>,  <51.639095, 55.712650, 54.558861>, 0.130000
	pigment { color rgbt <1,0,0,0> }
	no_shadow
}

// nucleotide -1

// particle -1
sphere {
	<52.082104, 55.353333, 54.975285> 0.250000
	pigment { color rgbt <1,0,0,0> }
	no_shadow
}
cylinder {
	<52.355865, 55.510780, 54.729797>,  <52.520123, 55.605251, 54.582504>, 0.100000
	pigment { color rgbt <1,0,0,0> }
	no_shadow
}
cylinder {
	<52.355865, 55.510780, 54.729797>,  <52.082104, 55.353333, 54.975285>, 0.100000
	pigment { color rgbt <1,0,0,0> }
	no_shadow
}

// particle -1
sphere {
	<52.355865, 55.510780, 54.729797> 0.100000
	pigment { color rgbt <1,0,0,0> }
	no_shadow
}
sphere {
	0, 1
	scale<0.080000,0.200000,0.300000>
	matrix <0.620269, 0.128085, 0.773861,
		0.383217, -0.910306, -0.156490,
