// switches for output
#declare DRAW_BASES = 1; // possible values are 0, 1; only relevant for DNA ribbons
#declare DRAW_BASES_TYPE = 3; // possible values are 1, 2, 3; only relevant for DNA ribbons
#declare DRAW_FOG = 0; // set to 1 to enable fog

#include "colors.inc"

#include "transforms.inc"
background { rgb <1, 1, 1>}

#default {
   normal{
       ripples 0.25
       frequency 0.20
       turbulence 0.2
       lambda 5
   }
	finish {
		phong 0.1
		phong_size 40.
	}
}

// original window dimensions: 1024x640


// camera settings

camera {
	sky <-0, 1, 0>
	up <-0, 1, 0>
	right 1.6 * <0.99995, 0, 0.00999983>
	location <54.4867, 55, 106.329>
	look_at <55, 55, 55.0001>
	direction <0.513302, 0, -51.3289>
	angle 67.0682
}


# declare cpy_camera_pos = <54.4867, 55, 106.329>;
# if (DRAW_FOG = 1)
fog {
	fog_type 2
	up vnormalize(cpy_camera_pos)
	color rgbt<1,1,1,0.3>
	distance 1e-5
	fog_alt 3e-3
	fog_offset 88
}
# end


// LIGHTS

# declare lum = 6;
global_settings {
	ambient_light rgb lum * <0.05, 0.05, 0.05>
	max_trace_level 15
}# declare cpy_direct_light_amount = 0.25;
light_source
{	1000 * <-0.98995, -1, 1.00995>,
	rgb lum * cpy_direct_light_amount
	parallel
}

light_source
{	1000 * <0.98995, 1, -1.00995>,
	rgb lum * cpy_direct_light_amount
	parallel
}

// strand 0

// nucleotide -1

// particle -1
sphere {
	<36.776360, 52.685535, 50.298527> 0.250000
	pigment { color rgbt <1,0,0,0> }
	no_shadow
}
cylinder {
	<36.784912, 52.986057, 50.034683>,  <36.790043, 53.166370, 49.876377>, 0.100000
	pigment { color rgbt <1,0,0,0> }
	no_shadow
}
cylinder {
	<36.784912, 52.986057, 50.034683>,  <36.776360, 52.685535, 50.298527>, 0.100000
	pigment { color rgbt <1,0,0,0> }
	no_shadow
}

// particle -1
sphere {
	<36.784912, 52.986057, 50.034683> 0.100000
	pigment { color rgbt <1,0,0,0> }
	no_shadow
}
sphere {
	0, 1
	scale<0.080000,0.200000,0.300000>
	matrix <0.988298, -0.115551, -0.099573,
		-0.151028, -0.649758, -0.744987,
		0.021386, 0.751308, -0.659606,
		36.791328, 53.211449, 49.836800>
	pigment { color rgbt <0,1,1,0> }
	no_shadow
}
cylinder {
	<37.018295, 52.512486, 49.621483>,  <36.776360, 52.685535, 50.298527>, 0.130000
	pigment { color rgbt <1,0,0,0> }
	no_shadow
}

// nucleotide -1

// particle -1
sphere {
	<37.018295, 52.512486, 49.621483> 0.250000
	pigment { color rgbt <1,0,0,0> }
	no_shadow
}
cylinder {
	<37.129642, 52.885372, 49.713989>,  <37.196449, 53.109104, 49.769493>, 0.100000
	pigment { color rgbt <1,0,0,0> }
	no_shadow
}
cylinder {
	<37.129642, 52.885372, 49.713989>,  <37.018295, 52.512486, 49.621483>, 0.100000
	pigment { color rgbt <1,0,0,0> }
	no_shadow
}

// particle -1
sphere {
	<37.129642, 52.885372, 49.713989> 0.100000
	pigment { color rgbt <1,0,0,0> }
	no_shadow
}
sphere {
	0, 1
	scale<0.080000,0.200000,0.300000>
	matrix <0.933195, -0.205522, -0.294801,
		-0.227290, 0.297874, -0.927152,
		0.278364, 0.932219, 0.231262,
		37.213150, 53.165039, 49.783367>
	pigment { color rgbt <0,1,1,0> }
	no_shadow
}
cylinder {
	<37.480438, 52.839802, 49.032742>,  <37.018295, 52.512486, 49.621483>, 0.130000
	pigment { color rgbt <1,0,0,0> }
	no_shadow
}

// nucleotide -1

// particle -1
sphere {
	<37.480438, 52.839802, 49.032742> 0.250000
	pigment { color rgbt <1,0,0,0> }
	no_shadow
}
cylinder {
	<37.562263, 52.988934, 49.394768>,  <37.611359, 53.078415, 49.611984>, 0.100000
	pigment { color rgbt <1,0,0,0> }
	no_shadow
}
cylinder {
	<37.562263, 52.988934, 49.394768>,  <37.480438, 52.839802, 49.032742>, 0.100000
	pigment { color rgbt <1,0,0,0> }
	no_shadow
}

// particle -1
sphere {
	<37.562263, 52.988934, 49.394768> 0.100000
	pigment { color rgbt <1,0,0,0> }
	no_shadow
}
sphere {
	0, 1
	scale<0.080000,0.200000,0.300000>
	matrix <0.976099, -0.008374, -0.217163,
		-0.073386, 0.927860, -0.365636,
		0.204559, 0.372834, 0.905069,
		37.623631, 53.100784, 49.666290>
	pigment { color rgbt <0,1,1,0> }
	no_shadow
}
cylinder {
	<37.974495, 53.384167, 48.897629>,  <37.480438, 52.839802, 49.032742>, 0.130000
	pigment { color rgbt <1,0,0,0> }
	no_shadow
}

// nucleotide -1

// particle -1
sphere {
	<37.974495, 53.384167, 48.897629> 0.250000
	pigment { color rgbt <1,0,0,0> }
	no_shadow
}
cylinder {
	<37.994713, 53.326641, 49.292953>,  <38.006844, 53.292126, 49.530148>, 0.100000
	pigment { color rgbt <1,0,0,0> }
	no_shadow
}
cylinder {
	<37.994713, 53.326641, 49.292953>,  <37.974495, 53.384167, 48.897629>, 0.100000
	pigment { color rgbt <1,0,0,0> }
	no_shadow
}

// particle -1
sphere {
	<37.994713, 53.326641, 49.292953> 0.100000
	pigment { color rgbt <1,0,0,0> }
	no_shadow
}
sphere {
	0, 1
	scale<0.080000,0.200000,0.300000>
	matrix <0.996791, 0.068763, -0.040971,
		-0.062068, 0.987213, 0.146829,
		0.050543, -0.143815, 0.988313,
		38.009876, 53.283497, 49.589447>
	pigment { color rgbt <0,1,1,0> }
	no_shadow
}
cylinder {
	<38.281628, 54.038208, 49.288765>,  <37.974495, 53.384167, 48.897629>, 0.130000
	pigment { color rgbt <1,0,0,0> }
	no_shadow
}

// nucleotide -1

// particle -1
sphere {
	<38.281628, 54.038208, 49.288765> 0.250000
	pigment { color rgbt <1,0,0,0> }
	no_shadow
}
cylinder {
	<38.352638, 53.680382, 49.452835>,  <38.395245, 53.465687, 49.551277>, 0.100000
	pigment { color rgbt <1,0,0,0> }
	no_shadow
}
cylinder {
	<38.352638, 53.680382, 49.452835>,  <38.281628, 54.038208, 49.288765>, 0.100000
	pigment { color rgbt <1,0,0,0> }
	no_shadow
}

// particle -1
sphere {
	<38.352638, 53.680382, 49.452835> 0.100000
	pigment { color rgbt <1,0,0,0> }
	no_shadow
}
sphere {
	0, 1
	scale<0.080000,0.200000,0.300000>
	matrix <0.974641, 0.102123, -0.199112,
		0.136230, 0.435119, 0.890007,
		0.177527, -0.894563, 0.410173,
		38.405895, 53.412014, 49.575886>
	pigment { color rgbt <0,1,1,0> }
	no_shadow
}
cylinder {
	<38.956131, 53.898445, 49.168770>,  <38.281628, 54.038208, 49.288765>, 0.130000
	pigment { color rgbt <1,0,0,0> }
	no_shadow
}

// nucleotide -1

// particle -1
sphere {
	<38.956131, 53.898445, 49.168770> 0.250000
	pigment { color rgbt <1,0,0,0> }
	no_shadow
}
cylinder {
	<38.883400, 53.639412, 49.464764>,  <38.839760, 53.483994, 49.642361>, 0.100000
	pigment { color rgbt <1,0,0,0> }
	no_shadow
}
cylinder {
	<38.883400, 53.639412, 49.464764>,  <38.956131, 53.898445, 49.168770>, 0.100000
	pigment { color rgbt <1,0,0,0> }
	no_shadow
}

// particle -1
sphere {
	<38.883400, 53.639412, 49.464764> 0.100000
	pigment { color rgbt <1,0,0,0> }
	no_shadow
}
sphere {
	0, 1
	scale<0.080000,0.200000,0.300000>
	matrix <0.961518, -0.274710, -0.004139,
		0.205961, 0.710755, 0.672612,
		-0.181832, -0.647581, 0.739983,
		38.828850, 53.445137, 49.686760>
	pigment { color rgbt <0,1,1,0> }
	no_shadow
}
cylinder {
	<39.361740, 53.958645, 49.890766>,  <38.956131, 53.898445, 49.168770>, 0.130000
	pigment { color rgbt <1,0,0,0> }
	no_shadow
}

// nucleotide -1

// particle -1
sphere {
	<39.361740, 53.958645, 49.890766> 0.250000
	pigment { color rgbt <1,0,0,0> }
	no_shadow
}
cylinder {
	<39.272514, 53.587582, 49.770966>,  <39.218979, 53.364944, 49.699085>, 0.100000
	pigment { color rgbt <1,0,0,0> }
	no_shadow
}
cylinder {
	<39.272514, 53.587582, 49.770966>,  <39.361740, 53.958645, 49.890766>, 0.100000
	pigment { color rgbt <1,0,0,0> }
	no_shadow
}

// particle -1
sphere {
	<39.272514, 53.587582, 49.770966> 0.100000
	pigment { color rgbt <1,0,0,0> }
	no_shadow
}
sphere {
	0, 1
	scale<0.080000,0.200000,0.300000>
	matrix <0.971656, -0.236259, 0.008105,
		-0.078278, -0.289201, 0.954063,
		-0.223062, -0.927655, -0.299498,
		39.205597, 53.309284, 49.681118>
	pigment { color rgbt <0,1,1,0> }
	no_shadow
}
cylinder {
	<39.667141, 53.470268, 50.272896>,  <39.361740, 53.958645, 49.890766>, 0.130000
	pigment { color rgbt <1,0,0,0> }
	no_shadow
}

// nucleotide -1

// particle -1
sphere {
	<39.667141, 53.470268, 50.272896> 0.250000
	pigment { color rgbt <1,0,0,0> }
	no_shadow
}
cylinder {
	<39.627876, 53.318855, 49.904747>,  <39.604317, 53.228008, 49.683857>, 0.100000
	pigment { color rgbt <1,0,0,0> }
	no_shadow
}
cylinder {
	<39.627876, 53.318855, 49.904747>,  <39.667141, 53.470268, 50.272896>, 0.100000
	pigment { color rgbt <1,0,0,0> }
	no_shadow
}

// particle -1
sphere {
	<39.627876, 53.318855, 49.904747> 0.100000
	pigment { color rgbt <1,0,0,0> }
	no_shadow
}
sphere {
	0, 1
	scale<0.080000,0.200000,0.300000>
	matrix <0.979378, -0.200853, -0.021848,
		-0.176589, -0.903532, 0.390443,
		-0.098162, -0.378533, -0.920368,
		39.598427, 53.205296, 49.628635>
	pigment { color rgbt <0,1,1,0> }
	no_shadow
}
cylinder {
	<39.918091, 52.818157, 50.193203>,  <39.667141, 53.470268, 50.272896>, 0.130000
	pigment { color rgbt <1,0,0,0> }
	no_shadow
}

// nucleotide -1

// particle -1
sphere {
	<39.918091, 52.818157, 50.193203> 0.250000
	pigment { color rgbt <1,0,0,0> }
	no_shadow
}
cylinder {
	<39.959431, 52.965717, 49.823719>,  <39.984234, 53.054253, 49.602028>, 0.100000
	pigment { color rgbt <1,0,0,0> }
	no_shadow
}
cylinder {
	<39.959431, 52.965717, 49.823719>,  <39.918091, 52.818157, 50.193203>, 0.100000
	pigment { color rgbt <1,0,0,0> }
	no_shadow
}

// particle -1
sphere {
	<39.959431, 52.965717, 49.823719> 0.100000
	pigment { color rgbt <1,0,0,0> }
	no_shadow
}
sphere {
	0, 1
	scale<0.080000,0.200000,0.300000>
	matrix <0.947065, -0.320293, -0.021947,
		-0.303953, -0.872541, -0.382473,
		0.103353, 0.368897, -0.923706,
		39.990437, 53.076385, 49.546608>
	pigment { color rgbt <0,1,1,0> }
	no_shadow
}
cylinder {
	<40.202095, 52.329018, 49.741470>,  <39.918091, 52.818157, 50.193203>, 0.130000
	pigment { color rgbt <1,0,0,0> }
	no_shadow
}

// nucleotide -1

// particle -1
sphere {
	<40.202095, 52.329018, 49.741470> 0.250000
	pigment { color rgbt <1,0,0,0> }
	no_shadow
}
cylinder {
	<40.279362, 52.706734, 49.634888>,  <40.325722, 52.933365, 49.570938>, 0.100000
	pigment { color rgbt <1,0,0,0> }
	no_shadow
}
cylinder {
	<40.279362, 52.706734, 49.634888>,  <40.202095, 52.329018, 49.741470>, 0.100000
	pigment { color rgbt <1,0,0,0> }
	no_shadow
}

// particle -1
sphere {
	<40.279362, 52.706734, 49.634888> 0.100000
	pigment { color rgbt <1,0,0,0> }
	no_shadow
}
sphere {
	0, 1
	scale<0.080000,0.200000,0.300000>
	matrix <0.975982, -0.212802, -0.046624,
		-0.100730, -0.251054, -0.962718,
		0.193163, 0.944292, -0.266460,
		40.337311, 52.990021, 49.554951>
	pigment { color rgbt <0,1,1,0> }
	no_shadow
}
cylinder {
	<40.527489, 52.342907, 49.149216>,  <40.202095, 52.329018, 49.741470>, 0.130000
	pigment { color rgbt <1,0,0,0> }
	no_shadow
}

// nucleotide -1

// particle -1
sphere {
	<40.527489, 52.342907, 49.149216> 0.250000
	pigment { color rgbt <1,0,0,0> }
	no_shadow
}
cylinder {
	<40.631775, 52.676910, 49.343037>,  <40.694347, 52.877312, 49.459332>, 0.100000
	pigment { color rgbt <1,0,0,0> }
	no_shadow
}
cylinder {
	<40.631775, 52.676910, 49.343037>,  <40.527489, 52.342907, 49.149216>, 0.100000
	pigment { color rgbt <1,0,0,0> }
	no_shadow
}

// particle -1
sphere {
	<40.631775, 52.676910, 49.343037> 0.100000
	pigment { color rgbt <1,0,0,0> }
	no_shadow
}
sphere {
	0, 1
	scale<0.080000,0.200000,0.300000>
	matrix <0.949774, -0.311827, 0.026323,
		0.173078, 0.453357, -0.874364,
		0.260716, 0.835004, 0.484557,
		40.709991, 52.927410, 49.488403>
	pigment { color rgbt <0,1,1,0> }
	no_shadow
}
cylinder {
	<41.158833, 52.387657, 49.379425>,  <40.527489, 52.342907, 49.149216>, 0.130000
	pigment { color rgbt <1,0,0,0> }
	no_shadow
}

// nucleotide -1

// particle -1
sphere {
	<41.158833, 52.387657, 49.379425> 0.250000
	pigment { color rgbt <1,0,0,0> }
	no_shadow
}
cylinder {
	<41.263168, 52.738602, 49.218327>,  <41.325768, 52.949169, 49.121666>, 0.100000
	pigment { color rgbt <1,0,0,0> }
	no_shadow
}
cylinder {
	<41.263168, 52.738602, 49.218327>,  <41.158833, 52.387657, 49.379425>, 0.100000
	pigment { color rgbt <1,0,0,0> }
	no_shadow
}

// particle -1
sphere {
	<41.263168, 52.738602, 49.218327> 0.100000
	pigment { color rgbt <1,0,0,0> }
	no_shadow
}
sphere {
	0, 1
	scale<0.080000,0.200000,0.300000>
	matrix <-0.806540, 0.427313, 0.408529,
		0.530525, 0.218272, 0.819085,
		0.260836, 0.877360, -0.402745,
		41.341419, 53.001808, 49.097504>
	pigment { color rgbt <0,1,1,0> }
	no_shadow
}
cylinder {
	<41.300541, 52.235569, 50.057404>,  <41.158833, 52.387657, 49.379425>, 0.130000
	pigment { color rgbt <1,0,0,0> }
	no_shadow
}

// nucleotide -1

// particle -1
sphere {
	<41.300541, 52.235569, 50.057404> 0.250000
	pigment { color rgbt <1,0,0,0> }
	no_shadow
}
cylinder {
	<41.656002, 52.054291, 50.085438>,  <41.869278, 51.945526, 50.102257>, 0.100000
	pigment { color rgbt <1,0,0,0> }
	no_shadow
}
cylinder {
	<41.656002, 52.054291, 50.085438>,  <41.300541, 52.235569, 50.057404>, 0.100000
	pigment { color rgbt <1,0,0,0> }
	no_shadow
}

// particle -1
sphere {
	<41.656002, 52.054291, 50.085438> 0.100000
	pigment { color rgbt <1,0,0,0> }
	no_shadow
}
sphere {
	0, 1
	scale<0.080000,0.200000,0.300000>
	matrix <0.134215, 0.403167, 0.905231,
		-0.438499, -0.795030, 0.419101,
		0.888653, -0.453193, 0.070084,
		41.922600, 51.918331, 50.106464>
	pigment { color rgbt <0,1,1,0> }
	no_shadow
}
cylinder {
	<41.174366, 51.973198, 50.799255>,  <41.300541, 52.235569, 50.057404>, 0.130000
	pigment { color rgbt <1,0,0,0> }
	no_shadow
}

// nucleotide -1

// particle -1
sphere {
	<41.174366, 51.973198, 50.799255> 0.250000
	pigment { color rgbt <1,0,0,0> }
	no_shadow
}
cylinder {
	<40.917984, 51.670017, 50.847736>,  <40.764156, 51.488110, 50.876823>, 0.100000
	pigment { color rgbt <1,0,0,0> }
	no_shadow
}
cylinder {
	<40.917984, 51.670017, 50.847736>,  <41.174366, 51.973198, 50.799255>, 0.100000
	pigment { color rgbt <1,0,0,0> }
	no_shadow
}

// particle -1
sphere {
	<40.917984, 51.670017, 50.847736> 0.100000
	pigment { color rgbt <1,0,0,0> }
	no_shadow
}
sphere {
	0, 1
	scale<0.080000,0.200000,0.300000>
	matrix <0.747461, -0.580411, 0.323147,
		-0.174581, 0.297718, 0.938555,
		-0.640955, -0.757949, 0.121204,
		40.725697, 51.442631, 50.884098>
	pigment { color rgbt <0,1,1,0> }
	no_shadow
}
cylinder {
	<41.519894, 51.611267, 51.351227>,  <41.174366, 51.973198, 50.799255>, 0.130000
	pigment { color rgbt <1,0,0,0> }
	no_shadow
}

// nucleotide -1

// particle -1
sphere {
	<41.519894, 51.611267, 51.351227> 0.250000
	pigment { color rgbt <1,0,0,0> }
	no_shadow
}
cylinder {
	<41.221764, 51.384220, 51.211342>,  <41.042885, 51.247993, 51.127411>, 0.100000
	pigment { color rgbt <1,0,0,0> }
	no_shadow
}
cylinder {
	<41.221764, 51.384220, 51.211342>,  <41.519894, 51.611267, 51.351227>, 0.100000
	pigment { color rgbt <1,0,0,0> }
	no_shadow
}

// particle -1
sphere {
	<41.221764, 51.384220, 51.211342> 0.100000
	pigment { color rgbt <1,0,0,0> }
	no_shadow
}
sphere {
	0, 1
	scale<0.080000,0.200000,0.300000>
	matrix <0.463618, -0.818219, 0.339964,
		-0.479113, 0.091249, 0.872997,
		-0.745324, -0.567619, -0.349715,
		40.998165, 51.213936, 51.106426>
	pigment { color rgbt <0,1,1,0> }
	no_shadow
}
cylinder {
	<41.466125, 51.185741, 51.900822>,  <41.519894, 51.611267, 51.351227>, 0.130000
	pigment { color rgbt <1,0,0,0> }
	no_shadow
}

// nucleotide -1

// particle -1
sphere {
	<41.466125, 51.185741, 51.900822> 0.250000
	pigment { color rgbt <1,0,0,0> }
	no_shadow
}
cylinder {
	<41.365280, 51.018730, 51.551624>,  <41.304771, 50.918526, 51.342106>, 0.100000
	pigment { color rgbt <1,0,0,0> }
	no_shadow
}
cylinder {
	<41.365280, 51.018730, 51.551624>,  <41.466125, 51.185741, 51.900822>, 0.100000
	pigment { color rgbt <1,0,0,0> }
	no_shadow
}

// particle -1
sphere {
	<41.365280, 51.018730, 51.551624> 0.100000
	pigment { color rgbt <1,0,0,0> }
	no_shadow
}
sphere {
	0, 1
	scale<0.080000,0.200000,0.300000>
	matrix <0.531229, -0.813758, 0.235782,
		-0.808847, -0.404313, 0.426963,
		-0.252115, -0.417526, -0.872989,
		41.289646, 50.893471, 51.289726>
	pigment { color rgbt <0,1,1,0> }
	no_shadow
}
cylinder {
	<41.569214, 50.359646, 51.784367>,  <41.466125, 51.185741, 51.900822>, 0.130000
	pigment { color rgbt <1,0,0,0> }
	no_shadow
}

// nucleotide -1

// particle -1
sphere {
	<41.569214, 50.359646, 51.784367> 0.250000
	pigment { color rgbt <1,0,0,0> }
	no_shadow
}
cylinder {
	<41.312305, 50.641457, 51.663616>,  <41.158161, 50.810543, 51.591167>, 0.100000
	pigment { color rgbt <1,0,0,0> }
	no_shadow
}
cylinder {
	<41.312305, 50.641457, 51.663616>,  <41.569214, 50.359646, 51.784367>, 0.100000
	pigment { color rgbt <1,0,0,0> }
	no_shadow
}

// particle -1
sphere {
	<41.312305, 50.641457, 51.663616> 0.100000
	pigment { color rgbt <1,0,0,0> }
	no_shadow
}
sphere {
	0, 1
	scale<0.080000,0.200000,0.300000>
	matrix <-0.725252, -0.431171, 0.536750,
		0.247996, 0.563674, 0.787889,
		-0.642267, 0.704531, -0.301877,
		41.119625, 50.852818, 51.573051>
	pigment { color rgbt <0,1,1,0> }
	no_shadow
}
cylinder {
	<42.179077, 50.821831, 51.868980>,  <41.569214, 50.359646, 51.784367>, 0.130000
	pigment { color rgbt <1,0,0,0> }
	no_shadow
}

// nucleotide -1

// particle -1
sphere {
	<42.179077, 50.821831, 51.868980> 0.250000
	pigment { color rgbt <1,0,0,0> }
	no_shadow
}
cylinder {
	<42.293518, 51.196526, 51.788307>,  <42.362183, 51.421341, 51.739902>, 0.100000
	pigment { color rgbt <1,0,0,0> }
	no_shadow
}
cylinder {
	<42.293518, 51.196526, 51.788307>,  <42.179077, 50.821831, 51.868980>, 0.100000
	pigment { color rgbt <1,0,0,0> }
	no_shadow
}

// particle -1
sphere {
	<42.293518, 51.196526, 51.788307> 0.100000
	pigment { color rgbt <1,0,0,0> }
	no_shadow
}
sphere {
	0, 1
	scale<0.080000,0.200000,0.300000>
	matrix <0.107262, 0.177850, 0.978195,
		0.952177, -0.301496, -0.049593,
		0.286101, 0.936734, -0.201683,
		42.379349, 51.477547, 51.727802>
	pigment { color rgbt <0,1,1,0> }
	no_shadow
}
cylinder {
	<42.842651, 51.073818, 52.244625>,  <42.179077, 50.821831, 51.868980>, 0.130000
	pigment { color rgbt <1,0,0,0> }
	no_shadow
}

// nucleotide -1

// particle -1
sphere {
	<42.842651, 51.073818, 52.244625> 0.250000
	pigment { color rgbt <1,0,0,0> }
	no_shadow
}
cylinder {
	<42.561016, 51.352974, 52.192139>,  <42.392036, 51.520466, 52.160648>, 0.100000
	pigment { color rgbt <1,0,0,0> }
	no_shadow
}
cylinder {
	<42.561016, 51.352974, 52.192139>,  <42.842651, 51.073818, 52.244625>, 0.100000
	pigment { color rgbt <1,0,0,0> }
	no_shadow
}

// particle -1
sphere {
	<42.561016, 51.352974, 52.192139> 0.100000
	pigment { color rgbt <1,0,0,0> }
	no_shadow
}
sphere {
	0, 1
	scale<0.080000,0.200000,0.300000>
	matrix <0.071498, 0.253507, 0.964688,
		0.706505, 0.669842, -0.228389,
		-0.704087, 0.697886, -0.131211,
		42.349789, 51.562340, 52.152775>
	pigment { color rgbt <0,1,1,0> }
	no_shadow
}
cylinder {
	<43.033585, 51.803005, 52.503284>,  <42.842651, 51.073818, 52.244625>, 0.130000
	pigment { color rgbt <1,0,0,0> }
	no_shadow
}

// nucleotide -1

// particle -1
sphere {
	<43.033585, 51.803005, 52.503284> 0.250000
	pigment { color rgbt <1,0,0,0> }
	no_shadow
}
cylinder {
	<42.672443, 51.633644, 52.533180>,  <42.455757, 51.532028, 52.551117>, 0.100000
	pigment { color rgbt <1,0,0,0> }
	no_shadow
}
cylinder {
	<42.672443, 51.633644, 52.533180>,  <43.033585, 51.803005, 52.503284>, 0.100000
	pigment { color rgbt <1,0,0,0> }
	no_shadow
}

// particle -1
sphere {
	<42.672443, 51.633644, 52.533180> 0.100000
	pigment { color rgbt <1,0,0,0> }
	no_shadow
}
sphere {
	0, 1
	scale<0.080000,0.200000,0.300000>
	matrix <0.044297, 0.081303, 0.995705,
		-0.427660, 0.902286, -0.054650,
		-0.902854, -0.423402, 0.074739,
		42.401588, 51.506622, 52.555603>
	pigment { color rgbt <0,1,1,0> }
	no_shadow
}
cylinder {
	<43.429867, 52.184448, 52.066231>,  <43.033585, 51.803005, 52.503284>, 0.130000
	pigment { color rgbt <1,0,0,0> }
	no_shadow
}

// nucleotide -1

// particle -1
sphere {
	<43.429867, 52.184448, 52.066231> 0.250000
	pigment { color rgbt <1,0,0,0> }
	no_shadow
}
cylinder {
	<43.714363, 51.916832, 52.152504>,  <43.885063, 51.756264, 52.204269>, 0.100000
	pigment { color rgbt <1,0,0,0> }
	no_shadow
}
cylinder {
	<43.714363, 51.916832, 52.152504>,  <43.429867, 52.184448, 52.066231>, 0.100000
	pigment { color rgbt <1,0,0,0> }
	no_shadow
}

// particle -1
sphere {
	<43.714363, 51.916832, 52.152504> 0.100000
	pigment { color rgbt <1,0,0,0> }
	no_shadow
}
sphere {
	0, 1
	scale<0.080000,0.200000,0.300000>
	matrix <0.593360, 0.406889, -0.694525,
		0.376904, 0.621956, 0.686377,
		0.711243, -0.669038, 0.215686,
		43.927734, 51.716122, 52.217209>
	pigment { color rgbt <0,1,1,0> }
	no_shadow
}
cylinder {
	<44.226173, 52.498539, 52.256149>,  <43.429867, 52.184448, 52.066231>, 0.130000
	pigment { color rgbt <1,0,0,0> }
	no_shadow
}

// nucleotide -1

// particle -1
sphere {
	<44.226173, 52.498539, 52.256149> 0.250000
	pigment { color rgbt <1,0,0,0> }
	no_shadow
}
cylinder {
	<44.184696, 52.152691, 52.059509>,  <44.159809, 51.945183, 51.941525>, 0.100000
	pigment { color rgbt <1,0,0,0> }
	no_shadow
}
cylinder {
	<44.184696, 52.152691, 52.059509>,  <44.226173, 52.498539, 52.256149>, 0.100000
	pigment { color rgbt <1,0,0,0> }
	no_shadow
}

// particle -1
sphere {
	<44.184696, 52.152691, 52.059509> 0.100000
	pigment { color rgbt <1,0,0,0> }
	no_shadow
}
sphere {
	0, 1
	scale<0.080000,0.200000,0.300000>
	matrix <0.352131, 0.430338, -0.831151,
		0.930189, -0.259295, 0.259837,
		-0.103696, -0.864624, -0.491601,
		44.153587, 51.893303, 51.912029>
	pigment { color rgbt <0,1,1,0> }
	no_shadow
}
cylinder {
	<44.833046, 52.397015, 51.819595>,  <44.226173, 52.498539, 52.256149>, 0.130000
	pigment { color rgbt <1,0,0,0> }
	no_shadow
}

// nucleotide -1

// particle -1
sphere {
	<44.833046, 52.397015, 51.819595> 0.250000
	pigment { color rgbt <1,0,0,0> }
	no_shadow
}
cylinder {
	<44.524361, 52.204208, 51.653641>,  <44.339149, 52.088524, 51.554070>, 0.100000
	pigment { color rgbt <1,0,0,0> }
	no_shadow
}
cylinder {
	<44.524361, 52.204208, 51.653641>,  <44.833046, 52.397015, 51.819595>, 0.100000
	pigment { color rgbt <1,0,0,0> }
	no_shadow
}

// particle -1
sphere {
	<44.524361, 52.204208, 51.653641> 0.100000
	pigment { color rgbt <1,0,0,0> }
	no_shadow
}
sphere {
	0, 1
	scale<0.080000,0.200000,0.300000>
	matrix <0.191795, 0.445596, -0.874448,
		0.606365, -0.754392, -0.251424,
		-0.771710, -0.482013, -0.414883,
		44.292847, 52.059605, 51.529175>
	pigment { color rgbt <0,1,1,0> }
	no_shadow
}
cylinder {
	<45.141659, 52.065556, 51.269691>,  <44.833046, 52.397015, 51.819595>, 0.130000
	pigment { color rgbt <1,0,0,0> }
	no_shadow
}

// nucleotide -1

// particle -1
sphere {
	<45.141659, 52.065556, 51.269691> 0.250000
	pigment { color rgbt <1,0,0,0> }
	no_shadow
}
cylinder {
	<44.757771, 52.154442, 51.200924>,  <44.527439, 52.207775, 51.159664>, 0.100000
	pigment { color rgbt <1,0,0,0> }
	no_shadow
}
cylinder {
	<44.757771, 52.154442, 51.200924>,  <45.141659, 52.065556, 51.269691>, 0.100000
	pigment { color rgbt <1,0,0,0> }
	no_shadow
}

// particle -1
sphere {
	<44.757771, 52.154442, 51.200924> 0.100000
	pigment { color rgbt <1,0,0,0> }
	no_shadow
}
sphere {
	0, 1
	scale<0.080000,0.200000,0.300000>
	matrix <0.266350, 0.524880, -0.808430,
		-0.089412, -0.821657, -0.562926,
		-0.959720, 0.222218, -0.171918,
		44.469856, 52.221107, 51.149349>
	pigment { color rgbt <0,1,1,0> }
	no_shadow
}
cylinder {
	<45.829098, 52.211407, 51.643524>,  <45.141659, 52.065556, 51.269691>, 0.130000
	pigment { color rgbt <1,0,0,0> }
	no_shadow
}

// nucleotide -1

// particle -1
sphere {
	<45.829098, 52.211407, 51.643524> 0.250000
	pigment { color rgbt <1,0,0,0> }
	no_shadow
}
cylinder {
	<46.169849, 52.054848, 51.782730>,  <46.374298, 51.960915, 51.866253>, 0.100000
	pigment { color rgbt <1,0,0,0> }
	no_shadow
}
cylinder {
	<46.169849, 52.054848, 51.782730>,  <45.829098, 52.211407, 51.643524>, 0.100000
	pigment { color rgbt <1,0,0,0> }
	no_shadow
}

// particle -1
sphere {
	<46.169849, 52.054848, 51.782730> 0.100000
	pigment { color rgbt <1,0,0,0> }
	no_shadow
}
sphere {
	0, 1
	scale<0.080000,0.200000,0.300000>
	matrix <0.432085, 0.900726, -0.044663,
		-0.295989, 0.188421, 0.936423,
		0.851876, -0.391394, 0.348019,
		46.425411, 51.937431, 51.887135>
	pigment { color rgbt <0,1,1,0> }
	no_shadow
}
cylinder {
	<46.218163, 52.661835, 52.171284>,  <45.829098, 52.211407, 51.643524>, 0.130000
	pigment { color rgbt <1,0,0,0> }
	no_shadow
}

// nucleotide -1

// particle -1
sphere {
	<46.218163, 52.661835, 52.171284> 0.250000
	pigment { color rgbt <1,0,0,0> }
	no_shadow
}
cylinder {
	<46.507519, 52.433319, 52.016190>,  <46.681133, 52.296211, 51.923134>, 0.100000
	pigment { color rgbt <1,0,0,0> }
	no_shadow
}
cylinder {
	<46.507519, 52.433319, 52.016190>,  <46.218163, 52.661835, 52.171284>, 0.100000
	pigment { color rgbt <1,0,0,0> }
	no_shadow
}

// particle -1
sphere {
	<46.507519, 52.433319, 52.016190> 0.100000
	pigment { color rgbt <1,0,0,0> }
	no_shadow
}
sphere {
	0, 1
	scale<0.080000,0.200000,0.300000>
	matrix <0.609218, 0.792400, -0.030913,
		0.324903, -0.213854, 0.921252,
		0.723389, -0.571287, -0.387737,
		46.724537, 52.261932, 51.899868>
	pigment { color rgbt <0,1,1,0> }
	no_shadow
}
cylinder {
	<46.764351, 52.690239, 52.613457>,  <46.218163, 52.661835, 52.171284>, 0.130000
	pigment { color rgbt <1,0,0,0> }
	no_shadow
}

// nucleotide -1

// particle -1
sphere {
	<46.764351, 52.690239, 52.613457> 0.250000
	pigment { color rgbt <1,0,0,0> }
	no_shadow
}
cylinder {
	<46.861992, 52.628998, 52.230423>,  <46.920574, 52.592251, 52.000603>, 0.100000
	pigment { color rgbt <1,0,0,0> }
	no_shadow
}
cylinder {
	<46.861992, 52.628998, 52.230423>,  <46.764351, 52.690239, 52.613457>, 0.100000
	pigment { color rgbt <1,0,0,0> }
	no_shadow
}

// particle -1
sphere {
	<46.861992, 52.628998, 52.230423> 0.100000
	pigment { color rgbt <1,0,0,0> }
	no_shadow
}
sphere {
	0, 1
	scale<0.080000,0.200000,0.300000>
	matrix <0.543409, 0.839457, 0.004302,
		0.803195, -0.521412, 0.288109,
		0.244098, -0.153106, -0.957588,
		46.935223, 52.583065, 51.943146>
	pigment { color rgbt <0,1,1,0> }
	no_shadow
}
cylinder {
	<47.330921, 52.560913, 52.303059>,  <46.764351, 52.690239, 52.613457>, 0.130000
	pigment { color rgbt <1,0,0,0> }
	no_shadow
}

// nucleotide -1

// particle -1
sphere {
	<47.330921, 52.560913, 52.303059> 0.250000
	pigment { color rgbt <1,0,0,0> }
	no_shadow
}
cylinder {
	<47.508247, 52.257210, 52.112484>,  <47.614643, 52.074986, 51.998138>, 0.100000
	pigment { color rgbt <1,0,0,0> }
	no_shadow
}
cylinder {
	<47.508247, 52.257210, 52.112484>,  <47.330921, 52.560913, 52.303059>, 0.100000
	pigment { color rgbt <1,0,0,0> }
	no_shadow
}

// particle -1
sphere {
	<47.508247, 52.257210, 52.112484> 0.100000
	pigment { color rgbt <1,0,0,0> }
	no_shadow
}
sphere {
	0, 1
	scale<0.080000,0.200000,0.300000>
	matrix <0.886289, 0.450759, 0.106335,
		0.134022, -0.469401, 0.872755,
		0.443316, -0.759262, -0.476437,
		47.641243, 52.029430, 51.969551>
	pigment { color rgbt <0,1,1,0> }
	no_shadow
}
cylinder {
	<48.028412, 52.756245, 52.293377>,  <47.330921, 52.560913, 52.303059>, 0.130000
	pigment { color rgbt <1,0,0,0> }
	no_shadow
}

// nucleotide -1

// particle -1
sphere {
	<48.028412, 52.756245, 52.293377> 0.250000
	pigment { color rgbt <1,0,0,0> }
	no_shadow
}
cylinder {
	<48.032833, 52.426052, 52.067650>,  <48.035484, 52.227936, 51.932213>, 0.100000
	pigment { color rgbt <1,0,0,0> }
	no_shadow
}
cylinder {
	<48.032833, 52.426052, 52.067650>,  <48.028412, 52.756245, 52.293377>, 0.100000
	pigment { color rgbt <1,0,0,0> }
	no_shadow
}

// particle -1
sphere {
	<48.032833, 52.426052, 52.067650> 0.100000
	pigment { color rgbt <1,0,0,0> }
	no_shadow
}
sphere {
	0, 1
	scale<0.080000,0.200000,0.300000>
	matrix <0.907549, 0.245208, -0.340922,
		0.419800, -0.508376, 0.751879,
		0.011050, -0.825486, -0.564315,
		48.036148, 52.178406, 51.898354>
	pigment { color rgbt <0,1,1,0> }
	no_shadow
}
cylinder {
	<48.629852, 52.203068, 52.369434>,  <48.028412, 52.756245, 52.293377>, 0.130000
	pigment { color rgbt <1,0,0,0> }
	no_shadow
}

// nucleotide -1

// particle -1
sphere {
	<48.629852, 52.203068, 52.369434> 0.250000
	pigment { color rgbt <1,0,0,0> }
	no_shadow
}
cylinder {
	<48.522335, 52.186489, 51.984512>,  <48.457825, 52.176544, 51.753559>, 0.100000
	pigment { color rgbt <1,0,0,0> }
	no_shadow
}
cylinder {
	<48.522335, 52.186489, 51.984512>,  <48.629852, 52.203068, 52.369434>, 0.100000
	pigment { color rgbt <1,0,0,0> }
	no_shadow
}

// particle -1
sphere {
	<48.522335, 52.186489, 51.984512> 0.100000
	pigment { color rgbt <1,0,0,0> }
	no_shadow
}
sphere {
	0, 1
	scale<0.080000,0.200000,0.300000>
	matrix <0.955915, 0.111149, -0.271794,
		0.118224, -0.992939, 0.009745,
		-0.268792, -0.041448, -0.962306,
		48.441696, 52.174057, 51.695820>
	pigment { color rgbt <0,1,1,0> }
	no_shadow
}
cylinder {
	<49.069462, 51.607342, 52.035000>,  <48.629852, 52.203068, 52.369434>, 0.130000
	pigment { color rgbt <1,0,0,0> }
	no_shadow
}

// nucleotide -1

// particle -1
sphere {
	<49.069462, 51.607342, 52.035000> 0.250000
	pigment { color rgbt <1,0,0,0> }
	no_shadow
}
cylinder {
	<48.925442, 51.883022, 51.783485>,  <48.839031, 52.048431, 51.632576>, 0.100000
	pigment { color rgbt <1,0,0,0> }
	no_shadow
}
cylinder {
	<48.925442, 51.883022, 51.783485>,  <49.069462, 51.607342, 52.035000>, 0.100000
	pigment { color rgbt <1,0,0,0> }
	no_shadow
}

// particle -1
sphere {
	<48.925442, 51.883022, 51.783485> 0.100000
	pigment { color rgbt <1,0,0,0> }
	no_shadow
}
sphere {
	0, 1
	scale<0.080000,0.200000,0.300000>
	matrix <0.919918, 0.150092, -0.362247,
		-0.155284, -0.708858, -0.688046,
		-0.360052, 0.689197, -0.628785,
		48.817425, 52.089783, 51.594849>
	pigment { color rgbt <0,1,1,0> }
	no_shadow
}
cylinder {
	<49.363369, 51.477787, 51.428619>,  <49.069462, 51.607342, 52.035000>, 0.130000
	pigment { color rgbt <1,0,0,0> }
	no_shadow
}

// nucleotide -1

// particle -1
sphere {
	<49.363369, 51.477787, 51.428619> 0.250000
	pigment { color rgbt <1,0,0,0> }
	no_shadow
}
cylinder {
	<49.259445, 51.864033, 51.432552>,  <49.197090, 52.095779, 51.434910>, 0.100000
	pigment { color rgbt <1,0,0,0> }
	no_shadow
}
cylinder {
	<49.259445, 51.864033, 51.432552>,  <49.363369, 51.477787, 51.428619>, 0.100000
	pigment { color rgbt <1,0,0,0> }
	no_shadow
}

// particle -1
sphere {
	<49.259445, 51.864033, 51.432552> 0.100000
	pigment { color rgbt <1,0,0,0> }
	no_shadow
}
sphere {
	0, 1
	scale<0.080000,0.200000,0.300000>
	matrix <0.924850, 0.251743, -0.285094,
		-0.277764, -0.064980, -0.958449,
		-0.259808, 0.965610, 0.009828,
		49.181503, 52.153717, 51.435501>
	pigment { color rgbt <0,1,1,0> }
	no_shadow
}
cylinder {
	<49.694611, 51.828552, 50.760208>,  <49.363369, 51.477787, 51.428619>, 0.130000
	pigment { color rgbt <1,0,0,0> }
	no_shadow
}

// nucleotide -1

// particle -1
sphere {
	<49.694611, 51.828552, 50.760208> 0.250000
	pigment { color rgbt <1,0,0,0> }
	no_shadow
}
cylinder {
	<49.611797, 52.098389, 51.043636>,  <49.562107, 52.260288, 51.213692>, 0.100000
	pigment { color rgbt <1,0,0,0> }
	no_shadow
}
cylinder {
	<49.611797, 52.098389, 51.043636>,  <49.694611, 51.828552, 50.760208>, 0.100000
	pigment { color rgbt <1,0,0,0> }
	no_shadow
}

// particle -1
sphere {
	<49.611797, 52.098389, 51.043636> 0.100000
	pigment { color rgbt <1,0,0,0> }
	no_shadow
}
sphere {
	0, 1
	scale<0.080000,0.200000,0.300000>
	matrix <0.693416, 0.612102, -0.380139,
		-0.690153, 0.412631, -0.594496,
		-0.207035, 0.674587, 0.708568,
		49.549686, 52.300766, 51.256207>
	pigment { color rgbt <0,1,1,0> }
	no_shadow
}
cylinder {
	<49.478619, 52.505119, 50.470085>,  <49.694611, 51.828552, 50.760208>, 0.130000
	pigment { color rgbt <1,0,0,0> }
	no_shadow
}

// nucleotide -1

// particle -1
sphere {
	<49.478619, 52.505119, 50.470085> 0.250000
	pigment { color rgbt <1,0,0,0> }
	no_shadow
}
cylinder {
	<49.622799, 52.563507, 50.838600>,  <49.709309, 52.598541, 51.059708>, 0.100000
	pigment { color rgbt <1,0,0,0> }
	no_shadow
}
cylinder {
	<49.622799, 52.563507, 50.838600>,  <49.478619, 52.505119, 50.470085>, 0.100000
	pigment { color rgbt <1,0,0,0> }
	no_shadow
}

// particle -1
sphere {
	<49.622799, 52.563507, 50.838600> 0.100000
	pigment { color rgbt <1,0,0,0> }
	no_shadow
}
sphere {
	0, 1
	scale<0.080000,0.200000,0.300000>
	matrix <0.746857, 0.546544, -0.378805,
		-0.558819, 0.824609, 0.087982,
		0.360452, 0.145974, 0.921285,
		49.730934, 52.607300, 51.114986>
	pigment { color rgbt <0,1,1,0> }
	no_shadow
}
cylinder {
	<49.407520, 53.181255, 50.771828>,  <49.478619, 52.505119, 50.470085>, 0.130000
	pigment { color rgbt <1,0,0,0> }
	no_shadow
}

// nucleotide -1

// particle -1
sphere {
	<49.407520, 53.181255, 50.771828> 0.250000
	pigment { color rgbt <1,0,0,0> }
	no_shadow
}
cylinder {
	<49.737381, 52.991360, 50.894836>,  <49.935299, 52.877422, 50.968643>, 0.100000
	pigment { color rgbt <1,0,0,0> }
	no_shadow
}
cylinder {
	<49.737381, 52.991360, 50.894836>,  <49.407520, 53.181255, 50.771828>, 0.100000
	pigment { color rgbt <1,0,0,0> }
	no_shadow
}

// particle -1
sphere {
	<49.737381, 52.991360, 50.894836> 0.100000
	pigment { color rgbt <1,0,0,0> }
	no_shadow
}
sphere {
	0, 1
	scale<0.080000,0.200000,0.300000>
	matrix <0.565570, 0.700751, -0.434832,
		-0.009064, 0.532511, 0.846375,
		0.824650, -0.474743, 0.307523,
		49.984776, 52.848938, 50.987095>
	pigment { color rgbt <0,1,1,0> }
	no_shadow
}
cylinder {
	<49.881813, 53.592979, 51.044392>,  <49.407520, 53.181255, 50.771828>, 0.130000
	pigment { color rgbt <1,0,0,0> }
	no_shadow
}

// nucleotide -1

// particle -1
sphere {
	<49.881813, 53.592979, 51.044392> 0.250000
	pigment { color rgbt <1,0,0,0> }
	no_shadow
}
cylinder {
	<50.085735, 53.297943, 50.867283>,  <50.208088, 53.120922, 50.761017>, 0.100000
	pigment { color rgbt <1,0,0,0> }
	no_shadow
}
cylinder {
	<50.085735, 53.297943, 50.867283>,  <49.881813, 53.592979, 51.044392>, 0.100000
	pigment { color rgbt <1,0,0,0> }
	no_shadow
}

// particle -1
sphere {
	<50.085735, 53.297943, 50.867283> 0.100000
	pigment { color rgbt <1,0,0,0> }
	no_shadow
}
sphere {
	0, 1
	scale<0.080000,0.200000,0.300000>
	matrix <0.634346, 0.669967, -0.385681,
		0.581120, -0.084248, 0.809445,
		0.509808, -0.737595, -0.442774,
		50.238678, 53.076664, 50.734451>
	pigment { color rgbt <0,1,1,0> }
	no_shadow
}
cylinder {
	<50.332542, 53.917194, 51.552444>,  <49.881813, 53.592979, 51.044392>, 0.130000
	pigment { color rgbt <1,0,0,0> }
	no_shadow
}

// nucleotide -1

// particle -1
sphere {
	<50.332542, 53.917194, 51.552444> 0.250000
	pigment { color rgbt <1,0,0,0> }
	no_shadow
}
cylinder {
	<50.731342, 53.934544, 51.578087>,  <50.970623, 53.944954, 51.593472>, 0.100000
	pigment { color rgbt <1,0,0,0> }
	no_shadow
}
cylinder {
	<50.731342, 53.934544, 51.578087>,  <50.332542, 53.917194, 51.552444>, 0.100000
	pigment { color rgbt <1,0,0,0> }
	no_shadow
}

// particle -1
sphere {
	<50.731342, 53.934544, 51.578087> 0.100000
	pigment { color rgbt <1,0,0,0> }
	no_shadow
}
sphere {
	0, 1
	scale<0.080000,0.200000,0.300000>
	matrix <-0.043608, 0.999046, 0.002240,
		-0.063952, -0.005029, 0.997940,
		0.997000, 0.043375, 0.064110,
		51.030441, 53.947556, 51.597321>
	pigment { color rgbt <0,1,1,0> }
	no_shadow
}
cylinder {
	<50.373692, 54.360180, 52.044014>,  <50.332542, 53.917194, 51.552444>, 0.130000
	pigment { color rgbt <1,0,0,0> }
	no_shadow
}

// nucleotide -1

// particle -1
sphere {
	<50.373692, 54.360180, 52.044014> 0.250000
	pigment { color rgbt <1,0,0,0> }
	no_shadow
}
cylinder {
	<50.676033, 54.386063, 51.783401>,  <50.857437, 54.401592, 51.627033>, 0.100000
	pigment { color rgbt <1,0,0,0> }
	no_shadow
}
cylinder {
	<50.676033, 54.386063, 51.783401>,  <50.373692, 54.360180, 52.044014>, 0.100000
	pigment { color rgbt <1,0,0,0> }
	no_shadow
}

// particle -1
sphere {
	<50.676033, 54.386063, 51.783401> 0.100000
	pigment { color rgbt <1,0,0,0> }
	no_shadow
}
sphere {
	0, 1
	scale<0.080000,0.200000,0.300000>
	matrix <-0.126434, 0.990799, -0.048284,
		0.642414, 0.118871, 0.757083,
		0.755857, 0.064703, -0.651532,
		50.902790, 54.405472, 51.587940>
	pigment { color rgbt <0,1,1,0> }
	no_shadow
}
cylinder {
	<50.930508, 54.808304, 52.267750>,  <50.373692, 54.360180, 52.044014>, 0.130000
	pigment { color rgbt <1,0,0,0> }
	no_shadow
}

// nucleotide -1

// particle -1
sphere {
	<50.930508, 54.808304, 52.267750> 0.250000
	pigment { color rgbt <1,0,0,0> }
	no_shadow
}
cylinder {
	<50.883591, 54.793613, 51.870781>,  <50.855442, 54.784798, 51.632599>, 0.100000
	pigment { color rgbt <1,0,0,0> }
	no_shadow
}
cylinder {
	<50.883591, 54.793613, 51.870781>,  <50.930508, 54.808304, 52.267750>, 0.100000
	pigment { color rgbt <1,0,0,0> }
	no_shadow
}

// particle -1
sphere {
	<50.883591, 54.793613, 51.870781> 0.100000
	pigment { color rgbt <1,0,0,0> }
	no_shadow
}
sphere {
	0, 1
	scale<0.080000,0.200000,0.300000>
	matrix <-0.254237, 0.967125, -0.005742,
		0.960003, 0.251636, -0.122769,
		-0.117289, -0.036725, -0.992419,
		50.848404, 54.782597, 51.573055>
	pigment { color rgbt <0,1,1,0> }
	no_shadow
}
cylinder {
	<51.192352, 55.332260, 52.020542>,  <50.930508, 54.808304, 52.267750>, 0.130000
	pigment { color rgbt <1,0,0,0> }
	no_shadow
}

// nucleotide -1

// particle -1
sphere {
	<51.192352, 55.332260, 52.020542> 0.250000
	pigment { color rgbt <1,0,0,0> }
	no_shadow
}
cylinder {
	<50.944363, 55.231674, 51.723248>,  <50.795570, 55.171322, 51.544872>, 0.100000
	pigment { color rgbt <1,0,0,0> }
	no_shadow
}
cylinder {
	<50.944363, 55.231674, 51.723248>,  <51.192352, 55.332260, 52.020542>, 0.100000
	pigment { color rgbt <1,0,0,0> }
	no_shadow
}

// particle -1
sphere {
	<50.944363, 55.231674, 51.723248> 0.100000
	pigment { color rgbt <1,0,0,0> }
	no_shadow
}
sphere {
	0, 1
	scale<0.080000,0.200000,0.300000>
	matrix <-0.294598, 0.952551, -0.076544,
		0.727217, 0.171500, -0.664638,
		-0.619974, -0.251465, -0.743234,
		50.758369, 55.156235, 51.500278>
	pigment { color rgbt <0,1,1,0> }
	no_shadow
}
cylinder {
	<51.730164, 55.312870, 51.349262>,  <51.192352, 55.332260, 52.020542>, 0.130000
	pigment { color rgbt <1,0,0,0> }
	no_shadow
}

// nucleotide -1

// particle -1
sphere {
	<51.730164, 55.312870, 51.349262> 0.250000
	pigment { color rgbt <1,0,0,0> }
	no_shadow
}
cylinder {
	<51.975143, 55.209702, 51.050362>,  <52.122131, 55.147800, 50.871021>, 0.100000
	pigment { color rgbt <1,0,0,0> }
	no_shadow
}
cylinder {
	<51.975143, 55.209702, 51.050362>,  <51.730164, 55.312870, 51.349262>, 0.100000
	pigment { color rgbt <1,0,0,0> }
	no_shadow
}

// particle -1
sphere {
	<51.975143, 55.209702, 51.050362> 0.100000
	pigment { color rgbt <1,0,0,0> }
	no_shadow
}
sphere {
	0, 1
	scale<0.080000,0.200000,0.300000>
	matrix <0.790201, 0.226218, 0.569568,
		0.022138, -0.939310, 0.342356,
		0.612448, -0.257921, -0.747251,
		52.158878, 55.132324, 50.826187>
	pigment { color rgbt <0,1,1,0> }
	no_shadow
}
cylinder {
	<52.446472, 54.914387, 51.621346>,  <51.730164, 55.312870, 51.349262>, 0.130000
	pigment { color rgbt <1,0,0,0> }
	no_shadow
}

// nucleotide -1

// particle -1
sphere {
	<52.446472, 54.914387, 51.621346> 0.250000
	pigment { color rgbt <1,0,0,0> }
	no_shadow
}
cylinder {
	<52.493370, 55.129295, 51.287258>,  <52.521511, 55.258240, 51.086807>, 0.100000
	pigment { color rgbt <1,0,0,0> }
	no_shadow
}
cylinder {
	<52.493370, 55.129295, 51.287258>,  <52.446472, 54.914387, 51.621346>, 0.100000
	pigment { color rgbt <1,0,0,0> }
	no_shadow
}

// particle -1
sphere {
	<52.493370, 55.129295, 51.287258> 0.100000
	pigment { color rgbt <1,0,0,0> }
	no_shadow
}
sphere {
	0, 1
	scale<0.080000,0.200000,0.300000>
	matrix <0.923646, 0.249998, 0.290480,
		0.364871, -0.805504, -0.466940,
		0.117249, 0.537275, -0.835218,
		52.528545, 55.290478, 51.036694>
	pigment { color rgbt <0,1,1,0> }
	no_shadow
}
cylinder {
	<53.005913, 54.782116, 51.159000>,  <52.446472, 54.914387, 51.621346>, 0.130000
	pigment { color rgbt <1,0,0,0> }
	no_shadow
}

// nucleotide -1

// particle -1
sphere {
	<53.005913, 54.782116, 51.159000> 0.250000
	pigment { color rgbt <1,0,0,0> }
	no_shadow
}
cylinder {
	<52.932072, 55.173801, 51.125397>,  <52.887768, 55.408813, 51.105232>, 0.100000
	pigment { color rgbt <1,0,0,0> }
	no_shadow
}
cylinder {
	<52.932072, 55.173801, 51.125397>,  <53.005913, 54.782116, 51.159000>, 0.100000
	pigment { color rgbt <1,0,0,0> }
	no_shadow
}

// particle -1
sphere {
	<52.932072, 55.173801, 51.125397> 0.100000
	pigment { color rgbt <1,0,0,0> }
	no_shadow
}
sphere {
	0, 1
	scale<0.080000,0.200000,0.300000>
	matrix <0.935093, 0.201310, 0.291678,
		0.302528, -0.024714, -0.952820,
