// switches for output
#declare DRAW_BASES = 1; // possible values are 0, 1; only relevant for DNA ribbons
#declare DRAW_BASES_TYPE = 3; // possible values are 1, 2, 3; only relevant for DNA ribbons
#declare DRAW_FOG = 0; // set to 1 to enable fog

#include "colors.inc"

#include "transforms.inc"
background { rgb <1, 1, 1>}

#default {
   normal{
       ripples 0.25
       frequency 0.20
       turbulence 0.2
       lambda 5
   }
	finish {
		phong 0.1
		phong_size 40.
	}
}

// original window dimensions: 1024x640


// camera settings

camera {
	sky <-0, 1, 0>
	up <-0, 1, 0>
	right 1.6 * <0.99995, 0, 0.00999983>
	location <54.4867, 55, 106.329>
	look_at <55, 55, 55.0001>
	direction <0.513302, 0, -51.3289>
	angle 67.0682
}


# declare cpy_camera_pos = <54.4867, 55, 106.329>;
# if (DRAW_FOG = 1)
fog {
	fog_type 2
	up vnormalize(cpy_camera_pos)
	color rgbt<1,1,1,0.3>
	distance 1e-5
	fog_alt 3e-3
	fog_offset 88
}
# end


// LIGHTS

# declare lum = 6;
global_settings {
	ambient_light rgb lum * <0.05, 0.05, 0.05>
	max_trace_level 15
}# declare cpy_direct_light_amount = 0.25;
light_source
{	1000 * <-0.98995, -1, 1.00995>,
	rgb lum * cpy_direct_light_amount
	parallel
}

light_source
{	1000 * <0.98995, 1, -1.00995>,
	rgb lum * cpy_direct_light_amount
	parallel
}

// strand 0

// nucleotide -1

// particle -1
sphere {
	<35.391697, 53.268116, 49.638870> 0.250000
	pigment { color rgbt <1,0,0,0> }
	no_shadow
}
cylinder {
	<35.495644, 53.597466, 49.437069>,  <35.558010, 53.795074, 49.315987>, 0.100000
	pigment { color rgbt <1,0,0,0> }
	no_shadow
}
cylinder {
	<35.495644, 53.597466, 49.437069>,  <35.391697, 53.268116, 49.638870>, 0.100000
	pigment { color rgbt <1,0,0,0> }
	no_shadow
}

// particle -1
sphere {
	<35.495644, 53.597466, 49.437069> 0.100000
	pigment { color rgbt <1,0,0,0> }
	no_shadow
}
sphere {
	0, 1
	scale<0.080000,0.200000,0.300000>
	matrix <0.755790, 0.151760, 0.636985,
		0.601041, -0.546829, -0.582862,
		0.259867, 0.823376, -0.504502,
		35.573605, 53.844479, 49.285717>
	pigment { color rgbt <0,1,1,0> }
	no_shadow
}
cylinder {
	<36.080032, 53.325867, 49.175369>,  <35.391697, 53.268116, 49.638870>, 0.130000
	pigment { color rgbt <1,0,0,0> }
	no_shadow
}

// nucleotide -1

// particle -1
sphere {
	<36.080032, 53.325867, 49.175369> 0.250000
	pigment { color rgbt <1,0,0,0> }
	no_shadow
}
cylinder {
	<35.938114, 53.653496, 49.355698>,  <35.852962, 53.850071, 49.463894>, 0.100000
	pigment { color rgbt <1,0,0,0> }
	no_shadow
}
cylinder {
	<35.938114, 53.653496, 49.355698>,  <36.080032, 53.325867, 49.175369>, 0.100000
	pigment { color rgbt <1,0,0,0> }
	no_shadow
}

// particle -1
sphere {
	<35.938114, 53.653496, 49.355698> 0.100000
	pigment { color rgbt <1,0,0,0> }
	no_shadow
}
sphere {
	0, 1
	scale<0.080000,0.200000,0.300000>
	matrix <0.901994, 0.172988, 0.395578,
		0.246019, 0.546992, -0.800171,
		-0.354798, 0.819069, 0.450825,
		35.831676, 53.899216, 49.490944>
	pigment { color rgbt <0,1,1,0> }
	no_shadow
}
cylinder {
	<36.437691, 54.046192, 49.104240>,  <36.080032, 53.325867, 49.175369>, 0.130000
	pigment { color rgbt <1,0,0,0> }
	no_shadow
}

// nucleotide -1

// particle -1
sphere {
	<36.437691, 54.046192, 49.104240> 0.250000
	pigment { color rgbt <1,0,0,0> }
	no_shadow
}
cylinder {
	<36.268375, 54.007946, 49.464615>,  <36.166786, 53.985001, 49.680840>, 0.100000
	pigment { color rgbt <1,0,0,0> }
	no_shadow
}
cylinder {
	<36.268375, 54.007946, 49.464615>,  <36.437691, 54.046192, 49.104240>, 0.100000
	pigment { color rgbt <1,0,0,0> }
	no_shadow
}

// particle -1
sphere {
	<36.268375, 54.007946, 49.464615> 0.100000
	pigment { color rgbt <1,0,0,0> }
	no_shadow
}
sphere {
	0, 1
	scale<0.080000,0.200000,0.300000>
	matrix <0.878414, 0.200196, 0.433948,
		-0.221855, 0.975079, -0.000753,
		-0.423284, -0.095612, 0.900938,
		36.141392, 53.979263, 49.734898>
	pigment { color rgbt <0,1,1,0> }
	no_shadow
}
cylinder {
	<36.846485, 54.449421, 49.621902>,  <36.437691, 54.046192, 49.104240>, 0.130000
	pigment { color rgbt <1,0,0,0> }
	no_shadow
}

// nucleotide -1

// particle -1
sphere {
	<36.846485, 54.449421, 49.621902> 0.250000
	pigment { color rgbt <1,0,0,0> }
	no_shadow
}
cylinder {
	<36.628880, 54.214546, 49.861656>,  <36.498314, 54.073624, 50.005508>, 0.100000
	pigment { color rgbt <1,0,0,0> }
	no_shadow
}
cylinder {
	<36.628880, 54.214546, 49.861656>,  <36.846485, 54.449421, 49.621902>, 0.100000
	pigment { color rgbt <1,0,0,0> }
	no_shadow
}

// particle -1
sphere {
	<36.628880, 54.214546, 49.861656> 0.100000
	pigment { color rgbt <1,0,0,0> }
	no_shadow
}
sphere {
	0, 1
	scale<0.080000,0.200000,0.300000>
	matrix <0.638943, 0.173122, 0.749520,
		-0.543872, 0.790724, 0.280996,
		-0.544017, -0.587184, 0.599383,
		36.465675, 54.038391, 50.041470>
	pigment { color rgbt <0,1,1,0> }
	no_shadow
}
cylinder {
	<36.609608, 54.945766, 50.118031>,  <36.846485, 54.449421, 49.621902>, 0.130000
	pigment { color rgbt <1,0,0,0> }
	no_shadow
}

// nucleotide -1

// particle -1
sphere {
	<36.609608, 54.945766, 50.118031> 0.250000
	pigment { color rgbt <1,0,0,0> }
	no_shadow
}
cylinder {
	<36.566898, 54.613541, 50.336666>,  <36.541271, 54.414204, 50.467846>, 0.100000
	pigment { color rgbt <1,0,0,0> }
	no_shadow
}
cylinder {
	<36.566898, 54.613541, 50.336666>,  <36.609608, 54.945766, 50.118031>, 0.100000
	pigment { color rgbt <1,0,0,0> }
	no_shadow
}

// particle -1
sphere {
	<36.566898, 54.613541, 50.336666> 0.100000
	pigment { color rgbt <1,0,0,0> }
	no_shadow
}
sphere {
	0, 1
	scale<0.080000,0.200000,0.300000>
	matrix <0.223158, 0.515689, 0.827203,
		-0.968917, 0.210299, 0.130286,
		-0.106773, -0.830566, 0.546590,
		36.534866, 54.364372, 50.500645>
	pigment { color rgbt <0,1,1,0> }
	no_shadow
}
cylinder {
	<35.961498, 54.977234, 50.437092>,  <36.609608, 54.945766, 50.118031>, 0.130000
	pigment { color rgbt <1,0,0,0> }
	no_shadow
}

// nucleotide -1

// particle -1
sphere {
	<35.961498, 54.977234, 50.437092> 0.250000
	pigment { color rgbt <1,0,0,0> }
	no_shadow
}
cylinder {
	<36.204964, 54.730629, 50.636868>,  <36.351044, 54.582664, 50.756733>, 0.100000
	pigment { color rgbt <1,0,0,0> }
	no_shadow
}
cylinder {
	<36.204964, 54.730629, 50.636868>,  <35.961498, 54.977234, 50.437092>, 0.100000
	pigment { color rgbt <1,0,0,0> }
	no_shadow
}

// particle -1
sphere {
	<36.204964, 54.730629, 50.636868> 0.100000
	pigment { color rgbt <1,0,0,0> }
	no_shadow
}
sphere {
	0, 1
	scale<0.080000,0.200000,0.300000>
	matrix <-0.008236, 0.624530, 0.780957,
		-0.793388, -0.479451, 0.375049,
		0.608661, -0.616514, 0.499443,
		36.387562, 54.545673, 50.786701>
	pigment { color rgbt <0,1,1,0> }
	no_shadow
}
cylinder {
	<35.768303, 54.932133, 51.137688>,  <35.961498, 54.977234, 50.437092>, 0.130000
	pigment { color rgbt <1,0,0,0> }
	no_shadow
}

// nucleotide -1

// particle -1
sphere {
	<35.768303, 54.932133, 51.137688> 0.250000
	pigment { color rgbt <1,0,0,0> }
	no_shadow
}
cylinder {
	<36.150486, 54.814838, 51.150997>,  <36.379795, 54.744461, 51.158981>, 0.100000
	pigment { color rgbt <1,0,0,0> }
	no_shadow
}
cylinder {
	<36.150486, 54.814838, 51.150997>,  <35.768303, 54.932133, 51.137688>, 0.100000
	pigment { color rgbt <1,0,0,0> }
	no_shadow
}

// particle -1
sphere {
	<36.150486, 54.814838, 51.150997> 0.100000
	pigment { color rgbt <1,0,0,0> }
	no_shadow
}
sphere {
	0, 1
	scale<0.080000,0.200000,0.300000>
	matrix <0.156970, 0.600426, 0.784123,
		-0.249910, -0.743976, 0.619713,
		0.955461, -0.293237, 0.033271,
		36.437126, 54.726868, 51.160980>
	pigment { color rgbt <0,1,1,0> }
	no_shadow
}
cylinder {
	<36.016647, 54.747631, 51.809731>,  <35.768303, 54.932133, 51.137688>, 0.130000
	pigment { color rgbt <1,0,0,0> }
	no_shadow
}

// nucleotide -1

// particle -1
sphere {
	<36.016647, 54.747631, 51.809731> 0.250000
	pigment { color rgbt <1,0,0,0> }
	no_shadow
}
cylinder {
	<36.334915, 54.876766, 51.604721>,  <36.525875, 54.954247, 51.481716>, 0.100000
	pigment { color rgbt <1,0,0,0> }
	no_shadow
}
cylinder {
	<36.334915, 54.876766, 51.604721>,  <36.016647, 54.747631, 51.809731>, 0.100000
	pigment { color rgbt <1,0,0,0> }
	no_shadow
}

// particle -1
sphere {
	<36.334915, 54.876766, 51.604721> 0.100000
	pigment { color rgbt <1,0,0,0> }
	no_shadow
}
sphere {
	0, 1
	scale<0.080000,0.200000,0.300000>
	matrix <0.140491, 0.724702, 0.674588,
		0.589212, -0.608755, 0.531268,
		0.795670, 0.322838, -0.512528,
		36.573616, 54.973618, 51.450962>
	pigment { color rgbt <0,1,1,0> }
	no_shadow
}
cylinder {
	<36.738327, 54.886425, 52.193096>,  <36.016647, 54.747631, 51.809731>, 0.130000
	pigment { color rgbt <1,0,0,0> }
	no_shadow
}

// nucleotide -1

// particle -1
sphere {
	<36.738327, 54.886425, 52.193096> 0.250000
	pigment { color rgbt <1,0,0,0> }
	no_shadow
}
cylinder {
	<36.757423, 55.141335, 51.885433>,  <36.768883, 55.294281, 51.700836>, 0.100000
	pigment { color rgbt <1,0,0,0> }
	no_shadow
}
cylinder {
	<36.757423, 55.141335, 51.885433>,  <36.738327, 54.886425, 52.193096>, 0.100000
	pigment { color rgbt <1,0,0,0> }
	no_shadow
}

// particle -1
sphere {
	<36.757423, 55.141335, 51.885433> 0.100000
	pigment { color rgbt <1,0,0,0> }
	no_shadow
}
sphere {
	0, 1
	scale<0.080000,0.200000,0.300000>
	matrix <0.084542, 0.764695, 0.638823,
		0.995276, -0.095524, -0.017369,
		0.047741, 0.637273, -0.769158,
		36.771744, 55.332516, 51.654686>
	pigment { color rgbt <0,1,1,0> }
	no_shadow
}
cylinder {
	<37.342949, 55.301327, 52.126244>,  <36.738327, 54.886425, 52.193096>, 0.130000
	pigment { color rgbt <1,0,0,0> }
	no_shadow
}

// nucleotide -1

// particle -1
sphere {
	<37.342949, 55.301327, 52.126244> 0.250000
	pigment { color rgbt <1,0,0,0> }
	no_shadow
}
cylinder {
	<37.019001, 55.496319, 51.995728>,  <36.824631, 55.613316, 51.917419>, 0.100000
	pigment { color rgbt <1,0,0,0> }
	no_shadow
}
cylinder {
	<37.019001, 55.496319, 51.995728>,  <37.342949, 55.301327, 52.126244>, 0.100000
	pigment { color rgbt <1,0,0,0> }
	no_shadow
}

// particle -1
sphere {
	<37.019001, 55.496319, 51.995728> 0.100000
	pigment { color rgbt <1,0,0,0> }
	no_shadow
}
sphere {
	0, 1
	scale<0.080000,0.200000,0.300000>
	matrix <0.219504, 0.767664, 0.602088,
		0.543988, 0.415993, -0.728716,
		-0.809873, 0.487485, -0.326288,
		36.776039, 55.642563, 51.897842>
	pigment { color rgbt <0,1,1,0> }
	no_shadow
}
cylinder {
	<37.500576, 56.007164, 51.733334>,  <37.342949, 55.301327, 52.126244>, 0.130000
	pigment { color rgbt <1,0,0,0> }
	no_shadow
}

// nucleotide -1

// particle -1
sphere {
	<37.500576, 56.007164, 51.733334> 0.250000
	pigment { color rgbt <1,0,0,0> }
	no_shadow
}
cylinder {
	<37.144360, 55.980091, 51.913269>,  <36.930630, 55.963848, 52.021233>, 0.100000
	pigment { color rgbt <1,0,0,0> }
	no_shadow
}
cylinder {
	<37.144360, 55.980091, 51.913269>,  <37.500576, 56.007164, 51.733334>, 0.100000
	pigment { color rgbt <1,0,0,0> }
	no_shadow
}

// particle -1
sphere {
	<37.144360, 55.980091, 51.913269> 0.100000
	pigment { color rgbt <1,0,0,0> }
	no_shadow
}
sphere {
	0, 1
	scale<0.080000,0.200000,0.300000>
	matrix <0.250187, 0.753010, 0.608590,
		-0.379927, 0.654518, -0.653652,
		-0.890540, -0.067684, 0.449841,
		36.877197, 55.959785, 52.048222>
	pigment { color rgbt <0,1,1,0> }
	no_shadow
}
cylinder {
	<37.900787, 55.833317, 52.389103>,  <37.500576, 56.007164, 51.733334>, 0.130000
	pigment { color rgbt <1,0,0,0> }
	no_shadow
}

// nucleotide -1

// particle -1
sphere {
	<37.900787, 55.833317, 52.389103> 0.250000
	pigment { color rgbt <1,0,0,0> }
	no_shadow
}
cylinder {
	<38.176052, 55.662811, 52.623959>,  <38.341213, 55.560509, 52.764874>, 0.100000
	pigment { color rgbt <1,0,0,0> }
	no_shadow
}
cylinder {
	<38.176052, 55.662811, 52.623959>,  <37.900787, 55.833317, 52.389103>, 0.100000
	pigment { color rgbt <1,0,0,0> }
	no_shadow
}

// particle -1
sphere {
	<38.176052, 55.662811, 52.623959> 0.100000
	pigment { color rgbt <1,0,0,0> }
	no_shadow
}
sphere {
	0, 1
	scale<0.080000,0.200000,0.300000>
	matrix <0.422706, 0.893249, 0.153054,
		-0.589703, 0.142861, 0.794884,
		0.688164, -0.426259, 0.587140,
		38.382500, 55.534935, 52.800102>
	pigment { color rgbt <0,1,1,0> }
	no_shadow
}
cylinder {
	<37.984619, 56.247986, 52.981590>,  <37.900787, 55.833317, 52.389103>, 0.130000
	pigment { color rgbt <1,0,0,0> }
	no_shadow
}

// nucleotide -1

// particle -1
sphere {
	<37.984619, 56.247986, 52.981590> 0.250000
	pigment { color rgbt <1,0,0,0> }
	no_shadow
}
cylinder {
	<38.335182, 56.079903, 52.887497>,  <38.545521, 55.979053, 52.831039>, 0.100000
	pigment { color rgbt <1,0,0,0> }
	no_shadow
}
cylinder {
	<38.335182, 56.079903, 52.887497>,  <37.984619, 56.247986, 52.981590>, 0.100000
	pigment { color rgbt <1,0,0,0> }
	no_shadow
}

// particle -1
sphere {
	<38.335182, 56.079903, 52.887497> 0.100000
	pigment { color rgbt <1,0,0,0> }
	no_shadow
}
sphere {
	0, 1
	scale<0.080000,0.200000,0.300000>
	matrix <0.446264, 0.892256, 0.068756,
		0.181000, -0.165236, 0.969503,
		0.876406, -0.420209, -0.235237,
		38.598103, 55.953838, 52.816925>
	pigment { color rgbt <0,1,1,0> }
	no_shadow
}
cylinder {
	<38.630352, 56.373375, 53.504242>,  <37.984619, 56.247986, 52.981590>, 0.130000
	pigment { color rgbt <1,0,0,0> }
	no_shadow
}

// nucleotide -1

// particle -1
sphere {
	<38.630352, 56.373375, 53.504242> 0.250000
	pigment { color rgbt <1,0,0,0> }
	no_shadow
}
cylinder {
	<38.756340, 56.293087, 53.133186>,  <38.831932, 56.244915, 52.910553>, 0.100000
	pigment { color rgbt <1,0,0,0> }
	no_shadow
}
cylinder {
	<38.756340, 56.293087, 53.133186>,  <38.630352, 56.373375, 53.504242>, 0.100000
	pigment { color rgbt <1,0,0,0> }
	no_shadow
}

// particle -1
sphere {
	<38.756340, 56.293087, 53.133186> 0.100000
	pigment { color rgbt <1,0,0,0> }
	no_shadow
}
sphere {
	0, 1
	scale<0.080000,0.200000,0.300000>
	matrix <0.505282, 0.862821, -0.015127,
		0.803419, -0.463953, 0.373183,
		0.314972, -0.200716, -0.927634,
		38.850830, 56.232872, 52.854897>
	pigment { color rgbt <0,1,1,0> }
	no_shadow
}
cylinder {
	<39.378487, 56.366970, 53.436619>,  <38.630352, 56.373375, 53.504242>, 0.130000
	pigment { color rgbt <1,0,0,0> }
	no_shadow
}

// nucleotide -1

// particle -1
sphere {
	<39.378487, 56.366970, 53.436619> 0.250000
	pigment { color rgbt <1,0,0,0> }
	no_shadow
}
cylinder {
	<39.237602, 56.437611, 53.068977>,  <39.153072, 56.479996, 52.848392>, 0.100000
	pigment { color rgbt <1,0,0,0> }
	no_shadow
}
cylinder {
	<39.237602, 56.437611, 53.068977>,  <39.378487, 56.366970, 53.436619>, 0.100000
	pigment { color rgbt <1,0,0,0> }
	no_shadow
}

// particle -1
sphere {
	<39.237602, 56.437611, 53.068977> 0.100000
	pigment { color rgbt <1,0,0,0> }
	no_shadow
}
sphere {
	0, 1
	scale<0.080000,0.200000,0.300000>
	matrix <0.658897, 0.744221, -0.109501,
		0.664681, -0.644164, -0.378486,
		-0.352214, 0.176601, -0.919107,
		39.131939, 56.490589, 52.793243>
	pigment { color rgbt <0,1,1,0> }
	no_shadow
}
cylinder {
	<39.985771, 56.402901, 52.871532>,  <39.378487, 56.366970, 53.436619>, 0.130000
	pigment { color rgbt <1,0,0,0> }
	no_shadow
}

// nucleotide -1

// particle -1
sphere {
	<39.985771, 56.402901, 52.871532> 0.250000
	pigment { color rgbt <1,0,0,0> }
	no_shadow
}
cylinder {
	<39.662479, 56.586239, 52.723648>,  <39.468506, 56.696243, 52.634918>, 0.100000
	pigment { color rgbt <1,0,0,0> }
	no_shadow
}
cylinder {
	<39.662479, 56.586239, 52.723648>,  <39.985771, 56.402901, 52.871532>, 0.100000
	pigment { color rgbt <1,0,0,0> }
	no_shadow
}

// particle -1
sphere {
	<39.662479, 56.586239, 52.723648> 0.100000
	pigment { color rgbt <1,0,0,0> }
	no_shadow
}
sphere {
	0, 1
	scale<0.080000,0.200000,0.300000>
	matrix <0.578169, 0.736810, -0.350475,
		0.111771, -0.497020, -0.860510,
		-0.808225, 0.458347, -0.369715,
		39.420013, 56.723743, 52.612732>
	pigment { color rgbt <0,1,1,0> }
	no_shadow
}
cylinder {
	<40.157146, 56.745995, 52.306698>,  <39.985771, 56.402901, 52.871532>, 0.130000
	pigment { color rgbt <1,0,0,0> }
	no_shadow
}

// nucleotide -1

// particle -1
sphere {
	<40.157146, 56.745995, 52.306698> 0.250000
	pigment { color rgbt <1,0,0,0> }
	no_shadow
}
cylinder {
	<39.819359, 56.942108, 52.392952>,  <39.616688, 57.059776, 52.444702>, 0.100000
	pigment { color rgbt <1,0,0,0> }
	no_shadow
}
cylinder {
	<39.819359, 56.942108, 52.392952>,  <40.157146, 56.745995, 52.306698>, 0.100000
	pigment { color rgbt <1,0,0,0> }
	no_shadow
}

// particle -1
sphere {
	<39.819359, 56.942108, 52.392952> 0.100000
	pigment { color rgbt <1,0,0,0> }
	no_shadow
}
sphere {
	0, 1
	scale<0.080000,0.200000,0.300000>
	matrix <0.411817, 0.851767, -0.323883,
		-0.342464, -0.184708, -0.921196,
		-0.844468, 0.490282, 0.215633,
		39.566017, 57.089191, 52.457642>
	pigment { color rgbt <0,1,1,0> }
	no_shadow
}
cylinder {
	<40.366779, 56.881752, 51.599419>,  <40.157146, 56.745995, 52.306698>, 0.130000
	pigment { color rgbt <1,0,0,0> }
	no_shadow
}

// nucleotide -1

// particle -1
sphere {
	<40.366779, 56.881752, 51.599419> 0.250000
	pigment { color rgbt <1,0,0,0> }
	no_shadow
}
cylinder {
	<40.327141, 56.512863, 51.449921>,  <40.303356, 56.291531, 51.360222>, 0.100000
	pigment { color rgbt <1,0,0,0> }
	no_shadow
}
cylinder {
	<40.327141, 56.512863, 51.449921>,  <40.366779, 56.881752, 51.599419>, 0.100000
	pigment { color rgbt <1,0,0,0> }
	no_shadow
}

// particle -1
sphere {
	<40.327141, 56.512863, 51.449921> 0.100000
	pigment { color rgbt <1,0,0,0> }
	no_shadow
}
sphere {
	0, 1
	scale<0.080000,0.200000,0.300000>
	matrix <0.994123, -0.075309, -0.077763,
		0.043569, -0.379252, 0.924267,
		-0.099097, -0.922224, -0.373742,
		40.297413, 56.236195, 51.337799>
	pigment { color rgbt <0,1,1,0> }
	no_shadow
}
cylinder {
	<40.757675, 56.358105, 52.009838>,  <40.366779, 56.881752, 51.599419>, 0.130000
	pigment { color rgbt <1,0,0,0> }
	no_shadow
}

// nucleotide -1

// particle -1
sphere {
	<40.757675, 56.358105, 52.009838> 0.250000
	pigment { color rgbt <1,0,0,0> }
	no_shadow
}
cylinder {
	<40.712013, 56.170662, 51.659439>,  <40.684616, 56.058197, 51.449200>, 0.100000
	pigment { color rgbt <1,0,0,0> }
	no_shadow
}
cylinder {
	<40.712013, 56.170662, 51.659439>,  <40.757675, 56.358105, 52.009838>, 0.100000
	pigment { color rgbt <1,0,0,0> }
	no_shadow
}

// particle -1
sphere {
	<40.712013, 56.170662, 51.659439> 0.100000
	pigment { color rgbt <1,0,0,0> }
	no_shadow
}
sphere {
	0, 1
	scale<0.080000,0.200000,0.300000>
	matrix <0.982726, -0.182553, -0.030413,
		-0.145665, -0.864341, 0.481349,
		-0.114158, -0.468604, -0.876001,
		40.677765, 56.030079, 51.396637>
	pigment { color rgbt <0,1,1,0> }
	no_shadow
}
cylinder {
	<41.037292, 55.615097, 51.944347>,  <40.757675, 56.358105, 52.009838>, 0.130000
	pigment { color rgbt <1,0,0,0> }
	no_shadow
}

// nucleotide -1

// particle -1
sphere {
	<41.037292, 55.615097, 51.944347> 0.250000
	pigment { color rgbt <1,0,0,0> }
	no_shadow
}
cylinder {
	<41.056480, 55.816994, 51.599571>,  <41.067993, 55.938133, 51.392708>, 0.100000
	pigment { color rgbt <1,0,0,0> }
	no_shadow
}
cylinder {
	<41.056480, 55.816994, 51.599571>,  <41.037292, 55.615097, 51.944347>, 0.100000
	pigment { color rgbt <1,0,0,0> }
	no_shadow
}

// particle -1
sphere {
	<41.056480, 55.816994, 51.599571> 0.100000
	pigment { color rgbt <1,0,0,0> }
	no_shadow
}
sphere {
	0, 1
	scale<0.080000,0.200000,0.300000>
	matrix <0.998520, -0.046375, 0.028410,
		-0.025632, -0.862025, -0.506218,
		0.047966, 0.504741, -0.861937,
		41.070869, 55.968414, 51.340988>
	pigment { color rgbt <0,1,1,0> }
	no_shadow
}
cylinder {
	<41.228867, 55.220722, 51.201366>,  <41.037292, 55.615097, 51.944347>, 0.130000
	pigment { color rgbt <1,0,0,0> }
	no_shadow
}

// nucleotide -1

// particle -1
sphere {
	<41.228867, 55.220722, 51.201366> 0.250000
	pigment { color rgbt <1,0,0,0> }
	no_shadow
}
cylinder {
	<41.365883, 55.594791, 51.237419>,  <41.448093, 55.819233, 51.259048>, 0.100000
	pigment { color rgbt <1,0,0,0> }
	no_shadow
}
cylinder {
	<41.365883, 55.594791, 51.237419>,  <41.228867, 55.220722, 51.201366>, 0.100000
	pigment { color rgbt <1,0,0,0> }
	no_shadow
}

// particle -1
sphere {
	<41.365883, 55.594791, 51.237419> 0.100000
	pigment { color rgbt <1,0,0,0> }
	no_shadow
}
sphere {
	0, 1
	scale<0.080000,0.200000,0.300000>
	matrix <0.937728, -0.346209, 0.028393,
		0.057756, 0.074790, -0.995525,
		0.342537, 0.935171, 0.090128,
		41.468643, 55.875343, 51.264458>
	pigment { color rgbt <0,1,1,0> }
	no_shadow
}
cylinder {
	<41.889412, 55.177689, 50.903149>,  <41.228867, 55.220722, 51.201366>, 0.130000
	pigment { color rgbt <1,0,0,0> }
	no_shadow
}

// nucleotide -1

// particle -1
sphere {
	<41.889412, 55.177689, 50.903149> 0.250000
	pigment { color rgbt <1,0,0,0> }
	no_shadow
}
cylinder {
	<41.905865, 55.539124, 51.073719>,  <41.915737, 55.755985, 51.176060>, 0.100000
	pigment { color rgbt <1,0,0,0> }
	no_shadow
}
cylinder {
	<41.905865, 55.539124, 51.073719>,  <41.889412, 55.177689, 50.903149>, 0.100000
	pigment { color rgbt <1,0,0,0> }
	no_shadow
}

// particle -1
sphere {
	<41.905865, 55.539124, 51.073719> 0.100000
	pigment { color rgbt <1,0,0,0> }
	no_shadow
}
sphere {
	0, 1
	scale<0.080000,0.200000,0.300000>
	matrix <0.994037, -0.080143, 0.073944,
		0.100990, 0.420843, -0.901494,
		0.041129, 0.903586, 0.426427,
		41.918205, 55.810200, 51.201649>
	pigment { color rgbt <0,1,1,0> }
	no_shadow
}
cylinder {
	<42.187244, 55.782303, 50.627258>,  <41.889412, 55.177689, 50.903149>, 0.130000
	pigment { color rgbt <1,0,0,0> }
	no_shadow
}

// nucleotide -1

// particle -1
sphere {
	<42.187244, 55.782303, 50.627258> 0.250000
	pigment { color rgbt <1,0,0,0> }
	no_shadow
}
cylinder {
	<42.250317, 55.854893, 51.015526>,  <42.288162, 55.898445, 51.248486>, 0.100000
	pigment { color rgbt <1,0,0,0> }
	no_shadow
}
cylinder {
	<42.250317, 55.854893, 51.015526>,  <42.187244, 55.782303, 50.627258>, 0.100000
	pigment { color rgbt <1,0,0,0> }
	no_shadow
}

// particle -1
sphere {
	<42.250317, 55.854893, 51.015526> 0.100000
	pigment { color rgbt <1,0,0,0> }
	no_shadow
}
sphere {
	0, 1
	scale<0.080000,0.200000,0.300000>
	matrix <0.945535, -0.311223, -0.095414,
		0.284780, 0.932849, -0.220666,
		0.157683, 0.181475, 0.970671,
		42.297623, 55.909336, 51.306728>
	pigment { color rgbt <0,1,1,0> }
	no_shadow
}
cylinder {
	<42.727669, 56.281715, 50.808556>,  <42.187244, 55.782303, 50.627258>, 0.130000
	pigment { color rgbt <1,0,0,0> }
	no_shadow
}

// nucleotide -1

// particle -1
sphere {
	<42.727669, 56.281715, 50.808556> 0.250000
	pigment { color rgbt <1,0,0,0> }
	no_shadow
}
cylinder {
	<42.677429, 55.996941, 51.084923>,  <42.647285, 55.826077, 51.250744>, 0.100000
	pigment { color rgbt <1,0,0,0> }
	no_shadow
}
cylinder {
	<42.677429, 55.996941, 51.084923>,  <42.727669, 56.281715, 50.808556>, 0.100000
	pigment { color rgbt <1,0,0,0> }
	no_shadow
}

// particle -1
sphere {
	<42.677429, 55.996941, 51.084923> 0.100000
	pigment { color rgbt <1,0,0,0> }
	no_shadow
}
sphere {
	0, 1
	scale<0.080000,0.200000,0.300000>
	matrix <0.931193, -0.324824, -0.165435,
		0.342206, 0.622599, 0.703750,
		-0.125596, -0.711940, 0.690917,
		42.639751, 55.783360, 51.292198>
	pigment { color rgbt <0,1,1,0> }
	no_shadow
}
cylinder {
	<43.260597, 56.248573, 51.419308>,  <42.727669, 56.281715, 50.808556>, 0.130000
	pigment { color rgbt <1,0,0,0> }
	no_shadow
}

// nucleotide -1

// particle -1
sphere {
	<43.260597, 56.248573, 51.419308> 0.250000
	pigment { color rgbt <1,0,0,0> }
	no_shadow
}
cylinder {
	<43.090435, 55.894543, 51.343758>,  <42.988338, 55.682125, 51.298428>, 0.100000
	pigment { color rgbt <1,0,0,0> }
	no_shadow
}
cylinder {
	<43.090435, 55.894543, 51.343758>,  <43.260597, 56.248573, 51.419308>, 0.100000
	pigment { color rgbt <1,0,0,0> }
	no_shadow
}

// particle -1
sphere {
	<43.090435, 55.894543, 51.343758> 0.100000
	pigment { color rgbt <1,0,0,0> }
	no_shadow
}
sphere {
	0, 1
	scale<0.080000,0.200000,0.300000>
	matrix <0.878059, -0.353112, -0.322992,
		0.219179, -0.303245, 0.927363,
		-0.425409, -0.885073, -0.188873,
		42.962811, 55.629021, 51.287094>
	pigment { color rgbt <0,1,1,0> }
	no_shadow
}
cylinder {
	<43.400589, 55.643341, 51.816769>,  <43.260597, 56.248573, 51.419308>, 0.130000
	pigment { color rgbt <1,0,0,0> }
	no_shadow
}

// nucleotide -1

// particle -1
sphere {
	<43.400589, 55.643341, 51.816769> 0.250000
	pigment { color rgbt <1,0,0,0> }
	no_shadow
}
cylinder {
	<43.333679, 55.567772, 51.429710>,  <43.293533, 55.522430, 51.197475>, 0.100000
	pigment { color rgbt <1,0,0,0> }
	no_shadow
}
cylinder {
	<43.333679, 55.567772, 51.429710>,  <43.400589, 55.643341, 51.816769>, 0.100000
	pigment { color rgbt <1,0,0,0> }
	no_shadow
}

// particle -1
sphere {
	<43.333679, 55.567772, 51.429710> 0.100000
	pigment { color rgbt <1,0,0,0> }
	no_shadow
}
sphere {
	0, 1
	scale<0.080000,0.200000,0.300000>
	matrix <0.888480, -0.454304, -0.064891,
		-0.427344, -0.870585, 0.243843,
		-0.167272, -0.188919, -0.967641,
		43.283497, 55.511097, 51.139420>
	pigment { color rgbt <0,1,1,0> }
	no_shadow
}
cylinder {
	<44.115360, 55.930595, 51.529968>,  <43.400589, 55.643341, 51.816769>, 0.130000
	pigment { color rgbt <1,0,0,0> }
	no_shadow
}

// nucleotide -1

// particle -1
sphere {
	<44.115360, 55.930595, 51.529968> 0.250000
	pigment { color rgbt <1,0,0,0> }
	no_shadow
}
cylinder {
	<44.410816, 55.887070, 51.796074>,  <44.588089, 55.860954, 51.955738>, 0.100000
	pigment { color rgbt <1,0,0,0> }
	no_shadow
}
cylinder {
	<44.410816, 55.887070, 51.796074>,  <44.115360, 55.930595, 51.529968>, 0.100000
	pigment { color rgbt <1,0,0,0> }
	no_shadow
}

// particle -1
sphere {
	<44.410816, 55.887070, 51.796074> 0.100000
	pigment { color rgbt <1,0,0,0> }
	no_shadow
}
sphere {
	0, 1
	scale<0.080000,0.200000,0.300000>
	matrix <0.458234, -0.642756, -0.613910,
		0.494402, 0.758303, -0.424903,
		0.738639, -0.108813, 0.665260,
		44.632408, 55.854427, 51.995651>
	pigment { color rgbt <0,1,1,0> }
	no_shadow
}
cylinder {
	<44.644833, 55.735897, 51.094830>,  <44.115360, 55.930595, 51.529968>, 0.130000
	pigment { color rgbt <1,0,0,0> }
	no_shadow
}

// nucleotide -1

// particle -1
sphere {
	<44.644833, 55.735897, 51.094830> 0.250000
	pigment { color rgbt <1,0,0,0> }
	no_shadow
}
cylinder {
	<44.741646, 55.640419, 51.471008>,  <44.799736, 55.583134, 51.696716>, 0.100000
	pigment { color rgbt <1,0,0,0> }
	no_shadow
}
cylinder {
	<44.741646, 55.640419, 51.471008>,  <44.644833, 55.735897, 51.094830>, 0.100000
	pigment { color rgbt <1,0,0,0> }
	no_shadow
}

// particle -1
sphere {
	<44.741646, 55.640419, 51.471008> 0.100000
	pigment { color rgbt <1,0,0,0> }
	no_shadow
}
sphere {
	0, 1
	scale<0.080000,0.200000,0.300000>
	matrix <0.479781, -0.813032, -0.329831,
		0.843344, 0.531040, -0.082263,
		0.242036, -0.238693, 0.940449,
		44.814255, 55.568810, 51.753143>
	pigment { color rgbt <0,1,1,0> }
	no_shadow
}
cylinder {
	<45.420185, 55.584797, 51.165833>,  <44.644833, 55.735897, 51.094830>, 0.130000
	pigment { color rgbt <1,0,0,0> }
	no_shadow
}

// nucleotide -1

// particle -1
sphere {
	<45.420185, 55.584797, 51.165833> 0.250000
	pigment { color rgbt <1,0,0,0> }
	no_shadow
}
cylinder {
	<45.260925, 55.375153, 51.466972>,  <45.165371, 55.249367, 51.647659>, 0.100000
	pigment { color rgbt <1,0,0,0> }
	no_shadow
}
cylinder {
	<45.260925, 55.375153, 51.466972>,  <45.420185, 55.584797, 51.165833>, 0.100000
	pigment { color rgbt <1,0,0,0> }
	no_shadow
}

// particle -1
sphere {
	<45.260925, 55.375153, 51.466972> 0.100000
	pigment { color rgbt <1,0,0,0> }
	no_shadow
}
sphere {
	0, 1
	scale<0.080000,0.200000,0.300000>
	matrix <0.454693, -0.825550, -0.334249,
		0.796701, 0.209237, 0.566999,
		-0.398149, -0.524107, 0.752855,
		45.141479, 55.217922, 51.692829>
	pigment { color rgbt <0,1,1,0> }
	no_shadow
}
cylinder {
	<45.999794, 55.058975, 51.421326>,  <45.420185, 55.584797, 51.165833>, 0.130000
	pigment { color rgbt <1,0,0,0> }
	no_shadow
}

// nucleotide -1

// particle -1
sphere {
	<45.999794, 55.058975, 51.421326> 0.250000
	pigment { color rgbt <1,0,0,0> }
	no_shadow
}
cylinder {
	<45.616989, 54.943066, 51.426445>,  <45.387306, 54.873520, 51.429516>, 0.100000
	pigment { color rgbt <1,0,0,0> }
	no_shadow
}
cylinder {
	<45.616989, 54.943066, 51.426445>,  <45.999794, 55.058975, 51.421326>, 0.100000
	pigment { color rgbt <1,0,0,0> }
	no_shadow
}

// particle -1
sphere {
	<45.616989, 54.943066, 51.426445> 0.100000
	pigment { color rgbt <1,0,0,0> }
	no_shadow
}
sphere {
	0, 1
	scale<0.080000,0.200000,0.300000>
	matrix <0.278165, -0.929382, -0.242638,
		0.082204, -0.228647, 0.970033,
		-0.957009, -0.289775, 0.012798,
		45.329887, 54.856133, 51.430283>
	pigment { color rgbt <0,1,1,0> }
	no_shadow
}
cylinder {
	<46.439854, 55.303257, 50.702499>,  <45.999794, 55.058975, 51.421326>, 0.130000
	pigment { color rgbt <1,0,0,0> }
	no_shadow
}

// nucleotide -1

// particle -1
sphere {
	<46.439854, 55.303257, 50.702499> 0.250000
	pigment { color rgbt <1,0,0,0> }
	no_shadow
}
cylinder {
	<46.486740, 55.015503, 50.976360>,  <46.514874, 54.842850, 51.140675>, 0.100000
	pigment { color rgbt <1,0,0,0> }
	no_shadow
}
cylinder {
	<46.486740, 55.015503, 50.976360>,  <46.439854, 55.303257, 50.702499>, 0.100000
	pigment { color rgbt <1,0,0,0> }
	no_shadow
}

// particle -1
sphere {
	<46.486740, 55.015503, 50.976360> 0.100000
	pigment { color rgbt <1,0,0,0> }
	no_shadow
}
sphere {
	0, 1
	scale<0.080000,0.200000,0.300000>
	matrix <0.940863, -0.140211, -0.308412,
		0.317862, 0.680315, 0.660406,
		0.117221, -0.719384, 0.684651,
		46.521908, 54.799686, 51.181755>
	pigment { color rgbt <0,1,1,0> }
	no_shadow
}
cylinder {
	<47.051865, 55.403435, 50.971931>,  <46.439854, 55.303257, 50.702499>, 0.130000
	pigment { color rgbt <1,0,0,0> }
	no_shadow
}

// nucleotide -1

// particle -1
sphere {
	<47.051865, 55.403435, 50.971931> 0.250000
	pigment { color rgbt <1,0,0,0> }
	no_shadow
}
cylinder {
	<46.982132, 55.016838, 51.047291>,  <46.940292, 54.784878, 51.092506>, 0.100000
	pigment { color rgbt <1,0,0,0> }
	no_shadow
}
cylinder {
	<46.982132, 55.016838, 51.047291>,  <47.051865, 55.403435, 50.971931>, 0.100000
	pigment { color rgbt <1,0,0,0> }
	no_shadow
}

// particle -1
sphere {
	<46.982132, 55.016838, 51.047291> 0.100000
	pigment { color rgbt <1,0,0,0> }
	no_shadow
}
sphere {
	0, 1
	scale<0.080000,0.200000,0.300000>
	matrix <0.965133, -0.205650, -0.161943,
		0.195262, 0.153599, 0.968649,
		-0.174329, -0.966496, 0.188399,
		46.929832, 54.726891, 51.103809>
	pigment { color rgbt <0,1,1,0> }
	no_shadow
}
cylinder {
	<47.315659, 55.119476, 51.678604>,  <47.051865, 55.403435, 50.971931>, 0.130000
	pigment { color rgbt <1,0,0,0> }
	no_shadow
}

// nucleotide -1

// particle -1
sphere {
	<47.315659, 55.119476, 51.678604> 0.250000
	pigment { color rgbt <1,0,0,0> }
	no_shadow
}
cylinder {
	<47.287525, 54.845177, 51.388832>,  <47.270645, 54.680595, 51.214970>, 0.100000
	pigment { color rgbt <1,0,0,0> }
	no_shadow
}
cylinder {
	<47.287525, 54.845177, 51.388832>,  <47.315659, 55.119476, 51.678604>, 0.100000
	pigment { color rgbt <1,0,0,0> }
	no_shadow
}

// particle -1
sphere {
	<47.287525, 54.845177, 51.388832> 0.100000
	pigment { color rgbt <1,0,0,0> }
	no_shadow
}
sphere {
	0, 1
	scale<0.080000,0.200000,0.300000>
	matrix <0.896768, -0.361526, 0.255158,
		-0.436875, -0.631697, 0.640389,
		-0.070335, -0.685753, -0.724428,
		47.266426, 54.639450, 51.171505>
	pigment { color rgbt <0,1,1,0> }
	no_shadow
}
cylinder {
	<47.237411, 54.410496, 51.844597>,  <47.315659, 55.119476, 51.678604>, 0.130000
	pigment { color rgbt <1,0,0,0> }
	no_shadow
}

// nucleotide -1

// particle -1
sphere {
	<47.237411, 54.410496, 51.844597> 0.250000
	pigment { color rgbt <1,0,0,0> }
	no_shadow
}
cylinder {
	<47.469933, 54.510788, 51.534958>,  <47.609444, 54.570965, 51.349174>, 0.100000
	pigment { color rgbt <1,0,0,0> }
	no_shadow
}
cylinder {
	<47.469933, 54.510788, 51.534958>,  <47.237411, 54.410496, 51.844597>, 0.100000
	pigment { color rgbt <1,0,0,0> }
	no_shadow
}

// particle -1
sphere {
	<47.469933, 54.510788, 51.534958> 0.100000
	pigment { color rgbt <1,0,0,0> }
	no_shadow
}
sphere {
	0, 1
	scale<0.080000,0.200000,0.300000>
	matrix <0.776856, -0.454002, 0.436322,
		-0.242038, -0.854993, -0.458698,
		0.581302, 0.250736, -0.774093,
		47.644321, 54.586010, 51.302731>
	pigment { color rgbt <0,1,1,0> }
	no_shadow
}
cylinder {
	<47.672890, 53.874111, 51.774338>,  <47.237411, 54.410496, 51.844597>, 0.130000
	pigment { color rgbt <1,0,0,0> }
	no_shadow
}

// nucleotide -1

// particle -1
sphere {
	<47.672890, 53.874111, 51.774338> 0.250000
	pigment { color rgbt <1,0,0,0> }
	no_shadow
}
cylinder {
	<47.851799, 54.176628, 51.583351>,  <47.959145, 54.358139, 51.468758>, 0.100000
	pigment { color rgbt <1,0,0,0> }
	no_shadow
}
cylinder {
	<47.851799, 54.176628, 51.583351>,  <47.672890, 53.874111, 51.774338>, 0.100000
	pigment { color rgbt <1,0,0,0> }
	no_shadow
}

// particle -1
sphere {
	<47.851799, 54.176628, 51.583351> 0.100000
	pigment { color rgbt <1,0,0,0> }
	no_shadow
}
sphere {
	0, 1
	scale<0.080000,0.200000,0.300000>
	matrix <0.892359, -0.341304, 0.295309,
		0.060377, -0.558156, -0.827536,
		0.447270, 0.756289, -0.477468,
		47.985981, 54.403515, 51.440109>
	pigment { color rgbt <0,1,1,0> }
	no_shadow
}
cylinder {
	<48.211502, 53.498337, 51.421974>,  <47.672890, 53.874111, 51.774338>, 0.130000
	pigment { color rgbt <1,0,0,0> }
	no_shadow
}

// nucleotide -1

// particle -1
sphere {
	<48.211502, 53.498337, 51.421974> 0.250000
	pigment { color rgbt <1,0,0,0> }
	no_shadow
}
cylinder {
	<48.270477, 53.885735, 51.502251>,  <48.305862, 54.118176, 51.550415>, 0.100000
	pigment { color rgbt <1,0,0,0> }
	no_shadow
}
cylinder {
	<48.270477, 53.885735, 51.502251>,  <48.211502, 53.498337, 51.421974>, 0.100000
	pigment { color rgbt <1,0,0,0> }
	no_shadow
}

// particle -1
sphere {
	<48.270477, 53.885735, 51.502251> 0.100000
	pigment { color rgbt <1,0,0,0> }
	no_shadow
}
sphere {
	0, 1
	scale<0.080000,0.200000,0.300000>
	matrix <0.914810, -0.210672, 0.344587,
		0.376011, 0.132788, -0.917051,
		0.147440, 0.968496, 0.200691,
		48.314709, 54.176285, 51.562458>
	pigment { color rgbt <0,1,1,0> }
	no_shadow
}
cylinder {
	<48.925549, 53.670116, 51.146664>,  <48.211502, 53.498337, 51.421974>, 0.130000
	pigment { color rgbt <1,0,0,0> }
	no_shadow
}

// nucleotide -1

// particle -1
sphere {
	<48.925549, 53.670116, 51.146664> 0.250000
	pigment { color rgbt <1,0,0,0> }
	no_shadow
}
cylinder {
	<48.800632, 53.941608, 51.412537>,  <48.725685, 54.104504, 51.572060>, 0.100000
	pigment { color rgbt <1,0,0,0> }
	no_shadow
}
cylinder {
	<48.800632, 53.941608, 51.412537>,  <48.925549, 53.670116, 51.146664>, 0.100000
	pigment { color rgbt <1,0,0,0> }
	no_shadow
}

// particle -1
sphere {
	<48.800632, 53.941608, 51.412537> 0.100000
	pigment { color rgbt <1,0,0,0> }
	no_shadow
}
sphere {
	0, 1
	scale<0.080000,0.200000,0.300000>
	matrix <0.917369, 0.033685, 0.396610,
		0.246801, 0.733617, -0.633164,
		-0.312288, 0.678728, 0.664684,
		48.706947, 54.145226, 51.611942>
	pigment { color rgbt <0,1,1,0> }
	no_shadow
}
cylinder {
	<49.340275, 54.208176, 51.012833>,  <48.925549, 53.670116, 51.146664>, 0.130000
	pigment { color rgbt <1,0,0,0> }
	no_shadow
}

// nucleotide -1

// particle -1
sphere {
	<49.340275, 54.208176, 51.012833> 0.250000
	pigment { color rgbt <1,0,0,0> }
	no_shadow
}
cylinder {
	<49.193672, 54.166080, 51.382610>,  <49.105709, 54.140823, 51.604477>, 0.100000
	pigment { color rgbt <1,0,0,0> }
	no_shadow
}
cylinder {
	<49.193672, 54.166080, 51.382610>,  <49.340275, 54.208176, 51.012833>, 0.100000
	pigment { color rgbt <1,0,0,0> }
	no_shadow
}

// particle -1
sphere {
	<49.193672, 54.166080, 51.382610> 0.100000
	pigment { color rgbt <1,0,0,0> }
	no_shadow
}
sphere {
	0, 1
	scale<0.080000,0.200000,0.300000>
	matrix <0.915229, 0.138005, 0.378565,
		-0.167419, 0.984824, 0.045741,
		-0.366507, -0.105242, 0.924444,
		49.083721, 54.134506, 51.659943>
	pigment { color rgbt <0,1,1,0> }
	no_shadow
}
cylinder {
	<49.728470, 54.673019, 51.506573>,  <49.340275, 54.208176, 51.012833>, 0.130000
	pigment { color rgbt <1,0,0,0> }
	no_shadow
}

// nucleotide -1

// particle -1
sphere {
	<49.728470, 54.673019, 51.506573> 0.250000
	pigment { color rgbt <1,0,0,0> }
	no_shadow
}
cylinder {
	<49.593105, 54.345821, 51.692631>,  <49.511887, 54.149502, 51.804268>, 0.100000
	pigment { color rgbt <1,0,0,0> }
	no_shadow
}
cylinder {
	<49.593105, 54.345821, 51.692631>,  <49.728470, 54.673019, 51.506573>, 0.100000
	pigment { color rgbt <1,0,0,0> }
	no_shadow
}

// particle -1
sphere {
	<49.593105, 54.345821, 51.692631> 0.100000
	pigment { color rgbt <1,0,0,0> }
	no_shadow
}
sphere {
	0, 1
	scale<0.080000,0.200000,0.300000>
	matrix <0.875521, -0.092540, 0.474235,
		-0.344876, 0.567736, 0.747487,
		-0.338413, -0.817993, 0.465150,
		49.491581, 54.100422, 51.832176>
	pigment { color rgbt <0,1,1,0> }
	no_shadow
}
cylinder {
	<49.664433, 54.739231, 52.297810>,  <49.728470, 54.673019, 51.506573>, 0.130000
	pigment { color rgbt <1,0,0,0> }
	no_shadow
}

// nucleotide -1

// particle -1
sphere {
	<49.664433, 54.739231, 52.297810> 0.250000
	pigment { color rgbt <1,0,0,0> }
	no_shadow
}
cylinder {
	<49.742714, 54.372395, 52.158878>,  <49.789680, 54.152290, 52.075520>, 0.100000
	pigment { color rgbt <1,0,0,0> }
	no_shadow
}
cylinder {
	<49.742714, 54.372395, 52.158878>,  <49.664433, 54.739231, 52.297810>, 0.100000
	pigment { color rgbt <1,0,0,0> }
	no_shadow
}

// particle -1
sphere {
	<49.742714, 54.372395, 52.158878> 0.100000
	pigment { color rgbt <1,0,0,0> }
	no_shadow
}
sphere {
	0, 1
	scale<0.080000,0.200000,0.300000>
	matrix <0.867210, -0.003524, 0.497931,
		-0.457873, -0.398655, 0.794624,
		0.195702, -0.917094, -0.347331,
		49.801426, 54.097267, 52.054680>
	pigment { color rgbt <0,1,1,0> }
	no_shadow
}
cylinder {
	<49.991772, 55.301929, 52.902954>,  <49.664433, 54.739231, 52.297810>, 0.130000
	pigment { color rgbt <1,0,0,0> }
	no_shadow
}

// nucleotide -1

// particle -1
sphere {
	<49.991772, 55.301929, 52.902954> 0.250000
	pigment { color rgbt <1,0,0,0> }
	no_shadow
}
cylinder {
	<50.257156, 55.520367, 53.107540>,  <50.416386, 55.651428, 53.230293>, 0.100000
	pigment { color rgbt <1,0,0,0> }
	no_shadow
}
cylinder {
	<50.257156, 55.520367, 53.107540>,  <49.991772, 55.301929, 52.902954>, 0.100000
	pigment { color rgbt <1,0,0,0> }
	no_shadow
}

// particle -1
sphere {
	<50.257156, 55.520367, 53.107540> 0.100000
	pigment { color rgbt <1,0,0,0> }
	no_shadow
}
sphere {
	0, 1
	scale<0.080000,0.200000,0.300000>
	matrix <0.730964, -0.619000, -0.287283,
		0.159714, 0.564465, -0.809858,
		0.663463, 0.546094, 0.511467,
		50.456196, 55.684196, 53.260979>
	pigment { color rgbt <0,1,1,0> }
	no_shadow
}
cylinder {
	<50.429001, 55.579380, 52.453423>,  <49.991772, 55.301929, 52.902954>, 0.130000
	pigment { color rgbt <1,0,0,0> }
	no_shadow
}

// nucleotide -1

// particle -1
sphere {
	<50.429001, 55.579380, 52.453423> 0.250000
	pigment { color rgbt <1,0,0,0> }
	no_shadow
}
cylinder {
	<50.632118, 55.464321, 52.778236>,  <50.753990, 55.395287, 52.973125>, 0.100000
	pigment { color rgbt <1,0,0,0> }
	no_shadow
}
cylinder {
	<50.632118, 55.464321, 52.778236>,  <50.429001, 55.579380, 52.453423>, 0.100000
	pigment { color rgbt <1,0,0,0> }
	no_shadow
}

// particle -1
sphere {
	<50.632118, 55.464321, 52.778236> 0.100000
	pigment { color rgbt <1,0,0,0> }
	no_shadow
}
sphere {
	0, 1
	scale<0.080000,0.200000,0.300000>
	matrix <0.336922, -0.801219, -0.494501,
		0.792861, 0.524698, -0.309940,
		0.507793, -0.287645, 0.812038,
		50.784454, 55.378029, 53.021847>
	pigment { color rgbt <0,1,1,0> }
	no_shadow
}
cylinder {
	<51.084263, 55.581253, 51.917377>,  <50.429001, 55.579380, 52.453423>, 0.130000
	pigment { color rgbt <1,0,0,0> }
	no_shadow
}

// nucleotide -1

// particle -1
sphere {
	<51.084263, 55.581253, 51.917377> 0.250000
	pigment { color rgbt <1,0,0,0> }
	no_shadow
}
cylinder {
	<51.381290, 55.838722, 51.991432>,  <51.559505, 55.993202, 52.035866>, 0.100000
	pigment { color rgbt <1,0,0,0> }
	no_shadow
}
cylinder {
	<51.381290, 55.838722, 51.991432>,  <51.084263, 55.581253, 51.917377>, 0.100000
	pigment { color rgbt <1,0,0,0> }
	no_shadow
}

// particle -1
sphere {
	<51.381290, 55.838722, 51.991432> 0.100000
	pigment { color rgbt <1,0,0,0> }
	no_shadow
}
sphere {
	0, 1
	scale<0.080000,0.200000,0.300000>
	matrix <-0.034029, -0.239805, 0.970224,
		0.668906, -0.726758, -0.156168,
