// switches for output
#declare DRAW_BASES = 1; // possible values are 0, 1; only relevant for DNA ribbons
#declare DRAW_BASES_TYPE = 3; // possible values are 1, 2, 3; only relevant for DNA ribbons
#declare DRAW_FOG = 0; // set to 1 to enable fog

#include "colors.inc"

#include "transforms.inc"
background { rgb <1, 1, 1>}

#default {
   normal{
       ripples 0.25
       frequency 0.20
       turbulence 0.2
       lambda 5
   }
	finish {
		phong 0.1
		phong_size 40.
	}
}

// original window dimensions: 1024x640


// camera settings

camera {
	sky <-0, 1, 0>
	up <-0, 1, 0>
	right 1.6 * <0.99995, 0, 0.00999983>
	location <54.4867, 55, 106.329>
	look_at <55, 55, 55.0001>
	direction <0.513302, 0, -51.3289>
	angle 67.0682
}


# declare cpy_camera_pos = <54.4867, 55, 106.329>;
# if (DRAW_FOG = 1)
fog {
	fog_type 2
	up vnormalize(cpy_camera_pos)
	color rgbt<1,1,1,0.3>
	distance 1e-5
	fog_alt 3e-3
	fog_offset 88
}
# end


// LIGHTS

# declare lum = 6;
global_settings {
	ambient_light rgb lum * <0.05, 0.05, 0.05>
	max_trace_level 15
}# declare cpy_direct_light_amount = 0.25;
light_source
{	1000 * <-0.98995, -1, 1.00995>,
	rgb lum * cpy_direct_light_amount
	parallel
}

light_source
{	1000 * <0.98995, 1, -1.00995>,
	rgb lum * cpy_direct_light_amount
	parallel
}

// strand 0

// nucleotide -1

// particle -1
sphere {
	<36.113934, 53.307648, 50.142467> 0.250000
	pigment { color rgbt <1,0,0,0> }
	no_shadow
}
cylinder {
	<36.267849, 52.991253, 49.952194>,  <36.360199, 52.801414, 49.838032>, 0.100000
	pigment { color rgbt <1,0,0,0> }
	no_shadow
}
cylinder {
	<36.267849, 52.991253, 49.952194>,  <36.113934, 53.307648, 50.142467>, 0.100000
	pigment { color rgbt <1,0,0,0> }
	no_shadow
}

// particle -1
sphere {
	<36.267849, 52.991253, 49.952194> 0.100000
	pigment { color rgbt <1,0,0,0> }
	no_shadow
}
sphere {
	0, 1
	scale<0.080000,0.200000,0.300000>
	matrix <-0.428206, 0.303563, -0.851169,
		0.817665, 0.531210, -0.221899,
		0.384789, -0.790991, -0.475680,
		36.383286, 52.753956, 49.809490>
	pigment { color rgbt <0,1,1,0> }
	no_shadow
}
cylinder {
	<36.418015, 53.567314, 49.644714>,  <36.113934, 53.307648, 50.142467>, 0.130000
	pigment { color rgbt <1,0,0,0> }
	no_shadow
}

// nucleotide -1

// particle -1
sphere {
	<36.418015, 53.567314, 49.644714> 0.250000
	pigment { color rgbt <1,0,0,0> }
	no_shadow
}
cylinder {
	<36.281082, 53.200108, 49.564651>,  <36.198925, 52.979786, 49.516613>, 0.100000
	pigment { color rgbt <1,0,0,0> }
	no_shadow
}
cylinder {
	<36.281082, 53.200108, 49.564651>,  <36.418015, 53.567314, 49.644714>, 0.100000
	pigment { color rgbt <1,0,0,0> }
	no_shadow
}

// particle -1
sphere {
	<36.281082, 53.200108, 49.564651> 0.100000
	pigment { color rgbt <1,0,0,0> }
	no_shadow
}
sphere {
	0, 1
	scale<0.080000,0.200000,0.300000>
	matrix <-0.463338, 0.350264, -0.814023,
		0.817393, -0.185920, -0.545255,
		-0.342326, -0.918014, -0.200159,
		36.178383, 52.924702, 49.504604>
	pigment { color rgbt <0,1,1,0> }
	no_shadow
}
cylinder {
	<37.137653, 53.294273, 49.393505>,  <36.418015, 53.567314, 49.644714>, 0.130000
	pigment { color rgbt <1,0,0,0> }
	no_shadow
}

// nucleotide -1

// particle -1
sphere {
	<37.137653, 53.294273, 49.393505> 0.250000
	pigment { color rgbt <1,0,0,0> }
	no_shadow
}
cylinder {
	<37.319225, 53.383369, 49.738602>,  <37.428169, 53.436829, 49.945660>, 0.100000
	pigment { color rgbt <1,0,0,0> }
	no_shadow
}
cylinder {
	<37.319225, 53.383369, 49.738602>,  <37.137653, 53.294273, 49.393505>, 0.100000
	pigment { color rgbt <1,0,0,0> }
	no_shadow
}

// particle -1
sphere {
	<37.319225, 53.383369, 49.738602> 0.100000
	pigment { color rgbt <1,0,0,0> }
	no_shadow
}
sphere {
	0, 1
	scale<0.080000,0.200000,0.300000>
	matrix <0.869838, 0.099167, -0.483268,
		-0.193199, 0.969821, -0.148732,
		0.453934, 0.222740, 0.862746,
		37.455406, 53.450191, 49.997425>
	pigment { color rgbt <0,1,1,0> }
	no_shadow
}
cylinder {
	<37.448784, 53.970875, 49.354050>,  <37.137653, 53.294273, 49.393505>, 0.130000
	pigment { color rgbt <1,0,0,0> }
	no_shadow
}

// nucleotide -1

// particle -1
sphere {
	<37.448784, 53.970875, 49.354050> 0.250000
	pigment { color rgbt <1,0,0,0> }
	no_shadow
}
cylinder {
	<37.641991, 53.780319, 49.647919>,  <37.757915, 53.665985, 49.824242>, 0.100000
	pigment { color rgbt <1,0,0,0> }
	no_shadow
}
cylinder {
	<37.641991, 53.780319, 49.647919>,  <37.448784, 53.970875, 49.354050>, 0.100000
	pigment { color rgbt <1,0,0,0> }
	no_shadow
}

// particle -1
sphere {
	<37.641991, 53.780319, 49.647919> 0.100000
	pigment { color rgbt <1,0,0,0> }
	no_shadow
}
sphere {
	0, 1
	scale<0.080000,0.200000,0.300000>
	matrix <0.874547, 0.221140, -0.431584,
		0.043135, 0.850972, 0.523437,
		0.483018, -0.476387, 0.734676,
		37.786896, 53.637402, 49.868320>
	pigment { color rgbt <0,1,1,0> }
	no_shadow
}
cylinder {
	<37.846222, 54.468819, 49.639893>,  <37.448784, 53.970875, 49.354050>, 0.130000
	pigment { color rgbt <1,0,0,0> }
	no_shadow
}

// nucleotide -1

// particle -1
sphere {
	<37.846222, 54.468819, 49.639893> 0.250000
	pigment { color rgbt <1,0,0,0> }
	no_shadow
}
cylinder {
	<38.020622, 54.111115, 49.680298>,  <38.125263, 53.896492, 49.704540>, 0.100000
	pigment { color rgbt <1,0,0,0> }
	no_shadow
}
cylinder {
	<38.020622, 54.111115, 49.680298>,  <37.846222, 54.468819, 49.639893>, 0.100000
	pigment { color rgbt <1,0,0,0> }
	no_shadow
}

// particle -1
sphere {
	<38.020622, 54.111115, 49.680298> 0.100000
	pigment { color rgbt <1,0,0,0> }
	no_shadow
}
sphere {
	0, 1
	scale<0.080000,0.200000,0.300000>
	matrix <0.860155, 0.381085, -0.338981,
		0.264640, 0.234687, 0.935354,
		0.436004, -0.894257, 0.101017,
		38.151424, 53.842838, 49.710602>
	pigment { color rgbt <0,1,1,0> }
	no_shadow
}
cylinder {
	<38.457287, 54.543739, 50.054794>,  <37.846222, 54.468819, 49.639893>, 0.130000
	pigment { color rgbt <1,0,0,0> }
	no_shadow
}

// nucleotide -1

// particle -1
sphere {
	<38.457287, 54.543739, 50.054794> 0.250000
	pigment { color rgbt <1,0,0,0> }
	no_shadow
}
cylinder {
	<38.457054, 54.248199, 49.785248>,  <38.456913, 54.070873, 49.623520>, 0.100000
	pigment { color rgbt <1,0,0,0> }
	no_shadow
}
cylinder {
	<38.457054, 54.248199, 49.785248>,  <38.457287, 54.543739, 50.054794>, 0.100000
	pigment { color rgbt <1,0,0,0> }
	no_shadow
}

// particle -1
sphere {
	<38.457054, 54.248199, 49.785248> 0.100000
	pigment { color rgbt <1,0,0,0> }
	no_shadow
}
sphere {
	0, 1
	scale<0.080000,0.200000,0.300000>
	matrix <0.927521, 0.251471, -0.276525,
		0.373769, -0.625186, 0.685156,
		-0.000583, -0.738854, -0.673865,
		38.456879, 54.026543, 49.583088>
	pigment { color rgbt <0,1,1,0> }
	no_shadow
}
cylinder {
	<39.061008, 54.013382, 50.130627>,  <38.457287, 54.543739, 50.054794>, 0.130000
	pigment { color rgbt <1,0,0,0> }
	no_shadow
}

// nucleotide -1

// particle -1
sphere {
	<39.061008, 54.013382, 50.130627> 0.250000
	pigment { color rgbt <1,0,0,0> }
	no_shadow
}
cylinder {
	<38.936878, 54.081909, 49.756599>,  <38.862400, 54.123024, 49.532185>, 0.100000
	pigment { color rgbt <1,0,0,0> }
	no_shadow
}
cylinder {
	<38.936878, 54.081909, 49.756599>,  <39.061008, 54.013382, 50.130627>, 0.100000
	pigment { color rgbt <1,0,0,0> }
	no_shadow
}

// particle -1
sphere {
	<38.936878, 54.081909, 49.756599> 0.100000
	pigment { color rgbt <1,0,0,0> }
	no_shadow
}
sphere {
	0, 1
	scale<0.080000,0.200000,0.300000>
	matrix <0.950424, 0.076340, -0.301440,
		0.019740, -0.982254, -0.186516,
		-0.310329, 0.171319, -0.935064,
		38.843781, 54.133305, 49.476082>
	pigment { color rgbt <0,1,1,0> }
	no_shadow
}
cylinder {
	<39.627586, 53.942051, 49.738560>,  <39.061008, 54.013382, 50.130627>, 0.130000
	pigment { color rgbt <1,0,0,0> }
	no_shadow
}

// nucleotide -1

// particle -1
sphere {
	<39.627586, 53.942051, 49.738560> 0.250000
	pigment { color rgbt <1,0,0,0> }
	no_shadow
}
cylinder {
	<39.385403, 54.091579, 49.457512>,  <39.240093, 54.181297, 49.288883>, 0.100000
	pigment { color rgbt <1,0,0,0> }
	no_shadow
}
cylinder {
	<39.385403, 54.091579, 49.457512>,  <39.627586, 53.942051, 49.738560>, 0.100000
	pigment { color rgbt <1,0,0,0> }
	no_shadow
}

// particle -1
sphere {
	<39.385403, 54.091579, 49.457512> 0.100000
	pigment { color rgbt <1,0,0,0> }
	no_shadow
}
sphere {
	0, 1
	scale<0.080000,0.200000,0.300000>
	matrix <0.795808, 0.272893, -0.540573,
		-0.010336, -0.886447, -0.462714,
		-0.605461, 0.373819, -0.702621,
		39.203766, 54.203724, 49.246727>
	pigment { color rgbt <0,1,1,0> }
	no_shadow
}
cylinder {
	<39.665600, 53.594463, 49.171974>,  <39.627586, 53.942051, 49.738560>, 0.130000
	pigment { color rgbt <1,0,0,0> }
	no_shadow
}

// nucleotide -1

// particle -1
sphere {
	<39.665600, 53.594463, 49.171974> 0.250000
	pigment { color rgbt <1,0,0,0> }
	no_shadow
}
cylinder {
	<39.572693, 53.960411, 49.039871>,  <39.516949, 54.179977, 48.960609>, 0.100000
	pigment { color rgbt <1,0,0,0> }
	no_shadow
}
cylinder {
	<39.572693, 53.960411, 49.039871>,  <39.665600, 53.594463, 49.171974>, 0.100000
	pigment { color rgbt <1,0,0,0> }
	no_shadow
}

// particle -1
sphere {
	<39.572693, 53.960411, 49.039871> 0.100000
	pigment { color rgbt <1,0,0,0> }
	no_shadow
}
sphere {
	0, 1
	scale<0.080000,0.200000,0.300000>
	matrix <0.786079, -0.023404, -0.617683,
		-0.572827, -0.403079, -0.713721,
		-0.232271, 0.914866, -0.330258,
		39.503010, 54.234871, 48.940792>
	pigment { color rgbt <0,1,1,0> }
	no_shadow
}
cylinder {
	<39.496368, 53.498657, 48.411835>,  <39.665600, 53.594463, 49.171974>, 0.130000
	pigment { color rgbt <1,0,0,0> }
	no_shadow
}

// nucleotide -1

// particle -1
sphere {
	<39.496368, 53.498657, 48.411835> 0.250000
	pigment { color rgbt <1,0,0,0> }
	no_shadow
}
cylinder {
	<39.650471, 53.834999, 48.563911>,  <39.742931, 54.036804, 48.655159>, 0.100000
	pigment { color rgbt <1,0,0,0> }
	no_shadow
}
cylinder {
	<39.650471, 53.834999, 48.563911>,  <39.496368, 53.498657, 48.411835>, 0.100000
	pigment { color rgbt <1,0,0,0> }
	no_shadow
}

// particle -1
sphere {
	<39.650471, 53.834999, 48.563911> 0.100000
	pigment { color rgbt <1,0,0,0> }
	no_shadow
}
sphere {
	0, 1
	scale<0.080000,0.200000,0.300000>
	matrix <0.733737, -0.029259, -0.678803,
		-0.559649, 0.540474, -0.628236,
		0.385257, 0.840851, 0.380192,
		39.766048, 54.087254, 48.677967>
	pigment { color rgbt <0,1,1,0> }
	no_shadow
}
cylinder {
	<39.623821, 54.013706, 47.873009>,  <39.496368, 53.498657, 48.411835>, 0.130000
	pigment { color rgbt <1,0,0,0> }
	no_shadow
}

// nucleotide -1

// particle -1
sphere {
	<39.623821, 54.013706, 47.873009> 0.250000
	pigment { color rgbt <1,0,0,0> }
	no_shadow
}
cylinder {
	<39.860806, 54.100746, 48.183270>,  <40.002995, 54.152969, 48.369427>, 0.100000
	pigment { color rgbt <1,0,0,0> }
	no_shadow
}
cylinder {
	<39.860806, 54.100746, 48.183270>,  <39.623821, 54.013706, 47.873009>, 0.100000
	pigment { color rgbt <1,0,0,0> }
	no_shadow
}

// particle -1
sphere {
	<39.860806, 54.100746, 48.183270> 0.100000
	pigment { color rgbt <1,0,0,0> }
	no_shadow
}
sphere {
	0, 1
	scale<0.080000,0.200000,0.300000>
	matrix <0.795239, -0.311892, -0.519921,
		0.128787, 0.924865, -0.357826,
		0.592459, 0.217598, 0.775656,
		40.038544, 54.166027, 48.415966>
	pigment { color rgbt <0,1,1,0> }
	no_shadow
}
cylinder {
	<40.033882, 54.513741, 47.645458>,  <39.623821, 54.013706, 47.873009>, 0.130000
	pigment { color rgbt <1,0,0,0> }
	no_shadow
}

// nucleotide -1

// particle -1
sphere {
	<40.033882, 54.513741, 47.645458> 0.250000
	pigment { color rgbt <1,0,0,0> }
	no_shadow
}
cylinder {
	<40.222145, 54.296810, 47.923843>,  <40.335102, 54.166653, 48.090874>, 0.100000
	pigment { color rgbt <1,0,0,0> }
	no_shadow
}
cylinder {
	<40.222145, 54.296810, 47.923843>,  <40.033882, 54.513741, 47.645458>, 0.100000
	pigment { color rgbt <1,0,0,0> }
	no_shadow
}

// particle -1
sphere {
	<40.222145, 54.296810, 47.923843> 0.100000
	pigment { color rgbt <1,0,0,0> }
	no_shadow
}
sphere {
	0, 1
	scale<0.080000,0.200000,0.300000>
	matrix <0.688906, -0.266949, -0.673904,
		0.551262, 0.796631, 0.247970,
		0.470658, -0.542325, 0.695963,
		40.363342, 54.134113, 48.132633>
	pigment { color rgbt <0,1,1,0> }
	no_shadow
}
cylinder {
	<40.752392, 54.669827, 47.566227>,  <40.033882, 54.513741, 47.645458>, 0.130000
	pigment { color rgbt <1,0,0,0> }
	no_shadow
}

// nucleotide -1

// particle -1
sphere {
	<40.752392, 54.669827, 47.566227> 0.250000
	pigment { color rgbt <1,0,0,0> }
	no_shadow
}
cylinder {
	<40.769886, 54.323799, 47.766129>,  <40.780384, 54.116184, 47.886070>, 0.100000
	pigment { color rgbt <1,0,0,0> }
	no_shadow
}
cylinder {
	<40.769886, 54.323799, 47.766129>,  <40.752392, 54.669827, 47.566227>, 0.100000
	pigment { color rgbt <1,0,0,0> }
	no_shadow
}

// particle -1
sphere {
	<40.769886, 54.323799, 47.766129> 0.100000
	pigment { color rgbt <1,0,0,0> }
	no_shadow
}
sphere {
	0, 1
	scale<0.080000,0.200000,0.300000>
	matrix <0.886431, -0.197119, -0.418789,
		0.460790, 0.461311, 0.758198,
		0.043737, -0.865064, 0.499751,
		40.783009, 54.064281, 47.916054>
	pigment { color rgbt <0,1,1,0> }
	no_shadow
}
cylinder {
	<41.411175, 54.478767, 47.926048>,  <40.752392, 54.669827, 47.566227>, 0.130000
	pigment { color rgbt <1,0,0,0> }
	no_shadow
}

// nucleotide -1

// particle -1
sphere {
	<41.411175, 54.478767, 47.926048> 0.250000
	pigment { color rgbt <1,0,0,0> }
	no_shadow
}
cylinder {
	<41.249802, 54.139130, 47.789646>,  <41.152977, 53.935349, 47.707806>, 0.100000
	pigment { color rgbt <1,0,0,0> }
	no_shadow
}
cylinder {
	<41.249802, 54.139130, 47.789646>,  <41.411175, 54.478767, 47.926048>, 0.100000
	pigment { color rgbt <1,0,0,0> }
	no_shadow
}

// particle -1
sphere {
	<41.249802, 54.139130, 47.789646> 0.100000
	pigment { color rgbt <1,0,0,0> }
	no_shadow
}
sphere {
	0, 1
	scale<0.080000,0.200000,0.300000>
	matrix <0.877383, -0.253210, -0.407533,
		0.259686, -0.463606, 0.847132,
		-0.403437, -0.849090, -0.341005,
		41.128769, 53.884403, 47.687344>
	pigment { color rgbt <0,1,1,0> }
	no_shadow
}
cylinder {
	<41.851948, 53.744995, 47.974430>,  <41.411175, 54.478767, 47.926048>, 0.130000
	pigment { color rgbt <1,0,0,0> }
	no_shadow
}

// nucleotide -1

// particle -1
sphere {
	<41.851948, 53.744995, 47.974430> 0.250000
	pigment { color rgbt <1,0,0,0> }
	no_shadow
}
cylinder {
	<41.623375, 53.760372, 47.646530>,  <41.486229, 53.769596, 47.449791>, 0.100000
	pigment { color rgbt <1,0,0,0> }
	no_shadow
}
cylinder {
	<41.623375, 53.760372, 47.646530>,  <41.851948, 53.744995, 47.974430>, 0.100000
	pigment { color rgbt <1,0,0,0> }
	no_shadow
}

// particle -1
sphere {
	<41.623375, 53.760372, 47.646530> 0.100000
	pigment { color rgbt <1,0,0,0> }
	no_shadow
}
sphere {
	0, 1
	scale<0.080000,0.200000,0.300000>
	matrix <0.776503, -0.297877, -0.555259,
		-0.265527, -0.953830, 0.140370,
		-0.571436, 0.038438, -0.819746,
		41.451942, 53.771904, 47.400608>
	pigment { color rgbt <0,1,1,0> }
	no_shadow
}
cylinder {
	<42.008579, 54.043697, 48.608334>,  <41.851948, 53.744995, 47.974430>, 0.130000
	pigment { color rgbt <1,0,0,0> }
	no_shadow
}

// nucleotide -1

// particle -1
sphere {
	<42.008579, 54.043697, 48.608334> 0.250000
	pigment { color rgbt <1,0,0,0> }
	no_shadow
}
cylinder {
	<42.090801, 53.941074, 48.986099>,  <42.140137, 53.879501, 49.212761>, 0.100000
	pigment { color rgbt <1,0,0,0> }
	no_shadow
}
cylinder {
	<42.090801, 53.941074, 48.986099>,  <42.008579, 54.043697, 48.608334>, 0.100000
	pigment { color rgbt <1,0,0,0> }
	no_shadow
}

// particle -1
sphere {
	<42.090801, 53.941074, 48.986099> 0.100000
	pigment { color rgbt <1,0,0,0> }
	no_shadow
}
sphere {
	0, 1
	scale<0.080000,0.200000,0.300000>
	matrix <0.680951, 0.730602, 0.050264,
		-0.702888, 0.632769, 0.324886,
		0.205557, -0.256562, 0.944416,
		42.152470, 53.864105, 49.269424>
	pigment { color rgbt <0,1,1,0> }
	no_shadow
}
cylinder {
	<41.923794, 54.658470, 49.172600>,  <42.008579, 54.043697, 48.608334>, 0.130000
	pigment { color rgbt <1,0,0,0> }
	no_shadow
}

// nucleotide -1

// particle -1
sphere {
	<41.923794, 54.658470, 49.172600> 0.250000
	pigment { color rgbt <1,0,0,0> }
	no_shadow
}
cylinder {
	<42.170712, 54.368900, 49.295803>,  <42.318863, 54.195156, 49.369724>, 0.100000
	pigment { color rgbt <1,0,0,0> }
	no_shadow
}
cylinder {
	<42.170712, 54.368900, 49.295803>,  <41.923794, 54.658470, 49.172600>, 0.100000
	pigment { color rgbt <1,0,0,0> }
	no_shadow
}

// particle -1
sphere {
	<42.170712, 54.368900, 49.295803> 0.100000
	pigment { color rgbt <1,0,0,0> }
	no_shadow
}
sphere {
	0, 1
	scale<0.080000,0.200000,0.300000>
	matrix <0.737067, 0.669062, 0.095330,
		-0.275090, 0.168177, 0.946595,
		0.617299, -0.723928, 0.308010,
		42.355900, 54.151722, 49.388206>
	pigment { color rgbt <0,1,1,0> }
	no_shadow
}
cylinder {
	<42.134636, 54.961132, 49.765335>,  <41.923794, 54.658470, 49.172600>, 0.130000
	pigment { color rgbt <1,0,0,0> }
	no_shadow
}

// nucleotide -1

// particle -1
sphere {
	<42.134636, 54.961132, 49.765335> 0.250000
	pigment { color rgbt <1,0,0,0> }
	no_shadow
}
cylinder {
	<42.360149, 54.662663, 49.623699>,  <42.495457, 54.483582, 49.538719>, 0.100000
	pigment { color rgbt <1,0,0,0> }
	no_shadow
}
cylinder {
	<42.360149, 54.662663, 49.623699>,  <42.134636, 54.961132, 49.765335>, 0.100000
	pigment { color rgbt <1,0,0,0> }
	no_shadow
}

// particle -1
sphere {
	<42.360149, 54.662663, 49.623699> 0.100000
	pigment { color rgbt <1,0,0,0> }
	no_shadow
}
sphere {
	0, 1
	scale<0.080000,0.200000,0.300000>
	matrix <0.816155, 0.569062, 0.100299,
		0.126656, -0.345535, 0.929819,
		0.563781, -0.746173, -0.354085,
		42.529285, 54.438812, 49.517475>
	pigment { color rgbt <0,1,1,0> }
	no_shadow
}
cylinder {
	<42.668278, 54.966366, 50.318710>,  <42.134636, 54.961132, 49.765335>, 0.130000
	pigment { color rgbt <1,0,0,0> }
	no_shadow
}

// nucleotide -1

// particle -1
sphere {
	<42.668278, 54.966366, 50.318710> 0.250000
	pigment { color rgbt <1,0,0,0> }
	no_shadow
}
cylinder {
	<42.772797, 54.824394, 49.959656>,  <42.835506, 54.739212, 49.744225>, 0.100000
	pigment { color rgbt <1,0,0,0> }
	no_shadow
}
cylinder {
	<42.772797, 54.824394, 49.959656>,  <42.668278, 54.966366, 50.318710>, 0.100000
	pigment { color rgbt <1,0,0,0> }
	no_shadow
}

// particle -1
sphere {
	<42.772797, 54.824394, 49.959656> 0.100000
	pigment { color rgbt <1,0,0,0> }
	no_shadow
}
sphere {
	0, 1
	scale<0.080000,0.200000,0.300000>
	matrix <0.723181, 0.687916, -0.061489,
		0.639323, -0.633088, 0.436424,
		0.261295, -0.354925, -0.897638,
		42.851185, 54.717918, 49.690365>
	pigment { color rgbt <0,1,1,0> }
	no_shadow
}
cylinder {
	<43.061455, 55.567848, 50.614418>,  <42.668278, 54.966366, 50.318710>, 0.130000
	pigment { color rgbt <1,0,0,0> }
	no_shadow
}

// nucleotide -1

// particle -1
sphere {
	<43.061455, 55.567848, 50.614418> 0.250000
	pigment { color rgbt <1,0,0,0> }
	no_shadow
}
cylinder {
	<42.814308, 55.871811, 50.695202>,  <42.666019, 56.054188, 50.743671>, 0.100000
	pigment { color rgbt <1,0,0,0> }
	no_shadow
}
cylinder {
	<42.814308, 55.871811, 50.695202>,  <43.061455, 55.567848, 50.614418>, 0.100000
	pigment { color rgbt <1,0,0,0> }
	no_shadow
}

// particle -1
sphere {
	<42.814308, 55.871811, 50.695202> 0.100000
	pigment { color rgbt <1,0,0,0> }
	no_shadow
}
sphere {
	0, 1
	scale<0.080000,0.200000,0.300000>
	matrix <0.778941, 0.626582, 0.025428,
		-0.107219, 0.173022, -0.979065,
		-0.617863, 0.759907, 0.201956,
		42.628948, 56.099785, 50.755787>
	pigment { color rgbt <0,1,1,0> }
	no_shadow
}
cylinder {
	<42.946407, 56.014294, 50.006275>,  <43.061455, 55.567848, 50.614418>, 0.130000
	pigment { color rgbt <1,0,0,0> }
	no_shadow
}

// nucleotide -1

// particle -1
sphere {
	<42.946407, 56.014294, 50.006275> 0.250000
	pigment { color rgbt <1,0,0,0> }
	no_shadow
}
cylinder {
	<42.945942, 56.179977, 50.370346>,  <42.945663, 56.279388, 50.588791>, 0.100000
	pigment { color rgbt <1,0,0,0> }
	no_shadow
}
cylinder {
	<42.945942, 56.179977, 50.370346>,  <42.946407, 56.014294, 50.006275>, 0.100000
	pigment { color rgbt <1,0,0,0> }
	no_shadow
}

// particle -1
sphere {
	<42.945942, 56.179977, 50.370346> 0.100000
	pigment { color rgbt <1,0,0,0> }
	no_shadow
}
sphere {
	0, 1
	scale<0.080000,0.200000,0.300000>
	matrix <0.861645, 0.462344, -0.209300,
		-0.507511, 0.784009, -0.357439,
		-0.001167, 0.414208, 0.910182,
		42.945591, 56.304241, 50.643402>
	pigment { color rgbt <0,1,1,0> }
	no_shadow
}
cylinder {
	<43.156284, 56.731995, 49.941143>,  <42.946407, 56.014294, 50.006275>, 0.130000
	pigment { color rgbt <1,0,0,0> }
	no_shadow
}

// nucleotide -1

// particle -1
sphere {
	<43.156284, 56.731995, 49.941143> 0.250000
	pigment { color rgbt <1,0,0,0> }
	no_shadow
}
cylinder {
	<43.250717, 56.644241, 50.319801>,  <43.307377, 56.591591, 50.546997>, 0.100000
	pigment { color rgbt <1,0,0,0> }
	no_shadow
}
cylinder {
	<43.250717, 56.644241, 50.319801>,  <43.156284, 56.731995, 49.941143>, 0.100000
	pigment { color rgbt <1,0,0,0> }
	no_shadow
}

// particle -1
sphere {
	<43.250717, 56.644241, 50.319801> 0.100000
	pigment { color rgbt <1,0,0,0> }
	no_shadow
}
sphere {
	0, 1
	scale<0.080000,0.200000,0.300000>
	matrix <0.891802, 0.435834, -0.121398,
		-0.385948, 0.872881, 0.298535,
		0.236077, -0.219381, 0.946646,
		43.321541, 56.578426, 50.603794>
	pigment { color rgbt <0,1,1,0> }
	no_shadow
}
cylinder {
	<43.353390, 57.424328, 50.284340>,  <43.156284, 56.731995, 49.941143>, 0.130000
	pigment { color rgbt <1,0,0,0> }
	no_shadow
}

// nucleotide -1

// particle -1
sphere {
	<43.353390, 57.424328, 50.284340> 0.250000
	pigment { color rgbt <1,0,0,0> }
	no_shadow
}
cylinder {
	<43.475025, 57.107735, 50.496410>,  <43.548004, 56.917778, 50.623653>, 0.100000
	pigment { color rgbt <1,0,0,0> }
	no_shadow
}
cylinder {
	<43.475025, 57.107735, 50.496410>,  <43.353390, 57.424328, 50.284340>, 0.100000
	pigment { color rgbt <1,0,0,0> }
	no_shadow
}

// particle -1
sphere {
	<43.475025, 57.107735, 50.496410> 0.100000
	pigment { color rgbt <1,0,0,0> }
	no_shadow
}
sphere {
	0, 1
	scale<0.080000,0.200000,0.300000>
	matrix <0.887636, 0.437465, 0.143967,
		-0.345881, 0.426824, 0.835576,
		0.304086, -0.791483, 0.530175,
		43.566250, 56.870289, 50.655464>
	pigment { color rgbt <0,1,1,0> }
	no_shadow
}
cylinder {
	<43.627842, 57.712311, 50.801186>,  <43.353390, 57.424328, 50.284340>, 0.130000
	pigment { color rgbt <1,0,0,0> }
	no_shadow
}

// nucleotide -1

// particle -1
sphere {
	<43.627842, 57.712311, 50.801186> 0.250000
	pigment { color rgbt <1,0,0,0> }
	no_shadow
}
cylinder {
	<43.775356, 57.344685, 50.745590>,  <43.863865, 57.124107, 50.712234>, 0.100000
	pigment { color rgbt <1,0,0,0> }
	no_shadow
}
cylinder {
	<43.775356, 57.344685, 50.745590>,  <43.627842, 57.712311, 50.801186>, 0.100000
	pigment { color rgbt <1,0,0,0> }
	no_shadow
}

// particle -1
sphere {
	<43.775356, 57.344685, 50.745590> 0.100000
	pigment { color rgbt <1,0,0,0> }
	no_shadow
}
sphere {
	0, 1
	scale<0.080000,0.200000,0.300000>
	matrix <0.929397, 0.366975, 0.039376,
		0.014815, -0.143695, 0.989511,
		0.368784, -0.919065, -0.138986,
		43.885990, 57.068966, 50.703896>
	pigment { color rgbt <0,1,1,0> }
	no_shadow
}
cylinder {
	<44.252499, 57.611481, 51.158249>,  <43.627842, 57.712311, 50.801186>, 0.130000
	pigment { color rgbt <1,0,0,0> }
	no_shadow
}

// nucleotide -1

// particle -1
sphere {
	<44.252499, 57.611481, 51.158249> 0.250000
	pigment { color rgbt <1,0,0,0> }
	no_shadow
}
cylinder {
	<44.296223, 57.348537, 50.860008>,  <44.322456, 57.190769, 50.681065>, 0.100000
	pigment { color rgbt <1,0,0,0> }
	no_shadow
}
cylinder {
	<44.296223, 57.348537, 50.860008>,  <44.252499, 57.611481, 51.158249>, 0.100000
	pigment { color rgbt <1,0,0,0> }
	no_shadow
}

// particle -1
sphere {
	<44.296223, 57.348537, 50.860008> 0.100000
	pigment { color rgbt <1,0,0,0> }
	no_shadow
}
sphere {
	0, 1
	scale<0.080000,0.200000,0.300000>
	matrix <0.933127, 0.326343, -0.150913,
		0.342527, -0.679246, 0.649077,
		0.109314, -0.657363, -0.745604,
		44.329018, 57.151329, 50.636326>
	pigment { color rgbt <0,1,1,0> }
	no_shadow
}
cylinder {
	<44.825199, 57.026844, 51.268112>,  <44.252499, 57.611481, 51.158249>, 0.130000
	pigment { color rgbt <1,0,0,0> }
	no_shadow
}

// nucleotide -1

// particle -1
sphere {
	<44.825199, 57.026844, 51.268112> 0.250000
	pigment { color rgbt <1,0,0,0> }
	no_shadow
}
cylinder {
	<44.748276, 57.161850, 50.899525>,  <44.702122, 57.242855, 50.678371>, 0.100000
	pigment { color rgbt <1,0,0,0> }
	no_shadow
}
cylinder {
	<44.748276, 57.161850, 50.899525>,  <44.825199, 57.026844, 51.268112>, 0.100000
	pigment { color rgbt <1,0,0,0> }
	no_shadow
}

// particle -1
sphere {
	<44.748276, 57.161850, 50.899525> 0.100000
	pigment { color rgbt <1,0,0,0> }
	no_shadow
}
sphere {
	0, 1
	scale<0.080000,0.200000,0.300000>
	matrix <0.896223, 0.442910, -0.024812,
		0.399752, -0.830611, -0.387663,
		-0.192309, 0.337514, -0.921467,
		44.690582, 57.263103, 50.623085>
	pigment { color rgbt <0,1,1,0> }
	no_shadow
}
cylinder {
	<45.272320, 56.671616, 50.692730>,  <44.825199, 57.026844, 51.268112>, 0.130000
	pigment { color rgbt <1,0,0,0> }
	no_shadow
}

// nucleotide -1

// particle -1
sphere {
	<45.272320, 56.671616, 50.692730> 0.250000
	pigment { color rgbt <1,0,0,0> }
	no_shadow
}
cylinder {
	<45.156517, 57.050980, 50.641033>,  <45.087036, 57.278599, 50.610016>, 0.100000
	pigment { color rgbt <1,0,0,0> }
	no_shadow
}
cylinder {
	<45.156517, 57.050980, 50.641033>,  <45.272320, 56.671616, 50.692730>, 0.100000
	pigment { color rgbt <1,0,0,0> }
	no_shadow
}

// particle -1
sphere {
	<45.156517, 57.050980, 50.641033> 0.100000
	pigment { color rgbt <1,0,0,0> }
	no_shadow
}
sphere {
	0, 1
	scale<0.080000,0.200000,0.300000>
	matrix <0.951920, 0.299415, 0.064807,
		0.100161, -0.104268, -0.989493,
		-0.289511, 0.948409, -0.129245,
		45.069664, 57.335503, 50.602261>
	pigment { color rgbt <0,1,1,0> }
	no_shadow
}
cylinder {
	<45.523006, 57.043922, 50.071163>,  <45.272320, 56.671616, 50.692730>, 0.130000
	pigment { color rgbt <1,0,0,0> }
	no_shadow
}

// nucleotide -1

// particle -1
sphere {
	<45.523006, 57.043922, 50.071163> 0.250000
	pigment { color rgbt <1,0,0,0> }
	no_shadow
}
cylinder {
	<45.468639, 57.205421, 50.433052>,  <45.436020, 57.302319, 50.650185>, 0.100000
	pigment { color rgbt <1,0,0,0> }
	no_shadow
}
cylinder {
	<45.468639, 57.205421, 50.433052>,  <45.523006, 57.043922, 50.071163>, 0.100000
	pigment { color rgbt <1,0,0,0> }
	no_shadow
}

// particle -1
sphere {
	<45.468639, 57.205421, 50.433052> 0.100000
	pigment { color rgbt <1,0,0,0> }
	no_shadow
}
sphere {
	0, 1
	scale<0.080000,0.200000,0.300000>
	matrix <0.981914, 0.176386, 0.068799,
		-0.131803, 0.897707, -0.420416,
		-0.135917, 0.403745, 0.904719,
		45.427864, 57.326546, 50.704468>
	pigment { color rgbt <0,1,1,0> }
	no_shadow
}
cylinder {
	<46.102375, 57.473522, 50.219704>,  <45.523006, 57.043922, 50.071163>, 0.130000
	pigment { color rgbt <1,0,0,0> }
	no_shadow
}

// nucleotide -1

// particle -1
sphere {
	<46.102375, 57.473522, 50.219704> 0.250000
	pigment { color rgbt <1,0,0,0> }
	no_shadow
}
cylinder {
	<45.965946, 57.487633, 50.595455>,  <45.884090, 57.496098, 50.820904>, 0.100000
	pigment { color rgbt <1,0,0,0> }
	no_shadow
}
cylinder {
	<45.965946, 57.487633, 50.595455>,  <46.102375, 57.473522, 50.219704>, 0.100000
	pigment { color rgbt <1,0,0,0> }
	no_shadow
}

// particle -1
sphere {
	<45.965946, 57.487633, 50.595455> 0.100000
	pigment { color rgbt <1,0,0,0> }
	no_shadow
}
sphere {
	0, 1
	scale<0.080000,0.200000,0.300000>
	matrix <0.871589, 0.386208, 0.301953,
		-0.352143, 0.921737, -0.162470,
		-0.341069, 0.035276, 0.939376,
		45.863625, 57.498215, 50.877270>
	pigment { color rgbt <0,1,1,0> }
	no_shadow
}
cylinder {
	<46.163368, 58.176350, 50.482456>,  <46.102375, 57.473522, 50.219704>, 0.130000
	pigment { color rgbt <1,0,0,0> }
	no_shadow
}

// nucleotide -1

// particle -1
sphere {
	<46.163368, 58.176350, 50.482456> 0.250000
	pigment { color rgbt <1,0,0,0> }
	no_shadow
}
cylinder {
	<46.197144, 57.867538, 50.734440>,  <46.217407, 57.682251, 50.885628>, 0.100000
	pigment { color rgbt <1,0,0,0> }
	no_shadow
}
cylinder {
	<46.197144, 57.867538, 50.734440>,  <46.163368, 58.176350, 50.482456>, 0.100000
	pigment { color rgbt <1,0,0,0> }
	no_shadow
}

// particle -1
sphere {
	<46.197144, 57.867538, 50.734440> 0.100000
	pigment { color rgbt <1,0,0,0> }
	no_shadow
}
sphere {
	0, 1
	scale<0.080000,0.200000,0.300000>
	matrix <0.967715, 0.214213, 0.132820,
		-0.237485, 0.598403, 0.765189,
		0.084434, -0.772027, 0.629956,
		46.222473, 57.635929, 50.923428>
	pigment { color rgbt <0,1,1,0> }
	no_shadow
}
cylinder {
	<46.557888, 58.298981, 51.019241>,  <46.163368, 58.176350, 50.482456>, 0.130000
	pigment { color rgbt <1,0,0,0> }
	no_shadow
}

// nucleotide -1

// particle -1
sphere {
	<46.557888, 58.298981, 51.019241> 0.250000
	pigment { color rgbt <1,0,0,0> }
	no_shadow
}
cylinder {
	<46.609844, 57.902802, 51.000702>,  <46.641018, 57.665096, 50.989578>, 0.100000
	pigment { color rgbt <1,0,0,0> }
	no_shadow
}
cylinder {
	<46.609844, 57.902802, 51.000702>,  <46.557888, 58.298981, 51.019241>, 0.100000
	pigment { color rgbt <1,0,0,0> }
	no_shadow
}

// particle -1
sphere {
	<46.609844, 57.902802, 51.000702> 0.100000
	pigment { color rgbt <1,0,0,0> }
	no_shadow
}
sphere {
	0, 1
	scale<0.080000,0.200000,0.300000>
	matrix <0.969332, 0.117007, 0.216111,
		-0.208623, -0.072996, 0.975268,
		0.129888, -0.990445, -0.046347,
		46.648811, 57.605667, 50.986797>
	pigment { color rgbt <0,1,1,0> }
	no_shadow
}
cylinder {
	<46.865147, 57.882336, 51.722435>,  <46.557888, 58.298981, 51.019241>, 0.130000
	pigment { color rgbt <1,0,0,0> }
	no_shadow
}

// nucleotide -1

// particle -1
sphere {
	<46.865147, 57.882336, 51.722435> 0.250000
	pigment { color rgbt <1,0,0,0> }
	no_shadow
}
cylinder {
	<46.979729, 57.750168, 51.362709>,  <47.048477, 57.670868, 51.146873>, 0.100000
	pigment { color rgbt <1,0,0,0> }
	no_shadow
}
cylinder {
	<46.979729, 57.750168, 51.362709>,  <46.865147, 57.882336, 51.722435>, 0.100000
	pigment { color rgbt <1,0,0,0> }
	no_shadow
}

// particle -1
sphere {
	<46.979729, 57.750168, 51.362709> 0.100000
	pigment { color rgbt <1,0,0,0> }
	no_shadow
}
sphere {
	0, 1
	scale<0.080000,0.200000,0.300000>
	matrix <0.955064, 0.173054, 0.240634,
		0.076119, -0.927833, 0.365147,
		0.286459, -0.330422, -0.899312,
		47.065666, 57.651043, 51.092915>
	pigment { color rgbt <0,1,1,0> }
	no_shadow
}
cylinder {
	<47.486847, 57.560825, 51.716190>,  <46.865147, 57.882336, 51.722435>, 0.130000
	pigment { color rgbt <1,0,0,0> }
	no_shadow
}

// nucleotide -1

// particle -1
sphere {
	<47.486847, 57.560825, 51.716190> 0.250000
	pigment { color rgbt <1,0,0,0> }
	no_shadow
}
cylinder {
	<47.500298, 57.583527, 51.317062>,  <47.508366, 57.597145, 51.077583>, 0.100000
	pigment { color rgbt <1,0,0,0> }
	no_shadow
}
cylinder {
	<47.500298, 57.583527, 51.317062>,  <47.486847, 57.560825, 51.716190>, 0.100000
	pigment { color rgbt <1,0,0,0> }
	no_shadow
}

// particle -1
sphere {
	<47.500298, 57.583527, 51.317062> 0.100000
	pigment { color rgbt <1,0,0,0> }
	no_shadow
}
sphere {
	0, 1
	scale<0.080000,0.200000,0.300000>
	matrix <0.995695, 0.084391, 0.038350,
		0.086383, -0.994815, -0.053669,
		0.033622, 0.056750, -0.997822,
		47.510384, 57.600552, 51.017715>
	pigment { color rgbt <0,1,1,0> }
	no_shadow
}
cylinder {
	<47.951069, 56.995098, 51.349628>,  <47.486847, 57.560825, 51.716190>, 0.130000
	pigment { color rgbt <1,0,0,0> }
	no_shadow
}

// nucleotide -1

// particle -1
sphere {
	<47.951069, 56.995098, 51.349628> 0.250000
	pigment { color rgbt <1,0,0,0> }
	no_shadow
}
cylinder {
	<47.941025, 57.354012, 51.173332>,  <47.934998, 57.569359, 51.067554>, 0.100000
	pigment { color rgbt <1,0,0,0> }
	no_shadow
}
cylinder {
	<47.941025, 57.354012, 51.173332>,  <47.951069, 56.995098, 51.349628>, 0.100000
	pigment { color rgbt <1,0,0,0> }
	no_shadow
}

// particle -1
sphere {
	<47.941025, 57.354012, 51.173332> 0.100000
	pigment { color rgbt <1,0,0,0> }
	no_shadow
}
sphere {
	0, 1
	scale<0.080000,0.200000,0.300000>
	matrix <0.974796, 0.119743, 0.188240,
		0.221680, -0.424901, -0.877677,
		-0.025112, 0.897285, -0.440736,
		47.933491, 57.623196, 51.041111>
	pigment { color rgbt <0,1,1,0> }
	no_shadow
}
cylinder {
	<48.486855, 57.058456, 50.894478>,  <47.951069, 56.995098, 51.349628>, 0.130000
	pigment { color rgbt <1,0,0,0> }
	no_shadow
}

// nucleotide -1

// particle -1
sphere {
	<48.486855, 57.058456, 50.894478> 0.250000
	pigment { color rgbt <1,0,0,0> }
	no_shadow
}
cylinder {
	<48.417492, 57.447441, 50.956757>,  <48.375874, 57.680832, 50.994122>, 0.100000
	pigment { color rgbt <1,0,0,0> }
	no_shadow
}
cylinder {
	<48.417492, 57.447441, 50.956757>,  <48.486855, 57.058456, 50.894478>, 0.100000
	pigment { color rgbt <1,0,0,0> }
	no_shadow
}

// particle -1
sphere {
	<48.417492, 57.447441, 50.956757> 0.100000
	pigment { color rgbt <1,0,0,0> }
	no_shadow
}
sphere {
	0, 1
	scale<0.080000,0.200000,0.300000>
	matrix <0.981795, 0.183138, -0.050383,
		-0.077510, 0.144124, -0.986519,
		-0.173407, 0.972465, 0.155695,
		48.365471, 57.739182, 51.003464>
	pigment { color rgbt <0,1,1,0> }
	no_shadow
}
cylinder {
	<48.878166, 57.454144, 50.373573>,  <48.486855, 57.058456, 50.894478>, 0.130000
	pigment { color rgbt <1,0,0,0> }
	no_shadow
}

// nucleotide -1

// particle -1
sphere {
	<48.878166, 57.454144, 50.373573> 0.250000
	pigment { color rgbt <1,0,0,0> }
	no_shadow
}
cylinder {
	<48.805660, 57.641518, 50.719452>,  <48.762157, 57.753944, 50.926979>, 0.100000
	pigment { color rgbt <1,0,0,0> }
	no_shadow
}
cylinder {
	<48.805660, 57.641518, 50.719452>,  <48.878166, 57.454144, 50.373573>, 0.100000
	pigment { color rgbt <1,0,0,0> }
	no_shadow
}

// particle -1
sphere {
	<48.805660, 57.641518, 50.719452> 0.100000
	pigment { color rgbt <1,0,0,0> }
	no_shadow
}
sphere {
	0, 1
	scale<0.080000,0.200000,0.300000>
	matrix <0.960238, 0.274150, 0.052780,
		-0.212333, 0.839886, -0.499506,
		-0.181269, 0.468437, 0.864701,
		48.751278, 57.782047, 50.978863>
	pigment { color rgbt <0,1,1,0> }
	no_shadow
}
cylinder {
	<49.389069, 57.899456, 50.623531>,  <48.878166, 57.454144, 50.373573>, 0.130000
	pigment { color rgbt <1,0,0,0> }
	no_shadow
}

// nucleotide -1

// particle -1
sphere {
	<49.389069, 57.899456, 50.623531> 0.250000
	pigment { color rgbt <1,0,0,0> }
	no_shadow
}
cylinder {
	<49.173687, 57.997059, 50.946152>,  <49.044456, 58.055622, 51.139725>, 0.100000
	pigment { color rgbt <1,0,0,0> }
	no_shadow
}
cylinder {
	<49.173687, 57.997059, 50.946152>,  <49.389069, 57.899456, 50.623531>, 0.100000
	pigment { color rgbt <1,0,0,0> }
	no_shadow
}

// particle -1
sphere {
	<49.173687, 57.997059, 50.946152> 0.100000
	pigment { color rgbt <1,0,0,0> }
	no_shadow
}
sphere {
	0, 1
	scale<0.080000,0.200000,0.300000>
	matrix <0.815057, 0.393759, 0.425012,
		-0.213879, 0.886235, -0.410905,
		-0.538458, 0.244010, 0.806549,
		49.012150, 58.070263, 51.188118>
	pigment { color rgbt <0,1,1,0> }
	no_shadow
}
cylinder {
	<49.592838, 58.608730, 50.966434>,  <49.389069, 57.899456, 50.623531>, 0.130000
	pigment { color rgbt <1,0,0,0> }
	no_shadow
}

// nucleotide -1

// particle -1
sphere {
	<49.592838, 58.608730, 50.966434> 0.250000
	pigment { color rgbt <1,0,0,0> }
	no_shadow
}
cylinder {
	<49.448650, 58.401344, 51.276596>,  <49.362137, 58.276913, 51.462692>, 0.100000
	pigment { color rgbt <1,0,0,0> }
	no_shadow
}
cylinder {
	<49.448650, 58.401344, 51.276596>,  <49.592838, 58.608730, 50.966434>, 0.100000
	pigment { color rgbt <1,0,0,0> }
	no_shadow
}

// particle -1
sphere {
	<49.448650, 58.401344, 51.276596> 0.100000
	pigment { color rgbt <1,0,0,0> }
	no_shadow
}
sphere {
	0, 1
	scale<0.080000,0.200000,0.300000>
	matrix <0.845636, 0.169174, 0.506240,
		-0.393647, 0.838196, 0.377451,
		-0.360474, -0.518466, 0.775404,
		49.340508, 58.245804, 51.509216>
	pigment { color rgbt <0,1,1,0> }
	no_shadow
}
cylinder {
	<49.794418, 59.051945, 51.521191>,  <49.592838, 58.608730, 50.966434>, 0.130000
	pigment { color rgbt <1,0,0,0> }
	no_shadow
}

// nucleotide -1

// particle -1
sphere {
	<49.794418, 59.051945, 51.521191> 0.250000
	pigment { color rgbt <1,0,0,0> }
	no_shadow
}
cylinder {
	<49.752045, 58.666702, 51.620140>,  <49.726620, 58.435555, 51.679512>, 0.100000
	pigment { color rgbt <1,0,0,0> }
	no_shadow
}
cylinder {
	<49.752045, 58.666702, 51.620140>,  <49.794418, 59.051945, 51.521191>, 0.100000
	pigment { color rgbt <1,0,0,0> }
	no_shadow
}

// particle -1
sphere {
	<49.752045, 58.666702, 51.620140> 0.100000
	pigment { color rgbt <1,0,0,0> }
	no_shadow
}
sphere {
	0, 1
	scale<0.080000,0.200000,0.300000>
	matrix <0.808866, 0.061234, 0.584795,
		-0.578370, 0.262047, 0.772541,
		-0.105938, -0.963111, 0.247376,
		49.720264, 58.377769, 51.694351>
	pigment { color rgbt <0,1,1,0> }
	no_shadow
}
cylinder {
	<49.731728, 59.007744, 52.254543>,  <49.794418, 59.051945, 51.521191>, 0.130000
	pigment { color rgbt <1,0,0,0> }
	no_shadow
}

// nucleotide -1

// particle -1
sphere {
	<49.731728, 59.007744, 52.254543> 0.250000
	pigment { color rgbt <1,0,0,0> }
	no_shadow
}
cylinder {
	<49.882168, 58.686943, 52.068928>,  <49.972431, 58.494461, 51.957558>, 0.100000
	pigment { color rgbt <1,0,0,0> }
	no_shadow
}
cylinder {
	<49.882168, 58.686943, 52.068928>,  <49.731728, 59.007744, 52.254543>, 0.100000
	pigment { color rgbt <1,0,0,0> }
	no_shadow
}

// particle -1
sphere {
	<49.882168, 58.686943, 52.068928> 0.100000
	pigment { color rgbt <1,0,0,0> }
	no_shadow
}
sphere {
	0, 1
	scale<0.080000,0.200000,0.300000>
	matrix <0.756324, -0.023593, 0.653772,
		-0.535277, -0.596849, 0.597704,
		0.376102, -0.802007, -0.464040,
		49.994999, 58.446342, 51.929714>
	pigment { color rgbt <0,1,1,0> }
	no_shadow
}
cylinder {
	<49.960537, 58.558830, 52.758434>,  <49.731728, 59.007744, 52.254543>, 0.130000
	pigment { color rgbt <1,0,0,0> }
	no_shadow
}

// nucleotide -1

// particle -1
sphere {
	<49.960537, 58.558830, 52.758434> 0.250000
	pigment { color rgbt <1,0,0,0> }
	no_shadow
}
cylinder {
	<50.164791, 58.424141, 52.441986>,  <50.287346, 58.343327, 52.252117>, 0.100000
	pigment { color rgbt <1,0,0,0> }
	no_shadow
}
cylinder {
	<50.164791, 58.424141, 52.441986>,  <49.960537, 58.558830, 52.758434>, 0.100000
	pigment { color rgbt <1,0,0,0> }
	no_shadow
}

// particle -1
sphere {
	<50.164791, 58.424141, 52.441986> 0.100000
	pigment { color rgbt <1,0,0,0> }
	no_shadow
}
sphere {
	0, 1
	scale<0.080000,0.200000,0.300000>
	matrix <0.826035, -0.063175, 0.560067,
		-0.238567, -0.939481, 0.245888,
		0.510638, -0.336726, -0.791116,
		50.317982, 58.323124, 52.204651>
	pigment { color rgbt <0,1,1,0> }
	no_shadow
}
cylinder {
	<50.265285, 57.943127, 52.932446>,  <49.960537, 58.558830, 52.758434>, 0.130000
	pigment { color rgbt <1,0,0,0> }
	no_shadow
}

// nucleotide -1

// particle -1
sphere {
	<50.265285, 57.943127, 52.932446> 0.250000
	pigment { color rgbt <1,0,0,0> }
	no_shadow
}
cylinder {
	<50.498814, 58.115414, 52.657162>,  <50.638931, 58.218784, 52.491993>, 0.100000
	pigment { color rgbt <1,0,0,0> }
	no_shadow
}
cylinder {
	<50.498814, 58.115414, 52.657162>,  <50.265285, 57.943127, 52.932446>, 0.100000
	pigment { color rgbt <1,0,0,0> }
	no_shadow
}

// particle -1
sphere {
	<50.498814, 58.115414, 52.657162> 0.100000
	pigment { color rgbt <1,0,0,0> }
	no_shadow
}
sphere {
	0, 1
	scale<0.080000,0.200000,0.300000>
	matrix <0.806801, -0.213099, 0.551054,
		0.090693, -0.876966, -0.471917,
		0.583821, 0.430719, -0.688211,
		50.673962, 58.244629, 52.450699>
	pigment { color rgbt <0,1,1,0> }
	no_shadow
}
cylinder {
	<50.756897, 57.419216, 52.832378>,  <50.265285, 57.943127, 52.932446>, 0.130000
	pigment { color rgbt <1,0,0,0> }
	no_shadow
}

// nucleotide -1

// particle -1
sphere {
	<50.756897, 57.419216, 52.832378> 0.250000
	pigment { color rgbt <1,0,0,0> }
	no_shadow
}
cylinder {
	<50.915993, 57.777435, 52.752575>,  <51.011452, 57.992367, 52.704693>, 0.100000
	pigment { color rgbt <1,0,0,0> }
	no_shadow
}
cylinder {
	<50.915993, 57.777435, 52.752575>,  <50.756897, 57.419216, 52.832378>, 0.100000
	pigment { color rgbt <1,0,0,0> }
	no_shadow
}

// particle -1
sphere {
	<50.915993, 57.777435, 52.752575> 0.100000
	pigment { color rgbt <1,0,0,0> }
	no_shadow
}
sphere {
	0, 1
	scale<0.080000,0.200000,0.300000>
	matrix <0.868511, -0.297388, 0.396546,
		0.295792, -0.331000, -0.896072,
