// switches for output
#declare DRAW_BASES = 1; // possible values are 0, 1; only relevant for DNA ribbons
#declare DRAW_BASES_TYPE = 3; // possible values are 1, 2, 3; only relevant for DNA ribbons
#declare DRAW_FOG = 0; // set to 1 to enable fog

#include "colors.inc"

#include "transforms.inc"
background { rgb <1, 1, 1>}

#default {
   normal{
       ripples 0.25
       frequency 0.20
       turbulence 0.2
       lambda 5
   }
	finish {
		phong 0.1
		phong_size 40.
	}
}

// original window dimensions: 1024x640


// camera settings

camera {
	sky <-0, 1, 0>
	up <-0, 1, 0>
	right 1.6 * <0.99995, 0, 0.00999983>
	location <54.4867, 55, 106.329>
	look_at <55, 55, 55.0001>
	direction <0.513302, 0, -51.3289>
	angle 67.0682
}


# declare cpy_camera_pos = <54.4867, 55, 106.329>;
# if (DRAW_FOG = 1)
fog {
	fog_type 2
	up vnormalize(cpy_camera_pos)
	color rgbt<1,1,1,0.3>
	distance 1e-5
	fog_alt 3e-3
	fog_offset 88
}
# end


// LIGHTS

# declare lum = 6;
global_settings {
	ambient_light rgb lum * <0.05, 0.05, 0.05>
	max_trace_level 15
}# declare cpy_direct_light_amount = 0.25;
light_source
{	1000 * <-0.98995, -1, 1.00995>,
	rgb lum * cpy_direct_light_amount
	parallel
}

light_source
{	1000 * <0.98995, 1, -1.00995>,
	rgb lum * cpy_direct_light_amount
	parallel
}

// strand 0

// nucleotide -1

// particle -1
sphere {
	<36.308952, 52.707031, 50.626614> 0.250000
	pigment { color rgbt <1,0,0,0> }
	no_shadow
}
cylinder {
	<36.278885, 52.769257, 50.232628>,  <36.260845, 52.806591, 49.996239>, 0.100000
	pigment { color rgbt <1,0,0,0> }
	no_shadow
}
cylinder {
	<36.278885, 52.769257, 50.232628>,  <36.308952, 52.707031, 50.626614>, 0.100000
	pigment { color rgbt <1,0,0,0> }
	no_shadow
}

// particle -1
sphere {
	<36.278885, 52.769257, 50.232628> 0.100000
	pigment { color rgbt <1,0,0,0> }
	no_shadow
}
sphere {
	0, 1
	scale<0.080000,0.200000,0.300000>
	matrix <-0.937343, 0.325969, 0.123012,
		0.340203, 0.932494, 0.121312,
		-0.075164, 0.155560, -0.984963,
		36.256336, 52.815926, 49.937138>
	pigment { color rgbt <0,1,1,0> }
	no_shadow
}
cylinder {
	<36.082253, 53.372894, 50.504894>,  <36.308952, 52.707031, 50.626614>, 0.130000
	pigment { color rgbt <1,0,0,0> }
	no_shadow
}

// nucleotide -1

// particle -1
sphere {
	<36.082253, 53.372894, 50.504894> 0.250000
	pigment { color rgbt <1,0,0,0> }
	no_shadow
}
cylinder {
	<35.948109, 53.142670, 50.206566>,  <35.867622, 53.004536, 50.027569>, 0.100000
	pigment { color rgbt <1,0,0,0> }
	no_shadow
}
cylinder {
	<35.948109, 53.142670, 50.206566>,  <36.082253, 53.372894, 50.504894>, 0.100000
	pigment { color rgbt <1,0,0,0> }
	no_shadow
}

// particle -1
sphere {
	<35.948109, 53.142670, 50.206566> 0.100000
	pigment { color rgbt <1,0,0,0> }
	no_shadow
}
sphere {
	0, 1
	scale<0.080000,0.200000,0.300000>
	matrix <-0.936942, 0.286409, 0.200274,
		0.098340, 0.765959, -0.635323,
		-0.335364, -0.575566, -0.745825,
		35.847500, 52.970001, 49.982819>
	pigment { color rgbt <0,1,1,0> }
	no_shadow
}
cylinder {
	<36.696499, 53.543644, 50.978008>,  <36.082253, 53.372894, 50.504894>, 0.130000
	pigment { color rgbt <1,0,0,0> }
	no_shadow
}

// nucleotide -1

// particle -1
sphere {
	<36.696499, 53.543644, 50.978008> 0.250000
	pigment { color rgbt <1,0,0,0> }
	no_shadow
}
cylinder {
	<37.047085, 53.631145, 50.806446>,  <37.257435, 53.683647, 50.703510>, 0.100000
	pigment { color rgbt <1,0,0,0> }
	no_shadow
}
cylinder {
	<37.047085, 53.631145, 50.806446>,  <36.696499, 53.543644, 50.978008>, 0.100000
	pigment { color rgbt <1,0,0,0> }
	no_shadow
}

// particle -1
sphere {
	<37.047085, 53.631145, 50.806446> 0.100000
	pigment { color rgbt <1,0,0,0> }
	no_shadow
}
sphere {
	0, 1
	scale<0.080000,0.200000,0.300000>
	matrix <0.340688, 0.347685, 0.873526,
		0.340209, -0.911736, 0.230207,
		0.876465, 0.218753, -0.428902,
		37.310024, 53.696774, 50.677776>
	pigment { color rgbt <0,1,1,0> }
	no_shadow
}
cylinder {
	<37.348034, 53.141033, 51.185360>,  <36.696499, 53.543644, 50.978008>, 0.130000
	pigment { color rgbt <1,0,0,0> }
	no_shadow
}

// nucleotide -1

// particle -1
sphere {
	<37.348034, 53.141033, 51.185360> 0.250000
	pigment { color rgbt <1,0,0,0> }
	no_shadow
}
cylinder {
	<37.411240, 53.525990, 51.096962>,  <37.449162, 53.756962, 51.043922>, 0.100000
	pigment { color rgbt <1,0,0,0> }
	no_shadow
}
cylinder {
	<37.411240, 53.525990, 51.096962>,  <37.348034, 53.141033, 51.185360>, 0.100000
	pigment { color rgbt <1,0,0,0> }
	no_shadow
}

// particle -1
sphere {
	<37.411240, 53.525990, 51.096962> 0.100000
	pigment { color rgbt <1,0,0,0> }
	no_shadow
}
sphere {
	0, 1
	scale<0.080000,0.200000,0.300000>
	matrix <0.404767, 0.141008, 0.903482,
		0.900664, -0.232211, -0.367263,
		0.158011, 0.962390, -0.220992,
		37.458645, 53.814705, 51.030663>
	pigment { color rgbt <0,1,1,0> }
	no_shadow
}
cylinder {
	<38.043514, 53.303322, 51.436764>,  <37.348034, 53.141033, 51.185360>, 0.130000
	pigment { color rgbt <1,0,0,0> }
	no_shadow
}

// nucleotide -1

// particle -1
sphere {
	<38.043514, 53.303322, 51.436764> 0.250000
	pigment { color rgbt <1,0,0,0> }
	no_shadow
}
cylinder {
	<37.837822, 53.646320, 51.430279>,  <37.714405, 53.852119, 51.426388>, 0.100000
	pigment { color rgbt <1,0,0,0> }
	no_shadow
}
cylinder {
	<37.837822, 53.646320, 51.430279>,  <38.043514, 53.303322, 51.436764>, 0.100000
	pigment { color rgbt <1,0,0,0> }
	no_shadow
}

// particle -1
sphere {
	<37.837822, 53.646320, 51.430279> 0.100000
	pigment { color rgbt <1,0,0,0> }
	no_shadow
}
sphere {
	0, 1
	scale<0.080000,0.200000,0.300000>
	matrix <0.441584, 0.280926, 0.852106,
		0.735233, 0.431022, -0.523118,
		-0.514234, 0.857497, -0.016213,
		37.683552, 53.903568, 51.425415>
	pigment { color rgbt <0,1,1,0> }
	no_shadow
}
cylinder {
	<38.601784, 53.812920, 51.509506>,  <38.043514, 53.303322, 51.436764>, 0.130000
	pigment { color rgbt <1,0,0,0> }
	no_shadow
}

// nucleotide -1

// particle -1
sphere {
	<38.601784, 53.812920, 51.509506> 0.250000
	pigment { color rgbt <1,0,0,0> }
	no_shadow
}
cylinder {
	<38.603798, 53.958412, 51.882103>,  <38.605007, 54.045708, 52.105659>, 0.100000
	pigment { color rgbt <1,0,0,0> }
	no_shadow
}
cylinder {
	<38.603798, 53.958412, 51.882103>,  <38.601784, 53.812920, 51.509506>, 0.100000
	pigment { color rgbt <1,0,0,0> }
	no_shadow
}

// particle -1
sphere {
	<38.603798, 53.958412, 51.882103> 0.100000
	pigment { color rgbt <1,0,0,0> }
	no_shadow
}
sphere {
	0, 1
	scale<0.080000,0.200000,0.300000>
	matrix <0.940724, 0.314187, -0.127770,
		-0.339136, 0.876917, -0.340593,
		0.005034, 0.363735, 0.931489,
		38.605309, 54.067532, 52.161549>
	pigment { color rgbt <0,1,1,0> }
	no_shadow
}
cylinder {
	<38.963009, 54.434856, 51.602722>,  <38.601784, 53.812920, 51.509506>, 0.130000
	pigment { color rgbt <1,0,0,0> }
	no_shadow
}

// nucleotide -1

// particle -1
sphere {
	<38.963009, 54.434856, 51.602722> 0.250000
	pigment { color rgbt <1,0,0,0> }
	no_shadow
}
cylinder {
	<38.982018, 54.229027, 51.945175>,  <38.993423, 54.105530, 52.150646>, 0.100000
	pigment { color rgbt <1,0,0,0> }
	no_shadow
}
cylinder {
	<38.982018, 54.229027, 51.945175>,  <38.963009, 54.434856, 51.602722>, 0.100000
	pigment { color rgbt <1,0,0,0> }
	no_shadow
}

// particle -1
sphere {
	<38.982018, 54.229027, 51.945175> 0.100000
	pigment { color rgbt <1,0,0,0> }
	no_shadow
}
sphere {
	0, 1
	scale<0.080000,0.200000,0.300000>
	matrix <0.998783, 0.013175, -0.047526,
		0.013175, 0.857345, 0.514573,
		0.047526, -0.514573, 0.856129,
		38.996277, 54.074654, 52.202015>
	pigment { color rgbt <0,1,1,0> }
	no_shadow
}
cylinder {
	<39.337975, 54.759464, 52.242008>,  <38.963009, 54.434856, 51.602722>, 0.130000
	pigment { color rgbt <1,0,0,0> }
	no_shadow
}

// nucleotide -1

// particle -1
sphere {
	<39.337975, 54.759464, 52.242008> 0.250000
	pigment { color rgbt <1,0,0,0> }
	no_shadow
}
cylinder {
	<39.385464, 54.363941, 52.205872>,  <39.413956, 54.126625, 52.184189>, 0.100000
	pigment { color rgbt <1,0,0,0> }
	no_shadow
}
cylinder {
	<39.385464, 54.363941, 52.205872>,  <39.337975, 54.759464, 52.242008>, 0.100000
	pigment { color rgbt <1,0,0,0> }
	no_shadow
}

// particle -1
sphere {
	<39.385464, 54.363941, 52.205872> 0.100000
	pigment { color rgbt <1,0,0,0> }
	no_shadow
}
sphere {
	0, 1
	scale<0.080000,0.200000,0.300000>
	matrix <0.896462, 0.145861, -0.418427,
		0.426921, -0.031310, 0.903747,
		0.118720, -0.988810, -0.090340,
		39.421082, 54.067299, 52.178768>
	pigment { color rgbt <0,1,1,0> }
	no_shadow
}
cylinder {
	<39.978123, 54.531258, 52.541740>,  <39.337975, 54.759464, 52.242008>, 0.130000
	pigment { color rgbt <1,0,0,0> }
	no_shadow
}

// nucleotide -1

// particle -1
sphere {
	<39.978123, 54.531258, 52.541740> 0.250000
	pigment { color rgbt <1,0,0,0> }
	no_shadow
}
cylinder {
	<39.851631, 54.292534, 52.246765>,  <39.775738, 54.149300, 52.069778>, 0.100000
	pigment { color rgbt <1,0,0,0> }
	no_shadow
}
cylinder {
	<39.851631, 54.292534, 52.246765>,  <39.978123, 54.531258, 52.541740>, 0.100000
	pigment { color rgbt <1,0,0,0> }
	no_shadow
}

// particle -1
sphere {
	<39.851631, 54.292534, 52.246765> 0.100000
	pigment { color rgbt <1,0,0,0> }
	no_shadow
}
sphere {
	0, 1
	scale<0.080000,0.200000,0.300000>
	matrix <0.868709, 0.130214, -0.477901,
		0.381242, -0.791744, 0.477280,
		-0.316226, -0.596813, -0.737438,
		39.756763, 54.113491, 52.025536>
	pigment { color rgbt <0,1,1,0> }
	no_shadow
}
cylinder {
	<40.330582, 53.785763, 52.351463>,  <39.978123, 54.531258, 52.541740>, 0.130000
	pigment { color rgbt <1,0,0,0> }
	no_shadow
}

// nucleotide -1

// particle -1
sphere {
	<40.330582, 53.785763, 52.351463> 0.250000
	pigment { color rgbt <1,0,0,0> }
	no_shadow
}
cylinder {
	<40.201138, 53.986191, 52.030415>,  <40.123470, 54.106449, 51.837784>, 0.100000
	pigment { color rgbt <1,0,0,0> }
	no_shadow
}
cylinder {
	<40.201138, 53.986191, 52.030415>,  <40.330582, 53.785763, 52.351463>, 0.100000
	pigment { color rgbt <1,0,0,0> }
	no_shadow
}

// particle -1
sphere {
	<40.201138, 53.986191, 52.030415> 0.100000
	pigment { color rgbt <1,0,0,0> }
	no_shadow
}
sphere {
	0, 1
	scale<0.080000,0.200000,0.300000>
	matrix <0.929753, 0.010962, -0.368021,
		-0.175607, -0.865335, -0.469423,
		-0.323608, 0.501075, -0.802622,
		40.104053, 54.136513, 51.789627>
	pigment { color rgbt <0,1,1,0> }
	no_shadow
}
cylinder {
	<40.776894, 53.546513, 51.896965>,  <40.330582, 53.785763, 52.351463>, 0.130000
	pigment { color rgbt <1,0,0,0> }
	no_shadow
}

// nucleotide -1

// particle -1
sphere {
	<40.776894, 53.546513, 51.896965> 0.250000
	pigment { color rgbt <1,0,0,0> }
	no_shadow
}
cylinder {
	<40.578110, 53.795265, 51.654877>,  <40.458839, 53.944515, 51.509624>, 0.100000
	pigment { color rgbt <1,0,0,0> }
	no_shadow
}
cylinder {
	<40.578110, 53.795265, 51.654877>,  <40.776894, 53.546513, 51.896965>, 0.100000
	pigment { color rgbt <1,0,0,0> }
	no_shadow
}

// particle -1
sphere {
	<40.578110, 53.795265, 51.654877> 0.100000
	pigment { color rgbt <1,0,0,0> }
	no_shadow
}
sphere {
	0, 1
	scale<0.080000,0.200000,0.300000>
	matrix <0.790831, 0.037449, -0.610888,
		-0.357235, -0.782215, -0.510414,
		-0.496960, 0.621882, -0.605222,
		40.429020, 53.981831, 51.473309>
	pigment { color rgbt <0,1,1,0> }
	no_shadow
}
cylinder {
	<41.562714, 53.461815, 51.673210>,  <40.776894, 53.546513, 51.896965>, 0.130000
	pigment { color rgbt <1,0,0,0> }
	no_shadow
}

// nucleotide -1

// particle -1
sphere {
	<41.562714, 53.461815, 51.673210> 0.250000
	pigment { color rgbt <1,0,0,0> }
	no_shadow
}
cylinder {
	<41.774437, 53.122467, 51.677151>,  <41.901470, 52.918858, 51.679516>, 0.100000
	pigment { color rgbt <1,0,0,0> }
	no_shadow
}
cylinder {
	<41.774437, 53.122467, 51.677151>,  <41.562714, 53.461815, 51.673210>, 0.100000
	pigment { color rgbt <1,0,0,0> }
	no_shadow
}

// particle -1
sphere {
	<41.774437, 53.122467, 51.677151> 0.100000
	pigment { color rgbt <1,0,0,0> }
	no_shadow
}
sphere {
	0, 1
	scale<0.080000,0.200000,0.300000>
	matrix <-0.309664, -0.203990, -0.928707,
		0.789898, 0.488523, -0.370684,
		0.529310, -0.848371, 0.009853,
		41.933231, 52.867954, 51.680107>
	pigment { color rgbt <0,1,1,0> }
	no_shadow
}
cylinder {
	<41.732052, 53.919773, 52.198578>,  <41.562714, 53.461815, 51.673210>, 0.130000
	pigment { color rgbt <1,0,0,0> }
	no_shadow
}

// nucleotide -1

// particle -1
sphere {
	<41.732052, 53.919773, 52.198578> 0.250000
	pigment { color rgbt <1,0,0,0> }
	no_shadow
}
cylinder {
	<41.935860, 53.909767, 52.542618>,  <42.058144, 53.903763, 52.749043>, 0.100000
	pigment { color rgbt <1,0,0,0> }
	no_shadow
}
cylinder {
	<41.935860, 53.909767, 52.542618>,  <41.732052, 53.919773, 52.198578>, 0.100000
	pigment { color rgbt <1,0,0,0> }
	no_shadow
}

// particle -1
sphere {
	<41.935860, 53.909767, 52.542618> 0.100000
	pigment { color rgbt <1,0,0,0> }
	no_shadow
}
sphere {
	0, 1
	scale<0.080000,0.200000,0.300000>
	matrix <-0.578829, -0.749569, 0.321095,
		0.636671, -0.661453, -0.396396,
		0.509516, -0.025014, 0.860097,
		42.088715, 53.902264, 52.800648>
	pigment { color rgbt <0,1,1,0> }
	no_shadow
}
cylinder {
	<42.098080, 53.283379, 52.378445>,  <41.732052, 53.919773, 52.198578>, 0.130000
	pigment { color rgbt <1,0,0,0> }
	no_shadow
}

// nucleotide -1

// particle -1
sphere {
	<42.098080, 53.283379, 52.378445> 0.250000
	pigment { color rgbt <1,0,0,0> }
	no_shadow
}
cylinder {
	<41.962746, 53.482227, 52.698044>,  <41.881546, 53.601536, 52.889805>, 0.100000
	pigment { color rgbt <1,0,0,0> }
	no_shadow
}
cylinder {
	<41.962746, 53.482227, 52.698044>,  <42.098080, 53.283379, 52.378445>, 0.100000
	pigment { color rgbt <1,0,0,0> }
	no_shadow
}

// particle -1
sphere {
	<41.962746, 53.482227, 52.698044> 0.100000
	pigment { color rgbt <1,0,0,0> }
	no_shadow
}
sphere {
	0, 1
	scale<0.080000,0.200000,0.300000>
	matrix <-0.536817, -0.799325, 0.270013,
		0.772890, -0.337562, 0.537301,
		-0.338332, 0.497123, 0.799000,
		41.861248, 53.631363, 52.937744>
	pigment { color rgbt <0,1,1,0> }
	no_shadow
}
cylinder {
	<42.252792, 52.842026, 52.978558>,  <42.098080, 53.283379, 52.378445>, 0.130000
	pigment { color rgbt <1,0,0,0> }
	no_shadow
}

// nucleotide -1

// particle -1
sphere {
	<42.252792, 52.842026, 52.978558> 0.250000
	pigment { color rgbt <1,0,0,0> }
	no_shadow
}
cylinder {
	<41.972179, 53.100941, 53.097809>,  <41.803814, 53.256290, 53.169361>, 0.100000
	pigment { color rgbt <1,0,0,0> }
	no_shadow
}
cylinder {
	<41.972179, 53.100941, 53.097809>,  <42.252792, 52.842026, 52.978558>, 0.100000
	pigment { color rgbt <1,0,0,0> }
	no_shadow
}

// particle -1
sphere {
	<41.972179, 53.100941, 53.097809> 0.100000
	pigment { color rgbt <1,0,0,0> }
	no_shadow
}
sphere {
	0, 1
	scale<0.080000,0.200000,0.300000>
	matrix <-0.480993, -0.738750, 0.472116,
		0.525837, 0.187805, 0.829593,
		-0.701528, 0.647285, 0.298129,
		41.761723, 53.295128, 53.187248>
	pigment { color rgbt <0,1,1,0> }
	no_shadow
}
cylinder {
	<41.785896, 52.832481, 53.483334>,  <42.252792, 52.842026, 52.978558>, 0.130000
	pigment { color rgbt <1,0,0,0> }
	no_shadow
}

// nucleotide -1

// particle -1
sphere {
	<41.785896, 52.832481, 53.483334> 0.250000
	pigment { color rgbt <1,0,0,0> }
	no_shadow
}
cylinder {
	<41.670464, 52.522118, 53.707718>,  <41.601204, 52.335899, 53.842350>, 0.100000
	pigment { color rgbt <1,0,0,0> }
	no_shadow
}
cylinder {
	<41.670464, 52.522118, 53.707718>,  <41.785896, 52.832481, 53.483334>, 0.100000
	pigment { color rgbt <1,0,0,0> }
	no_shadow
}

// particle -1
sphere {
	<41.670464, 52.522118, 53.707718> 0.100000
	pigment { color rgbt <1,0,0,0> }
	no_shadow
}
sphere {
	0, 1
	scale<0.080000,0.200000,0.300000>
	matrix <-0.504252, 0.621217, 0.599850,
		-0.813911, -0.109761, -0.570527,
		-0.288581, -0.775914, 0.560963,
		41.583889, 52.289345, 53.876007>
	pigment { color rgbt <0,1,1,0> }
	no_shadow
}
cylinder {
	<41.041138, 52.807606, 53.573792>,  <41.785896, 52.832481, 53.483334>, 0.130000
	pigment { color rgbt <1,0,0,0> }
	no_shadow
}

// nucleotide -1

// particle -1
sphere {
	<41.041138, 52.807606, 53.573792> 0.250000
	pigment { color rgbt <1,0,0,0> }
	no_shadow
}
cylinder {
	<41.238091, 52.639503, 53.878670>,  <41.356262, 52.538643, 54.061596>, 0.100000
	pigment { color rgbt <1,0,0,0> }
	no_shadow
}
cylinder {
	<41.238091, 52.639503, 53.878670>,  <41.041138, 52.807606, 53.573792>, 0.100000
	pigment { color rgbt <1,0,0,0> }
	no_shadow
}

// particle -1
sphere {
	<41.238091, 52.639503, 53.878670> 0.100000
	pigment { color rgbt <1,0,0,0> }
	no_shadow
}
sphere {
	0, 1
	scale<0.080000,0.200000,0.300000>
	matrix <-0.346490, 0.708680, 0.614587,
		-0.798439, -0.566705, 0.203326,
		0.492382, -0.420260, 0.762196,
		41.385807, 52.513424, 54.107327>
	pigment { color rgbt <0,1,1,0> }
	no_shadow
}
cylinder {
	<41.417740, 53.563927, 53.676075>,  <41.041138, 52.807606, 53.573792>, 0.130000
	pigment { color rgbt <1,0,0,0> }
	no_shadow
}

// nucleotide -1

// particle -1
sphere {
	<41.417740, 53.563927, 53.676075> 0.250000
	pigment { color rgbt <1,0,0,0> }
	no_shadow
}
cylinder {
	<41.641636, 53.628117, 54.001266>,  <41.775974, 53.666630, 54.196381>, 0.100000
	pigment { color rgbt <1,0,0,0> }
	no_shadow
}
cylinder {
	<41.641636, 53.628117, 54.001266>,  <41.417740, 53.563927, 53.676075>, 0.100000
	pigment { color rgbt <1,0,0,0> }
	no_shadow
}

// particle -1
sphere {
	<41.641636, 53.628117, 54.001266> 0.100000
	pigment { color rgbt <1,0,0,0> }
	no_shadow
}
sphere {
	0, 1
	scale<0.080000,0.200000,0.300000>
	matrix <0.767638, 0.269120, -0.581641,
		-0.312128, 0.949643, 0.027451,
		0.559739, 0.160474, 0.812982,
		41.809559, 53.676258, 54.245163>
	pigment { color rgbt <0,1,1,0> }
	no_shadow
}
cylinder {
	<41.583439, 54.306839, 53.768402>,  <41.417740, 53.563927, 53.676075>, 0.130000
	pigment { color rgbt <1,0,0,0> }
	no_shadow
}

// nucleotide -1

// particle -1
sphere {
	<41.583439, 54.306839, 53.768402> 0.250000
	pigment { color rgbt <1,0,0,0> }
	no_shadow
}
cylinder {
	<41.868515, 54.083717, 53.938545>,  <42.039562, 53.949844, 54.040630>, 0.100000
	pigment { color rgbt <1,0,0,0> }
	no_shadow
}
cylinder {
	<41.868515, 54.083717, 53.938545>,  <41.583439, 54.306839, 53.768402>, 0.100000
	pigment { color rgbt <1,0,0,0> }
	no_shadow
}

// particle -1
sphere {
	<41.868515, 54.083717, 53.938545> 0.100000
	pigment { color rgbt <1,0,0,0> }
	no_shadow
}
sphere {
	0, 1
	scale<0.080000,0.200000,0.300000>
	matrix <0.643650, 0.278905, -0.712690,
		0.278905, 0.781710, 0.557801,
		0.712690, -0.557801, 0.425360,
		42.082321, 53.916378, 54.066154>
	pigment { color rgbt <0,1,1,0> }
	no_shadow
}
cylinder {
	<42.156021, 54.700680, 53.860394>,  <41.583439, 54.306839, 53.768402>, 0.130000
	pigment { color rgbt <1,0,0,0> }
	no_shadow
}

// nucleotide -1

// particle -1
sphere {
	<42.156021, 54.700680, 53.860394> 0.250000
	pigment { color rgbt <1,0,0,0> }
	no_shadow
}
cylinder {
	<42.231823, 54.314465, 53.789040>,  <42.277302, 54.082733, 53.746227>, 0.100000
	pigment { color rgbt <1,0,0,0> }
	no_shadow
}
cylinder {
	<42.231823, 54.314465, 53.789040>,  <42.156021, 54.700680, 53.860394>, 0.100000
	pigment { color rgbt <1,0,0,0> }
	no_shadow
}

// particle -1
sphere {
	<42.231823, 54.314465, 53.789040> 0.100000
	pigment { color rgbt <1,0,0,0> }
	no_shadow
}
sphere {
	0, 1
	scale<0.080000,0.200000,0.300000>
	matrix <0.541404, 0.254315, -0.801377,
		0.819128, 0.055285, 0.570940,
		0.189503, -0.965540, -0.178385,
		42.288673, 54.024803, 53.735523>
	pigment { color rgbt <0,1,1,0> }
	no_shadow
}
cylinder {
	<42.836769, 54.544235, 53.950733>,  <42.156021, 54.700680, 53.860394>, 0.130000
	pigment { color rgbt <1,0,0,0> }
	no_shadow
}

// nucleotide -1

// particle -1
sphere {
	<42.836769, 54.544235, 53.950733> 0.250000
	pigment { color rgbt <1,0,0,0> }
	no_shadow
}
cylinder {
	<42.656094, 54.329586, 53.665634>,  <42.547688, 54.200798, 53.494576>, 0.100000
	pigment { color rgbt <1,0,0,0> }
	no_shadow
}
cylinder {
	<42.656094, 54.329586, 53.665634>,  <42.836769, 54.544235, 53.950733>, 0.100000
	pigment { color rgbt <1,0,0,0> }
	no_shadow
}

// particle -1
sphere {
	<42.656094, 54.329586, 53.665634> 0.100000
	pigment { color rgbt <1,0,0,0> }
	no_shadow
}
sphere {
	0, 1
	scale<0.080000,0.200000,0.300000>
	matrix <0.609653, 0.397628, -0.685722,
		0.651385, -0.744262, 0.147551,
		-0.451687, -0.536624, -0.712751,
		42.520588, 54.168598, 53.451809>
	pigment { color rgbt <0,1,1,0> }
	no_shadow
}
cylinder {
	<43.329266, 54.367043, 53.496929>,  <42.836769, 54.544235, 53.950733>, 0.130000
	pigment { color rgbt <1,0,0,0> }
	no_shadow
}

// nucleotide -1

// particle -1
sphere {
	<43.329266, 54.367043, 53.496929> 0.250000
	pigment { color rgbt <1,0,0,0> }
	no_shadow
}
cylinder {
	<42.992046, 54.355202, 53.282120>,  <42.789715, 54.348099, 53.153233>, 0.100000
	pigment { color rgbt <1,0,0,0> }
	no_shadow
}
cylinder {
	<42.992046, 54.355202, 53.282120>,  <43.329266, 54.367043, 53.496929>, 0.100000
	pigment { color rgbt <1,0,0,0> }
	no_shadow
}

// particle -1
sphere {
	<42.992046, 54.355202, 53.282120> 0.100000
	pigment { color rgbt <1,0,0,0> }
	no_shadow
}
sphere {
	0, 1
	scale<0.080000,0.200000,0.300000>
	matrix <0.498359, 0.332489, -0.800681,
		0.202255, -0.942643, -0.265552,
		-0.843049, -0.029601, -0.537022,
		42.739132, 54.346321, 53.121014>
	pigment { color rgbt <0,1,1,0> }
	no_shadow
}
cylinder {
	<43.978592, 54.439178, 53.134846>,  <43.329266, 54.367043, 53.496929>, 0.130000
	pigment { color rgbt <1,0,0,0> }
	no_shadow
}

// nucleotide -1

// particle -1
sphere {
	<43.978592, 54.439178, 53.134846> 0.250000
	pigment { color rgbt <1,0,0,0> }
	no_shadow
}
cylinder {
	<44.258583, 54.163620, 53.210159>,  <44.426579, 53.998283, 53.255348>, 0.100000
	pigment { color rgbt <1,0,0,0> }
	no_shadow
}
cylinder {
	<44.258583, 54.163620, 53.210159>,  <43.978592, 54.439178, 53.134846>, 0.100000
	pigment { color rgbt <1,0,0,0> }
	no_shadow
}

// particle -1
sphere {
	<44.258583, 54.163620, 53.210159> 0.100000
	pigment { color rgbt <1,0,0,0> }
	no_shadow
}
sphere {
	0, 1
	scale<0.080000,0.200000,0.300000>
	matrix <-0.284202, -0.026828, 0.958389,
		-0.655183, -0.724360, -0.214565,
		0.699975, -0.688900, 0.188287,
		44.468575, 53.956951, 53.266647>
	pigment { color rgbt <0,1,1,0> }
	no_shadow
}
cylinder {
	<44.606201, 54.460403, 52.892292>,  <43.978592, 54.439178, 53.134846>, 0.130000
	pigment { color rgbt <1,0,0,0> }
	no_shadow
}

// nucleotide -1

// particle -1
sphere {
	<44.606201, 54.460403, 52.892292> 0.250000
	pigment { color rgbt <1,0,0,0> }
	no_shadow
}
cylinder {
	<44.903488, 54.553730, 52.641472>,  <45.081860, 54.609726, 52.490978>, 0.100000
	pigment { color rgbt <1,0,0,0> }
	no_shadow
}
cylinder {
	<44.903488, 54.553730, 52.641472>,  <44.606201, 54.460403, 52.892292>, 0.100000
	pigment { color rgbt <1,0,0,0> }
	no_shadow
}

// particle -1
sphere {
	<44.903488, 54.553730, 52.641472> 0.100000
	pigment { color rgbt <1,0,0,0> }
	no_shadow
}
sphere {
	0, 1
	scale<0.080000,0.200000,0.300000>
	matrix <0.580169, -0.691522, 0.430349,
		-0.333213, -0.683639, -0.649312,
		0.743217, 0.233313, -0.627051,
		45.126453, 54.623722, 52.453358>
	pigment { color rgbt <0,1,1,0> }
	no_shadow
}
cylinder {
	<45.010895, 53.875813, 52.409748>,  <44.606201, 54.460403, 52.892292>, 0.130000
	pigment { color rgbt <1,0,0,0> }
	no_shadow
}

// nucleotide -1

// particle -1
sphere {
	<45.010895, 53.875813, 52.409748> 0.250000
	pigment { color rgbt <1,0,0,0> }
	no_shadow
}
cylinder {
	<45.237213, 54.186401, 52.520721>,  <45.373005, 54.372753, 52.587303>, 0.100000
	pigment { color rgbt <1,0,0,0> }
	no_shadow
}
cylinder {
	<45.237213, 54.186401, 52.520721>,  <45.010895, 53.875813, 52.409748>, 0.100000
	pigment { color rgbt <1,0,0,0> }
	no_shadow
}

// particle -1
sphere {
	<45.237213, 54.186401, 52.520721> 0.100000
	pigment { color rgbt <1,0,0,0> }
	no_shadow
}
sphere {
	0, 1
	scale<0.080000,0.200000,0.300000>
	matrix <0.645342, -0.626438, 0.437160,
		0.513235, -0.068306, -0.855526,
		0.565795, 0.776472, 0.277429,
		45.406952, 54.419342, 52.603951>
	pigment { color rgbt <0,1,1,0> }
	no_shadow
}
cylinder {
	<45.651638, 53.666332, 52.447334>,  <45.010895, 53.875813, 52.409748>, 0.130000
	pigment { color rgbt <1,0,0,0> }
	no_shadow
}

// nucleotide -1

// particle -1
sphere {
	<45.651638, 53.666332, 52.447334> 0.250000
	pigment { color rgbt <1,0,0,0> }
	no_shadow
}
cylinder {
	<45.684891, 53.995556, 52.672070>,  <45.704842, 54.193089, 52.806911>, 0.100000
	pigment { color rgbt <1,0,0,0> }
	no_shadow
}
cylinder {
	<45.684891, 53.995556, 52.672070>,  <45.651638, 53.666332, 52.447334>, 0.100000
	pigment { color rgbt <1,0,0,0> }
	no_shadow
}

// particle -1
sphere {
	<45.684891, 53.995556, 52.672070> 0.100000
	pigment { color rgbt <1,0,0,0> }
	no_shadow
}
sphere {
	0, 1
	scale<0.080000,0.200000,0.300000>
	matrix <0.627677, -0.481149, 0.611978,
		0.774022, 0.301783, -0.556612,
		0.083128, 0.823057, 0.561842,
		45.709827, 54.242474, 52.840622>
	pigment { color rgbt <0,1,1,0> }
	no_shadow
}
cylinder {
	<46.389366, 53.775368, 52.702168>,  <45.651638, 53.666332, 52.447334>, 0.130000
	pigment { color rgbt <1,0,0,0> }
	no_shadow
}

// nucleotide -1

// particle -1
sphere {
	<46.389366, 53.775368, 52.702168> 0.250000
	pigment { color rgbt <1,0,0,0> }
	no_shadow
}
cylinder {
	<46.187874, 53.924629, 53.013809>,  <46.066978, 54.014187, 53.200794>, 0.100000
	pigment { color rgbt <1,0,0,0> }
	no_shadow
}
cylinder {
	<46.187874, 53.924629, 53.013809>,  <46.389366, 53.775368, 52.702168>, 0.100000
	pigment { color rgbt <1,0,0,0> }
	no_shadow
}

// particle -1
sphere {
	<46.187874, 53.924629, 53.013809> 0.100000
	pigment { color rgbt <1,0,0,0> }
	no_shadow
}
sphere {
	0, 1
	scale<0.080000,0.200000,0.300000>
	matrix <0.753473, -0.251346, 0.607538,
		0.422533, 0.893073, -0.154553,
		-0.503729, 0.373157, 0.779109,
		46.036755, 54.036575, 53.247543>
	pigment { color rgbt <0,1,1,0> }
	no_shadow
}
cylinder {
	<46.861076, 54.276592, 53.164623>,  <46.389366, 53.775368, 52.702168>, 0.130000
	pigment { color rgbt <1,0,0,0> }
	no_shadow
}

// nucleotide -1

// particle -1
sphere {
	<46.861076, 54.276592, 53.164623> 0.250000
	pigment { color rgbt <1,0,0,0> }
	no_shadow
}
cylinder {
	<46.553349, 54.155220, 53.389503>,  <46.368710, 54.082397, 53.524433>, 0.100000
	pigment { color rgbt <1,0,0,0> }
	no_shadow
}
cylinder {
	<46.553349, 54.155220, 53.389503>,  <46.861076, 54.276592, 53.164623>, 0.100000
	pigment { color rgbt <1,0,0,0> }
	no_shadow
}

// particle -1
sphere {
	<46.553349, 54.155220, 53.389503> 0.100000
	pigment { color rgbt <1,0,0,0> }
	no_shadow
}
sphere {
	0, 1
	scale<0.080000,0.200000,0.300000>
	matrix <0.590810, -0.003082, 0.806805,
		-0.243078, 0.952848, 0.181642,
		-0.769322, -0.303432, 0.562203,
		46.322552, 54.064190, 53.558163>
	pigment { color rgbt <0,1,1,0> }
	no_shadow
}
cylinder {
	<46.600876, 54.699860, 53.652588>,  <46.861076, 54.276592, 53.164623>, 0.130000
	pigment { color rgbt <1,0,0,0> }
	no_shadow
}

// nucleotide -1

// particle -1
sphere {
	<46.600876, 54.699860, 53.652588> 0.250000
	pigment { color rgbt <1,0,0,0> }
	no_shadow
}
cylinder {
	<46.533974, 54.327744, 53.783184>,  <46.493832, 54.104473, 53.861542>, 0.100000
	pigment { color rgbt <1,0,0,0> }
	no_shadow
}
cylinder {
	<46.533974, 54.327744, 53.783184>,  <46.600876, 54.699860, 53.652588>, 0.100000
	pigment { color rgbt <1,0,0,0> }
	no_shadow
}

// particle -1
sphere {
	<46.533974, 54.327744, 53.783184> 0.100000
	pigment { color rgbt <1,0,0,0> }
	no_shadow
}
sphere {
	0, 1
	scale<0.080000,0.200000,0.300000>
	matrix <0.638019, 0.150332, 0.755203,
		-0.751636, 0.334618, 0.568396,
		-0.167257, -0.930285, 0.326488,
		46.483795, 54.048656, 53.881130>
	pigment { color rgbt <0,1,1,0> }
	no_shadow
}
cylinder {
	<46.592964, 54.863609, 54.331345>,  <46.600876, 54.699860, 53.652588>, 0.130000
	pigment { color rgbt <1,0,0,0> }
	no_shadow
}

// nucleotide -1

// particle -1
sphere {
	<46.592964, 54.863609, 54.331345> 0.250000
	pigment { color rgbt <1,0,0,0> }
	no_shadow
}
cylinder {
	<46.652088, 54.476875, 54.248035>,  <46.687561, 54.244835, 54.198048>, 0.100000
	pigment { color rgbt <1,0,0,0> }
	no_shadow
}
cylinder {
	<46.652088, 54.476875, 54.248035>,  <46.592964, 54.863609, 54.331345>, 0.100000
	pigment { color rgbt <1,0,0,0> }
	no_shadow
}

// particle -1
sphere {
	<46.652088, 54.476875, 54.248035> 0.100000
	pigment { color rgbt <1,0,0,0> }
	no_shadow
}
sphere {
	0, 1
	scale<0.080000,0.200000,0.300000>
	matrix <0.784887, -0.013457, 0.619493,
		-0.601752, -0.255040, 0.756868,
		0.147811, -0.966837, -0.208275,
		46.696430, 54.186825, 54.185555>
	pigment { color rgbt <0,1,1,0> }
	no_shadow
}
cylinder {
	<46.896778, 54.523560, 54.943874>,  <46.592964, 54.863609, 54.331345>, 0.130000
	pigment { color rgbt <1,0,0,0> }
	no_shadow
}

// nucleotide -1

// particle -1
sphere {
	<46.896778, 54.523560, 54.943874> 0.250000
	pigment { color rgbt <1,0,0,0> }
	no_shadow
}
cylinder {
	<47.012680, 54.267029, 54.659691>,  <47.082222, 54.113110, 54.489182>, 0.100000
	pigment { color rgbt <1,0,0,0> }
	no_shadow
}
cylinder {
	<47.012680, 54.267029, 54.659691>,  <46.896778, 54.523560, 54.943874>, 0.100000
	pigment { color rgbt <1,0,0,0> }
	no_shadow
}

// particle -1
sphere {
	<47.012680, 54.267029, 54.659691> 0.100000
	pigment { color rgbt <1,0,0,0> }
	no_shadow
}
sphere {
	0, 1
	scale<0.080000,0.200000,0.300000>
	matrix <0.839682, -0.185904, 0.510269,
		-0.459324, -0.744409, 0.484641,
		0.289752, -0.641322, -0.710457,
		47.099606, 54.074631, 54.446552>
	pigment { color rgbt <0,1,1,0> }
	no_shadow
}
cylinder {
	<46.929123, 53.788685, 55.200195>,  <46.896778, 54.523560, 54.943874>, 0.130000
	pigment { color rgbt <1,0,0,0> }
	no_shadow
}

// nucleotide -1

// particle -1
sphere {
	<46.929123, 53.788685, 55.200195> 0.250000
	pigment { color rgbt <1,0,0,0> }
	no_shadow
}
cylinder {
	<47.203785, 53.878525, 54.923630>,  <47.368584, 53.932430, 54.757690>, 0.100000
	pigment { color rgbt <1,0,0,0> }
	no_shadow
}
cylinder {
	<47.203785, 53.878525, 54.923630>,  <46.929123, 53.788685, 55.200195>, 0.100000
	pigment { color rgbt <1,0,0,0> }
	no_shadow
}

// particle -1
sphere {
	<47.203785, 53.878525, 54.923630> 0.100000
	pigment { color rgbt <1,0,0,0> }
	no_shadow
}
sphere {
	0, 1
	scale<0.080000,0.200000,0.300000>
	matrix <0.711038, -0.405590, 0.574389,
		-0.151425, -0.886032, -0.438199,
		0.686656, 0.224599, -0.691418,
		47.409782, 53.945904, 54.716206>
	pigment { color rgbt <0,1,1,0> }
	no_shadow
}
cylinder {
	<47.325684, 53.289841, 55.077316>,  <46.929123, 53.788685, 55.200195>, 0.130000
	pigment { color rgbt <1,0,0,0> }
	no_shadow
}

// nucleotide -1

// particle -1
sphere {
	<47.325684, 53.289841, 55.077316> 0.250000
	pigment { color rgbt <1,0,0,0> }
	no_shadow
}
cylinder {
	<47.565594, 53.593719, 54.976822>,  <47.709541, 53.776047, 54.916523>, 0.100000
	pigment { color rgbt <1,0,0,0> }
	no_shadow
}
cylinder {
	<47.565594, 53.593719, 54.976822>,  <47.325684, 53.289841, 55.077316>, 0.100000
	pigment { color rgbt <1,0,0,0> }
	no_shadow
}

// particle -1
sphere {
	<47.565594, 53.593719, 54.976822> 0.100000
	pigment { color rgbt <1,0,0,0> }
	no_shadow
}
sphere {
	0, 1
	scale<0.080000,0.200000,0.300000>
	matrix <0.792680, -0.521275, 0.316119,
		0.109192, -0.388753, -0.914849,
		0.599780, 0.759700, -0.251238,
		47.745529, 53.821629, 54.901451>
	pigment { color rgbt <0,1,1,0> }
	no_shadow
}
cylinder {
	<47.860847, 52.980618, 54.725426>,  <47.325684, 53.289841, 55.077316>, 0.130000
	pigment { color rgbt <1,0,0,0> }
	no_shadow
}

// nucleotide -1

// particle -1
sphere {
	<47.860847, 52.980618, 54.725426> 0.250000
	pigment { color rgbt <1,0,0,0> }
	no_shadow
}
cylinder {
	<47.954498, 53.316460, 54.921486>,  <48.010689, 53.517967, 55.039120>, 0.100000
	pigment { color rgbt <1,0,0,0> }
	no_shadow
}
cylinder {
	<47.954498, 53.316460, 54.921486>,  <47.860847, 52.980618, 54.725426>, 0.100000
	pigment { color rgbt <1,0,0,0> }
	no_shadow
}

// particle -1
sphere {
	<47.954498, 53.316460, 54.921486> 0.100000
	pigment { color rgbt <1,0,0,0> }
	no_shadow
}
sphere {
	0, 1
	scale<0.080000,0.200000,0.300000>
	matrix <0.810941, -0.446739, 0.377887,
		0.536244, 0.309005, -0.785467,
		0.234129, 0.839607, 0.490146,
		48.024738, 53.568340, 55.068531>
	pigment { color rgbt <0,1,1,0> }
	no_shadow
}
cylinder {
	<48.537079, 53.106091, 54.341927>,  <47.860847, 52.980618, 54.725426>, 0.130000
	pigment { color rgbt <1,0,0,0> }
	no_shadow
}

// nucleotide -1

// particle -1
sphere {
	<48.537079, 53.106091, 54.341927> 0.250000
	pigment { color rgbt <1,0,0,0> }
	no_shadow
}
cylinder {
	<48.467400, 53.362900, 54.640579>,  <48.425594, 53.516987, 54.819771>, 0.100000
	pigment { color rgbt <1,0,0,0> }
	no_shadow
}
cylinder {
	<48.467400, 53.362900, 54.640579>,  <48.537079, 53.106091, 54.341927>, 0.100000
	pigment { color rgbt <1,0,0,0> }
	no_shadow
}

// particle -1
sphere {
	<48.467400, 53.362900, 54.640579> 0.100000
	pigment { color rgbt <1,0,0,0> }
	no_shadow
}
sphere {
	0, 1
	scale<0.080000,0.200000,0.300000>
	matrix <0.932872, -0.135176, 0.333882,
		0.315287, 0.754676, -0.575378,
		-0.174195, 0.642022, 0.746635,
		48.415142, 53.555508, 54.864571>
	pigment { color rgbt <0,1,1,0> }
	no_shadow
}
cylinder {
	<48.795212, 53.773899, 54.207432>,  <48.537079, 53.106091, 54.341927>, 0.130000
	pigment { color rgbt <1,0,0,0> }
	no_shadow
}

// nucleotide -1

// particle -1
sphere {
	<48.795212, 53.773899, 54.207432> 0.250000
	pigment { color rgbt <1,0,0,0> }
	no_shadow
}
cylinder {
	<48.793991, 53.642555, 54.585251>,  <48.793259, 53.563751, 54.811943>, 0.100000
	pigment { color rgbt <1,0,0,0> }
	no_shadow
}
cylinder {
	<48.793991, 53.642555, 54.585251>,  <48.795212, 53.773899, 54.207432>, 0.100000
	pigment { color rgbt <1,0,0,0> }
	no_shadow
}

// particle -1
sphere {
	<48.793991, 53.642555, 54.585251> 0.100000
	pigment { color rgbt <1,0,0,0> }
	no_shadow
}
sphere {
	0, 1
	scale<0.080000,0.200000,0.300000>
	matrix <0.995454, -0.090914, -0.028384,
		0.095193, 0.940169, 0.327140,
		-0.003056, -0.328355, 0.944549,
		48.793076, 53.544048, 54.868614>
	pigment { color rgbt <0,1,1,0> }
	no_shadow
}
cylinder {
	<49.220001, 54.235332, 54.584400>,  <48.795212, 53.773899, 54.207432>, 0.130000
	pigment { color rgbt <1,0,0,0> }
	no_shadow
}

// nucleotide -1

// particle -1
sphere {
	<49.220001, 54.235332, 54.584400> 0.250000
	pigment { color rgbt <1,0,0,0> }
	no_shadow
}
cylinder {
	<49.199520, 53.848450, 54.683907>,  <49.187229, 53.616318, 54.743610>, 0.100000
	pigment { color rgbt <1,0,0,0> }
	no_shadow
}
cylinder {
	<49.199520, 53.848450, 54.683907>,  <49.220001, 54.235332, 54.584400>, 0.100000
	pigment { color rgbt <1,0,0,0> }
	no_shadow
}

// particle -1
sphere {
	<49.199520, 53.848450, 54.683907> 0.100000
	pigment { color rgbt <1,0,0,0> }
	no_shadow
}
sphere {
	0, 1
	scale<0.080000,0.200000,0.300000>
	matrix <0.954500, -0.120673, -0.272706,
		0.293783, 0.223483, 0.929380,
		-0.051205, -0.967209, 0.248766,
		49.184158, 53.558289, 54.758537>
	pigment { color rgbt <0,1,1,0> }
	no_shadow
}
cylinder {
	<49.664986, 54.073841, 55.039391>,  <49.220001, 54.235332, 54.584400>, 0.130000
	pigment { color rgbt <1,0,0,0> }
	no_shadow
}

// nucleotide -1

// particle -1
sphere {
	<49.664986, 54.073841, 55.039391> 0.250000
	pigment { color rgbt <1,0,0,0> }
	no_shadow
}
cylinder {
	<49.575665, 53.742054, 54.834599>,  <49.522072, 53.542980, 54.711723>, 0.100000
	pigment { color rgbt <1,0,0,0> }
	no_shadow
}
cylinder {
	<49.575665, 53.742054, 54.834599>,  <49.664986, 54.073841, 55.039391>, 0.100000
	pigment { color rgbt <1,0,0,0> }
	no_shadow
}

// particle -1
sphere {
	<49.575665, 53.742054, 54.834599> 0.100000
	pigment { color rgbt <1,0,0,0> }
	no_shadow
}
sphere {
	0, 1
	scale<0.080000,0.200000,0.300000>
	matrix <0.965737, -0.117011, -0.231646,
		0.132236, -0.546161, 0.827177,
		-0.223305, -0.829467, -0.511975,
		49.508675, 53.493214, 54.681007>
	pigment { color rgbt <0,1,1,0> }
	no_shadow
}
cylinder {
	<50.254734, 53.692352, 55.206966>,  <49.664986, 54.073841, 55.039391>, 0.130000
	pigment { color rgbt <1,0,0,0> }
	no_shadow
}

// nucleotide -1

// particle -1
sphere {
	<50.254734, 53.692352, 55.206966> 0.250000
	pigment { color rgbt <1,0,0,0> }
	no_shadow
}
cylinder {
	<50.068203, 53.503937, 54.907459>,  <49.956284, 53.390888, 54.727753>, 0.100000
	pigment { color rgbt <1,0,0,0> }
	no_shadow
}
cylinder {
	<50.068203, 53.503937, 54.907459>,  <50.254734, 53.692352, 55.206966>, 0.100000
	pigment { color rgbt <1,0,0,0> }
	no_shadow
}

// particle -1
sphere {
	<50.068203, 53.503937, 54.907459> 0.100000
	pigment { color rgbt <1,0,0,0> }
	no_shadow
}
sphere {
	0, 1
	scale<0.080000,0.200000,0.300000>
	matrix <0.851225, -0.469283, -0.234922,
		-0.240728, -0.746925, 0.619801,
		-0.466332, -0.471038, -0.748771,
		49.928303, 53.362625, 54.682827>
	pigment { color rgbt <0,1,1,0> }
	no_shadow
}
cylinder {
	<50.475677, 53.005844, 55.299973>,  <50.254734, 53.692352, 55.206966>, 0.130000
	pigment { color rgbt <1,0,0,0> }
	no_shadow
}

// nucleotide -1

// particle -1
sphere {
	<50.475677, 53.005844, 55.299973> 0.250000
	pigment { color rgbt <1,0,0,0> }
	no_shadow
}
cylinder {
	<50.390965, 53.117939, 54.925461>,  <50.340137, 53.185196, 54.700756>, 0.100000
	pigment { color rgbt <1,0,0,0> }
	no_shadow
}
cylinder {
	<50.390965, 53.117939, 54.925461>,  <50.475677, 53.005844, 55.299973>, 0.100000
	pigment { color rgbt <1,0,0,0> }
	no_shadow
}

// particle -1
sphere {
	<50.390965, 53.117939, 54.925461> 0.100000
	pigment { color rgbt <1,0,0,0> }
	no_shadow
}
sphere {
	0, 1
	scale<0.080000,0.200000,0.300000>
	matrix <0.889078, -0.342553, -0.303639,
		-0.405816, -0.896729, -0.176605,
		-0.211786, 0.280238, -0.936276,
		50.327427, 53.202011, 54.644577>
	pigment { color rgbt <0,1,1,0> }
	no_shadow
}
cylinder {
	<50.623100, 52.552414, 54.686459>,  <50.475677, 53.005844, 55.299973>, 0.130000
	pigment { color rgbt <1,0,0,0> }
	no_shadow
}

// nucleotide -1

// particle -1
sphere {
	<50.623100, 52.552414, 54.686459> 0.250000
	pigment { color rgbt <1,0,0,0> }
	no_shadow
}
cylinder {
	<50.683411, 52.932659, 54.577938>,  <50.719597, 53.160805, 54.512825>, 0.100000
	pigment { color rgbt <1,0,0,0> }
	no_shadow
}
cylinder {
	<50.683411, 52.932659, 54.577938>,  <50.623100, 52.552414, 54.686459>, 0.100000
	pigment { color rgbt <1,0,0,0> }
	no_shadow
}

// particle -1
sphere {
	<50.683411, 52.932659, 54.577938> 0.100000
	pigment { color rgbt <1,0,0,0> }
	no_shadow
}
sphere {
	0, 1
	scale<0.080000,0.200000,0.300000>
	matrix <0.932858, -0.227644, -0.279203,
		-0.327174, -0.210988, -0.921109,
		0.150777, 0.950612, -0.271300,
		50.728645, 53.217842, 54.496548>
	pigment { color rgbt <0,1,1,0> }
	no_shadow
}
cylinder {
	<50.747761, 52.542023, 53.955269>,  <50.623100, 52.552414, 54.686459>, 0.130000
	pigment { color rgbt <1,0,0,0> }
	no_shadow
}

// nucleotide -1

// particle -1
sphere {
	<50.747761, 52.542023, 53.955269> 0.250000
	pigment { color rgbt <1,0,0,0> }
	no_shadow
}
cylinder {
	<50.944469, 52.832336, 54.147682>,  <51.062496, 53.006523, 54.263130>, 0.100000
	pigment { color rgbt <1,0,0,0> }
	no_shadow
}
cylinder {
	<50.944469, 52.832336, 54.147682>,  <50.747761, 52.542023, 53.955269>, 0.100000
	pigment { color rgbt <1,0,0,0> }
	no_shadow
}

// particle -1
sphere {
	<50.944469, 52.832336, 54.147682> 0.100000
	pigment { color rgbt <1,0,0,0> }
	no_shadow
}
sphere {
	0, 1
	scale<0.080000,0.200000,0.300000>
	matrix <0.870670, -0.415900, -0.262603,
		0.009470, 0.547965, -0.836448,
		0.491776, 0.725783, 0.481035,
		51.092003, 53.050072, 54.291992>
	pigment { color rgbt <0,1,1,0> }
	no_shadow
}
cylinder {
	<51.137966, 52.890980, 53.434219>,  <50.747761, 52.542023, 53.955269>, 0.130000
	pigment { color rgbt <1,0,0,0> }
	no_shadow
}

// nucleotide -1

// particle -1
sphere {
	<51.137966, 52.890980, 53.434219> 0.250000
	pigment { color rgbt <1,0,0,0> }
	no_shadow
}
cylinder {
	<51.316368, 52.932667, 53.789795>,  <51.423409, 52.957680, 54.003143>, 0.100000
	pigment { color rgbt <1,0,0,0> }
	no_shadow
}
cylinder {
	<51.316368, 52.932667, 53.789795>,  <51.137966, 52.890980, 53.434219>, 0.100000
	pigment { color rgbt <1,0,0,0> }
	no_shadow
}

// particle -1
sphere {
	<51.316368, 52.932667, 53.789795> 0.100000
	pigment { color rgbt <1,0,0,0> }
	no_shadow
}
sphere {
	0, 1
	scale<0.080000,0.200000,0.300000>
	matrix <0.858942, -0.329034, -0.392372,
		0.251599, 0.938549, -0.236269,
