// switches for output
#declare DRAW_BASES = 1; // possible values are 0, 1; only relevant for DNA ribbons
#declare DRAW_BASES_TYPE = 3; // possible values are 1, 2, 3; only relevant for DNA ribbons
#declare DRAW_FOG = 0; // set to 1 to enable fog

#include "colors.inc"

#include "transforms.inc"
background { rgb <1, 1, 1>}

#default {
   normal{
       ripples 0.25
       frequency 0.20
       turbulence 0.2
       lambda 5
   }
	finish {
		phong 0.1
		phong_size 40.
	}
}

// original window dimensions: 1024x640


// camera settings

camera {
	sky <-0, 1, 0>
	up <-0, 1, 0>
	right 1.6 * <0.99995, 0, 0.00999983>
	location <54.4867, 55, 106.329>
	look_at <55, 55, 55.0001>
	direction <0.513302, 0, -51.3289>
	angle 67.0682
}


# declare cpy_camera_pos = <54.4867, 55, 106.329>;
# if (DRAW_FOG = 1)
fog {
	fog_type 2
	up vnormalize(cpy_camera_pos)
	color rgbt<1,1,1,0.3>
	distance 1e-5
	fog_alt 3e-3
	fog_offset 88
}
# end


// LIGHTS

# declare lum = 6;
global_settings {
	ambient_light rgb lum * <0.05, 0.05, 0.05>
	max_trace_level 15
}# declare cpy_direct_light_amount = 0.25;
light_source
{	1000 * <-0.98995, -1, 1.00995>,
	rgb lum * cpy_direct_light_amount
	parallel
}

light_source
{	1000 * <0.98995, 1, -1.00995>,
	rgb lum * cpy_direct_light_amount
	parallel
}

// strand 0

// nucleotide -1

// particle -1
sphere {
	<36.493820, 52.743862, 50.410637> 0.250000
	pigment { color rgbt <1,0,0,0> }
	no_shadow
}
cylinder {
	<36.331497, 52.952541, 50.110462>,  <36.234104, 53.077751, 49.930359>, 0.100000
	pigment { color rgbt <1,0,0,0> }
	no_shadow
}
cylinder {
	<36.331497, 52.952541, 50.110462>,  <36.493820, 52.743862, 50.410637>, 0.100000
	pigment { color rgbt <1,0,0,0> }
	no_shadow
}

// particle -1
sphere {
	<36.331497, 52.952541, 50.110462> 0.100000
	pigment { color rgbt <1,0,0,0> }
	no_shadow
}
sphere {
	0, 1
	scale<0.080000,0.200000,0.300000>
	matrix <0.645348, 0.744976, 0.168926,
		0.647183, -0.415740, -0.638995,
		-0.405807, 0.521700, -0.750433,
		36.209755, 53.109051, 49.885334>
	pigment { color rgbt <0,1,1,0> }
	no_shadow
}
cylinder {
	<37.049461, 52.802750, 49.942158>,  <36.493820, 52.743862, 50.410637>, 0.130000
	pigment { color rgbt <1,0,0,0> }
	no_shadow
}

// nucleotide -1

// particle -1
sphere {
	<37.049461, 52.802750, 49.942158> 0.250000
	pigment { color rgbt <1,0,0,0> }
	no_shadow
}
cylinder {
	<36.786251, 53.103939, 49.940361>,  <36.628323, 53.284653, 49.939281>, 0.100000
	pigment { color rgbt <1,0,0,0> }
	no_shadow
}
cylinder {
	<36.786251, 53.103939, 49.940361>,  <37.049461, 52.802750, 49.942158>, 0.100000
	pigment { color rgbt <1,0,0,0> }
	no_shadow
}

// particle -1
sphere {
	<36.786251, 53.103939, 49.940361> 0.100000
	pigment { color rgbt <1,0,0,0> }
	no_shadow
}
sphere {
	0, 1
	scale<0.080000,0.200000,0.300000>
	matrix <0.752895, 0.657839, -0.019916,
		-0.012041, -0.016488, -0.999792,
		-0.658030, 0.752978, -0.004492,
		36.588840, 53.329834, 49.939014>
	pigment { color rgbt <0,1,1,0> }
	no_shadow
}
cylinder {
	<37.151459, 53.307545, 49.304089>,  <37.049461, 52.802750, 49.942158>, 0.130000
	pigment { color rgbt <1,0,0,0> }
	no_shadow
}

// nucleotide -1

// particle -1
sphere {
	<37.151459, 53.307545, 49.304089> 0.250000
	pigment { color rgbt <1,0,0,0> }
	no_shadow
}
cylinder {
	<36.987091, 53.484787, 49.622787>,  <36.888470, 53.591133, 49.814007>, 0.100000
	pigment { color rgbt <1,0,0,0> }
	no_shadow
}
cylinder {
	<36.987091, 53.484787, 49.622787>,  <37.151459, 53.307545, 49.304089>, 0.100000
	pigment { color rgbt <1,0,0,0> }
	no_shadow
}

// particle -1
sphere {
	<36.987091, 53.484787, 49.622787> 0.100000
	pigment { color rgbt <1,0,0,0> }
	no_shadow
}
sphere {
	0, 1
	scale<0.080000,0.200000,0.300000>
	matrix <0.746160, 0.665605, 0.014661,
		-0.523820, 0.600523, -0.604139,
		-0.410923, 0.443105, 0.796744,
		36.863815, 53.617718, 49.861809>
	pigment { color rgbt <0,1,1,0> }
	no_shadow
}
cylinder {
	<37.051899, 54.029438, 49.179504>,  <37.151459, 53.307545, 49.304089>, 0.130000
	pigment { color rgbt <1,0,0,0> }
	no_shadow
}

// nucleotide -1

// particle -1
sphere {
	<37.051899, 54.029438, 49.179504> 0.250000
	pigment { color rgbt <1,0,0,0> }
	no_shadow
}
cylinder {
	<37.118134, 53.923943, 49.559616>,  <37.157875, 53.860645, 49.787682>, 0.100000
	pigment { color rgbt <1,0,0,0> }
	no_shadow
}
cylinder {
	<37.118134, 53.923943, 49.559616>,  <37.051899, 54.029438, 49.179504>, 0.100000
	pigment { color rgbt <1,0,0,0> }
	no_shadow
}

// particle -1
sphere {
	<37.118134, 53.923943, 49.559616> 0.100000
	pigment { color rgbt <1,0,0,0> }
	no_shadow
}
sphere {
	0, 1
	scale<0.080000,0.200000,0.300000>
	matrix <0.850124, 0.526579, -0.001986,
		-0.499872, 0.808181, 0.311403,
		0.165583, -0.263739, 0.950276,
		37.167809, 53.844822, 49.844700>
	pigment { color rgbt <0,1,1,0> }
	no_shadow
}
cylinder {
	<37.144577, 54.700893, 49.541679>,  <37.051899, 54.029438, 49.179504>, 0.130000
	pigment { color rgbt <1,0,0,0> }
	no_shadow
}

// nucleotide -1

// particle -1
sphere {
	<37.144577, 54.700893, 49.541679> 0.250000
	pigment { color rgbt <1,0,0,0> }
	no_shadow
}
cylinder {
	<37.326656, 54.410759, 49.748245>,  <37.435905, 54.236679, 49.872185>, 0.100000
	pigment { color rgbt <1,0,0,0> }
	no_shadow
}
cylinder {
	<37.326656, 54.410759, 49.748245>,  <37.144577, 54.700893, 49.541679>, 0.100000
	pigment { color rgbt <1,0,0,0> }
	no_shadow
}

// particle -1
sphere {
	<37.326656, 54.410759, 49.748245> 0.100000
	pigment { color rgbt <1,0,0,0> }
	no_shadow
}
sphere {
	0, 1
	scale<0.080000,0.200000,0.300000>
	matrix <0.862936, 0.502296, -0.055145,
		-0.219394, 0.470734, 0.854562,
		0.455202, -0.725333, 0.516414,
		37.463219, 54.193157, 49.903168>
	pigment { color rgbt <0,1,1,0> }
	no_shadow
}
cylinder {
	<37.633850, 54.980030, 50.206764>,  <37.144577, 54.700893, 49.541679>, 0.130000
	pigment { color rgbt <1,0,0,0> }
	no_shadow
}

// nucleotide -1

// particle -1
sphere {
	<37.633850, 54.980030, 50.206764> 0.250000
	pigment { color rgbt <1,0,0,0> }
	no_shadow
}
cylinder {
	<37.740192, 54.627178, 50.051247>,  <37.803997, 54.415466, 49.957935>, 0.100000
	pigment { color rgbt <1,0,0,0> }
	no_shadow
}
cylinder {
	<37.740192, 54.627178, 50.051247>,  <37.633850, 54.980030, 50.206764>, 0.100000
	pigment { color rgbt <1,0,0,0> }
	no_shadow
}

// particle -1
sphere {
	<37.740192, 54.627178, 50.051247> 0.100000
	pigment { color rgbt <1,0,0,0> }
	no_shadow
}
sphere {
	0, 1
	scale<0.080000,0.200000,0.300000>
	matrix <0.902028, 0.369918, -0.222499,
		0.340094, -0.291547, 0.894056,
		0.265858, -0.882134, -0.388791,
		37.819950, 54.362537, 49.934608>
	pigment { color rgbt <0,1,1,0> }
	no_shadow
}
cylinder {
	<38.231220, 55.175266, 50.711445>,  <37.633850, 54.980030, 50.206764>, 0.130000
	pigment { color rgbt <1,0,0,0> }
	no_shadow
}

// nucleotide -1

// particle -1
sphere {
	<38.231220, 55.175266, 50.711445> 0.250000
	pigment { color rgbt <1,0,0,0> }
	no_shadow
}
cylinder {
	<38.387287, 54.807957, 50.684486>,  <38.480927, 54.587570, 50.668312>, 0.100000
	pigment { color rgbt <1,0,0,0> }
	no_shadow
}
cylinder {
	<38.387287, 54.807957, 50.684486>,  <38.231220, 55.175266, 50.711445>, 0.100000
	pigment { color rgbt <1,0,0,0> }
	no_shadow
}

// particle -1
sphere {
	<38.387287, 54.807957, 50.684486> 0.100000
	pigment { color rgbt <1,0,0,0> }
	no_shadow
}
sphere {
	0, 1
	scale<0.080000,0.200000,0.300000>
	matrix <0.784623, 0.369893, -0.497539,
		0.481808, 0.141241, 0.864819,
		0.390164, -0.918275, -0.067396,
		38.504337, 54.532475, 50.664268>
	pigment { color rgbt <0,1,1,0> }
	no_shadow
}
cylinder {
	<38.912750, 55.268406, 50.805187>,  <38.231220, 55.175266, 50.711445>, 0.130000
	pigment { color rgbt <1,0,0,0> }
	no_shadow
}

// nucleotide -1

// particle -1
sphere {
	<38.912750, 55.268406, 50.805187> 0.250000
	pigment { color rgbt <1,0,0,0> }
	no_shadow
}
cylinder {
	<38.847076, 54.941265, 50.584583>,  <38.807671, 54.744980, 50.452221>, 0.100000
	pigment { color rgbt <1,0,0,0> }
	no_shadow
}
cylinder {
	<38.847076, 54.941265, 50.584583>,  <38.912750, 55.268406, 50.805187>, 0.100000
	pigment { color rgbt <1,0,0,0> }
	no_shadow
}

// particle -1
sphere {
	<38.847076, 54.941265, 50.584583> 0.100000
	pigment { color rgbt <1,0,0,0> }
	no_shadow
}
sphere {
	0, 1
	scale<0.080000,0.200000,0.300000>
	matrix <0.614420, 0.352608, -0.705801,
		0.771707, -0.454742, 0.444610,
		-0.164184, -0.817849, -0.551513,
		38.797821, 54.695911, 50.419128>
	pigment { color rgbt <0,1,1,0> }
	no_shadow
}
cylinder {
	<39.546349, 54.866001, 50.652534>,  <38.912750, 55.268406, 50.805187>, 0.130000
	pigment { color rgbt <1,0,0,0> }
	no_shadow
}

// nucleotide -1

// particle -1
sphere {
	<39.546349, 54.866001, 50.652534> 0.250000
	pigment { color rgbt <1,0,0,0> }
	no_shadow
}
cylinder {
	<39.269917, 54.826107, 50.366188>,  <39.104057, 54.802170, 50.194378>, 0.100000
	pigment { color rgbt <1,0,0,0> }
	no_shadow
}
cylinder {
	<39.269917, 54.826107, 50.366188>,  <39.546349, 54.866001, 50.652534>, 0.100000
	pigment { color rgbt <1,0,0,0> }
	no_shadow
}

// particle -1
sphere {
	<39.269917, 54.826107, 50.366188> 0.100000
	pigment { color rgbt <1,0,0,0> }
	no_shadow
}
sphere {
	0, 1
	scale<0.080000,0.200000,0.300000>
	matrix <0.664862, 0.300764, -0.683739,
		0.283494, -0.948470, -0.141546,
		-0.691078, -0.099727, -0.715867,
		39.062595, 54.796188, 50.151428>
	pigment { color rgbt <0,1,1,0> }
	no_shadow
}
cylinder {
	<39.916008, 54.708439, 50.022671>,  <39.546349, 54.866001, 50.652534>, 0.130000
	pigment { color rgbt <1,0,0,0> }
	no_shadow
}

// nucleotide -1

// particle -1
sphere {
	<39.916008, 54.708439, 50.022671> 0.250000
	pigment { color rgbt <1,0,0,0> }
	no_shadow
}
cylinder {
	<39.553307, 54.836643, 49.913071>,  <39.335686, 54.913567, 49.847309>, 0.100000
	pigment { color rgbt <1,0,0,0> }
	no_shadow
}
cylinder {
	<39.553307, 54.836643, 49.913071>,  <39.916008, 54.708439, 50.022671>, 0.100000
	pigment { color rgbt <1,0,0,0> }
	no_shadow
}

// particle -1
sphere {
	<39.553307, 54.836643, 49.913071> 0.100000
	pigment { color rgbt <1,0,0,0> }
	no_shadow
}
sphere {
	0, 1
	scale<0.080000,0.200000,0.300000>
	matrix <0.391763, 0.400008, -0.828563,
		-0.155959, -0.858643, -0.488271,
		-0.906752, 0.320508, -0.273999,
		39.281281, 54.932796, 49.830872>
	pigment { color rgbt <0,1,1,0> }
	no_shadow
}
cylinder {
	<39.756073, 54.479492, 49.285465>,  <39.916008, 54.708439, 50.022671>, 0.130000
	pigment { color rgbt <1,0,0,0> }
	no_shadow
}

// nucleotide -1

// particle -1
sphere {
	<39.756073, 54.479492, 49.285465> 0.250000
	pigment { color rgbt <1,0,0,0> }
	no_shadow
}
cylinder {
	<39.533703, 54.804932, 49.353577>,  <39.400280, 55.000195, 49.394444>, 0.100000
	pigment { color rgbt <1,0,0,0> }
	no_shadow
}
cylinder {
	<39.533703, 54.804932, 49.353577>,  <39.756073, 54.479492, 49.285465>, 0.100000
	pigment { color rgbt <1,0,0,0> }
	no_shadow
}

// particle -1
sphere {
	<39.533703, 54.804932, 49.353577> 0.100000
	pigment { color rgbt <1,0,0,0> }
	no_shadow
}
sphere {
	0, 1
	scale<0.080000,0.200000,0.300000>
	matrix <0.514697, 0.497785, -0.698066,
		-0.652710, -0.300433, -0.695492,
		-0.555928, 0.813603, 0.170277,
		39.366924, 55.049011, 49.404659>
	pigment { color rgbt <0,1,1,0> }
	no_shadow
}
cylinder {
	<39.945580, 55.224239, 49.184120>,  <39.756073, 54.479492, 49.285465>, 0.130000
	pigment { color rgbt <1,0,0,0> }
	no_shadow
}

// nucleotide -1

// particle -1
sphere {
	<39.945580, 55.224239, 49.184120> 0.250000
	pigment { color rgbt <1,0,0,0> }
	no_shadow
}
cylinder {
	<39.859417, 55.548519, 49.401878>,  <39.807720, 55.743088, 49.532536>, 0.100000
	pigment { color rgbt <1,0,0,0> }
	no_shadow
}
cylinder {
	<39.859417, 55.548519, 49.401878>,  <39.945580, 55.224239, 49.184120>, 0.100000
	pigment { color rgbt <1,0,0,0> }
	no_shadow
}

// particle -1
sphere {
	<39.859417, 55.548519, 49.401878> 0.100000
	pigment { color rgbt <1,0,0,0> }
	no_shadow
}
sphere {
	0, 1
	scale<0.080000,0.200000,0.300000>
	matrix <-0.913705, 0.029404, -0.405313,
		-0.344594, -0.584726, 0.734405,
		-0.215402, 0.810698, 0.544399,
		39.794796, 55.791729, 49.565197>
	pigment { color rgbt <0,1,1,0> }
	no_shadow
}
cylinder {
	<40.120743, 55.650261, 48.742527>,  <39.945580, 55.224239, 49.184120>, 0.130000
	pigment { color rgbt <1,0,0,0> }
	no_shadow
}

// nucleotide -1

// particle -1
sphere {
	<40.120743, 55.650261, 48.742527> 0.250000
	pigment { color rgbt <1,0,0,0> }
	no_shadow
}
cylinder {
	<39.909584, 55.982628, 48.672215>,  <39.782890, 56.182049, 48.630028>, 0.100000
	pigment { color rgbt <1,0,0,0> }
	no_shadow
}
cylinder {
	<39.909584, 55.982628, 48.672215>,  <40.120743, 55.650261, 48.742527>, 0.100000
	pigment { color rgbt <1,0,0,0> }
	no_shadow
}

// particle -1
sphere {
	<39.909584, 55.982628, 48.672215> 0.100000
	pigment { color rgbt <1,0,0,0> }
	no_shadow
}
sphere {
	0, 1
	scale<0.080000,0.200000,0.300000>
	matrix <0.171823, 0.307178, 0.936012,
		0.831749, 0.463910, -0.304928,
		-0.527892, 0.830921, -0.175784,
		39.751217, 56.231903, 48.619480>
	pigment { color rgbt <0,1,1,0> }
	no_shadow
}
cylinder {
	<40.594345, 56.239399, 48.764538>,  <40.120743, 55.650261, 48.742527>, 0.130000
	pigment { color rgbt <1,0,0,0> }
	no_shadow
}

// nucleotide -1

// particle -1
sphere {
	<40.594345, 56.239399, 48.764538> 0.250000
	pigment { color rgbt <1,0,0,0> }
	no_shadow
}
cylinder {
	<40.210480, 56.257896, 48.875462>,  <39.980160, 56.268997, 48.942017>, 0.100000
	pigment { color rgbt <1,0,0,0> }
	no_shadow
}
cylinder {
	<40.210480, 56.257896, 48.875462>,  <40.594345, 56.239399, 48.764538>, 0.100000
	pigment { color rgbt <1,0,0,0> }
	no_shadow
}

// particle -1
sphere {
	<40.210480, 56.257896, 48.875462> 0.100000
	pigment { color rgbt <1,0,0,0> }
	no_shadow
}
sphere {
	0, 1
	scale<0.080000,0.200000,0.300000>
	matrix <0.281137, 0.164660, 0.945436,
		-0.001938, 0.985265, -0.171020,
		-0.959666, 0.046248, 0.277313,
		39.922581, 56.271770, 48.958656>
	pigment { color rgbt <0,1,1,0> }
	no_shadow
}
cylinder {
	<40.406513, 56.910892, 49.015881>,  <40.594345, 56.239399, 48.764538>, 0.130000
	pigment { color rgbt <1,0,0,0> }
	no_shadow
}

// nucleotide -1

// particle -1
sphere {
	<40.406513, 56.910892, 49.015881> 0.250000
	pigment { color rgbt <1,0,0,0> }
	no_shadow
}
cylinder {
	<40.184246, 56.644531, 49.215000>,  <40.050888, 56.484715, 49.334473>, 0.100000
	pigment { color rgbt <1,0,0,0> }
	no_shadow
}
cylinder {
	<40.184246, 56.644531, 49.215000>,  <40.406513, 56.910892, 49.015881>, 0.100000
	pigment { color rgbt <1,0,0,0> }
	no_shadow
}

// particle -1
sphere {
	<40.184246, 56.644531, 49.215000> 0.100000
	pigment { color rgbt <1,0,0,0> }
	no_shadow
}
sphere {
	0, 1
	scale<0.080000,0.200000,0.300000>
	matrix <0.393669, 0.316641, 0.862997,
		-0.732300, 0.675505, 0.086201,
		-0.555664, -0.665907, 0.497801,
		40.017548, 56.444759, 49.364342>
	pigment { color rgbt <0,1,1,0> }
	no_shadow
}
cylinder {
	<40.473572, 57.213921, 49.682377>,  <40.406513, 56.910892, 49.015881>, 0.130000
	pigment { color rgbt <1,0,0,0> }
	no_shadow
}

// nucleotide -1

// particle -1
sphere {
	<40.473572, 57.213921, 49.682377> 0.250000
	pigment { color rgbt <1,0,0,0> }
	no_shadow
}
cylinder {
	<40.260784, 56.882984, 49.754501>,  <40.133110, 56.684422, 49.797775>, 0.100000
	pigment { color rgbt <1,0,0,0> }
	no_shadow
}
cylinder {
	<40.260784, 56.882984, 49.754501>,  <40.473572, 57.213921, 49.682377>, 0.100000
	pigment { color rgbt <1,0,0,0> }
	no_shadow
}

// particle -1
sphere {
	<40.260784, 56.882984, 49.754501> 0.100000
	pigment { color rgbt <1,0,0,0> }
	no_shadow
}
sphere {
	0, 1
	scale<0.080000,0.200000,0.300000>
	matrix <-0.106414, 0.276579, 0.955081,
		-0.840049, 0.488888, -0.235172,
		-0.531971, -0.827341, 0.180316,
		40.101192, 56.634781, 49.808598>
	pigment { color rgbt <0,1,1,0> }
	no_shadow
}
cylinder {
	<40.640991, 56.579102, 50.083286>,  <40.473572, 57.213921, 49.682377>, 0.130000
	pigment { color rgbt <1,0,0,0> }
	no_shadow
}

// nucleotide -1

// particle -1
sphere {
	<40.640991, 56.579102, 50.083286> 0.250000
	pigment { color rgbt <1,0,0,0> }
	no_shadow
}
cylinder {
	<40.773720, 56.900265, 50.281372>,  <40.853355, 57.092960, 50.400223>, 0.100000
	pigment { color rgbt <1,0,0,0> }
	no_shadow
}
cylinder {
	<40.773720, 56.900265, 50.281372>,  <40.640991, 56.579102, 50.083286>, 0.100000
	pigment { color rgbt <1,0,0,0> }
	no_shadow
}

// particle -1
sphere {
	<40.773720, 56.900265, 50.281372> 0.100000
	pigment { color rgbt <1,0,0,0> }
	no_shadow
}
sphere {
	0, 1
	scale<0.080000,0.200000,0.300000>
	matrix <-0.034310, -0.514340, 0.856900,
		0.942719, -0.301328, -0.143120,
		0.331820, 0.802905, 0.495216,
		40.873264, 57.141136, 50.429935>
	pigment { color rgbt <0,1,1,0> }
	no_shadow
}
cylinder {
	<41.251514, 56.386147, 50.313026>,  <40.640991, 56.579102, 50.083286>, 0.130000
	pigment { color rgbt <1,0,0,0> }
	no_shadow
}

// nucleotide -1

// particle -1
sphere {
	<41.251514, 56.386147, 50.313026> 0.250000
	pigment { color rgbt <1,0,0,0> }
	no_shadow
}
cylinder {
	<41.070724, 56.638214, 50.565567>,  <40.962250, 56.789455, 50.717091>, 0.100000
	pigment { color rgbt <1,0,0,0> }
	no_shadow
}
cylinder {
	<41.070724, 56.638214, 50.565567>,  <41.251514, 56.386147, 50.313026>, 0.100000
	pigment { color rgbt <1,0,0,0> }
	no_shadow
}

// particle -1
sphere {
	<41.070724, 56.638214, 50.565567> 0.100000
	pigment { color rgbt <1,0,0,0> }
	no_shadow
}
sphere {
	0, 1
	scale<0.080000,0.200000,0.300000>
	matrix <0.155372, -0.641341, 0.751360,
		0.878396, 0.437689, 0.191959,
		-0.451973, 0.630167, 0.631356,
		40.935131, 56.827263, 50.754974>
	pigment { color rgbt <0,1,1,0> }
	no_shadow
}
cylinder {
	<41.720421, 56.640926, 50.862968>,  <41.251514, 56.386147, 50.313026>, 0.130000
	pigment { color rgbt <1,0,0,0> }
	no_shadow
}

// nucleotide -1

// particle -1
sphere {
	<41.720421, 56.640926, 50.862968> 0.250000
	pigment { color rgbt <1,0,0,0> }
	no_shadow
}
cylinder {
	<41.363594, 56.642948, 51.043716>,  <41.149498, 56.644161, 51.152164>, 0.100000
	pigment { color rgbt <1,0,0,0> }
	no_shadow
}
cylinder {
	<41.363594, 56.642948, 51.043716>,  <41.720421, 56.640926, 50.862968>, 0.100000
	pigment { color rgbt <1,0,0,0> }
	no_shadow
}

// particle -1
sphere {
	<41.363594, 56.642948, 51.043716> 0.100000
	pigment { color rgbt <1,0,0,0> }
	no_shadow
}
sphere {
	0, 1
	scale<0.080000,0.200000,0.300000>
	matrix <0.408559, -0.418299, 0.811237,
		0.193116, 0.908295, 0.371088,
		-0.892068, 0.005052, 0.451873,
		41.095974, 56.644463, 51.179279>
	pigment { color rgbt <0,1,1,0> }
	no_shadow
}
cylinder {
	<42.402954, 56.958389, 50.932579>,  <41.720421, 56.640926, 50.862968>, 0.130000
	pigment { color rgbt <1,0,0,0> }
	no_shadow
}

// nucleotide -1

// particle -1
sphere {
	<42.402954, 56.958389, 50.932579> 0.250000
	pigment { color rgbt <1,0,0,0> }
	no_shadow
}
cylinder {
	<42.716160, 56.840237, 50.713623>,  <42.904083, 56.769344, 50.582249>, 0.100000
	pigment { color rgbt <1,0,0,0> }
	no_shadow
}
cylinder {
	<42.716160, 56.840237, 50.713623>,  <42.402954, 56.958389, 50.932579>, 0.100000
	pigment { color rgbt <1,0,0,0> }
	no_shadow
}

// particle -1
sphere {
	<42.716160, 56.840237, 50.713623> 0.100000
	pigment { color rgbt <1,0,0,0> }
	no_shadow
}
sphere {
	0, 1
	scale<0.080000,0.200000,0.300000>
	matrix <0.394372, 0.916306, 0.069672,
		0.480993, -0.270428, 0.833975,
		0.783018, -0.295384, -0.547386,
		42.951065, 56.751621, 50.549408>
	pigment { color rgbt <0,1,1,0> }
	no_shadow
}
cylinder {
	<42.959896, 57.236504, 51.218658>,  <42.402954, 56.958389, 50.932579>, 0.130000
	pigment { color rgbt <1,0,0,0> }
	no_shadow
}

// nucleotide -1

// particle -1
sphere {
	<42.959896, 57.236504, 51.218658> 0.250000
	pigment { color rgbt <1,0,0,0> }
	no_shadow
}
cylinder {
	<43.053623, 57.144779, 50.840767>,  <43.109859, 57.089745, 50.614033>, 0.100000
	pigment { color rgbt <1,0,0,0> }
	no_shadow
}
cylinder {
	<43.053623, 57.144779, 50.840767>,  <42.959896, 57.236504, 51.218658>, 0.100000
	pigment { color rgbt <1,0,0,0> }
	no_shadow
}

// particle -1
sphere {
	<43.053623, 57.144779, 50.840767> 0.100000
	pigment { color rgbt <1,0,0,0> }
	no_shadow
}
sphere {
	0, 1
	scale<0.080000,0.200000,0.300000>
	matrix <0.284630, 0.945380, -0.158876,
		0.929559, -0.231670, 0.286790,
		0.234319, -0.229314, -0.944727,
		43.123920, 57.075985, 50.557350>
	pigment { color rgbt <0,1,1,0> }
	no_shadow
}
cylinder {
	<43.570469, 57.733440, 51.379379>,  <42.959896, 57.236504, 51.218658>, 0.130000
	pigment { color rgbt <1,0,0,0> }
	no_shadow
}

// nucleotide -1

// particle -1
sphere {
	<43.570469, 57.733440, 51.379379> 0.250000
	pigment { color rgbt <1,0,0,0> }
	no_shadow
}
cylinder {
	<43.473705, 57.396156, 51.571411>,  <43.415649, 57.193787, 51.686630>, 0.100000
	pigment { color rgbt <1,0,0,0> }
	no_shadow
}
cylinder {
	<43.473705, 57.396156, 51.571411>,  <43.570469, 57.733440, 51.379379>, 0.100000
	pigment { color rgbt <1,0,0,0> }
	no_shadow
}

// particle -1
sphere {
	<43.473705, 57.396156, 51.571411> 0.100000
	pigment { color rgbt <1,0,0,0> }
	no_shadow
}
sphere {
	0, 1
	scale<0.080000,0.200000,0.300000>
	matrix <0.945965, -0.315063, -0.076714,
		0.215941, 0.435582, 0.873864,
		-0.241907, -0.843211, 0.480080,
		43.401134, 57.143192, 51.715435>
	pigment { color rgbt <0,1,1,0> }
	no_shadow
}
cylinder {
	<44.123192, 57.401489, 51.338421>,  <43.570469, 57.733440, 51.379379>, 0.130000
	pigment { color rgbt <1,0,0,0> }
	no_shadow
}

// nucleotide -1

// particle -1
sphere {
	<44.123192, 57.401489, 51.338421> 0.250000
	pigment { color rgbt <1,0,0,0> }
	no_shadow
}
cylinder {
	<43.920181, 57.134621, 51.556522>,  <43.798374, 56.974499, 51.687386>, 0.100000
	pigment { color rgbt <1,0,0,0> }
	no_shadow
}
cylinder {
	<43.920181, 57.134621, 51.556522>,  <44.123192, 57.401489, 51.338421>, 0.100000
	pigment { color rgbt <1,0,0,0> }
	no_shadow
}

// particle -1
sphere {
	<43.920181, 57.134621, 51.556522> 0.100000
	pigment { color rgbt <1,0,0,0> }
	no_shadow
}
sphere {
	0, 1
	scale<0.080000,0.200000,0.300000>
	matrix <0.619382, -0.722403, -0.307409,
		0.598989, 0.181705, 0.779869,
		-0.507522, -0.667171, 0.545256,
		43.767925, 56.934471, 51.720100>
	pigment { color rgbt <0,1,1,0> }
	no_shadow
}
cylinder {
	<44.502235, 57.210316, 51.895565>,  <44.123192, 57.401489, 51.338421>, 0.130000
	pigment { color rgbt <1,0,0,0> }
	no_shadow
}

// nucleotide -1

// particle -1
sphere {
	<44.502235, 57.210316, 51.895565> 0.250000
	pigment { color rgbt <1,0,0,0> }
	no_shadow
}
cylinder {
	<44.248661, 56.925804, 51.774101>,  <44.096516, 56.755096, 51.701221>, 0.100000
	pigment { color rgbt <1,0,0,0> }
	no_shadow
}
cylinder {
	<44.248661, 56.925804, 51.774101>,  <44.502235, 57.210316, 51.895565>, 0.100000
	pigment { color rgbt <1,0,0,0> }
	no_shadow
}

// particle -1
sphere {
	<44.248661, 56.925804, 51.774101> 0.100000
	pigment { color rgbt <1,0,0,0> }
	no_shadow
}
sphere {
	0, 1
	scale<0.080000,0.200000,0.300000>
	matrix <0.771250, -0.610559, -0.179973,
		-0.057393, -0.348290, 0.935628,
		-0.633939, -0.711274, -0.303661,
		44.058479, 56.712421, 51.683002>
	pigment { color rgbt <0,1,1,0> }
	no_shadow
}
cylinder {
	<44.926258, 57.577564, 51.479607>,  <44.502235, 57.210316, 51.895565>, 0.130000
	pigment { color rgbt <1,0,0,0> }
	no_shadow
}

// nucleotide -1

// particle -1
sphere {
	<44.926258, 57.577564, 51.479607> 0.250000
	pigment { color rgbt <1,0,0,0> }
	no_shadow
}
cylinder {
	<45.039112, 57.640778, 51.101097>,  <45.106823, 57.678707, 50.873993>, 0.100000
	pigment { color rgbt <1,0,0,0> }
	no_shadow
}
cylinder {
	<45.039112, 57.640778, 51.101097>,  <44.926258, 57.577564, 51.479607>, 0.100000
	pigment { color rgbt <1,0,0,0> }
	no_shadow
}

// particle -1
sphere {
	<45.039112, 57.640778, 51.101097> 0.100000
	pigment { color rgbt <1,0,0,0> }
	no_shadow
}
sphere {
	0, 1
	scale<0.080000,0.200000,0.300000>
	matrix <0.878652, -0.438581, 0.188724,
		-0.385191, -0.884687, -0.262597,
		0.282132, 0.158037, -0.946269,
		45.123753, 57.688187, 50.817215>
	pigment { color rgbt <0,1,1,0> }
	no_shadow
}
cylinder {
	<45.102657, 56.979939, 51.197968>,  <44.926258, 57.577564, 51.479607>, 0.130000
	pigment { color rgbt <1,0,0,0> }
	no_shadow
}

// nucleotide -1

// particle -1
sphere {
	<45.102657, 56.979939, 51.197968> 0.250000
	pigment { color rgbt <1,0,0,0> }
	no_shadow
}
cylinder {
	<45.313641, 57.246880, 50.987659>,  <45.440231, 57.407043, 50.861477>, 0.100000
	pigment { color rgbt <1,0,0,0> }
	no_shadow
}
cylinder {
	<45.313641, 57.246880, 50.987659>,  <45.102657, 56.979939, 51.197968>, 0.100000
	pigment { color rgbt <1,0,0,0> }
	no_shadow
}

// particle -1
sphere {
	<45.313641, 57.246880, 50.987659> 0.100000
	pigment { color rgbt <1,0,0,0> }
	no_shadow
}
sphere {
	0, 1
	scale<0.080000,0.200000,0.300000>
	matrix <0.840935, -0.322029, 0.434885,
		0.120910, -0.671518, -0.731057,
		0.527455, 0.667354, -0.525766,
		45.471878, 57.447086, 50.829929>
	pigment { color rgbt <0,1,1,0> }
	no_shadow
}
cylinder {
	<45.803719, 56.699577, 51.044392>,  <45.102657, 56.979939, 51.197968>, 0.130000
	pigment { color rgbt <1,0,0,0> }
	no_shadow
}

// nucleotide -1

// particle -1
sphere {
	<45.803719, 56.699577, 51.044392> 0.250000
	pigment { color rgbt <1,0,0,0> }
	no_shadow
}
cylinder {
	<45.841896, 57.096275, 51.010128>,  <45.864803, 57.334293, 50.989571>, 0.100000
	pigment { color rgbt <1,0,0,0> }
	no_shadow
}
cylinder {
	<45.841896, 57.096275, 51.010128>,  <45.803719, 56.699577, 51.044392>, 0.100000
	pigment { color rgbt <1,0,0,0> }
	no_shadow
}

// particle -1
sphere {
	<45.841896, 57.096275, 51.010128> 0.100000
	pigment { color rgbt <1,0,0,0> }
	no_shadow
}
sphere {
	0, 1
	scale<0.080000,0.200000,0.300000>
	matrix <0.806121, -0.026519, 0.591156,
		0.584003, -0.125475, -0.801995,
		0.095443, 0.991742, -0.085661,
		45.870529, 57.393799, 50.984428>
	pigment { color rgbt <0,1,1,0> }
	no_shadow
}
cylinder {
	<46.443222, 56.925762, 50.685661>,  <45.803719, 56.699577, 51.044392>, 0.130000
	pigment { color rgbt <1,0,0,0> }
	no_shadow
}

// nucleotide -1

// particle -1
sphere {
	<46.443222, 56.925762, 50.685661> 0.250000
	pigment { color rgbt <1,0,0,0> }
	no_shadow
}
cylinder {
	<46.328697, 57.183598, 50.969223>,  <46.259983, 57.338299, 51.139359>, 0.100000
	pigment { color rgbt <1,0,0,0> }
	no_shadow
}
cylinder {
	<46.328697, 57.183598, 50.969223>,  <46.443222, 56.925762, 50.685661>, 0.100000
	pigment { color rgbt <1,0,0,0> }
	no_shadow
}

// particle -1
sphere {
	<46.328697, 57.183598, 50.969223> 0.100000
	pigment { color rgbt <1,0,0,0> }
	no_shadow
}
sphere {
	0, 1
	scale<0.080000,0.200000,0.300000>
	matrix <0.892591, -0.089516, 0.441891,
		0.348294, 0.759275, -0.549721,
		-0.286308, 0.644584, 0.708900,
		46.242805, 57.376972, 51.181892>
	pigment { color rgbt <0,1,1,0> }
	no_shadow
}
cylinder {
	<46.987007, 57.393360, 50.690701>,  <46.443222, 56.925762, 50.685661>, 0.130000
	pigment { color rgbt <1,0,0,0> }
	no_shadow
}

// nucleotide -1

// particle -1
sphere {
	<46.987007, 57.393360, 50.690701> 0.250000
	pigment { color rgbt <1,0,0,0> }
	no_shadow
}
cylinder {
	<46.799038, 57.399666, 51.043728>,  <46.686256, 57.403450, 51.255543>, 0.100000
	pigment { color rgbt <1,0,0,0> }
	no_shadow
}
cylinder {
	<46.799038, 57.399666, 51.043728>,  <46.987007, 57.393360, 50.690701>, 0.100000
	pigment { color rgbt <1,0,0,0> }
	no_shadow
}

// particle -1
sphere {
	<46.799038, 57.399666, 51.043728> 0.100000
	pigment { color rgbt <1,0,0,0> }
	no_shadow
}
sphere {
	0, 1
	scale<0.080000,0.200000,0.300000>
	matrix <0.873763, -0.133651, 0.467628,
		0.125329, 0.990903, 0.049030,
		-0.469927, 0.015767, 0.882564,
		46.658058, 57.404396, 51.308498>
	pigment { color rgbt <0,1,1,0> }
	no_shadow
}
cylinder {
	<47.280563, 57.972641, 51.062042>,  <46.987007, 57.393360, 50.690701>, 0.130000
	pigment { color rgbt <1,0,0,0> }
	no_shadow
}

// nucleotide -1

// particle -1
sphere {
	<47.280563, 57.972641, 51.062042> 0.250000
	pigment { color rgbt <1,0,0,0> }
	no_shadow
}
cylinder {
	<47.156689, 57.674992, 51.298813>,  <47.082363, 57.496403, 51.440876>, 0.100000
	pigment { color rgbt <1,0,0,0> }
	no_shadow
}
cylinder {
	<47.156689, 57.674992, 51.298813>,  <47.280563, 57.972641, 51.062042>, 0.100000
	pigment { color rgbt <1,0,0,0> }
	no_shadow
}

// particle -1
sphere {
	<47.156689, 57.674992, 51.298813> 0.100000
	pigment { color rgbt <1,0,0,0> }
	no_shadow
}
sphere {
	0, 1
	scale<0.080000,0.200000,0.300000>
	matrix <0.829835, 0.092393, 0.550307,
		-0.464186, 0.661622, 0.588887,
		-0.309686, -0.744123, 0.591924,
		47.063782, 57.451756, 51.476391>
	pigment { color rgbt <0,1,1,0> }
	no_shadow
}
cylinder {
	<47.157726, 58.170399, 51.660938>,  <47.280563, 57.972641, 51.062042>, 0.130000
	pigment { color rgbt <1,0,0,0> }
	no_shadow
}

// nucleotide -1

// particle -1
sphere {
	<47.157726, 58.170399, 51.660938> 0.250000
	pigment { color rgbt <1,0,0,0> }
	no_shadow
}
cylinder {
	<47.253578, 57.788410, 51.730919>,  <47.311089, 57.559219, 51.772907>, 0.100000
	pigment { color rgbt <1,0,0,0> }
	no_shadow
}
cylinder {
	<47.253578, 57.788410, 51.730919>,  <47.157726, 58.170399, 51.660938>, 0.100000
	pigment { color rgbt <1,0,0,0> }
	no_shadow
}

// particle -1
sphere {
	<47.253578, 57.788410, 51.730919> 0.100000
	pigment { color rgbt <1,0,0,0> }
	no_shadow
}
sphere {
	0, 1
	scale<0.080000,0.200000,0.300000>
	matrix <0.822595, 0.295427, 0.485861,
		-0.515669, 0.027489, 0.856347,
		0.239632, -0.954970, 0.174955,
		47.325466, 57.501919, 51.783405>
	pigment { color rgbt <0,1,1,0> }
	no_shadow
}
cylinder {
	<47.235973, 58.032722, 52.393059>,  <47.157726, 58.170399, 51.660938>, 0.130000
	pigment { color rgbt <1,0,0,0> }
	no_shadow
}

// nucleotide -1

// particle -1
sphere {
	<47.235973, 58.032722, 52.393059> 0.250000
	pigment { color rgbt <1,0,0,0> }
	no_shadow
}
cylinder {
	<47.458942, 57.801704, 52.154488>,  <47.592724, 57.663094, 52.011345>, 0.100000
	pigment { color rgbt <1,0,0,0> }
	no_shadow
}
cylinder {
	<47.458942, 57.801704, 52.154488>,  <47.235973, 58.032722, 52.393059>, 0.100000
	pigment { color rgbt <1,0,0,0> }
	no_shadow
}

// particle -1
sphere {
	<47.458942, 57.801704, 52.154488> 0.100000
	pigment { color rgbt <1,0,0,0> }
	no_shadow
}
sphere {
	0, 1
	scale<0.080000,0.200000,0.300000>
	matrix <0.816080, 0.249089, 0.521505,
		-0.152630, -0.777429, 0.610170,
		0.557420, -0.577545, -0.596426,
		47.626167, 57.628441, 51.975559>
	pigment { color rgbt <0,1,1,0> }
	no_shadow
}
cylinder {
	<47.645771, 57.545204, 52.735439>,  <47.235973, 58.032722, 52.393059>, 0.130000
	pigment { color rgbt <1,0,0,0> }
	no_shadow
}

// nucleotide -1

// particle -1
sphere {
	<47.645771, 57.545204, 52.735439> 0.250000
	pigment { color rgbt <1,0,0,0> }
	no_shadow
}
cylinder {
	<47.836800, 57.654892, 52.401558>,  <47.951416, 57.720707, 52.201229>, 0.100000
	pigment { color rgbt <1,0,0,0> }
	no_shadow
}
cylinder {
	<47.836800, 57.654892, 52.401558>,  <47.645771, 57.545204, 52.735439>, 0.100000
	pigment { color rgbt <1,0,0,0> }
	no_shadow
}

// particle -1
sphere {
	<47.836800, 57.654892, 52.401558> 0.100000
	pigment { color rgbt <1,0,0,0> }
	no_shadow
}
sphere {
	0, 1
	scale<0.080000,0.200000,0.300000>
	matrix <0.758478, 0.350825, 0.549212,
		0.443441, -0.895390, -0.040450,
		0.477568, 0.274223, -0.834704,
		47.980072, 57.737160, 52.151146>
	pigment { color rgbt <0,1,1,0> }
	no_shadow
}
cylinder {
	<48.325760, 57.271584, 52.774380>,  <47.645771, 57.545204, 52.735439>, 0.130000
	pigment { color rgbt <1,0,0,0> }
	no_shadow
}

// nucleotide -1

// particle -1
sphere {
	<48.325760, 57.271584, 52.774380> 0.250000
	pigment { color rgbt <1,0,0,0> }
	no_shadow
}
cylinder {
	<48.327332, 57.587963, 52.529633>,  <48.328274, 57.777790, 52.382786>, 0.100000
	pigment { color rgbt <1,0,0,0> }
	no_shadow
}
cylinder {
	<48.327332, 57.587963, 52.529633>,  <48.325760, 57.271584, 52.774380>, 0.100000
	pigment { color rgbt <1,0,0,0> }
	no_shadow
}

// particle -1
sphere {
	<48.327332, 57.587963, 52.529633> 0.100000
	pigment { color rgbt <1,0,0,0> }
	no_shadow
}
sphere {
	0, 1
	scale<0.080000,0.200000,0.300000>
	matrix <0.876826, 0.291458, 0.382398,
		0.480791, -0.538004, -0.692381,
		0.003932, 0.790951, -0.611867,
		48.328510, 57.825249, 52.346073>
	pigment { color rgbt <0,1,1,0> }
	no_shadow
}
cylinder {
	<48.830532, 57.278309, 52.243748>,  <48.325760, 57.271584, 52.774380>, 0.130000
	pigment { color rgbt <1,0,0,0> }
	no_shadow
}

// nucleotide -1

// particle -1
sphere {
	<48.830532, 57.278309, 52.243748> 0.250000
	pigment { color rgbt <1,0,0,0> }
	no_shadow
}
cylinder {
	<48.815590, 57.666443, 52.339291>,  <48.806625, 57.899323, 52.396618>, 0.100000
	pigment { color rgbt <1,0,0,0> }
	no_shadow
}
cylinder {
	<48.815590, 57.666443, 52.339291>,  <48.830532, 57.278309, 52.243748>, 0.100000
	pigment { color rgbt <1,0,0,0> }
	no_shadow
}

// particle -1
sphere {
	<48.815590, 57.666443, 52.339291> 0.100000
	pigment { color rgbt <1,0,0,0> }
	no_shadow
}
sphere {
	0, 1
	scale<0.080000,0.200000,0.300000>
	matrix <0.948384, -0.040898, 0.314477,
		0.314917, 0.238278, -0.918723,
		-0.037359, 0.970335, 0.238859,
		48.804382, 57.957542, 52.410950>
	pigment { color rgbt <0,1,1,0> }
	no_shadow
}
cylinder {
	<49.452480, 57.646309, 52.004669>,  <48.830532, 57.278309, 52.243748>, 0.130000
	pigment { color rgbt <1,0,0,0> }
	no_shadow
}

// nucleotide -1

// particle -1
sphere {
	<49.452480, 57.646309, 52.004669> 0.250000
	pigment { color rgbt <1,0,0,0> }
	no_shadow
}
cylinder {
	<49.324715, 57.819820, 52.341671>,  <49.248055, 57.923927, 52.543873>, 0.100000
	pigment { color rgbt <1,0,0,0> }
	no_shadow
}
cylinder {
	<49.324715, 57.819820, 52.341671>,  <49.452480, 57.646309, 52.004669>, 0.100000
	pigment { color rgbt <1,0,0,0> }
	no_shadow
}

// particle -1
sphere {
	<49.324715, 57.819820, 52.341671> 0.100000
	pigment { color rgbt <1,0,0,0> }
	no_shadow
}
sphere {
	0, 1
	scale<0.080000,0.200000,0.300000>
	matrix <0.931469, -0.019698, 0.363288,
		0.174183, 0.900803, -0.397762,
		-0.319416, 0.433782, 0.842500,
		49.228889, 57.949955, 52.594421>
	pigment { color rgbt <0,1,1,0> }
	no_shadow
}
cylinder {
	<49.809654, 58.283722, 52.110229>,  <49.452480, 57.646309, 52.004669>, 0.130000
	pigment { color rgbt <1,0,0,0> }
	no_shadow
}

// nucleotide -1

// particle -1
sphere {
	<49.809654, 58.283722, 52.110229> 0.250000
	pigment { color rgbt <1,0,0,0> }
	no_shadow
}
cylinder {
	<49.719528, 58.071320, 52.436974>,  <49.665455, 57.943878, 52.633022>, 0.100000
	pigment { color rgbt <1,0,0,0> }
	no_shadow
}
cylinder {
	<49.719528, 58.071320, 52.436974>,  <49.809654, 58.283722, 52.110229>, 0.100000
	pigment { color rgbt <1,0,0,0> }
	no_shadow
}

// particle -1
sphere {
	<49.719528, 58.071320, 52.436974> 0.100000
	pigment { color rgbt <1,0,0,0> }
	no_shadow
}
sphere {
	0, 1
	scale<0.080000,0.200000,0.300000>
	matrix <0.973737, -0.094559, 0.207111,
		-0.032735, 0.842076, 0.538365,
		-0.225311, -0.531006, 0.816865,
		49.651936, 57.912018, 52.682034>
	pigment { color rgbt <0,1,1,0> }
	no_shadow
}
cylinder {
	<50.005028, 58.625366, 52.748493>,  <49.809654, 58.283722, 52.110229>, 0.130000
	pigment { color rgbt <1,0,0,0> }
	no_shadow
}

// nucleotide -1

// particle -1
sphere {
	<50.005028, 58.625366, 52.748493> 0.250000
	pigment { color rgbt <1,0,0,0> }
	no_shadow
}
cylinder {
	<49.992706, 58.229977, 52.807777>,  <49.985313, 57.992741, 52.843349>, 0.100000
	pigment { color rgbt <1,0,0,0> }
	no_shadow
}
cylinder {
	<49.992706, 58.229977, 52.807777>,  <50.005028, 58.625366, 52.748493>, 0.100000
	pigment { color rgbt <1,0,0,0> }
	no_shadow
}

// particle -1
sphere {
	<49.992706, 58.229977, 52.807777> 0.100000
	pigment { color rgbt <1,0,0,0> }
	no_shadow
}
sphere {
	0, 1
	scale<0.080000,0.200000,0.300000>
	matrix <0.974827, 0.003047, 0.222942,
		-0.220824, 0.151347, 0.963499,
		-0.030805, -0.988476, 0.148210,
		49.983463, 57.933434, 52.852242>
	pigment { color rgbt <0,1,1,0> }
	no_shadow
}
cylinder {
	<50.079147, 58.264935, 53.448246>,  <50.005028, 58.625366, 52.748493>, 0.130000
	pigment { color rgbt <1,0,0,0> }
	no_shadow
}

// nucleotide -1

// particle -1
sphere {
	<50.079147, 58.264935, 53.448246> 0.250000
	pigment { color rgbt <1,0,0,0> }
	no_shadow
}
cylinder {
	<50.251171, 58.089481, 53.132614>,  <50.354385, 57.984211, 52.943233>, 0.100000
	pigment { color rgbt <1,0,0,0> }
	no_shadow
}
cylinder {
	<50.251171, 58.089481, 53.132614>,  <50.079147, 58.264935, 53.448246>, 0.100000
	pigment { color rgbt <1,0,0,0> }
	no_shadow
}

// particle -1
sphere {
	<50.251171, 58.089481, 53.132614> 0.100000
	pigment { color rgbt <1,0,0,0> }
	no_shadow
}
sphere {
	0, 1
	scale<0.080000,0.200000,0.300000>
	matrix <0.894602, 0.324578, 0.307141,
		0.121396, -0.838004, 0.531989,
		0.430057, -0.438633, -0.789083,
		50.380188, 57.957893, 52.895889>
	pigment { color rgbt <0,1,1,0> }
	no_shadow
}
cylinder {
	<50.717213, 58.187614, 53.776764>,  <50.079147, 58.264935, 53.448246>, 0.130000
	pigment { color rgbt <1,0,0,0> }
	no_shadow
}

// nucleotide -1

// particle -1
sphere {
	<50.717213, 58.187614, 53.776764> 0.250000
	pigment { color rgbt <1,0,0,0> }
	no_shadow
}
cylinder {
	<50.752483, 58.121471, 53.383850>,  <50.773647, 58.081787, 53.148102>, 0.100000
	pigment { color rgbt <1,0,0,0> }
	no_shadow
}
cylinder {
	<50.752483, 58.121471, 53.383850>,  <50.717213, 58.187614, 53.776764>, 0.100000
	pigment { color rgbt <1,0,0,0> }
	no_shadow
}

// particle -1
sphere {
	<50.752483, 58.121471, 53.383850> 0.100000
	pigment { color rgbt <1,0,0,0> }
	no_shadow
}
sphere {
	0, 1
	scale<0.080000,0.200000,0.300000>
	matrix <0.956220, 0.290305, 0.036970,
		0.279049, -0.942540, 0.183715,
		0.088179, -0.165355, -0.982284,
		50.778938, 58.071865, 53.089165>
	pigment { color rgbt <0,1,1,0> }
	no_shadow
}
cylinder {
	<51.225777, 57.637642, 53.510876>,  <50.717213, 58.187614, 53.776764>, 0.130000
	pigment { color rgbt <1,0,0,0> }
	no_shadow
}

// nucleotide -1

// particle -1
sphere {
	<51.225777, 57.637642, 53.510876> 0.250000
	pigment { color rgbt <1,0,0,0> }
	no_shadow
}
cylinder {
	<51.175476, 57.930939, 53.243580>,  <51.145298, 58.106918, 53.083202>, 0.100000
	pigment { color rgbt <1,0,0,0> }
	no_shadow
}
cylinder {
	<51.175476, 57.930939, 53.243580>,  <51.225777, 57.637642, 53.510876>, 0.100000
	pigment { color rgbt <1,0,0,0> }
	no_shadow
}

// particle -1
sphere {
	<51.175476, 57.930939, 53.243580> 0.100000
	pigment { color rgbt <1,0,0,0> }
	no_shadow
}
sphere {
	0, 1
	scale<0.080000,0.200000,0.300000>
	matrix <0.989457, 0.141485, -0.030945,
		0.071855, -0.665083, -0.743304,
		-0.125748, 0.733244, -0.668237,
		51.137753, 58.150913, 53.043110>
	pigment { color rgbt <0,1,1,0> }
	no_shadow
}
cylinder {
	<51.445446, 57.423733, 52.773449>,  <51.225777, 57.637642, 53.510876>, 0.130000
	pigment { color rgbt <1,0,0,0> }
	no_shadow
}

// nucleotide -1

// particle -1
sphere {
	<51.445446, 57.423733, 52.773449> 0.250000
	pigment { color rgbt <1,0,0,0> }
	no_shadow
}
cylinder {
	<51.510277, 57.798904, 52.896103>,  <51.549175, 58.024006, 52.969696>, 0.100000
	pigment { color rgbt <1,0,0,0> }
	no_shadow
}
cylinder {
	<51.510277, 57.798904, 52.896103>,  <51.445446, 57.423733, 52.773449>, 0.100000
	pigment { color rgbt <1,0,0,0> }
	no_shadow
}

// particle -1
sphere {
	<51.510277, 57.798904, 52.896103> 0.100000
	pigment { color rgbt <1,0,0,0> }
	no_shadow
}
sphere {
	0, 1
	scale<0.080000,0.200000,0.300000>
	matrix <0.986135, -0.165168, -0.016038,
		0.035605, 0.304985, -0.951691,
		0.162080, 0.937925, 0.306638,
		51.558903, 58.080280, 52.988094>
	pigment { color rgbt <0,1,1,0> }
	no_shadow
}
cylinder {
	<51.932323, 57.733788, 52.316391>,  <51.445446, 57.423733, 52.773449>, 0.130000
	pigment { color rgbt <1,0,0,0> }
	no_shadow
}

// nucleotide -1

// particle -1
sphere {
	<51.932323, 57.733788, 52.316391> 0.250000
	pigment { color rgbt <1,0,0,0> }
	no_shadow
}
cylinder {
	<51.954666, 57.943909, 52.656021>,  <51.968071, 58.069981, 52.859798>, 0.100000
	pigment { color rgbt <1,0,0,0> }
	no_shadow
}
cylinder {
	<51.954666, 57.943909, 52.656021>,  <51.932323, 57.733788, 52.316391>, 0.100000
	pigment { color rgbt <1,0,0,0> }
	no_shadow
}

// particle -1
sphere {
	<51.954666, 57.943909, 52.656021> 0.100000
	pigment { color rgbt <1,0,0,0> }
	no_shadow
}
sphere {
	0, 1
	scale<0.080000,0.200000,0.300000>
	matrix <0.998033, -0.005138, -0.062475,
		-0.028456, 0.850898, -0.524559,
