// switches for output
#declare DRAW_BASES = 1; // possible values are 0, 1; only relevant for DNA ribbons
#declare DRAW_BASES_TYPE = 3; // possible values are 1, 2, 3; only relevant for DNA ribbons
#declare DRAW_FOG = 0; // set to 1 to enable fog

#include "colors.inc"

#include "transforms.inc"
background { rgb <1, 1, 1>}

#default {
   normal{
       ripples 0.25
       frequency 0.20
       turbulence 0.2
       lambda 5
   }
	finish {
		phong 0.1
		phong_size 40.
	}
}

// original window dimensions: 1024x640


// camera settings

camera {
	sky <-0, 1, 0>
	up <-0, 1, 0>
	right 1.6 * <0.99995, 0, 0.00999983>
	location <54.4867, 55, 106.329>
	look_at <55, 55, 55.0001>
	direction <0.513302, 0, -51.3289>
	angle 67.0682
}


# declare cpy_camera_pos = <54.4867, 55, 106.329>;
# if (DRAW_FOG = 1)
fog {
	fog_type 2
	up vnormalize(cpy_camera_pos)
	color rgbt<1,1,1,0.3>
	distance 1e-5
	fog_alt 3e-3
	fog_offset 88
}
# end


// LIGHTS

# declare lum = 6;
global_settings {
	ambient_light rgb lum * <0.05, 0.05, 0.05>
	max_trace_level 15
}# declare cpy_direct_light_amount = 0.25;
light_source
{	1000 * <-0.98995, -1, 1.00995>,
	rgb lum * cpy_direct_light_amount
	parallel
}

light_source
{	1000 * <0.98995, 1, -1.00995>,
	rgb lum * cpy_direct_light_amount
	parallel
}

// strand 0

// nucleotide -1

// particle -1
sphere {
	<35.943497, 53.022770, 49.684639> 0.250000
	pigment { color rgbt <1,0,0,0> }
	no_shadow
}
cylinder {
	<36.211082, 52.817879, 49.469193>,  <36.371635, 52.694942, 49.339924>, 0.100000
	pigment { color rgbt <1,0,0,0> }
	no_shadow
}
cylinder {
	<36.211082, 52.817879, 49.469193>,  <35.943497, 53.022770, 49.684639>, 0.100000
	pigment { color rgbt <1,0,0,0> }
	no_shadow
}

// particle -1
sphere {
	<36.211082, 52.817879, 49.469193> 0.100000
	pigment { color rgbt <1,0,0,0> }
	no_shadow
}
sphere {
	0, 1
	scale<0.080000,0.200000,0.300000>
	matrix <-0.743257, -0.453789, -0.491573,
		0.007384, 0.729173, -0.684289,
		0.668965, -0.512233, -0.538613,
		36.411774, 52.664207, 49.307610>
	pigment { color rgbt <0,1,1,0> }
	no_shadow
}
cylinder {
	<35.730606, 53.036789, 49.035656>,  <35.943497, 53.022770, 49.684639>, 0.130000
	pigment { color rgbt <1,0,0,0> }
	no_shadow
}

// nucleotide -1

// particle -1
sphere {
	<35.730606, 53.036789, 49.035656> 0.250000
	pigment { color rgbt <1,0,0,0> }
	no_shadow
}
cylinder {
	<35.945202, 52.720284, 49.153019>,  <36.073959, 52.530380, 49.223438>, 0.100000
	pigment { color rgbt <1,0,0,0> }
	no_shadow
}
cylinder {
	<35.945202, 52.720284, 49.153019>,  <35.730606, 53.036789, 49.035656>, 0.100000
	pigment { color rgbt <1,0,0,0> }
	no_shadow
}

// particle -1
sphere {
	<35.945202, 52.720284, 49.153019> 0.100000
	pigment { color rgbt <1,0,0,0> }
	no_shadow
}
sphere {
	0, 1
	scale<0.080000,0.200000,0.300000>
	matrix <-0.770216, -0.601183, -0.212948,
		0.344890, -0.111745, -0.931968,
		0.536487, -0.791260, 0.293410,
		36.106148, 52.482906, 49.241043>
	pigment { color rgbt <0,1,1,0> }
	no_shadow
}
cylinder {
	<36.419674, 52.797180, 48.756195>,  <35.730606, 53.036789, 49.035656>, 0.130000
	pigment { color rgbt <1,0,0,0> }
	no_shadow
}

// nucleotide -1

// particle -1
sphere {
	<36.419674, 52.797180, 48.756195> 0.250000
	pigment { color rgbt <1,0,0,0> }
	no_shadow
}
cylinder {
	<36.508915, 52.862770, 49.140556>,  <36.562462, 52.902122, 49.371174>, 0.100000
	pigment { color rgbt <1,0,0,0> }
	no_shadow
}
cylinder {
	<36.508915, 52.862770, 49.140556>,  <36.419674, 52.797180, 48.756195>, 0.100000
	pigment { color rgbt <1,0,0,0> }
	no_shadow
}

// particle -1
sphere {
	<36.508915, 52.862770, 49.140556> 0.100000
	pigment { color rgbt <1,0,0,0> }
	no_shadow
}
sphere {
	0, 1
	scale<0.080000,0.200000,0.300000>
	matrix <0.541546, -0.840485, 0.017689,
		0.810525, 0.516427, -0.276318,
		0.223106, 0.163976, 0.960903,
		36.575848, 52.911964, 49.428829>
	pigment { color rgbt <0,1,1,0> }
	no_shadow
}
cylinder {
	<37.060501, 52.792419, 48.755482>,  <36.419674, 52.797180, 48.756195>, 0.130000
	pigment { color rgbt <1,0,0,0> }
	no_shadow
}

// nucleotide -1

// particle -1
sphere {
	<37.060501, 52.792419, 48.755482> 0.250000
	pigment { color rgbt <1,0,0,0> }
	no_shadow
}
cylinder {
	<36.962456, 52.671757, 49.124031>,  <36.903629, 52.599361, 49.345161>, 0.100000
	pigment { color rgbt <1,0,0,0> }
	no_shadow
}
cylinder {
	<36.962456, 52.671757, 49.124031>,  <37.060501, 52.792419, 48.755482>, 0.100000
	pigment { color rgbt <1,0,0,0> }
	no_shadow
}

// particle -1
sphere {
	<36.962456, 52.671757, 49.124031> 0.100000
	pigment { color rgbt <1,0,0,0> }
	no_shadow
}
sphere {
	0, 1
	scale<0.080000,0.200000,0.300000>
	matrix <0.887207, -0.452954, 0.087728,
		0.390876, 0.838950, 0.378654,
		-0.245113, -0.301653, 0.921371,
		36.888924, 52.581261, 49.400444>
	pigment { color rgbt <0,1,1,0> }
	no_shadow
}
cylinder {
	<37.484844, 53.093658, 49.360928>,  <37.060501, 52.792419, 48.755482>, 0.130000
	pigment { color rgbt <1,0,0,0> }
	no_shadow
}

// nucleotide -1

// particle -1
sphere {
	<37.484844, 53.093658, 49.360928> 0.250000
	pigment { color rgbt <1,0,0,0> }
	no_shadow
}
cylinder {
	<37.367737, 52.714611, 49.412018>,  <37.297474, 52.487183, 49.442673>, 0.100000
	pigment { color rgbt <1,0,0,0> }
	no_shadow
}
cylinder {
	<37.367737, 52.714611, 49.412018>,  <37.484844, 53.093658, 49.360928>, 0.100000
	pigment { color rgbt <1,0,0,0> }
	no_shadow
}

// particle -1
sphere {
	<37.367737, 52.714611, 49.412018> 0.100000
	pigment { color rgbt <1,0,0,0> }
	no_shadow
}
sphere {
	0, 1
	scale<0.080000,0.200000,0.300000>
	matrix <0.943945, -0.265128, 0.196658,
		-0.152493, 0.178138, 0.972118,
		-0.292768, -0.947615, 0.127723,
		37.279907, 52.430328, 49.450336>
	pigment { color rgbt <0,1,1,0> }
	no_shadow
}
cylinder {
	<38.108410, 52.636372, 49.593365>,  <37.484844, 53.093658, 49.360928>, 0.130000
	pigment { color rgbt <1,0,0,0> }
	no_shadow
}

// nucleotide -1

// particle -1
sphere {
	<38.108410, 52.636372, 49.593365> 0.250000
	pigment { color rgbt <1,0,0,0> }
	no_shadow
}
cylinder {
	<37.850464, 52.331047, 49.608887>,  <37.695694, 52.147854, 49.618202>, 0.100000
	pigment { color rgbt <1,0,0,0> }
	no_shadow
}
cylinder {
	<37.850464, 52.331047, 49.608887>,  <38.108410, 52.636372, 49.593365>, 0.100000
	pigment { color rgbt <1,0,0,0> }
	no_shadow
}

// particle -1
sphere {
	<37.850464, 52.331047, 49.608887> 0.100000
	pigment { color rgbt <1,0,0,0> }
	no_shadow
}
sphere {
	0, 1
	scale<0.080000,0.200000,0.300000>
	matrix <0.732255, -0.602488, 0.317507,
		-0.218973, 0.233168, 0.947461,
		-0.644867, -0.763309, 0.038809,
		37.657005, 52.102055, 49.620529>
	pigment { color rgbt <0,1,1,0> }
	no_shadow
}
cylinder {
	<38.103962, 52.346745, 50.251015>,  <38.108410, 52.636372, 49.593365>, 0.130000
	pigment { color rgbt <1,0,0,0> }
	no_shadow
}

// nucleotide -1

// particle -1
sphere {
	<38.103962, 52.346745, 50.251015> 0.250000
	pigment { color rgbt <1,0,0,0> }
	no_shadow
}
cylinder {
	<38.037212, 52.066078, 49.973938>,  <37.997162, 51.897678, 49.807693>, 0.100000
	pigment { color rgbt <1,0,0,0> }
	no_shadow
}
cylinder {
	<38.037212, 52.066078, 49.973938>,  <38.103962, 52.346745, 50.251015>, 0.100000
	pigment { color rgbt <1,0,0,0> }
	no_shadow
}

// particle -1
sphere {
	<38.037212, 52.066078, 49.973938> 0.100000
	pigment { color rgbt <1,0,0,0> }
	no_shadow
}
sphere {
	0, 1
	scale<0.080000,0.200000,0.300000>
	matrix <0.705158, -0.575963, 0.413544,
		-0.689133, -0.419444, 0.590900,
		-0.166877, -0.701665, -0.692689,
		37.987148, 51.855579, 49.766132>
	pigment { color rgbt <0,1,1,0> }
	no_shadow
}
cylinder {
	<38.787201, 52.657963, 50.293076>,  <38.103962, 52.346745, 50.251015>, 0.130000
	pigment { color rgbt <1,0,0,0> }
	no_shadow
}

// nucleotide -1

// particle -1
sphere {
	<38.787201, 52.657963, 50.293076> 0.250000
	pigment { color rgbt <1,0,0,0> }
	no_shadow
}
cylinder {
	<39.156494, 52.504280, 50.294861>,  <39.378071, 52.412071, 50.295933>, 0.100000
	pigment { color rgbt <1,0,0,0> }
	no_shadow
}
cylinder {
	<39.156494, 52.504280, 50.294861>,  <38.787201, 52.657963, 50.293076>, 0.100000
	pigment { color rgbt <1,0,0,0> }
	no_shadow
}

// particle -1
sphere {
	<39.156494, 52.504280, 50.294861> 0.100000
	pigment { color rgbt <1,0,0,0> }
	no_shadow
}
sphere {
	0, 1
	scale<0.080000,0.200000,0.300000>
	matrix <0.384156, 0.922760, -0.030647,
		0.007660, 0.030008, 0.999521,
		0.923237, -0.384206, 0.004460,
		39.433464, 52.389019, 50.296200>
	pigment { color rgbt <0,1,1,0> }
	no_shadow
}
cylinder {
	<39.040195, 53.073898, 50.813911>,  <38.787201, 52.657963, 50.293076>, 0.130000
	pigment { color rgbt <1,0,0,0> }
	no_shadow
}

// nucleotide -1

// particle -1
sphere {
	<39.040195, 53.073898, 50.813911> 0.250000
	pigment { color rgbt <1,0,0,0> }
	no_shadow
}
cylinder {
	<39.307289, 52.905815, 50.568130>,  <39.467545, 52.804966, 50.420662>, 0.100000
	pigment { color rgbt <1,0,0,0> }
	no_shadow
}
cylinder {
	<39.307289, 52.905815, 50.568130>,  <39.040195, 53.073898, 50.813911>, 0.100000
	pigment { color rgbt <1,0,0,0> }
	no_shadow
}

// particle -1
sphere {
	<39.307289, 52.905815, 50.568130> 0.100000
	pigment { color rgbt <1,0,0,0> }
	no_shadow
}
sphere {
	0, 1
	scale<0.080000,0.200000,0.300000>
	matrix <0.591588, 0.800577, 0.095390,
		0.451833, -0.427198, 0.783166,
		0.667735, -0.420211, -0.614453,
		39.507610, 52.779751, 50.383793>
	pigment { color rgbt <0,1,1,0> }
	no_shadow
}
cylinder {
	<39.713932, 53.056591, 51.140461>,  <39.040195, 53.073898, 50.813911>, 0.130000
	pigment { color rgbt <1,0,0,0> }
	no_shadow
}

// nucleotide -1

// particle -1
sphere {
	<39.713932, 53.056591, 51.140461> 0.250000
	pigment { color rgbt <1,0,0,0> }
	no_shadow
}
cylinder {
	<39.769627, 53.027336, 50.745438>,  <39.803043, 53.009781, 50.508423>, 0.100000
	pigment { color rgbt <1,0,0,0> }
	no_shadow
}
cylinder {
	<39.769627, 53.027336, 50.745438>,  <39.713932, 53.056591, 51.140461>, 0.100000
	pigment { color rgbt <1,0,0,0> }
	no_shadow
}

// particle -1
sphere {
	<39.769627, 53.027336, 50.745438> 0.100000
	pigment { color rgbt <1,0,0,0> }
	no_shadow
}
sphere {
	0, 1
	scale<0.080000,0.200000,0.300000>
	matrix <0.756201, 0.651733, 0.058352,
		0.639354, -0.754914, 0.146055,
		0.139239, -0.073139, -0.987554,
		39.811398, 53.005394, 50.449173>
	pigment { color rgbt <0,1,1,0> }
	no_shadow
}
cylinder {
	<40.446136, 52.747662, 50.914272>,  <39.713932, 53.056591, 51.140461>, 0.130000
	pigment { color rgbt <1,0,0,0> }
	no_shadow
}

// nucleotide -1

// particle -1
sphere {
	<40.446136, 52.747662, 50.914272> 0.250000
	pigment { color rgbt <1,0,0,0> }
	no_shadow
}
cylinder {
	<40.253193, 53.006588, 50.678200>,  <40.137428, 53.161945, 50.536556>, 0.100000
	pigment { color rgbt <1,0,0,0> }
	no_shadow
}
cylinder {
	<40.253193, 53.006588, 50.678200>,  <40.446136, 52.747662, 50.914272>, 0.100000
	pigment { color rgbt <1,0,0,0> }
	no_shadow
}

// particle -1
sphere {
	<40.253193, 53.006588, 50.678200> 0.100000
	pigment { color rgbt <1,0,0,0> }
	no_shadow
}
sphere {
	0, 1
	scale<0.080000,0.200000,0.300000>
	matrix <0.793513, 0.608269, 0.018614,
		0.371037, -0.459336, -0.807057,
		-0.482358, 0.647317, -0.590179,
		40.108486, 53.200783, 50.501144>
	pigment { color rgbt <0,1,1,0> }
	no_shadow
}
cylinder {
	<40.824322, 53.407444, 50.777836>,  <40.446136, 52.747662, 50.914272>, 0.130000
	pigment { color rgbt <1,0,0,0> }
	no_shadow
}

// nucleotide -1

// particle -1
sphere {
	<40.824322, 53.407444, 50.777836> 0.250000
	pigment { color rgbt <1,0,0,0> }
	no_shadow
}
cylinder {
	<40.803703, 53.058922, 50.582626>,  <40.791332, 52.849808, 50.465500>, 0.100000
	pigment { color rgbt <1,0,0,0> }
	no_shadow
}
cylinder {
	<40.803703, 53.058922, 50.582626>,  <40.824322, 53.407444, 50.777836>, 0.100000
	pigment { color rgbt <1,0,0,0> }
	no_shadow
}

// particle -1
sphere {
	<40.803703, 53.058922, 50.582626> 0.100000
	pigment { color rgbt <1,0,0,0> }
	no_shadow
}
sphere {
	0, 1
	scale<0.080000,0.200000,0.300000>
	matrix <-0.112267, 0.490633, -0.864104,
		0.992340, 0.010245, -0.123111,
		-0.051549, -0.871306, -0.488024,
		40.788239, 52.797531, 50.436218>
	pigment { color rgbt <0,1,1,0> }
	no_shadow
}
cylinder {
	<41.390556, 53.335796, 50.260246>,  <40.824322, 53.407444, 50.777836>, 0.130000
	pigment { color rgbt <1,0,0,0> }
	no_shadow
}

// nucleotide -1

// particle -1
sphere {
	<41.390556, 53.335796, 50.260246> 0.250000
	pigment { color rgbt <1,0,0,0> }
	no_shadow
}
cylinder {
	<41.021332, 53.202152, 50.184006>,  <40.799797, 53.121967, 50.138264>, 0.100000
	pigment { color rgbt <1,0,0,0> }
	no_shadow
}
cylinder {
	<41.021332, 53.202152, 50.184006>,  <41.390556, 53.335796, 50.260246>, 0.100000
	pigment { color rgbt <1,0,0,0> }
	no_shadow
}

// particle -1
sphere {
	<41.021332, 53.202152, 50.184006> 0.100000
	pigment { color rgbt <1,0,0,0> }
	no_shadow
}
sphere {
	0, 1
	scale<0.080000,0.200000,0.300000>
	matrix <-0.076966, 0.645916, -0.759519,
		0.376872, -0.686414, -0.621935,
		-0.923062, -0.334109, -0.190597,
		40.744411, 53.101921, 50.126827>
	pigment { color rgbt <0,1,1,0> }
	no_shadow
}
cylinder {
	<42.191723, 53.437752, 50.371979>,  <41.390556, 53.335796, 50.260246>, 0.130000
	pigment { color rgbt <1,0,0,0> }
	no_shadow
}

// nucleotide -1

// particle -1
sphere {
	<42.191723, 53.437752, 50.371979> 0.250000
	pigment { color rgbt <1,0,0,0> }
	no_shadow
}
cylinder {
	<41.911346, 53.432079, 50.657211>,  <41.743122, 53.428677, 50.828350>, 0.100000
	pigment { color rgbt <1,0,0,0> }
	no_shadow
}
cylinder {
	<41.911346, 53.432079, 50.657211>,  <42.191723, 53.437752, 50.371979>, 0.100000
	pigment { color rgbt <1,0,0,0> }
	no_shadow
}

// particle -1
sphere {
	<41.911346, 53.432079, 50.657211> 0.100000
	pigment { color rgbt <1,0,0,0> }
	no_shadow
}
sphere {
	0, 1
	scale<0.080000,0.200000,0.300000>
	matrix <-0.318974, -0.888010, -0.331201,
		0.637921, -0.459606, 0.617916,
		-0.700937, -0.014181, 0.713082,
		41.701065, 53.427826, 50.871136>
	pigment { color rgbt <0,1,1,0> }
	no_shadow
}
cylinder {
	<42.214058, 52.864082, 50.839409>,  <42.191723, 53.437752, 50.371979>, 0.130000
	pigment { color rgbt <1,0,0,0> }
	no_shadow
}

// nucleotide -1

// particle -1
sphere {
	<42.214058, 52.864082, 50.839409> 0.250000
	pigment { color rgbt <1,0,0,0> }
	no_shadow
}
cylinder {
	<41.835285, 52.985943, 50.880402>,  <41.608021, 53.059059, 50.904999>, 0.100000
	pigment { color rgbt <1,0,0,0> }
	no_shadow
}
cylinder {
	<41.835285, 52.985943, 50.880402>,  <42.214058, 52.864082, 50.839409>, 0.100000
	pigment { color rgbt <1,0,0,0> }
	no_shadow
}

// particle -1
sphere {
	<41.835285, 52.985943, 50.880402> 0.100000
	pigment { color rgbt <1,0,0,0> }
	no_shadow
}
sphere {
	0, 1
	scale<0.080000,0.200000,0.300000>
	matrix <-0.319684, -0.925814, -0.201672,
		0.033443, -0.223733, 0.974077,
		-0.946934, 0.304652, 0.102485,
		41.551205, 53.077339, 50.911148>
	pigment { color rgbt <0,1,1,0> }
	no_shadow
}
cylinder {
	<42.539547, 53.128521, 51.415741>,  <42.214058, 52.864082, 50.839409>, 0.130000
	pigment { color rgbt <1,0,0,0> }
	no_shadow
}

// nucleotide -1

// particle -1
sphere {
	<42.539547, 53.128521, 51.415741> 0.250000
	pigment { color rgbt <1,0,0,0> }
	no_shadow
}
cylinder {
	<42.790764, 53.437462, 51.377739>,  <42.941494, 53.622826, 51.354939>, 0.100000
	pigment { color rgbt <1,0,0,0> }
	no_shadow
}
cylinder {
	<42.790764, 53.437462, 51.377739>,  <42.539547, 53.128521, 51.415741>, 0.100000
	pigment { color rgbt <1,0,0,0> }
	no_shadow
}

// particle -1
sphere {
	<42.790764, 53.437462, 51.377739> 0.100000
	pigment { color rgbt <1,0,0,0> }
	no_shadow
}
sphere {
	0, 1
	scale<0.080000,0.200000,0.300000>
	matrix <0.769964, -0.634460, -0.067939,
		-0.112750, -0.030482, -0.993156,
		0.628047, 0.772354, -0.095006,
		42.979179, 53.669167, 51.349236>
	pigment { color rgbt <0,1,1,0> }
	no_shadow
}
cylinder {
	<42.961288, 53.302254, 50.755310>,  <42.539547, 53.128521, 51.415741>, 0.130000
	pigment { color rgbt <1,0,0,0> }
	no_shadow
}

// nucleotide -1

// particle -1
sphere {
	<42.961288, 53.302254, 50.755310> 0.250000
	pigment { color rgbt <1,0,0,0> }
	no_shadow
}
cylinder {
	<43.150780, 53.392982, 51.095695>,  <43.264477, 53.447418, 51.299927>, 0.100000
	pigment { color rgbt <1,0,0,0> }
	no_shadow
}
cylinder {
	<43.150780, 53.392982, 51.095695>,  <42.961288, 53.302254, 50.755310>, 0.100000
	pigment { color rgbt <1,0,0,0> }
	no_shadow
}

// particle -1
sphere {
	<43.150780, 53.392982, 51.095695> 0.100000
	pigment { color rgbt <1,0,0,0> }
	no_shadow
}
sphere {
	0, 1
	scale<0.080000,0.200000,0.300000>
	matrix <0.717725, -0.659380, -0.223806,
		0.510341, 0.716779, -0.475163,
		0.473732, 0.226819, 0.850959,
		43.292900, 53.461029, 51.350983>
	pigment { color rgbt <0,1,1,0> }
	no_shadow
}
cylinder {
	<43.656555, 53.524849, 50.669258>,  <42.961288, 53.302254, 50.755310>, 0.130000
	pigment { color rgbt <1,0,0,0> }
	no_shadow
}

// nucleotide -1

// particle -1
sphere {
	<43.656555, 53.524849, 50.669258> 0.250000
	pigment { color rgbt <1,0,0,0> }
	no_shadow
}
cylinder {
	<43.649952, 53.346325, 51.027149>,  <43.645988, 53.239208, 51.241882>, 0.100000
	pigment { color rgbt <1,0,0,0> }
	no_shadow
}
cylinder {
	<43.649952, 53.346325, 51.027149>,  <43.656555, 53.524849, 50.669258>, 0.100000
	pigment { color rgbt <1,0,0,0> }
	no_shadow
}

// particle -1
sphere {
	<43.649952, 53.346325, 51.027149> 0.100000
	pigment { color rgbt <1,0,0,0> }
	no_shadow
}
sphere {
	0, 1
	scale<0.080000,0.200000,0.300000>
	matrix <0.675104, -0.665049, -0.319288,
		0.737538, 0.598761, 0.312286,
		-0.016509, -0.446313, 0.894725,
		43.645000, 53.212433, 51.295567>
	pigment { color rgbt <0,1,1,0> }
	no_shadow
}
cylinder {
	<44.330189, 53.541073, 51.016670>,  <43.656555, 53.524849, 50.669258>, 0.130000
	pigment { color rgbt <1,0,0,0> }
	no_shadow
}

// nucleotide -1

// particle -1
sphere {
	<44.330189, 53.541073, 51.016670> 0.250000
	pigment { color rgbt <1,0,0,0> }
	no_shadow
}
cylinder {
	<44.106495, 53.217674, 51.089989>,  <43.972279, 53.023636, 51.133980>, 0.100000
	pigment { color rgbt <1,0,0,0> }
	no_shadow
}
cylinder {
	<44.106495, 53.217674, 51.089989>,  <44.330189, 53.541073, 51.016670>, 0.100000
	pigment { color rgbt <1,0,0,0> }
	no_shadow
}

// particle -1
sphere {
	<44.106495, 53.217674, 51.089989> 0.100000
	pigment { color rgbt <1,0,0,0> }
	no_shadow
}
sphere {
	0, 1
	scale<0.080000,0.200000,0.300000>
	matrix <0.760077, -0.588310, -0.275998,
		0.330975, -0.015030, 0.943520,
		-0.559230, -0.808496, 0.183292,
		43.938725, 52.975124, 51.144978>
	pigment { color rgbt <0,1,1,0> }
	no_shadow
}
cylinder {
	<44.518406, 53.102215, 51.550163>,  <44.330189, 53.541073, 51.016670>, 0.130000
	pigment { color rgbt <1,0,0,0> }
	no_shadow
}

// nucleotide -1

// particle -1
sphere {
	<44.518406, 53.102215, 51.550163> 0.250000
	pigment { color rgbt <1,0,0,0> }
	no_shadow
}
cylinder {
	<44.359673, 52.841003, 51.292149>,  <44.264431, 52.684277, 51.137341>, 0.100000
	pigment { color rgbt <1,0,0,0> }
	no_shadow
}
cylinder {
	<44.359673, 52.841003, 51.292149>,  <44.518406, 53.102215, 51.550163>, 0.100000
	pigment { color rgbt <1,0,0,0> }
	no_shadow
}

// particle -1
sphere {
	<44.359673, 52.841003, 51.292149> 0.100000
	pigment { color rgbt <1,0,0,0> }
	no_shadow
}
sphere {
	0, 1
	scale<0.080000,0.200000,0.300000>
	matrix <0.876391, -0.478476, -0.054768,
		-0.272871, -0.587040, 0.762185,
		-0.396838, -0.653027, -0.645039,
		44.240620, 52.645096, 51.098637>
	pigment { color rgbt <0,1,1,0> }
	no_shadow
}
cylinder {
	<44.555550, 52.437389, 51.810925>,  <44.518406, 53.102215, 51.550163>, 0.130000
	pigment { color rgbt <1,0,0,0> }
	no_shadow
}

// nucleotide -1

// particle -1
sphere {
	<44.555550, 52.437389, 51.810925> 0.250000
	pigment { color rgbt <1,0,0,0> }
	no_shadow
}
cylinder {
	<44.568340, 52.454639, 51.411503>,  <44.576015, 52.464989, 51.171848>, 0.100000
	pigment { color rgbt <1,0,0,0> }
	no_shadow
}
cylinder {
	<44.568340, 52.454639, 51.411503>,  <44.555550, 52.437389, 51.810925>, 0.100000
	pigment { color rgbt <1,0,0,0> }
	no_shadow
}

// particle -1
sphere {
	<44.568340, 52.454639, 51.411503> 0.100000
	pigment { color rgbt <1,0,0,0> }
	no_shadow
}
sphere {
	0, 1
	scale<0.080000,0.200000,0.300000>
	matrix <0.824157, -0.566358, 0.001931,
		-0.565458, -0.823030, -0.053651,
		0.031975, 0.043125, -0.998558,
		44.577934, 52.467579, 51.111935>
	pigment { color rgbt <0,1,1,0> }
	no_shadow
}
cylinder {
	<44.379341, 51.754829, 51.570923>,  <44.555550, 52.437389, 51.810925>, 0.130000
	pigment { color rgbt <1,0,0,0> }
	no_shadow
}

// nucleotide -1

// particle -1
sphere {
	<44.379341, 51.754829, 51.570923> 0.250000
	pigment { color rgbt <1,0,0,0> }
	no_shadow
}
cylinder {
	<44.631374, 51.968796, 51.345764>,  <44.782597, 52.097176, 51.210667>, 0.100000
	pigment { color rgbt <1,0,0,0> }
	no_shadow
}
cylinder {
	<44.631374, 51.968796, 51.345764>,  <44.379341, 51.754829, 51.570923>, 0.100000
	pigment { color rgbt <1,0,0,0> }
	no_shadow
}

// particle -1
sphere {
	<44.631374, 51.968796, 51.345764> 0.100000
	pigment { color rgbt <1,0,0,0> }
	no_shadow
}
sphere {
	0, 1
	scale<0.080000,0.200000,0.300000>
	matrix <0.758949, -0.577571, 0.300680,
		-0.164277, -0.616667, -0.769893,
		0.630087, 0.534914, -0.562900,
		44.820400, 52.129269, 51.176895>
	pigment { color rgbt <0,1,1,0> }
	no_shadow
}
cylinder {
	<45.064831, 51.686756, 51.654949>,  <44.379341, 51.754829, 51.570923>, 0.130000
	pigment { color rgbt <1,0,0,0> }
	no_shadow
}

// nucleotide -1

// particle -1
sphere {
	<45.064831, 51.686756, 51.654949> 0.250000
	pigment { color rgbt <1,0,0,0> }
	no_shadow
}
cylinder {
	<45.202450, 51.457344, 51.952324>,  <45.285019, 51.319698, 52.130749>, 0.100000
	pigment { color rgbt <1,0,0,0> }
	no_shadow
}
cylinder {
	<45.202450, 51.457344, 51.952324>,  <45.064831, 51.686756, 51.654949>, 0.100000
	pigment { color rgbt <1,0,0,0> }
	no_shadow
}

// particle -1
sphere {
	<45.202450, 51.457344, 51.952324> 0.100000
	pigment { color rgbt <1,0,0,0> }
	no_shadow
}
sphere {
	0, 1
	scale<0.080000,0.200000,0.300000>
	matrix <0.245064, -0.709481, -0.660742,
		0.906409, 0.409514, -0.103541,
		0.344043, -0.573529, 0.743437,
		45.305664, 51.285286, 52.175354>
	pigment { color rgbt <0,1,1,0> }
	no_shadow
}
cylinder {
	<45.673882, 51.393673, 51.479050>,  <45.064831, 51.686756, 51.654949>, 0.130000
	pigment { color rgbt <1,0,0,0> }
	no_shadow
}

// nucleotide -1

// particle -1
sphere {
	<45.673882, 51.393673, 51.479050> 0.250000
	pigment { color rgbt <1,0,0,0> }
	no_shadow
}
cylinder {
	<45.504627, 51.145004, 51.742710>,  <45.403076, 50.995804, 51.900906>, 0.100000
	pigment { color rgbt <1,0,0,0> }
	no_shadow
}
cylinder {
	<45.504627, 51.145004, 51.742710>,  <45.673882, 51.393673, 51.479050>, 0.100000
	pigment { color rgbt <1,0,0,0> }
	no_shadow
}

// particle -1
sphere {
	<45.504627, 51.145004, 51.742710> 0.100000
	pigment { color rgbt <1,0,0,0> }
	no_shadow
}
sphere {
	0, 1
	scale<0.080000,0.200000,0.300000>
	matrix <-0.026863, -0.718560, -0.694946,
		0.905670, -0.311760, 0.287345,
		-0.423131, -0.621672, 0.659153,
		45.377689, 50.958504, 51.940456>
	pigment { color rgbt <0,1,1,0> }
	no_shadow
}
cylinder {
	<45.387470, 50.700634, 51.523411>,  <45.673882, 51.393673, 51.479050>, 0.130000
	pigment { color rgbt <1,0,0,0> }
	no_shadow
}

// nucleotide -1

// particle -1
sphere {
	<45.387470, 50.700634, 51.523411> 0.250000
	pigment { color rgbt <1,0,0,0> }
	no_shadow
}
cylinder {
	<45.521313, 50.610077, 51.157505>,  <45.601616, 50.555744, 50.937962>, 0.100000
	pigment { color rgbt <1,0,0,0> }
	no_shadow
}
cylinder {
	<45.521313, 50.610077, 51.157505>,  <45.387470, 50.700634, 51.523411>, 0.100000
	pigment { color rgbt <1,0,0,0> }
	no_shadow
}

// particle -1
sphere {
	<45.521313, 50.610077, 51.157505> 0.100000
	pigment { color rgbt <1,0,0,0> }
	no_shadow
}
sphere {
	0, 1
	scale<0.080000,0.200000,0.300000>
	matrix <0.924832, -0.107457, 0.364882,
		-0.180903, -0.968091, 0.173417,
		0.334604, -0.226390, -0.914761,
		45.621693, 50.542160, 50.883076>
	pigment { color rgbt <0,1,1,0> }
	no_shadow
}
cylinder {
	<45.662380, 50.034958, 51.573151>,  <45.387470, 50.700634, 51.523411>, 0.130000
	pigment { color rgbt <1,0,0,0> }
	no_shadow
}

// nucleotide -1

// particle -1
sphere {
	<45.662380, 50.034958, 51.573151> 0.250000
	pigment { color rgbt <1,0,0,0> }
	no_shadow
}
cylinder {
	<45.830372, 50.279743, 51.305084>,  <45.931168, 50.426617, 51.144245>, 0.100000
	pigment { color rgbt <1,0,0,0> }
	no_shadow
}
cylinder {
	<45.830372, 50.279743, 51.305084>,  <45.662380, 50.034958, 51.573151>, 0.100000
	pigment { color rgbt <1,0,0,0> }
	no_shadow
}

// particle -1
sphere {
	<45.830372, 50.279743, 51.305084> 0.100000
	pigment { color rgbt <1,0,0,0> }
	no_shadow
}
sphere {
	0, 1
	scale<0.080000,0.200000,0.300000>
	matrix <0.904599, -0.222928, 0.363323,
		0.072943, -0.758815, -0.647209,
		0.419976, 0.611966, -0.670162,
		45.956364, 50.463333, 51.104034>
	pigment { color rgbt <0,1,1,0> }
	no_shadow
}
cylinder {
	<46.328411, 49.651371, 51.449928>,  <45.662380, 50.034958, 51.573151>, 0.130000
	pigment { color rgbt <1,0,0,0> }
	no_shadow
}

// nucleotide -1

// particle -1
sphere {
	<46.328411, 49.651371, 51.449928> 0.250000
	pigment { color rgbt <1,0,0,0> }
	no_shadow
}
cylinder {
	<46.339336, 50.037151, 51.344788>,  <46.345890, 50.268620, 51.281704>, 0.100000
	pigment { color rgbt <1,0,0,0> }
	no_shadow
}
cylinder {
	<46.339336, 50.037151, 51.344788>,  <46.328411, 49.651371, 51.449928>, 0.100000
	pigment { color rgbt <1,0,0,0> }
	no_shadow
}

// particle -1
sphere {
	<46.339336, 50.037151, 51.344788> 0.100000
	pigment { color rgbt <1,0,0,0> }
	no_shadow
}
sphere {
	0, 1
	scale<0.080000,0.200000,0.300000>
	matrix <0.888951, 0.096830, 0.447649,
		0.457187, -0.245888, -0.854704,
		0.027310, 0.964450, -0.262852,
		46.347530, 50.326485, 51.265930>
	pigment { color rgbt <0,1,1,0> }
	no_shadow
}
cylinder {
	<46.952633, 49.818043, 51.069897>,  <46.328411, 49.651371, 51.449928>, 0.130000
	pigment { color rgbt <1,0,0,0> }
	no_shadow
}

// nucleotide -1

// particle -1
sphere {
	<46.952633, 49.818043, 51.069897> 0.250000
	pigment { color rgbt <1,0,0,0> }
	no_shadow
}
cylinder {
	<46.835285, 50.142712, 51.271935>,  <46.764877, 50.337513, 51.393158>, 0.100000
	pigment { color rgbt <1,0,0,0> }
	no_shadow
}
cylinder {
	<46.835285, 50.142712, 51.271935>,  <46.952633, 49.818043, 51.069897>, 0.100000
	pigment { color rgbt <1,0,0,0> }
	no_shadow
}

// particle -1
sphere {
	<46.835285, 50.142712, 51.271935> 0.100000
	pigment { color rgbt <1,0,0,0> }
	no_shadow
}
sphere {
	0, 1
	scale<0.080000,0.200000,0.300000>
	matrix <0.929637, 0.118991, 0.348736,
		0.222957, 0.571867, -0.789467,
		-0.293370, 0.811671, 0.505099,
		46.747272, 50.386211, 51.423466>
	pigment { color rgbt <0,1,1,0> }
	no_shadow
}
cylinder {
	<47.407364, 50.309513, 50.961815>,  <46.952633, 49.818043, 51.069897>, 0.130000
	pigment { color rgbt <1,0,0,0> }
	no_shadow
}

// nucleotide -1

// particle -1
sphere {
	<47.407364, 50.309513, 50.961815> 0.250000
	pigment { color rgbt <1,0,0,0> }
	no_shadow
}
cylinder {
	<47.251331, 50.395844, 51.319866>,  <47.157711, 50.447643, 51.534698>, 0.100000
	pigment { color rgbt <1,0,0,0> }
	no_shadow
}
cylinder {
	<47.251331, 50.395844, 51.319866>,  <47.407364, 50.309513, 50.961815>, 0.100000
	pigment { color rgbt <1,0,0,0> }
	no_shadow
}

// particle -1
sphere {
	<47.251331, 50.395844, 51.319866> 0.100000
	pigment { color rgbt <1,0,0,0> }
	no_shadow
}
sphere {
	0, 1
	scale<0.080000,0.200000,0.300000>
	matrix <0.920042, 0.052464, 0.388292,
		0.036842, 0.975021, -0.219036,
		-0.390085, 0.215828, 0.895127,
		47.134304, 50.460590, 51.588406>
	pigment { color rgbt <0,1,1,0> }
	no_shadow
}
cylinder {
	<47.820271, 50.858482, 51.301922>,  <47.407364, 50.309513, 50.961815>, 0.130000
	pigment { color rgbt <1,0,0,0> }
	no_shadow
}

// nucleotide -1

// particle -1
sphere {
	<47.820271, 50.858482, 51.301922> 0.250000
	pigment { color rgbt <1,0,0,0> }
	no_shadow
}
cylinder {
	<47.624653, 50.590931, 51.525864>,  <47.507282, 50.430401, 51.660229>, 0.100000
	pigment { color rgbt <1,0,0,0> }
	no_shadow
}
cylinder {
	<47.624653, 50.590931, 51.525864>,  <47.820271, 50.858482, 51.301922>, 0.100000
	pigment { color rgbt <1,0,0,0> }
	no_shadow
}

// particle -1
sphere {
	<47.624653, 50.590931, 51.525864> 0.100000
	pigment { color rgbt <1,0,0,0> }
	no_shadow
}
sphere {
	0, 1
	scale<0.080000,0.200000,0.300000>
	matrix <0.837985, -0.182120, 0.514406,
		-0.242115, 0.720716, 0.649576,
		-0.489042, -0.668880, 0.559855,
		47.477940, 50.390266, 51.693821>
	pigment { color rgbt <0,1,1,0> }
	no_shadow
}
cylinder {
	<47.783726, 51.035175, 52.044769>,  <47.820271, 50.858482, 51.301922>, 0.130000
	pigment { color rgbt <1,0,0,0> }
	no_shadow
}

// nucleotide -1

// particle -1
sphere {
	<47.783726, 51.035175, 52.044769> 0.250000
	pigment { color rgbt <1,0,0,0> }
	no_shadow
}
cylinder {
	<47.827778, 50.659019, 51.916054>,  <47.854210, 50.433327, 51.838825>, 0.100000
	pigment { color rgbt <1,0,0,0> }
	no_shadow
}
cylinder {
	<47.827778, 50.659019, 51.916054>,  <47.783726, 51.035175, 52.044769>, 0.100000
	pigment { color rgbt <1,0,0,0> }
	no_shadow
}

// particle -1
sphere {
	<47.827778, 50.659019, 51.916054> 0.100000
	pigment { color rgbt <1,0,0,0> }
	no_shadow
}
sphere {
	0, 1
	scale<0.080000,0.200000,0.300000>
	matrix <0.979565, 0.047878, 0.195347,
		-0.168295, -0.336724, 0.926441,
		0.110134, -0.940385, -0.321786,
		47.860817, 50.376904, 51.819519>
	pigment { color rgbt <0,1,1,0> }
	no_shadow
}
cylinder {
	<47.969944, 50.551983, 52.475864>,  <47.783726, 51.035175, 52.044769>, 0.130000
	pigment { color rgbt <1,0,0,0> }
	no_shadow
}

// nucleotide -1

// particle -1
sphere {
	<47.969944, 50.551983, 52.475864> 0.250000
	pigment { color rgbt <1,0,0,0> }
	no_shadow
}
cylinder {
	<48.098236, 50.419994, 52.120731>,  <48.175213, 50.340801, 51.907650>, 0.100000
	pigment { color rgbt <1,0,0,0> }
	no_shadow
}
cylinder {
	<48.098236, 50.419994, 52.120731>,  <47.969944, 50.551983, 52.475864>, 0.100000
	pigment { color rgbt <1,0,0,0> }
	no_shadow
}

// particle -1
sphere {
	<48.098236, 50.419994, 52.120731> 0.100000
	pigment { color rgbt <1,0,0,0> }
	no_shadow
}
sphere {
	0, 1
	scale<0.080000,0.200000,0.300000>
	matrix <0.947046, 0.126928, 0.294946,
		0.015367, -0.935419, 0.353208,
		0.320730, -0.329972, -0.887835,
		48.194454, 50.321003, 51.854382>
	pigment { color rgbt <0,1,1,0> }
	no_shadow
}
cylinder {
	<48.350903, 49.961819, 52.584545>,  <47.969944, 50.551983, 52.475864>, 0.130000
	pigment { color rgbt <1,0,0,0> }
	no_shadow
}

// nucleotide -1

// particle -1
sphere {
	<48.350903, 49.961819, 52.584545> 0.250000
	pigment { color rgbt <1,0,0,0> }
	no_shadow
}
cylinder {
	<48.504025, 50.179764, 52.286129>,  <48.595898, 50.310532, 52.107079>, 0.100000
	pigment { color rgbt <1,0,0,0> }
	no_shadow
}
cylinder {
	<48.504025, 50.179764, 52.286129>,  <48.350903, 49.961819, 52.584545>, 0.100000
	pigment { color rgbt <1,0,0,0> }
	no_shadow
}

// particle -1
sphere {
	<48.504025, 50.179764, 52.286129> 0.100000
	pigment { color rgbt <1,0,0,0> }
	no_shadow
}
sphere {
	0, 1
	scale<0.080000,0.200000,0.300000>
	matrix <0.884820, 0.015944, 0.465659,
		0.265616, -0.838373, -0.476003,
		0.382807, 0.544863, -0.746045,
		48.618866, 50.343224, 52.062317>
	pigment { color rgbt <0,1,1,0> }
	no_shadow
}
cylinder {
	<49.030937, 50.009911, 52.682228>,  <48.350903, 49.961819, 52.584545>, 0.130000
	pigment { color rgbt <1,0,0,0> }
	no_shadow
}

// nucleotide -1

// particle -1
sphere {
	<49.030937, 50.009911, 52.682228> 0.250000
	pigment { color rgbt <1,0,0,0> }
	no_shadow
}
cylinder {
	<49.051338, 50.209480, 52.336170>,  <49.063580, 50.329224, 52.128536>, 0.100000
	pigment { color rgbt <1,0,0,0> }
	no_shadow
}
cylinder {
	<49.051338, 50.209480, 52.336170>,  <49.030937, 50.009911, 52.682228>, 0.100000
	pigment { color rgbt <1,0,0,0> }
	no_shadow
}

// particle -1
sphere {
	<49.051338, 50.209480, 52.336170> 0.100000
	pigment { color rgbt <1,0,0,0> }
	no_shadow
}
sphere {
	0, 1
	scale<0.080000,0.200000,0.300000>
	matrix <0.998699, -0.025111, 0.044393,
		0.000424, -0.866282, -0.499554,
		0.051001, 0.498923, -0.865144,
		49.066639, 50.359158, 52.076626>
	pigment { color rgbt <0,1,1,0> }
	no_shadow
}
cylinder {
	<49.279358, 49.562042, 52.198017>,  <49.030937, 50.009911, 52.682228>, 0.130000
	pigment { color rgbt <1,0,0,0> }
	no_shadow
}

// nucleotide -1

// particle -1
sphere {
	<49.279358, 49.562042, 52.198017> 0.250000
	pigment { color rgbt <1,0,0,0> }
	no_shadow
}
cylinder {
	<49.367229, 49.947197, 52.135300>,  <49.419952, 50.178291, 52.097668>, 0.100000
	pigment { color rgbt <1,0,0,0> }
	no_shadow
}
cylinder {
	<49.367229, 49.947197, 52.135300>,  <49.279358, 49.562042, 52.198017>, 0.100000
	pigment { color rgbt <1,0,0,0> }
	no_shadow
}

// particle -1
sphere {
	<49.367229, 49.947197, 52.135300> 0.100000
	pigment { color rgbt <1,0,0,0> }
	no_shadow
}
sphere {
	0, 1
	scale<0.080000,0.200000,0.300000>
	matrix <0.962388, -0.187560, 0.196546,
		0.159843, -0.194076, -0.967876,
		0.219680, 0.962889, -0.156797,
		49.433132, 50.236065, 52.088261>
	pigment { color rgbt <0,1,1,0> }
	no_shadow
}
cylinder {
	<49.884277, 49.697876, 51.792290>,  <49.279358, 49.562042, 52.198017>, 0.130000
	pigment { color rgbt <1,0,0,0> }
	no_shadow
}

// nucleotide -1

// particle -1
sphere {
	<49.884277, 49.697876, 51.792290> 0.250000
	pigment { color rgbt <1,0,0,0> }
	no_shadow
}
cylinder {
	<49.835400, 50.037457, 51.997948>,  <49.806072, 50.241207, 52.121342>, 0.100000
	pigment { color rgbt <1,0,0,0> }
	no_shadow
}
cylinder {
	<49.835400, 50.037457, 51.997948>,  <49.884277, 49.697876, 51.792290>, 0.100000
	pigment { color rgbt <1,0,0,0> }
	no_shadow
}

// particle -1
sphere {
	<49.835400, 50.037457, 51.997948> 0.100000
	pigment { color rgbt <1,0,0,0> }
	no_shadow
}
sphere {
	0, 1
	scale<0.080000,0.200000,0.300000>
	matrix <0.958997, -0.032483, 0.281549,
		0.255723, 0.527465, -0.810177,
		-0.122190, 0.848956, 0.514144,
		49.798744, 50.292145, 52.152191>
	pigment { color rgbt <0,1,1,0> }
	no_shadow
}
cylinder {
	<50.319485, 50.253971, 51.521935>,  <49.884277, 49.697876, 51.792290>, 0.130000
	pigment { color rgbt <1,0,0,0> }
	no_shadow
}

// nucleotide -1

// particle -1
sphere {
	<50.319485, 50.253971, 51.521935> 0.250000
	pigment { color rgbt <1,0,0,0> }
	no_shadow
}
cylinder {
	<50.223911, 50.315842, 51.905388>,  <50.166565, 50.352966, 52.135460>, 0.100000
	pigment { color rgbt <1,0,0,0> }
	no_shadow
}
cylinder {
	<50.223911, 50.315842, 51.905388>,  <50.319485, 50.253971, 51.521935>, 0.100000
	pigment { color rgbt <1,0,0,0> }
	no_shadow
}

// particle -1
sphere {
	<50.223911, 50.315842, 51.905388> 0.100000
	pigment { color rgbt <1,0,0,0> }
	no_shadow
}
sphere {
	0, 1
	scale<0.080000,0.200000,0.300000>
	matrix <0.968187, -0.037614, 0.247385,
		0.074324, 0.987248, -0.140773,
		-0.238936, 0.154681, 0.958636,
		50.152229, 50.362247, 52.192978>
	pigment { color rgbt <0,1,1,0> }
	no_shadow
}
cylinder {
	<50.408676, 50.906670, 51.813869>,  <50.319485, 50.253971, 51.521935>, 0.130000
	pigment { color rgbt <1,0,0,0> }
	no_shadow
}

// nucleotide -1

// particle -1
sphere {
	<50.408676, 50.906670, 51.813869> 0.250000
	pigment { color rgbt <1,0,0,0> }
	no_shadow
}
cylinder {
	<50.444817, 50.611561, 52.081459>,  <50.466499, 50.434494, 52.242012>, 0.100000
	pigment { color rgbt <1,0,0,0> }
	no_shadow
}
cylinder {
	<50.444817, 50.611561, 52.081459>,  <50.408676, 50.906670, 51.813869>, 0.100000
	pigment { color rgbt <1,0,0,0> }
	no_shadow
}

// particle -1
sphere {
	<50.444817, 50.611561, 52.081459> 0.100000
	pigment { color rgbt <1,0,0,0> }
	no_shadow
}
sphere {
	0, 1
	scale<0.080000,0.200000,0.300000>
	matrix <0.960451, 0.242194, 0.137391,
		-0.263385, 0.630105, 0.730477,
		0.090347, -0.737774, 0.668975,
		50.471920, 50.390228, 52.282150>
	pigment { color rgbt <0,1,1,0> }
	no_shadow
}
cylinder {
	<50.831543, 51.097706, 52.451469>,  <50.408676, 50.906670, 51.813869>, 0.130000
	pigment { color rgbt <1,0,0,0> }
	no_shadow
}

// nucleotide -1

// particle -1
sphere {
	<50.831543, 51.097706, 52.451469> 0.250000
	pigment { color rgbt <1,0,0,0> }
	no_shadow
}
cylinder {
	<50.840115, 50.697815, 52.447716>,  <50.845257, 50.457882, 52.445461>, 0.100000
	pigment { color rgbt <1,0,0,0> }
	no_shadow
}
cylinder {
	<50.840115, 50.697815, 52.447716>,  <50.831543, 51.097706, 52.451469>, 0.100000
	pigment { color rgbt <1,0,0,0> }
	no_shadow
}

// particle -1
sphere {
	<50.840115, 50.697815, 52.447716> 0.100000
	pigment { color rgbt <1,0,0,0> }
	no_shadow
}
sphere {
	0, 1
	scale<0.080000,0.200000,0.300000>
	matrix <0.908738, 0.015566, 0.417076,
		-0.416816, -0.017470, 0.908823,
		0.021433, -0.999726, -0.009388,
		50.846546, 50.397896, 52.444901>
	pigment { color rgbt <0,1,1,0> }
	no_shadow
}
cylinder {
	<51.399075, 50.914715, 52.878918>,  <50.831543, 51.097706, 52.451469>, 0.130000
	pigment { color rgbt <1,0,0,0> }
	no_shadow
}

// nucleotide -1

// particle -1
sphere {
	<51.399075, 50.914715, 52.878918> 0.250000
	pigment { color rgbt <1,0,0,0> }
	no_shadow
}
cylinder {
	<51.357246, 50.547821, 52.725170>,  <51.332150, 50.327682, 52.632923>, 0.100000
	pigment { color rgbt <1,0,0,0> }
	no_shadow
}
cylinder {
	<51.357246, 50.547821, 52.725170>,  <51.399075, 50.914715, 52.878918>, 0.100000
	pigment { color rgbt <1,0,0,0> }
	no_shadow
}

// particle -1
sphere {
	<51.357246, 50.547821, 52.725170> 0.100000
	pigment { color rgbt <1,0,0,0> }
	no_shadow
}
sphere {
	0, 1
	scale<0.080000,0.200000,0.300000>
	matrix <0.965193, -0.186762, 0.183092,
		-0.239724, -0.351844, 0.904842,
		-0.104570, -0.917238, -0.384368,
		51.325874, 50.272648, 52.609859>
	pigment { color rgbt <0,1,1,0> }
	no_shadow
}
cylinder {
	<51.689209, 50.388569, 53.363743>,  <51.399075, 50.914715, 52.878918>, 0.130000
	pigment { color rgbt <1,0,0,0> }
	no_shadow
}

// nucleotide -1

// particle -1
sphere {
	<51.689209, 50.388569, 53.363743> 0.250000
	pigment { color rgbt <1,0,0,0> }
	no_shadow
}
cylinder {
	<51.703587, 50.265369, 52.983459>,  <51.712212, 50.191452, 52.755291>, 0.100000
	pigment { color rgbt <1,0,0,0> }
	no_shadow
}
cylinder {
	<51.703587, 50.265369, 52.983459>,  <51.689209, 50.388569, 53.363743>, 0.100000
	pigment { color rgbt <1,0,0,0> }
	no_shadow
}

// particle -1
sphere {
	<51.703587, 50.265369, 52.983459> 0.100000
	pigment { color rgbt <1,0,0,0> }
	no_shadow
}
sphere {
	0, 1
	scale<0.080000,0.200000,0.300000>
	matrix <0.969662, -0.219425, 0.107744,
		-0.241794, -0.925738, 0.290765,
		0.035942, -0.307996, -0.950709,
		51.714371, 50.172970, 52.698246>
	pigment { color rgbt <0,1,1,0> }
	no_shadow
}
cylinder {
	<51.936501, 49.600563, 53.134403>,  <51.689209, 50.388569, 53.363743>, 0.130000
	pigment { color rgbt <1,0,0,0> }
	no_shadow
}

// nucleotide -1

// particle -1
sphere {
	<51.936501, 49.600563, 53.134403> 0.250000
	pigment { color rgbt <1,0,0,0> }
	no_shadow
}
cylinder {
	<52.036209, 49.890503, 52.877514>,  <52.096035, 50.064468, 52.723381>, 0.100000
	pigment { color rgbt <1,0,0,0> }
	no_shadow
}
cylinder {
	<52.036209, 49.890503, 52.877514>,  <51.936501, 49.600563, 53.134403>, 0.100000
	pigment { color rgbt <1,0,0,0> }
	no_shadow
}

// particle -1
sphere {
	<52.036209, 49.890503, 52.877514> 0.100000
	pigment { color rgbt <1,0,0,0> }
	no_shadow
}
sphere {
	0, 1
	scale<0.080000,0.200000,0.300000>
	matrix <0.968318, -0.176325, 0.176833,
		0.014937, -0.665958, -0.745840,
		0.249273, 0.724852, -0.642225,
		52.110992, 50.107960, 52.684845>
	pigment { color rgbt <0,1,1,0> }
	no_shadow
}
cylinder {
	<52.453449, 49.367126, 52.724239>,  <51.936501, 49.600563, 53.134403>, 0.130000
	pigment { color rgbt <1,0,0,0> }
	no_shadow
}

// nucleotide -1

// particle -1
sphere {
	<52.453449, 49.367126, 52.724239> 0.250000
	pigment { color rgbt <1,0,0,0> }
	no_shadow
}
cylinder {
	<52.504341, 49.755802, 52.803879>,  <52.534874, 49.989006, 52.851662>, 0.100000
	pigment { color rgbt <1,0,0,0> }
	no_shadow
}
cylinder {
	<52.504341, 49.755802, 52.803879>,  <52.453449, 49.367126, 52.724239>, 0.100000
	pigment { color rgbt <1,0,0,0> }
	no_shadow
}

// particle -1
sphere {
	<52.504341, 49.755802, 52.803879> 0.100000
	pigment { color rgbt <1,0,0,0> }
	no_shadow
}
sphere {
	0, 1
	scale<0.080000,0.200000,0.300000>
	matrix <0.927987, -0.187484, 0.322009,
		0.350219, 0.143788, -0.925566,
