// switches for output
#declare DRAW_BASES = 1; // possible values are 0, 1; only relevant for DNA ribbons
#declare DRAW_BASES_TYPE = 3; // possible values are 1, 2, 3; only relevant for DNA ribbons
#declare DRAW_FOG = 0; // set to 1 to enable fog

#include "colors.inc"

#include "transforms.inc"
background { rgb <1, 1, 1>}

#default {
   normal{
       ripples 0.25
       frequency 0.20
       turbulence 0.2
       lambda 5
   }
	finish {
		phong 0.1
		phong_size 40.
	}
}

// original window dimensions: 1024x640


// camera settings

camera {
	sky <-0, 1, 0>
	up <-0, 1, 0>
	right 1.6 * <0.99995, 0, 0.00999983>
	location <54.4867, 55, 106.329>
	look_at <55, 55, 55.0001>
	direction <0.513302, 0, -51.3289>
	angle 67.0682
}


# declare cpy_camera_pos = <54.4867, 55, 106.329>;
# if (DRAW_FOG = 1)
fog {
	fog_type 2
	up vnormalize(cpy_camera_pos)
	color rgbt<1,1,1,0.3>
	distance 1e-5
	fog_alt 3e-3
	fog_offset 88
}
# end


// LIGHTS

# declare lum = 6;
global_settings {
	ambient_light rgb lum * <0.05, 0.05, 0.05>
	max_trace_level 15
}# declare cpy_direct_light_amount = 0.25;
light_source
{	1000 * <-0.98995, -1, 1.00995>,
	rgb lum * cpy_direct_light_amount
	parallel
}

light_source
{	1000 * <0.98995, 1, -1.00995>,
	rgb lum * cpy_direct_light_amount
	parallel
}

// strand 0

// nucleotide -1

// particle -1
sphere {
	<36.153858, 52.515091, 50.162189> 0.250000
	pigment { color rgbt <1,0,0,0> }
	no_shadow
}
cylinder {
	<36.361187, 52.717125, 49.886150>,  <36.485584, 52.838345, 49.720528>, 0.100000
	pigment { color rgbt <1,0,0,0> }
	no_shadow
}
cylinder {
	<36.361187, 52.717125, 49.886150>,  <36.153858, 52.515091, 50.162189>, 0.100000
	pigment { color rgbt <1,0,0,0> }
	no_shadow
}

// particle -1
sphere {
	<36.361187, 52.717125, 49.886150> 0.100000
	pigment { color rgbt <1,0,0,0> }
	no_shadow
}
sphere {
	0, 1
	scale<0.080000,0.200000,0.300000>
	matrix <0.844168, -0.431300, 0.318373,
		-0.136834, -0.747577, -0.649927,
		0.518322, 0.505083, -0.690097,
		36.516682, 52.868649, 49.679123>
	pigment { color rgbt <0,1,1,0> }
	no_shadow
}
cylinder {
	<36.522995, 52.105545, 49.664001>,  <36.153858, 52.515091, 50.162189>, 0.130000
	pigment { color rgbt <1,0,0,0> }
	no_shadow
}

// nucleotide -1

// particle -1
sphere {
	<36.522995, 52.105545, 49.664001> 0.250000
	pigment { color rgbt <1,0,0,0> }
	no_shadow
}
cylinder {
	<36.668419, 52.455814, 49.791138>,  <36.755672, 52.665977, 49.867416>, 0.100000
	pigment { color rgbt <1,0,0,0> }
	no_shadow
}
cylinder {
	<36.668419, 52.455814, 49.791138>,  <36.522995, 52.105545, 49.664001>, 0.100000
	pigment { color rgbt <1,0,0,0> }
	no_shadow
}

// particle -1
sphere {
	<36.668419, 52.455814, 49.791138> 0.100000
	pigment { color rgbt <1,0,0,0> }
	no_shadow
}
sphere {
	0, 1
	scale<0.080000,0.200000,0.300000>
	matrix <0.672997, -0.482796, 0.560342,
		0.644127, 0.010185, -0.764851,
		0.363560, 0.875674, 0.317836,
		36.777489, 52.718517, 49.886490>
	pigment { color rgbt <0,1,1,0> }
	no_shadow
}
cylinder {
	<37.179832, 52.172031, 49.510509>,  <36.522995, 52.105545, 49.664001>, 0.130000
	pigment { color rgbt <1,0,0,0> }
	no_shadow
}

// nucleotide -1

// particle -1
sphere {
	<37.179832, 52.172031, 49.510509> 0.250000
	pigment { color rgbt <1,0,0,0> }
	no_shadow
}
cylinder {
	<37.091938, 52.353298, 49.856075>,  <37.039200, 52.462059, 50.063416>, 0.100000
	pigment { color rgbt <1,0,0,0> }
	no_shadow
}
cylinder {
	<37.091938, 52.353298, 49.856075>,  <37.179832, 52.172031, 49.510509>, 0.100000
	pigment { color rgbt <1,0,0,0> }
	no_shadow
}

// particle -1
sphere {
	<37.091938, 52.353298, 49.856075> 0.100000
	pigment { color rgbt <1,0,0,0> }
	no_shadow
}
sphere {
	0, 1
	scale<0.080000,0.200000,0.300000>
	matrix <0.605490, -0.630999, 0.484997,
		0.764917, 0.629665, -0.135737,
		-0.219736, 0.453169, 0.863918,
		37.026016, 52.489250, 50.115250>
	pigment { color rgbt <0,1,1,0> }
	no_shadow
}
cylinder {
	<37.739025, 52.579529, 49.784721>,  <37.179832, 52.172031, 49.510509>, 0.130000
	pigment { color rgbt <1,0,0,0> }
	no_shadow
}

// nucleotide -1

// particle -1
sphere {
	<37.739025, 52.579529, 49.784721> 0.250000
	pigment { color rgbt <1,0,0,0> }
	no_shadow
}
cylinder {
	<37.506287, 52.414272, 50.064941>,  <37.366646, 52.315121, 50.233074>, 0.100000
	pigment { color rgbt <1,0,0,0> }
	no_shadow
}
cylinder {
	<37.506287, 52.414272, 50.064941>,  <37.739025, 52.579529, 49.784721>, 0.100000
	pigment { color rgbt <1,0,0,0> }
	no_shadow
}

// particle -1
sphere {
	<37.506287, 52.414272, 50.064941> 0.100000
	pigment { color rgbt <1,0,0,0> }
	no_shadow
}
sphere {
	0, 1
	scale<0.080000,0.200000,0.300000>
	matrix <0.776604, -0.538046, 0.327707,
		0.241542, 0.734727, 0.633903,
		-0.581844, -0.413137, 0.700553,
		37.331734, 52.290333, 50.275108>
	pigment { color rgbt <0,1,1,0> }
	no_shadow
}
cylinder {
	<38.102581, 52.666931, 50.361721>,  <37.739025, 52.579529, 49.784721>, 0.130000
	pigment { color rgbt <1,0,0,0> }
	no_shadow
}

// nucleotide -1

// particle -1
sphere {
	<38.102581, 52.666931, 50.361721> 0.250000
	pigment { color rgbt <1,0,0,0> }
	no_shadow
}
cylinder {
	<37.836861, 52.380554, 50.447636>,  <37.677429, 52.208729, 50.499184>, 0.100000
	pigment { color rgbt <1,0,0,0> }
	no_shadow
}
cylinder {
	<37.836861, 52.380554, 50.447636>,  <38.102581, 52.666931, 50.361721>, 0.100000
	pigment { color rgbt <1,0,0,0> }
	no_shadow
}

// particle -1
sphere {
	<37.836861, 52.380554, 50.447636> 0.100000
	pigment { color rgbt <1,0,0,0> }
	no_shadow
}
sphere {
	0, 1
	scale<0.080000,0.200000,0.300000>
	matrix <0.739892, -0.589033, 0.324960,
		-0.106137, 0.374788, 0.921015,
		-0.664300, -0.715942, 0.214785,
		37.637569, 52.165771, 50.512070>
	pigment { color rgbt <0,1,1,0> }
	no_shadow
}
cylinder {
	<38.212879, 52.053837, 49.850559>,  <38.102581, 52.666931, 50.361721>, 0.130000
	pigment { color rgbt <1,0,0,0> }
	no_shadow
}

// nucleotide -1

// particle -1
sphere {
	<38.212879, 52.053837, 49.850559> 0.250000
	pigment { color rgbt <1,0,0,0> }
	no_shadow
}
cylinder {
	<38.406487, 52.112930, 49.505562>,  <38.522652, 52.148384, 49.298561>, 0.100000
	pigment { color rgbt <1,0,0,0> }
	no_shadow
}
cylinder {
	<38.406487, 52.112930, 49.505562>,  <38.212879, 52.053837, 49.850559>, 0.100000
	pigment { color rgbt <1,0,0,0> }
	no_shadow
}

// particle -1
sphere {
	<38.406487, 52.112930, 49.505562> 0.100000
	pigment { color rgbt <1,0,0,0> }
	no_shadow
}
sphere {
	0, 1
	scale<0.080000,0.200000,0.300000>
	matrix <0.155676, -0.984460, -0.081259,
		-0.861098, -0.094940, -0.499495,
		0.484018, 0.147731, -0.862497,
		38.551693, 52.157249, 49.246811>
	pigment { color rgbt <0,1,1,0> }
	no_shadow
}
cylinder {
	<37.912167, 51.838535, 49.226501>,  <38.212879, 52.053837, 49.850559>, 0.130000
	pigment { color rgbt <1,0,0,0> }
	no_shadow
}

// nucleotide -1

// particle -1
sphere {
	<37.912167, 51.838535, 49.226501> 0.250000
	pigment { color rgbt <1,0,0,0> }
	no_shadow
}
cylinder {
	<38.310955, 51.820736, 49.252022>,  <38.550228, 51.810059, 49.267334>, 0.100000
	pigment { color rgbt <1,0,0,0> }
	no_shadow
}
cylinder {
	<38.310955, 51.820736, 49.252022>,  <37.912167, 51.838535, 49.226501>, 0.100000
	pigment { color rgbt <1,0,0,0> }
	no_shadow
}

// particle -1
sphere {
	<38.310955, 51.820736, 49.252022> 0.100000
	pigment { color rgbt <1,0,0,0> }
	no_shadow
}
sphere {
	0, 1
	scale<0.080000,0.200000,0.300000>
	matrix <-0.049902, -0.995061, 0.085811,
		0.059672, -0.088735, -0.994266,
		0.996970, -0.044495, 0.063805,
		38.610046, 51.807388, 49.271164>
	pigment { color rgbt <0,1,1,0> }
	no_shadow
}
cylinder {
	<38.370754, 51.511791, 48.625729>,  <37.912167, 51.838535, 49.226501>, 0.130000
	pigment { color rgbt <1,0,0,0> }
	no_shadow
}

// nucleotide -1

// particle -1
sphere {
	<38.370754, 51.511791, 48.625729> 0.250000
	pigment { color rgbt <1,0,0,0> }
	no_shadow
}
cylinder {
	<38.474747, 51.447723, 49.006622>,  <38.537144, 51.409283, 49.235161>, 0.100000
	pigment { color rgbt <1,0,0,0> }
	no_shadow
}
cylinder {
	<38.474747, 51.447723, 49.006622>,  <38.370754, 51.511791, 48.625729>, 0.100000
	pigment { color rgbt <1,0,0,0> }
	no_shadow
}

// particle -1
sphere {
	<38.474747, 51.447723, 49.006622> 0.100000
	pigment { color rgbt <1,0,0,0> }
	no_shadow
}
sphere {
	0, 1
	scale<0.080000,0.200000,0.300000>
	matrix <-0.204730, -0.972870, -0.107745,
		0.943660, -0.166939, -0.285721,
		0.259983, -0.160170, 0.952237,
		38.552742, 51.399673, 49.292294>
	pigment { color rgbt <0,1,1,0> }
	no_shadow
}
cylinder {
	<38.630352, 50.875504, 48.585739>,  <38.370754, 51.511791, 48.625729>, 0.130000
	pigment { color rgbt <1,0,0,0> }
	no_shadow
}

// nucleotide -1

// particle -1
sphere {
	<38.630352, 50.875504, 48.585739> 0.250000
	pigment { color rgbt <1,0,0,0> }
	no_shadow
}
cylinder {
	<38.505501, 50.921829, 48.962921>,  <38.430592, 50.949627, 49.189232>, 0.100000
	pigment { color rgbt <1,0,0,0> }
	no_shadow
}
cylinder {
	<38.505501, 50.921829, 48.962921>,  <38.630352, 50.875504, 48.585739>, 0.100000
	pigment { color rgbt <1,0,0,0> }
	no_shadow
}

// particle -1
sphere {
	<38.505501, 50.921829, 48.962921> 0.100000
	pigment { color rgbt <1,0,0,0> }
	no_shadow
}
sphere {
	0, 1
	scale<0.080000,0.200000,0.300000>
	matrix <-0.416650, -0.908686, -0.026306,
		0.853802, -0.401093, 0.331883,
		-0.312129, 0.115819, 0.942954,
		38.411861, 50.956573, 49.245808>
	pigment { color rgbt <0,1,1,0> }
	no_shadow
}
cylinder {
	<38.993626, 50.376507, 49.080528>,  <38.630352, 50.875504, 48.585739>, 0.130000
	pigment { color rgbt <1,0,0,0> }
	no_shadow
}

// nucleotide -1

// particle -1
sphere {
	<38.993626, 50.376507, 49.080528> 0.250000
	pigment { color rgbt <1,0,0,0> }
	no_shadow
}
cylinder {
	<38.618244, 50.470161, 49.182106>,  <38.393017, 50.526356, 49.243053>, 0.100000
	pigment { color rgbt <1,0,0,0> }
	no_shadow
}
cylinder {
	<38.618244, 50.470161, 49.182106>,  <38.993626, 50.376507, 49.080528>, 0.100000
	pigment { color rgbt <1,0,0,0> }
	no_shadow
}

// particle -1
sphere {
	<38.618244, 50.470161, 49.182106> 0.100000
	pigment { color rgbt <1,0,0,0> }
	no_shadow
}
sphere {
	0, 1
	scale<0.080000,0.200000,0.300000>
	matrix <-0.235078, -0.971599, 0.027088,
		0.253076, -0.034277, 0.966839,
		-0.938451, 0.234138, 0.253946,
		38.336708, 50.540401, 49.258289>
	pigment { color rgbt <0,1,1,0> }
	no_shadow
}
cylinder {
	<39.731850, 50.616634, 49.276463>,  <38.993626, 50.376507, 49.080528>, 0.130000
	pigment { color rgbt <1,0,0,0> }
	no_shadow
}

// nucleotide -1

// particle -1
sphere {
	<39.731850, 50.616634, 49.276463> 0.250000
	pigment { color rgbt <1,0,0,0> }
	no_shadow
}
cylinder {
	<40.118725, 50.547413, 49.202049>,  <40.350849, 50.505878, 49.157402>, 0.100000
	pigment { color rgbt <1,0,0,0> }
	no_shadow
}
cylinder {
	<40.118725, 50.547413, 49.202049>,  <39.731850, 50.616634, 49.276463>, 0.100000
	pigment { color rgbt <1,0,0,0> }
	no_shadow
}

// particle -1
sphere {
	<40.118725, 50.547413, 49.202049> 0.100000
	pigment { color rgbt <1,0,0,0> }
	no_shadow
}
sphere {
	0, 1
	scale<0.080000,0.200000,0.300000>
	matrix <0.090272, -0.450358, 0.888273,
		-0.237499, -0.875917, -0.419957,
		0.967184, -0.173054, -0.186030,
		40.408878, 50.495495, 49.146240>
	pigment { color rgbt <0,1,1,0> }
	no_shadow
}
cylinder {
	<39.839531, 50.050823, 49.540379>,  <39.731850, 50.616634, 49.276463>, 0.130000
	pigment { color rgbt <1,0,0,0> }
	no_shadow
}

// nucleotide -1

// particle -1
sphere {
	<39.839531, 50.050823, 49.540379> 0.250000
	pigment { color rgbt <1,0,0,0> }
	no_shadow
}
cylinder {
	<40.196117, 50.229252, 49.508617>,  <40.410069, 50.336308, 49.489563>, 0.100000
	pigment { color rgbt <1,0,0,0> }
	no_shadow
}
cylinder {
	<40.196117, 50.229252, 49.508617>,  <39.839531, 50.050823, 49.540379>, 0.100000
	pigment { color rgbt <1,0,0,0> }
	no_shadow
}

// particle -1
sphere {
	<40.196117, 50.229252, 49.508617> 0.100000
	pigment { color rgbt <1,0,0,0> }
	no_shadow
}
sphere {
	0, 1
	scale<0.080000,0.200000,0.300000>
	matrix <0.304194, -0.459386, 0.834524,
		0.335784, -0.768104, -0.545220,
		0.891468, 0.446072, -0.079398,
		40.463558, 50.363075, 49.484798>
	pigment { color rgbt <0,1,1,0> }
	no_shadow
}
cylinder {
	<40.445385, 49.622944, 49.568848>,  <39.839531, 50.050823, 49.540379>, 0.130000
	pigment { color rgbt <1,0,0,0> }
	no_shadow
}

// nucleotide -1

// particle -1
sphere {
	<40.445385, 49.622944, 49.568848> 0.250000
	pigment { color rgbt <1,0,0,0> }
	no_shadow
}
cylinder {
	<40.547516, 49.986389, 49.701050>,  <40.608795, 50.204456, 49.780373>, 0.100000
	pigment { color rgbt <1,0,0,0> }
	no_shadow
}
cylinder {
	<40.547516, 49.986389, 49.701050>,  <40.445385, 49.622944, 49.568848>, 0.100000
	pigment { color rgbt <1,0,0,0> }
	no_shadow
}

// particle -1
sphere {
	<40.547516, 49.986389, 49.701050> 0.100000
	pigment { color rgbt <1,0,0,0> }
	no_shadow
}
sphere {
	0, 1
	scale<0.080000,0.200000,0.300000>
	matrix <0.364699, -0.407093, 0.837419,
		0.895434, -0.093283, -0.435312,
		0.255329, 0.908611, 0.330504,
		40.624115, 50.258972, 49.800201>
	pigment { color rgbt <0,1,1,0> }
	no_shadow
}
cylinder {
	<41.189503, 49.794907, 49.623756>,  <40.445385, 49.622944, 49.568848>, 0.130000
	pigment { color rgbt <1,0,0,0> }
	no_shadow
}

// nucleotide -1

// particle -1
sphere {
	<41.189503, 49.794907, 49.623756> 0.250000
	pigment { color rgbt <1,0,0,0> }
	no_shadow
}
cylinder {
	<40.985970, 49.981586, 49.913109>,  <40.863850, 50.093594, 50.086720>, 0.100000
	pigment { color rgbt <1,0,0,0> }
	no_shadow
}
cylinder {
	<40.985970, 49.981586, 49.913109>,  <41.189503, 49.794907, 49.623756>, 0.100000
	pigment { color rgbt <1,0,0,0> }
	no_shadow
}

// particle -1
sphere {
	<40.985970, 49.981586, 49.913109> 0.100000
	pigment { color rgbt <1,0,0,0> }
	no_shadow
}
sphere {
	0, 1
	scale<0.080000,0.200000,0.300000>
	matrix <0.613931, -0.392332, 0.684955,
		0.603474, 0.792635, -0.086889,
		-0.508830, 0.466696, 0.723385,
		40.833321, 50.121597, 50.130123>
	pigment { color rgbt <0,1,1,0> }
	no_shadow
}
cylinder {
	<41.485809, 49.587593, 48.942398>,  <41.189503, 49.794907, 49.623756>, 0.130000
	pigment { color rgbt <1,0,0,0> }
	no_shadow
}

// nucleotide -1

// particle -1
sphere {
	<41.485809, 49.587593, 48.942398> 0.250000
	pigment { color rgbt <1,0,0,0> }
	no_shadow
}
cylinder {
	<41.596073, 49.967739, 49.000122>,  <41.662231, 50.195827, 49.034756>, 0.100000
	pigment { color rgbt <1,0,0,0> }
	no_shadow
}
cylinder {
	<41.596073, 49.967739, 49.000122>,  <41.485809, 49.587593, 48.942398>, 0.100000
	pigment { color rgbt <1,0,0,0> }
	no_shadow
}

// particle -1
sphere {
	<41.596073, 49.967739, 49.000122> 0.100000
	pigment { color rgbt <1,0,0,0> }
	no_shadow
}
sphere {
	0, 1
	scale<0.080000,0.200000,0.300000>
	matrix <0.608917, -0.288802, 0.738792,
		0.743796, -0.115783, -0.658302,
		0.275658, 0.950362, 0.144308,
		41.678772, 50.252850, 49.043415>
	pigment { color rgbt <0,1,1,0> }
	no_shadow
}
cylinder {
	<42.124447, 49.535713, 49.092640>,  <41.485809, 49.587593, 48.942398>, 0.130000
	pigment { color rgbt <1,0,0,0> }
	no_shadow
}

// nucleotide -1

// particle -1
sphere {
	<42.124447, 49.535713, 49.092640> 0.250000
	pigment { color rgbt <1,0,0,0> }
	no_shadow
}
cylinder {
	<42.026932, 49.904533, 49.212906>,  <41.968422, 50.125824, 49.285065>, 0.100000
	pigment { color rgbt <1,0,0,0> }
	no_shadow
}
cylinder {
	<42.026932, 49.904533, 49.212906>,  <42.124447, 49.535713, 49.092640>, 0.100000
	pigment { color rgbt <1,0,0,0> }
	no_shadow
}

// particle -1
sphere {
	<42.026932, 49.904533, 49.212906> 0.100000
	pigment { color rgbt <1,0,0,0> }
	no_shadow
}
sphere {
	0, 1
	scale<0.080000,0.200000,0.300000>
	matrix <0.689363, -0.053309, 0.722452,
		0.682162, 0.383393, -0.622628,
		-0.243791, 0.922046, 0.300662,
		41.953793, 50.181149, 49.303104>
	pigment { color rgbt <0,1,1,0> }
	no_shadow
}
cylinder {
	<42.665508, 49.975204, 49.376240>,  <42.124447, 49.535713, 49.092640>, 0.130000
	pigment { color rgbt <1,0,0,0> }
	no_shadow
}

// nucleotide -1

// particle -1
sphere {
	<42.665508, 49.975204, 49.376240> 0.250000
	pigment { color rgbt <1,0,0,0> }
	no_shadow
}
cylinder {
	<42.317303, 50.081352, 49.542027>,  <42.108379, 50.145042, 49.641499>, 0.100000
	pigment { color rgbt <1,0,0,0> }
	no_shadow
}
cylinder {
	<42.317303, 50.081352, 49.542027>,  <42.665508, 49.975204, 49.376240>, 0.100000
	pigment { color rgbt <1,0,0,0> }
	no_shadow
}

// particle -1
sphere {
	<42.317303, 50.081352, 49.542027> 0.100000
	pigment { color rgbt <1,0,0,0> }
	no_shadow
}
sphere {
	0, 1
	scale<0.080000,0.200000,0.300000>
	matrix <0.330798, -0.308033, 0.892013,
		0.364386, 0.913615, 0.180362,
		-0.870514, 0.265374, 0.414466,
		42.056149, 50.160965, 49.666367>
	pigment { color rgbt <0,1,1,0> }
	no_shadow
}
cylinder {
	<43.127392, 49.478180, 49.352066>,  <42.665508, 49.975204, 49.376240>, 0.130000
	pigment { color rgbt <1,0,0,0> }
	no_shadow
}

// nucleotide -1

// particle -1
sphere {
	<43.127392, 49.478180, 49.352066> 0.250000
	pigment { color rgbt <1,0,0,0> }
	no_shadow
}
cylinder {
	<43.439629, 49.558495, 49.115299>,  <43.626968, 49.606682, 48.973240>, 0.100000
	pigment { color rgbt <1,0,0,0> }
	no_shadow
}
cylinder {
	<43.439629, 49.558495, 49.115299>,  <43.127392, 49.478180, 49.352066>, 0.100000
	pigment { color rgbt <1,0,0,0> }
	no_shadow
}

// particle -1
sphere {
	<43.439629, 49.558495, 49.115299> 0.100000
	pigment { color rgbt <1,0,0,0> }
	no_shadow
}
sphere {
	0, 1
	scale<0.080000,0.200000,0.300000>
	matrix <0.468936, 0.437994, 0.766981,
		0.413249, -0.876270, 0.247741,
		0.780592, 0.200780, -0.591915,
		43.673805, 49.618732, 48.937725>
	pigment { color rgbt <0,1,1,0> }
	no_shadow
}
cylinder {
	<43.690273, 49.188126, 49.528152>,  <43.127392, 49.478180, 49.352066>, 0.130000
	pigment { color rgbt <1,0,0,0> }
	no_shadow
}

// nucleotide -1

// particle -1
sphere {
	<43.690273, 49.188126, 49.528152> 0.250000
	pigment { color rgbt <1,0,0,0> }
	no_shadow
}
cylinder {
	<43.731129, 49.551960, 49.367043>,  <43.755642, 49.770260, 49.270378>, 0.100000
	pigment { color rgbt <1,0,0,0> }
	no_shadow
}
cylinder {
	<43.731129, 49.551960, 49.367043>,  <43.690273, 49.188126, 49.528152>, 0.100000
	pigment { color rgbt <1,0,0,0> }
	no_shadow
}

// particle -1
sphere {
	<43.731129, 49.551960, 49.367043> 0.100000
	pigment { color rgbt <1,0,0,0> }
	no_shadow
}
sphere {
	0, 1
	scale<0.080000,0.200000,0.300000>
	matrix <0.441043, 0.321511, 0.837921,
		0.891655, -0.263224, -0.368327,
		0.102140, 0.909584, -0.402770,
		43.761772, 49.824837, 49.246212>
	pigment { color rgbt <0,1,1,0> }
	no_shadow
}
cylinder {
	<44.474613, 49.388462, 49.336456>,  <43.690273, 49.188126, 49.528152>, 0.130000
	pigment { color rgbt <1,0,0,0> }
	no_shadow
}

// nucleotide -1

// particle -1
sphere {
	<44.474613, 49.388462, 49.336456> 0.250000
	pigment { color rgbt <1,0,0,0> }
	no_shadow
}
cylinder {
	<44.184521, 49.635384, 49.458420>,  <44.010464, 49.783535, 49.531597>, 0.100000
	pigment { color rgbt <1,0,0,0> }
	no_shadow
}
cylinder {
	<44.184521, 49.635384, 49.458420>,  <44.474613, 49.388462, 49.336456>, 0.100000
	pigment { color rgbt <1,0,0,0> }
	no_shadow
}

// particle -1
sphere {
	<44.184521, 49.635384, 49.458420> 0.100000
	pigment { color rgbt <1,0,0,0> }
	no_shadow
}
sphere {
	0, 1
	scale<0.080000,0.200000,0.300000>
	matrix <0.578827, 0.306859, 0.755511,
		0.372818, 0.724411, -0.579858,
		-0.725236, 0.617305, 0.304906,
		43.966949, 49.820576, 49.549892>
	pigment { color rgbt <0,1,1,0> }
	no_shadow
}
cylinder {
	<44.644241, 50.080048, 49.634823>,  <44.474613, 49.388462, 49.336456>, 0.130000
	pigment { color rgbt <1,0,0,0> }
	no_shadow
}

// nucleotide -1

// particle -1
sphere {
	<44.644241, 50.080048, 49.634823> 0.250000
	pigment { color rgbt <1,0,0,0> }
	no_shadow
}
cylinder {
	<44.348576, 50.002243, 49.892754>,  <44.171177, 49.955563, 50.047512>, 0.100000
	pigment { color rgbt <1,0,0,0> }
	no_shadow
}
cylinder {
	<44.348576, 50.002243, 49.892754>,  <44.644241, 50.080048, 49.634823>, 0.100000
	pigment { color rgbt <1,0,0,0> }
	no_shadow
}

// particle -1
sphere {
	<44.348576, 50.002243, 49.892754> 0.100000
	pigment { color rgbt <1,0,0,0> }
	no_shadow
}
sphere {
	0, 1
	scale<0.080000,0.200000,0.300000>
	matrix <0.620039, 0.177377, 0.764257,
		-0.263033, 0.964730, -0.010507,
		-0.739165, -0.194510, 0.644826,
		44.126827, 49.943890, 50.086201>
	pigment { color rgbt <0,1,1,0> }
	no_shadow
}
cylinder {
	<44.467773, 50.713902, 49.995090>,  <44.644241, 50.080048, 49.634823>, 0.130000
	pigment { color rgbt <1,0,0,0> }
	no_shadow
}

// nucleotide -1

// particle -1
sphere {
	<44.467773, 50.713902, 49.995090> 0.250000
	pigment { color rgbt <1,0,0,0> }
	no_shadow
}
cylinder {
	<44.462006, 50.347389, 50.155197>,  <44.458546, 50.127480, 50.251263>, 0.100000
	pigment { color rgbt <1,0,0,0> }
	no_shadow
}
cylinder {
	<44.462006, 50.347389, 50.155197>,  <44.467773, 50.713902, 49.995090>, 0.100000
	pigment { color rgbt <1,0,0,0> }
	no_shadow
}

// particle -1
sphere {
	<44.462006, 50.347389, 50.155197> 0.100000
	pigment { color rgbt <1,0,0,0> }
	no_shadow
}
sphere {
	0, 1
	scale<0.080000,0.200000,0.300000>
	matrix <0.670331, 0.288172, 0.683822,
		-0.741922, 0.278175, 0.610058,
		-0.014421, -0.916283, 0.400271,
		44.457680, 50.072506, 50.275280>
	pigment { color rgbt <0,1,1,0> }
	no_shadow
}
cylinder {
	<44.184830, 50.821598, 50.740711>,  <44.467773, 50.713902, 49.995090>, 0.130000
	pigment { color rgbt <1,0,0,0> }
	no_shadow
}

// nucleotide -1

// particle -1
sphere {
	<44.184830, 50.821598, 50.740711> 0.250000
	pigment { color rgbt <1,0,0,0> }
	no_shadow
}
cylinder {
	<44.403675, 50.494312, 50.670067>,  <44.534981, 50.297939, 50.627682>, 0.100000
	pigment { color rgbt <1,0,0,0> }
	no_shadow
}
cylinder {
	<44.403675, 50.494312, 50.670067>,  <44.184830, 50.821598, 50.740711>, 0.100000
	pigment { color rgbt <1,0,0,0> }
	no_shadow
}

// particle -1
sphere {
	<44.403675, 50.494312, 50.670067> 0.100000
	pigment { color rgbt <1,0,0,0> }
	no_shadow
}
sphere {
	0, 1
	scale<0.080000,0.200000,0.300000>
	matrix <0.746149, 0.381087, 0.545924,
		-0.379381, -0.430457, 0.819009,
		0.547111, -0.818217, -0.176608,
		44.567810, 50.248848, 50.617085>
	pigment { color rgbt <0,1,1,0> }
	no_shadow
}
cylinder {
	<44.601475, 50.412319, 51.231922>,  <44.184830, 50.821598, 50.740711>, 0.130000
	pigment { color rgbt <1,0,0,0> }
	no_shadow
}

// nucleotide -1

// particle -1
sphere {
	<44.601475, 50.412319, 51.231922> 0.250000
	pigment { color rgbt <1,0,0,0> }
	no_shadow
}
cylinder {
	<44.840858, 50.379539, 50.913139>,  <44.984489, 50.359871, 50.721870>, 0.100000
	pigment { color rgbt <1,0,0,0> }
	no_shadow
}
cylinder {
	<44.840858, 50.379539, 50.913139>,  <44.601475, 50.412319, 51.231922>, 0.100000
	pigment { color rgbt <1,0,0,0> }
	no_shadow
}

// particle -1
sphere {
	<44.840858, 50.379539, 50.913139> 0.100000
	pigment { color rgbt <1,0,0,0> }
	no_shadow
}
sphere {
	0, 1
	scale<0.080000,0.200000,0.300000>
	matrix <0.801122, 0.070397, 0.594346,
		0.007399, -0.994147, 0.107779,
		0.598455, -0.081946, -0.796955,
		45.020393, 50.354958, 50.674053>
	pigment { color rgbt <0,1,1,0> }
	no_shadow
}
cylinder {
	<45.122772, 49.890839, 51.523804>,  <44.601475, 50.412319, 51.231922>, 0.130000
	pigment { color rgbt <1,0,0,0> }
	no_shadow
}

// nucleotide -1

// particle -1
sphere {
	<45.122772, 49.890839, 51.523804> 0.250000
	pigment { color rgbt <1,0,0,0> }
	no_shadow
}
cylinder {
	<45.259361, 50.137024, 51.239662>,  <45.341316, 50.284737, 51.069176>, 0.100000
	pigment { color rgbt <1,0,0,0> }
	no_shadow
}
cylinder {
	<45.259361, 50.137024, 51.239662>,  <45.122772, 49.890839, 51.523804>, 0.100000
	pigment { color rgbt <1,0,0,0> }
	no_shadow
}

// particle -1
sphere {
	<45.259361, 50.137024, 51.239662> 0.100000
	pigment { color rgbt <1,0,0,0> }
	no_shadow
}
sphere {
	0, 1
	scale<0.080000,0.200000,0.300000>
	matrix <0.862212, 0.095735, 0.497419,
		0.374149, -0.782330, -0.497969,
		0.341473, 0.615463, -0.710353,
		45.361801, 50.321663, 51.026558>
	pigment { color rgbt <0,1,1,0> }
	no_shadow
}
cylinder {
	<45.725063, 49.559719, 51.092339>,  <45.122772, 49.890839, 51.523804>, 0.130000
	pigment { color rgbt <1,0,0,0> }
	no_shadow
}

// nucleotide -1

// particle -1
sphere {
	<45.725063, 49.559719, 51.092339> 0.250000
	pigment { color rgbt <1,0,0,0> }
	no_shadow
}
cylinder {
	<45.700764, 49.951820, 51.167603>,  <45.686184, 50.187080, 51.212761>, 0.100000
	pigment { color rgbt <1,0,0,0> }
	no_shadow
}
cylinder {
	<45.700764, 49.951820, 51.167603>,  <45.725063, 49.559719, 51.092339>, 0.100000
	pigment { color rgbt <1,0,0,0> }
	no_shadow
}

// particle -1
sphere {
	<45.700764, 49.951820, 51.167603> 0.100000
	pigment { color rgbt <1,0,0,0> }
	no_shadow
}
sphere {
	0, 1
	scale<0.080000,0.200000,0.300000>
	matrix <0.924225, -0.015952, 0.381515,
		0.376985, 0.197083, -0.905009,
		-0.060753, 0.980257, 0.188162,
		45.682537, 50.245899, 51.224052>
	pigment { color rgbt <0,1,1,0> }
	no_shadow
}
cylinder {
	<46.099396, 49.752075, 51.737503>,  <45.725063, 49.559719, 51.092339>, 0.130000
	pigment { color rgbt <1,0,0,0> }
	no_shadow
}

// nucleotide -1

// particle -1
sphere {
	<46.099396, 49.752075, 51.737503> 0.250000
	pigment { color rgbt <1,0,0,0> }
	no_shadow
}
cylinder {
	<46.259911, 49.386486, 51.761604>,  <46.356220, 49.167133, 51.776066>, 0.100000
	pigment { color rgbt <1,0,0,0> }
	no_shadow
}
cylinder {
	<46.259911, 49.386486, 51.761604>,  <46.099396, 49.752075, 51.737503>, 0.100000
	pigment { color rgbt <1,0,0,0> }
	no_shadow
}

// particle -1
sphere {
	<46.259911, 49.386486, 51.761604> 0.100000
	pigment { color rgbt <1,0,0,0> }
	no_shadow
}
sphere {
	0, 1
	scale<0.080000,0.200000,0.300000>
	matrix <0.915177, 0.402784, 0.014723,
		-0.037727, 0.049237, 0.998074,
		0.401284, -0.913970, 0.060257,
		46.380295, 49.112297, 51.779682>
	pigment { color rgbt <0,1,1,0> }
	no_shadow
}
cylinder {
	<46.789848, 49.934299, 51.809181>,  <46.099396, 49.752075, 51.737503>, 0.130000
	pigment { color rgbt <1,0,0,0> }
	no_shadow
}

// nucleotide -1

// particle -1
sphere {
	<46.789848, 49.934299, 51.809181> 0.250000
	pigment { color rgbt <1,0,0,0> }
	no_shadow
}
cylinder {
	<46.811718, 49.534969, 51.816750>,  <46.824841, 49.295372, 51.821293>, 0.100000
	pigment { color rgbt <1,0,0,0> }
	no_shadow
}
cylinder {
	<46.811718, 49.534969, 51.816750>,  <46.789848, 49.934299, 51.809181>, 0.100000
	pigment { color rgbt <1,0,0,0> }
	no_shadow
}

// particle -1
sphere {
	<46.811718, 49.534969, 51.816750> 0.100000
	pigment { color rgbt <1,0,0,0> }
	no_shadow
}
sphere {
	0, 1
	scale<0.080000,0.200000,0.300000>
	matrix <0.997949, 0.054001, -0.034382,
		0.033302, 0.020764, 0.999230,
		0.054673, -0.998325, 0.018923,
		46.828121, 49.235474, 51.822426>
	pigment { color rgbt <0,1,1,0> }
	no_shadow
}
cylinder {
	<47.236671, 49.706383, 52.315910>,  <46.789848, 49.934299, 51.809181>, 0.130000
	pigment { color rgbt <1,0,0,0> }
	no_shadow
}

// nucleotide -1

// particle -1
sphere {
	<47.236671, 49.706383, 52.315910> 0.250000
	pigment { color rgbt <1,0,0,0> }
	no_shadow
}
cylinder {
	<47.222111, 49.394180, 52.066277>,  <47.213375, 49.206860, 51.916496>, 0.100000
	pigment { color rgbt <1,0,0,0> }
	no_shadow
}
cylinder {
	<47.222111, 49.394180, 52.066277>,  <47.236671, 49.706383, 52.315910>, 0.100000
	pigment { color rgbt <1,0,0,0> }
	no_shadow
}

// particle -1
sphere {
	<47.222111, 49.394180, 52.066277> 0.100000
	pigment { color rgbt <1,0,0,0> }
	no_shadow
}
sphere {
	0, 1
	scale<0.080000,0.200000,0.300000>
	matrix <0.994358, 0.033971, -0.100491,
		0.099635, -0.624223, 0.774867,
		-0.036406, -0.780507, -0.624086,
		47.211189, 49.160027, 51.879051>
	pigment { color rgbt <0,1,1,0> }
	no_shadow
}
cylinder {
	<47.719501, 49.097225, 52.552078>,  <47.236671, 49.706383, 52.315910>, 0.130000
	pigment { color rgbt <1,0,0,0> }
	no_shadow
}

// nucleotide -1

// particle -1
sphere {
	<47.719501, 49.097225, 52.552078> 0.250000
	pigment { color rgbt <1,0,0,0> }
	no_shadow
}
cylinder {
	<47.674339, 49.090397, 52.154694>,  <47.647243, 49.086300, 51.916264>, 0.100000
	pigment { color rgbt <1,0,0,0> }
	no_shadow
}
cylinder {
	<47.674339, 49.090397, 52.154694>,  <47.719501, 49.097225, 52.552078>, 0.100000
	pigment { color rgbt <1,0,0,0> }
	no_shadow
}

// particle -1
sphere {
	<47.674339, 49.090397, 52.154694> 0.100000
	pigment { color rgbt <1,0,0,0> }
	no_shadow
}
sphere {
	0, 1
	scale<0.080000,0.200000,0.300000>
	matrix <0.993417, 0.017580, -0.113201,
		0.019397, -0.999699, 0.014972,
		-0.112904, -0.017069, -0.993459,
		47.640469, 49.085278, 51.856655>
	pigment { color rgbt <0,1,1,0> }
	no_shadow
}
cylinder {
	<48.234795, 48.749722, 52.323662>,  <47.719501, 49.097225, 52.552078>, 0.130000
	pigment { color rgbt <1,0,0,0> }
	no_shadow
}

// nucleotide -1

// particle -1
sphere {
	<48.234795, 48.749722, 52.323662> 0.250000
	pigment { color rgbt <1,0,0,0> }
	no_shadow
}
cylinder {
	<48.110744, 48.945480, 51.997639>,  <48.036316, 49.062935, 51.802025>, 0.100000
	pigment { color rgbt <1,0,0,0> }
	no_shadow
}
cylinder {
	<48.110744, 48.945480, 51.997639>,  <48.234795, 48.749722, 52.323662>, 0.100000
	pigment { color rgbt <1,0,0,0> }
	no_shadow
}

// particle -1
sphere {
	<48.110744, 48.945480, 51.997639> 0.100000
	pigment { color rgbt <1,0,0,0> }
	no_shadow
}
sphere {
	0, 1
	scale<0.080000,0.200000,0.300000>
	matrix <0.950621, 0.170391, -0.259396,
		0.011930, -0.855252, -0.518076,
		-0.310124, 0.489399, -0.815053,
		48.017708, 49.092300, 51.753124>
	pigment { color rgbt <0,1,1,0> }
	no_shadow
}
cylinder {
	<48.501667, 48.420200, 51.623199>,  <48.234795, 48.749722, 52.323662>, 0.130000
	pigment { color rgbt <1,0,0,0> }
	no_shadow
}

// nucleotide -1

// particle -1
sphere {
	<48.501667, 48.420200, 51.623199> 0.250000
	pigment { color rgbt <1,0,0,0> }
	no_shadow
}
cylinder {
	<48.431950, 48.812672, 51.589958>,  <48.390121, 49.048157, 51.570015>, 0.100000
	pigment { color rgbt <1,0,0,0> }
	no_shadow
}
cylinder {
	<48.431950, 48.812672, 51.589958>,  <48.501667, 48.420200, 51.623199>, 0.100000
	pigment { color rgbt <1,0,0,0> }
	no_shadow
}

// particle -1
sphere {
	<48.431950, 48.812672, 51.589958> 0.100000
	pigment { color rgbt <1,0,0,0> }
	no_shadow
}
sphere {
	0, 1
	scale<0.080000,0.200000,0.300000>
	matrix <0.904406, 0.126129, -0.407603,
		-0.389450, -0.146200, -0.909370,
		-0.174290, 0.981181, -0.083103,
		48.379662, 49.107025, 51.565025>
	pigment { color rgbt <0,1,1,0> }
	no_shadow
}
cylinder {
	<48.608017, 48.604664, 50.917530>,  <48.501667, 48.420200, 51.623199>, 0.130000
	pigment { color rgbt <1,0,0,0> }
	no_shadow
}

// nucleotide -1

// particle -1
sphere {
	<48.608017, 48.604664, 50.917530> 0.250000
	pigment { color rgbt <1,0,0,0> }
	no_shadow
}
cylinder {
	<48.691154, 48.886528, 51.188896>,  <48.741039, 49.055649, 51.351715>, 0.100000
	pigment { color rgbt <1,0,0,0> }
	no_shadow
}
cylinder {
	<48.691154, 48.886528, 51.188896>,  <48.608017, 48.604664, 50.917530>, 0.100000
	pigment { color rgbt <1,0,0,0> }
	no_shadow
}

// particle -1
sphere {
	<48.691154, 48.886528, 51.188896> 0.100000
	pigment { color rgbt <1,0,0,0> }
	no_shadow
}
sphere {
	0, 1
	scale<0.080000,0.200000,0.300000>
	matrix <0.890659, 0.150387, -0.429080,
		-0.404382, 0.693420, -0.596358,
		0.207848, 0.704665, 0.678415,
		48.753510, 49.097927, 51.392422>
	pigment { color rgbt <0,1,1,0> }
	no_shadow
}
cylinder {
	<49.260735, 48.620461, 50.670444>,  <48.608017, 48.604664, 50.917530>, 0.130000
	pigment { color rgbt <1,0,0,0> }
	no_shadow
}

// nucleotide -1

// particle -1
sphere {
	<49.260735, 48.620461, 50.670444> 0.250000
	pigment { color rgbt <1,0,0,0> }
	no_shadow
}
cylinder {
	<49.187103, 48.926102, 50.917755>,  <49.142925, 49.109486, 51.066139>, 0.100000
	pigment { color rgbt <1,0,0,0> }
	no_shadow
}
cylinder {
	<49.187103, 48.926102, 50.917755>,  <49.260735, 48.620461, 50.670444>, 0.100000
	pigment { color rgbt <1,0,0,0> }
	no_shadow
}

// particle -1
sphere {
	<49.187103, 48.926102, 50.917755> 0.100000
	pigment { color rgbt <1,0,0,0> }
	no_shadow
}
sphere {
	0, 1
	scale<0.080000,0.200000,0.300000>
	matrix <0.881236, 0.406908, -0.240519,
		-0.435362, 0.500572, -0.748257,
		-0.184075, 0.764103, 0.618274,
		49.131882, 49.155334, 51.103237>
	pigment { color rgbt <0,1,1,0> }
	no_shadow
}
cylinder {
	<49.297981, 49.097637, 50.229702>,  <49.260735, 48.620461, 50.670444>, 0.130000
	pigment { color rgbt <1,0,0,0> }
	no_shadow
}

// nucleotide -1

// particle -1
sphere {
	<49.297981, 49.097637, 50.229702> 0.250000
	pigment { color rgbt <1,0,0,0> }
	no_shadow
}
cylinder {
	<49.377831, 49.208797, 50.605556>,  <49.425739, 49.275494, 50.831070>, 0.100000
	pigment { color rgbt <1,0,0,0> }
	no_shadow
}
cylinder {
	<49.377831, 49.208797, 50.605556>,  <49.297981, 49.097637, 50.229702>, 0.100000
	pigment { color rgbt <1,0,0,0> }
	no_shadow
}

// particle -1
sphere {
	<49.377831, 49.208797, 50.605556> 0.100000
	pigment { color rgbt <1,0,0,0> }
	no_shadow
}
sphere {
	0, 1
	scale<0.080000,0.200000,0.300000>
	matrix <0.840806, 0.443857, -0.309896,
		-0.503185, 0.851918, -0.145053,
		0.199624, 0.277896, 0.939640,
		49.437717, 49.292168, 50.887447>
	pigment { color rgbt <0,1,1,0> }
	no_shadow
}
cylinder {
	<49.537323, 49.859337, 50.335388>,  <49.297981, 49.097637, 50.229702>, 0.130000
	pigment { color rgbt <1,0,0,0> }
	no_shadow
}

// nucleotide -1

// particle -1
sphere {
	<49.537323, 49.859337, 50.335388> 0.250000
	pigment { color rgbt <1,0,0,0> }
	no_shadow
}
cylinder {
	<49.687504, 49.616779, 50.615768>,  <49.777611, 49.471245, 50.783997>, 0.100000
	pigment { color rgbt <1,0,0,0> }
	no_shadow
}
cylinder {
	<49.687504, 49.616779, 50.615768>,  <49.537323, 49.859337, 50.335388>, 0.100000
	pigment { color rgbt <1,0,0,0> }
	no_shadow
}

// particle -1
sphere {
	<49.687504, 49.616779, 50.615768> 0.100000
	pigment { color rgbt <1,0,0,0> }
	no_shadow
}
sphere {
	0, 1
	scale<0.080000,0.200000,0.300000>
	matrix <0.895658, 0.431902, -0.106103,
		-0.238402, 0.667647, 0.705274,
		0.375448, -0.606389, 0.700950,
		49.800137, 49.434864, 50.826054>
	pigment { color rgbt <0,1,1,0> }
	no_shadow
}
cylinder {
	<49.775169, 50.231495, 50.925961>,  <49.537323, 49.859337, 50.335388>, 0.130000
	pigment { color rgbt <1,0,0,0> }
	no_shadow
}

// nucleotide -1

// particle -1
sphere {
	<49.775169, 50.231495, 50.925961> 0.250000
	pigment { color rgbt <1,0,0,0> }
	no_shadow
}
cylinder {
	<49.981361, 49.890945, 50.887108>,  <50.105076, 49.686615, 50.863796>, 0.100000
	pigment { color rgbt <1,0,0,0> }
	no_shadow
}
cylinder {
	<49.981361, 49.890945, 50.887108>,  <49.775169, 50.231495, 50.925961>, 0.100000
	pigment { color rgbt <1,0,0,0> }
	no_shadow
}

// particle -1
sphere {
	<49.981361, 49.890945, 50.887108> 0.100000
	pigment { color rgbt <1,0,0,0> }
	no_shadow
}
sphere {
	0, 1
	scale<0.080000,0.200000,0.300000>
	matrix <0.846287, 0.523603, -0.098177,
		0.134446, -0.031596, 0.990417,
		0.515483, -0.851376, -0.097136,
		50.136005, 49.635532, 50.857967>
	pigment { color rgbt <0,1,1,0> }
	no_shadow
}
cylinder {
	<50.345181, 50.200287, 51.463455>,  <49.775169, 50.231495, 50.925961>, 0.130000
	pigment { color rgbt <1,0,0,0> }
	no_shadow
}

// nucleotide -1

// particle -1
sphere {
	<50.345181, 50.200287, 51.463455> 0.250000
	pigment { color rgbt <1,0,0,0> }
	no_shadow
}
cylinder {
	<50.447651, 49.985241, 51.142124>,  <50.509132, 49.856213, 50.949326>, 0.100000
	pigment { color rgbt <1,0,0,0> }
	no_shadow
}
cylinder {
	<50.447651, 49.985241, 51.142124>,  <50.345181, 50.200287, 51.463455>, 0.100000
	pigment { color rgbt <1,0,0,0> }
	no_shadow
}

// particle -1
sphere {
	<50.447651, 49.985241, 51.142124> 0.100000
	pigment { color rgbt <1,0,0,0> }
	no_shadow
}
sphere {
	0, 1
	scale<0.080000,0.200000,0.300000>
	matrix <0.802032, 0.582102, -0.133798,
		0.539552, -0.610019, 0.580310,
		0.256180, -0.537619, -0.803329,
		50.524506, 49.823956, 50.901127>
	pigment { color rgbt <0,1,1,0> }
	no_shadow
}
cylinder {
	<51.096119, 49.959270, 51.524284>,  <50.345181, 50.200287, 51.463455>, 0.130000
	pigment { color rgbt <1,0,0,0> }
	no_shadow
}

// nucleotide -1

// particle -1
sphere {
	<51.096119, 49.959270, 51.524284> 0.250000
	pigment { color rgbt <1,0,0,0> }
	no_shadow
}
cylinder {
	<51.018192, 49.962681, 51.131962>,  <50.971436, 49.964725, 50.896568>, 0.100000
	pigment { color rgbt <1,0,0,0> }
	no_shadow
}
cylinder {
	<51.018192, 49.962681, 51.131962>,  <51.096119, 49.959270, 51.524284>, 0.100000
	pigment { color rgbt <1,0,0,0> }
	no_shadow
}

// particle -1
sphere {
	<51.018192, 49.962681, 51.131962> 0.100000
	pigment { color rgbt <1,0,0,0> }
	no_shadow
}
sphere {
	0, 1
	scale<0.080000,0.200000,0.300000>
	matrix <0.849287, 0.501703, -0.164334,
		0.490671, -0.864998, -0.104980,
		-0.194817, 0.008524, -0.980803,
		50.959747, 49.965237, 50.837723>
	pigment { color rgbt <0,1,1,0> }
	no_shadow
}
cylinder {
	<51.074577, 49.440407, 51.980278>,  <51.096119, 49.959270, 51.524284>, 0.130000
	pigment { color rgbt <1,0,0,0> }
	no_shadow
}

// nucleotide -1

// particle -1
sphere {
	<51.074577, 49.440407, 51.980278> 0.250000
	pigment { color rgbt <1,0,0,0> }
	no_shadow
}
cylinder {
	<51.001781, 49.454933, 52.373329>,  <50.958103, 49.463650, 52.609161>, 0.100000
	pigment { color rgbt <1,0,0,0> }
	no_shadow
}
cylinder {
	<51.001781, 49.454933, 52.373329>,  <51.074577, 49.440407, 51.980278>, 0.100000
	pigment { color rgbt <1,0,0,0> }
	no_shadow
}

// particle -1
sphere {
	<51.001781, 49.454933, 52.373329> 0.100000
	pigment { color rgbt <1,0,0,0> }
	no_shadow
}
sphere {
	0, 1
	scale<0.080000,0.200000,0.300000>
	matrix <0.962594, 0.210580, 0.170496,
		-0.200730, 0.976902, -0.073283,
		-0.181990, 0.036318, 0.982630,
		50.947186, 49.465828, 52.668118>
	pigment { color rgbt <0,1,1,0> }
	no_shadow
}
cylinder {
	<51.340256, 50.113770, 52.363064>,  <51.074577, 49.440407, 51.980278>, 0.130000
	pigment { color rgbt <1,0,0,0> }
	no_shadow
}

// nucleotide -1

// particle -1
sphere {
	<51.340256, 50.113770, 52.363064> 0.250000
	pigment { color rgbt <1,0,0,0> }
	no_shadow
}
cylinder {
	<51.351059, 49.791153, 52.599289>,  <51.357540, 49.597584, 52.741024>, 0.100000
	pigment { color rgbt <1,0,0,0> }
	no_shadow
}
cylinder {
	<51.351059, 49.791153, 52.599289>,  <51.340256, 50.113770, 52.363064>, 0.100000
	pigment { color rgbt <1,0,0,0> }
	no_shadow
}

// particle -1
sphere {
	<51.351059, 49.791153, 52.599289> 0.100000
	pigment { color rgbt <1,0,0,0> }
	no_shadow
}
sphere {
	0, 1
	scale<0.080000,0.200000,0.300000>
	matrix <0.990089, 0.103038, 0.095432,
		-0.137820, 0.582134, 0.801327,
		0.027012, -0.806538, 0.590565,
		51.359161, 49.549191, 52.776459>
	pigment { color rgbt <0,1,1,0> }
	no_shadow
}
cylinder {
	<51.583874, 50.236492, 53.109943>,  <51.340256, 50.113770, 52.363064>, 0.130000
	pigment { color rgbt <1,0,0,0> }
	no_shadow
}

// nucleotide -1

// particle -1
sphere {
	<51.583874, 50.236492, 53.109943> 0.250000
	pigment { color rgbt <1,0,0,0> }
	no_shadow
}
cylinder {
	<51.647934, 49.885132, 52.929825>,  <51.686371, 49.674316, 52.821754>, 0.100000
	pigment { color rgbt <1,0,0,0> }
	no_shadow
}
cylinder {
	<51.647934, 49.885132, 52.929825>,  <51.583874, 50.236492, 53.109943>, 0.100000
	pigment { color rgbt <1,0,0,0> }
	no_shadow
}

// particle -1
sphere {
	<51.647934, 49.885132, 52.929825> 0.100000
	pigment { color rgbt <1,0,0,0> }
	no_shadow
}
sphere {
	0, 1
	scale<0.080000,0.200000,0.300000>
	matrix <0.986137, 0.162450, 0.033827,
		0.043438, -0.449474, 0.892237,
		0.160148, -0.878398, -0.450300,
		51.695980, 49.621613, 52.794735>
	pigment { color rgbt <0,1,1,0> }
	no_shadow
}
cylinder {
	<52.214214, 50.016121, 53.450352>,  <51.583874, 50.236492, 53.109943>, 0.130000
	pigment { color rgbt <1,0,0,0> }
	no_shadow
}

// nucleotide -1

// particle -1
sphere {
	<52.214214, 50.016121, 53.450352> 0.250000
	pigment { color rgbt <1,0,0,0> }
	no_shadow
}
cylinder {
	<52.155045, 49.819981, 53.106800>,  <52.119545, 49.702297, 52.900669>, 0.100000
	pigment { color rgbt <1,0,0,0> }
	no_shadow
}
cylinder {
	<52.155045, 49.819981, 53.106800>,  <52.214214, 50.016121, 53.450352>, 0.100000
	pigment { color rgbt <1,0,0,0> }
	no_shadow
}

// particle -1
sphere {
	<52.155045, 49.819981, 53.106800> 0.100000
	pigment { color rgbt <1,0,0,0> }
	no_shadow
}
sphere {
	0, 1
	scale<0.080000,0.200000,0.300000>
	matrix <0.966145, 0.113969, -0.231462,
		0.211384, -0.864040, 0.456895,
