// switches for output
#declare DRAW_BASES = 1; // possible values are 0, 1; only relevant for DNA ribbons
#declare DRAW_BASES_TYPE = 3; // possible values are 1, 2, 3; only relevant for DNA ribbons
#declare DRAW_FOG = 0; // set to 1 to enable fog

#include "colors.inc"

#include "transforms.inc"
background { rgb <1, 1, 1>}

#default {
   normal{
       ripples 0.25
       frequency 0.20
       turbulence 0.2
       lambda 5
   }
	finish {
		phong 0.1
		phong_size 40.
	}
}

// original window dimensions: 1024x640


// camera settings

camera {
	sky <-0, 1, 0>
	up <-0, 1, 0>
	right 1.6 * <0.99995, 0, 0.00999983>
	location <54.4867, 55, 106.329>
	look_at <55, 55, 55.0001>
	direction <0.513302, 0, -51.3289>
	angle 67.0682
}


# declare cpy_camera_pos = <54.4867, 55, 106.329>;
# if (DRAW_FOG = 1)
fog {
	fog_type 2
	up vnormalize(cpy_camera_pos)
	color rgbt<1,1,1,0.3>
	distance 1e-5
	fog_alt 3e-3
	fog_offset 88
}
# end


// LIGHTS

# declare lum = 6;
global_settings {
	ambient_light rgb lum * <0.05, 0.05, 0.05>
	max_trace_level 15
}# declare cpy_direct_light_amount = 0.25;
light_source
{	1000 * <-0.98995, -1, 1.00995>,
	rgb lum * cpy_direct_light_amount
	parallel
}

light_source
{	1000 * <0.98995, 1, -1.00995>,
	rgb lum * cpy_direct_light_amount
	parallel
}

// strand 0

// nucleotide -1

// particle -1
sphere {
	<37.570435, 52.607105, 49.135754> 0.250000
	pigment { color rgbt <1,0,0,0> }
	no_shadow
}
cylinder {
	<37.250584, 52.763657, 49.317924>,  <37.058674, 52.857586, 49.427227>, 0.100000
	pigment { color rgbt <1,0,0,0> }
	no_shadow
}
cylinder {
	<37.250584, 52.763657, 49.317924>,  <37.570435, 52.607105, 49.135754>, 0.100000
	pigment { color rgbt <1,0,0,0> }
	no_shadow
}

// particle -1
sphere {
	<37.250584, 52.763657, 49.317924> 0.100000
	pigment { color rgbt <1,0,0,0> }
	no_shadow
}
sphere {
	0, 1
	scale<0.080000,0.200000,0.300000>
	matrix <0.235439, -0.493367, 0.837351,
		0.552414, 0.776797, 0.302366,
		-0.799630, 0.391375, 0.455431,
		37.010696, 52.881069, 49.454556>
	pigment { color rgbt <0,1,1,0> }
	no_shadow
}
cylinder {
	<37.909920, 52.879169, 49.745113>,  <37.570435, 52.607105, 49.135754>, 0.130000
	pigment { color rgbt <1,0,0,0> }
	no_shadow
}

// nucleotide -1

// particle -1
sphere {
	<37.909920, 52.879169, 49.745113> 0.250000
	pigment { color rgbt <1,0,0,0> }
	no_shadow
}
cylinder {
	<37.527035, 52.769238, 49.781380>,  <37.297306, 52.703278, 49.803139>, 0.100000
	pigment { color rgbt <1,0,0,0> }
	no_shadow
}
cylinder {
	<37.527035, 52.769238, 49.781380>,  <37.909920, 52.879169, 49.745113>, 0.100000
	pigment { color rgbt <1,0,0,0> }
	no_shadow
}

// particle -1
sphere {
	<37.527035, 52.769238, 49.781380> 0.100000
	pigment { color rgbt <1,0,0,0> }
	no_shadow
}
sphere {
	0, 1
	scale<0.080000,0.200000,0.300000>
	matrix <0.222484, -0.498502, 0.837852,
		-0.185069, 0.822171, 0.538316,
		-0.957209, -0.274827, 0.090663,
		37.239872, 52.686790, 49.808578>
	pigment { color rgbt <0,1,1,0> }
	no_shadow
}
cylinder {
	<37.564053, 52.820911, 50.445484>,  <37.909920, 52.879169, 49.745113>, 0.130000
	pigment { color rgbt <1,0,0,0> }
	no_shadow
}

// nucleotide -1

// particle -1
sphere {
	<37.564053, 52.820911, 50.445484> 0.250000
	pigment { color rgbt <1,0,0,0> }
	no_shadow
}
cylinder {
	<37.628269, 53.035709, 50.776752>,  <37.666798, 53.164589, 50.975513>, 0.100000
	pigment { color rgbt <1,0,0,0> }
	no_shadow
}
cylinder {
	<37.628269, 53.035709, 50.776752>,  <37.564053, 52.820911, 50.445484>, 0.100000
	pigment { color rgbt <1,0,0,0> }
	no_shadow
}

// particle -1
sphere {
	<37.628269, 53.035709, 50.776752> 0.100000
	pigment { color rgbt <1,0,0,0> }
	no_shadow
}
sphere {
	0, 1
	scale<0.080000,0.200000,0.300000>
	matrix <0.503665, -0.766157, 0.399155,
		0.848852, 0.353039, -0.393465,
		0.160539, 0.536998, 0.828167,
		37.676430, 53.196808, 51.025204>
	pigment { color rgbt <0,1,1,0> }
	no_shadow
}
cylinder {
	<38.244335, 53.168018, 50.418991>,  <37.564053, 52.820911, 50.445484>, 0.130000
	pigment { color rgbt <1,0,0,0> }
	no_shadow
}

// nucleotide -1

// particle -1
sphere {
	<38.244335, 53.168018, 50.418991> 0.250000
	pigment { color rgbt <1,0,0,0> }
	no_shadow
}
cylinder {
	<38.129997, 53.060833, 50.787010>,  <38.061394, 52.996521, 51.007820>, 0.100000
	pigment { color rgbt <1,0,0,0> }
	no_shadow
}
cylinder {
	<38.129997, 53.060833, 50.787010>,  <38.244335, 53.168018, 50.418991>, 0.100000
	pigment { color rgbt <1,0,0,0> }
	no_shadow
}

// particle -1
sphere {
	<38.129997, 53.060833, 50.787010> 0.100000
	pigment { color rgbt <1,0,0,0> }
	no_shadow
}
sphere {
	0, 1
	scale<0.080000,0.200000,0.300000>
	matrix <0.524611, -0.847212, -0.083757,
		0.801920, 0.458727, 0.382746,
		-0.285845, -0.267959, 0.920049,
		38.044243, 52.980446, 51.063026>
	pigment { color rgbt <0,1,1,0> }
	no_shadow
}
cylinder {
	<38.725357, 52.616177, 50.679123>,  <38.244335, 53.168018, 50.418991>, 0.130000
	pigment { color rgbt <1,0,0,0> }
	no_shadow
}

// nucleotide -1

// particle -1
sphere {
	<38.725357, 52.616177, 50.679123> 0.250000
	pigment { color rgbt <1,0,0,0> }
	no_shadow
}
cylinder {
	<38.411644, 52.544800, 50.916798>,  <38.223415, 52.501976, 51.059402>, 0.100000
	pigment { color rgbt <1,0,0,0> }
	no_shadow
}
cylinder {
	<38.411644, 52.544800, 50.916798>,  <38.725357, 52.616177, 50.679123>, 0.100000
	pigment { color rgbt <1,0,0,0> }
	no_shadow
}

// particle -1
sphere {
	<38.411644, 52.544800, 50.916798> 0.100000
	pigment { color rgbt <1,0,0,0> }
	no_shadow
}
sphere {
	0, 1
	scale<0.080000,0.200000,0.300000>
	matrix <0.316226, -0.938969, 0.135416,
		0.533761, 0.294102, 0.792845,
		-0.784283, -0.178439, 0.594188,
		38.176357, 52.491268, 51.095055>
	pigment { color rgbt <0,1,1,0> }
	no_shadow
}
cylinder {
	<39.355125, 52.787243, 50.891430>,  <38.725357, 52.616177, 50.679123>, 0.130000
	pigment { color rgbt <1,0,0,0> }
	no_shadow
}

// nucleotide -1

// particle -1
sphere {
	<39.355125, 52.787243, 50.891430> 0.250000
	pigment { color rgbt <1,0,0,0> }
	no_shadow
}
cylinder {
	<39.064991, 52.983875, 51.084190>,  <38.890911, 53.101856, 51.199848>, 0.100000
	pigment { color rgbt <1,0,0,0> }
	no_shadow
}
cylinder {
	<39.064991, 52.983875, 51.084190>,  <39.355125, 52.787243, 50.891430>, 0.100000
	pigment { color rgbt <1,0,0,0> }
	no_shadow
}

// particle -1
sphere {
	<39.064991, 52.983875, 51.084190> 0.100000
	pigment { color rgbt <1,0,0,0> }
	no_shadow
}
sphere {
	0, 1
	scale<0.080000,0.200000,0.300000>
	matrix <-0.380215, -0.869661, 0.314844,
		0.573864, 0.045142, 0.817706,
		-0.725339, 0.491581, 0.481903,
		38.847389, 53.131351, 51.228760>
	pigment { color rgbt <0,1,1,0> }
	no_shadow
}
cylinder {
	<39.298424, 52.501339, 51.547829>,  <39.355125, 52.787243, 50.891430>, 0.130000
	pigment { color rgbt <1,0,0,0> }
	no_shadow
}

// nucleotide -1

// particle -1
sphere {
	<39.298424, 52.501339, 51.547829> 0.250000
	pigment { color rgbt <1,0,0,0> }
	no_shadow
}
cylinder {
	<38.962101, 52.662224, 51.402905>,  <38.760307, 52.758755, 51.315952>, 0.100000
	pigment { color rgbt <1,0,0,0> }
	no_shadow
}
cylinder {
	<38.962101, 52.662224, 51.402905>,  <39.298424, 52.501339, 51.547829>, 0.100000
	pigment { color rgbt <1,0,0,0> }
	no_shadow
}

// particle -1
sphere {
	<38.962101, 52.662224, 51.402905> 0.100000
	pigment { color rgbt <1,0,0,0> }
	no_shadow
}
sphere {
	0, 1
	scale<0.080000,0.200000,0.300000>
	matrix <-0.493952, -0.843878, 0.209481,
		-0.221485, 0.355094, 0.908214,
		-0.840807, 0.402217, -0.362306,
		38.709858, 52.782890, 51.294212>
	pigment { color rgbt <0,1,1,0> }
	no_shadow
}
cylinder {
	<39.981796, 52.488396, 51.400021>,  <39.298424, 52.501339, 51.547829>, 0.130000
	pigment { color rgbt <1,0,0,0> }
	no_shadow
}

// nucleotide -1

// particle -1
sphere {
	<39.981796, 52.488396, 51.400021> 0.250000
	pigment { color rgbt <1,0,0,0> }
	no_shadow
}
cylinder {
	<40.036835, 52.599888, 51.780205>,  <40.069859, 52.666782, 52.008316>, 0.100000
	pigment { color rgbt <1,0,0,0> }
	no_shadow
}
cylinder {
	<40.036835, 52.599888, 51.780205>,  <39.981796, 52.488396, 51.400021>, 0.100000
	pigment { color rgbt <1,0,0,0> }
	no_shadow
}

// particle -1
sphere {
	<40.036835, 52.599888, 51.780205> 0.100000
	pigment { color rgbt <1,0,0,0> }
	no_shadow
}
sphere {
	0, 1
	scale<0.080000,0.200000,0.300000>
	matrix <0.925339, 0.306097, -0.223726,
		-0.353292, 0.910283, -0.215801,
		0.137598, 0.278730, 0.950461,
		40.078114, 52.683506, 52.065342>
	pigment { color rgbt <0,1,1,0> }
	no_shadow
}
cylinder {
	<40.311592, 53.188770, 51.334591>,  <39.981796, 52.488396, 51.400021>, 0.130000
	pigment { color rgbt <1,0,0,0> }
	no_shadow
}

// nucleotide -1

// particle -1
sphere {
	<40.311592, 53.188770, 51.334591> 0.250000
	pigment { color rgbt <1,0,0,0> }
	no_shadow
}
cylinder {
	<40.397869, 52.963211, 51.653461>,  <40.449635, 52.827873, 51.844784>, 0.100000
	pigment { color rgbt <1,0,0,0> }
	no_shadow
}
cylinder {
	<40.397869, 52.963211, 51.653461>,  <40.311592, 53.188770, 51.334591>, 0.100000
	pigment { color rgbt <1,0,0,0> }
	no_shadow
}

// particle -1
sphere {
	<40.397869, 52.963211, 51.653461> 0.100000
	pigment { color rgbt <1,0,0,0> }
	no_shadow
}
sphere {
	0, 1
	scale<0.080000,0.200000,0.300000>
	matrix <0.976440, 0.129962, -0.172264,
		-0.006463, 0.815552, 0.578648,
		0.215692, -0.563901, 0.797178,
		40.462578, 52.794041, 51.892616>
	pigment { color rgbt <0,1,1,0> }
	no_shadow
}
cylinder {
	<40.953667, 53.347092, 51.547649>,  <40.311592, 53.188770, 51.334591>, 0.130000
	pigment { color rgbt <1,0,0,0> }
	no_shadow
}

// nucleotide -1

// particle -1
sphere {
	<40.953667, 53.347092, 51.547649> 0.250000
	pigment { color rgbt <1,0,0,0> }
	no_shadow
}
cylinder {
	<40.903160, 52.983307, 51.706108>,  <40.872856, 52.765034, 51.801182>, 0.100000
	pigment { color rgbt <1,0,0,0> }
	no_shadow
}
cylinder {
	<40.903160, 52.983307, 51.706108>,  <40.953667, 53.347092, 51.547649>, 0.100000
	pigment { color rgbt <1,0,0,0> }
	no_shadow
}

// particle -1
sphere {
	<40.903160, 52.983307, 51.706108> 0.100000
	pigment { color rgbt <1,0,0,0> }
	no_shadow
}
sphere {
	0, 1
	scale<0.080000,0.200000,0.300000>
	matrix <0.985956, -0.159059, -0.050908,
		0.109309, 0.384151, 0.916776,
		-0.126265, -0.909466, 0.396143,
		40.865280, 52.710468, 51.824951>
	pigment { color rgbt <0,1,1,0> }
	no_shadow
}
cylinder {
	<41.460598, 53.351337, 52.136089>,  <40.953667, 53.347092, 51.547649>, 0.130000
	pigment { color rgbt <1,0,0,0> }
	no_shadow
}

// nucleotide -1

// particle -1
sphere {
	<41.460598, 53.351337, 52.136089> 0.250000
	pigment { color rgbt <1,0,0,0> }
	no_shadow
}
cylinder {
	<41.344940, 53.014671, 51.953667>,  <41.275543, 52.812672, 51.844212>, 0.100000
	pigment { color rgbt <1,0,0,0> }
	no_shadow
}
cylinder {
	<41.344940, 53.014671, 51.953667>,  <41.460598, 53.351337, 52.136089>, 0.100000
	pigment { color rgbt <1,0,0,0> }
	no_shadow
}

// particle -1
sphere {
	<41.344940, 53.014671, 51.953667> 0.100000
	pigment { color rgbt <1,0,0,0> }
	no_shadow
}
sphere {
	0, 1
	scale<0.080000,0.200000,0.300000>
	matrix <0.933091, -0.141374, -0.330687,
		0.213854, -0.521161, 0.826231,
		-0.289149, -0.841668, -0.456058,
		41.258194, 52.762173, 51.816849>
	pigment { color rgbt <0,1,1,0> }
	no_shadow
}
cylinder {
	<41.020134, 54.043179, 52.327320>,  <41.460598, 53.351337, 52.136089>, 0.130000
	pigment { color rgbt <1,0,0,0> }
	no_shadow
}

// nucleotide -1

// particle -1
sphere {
	<41.020134, 54.043179, 52.327320> 0.250000
	pigment { color rgbt <1,0,0,0> }
	no_shadow
}
cylinder {
	<41.232204, 54.379581, 52.284218>,  <41.359447, 54.581425, 52.258358>, 0.100000
	pigment { color rgbt <1,0,0,0> }
	no_shadow
}
cylinder {
	<41.232204, 54.379581, 52.284218>,  <41.020134, 54.043179, 52.327320>, 0.100000
	pigment { color rgbt <1,0,0,0> }
	no_shadow
}

// particle -1
sphere {
	<41.232204, 54.379581, 52.284218> 0.100000
	pigment { color rgbt <1,0,0,0> }
	no_shadow
}
sphere {
	0, 1
	scale<0.080000,0.200000,0.300000>
	matrix <0.847882, -0.526217, 0.064740,
		-0.002255, -0.125688, -0.992067,
		0.530180, 0.841010, -0.107755,
		41.391258, 54.631886, 52.251892>
	pigment { color rgbt <0,1,1,0> }
	no_shadow
}
cylinder {
	<41.690369, 54.383373, 52.663071>,  <41.020134, 54.043179, 52.327320>, 0.130000
	pigment { color rgbt <1,0,0,0> }
	no_shadow
}

// nucleotide -1

// particle -1
sphere {
	<41.690369, 54.383373, 52.663071> 0.250000
	pigment { color rgbt <1,0,0,0> }
	no_shadow
}
cylinder {
	<41.835022, 54.335102, 52.293282>,  <41.921814, 54.306141, 52.071407>, 0.100000
	pigment { color rgbt <1,0,0,0> }
	no_shadow
}
cylinder {
	<41.835022, 54.335102, 52.293282>,  <41.690369, 54.383373, 52.663071>, 0.100000
	pigment { color rgbt <1,0,0,0> }
	no_shadow
}

// particle -1
sphere {
	<41.835022, 54.335102, 52.293282> 0.100000
	pigment { color rgbt <1,0,0,0> }
	no_shadow
}
sphere {
	0, 1
	scale<0.080000,0.200000,0.300000>
	matrix <-0.349731, 0.901620, -0.254499,
		0.864239, 0.415354, 0.283853,
		0.361634, -0.120676, -0.924477,
		41.943512, 54.298901, 52.015938>
	pigment { color rgbt <0,1,1,0> }
	no_shadow
}
cylinder {
	<42.094040, 54.976913, 52.439659>,  <41.690369, 54.383373, 52.663071>, 0.130000
	pigment { color rgbt <1,0,0,0> }
	no_shadow
}

// nucleotide -1

// particle -1
sphere {
	<42.094040, 54.976913, 52.439659> 0.250000
	pigment { color rgbt <1,0,0,0> }
	no_shadow
}
cylinder {
	<41.928082, 54.807369, 52.117615>,  <41.828506, 54.705643, 51.924389>, 0.100000
	pigment { color rgbt <1,0,0,0> }
	no_shadow
}
cylinder {
	<41.928082, 54.807369, 52.117615>,  <42.094040, 54.976913, 52.439659>, 0.100000
	pigment { color rgbt <1,0,0,0> }
	no_shadow
}

// particle -1
sphere {
	<41.928082, 54.807369, 52.117615> 0.100000
	pigment { color rgbt <1,0,0,0> }
	no_shadow
}
sphere {
	0, 1
	scale<0.080000,0.200000,0.300000>
	matrix <-0.444364, 0.866555, -0.227210,
		0.793978, 0.263493, -0.547878,
		-0.414898, -0.423857, -0.805112,
		41.803612, 54.680214, 51.876080>
	pigment { color rgbt <0,1,1,0> }
	no_shadow
}
cylinder {
	<42.293312, 55.145786, 51.725483>,  <42.094040, 54.976913, 52.439659>, 0.130000
	pigment { color rgbt <1,0,0,0> }
	no_shadow
}

// nucleotide -1

// particle -1
sphere {
	<42.293312, 55.145786, 51.725483> 0.250000
	pigment { color rgbt <1,0,0,0> }
	no_shadow
}
cylinder {
	<41.902969, 55.058422, 51.725121>,  <41.668762, 55.006004, 51.724903>, 0.100000
	pigment { color rgbt <1,0,0,0> }
	no_shadow
}
cylinder {
	<41.902969, 55.058422, 51.725121>,  <42.293312, 55.145786, 51.725483>, 0.100000
	pigment { color rgbt <1,0,0,0> }
	no_shadow
}

// particle -1
sphere {
	<41.902969, 55.058422, 51.725121> 0.100000
	pigment { color rgbt <1,0,0,0> }
	no_shadow
}
sphere {
	0, 1
	scale<0.080000,0.200000,0.300000>
	matrix <-0.204823, 0.916570, -0.343433,
		0.075839, -0.334956, -0.939177,
		-0.975857, -0.218410, -0.000905,
		41.610214, 54.992901, 51.724850>
	pigment { color rgbt <0,1,1,0> }
	no_shadow
}
cylinder {
	<42.132061, 55.629143, 51.404243>,  <42.293312, 55.145786, 51.725483>, 0.130000
	pigment { color rgbt <1,0,0,0> }
	no_shadow
}

// nucleotide -1

// particle -1
sphere {
	<42.132061, 55.629143, 51.404243> 0.250000
	pigment { color rgbt <1,0,0,0> }
	no_shadow
}
cylinder {
	<41.769821, 55.497601, 51.511379>,  <41.552475, 55.418674, 51.575661>, 0.100000
	pigment { color rgbt <1,0,0,0> }
	no_shadow
}
cylinder {
	<41.769821, 55.497601, 51.511379>,  <42.132061, 55.629143, 51.404243>, 0.100000
	pigment { color rgbt <1,0,0,0> }
	no_shadow
}

// particle -1
sphere {
	<41.769821, 55.497601, 51.511379> 0.100000
	pigment { color rgbt <1,0,0,0> }
	no_shadow
}
sphere {
	0, 1
	scale<0.080000,0.200000,0.300000>
	matrix <-0.379467, 0.910310, -0.165352,
		-0.189442, -0.251380, -0.949168,
		-0.905603, -0.328853, 0.267842,
		41.498138, 55.398945, 51.591732>
	pigment { color rgbt <0,1,1,0> }
	no_shadow
}
cylinder {
	<41.633327, 55.712486, 50.843105>,  <42.132061, 55.629143, 51.404243>, 0.130000
	pigment { color rgbt <1,0,0,0> }
	no_shadow
}

// nucleotide -1

// particle -1
sphere {
	<41.633327, 55.712486, 50.843105> 0.250000
	pigment { color rgbt <1,0,0,0> }
	no_shadow
}
cylinder {
	<41.418140, 55.721924, 51.180157>,  <41.289028, 55.727589, 51.382389>, 0.100000
	pigment { color rgbt <1,0,0,0> }
	no_shadow
}
cylinder {
	<41.418140, 55.721924, 51.180157>,  <41.633327, 55.712486, 50.843105>, 0.100000
	pigment { color rgbt <1,0,0,0> }
	no_shadow
}

// particle -1
sphere {
	<41.418140, 55.721924, 51.180157> 0.100000
	pigment { color rgbt <1,0,0,0> }
	no_shadow
}
sphere {
	0, 1
	scale<0.080000,0.200000,0.300000>
	matrix <-0.356326, 0.899546, -0.252684,
		-0.763950, -0.436189, -0.475521,
		-0.537971, 0.023597, 0.842633,
		41.256748, 55.729004, 51.432945>
	pigment { color rgbt <0,1,1,0> }
	no_shadow
}
cylinder {
	<41.666924, 56.458115, 50.782639>,  <41.633327, 55.712486, 50.843105>, 0.130000
	pigment { color rgbt <1,0,0,0> }
	no_shadow
}

// nucleotide -1

// particle -1
sphere {
	<41.666924, 56.458115, 50.782639> 0.250000
	pigment { color rgbt <1,0,0,0> }
	no_shadow
}
cylinder {
	<41.567482, 56.681114, 50.465805>,  <41.507816, 56.814915, 50.275703>, 0.100000
	pigment { color rgbt <1,0,0,0> }
	no_shadow
}
cylinder {
	<41.567482, 56.681114, 50.465805>,  <41.666924, 56.458115, 50.782639>, 0.100000
	pigment { color rgbt <1,0,0,0> }
	no_shadow
}

// particle -1
sphere {
	<41.567482, 56.681114, 50.465805> 0.100000
	pigment { color rgbt <1,0,0,0> }
	no_shadow
}
sphere {
	0, 1
	scale<0.080000,0.200000,0.300000>
	matrix <-0.279700, -0.824238, -0.492341,
		-0.927343, 0.099150, 0.360838,
		-0.248600, 0.557496, -0.792083,
		41.492901, 56.848362, 50.228180>
	pigment { color rgbt <0,1,1,0> }
	no_shadow
}
cylinder {
	<42.137222, 56.674278, 51.364662>,  <41.666924, 56.458115, 50.782639>, 0.130000
	pigment { color rgbt <1,0,0,0> }
	no_shadow
}

// nucleotide -1

// particle -1
sphere {
	<42.137222, 56.674278, 51.364662> 0.250000
	pigment { color rgbt <1,0,0,0> }
	no_shadow
}
cylinder {
	<42.321766, 56.349167, 51.506958>,  <42.432491, 56.154102, 51.592335>, 0.100000
	pigment { color rgbt <1,0,0,0> }
	no_shadow
}
cylinder {
	<42.321766, 56.349167, 51.506958>,  <42.137222, 56.674278, 51.364662>, 0.100000
	pigment { color rgbt <1,0,0,0> }
	no_shadow
}

// particle -1
sphere {
	<42.321766, 56.349167, 51.506958> 0.100000
	pigment { color rgbt <1,0,0,0> }
	no_shadow
}
sphere {
	0, 1
	scale<0.080000,0.200000,0.300000>
	matrix <0.870046, 0.492966, -0.002059,
		-0.173692, 0.310457, 0.934584,
		0.461357, -0.812774, 0.355736,
		42.460175, 56.105335, 51.613678>
	pigment { color rgbt <0,1,1,0> }
	no_shadow
}
cylinder {
	<42.488270, 56.766598, 52.097916>,  <42.137222, 56.674278, 51.364662>, 0.130000
	pigment { color rgbt <1,0,0,0> }
	no_shadow
}

// nucleotide -1

// particle -1
sphere {
	<42.488270, 56.766598, 52.097916> 0.250000
	pigment { color rgbt <1,0,0,0> }
	no_shadow
}
cylinder {
	<42.655735, 56.502953, 51.848022>,  <42.756214, 56.344765, 51.698086>, 0.100000
	pigment { color rgbt <1,0,0,0> }
	no_shadow
}
cylinder {
	<42.655735, 56.502953, 51.848022>,  <42.488270, 56.766598, 52.097916>, 0.100000
	pigment { color rgbt <1,0,0,0> }
	no_shadow
}

// particle -1
sphere {
	<42.655735, 56.502953, 51.848022> 0.100000
	pigment { color rgbt <1,0,0,0> }
	no_shadow
}
sphere {
	0, 1
	scale<0.080000,0.200000,0.300000>
	matrix <0.807563, 0.584880, -0.075876,
		0.415404, -0.472744, 0.777144,
		0.418666, -0.659112, -0.624732,
		42.781334, 56.305218, 51.660603>
	pigment { color rgbt <0,1,1,0> }
	no_shadow
}
cylinder {
	<43.057423, 56.501110, 52.407707>,  <42.488270, 56.766598, 52.097916>, 0.130000
	pigment { color rgbt <1,0,0,0> }
	no_shadow
}

// nucleotide -1

// particle -1
sphere {
	<43.057423, 56.501110, 52.407707> 0.250000
	pigment { color rgbt <1,0,0,0> }
	no_shadow
}
cylinder {
	<43.112316, 56.545341, 52.013969>,  <43.145252, 56.571880, 51.777725>, 0.100000
	pigment { color rgbt <1,0,0,0> }
	no_shadow
}
cylinder {
	<43.112316, 56.545341, 52.013969>,  <43.057423, 56.501110, 52.407707>, 0.100000
	pigment { color rgbt <1,0,0,0> }
	no_shadow
}

// particle -1
sphere {
	<43.112316, 56.545341, 52.013969> 0.100000
	pigment { color rgbt <1,0,0,0> }
	no_shadow
}
sphere {
	0, 1
	scale<0.080000,0.200000,0.300000>
	matrix <0.745812, 0.642446, 0.176145,
		0.651868, -0.758311, 0.005696,
		0.137232, 0.110575, -0.984348,
		43.153484, 56.578514, 51.718666>
	pigment { color rgbt <0,1,1,0> }
	no_shadow
}
cylinder {
	<43.665211, 56.212681, 52.201710>,  <43.057423, 56.501110, 52.407707>, 0.130000
	pigment { color rgbt <1,0,0,0> }
	no_shadow
}

// nucleotide -1

// particle -1
sphere {
	<43.665211, 56.212681, 52.201710> 0.250000
	pigment { color rgbt <1,0,0,0> }
	no_shadow
}
cylinder {
	<43.567818, 56.525467, 51.972191>,  <43.509380, 56.713139, 51.834480>, 0.100000
	pigment { color rgbt <1,0,0,0> }
	no_shadow
}
cylinder {
	<43.567818, 56.525467, 51.972191>,  <43.665211, 56.212681, 52.201710>, 0.100000
	pigment { color rgbt <1,0,0,0> }
	no_shadow
}

// particle -1
sphere {
	<43.567818, 56.525467, 51.972191> 0.100000
	pigment { color rgbt <1,0,0,0> }
	no_shadow
}
sphere {
	0, 1
	scale<0.080000,0.200000,0.300000>
	matrix <0.760890, 0.520872, 0.386961,
		0.601466, -0.342380, -0.721814,
		-0.243485, 0.781964, -0.573800,
		43.494774, 56.760056, 51.800053>
	pigment { color rgbt <0,1,1,0> }
	no_shadow
}
cylinder {
	<44.218826, 56.494186, 51.761551>,  <43.665211, 56.212681, 52.201710>, 0.130000
	pigment { color rgbt <1,0,0,0> }
	no_shadow
}

// nucleotide -1

// particle -1
sphere {
	<44.218826, 56.494186, 51.761551> 0.250000
	pigment { color rgbt <1,0,0,0> }
	no_shadow
}
cylinder {
	<43.982361, 56.811874, 51.817753>,  <43.840481, 57.002487, 51.851475>, 0.100000
	pigment { color rgbt <1,0,0,0> }
	no_shadow
}
cylinder {
	<43.982361, 56.811874, 51.817753>,  <44.218826, 56.494186, 51.761551>, 0.100000
	pigment { color rgbt <1,0,0,0> }
	no_shadow
}

// particle -1
sphere {
	<43.982361, 56.811874, 51.817753> 0.100000
	pigment { color rgbt <1,0,0,0> }
	no_shadow
}
sphere {
	0, 1
	scale<0.080000,0.200000,0.300000>
	matrix <0.756678, 0.485815, 0.437517,
		0.279223, 0.364964, -0.888164,
		-0.591162, 0.794220, 0.140509,
		43.805012, 57.050140, 51.859905>
	pigment { color rgbt <0,1,1,0> }
	no_shadow
}
cylinder {
	<44.626549, 57.130905, 51.601002>,  <44.218826, 56.494186, 51.761551>, 0.130000
	pigment { color rgbt <1,0,0,0> }
	no_shadow
}

// nucleotide -1

// particle -1
sphere {
	<44.626549, 57.130905, 51.601002> 0.250000
	pigment { color rgbt <1,0,0,0> }
	no_shadow
}
cylinder {
	<44.387512, 57.172356, 51.919029>,  <44.244091, 57.197227, 52.109848>, 0.100000
	pigment { color rgbt <1,0,0,0> }
	no_shadow
}
cylinder {
	<44.387512, 57.172356, 51.919029>,  <44.626549, 57.130905, 51.601002>, 0.100000
	pigment { color rgbt <1,0,0,0> }
	no_shadow
}

// particle -1
sphere {
	<44.387512, 57.172356, 51.919029> 0.100000
	pigment { color rgbt <1,0,0,0> }
	no_shadow
}
sphere {
	0, 1
	scale<0.080000,0.200000,0.300000>
	matrix <0.778979, 0.309920, 0.545106,
		-0.189922, 0.945098, -0.265930,
		-0.597596, 0.103626, 0.795073,
		44.208233, 57.203445, 52.157551>
	pigment { color rgbt <0,1,1,0> }
	no_shadow
}
cylinder {
	<44.599110, 57.801727, 51.832680>,  <44.626549, 57.130905, 51.601002>, 0.130000
	pigment { color rgbt <1,0,0,0> }
	no_shadow
}

// nucleotide -1

// particle -1
sphere {
	<44.599110, 57.801727, 51.832680> 0.250000
	pigment { color rgbt <1,0,0,0> }
	no_shadow
}
cylinder {
	<44.520741, 57.554432, 52.137154>,  <44.473721, 57.406055, 52.319836>, 0.100000
	pigment { color rgbt <1,0,0,0> }
	no_shadow
}
cylinder {
	<44.520741, 57.554432, 52.137154>,  <44.599110, 57.801727, 51.832680>, 0.100000
	pigment { color rgbt <1,0,0,0> }
	no_shadow
}

// particle -1
sphere {
	<44.520741, 57.554432, 52.137154> 0.100000
	pigment { color rgbt <1,0,0,0> }
	no_shadow
}
sphere {
	0, 1
	scale<0.080000,0.200000,0.300000>
	matrix <0.826412, 0.313758, 0.467546,
		-0.527881, 0.720652, 0.449446,
		-0.195920, -0.618236, 0.761183,
		44.461964, 57.368961, 52.365509>
	pigment { color rgbt <0,1,1,0> }
	no_shadow
}
cylinder {
	<44.731647, 58.115929, 52.464138>,  <44.599110, 57.801727, 51.832680>, 0.130000
	pigment { color rgbt <1,0,0,0> }
	no_shadow
}

// nucleotide -1

// particle -1
sphere {
	<44.731647, 58.115929, 52.464138> 0.250000
	pigment { color rgbt <1,0,0,0> }
	no_shadow
}
cylinder {
	<44.782753, 57.732010, 52.564102>,  <44.813416, 57.501656, 52.624081>, 0.100000
	pigment { color rgbt <1,0,0,0> }
	no_shadow
}
cylinder {
	<44.782753, 57.732010, 52.564102>,  <44.731647, 58.115929, 52.464138>, 0.100000
	pigment { color rgbt <1,0,0,0> }
	no_shadow
}

// particle -1
sphere {
	<44.782753, 57.732010, 52.564102> 0.100000
	pigment { color rgbt <1,0,0,0> }
	no_shadow
}
sphere {
	0, 1
	scale<0.080000,0.200000,0.300000>
	matrix <0.939572, 0.197824, 0.279410,
		-0.317617, 0.199115, 0.927078,
		0.127763, -0.959802, 0.249915,
		44.821083, 57.444069, 52.639076>
	pigment { color rgbt <0,1,1,0> }
	no_shadow
}
cylinder {
	<45.170074, 58.073196, 53.060814>,  <44.731647, 58.115929, 52.464138>, 0.130000
	pigment { color rgbt <1,0,0,0> }
	no_shadow
}

// nucleotide -1

// particle -1
sphere {
	<45.170074, 58.073196, 53.060814> 0.250000
	pigment { color rgbt <1,0,0,0> }
	no_shadow
}
cylinder {
	<45.203899, 57.725540, 52.865902>,  <45.224194, 57.516945, 52.748955>, 0.100000
	pigment { color rgbt <1,0,0,0> }
	no_shadow
}
cylinder {
	<45.203899, 57.725540, 52.865902>,  <45.170074, 58.073196, 53.060814>, 0.100000
	pigment { color rgbt <1,0,0,0> }
	no_shadow
}

// particle -1
sphere {
	<45.203899, 57.725540, 52.865902> 0.100000
	pigment { color rgbt <1,0,0,0> }
	no_shadow
}
sphere {
	0, 1
	scale<0.080000,0.200000,0.300000>
	matrix <0.993069, 0.033449, 0.112673,
		-0.081630, -0.493426, 0.865949,
		0.084561, -0.869145, -0.487275,
		45.229267, 57.464798, 52.719719>
	pigment { color rgbt <0,1,1,0> }
	no_shadow
}
cylinder {
	<45.463543, 57.430351, 53.489628>,  <45.170074, 58.073196, 53.060814>, 0.130000
	pigment { color rgbt <1,0,0,0> }
	no_shadow
}

// nucleotide -1

// particle -1
sphere {
	<45.463543, 57.430351, 53.489628> 0.250000
	pigment { color rgbt <1,0,0,0> }
	no_shadow
}
cylinder {
	<45.548546, 57.359627, 53.105217>,  <45.599548, 57.317192, 52.874569>, 0.100000
	pigment { color rgbt <1,0,0,0> }
	no_shadow
}
cylinder {
	<45.548546, 57.359627, 53.105217>,  <45.463543, 57.430351, 53.489628>, 0.100000
	pigment { color rgbt <1,0,0,0> }
	no_shadow
}

// particle -1
sphere {
	<45.548546, 57.359627, 53.105217> 0.100000
	pigment { color rgbt <1,0,0,0> }
	no_shadow
}
sphere {
	0, 1
	scale<0.080000,0.200000,0.300000>
	matrix <0.943037, -0.220527, 0.249098,
		-0.255976, -0.959222, 0.119873,
		0.212505, -0.176808, -0.961031,
		45.612297, 57.306583, 52.816906>
	pigment { color rgbt <0,1,1,0> }
	no_shadow
}
cylinder {
	<45.803028, 56.738846, 53.423298>,  <45.463543, 57.430351, 53.489628>, 0.130000
	pigment { color rgbt <1,0,0,0> }
	no_shadow
}

// nucleotide -1

// particle -1
sphere {
	<45.803028, 56.738846, 53.423298> 0.250000
	pigment { color rgbt <1,0,0,0> }
	no_shadow
}
cylinder {
	<45.961941, 56.949612, 53.122757>,  <46.057289, 57.076073, 52.942432>, 0.100000
	pigment { color rgbt <1,0,0,0> }
	no_shadow
}
cylinder {
	<45.961941, 56.949612, 53.122757>,  <45.803028, 56.738846, 53.423298>, 0.100000
	pigment { color rgbt <1,0,0,0> }
	no_shadow
}

// particle -1
sphere {
	<45.961941, 56.949612, 53.122757> 0.100000
	pigment { color rgbt <1,0,0,0> }
	no_shadow
}
sphere {
	0, 1
	scale<0.080000,0.200000,0.300000>
	matrix <0.912275, -0.315617, 0.261036,
		-0.099595, -0.789142, -0.606082,
		0.397285, 0.526916, -0.751349,
		46.081127, 57.107685, 52.897354>
	pigment { color rgbt <0,1,1,0> }
	no_shadow
}
cylinder {
	<46.160122, 56.401424, 52.860676>,  <45.803028, 56.738846, 53.423298>, 0.130000
	pigment { color rgbt <1,0,0,0> }
	no_shadow
}

// nucleotide -1

// particle -1
sphere {
	<46.160122, 56.401424, 52.860676> 0.250000
	pigment { color rgbt <1,0,0,0> }
	no_shadow
}
cylinder {
	<46.300453, 56.757748, 52.976181>,  <46.384651, 56.971542, 53.045483>, 0.100000
	pigment { color rgbt <1,0,0,0> }
	no_shadow
}
cylinder {
	<46.300453, 56.757748, 52.976181>,  <46.160122, 56.401424, 52.860676>, 0.100000
	pigment { color rgbt <1,0,0,0> }
	no_shadow
}

// particle -1
sphere {
	<46.300453, 56.757748, 52.976181> 0.100000
	pigment { color rgbt <1,0,0,0> }
	no_shadow
}
sphere {
	0, 1
	scale<0.080000,0.200000,0.300000>
	matrix <0.858518, -0.429114, 0.280730,
		0.373987, 0.149417, -0.915319,
		0.350830, 0.890806, 0.288760,
		46.405701, 57.024990, 53.062809>
	pigment { color rgbt <0,1,1,0> }
	no_shadow
}
cylinder {
	<46.617748, 56.005699, 53.400845>,  <46.160122, 56.401424, 52.860676>, 0.130000
	pigment { color rgbt <1,0,0,0> }
	no_shadow
}

// nucleotide -1

// particle -1
sphere {
	<46.617748, 56.005699, 53.400845> 0.250000
	pigment { color rgbt <1,0,0,0> }
	no_shadow
}
cylinder {
	<46.267624, 55.890862, 53.556488>,  <46.057549, 55.821960, 53.649872>, 0.100000
	pigment { color rgbt <1,0,0,0> }
	no_shadow
}
cylinder {
	<46.267624, 55.890862, 53.556488>,  <46.617748, 56.005699, 53.400845>, 0.100000
	pigment { color rgbt <1,0,0,0> }
	no_shadow
}

// particle -1
sphere {
	<46.267624, 55.890862, 53.556488> 0.100000
	pigment { color rgbt <1,0,0,0> }
	no_shadow
}
sphere {
	0, 1
	scale<0.080000,0.200000,0.300000>
	matrix <0.286314, 0.340755, 0.895494,
		-0.389679, 0.895245, -0.216069,
		-0.875314, -0.287092, 0.389107,
		46.005032, 55.804733, 53.673222>
	pigment { color rgbt <0,1,1,0> }
	no_shadow
}
cylinder {
	<46.451073, 56.531773, 53.856651>,  <46.617748, 56.005699, 53.400845>, 0.130000
	pigment { color rgbt <1,0,0,0> }
	no_shadow
}

// nucleotide -1

// particle -1
sphere {
	<46.451073, 56.531773, 53.856651> 0.250000
	pigment { color rgbt <1,0,0,0> }
	no_shadow
}
cylinder {
	<46.294456, 56.175125, 53.947609>,  <46.200485, 55.961136, 54.002182>, 0.100000
	pigment { color rgbt <1,0,0,0> }
	no_shadow
}
cylinder {
	<46.294456, 56.175125, 53.947609>,  <46.451073, 56.531773, 53.856651>, 0.100000
	pigment { color rgbt <1,0,0,0> }
	no_shadow
}

// particle -1
sphere {
	<46.294456, 56.175125, 53.947609> 0.100000
	pigment { color rgbt <1,0,0,0> }
	no_shadow
}
sphere {
	0, 1
	scale<0.080000,0.200000,0.300000>
	matrix <0.274402, 0.122736, 0.953750,
		-0.878292, 0.435832, 0.196605,
		-0.391544, -0.891620, 0.227392,
		46.176994, 55.907639, 54.015827>
	pigment { color rgbt <0,1,1,0> }
	no_shadow
}
cylinder {
	<46.003719, 56.498844, 54.536205>,  <46.451073, 56.531773, 53.856651>, 0.130000
	pigment { color rgbt <1,0,0,0> }
	no_shadow
}

// nucleotide -1

// particle -1
sphere {
	<46.003719, 56.498844, 54.536205> 0.250000
	pigment { color rgbt <1,0,0,0> }
	no_shadow
}
cylinder {
	<46.203098, 56.168316, 54.431328>,  <46.322727, 55.969997, 54.368401>, 0.100000
	pigment { color rgbt <1,0,0,0> }
	no_shadow
}
cylinder {
	<46.203098, 56.168316, 54.431328>,  <46.003719, 56.498844, 54.536205>, 0.100000
	pigment { color rgbt <1,0,0,0> }
	no_shadow
}

// particle -1
sphere {
	<46.203098, 56.168316, 54.431328> 0.100000
	pigment { color rgbt <1,0,0,0> }
	no_shadow
}
sphere {
	0, 1
	scale<0.080000,0.200000,0.300000>
	matrix <0.548103, 0.066059, 0.833798,
		-0.671664, -0.559313, 0.485836,
		0.498447, -0.826321, -0.262192,
		46.352634, 55.920422, 54.352669>
	pigment { color rgbt <0,1,1,0> }
	no_shadow
}
cylinder {
	<46.433792, 56.174580, 55.152962>,  <46.003719, 56.498844, 54.536205>, 0.130000
	pigment { color rgbt <1,0,0,0> }
	no_shadow
}

// nucleotide -1

// particle -1
sphere {
	<46.433792, 56.174580, 55.152962> 0.250000
	pigment { color rgbt <1,0,0,0> }
	no_shadow
}
cylinder {
	<46.574932, 55.959183, 54.846886>,  <46.659615, 55.829945, 54.663239>, 0.100000
	pigment { color rgbt <1,0,0,0> }
	no_shadow
}
cylinder {
	<46.574932, 55.959183, 54.846886>,  <46.433792, 56.174580, 55.152962>, 0.100000
	pigment { color rgbt <1,0,0,0> }
	no_shadow
}

// particle -1
sphere {
	<46.574932, 55.959183, 54.846886> 0.100000
	pigment { color rgbt <1,0,0,0> }
	no_shadow
}
sphere {
	0, 1
	scale<0.080000,0.200000,0.300000>
	matrix <0.809068, -0.235198, 0.538601,
		-0.470006, -0.809138, 0.352689,
		0.352850, -0.538495, -0.765193,
		46.680786, 55.797634, 54.617329>
	pigment { color rgbt <0,1,1,0> }
	no_shadow
}
cylinder {
	<46.493279, 55.459675, 55.316349>,  <46.433792, 56.174580, 55.152962>, 0.130000
	pigment { color rgbt <1,0,0,0> }
	no_shadow
}

// nucleotide -1

// particle -1
sphere {
	<46.493279, 55.459675, 55.316349> 0.250000
	pigment { color rgbt <1,0,0,0> }
	no_shadow
}
cylinder {
	<46.757370, 55.660576, 55.092979>,  <46.915825, 55.781116, 54.958958>, 0.100000
	pigment { color rgbt <1,0,0,0> }
	no_shadow
}
cylinder {
	<46.757370, 55.660576, 55.092979>,  <46.493279, 55.459675, 55.316349>, 0.100000
	pigment { color rgbt <1,0,0,0> }
	no_shadow
}

// particle -1
sphere {
	<46.757370, 55.660576, 55.092979> 0.100000
	pigment { color rgbt <1,0,0,0> }
	no_shadow
}
sphere {
	0, 1
	scale<0.080000,0.200000,0.300000>
	matrix <0.728545, -0.247578, 0.638692,
		0.182535, -0.828519, -0.529375,
		0.660230, 0.502257, -0.558422,
		46.955441, 55.811253, 54.925453>
	pigment { color rgbt <0,1,1,0> }
	no_shadow
}
cylinder {
	<47.150806, 54.992161, 55.008556>,  <46.493279, 55.459675, 55.316349>, 0.130000
	pigment { color rgbt <1,0,0,0> }
	no_shadow
}

// nucleotide -1

// particle -1
sphere {
	<47.150806, 54.992161, 55.008556> 0.250000
	pigment { color rgbt <1,0,0,0> }
	no_shadow
}
cylinder {
	<47.247440, 55.378796, 55.042854>,  <47.305420, 55.610775, 55.063435>, 0.100000
	pigment { color rgbt <1,0,0,0> }
	no_shadow
}
cylinder {
	<47.247440, 55.378796, 55.042854>,  <47.150806, 54.992161, 55.008556>, 0.100000
	pigment { color rgbt <1,0,0,0> }
	no_shadow
}

// particle -1
sphere {
	<47.247440, 55.378796, 55.042854> 0.100000
	pigment { color rgbt <1,0,0,0> }
	no_shadow
}
sphere {
	0, 1
	scale<0.080000,0.200000,0.300000>
	matrix <0.727718, -0.238915, 0.642921,
		0.641924, -0.092918, -0.761118,
		0.241581, 0.966585, 0.085747,
		47.319916, 55.668770, 55.068577>
	pigment { color rgbt <0,1,1,0> }
	no_shadow
}
cylinder {
	<47.895298, 55.204269, 54.722939>,  <47.150806, 54.992161, 55.008556>, 0.130000
	pigment { color rgbt <1,0,0,0> }
	no_shadow
}

// nucleotide -1

// particle -1
sphere {
	<47.895298, 55.204269, 54.722939> 0.250000
	pigment { color rgbt <1,0,0,0> }
	no_shadow
}
cylinder {
	<47.738991, 55.402473, 55.033234>,  <47.645206, 55.521397, 55.219410>, 0.100000
	pigment { color rgbt <1,0,0,0> }
	no_shadow
}
cylinder {
	<47.738991, 55.402473, 55.033234>,  <47.895298, 55.204269, 54.722939>, 0.100000
	pigment { color rgbt <1,0,0,0> }
	no_shadow
}

// particle -1
sphere {
	<47.738991, 55.402473, 55.033234> 0.100000
	pigment { color rgbt <1,0,0,0> }
	no_shadow
}
sphere {
	0, 1
	scale<0.080000,0.200000,0.300000>
	matrix <0.805130, -0.224494, 0.548969,
		0.446167, 0.839093, -0.311222,
		-0.390768, 0.495506, 0.775741,
		47.621761, 55.551125, 55.265957>
	pigment { color rgbt <0,1,1,0> }
	no_shadow
}
cylinder {
	<48.359051, 55.545769, 55.200504>,  <47.895298, 55.204269, 54.722939>, 0.130000
	pigment { color rgbt <1,0,0,0> }
	no_shadow
}

// nucleotide -1

// particle -1
sphere {
	<48.359051, 55.545769, 55.200504> 0.250000
	pigment { color rgbt <1,0,0,0> }
	no_shadow
}
cylinder {
	<48.040848, 55.482803, 55.434563>,  <47.849926, 55.445023, 55.574997>, 0.100000
	pigment { color rgbt <1,0,0,0> }
	no_shadow
}
cylinder {
	<48.040848, 55.482803, 55.434563>,  <48.359051, 55.545769, 55.200504>, 0.100000
	pigment { color rgbt <1,0,0,0> }
	no_shadow
}

// particle -1
sphere {
	<48.040848, 55.482803, 55.434563> 0.100000
	pigment { color rgbt <1,0,0,0> }
	no_shadow
}
sphere {
	0, 1
	scale<0.080000,0.200000,0.300000>
	matrix <0.592826, -0.002318, 0.805327,
		-0.125412, 0.987530, 0.095162,
		-0.795506, -0.157412, 0.585142,
		47.802197, 55.435581, 55.610104>
	pigment { color rgbt <0,1,1,0> }
	no_shadow
}
cylinder {
	<49.116898, 55.756245, 55.071896>,  <48.359051, 55.545769, 55.200504>, 0.130000
	pigment { color rgbt <1,0,0,0> }
	no_shadow
}

// nucleotide -1

// particle -1
sphere {
	<49.116898, 55.756245, 55.071896> 0.250000
	pigment { color rgbt <1,0,0,0> }
	no_shadow
}
cylinder {
	<48.932354, 56.100624, 55.157608>,  <48.821629, 56.307251, 55.209038>, 0.100000
	pigment { color rgbt <1,0,0,0> }
	no_shadow
}
cylinder {
	<48.932354, 56.100624, 55.157608>,  <49.116898, 55.756245, 55.071896>, 0.100000
	pigment { color rgbt <1,0,0,0> }
	no_shadow
}

// particle -1
sphere {
	<48.932354, 56.100624, 55.157608> 0.100000
	pigment { color rgbt <1,0,0,0> }
	no_shadow
}
sphere {
	0, 1
	scale<0.080000,0.200000,0.300000>
	matrix <0.855569, 0.367805, 0.364310,
		0.234837, 0.351412, -0.906290,
		-0.461361, 0.860947, 0.214283,
		48.793945, 56.358910, 55.221893>
	pigment { color rgbt <0,1,1,0> }
	no_shadow
}
cylinder {
	<49.623840, 56.288265, 54.812519>,  <49.116898, 55.756245, 55.071896>, 0.130000
	pigment { color rgbt <1,0,0,0> }
	no_shadow
}

// nucleotide -1

// particle -1
sphere {
	<49.623840, 56.288265, 54.812519> 0.250000
	pigment { color rgbt <1,0,0,0> }
	no_shadow
}
cylinder {
	<49.377586, 56.392429, 55.110023>,  <49.229832, 56.454929, 55.288525>, 0.100000
	pigment { color rgbt <1,0,0,0> }
	no_shadow
}
cylinder {
	<49.377586, 56.392429, 55.110023>,  <49.623840, 56.288265, 54.812519>, 0.100000
	pigment { color rgbt <1,0,0,0> }
	no_shadow
}

// particle -1
sphere {
	<49.377586, 56.392429, 55.110023> 0.100000
	pigment { color rgbt <1,0,0,0> }
	no_shadow
}
sphere {
	0, 1
	scale<0.080000,0.200000,0.300000>
	matrix <0.780078, 0.335131, 0.528361,
		-0.111667, 0.905469, -0.409459,
		-0.615637, 0.260409, 0.743759,
		49.192894, 56.470551, 55.333153>
	pigment { color rgbt <0,1,1,0> }
	no_shadow
}
cylinder {
	<49.567734, 57.077679, 55.029015>,  <49.623840, 56.288265, 54.812519>, 0.130000
	pigment { color rgbt <1,0,0,0> }
	no_shadow
}

// nucleotide -1

// particle -1
sphere {
	<49.567734, 57.077679, 55.029015> 0.250000
	pigment { color rgbt <1,0,0,0> }
	no_shadow
}
cylinder {
	<49.489353, 56.834904, 55.337097>,  <49.442326, 56.689240, 55.521946>, 0.100000
	pigment { color rgbt <1,0,0,0> }
	no_shadow
}
cylinder {
	<49.489353, 56.834904, 55.337097>,  <49.567734, 57.077679, 55.029015>, 0.100000
	pigment { color rgbt <1,0,0,0> }
	no_shadow
}

// particle -1
sphere {
	<49.489353, 56.834904, 55.337097> 0.100000
	pigment { color rgbt <1,0,0,0> }
	no_shadow
}
sphere {
	0, 1
	scale<0.080000,0.200000,0.300000>
	matrix <0.678183, 0.483435, 0.553497,
		-0.708287, 0.630803, 0.316887,
		-0.195954, -0.606942, 0.770211,
		49.430569, 56.652821, 55.568161>
	pigment { color rgbt <0,1,1,0> }
	no_shadow
}
cylinder {
	<49.295113, 57.494835, 55.638149>,  <49.567734, 57.077679, 55.029015>, 0.130000
	pigment { color rgbt <1,0,0,0> }
	no_shadow
}

// nucleotide -1

// particle -1
sphere {
	<49.295113, 57.494835, 55.638149> 0.250000
	pigment { color rgbt <1,0,0,0> }
	no_shadow
}
cylinder {
	<49.494862, 57.160431, 55.729103>,  <49.614712, 56.959789, 55.783676>, 0.100000
	pigment { color rgbt <1,0,0,0> }
	no_shadow
}
cylinder {
	<49.494862, 57.160431, 55.729103>,  <49.295113, 57.494835, 55.638149>, 0.100000
	pigment { color rgbt <1,0,0,0> }
	no_shadow
}

// particle -1
sphere {
	<49.494862, 57.160431, 55.729103> 0.100000
	pigment { color rgbt <1,0,0,0> }
	no_shadow
}
sphere {
	0, 1
	scale<0.080000,0.200000,0.300000>
	matrix <0.583400, 0.518513, 0.625131,
		-0.640521, -0.179519, 0.746663,
		0.499377, -0.836013, 0.227387,
		49.644676, 56.909626, 55.797318>
	pigment { color rgbt <0,1,1,0> }
	no_shadow
}
cylinder {
	<49.001953, 57.760422, 55.108364>,  <49.295113, 57.494835, 55.638149>, 0.130000
	pigment { color rgbt <1,0,0,0> }
	no_shadow
}

// nucleotide -1

// particle -1
sphere {
	<49.001953, 57.760422, 55.108364> 0.250000
	pigment { color rgbt <1,0,0,0> }
	no_shadow
}
cylinder {
	<49.178150, 58.113964, 55.171318>,  <49.283867, 58.326088, 55.209091>, 0.100000
	pigment { color rgbt <1,0,0,0> }
	no_shadow
}
cylinder {
	<49.178150, 58.113964, 55.171318>,  <49.001953, 57.760422, 55.108364>, 0.100000
	pigment { color rgbt <1,0,0,0> }
	no_shadow
}

// particle -1
sphere {
	<49.178150, 58.113964, 55.171318> 0.100000
	pigment { color rgbt <1,0,0,0> }
	no_shadow
}
sphere {
	0, 1
	scale<0.080000,0.200000,0.300000>
	matrix <0.691355, -0.445802, 0.568584,
		0.572710, -0.141644, -0.807428,
