// switches for output
#declare DRAW_BASES = 1; // possible values are 0, 1; only relevant for DNA ribbons
#declare DRAW_BASES_TYPE = 3; // possible values are 1, 2, 3; only relevant for DNA ribbons
#declare DRAW_FOG = 0; // set to 1 to enable fog

#include "colors.inc"

#include "transforms.inc"
background { rgb <1, 1, 1>}

#default {
   normal{
       ripples 0.25
       frequency 0.20
       turbulence 0.2
       lambda 5
   }
	finish {
		phong 0.1
		phong_size 40.
	}
}

// original window dimensions: 1024x640


// camera settings

camera {
	sky <-0, 1, 0>
	up <-0, 1, 0>
	right 1.6 * <0.99995, 0, 0.00999983>
	location <54.4867, 55, 106.329>
	look_at <55, 55, 55.0001>
	direction <0.513302, 0, -51.3289>
	angle 67.0682
}


# declare cpy_camera_pos = <54.4867, 55, 106.329>;
# if (DRAW_FOG = 1)
fog {
	fog_type 2
	up vnormalize(cpy_camera_pos)
	color rgbt<1,1,1,0.3>
	distance 1e-5
	fog_alt 3e-3
	fog_offset 88
}
# end


// LIGHTS

# declare lum = 6;
global_settings {
	ambient_light rgb lum * <0.05, 0.05, 0.05>
	max_trace_level 15
}# declare cpy_direct_light_amount = 0.25;
light_source
{	1000 * <-0.98995, -1, 1.00995>,
	rgb lum * cpy_direct_light_amount
	parallel
}

light_source
{	1000 * <0.98995, 1, -1.00995>,
	rgb lum * cpy_direct_light_amount
	parallel
}

// strand 0

// nucleotide -1

// particle -1
sphere {
	<36.013489, 52.440842, 49.729862> 0.250000
	pigment { color rgbt <1,0,0,0> }
	no_shadow
}
cylinder {
	<36.366573, 52.373295, 49.554451>,  <36.578423, 52.332767, 49.449203>, 0.100000
	pigment { color rgbt <1,0,0,0> }
	no_shadow
}
cylinder {
	<36.366573, 52.373295, 49.554451>,  <36.013489, 52.440842, 49.729862>, 0.100000
	pigment { color rgbt <1,0,0,0> }
	no_shadow
}

// particle -1
sphere {
	<36.366573, 52.373295, 49.554451> 0.100000
	pigment { color rgbt <1,0,0,0> }
	no_shadow
}
sphere {
	0, 1
	scale<0.080000,0.200000,0.300000>
	matrix <0.273741, 0.943295, 0.187775,
		0.381953, -0.285794, 0.878882,
		0.882710, -0.168865, -0.438528,
		36.631386, 52.322636, 49.422894>
	pigment { color rgbt <0,1,1,0> }
	no_shadow
}
cylinder {
	<36.589279, 52.631058, 50.178967>,  <36.013489, 52.440842, 49.729862>, 0.130000
	pigment { color rgbt <1,0,0,0> }
	no_shadow
}

// nucleotide -1

// particle -1
sphere {
	<36.589279, 52.631058, 50.178967> 0.250000
	pigment { color rgbt <1,0,0,0> }
	no_shadow
}
cylinder {
	<36.691284, 52.683777, 49.795799>,  <36.752487, 52.715408, 49.565899>, 0.100000
	pigment { color rgbt <1,0,0,0> }
	no_shadow
}
cylinder {
	<36.691284, 52.683777, 49.795799>,  <36.589279, 52.631058, 50.178967>, 0.100000
	pigment { color rgbt <1,0,0,0> }
	no_shadow
}

// particle -1
sphere {
	<36.691284, 52.683777, 49.795799> 0.100000
	pigment { color rgbt <1,0,0,0> }
	no_shadow
}
sphere {
	0, 1
	scale<0.080000,0.200000,0.300000>
	matrix <0.256868, 0.945839, 0.198515,
		0.932195, -0.296681, 0.207346,
		0.255012, 0.131794, -0.957914,
		36.767788, 52.723316, 49.508427>
	pigment { color rgbt <0,1,1,0> }
	no_shadow
}
cylinder {
	<37.275143, 52.984921, 50.082150>,  <36.589279, 52.631058, 50.178967>, 0.130000
	pigment { color rgbt <1,0,0,0> }
	no_shadow
}

// nucleotide -1

// particle -1
sphere {
	<37.275143, 52.984921, 50.082150> 0.250000
	pigment { color rgbt <1,0,0,0> }
	no_shadow
}
cylinder {
	<37.033707, 53.081573, 49.778229>,  <36.888844, 53.139565, 49.595879>, 0.100000
	pigment { color rgbt <1,0,0,0> }
	no_shadow
}
cylinder {
	<37.033707, 53.081573, 49.778229>,  <37.275143, 52.984921, 50.082150>, 0.100000
	pigment { color rgbt <1,0,0,0> }
	no_shadow
}

// particle -1
sphere {
	<37.033707, 53.081573, 49.778229> 0.100000
	pigment { color rgbt <1,0,0,0> }
	no_shadow
}
sphere {
	0, 1
	scale<0.080000,0.200000,0.300000>
	matrix <0.207364, 0.967750, 0.143036,
		0.769858, -0.071220, -0.634229,
		-0.603589, 0.241634, -0.759798,
		36.852631, 53.154064, 49.550289>
	pigment { color rgbt <0,1,1,0> }
	no_shadow
}
cylinder {
	<38.008984, 52.849239, 50.029282>,  <37.275143, 52.984921, 50.082150>, 0.130000
	pigment { color rgbt <1,0,0,0> }
	no_shadow
}

// nucleotide -1

// particle -1
sphere {
	<38.008984, 52.849239, 50.029282> 0.250000
	pigment { color rgbt <1,0,0,0> }
	no_shadow
}
cylinder {
	<37.871059, 52.833134, 50.404404>,  <37.788303, 52.823471, 50.629478>, 0.100000
	pigment { color rgbt <1,0,0,0> }
	no_shadow
}
cylinder {
	<37.871059, 52.833134, 50.404404>,  <38.008984, 52.849239, 50.029282>, 0.100000
	pigment { color rgbt <1,0,0,0> }
	no_shadow
}

// particle -1
sphere {
	<37.871059, 52.833134, 50.404404> 0.100000
	pigment { color rgbt <1,0,0,0> }
	no_shadow
}
sphere {
	0, 1
	scale<0.080000,0.200000,0.300000>
	matrix <0.858903, -0.416573, 0.297914,
		0.378670, 0.908210, 0.178222,
		-0.344811, -0.040264, 0.937808,
		37.767616, 52.821053, 50.685745>
	pigment { color rgbt <0,1,1,0> }
	no_shadow
}
cylinder {
	<38.550392, 53.138157, 50.514359>,  <38.008984, 52.849239, 50.029282>, 0.130000
	pigment { color rgbt <1,0,0,0> }
	no_shadow
}

// nucleotide -1

// particle -1
sphere {
	<38.550392, 53.138157, 50.514359> 0.250000
	pigment { color rgbt <1,0,0,0> }
	no_shadow
}
cylinder {
	<38.321426, 52.858730, 50.686104>,  <38.184048, 52.691074, 50.789150>, 0.100000
	pigment { color rgbt <1,0,0,0> }
	no_shadow
}
cylinder {
	<38.321426, 52.858730, 50.686104>,  <38.550392, 53.138157, 50.514359>, 0.100000
	pigment { color rgbt <1,0,0,0> }
	no_shadow
}

// particle -1
sphere {
	<38.321426, 52.858730, 50.686104> 0.100000
	pigment { color rgbt <1,0,0,0> }
	no_shadow
}
sphere {
	0, 1
	scale<0.080000,0.200000,0.300000>
	matrix <0.816596, -0.533082, 0.221348,
		0.074259, 0.477316, 0.875588,
		-0.572413, -0.698564, 0.429361,
		38.149704, 52.649162, 50.814911>
	pigment { color rgbt <0,1,1,0> }
	no_shadow
}
cylinder {
	<39.084854, 53.487640, 50.173695>,  <38.550392, 53.138157, 50.514359>, 0.130000
	pigment { color rgbt <1,0,0,0> }
	no_shadow
}

// nucleotide -1

// particle -1
sphere {
	<39.084854, 53.487640, 50.173695> 0.250000
	pigment { color rgbt <1,0,0,0> }
	no_shadow
}
cylinder {
	<39.402668, 53.698570, 50.053268>,  <39.593357, 53.825127, 49.981014>, 0.100000
	pigment { color rgbt <1,0,0,0> }
	no_shadow
}
cylinder {
	<39.402668, 53.698570, 50.053268>,  <39.084854, 53.487640, 50.173695>, 0.100000
	pigment { color rgbt <1,0,0,0> }
	no_shadow
}

// particle -1
sphere {
	<39.402668, 53.698570, 50.053268> 0.100000
	pigment { color rgbt <1,0,0,0> }
	no_shadow
}
sphere {
	0, 1
	scale<0.080000,0.200000,0.300000>
	matrix <0.480110, -0.242015, 0.843163,
		0.371757, -0.814468, -0.445464,
		0.794538, 0.527323, -0.301063,
		39.641029, 53.856766, 49.962948>
	pigment { color rgbt <0,1,1,0> }
	no_shadow
}
cylinder {
	<39.629032, 53.058784, 50.200363>,  <39.084854, 53.487640, 50.173695>, 0.130000
	pigment { color rgbt <1,0,0,0> }
	no_shadow
}

// nucleotide -1

// particle -1
sphere {
	<39.629032, 53.058784, 50.200363> 0.250000
	pigment { color rgbt <1,0,0,0> }
	no_shadow
}
cylinder {
	<39.730610, 53.434715, 50.291794>,  <39.791557, 53.660275, 50.346653>, 0.100000
	pigment { color rgbt <1,0,0,0> }
	no_shadow
}
cylinder {
	<39.730610, 53.434715, 50.291794>,  <39.629032, 53.058784, 50.200363>, 0.100000
	pigment { color rgbt <1,0,0,0> }
	no_shadow
}

// particle -1
sphere {
	<39.730610, 53.434715, 50.291794> 0.100000
	pigment { color rgbt <1,0,0,0> }
	no_shadow
}
sphere {
	0, 1
	scale<0.080000,0.200000,0.300000>
	matrix <0.386576, -0.315246, 0.866706,
		0.886606, -0.131736, -0.443368,
		0.253946, 0.939822, 0.228573,
		39.806793, 53.716663, 50.360367>
	pigment { color rgbt <0,1,1,0> }
	no_shadow
}
cylinder {
	<39.954094, 52.744366, 50.769085>,  <39.629032, 53.058784, 50.200363>, 0.130000
	pigment { color rgbt <1,0,0,0> }
	no_shadow
}

// nucleotide -1

// particle -1
sphere {
	<39.954094, 52.744366, 50.769085> 0.250000
	pigment { color rgbt <1,0,0,0> }
	no_shadow
}
cylinder {
	<39.989582, 53.135326, 50.845833>,  <40.010876, 53.369904, 50.891880>, 0.100000
	pigment { color rgbt <1,0,0,0> }
	no_shadow
}
cylinder {
	<39.989582, 53.135326, 50.845833>,  <39.954094, 52.744366, 50.769085>, 0.100000
	pigment { color rgbt <1,0,0,0> }
	no_shadow
}

// particle -1
sphere {
	<39.989582, 53.135326, 50.845833> 0.100000
	pigment { color rgbt <1,0,0,0> }
	no_shadow
}
sphere {
	0, 1
	scale<0.080000,0.200000,0.300000>
	matrix <0.502057, -0.210254, 0.838887,
		0.860271, 0.021901, -0.509366,
		0.088724, 0.977401, 0.191871,
		40.016201, 53.428547, 50.903393>
	pigment { color rgbt <0,1,1,0> }
	no_shadow
}
cylinder {
	<40.670380, 52.934837, 50.784134>,  <39.954094, 52.744366, 50.769085>, 0.130000
	pigment { color rgbt <1,0,0,0> }
	no_shadow
}

// nucleotide -1

// particle -1
sphere {
	<40.670380, 52.934837, 50.784134> 0.250000
	pigment { color rgbt <1,0,0,0> }
	no_shadow
}
cylinder {
	<40.472927, 53.206242, 51.001740>,  <40.354454, 53.369083, 51.132301>, 0.100000
	pigment { color rgbt <1,0,0,0> }
	no_shadow
}
cylinder {
	<40.472927, 53.206242, 51.001740>,  <40.670380, 52.934837, 50.784134>, 0.100000
	pigment { color rgbt <1,0,0,0> }
	no_shadow
}

// particle -1
sphere {
	<40.472927, 53.206242, 51.001740> 0.100000
	pigment { color rgbt <1,0,0,0> }
	no_shadow
}
sphere {
	0, 1
	scale<0.080000,0.200000,0.300000>
	matrix <0.562396, -0.228085, 0.794788,
		0.663352, 0.698286, -0.269000,
		-0.493634, 0.678509, 0.544014,
		40.324837, 53.409794, 51.164944>
	pigment { color rgbt <0,1,1,0> }
	no_shadow
}
cylinder {
	<41.165863, 53.370354, 51.201328>,  <40.670380, 52.934837, 50.784134>, 0.130000
	pigment { color rgbt <1,0,0,0> }
	no_shadow
}

// nucleotide -1

// particle -1
sphere {
	<41.165863, 53.370354, 51.201328> 0.250000
	pigment { color rgbt <1,0,0,0> }
	no_shadow
}
cylinder {
	<40.820965, 53.336678, 51.401108>,  <40.614025, 53.316471, 51.520973>, 0.100000
	pigment { color rgbt <1,0,0,0> }
	no_shadow
}
cylinder {
	<40.820965, 53.336678, 51.401108>,  <41.165863, 53.370354, 51.201328>, 0.100000
	pigment { color rgbt <1,0,0,0> }
	no_shadow
}

// particle -1
sphere {
	<40.820965, 53.336678, 51.401108> 0.100000
	pigment { color rgbt <1,0,0,0> }
	no_shadow
}
sphere {
	0, 1
	scale<0.080000,0.200000,0.300000>
	matrix <0.504097, -0.238466, 0.830073,
		0.049216, 0.967494, 0.248057,
		-0.862244, -0.084192, 0.499447,
		40.562290, 53.311420, 51.550941>
	pigment { color rgbt <0,1,1,0> }
	no_shadow
}
cylinder {
	<41.288742, 53.829861, 50.560951>,  <41.165863, 53.370354, 51.201328>, 0.130000
	pigment { color rgbt <1,0,0,0> }
	no_shadow
}

// nucleotide -1

// particle -1
sphere {
	<41.288742, 53.829861, 50.560951> 0.250000
	pigment { color rgbt <1,0,0,0> }
	no_shadow
}
cylinder {
	<41.644962, 53.659683, 50.625343>,  <41.858696, 53.557579, 50.663979>, 0.100000
	pigment { color rgbt <1,0,0,0> }
	no_shadow
}
cylinder {
	<41.644962, 53.659683, 50.625343>,  <41.288742, 53.829861, 50.560951>, 0.100000
	pigment { color rgbt <1,0,0,0> }
	no_shadow
}

// particle -1
sphere {
	<41.644962, 53.659683, 50.625343> 0.100000
	pigment { color rgbt <1,0,0,0> }
	no_shadow
}
sphere {
	0, 1
	scale<0.080000,0.200000,0.300000>
	matrix <0.299781, 0.282765, -0.911140,
		0.342118, 0.859676, 0.379357,
		0.890554, -0.425441, 0.160976,
		41.912128, 53.532051, 50.673637>
	pigment { color rgbt <0,1,1,0> }
	no_shadow
}
cylinder {
	<41.850441, 54.250965, 50.328575>,  <41.288742, 53.829861, 50.560951>, 0.130000
	pigment { color rgbt <1,0,0,0> }
	no_shadow
}

// nucleotide -1

// particle -1
sphere {
	<41.850441, 54.250965, 50.328575> 0.250000
	pigment { color rgbt <1,0,0,0> }
	no_shadow
}
cylinder {
	<42.058247, 53.909660, 50.346687>,  <42.182930, 53.704876, 50.357555>, 0.100000
	pigment { color rgbt <1,0,0,0> }
	no_shadow
}
cylinder {
	<42.058247, 53.909660, 50.346687>,  <41.850441, 54.250965, 50.328575>, 0.100000
	pigment { color rgbt <1,0,0,0> }
	no_shadow
}

// particle -1
sphere {
	<42.058247, 53.909660, 50.346687> 0.100000
	pigment { color rgbt <1,0,0,0> }
	no_shadow
}
sphere {
	0, 1
	scale<0.080000,0.200000,0.300000>
	matrix <0.657450, 0.365317, -0.659017,
		0.545771, 0.372139, 0.750764,
		0.519513, -0.853262, 0.045283,
		42.214100, 53.653683, 50.360271>
	pigment { color rgbt <0,1,1,0> }
	no_shadow
}
cylinder {
	<42.585339, 54.453964, 50.371902>,  <41.850441, 54.250965, 50.328575>, 0.130000
	pigment { color rgbt <1,0,0,0> }
	no_shadow
}

// nucleotide -1

// particle -1
sphere {
	<42.585339, 54.453964, 50.371902> 0.250000
	pigment { color rgbt <1,0,0,0> }
	no_shadow
}
cylinder {
	<42.494602, 54.130741, 50.154434>,  <42.440163, 53.936806, 50.023952>, 0.100000
	pigment { color rgbt <1,0,0,0> }
	no_shadow
}
cylinder {
	<42.494602, 54.130741, 50.154434>,  <42.585339, 54.453964, 50.371902>, 0.100000
	pigment { color rgbt <1,0,0,0> }
	no_shadow
}

// particle -1
sphere {
	<42.494602, 54.130741, 50.154434> 0.100000
	pigment { color rgbt <1,0,0,0> }
	no_shadow
}
sphere {
	0, 1
	scale<0.080000,0.200000,0.300000>
	matrix <0.614561, 0.314298, -0.723555,
		0.755552, -0.498250, 0.425309,
		-0.226838, -0.808061, -0.543674,
		42.426552, 53.888321, 49.991333>
	pigment { color rgbt <0,1,1,0> }
	no_shadow
}
cylinder {
	<43.115242, 53.995033, 50.264816>,  <42.585339, 54.453964, 50.371902>, 0.130000
	pigment { color rgbt <1,0,0,0> }
	no_shadow
}

// nucleotide -1

// particle -1
sphere {
	<43.115242, 53.995033, 50.264816> 0.250000
	pigment { color rgbt <1,0,0,0> }
	no_shadow
}
cylinder {
	<42.862740, 53.970119, 49.955589>,  <42.711239, 53.955170, 49.770054>, 0.100000
	pigment { color rgbt <1,0,0,0> }
	no_shadow
}
cylinder {
	<42.862740, 53.970119, 49.955589>,  <43.115242, 53.995033, 50.264816>, 0.100000
	pigment { color rgbt <1,0,0,0> }
	no_shadow
}

// particle -1
sphere {
	<42.862740, 53.970119, 49.955589> 0.100000
	pigment { color rgbt <1,0,0,0> }
	no_shadow
}
sphere {
	0, 1
	scale<0.080000,0.200000,0.300000>
	matrix <0.736262, 0.265192, -0.622568,
		0.243786, -0.962182, -0.121549,
		-0.631258, -0.062281, -0.773069,
		42.673363, 53.951435, 49.723667>
	pigment { color rgbt <0,1,1,0> }
	no_shadow
}
cylinder {
	<43.637791, 53.934025, 50.873749>,  <43.115242, 53.995033, 50.264816>, 0.130000
	pigment { color rgbt <1,0,0,0> }
	no_shadow
}

// nucleotide -1

// particle -1
sphere {
	<43.637791, 53.934025, 50.873749> 0.250000
	pigment { color rgbt <1,0,0,0> }
	no_shadow
}
cylinder {
	<43.884663, 54.144413, 50.639671>,  <44.032784, 54.270645, 50.499226>, 0.100000
	pigment { color rgbt <1,0,0,0> }
	no_shadow
}
cylinder {
	<43.884663, 54.144413, 50.639671>,  <43.637791, 53.934025, 50.873749>, 0.100000
	pigment { color rgbt <1,0,0,0> }
	no_shadow
}

// particle -1
sphere {
	<43.884663, 54.144413, 50.639671> 0.100000
	pigment { color rgbt <1,0,0,0> }
	no_shadow
}
sphere {
	0, 1
	scale<0.080000,0.200000,0.300000>
	matrix <0.134928, 0.661973, 0.737283,
		0.775170, -0.533991, 0.337586,
		0.617175, 0.525970, -0.585192,
		44.069817, 54.302204, 50.464115>
	pigment { color rgbt <0,1,1,0> }
	no_shadow
}
cylinder {
	<44.334187, 54.209785, 51.187008>,  <43.637791, 53.934025, 50.873749>, 0.130000
	pigment { color rgbt <1,0,0,0> }
	no_shadow
}

// nucleotide -1

// particle -1
sphere {
	<44.334187, 54.209785, 51.187008> 0.250000
	pigment { color rgbt <1,0,0,0> }
	no_shadow
}
cylinder {
	<44.241344, 54.467484, 50.895508>,  <44.185638, 54.622105, 50.720608>, 0.100000
	pigment { color rgbt <1,0,0,0> }
	no_shadow
}
cylinder {
	<44.241344, 54.467484, 50.895508>,  <44.334187, 54.209785, 51.187008>, 0.100000
	pigment { color rgbt <1,0,0,0> }
	no_shadow
}

// particle -1
sphere {
	<44.241344, 54.467484, 50.895508> 0.100000
	pigment { color rgbt <1,0,0,0> }
	no_shadow
}
sphere {
	0, 1
	scale<0.080000,0.200000,0.300000>
	matrix <0.043740, 0.755362, 0.653847,
		0.971706, 0.119889, -0.203506,
		-0.232109, 0.644248, -0.728746,
		44.171711, 54.660759, 50.676884>
	pigment { color rgbt <0,1,1,0> }
	no_shadow
}
cylinder {
	<44.460068, 53.625839, 50.816162>,  <44.334187, 54.209785, 51.187008>, 0.130000
	pigment { color rgbt <1,0,0,0> }
	no_shadow
}

// nucleotide -1

// particle -1
sphere {
	<44.460068, 53.625839, 50.816162> 0.250000
	pigment { color rgbt <1,0,0,0> }
	no_shadow
}
cylinder {
	<44.473892, 53.988686, 50.648376>,  <44.482185, 54.206394, 50.547707>, 0.100000
	pigment { color rgbt <1,0,0,0> }
	no_shadow
}
cylinder {
	<44.473892, 53.988686, 50.648376>,  <44.460068, 53.625839, 50.816162>, 0.100000
	pigment { color rgbt <1,0,0,0> }
	no_shadow
}

// particle -1
sphere {
	<44.473892, 53.988686, 50.648376> 0.100000
	pigment { color rgbt <1,0,0,0> }
	no_shadow
}
sphere {
	0, 1
	scale<0.080000,0.200000,0.300000>
	matrix <0.919129, -0.193657, -0.343070,
		-0.392436, -0.373683, -0.840449,
		0.034560, 0.907115, -0.419462,
		44.484261, 54.260818, 50.522537>
	pigment { color rgbt <0,1,1,0> }
	no_shadow
}
cylinder {
	<45.308041, 53.547737, 50.682693>,  <44.460068, 53.625839, 50.816162>, 0.130000
	pigment { color rgbt <1,0,0,0> }
	no_shadow
}

// nucleotide -1

// particle -1
sphere {
	<45.308041, 53.547737, 50.682693> 0.250000
	pigment { color rgbt <1,0,0,0> }
	no_shadow
}
cylinder {
	<45.194374, 53.883865, 50.867348>,  <45.126175, 54.085545, 50.978142>, 0.100000
	pigment { color rgbt <1,0,0,0> }
	no_shadow
}
cylinder {
	<45.194374, 53.883865, 50.867348>,  <45.308041, 53.547737, 50.682693>, 0.100000
	pigment { color rgbt <1,0,0,0> }
	no_shadow
}

// particle -1
sphere {
	<45.194374, 53.883865, 50.867348> 0.100000
	pigment { color rgbt <1,0,0,0> }
	no_shadow
}
sphere {
	0, 1
	scale<0.080000,0.200000,0.300000>
	matrix <0.559099, -0.245909, 0.791793,
		0.778882, 0.483101, -0.399945,
		-0.284167, 0.840323, 0.461635,
		45.109123, 54.135963, 51.005836>
	pigment { color rgbt <0,1,1,0> }
	no_shadow
}
cylinder {
	<44.769123, 53.261456, 50.188171>,  <45.308041, 53.547737, 50.682693>, 0.130000
	pigment { color rgbt <1,0,0,0> }
	no_shadow
}

// nucleotide -1

// particle -1
sphere {
	<44.769123, 53.261456, 50.188171> 0.250000
	pigment { color rgbt <1,0,0,0> }
	no_shadow
}
cylinder {
	<44.982677, 53.241848, 49.850517>,  <45.110809, 53.230083, 49.647926>, 0.100000
	pigment { color rgbt <1,0,0,0> }
	no_shadow
}
cylinder {
	<44.982677, 53.241848, 49.850517>,  <44.769123, 53.261456, 50.188171>, 0.100000
	pigment { color rgbt <1,0,0,0> }
	no_shadow
}

// particle -1
sphere {
	<44.982677, 53.241848, 49.850517> 0.100000
	pigment { color rgbt <1,0,0,0> }
	no_shadow
}
sphere {
	0, 1
	scale<0.080000,0.200000,0.300000>
	matrix <0.844243, 0.086489, 0.528936,
		0.047081, -0.995046, 0.087558,
		0.533888, -0.049018, -0.844133,
		45.142845, 53.227142, 49.597279>
	pigment { color rgbt <0,1,1,0> }
	no_shadow
}
cylinder {
	<45.252525, 52.589474, 49.899696>,  <44.769123, 53.261456, 50.188171>, 0.130000
	pigment { color rgbt <1,0,0,0> }
	no_shadow
}

// nucleotide -1

// particle -1
sphere {
	<45.252525, 52.589474, 49.899696> 0.250000
	pigment { color rgbt <1,0,0,0> }
	no_shadow
}
cylinder {
	<45.376198, 52.960209, 49.814487>,  <45.450401, 53.182652, 49.763363>, 0.100000
	pigment { color rgbt <1,0,0,0> }
	no_shadow
}
cylinder {
	<45.376198, 52.960209, 49.814487>,  <45.252525, 52.589474, 49.899696>, 0.100000
	pigment { color rgbt <1,0,0,0> }
	no_shadow
}

// particle -1
sphere {
	<45.376198, 52.960209, 49.814487> 0.100000
	pigment { color rgbt <1,0,0,0> }
	no_shadow
}
sphere {
	0, 1
	scale<0.080000,0.200000,0.300000>
	matrix <0.757967, -0.104882, 0.643805,
		0.574361, -0.360516, -0.734940,
		0.309185, 0.926837, -0.213019,
		45.468952, 53.238258, 49.750580>
	pigment { color rgbt <0,1,1,0> }
	no_shadow
}
cylinder {
	<44.845901, 51.953506, 49.802319>,  <45.252525, 52.589474, 49.899696>, 0.130000
	pigment { color rgbt <1,0,0,0> }
	no_shadow
}

// nucleotide -1

// particle -1
sphere {
	<44.845901, 51.953506, 49.802319> 0.250000
	pigment { color rgbt <1,0,0,0> }
	no_shadow
}
cylinder {
	<44.930508, 52.119732, 49.448467>,  <44.981270, 52.219467, 49.236156>, 0.100000
	pigment { color rgbt <1,0,0,0> }
	no_shadow
}
cylinder {
	<44.930508, 52.119732, 49.448467>,  <44.845901, 51.953506, 49.802319>, 0.100000
	pigment { color rgbt <1,0,0,0> }
	no_shadow
}

// particle -1
sphere {
	<44.930508, 52.119732, 49.448467> 0.100000
	pigment { color rgbt <1,0,0,0> }
	no_shadow
}
sphere {
	0, 1
	scale<0.080000,0.200000,0.300000>
	matrix <0.973408, -0.008097, 0.228936,
		0.087975, -0.909528, -0.406226,
		0.211512, 0.415564, -0.884629,
		44.993961, 52.244400, 49.183079>
	pigment { color rgbt <0,1,1,0> }
	no_shadow
}
cylinder {
	<45.249748, 51.504898, 49.555565>,  <44.845901, 51.953506, 49.802319>, 0.130000
	pigment { color rgbt <1,0,0,0> }
	no_shadow
}

// nucleotide -1

// particle -1
sphere {
	<45.249748, 51.504898, 49.555565> 0.250000
	pigment { color rgbt <1,0,0,0> }
	no_shadow
}
cylinder {
	<45.308746, 51.879711, 49.428932>,  <45.344147, 52.104599, 49.352955>, 0.100000
	pigment { color rgbt <1,0,0,0> }
	no_shadow
}
cylinder {
	<45.308746, 51.879711, 49.428932>,  <45.249748, 51.504898, 49.555565>, 0.100000
	pigment { color rgbt <1,0,0,0> }
	no_shadow
}

// particle -1
sphere {
	<45.308746, 51.879711, 49.428932> 0.100000
	pigment { color rgbt <1,0,0,0> }
	no_shadow
}
sphere {
	0, 1
	scale<0.080000,0.200000,0.300000>
	matrix <0.966337, -0.068306, 0.248046,
		0.210802, -0.342508, -0.915560,
		0.147496, 0.937029, -0.316579,
		45.352997, 52.160820, 49.333958>
	pigment { color rgbt <0,1,1,0> }
	no_shadow
}
cylinder {
	<45.804482, 51.519714, 49.257816>,  <45.249748, 51.504898, 49.555565>, 0.130000
	pigment { color rgbt <1,0,0,0> }
	no_shadow
}

// nucleotide -1

// particle -1
sphere {
	<45.804482, 51.519714, 49.257816> 0.250000
	pigment { color rgbt <1,0,0,0> }
	no_shadow
}
cylinder {
	<45.812878, 51.912762, 49.331585>,  <45.817913, 52.148590, 49.375847>, 0.100000
	pigment { color rgbt <1,0,0,0> }
	no_shadow
}
cylinder {
	<45.812878, 51.912762, 49.331585>,  <45.804482, 51.519714, 49.257816>, 0.100000
	pigment { color rgbt <1,0,0,0> }
	no_shadow
}

// particle -1
sphere {
	<45.812878, 51.912762, 49.331585> 0.100000
	pigment { color rgbt <1,0,0,0> }
	no_shadow
}
sphere {
	0, 1
	scale<0.080000,0.200000,0.300000>
	matrix <0.992847, -0.042169, 0.111702,
		0.117538, 0.180760, -0.976479,
		0.020986, 0.982623, 0.184423,
		45.819172, 52.207550, 49.386913>
	pigment { color rgbt <0,1,1,0> }
	no_shadow
}
cylinder {
	<46.193382, 52.007198, 48.746265>,  <45.804482, 51.519714, 49.257816>, 0.130000
	pigment { color rgbt <1,0,0,0> }
	no_shadow
}

// nucleotide -1

// particle -1
sphere {
	<46.193382, 52.007198, 48.746265> 0.250000
	pigment { color rgbt <1,0,0,0> }
	no_shadow
}
cylinder {
	<46.203152, 52.095524, 49.136269>,  <46.209015, 52.148518, 49.370270>, 0.100000
	pigment { color rgbt <1,0,0,0> }
	no_shadow
}
cylinder {
	<46.203152, 52.095524, 49.136269>,  <46.193382, 52.007198, 48.746265>, 0.100000
	pigment { color rgbt <1,0,0,0> }
	no_shadow
}

// particle -1
sphere {
	<46.203152, 52.095524, 49.136269> 0.100000
	pigment { color rgbt <1,0,0,0> }
	no_shadow
}
sphere {
	0, 1
	scale<0.080000,0.200000,0.300000>
	matrix <0.985972, -0.166405, 0.012983,
		0.165114, 0.961016, -0.221777,
		0.024428, 0.220810, 0.975011,
		46.210480, 52.161766, 49.428772>
	pigment { color rgbt <0,1,1,0> }
	no_shadow
}
cylinder {
	<46.819866, 52.418163, 48.939816>,  <46.193382, 52.007198, 48.746265>, 0.130000
	pigment { color rgbt <1,0,0,0> }
	no_shadow
}

// nucleotide -1

// particle -1
sphere {
	<46.819866, 52.418163, 48.939816> 0.250000
	pigment { color rgbt <1,0,0,0> }
	no_shadow
}
cylinder {
	<46.748573, 52.259960, 49.300217>,  <46.705795, 52.165039, 49.516457>, 0.100000
	pigment { color rgbt <1,0,0,0> }
	no_shadow
}
cylinder {
	<46.748573, 52.259960, 49.300217>,  <46.819866, 52.418163, 48.939816>, 0.100000
	pigment { color rgbt <1,0,0,0> }
	no_shadow
}

// particle -1
sphere {
	<46.748573, 52.259960, 49.300217> 0.100000
	pigment { color rgbt <1,0,0,0> }
	no_shadow
}
sphere {
	0, 1
	scale<0.080000,0.200000,0.300000>
	matrix <0.983216, -0.107843, 0.147158,
		0.038964, 0.912107, 0.408095,
		-0.178234, -0.395512, 0.901001,
		46.695103, 52.141308, 49.570518>
	pigment { color rgbt <0,1,1,0> }
	no_shadow
}
cylinder {
	<47.099651, 52.875401, 49.446960>,  <46.819866, 52.418163, 48.939816>, 0.130000
	pigment { color rgbt <1,0,0,0> }
	no_shadow
}

// nucleotide -1

// particle -1
sphere {
	<47.099651, 52.875401, 49.446960> 0.250000
	pigment { color rgbt <1,0,0,0> }
	no_shadow
}
cylinder {
	<47.083321, 52.504955, 49.596973>,  <47.073521, 52.282688, 49.686981>, 0.100000
	pigment { color rgbt <1,0,0,0> }
	no_shadow
}
cylinder {
	<47.083321, 52.504955, 49.596973>,  <47.099651, 52.875401, 49.446960>, 0.100000
	pigment { color rgbt <1,0,0,0> }
	no_shadow
}

// particle -1
sphere {
	<47.083321, 52.504955, 49.596973> 0.100000
	pigment { color rgbt <1,0,0,0> }
	no_shadow
}
sphere {
	0, 1
	scale<0.080000,0.200000,0.300000>
	matrix <0.997298, -0.014836, 0.071941,
		-0.061061, 0.376957, 0.924216,
		-0.040830, -0.926112, 0.375032,
		47.071072, 52.227123, 49.709484>
	pigment { color rgbt <0,1,1,0> }
	no_shadow
}
cylinder {
	<47.259918, 52.900288, 50.163116>,  <47.099651, 52.875401, 49.446960>, 0.130000
	pigment { color rgbt <1,0,0,0> }
	no_shadow
}

// nucleotide -1

// particle -1
sphere {
	<47.259918, 52.900288, 50.163116> 0.250000
	pigment { color rgbt <1,0,0,0> }
	no_shadow
}
cylinder {
	<47.349373, 52.583763, 49.935501>,  <47.403046, 52.393848, 49.798931>, 0.100000
	pigment { color rgbt <1,0,0,0> }
	no_shadow
}
cylinder {
	<47.349373, 52.583763, 49.935501>,  <47.259918, 52.900288, 50.163116>, 0.100000
	pigment { color rgbt <1,0,0,0> }
	no_shadow
}

// particle -1
sphere {
	<47.349373, 52.583763, 49.935501> 0.100000
	pigment { color rgbt <1,0,0,0> }
	no_shadow
}
sphere {
	0, 1
	scale<0.080000,0.200000,0.300000>
	matrix <0.974056, 0.202212, 0.101613,
		0.034659, -0.577002, 0.816007,
		0.223638, -0.791315, -0.569041,
		47.416466, 52.346371, 49.764790>
	pigment { color rgbt <0,1,1,0> }
	no_shadow
}
cylinder {
	<47.643749, 52.382553, 50.461273>,  <47.259918, 52.900288, 50.163116>, 0.130000
	pigment { color rgbt <1,0,0,0> }
	no_shadow
}

// nucleotide -1

// particle -1
sphere {
	<47.643749, 52.382553, 50.461273> 0.250000
	pigment { color rgbt <1,0,0,0> }
	no_shadow
}
cylinder {
	<47.741432, 52.392372, 50.073509>,  <47.800041, 52.398262, 49.840851>, 0.100000
	pigment { color rgbt <1,0,0,0> }
	no_shadow
}
cylinder {
	<47.741432, 52.392372, 50.073509>,  <47.643749, 52.382553, 50.461273>, 0.100000
	pigment { color rgbt <1,0,0,0> }
	no_shadow
}

// particle -1
sphere {
	<47.741432, 52.392372, 50.073509> 0.100000
	pigment { color rgbt <1,0,0,0> }
	no_shadow
}
sphere {
	0, 1
	scale<0.080000,0.200000,0.300000>
	matrix <0.935802, 0.256127, 0.242227,
		0.254238, -0.966331, 0.039578,
		0.244208, 0.024546, -0.969412,
		47.814693, 52.399734, 49.782684>
	pigment { color rgbt <0,1,1,0> }
	no_shadow
}
cylinder {
	<48.274067, 52.239101, 50.291969>,  <47.643749, 52.382553, 50.461273>, 0.130000
	pigment { color rgbt <1,0,0,0> }
	no_shadow
}

// nucleotide -1

// particle -1
sphere {
	<48.274067, 52.239101, 50.291969> 0.250000
	pigment { color rgbt <1,0,0,0> }
	no_shadow
}
cylinder {
	<48.244812, 52.374027, 49.916550>,  <48.227261, 52.454983, 49.691299>, 0.100000
	pigment { color rgbt <1,0,0,0> }
	no_shadow
}
cylinder {
	<48.244812, 52.374027, 49.916550>,  <48.274067, 52.239101, 50.291969>, 0.100000
	pigment { color rgbt <1,0,0,0> }
	no_shadow
}

// particle -1
sphere {
	<48.244812, 52.374027, 49.916550> 0.100000
	pigment { color rgbt <1,0,0,0> }
	no_shadow
}
sphere {
	0, 1
	scale<0.080000,0.200000,0.300000>
	matrix <0.947390, 0.317535, 0.040297,
		0.311614, -0.886222, -0.342794,
		-0.073137, 0.337317, -0.938546,
		48.222870, 52.475224, 49.634987>
	pigment { color rgbt <0,1,1,0> }
	no_shadow
}
cylinder {
	<48.940948, 52.382339, 49.786835>,  <48.274067, 52.239101, 50.291969>, 0.130000
	pigment { color rgbt <1,0,0,0> }
	no_shadow
}

// nucleotide -1

// particle -1
sphere {
	<48.940948, 52.382339, 49.786835> 0.250000
	pigment { color rgbt <1,0,0,0> }
	no_shadow
}
cylinder {
	<48.944653, 52.777939, 49.727783>,  <48.946877, 53.015297, 49.692352>, 0.100000
	pigment { color rgbt <1,0,0,0> }
	no_shadow
}
cylinder {
	<48.944653, 52.777939, 49.727783>,  <48.940948, 52.382339, 49.786835>, 0.100000
	pigment { color rgbt <1,0,0,0> }
	no_shadow
}

// particle -1
sphere {
	<48.944653, 52.777939, 49.727783> 0.100000
	pigment { color rgbt <1,0,0,0> }
	no_shadow
}
sphere {
	0, 1
	scale<0.080000,0.200000,0.300000>
	matrix <0.948873, 0.037894, 0.313375,
		0.315522, -0.142983, -0.938084,
		0.009259, 0.988999, -0.147629,
		48.947430, 53.074638, 49.683495>
	pigment { color rgbt <0,1,1,0> }
	no_shadow
}
cylinder {
	<49.455521, 52.562096, 49.351261>,  <48.940948, 52.382339, 49.786835>, 0.130000
	pigment { color rgbt <1,0,0,0> }
	no_shadow
}

// nucleotide -1

// particle -1
sphere {
	<49.455521, 52.562096, 49.351261> 0.250000
	pigment { color rgbt <1,0,0,0> }
	no_shadow
}
cylinder {
	<49.378471, 52.877804, 49.584480>,  <49.332241, 53.067230, 49.724411>, 0.100000
	pigment { color rgbt <1,0,0,0> }
	no_shadow
}
cylinder {
	<49.378471, 52.877804, 49.584480>,  <49.455521, 52.562096, 49.351261>, 0.100000
	pigment { color rgbt <1,0,0,0> }
	no_shadow
}

// particle -1
sphere {
	<49.378471, 52.877804, 49.584480> 0.100000
	pigment { color rgbt <1,0,0,0> }
	no_shadow
}
sphere {
	0, 1
	scale<0.080000,0.200000,0.300000>
	matrix <0.947483, -0.004976, 0.319766,
		0.255284, 0.614023, -0.746864,
		-0.192628, 0.789272, 0.583047,
		49.320683, 53.114586, 49.759396>
	pigment { color rgbt <0,1,1,0> }
	no_shadow
}
cylinder {
	<49.951569, 53.192551, 49.208851>,  <49.455521, 52.562096, 49.351261>, 0.130000
	pigment { color rgbt <1,0,0,0> }
	no_shadow
}

// nucleotide -1

// particle -1
sphere {
	<49.951569, 53.192551, 49.208851> 0.250000
	pigment { color rgbt <1,0,0,0> }
	no_shadow
}
cylinder {
	<49.797718, 53.193420, 49.578079>,  <49.705406, 53.193943, 49.799614>, 0.100000
	pigment { color rgbt <1,0,0,0> }
	no_shadow
}
cylinder {
	<49.797718, 53.193420, 49.578079>,  <49.951569, 53.192551, 49.208851>, 0.100000
	pigment { color rgbt <1,0,0,0> }
	no_shadow
}

// particle -1
sphere {
	<49.797718, 53.193420, 49.578079> 0.100000
	pigment { color rgbt <1,0,0,0> }
	no_shadow
}
sphere {
	0, 1
	scale<0.080000,0.200000,0.300000>
	matrix <0.913802, 0.142248, 0.380435,
		-0.130477, 0.989829, -0.056700,
		-0.384631, 0.002174, 0.923068,
		49.682327, 53.194073, 49.855000>
	pigment { color rgbt <0,1,1,0> }
	no_shadow
}
cylinder {
	<50.368038, 53.780212, 49.409710>,  <49.951569, 53.192551, 49.208851>, 0.130000
	pigment { color rgbt <1,0,0,0> }
	no_shadow
}

// nucleotide -1

// particle -1
sphere {
	<50.368038, 53.780212, 49.409710> 0.250000
	pigment { color rgbt <1,0,0,0> }
	no_shadow
}
cylinder {
	<50.246346, 53.491016, 49.657818>,  <50.173328, 53.317501, 49.806683>, 0.100000
	pigment { color rgbt <1,0,0,0> }
	no_shadow
}
cylinder {
	<50.246346, 53.491016, 49.657818>,  <50.368038, 53.780212, 49.409710>, 0.100000
	pigment { color rgbt <1,0,0,0> }
	no_shadow
}

// particle -1
sphere {
	<50.246346, 53.491016, 49.657818> 0.100000
	pigment { color rgbt <1,0,0,0> }
	no_shadow
}
sphere {
	0, 1
	scale<0.080000,0.200000,0.300000>
	matrix <0.921883, -0.059447, 0.382882,
		-0.239946, 0.688299, 0.684595,
		-0.304234, -0.722988, 0.620267,
		50.155075, 53.274120, 49.843899>
	pigment { color rgbt <0,1,1,0> }
	no_shadow
}
cylinder {
	<50.567085, 54.005135, 50.007824>,  <50.368038, 53.780212, 49.409710>, 0.130000
	pigment { color rgbt <1,0,0,0> }
	no_shadow
}

// nucleotide -1

// particle -1
sphere {
	<50.567085, 54.005135, 50.007824> 0.250000
	pigment { color rgbt <1,0,0,0> }
	no_shadow
}
cylinder {
	<50.560589, 53.617043, 50.104481>,  <50.556690, 53.384186, 50.162476>, 0.100000
	pigment { color rgbt <1,0,0,0> }
	no_shadow
}
cylinder {
	<50.560589, 53.617043, 50.104481>,  <50.567085, 54.005135, 50.007824>, 0.100000
	pigment { color rgbt <1,0,0,0> }
	no_shadow
}

// particle -1
sphere {
	<50.560589, 53.617043, 50.104481> 0.100000
	pigment { color rgbt <1,0,0,0> }
	no_shadow
}
sphere {
	0, 1
	scale<0.080000,0.200000,0.300000>
	matrix <0.780875, 0.138631, 0.609110,
		-0.624476, 0.198588, 0.755376,
		-0.016243, -0.970229, 0.241644,
		50.555717, 53.325974, 50.176975>
	pigment { color rgbt <0,1,1,0> }
	no_shadow
}
cylinder {
	<50.798920, 53.937668, 50.711849>,  <50.567085, 54.005135, 50.007824>, 0.130000
	pigment { color rgbt <1,0,0,0> }
	no_shadow
}

// nucleotide -1

// particle -1
sphere {
	<50.798920, 53.937668, 50.711849> 0.250000
	pigment { color rgbt <1,0,0,0> }
	no_shadow
}
cylinder {
	<50.875767, 53.579330, 50.551575>,  <50.921875, 53.364326, 50.455410>, 0.100000
	pigment { color rgbt <1,0,0,0> }
	no_shadow
}
cylinder {
	<50.875767, 53.579330, 50.551575>,  <50.798920, 53.937668, 50.711849>, 0.100000
	pigment { color rgbt <1,0,0,0> }
	no_shadow
}

// particle -1
sphere {
	<50.875767, 53.579330, 50.551575> 0.100000
	pigment { color rgbt <1,0,0,0> }
	no_shadow
}
sphere {
	0, 1
	scale<0.080000,0.200000,0.300000>
	matrix <0.817460, -0.079825, 0.570427,
		-0.543000, -0.437135, 0.716983,
		0.192120, -0.895847, -0.400685,
		50.933403, 53.310577, 50.431370>
	pigment { color rgbt <0,1,1,0> }
	no_shadow
}
cylinder {
	<50.736938, 53.357346, 51.189972>,  <50.798920, 53.937668, 50.711849>, 0.130000
	pigment { color rgbt <1,0,0,0> }
	no_shadow
}

// nucleotide -1

// particle -1
sphere {
	<50.736938, 53.357346, 51.189972> 0.250000
	pigment { color rgbt <1,0,0,0> }
	no_shadow
}
cylinder {
	<51.015068, 53.356083, 50.902496>,  <51.181946, 53.355324, 50.730011>, 0.100000
	pigment { color rgbt <1,0,0,0> }
	no_shadow
}
cylinder {
	<51.015068, 53.356083, 50.902496>,  <50.736938, 53.357346, 51.189972>, 0.100000
	pigment { color rgbt <1,0,0,0> }
	no_shadow
}

// particle -1
sphere {
	<51.015068, 53.356083, 50.902496> 0.100000
	pigment { color rgbt <1,0,0,0> }
	no_shadow
}
sphere {
	0, 1
	scale<0.080000,0.200000,0.300000>
	matrix <0.715613, 0.095575, 0.691928,
		0.066501, -0.995417, 0.068719,
		0.695325, -0.003162, -0.718689,
		51.223667, 53.355137, 50.686890>
	pigment { color rgbt <0,1,1,0> }
	no_shadow
}
cylinder {
	<51.238453, 52.874542, 51.307190>,  <50.736938, 53.357346, 51.189972>, 0.130000
	pigment { color rgbt <1,0,0,0> }
	no_shadow
}

// nucleotide -1

// particle -1
sphere {
	<51.238453, 52.874542, 51.307190> 0.250000
	pigment { color rgbt <1,0,0,0> }
	no_shadow
}
cylinder {
	<51.390656, 53.179955, 51.098480>,  <51.481976, 53.363201, 50.973255>, 0.100000
	pigment { color rgbt <1,0,0,0> }
	no_shadow
}
cylinder {
	<51.390656, 53.179955, 51.098480>,  <51.238453, 52.874542, 51.307190>, 0.100000
	pigment { color rgbt <1,0,0,0> }
	no_shadow
}

// particle -1
sphere {
	<51.390656, 53.179955, 51.098480> 0.100000
	pigment { color rgbt <1,0,0,0> }
	no_shadow
}
sphere {
	0, 1
	scale<0.080000,0.200000,0.300000>
	matrix <0.568934, 0.251531, 0.782973,
		0.729062, -0.594776, -0.338688,
		0.380503, 0.763527, -0.521770,
		51.504807, 53.409012, 50.941948>
	pigment { color rgbt <0,1,1,0> }
	no_shadow
}
cylinder {
	<51.866871, 52.866638, 51.508881>,  <51.238453, 52.874542, 51.307190>, 0.130000
	pigment { color rgbt <1,0,0,0> }
	no_shadow
}

// nucleotide -1

// particle -1
sphere {
	<51.866871, 52.866638, 51.508881> 0.250000
	pigment { color rgbt <1,0,0,0> }
	no_shadow
}
cylinder {
	<51.827660, 53.240063, 51.370979>,  <51.804131, 53.464119, 51.288239>, 0.100000
	pigment { color rgbt <1,0,0,0> }
	no_shadow
}
cylinder {
	<51.827660, 53.240063, 51.370979>,  <51.866871, 52.866638, 51.508881>, 0.100000
	pigment { color rgbt <1,0,0,0> }
	no_shadow
}

// particle -1
sphere {
	<51.827660, 53.240063, 51.370979> 0.100000
	pigment { color rgbt <1,0,0,0> }
	no_shadow
}
sphere {
	0, 1
	scale<0.080000,0.200000,0.300000>
	matrix <0.425998, 0.352442, 0.833253,
		0.899397, -0.065179, -0.432245,
		-0.098030, 0.933561, -0.344752,
		51.798252, 53.520130, 51.267555>
	pigment { color rgbt <0,1,1,0> }
	no_shadow
}
cylinder {
	<52.532295, 53.291122, 51.310387>,  <51.866871, 52.866638, 51.508881>, 0.130000
	pigment { color rgbt <1,0,0,0> }
	no_shadow
}

// nucleotide -1

// particle -1
sphere {
	<52.532295, 53.291122, 51.310387> 0.250000
	pigment { color rgbt <1,0,0,0> }
	no_shadow
}
cylinder {
	<52.210522, 53.463009, 51.474449>,  <52.017460, 53.566143, 51.572887>, 0.100000
	pigment { color rgbt <1,0,0,0> }
	no_shadow
}
cylinder {
	<52.210522, 53.463009, 51.474449>,  <52.532295, 53.291122, 51.310387>, 0.100000
	pigment { color rgbt <1,0,0,0> }
	no_shadow
}

// particle -1
sphere {
	<52.210522, 53.463009, 51.474449> 0.100000
	pigment { color rgbt <1,0,0,0> }
	no_shadow
}
sphere {
	0, 1
	scale<0.080000,0.200000,0.300000>
	matrix <0.467651, 0.032327, 0.883322,
		0.366322, 0.902383, -0.226964,
		-0.804432, 0.429720, 0.410159,
		51.969193, 53.591927, 51.597496>
	pigment { color rgbt <0,1,1,0> }
	no_shadow
}
cylinder {
	<52.656101, 53.662800, 50.678001>,  <52.532295, 53.291122, 51.310387>, 0.130000
	pigment { color rgbt <1,0,0,0> }
	no_shadow
}

// nucleotide -1

// particle -1
sphere {
	<52.656101, 53.662800, 50.678001> 0.250000
	pigment { color rgbt <1,0,0,0> }
	no_shadow
}
cylinder {
	<52.466225, 53.771114, 50.343018>,  <52.352299, 53.836102, 50.142025>, 0.100000
	pigment { color rgbt <1,0,0,0> }
	no_shadow
}
cylinder {
	<52.466225, 53.771114, 50.343018>,  <52.656101, 53.662800, 50.678001>, 0.100000
	pigment { color rgbt <1,0,0,0> }
	no_shadow
}

// particle -1
sphere {
	<52.466225, 53.771114, 50.343018> 0.100000
	pigment { color rgbt <1,0,0,0> }
	no_shadow
}
sphere {
	0, 1
	scale<0.080000,0.200000,0.300000>
	matrix <-0.769114, 0.335015, 0.544269,
		0.427943, 0.902463, 0.049238,
		-0.474688, 0.270786, -0.837464,
		52.323818, 53.852352, 50.091778>
	pigment { color rgbt <0,1,1,0> }
	no_shadow
}
cylinder {
	<53.040886, 53.156952, 50.224243>,  <52.656101, 53.662800, 50.678001>, 0.130000
	pigment { color rgbt <1,0,0,0> }
	no_shadow
}

// nucleotide -1

// particle -1
sphere {
	<53.040886, 53.156952, 50.224243> 0.250000
	pigment { color rgbt <1,0,0,0> }
	no_shadow
}
cylinder {
	<53.302948, 52.903378, 50.059860>,  <53.460186, 52.751232, 49.961231>, 0.100000
	pigment { color rgbt <1,0,0,0> }
	no_shadow
}
cylinder {
	<53.302948, 52.903378, 50.059860>,  <53.040886, 53.156952, 50.224243>, 0.100000
	pigment { color rgbt <1,0,0,0> }
	no_shadow
}

// particle -1
sphere {
	<53.302948, 52.903378, 50.059860> 0.100000
	pigment { color rgbt <1,0,0,0> }
	no_shadow
}
sphere {
	0, 1
	scale<0.080000,0.200000,0.300000>
	matrix <0.673265, 0.736704, -0.063096,
		0.342754, -0.235346, 0.909468,
		0.655159, -0.633940, -0.410959,
		53.499496, 52.713196, 49.936573>
	pigment { color rgbt <0,1,1,0> }
	no_shadow
}
cylinder {
	<53.599434, 53.482803, 50.379059>,  <53.040886, 53.156952, 50.224243>, 0.130000
	pigment { color rgbt <1,0,0,0> }
	no_shadow
}

// nucleotide -1

// particle -1
sphere {
	<53.599434, 53.482803, 50.379059> 0.250000
	pigment { color rgbt <1,0,0,0> }
	no_shadow
}
cylinder {
	<53.732689, 53.210915, 50.117676>,  <53.812641, 53.047783, 49.960846>, 0.100000
	pigment { color rgbt <1,0,0,0> }
	no_shadow
}
cylinder {
	<53.732689, 53.210915, 50.117676>,  <53.599434, 53.482803, 50.379059>, 0.100000
	pigment { color rgbt <1,0,0,0> }
	no_shadow
}

// particle -1
sphere {
	<53.732689, 53.210915, 50.117676> 0.100000
	pigment { color rgbt <1,0,0,0> }
	no_shadow
}
sphere {
	0, 1
	scale<0.080000,0.200000,0.300000>
	matrix <0.784629, 0.584162, -0.207636,
		0.522857, -0.443549, 0.727931,
		0.333133, -0.679720, -0.653455,
		53.832630, 53.007000, 49.921638>
	pigment { color rgbt <0,1,1,0> }
	no_shadow
}
cylinder {
	<54.389107, 53.197128, 50.614815>,  <53.599434, 53.482803, 50.379059>, 0.130000
	pigment { color rgbt <1,0,0,0> }
	no_shadow
}

// nucleotide -1

// particle -1
sphere {
	<54.389107, 53.197128, 50.614815> 0.250000
	pigment { color rgbt <1,0,0,0> }
	no_shadow
}
cylinder {
	<54.272507, 53.224228, 50.233147>,  <54.202545, 53.240486, 50.004147>, 0.100000
	pigment { color rgbt <1,0,0,0> }
	no_shadow
}
cylinder {
	<54.272507, 53.224228, 50.233147>,  <54.389107, 53.197128, 50.614815>, 0.100000
	pigment { color rgbt <1,0,0,0> }
	no_shadow
}

// particle -1
sphere {
	<54.272507, 53.224228, 50.233147> 0.100000
	pigment { color rgbt <1,0,0,0> }
	no_shadow
}
sphere {
	0, 1
	scale<0.080000,0.200000,0.300000>
	matrix <0.786542, 0.584669, -0.198782,
		0.544405, -0.808438, -0.223720,
		-0.291505, 0.067747, -0.954167,
