// switches for output
#declare DRAW_BASES = 1; // possible values are 0, 1; only relevant for DNA ribbons
#declare DRAW_BASES_TYPE = 3; // possible values are 1, 2, 3; only relevant for DNA ribbons
#declare DRAW_FOG = 0; // set to 1 to enable fog

#include "colors.inc"

#include "transforms.inc"
background { rgb <1, 1, 1>}

#default {
   normal{
       ripples 0.25
       frequency 0.20
       turbulence 0.2
       lambda 5
   }
	finish {
		phong 0.1
		phong_size 40.
	}
}

// original window dimensions: 1024x640


// camera settings

camera {
	sky <-0, 1, 0>
	up <-0, 1, 0>
	right 1.6 * <0.99995, 0, 0.00999983>
	location <54.4867, 55, 106.329>
	look_at <55, 55, 55.0001>
	direction <0.513302, 0, -51.3289>
	angle 67.0682
}


# declare cpy_camera_pos = <54.4867, 55, 106.329>;
# if (DRAW_FOG = 1)
fog {
	fog_type 2
	up vnormalize(cpy_camera_pos)
	color rgbt<1,1,1,0.3>
	distance 1e-5
	fog_alt 3e-3
	fog_offset 88
}
# end


// LIGHTS

# declare lum = 6;
global_settings {
	ambient_light rgb lum * <0.05, 0.05, 0.05>
	max_trace_level 15
}# declare cpy_direct_light_amount = 0.25;
light_source
{	1000 * <-0.98995, -1, 1.00995>,
	rgb lum * cpy_direct_light_amount
	parallel
}

light_source
{	1000 * <0.98995, 1, -1.00995>,
	rgb lum * cpy_direct_light_amount
	parallel
}

// strand 0

// nucleotide -1

// particle -1
sphere {
	<36.470177, 53.252392, 49.261093> 0.250000
	pigment { color rgbt <1,0,0,0> }
	no_shadow
}
cylinder {
	<36.552578, 52.897667, 49.426567>,  <36.602020, 52.684834, 49.525852>, 0.100000
	pigment { color rgbt <1,0,0,0> }
	no_shadow
}
cylinder {
	<36.552578, 52.897667, 49.426567>,  <36.470177, 53.252392, 49.261093>, 0.100000
	pigment { color rgbt <1,0,0,0> }
	no_shadow
}

// particle -1
sphere {
	<36.552578, 52.897667, 49.426567> 0.100000
	pigment { color rgbt <1,0,0,0> }
	no_shadow
}
sphere {
	0, 1
	scale<0.080000,0.200000,0.300000>
	matrix <0.503961, -0.266230, -0.821672,
		0.838800, 0.377747, 0.392073,
		0.206003, -0.886808, 0.413684,
		36.614380, 52.631626, 49.550671>
	pigment { color rgbt <0,1,1,0> }
	no_shadow
}
cylinder {
	<37.209442, 53.124111, 49.320240>,  <36.470177, 53.252392, 49.261093>, 0.130000
	pigment { color rgbt <1,0,0,0> }
	no_shadow
}

// nucleotide -1

// particle -1
sphere {
	<37.209442, 53.124111, 49.320240> 0.250000
	pigment { color rgbt <1,0,0,0> }
	no_shadow
}
cylinder {
	<37.023682, 52.770393, 49.300858>,  <36.912224, 52.558163, 49.289227>, 0.100000
	pigment { color rgbt <1,0,0,0> }
	no_shadow
}
cylinder {
	<37.023682, 52.770393, 49.300858>,  <37.209442, 53.124111, 49.320240>, 0.100000
	pigment { color rgbt <1,0,0,0> }
	no_shadow
}

// particle -1
sphere {
	<37.023682, 52.770393, 49.300858> 0.100000
	pigment { color rgbt <1,0,0,0> }
	no_shadow
}
sphere {
	0, 1
	scale<0.080000,0.200000,0.300000>
	matrix <0.484588, -0.207925, -0.849672,
		0.741288, -0.418071, 0.525081,
		-0.464400, -0.884299, -0.048460,
		36.884361, 52.505104, 49.286320>
	pigment { color rgbt <0,1,1,0> }
	no_shadow
}
cylinder {
	<37.682373, 53.201389, 48.724785>,  <37.209442, 53.124111, 49.320240>, 0.130000
	pigment { color rgbt <1,0,0,0> }
	no_shadow
}

// nucleotide -1

// particle -1
sphere {
	<37.682373, 53.201389, 48.724785> 0.250000
	pigment { color rgbt <1,0,0,0> }
	no_shadow
}
cylinder {
	<37.850662, 53.045464, 49.052452>,  <37.951633, 52.951908, 49.249054>, 0.100000
	pigment { color rgbt <1,0,0,0> }
	no_shadow
}
cylinder {
	<37.850662, 53.045464, 49.052452>,  <37.682373, 53.201389, 48.724785>, 0.100000
	pigment { color rgbt <1,0,0,0> }
	no_shadow
}

// particle -1
sphere {
	<37.850662, 53.045464, 49.052452> 0.100000
	pigment { color rgbt <1,0,0,0> }
	no_shadow
}
sphere {
	0, 1
	scale<0.080000,0.200000,0.300000>
	matrix <0.885877, -0.018047, -0.463569,
		0.195489, 0.920717, 0.337734,
		0.420720, -0.389814, 0.819170,
		37.976879, 52.928520, 49.298203>
	pigment { color rgbt <0,1,1,0> }
	no_shadow
}
cylinder {
	<38.310081, 53.658504, 48.984287>,  <37.682373, 53.201389, 48.724785>, 0.130000
	pigment { color rgbt <1,0,0,0> }
	no_shadow
}

// nucleotide -1

// particle -1
sphere {
	<38.310081, 53.658504, 48.984287> 0.250000
	pigment { color rgbt <1,0,0,0> }
	no_shadow
}
cylinder {
	<38.339424, 53.261723, 49.025555>,  <38.357029, 53.023655, 49.050316>, 0.100000
	pigment { color rgbt <1,0,0,0> }
	no_shadow
}
cylinder {
	<38.339424, 53.261723, 49.025555>,  <38.310081, 53.658504, 48.984287>, 0.100000
	pigment { color rgbt <1,0,0,0> }
	no_shadow
}

// particle -1
sphere {
	<38.339424, 53.261723, 49.025555> 0.100000
	pigment { color rgbt <1,0,0,0> }
	no_shadow
}
sphere {
	0, 1
	scale<0.080000,0.200000,0.300000>
	matrix <0.742654, -0.014706, -0.669514,
		0.665645, 0.125732, 0.735601,
		0.073361, -0.991955, 0.103164,
		38.361431, 52.964134, 49.056503>
	pigment { color rgbt <0,1,1,0> }
	no_shadow
}
cylinder {
	<39.008083, 53.536114, 48.965595>,  <38.310081, 53.658504, 48.984287>, 0.130000
	pigment { color rgbt <1,0,0,0> }
	no_shadow
}

// nucleotide -1

// particle -1
sphere {
	<39.008083, 53.536114, 48.965595> 0.250000
	pigment { color rgbt <1,0,0,0> }
	no_shadow
}
cylinder {
	<38.802570, 53.200718, 48.892967>,  <38.679264, 52.999481, 48.849388>, 0.100000
	pigment { color rgbt <1,0,0,0> }
	no_shadow
}
cylinder {
	<38.802570, 53.200718, 48.892967>,  <39.008083, 53.536114, 48.965595>, 0.100000
	pigment { color rgbt <1,0,0,0> }
	no_shadow
}

// particle -1
sphere {
	<38.802570, 53.200718, 48.892967> 0.100000
	pigment { color rgbt <1,0,0,0> }
	no_shadow
}
sphere {
	0, 1
	scale<0.080000,0.200000,0.300000>
	matrix <0.709503, -0.296285, -0.639391,
		0.482325, -0.457331, 0.747135,
		-0.513778, -0.838489, -0.181572,
		38.648438, 52.949173, 48.838497>
	pigment { color rgbt <0,1,1,0> }
	no_shadow
}
cylinder {
	<39.383915, 52.847424, 49.111088>,  <39.008083, 53.536114, 48.965595>, 0.130000
	pigment { color rgbt <1,0,0,0> }
	no_shadow
}

// nucleotide -1

// particle -1
sphere {
	<39.383915, 52.847424, 49.111088> 0.250000
	pigment { color rgbt <1,0,0,0> }
	no_shadow
}
cylinder {
	<39.110310, 52.812157, 48.821438>,  <38.946148, 52.790997, 48.647648>, 0.100000
	pigment { color rgbt <1,0,0,0> }
	no_shadow
}
cylinder {
	<39.110310, 52.812157, 48.821438>,  <39.383915, 52.847424, 49.111088>, 0.100000
	pigment { color rgbt <1,0,0,0> }
	no_shadow
}

// particle -1
sphere {
	<39.110310, 52.812157, 48.821438> 0.100000
	pigment { color rgbt <1,0,0,0> }
	no_shadow
}
sphere {
	0, 1
	scale<0.080000,0.200000,0.300000>
	matrix <0.690874, -0.396921, -0.604274,
		-0.234143, -0.913608, 0.332410,
		-0.684010, -0.088167, -0.724125,
		38.905106, 52.785706, 48.604202>
	pigment { color rgbt <0,1,1,0> }
	no_shadow
}
cylinder {
	<40.060326, 52.670059, 48.871243>,  <39.383915, 52.847424, 49.111088>, 0.130000
	pigment { color rgbt <1,0,0,0> }
	no_shadow
}

// nucleotide -1

// particle -1
sphere {
	<40.060326, 52.670059, 48.871243> 0.250000
	pigment { color rgbt <1,0,0,0> }
	no_shadow
}
cylinder {
	<40.063530, 53.051300, 48.750229>,  <40.065453, 53.280045, 48.677620>, 0.100000
	pigment { color rgbt <1,0,0,0> }
	no_shadow
}
cylinder {
	<40.063530, 53.051300, 48.750229>,  <40.060326, 52.670059, 48.871243>, 0.100000
	pigment { color rgbt <1,0,0,0> }
	no_shadow
}

// particle -1
sphere {
	<40.063530, 53.051300, 48.750229> 0.100000
	pigment { color rgbt <1,0,0,0> }
	no_shadow
}
sphere {
	0, 1
	scale<0.080000,0.200000,0.300000>
	matrix <0.915913, 0.114423, 0.384722,
		0.401297, -0.280175, -0.872045,
		0.008007, 0.953105, -0.302534,
		40.065933, 53.337231, 48.659470>
	pigment { color rgbt <0,1,1,0> }
	no_shadow
}
cylinder {
	<40.672966, 52.883545, 48.322849>,  <40.060326, 52.670059, 48.871243>, 0.130000
	pigment { color rgbt <1,0,0,0> }
	no_shadow
}

// nucleotide -1

// particle -1
sphere {
	<40.672966, 52.883545, 48.322849> 0.250000
	pigment { color rgbt <1,0,0,0> }
	no_shadow
}
cylinder {
	<40.539597, 53.133224, 48.605465>,  <40.459576, 53.283031, 48.775036>, 0.100000
	pigment { color rgbt <1,0,0,0> }
	no_shadow
}
cylinder {
	<40.539597, 53.133224, 48.605465>,  <40.672966, 52.883545, 48.322849>, 0.100000
	pigment { color rgbt <1,0,0,0> }
	no_shadow
}

// particle -1
sphere {
	<40.539597, 53.133224, 48.605465> 0.100000
	pigment { color rgbt <1,0,0,0> }
	no_shadow
}
sphere {
	0, 1
	scale<0.080000,0.200000,0.300000>
	matrix <0.925363, 0.073312, 0.371924,
		0.180358, 0.777817, -0.602056,
		-0.333427, 0.624200, 0.706541,
		40.439568, 53.320484, 48.817429>
	pigment { color rgbt <0,1,1,0> }
	no_shadow
}
cylinder {
	<41.304890, 53.162277, 48.526661>,  <40.672966, 52.883545, 48.322849>, 0.130000
	pigment { color rgbt <1,0,0,0> }
	no_shadow
}

// nucleotide -1

// particle -1
sphere {
	<41.304890, 53.162277, 48.526661> 0.250000
	pigment { color rgbt <1,0,0,0> }
	no_shadow
}
cylinder {
	<41.020802, 53.308853, 48.767097>,  <40.850349, 53.396801, 48.911358>, 0.100000
	pigment { color rgbt <1,0,0,0> }
	no_shadow
}
cylinder {
	<41.020802, 53.308853, 48.767097>,  <41.304890, 53.162277, 48.526661>, 0.100000
	pigment { color rgbt <1,0,0,0> }
	no_shadow
}

// particle -1
sphere {
	<41.020802, 53.308853, 48.767097> 0.100000
	pigment { color rgbt <1,0,0,0> }
	no_shadow
}
sphere {
	0, 1
	scale<0.080000,0.200000,0.300000>
	matrix <0.703966, 0.374742, 0.603324,
		-0.004168, 0.851638, -0.524113,
		-0.710221, 0.366443, 0.601087,
		40.807735, 53.418785, 48.947422>
	pigment { color rgbt <0,1,1,0> }
	no_shadow
}
cylinder {
	<41.480488, 53.937305, 48.671417>,  <41.304890, 53.162277, 48.526661>, 0.130000
	pigment { color rgbt <1,0,0,0> }
	no_shadow
}

// nucleotide -1

// particle -1
sphere {
	<41.480488, 53.937305, 48.671417> 0.250000
	pigment { color rgbt <1,0,0,0> }
	no_shadow
}
cylinder {
	<41.252411, 53.764145, 48.950695>,  <41.115566, 53.660248, 49.118263>, 0.100000
	pigment { color rgbt <1,0,0,0> }
	no_shadow
}
cylinder {
	<41.252411, 53.764145, 48.950695>,  <41.480488, 53.937305, 48.671417>, 0.100000
	pigment { color rgbt <1,0,0,0> }
	no_shadow
}

// particle -1
sphere {
	<41.252411, 53.764145, 48.950695> 0.100000
	pigment { color rgbt <1,0,0,0> }
	no_shadow
}
sphere {
	0, 1
	scale<0.080000,0.200000,0.300000>
	matrix <0.589603, 0.376175, 0.714745,
		-0.572056, 0.819202, 0.040745,
		-0.570194, -0.432897, 0.698197,
		41.081352, 53.634277, 49.160152>
	pigment { color rgbt <0,1,1,0> }
	no_shadow
}
cylinder {
	<42.097126, 54.293362, 48.806408>,  <41.480488, 53.937305, 48.671417>, 0.130000
	pigment { color rgbt <1,0,0,0> }
	no_shadow
}

// nucleotide -1

// particle -1
sphere {
	<42.097126, 54.293362, 48.806408> 0.250000
	pigment { color rgbt <1,0,0,0> }
	no_shadow
}
cylinder {
	<42.374809, 54.182846, 49.072262>,  <42.541420, 54.116535, 49.231773>, 0.100000
	pigment { color rgbt <1,0,0,0> }
	no_shadow
}
cylinder {
	<42.374809, 54.182846, 49.072262>,  <42.097126, 54.293362, 48.806408>, 0.100000
	pigment { color rgbt <1,0,0,0> }
	no_shadow
}

// particle -1
sphere {
	<42.374809, 54.182846, 49.072262> 0.100000
	pigment { color rgbt <1,0,0,0> }
	no_shadow
}
sphere {
	0, 1
	scale<0.080000,0.200000,0.300000>
	matrix <0.716853, 0.348474, -0.603894,
		-0.064754, 0.895672, 0.439976,
		0.694211, -0.276294, 0.664630,
		42.583073, 54.099957, 49.271652>
	pigment { color rgbt <0,1,1,0> }
	no_shadow
}
cylinder {
	<42.665165, 54.756615, 48.886551>,  <42.097126, 54.293362, 48.806408>, 0.130000
	pigment { color rgbt <1,0,0,0> }
	no_shadow
}

// nucleotide -1

// particle -1
sphere {
	<42.665165, 54.756615, 48.886551> 0.250000
	pigment { color rgbt <1,0,0,0> }
	no_shadow
}
cylinder {
	<42.831593, 54.403740, 48.974762>,  <42.931450, 54.192017, 49.027687>, 0.100000
	pigment { color rgbt <1,0,0,0> }
	no_shadow
}
cylinder {
	<42.831593, 54.403740, 48.974762>,  <42.665165, 54.756615, 48.886551>, 0.100000
	pigment { color rgbt <1,0,0,0> }
	no_shadow
}

// particle -1
sphere {
	<42.831593, 54.403740, 48.974762> 0.100000
	pigment { color rgbt <1,0,0,0> }
	no_shadow
}
sphere {
	0, 1
	scale<0.080000,0.200000,0.300000>
	matrix <0.686092, 0.145393, -0.712838,
		0.596794, 0.447891, 0.665755,
		0.416070, -0.882188, 0.220525,
		42.956413, 54.139084, 49.040920>
	pigment { color rgbt <0,1,1,0> }
	no_shadow
}
cylinder {
	<43.299545, 54.944263, 49.079288>,  <42.665165, 54.756615, 48.886551>, 0.130000
	pigment { color rgbt <1,0,0,0> }
	no_shadow
}

// nucleotide -1

// particle -1
sphere {
	<43.299545, 54.944263, 49.079288> 0.250000
	pigment { color rgbt <1,0,0,0> }
	no_shadow
}
cylinder {
	<43.290184, 54.583759, 48.906235>,  <43.284569, 54.367455, 48.802402>, 0.100000
	pigment { color rgbt <1,0,0,0> }
	no_shadow
}
cylinder {
	<43.290184, 54.583759, 48.906235>,  <43.299545, 54.944263, 49.079288>, 0.100000
	pigment { color rgbt <1,0,0,0> }
	no_shadow
}

// particle -1
sphere {
	<43.290184, 54.583759, 48.906235> 0.100000
	pigment { color rgbt <1,0,0,0> }
	no_shadow
}
sphere {
	0, 1
	scale<0.080000,0.200000,0.300000>
	matrix <0.749392, 0.270627, -0.604296,
		0.661713, -0.338356, 0.669067,
		-0.023399, -0.901264, -0.432639,
		43.283165, 54.313381, 48.776443>
	pigment { color rgbt <0,1,1,0> }
	no_shadow
}
cylinder {
	<43.913429, 54.589355, 49.329998>,  <43.299545, 54.944263, 49.079288>, 0.130000
	pigment { color rgbt <1,0,0,0> }
	no_shadow
}

// nucleotide -1

// particle -1
sphere {
	<43.913429, 54.589355, 49.329998> 0.250000
	pigment { color rgbt <1,0,0,0> }
	no_shadow
}
cylinder {
	<43.790447, 54.427139, 48.985668>,  <43.716660, 54.329811, 48.779072>, 0.100000
	pigment { color rgbt <1,0,0,0> }
	no_shadow
}
cylinder {
	<43.790447, 54.427139, 48.985668>,  <43.913429, 54.589355, 49.329998>, 0.100000
	pigment { color rgbt <1,0,0,0> }
	no_shadow
}

// particle -1
sphere {
	<43.790447, 54.427139, 48.985668> 0.100000
	pigment { color rgbt <1,0,0,0> }
	no_shadow
}
sphere {
	0, 1
	scale<0.080000,0.200000,0.300000>
	matrix <0.939935, 0.011568, -0.341157,
		0.148310, -0.914005, 0.377622,
		-0.307450, -0.405537, -0.860821,
		43.698212, 54.305477, 48.727421>
	pigment { color rgbt <0,1,1,0> }
	no_shadow
}
cylinder {
	<44.293289, 53.982285, 49.261631>,  <43.913429, 54.589355, 49.329998>, 0.130000
	pigment { color rgbt <1,0,0,0> }
	no_shadow
}

// nucleotide -1

// particle -1
sphere {
	<44.293289, 53.982285, 49.261631> 0.250000
	pigment { color rgbt <1,0,0,0> }
	no_shadow
}
cylinder {
	<44.168140, 54.180832, 48.937721>,  <44.093052, 54.299961, 48.743374>, 0.100000
	pigment { color rgbt <1,0,0,0> }
	no_shadow
}
cylinder {
	<44.168140, 54.180832, 48.937721>,  <44.293289, 53.982285, 49.261631>, 0.100000
	pigment { color rgbt <1,0,0,0> }
	no_shadow
}

// particle -1
sphere {
	<44.168140, 54.180832, 48.937721> 0.100000
	pigment { color rgbt <1,0,0,0> }
	no_shadow
}
sphere {
	0, 1
	scale<0.080000,0.200000,0.300000>
	matrix <0.904338, -0.104923, -0.413719,
		-0.290319, -0.861750, -0.416054,
		-0.312869, 0.496364, -0.809775,
		44.074280, 54.329742, 48.694790>
	pigment { color rgbt <0,1,1,0> }
	no_shadow
}
cylinder {
	<44.407337, 53.557625, 48.715916>,  <44.293289, 53.982285, 49.261631>, 0.130000
	pigment { color rgbt <1,0,0,0> }
	no_shadow
}

// nucleotide -1

// particle -1
sphere {
	<44.407337, 53.557625, 48.715916> 0.250000
	pigment { color rgbt <1,0,0,0> }
	no_shadow
}
cylinder {
	<44.422203, 53.926876, 48.562836>,  <44.431122, 54.148426, 48.470989>, 0.100000
	pigment { color rgbt <1,0,0,0> }
	no_shadow
}
cylinder {
	<44.422203, 53.926876, 48.562836>,  <44.407337, 53.557625, 48.715916>, 0.100000
	pigment { color rgbt <1,0,0,0> }
	no_shadow
}

// particle -1
sphere {
	<44.422203, 53.926876, 48.562836> 0.100000
	pigment { color rgbt <1,0,0,0> }
	no_shadow
}
sphere {
	0, 1
	scale<0.080000,0.200000,0.300000>
	matrix <0.751602, -0.278206, -0.598078,
		-0.658570, -0.265411, -0.704161,
		0.037165, 0.923124, -0.382701,
		44.433353, 54.203812, 48.448025>
	pigment { color rgbt <0,1,1,0> }
	no_shadow
}
cylinder {
	<44.468380, 53.742920, 47.948071>,  <44.407337, 53.557625, 48.715916>, 0.130000
	pigment { color rgbt <1,0,0,0> }
	no_shadow
}

// nucleotide -1

// particle -1
sphere {
	<44.468380, 53.742920, 47.948071> 0.250000
	pigment { color rgbt <1,0,0,0> }
	no_shadow
}
cylinder {
	<44.650097, 54.062531, 48.105637>,  <44.759129, 54.254299, 48.200176>, 0.100000
	pigment { color rgbt <1,0,0,0> }
	no_shadow
}
cylinder {
	<44.650097, 54.062531, 48.105637>,  <44.468380, 53.742920, 47.948071>, 0.100000
	pigment { color rgbt <1,0,0,0> }
	no_shadow
}

// particle -1
sphere {
	<44.650097, 54.062531, 48.105637> 0.100000
	pigment { color rgbt <1,0,0,0> }
	no_shadow
}
sphere {
	0, 1
	scale<0.080000,0.200000,0.300000>
	matrix <0.864402, -0.288426, -0.411848,
		-0.215463, 0.527602, -0.821713,
		0.454295, 0.799028, 0.393915,
		44.786385, 54.302238, 48.223812>
	pigment { color rgbt <0,1,1,0> }
	no_shadow
}
cylinder {
	<44.807869, 54.143661, 47.373489>,  <44.468380, 53.742920, 47.948071>, 0.130000
	pigment { color rgbt <1,0,0,0> }
	no_shadow
}

// nucleotide -1

// particle -1
sphere {
	<44.807869, 54.143661, 47.373489> 0.250000
	pigment { color rgbt <1,0,0,0> }
	no_shadow
}
cylinder {
	<44.984608, 54.180717, 47.730408>,  <45.090652, 54.202950, 47.944557>, 0.100000
	pigment { color rgbt <1,0,0,0> }
	no_shadow
}
cylinder {
	<44.984608, 54.180717, 47.730408>,  <44.807869, 54.143661, 47.373489>, 0.100000
	pigment { color rgbt <1,0,0,0> }
	no_shadow
}

// particle -1
sphere {
	<44.984608, 54.180717, 47.730408> 0.100000
	pigment { color rgbt <1,0,0,0> }
	no_shadow
}
sphere {
	0, 1
	scale<0.080000,0.200000,0.300000>
	matrix <0.862898, -0.315880, -0.394495,
		0.245312, 0.944266, -0.219508,
		0.441847, 0.092638, 0.892295,
		45.117161, 54.208508, 47.998096>
	pigment { color rgbt <0,1,1,0> }
	no_shadow
}
cylinder {
	<45.507309, 54.444286, 47.342236>,  <44.807869, 54.143661, 47.373489>, 0.130000
	pigment { color rgbt <1,0,0,0> }
	no_shadow
}

// nucleotide -1

// particle -1
sphere {
	<45.507309, 54.444286, 47.342236> 0.250000
	pigment { color rgbt <1,0,0,0> }
	no_shadow
}
cylinder {
	<45.523933, 54.218555, 47.672035>,  <45.533909, 54.083115, 47.869915>, 0.100000
	pigment { color rgbt <1,0,0,0> }
	no_shadow
}
cylinder {
	<45.523933, 54.218555, 47.672035>,  <45.507309, 54.444286, 47.342236>, 0.100000
	pigment { color rgbt <1,0,0,0> }
	no_shadow
}

// particle -1
sphere {
	<45.523933, 54.218555, 47.672035> 0.100000
	pigment { color rgbt <1,0,0,0> }
	no_shadow
}
sphere {
	0, 1
	scale<0.080000,0.200000,0.300000>
	matrix <0.903954, -0.330283, -0.271627,
		0.425606, 0.756601, 0.496402,
		0.041560, -0.564330, 0.824502,
		45.536400, 54.049255, 47.919384>
	pigment { color rgbt <0,1,1,0> }
	no_shadow
}
cylinder {
	<46.087303, 54.607204, 47.757244>,  <45.507309, 54.444286, 47.342236>, 0.130000
	pigment { color rgbt <1,0,0,0> }
	no_shadow
}

// nucleotide -1

// particle -1
sphere {
	<46.087303, 54.607204, 47.757244> 0.250000
	pigment { color rgbt <1,0,0,0> }
	no_shadow
}
cylinder {
	<45.985470, 54.221684, 47.788918>,  <45.924370, 53.990372, 47.807922>, 0.100000
	pigment { color rgbt <1,0,0,0> }
	no_shadow
}
cylinder {
	<45.985470, 54.221684, 47.788918>,  <46.087303, 54.607204, 47.757244>, 0.100000
	pigment { color rgbt <1,0,0,0> }
	no_shadow
}

// particle -1
sphere {
	<45.985470, 54.221684, 47.788918> 0.100000
	pigment { color rgbt <1,0,0,0> }
	no_shadow
}
sphere {
	0, 1
	scale<0.080000,0.200000,0.300000>
	matrix <0.966767, -0.251675, 0.044947,
		-0.023392, 0.087992, 0.995846,
		-0.254585, -0.963803, 0.079181,
		45.909096, 53.932541, 47.812672>
	pigment { color rgbt <0,1,1,0> }
	no_shadow
}
cylinder {
	<46.269470, 54.277809, 48.440155>,  <46.087303, 54.607204, 47.757244>, 0.130000
	pigment { color rgbt <1,0,0,0> }
	no_shadow
}

// nucleotide -1

// particle -1
sphere {
	<46.269470, 54.277809, 48.440155> 0.250000
	pigment { color rgbt <1,0,0,0> }
	no_shadow
}
cylinder {
	<46.261261, 54.005936, 48.146866>,  <46.256336, 53.842812, 47.970894>, 0.100000
	pigment { color rgbt <1,0,0,0> }
	no_shadow
}
cylinder {
	<46.261261, 54.005936, 48.146866>,  <46.269470, 54.277809, 48.440155>, 0.100000
	pigment { color rgbt <1,0,0,0> }
	no_shadow
}

// particle -1
sphere {
	<46.261261, 54.005936, 48.146866> 0.100000
	pigment { color rgbt <1,0,0,0> }
	no_shadow
}
sphere {
	0, 1
	scale<0.080000,0.200000,0.300000>
	matrix <0.964942, -0.205397, 0.163395,
		-0.261658, -0.704164, 0.660067,
		-0.020519, -0.679680, -0.733222,
		46.255104, 53.802032, 47.926899>
	pigment { color rgbt <0,1,1,0> }
	no_shadow
}
cylinder {
	<46.438160, 53.628876, 48.662354>,  <46.269470, 54.277809, 48.440155>, 0.130000
	pigment { color rgbt <1,0,0,0> }
	no_shadow
}

// nucleotide -1

// particle -1
sphere {
	<46.438160, 53.628876, 48.662354> 0.250000
	pigment { color rgbt <1,0,0,0> }
	no_shadow
}
cylinder {
	<46.543072, 53.636757, 48.276436>,  <46.606018, 53.641487, 48.044888>, 0.100000
	pigment { color rgbt <1,0,0,0> }
	no_shadow
}
cylinder {
	<46.543072, 53.636757, 48.276436>,  <46.438160, 53.628876, 48.662354>, 0.100000
	pigment { color rgbt <1,0,0,0> }
	no_shadow
}

// particle -1
sphere {
	<46.543072, 53.636757, 48.276436> 0.100000
	pigment { color rgbt <1,0,0,0> }
	no_shadow
}
sphere {
	0, 1
	scale<0.080000,0.200000,0.300000>
	matrix <0.844166, -0.489087, 0.219495,
		-0.467542, -0.872012, -0.144909,
		0.262276, 0.019704, -0.964792,
		46.621754, 53.642670, 47.987000>
	pigment { color rgbt <0,1,1,0> }
	no_shadow
}
cylinder {
	<46.442078, 52.924568, 48.343697>,  <46.438160, 53.628876, 48.662354>, 0.130000
	pigment { color rgbt <1,0,0,0> }
	no_shadow
}

// nucleotide -1

// particle -1
sphere {
	<46.442078, 52.924568, 48.343697> 0.250000
	pigment { color rgbt <1,0,0,0> }
	no_shadow
}
cylinder {
	<46.704605, 53.196770, 48.213364>,  <46.862122, 53.360088, 48.135162>, 0.100000
	pigment { color rgbt <1,0,0,0> }
	no_shadow
}
cylinder {
	<46.704605, 53.196770, 48.213364>,  <46.442078, 52.924568, 48.343697>, 0.100000
	pigment { color rgbt <1,0,0,0> }
	no_shadow
}

// particle -1
sphere {
	<46.704605, 53.196770, 48.213364> 0.100000
	pigment { color rgbt <1,0,0,0> }
	no_shadow
}
sphere {
	0, 1
	scale<0.080000,0.200000,0.300000>
	matrix <0.753350, -0.567393, 0.332460,
		0.041365, -0.463664, -0.885045,
		0.656318, 0.680501, -0.325831,
		46.901501, 53.400921, 48.115616>
	pigment { color rgbt <0,1,1,0> }
	no_shadow
}
cylinder {
	<46.810829, 52.609917, 47.903774>,  <46.442078, 52.924568, 48.343697>, 0.130000
	pigment { color rgbt <1,0,0,0> }
	no_shadow
}

// nucleotide -1

// particle -1
sphere {
	<46.810829, 52.609917, 47.903774> 0.250000
	pigment { color rgbt <1,0,0,0> }
	no_shadow
}
cylinder {
	<47.042072, 52.919445, 48.007301>,  <47.180820, 53.105164, 48.069420>, 0.100000
	pigment { color rgbt <1,0,0,0> }
	no_shadow
}
cylinder {
	<47.042072, 52.919445, 48.007301>,  <46.810829, 52.609917, 47.903774>, 0.100000
	pigment { color rgbt <1,0,0,0> }
	no_shadow
}

// particle -1
sphere {
	<47.042072, 52.919445, 48.007301> 0.100000
	pigment { color rgbt <1,0,0,0> }
	no_shadow
}
sphere {
	0, 1
	scale<0.080000,0.200000,0.300000>
	matrix <0.711102, -0.633358, 0.305271,
		0.400151, 0.007567, -0.916418,
		0.578111, 0.773822, 0.258820,
		47.215504, 53.151592, 48.084946>
	pigment { color rgbt <0,1,1,0> }
	no_shadow
}
cylinder {
	<46.649467, 51.846642, 47.636200>,  <46.810829, 52.609917, 47.903774>, 0.130000
	pigment { color rgbt <1,0,0,0> }
	no_shadow
}

// nucleotide -1

// particle -1
sphere {
	<46.649467, 51.846642, 47.636200> 0.250000
	pigment { color rgbt <1,0,0,0> }
	no_shadow
}
cylinder {
	<46.293385, 51.664864, 47.623466>,  <46.079735, 51.555798, 47.615826>, 0.100000
	pigment { color rgbt <1,0,0,0> }
	no_shadow
}
cylinder {
	<46.293385, 51.664864, 47.623466>,  <46.649467, 51.846642, 47.636200>, 0.100000
	pigment { color rgbt <1,0,0,0> }
	no_shadow
}

// particle -1
sphere {
	<46.293385, 51.664864, 47.623466> 0.100000
	pigment { color rgbt <1,0,0,0> }
	no_shadow
}
sphere {
	0, 1
	scale<0.080000,0.200000,0.300000>
	matrix <0.419672, -0.845261, 0.330772,
		-0.177224, 0.281096, 0.943174,
		-0.890206, -0.454444, -0.031833,
		46.026321, 51.528530, 47.613918>
	pigment { color rgbt <0,1,1,0> }
	no_shadow
}
cylinder {
	<47.016998, 51.821724, 48.176647>,  <46.649467, 51.846642, 47.636200>, 0.130000
	pigment { color rgbt <1,0,0,0> }
	no_shadow
}

// nucleotide -1

// particle -1
sphere {
	<47.016998, 51.821724, 48.176647> 0.250000
	pigment { color rgbt <1,0,0,0> }
	no_shadow
}
cylinder {
	<46.924541, 51.435902, 48.125740>,  <46.869068, 51.204407, 48.095196>, 0.100000
	pigment { color rgbt <1,0,0,0> }
	no_shadow
}
cylinder {
	<46.924541, 51.435902, 48.125740>,  <47.016998, 51.821724, 48.176647>, 0.100000
	pigment { color rgbt <1,0,0,0> }
	no_shadow
}

// particle -1
sphere {
	<46.924541, 51.435902, 48.125740> 0.100000
	pigment { color rgbt <1,0,0,0> }
	no_shadow
}
sphere {
	0, 1
	scale<0.080000,0.200000,0.300000>
	matrix <0.814271, -0.263384, 0.517292,
		-0.532480, 0.015935, 0.846292,
		-0.231143, -0.964560, -0.127271,
		46.855198, 51.146534, 48.087559>
	pigment { color rgbt <0,1,1,0> }
	no_shadow
}
cylinder {
	<46.899830, 51.387398, 48.840050>,  <47.016998, 51.821724, 48.176647>, 0.130000
	pigment { color rgbt <1,0,0,0> }
	no_shadow
}

// nucleotide -1

// particle -1
sphere {
	<46.899830, 51.387398, 48.840050> 0.250000
	pigment { color rgbt <1,0,0,0> }
	no_shadow
}
cylinder {
	<47.070526, 51.195438, 48.533432>,  <47.172943, 51.080261, 48.349461>, 0.100000
	pigment { color rgbt <1,0,0,0> }
	no_shadow
}
cylinder {
	<47.070526, 51.195438, 48.533432>,  <46.899830, 51.387398, 48.840050>, 0.100000
	pigment { color rgbt <1,0,0,0> }
	no_shadow
}

// particle -1
sphere {
	<47.070526, 51.195438, 48.533432> 0.100000
	pigment { color rgbt <1,0,0,0> }
	no_shadow
}
sphere {
	0, 1
	scale<0.080000,0.200000,0.300000>
	matrix <0.829706, -0.129496, 0.542972,
		-0.359836, -0.867714, 0.342915,
		0.426738, -0.479899, -0.766545,
		47.198547, 51.051468, 48.303467>
	pigment { color rgbt <0,1,1,0> }
	no_shadow
}
cylinder {
	<47.150307, 50.724407, 49.082355>,  <46.899830, 51.387398, 48.840050>, 0.130000
	pigment { color rgbt <1,0,0,0> }
	no_shadow
}

// nucleotide -1

// particle -1
sphere {
	<47.150307, 50.724407, 49.082355> 0.250000
	pigment { color rgbt <1,0,0,0> }
	no_shadow
}
cylinder {
	<47.367710, 50.855080, 48.773064>,  <47.498150, 50.933483, 48.587490>, 0.100000
	pigment { color rgbt <1,0,0,0> }
	no_shadow
}
cylinder {
	<47.367710, 50.855080, 48.773064>,  <47.150307, 50.724407, 49.082355>, 0.100000
	pigment { color rgbt <1,0,0,0> }
	no_shadow
}

// particle -1
sphere {
	<47.367710, 50.855080, 48.773064> 0.100000
	pigment { color rgbt <1,0,0,0> }
	no_shadow
}
sphere {
	0, 1
	scale<0.080000,0.200000,0.300000>
	matrix <0.823360, -0.028230, 0.566817,
		0.163341, -0.944713, -0.284320,
		0.543506, 0.326682, -0.773227,
		47.530762, 50.953083, 48.541096>
	pigment { color rgbt <0,1,1,0> }
	no_shadow
}
cylinder {
	<47.781769, 50.238861, 48.883408>,  <47.150307, 50.724407, 49.082355>, 0.130000
	pigment { color rgbt <1,0,0,0> }
	no_shadow
}

// nucleotide -1

// particle -1
sphere {
	<47.781769, 50.238861, 48.883408> 0.250000
	pigment { color rgbt <1,0,0,0> }
	no_shadow
}
cylinder {
	<47.865887, 50.610481, 48.761658>,  <47.916359, 50.833454, 48.688610>, 0.100000
	pigment { color rgbt <1,0,0,0> }
	no_shadow
}
cylinder {
	<47.865887, 50.610481, 48.761658>,  <47.781769, 50.238861, 48.883408>, 0.100000
	pigment { color rgbt <1,0,0,0> }
	no_shadow
}

// particle -1
sphere {
	<47.865887, 50.610481, 48.761658> 0.100000
	pigment { color rgbt <1,0,0,0> }
	no_shadow
}
sphere {
	0, 1
	scale<0.080000,0.200000,0.300000>
	matrix <0.807476, 0.010454, 0.589808,
		0.551143, -0.369806, -0.747987,
		0.210295, 0.929050, -0.304371,
		47.928974, 50.889194, 48.670345>
	pigment { color rgbt <0,1,1,0> }
	no_shadow
}
cylinder {
	<48.535347, 50.354630, 48.695728>,  <47.781769, 50.238861, 48.883408>, 0.130000
	pigment { color rgbt <1,0,0,0> }
	no_shadow
}

// nucleotide -1

// particle -1
sphere {
	<48.535347, 50.354630, 48.695728> 0.250000
	pigment { color rgbt <1,0,0,0> }
	no_shadow
}
cylinder {
	<48.400501, 50.712471, 48.813057>,  <48.319595, 50.927177, 48.883453>, 0.100000
	pigment { color rgbt <1,0,0,0> }
	no_shadow
}
cylinder {
	<48.400501, 50.712471, 48.813057>,  <48.535347, 50.354630, 48.695728>, 0.100000
	pigment { color rgbt <1,0,0,0> }
	no_shadow
}

// particle -1
sphere {
	<48.400501, 50.712471, 48.813057> 0.100000
	pigment { color rgbt <1,0,0,0> }
	no_shadow
}
sphere {
	0, 1
	scale<0.080000,0.200000,0.300000>
	matrix <0.898569, 0.212765, 0.383803,
		0.280944, 0.392953, -0.875590,
		-0.337112, 0.894606, 0.293320,
		48.299366, 50.980854, 48.901054>
	pigment { color rgbt <0,1,1,0> }
	no_shadow
}
cylinder {
	<49.014740, 50.881435, 48.521942>,  <48.535347, 50.354630, 48.695728>, 0.130000
	pigment { color rgbt <1,0,0,0> }
	no_shadow
}

// nucleotide -1

// particle -1
sphere {
	<49.014740, 50.881435, 48.521942> 0.250000
	pigment { color rgbt <1,0,0,0> }
	no_shadow
}
cylinder {
	<48.846500, 51.005081, 48.863125>,  <48.745556, 51.079269, 49.067837>, 0.100000
	pigment { color rgbt <1,0,0,0> }
	no_shadow
}
cylinder {
	<48.846500, 51.005081, 48.863125>,  <49.014740, 50.881435, 48.521942>, 0.100000
	pigment { color rgbt <1,0,0,0> }
	no_shadow
}

// particle -1
sphere {
	<48.846500, 51.005081, 48.863125> 0.100000
	pigment { color rgbt <1,0,0,0> }
	no_shadow
}
sphere {
	0, 1
	scale<0.080000,0.200000,0.300000>
	matrix <0.903873, 0.223754, 0.364620,
		-0.078145, 0.924329, -0.373509,
		-0.420603, 0.309111, 0.852961,
		48.720318, 51.097813, 49.119015>
	pigment { color rgbt <0,1,1,0> }
	no_shadow
}
cylinder {
	<49.324482, 51.524323, 48.715187>,  <49.014740, 50.881435, 48.521942>, 0.130000
	pigment { color rgbt <1,0,0,0> }
	no_shadow
}

// nucleotide -1

// particle -1
sphere {
	<49.324482, 51.524323, 48.715187> 0.250000
	pigment { color rgbt <1,0,0,0> }
	no_shadow
}
cylinder {
	<49.159618, 51.387577, 49.053005>,  <49.060699, 51.305531, 49.255695>, 0.100000
	pigment { color rgbt <1,0,0,0> }
	no_shadow
}
cylinder {
	<49.159618, 51.387577, 49.053005>,  <49.324482, 51.524323, 48.715187>, 0.100000
	pigment { color rgbt <1,0,0,0> }
	no_shadow
}

// particle -1
sphere {
	<49.159618, 51.387577, 49.053005> 0.100000
	pigment { color rgbt <1,0,0,0> }
	no_shadow
}
sphere {
	0, 1
	scale<0.080000,0.200000,0.300000>
	matrix <0.886575, 0.063177, 0.458250,
		-0.210015, 0.937623, 0.277049,
		-0.412163, -0.341865, 0.844542,
		49.035969, 51.285019, 49.306366>
	pigment { color rgbt <0,1,1,0> }
	no_shadow
}
cylinder {
	<49.529861, 51.970032, 49.228390>,  <49.324482, 51.524323, 48.715187>, 0.130000
	pigment { color rgbt <1,0,0,0> }
	no_shadow
}

// nucleotide -1

// particle -1
sphere {
	<49.529861, 51.970032, 49.228390> 0.250000
	pigment { color rgbt <1,0,0,0> }
	no_shadow
}
cylinder {
	<49.446781, 51.605972, 49.371773>,  <49.396935, 51.387535, 49.457802>, 0.100000
	pigment { color rgbt <1,0,0,0> }
	no_shadow
}
cylinder {
	<49.446781, 51.605972, 49.371773>,  <49.529861, 51.970032, 49.228390>, 0.100000
	pigment { color rgbt <1,0,0,0> }
	no_shadow
}

// particle -1
sphere {
	<49.446781, 51.605972, 49.371773> 0.100000
	pigment { color rgbt <1,0,0,0> }
	no_shadow
}
sphere {
	0, 1
	scale<0.080000,0.200000,0.300000>
	matrix <0.904559, -0.039224, 0.424540,
		-0.372334, 0.412423, 0.831429,
		-0.207702, -0.910148, 0.358456,
		49.384472, 51.332928, 49.479309>
	pigment { color rgbt <0,1,1,0> }
	no_shadow
}
cylinder {
	<49.656780, 51.948917, 49.973785>,  <49.529861, 51.970032, 49.228390>, 0.130000
	pigment { color rgbt <1,0,0,0> }
	no_shadow
}

// nucleotide -1

// particle -1
sphere {
	<49.656780, 51.948917, 49.973785> 0.250000
	pigment { color rgbt <1,0,0,0> }
	no_shadow
}
cylinder {
	<49.720821, 51.605789, 49.778435>,  <49.759247, 51.399914, 49.661224>, 0.100000
	pigment { color rgbt <1,0,0,0> }
	no_shadow
}
cylinder {
	<49.720821, 51.605789, 49.778435>,  <49.656780, 51.948917, 49.973785>, 0.100000
	pigment { color rgbt <1,0,0,0> }
	no_shadow
}

// particle -1
sphere {
	<49.720821, 51.605789, 49.778435> 0.100000
	pigment { color rgbt <1,0,0,0> }
	no_shadow
}
sphere {
	0, 1
	scale<0.080000,0.200000,0.300000>
	matrix <0.949316, -0.001771, 0.314319,
		-0.270494, -0.513950, 0.814057,
		0.160103, -0.857818, -0.488380,
		49.768852, 51.348442, 49.631920>
	pigment { color rgbt <0,1,1,0> }
	no_shadow
}
cylinder {
	<49.863579, 51.345085, 50.426109>,  <49.656780, 51.948917, 49.973785>, 0.130000
	pigment { color rgbt <1,0,0,0> }
	no_shadow
}

// nucleotide -1

// particle -1
sphere {
	<49.863579, 51.345085, 50.426109> 0.250000
	pigment { color rgbt <1,0,0,0> }
	no_shadow
}
cylinder {
	<50.006683, 51.278339, 50.058594>,  <50.092545, 51.238293, 49.838085>, 0.100000
	pigment { color rgbt <1,0,0,0> }
	no_shadow
}
cylinder {
	<50.006683, 51.278339, 50.058594>,  <49.863579, 51.345085, 50.426109>, 0.100000
	pigment { color rgbt <1,0,0,0> }
	no_shadow
}

// particle -1
sphere {
	<50.006683, 51.278339, 50.058594> 0.100000
	pigment { color rgbt <1,0,0,0> }
	no_shadow
}
sphere {
	0, 1
	scale<0.080000,0.200000,0.300000>
	matrix <0.886715, -0.247825, 0.390281,
		-0.292822, -0.954326, 0.059301,
		0.357759, -0.166866, -0.918784,
		50.114010, 51.228279, 49.782959>
	pigment { color rgbt <0,1,1,0> }
	no_shadow
}
cylinder {
	<50.302628, 50.726944, 50.409912>,  <49.863579, 51.345085, 50.426109>, 0.130000
	pigment { color rgbt <1,0,0,0> }
	no_shadow
}

// nucleotide -1

// particle -1
sphere {
	<50.302628, 50.726944, 50.409912> 0.250000
	pigment { color rgbt <1,0,0,0> }
	no_shadow
}
cylinder {
	<50.409592, 50.988632, 50.126934>,  <50.473770, 51.145645, 49.957146>, 0.100000
	pigment { color rgbt <1,0,0,0> }
	no_shadow
}
cylinder {
	<50.409592, 50.988632, 50.126934>,  <50.302628, 50.726944, 50.409912>, 0.100000
	pigment { color rgbt <1,0,0,0> }
	no_shadow
}

// particle -1
sphere {
	<50.409592, 50.988632, 50.126934> 0.100000
	pigment { color rgbt <1,0,0,0> }
	no_shadow
}
sphere {
	0, 1
	scale<0.080000,0.200000,0.300000>
	matrix <0.960443, -0.121747, 0.250454,
		0.077724, -0.746436, -0.660902,
		0.267411, 0.654225, -0.707447,
		50.489815, 51.184898, 49.914700>
	pigment { color rgbt <0,1,1,0> }
	no_shadow
}
cylinder {
	<50.818165, 50.399780, 49.921349>,  <50.302628, 50.726944, 50.409912>, 0.130000
	pigment { color rgbt <1,0,0,0> }
	no_shadow
}

// nucleotide -1

// particle -1
sphere {
	<50.818165, 50.399780, 49.921349> 0.250000
	pigment { color rgbt <1,0,0,0> }
	no_shadow
}
cylinder {
	<50.844494, 50.793819, 49.984917>,  <50.860291, 51.030243, 50.023060>, 0.100000
	pigment { color rgbt <1,0,0,0> }
	no_shadow
}
cylinder {
	<50.844494, 50.793819, 49.984917>,  <50.818165, 50.399780, 49.921349>, 0.100000
	pigment { color rgbt <1,0,0,0> }
	no_shadow
}

// particle -1
sphere {
	<50.844494, 50.793819, 49.984917> 0.100000
	pigment { color rgbt <1,0,0,0> }
	no_shadow
}
sphere {
	0, 1
	scale<0.080000,0.200000,0.300000>
	matrix <0.907145, -0.125420, 0.401695,
		0.415639, 0.117724, -0.901879,
		0.065825, 0.985094, 0.158922,
		50.864243, 51.089348, 50.032593>
	pigment { color rgbt <0,1,1,0> }
	no_shadow
}
cylinder {
	<51.364815, 50.665569, 49.543816>,  <50.818165, 50.399780, 49.921349>, 0.130000
	pigment { color rgbt <1,0,0,0> }
	no_shadow
}

// nucleotide -1

// particle -1
sphere {
	<51.364815, 50.665569, 49.543816> 0.250000
	pigment { color rgbt <1,0,0,0> }
	no_shadow
}
cylinder {
	<51.293667, 50.894150, 49.864265>,  <51.250977, 51.031300, 50.056538>, 0.100000
	pigment { color rgbt <1,0,0,0> }
	no_shadow
}
cylinder {
	<51.293667, 50.894150, 49.864265>,  <51.364815, 50.665569, 49.543816>, 0.100000
	pigment { color rgbt <1,0,0,0> }
	no_shadow
}

// particle -1
sphere {
	<51.293667, 50.894150, 49.864265> 0.100000
	pigment { color rgbt <1,0,0,0> }
	no_shadow
}
sphere {
	0, 1
	scale<0.080000,0.200000,0.300000>
	matrix <0.935804, -0.153567, 0.317315,
		0.304358, 0.806138, -0.507452,
		-0.177872, 0.571452, 0.801126,
		51.240307, 51.065586, 50.104603>
	pigment { color rgbt <0,1,1,0> }
	no_shadow
}
cylinder {
	<51.897697, 51.047829, 49.409885>,  <51.364815, 50.665569, 49.543816>, 0.130000
	pigment { color rgbt <1,0,0,0> }
	no_shadow
}

// nucleotide -1

// particle -1
sphere {
	<51.897697, 51.047829, 49.409885> 0.250000
	pigment { color rgbt <1,0,0,0> }
	no_shadow
}
cylinder {
	<51.809727, 51.021820, 49.799225>,  <51.756947, 51.006214, 50.032829>, 0.100000
	pigment { color rgbt <1,0,0,0> }
	no_shadow
}
cylinder {
	<51.809727, 51.021820, 49.799225>,  <51.897697, 51.047829, 49.409885>, 0.100000
	pigment { color rgbt <1,0,0,0> }
	no_shadow
}

// particle -1
sphere {
	<51.809727, 51.021820, 49.799225> 0.100000
	pigment { color rgbt <1,0,0,0> }
	no_shadow
}
sphere {
	0, 1
	scale<0.080000,0.200000,0.300000>
	matrix <0.975262, -0.037470, 0.217854,
		0.022306, 0.997180, 0.071654,
		-0.219925, -0.065022, 0.973347,
		51.743748, 51.002312, 50.091228>
	pigment { color rgbt <0,1,1,0> }
	no_shadow
}
cylinder {
	<52.380466, 51.542694, 49.806679>,  <51.897697, 51.047829, 49.409885>, 0.130000
	pigment { color rgbt <1,0,0,0> }
	no_shadow
}

// nucleotide -1

// particle -1
sphere {
	<52.380466, 51.542694, 49.806679> 0.250000
	pigment { color rgbt <1,0,0,0> }
	no_shadow
}
cylinder {
	<52.262363, 51.242367, 50.043015>,  <52.191502, 51.062172, 50.184814>, 0.100000
	pigment { color rgbt <1,0,0,0> }
	no_shadow
}
cylinder {
	<52.262363, 51.242367, 50.043015>,  <52.380466, 51.542694, 49.806679>, 0.100000
	pigment { color rgbt <1,0,0,0> }
	no_shadow
}

// particle -1
sphere {
	<52.262363, 51.242367, 50.043015> 0.100000
	pigment { color rgbt <1,0,0,0> }
	no_shadow
}
sphere {
	0, 1
	scale<0.080000,0.200000,0.300000>
	matrix <0.919353, -0.054972, 0.389575,
		-0.260021, 0.658216, 0.706499,
		-0.295262, -0.750819, 0.590839,
		52.173786, 51.017120, 50.220264>
	pigment { color rgbt <0,1,1,0> }
	no_shadow
}
cylinder {
	<52.545818, 51.621304, 50.600143>,  <52.380466, 51.542694, 49.806679>, 0.130000
	pigment { color rgbt <1,0,0,0> }
	no_shadow
}

// nucleotide -1

// particle -1
sphere {
	<52.545818, 51.621304, 50.600143> 0.250000
	pigment { color rgbt <1,0,0,0> }
	no_shadow
}
cylinder {
	<52.539734, 51.231400, 50.511047>,  <52.536083, 50.997456, 50.457588>, 0.100000
	pigment { color rgbt <1,0,0,0> }
	no_shadow
}
cylinder {
	<52.539734, 51.231400, 50.511047>,  <52.545818, 51.621304, 50.600143>, 0.100000
	pigment { color rgbt <1,0,0,0> }
	no_shadow
}

// particle -1
sphere {
	<52.539734, 51.231400, 50.511047> 0.100000
	pigment { color rgbt <1,0,0,0> }
	no_shadow
}
sphere {
	0, 1
	scale<0.080000,0.200000,0.300000>
	matrix <0.920368, -0.100706, 0.377865,
		-0.390758, -0.199256, 0.898669,
		-0.015210, -0.974759, -0.222740,
		52.535172, 50.938972, 50.444225>
	pigment { color rgbt <0,1,1,0> }
	no_shadow
}
cylinder {
	<52.693626, 51.197315, 51.208359>,  <52.545818, 51.621304, 50.600143>, 0.130000
	pigment { color rgbt <1,0,0,0> }
	no_shadow
}

// nucleotide -1

// particle -1
sphere {
	<52.693626, 51.197315, 51.208359> 0.250000
	pigment { color rgbt <1,0,0,0> }
	no_shadow
}
cylinder {
	<52.818790, 51.038559, 50.863209>,  <52.893890, 50.943306, 50.656116>, 0.100000
	pigment { color rgbt <1,0,0,0> }
	no_shadow
}
cylinder {
	<52.818790, 51.038559, 50.863209>,  <52.693626, 51.197315, 51.208359>, 0.100000
	pigment { color rgbt <1,0,0,0> }
	no_shadow
}

// particle -1
sphere {
	<52.818790, 51.038559, 50.863209> 0.100000
	pigment { color rgbt <1,0,0,0> }
	no_shadow
}
sphere {
	0, 1
	scale<0.080000,0.200000,0.300000>
	matrix <0.928028, -0.065565, 0.366694,
		-0.202114, -0.915519, 0.347814,
		0.312912, -0.396895, -0.862879,
		52.912663, 50.919491, 50.604343>
	pigment { color rgbt <0,1,1,0> }
	no_shadow
}
cylinder {
	<53.026985, 50.580044, 51.291473>,  <52.693626, 51.197315, 51.208359>, 0.130000
	pigment { color rgbt <1,0,0,0> }
	no_shadow
}

// nucleotide -1

// particle -1
sphere {
	<53.026985, 50.580044, 51.291473> 0.250000
	pigment { color rgbt <1,0,0,0> }
	no_shadow
}
cylinder {
	<53.164822, 50.688301, 50.931915>,  <53.247524, 50.753254, 50.716179>, 0.100000
	pigment { color rgbt <1,0,0,0> }
	no_shadow
}
cylinder {
	<53.164822, 50.688301, 50.931915>,  <53.026985, 50.580044, 51.291473>, 0.100000
	pigment { color rgbt <1,0,0,0> }
	no_shadow
}

// particle -1
sphere {
	<53.164822, 50.688301, 50.931915> 0.100000
	pigment { color rgbt <1,0,0,0> }
	no_shadow
}
sphere {
	0, 1
	scale<0.080000,0.200000,0.300000>
	matrix <0.938753, -0.098539, 0.330200,
		0.000790, -0.957624, -0.288020,
