// switches for output
#declare DRAW_BASES = 1; // possible values are 0, 1; only relevant for DNA ribbons
#declare DRAW_BASES_TYPE = 3; // possible values are 1, 2, 3; only relevant for DNA ribbons
#declare DRAW_FOG = 0; // set to 1 to enable fog

#include "colors.inc"

#include "transforms.inc"
background { rgb <1, 1, 1>}

#default {
   normal{
       ripples 0.25
       frequency 0.20
       turbulence 0.2
       lambda 5
   }
	finish {
		phong 0.1
		phong_size 40.
	}
}

// original window dimensions: 1024x640


// camera settings

camera {
	sky <-0, 1, 0>
	up <-0, 1, 0>
	right 1.6 * <0.99995, 0, 0.00999983>
	location <54.4867, 55, 106.329>
	look_at <55, 55, 55.0001>
	direction <0.513302, 0, -51.3289>
	angle 67.0682
}


# declare cpy_camera_pos = <54.4867, 55, 106.329>;
# if (DRAW_FOG = 1)
fog {
	fog_type 2
	up vnormalize(cpy_camera_pos)
	color rgbt<1,1,1,0.3>
	distance 1e-5
	fog_alt 3e-3
	fog_offset 88
}
# end


// LIGHTS

# declare lum = 6;
global_settings {
	ambient_light rgb lum * <0.05, 0.05, 0.05>
	max_trace_level 15
}# declare cpy_direct_light_amount = 0.25;
light_source
{	1000 * <-0.98995, -1, 1.00995>,
	rgb lum * cpy_direct_light_amount
	parallel
}

light_source
{	1000 * <0.98995, 1, -1.00995>,
	rgb lum * cpy_direct_light_amount
	parallel
}

// strand 0

// nucleotide -1

// particle -1
sphere {
	<36.455406, 53.353802, 49.854485> 0.250000
	pigment { color rgbt <1,0,0,0> }
	no_shadow
}
cylinder {
	<36.439873, 53.190475, 50.219292>,  <36.430553, 53.092480, 50.438175>, 0.100000
	pigment { color rgbt <1,0,0,0> }
	no_shadow
}
cylinder {
	<36.439873, 53.190475, 50.219292>,  <36.455406, 53.353802, 49.854485>, 0.100000
	pigment { color rgbt <1,0,0,0> }
	no_shadow
}

// particle -1
sphere {
	<36.439873, 53.190475, 50.219292> 0.100000
	pigment { color rgbt <1,0,0,0> }
	no_shadow
}
sphere {
	0, 1
	scale<0.080000,0.200000,0.300000>
	matrix <0.873743, 0.428968, 0.229257,
		-0.484834, 0.805772, 0.340099,
		-0.038837, -0.408311, 0.912016,
		36.428223, 53.067982, 50.492897>
	pigment { color rgbt <0,1,1,0> }
	no_shadow
}
cylinder {
	<36.540409, 53.823872, 50.488754>,  <36.455406, 53.353802, 49.854485>, 0.130000
	pigment { color rgbt <1,0,0,0> }
	no_shadow
}

// nucleotide -1

// particle -1
sphere {
	<36.540409, 53.823872, 50.488754> 0.250000
	pigment { color rgbt <1,0,0,0> }
	no_shadow
}
cylinder {
	<36.696613, 53.475266, 50.607391>,  <36.790337, 53.266102, 50.678574>, 0.100000
	pigment { color rgbt <1,0,0,0> }
	no_shadow
}
cylinder {
	<36.696613, 53.475266, 50.607391>,  <36.540409, 53.823872, 50.488754>, 0.100000
	pigment { color rgbt <1,0,0,0> }
	no_shadow
}

// particle -1
sphere {
	<36.696613, 53.475266, 50.607391> 0.100000
	pigment { color rgbt <1,0,0,0> }
	no_shadow
}
sphere {
	0, 1
	scale<0.080000,0.200000,0.300000>
	matrix <0.872868, 0.452914, 0.181577,
		-0.292577, 0.187978, 0.937584,
		0.390512, -0.871512, 0.296592,
		36.813766, 53.213810, 50.696369>
	pigment { color rgbt <0,1,1,0> }
	no_shadow
}
cylinder {
	<37.066685, 53.693714, 51.047115>,  <36.540409, 53.823872, 50.488754>, 0.130000
	pigment { color rgbt <1,0,0,0> }
	no_shadow
}

// nucleotide -1

// particle -1
sphere {
	<37.066685, 53.693714, 51.047115> 0.250000
	pigment { color rgbt <1,0,0,0> }
	no_shadow
}
cylinder {
	<37.152008, 53.402523, 50.786484>,  <37.203201, 53.227810, 50.630104>, 0.100000
	pigment { color rgbt <1,0,0,0> }
	no_shadow
}
cylinder {
	<37.152008, 53.402523, 50.786484>,  <37.066685, 53.693714, 51.047115>, 0.100000
	pigment { color rgbt <1,0,0,0> }
	no_shadow
}

// particle -1
sphere {
	<37.152008, 53.402523, 50.786484> 0.100000
	pigment { color rgbt <1,0,0,0> }
	no_shadow
}
sphere {
	0, 1
	scale<0.080000,0.200000,0.300000>
	matrix <0.943642, 0.326264, -0.055601,
		0.253063, -0.602995, 0.756543,
		0.213306, -0.727976, -0.651576,
		37.216000, 53.184132, 50.591011>
	pigment { color rgbt <0,1,1,0> }
	no_shadow
}
cylinder {
	<37.741890, 53.226036, 51.181473>,  <37.066685, 53.693714, 51.047115>, 0.130000
	pigment { color rgbt <1,0,0,0> }
	no_shadow
}

// nucleotide -1

// particle -1
sphere {
	<37.741890, 53.226036, 51.181473> 0.250000
	pigment { color rgbt <1,0,0,0> }
	no_shadow
}
cylinder {
	<37.808411, 53.217358, 50.787140>,  <37.848324, 53.212151, 50.550541>, 0.100000
	pigment { color rgbt <1,0,0,0> }
	no_shadow
}
cylinder {
	<37.808411, 53.217358, 50.787140>,  <37.741890, 53.226036, 51.181473>, 0.100000
	pigment { color rgbt <1,0,0,0> }
	no_shadow
}

// particle -1
sphere {
	<37.808411, 53.217358, 50.787140> 0.100000
	pigment { color rgbt <1,0,0,0> }
	no_shadow
}
sphere {
	0, 1
	scale<0.080000,0.200000,0.300000>
	matrix <0.970389, 0.181215, 0.159707,
		0.175182, -0.983204, 0.051193,
		0.166302, -0.021699, -0.985836,
		37.858299, 53.210850, 50.491390>
	pigment { color rgbt <0,1,1,0> }
	no_shadow
}
cylinder {
	<38.442814, 53.060562, 51.158066>,  <37.741890, 53.226036, 51.181473>, 0.130000
	pigment { color rgbt <1,0,0,0> }
	no_shadow
}

// nucleotide -1

// particle -1
sphere {
	<38.442814, 53.060562, 51.158066> 0.250000
	pigment { color rgbt <1,0,0,0> }
	no_shadow
}
cylinder {
	<38.357784, 53.261898, 50.823051>,  <38.306767, 53.382702, 50.622044>, 0.100000
	pigment { color rgbt <1,0,0,0> }
	no_shadow
}
cylinder {
	<38.357784, 53.261898, 50.823051>,  <38.442814, 53.060562, 51.158066>, 0.100000
	pigment { color rgbt <1,0,0,0> }
	no_shadow
}

// particle -1
sphere {
	<38.357784, 53.261898, 50.823051> 0.100000
	pigment { color rgbt <1,0,0,0> }
	no_shadow
}
sphere {
	0, 1
	scale<0.080000,0.200000,0.300000>
	matrix <0.888924, 0.455518, 0.048145,
		0.405745, -0.734268, -0.544262,
		-0.212570, 0.503342, -0.837533,
		38.294014, 53.412899, 50.571793>
	pigment { color rgbt <0,1,1,0> }
	no_shadow
}
cylinder {
	<38.790867, 52.786800, 50.579796>,  <38.442814, 53.060562, 51.158066>, 0.130000
	pigment { color rgbt <1,0,0,0> }
	no_shadow
}

// nucleotide -1

// particle -1
sphere {
	<38.790867, 52.786800, 50.579796> 0.250000
	pigment { color rgbt <1,0,0,0> }
	no_shadow
}
cylinder {
	<38.700676, 53.176285, 50.592781>,  <38.646561, 53.409973, 50.600571>, 0.100000
	pigment { color rgbt <1,0,0,0> }
	no_shadow
}
cylinder {
	<38.700676, 53.176285, 50.592781>,  <38.790867, 52.786800, 50.579796>, 0.100000
	pigment { color rgbt <1,0,0,0> }
	no_shadow
}

// particle -1
sphere {
	<38.700676, 53.176285, 50.592781> 0.100000
	pigment { color rgbt <1,0,0,0> }
	no_shadow
}
sphere {
	0, 1
	scale<0.080000,0.200000,0.300000>
	matrix <0.966051, 0.219144, 0.136823,
		0.126112, 0.062208, -0.990063,
		-0.225478, 0.973707, 0.032460,
		38.633034, 53.468395, 50.602520>
	pigment { color rgbt <0,1,1,0> }
	no_shadow
}
cylinder {
	<39.462673, 53.091385, 50.492611>,  <38.790867, 52.786800, 50.579796>, 0.130000
	pigment { color rgbt <1,0,0,0> }
	no_shadow
}

// nucleotide -1

// particle -1
sphere {
	<39.462673, 53.091385, 50.492611> 0.250000
	pigment { color rgbt <1,0,0,0> }
	no_shadow
}
cylinder {
	<39.256790, 53.428658, 50.554737>,  <39.133263, 53.631020, 50.592014>, 0.100000
	pigment { color rgbt <1,0,0,0> }
	no_shadow
}
cylinder {
	<39.256790, 53.428658, 50.554737>,  <39.462673, 53.091385, 50.492611>, 0.100000
	pigment { color rgbt <1,0,0,0> }
	no_shadow
}

// particle -1
sphere {
	<39.256790, 53.428658, 50.554737> 0.100000
	pigment { color rgbt <1,0,0,0> }
	no_shadow
}
sphere {
	0, 1
	scale<0.080000,0.200000,0.300000>
	matrix <0.847655, 0.527645, -0.055434,
		-0.128695, 0.103125, -0.986308,
		-0.514703, 0.843182, 0.155320,
		39.102379, 53.681614, 50.601334>
	pigment { color rgbt <0,1,1,0> }
	no_shadow
}
cylinder {
	<39.790539, 53.605705, 50.132523>,  <39.462673, 53.091385, 50.492611>, 0.130000
	pigment { color rgbt <1,0,0,0> }
	no_shadow
}

// nucleotide -1

// particle -1
sphere {
	<39.790539, 53.605705, 50.132523> 0.250000
	pigment { color rgbt <1,0,0,0> }
	no_shadow
}
cylinder {
	<39.597599, 53.813812, 50.414421>,  <39.481834, 53.938675, 50.583561>, 0.100000
	pigment { color rgbt <1,0,0,0> }
	no_shadow
}
cylinder {
	<39.597599, 53.813812, 50.414421>,  <39.790539, 53.605705, 50.132523>, 0.100000
	pigment { color rgbt <1,0,0,0> }
	no_shadow
}

// particle -1
sphere {
	<39.597599, 53.813812, 50.414421> 0.100000
	pigment { color rgbt <1,0,0,0> }
	no_shadow
}
sphere {
	0, 1
	scale<0.080000,0.200000,0.300000>
	matrix <0.827207, 0.535233, 0.171040,
		-0.288216, 0.665470, -0.688536,
		-0.482349, 0.520265, 0.704744,
		39.452896, 53.969891, 50.625843>
	pigment { color rgbt <0,1,1,0> }
	no_shadow
}
cylinder {
	<39.944035, 54.342560, 49.944393>,  <39.790539, 53.605705, 50.132523>, 0.130000
	pigment { color rgbt <1,0,0,0> }
	no_shadow
}

// nucleotide -1

// particle -1
sphere {
	<39.944035, 54.342560, 49.944393> 0.250000
	pigment { color rgbt <1,0,0,0> }
	no_shadow
}
cylinder {
	<39.901649, 54.144943, 50.289574>,  <39.876217, 54.026375, 50.496681>, 0.100000
	pigment { color rgbt <1,0,0,0> }
	no_shadow
}
cylinder {
	<39.901649, 54.144943, 50.289574>,  <39.944035, 54.342560, 49.944393>, 0.100000
	pigment { color rgbt <1,0,0,0> }
	no_shadow
}

// particle -1
sphere {
	<39.901649, 54.144943, 50.289574> 0.100000
	pigment { color rgbt <1,0,0,0> }
	no_shadow
}
sphere {
	0, 1
	scale<0.080000,0.200000,0.300000>
	matrix <0.980500, 0.092526, 0.173372,
		-0.165500, 0.864500, 0.474604,
		-0.105967, -0.494043, 0.862956,
		39.869858, 53.996731, 50.548462>
	pigment { color rgbt <0,1,1,0> }
	no_shadow
}
cylinder {
	<40.387741, 54.534996, 50.443096>,  <39.944035, 54.342560, 49.944393>, 0.130000
	pigment { color rgbt <1,0,0,0> }
	no_shadow
}

// nucleotide -1

// particle -1
sphere {
	<40.387741, 54.534996, 50.443096> 0.250000
	pigment { color rgbt <1,0,0,0> }
	no_shadow
}
cylinder {
	<40.309067, 54.155205, 50.540913>,  <40.261864, 53.927330, 50.599602>, 0.100000
	pigment { color rgbt <1,0,0,0> }
	no_shadow
}
cylinder {
	<40.309067, 54.155205, 50.540913>,  <40.387741, 54.534996, 50.443096>, 0.100000
	pigment { color rgbt <1,0,0,0> }
	no_shadow
}

// particle -1
sphere {
	<40.309067, 54.155205, 50.540913> 0.100000
	pigment { color rgbt <1,0,0,0> }
	no_shadow
}
sphere {
	0, 1
	scale<0.080000,0.200000,0.300000>
	matrix <0.967850, -0.148135, 0.203278,
		-0.156783, 0.276664, 0.948091,
		-0.196685, -0.949480, 0.244544,
		40.250061, 53.870361, 50.614277>
	pigment { color rgbt <0,1,1,0> }
	no_shadow
}
cylinder {
	<40.581715, 54.389275, 51.124290>,  <40.387741, 54.534996, 50.443096>, 0.130000
	pigment { color rgbt <1,0,0,0> }
	no_shadow
}

// nucleotide -1

// particle -1
sphere {
	<40.581715, 54.389275, 51.124290> 0.250000
	pigment { color rgbt <1,0,0,0> }
	no_shadow
}
cylinder {
	<40.594772, 54.056355, 50.902946>,  <40.602608, 53.856602, 50.770142>, 0.100000
	pigment { color rgbt <1,0,0,0> }
	no_shadow
}
cylinder {
	<40.594772, 54.056355, 50.902946>,  <40.581715, 54.389275, 51.124290>, 0.100000
	pigment { color rgbt <1,0,0,0> }
	no_shadow
}

// particle -1
sphere {
	<40.594772, 54.056355, 50.902946> 0.100000
	pigment { color rgbt <1,0,0,0> }
	no_shadow
}
sphere {
	0, 1
	scale<0.080000,0.200000,0.300000>
	matrix <0.949566, -0.146930, 0.277013,
		-0.311864, -0.534494, 0.785530,
		0.032644, -0.832303, -0.553359,
		40.604565, 53.806664, 50.736938>
	pigment { color rgbt <0,1,1,0> }
	no_shadow
}
cylinder {
	<40.923878, 53.715797, 51.445503>,  <40.581715, 54.389275, 51.124290>, 0.130000
	pigment { color rgbt <1,0,0,0> }
	no_shadow
}

// nucleotide -1

// particle -1
sphere {
	<40.923878, 53.715797, 51.445503> 0.250000
	pigment { color rgbt <1,0,0,0> }
	no_shadow
}
cylinder {
	<40.975143, 53.735008, 51.049267>,  <41.005901, 53.746532, 50.811523>, 0.100000
	pigment { color rgbt <1,0,0,0> }
	no_shadow
}
cylinder {
	<40.975143, 53.735008, 51.049267>,  <40.923878, 53.715797, 51.445503>, 0.100000
	pigment { color rgbt <1,0,0,0> }
	no_shadow
}

// particle -1
sphere {
	<40.975143, 53.735008, 51.049267> 0.100000
	pigment { color rgbt <1,0,0,0> }
	no_shadow
}
sphere {
	0, 1
	scale<0.080000,0.200000,0.300000>
	matrix <0.988477, -0.087307, 0.123657,
		-0.080547, -0.995023, -0.058660,
		0.128163, 0.048024, -0.990589,
		41.013592, 53.749416, 50.752090>
	pigment { color rgbt <0,1,1,0> }
	no_shadow
}
cylinder {
	<41.393520, 53.081627, 51.260284>,  <40.923878, 53.715797, 51.445503>, 0.130000
	pigment { color rgbt <1,0,0,0> }
	no_shadow
}

// nucleotide -1

// particle -1
sphere {
	<41.393520, 53.081627, 51.260284> 0.250000
	pigment { color rgbt <1,0,0,0> }
	no_shadow
}
cylinder {
	<41.413845, 53.392830, 51.009808>,  <41.426041, 53.579552, 50.859520>, 0.100000
	pigment { color rgbt <1,0,0,0> }
	no_shadow
}
cylinder {
	<41.413845, 53.392830, 51.009808>,  <41.393520, 53.081627, 51.260284>, 0.100000
	pigment { color rgbt <1,0,0,0> }
	no_shadow
}

// particle -1
sphere {
	<41.413845, 53.392830, 51.009808> 0.100000
	pigment { color rgbt <1,0,0,0> }
	no_shadow
}
sphere {
	0, 1
	scale<0.080000,0.200000,0.300000>
	matrix <0.985282, 0.063415, 0.158741,
		0.163213, -0.625046, -0.763335,
		0.050813, 0.778008, -0.626196,
		41.429089, 53.626232, 50.821949>
	pigment { color rgbt <0,1,1,0> }
	no_shadow
}
cylinder {
	<41.874298, 52.908783, 50.663479>,  <41.393520, 53.081627, 51.260284>, 0.130000
	pigment { color rgbt <1,0,0,0> }
	no_shadow
}

// nucleotide -1

// particle -1
sphere {
	<41.874298, 52.908783, 50.663479> 0.250000
	pigment { color rgbt <1,0,0,0> }
	no_shadow
}
cylinder {
	<41.848602, 53.289108, 50.784691>,  <41.833187, 53.517303, 50.857418>, 0.100000
	pigment { color rgbt <1,0,0,0> }
	no_shadow
}
cylinder {
	<41.848602, 53.289108, 50.784691>,  <41.874298, 52.908783, 50.663479>, 0.100000
	pigment { color rgbt <1,0,0,0> }
	no_shadow
}

// particle -1
sphere {
	<41.848602, 53.289108, 50.784691> 0.100000
	pigment { color rgbt <1,0,0,0> }
	no_shadow
}
sphere {
	0, 1
	scale<0.080000,0.200000,0.300000>
	matrix <0.994881, 0.037279, 0.093923,
		0.078006, 0.307515, -0.948340,
		-0.064236, 0.950813, 0.303033,
		41.829330, 53.574352, 50.875599>
	pigment { color rgbt <0,1,1,0> }
	no_shadow
}
cylinder {
	<42.156624, 53.417030, 50.110416>,  <41.874298, 52.908783, 50.663479>, 0.130000
	pigment { color rgbt <1,0,0,0> }
	no_shadow
}

// nucleotide -1

// particle -1
sphere {
	<42.156624, 53.417030, 50.110416> 0.250000
	pigment { color rgbt <1,0,0,0> }
	no_shadow
}
cylinder {
	<42.236053, 53.501698, 50.493198>,  <42.283710, 53.552498, 50.722870>, 0.100000
	pigment { color rgbt <1,0,0,0> }
	no_shadow
}
cylinder {
	<42.236053, 53.501698, 50.493198>,  <42.156624, 53.417030, 50.110416>, 0.100000
	pigment { color rgbt <1,0,0,0> }
	no_shadow
}

// particle -1
sphere {
	<42.236053, 53.501698, 50.493198> 0.100000
	pigment { color rgbt <1,0,0,0> }
	no_shadow
}
sphere {
	0, 1
	scale<0.080000,0.200000,0.300000>
	matrix <0.972937, 0.075144, -0.218512,
		-0.118160, 0.974449, -0.191014,
		0.198575, 0.211664, 0.956957,
		42.295628, 53.565197, 50.780285>
	pigment { color rgbt <0,1,1,0> }
	no_shadow
}
cylinder {
	<42.554306, 53.998840, 50.257076>,  <42.156624, 53.417030, 50.110416>, 0.130000
	pigment { color rgbt <1,0,0,0> }
	no_shadow
}

// nucleotide -1

// particle -1
sphere {
	<42.554306, 53.998840, 50.257076> 0.250000
	pigment { color rgbt <1,0,0,0> }
	no_shadow
}
cylinder {
	<42.646587, 53.770847, 50.572517>,  <42.701958, 53.634052, 50.761784>, 0.100000
	pigment { color rgbt <1,0,0,0> }
	no_shadow
}
cylinder {
	<42.646587, 53.770847, 50.572517>,  <42.554306, 53.998840, 50.257076>, 0.100000
	pigment { color rgbt <1,0,0,0> }
	no_shadow
}

// particle -1
sphere {
	<42.646587, 53.770847, 50.572517> 0.100000
	pigment { color rgbt <1,0,0,0> }
	no_shadow
}
sphere {
	0, 1
	scale<0.080000,0.200000,0.300000>
	matrix <0.972950, 0.145125, -0.179744,
		-0.011995, 0.808739, 0.588046,
		0.230706, -0.569983, 0.788603,
		42.715797, 53.599854, 50.809097>
	pigment { color rgbt <0,1,1,0> }
	no_shadow
}
cylinder {
	<43.078449, 54.391373, 50.763119>,  <42.554306, 53.998840, 50.257076>, 0.130000
	pigment { color rgbt <1,0,0,0> }
	no_shadow
}

// nucleotide -1

// particle -1
sphere {
	<43.078449, 54.391373, 50.763119> 0.250000
	pigment { color rgbt <1,0,0,0> }
	no_shadow
}
cylinder {
	<43.100456, 53.996391, 50.822334>,  <43.113663, 53.759403, 50.857864>, 0.100000
	pigment { color rgbt <1,0,0,0> }
	no_shadow
}
cylinder {
	<43.100456, 53.996391, 50.822334>,  <43.078449, 54.391373, 50.763119>, 0.100000
	pigment { color rgbt <1,0,0,0> }
	no_shadow
}

// particle -1
sphere {
	<43.100456, 53.996391, 50.822334> 0.100000
	pigment { color rgbt <1,0,0,0> }
	no_shadow
}
sphere {
	0, 1
	scale<0.080000,0.200000,0.300000>
	matrix <0.950825, 0.006556, -0.309658,
		0.304801, 0.157796, 0.939253,
		0.055021, -0.987450, 0.148039,
		43.116962, 53.700157, 50.866745>
	pigment { color rgbt <0,1,1,0> }
	no_shadow
}
cylinder {
	<43.720535, 54.045761, 51.231110>,  <43.078449, 54.391373, 50.763119>, 0.130000
	pigment { color rgbt <1,0,0,0> }
	no_shadow
}

// nucleotide -1

// particle -1
sphere {
	<43.720535, 54.045761, 51.231110> 0.250000
	pigment { color rgbt <1,0,0,0> }
	no_shadow
}
cylinder {
	<43.606354, 53.795464, 50.940742>,  <43.537846, 53.645287, 50.766521>, 0.100000
	pigment { color rgbt <1,0,0,0> }
	no_shadow
}
cylinder {
	<43.606354, 53.795464, 50.940742>,  <43.720535, 54.045761, 51.231110>, 0.100000
	pigment { color rgbt <1,0,0,0> }
	no_shadow
}

// particle -1
sphere {
	<43.606354, 53.795464, 50.940742> 0.100000
	pigment { color rgbt <1,0,0,0> }
	no_shadow
}
sphere {
	0, 1
	scale<0.080000,0.200000,0.300000>
	matrix <0.952195, -0.099184, -0.288941,
		0.108802, -0.773700, 0.624140,
		-0.285458, -0.625741, -0.725922,
		43.520718, 53.607742, 50.722965>
	pigment { color rgbt <0,1,1,0> }
	no_shadow
}
cylinder {
	<44.396488, 54.309776, 51.628517>,  <43.720535, 54.045761, 51.231110>, 0.130000
	pigment { color rgbt <1,0,0,0> }
	no_shadow
}

// nucleotide -1

// particle -1
sphere {
	<44.396488, 54.309776, 51.628517> 0.250000
	pigment { color rgbt <1,0,0,0> }
	no_shadow
}
cylinder {
	<44.130890, 54.375931, 51.920204>,  <43.971531, 54.415623, 52.095215>, 0.100000
	pigment { color rgbt <1,0,0,0> }
	no_shadow
}
cylinder {
	<44.130890, 54.375931, 51.920204>,  <44.396488, 54.309776, 51.628517>, 0.100000
	pigment { color rgbt <1,0,0,0> }
	no_shadow
}

// particle -1
sphere {
	<44.130890, 54.375931, 51.920204> 0.100000
	pigment { color rgbt <1,0,0,0> }
	no_shadow
}
sphere {
	0, 1
	scale<0.080000,0.200000,0.300000>
	matrix <0.747733, 0.143797, 0.648242,
		0.002350, 0.975690, -0.219143,
		-0.663995, 0.165384, 0.729218,
		43.931690, 54.425545, 52.138969>
	pigment { color rgbt <0,1,1,0> }
	no_shadow
}
cylinder {
	<44.292999, 55.000641, 51.945377>,  <44.396488, 54.309776, 51.628517>, 0.130000
	pigment { color rgbt <1,0,0,0> }
	no_shadow
}

// nucleotide -1

// particle -1
sphere {
	<44.292999, 55.000641, 51.945377> 0.250000
	pigment { color rgbt <1,0,0,0> }
	no_shadow
}
cylinder {
	<44.264748, 54.664219, 52.159908>,  <44.247799, 54.462368, 52.288628>, 0.100000
	pigment { color rgbt <1,0,0,0> }
	no_shadow
}
cylinder {
	<44.264748, 54.664219, 52.159908>,  <44.292999, 55.000641, 51.945377>, 0.100000
	pigment { color rgbt <1,0,0,0> }
	no_shadow
}

// particle -1
sphere {
	<44.264748, 54.664219, 52.159908> 0.100000
	pigment { color rgbt <1,0,0,0> }
	no_shadow
}
sphere {
	0, 1
	scale<0.080000,0.200000,0.300000>
	matrix <0.760348, 0.302630, 0.574705,
		-0.645665, 0.448380, 0.618120,
		-0.070624, -0.841053, 0.536323,
		44.243561, 54.411903, 52.320805>
	pigment { color rgbt <0,1,1,0> }
	no_shadow
}
cylinder {
	<44.201553, 55.121761, 52.657959>,  <44.292999, 55.000641, 51.945377>, 0.130000
	pigment { color rgbt <1,0,0,0> }
	no_shadow
}

// nucleotide -1

// particle -1
sphere {
	<44.201553, 55.121761, 52.657959> 0.250000
	pigment { color rgbt <1,0,0,0> }
	no_shadow
}
cylinder {
	<44.387527, 54.769119, 52.625462>,  <44.499111, 54.557533, 52.605961>, 0.100000
	pigment { color rgbt <1,0,0,0> }
	no_shadow
}
cylinder {
	<44.387527, 54.769119, 52.625462>,  <44.201553, 55.121761, 52.657959>, 0.100000
	pigment { color rgbt <1,0,0,0> }
	no_shadow
}

// particle -1
sphere {
	<44.387527, 54.769119, 52.625462> 0.100000
	pigment { color rgbt <1,0,0,0> }
	no_shadow
}
sphere {
	0, 1
	scale<0.080000,0.200000,0.300000>
	matrix <0.754078, 0.346244, 0.558105,
		-0.463899, -0.320750, 0.825783,
		0.464935, -0.881609, -0.081248,
		44.527008, 54.504635, 52.601086>
	pigment { color rgbt <0,1,1,0> }
	no_shadow
}
cylinder {
	<44.437618, 54.892010, 53.301865>,  <44.201553, 55.121761, 52.657959>, 0.130000
	pigment { color rgbt <1,0,0,0> }
	no_shadow
}

// nucleotide -1

// particle -1
sphere {
	<44.437618, 54.892010, 53.301865> 0.250000
	pigment { color rgbt <1,0,0,0> }
	no_shadow
}
cylinder {
	<44.647938, 54.696701, 53.023262>,  <44.774128, 54.579514, 52.856098>, 0.100000
	pigment { color rgbt <1,0,0,0> }
	no_shadow
}
cylinder {
	<44.647938, 54.696701, 53.023262>,  <44.437618, 54.892010, 53.301865>, 0.100000
	pigment { color rgbt <1,0,0,0> }
	no_shadow
}

// particle -1
sphere {
	<44.647938, 54.696701, 53.023262> 0.100000
	pigment { color rgbt <1,0,0,0> }
	no_shadow
}
sphere {
	0, 1
	scale<0.080000,0.200000,0.300000>
	matrix <0.849937, 0.268981, 0.453051,
		-0.033866, -0.830203, 0.556432,
		0.525794, -0.488276, -0.696511,
		44.805676, 54.550217, 52.814308>
	pigment { color rgbt <0,1,1,0> }
	no_shadow
}
cylinder {
	<45.138031, 54.994431, 53.618458>,  <44.437618, 54.892010, 53.301865>, 0.130000
	pigment { color rgbt <1,0,0,0> }
	no_shadow
}

// nucleotide -1

// particle -1
sphere {
	<45.138031, 54.994431, 53.618458> 0.250000
	pigment { color rgbt <1,0,0,0> }
	no_shadow
}
cylinder {
	<45.181873, 54.755859, 53.300400>,  <45.208179, 54.612717, 53.109566>, 0.100000
	pigment { color rgbt <1,0,0,0> }
	no_shadow
}
cylinder {
	<45.181873, 54.755859, 53.300400>,  <45.138031, 54.994431, 53.618458>, 0.100000
	pigment { color rgbt <1,0,0,0> }
	no_shadow
}

// particle -1
sphere {
	<45.181873, 54.755859, 53.300400> 0.100000
	pigment { color rgbt <1,0,0,0> }
	no_shadow
}
sphere {
	0, 1
	scale<0.080000,0.200000,0.300000>
	matrix <0.923141, -0.235498, 0.303894,
		-0.368507, -0.767344, 0.524772,
		0.109609, -0.596425, -0.795149,
		45.214756, 54.576931, 53.061855>
	pigment { color rgbt <0,1,1,0> }
	no_shadow
}
cylinder {
	<45.549175, 54.588871, 53.858334>,  <45.138031, 54.994431, 53.618458>, 0.130000
	pigment { color rgbt <1,0,0,0> }
	no_shadow
}

// nucleotide -1

// particle -1
sphere {
	<45.549175, 54.588871, 53.858334> 0.250000
	pigment { color rgbt <1,0,0,0> }
	no_shadow
}
cylinder {
	<45.590313, 54.509426, 53.468468>,  <45.614994, 54.461761, 53.234547>, 0.100000
	pigment { color rgbt <1,0,0,0> }
	no_shadow
}
cylinder {
	<45.590313, 54.509426, 53.468468>,  <45.549175, 54.588871, 53.858334>, 0.100000
	pigment { color rgbt <1,0,0,0> }
	no_shadow
}

// particle -1
sphere {
	<45.590313, 54.509426, 53.468468> 0.100000
	pigment { color rgbt <1,0,0,0> }
	no_shadow
}
sphere {
	0, 1
	scale<0.080000,0.200000,0.300000>
	matrix <0.993761, -0.022008, 0.109340,
		-0.043167, -0.979831, 0.195107,
		0.102841, -0.198610, -0.974668,
		45.621166, 54.449844, 53.176067>
	pigment { color rgbt <0,1,1,0> }
	no_shadow
}
cylinder {
	<45.817688, 53.930435, 53.777355>,  <45.549175, 54.588871, 53.858334>, 0.130000
	pigment { color rgbt <1,0,0,0> }
	no_shadow
}

// nucleotide -1

// particle -1
sphere {
	<45.817688, 53.930435, 53.777355> 0.250000
	pigment { color rgbt <1,0,0,0> }
	no_shadow
}
cylinder {
	<45.889198, 54.230804, 53.523064>,  <45.932106, 54.411026, 53.370487>, 0.100000
	pigment { color rgbt <1,0,0,0> }
	no_shadow
}
cylinder {
	<45.889198, 54.230804, 53.523064>,  <45.817688, 53.930435, 53.777355>, 0.100000
	pigment { color rgbt <1,0,0,0> }
	no_shadow
}

// particle -1
sphere {
	<45.889198, 54.230804, 53.523064> 0.100000
	pigment { color rgbt <1,0,0,0> }
	no_shadow
}
sphere {
	0, 1
	scale<0.080000,0.200000,0.300000>
	matrix <0.966203, -0.012029, 0.257503,
		0.185718, -0.660283, -0.727692,
		0.178778, 0.750921, -0.635733,
		45.942833, 54.456081, 53.332344>
	pigment { color rgbt <0,1,1,0> }
	no_shadow
}
cylinder {
	<46.338978, 53.734703, 53.254784>,  <45.817688, 53.930435, 53.777355>, 0.130000
	pigment { color rgbt <1,0,0,0> }
	no_shadow
}

// nucleotide -1

// particle -1
sphere {
	<46.338978, 53.734703, 53.254784> 0.250000
	pigment { color rgbt <1,0,0,0> }
	no_shadow
}
cylinder {
	<46.331722, 54.131382, 53.305702>,  <46.327370, 54.369389, 53.336254>, 0.100000
	pigment { color rgbt <1,0,0,0> }
	no_shadow
}
cylinder {
	<46.331722, 54.131382, 53.305702>,  <46.338978, 53.734703, 53.254784>, 0.100000
	pigment { color rgbt <1,0,0,0> }
	no_shadow
}

// particle -1
sphere {
	<46.331722, 54.131382, 53.305702> 0.100000
	pigment { color rgbt <1,0,0,0> }
	no_shadow
}
sphere {
	0, 1
	scale<0.080000,0.200000,0.300000>
	matrix <0.970415, -0.013192, 0.241083,
		0.240761, 0.127906, -0.962120,
		-0.018143, 0.991699, 0.127298,
		46.326279, 54.428890, 53.343891>
	pigment { color rgbt <0,1,1,0> }
	no_shadow
}
cylinder {
	<46.801128, 54.096558, 52.752884>,  <46.338978, 53.734703, 53.254784>, 0.130000
	pigment { color rgbt <1,0,0,0> }
	no_shadow
}

// nucleotide -1

// particle -1
sphere {
	<46.801128, 54.096558, 52.752884> 0.250000
	pigment { color rgbt <1,0,0,0> }
	no_shadow
}
cylinder {
	<46.792141, 54.318466, 53.085564>,  <46.786747, 54.451611, 53.285172>, 0.100000
	pigment { color rgbt <1,0,0,0> }
	no_shadow
}
cylinder {
	<46.792141, 54.318466, 53.085564>,  <46.801128, 54.096558, 52.752884>, 0.100000
	pigment { color rgbt <1,0,0,0> }
	no_shadow
}

// particle -1
sphere {
	<46.792141, 54.318466, 53.085564> 0.100000
	pigment { color rgbt <1,0,0,0> }
	no_shadow
}
sphere {
	0, 1
	scale<0.080000,0.200000,0.300000>
	matrix <0.999584, -0.002569, 0.028721,
		0.018070, 0.831997, -0.554485,
		-0.022472, 0.554774, 0.831698,
		46.785400, 54.484898, 53.335072>
	pigment { color rgbt <0,1,1,0> }
	no_shadow
}
cylinder {
	<47.200542, 54.657139, 52.699406>,  <46.801128, 54.096558, 52.752884>, 0.130000
	pigment { color rgbt <1,0,0,0> }
	no_shadow
}

// nucleotide -1

// particle -1
sphere {
	<47.200542, 54.657139, 52.699406> 0.250000
	pigment { color rgbt <1,0,0,0> }
	no_shadow
}
cylinder {
	<47.199352, 54.553940, 53.085861>,  <47.198639, 54.492020, 53.317734>, 0.100000
	pigment { color rgbt <1,0,0,0> }
	no_shadow
}
cylinder {
	<47.199352, 54.553940, 53.085861>,  <47.200542, 54.657139, 52.699406>, 0.100000
	pigment { color rgbt <1,0,0,0> }
	no_shadow
}

// particle -1
sphere {
	<47.199352, 54.553940, 53.085861> 0.100000
	pigment { color rgbt <1,0,0,0> }
	no_shadow
}
sphere {
	0, 1
	scale<0.080000,0.200000,0.300000>
	matrix <0.995145, -0.095812, -0.022524,
		0.098379, 0.961383, 0.257028,
		-0.002972, -0.257996, 0.966141,
		47.198460, 54.476540, 53.375702>
	pigment { color rgbt <0,1,1,0> }
	no_shadow
}
cylinder {
	<47.657200, 55.171379, 53.112862>,  <47.200542, 54.657139, 52.699406>, 0.130000
	pigment { color rgbt <1,0,0,0> }
	no_shadow
}

// nucleotide -1

// particle -1
sphere {
	<47.657200, 55.171379, 53.112862> 0.250000
	pigment { color rgbt <1,0,0,0> }
	no_shadow
}
cylinder {
	<47.644360, 54.791756, 53.238251>,  <47.636658, 54.563984, 53.313484>, 0.100000
	pigment { color rgbt <1,0,0,0> }
	no_shadow
}
cylinder {
	<47.644360, 54.791756, 53.238251>,  <47.657200, 55.171379, 53.112862>, 0.100000
	pigment { color rgbt <1,0,0,0> }
	no_shadow
}

// particle -1
sphere {
	<47.644360, 54.791756, 53.238251> 0.100000
	pigment { color rgbt <1,0,0,0> }
	no_shadow
}
sphere {
	0, 1
	scale<0.080000,0.200000,0.300000>
	matrix <0.993225, -0.065334, -0.096104,
		0.111688, 0.308264, 0.944722,
		-0.032097, -0.949054, 0.313473,
		47.634731, 54.507038, 53.332294>
	pigment { color rgbt <0,1,1,0> }
	no_shadow
}
cylinder {
	<48.081238, 54.948685, 53.759476>,  <47.657200, 55.171379, 53.112862>, 0.130000
	pigment { color rgbt <1,0,0,0> }
	no_shadow
}

// nucleotide -1

// particle -1
sphere {
	<48.081238, 54.948685, 53.759476> 0.250000
	pigment { color rgbt <1,0,0,0> }
	no_shadow
}
cylinder {
	<48.036106, 54.654709, 53.492004>,  <48.009026, 54.478321, 53.331520>, 0.100000
	pigment { color rgbt <1,0,0,0> }
	no_shadow
}
cylinder {
	<48.036106, 54.654709, 53.492004>,  <48.081238, 54.948685, 53.759476>, 0.100000
	pigment { color rgbt <1,0,0,0> }
	no_shadow
}

// particle -1
sphere {
	<48.036106, 54.654709, 53.492004> 0.100000
	pigment { color rgbt <1,0,0,0> }
	no_shadow
}
sphere {
	0, 1
	scale<0.080000,0.200000,0.300000>
	matrix <0.993605, -0.080501, -0.079184,
		0.004366, -0.673335, 0.739324,
		-0.112834, -0.734942, -0.668678,
		48.002254, 54.434227, 53.291401>
	pigment { color rgbt <0,1,1,0> }
	no_shadow
}
cylinder {
	<48.442207, 54.421291, 54.013103>,  <48.081238, 54.948685, 53.759476>, 0.130000
	pigment { color rgbt <1,0,0,0> }
	no_shadow
}

// nucleotide -1

// particle -1
sphere {
	<48.442207, 54.421291, 54.013103> 0.250000
	pigment { color rgbt <1,0,0,0> }
	no_shadow
}
cylinder {
	<48.443493, 54.349709, 53.619564>,  <48.444263, 54.306759, 53.383438>, 0.100000
	pigment { color rgbt <1,0,0,0> }
	no_shadow
}
cylinder {
	<48.443493, 54.349709, 53.619564>,  <48.442207, 54.421291, 54.013103>, 0.100000
	pigment { color rgbt <1,0,0,0> }
	no_shadow
}

// particle -1
sphere {
	<48.443493, 54.349709, 53.619564> 0.100000
	pigment { color rgbt <1,0,0,0> }
	no_shadow
}
sphere {
	0, 1
	scale<0.080000,0.200000,0.300000>
	matrix <0.988897, -0.145602, 0.029717,
		-0.148569, -0.973023, 0.176503,
		0.003216, -0.178958, -0.983851,
		48.444458, 54.296021, 53.324409>
	pigment { color rgbt <0,1,1,0> }
	no_shadow
}
cylinder {
	<48.933300, 54.683544, 54.494091>,  <48.442207, 54.421291, 54.013103>, 0.130000
	pigment { color rgbt <1,0,0,0> }
	no_shadow
}

// nucleotide -1

// particle -1
sphere {
	<48.933300, 54.683544, 54.494091> 0.250000
	pigment { color rgbt <1,0,0,0> }
	no_shadow
}
cylinder {
	<49.268539, 54.726051, 54.708115>,  <49.469685, 54.751556, 54.836529>, 0.100000
	pigment { color rgbt <1,0,0,0> }
	no_shadow
}
cylinder {
	<49.268539, 54.726051, 54.708115>,  <48.933300, 54.683544, 54.494091>, 0.100000
	pigment { color rgbt <1,0,0,0> }
	no_shadow
}

// particle -1
sphere {
	<49.268539, 54.726051, 54.708115> 0.100000
	pigment { color rgbt <1,0,0,0> }
	no_shadow
}
sphere {
	0, 1
	scale<0.080000,0.200000,0.300000>
	matrix <0.260451, -0.939781, -0.221309,
		0.479323, 0.324837, -0.815310,
		0.838102, 0.106269, 0.535062,
		49.519970, 54.757931, 54.868633>
	pigment { color rgbt <0,1,1,0> }
	no_shadow
}
cylinder {
	<49.145027, 54.688816, 55.196732>,  <48.933300, 54.683544, 54.494091>, 0.130000
	pigment { color rgbt <1,0,0,0> }
	no_shadow
}

// nucleotide -1

// particle -1
sphere {
	<49.145027, 54.688816, 55.196732> 0.250000
	pigment { color rgbt <1,0,0,0> }
	no_shadow
}
cylinder {
	<49.155380, 54.856422, 55.559776>,  <49.161594, 54.956985, 55.777603>, 0.100000
	pigment { color rgbt <1,0,0,0> }
	no_shadow
}
cylinder {
	<49.155380, 54.856422, 55.559776>,  <49.145027, 54.688816, 55.196732>, 0.100000
	pigment { color rgbt <1,0,0,0> }
	no_shadow
}

// particle -1
sphere {
	<49.155380, 54.856422, 55.559776> 0.100000
	pigment { color rgbt <1,0,0,0> }
	no_shadow
}
sphere {
	0, 1
	scale<0.080000,0.200000,0.300000>
	matrix <0.832182, 0.494028, -0.251813,
		-0.553899, 0.761815, -0.335908,
		0.025887, 0.419015, 0.907610,
		49.163147, 54.982128, 55.832058>
	pigment { color rgbt <0,1,1,0> }
	no_shadow
}
cylinder {
	<49.024853, 55.462528, 55.156494>,  <49.145027, 54.688816, 55.196732>, 0.130000
	pigment { color rgbt <1,0,0,0> }
	no_shadow
}

// nucleotide -1

// particle -1
sphere {
	<49.024853, 55.462528, 55.156494> 0.250000
	pigment { color rgbt <1,0,0,0> }
	no_shadow
}
cylinder {
	<49.267029, 55.289108, 55.423470>,  <49.412334, 55.185055, 55.583656>, 0.100000
	pigment { color rgbt <1,0,0,0> }
	no_shadow
}
cylinder {
	<49.267029, 55.289108, 55.423470>,  <49.024853, 55.462528, 55.156494>, 0.100000
	pigment { color rgbt <1,0,0,0> }
	no_shadow
}

// particle -1
sphere {
	<49.267029, 55.289108, 55.423470> 0.100000
	pigment { color rgbt <1,0,0,0> }
	no_shadow
}
sphere {
	0, 1
	scale<0.080000,0.200000,0.300000>
	matrix <0.779683, 0.491468, -0.388013,
		-0.159801, 0.755309, 0.635588,
		0.605441, -0.433552, 0.667438,
		49.448662, 55.159042, 55.623699>
	pigment { color rgbt <0,1,1,0> }
	no_shadow
}
cylinder {
	<49.311077, 55.943230, 55.601036>,  <49.024853, 55.462528, 55.156494>, 0.130000
	pigment { color rgbt <1,0,0,0> }
	no_shadow
}

// nucleotide -1

// particle -1
sphere {
	<49.311077, 55.943230, 55.601036> 0.250000
	pigment { color rgbt <1,0,0,0> }
	no_shadow
}
cylinder {
	<49.563217, 55.650330, 55.497910>,  <49.714500, 55.474590, 55.436035>, 0.100000
	pigment { color rgbt <1,0,0,0> }
	no_shadow
}
cylinder {
	<49.563217, 55.650330, 55.497910>,  <49.311077, 55.943230, 55.601036>, 0.100000
	pigment { color rgbt <1,0,0,0> }
	no_shadow
}

// particle -1
sphere {
	<49.563217, 55.650330, 55.497910> 0.100000
	pigment { color rgbt <1,0,0,0> }
	no_shadow
}
sphere {
	0, 1
	scale<0.080000,0.200000,0.300000>
	matrix <0.645540, 0.678879, -0.349860,
		0.431212, 0.054103, 0.900627,
		0.630346, -0.732254, -0.257815,
		49.752319, 55.430653, 55.420567>
	pigment { color rgbt <0,1,1,0> }
	no_shadow
}
cylinder {
	<49.976753, 55.953407, 56.028351>,  <49.311077, 55.943230, 55.601036>, 0.130000
	pigment { color rgbt <1,0,0,0> }
	no_shadow
}

// nucleotide -1

// particle -1
sphere {
	<49.976753, 55.953407, 56.028351> 0.250000
	pigment { color rgbt <1,0,0,0> }
	no_shadow
}
cylinder {
	<50.019703, 55.799831, 55.661514>,  <50.045471, 55.707687, 55.441410>, 0.100000
	pigment { color rgbt <1,0,0,0> }
	no_shadow
}
cylinder {
	<50.019703, 55.799831, 55.661514>,  <49.976753, 55.953407, 56.028351>, 0.100000
	pigment { color rgbt <1,0,0,0> }
	no_shadow
}

// particle -1
sphere {
	<50.019703, 55.799831, 55.661514> 0.100000
	pigment { color rgbt <1,0,0,0> }
	no_shadow
}
sphere {
	0, 1
	scale<0.080000,0.200000,0.300000>
	matrix <0.764271, 0.621851, -0.170855,
		0.635894, -0.682563, 0.360202,
		0.107373, -0.383938, -0.917095,
		50.051914, 55.684650, 55.386387>
	pigment { color rgbt <0,1,1,0> }
	no_shadow
}
cylinder {
	<50.671349, 56.001675, 56.014824>,  <49.976753, 55.953407, 56.028351>, 0.130000
	pigment { color rgbt <1,0,0,0> }
	no_shadow
}

// nucleotide -1

// particle -1
sphere {
	<50.671349, 56.001675, 56.014824> 0.250000
	pigment { color rgbt <1,0,0,0> }
	no_shadow
}
cylinder {
	<50.545544, 55.946308, 55.639183>,  <50.470058, 55.913086, 55.413799>, 0.100000
	pigment { color rgbt <1,0,0,0> }
	no_shadow
}
cylinder {
	<50.545544, 55.946308, 55.639183>,  <50.671349, 56.001675, 56.014824>, 0.100000
	pigment { color rgbt <1,0,0,0> }
	no_shadow
}

// particle -1
sphere {
	<50.545544, 55.946308, 55.639183> 0.100000
	pigment { color rgbt <1,0,0,0> }
	no_shadow
}
sphere {
	0, 1
	scale<0.080000,0.200000,0.300000>
	matrix <0.773283, 0.536430, -0.338047,
		0.550557, -0.832516, -0.061677,
		-0.314515, -0.138420, -0.939107,
		50.451187, 55.904781, 55.357452>
	pigment { color rgbt <0,1,1,0> }
	no_shadow
}
cylinder {
	<51.408051, 55.993904, 56.389400>,  <50.671349, 56.001675, 56.014824>, 0.130000
	pigment { color rgbt <1,0,0,0> }
	no_shadow
}

// nucleotide -1

// particle -1
sphere {
	<51.408051, 55.993904, 56.389400> 0.250000
	pigment { color rgbt <1,0,0,0> }
	no_shadow
}
cylinder {
	<51.781246, 55.863159, 56.449661>,  <52.005161, 55.784710, 56.485817>, 0.100000
	pigment { color rgbt <1,0,0,0> }
	no_shadow
}
cylinder {
	<51.781246, 55.863159, 56.449661>,  <51.408051, 55.993904, 56.389400>, 0.100000
	pigment { color rgbt <1,0,0,0> }
	no_shadow
}

// particle -1
sphere {
	<51.781246, 55.863159, 56.449661> 0.100000
	pigment { color rgbt <1,0,0,0> }
	no_shadow
}
sphere {
	0, 1
	scale<0.080000,0.200000,0.300000>
	matrix <-0.075280, 0.232092, 0.969776,
		-0.351953, -0.916129, 0.191932,
		0.932986, -0.326867, 0.150651,
		52.061142, 55.765099, 56.494858>
	pigment { color rgbt <0,1,1,0> }
	no_shadow
}
cylinder {
	<51.447517, 55.445217, 56.729607>,  <51.408051, 55.993904, 56.389400>, 0.130000
	pigment { color rgbt <1,0,0,0> }
	no_shadow
}

// nucleotide -1

// particle -1
sphere {
	<51.447517, 55.445217, 56.729607> 0.250000
	pigment { color rgbt <1,0,0,0> }
	no_shadow
}
cylinder {
	<51.778870, 55.658676, 56.797722>,  <51.977680, 55.786751, 56.838593>, 0.100000
	pigment { color rgbt <1,0,0,0> }
	no_shadow
}
cylinder {
	<51.778870, 55.658676, 56.797722>,  <51.447517, 55.445217, 56.729607>, 0.100000
	pigment { color rgbt <1,0,0,0> }
	no_shadow
}

// particle -1
sphere {
	<51.778870, 55.658676, 56.797722> 0.100000
	pigment { color rgbt <1,0,0,0> }
	no_shadow
}
sphere {
	0, 1
	scale<0.080000,0.200000,0.300000>
	matrix <-0.254572, 0.087862, 0.963054,
		0.498974, -0.841128, 0.208636,
		0.828383, 0.533651, 0.170287,
		52.027386, 55.818771, 56.848808>
	pigment { color rgbt <0,1,1,0> }
	no_shadow
}
cylinder {
	<51.795170, 55.185989, 57.295586>,  <51.447517, 55.445217, 56.729607>, 0.130000
	pigment { color rgbt <1,0,0,0> }
	no_shadow
}

// nucleotide -1

// particle -1
sphere {
	<51.795170, 55.185989, 57.295586> 0.250000
	pigment { color rgbt <1,0,0,0> }
	no_shadow
}
cylinder {
	<51.853294, 55.581383, 57.278717>,  <51.888168, 55.818619, 57.268597>, 0.100000
	pigment { color rgbt <1,0,0,0> }
	no_shadow
}
cylinder {
	<51.853294, 55.581383, 57.278717>,  <51.795170, 55.185989, 57.295586>, 0.100000
	pigment { color rgbt <1,0,0,0> }
	no_shadow
}

// particle -1
sphere {
	<51.853294, 55.581383, 57.278717> 0.100000
	pigment { color rgbt <1,0,0,0> }
	no_shadow
}
sphere {
	0, 1
	scale<0.080000,0.200000,0.300000>
	matrix <-0.372150, 0.094102, 0.923390,
		0.916727, -0.118490, 0.381540,
		0.145316, 0.988486, -0.042170,
		51.896889, 55.877930, 57.266068>
	pigment { color rgbt <0,1,1,0> }
	no_shadow
}
cylinder {
	<52.279106, 55.456104, 57.839184>,  <51.795170, 55.185989, 57.295586>, 0.130000
	pigment { color rgbt <1,0,0,0> }
	no_shadow
}

// nucleotide -1

// particle -1
sphere {
	<52.279106, 55.456104, 57.839184> 0.250000
	pigment { color rgbt <1,0,0,0> }
	no_shadow
}
cylinder {
	<52.012596, 55.731277, 57.724068>,  <51.852688, 55.896381, 57.654999>, 0.100000
	pigment { color rgbt <1,0,0,0> }
	no_shadow
}
cylinder {
	<52.012596, 55.731277, 57.724068>,  <52.279106, 55.456104, 57.839184>, 0.100000
	pigment { color rgbt <1,0,0,0> }
	no_shadow
}

// particle -1
sphere {
	<52.012596, 55.731277, 57.724068> 0.100000
	pigment { color rgbt <1,0,0,0> }
	no_shadow
}
sphere {
	0, 1
	scale<0.080000,0.200000,0.300000>
	matrix <-0.227226, 0.180283, 0.957009,
		0.710239, 0.703029, 0.036197,
		-0.666280, 0.687930, -0.287790,
		51.812714, 55.937656, 57.637730>
	pigment { color rgbt <0,1,1,0> }
	no_shadow
}
cylinder {
	<52.449532, 56.150539, 58.170570>,  <52.279106, 55.456104, 57.839184>, 0.130000
	pigment { color rgbt <1,0,0,0> }
	no_shadow
}

// nucleotide -1

// particle -1
sphere {
	<52.449532, 56.150539, 58.170570> 0.250000
	pigment { color rgbt <1,0,0,0> }
	no_shadow
}
cylinder {
	<52.061714, 56.067581, 58.118454>,  <51.829025, 56.017807, 58.087185>, 0.100000
	pigment { color rgbt <1,0,0,0> }
	no_shadow
}
cylinder {
	<52.061714, 56.067581, 58.118454>,  <52.449532, 56.150539, 58.170570>, 0.100000
	pigment { color rgbt <1,0,0,0> }
	no_shadow
}

// particle -1
sphere {
	<52.061714, 56.067581, 58.118454> 0.100000
	pigment { color rgbt <1,0,0,0> }
	no_shadow
}
sphere {
	0, 1
	scale<0.080000,0.200000,0.300000>
	matrix <-0.175945, 0.219688, 0.959573,
		-0.170387, 0.953270, -0.249486,
		-0.969542, -0.207395, -0.130291,
		51.770851, 56.005363, 58.079365>
	pigment { color rgbt <0,1,1,0> }
	no_shadow
}
cylinder {
	<52.829342, 56.785488, 58.502369>,  <52.449532, 56.150539, 58.170570>, 0.130000
	pigment { color rgbt <1,0,0,0> }
	no_shadow
}

// nucleotide -1

// particle -1
sphere {
	<52.829342, 56.785488, 58.502369> 0.250000
	pigment { color rgbt <1,0,0,0> }
	no_shadow
}
cylinder {
	<52.654079, 57.110016, 58.347565>,  <52.548923, 57.304733, 58.254684>, 0.100000
	pigment { color rgbt <1,0,0,0> }
	no_shadow
}
cylinder {
	<52.654079, 57.110016, 58.347565>,  <52.829342, 56.785488, 58.502369>, 0.100000
	pigment { color rgbt <1,0,0,0> }
	no_shadow
}

// particle -1
sphere {
	<52.654079, 57.110016, 58.347565> 0.100000
	pigment { color rgbt <1,0,0,0> }
	no_shadow
}
sphere {
	0, 1
	scale<0.080000,0.200000,0.300000>
	matrix <0.859825, 0.252720, -0.443659,
		-0.262147, -0.527149, -0.808327,
