// switches for output
#declare DRAW_BASES = 1; // possible values are 0, 1; only relevant for DNA ribbons
#declare DRAW_BASES_TYPE = 3; // possible values are 1, 2, 3; only relevant for DNA ribbons
#declare DRAW_FOG = 0; // set to 1 to enable fog

#include "colors.inc"

#include "transforms.inc"
background { rgb <1, 1, 1>}

#default {
   normal{
       ripples 0.25
       frequency 0.20
       turbulence 0.2
       lambda 5
   }
	finish {
		phong 0.1
		phong_size 40.
	}
}

// original window dimensions: 1024x640


// camera settings

camera {
	sky <-0, 1, 0>
	up <-0, 1, 0>
	right 1.6 * <0.99995, 0, 0.00999983>
	location <54.4867, 55, 106.329>
	look_at <55, 55, 55.0001>
	direction <0.513302, 0, -51.3289>
	angle 67.0682
}


# declare cpy_camera_pos = <54.4867, 55, 106.329>;
# if (DRAW_FOG = 1)
fog {
	fog_type 2
	up vnormalize(cpy_camera_pos)
	color rgbt<1,1,1,0.3>
	distance 1e-5
	fog_alt 3e-3
	fog_offset 88
}
# end


// LIGHTS

# declare lum = 6;
global_settings {
	ambient_light rgb lum * <0.05, 0.05, 0.05>
	max_trace_level 15
}# declare cpy_direct_light_amount = 0.25;
light_source
{	1000 * <-0.98995, -1, 1.00995>,
	rgb lum * cpy_direct_light_amount
	parallel
}

light_source
{	1000 * <0.98995, 1, -1.00995>,
	rgb lum * cpy_direct_light_amount
	parallel
}

// strand 0

// nucleotide -1

// particle -1
sphere {
	<36.569126, 53.311405, 50.059986> 0.250000
	pigment { color rgbt <1,0,0,0> }
	no_shadow
}
cylinder {
	<36.361576, 53.548965, 49.814041>,  <36.237045, 53.691502, 49.666473>, 0.100000
	pigment { color rgbt <1,0,0,0> }
	no_shadow
}
cylinder {
	<36.361576, 53.548965, 49.814041>,  <36.569126, 53.311405, 50.059986>, 0.100000
	pigment { color rgbt <1,0,0,0> }
	no_shadow
}

// particle -1
sphere {
	<36.361576, 53.548965, 49.814041> 0.100000
	pigment { color rgbt <1,0,0,0> }
	no_shadow
}
sphere {
	0, 1
	scale<0.080000,0.200000,0.300000>
	matrix <0.851374, 0.423839, -0.309068,
		0.077045, -0.683842, -0.725551,
		-0.518871, 0.593903, -0.614859,
		36.205914, 53.727135, 49.629581>
	pigment { color rgbt <0,1,1,0> }
	no_shadow
}
cylinder {
	<36.876522, 53.100651, 49.412327>,  <36.569126, 53.311405, 50.059986>, 0.130000
	pigment { color rgbt <1,0,0,0> }
	no_shadow
}

// nucleotide -1

// particle -1
sphere {
	<36.876522, 53.100651, 49.412327> 0.250000
	pigment { color rgbt <1,0,0,0> }
	no_shadow
}
cylinder {
	<36.724529, 53.459564, 49.502213>,  <36.633331, 53.674911, 49.556145>, 0.100000
	pigment { color rgbt <1,0,0,0> }
	no_shadow
}
cylinder {
	<36.724529, 53.459564, 49.502213>,  <36.876522, 53.100651, 49.412327>, 0.100000
	pigment { color rgbt <1,0,0,0> }
	no_shadow
}

// particle -1
sphere {
	<36.724529, 53.459564, 49.502213> 0.100000
	pigment { color rgbt <1,0,0,0> }
	no_shadow
}
sphere {
	0, 1
	scale<0.080000,0.200000,0.300000>
	matrix <0.790176, 0.441174, -0.425425,
		-0.480866, 0.015911, -0.876650,
		-0.379986, 0.897280, 0.224718,
		36.610535, 53.728748, 49.569630>
	pigment { color rgbt <0,1,1,0> }
	no_shadow
}
cylinder {
	<36.827778, 53.569283, 48.794628>,  <36.876522, 53.100651, 49.412327>, 0.130000
	pigment { color rgbt <1,0,0,0> }
	no_shadow
}

// nucleotide -1

// particle -1
sphere {
	<36.827778, 53.569283, 48.794628> 0.250000
	pigment { color rgbt <1,0,0,0> }
	no_shadow
}
cylinder {
	<36.884762, 53.737835, 49.152878>,  <36.918953, 53.838966, 49.367828>, 0.100000
	pigment { color rgbt <1,0,0,0> }
	no_shadow
}
cylinder {
	<36.884762, 53.737835, 49.152878>,  <36.827778, 53.569283, 48.794628>, 0.100000
	pigment { color rgbt <1,0,0,0> }
	no_shadow
}

// particle -1
sphere {
	<36.884762, 53.737835, 49.152878> 0.100000
	pigment { color rgbt <1,0,0,0> }
	no_shadow
}
sphere {
	0, 1
	scale<0.080000,0.200000,0.300000>
	matrix <0.812052, 0.467602, -0.349170,
		-0.565930, 0.777036, -0.275569,
		0.142461, 0.421382, 0.895624,
		36.927502, 53.864250, 49.421566>
	pigment { color rgbt <0,1,1,0> }
	no_shadow
}
cylinder {
	<36.766479, 54.284855, 48.814999>,  <36.827778, 53.569283, 48.794628>, 0.130000
	pigment { color rgbt <1,0,0,0> }
	no_shadow
}

// nucleotide -1

// particle -1
sphere {
	<36.766479, 54.284855, 48.814999> 0.250000
	pigment { color rgbt <1,0,0,0> }
	no_shadow
}
cylinder {
	<37.046856, 54.151489, 49.067192>,  <37.215084, 54.071472, 49.218510>, 0.100000
	pigment { color rgbt <1,0,0,0> }
	no_shadow
}
cylinder {
	<37.046856, 54.151489, 49.067192>,  <36.766479, 54.284855, 48.814999>, 0.100000
	pigment { color rgbt <1,0,0,0> }
	no_shadow
}

// particle -1
sphere {
	<37.046856, 54.151489, 49.067192> 0.100000
	pigment { color rgbt <1,0,0,0> }
	no_shadow
}
sphere {
	0, 1
	scale<0.080000,0.200000,0.300000>
	matrix <0.701285, 0.483209, -0.524126,
		-0.129907, 0.809535, 0.572519,
		0.700944, -0.333411, 0.630487,
		37.257141, 54.051464, 49.256340>
	pigment { color rgbt <0,1,1,0> }
	no_shadow
}
cylinder {
	<37.104820, 54.863068, 49.201313>,  <36.766479, 54.284855, 48.814999>, 0.130000
	pigment { color rgbt <1,0,0,0> }
	no_shadow
}

// nucleotide -1

// particle -1
sphere {
	<37.104820, 54.863068, 49.201313> 0.250000
	pigment { color rgbt <1,0,0,0> }
	no_shadow
}
cylinder {
	<37.320065, 54.541496, 49.100014>,  <37.449211, 54.348553, 49.039234>, 0.100000
	pigment { color rgbt <1,0,0,0> }
	no_shadow
}
cylinder {
	<37.320065, 54.541496, 49.100014>,  <37.104820, 54.863068, 49.201313>, 0.100000
	pigment { color rgbt <1,0,0,0> }
	no_shadow
}

// particle -1
sphere {
	<37.320065, 54.541496, 49.100014> 0.100000
	pigment { color rgbt <1,0,0,0> }
	no_shadow
}
sphere {
	0, 1
	scale<0.080000,0.200000,0.300000>
	matrix <0.655757, 0.588077, -0.473444,
		0.529543, 0.088699, 0.843633,
		0.538115, -0.803927, -0.253247,
		37.481499, 54.300320, 49.024040>
	pigment { color rgbt <0,1,1,0> }
	no_shadow
}
cylinder {
	<37.738430, 55.083733, 49.124283>,  <37.104820, 54.863068, 49.201313>, 0.130000
	pigment { color rgbt <1,0,0,0> }
	no_shadow
}

// nucleotide -1

// particle -1
sphere {
	<37.738430, 55.083733, 49.124283> 0.250000
	pigment { color rgbt <1,0,0,0> }
	no_shadow
}
cylinder {
	<37.795013, 54.713615, 48.983528>,  <37.828964, 54.491547, 48.899075>, 0.100000
	pigment { color rgbt <1,0,0,0> }
	no_shadow
}
cylinder {
	<37.795013, 54.713615, 48.983528>,  <37.738430, 55.083733, 49.124283>, 0.100000
	pigment { color rgbt <1,0,0,0> }
	no_shadow
}

// particle -1
sphere {
	<37.795013, 54.713615, 48.983528> 0.100000
	pigment { color rgbt <1,0,0,0> }
	no_shadow
}
sphere {
	0, 1
	scale<0.080000,0.200000,0.300000>
	matrix <0.726367, 0.338523, -0.598159,
		0.672593, -0.170982, 0.719989,
		0.141458, -0.925293, -0.351884,
		37.837452, 54.436028, 48.877964>
	pigment { color rgbt <0,1,1,0> }
	no_shadow
}
cylinder {
	<38.413860, 55.498100, 48.951614>,  <37.738430, 55.083733, 49.124283>, 0.130000
	pigment { color rgbt <1,0,0,0> }
	no_shadow
}

// nucleotide -1

// particle -1
sphere {
	<38.413860, 55.498100, 48.951614> 0.250000
	pigment { color rgbt <1,0,0,0> }
	no_shadow
}
cylinder {
	<38.805264, 55.524826, 49.029648>,  <39.040104, 55.540863, 49.076469>, 0.100000
	pigment { color rgbt <1,0,0,0> }
	no_shadow
}
cylinder {
	<38.805264, 55.524826, 49.029648>,  <38.413860, 55.498100, 48.951614>, 0.100000
	pigment { color rgbt <1,0,0,0> }
	no_shadow
}

// particle -1
sphere {
	<38.805264, 55.524826, 49.029648> 0.100000
	pigment { color rgbt <1,0,0,0> }
	no_shadow
}
sphere {
	0, 1
	scale<0.080000,0.200000,0.300000>
	matrix <-0.204851, 0.206433, 0.956777,
		0.023655, -0.976177, 0.215684,
		0.978507, 0.066815, 0.195088,
		39.098816, 55.544872, 49.088173>
	pigment { color rgbt <0,1,1,0> }
	no_shadow
}
cylinder {
	<38.802254, 55.061092, 49.324310>,  <38.413860, 55.498100, 48.951614>, 0.130000
	pigment { color rgbt <1,0,0,0> }
	no_shadow
}

// nucleotide -1

// particle -1
sphere {
	<38.802254, 55.061092, 49.324310> 0.250000
	pigment { color rgbt <1,0,0,0> }
	no_shadow
}
cylinder {
	<38.928688, 55.434090, 49.394226>,  <39.004551, 55.657887, 49.436176>, 0.100000
	pigment { color rgbt <1,0,0,0> }
	no_shadow
}
cylinder {
	<38.928688, 55.434090, 49.394226>,  <38.802254, 55.061092, 49.324310>, 0.100000
	pigment { color rgbt <1,0,0,0> }
	no_shadow
}

// particle -1
sphere {
	<38.928688, 55.434090, 49.394226> 0.100000
	pigment { color rgbt <1,0,0,0> }
	no_shadow
}
sphere {
	0, 1
	scale<0.080000,0.200000,0.300000>
	matrix <-0.352591, -0.055578, 0.934126,
		0.880776, -0.356897, 0.311220,
		0.316090, 0.932489, 0.174790,
		39.023514, 55.713837, 49.446663>
	pigment { color rgbt <0,1,1,0> }
	no_shadow
}
cylinder {
	<38.989819, 55.120365, 50.072124>,  <38.802254, 55.061092, 49.324310>, 0.130000
	pigment { color rgbt <1,0,0,0> }
	no_shadow
}

// nucleotide -1

// particle -1
sphere {
	<38.989819, 55.120365, 50.072124> 0.250000
	pigment { color rgbt <1,0,0,0> }
	no_shadow
}
cylinder {
	<38.866684, 55.467327, 49.915741>,  <38.792801, 55.675503, 49.821911>, 0.100000
	pigment { color rgbt <1,0,0,0> }
	no_shadow
}
cylinder {
	<38.866684, 55.467327, 49.915741>,  <38.989819, 55.120365, 50.072124>, 0.100000
	pigment { color rgbt <1,0,0,0> }
	no_shadow
}

// particle -1
sphere {
	<38.866684, 55.467327, 49.915741> 0.100000
	pigment { color rgbt <1,0,0,0> }
	no_shadow
}
sphere {
	0, 1
	scale<0.080000,0.200000,0.300000>
	matrix <-0.592251, 0.146898, 0.792250,
		0.744631, 0.475431, 0.468499,
		-0.307839, 0.867402, -0.390958,
		38.774334, 55.727547, 49.798454>
	pigment { color rgbt <0,1,1,0> }
	no_shadow
}
cylinder {
	<39.062283, 55.648258, 50.579906>,  <38.989819, 55.120365, 50.072124>, 0.130000
	pigment { color rgbt <1,0,0,0> }
	no_shadow
}

// nucleotide -1

// particle -1
sphere {
	<39.062283, 55.648258, 50.579906> 0.250000
	pigment { color rgbt <1,0,0,0> }
	no_shadow
}
cylinder {
	<38.774323, 55.745392, 50.319820>,  <38.601547, 55.803673, 50.163769>, 0.100000
	pigment { color rgbt <1,0,0,0> }
	no_shadow
}
cylinder {
	<38.774323, 55.745392, 50.319820>,  <39.062283, 55.648258, 50.579906>, 0.100000
	pigment { color rgbt <1,0,0,0> }
	no_shadow
}

// particle -1
sphere {
	<38.774323, 55.745392, 50.319820> 0.100000
	pigment { color rgbt <1,0,0,0> }
	no_shadow
}
sphere {
	0, 1
	scale<0.080000,0.200000,0.300000>
	matrix <-0.643918, 0.116001, 0.756250,
		0.259069, 0.963107, 0.072857,
		-0.719898, 0.242835, -0.650214,
		38.558353, 55.818241, 50.124756>
	pigment { color rgbt <0,1,1,0> }
	no_shadow
}
cylinder {
	<38.933296, 54.905529, 50.971401>,  <39.062283, 55.648258, 50.579906>, 0.130000
	pigment { color rgbt <1,0,0,0> }
	no_shadow
}

// nucleotide -1

// particle -1
sphere {
	<38.933296, 54.905529, 50.971401> 0.250000
	pigment { color rgbt <1,0,0,0> }
	no_shadow
}
cylinder {
	<38.840881, 54.886578, 51.360119>,  <38.785431, 54.875206, 51.593349>, 0.100000
	pigment { color rgbt <1,0,0,0> }
	no_shadow
}
cylinder {
	<38.840881, 54.886578, 51.360119>,  <38.933296, 54.905529, 50.971401>, 0.100000
	pigment { color rgbt <1,0,0,0> }
	no_shadow
}

// particle -1
sphere {
	<38.840881, 54.886578, 51.360119> 0.100000
	pigment { color rgbt <1,0,0,0> }
	no_shadow
}
sphere {
	0, 1
	scale<0.080000,0.200000,0.300000>
	matrix <0.958192, 0.162195, 0.235715,
		-0.168786, 0.985621, 0.007920,
		-0.231041, -0.047374, 0.971790,
		38.771568, 54.872364, 51.651657>
	pigment { color rgbt <0,1,1,0> }
	no_shadow
}
cylinder {
	<39.524391, 55.078384, 51.264790>,  <38.933296, 54.905529, 50.971401>, 0.130000
	pigment { color rgbt <1,0,0,0> }
	no_shadow
}

// nucleotide -1

// particle -1
sphere {
	<39.524391, 55.078384, 51.264790> 0.250000
	pigment { color rgbt <1,0,0,0> }
	no_shadow
}
cylinder {
	<39.334251, 55.035416, 51.614075>,  <39.220169, 55.009632, 51.823647>, 0.100000
	pigment { color rgbt <1,0,0,0> }
	no_shadow
}
cylinder {
	<39.334251, 55.035416, 51.614075>,  <39.524391, 55.078384, 51.264790>, 0.100000
	pigment { color rgbt <1,0,0,0> }
	no_shadow
}

// particle -1
sphere {
	<39.334251, 55.035416, 51.614075> 0.100000
	pigment { color rgbt <1,0,0,0> }
	no_shadow
}
sphere {
	0, 1
	scale<0.080000,0.200000,0.300000>
	matrix <0.764572, 0.440616, 0.470411,
		-0.435287, 0.891245, -0.127312,
		-0.475347, -0.107424, 0.873216,
		39.191647, 55.003189, 51.876038>
	pigment { color rgbt <0,1,1,0> }
	no_shadow
}
cylinder {
	<39.648224, 55.731667, 51.783024>,  <39.524391, 55.078384, 51.264790>, 0.130000
	pigment { color rgbt <1,0,0,0> }
	no_shadow
}

// nucleotide -1

// particle -1
sphere {
	<39.648224, 55.731667, 51.783024> 0.250000
	pigment { color rgbt <1,0,0,0> }
	no_shadow
}
cylinder {
	<39.526878, 55.417206, 51.998405>,  <39.454071, 55.228527, 52.127636>, 0.100000
	pigment { color rgbt <1,0,0,0> }
	no_shadow
}
cylinder {
	<39.526878, 55.417206, 51.998405>,  <39.648224, 55.731667, 51.783024>, 0.100000
	pigment { color rgbt <1,0,0,0> }
	no_shadow
}

// particle -1
sphere {
	<39.526878, 55.417206, 51.998405> 0.100000
	pigment { color rgbt <1,0,0,0> }
	no_shadow
}
sphere {
	0, 1
	scale<0.080000,0.200000,0.300000>
	matrix <0.589690, 0.288987, 0.754157,
		-0.748490, 0.546304, 0.375919,
		-0.303362, -0.786154, 0.538454,
		39.435871, 55.181358, 52.159943>
	pigment { color rgbt <0,1,1,0> }
	no_shadow
}
cylinder {
	<39.448990, 55.988476, 52.505692>,  <39.648224, 55.731667, 51.783024>, 0.130000
	pigment { color rgbt <1,0,0,0> }
	no_shadow
}

// nucleotide -1

// particle -1
sphere {
	<39.448990, 55.988476, 52.505692> 0.250000
	pigment { color rgbt <1,0,0,0> }
	no_shadow
}
cylinder {
	<39.568878, 55.608643, 52.468891>,  <39.640812, 55.380745, 52.446812>, 0.100000
	pigment { color rgbt <1,0,0,0> }
	no_shadow
}
cylinder {
	<39.568878, 55.608643, 52.468891>,  <39.448990, 55.988476, 52.505692>, 0.100000
	pigment { color rgbt <1,0,0,0> }
	no_shadow
}

// particle -1
sphere {
	<39.568878, 55.608643, 52.468891> 0.100000
	pigment { color rgbt <1,0,0,0> }
	no_shadow
}
sphere {
	0, 1
	scale<0.080000,0.200000,0.300000>
	matrix <0.694100, 0.150887, 0.703888,
		-0.654517, -0.274825, 0.704329,
		0.299720, -0.949581, -0.091998,
		39.658794, 55.323769, 52.441292>
	pigment { color rgbt <0,1,1,0> }
	no_shadow
}
cylinder {
	<39.373810, 55.693245, 53.175922>,  <39.448990, 55.988476, 52.505692>, 0.130000
	pigment { color rgbt <1,0,0,0> }
	no_shadow
}

// nucleotide -1

// particle -1
sphere {
	<39.373810, 55.693245, 53.175922> 0.250000
	pigment { color rgbt <1,0,0,0> }
	no_shadow
}
cylinder {
	<39.658020, 55.453846, 53.027893>,  <39.828545, 55.310207, 52.939075>, 0.100000
	pigment { color rgbt <1,0,0,0> }
	no_shadow
}
cylinder {
	<39.658020, 55.453846, 53.027893>,  <39.373810, 55.693245, 53.175922>, 0.100000
	pigment { color rgbt <1,0,0,0> }
	no_shadow
}

// particle -1
sphere {
	<39.658020, 55.453846, 53.027893> 0.100000
	pigment { color rgbt <1,0,0,0> }
	no_shadow
}
sphere {
	0, 1
	scale<0.080000,0.200000,0.300000>
	matrix <0.674372, 0.428987, 0.600993,
		-0.200939, -0.676586, 0.708417,
		0.710526, -0.598499, -0.370070,
		39.871178, 55.274296, 52.916870>
	pigment { color rgbt <0,1,1,0> }
	no_shadow
}
cylinder {
	<39.908810, 55.503174, 53.725403>,  <39.373810, 55.693245, 53.175922>, 0.130000
	pigment { color rgbt <1,0,0,0> }
	no_shadow
}

// nucleotide -1

// particle -1
sphere {
	<39.908810, 55.503174, 53.725403> 0.250000
	pigment { color rgbt <1,0,0,0> }
	no_shadow
}
cylinder {
	<40.106010, 55.453850, 53.380905>,  <40.224331, 55.424255, 53.174206>, 0.100000
	pigment { color rgbt <1,0,0,0> }
	no_shadow
}
cylinder {
	<40.106010, 55.453850, 53.380905>,  <39.908810, 55.503174, 53.725403>, 0.100000
	pigment { color rgbt <1,0,0,0> }
	no_shadow
}

// particle -1
sphere {
	<40.106010, 55.453850, 53.380905> 0.100000
	pigment { color rgbt <1,0,0,0> }
	no_shadow
}
sphere {
	0, 1
	scale<0.080000,0.200000,0.300000>
	matrix <0.763085, 0.536780, 0.359957,
		0.417912, -0.834663, 0.358730,
		0.493002, -0.123311, -0.861246,
		40.253910, 55.416855, 53.122532>
	pigment { color rgbt <0,1,1,0> }
	no_shadow
}
cylinder {
	<40.538998, 55.777313, 53.961464>,  <39.908810, 55.503174, 53.725403>, 0.130000
	pigment { color rgbt <1,0,0,0> }
	no_shadow
}

// nucleotide -1

// particle -1
sphere {
	<40.538998, 55.777313, 53.961464> 0.250000
	pigment { color rgbt <1,0,0,0> }
	no_shadow
}
cylinder {
	<40.635666, 55.760651, 53.573677>,  <40.693665, 55.750652, 53.341007>, 0.100000
	pigment { color rgbt <1,0,0,0> }
	no_shadow
}
cylinder {
	<40.635666, 55.760651, 53.573677>,  <40.538998, 55.777313, 53.961464>, 0.100000
	pigment { color rgbt <1,0,0,0> }
	no_shadow
}

// particle -1
sphere {
	<40.635666, 55.760651, 53.573677> 0.100000
	pigment { color rgbt <1,0,0,0> }
	no_shadow
}
sphere {
	0, 1
	scale<0.080000,0.200000,0.300000>
	matrix <0.944760, 0.238071, 0.225281,
		0.221418, -0.970354, 0.096887,
		0.241668, -0.041654, -0.969464,
		40.708168, 55.748154, 53.282837>
	pigment { color rgbt <0,1,1,0> }
	no_shadow
}
cylinder {
	<40.935955, 55.122269, 53.639191>,  <40.538998, 55.777313, 53.961464>, 0.130000
	pigment { color rgbt <1,0,0,0> }
	no_shadow
}

// nucleotide -1

// particle -1
sphere {
	<40.935955, 55.122269, 53.639191> 0.250000
	pigment { color rgbt <1,0,0,0> }
	no_shadow
}
cylinder {
	<40.992531, 55.485359, 53.481190>,  <41.026478, 55.703213, 53.386387>, 0.100000
	pigment { color rgbt <1,0,0,0> }
	no_shadow
}
cylinder {
	<40.992531, 55.485359, 53.481190>,  <40.935955, 55.122269, 53.639191>, 0.100000
	pigment { color rgbt <1,0,0,0> }
	no_shadow
}

// particle -1
sphere {
	<40.992531, 55.485359, 53.481190> 0.100000
	pigment { color rgbt <1,0,0,0> }
	no_shadow
}
sphere {
	0, 1
	scale<0.080000,0.200000,0.300000>
	matrix <0.935048, 0.008531, 0.354418,
		0.325084, -0.419479, -0.847560,
		0.141441, 0.907725, -0.395006,
		41.034962, 55.757675, 53.362686>
	pigment { color rgbt <0,1,1,0> }
	no_shadow
}
cylinder {
	<41.524242, 54.661289, 53.737453>,  <40.935955, 55.122269, 53.639191>, 0.130000
	pigment { color rgbt <1,0,0,0> }
	no_shadow
}

// nucleotide -1

// particle -1
sphere {
	<41.524242, 54.661289, 53.737453> 0.250000
	pigment { color rgbt <1,0,0,0> }
	no_shadow
}
cylinder {
	<41.225349, 54.454727, 53.904770>,  <41.046013, 54.330791, 54.005161>, 0.100000
	pigment { color rgbt <1,0,0,0> }
	no_shadow
}
cylinder {
	<41.225349, 54.454727, 53.904770>,  <41.524242, 54.661289, 53.737453>, 0.100000
	pigment { color rgbt <1,0,0,0> }
	no_shadow
}

// particle -1
sphere {
	<41.225349, 54.454727, 53.904770> 0.100000
	pigment { color rgbt <1,0,0,0> }
	no_shadow
}
sphere {
	0, 1
	scale<0.080000,0.200000,0.300000>
	matrix <0.380130, 0.184164, 0.906413,
		-0.545110, 0.836308, 0.058687,
		-0.747233, -0.516403, 0.418295,
		41.001179, 54.299805, 54.030258>
	pigment { color rgbt <0,1,1,0> }
	no_shadow
}
cylinder {
	<41.728756, 54.666725, 54.361629>,  <41.524242, 54.661289, 53.737453>, 0.130000
	pigment { color rgbt <1,0,0,0> }
	no_shadow
}

// nucleotide -1

// particle -1
sphere {
	<41.728756, 54.666725, 54.361629> 0.250000
	pigment { color rgbt <1,0,0,0> }
	no_shadow
}
cylinder {
	<41.394226, 54.455399, 54.420204>,  <41.193508, 54.328602, 54.455349>, 0.100000
	pigment { color rgbt <1,0,0,0> }
	no_shadow
}
cylinder {
	<41.394226, 54.455399, 54.420204>,  <41.728756, 54.666725, 54.361629>, 0.100000
	pigment { color rgbt <1,0,0,0> }
	no_shadow
}

// particle -1
sphere {
	<41.394226, 54.455399, 54.420204> 0.100000
	pigment { color rgbt <1,0,0,0> }
	no_shadow
}
sphere {
	0, 1
	scale<0.080000,0.200000,0.300000>
	matrix <0.207728, -0.058179, 0.976455,
		-0.507354, 0.847054, 0.158402,
		-0.836326, -0.528313, 0.146440,
		41.143330, 54.296906, 54.464134>
	pigment { color rgbt <0,1,1,0> }
	no_shadow
}
cylinder {
	<42.445484, 54.675629, 54.611637>,  <41.728756, 54.666725, 54.361629>, 0.130000
	pigment { color rgbt <1,0,0,0> }
	no_shadow
}

// nucleotide -1

// particle -1
sphere {
	<42.445484, 54.675629, 54.611637> 0.250000
	pigment { color rgbt <1,0,0,0> }
	no_shadow
}
cylinder {
	<42.403820, 54.309044, 54.457108>,  <42.378822, 54.089092, 54.364388>, 0.100000
	pigment { color rgbt <1,0,0,0> }
	no_shadow
}
cylinder {
	<42.403820, 54.309044, 54.457108>,  <42.445484, 54.675629, 54.611637>, 0.100000
	pigment { color rgbt <1,0,0,0> }
	no_shadow
}

// particle -1
sphere {
	<42.403820, 54.309044, 54.457108> 0.100000
	pigment { color rgbt <1,0,0,0> }
	no_shadow
}
sphere {
	0, 1
	scale<0.080000,0.200000,0.300000>
	matrix <-0.315327, 0.398830, -0.861106,
		0.943250, 0.032130, -0.330526,
		-0.104156, -0.916462, -0.386328,
		42.372574, 54.034103, 54.341209>
	pigment { color rgbt <0,1,1,0> }
	no_shadow
}
cylinder {
	<42.868069, 54.443569, 53.951782>,  <42.445484, 54.675629, 54.611637>, 0.130000
	pigment { color rgbt <1,0,0,0> }
	no_shadow
}

// nucleotide -1

// particle -1
sphere {
	<42.868069, 54.443569, 53.951782> 0.250000
	pigment { color rgbt <1,0,0,0> }
	no_shadow
}
cylinder {
	<42.506870, 54.272614, 53.969372>,  <42.290150, 54.170040, 53.979923>, 0.100000
	pigment { color rgbt <1,0,0,0> }
	no_shadow
}
cylinder {
	<42.506870, 54.272614, 53.969372>,  <42.868069, 54.443569, 53.951782>, 0.100000
	pigment { color rgbt <1,0,0,0> }
	no_shadow
}

// particle -1
sphere {
	<42.506870, 54.272614, 53.969372> 0.100000
	pigment { color rgbt <1,0,0,0> }
	no_shadow
}
sphere {
	0, 1
	scale<0.080000,0.200000,0.300000>
	matrix <-0.268382, 0.481188, -0.834523,
		0.335507, -0.765374, -0.549215,
		-0.902999, -0.427388, 0.043971,
		42.235970, 54.144398, 53.982563>
	pigment { color rgbt <0,1,1,0> }
	no_shadow
}
cylinder {
	<43.490822, 54.989548, 53.893715>,  <42.868069, 54.443569, 53.951782>, 0.130000
	pigment { color rgbt <1,0,0,0> }
	no_shadow
}

// nucleotide -1

// particle -1
sphere {
	<43.490822, 54.989548, 53.893715> 0.250000
	pigment { color rgbt <1,0,0,0> }
	no_shadow
}
cylinder {
	<43.660950, 54.708202, 53.665897>,  <43.763027, 54.539394, 53.529209>, 0.100000
	pigment { color rgbt <1,0,0,0> }
	no_shadow
}
cylinder {
	<43.660950, 54.708202, 53.665897>,  <43.490822, 54.989548, 53.893715>, 0.100000
	pigment { color rgbt <1,0,0,0> }
	no_shadow
}

// particle -1
sphere {
	<43.660950, 54.708202, 53.665897> 0.100000
	pigment { color rgbt <1,0,0,0> }
	no_shadow
}
sphere {
	0, 1
	scale<0.080000,0.200000,0.300000>
	matrix <-0.454282, 0.378365, -0.806516,
		0.782771, 0.601760, -0.158601,
		0.425320, -0.703367, -0.569542,
		43.788548, 54.497192, 53.495033>
	pigment { color rgbt <0,1,1,0> }
	no_shadow
}
cylinder {
	<43.903564, 55.231060, 53.366390>,  <43.490822, 54.989548, 53.893715>, 0.130000
	pigment { color rgbt <1,0,0,0> }
	no_shadow
}

// nucleotide -1

// particle -1
sphere {
	<43.903564, 55.231060, 53.366390> 0.250000
	pigment { color rgbt <1,0,0,0> }
	no_shadow
}
cylinder {
	<43.771175, 54.875217, 53.240501>,  <43.691742, 54.661713, 53.164967>, 0.100000
	pigment { color rgbt <1,0,0,0> }
	no_shadow
}
cylinder {
	<43.771175, 54.875217, 53.240501>,  <43.903564, 55.231060, 53.366390>, 0.100000
	pigment { color rgbt <1,0,0,0> }
	no_shadow
}

// particle -1
sphere {
	<43.771175, 54.875217, 53.240501> 0.100000
	pigment { color rgbt <1,0,0,0> }
	no_shadow
}
sphere {
	0, 1
	scale<0.080000,0.200000,0.300000>
	matrix <-0.175354, 0.385695, -0.905809,
		0.927206, -0.244606, -0.283651,
		-0.330970, -0.889611, -0.314726,
		43.671883, 54.608334, 53.146084>
	pigment { color rgbt <0,1,1,0> }
	no_shadow
}
cylinder {
	<44.110889, 55.195641, 52.668987>,  <43.903564, 55.231060, 53.366390>, 0.130000
	pigment { color rgbt <1,0,0,0> }
	no_shadow
}

// nucleotide -1

// particle -1
sphere {
	<44.110889, 55.195641, 52.668987> 0.250000
	pigment { color rgbt <1,0,0,0> }
	no_shadow
}
cylinder {
	<43.813854, 54.933506, 52.724258>,  <43.635632, 54.776226, 52.757420>, 0.100000
	pigment { color rgbt <1,0,0,0> }
	no_shadow
}
cylinder {
	<43.813854, 54.933506, 52.724258>,  <44.110889, 55.195641, 52.668987>, 0.100000
	pigment { color rgbt <1,0,0,0> }
	no_shadow
}

// particle -1
sphere {
	<43.813854, 54.933506, 52.724258> 0.100000
	pigment { color rgbt <1,0,0,0> }
	no_shadow
}
sphere {
	0, 1
	scale<0.080000,0.200000,0.300000>
	matrix <-0.328818, 0.177000, -0.927658,
		0.583472, -0.734305, -0.346925,
		-0.742589, -0.655338, 0.138178,
		43.591076, 54.736904, 52.765713>
	pigment { color rgbt <0,1,1,0> }
	no_shadow
}
cylinder {
	<43.773872, 55.277164, 52.042248>,  <44.110889, 55.195641, 52.668987>, 0.130000
	pigment { color rgbt <1,0,0,0> }
	no_shadow
}

// nucleotide -1

// particle -1
sphere {
	<43.773872, 55.277164, 52.042248> 0.250000
	pigment { color rgbt <1,0,0,0> }
	no_shadow
}
cylinder {
	<43.566341, 54.973793, 52.200035>,  <43.441822, 54.791771, 52.294708>, 0.100000
	pigment { color rgbt <1,0,0,0> }
	no_shadow
}
cylinder {
	<43.566341, 54.973793, 52.200035>,  <43.773872, 55.277164, 52.042248>, 0.100000
	pigment { color rgbt <1,0,0,0> }
	no_shadow
}

// particle -1
sphere {
	<43.566341, 54.973793, 52.200035> 0.100000
	pigment { color rgbt <1,0,0,0> }
	no_shadow
}
sphere {
	0, 1
	scale<0.080000,0.200000,0.300000>
	matrix <-0.557518, -0.049617, -0.828681,
		0.648069, -0.649862, -0.397097,
		-0.518825, -0.758431, 0.394465,
		43.410694, 54.746265, 52.318375>
	pigment { color rgbt <0,1,1,0> }
	no_shadow
}
cylinder {
	<44.100807, 55.384926, 51.548149>,  <43.773872, 55.277164, 52.042248>, 0.130000
	pigment { color rgbt <1,0,0,0> }
	no_shadow
}

// nucleotide -1

// particle -1
sphere {
	<44.100807, 55.384926, 51.548149> 0.250000
	pigment { color rgbt <1,0,0,0> }
	no_shadow
}
cylinder {
	<44.193985, 55.665314, 51.817776>,  <44.249893, 55.833546, 51.979553>, 0.100000
	pigment { color rgbt <1,0,0,0> }
	no_shadow
}
cylinder {
	<44.193985, 55.665314, 51.817776>,  <44.100807, 55.384926, 51.548149>, 0.100000
	pigment { color rgbt <1,0,0,0> }
	no_shadow
}

// particle -1
sphere {
	<44.193985, 55.665314, 51.817776> 0.100000
	pigment { color rgbt <1,0,0,0> }
	no_shadow
}
sphere {
	0, 1
	scale<0.080000,0.200000,0.300000>
	matrix <0.322849, 0.598085, -0.733527,
		-0.917335, 0.388496, -0.086987,
		0.232947, 0.700974, 0.674070,
		44.263870, 55.875607, 52.019997>
	pigment { color rgbt <0,1,1,0> }
	no_shadow
}
cylinder {
	<43.766586, 56.052715, 51.333927>,  <44.100807, 55.384926, 51.548149>, 0.130000
	pigment { color rgbt <1,0,0,0> }
	no_shadow
}

// nucleotide -1

// particle -1
sphere {
	<43.766586, 56.052715, 51.333927> 0.250000
	pigment { color rgbt <1,0,0,0> }
	no_shadow
}
cylinder {
	<44.108036, 56.047455, 51.542217>,  <44.312904, 56.044300, 51.667191>, 0.100000
	pigment { color rgbt <1,0,0,0> }
	no_shadow
}
cylinder {
	<44.108036, 56.047455, 51.542217>,  <43.766586, 56.052715, 51.333927>, 0.100000
	pigment { color rgbt <1,0,0,0> }
	no_shadow
}

// particle -1
sphere {
	<44.108036, 56.047455, 51.542217> 0.100000
	pigment { color rgbt <1,0,0,0> }
	no_shadow
}
sphere {
	0, 1
	scale<0.080000,0.200000,0.300000>
	matrix <0.464127, 0.473001, -0.748904,
		-0.236452, 0.880964, 0.409869,
		0.853626, -0.013152, 0.520721,
		44.364124, 56.043510, 51.698433>
	pigment { color rgbt <0,1,1,0> }
	no_shadow
}
cylinder {
	<44.010284, 56.807777, 51.345669>,  <43.766586, 56.052715, 51.333927>, 0.130000
	pigment { color rgbt <1,0,0,0> }
	no_shadow
}

// nucleotide -1

// particle -1
sphere {
	<44.010284, 56.807777, 51.345669> 0.250000
	pigment { color rgbt <1,0,0,0> }
	no_shadow
}
cylinder {
	<44.312511, 56.549103, 51.387451>,  <44.493847, 56.393898, 51.412521>, 0.100000
	pigment { color rgbt <1,0,0,0> }
	no_shadow
}
cylinder {
	<44.312511, 56.549103, 51.387451>,  <44.010284, 56.807777, 51.345669>, 0.100000
	pigment { color rgbt <1,0,0,0> }
	no_shadow
}

// particle -1
sphere {
	<44.312511, 56.549103, 51.387451> 0.100000
	pigment { color rgbt <1,0,0,0> }
	no_shadow
}
sphere {
	0, 1
	scale<0.080000,0.200000,0.300000>
	matrix <0.555682, 0.548295, -0.624972,
		0.346892, 0.530250, 0.773628,
		0.755568, -0.646689, 0.104451,
		44.539181, 56.355095, 51.418785>
	pigment { color rgbt <0,1,1,0> }
	no_shadow
}
cylinder {
	<44.657299, 57.234486, 51.432724>,  <44.010284, 56.807777, 51.345669>, 0.130000
	pigment { color rgbt <1,0,0,0> }
	no_shadow
}

// nucleotide -1

// particle -1
sphere {
	<44.657299, 57.234486, 51.432724> 0.250000
	pigment { color rgbt <1,0,0,0> }
	no_shadow
}
cylinder {
	<44.728806, 56.878868, 51.264133>,  <44.771709, 56.665497, 51.162979>, 0.100000
	pigment { color rgbt <1,0,0,0> }
	no_shadow
}
cylinder {
	<44.728806, 56.878868, 51.264133>,  <44.657299, 57.234486, 51.432724>, 0.100000
	pigment { color rgbt <1,0,0,0> }
	no_shadow
}

// particle -1
sphere {
	<44.728806, 56.878868, 51.264133> 0.100000
	pigment { color rgbt <1,0,0,0> }
	no_shadow
}
sphere {
	0, 1
	scale<0.080000,0.200000,0.300000>
	matrix <0.600550, 0.437915, -0.669006,
		0.779348, -0.133524, 0.612200,
		0.178763, -0.889045, -0.421476,
		44.782436, 56.612156, 51.137691>
	pigment { color rgbt <0,1,1,0> }
	no_shadow
}
cylinder {
	<45.290211, 56.865093, 51.309246>,  <44.657299, 57.234486, 51.432724>, 0.130000
	pigment { color rgbt <1,0,0,0> }
	no_shadow
}

// nucleotide -1

// particle -1
sphere {
	<45.290211, 56.865093, 51.309246> 0.250000
	pigment { color rgbt <1,0,0,0> }
	no_shadow
}
cylinder {
	<45.551186, 56.688896, 51.555920>,  <45.707771, 56.583179, 51.703922>, 0.100000
	pigment { color rgbt <1,0,0,0> }
	no_shadow
}
cylinder {
	<45.551186, 56.688896, 51.555920>,  <45.290211, 56.865093, 51.309246>, 0.100000
	pigment { color rgbt <1,0,0,0> }
	no_shadow
}

// particle -1
sphere {
	<45.551186, 56.688896, 51.555920> 0.100000
	pigment { color rgbt <1,0,0,0> }
	no_shadow
}
sphere {
	0, 1
	scale<0.080000,0.200000,0.300000>
	matrix <0.706742, 0.647406, -0.285275,
		-0.273582, 0.621958, 0.733704,
		0.652433, -0.440493, 0.616682,
		45.746914, 56.556747, 51.740925>
	pigment { color rgbt <0,1,1,0> }
	no_shadow
}
cylinder {
	<45.605392, 57.266346, 51.831432>,  <45.290211, 56.865093, 51.309246>, 0.130000
	pigment { color rgbt <1,0,0,0> }
	no_shadow
}

// nucleotide -1

// particle -1
sphere {
	<45.605392, 57.266346, 51.831432> 0.250000
	pigment { color rgbt <1,0,0,0> }
	no_shadow
}
cylinder {
	<45.880669, 56.984848, 51.760849>,  <46.045834, 56.815948, 51.718498>, 0.100000
	pigment { color rgbt <1,0,0,0> }
	no_shadow
}
cylinder {
	<45.880669, 56.984848, 51.760849>,  <45.605392, 57.266346, 51.831432>, 0.100000
	pigment { color rgbt <1,0,0,0> }
	no_shadow
}

// particle -1
sphere {
	<45.880669, 56.984848, 51.760849> 0.100000
	pigment { color rgbt <1,0,0,0> }
	no_shadow
}
sphere {
	0, 1
	scale<0.080000,0.200000,0.300000>
	matrix <0.678908, 0.710413, -0.185465,
		0.255874, 0.007840, 0.966678,
		0.688195, -0.703741, -0.176454,
		46.087128, 56.773727, 51.707912>
	pigment { color rgbt <0,1,1,0> }
	no_shadow
}
cylinder {
	<46.252060, 57.360447, 52.312038>,  <45.605392, 57.266346, 51.831432>, 0.130000
	pigment { color rgbt <1,0,0,0> }
	no_shadow
}

// nucleotide -1

// particle -1
sphere {
	<46.252060, 57.360447, 52.312038> 0.250000
	pigment { color rgbt <1,0,0,0> }
	no_shadow
}
cylinder {
	<46.309418, 57.175869, 51.961838>,  <46.343834, 57.065121, 51.751717>, 0.100000
	pigment { color rgbt <1,0,0,0> }
	no_shadow
}
cylinder {
	<46.309418, 57.175869, 51.961838>,  <46.252060, 57.360447, 52.312038>, 0.100000
	pigment { color rgbt <1,0,0,0> }
	no_shadow
}

// particle -1
sphere {
	<46.309418, 57.175869, 51.961838> 0.100000
	pigment { color rgbt <1,0,0,0> }
	no_shadow
}
sphere {
	0, 1
	scale<0.080000,0.200000,0.300000>
	matrix <0.690838, 0.680119, -0.245318,
		0.708647, -0.569652, 0.416312,
		0.143396, -0.461448, -0.875502,
		46.352436, 57.037434, 51.699188>
	pigment { color rgbt <0,1,1,0> }
	no_shadow
}
cylinder {
	<46.873028, 56.940865, 52.294617>,  <46.252060, 57.360447, 52.312038>, 0.130000
	pigment { color rgbt <1,0,0,0> }
	no_shadow
}

// nucleotide -1

// particle -1
sphere {
	<46.873028, 56.940865, 52.294617> 0.250000
	pigment { color rgbt <1,0,0,0> }
	no_shadow
}
cylinder {
	<46.763096, 57.080620, 51.936310>,  <46.697136, 57.164474, 51.721325>, 0.100000
	pigment { color rgbt <1,0,0,0> }
	no_shadow
}
cylinder {
	<46.763096, 57.080620, 51.936310>,  <46.873028, 56.940865, 52.294617>, 0.100000
	pigment { color rgbt <1,0,0,0> }
	no_shadow
}

// particle -1
sphere {
	<46.763096, 57.080620, 51.936310> 0.100000
	pigment { color rgbt <1,0,0,0> }
	no_shadow
}
sphere {
	0, 1
	scale<0.080000,0.200000,0.300000>
	matrix <0.838429, 0.543117, -0.045394,
		0.470646, -0.763512, -0.442201,
		-0.274826, 0.349389, -0.895767,
		46.680649, 57.185436, 51.667580>
	pigment { color rgbt <0,1,1,0> }
	no_shadow
}
cylinder {
	<47.448826, 56.867531, 51.850128>,  <46.873028, 56.940865, 52.294617>, 0.130000
	pigment { color rgbt <1,0,0,0> }
	no_shadow
}

// nucleotide -1

// particle -1
sphere {
	<47.448826, 56.867531, 51.850128> 0.250000
	pigment { color rgbt <1,0,0,0> }
	no_shadow
}
cylinder {
	<47.221333, 57.182228, 51.754143>,  <47.084839, 57.371048, 51.696552>, 0.100000
	pigment { color rgbt <1,0,0,0> }
	no_shadow
}
cylinder {
	<47.221333, 57.182228, 51.754143>,  <47.448826, 56.867531, 51.850128>, 0.100000
	pigment { color rgbt <1,0,0,0> }
	no_shadow
}

// particle -1
sphere {
	<47.221333, 57.182228, 51.754143> 0.100000
	pigment { color rgbt <1,0,0,0> }
	no_shadow
}
sphere {
	0, 1
	scale<0.080000,0.200000,0.300000>
	matrix <0.809968, 0.586465, 0.003096,
		0.143166, -0.192602, -0.970777,
		-0.568731, 0.786742, -0.239964,
		47.050713, 57.418251, 51.682152>
	pigment { color rgbt <0,1,1,0> }
	no_shadow
}
cylinder {
	<48.078224, 56.648289, 51.689987>,  <47.448826, 56.867531, 51.850128>, 0.130000
	pigment { color rgbt <1,0,0,0> }
	no_shadow
}

// nucleotide -1

// particle -1
sphere {
	<48.078224, 56.648289, 51.689987> 0.250000
	pigment { color rgbt <1,0,0,0> }
	no_shadow
}
cylinder {
	<48.376629, 56.382568, 51.671326>,  <48.555672, 56.223137, 51.660130>, 0.100000
	pigment { color rgbt <1,0,0,0> }
	no_shadow
}
cylinder {
	<48.376629, 56.382568, 51.671326>,  <48.078224, 56.648289, 51.689987>, 0.100000
	pigment { color rgbt <1,0,0,0> }
	no_shadow
}

// particle -1
sphere {
	<48.376629, 56.382568, 51.671326> 0.100000
	pigment { color rgbt <1,0,0,0> }
	no_shadow
}
sphere {
	0, 1
	scale<0.080000,0.200000,0.300000>
	matrix <0.591756, 0.693410, -0.411104,
		0.305447, 0.279079, 0.910393,
		0.746007, -0.664302, -0.046654,
		48.600430, 56.183277, 51.657330>
	pigment { color rgbt <0,1,1,0> }
	no_shadow
}
cylinder {
	<48.592861, 57.089264, 51.500816>,  <48.078224, 56.648289, 51.689987>, 0.130000
	pigment { color rgbt <1,0,0,0> }
	no_shadow
}

// nucleotide -1

// particle -1
sphere {
	<48.592861, 57.089264, 51.500816> 0.250000
	pigment { color rgbt <1,0,0,0> }
	no_shadow
}
cylinder {
	<48.731949, 56.718735, 51.442822>,  <48.815399, 56.496418, 51.408024>, 0.100000
	pigment { color rgbt <1,0,0,0> }
	no_shadow
}
cylinder {
	<48.731949, 56.718735, 51.442822>,  <48.592861, 57.089264, 51.500816>, 0.100000
	pigment { color rgbt <1,0,0,0> }
	no_shadow
}

// particle -1
sphere {
	<48.731949, 56.718735, 51.442822> 0.100000
	pigment { color rgbt <1,0,0,0> }
	no_shadow
}
sphere {
	0, 1
	scale<0.080000,0.200000,0.300000>
	matrix <0.539769, 0.324209, -0.776878,
		0.766644, 0.191877, 0.612732,
		0.347718, -0.926322, -0.144983,
		48.836266, 56.440838, 51.399326>
	pigment { color rgbt <0,1,1,0> }
	no_shadow
}
cylinder {
	<49.368893, 57.050636, 51.339588>,  <48.592861, 57.089264, 51.500816>, 0.130000
	pigment { color rgbt <1,0,0,0> }
	no_shadow
}

// nucleotide -1

// particle -1
sphere {
	<49.368893, 57.050636, 51.339588> 0.250000
	pigment { color rgbt <1,0,0,0> }
	no_shadow
}
cylinder {
	<49.208138, 56.750420, 51.129761>,  <49.111683, 56.570290, 51.003864>, 0.100000
	pigment { color rgbt <1,0,0,0> }
	no_shadow
}
cylinder {
	<49.208138, 56.750420, 51.129761>,  <49.368893, 57.050636, 51.339588>, 0.100000
	pigment { color rgbt <1,0,0,0> }
	no_shadow
}

// particle -1
sphere {
	<49.208138, 56.750420, 51.129761> 0.100000
	pigment { color rgbt <1,0,0,0> }
	no_shadow
}
sphere {
	0, 1
	scale<0.080000,0.200000,0.300000>
	matrix <0.474982, 0.318904, -0.820178,
		0.782865, -0.578781, 0.228330,
		-0.401888, -0.750542, -0.524570,
		49.087570, 56.525257, 50.972389>
	pigment { color rgbt <0,1,1,0> }
	no_shadow
}
cylinder {
	<49.908188, 56.613316, 51.057323>,  <49.368893, 57.050636, 51.339588>, 0.130000
	pigment { color rgbt <1,0,0,0> }
	no_shadow
}

// nucleotide -1

// particle -1
sphere {
	<49.908188, 56.613316, 51.057323> 0.250000
	pigment { color rgbt <1,0,0,0> }
	no_shadow
}
cylinder {
	<49.629696, 56.563438, 50.774559>,  <49.462601, 56.533512, 50.604900>, 0.100000
	pigment { color rgbt <1,0,0,0> }
	no_shadow
}
cylinder {
	<49.629696, 56.563438, 50.774559>,  <49.908188, 56.613316, 51.057323>, 0.100000
	pigment { color rgbt <1,0,0,0> }
	no_shadow
}

// particle -1
sphere {
	<49.629696, 56.563438, 50.774559> 0.100000
	pigment { color rgbt <1,0,0,0> }
	no_shadow
}
sphere {
	0, 1
	scale<0.080000,0.200000,0.300000>
	matrix <0.678209, 0.208364, -0.704711,
		0.235168, -0.970070, -0.060499,
		-0.696225, -0.124695, -0.706911,
		49.420830, 56.526031, 50.562485>
	pigment { color rgbt <0,1,1,0> }
	no_shadow
}
cylinder {
	<50.357895, 57.066334, 51.569931>,  <49.908188, 56.613316, 51.057323>, 0.130000
	pigment { color rgbt <1,0,0,0> }
	no_shadow
}

// nucleotide -1

// particle -1
sphere {
	<50.357895, 57.066334, 51.569931> 0.250000
	pigment { color rgbt <1,0,0,0> }
	no_shadow
}
cylinder {
	<50.314629, 56.702080, 51.729454>,  <50.288670, 56.483528, 51.825169>, 0.100000
	pigment { color rgbt <1,0,0,0> }
	no_shadow
}
cylinder {
	<50.314629, 56.702080, 51.729454>,  <50.357895, 57.066334, 51.569931>, 0.100000
	pigment { color rgbt <1,0,0,0> }
	no_shadow
}

// particle -1
sphere {
	<50.314629, 56.702080, 51.729454> 0.100000
	pigment { color rgbt <1,0,0,0> }
	no_shadow
}
sphere {
	0, 1
	scale<0.080000,0.200000,0.300000>
	matrix <0.863473, 0.112739, 0.491634,
		-0.492660, 0.397536, 0.774114,
		-0.108169, -0.910635, 0.398804,
		50.282177, 56.428890, 51.849094>
	pigment { color rgbt <0,1,1,0> }
	no_shadow
}
cylinder {
	<50.337879, 57.114841, 52.338673>,  <50.357895, 57.066334, 51.569931>, 0.130000
	pigment { color rgbt <1,0,0,0> }
	no_shadow
}

// nucleotide -1

// particle -1
sphere {
	<50.337879, 57.114841, 52.338673> 0.250000
	pigment { color rgbt <1,0,0,0> }
	no_shadow
}
cylinder {
	<50.519936, 56.798553, 52.174915>,  <50.629169, 56.608780, 52.076660>, 0.100000
	pigment { color rgbt <1,0,0,0> }
	no_shadow
}
cylinder {
	<50.519936, 56.798553, 52.174915>,  <50.337879, 57.114841, 52.338673>, 0.100000
	pigment { color rgbt <1,0,0,0> }
	no_shadow
}

// particle -1
sphere {
	<50.519936, 56.798553, 52.174915> 0.100000
	pigment { color rgbt <1,0,0,0> }
	no_shadow
}
sphere {
	0, 1
	scale<0.080000,0.200000,0.300000>
	matrix <0.835478, 0.220231, 0.503464,
		-0.307939, -0.571186, 0.760868,
		0.455138, -0.790724, -0.409395,
		50.656479, 56.561337, 52.052097>
	pigment { color rgbt <0,1,1,0> }
	no_shadow
}
cylinder {
	<50.983063, 57.009869, 52.457531>,  <50.337879, 57.114841, 52.338673>, 0.130000
	pigment { color rgbt <1,0,0,0> }
	no_shadow
}

// nucleotide -1

// particle -1
sphere {
	<50.983063, 57.009869, 52.457531> 0.250000
	pigment { color rgbt <1,0,0,0> }
	no_shadow
}
cylinder {
	<51.072388, 56.650902, 52.305332>,  <51.125980, 56.435520, 52.214012>, 0.100000
	pigment { color rgbt <1,0,0,0> }
	no_shadow
}
cylinder {
	<51.072388, 56.650902, 52.305332>,  <50.983063, 57.009869, 52.457531>, 0.100000
	pigment { color rgbt <1,0,0,0> }
	no_shadow
}

// particle -1
sphere {
	<51.072388, 56.650902, 52.305332> 0.100000
	pigment { color rgbt <1,0,0,0> }
	no_shadow
}
sphere {
	0, 1
	scale<0.080000,0.200000,0.300000>
	matrix <0.948052, 0.109234, 0.298773,
		-0.226561, -0.427448, 0.875190,
		0.223311, -0.897416, -0.380495,
		51.139381, 56.381676, 52.191185>
	pigment { color rgbt <0,1,1,0> }
	no_shadow
}
cylinder {
	<51.252106, 56.674183, 53.013531>,  <50.983063, 57.009869, 52.457531>, 0.130000
	pigment { color rgbt <1,0,0,0> }
	no_shadow
}

// nucleotide -1

// particle -1
sphere {
	<51.252106, 56.674183, 53.013531> 0.250000
	pigment { color rgbt <1,0,0,0> }
	no_shadow
}
cylinder {
	<51.400799, 56.507484, 52.681713>,  <51.490013, 56.407467, 52.482624>, 0.100000
	pigment { color rgbt <1,0,0,0> }
	no_shadow
}
cylinder {
	<51.400799, 56.507484, 52.681713>,  <51.252106, 56.674183, 53.013531>, 0.100000
	pigment { color rgbt <1,0,0,0> }
	no_shadow
}

// particle -1
sphere {
	<51.400799, 56.507484, 52.681713> 0.100000
	pigment { color rgbt <1,0,0,0> }
	no_shadow
}
sphere {
	0, 1
	scale<0.080000,0.200000,0.300000>
	matrix <0.926699, 0.219680, 0.304909,
		0.055164, -0.882079, 0.467860,
