// switches for output
#declare DRAW_BASES = 1; // possible values are 0, 1; only relevant for DNA ribbons
#declare DRAW_BASES_TYPE = 3; // possible values are 1, 2, 3; only relevant for DNA ribbons
#declare DRAW_FOG = 0; // set to 1 to enable fog

#include "colors.inc"

#include "transforms.inc"
background { rgb <1, 1, 1>}

#default {
   normal{
       ripples 0.25
       frequency 0.20
       turbulence 0.2
       lambda 5
   }
	finish {
		phong 0.1
		phong_size 40.
	}
}

// original window dimensions: 1024x640


// camera settings

camera {
	sky <-0, 1, 0>
	up <-0, 1, 0>
	right 1.6 * <0.99995, 0, 0.00999983>
	location <54.4867, 55, 106.329>
	look_at <55, 55, 55.0001>
	direction <0.513302, 0, -51.3289>
	angle 67.0682
}


# declare cpy_camera_pos = <54.4867, 55, 106.329>;
# if (DRAW_FOG = 1)
fog {
	fog_type 2
	up vnormalize(cpy_camera_pos)
	color rgbt<1,1,1,0.3>
	distance 1e-5
	fog_alt 3e-3
	fog_offset 88
}
# end


// LIGHTS

# declare lum = 6;
global_settings {
	ambient_light rgb lum * <0.05, 0.05, 0.05>
	max_trace_level 15
}# declare cpy_direct_light_amount = 0.25;
light_source
{	1000 * <-0.98995, -1, 1.00995>,
	rgb lum * cpy_direct_light_amount
	parallel
}

light_source
{	1000 * <0.98995, 1, -1.00995>,
	rgb lum * cpy_direct_light_amount
	parallel
}

// strand 0

// nucleotide -1

// particle -1
sphere {
	<36.980145, 52.520309, 50.120678> 0.250000
	pigment { color rgbt <1,0,0,0> }
	no_shadow
}
cylinder {
	<36.882660, 52.858181, 49.930046>,  <36.824169, 53.060902, 49.815666>, 0.100000
	pigment { color rgbt <1,0,0,0> }
	no_shadow
}
cylinder {
	<36.882660, 52.858181, 49.930046>,  <36.980145, 52.520309, 50.120678>, 0.100000
	pigment { color rgbt <1,0,0,0> }
	no_shadow
}

// particle -1
sphere {
	<36.882660, 52.858181, 49.930046> 0.100000
	pigment { color rgbt <1,0,0,0> }
	no_shadow
}
sphere {
	0, 1
	scale<0.080000,0.200000,0.300000>
	matrix <0.852112, 0.421157, 0.310695,
		0.463150, -0.330376, -0.822401,
		-0.243714, 0.844677, -0.476576,
		36.809547, 53.111584, 49.787075>
	pigment { color rgbt <0,1,1,0> }
	no_shadow
}
cylinder {
	<37.520203, 52.732452, 49.803371>,  <36.980145, 52.520309, 50.120678>, 0.130000
	pigment { color rgbt <1,0,0,0> }
	no_shadow
}

// nucleotide -1

// particle -1
sphere {
	<37.520203, 52.732452, 49.803371> 0.250000
	pigment { color rgbt <1,0,0,0> }
	no_shadow
}
cylinder {
	<37.312210, 53.071220, 49.847824>,  <37.187416, 53.274479, 49.874496>, 0.100000
	pigment { color rgbt <1,0,0,0> }
	no_shadow
}
cylinder {
	<37.312210, 53.071220, 49.847824>,  <37.520203, 52.732452, 49.803371>, 0.100000
	pigment { color rgbt <1,0,0,0> }
	no_shadow
}

// particle -1
sphere {
	<37.312210, 53.071220, 49.847824> 0.100000
	pigment { color rgbt <1,0,0,0> }
	no_shadow
}
sphere {
	0, 1
	scale<0.080000,0.200000,0.300000>
	matrix <0.824356, 0.463488, 0.324986,
		0.223729, 0.260596, -0.939167,
		-0.519982, 0.846917, 0.111128,
		37.156216, 53.325294, 49.881161>
	pigment { color rgbt <0,1,1,0> }
	no_shadow
}
cylinder {
	<37.720100, 53.387489, 49.364925>,  <37.520203, 52.732452, 49.803371>, 0.130000
	pigment { color rgbt <1,0,0,0> }
	no_shadow
}

// nucleotide -1

// particle -1
sphere {
	<37.720100, 53.387489, 49.364925> 0.250000
	pigment { color rgbt <1,0,0,0> }
	no_shadow
}
cylinder {
	<37.574665, 53.317623, 49.730942>,  <37.487404, 53.275703, 49.950550>, 0.100000
	pigment { color rgbt <1,0,0,0> }
	no_shadow
}
cylinder {
	<37.574665, 53.317623, 49.730942>,  <37.720100, 53.387489, 49.364925>, 0.100000
	pigment { color rgbt <1,0,0,0> }
	no_shadow
}

// particle -1
sphere {
	<37.574665, 53.317623, 49.730942> 0.100000
	pigment { color rgbt <1,0,0,0> }
	no_shadow
}
sphere {
	0, 1
	scale<0.080000,0.200000,0.300000>
	matrix <0.918030, 0.099629, 0.383790,
		-0.158199, 0.979575, 0.124122,
		-0.363584, -0.174663, 0.915041,
		37.465591, 53.265224, 50.005455>
	pigment { color rgbt <0,1,1,0> }
	no_shadow
}
cylinder {
	<37.812469, 54.083622, 49.776157>,  <37.720100, 53.387489, 49.364925>, 0.130000
	pigment { color rgbt <1,0,0,0> }
	no_shadow
}

// nucleotide -1

// particle -1
sphere {
	<37.812469, 54.083622, 49.776157> 0.250000
	pigment { color rgbt <1,0,0,0> }
	no_shadow
}
cylinder {
	<37.881710, 53.741150, 49.970886>,  <37.923252, 53.535667, 50.087723>, 0.100000
	pigment { color rgbt <1,0,0,0> }
	no_shadow
}
cylinder {
	<37.881710, 53.741150, 49.970886>,  <37.812469, 54.083622, 49.776157>, 0.100000
	pigment { color rgbt <1,0,0,0> }
	no_shadow
}

// particle -1
sphere {
	<37.881710, 53.741150, 49.970886> 0.100000
	pigment { color rgbt <1,0,0,0> }
	no_shadow
}
sphere {
	0, 1
	scale<0.080000,0.200000,0.300000>
	matrix <0.890170, 0.347518, 0.294668,
		-0.421468, 0.382349, 0.822298,
		0.173097, -0.856178, 0.486824,
		37.933640, 53.484295, 50.116932>
	pigment { color rgbt <0,1,1,0> }
	no_shadow
}
cylinder {
	<38.174416, 54.165897, 50.477013>,  <37.812469, 54.083622, 49.776157>, 0.130000
	pigment { color rgbt <1,0,0,0> }
	no_shadow
}

// nucleotide -1

// particle -1
sphere {
	<38.174416, 54.165897, 50.477013> 0.250000
	pigment { color rgbt <1,0,0,0> }
	no_shadow
}
cylinder {
	<38.264507, 53.796360, 50.353210>,  <38.318562, 53.574638, 50.278931>, 0.100000
	pigment { color rgbt <1,0,0,0> }
	no_shadow
}
cylinder {
	<38.264507, 53.796360, 50.353210>,  <38.174416, 54.165897, 50.477013>, 0.100000
	pigment { color rgbt <1,0,0,0> }
	no_shadow
}

// particle -1
sphere {
	<38.264507, 53.796360, 50.353210> 0.100000
	pigment { color rgbt <1,0,0,0> }
	no_shadow
}
sphere {
	0, 1
	scale<0.080000,0.200000,0.300000>
	matrix <0.954688, 0.145837, 0.259426,
		-0.194532, -0.353907, 0.914826,
		0.225228, -0.923841, -0.309501,
		38.332077, 53.519207, 50.260361>
	pigment { color rgbt <0,1,1,0> }
	no_shadow
}
cylinder {
	<38.555912, 53.962425, 50.926910>,  <38.174416, 54.165897, 50.477013>, 0.130000
	pigment { color rgbt <1,0,0,0> }
	no_shadow
}

// nucleotide -1

// particle -1
sphere {
	<38.555912, 53.962425, 50.926910> 0.250000
	pigment { color rgbt <1,0,0,0> }
	no_shadow
}
cylinder {
	<38.671993, 53.754391, 50.605591>,  <38.741642, 53.629570, 50.412800>, 0.100000
	pigment { color rgbt <1,0,0,0> }
	no_shadow
}
cylinder {
	<38.671993, 53.754391, 50.605591>,  <38.555912, 53.962425, 50.926910>, 0.100000
	pigment { color rgbt <1,0,0,0> }
	no_shadow
}

// particle -1
sphere {
	<38.671993, 53.754391, 50.605591> 0.100000
	pigment { color rgbt <1,0,0,0> }
	no_shadow
}
sphere {
	0, 1
	scale<0.080000,0.200000,0.300000>
	matrix <0.955275, 0.207299, 0.210893,
		0.056841, -0.828576, 0.556983,
		0.290203, -0.520085, -0.803302,
		38.759056, 53.598366, 50.364601>
	pigment { color rgbt <0,1,1,0> }
	no_shadow
}
cylinder {
	<39.202606, 53.775646, 51.169937>,  <38.555912, 53.962425, 50.926910>, 0.130000
	pigment { color rgbt <1,0,0,0> }
	no_shadow
}

// nucleotide -1

// particle -1
sphere {
	<39.202606, 53.775646, 51.169937> 0.250000
	pigment { color rgbt <1,0,0,0> }
	no_shadow
}
cylinder {
	<39.233589, 53.742371, 50.772530>,  <39.252178, 53.722404, 50.534084>, 0.100000
	pigment { color rgbt <1,0,0,0> }
	no_shadow
}
cylinder {
	<39.233589, 53.742371, 50.772530>,  <39.202606, 53.775646, 51.169937>, 0.100000
	pigment { color rgbt <1,0,0,0> }
	no_shadow
}

// particle -1
sphere {
	<39.233589, 53.742371, 50.772530> 0.100000
	pigment { color rgbt <1,0,0,0> }
	no_shadow
}
sphere {
	0, 1
	scale<0.080000,0.200000,0.300000>
	matrix <0.971303, 0.231066, 0.056379,
		0.224878, -0.969375, 0.098702,
		0.077459, -0.083191, -0.993519,
		39.256828, 53.717415, 50.474476>
	pigment { color rgbt <0,1,1,0> }
	no_shadow
}
cylinder {
	<39.725346, 53.398373, 51.118500>,  <39.202606, 53.775646, 51.169937>, 0.130000
	pigment { color rgbt <1,0,0,0> }
	no_shadow
}

// nucleotide -1

// particle -1
sphere {
	<39.725346, 53.398373, 51.118500> 0.250000
	pigment { color rgbt <1,0,0,0> }
	no_shadow
}
cylinder {
	<39.657761, 53.627029, 50.797333>,  <39.617210, 53.764225, 50.604633>, 0.100000
	pigment { color rgbt <1,0,0,0> }
	no_shadow
}
cylinder {
	<39.657761, 53.627029, 50.797333>,  <39.725346, 53.398373, 51.118500>, 0.100000
	pigment { color rgbt <1,0,0,0> }
	no_shadow
}

// particle -1
sphere {
	<39.657761, 53.627029, 50.797333> 0.100000
	pigment { color rgbt <1,0,0,0> }
	no_shadow
}
sphere {
	0, 1
	scale<0.080000,0.200000,0.300000>
	matrix <0.933063, 0.355238, 0.056560,
		0.317559, -0.739614, -0.593403,
		-0.168967, 0.571644, -0.802916,
		39.607071, 53.798523, 50.556458>
	pigment { color rgbt <0,1,1,0> }
	no_shadow
}
cylinder {
	<40.104023, 53.341221, 50.516426>,  <39.725346, 53.398373, 51.118500>, 0.130000
	pigment { color rgbt <1,0,0,0> }
	no_shadow
}

// nucleotide -1

// particle -1
sphere {
	<40.104023, 53.341221, 50.516426> 0.250000
	pigment { color rgbt <1,0,0,0> }
	no_shadow
}
cylinder {
	<39.968941, 53.711143, 50.586487>,  <39.887890, 53.933098, 50.628525>, 0.100000
	pigment { color rgbt <1,0,0,0> }
	no_shadow
}
cylinder {
	<39.968941, 53.711143, 50.586487>,  <40.104023, 53.341221, 50.516426>, 0.100000
	pigment { color rgbt <1,0,0,0> }
	no_shadow
}

// particle -1
sphere {
	<39.968941, 53.711143, 50.586487> 0.100000
	pigment { color rgbt <1,0,0,0> }
	no_shadow
}
sphere {
	0, 1
	scale<0.080000,0.200000,0.300000>
	matrix <0.939951, 0.341128, 0.011126,
		-0.049461, 0.168395, -0.984478,
		-0.337706, 0.924811, 0.175156,
		39.867630, 53.988586, 50.639034>
	pigment { color rgbt <0,1,1,0> }
	no_shadow
}
cylinder {
	<40.322453, 53.931732, 49.997803>,  <40.104023, 53.341221, 50.516426>, 0.130000
	pigment { color rgbt <1,0,0,0> }
	no_shadow
}

// nucleotide -1

// particle -1
sphere {
	<40.322453, 53.931732, 49.997803> 0.250000
	pigment { color rgbt <1,0,0,0> }
	no_shadow
}
cylinder {
	<40.248886, 54.070057, 50.365845>,  <40.204746, 54.153049, 50.586670>, 0.100000
	pigment { color rgbt <1,0,0,0> }
	no_shadow
}
cylinder {
	<40.248886, 54.070057, 50.365845>,  <40.322453, 53.931732, 49.997803>, 0.100000
	pigment { color rgbt <1,0,0,0> }
	no_shadow
}

// particle -1
sphere {
	<40.248886, 54.070057, 50.365845> 0.100000
	pigment { color rgbt <1,0,0,0> }
	no_shadow
}
sphere {
	0, 1
	scale<0.080000,0.200000,0.300000>
	matrix <0.944249, 0.322206, 0.067648,
		-0.273070, 0.881248, -0.385790,
		-0.183919, 0.345809, 0.920103,
		40.193710, 54.173801, 50.641876>
	pigment { color rgbt <0,1,1,0> }
	no_shadow
}
cylinder {
	<40.404369, 54.641598, 50.023560>,  <40.322453, 53.931732, 49.997803>, 0.130000
	pigment { color rgbt <1,0,0,0> }
	no_shadow
}

// nucleotide -1

// particle -1
sphere {
	<40.404369, 54.641598, 50.023560> 0.250000
	pigment { color rgbt <1,0,0,0> }
	no_shadow
}
cylinder {
	<40.447029, 54.497284, 50.394173>,  <40.472626, 54.410694, 50.616539>, 0.100000
	pigment { color rgbt <1,0,0,0> }
	no_shadow
}
cylinder {
	<40.447029, 54.497284, 50.394173>,  <40.404369, 54.641598, 50.023560>, 0.100000
	pigment { color rgbt <1,0,0,0> }
	no_shadow
}

// particle -1
sphere {
	<40.447029, 54.497284, 50.394173> 0.100000
	pigment { color rgbt <1,0,0,0> }
	no_shadow
}
sphere {
	0, 1
	scale<0.080000,0.200000,0.300000>
	matrix <0.989286, 0.131943, -0.062491,
		-0.099703, 0.923269, 0.370991,
		0.106645, -0.360785, 0.926532,
		40.479023, 54.389050, 50.672131>
	pigment { color rgbt <0,1,1,0> }
	no_shadow
}
cylinder {
	<40.951683, 55.031181, 50.457466>,  <40.404369, 54.641598, 50.023560>, 0.130000
	pigment { color rgbt <1,0,0,0> }
	no_shadow
}

// nucleotide -1

// particle -1
sphere {
	<40.951683, 55.031181, 50.457466> 0.250000
	pigment { color rgbt <1,0,0,0> }
	no_shadow
}
cylinder {
	<40.905243, 54.676987, 50.637436>,  <40.877380, 54.464470, 50.745419>, 0.100000
	pigment { color rgbt <1,0,0,0> }
	no_shadow
}
cylinder {
	<40.905243, 54.676987, 50.637436>,  <40.951683, 55.031181, 50.457466>, 0.100000
	pigment { color rgbt <1,0,0,0> }
	no_shadow
}

// particle -1
sphere {
	<40.905243, 54.676987, 50.637436> 0.100000
	pigment { color rgbt <1,0,0,0> }
	no_shadow
}
sphere {
	0, 1
	scale<0.080000,0.200000,0.300000>
	matrix <0.991347, -0.075377, 0.107464,
		-0.061244, 0.458506, 0.886579,
		-0.116100, -0.885489, 0.449922,
		40.870415, 54.411339, 50.772411>
	pigment { color rgbt <0,1,1,0> }
	no_shadow
}
cylinder {
	<41.478275, 55.079117, 50.846951>,  <40.951683, 55.031181, 50.457466>, 0.130000
	pigment { color rgbt <1,0,0,0> }
	no_shadow
}

// nucleotide -1

// particle -1
sphere {
	<41.478275, 55.079117, 50.846951> 0.250000
	pigment { color rgbt <1,0,0,0> }
	no_shadow
}
cylinder {
	<41.386189, 54.691803, 50.885788>,  <41.330936, 54.459415, 50.909088>, 0.100000
	pigment { color rgbt <1,0,0,0> }
	no_shadow
}
cylinder {
	<41.386189, 54.691803, 50.885788>,  <41.478275, 55.079117, 50.846951>, 0.100000
	pigment { color rgbt <1,0,0,0> }
	no_shadow
}

// particle -1
sphere {
	<41.386189, 54.691803, 50.885788> 0.100000
	pigment { color rgbt <1,0,0,0> }
	no_shadow
}
sphere {
	0, 1
	scale<0.080000,0.200000,0.300000>
	matrix <0.951690, -0.203190, 0.230220,
		-0.203190, 0.145401, 0.968283,
		-0.230220, -0.968283, 0.097090,
		41.317123, 54.401318, 50.914913>
	pigment { color rgbt <0,1,1,0> }
	no_shadow
}
cylinder {
	<41.481358, 54.877548, 51.563210>,  <41.478275, 55.079117, 50.846951>, 0.130000
	pigment { color rgbt <1,0,0,0> }
	no_shadow
}

// nucleotide -1

// particle -1
sphere {
	<41.481358, 54.877548, 51.563210> 0.250000
	pigment { color rgbt <1,0,0,0> }
	no_shadow
}
cylinder {
	<41.579826, 54.593185, 51.299690>,  <41.638908, 54.422569, 51.141579>, 0.100000
	pigment { color rgbt <1,0,0,0> }
	no_shadow
}
cylinder {
	<41.579826, 54.593185, 51.299690>,  <41.481358, 54.877548, 51.563210>, 0.100000
	pigment { color rgbt <1,0,0,0> }
	no_shadow
}

// particle -1
sphere {
	<41.579826, 54.593185, 51.299690> 0.100000
	pigment { color rgbt <1,0,0,0> }
	no_shadow
}
sphere {
	0, 1
	scale<0.080000,0.200000,0.300000>
	matrix <0.934869, -0.005213, 0.354955,
		-0.255774, -0.703269, 0.663319,
		0.246171, -0.710904, -0.658798,
		41.653679, 54.379913, 51.102051>
	pigment { color rgbt <0,1,1,0> }
	no_shadow
}
cylinder {
	<41.796322, 54.308636, 51.897144>,  <41.481358, 54.877548, 51.563210>, 0.130000
	pigment { color rgbt <1,0,0,0> }
	no_shadow
}

// nucleotide -1

// particle -1
sphere {
	<41.796322, 54.308636, 51.897144> 0.250000
	pigment { color rgbt <1,0,0,0> }
	no_shadow
}
cylinder {
	<41.928341, 54.336769, 51.520607>,  <42.007553, 54.353649, 51.294685>, 0.100000
	pigment { color rgbt <1,0,0,0> }
	no_shadow
}
cylinder {
	<41.928341, 54.336769, 51.520607>,  <41.796322, 54.308636, 51.897144>, 0.100000
	pigment { color rgbt <1,0,0,0> }
	no_shadow
}

// particle -1
sphere {
	<41.928341, 54.336769, 51.520607> 0.100000
	pigment { color rgbt <1,0,0,0> }
	no_shadow
}
sphere {
	0, 1
	scale<0.080000,0.200000,0.300000>
	matrix <0.907020, 0.252621, 0.336894,
		0.261497, -0.965006, 0.019584,
		0.330051, 0.070334, -0.941339,
		42.027355, 54.357868, 51.238205>
	pigment { color rgbt <0,1,1,0> }
	no_shadow
}
cylinder {
	<42.499973, 54.109032, 51.969257>,  <41.796322, 54.308636, 51.897144>, 0.130000
	pigment { color rgbt <1,0,0,0> }
	no_shadow
}

// nucleotide -1

// particle -1
sphere {
	<42.499973, 54.109032, 51.969257> 0.250000
	pigment { color rgbt <1,0,0,0> }
	no_shadow
}
cylinder {
	<42.481255, 54.323395, 51.632065>,  <42.470024, 54.452011, 51.429749>, 0.100000
	pigment { color rgbt <1,0,0,0> }
	no_shadow
}
cylinder {
	<42.481255, 54.323395, 51.632065>,  <42.499973, 54.109032, 51.969257>, 0.100000
	pigment { color rgbt <1,0,0,0> }
	no_shadow
}

// particle -1
sphere {
	<42.481255, 54.323395, 51.632065> 0.100000
	pigment { color rgbt <1,0,0,0> }
	no_shadow
}
sphere {
	0, 1
	scale<0.080000,0.200000,0.300000>
	matrix <0.866420, 0.441758, 0.232738,
		0.497119, -0.719483, -0.484992,
		-0.046798, 0.535905, -0.842980,
		42.467216, 54.484165, 51.379169>
	pigment { color rgbt <0,1,1,0> }
	no_shadow
}
cylinder {
	<43.044872, 53.959599, 51.513351>,  <42.499973, 54.109032, 51.969257>, 0.130000
	pigment { color rgbt <1,0,0,0> }
	no_shadow
}

// nucleotide -1

// particle -1
sphere {
	<43.044872, 53.959599, 51.513351> 0.250000
	pigment { color rgbt <1,0,0,0> }
	no_shadow
}
cylinder {
	<42.914738, 54.336372, 51.480064>,  <42.836658, 54.562435, 51.460091>, 0.100000
	pigment { color rgbt <1,0,0,0> }
	no_shadow
}
cylinder {
	<42.914738, 54.336372, 51.480064>,  <43.044872, 53.959599, 51.513351>, 0.100000
	pigment { color rgbt <1,0,0,0> }
	no_shadow
}

// particle -1
sphere {
	<42.914738, 54.336372, 51.480064> 0.100000
	pigment { color rgbt <1,0,0,0> }
	no_shadow
}
sphere {
	0, 1
	scale<0.080000,0.200000,0.300000>
	matrix <0.920682, 0.335603, 0.199290,
		0.215645, -0.011781, -0.976401,
		-0.325335, 0.941930, -0.083217,
		42.817139, 54.618950, 51.455101>
	pigment { color rgbt <0,1,1,0> }
	no_shadow
}
cylinder {
	<43.516582, 54.306938, 51.047775>,  <43.044872, 53.959599, 51.513351>, 0.130000
	pigment { color rgbt <1,0,0,0> }
	no_shadow
}

// nucleotide -1

// particle -1
sphere {
	<43.516582, 54.306938, 51.047775> 0.250000
	pigment { color rgbt <1,0,0,0> }
	no_shadow
}
cylinder {
	<43.369690, 54.599022, 51.278229>,  <43.281555, 54.774273, 51.416500>, 0.100000
	pigment { color rgbt <1,0,0,0> }
	no_shadow
}
cylinder {
	<43.369690, 54.599022, 51.278229>,  <43.516582, 54.306938, 51.047775>, 0.100000
	pigment { color rgbt <1,0,0,0> }
	no_shadow
}

// particle -1
sphere {
	<43.369690, 54.599022, 51.278229> 0.100000
	pigment { color rgbt <1,0,0,0> }
	no_shadow
}
sphere {
	0, 1
	scale<0.080000,0.200000,0.300000>
	matrix <0.919184, 0.379650, 0.104717,
		-0.142264, 0.568027, -0.810621,
		-0.367234, 0.730213, 0.576132,
		43.259521, 54.818085, 51.451069>
	pigment { color rgbt <0,1,1,0> }
	no_shadow
}
cylinder {
	<43.620491, 54.950497, 50.761261>,  <43.516582, 54.306938, 51.047775>, 0.130000
	pigment { color rgbt <1,0,0,0> }
	no_shadow
}

// nucleotide -1

// particle -1
sphere {
	<43.620491, 54.950497, 50.761261> 0.250000
	pigment { color rgbt <1,0,0,0> }
	no_shadow
}
cylinder {
	<43.615852, 54.959511, 51.161133>,  <43.613071, 54.964920, 51.401054>, 0.100000
	pigment { color rgbt <1,0,0,0> }
	no_shadow
}
cylinder {
	<43.615852, 54.959511, 51.161133>,  <43.620491, 54.950497, 50.761261>, 0.100000
	pigment { color rgbt <1,0,0,0> }
	no_shadow
}

// particle -1
sphere {
	<43.615852, 54.959511, 51.161133> 0.100000
	pigment { color rgbt <1,0,0,0> }
	no_shadow
}
sphere {
	0, 1
	scale<0.080000,0.200000,0.300000>
	matrix <0.947017, 0.321161, 0.003744,
		-0.320973, 0.946756, -0.025064,
		-0.011594, 0.022534, 0.999679,
		43.612373, 54.966270, 51.461037>
	pigment { color rgbt <0,1,1,0> }
	no_shadow
}
cylinder {
	<44.118595, 55.443783, 51.095188>,  <43.620491, 54.950497, 50.761261>, 0.130000
	pigment { color rgbt <1,0,0,0> }
	no_shadow
}

// nucleotide -1

// particle -1
sphere {
	<44.118595, 55.443783, 51.095188> 0.250000
	pigment { color rgbt <1,0,0,0> }
	no_shadow
}
cylinder {
	<44.012825, 55.263802, 51.436390>,  <43.949364, 55.155811, 51.641113>, 0.100000
	pigment { color rgbt <1,0,0,0> }
	no_shadow
}
cylinder {
	<44.012825, 55.263802, 51.436390>,  <44.118595, 55.443783, 51.095188>, 0.100000
	pigment { color rgbt <1,0,0,0> }
	no_shadow
}

// particle -1
sphere {
	<44.012825, 55.263802, 51.436390> 0.100000
	pigment { color rgbt <1,0,0,0> }
	no_shadow
}
sphere {
	0, 1
	scale<0.080000,0.200000,0.300000>
	matrix <0.871156, 0.267994, 0.411420,
		-0.413720, 0.851893, 0.321113,
		-0.264429, -0.449952, 0.853006,
		43.933495, 55.128815, 51.692291>
	pigment { color rgbt <0,1,1,0> }
	no_shadow
}
cylinder {
	<44.376957, 55.865208, 51.621731>,  <44.118595, 55.443783, 51.095188>, 0.130000
	pigment { color rgbt <1,0,0,0> }
	no_shadow
}

// nucleotide -1

// particle -1
sphere {
	<44.376957, 55.865208, 51.621731> 0.250000
	pigment { color rgbt <1,0,0,0> }
	no_shadow
}
cylinder {
	<44.341419, 55.496799, 51.773426>,  <44.320099, 55.275753, 51.864445>, 0.100000
	pigment { color rgbt <1,0,0,0> }
	no_shadow
}
cylinder {
	<44.341419, 55.496799, 51.773426>,  <44.376957, 55.865208, 51.621731>, 0.100000
	pigment { color rgbt <1,0,0,0> }
	no_shadow
}

// particle -1
sphere {
	<44.341419, 55.496799, 51.773426> 0.100000
	pigment { color rgbt <1,0,0,0> }
	no_shadow
}
sphere {
	0, 1
	scale<0.080000,0.200000,0.300000>
	matrix <0.807502, 0.156308, 0.568778,
		-0.583136, 0.356767, 0.729842,
		-0.088841, -0.921024, 0.379239,
		44.314766, 55.220493, 51.887199>
	pigment { color rgbt <0,1,1,0> }
	no_shadow
}
cylinder {
	<44.574524, 56.062649, 52.242828>,  <44.376957, 55.865208, 51.621731>, 0.130000
	pigment { color rgbt <1,0,0,0> }
	no_shadow
}

// nucleotide -1

// particle -1
sphere {
	<44.574524, 56.062649, 52.242828> 0.250000
	pigment { color rgbt <1,0,0,0> }
	no_shadow
}
cylinder {
	<44.603889, 55.663757, 52.238174>,  <44.621510, 55.424423, 52.235382>, 0.100000
	pigment { color rgbt <1,0,0,0> }
	no_shadow
}
cylinder {
	<44.603889, 55.663757, 52.238174>,  <44.574524, 56.062649, 52.242828>, 0.100000
	pigment { color rgbt <1,0,0,0> }
	no_shadow
}

// particle -1
sphere {
	<44.603889, 55.663757, 52.238174> 0.100000
	pigment { color rgbt <1,0,0,0> }
	no_shadow
}
sphere {
	0, 1
	scale<0.080000,0.200000,0.300000>
	matrix <0.827436, 0.054394, 0.558920,
		-0.556740, -0.050665, 0.829140,
		0.073418, -0.997233, -0.011639,
		44.625916, 55.364586, 52.234684>
	pigment { color rgbt <0,1,1,0> }
	no_shadow
}
cylinder {
	<44.689365, 55.846050, 53.038132>,  <44.574524, 56.062649, 52.242828>, 0.130000
	pigment { color rgbt <1,0,0,0> }
	no_shadow
}

// nucleotide -1

// particle -1
sphere {
	<44.689365, 55.846050, 53.038132> 0.250000
	pigment { color rgbt <1,0,0,0> }
	no_shadow
}
cylinder {
	<44.834351, 55.556553, 52.803246>,  <44.921341, 55.382854, 52.662312>, 0.100000
	pigment { color rgbt <1,0,0,0> }
	no_shadow
}
cylinder {
	<44.834351, 55.556553, 52.803246>,  <44.689365, 55.846050, 53.038132>, 0.100000
	pigment { color rgbt <1,0,0,0> }
	no_shadow
}

// particle -1
sphere {
	<44.834351, 55.556553, 52.803246> 0.100000
	pigment { color rgbt <1,0,0,0> }
	no_shadow
}
sphere {
	0, 1
	scale<0.080000,0.200000,0.300000>
	matrix <0.900748, 0.110236, 0.420120,
		-0.239325, -0.681212, 0.691863,
		0.362459, -0.723739, -0.587218,
		44.943089, 55.339432, 52.627079>
	pigment { color rgbt <0,1,1,0> }
	no_shadow
}
cylinder {
	<45.202492, 55.553402, 53.487732>,  <44.689365, 55.846050, 53.038132>, 0.130000
	pigment { color rgbt <1,0,0,0> }
	no_shadow
}

// nucleotide -1

// particle -1
sphere {
	<45.202492, 55.553402, 53.487732> 0.250000
	pigment { color rgbt <1,0,0,0> }
	no_shadow
}
cylinder {
	<45.247047, 55.417755, 53.114082>,  <45.273781, 55.336369, 52.889893>, 0.100000
	pigment { color rgbt <1,0,0,0> }
	no_shadow
}
cylinder {
	<45.247047, 55.417755, 53.114082>,  <45.202492, 55.553402, 53.487732>, 0.100000
	pigment { color rgbt <1,0,0,0> }
	no_shadow
}

// particle -1
sphere {
	<45.247047, 55.417755, 53.114082> 0.100000
	pigment { color rgbt <1,0,0,0> }
	no_shadow
}
sphere {
	0, 1
	scale<0.080000,0.200000,0.300000>
	matrix <0.946605, -0.249957, 0.203620,
		-0.302541, -0.906931, 0.293164,
		0.111391, -0.339114, -0.934128,
		45.280464, 55.316021, 52.833843>
	pigment { color rgbt <0,1,1,0> }
	no_shadow
}
cylinder {
	<45.909081, 55.281189, 53.625214>,  <45.202492, 55.553402, 53.487732>, 0.130000
	pigment { color rgbt <1,0,0,0> }
	no_shadow
}

// nucleotide -1

// particle -1
sphere {
	<45.909081, 55.281189, 53.625214> 0.250000
	pigment { color rgbt <1,0,0,0> }
	no_shadow
}
cylinder {
	<45.827385, 55.209496, 53.240265>,  <45.778370, 55.166481, 53.009296>, 0.100000
	pigment { color rgbt <1,0,0,0> }
	no_shadow
}
cylinder {
	<45.827385, 55.209496, 53.240265>,  <45.909081, 55.281189, 53.625214>, 0.100000
	pigment { color rgbt <1,0,0,0> }
	no_shadow
}

// particle -1
sphere {
	<45.827385, 55.209496, 53.240265> 0.100000
	pigment { color rgbt <1,0,0,0> }
	no_shadow
}
sphere {
	0, 1
	scale<0.080000,0.200000,0.300000>
	matrix <0.962856, -0.214155, -0.164455,
		-0.176621, -0.960216, 0.216313,
		-0.204237, -0.179232, -0.962374,
		45.766113, 55.155727, 52.951553>
	pigment { color rgbt <0,1,1,0> }
	no_shadow
}
cylinder {
	<46.288651, 54.675144, 53.437897>,  <45.909081, 55.281189, 53.625214>, 0.130000
	pigment { color rgbt <1,0,0,0> }
	no_shadow
}

// nucleotide -1

// particle -1
sphere {
	<46.288651, 54.675144, 53.437897> 0.250000
	pigment { color rgbt <1,0,0,0> }
	no_shadow
}
cylinder {
	<46.241966, 54.916710, 53.122513>,  <46.213955, 55.061649, 52.933281>, 0.100000
	pigment { color rgbt <1,0,0,0> }
	no_shadow
}
cylinder {
	<46.241966, 54.916710, 53.122513>,  <46.288651, 54.675144, 53.437897>, 0.100000
	pigment { color rgbt <1,0,0,0> }
	no_shadow
}

// particle -1
sphere {
	<46.241966, 54.916710, 53.122513> 0.100000
	pigment { color rgbt <1,0,0,0> }
	no_shadow
}
sphere {
	0, 1
	scale<0.080000,0.200000,0.300000>
	matrix <0.958811, -0.138490, -0.247997,
		-0.258962, -0.784925, -0.562878,
		-0.116706, 0.603915, -0.788458,
		46.206955, 55.097885, 52.885975>
	pigment { color rgbt <0,1,1,0> }
	no_shadow
}
cylinder {
	<46.569767, 54.374775, 52.862823>,  <46.288651, 54.675144, 53.437897>, 0.130000
	pigment { color rgbt <1,0,0,0> }
	no_shadow
}

// nucleotide -1

// particle -1
sphere {
	<46.569767, 54.374775, 52.862823> 0.250000
	pigment { color rgbt <1,0,0,0> }
	no_shadow
}
cylinder {
	<46.601120, 54.773331, 52.875832>,  <46.619934, 55.012466, 52.883636>, 0.100000
	pigment { color rgbt <1,0,0,0> }
	no_shadow
}
cylinder {
	<46.601120, 54.773331, 52.875832>,  <46.569767, 54.374775, 52.862823>, 0.100000
	pigment { color rgbt <1,0,0,0> }
	no_shadow
}

// particle -1
sphere {
	<46.601120, 54.773331, 52.875832> 0.100000
	pigment { color rgbt <1,0,0,0> }
	no_shadow
}
sphere {
	0, 1
	scale<0.080000,0.200000,0.300000>
	matrix <0.996662, -0.077575, -0.025439,
		-0.022824, 0.034409, -0.999147,
		0.078385, 0.996392, 0.032524,
		46.624634, 55.072250, 52.885590>
	pigment { color rgbt <0,1,1,0> }
	no_shadow
}
cylinder {
	<47.019379, 54.690990, 52.207653>,  <46.569767, 54.374775, 52.862823>, 0.130000
	pigment { color rgbt <1,0,0,0> }
	no_shadow
}

// nucleotide -1

// particle -1
sphere {
	<47.019379, 54.690990, 52.207653> 0.250000
	pigment { color rgbt <1,0,0,0> }
	no_shadow
}
cylinder {
	<47.028004, 54.859985, 52.570099>,  <47.033176, 54.961384, 52.787567>, 0.100000
	pigment { color rgbt <1,0,0,0> }
	no_shadow
}
cylinder {
	<47.028004, 54.859985, 52.570099>,  <47.019379, 54.690990, 52.207653>, 0.100000
	pigment { color rgbt <1,0,0,0> }
	no_shadow
}

// particle -1
sphere {
	<47.028004, 54.859985, 52.570099> 0.100000
	pigment { color rgbt <1,0,0,0> }
	no_shadow
}
sphere {
	0, 1
	scale<0.080000,0.200000,0.300000>
	matrix <0.997465, -0.070564, 0.009168,
		0.067812, 0.903618, -0.422937,
		0.021559, 0.422487, 0.906113,
		47.034473, 54.986732, 52.841934>
	pigment { color rgbt <0,1,1,0> }
	no_shadow
}
cylinder {
	<47.457558, 55.216717, 52.211002>,  <47.019379, 54.690990, 52.207653>, 0.130000
	pigment { color rgbt <1,0,0,0> }
	no_shadow
}

// nucleotide -1

// particle -1
sphere {
	<47.457558, 55.216717, 52.211002> 0.250000
	pigment { color rgbt <1,0,0,0> }
	no_shadow
}
cylinder {
	<47.420010, 55.091248, 52.588955>,  <47.397480, 55.015965, 52.815727>, 0.100000
	pigment { color rgbt <1,0,0,0> }
	no_shadow
}
cylinder {
	<47.420010, 55.091248, 52.588955>,  <47.457558, 55.216717, 52.211002>, 0.100000
	pigment { color rgbt <1,0,0,0> }
	no_shadow
}

// particle -1
sphere {
	<47.420010, 55.091248, 52.588955> 0.100000
	pigment { color rgbt <1,0,0,0> }
	no_shadow
}
sphere {
	0, 1
	scale<0.080000,0.200000,0.300000>
	matrix <0.995582, -0.027177, 0.089881,
		-0.002514, 0.949142, 0.314837,
		-0.093866, -0.313672, 0.944880,
		47.391850, 54.997147, 52.872417>
	pigment { color rgbt <0,1,1,0> }
	no_shadow
}
cylinder {
	<48.054634, 55.541897, 52.550472>,  <47.457558, 55.216717, 52.211002>, 0.130000
	pigment { color rgbt <1,0,0,0> }
	no_shadow
}

// nucleotide -1

// particle -1
sphere {
	<48.054634, 55.541897, 52.550472> 0.250000
	pigment { color rgbt <1,0,0,0> }
	no_shadow
}
cylinder {
	<47.914791, 55.261803, 52.799454>,  <47.830887, 55.093746, 52.948841>, 0.100000
	pigment { color rgbt <1,0,0,0> }
	no_shadow
}
cylinder {
	<47.914791, 55.261803, 52.799454>,  <48.054634, 55.541897, 52.550472>, 0.100000
	pigment { color rgbt <1,0,0,0> }
	no_shadow
}

// particle -1
sphere {
	<47.914791, 55.261803, 52.799454> 0.100000
	pigment { color rgbt <1,0,0,0> }
	no_shadow
}
sphere {
	0, 1
	scale<0.080000,0.200000,0.300000>
	matrix <0.897129, -0.058694, 0.437853,
		-0.270067, 0.711492, 0.648723,
		-0.349605, -0.700238, 0.622449,
		47.809910, 55.051731, 52.986187>
	pigment { color rgbt <0,1,1,0> }
	no_shadow
}
cylinder {
	<48.178726, 55.603340, 53.325169>,  <48.054634, 55.541897, 52.550472>, 0.130000
	pigment { color rgbt <1,0,0,0> }
	no_shadow
}

// nucleotide -1

// particle -1
sphere {
	<48.178726, 55.603340, 53.325169> 0.250000
	pigment { color rgbt <1,0,0,0> }
	no_shadow
}
cylinder {
	<48.175289, 55.236446, 53.165863>,  <48.173225, 55.016312, 53.070278>, 0.100000
	pigment { color rgbt <1,0,0,0> }
	no_shadow
}
cylinder {
	<48.175289, 55.236446, 53.165863>,  <48.178726, 55.603340, 53.325169>, 0.100000
	pigment { color rgbt <1,0,0,0> }
	no_shadow
}

// particle -1
sphere {
	<48.175289, 55.236446, 53.165863> 0.100000
	pigment { color rgbt <1,0,0,0> }
	no_shadow
}
sphere {
	0, 1
	scale<0.080000,0.200000,0.300000>
	matrix <0.974852, -0.096379, 0.200936,
		-0.222689, -0.386520, 0.894993,
		-0.008593, -0.917231, -0.398263,
		48.172710, 54.961277, 53.046383>
	pigment { color rgbt <0,1,1,0> }
	no_shadow
}
cylinder {
	<48.238514, 55.627922, 54.049458>,  <48.178726, 55.603340, 53.325169>, 0.130000
	pigment { color rgbt <1,0,0,0> }
	no_shadow
}

// nucleotide -1

// particle -1
sphere {
	<48.238514, 55.627922, 54.049458> 0.250000
	pigment { color rgbt <1,0,0,0> }
	no_shadow
}
cylinder {
	<48.210255, 55.961212, 54.268814>,  <48.193298, 56.161186, 54.400429>, 0.100000
	pigment { color rgbt <1,0,0,0> }
	no_shadow
}
cylinder {
	<48.210255, 55.961212, 54.268814>,  <48.238514, 55.627922, 54.049458>, 0.100000
	pigment { color rgbt <1,0,0,0> }
	no_shadow
}

// particle -1
sphere {
	<48.210255, 55.961212, 54.268814> 0.100000
	pigment { color rgbt <1,0,0,0> }
	no_shadow
}
sphere {
	0, 1
	scale<0.080000,0.200000,0.300000>
	matrix <-0.963913, 0.084441, -0.252470,
		-0.256672, -0.546442, 0.797196,
		-0.070644, 0.833229, 0.548396,
		48.189060, 56.211182, 54.433334>
	pigment { color rgbt <0,1,1,0> }
	no_shadow
}
cylinder {
	<48.944366, 55.659958, 54.194981>,  <48.238514, 55.627922, 54.049458>, 0.130000
	pigment { color rgbt <1,0,0,0> }
	no_shadow
}

// nucleotide -1

// particle -1
sphere {
	<48.944366, 55.659958, 54.194981> 0.250000
	pigment { color rgbt <1,0,0,0> }
	no_shadow
}
cylinder {
	<49.290764, 55.593491, 54.383636>,  <49.498604, 55.553612, 54.496830>, 0.100000
	pigment { color rgbt <1,0,0,0> }
	no_shadow
}
cylinder {
	<49.290764, 55.593491, 54.383636>,  <48.944366, 55.659958, 54.194981>, 0.100000
	pigment { color rgbt <1,0,0,0> }
	no_shadow
}

// particle -1
sphere {
	<49.290764, 55.593491, 54.383636> 0.100000
	pigment { color rgbt <1,0,0,0> }
	no_shadow
}
sphere {
	0, 1
	scale<0.080000,0.200000,0.300000>
	matrix <0.330084, 0.898448, -0.289545,
		-0.375627, 0.406424, 0.832901,
		0.865996, -0.166166, 0.471635,
		49.550564, 55.543640, 54.525127>
	pigment { color rgbt <0,1,1,0> }
	no_shadow
}
cylinder {
	<49.105789, 56.199162, 54.759712>,  <48.944366, 55.659958, 54.194981>, 0.130000
	pigment { color rgbt <1,0,0,0> }
	no_shadow
}

// nucleotide -1

// particle -1
sphere {
	<49.105789, 56.199162, 54.759712> 0.250000
	pigment { color rgbt <1,0,0,0> }
	no_shadow
}
cylinder {
	<49.414906, 56.046963, 54.556534>,  <49.600376, 55.955643, 54.434628>, 0.100000
	pigment { color rgbt <1,0,0,0> }
	no_shadow
}
cylinder {
	<49.414906, 56.046963, 54.556534>,  <49.105789, 56.199162, 54.759712>, 0.100000
	pigment { color rgbt <1,0,0,0> }
	no_shadow
}

// particle -1
sphere {
	<49.414906, 56.046963, 54.556534> 0.100000
	pigment { color rgbt <1,0,0,0> }
	no_shadow
}
sphere {
	0, 1
	scale<0.080000,0.200000,0.300000>
	matrix <0.169838, 0.895144, -0.412154,
		0.611510, 0.232242, 0.756386,
		0.772794, -0.380500, -0.507946,
		49.646744, 55.932812, 54.404148>
	pigment { color rgbt <0,1,1,0> }
	no_shadow
}
cylinder {
	<49.709366, 56.528358, 55.099911>,  <49.105789, 56.199162, 54.759712>, 0.130000
	pigment { color rgbt <1,0,0,0> }
	no_shadow
}

// nucleotide -1

// particle -1
sphere {
	<49.709366, 56.528358, 55.099911> 0.250000
	pigment { color rgbt <1,0,0,0> }
	no_shadow
}
cylinder {
	<49.735142, 56.401779, 54.721344>,  <49.750607, 56.325832, 54.494205>, 0.100000
	pigment { color rgbt <1,0,0,0> }
	no_shadow
}
cylinder {
	<49.735142, 56.401779, 54.721344>,  <49.709366, 56.528358, 55.099911>, 0.100000
	pigment { color rgbt <1,0,0,0> }
	no_shadow
}

// particle -1
sphere {
	<49.735142, 56.401779, 54.721344> 0.100000
	pigment { color rgbt <1,0,0,0> }
	no_shadow
}
sphere {
	0, 1
	scale<0.080000,0.200000,0.300000>
	matrix <0.140012, 0.941875, -0.305399,
		0.988051, -0.112830, 0.105002,
		0.064440, -0.316451, -0.946418,
		49.754475, 56.306843, 54.437420>
	pigment { color rgbt <0,1,1,0> }
	no_shadow
}
cylinder {
	<50.240013, 56.786728, 54.766209>,  <49.709366, 56.528358, 55.099911>, 0.130000
	pigment { color rgbt <1,0,0,0> }
	no_shadow
}

// nucleotide -1

// particle -1
sphere {
	<50.240013, 56.786728, 54.766209> 0.250000
	pigment { color rgbt <1,0,0,0> }
	no_shadow
}
cylinder {
	<49.986958, 56.732647, 54.461189>,  <49.835125, 56.700199, 54.278175>, 0.100000
	pigment { color rgbt <1,0,0,0> }
	no_shadow
}
cylinder {
	<49.986958, 56.732647, 54.461189>,  <50.240013, 56.786728, 54.766209>, 0.100000
	pigment { color rgbt <1,0,0,0> }
	no_shadow
}

// particle -1
sphere {
	<49.986958, 56.732647, 54.461189> 0.100000
	pigment { color rgbt <1,0,0,0> }
	no_shadow
}
sphere {
	0, 1
	scale<0.080000,0.200000,0.300000>
	matrix <0.386414, 0.798210, -0.462109,
		0.671156, -0.587010, -0.452735,
		-0.632640, -0.135203, -0.762553,
		49.797165, 56.692085, 54.232422>
	pigment { color rgbt <0,1,1,0> }
	no_shadow
}
cylinder {
	<50.434990, 56.885021, 54.066246>,  <50.240013, 56.786728, 54.766209>, 0.130000
	pigment { color rgbt <1,0,0,0> }
	no_shadow
}

// nucleotide -1

// particle -1
sphere {
	<50.434990, 56.885021, 54.066246> 0.250000
	pigment { color rgbt <1,0,0,0> }
	no_shadow
}
cylinder {
	<50.045570, 56.973091, 54.041828>,  <49.811920, 57.025932, 54.027180>, 0.100000
	pigment { color rgbt <1,0,0,0> }
	no_shadow
}
cylinder {
	<50.045570, 56.973091, 54.041828>,  <50.434990, 56.885021, 54.066246>, 0.100000
	pigment { color rgbt <1,0,0,0> }
	no_shadow
}

// particle -1
sphere {
	<50.045570, 56.973091, 54.041828> 0.100000
	pigment { color rgbt <1,0,0,0> }
	no_shadow
}
sphere {
	0, 1
	scale<0.080000,0.200000,0.300000>
	matrix <0.218599, 0.819863, -0.529186,
		-0.066468, -0.528532, -0.846307,
		-0.973548, 0.220176, -0.061042,
		49.753506, 57.039143, 54.023514>
	pigment { color rgbt <0,1,1,0> }
	no_shadow
}
cylinder {
	<50.438473, 57.368916, 53.515667>,  <50.434990, 56.885021, 54.066246>, 0.130000
	pigment { color rgbt <1,0,0,0> }
	no_shadow
}

// nucleotide -1

// particle -1
sphere {
	<50.438473, 57.368916, 53.515667> 0.250000
	pigment { color rgbt <1,0,0,0> }
	no_shadow
}
cylinder {
	<50.782177, 57.470463, 53.693306>,  <50.988400, 57.531391, 53.799889>, 0.100000
	pigment { color rgbt <1,0,0,0> }
	no_shadow
}
cylinder {
	<50.782177, 57.470463, 53.693306>,  <50.438473, 57.368916, 53.515667>, 0.100000
	pigment { color rgbt <1,0,0,0> }
	no_shadow
}

// particle -1
sphere {
	<50.782177, 57.470463, 53.693306> 0.100000
	pigment { color rgbt <1,0,0,0> }
	no_shadow
}
sphere {
	0, 1
	scale<0.080000,0.200000,0.300000>
	matrix <0.502212, -0.253692, -0.826694,
		-0.097206, 0.933378, -0.345482,
		0.859264, 0.253865, 0.444093,
		51.039955, 57.546623, 53.826534>
	pigment { color rgbt <0,1,1,0> }
	no_shadow
}
cylinder {
	<50.792206, 57.689819, 52.995716>,  <50.438473, 57.368916, 53.515667>, 0.130000
	pigment { color rgbt <1,0,0,0> }
	no_shadow
}

// nucleotide -1

// particle -1
sphere {
	<50.792206, 57.689819, 52.995716> 0.250000
	pigment { color rgbt <1,0,0,0> }
	no_shadow
}
cylinder {
	<51.037247, 57.550400, 53.279472>,  <51.184273, 57.466747, 53.449726>, 0.100000
	pigment { color rgbt <1,0,0,0> }
	no_shadow
}
cylinder {
	<51.037247, 57.550400, 53.279472>,  <50.792206, 57.689819, 52.995716>, 0.100000
	pigment { color rgbt <1,0,0,0> }
	no_shadow
}

// particle -1
sphere {
	<51.037247, 57.550400, 53.279472> 0.100000
	pigment { color rgbt <1,0,0,0> }
	no_shadow
}
sphere {
	0, 1
	scale<0.080000,0.200000,0.300000>
	matrix <0.517556, -0.501444, -0.693318,
		0.597372, 0.791878, -0.126795,
		0.612603, -0.348545, 0.709389,
		51.221027, 57.445835, 53.492290>
	pigment { color rgbt <0,1,1,0> }
	no_shadow
}
cylinder {
	<51.384815, 57.552467, 52.615345>,  <50.792206, 57.689819, 52.995716>, 0.130000
	pigment { color rgbt <1,0,0,0> }
	no_shadow
}

// nucleotide -1

// particle -1
sphere {
	<51.384815, 57.552467, 52.615345> 0.250000
	pigment { color rgbt <1,0,0,0> }
	no_shadow
}
cylinder {
	<51.419823, 57.330788, 52.946453>,  <51.440826, 57.197781, 53.145119>, 0.100000
	pigment { color rgbt <1,0,0,0> }
	no_shadow
}
cylinder {
	<51.419823, 57.330788, 52.946453>,  <51.384815, 57.552467, 52.615345>, 0.100000
	pigment { color rgbt <1,0,0,0> }
	no_shadow
}

// particle -1
sphere {
	<51.419823, 57.330788, 52.946453> 0.100000
	pigment { color rgbt <1,0,0,0> }
	no_shadow
}
sphere {
	0, 1
	scale<0.080000,0.200000,0.300000>
	matrix <0.554830, -0.663021, -0.502560,
		0.827347, 0.503256, 0.249458,
		0.087521, -0.554199, 0.827771,
		51.446079, 57.164528, 53.194786>
	pigment { color rgbt <0,1,1,0> }
	no_shadow
}
cylinder {
	<52.072311, 57.505695, 52.659630>,  <51.384815, 57.552467, 52.615345>, 0.130000
	pigment { color rgbt <1,0,0,0> }
	no_shadow
}

// nucleotide -1

// particle -1
sphere {
	<52.072311, 57.505695, 52.659630> 0.250000
	pigment { color rgbt <1,0,0,0> }
	no_shadow
}
cylinder {
	<51.901993, 57.180973, 52.819462>,  <51.799801, 56.986141, 52.915359>, 0.100000
	pigment { color rgbt <1,0,0,0> }
	no_shadow
}
cylinder {
	<51.901993, 57.180973, 52.819462>,  <52.072311, 57.505695, 52.659630>, 0.100000
	pigment { color rgbt <1,0,0,0> }
	no_shadow
}

// particle -1
sphere {
	<51.901993, 57.180973, 52.819462> 0.100000
	pigment { color rgbt <1,0,0,0> }
	no_shadow
}
sphere {
	0, 1
	scale<0.080000,0.200000,0.300000>
	matrix <0.544928, -0.582621, -0.602998,
		0.722321, -0.039015, 0.690457,
		-0.425801, -0.811807, 0.399579,
		51.774254, 56.937431, 52.939335>
	pigment { color rgbt <0,1,1,0> }
	no_shadow
}
cylinder {
	<52.587128, 57.027996, 52.911972>,  <52.072311, 57.505695, 52.659630>, 0.130000
	pigment { color rgbt <1,0,0,0> }
	no_shadow
}

// nucleotide -1

// particle -1
sphere {
	<52.587128, 57.027996, 52.911972> 0.250000
	pigment { color rgbt <1,0,0,0> }
	no_shadow
}
cylinder {
	<52.246746, 56.867661, 52.776207>,  <52.042515, 56.771461, 52.694748>, 0.100000
	pigment { color rgbt <1,0,0,0> }
	no_shadow
}
cylinder {
	<52.246746, 56.867661, 52.776207>,  <52.587128, 57.027996, 52.911972>, 0.100000
	pigment { color rgbt <1,0,0,0> }
	no_shadow
}

// particle -1
sphere {
	<52.246746, 56.867661, 52.776207> 0.100000
	pigment { color rgbt <1,0,0,0> }
	no_shadow
}
sphere {
	0, 1
	scale<0.080000,0.200000,0.300000>
	matrix <0.497990, -0.410321, -0.763965,
		0.166959, -0.819125, 0.548779,
		-0.850959, -0.400837, -0.339409,
		51.991459, 56.747410, 52.674385>
	pigment { color rgbt <0,1,1,0> }
	no_shadow
}
cylinder {
	<52.631210, 57.698414, 53.212955>,  <52.587128, 57.027996, 52.911972>, 0.130000
	pigment { color rgbt <1,0,0,0> }
	no_shadow
}

// nucleotide -1

// particle -1
sphere {
	<52.631210, 57.698414, 53.212955> 0.250000
	pigment { color rgbt <1,0,0,0> }
	no_shadow
}
cylinder {
	<52.500450, 57.484493, 53.524628>,  <52.421993, 57.356140, 53.711632>, 0.100000
	pigment { color rgbt <1,0,0,0> }
	no_shadow
}
cylinder {
	<52.500450, 57.484493, 53.524628>,  <52.631210, 57.698414, 53.212955>, 0.100000
	pigment { color rgbt <1,0,0,0> }
	no_shadow
}

// particle -1
sphere {
	<52.500450, 57.484493, 53.524628> 0.100000
	pigment { color rgbt <1,0,0,0> }
	no_shadow
}
sphere {
	0, 1
	scale<0.080000,0.200000,0.300000>
	matrix <0.843951, 0.205838, 0.495356,
		-0.425302, 0.819524, 0.384056,
