// switches for output
#declare DRAW_BASES = 1; // possible values are 0, 1; only relevant for DNA ribbons
#declare DRAW_BASES_TYPE = 3; // possible values are 1, 2, 3; only relevant for DNA ribbons
#declare DRAW_FOG = 0; // set to 1 to enable fog

#include "colors.inc"

#include "transforms.inc"
background { rgb <1, 1, 1>}

#default {
   normal{
       ripples 0.25
       frequency 0.20
       turbulence 0.2
       lambda 5
   }
	finish {
		phong 0.1
		phong_size 40.
	}
}

// original window dimensions: 1024x640


// camera settings

camera {
	sky <-0, 1, 0>
	up <-0, 1, 0>
	right 1.6 * <0.99995, 0, 0.00999983>
	location <54.4867, 55, 106.329>
	look_at <55, 55, 55.0001>
	direction <0.513302, 0, -51.3289>
	angle 67.0682
}


# declare cpy_camera_pos = <54.4867, 55, 106.329>;
# if (DRAW_FOG = 1)
fog {
	fog_type 2
	up vnormalize(cpy_camera_pos)
	color rgbt<1,1,1,0.3>
	distance 1e-5
	fog_alt 3e-3
	fog_offset 88
}
# end


// LIGHTS

# declare lum = 6;
global_settings {
	ambient_light rgb lum * <0.05, 0.05, 0.05>
	max_trace_level 15
}# declare cpy_direct_light_amount = 0.25;
light_source
{	1000 * <-0.98995, -1, 1.00995>,
	rgb lum * cpy_direct_light_amount
	parallel
}

light_source
{	1000 * <0.98995, 1, -1.00995>,
	rgb lum * cpy_direct_light_amount
	parallel
}

// strand 0

// nucleotide -1

// particle -1
sphere {
	<35.714798, 52.957294, 50.315399> 0.250000
	pigment { color rgbt <1,0,0,0> }
	no_shadow
}
cylinder {
	<35.812481, 53.219391, 50.029457>,  <35.871090, 53.376648, 49.857891>, 0.100000
	pigment { color rgbt <1,0,0,0> }
	no_shadow
}
cylinder {
	<35.812481, 53.219391, 50.029457>,  <35.714798, 52.957294, 50.315399>, 0.100000
	pigment { color rgbt <1,0,0,0> }
	no_shadow
}

// particle -1
sphere {
	<35.812481, 53.219391, 50.029457> 0.100000
	pigment { color rgbt <1,0,0,0> }
	no_shadow
}
sphere {
	0, 1
	scale<0.080000,0.200000,0.300000>
	matrix <-0.095646, 0.749856, 0.654651,
		0.964995, -0.091497, 0.245791,
		0.244207, 0.655244, -0.714856,
		35.885742, 53.415962, 49.814999>
	pigment { color rgbt <0,1,1,0> }
	no_shadow
}
cylinder {
	<36.373009, 53.312088, 50.540882>,  <35.714798, 52.957294, 50.315399>, 0.130000
	pigment { color rgbt <1,0,0,0> }
	no_shadow
}

// nucleotide -1

// particle -1
sphere {
	<36.373009, 53.312088, 50.540882> 0.250000
	pigment { color rgbt <1,0,0,0> }
	no_shadow
}
cylinder {
	<36.124538, 53.491348, 50.283730>,  <35.975456, 53.598904, 50.129436>, 0.100000
	pigment { color rgbt <1,0,0,0> }
	no_shadow
}
cylinder {
	<36.124538, 53.491348, 50.283730>,  <36.373009, 53.312088, 50.540882>, 0.100000
	pigment { color rgbt <1,0,0,0> }
	no_shadow
}

// particle -1
sphere {
	<36.124538, 53.491348, 50.283730> 0.100000
	pigment { color rgbt <1,0,0,0> }
	no_shadow
}
sphere {
	0, 1
	scale<0.080000,0.200000,0.300000>
	matrix <-0.089423, 0.774458, 0.626273,
		0.778553, 0.446514, -0.440999,
		-0.621175, 0.448151, -0.642885,
		35.938187, 53.625793, 50.090862>
	pigment { color rgbt <0,1,1,0> }
	no_shadow
}
cylinder {
	<36.575680, 53.904484, 50.414207>,  <36.373009, 53.312088, 50.540882>, 0.130000
	pigment { color rgbt <1,0,0,0> }
	no_shadow
}

// nucleotide -1

// particle -1
sphere {
	<36.575680, 53.904484, 50.414207> 0.250000
	pigment { color rgbt <1,0,0,0> }
	no_shadow
}
cylinder {
	<36.182613, 53.939995, 50.349110>,  <35.946774, 53.961300, 50.310051>, 0.100000
	pigment { color rgbt <1,0,0,0> }
	no_shadow
}
cylinder {
	<36.182613, 53.939995, 50.349110>,  <36.575680, 53.904484, 50.414207>, 0.100000
	pigment { color rgbt <1,0,0,0> }
	no_shadow
}

// particle -1
sphere {
	<36.182613, 53.939995, 50.349110> 0.100000
	pigment { color rgbt <1,0,0,0> }
	no_shadow
}
sphere {
	0, 1
	scale<0.080000,0.200000,0.300000>
	matrix <0.013060, 0.908847, 0.416926,
		0.184925, 0.407573, -0.894252,
		-0.982666, 0.088779, -0.162745,
		35.887814, 53.966629, 50.300285>
	pigment { color rgbt <0,1,1,0> }
	no_shadow
}
cylinder {
	<36.359016, 54.518425, 50.000675>,  <36.575680, 53.904484, 50.414207>, 0.130000
	pigment { color rgbt <1,0,0,0> }
	no_shadow
}

// nucleotide -1

// particle -1
sphere {
	<36.359016, 54.518425, 50.000675> 0.250000
	pigment { color rgbt <1,0,0,0> }
	no_shadow
}
cylinder {
	<36.025978, 54.449036, 50.211082>,  <35.826157, 54.407402, 50.337326>, 0.100000
	pigment { color rgbt <1,0,0,0> }
	no_shadow
}
cylinder {
	<36.025978, 54.449036, 50.211082>,  <36.359016, 54.518425, 50.000675>, 0.100000
	pigment { color rgbt <1,0,0,0> }
	no_shadow
}

// particle -1
sphere {
	<36.025978, 54.449036, 50.211082> 0.100000
	pigment { color rgbt <1,0,0,0> }
	no_shadow
}
sphere {
	0, 1
	scale<0.080000,0.200000,0.300000>
	matrix <0.072364, 0.907482, 0.413810,
		-0.549139, 0.382600, -0.743010,
		-0.832592, -0.173472, 0.526021,
		35.776199, 54.396996, 50.368889>
	pigment { color rgbt <0,1,1,0> }
	no_shadow
}
cylinder {
	<36.314011, 54.760136, 50.681946>,  <36.359016, 54.518425, 50.000675>, 0.130000
	pigment { color rgbt <1,0,0,0> }
	no_shadow
}

// nucleotide -1

// particle -1
sphere {
	<36.314011, 54.760136, 50.681946> 0.250000
	pigment { color rgbt <1,0,0,0> }
	no_shadow
}
cylinder {
	<35.984272, 54.770390, 50.908146>,  <35.786430, 54.776543, 51.043865>, 0.100000
	pigment { color rgbt <1,0,0,0> }
	no_shadow
}
cylinder {
	<35.984272, 54.770390, 50.908146>,  <36.314011, 54.760136, 50.681946>, 0.100000
	pigment { color rgbt <1,0,0,0> }
	no_shadow
}

// particle -1
sphere {
	<35.984272, 54.770390, 50.908146> 0.100000
	pigment { color rgbt <1,0,0,0> }
	no_shadow
}
sphere {
	0, 1
	scale<0.080000,0.200000,0.300000>
	matrix <0.492171, -0.461097, 0.738348,
		0.279676, 0.886979, 0.367490,
		-0.824348, 0.025631, 0.565503,
		35.736969, 54.778080, 51.077797>
	pigment { color rgbt <0,1,1,0> }
	no_shadow
}
cylinder {
	<36.385612, 55.229240, 51.419338>,  <36.314011, 54.760136, 50.681946>, 0.130000
	pigment { color rgbt <1,0,0,0> }
	no_shadow
}

// nucleotide -1

// particle -1
sphere {
	<36.385612, 55.229240, 51.419338> 0.250000
	pigment { color rgbt <1,0,0,0> }
	no_shadow
}
cylinder {
	<36.129986, 54.921646, 51.425606>,  <35.976608, 54.737087, 51.429367>, 0.100000
	pigment { color rgbt <1,0,0,0> }
	no_shadow
}
cylinder {
	<36.129986, 54.921646, 51.425606>,  <36.385612, 55.229240, 51.419338>, 0.100000
	pigment { color rgbt <1,0,0,0> }
	no_shadow
}

// particle -1
sphere {
	<36.129986, 54.921646, 51.425606> 0.100000
	pigment { color rgbt <1,0,0,0> }
	no_shadow
}
sphere {
	0, 1
	scale<0.080000,0.200000,0.300000>
	matrix <0.546126, -0.439324, 0.713261,
		-0.541606, 0.464381, 0.700723,
		-0.639070, -0.768989, 0.015670,
		35.938267, 54.690948, 51.430305>
	pigment { color rgbt <0,1,1,0> }
	no_shadow
}
cylinder {
	<36.298470, 55.198223, 52.154598>,  <36.385612, 55.229240, 51.419338>, 0.130000
	pigment { color rgbt <1,0,0,0> }
	no_shadow
}

// nucleotide -1

// particle -1
sphere {
	<36.298470, 55.198223, 52.154598> 0.250000
	pigment { color rgbt <1,0,0,0> }
	no_shadow
}
cylinder {
	<36.691547, 55.132774, 52.119850>,  <36.927395, 55.093506, 52.099003>, 0.100000
	pigment { color rgbt <1,0,0,0> }
	no_shadow
}
cylinder {
	<36.691547, 55.132774, 52.119850>,  <36.298470, 55.198223, 52.154598>, 0.100000
	pigment { color rgbt <1,0,0,0> }
	no_shadow
}

// particle -1
sphere {
	<36.691547, 55.132774, 52.119850> 0.100000
	pigment { color rgbt <1,0,0,0> }
	no_shadow
}
sphere {
	0, 1
	scale<0.080000,0.200000,0.300000>
	matrix <0.011643, 0.522542, -0.852534,
		0.184881, 0.836767, 0.515403,
		0.982692, -0.163619, -0.086866,
		36.986355, 55.083691, 52.093792>
	pigment { color rgbt <0,1,1,0> }
	no_shadow
}
cylinder {
	<36.728931, 55.929340, 51.999950>,  <36.298470, 55.198223, 52.154598>, 0.130000
	pigment { color rgbt <1,0,0,0> }
	no_shadow
}

// nucleotide -1

// particle -1
sphere {
	<36.728931, 55.929340, 51.999950> 0.250000
	pigment { color rgbt <1,0,0,0> }
	no_shadow
}
cylinder {
	<36.921856, 55.600765, 51.878227>,  <37.037613, 55.403618, 51.805191>, 0.100000
	pigment { color rgbt <1,0,0,0> }
	no_shadow
}
cylinder {
	<36.921856, 55.600765, 51.878227>,  <36.728931, 55.929340, 51.999950>, 0.100000
	pigment { color rgbt <1,0,0,0> }
	no_shadow
}

// particle -1
sphere {
	<36.921856, 55.600765, 51.878227> 0.100000
	pigment { color rgbt <1,0,0,0> }
	no_shadow
}
sphere {
	0, 1
	scale<0.080000,0.200000,0.300000>
	matrix <0.202868, 0.442685, -0.873427,
		0.852183, 0.359532, 0.380158,
		0.482315, -0.821442, -0.304311,
		37.066551, 55.354332, 51.786934>
	pigment { color rgbt <0,1,1,0> }
	no_shadow
}
cylinder {
	<37.416588, 56.145496, 51.794605>,  <36.728931, 55.929340, 51.999950>, 0.130000
	pigment { color rgbt <1,0,0,0> }
	no_shadow
}

// nucleotide -1

// particle -1
sphere {
	<37.416588, 56.145496, 51.794605> 0.250000
	pigment { color rgbt <1,0,0,0> }
	no_shadow
}
cylinder {
	<37.339817, 55.786835, 51.635021>,  <37.293755, 55.571636, 51.539268>, 0.100000
	pigment { color rgbt <1,0,0,0> }
	no_shadow
}
cylinder {
	<37.339817, 55.786835, 51.635021>,  <37.416588, 56.145496, 51.794605>, 0.100000
	pigment { color rgbt <1,0,0,0> }
	no_shadow
}

// particle -1
sphere {
	<37.339817, 55.786835, 51.635021> 0.100000
	pigment { color rgbt <1,0,0,0> }
	no_shadow
}
sphere {
	0, 1
	scale<0.080000,0.200000,0.300000>
	matrix <0.449107, 0.281215, -0.848069,
		0.872620, -0.341946, 0.348721,
		-0.191928, -0.896656, -0.398964,
		37.282238, 55.517838, 51.515331>
	pigment { color rgbt <0,1,1,0> }
	no_shadow
}
cylinder {
	<37.985699, 55.951878, 51.457096>,  <37.416588, 56.145496, 51.794605>, 0.130000
	pigment { color rgbt <1,0,0,0> }
	no_shadow
}

// nucleotide -1

// particle -1
sphere {
	<37.985699, 55.951878, 51.457096> 0.250000
	pigment { color rgbt <1,0,0,0> }
	no_shadow
}
cylinder {
	<37.656662, 55.775223, 51.313828>,  <37.459240, 55.669228, 51.227867>, 0.100000
	pigment { color rgbt <1,0,0,0> }
	no_shadow
}
cylinder {
	<37.656662, 55.775223, 51.313828>,  <37.985699, 55.951878, 51.457096>, 0.100000
	pigment { color rgbt <1,0,0,0> }
	no_shadow
}

// particle -1
sphere {
	<37.656662, 55.775223, 51.313828> 0.100000
	pigment { color rgbt <1,0,0,0> }
	no_shadow
}
sphere {
	0, 1
	scale<0.080000,0.200000,0.300000>
	matrix <0.284319, 0.226047, -0.931700,
		0.492441, -0.868249, -0.060379,
		-0.822596, -0.441641, -0.358174,
		37.409882, 55.642731, 51.206375>
	pigment { color rgbt <0,1,1,0> }
	no_shadow
}
cylinder {
	<38.302681, 55.495209, 51.037598>,  <37.985699, 55.951878, 51.457096>, 0.130000
	pigment { color rgbt <1,0,0,0> }
	no_shadow
}

// nucleotide -1

// particle -1
sphere {
	<38.302681, 55.495209, 51.037598> 0.250000
	pigment { color rgbt <1,0,0,0> }
	no_shadow
}
cylinder {
	<37.957233, 55.661530, 50.923569>,  <37.749966, 55.761322, 50.855152>, 0.100000
	pigment { color rgbt <1,0,0,0> }
	no_shadow
}
cylinder {
	<37.957233, 55.661530, 50.923569>,  <38.302681, 55.495209, 51.037598>, 0.100000
	pigment { color rgbt <1,0,0,0> }
	no_shadow
}

// particle -1
sphere {
	<37.957233, 55.661530, 50.923569> 0.100000
	pigment { color rgbt <1,0,0,0> }
	no_shadow
}
sphere {
	0, 1
	scale<0.080000,0.200000,0.300000>
	matrix <0.418435, 0.275798, -0.865360,
		-0.281191, -0.866630, -0.412170,
		-0.863622, 0.415798, -0.285076,
		37.698147, 55.786270, 50.838047>
	pigment { color rgbt <0,1,1,0> }
	no_shadow
}
cylinder {
	<38.432045, 55.726055, 50.357407>,  <38.302681, 55.495209, 51.037598>, 0.130000
	pigment { color rgbt <1,0,0,0> }
	no_shadow
}

// nucleotide -1

// particle -1
sphere {
	<38.432045, 55.726055, 50.357407> 0.250000
	pigment { color rgbt <1,0,0,0> }
	no_shadow
}
cylinder {
	<38.052444, 55.844761, 50.399979>,  <37.824684, 55.915985, 50.425522>, 0.100000
	pigment { color rgbt <1,0,0,0> }
	no_shadow
}
cylinder {
	<38.052444, 55.844761, 50.399979>,  <38.432045, 55.726055, 50.357407>, 0.100000
	pigment { color rgbt <1,0,0,0> }
	no_shadow
}

// particle -1
sphere {
	<38.052444, 55.844761, 50.399979> 0.100000
	pigment { color rgbt <1,0,0,0> }
	no_shadow
}
sphere {
	0, 1
	scale<0.080000,0.200000,0.300000>
	matrix <0.037108, 0.440381, -0.897044,
		-0.313084, -0.847345, -0.428934,
		-0.949000, 0.296767, 0.106433,
		37.767746, 55.933792, 50.431908>
	pigment { color rgbt <0,1,1,0> }
	no_shadow
}
cylinder {
	<38.959587, 56.119198, 49.950516>,  <38.432045, 55.726055, 50.357407>, 0.130000
	pigment { color rgbt <1,0,0,0> }
	no_shadow
}

// nucleotide -1

// particle -1
sphere {
	<38.959587, 56.119198, 49.950516> 0.250000
	pigment { color rgbt <1,0,0,0> }
	no_shadow
}
cylinder {
	<39.163757, 55.931953, 50.239052>,  <39.286259, 55.819607, 50.412174>, 0.100000
	pigment { color rgbt <1,0,0,0> }
	no_shadow
}
cylinder {
	<39.163757, 55.931953, 50.239052>,  <38.959587, 56.119198, 49.950516>, 0.100000
	pigment { color rgbt <1,0,0,0> }
	no_shadow
}

// particle -1
sphere {
	<39.163757, 55.931953, 50.239052> 0.100000
	pigment { color rgbt <1,0,0,0> }
	no_shadow
}
sphere {
	0, 1
	scale<0.080000,0.200000,0.300000>
	matrix <0.710758, -0.242514, -0.660310,
		0.484037, 0.849739, 0.208931,
		0.510423, -0.468114, 0.721345,
		39.316883, 55.791519, 50.455456>
	pigment { color rgbt <0,1,1,0> }
	no_shadow
}
cylinder {
	<39.701920, 56.276676, 49.939888>,  <38.959587, 56.119198, 49.950516>, 0.130000
	pigment { color rgbt <1,0,0,0> }
	no_shadow
}

// nucleotide -1

// particle -1
sphere {
	<39.701920, 56.276676, 49.939888> 0.250000
	pigment { color rgbt <1,0,0,0> }
	no_shadow
}
cylinder {
	<39.675747, 55.924580, 50.127888>,  <39.660042, 55.713322, 50.240688>, 0.100000
	pigment { color rgbt <1,0,0,0> }
	no_shadow
}
cylinder {
	<39.675747, 55.924580, 50.127888>,  <39.701920, 56.276676, 49.939888>, 0.100000
	pigment { color rgbt <1,0,0,0> }
	no_shadow
}

// particle -1
sphere {
	<39.675747, 55.924580, 50.127888> 0.100000
	pigment { color rgbt <1,0,0,0> }
	no_shadow
}
sphere {
	0, 1
	scale<0.080000,0.200000,0.300000>
	matrix <0.925514, -0.229610, -0.301171,
		0.373018, 0.415281, 0.829698,
		-0.065436, -0.880239, 0.469997,
		39.656116, 55.660507, 50.268887>
	pigment { color rgbt <0,1,1,0> }
	no_shadow
}
cylinder {
	<40.117241, 56.160896, 50.497185>,  <39.701920, 56.276676, 49.939888>, 0.130000
	pigment { color rgbt <1,0,0,0> }
	no_shadow
}

// nucleotide -1

// particle -1
sphere {
	<40.117241, 56.160896, 50.497185> 0.250000
	pigment { color rgbt <1,0,0,0> }
	no_shadow
}
cylinder {
	<40.056396, 55.811596, 50.312019>,  <40.019890, 55.602016, 50.200920>, 0.100000
	pigment { color rgbt <1,0,0,0> }
	no_shadow
}
cylinder {
	<40.056396, 55.811596, 50.312019>,  <40.117241, 56.160896, 50.497185>, 0.100000
	pigment { color rgbt <1,0,0,0> }
	no_shadow
}

// particle -1
sphere {
	<40.056396, 55.811596, 50.312019> 0.100000
	pigment { color rgbt <1,0,0,0> }
	no_shadow
}
sphere {
	0, 1
	scale<0.080000,0.200000,0.300000>
	matrix <0.983057, -0.085207, -0.162290,
		0.102277, -0.479757, 0.871420,
		-0.152111, -0.873254, -0.462914,
		40.010765, 55.549622, 50.173145>
	pigment { color rgbt <0,1,1,0> }
	no_shadow
}
cylinder {
	<40.529495, 55.686455, 50.866585>,  <40.117241, 56.160896, 50.497185>, 0.130000
	pigment { color rgbt <1,0,0,0> }
	no_shadow
}

// nucleotide -1

// particle -1
sphere {
	<40.529495, 55.686455, 50.866585> 0.250000
	pigment { color rgbt <1,0,0,0> }
	no_shadow
}
cylinder {
	<40.472107, 55.568405, 50.488735>,  <40.437675, 55.497574, 50.262024>, 0.100000
	pigment { color rgbt <1,0,0,0> }
	no_shadow
}
cylinder {
	<40.472107, 55.568405, 50.488735>,  <40.529495, 55.686455, 50.866585>, 0.100000
	pigment { color rgbt <1,0,0,0> }
	no_shadow
}

// particle -1
sphere {
	<40.472107, 55.568405, 50.488735> 0.100000
	pigment { color rgbt <1,0,0,0> }
	no_shadow
}
sphere {
	0, 1
	scale<0.080000,0.200000,0.300000>
	matrix <0.986544, 0.032966, -0.160137,
		0.078402, -0.954889, 0.286427,
		-0.143471, -0.295127, -0.944625,
		40.429066, 55.479866, 50.205349>
	pigment { color rgbt <0,1,1,0> }
	no_shadow
}
cylinder {
	<40.754894, 54.926693, 50.594967>,  <40.529495, 55.686455, 50.866585>, 0.130000
	pigment { color rgbt <1,0,0,0> }
	no_shadow
}

// nucleotide -1

// particle -1
sphere {
	<40.754894, 54.926693, 50.594967> 0.250000
	pigment { color rgbt <1,0,0,0> }
	no_shadow
}
cylinder {
	<40.792873, 55.241825, 50.351555>,  <40.815659, 55.430904, 50.205509>, 0.100000
	pigment { color rgbt <1,0,0,0> }
	no_shadow
}
cylinder {
	<40.792873, 55.241825, 50.351555>,  <40.754894, 54.926693, 50.594967>, 0.100000
	pigment { color rgbt <1,0,0,0> }
	no_shadow
}

// particle -1
sphere {
	<40.792873, 55.241825, 50.351555> 0.100000
	pigment { color rgbt <1,0,0,0> }
	no_shadow
}
sphere {
	0, 1
	scale<0.080000,0.200000,0.300000>
	matrix <0.955513, 0.099354, 0.277711,
		0.279249, -0.607823, -0.743351,
		0.094944, 0.787832, -0.608527,
		40.821358, 55.478176, 50.168995>
	pigment { color rgbt <0,1,1,0> }
	no_shadow
}
cylinder {
	<41.048378, 54.830452, 49.912434>,  <40.754894, 54.926693, 50.594967>, 0.130000
	pigment { color rgbt <1,0,0,0> }
	no_shadow
}

// nucleotide -1

// particle -1
sphere {
	<41.048378, 54.830452, 49.912434> 0.250000
	pigment { color rgbt <1,0,0,0> }
	no_shadow
}
cylinder {
	<41.147171, 55.179256, 50.081474>,  <41.206448, 55.388538, 50.182899>, 0.100000
	pigment { color rgbt <1,0,0,0> }
	no_shadow
}
cylinder {
	<41.147171, 55.179256, 50.081474>,  <41.048378, 54.830452, 49.912434>, 0.100000
	pigment { color rgbt <1,0,0,0> }
	no_shadow
}

// particle -1
sphere {
	<41.147171, 55.179256, 50.081474> 0.100000
	pigment { color rgbt <1,0,0,0> }
	no_shadow
}
sphere {
	0, 1
	scale<0.080000,0.200000,0.300000>
	matrix <0.952161, -0.299389, 0.061289,
		0.179966, 0.387244, -0.904242,
		0.246986, 0.872014, 0.422598,
		41.221268, 55.440861, 50.208252>
	pigment { color rgbt <0,1,1,0> }
	no_shadow
}
cylinder {
	<41.678814, 55.210354, 49.583206>,  <41.048378, 54.830452, 49.912434>, 0.130000
	pigment { color rgbt <1,0,0,0> }
	no_shadow
}

// nucleotide -1

// particle -1
sphere {
	<41.678814, 55.210354, 49.583206> 0.250000
	pigment { color rgbt <1,0,0,0> }
	no_shadow
}
cylinder {
	<41.657578, 55.334351, 49.962910>,  <41.644836, 55.408749, 50.190731>, 0.100000
	pigment { color rgbt <1,0,0,0> }
	no_shadow
}
cylinder {
	<41.657578, 55.334351, 49.962910>,  <41.678814, 55.210354, 49.583206>, 0.100000
	pigment { color rgbt <1,0,0,0> }
	no_shadow
}

// particle -1
sphere {
	<41.657578, 55.334351, 49.962910> 0.100000
	pigment { color rgbt <1,0,0,0> }
	no_shadow
}
sphere {
	0, 1
	scale<0.080000,0.200000,0.300000>
	matrix <0.975753, -0.186028, 0.115324,
		0.212338, 0.932363, -0.292596,
		-0.053093, 0.309990, 0.949256,
		41.641651, 55.427349, 50.247688>
	pigment { color rgbt <0,1,1,0> }
	no_shadow
}
cylinder {
	<42.058941, 55.827217, 49.672031>,  <41.678814, 55.210354, 49.583206>, 0.130000
	pigment { color rgbt <1,0,0,0> }
	no_shadow
}

// nucleotide -1

// particle -1
sphere {
	<42.058941, 55.827217, 49.672031> 0.250000
	pigment { color rgbt <1,0,0,0> }
	no_shadow
}
cylinder {
	<42.068111, 55.627487, 50.018478>,  <42.073612, 55.507648, 50.226345>, 0.100000
	pigment { color rgbt <1,0,0,0> }
	no_shadow
}
cylinder {
	<42.068111, 55.627487, 50.018478>,  <42.058941, 55.827217, 49.672031>, 0.100000
	pigment { color rgbt <1,0,0,0> }
	no_shadow
}

// particle -1
sphere {
	<42.068111, 55.627487, 50.018478> 0.100000
	pigment { color rgbt <1,0,0,0> }
	no_shadow
}
sphere {
	0, 1
	scale<0.080000,0.200000,0.300000>
	matrix <0.993266, 0.109787, 0.037003,
		-0.113565, 0.859433, 0.498475,
		0.022924, -0.499321, 0.866114,
		42.074989, 55.477692, 50.278313>
	pigment { color rgbt <0,1,1,0> }
	no_shadow
}
cylinder {
	<42.447300, 56.128056, 50.166672>,  <42.058941, 55.827217, 49.672031>, 0.130000
	pigment { color rgbt <1,0,0,0> }
	no_shadow
}

// nucleotide -1

// particle -1
sphere {
	<42.447300, 56.128056, 50.166672> 0.250000
	pigment { color rgbt <1,0,0,0> }
	no_shadow
}
cylinder {
	<42.470448, 55.745941, 50.282661>,  <42.484337, 55.516674, 50.352253>, 0.100000
	pigment { color rgbt <1,0,0,0> }
	no_shadow
}
cylinder {
	<42.470448, 55.745941, 50.282661>,  <42.447300, 56.128056, 50.166672>, 0.100000
	pigment { color rgbt <1,0,0,0> }
	no_shadow
}

// particle -1
sphere {
	<42.470448, 55.745941, 50.282661> 0.100000
	pigment { color rgbt <1,0,0,0> }
	no_shadow
}
sphere {
	0, 1
	scale<0.080000,0.200000,0.300000>
	matrix <0.974923, -0.008442, -0.222383,
		0.214887, 0.295569, 0.930840,
		0.057871, -0.955284, 0.289971,
		42.487808, 55.459354, 50.369652>
	pigment { color rgbt <0,1,1,0> }
	no_shadow
}
cylinder {
	<42.964619, 56.139763, 50.718369>,  <42.447300, 56.128056, 50.166672>, 0.130000
	pigment { color rgbt <1,0,0,0> }
	no_shadow
}

// nucleotide -1

// particle -1
sphere {
	<42.964619, 56.139763, 50.718369> 0.250000
	pigment { color rgbt <1,0,0,0> }
	no_shadow
}
cylinder {
	<42.920326, 55.797829, 50.515594>,  <42.893749, 55.592667, 50.393929>, 0.100000
	pigment { color rgbt <1,0,0,0> }
	no_shadow
}
cylinder {
	<42.920326, 55.797829, 50.515594>,  <42.964619, 56.139763, 50.718369>, 0.100000
	pigment { color rgbt <1,0,0,0> }
	no_shadow
}

// particle -1
sphere {
	<42.920326, 55.797829, 50.515594> 0.100000
	pigment { color rgbt <1,0,0,0> }
	no_shadow
}
sphere {
	0, 1
	scale<0.080000,0.200000,0.300000>
	matrix <0.932075, 0.087701, -0.351488,
		0.344926, -0.511426, 0.787064,
		-0.110734, -0.854840, -0.506938,
		42.887108, 55.541378, 50.363514>
	pigment { color rgbt <0,1,1,0> }
	no_shadow
}
cylinder {
	<43.407970, 55.531223, 50.799171>,  <42.964619, 56.139763, 50.718369>, 0.130000
	pigment { color rgbt <1,0,0,0> }
	no_shadow
}

// nucleotide -1

// particle -1
sphere {
	<43.407970, 55.531223, 50.799171> 0.250000
	pigment { color rgbt <1,0,0,0> }
	no_shadow
}
cylinder {
	<43.297436, 55.462433, 50.420952>,  <43.231113, 55.421158, 50.194019>, 0.100000
	pigment { color rgbt <1,0,0,0> }
	no_shadow
}
cylinder {
	<43.297436, 55.462433, 50.420952>,  <43.407970, 55.531223, 50.799171>, 0.100000
	pigment { color rgbt <1,0,0,0> }
	no_shadow
}

// particle -1
sphere {
	<43.297436, 55.462433, 50.420952> 0.100000
	pigment { color rgbt <1,0,0,0> }
	no_shadow
}
sphere {
	0, 1
	scale<0.080000,0.200000,0.300000>
	matrix <0.950617, -0.193560, -0.242614,
		-0.141298, -0.965899, 0.216968,
		-0.276337, -0.171973, -0.945550,
		43.214535, 55.410843, 50.137287>
	pigment { color rgbt <0,1,1,0> }
	no_shadow
}
cylinder {
	<43.530117, 54.806171, 50.727383>,  <43.407970, 55.531223, 50.799171>, 0.130000
	pigment { color rgbt <1,0,0,0> }
	no_shadow
}

// nucleotide -1

// particle -1
sphere {
	<43.530117, 54.806171, 50.727383> 0.250000
	pigment { color rgbt <1,0,0,0> }
	no_shadow
}
cylinder {
	<43.614361, 55.051720, 50.423065>,  <43.664909, 55.199051, 50.240475>, 0.100000
	pigment { color rgbt <1,0,0,0> }
	no_shadow
}
cylinder {
	<43.614361, 55.051720, 50.423065>,  <43.530117, 54.806171, 50.727383>, 0.100000
	pigment { color rgbt <1,0,0,0> }
	no_shadow
}

// particle -1
sphere {
	<43.614361, 55.051720, 50.423065> 0.100000
	pigment { color rgbt <1,0,0,0> }
	no_shadow
}
sphere {
	0, 1
	scale<0.080000,0.200000,0.300000>
	matrix <0.977552, -0.136940, 0.160124,
		-0.005887, -0.777437, -0.628934,
		0.210613, 0.613873, -0.760791,
		43.677544, 55.235882, 50.194828>
	pigment { color rgbt <0,1,1,0> }
	no_shadow
}
cylinder {
	<43.799557, 54.344936, 50.127781>,  <43.530117, 54.806171, 50.727383>, 0.130000
	pigment { color rgbt <1,0,0,0> }
	no_shadow
}

// nucleotide -1

// particle -1
sphere {
	<43.799557, 54.344936, 50.127781> 0.250000
	pigment { color rgbt <1,0,0,0> }
	no_shadow
}
cylinder {
	<43.883938, 54.716850, 50.248447>,  <43.934566, 54.939999, 50.320847>, 0.100000
	pigment { color rgbt <1,0,0,0> }
	no_shadow
}
cylinder {
	<43.883938, 54.716850, 50.248447>,  <43.799557, 54.344936, 50.127781>, 0.100000
	pigment { color rgbt <1,0,0,0> }
	no_shadow
}

// particle -1
sphere {
	<43.883938, 54.716850, 50.248447> 0.100000
	pigment { color rgbt <1,0,0,0> }
	no_shadow
}
sphere {
	0, 1
	scale<0.080000,0.200000,0.300000>
	matrix <0.812313, -0.338414, 0.474998,
		0.543732, 0.144841, -0.826666,
		0.210957, 0.929783, 0.301663,
		43.947224, 54.995785, 50.338947>
	pigment { color rgbt <0,1,1,0> }
	no_shadow
}
cylinder {
	<44.235096, 53.813828, 50.315872>,  <43.799557, 54.344936, 50.127781>, 0.130000
	pigment { color rgbt <1,0,0,0> }
	no_shadow
}

// nucleotide -1

// particle -1
sphere {
	<44.235096, 53.813828, 50.315872> 0.250000
	pigment { color rgbt <1,0,0,0> }
	no_shadow
}
cylinder {
	<44.333900, 53.674229, 49.954281>,  <44.393185, 53.590469, 49.737324>, 0.100000
	pigment { color rgbt <1,0,0,0> }
	no_shadow
}
cylinder {
	<44.333900, 53.674229, 49.954281>,  <44.235096, 53.813828, 50.315872>, 0.100000
	pigment { color rgbt <1,0,0,0> }
	no_shadow
}

// particle -1
sphere {
	<44.333900, 53.674229, 49.954281> 0.100000
	pigment { color rgbt <1,0,0,0> }
	no_shadow
}
sphere {
	0, 1
	scale<0.080000,0.200000,0.300000>
	matrix <-0.904960, 0.250456, -0.343975,
		0.346455, 0.903034, -0.253965,
		0.247014, -0.349000, -0.903982,
		44.408005, 53.569530, 49.683086>
	pigment { color rgbt <0,1,1,0> }
	no_shadow
}
cylinder {
	<44.739883, 54.345135, 50.112339>,  <44.235096, 53.813828, 50.315872>, 0.130000
	pigment { color rgbt <1,0,0,0> }
	no_shadow
}

// nucleotide -1

// particle -1
sphere {
	<44.739883, 54.345135, 50.112339> 0.250000
	pigment { color rgbt <1,0,0,0> }
	no_shadow
}
cylinder {
	<44.668053, 54.696281, 49.934753>,  <44.624954, 54.906967, 49.828201>, 0.100000
	pigment { color rgbt <1,0,0,0> }
	no_shadow
}
cylinder {
	<44.668053, 54.696281, 49.934753>,  <44.739883, 54.345135, 50.112339>, 0.100000
	pigment { color rgbt <1,0,0,0> }
	no_shadow
}

// particle -1
sphere {
	<44.668053, 54.696281, 49.934753> 0.100000
	pigment { color rgbt <1,0,0,0> }
	no_shadow
}
sphere {
	0, 1
	scale<0.080000,0.200000,0.300000>
	matrix <0.012807, 0.453353, 0.891239,
		0.983661, 0.154358, -0.092654,
		-0.179575, 0.877864, -0.443968,
		44.614182, 54.959641, 49.801563>
	pigment { color rgbt <0,1,1,0> }
	no_shadow
}
cylinder {
	<44.657837, 54.341713, 50.883167>,  <44.739883, 54.345135, 50.112339>, 0.130000
	pigment { color rgbt <1,0,0,0> }
	no_shadow
}

// nucleotide -1

// particle -1
sphere {
	<44.657837, 54.341713, 50.883167> 0.250000
	pigment { color rgbt <1,0,0,0> }
	no_shadow
}
cylinder {
	<44.462532, 54.017204, 51.011810>,  <44.345348, 53.822498, 51.088997>, 0.100000
	pigment { color rgbt <1,0,0,0> }
	no_shadow
}
cylinder {
	<44.462532, 54.017204, 51.011810>,  <44.657837, 54.341713, 50.883167>, 0.100000
	pigment { color rgbt <1,0,0,0> }
	no_shadow
}

// particle -1
sphere {
	<44.462532, 54.017204, 51.011810> 0.100000
	pigment { color rgbt <1,0,0,0> }
	no_shadow
}
sphere {
	0, 1
	scale<0.080000,0.200000,0.300000>
	matrix <-0.484976, -0.054140, -0.872850,
		0.725532, -0.582155, -0.367013,
		-0.488264, -0.811273, 0.321611,
		44.316051, 53.773823, 51.108295>
	pigment { color rgbt <0,1,1,0> }
	no_shadow
}
cylinder {
	<45.448139, 54.398960, 50.731686>,  <44.657837, 54.341713, 50.883167>, 0.130000
	pigment { color rgbt <1,0,0,0> }
	no_shadow
}

// nucleotide -1

// particle -1
sphere {
	<45.448139, 54.398960, 50.731686> 0.250000
	pigment { color rgbt <1,0,0,0> }
	no_shadow
}
cylinder {
	<45.716965, 54.205456, 50.955933>,  <45.878262, 54.089352, 51.090481>, 0.100000
	pigment { color rgbt <1,0,0,0> }
	no_shadow
}
cylinder {
	<45.716965, 54.205456, 50.955933>,  <45.448139, 54.398960, 50.731686>, 0.100000
	pigment { color rgbt <1,0,0,0> }
	no_shadow
}

// particle -1
sphere {
	<45.716965, 54.205456, 50.955933> 0.100000
	pigment { color rgbt <1,0,0,0> }
	no_shadow
}
sphere {
	0, 1
	scale<0.080000,0.200000,0.300000>
	matrix <0.559123, 0.827909, 0.044138,
		-0.485495, 0.283792, 0.826895,
		0.672068, -0.483765, 0.560621,
		45.918587, 54.060326, 51.124119>
	pigment { color rgbt <0,1,1,0> }
	no_shadow
}
cylinder {
	<45.583881, 54.866203, 51.302822>,  <45.448139, 54.398960, 50.731686>, 0.130000
	pigment { color rgbt <1,0,0,0> }
	no_shadow
}

// nucleotide -1

// particle -1
sphere {
	<45.583881, 54.866203, 51.302822> 0.250000
	pigment { color rgbt <1,0,0,0> }
	no_shadow
}
cylinder {
	<45.861202, 54.596558, 51.200920>,  <46.027596, 54.434769, 51.139778>, 0.100000
	pigment { color rgbt <1,0,0,0> }
	no_shadow
}
cylinder {
	<45.861202, 54.596558, 51.200920>,  <45.583881, 54.866203, 51.302822>, 0.100000
	pigment { color rgbt <1,0,0,0> }
	no_shadow
}

// particle -1
sphere {
	<45.861202, 54.596558, 51.200920> 0.100000
	pigment { color rgbt <1,0,0,0> }
	no_shadow
}
sphere {
	0, 1
	scale<0.080000,0.200000,0.300000>
	matrix <0.703050, 0.710344, 0.033646,
		0.158284, -0.202434, 0.966420,
		0.693301, -0.674116, -0.254758,
		46.069191, 54.394321, 51.124493>
	pigment { color rgbt <0,1,1,0> }
	no_shadow
}
cylinder {
	<46.130753, 54.901966, 51.749554>,  <45.583881, 54.866203, 51.302822>, 0.130000
	pigment { color rgbt <1,0,0,0> }
	no_shadow
}

// nucleotide -1

// particle -1
sphere {
	<46.130753, 54.901966, 51.749554> 0.250000
	pigment { color rgbt <1,0,0,0> }
	no_shadow
}
cylinder {
	<46.293335, 54.725784, 51.429356>,  <46.390884, 54.620075, 51.237236>, 0.100000
	pigment { color rgbt <1,0,0,0> }
	no_shadow
}
cylinder {
	<46.293335, 54.725784, 51.429356>,  <46.130753, 54.901966, 51.749554>, 0.100000
	pigment { color rgbt <1,0,0,0> }
	no_shadow
}

// particle -1
sphere {
	<46.293335, 54.725784, 51.429356> 0.100000
	pigment { color rgbt <1,0,0,0> }
	no_shadow
}
sphere {
	0, 1
	scale<0.080000,0.200000,0.300000>
	matrix <0.741334, 0.671098, 0.007159,
		0.534055, -0.596342, 0.599302,
		0.406460, -0.440459, -0.800491,
		46.415272, 54.593647, 51.189209>
	pigment { color rgbt <0,1,1,0> }
	no_shadow
}
cylinder {
	<46.830658, 54.569832, 51.871201>,  <46.130753, 54.901966, 51.749554>, 0.130000
	pigment { color rgbt <1,0,0,0> }
	no_shadow
}

// nucleotide -1

// particle -1
sphere {
	<46.830658, 54.569832, 51.871201> 0.250000
	pigment { color rgbt <1,0,0,0> }
	no_shadow
}
cylinder {
	<46.795799, 54.695107, 51.492928>,  <46.774883, 54.770271, 51.265965>, 0.100000
	pigment { color rgbt <1,0,0,0> }
	no_shadow
}
cylinder {
	<46.795799, 54.695107, 51.492928>,  <46.830658, 54.569832, 51.871201>, 0.100000
	pigment { color rgbt <1,0,0,0> }
	no_shadow
}

// particle -1
sphere {
	<46.795799, 54.695107, 51.492928> 0.100000
	pigment { color rgbt <1,0,0,0> }
	no_shadow
}
sphere {
	0, 1
	scale<0.080000,0.200000,0.300000>
	matrix <0.938177, 0.345038, 0.027813,
		0.335008, -0.884796, -0.323891,
		-0.087146, 0.313185, -0.945685,
		46.769657, 54.789062, 51.209221>
	pigment { color rgbt <0,1,1,0> }
	no_shadow
}
cylinder {
	<47.255054, 54.118195, 51.523609>,  <46.830658, 54.569832, 51.871201>, 0.130000
	pigment { color rgbt <1,0,0,0> }
	no_shadow
}

// nucleotide -1

// particle -1
sphere {
	<47.255054, 54.118195, 51.523609> 0.250000
	pigment { color rgbt <1,0,0,0> }
	no_shadow
}
cylinder {
	<47.223518, 54.463810, 51.324722>,  <47.204597, 54.671177, 51.205391>, 0.100000
	pigment { color rgbt <1,0,0,0> }
	no_shadow
}
cylinder {
	<47.223518, 54.463810, 51.324722>,  <47.255054, 54.118195, 51.523609>, 0.100000
	pigment { color rgbt <1,0,0,0> }
	no_shadow
}

// particle -1
sphere {
	<47.223518, 54.463810, 51.324722> 0.100000
	pigment { color rgbt <1,0,0,0> }
	no_shadow
}
sphere {
	0, 1
	scale<0.080000,0.200000,0.300000>
	matrix <0.995361, 0.095821, 0.008683,
		0.055147, -0.494227, -0.867582,
		-0.078841, 0.864036, -0.497219,
		47.199867, 54.723022, 51.175556>
	pigment { color rgbt <0,1,1,0> }
	no_shadow
}
cylinder {
	<47.522762, 54.026791, 50.875629>,  <47.255054, 54.118195, 51.523609>, 0.130000
	pigment { color rgbt <1,0,0,0> }
	no_shadow
}

// nucleotide -1

// particle -1
sphere {
	<47.522762, 54.026791, 50.875629> 0.250000
	pigment { color rgbt <1,0,0,0> }
	no_shadow
}
cylinder {
	<47.569035, 54.403130, 51.003021>,  <47.596798, 54.628933, 51.079456>, 0.100000
	pigment { color rgbt <1,0,0,0> }
	no_shadow
}
cylinder {
	<47.569035, 54.403130, 51.003021>,  <47.522762, 54.026791, 50.875629>, 0.100000
	pigment { color rgbt <1,0,0,0> }
	no_shadow
}

// particle -1
sphere {
	<47.569035, 54.403130, 51.003021> 0.100000
	pigment { color rgbt <1,0,0,0> }
	no_shadow
}
sphere {
	0, 1
	scale<0.080000,0.200000,0.300000>
	matrix <0.991246, -0.088808, -0.097694,
		-0.063631, 0.326996, -0.942881,
		0.115680, 0.940844, 0.318482,
		47.603737, 54.685383, 51.098564>
	pigment { color rgbt <0,1,1,0> }
	no_shadow
}
cylinder {
	<48.116402, 54.338356, 50.494297>,  <47.522762, 54.026791, 50.875629>, 0.130000
	pigment { color rgbt <1,0,0,0> }
	no_shadow
}

// nucleotide -1

// particle -1
sphere {
	<48.116402, 54.338356, 50.494297> 0.250000
	pigment { color rgbt <1,0,0,0> }
	no_shadow
}
cylinder {
	<48.056049, 54.486397, 50.860962>,  <48.019840, 54.575222, 51.080959>, 0.100000
	pigment { color rgbt <1,0,0,0> }
	no_shadow
}
cylinder {
	<48.056049, 54.486397, 50.860962>,  <48.116402, 54.338356, 50.494297>, 0.100000
	pigment { color rgbt <1,0,0,0> }
	no_shadow
}

// particle -1
sphere {
	<48.056049, 54.486397, 50.860962> 0.100000
	pigment { color rgbt <1,0,0,0> }
	no_shadow
}
sphere {
	0, 1
	scale<0.080000,0.200000,0.300000>
	matrix <0.988123, 0.029134, 0.150876,
		0.029134, 0.928535, -0.370100,
		-0.150876, 0.370100, 0.916658,
		48.010788, 54.597427, 51.135960>
	pigment { color rgbt <0,1,1,0> }
	no_shadow
}
cylinder {
	<48.634792, 54.912872, 50.510239>,  <48.116402, 54.338356, 50.494297>, 0.130000
	pigment { color rgbt <1,0,0,0> }
	no_shadow
}

// nucleotide -1

// particle -1
sphere {
	<48.634792, 54.912872, 50.510239> 0.250000
	pigment { color rgbt <1,0,0,0> }
	no_shadow
}
cylinder {
	<48.574215, 54.770706, 50.879181>,  <48.537868, 54.685406, 51.100548>, 0.100000
	pigment { color rgbt <1,0,0,0> }
	no_shadow
}
cylinder {
	<48.574215, 54.770706, 50.879181>,  <48.634792, 54.912872, 50.510239>, 0.100000
	pigment { color rgbt <1,0,0,0> }
	no_shadow
}

// particle -1
sphere {
	<48.574215, 54.770706, 50.879181> 0.100000
	pigment { color rgbt <1,0,0,0> }
	no_shadow
}
sphere {
	0, 1
	scale<0.080000,0.200000,0.300000>
	matrix <0.984929, 0.024607, 0.171200,
		-0.083543, 0.934386, 0.346328,
		-0.151445, -0.355411, 0.922360,
		48.528782, 54.664082, 51.155888>
	pigment { color rgbt <0,1,1,0> }
	no_shadow
}
cylinder {
	<48.782394, 55.449780, 51.198219>,  <48.634792, 54.912872, 50.510239>, 0.130000
	pigment { color rgbt <1,0,0,0> }
	no_shadow
}

// nucleotide -1

// particle -1
sphere {
	<48.782394, 55.449780, 51.198219> 0.250000
	pigment { color rgbt <1,0,0,0> }
	no_shadow
}
cylinder {
	<48.845230, 55.054756, 51.195427>,  <48.882931, 54.817741, 51.193752>, 0.100000
	pigment { color rgbt <1,0,0,0> }
	no_shadow
}
cylinder {
	<48.845230, 55.054756, 51.195427>,  <48.782394, 55.449780, 51.198219>, 0.100000
	pigment { color rgbt <1,0,0,0> }
	no_shadow
}

// particle -1
sphere {
	<48.845230, 55.054756, 51.195427> 0.100000
	pigment { color rgbt <1,0,0,0> }
	no_shadow
}
sphere {
	0, 1
	scale<0.080000,0.200000,0.300000>
	matrix <0.987500, 0.156978, 0.014219,
		-0.012946, -0.009129, 0.999875,
		0.157088, -0.987560, -0.006983,
		48.892357, 54.758488, 51.193333>
	pigment { color rgbt <0,1,1,0> }
	no_shadow
}
cylinder {
	<49.300690, 55.448380, 51.671421>,  <48.782394, 55.449780, 51.198219>, 0.130000
	pigment { color rgbt <1,0,0,0> }
	no_shadow
}

// nucleotide -1

// particle -1
sphere {
	<49.300690, 55.448380, 51.671421> 0.250000
	pigment { color rgbt <1,0,0,0> }
	no_shadow
}
cylinder {
	<49.287178, 55.108604, 51.460777>,  <49.279072, 54.904739, 51.334393>, 0.100000
	pigment { color rgbt <1,0,0,0> }
	no_shadow
}
cylinder {
	<49.287178, 55.108604, 51.460777>,  <49.300690, 55.448380, 51.671421>, 0.100000
	pigment { color rgbt <1,0,0,0> }
	no_shadow
}

// particle -1
sphere {
	<49.287178, 55.108604, 51.460777> 0.100000
	pigment { color rgbt <1,0,0,0> }
	no_shadow
}
sphere {
	0, 1
	scale<0.080000,0.200000,0.300000>
	matrix <0.995893, 0.015676, -0.089172,
		0.084001, -0.527460, 0.845417,
		-0.033782, -0.849435, -0.526610,
		49.277042, 54.853775, 51.302795>
	pigment { color rgbt <0,1,1,0> }
	no_shadow
}
cylinder {
	<49.562614, 54.999935, 52.208900>,  <49.300690, 55.448380, 51.671421>, 0.130000
	pigment { color rgbt <1,0,0,0> }
	no_shadow
}

// nucleotide -1

// particle -1
sphere {
	<49.562614, 54.999935, 52.208900> 0.250000
	pigment { color rgbt <1,0,0,0> }
	no_shadow
}
cylinder {
	<49.922939, 55.158318, 52.280190>,  <50.139133, 55.253345, 52.322964>, 0.100000
	pigment { color rgbt <1,0,0,0> }
	no_shadow
}
cylinder {
	<49.922939, 55.158318, 52.280190>,  <49.562614, 54.999935, 52.208900>, 0.100000
	pigment { color rgbt <1,0,0,0> }
	no_shadow
}

// particle -1
sphere {
	<49.922939, 55.158318, 52.280190> 0.100000
	pigment { color rgbt <1,0,0,0> }
	no_shadow
}
sphere {
	0, 1
	scale<0.080000,0.200000,0.300000>
	matrix <-0.115068, -0.178095, 0.977262,
		0.418691, -0.900835, -0.114868,
		0.900810, 0.395953, 0.178224,
		50.193184, 55.277103, 52.333656>
	pigment { color rgbt <0,1,1,0> }
	no_shadow
}
cylinder {
	<49.906380, 54.565037, 52.731766>,  <49.562614, 54.999935, 52.208900>, 0.130000
	pigment { color rgbt <1,0,0,0> }
	no_shadow
}

// nucleotide -1

// particle -1
sphere {
	<49.906380, 54.565037, 52.731766> 0.250000
	pigment { color rgbt <1,0,0,0> }
	no_shadow
}
cylinder {
	<50.021122, 54.947483, 52.755627>,  <50.089966, 55.176952, 52.769943>, 0.100000
	pigment { color rgbt <1,0,0,0> }
	no_shadow
}
cylinder {
	<50.021122, 54.947483, 52.755627>,  <49.906380, 54.565037, 52.731766>, 0.100000
	pigment { color rgbt <1,0,0,0> }
	no_shadow
}

// particle -1
sphere {
	<50.021122, 54.947483, 52.755627> 0.100000
	pigment { color rgbt <1,0,0,0> }
	no_shadow
}
sphere {
	0, 1
	scale<0.080000,0.200000,0.300000>
	matrix <-0.216643, 0.004088, 0.976242,
		0.933156, -0.292962, 0.208308,
		0.286854, 0.956115, 0.059653,
		50.107178, 55.234318, 52.773521>
	pigment { color rgbt <0,1,1,0> }
	no_shadow
}
cylinder {
	<50.359566, 54.704411, 53.394695>,  <49.906380, 54.565037, 52.731766>, 0.130000
	pigment { color rgbt <1,0,0,0> }
	no_shadow
}

// nucleotide -1

// particle -1
sphere {
	<50.359566, 54.704411, 53.394695> 0.250000
	pigment { color rgbt <1,0,0,0> }
	no_shadow
}
cylinder {
	<50.188263, 55.042351, 53.266434>,  <50.085480, 55.245117, 53.189476>, 0.100000
	pigment { color rgbt <1,0,0,0> }
	no_shadow
}
cylinder {
	<50.188263, 55.042351, 53.266434>,  <50.359566, 54.704411, 53.394695>, 0.100000
	pigment { color rgbt <1,0,0,0> }
	no_shadow
}

// particle -1
sphere {
	<50.188263, 55.042351, 53.266434> 0.100000
	pigment { color rgbt <1,0,0,0> }
	no_shadow
}
sphere {
	0, 1
	scale<0.080000,0.200000,0.300000>
	matrix <-0.260877, 0.224144, 0.938990,
		0.865182, 0.485780, 0.124411,
		-0.428257, 0.844853, -0.320654,
		50.059788, 55.295807, 53.170238>
	pigment { color rgbt <0,1,1,0> }
	no_shadow
}
cylinder {
	<50.634666, 55.365444, 53.758247>,  <50.359566, 54.704411, 53.394695>, 0.130000
	pigment { color rgbt <1,0,0,0> }
	no_shadow
}

// nucleotide -1

// particle -1
sphere {
	<50.634666, 55.365444, 53.758247> 0.250000
	pigment { color rgbt <1,0,0,0> }
	no_shadow
}
cylinder {
	<50.258999, 55.403351, 53.626205>,  <50.033596, 55.426094, 53.546978>, 0.100000
	pigment { color rgbt <1,0,0,0> }
	no_shadow
}
cylinder {
	<50.258999, 55.403351, 53.626205>,  <50.634666, 55.365444, 53.758247>, 0.100000
	pigment { color rgbt <1,0,0,0> }
	no_shadow
}

// particle -1
sphere {
	<50.258999, 55.403351, 53.626205> 0.100000
	pigment { color rgbt <1,0,0,0> }
	no_shadow
}
sphere {
	0, 1
	scale<0.080000,0.200000,0.300000>
	matrix <-0.303210, 0.222616, 0.926556,
		0.161297, 0.970289, -0.180340,
		-0.939173, 0.094770, -0.330109,
		49.977245, 55.431782, 53.527172>
	pigment { color rgbt <0,1,1,0> }
	no_shadow
}
cylinder {
	<51.253304, 55.663303, 54.127750>,  <50.634666, 55.365444, 53.758247>, 0.130000
	pigment { color rgbt <1,0,0,0> }
	no_shadow
}

// nucleotide -1

// particle -1
sphere {
	<51.253304, 55.663303, 54.127750> 0.250000
	pigment { color rgbt <1,0,0,0> }
	no_shadow
}
cylinder {
	<51.646164, 55.709450, 54.187180>,  <51.881878, 55.737137, 54.222836>, 0.100000
	pigment { color rgbt <1,0,0,0> }
	no_shadow
}
cylinder {
	<51.646164, 55.709450, 54.187180>,  <51.253304, 55.663303, 54.127750>, 0.100000
	pigment { color rgbt <1,0,0,0> }
	no_shadow
}

// particle -1
sphere {
	<51.646164, 55.709450, 54.187180> 0.100000
	pigment { color rgbt <1,0,0,0> }
	no_shadow
}
sphere {
	0, 1
	scale<0.080000,0.200000,0.300000>
	matrix <-0.111072, -0.281759, 0.953035,
		0.151809, -0.952524, -0.263915,
