// switches for output
#declare DRAW_BASES = 1; // possible values are 0, 1; only relevant for DNA ribbons
#declare DRAW_BASES_TYPE = 3; // possible values are 1, 2, 3; only relevant for DNA ribbons
#declare DRAW_FOG = 0; // set to 1 to enable fog

#include "colors.inc"

#include "transforms.inc"
background { rgb <1, 1, 1>}

#default {
   normal{
       ripples 0.25
       frequency 0.20
       turbulence 0.2
       lambda 5
   }
	finish {
		phong 0.1
		phong_size 40.
	}
}

// original window dimensions: 1024x640


// camera settings

camera {
	sky <-0, 1, 0>
	up <-0, 1, 0>
	right 1.6 * <0.99995, 0, 0.00999983>
	location <54.4867, 55, 106.329>
	look_at <55, 55, 55.0001>
	direction <0.513302, 0, -51.3289>
	angle 67.0682
}


# declare cpy_camera_pos = <54.4867, 55, 106.329>;
# if (DRAW_FOG = 1)
fog {
	fog_type 2
	up vnormalize(cpy_camera_pos)
	color rgbt<1,1,1,0.3>
	distance 1e-5
	fog_alt 3e-3
	fog_offset 88
}
# end


// LIGHTS

# declare lum = 6;
global_settings {
	ambient_light rgb lum * <0.05, 0.05, 0.05>
	max_trace_level 15
}# declare cpy_direct_light_amount = 0.25;
light_source
{	1000 * <-0.98995, -1, 1.00995>,
	rgb lum * cpy_direct_light_amount
	parallel
}

light_source
{	1000 * <0.98995, 1, -1.00995>,
	rgb lum * cpy_direct_light_amount
	parallel
}

// strand 0

// nucleotide -1

// particle -1
sphere {
	<35.853531, 52.978878, 49.580826> 0.250000
	pigment { color rgbt <1,0,0,0> }
	no_shadow
}
cylinder {
	<35.646606, 52.743683, 49.829552>,  <35.522453, 52.602566, 49.978786>, 0.100000
	pigment { color rgbt <1,0,0,0> }
	no_shadow
}
cylinder {
	<35.646606, 52.743683, 49.829552>,  <35.853531, 52.978878, 49.580826>, 0.100000
	pigment { color rgbt <1,0,0,0> }
	no_shadow
}

// particle -1
sphere {
	<35.646606, 52.743683, 49.829552> 0.100000
	pigment { color rgbt <1,0,0,0> }
	no_shadow
}
sphere {
	0, 1
	scale<0.080000,0.200000,0.300000>
	matrix <0.541649, 0.337588, 0.769839,
		-0.662576, 0.735051, 0.143847,
		-0.517310, -0.587991, 0.621817,
		35.491413, 52.567284, 50.016098>
	pigment { color rgbt <0,1,1,0> }
	no_shadow
}
cylinder {
	<35.806854, 53.381008, 50.189915>,  <35.853531, 52.978878, 49.580826>, 0.130000
	pigment { color rgbt <1,0,0,0> }
	no_shadow
}

// nucleotide -1

// particle -1
sphere {
	<35.806854, 53.381008, 50.189915> 0.250000
	pigment { color rgbt <1,0,0,0> }
	no_shadow
}
cylinder {
	<35.773045, 52.994724, 50.288109>,  <35.752758, 52.762955, 50.347023>, 0.100000
	pigment { color rgbt <1,0,0,0> }
	no_shadow
}
cylinder {
	<35.773045, 52.994724, 50.288109>,  <35.806854, 53.381008, 50.189915>, 0.100000
	pigment { color rgbt <1,0,0,0> }
	no_shadow
}

// particle -1
sphere {
	<35.773045, 52.994724, 50.288109> 0.100000
	pigment { color rgbt <1,0,0,0> }
	no_shadow
}
sphere {
	0, 1
	scale<0.080000,0.200000,0.300000>
	matrix <0.689093, 0.121296, 0.714449,
		-0.719726, 0.229551, 0.655211,
		-0.084528, -0.965709, 0.245482,
		35.747684, 52.705013, 50.361755>
	pigment { color rgbt <0,1,1,0> }
	no_shadow
}
cylinder {
	<35.870777, 53.287727, 50.922401>,  <35.806854, 53.381008, 50.189915>, 0.130000
	pigment { color rgbt <1,0,0,0> }
	no_shadow
}

// nucleotide -1

// particle -1
sphere {
	<35.870777, 53.287727, 50.922401> 0.250000
	pigment { color rgbt <1,0,0,0> }
	no_shadow
}
cylinder {
	<36.000843, 52.942043, 50.768822>,  <36.078880, 52.734634, 50.676674>, 0.100000
	pigment { color rgbt <1,0,0,0> }
	no_shadow
}
cylinder {
	<36.000843, 52.942043, 50.768822>,  <35.870777, 53.287727, 50.922401>, 0.100000
	pigment { color rgbt <1,0,0,0> }
	no_shadow
}

// particle -1
sphere {
	<36.000843, 52.942043, 50.768822> 0.100000
	pigment { color rgbt <1,0,0,0> }
	no_shadow
}
sphere {
	0, 1
	scale<0.080000,0.200000,0.300000>
	matrix <0.804652, 0.039549, 0.592428,
		-0.496795, -0.501581, 0.708245,
		0.325161, -0.864206, -0.383950,
		36.098392, 52.682781, 50.653637>
	pigment { color rgbt <0,1,1,0> }
	no_shadow
}
cylinder {
	<35.877037, 52.852497, 51.512852>,  <35.870777, 53.287727, 50.922401>, 0.130000
	pigment { color rgbt <1,0,0,0> }
	no_shadow
}

// nucleotide -1

// particle -1
sphere {
	<35.877037, 52.852497, 51.512852> 0.250000
	pigment { color rgbt <1,0,0,0> }
	no_shadow
}
cylinder {
	<36.143341, 52.737942, 51.237244>,  <36.303123, 52.669209, 51.071880>, 0.100000
	pigment { color rgbt <1,0,0,0> }
	no_shadow
}
cylinder {
	<36.143341, 52.737942, 51.237244>,  <35.877037, 52.852497, 51.512852>, 0.100000
	pigment { color rgbt <1,0,0,0> }
	no_shadow
}

// particle -1
sphere {
	<36.143341, 52.737942, 51.237244> 0.100000
	pigment { color rgbt <1,0,0,0> }
	no_shadow
}
sphere {
	0, 1
	scale<0.080000,0.200000,0.300000>
	matrix <0.726654, 0.039049, 0.685893,
		-0.169526, -0.957317, 0.234103,
		0.665759, -0.286388, -0.689019,
		36.343067, 52.652023, 51.030537>
	pigment { color rgbt <0,1,1,0> }
	no_shadow
}
cylinder {
	<36.083012, 52.091896, 51.675873>,  <35.877037, 52.852497, 51.512852>, 0.130000
	pigment { color rgbt <1,0,0,0> }
	no_shadow
}

// nucleotide -1

// particle -1
sphere {
	<36.083012, 52.091896, 51.675873> 0.250000
	pigment { color rgbt <1,0,0,0> }
	no_shadow
}
cylinder {
	<36.334568, 52.339813, 51.488106>,  <36.485504, 52.488564, 51.375446>, 0.100000
	pigment { color rgbt <1,0,0,0> }
	no_shadow
}
cylinder {
	<36.334568, 52.339813, 51.488106>,  <36.083012, 52.091896, 51.675873>, 0.100000
	pigment { color rgbt <1,0,0,0> }
	no_shadow
}

// particle -1
sphere {
	<36.334568, 52.339813, 51.488106> 0.100000
	pigment { color rgbt <1,0,0,0> }
	no_shadow
}
sphere {
	0, 1
	scale<0.080000,0.200000,0.300000>
	matrix <0.665413, -0.116786, 0.737283,
		0.402140, -0.776029, -0.485863,
		0.628895, 0.619790, -0.469415,
		36.523235, 52.525749, 51.347282>
	pigment { color rgbt <0,1,1,0> }
	no_shadow
}
cylinder {
	<36.623123, 51.661781, 51.508774>,  <36.083012, 52.091896, 51.675873>, 0.130000
	pigment { color rgbt <1,0,0,0> }
	no_shadow
}

// nucleotide -1

// particle -1
sphere {
	<36.623123, 51.661781, 51.508774> 0.250000
	pigment { color rgbt <1,0,0,0> }
	no_shadow
}
cylinder {
	<36.726749, 52.043709, 51.567017>,  <36.788925, 52.272865, 51.601963>, 0.100000
	pigment { color rgbt <1,0,0,0> }
	no_shadow
}
cylinder {
	<36.726749, 52.043709, 51.567017>,  <36.623123, 51.661781, 51.508774>, 0.100000
	pigment { color rgbt <1,0,0,0> }
	no_shadow
}

// particle -1
sphere {
	<36.726749, 52.043709, 51.567017> 0.100000
	pigment { color rgbt <1,0,0,0> }
	no_shadow
}
sphere {
	0, 1
	scale<0.080000,0.200000,0.300000>
	matrix <0.755756, -0.294268, 0.585012,
		0.601429, -0.041516, -0.797847,
		0.259068, 0.954821, 0.145605,
		36.804470, 52.330154, 51.610699>
	pigment { color rgbt <0,1,1,0> }
	no_shadow
}
cylinder {
	<37.338940, 51.608505, 51.564457>,  <36.623123, 51.661781, 51.508774>, 0.130000
	pigment { color rgbt <1,0,0,0> }
	no_shadow
}

// nucleotide -1

// particle -1
sphere {
	<37.338940, 51.608505, 51.564457> 0.250000
	pigment { color rgbt <1,0,0,0> }
	no_shadow
}
cylinder {
	<37.248749, 51.974400, 51.698578>,  <37.194633, 52.193935, 51.779049>, 0.100000
	pigment { color rgbt <1,0,0,0> }
	no_shadow
}
cylinder {
	<37.248749, 51.974400, 51.698578>,  <37.338940, 51.608505, 51.564457>, 0.100000
	pigment { color rgbt <1,0,0,0> }
	no_shadow
}

// particle -1
sphere {
	<37.248749, 51.974400, 51.698578> 0.100000
	pigment { color rgbt <1,0,0,0> }
	no_shadow
}
sphere {
	0, 1
	scale<0.080000,0.200000,0.300000>
	matrix <0.771289, -0.042666, 0.635053,
		0.595209, 0.401804, -0.695902,
		-0.225476, 0.914731, 0.335302,
		37.181107, 52.248817, 51.799168>
	pigment { color rgbt <0,1,1,0> }
	no_shadow
}
cylinder {
	<37.852100, 52.020607, 51.325531>,  <37.338940, 51.608505, 51.564457>, 0.130000
	pigment { color rgbt <1,0,0,0> }
	no_shadow
}

// nucleotide -1

// particle -1
sphere {
	<37.852100, 52.020607, 51.325531> 0.250000
	pigment { color rgbt <1,0,0,0> }
	no_shadow
}
cylinder {
	<37.696766, 52.165298, 51.664551>,  <37.603565, 52.252113, 51.867962>, 0.100000
	pigment { color rgbt <1,0,0,0> }
	no_shadow
}
cylinder {
	<37.696766, 52.165298, 51.664551>,  <37.852100, 52.020607, 51.325531>, 0.100000
	pigment { color rgbt <1,0,0,0> }
	no_shadow
}

// particle -1
sphere {
	<37.696766, 52.165298, 51.664551> 0.100000
	pigment { color rgbt <1,0,0,0> }
	no_shadow
}
sphere {
	0, 1
	scale<0.080000,0.200000,0.300000>
	matrix <0.868446, -0.163955, 0.467889,
		0.308210, 0.917753, -0.250474,
		-0.388340, 0.361731, 0.847551,
		37.580265, 52.273819, 51.918816>
	pigment { color rgbt <0,1,1,0> }
	no_shadow
}
cylinder {
	<38.159397, 52.604378, 51.589474>,  <37.852100, 52.020607, 51.325531>, 0.130000
	pigment { color rgbt <1,0,0,0> }
	no_shadow
}

// nucleotide -1

// particle -1
sphere {
	<38.159397, 52.604378, 51.589474> 0.250000
	pigment { color rgbt <1,0,0,0> }
	no_shadow
}
cylinder {
	<37.999451, 52.433418, 51.913803>,  <37.903481, 52.330845, 52.108402>, 0.100000
	pigment { color rgbt <1,0,0,0> }
	no_shadow
}
cylinder {
	<37.999451, 52.433418, 51.913803>,  <38.159397, 52.604378, 51.589474>, 0.100000
	pigment { color rgbt <1,0,0,0> }
	no_shadow
}

// particle -1
sphere {
	<37.999451, 52.433418, 51.913803> 0.100000
	pigment { color rgbt <1,0,0,0> }
	no_shadow
}
sphere {
	0, 1
	scale<0.080000,0.200000,0.300000>
	matrix <0.913785, -0.254830, 0.316321,
		0.071429, 0.867407, 0.492446,
		-0.399869, -0.427395, 0.810826,
		37.879490, 52.305199, 52.157051>
	pigment { color rgbt <0,1,1,0> }
	no_shadow
}
cylinder {
	<38.431911, 52.919025, 52.086624>,  <38.159397, 52.604378, 51.589474>, 0.130000
	pigment { color rgbt <1,0,0,0> }
	no_shadow
}

// nucleotide -1

// particle -1
sphere {
	<38.431911, 52.919025, 52.086624> 0.250000
	pigment { color rgbt <1,0,0,0> }
	no_shadow
}
cylinder {
	<38.327503, 52.564621, 52.239906>,  <38.264858, 52.351978, 52.331875>, 0.100000
	pigment { color rgbt <1,0,0,0> }
	no_shadow
}
cylinder {
	<38.327503, 52.564621, 52.239906>,  <38.431911, 52.919025, 52.086624>, 0.100000
	pigment { color rgbt <1,0,0,0> }
	no_shadow
}

// particle -1
sphere {
	<38.327503, 52.564621, 52.239906> 0.100000
	pigment { color rgbt <1,0,0,0> }
	no_shadow
}
sphere {
	0, 1
	scale<0.080000,0.200000,0.300000>
	matrix <0.956596, -0.290694, -0.020533,
		0.129589, 0.361216, 0.923434,
		-0.261020, -0.886013, 0.383209,
		38.249199, 52.298817, 52.354870>
	pigment { color rgbt <0,1,1,0> }
	no_shadow
}
cylinder {
	<38.982407, 52.659466, 52.646332>,  <38.431911, 52.919025, 52.086624>, 0.130000
	pigment { color rgbt <1,0,0,0> }
	no_shadow
}

// nucleotide -1

// particle -1
sphere {
	<38.982407, 52.659466, 52.646332> 0.250000
	pigment { color rgbt <1,0,0,0> }
	no_shadow
}
cylinder {
	<38.791431, 52.379230, 52.434208>,  <38.676846, 52.211090, 52.306934>, 0.100000
	pigment { color rgbt <1,0,0,0> }
	no_shadow
}
cylinder {
	<38.791431, 52.379230, 52.434208>,  <38.982407, 52.659466, 52.646332>, 0.100000
	pigment { color rgbt <1,0,0,0> }
	no_shadow
}

// particle -1
sphere {
	<38.791431, 52.379230, 52.434208> 0.100000
	pigment { color rgbt <1,0,0,0> }
	no_shadow
}
sphere {
	0, 1
	scale<0.080000,0.200000,0.300000>
	matrix <0.853558, -0.513048, -0.090664,
		-0.208556, -0.495936, 0.842942,
		-0.477433, -0.700592, -0.530309,
		38.648201, 52.169052, 52.275116>
	pigment { color rgbt <0,1,1,0> }
	no_shadow
}
cylinder {
	<39.216259, 52.063023, 52.906502>,  <38.982407, 52.659466, 52.646332>, 0.130000
	pigment { color rgbt <1,0,0,0> }
	no_shadow
}

// nucleotide -1

// particle -1
sphere {
	<39.216259, 52.063023, 52.906502> 0.250000
	pigment { color rgbt <1,0,0,0> }
	no_shadow
}
cylinder {
	<39.072632, 51.987434, 52.540909>,  <38.986458, 51.942081, 52.321552>, 0.100000
	pigment { color rgbt <1,0,0,0> }
	no_shadow
}
cylinder {
	<39.072632, 51.987434, 52.540909>,  <39.216259, 52.063023, 52.906502>, 0.100000
	pigment { color rgbt <1,0,0,0> }
	no_shadow
}

// particle -1
sphere {
	<39.072632, 51.987434, 52.540909> 0.100000
	pigment { color rgbt <1,0,0,0> }
	no_shadow
}
sphere {
	0, 1
	scale<0.080000,0.200000,0.300000>
	matrix <0.826822, -0.518672, -0.217587,
		-0.432941, -0.833829, 0.342478,
		-0.359064, -0.188966, -0.913983,
		38.964912, 51.930744, 52.266712>
	pigment { color rgbt <0,1,1,0> }
	no_shadow
}
cylinder {
	<39.143562, 51.304230, 52.664555>,  <39.216259, 52.063023, 52.906502>, 0.130000
	pigment { color rgbt <1,0,0,0> }
	no_shadow
}

// nucleotide -1

// particle -1
sphere {
	<39.143562, 51.304230, 52.664555> 0.250000
	pigment { color rgbt <1,0,0,0> }
	no_shadow
}
cylinder {
	<39.245171, 51.580284, 52.393501>,  <39.306133, 51.745918, 52.230869>, 0.100000
	pigment { color rgbt <1,0,0,0> }
	no_shadow
}
cylinder {
	<39.245171, 51.580284, 52.393501>,  <39.143562, 51.304230, 52.664555>, 0.100000
	pigment { color rgbt <1,0,0,0> }
	no_shadow
}

// particle -1
sphere {
	<39.245171, 51.580284, 52.393501> 0.100000
	pigment { color rgbt <1,0,0,0> }
	no_shadow
}
sphere {
	0, 1
	scale<0.080000,0.200000,0.300000>
	matrix <0.892303, -0.437546, -0.111129,
		-0.373190, -0.576425, -0.726955,
		0.254019, 0.690136, -0.677633,
		39.321377, 51.787323, 52.190212>
	pigment { color rgbt <0,1,1,0> }
	no_shadow
}
cylinder {
	<39.435272, 50.998657, 52.095287>,  <39.143562, 51.304230, 52.664555>, 0.130000
	pigment { color rgbt <1,0,0,0> }
	no_shadow
}

// nucleotide -1

// particle -1
sphere {
	<39.435272, 50.998657, 52.095287> 0.250000
	pigment { color rgbt <1,0,0,0> }
	no_shadow
}
cylinder {
	<39.595146, 51.363426, 52.132484>,  <39.691071, 51.582287, 52.154804>, 0.100000
	pigment { color rgbt <1,0,0,0> }
	no_shadow
}
cylinder {
	<39.595146, 51.363426, 52.132484>,  <39.435272, 50.998657, 52.095287>, 0.100000
	pigment { color rgbt <1,0,0,0> }
	no_shadow
}

// particle -1
sphere {
	<39.595146, 51.363426, 52.132484> 0.100000
	pigment { color rgbt <1,0,0,0> }
	no_shadow
}
sphere {
	0, 1
	scale<0.080000,0.200000,0.300000>
	matrix <0.915676, -0.401880, 0.005445,
		0.042339, 0.082979, -0.995651,
		0.399681, 0.911925, 0.092997,
		39.715050, 51.637005, 52.160385>
	pigment { color rgbt <0,1,1,0> }
	no_shadow
}
cylinder {
	<40.126415, 50.970901, 51.765945>,  <39.435272, 50.998657, 52.095287>, 0.130000
	pigment { color rgbt <1,0,0,0> }
	no_shadow
}

// nucleotide -1

// particle -1
sphere {
	<40.126415, 50.970901, 51.765945> 0.250000
	pigment { color rgbt <1,0,0,0> }
	no_shadow
}
cylinder {
	<40.180103, 51.322483, 51.948997>,  <40.212315, 51.533432, 52.058830>, 0.100000
	pigment { color rgbt <1,0,0,0> }
	no_shadow
}
cylinder {
	<40.180103, 51.322483, 51.948997>,  <40.126415, 50.970901, 51.765945>, 0.100000
	pigment { color rgbt <1,0,0,0> }
	no_shadow
}

// particle -1
sphere {
	<40.180103, 51.322483, 51.948997> 0.100000
	pigment { color rgbt <1,0,0,0> }
	no_shadow
}
sphere {
	0, 1
	scale<0.080000,0.200000,0.300000>
	matrix <0.953799, -0.239854, 0.180937,
		0.268800, 0.412200, -0.870539,
		0.134219, 0.878954, 0.457629,
		40.220367, 51.586170, 52.086285>
	pigment { color rgbt <0,1,1,0> }
	no_shadow
}
cylinder {
	<40.582531, 51.447979, 51.306393>,  <40.126415, 50.970901, 51.765945>, 0.130000
	pigment { color rgbt <1,0,0,0> }
	no_shadow
}

// nucleotide -1

// particle -1
sphere {
	<40.582531, 51.447979, 51.306393> 0.250000
	pigment { color rgbt <1,0,0,0> }
	no_shadow
}
cylinder {
	<40.603020, 51.474758, 51.704967>,  <40.615311, 51.490826, 51.944115>, 0.100000
	pigment { color rgbt <1,0,0,0> }
	no_shadow
}
cylinder {
	<40.603020, 51.474758, 51.704967>,  <40.582531, 51.447979, 51.306393>, 0.100000
	pigment { color rgbt <1,0,0,0> }
	no_shadow
}

// particle -1
sphere {
	<40.603020, 51.474758, 51.704967> 0.100000
	pigment { color rgbt <1,0,0,0> }
	no_shadow
}
sphere {
	0, 1
	scale<0.080000,0.200000,0.300000>
	matrix <0.908684, -0.417067, -0.018687,
		0.414331, 0.906407, -0.082199,
		0.051220, 0.066951, 0.996441,
		40.618385, 51.494843, 52.003899>
	pigment { color rgbt <0,1,1,0> }
	no_shadow
}
cylinder {
	<41.230663, 51.713425, 51.590046>,  <40.582531, 51.447979, 51.306393>, 0.130000
	pigment { color rgbt <1,0,0,0> }
	no_shadow
}

// nucleotide -1

// particle -1
sphere {
	<41.230663, 51.713425, 51.590046> 0.250000
	pigment { color rgbt <1,0,0,0> }
	no_shadow
}
cylinder {
	<41.097595, 51.506950, 51.905739>,  <41.017754, 51.383064, 52.095154>, 0.100000
	pigment { color rgbt <1,0,0,0> }
	no_shadow
}
cylinder {
	<41.097595, 51.506950, 51.905739>,  <41.230663, 51.713425, 51.590046>, 0.100000
	pigment { color rgbt <1,0,0,0> }
	no_shadow
}

// particle -1
sphere {
	<41.097595, 51.506950, 51.905739> 0.100000
	pigment { color rgbt <1,0,0,0> }
	no_shadow
}
sphere {
	0, 1
	scale<0.080000,0.200000,0.300000>
	matrix <0.895052, -0.436400, 0.091853,
		0.297007, 0.736958, 0.607190,
		-0.332670, -0.516185, 0.789230,
		40.997795, 51.352097, 52.142509>
	pigment { color rgbt <0,1,1,0> }
	no_shadow
}
cylinder {
	<42.010414, 51.842014, 51.697147>,  <41.230663, 51.713425, 51.590046>, 0.130000
	pigment { color rgbt <1,0,0,0> }
	no_shadow
}

// nucleotide -1

// particle -1
sphere {
	<42.010414, 51.842014, 51.697147> 0.250000
	pigment { color rgbt <1,0,0,0> }
	no_shadow
}
cylinder {
	<42.284615, 51.952873, 51.427841>,  <42.449135, 52.019386, 51.266258>, 0.100000
	pigment { color rgbt <1,0,0,0> }
	no_shadow
}
cylinder {
	<42.284615, 51.952873, 51.427841>,  <42.010414, 51.842014, 51.697147>, 0.100000
	pigment { color rgbt <1,0,0,0> }
	no_shadow
}

// particle -1
sphere {
	<42.284615, 51.952873, 51.427841> 0.100000
	pigment { color rgbt <1,0,0,0> }
	no_shadow
}
sphere {
	0, 1
	scale<0.080000,0.200000,0.300000>
	matrix <0.122632, 0.867556, 0.481984,
		0.717672, -0.412963, 0.560722,
		0.685499, 0.277144, -0.673263,
		42.490265, 52.036015, 51.225861>
	pigment { color rgbt <0,1,1,0> }
	no_shadow
}
cylinder {
	<42.717934, 51.988197, 51.980949>,  <42.010414, 51.842014, 51.697147>, 0.130000
	pigment { color rgbt <1,0,0,0> }
	no_shadow
}

// nucleotide -1

// particle -1
sphere {
	<42.717934, 51.988197, 51.980949> 0.250000
	pigment { color rgbt <1,0,0,0> }
	no_shadow
}
cylinder {
	<42.628071, 52.197472, 51.652119>,  <42.574154, 52.323036, 51.454823>, 0.100000
	pigment { color rgbt <1,0,0,0> }
	no_shadow
}
cylinder {
	<42.628071, 52.197472, 51.652119>,  <42.717934, 51.988197, 51.980949>, 0.100000
	pigment { color rgbt <1,0,0,0> }
	no_shadow
}

// particle -1
sphere {
	<42.628071, 52.197472, 51.652119> 0.100000
	pigment { color rgbt <1,0,0,0> }
	no_shadow
}
sphere {
	0, 1
	scale<0.080000,0.200000,0.300000>
	matrix <0.271060, 0.843894, 0.463001,
		0.935980, -0.118817, -0.331398,
		-0.224653, 0.523189, -0.822074,
		42.560677, 52.354427, 51.405495>
	pigment { color rgbt <0,1,1,0> }
	no_shadow
}
cylinder {
	<43.307861, 52.388775, 51.686100>,  <42.717934, 51.988197, 51.980949>, 0.130000
	pigment { color rgbt <1,0,0,0> }
	no_shadow
}

// nucleotide -1

// particle -1
sphere {
	<43.307861, 52.388775, 51.686100> 0.250000
	pigment { color rgbt <1,0,0,0> }
	no_shadow
}
cylinder {
	<42.961048, 52.579666, 51.628822>,  <42.752960, 52.694202, 51.594456>, 0.100000
	pigment { color rgbt <1,0,0,0> }
	no_shadow
}
cylinder {
	<42.961048, 52.579666, 51.628822>,  <43.307861, 52.388775, 51.686100>, 0.100000
	pigment { color rgbt <1,0,0,0> }
	no_shadow
}

// particle -1
sphere {
	<42.961048, 52.579666, 51.628822> 0.100000
	pigment { color rgbt <1,0,0,0> }
	no_shadow
}
sphere {
	0, 1
	scale<0.080000,0.200000,0.300000>
	matrix <0.370610, 0.809802, 0.454828,
		0.333018, 0.341281, -0.878992,
		-0.867033, 0.477230, -0.143196,
		42.700939, 52.722836, 51.585865>
	pigment { color rgbt <0,1,1,0> }
	no_shadow
}
cylinder {
	<43.436626, 52.974159, 51.429325>,  <43.307861, 52.388775, 51.686100>, 0.130000
	pigment { color rgbt <1,0,0,0> }
	no_shadow
}

// nucleotide -1

// particle -1
sphere {
	<43.436626, 52.974159, 51.429325> 0.250000
	pigment { color rgbt <1,0,0,0> }
	no_shadow
}
cylinder {
	<43.098263, 53.012650, 51.639156>,  <42.895245, 53.035744, 51.765057>, 0.100000
	pigment { color rgbt <1,0,0,0> }
	no_shadow
}
cylinder {
	<43.098263, 53.012650, 51.639156>,  <43.436626, 52.974159, 51.429325>, 0.100000
	pigment { color rgbt <1,0,0,0> }
	no_shadow
}

// particle -1
sphere {
	<43.098263, 53.012650, 51.639156> 0.100000
	pigment { color rgbt <1,0,0,0> }
	no_shadow
}
sphere {
	0, 1
	scale<0.080000,0.200000,0.300000>
	matrix <0.377354, 0.803066, 0.461182,
		-0.376891, 0.588069, -0.715631,
		-0.845906, 0.096231, 0.524579,
		42.844490, 53.041519, 51.796532>
	pigment { color rgbt <0,1,1,0> }
	no_shadow
}
cylinder {
	<43.084229, 53.547520, 51.277760>,  <43.436626, 52.974159, 51.429325>, 0.130000
	pigment { color rgbt <1,0,0,0> }
	no_shadow
}

// nucleotide -1

// particle -1
sphere {
	<43.084229, 53.547520, 51.277760> 0.250000
	pigment { color rgbt <1,0,0,0> }
	no_shadow
}
cylinder {
	<43.029812, 53.467663, 51.665913>,  <42.997162, 53.419750, 51.898804>, 0.100000
	pigment { color rgbt <1,0,0,0> }
	no_shadow
}
cylinder {
	<43.029812, 53.467663, 51.665913>,  <43.084229, 53.547520, 51.277760>, 0.100000
	pigment { color rgbt <1,0,0,0> }
	no_shadow
}

// particle -1
sphere {
	<43.029812, 53.467663, 51.665913> 0.100000
	pigment { color rgbt <1,0,0,0> }
	no_shadow
}
sphere {
	0, 1
	scale<0.080000,0.200000,0.300000>
	matrix <0.336191, 0.912062, 0.234772,
		-0.931917, 0.358171, -0.056961,
		-0.136041, -0.199638, 0.970380,
		42.988998, 53.407772, 51.957027>
	pigment { color rgbt <0,1,1,0> }
	no_shadow
}
cylinder {
	<42.715611, 54.117245, 51.705887>,  <43.084229, 53.547520, 51.277760>, 0.130000
	pigment { color rgbt <1,0,0,0> }
	no_shadow
}

// nucleotide -1

// particle -1
sphere {
	<42.715611, 54.117245, 51.705887> 0.250000
	pigment { color rgbt <1,0,0,0> }
	no_shadow
}
cylinder {
	<42.945511, 53.912434, 51.961227>,  <43.083450, 53.789547, 52.114429>, 0.100000
	pigment { color rgbt <1,0,0,0> }
	no_shadow
}
cylinder {
	<42.945511, 53.912434, 51.961227>,  <42.715611, 54.117245, 51.705887>, 0.100000
	pigment { color rgbt <1,0,0,0> }
	no_shadow
}

// particle -1
sphere {
	<42.945511, 53.912434, 51.961227> 0.100000
	pigment { color rgbt <1,0,0,0> }
	no_shadow
}
sphere {
	0, 1
	scale<0.080000,0.200000,0.300000>
	matrix <0.559996, 0.814906, 0.149440,
		-0.596710, 0.271581, 0.755103,
		0.574753, -0.512028, 0.638347,
		43.117935, 53.758823, 52.152733>
	pigment { color rgbt <0,1,1,0> }
	no_shadow
}
cylinder {
	<42.805149, 54.470234, 52.292164>,  <42.715611, 54.117245, 51.705887>, 0.130000
	pigment { color rgbt <1,0,0,0> }
	no_shadow
}

// nucleotide -1

// particle -1
sphere {
	<42.805149, 54.470234, 52.292164> 0.250000
	pigment { color rgbt <1,0,0,0> }
	no_shadow
}
cylinder {
	<43.132778, 54.241291, 52.276596>,  <43.329357, 54.103924, 52.267254>, 0.100000
	pigment { color rgbt <1,0,0,0> }
	no_shadow
}
cylinder {
	<43.132778, 54.241291, 52.276596>,  <42.805149, 54.470234, 52.292164>, 0.100000
	pigment { color rgbt <1,0,0,0> }
	no_shadow
}

// particle -1
sphere {
	<43.132778, 54.241291, 52.276596> 0.100000
	pigment { color rgbt <1,0,0,0> }
	no_shadow
}
sphere {
	0, 1
	scale<0.080000,0.200000,0.300000>
	matrix <0.553928, 0.771400, 0.313219,
		-0.149251, -0.278110, 0.948883,
		0.819077, -0.572361, -0.038921,
		43.378502, 54.069584, 52.264919>
	pigment { color rgbt <0,1,1,0> }
	no_shadow
}
cylinder {
	<43.169369, 54.495674, 52.934292>,  <42.805149, 54.470234, 52.292164>, 0.130000
	pigment { color rgbt <1,0,0,0> }
	no_shadow
}

// nucleotide -1

// particle -1
sphere {
	<43.169369, 54.495674, 52.934292> 0.250000
	pigment { color rgbt <1,0,0,0> }
	no_shadow
}
cylinder {
	<43.432369, 54.408428, 52.645813>,  <43.590168, 54.356079, 52.472725>, 0.100000
	pigment { color rgbt <1,0,0,0> }
	no_shadow
}
cylinder {
	<43.432369, 54.408428, 52.645813>,  <43.169369, 54.495674, 52.934292>, 0.100000
	pigment { color rgbt <1,0,0,0> }
	no_shadow
}

// particle -1
sphere {
	<43.432369, 54.408428, 52.645813> 0.100000
	pigment { color rgbt <1,0,0,0> }
	no_shadow
}
sphere {
	0, 1
	scale<0.080000,0.200000,0.300000>
	matrix <0.638351, 0.669738, 0.379420,
		0.400255, -0.709844, 0.579584,
		0.657498, -0.218113, -0.721195,
		43.629620, 54.342995, 52.429455>
	pigment { color rgbt <0,1,1,0> }
	no_shadow
}
cylinder {
	<43.845776, 54.514366, 53.231140>,  <43.169369, 54.495674, 52.934292>, 0.130000
	pigment { color rgbt <1,0,0,0> }
	no_shadow
}

// nucleotide -1

// particle -1
sphere {
	<43.845776, 54.514366, 53.231140> 0.250000
	pigment { color rgbt <1,0,0,0> }
	no_shadow
}
cylinder {
	<43.915031, 54.535717, 52.837761>,  <43.956585, 54.548527, 52.601734>, 0.100000
	pigment { color rgbt <1,0,0,0> }
	no_shadow
}
cylinder {
	<43.915031, 54.535717, 52.837761>,  <43.845776, 54.514366, 53.231140>, 0.100000
	pigment { color rgbt <1,0,0,0> }
	no_shadow
}

// particle -1
sphere {
	<43.915031, 54.535717, 52.837761> 0.100000
	pigment { color rgbt <1,0,0,0> }
	no_shadow
}
sphere {
	0, 1
	scale<0.080000,0.200000,0.300000>
	matrix <0.647933, 0.745853, 0.154553,
		0.741759, -0.663969, 0.094549,
		0.173138, 0.053380, -0.983450,
		43.966972, 54.551731, 52.542725>
	pigment { color rgbt <0,1,1,0> }
	no_shadow
}
cylinder {
	<44.553356, 54.586121, 53.197327>,  <43.845776, 54.514366, 53.231140>, 0.130000
	pigment { color rgbt <1,0,0,0> }
	no_shadow
}

// nucleotide -1

// particle -1
sphere {
	<44.553356, 54.586121, 53.197327> 0.250000
	pigment { color rgbt <1,0,0,0> }
	no_shadow
}
cylinder {
	<44.434868, 54.671375, 52.824913>,  <44.363777, 54.722530, 52.601463>, 0.100000
	pigment { color rgbt <1,0,0,0> }
	no_shadow
}
cylinder {
	<44.434868, 54.671375, 52.824913>,  <44.553356, 54.586121, 53.197327>, 0.100000
	pigment { color rgbt <1,0,0,0> }
	no_shadow
}

// particle -1
sphere {
	<44.434868, 54.671375, 52.824913> 0.100000
	pigment { color rgbt <1,0,0,0> }
	no_shadow
}
sphere {
	0, 1
	scale<0.080000,0.200000,0.300000>
	matrix <0.626335, 0.779275, -0.020876,
		0.721083, -0.589324, -0.364332,
		-0.296217, 0.213140, -0.931035,
		44.346004, 54.735317, 52.545601>
	pigment { color rgbt <0,1,1,0> }
	no_shadow
}
cylinder {
	<45.145912, 54.952148, 52.978310>,  <44.553356, 54.586121, 53.197327>, 0.130000
	pigment { color rgbt <1,0,0,0> }
	no_shadow
}

// nucleotide -1

// particle -1
sphere {
	<45.145912, 54.952148, 52.978310> 0.250000
	pigment { color rgbt <1,0,0,0> }
	no_shadow
}
cylinder {
	<44.833244, 55.059910, 52.753304>,  <44.645645, 55.124565, 52.618301>, 0.100000
	pigment { color rgbt <1,0,0,0> }
	no_shadow
}
cylinder {
	<44.833244, 55.059910, 52.753304>,  <45.145912, 54.952148, 52.978310>, 0.100000
	pigment { color rgbt <1,0,0,0> }
	no_shadow
}

// particle -1
sphere {
	<44.833244, 55.059910, 52.753304> 0.100000
	pigment { color rgbt <1,0,0,0> }
	no_shadow
}
sphere {
	0, 1
	scale<0.080000,0.200000,0.300000>
	matrix <0.405024, 0.905111, -0.129342,
		0.474291, -0.328933, -0.816609,
		-0.781667, 0.269400, -0.562512,
		44.598743, 55.140728, 52.584549>
	pigment { color rgbt <0,1,1,0> }
	no_shadow
}
cylinder {
	<45.374065, 55.381199, 52.443527>,  <45.145912, 54.952148, 52.978310>, 0.130000
	pigment { color rgbt <1,0,0,0> }
	no_shadow
}

// nucleotide -1

// particle -1
sphere {
	<45.374065, 55.381199, 52.443527> 0.250000
	pigment { color rgbt <1,0,0,0> }
	no_shadow
}
cylinder {
	<45.710419, 55.542496, 52.299133>,  <45.912231, 55.639275, 52.212498>, 0.100000
	pigment { color rgbt <1,0,0,0> }
	no_shadow
}
cylinder {
	<45.710419, 55.542496, 52.299133>,  <45.374065, 55.381199, 52.443527>, 0.100000
	pigment { color rgbt <1,0,0,0> }
	no_shadow
}

// particle -1
sphere {
	<45.710419, 55.542496, 52.299133> 0.100000
	pigment { color rgbt <1,0,0,0> }
	no_shadow
}
sphere {
	0, 1
	scale<0.080000,0.200000,0.300000>
	matrix <0.226672, 0.343278, 0.911471,
		0.491460, -0.848267, 0.197255,
		0.840885, 0.403239, -0.360986,
		45.962685, 55.663467, 52.190838>
	pigment { color rgbt <0,1,1,0> }
	no_shadow
}
cylinder {
	<45.861671, 55.364658, 52.936878>,  <45.374065, 55.381199, 52.443527>, 0.130000
	pigment { color rgbt <1,0,0,0> }
	no_shadow
}

// nucleotide -1

// particle -1
sphere {
	<45.861671, 55.364658, 52.936878> 0.250000
	pigment { color rgbt <1,0,0,0> }
	no_shadow
}
cylinder {
	<45.993378, 55.655663, 52.696106>,  <46.072399, 55.830265, 52.551643>, 0.100000
	pigment { color rgbt <1,0,0,0> }
	no_shadow
}
cylinder {
	<45.993378, 55.655663, 52.696106>,  <45.861671, 55.364658, 52.936878>, 0.100000
	pigment { color rgbt <1,0,0,0> }
	no_shadow
}

// particle -1
sphere {
	<45.993378, 55.655663, 52.696106> 0.100000
	pigment { color rgbt <1,0,0,0> }
	no_shadow
}
sphere {
	0, 1
	scale<0.080000,0.200000,0.300000>
	matrix <0.595767, 0.334505, 0.730184,
		0.732563, -0.599031, -0.323285,
		0.329262, 0.727508, -0.601929,
		46.092155, 55.873917, 52.515526>
	pigment { color rgbt <0,1,1,0> }
	no_shadow
}
cylinder {
	<46.580357, 55.405964, 53.022808>,  <45.861671, 55.364658, 52.936878>, 0.130000
	pigment { color rgbt <1,0,0,0> }
	no_shadow
}

// nucleotide -1

// particle -1
sphere {
	<46.580357, 55.405964, 53.022808> 0.250000
	pigment { color rgbt <1,0,0,0> }
	no_shadow
}
cylinder {
	<46.464085, 55.752869, 52.861134>,  <46.394321, 55.961010, 52.764130>, 0.100000
	pigment { color rgbt <1,0,0,0> }
	no_shadow
}
cylinder {
	<46.464085, 55.752869, 52.861134>,  <46.580357, 55.405964, 53.022808>, 0.100000
	pigment { color rgbt <1,0,0,0> }
	no_shadow
}

// particle -1
sphere {
	<46.464085, 55.752869, 52.861134> 0.100000
	pigment { color rgbt <1,0,0,0> }
	no_shadow
}
sphere {
	0, 1
	scale<0.080000,0.200000,0.300000>
	matrix <0.403330, 0.494124, 0.770172,
		0.867657, 0.060856, -0.493425,
		-0.290683, 0.867259, -0.404185,
		46.376881, 56.013046, 52.739880>
	pigment { color rgbt <0,1,1,0> }
	no_shadow
}
cylinder {
	<47.131161, 55.811264, 52.929771>,  <46.580357, 55.405964, 53.022808>, 0.130000
	pigment { color rgbt <1,0,0,0> }
	no_shadow
}

// nucleotide -1

// particle -1
sphere {
	<47.131161, 55.811264, 52.929771> 0.250000
	pigment { color rgbt <1,0,0,0> }
	no_shadow
}
cylinder {
	<46.828690, 56.071346, 52.959244>,  <46.647205, 56.227394, 52.976925>, 0.100000
	pigment { color rgbt <1,0,0,0> }
	no_shadow
}
cylinder {
	<46.828690, 56.071346, 52.959244>,  <47.131161, 55.811264, 52.929771>, 0.100000
	pigment { color rgbt <1,0,0,0> }
	no_shadow
}

// particle -1
sphere {
	<46.828690, 56.071346, 52.959244> 0.100000
	pigment { color rgbt <1,0,0,0> }
	no_shadow
}
sphere {
	0, 1
	scale<0.080000,0.200000,0.300000>
	matrix <0.565439, 0.592593, 0.573683,
		0.329349, 0.475468, -0.815757,
		-0.756180, 0.650203, 0.073678,
		46.601837, 56.266407, 52.981346>
	pigment { color rgbt <0,1,1,0> }
	no_shadow
}
cylinder {
	<47.302288, 56.531406, 52.857796>,  <47.131161, 55.811264, 52.929771>, 0.130000
	pigment { color rgbt <1,0,0,0> }
	no_shadow
}

// nucleotide -1

// particle -1
sphere {
	<47.302288, 56.531406, 52.857796> 0.250000
	pigment { color rgbt <1,0,0,0> }
	no_shadow
}
cylinder {
	<47.398811, 56.887032, 53.013401>,  <47.456726, 57.100407, 53.106766>, 0.100000
	pigment { color rgbt <1,0,0,0> }
	no_shadow
}
cylinder {
	<47.398811, 56.887032, 53.013401>,  <47.302288, 56.531406, 52.857796>, 0.100000
	pigment { color rgbt <1,0,0,0> }
	no_shadow
}

// particle -1
sphere {
	<47.398811, 56.887032, 53.013401> 0.100000
	pigment { color rgbt <1,0,0,0> }
	no_shadow
}
sphere {
	0, 1
	scale<0.080000,0.200000,0.300000>
	matrix <0.934620, -0.104992, -0.339796,
		-0.261257, 0.445579, -0.856273,
		0.241308, 0.889065, 0.389017,
		47.471203, 57.153751, 53.130108>
	pigment { color rgbt <0,1,1,0> }
	no_shadow
}
cylinder {
	<47.501644, 57.118916, 52.319359>,  <47.302288, 56.531406, 52.857796>, 0.130000
	pigment { color rgbt <1,0,0,0> }
	no_shadow
}

// nucleotide -1

// particle -1
sphere {
	<47.501644, 57.118916, 52.319359> 0.250000
	pigment { color rgbt <1,0,0,0> }
	no_shadow
}
cylinder {
	<47.669292, 57.123924, 52.682495>,  <47.769882, 57.126930, 52.900379>, 0.100000
	pigment { color rgbt <1,0,0,0> }
	no_shadow
}
cylinder {
	<47.669292, 57.123924, 52.682495>,  <47.501644, 57.118916, 52.319359>, 0.100000
	pigment { color rgbt <1,0,0,0> }
	no_shadow
}

// particle -1
sphere {
	<47.669292, 57.123924, 52.682495> 0.100000
	pigment { color rgbt <1,0,0,0> }
	no_shadow
}
sphere {
	0, 1
	scale<0.080000,0.200000,0.300000>
	matrix <0.902137, -0.118513, -0.414855,
		0.102398, 0.992874, -0.060965,
		0.419123, 0.012519, 0.907843,
		47.795029, 57.127682, 52.954849>
	pigment { color rgbt <0,1,1,0> }
	no_shadow
}
cylinder {
	<48.094692, 57.542591, 52.395172>,  <47.501644, 57.118916, 52.319359>, 0.130000
	pigment { color rgbt <1,0,0,0> }
	no_shadow
}

// nucleotide -1

// particle -1
sphere {
	<48.094692, 57.542591, 52.395172> 0.250000
	pigment { color rgbt <1,0,0,0> }
	no_shadow
}
cylinder {
	<48.185909, 57.288445, 52.690281>,  <48.240639, 57.135956, 52.867344>, 0.100000
	pigment { color rgbt <1,0,0,0> }
	no_shadow
}
cylinder {
	<48.185909, 57.288445, 52.690281>,  <48.094692, 57.542591, 52.395172>, 0.100000
	pigment { color rgbt <1,0,0,0> }
	no_shadow
}

// particle -1
sphere {
	<48.185909, 57.288445, 52.690281> 0.100000
	pigment { color rgbt <1,0,0,0> }
	no_shadow
}
sphere {
	0, 1
	scale<0.080000,0.200000,0.300000>
	matrix <0.948969, -0.024495, -0.314418,
		0.217843, 0.771821, 0.597359,
		0.228042, -0.635368, 0.737770,
		48.254322, 57.097836, 52.911613>
	pigment { color rgbt <0,1,1,0> }
	no_shadow
}
cylinder {
	<48.666008, 57.769394, 52.915573>,  <48.094692, 57.542591, 52.395172>, 0.130000
	pigment { color rgbt <1,0,0,0> }
	no_shadow
}

// nucleotide -1

// particle -1
sphere {
	<48.666008, 57.769394, 52.915573> 0.250000
	pigment { color rgbt <1,0,0,0> }
	no_shadow
}
cylinder {
	<48.679260, 57.369621, 52.917862>,  <48.687210, 57.129757, 52.919235>, 0.100000
	pigment { color rgbt <1,0,0,0> }
	no_shadow
}
cylinder {
	<48.679260, 57.369621, 52.917862>,  <48.666008, 57.769394, 52.915573>, 0.100000
	pigment { color rgbt <1,0,0,0> }
	no_shadow
}

// particle -1
sphere {
	<48.679260, 57.369621, 52.917862> 0.100000
	pigment { color rgbt <1,0,0,0> }
	no_shadow
}
sphere {
	0, 1
	scale<0.080000,0.200000,0.300000>
	matrix <0.998495, 0.032847, -0.043919,
		0.043706, 0.007172, 0.999019,
		0.033129, -0.999435, 0.005725,
		48.689198, 57.069790, 52.919579>
	pigment { color rgbt <0,1,1,0> }
	no_shadow
}
cylinder {
	<49.021030, 57.437271, 53.544537>,  <48.666008, 57.769394, 52.915573>, 0.130000
	pigment { color rgbt <1,0,0,0> }
	no_shadow
}

// nucleotide -1

// particle -1
sphere {
	<49.021030, 57.437271, 53.544537> 0.250000
	pigment { color rgbt <1,0,0,0> }
	no_shadow
}
cylinder {
	<49.061127, 57.297615, 53.171860>,  <49.085186, 57.213821, 52.948254>, 0.100000
	pigment { color rgbt <1,0,0,0> }
	no_shadow
}
cylinder {
	<49.061127, 57.297615, 53.171860>,  <49.021030, 57.437271, 53.544537>, 0.100000
	pigment { color rgbt <1,0,0,0> }
	no_shadow
}

// particle -1
sphere {
	<49.061127, 57.297615, 53.171860> 0.100000
	pigment { color rgbt <1,0,0,0> }
	no_shadow
}
sphere {
	0, 1
	scale<0.080000,0.200000,0.300000>
	matrix <0.989364, 0.134175, 0.056170,
		0.105399, -0.927413, 0.358881,
		0.100245, -0.349144, -0.931692,
		49.091202, 57.192871, 52.892353>
	pigment { color rgbt <0,1,1,0> }
	no_shadow
}
cylinder {
	<49.603615, 57.124542, 53.449837>,  <49.021030, 57.437271, 53.544537>, 0.130000
	pigment { color rgbt <1,0,0,0> }
	no_shadow
}

// nucleotide -1

// particle -1
sphere {
	<49.603615, 57.124542, 53.449837> 0.250000
	pigment { color rgbt <1,0,0,0> }
	no_shadow
}
cylinder {
	<49.595661, 57.182125, 53.054085>,  <49.590889, 57.216675, 52.816631>, 0.100000
	pigment { color rgbt <1,0,0,0> }
	no_shadow
}
cylinder {
	<49.595661, 57.182125, 53.054085>,  <49.603615, 57.124542, 53.449837>, 0.100000
	pigment { color rgbt <1,0,0,0> }
	no_shadow
}

// particle -1
sphere {
	<49.595661, 57.182125, 53.054085> 0.100000
	pigment { color rgbt <1,0,0,0> }
	no_shadow
}
sphere {
	0, 1
	scale<0.080000,0.200000,0.300000>
	matrix <0.996280, 0.085850, -0.007533,
		0.083854, -0.985853, -0.145128,
		-0.019886, 0.143956, -0.989384,
		49.589695, 57.225311, 52.757271>
	pigment { color rgbt <0,1,1,0> }
	no_shadow
}
cylinder {
	<50.090652, 57.410061, 52.913235>,  <49.603615, 57.124542, 53.449837>, 0.130000
	pigment { color rgbt <1,0,0,0> }
	no_shadow
}

// nucleotide -1

// particle -1
sphere {
	<50.090652, 57.410061, 52.913235> 0.250000
	pigment { color rgbt <1,0,0,0> }
	no_shadow
}
cylinder {
	<50.131645, 57.044922, 52.755138>,  <50.156242, 56.825840, 52.660282>, 0.100000
	pigment { color rgbt <1,0,0,0> }
	no_shadow
}
cylinder {
	<50.131645, 57.044922, 52.755138>,  <50.090652, 57.410061, 52.913235>, 0.100000
	pigment { color rgbt <1,0,0,0> }
	no_shadow
}

// particle -1
sphere {
	<50.131645, 57.044922, 52.755138> 0.100000
	pigment { color rgbt <1,0,0,0> }
	no_shadow
}
sphere {
	0, 1
	scale<0.080000,0.200000,0.300000>
	matrix <0.328914, -0.343884, 0.879522,
		-0.938782, -0.220137, 0.265004,
		0.102485, -0.912844, -0.395238,
		50.162392, 56.771069, 52.636566>
	pigment { color rgbt <0,1,1,0> }
	no_shadow
}
cylinder {
	<50.799385, 57.483299, 52.852875>,  <50.090652, 57.410061, 52.913235>, 0.130000
	pigment { color rgbt <1,0,0,0> }
	no_shadow
}

// nucleotide -1

// particle -1
sphere {
	<50.799385, 57.483299, 52.852875> 0.250000
	pigment { color rgbt <1,0,0,0> }
	no_shadow
}
cylinder {
	<51.189121, 57.443584, 52.933678>,  <51.422962, 57.419754, 52.982159>, 0.100000
	pigment { color rgbt <1,0,0,0> }
	no_shadow
}
cylinder {
	<51.189121, 57.443584, 52.933678>,  <50.799385, 57.483299, 52.852875>, 0.100000
	pigment { color rgbt <1,0,0,0> }
	no_shadow
}

// particle -1
sphere {
	<51.189121, 57.443584, 52.933678> 0.100000
	pigment { color rgbt <1,0,0,0> }
	no_shadow
}
sphere {
	0, 1
	scale<0.080000,0.200000,0.300000>
	matrix <-0.117923, -0.989599, 0.082386,
		0.191723, -0.104093, -0.975913,
		0.974339, -0.099288, 0.202004,
		51.481422, 57.413799, 52.994278>
	pigment { color rgbt <0,1,1,0> }
	no_shadow
}
cylinder {
	<51.055962, 56.958195, 52.399570>,  <50.799385, 57.483299, 52.852875>, 0.130000
	pigment { color rgbt <1,0,0,0> }
	no_shadow
}

// nucleotide -1

// particle -1
sphere {
	<51.055962, 56.958195, 52.399570> 0.250000
	pigment { color rgbt <1,0,0,0> }
	no_shadow
}
cylinder {
	<51.300068, 56.961582, 52.716431>,  <51.446533, 56.963615, 52.906548>, 0.100000
	pigment { color rgbt <1,0,0,0> }
	no_shadow
}
cylinder {
	<51.300068, 56.961582, 52.716431>,  <51.055962, 56.958195, 52.399570>, 0.100000
	pigment { color rgbt <1,0,0,0> }
	no_shadow
}

// particle -1
sphere {
	<51.300068, 56.961582, 52.716431> 0.100000
	pigment { color rgbt <1,0,0,0> }
	no_shadow
}
sphere {
	0, 1
	scale<0.080000,0.200000,0.300000>
	matrix <-0.039012, -0.998408, 0.040725,
		0.791235, -0.055756, -0.608965,
		0.610266, 0.008466, 0.792151,
		51.483147, 56.964123, 52.954075>
	pigment { color rgbt <0,1,1,0> }
	no_shadow
}
cylinder {
	<51.514809, 56.449772, 52.282444>,  <51.055962, 56.958195, 52.399570>, 0.130000
	pigment { color rgbt <1,0,0,0> }
	no_shadow
}

// nucleotide -1

// particle -1
sphere {
	<51.514809, 56.449772, 52.282444> 0.250000
	pigment { color rgbt <1,0,0,0> }
	no_shadow
}
cylinder {
	<51.525215, 56.530148, 52.674149>,  <51.531460, 56.578373, 52.909172>, 0.100000
	pigment { color rgbt <1,0,0,0> }
	no_shadow
}
cylinder {
	<51.525215, 56.530148, 52.674149>,  <51.514809, 56.449772, 52.282444>, 0.100000
	pigment { color rgbt <1,0,0,0> }
	no_shadow
}

// particle -1
sphere {
	<51.525215, 56.530148, 52.674149> 0.100000
	pigment { color rgbt <1,0,0,0> }
	no_shadow
}
sphere {
	0, 1
	scale<0.080000,0.200000,0.300000>
	matrix <-0.064155, -0.977235, 0.202227,
		0.997601, -0.068086, -0.012535,
		0.026019, 0.200937, 0.979259,
		51.533020, 56.590427, 52.967926>
	pigment { color rgbt <0,1,1,0> }
	no_shadow
}
cylinder {
	<52.079781, 55.979744, 52.664734>,  <51.514809, 56.449772, 52.282444>, 0.130000
	pigment { color rgbt <1,0,0,0> }
	no_shadow
}

// nucleotide -1

// particle -1
sphere {
	<52.079781, 55.979744, 52.664734> 0.250000
	pigment { color rgbt <1,0,0,0> }
	no_shadow
}
cylinder {
	<51.803295, 56.082600, 52.934875>,  <51.637405, 56.144314, 53.096962>, 0.100000
	pigment { color rgbt <1,0,0,0> }
	no_shadow
}
cylinder {
	<51.803295, 56.082600, 52.934875>,  <52.079781, 55.979744, 52.664734>, 0.100000
	pigment { color rgbt <1,0,0,0> }
	no_shadow
}

// particle -1
sphere {
	<51.803295, 56.082600, 52.934875> 0.100000
	pigment { color rgbt <1,0,0,0> }
	no_shadow
}
sphere {
	0, 1
	scale<0.080000,0.200000,0.300000>
	matrix <-0.170992, -0.966209, 0.192879,
		0.702134, 0.017839, 0.711821,
