// switches for output
#declare DRAW_BASES = 1; // possible values are 0, 1; only relevant for DNA ribbons
#declare DRAW_BASES_TYPE = 3; // possible values are 1, 2, 3; only relevant for DNA ribbons
#declare DRAW_FOG = 0; // set to 1 to enable fog

#include "colors.inc"

#include "transforms.inc"
background { rgb <1, 1, 1>}

#default {
   normal{
       ripples 0.25
       frequency 0.20
       turbulence 0.2
       lambda 5
   }
	finish {
		phong 0.1
		phong_size 40.
	}
}

// original window dimensions: 1024x640


// camera settings

camera {
	sky <-0, 1, 0>
	up <-0, 1, 0>
	right 1.6 * <0.99995, 0, 0.00999983>
	location <54.4867, 55, 106.329>
	look_at <55, 55, 55.0001>
	direction <0.513302, 0, -51.3289>
	angle 67.0682
}


# declare cpy_camera_pos = <54.4867, 55, 106.329>;
# if (DRAW_FOG = 1)
fog {
	fog_type 2
	up vnormalize(cpy_camera_pos)
	color rgbt<1,1,1,0.3>
	distance 1e-5
	fog_alt 3e-3
	fog_offset 88
}
# end


// LIGHTS

# declare lum = 6;
global_settings {
	ambient_light rgb lum * <0.05, 0.05, 0.05>
	max_trace_level 15
}# declare cpy_direct_light_amount = 0.25;
light_source
{	1000 * <-0.98995, -1, 1.00995>,
	rgb lum * cpy_direct_light_amount
	parallel
}

light_source
{	1000 * <0.98995, 1, -1.00995>,
	rgb lum * cpy_direct_light_amount
	parallel
}

// strand 0

// nucleotide -1

// particle -1
sphere {
	<35.489254, 53.197186, 49.906467> 0.250000
	pigment { color rgbt <1,0,0,0> }
	no_shadow
}
cylinder {
	<35.664188, 53.004089, 49.602966>,  <35.769150, 52.888233, 49.420868>, 0.100000
	pigment { color rgbt <1,0,0,0> }
	no_shadow
}
cylinder {
	<35.664188, 53.004089, 49.602966>,  <35.489254, 53.197186, 49.906467>, 0.100000
	pigment { color rgbt <1,0,0,0> }
	no_shadow
}

// particle -1
sphere {
	<35.664188, 53.004089, 49.602966> 0.100000
	pigment { color rgbt <1,0,0,0> }
	no_shadow
}
sphere {
	0, 1
	scale<0.080000,0.200000,0.300000>
	matrix <0.884855, 0.381599, 0.267234,
		0.160534, -0.788254, 0.594041,
		0.437333, -0.482741, -0.758750,
		35.795387, 52.859268, 49.375340>
	pigment { color rgbt <0,1,1,0> }
	no_shadow
}
cylinder {
	<36.091991, 52.879730, 50.172779>,  <35.489254, 53.197186, 49.906467>, 0.130000
	pigment { color rgbt <1,0,0,0> }
	no_shadow
}

// nucleotide -1

// particle -1
sphere {
	<36.091991, 52.879730, 50.172779> 0.250000
	pigment { color rgbt <1,0,0,0> }
	no_shadow
}
cylinder {
	<36.141026, 52.992641, 49.792191>,  <36.170448, 53.060387, 49.563839>, 0.100000
	pigment { color rgbt <1,0,0,0> }
	no_shadow
}
cylinder {
	<36.141026, 52.992641, 49.792191>,  <36.091991, 52.879730, 50.172779>, 0.100000
	pigment { color rgbt <1,0,0,0> }
	no_shadow
}

// particle -1
sphere {
	<36.141026, 52.992641, 49.792191> 0.100000
	pigment { color rgbt <1,0,0,0> }
	no_shadow
}
sphere {
	0, 1
	scale<0.080000,0.200000,0.300000>
	matrix <0.868351, 0.433708, 0.240550,
		0.480561, -0.855698, -0.191945,
		0.122590, 0.282275, -0.951469,
		36.177803, 53.077324, 49.506748>
	pigment { color rgbt <0,1,1,0> }
	no_shadow
}
cylinder {
	<36.811180, 52.764179, 49.878677>,  <36.091991, 52.879730, 50.172779>, 0.130000
	pigment { color rgbt <1,0,0,0> }
	no_shadow
}

// nucleotide -1

// particle -1
sphere {
	<36.811180, 52.764179, 49.878677> 0.250000
	pigment { color rgbt <1,0,0,0> }
	no_shadow
}
cylinder {
	<36.632347, 53.075027, 49.701500>,  <36.525047, 53.261536, 49.595192>, 0.100000
	pigment { color rgbt <1,0,0,0> }
	no_shadow
}
cylinder {
	<36.632347, 53.075027, 49.701500>,  <36.811180, 52.764179, 49.878677>, 0.100000
	pigment { color rgbt <1,0,0,0> }
	no_shadow
}

// particle -1
sphere {
	<36.632347, 53.075027, 49.701500> 0.100000
	pigment { color rgbt <1,0,0,0> }
	no_shadow
}
sphere {
	0, 1
	scale<0.080000,0.200000,0.300000>
	matrix <0.809352, 0.562299, 0.169612,
		0.380875, -0.282666, -0.880360,
		-0.447083, 0.777122, -0.442942,
		36.498222, 53.308163, 49.568619>
	pigment { color rgbt <0,1,1,0> }
	no_shadow
}
cylinder {
	<37.357643, 53.115265, 49.511154>,  <36.811180, 52.764179, 49.878677>, 0.130000
	pigment { color rgbt <1,0,0,0> }
	no_shadow
}

// nucleotide -1

// particle -1
sphere {
	<37.357643, 53.115265, 49.511154> 0.250000
	pigment { color rgbt <1,0,0,0> }
	no_shadow
}
cylinder {
	<37.063725, 53.373268, 49.595104>,  <36.887375, 53.528069, 49.645473>, 0.100000
	pigment { color rgbt <1,0,0,0> }
	no_shadow
}
cylinder {
	<37.063725, 53.373268, 49.595104>,  <37.357643, 53.115265, 49.511154>, 0.100000
	pigment { color rgbt <1,0,0,0> }
	no_shadow
}

// particle -1
sphere {
	<37.063725, 53.373268, 49.595104> 0.100000
	pigment { color rgbt <1,0,0,0> }
	no_shadow
}
sphere {
	0, 1
	scale<0.080000,0.200000,0.300000>
	matrix <0.675797, 0.669665, 0.307974,
		0.058102, 0.368127, -0.927958,
		-0.734794, 0.645005, 0.209871,
		36.843285, 53.566769, 49.658066>
	pigment { color rgbt <0,1,1,0> }
	no_shadow
}
cylinder {
	<37.342163, 53.812614, 49.118229>,  <37.357643, 53.115265, 49.511154>, 0.130000
	pigment { color rgbt <1,0,0,0> }
	no_shadow
}

// nucleotide -1

// particle -1
sphere {
	<37.342163, 53.812614, 49.118229> 0.250000
	pigment { color rgbt <1,0,0,0> }
	no_shadow
}
cylinder {
	<37.227917, 53.862335, 49.498329>,  <37.159367, 53.892170, 49.726387>, 0.100000
	pigment { color rgbt <1,0,0,0> }
	no_shadow
}
cylinder {
	<37.227917, 53.862335, 49.498329>,  <37.342163, 53.812614, 49.118229>, 0.100000
	pigment { color rgbt <1,0,0,0> }
	no_shadow
}

// particle -1
sphere {
	<37.227917, 53.862335, 49.498329> 0.100000
	pigment { color rgbt <1,0,0,0> }
	no_shadow
}
sphere {
	0, 1
	scale<0.080000,0.200000,0.300000>
	matrix <0.858388, 0.474084, 0.195993,
		-0.426134, 0.871661, -0.242110,
		-0.285620, 0.124305, 0.950247,
		37.142231, 53.899628, 49.783401>
	pigment { color rgbt <0,1,1,0> }
	no_shadow
}
cylinder {
	<37.990173, 53.436092, 49.094250>,  <37.342163, 53.812614, 49.118229>, 0.130000
	pigment { color rgbt <1,0,0,0> }
	no_shadow
}

// nucleotide -1

// particle -1
sphere {
	<37.990173, 53.436092, 49.094250> 0.250000
	pigment { color rgbt <1,0,0,0> }
	no_shadow
}
cylinder {
	<37.926044, 53.738194, 49.348457>,  <37.887566, 53.919456, 49.500980>, 0.100000
	pigment { color rgbt <1,0,0,0> }
	no_shadow
}
cylinder {
	<37.926044, 53.738194, 49.348457>,  <37.990173, 53.436092, 49.094250>, 0.100000
	pigment { color rgbt <1,0,0,0> }
	no_shadow
}

// particle -1
sphere {
	<37.926044, 53.738194, 49.348457> 0.100000
	pigment { color rgbt <1,0,0,0> }
	no_shadow
}
sphere {
	0, 1
	scale<0.080000,0.200000,0.300000>
	matrix <0.852858, 0.430129, -0.296010,
		-0.496918, 0.494550, -0.713086,
		-0.160327, 0.755254, 0.635520,
		37.877945, 53.964771, 49.539112>
	pigment { color rgbt <0,1,1,0> }
	no_shadow
}
cylinder {
	<37.892529, 54.032082, 48.693024>,  <37.990173, 53.436092, 49.094250>, 0.130000
	pigment { color rgbt <1,0,0,0> }
	no_shadow
}

// nucleotide -1

// particle -1
sphere {
	<37.892529, 54.032082, 48.693024> 0.250000
	pigment { color rgbt <1,0,0,0> }
	no_shadow
}
cylinder {
	<38.065445, 54.127712, 49.040810>,  <38.169193, 54.185093, 49.249481>, 0.100000
	pigment { color rgbt <1,0,0,0> }
	no_shadow
}
cylinder {
	<38.065445, 54.127712, 49.040810>,  <37.892529, 54.032082, 48.693024>, 0.100000
	pigment { color rgbt <1,0,0,0> }
	no_shadow
}

// particle -1
sphere {
	<38.065445, 54.127712, 49.040810> 0.100000
	pigment { color rgbt <1,0,0,0> }
	no_shadow
}
sphere {
	0, 1
	scale<0.080000,0.200000,0.300000>
	matrix <0.682842, 0.542954, -0.488803,
		-0.588941, 0.805011, 0.071461,
		0.432292, 0.239080, 0.869462,
		38.195133, 54.199436, 49.301647>
	pigment { color rgbt <0,1,1,0> }
	no_shadow
}
cylinder {
	<38.023304, 54.760857, 48.647625>,  <37.892529, 54.032082, 48.693024>, 0.130000
	pigment { color rgbt <1,0,0,0> }
	no_shadow
}

// nucleotide -1

// particle -1
sphere {
	<38.023304, 54.760857, 48.647625> 0.250000
	pigment { color rgbt <1,0,0,0> }
	no_shadow
}
cylinder {
	<38.248077, 54.598778, 48.936081>,  <38.382942, 54.501530, 49.109154>, 0.100000
	pigment { color rgbt <1,0,0,0> }
	no_shadow
}
cylinder {
	<38.248077, 54.598778, 48.936081>,  <38.023304, 54.760857, 48.647625>, 0.100000
	pigment { color rgbt <1,0,0,0> }
	no_shadow
}

// particle -1
sphere {
	<38.248077, 54.598778, 48.936081> 0.100000
	pigment { color rgbt <1,0,0,0> }
	no_shadow
}
sphere {
	0, 1
	scale<0.080000,0.200000,0.300000>
	matrix <0.797345, 0.497367, -0.341858,
		-0.220154, 0.767101, 0.602568,
		0.561937, -0.405193, 0.721141,
		38.416660, 54.477219, 49.152424>
	pigment { color rgbt <0,1,1,0> }
	no_shadow
}
cylinder {
	<38.394962, 55.313057, 48.878063>,  <38.023304, 54.760857, 48.647625>, 0.130000
	pigment { color rgbt <1,0,0,0> }
	no_shadow
}

// nucleotide -1

// particle -1
sphere {
	<38.394962, 55.313057, 48.878063> 0.250000
	pigment { color rgbt <1,0,0,0> }
	no_shadow
}
cylinder {
	<38.614464, 54.987118, 48.952789>,  <38.746166, 54.791553, 48.997623>, 0.100000
	pigment { color rgbt <1,0,0,0> }
	no_shadow
}
cylinder {
	<38.614464, 54.987118, 48.952789>,  <38.394962, 55.313057, 48.878063>, 0.100000
	pigment { color rgbt <1,0,0,0> }
	no_shadow
}

// particle -1
sphere {
	<38.614464, 54.987118, 48.952789> 0.100000
	pigment { color rgbt <1,0,0,0> }
	no_shadow
}
sphere {
	0, 1
	scale<0.080000,0.200000,0.300000>
	matrix <0.750598, 0.381862, -0.539244,
		0.368063, 0.436133, 0.821169,
		0.548755, -0.814843, 0.186812,
		38.779091, 54.742664, 49.008831>
	pigment { color rgbt <0,1,1,0> }
	no_shadow
}
cylinder {
	<39.202618, 55.580090, 48.894810>,  <38.394962, 55.313057, 48.878063>, 0.130000
	pigment { color rgbt <1,0,0,0> }
	no_shadow
}

// nucleotide -1

// particle -1
sphere {
	<39.202618, 55.580090, 48.894810> 0.250000
	pigment { color rgbt <1,0,0,0> }
	no_shadow
}
cylinder {
	<39.144386, 55.198547, 48.789764>,  <39.109447, 54.969624, 48.726738>, 0.100000
	pigment { color rgbt <1,0,0,0> }
	no_shadow
}
cylinder {
	<39.144386, 55.198547, 48.789764>,  <39.202618, 55.580090, 48.894810>, 0.100000
	pigment { color rgbt <1,0,0,0> }
	no_shadow
}

// particle -1
sphere {
	<39.144386, 55.198547, 48.789764> 0.100000
	pigment { color rgbt <1,0,0,0> }
	no_shadow
}
sphere {
	0, 1
	scale<0.080000,0.200000,0.300000>
	matrix <0.682306, 0.095421, -0.724813,
		0.716426, -0.284697, 0.636931,
		-0.145575, -0.953857, -0.262612,
		39.100712, 54.912392, 48.710979>
	pigment { color rgbt <0,1,1,0> }
	no_shadow
}
cylinder {
	<39.816540, 55.170040, 48.972397>,  <39.202618, 55.580090, 48.894810>, 0.130000
	pigment { color rgbt <1,0,0,0> }
	no_shadow
}

// nucleotide -1

// particle -1
sphere {
	<39.816540, 55.170040, 48.972397> 0.250000
	pigment { color rgbt <1,0,0,0> }
	no_shadow
}
cylinder {
	<39.578014, 55.033058, 48.681984>,  <39.434898, 54.950867, 48.507736>, 0.100000
	pigment { color rgbt <1,0,0,0> }
	no_shadow
}
cylinder {
	<39.578014, 55.033058, 48.681984>,  <39.816540, 55.170040, 48.972397>, 0.100000
	pigment { color rgbt <1,0,0,0> }
	no_shadow
}

// particle -1
sphere {
	<39.578014, 55.033058, 48.681984> 0.100000
	pigment { color rgbt <1,0,0,0> }
	no_shadow
}
sphere {
	0, 1
	scale<0.080000,0.200000,0.300000>
	matrix <0.757400, 0.059663, -0.650220,
		0.265990, -0.937637, 0.223799,
		-0.596318, -0.342457, -0.726036,
		39.399120, 54.930321, 48.464172>
	pigment { color rgbt <0,1,1,0> }
	no_shadow
}
cylinder {
	<40.049129, 54.592831, 48.497742>,  <39.816540, 55.170040, 48.972397>, 0.130000
	pigment { color rgbt <1,0,0,0> }
	no_shadow
}

// nucleotide -1

// particle -1
sphere {
	<40.049129, 54.592831, 48.497742> 0.250000
	pigment { color rgbt <1,0,0,0> }
	no_shadow
}
cylinder {
	<39.845215, 54.863388, 48.285099>,  <39.722866, 55.025723, 48.157513>, 0.100000
	pigment { color rgbt <1,0,0,0> }
	no_shadow
}
cylinder {
	<39.845215, 54.863388, 48.285099>,  <40.049129, 54.592831, 48.497742>, 0.100000
	pigment { color rgbt <1,0,0,0> }
	no_shadow
}

// particle -1
sphere {
	<39.845215, 54.863388, 48.285099> 0.100000
	pigment { color rgbt <1,0,0,0> }
	no_shadow
}
sphere {
	0, 1
	scale<0.080000,0.200000,0.300000>
	matrix <0.682948, -0.057586, -0.728193,
		-0.523160, -0.734283, -0.432587,
		-0.509789, 0.676396, -0.531604,
		39.692280, 55.066307, 48.125618>
	pigment { color rgbt <0,1,1,0> }
	no_shadow
}
cylinder {
	<39.944717, 54.383827, 47.793095>,  <40.049129, 54.592831, 48.497742>, 0.130000
	pigment { color rgbt <1,0,0,0> }
	no_shadow
}

// nucleotide -1

// particle -1
sphere {
	<39.944717, 54.383827, 47.793095> 0.250000
	pigment { color rgbt <1,0,0,0> }
	no_shadow
}
cylinder {
	<39.951984, 54.782547, 47.824226>,  <39.956345, 55.021778, 47.842903>, 0.100000
	pigment { color rgbt <1,0,0,0> }
	no_shadow
}
cylinder {
	<39.951984, 54.782547, 47.824226>,  <39.944717, 54.383827, 47.793095>, 0.100000
	pigment { color rgbt <1,0,0,0> }
	no_shadow
}

// particle -1
sphere {
	<39.951984, 54.782547, 47.824226> 0.100000
	pigment { color rgbt <1,0,0,0> }
	no_shadow
}
sphere {
	0, 1
	scale<0.080000,0.200000,0.300000>
	matrix <0.761241, 0.036675, -0.647431,
		-0.648214, 0.071007, -0.758140,
		0.018168, 0.996801, 0.077827,
		39.957436, 55.081589, 47.847576>
	pigment { color rgbt <0,1,1,0> }
	no_shadow
}
cylinder {
	<39.869133, 54.665512, 47.158112>,  <39.944717, 54.383827, 47.793095>, 0.130000
	pigment { color rgbt <1,0,0,0> }
	no_shadow
}

// nucleotide -1

// particle -1
sphere {
	<39.869133, 54.665512, 47.158112> 0.250000
	pigment { color rgbt <1,0,0,0> }
	no_shadow
}
cylinder {
	<40.064301, 54.907455, 47.409851>,  <40.181400, 55.052620, 47.560894>, 0.100000
	pigment { color rgbt <1,0,0,0> }
	no_shadow
}
cylinder {
	<40.064301, 54.907455, 47.409851>,  <39.869133, 54.665512, 47.158112>, 0.100000
	pigment { color rgbt <1,0,0,0> }
	no_shadow
}

// particle -1
sphere {
	<40.064301, 54.907455, 47.409851> 0.100000
	pigment { color rgbt <1,0,0,0> }
	no_shadow
}
sphere {
	0, 1
	scale<0.080000,0.200000,0.300000>
	matrix <0.712369, 0.140747, -0.687547,
		-0.504448, 0.783796, -0.362209,
		0.487917, 0.604859, 0.629351,
		40.210674, 55.088913, 47.598656>
	pigment { color rgbt <0,1,1,0> }
	no_shadow
}
cylinder {
	<40.162521, 55.209526, 46.801998>,  <39.869133, 54.665512, 47.158112>, 0.130000
	pigment { color rgbt <1,0,0,0> }
	no_shadow
}

// nucleotide -1

// particle -1
sphere {
	<40.162521, 55.209526, 46.801998> 0.250000
	pigment { color rgbt <1,0,0,0> }
	no_shadow
}
cylinder {
	<40.379719, 55.224007, 47.137581>,  <40.510036, 55.232697, 47.338928>, 0.100000
	pigment { color rgbt <1,0,0,0> }
	no_shadow
}
cylinder {
	<40.379719, 55.224007, 47.137581>,  <40.162521, 55.209526, 46.801998>, 0.100000
	pigment { color rgbt <1,0,0,0> }
	no_shadow
}

// particle -1
sphere {
	<40.379719, 55.224007, 47.137581> 0.100000
	pigment { color rgbt <1,0,0,0> }
	no_shadow
}
sphere {
	0, 1
	scale<0.080000,0.200000,0.300000>
	matrix <0.793278, 0.305580, -0.526622,
		-0.275431, 0.951478, 0.137213,
		0.542998, 0.036200, 0.838953,
		40.542618, 55.234867, 47.389267>
	pigment { color rgbt <0,1,1,0> }
	no_shadow
}
cylinder {
	<40.679390, 55.565712, 46.494732>,  <40.162521, 55.209526, 46.801998>, 0.130000
	pigment { color rgbt <1,0,0,0> }
	no_shadow
}

// nucleotide -1

// particle -1
sphere {
	<40.679390, 55.565712, 46.494732> 0.250000
	pigment { color rgbt <1,0,0,0> }
	no_shadow
}
cylinder {
	<40.811062, 55.413841, 46.840561>,  <40.890064, 55.322720, 47.048058>, 0.100000
	pigment { color rgbt <1,0,0,0> }
	no_shadow
}
cylinder {
	<40.811062, 55.413841, 46.840561>,  <40.679390, 55.565712, 46.494732>, 0.100000
	pigment { color rgbt <1,0,0,0> }
	no_shadow
}

// particle -1
sphere {
	<40.811062, 55.413841, 46.840561> 0.100000
	pigment { color rgbt <1,0,0,0> }
	no_shadow
}
sphere {
	0, 1
	scale<0.080000,0.200000,0.300000>
	matrix <0.942354, 0.190343, -0.275207,
		-0.060077, 0.905327, 0.420445,
		0.329181, -0.379675, 0.864573,
		40.909817, 55.299938, 47.099934>
	pigment { color rgbt <0,1,1,0> }
	no_shadow
}
cylinder {
	<41.250378, 56.029224, 46.562836>,  <40.679390, 55.565712, 46.494732>, 0.130000
	pigment { color rgbt <1,0,0,0> }
	no_shadow
}

// nucleotide -1

// particle -1
sphere {
	<41.250378, 56.029224, 46.562836> 0.250000
	pigment { color rgbt <1,0,0,0> }
	no_shadow
}
cylinder {
	<41.289520, 55.737484, 46.833679>,  <41.313004, 55.562439, 46.996185>, 0.100000
	pigment { color rgbt <1,0,0,0> }
	no_shadow
}
cylinder {
	<41.289520, 55.737484, 46.833679>,  <41.250378, 56.029224, 46.562836>, 0.100000
	pigment { color rgbt <1,0,0,0> }
	no_shadow
}

// particle -1
sphere {
	<41.289520, 55.737484, 46.833679> 0.100000
	pigment { color rgbt <1,0,0,0> }
	no_shadow
}
sphere {
	0, 1
	scale<0.080000,0.200000,0.300000>
	matrix <0.994911, 0.055280, -0.084236,
		0.024007, 0.681904, 0.731047,
		0.097853, -0.729350, 0.677107,
		41.318874, 55.518681, 47.036812>
	pigment { color rgbt <0,1,1,0> }
	no_shadow
}
cylinder {
	<41.677040, 56.296352, 47.042744>,  <41.250378, 56.029224, 46.562836>, 0.130000
	pigment { color rgbt <1,0,0,0> }
	no_shadow
}

// nucleotide -1

// particle -1
sphere {
	<41.677040, 56.296352, 47.042744> 0.250000
	pigment { color rgbt <1,0,0,0> }
	no_shadow
}
cylinder {
	<41.708874, 55.898273, 47.065514>,  <41.727974, 55.659424, 47.079174>, 0.100000
	pigment { color rgbt <1,0,0,0> }
	no_shadow
}
cylinder {
	<41.708874, 55.898273, 47.065514>,  <41.677040, 56.296352, 47.042744>, 0.100000
	pigment { color rgbt <1,0,0,0> }
	no_shadow
}

// particle -1
sphere {
	<41.708874, 55.898273, 47.065514> 0.100000
	pigment { color rgbt <1,0,0,0> }
	no_shadow
}
sphere {
	0, 1
	scale<0.080000,0.200000,0.300000>
	matrix <0.985023, 0.069748, -0.157689,
		0.152962, 0.068617, 0.985847,
		0.079581, -0.995202, 0.056921,
		41.732750, 55.599712, 47.082588>
	pigment { color rgbt <0,1,1,0> }
	no_shadow
}
cylinder {
	<42.268372, 56.186058, 47.422089>,  <41.677040, 56.296352, 47.042744>, 0.130000
	pigment { color rgbt <1,0,0,0> }
	no_shadow
}

// nucleotide -1

// particle -1
sphere {
	<42.268372, 56.186058, 47.422089> 0.250000
	pigment { color rgbt <1,0,0,0> }
	no_shadow
}
cylinder {
	<42.173435, 55.900082, 47.159019>,  <42.116474, 55.728497, 47.001179>, 0.100000
	pigment { color rgbt <1,0,0,0> }
	no_shadow
}
cylinder {
	<42.173435, 55.900082, 47.159019>,  <42.268372, 56.186058, 47.422089>, 0.100000
	pigment { color rgbt <1,0,0,0> }
	no_shadow
}

// particle -1
sphere {
	<42.173435, 55.900082, 47.159019> 0.100000
	pigment { color rgbt <1,0,0,0> }
	no_shadow
}
sphere {
	0, 1
	scale<0.080000,0.200000,0.300000>
	matrix <0.943618, -0.008851, -0.330918,
		0.230765, -0.699129, 0.676732,
		-0.237344, -0.714940, -0.657669,
		42.102230, 55.685600, 46.961720>
	pigment { color rgbt <0,1,1,0> }
	no_shadow
}
cylinder {
	<42.657543, 55.506618, 47.613815>,  <42.268372, 56.186058, 47.422089>, 0.130000
	pigment { color rgbt <1,0,0,0> }
	no_shadow
}

// nucleotide -1

// particle -1
sphere {
	<42.657543, 55.506618, 47.613815> 0.250000
	pigment { color rgbt <1,0,0,0> }
	no_shadow
}
cylinder {
	<42.576214, 55.523682, 47.222542>,  <42.527416, 55.533920, 46.987778>, 0.100000
	pigment { color rgbt <1,0,0,0> }
	no_shadow
}
cylinder {
	<42.576214, 55.523682, 47.222542>,  <42.657543, 55.506618, 47.613815>, 0.100000
	pigment { color rgbt <1,0,0,0> }
	no_shadow
}

// particle -1
sphere {
	<42.576214, 55.523682, 47.222542> 0.100000
	pigment { color rgbt <1,0,0,0> }
	no_shadow
}
sphere {
	0, 1
	scale<0.080000,0.200000,0.300000>
	matrix <0.967845, 0.159883, -0.194201,
		0.148110, -0.986213, -0.073797,
		-0.203323, 0.042661, -0.978182,
		42.515217, 55.536480, 46.929089>
	pigment { color rgbt <0,1,1,0> }
	no_shadow
}
cylinder {
	<43.026047, 55.016476, 47.181297>,  <42.657543, 55.506618, 47.613815>, 0.130000
	pigment { color rgbt <1,0,0,0> }
	no_shadow
}

// nucleotide -1

// particle -1
sphere {
	<43.026047, 55.016476, 47.181297> 0.250000
	pigment { color rgbt <1,0,0,0> }
	no_shadow
}
cylinder {
	<42.941704, 55.345818, 46.970535>,  <42.891098, 55.543423, 46.844078>, 0.100000
	pigment { color rgbt <1,0,0,0> }
	no_shadow
}
cylinder {
	<42.941704, 55.345818, 46.970535>,  <43.026047, 55.016476, 47.181297>, 0.100000
	pigment { color rgbt <1,0,0,0> }
	no_shadow
}

// particle -1
sphere {
	<42.941704, 55.345818, 46.970535> 0.100000
	pigment { color rgbt <1,0,0,0> }
	no_shadow
}
sphere {
	0, 1
	scale<0.080000,0.200000,0.300000>
	matrix <0.974021, 0.222514, -0.042081,
		0.082597, -0.522091, -0.848881,
		-0.210858, 0.823352, -0.526907,
		42.878445, 55.592823, 46.812462>
	pigment { color rgbt <0,1,1,0> }
	no_shadow
}
cylinder {
	<43.242241, 54.645519, 47.713547>,  <43.026047, 55.016476, 47.181297>, 0.130000
	pigment { color rgbt <1,0,0,0> }
	no_shadow
}

// nucleotide -1

// particle -1
sphere {
	<43.242241, 54.645519, 47.713547> 0.250000
	pigment { color rgbt <1,0,0,0> }
	no_shadow
}
cylinder {
	<43.381847, 54.449764, 47.393875>,  <43.465611, 54.332314, 47.202072>, 0.100000
	pigment { color rgbt <1,0,0,0> }
	no_shadow
}
cylinder {
	<43.381847, 54.449764, 47.393875>,  <43.242241, 54.645519, 47.713547>, 0.100000
	pigment { color rgbt <1,0,0,0> }
	no_shadow
}

// particle -1
sphere {
	<43.381847, 54.449764, 47.393875> 0.100000
	pigment { color rgbt <1,0,0,0> }
	no_shadow
}
sphere {
	0, 1
	scale<0.080000,0.200000,0.300000>
	matrix <0.880463, -0.120778, 0.458473,
		-0.320893, -0.863664, 0.388732,
		0.349016, -0.489385, -0.799181,
		43.486553, 54.302948, 47.154121>
	pigment { color rgbt <0,1,1,0> }
	no_shadow
}
cylinder {
	<43.611279, 54.012871, 47.854687>,  <43.242241, 54.645519, 47.713547>, 0.130000
	pigment { color rgbt <1,0,0,0> }
	no_shadow
}

// nucleotide -1

// particle -1
sphere {
	<43.611279, 54.012871, 47.854687> 0.250000
	pigment { color rgbt <1,0,0,0> }
	no_shadow
}
cylinder {
	<43.780300, 54.150055, 47.519112>,  <43.881714, 54.232365, 47.317764>, 0.100000
	pigment { color rgbt <1,0,0,0> }
	no_shadow
}
cylinder {
	<43.780300, 54.150055, 47.519112>,  <43.611279, 54.012871, 47.854687>, 0.100000
	pigment { color rgbt <1,0,0,0> }
	no_shadow
}

// particle -1
sphere {
	<43.780300, 54.150055, 47.519112> 0.100000
	pigment { color rgbt <1,0,0,0> }
	no_shadow
}
sphere {
	0, 1
	scale<0.080000,0.200000,0.300000>
	matrix <0.874230, -0.398422, 0.277456,
		-0.239096, -0.850669, -0.468183,
		0.422558, 0.342961, -0.838942,
		43.907066, 54.252945, 47.267429>
	pigment { color rgbt <0,1,1,0> }
	no_shadow
}
cylinder {
	<44.052792, 53.500168, 47.333027>,  <43.611279, 54.012871, 47.854687>, 0.130000
	pigment { color rgbt <1,0,0,0> }
	no_shadow
}

// nucleotide -1

// particle -1
sphere {
	<44.052792, 53.500168, 47.333027> 0.250000
	pigment { color rgbt <1,0,0,0> }
	no_shadow
}
cylinder {
	<44.148800, 53.880318, 47.412201>,  <44.206406, 54.108406, 47.459705>, 0.100000
	pigment { color rgbt <1,0,0,0> }
	no_shadow
}
cylinder {
	<44.148800, 53.880318, 47.412201>,  <44.052792, 53.500168, 47.333027>, 0.100000
	pigment { color rgbt <1,0,0,0> }
	no_shadow
}

// particle -1
sphere {
	<44.148800, 53.880318, 47.412201> 0.100000
	pigment { color rgbt <1,0,0,0> }
	no_shadow
}
sphere {
	0, 1
	scale<0.080000,0.200000,0.300000>
	matrix <0.852512, -0.303884, 0.425298,
		0.464340, 0.066656, -0.883145,
		0.240025, 0.950374, 0.197931,
		44.220806, 54.165428, 47.471581>
	pigment { color rgbt <0,1,1,0> }
	no_shadow
}
cylinder {
	<44.726589, 53.725780, 47.010639>,  <44.052792, 53.500168, 47.333027>, 0.130000
	pigment { color rgbt <1,0,0,0> }
	no_shadow
}

// nucleotide -1

// particle -1
sphere {
	<44.726589, 53.725780, 47.010639> 0.250000
	pigment { color rgbt <1,0,0,0> }
	no_shadow
}
cylinder {
	<44.680195, 53.947220, 47.340508>,  <44.652359, 54.080082, 47.538429>, 0.100000
	pigment { color rgbt <1,0,0,0> }
	no_shadow
}
cylinder {
	<44.680195, 53.947220, 47.340508>,  <44.726589, 53.725780, 47.010639>, 0.100000
	pigment { color rgbt <1,0,0,0> }
	no_shadow
}

// particle -1
sphere {
	<44.680195, 53.947220, 47.340508> 0.100000
	pigment { color rgbt <1,0,0,0> }
	no_shadow
}
sphere {
	0, 1
	scale<0.080000,0.200000,0.300000>
	matrix <0.958901, -0.154056, 0.238277,
		0.258955, 0.818411, -0.512977,
		-0.115982, 0.553597, 0.824669,
		44.645401, 54.113300, 47.587910>
	pigment { color rgbt <0,1,1,0> }
	no_shadow
}
cylinder {
	<45.366718, 53.924904, 47.072113>,  <44.726589, 53.725780, 47.010639>, 0.130000
	pigment { color rgbt <1,0,0,0> }
	no_shadow
}

// nucleotide -1

// particle -1
sphere {
	<45.366718, 53.924904, 47.072113> 0.250000
	pigment { color rgbt <1,0,0,0> }
	no_shadow
}
cylinder {
	<45.222706, 53.992241, 47.439163>,  <45.136299, 54.032642, 47.659393>, 0.100000
	pigment { color rgbt <1,0,0,0> }
	no_shadow
}
cylinder {
	<45.222706, 53.992241, 47.439163>,  <45.366718, 53.924904, 47.072113>, 0.100000
	pigment { color rgbt <1,0,0,0> }
	no_shadow
}

// particle -1
sphere {
	<45.222706, 53.992241, 47.439163> 0.100000
	pigment { color rgbt <1,0,0,0> }
	no_shadow
}
sphere {
	0, 1
	scale<0.080000,0.200000,0.300000>
	matrix <0.922658, -0.081381, 0.376934,
		0.138130, 0.982364, -0.126020,
		-0.360031, 0.168339, 0.917627,
		45.114697, 54.042744, 47.714451>
	pigment { color rgbt <0,1,1,0> }
	no_shadow
}
cylinder {
	<45.628174, 54.566402, 47.493950>,  <45.366718, 53.924904, 47.072113>, 0.130000
	pigment { color rgbt <1,0,0,0> }
	no_shadow
}

// nucleotide -1

// particle -1
sphere {
	<45.628174, 54.566402, 47.493950> 0.250000
	pigment { color rgbt <1,0,0,0> }
	no_shadow
}
cylinder {
	<45.544289, 54.246841, 47.719437>,  <45.493958, 54.055103, 47.854729>, 0.100000
	pigment { color rgbt <1,0,0,0> }
	no_shadow
}
cylinder {
	<45.544289, 54.246841, 47.719437>,  <45.628174, 54.566402, 47.493950>, 0.100000
	pigment { color rgbt <1,0,0,0> }
	no_shadow
}

// particle -1
sphere {
	<45.544289, 54.246841, 47.719437> 0.100000
	pigment { color rgbt <1,0,0,0> }
	no_shadow
}
sphere {
	0, 1
	scale<0.080000,0.200000,0.300000>
	matrix <0.973005, -0.113711, 0.200828,
		-0.096342, 0.590614, 0.801183,
		-0.209715, -0.798903, 0.563715,
		45.481373, 54.007172, 47.888550>
	pigment { color rgbt <0,1,1,0> }
	no_shadow
}
cylinder {
	<46.116299, 54.618423, 48.134041>,  <45.628174, 54.566402, 47.493950>, 0.130000
	pigment { color rgbt <1,0,0,0> }
	no_shadow
}

// nucleotide -1

// particle -1
sphere {
	<46.116299, 54.618423, 48.134041> 0.250000
	pigment { color rgbt <1,0,0,0> }
	no_shadow
}
cylinder {
	<46.005791, 54.238899, 48.072803>,  <45.939484, 54.011185, 48.036060>, 0.100000
	pigment { color rgbt <1,0,0,0> }
	no_shadow
}
cylinder {
	<46.005791, 54.238899, 48.072803>,  <46.116299, 54.618423, 48.134041>, 0.100000
	pigment { color rgbt <1,0,0,0> }
	no_shadow
}

// particle -1
sphere {
	<46.005791, 54.238899, 48.072803> 0.100000
	pigment { color rgbt <1,0,0,0> }
	no_shadow
}
sphere {
	0, 1
	scale<0.080000,0.200000,0.300000>
	matrix <0.904550, -0.310530, 0.292166,
		-0.324749, -0.057763, 0.944035,
		-0.276274, -0.948807, -0.153094,
		45.922909, 53.954258, 48.026875>
	pigment { color rgbt <0,1,1,0> }
	no_shadow
}
cylinder {
	<45.994003, 54.129486, 48.695427>,  <46.116299, 54.618423, 48.134041>, 0.130000
	pigment { color rgbt <1,0,0,0> }
	no_shadow
}

// nucleotide -1

// particle -1
sphere {
	<45.994003, 54.129486, 48.695427> 0.250000
	pigment { color rgbt <1,0,0,0> }
	no_shadow
}
cylinder {
	<46.105122, 53.896229, 48.390068>,  <46.171791, 53.756275, 48.206852>, 0.100000
	pigment { color rgbt <1,0,0,0> }
	no_shadow
}
cylinder {
	<46.105122, 53.896229, 48.390068>,  <45.994003, 54.129486, 48.695427>, 0.100000
	pigment { color rgbt <1,0,0,0> }
	no_shadow
}

// particle -1
sphere {
	<46.105122, 53.896229, 48.390068> 0.100000
	pigment { color rgbt <1,0,0,0> }
	no_shadow
}
sphere {
	0, 1
	scale<0.080000,0.200000,0.300000>
	matrix <0.840704, -0.236930, 0.486908,
		-0.464808, -0.777054, 0.424430,
		0.277794, -0.583139, -0.763400,
		46.188461, 53.721287, 48.161049>
	pigment { color rgbt <0,1,1,0> }
	no_shadow
}
cylinder {
	<46.121330, 53.366535, 48.826778>,  <45.994003, 54.129486, 48.695427>, 0.130000
	pigment { color rgbt <1,0,0,0> }
	no_shadow
}

// nucleotide -1

// particle -1
sphere {
	<46.121330, 53.366535, 48.826778> 0.250000
	pigment { color rgbt <1,0,0,0> }
	no_shadow
}
cylinder {
	<46.368866, 53.522648, 48.554096>,  <46.517387, 53.616314, 48.390488>, 0.100000
	pigment { color rgbt <1,0,0,0> }
	no_shadow
}
cylinder {
	<46.368866, 53.522648, 48.554096>,  <46.121330, 53.366535, 48.826778>, 0.100000
	pigment { color rgbt <1,0,0,0> }
	no_shadow
}

// particle -1
sphere {
	<46.368866, 53.522648, 48.554096> 0.100000
	pigment { color rgbt <1,0,0,0> }
	no_shadow
}
sphere {
	0, 1
	scale<0.080000,0.200000,0.300000>
	matrix <0.782791, -0.378691, 0.493793,
		-0.065440, -0.839211, -0.539854,
		0.618834, 0.390279, -0.681708,
		46.554516, 53.639732, 48.349583>
	pigment { color rgbt <0,1,1,0> }
	no_shadow
}
cylinder {
	<46.628139, 52.762478, 48.673874>,  <46.121330, 53.366535, 48.826778>, 0.130000
	pigment { color rgbt <1,0,0,0> }
	no_shadow
}

// nucleotide -1

// particle -1
sphere {
	<46.628139, 52.762478, 48.673874> 0.250000
	pigment { color rgbt <1,0,0,0> }
	no_shadow
}
cylinder {
	<46.744934, 53.140678, 48.616219>,  <46.815010, 53.367599, 48.581627>, 0.100000
	pigment { color rgbt <1,0,0,0> }
	no_shadow
}
cylinder {
	<46.744934, 53.140678, 48.616219>,  <46.628139, 52.762478, 48.673874>, 0.100000
	pigment { color rgbt <1,0,0,0> }
	no_shadow
}

// particle -1
sphere {
	<46.744934, 53.140678, 48.616219> 0.100000
	pigment { color rgbt <1,0,0,0> }
	no_shadow
}
sphere {
	0, 1
	scale<0.080000,0.200000,0.300000>
	matrix <0.954548, -0.278652, 0.105785,
		0.059856, -0.168471, -0.983888,
		0.291984, 0.945500, -0.144135,
		46.832531, 53.424328, 48.572979>
	pigment { color rgbt <0,1,1,0> }
	no_shadow
}
cylinder {
	<47.126587, 52.841953, 48.090378>,  <46.628139, 52.762478, 48.673874>, 0.130000
	pigment { color rgbt <1,0,0,0> }
	no_shadow
}

// nucleotide -1

// particle -1
sphere {
	<47.126587, 52.841953, 48.090378> 0.250000
	pigment { color rgbt <1,0,0,0> }
	no_shadow
}
cylinder {
	<47.125656, 53.085785, 48.407467>,  <47.125095, 53.232082, 48.597721>, 0.100000
	pigment { color rgbt <1,0,0,0> }
	no_shadow
}
cylinder {
	<47.125656, 53.085785, 48.407467>,  <47.126587, 52.841953, 48.090378>, 0.100000
	pigment { color rgbt <1,0,0,0> }
	no_shadow
}

// particle -1
sphere {
	<47.125656, 53.085785, 48.407467> 0.100000
	pigment { color rgbt <1,0,0,0> }
	no_shadow
}
sphere {
	0, 1
	scale<0.080000,0.200000,0.300000>
	matrix <0.999963, -0.005122, 0.006879,
		0.008254, 0.792711, -0.609541,
		-0.002331, 0.609576, 0.792724,
		47.124958, 53.268658, 48.645283>
	pigment { color rgbt <0,1,1,0> }
	no_shadow
}
cylinder {
	<47.658592, 52.306721, 48.100578>,  <47.126587, 52.841953, 48.090378>, 0.130000
	pigment { color rgbt <1,0,0,0> }
	no_shadow
}

// nucleotide -1

// particle -1
sphere {
	<47.658592, 52.306721, 48.100578> 0.250000
	pigment { color rgbt <1,0,0,0> }
	no_shadow
}
cylinder {
	<48.034180, 52.303757, 47.963005>,  <48.259533, 52.301979, 47.880463>, 0.100000
	pigment { color rgbt <1,0,0,0> }
	no_shadow
}
cylinder {
	<48.034180, 52.303757, 47.963005>,  <47.658592, 52.306721, 48.100578>, 0.100000
	pigment { color rgbt <1,0,0,0> }
	no_shadow
}

// particle -1
sphere {
	<48.034180, 52.303757, 47.963005> 0.100000
	pigment { color rgbt <1,0,0,0> }
	no_shadow
}
sphere {
	0, 1
	scale<0.080000,0.200000,0.300000>
	matrix <0.191323, 0.842132, 0.504191,
		0.285900, -0.539220, 0.792151,
		0.938966, -0.007409, -0.343931,
		48.315868, 52.301533, 47.859825>
	pigment { color rgbt <0,1,1,0> }
	no_shadow
}
cylinder {
	<48.157749, 52.280735, 48.728760>,  <47.658592, 52.306721, 48.100578>, 0.130000
	pigment { color rgbt <1,0,0,0> }
	no_shadow
}

// nucleotide -1

// particle -1
sphere {
	<48.157749, 52.280735, 48.728760> 0.250000
	pigment { color rgbt <1,0,0,0> }
	no_shadow
}
cylinder {
	<48.269470, 52.460915, 48.389565>,  <48.336502, 52.569023, 48.186047>, 0.100000
	pigment { color rgbt <1,0,0,0> }
	no_shadow
}
cylinder {
	<48.269470, 52.460915, 48.389565>,  <48.157749, 52.280735, 48.728760>, 0.100000
	pigment { color rgbt <1,0,0,0> }
	no_shadow
}

// particle -1
sphere {
	<48.269470, 52.460915, 48.389565> 0.100000
	pigment { color rgbt <1,0,0,0> }
	no_shadow
}
sphere {
	0, 1
	scale<0.080000,0.200000,0.300000>
	matrix <0.206114, 0.834423, 0.511131,
		0.937820, -0.317544, 0.140214,
		0.279305, 0.450449, -0.847989,
		48.353260, 52.596050, 48.135166>
	pigment { color rgbt <0,1,1,0> }
	no_shadow
}
cylinder {
	<48.915058, 52.407684, 48.771427>,  <48.157749, 52.280735, 48.728760>, 0.130000
	pigment { color rgbt <1,0,0,0> }
	no_shadow
}

// nucleotide -1

// particle -1
sphere {
	<48.915058, 52.407684, 48.771427> 0.250000
	pigment { color rgbt <1,0,0,0> }
	no_shadow
}
cylinder {
	<48.720474, 52.694656, 48.571968>,  <48.603725, 52.866840, 48.452293>, 0.100000
	pigment { color rgbt <1,0,0,0> }
	no_shadow
}
cylinder {
	<48.720474, 52.694656, 48.571968>,  <48.915058, 52.407684, 48.771427>, 0.100000
	pigment { color rgbt <1,0,0,0> }
	no_shadow
}

// particle -1
sphere {
	<48.720474, 52.694656, 48.571968> 0.100000
	pigment { color rgbt <1,0,0,0> }
	no_shadow
}
sphere {
	0, 1
	scale<0.080000,0.200000,0.300000>
	matrix <0.536937, 0.695718, 0.477153,
		0.689243, -0.035627, -0.723654,
		-0.486459, 0.717431, -0.498648,
		48.574535, 52.909885, 48.422375>
	pigment { color rgbt <0,1,1,0> }
	no_shadow
}
cylinder {
	<49.490852, 52.739487, 48.517151>,  <48.915058, 52.407684, 48.771427>, 0.130000
	pigment { color rgbt <1,0,0,0> }
	no_shadow
}

// nucleotide -1

// particle -1
sphere {
	<49.490852, 52.739487, 48.517151> 0.250000
	pigment { color rgbt <1,0,0,0> }
	no_shadow
}
cylinder {
	<49.158344, 52.946686, 48.597816>,  <48.958839, 53.071007, 48.646217>, 0.100000
	pigment { color rgbt <1,0,0,0> }
	no_shadow
}
cylinder {
	<49.158344, 52.946686, 48.597816>,  <49.490852, 52.739487, 48.517151>, 0.100000
	pigment { color rgbt <1,0,0,0> }
	no_shadow
}

// particle -1
sphere {
	<49.158344, 52.946686, 48.597816> 0.100000
	pigment { color rgbt <1,0,0,0> }
	no_shadow
}
sphere {
	0, 1
	scale<0.080000,0.200000,0.300000>
	matrix <0.514613, 0.579985, 0.631498,
		0.210152, 0.628725, -0.748693,
		-0.831270, 0.517998, 0.201665,
		48.908962, 53.102085, 48.658318>
	pigment { color rgbt <0,1,1,0> }
	no_shadow
}
cylinder {
	<49.721844, 53.431774, 48.449226>,  <49.490852, 52.739487, 48.517151>, 0.130000
	pigment { color rgbt <1,0,0,0> }
	no_shadow
}

// nucleotide -1

// particle -1
sphere {
	<49.721844, 53.431774, 48.449226> 0.250000
	pigment { color rgbt <1,0,0,0> }
	no_shadow
}
cylinder {
	<49.400379, 53.414032, 48.686600>,  <49.207500, 53.403385, 48.829025>, 0.100000
	pigment { color rgbt <1,0,0,0> }
	no_shadow
}
cylinder {
	<49.400379, 53.414032, 48.686600>,  <49.721844, 53.431774, 48.449226>, 0.100000
	pigment { color rgbt <1,0,0,0> }
	no_shadow
}

// particle -1
sphere {
	<49.400379, 53.414032, 48.686600> 0.100000
	pigment { color rgbt <1,0,0,0> }
	no_shadow
}
sphere {
	0, 1
	scale<0.080000,0.200000,0.300000>
	matrix <0.465793, 0.573739, 0.673691,
		-0.370359, 0.817836, -0.440430,
		-0.803661, -0.044358, 0.593432,
		49.159283, 53.400726, 48.864628>
	pigment { color rgbt <0,1,1,0> }
	no_shadow
}
cylinder {
	<50.327293, 53.125736, 47.979347>,  <49.721844, 53.431774, 48.449226>, 0.130000
	pigment { color rgbt <1,0,0,0> }
	no_shadow
}

// nucleotide -1

// particle -1
sphere {
	<50.327293, 53.125736, 47.979347> 0.250000
	pigment { color rgbt <1,0,0,0> }
	no_shadow
}
cylinder {
	<50.661510, 52.906727, 47.997654>,  <50.862041, 52.775322, 48.008636>, 0.100000
	pigment { color rgbt <1,0,0,0> }
	no_shadow
}
cylinder {
	<50.661510, 52.906727, 47.997654>,  <50.327293, 53.125736, 47.979347>, 0.100000
	pigment { color rgbt <1,0,0,0> }
	no_shadow
}

// particle -1
sphere {
	<50.661510, 52.906727, 47.997654> 0.100000
	pigment { color rgbt <1,0,0,0> }
	no_shadow
}
sphere {
	0, 1
	scale<0.080000,0.200000,0.300000>
	matrix <0.542220, 0.835162, 0.092203,
		-0.088703, -0.052226, 0.994688,
		0.835541, -0.547519, 0.045764,
		50.912174, 52.742470, 48.011383>
	pigment { color rgbt <0,1,1,0> }
	no_shadow
}
cylinder {
	<50.660744, 53.340420, 48.667671>,  <50.327293, 53.125736, 47.979347>, 0.130000
	pigment { color rgbt <1,0,0,0> }
	no_shadow
}

// nucleotide -1

// particle -1
sphere {
	<50.660744, 53.340420, 48.667671> 0.250000
	pigment { color rgbt <1,0,0,0> }
	no_shadow
}
cylinder {
	<50.900631, 53.230103, 48.367199>,  <51.044563, 53.163914, 48.186916>, 0.100000
	pigment { color rgbt <1,0,0,0> }
	no_shadow
}
cylinder {
	<50.900631, 53.230103, 48.367199>,  <50.660744, 53.340420, 48.667671>, 0.100000
	pigment { color rgbt <1,0,0,0> }
	no_shadow
}

// particle -1
sphere {
	<50.900631, 53.230103, 48.367199> 0.100000
	pigment { color rgbt <1,0,0,0> }
	no_shadow
}
sphere {
	0, 1
	scale<0.080000,0.200000,0.300000>
	matrix <0.443988, 0.895666, 0.025629,
		0.665742, -0.348886, 0.659596,
		0.599719, -0.275790, -0.751184,
		51.080547, 53.147366, 48.141846>
	pigment { color rgbt <0,1,1,0> }
	no_shadow
}
cylinder {
	<51.409531, 53.336704, 48.933453>,  <50.660744, 53.340420, 48.667671>, 0.130000
	pigment { color rgbt <1,0,0,0> }
	no_shadow
}

// nucleotide -1

// particle -1
sphere {
	<51.409531, 53.336704, 48.933453> 0.250000
	pigment { color rgbt <1,0,0,0> }
	no_shadow
}
cylinder {
	<51.342731, 53.402893, 48.544662>,  <51.302650, 53.442608, 48.311390>, 0.100000
	pigment { color rgbt <1,0,0,0> }
	no_shadow
}
cylinder {
	<51.342731, 53.402893, 48.544662>,  <51.409531, 53.336704, 48.933453>, 0.100000
	pigment { color rgbt <1,0,0,0> }
	no_shadow
}

// particle -1
sphere {
	<51.342731, 53.402893, 48.544662> 0.100000
	pigment { color rgbt <1,0,0,0> }
	no_shadow
}
sphere {
	0, 1
	scale<0.080000,0.200000,0.300000>
	matrix <0.405838, 0.909967, 0.085187,
		0.898559, -0.380237, -0.219118,
		-0.166998, 0.165472, -0.971973,
		51.292633, 53.452534, 48.253071>
	pigment { color rgbt <0,1,1,0> }
	no_shadow
}
cylinder {
	<52.067692, 53.478329, 48.522480>,  <51.409531, 53.336704, 48.933453>, 0.130000
	pigment { color rgbt <1,0,0,0> }
	no_shadow
}

// nucleotide -1

// particle -1
sphere {
	<52.067692, 53.478329, 48.522480> 0.250000
	pigment { color rgbt <1,0,0,0> }
	no_shadow
}
cylinder {
	<51.775024, 53.656139, 48.315769>,  <51.599422, 53.762825, 48.191742>, 0.100000
	pigment { color rgbt <1,0,0,0> }
	no_shadow
}
cylinder {
	<51.775024, 53.656139, 48.315769>,  <52.067692, 53.478329, 48.522480>, 0.100000
	pigment { color rgbt <1,0,0,0> }
	no_shadow
}

// particle -1
sphere {
	<51.775024, 53.656139, 48.315769> 0.100000
	pigment { color rgbt <1,0,0,0> }
	no_shadow
}
sphere {
	0, 1
	scale<0.080000,0.200000,0.300000>
	matrix <0.462836, 0.880541, 0.102126,
		0.500438, -0.164459, -0.850008,
		-0.731672, 0.444522, -0.516775,
		51.555523, 53.789497, 48.160736>
	pigment { color rgbt <0,1,1,0> }
	no_shadow
}
cylinder {
	<51.885437, 53.865440, 49.122189>,  <52.067692, 53.478329, 48.522480>, 0.130000
	pigment { color rgbt <1,0,0,0> }
	no_shadow
}

// nucleotide -1

// particle -1
sphere {
	<51.885437, 53.865440, 49.122189> 0.250000
	pigment { color rgbt <1,0,0,0> }
	no_shadow
}
cylinder {
	<52.247341, 53.903873, 48.956215>,  <52.464485, 53.926933, 48.856628>, 0.100000
	pigment { color rgbt <1,0,0,0> }
	no_shadow
}
cylinder {
	<52.247341, 53.903873, 48.956215>,  <51.885437, 53.865440, 49.122189>, 0.100000
	pigment { color rgbt <1,0,0,0> }
	no_shadow
}

// particle -1
sphere {
	<52.247341, 53.903873, 48.956215> 0.100000
	pigment { color rgbt <1,0,0,0> }
	no_shadow
}
sphere {
	0, 1
	scale<0.080000,0.200000,0.300000>
	matrix <-0.373916, 0.645663, -0.665813,
		0.203939, 0.757554, 0.620097,
		0.904763, 0.096079, -0.414938,
		52.518768, 53.932697, 48.831734>
	pigment { color rgbt <0,1,1,0> }
	no_shadow
}
cylinder {
	<52.083271, 54.633850, 48.931568>,  <51.885437, 53.865440, 49.122189>, 0.130000
	pigment { color rgbt <1,0,0,0> }
	no_shadow
}

// nucleotide -1

// particle -1
sphere {
	<52.083271, 54.633850, 48.931568> 0.250000
	pigment { color rgbt <1,0,0,0> }
	no_shadow
}
cylinder {
	<52.284519, 54.377663, 48.699471>,  <52.405266, 54.223949, 48.560211>, 0.100000
	pigment { color rgbt <1,0,0,0> }
	no_shadow
}
cylinder {
	<52.284519, 54.377663, 48.699471>,  <52.083271, 54.633850, 48.931568>, 0.100000
	pigment { color rgbt <1,0,0,0> }
	no_shadow
}

// particle -1
sphere {
	<52.284519, 54.377663, 48.699471> 0.100000
	pigment { color rgbt <1,0,0,0> }
	no_shadow
}
sphere {
	0, 1
	scale<0.080000,0.200000,0.300000>
	matrix <-0.046561, 0.650342, -0.758213,
		0.862964, 0.408486, 0.297377,
