// switches for output
#declare DRAW_BASES = 1; // possible values are 0, 1; only relevant for DNA ribbons
#declare DRAW_BASES_TYPE = 3; // possible values are 1, 2, 3; only relevant for DNA ribbons
#declare DRAW_FOG = 0; // set to 1 to enable fog

#include "colors.inc"

#include "transforms.inc"
background { rgb <1, 1, 1>}

#default {
   normal{
       ripples 0.25
       frequency 0.20
       turbulence 0.2
       lambda 5
   }
	finish {
		phong 0.1
		phong_size 40.
	}
}

// original window dimensions: 1024x640


// camera settings

camera {
	sky <-0, 1, 0>
	up <-0, 1, 0>
	right 1.6 * <0.99995, 0, 0.00999983>
	location <54.4867, 55, 106.329>
	look_at <55, 55, 55.0001>
	direction <0.513302, 0, -51.3289>
	angle 67.0682
}


# declare cpy_camera_pos = <54.4867, 55, 106.329>;
# if (DRAW_FOG = 1)
fog {
	fog_type 2
	up vnormalize(cpy_camera_pos)
	color rgbt<1,1,1,0.3>
	distance 1e-5
	fog_alt 3e-3
	fog_offset 88
}
# end


// LIGHTS

# declare lum = 6;
global_settings {
	ambient_light rgb lum * <0.05, 0.05, 0.05>
	max_trace_level 15
}# declare cpy_direct_light_amount = 0.25;
light_source
{	1000 * <-0.98995, -1, 1.00995>,
	rgb lum * cpy_direct_light_amount
	parallel
}

light_source
{	1000 * <0.98995, 1, -1.00995>,
	rgb lum * cpy_direct_light_amount
	parallel
}

// strand 0

// nucleotide -1

// particle -1
sphere {
	<36.390202, 52.804348, 49.753204> 0.250000
	pigment { color rgbt <1,0,0,0> }
	no_shadow
}
cylinder {
	<36.034496, 52.723885, 49.917515>,  <35.821072, 52.675606, 50.016102>, 0.100000
	pigment { color rgbt <1,0,0,0> }
	no_shadow
}
cylinder {
	<36.034496, 52.723885, 49.917515>,  <36.390202, 52.804348, 49.753204>, 0.100000
	pigment { color rgbt <1,0,0,0> }
	no_shadow
}

// particle -1
sphere {
	<36.034496, 52.723885, 49.917515> 0.100000
	pigment { color rgbt <1,0,0,0> }
	no_shadow
}
sphere {
	0, 1
	scale<0.080000,0.200000,0.300000>
	matrix <0.313993, 0.384553, 0.868059,
		-0.332583, 0.900919, -0.278809,
		-0.889267, -0.201158, 0.410778,
		35.767715, 52.663536, 50.040749>
	pigment { color rgbt <0,1,1,0> }
	no_shadow
}
cylinder {
	<36.786366, 53.238983, 50.345768>,  <36.390202, 52.804348, 49.753204>, 0.130000
	pigment { color rgbt <1,0,0,0> }
	no_shadow
}

// nucleotide -1

// particle -1
sphere {
	<36.786366, 53.238983, 50.345768> 0.250000
	pigment { color rgbt <1,0,0,0> }
	no_shadow
}
cylinder {
	<36.491714, 53.279736, 50.613201>,  <36.314922, 53.304188, 50.773663>, 0.100000
	pigment { color rgbt <1,0,0,0> }
	no_shadow
}
cylinder {
	<36.491714, 53.279736, 50.613201>,  <36.786366, 53.238983, 50.345768>, 0.100000
	pigment { color rgbt <1,0,0,0> }
	no_shadow
}

// particle -1
sphere {
	<36.491714, 53.279736, 50.613201> 0.100000
	pigment { color rgbt <1,0,0,0> }
	no_shadow
}
sphere {
	0, 1
	scale<0.080000,0.200000,0.300000>
	matrix <-0.342761, -0.908456, -0.239212,
		0.583006, -0.405374, 0.704113,
		-0.736626, 0.101881, 0.668582,
		36.270725, 53.310299, 50.813774>
	pigment { color rgbt <0,1,1,0> }
	no_shadow
}
cylinder {
	<36.622807, 52.766357, 51.048065>,  <36.786366, 53.238983, 50.345768>, 0.130000
	pigment { color rgbt <1,0,0,0> }
	no_shadow
}

// nucleotide -1

// particle -1
sphere {
	<36.622807, 52.766357, 51.048065> 0.250000
	pigment { color rgbt <1,0,0,0> }
	no_shadow
}
cylinder {
	<36.318542, 52.913673, 50.834240>,  <36.135983, 53.002064, 50.705944>, 0.100000
	pigment { color rgbt <1,0,0,0> }
	no_shadow
}
cylinder {
	<36.318542, 52.913673, 50.834240>,  <36.622807, 52.766357, 51.048065>, 0.100000
	pigment { color rgbt <1,0,0,0> }
	no_shadow
}

// particle -1
sphere {
	<36.318542, 52.913673, 50.834240> 0.100000
	pigment { color rgbt <1,0,0,0> }
	no_shadow
}
sphere {
	0, 1
	scale<0.080000,0.200000,0.300000>
	matrix <-0.162185, -0.905185, -0.392857,
		-0.628562, -0.212133, 0.748271,
		-0.760661, 0.368293, -0.534560,
		36.090343, 53.024162, 50.673870>
	pigment { color rgbt <0,1,1,0> }
	no_shadow
}
cylinder {
	<36.259956, 53.242935, 51.466011>,  <36.622807, 52.766357, 51.048065>, 0.130000
	pigment { color rgbt <1,0,0,0> }
	no_shadow
}

// nucleotide -1

// particle -1
sphere {
	<36.259956, 53.242935, 51.466011> 0.250000
	pigment { color rgbt <1,0,0,0> }
	no_shadow
}
cylinder {
	<36.434612, 53.374023, 51.130882>,  <36.539406, 53.452675, 50.929806>, 0.100000
	pigment { color rgbt <1,0,0,0> }
	no_shadow
}
cylinder {
	<36.434612, 53.374023, 51.130882>,  <36.259956, 53.242935, 51.466011>, 0.100000
	pigment { color rgbt <1,0,0,0> }
	no_shadow
}

// particle -1
sphere {
	<36.434612, 53.374023, 51.130882> 0.100000
	pigment { color rgbt <1,0,0,0> }
	no_shadow
}
sphere {
	0, 1
	scale<0.080000,0.200000,0.300000>
	matrix <0.762798, 0.358867, 0.537916,
		0.476953, -0.873964, -0.093288,
		0.436642, 0.327721, -0.837820,
		36.565605, 53.472340, 50.879536>
	pigment { color rgbt <0,1,1,0> }
	no_shadow
}
cylinder {
	<36.176346, 53.120228, 52.185108>,  <36.259956, 53.242935, 51.466011>, 0.130000
	pigment { color rgbt <1,0,0,0> }
	no_shadow
}

// nucleotide -1

// particle -1
sphere {
	<36.176346, 53.120228, 52.185108> 0.250000
	pigment { color rgbt <1,0,0,0> }
	no_shadow
}
cylinder {
	<36.011658, 52.756405, 52.162479>,  <35.912846, 52.538113, 52.148903>, 0.100000
	pigment { color rgbt <1,0,0,0> }
	no_shadow
}
cylinder {
	<36.011658, 52.756405, 52.162479>,  <36.176346, 53.120228, 52.185108>, 0.100000
	pigment { color rgbt <1,0,0,0> }
	no_shadow
}

// particle -1
sphere {
	<36.011658, 52.756405, 52.162479> 0.100000
	pigment { color rgbt <1,0,0,0> }
	no_shadow
}
sphere {
	0, 1
	scale<0.080000,0.200000,0.300000>
	matrix <0.171232, -0.138188, 0.975492,
		-0.895079, 0.391941, 0.212639,
		-0.411719, -0.909553, -0.056576,
		35.888142, 52.483540, 52.145508>
	pigment { color rgbt <0,1,1,0> }
	no_shadow
}
cylinder {
	<35.513454, 53.007084, 52.482040>,  <36.176346, 53.120228, 52.185108>, 0.130000
	pigment { color rgbt <1,0,0,0> }
	no_shadow
}

// nucleotide -1

// particle -1
sphere {
	<35.513454, 53.007084, 52.482040> 0.250000
	pigment { color rgbt <1,0,0,0> }
	no_shadow
}
cylinder {
	<35.797291, 52.731274, 52.540062>,  <35.967594, 52.565788, 52.574875>, 0.100000
	pigment { color rgbt <1,0,0,0> }
	no_shadow
}
cylinder {
	<35.797291, 52.731274, 52.540062>,  <35.513454, 53.007084, 52.482040>, 0.100000
	pigment { color rgbt <1,0,0,0> }
	no_shadow
}

// particle -1
sphere {
	<35.797291, 52.731274, 52.540062> 0.100000
	pigment { color rgbt <1,0,0,0> }
	no_shadow
}
sphere {
	0, 1
	scale<0.080000,0.200000,0.300000>
	matrix <0.079777, 0.283155, 0.955750,
		-0.700083, -0.666621, 0.255932,
		0.709592, -0.689522, 0.145051,
		36.010170, 52.524418, 52.583576>
	pigment { color rgbt <0,1,1,0> }
	no_shadow
}
cylinder {
	<35.434658, 52.391933, 52.988564>,  <35.513454, 53.007084, 52.482040>, 0.130000
	pigment { color rgbt <1,0,0,0> }
	no_shadow
}

// nucleotide -1

// particle -1
sphere {
	<35.434658, 52.391933, 52.988564> 0.250000
	pigment { color rgbt <1,0,0,0> }
	no_shadow
}
cylinder {
	<35.822495, 52.489441, 52.997200>,  <36.055199, 52.547943, 53.002380>, 0.100000
	pigment { color rgbt <1,0,0,0> }
	no_shadow
}
cylinder {
	<35.822495, 52.489441, 52.997200>,  <35.434658, 52.391933, 52.988564>, 0.100000
	pigment { color rgbt <1,0,0,0> }
	no_shadow
}

// particle -1
sphere {
	<35.822495, 52.489441, 52.997200> 0.100000
	pigment { color rgbt <1,0,0,0> }
	no_shadow
}
sphere {
	0, 1
	scale<0.080000,0.200000,0.300000>
	matrix <-0.093793, 0.288692, 0.952817,
		0.226030, -0.925870, 0.302778,
		0.969594, 0.243764, 0.021587,
		36.113373, 52.562569, 53.003677>
	pigment { color rgbt <0,1,1,0> }
	no_shadow
}
cylinder {
	<35.782146, 51.939461, 53.371716>,  <35.434658, 52.391933, 52.988564>, 0.130000
	pigment { color rgbt <1,0,0,0> }
	no_shadow
}

// nucleotide -1

// particle -1
sphere {
	<35.782146, 51.939461, 53.371716> 0.250000
	pigment { color rgbt <1,0,0,0> }
	no_shadow
}
cylinder {
	<35.941231, 52.306427, 53.366364>,  <36.036682, 52.526608, 53.363152>, 0.100000
	pigment { color rgbt <1,0,0,0> }
	no_shadow
}
cylinder {
	<35.941231, 52.306427, 53.366364>,  <35.782146, 51.939461, 53.371716>, 0.100000
	pigment { color rgbt <1,0,0,0> }
	no_shadow
}

// particle -1
sphere {
	<35.941231, 52.306427, 53.366364> 0.100000
	pigment { color rgbt <1,0,0,0> }
	no_shadow
}
sphere {
	0, 1
	scale<0.080000,0.200000,0.300000>
	matrix <-0.002902, 0.015841, 0.999870,
		0.917507, -0.397618, 0.008962,
		0.397708, 0.917414, -0.013380,
		36.060543, 52.581650, 53.362350>
	pigment { color rgbt <0,1,1,0> }
	no_shadow
}
cylinder {
	<36.426620, 51.877270, 53.685760>,  <35.782146, 51.939461, 53.371716>, 0.130000
	pigment { color rgbt <1,0,0,0> }
	no_shadow
}

// nucleotide -1

// particle -1
sphere {
	<36.426620, 51.877270, 53.685760> 0.250000
	pigment { color rgbt <1,0,0,0> }
	no_shadow
}
cylinder {
	<36.262062, 52.238602, 53.734329>,  <36.163326, 52.455402, 53.763470>, 0.100000
	pigment { color rgbt <1,0,0,0> }
	no_shadow
}
cylinder {
	<36.262062, 52.238602, 53.734329>,  <36.426620, 51.877270, 53.685760>, 0.100000
	pigment { color rgbt <1,0,0,0> }
	no_shadow
}

// particle -1
sphere {
	<36.262062, 52.238602, 53.734329> 0.100000
	pigment { color rgbt <1,0,0,0> }
	no_shadow
}
sphere {
	0, 1
	scale<0.080000,0.200000,0.300000>
	matrix <0.103655, -0.085989, 0.990889,
		0.905543, 0.420234, -0.058259,
		-0.411396, 0.903332, 0.121426,
		36.138645, 52.509602, 53.770756>
	pigment { color rgbt <0,1,1,0> }
	no_shadow
}
cylinder {
	<36.729954, 52.350632, 54.261471>,  <36.426620, 51.877270, 53.685760>, 0.130000
	pigment { color rgbt <1,0,0,0> }
	no_shadow
}

// nucleotide -1

// particle -1
sphere {
	<36.729954, 52.350632, 54.261471> 0.250000
	pigment { color rgbt <1,0,0,0> }
	no_shadow
}
cylinder {
	<36.346439, 52.460659, 54.233002>,  <36.116329, 52.526676, 54.215919>, 0.100000
	pigment { color rgbt <1,0,0,0> }
	no_shadow
}
cylinder {
	<36.346439, 52.460659, 54.233002>,  <36.729954, 52.350632, 54.261471>, 0.100000
	pigment { color rgbt <1,0,0,0> }
	no_shadow
}

// particle -1
sphere {
	<36.346439, 52.460659, 54.233002> 0.100000
	pigment { color rgbt <1,0,0,0> }
	no_shadow
}
sphere {
	0, 1
	scale<0.080000,0.200000,0.300000>
	matrix <-0.143664, -0.253213, 0.956684,
		0.245129, 0.927481, 0.282294,
		-0.958787, 0.275067, -0.071176,
		36.058804, 52.543179, 54.211651>
	pigment { color rgbt <0,1,1,0> }
	no_shadow
}
cylinder {
	<36.632862, 52.938488, 54.802811>,  <36.729954, 52.350632, 54.261471>, 0.130000
	pigment { color rgbt <1,0,0,0> }
	no_shadow
}

// nucleotide -1

// particle -1
sphere {
	<36.632862, 52.938488, 54.802811> 0.250000
	pigment { color rgbt <1,0,0,0> }
	no_shadow
}
cylinder {
	<36.337479, 52.675625, 54.742386>,  <36.160248, 52.517906, 54.706131>, 0.100000
	pigment { color rgbt <1,0,0,0> }
	no_shadow
}
cylinder {
	<36.337479, 52.675625, 54.742386>,  <36.632862, 52.938488, 54.802811>, 0.100000
	pigment { color rgbt <1,0,0,0> }
	no_shadow
}

// particle -1
sphere {
	<36.337479, 52.675625, 54.742386> 0.100000
	pigment { color rgbt <1,0,0,0> }
	no_shadow
}
sphere {
	0, 1
	scale<0.080000,0.200000,0.300000>
	matrix <-0.165703, -0.040300, 0.985352,
		-0.653618, 0.752677, -0.079132,
		-0.738462, -0.657156, -0.151061,
		36.115940, 52.478477, 54.697067>
	pigment { color rgbt <0,1,1,0> }
	no_shadow
}
cylinder {
	<37.244114, 53.090908, 54.328300>,  <36.632862, 52.938488, 54.802811>, 0.130000
	pigment { color rgbt <1,0,0,0> }
	no_shadow
}

// nucleotide -1

// particle -1
sphere {
	<37.244114, 53.090908, 54.328300> 0.250000
	pigment { color rgbt <1,0,0,0> }
	no_shadow
}
cylinder {
	<37.344711, 53.408375, 54.106728>,  <37.405071, 53.598854, 53.973785>, 0.100000
	pigment { color rgbt <1,0,0,0> }
	no_shadow
}
cylinder {
	<37.344711, 53.408375, 54.106728>,  <37.244114, 53.090908, 54.328300>, 0.100000
	pigment { color rgbt <1,0,0,0> }
	no_shadow
}

// particle -1
sphere {
	<37.344711, 53.408375, 54.106728> 0.100000
	pigment { color rgbt <1,0,0,0> }
	no_shadow
}
sphere {
	0, 1
	scale<0.080000,0.200000,0.300000>
	matrix <0.765737, 0.186869, 0.615407,
		0.591942, -0.578939, -0.560745,
		0.251497, 0.793668, -0.553931,
		37.420162, 53.646477, 53.940548>
	pigment { color rgbt <0,1,1,0> }
	no_shadow
}
cylinder {
	<37.957298, 53.088654, 54.111816>,  <37.244114, 53.090908, 54.328300>, 0.130000
	pigment { color rgbt <1,0,0,0> }
	no_shadow
}

// nucleotide -1

// particle -1
sphere {
	<37.957298, 53.088654, 54.111816> 0.250000
	pigment { color rgbt <1,0,0,0> }
	no_shadow
}
cylinder {
	<37.836376, 53.467049, 54.158661>,  <37.763824, 53.694088, 54.186768>, 0.100000
	pigment { color rgbt <1,0,0,0> }
	no_shadow
}
cylinder {
	<37.836376, 53.467049, 54.158661>,  <37.957298, 53.088654, 54.111816>, 0.100000
	pigment { color rgbt <1,0,0,0> }
	no_shadow
}

// particle -1
sphere {
	<37.836376, 53.467049, 54.158661> 0.100000
	pigment { color rgbt <1,0,0,0> }
	no_shadow
}
sphere {
	0, 1
	scale<0.080000,0.200000,0.300000>
	matrix <0.778005, 0.173887, 0.603716,
		0.550745, 0.273618, -0.788551,
		-0.302306, 0.945990, 0.117109,
		37.745686, 53.750847, 54.193794>
	pigment { color rgbt <0,1,1,0> }
	no_shadow
}
cylinder {
	<38.527096, 53.586933, 54.002228>,  <37.957298, 53.088654, 54.111816>, 0.130000
	pigment { color rgbt <1,0,0,0> }
	no_shadow
}

// nucleotide -1

// particle -1
sphere {
	<38.527096, 53.586933, 54.002228> 0.250000
	pigment { color rgbt <1,0,0,0> }
	no_shadow
}
cylinder {
	<38.253769, 53.723881, 54.260178>,  <38.089771, 53.806049, 54.414948>, 0.100000
	pigment { color rgbt <1,0,0,0> }
	no_shadow
}
cylinder {
	<38.253769, 53.723881, 54.260178>,  <38.527096, 53.586933, 54.002228>, 0.100000
	pigment { color rgbt <1,0,0,0> }
	no_shadow
}

// particle -1
sphere {
	<38.253769, 53.723881, 54.260178> 0.100000
	pigment { color rgbt <1,0,0,0> }
	no_shadow
}
sphere {
	0, 1
	scale<0.080000,0.200000,0.300000>
	matrix <0.646560, -0.126550, 0.752293,
		0.339170, 0.931004, -0.134888,
		-0.683318, 0.342368, 0.644872,
		38.048775, 53.826591, 54.453640>
	pigment { color rgbt <0,1,1,0> }
	no_shadow
}
cylinder {
	<38.728848, 54.233734, 54.399067>,  <38.527096, 53.586933, 54.002228>, 0.130000
	pigment { color rgbt <1,0,0,0> }
	no_shadow
}

// nucleotide -1

// particle -1
sphere {
	<38.728848, 54.233734, 54.399067> 0.250000
	pigment { color rgbt <1,0,0,0> }
	no_shadow
}
cylinder {
	<38.478142, 54.011204, 54.617302>,  <38.327717, 53.877686, 54.748241>, 0.100000
	pigment { color rgbt <1,0,0,0> }
	no_shadow
}
cylinder {
	<38.478142, 54.011204, 54.617302>,  <38.728848, 54.233734, 54.399067>, 0.100000
	pigment { color rgbt <1,0,0,0> }
	no_shadow
}

// particle -1
sphere {
	<38.478142, 54.011204, 54.617302> 0.100000
	pigment { color rgbt <1,0,0,0> }
	no_shadow
}
sphere {
	0, 1
	scale<0.080000,0.200000,0.300000>
	matrix <0.610704, 0.084152, 0.787375,
		-0.483950, 0.826692, 0.287007,
		-0.626765, -0.556327, 0.545589,
		38.290112, 53.844307, 54.780979>
	pigment { color rgbt <0,1,1,0> }
	no_shadow
}
cylinder {
	<39.073380, 54.060490, 55.099419>,  <38.728848, 54.233734, 54.399067>, 0.130000
	pigment { color rgbt <1,0,0,0> }
	no_shadow
}

// nucleotide -1

// particle -1
sphere {
	<39.073380, 54.060490, 55.099419> 0.250000
	pigment { color rgbt <1,0,0,0> }
	no_shadow
}
cylinder {
	<39.387371, 54.242050, 54.930763>,  <39.575768, 54.350986, 54.829571>, 0.100000
	pigment { color rgbt <1,0,0,0> }
	no_shadow
}
cylinder {
	<39.387371, 54.242050, 54.930763>,  <39.073380, 54.060490, 55.099419>, 0.100000
	pigment { color rgbt <1,0,0,0> }
	no_shadow
}

// particle -1
sphere {
	<39.387371, 54.242050, 54.930763> 0.100000
	pigment { color rgbt <1,0,0,0> }
	no_shadow
}
sphere {
	0, 1
	scale<0.080000,0.200000,0.300000>
	matrix <0.423293, -0.889910, -0.169948,
		-0.452359, -0.045070, -0.890697,
		0.784981, 0.453903, -0.421636,
		39.622864, 54.378220, 54.804272>
	pigment { color rgbt <0,1,1,0> }
	no_shadow
}
cylinder {
	<39.320511, 53.498604, 54.776371>,  <39.073380, 54.060490, 55.099419>, 0.130000
	pigment { color rgbt <1,0,0,0> }
	no_shadow
}

// nucleotide -1

// particle -1
sphere {
	<39.320511, 53.498604, 54.776371> 0.250000
	pigment { color rgbt <1,0,0,0> }
	no_shadow
}
cylinder {
	<39.637329, 53.741760, 54.798729>,  <39.827419, 53.887653, 54.812145>, 0.100000
	pigment { color rgbt <1,0,0,0> }
	no_shadow
}
cylinder {
	<39.637329, 53.741760, 54.798729>,  <39.320511, 53.498604, 54.776371>, 0.100000
	pigment { color rgbt <1,0,0,0> }
	no_shadow
}

// particle -1
sphere {
	<39.637329, 53.741760, 54.798729> 0.100000
	pigment { color rgbt <1,0,0,0> }
	no_shadow
}
sphere {
	0, 1
	scale<0.080000,0.200000,0.300000>
	matrix <0.610456, -0.788390, -0.076064,
		-0.002170, 0.094369, -0.995535,
		0.792047, 0.607895, 0.055897,
		39.874943, 53.924129, 54.815498>
	pigment { color rgbt <0,1,1,0> }
	no_shadow
}
cylinder {
	<39.734486, 53.500252, 54.227425>,  <39.320511, 53.498604, 54.776371>, 0.130000
	pigment { color rgbt <1,0,0,0> }
	no_shadow
}

// nucleotide -1

// particle -1
sphere {
	<39.734486, 53.500252, 54.227425> 0.250000
	pigment { color rgbt <1,0,0,0> }
	no_shadow
}
cylinder {
	<39.960743, 53.548721, 54.553703>,  <40.096497, 53.577801, 54.749470>, 0.100000
	pigment { color rgbt <1,0,0,0> }
	no_shadow
}
cylinder {
	<39.960743, 53.548721, 54.553703>,  <39.734486, 53.500252, 54.227425>, 0.100000
	pigment { color rgbt <1,0,0,0> }
	no_shadow
}

// particle -1
sphere {
	<39.960743, 53.548721, 54.553703> 0.100000
	pigment { color rgbt <1,0,0,0> }
	no_shadow
}
sphere {
	0, 1
	scale<0.080000,0.200000,0.300000>
	matrix <0.547035, -0.795317, -0.261197,
		0.617088, 0.593960, -0.516153,
		0.565645, 0.121172, 0.815698,
		40.130436, 53.585072, 54.798412>
	pigment { color rgbt <0,1,1,0> }
	no_shadow
}
cylinder {
	<40.387810, 53.749001, 54.159462>,  <39.734486, 53.500252, 54.227425>, 0.130000
	pigment { color rgbt <1,0,0,0> }
	no_shadow
}

// nucleotide -1

// particle -1
sphere {
	<40.387810, 53.749001, 54.159462> 0.250000
	pigment { color rgbt <1,0,0,0> }
	no_shadow
}
cylinder {
	<40.382103, 53.469788, 54.445831>,  <40.378677, 53.302261, 54.617653>, 0.100000
	pigment { color rgbt <1,0,0,0> }
	no_shadow
}
cylinder {
	<40.382103, 53.469788, 54.445831>,  <40.387810, 53.749001, 54.159462>, 0.100000
	pigment { color rgbt <1,0,0,0> }
	no_shadow
}

// particle -1
sphere {
	<40.382103, 53.469788, 54.445831> 0.100000
	pigment { color rgbt <1,0,0,0> }
	no_shadow
}
sphere {
	0, 1
	scale<0.080000,0.200000,0.300000>
	matrix <0.328507, -0.679524, -0.655995,
		0.944394, 0.225826, 0.239005,
		-0.014268, -0.698032, 0.715924,
		40.377823, 53.260376, 54.660610>
	pigment { color rgbt <0,1,1,0> }
	no_shadow
}
cylinder {
	<40.943630, 53.355003, 54.033928>,  <40.387810, 53.749001, 54.159462>, 0.130000
	pigment { color rgbt <1,0,0,0> }
	no_shadow
}

// nucleotide -1

// particle -1
sphere {
	<40.943630, 53.355003, 54.033928> 0.250000
	pigment { color rgbt <1,0,0,0> }
	no_shadow
}
cylinder {
	<40.669106, 53.149212, 54.239559>,  <40.504391, 53.025738, 54.362938>, 0.100000
	pigment { color rgbt <1,0,0,0> }
	no_shadow
}
cylinder {
	<40.669106, 53.149212, 54.239559>,  <40.943630, 53.355003, 54.033928>, 0.100000
	pigment { color rgbt <1,0,0,0> }
	no_shadow
}

// particle -1
sphere {
	<40.669106, 53.149212, 54.239559> 0.100000
	pigment { color rgbt <1,0,0,0> }
	no_shadow
}
sphere {
	0, 1
	scale<0.080000,0.200000,0.300000>
	matrix <0.090014, -0.761482, -0.641905,
		0.721712, -0.394275, 0.568928,
		-0.686316, -0.514482, 0.514081,
		40.463211, 52.994865, 54.393784>
	pigment { color rgbt <0,1,1,0> }
	no_shadow
}
cylinder {
	<41.558487, 52.948780, 53.964321>,  <40.943630, 53.355003, 54.033928>, 0.130000
	pigment { color rgbt <1,0,0,0> }
	no_shadow
}

// nucleotide -1

// particle -1
sphere {
	<41.558487, 52.948780, 53.964321> 0.250000
	pigment { color rgbt <1,0,0,0> }
	no_shadow
}
cylinder {
	<41.885490, 52.721279, 54.000534>,  <42.081692, 52.584778, 54.022263>, 0.100000
	pigment { color rgbt <1,0,0,0> }
	no_shadow
}
cylinder {
	<41.885490, 52.721279, 54.000534>,  <41.558487, 52.948780, 53.964321>, 0.100000
	pigment { color rgbt <1,0,0,0> }
	no_shadow
}

// particle -1
sphere {
	<41.885490, 52.721279, 54.000534> 0.100000
	pigment { color rgbt <1,0,0,0> }
	no_shadow
}
sphere {
	0, 1
	scale<0.080000,0.200000,0.300000>
	matrix <0.131555, 0.031376, -0.990812,
		0.560686, 0.821910, 0.100473,
		0.817511, -0.568752, 0.090534,
		42.130745, 52.550652, 54.027695>
	pigment { color rgbt <0,1,1,0> }
	no_shadow
}
cylinder {
	<42.104385, 53.474213, 53.595528>,  <41.558487, 52.948780, 53.964321>, 0.130000
	pigment { color rgbt <1,0,0,0> }
	no_shadow
}

// nucleotide -1

// particle -1
sphere {
	<42.104385, 53.474213, 53.595528> 0.250000
	pigment { color rgbt <1,0,0,0> }
	no_shadow
}
cylinder {
	<42.183399, 53.772495, 53.850052>,  <42.230808, 53.951466, 54.002766>, 0.100000
	pigment { color rgbt <1,0,0,0> }
	no_shadow
}
cylinder {
	<42.183399, 53.772495, 53.850052>,  <42.104385, 53.474213, 53.595528>, 0.100000
	pigment { color rgbt <1,0,0,0> }
	no_shadow
}

// particle -1
sphere {
	<42.183399, 53.772495, 53.850052> 0.100000
	pigment { color rgbt <1,0,0,0> }
	no_shadow
}
sphere {
	0, 1
	scale<0.080000,0.200000,0.300000>
	matrix <0.967981, -0.250941, -0.006417,
		0.154892, 0.617209, -0.771402,
		0.197537, 0.745709, 0.636315,
		42.242661, 53.996208, 54.040947>
	pigment { color rgbt <0,1,1,0> }
	no_shadow
}
cylinder {
	<42.767612, 53.752071, 53.407047>,  <42.104385, 53.474213, 53.595528>, 0.130000
	pigment { color rgbt <1,0,0,0> }
	no_shadow
}

// nucleotide -1

// particle -1
sphere {
	<42.767612, 53.752071, 53.407047> 0.250000
	pigment { color rgbt <1,0,0,0> }
	no_shadow
}
cylinder {
	<42.722321, 53.902401, 53.774948>,  <42.695145, 53.992599, 53.995689>, 0.100000
	pigment { color rgbt <1,0,0,0> }
	no_shadow
}
cylinder {
	<42.722321, 53.902401, 53.774948>,  <42.767612, 53.752071, 53.407047>, 0.100000
	pigment { color rgbt <1,0,0,0> }
	no_shadow
}

// particle -1
sphere {
	<42.722321, 53.902401, 53.774948> 0.100000
	pigment { color rgbt <1,0,0,0> }
	no_shadow
}
sphere {
	0, 1
	scale<0.080000,0.200000,0.300000>
	matrix <0.951339, -0.226005, 0.209464,
		0.286589, 0.898709, -0.331947,
		-0.113225, 0.375825, 0.919748,
		42.688354, 54.015148, 54.050873>
	pigment { color rgbt <0,1,1,0> }
	no_shadow
}
cylinder {
	<43.203339, 54.391907, 53.560371>,  <42.767612, 53.752071, 53.407047>, 0.130000
	pigment { color rgbt <1,0,0,0> }
	no_shadow
}

// nucleotide -1

// particle -1
sphere {
	<43.203339, 54.391907, 53.560371> 0.250000
	pigment { color rgbt <1,0,0,0> }
	no_shadow
}
cylinder {
	<43.151482, 54.171192, 53.889908>,  <43.120365, 54.038761, 54.087631>, 0.100000
	pigment { color rgbt <1,0,0,0> }
	no_shadow
}
cylinder {
	<43.151482, 54.171192, 53.889908>,  <43.203339, 54.391907, 53.560371>, 0.100000
	pigment { color rgbt <1,0,0,0> }
	no_shadow
}

// particle -1
sphere {
	<43.151482, 54.171192, 53.889908> 0.100000
	pigment { color rgbt <1,0,0,0> }
	no_shadow
}
sphere {
	0, 1
	scale<0.080000,0.200000,0.300000>
	matrix <0.945199, -0.319860, -0.065492,
		0.299652, 0.770206, 0.563019,
		-0.129645, -0.551790, 0.823845,
		43.112587, 54.005653, 54.137062>
	pigment { color rgbt <0,1,1,0> }
	no_shadow
}
cylinder {
	<43.714417, 54.690849, 54.032944>,  <43.203339, 54.391907, 53.560371>, 0.130000
	pigment { color rgbt <1,0,0,0> }
	no_shadow
}

// nucleotide -1

// particle -1
sphere {
	<43.714417, 54.690849, 54.032944> 0.250000
	pigment { color rgbt <1,0,0,0> }
	no_shadow
}
cylinder {
	<43.619259, 54.311333, 54.116089>,  <43.562164, 54.083622, 54.165977>, 0.100000
	pigment { color rgbt <1,0,0,0> }
	no_shadow
}
cylinder {
	<43.619259, 54.311333, 54.116089>,  <43.714417, 54.690849, 54.032944>, 0.100000
	pigment { color rgbt <1,0,0,0> }
	no_shadow
}

// particle -1
sphere {
	<43.619259, 54.311333, 54.116089> 0.100000
	pigment { color rgbt <1,0,0,0> }
	no_shadow
}
sphere {
	0, 1
	scale<0.080000,0.200000,0.300000>
	matrix <0.960229, -0.261942, -0.096676,
		0.146173, 0.176600, 0.973368,
		-0.237893, -0.948788, 0.207865,
		43.547890, 54.026695, 54.178448>
	pigment { color rgbt <0,1,1,0> }
	no_shadow
}
cylinder {
	<44.306648, 54.384949, 54.253910>,  <43.714417, 54.690849, 54.032944>, 0.130000
	pigment { color rgbt <1,0,0,0> }
	no_shadow
}

// nucleotide -1

// particle -1
sphere {
	<44.306648, 54.384949, 54.253910> 0.250000
	pigment { color rgbt <1,0,0,0> }
	no_shadow
}
cylinder {
	<44.087177, 54.063011, 54.163414>,  <43.955494, 53.869850, 54.109116>, 0.100000
	pigment { color rgbt <1,0,0,0> }
	no_shadow
}
cylinder {
	<44.087177, 54.063011, 54.163414>,  <44.306648, 54.384949, 54.253910>, 0.100000
	pigment { color rgbt <1,0,0,0> }
	no_shadow
}

// particle -1
sphere {
	<44.087177, 54.063011, 54.163414> 0.100000
	pigment { color rgbt <1,0,0,0> }
	no_shadow
}
sphere {
	0, 1
	scale<0.080000,0.200000,0.300000>
	matrix <0.809022, -0.442897, -0.386428,
		0.210812, -0.395057, 0.894141,
		-0.548673, -0.804843, -0.226242,
		43.922577, 53.821560, 54.095543>
	pigment { color rgbt <0,1,1,0> }
	no_shadow
}
cylinder {
	<44.677113, 53.867447, 54.600780>,  <44.306648, 54.384949, 54.253910>, 0.130000
	pigment { color rgbt <1,0,0,0> }
	no_shadow
}

// nucleotide -1

// particle -1
sphere {
	<44.677113, 53.867447, 54.600780> 0.250000
	pigment { color rgbt <1,0,0,0> }
	no_shadow
}
cylinder {
	<44.467514, 53.777584, 54.272156>,  <44.341755, 53.723667, 54.074982>, 0.100000
	pigment { color rgbt <1,0,0,0> }
	no_shadow
}
cylinder {
	<44.467514, 53.777584, 54.272156>,  <44.677113, 53.867447, 54.600780>, 0.100000
	pigment { color rgbt <1,0,0,0> }
	no_shadow
}

// particle -1
sphere {
	<44.467514, 53.777584, 54.272156> 0.100000
	pigment { color rgbt <1,0,0,0> }
	no_shadow
}
sphere {
	0, 1
	scale<0.080000,0.200000,0.300000>
	matrix <0.818369, -0.400091, -0.412553,
		-0.236013, -0.888513, 0.393502,
		-0.523995, -0.224662, -0.821557,
		44.310314, 53.710186, 54.025688>
	pigment { color rgbt <0,1,1,0> }
	no_shadow
}
cylinder {
	<44.791073, 53.172943, 54.510834>,  <44.677113, 53.867447, 54.600780>, 0.130000
	pigment { color rgbt <1,0,0,0> }
	no_shadow
}

// nucleotide -1

// particle -1
sphere {
	<44.791073, 53.172943, 54.510834> 0.250000
	pigment { color rgbt <1,0,0,0> }
	no_shadow
}
cylinder {
	<44.708130, 53.337284, 54.155712>,  <44.658363, 53.435890, 53.942638>, 0.100000
	pigment { color rgbt <1,0,0,0> }
	no_shadow
}
cylinder {
	<44.708130, 53.337284, 54.155712>,  <44.791073, 53.172943, 54.510834>, 0.100000
	pigment { color rgbt <1,0,0,0> }
	no_shadow
}

// particle -1
sphere {
	<44.708130, 53.337284, 54.155712> 0.100000
	pigment { color rgbt <1,0,0,0> }
	no_shadow
}
sphere {
	0, 1
	scale<0.080000,0.200000,0.300000>
	matrix <0.900193, -0.275134, -0.337572,
		-0.382958, -0.869196, -0.312796,
		-0.207356, 0.410852, -0.887809,
		44.645924, 53.460541, 53.889370>
	pigment { color rgbt <0,1,1,0> }
	no_shadow
}
cylinder {
	<45.070461, 52.767307, 53.912373>,  <44.791073, 53.172943, 54.510834>, 0.130000
	pigment { color rgbt <1,0,0,0> }
	no_shadow
}

// nucleotide -1

// particle -1
sphere {
	<45.070461, 52.767307, 53.912373> 0.250000
	pigment { color rgbt <1,0,0,0> }
	no_shadow
}
cylinder {
	<45.037621, 53.138573, 53.767174>,  <45.017918, 53.361332, 53.680054>, 0.100000
	pigment { color rgbt <1,0,0,0> }
	no_shadow
}
cylinder {
	<45.037621, 53.138573, 53.767174>,  <45.070461, 52.767307, 53.912373>, 0.100000
	pigment { color rgbt <1,0,0,0> }
	no_shadow
}

// particle -1
sphere {
	<45.037621, 53.138573, 53.767174> 0.100000
	pigment { color rgbt <1,0,0,0> }
	no_shadow
}
sphere {
	0, 1
	scale<0.080000,0.200000,0.300000>
	matrix <0.928028, -0.061593, -0.367383,
		-0.363351, -0.367031, -0.856309,
		-0.082098, 0.928167, -0.362995,
		45.012993, 53.417023, 53.658276>
	pigment { color rgbt <0,1,1,0> }
	no_shadow
}
cylinder {
	<45.209953, 53.043484, 53.104866>,  <45.070461, 52.767307, 53.912373>, 0.130000
	pigment { color rgbt <1,0,0,0> }
	no_shadow
}

// nucleotide -1

// particle -1
sphere {
	<45.209953, 53.043484, 53.104866> 0.250000
	pigment { color rgbt <1,0,0,0> }
	no_shadow
}
cylinder {
	<45.305779, 53.308064, 53.389145>,  <45.363274, 53.466812, 53.559711>, 0.100000
	pigment { color rgbt <1,0,0,0> }
	no_shadow
}
cylinder {
	<45.305779, 53.308064, 53.389145>,  <45.209953, 53.043484, 53.104866>, 0.100000
	pigment { color rgbt <1,0,0,0> }
	no_shadow
}

// particle -1
sphere {
	<45.305779, 53.308064, 53.389145> 0.100000
	pigment { color rgbt <1,0,0,0> }
	no_shadow
}
sphere {
	0, 1
	scale<0.080000,0.200000,0.300000>
	matrix <0.970067, -0.133112, -0.203103,
		-0.039740, 0.738082, -0.673539,
		0.239563, 0.661450, 0.710700,
		45.377647, 53.506500, 53.602356>
	pigment { color rgbt <0,1,1,0> }
	no_shadow
}
cylinder {
	<45.710815, 53.361340, 52.870213>,  <45.209953, 53.043484, 53.104866>, 0.130000
	pigment { color rgbt <1,0,0,0> }
	no_shadow
}

// nucleotide -1

// particle -1
sphere {
	<45.710815, 53.361340, 52.870213> 0.250000
	pigment { color rgbt <1,0,0,0> }
	no_shadow
}
cylinder {
	<45.816093, 53.444618, 53.247017>,  <45.879261, 53.494587, 53.473099>, 0.100000
	pigment { color rgbt <1,0,0,0> }
	no_shadow
}
cylinder {
	<45.816093, 53.444618, 53.247017>,  <45.710815, 53.361340, 52.870213>, 0.100000
	pigment { color rgbt <1,0,0,0> }
	no_shadow
}

// particle -1
sphere {
	<45.816093, 53.444618, 53.247017> 0.100000
	pigment { color rgbt <1,0,0,0> }
	no_shadow
}
sphere {
	0, 1
	scale<0.080000,0.200000,0.300000>
	matrix <0.964466, -0.080150, -0.251757,
		0.023086, 0.974797, -0.221898,
		0.263197, 0.208201, 0.942008,
		45.895054, 53.507080, 53.529621>
	pigment { color rgbt <0,1,1,0> }
	no_shadow
}
cylinder {
	<46.130669, 53.908852, 52.779686>,  <45.710815, 53.361340, 52.870213>, 0.130000
	pigment { color rgbt <1,0,0,0> }
	no_shadow
}

// nucleotide -1

// particle -1
sphere {
	<46.130669, 53.908852, 52.779686> 0.250000
	pigment { color rgbt <1,0,0,0> }
	no_shadow
}
cylinder {
	<46.221230, 53.737404, 53.129547>,  <46.275566, 53.634533, 53.339466>, 0.100000
	pigment { color rgbt <1,0,0,0> }
	no_shadow
}
cylinder {
	<46.221230, 53.737404, 53.129547>,  <46.130669, 53.908852, 52.779686>, 0.100000
	pigment { color rgbt <1,0,0,0> }
	no_shadow
}

// particle -1
sphere {
	<46.221230, 53.737404, 53.129547> 0.100000
	pigment { color rgbt <1,0,0,0> }
	no_shadow
}
sphere {
	0, 1
	scale<0.080000,0.200000,0.300000>
	matrix <0.923957, -0.189713, -0.332132,
		0.308293, 0.883341, 0.353078,
		0.226402, -0.428623, 0.874657,
		46.289150, 53.608818, 53.391945>
	pigment { color rgbt <0,1,1,0> }
	no_shadow
}
cylinder {
	<46.851620, 54.185017, 52.904316>,  <46.130669, 53.908852, 52.779686>, 0.130000
	pigment { color rgbt <1,0,0,0> }
	no_shadow
}

// nucleotide -1

// particle -1
sphere {
	<46.851620, 54.185017, 52.904316> 0.250000
	pigment { color rgbt <1,0,0,0> }
	no_shadow
}
cylinder {
	<46.776653, 53.843842, 53.099197>,  <46.731674, 53.639137, 53.216125>, 0.100000
	pigment { color rgbt <1,0,0,0> }
	no_shadow
}
cylinder {
	<46.776653, 53.843842, 53.099197>,  <46.851620, 54.185017, 52.904316>, 0.100000
	pigment { color rgbt <1,0,0,0> }
	no_shadow
}

// particle -1
sphere {
	<46.776653, 53.843842, 53.099197> 0.100000
	pigment { color rgbt <1,0,0,0> }
	no_shadow
}
sphere {
	0, 1
	scale<0.080000,0.200000,0.300000>
	matrix <0.982275, -0.161129, 0.095777,
		-0.003190, 0.496520, 0.868019,
		-0.187418, -0.852939, 0.487206,
		46.720428, 53.587959, 53.245358>
	pigment { color rgbt <0,1,1,0> }
	no_shadow
}
cylinder {
	<47.060379, 54.206459, 53.651562>,  <46.851620, 54.185017, 52.904316>, 0.130000
	pigment { color rgbt <1,0,0,0> }
	no_shadow
}

// nucleotide -1

// particle -1
sphere {
	<47.060379, 54.206459, 53.651562> 0.250000
	pigment { color rgbt <1,0,0,0> }
	no_shadow
}
cylinder {
	<47.071823, 53.825382, 53.530533>,  <47.078690, 53.596737, 53.457916>, 0.100000
	pigment { color rgbt <1,0,0,0> }
	no_shadow
}
cylinder {
	<47.071823, 53.825382, 53.530533>,  <47.060379, 54.206459, 53.651562>, 0.100000
	pigment { color rgbt <1,0,0,0> }
	no_shadow
}

// particle -1
sphere {
	<47.071823, 53.825382, 53.530533> 0.100000
	pigment { color rgbt <1,0,0,0> }
	no_shadow
}
sphere {
	0, 1
	scale<0.080000,0.200000,0.300000>
	matrix <0.970708, -0.045756, 0.235864,
		-0.238552, -0.300461, 0.923481,
		0.028613, -0.952696, -0.302575,
		47.080406, 53.539574, 53.439762>
	pigment { color rgbt <0,1,1,0> }
	no_shadow
}
cylinder {
	<47.491211, 53.936943, 54.092087>,  <47.060379, 54.206459, 53.651562>, 0.130000
	pigment { color rgbt <1,0,0,0> }
	no_shadow
}

// nucleotide -1

// particle -1
sphere {
	<47.491211, 53.936943, 54.092087> 0.250000
	pigment { color rgbt <1,0,0,0> }
	no_shadow
}
cylinder {
	<47.499828, 53.677666, 53.787617>,  <47.504997, 53.522099, 53.604935>, 0.100000
	pigment { color rgbt <1,0,0,0> }
	no_shadow
}
cylinder {
	<47.499828, 53.677666, 53.787617>,  <47.491211, 53.936943, 54.092087>, 0.100000
	pigment { color rgbt <1,0,0,0> }
	no_shadow
}

// particle -1
sphere {
	<47.499828, 53.677666, 53.787617> 0.100000
	pigment { color rgbt <1,0,0,0> }
	no_shadow
}
sphere {
	0, 1
	scale<0.080000,0.200000,0.300000>
	matrix <0.974813, -0.155428, 0.159942,
		-0.221981, -0.745446, 0.628518,
		0.021539, -0.648192, -0.761173,
		47.506290, 53.483208, 53.559265>
	pigment { color rgbt <0,1,1,0> }
	no_shadow
}
cylinder {
	<47.714790, 53.223572, 54.246910>,  <47.491211, 53.936943, 54.092087>, 0.130000
	pigment { color rgbt <1,0,0,0> }
	no_shadow
}

// nucleotide -1

// particle -1
sphere {
	<47.714790, 53.223572, 54.246910> 0.250000
	pigment { color rgbt <1,0,0,0> }
	no_shadow
}
cylinder {
	<47.809704, 53.325722, 53.872002>,  <47.866653, 53.387012, 53.647057>, 0.100000
	pigment { color rgbt <1,0,0,0> }
	no_shadow
}
cylinder {
	<47.809704, 53.325722, 53.872002>,  <47.714790, 53.223572, 54.246910>, 0.100000
	pigment { color rgbt <1,0,0,0> }
	no_shadow
}

// particle -1
sphere {
	<47.809704, 53.325722, 53.872002> 0.100000
	pigment { color rgbt <1,0,0,0> }
	no_shadow
}
sphere {
	0, 1
	scale<0.080000,0.200000,0.300000>
	matrix <0.968647, 0.010900, 0.248200,
		0.073601, -0.966780, -0.244783,
		0.237287, 0.255376, -0.937272,
		47.880890, 53.402336, 53.590820>
	pigment { color rgbt <0,1,1,0> }
	no_shadow
}
cylinder {
	<48.361557, 52.932251, 54.136189>,  <47.714790, 53.223572, 54.246910>, 0.130000
	pigment { color rgbt <1,0,0,0> }
	no_shadow
}

// nucleotide -1

// particle -1
sphere {
	<48.361557, 52.932251, 54.136189> 0.250000
	pigment { color rgbt <1,0,0,0> }
	no_shadow
}
cylinder {
	<48.375786, 53.234131, 53.874146>,  <48.384323, 53.415257, 53.716919>, 0.100000
	pigment { color rgbt <1,0,0,0> }
	no_shadow
}
cylinder {
	<48.375786, 53.234131, 53.874146>,  <48.361557, 52.932251, 54.136189>, 0.100000
	pigment { color rgbt <1,0,0,0> }
	no_shadow
}

// particle -1
sphere {
	<48.375786, 53.234131, 53.874146> 0.100000
	pigment { color rgbt <1,0,0,0> }
	no_shadow
}
sphere {
	0, 1
	scale<0.080000,0.200000,0.300000>
	matrix <0.989480, 0.065389, 0.129051,
		0.140231, -0.652806, -0.744432,
		0.035568, 0.754698, -0.655108,
		48.386456, 53.460541, 53.677612>
	pigment { color rgbt <0,1,1,0> }
	no_shadow
}
cylinder {
	<48.899384, 52.890167, 53.639484>,  <48.361557, 52.932251, 54.136189>, 0.130000
	pigment { color rgbt <1,0,0,0> }
	no_shadow
}

// nucleotide -1

// particle -1
sphere {
	<48.899384, 52.890167, 53.639484> 0.250000
	pigment { color rgbt <1,0,0,0> }
	no_shadow
}
cylinder {
	<48.815002, 53.280090, 53.668488>,  <48.764374, 53.514042, 53.685890>, 0.100000
	pigment { color rgbt <1,0,0,0> }
	no_shadow
}
cylinder {
	<48.815002, 53.280090, 53.668488>,  <48.899384, 52.890167, 53.639484>, 0.100000
	pigment { color rgbt <1,0,0,0> }
	no_shadow
}

// particle -1
sphere {
	<48.815002, 53.280090, 53.668488> 0.100000
	pigment { color rgbt <1,0,0,0> }
	no_shadow
}
sphere {
	0, 1
	scale<0.080000,0.200000,0.300000>
	matrix <0.957148, 0.190937, 0.217738,
		0.198408, 0.115332, -0.973310,
		-0.210953, 0.974803, 0.072506,
		48.751717, 53.572533, 53.690239>
	pigment { color rgbt <0,1,1,0> }
	no_shadow
}
cylinder {
	<49.306911, 53.382660, 53.154171>,  <48.899384, 52.890167, 53.639484>, 0.130000
	pigment { color rgbt <1,0,0,0> }
	no_shadow
}

// nucleotide -1

// particle -1
sphere {
	<49.306911, 53.382660, 53.154171> 0.250000
	pigment { color rgbt <1,0,0,0> }
	no_shadow
}
cylinder {
	<49.222385, 53.507145, 53.524792>,  <49.171669, 53.581837, 53.747166>, 0.100000
	pigment { color rgbt <1,0,0,0> }
	no_shadow
}
cylinder {
	<49.222385, 53.507145, 53.524792>,  <49.306911, 53.382660, 53.154171>, 0.100000
	pigment { color rgbt <1,0,0,0> }
	no_shadow
}

// particle -1
sphere {
	<49.222385, 53.507145, 53.524792> 0.100000
	pigment { color rgbt <1,0,0,0> }
	no_shadow
}
sphere {
	0, 1
	scale<0.080000,0.200000,0.300000>
	matrix <0.969403, -0.054423, 0.239366,
		0.124918, 0.948782, -0.290186,
		-0.211314, 0.311208, 0.926551,
		49.158993, 53.600506, 53.802757>
	pigment { color rgbt <0,1,1,0> }
	no_shadow
}
cylinder {
	<49.800373, 53.781498, 53.418022>,  <49.306911, 53.382660, 53.154171>, 0.130000
	pigment { color rgbt <1,0,0,0> }
	no_shadow
}

// nucleotide -1

// particle -1
sphere {
	<49.800373, 53.781498, 53.418022> 0.250000
	pigment { color rgbt <1,0,0,0> }
	no_shadow
}
cylinder {
	<49.619183, 53.629677, 53.740700>,  <49.510468, 53.538582, 53.934307>, 0.100000
	pigment { color rgbt <1,0,0,0> }
	no_shadow
}
cylinder {
	<49.619183, 53.629677, 53.740700>,  <49.800373, 53.781498, 53.418022>, 0.100000
	pigment { color rgbt <1,0,0,0> }
	no_shadow
}

// particle -1
sphere {
	<49.619183, 53.629677, 53.740700> 0.100000
	pigment { color rgbt <1,0,0,0> }
	no_shadow
}
sphere {
	0, 1
	scale<0.080000,0.200000,0.300000>
	matrix <0.891457, -0.181928, 0.414977,
		-0.010747, 0.907105, 0.420767,
		-0.452977, -0.379555, 0.806690,
		49.483288, 53.515812, 53.982708>
	pigment { color rgbt <0,1,1,0> }
	no_shadow
}
cylinder {
	<49.778954, 54.177334, 54.136539>,  <49.800373, 53.781498, 53.418022>, 0.130000
	pigment { color rgbt <1,0,0,0> }
	no_shadow
}

// nucleotide -1

// particle -1
sphere {
	<49.778954, 54.177334, 54.136539> 0.250000
	pigment { color rgbt <1,0,0,0> }
	no_shadow
}
cylinder {
	<49.824081, 53.780041, 54.125469>,  <49.851158, 53.541664, 54.118828>, 0.100000
	pigment { color rgbt <1,0,0,0> }
	no_shadow
}
cylinder {
	<49.824081, 53.780041, 54.125469>,  <49.778954, 54.177334, 54.136539>, 0.100000
	pigment { color rgbt <1,0,0,0> }
	no_shadow
}

// particle -1
sphere {
	<49.824081, 53.780041, 54.125469> 0.100000
	pigment { color rgbt <1,0,0,0> }
	no_shadow
}
sphere {
	0, 1
	scale<0.080000,0.200000,0.300000>
	matrix <0.910309, 0.092154, 0.403540,
		-0.398259, -0.070716, 0.914543,
		0.112816, -0.993230, -0.027672,
		49.857925, 53.482071, 54.117168>
	pigment { color rgbt <0,1,1,0> }
	no_shadow
}
cylinder {
	<49.859459, 53.775017, 54.827564>,  <49.778954, 54.177334, 54.136539>, 0.130000
	pigment { color rgbt <1,0,0,0> }
	no_shadow
}

// nucleotide -1

// particle -1
sphere {
	<49.859459, 53.775017, 54.827564> 0.250000
	pigment { color rgbt <1,0,0,0> }
	no_shadow
}
cylinder {
	<50.059990, 53.576557, 54.544014>,  <50.180309, 53.457481, 54.373882>, 0.100000
	pigment { color rgbt <1,0,0,0> }
	no_shadow
}
cylinder {
	<50.059990, 53.576557, 54.544014>,  <49.859459, 53.775017, 54.827564>, 0.100000
	pigment { color rgbt <1,0,0,0> }
	no_shadow
}

// particle -1
sphere {
	<50.059990, 53.576557, 54.544014> 0.100000
	pigment { color rgbt <1,0,0,0> }
	no_shadow
}
sphere {
	0, 1
	scale<0.080000,0.200000,0.300000>
	matrix <0.792801, -0.064791, 0.606027,
		-0.346607, -0.865818, 0.360863,
		0.501329, -0.496146, -0.708879,
		50.210388, 53.427715, 54.331352>
	pigment { color rgbt <0,1,1,0> }
	no_shadow
}
cylinder {
	<50.115700, 53.108067, 55.095936>,  <49.859459, 53.775017, 54.827564>, 0.130000
	pigment { color rgbt <1,0,0,0> }
	no_shadow
}

// nucleotide -1

// particle -1
sphere {
	<50.115700, 53.108067, 55.095936> 0.250000
	pigment { color rgbt <1,0,0,0> }
	no_shadow
}
cylinder {
	<50.409794, 53.205193, 54.842808>,  <50.586250, 53.263470, 54.690929>, 0.100000
	pigment { color rgbt <1,0,0,0> }
	no_shadow
}
cylinder {
	<50.409794, 53.205193, 54.842808>,  <50.115700, 53.108067, 55.095936>, 0.100000
	pigment { color rgbt <1,0,0,0> }
	no_shadow
}

// particle -1
sphere {
	<50.409794, 53.205193, 54.842808> 0.100000
	pigment { color rgbt <1,0,0,0> }
	no_shadow
}
sphere {
	0, 1
	scale<0.080000,0.200000,0.300000>
	matrix <0.677132, -0.304851, 0.669745,
		-0.030292, -0.920927, -0.388556,
