// switches for output
#declare DRAW_BASES = 1; // possible values are 0, 1; only relevant for DNA ribbons
#declare DRAW_BASES_TYPE = 3; // possible values are 1, 2, 3; only relevant for DNA ribbons
#declare DRAW_FOG = 0; // set to 1 to enable fog

#include "colors.inc"

#include "transforms.inc"
background { rgb <1, 1, 1>}

#default {
   normal{
       ripples 0.25
       frequency 0.20
       turbulence 0.2
       lambda 5
   }
	finish {
		phong 0.1
		phong_size 40.
	}
}

// original window dimensions: 1024x640


// camera settings

camera {
	sky <-0, 1, 0>
	up <-0, 1, 0>
	right 1.6 * <0.99995, 0, 0.00999983>
	location <54.4867, 55, 106.329>
	look_at <55, 55, 55.0001>
	direction <0.513302, 0, -51.3289>
	angle 67.0682
}


# declare cpy_camera_pos = <54.4867, 55, 106.329>;
# if (DRAW_FOG = 1)
fog {
	fog_type 2
	up vnormalize(cpy_camera_pos)
	color rgbt<1,1,1,0.3>
	distance 1e-5
	fog_alt 3e-3
	fog_offset 88
}
# end


// LIGHTS

# declare lum = 6;
global_settings {
	ambient_light rgb lum * <0.05, 0.05, 0.05>
	max_trace_level 15
}# declare cpy_direct_light_amount = 0.25;
light_source
{	1000 * <-0.98995, -1, 1.00995>,
	rgb lum * cpy_direct_light_amount
	parallel
}

light_source
{	1000 * <0.98995, 1, -1.00995>,
	rgb lum * cpy_direct_light_amount
	parallel
}

// strand 0

// nucleotide -1

// particle -1
sphere {
	<36.187378, 53.249084, 49.725410> 0.250000
	pigment { color rgbt <1,0,0,0> }
	no_shadow
}
cylinder {
	<36.523151, 53.256275, 49.508148>,  <36.724617, 53.260590, 49.377789>, 0.100000
	pigment { color rgbt <1,0,0,0> }
	no_shadow
}
cylinder {
	<36.523151, 53.256275, 49.508148>,  <36.187378, 53.249084, 49.725410>, 0.100000
	pigment { color rgbt <1,0,0,0> }
	no_shadow
}

// particle -1
sphere {
	<36.523151, 53.256275, 49.508148> 0.100000
	pigment { color rgbt <1,0,0,0> }
	no_shadow
}
sphere {
	0, 1
	scale<0.080000,0.200000,0.300000>
	matrix <0.469549, -0.527199, 0.708226,
		-0.273618, -0.849552, -0.450994,
		0.839438, 0.017981, -0.543157,
		36.774982, 53.261669, 49.345200>
	pigment { color rgbt <0,1,1,0> }
	no_shadow
}
cylinder {
	<36.474937, 52.539234, 49.442532>,  <36.187378, 53.249084, 49.725410>, 0.130000
	pigment { color rgbt <1,0,0,0> }
	no_shadow
}

// nucleotide -1

// particle -1
sphere {
	<36.474937, 52.539234, 49.442532> 0.250000
	pigment { color rgbt <1,0,0,0> }
	no_shadow
}
cylinder {
	<36.767067, 52.805637, 49.503273>,  <36.942345, 52.965477, 49.539719>, 0.100000
	pigment { color rgbt <1,0,0,0> }
	no_shadow
}
cylinder {
	<36.767067, 52.805637, 49.503273>,  <36.474937, 52.539234, 49.442532>, 0.100000
	pigment { color rgbt <1,0,0,0> }
	no_shadow
}

// particle -1
sphere {
	<36.767067, 52.805637, 49.503273> 0.100000
	pigment { color rgbt <1,0,0,0> }
	no_shadow
}
sphere {
	0, 1
	scale<0.080000,0.200000,0.300000>
	matrix <0.439547, -0.628347, 0.641856,
		0.522899, -0.402016, -0.751638,
		0.730326, 0.666006, 0.151857,
		36.986164, 53.005440, 49.548832>
	pigment { color rgbt <0,1,1,0> }
	no_shadow
}
cylinder {
	<37.164860, 52.207184, 49.330025>,  <36.474937, 52.539234, 49.442532>, 0.130000
	pigment { color rgbt <1,0,0,0> }
	no_shadow
}

// nucleotide -1

// particle -1
sphere {
	<37.164860, 52.207184, 49.330025> 0.250000
	pigment { color rgbt <1,0,0,0> }
	no_shadow
}
cylinder {
	<37.227909, 52.513805, 49.579037>,  <37.265739, 52.697781, 49.728443>, 0.100000
	pigment { color rgbt <1,0,0,0> }
	no_shadow
}
cylinder {
	<37.227909, 52.513805, 49.579037>,  <37.164860, 52.207184, 49.330025>, 0.100000
	pigment { color rgbt <1,0,0,0> }
	no_shadow
}

// particle -1
sphere {
	<37.227909, 52.513805, 49.579037> 0.100000
	pigment { color rgbt <1,0,0,0> }
	no_shadow
}
sphere {
	0, 1
	scale<0.080000,0.200000,0.300000>
	matrix <0.497345, -0.606245, 0.620577,
		0.853114, 0.211799, -0.476799,
		0.157619, 0.766556, 0.622533,
		37.275196, 52.743771, 49.765797>
	pigment { color rgbt <0,1,1,0> }
	no_shadow
}
cylinder {
	<37.851131, 52.056824, 49.528851>,  <37.164860, 52.207184, 49.330025>, 0.130000
	pigment { color rgbt <1,0,0,0> }
	no_shadow
}

// nucleotide -1

// particle -1
sphere {
	<37.851131, 52.056824, 49.528851> 0.250000
	pigment { color rgbt <1,0,0,0> }
	no_shadow
}
cylinder {
	<37.625320, 52.253242, 49.794235>,  <37.489834, 52.371094, 49.953468>, 0.100000
	pigment { color rgbt <1,0,0,0> }
	no_shadow
}
cylinder {
	<37.625320, 52.253242, 49.794235>,  <37.851131, 52.056824, 49.528851>, 0.100000
	pigment { color rgbt <1,0,0,0> }
	no_shadow
}

// particle -1
sphere {
	<37.625320, 52.253242, 49.794235> 0.100000
	pigment { color rgbt <1,0,0,0> }
	no_shadow
}
sphere {
	0, 1
	scale<0.080000,0.200000,0.300000>
	matrix <0.295654, -0.630169, 0.717966,
		0.770650, 0.601465, 0.210566,
		-0.564524, 0.491046, 0.663465,
		37.455963, 52.400555, 49.993275>
	pigment { color rgbt <0,1,1,0> }
	no_shadow
}
cylinder {
	<38.196049, 52.399235, 50.174278>,  <37.851131, 52.056824, 49.528851>, 0.130000
	pigment { color rgbt <1,0,0,0> }
	no_shadow
}

// nucleotide -1

// particle -1
sphere {
	<38.196049, 52.399235, 50.174278> 0.250000
	pigment { color rgbt <1,0,0,0> }
	no_shadow
}
cylinder {
	<37.829460, 52.253983, 50.241463>,  <37.609505, 52.166832, 50.281773>, 0.100000
	pigment { color rgbt <1,0,0,0> }
	no_shadow
}
cylinder {
	<37.829460, 52.253983, 50.241463>,  <38.196049, 52.399235, 50.174278>, 0.100000
	pigment { color rgbt <1,0,0,0> }
	no_shadow
}

// particle -1
sphere {
	<37.829460, 52.253983, 50.241463> 0.100000
	pigment { color rgbt <1,0,0,0> }
	no_shadow
}
sphere {
	0, 1
	scale<0.080000,0.200000,0.300000>
	matrix <0.372958, -0.623419, 0.687205,
		-0.144832, 0.692450, 0.706780,
		-0.916475, -0.363128, 0.167964,
		37.554516, 52.145042, 50.291851>
	pigment { color rgbt <0,1,1,0> }
	no_shadow
}
cylinder {
	<37.865784, 52.553513, 50.884220>,  <38.196049, 52.399235, 50.174278>, 0.130000
	pigment { color rgbt <1,0,0,0> }
	no_shadow
}

// nucleotide -1

// particle -1
sphere {
	<37.865784, 52.553513, 50.884220> 0.250000
	pigment { color rgbt <1,0,0,0> }
	no_shadow
}
cylinder {
	<37.756580, 52.197136, 50.739063>,  <37.691059, 51.983311, 50.651970>, 0.100000
	pigment { color rgbt <1,0,0,0> }
	no_shadow
}
cylinder {
	<37.756580, 52.197136, 50.739063>,  <37.865784, 52.553513, 50.884220>, 0.100000
	pigment { color rgbt <1,0,0,0> }
	no_shadow
}

// particle -1
sphere {
	<37.756580, 52.197136, 50.739063> 0.100000
	pigment { color rgbt <1,0,0,0> }
	no_shadow
}
sphere {
	0, 1
	scale<0.080000,0.200000,0.300000>
	matrix <0.774089, -0.427423, 0.467008,
		-0.571184, -0.153410, 0.806359,
		-0.273012, -0.890941, -0.362890,
		37.674675, 51.929855, 50.630196>
	pigment { color rgbt <0,1,1,0> }
	no_shadow
}
cylinder {
	<38.216408, 52.555508, 51.607460>,  <37.865784, 52.553513, 50.884220>, 0.130000
	pigment { color rgbt <1,0,0,0> }
	no_shadow
}

// nucleotide -1

// particle -1
sphere {
	<38.216408, 52.555508, 51.607460> 0.250000
	pigment { color rgbt <1,0,0,0> }
	no_shadow
}
cylinder {
	<38.512760, 52.456696, 51.857285>,  <38.690571, 52.397408, 52.007179>, 0.100000
	pigment { color rgbt <1,0,0,0> }
	no_shadow
}
cylinder {
	<38.512760, 52.456696, 51.857285>,  <38.216408, 52.555508, 51.607460>, 0.100000
	pigment { color rgbt <1,0,0,0> }
	no_shadow
}

// particle -1
sphere {
	<38.512760, 52.456696, 51.857285> 0.100000
	pigment { color rgbt <1,0,0,0> }
	no_shadow
}
sphere {
	0, 1
	scale<0.080000,0.200000,0.300000>
	matrix <-0.522436, 0.372437, 0.767041,
		-0.422090, -0.894577, 0.146874,
		0.740878, -0.247028, 0.624561,
		38.735023, 52.382587, 52.044651>
	pigment { color rgbt <0,1,1,0> }
	no_shadow
}
cylinder {
	<38.054958, 52.052994, 52.161011>,  <38.216408, 52.555508, 51.607460>, 0.130000
	pigment { color rgbt <1,0,0,0> }
	no_shadow
}

// nucleotide -1

// particle -1
sphere {
	<38.054958, 52.052994, 52.161011> 0.250000
	pigment { color rgbt <1,0,0,0> }
	no_shadow
}
cylinder {
	<38.342144, 52.301231, 52.287113>,  <38.514454, 52.450172, 52.362774>, 0.100000
	pigment { color rgbt <1,0,0,0> }
	no_shadow
}
cylinder {
	<38.342144, 52.301231, 52.287113>,  <38.054958, 52.052994, 52.161011>, 0.100000
	pigment { color rgbt <1,0,0,0> }
	no_shadow
}

// particle -1
sphere {
	<38.342144, 52.301231, 52.287113> 0.100000
	pigment { color rgbt <1,0,0,0> }
	no_shadow
}
sphere {
	0, 1
	scale<0.080000,0.200000,0.300000>
	matrix <-0.558670, 0.243577, 0.792816,
		0.415227, -0.745340, 0.521588,
		0.717965, 0.620595, 0.315259,
		38.557533, 52.487411, 52.381691>
	pigment { color rgbt <0,1,1,0> }
	no_shadow
}
cylinder {
	<38.106361, 51.907578, 52.877338>,  <38.054958, 52.052994, 52.161011>, 0.130000
	pigment { color rgbt <1,0,0,0> }
	no_shadow
}

// nucleotide -1

// particle -1
sphere {
	<38.106361, 51.907578, 52.877338> 0.250000
	pigment { color rgbt <1,0,0,0> }
	no_shadow
}
cylinder {
	<38.278679, 52.262947, 52.813938>,  <38.382069, 52.476170, 52.775898>, 0.100000
	pigment { color rgbt <1,0,0,0> }
	no_shadow
}
cylinder {
	<38.278679, 52.262947, 52.813938>,  <38.106361, 51.907578, 52.877338>, 0.100000
	pigment { color rgbt <1,0,0,0> }
	no_shadow
}

// particle -1
sphere {
	<38.278679, 52.262947, 52.813938> 0.100000
	pigment { color rgbt <1,0,0,0> }
	no_shadow
}
sphere {
	0, 1
	scale<0.080000,0.200000,0.300000>
	matrix <-0.491666, 0.378337, 0.784300,
		0.756756, -0.259941, 0.599792,
		0.430795, 0.888421, -0.158505,
		38.407917, 52.529472, 52.766388>
	pigment { color rgbt <0,1,1,0> }
	no_shadow
}
cylinder {
	<38.682800, 52.180359, 53.281254>,  <38.106361, 51.907578, 52.877338>, 0.130000
	pigment { color rgbt <1,0,0,0> }
	no_shadow
}

// nucleotide -1

// particle -1
sphere {
	<38.682800, 52.180359, 53.281254> 0.250000
	pigment { color rgbt <1,0,0,0> }
	no_shadow
}
cylinder {
	<38.524345, 52.517502, 53.135559>,  <38.429272, 52.719788, 53.048141>, 0.100000
	pigment { color rgbt <1,0,0,0> }
	no_shadow
}
cylinder {
	<38.524345, 52.517502, 53.135559>,  <38.682800, 52.180359, 53.281254>, 0.100000
	pigment { color rgbt <1,0,0,0> }
	no_shadow
}

// particle -1
sphere {
	<38.524345, 52.517502, 53.135559> 0.100000
	pigment { color rgbt <1,0,0,0> }
	no_shadow
}
sphere {
	0, 1
	scale<0.080000,0.200000,0.300000>
	matrix <-0.150747, 0.331608, 0.931296,
		0.905733, 0.423826, -0.004303,
		-0.396135, 0.842857, -0.364239,
		38.405506, 52.770359, 53.026287>
	pigment { color rgbt <0,1,1,0> }
	no_shadow
}
cylinder {
	<38.929607, 52.804756, 53.311420>,  <38.682800, 52.180359, 53.281254>, 0.130000
	pigment { color rgbt <1,0,0,0> }
	no_shadow
}

// nucleotide -1

// particle -1
sphere {
	<38.929607, 52.804756, 53.311420> 0.250000
	pigment { color rgbt <1,0,0,0> }
	no_shadow
}
cylinder {
	<39.139153, 52.466572, 53.269936>,  <39.264881, 52.263660, 53.245045>, 0.100000
	pigment { color rgbt <1,0,0,0> }
	no_shadow
}
cylinder {
	<39.139153, 52.466572, 53.269936>,  <38.929607, 52.804756, 53.311420>, 0.100000
	pigment { color rgbt <1,0,0,0> }
	no_shadow
}

// particle -1
sphere {
	<39.139153, 52.466572, 53.269936> 0.100000
	pigment { color rgbt <1,0,0,0> }
	no_shadow
}
sphere {
	0, 1
	scale<0.080000,0.200000,0.300000>
	matrix <-0.457968, -0.176895, -0.871191,
		0.718213, 0.503885, -0.479864,
		0.523865, -0.845463, -0.103715,
		39.296310, 52.212933, 53.238823>
	pigment { color rgbt <0,1,1,0> }
	no_shadow
}
cylinder {
	<39.360916, 52.822517, 52.702343>,  <38.929607, 52.804756, 53.311420>, 0.130000
	pigment { color rgbt <1,0,0,0> }
	no_shadow
}

// nucleotide -1

// particle -1
sphere {
	<39.360916, 52.822517, 52.702343> 0.250000
	pigment { color rgbt <1,0,0,0> }
	no_shadow
}
cylinder {
	<39.227142, 52.457027, 52.794651>,  <39.146877, 52.237732, 52.850037>, 0.100000
	pigment { color rgbt <1,0,0,0> }
	no_shadow
}
cylinder {
	<39.227142, 52.457027, 52.794651>,  <39.360916, 52.822517, 52.702343>, 0.100000
	pigment { color rgbt <1,0,0,0> }
	no_shadow
}

// particle -1
sphere {
	<39.227142, 52.457027, 52.794651> 0.100000
	pigment { color rgbt <1,0,0,0> }
	no_shadow
}
sphere {
	0, 1
	scale<0.080000,0.200000,0.300000>
	matrix <-0.414200, -0.077442, -0.906886,
		0.846519, -0.398878, -0.352566,
		-0.334433, -0.913728, 0.230771,
		39.126812, 52.182907, 52.863884>
	pigment { color rgbt <0,1,1,0> }
	no_shadow
}
cylinder {
	<39.853985, 53.027939, 53.262794>,  <39.360916, 52.822517, 52.702343>, 0.130000
	pigment { color rgbt <1,0,0,0> }
	no_shadow
}

// nucleotide -1

// particle -1
sphere {
	<39.853985, 53.027939, 53.262794> 0.250000
	pigment { color rgbt <1,0,0,0> }
	no_shadow
}
cylinder {
	<39.844814, 52.777489, 53.574547>,  <39.839310, 52.627216, 53.761597>, 0.100000
	pigment { color rgbt <1,0,0,0> }
	no_shadow
}
cylinder {
	<39.844814, 52.777489, 53.574547>,  <39.853985, 53.027939, 53.262794>, 0.100000
	pigment { color rgbt <1,0,0,0> }
	no_shadow
}

// particle -1
sphere {
	<39.844814, 52.777489, 53.574547> 0.100000
	pigment { color rgbt <1,0,0,0> }
	no_shadow
}
sphere {
	0, 1
	scale<0.080000,0.200000,0.300000>
	matrix <0.967332, 0.182982, 0.175462,
		-0.252475, 0.757944, 0.601479,
		-0.022930, -0.626130, 0.779382,
		39.837936, 52.589649, 53.808361>
	pigment { color rgbt <0,1,1,0> }
	no_shadow
}
cylinder {
	<40.308830, 53.273178, 53.803680>,  <39.853985, 53.027939, 53.262794>, 0.130000
	pigment { color rgbt <1,0,0,0> }
	no_shadow
}

// nucleotide -1

// particle -1
sphere {
	<40.308830, 53.273178, 53.803680> 0.250000
	pigment { color rgbt <1,0,0,0> }
	no_shadow
}
cylinder {
	<40.265934, 52.887798, 53.901878>,  <40.240196, 52.656570, 53.960796>, 0.100000
	pigment { color rgbt <1,0,0,0> }
	no_shadow
}
cylinder {
	<40.265934, 52.887798, 53.901878>,  <40.308830, 53.273178, 53.803680>, 0.100000
	pigment { color rgbt <1,0,0,0> }
	no_shadow
}

// particle -1
sphere {
	<40.265934, 52.887798, 53.901878> 0.100000
	pigment { color rgbt <1,0,0,0> }
	no_shadow
}
sphere {
	0, 1
	scale<0.080000,0.200000,0.300000>
	matrix <0.963709, -0.040011, 0.263940,
		-0.244469, 0.264893, 0.932773,
		-0.107237, -0.963447, 0.245499,
		40.233765, 52.598763, 53.975529>
	pigment { color rgbt <0,1,1,0> }
	no_shadow
}
cylinder {
	<40.547733, 52.981712, 54.576763>,  <40.308830, 53.273178, 53.803680>, 0.130000
	pigment { color rgbt <1,0,0,0> }
	no_shadow
}

// nucleotide -1

// particle -1
sphere {
	<40.547733, 52.981712, 54.576763> 0.250000
	pigment { color rgbt <1,0,0,0> }
	no_shadow
}
cylinder {
	<40.550518, 52.647797, 54.356556>,  <40.552189, 52.447445, 54.224430>, 0.100000
	pigment { color rgbt <1,0,0,0> }
	no_shadow
}
cylinder {
	<40.550518, 52.647797, 54.356556>,  <40.547733, 52.981712, 54.576763>, 0.100000
	pigment { color rgbt <1,0,0,0> }
	no_shadow
}

// particle -1
sphere {
	<40.550518, 52.647797, 54.356556> 0.100000
	pigment { color rgbt <1,0,0,0> }
	no_shadow
}
sphere {
	0, 1
	scale<0.080000,0.200000,0.300000>
	matrix <0.811283, -0.317143, 0.491162,
		-0.584612, -0.450044, 0.675048,
		0.006957, -0.834794, -0.550519,
		40.552605, 52.397358, 54.191399>
	pigment { color rgbt <0,1,1,0> }
	no_shadow
}
cylinder {
	<40.863499, 52.353088, 54.913410>,  <40.547733, 52.981712, 54.576763>, 0.130000
	pigment { color rgbt <1,0,0,0> }
	no_shadow
}

// nucleotide -1

// particle -1
sphere {
	<40.863499, 52.353088, 54.913410> 0.250000
	pigment { color rgbt <1,0,0,0> }
	no_shadow
}
cylinder {
	<40.937294, 52.290455, 54.525299>,  <40.981571, 52.252872, 54.292431>, 0.100000
	pigment { color rgbt <1,0,0,0> }
	no_shadow
}
cylinder {
	<40.937294, 52.290455, 54.525299>,  <40.863499, 52.353088, 54.913410>, 0.100000
	pigment { color rgbt <1,0,0,0> }
	no_shadow
}

// particle -1
sphere {
	<40.937294, 52.290455, 54.525299> 0.100000
	pigment { color rgbt <1,0,0,0> }
	no_shadow
}
sphere {
	0, 1
	scale<0.080000,0.200000,0.300000>
	matrix <0.974398, -0.099937, 0.201399,
		-0.128503, -0.982595, 0.134140,
		0.184489, -0.156586, -0.970281,
		40.992641, 52.243481, 54.234215>
	pigment { color rgbt <0,1,1,0> }
	no_shadow
}
cylinder {
	<41.288509, 51.625786, 54.652924>,  <40.863499, 52.353088, 54.913410>, 0.130000
	pigment { color rgbt <1,0,0,0> }
	no_shadow
}

// nucleotide -1

// particle -1
sphere {
	<41.288509, 51.625786, 54.652924> 0.250000
	pigment { color rgbt <1,0,0,0> }
	no_shadow
}
cylinder {
	<41.358280, 51.945633, 54.423080>,  <41.400143, 52.137543, 54.285175>, 0.100000
	pigment { color rgbt <1,0,0,0> }
	no_shadow
}
cylinder {
	<41.358280, 51.945633, 54.423080>,  <41.288509, 51.625786, 54.652924>, 0.100000
	pigment { color rgbt <1,0,0,0> }
	no_shadow
}

// particle -1
sphere {
	<41.358280, 51.945633, 54.423080> 0.100000
	pigment { color rgbt <1,0,0,0> }
	no_shadow
}
sphere {
	0, 1
	scale<0.080000,0.200000,0.300000>
	matrix <0.973844, -0.053797, 0.220757,
		0.145610, -0.598089, -0.788091,
		0.174429, 0.799622, -0.574612,
		41.410610, 52.185520, 54.250698>
	pigment { color rgbt <0,1,1,0> }
	no_shadow
}
cylinder {
	<41.896294, 51.455090, 54.191044>,  <41.288509, 51.625786, 54.652924>, 0.130000
	pigment { color rgbt <1,0,0,0> }
	no_shadow
}

// nucleotide -1

// particle -1
sphere {
	<41.896294, 51.455090, 54.191044> 0.250000
	pigment { color rgbt <1,0,0,0> }
	no_shadow
}
cylinder {
	<41.869785, 51.841248, 54.291935>,  <41.853882, 52.072941, 54.352470>, 0.100000
	pigment { color rgbt <1,0,0,0> }
	no_shadow
}
cylinder {
	<41.869785, 51.841248, 54.291935>,  <41.896294, 51.455090, 54.191044>, 0.100000
	pigment { color rgbt <1,0,0,0> }
	no_shadow
}

// particle -1
sphere {
	<41.869785, 51.841248, 54.291935> 0.100000
	pigment { color rgbt <1,0,0,0> }
	no_shadow
}
sphere {
	0, 1
	scale<0.080000,0.200000,0.300000>
	matrix <0.909832, -0.045320, 0.412496,
		0.409653, 0.256819, -0.875345,
		-0.066266, 0.965396, 0.252228,
		41.849907, 52.130867, 54.367603>
	pigment { color rgbt <0,1,1,0> }
	no_shadow
}
cylinder {
	<42.529232, 51.867455, 54.065758>,  <41.896294, 51.455090, 54.191044>, 0.130000
	pigment { color rgbt <1,0,0,0> }
	no_shadow
}

// nucleotide -1

// particle -1
sphere {
	<42.529232, 51.867455, 54.065758> 0.250000
	pigment { color rgbt <1,0,0,0> }
	no_shadow
}
cylinder {
	<42.318016, 52.050613, 54.351837>,  <42.191288, 52.160507, 54.523483>, 0.100000
	pigment { color rgbt <1,0,0,0> }
	no_shadow
}
cylinder {
	<42.318016, 52.050613, 54.351837>,  <42.529232, 51.867455, 54.065758>, 0.100000
	pigment { color rgbt <1,0,0,0> }
	no_shadow
}

// particle -1
sphere {
	<42.318016, 52.050613, 54.351837> 0.100000
	pigment { color rgbt <1,0,0,0> }
	no_shadow
}
sphere {
	0, 1
	scale<0.080000,0.200000,0.300000>
	matrix <0.811605, 0.024236, 0.583703,
		0.249940, 0.888677, -0.384426,
		-0.528041, 0.457893, 0.715197,
		42.159603, 52.187981, 54.566395>
	pigment { color rgbt <0,1,1,0> }
	no_shadow
}
cylinder {
	<42.763531, 52.598400, 54.218426>,  <42.529232, 51.867455, 54.065758>, 0.130000
	pigment { color rgbt <1,0,0,0> }
	no_shadow
}

// nucleotide -1

// particle -1
sphere {
	<42.763531, 52.598400, 54.218426> 0.250000
	pigment { color rgbt <1,0,0,0> }
	no_shadow
}
cylinder {
	<42.627846, 52.426720, 54.553261>,  <42.546432, 52.323711, 54.754162>, 0.100000
	pigment { color rgbt <1,0,0,0> }
	no_shadow
}
cylinder {
	<42.627846, 52.426720, 54.553261>,  <42.763531, 52.598400, 54.218426>, 0.100000
	pigment { color rgbt <1,0,0,0> }
	no_shadow
}

// particle -1
sphere {
	<42.627846, 52.426720, 54.553261> 0.100000
	pigment { color rgbt <1,0,0,0> }
	no_shadow
}
sphere {
	0, 1
	scale<0.080000,0.200000,0.300000>
	matrix <0.873525, 0.186533, 0.449621,
		-0.349122, 0.883739, 0.311640,
		-0.339217, -0.429198, 0.837091,
		42.526081, 52.297958, 54.804390>
	pigment { color rgbt <0,1,1,0> }
	no_shadow
}
cylinder {
	<42.805241, 53.025684, 54.913021>,  <42.763531, 52.598400, 54.218426>, 0.130000
	pigment { color rgbt <1,0,0,0> }
	no_shadow
}

// nucleotide -1

// particle -1
sphere {
	<42.805241, 53.025684, 54.913021> 0.250000
	pigment { color rgbt <1,0,0,0> }
	no_shadow
}
cylinder {
	<42.847527, 52.630287, 54.956306>,  <42.872898, 52.393051, 54.982277>, 0.100000
	pigment { color rgbt <1,0,0,0> }
	no_shadow
}
cylinder {
	<42.847527, 52.630287, 54.956306>,  <42.805241, 53.025684, 54.913021>, 0.100000
	pigment { color rgbt <1,0,0,0> }
	no_shadow
}

// particle -1
sphere {
	<42.847527, 52.630287, 54.956306> 0.100000
	pigment { color rgbt <1,0,0,0> }
	no_shadow
}
sphere {
	0, 1
	scale<0.080000,0.200000,0.300000>
	matrix <0.861909, 0.145356, 0.485783,
		-0.495922, 0.041918, 0.867355,
		0.105712, -0.988491, 0.108215,
		42.879242, 52.333740, 54.988770>
	pigment { color rgbt <0,1,1,0> }
	no_shadow
}
cylinder {
	<43.190575, 53.035419, 55.539116>,  <42.805241, 53.025684, 54.913021>, 0.130000
	pigment { color rgbt <1,0,0,0> }
	no_shadow
}

// nucleotide -1

// particle -1
sphere {
	<43.190575, 53.035419, 55.539116> 0.250000
	pigment { color rgbt <1,0,0,0> }
	no_shadow
}
cylinder {
	<43.231468, 52.679649, 55.360916>,  <43.256004, 52.466187, 55.253998>, 0.100000
	pigment { color rgbt <1,0,0,0> }
	no_shadow
}
cylinder {
	<43.231468, 52.679649, 55.360916>,  <43.190575, 53.035419, 55.539116>, 0.100000
	pigment { color rgbt <1,0,0,0> }
	no_shadow
}

// particle -1
sphere {
	<43.231468, 52.679649, 55.360916> 0.100000
	pigment { color rgbt <1,0,0,0> }
	no_shadow
}
sphere {
	0, 1
	scale<0.080000,0.200000,0.300000>
	matrix <0.886784, -0.121438, 0.445945,
		-0.450736, -0.440649, 0.776315,
		0.102231, -0.889427, -0.445497,
		43.262138, 52.412823, 55.227268>
	pigment { color rgbt <0,1,1,0> }
	no_shadow
}
cylinder {
	<43.285606, 52.366520, 56.041679>,  <43.190575, 53.035419, 55.539116>, 0.130000
	pigment { color rgbt <1,0,0,0> }
	no_shadow
}

// nucleotide -1

// particle -1
sphere {
	<43.285606, 52.366520, 56.041679> 0.250000
	pigment { color rgbt <1,0,0,0> }
	no_shadow
}
cylinder {
	<43.449692, 52.305134, 55.682083>,  <43.548141, 52.268303, 55.466328>, 0.100000
	pigment { color rgbt <1,0,0,0> }
	no_shadow
}
cylinder {
	<43.449692, 52.305134, 55.682083>,  <43.285606, 52.366520, 56.041679>, 0.100000
	pigment { color rgbt <1,0,0,0> }
	no_shadow
}

// particle -1
sphere {
	<43.449692, 52.305134, 55.682083> 0.100000
	pigment { color rgbt <1,0,0,0> }
	no_shadow
}
sphere {
	0, 1
	scale<0.080000,0.200000,0.300000>
	matrix <0.893446, -0.130153, 0.429900,
		-0.182983, -0.979544, 0.083727,
		0.410209, -0.153470, -0.898986,
		43.572754, 52.259094, 55.412388>
	pigment { color rgbt <0,1,1,0> }
	no_shadow
}
cylinder {
	<43.861805, 51.816517, 56.204472>,  <43.285606, 52.366520, 56.041679>, 0.130000
	pigment { color rgbt <1,0,0,0> }
	no_shadow
}

// nucleotide -1

// particle -1
sphere {
	<43.861805, 51.816517, 56.204472> 0.250000
	pigment { color rgbt <1,0,0,0> }
	no_shadow
}
cylinder {
	<43.945312, 52.045998, 55.887665>,  <43.995415, 52.183685, 55.697582>, 0.100000
	pigment { color rgbt <1,0,0,0> }
	no_shadow
}
cylinder {
	<43.945312, 52.045998, 55.887665>,  <43.861805, 51.816517, 56.204472>, 0.100000
	pigment { color rgbt <1,0,0,0> }
	no_shadow
}

// particle -1
sphere {
	<43.945312, 52.045998, 55.887665> 0.100000
	pigment { color rgbt <1,0,0,0> }
	no_shadow
}
sphere {
	0, 1
	scale<0.080000,0.200000,0.300000>
	matrix <0.924640, 0.147980, 0.350916,
		0.318523, -0.805586, -0.499574,
		0.208766, 0.573701, -0.792013,
		44.007942, 52.218109, 55.650063>
	pigment { color rgbt <0,1,1,0> }
	no_shadow
}
cylinder {
	<44.371780, 51.483273, 55.719833>,  <43.861805, 51.816517, 56.204472>, 0.130000
	pigment { color rgbt <1,0,0,0> }
	no_shadow
}

// nucleotide -1

// particle -1
sphere {
	<44.371780, 51.483273, 55.719833> 0.250000
	pigment { color rgbt <1,0,0,0> }
	no_shadow
}
cylinder {
	<44.345119, 51.879974, 55.763618>,  <44.329124, 52.117996, 55.789890>, 0.100000
	pigment { color rgbt <1,0,0,0> }
	no_shadow
}
cylinder {
	<44.345119, 51.879974, 55.763618>,  <44.371780, 51.483273, 55.719833>, 0.100000
	pigment { color rgbt <1,0,0,0> }
	no_shadow
}

// particle -1
sphere {
	<44.345119, 51.879974, 55.763618> 0.100000
	pigment { color rgbt <1,0,0,0> }
	no_shadow
}
sphere {
	0, 1
	scale<0.080000,0.200000,0.300000>
	matrix <0.942777, 0.026674, 0.332356,
		0.326696, 0.125352, -0.936780,
		-0.066650, 0.991754, 0.109465,
		44.325123, 52.177502, 55.796459>
	pigment { color rgbt <0,1,1,0> }
	no_shadow
}
cylinder {
	<44.777283, 51.705921, 55.195534>,  <44.371780, 51.483273, 55.719833>, 0.130000
	pigment { color rgbt <1,0,0,0> }
	no_shadow
}

// nucleotide -1

// particle -1
sphere {
	<44.777283, 51.705921, 55.195534> 0.250000
	pigment { color rgbt <1,0,0,0> }
	no_shadow
}
cylinder {
	<44.750881, 51.935444, 55.522064>,  <44.735043, 52.073158, 55.717983>, 0.100000
	pigment { color rgbt <1,0,0,0> }
	no_shadow
}
cylinder {
	<44.750881, 51.935444, 55.522064>,  <44.777283, 51.705921, 55.195534>, 0.100000
	pigment { color rgbt <1,0,0,0> }
	no_shadow
}

// particle -1
sphere {
	<44.750881, 51.935444, 55.522064> 0.100000
	pigment { color rgbt <1,0,0,0> }
	no_shadow
}
sphere {
	0, 1
	scale<0.080000,0.200000,0.300000>
	matrix <0.993720, 0.111882, 0.001698,
		-0.090358, 0.811312, -0.577589,
		-0.066000, 0.573808, 0.816326,
		44.731083, 52.107586, 55.766960>
	pigment { color rgbt <0,1,1,0> }
	no_shadow
}
cylinder {
	<45.215691, 52.346413, 55.070786>,  <44.777283, 51.705921, 55.195534>, 0.130000
	pigment { color rgbt <1,0,0,0> }
	no_shadow
}

// nucleotide -1

// particle -1
sphere {
	<45.215691, 52.346413, 55.070786> 0.250000
	pigment { color rgbt <1,0,0,0> }
	no_shadow
}
cylinder {
	<45.185204, 52.272427, 55.462700>,  <45.166912, 52.228035, 55.697849>, 0.100000
	pigment { color rgbt <1,0,0,0> }
	no_shadow
}
cylinder {
	<45.185204, 52.272427, 55.462700>,  <45.215691, 52.346413, 55.070786>, 0.100000
	pigment { color rgbt <1,0,0,0> }
	no_shadow
}

// particle -1
sphere {
	<45.185204, 52.272427, 55.462700> 0.100000
	pigment { color rgbt <1,0,0,0> }
	no_shadow
}
sphere {
	0, 1
	scale<0.080000,0.200000,0.300000>
	matrix <0.985513, 0.135334, 0.102216,
		-0.151505, 0.973381, 0.171973,
		-0.076222, -0.184968, 0.979784,
		45.162338, 52.216934, 55.756634>
	pigment { color rgbt <0,1,1,0> }
	no_shadow
}
cylinder {
	<45.425556, 52.980118, 55.437416>,  <45.215691, 52.346413, 55.070786>, 0.130000
	pigment { color rgbt <1,0,0,0> }
	no_shadow
}

// nucleotide -1

// particle -1
sphere {
	<45.425556, 52.980118, 55.437416> 0.250000
	pigment { color rgbt <1,0,0,0> }
	no_shadow
}
cylinder {
	<45.490971, 52.623398, 55.606148>,  <45.530220, 52.409367, 55.707386>, 0.100000
	pigment { color rgbt <1,0,0,0> }
	no_shadow
}
cylinder {
	<45.490971, 52.623398, 55.606148>,  <45.425556, 52.980118, 55.437416>, 0.100000
	pigment { color rgbt <1,0,0,0> }
	no_shadow
}

// particle -1
sphere {
	<45.490971, 52.623398, 55.606148> 0.100000
	pigment { color rgbt <1,0,0,0> }
	no_shadow
}
sphere {
	0, 1
	scale<0.080000,0.200000,0.300000>
	matrix <0.956070, 0.248708, 0.155157,
		-0.243283, 0.377929, 0.893299,
		0.163533, -0.891804, 0.421833,
		45.540031, 52.355858, 55.732697>
	pigment { color rgbt <0,1,1,0> }
	no_shadow
}
cylinder {
	<45.679127, 53.100082, 56.214409>,  <45.425556, 52.980118, 55.437416>, 0.130000
	pigment { color rgbt <1,0,0,0> }
	no_shadow
}

// nucleotide -1

// particle -1
sphere {
	<45.679127, 53.100082, 56.214409> 0.250000
	pigment { color rgbt <1,0,0,0> }
	no_shadow
}
cylinder {
	<45.817116, 52.774315, 56.027771>,  <45.899910, 52.578854, 55.915787>, 0.100000
	pigment { color rgbt <1,0,0,0> }
	no_shadow
}
cylinder {
	<45.817116, 52.774315, 56.027771>,  <45.679127, 53.100082, 56.214409>, 0.100000
	pigment { color rgbt <1,0,0,0> }
	no_shadow
}

// particle -1
sphere {
	<45.817116, 52.774315, 56.027771> 0.100000
	pigment { color rgbt <1,0,0,0> }
	no_shadow
}
sphere {
	0, 1
	scale<0.080000,0.200000,0.300000>
	matrix <0.929591, 0.365207, 0.049842,
		0.129811, -0.450938, 0.883065,
		0.344977, -0.814419, -0.466596,
		45.920609, 52.529987, 55.887791>
	pigment { color rgbt <0,1,1,0> }
	no_shadow
}
cylinder {
	<46.202679, 52.618324, 56.521454>,  <45.679127, 53.100082, 56.214409>, 0.130000
	pigment { color rgbt <1,0,0,0> }
	no_shadow
}

// nucleotide -1

// particle -1
sphere {
	<46.202679, 52.618324, 56.521454> 0.250000
	pigment { color rgbt <1,0,0,0> }
	no_shadow
}
cylinder {
	<46.283226, 52.575554, 56.131989>,  <46.331554, 52.549892, 55.898308>, 0.100000
	pigment { color rgbt <1,0,0,0> }
	no_shadow
}
cylinder {
	<46.283226, 52.575554, 56.131989>,  <46.202679, 52.618324, 56.521454>, 0.100000
	pigment { color rgbt <1,0,0,0> }
	no_shadow
}

// particle -1
sphere {
	<46.283226, 52.575554, 56.131989> 0.100000
	pigment { color rgbt <1,0,0,0> }
	no_shadow
}
sphere {
	0, 1
	scale<0.080000,0.200000,0.300000>
	matrix <0.959462, 0.221644, 0.174086,
		0.197191, -0.969247, 0.147225,
		0.201364, -0.106928, -0.973663,
		46.343636, 52.543476, 55.839890>
	pigment { color rgbt <0,1,1,0> }
	no_shadow
}
cylinder {
	<46.730583, 52.078396, 56.113598>,  <46.202679, 52.618324, 56.521454>, 0.130000
	pigment { color rgbt <1,0,0,0> }
	no_shadow
}

// nucleotide -1

// particle -1
sphere {
	<46.730583, 52.078396, 56.113598> 0.250000
	pigment { color rgbt <1,0,0,0> }
	no_shadow
}
cylinder {
	<46.701660, 52.449539, 55.967255>,  <46.684307, 52.672226, 55.879448>, 0.100000
	pigment { color rgbt <1,0,0,0> }
	no_shadow
}
cylinder {
	<46.701660, 52.449539, 55.967255>,  <46.730583, 52.078396, 56.113598>, 0.100000
	pigment { color rgbt <1,0,0,0> }
	no_shadow
}

// particle -1
sphere {
	<46.701660, 52.449539, 55.967255> 0.100000
	pigment { color rgbt <1,0,0,0> }
	no_shadow
}
sphere {
	0, 1
	scale<0.080000,0.200000,0.300000>
	matrix <0.991756, 0.105794, 0.072305,
		0.105794, -0.357613, -0.927858,
		-0.072305, 0.927858, -0.365857,
		46.679970, 52.727898, 55.857498>
	pigment { color rgbt <0,1,1,0> }
	no_shadow
}
cylinder {
	<47.174129, 52.095322, 55.541828>,  <46.730583, 52.078396, 56.113598>, 0.130000
	pigment { color rgbt <1,0,0,0> }
	no_shadow
}

// nucleotide -1

// particle -1
sphere {
	<47.174129, 52.095322, 55.541828> 0.250000
	pigment { color rgbt <1,0,0,0> }
	no_shadow
}
cylinder {
	<47.127728, 52.463860, 55.690239>,  <47.099888, 52.684982, 55.779285>, 0.100000
	pigment { color rgbt <1,0,0,0> }
	no_shadow
}
cylinder {
	<47.127728, 52.463860, 55.690239>,  <47.174129, 52.095322, 55.541828>, 0.100000
	pigment { color rgbt <1,0,0,0> }
	no_shadow
}

// particle -1
sphere {
	<47.127728, 52.463860, 55.690239> 0.100000
	pigment { color rgbt <1,0,0,0> }
	no_shadow
}
sphere {
	0, 1
	scale<0.080000,0.200000,0.300000>
	matrix <0.989777, 0.076022, 0.120677,
		0.082979, 0.381230, -0.920749,
		-0.116003, 0.921349, 0.371024,
		47.092926, 52.740265, 55.801548>
	pigment { color rgbt <0,1,1,0> }
	no_shadow
}
cylinder {
	<47.591259, 52.559921, 55.129948>,  <47.174129, 52.095322, 55.541828>, 0.130000
	pigment { color rgbt <1,0,0,0> }
	no_shadow
}

// nucleotide -1

// particle -1
sphere {
	<47.591259, 52.559921, 55.129948> 0.250000
	pigment { color rgbt <1,0,0,0> }
	no_shadow
}
cylinder {
	<47.552700, 52.658890, 55.515587>,  <47.529564, 52.718273, 55.746971>, 0.100000
	pigment { color rgbt <1,0,0,0> }
	no_shadow
}
cylinder {
	<47.552700, 52.658890, 55.515587>,  <47.591259, 52.559921, 55.129948>, 0.100000
	pigment { color rgbt <1,0,0,0> }
	no_shadow
}

// particle -1
sphere {
	<47.552700, 52.658890, 55.515587> 0.100000
	pigment { color rgbt <1,0,0,0> }
	no_shadow
}
sphere {
	0, 1
	scale<0.080000,0.200000,0.300000>
	matrix <0.994503, -0.015839, 0.103505,
		0.040880, 0.968778, -0.244538,
		-0.096400, 0.247425, 0.964100,
		47.523781, 52.733116, 55.804817>
	pigment { color rgbt <0,1,1,0> }
	no_shadow
}
cylinder {
	<48.035866, 53.124798, 55.142799>,  <47.591259, 52.559921, 55.129948>, 0.130000
	pigment { color rgbt <1,0,0,0> }
	no_shadow
}

// nucleotide -1

// particle -1
sphere {
	<48.035866, 53.124798, 55.142799> 0.250000
	pigment { color rgbt <1,0,0,0> }
	no_shadow
}
cylinder {
	<48.045525, 52.915325, 55.483429>,  <48.051319, 52.789642, 55.687805>, 0.100000
	pigment { color rgbt <1,0,0,0> }
	no_shadow
}
cylinder {
	<48.045525, 52.915325, 55.483429>,  <48.035866, 53.124798, 55.142799>, 0.100000
	pigment { color rgbt <1,0,0,0> }
	no_shadow
}

// particle -1
sphere {
	<48.045525, 52.915325, 55.483429> 0.100000
	pigment { color rgbt <1,0,0,0> }
	no_shadow
}
sphere {
	0, 1
	scale<0.080000,0.200000,0.300000>
	matrix <0.996763, 0.077945, 0.019674,
		-0.076679, 0.848342, 0.523866,
		0.024142, -0.523679, 0.851573,
		48.052769, 52.758221, 55.738899>
	pigment { color rgbt <0,1,1,0> }
	no_shadow
}
cylinder {
	<48.659286, 53.402611, 55.317577>,  <48.035866, 53.124798, 55.142799>, 0.130000
	pigment { color rgbt <1,0,0,0> }
	no_shadow
}

// nucleotide -1

// particle -1
sphere {
	<48.659286, 53.402611, 55.317577> 0.250000
	pigment { color rgbt <1,0,0,0> }
	no_shadow
}
cylinder {
	<48.610901, 53.164429, 55.635269>,  <48.581867, 53.021519, 55.825886>, 0.100000
	pigment { color rgbt <1,0,0,0> }
	no_shadow
}
cylinder {
	<48.610901, 53.164429, 55.635269>,  <48.659286, 53.402611, 55.317577>, 0.100000
	pigment { color rgbt <1,0,0,0> }
	no_shadow
}

// particle -1
sphere {
	<48.610901, 53.164429, 55.635269> 0.100000
	pigment { color rgbt <1,0,0,0> }
	no_shadow
}
sphere {
	0, 1
	scale<0.080000,0.200000,0.300000>
	matrix <0.912946, 0.247404, 0.324532,
		-0.389739, 0.764349, 0.513687,
		-0.120968, -0.595451, 0.794232,
		48.574612, 52.985794, 55.873539>
	pigment { color rgbt <0,1,1,0> }
	no_shadow
}
cylinder {
	<48.634045, 53.778084, 56.045418>,  <48.659286, 53.402611, 55.317577>, 0.130000
	pigment { color rgbt <1,0,0,0> }
	no_shadow
}

// nucleotide -1

// particle -1
sphere {
	<48.634045, 53.778084, 56.045418> 0.250000
	pigment { color rgbt <1,0,0,0> }
	no_shadow
}
cylinder {
	<48.800621, 53.417290, 55.999809>,  <48.900566, 53.200813, 55.972443>, 0.100000
	pigment { color rgbt <1,0,0,0> }
	no_shadow
}
cylinder {
	<48.800621, 53.417290, 55.999809>,  <48.634045, 53.778084, 56.045418>, 0.100000
	pigment { color rgbt <1,0,0,0> }
	no_shadow
}

// particle -1
sphere {
	<48.800621, 53.417290, 55.999809> 0.100000
	pigment { color rgbt <1,0,0,0> }
	no_shadow
}
sphere {
	0, 1
	scale<0.080000,0.200000,0.300000>
	matrix <0.837327, 0.331646, 0.434621,
		-0.354205, -0.276470, 0.893366,
		0.416441, -0.901984, -0.114025,
		48.925552, 53.146694, 55.965603>
	pigment { color rgbt <0,1,1,0> }
	no_shadow
}
cylinder {
	<48.751595, 53.300747, 56.652931>,  <48.634045, 53.778084, 56.045418>, 0.130000
	pigment { color rgbt <1,0,0,0> }
	no_shadow
}

// nucleotide -1

// particle -1
sphere {
	<48.751595, 53.300747, 56.652931> 0.250000
	pigment { color rgbt <1,0,0,0> }
	no_shadow
}
cylinder {
	<49.026917, 53.256531, 56.366150>,  <49.192108, 53.230000, 56.194080>, 0.100000
	pigment { color rgbt <1,0,0,0> }
	no_shadow
}
cylinder {
	<49.026917, 53.256531, 56.366150>,  <48.751595, 53.300747, 56.652931>, 0.100000
	pigment { color rgbt <1,0,0,0> }
	no_shadow
}

// particle -1
sphere {
	<49.026917, 53.256531, 56.366150> 0.100000
	pigment { color rgbt <1,0,0,0> }
	no_shadow
}
sphere {
	0, 1
	scale<0.080000,0.200000,0.300000>
	matrix <0.710712, 0.300780, 0.635940,
		0.145347, -0.947266, 0.285591,
		0.688304, -0.110541, -0.716951,
		49.233406, 53.223370, 56.151066>
	pigment { color rgbt <0,1,1,0> }
	no_shadow
}
cylinder {
	<49.368401, 52.874931, 56.953178>,  <48.751595, 53.300747, 56.652931>, 0.130000
	pigment { color rgbt <1,0,0,0> }
	no_shadow
}

// nucleotide -1

// particle -1
sphere {
	<49.368401, 52.874931, 56.953178> 0.250000
	pigment { color rgbt <1,0,0,0> }
	no_shadow
}
cylinder {
	<49.479576, 53.141239, 56.676193>,  <49.546280, 53.301022, 56.510002>, 0.100000
	pigment { color rgbt <1,0,0,0> }
	no_shadow
}
cylinder {
	<49.479576, 53.141239, 56.676193>,  <49.368401, 52.874931, 56.953178>, 0.100000
	pigment { color rgbt <1,0,0,0> }
	no_shadow
}

// particle -1
sphere {
	<49.479576, 53.141239, 56.676193> 0.100000
	pigment { color rgbt <1,0,0,0> }
	no_shadow
}
sphere {
	0, 1
	scale<0.080000,0.200000,0.300000>
	matrix <0.637347, 0.411533, 0.651482,
		0.718707, -0.622411, -0.309944,
		0.277937, 0.665766, -0.692464,
		49.562958, 53.340969, 56.468452>
	pigment { color rgbt <0,1,1,0> }
	no_shadow
}
cylinder {
	<50.068188, 52.940784, 56.771332>,  <49.368401, 52.874931, 56.953178>, 0.130000
	pigment { color rgbt <1,0,0,0> }
	no_shadow
}

// nucleotide -1

// particle -1
sphere {
	<50.068188, 52.940784, 56.771332> 0.250000
	pigment { color rgbt <1,0,0,0> }
	no_shadow
}
cylinder {
	<49.906845, 53.304123, 56.727135>,  <49.810040, 53.522125, 56.700615>, 0.100000
	pigment { color rgbt <1,0,0,0> }
	no_shadow
}
cylinder {
	<49.906845, 53.304123, 56.727135>,  <50.068188, 52.940784, 56.771332>, 0.100000
	pigment { color rgbt <1,0,0,0> }
	no_shadow
}

// particle -1
sphere {
	<49.906845, 53.304123, 56.727135> 0.100000
	pigment { color rgbt <1,0,0,0> }
	no_shadow
}
sphere {
	0, 1
	scale<0.080000,0.200000,0.300000>
	matrix <0.716182, 0.388548, 0.579754,
		0.569551, 0.154711, -0.807265,
		-0.403355, 0.908348, -0.110496,
		49.785839, 53.576626, 56.693985>
	pigment { color rgbt <0,1,1,0> }
	no_shadow
}
cylinder {
	<50.598148, 53.405224, 56.651276>,  <50.068188, 52.940784, 56.771332>, 0.130000
	pigment { color rgbt <1,0,0,0> }
	no_shadow
}

// nucleotide -1

// particle -1
sphere {
	<50.598148, 53.405224, 56.651276> 0.250000
	pigment { color rgbt <1,0,0,0> }
	no_shadow
}
cylinder {
	<50.305389, 53.651325, 56.768433>,  <50.129734, 53.798985, 56.838726>, 0.100000
	pigment { color rgbt <1,0,0,0> }
	no_shadow
}
cylinder {
	<50.305389, 53.651325, 56.768433>,  <50.598148, 53.405224, 56.651276>, 0.100000
	pigment { color rgbt <1,0,0,0> }
	no_shadow
}

// particle -1
sphere {
	<50.305389, 53.651325, 56.768433> 0.100000
	pigment { color rgbt <1,0,0,0> }
	no_shadow
}
sphere {
	0, 1
	scale<0.080000,0.200000,0.300000>
	matrix <0.647915, 0.495245, 0.578738,
		0.211019, 0.613346, -0.761103,
		-0.731899, 0.615255, 0.292891,
		50.085819, 53.835903, 56.856300>
	pigment { color rgbt <0,1,1,0> }
	no_shadow
}
cylinder {
	<51.296196, 53.474689, 56.464935>,  <50.598148, 53.405224, 56.651276>, 0.130000
	pigment { color rgbt <1,0,0,0> }
	no_shadow
}

// nucleotide -1

// particle -1
sphere {
	<51.296196, 53.474689, 56.464935> 0.250000
	pigment { color rgbt <1,0,0,0> }
	no_shadow
}
cylinder {
	<51.330875, 53.854073, 56.343002>,  <51.351681, 54.081703, 56.269844>, 0.100000
	pigment { color rgbt <1,0,0,0> }
	no_shadow
}
cylinder {
	<51.330875, 53.854073, 56.343002>,  <51.296196, 53.474689, 56.464935>, 0.100000
	pigment { color rgbt <1,0,0,0> }
	no_shadow
}

// particle -1
sphere {
	<51.330875, 53.854073, 56.343002> 0.100000
	pigment { color rgbt <1,0,0,0> }
	no_shadow
}
sphere {
	0, 1
	scale<0.080000,0.200000,0.300000>
	matrix <0.791438, -0.251409, -0.557153,
		-0.605070, -0.192952, -0.772438,
		0.086694, 0.948453, -0.304830,
		51.356884, 54.138607, 56.251553>
	pigment { color rgbt <0,1,1,0> }
	no_shadow
}
cylinder {
	<51.415443, 53.496120, 55.668537>,  <51.296196, 53.474689, 56.464935>, 0.130000
	pigment { color rgbt <1,0,0,0> }
	no_shadow
}

// nucleotide -1

// particle -1
sphere {
	<51.415443, 53.496120, 55.668537> 0.250000
	pigment { color rgbt <1,0,0,0> }
	no_shadow
}
cylinder {
	<51.570911, 53.814705, 55.853828>,  <51.664192, 54.005856, 55.965004>, 0.100000
	pigment { color rgbt <1,0,0,0> }
	no_shadow
}
cylinder {
	<51.570911, 53.814705, 55.853828>,  <51.415443, 53.496120, 55.668537>, 0.100000
	pigment { color rgbt <1,0,0,0> }
	no_shadow
}

// particle -1
sphere {
	<51.570911, 53.814705, 55.853828> 0.100000
	pigment { color rgbt <1,0,0,0> }
	no_shadow
}
sphere {
	0, 1
	scale<0.080000,0.200000,0.300000>
	matrix <0.899017, -0.217745, -0.379942,
		-0.201745, 0.564120, -0.800667,
		0.388674, 0.796465, 0.463224,
		51.687515, 54.053646, 55.992794>
	pigment { color rgbt <0,1,1,0> }
	no_shadow
}
cylinder {
	<51.651806, 54.115818, 55.232960>,  <51.415443, 53.496120, 55.668537>, 0.130000
	pigment { color rgbt <1,0,0,0> }
	no_shadow
}

// nucleotide -1

// particle -1
sphere {
	<51.651806, 54.115818, 55.232960> 0.250000
	pigment { color rgbt <1,0,0,0> }
	no_shadow
}
cylinder {
	<51.861290, 54.019932, 55.559952>,  <51.986980, 53.962402, 55.756145>, 0.100000
	pigment { color rgbt <1,0,0,0> }
	no_shadow
}
cylinder {
	<51.861290, 54.019932, 55.559952>,  <51.651806, 54.115818, 55.232960>, 0.100000
	pigment { color rgbt <1,0,0,0> }
	no_shadow
}

// particle -1
sphere {
	<51.861290, 54.019932, 55.559952> 0.100000
	pigment { color rgbt <1,0,0,0> }
	no_shadow
}
sphere {
	0, 1
	scale<0.080000,0.200000,0.300000>
	matrix <0.745498, -0.335423, -0.575955,
		0.412264, 0.911059, 0.003042,
