// switches for output
#declare DRAW_BASES = 1; // possible values are 0, 1; only relevant for DNA ribbons
#declare DRAW_BASES_TYPE = 3; // possible values are 1, 2, 3; only relevant for DNA ribbons
#declare DRAW_FOG = 0; // set to 1 to enable fog

#include "colors.inc"

#include "transforms.inc"
background { rgb <1, 1, 1>}

#default {
   normal{
       ripples 0.25
       frequency 0.20
       turbulence 0.2
       lambda 5
   }
	finish {
		phong 0.1
		phong_size 40.
	}
}

// original window dimensions: 1024x640


// camera settings

camera {
	sky <-0, 1, 0>
	up <-0, 1, 0>
	right 1.6 * <0.99995, 0, 0.00999983>
	location <54.4867, 55, 106.329>
	look_at <55, 55, 55.0001>
	direction <0.513302, 0, -51.3289>
	angle 67.0682
}


# declare cpy_camera_pos = <54.4867, 55, 106.329>;
# if (DRAW_FOG = 1)
fog {
	fog_type 2
	up vnormalize(cpy_camera_pos)
	color rgbt<1,1,1,0.3>
	distance 1e-5
	fog_alt 3e-3
	fog_offset 88
}
# end


// LIGHTS

# declare lum = 6;
global_settings {
	ambient_light rgb lum * <0.05, 0.05, 0.05>
	max_trace_level 15
}# declare cpy_direct_light_amount = 0.25;
light_source
{	1000 * <-0.98995, -1, 1.00995>,
	rgb lum * cpy_direct_light_amount
	parallel
}

light_source
{	1000 * <0.98995, 1, -1.00995>,
	rgb lum * cpy_direct_light_amount
	parallel
}

// strand 0

// nucleotide -1

// particle -1
sphere {
	<36.835167, 53.270679, 49.525928> 0.250000
	pigment { color rgbt <1,0,0,0> }
	no_shadow
}
cylinder {
	<36.885628, 52.874054, 49.513966>,  <36.915905, 52.636078, 49.506786>, 0.100000
	pigment { color rgbt <1,0,0,0> }
	no_shadow
}
cylinder {
	<36.885628, 52.874054, 49.513966>,  <36.835167, 53.270679, 49.525928>, 0.100000
	pigment { color rgbt <1,0,0,0> }
	no_shadow
}

// particle -1
sphere {
	<36.885628, 52.874054, 49.513966> 0.100000
	pigment { color rgbt <1,0,0,0> }
	no_shadow
}
sphere {
	0, 1
	scale<0.080000,0.200000,0.300000>
	matrix <0.985698, 0.128686, -0.108809,
		0.111740, -0.015757, 0.993613,
		0.126149, -0.991560, -0.029911,
		36.923473, 52.576588, 49.504993>
	pigment { color rgbt <0,1,1,0> }
	no_shadow
}
cylinder {
	<37.327923, 53.032539, 50.067009>,  <36.835167, 53.270679, 49.525928>, 0.130000
	pigment { color rgbt <1,0,0,0> }
	no_shadow
}

// nucleotide -1

// particle -1
sphere {
	<37.327923, 53.032539, 50.067009> 0.250000
	pigment { color rgbt <1,0,0,0> }
	no_shadow
}
cylinder {
	<37.326283, 52.771484, 49.763947>,  <37.325298, 52.614849, 49.582108>, 0.100000
	pigment { color rgbt <1,0,0,0> }
	no_shadow
}
cylinder {
	<37.326283, 52.771484, 49.763947>,  <37.327923, 53.032539, 50.067009>, 0.100000
	pigment { color rgbt <1,0,0,0> }
	no_shadow
}

// particle -1
sphere {
	<37.326283, 52.771484, 49.763947> 0.100000
	pigment { color rgbt <1,0,0,0> }
	no_shadow
}
sphere {
	0, 1
	scale<0.080000,0.200000,0.300000>
	matrix <0.991107, 0.098123, -0.089883,
		0.133005, -0.751286, 0.646435,
		-0.004098, -0.652641, -0.757656,
		37.325054, 52.575691, 49.536648>
	pigment { color rgbt <0,1,1,0> }
	no_shadow
}
cylinder {
	<37.846058, 52.449181, 50.215832>,  <37.327923, 53.032539, 50.067009>, 0.130000
	pigment { color rgbt <1,0,0,0> }
	no_shadow
}

// nucleotide -1

// particle -1
sphere {
	<37.846058, 52.449181, 50.215832> 0.250000
	pigment { color rgbt <1,0,0,0> }
	no_shadow
}
cylinder {
	<37.780994, 52.532593, 49.830074>,  <37.741959, 52.582638, 49.598618>, 0.100000
	pigment { color rgbt <1,0,0,0> }
	no_shadow
}
cylinder {
	<37.780994, 52.532593, 49.830074>,  <37.846058, 52.449181, 50.215832>, 0.100000
	pigment { color rgbt <1,0,0,0> }
	no_shadow
}

// particle -1
sphere {
	<37.780994, 52.532593, 49.830074> 0.100000
	pigment { color rgbt <1,0,0,0> }
	no_shadow
}
sphere {
	0, 1
	scale<0.080000,0.200000,0.300000>
	matrix <0.979159, 0.154590, -0.131718,
		0.121620, -0.965722, -0.229325,
		-0.162654, 0.208527, -0.964396,
		37.732197, 52.595150, 49.540756>
	pigment { color rgbt <0,1,1,0> }
	no_shadow
}
cylinder {
	<38.123257, 51.953354, 49.744377>,  <37.846058, 52.449181, 50.215832>, 0.130000
	pigment { color rgbt <1,0,0,0> }
	no_shadow
}

// nucleotide -1

// particle -1
sphere {
	<38.123257, 51.953354, 49.744377> 0.250000
	pigment { color rgbt <1,0,0,0> }
	no_shadow
}
cylinder {
	<38.119766, 52.332161, 49.615952>,  <38.117672, 52.559444, 49.538895>, 0.100000
	pigment { color rgbt <1,0,0,0> }
	no_shadow
}
cylinder {
	<38.119766, 52.332161, 49.615952>,  <38.123257, 51.953354, 49.744377>, 0.100000
	pigment { color rgbt <1,0,0,0> }
	no_shadow
}

// particle -1
sphere {
	<38.119766, 52.332161, 49.615952> 0.100000
	pigment { color rgbt <1,0,0,0> }
	no_shadow
}
sphere {
	0, 1
	scale<0.080000,0.200000,0.300000>
	matrix <0.997483, 0.030838, 0.063854,
		0.070372, -0.319700, -0.944902,
		-0.008725, 0.947017, -0.321065,
		38.117149, 52.616264, 49.519630>
	pigment { color rgbt <0,1,1,0> }
	no_shadow
}
cylinder {
	<38.763233, 52.090805, 49.242641>,  <38.123257, 51.953354, 49.744377>, 0.130000
	pigment { color rgbt <1,0,0,0> }
	no_shadow
}

// nucleotide -1

// particle -1
sphere {
	<38.763233, 52.090805, 49.242641> 0.250000
	pigment { color rgbt <1,0,0,0> }
	no_shadow
}
cylinder {
	<38.649143, 52.452450, 49.369904>,  <38.580688, 52.669437, 49.446262>, 0.100000
	pigment { color rgbt <1,0,0,0> }
	no_shadow
}
cylinder {
	<38.649143, 52.452450, 49.369904>,  <38.763233, 52.090805, 49.242641>, 0.100000
	pigment { color rgbt <1,0,0,0> }
	no_shadow
}

// particle -1
sphere {
	<38.649143, 52.452450, 49.369904> 0.100000
	pigment { color rgbt <1,0,0,0> }
	no_shadow
}
sphere {
	0, 1
	scale<0.080000,0.200000,0.300000>
	matrix <0.958007, 0.258694, 0.123692,
		0.029527, 0.340077, -0.939934,
		-0.285220, 0.904116, 0.318157,
		38.563576, 52.723686, 49.465351>
	pigment { color rgbt <0,1,1,0> }
	no_shadow
}
cylinder {
	<39.128365, 52.572433, 48.794041>,  <38.763233, 52.090805, 49.242641>, 0.130000
	pigment { color rgbt <1,0,0,0> }
	no_shadow
}

// nucleotide -1

// particle -1
sphere {
	<39.128365, 52.572433, 48.794041> 0.250000
	pigment { color rgbt <1,0,0,0> }
	no_shadow
}
cylinder {
	<39.064335, 52.704018, 49.166313>,  <39.025917, 52.782967, 49.389675>, 0.100000
	pigment { color rgbt <1,0,0,0> }
	no_shadow
}
cylinder {
	<39.064335, 52.704018, 49.166313>,  <39.128365, 52.572433, 48.794041>, 0.100000
	pigment { color rgbt <1,0,0,0> }
	no_shadow
}

// particle -1
sphere {
	<39.064335, 52.704018, 49.166313> 0.100000
	pigment { color rgbt <1,0,0,0> }
	no_shadow
}
sphere {
	0, 1
	scale<0.080000,0.200000,0.300000>
	matrix <0.984711, 0.118837, 0.127363,
		-0.068702, 0.936837, -0.342951,
		-0.160074, 0.328958, 0.930679,
		39.016312, 52.802704, 49.445518>
	pigment { color rgbt <0,1,1,0> }
	no_shadow
}
cylinder {
	<39.211887, 53.287453, 48.756191>,  <39.128365, 52.572433, 48.794041>, 0.130000
	pigment { color rgbt <1,0,0,0> }
	no_shadow
}

// nucleotide -1

// particle -1
sphere {
	<39.211887, 53.287453, 48.756191> 0.250000
	pigment { color rgbt <1,0,0,0> }
	no_shadow
}
cylinder {
	<39.297413, 53.107899, 49.103245>,  <39.348728, 53.000168, 49.311478>, 0.100000
	pigment { color rgbt <1,0,0,0> }
	no_shadow
}
cylinder {
	<39.297413, 53.107899, 49.103245>,  <39.211887, 53.287453, 48.756191>, 0.100000
	pigment { color rgbt <1,0,0,0> }
	no_shadow
}

// particle -1
sphere {
	<39.297413, 53.107899, 49.103245> 0.100000
	pigment { color rgbt <1,0,0,0> }
	no_shadow
}
sphere {
	0, 1
	scale<0.080000,0.200000,0.300000>
	matrix <0.924535, 0.379806, -0.031341,
		-0.315464, 0.808857, 0.496218,
		0.213817, -0.448884, 0.867632,
		39.361557, 52.973232, 49.363533>
	pigment { color rgbt <0,1,1,0> }
	no_shadow
}
cylinder {
	<39.350937, 53.827583, 49.112900>,  <39.211887, 53.287453, 48.756191>, 0.130000
	pigment { color rgbt <1,0,0,0> }
	no_shadow
}

// nucleotide -1

// particle -1
sphere {
	<39.350937, 53.827583, 49.112900> 0.250000
	pigment { color rgbt <1,0,0,0> }
	no_shadow
}
cylinder {
	<39.622261, 53.543365, 49.187752>,  <39.785057, 53.372833, 49.232662>, 0.100000
	pigment { color rgbt <1,0,0,0> }
	no_shadow
}
cylinder {
	<39.622261, 53.543365, 49.187752>,  <39.350937, 53.827583, 49.112900>, 0.100000
	pigment { color rgbt <1,0,0,0> }
	no_shadow
}

// particle -1
sphere {
	<39.622261, 53.543365, 49.187752> 0.100000
	pigment { color rgbt <1,0,0,0> }
	no_shadow
}
sphere {
	0, 1
	scale<0.080000,0.200000,0.300000>
	matrix <0.724014, 0.602918, -0.335101,
		0.125282, 0.362787, 0.923412,
		0.678312, -0.710546, 0.187128,
		39.825756, 53.330200, 49.243889>
	pigment { color rgbt <0,1,1,0> }
	no_shadow
}
cylinder {
	<39.798550, 54.120419, 49.645271>,  <39.350937, 53.827583, 49.112900>, 0.130000
	pigment { color rgbt <1,0,0,0> }
	no_shadow
}

// nucleotide -1

// particle -1
sphere {
	<39.798550, 54.120419, 49.645271> 0.250000
	pigment { color rgbt <1,0,0,0> }
	no_shadow
}
cylinder {
	<39.959156, 53.853420, 49.394440>,  <40.055519, 53.693222, 49.243942>, 0.100000
	pigment { color rgbt <1,0,0,0> }
	no_shadow
}
cylinder {
	<39.959156, 53.853420, 49.394440>,  <39.798550, 54.120419, 49.645271>, 0.100000
	pigment { color rgbt <1,0,0,0> }
	no_shadow
}

// particle -1
sphere {
	<39.959156, 53.853420, 49.394440> 0.100000
	pigment { color rgbt <1,0,0,0> }
	no_shadow
}
sphere {
	0, 1
	scale<0.080000,0.200000,0.300000>
	matrix <0.770311, 0.616486, -0.162991,
		0.495382, -0.417602, 0.761712,
		0.401520, -0.667498, -0.627079,
		40.079613, 53.653172, 49.206314>
	pigment { color rgbt <0,1,1,0> }
	no_shadow
}
cylinder {
	<40.481785, 53.843842, 49.871426>,  <39.798550, 54.120419, 49.645271>, 0.130000
	pigment { color rgbt <1,0,0,0> }
	no_shadow
}

// nucleotide -1

// particle -1
sphere {
	<40.481785, 53.843842, 49.871426> 0.250000
	pigment { color rgbt <1,0,0,0> }
	no_shadow
}
cylinder {
	<40.420277, 53.883755, 49.478203>,  <40.383373, 53.907703, 49.242268>, 0.100000
	pigment { color rgbt <1,0,0,0> }
	no_shadow
}
cylinder {
	<40.420277, 53.883755, 49.478203>,  <40.481785, 53.843842, 49.871426>, 0.100000
	pigment { color rgbt <1,0,0,0> }
	no_shadow
}

// particle -1
sphere {
	<40.420277, 53.883755, 49.478203> 0.100000
	pigment { color rgbt <1,0,0,0> }
	no_shadow
}
sphere {
	0, 1
	scale<0.080000,0.200000,0.300000>
	matrix <0.772059, 0.633034, -0.056514,
		0.616669, -0.767667, -0.174378,
		-0.153771, 0.099780, -0.983056,
		40.374146, 53.913689, 49.183285>
	pigment { color rgbt <0,1,1,0> }
	no_shadow
}
cylinder {
	<41.071079, 53.634239, 49.438416>,  <40.481785, 53.843842, 49.871426>, 0.130000
	pigment { color rgbt <1,0,0,0> }
	no_shadow
}

// nucleotide -1

// particle -1
sphere {
	<41.071079, 53.634239, 49.438416> 0.250000
	pigment { color rgbt <1,0,0,0> }
	no_shadow
}
cylinder {
	<40.859169, 53.906723, 49.236313>,  <40.732021, 54.070213, 49.115051>, 0.100000
	pigment { color rgbt <1,0,0,0> }
	no_shadow
}
cylinder {
	<40.859169, 53.906723, 49.236313>,  <41.071079, 53.634239, 49.438416>, 0.100000
	pigment { color rgbt <1,0,0,0> }
	no_shadow
}

// particle -1
sphere {
	<40.859169, 53.906723, 49.236313> 0.100000
	pigment { color rgbt <1,0,0,0> }
	no_shadow
}
sphere {
	0, 1
	scale<0.080000,0.200000,0.300000>
	matrix <0.828449, 0.543246, -0.136221,
		0.181684, -0.490749, -0.852148,
		-0.529776, 0.681212, -0.505259,
		40.700237, 54.111088, 49.084736>
	pigment { color rgbt <0,1,1,0> }
	no_shadow
}
cylinder {
	<41.576675, 53.607388, 48.918423>,  <41.071079, 53.634239, 49.438416>, 0.130000
	pigment { color rgbt <1,0,0,0> }
	no_shadow
}

// nucleotide -1

// particle -1
sphere {
	<41.576675, 53.607388, 48.918423> 0.250000
	pigment { color rgbt <1,0,0,0> }
	no_shadow
}
cylinder {
	<41.825653, 53.639442, 48.607002>,  <41.975040, 53.658676, 48.420151>, 0.100000
	pigment { color rgbt <1,0,0,0> }
	no_shadow
}
cylinder {
	<41.825653, 53.639442, 48.607002>,  <41.576675, 53.607388, 48.918423>, 0.100000
	pigment { color rgbt <1,0,0,0> }
	no_shadow
}

// particle -1
sphere {
	<41.825653, 53.639442, 48.607002> 0.100000
	pigment { color rgbt <1,0,0,0> }
	no_shadow
}
sphere {
	0, 1
	scale<0.080000,0.200000,0.300000>
	matrix <0.739315, 0.266256, 0.618482,
		0.256846, -0.960567, 0.106497,
		0.622449, 0.080120, -0.778548,
		42.012386, 53.663483, 48.373436>
	pigment { color rgbt <0,1,1,0> }
	no_shadow
}
cylinder {
	<42.233444, 53.275452, 49.034805>,  <41.576675, 53.607388, 48.918423>, 0.130000
	pigment { color rgbt <1,0,0,0> }
	no_shadow
}

// nucleotide -1

// particle -1
sphere {
	<42.233444, 53.275452, 49.034805> 0.250000
	pigment { color rgbt <1,0,0,0> }
	no_shadow
}
cylinder {
	<42.299072, 53.563801, 48.765461>,  <42.338448, 53.736813, 48.603855>, 0.100000
	pigment { color rgbt <1,0,0,0> }
	no_shadow
}
cylinder {
	<42.299072, 53.563801, 48.765461>,  <42.233444, 53.275452, 49.034805>, 0.100000
	pigment { color rgbt <1,0,0,0> }
	no_shadow
}

// particle -1
sphere {
	<42.299072, 53.563801, 48.765461> 0.100000
	pigment { color rgbt <1,0,0,0> }
	no_shadow
}
sphere {
	0, 1
	scale<0.080000,0.200000,0.300000>
	matrix <0.746732, 0.355277, 0.562290,
		0.644572, -0.595076, -0.480012,
		0.164068, 0.720876, -0.673364,
		42.348293, 53.780064, 48.563454>
	pigment { color rgbt <0,1,1,0> }
	no_shadow
}
cylinder {
	<42.950699, 53.120602, 48.641869>,  <42.233444, 53.275452, 49.034805>, 0.130000
	pigment { color rgbt <1,0,0,0> }
	no_shadow
}

// nucleotide -1

// particle -1
sphere {
	<42.950699, 53.120602, 48.641869> 0.250000
	pigment { color rgbt <1,0,0,0> }
	no_shadow
}
cylinder {
	<42.816006, 53.493023, 48.698093>,  <42.735191, 53.716476, 48.731831>, 0.100000
	pigment { color rgbt <1,0,0,0> }
	no_shadow
}
cylinder {
	<42.816006, 53.493023, 48.698093>,  <42.950699, 53.120602, 48.641869>, 0.100000
	pigment { color rgbt <1,0,0,0> }
	no_shadow
}

// particle -1
sphere {
	<42.816006, 53.493023, 48.698093> 0.100000
	pigment { color rgbt <1,0,0,0> }
	no_shadow
}
sphere {
	0, 1
	scale<0.080000,0.200000,0.300000>
	matrix <0.864272, 0.246367, 0.438563,
		0.373694, 0.269164, -0.887639,
		-0.336730, 0.931050, 0.140565,
		42.714985, 53.772339, 48.740265>
	pigment { color rgbt <0,1,1,0> }
	no_shadow
}
cylinder {
	<43.493179, 53.502563, 48.409561>,  <42.950699, 53.120602, 48.641869>, 0.130000
	pigment { color rgbt <1,0,0,0> }
	no_shadow
}

// nucleotide -1

// particle -1
sphere {
	<43.493179, 53.502563, 48.409561> 0.250000
	pigment { color rgbt <1,0,0,0> }
	no_shadow
}
cylinder {
	<43.291080, 53.728798, 48.670280>,  <43.169819, 53.864536, 48.826714>, 0.100000
	pigment { color rgbt <1,0,0,0> }
	no_shadow
}
cylinder {
	<43.291080, 53.728798, 48.670280>,  <43.493179, 53.502563, 48.409561>, 0.100000
	pigment { color rgbt <1,0,0,0> }
	no_shadow
}

// particle -1
sphere {
	<43.291080, 53.728798, 48.670280> 0.100000
	pigment { color rgbt <1,0,0,0> }
	no_shadow
}
sphere {
	0, 1
	scale<0.080000,0.200000,0.300000>
	matrix <0.854262, 0.220746, 0.470646,
		0.122308, 0.794599, -0.594687,
		-0.505250, 0.565582, 0.651797,
		43.139507, 53.898472, 48.865818>
	pigment { color rgbt <0,1,1,0> }
	no_shadow
}
cylinder {
	<44.026917, 54.155987, 48.526031>,  <43.493179, 53.502563, 48.409561>, 0.130000
	pigment { color rgbt <1,0,0,0> }
	no_shadow
}

// nucleotide -1

// particle -1
sphere {
	<44.026917, 54.155987, 48.526031> 0.250000
	pigment { color rgbt <1,0,0,0> }
	no_shadow
}
cylinder {
	<43.771374, 54.117981, 48.831406>,  <43.618046, 54.095177, 49.014629>, 0.100000
	pigment { color rgbt <1,0,0,0> }
	no_shadow
}
cylinder {
	<43.771374, 54.117981, 48.831406>,  <44.026917, 54.155987, 48.526031>, 0.100000
	pigment { color rgbt <1,0,0,0> }
	no_shadow
}

// particle -1
sphere {
	<43.771374, 54.117981, 48.831406> 0.100000
	pigment { color rgbt <1,0,0,0> }
	no_shadow
}
sphere {
	0, 1
	scale<0.080000,0.200000,0.300000>
	matrix <0.694948, 0.354404, 0.625656,
		-0.330009, 0.930253, -0.160387,
		-0.638860, -0.095011, 0.763434,
		43.579716, 54.089478, 49.060436>
	pigment { color rgbt <0,1,1,0> }
	no_shadow
}
cylinder {
	<43.980827, 54.841366, 48.834286>,  <44.026917, 54.155987, 48.526031>, 0.130000
	pigment { color rgbt <1,0,0,0> }
	no_shadow
}

// nucleotide -1

// particle -1
sphere {
	<43.980827, 54.841366, 48.834286> 0.250000
	pigment { color rgbt <1,0,0,0> }
	no_shadow
}
cylinder {
	<43.980663, 54.529171, 49.084354>,  <43.980564, 54.341854, 49.234394>, 0.100000
	pigment { color rgbt <1,0,0,0> }
	no_shadow
}
cylinder {
	<43.980663, 54.529171, 49.084354>,  <43.980827, 54.841366, 48.834286>, 0.100000
	pigment { color rgbt <1,0,0,0> }
	no_shadow
}

// particle -1
sphere {
	<43.980663, 54.529171, 49.084354> 0.100000
	pigment { color rgbt <1,0,0,0> }
	no_shadow
}
sphere {
	0, 1
	scale<0.080000,0.200000,0.300000>
	matrix <0.773004, 0.396363, 0.495339,
		-0.634401, 0.483463, 0.603158,
		-0.000409, -0.780487, 0.625172,
		43.980541, 54.295025, 49.271908>
	pigment { color rgbt <0,1,1,0> }
	no_shadow
}
cylinder {
	<44.743023, 54.679344, 48.789661>,  <43.980827, 54.841366, 48.834286>, 0.130000
	pigment { color rgbt <1,0,0,0> }
	no_shadow
}

// nucleotide -1

// particle -1
sphere {
	<44.743023, 54.679344, 48.789661> 0.250000
	pigment { color rgbt <1,0,0,0> }
	no_shadow
}
cylinder {
	<45.041245, 54.499634, 48.986557>,  <45.220177, 54.391808, 49.104694>, 0.100000
	pigment { color rgbt <1,0,0,0> }
	no_shadow
}
cylinder {
	<45.041245, 54.499634, 48.986557>,  <44.743023, 54.679344, 48.789661>, 0.100000
	pigment { color rgbt <1,0,0,0> }
	no_shadow
}

// particle -1
sphere {
	<45.041245, 54.499634, 48.986557> 0.100000
	pigment { color rgbt <1,0,0,0> }
	no_shadow
}
sphere {
	0, 1
	scale<0.080000,0.200000,0.300000>
	matrix <0.348726, 0.892412, 0.286342,
		-0.567923, -0.041828, 0.822018,
		0.745555, -0.449280, 0.492235,
		45.264912, 54.364849, 49.134228>
	pigment { color rgbt <0,1,1,0> }
	no_shadow
}
cylinder {
	<44.749660, 54.640705, 49.581547>,  <44.743023, 54.679344, 48.789661>, 0.130000
	pigment { color rgbt <1,0,0,0> }
	no_shadow
}

// nucleotide -1

// particle -1
sphere {
	<44.749660, 54.640705, 49.581547> 0.250000
	pigment { color rgbt <1,0,0,0> }
	no_shadow
}
cylinder {
	<45.104813, 54.708050, 49.410286>,  <45.317905, 54.748459, 49.307529>, 0.100000
	pigment { color rgbt <1,0,0,0> }
	no_shadow
}
cylinder {
	<45.104813, 54.708050, 49.410286>,  <44.749660, 54.640705, 49.581547>, 0.100000
	pigment { color rgbt <1,0,0,0> }
	no_shadow
}

// particle -1
sphere {
	<45.104813, 54.708050, 49.410286> 0.100000
	pigment { color rgbt <1,0,0,0> }
	no_shadow
}
sphere {
	0, 1
	scale<0.080000,0.200000,0.300000>
	matrix <0.024321, 0.912152, 0.409131,
		0.459423, -0.373674, 0.805791,
		0.887885, 0.168366, -0.428151,
		45.371178, 54.758560, 49.281841>
	pigment { color rgbt <0,1,1,0> }
	no_shadow
}
cylinder {
	<45.268444, 54.670326, 50.042206>,  <44.749660, 54.640705, 49.581547>, 0.130000
	pigment { color rgbt <1,0,0,0> }
	no_shadow
}

// nucleotide -1

// particle -1
sphere {
	<45.268444, 54.670326, 50.042206> 0.250000
	pigment { color rgbt <1,0,0,0> }
	no_shadow
}
cylinder {
	<45.356300, 54.899750, 49.726540>,  <45.409012, 55.037403, 49.537140>, 0.100000
	pigment { color rgbt <1,0,0,0> }
	no_shadow
}
cylinder {
	<45.356300, 54.899750, 49.726540>,  <45.268444, 54.670326, 50.042206>, 0.100000
	pigment { color rgbt <1,0,0,0> }
	no_shadow
}

// particle -1
sphere {
	<45.356300, 54.899750, 49.726540> 0.100000
	pigment { color rgbt <1,0,0,0> }
	no_shadow
}
sphere {
	0, 1
	scale<0.080000,0.200000,0.300000>
	matrix <0.040665, 0.802836, 0.594811,
		0.974734, -0.162734, 0.153008,
		0.219637, 0.573560, -0.789169,
		45.422192, 55.071819, 49.489788>
	pigment { color rgbt <0,1,1,0> }
	no_shadow
}
cylinder {
	<45.353306, 53.937450, 50.391212>,  <45.268444, 54.670326, 50.042206>, 0.130000
	pigment { color rgbt <1,0,0,0> }
	no_shadow
}

// nucleotide -1

// particle -1
sphere {
	<45.353306, 53.937450, 50.391212> 0.250000
	pigment { color rgbt <1,0,0,0> }
	no_shadow
}
cylinder {
	<45.403748, 53.695671, 50.705853>,  <45.434013, 53.550602, 50.894634>, 0.100000
	pigment { color rgbt <1,0,0,0> }
	no_shadow
}
cylinder {
	<45.403748, 53.695671, 50.705853>,  <45.353306, 53.937450, 50.391212>, 0.100000
	pigment { color rgbt <1,0,0,0> }
	no_shadow
}

// particle -1
sphere {
	<45.403748, 53.695671, 50.705853> 0.100000
	pigment { color rgbt <1,0,0,0> }
	no_shadow
}
sphere {
	0, 1
	scale<0.080000,0.200000,0.300000>
	matrix <0.018707, 0.794235, 0.607323,
		-0.991840, -0.061871, 0.111465,
		0.126105, -0.604453, 0.786597,
		45.441578, 53.514336, 50.941830>
	pigment { color rgbt <0,1,1,0> }
	no_shadow
}
cylinder {
	<44.975773, 54.341545, 50.865482>,  <45.353306, 53.937450, 50.391212>, 0.130000
	pigment { color rgbt <1,0,0,0> }
	no_shadow
}

// nucleotide -1

// particle -1
sphere {
	<44.975773, 54.341545, 50.865482> 0.250000
	pigment { color rgbt <1,0,0,0> }
	no_shadow
}
cylinder {
	<45.225136, 54.082199, 51.040287>,  <45.374756, 53.926590, 51.145172>, 0.100000
	pigment { color rgbt <1,0,0,0> }
	no_shadow
}
cylinder {
	<45.225136, 54.082199, 51.040287>,  <44.975773, 54.341545, 50.865482>, 0.100000
	pigment { color rgbt <1,0,0,0> }
	no_shadow
}

// particle -1
sphere {
	<45.225136, 54.082199, 51.040287> 0.100000
	pigment { color rgbt <1,0,0,0> }
	no_shadow
}
sphere {
	0, 1
	scale<0.080000,0.200000,0.300000>
	matrix <0.152693, 0.649107, 0.745215,
		-0.766841, -0.397845, 0.503661,
		0.623410, -0.648367, 0.437014,
		45.412159, 53.887688, 51.171391>
	pigment { color rgbt <0,1,1,0> }
	no_shadow
}
cylinder {
	<44.744072, 54.339993, 51.546337>,  <44.975773, 54.341545, 50.865482>, 0.130000
	pigment { color rgbt <1,0,0,0> }
	no_shadow
}

// nucleotide -1

// particle -1
sphere {
	<44.744072, 54.339993, 51.546337> 0.250000
	pigment { color rgbt <1,0,0,0> }
	no_shadow
}
cylinder {
	<45.127106, 54.233349, 51.502609>,  <45.356926, 54.169365, 51.476372>, 0.100000
	pigment { color rgbt <1,0,0,0> }
	no_shadow
}
cylinder {
	<45.127106, 54.233349, 51.502609>,  <44.744072, 54.339993, 51.546337>, 0.100000
	pigment { color rgbt <1,0,0,0> }
	no_shadow
}

// particle -1
sphere {
	<45.127106, 54.233349, 51.502609> 0.100000
	pigment { color rgbt <1,0,0,0> }
	no_shadow
}
sphere {
	0, 1
	scale<0.080000,0.200000,0.300000>
	matrix <0.271704, 0.709095, 0.650662,
		-0.095949, -0.652768, 0.751457,
		0.957586, -0.266605, -0.109323,
		45.414383, 54.153366, 51.469810>
	pigment { color rgbt <0,1,1,0> }
	no_shadow
}
cylinder {
	<44.975262, 54.146408, 52.046806>,  <44.744072, 54.339993, 51.546337>, 0.130000
	pigment { color rgbt <1,0,0,0> }
	no_shadow
}

// nucleotide -1

// particle -1
sphere {
	<44.975262, 54.146408, 52.046806> 0.250000
	pigment { color rgbt <1,0,0,0> }
	no_shadow
}
cylinder {
	<45.278484, 54.310089, 51.843670>,  <45.460419, 54.408298, 51.721786>, 0.100000
	pigment { color rgbt <1,0,0,0> }
	no_shadow
}
cylinder {
	<45.278484, 54.310089, 51.843670>,  <44.975262, 54.146408, 52.046806>, 0.100000
	pigment { color rgbt <1,0,0,0> }
	no_shadow
}

// particle -1
sphere {
	<45.278484, 54.310089, 51.843670> 0.100000
	pigment { color rgbt <1,0,0,0> }
	no_shadow
}
sphere {
	0, 1
	scale<0.080000,0.200000,0.300000>
	matrix <-0.056177, 0.816747, 0.574254,
		0.649765, -0.406788, 0.642129,
		0.758057, 0.409203, -0.507841,
		45.505901, 54.432850, 51.691319>
	pigment { color rgbt <0,1,1,0> }
	no_shadow
}
cylinder {
	<45.482815, 54.447384, 52.487125>,  <44.975262, 54.146408, 52.046806>, 0.130000
	pigment { color rgbt <1,0,0,0> }
	no_shadow
}

// nucleotide -1

// particle -1
sphere {
	<45.482815, 54.447384, 52.487125> 0.250000
	pigment { color rgbt <1,0,0,0> }
	no_shadow
}
cylinder {
	<45.548515, 54.626202, 52.135403>,  <45.587936, 54.733494, 51.924370>, 0.100000
	pigment { color rgbt <1,0,0,0> }
	no_shadow
}
cylinder {
	<45.548515, 54.626202, 52.135403>,  <45.482815, 54.447384, 52.487125>, 0.100000
	pigment { color rgbt <1,0,0,0> }
	no_shadow
}

// particle -1
sphere {
	<45.548515, 54.626202, 52.135403> 0.100000
	pigment { color rgbt <1,0,0,0> }
	no_shadow
}
sphere {
	0, 1
	scale<0.080000,0.200000,0.300000>
	matrix <0.281163, 0.833214, 0.476133,
		0.945499, -0.325433, 0.011164,
		0.164251, 0.447044, -0.879302,
		45.597790, 54.760315, 51.871613>
	pigment { color rgbt <0,1,1,0> }
	no_shadow
}
cylinder {
	<46.305065, 54.611347, 52.247150>,  <45.482815, 54.447384, 52.487125>, 0.130000
	pigment { color rgbt <1,0,0,0> }
	no_shadow
}

// nucleotide -1

// particle -1
sphere {
	<46.305065, 54.611347, 52.247150> 0.250000
	pigment { color rgbt <1,0,0,0> }
	no_shadow
}
cylinder {
	<46.029713, 54.877136, 52.130798>,  <45.864502, 55.036610, 52.060986>, 0.100000
	pigment { color rgbt <1,0,0,0> }
	no_shadow
}
cylinder {
	<46.029713, 54.877136, 52.130798>,  <46.305065, 54.611347, 52.247150>, 0.100000
	pigment { color rgbt <1,0,0,0> }
	no_shadow
}

// particle -1
sphere {
	<46.029713, 54.877136, 52.130798> 0.100000
	pigment { color rgbt <1,0,0,0> }
	no_shadow
}
sphere {
	0, 1
	scale<0.080000,0.200000,0.300000>
	matrix <0.510719, 0.728774, 0.456130,
		0.515073, 0.165431, -0.841031,
		-0.688379, 0.664471, -0.290883,
		45.823200, 55.076477, 52.043533>
	pigment { color rgbt <0,1,1,0> }
	no_shadow
}
cylinder {
	<46.696606, 55.178585, 52.523746>,  <46.305065, 54.611347, 52.247150>, 0.130000
	pigment { color rgbt <1,0,0,0> }
	no_shadow
}

// nucleotide -1

// particle -1
sphere {
	<46.696606, 55.178585, 52.523746> 0.250000
	pigment { color rgbt <1,0,0,0> }
	no_shadow
}
cylinder {
	<46.352276, 55.312744, 52.370651>,  <46.145676, 55.393238, 52.278793>, 0.100000
	pigment { color rgbt <1,0,0,0> }
	no_shadow
}
cylinder {
	<46.352276, 55.312744, 52.370651>,  <46.696606, 55.178585, 52.523746>, 0.100000
	pigment { color rgbt <1,0,0,0> }
	no_shadow
}

// particle -1
sphere {
	<46.352276, 55.312744, 52.370651> 0.100000
	pigment { color rgbt <1,0,0,0> }
	no_shadow
}
sphere {
	0, 1
	scale<0.080000,0.200000,0.300000>
	matrix <0.204841, 0.916837, 0.342711,
		0.465850, 0.216614, -0.857940,
		-0.860827, 0.335393, -0.382737,
		46.094028, 55.413361, 52.255829>
	pigment { color rgbt <0,1,1,0> }
	no_shadow
}
cylinder {
	<46.783852, 55.684685, 52.008411>,  <46.696606, 55.178585, 52.523746>, 0.130000
	pigment { color rgbt <1,0,0,0> }
	no_shadow
}

// nucleotide -1

// particle -1
sphere {
	<46.783852, 55.684685, 52.008411> 0.250000
	pigment { color rgbt <1,0,0,0> }
	no_shadow
}
cylinder {
	<46.426414, 55.735374, 52.180656>,  <46.211952, 55.765789, 52.284004>, 0.100000
	pigment { color rgbt <1,0,0,0> }
	no_shadow
}
cylinder {
	<46.426414, 55.735374, 52.180656>,  <46.783852, 55.684685, 52.008411>, 0.100000
	pigment { color rgbt <1,0,0,0> }
	no_shadow
}

// particle -1
sphere {
	<46.426414, 55.735374, 52.180656> 0.100000
	pigment { color rgbt <1,0,0,0> }
	no_shadow
}
sphere {
	0, 1
	scale<0.080000,0.200000,0.300000>
	matrix <0.241396, 0.944460, 0.222986,
		-0.378441, 0.303208, -0.874555,
		-0.893594, 0.126727, 0.430616,
		46.158337, 55.773392, 52.309841>
	pigment { color rgbt <0,1,1,0> }
	no_shadow
}
cylinder {
	<46.774414, 56.422142, 52.095985>,  <46.783852, 55.684685, 52.008411>, 0.130000
	pigment { color rgbt <1,0,0,0> }
	no_shadow
}

// nucleotide -1

// particle -1
sphere {
	<46.774414, 56.422142, 52.095985> 0.250000
	pigment { color rgbt <1,0,0,0> }
	no_shadow
}
cylinder {
	<46.413605, 56.296173, 52.214092>,  <46.197121, 56.220592, 52.284954>, 0.100000
	pigment { color rgbt <1,0,0,0> }
	no_shadow
}
cylinder {
	<46.413605, 56.296173, 52.214092>,  <46.774414, 56.422142, 52.095985>, 0.100000
	pigment { color rgbt <1,0,0,0> }
	no_shadow
}

// particle -1
sphere {
	<46.413605, 56.296173, 52.214092> 0.100000
	pigment { color rgbt <1,0,0,0> }
	no_shadow
}
sphere {
	0, 1
	scale<0.080000,0.200000,0.300000>
	matrix <-0.260113, 0.942360, 0.210471,
		-0.344527, 0.113048, -0.931945,
		-0.902021, -0.314924, 0.295263,
		46.142998, 56.201694, 52.302670>
	pigment { color rgbt <0,1,1,0> }
	no_shadow
}
cylinder {
	<47.558647, 56.191036, 52.185028>,  <46.774414, 56.422142, 52.095985>, 0.130000
	pigment { color rgbt <1,0,0,0> }
	no_shadow
}

// nucleotide -1

// particle -1
sphere {
	<47.558647, 56.191036, 52.185028> 0.250000
	pigment { color rgbt <1,0,0,0> }
	no_shadow
}
cylinder {
	<47.426197, 56.566078, 52.227470>,  <47.346725, 56.791103, 52.252934>, 0.100000
	pigment { color rgbt <1,0,0,0> }
	no_shadow
}
cylinder {
	<47.426197, 56.566078, 52.227470>,  <47.558647, 56.191036, 52.185028>, 0.100000
	pigment { color rgbt <1,0,0,0> }
	no_shadow
}

// particle -1
sphere {
	<47.426197, 56.566078, 52.227470> 0.100000
	pigment { color rgbt <1,0,0,0> }
	no_shadow
}
sphere {
	0, 1
	scale<0.080000,0.200000,0.300000>
	matrix <0.457006, 0.257733, -0.851304,
		-0.825531, -0.233400, -0.513832,
		-0.331126, 0.937602, 0.106101,
		47.326859, 56.847359, 52.259300>
	pigment { color rgbt <0,1,1,0> }
	no_shadow
}
cylinder {
	<48.336472, 56.507359, 52.348362>,  <47.558647, 56.191036, 52.185028>, 0.130000
	pigment { color rgbt <1,0,0,0> }
	no_shadow
}

// nucleotide -1

// particle -1
sphere {
	<48.336472, 56.507359, 52.348362> 0.250000
	pigment { color rgbt <1,0,0,0> }
	no_shadow
}
cylinder {
	<48.470692, 56.139889, 52.431728>,  <48.551224, 55.919407, 52.481750>, 0.100000
	pigment { color rgbt <1,0,0,0> }
	no_shadow
}
cylinder {
	<48.470692, 56.139889, 52.431728>,  <48.336472, 56.507359, 52.348362>, 0.100000
	pigment { color rgbt <1,0,0,0> }
	no_shadow
}

// particle -1
sphere {
	<48.470692, 56.139889, 52.431728> 0.100000
	pigment { color rgbt <1,0,0,0> }
	no_shadow
}
sphere {
	0, 1
	scale<0.080000,0.200000,0.300000>
	matrix <0.405149, -0.059000, -0.912345,
		0.850448, 0.390577, 0.352404,
		0.335549, -0.918678, 0.208418,
		48.571358, 55.864285, 52.494255>
	pigment { color rgbt <0,1,1,0> }
	no_shadow
}
cylinder {
	<49.120083, 56.393982, 52.312836>,  <48.336472, 56.507359, 52.348362>, 0.130000
	pigment { color rgbt <1,0,0,0> }
	no_shadow
}

// nucleotide -1

// particle -1
sphere {
	<49.120083, 56.393982, 52.312836> 0.250000
	pigment { color rgbt <1,0,0,0> }
	no_shadow
}
cylinder {
	<48.897789, 56.070038, 52.237698>,  <48.764412, 55.875671, 52.192616>, 0.100000
	pigment { color rgbt <1,0,0,0> }
	no_shadow
}
cylinder {
	<48.897789, 56.070038, 52.237698>,  <49.120083, 56.393982, 52.312836>, 0.100000
	pigment { color rgbt <1,0,0,0> }
	no_shadow
}

// particle -1
sphere {
	<48.897789, 56.070038, 52.237698> 0.100000
	pigment { color rgbt <1,0,0,0> }
	no_shadow
}
sphere {
	0, 1
	scale<0.080000,0.200000,0.300000>
	matrix <0.353833, -0.025947, -0.934948,
		0.752305, -0.586046, 0.300976,
		-0.555732, -0.809862, -0.187843,
		48.731068, 55.827080, 52.181343>
	pigment { color rgbt <0,1,1,0> }
	no_shadow
}
cylinder {
	<49.478951, 56.085590, 51.799843>,  <49.120083, 56.393982, 52.312836>, 0.130000
	pigment { color rgbt <1,0,0,0> }
	no_shadow
}

// nucleotide -1

// particle -1
sphere {
	<49.478951, 56.085590, 51.799843> 0.250000
	pigment { color rgbt <1,0,0,0> }
	no_shadow
}
cylinder {
	<49.123108, 55.902924, 51.802803>,  <48.909603, 55.793324, 51.804581>, 0.100000
	pigment { color rgbt <1,0,0,0> }
	no_shadow
}
cylinder {
	<49.123108, 55.902924, 51.802803>,  <49.478951, 56.085590, 51.799843>, 0.100000
	pigment { color rgbt <1,0,0,0> }
	no_shadow
}

// particle -1
sphere {
	<49.123108, 55.902924, 51.802803> 0.100000
	pigment { color rgbt <1,0,0,0> }
	no_shadow
}
sphere {
	0, 1
	scale<0.080000,0.200000,0.300000>
	matrix <-0.002713, -0.010922, -0.999937,
		0.456721, -0.889570, 0.008477,
		-0.889606, -0.456669, 0.007401,
		48.856228, 55.765923, 51.805023>
	pigment { color rgbt <0,1,1,0> }
	no_shadow
}
cylinder {
	<49.409565, 55.736179, 51.093857>,  <49.478951, 56.085590, 51.799843>, 0.130000
	pigment { color rgbt <1,0,0,0> }
	no_shadow
}

// nucleotide -1

// particle -1
sphere {
	<49.409565, 55.736179, 51.093857> 0.250000
	pigment { color rgbt <1,0,0,0> }
	no_shadow
}
cylinder {
	<49.718582, 55.940239, 50.942638>,  <49.903992, 56.062675, 50.851910>, 0.100000
	pigment { color rgbt <1,0,0,0> }
	no_shadow
}
cylinder {
	<49.718582, 55.940239, 50.942638>,  <49.409565, 55.736179, 51.093857>, 0.100000
	pigment { color rgbt <1,0,0,0> }
	no_shadow
}

// particle -1
sphere {
	<49.718582, 55.940239, 50.942638> 0.100000
	pigment { color rgbt <1,0,0,0> }
	no_shadow
}
sphere {
	0, 1
	scale<0.080000,0.200000,0.300000>
	matrix <0.628779, -0.531800, 0.567297,
		0.088366, -0.675968, -0.731614,
		0.772547, 0.510153, -0.378041,
		49.950348, 56.093285, 50.829227>
	pigment { color rgbt <0,1,1,0> }
	no_shadow
}
cylinder {
	<49.929874, 55.233067, 50.861103>,  <49.409565, 55.736179, 51.093857>, 0.130000
	pigment { color rgbt <1,0,0,0> }
	no_shadow
}

// nucleotide -1

// particle -1
sphere {
	<49.929874, 55.233067, 50.861103> 0.250000
	pigment { color rgbt <1,0,0,0> }
	no_shadow
}
cylinder {
	<50.049568, 55.587643, 51.002342>,  <50.121384, 55.800388, 51.087086>, 0.100000
	pigment { color rgbt <1,0,0,0> }
	no_shadow
}
cylinder {
	<50.049568, 55.587643, 51.002342>,  <49.929874, 55.233067, 50.861103>, 0.100000
	pigment { color rgbt <1,0,0,0> }
	no_shadow
}

// particle -1
sphere {
	<50.049568, 55.587643, 51.002342> 0.100000
	pigment { color rgbt <1,0,0,0> }
	no_shadow
}
sphere {
	0, 1
	scale<0.080000,0.200000,0.300000>
	matrix <0.463700, -0.458516, 0.758120,
		0.833930, -0.063125, -0.548248,
		0.299237, 0.886441, 0.353099,
		50.139339, 55.853577, 51.108273>
	pigment { color rgbt <0,1,1,0> }
	no_shadow
}
cylinder {
	<50.661308, 55.231171, 50.897690>,  <49.929874, 55.233067, 50.861103>, 0.130000
	pigment { color rgbt <1,0,0,0> }
	no_shadow
}

// nucleotide -1

// particle -1
sphere {
	<50.661308, 55.231171, 50.897690> 0.250000
	pigment { color rgbt <1,0,0,0> }
	no_shadow
}
cylinder {
	<50.516632, 55.470417, 51.183750>,  <50.429825, 55.613964, 51.355385>, 0.100000
	pigment { color rgbt <1,0,0,0> }
	no_shadow
}
cylinder {
	<50.516632, 55.470417, 51.183750>,  <50.661308, 55.231171, 50.897690>, 0.100000
	pigment { color rgbt <1,0,0,0> }
	no_shadow
}

// particle -1
sphere {
	<50.516632, 55.470417, 51.183750> 0.100000
	pigment { color rgbt <1,0,0,0> }
	no_shadow
}
sphere {
	0, 1
	scale<0.080000,0.200000,0.300000>
	matrix <0.533930, -0.495934, 0.684813,
		0.764262, 0.629533, -0.139973,
		-0.361694, 0.598112, 0.715150,
		50.408123, 55.649849, 51.398296>
	pigment { color rgbt <0,1,1,0> }
	no_shadow
}
cylinder {
	<51.230984, 55.323898, 51.383839>,  <50.661308, 55.231171, 50.897690>, 0.130000
	pigment { color rgbt <1,0,0,0> }
	no_shadow
}

// nucleotide -1

// particle -1
sphere {
	<51.230984, 55.323898, 51.383839> 0.250000
	pigment { color rgbt <1,0,0,0> }
	no_shadow
}
cylinder {
	<50.910484, 55.478680, 51.566383>,  <50.718185, 55.571548, 51.675911>, 0.100000
	pigment { color rgbt <1,0,0,0> }
	no_shadow
}
cylinder {
	<50.910484, 55.478680, 51.566383>,  <51.230984, 55.323898, 51.383839>, 0.100000
	pigment { color rgbt <1,0,0,0> }
	no_shadow
}

// particle -1
sphere {
	<50.910484, 55.478680, 51.566383> 0.100000
	pigment { color rgbt <1,0,0,0> }
	no_shadow
}
sphere {
	0, 1
	scale<0.080000,0.200000,0.300000>
	matrix <0.274896, -0.439391, 0.855200,
		0.531444, 0.810681, 0.245689,
		-0.801248, 0.386952, 0.456365,
		50.670109, 55.594765, 51.703293>
	pigment { color rgbt <0,1,1,0> }
	no_shadow
}
cylinder {
	<51.321774, 55.624954, 52.049675>,  <51.230984, 55.323898, 51.383839>, 0.130000
	pigment { color rgbt <1,0,0,0> }
	no_shadow
}

// nucleotide -1

// particle -1
sphere {
	<51.321774, 55.624954, 52.049675> 0.250000
	pigment { color rgbt <1,0,0,0> }
	no_shadow
}
cylinder {
	<50.940212, 55.505005, 52.054405>,  <50.711273, 55.433033, 52.057243>, 0.100000
	pigment { color rgbt <1,0,0,0> }
	no_shadow
}
cylinder {
	<50.940212, 55.505005, 52.054405>,  <51.321774, 55.624954, 52.049675>, 0.100000
	pigment { color rgbt <1,0,0,0> }
	no_shadow
}

// particle -1
sphere {
	<50.940212, 55.505005, 52.054405> 0.100000
	pigment { color rgbt <1,0,0,0> }
	no_shadow
}
sphere {
	0, 1
	scale<0.080000,0.200000,0.300000>
	matrix <0.151568, -0.447385, 0.881404,
		-0.259021, 0.842568, 0.472215,
		-0.953905, -0.299875, 0.011824,
		50.654041, 55.415043, 52.057953>
	pigment { color rgbt <0,1,1,0> }
	no_shadow
}
cylinder {
	<51.044235, 55.717854, 52.716534>,  <51.321774, 55.624954, 52.049675>, 0.130000
	pigment { color rgbt <1,0,0,0> }
	no_shadow
}

// nucleotide -1

// particle -1
sphere {
	<51.044235, 55.717854, 52.716534> 0.250000
	pigment { color rgbt <1,0,0,0> }
	no_shadow
}
cylinder {
	<50.838196, 55.410614, 52.564377>,  <50.714573, 55.226269, 52.473083>, 0.100000
	pigment { color rgbt <1,0,0,0> }
	no_shadow
}
cylinder {
	<50.838196, 55.410614, 52.564377>,  <51.044235, 55.717854, 52.716534>, 0.100000
	pigment { color rgbt <1,0,0,0> }
	no_shadow
}

// particle -1
sphere {
	<50.838196, 55.410614, 52.564377> 0.100000
	pigment { color rgbt <1,0,0,0> }
	no_shadow
}
sphere {
	0, 1
	scale<0.080000,0.200000,0.300000>
	matrix <0.111084, -0.499871, 0.858947,
		-0.849905, 0.400184, 0.342805,
		-0.515095, -0.768103, -0.380388,
		50.683666, 55.180183, 52.450260>
	pigment { color rgbt <0,1,1,0> }
	no_shadow
}
cylinder {
	<50.467560, 55.531719, 53.165428>,  <51.044235, 55.717854, 52.716534>, 0.130000
	pigment { color rgbt <1,0,0,0> }
	no_shadow
}

// nucleotide -1

// particle -1
sphere {
	<50.467560, 55.531719, 53.165428> 0.250000
	pigment { color rgbt <1,0,0,0> }
	no_shadow
}
cylinder {
	<50.577469, 55.198471, 52.973427>,  <50.643414, 54.998520, 52.858227>, 0.100000
	pigment { color rgbt <1,0,0,0> }
	no_shadow
}
cylinder {
	<50.577469, 55.198471, 52.973427>,  <50.467560, 55.531719, 53.165428>, 0.100000
	pigment { color rgbt <1,0,0,0> }
	no_shadow
}

// particle -1
sphere {
	<50.577469, 55.198471, 52.973427> 0.100000
	pigment { color rgbt <1,0,0,0> }
	no_shadow
}
sphere {
	0, 1
	scale<0.080000,0.200000,0.300000>
	matrix <0.172762, -0.448315, 0.877022,
		-0.945860, -0.323910, 0.020747,
		0.274775, -0.833125, -0.480002,
		50.659901, 54.948532, 52.829426>
	pigment { color rgbt <0,1,1,0> }
	no_shadow
}
cylinder {
	<50.045208, 54.962036, 53.318840>,  <50.467560, 55.531719, 53.165428>, 0.130000
	pigment { color rgbt <1,0,0,0> }
	no_shadow
}

// nucleotide -1

// particle -1
sphere {
	<50.045208, 54.962036, 53.318840> 0.250000
	pigment { color rgbt <1,0,0,0> }
	no_shadow
}
cylinder {
	<50.437382, 54.901131, 53.268951>,  <50.672688, 54.864586, 53.239017>, 0.100000
	pigment { color rgbt <1,0,0,0> }
	no_shadow
}
cylinder {
	<50.437382, 54.901131, 53.268951>,  <50.045208, 54.962036, 53.318840>, 0.100000
	pigment { color rgbt <1,0,0,0> }
	no_shadow
}

// particle -1
sphere {
	<50.437382, 54.901131, 53.268951> 0.100000
	pigment { color rgbt <1,0,0,0> }
	no_shadow
}
sphere {
	0, 1
	scale<0.080000,0.200000,0.300000>
	matrix <0.009369, -0.596861, 0.802290,
		-0.196602, -0.787765, -0.583759,
		0.980439, -0.152262, -0.124725,
		50.731514, 54.855453, 53.231533>
	pigment { color rgbt <0,1,1,0> }
	no_shadow
}
cylinder {
	<50.291637, 54.357285, 53.044197>,  <50.045208, 54.962036, 53.318840>, 0.130000
	pigment { color rgbt <1,0,0,0> }
	no_shadow
}

// nucleotide -1

// particle -1
sphere {
	<50.291637, 54.357285, 53.044197> 0.250000
	pigment { color rgbt <1,0,0,0> }
	no_shadow
}
cylinder {
	<50.565609, 54.503815, 53.296127>,  <50.729992, 54.591732, 53.447285>, 0.100000
	pigment { color rgbt <1,0,0,0> }
	no_shadow
}
cylinder {
	<50.565609, 54.503815, 53.296127>,  <50.291637, 54.357285, 53.044197>, 0.100000
	pigment { color rgbt <1,0,0,0> }
	no_shadow
}

// particle -1
sphere {
	<50.565609, 54.503815, 53.296127> 0.100000
	pigment { color rgbt <1,0,0,0> }
	no_shadow
}
sphere {
	0, 1
	scale<0.080000,0.200000,0.300000>
	matrix <0.090984, -0.900655, 0.424903,
		0.722905, -0.233726, -0.650216,
		0.684931, 0.366324, 0.629822,
		50.771088, 54.613712, 53.485073>
	pigment { color rgbt <0,1,1,0> }
	no_shadow
}
cylinder {
	<50.053776, 54.214069, 53.855858>,  <50.291637, 54.357285, 53.044197>, 0.130000
	pigment { color rgbt <1,0,0,0> }
	no_shadow
}

// nucleotide -1

// particle -1
sphere {
	<50.053776, 54.214069, 53.855858> 0.250000
	pigment { color rgbt <1,0,0,0> }
	no_shadow
}
cylinder {
	<50.304718, 54.390717, 54.112419>,  <50.455284, 54.496704, 54.266357>, 0.100000
	pigment { color rgbt <1,0,0,0> }
	no_shadow
}
cylinder {
	<50.304718, 54.390717, 54.112419>,  <50.053776, 54.214069, 53.855858>, 0.100000
	pigment { color rgbt <1,0,0,0> }
	no_shadow
}

// particle -1
sphere {
	<50.304718, 54.390717, 54.112419> 0.100000
	pigment { color rgbt <1,0,0,0> }
	no_shadow
}
sphere {
	0, 1
	scale<0.080000,0.200000,0.300000>
	matrix <0.032676, -0.837851, 0.544920,
		0.778049, -0.320899, -0.540059,
