// switches for output
#declare DRAW_BASES = 1; // possible values are 0, 1; only relevant for DNA ribbons
#declare DRAW_BASES_TYPE = 3; // possible values are 1, 2, 3; only relevant for DNA ribbons
#declare DRAW_FOG = 0; // set to 1 to enable fog

#include "colors.inc"

#include "transforms.inc"
background { rgb <1, 1, 1>}

#default {
   normal{
       ripples 0.25
       frequency 0.20
       turbulence 0.2
       lambda 5
   }
	finish {
		phong 0.1
		phong_size 40.
	}
}

// original window dimensions: 1024x640


// camera settings

camera {
	sky <-0, 1, 0>
	up <-0, 1, 0>
	right 1.6 * <0.99995, 0, 0.00999983>
	location <54.4867, 55, 106.329>
	look_at <55, 55, 55.0001>
	direction <0.513302, 0, -51.3289>
	angle 67.0682
}


# declare cpy_camera_pos = <54.4867, 55, 106.329>;
# if (DRAW_FOG = 1)
fog {
	fog_type 2
	up vnormalize(cpy_camera_pos)
	color rgbt<1,1,1,0.3>
	distance 1e-5
	fog_alt 3e-3
	fog_offset 88
}
# end


// LIGHTS

# declare lum = 6;
global_settings {
	ambient_light rgb lum * <0.05, 0.05, 0.05>
	max_trace_level 15
}# declare cpy_direct_light_amount = 0.25;
light_source
{	1000 * <-0.98995, -1, 1.00995>,
	rgb lum * cpy_direct_light_amount
	parallel
}

light_source
{	1000 * <0.98995, 1, -1.00995>,
	rgb lum * cpy_direct_light_amount
	parallel
}

// strand 0

// nucleotide -1

// particle -1
sphere {
	<36.664909, 52.371761, 49.746845> 0.250000
	pigment { color rgbt <1,0,0,0> }
	no_shadow
}
cylinder {
	<36.527660, 52.747406, 49.754097>,  <36.445309, 52.972794, 49.758446>, 0.100000
	pigment { color rgbt <1,0,0,0> }
	no_shadow
}
cylinder {
	<36.527660, 52.747406, 49.754097>,  <36.664909, 52.371761, 49.746845>, 0.100000
	pigment { color rgbt <1,0,0,0> }
	no_shadow
}

// particle -1
sphere {
	<36.527660, 52.747406, 49.754097> 0.100000
	pigment { color rgbt <1,0,0,0> }
	no_shadow
}
sphere {
	0, 1
	scale<0.080000,0.200000,0.300000>
	matrix <-0.168794, -0.042667, -0.984727,
		-0.923999, -0.340944, 0.173157,
		-0.343125, 0.939115, 0.018125,
		36.424725, 53.029140, 49.759533>
	pigment { color rgbt <0,1,1,0> }
	no_shadow
}
cylinder {
	<37.135235, 52.603924, 49.228546>,  <36.664909, 52.371761, 49.746845>, 0.130000
	pigment { color rgbt <1,0,0,0> }
	no_shadow
}

// nucleotide -1

// particle -1
sphere {
	<37.135235, 52.603924, 49.228546> 0.250000
	pigment { color rgbt <1,0,0,0> }
	no_shadow
}
cylinder {
	<37.281822, 52.509537, 48.868542>,  <37.369774, 52.452904, 48.652538>, 0.100000
	pigment { color rgbt <1,0,0,0> }
	no_shadow
}
cylinder {
	<37.281822, 52.509537, 48.868542>,  <37.135235, 52.603924, 49.228546>, 0.100000
	pigment { color rgbt <1,0,0,0> }
	no_shadow
}

// particle -1
sphere {
	<37.281822, 52.509537, 48.868542> 0.100000
	pigment { color rgbt <1,0,0,0> }
	no_shadow
}
sphere {
	0, 1
	scale<0.080000,0.200000,0.300000>
	matrix <0.804641, -0.405318, 0.433902,
		-0.467176, -0.883198, 0.041330,
		0.366469, -0.235965, -0.900012,
		37.391762, 52.438747, 48.598537>
	pigment { color rgbt <0,1,1,0> }
	no_shadow
}
cylinder {
	<37.545315, 52.086651, 49.482113>,  <37.135235, 52.603924, 49.228546>, 0.130000
	pigment { color rgbt <1,0,0,0> }
	no_shadow
}

// nucleotide -1

// particle -1
sphere {
	<37.545315, 52.086651, 49.482113> 0.250000
	pigment { color rgbt <1,0,0,0> }
	no_shadow
}
cylinder {
	<37.652290, 52.141106, 49.100548>,  <37.716476, 52.173779, 48.871609>, 0.100000
	pigment { color rgbt <1,0,0,0> }
	no_shadow
}
cylinder {
	<37.652290, 52.141106, 49.100548>,  <37.545315, 52.086651, 49.482113>, 0.100000
	pigment { color rgbt <1,0,0,0> }
	no_shadow
}

// particle -1
sphere {
	<37.652290, 52.141106, 49.100548> 0.100000
	pigment { color rgbt <1,0,0,0> }
	no_shadow
}
sphere {
	0, 1
	scale<0.080000,0.200000,0.300000>
	matrix <0.939907, -0.254931, 0.227125,
		-0.212261, -0.957327, -0.196137,
		0.267434, 0.136141, -0.953910,
		37.732521, 52.181950, 48.814373>
	pigment { color rgbt <0,1,1,0> }
	no_shadow
}
cylinder {
	<38.225163, 52.620579, 49.356674>,  <37.545315, 52.086651, 49.482113>, 0.130000
	pigment { color rgbt <1,0,0,0> }
	no_shadow
}

// nucleotide -1

// particle -1
sphere {
	<38.225163, 52.620579, 49.356674> 0.250000
	pigment { color rgbt <1,0,0,0> }
	no_shadow
}
cylinder {
	<38.214134, 52.831253, 49.696522>,  <38.207516, 52.957657, 49.900429>, 0.100000
	pigment { color rgbt <1,0,0,0> }
	no_shadow
}
cylinder {
	<38.214134, 52.831253, 49.696522>,  <38.225163, 52.620579, 49.356674>, 0.100000
	pigment { color rgbt <1,0,0,0> }
	no_shadow
}

// particle -1
sphere {
	<38.214134, 52.831253, 49.696522> 0.100000
	pigment { color rgbt <1,0,0,0> }
	no_shadow
}
sphere {
	0, 1
	scale<0.080000,0.200000,0.300000>
	matrix <0.642792, 0.660255, -0.388435,
		-0.765544, 0.535416, -0.356752,
		-0.027573, 0.526682, 0.849615,
		38.205864, 52.989258, 49.951405>
	pigment { color rgbt <0,1,1,0> }
	no_shadow
}
cylinder {
	<38.727608, 52.699772, 49.876965>,  <38.225163, 52.620579, 49.356674>, 0.130000
	pigment { color rgbt <1,0,0,0> }
	no_shadow
}

// nucleotide -1

// particle -1
sphere {
	<38.727608, 52.699772, 49.876965> 0.250000
	pigment { color rgbt <1,0,0,0> }
	no_shadow
}
cylinder {
	<38.957096, 52.745483, 49.552547>,  <39.094788, 52.772911, 49.357899>, 0.100000
	pigment { color rgbt <1,0,0,0> }
	no_shadow
}
cylinder {
	<38.957096, 52.745483, 49.552547>,  <38.727608, 52.699772, 49.876965>, 0.100000
	pigment { color rgbt <1,0,0,0> }
	no_shadow
}

// particle -1
sphere {
	<38.957096, 52.745483, 49.552547> 0.100000
	pigment { color rgbt <1,0,0,0> }
	no_shadow
}
sphere {
	0, 1
	scale<0.080000,0.200000,0.300000>
	matrix <0.819025, -0.088302, 0.566922,
		-0.006831, -0.989517, -0.144255,
		0.573717, 0.114276, -0.811042,
		39.129211, 52.779766, 49.309235>
	pigment { color rgbt <0,1,1,0> }
	no_shadow
}
cylinder {
	<39.074821, 52.199715, 49.930035>,  <38.727608, 52.699772, 49.876965>, 0.130000
	pigment { color rgbt <1,0,0,0> }
	no_shadow
}

// nucleotide -1

// particle -1
sphere {
	<39.074821, 52.199715, 49.930035> 0.250000
	pigment { color rgbt <1,0,0,0> }
	no_shadow
}
cylinder {
	<39.290035, 52.438576, 49.692070>,  <39.419163, 52.581894, 49.549290>, 0.100000
	pigment { color rgbt <1,0,0,0> }
	no_shadow
}
cylinder {
	<39.290035, 52.438576, 49.692070>,  <39.074821, 52.199715, 49.930035>, 0.100000
	pigment { color rgbt <1,0,0,0> }
	no_shadow
}

// particle -1
sphere {
	<39.290035, 52.438576, 49.692070> 0.100000
	pigment { color rgbt <1,0,0,0> }
	no_shadow
}
sphere {
	0, 1
	scale<0.080000,0.200000,0.300000>
	matrix <0.798382, -0.134636, 0.586907,
		0.270378, -0.790745, -0.549198,
		0.538036, 0.597156, -0.594913,
		39.451447, 52.617722, 49.513596>
	pigment { color rgbt <0,1,1,0> }
	no_shadow
}
cylinder {
	<39.758820, 51.891834, 49.644428>,  <39.074821, 52.199715, 49.930035>, 0.130000
	pigment { color rgbt <1,0,0,0> }
	no_shadow
}

// nucleotide -1

// particle -1
sphere {
	<39.758820, 51.891834, 49.644428> 0.250000
	pigment { color rgbt <1,0,0,0> }
	no_shadow
}
cylinder {
	<39.822754, 52.286690, 49.643204>,  <39.861115, 52.523602, 49.642471>, 0.100000
	pigment { color rgbt <1,0,0,0> }
	no_shadow
}
cylinder {
	<39.822754, 52.286690, 49.643204>,  <39.758820, 51.891834, 49.644428>, 0.100000
	pigment { color rgbt <1,0,0,0> }
	no_shadow
}

// particle -1
sphere {
	<39.822754, 52.286690, 49.643204> 0.100000
	pigment { color rgbt <1,0,0,0> }
	no_shadow
}
sphere {
	0, 1
	scale<0.080000,0.200000,0.300000>
	matrix <0.815528, -0.130303, 0.563857,
		0.556207, -0.092620, -0.825867,
		0.159837, 0.987139, -0.003059,
		39.870705, 52.582832, 49.642284>
	pigment { color rgbt <0,1,1,0> }
	no_shadow
}
cylinder {
	<40.473030, 52.046822, 49.406452>,  <39.758820, 51.891834, 49.644428>, 0.130000
	pigment { color rgbt <1,0,0,0> }
	no_shadow
}

// nucleotide -1

// particle -1
sphere {
	<40.473030, 52.046822, 49.406452> 0.250000
	pigment { color rgbt <1,0,0,0> }
	no_shadow
}
cylinder {
	<40.331863, 52.329170, 49.652119>,  <40.247162, 52.498581, 49.799519>, 0.100000
	pigment { color rgbt <1,0,0,0> }
	no_shadow
}
cylinder {
	<40.331863, 52.329170, 49.652119>,  <40.473030, 52.046822, 49.406452>, 0.100000
	pigment { color rgbt <1,0,0,0> }
	no_shadow
}

// particle -1
sphere {
	<40.331863, 52.329170, 49.652119> 0.100000
	pigment { color rgbt <1,0,0,0> }
	no_shadow
}
sphere {
	0, 1
	scale<0.080000,0.200000,0.300000>
	matrix <0.824137, -0.076269, 0.561231,
		0.442998, 0.704223, -0.554818,
		-0.352917, 0.705871, 0.614163,
		40.225990, 52.540932, 49.836369>
	pigment { color rgbt <0,1,1,0> }
	no_shadow
}
cylinder {
	<41.045788, 52.456196, 49.481346>,  <40.473030, 52.046822, 49.406452>, 0.130000
	pigment { color rgbt <1,0,0,0> }
	no_shadow
}

// nucleotide -1

// particle -1
sphere {
	<41.045788, 52.456196, 49.481346> 0.250000
	pigment { color rgbt <1,0,0,0> }
	no_shadow
}
cylinder {
	<40.795429, 52.447433, 49.793186>,  <40.645214, 52.442177, 49.980289>, 0.100000
	pigment { color rgbt <1,0,0,0> }
	no_shadow
}
cylinder {
	<40.795429, 52.447433, 49.793186>,  <41.045788, 52.456196, 49.481346>, 0.100000
	pigment { color rgbt <1,0,0,0> }
	no_shadow
}

// particle -1
sphere {
	<40.795429, 52.447433, 49.793186> 0.100000
	pigment { color rgbt <1,0,0,0> }
	no_shadow
}
sphere {
	0, 1
	scale<0.080000,0.200000,0.300000>
	matrix <0.775799, -0.119939, 0.619475,
		0.079933, 0.992539, 0.092066,
		-0.625896, -0.021908, 0.779599,
		40.607662, 52.440861, 50.027065>
	pigment { color rgbt <0,1,1,0> }
	no_shadow
}
cylinder {
	<41.243233, 52.939724, 50.085732>,  <41.045788, 52.456196, 49.481346>, 0.130000
	pigment { color rgbt <1,0,0,0> }
	no_shadow
}

// nucleotide -1

// particle -1
sphere {
	<41.243233, 52.939724, 50.085732> 0.250000
	pigment { color rgbt <1,0,0,0> }
	no_shadow
}
cylinder {
	<41.011909, 52.655376, 50.245842>,  <40.873116, 52.484768, 50.341908>, 0.100000
	pigment { color rgbt <1,0,0,0> }
	no_shadow
}
cylinder {
	<41.011909, 52.655376, 50.245842>,  <41.243233, 52.939724, 50.085732>, 0.100000
	pigment { color rgbt <1,0,0,0> }
	no_shadow
}

// particle -1
sphere {
	<41.011909, 52.655376, 50.245842> 0.100000
	pigment { color rgbt <1,0,0,0> }
	no_shadow
}
sphere {
	0, 1
	scale<0.080000,0.200000,0.300000>
	matrix <0.672350, -0.137405, 0.727369,
		-0.462062, 0.689774, 0.557415,
		-0.578312, -0.710867, 0.400280,
		40.838417, 52.442116, 50.365925>
	pigment { color rgbt <0,1,1,0> }
	no_shadow
}
cylinder {
	<40.970337, 53.106644, 50.810818>,  <41.243233, 52.939724, 50.085732>, 0.130000
	pigment { color rgbt <1,0,0,0> }
	no_shadow
}

// nucleotide -1

// particle -1
sphere {
	<40.970337, 53.106644, 50.810818> 0.250000
	pigment { color rgbt <1,0,0,0> }
	no_shadow
}
cylinder {
	<41.035206, 52.720398, 50.729546>,  <41.074127, 52.488651, 50.680782>, 0.100000
	pigment { color rgbt <1,0,0,0> }
	no_shadow
}
cylinder {
	<41.035206, 52.720398, 50.729546>,  <40.970337, 53.106644, 50.810818>, 0.100000
	pigment { color rgbt <1,0,0,0> }
	no_shadow
}

// particle -1
sphere {
	<41.035206, 52.720398, 50.729546> 0.100000
	pigment { color rgbt <1,0,0,0> }
	no_shadow
}
sphere {
	0, 1
	scale<0.080000,0.200000,0.300000>
	matrix <0.751551, -0.012560, 0.659555,
		-0.639430, -0.259661, 0.723675,
		0.162171, -0.965618, -0.203180,
		41.083858, 52.430714, 50.668591>
	pigment { color rgbt <0,1,1,0> }
	no_shadow
}
cylinder {
	<41.642673, 53.150120, 50.994366>,  <40.970337, 53.106644, 50.810818>, 0.130000
	pigment { color rgbt <1,0,0,0> }
	no_shadow
}

// nucleotide -1

// particle -1
sphere {
	<41.642673, 53.150120, 50.994366> 0.250000
	pigment { color rgbt <1,0,0,0> }
	no_shadow
}
cylinder {
	<41.843655, 53.032219, 51.319489>,  <41.964245, 52.961479, 51.514565>, 0.100000
	pigment { color rgbt <1,0,0,0> }
	no_shadow
}
cylinder {
	<41.843655, 53.032219, 51.319489>,  <41.642673, 53.150120, 50.994366>, 0.100000
	pigment { color rgbt <1,0,0,0> }
	no_shadow
}

// particle -1
sphere {
	<41.843655, 53.032219, 51.319489> 0.100000
	pigment { color rgbt <1,0,0,0> }
	no_shadow
}
sphere {
	0, 1
	scale<0.080000,0.200000,0.300000>
	matrix <0.860314, 0.263971, -0.436095,
		-0.086019, 0.918390, 0.386212,
		0.502454, -0.294751, 0.812811,
		41.994392, 52.943794, 51.563332>
	pigment { color rgbt <0,1,1,0> }
	no_shadow
}
cylinder {
	<42.005291, 53.751278, 51.327229>,  <41.642673, 53.150120, 50.994366>, 0.130000
	pigment { color rgbt <1,0,0,0> }
	no_shadow
}

// nucleotide -1

// particle -1
sphere {
	<42.005291, 53.751278, 51.327229> 0.250000
	pigment { color rgbt <1,0,0,0> }
	no_shadow
}
cylinder {
	<42.169537, 53.388702, 51.366745>,  <42.268085, 53.171158, 51.390457>, 0.100000
	pigment { color rgbt <1,0,0,0> }
	no_shadow
}
cylinder {
	<42.169537, 53.388702, 51.366745>,  <42.005291, 53.751278, 51.327229>, 0.100000
	pigment { color rgbt <1,0,0,0> }
	no_shadow
}

// particle -1
sphere {
	<42.169537, 53.388702, 51.366745> 0.100000
	pigment { color rgbt <1,0,0,0> }
	no_shadow
}
sphere {
	0, 1
	scale<0.080000,0.200000,0.300000>
	matrix <0.864062, 0.352224, -0.359632,
		0.291187, 0.233035, 0.927849,
		0.410617, -0.906440, 0.098794,
		42.292721, 53.116772, 51.396381>
	pigment { color rgbt <0,1,1,0> }
	no_shadow
}
cylinder {
	<42.701801, 53.845062, 51.652100>,  <42.005291, 53.751278, 51.327229>, 0.130000
	pigment { color rgbt <1,0,0,0> }
	no_shadow
}

// nucleotide -1

// particle -1
sphere {
	<42.701801, 53.845062, 51.652100> 0.250000
	pigment { color rgbt <1,0,0,0> }
	no_shadow
}
cylinder {
	<42.711224, 53.487206, 51.473633>,  <42.716877, 53.272491, 51.366550>, 0.100000
	pigment { color rgbt <1,0,0,0> }
	no_shadow
}
cylinder {
	<42.711224, 53.487206, 51.473633>,  <42.701801, 53.845062, 51.652100>, 0.100000
	pigment { color rgbt <1,0,0,0> }
	no_shadow
}

// particle -1
sphere {
	<42.711224, 53.487206, 51.473633> 0.100000
	pigment { color rgbt <1,0,0,0> }
	no_shadow
}
sphere {
	0, 1
	scale<0.080000,0.200000,0.300000>
	matrix <0.924109, 0.189750, -0.331688,
		0.381402, -0.404495, 0.831214,
		0.023557, -0.894639, -0.446169,
		42.718292, 53.218815, 51.339783>
	pigment { color rgbt <0,1,1,0> }
	no_shadow
}
cylinder {
	<43.438984, 53.341385, 51.802929>,  <42.701801, 53.845062, 51.652100>, 0.130000
	pigment { color rgbt <1,0,0,0> }
	no_shadow
}

// nucleotide -1

// particle -1
sphere {
	<43.438984, 53.341385, 51.802929> 0.250000
	pigment { color rgbt <1,0,0,0> }
	no_shadow
}
cylinder {
	<43.250877, 53.273121, 51.456581>,  <43.138016, 53.232162, 51.248772>, 0.100000
	pigment { color rgbt <1,0,0,0> }
	no_shadow
}
cylinder {
	<43.250877, 53.273121, 51.456581>,  <43.438984, 53.341385, 51.802929>, 0.100000
	pigment { color rgbt <1,0,0,0> }
	no_shadow
}

// particle -1
sphere {
	<43.250877, 53.273121, 51.456581> 0.100000
	pigment { color rgbt <1,0,0,0> }
	no_shadow
}
sphere {
	0, 1
	scale<0.080000,0.200000,0.300000>
	matrix <0.837843, 0.221903, -0.498777,
		0.277260, -0.960018, 0.038634,
		-0.470262, -0.170660, -0.865868,
		43.109798, 53.221924, 51.196819>
	pigment { color rgbt <0,1,1,0> }
	no_shadow
}
cylinder {
	<43.837105, 53.986065, 51.415756>,  <43.438984, 53.341385, 51.802929>, 0.130000
	pigment { color rgbt <1,0,0,0> }
	no_shadow
}

// nucleotide -1

// particle -1
sphere {
	<43.837105, 53.986065, 51.415756> 0.250000
	pigment { color rgbt <1,0,0,0> }
	no_shadow
}
cylinder {
	<44.062542, 54.247128, 51.213211>,  <44.197803, 54.403767, 51.091682>, 0.100000
	pigment { color rgbt <1,0,0,0> }
	no_shadow
}
cylinder {
	<44.062542, 54.247128, 51.213211>,  <43.837105, 53.986065, 51.415756>, 0.100000
	pigment { color rgbt <1,0,0,0> }
	no_shadow
}

// particle -1
sphere {
	<44.062542, 54.247128, 51.213211> 0.100000
	pigment { color rgbt <1,0,0,0> }
	no_shadow
}
sphere {
	0, 1
	scale<0.080000,0.200000,0.300000>
	matrix <0.655148, -0.726522, -0.207237,
		-0.503138, -0.214947, -0.837048,
		0.563589, 0.652659, -0.506363,
		44.231617, 54.442924, 51.061302>
	pigment { color rgbt <0,1,1,0> }
	no_shadow
}
cylinder {
	<44.107910, 53.511658, 50.955555>,  <43.837105, 53.986065, 51.415756>, 0.130000
	pigment { color rgbt <1,0,0,0> }
	no_shadow
}

// nucleotide -1

// particle -1
sphere {
	<44.107910, 53.511658, 50.955555> 0.250000
	pigment { color rgbt <1,0,0,0> }
	no_shadow
}
cylinder {
	<44.317120, 53.850811, 50.920826>,  <44.442646, 54.054302, 50.899986>, 0.100000
	pigment { color rgbt <1,0,0,0> }
	no_shadow
}
cylinder {
	<44.317120, 53.850811, 50.920826>,  <44.107910, 53.511658, 50.955555>, 0.100000
	pigment { color rgbt <1,0,0,0> }
	no_shadow
}

// particle -1
sphere {
	<44.317120, 53.850811, 50.920826> 0.100000
	pigment { color rgbt <1,0,0,0> }
	no_shadow
}
sphere {
	0, 1
	scale<0.080000,0.200000,0.300000>
	matrix <0.831494, -0.529966, -0.166592,
		-0.187265, 0.014936, -0.982196,
		0.523019, 0.847887, -0.086825,
		44.474026, 54.105179, 50.894779>
	pigment { color rgbt <0,1,1,0> }
	no_shadow
}
cylinder {
	<44.563507, 53.479576, 50.268852>,  <44.107910, 53.511658, 50.955555>, 0.130000
	pigment { color rgbt <1,0,0,0> }
	no_shadow
}

// nucleotide -1

// particle -1
sphere {
	<44.563507, 53.479576, 50.268852> 0.250000
	pigment { color rgbt <1,0,0,0> }
	no_shadow
}
cylinder {
	<44.684738, 53.684090, 50.590530>,  <44.757477, 53.806797, 50.783539>, 0.100000
	pigment { color rgbt <1,0,0,0> }
	no_shadow
}
cylinder {
	<44.684738, 53.684090, 50.590530>,  <44.563507, 53.479576, 50.268852>, 0.100000
	pigment { color rgbt <1,0,0,0> }
	no_shadow
}

// particle -1
sphere {
	<44.684738, 53.684090, 50.590530> 0.100000
	pigment { color rgbt <1,0,0,0> }
	no_shadow
}
sphere {
	0, 1
	scale<0.080000,0.200000,0.300000>
	matrix <0.832903, -0.552171, 0.037159,
		0.463054, 0.658557, -0.593198,
		0.303075, 0.511283, 0.804199,
		44.775661, 53.837475, 50.831791>
	pigment { color rgbt <0,1,1,0> }
	no_shadow
}
cylinder {
	<45.274334, 53.288349, 50.203976>,  <44.563507, 53.479576, 50.268852>, 0.130000
	pigment { color rgbt <1,0,0,0> }
	no_shadow
}

// nucleotide -1

// particle -1
sphere {
	<45.274334, 53.288349, 50.203976> 0.250000
	pigment { color rgbt <1,0,0,0> }
	no_shadow
}
cylinder {
	<45.175903, 53.453392, 50.554794>,  <45.116844, 53.552418, 50.765285>, 0.100000
	pigment { color rgbt <1,0,0,0> }
	no_shadow
}
cylinder {
	<45.175903, 53.453392, 50.554794>,  <45.274334, 53.288349, 50.203976>, 0.100000
	pigment { color rgbt <1,0,0,0> }
	no_shadow
}

// particle -1
sphere {
	<45.175903, 53.453392, 50.554794> 0.100000
	pigment { color rgbt <1,0,0,0> }
	no_shadow
}
sphere {
	0, 1
	scale<0.080000,0.200000,0.300000>
	matrix <0.745587, -0.497592, 0.443285,
		0.619311, 0.762993, -0.185189,
		-0.246075, 0.412606, 0.877042,
		45.102081, 53.577175, 50.817905>
	pigment { color rgbt <0,1,1,0> }
	no_shadow
}
cylinder {
	<45.863304, 53.477837, 50.521488>,  <45.274334, 53.288349, 50.203976>, 0.130000
	pigment { color rgbt <1,0,0,0> }
	no_shadow
}

// nucleotide -1

// particle -1
sphere {
	<45.863304, 53.477837, 50.521488> 0.250000
	pigment { color rgbt <1,0,0,0> }
	no_shadow
}
cylinder {
	<45.613171, 53.454773, 50.832779>,  <45.463089, 53.440933, 51.019554>, 0.100000
	pigment { color rgbt <1,0,0,0> }
	no_shadow
}
cylinder {
	<45.613171, 53.454773, 50.832779>,  <45.863304, 53.477837, 50.521488>, 0.100000
	pigment { color rgbt <1,0,0,0> }
	no_shadow
}

// particle -1
sphere {
	<45.613171, 53.454773, 50.832779> 0.100000
	pigment { color rgbt <1,0,0,0> }
	no_shadow
}
sphere {
	0, 1
	scale<0.080000,0.200000,0.300000>
	matrix <0.755778, -0.293073, 0.585584,
		0.194312, 0.954350, 0.226847,
		-0.625334, -0.057660, 0.778224,
		45.425571, 53.437473, 51.066246>
	pigment { color rgbt <0,1,1,0> }
	no_shadow
}
cylinder {
	<45.794056, 53.928860, 51.118999>,  <45.863304, 53.477837, 50.521488>, 0.130000
	pigment { color rgbt <1,0,0,0> }
	no_shadow
}

// nucleotide -1

// particle -1
sphere {
	<45.794056, 53.928860, 51.118999> 0.250000
	pigment { color rgbt <1,0,0,0> }
	no_shadow
}
cylinder {
	<45.758633, 54.260204, 50.897739>,  <45.737381, 54.459011, 50.764984>, 0.100000
	pigment { color rgbt <1,0,0,0> }
	no_shadow
}
cylinder {
	<45.758633, 54.260204, 50.897739>,  <45.794056, 53.928860, 51.118999>, 0.100000
	pigment { color rgbt <1,0,0,0> }
	no_shadow
}

// particle -1
sphere {
	<45.758633, 54.260204, 50.897739> 0.100000
	pigment { color rgbt <1,0,0,0> }
	no_shadow
}
sphere {
	0, 1
	scale<0.080000,0.200000,0.300000>
	matrix <0.165920, 0.559837, 0.811821,
		0.982155, -0.019886, -0.187019,
		-0.088556, 0.828364, -0.553147,
		45.732067, 54.508713, 50.731796>
	pigment { color rgbt <0,1,1,0> }
	no_shadow
}
cylinder {
	<46.342697, 54.300476, 51.145412>,  <45.794056, 53.928860, 51.118999>, 0.130000
	pigment { color rgbt <1,0,0,0> }
	no_shadow
}

// nucleotide -1

// particle -1
sphere {
	<46.342697, 54.300476, 51.145412> 0.250000
	pigment { color rgbt <1,0,0,0> }
	no_shadow
}
cylinder {
	<46.073494, 54.588619, 51.078304>,  <45.911972, 54.761505, 51.038040>, 0.100000
	pigment { color rgbt <1,0,0,0> }
	no_shadow
}
cylinder {
	<46.073494, 54.588619, 51.078304>,  <46.342697, 54.300476, 51.145412>, 0.100000
	pigment { color rgbt <1,0,0,0> }
	no_shadow
}

// particle -1
sphere {
	<46.073494, 54.588619, 51.078304> 0.100000
	pigment { color rgbt <1,0,0,0> }
	no_shadow
}
sphere {
	0, 1
	scale<0.080000,0.200000,0.300000>
	matrix <0.314452, 0.483979, 0.816630,
		0.669460, 0.496844, -0.552240,
		-0.673010, 0.720354, -0.167771,
		45.871590, 54.804726, 51.027973>
	pigment { color rgbt <0,1,1,0> }
	no_shadow
}
cylinder {
	<46.657913, 54.951069, 50.883877>,  <46.342697, 54.300476, 51.145412>, 0.130000
	pigment { color rgbt <1,0,0,0> }
	no_shadow
}

// nucleotide -1

// particle -1
sphere {
	<46.657913, 54.951069, 50.883877> 0.250000
	pigment { color rgbt <1,0,0,0> }
	no_shadow
}
cylinder {
	<46.329010, 55.019276, 51.101067>,  <46.131668, 55.060200, 51.231380>, 0.100000
	pigment { color rgbt <1,0,0,0> }
	no_shadow
}
cylinder {
	<46.329010, 55.019276, 51.101067>,  <46.657913, 54.951069, 50.883877>, 0.100000
	pigment { color rgbt <1,0,0,0> }
	no_shadow
}

// particle -1
sphere {
	<46.329010, 55.019276, 51.101067> 0.100000
	pigment { color rgbt <1,0,0,0> }
	no_shadow
}
sphere {
	0, 1
	scale<0.080000,0.200000,0.300000>
	matrix <0.482883, 0.713952, 0.507047,
		-0.301193, 0.679114, -0.669393,
		-0.822257, 0.170519, 0.542970,
		46.082333, 55.070431, 51.263958>
	pigment { color rgbt <0,1,1,0> }
	no_shadow
}
cylinder {
	<46.548435, 55.710209, 51.075024>,  <46.657913, 54.951069, 50.883877>, 0.130000
	pigment { color rgbt <1,0,0,0> }
	no_shadow
}

// nucleotide -1

// particle -1
sphere {
	<46.548435, 55.710209, 51.075024> 0.250000
	pigment { color rgbt <1,0,0,0> }
	no_shadow
}
cylinder {
	<46.432281, 55.448185, 51.354046>,  <46.362591, 55.290970, 51.521458>, 0.100000
	pigment { color rgbt <1,0,0,0> }
	no_shadow
}
cylinder {
	<46.432281, 55.448185, 51.354046>,  <46.548435, 55.710209, 51.075024>, 0.100000
	pigment { color rgbt <1,0,0,0> }
	no_shadow
}

// particle -1
sphere {
	<46.432281, 55.448185, 51.354046> 0.100000
	pigment { color rgbt <1,0,0,0> }
	no_shadow
}
sphere {
	0, 1
	scale<0.080000,0.200000,0.300000>
	matrix <0.595494, 0.446906, 0.667579,
		-0.749043, 0.609241, 0.260308,
		-0.290383, -0.655057, 0.697551,
		46.345165, 55.251667, 51.563313>
	pigment { color rgbt <0,1,1,0> }
	no_shadow
}
cylinder {
	<46.194149, 56.085045, 51.691875>,  <46.548435, 55.710209, 51.075024>, 0.130000
	pigment { color rgbt <1,0,0,0> }
	no_shadow
}

// nucleotide -1

// particle -1
sphere {
	<46.194149, 56.085045, 51.691875> 0.250000
	pigment { color rgbt <1,0,0,0> }
	no_shadow
}
cylinder {
	<46.346539, 55.728374, 51.789665>,  <46.437973, 55.514374, 51.848339>, 0.100000
	pigment { color rgbt <1,0,0,0> }
	no_shadow
}
cylinder {
	<46.346539, 55.728374, 51.789665>,  <46.194149, 56.085045, 51.691875>, 0.100000
	pigment { color rgbt <1,0,0,0> }
	no_shadow
}

// particle -1
sphere {
	<46.346539, 55.728374, 51.789665> 0.100000
	pigment { color rgbt <1,0,0,0> }
	no_shadow
}
sphere {
	0, 1
	scale<0.080000,0.200000,0.300000>
	matrix <0.607044, 0.440674, 0.661289,
		-0.697390, -0.103530, 0.709175,
		0.380978, -0.891677, 0.244474,
		46.460831, 55.460873, 51.863007>
	pigment { color rgbt <0,1,1,0> }
	no_shadow
}
cylinder {
	<46.492516, 56.005287, 52.381882>,  <46.194149, 56.085045, 51.691875>, 0.130000
	pigment { color rgbt <1,0,0,0> }
	no_shadow
}

// nucleotide -1

// particle -1
sphere {
	<46.492516, 56.005287, 52.381882> 0.250000
	pigment { color rgbt <1,0,0,0> }
	no_shadow
}
cylinder {
	<46.692287, 55.699833, 52.218208>,  <46.812149, 55.516560, 52.120003>, 0.100000
	pigment { color rgbt <1,0,0,0> }
	no_shadow
}
cylinder {
	<46.692287, 55.699833, 52.218208>,  <46.492516, 56.005287, 52.381882>, 0.100000
	pigment { color rgbt <1,0,0,0> }
	no_shadow
}

// particle -1
sphere {
	<46.692287, 55.699833, 52.218208> 0.100000
	pigment { color rgbt <1,0,0,0> }
	no_shadow
}
sphere {
	0, 1
	scale<0.080000,0.200000,0.300000>
	matrix <0.848056, 0.334350, 0.411109,
		-0.177129, -0.552328, 0.814592,
		0.499426, -0.763638, -0.409182,
		46.842113, 55.470741, 52.095455>
	pigment { color rgbt <0,1,1,0> }
	no_shadow
}
cylinder {
	<46.879002, 55.669285, 52.890980>,  <46.492516, 56.005287, 52.381882>, 0.130000
	pigment { color rgbt <1,0,0,0> }
	no_shadow
}

// nucleotide -1

// particle -1
sphere {
	<46.879002, 55.669285, 52.890980> 0.250000
	pigment { color rgbt <1,0,0,0> }
	no_shadow
}
cylinder {
	<47.089272, 55.522839, 52.583832>,  <47.215431, 55.434971, 52.399544>, 0.100000
	pigment { color rgbt <1,0,0,0> }
	no_shadow
}
cylinder {
	<47.089272, 55.522839, 52.583832>,  <46.879002, 55.669285, 52.890980>, 0.100000
	pigment { color rgbt <1,0,0,0> }
	no_shadow
}

// particle -1
sphere {
	<47.089272, 55.522839, 52.583832> 0.100000
	pigment { color rgbt <1,0,0,0> }
	no_shadow
}
sphere {
	0, 1
	scale<0.080000,0.200000,0.300000>
	matrix <0.842735, 0.100985, 0.528771,
		-0.116047, -0.925074, 0.361623,
		0.525671, -0.366115, -0.767873,
		47.246971, 55.413006, 52.353470>
	pigment { color rgbt <0,1,1,0> }
	no_shadow
}
cylinder {
	<47.371685, 55.012035, 53.047432>,  <46.879002, 55.669285, 52.890980>, 0.130000
	pigment { color rgbt <1,0,0,0> }
	no_shadow
}

// nucleotide -1

// particle -1
sphere {
	<47.371685, 55.012035, 53.047432> 0.250000
	pigment { color rgbt <1,0,0,0> }
	no_shadow
}
cylinder {
	<47.487637, 55.253532, 52.750389>,  <47.557209, 55.398430, 52.572163>, 0.100000
	pigment { color rgbt <1,0,0,0> }
	no_shadow
}
cylinder {
	<47.487637, 55.253532, 52.750389>,  <47.371685, 55.012035, 53.047432>, 0.100000
	pigment { color rgbt <1,0,0,0> }
	no_shadow
}

// particle -1
sphere {
	<47.487637, 55.253532, 52.750389> 0.100000
	pigment { color rgbt <1,0,0,0> }
	no_shadow
}
sphere {
	0, 1
	scale<0.080000,0.200000,0.300000>
	matrix <0.904462, 0.080877, 0.418816,
		0.312918, -0.793063, -0.522621,
		0.289880, 0.603746, -0.742604,
		47.574600, 55.434658, 52.527607>
	pigment { color rgbt <0,1,1,0> }
	no_shadow
}
cylinder {
	<48.016075, 54.758358, 52.597179>,  <47.371685, 55.012035, 53.047432>, 0.130000
	pigment { color rgbt <1,0,0,0> }
	no_shadow
}

// nucleotide -1

// particle -1
sphere {
	<48.016075, 54.758358, 52.597179> 0.250000
	pigment { color rgbt <1,0,0,0> }
	no_shadow
}
cylinder {
	<47.986694, 55.156853, 52.615620>,  <47.969067, 55.395950, 52.626682>, 0.100000
	pigment { color rgbt <1,0,0,0> }
	no_shadow
}
cylinder {
	<47.986694, 55.156853, 52.615620>,  <48.016075, 54.758358, 52.597179>, 0.100000
	pigment { color rgbt <1,0,0,0> }
	no_shadow
}

// particle -1
sphere {
	<47.986694, 55.156853, 52.615620> 0.100000
	pigment { color rgbt <1,0,0,0> }
	no_shadow
}
sphere {
	0, 1
	scale<0.080000,0.200000,0.300000>
	matrix <0.923834, 0.050558, 0.379440,
		0.375679, 0.070459, -0.924067,
		-0.073454, 0.996233, 0.046099,
		47.964657, 55.455723, 52.629448>
	pigment { color rgbt <0,1,1,0> }
	no_shadow
}
cylinder {
	<48.490768, 55.100651, 52.267029>,  <48.016075, 54.758358, 52.597179>, 0.130000
	pigment { color rgbt <1,0,0,0> }
	no_shadow
}

// nucleotide -1

// particle -1
sphere {
	<48.490768, 55.100651, 52.267029> 0.250000
	pigment { color rgbt <1,0,0,0> }
	no_shadow
}
cylinder {
	<48.392097, 55.361214, 52.554031>,  <48.332893, 55.517551, 52.726231>, 0.100000
	pigment { color rgbt <1,0,0,0> }
	no_shadow
}
cylinder {
	<48.392097, 55.361214, 52.554031>,  <48.490768, 55.100651, 52.267029>, 0.100000
	pigment { color rgbt <1,0,0,0> }
	no_shadow
}

// particle -1
sphere {
	<48.392097, 55.361214, 52.554031> 0.100000
	pigment { color rgbt <1,0,0,0> }
	no_shadow
}
sphere {
	0, 1
	scale<0.080000,0.200000,0.300000>
	matrix <0.958615, 0.055423, 0.279258,
		0.142146, 0.756698, -0.638124,
		-0.246681, 0.651411, 0.717504,
		48.318092, 55.556637, 52.769283>
	pigment { color rgbt <0,1,1,0> }
	no_shadow
}
cylinder {
	<49.090931, 55.557751, 52.290493>,  <48.490768, 55.100651, 52.267029>, 0.130000
	pigment { color rgbt <1,0,0,0> }
	no_shadow
}

// nucleotide -1

// particle -1
sphere {
	<49.090931, 55.557751, 52.290493> 0.250000
	pigment { color rgbt <1,0,0,0> }
	no_shadow
}
cylinder {
	<48.890186, 55.656281, 52.622147>,  <48.769741, 55.715401, 52.821140>, 0.100000
	pigment { color rgbt <1,0,0,0> }
	no_shadow
}
cylinder {
	<48.890186, 55.656281, 52.622147>,  <49.090931, 55.557751, 52.290493>, 0.100000
	pigment { color rgbt <1,0,0,0> }
	no_shadow
}

// particle -1
sphere {
	<48.890186, 55.656281, 52.622147> 0.100000
	pigment { color rgbt <1,0,0,0> }
	no_shadow
}
sphere {
	0, 1
	scale<0.080000,0.200000,0.300000>
	matrix <0.844279, 0.347824, 0.407691,
		-0.187967, 0.904622, -0.382527,
		-0.501859, 0.246327, 0.829132,
		48.739628, 55.730179, 52.870888>
	pigment { color rgbt <0,1,1,0> }
	no_shadow
}
cylinder {
	<49.343628, 56.253769, 52.503944>,  <49.090931, 55.557751, 52.290493>, 0.130000
	pigment { color rgbt <1,0,0,0> }
	no_shadow
}

// nucleotide -1

// particle -1
sphere {
	<49.343628, 56.253769, 52.503944> 0.250000
	pigment { color rgbt <1,0,0,0> }
	no_shadow
}
cylinder {
	<49.216702, 56.064285, 52.832558>,  <49.140549, 55.950596, 53.029724>, 0.100000
	pigment { color rgbt <1,0,0,0> }
	no_shadow
}
cylinder {
	<49.216702, 56.064285, 52.832558>,  <49.343628, 56.253769, 52.503944>, 0.100000
	pigment { color rgbt <1,0,0,0> }
	no_shadow
}

// particle -1
sphere {
	<49.216702, 56.064285, 52.832558> 0.100000
	pigment { color rgbt <1,0,0,0> }
	no_shadow
}
sphere {
	0, 1
	scale<0.080000,0.200000,0.300000>
	matrix <0.804125, 0.324811, 0.497877,
		-0.502690, 0.818597, 0.277853,
		-0.317311, -0.473706, 0.821533,
		49.121510, 55.922173, 53.079018>
	pigment { color rgbt <0,1,1,0> }
	no_shadow
}
cylinder {
	<49.578789, 56.569153, 53.160534>,  <49.343628, 56.253769, 52.503944>, 0.130000
	pigment { color rgbt <1,0,0,0> }
	no_shadow
}

// nucleotide -1

// particle -1
sphere {
	<49.578789, 56.569153, 53.160534> 0.250000
	pigment { color rgbt <1,0,0,0> }
	no_shadow
}
cylinder {
	<49.515472, 56.187370, 53.261700>,  <49.477482, 55.958302, 53.322399>, 0.100000
	pigment { color rgbt <1,0,0,0> }
	no_shadow
}
cylinder {
	<49.515472, 56.187370, 53.261700>,  <49.578789, 56.569153, 53.160534>, 0.100000
	pigment { color rgbt <1,0,0,0> }
	no_shadow
}

// particle -1
sphere {
	<49.515472, 56.187370, 53.261700> 0.100000
	pigment { color rgbt <1,0,0,0> }
	no_shadow
}
sphere {
	0, 1
	scale<0.080000,0.200000,0.300000>
	matrix <0.820821, 0.015172, 0.570983,
		-0.548813, 0.297979, 0.781033,
		-0.158291, -0.954452, 0.252914,
		49.467983, 55.901035, 53.337574>
	pigment { color rgbt <0,1,1,0> }
	no_shadow
}
cylinder {
	<49.589657, 56.492641, 53.911255>,  <49.578789, 56.569153, 53.160534>, 0.130000
	pigment { color rgbt <1,0,0,0> }
	no_shadow
}

// nucleotide -1

// particle -1
sphere {
	<49.589657, 56.492641, 53.911255> 0.250000
	pigment { color rgbt <1,0,0,0> }
	no_shadow
}
cylinder {
	<49.715981, 56.171803, 53.708511>,  <49.791775, 55.979298, 53.586864>, 0.100000
	pigment { color rgbt <1,0,0,0> }
	no_shadow
}
cylinder {
	<49.715981, 56.171803, 53.708511>,  <49.589657, 56.492641, 53.911255>, 0.100000
	pigment { color rgbt <1,0,0,0> }
	no_shadow
}

// particle -1
sphere {
	<49.715981, 56.171803, 53.708511> 0.100000
	pigment { color rgbt <1,0,0,0> }
	no_shadow
}
sphere {
	0, 1
	scale<0.080000,0.200000,0.300000>
	matrix <0.736282, -0.129770, 0.664115,
		-0.598460, -0.582923, 0.549588,
		0.315808, -0.802097, -0.506858,
		49.810722, 55.931175, 53.556454>
	pigment { color rgbt <0,1,1,0> }
	no_shadow
}
cylinder {
	<49.620747, 56.008553, 54.391472>,  <49.589657, 56.492641, 53.911255>, 0.130000
	pigment { color rgbt <1,0,0,0> }
	no_shadow
}

// nucleotide -1

// particle -1
sphere {
	<49.620747, 56.008553, 54.391472> 0.250000
	pigment { color rgbt <1,0,0,0> }
	no_shadow
}
cylinder {
	<49.840126, 55.849361, 54.097309>,  <49.971756, 55.753849, 53.920811>, 0.100000
	pigment { color rgbt <1,0,0,0> }
	no_shadow
}
cylinder {
	<49.840126, 55.849361, 54.097309>,  <49.620747, 56.008553, 54.391472>, 0.100000
	pigment { color rgbt <1,0,0,0> }
	no_shadow
}

// particle -1
sphere {
	<49.840126, 55.849361, 54.097309> 0.100000
	pigment { color rgbt <1,0,0,0> }
	no_shadow
}
sphere {
	0, 1
	scale<0.080000,0.200000,0.300000>
	matrix <0.757604, -0.135712, 0.638450,
		-0.353889, -0.907303, 0.227075,
		0.548451, -0.397973, -0.735404,
		50.004662, 55.729969, 53.876686>
	pigment { color rgbt <0,1,1,0> }
	no_shadow
}
cylinder {
	<50.033867, 55.284569, 54.559971>,  <49.620747, 56.008553, 54.391472>, 0.130000
	pigment { color rgbt <1,0,0,0> }
	no_shadow
}

// nucleotide -1

// particle -1
sphere {
	<50.033867, 55.284569, 54.559971> 0.250000
	pigment { color rgbt <1,0,0,0> }
	no_shadow
}
cylinder {
	<50.237762, 55.514164, 54.303623>,  <50.360100, 55.651920, 54.149815>, 0.100000
	pigment { color rgbt <1,0,0,0> }
	no_shadow
}
cylinder {
	<50.237762, 55.514164, 54.303623>,  <50.033867, 55.284569, 54.559971>, 0.100000
	pigment { color rgbt <1,0,0,0> }
	no_shadow
}

// particle -1
sphere {
	<50.237762, 55.514164, 54.303623> 0.100000
	pigment { color rgbt <1,0,0,0> }
	no_shadow
}
sphere {
	0, 1
	scale<0.080000,0.200000,0.300000>
	matrix <0.749174, 0.070090, 0.658654,
		0.422976, -0.815861, -0.394288,
		0.509735, 0.573985, -0.640868,
		50.390682, 55.686359, 54.111362>
	pigment { color rgbt <0,1,1,0> }
	no_shadow
}
cylinder {
	<50.696865, 55.045288, 54.625103>,  <50.033867, 55.284569, 54.559971>, 0.130000
	pigment { color rgbt <1,0,0,0> }
	no_shadow
}

// nucleotide -1

// particle -1
sphere {
	<50.696865, 55.045288, 54.625103> 0.250000
	pigment { color rgbt <1,0,0,0> }
	no_shadow
}
cylinder {
	<50.718067, 55.406948, 54.455536>,  <50.730789, 55.623943, 54.353794>, 0.100000
	pigment { color rgbt <1,0,0,0> }
	no_shadow
}
cylinder {
	<50.718067, 55.406948, 54.455536>,  <50.696865, 55.045288, 54.625103>, 0.100000
	pigment { color rgbt <1,0,0,0> }
	no_shadow
}

// particle -1
sphere {
	<50.718067, 55.406948, 54.455536> 0.100000
	pigment { color rgbt <1,0,0,0> }
	no_shadow
}
sphere {
	0, 1
	scale<0.080000,0.200000,0.300000>
	matrix <0.859313, 0.174953, 0.480595,
		0.508695, -0.389752, -0.767674,
		0.053006, 0.904149, -0.423916,
		50.733971, 55.678192, 54.328362>
	pigment { color rgbt <0,1,1,0> }
	no_shadow
}
cylinder {
	<51.311249, 55.121372, 54.137291>,  <50.696865, 55.045288, 54.625103>, 0.130000
	pigment { color rgbt <1,0,0,0> }
	no_shadow
}

// nucleotide -1

// particle -1
sphere {
	<51.311249, 55.121372, 54.137291> 0.250000
	pigment { color rgbt <1,0,0,0> }
	no_shadow
}
cylinder {
	<51.212399, 55.474659, 54.296715>,  <51.153088, 55.686630, 54.392368>, 0.100000
	pigment { color rgbt <1,0,0,0> }
	no_shadow
}
cylinder {
	<51.212399, 55.474659, 54.296715>,  <51.311249, 55.121372, 54.137291>, 0.100000
	pigment { color rgbt <1,0,0,0> }
	no_shadow
}

// particle -1
sphere {
	<51.212399, 55.474659, 54.296715> 0.100000
	pigment { color rgbt <1,0,0,0> }
	no_shadow
}
sphere {
	0, 1
	scale<0.080000,0.200000,0.300000>
	matrix <0.877273, 0.029266, 0.479098,
		0.411484, 0.468049, -0.782056,
		-0.247129, 0.883218, 0.398564,
		51.138260, 55.739624, 54.416283>
	pigment { color rgbt <0,1,1,0> }
	no_shadow
}
cylinder {
	<51.854931, 55.776249, 54.064823>,  <51.311249, 55.121372, 54.137291>, 0.130000
	pigment { color rgbt <1,0,0,0> }
	no_shadow
}

// nucleotide -1

// particle -1
sphere {
	<51.854931, 55.776249, 54.064823> 0.250000
	pigment { color rgbt <1,0,0,0> }
	no_shadow
}
cylinder {
	<51.619450, 55.799839, 54.387299>,  <51.478161, 55.813995, 54.580784>, 0.100000
	pigment { color rgbt <1,0,0,0> }
	no_shadow
}
cylinder {
	<51.619450, 55.799839, 54.387299>,  <51.854931, 55.776249, 54.064823>, 0.100000
	pigment { color rgbt <1,0,0,0> }
	no_shadow
}

// particle -1
sphere {
	<51.619450, 55.799839, 54.387299> 0.100000
	pigment { color rgbt <1,0,0,0> }
	no_shadow
}
sphere {
	0, 1
	scale<0.080000,0.200000,0.300000>
	matrix <0.797031, 0.208638, 0.566755,
		-0.134776, 0.976213, -0.169834,
		-0.588707, 0.058978, 0.806192,
		51.442837, 55.817532, 54.629158>
	pigment { color rgbt <0,1,1,0> }
	no_shadow
}
cylinder {
	<52.061543, 56.403839, 54.596794>,  <51.854931, 55.776249, 54.064823>, 0.130000
	pigment { color rgbt <1,0,0,0> }
	no_shadow
}

// nucleotide -1

// particle -1
sphere {
	<52.061543, 56.403839, 54.596794> 0.250000
	pigment { color rgbt <1,0,0,0> }
	no_shadow
}
cylinder {
	<51.838131, 56.137436, 54.794571>,  <51.704082, 55.977592, 54.913239>, 0.100000
	pigment { color rgbt <1,0,0,0> }
	no_shadow
}
cylinder {
	<51.838131, 56.137436, 54.794571>,  <52.061543, 56.403839, 54.596794>, 0.100000
	pigment { color rgbt <1,0,0,0> }
	no_shadow
}

// particle -1
sphere {
	<51.838131, 56.137436, 54.794571> 0.100000
	pigment { color rgbt <1,0,0,0> }
	no_shadow
}
sphere {
	0, 1
	scale<0.080000,0.200000,0.300000>
	matrix <0.562309, 0.134209, 0.815964,
		-0.609798, 0.733771, 0.299543,
		-0.558530, -0.666009, 0.494446,
		51.670570, 55.937634, 54.942905>
	pigment { color rgbt <0,1,1,0> }
	no_shadow
}
cylinder {
	<51.974419, 56.724209, 55.190758>,  <52.061543, 56.403839, 54.596794>, 0.130000
	pigment { color rgbt <1,0,0,0> }
	no_shadow
}

// nucleotide -1

// particle -1
sphere {
	<51.974419, 56.724209, 55.190758> 0.250000
	pigment { color rgbt <1,0,0,0> }
	no_shadow
}
cylinder {
	<51.913971, 56.340324, 55.285507>,  <51.877705, 56.109993, 55.342358>, 0.100000
	pigment { color rgbt <1,0,0,0> }
	no_shadow
}
cylinder {
	<51.913971, 56.340324, 55.285507>,  <51.974419, 56.724209, 55.190758>, 0.100000
	pigment { color rgbt <1,0,0,0> }
	no_shadow
}

// particle -1
sphere {
	<51.913971, 56.340324, 55.285507> 0.100000
	pigment { color rgbt <1,0,0,0> }
	no_shadow
}
sphere {
	0, 1
	scale<0.080000,0.200000,0.300000>
	matrix <0.608350, 0.098585, 0.787523,
		-0.779150, 0.263110, 0.568945,
		-0.151115, -0.959716, 0.236875,
		51.868637, 56.052410, 55.356571>
	pigment { color rgbt <0,1,1,0> }
	no_shadow
}
cylinder {
	<51.633846, 56.540344, 55.929337>,  <51.974419, 56.724209, 55.190758>, 0.130000
	pigment { color rgbt <1,0,0,0> }
	no_shadow
}

// nucleotide -1

// particle -1
sphere {
	<51.633846, 56.540344, 55.929337> 0.250000
	pigment { color rgbt <1,0,0,0> }
	no_shadow
}
cylinder {
	<51.875523, 56.260582, 55.776611>,  <52.020527, 56.092724, 55.684978>, 0.100000
	pigment { color rgbt <1,0,0,0> }
	no_shadow
}
cylinder {
	<51.875523, 56.260582, 55.776611>,  <51.633846, 56.540344, 55.929337>, 0.100000
	pigment { color rgbt <1,0,0,0> }
	no_shadow
}

// particle -1
sphere {
	<51.875523, 56.260582, 55.776611> 0.100000
	pigment { color rgbt <1,0,0,0> }
	no_shadow
}
sphere {
	0, 1
	scale<0.080000,0.200000,0.300000>
	matrix <0.564022, 0.036901, 0.824935,
		-0.562878, -0.713768, 0.416777,
		0.604192, -0.699409, -0.381810,
		52.056782, 56.050758, 55.662067>
	pigment { color rgbt <0,1,1,0> }
	no_shadow
}
cylinder {
	<51.560398, 55.928391, 56.204475>,  <51.633846, 56.540344, 55.929337>, 0.130000
	pigment { color rgbt <1,0,0,0> }
	no_shadow
}

// nucleotide -1

// particle -1
sphere {
	<51.560398, 55.928391, 56.204475> 0.250000
	pigment { color rgbt <1,0,0,0> }
	no_shadow
}
cylinder {
	<51.935600, 55.983681, 56.077324>,  <52.160721, 56.016857, 56.001034>, 0.100000
	pigment { color rgbt <1,0,0,0> }
	no_shadow
}
cylinder {
	<51.935600, 55.983681, 56.077324>,  <51.560398, 55.928391, 56.204475>, 0.100000
	pigment { color rgbt <1,0,0,0> }
	no_shadow
}

// particle -1
sphere {
	<51.935600, 55.983681, 56.077324> 0.100000
	pigment { color rgbt <1,0,0,0> }
	no_shadow
}
sphere {
	0, 1
	scale<0.080000,0.200000,0.300000>
	matrix <0.324624, -0.028754, 0.945406,
		0.121542, -0.989983, -0.071844,
