// switches for output
#declare DRAW_BASES = 1; // possible values are 0, 1; only relevant for DNA ribbons
#declare DRAW_BASES_TYPE = 3; // possible values are 1, 2, 3; only relevant for DNA ribbons
#declare DRAW_FOG = 0; // set to 1 to enable fog

#include "colors.inc"

#include "transforms.inc"
background { rgb <1, 1, 1>}

#default {
   normal{
       ripples 0.25
       frequency 0.20
       turbulence 0.2
       lambda 5
   }
	finish {
		phong 0.1
		phong_size 40.
	}
}

// original window dimensions: 1024x640


// camera settings

camera {
	sky <-0, 1, 0>
	up <-0, 1, 0>
	right 1.6 * <0.99995, 0, 0.00999983>
	location <54.4867, 55, 106.329>
	look_at <55, 55, 55.0001>
	direction <0.513302, 0, -51.3289>
	angle 67.0682
}


# declare cpy_camera_pos = <54.4867, 55, 106.329>;
# if (DRAW_FOG = 1)
fog {
	fog_type 2
	up vnormalize(cpy_camera_pos)
	color rgbt<1,1,1,0.3>
	distance 1e-5
	fog_alt 3e-3
	fog_offset 88
}
# end


// LIGHTS

# declare lum = 6;
global_settings {
	ambient_light rgb lum * <0.05, 0.05, 0.05>
	max_trace_level 15
}# declare cpy_direct_light_amount = 0.25;
light_source
{	1000 * <-0.98995, -1, 1.00995>,
	rgb lum * cpy_direct_light_amount
	parallel
}

light_source
{	1000 * <0.98995, 1, -1.00995>,
	rgb lum * cpy_direct_light_amount
	parallel
}

// strand 0

// nucleotide -1

// particle -1
sphere {
	<35.699303, 52.258736, 50.363762> 0.250000
	pigment { color rgbt <1,0,0,0> }
	no_shadow
}
cylinder {
	<35.924858, 52.538689, 50.188400>,  <36.060192, 52.706661, 50.083183>, 0.100000
	pigment { color rgbt <1,0,0,0> }
	no_shadow
}
cylinder {
	<35.924858, 52.538689, 50.188400>,  <35.699303, 52.258736, 50.363762>, 0.100000
	pigment { color rgbt <1,0,0,0> }
	no_shadow
}

// particle -1
sphere {
	<35.924858, 52.538689, 50.188400> 0.100000
	pigment { color rgbt <1,0,0,0> }
	no_shadow
}
sphere {
	0, 1
	scale<0.080000,0.200000,0.300000>
	matrix <0.805177, -0.347871, 0.480287,
		0.183635, -0.623821, -0.759687,
		0.563887, 0.699880, -0.438405,
		36.094025, 52.748653, 50.056877>
	pigment { color rgbt <0,1,1,0> }
	no_shadow
}
cylinder {
	<36.343445, 51.943745, 50.114235>,  <35.699303, 52.258736, 50.363762>, 0.130000
	pigment { color rgbt <1,0,0,0> }
	no_shadow
}

// nucleotide -1

// particle -1
sphere {
	<36.343445, 51.943745, 50.114235> 0.250000
	pigment { color rgbt <1,0,0,0> }
	no_shadow
}
cylinder {
	<36.379967, 52.338490, 50.167549>,  <36.401882, 52.575336, 50.199535>, 0.100000
	pigment { color rgbt <1,0,0,0> }
	no_shadow
}
cylinder {
	<36.379967, 52.338490, 50.167549>,  <36.343445, 51.943745, 50.114235>, 0.100000
	pigment { color rgbt <1,0,0,0> }
	no_shadow
}

// particle -1
sphere {
	<36.379967, 52.338490, 50.167549> 0.100000
	pigment { color rgbt <1,0,0,0> }
	no_shadow
}
sphere {
	0, 1
	scale<0.080000,0.200000,0.300000>
	matrix <0.711704, -0.158283, 0.684415,
		0.696520, 0.032365, -0.716807,
		0.091308, 0.986863, 0.133282,
		36.407360, 52.634548, 50.207535>
	pigment { color rgbt <0,1,1,0> }
	no_shadow
}
cylinder {
	<37.054176, 51.852943, 50.182682>,  <36.343445, 51.943745, 50.114235>, 0.130000
	pigment { color rgbt <1,0,0,0> }
	no_shadow
}

// nucleotide -1

// particle -1
sphere {
	<37.054176, 51.852943, 50.182682> 0.250000
	pigment { color rgbt <1,0,0,0> }
	no_shadow
}
cylinder {
	<36.929398, 52.163914, 50.401146>,  <36.854530, 52.350498, 50.532223>, 0.100000
	pigment { color rgbt <1,0,0,0> }
	no_shadow
}
cylinder {
	<36.929398, 52.163914, 50.401146>,  <37.054176, 51.852943, 50.182682>, 0.100000
	pigment { color rgbt <1,0,0,0> }
	no_shadow
}

// particle -1
sphere {
	<36.929398, 52.163914, 50.401146> 0.100000
	pigment { color rgbt <1,0,0,0> }
	no_shadow
}
sphere {
	0, 1
	scale<0.080000,0.200000,0.300000>
	matrix <0.522167, -0.339958, 0.782158,
		0.793744, 0.529180, -0.299898,
		-0.311950, 0.777430, 0.546160,
		36.835812, 52.397144, 50.564995>
	pigment { color rgbt <0,1,1,0> }
	no_shadow
}
cylinder {
	<37.571381, 52.035149, 50.715710>,  <37.054176, 51.852943, 50.182682>, 0.130000
	pigment { color rgbt <1,0,0,0> }
	no_shadow
}

// nucleotide -1

// particle -1
sphere {
	<37.571381, 52.035149, 50.715710> 0.250000
	pigment { color rgbt <1,0,0,0> }
	no_shadow
}
cylinder {
	<37.236526, 52.206741, 50.851463>,  <37.035614, 52.309696, 50.932915>, 0.100000
	pigment { color rgbt <1,0,0,0> }
	no_shadow
}
cylinder {
	<37.236526, 52.206741, 50.851463>,  <37.571381, 52.035149, 50.715710>, 0.100000
	pigment { color rgbt <1,0,0,0> }
	no_shadow
}

// particle -1
sphere {
	<37.236526, 52.206741, 50.851463> 0.100000
	pigment { color rgbt <1,0,0,0> }
	no_shadow
}
sphere {
	0, 1
	scale<0.080000,0.200000,0.300000>
	matrix <0.287401, -0.182956, 0.940174,
		0.465409, 0.884592, 0.029869,
		-0.837135, 0.428981, 0.339382,
		36.985386, 52.335434, 50.953278>
	pigment { color rgbt <0,1,1,0> }
	no_shadow
}
cylinder {
	<38.187859, 51.553463, 50.792339>,  <37.571381, 52.035149, 50.715710>, 0.130000
	pigment { color rgbt <1,0,0,0> }
	no_shadow
}

// nucleotide -1

// particle -1
sphere {
	<38.187859, 51.553463, 50.792339> 0.250000
	pigment { color rgbt <1,0,0,0> }
	no_shadow
}
cylinder {
	<38.400963, 51.238758, 50.917030>,  <38.528824, 51.049934, 50.991844>, 0.100000
	pigment { color rgbt <1,0,0,0> }
	no_shadow
}
cylinder {
	<38.400963, 51.238758, 50.917030>,  <38.187859, 51.553463, 50.792339>, 0.100000
	pigment { color rgbt <1,0,0,0> }
	no_shadow
}

// particle -1
sphere {
	<38.400963, 51.238758, 50.917030> 0.100000
	pigment { color rgbt <1,0,0,0> }
	no_shadow
}
sphere {
	0, 1
	scale<0.080000,0.200000,0.300000>
	matrix <0.845215, 0.476333, -0.242321,
		0.042162, 0.392576, 0.918753,
		0.532761, -0.786760, 0.311728,
		38.560791, 51.002731, 51.010548>
	pigment { color rgbt <0,1,1,0> }
	no_shadow
}
cylinder {
	<38.690563, 51.856781, 51.079830>,  <38.187859, 51.553463, 50.792339>, 0.130000
	pigment { color rgbt <1,0,0,0> }
	no_shadow
}

// nucleotide -1

// particle -1
sphere {
	<38.690563, 51.856781, 51.079830> 0.250000
	pigment { color rgbt <1,0,0,0> }
	no_shadow
}
cylinder {
	<38.811394, 51.482204, 51.008469>,  <38.883892, 51.257458, 50.965652>, 0.100000
	pigment { color rgbt <1,0,0,0> }
	no_shadow
}
cylinder {
	<38.811394, 51.482204, 51.008469>,  <38.690563, 51.856781, 51.079830>, 0.100000
	pigment { color rgbt <1,0,0,0> }
	no_shadow
}

// particle -1
sphere {
	<38.811394, 51.482204, 51.008469> 0.100000
	pigment { color rgbt <1,0,0,0> }
	no_shadow
}
sphere {
	0, 1
	scale<0.080000,0.200000,0.300000>
	matrix <0.904505, 0.340651, -0.256568,
		0.301035, -0.083869, 0.949918,
		0.302073, -0.936441, -0.178408,
		38.902016, 51.201271, 50.954945>
	pigment { color rgbt <0,1,1,0> }
	no_shadow
}
cylinder {
	<39.316475, 51.756565, 51.456051>,  <38.690563, 51.856781, 51.079830>, 0.130000
	pigment { color rgbt <1,0,0,0> }
	no_shadow
}

// nucleotide -1

// particle -1
sphere {
	<39.316475, 51.756565, 51.456051> 0.250000
	pigment { color rgbt <1,0,0,0> }
	no_shadow
}
cylinder {
	<39.314133, 51.487843, 51.159767>,  <39.312729, 51.326611, 50.981998>, 0.100000
	pigment { color rgbt <1,0,0,0> }
	no_shadow
}
cylinder {
	<39.314133, 51.487843, 51.159767>,  <39.316475, 51.756565, 51.456051>, 0.100000
	pigment { color rgbt <1,0,0,0> }
	no_shadow
}

// particle -1
sphere {
	<39.314133, 51.487843, 51.159767> 0.100000
	pigment { color rgbt <1,0,0,0> }
	no_shadow
}
sphere {
	0, 1
	scale<0.080000,0.200000,0.300000>
	matrix <0.915495, 0.294386, -0.274236,
		0.402286, -0.679716, 0.613312,
		-0.005853, -0.671806, -0.740704,
		39.312378, 51.286301, 50.937557>
	pigment { color rgbt <0,1,1,0> }
	no_shadow
}
cylinder {
	<40.020782, 51.459244, 51.373249>,  <39.316475, 51.756565, 51.456051>, 0.130000
	pigment { color rgbt <1,0,0,0> }
	no_shadow
}

// nucleotide -1

// particle -1
sphere {
	<40.020782, 51.459244, 51.373249> 0.250000
	pigment { color rgbt <1,0,0,0> }
	no_shadow
}
cylinder {
	<39.816662, 51.376892, 51.039253>,  <39.694191, 51.327480, 50.838856>, 0.100000
	pigment { color rgbt <1,0,0,0> }
	no_shadow
}
cylinder {
	<39.816662, 51.376892, 51.039253>,  <40.020782, 51.459244, 51.373249>, 0.100000
	pigment { color rgbt <1,0,0,0> }
	no_shadow
}

// particle -1
sphere {
	<39.816662, 51.376892, 51.039253> 0.100000
	pigment { color rgbt <1,0,0,0> }
	no_shadow
}
sphere {
	0, 1
	scale<0.080000,0.200000,0.300000>
	matrix <0.791801, 0.266441, -0.549601,
		0.335626, -0.941607, 0.027050,
		-0.510301, -0.205879, -0.834989,
		39.663570, 51.315128, 50.788757>
	pigment { color rgbt <0,1,1,0> }
	no_shadow
}
cylinder {
	<40.459694, 51.053024, 50.802837>,  <40.020782, 51.459244, 51.373249>, 0.130000
	pigment { color rgbt <1,0,0,0> }
	no_shadow
}

// nucleotide -1

// particle -1
sphere {
	<40.459694, 51.053024, 50.802837> 0.250000
	pigment { color rgbt <1,0,0,0> }
	no_shadow
}
cylinder {
	<40.162098, 51.266144, 50.641541>,  <39.983540, 51.394016, 50.544762>, 0.100000
	pigment { color rgbt <1,0,0,0> }
	no_shadow
}
cylinder {
	<40.162098, 51.266144, 50.641541>,  <40.459694, 51.053024, 50.802837>, 0.100000
	pigment { color rgbt <1,0,0,0> }
	no_shadow
}

// particle -1
sphere {
	<40.162098, 51.266144, 50.641541> 0.100000
	pigment { color rgbt <1,0,0,0> }
	no_shadow
}
sphere {
	0, 1
	scale<0.080000,0.200000,0.300000>
	matrix <0.652780, 0.450703, -0.608888,
		-0.142676, -0.716233, -0.683121,
		-0.743990, 0.532801, -0.403238,
		39.938900, 51.425983, 50.520569>
	pigment { color rgbt <0,1,1,0> }
	no_shadow
}
cylinder {
	<40.699665, 51.353893, 50.241711>,  <40.459694, 51.053024, 50.802837>, 0.130000
	pigment { color rgbt <1,0,0,0> }
	no_shadow
}

// nucleotide -1

// particle -1
sphere {
	<40.699665, 51.353893, 50.241711> 0.250000
	pigment { color rgbt <1,0,0,0> }
	no_shadow
}
cylinder {
	<40.368801, 51.574638, 50.199280>,  <40.170284, 51.707085, 50.173820>, 0.100000
	pigment { color rgbt <1,0,0,0> }
	no_shadow
}
cylinder {
	<40.368801, 51.574638, 50.199280>,  <40.699665, 51.353893, 50.241711>, 0.100000
	pigment { color rgbt <1,0,0,0> }
	no_shadow
}

// particle -1
sphere {
	<40.368801, 51.574638, 50.199280> 0.100000
	pigment { color rgbt <1,0,0,0> }
	no_shadow
}
sphere {
	0, 1
	scale<0.080000,0.200000,0.300000>
	matrix <0.526641, 0.695364, -0.488997,
		-0.196097, -0.460344, -0.865811,
		-0.827161, 0.551863, -0.106077,
		40.120651, 51.740196, 50.167458>
	pigment { color rgbt <0,1,1,0> }
	no_shadow
}
cylinder {
	<41.249020, 51.834335, 50.440788>,  <40.699665, 51.353893, 50.241711>, 0.130000
	pigment { color rgbt <1,0,0,0> }
	no_shadow
}

// nucleotide -1

// particle -1
sphere {
	<41.249020, 51.834335, 50.440788> 0.250000
	pigment { color rgbt <1,0,0,0> }
	no_shadow
}
cylinder {
	<41.423454, 51.607201, 50.720043>,  <41.528114, 51.470921, 50.887596>, 0.100000
	pigment { color rgbt <1,0,0,0> }
	no_shadow
}
cylinder {
	<41.423454, 51.607201, 50.720043>,  <41.249020, 51.834335, 50.440788>, 0.100000
	pigment { color rgbt <1,0,0,0> }
	no_shadow
}

// particle -1
sphere {
	<41.423454, 51.607201, 50.720043> 0.100000
	pigment { color rgbt <1,0,0,0> }
	no_shadow
}
sphere {
	0, 1
	scale<0.080000,0.200000,0.300000>
	matrix <0.712023, -0.256699, -0.653551,
		0.550319, 0.782093, 0.292368,
		0.436087, -0.567835, 0.698134,
		41.554279, 51.436852, 50.929485>
	pigment { color rgbt <0,1,1,0> }
	no_shadow
}
cylinder {
	<42.013245, 52.080811, 50.436878>,  <41.249020, 51.834335, 50.440788>, 0.130000
	pigment { color rgbt <1,0,0,0> }
	no_shadow
}

// nucleotide -1

// particle -1
sphere {
	<42.013245, 52.080811, 50.436878> 0.250000
	pigment { color rgbt <1,0,0,0> }
	no_shadow
}
cylinder {
	<41.976452, 51.703999, 50.565945>,  <41.954376, 51.477909, 50.643387>, 0.100000
	pigment { color rgbt <1,0,0,0> }
	no_shadow
}
cylinder {
	<41.976452, 51.703999, 50.565945>,  <42.013245, 52.080811, 50.436878>, 0.100000
	pigment { color rgbt <1,0,0,0> }
	no_shadow
}

// particle -1
sphere {
	<41.976452, 51.703999, 50.565945> 0.100000
	pigment { color rgbt <1,0,0,0> }
	no_shadow
}
sphere {
	0, 1
	scale<0.080000,0.200000,0.300000>
	matrix <0.937362, -0.191255, -0.291161,
		0.335995, 0.275675, 0.900617,
		-0.091982, -0.942032, 0.322668,
		41.948856, 51.421391, 50.662746>
	pigment { color rgbt <0,1,1,0> }
	no_shadow
}
cylinder {
	<42.693428, 51.944729, 50.817978>,  <42.013245, 52.080811, 50.436878>, 0.130000
	pigment { color rgbt <1,0,0,0> }
	no_shadow
}

// nucleotide -1

// particle -1
sphere {
	<42.693428, 51.944729, 50.817978> 0.250000
	pigment { color rgbt <1,0,0,0> }
	no_shadow
}
cylinder {
	<42.491806, 51.640160, 50.654922>,  <42.370831, 51.457420, 50.557091>, 0.100000
	pigment { color rgbt <1,0,0,0> }
	no_shadow
}
cylinder {
	<42.491806, 51.640160, 50.654922>,  <42.693428, 51.944729, 50.817978>, 0.100000
	pigment { color rgbt <1,0,0,0> }
	no_shadow
}

// particle -1
sphere {
	<42.491806, 51.640160, 50.654922> 0.100000
	pigment { color rgbt <1,0,0,0> }
	no_shadow
}
sphere {
	0, 1
	scale<0.080000,0.200000,0.300000>
	matrix <0.786336, -0.209379, -0.581237,
		0.357214, -0.613515, 0.704270,
		-0.504057, -0.761419, -0.407636,
		42.340588, 51.411736, 50.532631>
	pigment { color rgbt <0,1,1,0> }
	no_shadow
}
cylinder {
	<43.153301, 51.373772, 50.700253>,  <42.693428, 51.944729, 50.817978>, 0.130000
	pigment { color rgbt <1,0,0,0> }
	no_shadow
}

// nucleotide -1

// particle -1
sphere {
	<43.153301, 51.373772, 50.700253> 0.250000
	pigment { color rgbt <1,0,0,0> }
	no_shadow
}
cylinder {
	<42.866070, 51.435223, 50.428738>,  <42.693729, 51.472095, 50.265827>, 0.100000
	pigment { color rgbt <1,0,0,0> }
	no_shadow
}
cylinder {
	<42.866070, 51.435223, 50.428738>,  <43.153301, 51.373772, 50.700253>, 0.100000
	pigment { color rgbt <1,0,0,0> }
	no_shadow
}

// particle -1
sphere {
	<42.866070, 51.435223, 50.428738> 0.100000
	pigment { color rgbt <1,0,0,0> }
	no_shadow
}
sphere {
	0, 1
	scale<0.080000,0.200000,0.300000>
	matrix <0.657224, -0.171159, -0.734003,
		-0.228948, -0.973191, 0.021935,
		-0.718080, 0.153632, -0.678791,
		42.650646, 51.481312, 50.225101>
	pigment { color rgbt <0,1,1,0> }
	no_shadow
}
cylinder {
	<43.013691, 50.847565, 50.277363>,  <43.153301, 51.373772, 50.700253>, 0.130000
	pigment { color rgbt <1,0,0,0> }
	no_shadow
}

// nucleotide -1

// particle -1
sphere {
	<43.013691, 50.847565, 50.277363> 0.250000
	pigment { color rgbt <1,0,0,0> }
	no_shadow
}
cylinder {
	<42.983265, 51.213718, 50.119232>,  <42.965008, 51.433411, 50.024353>, 0.100000
	pigment { color rgbt <1,0,0,0> }
	no_shadow
}
cylinder {
	<42.983265, 51.213718, 50.119232>,  <43.013691, 50.847565, 50.277363>, 0.100000
	pigment { color rgbt <1,0,0,0> }
	no_shadow
}

// particle -1
sphere {
	<42.983265, 51.213718, 50.119232> 0.100000
	pigment { color rgbt <1,0,0,0> }
	no_shadow
}
sphere {
	0, 1
	scale<0.080000,0.200000,0.300000>
	matrix <0.788161, -0.187654, -0.586164,
		-0.610750, -0.356168, -0.707197,
		-0.076065, 0.915385, -0.395328,
		42.960445, 51.488335, 50.000633>
	pigment { color rgbt <0,1,1,0> }
	no_shadow
}
cylinder {
	<42.938766, 50.794842, 49.493931>,  <43.013691, 50.847565, 50.277363>, 0.130000
	pigment { color rgbt <1,0,0,0> }
	no_shadow
}

// nucleotide -1

// particle -1
sphere {
	<42.938766, 50.794842, 49.493931> 0.250000
	pigment { color rgbt <1,0,0,0> }
	no_shadow
}
cylinder {
	<43.102047, 51.141174, 49.609665>,  <43.200016, 51.348972, 49.679104>, 0.100000
	pigment { color rgbt <1,0,0,0> }
	no_shadow
}
cylinder {
	<43.102047, 51.141174, 49.609665>,  <42.938766, 50.794842, 49.493931>, 0.100000
	pigment { color rgbt <1,0,0,0> }
	no_shadow
}

// particle -1
sphere {
	<43.102047, 51.141174, 49.609665> 0.100000
	pigment { color rgbt <1,0,0,0> }
	no_shadow
}
sphere {
	0, 1
	scale<0.080000,0.200000,0.300000>
	matrix <0.822378, -0.211178, -0.528298,
		-0.396314, 0.453593, -0.798241,
		0.408203, 0.865827, 0.289332,
		43.224506, 51.400921, 49.696465>
	pigment { color rgbt <0,1,1,0> }
	no_shadow
}
cylinder {
	<43.448135, 50.789349, 49.093056>,  <42.938766, 50.794842, 49.493931>, 0.130000
	pigment { color rgbt <1,0,0,0> }
	no_shadow
}

// nucleotide -1

// particle -1
sphere {
	<43.448135, 50.789349, 49.093056> 0.250000
	pigment { color rgbt <1,0,0,0> }
	no_shadow
}
cylinder {
	<43.507874, 51.135906, 49.283661>,  <43.543716, 51.343842, 49.398022>, 0.100000
	pigment { color rgbt <1,0,0,0> }
	no_shadow
}
cylinder {
	<43.507874, 51.135906, 49.283661>,  <43.448135, 50.789349, 49.093056>, 0.100000
	pigment { color rgbt <1,0,0,0> }
	no_shadow
}

// particle -1
sphere {
	<43.507874, 51.135906, 49.283661> 0.100000
	pigment { color rgbt <1,0,0,0> }
	no_shadow
}
sphere {
	0, 1
	scale<0.080000,0.200000,0.300000>
	matrix <0.911236, 0.066484, -0.406482,
		-0.383853, 0.494922, -0.779557,
		0.149349, 0.866390, 0.476511,
		43.552677, 51.395824, 49.426613>
	pigment { color rgbt <0,1,1,0> }
	no_shadow
}
cylinder {
	<43.728065, 51.224888, 48.569782>,  <43.448135, 50.789349, 49.093056>, 0.130000
	pigment { color rgbt <1,0,0,0> }
	no_shadow
}

// nucleotide -1

// particle -1
sphere {
	<43.728065, 51.224888, 48.569782> 0.250000
	pigment { color rgbt <1,0,0,0> }
	no_shadow
}
cylinder {
	<43.865631, 51.293610, 48.939041>,  <43.948170, 51.334843, 49.160599>, 0.100000
	pigment { color rgbt <1,0,0,0> }
	no_shadow
}
cylinder {
	<43.865631, 51.293610, 48.939041>,  <43.728065, 51.224888, 48.569782>, 0.100000
	pigment { color rgbt <1,0,0,0> }
	no_shadow
}

// particle -1
sphere {
	<43.865631, 51.293610, 48.939041> 0.100000
	pigment { color rgbt <1,0,0,0> }
	no_shadow
}
sphere {
	0, 1
	scale<0.080000,0.200000,0.300000>
	matrix <0.933282, -0.170867, -0.315894,
		0.103464, 0.970200, -0.219104,
		0.343918, 0.171802, 0.923149,
		43.968807, 51.345150, 49.215984>
	pigment { color rgbt <0,1,1,0> }
	no_shadow
}
cylinder {
	<44.179260, 51.813229, 48.804539>,  <43.728065, 51.224888, 48.569782>, 0.130000
	pigment { color rgbt <1,0,0,0> }
	no_shadow
}

// nucleotide -1

// particle -1
sphere {
	<44.179260, 51.813229, 48.804539> 0.250000
	pigment { color rgbt <1,0,0,0> }
	no_shadow
}
cylinder {
	<44.251404, 51.483913, 49.019821>,  <44.294689, 51.286324, 49.148991>, 0.100000
	pigment { color rgbt <1,0,0,0> }
	no_shadow
}
cylinder {
	<44.251404, 51.483913, 49.019821>,  <44.179260, 51.813229, 48.804539>, 0.100000
	pigment { color rgbt <1,0,0,0> }
	no_shadow
}

// particle -1
sphere {
	<44.251404, 51.483913, 49.019821> 0.100000
	pigment { color rgbt <1,0,0,0> }
	no_shadow
}
sphere {
	0, 1
	scale<0.080000,0.200000,0.300000>
	matrix <0.967828, 0.050949, -0.246400,
		0.175437, 0.565331, 0.805991,
		0.180362, -0.823289, 0.538205,
		44.305511, 51.236927, 49.181282>
	pigment { color rgbt <0,1,1,0> }
	no_shadow
}
cylinder {
	<44.736813, 51.790131, 49.308395>,  <44.179260, 51.813229, 48.804539>, 0.130000
	pigment { color rgbt <1,0,0,0> }
	no_shadow
}

// nucleotide -1

// particle -1
sphere {
	<44.736813, 51.790131, 49.308395> 0.250000
	pigment { color rgbt <1,0,0,0> }
	no_shadow
}
cylinder {
	<44.680317, 51.420639, 49.165977>,  <44.646420, 51.198944, 49.080528>, 0.100000
	pigment { color rgbt <1,0,0,0> }
	no_shadow
}
cylinder {
	<44.680317, 51.420639, 49.165977>,  <44.736813, 51.790131, 49.308395>, 0.100000
	pigment { color rgbt <1,0,0,0> }
	no_shadow
}

// particle -1
sphere {
	<44.680317, 51.420639, 49.165977> 0.100000
	pigment { color rgbt <1,0,0,0> }
	no_shadow
}
sphere {
	0, 1
	scale<0.080000,0.200000,0.300000>
	matrix <0.975553, -0.068697, -0.208750,
		0.168370, -0.376825, 0.910854,
		-0.141235, -0.923734, -0.356046,
		44.637947, 51.143520, 49.059162>
	pigment { color rgbt <0,1,1,0> }
	no_shadow
}
cylinder {
	<45.274792, 51.314789, 49.546654>,  <44.736813, 51.790131, 49.308395>, 0.130000
	pigment { color rgbt <1,0,0,0> }
	no_shadow
}

// nucleotide -1

// particle -1
sphere {
	<45.274792, 51.314789, 49.546654> 0.250000
	pigment { color rgbt <1,0,0,0> }
	no_shadow
}
cylinder {
	<45.148823, 51.189278, 49.188354>,  <45.073242, 51.113972, 48.973373>, 0.100000
	pigment { color rgbt <1,0,0,0> }
	no_shadow
}
cylinder {
	<45.148823, 51.189278, 49.188354>,  <45.274792, 51.314789, 49.546654>, 0.100000
	pigment { color rgbt <1,0,0,0> }
	no_shadow
}

// particle -1
sphere {
	<45.148823, 51.189278, 49.188354> 0.100000
	pigment { color rgbt <1,0,0,0> }
	no_shadow
}
sphere {
	0, 1
	scale<0.080000,0.200000,0.300000>
	matrix <0.944254, -0.008162, -0.329117,
		0.095959, -0.949461, 0.298857,
		-0.314923, -0.313779, -0.895749,
		45.054344, 51.095142, 48.919628>
	pigment { color rgbt <0,1,1,0> }
	no_shadow
}
cylinder {
	<45.577770, 50.636414, 49.241020>,  <45.274792, 51.314789, 49.546654>, 0.130000
	pigment { color rgbt <1,0,0,0> }
	no_shadow
}

// nucleotide -1

// particle -1
sphere {
	<45.577770, 50.636414, 49.241020> 0.250000
	pigment { color rgbt <1,0,0,0> }
	no_shadow
}
cylinder {
	<45.483868, 50.901661, 48.956722>,  <45.427525, 51.060810, 48.786144>, 0.100000
	pigment { color rgbt <1,0,0,0> }
	no_shadow
}
cylinder {
	<45.483868, 50.901661, 48.956722>,  <45.577770, 50.636414, 49.241020>, 0.100000
	pigment { color rgbt <1,0,0,0> }
	no_shadow
}

// particle -1
sphere {
	<45.483868, 50.901661, 48.956722> 0.100000
	pigment { color rgbt <1,0,0,0> }
	no_shadow
}
sphere {
	0, 1
	scale<0.080000,0.200000,0.300000>
	matrix <0.964012, 0.064962, -0.257799,
		-0.124780, -0.745687, -0.654508,
		-0.234756, 0.663122, -0.710745,
		45.413441, 51.100597, 48.743500>
	pigment { color rgbt <0,1,1,0> }
	no_shadow
}
cylinder {
	<45.794468, 50.500618, 48.496288>,  <45.577770, 50.636414, 49.241020>, 0.130000
	pigment { color rgbt <1,0,0,0> }
	no_shadow
}

// nucleotide -1

// particle -1
sphere {
	<45.794468, 50.500618, 48.496288> 0.250000
	pigment { color rgbt <1,0,0,0> }
	no_shadow
}
cylinder {
	<45.763893, 50.896690, 48.543106>,  <45.745548, 51.134335, 48.571198>, 0.100000
	pigment { color rgbt <1,0,0,0> }
	no_shadow
}
cylinder {
	<45.763893, 50.896690, 48.543106>,  <45.794468, 50.500618, 48.496288>, 0.100000
	pigment { color rgbt <1,0,0,0> }
	no_shadow
}

// particle -1
sphere {
	<45.763893, 50.896690, 48.543106> 0.100000
	pigment { color rgbt <1,0,0,0> }
	no_shadow
}
sphere {
	0, 1
	scale<0.080000,0.200000,0.300000>
	matrix <0.936328, 0.111630, -0.332911,
		-0.342707, 0.084144, -0.935666,
		-0.076436, 0.990181, 0.117043,
		45.740963, 51.193745, 48.578220>
	pigment { color rgbt <0,1,1,0> }
	no_shadow
}
cylinder {
	<46.204453, 50.794701, 47.912045>,  <45.794468, 50.500618, 48.496288>, 0.130000
	pigment { color rgbt <1,0,0,0> }
	no_shadow
}

// nucleotide -1

// particle -1
sphere {
	<46.204453, 50.794701, 47.912045> 0.250000
	pigment { color rgbt <1,0,0,0> }
	no_shadow
}
cylinder {
	<46.132946, 51.105286, 48.153755>,  <46.090042, 51.291637, 48.298782>, 0.100000
	pigment { color rgbt <1,0,0,0> }
	no_shadow
}
cylinder {
	<46.132946, 51.105286, 48.153755>,  <46.204453, 50.794701, 47.912045>, 0.100000
	pigment { color rgbt <1,0,0,0> }
	no_shadow
}

// particle -1
sphere {
	<46.132946, 51.105286, 48.153755> 0.100000
	pigment { color rgbt <1,0,0,0> }
	no_shadow
}
sphere {
	0, 1
	scale<0.080000,0.200000,0.300000>
	matrix <0.901827, 0.374870, -0.214896,
		-0.393384, 0.506537, -0.767248,
		-0.178766, 0.776461, 0.604277,
		46.079315, 51.338223, 48.335037>
	pigment { color rgbt <0,1,1,0> }
	no_shadow
}
cylinder {
	<46.671658, 51.242432, 47.660828>,  <46.204453, 50.794701, 47.912045>, 0.130000
	pigment { color rgbt <1,0,0,0> }
	no_shadow
}

// nucleotide -1

// particle -1
sphere {
	<46.671658, 51.242432, 47.660828> 0.250000
	pigment { color rgbt <1,0,0,0> }
	no_shadow
}
cylinder {
	<46.573826, 51.378185, 48.024147>,  <46.515129, 51.459637, 48.242138>, 0.100000
	pigment { color rgbt <1,0,0,0> }
	no_shadow
}
cylinder {
	<46.573826, 51.378185, 48.024147>,  <46.671658, 51.242432, 47.660828>, 0.100000
	pigment { color rgbt <1,0,0,0> }
	no_shadow
}

// particle -1
sphere {
	<46.573826, 51.378185, 48.024147> 0.100000
	pigment { color rgbt <1,0,0,0> }
	no_shadow
}
sphere {
	0, 1
	scale<0.080000,0.200000,0.300000>
	matrix <0.896136, 0.436858, 0.078070,
		-0.370301, 0.833051, -0.410978,
		-0.244576, 0.339383, 0.908296,
		46.500454, 51.480000, 48.296635>
	pigment { color rgbt <0,1,1,0> }
	no_shadow
}
cylinder {
	<46.931900, 51.862911, 47.708260>,  <46.671658, 51.242432, 47.660828>, 0.130000
	pigment { color rgbt <1,0,0,0> }
	no_shadow
}

// nucleotide -1

// particle -1
sphere {
	<46.931900, 51.862911, 47.708260> 0.250000
	pigment { color rgbt <1,0,0,0> }
	no_shadow
}
cylinder {
	<46.911484, 51.756393, 48.093277>,  <46.899235, 51.692482, 48.324287>, 0.100000
	pigment { color rgbt <1,0,0,0> }
	no_shadow
}
cylinder {
	<46.911484, 51.756393, 48.093277>,  <46.931900, 51.862911, 47.708260>, 0.100000
	pigment { color rgbt <1,0,0,0> }
	no_shadow
}

// particle -1
sphere {
	<46.911484, 51.756393, 48.093277> 0.100000
	pigment { color rgbt <1,0,0,0> }
	no_shadow
}
sphere {
	0, 1
	scale<0.080000,0.200000,0.300000>
	matrix <0.904933, 0.395385, 0.157373,
		-0.422481, 0.879066, 0.220798,
		-0.051041, -0.266295, 0.962539,
		46.896172, 51.676506, 48.382038>
	pigment { color rgbt <0,1,1,0> }
	no_shadow
}
cylinder {
	<46.995377, 52.451691, 48.183704>,  <46.931900, 51.862911, 47.708260>, 0.130000
	pigment { color rgbt <1,0,0,0> }
	no_shadow
}

// nucleotide -1

// particle -1
sphere {
	<46.995377, 52.451691, 48.183704> 0.250000
	pigment { color rgbt <1,0,0,0> }
	no_shadow
}
cylinder {
	<47.121239, 52.121143, 48.370514>,  <47.196758, 51.922817, 48.482601>, 0.100000
	pigment { color rgbt <1,0,0,0> }
	no_shadow
}
cylinder {
	<47.121239, 52.121143, 48.370514>,  <46.995377, 52.451691, 48.183704>, 0.100000
	pigment { color rgbt <1,0,0,0> }
	no_shadow
}

// particle -1
sphere {
	<47.121239, 52.121143, 48.370514> 0.100000
	pigment { color rgbt <1,0,0,0> }
	no_shadow
}
sphere {
	0, 1
	scale<0.080000,0.200000,0.300000>
	matrix <0.829311, 0.478694, 0.288263,
		-0.461773, 0.296605, 0.835937,
		0.314658, -0.826364, 0.467026,
		47.215637, 51.873234, 48.510620>
	pigment { color rgbt <0,1,1,0> }
	no_shadow
}
cylinder {
	<47.270550, 52.618710, 48.930122>,  <46.995377, 52.451691, 48.183704>, 0.130000
	pigment { color rgbt <1,0,0,0> }
	no_shadow
}

// nucleotide -1

// particle -1
sphere {
	<47.270550, 52.618710, 48.930122> 0.250000
	pigment { color rgbt <1,0,0,0> }
	no_shadow
}
cylinder {
	<47.422356, 52.263382, 48.826694>,  <47.513439, 52.050186, 48.764637>, 0.100000
	pigment { color rgbt <1,0,0,0> }
	no_shadow
}
cylinder {
	<47.422356, 52.263382, 48.826694>,  <47.270550, 52.618710, 48.930122>, 0.100000
	pigment { color rgbt <1,0,0,0> }
	no_shadow
}

// particle -1
sphere {
	<47.422356, 52.263382, 48.826694> 0.100000
	pigment { color rgbt <1,0,0,0> }
	no_shadow
}
sphere {
	0, 1
	scale<0.080000,0.200000,0.300000>
	matrix <0.854477, 0.229386, 0.466102,
		-0.354735, -0.397834, 0.846103,
		0.379515, -0.888319, -0.258569,
		47.536209, 51.996887, 48.749123>
	pigment { color rgbt <0,1,1,0> }
	no_shadow
}
cylinder {
	<47.493816, 52.240692, 49.490154>,  <47.270550, 52.618710, 48.930122>, 0.130000
	pigment { color rgbt <1,0,0,0> }
	no_shadow
}

// nucleotide -1

// particle -1
sphere {
	<47.493816, 52.240692, 49.490154> 0.250000
	pigment { color rgbt <1,0,0,0> }
	no_shadow
}
cylinder {
	<47.699978, 52.103729, 49.175926>,  <47.823673, 52.021549, 48.987389>, 0.100000
	pigment { color rgbt <1,0,0,0> }
	no_shadow
}
cylinder {
	<47.699978, 52.103729, 49.175926>,  <47.493816, 52.240692, 49.490154>, 0.100000
	pigment { color rgbt <1,0,0,0> }
	no_shadow
}

// particle -1
sphere {
	<47.699978, 52.103729, 49.175926> 0.100000
	pigment { color rgbt <1,0,0,0> }
	no_shadow
}
sphere {
	0, 1
	scale<0.080000,0.200000,0.300000>
	matrix <0.811177, -0.100650, 0.576075,
		-0.276320, -0.934144, 0.225879,
		0.515402, -0.342409, -0.785568,
		47.854599, 52.001007, 48.940254>
	pigment { color rgbt <0,1,1,0> }
	no_shadow
}
cylinder {
	<47.861198, 51.551273, 49.677010>,  <47.493816, 52.240692, 49.490154>, 0.130000
	pigment { color rgbt <1,0,0,0> }
	no_shadow
}

// nucleotide -1

// particle -1
sphere {
	<47.861198, 51.551273, 49.677010> 0.250000
	pigment { color rgbt <1,0,0,0> }
	no_shadow
}
cylinder {
	<48.071896, 51.782322, 49.427567>,  <48.198315, 51.920952, 49.277901>, 0.100000
	pigment { color rgbt <1,0,0,0> }
	no_shadow
}
cylinder {
	<48.071896, 51.782322, 49.427567>,  <47.861198, 51.551273, 49.677010>, 0.100000
	pigment { color rgbt <1,0,0,0> }
	no_shadow
}

// particle -1
sphere {
	<48.071896, 51.782322, 49.427567> 0.100000
	pigment { color rgbt <1,0,0,0> }
	no_shadow
}
sphere {
	0, 1
	scale<0.080000,0.200000,0.300000>
	matrix <0.676862, 0.158767, 0.718784,
		0.514195, -0.800715, -0.307341,
		0.526746, 0.577623, -0.623611,
		48.229919, 51.955608, 49.240482>
	pigment { color rgbt <0,1,1,0> }
	no_shadow
}
cylinder {
	<48.594818, 51.249504, 49.558784>,  <47.861198, 51.551273, 49.677010>, 0.130000
	pigment { color rgbt <1,0,0,0> }
	no_shadow
}

// nucleotide -1

// particle -1
sphere {
	<48.594818, 51.249504, 49.558784> 0.250000
	pigment { color rgbt <1,0,0,0> }
	no_shadow
}
cylinder {
	<48.585003, 51.647121, 49.516304>,  <48.579113, 51.885693, 49.490818>, 0.100000
	pigment { color rgbt <1,0,0,0> }
	no_shadow
}
cylinder {
	<48.585003, 51.647121, 49.516304>,  <48.594818, 51.249504, 49.558784>, 0.100000
	pigment { color rgbt <1,0,0,0> }
	no_shadow
}

// particle -1
sphere {
	<48.585003, 51.647121, 49.516304> 0.100000
	pigment { color rgbt <1,0,0,0> }
	no_shadow
}
sphere {
	0, 1
	scale<0.080000,0.200000,0.300000>
	matrix <0.849450, 0.076739, 0.522059,
		0.527098, -0.077400, -0.846272,
		-0.024534, 0.994042, -0.106197,
		48.577644, 51.945335, 49.484444>
	pigment { color rgbt <0,1,1,0> }
	no_shadow
}
cylinder {
	<49.235672, 51.489471, 49.345581>,  <48.594818, 51.249504, 49.558784>, 0.130000
	pigment { color rgbt <1,0,0,0> }
	no_shadow
}

// nucleotide -1

// particle -1
sphere {
	<49.235672, 51.489471, 49.345581> 0.250000
	pigment { color rgbt <1,0,0,0> }
	no_shadow
}
cylinder {
	<49.088112, 51.814381, 49.526302>,  <48.999577, 52.009327, 49.634735>, 0.100000
	pigment { color rgbt <1,0,0,0> }
	no_shadow
}
cylinder {
	<49.088112, 51.814381, 49.526302>,  <49.235672, 51.489471, 49.345581>, 0.100000
	pigment { color rgbt <1,0,0,0> }
	no_shadow
}

// particle -1
sphere {
	<49.088112, 51.814381, 49.526302> 0.100000
	pigment { color rgbt <1,0,0,0> }
	no_shadow
}
sphere {
	0, 1
	scale<0.080000,0.200000,0.300000>
	matrix <0.879755, 0.148298, 0.451706,
		0.299907, 0.564111, -0.769308,
		-0.368900, 0.812272, 0.451804,
		48.977444, 52.058064, 49.661842>
	pigment { color rgbt <0,1,1,0> }
	no_shadow
}
cylinder {
	<49.582211, 52.210354, 49.178310>,  <49.235672, 51.489471, 49.345581>, 0.130000
	pigment { color rgbt <1,0,0,0> }
	no_shadow
}

// nucleotide -1

// particle -1
sphere {
	<49.582211, 52.210354, 49.178310> 0.250000
	pigment { color rgbt <1,0,0,0> }
	no_shadow
}
cylinder {
	<49.450718, 52.182854, 49.555077>,  <49.371822, 52.166351, 49.781136>, 0.100000
	pigment { color rgbt <1,0,0,0> }
	no_shadow
}
cylinder {
	<49.450718, 52.182854, 49.555077>,  <49.582211, 52.210354, 49.178310>, 0.100000
	pigment { color rgbt <1,0,0,0> }
	no_shadow
}

// particle -1
sphere {
	<49.450718, 52.182854, 49.555077> 0.100000
	pigment { color rgbt <1,0,0,0> }
	no_shadow
}
sphere {
	0, 1
	scale<0.080000,0.200000,0.300000>
	matrix <0.942737, 0.035704, 0.331620,
		-0.056431, 0.996994, 0.053081,
		-0.328728, -0.068755, 0.941919,
		49.352100, 52.162228, 49.837654>
	pigment { color rgbt <0,1,1,0> }
	no_shadow
}
cylinder {
	<49.902687, 52.754959, 49.612694>,  <49.582211, 52.210354, 49.178310>, 0.130000
	pigment { color rgbt <1,0,0,0> }
	no_shadow
}

// nucleotide -1

// particle -1
sphere {
	<49.902687, 52.754959, 49.612694> 0.250000
	pigment { color rgbt <1,0,0,0> }
	no_shadow
}
cylinder {
	<49.798855, 52.422329, 49.809101>,  <49.736553, 52.222752, 49.926945>, 0.100000
	pigment { color rgbt <1,0,0,0> }
	no_shadow
}
cylinder {
	<49.798855, 52.422329, 49.809101>,  <49.902687, 52.754959, 49.612694>, 0.100000
	pigment { color rgbt <1,0,0,0> }
	no_shadow
}

// particle -1
sphere {
	<49.798855, 52.422329, 49.809101> 0.100000
	pigment { color rgbt <1,0,0,0> }
	no_shadow
}
sphere {
	0, 1
	scale<0.080000,0.200000,0.300000>
	matrix <0.913820, -0.047076, 0.403381,
		-0.312326, 0.553414, 0.772131,
		-0.259585, -0.831575, 0.491018,
		49.720978, 52.172855, 49.956406>
	pigment { color rgbt <0,1,1,0> }
	no_shadow
}
cylinder {
	<49.894543, 52.809517, 50.300556>,  <49.902687, 52.754959, 49.612694>, 0.130000
	pigment { color rgbt <1,0,0,0> }
	no_shadow
}

// nucleotide -1

// particle -1
sphere {
	<49.894543, 52.809517, 50.300556> 0.250000
	pigment { color rgbt <1,0,0,0> }
	no_shadow
}
cylinder {
	<49.984566, 52.432846, 50.200474>,  <50.038578, 52.206844, 50.140427>, 0.100000
	pigment { color rgbt <1,0,0,0> }
	no_shadow
}
cylinder {
	<49.984566, 52.432846, 50.200474>,  <49.894543, 52.809517, 50.300556>, 0.100000
	pigment { color rgbt <1,0,0,0> }
	no_shadow
}

// particle -1
sphere {
	<49.984566, 52.432846, 50.200474> 0.100000
	pigment { color rgbt <1,0,0,0> }
	no_shadow
}
sphere {
	0, 1
	scale<0.080000,0.200000,0.300000>
	matrix <0.902505, 0.104695, 0.417760,
		-0.367198, -0.319829, 0.873427,
		0.225055, -0.941673, -0.250203,
		50.052082, 52.150345, 50.125412>
	pigment { color rgbt <0,1,1,0> }
	no_shadow
}
cylinder {
	<50.424538, 53.377625, 50.427914>,  <49.894543, 52.809517, 50.300556>, 0.130000
	pigment { color rgbt <1,0,0,0> }
	no_shadow
}

// nucleotide -1

// particle -1
sphere {
	<50.424538, 53.377625, 50.427914> 0.250000
	pigment { color rgbt <1,0,0,0> }
	no_shadow
}
cylinder {
	<50.321892, 53.763763, 50.446888>,  <50.260303, 53.995449, 50.458275>, 0.100000
	pigment { color rgbt <1,0,0,0> }
	no_shadow
}
cylinder {
	<50.321892, 53.763763, 50.446888>,  <50.424538, 53.377625, 50.427914>, 0.100000
	pigment { color rgbt <1,0,0,0> }
	no_shadow
}

// particle -1
sphere {
	<50.321892, 53.763763, 50.446888> 0.100000
	pigment { color rgbt <1,0,0,0> }
	no_shadow
}
sphere {
	0, 1
	scale<0.080000,0.200000,0.300000>
	matrix <0.603466, 0.121689, 0.788049,
		0.754970, 0.230850, -0.613782,
		-0.256612, 0.965350, 0.047438,
		50.244907, 54.053368, 50.461121>
	pigment { color rgbt <0,1,1,0> }
	no_shadow
}
cylinder {
	<50.987267, 53.884621, 50.288765>,  <50.424538, 53.377625, 50.427914>, 0.130000
	pigment { color rgbt <1,0,0,0> }
	no_shadow
}

// nucleotide -1

// particle -1
sphere {
	<50.987267, 53.884621, 50.288765> 0.250000
	pigment { color rgbt <1,0,0,0> }
	no_shadow
}
cylinder {
	<50.718929, 53.995964, 50.563713>,  <50.557926, 54.062771, 50.728683>, 0.100000
	pigment { color rgbt <1,0,0,0> }
	no_shadow
}
cylinder {
	<50.718929, 53.995964, 50.563713>,  <50.987267, 53.884621, 50.288765>, 0.100000
	pigment { color rgbt <1,0,0,0> }
	no_shadow
}

// particle -1
sphere {
	<50.718929, 53.995964, 50.563713> 0.100000
	pigment { color rgbt <1,0,0,0> }
	no_shadow
}
sphere {
	0, 1
	scale<0.080000,0.200000,0.300000>
	matrix <0.736586, 0.142533, 0.661155,
		0.086068, 0.949841, -0.300656,
		-0.670845, 0.278363, 0.687372,
		50.517677, 54.079472, 50.769924>
	pigment { color rgbt <0,1,1,0> }
	no_shadow
}
cylinder {
	<51.240429, 54.462086, 50.461609>,  <50.987267, 53.884621, 50.288765>, 0.130000
	pigment { color rgbt <1,0,0,0> }
	no_shadow
}

// nucleotide -1

// particle -1
sphere {
	<51.240429, 54.462086, 50.461609> 0.250000
	pigment { color rgbt <1,0,0,0> }
	no_shadow
}
cylinder {
	<51.073071, 54.285713, 50.779228>,  <50.972656, 54.179890, 50.969799>, 0.100000
	pigment { color rgbt <1,0,0,0> }
	no_shadow
}
cylinder {
	<51.073071, 54.285713, 50.779228>,  <51.240429, 54.462086, 50.461609>, 0.100000
	pigment { color rgbt <1,0,0,0> }
	no_shadow
}

// particle -1
sphere {
	<51.073071, 54.285713, 50.779228> 0.100000
	pigment { color rgbt <1,0,0,0> }
	no_shadow
}
sphere {
	0, 1
	scale<0.080000,0.200000,0.300000>
	matrix <0.842067, 0.139329, 0.521067,
		-0.340391, 0.886658, 0.313003,
		-0.418398, -0.440936, 0.794052,
		50.947552, 54.153431, 51.017445>
	pigment { color rgbt <0,1,1,0> }
	no_shadow
}
cylinder {
	<51.394108, 54.829834, 51.038677>,  <51.240429, 54.462086, 50.461609>, 0.130000
	pigment { color rgbt <1,0,0,0> }
	no_shadow
}

// nucleotide -1

// particle -1
sphere {
	<51.394108, 54.829834, 51.038677> 0.250000
	pigment { color rgbt <1,0,0,0> }
	no_shadow
}
cylinder {
	<51.320953, 54.469315, 51.195759>,  <51.277061, 54.253002, 51.290009>, 0.100000
	pigment { color rgbt <1,0,0,0> }
	no_shadow
}
cylinder {
	<51.320953, 54.469315, 51.195759>,  <51.394108, 54.829834, 51.038677>, 0.100000
	pigment { color rgbt <1,0,0,0> }
	no_shadow
}

// particle -1
sphere {
	<51.320953, 54.469315, 51.195759> 0.100000
	pigment { color rgbt <1,0,0,0> }
	no_shadow
}
sphere {
	0, 1
	scale<0.080000,0.200000,0.300000>
	matrix <0.805205, 0.091867, 0.585837,
		-0.564089, 0.423351, 0.708927,
		-0.182888, -0.901296, 0.392706,
		51.266087, 54.198925, 51.313572>
	pigment { color rgbt <0,1,1,0> }
	no_shadow
}
cylinder {
	<51.659012, 54.929298, 51.645302>,  <51.394108, 54.829834, 51.038677>, 0.130000
	pigment { color rgbt <1,0,0,0> }
	no_shadow
}

// nucleotide -1

// particle -1
sphere {
	<51.659012, 54.929298, 51.645302> 0.250000
	pigment { color rgbt <1,0,0,0> }
	no_shadow
}
cylinder {
	<51.627380, 54.533058, 51.600662>,  <51.608402, 54.295315, 51.573879>, 0.100000
	pigment { color rgbt <1,0,0,0> }
	no_shadow
}
cylinder {
	<51.627380, 54.533058, 51.600662>,  <51.659012, 54.929298, 51.645302>, 0.100000
	pigment { color rgbt <1,0,0,0> }
	no_shadow
}

// particle -1
sphere {
	<51.627380, 54.533058, 51.600662> 0.100000
	pigment { color rgbt <1,0,0,0> }
	no_shadow
}
sphere {
	0, 1
	scale<0.080000,0.200000,0.300000>
	matrix <0.785506, -0.130850, 0.604862,
		-0.613780, -0.039825, 0.788472,
		-0.079083, -0.990602, -0.111596,
		51.603657, 54.235878, 51.567184>
	pigment { color rgbt <0,1,1,0> }
	no_shadow
}
cylinder {
	<51.611168, 54.637859, 52.302345>,  <51.659012, 54.929298, 51.645302>, 0.130000
	pigment { color rgbt <1,0,0,0> }
	no_shadow
}

// nucleotide -1

// particle -1
sphere {
	<51.611168, 54.637859, 52.302345> 0.250000
	pigment { color rgbt <1,0,0,0> }
	no_shadow
}
cylinder {
	<51.778343, 54.361671, 52.066185>,  <51.878651, 54.195957, 51.924488>, 0.100000
	pigment { color rgbt <1,0,0,0> }
	no_shadow
}
cylinder {
	<51.778343, 54.361671, 52.066185>,  <51.611168, 54.637859, 52.302345>, 0.100000
	pigment { color rgbt <1,0,0,0> }
	no_shadow
}

// particle -1
sphere {
	<51.778343, 54.361671, 52.066185> 0.100000
	pigment { color rgbt <1,0,0,0> }
	no_shadow
}
sphere {
	0, 1
	scale<0.080000,0.200000,0.300000>
	matrix <0.661989, -0.213606, 0.718431,
		-0.622171, -0.691100, 0.367811,
		0.417941, -0.690473, -0.590399,
		51.903725, 54.154530, 51.889065>
	pigment { color rgbt <0,1,1,0> }
	no_shadow
}
cylinder {
	<52.083828, 54.294434, 52.817032>,  <51.611168, 54.637859, 52.302345>, 0.130000
	pigment { color rgbt <1,0,0,0> }
	no_shadow
}

// nucleotide -1

// particle -1
sphere {
	<52.083828, 54.294434, 52.817032> 0.250000
	pigment { color rgbt <1,0,0,0> }
	no_shadow
}
cylinder {
	<51.980476, 54.577984, 53.079552>,  <51.918465, 54.748116, 53.237064>, 0.100000
	pigment { color rgbt <1,0,0,0> }
	no_shadow
}
cylinder {
	<51.980476, 54.577984, 53.079552>,  <52.083828, 54.294434, 52.817032>, 0.100000
	pigment { color rgbt <1,0,0,0> }
	no_shadow
}

// particle -1
sphere {
	<51.980476, 54.577984, 53.079552> 0.100000
	pigment { color rgbt <1,0,0,0> }
	no_shadow
}
sphere {
	0, 1
	scale<0.080000,0.200000,0.300000>
	matrix <0.958482, 0.272946, 0.082535,
		-0.120627, 0.650377, -0.749973,
		-0.258381, 0.708880, 0.656299,
		51.902962, 54.790649, 53.276440>
	pigment { color rgbt <0,1,1,0> }
	no_shadow
}
cylinder {
	<52.326611, 54.987473, 52.559132>,  <52.083828, 54.294434, 52.817032>, 0.130000
	pigment { color rgbt <1,0,0,0> }
	no_shadow
}

// nucleotide -1

// particle -1
sphere {
	<52.326611, 54.987473, 52.559132> 0.250000
	pigment { color rgbt <1,0,0,0> }
	no_shadow
}
cylinder {
	<52.304916, 54.910233, 52.951004>,  <52.291901, 54.863888, 53.186127>, 0.100000
	pigment { color rgbt <1,0,0,0> }
	no_shadow
}
cylinder {
	<52.304916, 54.910233, 52.951004>,  <52.326611, 54.987473, 52.559132>, 0.100000
	pigment { color rgbt <1,0,0,0> }
	no_shadow
}

// particle -1
sphere {
	<52.304916, 54.910233, 52.951004> 0.100000
	pigment { color rgbt <1,0,0,0> }
	no_shadow
}
sphere {
	0, 1
	scale<0.080000,0.200000,0.300000>
	matrix <0.979408, 0.180793, 0.089859,
		-0.194471, 0.964379, 0.179317,
