// switches for output
#declare DRAW_BASES = 1; // possible values are 0, 1; only relevant for DNA ribbons
#declare DRAW_BASES_TYPE = 3; // possible values are 1, 2, 3; only relevant for DNA ribbons
#declare DRAW_FOG = 0; // set to 1 to enable fog

#include "colors.inc"

#include "transforms.inc"
background { rgb <1, 1, 1>}

#default {
   normal{
       ripples 0.25
       frequency 0.20
       turbulence 0.2
       lambda 5
   }
	finish {
		phong 0.1
		phong_size 40.
	}
}

// original window dimensions: 1024x640


// camera settings

camera {
	sky <-0, 1, 0>
	up <-0, 1, 0>
	right 1.6 * <0.99995, 0, 0.00999983>
	location <54.4867, 55, 106.329>
	look_at <55, 55, 55.0001>
	direction <0.513302, 0, -51.3289>
	angle 67.0682
}


# declare cpy_camera_pos = <54.4867, 55, 106.329>;
# if (DRAW_FOG = 1)
fog {
	fog_type 2
	up vnormalize(cpy_camera_pos)
	color rgbt<1,1,1,0.3>
	distance 1e-5
	fog_alt 3e-3
	fog_offset 88
}
# end


// LIGHTS

# declare lum = 6;
global_settings {
	ambient_light rgb lum * <0.05, 0.05, 0.05>
	max_trace_level 15
}# declare cpy_direct_light_amount = 0.25;
light_source
{	1000 * <-0.98995, -1, 1.00995>,
	rgb lum * cpy_direct_light_amount
	parallel
}

light_source
{	1000 * <0.98995, 1, -1.00995>,
	rgb lum * cpy_direct_light_amount
	parallel
}

// strand 0

// nucleotide -1

// particle -1
sphere {
	<36.278816, 52.820015, 50.554138> 0.250000
	pigment { color rgbt <1,0,0,0> }
	no_shadow
}
cylinder {
	<36.658474, 52.928535, 50.490242>,  <36.886269, 52.993649, 50.451904>, 0.100000
	pigment { color rgbt <1,0,0,0> }
	no_shadow
}
cylinder {
	<36.658474, 52.928535, 50.490242>,  <36.278816, 52.820015, 50.554138>, 0.100000
	pigment { color rgbt <1,0,0,0> }
	no_shadow
}

// particle -1
sphere {
	<36.658474, 52.928535, 50.490242> 0.100000
	pigment { color rgbt <1,0,0,0> }
	no_shadow
}
sphere {
	0, 1
	scale<0.080000,0.200000,0.300000>
	matrix <0.305314, -0.917011, 0.256660,
		-0.076853, -0.292380, -0.953209,
		0.949145, 0.271303, -0.159743,
		36.943218, 53.009926, 50.442318>
	pigment { color rgbt <0,1,1,0> }
	no_shadow
}
cylinder {
	<36.519997, 52.234631, 50.176426>,  <36.278816, 52.820015, 50.554138>, 0.130000
	pigment { color rgbt <1,0,0,0> }
	no_shadow
}

// nucleotide -1

// particle -1
sphere {
	<36.519997, 52.234631, 50.176426> 0.250000
	pigment { color rgbt <1,0,0,0> }
	no_shadow
}
cylinder {
	<36.811909, 52.418922, 50.378471>,  <36.987057, 52.529499, 50.499699>, 0.100000
	pigment { color rgbt <1,0,0,0> }
	no_shadow
}
cylinder {
	<36.811909, 52.418922, 50.378471>,  <36.519997, 52.234631, 50.176426>, 0.100000
	pigment { color rgbt <1,0,0,0> }
	no_shadow
}

// particle -1
sphere {
	<36.811909, 52.418922, 50.378471> 0.100000
	pigment { color rgbt <1,0,0,0> }
	no_shadow
}
sphere {
	0, 1
	scale<0.080000,0.200000,0.300000>
	matrix <0.345638, -0.886084, 0.308853,
		0.589872, -0.050809, -0.805897,
		0.729785, 0.460732, 0.505115,
		37.030846, 52.557140, 50.530006>
	pigment { color rgbt <0,1,1,0> }
	no_shadow
}
cylinder {
	<37.250999, 51.967556, 50.094090>,  <36.519997, 52.234631, 50.176426>, 0.130000
	pigment { color rgbt <1,0,0,0> }
	no_shadow
}

// nucleotide -1

// particle -1
sphere {
	<37.250999, 51.967556, 50.094090> 0.250000
	pigment { color rgbt <1,0,0,0> }
	no_shadow
}
cylinder {
	<37.169338, 52.077515, 50.469910>,  <37.120342, 52.143490, 50.695400>, 0.100000
	pigment { color rgbt <1,0,0,0> }
	no_shadow
}
cylinder {
	<37.169338, 52.077515, 50.469910>,  <37.250999, 51.967556, 50.094090>, 0.100000
	pigment { color rgbt <1,0,0,0> }
	no_shadow
}

// particle -1
sphere {
	<37.169338, 52.077515, 50.469910> 0.100000
	pigment { color rgbt <1,0,0,0> }
	no_shadow
}
sphere {
	0, 1
	scale<0.080000,0.200000,0.300000>
	matrix <0.176441, -0.933713, 0.311525,
		0.962907, 0.229374, 0.142117,
		-0.204152, 0.274895, 0.939550,
		37.108093, 52.159985, 50.751774>
	pigment { color rgbt <0,1,1,0> }
	no_shadow
}
cylinder {
	<37.927872, 51.920872, 50.452377>,  <37.250999, 51.967556, 50.094090>, 0.130000
	pigment { color rgbt <1,0,0,0> }
	no_shadow
}

// nucleotide -1

// particle -1
sphere {
	<37.927872, 51.920872, 50.452377> 0.250000
	pigment { color rgbt <1,0,0,0> }
	no_shadow
}
cylinder {
	<37.583820, 51.869400, 50.649811>,  <37.377392, 51.838516, 50.768272>, 0.100000
	pigment { color rgbt <1,0,0,0> }
	no_shadow
}
cylinder {
	<37.583820, 51.869400, 50.649811>,  <37.927872, 51.920872, 50.452377>, 0.100000
	pigment { color rgbt <1,0,0,0> }
	no_shadow
}

// particle -1
sphere {
	<37.583820, 51.869400, 50.649811> 0.100000
	pigment { color rgbt <1,0,0,0> }
	no_shadow
}
sphere {
	0, 1
	scale<0.080000,0.200000,0.300000>
	matrix <0.266973, -0.938100, 0.220666,
		0.434639, 0.321574, 0.841236,
		-0.860124, -0.128677, 0.493587,
		37.325783, 51.830795, 50.797886>
	pigment { color rgbt <0,1,1,0> }
	no_shadow
}
cylinder {
	<38.678951, 52.103210, 50.674335>,  <37.927872, 51.920872, 50.452377>, 0.130000
	pigment { color rgbt <1,0,0,0> }
	no_shadow
}

// nucleotide -1

// particle -1
sphere {
	<38.678951, 52.103210, 50.674335> 0.250000
	pigment { color rgbt <1,0,0,0> }
	no_shadow
}
cylinder {
	<38.827221, 52.474472, 50.687763>,  <38.916183, 52.697231, 50.695820>, 0.100000
	pigment { color rgbt <1,0,0,0> }
	no_shadow
}
cylinder {
	<38.827221, 52.474472, 50.687763>,  <38.678951, 52.103210, 50.674335>, 0.100000
	pigment { color rgbt <1,0,0,0> }
	no_shadow
}

// particle -1
sphere {
	<38.827221, 52.474472, 50.687763> 0.100000
	pigment { color rgbt <1,0,0,0> }
	no_shadow
}
sphere {
	0, 1
	scale<0.080000,0.200000,0.300000>
	matrix <-0.510416, 0.173379, 0.842268,
		0.775937, -0.329338, 0.538013,
		0.370671, 0.928157, 0.033568,
		38.938423, 52.752918, 50.697834>
	pigment { color rgbt <0,1,1,0> }
	no_shadow
}
cylinder {
	<39.186432, 51.769981, 50.295322>,  <38.678951, 52.103210, 50.674335>, 0.130000
	pigment { color rgbt <1,0,0,0> }
	no_shadow
}

// nucleotide -1

// particle -1
sphere {
	<39.186432, 51.769981, 50.295322> 0.250000
	pigment { color rgbt <1,0,0,0> }
	no_shadow
}
cylinder {
	<39.045574, 51.421211, 50.431408>,  <38.961060, 51.211948, 50.513062>, 0.100000
	pigment { color rgbt <1,0,0,0> }
	no_shadow
}
cylinder {
	<39.045574, 51.421211, 50.431408>,  <39.186432, 51.769981, 50.295322>, 0.100000
	pigment { color rgbt <1,0,0,0> }
	no_shadow
}

// particle -1
sphere {
	<39.045574, 51.421211, 50.431408> 0.100000
	pigment { color rgbt <1,0,0,0> }
	no_shadow
}
sphere {
	0, 1
	scale<0.080000,0.200000,0.300000>
	matrix <0.928664, -0.280241, 0.242998,
		-0.116533, 0.401517, 0.908407,
		-0.352141, -0.871922, 0.340217,
		38.939934, 51.159634, 50.533474>
	pigment { color rgbt <0,1,1,0> }
	no_shadow
}
cylinder {
	<39.323853, 51.642735, 51.057442>,  <39.186432, 51.769981, 50.295322>, 0.130000
	pigment { color rgbt <1,0,0,0> }
	no_shadow
}

// nucleotide -1

// particle -1
sphere {
	<39.323853, 51.642735, 51.057442> 0.250000
	pigment { color rgbt <1,0,0,0> }
	no_shadow
}
cylinder {
	<39.319759, 51.287804, 50.873032>,  <39.317303, 51.074844, 50.762386>, 0.100000
	pigment { color rgbt <1,0,0,0> }
	no_shadow
}
cylinder {
	<39.319759, 51.287804, 50.873032>,  <39.323853, 51.642735, 51.057442>, 0.100000
	pigment { color rgbt <1,0,0,0> }
	no_shadow
}

// particle -1
sphere {
	<39.319759, 51.287804, 50.873032> 0.100000
	pigment { color rgbt <1,0,0,0> }
	no_shadow
}
sphere {
	0, 1
	scale<0.080000,0.200000,0.300000>
	matrix <0.916547, -0.192657, 0.350465,
		-0.399797, -0.418962, 0.815251,
		-0.010233, -0.887330, -0.461022,
		39.316689, 51.021606, 50.734726>
	pigment { color rgbt <0,1,1,0> }
	no_shadow
}
cylinder {
	<39.366940, 51.017860, 51.485744>,  <39.323853, 51.642735, 51.057442>, 0.130000
	pigment { color rgbt <1,0,0,0> }
	no_shadow
}

// nucleotide -1

// particle -1
sphere {
	<39.366940, 51.017860, 51.485744> 0.250000
	pigment { color rgbt <1,0,0,0> }
	no_shadow
}
cylinder {
	<39.573334, 50.899872, 51.164062>,  <39.697170, 50.829079, 50.971054>, 0.100000
	pigment { color rgbt <1,0,0,0> }
	no_shadow
}
cylinder {
	<39.573334, 50.899872, 51.164062>,  <39.366940, 51.017860, 51.485744>, 0.100000
	pigment { color rgbt <1,0,0,0> }
	no_shadow
}

// particle -1
sphere {
	<39.573334, 50.899872, 51.164062> 0.100000
	pigment { color rgbt <1,0,0,0> }
	no_shadow
}
sphere {
	0, 1
	scale<0.080000,0.200000,0.300000>
	matrix <0.830268, -0.058751, 0.554259,
		-0.210737, -0.953699, 0.214587,
		0.515990, -0.294968, -0.804207,
		39.728130, 50.811382, 50.922802>
	pigment { color rgbt <0,1,1,0> }
	no_shadow
}
cylinder {
	<39.791969, 50.463474, 51.695477>,  <39.366940, 51.017860, 51.485744>, 0.130000
	pigment { color rgbt <1,0,0,0> }
	no_shadow
}

// nucleotide -1

// particle -1
sphere {
	<39.791969, 50.463474, 51.695477> 0.250000
	pigment { color rgbt <1,0,0,0> }
	no_shadow
}
cylinder {
	<39.939667, 50.593735, 51.347313>,  <40.028286, 50.671890, 51.138416>, 0.100000
	pigment { color rgbt <1,0,0,0> }
	no_shadow
}
cylinder {
	<39.939667, 50.593735, 51.347313>,  <39.791969, 50.463474, 51.695477>, 0.100000
	pigment { color rgbt <1,0,0,0> }
	no_shadow
}

// particle -1
sphere {
	<39.939667, 50.593735, 51.347313> 0.100000
	pigment { color rgbt <1,0,0,0> }
	no_shadow
}
sphere {
	0, 1
	scale<0.080000,0.200000,0.300000>
	matrix <0.887844, 0.153108, 0.433925,
		0.274577, -0.933009, -0.232597,
		0.369244, 0.325656, -0.870407,
		40.050442, 50.691433, 51.086189>
	pigment { color rgbt <0,1,1,0> }
	no_shadow
}
cylinder {
	<40.321014, 49.987526, 51.394115>,  <39.791969, 50.463474, 51.695477>, 0.130000
	pigment { color rgbt <1,0,0,0> }
	no_shadow
}

// nucleotide -1

// particle -1
sphere {
	<40.321014, 49.987526, 51.394115> 0.250000
	pigment { color rgbt <1,0,0,0> }
	no_shadow
}
cylinder {
	<40.364807, 50.373249, 51.297676>,  <40.391083, 50.604683, 51.239811>, 0.100000
	pigment { color rgbt <1,0,0,0> }
	no_shadow
}
cylinder {
	<40.364807, 50.373249, 51.297676>,  <40.321014, 49.987526, 51.394115>, 0.100000
	pigment { color rgbt <1,0,0,0> }
	no_shadow
}

// particle -1
sphere {
	<40.364807, 50.373249, 51.297676> 0.100000
	pigment { color rgbt <1,0,0,0> }
	no_shadow
}
sphere {
	0, 1
	scale<0.080000,0.200000,0.300000>
	matrix <0.884843, 0.015958, 0.465616,
		0.452843, -0.264310, -0.851512,
		0.109478, 0.964306, -0.241100,
		40.397652, 50.662540, 51.225346>
	pigment { color rgbt <0,1,1,0> }
	no_shadow
}
cylinder {
	<41.072166, 49.939342, 51.065762>,  <40.321014, 49.987526, 51.394115>, 0.130000
	pigment { color rgbt <1,0,0,0> }
	no_shadow
}

// nucleotide -1

// particle -1
sphere {
	<41.072166, 49.939342, 51.065762> 0.250000
	pigment { color rgbt <1,0,0,0> }
	no_shadow
}
cylinder {
	<41.274559, 50.230770, 51.250443>,  <41.395996, 50.405624, 51.361252>, 0.100000
	pigment { color rgbt <1,0,0,0> }
	no_shadow
}
cylinder {
	<41.274559, 50.230770, 51.250443>,  <41.072166, 49.939342, 51.065762>, 0.100000
	pigment { color rgbt <1,0,0,0> }
	no_shadow
}

// particle -1
sphere {
	<41.274559, 50.230770, 51.250443> 0.100000
	pigment { color rgbt <1,0,0,0> }
	no_shadow
}
sphere {
	0, 1
	scale<0.080000,0.200000,0.300000>
	matrix <-0.083526, -0.491380, 0.866931,
		0.858490, -0.477217, -0.187775,
		0.505983, 0.728567, 0.461705,
		41.426353, 50.449341, 51.388954>
	pigment { color rgbt <0,1,1,0> }
	no_shadow
}
cylinder {
	<41.208385, 49.270741, 51.180504>,  <41.072166, 49.939342, 51.065762>, 0.130000
	pigment { color rgbt <1,0,0,0> }
	no_shadow
}

// nucleotide -1

// particle -1
sphere {
	<41.208385, 49.270741, 51.180504> 0.250000
	pigment { color rgbt <1,0,0,0> }
	no_shadow
}
cylinder {
	<41.567513, 49.101921, 51.130226>,  <41.782990, 49.000629, 51.100060>, 0.100000
	pigment { color rgbt <1,0,0,0> }
	no_shadow
}
cylinder {
	<41.567513, 49.101921, 51.130226>,  <41.208385, 49.270741, 51.180504>, 0.100000
	pigment { color rgbt <1,0,0,0> }
	no_shadow
}

// particle -1
sphere {
	<41.567513, 49.101921, 51.130226> 0.100000
	pigment { color rgbt <1,0,0,0> }
	no_shadow
}
sphere {
	0, 1
	scale<0.080000,0.200000,0.300000>
	matrix <0.407234, 0.687087, 0.601725,
		-0.167596, -0.591425, 0.788751,
		0.897815, -0.422053, -0.125695,
		41.836857, 48.975304, 51.092518>
	pigment { color rgbt <0,1,1,0> }
	no_shadow
}
cylinder {
	<41.564560, 49.162743, 51.793629>,  <41.208385, 49.270741, 51.180504>, 0.130000
	pigment { color rgbt <1,0,0,0> }
	no_shadow
}

// nucleotide -1

// particle -1
sphere {
	<41.564560, 49.162743, 51.793629> 0.250000
	pigment { color rgbt <1,0,0,0> }
	no_shadow
}
cylinder {
	<41.870651, 49.185509, 51.537136>,  <42.054306, 49.199169, 51.383240>, 0.100000
	pigment { color rgbt <1,0,0,0> }
	no_shadow
}
cylinder {
	<41.870651, 49.185509, 51.537136>,  <41.564560, 49.162743, 51.793629>, 0.100000
	pigment { color rgbt <1,0,0,0> }
	no_shadow
}

// particle -1
sphere {
	<41.870651, 49.185509, 51.537136> 0.100000
	pigment { color rgbt <1,0,0,0> }
	no_shadow
}
sphere {
	0, 1
	scale<0.080000,0.200000,0.300000>
	matrix <0.463074, 0.643276, 0.609720,
		0.447193, -0.763516, 0.465899,
		0.765233, 0.056917, -0.641233,
		42.100220, 49.202583, 51.344765>
	pigment { color rgbt <0,1,1,0> }
	no_shadow
}
cylinder {
	<42.172009, 48.883301, 51.961094>,  <41.564560, 49.162743, 51.793629>, 0.130000
	pigment { color rgbt <1,0,0,0> }
	no_shadow
}

// nucleotide -1

// particle -1
sphere {
	<42.172009, 48.883301, 51.961094> 0.250000
	pigment { color rgbt <1,0,0,0> }
	no_shadow
}
cylinder {
	<42.208805, 49.220398, 51.748936>,  <42.230885, 49.422657, 51.621639>, 0.100000
	pigment { color rgbt <1,0,0,0> }
	no_shadow
}
cylinder {
	<42.208805, 49.220398, 51.748936>,  <42.172009, 48.883301, 51.961094>, 0.100000
	pigment { color rgbt <1,0,0,0> }
	no_shadow
}

// particle -1
sphere {
	<42.208805, 49.220398, 51.748936> 0.100000
	pigment { color rgbt <1,0,0,0> }
	no_shadow
}
sphere {
	0, 1
	scale<0.080000,0.200000,0.300000>
	matrix <0.439038, 0.443758, 0.781233,
		0.893747, -0.304730, -0.329175,
		0.091991, 0.842745, -0.530395,
		42.236401, 49.473221, 51.589817>
	pigment { color rgbt <0,1,1,0> }
	no_shadow
}
cylinder {
	<42.831329, 49.215050, 51.901031>,  <42.172009, 48.883301, 51.961094>, 0.130000
	pigment { color rgbt <1,0,0,0> }
	no_shadow
}

// nucleotide -1

// particle -1
sphere {
	<42.831329, 49.215050, 51.901031> 0.250000
	pigment { color rgbt <1,0,0,0> }
	no_shadow
}
cylinder {
	<42.582989, 49.518692, 51.822742>,  <42.433983, 49.700878, 51.775768>, 0.100000
	pigment { color rgbt <1,0,0,0> }
	no_shadow
}
cylinder {
	<42.582989, 49.518692, 51.822742>,  <42.831329, 49.215050, 51.901031>, 0.100000
	pigment { color rgbt <1,0,0,0> }
	no_shadow
}

// particle -1
sphere {
	<42.582989, 49.518692, 51.822742> 0.100000
	pigment { color rgbt <1,0,0,0> }
	no_shadow
}
sphere {
	0, 1
	scale<0.080000,0.200000,0.300000>
	matrix <0.550822, 0.600070, 0.580095,
		0.557797, 0.252346, -0.790685,
		-0.620852, 0.759103, -0.195720,
		42.396732, 49.746422, 51.764027>
	pigment { color rgbt <0,1,1,0> }
	no_shadow
}
cylinder {
	<43.122402, 49.810196, 51.412617>,  <42.831329, 49.215050, 51.901031>, 0.130000
	pigment { color rgbt <1,0,0,0> }
	no_shadow
}

// nucleotide -1

// particle -1
sphere {
	<43.122402, 49.810196, 51.412617> 0.250000
	pigment { color rgbt <1,0,0,0> }
	no_shadow
}
cylinder {
	<42.856911, 49.963005, 51.669842>,  <42.697617, 50.054691, 51.824177>, 0.100000
	pigment { color rgbt <1,0,0,0> }
	no_shadow
}
cylinder {
	<42.856911, 49.963005, 51.669842>,  <43.122402, 49.810196, 51.412617>, 0.100000
	pigment { color rgbt <1,0,0,0> }
	no_shadow
}

// particle -1
sphere {
	<42.856911, 49.963005, 51.669842> 0.100000
	pigment { color rgbt <1,0,0,0> }
	no_shadow
}
sphere {
	0, 1
	scale<0.080000,0.200000,0.300000>
	matrix <0.657935, 0.707138, 0.258993,
		-0.355793, 0.594993, -0.720691,
		-0.663727, 0.382020, 0.643061,
		42.657791, 50.077610, 51.862759>
	pigment { color rgbt <0,1,1,0> }
	no_shadow
}
cylinder {
	<43.206818, 50.540104, 51.268780>,  <43.122402, 49.810196, 51.412617>, 0.130000
	pigment { color rgbt <1,0,0,0> }
	no_shadow
}

// nucleotide -1

// particle -1
sphere {
	<43.206818, 50.540104, 51.268780> 0.250000
	pigment { color rgbt <1,0,0,0> }
	no_shadow
}
cylinder {
	<43.035458, 50.456654, 51.620449>,  <42.932640, 50.406586, 51.831451>, 0.100000
	pigment { color rgbt <1,0,0,0> }
	no_shadow
}
cylinder {
	<43.035458, 50.456654, 51.620449>,  <43.206818, 50.540104, 51.268780>, 0.100000
	pigment { color rgbt <1,0,0,0> }
	no_shadow
}

// particle -1
sphere {
	<43.035458, 50.456654, 51.620449> 0.100000
	pigment { color rgbt <1,0,0,0> }
	no_shadow
}
sphere {
	0, 1
	scale<0.080000,0.200000,0.300000>
	matrix <0.771963, 0.421189, 0.476102,
		-0.469625, 0.882653, -0.019387,
		-0.428399, -0.208624, 0.879176,
		42.906937, 50.394066, 51.884201>
	pigment { color rgbt <0,1,1,0> }
	no_shadow
}
cylinder {
	<43.840576, 50.326370, 51.596504>,  <43.206818, 50.540104, 51.268780>, 0.130000
	pigment { color rgbt <1,0,0,0> }
	no_shadow
}

// nucleotide -1

// particle -1
sphere {
	<43.840576, 50.326370, 51.596504> 0.250000
	pigment { color rgbt <1,0,0,0> }
	no_shadow
}
cylinder {
	<43.964767, 50.682823, 51.728855>,  <44.039284, 50.896694, 51.808266>, 0.100000
	pigment { color rgbt <1,0,0,0> }
	no_shadow
}
cylinder {
	<43.964767, 50.682823, 51.728855>,  <43.840576, 50.326370, 51.596504>, 0.100000
	pigment { color rgbt <1,0,0,0> }
	no_shadow
}

// particle -1
sphere {
	<43.964767, 50.682823, 51.728855> 0.100000
	pigment { color rgbt <1,0,0,0> }
	no_shadow
}
sphere {
	0, 1
	scale<0.080000,0.200000,0.300000>
	matrix <0.824086, -0.078839, -0.560951,
		-0.473796, 0.446840, -0.758849,
		0.310483, 0.891133, 0.330881,
		44.057911, 50.950165, 51.828121>
	pigment { color rgbt <0,1,1,0> }
	no_shadow
}
cylinder {
	<44.175362, 50.526497, 50.975483>,  <43.840576, 50.326370, 51.596504>, 0.130000
	pigment { color rgbt <1,0,0,0> }
	no_shadow
}

// nucleotide -1

// particle -1
sphere {
	<44.175362, 50.526497, 50.975483> 0.250000
	pigment { color rgbt <1,0,0,0> }
	no_shadow
}
cylinder {
	<44.281094, 50.737999, 51.298111>,  <44.344532, 50.864899, 51.491688>, 0.100000
	pigment { color rgbt <1,0,0,0> }
	no_shadow
}
cylinder {
	<44.281094, 50.737999, 51.298111>,  <44.175362, 50.526497, 50.975483>, 0.100000
	pigment { color rgbt <1,0,0,0> }
	no_shadow
}

// particle -1
sphere {
	<44.281094, 50.737999, 51.298111> 0.100000
	pigment { color rgbt <1,0,0,0> }
	no_shadow
}
sphere {
	0, 1
	scale<0.080000,0.200000,0.300000>
	matrix <0.947428, 0.013996, -0.319663,
		-0.180311, 0.848662, -0.497254,
		0.264327, 0.528751, 0.806569,
		44.360390, 50.896626, 51.540081>
	pigment { color rgbt <0,1,1,0> }
	no_shadow
}
cylinder {
	<44.555012, 50.972256, 50.701900>,  <44.175362, 50.526497, 50.975483>, 0.130000
	pigment { color rgbt <1,0,0,0> }
	no_shadow
}

// nucleotide -1

// particle -1
sphere {
	<44.555012, 50.972256, 50.701900> 0.250000
	pigment { color rgbt <1,0,0,0> }
	no_shadow
}
cylinder {
	<44.659996, 50.970505, 51.087875>,  <44.722988, 50.969452, 51.319458>, 0.100000
	pigment { color rgbt <1,0,0,0> }
	no_shadow
}
cylinder {
	<44.659996, 50.970505, 51.087875>,  <44.555012, 50.972256, 50.701900>, 0.100000
	pigment { color rgbt <1,0,0,0> }
	no_shadow
}

// particle -1
sphere {
	<44.659996, 50.970505, 51.087875> 0.100000
	pigment { color rgbt <1,0,0,0> }
	no_shadow
}
sphere {
	0, 1
	scale<0.080000,0.200000,0.300000>
	matrix <0.961468, 0.085969, -0.261128,
		-0.081811, 0.996288, 0.026776,
		0.262461, -0.004381, 0.964933,
		44.738735, 50.969189, 51.377354>
	pigment { color rgbt <0,1,1,0> }
	no_shadow
}
cylinder {
	<44.874386, 51.545284, 50.963337>,  <44.555012, 50.972256, 50.701900>, 0.130000
	pigment { color rgbt <1,0,0,0> }
	no_shadow
}

// nucleotide -1

// particle -1
sphere {
	<44.874386, 51.545284, 50.963337> 0.250000
	pigment { color rgbt <1,0,0,0> }
	no_shadow
}
cylinder {
	<44.993568, 51.208603, 51.143448>,  <45.065079, 51.006592, 51.251514>, 0.100000
	pigment { color rgbt <1,0,0,0> }
	no_shadow
}
cylinder {
	<44.993568, 51.208603, 51.143448>,  <44.874386, 51.545284, 50.963337>, 0.100000
	pigment { color rgbt <1,0,0,0> }
	no_shadow
}

// particle -1
sphere {
	<44.993568, 51.208603, 51.143448> 0.100000
	pigment { color rgbt <1,0,0,0> }
	no_shadow
}
sphere {
	0, 1
	scale<0.080000,0.200000,0.300000>
	matrix <0.910666, 0.109216, -0.398445,
		0.286195, 0.528776, 0.799055,
		0.297958, -0.841705, 0.450282,
		45.082954, 50.956093, 51.278534>
	pigment { color rgbt <0,1,1,0> }
	no_shadow
}
cylinder {
	<45.278217, 52.205833, 51.042755>,  <44.874386, 51.545284, 50.963337>, 0.130000
	pigment { color rgbt <1,0,0,0> }
	no_shadow
}

// nucleotide -1

// particle -1
sphere {
	<45.278217, 52.205833, 51.042755> 0.250000
	pigment { color rgbt <1,0,0,0> }
	no_shadow
}
cylinder {
	<45.427685, 51.938255, 50.785728>,  <45.517365, 51.777710, 50.631512>, 0.100000
	pigment { color rgbt <1,0,0,0> }
	no_shadow
}
cylinder {
	<45.427685, 51.938255, 50.785728>,  <45.278217, 52.205833, 51.042755>, 0.100000
	pigment { color rgbt <1,0,0,0> }
	no_shadow
}

// particle -1
sphere {
	<45.427685, 51.938255, 50.785728> 0.100000
	pigment { color rgbt <1,0,0,0> }
	no_shadow
}
sphere {
	0, 1
	scale<0.080000,0.200000,0.300000>
	matrix <0.897636, 0.086237, 0.432219,
		-0.233717, -0.738294, 0.632692,
		0.373666, -0.668944, -0.642564,
		45.539783, 51.737572, 50.592960>
	pigment { color rgbt <0,1,1,0> }
	no_shadow
}
cylinder {
	<45.780281, 52.041370, 51.434193>,  <45.278217, 52.205833, 51.042755>, 0.130000
	pigment { color rgbt <1,0,0,0> }
	no_shadow
}

// nucleotide -1

// particle -1
sphere {
	<45.780281, 52.041370, 51.434193> 0.250000
	pigment { color rgbt <1,0,0,0> }
	no_shadow
}
cylinder {
	<45.871845, 51.925865, 51.062340>,  <45.926785, 51.856564, 50.839230>, 0.100000
	pigment { color rgbt <1,0,0,0> }
	no_shadow
}
cylinder {
	<45.871845, 51.925865, 51.062340>,  <45.780281, 52.041370, 51.434193>, 0.100000
	pigment { color rgbt <1,0,0,0> }
	no_shadow
}

// particle -1
sphere {
	<45.871845, 51.925865, 51.062340> 0.100000
	pigment { color rgbt <1,0,0,0> }
	no_shadow
}
sphere {
	0, 1
	scale<0.080000,0.200000,0.300000>
	matrix <0.973343, 0.053917, 0.222926,
		-0.014249, -0.955882, 0.293405,
		0.228910, -0.288761, -0.929633,
		45.940517, 51.839237, 50.783451>
	pigment { color rgbt <0,1,1,0> }
	no_shadow
}
cylinder {
	<46.406078, 51.457493, 51.446884>,  <45.780281, 52.041370, 51.434193>, 0.130000
	pigment { color rgbt <1,0,0,0> }
	no_shadow
}

// nucleotide -1

// particle -1
sphere {
	<46.406078, 51.457493, 51.446884> 0.250000
	pigment { color rgbt <1,0,0,0> }
	no_shadow
}
cylinder {
	<46.399902, 51.650135, 51.096382>,  <46.396198, 51.765720, 50.886082>, 0.100000
	pigment { color rgbt <1,0,0,0> }
	no_shadow
}
cylinder {
	<46.399902, 51.650135, 51.096382>,  <46.406078, 51.457493, 51.446884>, 0.100000
	pigment { color rgbt <1,0,0,0> }
	no_shadow
}

// particle -1
sphere {
	<46.399902, 51.650135, 51.096382> 0.100000
	pigment { color rgbt <1,0,0,0> }
	no_shadow
}
sphere {
	0, 1
	scale<0.080000,0.200000,0.300000>
	matrix <0.990476, 0.127282, 0.052503,
		0.136817, -0.867094, -0.478987,
		-0.015441, 0.481609, -0.876250,
		46.395271, 51.794617, 50.833508>
	pigment { color rgbt <0,1,1,0> }
	no_shadow
}
cylinder {
	<46.909260, 51.098515, 50.995670>,  <46.406078, 51.457493, 51.446884>, 0.130000
	pigment { color rgbt <1,0,0,0> }
	no_shadow
}

// nucleotide -1

// particle -1
sphere {
	<46.909260, 51.098515, 50.995670> 0.250000
	pigment { color rgbt <1,0,0,0> }
	no_shadow
}
cylinder {
	<46.831905, 51.485271, 50.929077>,  <46.785492, 51.717327, 50.889122>, 0.100000
	pigment { color rgbt <1,0,0,0> }
	no_shadow
}
cylinder {
	<46.831905, 51.485271, 50.929077>,  <46.909260, 51.098515, 50.995670>, 0.100000
	pigment { color rgbt <1,0,0,0> }
	no_shadow
}

// particle -1
sphere {
	<46.831905, 51.485271, 50.929077> 0.100000
	pigment { color rgbt <1,0,0,0> }
	no_shadow
}
sphere {
	0, 1
	scale<0.080000,0.200000,0.300000>
	matrix <0.979061, 0.201174, 0.031119,
		0.063582, -0.156983, -0.985553,
		-0.193383, 0.966895, -0.166487,
		46.773891, 51.775341, 50.879131>
	pigment { color rgbt <0,1,1,0> }
	no_shadow
}
cylinder {
	<47.401718, 51.306301, 50.464848>,  <46.909260, 51.098515, 50.995670>, 0.130000
	pigment { color rgbt <1,0,0,0> }
	no_shadow
}

// nucleotide -1

// particle -1
sphere {
	<47.401718, 51.306301, 50.464848> 0.250000
	pigment { color rgbt <1,0,0,0> }
	no_shadow
}
cylinder {
	<47.302143, 51.594372, 50.723885>,  <47.242397, 51.767216, 50.879307>, 0.100000
	pigment { color rgbt <1,0,0,0> }
	no_shadow
}
cylinder {
	<47.302143, 51.594372, 50.723885>,  <47.401718, 51.306301, 50.464848>, 0.100000
	pigment { color rgbt <1,0,0,0> }
	no_shadow
}

// particle -1
sphere {
	<47.302143, 51.594372, 50.723885> 0.100000
	pigment { color rgbt <1,0,0,0> }
	no_shadow
}
sphere {
	0, 1
	scale<0.080000,0.200000,0.300000>
	matrix <0.935940, 0.350845, -0.030391,
		-0.249090, 0.598539, -0.761384,
		-0.248938, 0.720179, 0.647589,
		47.227463, 51.810425, 50.918159>
	pigment { color rgbt <0,1,1,0> }
	no_shadow
}
cylinder {
	<47.381752, 52.066109, 50.183311>,  <47.401718, 51.306301, 50.464848>, 0.130000
	pigment { color rgbt <1,0,0,0> }
	no_shadow
}

// nucleotide -1

// particle -1
sphere {
	<47.381752, 52.066109, 50.183311> 0.250000
	pigment { color rgbt <1,0,0,0> }
	no_shadow
}
cylinder {
	<47.484226, 52.017864, 50.566940>,  <47.545712, 51.988918, 50.797119>, 0.100000
	pigment { color rgbt <1,0,0,0> }
	no_shadow
}
cylinder {
	<47.484226, 52.017864, 50.566940>,  <47.381752, 52.066109, 50.183311>, 0.100000
	pigment { color rgbt <1,0,0,0> }
	no_shadow
}

// particle -1
sphere {
	<47.484226, 52.017864, 50.566940> 0.100000
	pigment { color rgbt <1,0,0,0> }
	no_shadow
}
sphere {
	0, 1
	scale<0.080000,0.200000,0.300000>
	matrix <0.840567, 0.517716, -0.159427,
		-0.477299, 0.847009, 0.234012,
		0.256188, -0.120609, 0.959073,
		47.561081, 51.981682, 50.854664>
	pigment { color rgbt <0,1,1,0> }
	no_shadow
}
cylinder {
	<47.490158, 52.706970, 50.622253>,  <47.381752, 52.066109, 50.183311>, 0.130000
	pigment { color rgbt <1,0,0,0> }
	no_shadow
}

// nucleotide -1

// particle -1
sphere {
	<47.490158, 52.706970, 50.622253> 0.250000
	pigment { color rgbt <1,0,0,0> }
	no_shadow
}
cylinder {
	<47.716347, 52.412170, 50.770348>,  <47.852058, 52.235291, 50.859203>, 0.100000
	pigment { color rgbt <1,0,0,0> }
	no_shadow
}
cylinder {
	<47.716347, 52.412170, 50.770348>,  <47.490158, 52.706970, 50.622253>, 0.100000
	pigment { color rgbt <1,0,0,0> }
	no_shadow
}

// particle -1
sphere {
	<47.716347, 52.412170, 50.770348> 0.100000
	pigment { color rgbt <1,0,0,0> }
	no_shadow
}
sphere {
	0, 1
	scale<0.080000,0.200000,0.300000>
	matrix <0.808917, 0.583168, -0.074618,
		-0.160916, 0.341684, 0.925936,
		0.565472, -0.736999, 0.370236,
		47.885990, 52.191071, 50.881416>
	pigment { color rgbt <0,1,1,0> }
	no_shadow
}
cylinder {
	<47.747158, 52.943333, 51.327854>,  <47.490158, 52.706970, 50.622253>, 0.130000
	pigment { color rgbt <1,0,0,0> }
	no_shadow
}

// nucleotide -1

// particle -1
sphere {
	<47.747158, 52.943333, 51.327854> 0.250000
	pigment { color rgbt <1,0,0,0> }
	no_shadow
}
cylinder {
	<47.979424, 52.714867, 51.095787>,  <48.118782, 52.577785, 50.956547>, 0.100000
	pigment { color rgbt <1,0,0,0> }
	no_shadow
}
cylinder {
	<47.979424, 52.714867, 51.095787>,  <47.747158, 52.943333, 51.327854>, 0.100000
	pigment { color rgbt <1,0,0,0> }
	no_shadow
}

// particle -1
sphere {
	<47.979424, 52.714867, 51.095787> 0.100000
	pigment { color rgbt <1,0,0,0> }
	no_shadow
}
sphere {
	0, 1
	scale<0.080000,0.200000,0.300000>
	matrix <0.739298, 0.668376, 0.081922,
		0.340979, -0.476486, 0.810367,
		0.580665, -0.571169, -0.580168,
		48.153622, 52.543514, 50.921738>
	pigment { color rgbt <0,1,1,0> }
	no_shadow
}
cylinder {
	<48.339645, 52.583622, 51.711571>,  <47.747158, 52.943333, 51.327854>, 0.130000
	pigment { color rgbt <1,0,0,0> }
	no_shadow
}

// nucleotide -1

// particle -1
sphere {
	<48.339645, 52.583622, 51.711571> 0.250000
	pigment { color rgbt <1,0,0,0> }
	no_shadow
}
cylinder {
	<48.419712, 52.661896, 51.327564>,  <48.467754, 52.708858, 51.097160>, 0.100000
	pigment { color rgbt <1,0,0,0> }
	no_shadow
}
cylinder {
	<48.419712, 52.661896, 51.327564>,  <48.339645, 52.583622, 51.711571>, 0.100000
	pigment { color rgbt <1,0,0,0> }
	no_shadow
}

// particle -1
sphere {
	<48.419712, 52.661896, 51.327564> 0.100000
	pigment { color rgbt <1,0,0,0> }
	no_shadow
}
sphere {
	0, 1
	scale<0.080000,0.200000,0.300000>
	matrix <0.783784, 0.555962, 0.276748,
		0.587890, -0.807846, -0.042086,
		0.200172, 0.195683, -0.960020,
		48.479763, 52.720600, 51.039558>
	pigment { color rgbt <0,1,1,0> }
	no_shadow
}
cylinder {
	<48.440853, 52.277359, 52.419067>,  <48.339645, 52.583622, 51.711571>, 0.130000
	pigment { color rgbt <1,0,0,0> }
	no_shadow
}

// nucleotide -1

// particle -1
sphere {
	<48.440853, 52.277359, 52.419067> 0.250000
	pigment { color rgbt <1,0,0,0> }
	no_shadow
}
cylinder {
	<48.098984, 52.131058, 52.566452>,  <47.893864, 52.043278, 52.654884>, 0.100000
	pigment { color rgbt <1,0,0,0> }
	no_shadow
}
cylinder {
	<48.098984, 52.131058, 52.566452>,  <48.440853, 52.277359, 52.419067>, 0.100000
	pigment { color rgbt <1,0,0,0> }
	no_shadow
}

// particle -1
sphere {
	<48.098984, 52.131058, 52.566452> 0.100000
	pigment { color rgbt <1,0,0,0> }
	no_shadow
}
sphere {
	0, 1
	scale<0.080000,0.200000,0.300000>
	matrix <0.453199, -0.871832, 0.185795,
		0.253281, 0.325780, 0.910888,
		-0.854669, -0.365755, 0.368462,
		47.842583, 52.021332, 52.676991>
	pigment { color rgbt <0,1,1,0> }
	no_shadow
}
cylinder {
	<48.397064, 52.163902, 53.150227>,  <48.440853, 52.277359, 52.419067>, 0.130000
	pigment { color rgbt <1,0,0,0> }
	no_shadow
}

// nucleotide -1

// particle -1
sphere {
	<48.397064, 52.163902, 53.150227> 0.250000
	pigment { color rgbt <1,0,0,0> }
	no_shadow
}
cylinder {
	<48.192055, 51.877357, 52.960854>,  <48.069050, 51.705429, 52.847229>, 0.100000
	pigment { color rgbt <1,0,0,0> }
	no_shadow
}
cylinder {
	<48.192055, 51.877357, 52.960854>,  <48.397064, 52.163902, 53.150227>, 0.100000
	pigment { color rgbt <1,0,0,0> }
	no_shadow
}

// particle -1
sphere {
	<48.192055, 51.877357, 52.960854> 0.100000
	pigment { color rgbt <1,0,0,0> }
	no_shadow
}
sphere {
	0, 1
	scale<0.080000,0.200000,0.300000>
	matrix <0.745371, -0.644900, 0.168896,
		-0.426310, -0.266322, 0.864484,
		-0.512525, -0.716364, -0.473436,
		48.038296, 51.662449, 52.818821>
	pigment { color rgbt <0,1,1,0> }
	no_shadow
}
cylinder {
	<48.588123, 51.509739, 53.525368>,  <48.397064, 52.163902, 53.150227>, 0.130000
	pigment { color rgbt <1,0,0,0> }
	no_shadow
}

// nucleotide -1

// particle -1
sphere {
	<48.588123, 51.509739, 53.525368> 0.250000
	pigment { color rgbt <1,0,0,0> }
	no_shadow
}
cylinder {
	<48.390656, 51.397343, 53.196167>,  <48.272175, 51.329903, 52.998646>, 0.100000
	pigment { color rgbt <1,0,0,0> }
	no_shadow
}
cylinder {
	<48.390656, 51.397343, 53.196167>,  <48.588123, 51.509739, 53.525368>, 0.100000
	pigment { color rgbt <1,0,0,0> }
	no_shadow
}

// particle -1
sphere {
	<48.390656, 51.397343, 53.196167> 0.100000
	pigment { color rgbt <1,0,0,0> }
	no_shadow
}
sphere {
	0, 1
	scale<0.080000,0.200000,0.300000>
	matrix <0.511613, -0.859109, -0.013563,
		-0.703239, -0.427755, 0.567875,
		-0.493668, -0.280994, -0.823003,
		48.242554, 51.313046, 52.949265>
	pigment { color rgbt <0,1,1,0> }
	no_shadow
}
cylinder {
	<49.249371, 51.611073, 53.732033>,  <48.588123, 51.509739, 53.525368>, 0.130000
	pigment { color rgbt <1,0,0,0> }
	no_shadow
}

// nucleotide -1

// particle -1
sphere {
	<49.249371, 51.611073, 53.732033> 0.250000
	pigment { color rgbt <1,0,0,0> }
	no_shadow
}
cylinder {
	<49.403362, 51.272697, 53.879642>,  <49.495758, 51.069672, 53.968208>, 0.100000
	pigment { color rgbt <1,0,0,0> }
	no_shadow
}
cylinder {
	<49.403362, 51.272697, 53.879642>,  <49.249371, 51.611073, 53.732033>, 0.100000
	pigment { color rgbt <1,0,0,0> }
	no_shadow
}

// particle -1
sphere {
	<49.403362, 51.272697, 53.879642> 0.100000
	pigment { color rgbt <1,0,0,0> }
	no_shadow
}
sphere {
	0, 1
	scale<0.080000,0.200000,0.300000>
	matrix <0.599446, -0.074838, -0.796909,
		0.701753, 0.528004, 0.478283,
		0.384977, -0.845938, 0.369028,
		49.518856, 51.018917, 53.990353>
	pigment { color rgbt <0,1,1,0> }
	no_shadow
}
cylinder {
	<50.037903, 51.454502, 53.697868>,  <49.249371, 51.611073, 53.732033>, 0.130000
	pigment { color rgbt <1,0,0,0> }
	no_shadow
}

// nucleotide -1

// particle -1
sphere {
	<50.037903, 51.454502, 53.697868> 0.250000
	pigment { color rgbt <1,0,0,0> }
	no_shadow
}
cylinder {
	<49.901230, 51.078644, 53.705032>,  <49.819225, 50.853130, 53.709332>, 0.100000
	pigment { color rgbt <1,0,0,0> }
	no_shadow
}
cylinder {
	<49.901230, 51.078644, 53.705032>,  <50.037903, 51.454502, 53.697868>, 0.100000
	pigment { color rgbt <1,0,0,0> }
	no_shadow
}

// particle -1
sphere {
	<49.901230, 51.078644, 53.705032> 0.100000
	pigment { color rgbt <1,0,0,0> }
	no_shadow
}
sphere {
	0, 1
	scale<0.080000,0.200000,0.300000>
	matrix <0.551382, -0.215861, -0.805842,
		0.761073, -0.265463, 0.591859,
		-0.341681, -0.939645, 0.017914,
		49.798725, 50.796749, 53.710407>
	pigment { color rgbt <0,1,1,0> }
	no_shadow
}
cylinder {
	<50.620811, 51.072903, 53.580372>,  <50.037903, 51.454502, 53.697868>, 0.130000
	pigment { color rgbt <1,0,0,0> }
	no_shadow
}

// nucleotide -1

// particle -1
sphere {
	<50.620811, 51.072903, 53.580372> 0.250000
	pigment { color rgbt <1,0,0,0> }
	no_shadow
}
cylinder {
	<50.303875, 50.861420, 53.458611>,  <50.113712, 50.734531, 53.385555>, 0.100000
	pigment { color rgbt <1,0,0,0> }
	no_shadow
}
cylinder {
	<50.303875, 50.861420, 53.458611>,  <50.620811, 51.072903, 53.580372>, 0.100000
	pigment { color rgbt <1,0,0,0> }
	no_shadow
}

// particle -1
sphere {
	<50.303875, 50.861420, 53.458611> 0.100000
	pigment { color rgbt <1,0,0,0> }
	no_shadow
}
sphere {
	0, 1
	scale<0.080000,0.200000,0.300000>
	matrix <0.407975, -0.088219, -0.908721,
		0.453593, -0.844208, 0.285599,
		-0.792345, -0.528706, -0.304400,
		50.066170, 50.702808, 53.367290>
	pigment { color rgbt <0,1,1,0> }
	no_shadow
}
cylinder {
	<50.761219, 50.432522, 53.206760>,  <50.620811, 51.072903, 53.580372>, 0.130000
	pigment { color rgbt <1,0,0,0> }
	no_shadow
}

// nucleotide -1

// particle -1
sphere {
	<50.761219, 50.432522, 53.206760> 0.250000
	pigment { color rgbt <1,0,0,0> }
	no_shadow
}
cylinder {
	<50.421860, 50.614632, 53.098732>,  <50.218243, 50.723900, 53.033913>, 0.100000
	pigment { color rgbt <1,0,0,0> }
	no_shadow
}
cylinder {
	<50.421860, 50.614632, 53.098732>,  <50.761219, 50.432522, 53.206760>, 0.100000
	pigment { color rgbt <1,0,0,0> }
	no_shadow
}

// particle -1
sphere {
	<50.421860, 50.614632, 53.098732> 0.100000
	pigment { color rgbt <1,0,0,0> }
	no_shadow
}
sphere {
	0, 1
	scale<0.080000,0.200000,0.300000>
	matrix <0.273957, -0.058925, -0.959935,
		-0.452951, -0.888398, -0.074734,
		-0.848400, 0.455277, -0.270073,
		50.167339, 50.751213, 53.017712>
	pigment { color rgbt <0,1,1,0> }
	no_shadow
}
cylinder {
	<50.374252, 50.052906, 52.577282>,  <50.761219, 50.432522, 53.206760>, 0.130000
	pigment { color rgbt <1,0,0,0> }
	no_shadow
}

// nucleotide -1

// particle -1
sphere {
	<50.374252, 50.052906, 52.577282> 0.250000
	pigment { color rgbt <1,0,0,0> }
	no_shadow
}
cylinder {
	<50.353649, 50.452347, 52.572441>,  <50.341290, 50.692009, 52.569538>, 0.100000
	pigment { color rgbt <1,0,0,0> }
	no_shadow
}
cylinder {
	<50.353649, 50.452347, 52.572441>,  <50.374252, 50.052906, 52.577282>, 0.100000
	pigment { color rgbt <1,0,0,0> }
	no_shadow
}

// particle -1
sphere {
	<50.353649, 50.452347, 52.572441> 0.100000
	pigment { color rgbt <1,0,0,0> }
	no_shadow
}
sphere {
	0, 1
	scale<0.080000,0.200000,0.300000>
	matrix <0.491027, 0.014768, -0.871020,
		-0.869621, -0.050804, -0.491099,
		-0.051503, 0.998600, -0.012104,
		50.338200, 50.751926, 52.568810>
	pigment { color rgbt <0,1,1,0> }
	no_shadow
}
cylinder {
	<50.162422, 50.254589, 51.885853>,  <50.374252, 50.052906, 52.577282>, 0.130000
	pigment { color rgbt <1,0,0,0> }
	no_shadow
}

// nucleotide -1

// particle -1
sphere {
	<50.162422, 50.254589, 51.885853> 0.250000
	pigment { color rgbt <1,0,0,0> }
	no_shadow
}
cylinder {
	<50.364162, 50.535904, 52.086258>,  <50.485207, 50.704693, 52.206501>, 0.100000
	pigment { color rgbt <1,0,0,0> }
	no_shadow
}
cylinder {
	<50.364162, 50.535904, 52.086258>,  <50.162422, 50.254589, 51.885853>, 0.100000
	pigment { color rgbt <1,0,0,0> }
	no_shadow
}

// particle -1
sphere {
	<50.364162, 50.535904, 52.086258> 0.100000
	pigment { color rgbt <1,0,0,0> }
	no_shadow
}
sphere {
	0, 1
	scale<0.080000,0.200000,0.300000>
	matrix <0.668807, 0.048838, -0.741830,
		-0.546190, 0.709223, -0.445734,
		0.504354, 0.703290, 0.501009,
		50.515469, 50.746891, 52.236561>
	pigment { color rgbt <0,1,1,0> }
	no_shadow
}
cylinder {
	<50.494331, 50.761864, 51.382339>,  <50.162422, 50.254589, 51.885853>, 0.130000
	pigment { color rgbt <1,0,0,0> }
	no_shadow
}

// nucleotide -1

// particle -1
sphere {
	<50.494331, 50.761864, 51.382339> 0.250000
	pigment { color rgbt <1,0,0,0> }
	no_shadow
}
cylinder {
	<50.710346, 50.753983, 51.718903>,  <50.839954, 50.749252, 51.920841>, 0.100000
	pigment { color rgbt <1,0,0,0> }
	no_shadow
}
cylinder {
	<50.710346, 50.753983, 51.718903>,  <50.494331, 50.761864, 51.382339>, 0.100000
	pigment { color rgbt <1,0,0,0> }
	no_shadow
}

// particle -1
sphere {
	<50.710346, 50.753983, 51.718903> 0.100000
	pigment { color rgbt <1,0,0,0> }
	no_shadow
}
sphere {
	0, 1
	scale<0.080000,0.200000,0.300000>
	matrix <0.837416, 0.112616, -0.534838,
		-0.084217, 0.993443, 0.077319,
		0.540038, -0.019706, 0.841410,
		50.872356, 50.748070, 51.971325>
	pigment { color rgbt <0,1,1,0> }
	no_shadow
}
cylinder {
	<50.836636, 51.465839, 51.549622>,  <50.494331, 50.761864, 51.382339>, 0.130000
	pigment { color rgbt <1,0,0,0> }
	no_shadow
}

// nucleotide -1

// particle -1
sphere {
	<50.836636, 51.465839, 51.549622> 0.250000
	pigment { color rgbt <1,0,0,0> }
	no_shadow
}
cylinder {
	<51.032356, 51.146851, 51.690826>,  <51.149788, 50.955456, 51.775551>, 0.100000
	pigment { color rgbt <1,0,0,0> }
	no_shadow
}
cylinder {
	<51.032356, 51.146851, 51.690826>,  <50.836636, 51.465839, 51.549622>, 0.100000
	pigment { color rgbt <1,0,0,0> }
	no_shadow
}

// particle -1
sphere {
	<51.032356, 51.146851, 51.690826> 0.100000
	pigment { color rgbt <1,0,0,0> }
	no_shadow
}
sphere {
	0, 1
	scale<0.080000,0.200000,0.300000>
	matrix <0.761297, 0.193099, -0.618983,
		0.425457, 0.571617, 0.701598,
		0.489299, -0.797475, 0.353015,
		51.179146, 50.907608, 51.796730>
	pigment { color rgbt <0,1,1,0> }
	no_shadow
}
cylinder {
	<51.246223, 51.716057, 52.019783>,  <50.836636, 51.465839, 51.549622>, 0.130000
	pigment { color rgbt <1,0,0,0> }
	no_shadow
}

// nucleotide -1

// particle -1
sphere {
	<51.246223, 51.716057, 52.019783> 0.250000
	pigment { color rgbt <1,0,0,0> }
	no_shadow
}
cylinder {
	<51.413246, 51.381657, 51.877377>,  <51.513458, 51.181015, 51.791931>, 0.100000
	pigment { color rgbt <1,0,0,0> }
	no_shadow
}
cylinder {
	<51.413246, 51.381657, 51.877377>,  <51.246223, 51.716057, 52.019783>, 0.100000
	pigment { color rgbt <1,0,0,0> }
	no_shadow
}

// particle -1
sphere {
	<51.413246, 51.381657, 51.877377> 0.100000
	pigment { color rgbt <1,0,0,0> }
	no_shadow
}
sphere {
	0, 1
	scale<0.080000,0.200000,0.300000>
	matrix <0.857600, 0.492069, -0.149635,
		0.300281, -0.242840, 0.922421,
		0.417557, -0.836001, -0.356018,
		51.538513, 51.130856, 51.770573>
	pigment { color rgbt <0,1,1,0> }
	no_shadow
}
cylinder {
	<51.808735, 51.472816, 52.421574>,  <51.246223, 51.716057, 52.019783>, 0.130000
	pigment { color rgbt <1,0,0,0> }
	no_shadow
}

// nucleotide -1

// particle -1
sphere {
	<51.808735, 51.472816, 52.421574> 0.250000
	pigment { color rgbt <1,0,0,0> }
	no_shadow
}
cylinder {
	<51.856323, 51.381046, 52.035164>,  <51.884876, 51.325985, 51.803318>, 0.100000
	pigment { color rgbt <1,0,0,0> }
	no_shadow
}
cylinder {
	<51.856323, 51.381046, 52.035164>,  <51.808735, 51.472816, 52.421574>, 0.100000
	pigment { color rgbt <1,0,0,0> }
	no_shadow
}

// particle -1
sphere {
	<51.856323, 51.381046, 52.035164> 0.100000
	pigment { color rgbt <1,0,0,0> }
	no_shadow
}
sphere {
	0, 1
	scale<0.080000,0.200000,0.300000>
	matrix <0.871339, 0.490596, -0.009201,
		0.476040, -0.840643, 0.258274,
