// switches for output
#declare DRAW_BASES = 1; // possible values are 0, 1; only relevant for DNA ribbons
#declare DRAW_BASES_TYPE = 3; // possible values are 1, 2, 3; only relevant for DNA ribbons
#declare DRAW_FOG = 0; // set to 1 to enable fog

#include "colors.inc"

#include "transforms.inc"
background { rgb <1, 1, 1>}

#default {
   normal{
       ripples 0.25
       frequency 0.20
       turbulence 0.2
       lambda 5
   }
	finish {
		phong 0.1
		phong_size 40.
	}
}

// original window dimensions: 1024x640


// camera settings

camera {
	sky <-0, 1, 0>
	up <-0, 1, 0>
	right 1.6 * <0.99995, 0, 0.00999983>
	location <54.4867, 55, 106.329>
	look_at <55, 55, 55.0001>
	direction <0.513302, 0, -51.3289>
	angle 67.0682
}


# declare cpy_camera_pos = <54.4867, 55, 106.329>;
# if (DRAW_FOG = 1)
fog {
	fog_type 2
	up vnormalize(cpy_camera_pos)
	color rgbt<1,1,1,0.3>
	distance 1e-5
	fog_alt 3e-3
	fog_offset 88
}
# end


// LIGHTS

# declare lum = 6;
global_settings {
	ambient_light rgb lum * <0.05, 0.05, 0.05>
	max_trace_level 15
}# declare cpy_direct_light_amount = 0.25;
light_source
{	1000 * <-0.98995, -1, 1.00995>,
	rgb lum * cpy_direct_light_amount
	parallel
}

light_source
{	1000 * <0.98995, 1, -1.00995>,
	rgb lum * cpy_direct_light_amount
	parallel
}

// strand 0

// nucleotide -1

// particle -1
sphere {
	<35.789059, 53.082752, 50.249699> 0.250000
	pigment { color rgbt <1,0,0,0> }
	no_shadow
}
cylinder {
	<35.772308, 53.010448, 49.856644>,  <35.762260, 52.967068, 49.620811>, 0.100000
	pigment { color rgbt <1,0,0,0> }
	no_shadow
}
cylinder {
	<35.772308, 53.010448, 49.856644>,  <35.789059, 53.082752, 50.249699>, 0.100000
	pigment { color rgbt <1,0,0,0> }
	no_shadow
}

// particle -1
sphere {
	<35.772308, 53.010448, 49.856644> 0.100000
	pigment { color rgbt <1,0,0,0> }
	no_shadow
}
sphere {
	0, 1
	scale<0.080000,0.200000,0.300000>
	matrix <0.938119, -0.345508, 0.023582,
		-0.343771, -0.920842, 0.184041,
		-0.041873, -0.180760, -0.982636,
		35.759747, 52.956223, 49.561852>
	pigment { color rgbt <0,1,1,0> }
	no_shadow
}
cylinder {
	<36.190845, 52.419613, 50.156548>,  <35.789059, 53.082752, 50.249699>, 0.130000
	pigment { color rgbt <1,0,0,0> }
	no_shadow
}

// nucleotide -1

// particle -1
sphere {
	<36.190845, 52.419613, 50.156548> 0.250000
	pigment { color rgbt <1,0,0,0> }
	no_shadow
}
cylinder {
	<36.215893, 52.641212, 49.824486>,  <36.230919, 52.774174, 49.625248>, 0.100000
	pigment { color rgbt <1,0,0,0> }
	no_shadow
}
cylinder {
	<36.215893, 52.641212, 49.824486>,  <36.190845, 52.419613, 50.156548>, 0.100000
	pigment { color rgbt <1,0,0,0> }
	no_shadow
}

// particle -1
sphere {
	<36.215893, 52.641212, 49.824486> 0.100000
	pigment { color rgbt <1,0,0,0> }
	no_shadow
}
sphere {
	0, 1
	scale<0.080000,0.200000,0.300000>
	matrix <0.984647, -0.170090, -0.039242,
		-0.162942, -0.814956, -0.556144,
		0.062614, 0.554000, -0.830159,
		36.234676, 52.807411, 49.575439>
	pigment { color rgbt <0,1,1,0> }
	no_shadow
}
cylinder {
	<36.555664, 52.042538, 49.689793>,  <36.190845, 52.419613, 50.156548>, 0.130000
	pigment { color rgbt <1,0,0,0> }
	no_shadow
}

// nucleotide -1

// particle -1
sphere {
	<36.555664, 52.042538, 49.689793> 0.250000
	pigment { color rgbt <1,0,0,0> }
	no_shadow
}
cylinder {
	<36.621635, 52.427032, 49.601410>,  <36.661217, 52.657730, 49.548382>, 0.100000
	pigment { color rgbt <1,0,0,0> }
	no_shadow
}
cylinder {
	<36.621635, 52.427032, 49.601410>,  <36.555664, 52.042538, 49.689793>, 0.100000
	pigment { color rgbt <1,0,0,0> }
	no_shadow
}

// particle -1
sphere {
	<36.621635, 52.427032, 49.601410> 0.100000
	pigment { color rgbt <1,0,0,0> }
	no_shadow
}
sphere {
	0, 1
	scale<0.080000,0.200000,0.300000>
	matrix <0.985175, -0.171273, -0.009751,
		-0.047217, -0.216073, -0.975235,
		0.164924, 0.961238, -0.220957,
		36.671112, 52.715405, 49.535122>
	pigment { color rgbt <0,1,1,0> }
	no_shadow
}
cylinder {
	<36.971695, 52.112061, 49.034245>,  <36.555664, 52.042538, 49.689793>, 0.130000
	pigment { color rgbt <1,0,0,0> }
	no_shadow
}

// nucleotide -1

// particle -1
sphere {
	<36.971695, 52.112061, 49.034245> 0.250000
	pigment { color rgbt <1,0,0,0> }
	no_shadow
}
cylinder {
	<37.045292, 52.431507, 49.263458>,  <37.089451, 52.623173, 49.400986>, 0.100000
	pigment { color rgbt <1,0,0,0> }
	no_shadow
}
cylinder {
	<37.045292, 52.431507, 49.263458>,  <36.971695, 52.112061, 49.034245>, 0.100000
	pigment { color rgbt <1,0,0,0> }
	no_shadow
}

// particle -1
sphere {
	<37.045292, 52.431507, 49.263458> 0.100000
	pigment { color rgbt <1,0,0,0> }
	no_shadow
}
sphere {
	0, 1
	scale<0.080000,0.200000,0.300000>
	matrix <0.977548, -0.209584, -0.021781,
		0.102703, 0.564172, -0.819245,
		0.183989, 0.798614, 0.573030,
		37.100487, 52.671093, 49.435368>
	pigment { color rgbt <0,1,1,0> }
	no_shadow
}
cylinder {
	<37.491737, 52.470173, 48.735031>,  <36.971695, 52.112061, 49.034245>, 0.130000
	pigment { color rgbt <1,0,0,0> }
	no_shadow
}

// nucleotide -1

// particle -1
sphere {
	<37.491737, 52.470173, 48.735031> 0.250000
	pigment { color rgbt <1,0,0,0> }
	no_shadow
}
cylinder {
	<37.477978, 52.491920, 49.134201>,  <37.469723, 52.504967, 49.373703>, 0.100000
	pigment { color rgbt <1,0,0,0> }
	no_shadow
}
cylinder {
	<37.477978, 52.491920, 49.134201>,  <37.491737, 52.470173, 48.735031>, 0.100000
	pigment { color rgbt <1,0,0,0> }
	no_shadow
}

// particle -1
sphere {
	<37.477978, 52.491920, 49.134201> 0.100000
	pigment { color rgbt <1,0,0,0> }
	no_shadow
}
sphere {
	0, 1
	scale<0.080000,0.200000,0.300000>
	matrix <0.889391, -0.453781, 0.055380,
		0.455851, 0.889453, -0.032743,
		-0.034400, 0.054366, 0.997928,
		37.467659, 52.508232, 49.433578>
	pigment { color rgbt <0,1,1,0> }
	no_shadow
}
cylinder {
	<38.135899, 52.072533, 48.556976>,  <37.491737, 52.470173, 48.735031>, 0.130000
	pigment { color rgbt <1,0,0,0> }
	no_shadow
}

// nucleotide -1

// particle -1
sphere {
	<38.135899, 52.072533, 48.556976> 0.250000
	pigment { color rgbt <1,0,0,0> }
	no_shadow
}
cylinder {
	<38.420311, 51.822575, 48.685936>,  <38.590958, 51.672600, 48.763313>, 0.100000
	pigment { color rgbt <1,0,0,0> }
	no_shadow
}
cylinder {
	<38.420311, 51.822575, 48.685936>,  <38.135899, 52.072533, 48.556976>, 0.100000
	pigment { color rgbt <1,0,0,0> }
	no_shadow
}

// particle -1
sphere {
	<38.420311, 51.822575, 48.685936> 0.100000
	pigment { color rgbt <1,0,0,0> }
	no_shadow
}
sphere {
	0, 1
	scale<0.080000,0.200000,0.300000>
	matrix <0.456151, 0.060985, -0.887810,
		0.535123, 0.778327, 0.328406,
		0.711035, -0.624890, 0.322400,
		38.633621, 51.635109, 48.782658>
	pigment { color rgbt <0,1,1,0> }
	no_shadow
}
cylinder {
	<38.828350, 52.392048, 48.368614>,  <38.135899, 52.072533, 48.556976>, 0.130000
	pigment { color rgbt <1,0,0,0> }
	no_shadow
}

// nucleotide -1

// particle -1
sphere {
	<38.828350, 52.392048, 48.368614> 0.250000
	pigment { color rgbt <1,0,0,0> }
	no_shadow
}
cylinder {
	<38.789265, 51.995277, 48.400955>,  <38.765816, 51.757214, 48.420361>, 0.100000
	pigment { color rgbt <1,0,0,0> }
	no_shadow
}
cylinder {
	<38.789265, 51.995277, 48.400955>,  <38.828350, 52.392048, 48.368614>, 0.100000
	pigment { color rgbt <1,0,0,0> }
	no_shadow
}

// particle -1
sphere {
	<38.789265, 51.995277, 48.400955> 0.100000
	pigment { color rgbt <1,0,0,0> }
	no_shadow
}
sphere {
	0, 1
	scale<0.080000,0.200000,0.300000>
	matrix <0.549796, -0.121517, -0.826413,
		0.829564, -0.036299, 0.557230,
		-0.097711, -0.991925, 0.080849,
		38.759953, 51.697701, 48.425209>
	pigment { color rgbt <0,1,1,0> }
	no_shadow
}
cylinder {
	<39.510597, 52.175362, 48.260582>,  <38.828350, 52.392048, 48.368614>, 0.130000
	pigment { color rgbt <1,0,0,0> }
	no_shadow
}

// nucleotide -1

// particle -1
sphere {
	<39.510597, 52.175362, 48.260582> 0.250000
	pigment { color rgbt <1,0,0,0> }
	no_shadow
}
cylinder {
	<39.273006, 51.856361, 48.218285>,  <39.130451, 51.664959, 48.192905>, 0.100000
	pigment { color rgbt <1,0,0,0> }
	no_shadow
}
cylinder {
	<39.273006, 51.856361, 48.218285>,  <39.510597, 52.175362, 48.260582>, 0.100000
	pigment { color rgbt <1,0,0,0> }
	no_shadow
}

// particle -1
sphere {
	<39.273006, 51.856361, 48.218285> 0.100000
	pigment { color rgbt <1,0,0,0> }
	no_shadow
}
sphere {
	0, 1
	scale<0.080000,0.200000,0.300000>
	matrix <0.569476, -0.323973, -0.755473,
		0.568236, -0.508947, 0.646591,
		-0.593974, -0.797505, -0.105740,
		39.094814, 51.617111, 48.186562>
	pigment { color rgbt <0,1,1,0> }
	no_shadow
}
cylinder {
	<39.736656, 51.438416, 48.279469>,  <39.510597, 52.175362, 48.260582>, 0.130000
	pigment { color rgbt <1,0,0,0> }
	no_shadow
}

// nucleotide -1

// particle -1
sphere {
	<39.736656, 51.438416, 48.279469> 0.250000
	pigment { color rgbt <1,0,0,0> }
	no_shadow
}
cylinder {
	<39.419537, 51.432117, 48.035759>,  <39.229263, 51.428337, 47.889534>, 0.100000
	pigment { color rgbt <1,0,0,0> }
	no_shadow
}
cylinder {
	<39.419537, 51.432117, 48.035759>,  <39.736656, 51.438416, 48.279469>, 0.100000
	pigment { color rgbt <1,0,0,0> }
	no_shadow
}

// particle -1
sphere {
	<39.419537, 51.432117, 48.035759> 0.100000
	pigment { color rgbt <1,0,0,0> }
	no_shadow
}
sphere {
	0, 1
	scale<0.080000,0.200000,0.300000>
	matrix <0.589114, -0.276070, -0.759428,
		-0.156246, -0.961008, 0.228144,
		-0.792800, -0.015745, -0.609278,
		39.181698, 51.427395, 47.852974>
	pigment { color rgbt <0,1,1,0> }
	no_shadow
}
cylinder {
	<39.669918, 50.781136, 47.966946>,  <39.736656, 51.438416, 48.279469>, 0.130000
	pigment { color rgbt <1,0,0,0> }
	no_shadow
}

// nucleotide -1

// particle -1
sphere {
	<39.669918, 50.781136, 47.966946> 0.250000
	pigment { color rgbt <1,0,0,0> }
	no_shadow
}
cylinder {
	<39.515202, 51.030067, 47.694740>,  <39.422371, 51.179424, 47.531418>, 0.100000
	pigment { color rgbt <1,0,0,0> }
	no_shadow
}
cylinder {
	<39.515202, 51.030067, 47.694740>,  <39.669918, 50.781136, 47.966946>, 0.100000
	pigment { color rgbt <1,0,0,0> }
	no_shadow
}

// particle -1
sphere {
	<39.515202, 51.030067, 47.694740> 0.100000
	pigment { color rgbt <1,0,0,0> }
	no_shadow
}
sphere {
	0, 1
	scale<0.080000,0.200000,0.300000>
	matrix <0.635617, -0.354737, -0.685676,
		-0.668118, -0.697762, -0.258352,
		-0.386792, 0.622326, -0.680516,
		39.399162, 51.216766, 47.490585>
	pigment { color rgbt <0,1,1,0> }
	no_shadow
}
cylinder {
	<40.051811, 50.150162, 47.749840>,  <39.669918, 50.781136, 47.966946>, 0.130000
	pigment { color rgbt <1,0,0,0> }
	no_shadow
}

// nucleotide -1

// particle -1
sphere {
	<40.051811, 50.150162, 47.749840> 0.250000
	pigment { color rgbt <1,0,0,0> }
	no_shadow
}
cylinder {
	<40.195980, 50.498878, 47.882545>,  <40.282482, 50.708111, 47.962170>, 0.100000
	pigment { color rgbt <1,0,0,0> }
	no_shadow
}
cylinder {
	<40.195980, 50.498878, 47.882545>,  <40.051811, 50.150162, 47.749840>, 0.100000
	pigment { color rgbt <1,0,0,0> }
	no_shadow
}

// particle -1
sphere {
	<40.195980, 50.498878, 47.882545> 0.100000
	pigment { color rgbt <1,0,0,0> }
	no_shadow
}
sphere {
	0, 1
	scale<0.080000,0.200000,0.300000>
	matrix <-0.080999, -0.325076, 0.942213,
		0.929264, -0.366471, -0.046551,
		0.360426, 0.871794, 0.331765,
		40.304108, 50.760418, 47.982075>
	pigment { color rgbt <0,1,1,0> }
	no_shadow
}
cylinder {
	<40.759857, 50.039520, 48.228222>,  <40.051811, 50.150162, 47.749840>, 0.130000
	pigment { color rgbt <1,0,0,0> }
	no_shadow
}

// nucleotide -1

// particle -1
sphere {
	<40.759857, 50.039520, 48.228222> 0.250000
	pigment { color rgbt <1,0,0,0> }
	no_shadow
}
cylinder {
	<40.523731, 50.351440, 48.311592>,  <40.382057, 50.538593, 48.361614>, 0.100000
	pigment { color rgbt <1,0,0,0> }
	no_shadow
}
cylinder {
	<40.523731, 50.351440, 48.311592>,  <40.759857, 50.039520, 48.228222>, 0.100000
	pigment { color rgbt <1,0,0,0> }
	no_shadow
}

// particle -1
sphere {
	<40.523731, 50.351440, 48.311592> 0.100000
	pigment { color rgbt <1,0,0,0> }
	no_shadow
}
sphere {
	0, 1
	scale<0.080000,0.200000,0.300000>
	matrix <0.064103, -0.212111, 0.975141,
		0.804627, 0.588997, 0.075223,
		-0.590310, 0.779802, 0.208427,
		40.346638, 50.585381, 48.374119>
	pigment { color rgbt <0,1,1,0> }
	no_shadow
}
cylinder {
	<41.077263, 50.712494, 48.511143>,  <40.759857, 50.039520, 48.228222>, 0.130000
	pigment { color rgbt <1,0,0,0> }
	no_shadow
}

// nucleotide -1

// particle -1
sphere {
	<41.077263, 50.712494, 48.511143> 0.250000
	pigment { color rgbt <1,0,0,0> }
	no_shadow
}
cylinder {
	<41.432053, 50.772530, 48.685841>,  <41.644928, 50.808552, 48.790661>, 0.100000
	pigment { color rgbt <1,0,0,0> }
	no_shadow
}
cylinder {
	<41.432053, 50.772530, 48.685841>,  <41.077263, 50.712494, 48.511143>, 0.100000
	pigment { color rgbt <1,0,0,0> }
	no_shadow
}

// particle -1
sphere {
	<41.432053, 50.772530, 48.685841> 0.100000
	pigment { color rgbt <1,0,0,0> }
	no_shadow
}
sphere {
	0, 1
	scale<0.080000,0.200000,0.300000>
	matrix <0.002112, -0.947023, 0.321160,
		0.461809, -0.283939, -0.840304,
		0.886977, 0.150089, 0.436744,
		41.698147, 50.817554, 48.816864>
	pigment { color rgbt <0,1,1,0> }
	no_shadow
}
cylinder {
	<41.256378, 51.487442, 48.465679>,  <41.077263, 50.712494, 48.511143>, 0.130000
	pigment { color rgbt <1,0,0,0> }
	no_shadow
}

// nucleotide -1

// particle -1
sphere {
	<41.256378, 51.487442, 48.465679> 0.250000
	pigment { color rgbt <1,0,0,0> }
	no_shadow
}
cylinder {
	<41.257755, 51.171070, 48.220917>,  <41.258583, 50.981247, 48.074059>, 0.100000
	pigment { color rgbt <1,0,0,0> }
	no_shadow
}
cylinder {
	<41.257755, 51.171070, 48.220917>,  <41.256378, 51.487442, 48.465679>, 0.100000
	pigment { color rgbt <1,0,0,0> }
	no_shadow
}

// particle -1
sphere {
	<41.257755, 51.171070, 48.220917> 0.100000
	pigment { color rgbt <1,0,0,0> }
	no_shadow
}
sphere {
	0, 1
	scale<0.080000,0.200000,0.300000>
	matrix <-0.958653, -0.176735, 0.223044,
		-0.284556, 0.585833, -0.758833,
		0.003446, -0.790926, -0.611902,
		41.258789, 50.933792, 48.037346>
	pigment { color rgbt <0,1,1,0> }
	no_shadow
}
cylinder {
	<40.917507, 52.151688, 48.225960>,  <41.256378, 51.487442, 48.465679>, 0.130000
	pigment { color rgbt <1,0,0,0> }
	no_shadow
}

// nucleotide -1

// particle -1
sphere {
	<40.917507, 52.151688, 48.225960> 0.250000
	pigment { color rgbt <1,0,0,0> }
	no_shadow
}
cylinder {
	<40.908211, 52.498425, 48.026745>,  <40.902634, 52.706467, 47.907215>, 0.100000
	pigment { color rgbt <1,0,0,0> }
	no_shadow
}
cylinder {
	<40.908211, 52.498425, 48.026745>,  <40.917507, 52.151688, 48.225960>, 0.100000
	pigment { color rgbt <1,0,0,0> }
	no_shadow
}

// particle -1
sphere {
	<40.908211, 52.498425, 48.026745> 0.100000
	pigment { color rgbt <1,0,0,0> }
	no_shadow
}
sphere {
	0, 1
	scale<0.080000,0.200000,0.300000>
	matrix <0.784705, 0.324484, 0.528155,
		0.619433, -0.378542, -0.687756,
		-0.023237, 0.866843, -0.498040,
		40.901241, 52.758476, 47.877335>
	pigment { color rgbt <0,1,1,0> }
	no_shadow
}
cylinder {
	<41.674774, 52.312344, 48.011032>,  <40.917507, 52.151688, 48.225960>, 0.130000
	pigment { color rgbt <1,0,0,0> }
	no_shadow
}

// nucleotide -1

// particle -1
sphere {
	<41.674774, 52.312344, 48.011032> 0.250000
	pigment { color rgbt <1,0,0,0> }
	no_shadow
}
cylinder {
	<41.434216, 52.631916, 48.013191>,  <41.289879, 52.823658, 48.014488>, 0.100000
	pigment { color rgbt <1,0,0,0> }
	no_shadow
}
cylinder {
	<41.434216, 52.631916, 48.013191>,  <41.674774, 52.312344, 48.011032>, 0.100000
	pigment { color rgbt <1,0,0,0> }
	no_shadow
}

// particle -1
sphere {
	<41.434216, 52.631916, 48.013191> 0.100000
	pigment { color rgbt <1,0,0,0> }
	no_shadow
}
sphere {
	0, 1
	scale<0.080000,0.200000,0.300000>
	matrix <0.713861, 0.534303, 0.452684,
		0.358780, 0.276096, -0.891655,
		-0.601398, 0.798931, 0.005397,
		41.253796, 52.871597, 48.014809>
	pigment { color rgbt <0,1,1,0> }
	no_shadow
}
cylinder {
	<41.963062, 52.880966, 47.750500>,  <41.674774, 52.312344, 48.011032>, 0.130000
	pigment { color rgbt <1,0,0,0> }
	no_shadow
}

// nucleotide -1

// particle -1
sphere {
	<41.963062, 52.880966, 47.750500> 0.250000
	pigment { color rgbt <1,0,0,0> }
	no_shadow
}
cylinder {
	<41.699032, 53.007034, 48.023254>,  <41.540611, 53.082676, 48.186905>, 0.100000
	pigment { color rgbt <1,0,0,0> }
	no_shadow
}
cylinder {
	<41.699032, 53.007034, 48.023254>,  <41.963062, 52.880966, 47.750500>, 0.100000
	pigment { color rgbt <1,0,0,0> }
	no_shadow
}

// particle -1
sphere {
	<41.699032, 53.007034, 48.023254> 0.100000
	pigment { color rgbt <1,0,0,0> }
	no_shadow
}
sphere {
	0, 1
	scale<0.080000,0.200000,0.300000>
	matrix <0.705058, 0.573153, 0.417599,
		-0.259208, 0.756415, -0.600540,
		-0.660079, 0.315170, 0.681882,
		41.501007, 53.101585, 48.227818>
	pigment { color rgbt <0,1,1,0> }
	no_shadow
}
cylinder {
	<42.199268, 53.430138, 47.740940>,  <41.963062, 52.880966, 47.750500>, 0.130000
	pigment { color rgbt <1,0,0,0> }
	no_shadow
}

// nucleotide -1

// particle -1
sphere {
	<42.199268, 53.430138, 47.740940> 0.250000
	pigment { color rgbt <1,0,0,0> }
	no_shadow
}
cylinder {
	<41.983345, 53.388763, 48.075104>,  <41.853790, 53.363937, 48.275600>, 0.100000
	pigment { color rgbt <1,0,0,0> }
	no_shadow
}
cylinder {
	<41.983345, 53.388763, 48.075104>,  <42.199268, 53.430138, 47.740940>, 0.100000
	pigment { color rgbt <1,0,0,0> }
	no_shadow
}

// particle -1
sphere {
	<41.983345, 53.388763, 48.075104> 0.100000
	pigment { color rgbt <1,0,0,0> }
	no_shadow
}
sphere {
	0, 1
	scale<0.080000,0.200000,0.300000>
	matrix <0.711079, 0.475115, 0.518297,
		-0.450525, 0.873823, -0.182921,
		-0.539809, -0.103435, 0.835409,
		41.821404, 53.357735, 48.325726>
	pigment { color rgbt <0,1,1,0> }
	no_shadow
}
cylinder {
	<41.910782, 54.013149, 48.087238>,  <42.199268, 53.430138, 47.740940>, 0.130000
	pigment { color rgbt <1,0,0,0> }
	no_shadow
}

// nucleotide -1

// particle -1
sphere {
	<41.910782, 54.013149, 48.087238> 0.250000
	pigment { color rgbt <1,0,0,0> }
	no_shadow
}
cylinder {
	<42.013554, 53.739624, 48.360409>,  <42.075214, 53.575508, 48.524311>, 0.100000
	pigment { color rgbt <1,0,0,0> }
	no_shadow
}
cylinder {
	<42.013554, 53.739624, 48.360409>,  <41.910782, 54.013149, 48.087238>, 0.100000
	pigment { color rgbt <1,0,0,0> }
	no_shadow
}

// particle -1
sphere {
	<42.013554, 53.739624, 48.360409> 0.100000
	pigment { color rgbt <1,0,0,0> }
	no_shadow
}
sphere {
	0, 1
	scale<0.080000,0.200000,0.300000>
	matrix <0.756212, 0.582260, 0.298524,
		-0.601774, 0.439735, 0.666709,
		0.256927, -0.683817, 0.682922,
		42.090633, 53.534477, 48.565285>
	pigment { color rgbt <0,1,1,0> }
	no_shadow
}
cylinder {
	<41.927685, 54.425385, 48.694046>,  <41.910782, 54.013149, 48.087238>, 0.130000
	pigment { color rgbt <1,0,0,0> }
	no_shadow
}

// nucleotide -1

// particle -1
sphere {
	<41.927685, 54.425385, 48.694046> 0.250000
	pigment { color rgbt <1,0,0,0> }
	no_shadow
}
cylinder {
	<42.135677, 54.088955, 48.753674>,  <42.260471, 53.887096, 48.789448>, 0.100000
	pigment { color rgbt <1,0,0,0> }
	no_shadow
}
cylinder {
	<42.135677, 54.088955, 48.753674>,  <41.927685, 54.425385, 48.694046>, 0.100000
	pigment { color rgbt <1,0,0,0> }
	no_shadow
}

// particle -1
sphere {
	<42.135677, 54.088955, 48.753674> 0.100000
	pigment { color rgbt <1,0,0,0> }
	no_shadow
}
sphere {
	0, 1
	scale<0.080000,0.200000,0.300000>
	matrix <0.791692, 0.540063, 0.285578,
		-0.320697, -0.030480, 0.946691,
		0.519977, -0.841072, 0.149066,
		42.291672, 53.836632, 48.798393>
	pigment { color rgbt <0,1,1,0> }
	no_shadow
}
cylinder {
	<42.640297, 54.594028, 48.474960>,  <41.927685, 54.425385, 48.694046>, 0.130000
	pigment { color rgbt <1,0,0,0> }
	no_shadow
}

// nucleotide -1

// particle -1
sphere {
	<42.640297, 54.594028, 48.474960> 0.250000
	pigment { color rgbt <1,0,0,0> }
	no_shadow
}
cylinder {
	<42.841133, 54.926125, 48.378128>,  <42.961636, 55.125381, 48.320030>, 0.100000
	pigment { color rgbt <1,0,0,0> }
	no_shadow
}
cylinder {
	<42.841133, 54.926125, 48.378128>,  <42.640297, 54.594028, 48.474960>, 0.100000
	pigment { color rgbt <1,0,0,0> }
	no_shadow
}

// particle -1
sphere {
	<42.841133, 54.926125, 48.378128> 0.100000
	pigment { color rgbt <1,0,0,0> }
	no_shadow
}
sphere {
	0, 1
	scale<0.080000,0.200000,0.300000>
	matrix <0.207834, 0.155880, 0.965664,
		0.839472, -0.535161, -0.094287,
		0.502088, 0.830244, -0.242081,
		42.991760, 55.175198, 48.305504>
	pigment { color rgbt <0,1,1,0> }
	no_shadow
}
cylinder {
	<43.364010, 54.632175, 48.684418>,  <42.640297, 54.594028, 48.474960>, 0.130000
	pigment { color rgbt <1,0,0,0> }
	no_shadow
}

// nucleotide -1

// particle -1
sphere {
	<43.364010, 54.632175, 48.684418> 0.250000
	pigment { color rgbt <1,0,0,0> }
	no_shadow
}
cylinder {
	<43.183544, 54.989143, 48.687004>,  <43.075264, 55.203323, 48.688557>, 0.100000
	pigment { color rgbt <1,0,0,0> }
	no_shadow
}
cylinder {
	<43.183544, 54.989143, 48.687004>,  <43.364010, 54.632175, 48.684418>, 0.100000
	pigment { color rgbt <1,0,0,0> }
	no_shadow
}

// particle -1
sphere {
	<43.183544, 54.989143, 48.687004> 0.100000
	pigment { color rgbt <1,0,0,0> }
	no_shadow
}
sphere {
	0, 1
	scale<0.080000,0.200000,0.300000>
	matrix <0.153805, 0.070614, 0.985575,
		0.879086, 0.445655, -0.169117,
		-0.451168, 0.892416, 0.006469,
		43.048195, 55.256866, 48.688946>
	pigment { color rgbt <0,1,1,0> }
	no_shadow
}
cylinder {
	<43.793255, 55.179260, 48.989525>,  <43.364010, 54.632175, 48.684418>, 0.130000
	pigment { color rgbt <1,0,0,0> }
	no_shadow
}

// nucleotide -1

// particle -1
sphere {
	<43.793255, 55.179260, 48.989525> 0.250000
	pigment { color rgbt <1,0,0,0> }
	no_shadow
}
cylinder {
	<43.417522, 55.309189, 49.033623>,  <43.192085, 55.387146, 49.060081>, 0.100000
	pigment { color rgbt <1,0,0,0> }
	no_shadow
}
cylinder {
	<43.417522, 55.309189, 49.033623>,  <43.793255, 55.179260, 48.989525>, 0.100000
	pigment { color rgbt <1,0,0,0> }
	no_shadow
}

// particle -1
sphere {
	<43.417522, 55.309189, 49.033623> 0.100000
	pigment { color rgbt <1,0,0,0> }
	no_shadow
}
sphere {
	0, 1
	scale<0.080000,0.200000,0.300000>
	matrix <0.182263, 0.200370, 0.962618,
		0.290593, 0.924306, -0.247416,
		-0.939328, 0.324824, 0.110240,
		43.135723, 55.406635, 49.066696>
	pigment { color rgbt <0,1,1,0> }
	no_shadow
}
cylinder {
	<43.929844, 55.728565, 49.467522>,  <43.793255, 55.179260, 48.989525>, 0.130000
	pigment { color rgbt <1,0,0,0> }
	no_shadow
}

// nucleotide -1

// particle -1
sphere {
	<43.929844, 55.728565, 49.467522> 0.250000
	pigment { color rgbt <1,0,0,0> }
	no_shadow
}
cylinder {
	<43.575939, 55.542202, 49.462982>,  <43.363598, 55.430382, 49.460258>, 0.100000
	pigment { color rgbt <1,0,0,0> }
	no_shadow
}
cylinder {
	<43.575939, 55.542202, 49.462982>,  <43.929844, 55.728565, 49.467522>, 0.100000
	pigment { color rgbt <1,0,0,0> }
	no_shadow
}

// particle -1
sphere {
	<43.575939, 55.542202, 49.462982> 0.100000
	pigment { color rgbt <1,0,0,0> }
	no_shadow
}
sphere {
	0, 1
	scale<0.080000,0.200000,0.300000>
	matrix <-0.058036, 0.085980, 0.994605,
		-0.462423, 0.880643, -0.103111,
		-0.884758, -0.465913, -0.011350,
		43.310513, 55.402428, 49.459576>
	pigment { color rgbt <0,1,1,0> }
	no_shadow
}
cylinder {
	<44.653046, 55.652523, 49.769871>,  <43.929844, 55.728565, 49.467522>, 0.130000
	pigment { color rgbt <1,0,0,0> }
	no_shadow
}

// nucleotide -1

// particle -1
sphere {
	<44.653046, 55.652523, 49.769871> 0.250000
	pigment { color rgbt <1,0,0,0> }
	no_shadow
}
cylinder {
	<44.637730, 55.869465, 50.105583>,  <44.628540, 55.999630, 50.307011>, 0.100000
	pigment { color rgbt <1,0,0,0> }
	no_shadow
}
cylinder {
	<44.637730, 55.869465, 50.105583>,  <44.653046, 55.652523, 49.769871>, 0.100000
	pigment { color rgbt <1,0,0,0> }
	no_shadow
}

// particle -1
sphere {
	<44.637730, 55.869465, 50.105583> 0.100000
	pigment { color rgbt <1,0,0,0> }
	no_shadow
}
sphere {
	0, 1
	scale<0.080000,0.200000,0.300000>
	matrix <0.898038, -0.349676, 0.266935,
		0.438248, 0.763923, -0.473667,
		-0.038288, 0.542355, 0.839277,
		44.626244, 56.032173, 50.357365>
	pigment { color rgbt <0,1,1,0> }
	no_shadow
}
cylinder {
	<45.319328, 56.120064, 49.788990>,  <44.653046, 55.652523, 49.769871>, 0.130000
	pigment { color rgbt <1,0,0,0> }
	no_shadow
}

// nucleotide -1

// particle -1
sphere {
	<45.319328, 56.120064, 49.788990> 0.250000
	pigment { color rgbt <1,0,0,0> }
	no_shadow
}
cylinder {
	<45.195198, 55.992077, 50.147057>,  <45.120720, 55.915283, 50.361897>, 0.100000
	pigment { color rgbt <1,0,0,0> }
	no_shadow
}
cylinder {
	<45.195198, 55.992077, 50.147057>,  <45.319328, 56.120064, 49.788990>, 0.100000
	pigment { color rgbt <1,0,0,0> }
	no_shadow
}

// particle -1
sphere {
	<45.195198, 55.992077, 50.147057> 0.100000
	pigment { color rgbt <1,0,0,0> }
	no_shadow
}
sphere {
	0, 1
	scale<0.080000,0.200000,0.300000>
	matrix <0.945742, -0.199284, 0.256626,
		0.096280, 0.926232, 0.364450,
		-0.310325, -0.319968, 0.895164,
		45.102100, 55.896088, 50.415607>
	pigment { color rgbt <0,1,1,0> }
	no_shadow
}
cylinder {
	<45.738544, 56.439514, 50.285534>,  <45.319328, 56.120064, 49.788990>, 0.130000
	pigment { color rgbt <1,0,0,0> }
	no_shadow
}

// nucleotide -1

// particle -1
sphere {
	<45.738544, 56.439514, 50.285534> 0.250000
	pigment { color rgbt <1,0,0,0> }
	no_shadow
}
cylinder {
	<45.575802, 56.105904, 50.434593>,  <45.478157, 55.905735, 50.524029>, 0.100000
	pigment { color rgbt <1,0,0,0> }
	no_shadow
}
cylinder {
	<45.575802, 56.105904, 50.434593>,  <45.738544, 56.439514, 50.285534>, 0.100000
	pigment { color rgbt <1,0,0,0> }
	no_shadow
}

// particle -1
sphere {
	<45.575802, 56.105904, 50.434593> 0.100000
	pigment { color rgbt <1,0,0,0> }
	no_shadow
}
sphere {
	0, 1
	scale<0.080000,0.200000,0.300000>
	matrix <0.912695, -0.354080, 0.203999,
		-0.038193, 0.423113, 0.905271,
		-0.406853, -0.834028, 0.372650,
		45.453747, 55.855694, 50.546387>
	pigment { color rgbt <0,1,1,0> }
	no_shadow
}
cylinder {
	<46.076607, 56.297127, 50.954517>,  <45.738544, 56.439514, 50.285534>, 0.130000
	pigment { color rgbt <1,0,0,0> }
	no_shadow
}

// nucleotide -1

// particle -1
sphere {
	<46.076607, 56.297127, 50.954517> 0.250000
	pigment { color rgbt <1,0,0,0> }
	no_shadow
}
cylinder {
	<45.951546, 55.957527, 50.784126>,  <45.876511, 55.753769, 50.681892>, 0.100000
	pigment { color rgbt <1,0,0,0> }
	no_shadow
}
cylinder {
	<45.951546, 55.957527, 50.784126>,  <46.076607, 56.297127, 50.954517>, 0.100000
	pigment { color rgbt <1,0,0,0> }
	no_shadow
}

// particle -1
sphere {
	<45.951546, 55.957527, 50.784126> 0.100000
	pigment { color rgbt <1,0,0,0> }
	no_shadow
}
sphere {
	0, 1
	scale<0.080000,0.200000,0.300000>
	matrix <0.851915, -0.448975, 0.269561,
		-0.420109, -0.278618, 0.863644,
		-0.312650, -0.848996, -0.425977,
		45.857750, 55.702827, 50.656334>
	pigment { color rgbt <0,1,1,0> }
	no_shadow
}
cylinder {
	<46.529282, 56.609982, 50.301933>,  <46.076607, 56.297127, 50.954517>, 0.130000
	pigment { color rgbt <1,0,0,0> }
	no_shadow
}

// nucleotide -1

// particle -1
sphere {
	<46.529282, 56.609982, 50.301933> 0.250000
	pigment { color rgbt <1,0,0,0> }
	no_shadow
}
cylinder {
	<46.468021, 56.961544, 50.482628>,  <46.431267, 57.172482, 50.591045>, 0.100000
	pigment { color rgbt <1,0,0,0> }
	no_shadow
}
cylinder {
	<46.468021, 56.961544, 50.482628>,  <46.529282, 56.609982, 50.301933>, 0.100000
	pigment { color rgbt <1,0,0,0> }
	no_shadow
}

// particle -1
sphere {
	<46.468021, 56.961544, 50.482628> 0.100000
	pigment { color rgbt <1,0,0,0> }
	no_shadow
}
sphere {
	0, 1
	scale<0.080000,0.200000,0.300000>
	matrix <0.900404, -0.064258, 0.430282,
		0.407206, 0.472643, -0.781531,
		-0.153151, 0.878908, 0.451737,
		46.422077, 57.225216, 50.618149>
	pigment { color rgbt <0,1,1,0> }
	no_shadow
}
cylinder {
	<47.059841, 57.143276, 50.067150>,  <46.529282, 56.609982, 50.301933>, 0.130000
	pigment { color rgbt <1,0,0,0> }
	no_shadow
}

// nucleotide -1

// particle -1
sphere {
	<47.059841, 57.143276, 50.067150> 0.250000
	pigment { color rgbt <1,0,0,0> }
	no_shadow
}
cylinder {
	<46.905582, 57.201862, 50.431530>,  <46.813026, 57.237015, 50.650158>, 0.100000
	pigment { color rgbt <1,0,0,0> }
	no_shadow
}
cylinder {
	<46.905582, 57.201862, 50.431530>,  <47.059841, 57.143276, 50.067150>, 0.100000
	pigment { color rgbt <1,0,0,0> }
	no_shadow
}

// particle -1
sphere {
	<46.905582, 57.201862, 50.431530> 0.100000
	pigment { color rgbt <1,0,0,0> }
	no_shadow
}
sphere {
	0, 1
	scale<0.080000,0.200000,0.300000>
	matrix <0.922520, 0.077535, 0.378080,
		-0.015257, 0.986173, -0.165014,
		-0.385647, 0.146461, 0.910948,
		46.789886, 57.245800, 50.704815>
	pigment { color rgbt <0,1,1,0> }
	no_shadow
}
cylinder {
	<47.390789, 57.740875, 50.400368>,  <47.059841, 57.143276, 50.067150>, 0.130000
	pigment { color rgbt <1,0,0,0> }
	no_shadow
}

// nucleotide -1

// particle -1
sphere {
	<47.390789, 57.740875, 50.400368> 0.250000
	pigment { color rgbt <1,0,0,0> }
	no_shadow
}
cylinder {
	<47.257023, 57.459332, 50.651047>,  <47.176762, 57.290405, 50.801453>, 0.100000
	pigment { color rgbt <1,0,0,0> }
	no_shadow
}
cylinder {
	<47.257023, 57.459332, 50.651047>,  <47.390789, 57.740875, 50.400368>, 0.100000
	pigment { color rgbt <1,0,0,0> }
	no_shadow
}

// particle -1
sphere {
	<47.257023, 57.459332, 50.651047> 0.100000
	pigment { color rgbt <1,0,0,0> }
	no_shadow
}
sphere {
	0, 1
	scale<0.080000,0.200000,0.300000>
	matrix <0.938696, -0.189667, 0.287882,
		-0.083765, 0.684550, 0.724137,
		-0.334414, -0.703859, 0.626697,
		47.156700, 57.248173, 50.839054>
	pigment { color rgbt <0,1,1,0> }
	no_shadow
}
cylinder {
	<47.671967, 57.981941, 51.109287>,  <47.390789, 57.740875, 50.400368>, 0.130000
	pigment { color rgbt <1,0,0,0> }
	no_shadow
}

// nucleotide -1

// particle -1
sphere {
	<47.671967, 57.981941, 51.109287> 0.250000
	pigment { color rgbt <1,0,0,0> }
	no_shadow
}
cylinder {
	<47.632900, 57.598064, 51.003872>,  <47.609463, 57.367737, 50.940624>, 0.100000
	pigment { color rgbt <1,0,0,0> }
	no_shadow
}
cylinder {
	<47.632900, 57.598064, 51.003872>,  <47.671967, 57.981941, 51.109287>, 0.100000
	pigment { color rgbt <1,0,0,0> }
	no_shadow
}

// particle -1
sphere {
	<47.632900, 57.598064, 51.003872> 0.100000
	pigment { color rgbt <1,0,0,0> }
	no_shadow
}
sphere {
	0, 1
	scale<0.080000,0.200000,0.300000>
	matrix <0.985367, -0.130413, 0.109748,
		-0.139693, -0.248964, 0.958385,
		-0.097663, -0.959692, -0.263539,
		47.603600, 57.310158, 50.924809>
	pigment { color rgbt <0,1,1,0> }
	no_shadow
}
cylinder {
	<48.248150, 57.852158, 51.264408>,  <47.671967, 57.981941, 51.109287>, 0.130000
	pigment { color rgbt <1,0,0,0> }
	no_shadow
}

// nucleotide -1

// particle -1
sphere {
	<48.248150, 57.852158, 51.264408> 0.250000
	pigment { color rgbt <1,0,0,0> }
	no_shadow
}
cylinder {
	<48.124958, 57.489353, 51.149536>,  <48.051041, 57.271671, 51.080612>, 0.100000
	pigment { color rgbt <1,0,0,0> }
	no_shadow
}
cylinder {
	<48.124958, 57.489353, 51.149536>,  <48.248150, 57.852158, 51.264408>, 0.100000
	pigment { color rgbt <1,0,0,0> }
	no_shadow
}

// particle -1
sphere {
	<48.124958, 57.489353, 51.149536> 0.100000
	pigment { color rgbt <1,0,0,0> }
	no_shadow
}
sphere {
	0, 1
	scale<0.080000,0.200000,0.300000>
	matrix <0.906464, -0.371416, 0.200932,
		-0.288912, -0.198436, 0.936565,
		-0.307983, -0.907013, -0.287181,
		48.032562, 57.217251, 51.063381>
	pigment { color rgbt <0,1,1,0> }
	no_shadow
}
cylinder {
	<48.612663, 57.530437, 51.721298>,  <48.248150, 57.852158, 51.264408>, 0.130000
	pigment { color rgbt <1,0,0,0> }
	no_shadow
}

// nucleotide -1

// particle -1
sphere {
	<48.612663, 57.530437, 51.721298> 0.250000
	pigment { color rgbt <1,0,0,0> }
	no_shadow
}
cylinder {
	<48.510601, 57.289818, 51.418503>,  <48.449364, 57.145447, 51.236824>, 0.100000
	pigment { color rgbt <1,0,0,0> }
	no_shadow
}
cylinder {
	<48.510601, 57.289818, 51.418503>,  <48.612663, 57.530437, 51.721298>, 0.100000
	pigment { color rgbt <1,0,0,0> }
	no_shadow
}

// particle -1
sphere {
	<48.510601, 57.289818, 51.418503> 0.100000
	pigment { color rgbt <1,0,0,0> }
	no_shadow
}
sphere {
	0, 1
	scale<0.080000,0.200000,0.300000>
	matrix <0.928830, -0.370018, -0.019038,
		-0.268648, -0.707975, 0.653146,
		-0.255154, -0.601547, -0.756992,
		48.434055, 57.109352, 51.191406>
	pigment { color rgbt <0,1,1,0> }
	no_shadow
}
cylinder {
	<48.828926, 56.770378, 51.851994>,  <48.612663, 57.530437, 51.721298>, 0.130000
	pigment { color rgbt <1,0,0,0> }
	no_shadow
}

// nucleotide -1

// particle -1
sphere {
	<48.828926, 56.770378, 51.851994> 0.250000
	pigment { color rgbt <1,0,0,0> }
	no_shadow
}
cylinder {
	<48.811516, 56.839767, 51.458443>,  <48.801071, 56.881401, 51.222313>, 0.100000
	pigment { color rgbt <1,0,0,0> }
	no_shadow
}
cylinder {
	<48.811516, 56.839767, 51.458443>,  <48.828926, 56.770378, 51.851994>, 0.100000
	pigment { color rgbt <1,0,0,0> }
	no_shadow
}

// particle -1
sphere {
	<48.811516, 56.839767, 51.458443> 0.100000
	pigment { color rgbt <1,0,0,0> }
	no_shadow
}
sphere {
	0, 1
	scale<0.080000,0.200000,0.300000>
	matrix <0.956255, -0.277922, -0.091300,
		-0.289279, -0.944811, -0.153785,
		-0.043521, 0.173469, -0.983877,
		48.798458, 56.891808, 51.163280>
	pigment { color rgbt <0,1,1,0> }
	no_shadow
}
cylinder {
	<49.054470, 56.174324, 51.391167>,  <48.828926, 56.770378, 51.851994>, 0.130000
	pigment { color rgbt <1,0,0,0> }
	no_shadow
}

// nucleotide -1

// particle -1
sphere {
	<49.054470, 56.174324, 51.391167> 0.250000
	pigment { color rgbt <1,0,0,0> }
	no_shadow
}
cylinder {
	<49.145931, 56.496483, 51.172424>,  <49.200806, 56.689777, 51.041180>, 0.100000
	pigment { color rgbt <1,0,0,0> }
	no_shadow
}
cylinder {
	<49.145931, 56.496483, 51.172424>,  <49.054470, 56.174324, 51.391167>, 0.100000
	pigment { color rgbt <1,0,0,0> }
	no_shadow
}

// particle -1
sphere {
	<49.145931, 56.496483, 51.172424> 0.100000
	pigment { color rgbt <1,0,0,0> }
	no_shadow
}
sphere {
	0, 1
	scale<0.080000,0.200000,0.300000>
	matrix <0.959750, -0.280602, -0.011975,
		-0.163094, -0.522108, -0.837140,
		0.228650, 0.805398, -0.546858,
		49.214527, 56.738102, 51.008366>
	pigment { color rgbt <0,1,1,0> }
	no_shadow
}
cylinder {
	<49.388828, 55.907833, 50.794556>,  <49.054470, 56.174324, 51.391167>, 0.130000
	pigment { color rgbt <1,0,0,0> }
	no_shadow
}

// nucleotide -1

// particle -1
sphere {
	<49.388828, 55.907833, 50.794556> 0.250000
	pigment { color rgbt <1,0,0,0> }
	no_shadow
}
cylinder {
	<49.538151, 56.261860, 50.905762>,  <49.627747, 56.474277, 50.972485>, 0.100000
	pigment { color rgbt <1,0,0,0> }
	no_shadow
}
cylinder {
	<49.538151, 56.261860, 50.905762>,  <49.388828, 55.907833, 50.794556>, 0.100000
	pigment { color rgbt <1,0,0,0> }
	no_shadow
}

// particle -1
sphere {
	<49.538151, 56.261860, 50.905762> 0.100000
	pigment { color rgbt <1,0,0,0> }
	no_shadow
}
sphere {
	0, 1
	scale<0.080000,0.200000,0.300000>
	matrix <0.922906, -0.384757, -0.014364,
		0.094254, 0.261941, -0.960470,
		0.373310, 0.885070, 0.278012,
		49.650143, 56.527382, 50.989166>
	pigment { color rgbt <0,1,1,0> }
	no_shadow
}
cylinder {
	<49.935528, 56.174335, 50.205677>,  <49.388828, 55.907833, 50.794556>, 0.130000
	pigment { color rgbt <1,0,0,0> }
	no_shadow
}

// nucleotide -1

// particle -1
sphere {
	<49.935528, 56.174335, 50.205677> 0.250000
	pigment { color rgbt <1,0,0,0> }
	no_shadow
}
cylinder {
	<50.003529, 56.329475, 50.568039>,  <50.044327, 56.422562, 50.785458>, 0.100000
	pigment { color rgbt <1,0,0,0> }
	no_shadow
}
cylinder {
	<50.003529, 56.329475, 50.568039>,  <49.935528, 56.174335, 50.205677>, 0.100000
	pigment { color rgbt <1,0,0,0> }
	no_shadow
}

// particle -1
sphere {
	<50.003529, 56.329475, 50.568039> 0.100000
	pigment { color rgbt <1,0,0,0> }
	no_shadow
}
sphere {
	0, 1
	scale<0.080000,0.200000,0.300000>
	matrix <0.955613, -0.289361, -0.055438,
		0.240633, 0.875123, -0.419829,
		0.169997, 0.387854, 0.905909,
		50.054527, 56.445831, 50.839813>
	pigment { color rgbt <0,1,1,0> }
	no_shadow
}
cylinder {
	<50.498753, 56.598015, 50.275928>,  <49.935528, 56.174335, 50.205677>, 0.130000
	pigment { color rgbt <1,0,0,0> }
	no_shadow
}

// nucleotide -1

// particle -1
sphere {
	<50.498753, 56.598015, 50.275928> 0.250000
	pigment { color rgbt <1,0,0,0> }
	no_shadow
}
cylinder {
	<50.432503, 56.421146, 50.628532>,  <50.392754, 56.315025, 50.840096>, 0.100000
	pigment { color rgbt <1,0,0,0> }
	no_shadow
}
cylinder {
	<50.432503, 56.421146, 50.628532>,  <50.498753, 56.598015, 50.275928>, 0.100000
	pigment { color rgbt <1,0,0,0> }
	no_shadow
}

// particle -1
sphere {
	<50.432503, 56.421146, 50.628532> 0.100000
	pigment { color rgbt <1,0,0,0> }
	no_shadow
}
sphere {
	0, 1
	scale<0.080000,0.200000,0.300000>
	matrix <0.981724, -0.158887, 0.104750,
		0.093743, 0.882746, 0.460403,
		-0.165620, -0.442169, 0.881508,
		50.382816, 56.288494, 50.892986>
	pigment { color rgbt <0,1,1,0> }
	no_shadow
}
cylinder {
	<50.909164, 56.876255, 50.992210>,  <50.498753, 56.598015, 50.275928>, 0.130000
	pigment { color rgbt <1,0,0,0> }
	no_shadow
}

// nucleotide -1

// particle -1
sphere {
	<50.909164, 56.876255, 50.992210> 0.250000
	pigment { color rgbt <1,0,0,0> }
	no_shadow
}
cylinder {
	<50.821777, 56.487865, 50.953255>,  <50.769344, 56.254833, 50.929882>, 0.100000
	pigment { color rgbt <1,0,0,0> }
	no_shadow
}
cylinder {
	<50.821777, 56.487865, 50.953255>,  <50.909164, 56.876255, 50.992210>, 0.100000
	pigment { color rgbt <1,0,0,0> }
	no_shadow
}

// particle -1
sphere {
	<50.821777, 56.487865, 50.953255> 0.100000
	pigment { color rgbt <1,0,0,0> }
	no_shadow
}
sphere {
	0, 1
	scale<0.080000,0.200000,0.300000>
	matrix <0.967149, -0.228730, 0.110923,
		-0.129979, -0.069955, 0.989046,
		-0.218465, -0.970973, -0.097387,
		50.756237, 56.196575, 50.924038>
	pigment { color rgbt <0,1,1,0> }
	no_shadow
}
cylinder {
	<51.180912, 56.433044, 51.588341>,  <50.909164, 56.876255, 50.992210>, 0.130000
	pigment { color rgbt <1,0,0,0> }
	no_shadow
}

// nucleotide -1

// particle -1
sphere {
	<51.180912, 56.433044, 51.588341> 0.250000
	pigment { color rgbt <1,0,0,0> }
	no_shadow
}
cylinder {
	<51.149464, 56.241478, 51.238609>,  <51.130596, 56.126537, 51.028770>, 0.100000
	pigment { color rgbt <1,0,0,0> }
	no_shadow
}
cylinder {
	<51.149464, 56.241478, 51.238609>,  <51.180912, 56.433044, 51.588341>, 0.100000
	pigment { color rgbt <1,0,0,0> }
	no_shadow
}

// particle -1
sphere {
	<51.149464, 56.241478, 51.238609> 0.100000
	pigment { color rgbt <1,0,0,0> }
	no_shadow
}
sphere {
	0, 1
	scale<0.080000,0.200000,0.300000>
	matrix <0.968610, -0.244170, 0.046645,
		-0.235825, -0.843220, 0.483080,
		-0.078621, -0.478916, -0.874333,
		51.125877, 56.097801, 50.976311>
	pigment { color rgbt <0,1,1,0> }
	no_shadow
}
cylinder {
	<51.765118, 55.885147, 51.539520>,  <51.180912, 56.433044, 51.588341>, 0.130000
	pigment { color rgbt <1,0,0,0> }
	no_shadow
}

// nucleotide -1

// particle -1
sphere {
	<51.765118, 55.885147, 51.539520> 0.250000
	pigment { color rgbt <1,0,0,0> }
	no_shadow
}
cylinder {
	<51.637943, 55.918682, 51.161762>,  <51.561638, 55.938805, 50.935108>, 0.100000
	pigment { color rgbt <1,0,0,0> }
	no_shadow
}
cylinder {
	<51.637943, 55.918682, 51.161762>,  <51.765118, 55.885147, 51.539520>, 0.100000
	pigment { color rgbt <1,0,0,0> }
	no_shadow
}

// particle -1
sphere {
	<51.637943, 55.918682, 51.161762> 0.100000
	pigment { color rgbt <1,0,0,0> }
	no_shadow
}
sphere {
	0, 1
	scale<0.080000,0.200000,0.300000>
	matrix <0.946973, -0.020725, -0.320643,
		-0.046454, -0.996264, -0.072802,
		-0.317936, 0.083837, -0.944398,
		51.542561, 55.943832, 50.878441>
	pigment { color rgbt <0,1,1,0> }
	no_shadow
}
cylinder {
	<52.278793, 56.360039, 51.450874>,  <51.765118, 55.885147, 51.539520>, 0.130000
	pigment { color rgbt <1,0,0,0> }
	no_shadow
}

// nucleotide -1

// particle -1
sphere {
	<52.278793, 56.360039, 51.450874> 0.250000
	pigment { color rgbt <1,0,0,0> }
	no_shadow
}
cylinder {
	<52.238640, 56.757580, 51.432163>,  <52.214546, 56.996105, 51.420937>, 0.100000
	pigment { color rgbt <1,0,0,0> }
	no_shadow
}
cylinder {
	<52.238640, 56.757580, 51.432163>,  <52.278793, 56.360039, 51.450874>, 0.100000
	pigment { color rgbt <1,0,0,0> }
	no_shadow
}

// particle -1
sphere {
	<52.238640, 56.757580, 51.432163> 0.100000
	pigment { color rgbt <1,0,0,0> }
	no_shadow
}
sphere {
	0, 1
	scale<0.080000,0.200000,0.300000>
	matrix <0.969043, 0.108325, 0.221859,
