// switches for output
#declare DRAW_BASES = 1; // possible values are 0, 1; only relevant for DNA ribbons
#declare DRAW_BASES_TYPE = 3; // possible values are 1, 2, 3; only relevant for DNA ribbons
#declare DRAW_FOG = 0; // set to 1 to enable fog

#include "colors.inc"

#include "transforms.inc"
background { rgb <1, 1, 1>}

#default {
   normal{
       ripples 0.25
       frequency 0.20
       turbulence 0.2
       lambda 5
   }
	finish {
		phong 0.1
		phong_size 40.
	}
}

// original window dimensions: 1024x640


// camera settings

camera {
	sky <-0, 1, 0>
	up <-0, 1, 0>
	right 1.6 * <0.99995, 0, 0.00999983>
	location <54.4867, 55, 106.329>
	look_at <55, 55, 55.0001>
	direction <0.513302, 0, -51.3289>
	angle 67.0682
}


# declare cpy_camera_pos = <54.4867, 55, 106.329>;
# if (DRAW_FOG = 1)
fog {
	fog_type 2
	up vnormalize(cpy_camera_pos)
	color rgbt<1,1,1,0.3>
	distance 1e-5
	fog_alt 3e-3
	fog_offset 88
}
# end


// LIGHTS

# declare lum = 6;
global_settings {
	ambient_light rgb lum * <0.05, 0.05, 0.05>
	max_trace_level 15
}# declare cpy_direct_light_amount = 0.25;
light_source
{	1000 * <-0.98995, -1, 1.00995>,
	rgb lum * cpy_direct_light_amount
	parallel
}

light_source
{	1000 * <0.98995, 1, -1.00995>,
	rgb lum * cpy_direct_light_amount
	parallel
}

// strand 0

// nucleotide -1

// particle -1
sphere {
	<36.302135, 53.448055, 49.195621> 0.250000
	pigment { color rgbt <1,0,0,0> }
	no_shadow
}
cylinder {
	<35.991447, 53.673061, 49.308960>,  <35.805035, 53.808067, 49.376965>, 0.100000
	pigment { color rgbt <1,0,0,0> }
	no_shadow
}
cylinder {
	<35.991447, 53.673061, 49.308960>,  <36.302135, 53.448055, 49.195621>, 0.100000
	pigment { color rgbt <1,0,0,0> }
	no_shadow
}

// particle -1
sphere {
	<35.991447, 53.673061, 49.308960> 0.100000
	pigment { color rgbt <1,0,0,0> }
	no_shadow
}
sphere {
	0, 1
	scale<0.080000,0.200000,0.300000>
	matrix <0.285661, -0.086320, 0.954435,
		0.561345, 0.822267, -0.093643,
		-0.776717, 0.562518, 0.283345,
		35.758430, 53.841816, 49.393963>
	pigment { color rgbt <0,1,1,0> }
	no_shadow
}
cylinder {
	<36.750702, 52.827637, 49.205658>,  <36.302135, 53.448055, 49.195621>, 0.130000
	pigment { color rgbt <1,0,0,0> }
	no_shadow
}

// nucleotide -1

// particle -1
sphere {
	<36.750702, 52.827637, 49.205658> 0.250000
	pigment { color rgbt <1,0,0,0> }
	no_shadow
}
cylinder {
	<36.786137, 52.699867, 49.583042>,  <36.807396, 52.623207, 49.809475>, 0.100000
	pigment { color rgbt <1,0,0,0> }
	no_shadow
}
cylinder {
	<36.786137, 52.699867, 49.583042>,  <36.750702, 52.827637, 49.205658>, 0.100000
	pigment { color rgbt <1,0,0,0> }
	no_shadow
}

// particle -1
sphere {
	<36.786137, 52.699867, 49.583042> 0.100000
	pigment { color rgbt <1,0,0,0> }
	no_shadow
}
sphere {
	0, 1
	scale<0.080000,0.200000,0.300000>
	matrix <-0.993802, 0.035526, 0.105338,
		-0.067165, -0.946946, -0.314297,
		0.088584, -0.319424, 0.943462,
		36.812714, 52.604042, 49.866081>
	pigment { color rgbt <0,1,1,0> }
	no_shadow
}
cylinder {
	<36.463341, 52.196259, 49.295532>,  <36.750702, 52.827637, 49.205658>, 0.130000
	pigment { color rgbt <1,0,0,0> }
	no_shadow
}

// nucleotide -1

// particle -1
sphere {
	<36.463341, 52.196259, 49.295532> 0.250000
	pigment { color rgbt <1,0,0,0> }
	no_shadow
}
cylinder {
	<36.457577, 52.376781, 49.652435>,  <36.454117, 52.485096, 49.866577>, 0.100000
	pigment { color rgbt <1,0,0,0> }
	no_shadow
}
cylinder {
	<36.457577, 52.376781, 49.652435>,  <36.463341, 52.196259, 49.295532>, 0.100000
	pigment { color rgbt <1,0,0,0> }
	no_shadow
}

// particle -1
sphere {
	<36.457577, 52.376781, 49.652435> 0.100000
	pigment { color rgbt <1,0,0,0> }
	no_shadow
}
sphere {
	0, 1
	scale<0.080000,0.200000,0.300000>
	matrix <-0.985059, -0.159563, 0.064794,
		0.171612, -0.877988, 0.446863,
		-0.014414, 0.451306, 0.892253,
		36.453251, 52.512173, 49.920113>
	pigment { color rgbt <0,1,1,0> }
	no_shadow
}
cylinder {
	<36.823849, 51.603592, 49.224407>,  <36.463341, 52.196259, 49.295532>, 0.130000
	pigment { color rgbt <1,0,0,0> }
	no_shadow
}

// nucleotide -1

// particle -1
sphere {
	<36.823849, 51.603592, 49.224407> 0.250000
	pigment { color rgbt <1,0,0,0> }
	no_shadow
}
cylinder {
	<36.424828, 51.576309, 49.230553>,  <36.185413, 51.559940, 49.234241>, 0.100000
	pigment { color rgbt <1,0,0,0> }
	no_shadow
}
cylinder {
	<36.424828, 51.576309, 49.230553>,  <36.823849, 51.603592, 49.224407>, 0.100000
	pigment { color rgbt <1,0,0,0> }
	no_shadow
}

// particle -1
sphere {
	<36.424828, 51.576309, 49.230553> 0.100000
	pigment { color rgbt <1,0,0,0> }
	no_shadow
}
sphere {
	0, 1
	scale<0.080000,0.200000,0.300000>
	matrix <-0.057608, 0.677374, -0.733380,
		0.039613, -0.732471, -0.679645,
		-0.997553, -0.068205, 0.015363,
		36.125561, 51.555847, 49.235161>
	pigment { color rgbt <0,1,1,0> }
	no_shadow
}
cylinder {
	<37.435207, 51.561180, 48.854446>,  <36.823849, 51.603592, 49.224407>, 0.130000
	pigment { color rgbt <1,0,0,0> }
	no_shadow
}

// nucleotide -1

// particle -1
sphere {
	<37.435207, 51.561180, 48.854446> 0.250000
	pigment { color rgbt <1,0,0,0> }
	no_shadow
}
cylinder {
	<37.378353, 51.957115, 48.856354>,  <37.344238, 52.194675, 48.857498>, 0.100000
	pigment { color rgbt <1,0,0,0> }
	no_shadow
}
cylinder {
	<37.378353, 51.957115, 48.856354>,  <37.435207, 51.561180, 48.854446>, 0.100000
	pigment { color rgbt <1,0,0,0> }
	no_shadow
}

// particle -1
sphere {
	<37.378353, 51.957115, 48.856354> 0.100000
	pigment { color rgbt <1,0,0,0> }
	no_shadow
}
sphere {
	0, 1
	scale<0.080000,0.200000,0.300000>
	matrix <0.864590, 0.121809, 0.487491,
		0.481955, 0.073411, -0.873115,
		-0.142140, 0.989835, 0.004764,
		37.335712, 52.254066, 48.857784>
	pigment { color rgbt <0,1,1,0> }
	no_shadow
}
cylinder {
	<38.043568, 51.837364, 48.778088>,  <37.435207, 51.561180, 48.854446>, 0.130000
	pigment { color rgbt <1,0,0,0> }
	no_shadow
}

// nucleotide -1

// particle -1
sphere {
	<38.043568, 51.837364, 48.778088> 0.250000
	pigment { color rgbt <1,0,0,0> }
	no_shadow
}
cylinder {
	<37.855545, 52.149853, 48.942398>,  <37.742733, 52.337345, 49.040985>, 0.100000
	pigment { color rgbt <1,0,0,0> }
	no_shadow
}
cylinder {
	<37.855545, 52.149853, 48.942398>,  <38.043568, 51.837364, 48.778088>, 0.100000
	pigment { color rgbt <1,0,0,0> }
	no_shadow
}

// particle -1
sphere {
	<37.855545, 52.149853, 48.942398> 0.100000
	pigment { color rgbt <1,0,0,0> }
	no_shadow
}
sphere {
	0, 1
	scale<0.080000,0.200000,0.300000>
	matrix <0.816362, 0.207869, 0.538835,
		0.335563, 0.588624, -0.735472,
		-0.470053, 0.781225, 0.410777,
		37.714531, 52.384220, 49.065632>
	pigment { color rgbt <0,1,1,0> }
	no_shadow
}
cylinder {
	<38.356300, 52.460430, 48.720322>,  <38.043568, 51.837364, 48.778088>, 0.130000
	pigment { color rgbt <1,0,0,0> }
	no_shadow
}

// nucleotide -1

// particle -1
sphere {
	<38.356300, 52.460430, 48.720322> 0.250000
	pigment { color rgbt <1,0,0,0> }
	no_shadow
}
cylinder {
	<38.194218, 52.536003, 49.078117>,  <38.096970, 52.581348, 49.292793>, 0.100000
	pigment { color rgbt <1,0,0,0> }
	no_shadow
}
cylinder {
	<38.194218, 52.536003, 49.078117>,  <38.356300, 52.460430, 48.720322>, 0.100000
	pigment { color rgbt <1,0,0,0> }
	no_shadow
}

// particle -1
sphere {
	<38.194218, 52.536003, 49.078117> 0.100000
	pigment { color rgbt <1,0,0,0> }
	no_shadow
}
sphere {
	0, 1
	scale<0.080000,0.200000,0.300000>
	matrix <0.902483, 0.238982, 0.358347,
		-0.146062, 0.952466, -0.267348,
		-0.405205, 0.188935, 0.894490,
		38.072655, 52.592682, 49.346466>
	pigment { color rgbt <0,1,1,0> }
	no_shadow
}
cylinder {
	<38.714516, 53.032318, 48.681442>,  <38.356300, 52.460430, 48.720322>, 0.130000
	pigment { color rgbt <1,0,0,0> }
	no_shadow
}

// nucleotide -1

// particle -1
sphere {
	<38.714516, 53.032318, 48.681442> 0.250000
	pigment { color rgbt <1,0,0,0> }
	no_shadow
}
cylinder {
	<38.617855, 52.886517, 49.041164>,  <38.559856, 52.799038, 49.256996>, 0.100000
	pigment { color rgbt <1,0,0,0> }
	no_shadow
}
cylinder {
	<38.617855, 52.886517, 49.041164>,  <38.714516, 53.032318, 48.681442>, 0.100000
	pigment { color rgbt <1,0,0,0> }
	no_shadow
}

// particle -1
sphere {
	<38.617855, 52.886517, 49.041164> 0.100000
	pigment { color rgbt <1,0,0,0> }
	no_shadow
}
sphere {
	0, 1
	scale<0.080000,0.200000,0.300000>
	matrix <0.965307, 0.004174, 0.261083,
		-0.098919, 0.931194, 0.350847,
		-0.241655, -0.364501, 0.899301,
		38.545361, 52.777164, 49.310955>
	pigment { color rgbt <0,1,1,0> }
	no_shadow
}
cylinder {
	<38.908249, 53.506680, 49.163780>,  <38.714516, 53.032318, 48.681442>, 0.130000
	pigment { color rgbt <1,0,0,0> }
	no_shadow
}

// nucleotide -1

// particle -1
sphere {
	<38.908249, 53.506680, 49.163780> 0.250000
	pigment { color rgbt <1,0,0,0> }
	no_shadow
}
cylinder {
	<38.927448, 53.123466, 49.276829>,  <38.938969, 52.893539, 49.344658>, 0.100000
	pigment { color rgbt <1,0,0,0> }
	no_shadow
}
cylinder {
	<38.927448, 53.123466, 49.276829>,  <38.908249, 53.506680, 49.163780>, 0.100000
	pigment { color rgbt <1,0,0,0> }
	no_shadow
}

// particle -1
sphere {
	<38.927448, 53.123466, 49.276829> 0.100000
	pigment { color rgbt <1,0,0,0> }
	no_shadow
}
sphere {
	0, 1
	scale<0.080000,0.200000,0.300000>
	matrix <0.940647, 0.138527, 0.309828,
		-0.335975, 0.250976, 0.907817,
		0.047998, -0.958030, 0.282622,
		38.941849, 52.836056, 49.361614>
	pigment { color rgbt <0,1,1,0> }
	no_shadow
}
cylinder {
	<39.466858, 53.506004, 49.586372>,  <38.908249, 53.506680, 49.163780>, 0.130000
	pigment { color rgbt <1,0,0,0> }
	no_shadow
}

// nucleotide -1

// particle -1
sphere {
	<39.466858, 53.506004, 49.586372> 0.250000
	pigment { color rgbt <1,0,0,0> }
	no_shadow
}
cylinder {
	<39.382019, 53.123199, 49.507233>,  <39.331116, 52.893517, 49.459751>, 0.100000
	pigment { color rgbt <1,0,0,0> }
	no_shadow
}
cylinder {
	<39.382019, 53.123199, 49.507233>,  <39.466858, 53.506004, 49.586372>, 0.100000
	pigment { color rgbt <1,0,0,0> }
	no_shadow
}

// particle -1
sphere {
	<39.382019, 53.123199, 49.507233> 0.100000
	pigment { color rgbt <1,0,0,0> }
	no_shadow
}
sphere {
	0, 1
	scale<0.080000,0.200000,0.300000>
	matrix <0.962157, -0.239939, 0.129165,
		-0.171083, -0.162964, 0.971686,
		-0.212096, -0.957012, -0.197846,
		39.318390, 52.836098, 49.447880>
	pigment { color rgbt <0,1,1,0> }
	no_shadow
}
cylinder {
	<39.885044, 53.134727, 50.071423>,  <39.466858, 53.506004, 49.586372>, 0.130000
	pigment { color rgbt <1,0,0,0> }
	no_shadow
}

// nucleotide -1

// particle -1
sphere {
	<39.885044, 53.134727, 50.071423> 0.250000
	pigment { color rgbt <1,0,0,0> }
	no_shadow
}
cylinder {
	<39.799965, 52.926815, 49.740463>,  <39.748917, 52.802067, 49.541885>, 0.100000
	pigment { color rgbt <1,0,0,0> }
	no_shadow
}
cylinder {
	<39.799965, 52.926815, 49.740463>,  <39.885044, 53.134727, 50.071423>, 0.100000
	pigment { color rgbt <1,0,0,0> }
	no_shadow
}

// particle -1
sphere {
	<39.799965, 52.926815, 49.740463> 0.100000
	pigment { color rgbt <1,0,0,0> }
	no_shadow
}
sphere {
	0, 1
	scale<0.080000,0.200000,0.300000>
	matrix <0.956349, -0.284399, -0.067184,
		-0.200391, -0.805574, 0.557579,
		-0.212697, -0.519777, -0.827401,
		39.736156, 52.770882, 49.492245>
	pigment { color rgbt <0,1,1,0> }
	no_shadow
}
cylinder {
	<40.188190, 53.449234, 50.759785>,  <39.885044, 53.134727, 50.071423>, 0.130000
	pigment { color rgbt <1,0,0,0> }
	no_shadow
}

// nucleotide -1

// particle -1
sphere {
	<40.188190, 53.449234, 50.759785> 0.250000
	pigment { color rgbt <1,0,0,0> }
	no_shadow
}
cylinder {
	<40.407013, 53.201973, 50.534000>,  <40.538307, 53.053616, 50.398529>, 0.100000
	pigment { color rgbt <1,0,0,0> }
	no_shadow
}
cylinder {
	<40.407013, 53.201973, 50.534000>,  <40.188190, 53.449234, 50.759785>, 0.100000
	pigment { color rgbt <1,0,0,0> }
	no_shadow
}

// particle -1
sphere {
	<40.407013, 53.201973, 50.534000> 0.100000
	pigment { color rgbt <1,0,0,0> }
	no_shadow
}
sphere {
	0, 1
	scale<0.080000,0.200000,0.300000>
	matrix <0.590693, 0.762856, -0.262933,
		0.593136, -0.189586, 0.782462,
		0.547057, -0.618149, -0.564464,
		40.571129, 53.016529, 50.364662>
	pigment { color rgbt <0,1,1,0> }
	no_shadow
}
cylinder {
	<40.892139, 53.504955, 50.896801>,  <40.188190, 53.449234, 50.759785>, 0.130000
	pigment { color rgbt <1,0,0,0> }
	no_shadow
}

// nucleotide -1

// particle -1
sphere {
	<40.892139, 53.504955, 50.896801> 0.250000
	pigment { color rgbt <1,0,0,0> }
	no_shadow
}
cylinder {
	<40.879009, 53.337566, 50.533749>,  <40.871132, 53.237133, 50.315918>, 0.100000
	pigment { color rgbt <1,0,0,0> }
	no_shadow
}
cylinder {
	<40.879009, 53.337566, 50.533749>,  <40.892139, 53.504955, 50.896801>, 0.100000
	pigment { color rgbt <1,0,0,0> }
	no_shadow
}

// particle -1
sphere {
	<40.879009, 53.337566, 50.533749> 0.100000
	pigment { color rgbt <1,0,0,0> }
	no_shadow
}
sphere {
	0, 1
	scale<0.080000,0.200000,0.300000>
	matrix <0.571891, 0.736900, -0.360443,
		0.819672, -0.530901, 0.215131,
		-0.032830, -0.418476, -0.907634,
		40.869160, 53.212025, 50.261459>
	pigment { color rgbt <0,1,1,0> }
	no_shadow
}
cylinder {
	<41.610100, 53.487465, 50.705025>,  <40.892139, 53.504955, 50.896801>, 0.130000
	pigment { color rgbt <1,0,0,0> }
	no_shadow
}

// nucleotide -1

// particle -1
sphere {
	<41.610100, 53.487465, 50.705025> 0.250000
	pigment { color rgbt <1,0,0,0> }
	no_shadow
}
cylinder {
	<41.352032, 53.494141, 50.399483>,  <41.197189, 53.498146, 50.216156>, 0.100000
	pigment { color rgbt <1,0,0,0> }
	no_shadow
}
cylinder {
	<41.352032, 53.494141, 50.399483>,  <41.610100, 53.487465, 50.705025>, 0.100000
	pigment { color rgbt <1,0,0,0> }
	no_shadow
}

// particle -1
sphere {
	<41.352032, 53.494141, 50.399483> 0.100000
	pigment { color rgbt <1,0,0,0> }
	no_shadow
}
sphere {
	0, 1
	scale<0.080000,0.200000,0.300000>
	matrix <0.225049, 0.959559, -0.169115,
		0.730144, -0.281013, -0.622834,
		-0.645169, 0.016690, -0.763858,
		41.158482, 53.499149, 50.170326>
	pigment { color rgbt <0,1,1,0> }
	no_shadow
}
cylinder {
	<41.848881, 53.877560, 50.100815>,  <41.610100, 53.487465, 50.705025>, 0.130000
	pigment { color rgbt <1,0,0,0> }
	no_shadow
}

// nucleotide -1

// particle -1
sphere {
	<41.848881, 53.877560, 50.100815> 0.250000
	pigment { color rgbt <1,0,0,0> }
	no_shadow
}
cylinder {
	<41.461178, 53.903034, 50.005745>,  <41.228558, 53.918320, 49.948704>, 0.100000
	pigment { color rgbt <1,0,0,0> }
	no_shadow
}
cylinder {
	<41.461178, 53.903034, 50.005745>,  <41.848881, 53.877560, 50.100815>, 0.100000
	pigment { color rgbt <1,0,0,0> }
	no_shadow
}

// particle -1
sphere {
	<41.461178, 53.903034, 50.005745> 0.100000
	pigment { color rgbt <1,0,0,0> }
	no_shadow
}
sphere {
	0, 1
	scale<0.080000,0.200000,0.300000>
	matrix <0.133566, 0.947408, -0.290822,
		0.206658, -0.313626, -0.926786,
		-0.969254, 0.063686, -0.237679,
		41.170403, 53.922142, 49.934441>
	pigment { color rgbt <0,1,1,0> }
	no_shadow
}
cylinder {
	<42.614902, 53.997456, 50.079849>,  <41.848881, 53.877560, 50.100815>, 0.130000
	pigment { color rgbt <1,0,0,0> }
	no_shadow
}

// nucleotide -1

// particle -1
sphere {
	<42.614902, 53.997456, 50.079849> 0.250000
	pigment { color rgbt <1,0,0,0> }
	no_shadow
}
cylinder {
	<42.924961, 54.129528, 49.864395>,  <43.110996, 54.208771, 49.735123>, 0.100000
	pigment { color rgbt <1,0,0,0> }
	no_shadow
}
cylinder {
	<42.924961, 54.129528, 49.864395>,  <42.614902, 53.997456, 50.079849>, 0.100000
	pigment { color rgbt <1,0,0,0> }
	no_shadow
}

// particle -1
sphere {
	<42.924961, 54.129528, 49.864395> 0.100000
	pigment { color rgbt <1,0,0,0> }
	no_shadow
}
sphere {
	0, 1
	scale<0.080000,0.200000,0.300000>
	matrix <0.482035, 0.242042, 0.842056,
		0.408406, -0.912357, 0.028457,
		0.775143, 0.330183, -0.538639,
		43.157505, 54.228584, 49.702805>
	pigment { color rgbt <0,1,1,0> }
	no_shadow
}
cylinder {
	<43.256844, 53.580322, 50.230904>,  <42.614902, 53.997456, 50.079849>, 0.130000
	pigment { color rgbt <1,0,0,0> }
	no_shadow
}

// nucleotide -1

// particle -1
sphere {
	<43.256844, 53.580322, 50.230904> 0.250000
	pigment { color rgbt <1,0,0,0> }
	no_shadow
}
cylinder {
	<43.363186, 53.944679, 50.104668>,  <43.426991, 54.163292, 50.028927>, 0.100000
	pigment { color rgbt <1,0,0,0> }
	no_shadow
}
cylinder {
	<43.363186, 53.944679, 50.104668>,  <43.256844, 53.580322, 50.230904>, 0.100000
	pigment { color rgbt <1,0,0,0> }
	no_shadow
}

// particle -1
sphere {
	<43.363186, 53.944679, 50.104668> 0.100000
	pigment { color rgbt <1,0,0,0> }
	no_shadow
}
sphere {
	0, 1
	scale<0.080000,0.200000,0.300000>
	matrix <0.479598, 0.159005, 0.862962,
		0.836246, -0.380778, -0.394590,
		0.265855, 0.910893, -0.315587,
		43.442944, 54.217949, 50.009991>
	pigment { color rgbt <0,1,1,0> }
	no_shadow
}
cylinder {
	<44.013214, 53.655151, 50.262207>,  <43.256844, 53.580322, 50.230904>, 0.130000
	pigment { color rgbt <1,0,0,0> }
	no_shadow
}

// nucleotide -1

// particle -1
sphere {
	<44.013214, 53.655151, 50.262207> 0.250000
	pigment { color rgbt <1,0,0,0> }
	no_shadow
}
cylinder {
	<43.812748, 53.998669, 50.304722>,  <43.692467, 54.204781, 50.330231>, 0.100000
	pigment { color rgbt <1,0,0,0> }
	no_shadow
}
cylinder {
	<43.812748, 53.998669, 50.304722>,  <44.013214, 53.655151, 50.262207>, 0.100000
	pigment { color rgbt <1,0,0,0> }
	no_shadow
}

// particle -1
sphere {
	<43.812748, 53.998669, 50.304722> 0.100000
	pigment { color rgbt <1,0,0,0> }
	no_shadow
}
sphere {
	0, 1
	scale<0.080000,0.200000,0.300000>
	matrix <0.388167, 0.113328, 0.914594,
		0.773405, 0.499625, -0.390153,
		-0.501170, 0.858796, 0.106290,
		43.662395, 54.256310, 50.336609>
	pigment { color rgbt <0,1,1,0> }
	no_shadow
}
cylinder {
	<44.465641, 54.271938, 50.402809>,  <44.013214, 53.655151, 50.262207>, 0.130000
	pigment { color rgbt <1,0,0,0> }
	no_shadow
}

// nucleotide -1

// particle -1
sphere {
	<44.465641, 54.271938, 50.402809> 0.250000
	pigment { color rgbt <1,0,0,0> }
	no_shadow
}
cylinder {
	<44.107685, 54.291370, 50.580265>,  <43.892914, 54.303028, 50.686741>, 0.100000
	pigment { color rgbt <1,0,0,0> }
	no_shadow
}
cylinder {
	<44.107685, 54.291370, 50.580265>,  <44.465641, 54.271938, 50.402809>, 0.100000
	pigment { color rgbt <1,0,0,0> }
	no_shadow
}

// particle -1
sphere {
	<44.107685, 54.291370, 50.580265> 0.100000
	pigment { color rgbt <1,0,0,0> }
	no_shadow
}
sphere {
	0, 1
	scale<0.080000,0.200000,0.300000>
	matrix <0.445682, 0.149392, 0.882638,
		-0.023400, 0.987584, -0.155340,
		-0.894885, 0.048578, 0.443644,
		43.839218, 54.305943, 50.713360>
	pigment { color rgbt <0,1,1,0> }
	no_shadow
}
cylinder {
	<44.367992, 54.871780, 50.733128>,  <44.465641, 54.271938, 50.402809>, 0.130000
	pigment { color rgbt <1,0,0,0> }
	no_shadow
}

// nucleotide -1

// particle -1
sphere {
	<44.367992, 54.871780, 50.733128> 0.250000
	pigment { color rgbt <1,0,0,0> }
	no_shadow
}
cylinder {
	<44.203571, 54.546162, 50.897255>,  <44.104919, 54.350792, 50.995731>, 0.100000
	pigment { color rgbt <1,0,0,0> }
	no_shadow
}
cylinder {
	<44.203571, 54.546162, 50.897255>,  <44.367992, 54.871780, 50.733128>, 0.100000
	pigment { color rgbt <1,0,0,0> }
	no_shadow
}

// particle -1
sphere {
	<44.203571, 54.546162, 50.897255> 0.100000
	pigment { color rgbt <1,0,0,0> }
	no_shadow
}
sphere {
	0, 1
	scale<0.080000,0.200000,0.300000>
	matrix <0.565588, 0.125267, 0.815118,
		-0.714945, 0.567128, 0.408924,
		-0.411052, -0.814048, 0.410320,
		44.080257, 54.301949, 51.020351>
	pigment { color rgbt <0,1,1,0> }
	no_shadow
}
cylinder {
	<45.021046, 54.752377, 51.024620>,  <44.367992, 54.871780, 50.733128>, 0.130000
	pigment { color rgbt <1,0,0,0> }
	no_shadow
}

// nucleotide -1

// particle -1
sphere {
	<45.021046, 54.752377, 51.024620> 0.250000
	pigment { color rgbt <1,0,0,0> }
	no_shadow
}
cylinder {
	<45.087414, 54.980015, 51.346764>,  <45.127235, 55.116600, 51.540051>, 0.100000
	pigment { color rgbt <1,0,0,0> }
	no_shadow
}
cylinder {
	<45.087414, 54.980015, 51.346764>,  <45.021046, 54.752377, 51.024620>, 0.100000
	pigment { color rgbt <1,0,0,0> }
	no_shadow
}

// particle -1
sphere {
	<45.087414, 54.980015, 51.346764> 0.100000
	pigment { color rgbt <1,0,0,0> }
	no_shadow
}
sphere {
	0, 1
	scale<0.080000,0.200000,0.300000>
	matrix <0.910201, -0.402646, 0.097001,
		0.379477, 0.716941, -0.584802,
		0.165924, 0.569097, 0.805356,
		45.137192, 55.150745, 51.588371>
	pigment { color rgbt <0,1,1,0> }
	no_shadow
}
cylinder {
	<45.587914, 55.213589, 51.022297>,  <45.021046, 54.752377, 51.024620>, 0.130000
	pigment { color rgbt <1,0,0,0> }
	no_shadow
}

// nucleotide -1

// particle -1
sphere {
	<45.587914, 55.213589, 51.022297> 0.250000
	pigment { color rgbt <1,0,0,0> }
	no_shadow
}
cylinder {
	<45.534286, 55.108002, 51.404366>,  <45.502110, 55.044651, 51.633606>, 0.100000
	pigment { color rgbt <1,0,0,0> }
	no_shadow
}
cylinder {
	<45.534286, 55.108002, 51.404366>,  <45.587914, 55.213589, 51.022297>, 0.100000
	pigment { color rgbt <1,0,0,0> }
	no_shadow
}

// particle -1
sphere {
	<45.534286, 55.108002, 51.404366> 0.100000
	pigment { color rgbt <1,0,0,0> }
	no_shadow
}
sphere {
	0, 1
	scale<0.080000,0.200000,0.300000>
	matrix <0.873109, -0.487373, -0.012141,
		0.468729, 0.832341, 0.295807,
		-0.134063, -0.263963, 0.955171,
		45.494068, 55.028812, 51.690918>
	pigment { color rgbt <0,1,1,0> }
	no_shadow
}
cylinder {
	<45.900925, 55.556973, 51.594391>,  <45.587914, 55.213589, 51.022297>, 0.130000
	pigment { color rgbt <1,0,0,0> }
	no_shadow
}

// nucleotide -1

// particle -1
sphere {
	<45.900925, 55.556973, 51.594391> 0.250000
	pigment { color rgbt <1,0,0,0> }
	no_shadow
}
cylinder {
	<46.146214, 55.793655, 51.385071>,  <46.293385, 55.935665, 51.259480>, 0.100000
	pigment { color rgbt <1,0,0,0> }
	no_shadow
}
cylinder {
	<46.146214, 55.793655, 51.385071>,  <45.900925, 55.556973, 51.594391>, 0.100000
	pigment { color rgbt <1,0,0,0> }
	no_shadow
}

// particle -1
sphere {
	<46.146214, 55.793655, 51.385071> 0.100000
	pigment { color rgbt <1,0,0,0> }
	no_shadow
}
sphere {
	0, 1
	scale<0.080000,0.200000,0.300000>
	matrix <0.731916, -0.176467, 0.658148,
		0.297087, -0.786600, -0.541294,
		0.613220, 0.591709, -0.523300,
		46.330181, 55.971169, 51.228081>
	pigment { color rgbt <0,1,1,0> }
	no_shadow
}
cylinder {
	<46.710400, 55.210655, 51.550808>,  <45.900925, 55.556973, 51.594391>, 0.130000
	pigment { color rgbt <1,0,0,0> }
	no_shadow
}

// nucleotide -1

// particle -1
sphere {
	<46.710400, 55.210655, 51.550808> 0.250000
	pigment { color rgbt <1,0,0,0> }
	no_shadow
}
cylinder {
	<46.714153, 55.605579, 51.487400>,  <46.716404, 55.842533, 51.449356>, 0.100000
	pigment { color rgbt <1,0,0,0> }
	no_shadow
}
cylinder {
	<46.714153, 55.605579, 51.487400>,  <46.710400, 55.210655, 51.550808>, 0.100000
	pigment { color rgbt <1,0,0,0> }
	no_shadow
}

// particle -1
sphere {
	<46.714153, 55.605579, 51.487400> 0.100000
	pigment { color rgbt <1,0,0,0> }
	no_shadow
}
sphere {
	0, 1
	scale<0.080000,0.200000,0.300000>
	matrix <0.835297, 0.079411, 0.544034,
		0.549719, -0.137511, -0.823954,
		0.009380, 0.987312, -0.158516,
		46.716969, 55.901772, 51.439846>
	pigment { color rgbt <0,1,1,0> }
	no_shadow
}
cylinder {
	<47.277969, 55.442017, 51.177555>,  <46.710400, 55.210655, 51.550808>, 0.130000
	pigment { color rgbt <1,0,0,0> }
	no_shadow
}

// nucleotide -1

// particle -1
sphere {
	<47.277969, 55.442017, 51.177555> 0.250000
	pigment { color rgbt <1,0,0,0> }
	no_shadow
}
cylinder {
	<47.164528, 55.743885, 51.414207>,  <47.096462, 55.925007, 51.556198>, 0.100000
	pigment { color rgbt <1,0,0,0> }
	no_shadow
}
cylinder {
	<47.164528, 55.743885, 51.414207>,  <47.277969, 55.442017, 51.177555>, 0.100000
	pigment { color rgbt <1,0,0,0> }
	no_shadow
}

// particle -1
sphere {
	<47.164528, 55.743885, 51.414207> 0.100000
	pigment { color rgbt <1,0,0,0> }
	no_shadow
}
sphere {
	0, 1
	scale<0.080000,0.200000,0.300000>
	matrix <0.930275, 0.066797, 0.360732,
		0.232716, 0.652689, -0.721000,
		-0.283606, 0.754676, 0.591635,
		47.079445, 55.970287, 51.591698>
	pigment { color rgbt <0,1,1,0> }
	no_shadow
}
cylinder {
	<47.749195, 56.005852, 50.992134>,  <47.277969, 55.442017, 51.177555>, 0.130000
	pigment { color rgbt <1,0,0,0> }
	no_shadow
}

// nucleotide -1

// particle -1
sphere {
	<47.749195, 56.005852, 50.992134> 0.250000
	pigment { color rgbt <1,0,0,0> }
	no_shadow
}
cylinder {
	<47.594254, 56.045094, 51.358814>,  <47.501289, 56.068638, 51.578823>, 0.100000
	pigment { color rgbt <1,0,0,0> }
	no_shadow
}
cylinder {
	<47.594254, 56.045094, 51.358814>,  <47.749195, 56.005852, 50.992134>, 0.100000
	pigment { color rgbt <1,0,0,0> }
	no_shadow
}

// particle -1
sphere {
	<47.594254, 56.045094, 51.358814> 0.100000
	pigment { color rgbt <1,0,0,0> }
	no_shadow
}
sphere {
	0, 1
	scale<0.080000,0.200000,0.300000>
	matrix <0.914138, -0.088141, 0.395706,
		0.119618, 0.991265, -0.055538,
		-0.387355, 0.098103, 0.916696,
		47.478046, 56.074524, 51.633823>
	pigment { color rgbt <0,1,1,0> }
	no_shadow
}
cylinder {
	<48.084232, 56.615726, 51.303905>,  <47.749195, 56.005852, 50.992134>, 0.130000
	pigment { color rgbt <1,0,0,0> }
	no_shadow
}

// nucleotide -1

// particle -1
sphere {
	<48.084232, 56.615726, 51.303905> 0.250000
	pigment { color rgbt <1,0,0,0> }
	no_shadow
}
cylinder {
	<47.961674, 56.309547, 51.530254>,  <47.888138, 56.125839, 51.666061>, 0.100000
	pigment { color rgbt <1,0,0,0> }
	no_shadow
}
cylinder {
	<47.961674, 56.309547, 51.530254>,  <48.084232, 56.615726, 51.303905>, 0.100000
	pigment { color rgbt <1,0,0,0> }
	no_shadow
}

// particle -1
sphere {
	<47.961674, 56.309547, 51.530254> 0.100000
	pigment { color rgbt <1,0,0,0> }
	no_shadow
}
sphere {
	0, 1
	scale<0.080000,0.200000,0.300000>
	matrix <0.931451, -0.118512, 0.344027,
		-0.196274, 0.632486, 0.749291,
		-0.306392, -0.765452, 0.565869,
		47.869755, 56.079910, 51.700016>
	pigment { color rgbt <0,1,1,0> }
	no_shadow
}
cylinder {
	<48.395302, 56.579166, 52.013298>,  <48.084232, 56.615726, 51.303905>, 0.130000
	pigment { color rgbt <1,0,0,0> }
	no_shadow
}

// nucleotide -1

// particle -1
sphere {
	<48.395302, 56.579166, 52.013298> 0.250000
	pigment { color rgbt <1,0,0,0> }
	no_shadow
}
cylinder {
	<48.303097, 56.211681, 51.885025>,  <48.247776, 55.991192, 51.808060>, 0.100000
	pigment { color rgbt <1,0,0,0> }
	no_shadow
}
cylinder {
	<48.303097, 56.211681, 51.885025>,  <48.395302, 56.579166, 52.013298>, 0.100000
	pigment { color rgbt <1,0,0,0> }
	no_shadow
}

// particle -1
sphere {
	<48.303097, 56.211681, 51.885025> 0.100000
	pigment { color rgbt <1,0,0,0> }
	no_shadow
}
sphere {
	0, 1
	scale<0.080000,0.200000,0.300000>
	matrix <0.948477, -0.285757, 0.136876,
		-0.217386, -0.272608, 0.937245,
		-0.230511, -0.918710, -0.320682,
		48.233944, 55.936069, 51.788822>
	pigment { color rgbt <0,1,1,0> }
	no_shadow
}
cylinder {
	<48.328720, 56.011581, 52.510620>,  <48.395302, 56.579166, 52.013298>, 0.130000
	pigment { color rgbt <1,0,0,0> }
	no_shadow
}

// nucleotide -1

// particle -1
sphere {
	<48.328720, 56.011581, 52.510620> 0.250000
	pigment { color rgbt <1,0,0,0> }
	no_shadow
}
cylinder {
	<48.476025, 55.976288, 52.140411>,  <48.564407, 55.955112, 51.918285>, 0.100000
	pigment { color rgbt <1,0,0,0> }
	no_shadow
}
cylinder {
	<48.476025, 55.976288, 52.140411>,  <48.328720, 56.011581, 52.510620>, 0.100000
	pigment { color rgbt <1,0,0,0> }
	no_shadow
}

// particle -1
sphere {
	<48.476025, 55.976288, 52.140411> 0.100000
	pigment { color rgbt <1,0,0,0> }
	no_shadow
}
sphere {
	0, 1
	scale<0.080000,0.200000,0.300000>
	matrix <0.928462, 0.086718, 0.361162,
		0.048391, -0.992317, 0.113861,
		0.368261, -0.088239, -0.925526,
		48.586502, 55.949818, 51.862755>
	pigment { color rgbt <0,1,1,0> }
	no_shadow
}
cylinder {
	<48.890362, 55.569607, 52.496201>,  <48.328720, 56.011581, 52.510620>, 0.130000
	pigment { color rgbt <1,0,0,0> }
	no_shadow
}

// nucleotide -1

// particle -1
sphere {
	<48.890362, 55.569607, 52.496201> 0.250000
	pigment { color rgbt <1,0,0,0> }
	no_shadow
}
cylinder {
	<48.914597, 55.857590, 52.219650>,  <48.929138, 56.030380, 52.053722>, 0.100000
	pigment { color rgbt <1,0,0,0> }
	no_shadow
}
cylinder {
	<48.914597, 55.857590, 52.219650>,  <48.890362, 55.569607, 52.496201>, 0.100000
	pigment { color rgbt <1,0,0,0> }
	no_shadow
}

// particle -1
sphere {
	<48.914597, 55.857590, 52.219650> 0.100000
	pigment { color rgbt <1,0,0,0> }
	no_shadow
}
sphere {
	0, 1
	scale<0.080000,0.200000,0.300000>
	matrix <0.822565, 0.356353, 0.443170,
		0.565435, -0.595550, -0.570617,
		0.060589, 0.719953, -0.691373,
		48.932774, 56.073574, 52.012238>
	pigment { color rgbt <0,1,1,0> }
	no_shadow
}
cylinder {
	<49.530540, 55.651211, 52.278530>,  <48.890362, 55.569607, 52.496201>, 0.130000
	pigment { color rgbt <1,0,0,0> }
	no_shadow
}

// nucleotide -1

// particle -1
sphere {
	<49.530540, 55.651211, 52.278530> 0.250000
	pigment { color rgbt <1,0,0,0> }
	no_shadow
}
cylinder {
	<49.397968, 56.001457, 52.137989>,  <49.318424, 56.211605, 52.053665>, 0.100000
	pigment { color rgbt <1,0,0,0> }
	no_shadow
}
cylinder {
	<49.397968, 56.001457, 52.137989>,  <49.530540, 55.651211, 52.278530>, 0.100000
	pigment { color rgbt <1,0,0,0> }
	no_shadow
}

// particle -1
sphere {
	<49.397968, 56.001457, 52.137989> 0.100000
	pigment { color rgbt <1,0,0,0> }
	no_shadow
}
sphere {
	0, 1
	scale<0.080000,0.200000,0.300000>
	matrix <0.817627, 0.452382, 0.356141,
		0.470789, -0.169238, -0.865862,
		-0.331428, 0.875619, -0.351350,
		49.298538, 56.264141, 52.032585>
	pigment { color rgbt <0,1,1,0> }
	no_shadow
}
cylinder {
	<50.307175, 55.372028, 52.382198>,  <49.530540, 55.651211, 52.278530>, 0.130000
	pigment { color rgbt <1,0,0,0> }
	no_shadow
}

// nucleotide -1

// particle -1
sphere {
	<50.307175, 55.372028, 52.382198> 0.250000
	pigment { color rgbt <1,0,0,0> }
	no_shadow
}
cylinder {
	<50.479446, 55.728733, 52.437725>,  <50.582809, 55.942757, 52.471043>, 0.100000
	pigment { color rgbt <1,0,0,0> }
	no_shadow
}
cylinder {
	<50.479446, 55.728733, 52.437725>,  <50.307175, 55.372028, 52.382198>, 0.100000
	pigment { color rgbt <1,0,0,0> }
	no_shadow
}

// particle -1
sphere {
	<50.479446, 55.728733, 52.437725> 0.100000
	pigment { color rgbt <1,0,0,0> }
	no_shadow
}
sphere {
	0, 1
	scale<0.080000,0.200000,0.300000>
	matrix <0.596996, -0.396851, 0.697212,
		0.676840, -0.217399, -0.703296,
		0.430677, 0.891766, 0.138818,
		50.608650, 55.996262, 52.479370>
	pigment { color rgbt <0,1,1,0> }
	no_shadow
}
cylinder {
	<51.076584, 55.348763, 52.386456>,  <50.307175, 55.372028, 52.382198>, 0.130000
	pigment { color rgbt <1,0,0,0> }
	no_shadow
}

// nucleotide -1

// particle -1
sphere {
	<51.076584, 55.348763, 52.386456> 0.250000
	pigment { color rgbt <1,0,0,0> }
	no_shadow
}
cylinder {
	<50.936951, 55.638535, 52.624226>,  <50.853172, 55.812397, 52.766888>, 0.100000
	pigment { color rgbt <1,0,0,0> }
	no_shadow
}
cylinder {
	<50.936951, 55.638535, 52.624226>,  <51.076584, 55.348763, 52.386456>, 0.100000
	pigment { color rgbt <1,0,0,0> }
	no_shadow
}

// particle -1
sphere {
	<50.936951, 55.638535, 52.624226> 0.100000
	pigment { color rgbt <1,0,0,0> }
	no_shadow
}
sphere {
	0, 1
	scale<0.080000,0.200000,0.300000>
	matrix <0.604694, -0.310454, 0.733460,
		0.715882, 0.615485, -0.329684,
		-0.349082, 0.724429, 0.594428,
		50.832226, 55.855862, 52.802555>
	pigment { color rgbt <0,1,1,0> }
	no_shadow
}
cylinder {
	<51.647408, 55.855877, 52.641853>,  <51.076584, 55.348763, 52.386456>, 0.130000
	pigment { color rgbt <1,0,0,0> }
	no_shadow
}

// nucleotide -1

// particle -1
sphere {
	<51.647408, 55.855877, 52.641853> 0.250000
	pigment { color rgbt <1,0,0,0> }
	no_shadow
}
cylinder {
	<51.339901, 55.787495, 52.888359>,  <51.155399, 55.746464, 53.036263>, 0.100000
	pigment { color rgbt <1,0,0,0> }
	no_shadow
}
cylinder {
	<51.339901, 55.787495, 52.888359>,  <51.647408, 55.855877, 52.641853>, 0.100000
	pigment { color rgbt <1,0,0,0> }
	no_shadow
}

// particle -1
sphere {
	<51.339901, 55.787495, 52.888359> 0.100000
	pigment { color rgbt <1,0,0,0> }
	no_shadow
}
sphere {
	0, 1
	scale<0.080000,0.200000,0.300000>
	matrix <0.638315, -0.264562, 0.722883,
		0.039459, 0.949095, 0.312509,
		-0.768763, -0.170955, 0.616261,
		51.109272, 55.736210, 53.073238>
	pigment { color rgbt <0,1,1,0> }
	no_shadow
}
cylinder {
	<51.608841, 56.298828, 53.277473>,  <51.647408, 55.855877, 52.641853>, 0.130000
	pigment { color rgbt <1,0,0,0> }
	no_shadow
}

// nucleotide -1

// particle -1
sphere {
	<51.608841, 56.298828, 53.277473> 0.250000
	pigment { color rgbt <1,0,0,0> }
	no_shadow
}
cylinder {
	<51.481533, 55.922916, 53.327293>,  <51.405148, 55.697369, 53.357185>, 0.100000
	pigment { color rgbt <1,0,0,0> }
	no_shadow
}
cylinder {
	<51.481533, 55.922916, 53.327293>,  <51.608841, 56.298828, 53.277473>, 0.100000
	pigment { color rgbt <1,0,0,0> }
	no_shadow
}

// particle -1
sphere {
	<51.481533, 55.922916, 53.327293> 0.100000
	pigment { color rgbt <1,0,0,0> }
	no_shadow
}
sphere {
	0, 1
	scale<0.080000,0.200000,0.300000>
	matrix <0.793965, -0.192459, 0.576696,
		-0.517997, 0.282436, 0.807409,
		-0.318273, -0.939782, 0.124551,
		51.386051, 55.640984, 53.364658>
	pigment { color rgbt <0,1,1,0> }
	no_shadow
}
cylinder {
	<51.682652, 56.190918, 54.029182>,  <51.608841, 56.298828, 53.277473>, 0.130000
	pigment { color rgbt <1,0,0,0> }
	no_shadow
}

// nucleotide -1

// particle -1
sphere {
	<51.682652, 56.190918, 54.029182> 0.250000
	pigment { color rgbt <1,0,0,0> }
	no_shadow
}
cylinder {
	<51.685379, 55.849640, 53.820564>,  <51.687016, 55.644875, 53.695393>, 0.100000
	pigment { color rgbt <1,0,0,0> }
	no_shadow
}
cylinder {
	<51.685379, 55.849640, 53.820564>,  <51.682652, 56.190918, 54.029182>, 0.100000
	pigment { color rgbt <1,0,0,0> }
	no_shadow
}

// particle -1
sphere {
	<51.685379, 55.849640, 53.820564> 0.100000
	pigment { color rgbt <1,0,0,0> }
	no_shadow
}
sphere {
	0, 1
	scale<0.080000,0.200000,0.300000>
	matrix <0.839019, -0.278884, 0.467194,
		-0.544059, -0.440773, 0.713946,
		0.006818, -0.853196, -0.521546,
		51.687424, 55.593681, 53.664101>
	pigment { color rgbt <0,1,1,0> }
	no_shadow
}
cylinder {
	<51.616016, 55.521671, 54.417488>,  <51.682652, 56.190918, 54.029182>, 0.130000
	pigment { color rgbt <1,0,0,0> }
	no_shadow
}

// nucleotide -1

// particle -1
sphere {
	<51.616016, 55.521671, 54.417488> 0.250000
	pigment { color rgbt <1,0,0,0> }
	no_shadow
}
cylinder {
	<51.832653, 55.470192, 54.085197>,  <51.962635, 55.439304, 53.885822>, 0.100000
	pigment { color rgbt <1,0,0,0> }
	no_shadow
}
cylinder {
	<51.832653, 55.470192, 54.085197>,  <51.616016, 55.521671, 54.417488>, 0.100000
	pigment { color rgbt <1,0,0,0> }
	no_shadow
}

// particle -1
sphere {
	<51.832653, 55.470192, 54.085197> 0.100000
	pigment { color rgbt <1,0,0,0> }
	no_shadow
}
sphere {
	0, 1
	scale<0.080000,0.200000,0.300000>
	matrix <0.790363, -0.258673, 0.555350,
		-0.286362, -0.957353, -0.038376,
		0.541593, -0.128700, -0.830731,
		51.995132, 55.431580, 53.835979>
	pigment { color rgbt <0,1,1,0> }
	no_shadow
}
cylinder {
	<51.808979, 54.882790, 54.451527>,  <51.616016, 55.521671, 54.417488>, 0.130000
	pigment { color rgbt <1,0,0,0> }
	no_shadow
}

// nucleotide -1

// particle -1
sphere {
	<51.808979, 54.882790, 54.451527> 0.250000
	pigment { color rgbt <1,0,0,0> }
	no_shadow
}
cylinder {
	<52.042515, 55.150604, 54.267853>,  <52.182636, 55.311295, 54.157650>, 0.100000
	pigment { color rgbt <1,0,0,0> }
	no_shadow
}
cylinder {
	<52.042515, 55.150604, 54.267853>,  <51.808979, 54.882790, 54.451527>, 0.100000
	pigment { color rgbt <1,0,0,0> }
	no_shadow
}

// particle -1
sphere {
	<52.042515, 55.150604, 54.267853> 0.100000
	pigment { color rgbt <1,0,0,0> }
	no_shadow
}
sphere {
	0, 1
	scale<0.080000,0.200000,0.300000>
	matrix <0.600519, 0.024475, 0.799236,
		0.546358, -0.742374, -0.387780,
		0.583841, 0.669538, -0.459182,
		52.217667, 55.351467, 54.130096>
	pigment { color rgbt <0,1,1,0> }
	no_shadow
}
cylinder {
	<52.544258, 54.653908, 54.388241>,  <51.808979, 54.882790, 54.451527>, 0.130000
	pigment { color rgbt <1,0,0,0> }
	no_shadow
}

// nucleotide -1

// particle -1
sphere {
	<52.544258, 54.653908, 54.388241> 0.250000
	pigment { color rgbt <1,0,0,0> }
	no_shadow
}
cylinder {
	<52.524948, 55.053421, 54.384060>,  <52.513363, 55.293129, 54.381550>, 0.100000
	pigment { color rgbt <1,0,0,0> }
	no_shadow
}
cylinder {
	<52.524948, 55.053421, 54.384060>,  <52.544258, 54.653908, 54.388241>, 0.100000
	pigment { color rgbt <1,0,0,0> }
	no_shadow
}

// particle -1
sphere {
	<52.524948, 55.053421, 54.384060> 0.100000
	pigment { color rgbt <1,0,0,0> }
	no_shadow
}
sphere {
	0, 1
	scale<0.080000,0.200000,0.300000>
	matrix <0.719075, 0.042012, 0.693662,
		0.693255, 0.025967, -0.720225,
		-0.048270, 0.998780, -0.010453,
		52.510468, 55.353054, 54.380924>
	pigment { color rgbt <0,1,1,0> }
	no_shadow
}
cylinder {
	<53.155781, 54.916973, 54.029411>,  <52.544258, 54.653908, 54.388241>, 0.130000
	pigment { color rgbt <1,0,0,0> }
	no_shadow
}

// nucleotide -1

// particle -1
sphere {
	<53.155781, 54.916973, 54.029411> 0.250000
	pigment { color rgbt <1,0,0,0> }
	no_shadow
}
cylinder {
	<52.983219, 55.125805, 54.323708>,  <52.879681, 55.251106, 54.500286>, 0.100000
	pigment { color rgbt <1,0,0,0> }
	no_shadow
}
cylinder {
	<52.983219, 55.125805, 54.323708>,  <53.155781, 54.916973, 54.029411>, 0.100000
	pigment { color rgbt <1,0,0,0> }
	no_shadow
}

// particle -1
sphere {
	<52.983219, 55.125805, 54.323708> 0.100000
	pigment { color rgbt <1,0,0,0> }
	no_shadow
}
sphere {
	0, 1
	scale<0.080000,0.200000,0.300000>
	matrix <0.822080, -0.108408, 0.558957,
		0.371583, 0.845977, -0.382426,
		-0.431406, 0.522083, 0.735743,
		52.853798, 55.282429, 54.544430>
	pigment { color rgbt <0,1,1,0> }
	no_shadow
}
cylinder {
	<53.421680, 55.598255, 54.196434>,  <53.155781, 54.916973, 54.029411>, 0.130000
	pigment { color rgbt <1,0,0,0> }
	no_shadow
}

// nucleotide -1

// particle -1
sphere {
	<53.421680, 55.598255, 54.196434> 0.250000
	pigment { color rgbt <1,0,0,0> }
	no_shadow
}
cylinder {
	<53.285164, 55.438637, 54.536854>,  <53.203255, 55.342865, 54.741104>, 0.100000
	pigment { color rgbt <1,0,0,0> }
	no_shadow
}
cylinder {
	<53.285164, 55.438637, 54.536854>,  <53.421680, 55.598255, 54.196434>, 0.100000
	pigment { color rgbt <1,0,0,0> }
	no_shadow
}

// particle -1
sphere {
	<53.285164, 55.438637, 54.536854> 0.100000
	pigment { color rgbt <1,0,0,0> }
	no_shadow
}
sphere {
	0, 1
	scale<0.080000,0.200000,0.300000>
	matrix <0.939861, -0.157922, 0.302855,
		0.013548, 0.903230, 0.428942,
		-0.341287, -0.399043, 0.851051,
		53.182777, 55.318924, 54.792168>
	pigment { color rgbt <0,1,1,0> }
	no_shadow
}
cylinder {
	<53.698009, 56.008362, 54.794201>,  <53.421680, 55.598255, 54.196434>, 0.130000
	pigment { color rgbt <1,0,0,0> }
	no_shadow
}

// nucleotide -1

// particle -1
sphere {
	<53.698009, 56.008362, 54.794201> 0.250000
	pigment { color rgbt <1,0,0,0> }
	no_shadow
}
cylinder {
	<53.615292, 55.624119, 54.868465>,  <53.565662, 55.393574, 54.913025>, 0.100000
	pigment { color rgbt <1,0,0,0> }
	no_shadow
}
cylinder {
	<53.615292, 55.624119, 54.868465>,  <53.698009, 56.008362, 54.794201>, 0.100000
	pigment { color rgbt <1,0,0,0> }
	no_shadow
}

// particle -1
sphere {
	<53.615292, 55.624119, 54.868465> 0.100000
	pigment { color rgbt <1,0,0,0> }
	no_shadow
}
sphere {
	0, 1
	scale<0.080000,0.200000,0.300000>
	matrix <0.959811, -0.162384, 0.228896,
		-0.189730, 0.225538, 0.955581,
		-0.206795, -0.960606, 0.185665,
		53.553253, 55.335938, 54.924164>
	pigment { color rgbt <0,1,1,0> }
	no_shadow
}
cylinder {
	<53.825321, 55.600819, 55.542213>,  <53.698009, 56.008362, 54.794201>, 0.130000
	pigment { color rgbt <1,0,0,0> }
	no_shadow
}

// nucleotide -1

// particle -1
sphere {
	<53.825321, 55.600819, 55.542213> 0.250000
	pigment { color rgbt <1,0,0,0> }
	no_shadow
}
cylinder {
	<53.887527, 55.377621, 55.216156>,  <53.924850, 55.243702, 55.020523>, 0.100000
	pigment { color rgbt <1,0,0,0> }
	no_shadow
}
cylinder {
	<53.887527, 55.377621, 55.216156>,  <53.825321, 55.600819, 55.542213>, 0.100000
	pigment { color rgbt <1,0,0,0> }
	no_shadow
}

// particle -1
sphere {
	<53.887527, 55.377621, 55.216156> 0.100000
	pigment { color rgbt <1,0,0,0> }
	no_shadow
}
sphere {
	0, 1
	scale<0.080000,0.200000,0.300000>
	matrix <0.931145, -0.192714, 0.309565,
		-0.329824, -0.807160, 0.489601,
