// switches for output
#declare DRAW_BASES = 1; // possible values are 0, 1; only relevant for DNA ribbons
#declare DRAW_BASES_TYPE = 3; // possible values are 1, 2, 3; only relevant for DNA ribbons
#declare DRAW_FOG = 0; // set to 1 to enable fog

#include "colors.inc"

#include "transforms.inc"
background { rgb <1, 1, 1>}

#default {
   normal{
       ripples 0.25
       frequency 0.20
       turbulence 0.2
       lambda 5
   }
	finish {
		phong 0.1
		phong_size 40.
	}
}

// original window dimensions: 1024x640


// camera settings

camera {
	sky <-0, 1, 0>
	up <-0, 1, 0>
	right 1.6 * <0.99995, 0, 0.00999983>
	location <54.4867, 55, 106.329>
	look_at <55, 55, 55.0001>
	direction <0.513302, 0, -51.3289>
	angle 67.0682
}


# declare cpy_camera_pos = <54.4867, 55, 106.329>;
# if (DRAW_FOG = 1)
fog {
	fog_type 2
	up vnormalize(cpy_camera_pos)
	color rgbt<1,1,1,0.3>
	distance 1e-5
	fog_alt 3e-3
	fog_offset 88
}
# end


// LIGHTS

# declare lum = 6;
global_settings {
	ambient_light rgb lum * <0.05, 0.05, 0.05>
	max_trace_level 15
}# declare cpy_direct_light_amount = 0.25;
light_source
{	1000 * <-0.98995, -1, 1.00995>,
	rgb lum * cpy_direct_light_amount
	parallel
}

light_source
{	1000 * <0.98995, 1, -1.00995>,
	rgb lum * cpy_direct_light_amount
	parallel
}

// strand 0

// nucleotide -1

// particle -1
sphere {
	<36.709526, 52.284851, 49.971458> 0.250000
	pigment { color rgbt <1,0,0,0> }
	no_shadow
}
cylinder {
	<36.733212, 52.633236, 50.166565>,  <36.747425, 52.842266, 50.283630>, 0.100000
	pigment { color rgbt <1,0,0,0> }
	no_shadow
}
cylinder {
	<36.733212, 52.633236, 50.166565>,  <36.709526, 52.284851, 49.971458>, 0.100000
	pigment { color rgbt <1,0,0,0> }
	no_shadow
}

// particle -1
sphere {
	<36.733212, 52.633236, 50.166565> 0.100000
	pigment { color rgbt <1,0,0,0> }
	no_shadow
}
sphere {
	0, 1
	scale<0.080000,0.200000,0.300000>
	matrix <-0.775570, -0.267491, 0.571786,
		0.628477, -0.412159, 0.659652,
		0.059215, 0.870961, 0.487770,
		36.750977, 52.894524, 50.312897>
	pigment { color rgbt <0,1,1,0> }
	no_shadow
}
cylinder {
	<36.777340, 52.132023, 50.802380>,  <36.709526, 52.284851, 49.971458>, 0.130000
	pigment { color rgbt <1,0,0,0> }
	no_shadow
}

// nucleotide -1

// particle -1
sphere {
	<36.777340, 52.132023, 50.802380> 0.250000
	pigment { color rgbt <1,0,0,0> }
	no_shadow
}
cylinder {
	<36.594788, 52.472397, 50.698368>,  <36.485256, 52.676620, 50.635960>, 0.100000
	pigment { color rgbt <1,0,0,0> }
	no_shadow
}
cylinder {
	<36.594788, 52.472397, 50.698368>,  <36.777340, 52.132023, 50.802380>, 0.100000
	pigment { color rgbt <1,0,0,0> }
	no_shadow
}

// particle -1
sphere {
	<36.594788, 52.472397, 50.698368> 0.100000
	pigment { color rgbt <1,0,0,0> }
	no_shadow
}
sphere {
	0, 1
	scale<0.080000,0.200000,0.300000>
	matrix <-0.855531, -0.339356, 0.391029,
		0.244498, 0.400925, 0.882881,
		-0.456384, 0.850939, -0.260032,
		36.457870, 52.727680, 50.620358>
	pigment { color rgbt <0,1,1,0> }
	no_shadow
}
cylinder {
	<37.526802, 52.536457, 50.733192>,  <36.777340, 52.132023, 50.802380>, 0.130000
	pigment { color rgbt <1,0,0,0> }
	no_shadow
}

// nucleotide -1

// particle -1
sphere {
	<37.526802, 52.536457, 50.733192> 0.250000
	pigment { color rgbt <1,0,0,0> }
	no_shadow
}
cylinder {
	<37.920448, 52.518761, 50.801956>,  <38.156635, 52.508141, 50.843212>, 0.100000
	pigment { color rgbt <1,0,0,0> }
	no_shadow
}
cylinder {
	<37.920448, 52.518761, 50.801956>,  <37.526802, 52.536457, 50.733192>, 0.100000
	pigment { color rgbt <1,0,0,0> }
	no_shadow
}

// particle -1
sphere {
	<37.920448, 52.518761, 50.801956> 0.100000
	pigment { color rgbt <1,0,0,0> }
	no_shadow
}
sphere {
	0, 1
	scale<0.080000,0.200000,0.300000>
	matrix <-0.074022, -0.982505, 0.170892,
		0.161337, -0.180903, -0.970178,
		0.984119, -0.044244, 0.171906,
		38.215683, 52.505489, 50.853527>
	pigment { color rgbt <0,1,1,0> }
	no_shadow
}
cylinder {
	<37.724571, 51.899593, 50.401123>,  <37.526802, 52.536457, 50.733192>, 0.130000
	pigment { color rgbt <1,0,0,0> }
	no_shadow
}

// nucleotide -1

// particle -1
sphere {
	<37.724571, 51.899593, 50.401123> 0.250000
	pigment { color rgbt <1,0,0,0> }
	no_shadow
}
cylinder {
	<38.002857, 52.012974, 50.665138>,  <38.169827, 52.081001, 50.823547>, 0.100000
	pigment { color rgbt <1,0,0,0> }
	no_shadow
}
cylinder {
	<38.002857, 52.012974, 50.665138>,  <37.724571, 51.899593, 50.401123>, 0.100000
	pigment { color rgbt <1,0,0,0> }
	no_shadow
}

// particle -1
sphere {
	<38.002857, 52.012974, 50.665138> 0.100000
	pigment { color rgbt <1,0,0,0> }
	no_shadow
}
sphere {
	0, 1
	scale<0.080000,0.200000,0.300000>
	matrix <0.110591, -0.950165, 0.291472,
		0.709758, -0.129786, -0.692386,
		0.695710, 0.283446, 0.660034,
		38.211571, 52.098007, 50.863148>
	pigment { color rgbt <0,1,1,0> }
	no_shadow
}
cylinder {
	<38.491032, 51.539951, 50.402752>,  <37.724571, 51.899593, 50.401123>, 0.130000
	pigment { color rgbt <1,0,0,0> }
	no_shadow
}

// nucleotide -1

// particle -1
sphere {
	<38.491032, 51.539951, 50.402752> 0.250000
	pigment { color rgbt <1,0,0,0> }
	no_shadow
}
cylinder {
	<38.430923, 51.678677, 50.773079>,  <38.394859, 51.761913, 50.995274>, 0.100000
	pigment { color rgbt <1,0,0,0> }
	no_shadow
}
cylinder {
	<38.430923, 51.678677, 50.773079>,  <38.491032, 51.539951, 50.402752>, 0.100000
	pigment { color rgbt <1,0,0,0> }
	no_shadow
}

// particle -1
sphere {
	<38.430923, 51.678677, 50.773079> 0.100000
	pigment { color rgbt <1,0,0,0> }
	no_shadow
}
sphere {
	0, 1
	scale<0.080000,0.200000,0.300000>
	matrix <0.139439, -0.919655, 0.367140,
		0.978763, 0.184265, 0.089835,
		-0.150268, 0.346817, 0.925817,
		38.385841, 51.782722, 51.050823>
	pigment { color rgbt <0,1,1,0> }
	no_shadow
}
cylinder {
	<38.946781, 51.189030, 50.759285>,  <38.491032, 51.539951, 50.402752>, 0.130000
	pigment { color rgbt <1,0,0,0> }
	no_shadow
}

// nucleotide -1

// particle -1
sphere {
	<38.946781, 51.189030, 50.759285> 0.250000
	pigment { color rgbt <1,0,0,0> }
	no_shadow
}
cylinder {
	<38.675854, 51.319378, 51.023117>,  <38.513298, 51.397587, 51.181416>, 0.100000
	pigment { color rgbt <1,0,0,0> }
	no_shadow
}
cylinder {
	<38.675854, 51.319378, 51.023117>,  <38.946781, 51.189030, 50.759285>, 0.100000
	pigment { color rgbt <1,0,0,0> }
	no_shadow
}

// particle -1
sphere {
	<38.675854, 51.319378, 51.023117> 0.100000
	pigment { color rgbt <1,0,0,0> }
	no_shadow
}
sphere {
	0, 1
	scale<0.080000,0.200000,0.300000>
	matrix <0.161018, -0.809146, 0.565116,
		0.717849, 0.488969, 0.495582,
		-0.677322, 0.325871, 0.659578,
		38.472656, 51.417141, 51.220989>
	pigment { color rgbt <0,1,1,0> }
	no_shadow
}
cylinder {
	<38.637901, 50.623646, 50.360527>,  <38.946781, 51.189030, 50.759285>, 0.130000
	pigment { color rgbt <1,0,0,0> }
	no_shadow
}

// nucleotide -1

// particle -1
sphere {
	<38.637901, 50.623646, 50.360527> 0.250000
	pigment { color rgbt <1,0,0,0> }
	no_shadow
}
cylinder {
	<38.979420, 50.673309, 50.158295>,  <39.184330, 50.703106, 50.036957>, 0.100000
	pigment { color rgbt <1,0,0,0> }
	no_shadow
}
cylinder {
	<38.979420, 50.673309, 50.158295>,  <38.637901, 50.623646, 50.360527>, 0.100000
	pigment { color rgbt <1,0,0,0> }
	no_shadow
}

// particle -1
sphere {
	<38.979420, 50.673309, 50.158295> 0.100000
	pigment { color rgbt <1,0,0,0> }
	no_shadow
}
sphere {
	0, 1
	scale<0.080000,0.200000,0.300000>
	matrix <0.520539, -0.188361, 0.832802,
		0.008167, -0.974220, -0.225451,
		0.853799, 0.124157, -0.505581,
		39.235558, 50.710556, 50.006618>
	pigment { color rgbt <0,1,1,0> }
	no_shadow
}
cylinder {
	<39.144707, 50.164131, 50.596004>,  <38.637901, 50.623646, 50.360527>, 0.130000
	pigment { color rgbt <1,0,0,0> }
	no_shadow
}

// nucleotide -1

// particle -1
sphere {
	<39.144707, 50.164131, 50.596004> 0.250000
	pigment { color rgbt <1,0,0,0> }
	no_shadow
}
cylinder {
	<39.316639, 50.495823, 50.453102>,  <39.419800, 50.694836, 50.367363>, 0.100000
	pigment { color rgbt <1,0,0,0> }
	no_shadow
}
cylinder {
	<39.316639, 50.495823, 50.453102>,  <39.144707, 50.164131, 50.596004>, 0.100000
	pigment { color rgbt <1,0,0,0> }
	no_shadow
}

// particle -1
sphere {
	<39.316639, 50.495823, 50.453102> 0.100000
	pigment { color rgbt <1,0,0,0> }
	no_shadow
}
sphere {
	0, 1
	scale<0.080000,0.200000,0.300000>
	matrix <0.457334, 0.141211, 0.878012,
		0.778519, -0.540779, -0.318537,
		0.429830, 0.829227, -0.357252,
		39.445587, 50.744591, 50.345928>
	pigment { color rgbt <0,1,1,0> }
	no_shadow
}
cylinder {
	<39.357342, 50.396191, 51.129604>,  <39.144707, 50.164131, 50.596004>, 0.130000
	pigment { color rgbt <1,0,0,0> }
	no_shadow
}

// nucleotide -1

// particle -1
sphere {
	<39.357342, 50.396191, 51.129604> 0.250000
	pigment { color rgbt <1,0,0,0> }
	no_shadow
}
cylinder {
	<39.466995, 50.702854, 50.897369>,  <39.532787, 50.886852, 50.758030>, 0.100000
	pigment { color rgbt <1,0,0,0> }
	no_shadow
}
cylinder {
	<39.466995, 50.702854, 50.897369>,  <39.357342, 50.396191, 51.129604>, 0.100000
	pigment { color rgbt <1,0,0,0> }
	no_shadow
}

// particle -1
sphere {
	<39.466995, 50.702854, 50.897369> 0.100000
	pigment { color rgbt <1,0,0,0> }
	no_shadow
}
sphere {
	0, 1
	scale<0.080000,0.200000,0.300000>
	matrix <0.469282, 0.420314, 0.776602,
		0.839420, -0.485351, -0.244558,
		0.274134, 0.766662, -0.580586,
		39.549236, 50.932854, 50.723194>
	pigment { color rgbt <0,1,1,0> }
	no_shadow
}
cylinder {
	<40.197029, 50.378075, 51.104340>,  <39.357342, 50.396191, 51.129604>, 0.130000
	pigment { color rgbt <1,0,0,0> }
	no_shadow
}

// nucleotide -1

// particle -1
sphere {
	<40.197029, 50.378075, 51.104340> 0.250000
	pigment { color rgbt <1,0,0,0> }
	no_shadow
}
cylinder {
	<39.972588, 50.708931, 51.091740>,  <39.837921, 50.907444, 51.084179>, 0.100000
	pigment { color rgbt <1,0,0,0> }
	no_shadow
}
cylinder {
	<39.972588, 50.708931, 51.091740>,  <40.197029, 50.378075, 51.104340>, 0.100000
	pigment { color rgbt <1,0,0,0> }
	no_shadow
}

// particle -1
sphere {
	<39.972588, 50.708931, 51.091740> 0.100000
	pigment { color rgbt <1,0,0,0> }
	no_shadow
}
sphere {
	0, 1
	scale<0.080000,0.200000,0.300000>
	matrix <0.424405, 0.320157, 0.846983,
		0.710663, 0.461878, -0.530686,
		-0.561105, 0.827145, -0.031500,
		39.804256, 50.957073, 51.082291>
	pigment { color rgbt <0,1,1,0> }
	no_shadow
}
cylinder {
	<40.485645, 51.226860, 51.072235>,  <40.197029, 50.378075, 51.104340>, 0.130000
	pigment { color rgbt <1,0,0,0> }
	no_shadow
}

// nucleotide -1

// particle -1
sphere {
	<40.485645, 51.226860, 51.072235> 0.250000
	pigment { color rgbt <1,0,0,0> }
	no_shadow
}
cylinder {
	<40.148869, 51.191185, 51.285095>,  <39.946804, 51.169781, 51.412811>, 0.100000
	pigment { color rgbt <1,0,0,0> }
	no_shadow
}
cylinder {
	<40.148869, 51.191185, 51.285095>,  <40.485645, 51.226860, 51.072235>, 0.100000
	pigment { color rgbt <1,0,0,0> }
	no_shadow
}

// particle -1
sphere {
	<40.148869, 51.191185, 51.285095> 0.100000
	pigment { color rgbt <1,0,0,0> }
	no_shadow
}
sphere {
	0, 1
	scale<0.080000,0.200000,0.300000>
	matrix <0.429624, 0.485871, 0.761153,
		-0.326440, 0.869469, -0.370758,
		-0.841939, -0.089184, 0.532152,
		39.896286, 51.164429, 51.444740>
	pigment { color rgbt <0,1,1,0> }
	no_shadow
}
cylinder {
	<40.145023, 51.873314, 51.401554>,  <40.485645, 51.226860, 51.072235>, 0.130000
	pigment { color rgbt <1,0,0,0> }
	no_shadow
}

// nucleotide -1

// particle -1
sphere {
	<40.145023, 51.873314, 51.401554> 0.250000
	pigment { color rgbt <1,0,0,0> }
	no_shadow
}
cylinder {
	<40.078930, 51.544468, 51.619484>,  <40.039272, 51.347160, 51.750240>, 0.100000
	pigment { color rgbt <1,0,0,0> }
	no_shadow
}
cylinder {
	<40.078930, 51.544468, 51.619484>,  <40.145023, 51.873314, 51.401554>, 0.100000
	pigment { color rgbt <1,0,0,0> }
	no_shadow
}

// particle -1
sphere {
	<40.078930, 51.544468, 51.619484> 0.100000
	pigment { color rgbt <1,0,0,0> }
	no_shadow
}
sphere {
	0, 1
	scale<0.080000,0.200000,0.300000>
	matrix <0.422136, 0.440303, 0.792423,
		-0.891347, 0.360924, 0.274290,
		-0.165233, -0.822111, 0.544822,
		40.029362, 51.297836, 51.782932>
	pigment { color rgbt <0,1,1,0> }
	no_shadow
}
cylinder {
	<39.904343, 52.071175, 51.971291>,  <40.145023, 51.873314, 51.401554>, 0.130000
	pigment { color rgbt <1,0,0,0> }
	no_shadow
}

// nucleotide -1

// particle -1
sphere {
	<39.904343, 52.071175, 51.971291> 0.250000
	pigment { color rgbt <1,0,0,0> }
	no_shadow
}
cylinder {
	<40.079403, 51.725197, 52.069534>,  <40.184441, 51.517609, 52.128479>, 0.100000
	pigment { color rgbt <1,0,0,0> }
	no_shadow
}
cylinder {
	<40.079403, 51.725197, 52.069534>,  <39.904343, 52.071175, 51.971291>, 0.100000
	pigment { color rgbt <1,0,0,0> }
	no_shadow
}

// particle -1
sphere {
	<40.079403, 51.725197, 52.069534> 0.100000
	pigment { color rgbt <1,0,0,0> }
	no_shadow
}
sphere {
	0, 1
	scale<0.080000,0.200000,0.300000>
	matrix <0.376756, 0.424432, 0.823355,
		-0.816404, -0.267809, 0.511628,
		0.437653, -0.864949, 0.245609,
		40.210697, 51.465714, 52.143215>
	pigment { color rgbt <0,1,1,0> }
	no_shadow
}
cylinder {
	<40.041107, 52.133343, 52.647232>,  <39.904343, 52.071175, 51.971291>, 0.130000
	pigment { color rgbt <1,0,0,0> }
	no_shadow
}

// nucleotide -1

// particle -1
sphere {
	<40.041107, 52.133343, 52.647232> 0.250000
	pigment { color rgbt <1,0,0,0> }
	no_shadow
}
cylinder {
	<40.269428, 51.830017, 52.521282>,  <40.406422, 51.648022, 52.445713>, 0.100000
	pigment { color rgbt <1,0,0,0> }
	no_shadow
}
cylinder {
	<40.269428, 51.830017, 52.521282>,  <40.041107, 52.133343, 52.647232>, 0.100000
	pigment { color rgbt <1,0,0,0> }
	no_shadow
}

// particle -1
sphere {
	<40.269428, 51.830017, 52.521282> 0.100000
	pigment { color rgbt <1,0,0,0> }
	no_shadow
}
sphere {
	0, 1
	scale<0.080000,0.200000,0.300000>
	matrix <0.746823, 0.320115, 0.582909,
		-0.341232, -0.567880, 0.749048,
		0.570804, -0.758313, -0.314872,
		40.440670, 51.602524, 52.426819>
	pigment { color rgbt <0,1,1,0> }
	no_shadow
}
cylinder {
	<40.279785, 51.572422, 53.183125>,  <40.041107, 52.133343, 52.647232>, 0.130000
	pigment { color rgbt <1,0,0,0> }
	no_shadow
}

// nucleotide -1

// particle -1
sphere {
	<40.279785, 51.572422, 53.183125> 0.250000
	pigment { color rgbt <1,0,0,0> }
	no_shadow
}
cylinder {
	<40.534698, 51.631058, 52.880501>,  <40.687649, 51.666237, 52.698929>, 0.100000
	pigment { color rgbt <1,0,0,0> }
	no_shadow
}
cylinder {
	<40.534698, 51.631058, 52.880501>,  <40.279785, 51.572422, 53.183125>, 0.100000
	pigment { color rgbt <1,0,0,0> }
	no_shadow
}

// particle -1
sphere {
	<40.534698, 51.631058, 52.880501> 0.100000
	pigment { color rgbt <1,0,0,0> }
	no_shadow
}
sphere {
	0, 1
	scale<0.080000,0.200000,0.300000>
	matrix <0.665086, 0.391278, 0.636052,
		0.389228, -0.908530, 0.151903,
		0.637308, 0.146541, -0.756547,
		40.725883, 51.675034, 52.653534>
	pigment { color rgbt <0,1,1,0> }
	no_shadow
}
cylinder {
	<41.046349, 51.383408, 53.224609>,  <40.279785, 51.572422, 53.183125>, 0.130000
	pigment { color rgbt <1,0,0,0> }
	no_shadow
}

// nucleotide -1

// particle -1
sphere {
	<41.046349, 51.383408, 53.224609> 0.250000
	pigment { color rgbt <1,0,0,0> }
	no_shadow
}
cylinder {
	<41.013760, 51.730854, 53.029114>,  <40.994205, 51.939323, 52.911816>, 0.100000
	pigment { color rgbt <1,0,0,0> }
	no_shadow
}
cylinder {
	<41.013760, 51.730854, 53.029114>,  <41.046349, 51.383408, 53.224609>, 0.100000
	pigment { color rgbt <1,0,0,0> }
	no_shadow
}

// particle -1
sphere {
	<41.013760, 51.730854, 53.029114> 0.100000
	pigment { color rgbt <1,0,0,0> }
	no_shadow
}
sphere {
	0, 1
	scale<0.080000,0.200000,0.300000>
	matrix <0.462286, 0.467366, 0.753565,
		0.882980, -0.164540, -0.439628,
		-0.081476, 0.868617, -0.488740,
		40.989315, 51.991440, 52.882492>
	pigment { color rgbt <0,1,1,0> }
	no_shadow
}
cylinder {
	<41.684837, 51.729206, 52.887844>,  <41.046349, 51.383408, 53.224609>, 0.130000
	pigment { color rgbt <1,0,0,0> }
	no_shadow
}

// nucleotide -1

// particle -1
sphere {
	<41.684837, 51.729206, 52.887844> 0.250000
	pigment { color rgbt <1,0,0,0> }
	no_shadow
}
cylinder {
	<41.426544, 52.015781, 52.993484>,  <41.271568, 52.187725, 53.056870>, 0.100000
	pigment { color rgbt <1,0,0,0> }
	no_shadow
}
cylinder {
	<41.426544, 52.015781, 52.993484>,  <41.684837, 51.729206, 52.887844>, 0.100000
	pigment { color rgbt <1,0,0,0> }
	no_shadow
}

// particle -1
sphere {
	<41.426544, 52.015781, 52.993484> 0.100000
	pigment { color rgbt <1,0,0,0> }
	no_shadow
}
sphere {
	0, 1
	scale<0.080000,0.200000,0.300000>
	matrix <0.564860, 0.215477, 0.796557,
		0.513773, 0.663544, -0.543826,
		-0.645732, 0.716435, 0.264103,
		41.232826, 52.230713, 53.072716>
	pigment { color rgbt <0,1,1,0> }
	no_shadow
}
cylinder {
	<41.988895, 52.356453, 52.889339>,  <41.684837, 51.729206, 52.887844>, 0.130000
	pigment { color rgbt <1,0,0,0> }
	no_shadow
}

// nucleotide -1

// particle -1
sphere {
	<41.988895, 52.356453, 52.889339> 0.250000
	pigment { color rgbt <1,0,0,0> }
	no_shadow
}
cylinder {
	<41.704876, 52.370926, 53.170631>,  <41.534466, 52.379612, 53.339405>, 0.100000
	pigment { color rgbt <1,0,0,0> }
	no_shadow
}
cylinder {
	<41.704876, 52.370926, 53.170631>,  <41.988895, 52.356453, 52.889339>, 0.100000
	pigment { color rgbt <1,0,0,0> }
	no_shadow
}

// particle -1
sphere {
	<41.704876, 52.370926, 53.170631> 0.100000
	pigment { color rgbt <1,0,0,0> }
	no_shadow
}
sphere {
	0, 1
	scale<0.080000,0.200000,0.300000>
	matrix <0.663598, 0.368428, 0.651075,
		-0.235529, 0.928952, -0.285613,
		-0.710045, 0.036185, 0.703226,
		41.491863, 52.381783, 53.381599>
	pigment { color rgbt <0,1,1,0> }
	no_shadow
}
cylinder {
	<41.969177, 53.108574, 53.144886>,  <41.988895, 52.356453, 52.889339>, 0.130000
	pigment { color rgbt <1,0,0,0> }
	no_shadow
}

// nucleotide -1

// particle -1
sphere {
	<41.969177, 53.108574, 53.144886> 0.250000
	pigment { color rgbt <1,0,0,0> }
	no_shadow
}
cylinder {
	<41.858070, 52.808838, 53.385330>,  <41.791405, 52.628998, 53.529598>, 0.100000
	pigment { color rgbt <1,0,0,0> }
	no_shadow
}
cylinder {
	<41.858070, 52.808838, 53.385330>,  <41.969177, 53.108574, 53.144886>, 0.100000
	pigment { color rgbt <1,0,0,0> }
	no_shadow
}

// particle -1
sphere {
	<41.858070, 52.808838, 53.385330> 0.100000
	pigment { color rgbt <1,0,0,0> }
	no_shadow
}
sphere {
	0, 1
	scale<0.080000,0.200000,0.300000>
	matrix <0.443595, 0.454981, 0.772150,
		-0.852096, 0.481131, 0.206022,
		-0.277769, -0.749337, 0.601114,
		41.774738, 52.584038, 53.565666>
	pigment { color rgbt <0,1,1,0> }
	no_shadow
}
cylinder {
	<42.740486, 53.192120, 53.227497>,  <41.969177, 53.108574, 53.144886>, 0.130000
	pigment { color rgbt <1,0,0,0> }
	no_shadow
}

// nucleotide -1

// particle -1
sphere {
	<42.740486, 53.192120, 53.227497> 0.250000
	pigment { color rgbt <1,0,0,0> }
	no_shadow
}
cylinder {
	<42.537415, 52.848671, 53.255871>,  <42.415573, 52.642601, 53.272896>, 0.100000
	pigment { color rgbt <1,0,0,0> }
	no_shadow
}
cylinder {
	<42.537415, 52.848671, 53.255871>,  <42.740486, 53.192120, 53.227497>, 0.100000
	pigment { color rgbt <1,0,0,0> }
	no_shadow
}

// particle -1
sphere {
	<42.537415, 52.848671, 53.255871> 0.100000
	pigment { color rgbt <1,0,0,0> }
	no_shadow
}
sphere {
	0, 1
	scale<0.080000,0.200000,0.300000>
	matrix <0.722315, -0.469064, -0.508174,
		0.469602, -0.206751, 0.858328,
		-0.507676, -0.858623, 0.070934,
		42.385113, 52.591084, 53.277149>
	pigment { color rgbt <0,1,1,0> }
	no_shadow
}
cylinder {
	<43.023926, 52.485222, 53.509445>,  <42.740486, 53.192120, 53.227497>, 0.130000
	pigment { color rgbt <1,0,0,0> }
	no_shadow
}

// nucleotide -1

// particle -1
sphere {
	<43.023926, 52.485222, 53.509445> 0.250000
	pigment { color rgbt <1,0,0,0> }
	no_shadow
}
cylinder {
	<43.413921, 52.429840, 53.578987>,  <43.647919, 52.396610, 53.620712>, 0.100000
	pigment { color rgbt <1,0,0,0> }
	no_shadow
}
cylinder {
	<43.413921, 52.429840, 53.578987>,  <43.023926, 52.485222, 53.509445>, 0.100000
	pigment { color rgbt <1,0,0,0> }
	no_shadow
}

// particle -1
sphere {
	<43.413921, 52.429840, 53.578987> 0.100000
	pigment { color rgbt <1,0,0,0> }
	no_shadow
}
sphere {
	0, 1
	scale<0.080000,0.200000,0.300000>
	matrix <0.112498, -0.367179, -0.923322,
		0.191669, 0.919789, -0.342421,
		0.974991, -0.138451, 0.173851,
		43.706417, 52.388306, 53.631142>
	pigment { color rgbt <0,1,1,0> }
	no_shadow
}
cylinder {
	<43.061466, 52.633305, 52.804443>,  <43.023926, 52.485222, 53.509445>, 0.130000
	pigment { color rgbt <1,0,0,0> }
	no_shadow
}

// nucleotide -1

// particle -1
sphere {
	<43.061466, 52.633305, 52.804443> 0.250000
	pigment { color rgbt <1,0,0,0> }
	no_shadow
}
cylinder {
	<43.381001, 52.826492, 52.660995>,  <43.572720, 52.942406, 52.574928>, 0.100000
	pigment { color rgbt <1,0,0,0> }
	no_shadow
}
cylinder {
	<43.381001, 52.826492, 52.660995>,  <43.061466, 52.633305, 52.804443>, 0.100000
	pigment { color rgbt <1,0,0,0> }
	no_shadow
}

// particle -1
sphere {
	<43.381001, 52.826492, 52.660995> 0.100000
	pigment { color rgbt <1,0,0,0> }
	no_shadow
}
sphere {
	0, 1
	scale<0.080000,0.200000,0.300000>
	matrix <0.490260, -0.177259, 0.853361,
		0.348575, -0.857511, -0.378380,
		0.798837, 0.482965, -0.358615,
		43.620651, 52.971382, 52.553410>
	pigment { color rgbt <0,1,1,0> }
	no_shadow
}
cylinder {
	<43.606266, 52.152748, 52.949970>,  <43.061466, 52.633305, 52.804443>, 0.130000
	pigment { color rgbt <1,0,0,0> }
	no_shadow
}

// nucleotide -1

// particle -1
sphere {
	<43.606266, 52.152748, 52.949970> 0.250000
	pigment { color rgbt <1,0,0,0> }
	no_shadow
}
cylinder {
	<43.756836, 52.522423, 52.924103>,  <43.847179, 52.744228, 52.908585>, 0.100000
	pigment { color rgbt <1,0,0,0> }
	no_shadow
}
cylinder {
	<43.756836, 52.522423, 52.924103>,  <43.606266, 52.152748, 52.949970>, 0.100000
	pigment { color rgbt <1,0,0,0> }
	no_shadow
}

// particle -1
sphere {
	<43.756836, 52.522423, 52.924103> 0.100000
	pigment { color rgbt <1,0,0,0> }
	no_shadow
}
sphere {
	0, 1
	scale<0.080000,0.200000,0.300000>
	matrix <0.443568, -0.118511, 0.888371,
		0.813356, -0.363091, -0.454550,
		0.376429, 0.924186, -0.064664,
		43.869766, 52.799679, 52.904705>
	pigment { color rgbt <0,1,1,0> }
	no_shadow
}
cylinder {
	<44.149090, 52.146553, 53.273708>,  <43.606266, 52.152748, 52.949970>, 0.130000
	pigment { color rgbt <1,0,0,0> }
	no_shadow
}

// nucleotide -1

// particle -1
sphere {
	<44.149090, 52.146553, 53.273708> 0.250000
	pigment { color rgbt <1,0,0,0> }
	no_shadow
}
cylinder {
	<44.070820, 52.536400, 53.317211>,  <44.023857, 52.770309, 53.343311>, 0.100000
	pigment { color rgbt <1,0,0,0> }
	no_shadow
}
cylinder {
	<44.070820, 52.536400, 53.317211>,  <44.149090, 52.146553, 53.273708>, 0.100000
	pigment { color rgbt <1,0,0,0> }
	no_shadow
}

// particle -1
sphere {
	<44.070820, 52.536400, 53.317211> 0.100000
	pigment { color rgbt <1,0,0,0> }
	no_shadow
}
sphere {
	0, 1
	scale<0.080000,0.200000,0.300000>
	matrix <0.162233, -0.077201, 0.983728,
		0.967157, 0.210134, -0.143009,
		-0.195675, 0.974620, 0.108756,
		44.012119, 52.828785, 53.349838>
	pigment { color rgbt <0,1,1,0> }
	no_shadow
}
cylinder {
	<44.492035, 52.376785, 53.777790>,  <44.149090, 52.146553, 53.273708>, 0.130000
	pigment { color rgbt <1,0,0,0> }
	no_shadow
}

// nucleotide -1

// particle -1
sphere {
	<44.492035, 52.376785, 53.777790> 0.250000
	pigment { color rgbt <1,0,0,0> }
	no_shadow
}
cylinder {
	<44.196354, 52.645996, 53.767918>,  <44.018944, 52.807522, 53.761993>, 0.100000
	pigment { color rgbt <1,0,0,0> }
	no_shadow
}
cylinder {
	<44.196354, 52.645996, 53.767918>,  <44.492035, 52.376785, 53.777790>, 0.100000
	pigment { color rgbt <1,0,0,0> }
	no_shadow
}

// particle -1
sphere {
	<44.196354, 52.645996, 53.767918> 0.100000
	pigment { color rgbt <1,0,0,0> }
	no_shadow
}
sphere {
	0, 1
	scale<0.080000,0.200000,0.300000>
	matrix <-0.167488, -0.148212, 0.974670,
		0.652323, 0.724613, 0.222283,
		-0.739204, 0.673030, -0.024682,
		43.974594, 52.847904, 53.760513>
	pigment { color rgbt <0,1,1,0> }
	no_shadow
}
cylinder {
	<45.115028, 52.690456, 53.787083>,  <44.492035, 52.376785, 53.777790>, 0.130000
	pigment { color rgbt <1,0,0,0> }
	no_shadow
}

// nucleotide -1

// particle -1
sphere {
	<45.115028, 52.690456, 53.787083> 0.250000
	pigment { color rgbt <1,0,0,0> }
	no_shadow
}
cylinder {
	<45.065002, 52.616768, 53.397125>,  <45.034988, 52.572556, 53.163151>, 0.100000
	pigment { color rgbt <1,0,0,0> }
	no_shadow
}
cylinder {
	<45.065002, 52.616768, 53.397125>,  <45.115028, 52.690456, 53.787083>, 0.100000
	pigment { color rgbt <1,0,0,0> }
	no_shadow
}

// particle -1
sphere {
	<45.065002, 52.616768, 53.397125> 0.100000
	pigment { color rgbt <1,0,0,0> }
	no_shadow
}
sphere {
	0, 1
	scale<0.080000,0.200000,0.300000>
	matrix <-0.019554, 0.982877, -0.183219,
		0.991956, -0.003851, -0.126525,
		-0.125064, -0.184220, -0.974896,
		45.027485, 52.561501, 53.104656>
	pigment { color rgbt <0,1,1,0> }
	no_shadow
}
cylinder {
	<45.484447, 52.898708, 53.195312>,  <45.115028, 52.690456, 53.787083>, 0.130000
	pigment { color rgbt <1,0,0,0> }
	no_shadow
}

// nucleotide -1

// particle -1
sphere {
	<45.484447, 52.898708, 53.195312> 0.250000
	pigment { color rgbt <1,0,0,0> }
	no_shadow
}
cylinder {
	<45.154552, 53.124912, 53.194626>,  <44.956615, 53.260635, 53.194214>, 0.100000
	pigment { color rgbt <1,0,0,0> }
	no_shadow
}
cylinder {
	<45.154552, 53.124912, 53.194626>,  <45.484447, 52.898708, 53.195312>, 0.100000
	pigment { color rgbt <1,0,0,0> }
	no_shadow
}

// particle -1
sphere {
	<45.154552, 53.124912, 53.194626> 0.100000
	pigment { color rgbt <1,0,0,0> }
	no_shadow
}
sphere {
	0, 1
	scale<0.080000,0.200000,0.300000>
	matrix <0.547325, 0.797447, -0.253998,
		-0.142270, -0.210422, -0.967203,
		-0.824739, 0.565510, -0.001717,
		44.907131, 53.294567, 53.194111>
	pigment { color rgbt <0,1,1,0> }
	no_shadow
}
cylinder {
	<45.378605, 53.215096, 52.581944>,  <45.484447, 52.898708, 53.195312>, 0.130000
	pigment { color rgbt <1,0,0,0> }
	no_shadow
}

// nucleotide -1

// particle -1
sphere {
	<45.378605, 53.215096, 52.581944> 0.250000
	pigment { color rgbt <1,0,0,0> }
	no_shadow
}
cylinder {
	<45.258640, 53.467590, 52.868050>,  <45.186661, 53.619087, 53.039711>, 0.100000
	pigment { color rgbt <1,0,0,0> }
	no_shadow
}
cylinder {
	<45.258640, 53.467590, 52.868050>,  <45.378605, 53.215096, 52.581944>, 0.100000
	pigment { color rgbt <1,0,0,0> }
	no_shadow
}

// particle -1
sphere {
	<45.258640, 53.467590, 52.868050> 0.100000
	pigment { color rgbt <1,0,0,0> }
	no_shadow
}
sphere {
	0, 1
	scale<0.080000,0.200000,0.300000>
	matrix <0.727227, 0.636536, -0.256831,
		-0.617410, 0.443132, -0.649953,
		-0.299909, 0.631234, 0.715261,
		45.168667, 53.656960, 53.082626>
	pigment { color rgbt <0,1,1,0> }
	no_shadow
}
cylinder {
	<45.203861, 53.996861, 52.303391>,  <45.378605, 53.215096, 52.581944>, 0.130000
	pigment { color rgbt <1,0,0,0> }
	no_shadow
}

// nucleotide -1

// particle -1
sphere {
	<45.203861, 53.996861, 52.303391> 0.250000
	pigment { color rgbt <1,0,0,0> }
	no_shadow
}
cylinder {
	<45.365990, 53.953117, 52.666435>,  <45.463268, 53.926872, 52.884262>, 0.100000
	pigment { color rgbt <1,0,0,0> }
	no_shadow
}
cylinder {
	<45.365990, 53.953117, 52.666435>,  <45.203861, 53.996861, 52.303391>, 0.100000
	pigment { color rgbt <1,0,0,0> }
	no_shadow
}

// particle -1
sphere {
	<45.365990, 53.953117, 52.666435> 0.100000
	pigment { color rgbt <1,0,0,0> }
	no_shadow
}
sphere {
	0, 1
	scale<0.080000,0.200000,0.300000>
	matrix <0.712140, 0.660293, -0.238474,
		-0.573210, 0.743004, 0.345508,
		0.405324, -0.109355, 0.907609,
		45.487587, 53.920311, 52.938717>
	pigment { color rgbt <0,1,1,0> }
	no_shadow
}
cylinder {
	<45.382187, 54.588440, 52.536903>,  <45.203861, 53.996861, 52.303391>, 0.130000
	pigment { color rgbt <1,0,0,0> }
	no_shadow
}

// nucleotide -1

// particle -1
sphere {
	<45.382187, 54.588440, 52.536903> 0.250000
	pigment { color rgbt <1,0,0,0> }
	no_shadow
}
cylinder {
	<45.617252, 54.307270, 52.697174>,  <45.758293, 54.138569, 52.793335>, 0.100000
	pigment { color rgbt <1,0,0,0> }
	no_shadow
}
cylinder {
	<45.617252, 54.307270, 52.697174>,  <45.382187, 54.588440, 52.536903>, 0.100000
	pigment { color rgbt <1,0,0,0> }
	no_shadow
}

// particle -1
sphere {
	<45.617252, 54.307270, 52.697174> 0.100000
	pigment { color rgbt <1,0,0,0> }
	no_shadow
}
sphere {
	0, 1
	scale<0.080000,0.200000,0.300000>
	matrix <0.807906, 0.536721, -0.243349,
		-0.043995, 0.466718, 0.883311,
		0.587667, -0.702926, 0.400677,
		45.793552, 54.096394, 52.817379>
	pigment { color rgbt <0,1,1,0> }
	no_shadow
}
cylinder {
	<45.732197, 54.804993, 53.280396>,  <45.382187, 54.588440, 52.536903>, 0.130000
	pigment { color rgbt <1,0,0,0> }
	no_shadow
}

// nucleotide -1

// particle -1
sphere {
	<45.732197, 54.804993, 53.280396> 0.250000
	pigment { color rgbt <1,0,0,0> }
	no_shadow
}
cylinder {
	<45.911690, 54.548836, 53.031067>,  <46.019386, 54.395142, 52.881470>, 0.100000
	pigment { color rgbt <1,0,0,0> }
	no_shadow
}
cylinder {
	<45.911690, 54.548836, 53.031067>,  <45.732197, 54.804993, 53.280396>, 0.100000
	pigment { color rgbt <1,0,0,0> }
	no_shadow
}

// particle -1
sphere {
	<45.911690, 54.548836, 53.031067> 0.100000
	pigment { color rgbt <1,0,0,0> }
	no_shadow
}
sphere {
	0, 1
	scale<0.080000,0.200000,0.300000>
	matrix <0.800246, 0.598421, -0.038714,
		0.397801, -0.481440, 0.781006,
		0.448732, -0.640397, -0.623323,
		46.046310, 54.356716, 52.844070>
	pigment { color rgbt <0,1,1,0> }
	no_shadow
}
cylinder {
	<46.412060, 54.816784, 53.372932>,  <45.732197, 54.804993, 53.280396>, 0.130000
	pigment { color rgbt <1,0,0,0> }
	no_shadow
}

// nucleotide -1

// particle -1
sphere {
	<46.412060, 54.816784, 53.372932> 0.250000
	pigment { color rgbt <1,0,0,0> }
	no_shadow
}
cylinder {
	<46.448696, 54.613773, 53.030231>,  <46.470676, 54.491966, 52.824612>, 0.100000
	pigment { color rgbt <1,0,0,0> }
	no_shadow
}
cylinder {
	<46.448696, 54.613773, 53.030231>,  <46.412060, 54.816784, 53.372932>, 0.100000
	pigment { color rgbt <1,0,0,0> }
	no_shadow
}

// particle -1
sphere {
	<46.448696, 54.613773, 53.030231> 0.100000
	pigment { color rgbt <1,0,0,0> }
	no_shadow
}
sphere {
	0, 1
	scale<0.080000,0.200000,0.300000>
	matrix <0.917219, 0.377982, -0.125857,
		0.387713, -0.774306, 0.500129,
		0.091588, -0.507524, -0.856756,
		46.476173, 54.461517, 52.773205>
	pigment { color rgbt <0,1,1,0> }
	no_shadow
}
cylinder {
	<47.095245, 54.572712, 53.280704>,  <46.412060, 54.816784, 53.372932>, 0.130000
	pigment { color rgbt <1,0,0,0> }
	no_shadow
}

// nucleotide -1

// particle -1
sphere {
	<47.095245, 54.572712, 53.280704> 0.250000
	pigment { color rgbt <1,0,0,0> }
	no_shadow
}
cylinder {
	<46.944256, 54.630703, 52.914864>,  <46.853661, 54.665497, 52.695358>, 0.100000
	pigment { color rgbt <1,0,0,0> }
	no_shadow
}
cylinder {
	<46.944256, 54.630703, 52.914864>,  <47.095245, 54.572712, 53.280704>, 0.100000
	pigment { color rgbt <1,0,0,0> }
	no_shadow
}

// particle -1
sphere {
	<46.944256, 54.630703, 52.914864> 0.100000
	pigment { color rgbt <1,0,0,0> }
	no_shadow
}
sphere {
	0, 1
	scale<0.080000,0.200000,0.300000>
	matrix <0.769628, 0.598362, -0.222789,
		0.514961, -0.787999, -0.337448,
		-0.377474, 0.144982, -0.914600,
		46.831013, 54.674198, 52.640484>
	pigment { color rgbt <0,1,1,0> }
	no_shadow
}
cylinder {
	<47.599720, 54.514263, 52.722797>,  <47.095245, 54.572712, 53.280704>, 0.130000
	pigment { color rgbt <1,0,0,0> }
	no_shadow
}

// nucleotide -1

// particle -1
sphere {
	<47.599720, 54.514263, 52.722797> 0.250000
	pigment { color rgbt <1,0,0,0> }
	no_shadow
}
cylinder {
	<47.309208, 54.751942, 52.584553>,  <47.134903, 54.894550, 52.501606>, 0.100000
	pigment { color rgbt <1,0,0,0> }
	no_shadow
}
cylinder {
	<47.309208, 54.751942, 52.584553>,  <47.599720, 54.514263, 52.722797>, 0.100000
	pigment { color rgbt <1,0,0,0> }
	no_shadow
}

// particle -1
sphere {
	<47.309208, 54.751942, 52.584553> 0.100000
	pigment { color rgbt <1,0,0,0> }
	no_shadow
}
sphere {
	0, 1
	scale<0.080000,0.200000,0.300000>
	matrix <0.686775, 0.605778, -0.401713,
		-0.029336, -0.529111, -0.848045,
		-0.726278, 0.594201, -0.345609,
		47.091324, 54.930202, 52.480869>
	pigment { color rgbt <0,1,1,0> }
	no_shadow
}
cylinder {
	<47.622719, 54.585476, 51.914204>,  <47.599720, 54.514263, 52.722797>, 0.130000
	pigment { color rgbt <1,0,0,0> }
	no_shadow
}

// nucleotide -1

// particle -1
sphere {
	<47.622719, 54.585476, 51.914204> 0.250000
	pigment { color rgbt <1,0,0,0> }
	no_shadow
}
cylinder {
	<47.446880, 54.901649, 52.084835>,  <47.341377, 55.091354, 52.187214>, 0.100000
	pigment { color rgbt <1,0,0,0> }
	no_shadow
}
cylinder {
	<47.446880, 54.901649, 52.084835>,  <47.622719, 54.585476, 51.914204>, 0.100000
	pigment { color rgbt <1,0,0,0> }
	no_shadow
}

// particle -1
sphere {
	<47.446880, 54.901649, 52.084835> 0.100000
	pigment { color rgbt <1,0,0,0> }
	no_shadow
}
sphere {
	0, 1
	scale<0.080000,0.200000,0.300000>
	matrix <0.614876, 0.611029, -0.498569,
		-0.654739, 0.043126, -0.754624,
		-0.439596, 0.790432, 0.426582,
		47.315002, 55.138779, 52.212811>
	pigment { color rgbt <0,1,1,0> }
	no_shadow
}
cylinder {
	<48.238197, 54.069450, 52.034996>,  <47.622719, 54.585476, 51.914204>, 0.130000
	pigment { color rgbt <1,0,0,0> }
	no_shadow
}

// nucleotide -1

// particle -1
sphere {
	<48.238197, 54.069450, 52.034996> 0.250000
	pigment { color rgbt <1,0,0,0> }
	no_shadow
}
cylinder {
	<48.057384, 53.712761, 52.043880>,  <47.948898, 53.498745, 52.049210>, 0.100000
	pigment { color rgbt <1,0,0,0> }
	no_shadow
}
cylinder {
	<48.057384, 53.712761, 52.043880>,  <48.238197, 54.069450, 52.034996>, 0.100000
	pigment { color rgbt <1,0,0,0> }
	no_shadow
}

// particle -1
sphere {
	<48.057384, 53.712761, 52.043880> 0.100000
	pigment { color rgbt <1,0,0,0> }
	no_shadow
}
sphere {
	0, 1
	scale<0.080000,0.200000,0.300000>
	matrix <0.803245, -0.396096, 0.444866,
		-0.387902, 0.218931, 0.895322,
		-0.452028, -0.891727, 0.022208,
		47.921776, 53.445244, 52.050545>
	pigment { color rgbt <0,1,1,0> }
	no_shadow
}
cylinder {
	<48.727066, 53.681232, 51.660248>,  <48.238197, 54.069450, 52.034996>, 0.130000
	pigment { color rgbt <1,0,0,0> }
	no_shadow
}

// nucleotide -1

// particle -1
sphere {
	<48.727066, 53.681232, 51.660248> 0.250000
	pigment { color rgbt <1,0,0,0> }
	no_shadow
}
cylinder {
	<49.120811, 53.713959, 51.597839>,  <49.357059, 53.733593, 51.560394>, 0.100000
	pigment { color rgbt <1,0,0,0> }
	no_shadow
}
cylinder {
	<49.120811, 53.713959, 51.597839>,  <48.727066, 53.681232, 51.660248>, 0.100000
	pigment { color rgbt <1,0,0,0> }
	no_shadow
}

// particle -1
sphere {
	<49.120811, 53.713959, 51.597839> 0.100000
	pigment { color rgbt <1,0,0,0> }
	no_shadow
}
sphere {
	0, 1
	scale<0.080000,0.200000,0.300000>
	matrix <0.149193, 0.083884, 0.985244,
		0.093684, -0.993112, 0.070367,
		0.984360, 0.081803, -0.156024,
		49.416119, 53.738503, 51.551033>
	pigment { color rgbt <0,1,1,0> }
	no_shadow
}
cylinder {
	<49.105766, 53.135609, 52.082462>,  <48.727066, 53.681232, 51.660248>, 0.130000
	pigment { color rgbt <1,0,0,0> }
	no_shadow
}

// nucleotide -1

// particle -1
sphere {
	<49.105766, 53.135609, 52.082462> 0.250000
	pigment { color rgbt <1,0,0,0> }
	no_shadow
}
cylinder {
	<49.347267, 53.443932, 52.001129>,  <49.492168, 53.628925, 51.952328>, 0.100000
	pigment { color rgbt <1,0,0,0> }
	no_shadow
}
cylinder {
	<49.347267, 53.443932, 52.001129>,  <49.105766, 53.135609, 52.082462>, 0.100000
	pigment { color rgbt <1,0,0,0> }
	no_shadow
}

// particle -1
sphere {
	<49.347267, 53.443932, 52.001129> 0.100000
	pigment { color rgbt <1,0,0,0> }
	no_shadow
}
sphere {
	0, 1
	scale<0.080000,0.200000,0.300000>
	matrix <0.282634, 0.031524, 0.958710,
		0.745387, -0.636292, -0.198823,
		0.603751, 0.770804, -0.203336,
		49.528393, 53.675175, 51.940128>
	pigment { color rgbt <0,1,1,0> }
	no_shadow
}
cylinder {
	<49.822811, 52.942055, 52.157089>,  <49.105766, 53.135609, 52.082462>, 0.130000
	pigment { color rgbt <1,0,0,0> }
	no_shadow
}

// nucleotide -1

// particle -1
sphere {
	<49.822811, 52.942055, 52.157089> 0.250000
	pigment { color rgbt <1,0,0,0> }
	no_shadow
}
cylinder {
	<49.716217, 53.322319, 52.220627>,  <49.652260, 53.550476, 52.258751>, 0.100000
	pigment { color rgbt <1,0,0,0> }
	no_shadow
}
cylinder {
	<49.716217, 53.322319, 52.220627>,  <49.822811, 52.942055, 52.157089>, 0.100000
	pigment { color rgbt <1,0,0,0> }
	no_shadow
}

// particle -1
sphere {
	<49.716217, 53.322319, 52.220627> 0.100000
	pigment { color rgbt <1,0,0,0> }
	no_shadow
}
sphere {
	0, 1
	scale<0.080000,0.200000,0.300000>
	matrix <0.347512, -0.058950, 0.935821,
		0.899011, 0.304583, -0.314656,
		-0.266486, 0.950660, 0.158843,
		49.636272, 53.607517, 52.268280>
	pigment { color rgbt <0,1,1,0> }
	no_shadow
}
cylinder {
	<50.398018, 53.470047, 52.275211>,  <49.822811, 52.942055, 52.157089>, 0.130000
	pigment { color rgbt <1,0,0,0> }
	no_shadow
}

// nucleotide -1

// particle -1
sphere {
	<50.398018, 53.470047, 52.275211> 0.250000
	pigment { color rgbt <1,0,0,0> }
	no_shadow
}
cylinder {
	<50.094284, 53.616543, 52.490349>,  <49.912045, 53.704441, 52.619431>, 0.100000
	pigment { color rgbt <1,0,0,0> }
	no_shadow
}
cylinder {
	<50.094284, 53.616543, 52.490349>,  <50.398018, 53.470047, 52.275211>, 0.100000
	pigment { color rgbt <1,0,0,0> }
	no_shadow
}

// particle -1
sphere {
	<50.094284, 53.616543, 52.490349> 0.100000
	pigment { color rgbt <1,0,0,0> }
	no_shadow
}
sphere {
	0, 1
	scale<0.080000,0.200000,0.300000>
	matrix <0.563852, -0.042217, 0.824796,
		0.324776, 0.929564, -0.174445,
		-0.759336, 0.366235, 0.537848,
		49.866482, 53.726414, 52.651703>
	pigment { color rgbt <0,1,1,0> }
	no_shadow
}
cylinder {
	<50.491920, 54.218597, 52.026455>,  <50.398018, 53.470047, 52.275211>, 0.130000
	pigment { color rgbt <1,0,0,0> }
	no_shadow
}

// nucleotide -1

// particle -1
sphere {
	<50.491920, 54.218597, 52.026455> 0.250000
	pigment { color rgbt <1,0,0,0> }
	no_shadow
}
cylinder {
	<50.502701, 54.163586, 52.422508>,  <50.509171, 54.130581, 52.660141>, 0.100000
	pigment { color rgbt <1,0,0,0> }
	no_shadow
}
cylinder {
	<50.502701, 54.163586, 52.422508>,  <50.491920, 54.218597, 52.026455>, 0.100000
	pigment { color rgbt <1,0,0,0> }
	no_shadow
}

// particle -1
sphere {
	<50.502701, 54.163586, 52.422508> 0.100000
	pigment { color rgbt <1,0,0,0> }
	no_shadow
}
sphere {
	0, 1
	scale<0.080000,0.200000,0.300000>
	matrix <0.950725, 0.309562, 0.017115,
		-0.308861, 0.940881, 0.139094,
		0.026955, -0.137526, 0.990131,
		50.510788, 54.122330, 52.719547>
	pigment { color rgbt <0,1,1,0> }
	no_shadow
}
cylinder {
	<50.742020, 54.888939, 52.482841>,  <50.491920, 54.218597, 52.026455>, 0.130000
	pigment { color rgbt <1,0,0,0> }
	no_shadow
}

// nucleotide -1

// particle -1
sphere {
	<50.742020, 54.888939, 52.482841> 0.250000
	pigment { color rgbt <1,0,0,0> }
	no_shadow
}
cylinder {
	<50.811550, 54.520878, 52.623188>,  <50.853268, 54.300041, 52.707397>, 0.100000
	pigment { color rgbt <1,0,0,0> }
	no_shadow
}
cylinder {
	<50.811550, 54.520878, 52.623188>,  <50.742020, 54.888939, 52.482841>, 0.100000
	pigment { color rgbt <1,0,0,0> }
	no_shadow
}

// particle -1
sphere {
	<50.811550, 54.520878, 52.623188> 0.100000
	pigment { color rgbt <1,0,0,0> }
	no_shadow
}
sphere {
	0, 1
	scale<0.080000,0.200000,0.300000>
	matrix <0.978544, 0.201414, 0.043411,
		-0.110614, 0.335791, 0.935419,
		0.173830, -0.920150, 0.350865,
		50.863701, 54.244831, 52.728447>
	pigment { color rgbt <0,1,1,0> }
	no_shadow
}
cylinder {
	<51.195946, 55.424271, 52.298298>,  <50.742020, 54.888939, 52.482841>, 0.130000
	pigment { color rgbt <1,0,0,0> }
	no_shadow
}

// nucleotide -1

// particle -1
sphere {
	<51.195946, 55.424271, 52.298298> 0.250000
	pigment { color rgbt <1,0,0,0> }
	no_shadow
}
cylinder {
	<51.357155, 55.058281, 52.290375>,  <51.453880, 54.838688, 52.285622>, 0.100000
	pigment { color rgbt <1,0,0,0> }
	no_shadow
}
cylinder {
	<51.357155, 55.058281, 52.290375>,  <51.195946, 55.424271, 52.298298>, 0.100000
	pigment { color rgbt <1,0,0,0> }
	no_shadow
}

// particle -1
sphere {
	<51.357155, 55.058281, 52.290375> 0.100000
	pigment { color rgbt <1,0,0,0> }
	no_shadow
}
sphere {
	0, 1
	scale<0.080000,0.200000,0.300000>
	matrix <0.852880, 0.367648, 0.370716,
		-0.331913, -0.166303, 0.928535,
