// switches for output
#declare DRAW_BASES = 1; // possible values are 0, 1; only relevant for DNA ribbons
#declare DRAW_BASES_TYPE = 3; // possible values are 1, 2, 3; only relevant for DNA ribbons
#declare DRAW_FOG = 0; // set to 1 to enable fog

#include "colors.inc"

#include "transforms.inc"
background { rgb <1, 1, 1>}

#default {
   normal{
       ripples 0.25
       frequency 0.20
       turbulence 0.2
       lambda 5
   }
	finish {
		phong 0.1
		phong_size 40.
	}
}

// original window dimensions: 1024x640


// camera settings

camera {
	sky <-0, 1, 0>
	up <-0, 1, 0>
	right 1.6 * <0.99995, 0, 0.00999983>
	location <54.4867, 55, 106.329>
	look_at <55, 55, 55.0001>
	direction <0.513302, 0, -51.3289>
	angle 67.0682
}


# declare cpy_camera_pos = <54.4867, 55, 106.329>;
# if (DRAW_FOG = 1)
fog {
	fog_type 2
	up vnormalize(cpy_camera_pos)
	color rgbt<1,1,1,0.3>
	distance 1e-5
	fog_alt 3e-3
	fog_offset 88
}
# end


// LIGHTS

# declare lum = 6;
global_settings {
	ambient_light rgb lum * <0.05, 0.05, 0.05>
	max_trace_level 15
}# declare cpy_direct_light_amount = 0.25;
light_source
{	1000 * <-0.98995, -1, 1.00995>,
	rgb lum * cpy_direct_light_amount
	parallel
}

light_source
{	1000 * <0.98995, 1, -1.00995>,
	rgb lum * cpy_direct_light_amount
	parallel
}

// strand 0

// nucleotide -1

// particle -1
sphere {
	<35.626831, 53.543255, 50.039356> 0.250000
	pigment { color rgbt <1,0,0,0> }
	no_shadow
}
cylinder {
	<35.912991, 53.509659, 49.761894>,  <36.084686, 53.489502, 49.595417>, 0.100000
	pigment { color rgbt <1,0,0,0> }
	no_shadow
}
cylinder {
	<35.912991, 53.509659, 49.761894>,  <35.626831, 53.543255, 50.039356>, 0.100000
	pigment { color rgbt <1,0,0,0> }
	no_shadow
}

// particle -1
sphere {
	<35.912991, 53.509659, 49.761894> 0.100000
	pigment { color rgbt <1,0,0,0> }
	no_shadow
}
sphere {
	0, 1
	scale<0.080000,0.200000,0.300000>
	matrix <0.619785, 0.534643, 0.574477,
		0.322607, -0.840894, 0.434536,
		0.715396, -0.083989, -0.693653,
		36.127609, 53.484463, 49.553799>
	pigment { color rgbt <0,1,1,0> }
	no_shadow
}
cylinder {
	<36.158192, 53.463680, 50.520744>,  <35.626831, 53.543255, 50.039356>, 0.130000
	pigment { color rgbt <1,0,0,0> }
	no_shadow
}

// nucleotide -1

// particle -1
sphere {
	<36.158192, 53.463680, 50.520744> 0.250000
	pigment { color rgbt <1,0,0,0> }
	no_shadow
}
cylinder {
	<36.344864, 53.529564, 50.173164>,  <36.456867, 53.569092, 49.964615>, 0.100000
	pigment { color rgbt <1,0,0,0> }
	no_shadow
}
cylinder {
	<36.344864, 53.529564, 50.173164>,  <36.158192, 53.463680, 50.520744>, 0.100000
	pigment { color rgbt <1,0,0,0> }
	no_shadow
}

// particle -1
sphere {
	<36.344864, 53.529564, 50.173164> 0.100000
	pigment { color rgbt <1,0,0,0> }
	no_shadow
}
sphere {
	0, 1
	scale<0.080000,0.200000,0.300000>
	matrix <0.747537, 0.451607, 0.487073,
		0.472650, -0.876883, 0.087632,
		0.466681, 0.164706, -0.868954,
		36.484867, 53.578976, 49.912479>
	pigment { color rgbt <0,1,1,0> }
	no_shadow
}
cylinder {
	<36.828705, 53.350540, 50.665100>,  <36.158192, 53.463680, 50.520744>, 0.130000
	pigment { color rgbt <1,0,0,0> }
	no_shadow
}

// nucleotide -1

// particle -1
sphere {
	<36.828705, 53.350540, 50.665100> 0.250000
	pigment { color rgbt <1,0,0,0> }
	no_shadow
}
cylinder {
	<36.775810, 53.611580, 50.366669>,  <36.744072, 53.768204, 50.187611>, 0.100000
	pigment { color rgbt <1,0,0,0> }
	no_shadow
}
cylinder {
	<36.775810, 53.611580, 50.366669>,  <36.828705, 53.350540, 50.665100>, 0.100000
	pigment { color rgbt <1,0,0,0> }
	no_shadow
}

// particle -1
sphere {
	<36.775810, 53.611580, 50.366669> 0.100000
	pigment { color rgbt <1,0,0,0> }
	no_shadow
}
sphere {
	0, 1
	scale<0.080000,0.200000,0.300000>
	matrix <0.760110, 0.549861, 0.346245,
		0.636197, -0.521314, -0.568758,
		-0.132236, 0.652599, -0.746076,
		36.736141, 53.807358, 50.142845>
	pigment { color rgbt <0,1,1,0> }
	no_shadow
}
cylinder {
	<37.492405, 53.373272, 50.280151>,  <36.828705, 53.350540, 50.665100>, 0.130000
	pigment { color rgbt <1,0,0,0> }
	no_shadow
}

// nucleotide -1

// particle -1
sphere {
	<37.492405, 53.373272, 50.280151> 0.250000
	pigment { color rgbt <1,0,0,0> }
	no_shadow
}
cylinder {
	<37.270569, 53.701687, 50.334305>,  <37.137466, 53.898735, 50.366798>, 0.100000
	pigment { color rgbt <1,0,0,0> }
	no_shadow
}
cylinder {
	<37.270569, 53.701687, 50.334305>,  <37.492405, 53.373272, 50.280151>, 0.100000
	pigment { color rgbt <1,0,0,0> }
	no_shadow
}

// particle -1
sphere {
	<37.270569, 53.701687, 50.334305> 0.100000
	pigment { color rgbt <1,0,0,0> }
	no_shadow
}
sphere {
	0, 1
	scale<0.080000,0.200000,0.300000>
	matrix <0.791174, 0.469861, 0.391503,
		0.257828, 0.324234, -0.910163,
		-0.554589, 0.821037, 0.135382,
		37.104191, 53.947998, 50.374920>
	pigment { color rgbt <0,1,1,0> }
	no_shadow
}
cylinder {
	<37.939831, 54.052944, 50.328423>,  <37.492405, 53.373272, 50.280151>, 0.130000
	pigment { color rgbt <1,0,0,0> }
	no_shadow
}

// nucleotide -1

// particle -1
sphere {
	<37.939831, 54.052944, 50.328423> 0.250000
	pigment { color rgbt <1,0,0,0> }
	no_shadow
}
cylinder {
	<38.256657, 53.913643, 50.528965>,  <38.446751, 53.830063, 50.649292>, 0.100000
	pigment { color rgbt <1,0,0,0> }
	no_shadow
}
cylinder {
	<38.256657, 53.913643, 50.528965>,  <37.939831, 54.052944, 50.328423>, 0.100000
	pigment { color rgbt <1,0,0,0> }
	no_shadow
}

// particle -1
sphere {
	<38.256657, 53.913643, 50.528965> 0.100000
	pigment { color rgbt <1,0,0,0> }
	no_shadow
}
sphere {
	0, 1
	scale<0.080000,0.200000,0.300000>
	matrix <-0.402742, -0.915313, 0.000471,
		0.458733, -0.202290, -0.865241,
		0.792062, -0.348253, 0.501356,
		38.494274, 53.809166, 50.679371>
	pigment { color rgbt <0,1,1,0> }
	no_shadow
}
cylinder {
	<38.150661, 54.139900, 50.908550>,  <37.939831, 54.052944, 50.328423>, 0.130000
	pigment { color rgbt <1,0,0,0> }
	no_shadow
}

// nucleotide -1

// particle -1
sphere {
	<38.150661, 54.139900, 50.908550> 0.250000
	pigment { color rgbt <1,0,0,0> }
	no_shadow
}
cylinder {
	<38.536667, 54.132984, 50.803902>,  <38.768272, 54.128834, 50.741112>, 0.100000
	pigment { color rgbt <1,0,0,0> }
	no_shadow
}
cylinder {
	<38.536667, 54.132984, 50.803902>,  <38.150661, 54.139900, 50.908550>, 0.100000
	pigment { color rgbt <1,0,0,0> }
	no_shadow
}

// particle -1
sphere {
	<38.536667, 54.132984, 50.803902> 0.100000
	pigment { color rgbt <1,0,0,0> }
	no_shadow
}
sphere {
	0, 1
	scale<0.080000,0.200000,0.300000>
	matrix <0.247867, 0.385480, 0.888801,
		0.085484, -0.922554, 0.376279,
		0.965015, -0.017289, -0.261623,
		38.826172, 54.127796, 50.725414>
	pigment { color rgbt <0,1,1,0> }
	no_shadow
}
cylinder {
	<38.562172, 53.727985, 51.474091>,  <38.150661, 54.139900, 50.908550>, 0.130000
	pigment { color rgbt <1,0,0,0> }
	no_shadow
}

// nucleotide -1

// particle -1
sphere {
	<38.562172, 53.727985, 51.474091> 0.250000
	pigment { color rgbt <1,0,0,0> }
	no_shadow
}
cylinder {
	<38.719734, 54.027435, 51.260773>,  <38.814270, 54.207104, 51.132782>, 0.100000
	pigment { color rgbt <1,0,0,0> }
	no_shadow
}
cylinder {
	<38.719734, 54.027435, 51.260773>,  <38.562172, 53.727985, 51.474091>, 0.100000
	pigment { color rgbt <1,0,0,0> }
	no_shadow
}

// particle -1
sphere {
	<38.719734, 54.027435, 51.260773> 0.100000
	pigment { color rgbt <1,0,0,0> }
	no_shadow
}
sphere {
	0, 1
	scale<0.080000,0.200000,0.300000>
	matrix <0.104675, 0.539891, 0.835201,
		0.913172, -0.384812, 0.134304,
		0.393905, 0.748623, -0.533293,
		38.837906, 54.252022, 51.100784>
	pigment { color rgbt <0,1,1,0> }
	no_shadow
}
cylinder {
	<38.865719, 54.225903, 51.875706>,  <38.562172, 53.727985, 51.474091>, 0.130000
	pigment { color rgbt <1,0,0,0> }
	no_shadow
}

// nucleotide -1

// particle -1
sphere {
	<38.865719, 54.225903, 51.875706> 0.250000
	pigment { color rgbt <1,0,0,0> }
	no_shadow
}
cylinder {
	<38.937370, 54.440552, 51.545868>,  <38.980362, 54.569340, 51.347965>, 0.100000
	pigment { color rgbt <1,0,0,0> }
	no_shadow
}
cylinder {
	<38.937370, 54.440552, 51.545868>,  <38.865719, 54.225903, 51.875706>, 0.100000
	pigment { color rgbt <1,0,0,0> }
	no_shadow
}

// particle -1
sphere {
	<38.937370, 54.440552, 51.545868> 0.100000
	pigment { color rgbt <1,0,0,0> }
	no_shadow
}
sphere {
	0, 1
	scale<0.080000,0.200000,0.300000>
	matrix <0.246544, 0.786921, 0.565661,
		0.952434, -0.304622, 0.008656,
		0.179124, 0.536620, -0.824593,
		38.991108, 54.601540, 51.298489>
	pigment { color rgbt <0,1,1,0> }
	no_shadow
}
cylinder {
	<38.835533, 54.965355, 52.225094>,  <38.865719, 54.225903, 51.875706>, 0.130000
	pigment { color rgbt <1,0,0,0> }
	no_shadow
}

// nucleotide -1

// particle -1
sphere {
	<38.835533, 54.965355, 52.225094> 0.250000
	pigment { color rgbt <1,0,0,0> }
	no_shadow
}
cylinder {
	<38.502239, 55.149017, 52.101871>,  <38.302265, 55.259212, 52.027939>, 0.100000
	pigment { color rgbt <1,0,0,0> }
	no_shadow
}
cylinder {
	<38.502239, 55.149017, 52.101871>,  <38.835533, 54.965355, 52.225094>, 0.100000
	pigment { color rgbt <1,0,0,0> }
	no_shadow
}

// particle -1
sphere {
	<38.502239, 55.149017, 52.101871> 0.100000
	pigment { color rgbt <1,0,0,0> }
	no_shadow
}
sphere {
	0, 1
	scale<0.080000,0.200000,0.300000>
	matrix <-0.386649, -0.085577, 0.918248,
		0.395254, 0.884225, 0.248837,
		-0.833233, 0.459154, -0.308060,
		38.252270, 55.286762, 52.009453>
	pigment { color rgbt <0,1,1,0> }
	no_shadow
}
cylinder {
	<39.534065, 55.098137, 52.060997>,  <38.835533, 54.965355, 52.225094>, 0.130000
	pigment { color rgbt <1,0,0,0> }
	no_shadow
}

// nucleotide -1

// particle -1
sphere {
	<39.534065, 55.098137, 52.060997> 0.250000
	pigment { color rgbt <1,0,0,0> }
	no_shadow
}
cylinder {
	<39.754990, 55.388802, 52.224419>,  <39.887543, 55.563202, 52.322472>, 0.100000
	pigment { color rgbt <1,0,0,0> }
	no_shadow
}
cylinder {
	<39.754990, 55.388802, 52.224419>,  <39.534065, 55.098137, 52.060997>, 0.100000
	pigment { color rgbt <1,0,0,0> }
	no_shadow
}

// particle -1
sphere {
	<39.754990, 55.388802, 52.224419> 0.100000
	pigment { color rgbt <1,0,0,0> }
	no_shadow
}
sphere {
	0, 1
	scale<0.080000,0.200000,0.300000>
	matrix <-0.782602, 0.620805, -0.046207,
		-0.287208, -0.294212, 0.911565,
		0.552310, 0.726664, 0.408551,
		39.920681, 55.606800, 52.346985>
	pigment { color rgbt <0,1,1,0> }
	no_shadow
}
cylinder {
	<39.183208, 55.741165, 51.984291>,  <39.534065, 55.098137, 52.060997>, 0.130000
	pigment { color rgbt <1,0,0,0> }
	no_shadow
}

// nucleotide -1

// particle -1
sphere {
	<39.183208, 55.741165, 51.984291> 0.250000
	pigment { color rgbt <1,0,0,0> }
	no_shadow
}
cylinder {
	<39.186031, 55.923397, 51.628223>,  <39.187725, 56.032738, 51.414585>, 0.100000
	pigment { color rgbt <1,0,0,0> }
	no_shadow
}
cylinder {
	<39.186031, 55.923397, 51.628223>,  <39.183208, 55.741165, 51.984291>, 0.100000
	pigment { color rgbt <1,0,0,0> }
	no_shadow
}

// particle -1
sphere {
	<39.186031, 55.923397, 51.628223> 0.100000
	pigment { color rgbt <1,0,0,0> }
	no_shadow
}
sphere {
	0, 1
	scale<0.080000,0.200000,0.300000>
	matrix <0.432198, 0.801360, 0.413555,
		0.901751, -0.387647, -0.191246,
		0.007057, 0.455580, -0.890167,
		39.188148, 56.060070, 51.361172>
	pigment { color rgbt <0,1,1,0> }
	no_shadow
}
cylinder {
	<39.801220, 56.039227, 51.771469>,  <39.183208, 55.741165, 51.984291>, 0.130000
	pigment { color rgbt <1,0,0,0> }
	no_shadow
}

// nucleotide -1

// particle -1
sphere {
	<39.801220, 56.039227, 51.771469> 0.250000
	pigment { color rgbt <1,0,0,0> }
	no_shadow
}
cylinder {
	<39.503819, 56.253246, 51.611008>,  <39.325378, 56.381660, 51.514732>, 0.100000
	pigment { color rgbt <1,0,0,0> }
	no_shadow
}
cylinder {
	<39.503819, 56.253246, 51.611008>,  <39.801220, 56.039227, 51.771469>, 0.100000
	pigment { color rgbt <1,0,0,0> }
	no_shadow
}

// particle -1
sphere {
	<39.503819, 56.253246, 51.611008> 0.100000
	pigment { color rgbt <1,0,0,0> }
	no_shadow
}
sphere {
	0, 1
	scale<0.080000,0.200000,0.300000>
	matrix <0.283589, 0.795527, 0.535457,
		0.605622, 0.284354, -0.743212,
		-0.743505, 0.535051, -0.401149,
		39.280766, 56.413761, 51.490662>
	pigment { color rgbt <0,1,1,0> }
	no_shadow
}
cylinder {
	<40.478584, 56.257484, 51.982830>,  <39.801220, 56.039227, 51.771469>, 0.130000
	pigment { color rgbt <1,0,0,0> }
	no_shadow
}

// nucleotide -1

// particle -1
sphere {
	<40.478584, 56.257484, 51.982830> 0.250000
	pigment { color rgbt <1,0,0,0> }
	no_shadow
}
cylinder {
	<40.434513, 56.408192, 52.350723>,  <40.408070, 56.498615, 52.571461>, 0.100000
	pigment { color rgbt <1,0,0,0> }
	no_shadow
}
cylinder {
	<40.434513, 56.408192, 52.350723>,  <40.478584, 56.257484, 51.982830>, 0.100000
	pigment { color rgbt <1,0,0,0> }
	no_shadow
}

// particle -1
sphere {
	<40.434513, 56.408192, 52.350723> 0.100000
	pigment { color rgbt <1,0,0,0> }
	no_shadow
}
sphere {
	0, 1
	scale<0.080000,0.200000,0.300000>
	matrix <-0.577499, -0.777403, 0.249278,
		0.808923, -0.503679, 0.303235,
		-0.110179, 0.376765, 0.919733,
		40.401459, 56.521221, 52.626644>
	pigment { color rgbt <0,1,1,0> }
	no_shadow
}
cylinder {
	<40.731518, 55.701199, 52.328312>,  <40.478584, 56.257484, 51.982830>, 0.130000
	pigment { color rgbt <1,0,0,0> }
	no_shadow
}

// nucleotide -1

// particle -1
sphere {
	<40.731518, 55.701199, 52.328312> 0.250000
	pigment { color rgbt <1,0,0,0> }
	no_shadow
}
cylinder {
	<40.472275, 55.946598, 52.508789>,  <40.316730, 56.093838, 52.617077>, 0.100000
	pigment { color rgbt <1,0,0,0> }
	no_shadow
}
cylinder {
	<40.472275, 55.946598, 52.508789>,  <40.731518, 55.701199, 52.328312>, 0.100000
	pigment { color rgbt <1,0,0,0> }
	no_shadow
}

// particle -1
sphere {
	<40.472275, 55.946598, 52.508789> 0.100000
	pigment { color rgbt <1,0,0,0> }
	no_shadow
}
sphere {
	0, 1
	scale<0.080000,0.200000,0.300000>
	matrix <-0.643346, -0.758105, 0.106694,
		0.407510, -0.221125, 0.886025,
		-0.648106, 0.613499, 0.451195,
		40.277843, 56.130650, 52.644146>
	pigment { color rgbt <0,1,1,0> }
	no_shadow
}
cylinder {
	<41.173412, 55.812611, 53.067402>,  <40.731518, 55.701199, 52.328312>, 0.130000
	pigment { color rgbt <1,0,0,0> }
	no_shadow
}

// nucleotide -1

// particle -1
sphere {
	<41.173412, 55.812611, 53.067402> 0.250000
	pigment { color rgbt <1,0,0,0> }
	no_shadow
}
cylinder {
	<41.417244, 56.105450, 52.945786>,  <41.563541, 56.281155, 52.872814>, 0.100000
	pigment { color rgbt <1,0,0,0> }
	no_shadow
}
cylinder {
	<41.417244, 56.105450, 52.945786>,  <41.173412, 55.812611, 53.067402>, 0.100000
	pigment { color rgbt <1,0,0,0> }
	no_shadow
}

// particle -1
sphere {
	<41.417244, 56.105450, 52.945786> 0.100000
	pigment { color rgbt <1,0,0,0> }
	no_shadow
}
sphere {
	0, 1
	scale<0.080000,0.200000,0.300000>
	matrix <0.744877, -0.660215, -0.096304,
		-0.271238, -0.167770, -0.947778,
		0.609580, 0.732100, -0.304044,
		41.600117, 56.325081, 52.854572>
	pigment { color rgbt <0,1,1,0> }
	no_shadow
}
cylinder {
	<41.640903, 55.628273, 52.456882>,  <41.173412, 55.812611, 53.067402>, 0.130000
	pigment { color rgbt <1,0,0,0> }
	no_shadow
}

// nucleotide -1

// particle -1
sphere {
	<41.640903, 55.628273, 52.456882> 0.250000
	pigment { color rgbt <1,0,0,0> }
	no_shadow
}
cylinder {
	<41.825279, 55.886860, 52.700066>,  <41.935905, 56.042011, 52.845974>, 0.100000
	pigment { color rgbt <1,0,0,0> }
	no_shadow
}
cylinder {
	<41.825279, 55.886860, 52.700066>,  <41.640903, 55.628273, 52.456882>, 0.100000
	pigment { color rgbt <1,0,0,0> }
	no_shadow
}

// particle -1
sphere {
	<41.825279, 55.886860, 52.700066> 0.100000
	pigment { color rgbt <1,0,0,0> }
	no_shadow
}
sphere {
	0, 1
	scale<0.080000,0.200000,0.300000>
	matrix <0.730612, -0.665310, 0.153521,
		0.503726, 0.373416, -0.778987,
		0.460941, 0.646470, 0.607956,
		41.963562, 56.080799, 52.882454>
	pigment { color rgbt <0,1,1,0> }
	no_shadow
}
cylinder {
	<42.305859, 55.703686, 52.262138>,  <41.640903, 55.628273, 52.456882>, 0.130000
	pigment { color rgbt <1,0,0,0> }
	no_shadow
}

// nucleotide -1

// particle -1
sphere {
	<42.305859, 55.703686, 52.262138> 0.250000
	pigment { color rgbt <1,0,0,0> }
	no_shadow
}
cylinder {
	<42.281368, 55.763939, 52.656815>,  <42.266674, 55.800091, 52.893620>, 0.100000
	pigment { color rgbt <1,0,0,0> }
	no_shadow
}
cylinder {
	<42.281368, 55.763939, 52.656815>,  <42.305859, 55.703686, 52.262138>, 0.100000
	pigment { color rgbt <1,0,0,0> }
	no_shadow
}

// particle -1
sphere {
	<42.281368, 55.763939, 52.656815> 0.100000
	pigment { color rgbt <1,0,0,0> }
	no_shadow
}
sphere {
	0, 1
	scale<0.080000,0.200000,0.300000>
	matrix <0.605080, -0.780588, 0.156719,
		0.793807, 0.606623, -0.043353,
		-0.061229, 0.150636, 0.986691,
		42.263000, 55.809132, 52.952824>
	pigment { color rgbt <0,1,1,0> }
	no_shadow
}
cylinder {
	<42.998714, 55.800091, 52.616325>,  <42.305859, 55.703686, 52.262138>, 0.130000
	pigment { color rgbt <1,0,0,0> }
	no_shadow
}

// nucleotide -1

// particle -1
sphere {
	<42.998714, 55.800091, 52.616325> 0.250000
	pigment { color rgbt <1,0,0,0> }
	no_shadow
}
cylinder {
	<42.709820, 55.614273, 52.821297>,  <42.536484, 55.502785, 52.944279>, 0.100000
	pigment { color rgbt <1,0,0,0> }
	no_shadow
}
cylinder {
	<42.709820, 55.614273, 52.821297>,  <42.998714, 55.800091, 52.616325>, 0.100000
	pigment { color rgbt <1,0,0,0> }
	no_shadow
}

// particle -1
sphere {
	<42.709820, 55.614273, 52.821297> 0.100000
	pigment { color rgbt <1,0,0,0> }
	no_shadow
}
sphere {
	0, 1
	scale<0.080000,0.200000,0.300000>
	matrix <0.605735, -0.782452, 0.144412,
		0.333865, 0.414694, 0.846501,
		-0.722232, -0.464541, 0.512428,
		42.493149, 55.474911, 52.975025>
	pigment { color rgbt <0,1,1,0> }
	no_shadow
}
cylinder {
	<43.323814, 55.392380, 53.207073>,  <42.998714, 55.800091, 52.616325>, 0.130000
	pigment { color rgbt <1,0,0,0> }
	no_shadow
}

// nucleotide -1

// particle -1
sphere {
	<43.323814, 55.392380, 53.207073> 0.250000
	pigment { color rgbt <1,0,0,0> }
	no_shadow
}
cylinder {
	<43.686646, 55.554016, 53.159870>,  <43.904343, 55.650997, 53.131546>, 0.100000
	pigment { color rgbt <1,0,0,0> }
	no_shadow
}
cylinder {
	<43.686646, 55.554016, 53.159870>,  <43.323814, 55.392380, 53.207073>, 0.100000
	pigment { color rgbt <1,0,0,0> }
	no_shadow
}

// particle -1
sphere {
	<43.686646, 55.554016, 53.159870> 0.100000
	pigment { color rgbt <1,0,0,0> }
	no_shadow
}
sphere {
	0, 1
	scale<0.080000,0.200000,0.300000>
	matrix <0.040772, 0.194683, 0.980018,
		0.418991, -0.893761, 0.160116,
		0.907074, 0.404090, -0.118011,
		43.958767, 55.675243, 53.124466>
	pigment { color rgbt <0,1,1,0> }
	no_shadow
}
cylinder {
	<43.489788, 55.573215, 53.905216>,  <43.323814, 55.392380, 53.207073>, 0.130000
	pigment { color rgbt <1,0,0,0> }
	no_shadow
}

// nucleotide -1

// particle -1
sphere {
	<43.489788, 55.573215, 53.905216> 0.250000
	pigment { color rgbt <1,0,0,0> }
	no_shadow
}
cylinder {
	<43.849514, 55.677212, 53.764568>,  <44.065350, 55.739609, 53.680180>, 0.100000
	pigment { color rgbt <1,0,0,0> }
	no_shadow
}
cylinder {
	<43.849514, 55.677212, 53.764568>,  <43.489788, 55.573215, 53.905216>, 0.100000
	pigment { color rgbt <1,0,0,0> }
	no_shadow
}

// particle -1
sphere {
	<43.849514, 55.677212, 53.764568> 0.100000
	pigment { color rgbt <1,0,0,0> }
	no_shadow
}
sphere {
	0, 1
	scale<0.080000,0.200000,0.300000>
	matrix <0.292138, 0.241126, 0.925480,
		0.325403, -0.935020, 0.140895,
		0.899316, 0.259993, -0.351618,
		44.119308, 55.755211, 53.659084>
	pigment { color rgbt <0,1,1,0> }
	no_shadow
}
cylinder {
	<44.118256, 55.293510, 54.256645>,  <43.489788, 55.573215, 53.905216>, 0.130000
	pigment { color rgbt <1,0,0,0> }
	no_shadow
}

// nucleotide -1

// particle -1
sphere {
	<44.118256, 55.293510, 54.256645> 0.250000
	pigment { color rgbt <1,0,0,0> }
	no_shadow
}
cylinder {
	<44.213917, 55.660053, 54.128212>,  <44.271313, 55.879978, 54.051151>, 0.100000
	pigment { color rgbt <1,0,0,0> }
	no_shadow
}
cylinder {
	<44.213917, 55.660053, 54.128212>,  <44.118256, 55.293510, 54.256645>, 0.100000
	pigment { color rgbt <1,0,0,0> }
	no_shadow
}

// particle -1
sphere {
	<44.213917, 55.660053, 54.128212> 0.100000
	pigment { color rgbt <1,0,0,0> }
	no_shadow
}
sphere {
	0, 1
	scale<0.080000,0.200000,0.300000>
	matrix <0.386171, 0.213640, 0.897346,
		0.890885, -0.338600, -0.302776,
		0.239156, 0.916356, -0.321086,
		44.285664, 55.934959, 54.031887>
	pigment { color rgbt <0,1,1,0> }
	no_shadow
}
cylinder {
	<44.864399, 55.424820, 54.504128>,  <44.118256, 55.293510, 54.256645>, 0.130000
	pigment { color rgbt <1,0,0,0> }
	no_shadow
}

// nucleotide -1

// particle -1
sphere {
	<44.864399, 55.424820, 54.504128> 0.250000
	pigment { color rgbt <1,0,0,0> }
	no_shadow
}
cylinder {
	<44.649143, 55.752789, 54.426010>,  <44.519989, 55.949570, 54.379139>, 0.100000
	pigment { color rgbt <1,0,0,0> }
	no_shadow
}
cylinder {
	<44.649143, 55.752789, 54.426010>,  <44.864399, 55.424820, 54.504128>, 0.100000
	pigment { color rgbt <1,0,0,0> }
	no_shadow
}

// particle -1
sphere {
	<44.649143, 55.752789, 54.426010> 0.100000
	pigment { color rgbt <1,0,0,0> }
	no_shadow
}
sphere {
	0, 1
	scale<0.080000,0.200000,0.300000>
	matrix <0.520803, 0.505647, 0.687812,
		0.662703, 0.268424, -0.699124,
		-0.538135, 0.819920, -0.195298,
		44.487701, 55.998764, 54.367420>
	pigment { color rgbt <0,1,1,0> }
	no_shadow
}
cylinder {
	<45.402607, 55.982273, 54.320160>,  <44.864399, 55.424820, 54.504128>, 0.130000
	pigment { color rgbt <1,0,0,0> }
	no_shadow
}

// nucleotide -1

// particle -1
sphere {
	<45.402607, 55.982273, 54.320160> 0.250000
	pigment { color rgbt <1,0,0,0> }
	no_shadow
}
cylinder {
	<45.060341, 56.098885, 54.491203>,  <44.854980, 56.168850, 54.593830>, 0.100000
	pigment { color rgbt <1,0,0,0> }
	no_shadow
}
cylinder {
	<45.060341, 56.098885, 54.491203>,  <45.402607, 55.982273, 54.320160>, 0.100000
	pigment { color rgbt <1,0,0,0> }
	no_shadow
}

// particle -1
sphere {
	<45.060341, 56.098885, 54.491203> 0.100000
	pigment { color rgbt <1,0,0,0> }
	no_shadow
}
sphere {
	0, 1
	scale<0.080000,0.200000,0.300000>
	matrix <0.506258, 0.300009, 0.808515,
		0.107420, 0.908298, -0.404297,
		-0.855666, 0.291529, 0.427606,
		44.803642, 56.186344, 54.619484>
	pigment { color rgbt <0,1,1,0> }
	no_shadow
}
cylinder {
	<45.743176, 56.025505, 54.918800>,  <45.402607, 55.982273, 54.320160>, 0.130000
	pigment { color rgbt <1,0,0,0> }
	no_shadow
}

// nucleotide -1

// particle -1
sphere {
	<45.743176, 56.025505, 54.918800> 0.250000
	pigment { color rgbt <1,0,0,0> }
	no_shadow
}
cylinder {
	<46.019688, 55.755051, 55.020767>,  <46.185593, 55.592777, 55.081947>, 0.100000
	pigment { color rgbt <1,0,0,0> }
	no_shadow
}
cylinder {
	<46.019688, 55.755051, 55.020767>,  <45.743176, 56.025505, 54.918800>, 0.100000
	pigment { color rgbt <1,0,0,0> }
	no_shadow
}

// particle -1
sphere {
	<46.019688, 55.755051, 55.020767> 0.100000
	pigment { color rgbt <1,0,0,0> }
	no_shadow
}
sphere {
	0, 1
	scale<0.080000,0.200000,0.300000>
	matrix <0.532044, 0.714972, 0.453591,
		-0.488944, -0.177931, 0.853976,
		0.691276, -0.676133, 0.254914,
		46.227070, 55.552212, 55.097240>
	pigment { color rgbt <0,1,1,0> }
	no_shadow
}
cylinder {
	<45.918674, 55.444550, 55.480007>,  <45.743176, 56.025505, 54.918800>, 0.130000
	pigment { color rgbt <1,0,0,0> }
	no_shadow
}

// nucleotide -1

// particle -1
sphere {
	<45.918674, 55.444550, 55.480007> 0.250000
	pigment { color rgbt <1,0,0,0> }
	no_shadow
}
cylinder {
	<46.214596, 55.199253, 55.369278>,  <46.392147, 55.052074, 55.302841>, 0.100000
	pigment { color rgbt <1,0,0,0> }
	no_shadow
}
cylinder {
	<46.214596, 55.199253, 55.369278>,  <45.918674, 55.444550, 55.480007>, 0.100000
	pigment { color rgbt <1,0,0,0> }
	no_shadow
}

// particle -1
sphere {
	<46.214596, 55.199253, 55.369278> 0.100000
	pigment { color rgbt <1,0,0,0> }
	no_shadow
}
sphere {
	0, 1
	scale<0.080000,0.200000,0.300000>
	matrix <0.672180, 0.655615, 0.344010,
		-0.029469, -0.440576, 0.897231,
		0.739801, -0.613239, -0.276826,
		46.436535, 55.015282, 55.286228>
	pigment { color rgbt <0,1,1,0> }
	no_shadow
}
cylinder {
	<46.372082, 55.296379, 56.120590>,  <45.918674, 55.444550, 55.480007>, 0.130000
	pigment { color rgbt <1,0,0,0> }
	no_shadow
}

// nucleotide -1

// particle -1
sphere {
	<46.372082, 55.296379, 56.120590> 0.250000
	pigment { color rgbt <1,0,0,0> }
	no_shadow
}
cylinder {
	<46.543518, 55.280201, 55.759552>,  <46.646378, 55.270496, 55.542931>, 0.100000
	pigment { color rgbt <1,0,0,0> }
	no_shadow
}
cylinder {
	<46.543518, 55.280201, 55.759552>,  <46.372082, 55.296379, 56.120590>, 0.100000
	pigment { color rgbt <1,0,0,0> }
	no_shadow
}

// particle -1
sphere {
	<46.543518, 55.280201, 55.759552> 0.100000
	pigment { color rgbt <1,0,0,0> }
	no_shadow
}
sphere {
	0, 1
	scale<0.080000,0.200000,0.300000>
	matrix <0.658737, 0.697714, 0.281532,
		0.618367, -0.715234, 0.325673,
		0.428588, -0.040443, -0.902595,
		46.672096, 55.268066, 55.488773>
	pigment { color rgbt <0,1,1,0> }
	no_shadow
}
cylinder {
	<47.075329, 55.226463, 56.345505>,  <46.372082, 55.296379, 56.120590>, 0.130000
	pigment { color rgbt <1,0,0,0> }
	no_shadow
}

// nucleotide -1

// particle -1
sphere {
	<47.075329, 55.226463, 56.345505> 0.250000
	pigment { color rgbt <1,0,0,0> }
	no_shadow
}
cylinder {
	<46.981441, 55.379036, 55.987862>,  <46.925110, 55.470577, 55.773277>, 0.100000
	pigment { color rgbt <1,0,0,0> }
	no_shadow
}
cylinder {
	<46.981441, 55.379036, 55.987862>,  <47.075329, 55.226463, 56.345505>, 0.100000
	pigment { color rgbt <1,0,0,0> }
	no_shadow
}

// particle -1
sphere {
	<46.981441, 55.379036, 55.987862> 0.100000
	pigment { color rgbt <1,0,0,0> }
	no_shadow
}
sphere {
	0, 1
	scale<0.080000,0.200000,0.300000>
	matrix <0.453482, 0.856541, 0.246357,
		0.859803, -0.347636, -0.374016,
		-0.234717, 0.381428, -0.894103,
		46.911026, 55.493465, 55.719631>
	pigment { color rgbt <0,1,1,0> }
	no_shadow
}
cylinder {
	<47.723816, 55.592896, 56.153214>,  <47.075329, 55.226463, 56.345505>, 0.130000
	pigment { color rgbt <1,0,0,0> }
	no_shadow
}

// nucleotide -1

// particle -1
sphere {
	<47.723816, 55.592896, 56.153214> 0.250000
	pigment { color rgbt <1,0,0,0> }
	no_shadow
}
cylinder {
	<47.432644, 55.793205, 55.965874>,  <47.257942, 55.913391, 55.853470>, 0.100000
	pigment { color rgbt <1,0,0,0> }
	no_shadow
}
cylinder {
	<47.432644, 55.793205, 55.965874>,  <47.723816, 55.592896, 56.153214>, 0.100000
	pigment { color rgbt <1,0,0,0> }
	no_shadow
}

// particle -1
sphere {
	<47.432644, 55.793205, 55.965874> 0.100000
	pigment { color rgbt <1,0,0,0> }
	no_shadow
}
sphere {
	0, 1
	scale<0.080000,0.200000,0.300000>
	matrix <0.590650, 0.804882, -0.057418,
		0.348210, -0.318425, -0.881678,
		-0.727930, 0.500770, -0.468346,
		47.214264, 55.943436, 55.825371>
	pigment { color rgbt <0,1,1,0> }
	no_shadow
}
cylinder {
	<48.098606, 55.887928, 55.610809>,  <47.723816, 55.592896, 56.153214>, 0.130000
	pigment { color rgbt <1,0,0,0> }
	no_shadow
}

// nucleotide -1

// particle -1
sphere {
	<48.098606, 55.887928, 55.610809> 0.250000
	pigment { color rgbt <1,0,0,0> }
	no_shadow
}
cylinder {
	<47.761234, 56.088161, 55.688828>,  <47.558811, 56.208302, 55.735638>, 0.100000
	pigment { color rgbt <1,0,0,0> }
	no_shadow
}
cylinder {
	<47.761234, 56.088161, 55.688828>,  <48.098606, 55.887928, 55.610809>, 0.100000
	pigment { color rgbt <1,0,0,0> }
	no_shadow
}

// particle -1
sphere {
	<47.761234, 56.088161, 55.688828> 0.100000
	pigment { color rgbt <1,0,0,0> }
	no_shadow
}
sphere {
	0, 1
	scale<0.080000,0.200000,0.300000>
	matrix <0.480004, 0.865219, -0.144889,
		-0.241289, -0.028579, -0.970032,
		-0.843431, 0.500579, 0.195050,
		47.508205, 56.238335, 55.747341>
	pigment { color rgbt <0,1,1,0> }
	no_shadow
}
cylinder {
	<47.825649, 56.364548, 55.079365>,  <48.098606, 55.887928, 55.610809>, 0.130000
	pigment { color rgbt <1,0,0,0> }
	no_shadow
}

// nucleotide -1

// particle -1
sphere {
	<47.825649, 56.364548, 55.079365> 0.250000
	pigment { color rgbt <1,0,0,0> }
	no_shadow
}
cylinder {
	<47.804462, 56.497639, 55.455978>,  <47.791748, 56.577496, 55.681946>, 0.100000
	pigment { color rgbt <1,0,0,0> }
	no_shadow
}
cylinder {
	<47.804462, 56.497639, 55.455978>,  <47.825649, 56.364548, 55.079365>, 0.100000
	pigment { color rgbt <1,0,0,0> }
	no_shadow
}

// particle -1
sphere {
	<47.804462, 56.497639, 55.455978> 0.100000
	pigment { color rgbt <1,0,0,0> }
	no_shadow
}
sphere {
	0, 1
	scale<0.080000,0.200000,0.300000>
	matrix <0.634430, 0.739332, -0.225581,
		-0.771163, 0.585388, -0.250257,
		-0.052971, 0.332730, 0.941533,
		47.788570, 56.597458, 55.738438>
	pigment { color rgbt <0,1,1,0> }
	no_shadow
}
cylinder {
	<47.564579, 57.163055, 55.138683>,  <47.825649, 56.364548, 55.079365>, 0.130000
	pigment { color rgbt <1,0,0,0> }
	no_shadow
}

// nucleotide -1

// particle -1
sphere {
	<47.564579, 57.163055, 55.138683> 0.250000
	pigment { color rgbt <1,0,0,0> }
	no_shadow
}
cylinder {
	<47.814785, 57.035767, 55.423630>,  <47.964909, 56.959393, 55.594597>, 0.100000
	pigment { color rgbt <1,0,0,0> }
	no_shadow
}
cylinder {
	<47.814785, 57.035767, 55.423630>,  <47.564579, 57.163055, 55.138683>, 0.100000
	pigment { color rgbt <1,0,0,0> }
	no_shadow
}

// particle -1
sphere {
	<47.814785, 57.035767, 55.423630> 0.100000
	pigment { color rgbt <1,0,0,0> }
	no_shadow
}
sphere {
	0, 1
	scale<0.080000,0.200000,0.300000>
	matrix <0.629877, 0.744773, -0.220381,
		-0.460420, 0.586554, 0.666309,
		0.625515, -0.318224, 0.712366,
		48.002438, 56.940300, 55.637341>
	pigment { color rgbt <0,1,1,0> }
	no_shadow
}
cylinder {
	<47.997723, 57.790939, 55.354416>,  <47.564579, 57.163055, 55.138683>, 0.130000
	pigment { color rgbt <1,0,0,0> }
	no_shadow
}

// nucleotide -1

// particle -1
sphere {
	<47.997723, 57.790939, 55.354416> 0.250000
	pigment { color rgbt <1,0,0,0> }
	no_shadow
}
cylinder {
	<48.196579, 57.458408, 55.453812>,  <48.315895, 57.258892, 55.513451>, 0.100000
	pigment { color rgbt <1,0,0,0> }
	no_shadow
}
cylinder {
	<48.196579, 57.458408, 55.453812>,  <47.997723, 57.790939, 55.354416>, 0.100000
	pigment { color rgbt <1,0,0,0> }
	no_shadow
}

// particle -1
sphere {
	<48.196579, 57.458408, 55.453812> 0.100000
	pigment { color rgbt <1,0,0,0> }
	no_shadow
}
sphere {
	0, 1
	scale<0.080000,0.200000,0.300000>
	matrix <0.866499, 0.490544, -0.092449,
		-0.045041, 0.261279, 0.964212,
		0.497143, -0.831324, 0.248492,
		48.345722, 57.209011, 55.528358>
	pigment { color rgbt <0,1,1,0> }
	no_shadow
}
cylinder {
	<48.578995, 57.976704, 55.737518>,  <47.997723, 57.790939, 55.354416>, 0.130000
	pigment { color rgbt <1,0,0,0> }
	no_shadow
}

// nucleotide -1

// particle -1
sphere {
	<48.578995, 57.976704, 55.737518> 0.250000
	pigment { color rgbt <1,0,0,0> }
	no_shadow
}
cylinder {
	<48.661324, 57.614010, 55.590294>,  <48.710720, 57.396393, 55.501961>, 0.100000
	pigment { color rgbt <1,0,0,0> }
	no_shadow
}
cylinder {
	<48.661324, 57.614010, 55.590294>,  <48.578995, 57.976704, 55.737518>, 0.100000
	pigment { color rgbt <1,0,0,0> }
	no_shadow
}

// particle -1
sphere {
	<48.661324, 57.614010, 55.590294> 0.100000
	pigment { color rgbt <1,0,0,0> }
	no_shadow
}
sphere {
	0, 1
	scale<0.080000,0.200000,0.300000>
	matrix <0.852090, 0.351014, -0.388241,
		0.481225, -0.233708, 0.844869,
		0.205825, -0.906736, -0.368057,
		48.723072, 57.341988, 55.479877>
	pigment { color rgbt <0,1,1,0> }
	no_shadow
}
cylinder {
	<49.279366, 57.690613, 56.053867>,  <48.578995, 57.976704, 55.737518>, 0.130000
	pigment { color rgbt <1,0,0,0> }
	no_shadow
}

// nucleotide -1

// particle -1
sphere {
	<49.279366, 57.690613, 56.053867> 0.250000
	pigment { color rgbt <1,0,0,0> }
	no_shadow
}
cylinder {
	<49.203876, 57.599815, 55.671692>,  <49.158581, 57.545338, 55.442387>, 0.100000
	pigment { color rgbt <1,0,0,0> }
	no_shadow
}
cylinder {
	<49.203876, 57.599815, 55.671692>,  <49.279366, 57.690613, 56.053867>, 0.100000
	pigment { color rgbt <1,0,0,0> }
	no_shadow
}

// particle -1
sphere {
	<49.203876, 57.599815, 55.671692> 0.100000
	pigment { color rgbt <1,0,0,0> }
	no_shadow
}
sphere {
	0, 1
	scale<0.080000,0.200000,0.300000>
	matrix <0.842261, 0.462853, -0.276338,
		0.504954, -0.856878, 0.103836,
		-0.188727, -0.226995, -0.955435,
		49.147259, 57.531715, 55.385063>
	pigment { color rgbt <0,1,1,0> }
	no_shadow
}
cylinder {
	<49.804844, 57.247379, 55.787510>,  <49.279366, 57.690613, 56.053867>, 0.130000
	pigment { color rgbt <1,0,0,0> }
	no_shadow
}

// nucleotide -1

// particle -1
sphere {
	<49.804844, 57.247379, 55.787510> 0.250000
	pigment { color rgbt <1,0,0,0> }
	no_shadow
}
cylinder {
	<49.654438, 57.521778, 55.538345>,  <49.564194, 57.686417, 55.388847>, 0.100000
	pigment { color rgbt <1,0,0,0> }
	no_shadow
}
cylinder {
	<49.654438, 57.521778, 55.538345>,  <49.804844, 57.247379, 55.787510>, 0.100000
	pigment { color rgbt <1,0,0,0> }
	no_shadow
}

// particle -1
sphere {
	<49.654438, 57.521778, 55.538345> 0.100000
	pigment { color rgbt <1,0,0,0> }
	no_shadow
}
sphere {
	0, 1
	scale<0.080000,0.200000,0.300000>
	matrix <0.921461, 0.347618, -0.173409,
		0.097579, -0.639196, -0.762828,
		-0.376015, 0.685995, -0.622915,
		49.541634, 57.727577, 55.351471>
	pigment { color rgbt <0,1,1,0> }
	no_shadow
}
cylinder {
	<50.075672, 57.146423, 55.054310>,  <49.804844, 57.247379, 55.787510>, 0.130000
	pigment { color rgbt <1,0,0,0> }
	no_shadow
}

// nucleotide -1

// particle -1
sphere {
	<50.075672, 57.146423, 55.054310> 0.250000
	pigment { color rgbt <1,0,0,0> }
	no_shadow
}
cylinder {
	<50.017441, 57.531544, 55.145370>,  <49.982502, 57.762615, 55.200008>, 0.100000
	pigment { color rgbt <1,0,0,0> }
	no_shadow
}
cylinder {
	<50.017441, 57.531544, 55.145370>,  <50.075672, 57.146423, 55.054310>, 0.100000
	pigment { color rgbt <1,0,0,0> }
	no_shadow
}

// particle -1
sphere {
	<50.017441, 57.531544, 55.145370> 0.100000
	pigment { color rgbt <1,0,0,0> }
	no_shadow
}
sphere {
	0, 1
	scale<0.080000,0.200000,0.300000>
	matrix <0.972077, 0.182005, -0.148122,
		-0.184046, 0.199736, -0.962410,
		-0.145578, 0.962798, 0.227656,
		49.973766, 57.820385, 55.213669>
	pigment { color rgbt <0,1,1,0> }
	no_shadow
}
cylinder {
	<50.316246, 57.512024, 54.546253>,  <50.075672, 57.146423, 55.054310>, 0.130000
	pigment { color rgbt <1,0,0,0> }
	no_shadow
}

// nucleotide -1

// particle -1
sphere {
	<50.316246, 57.512024, 54.546253> 0.250000
	pigment { color rgbt <1,0,0,0> }
	no_shadow
}
cylinder {
	<50.334530, 57.712421, 54.891953>,  <50.345501, 57.832661, 55.099373>, 0.100000
	pigment { color rgbt <1,0,0,0> }
	no_shadow
}
cylinder {
	<50.334530, 57.712421, 54.891953>,  <50.316246, 57.512024, 54.546253>, 0.100000
	pigment { color rgbt <1,0,0,0> }
	no_shadow
}

// particle -1
sphere {
	<50.334530, 57.712421, 54.891953> 0.100000
	pigment { color rgbt <1,0,0,0> }
	no_shadow
}
sphere {
	0, 1
	scale<0.080000,0.200000,0.300000>
	matrix <0.980055, 0.145000, -0.135892,
		-0.193396, 0.853219, -0.484371,
		0.045712, 0.500992, 0.864244,
		50.348244, 57.862720, 55.151226>
	pigment { color rgbt <0,1,1,0> }
	no_shadow
}
cylinder {
	<50.509922, 58.223244, 54.477440>,  <50.316246, 57.512024, 54.546253>, 0.130000
	pigment { color rgbt <1,0,0,0> }
	no_shadow
}

// nucleotide -1

// particle -1
sphere {
	<50.509922, 58.223244, 54.477440> 0.250000
	pigment { color rgbt <1,0,0,0> }
	no_shadow
}
cylinder {
	<50.616730, 58.040092, 54.816628>,  <50.680817, 57.930202, 55.020138>, 0.100000
	pigment { color rgbt <1,0,0,0> }
	no_shadow
}
cylinder {
	<50.616730, 58.040092, 54.816628>,  <50.509922, 58.223244, 54.477440>, 0.100000
	pigment { color rgbt <1,0,0,0> }
	no_shadow
}

// particle -1
sphere {
	<50.616730, 58.040092, 54.816628> 0.100000
	pigment { color rgbt <1,0,0,0> }
	no_shadow
}
sphere {
	0, 1
	scale<0.080000,0.200000,0.300000>
	matrix <0.960322, 0.052914, -0.273829,
		0.080511, 0.887440, 0.453838,
		0.267021, -0.457877, 0.847967,
		50.696835, 57.902729, 55.071018>
	pigment { color rgbt <0,1,1,0> }
	no_shadow
}
cylinder {
	<51.133282, 58.575554, 54.718018>,  <50.509922, 58.223244, 54.477440>, 0.130000
	pigment { color rgbt <1,0,0,0> }
	no_shadow
}

// nucleotide -1

// particle -1
sphere {
	<51.133282, 58.575554, 54.718018> 0.250000
	pigment { color rgbt <1,0,0,0> }
	no_shadow
}
cylinder {
	<51.109100, 58.199776, 54.852951>,  <51.094589, 57.974308, 54.933910>, 0.100000
	pigment { color rgbt <1,0,0,0> }
	no_shadow
}
cylinder {
	<51.109100, 58.199776, 54.852951>,  <51.133282, 58.575554, 54.718018>, 0.100000
	pigment { color rgbt <1,0,0,0> }
	no_shadow
}

// particle -1
sphere {
	<51.109100, 58.199776, 54.852951> 0.100000
	pigment { color rgbt <1,0,0,0> }
	no_shadow
}
sphere {
	0, 1
	scale<0.080000,0.200000,0.300000>
	matrix <0.971798, -0.132567, -0.195024,
		0.227933, 0.316028, 0.920963,
		-0.060457, -0.939442, 0.337332,
		51.090961, 57.917942, 54.954151>
	pigment { color rgbt <0,1,1,0> }
	no_shadow
}
cylinder {
	<51.699036, 58.547546, 55.152779>,  <51.133282, 58.575554, 54.718018>, 0.130000
	pigment { color rgbt <1,0,0,0> }
	no_shadow
}

// nucleotide -1

// particle -1
sphere {
	<51.699036, 58.547546, 55.152779> 0.250000
	pigment { color rgbt <1,0,0,0> }
	no_shadow
}
cylinder {
	<51.593788, 58.175461, 55.050423>,  <51.530640, 57.952209, 54.989010>, 0.100000
	pigment { color rgbt <1,0,0,0> }
	no_shadow
}
cylinder {
	<51.593788, 58.175461, 55.050423>,  <51.699036, 58.547546, 55.152779>, 0.100000
	pigment { color rgbt <1,0,0,0> }
	no_shadow
}

// particle -1
sphere {
	<51.593788, 58.175461, 55.050423> 0.100000
	pigment { color rgbt <1,0,0,0> }
	no_shadow
}
sphere {
	0, 1
	scale<0.080000,0.200000,0.300000>
	matrix <0.964631, -0.258071, -0.053727,
		-0.016059, -0.260971, 0.965213,
		-0.263115, -0.930211, -0.255886,
		51.514854, 57.896397, 54.973656>
	pigment { color rgbt <0,1,1,0> }
	no_shadow
}
cylinder {
	<52.039703, 58.105030, 55.599583>,  <51.699036, 58.547546, 55.152779>, 0.130000
	pigment { color rgbt <1,0,0,0> }
	no_shadow
}

// nucleotide -1

// particle -1
sphere {
	<52.039703, 58.105030, 55.599583> 0.250000
	pigment { color rgbt <1,0,0,0> }
	no_shadow
}
cylinder {
	<51.947418, 57.956127, 55.239983>,  <51.892048, 57.866787, 55.024223>, 0.100000
	pigment { color rgbt <1,0,0,0> }
	no_shadow
}
cylinder {
	<51.947418, 57.956127, 55.239983>,  <52.039703, 58.105030, 55.599583>, 0.100000
	pigment { color rgbt <1,0,0,0> }
	no_shadow
}

// particle -1
sphere {
	<51.947418, 57.956127, 55.239983> 0.100000
	pigment { color rgbt <1,0,0,0> }
	no_shadow
}
sphere {
	0, 1
	scale<0.080000,0.200000,0.300000>
	matrix <0.968553, -0.176302, -0.175563,
		-0.093140, -0.911232, 0.401225,
		-0.230715, -0.372256, -0.898997,
		51.878204, 57.844452, 54.970284>
	pigment { color rgbt <0,1,1,0> }
	no_shadow
}
cylinder {
	<52.358116, 57.405907, 55.498199>,  <52.039703, 58.105030, 55.599583>, 0.130000
	pigment { color rgbt <1,0,0,0> }
	no_shadow
}

// nucleotide -1

// particle -1
sphere {
	<52.358116, 57.405907, 55.498199> 0.250000
	pigment { color rgbt <1,0,0,0> }
	no_shadow
}
cylinder {
	<52.323227, 57.624741, 55.165192>,  <52.302292, 57.756042, 54.965385>, 0.100000
	pigment { color rgbt <1,0,0,0> }
	no_shadow
}
cylinder {
	<52.323227, 57.624741, 55.165192>,  <52.358116, 57.405907, 55.498199>, 0.100000
	pigment { color rgbt <1,0,0,0> }
	no_shadow
}

// particle -1
sphere {
	<52.323227, 57.624741, 55.165192> 0.100000
	pigment { color rgbt <1,0,0,0> }
	no_shadow
}
sphere {
	0, 1
	scale<0.080000,0.200000,0.300000>
	matrix <0.995193, 0.010500, -0.097367,
		-0.044527, -0.837010, -0.545373,
		-0.087223, 0.547087, -0.832519,
		52.297062, 57.788868, 54.915436>
	pigment { color rgbt <0,1,1,0> }
	no_shadow
}
cylinder {
	<52.811947, 57.213806, 54.952122>,  <52.358116, 57.405907, 55.498199>, 0.130000
	pigment { color rgbt <1,0,0,0> }
	no_shadow
}

// nucleotide -1

// particle -1
sphere {
	<52.811947, 57.213806, 54.952122> 0.250000
	pigment { color rgbt <1,0,0,0> }
	no_shadow
}
cylinder {
	<52.744656, 57.596779, 54.858299>,  <52.704281, 57.826565, 54.802006>, 0.100000
	pigment { color rgbt <1,0,0,0> }
	no_shadow
}
cylinder {
	<52.744656, 57.596779, 54.858299>,  <52.811947, 57.213806, 54.952122>, 0.100000
	pigment { color rgbt <1,0,0,0> }
	no_shadow
}

// particle -1
sphere {
	<52.744656, 57.596779, 54.858299> 0.100000
	pigment { color rgbt <1,0,0,0> }
	no_shadow
}
sphere {
	0, 1
	scale<0.080000,0.200000,0.300000>
	matrix <0.967060, 0.114190, -0.227499,
		-0.191032, -0.265100, -0.945108,
