// switches for output
#declare DRAW_BASES = 1; // possible values are 0, 1; only relevant for DNA ribbons
#declare DRAW_BASES_TYPE = 3; // possible values are 1, 2, 3; only relevant for DNA ribbons
#declare DRAW_FOG = 0; // set to 1 to enable fog

#include "colors.inc"

#include "transforms.inc"
background { rgb <1, 1, 1>}

#default {
   normal{
       ripples 0.25
       frequency 0.20
       turbulence 0.2
       lambda 5
   }
	finish {
		phong 0.1
		phong_size 40.
	}
}

// original window dimensions: 1024x640


// camera settings

camera {
	sky <-0, 1, 0>
	up <-0, 1, 0>
	right 1.6 * <0.99995, 0, 0.00999983>
	location <54.4867, 55, 106.329>
	look_at <55, 55, 55.0001>
	direction <0.513302, 0, -51.3289>
	angle 67.0682
}


# declare cpy_camera_pos = <54.4867, 55, 106.329>;
# if (DRAW_FOG = 1)
fog {
	fog_type 2
	up vnormalize(cpy_camera_pos)
	color rgbt<1,1,1,0.3>
	distance 1e-5
	fog_alt 3e-3
	fog_offset 88
}
# end


// LIGHTS

# declare lum = 6;
global_settings {
	ambient_light rgb lum * <0.05, 0.05, 0.05>
	max_trace_level 15
}# declare cpy_direct_light_amount = 0.25;
light_source
{	1000 * <-0.98995, -1, 1.00995>,
	rgb lum * cpy_direct_light_amount
	parallel
}

light_source
{	1000 * <0.98995, 1, -1.00995>,
	rgb lum * cpy_direct_light_amount
	parallel
}

// strand 0

// nucleotide -1

// particle -1
sphere {
	<36.207626, 53.159073, 50.666233> 0.250000
	pigment { color rgbt <1,0,0,0> }
	no_shadow
}
cylinder {
	<36.458710, 53.245960, 50.367222>,  <36.609360, 53.298092, 50.187817>, 0.100000
	pigment { color rgbt <1,0,0,0> }
	no_shadow
}
cylinder {
	<36.458710, 53.245960, 50.367222>,  <36.207626, 53.159073, 50.666233>, 0.100000
	pigment { color rgbt <1,0,0,0> }
	no_shadow
}

// particle -1
sphere {
	<36.458710, 53.245960, 50.367222> 0.100000
	pigment { color rgbt <1,0,0,0> }
	no_shadow
}
sphere {
	0, 1
	scale<0.080000,0.200000,0.300000>
	matrix <0.399667, 0.734123, 0.548935,
		0.668014, -0.643335, 0.374004,
		0.627714, 0.217219, -0.747524,
		36.647022, 53.311127, 50.142963>
	pigment { color rgbt <0,1,1,0> }
	no_shadow
}
cylinder {
	<36.847359, 53.229050, 50.862053>,  <36.207626, 53.159073, 50.666233>, 0.130000
	pigment { color rgbt <1,0,0,0> }
	no_shadow
}

// nucleotide -1

// particle -1
sphere {
	<36.847359, 53.229050, 50.862053> 0.250000
	pigment { color rgbt <1,0,0,0> }
	no_shadow
}
cylinder {
	<36.875973, 53.450207, 50.529984>,  <36.893139, 53.582901, 50.330742>, 0.100000
	pigment { color rgbt <1,0,0,0> }
	no_shadow
}
cylinder {
	<36.875973, 53.450207, 50.529984>,  <36.847359, 53.229050, 50.862053>, 0.100000
	pigment { color rgbt <1,0,0,0> }
	no_shadow
}

// particle -1
sphere {
	<36.875973, 53.450207, 50.529984> 0.100000
	pigment { color rgbt <1,0,0,0> }
	no_shadow
}
sphere {
	0, 1
	scale<0.080000,0.200000,0.300000>
	matrix <0.499207, 0.700722, 0.509687,
		0.863525, -0.450889, -0.225883,
		0.071531, 0.552890, -0.830178,
		36.897430, 53.616074, 50.280930>
	pigment { color rgbt <0,1,1,0> }
	no_shadow
}
cylinder {
	<37.586334, 53.418358, 50.560642>,  <36.847359, 53.229050, 50.862053>, 0.130000
	pigment { color rgbt <1,0,0,0> }
	no_shadow
}

// nucleotide -1

// particle -1
sphere {
	<37.586334, 53.418358, 50.560642> 0.250000
	pigment { color rgbt <1,0,0,0> }
	no_shadow
}
cylinder {
	<37.342327, 53.730801, 50.507351>,  <37.195923, 53.918266, 50.475376>, 0.100000
	pigment { color rgbt <1,0,0,0> }
	no_shadow
}
cylinder {
	<37.342327, 53.730801, 50.507351>,  <37.586334, 53.418358, 50.560642>, 0.100000
	pigment { color rgbt <1,0,0,0> }
	no_shadow
}

// particle -1
sphere {
	<37.342327, 53.730801, 50.507351> 0.100000
	pigment { color rgbt <1,0,0,0> }
	no_shadow
}
sphere {
	0, 1
	scale<0.080000,0.200000,0.300000>
	matrix <0.544725, 0.535489, 0.645389,
		0.575459, 0.321127, -0.752146,
		-0.610017, 0.781108, -0.133226,
		37.159321, 53.965134, 50.467384>
	pigment { color rgbt <0,1,1,0> }
	no_shadow
}
cylinder {
	<38.213928, 53.687790, 50.995598>,  <37.586334, 53.418358, 50.560642>, 0.130000
	pigment { color rgbt <1,0,0,0> }
	no_shadow
}

// nucleotide -1

// particle -1
sphere {
	<38.213928, 53.687790, 50.995598> 0.250000
	pigment { color rgbt <1,0,0,0> }
	no_shadow
}
cylinder {
	<38.421528, 53.357002, 51.082092>,  <38.546089, 53.158531, 51.133987>, 0.100000
	pigment { color rgbt <1,0,0,0> }
	no_shadow
}
cylinder {
	<38.421528, 53.357002, 51.082092>,  <38.213928, 53.687790, 50.995598>, 0.100000
	pigment { color rgbt <1,0,0,0> }
	no_shadow
}

// particle -1
sphere {
	<38.421528, 53.357002, 51.082092> 0.100000
	pigment { color rgbt <1,0,0,0> }
	no_shadow
}
sphere {
	0, 1
	scale<0.080000,0.200000,0.300000>
	matrix <0.323067, 0.423991, 0.846085,
		-0.791369, -0.369260, 0.487219,
		0.519002, -0.826970, 0.216237,
		38.577229, 53.108910, 51.146965>
	pigment { color rgbt <0,1,1,0> }
	no_shadow
}
cylinder {
	<37.835979, 54.373619, 51.060539>,  <38.213928, 53.687790, 50.995598>, 0.130000
	pigment { color rgbt <1,0,0,0> }
	no_shadow
}

// nucleotide -1

// particle -1
sphere {
	<37.835979, 54.373619, 51.060539> 0.250000
	pigment { color rgbt <1,0,0,0> }
	no_shadow
}
cylinder {
	<37.832745, 54.398186, 51.459770>,  <37.830803, 54.412926, 51.699310>, 0.100000
	pigment { color rgbt <1,0,0,0> }
	no_shadow
}
cylinder {
	<37.832745, 54.398186, 51.459770>,  <37.835979, 54.373619, 51.060539>, 0.100000
	pigment { color rgbt <1,0,0,0> }
	no_shadow
}

// particle -1
sphere {
	<37.832745, 54.398186, 51.459770> 0.100000
	pigment { color rgbt <1,0,0,0> }
	no_shadow
}
sphere {
	0, 1
	scale<0.080000,0.200000,0.300000>
	matrix <-0.574541, 0.816632, -0.054904,
		-0.818436, -0.573882, 0.028681,
		-0.008087, 0.061414, 0.998079,
		37.830318, 54.416611, 51.759193>
	pigment { color rgbt <0,1,1,0> }
	no_shadow
}
cylinder {
	<37.149246, 54.468456, 51.309883>,  <37.835979, 54.373619, 51.060539>, 0.130000
	pigment { color rgbt <1,0,0,0> }
	no_shadow
}

// nucleotide -1

// particle -1
sphere {
	<37.149246, 54.468456, 51.309883> 0.250000
	pigment { color rgbt <1,0,0,0> }
	no_shadow
}
cylinder {
	<37.420876, 54.619762, 51.561523>,  <37.583855, 54.710545, 51.712509>, 0.100000
	pigment { color rgbt <1,0,0,0> }
	no_shadow
}
cylinder {
	<37.420876, 54.619762, 51.561523>,  <37.149246, 54.468456, 51.309883>, 0.100000
	pigment { color rgbt <1,0,0,0> }
	no_shadow
}

// particle -1
sphere {
	<37.420876, 54.619762, 51.561523> 0.100000
	pigment { color rgbt <1,0,0,0> }
	no_shadow
}
sphere {
	0, 1
	scale<0.080000,0.200000,0.300000>
	matrix <-0.334665, 0.922298, -0.193304,
		-0.653340, -0.079270, 0.752903,
		0.679077, 0.378264, 0.629103,
		37.624599, 54.733242, 51.750256>
	pigment { color rgbt <0,1,1,0> }
	no_shadow
}
cylinder {
	<36.861931, 55.039410, 51.610119>,  <37.149246, 54.468456, 51.309883>, 0.130000
	pigment { color rgbt <1,0,0,0> }
	no_shadow
}

// nucleotide -1

// particle -1
sphere {
	<36.861931, 55.039410, 51.610119> 0.250000
	pigment { color rgbt <1,0,0,0> }
	no_shadow
}
cylinder {
	<37.251190, 55.087307, 51.688755>,  <37.484745, 55.116047, 51.735935>, 0.100000
	pigment { color rgbt <1,0,0,0> }
	no_shadow
}
cylinder {
	<37.251190, 55.087307, 51.688755>,  <36.861931, 55.039410, 51.610119>, 0.100000
	pigment { color rgbt <1,0,0,0> }
	no_shadow
}

// particle -1
sphere {
	<37.251190, 55.087307, 51.688755> 0.100000
	pigment { color rgbt <1,0,0,0> }
	no_shadow
}
sphere {
	0, 1
	scale<0.080000,0.200000,0.300000>
	matrix <-0.124078, 0.992224, 0.009821,
		-0.193885, -0.033950, 0.980437,
		0.973146, 0.119746, 0.196589,
		37.543133, 55.123230, 51.747730>
	pigment { color rgbt <0,1,1,0> }
	no_shadow
}
cylinder {
	<36.928398, 55.301075, 52.255203>,  <36.861931, 55.039410, 51.610119>, 0.130000
	pigment { color rgbt <1,0,0,0> }
	no_shadow
}

// nucleotide -1

// particle -1
sphere {
	<36.928398, 55.301075, 52.255203> 0.250000
	pigment { color rgbt <1,0,0,0> }
	no_shadow
}
cylinder {
	<37.246323, 55.412346, 52.039467>,  <37.437077, 55.479107, 51.910027>, 0.100000
	pigment { color rgbt <1,0,0,0> }
	no_shadow
}
cylinder {
	<37.246323, 55.412346, 52.039467>,  <36.928398, 55.301075, 52.255203>, 0.100000
	pigment { color rgbt <1,0,0,0> }
	no_shadow
}

// particle -1
sphere {
	<37.246323, 55.412346, 52.039467> 0.100000
	pigment { color rgbt <1,0,0,0> }
	no_shadow
}
sphere {
	0, 1
	scale<0.080000,0.200000,0.300000>
	matrix <-0.234028, 0.960507, 0.150525,
		0.559910, 0.006580, 0.828527,
		0.794816, 0.278179, -0.539337,
		37.484768, 55.495800, 51.877666>
	pigment { color rgbt <0,1,1,0> }
	no_shadow
}
cylinder {
	<37.528877, 55.746857, 52.621407>,  <36.928398, 55.301075, 52.255203>, 0.130000
	pigment { color rgbt <1,0,0,0> }
	no_shadow
}

// nucleotide -1

// particle -1
sphere {
	<37.528877, 55.746857, 52.621407> 0.250000
	pigment { color rgbt <1,0,0,0> }
	no_shadow
}
cylinder {
	<37.493080, 55.855675, 52.238159>,  <37.471600, 55.920967, 52.008213>, 0.100000
	pigment { color rgbt <1,0,0,0> }
	no_shadow
}
cylinder {
	<37.493080, 55.855675, 52.238159>,  <37.528877, 55.746857, 52.621407>, 0.100000
	pigment { color rgbt <1,0,0,0> }
	no_shadow
}

// particle -1
sphere {
	<37.493080, 55.855675, 52.238159> 0.100000
	pigment { color rgbt <1,0,0,0> }
	no_shadow
}
sphere {
	0, 1
	scale<0.080000,0.200000,0.300000>
	matrix <-0.144670, 0.948222, 0.282749,
		0.985424, 0.163915, -0.045507,
		-0.089498, 0.272044, -0.958114,
		37.466232, 55.937286, 51.950726>
	pigment { color rgbt <0,1,1,0> }
	no_shadow
}
cylinder {
	<37.995819, 56.377529, 52.317951>,  <37.528877, 55.746857, 52.621407>, 0.130000
	pigment { color rgbt <1,0,0,0> }
	no_shadow
}

// nucleotide -1

// particle -1
sphere {
	<37.995819, 56.377529, 52.317951> 0.250000
	pigment { color rgbt <1,0,0,0> }
	no_shadow
}
cylinder {
	<37.643417, 56.338318, 52.132812>,  <37.431976, 56.314793, 52.021729>, 0.100000
	pigment { color rgbt <1,0,0,0> }
	no_shadow
}
cylinder {
	<37.643417, 56.338318, 52.132812>,  <37.995819, 56.377529, 52.317951>, 0.100000
	pigment { color rgbt <1,0,0,0> }
	no_shadow
}

// particle -1
sphere {
	<37.643417, 56.338318, 52.132812> 0.100000
	pigment { color rgbt <1,0,0,0> }
	no_shadow
}
sphere {
	0, 1
	scale<0.080000,0.200000,0.300000>
	matrix <-0.242720, 0.933393, 0.264319,
		0.406106, 0.345208, -0.846114,
		-0.881002, -0.098027, -0.462846,
		37.379116, 56.308910, 51.993958>
	pigment { color rgbt <0,1,1,0> }
	no_shadow
}
cylinder {
	<38.307331, 56.862778, 52.782196>,  <37.995819, 56.377529, 52.317951>, 0.130000
	pigment { color rgbt <1,0,0,0> }
	no_shadow
}

// nucleotide -1

// particle -1
sphere {
	<38.307331, 56.862778, 52.782196> 0.250000
	pigment { color rgbt <1,0,0,0> }
	no_shadow
}
cylinder {
	<38.496853, 56.857044, 52.429993>,  <38.610565, 56.853603, 52.218670>, 0.100000
	pigment { color rgbt <1,0,0,0> }
	no_shadow
}
cylinder {
	<38.496853, 56.857044, 52.429993>,  <38.307331, 56.862778, 52.782196>, 0.100000
	pigment { color rgbt <1,0,0,0> }
	no_shadow
}

// particle -1
sphere {
	<38.496853, 56.857044, 52.429993> 0.100000
	pigment { color rgbt <1,0,0,0> }
	no_shadow
}
sphere {
	0, 1
	scale<0.080000,0.200000,0.300000>
	matrix <0.876299, -0.091356, 0.473027,
		-0.087224, -0.995715, -0.030718,
		0.473807, -0.014341, -0.880512,
		38.638996, 56.852741, 52.165840>
	pigment { color rgbt <0,1,1,0> }
	no_shadow
}
cylinder {
	<38.745617, 56.381790, 52.740383>,  <38.307331, 56.862778, 52.782196>, 0.130000
	pigment { color rgbt <1,0,0,0> }
	no_shadow
}

// nucleotide -1

// particle -1
sphere {
	<38.745617, 56.381790, 52.740383> 0.250000
	pigment { color rgbt <1,0,0,0> }
	no_shadow
}
cylinder {
	<38.881439, 56.657955, 52.484871>,  <38.962933, 56.823654, 52.331566>, 0.100000
	pigment { color rgbt <1,0,0,0> }
	no_shadow
}
cylinder {
	<38.881439, 56.657955, 52.484871>,  <38.745617, 56.381790, 52.740383>, 0.100000
	pigment { color rgbt <1,0,0,0> }
	no_shadow
}

// particle -1
sphere {
	<38.881439, 56.657955, 52.484871> 0.100000
	pigment { color rgbt <1,0,0,0> }
	no_shadow
}
sphere {
	0, 1
	scale<0.080000,0.200000,0.300000>
	matrix <0.895709, -0.030086, 0.443621,
		0.287061, -0.722794, -0.628621,
		0.339559, 0.690408, -0.638777,
		38.983307, 56.865078, 52.293240>
	pigment { color rgbt <0,1,1,0> }
	no_shadow
}
cylinder {
	<39.042099, 55.817532, 53.295170>,  <38.745617, 56.381790, 52.740383>, 0.130000
	pigment { color rgbt <1,0,0,0> }
	no_shadow
}

// nucleotide -1

// particle -1
sphere {
	<39.042099, 55.817532, 53.295170> 0.250000
	pigment { color rgbt <1,0,0,0> }
	no_shadow
}
cylinder {
	<39.108208, 55.461441, 53.125378>,  <39.147873, 55.247787, 53.023502>, 0.100000
	pigment { color rgbt <1,0,0,0> }
	no_shadow
}
cylinder {
	<39.108208, 55.461441, 53.125378>,  <39.042099, 55.817532, 53.295170>, 0.100000
	pigment { color rgbt <1,0,0,0> }
	no_shadow
}

// particle -1
sphere {
	<39.108208, 55.461441, 53.125378> 0.100000
	pigment { color rgbt <1,0,0,0> }
	no_shadow
}
sphere {
	0, 1
	scale<0.080000,0.200000,0.300000>
	matrix <0.857723, 0.342190, -0.383689,
		0.486822, -0.300670, 0.820123,
		0.165274, -0.890227, -0.424478,
		39.157791, 55.194374, 52.998035>
	pigment { color rgbt <0,1,1,0> }
	no_shadow
}
cylinder {
	<39.184139, 56.401009, 53.817181>,  <39.042099, 55.817532, 53.295170>, 0.130000
	pigment { color rgbt <1,0,0,0> }
	no_shadow
}

// nucleotide -1

// particle -1
sphere {
	<39.184139, 56.401009, 53.817181> 0.250000
	pigment { color rgbt <1,0,0,0> }
	no_shadow
}
cylinder {
	<39.302155, 56.509483, 53.450703>,  <39.372963, 56.574566, 53.230816>, 0.100000
	pigment { color rgbt <1,0,0,0> }
	no_shadow
}
cylinder {
	<39.302155, 56.509483, 53.450703>,  <39.184139, 56.401009, 53.817181>, 0.100000
	pigment { color rgbt <1,0,0,0> }
	no_shadow
}

// particle -1
sphere {
	<39.302155, 56.509483, 53.450703> 0.100000
	pigment { color rgbt <1,0,0,0> }
	no_shadow
}
sphere {
	0, 1
	scale<0.080000,0.200000,0.300000>
	matrix <0.568211, 0.721103, 0.396416,
		0.768173, -0.637549, 0.058661,
		0.295035, 0.271184, -0.916195,
		39.390667, 56.590839, 53.175842>
	pigment { color rgbt <0,1,1,0> }
	no_shadow
}
cylinder {
	<39.965317, 56.343517, 53.742569>,  <39.184139, 56.401009, 53.817181>, 0.130000
	pigment { color rgbt <1,0,0,0> }
	no_shadow
}

// nucleotide -1

// particle -1
sphere {
	<39.965317, 56.343517, 53.742569> 0.250000
	pigment { color rgbt <1,0,0,0> }
	no_shadow
}
cylinder {
	<39.826439, 56.656918, 53.536430>,  <39.743114, 56.844959, 53.412746>, 0.100000
	pigment { color rgbt <1,0,0,0> }
	no_shadow
}
cylinder {
	<39.826439, 56.656918, 53.536430>,  <39.965317, 56.343517, 53.742569>, 0.100000
	pigment { color rgbt <1,0,0,0> }
	no_shadow
}

// particle -1
sphere {
	<39.826439, 56.656918, 53.536430> 0.100000
	pigment { color rgbt <1,0,0,0> }
	no_shadow
}
sphere {
	0, 1
	scale<0.080000,0.200000,0.300000>
	matrix <0.639345, 0.599782, 0.481143,
		0.686073, -0.162436, -0.709168,
		-0.347191, 0.783502, -0.515347,
		39.722282, 56.891968, 53.381824>
	pigment { color rgbt <0,1,1,0> }
	no_shadow
}
cylinder {
	<40.451958, 56.777149, 53.265316>,  <39.965317, 56.343517, 53.742569>, 0.130000
	pigment { color rgbt <1,0,0,0> }
	no_shadow
}

// nucleotide -1

// particle -1
sphere {
	<40.451958, 56.777149, 53.265316> 0.250000
	pigment { color rgbt <1,0,0,0> }
	no_shadow
}
cylinder {
	<40.146786, 56.977398, 53.428932>,  <39.963680, 57.097546, 53.527103>, 0.100000
	pigment { color rgbt <1,0,0,0> }
	no_shadow
}
cylinder {
	<40.146786, 56.977398, 53.428932>,  <40.451958, 56.777149, 53.265316>, 0.100000
	pigment { color rgbt <1,0,0,0> }
	no_shadow
}

// particle -1
sphere {
	<40.146786, 56.977398, 53.428932> 0.100000
	pigment { color rgbt <1,0,0,0> }
	no_shadow
}
sphere {
	0, 1
	scale<0.080000,0.200000,0.300000>
	matrix <0.643995, 0.643937, 0.413055,
		-0.056616, 0.578555, -0.813676,
		-0.762932, 0.500618, 0.409044,
		39.917908, 57.127583, 53.551647>
	pigment { color rgbt <0,1,1,0> }
	no_shadow
}
cylinder {
	<40.392841, 57.507507, 53.182735>,  <40.451958, 56.777149, 53.265316>, 0.130000
	pigment { color rgbt <1,0,0,0> }
	no_shadow
}

// nucleotide -1

// particle -1
sphere {
	<40.392841, 57.507507, 53.182735> 0.250000
	pigment { color rgbt <1,0,0,0> }
	no_shadow
}
cylinder {
	<40.163044, 57.459923, 53.506660>,  <40.025166, 57.431374, 53.701015>, 0.100000
	pigment { color rgbt <1,0,0,0> }
	no_shadow
}
cylinder {
	<40.163044, 57.459923, 53.506660>,  <40.392841, 57.507507, 53.182735>, 0.100000
	pigment { color rgbt <1,0,0,0> }
	no_shadow
}

// particle -1
sphere {
	<40.163044, 57.459923, 53.506660> 0.100000
	pigment { color rgbt <1,0,0,0> }
	no_shadow
}
sphere {
	0, 1
	scale<0.080000,0.200000,0.300000>
	matrix <0.501575, 0.730689, 0.463159,
		-0.646821, 0.672267, -0.360111,
		-0.574495, -0.118959, 0.809817,
		39.990696, 57.424236, 53.749607>
	pigment { color rgbt <0,1,1,0> }
	no_shadow
}
cylinder {
	<40.277485, 58.166309, 53.343334>,  <40.392841, 57.507507, 53.182735>, 0.130000
	pigment { color rgbt <1,0,0,0> }
	no_shadow
}

// nucleotide -1

// particle -1
sphere {
	<40.277485, 58.166309, 53.343334> 0.250000
	pigment { color rgbt <1,0,0,0> }
	no_shadow
}
cylinder {
	<40.238701, 57.945290, 53.674461>,  <40.215431, 57.812675, 53.873138>, 0.100000
	pigment { color rgbt <1,0,0,0> }
	no_shadow
}
cylinder {
	<40.238701, 57.945290, 53.674461>,  <40.277485, 58.166309, 53.343334>, 0.100000
	pigment { color rgbt <1,0,0,0> }
	no_shadow
}

// particle -1
sphere {
	<40.238701, 57.945290, 53.674461> 0.100000
	pigment { color rgbt <1,0,0,0> }
	no_shadow
}
sphere {
	0, 1
	scale<0.080000,0.200000,0.300000>
	matrix <0.610941, 0.623560, 0.487775,
		-0.785716, 0.553045, 0.277114,
		-0.096964, -0.552553, 0.827818,
		40.209610, 57.779522, 53.922806>
	pigment { color rgbt <0,1,1,0> }
	no_shadow
}
cylinder {
	<40.118706, 58.533875, 53.964657>,  <40.277485, 58.166309, 53.343334>, 0.130000
	pigment { color rgbt <1,0,0,0> }
	no_shadow
}

// nucleotide -1

// particle -1
sphere {
	<40.118706, 58.533875, 53.964657> 0.250000
	pigment { color rgbt <1,0,0,0> }
	no_shadow
}
cylinder {
	<40.301105, 58.225647, 54.142776>,  <40.410545, 58.040710, 54.249649>, 0.100000
	pigment { color rgbt <1,0,0,0> }
	no_shadow
}
cylinder {
	<40.301105, 58.225647, 54.142776>,  <40.118706, 58.533875, 53.964657>, 0.100000
	pigment { color rgbt <1,0,0,0> }
	no_shadow
}

// particle -1
sphere {
	<40.301105, 58.225647, 54.142776> 0.100000
	pigment { color rgbt <1,0,0,0> }
	no_shadow
}
sphere {
	0, 1
	scale<0.080000,0.200000,0.300000>
	matrix <0.734594, 0.608349, 0.300471,
		-0.502428, 0.190096, 0.843463,
		0.456002, -0.770568, 0.445295,
		40.437904, 57.994476, 54.276363>
	pigment { color rgbt <0,1,1,0> }
	no_shadow
}
cylinder {
	<40.271782, 58.615803, 54.756123>,  <40.118706, 58.533875, 53.964657>, 0.130000
	pigment { color rgbt <1,0,0,0> }
	no_shadow
}

// nucleotide -1

// particle -1
sphere {
	<40.271782, 58.615803, 54.756123> 0.250000
	pigment { color rgbt <1,0,0,0> }
	no_shadow
}
cylinder {
	<40.551373, 58.416897, 54.550537>,  <40.719128, 58.297554, 54.427185>, 0.100000
	pigment { color rgbt <1,0,0,0> }
	no_shadow
}
cylinder {
	<40.551373, 58.416897, 54.550537>,  <40.271782, 58.615803, 54.756123>, 0.100000
	pigment { color rgbt <1,0,0,0> }
	no_shadow
}

// particle -1
sphere {
	<40.551373, 58.416897, 54.550537> 0.100000
	pigment { color rgbt <1,0,0,0> }
	no_shadow
}
sphere {
	0, 1
	scale<0.080000,0.200000,0.300000>
	matrix <0.704994, 0.599780, 0.378481,
		0.120056, -0.626889, 0.769804,
		0.698978, -0.497268, -0.513960,
		40.761066, 58.267715, 54.396351>
	pigment { color rgbt <0,1,1,0> }
	no_shadow
}
cylinder {
	<40.834286, 58.727921, 55.049603>,  <40.271782, 58.615803, 54.756123>, 0.130000
	pigment { color rgbt <1,0,0,0> }
	no_shadow
}

// nucleotide -1

// particle -1
sphere {
	<40.834286, 58.727921, 55.049603> 0.250000
	pigment { color rgbt <1,0,0,0> }
	no_shadow
}
cylinder {
	<40.932915, 58.627991, 54.675053>,  <40.992092, 58.568031, 54.450325>, 0.100000
	pigment { color rgbt <1,0,0,0> }
	no_shadow
}
cylinder {
	<40.932915, 58.627991, 54.675053>,  <40.834286, 58.727921, 55.049603>, 0.100000
	pigment { color rgbt <1,0,0,0> }
	no_shadow
}

// particle -1
sphere {
	<40.932915, 58.627991, 54.675053> 0.100000
	pigment { color rgbt <1,0,0,0> }
	no_shadow
}
sphere {
	0, 1
	scale<0.080000,0.200000,0.300000>
	matrix <0.642433, 0.765538, -0.035079,
		0.725592, -0.592907, 0.349254,
		0.246569, -0.249826, -0.936371,
		41.006886, 58.553043, 54.394142>
	pigment { color rgbt <0,1,1,0> }
	no_shadow
}
cylinder {
	<41.613735, 58.827133, 55.040443>,  <40.834286, 58.727921, 55.049603>, 0.130000
	pigment { color rgbt <1,0,0,0> }
	no_shadow
}

// nucleotide -1

// particle -1
sphere {
	<41.613735, 58.827133, 55.040443> 0.250000
	pigment { color rgbt <1,0,0,0> }
	no_shadow
}
cylinder {
	<41.452225, 58.856377, 54.675671>,  <41.355320, 58.873924, 54.456806>, 0.100000
	pigment { color rgbt <1,0,0,0> }
	no_shadow
}
cylinder {
	<41.452225, 58.856377, 54.675671>,  <41.613735, 58.827133, 55.040443>, 0.100000
	pigment { color rgbt <1,0,0,0> }
	no_shadow
}

// particle -1
sphere {
	<41.452225, 58.856377, 54.675671> 0.100000
	pigment { color rgbt <1,0,0,0> }
	no_shadow
}
sphere {
	0, 1
	scale<0.080000,0.200000,0.300000>
	matrix <0.728130, 0.629181, -0.271952,
		0.553888, -0.773813, -0.307282,
		-0.403776, 0.073110, -0.911932,
		41.331093, 58.878311, 54.402092>
	pigment { color rgbt <0,1,1,0> }
	no_shadow
}
cylinder {
	<41.986256, 58.588310, 54.455517>,  <41.613735, 58.827133, 55.040443>, 0.130000
	pigment { color rgbt <1,0,0,0> }
	no_shadow
}

// nucleotide -1

// particle -1
sphere {
	<41.986256, 58.588310, 54.455517> 0.250000
	pigment { color rgbt <1,0,0,0> }
	no_shadow
}
cylinder {
	<41.754768, 58.907722, 54.389267>,  <41.615875, 59.099369, 54.349518>, 0.100000
	pigment { color rgbt <1,0,0,0> }
	no_shadow
}
cylinder {
	<41.754768, 58.907722, 54.389267>,  <41.986256, 58.588310, 54.455517>, 0.100000
	pigment { color rgbt <1,0,0,0> }
	no_shadow
}

// particle -1
sphere {
	<41.754768, 58.907722, 54.389267> 0.100000
	pigment { color rgbt <1,0,0,0> }
	no_shadow
}
sphere {
	0, 1
	scale<0.080000,0.200000,0.300000>
	matrix <0.814843, 0.557840, -0.157626,
		-0.033478, -0.226178, -0.973511,
		-0.578715, 0.798535, -0.165624,
		41.581154, 59.147282, 54.339581>
	pigment { color rgbt <0,1,1,0> }
	no_shadow
}
cylinder {
	<41.937588, 59.038216, 53.742348>,  <41.986256, 58.588310, 54.455517>, 0.130000
	pigment { color rgbt <1,0,0,0> }
	no_shadow
}

// nucleotide -1

// particle -1
sphere {
	<41.937588, 59.038216, 53.742348> 0.250000
	pigment { color rgbt <1,0,0,0> }
	no_shadow
}
cylinder {
	<41.892406, 59.216885, 54.097363>,  <41.865299, 59.324085, 54.310371>, 0.100000
	pigment { color rgbt <1,0,0,0> }
	no_shadow
}
cylinder {
	<41.892406, 59.216885, 54.097363>,  <41.937588, 59.038216, 53.742348>, 0.100000
	pigment { color rgbt <1,0,0,0> }
	no_shadow
}

// particle -1
sphere {
	<41.892406, 59.216885, 54.097363> 0.100000
	pigment { color rgbt <1,0,0,0> }
	no_shadow
}
sphere {
	0, 1
	scale<0.080000,0.200000,0.300000>
	matrix <0.926147, 0.370840, -0.068772,
		-0.359854, 0.814223, -0.455572,
		-0.112949, 0.446674, 0.887539,
		41.858521, 59.350887, 54.363625>
	pigment { color rgbt <0,1,1,0> }
	no_shadow
}
cylinder {
	<42.338844, 59.522854, 53.541412>,  <41.937588, 59.038216, 53.742348>, 0.130000
	pigment { color rgbt <1,0,0,0> }
	no_shadow
}

// nucleotide -1

// particle -1
sphere {
	<42.338844, 59.522854, 53.541412> 0.250000
	pigment { color rgbt <1,0,0,0> }
	no_shadow
}
cylinder {
	<42.321507, 59.535172, 53.940845>,  <42.311104, 59.542561, 54.180508>, 0.100000
	pigment { color rgbt <1,0,0,0> }
	no_shadow
}
cylinder {
	<42.321507, 59.535172, 53.940845>,  <42.338844, 59.522854, 53.541412>, 0.100000
	pigment { color rgbt <1,0,0,0> }
	no_shadow
}

// particle -1
sphere {
	<42.321507, 59.535172, 53.940845> 0.100000
	pigment { color rgbt <1,0,0,0> }
	no_shadow
}
sphere {
	0, 1
	scale<0.080000,0.200000,0.300000>
	matrix <0.866765, 0.498220, 0.022260,
		-0.496830, 0.866504, -0.048286,
		-0.043346, 0.030793, 0.998586,
		42.308502, 59.544411, 54.240421>
	pigment { color rgbt <0,1,1,0> }
	no_shadow
}
cylinder {
	<42.426891, 60.161758, 53.679596>,  <42.338844, 59.522854, 53.541412>, 0.130000
	pigment { color rgbt <1,0,0,0> }
	no_shadow
}

// nucleotide -1

// particle -1
sphere {
	<42.426891, 60.161758, 53.679596> 0.250000
	pigment { color rgbt <1,0,0,0> }
	no_shadow
}
cylinder {
	<42.512356, 59.982445, 54.026787>,  <42.563637, 59.874859, 54.235104>, 0.100000
	pigment { color rgbt <1,0,0,0> }
	no_shadow
}
cylinder {
	<42.512356, 59.982445, 54.026787>,  <42.426891, 60.161758, 53.679596>, 0.100000
	pigment { color rgbt <1,0,0,0> }
	no_shadow
}

// particle -1
sphere {
	<42.512356, 59.982445, 54.026787> 0.100000
	pigment { color rgbt <1,0,0,0> }
	no_shadow
}
sphere {
	0, 1
	scale<0.080000,0.200000,0.300000>
	matrix <0.779105, 0.614216, 0.125433,
		-0.589358, 0.649448, 0.480494,
		0.213665, -0.448280, 0.867982,
		42.576454, 59.847961, 54.287182>
	pigment { color rgbt <0,1,1,0> }
	no_shadow
}
cylinder {
	<42.366798, 60.650845, 54.280655>,  <42.426891, 60.161758, 53.679596>, 0.130000
	pigment { color rgbt <1,0,0,0> }
	no_shadow
}

// nucleotide -1

// particle -1
sphere {
	<42.366798, 60.650845, 54.280655> 0.250000
	pigment { color rgbt <1,0,0,0> }
	no_shadow
}
cylinder {
	<42.642235, 60.364777, 54.328625>,  <42.807495, 60.193138, 54.357407>, 0.100000
	pigment { color rgbt <1,0,0,0> }
	no_shadow
}
cylinder {
	<42.642235, 60.364777, 54.328625>,  <42.366798, 60.650845, 54.280655>, 0.100000
	pigment { color rgbt <1,0,0,0> }
	no_shadow
}

// particle -1
sphere {
	<42.642235, 60.364777, 54.328625> 0.100000
	pigment { color rgbt <1,0,0,0> }
	no_shadow
}
sphere {
	0, 1
	scale<0.080000,0.200000,0.300000>
	matrix <0.649176, 0.681647, 0.337533,
		-0.323136, -0.154572, 0.933644,
		0.688588, -0.715168, 0.119921,
		42.848812, 60.150227, 54.364601>
	pigment { color rgbt <0,1,1,0> }
	no_shadow
}
cylinder {
	<42.796951, 60.678013, 54.962185>,  <42.366798, 60.650845, 54.280655>, 0.130000
	pigment { color rgbt <1,0,0,0> }
	no_shadow
}

// nucleotide -1

// particle -1
sphere {
	<42.796951, 60.678013, 54.962185> 0.250000
	pigment { color rgbt <1,0,0,0> }
	no_shadow
}
cylinder {
	<43.050926, 60.503395, 54.707222>,  <43.203312, 60.398624, 54.554245>, 0.100000
	pigment { color rgbt <1,0,0,0> }
	no_shadow
}
cylinder {
	<43.050926, 60.503395, 54.707222>,  <42.796951, 60.678013, 54.962185>, 0.100000
	pigment { color rgbt <1,0,0,0> }
	no_shadow
}

// particle -1
sphere {
	<43.050926, 60.503395, 54.707222> 0.100000
	pigment { color rgbt <1,0,0,0> }
	no_shadow
}
sphere {
	0, 1
	scale<0.080000,0.200000,0.300000>
	matrix <0.695857, 0.681574, 0.226365,
		0.335624, -0.587272, 0.736525,
		0.634934, -0.436542, -0.637409,
		43.241405, 60.372433, 54.515999>
	pigment { color rgbt <0,1,1,0> }
	no_shadow
}
cylinder {
	<43.433491, 60.438099, 55.317829>,  <42.796951, 60.678013, 54.962185>, 0.130000
	pigment { color rgbt <1,0,0,0> }
	no_shadow
}

// nucleotide -1

// particle -1
sphere {
	<43.433491, 60.438099, 55.317829> 0.250000
	pigment { color rgbt <1,0,0,0> }
	no_shadow
}
cylinder {
	<43.452274, 60.556252, 54.936138>,  <43.463547, 60.627144, 54.707123>, 0.100000
	pigment { color rgbt <1,0,0,0> }
	no_shadow
}
cylinder {
	<43.452274, 60.556252, 54.936138>,  <43.433491, 60.438099, 55.317829>, 0.100000
	pigment { color rgbt <1,0,0,0> }
	no_shadow
}

// particle -1
sphere {
	<43.452274, 60.556252, 54.936138> 0.100000
	pigment { color rgbt <1,0,0,0> }
	no_shadow
}
sphere {
	0, 1
	scale<0.080000,0.200000,0.300000>
	matrix <0.644856, 0.720584, 0.254792,
		0.762860, -0.627303, -0.156638,
		0.046961, 0.295380, -0.954225,
		43.466362, 60.644867, 54.649872>
	pigment { color rgbt <0,1,1,0> }
	no_shadow
}
cylinder {
	<44.052231, 60.526402, 55.265999>,  <43.433491, 60.438099, 55.317829>, 0.130000
	pigment { color rgbt <1,0,0,0> }
	no_shadow
}

// nucleotide -1

// particle -1
sphere {
	<44.052231, 60.526402, 55.265999> 0.250000
	pigment { color rgbt <1,0,0,0> }
	no_shadow
}
cylinder {
	<43.851685, 60.754860, 55.006020>,  <43.731358, 60.891933, 54.850033>, 0.100000
	pigment { color rgbt <1,0,0,0> }
	no_shadow
}
cylinder {
	<43.851685, 60.754860, 55.006020>,  <44.052231, 60.526402, 55.265999>, 0.100000
	pigment { color rgbt <1,0,0,0> }
	no_shadow
}

// particle -1
sphere {
	<43.851685, 60.754860, 55.006020> 0.100000
	pigment { color rgbt <1,0,0,0> }
	no_shadow
}
sphere {
	0, 1
	scale<0.080000,0.200000,0.300000>
	matrix <0.499588, 0.804397, 0.321493,
		0.706433, -0.163520, -0.688632,
		-0.501364, 0.571145, -0.649944,
		43.701275, 60.926205, 54.811035>
	pigment { color rgbt <0,1,1,0> }
	no_shadow
}
cylinder {
	<44.589157, 60.075539, 54.925842>,  <44.052231, 60.526402, 55.265999>, 0.130000
	pigment { color rgbt <1,0,0,0> }
	no_shadow
}

// nucleotide -1

// particle -1
sphere {
	<44.589157, 60.075539, 54.925842> 0.250000
	pigment { color rgbt <1,0,0,0> }
	no_shadow
}
cylinder {
	<44.489784, 60.335526, 54.638561>,  <44.430161, 60.491520, 54.466194>, 0.100000
	pigment { color rgbt <1,0,0,0> }
	no_shadow
}
cylinder {
	<44.489784, 60.335526, 54.638561>,  <44.589157, 60.075539, 54.925842>, 0.100000
	pigment { color rgbt <1,0,0,0> }
	no_shadow
}

// particle -1
sphere {
	<44.489784, 60.335526, 54.638561> 0.100000
	pigment { color rgbt <1,0,0,0> }
	no_shadow
}
sphere {
	0, 1
	scale<0.080000,0.200000,0.300000>
	matrix <0.966047, 0.111954, -0.232850,
		-0.070941, -0.751667, -0.655717,
		-0.248435, 0.649972, -0.718203,
		44.415253, 60.530518, 54.423100>
	pigment { color rgbt <0,1,1,0> }
	no_shadow
}
cylinder {
	<45.241943, 59.968277, 55.153191>,  <44.589157, 60.075539, 54.925842>, 0.130000
	pigment { color rgbt <1,0,0,0> }
	no_shadow
}

// nucleotide -1

// particle -1
sphere {
	<45.241943, 59.968277, 55.153191> 0.250000
	pigment { color rgbt <1,0,0,0> }
	no_shadow
}
cylinder {
	<45.487282, 60.066681, 55.453400>,  <45.634483, 60.125721, 55.633526>, 0.100000
	pigment { color rgbt <1,0,0,0> }
	no_shadow
}
cylinder {
	<45.487282, 60.066681, 55.453400>,  <45.241943, 59.968277, 55.153191>, 0.100000
	pigment { color rgbt <1,0,0,0> }
	no_shadow
}

// particle -1
sphere {
	<45.487282, 60.066681, 55.453400> 0.100000
	pigment { color rgbt <1,0,0,0> }
	no_shadow
}
sphere {
	0, 1
	scale<0.080000,0.200000,0.300000>
	matrix <-0.525410, -0.582411, 0.620276,
		0.589707, -0.774777, -0.227964,
		0.613344, 0.246006, 0.750527,
		45.671284, 60.140484, 55.678558>
	pigment { color rgbt <0,1,1,0> }
	no_shadow
}
cylinder {
	<45.308254, 59.351788, 55.606171>,  <45.241943, 59.968277, 55.153191>, 0.130000
	pigment { color rgbt <1,0,0,0> }
	no_shadow
}

// nucleotide -1

// particle -1
sphere {
	<45.308254, 59.351788, 55.606171> 0.250000
	pigment { color rgbt <1,0,0,0> }
	no_shadow
}
cylinder {
	<45.361404, 59.686287, 55.818977>,  <45.393295, 59.886986, 55.946659>, 0.100000
	pigment { color rgbt <1,0,0,0> }
	no_shadow
}
cylinder {
	<45.361404, 59.686287, 55.818977>,  <45.308254, 59.351788, 55.606171>, 0.100000
	pigment { color rgbt <1,0,0,0> }
	no_shadow
}

// particle -1
sphere {
	<45.361404, 59.686287, 55.818977> 0.100000
	pigment { color rgbt <1,0,0,0> }
	no_shadow
}
sphere {
	0, 1
	scale<0.080000,0.200000,0.300000>
	matrix <-0.421298, -0.438213, 0.794026,
		0.897136, -0.329642, 0.294082,
		0.132873, 0.836245, 0.532014,
		45.401268, 59.937160, 55.978580>
	pigment { color rgbt <0,1,1,0> }
	no_shadow
}
cylinder {
	<45.602905, 59.093414, 56.310879>,  <45.308254, 59.351788, 55.606171>, 0.130000
	pigment { color rgbt <1,0,0,0> }
	no_shadow
}

// nucleotide -1

// particle -1
sphere {
	<45.602905, 59.093414, 56.310879> 0.250000
	pigment { color rgbt <1,0,0,0> }
	no_shadow
}
cylinder {
	<45.436565, 59.455986, 56.340416>,  <45.336761, 59.673531, 56.358139>, 0.100000
	pigment { color rgbt <1,0,0,0> }
	no_shadow
}
cylinder {
	<45.436565, 59.455986, 56.340416>,  <45.602905, 59.093414, 56.310879>, 0.100000
	pigment { color rgbt <1,0,0,0> }
	no_shadow
}

// particle -1
sphere {
	<45.436565, 59.455986, 56.340416> 0.100000
	pigment { color rgbt <1,0,0,0> }
	no_shadow
}
sphere {
	0, 1
	scale<0.080000,0.200000,0.300000>
	matrix <-0.535161, -0.309550, 0.785991,
		0.735306, 0.287333, 0.613812,
		-0.415846, 0.906432, 0.073844,
		45.311813, 59.727917, 56.362568>
	pigment { color rgbt <0,1,1,0> }
	no_shadow
}
cylinder {
	<46.151592, 59.242226, 56.871101>,  <45.602905, 59.093414, 56.310879>, 0.130000
	pigment { color rgbt <1,0,0,0> }
	no_shadow
}

// nucleotide -1

// particle -1
sphere {
	<46.151592, 59.242226, 56.871101> 0.250000
	pigment { color rgbt <1,0,0,0> }
	no_shadow
}
cylinder {
	<46.368298, 58.910343, 56.924881>,  <46.498322, 58.711212, 56.957150>, 0.100000
	pigment { color rgbt <1,0,0,0> }
	no_shadow
}
cylinder {
	<46.368298, 58.910343, 56.924881>,  <46.151592, 59.242226, 56.871101>, 0.100000
	pigment { color rgbt <1,0,0,0> }
	no_shadow
}

// particle -1
sphere {
	<46.368298, 58.910343, 56.924881> 0.100000
	pigment { color rgbt <1,0,0,0> }
	no_shadow
}
sphere {
	0, 1
	scale<0.080000,0.200000,0.300000>
	matrix <0.189755, 0.276560, 0.942076,
		-0.818830, -0.484872, 0.307271,
		0.541766, -0.829707, 0.134449,
		46.530827, 58.661430, 56.965214>
	pigment { color rgbt <0,1,1,0> }
	no_shadow
}
cylinder {
	<46.797379, 59.608421, 56.589130>,  <46.151592, 59.242226, 56.871101>, 0.130000
	pigment { color rgbt <1,0,0,0> }
	no_shadow
}

// nucleotide -1

// particle -1
sphere {
	<46.797379, 59.608421, 56.589130> 0.250000
	pigment { color rgbt <1,0,0,0> }
	no_shadow
}
cylinder {
	<46.980949, 59.962303, 56.556419>,  <47.091091, 60.174633, 56.536793>, 0.100000
	pigment { color rgbt <1,0,0,0> }
	no_shadow
}
cylinder {
	<46.980949, 59.962303, 56.556419>,  <46.797379, 59.608421, 56.589130>, 0.100000
	pigment { color rgbt <1,0,0,0> }
	no_shadow
}

// particle -1
sphere {
	<46.980949, 59.962303, 56.556419> 0.100000
	pigment { color rgbt <1,0,0,0> }
	no_shadow
}
sphere {
	0, 1
	scale<0.080000,0.200000,0.300000>
	matrix <0.573967, -0.365467, -0.732799,
		-0.678197, 0.289363, -0.675513,
		0.458923, 0.884705, -0.081774,
		47.118626, 60.227715, 56.531887>
	pigment { color rgbt <0,1,1,0> }
	no_shadow
}
cylinder {
	<46.742584, 59.966690, 55.854969>,  <46.797379, 59.608421, 56.589130>, 0.130000
	pigment { color rgbt <1,0,0,0> }
	no_shadow
}

// nucleotide -1

// particle -1
sphere {
	<46.742584, 59.966690, 55.854969> 0.250000
	pigment { color rgbt <1,0,0,0> }
	no_shadow
}
cylinder {
	<47.070381, 60.013596, 56.079353>,  <47.267059, 60.041740, 56.213985>, 0.100000
	pigment { color rgbt <1,0,0,0> }
	no_shadow
}
cylinder {
	<47.070381, 60.013596, 56.079353>,  <46.742584, 59.966690, 55.854969>, 0.100000
	pigment { color rgbt <1,0,0,0> }
	no_shadow
}

// particle -1
sphere {
	<47.070381, 60.013596, 56.079353> 0.100000
	pigment { color rgbt <1,0,0,0> }
	no_shadow
}
sphere {
	0, 1
	scale<0.080000,0.200000,0.300000>
	matrix <0.561231, -0.362300, -0.744150,
		0.115973, 0.924655, -0.362716,
		0.819494, 0.117266, 0.560962,
		47.316231, 60.048775, 56.247643>
	pigment { color rgbt <0,1,1,0> }
	no_shadow
}
cylinder {
	<47.100170, 60.468292, 55.582226>,  <46.742584, 59.966690, 55.854969>, 0.130000
	pigment { color rgbt <1,0,0,0> }
	no_shadow
}

// nucleotide -1

// particle -1
sphere {
	<47.100170, 60.468292, 55.582226> 0.250000
	pigment { color rgbt <1,0,0,0> }
	no_shadow
}
cylinder {
	<47.350479, 60.198944, 55.739700>,  <47.500664, 60.037334, 55.834183>, 0.100000
	pigment { color rgbt <1,0,0,0> }
	no_shadow
}
cylinder {
	<47.350479, 60.198944, 55.739700>,  <47.100170, 60.468292, 55.582226>, 0.100000
	pigment { color rgbt <1,0,0,0> }
	no_shadow
}

// particle -1
sphere {
	<47.350479, 60.198944, 55.739700> 0.100000
	pigment { color rgbt <1,0,0,0> }
	no_shadow
}
sphere {
	0, 1
	scale<0.080000,0.200000,0.300000>
	matrix <0.263014, -0.293002, -0.919225,
		0.734326, 0.678768, -0.006247,
		0.625771, -0.673368, 0.393684,
		47.538212, 59.996933, 55.857807>
	pigment { color rgbt <0,1,1,0> }
	no_shadow
}
cylinder {
	<47.760742, 60.727318, 55.469715>,  <47.100170, 60.468292, 55.582226>, 0.130000
	pigment { color rgbt <1,0,0,0> }
	no_shadow
}

// nucleotide -1

// particle -1
sphere {
	<47.760742, 60.727318, 55.469715> 0.250000
	pigment { color rgbt <1,0,0,0> }
	no_shadow
}
cylinder {
	<47.710358, 60.330688, 55.481850>,  <47.680126, 60.092712, 55.489128>, 0.100000
	pigment { color rgbt <1,0,0,0> }
	no_shadow
}
cylinder {
	<47.710358, 60.330688, 55.481850>,  <47.760742, 60.727318, 55.469715>, 0.100000
	pigment { color rgbt <1,0,0,0> }
	no_shadow
}

// particle -1
sphere {
	<47.710358, 60.330688, 55.481850> 0.100000
	pigment { color rgbt <1,0,0,0> }
	no_shadow
}
sphere {
	0, 1
	scale<0.080000,0.200000,0.300000>
	matrix <0.224426, -0.058266, -0.972748,
		0.966317, -0.115718, 0.229873,
		-0.125958, -0.991572, 0.030333,
		47.672569, 60.033218, 55.490948>
	pigment { color rgbt <0,1,1,0> }
	no_shadow
}
cylinder {
	<48.383282, 60.506084, 55.132256>,  <47.760742, 60.727318, 55.469715>, 0.130000
	pigment { color rgbt <1,0,0,0> }
	no_shadow
}

// nucleotide -1

// particle -1
sphere {
	<48.383282, 60.506084, 55.132256> 0.250000
	pigment { color rgbt <1,0,0,0> }
	no_shadow
}
cylinder {
	<48.042515, 60.297905, 55.109032>,  <47.838055, 60.172997, 55.095097>, 0.100000
	pigment { color rgbt <1,0,0,0> }
	no_shadow
}
cylinder {
	<48.042515, 60.297905, 55.109032>,  <48.383282, 60.506084, 55.132256>, 0.100000
	pigment { color rgbt <1,0,0,0> }
	no_shadow
}

// particle -1
sphere {
	<48.042515, 60.297905, 55.109032> 0.100000
	pigment { color rgbt <1,0,0,0> }
	no_shadow
}
sphere {
	0, 1
	scale<0.080000,0.200000,0.300000>
	matrix <0.071219, -0.005303, -0.997446,
		0.518810, -0.853878, 0.041583,
		-0.851918, -0.520446, -0.058062,
		47.786938, 60.141769, 55.091614>
	pigment { color rgbt <0,1,1,0> }
	no_shadow
}
cylinder {
	<48.385834, 59.900394, 54.690338>,  <48.383282, 60.506084, 55.132256>, 0.130000
	pigment { color rgbt <1,0,0,0> }
	no_shadow
}

// nucleotide -1

// particle -1
sphere {
	<48.385834, 59.900394, 54.690338> 0.250000
	pigment { color rgbt <1,0,0,0> }
	no_shadow
}
cylinder {
	<48.026962, 60.072491, 54.650417>,  <47.811638, 60.175747, 54.626465>, 0.100000
	pigment { color rgbt <1,0,0,0> }
	no_shadow
}
cylinder {
	<48.026962, 60.072491, 54.650417>,  <48.385834, 59.900394, 54.690338>, 0.100000
	pigment { color rgbt <1,0,0,0> }
	no_shadow
}

// particle -1
sphere {
	<48.026962, 60.072491, 54.650417> 0.100000
	pigment { color rgbt <1,0,0,0> }
	no_shadow
}
sphere {
	0, 1
	scale<0.080000,0.200000,0.300000>
	matrix <-0.032354, -0.289377, -0.956668,
		-0.440478, -0.855075, 0.273543,
		-0.897180, 0.430242, -0.099799,
		47.757809, 60.201561, 54.620480>
	pigment { color rgbt <0,1,1,0> }
	no_shadow
}
cylinder {
	<48.820251, 59.254734, 54.935799>,  <48.385834, 59.900394, 54.690338>, 0.130000
	pigment { color rgbt <1,0,0,0> }
	no_shadow
}

// nucleotide -1

// particle -1
sphere {
	<48.820251, 59.254734, 54.935799> 0.250000
	pigment { color rgbt <1,0,0,0> }
	no_shadow
}
cylinder {
	<49.029305, 59.586456, 55.014908>,  <49.154736, 59.785488, 55.062374>, 0.100000
	pigment { color rgbt <1,0,0,0> }
	no_shadow
}
cylinder {
	<49.029305, 59.586456, 55.014908>,  <48.820251, 59.254734, 54.935799>, 0.100000
	pigment { color rgbt <1,0,0,0> }
	no_shadow
}

// particle -1
sphere {
	<49.029305, 59.586456, 55.014908> 0.100000
	pigment { color rgbt <1,0,0,0> }
	no_shadow
}
sphere {
	0, 1
	scale<0.080000,0.200000,0.300000>
	matrix <0.718806, -0.553361, 0.420844,
		0.458449, -0.077782, -0.885310,
		0.522631, 0.829302, 0.197778,
		49.186092, 59.835247, 55.074242>
	pigment { color rgbt <0,1,1,0> }
	no_shadow
}
cylinder {
	<49.508755, 59.146141, 54.666740>,  <48.820251, 59.254734, 54.935799>, 0.130000
	pigment { color rgbt <1,0,0,0> }
	no_shadow
}

// nucleotide -1

// particle -1
sphere {
	<49.508755, 59.146141, 54.666740> 0.250000
	pigment { color rgbt <1,0,0,0> }
	no_shadow
}
cylinder {
	<49.538204, 59.409119, 54.966702>,  <49.555874, 59.566906, 55.146679>, 0.100000
	pigment { color rgbt <1,0,0,0> }
	no_shadow
}
cylinder {
	<49.538204, 59.409119, 54.966702>,  <49.508755, 59.146141, 54.666740>, 0.100000
	pigment { color rgbt <1,0,0,0> }
	no_shadow
}

// particle -1
sphere {
	<49.538204, 59.409119, 54.966702> 0.100000
	pigment { color rgbt <1,0,0,0> }
	no_shadow
}
sphere {
	0, 1
	scale<0.080000,0.200000,0.300000>
	matrix <0.768252, -0.516846, 0.377701,
		0.635900, 0.548304, -0.543134,
