// switches for output
#declare DRAW_BASES = 1; // possible values are 0, 1; only relevant for DNA ribbons
#declare DRAW_BASES_TYPE = 3; // possible values are 1, 2, 3; only relevant for DNA ribbons
#declare DRAW_FOG = 0; // set to 1 to enable fog

#include "colors.inc"

#include "transforms.inc"
background { rgb <1, 1, 1>}

#default {
   normal{
       ripples 0.25
       frequency 0.20
       turbulence 0.2
       lambda 5
   }
	finish {
		phong 0.1
		phong_size 40.
	}
}

// original window dimensions: 1024x640


// camera settings

camera {
	sky <-0, 1, 0>
	up <-0, 1, 0>
	right 1.6 * <0.99995, 0, 0.00999983>
	location <54.4867, 55, 106.329>
	look_at <55, 55, 55.0001>
	direction <0.513302, 0, -51.3289>
	angle 67.0682
}


# declare cpy_camera_pos = <54.4867, 55, 106.329>;
# if (DRAW_FOG = 1)
fog {
	fog_type 2
	up vnormalize(cpy_camera_pos)
	color rgbt<1,1,1,0.3>
	distance 1e-5
	fog_alt 3e-3
	fog_offset 88
}
# end


// LIGHTS

# declare lum = 6;
global_settings {
	ambient_light rgb lum * <0.05, 0.05, 0.05>
	max_trace_level 15
}# declare cpy_direct_light_amount = 0.25;
light_source
{	1000 * <-0.98995, -1, 1.00995>,
	rgb lum * cpy_direct_light_amount
	parallel
}

light_source
{	1000 * <0.98995, 1, -1.00995>,
	rgb lum * cpy_direct_light_amount
	parallel
}

// strand 0

// nucleotide -1

// particle -1
sphere {
	<35.947472, 53.474987, 49.358299> 0.250000
	pigment { color rgbt <1,0,0,0> }
	no_shadow
}
cylinder {
	<36.188076, 53.168694, 49.267227>,  <36.332439, 52.984917, 49.212585>, 0.100000
	pigment { color rgbt <1,0,0,0> }
	no_shadow
}
cylinder {
	<36.188076, 53.168694, 49.267227>,  <35.947472, 53.474987, 49.358299>, 0.100000
	pigment { color rgbt <1,0,0,0> }
	no_shadow
}

// particle -1
sphere {
	<36.188076, 53.168694, 49.267227> 0.100000
	pigment { color rgbt <1,0,0,0> }
	no_shadow
}
sphere {
	0, 1
	scale<0.080000,0.200000,0.300000>
	matrix <0.409783, 0.051105, 0.910750,
		-0.685754, -0.641128, 0.344524,
		0.601515, -0.765730, -0.227678,
		36.368530, 52.938976, 49.198925>
	pigment { color rgbt <0,1,1,0> }
	no_shadow
}
cylinder {
	<35.765648, 52.992786, 49.870995>,  <35.947472, 53.474987, 49.358299>, 0.130000
	pigment { color rgbt <1,0,0,0> }
	no_shadow
}

// nucleotide -1

// particle -1
sphere {
	<35.765648, 52.992786, 49.870995> 0.250000
	pigment { color rgbt <1,0,0,0> }
	no_shadow
}
cylinder {
	<36.136127, 52.951790, 49.725864>,  <36.358418, 52.927193, 49.638786>, 0.100000
	pigment { color rgbt <1,0,0,0> }
	no_shadow
}
cylinder {
	<36.136127, 52.951790, 49.725864>,  <35.765648, 52.992786, 49.870995>, 0.100000
	pigment { color rgbt <1,0,0,0> }
	no_shadow
}

// particle -1
sphere {
	<36.136127, 52.951790, 49.725864> 0.100000
	pigment { color rgbt <1,0,0,0> }
	no_shadow
}
sphere {
	0, 1
	scale<0.080000,0.200000,0.300000>
	matrix <0.314998, -0.318466, 0.894067,
		-0.207178, -0.942378, -0.262681,
		0.926204, -0.102487, -0.362826,
		36.413990, 52.921043, 49.617016>
	pigment { color rgbt <0,1,1,0> }
	no_shadow
}
cylinder {
	<36.102524, 52.706825, 50.366383>,  <35.765648, 52.992786, 49.870995>, 0.130000
	pigment { color rgbt <1,0,0,0> }
	no_shadow
}

// nucleotide -1

// particle -1
sphere {
	<36.102524, 52.706825, 50.366383> 0.250000
	pigment { color rgbt <1,0,0,0> }
	no_shadow
}
cylinder {
	<36.404369, 52.803093, 50.122208>,  <36.585476, 52.860855, 49.975704>, 0.100000
	pigment { color rgbt <1,0,0,0> }
	no_shadow
}
cylinder {
	<36.404369, 52.803093, 50.122208>,  <36.102524, 52.706825, 50.366383>, 0.100000
	pigment { color rgbt <1,0,0,0> }
	no_shadow
}

// particle -1
sphere {
	<36.404369, 52.803093, 50.122208> 0.100000
	pigment { color rgbt <1,0,0,0> }
	no_shadow
}
sphere {
	0, 1
	scale<0.080000,0.200000,0.300000>
	matrix <0.642115, -0.079362, 0.762489,
		0.135064, -0.967357, -0.214428,
		0.754617, 0.240672, -0.610435,
		36.630753, 52.875294, 49.939075>
	pigment { color rgbt <0,1,1,0> }
	no_shadow
}
cylinder {
	<36.530643, 52.092442, 50.591846>,  <36.102524, 52.706825, 50.366383>, 0.130000
	pigment { color rgbt <1,0,0,0> }
	no_shadow
}

// nucleotide -1

// particle -1
sphere {
	<36.530643, 52.092442, 50.591846> 0.250000
	pigment { color rgbt <1,0,0,0> }
	no_shadow
}
cylinder {
	<36.736282, 52.403927, 50.448006>,  <36.859665, 52.590816, 50.361702>, 0.100000
	pigment { color rgbt <1,0,0,0> }
	no_shadow
}
cylinder {
	<36.736282, 52.403927, 50.448006>,  <36.530643, 52.092442, 50.591846>, 0.100000
	pigment { color rgbt <1,0,0,0> }
	no_shadow
}

// particle -1
sphere {
	<36.736282, 52.403927, 50.448006> 0.100000
	pigment { color rgbt <1,0,0,0> }
	no_shadow
}
sphere {
	0, 1
	scale<0.080000,0.200000,0.300000>
	matrix <0.628449, -0.056646, 0.775786,
		0.583741, -0.624823, -0.518501,
		0.514100, 0.778709, -0.359603,
		36.890511, 52.637539, 50.340126>
	pigment { color rgbt <0,1,1,0> }
	no_shadow
}
cylinder {
	<37.228035, 52.021896, 50.462406>,  <36.530643, 52.092442, 50.591846>, 0.130000
	pigment { color rgbt <1,0,0,0> }
	no_shadow
}

// nucleotide -1

// particle -1
sphere {
	<37.228035, 52.021896, 50.462406> 0.250000
	pigment { color rgbt <1,0,0,0> }
	no_shadow
}
cylinder {
	<37.120228, 52.379753, 50.604942>,  <37.055546, 52.594467, 50.690464>, 0.100000
	pigment { color rgbt <1,0,0,0> }
	no_shadow
}
cylinder {
	<37.120228, 52.379753, 50.604942>,  <37.228035, 52.021896, 50.462406>, 0.100000
	pigment { color rgbt <1,0,0,0> }
	no_shadow
}

// particle -1
sphere {
	<37.120228, 52.379753, 50.604942> 0.100000
	pigment { color rgbt <1,0,0,0> }
	no_shadow
}
sphere {
	0, 1
	scale<0.080000,0.200000,0.300000>
	matrix <0.282251, -0.280397, 0.917449,
		0.920704, 0.347843, -0.176943,
		-0.269514, 0.894641, 0.356342,
		37.039375, 52.648144, 50.711845>
	pigment { color rgbt <0,1,1,0> }
	no_shadow
}
cylinder {
	<37.988735, 52.214886, 50.500740>,  <37.228035, 52.021896, 50.462406>, 0.130000
	pigment { color rgbt <1,0,0,0> }
	no_shadow
}

// nucleotide -1

// particle -1
sphere {
	<37.988735, 52.214886, 50.500740> 0.250000
	pigment { color rgbt <1,0,0,0> }
	no_shadow
}
cylinder {
	<38.362236, 52.326763, 50.590073>,  <38.586338, 52.393890, 50.643673>, 0.100000
	pigment { color rgbt <1,0,0,0> }
	no_shadow
}
cylinder {
	<38.362236, 52.326763, 50.590073>,  <37.988735, 52.214886, 50.500740>, 0.100000
	pigment { color rgbt <1,0,0,0> }
	no_shadow
}

// particle -1
sphere {
	<38.362236, 52.326763, 50.590073> 0.100000
	pigment { color rgbt <1,0,0,0> }
	no_shadow
}
sphere {
	0, 1
	scale<0.080000,0.200000,0.300000>
	matrix <-0.357526, 0.699589, 0.618669,
		0.016801, -0.657530, 0.753241,
		0.933753, 0.279697, 0.223330,
		38.642361, 52.410671, 50.657070>
	pigment { color rgbt <0,1,1,0> }
	no_shadow
}
cylinder {
	<38.118298, 52.334717, 51.254871>,  <37.988735, 52.214886, 50.500740>, 0.130000
	pigment { color rgbt <1,0,0,0> }
	no_shadow
}

// nucleotide -1

// particle -1
sphere {
	<38.118298, 52.334717, 51.254871> 0.250000
	pigment { color rgbt <1,0,0,0> }
	no_shadow
}
cylinder {
	<38.392765, 52.562008, 51.073196>,  <38.557446, 52.698383, 50.964191>, 0.100000
	pigment { color rgbt <1,0,0,0> }
	no_shadow
}
cylinder {
	<38.392765, 52.562008, 51.073196>,  <38.118298, 52.334717, 51.254871>, 0.100000
	pigment { color rgbt <1,0,0,0> }
	no_shadow
}

// particle -1
sphere {
	<38.392765, 52.562008, 51.073196> 0.100000
	pigment { color rgbt <1,0,0,0> }
	no_shadow
}
sphere {
	0, 1
	scale<0.080000,0.200000,0.300000>
	matrix <-0.363637, 0.808687, 0.462379,
		0.630030, -0.152113, 0.761527,
		0.686171, 0.568232, -0.454183,
		38.598618, 52.732479, 50.936943>
	pigment { color rgbt <0,1,1,0> }
	no_shadow
}
cylinder {
	<38.691681, 52.560486, 51.535393>,  <38.118298, 52.334717, 51.254871>, 0.130000
	pigment { color rgbt <1,0,0,0> }
	no_shadow
}

// nucleotide -1

// particle -1
sphere {
	<38.691681, 52.560486, 51.535393> 0.250000
	pigment { color rgbt <1,0,0,0> }
	no_shadow
}
cylinder {
	<38.662674, 52.451530, 51.919174>,  <38.645267, 52.386158, 52.149441>, 0.100000
	pigment { color rgbt <1,0,0,0> }
	no_shadow
}
cylinder {
	<38.662674, 52.451530, 51.919174>,  <38.691681, 52.560486, 51.535393>, 0.100000
	pigment { color rgbt <1,0,0,0> }
	no_shadow
}

// particle -1
sphere {
	<38.662674, 52.451530, 51.919174> 0.100000
	pigment { color rgbt <1,0,0,0> }
	no_shadow
}
sphere {
	0, 1
	scale<0.080000,0.200000,0.300000>
	matrix <0.874546, -0.479846, -0.070126,
		0.479490, 0.833998, 0.273015,
		-0.072521, -0.272389, 0.959450,
		38.640919, 52.369812, 52.207008>
	pigment { color rgbt <0,1,1,0> }
	no_shadow
}
cylinder {
	<39.073772, 52.871471, 52.029892>,  <38.691681, 52.560486, 51.535393>, 0.130000
	pigment { color rgbt <1,0,0,0> }
	no_shadow
}

// nucleotide -1

// particle -1
sphere {
	<39.073772, 52.871471, 52.029892> 0.250000
	pigment { color rgbt <1,0,0,0> }
	no_shadow
}
cylinder {
	<39.033089, 52.491493, 52.148048>,  <39.008678, 52.263508, 52.218945>, 0.100000
	pigment { color rgbt <1,0,0,0> }
	no_shadow
}
cylinder {
	<39.033089, 52.491493, 52.148048>,  <39.073772, 52.871471, 52.029892>, 0.100000
	pigment { color rgbt <1,0,0,0> }
	no_shadow
}

// particle -1
sphere {
	<39.033089, 52.491493, 52.148048> 0.100000
	pigment { color rgbt <1,0,0,0> }
	no_shadow
}
sphere {
	0, 1
	scale<0.080000,0.200000,0.300000>
	matrix <0.970349, -0.160177, -0.181012,
		0.219267, 0.268227, 0.938070,
		-0.101705, -0.949946, 0.295395,
		39.002579, 52.206509, 52.236668>
	pigment { color rgbt <0,1,1,0> }
	no_shadow
}
cylinder {
	<39.505924, 52.679611, 52.601360>,  <39.073772, 52.871471, 52.029892>, 0.130000
	pigment { color rgbt <1,0,0,0> }
	no_shadow
}

// nucleotide -1

// particle -1
sphere {
	<39.505924, 52.679611, 52.601360> 0.250000
	pigment { color rgbt <1,0,0,0> }
	no_shadow
}
cylinder {
	<39.432190, 52.399105, 52.325897>,  <39.387951, 52.230801, 52.160618>, 0.100000
	pigment { color rgbt <1,0,0,0> }
	no_shadow
}
cylinder {
	<39.432190, 52.399105, 52.325897>,  <39.505924, 52.679611, 52.601360>, 0.100000
	pigment { color rgbt <1,0,0,0> }
	no_shadow
}

// particle -1
sphere {
	<39.432190, 52.399105, 52.325897> 0.100000
	pigment { color rgbt <1,0,0,0> }
	no_shadow
}
sphere {
	0, 1
	scale<0.080000,0.200000,0.300000>
	matrix <0.982858, -0.129394, -0.131324,
		0.002984, -0.701062, 0.713094,
		-0.184337, -0.701262, -0.688659,
		39.376888, 52.188728, 52.119301>
	pigment { color rgbt <0,1,1,0> }
	no_shadow
}
cylinder {
	<39.853722, 52.041378, 52.403400>,  <39.505924, 52.679611, 52.601360>, 0.130000
	pigment { color rgbt <1,0,0,0> }
	no_shadow
}

// nucleotide -1

// particle -1
sphere {
	<39.853722, 52.041378, 52.403400> 0.250000
	pigment { color rgbt <1,0,0,0> }
	no_shadow
}
cylinder {
	<40.182251, 51.820095, 52.459099>,  <40.379368, 51.687325, 52.492519>, 0.100000
	pigment { color rgbt <1,0,0,0> }
	no_shadow
}
cylinder {
	<40.182251, 51.820095, 52.459099>,  <39.853722, 52.041378, 52.403400>, 0.100000
	pigment { color rgbt <1,0,0,0> }
	no_shadow
}

// particle -1
sphere {
	<40.182251, 51.820095, 52.459099> 0.100000
	pigment { color rgbt <1,0,0,0> }
	no_shadow
}
sphere {
	0, 1
	scale<0.080000,0.200000,0.300000>
	matrix <0.455652, 0.783044, 0.423349,
		-0.343239, -0.284256, 0.895201,
		0.821321, -0.553210, 0.139249,
		40.428646, 51.654133, 52.500874>
	pigment { color rgbt <0,1,1,0> }
	no_shadow
}
cylinder {
	<40.110985, 52.237656, 53.063667>,  <39.853722, 52.041378, 52.403400>, 0.130000
	pigment { color rgbt <1,0,0,0> }
	no_shadow
}

// nucleotide -1

// particle -1
sphere {
	<40.110985, 52.237656, 53.063667> 0.250000
	pigment { color rgbt <1,0,0,0> }
	no_shadow
}
cylinder {
	<40.451473, 52.094574, 52.910065>,  <40.655766, 52.008724, 52.817902>, 0.100000
	pigment { color rgbt <1,0,0,0> }
	no_shadow
}
cylinder {
	<40.451473, 52.094574, 52.910065>,  <40.110985, 52.237656, 53.063667>, 0.100000
	pigment { color rgbt <1,0,0,0> }
	no_shadow
}

// particle -1
sphere {
	<40.451473, 52.094574, 52.910065> 0.100000
	pigment { color rgbt <1,0,0,0> }
	no_shadow
}
sphere {
	0, 1
	scale<0.080000,0.200000,0.300000>
	matrix <0.451298, 0.872402, 0.187736,
		0.267858, -0.333109, 0.904041,
		0.851224, -0.357705, -0.384011,
		40.706841, 51.987263, 52.794861>
	pigment { color rgbt <0,1,1,0> }
	no_shadow
}
cylinder {
	<40.660187, 52.393291, 53.530239>,  <40.110985, 52.237656, 53.063667>, 0.130000
	pigment { color rgbt <1,0,0,0> }
	no_shadow
}

// nucleotide -1

// particle -1
sphere {
	<40.660187, 52.393291, 53.530239> 0.250000
	pigment { color rgbt <1,0,0,0> }
	no_shadow
}
cylinder {
	<40.817135, 52.344486, 53.165565>,  <40.911304, 52.315205, 52.946762>, 0.100000
	pigment { color rgbt <1,0,0,0> }
	no_shadow
}
cylinder {
	<40.817135, 52.344486, 53.165565>,  <40.660187, 52.393291, 53.530239>, 0.100000
	pigment { color rgbt <1,0,0,0> }
	no_shadow
}

// particle -1
sphere {
	<40.817135, 52.344486, 53.165565> 0.100000
	pigment { color rgbt <1,0,0,0> }
	no_shadow
}
sphere {
	0, 1
	scale<0.080000,0.200000,0.300000>
	matrix <0.540856, 0.832311, 0.121380,
		0.743991, -0.540713, 0.392563,
		0.392367, -0.122014, -0.911680,
		40.934845, 52.307880, 52.892063>
	pigment { color rgbt <0,1,1,0> }
	no_shadow
}
cylinder {
	<41.055622, 52.982784, 53.377159>,  <40.660187, 52.393291, 53.530239>, 0.130000
	pigment { color rgbt <1,0,0,0> }
	no_shadow
}

// nucleotide -1

// particle -1
sphere {
	<41.055622, 52.982784, 53.377159> 0.250000
	pigment { color rgbt <1,0,0,0> }
	no_shadow
}
cylinder {
	<41.185421, 52.736584, 53.089867>,  <41.263298, 52.588863, 52.917492>, 0.100000
	pigment { color rgbt <1,0,0,0> }
	no_shadow
}
cylinder {
	<41.185421, 52.736584, 53.089867>,  <41.055622, 52.982784, 53.377159>, 0.100000
	pigment { color rgbt <1,0,0,0> }
	no_shadow
}

// particle -1
sphere {
	<41.185421, 52.736584, 53.089867> 0.100000
	pigment { color rgbt <1,0,0,0> }
	no_shadow
}
sphere {
	0, 1
	scale<0.080000,0.200000,0.300000>
	matrix <0.604449, 0.718992, -0.343061,
		0.727560, -0.322815, 0.605348,
		0.324495, -0.615500, -0.718236,
		41.282768, 52.551933, 52.874397>
	pigment { color rgbt <0,1,1,0> }
	no_shadow
}
cylinder {
	<41.814281, 53.139103, 53.221359>,  <41.055622, 52.982784, 53.377159>, 0.130000
	pigment { color rgbt <1,0,0,0> }
	no_shadow
}

// nucleotide -1

// particle -1
sphere {
	<41.814281, 53.139103, 53.221359> 0.250000
	pigment { color rgbt <1,0,0,0> }
	no_shadow
}
cylinder {
	<41.673504, 52.947632, 52.899612>,  <41.589039, 52.832748, 52.706566>, 0.100000
	pigment { color rgbt <1,0,0,0> }
	no_shadow
}
cylinder {
	<41.673504, 52.947632, 52.899612>,  <41.814281, 53.139103, 53.221359>, 0.100000
	pigment { color rgbt <1,0,0,0> }
	no_shadow
}

// particle -1
sphere {
	<41.673504, 52.947632, 52.899612> 0.100000
	pigment { color rgbt <1,0,0,0> }
	no_shadow
}
sphere {
	0, 1
	scale<0.080000,0.200000,0.300000>
	matrix <0.552605, 0.587347, -0.591313,
		0.755491, -0.652604, 0.057807,
		-0.351940, -0.478676, -0.804368,
		41.567921, 52.804028, 52.658302>
	pigment { color rgbt <0,1,1,0> }
	no_shadow
}
cylinder {
	<42.354912, 52.850292, 52.833378>,  <41.814281, 53.139103, 53.221359>, 0.130000
	pigment { color rgbt <1,0,0,0> }
	no_shadow
}

// nucleotide -1

// particle -1
sphere {
	<42.354912, 52.850292, 52.833378> 0.250000
	pigment { color rgbt <1,0,0,0> }
	no_shadow
}
cylinder {
	<42.053013, 52.988064, 52.610046>,  <41.871872, 53.070724, 52.476048>, 0.100000
	pigment { color rgbt <1,0,0,0> }
	no_shadow
}
cylinder {
	<42.053013, 52.988064, 52.610046>,  <42.354912, 52.850292, 52.833378>, 0.100000
	pigment { color rgbt <1,0,0,0> }
	no_shadow
}

// particle -1
sphere {
	<42.053013, 52.988064, 52.610046> 0.100000
	pigment { color rgbt <1,0,0,0> }
	no_shadow
}
sphere {
	0, 1
	scale<0.080000,0.200000,0.300000>
	matrix <0.654777, 0.343200, -0.673410,
		-0.040322, -0.873833, -0.484551,
		-0.754746, 0.344426, -0.558327,
		41.826588, 53.091393, 52.442547>
	pigment { color rgbt <0,1,1,0> }
	no_shadow
}
cylinder {
	<42.514805, 52.722691, 52.120323>,  <42.354912, 52.850292, 52.833378>, 0.130000
	pigment { color rgbt <1,0,0,0> }
	no_shadow
}

// nucleotide -1

// particle -1
sphere {
	<42.514805, 52.722691, 52.120323> 0.250000
	pigment { color rgbt <1,0,0,0> }
	no_shadow
}
cylinder {
	<42.252922, 53.024174, 52.143253>,  <42.095791, 53.205063, 52.157009>, 0.100000
	pigment { color rgbt <1,0,0,0> }
	no_shadow
}
cylinder {
	<42.252922, 53.024174, 52.143253>,  <42.514805, 52.722691, 52.120323>, 0.100000
	pigment { color rgbt <1,0,0,0> }
	no_shadow
}

// particle -1
sphere {
	<42.252922, 53.024174, 52.143253> 0.100000
	pigment { color rgbt <1,0,0,0> }
	no_shadow
}
sphere {
	0, 1
	scale<0.080000,0.200000,0.300000>
	matrix <0.609047, 0.570923, -0.550554,
		-0.447680, -0.325542, -0.832830,
		-0.654710, 0.753704, 0.057321,
		42.056511, 53.250286, 52.160450>
	pigment { color rgbt <0,1,1,0> }
	no_shadow
}
cylinder {
	<43.239155, 52.819061, 52.108116>,  <42.514805, 52.722691, 52.120323>, 0.130000
	pigment { color rgbt <1,0,0,0> }
	no_shadow
}

// nucleotide -1

// particle -1
sphere {
	<43.239155, 52.819061, 52.108116> 0.250000
	pigment { color rgbt <1,0,0,0> }
	no_shadow
}
cylinder {
	<43.384087, 53.191730, 52.097549>,  <43.471046, 53.415333, 52.091209>, 0.100000
	pigment { color rgbt <1,0,0,0> }
	no_shadow
}
cylinder {
	<43.384087, 53.191730, 52.097549>,  <43.239155, 52.819061, 52.108116>, 0.100000
	pigment { color rgbt <1,0,0,0> }
	no_shadow
}

// particle -1
sphere {
	<43.384087, 53.191730, 52.097549> 0.100000
	pigment { color rgbt <1,0,0,0> }
	no_shadow
}
sphere {
	0, 1
	scale<0.080000,0.200000,0.300000>
	matrix <0.931946, -0.361720, 0.025215,
		0.013937, -0.033753, -0.999333,
		0.362330, 0.931675, -0.026415,
		43.492786, 53.471233, 52.089626>
	pigment { color rgbt <0,1,1,0> }
	no_shadow
}
cylinder {
	<43.789539, 53.261219, 51.614059>,  <43.239155, 52.819061, 52.108116>, 0.130000
	pigment { color rgbt <1,0,0,0> }
	no_shadow
}

// nucleotide -1

// particle -1
sphere {
	<43.789539, 53.261219, 51.614059> 0.250000
	pigment { color rgbt <1,0,0,0> }
	no_shadow
}
cylinder {
	<43.796543, 53.357006, 52.002357>,  <43.800743, 53.414478, 52.235336>, 0.100000
	pigment { color rgbt <1,0,0,0> }
	no_shadow
}
cylinder {
	<43.796543, 53.357006, 52.002357>,  <43.789539, 53.261219, 51.614059>, 0.100000
	pigment { color rgbt <1,0,0,0> }
	no_shadow
}

// particle -1
sphere {
	<43.796543, 53.357006, 52.002357> 0.100000
	pigment { color rgbt <1,0,0,0> }
	no_shadow
}
sphere {
	0, 1
	scale<0.080000,0.200000,0.300000>
	matrix <0.934753, -0.348513, 0.069112,
		0.354868, 0.906199, -0.229940,
		0.017507, 0.239462, 0.970748,
		43.801796, 53.428844, 52.293583>
	pigment { color rgbt <0,1,1,0> }
	no_shadow
}
cylinder {
	<44.528534, 53.458157, 51.860245>,  <43.789539, 53.261219, 51.614059>, 0.130000
	pigment { color rgbt <1,0,0,0> }
	no_shadow
}

// nucleotide -1

// particle -1
sphere {
	<44.528534, 53.458157, 51.860245> 0.250000
	pigment { color rgbt <1,0,0,0> }
	no_shadow
}
cylinder {
	<44.344971, 53.412144, 52.212646>,  <44.234833, 53.384537, 52.424088>, 0.100000
	pigment { color rgbt <1,0,0,0> }
	no_shadow
}
cylinder {
	<44.344971, 53.412144, 52.212646>,  <44.528534, 53.458157, 51.860245>, 0.100000
	pigment { color rgbt <1,0,0,0> }
	no_shadow
}

// particle -1
sphere {
	<44.344971, 53.412144, 52.212646> 0.100000
	pigment { color rgbt <1,0,0,0> }
	no_shadow
}
sphere {
	0, 1
	scale<0.080000,0.200000,0.300000>
	matrix <0.888439, -0.069161, 0.453754,
		0.008735, 0.990951, 0.133938,
		-0.458912, -0.115033, 0.881004,
		44.207298, 53.377632, 52.476948>
	pigment { color rgbt <0,1,1,0> }
	no_shadow
}
cylinder {
	<44.644871, 53.954353, 52.345490>,  <44.528534, 53.458157, 51.860245>, 0.130000
	pigment { color rgbt <1,0,0,0> }
	no_shadow
}

// nucleotide -1

// particle -1
sphere {
	<44.644871, 53.954353, 52.345490> 0.250000
	pigment { color rgbt <1,0,0,0> }
	no_shadow
}
cylinder {
	<44.593052, 53.605507, 52.534225>,  <44.561962, 53.396198, 52.647465>, 0.100000
	pigment { color rgbt <1,0,0,0> }
	no_shadow
}
cylinder {
	<44.593052, 53.605507, 52.534225>,  <44.644871, 53.954353, 52.345490>, 0.100000
	pigment { color rgbt <1,0,0,0> }
	no_shadow
}

// particle -1
sphere {
	<44.593052, 53.605507, 52.534225> 0.100000
	pigment { color rgbt <1,0,0,0> }
	no_shadow
}
sphere {
	0, 1
	scale<0.080000,0.200000,0.300000>
	matrix <0.870382, 0.127951, 0.475462,
		-0.475030, 0.472272, 0.742499,
		-0.129544, -0.872117, 0.471837,
		44.554188, 53.343872, 52.675777>
	pigment { color rgbt <0,1,1,0> }
	no_shadow
}
cylinder {
	<44.851791, 54.148575, 53.020935>,  <44.644871, 53.954353, 52.345490>, 0.130000
	pigment { color rgbt <1,0,0,0> }
	no_shadow
}

// nucleotide -1

// particle -1
sphere {
	<44.851791, 54.148575, 53.020935> 0.250000
	pigment { color rgbt <1,0,0,0> }
	no_shadow
}
cylinder {
	<44.879841, 53.749603, 53.026756>,  <44.896671, 53.510220, 53.030247>, 0.100000
	pigment { color rgbt <1,0,0,0> }
	no_shadow
}
cylinder {
	<44.879841, 53.749603, 53.026756>,  <44.851791, 54.148575, 53.020935>, 0.100000
	pigment { color rgbt <1,0,0,0> }
	no_shadow
}

// particle -1
sphere {
	<44.879841, 53.749603, 53.026756> 0.100000
	pigment { color rgbt <1,0,0,0> }
	no_shadow
}
sphere {
	0, 1
	scale<0.080000,0.200000,0.300000>
	matrix <0.968705, 0.071574, 0.237669,
		-0.238101, -0.002572, 0.971237,
		0.070127, -0.997432, 0.014551,
		44.900879, 53.450375, 53.031120>
	pigment { color rgbt <0,1,1,0> }
	no_shadow
}
cylinder {
	<44.860035, 53.848991, 53.662571>,  <44.851791, 54.148575, 53.020935>, 0.130000
	pigment { color rgbt <1,0,0,0> }
	no_shadow
}

// nucleotide -1

// particle -1
sphere {
	<44.860035, 53.848991, 53.662571> 0.250000
	pigment { color rgbt <1,0,0,0> }
	no_shadow
}
cylinder {
	<45.076019, 53.657429, 53.385704>,  <45.205608, 53.542492, 53.219585>, 0.100000
	pigment { color rgbt <1,0,0,0> }
	no_shadow
}
cylinder {
	<45.076019, 53.657429, 53.385704>,  <44.860035, 53.848991, 53.662571>, 0.100000
	pigment { color rgbt <1,0,0,0> }
	no_shadow
}

// particle -1
sphere {
	<45.076019, 53.657429, 53.385704> 0.100000
	pigment { color rgbt <1,0,0,0> }
	no_shadow
}
sphere {
	0, 1
	scale<0.080000,0.200000,0.300000>
	matrix <0.840971, 0.272972, 0.467176,
		-0.034790, -0.834348, 0.550138,
		0.539960, -0.478903, -0.692166,
		45.238007, 53.513760, 53.178055>
	pigment { color rgbt <0,1,1,0> }
	no_shadow
}
cylinder {
	<45.399517, 53.583767, 54.029072>,  <44.860035, 53.848991, 53.662571>, 0.130000
	pigment { color rgbt <1,0,0,0> }
	no_shadow
}

// nucleotide -1

// particle -1
sphere {
	<45.399517, 53.583767, 54.029072> 0.250000
	pigment { color rgbt <1,0,0,0> }
	no_shadow
}
cylinder {
	<45.544231, 53.594238, 53.656315>,  <45.631062, 53.600521, 53.432659>, 0.100000
	pigment { color rgbt <1,0,0,0> }
	no_shadow
}
cylinder {
	<45.544231, 53.594238, 53.656315>,  <45.399517, 53.583767, 54.029072>, 0.100000
	pigment { color rgbt <1,0,0,0> }
	no_shadow
}

// particle -1
sphere {
	<45.544231, 53.594238, 53.656315> 0.100000
	pigment { color rgbt <1,0,0,0> }
	no_shadow
}
sphere {
	0, 1
	scale<0.080000,0.200000,0.300000>
	matrix <0.897518, 0.260569, 0.355760,
		0.252135, -0.965101, 0.070779,
		0.361787, 0.026174, -0.931893,
		45.652767, 53.602093, 53.376747>
	pigment { color rgbt <0,1,1,0> }
	no_shadow
}
cylinder {
	<46.006573, 53.052410, 53.832504>,  <45.399517, 53.583767, 54.029072>, 0.130000
	pigment { color rgbt <1,0,0,0> }
	no_shadow
}

// nucleotide -1

// particle -1
sphere {
	<46.006573, 53.052410, 53.832504> 0.250000
	pigment { color rgbt <1,0,0,0> }
	no_shadow
}
cylinder {
	<46.012691, 53.402657, 53.639397>,  <46.016361, 53.612804, 53.523533>, 0.100000
	pigment { color rgbt <1,0,0,0> }
	no_shadow
}
cylinder {
	<46.012691, 53.402657, 53.639397>,  <46.006573, 53.052410, 53.832504>, 0.100000
	pigment { color rgbt <1,0,0,0> }
	no_shadow
}

// particle -1
sphere {
	<46.012691, 53.402657, 53.639397> 0.100000
	pigment { color rgbt <1,0,0,0> }
	no_shadow
}
sphere {
	0, 1
	scale<0.080000,0.200000,0.300000>
	matrix <0.722625, 0.324021, 0.610593,
		0.691071, -0.358199, -0.627785,
		0.015298, 0.875616, -0.482765,
		46.017281, 53.665340, 53.494568>
	pigment { color rgbt <0,1,1,0> }
	no_shadow
}
cylinder {
	<46.641281, 53.177704, 53.446201>,  <46.006573, 53.052410, 53.832504>, 0.130000
	pigment { color rgbt <1,0,0,0> }
	no_shadow
}

// nucleotide -1

// particle -1
sphere {
	<46.641281, 53.177704, 53.446201> 0.250000
	pigment { color rgbt <1,0,0,0> }
	no_shadow
}
cylinder {
	<46.465042, 53.504326, 53.595394>,  <46.359299, 53.700298, 53.684910>, 0.100000
	pigment { color rgbt <1,0,0,0> }
	no_shadow
}
cylinder {
	<46.465042, 53.504326, 53.595394>,  <46.641281, 53.177704, 53.446201>, 0.100000
	pigment { color rgbt <1,0,0,0> }
	no_shadow
}

// particle -1
sphere {
	<46.465042, 53.504326, 53.595394> 0.100000
	pigment { color rgbt <1,0,0,0> }
	no_shadow
}
sphere {
	0, 1
	scale<0.080000,0.200000,0.300000>
	matrix <0.806601, 0.177721, 0.563746,
		0.394040, 0.549235, -0.736935,
		-0.440598, 0.816551, 0.372984,
		46.332863, 53.749290, 53.707291>
	pigment { color rgbt <0,1,1,0> }
	no_shadow
}
cylinder {
	<47.215275, 53.540936, 53.539890>,  <46.641281, 53.177704, 53.446201>, 0.130000
	pigment { color rgbt <1,0,0,0> }
	no_shadow
}

// nucleotide -1

// particle -1
sphere {
	<47.215275, 53.540936, 53.539890> 0.250000
	pigment { color rgbt <1,0,0,0> }
	no_shadow
}
cylinder {
	<46.935947, 53.727264, 53.757278>,  <46.768353, 53.839062, 53.887711>, 0.100000
	pigment { color rgbt <1,0,0,0> }
	no_shadow
}
cylinder {
	<46.935947, 53.727264, 53.757278>,  <47.215275, 53.540936, 53.539890>, 0.100000
	pigment { color rgbt <1,0,0,0> }
	no_shadow
}

// particle -1
sphere {
	<46.935947, 53.727264, 53.757278> 0.100000
	pigment { color rgbt <1,0,0,0> }
	no_shadow
}
sphere {
	0, 1
	scale<0.080000,0.200000,0.300000>
	matrix <0.715725, 0.444387, 0.538756,
		0.009452, 0.765200, -0.643723,
		-0.698318, 0.465821, 0.543472,
		46.726452, 53.867012, 53.920319>
	pigment { color rgbt <0,1,1,0> }
	no_shadow
}
cylinder {
	<47.225506, 54.333828, 53.591957>,  <47.215275, 53.540936, 53.539890>, 0.130000
	pigment { color rgbt <1,0,0,0> }
	no_shadow
}

// nucleotide -1

// particle -1
sphere {
	<47.225506, 54.333828, 53.591957> 0.250000
	pigment { color rgbt <1,0,0,0> }
	no_shadow
}
cylinder {
	<47.059135, 54.153923, 53.908112>,  <46.959312, 54.045979, 54.097805>, 0.100000
	pigment { color rgbt <1,0,0,0> }
	no_shadow
}
cylinder {
	<47.059135, 54.153923, 53.908112>,  <47.225506, 54.333828, 53.591957>, 0.100000
	pigment { color rgbt <1,0,0,0> }
	no_shadow
}

// particle -1
sphere {
	<47.059135, 54.153923, 53.908112> 0.100000
	pigment { color rgbt <1,0,0,0> }
	no_shadow
}
sphere {
	0, 1
	scale<0.080000,0.200000,0.300000>
	matrix <0.621369, 0.494054, 0.608121,
		-0.664007, 0.744057, 0.073981,
		-0.415926, -0.449766, 0.790390,
		46.934357, 54.018993, 54.145229>
	pigment { color rgbt <0,1,1,0> }
	no_shadow
}
cylinder {
	<47.242287, 54.763275, 54.189476>,  <47.225506, 54.333828, 53.591957>, 0.130000
	pigment { color rgbt <1,0,0,0> }
	no_shadow
}

// nucleotide -1

// particle -1
sphere {
	<47.242287, 54.763275, 54.189476> 0.250000
	pigment { color rgbt <1,0,0,0> }
	no_shadow
}
cylinder {
	<47.194092, 54.412983, 54.376488>,  <47.165176, 54.202808, 54.488693>, 0.100000
	pigment { color rgbt <1,0,0,0> }
	no_shadow
}
cylinder {
	<47.194092, 54.412983, 54.376488>,  <47.242287, 54.763275, 54.189476>, 0.100000
	pigment { color rgbt <1,0,0,0> }
	no_shadow
}

// particle -1
sphere {
	<47.194092, 54.412983, 54.376488> 0.100000
	pigment { color rgbt <1,0,0,0> }
	no_shadow
}
sphere {
	0, 1
	scale<0.080000,0.200000,0.300000>
	matrix <0.552980, 0.331918, 0.764228,
		-0.824437, 0.350609, 0.444270,
		-0.120484, -0.875730, 0.467526,
		47.157948, 54.150265, 54.516747>
	pigment { color rgbt <0,1,1,0> }
	no_shadow
}
cylinder {
	<46.865658, 54.759075, 54.861988>,  <47.242287, 54.763275, 54.189476>, 0.130000
	pigment { color rgbt <1,0,0,0> }
	no_shadow
}

// nucleotide -1

// particle -1
sphere {
	<46.865658, 54.759075, 54.861988> 0.250000
	pigment { color rgbt <1,0,0,0> }
	no_shadow
}
cylinder {
	<47.148247, 54.476322, 54.848000>,  <47.317799, 54.306671, 54.839607>, 0.100000
	pigment { color rgbt <1,0,0,0> }
	no_shadow
}
cylinder {
	<47.148247, 54.476322, 54.848000>,  <46.865658, 54.759075, 54.861988>, 0.100000
	pigment { color rgbt <1,0,0,0> }
	no_shadow
}

// particle -1
sphere {
	<47.148247, 54.476322, 54.848000> 0.100000
	pigment { color rgbt <1,0,0,0> }
	no_shadow
}
sphere {
	0, 1
	scale<0.080000,0.200000,0.300000>
	matrix <0.298284, 0.252571, 0.920454,
		-0.641817, -0.660703, 0.389285,
		0.706468, -0.706880, -0.034973,
		47.360188, 54.264259, 54.837509>
	pigment { color rgbt <0,1,1,0> }
	no_shadow
}
cylinder {
	<46.704594, 54.264980, 55.344093>,  <46.865658, 54.759075, 54.861988>, 0.130000
	pigment { color rgbt <1,0,0,0> }
	no_shadow
}

// nucleotide -1

// particle -1
sphere {
	<46.704594, 54.264980, 55.344093> 0.250000
	pigment { color rgbt <1,0,0,0> }
	no_shadow
}
cylinder {
	<47.096760, 54.295532, 55.271477>,  <47.332058, 54.313862, 55.227909>, 0.100000
	pigment { color rgbt <1,0,0,0> }
	no_shadow
}
cylinder {
	<47.096760, 54.295532, 55.271477>,  <46.704594, 54.264980, 55.344093>, 0.100000
	pigment { color rgbt <1,0,0,0> }
	no_shadow
}

// particle -1
sphere {
	<47.096760, 54.295532, 55.271477> 0.100000
	pigment { color rgbt <1,0,0,0> }
	no_shadow
}
sphere {
	0, 1
	scale<0.080000,0.200000,0.300000>
	matrix <0.144355, 0.348387, 0.926169,
		0.133985, -0.934234, 0.330538,
		0.980413, 0.076378, -0.181539,
		47.390884, 54.318447, 55.217014>
	pigment { color rgbt <0,1,1,0> }
	no_shadow
}
cylinder {
	<47.244839, 54.340591, 55.784664>,  <46.704594, 54.264980, 55.344093>, 0.130000
	pigment { color rgbt <1,0,0,0> }
	no_shadow
}

// nucleotide -1

// particle -1
sphere {
	<47.244839, 54.340591, 55.784664> 0.250000
	pigment { color rgbt <1,0,0,0> }
	no_shadow
}
cylinder {
	<47.362816, 53.959301, 55.811127>,  <47.433601, 53.730526, 55.827003>, 0.100000
	pigment { color rgbt <1,0,0,0> }
	no_shadow
}
cylinder {
	<47.362816, 53.959301, 55.811127>,  <47.244839, 54.340591, 55.784664>, 0.100000
	pigment { color rgbt <1,0,0,0> }
	no_shadow
}

// particle -1
sphere {
	<47.362816, 53.959301, 55.811127> 0.100000
	pigment { color rgbt <1,0,0,0> }
	no_shadow
}
sphere {
	0, 1
	scale<0.080000,0.200000,0.300000>
	matrix <0.908274, 0.301189, 0.290385,
		-0.296726, -0.025563, 0.954620,
		0.294945, -0.953222, 0.066152,
		47.451298, 53.673336, 55.830971>
	pigment { color rgbt <0,1,1,0> }
	no_shadow
}
cylinder {
	<47.700077, 54.291927, 56.351711>,  <47.244839, 54.340591, 55.784664>, 0.130000
	pigment { color rgbt <1,0,0,0> }
	no_shadow
}

// nucleotide -1

// particle -1
sphere {
	<47.700077, 54.291927, 56.351711> 0.250000
	pigment { color rgbt <1,0,0,0> }
	no_shadow
}
cylinder {
	<47.792805, 53.946159, 56.173256>,  <47.848442, 53.738701, 56.066181>, 0.100000
	pigment { color rgbt <1,0,0,0> }
	no_shadow
}
cylinder {
	<47.792805, 53.946159, 56.173256>,  <47.700077, 54.291927, 56.351711>, 0.100000
	pigment { color rgbt <1,0,0,0> }
	no_shadow
}

// particle -1
sphere {
	<47.792805, 53.946159, 56.173256> 0.100000
	pigment { color rgbt <1,0,0,0> }
	no_shadow
}
sphere {
	0, 1
	scale<0.080000,0.200000,0.300000>
	matrix <0.966408, 0.152339, 0.206997,
		-0.110968, -0.479138, 0.870696,
		0.231821, -0.864419, -0.446139,
		47.862350, 53.686832, 56.039413>
	pigment { color rgbt <0,1,1,0> }
	no_shadow
}
cylinder {
	<47.589111, 55.013527, 56.038368>,  <47.700077, 54.291927, 56.351711>, 0.130000
	pigment { color rgbt <1,0,0,0> }
	no_shadow
}

// nucleotide -1

// particle -1
sphere {
	<47.589111, 55.013527, 56.038368> 0.250000
	pigment { color rgbt <1,0,0,0> }
	no_shadow
}
cylinder {
	<47.445412, 54.960304, 55.668884>,  <47.359192, 54.928371, 55.447193>, 0.100000
	pigment { color rgbt <1,0,0,0> }
	no_shadow
}
cylinder {
	<47.445412, 54.960304, 55.668884>,  <47.589111, 55.013527, 56.038368>, 0.100000
	pigment { color rgbt <1,0,0,0> }
	no_shadow
}

// particle -1
sphere {
	<47.445412, 54.960304, 55.668884> 0.100000
	pigment { color rgbt <1,0,0,0> }
	no_shadow
}
sphere {
	0, 1
	scale<0.080000,0.200000,0.300000>
	matrix <0.779875, 0.500830, -0.375452,
		0.512576, -0.855258, -0.076158,
		-0.359250, -0.133054, -0.923707,
		47.337635, 54.920387, 55.391773>
	pigment { color rgbt <0,1,1,0> }
	no_shadow
}
cylinder {
	<48.011402, 54.664509, 55.628456>,  <47.589111, 55.013527, 56.038368>, 0.130000
	pigment { color rgbt <1,0,0,0> }
	no_shadow
}

// nucleotide -1

// particle -1
sphere {
	<48.011402, 54.664509, 55.628456> 0.250000
	pigment { color rgbt <1,0,0,0> }
	no_shadow
}
cylinder {
	<47.790794, 54.884212, 55.377335>,  <47.658428, 55.016033, 55.226662>, 0.100000
	pigment { color rgbt <1,0,0,0> }
	no_shadow
}
cylinder {
	<47.790794, 54.884212, 55.377335>,  <48.011402, 54.664509, 55.628456>, 0.100000
	pigment { color rgbt <1,0,0,0> }
	no_shadow
}

// particle -1
sphere {
	<47.790794, 54.884212, 55.377335> 0.100000
	pigment { color rgbt <1,0,0,0> }
	no_shadow
}
sphere {
	0, 1
	scale<0.080000,0.200000,0.300000>
	matrix <0.833068, 0.401179, -0.380859,
		0.042673, -0.733057, -0.678827,
		-0.551523, 0.549256, -0.627806,
		47.625336, 55.048988, 55.188992>
	pigment { color rgbt <0,1,1,0> }
	no_shadow
}
cylinder {
	<48.286839, 54.594486, 54.982510>,  <48.011402, 54.664509, 55.628456>, 0.130000
	pigment { color rgbt <1,0,0,0> }
	no_shadow
}

// nucleotide -1

// particle -1
sphere {
	<48.286839, 54.594486, 54.982510> 0.250000
	pigment { color rgbt <1,0,0,0> }
	no_shadow
}
cylinder {
	<48.127876, 54.959564, 55.020584>,  <48.032501, 55.178612, 55.043430>, 0.100000
	pigment { color rgbt <1,0,0,0> }
	no_shadow
}
cylinder {
	<48.127876, 54.959564, 55.020584>,  <48.286839, 54.594486, 54.982510>, 0.100000
	pigment { color rgbt <1,0,0,0> }
	no_shadow
}

// particle -1
sphere {
	<48.127876, 54.959564, 55.020584> 0.100000
	pigment { color rgbt <1,0,0,0> }
	no_shadow
}
sphere {
	0, 1
	scale<0.080000,0.200000,0.300000>
	matrix <0.848123, 0.404920, -0.341653,
		-0.350369, -0.055040, -0.934993,
		-0.397402, 0.912694, 0.095191,
		48.008656, 55.233372, 55.049141>
	pigment { color rgbt <0,1,1,0> }
	no_shadow
}
cylinder {
	<48.531559, 55.033394, 54.317261>,  <48.286839, 54.594486, 54.982510>, 0.130000
	pigment { color rgbt <1,0,0,0> }
	no_shadow
}

// nucleotide -1

// particle -1
sphere {
	<48.531559, 55.033394, 54.317261> 0.250000
	pigment { color rgbt <1,0,0,0> }
	no_shadow
}
cylinder {
	<48.443787, 55.247299, 54.643665>,  <48.391125, 55.375645, 54.839508>, 0.100000
	pigment { color rgbt <1,0,0,0> }
	no_shadow
}
cylinder {
	<48.443787, 55.247299, 54.643665>,  <48.531559, 55.033394, 54.317261>, 0.100000
	pigment { color rgbt <1,0,0,0> }
	no_shadow
}

// particle -1
sphere {
	<48.443787, 55.247299, 54.643665> 0.100000
	pigment { color rgbt <1,0,0,0> }
	no_shadow
}
sphere {
	0, 1
	scale<0.080000,0.200000,0.300000>
	matrix <0.887407, 0.456955, -0.060830,
		-0.405410, 0.710787, -0.574825,
		-0.219432, 0.534765, 0.816012,
		48.377956, 55.407730, 54.888470>
	pigment { color rgbt <0,1,1,0> }
	no_shadow
}
cylinder {
	<48.761532, 55.693298, 54.221256>,  <48.531559, 55.033394, 54.317261>, 0.130000
	pigment { color rgbt <1,0,0,0> }
	no_shadow
}

// nucleotide -1

// particle -1
sphere {
	<48.761532, 55.693298, 54.221256> 0.250000
	pigment { color rgbt <1,0,0,0> }
	no_shadow
}
cylinder {
	<48.757427, 55.655910, 54.619484>,  <48.754967, 55.633476, 54.858421>, 0.100000
	pigment { color rgbt <1,0,0,0> }
	no_shadow
}
cylinder {
	<48.757427, 55.655910, 54.619484>,  <48.761532, 55.693298, 54.221256>, 0.100000
	pigment { color rgbt <1,0,0,0> }
	no_shadow
}

// particle -1
sphere {
	<48.757427, 55.655910, 54.619484> 0.100000
	pigment { color rgbt <1,0,0,0> }
	no_shadow
}
sphere {
	0, 1
	scale<0.080000,0.200000,0.300000>
	matrix <0.931342, 0.361533, 0.043541,
		-0.364001, 0.927662, 0.083346,
		-0.010258, -0.093473, 0.995569,
		48.754349, 55.627869, 54.918156>
	pigment { color rgbt <0,1,1,0> }
	no_shadow
}
cylinder {
	<48.808365, 56.401035, 54.579662>,  <48.761532, 55.693298, 54.221256>, 0.130000
	pigment { color rgbt <1,0,0,0> }
	no_shadow
}

// nucleotide -1

// particle -1
sphere {
	<48.808365, 56.401035, 54.579662> 0.250000
	pigment { color rgbt <1,0,0,0> }
	no_shadow
}
cylinder {
	<48.976501, 56.092182, 54.770294>,  <49.077385, 55.906872, 54.884674>, 0.100000
	pigment { color rgbt <1,0,0,0> }
	no_shadow
}
cylinder {
	<48.976501, 56.092182, 54.770294>,  <48.808365, 56.401035, 54.579662>, 0.100000
	pigment { color rgbt <1,0,0,0> }
	no_shadow
}

// particle -1
sphere {
	<48.976501, 56.092182, 54.770294> 0.100000
	pigment { color rgbt <1,0,0,0> }
	no_shadow
}
sphere {
	0, 1
	scale<0.080000,0.200000,0.300000>
	matrix <0.851891, 0.516659, 0.085701,
		-0.312403, 0.369972, 0.874942,
		0.420340, -0.772129, 0.476582,
		49.102604, 55.860542, 54.913269>
	pigment { color rgbt <0,1,1,0> }
	no_shadow
}
cylinder {
	<49.027092, 56.596718, 55.398342>,  <48.808365, 56.401035, 54.579662>, 0.130000
	pigment { color rgbt <1,0,0,0> }
	no_shadow
}

// nucleotide -1

// particle -1
sphere {
	<49.027092, 56.596718, 55.398342> 0.250000
	pigment { color rgbt <1,0,0,0> }
	no_shadow
}
cylinder {
	<49.255653, 56.371235, 55.159767>,  <49.392792, 56.235947, 55.016621>, 0.100000
	pigment { color rgbt <1,0,0,0> }
	no_shadow
}
cylinder {
	<49.255653, 56.371235, 55.159767>,  <49.027092, 56.596718, 55.398342>, 0.100000
	pigment { color rgbt <1,0,0,0> }
	no_shadow
}

// particle -1
sphere {
	<49.255653, 56.371235, 55.159767> 0.100000
	pigment { color rgbt <1,0,0,0> }
	no_shadow
}
sphere {
	0, 1
	scale<0.080000,0.200000,0.300000>
	matrix <0.758308, 0.640553, 0.121083,
		0.313794, -0.521470, 0.793475,
		0.571404, -0.563703, -0.596437,
		49.427074, 56.202126, 54.980835>
	pigment { color rgbt <0,1,1,0> }
	no_shadow
}
cylinder {
	<49.676910, 56.565670, 55.795391>,  <49.027092, 56.596718, 55.398342>, 0.130000
	pigment { color rgbt <1,0,0,0> }
	no_shadow
}

// nucleotide -1

// particle -1
sphere {
	<49.676910, 56.565670, 55.795391> 0.250000
	pigment { color rgbt <1,0,0,0> }
	no_shadow
}
cylinder {
	<49.740799, 56.463989, 55.413841>,  <49.779133, 56.402981, 55.184914>, 0.100000
	pigment { color rgbt <1,0,0,0> }
	no_shadow
}
cylinder {
	<49.740799, 56.463989, 55.413841>,  <49.676910, 56.565670, 55.795391>, 0.100000
	pigment { color rgbt <1,0,0,0> }
	no_shadow
}

// particle -1
sphere {
	<49.740799, 56.463989, 55.413841> 0.100000
	pigment { color rgbt <1,0,0,0> }
	no_shadow
}
sphere {
	0, 1
	scale<0.080000,0.200000,0.300000>
	matrix <0.907889, 0.417216, 0.040832,
		0.387591, -0.872532, 0.297424,
		0.159718, -0.254202, -0.953872,
		49.788715, 56.387730, 55.127678>
	pigment { color rgbt <0,1,1,0> }
	no_shadow
}
cylinder {
	<50.377884, 56.201458, 55.611252>,  <49.676910, 56.565670, 55.795391>, 0.130000
	pigment { color rgbt <1,0,0,0> }
	no_shadow
}

// nucleotide -1

// particle -1
sphere {
	<50.377884, 56.201458, 55.611252> 0.250000
	pigment { color rgbt <1,0,0,0> }
	no_shadow
}
cylinder {
	<50.226974, 56.465378, 55.351303>,  <50.136429, 56.623730, 55.195335>, 0.100000
	pigment { color rgbt <1,0,0,0> }
	no_shadow
}
cylinder {
	<50.226974, 56.465378, 55.351303>,  <50.377884, 56.201458, 55.611252>, 0.100000
	pigment { color rgbt <1,0,0,0> }
	no_shadow
}

// particle -1
sphere {
	<50.226974, 56.465378, 55.351303> 0.100000
	pigment { color rgbt <1,0,0,0> }
	no_shadow
}
sphere {
	0, 1
	scale<0.080000,0.200000,0.300000>
	matrix <0.892221, 0.447026, -0.064103,
		0.248214, -0.604011, -0.757338,
		-0.377269, 0.659802, -0.649869,
		50.113792, 56.663319, 55.156342>
	pigment { color rgbt <0,1,1,0> }
	no_shadow
}
cylinder {
	<50.886826, 56.186752, 54.977482>,  <50.377884, 56.201458, 55.611252>, 0.130000
	pigment { color rgbt <1,0,0,0> }
	no_shadow
}

// nucleotide -1

// particle -1
sphere {
	<50.886826, 56.186752, 54.977482> 0.250000
	pigment { color rgbt <1,0,0,0> }
	no_shadow
}
cylinder {
	<50.656933, 56.513916, 54.966888>,  <50.518997, 56.710217, 54.960533>, 0.100000
	pigment { color rgbt <1,0,0,0> }
	no_shadow
}
cylinder {
	<50.656933, 56.513916, 54.966888>,  <50.886826, 56.186752, 54.977482>, 0.100000
	pigment { color rgbt <1,0,0,0> }
	no_shadow
}

// particle -1
sphere {
	<50.656933, 56.513916, 54.966888> 0.100000
	pigment { color rgbt <1,0,0,0> }
	no_shadow
}
sphere {
	0, 1
	scale<0.080000,0.200000,0.300000>
	matrix <0.794936, 0.550320, -0.255392,
		-0.194316, -0.167832, -0.966475,
