// switches for output
#declare DRAW_BASES = 1; // possible values are 0, 1; only relevant for DNA ribbons
#declare DRAW_BASES_TYPE = 3; // possible values are 1, 2, 3; only relevant for DNA ribbons
#declare DRAW_FOG = 0; // set to 1 to enable fog

#include "colors.inc"

#include "transforms.inc"
background { rgb <1, 1, 1>}

#default {
   normal{
       ripples 0.25
       frequency 0.20
       turbulence 0.2
       lambda 5
   }
	finish {
		phong 0.1
		phong_size 40.
	}
}

// original window dimensions: 1024x640


// camera settings

camera {
	sky <-0, 1, 0>
	up <-0, 1, 0>
	right 1.6 * <0.99995, 0, 0.00999983>
	location <54.4867, 55, 106.329>
	look_at <55, 55, 55.0001>
	direction <0.513302, 0, -51.3289>
	angle 67.0682
}


# declare cpy_camera_pos = <54.4867, 55, 106.329>;
# if (DRAW_FOG = 1)
fog {
	fog_type 2
	up vnormalize(cpy_camera_pos)
	color rgbt<1,1,1,0.3>
	distance 1e-5
	fog_alt 3e-3
	fog_offset 88
}
# end


// LIGHTS

# declare lum = 6;
global_settings {
	ambient_light rgb lum * <0.05, 0.05, 0.05>
	max_trace_level 15
}# declare cpy_direct_light_amount = 0.25;
light_source
{	1000 * <-0.98995, -1, 1.00995>,
	rgb lum * cpy_direct_light_amount
	parallel
}

light_source
{	1000 * <0.98995, 1, -1.00995>,
	rgb lum * cpy_direct_light_amount
	parallel
}

// strand 0

// nucleotide -1

// particle -1
sphere {
	<36.292953, 53.331142, 50.052727> 0.250000
	pigment { color rgbt <1,0,0,0> }
	no_shadow
}
cylinder {
	<36.533039, 53.468868, 49.763950>,  <36.677090, 53.551502, 49.590687>, 0.100000
	pigment { color rgbt <1,0,0,0> }
	no_shadow
}
cylinder {
	<36.533039, 53.468868, 49.763950>,  <36.292953, 53.331142, 50.052727>, 0.100000
	pigment { color rgbt <1,0,0,0> }
	no_shadow
}

// particle -1
sphere {
	<36.533039, 53.468868, 49.763950> 0.100000
	pigment { color rgbt <1,0,0,0> }
	no_shadow
}
sphere {
	0, 1
	scale<0.080000,0.200000,0.300000>
	matrix <-0.092789, 0.926482, 0.364721,
		0.794439, -0.151923, 0.588036,
		0.600214, 0.344312, -0.721936,
		36.713104, 53.572163, 49.547371>
	pigment { color rgbt <0,1,1,0> }
	no_shadow
}
cylinder {
	<36.922085, 53.734592, 50.315414>,  <36.292953, 53.331142, 50.052727>, 0.130000
	pigment { color rgbt <1,0,0,0> }
	no_shadow
}

// nucleotide -1

// particle -1
sphere {
	<36.922085, 53.734592, 50.315414> 0.250000
	pigment { color rgbt <1,0,0,0> }
	no_shadow
}
cylinder {
	<36.815910, 53.842426, 49.945145>,  <36.752205, 53.907127, 49.722984>, 0.100000
	pigment { color rgbt <1,0,0,0> }
	no_shadow
}
cylinder {
	<36.815910, 53.842426, 49.945145>,  <36.922085, 53.734592, 50.315414>, 0.100000
	pigment { color rgbt <1,0,0,0> }
	no_shadow
}

// particle -1
sphere {
	<36.815910, 53.842426, 49.945145> 0.100000
	pigment { color rgbt <1,0,0,0> }
	no_shadow
}
sphere {
	0, 1
	scale<0.080000,0.200000,0.300000>
	matrix <-0.087452, 0.949423, 0.301574,
		0.960154, 0.161000, -0.228437,
		-0.265437, 0.269580, -0.925673,
		36.736279, 53.923302, 49.667442>
	pigment { color rgbt <0,1,1,0> }
	no_shadow
}
cylinder {
	<37.089161, 54.417057, 50.339886>,  <36.922085, 53.734592, 50.315414>, 0.130000
	pigment { color rgbt <1,0,0,0> }
	no_shadow
}

// nucleotide -1

// particle -1
sphere {
	<37.089161, 54.417057, 50.339886> 0.250000
	pigment { color rgbt <1,0,0,0> }
	no_shadow
}
cylinder {
	<36.838100, 54.407509, 50.028633>,  <36.687466, 54.401779, 49.841881>, 0.100000
	pigment { color rgbt <1,0,0,0> }
	no_shadow
}
cylinder {
	<36.838100, 54.407509, 50.028633>,  <37.089161, 54.417057, 50.339886>, 0.100000
	pigment { color rgbt <1,0,0,0> }
	no_shadow
}

// particle -1
sphere {
	<36.838100, 54.407509, 50.028633> 0.100000
	pigment { color rgbt <1,0,0,0> }
	no_shadow
}
sphere {
	0, 1
	scale<0.080000,0.200000,0.300000>
	matrix <-0.405675, 0.863124, 0.300742,
		0.664444, 0.504428, -0.551423,
		-0.627649, -0.023872, -0.778131,
		36.649807, 54.400349, 49.795193>
	pigment { color rgbt <0,1,1,0> }
	no_shadow
}
cylinder {
	<36.981575, 55.102020, 50.131889>,  <37.089161, 54.417057, 50.339886>, 0.130000
	pigment { color rgbt <1,0,0,0> }
	no_shadow
}

// nucleotide -1

// particle -1
sphere {
	<36.981575, 55.102020, 50.131889> 0.250000
	pigment { color rgbt <1,0,0,0> }
	no_shadow
}
cylinder {
	<36.645603, 54.944984, 49.982014>,  <36.444019, 54.850761, 49.892086>, 0.100000
	pigment { color rgbt <1,0,0,0> }
	no_shadow
}
cylinder {
	<36.645603, 54.944984, 49.982014>,  <36.981575, 55.102020, 50.131889>, 0.100000
	pigment { color rgbt <1,0,0,0> }
	no_shadow
}

// particle -1
sphere {
	<36.645603, 54.944984, 49.982014> 0.100000
	pigment { color rgbt <1,0,0,0> }
	no_shadow
}
sphere {
	0, 1
	scale<0.080000,0.200000,0.300000>
	matrix <-0.526894, 0.755316, 0.389718,
		0.130013, 0.524759, -0.841264,
		-0.839928, -0.392589, -0.374693,
		36.393623, 54.827209, 49.869606>
	pigment { color rgbt <0,1,1,0> }
	no_shadow
}
cylinder {
	<36.603493, 55.389633, 50.781940>,  <36.981575, 55.102020, 50.131889>, 0.130000
	pigment { color rgbt <1,0,0,0> }
	no_shadow
}

// nucleotide -1

// particle -1
sphere {
	<36.603493, 55.389633, 50.781940> 0.250000
	pigment { color rgbt <1,0,0,0> }
	no_shadow
}
cylinder {
	<36.258846, 55.539005, 50.644432>,  <36.052059, 55.628628, 50.561928>, 0.100000
	pigment { color rgbt <1,0,0,0> }
	no_shadow
}
cylinder {
	<36.258846, 55.539005, 50.644432>,  <36.603493, 55.389633, 50.781940>, 0.100000
	pigment { color rgbt <1,0,0,0> }
	no_shadow
}

// particle -1
sphere {
	<36.258846, 55.539005, 50.644432> 0.100000
	pigment { color rgbt <1,0,0,0> }
	no_shadow
}
sphere {
	0, 1
	scale<0.080000,0.200000,0.300000>
	matrix <0.507444, 0.618845, -0.599609,
		-0.011171, -0.691074, -0.722698,
		-0.861612, 0.373427, -0.343768,
		36.000362, 55.651035, 50.541302>
	pigment { color rgbt <0,1,1,0> }
	no_shadow
}
cylinder {
	<37.165726, 55.684357, 50.569172>,  <36.603493, 55.389633, 50.781940>, 0.130000
	pigment { color rgbt <1,0,0,0> }
	no_shadow
}

// nucleotide -1

// particle -1
sphere {
	<37.165726, 55.684357, 50.569172> 0.250000
	pigment { color rgbt <1,0,0,0> }
	no_shadow
}
cylinder {
	<37.308937, 55.333038, 50.442417>,  <37.394863, 55.122250, 50.366364>, 0.100000
	pigment { color rgbt <1,0,0,0> }
	no_shadow
}
cylinder {
	<37.308937, 55.333038, 50.442417>,  <37.165726, 55.684357, 50.569172>, 0.100000
	pigment { color rgbt <1,0,0,0> }
	no_shadow
}

// particle -1
sphere {
	<37.308937, 55.333038, 50.442417> 0.100000
	pigment { color rgbt <1,0,0,0> }
	no_shadow
}
sphere {
	0, 1
	scale<0.080000,0.200000,0.300000>
	matrix <0.644693, 0.478032, -0.596536,
		0.675414, 0.009285, 0.737380,
		0.358030, -0.878293, -0.316884,
		37.416348, 55.069550, 50.347351>
	pigment { color rgbt <0,1,1,0> }
	no_shadow
}
cylinder {
	<37.918598, 55.729862, 50.770958>,  <37.165726, 55.684357, 50.569172>, 0.130000
	pigment { color rgbt <1,0,0,0> }
	no_shadow
}

// nucleotide -1

// particle -1
sphere {
	<37.918598, 55.729862, 50.770958> 0.250000
	pigment { color rgbt <1,0,0,0> }
	no_shadow
}
cylinder {
	<37.854290, 55.462837, 50.480164>,  <37.815704, 55.302620, 50.305687>, 0.100000
	pigment { color rgbt <1,0,0,0> }
	no_shadow
}
cylinder {
	<37.854290, 55.462837, 50.480164>,  <37.918598, 55.729862, 50.770958>, 0.100000
	pigment { color rgbt <1,0,0,0> }
	no_shadow
}

// particle -1
sphere {
	<37.854290, 55.462837, 50.480164> 0.100000
	pigment { color rgbt <1,0,0,0> }
	no_shadow
}
sphere {
	0, 1
	scale<0.080000,0.200000,0.300000>
	matrix <0.668280, 0.468417, -0.577916,
		0.726330, -0.578740, 0.370816,
		-0.160766, -0.667567, -0.726986,
		37.806061, 55.262566, 50.262070>
	pigment { color rgbt <0,1,1,0> }
	no_shadow
}
cylinder {
	<38.538609, 55.302475, 50.518700>,  <37.918598, 55.729862, 50.770958>, 0.130000
	pigment { color rgbt <1,0,0,0> }
	no_shadow
}

// nucleotide -1

// particle -1
sphere {
	<38.538609, 55.302475, 50.518700> 0.250000
	pigment { color rgbt <1,0,0,0> }
	no_shadow
}
cylinder {
	<38.268417, 55.393452, 50.238129>,  <38.106300, 55.448036, 50.069786>, 0.100000
	pigment { color rgbt <1,0,0,0> }
	no_shadow
}
cylinder {
	<38.268417, 55.393452, 50.238129>,  <38.538609, 55.302475, 50.518700>, 0.100000
	pigment { color rgbt <1,0,0,0> }
	no_shadow
}

// particle -1
sphere {
	<38.268417, 55.393452, 50.238129> 0.100000
	pigment { color rgbt <1,0,0,0> }
	no_shadow
}
sphere {
	0, 1
	scale<0.080000,0.200000,0.300000>
	matrix <0.627337, 0.677175, -0.384555,
		0.387525, -0.699789, -0.600100,
		-0.675480, 0.227440, -0.701425,
		38.065773, 55.461685, 50.027702>
	pigment { color rgbt <0,1,1,0> }
	no_shadow
}
cylinder {
	<38.990959, 54.996540, 51.014149>,  <38.538609, 55.302475, 50.518700>, 0.130000
	pigment { color rgbt <1,0,0,0> }
	no_shadow
}

// nucleotide -1

// particle -1
sphere {
	<38.990959, 54.996540, 51.014149> 0.250000
	pigment { color rgbt <1,0,0,0> }
	no_shadow
}
cylinder {
	<38.905655, 55.009758, 51.404724>,  <38.854473, 55.017689, 51.639069>, 0.100000
	pigment { color rgbt <1,0,0,0> }
	no_shadow
}
cylinder {
	<38.905655, 55.009758, 51.404724>,  <38.990959, 54.996540, 51.014149>, 0.100000
	pigment { color rgbt <1,0,0,0> }
	no_shadow
}

// particle -1
sphere {
	<38.905655, 55.009758, 51.404724> 0.100000
	pigment { color rgbt <1,0,0,0> }
	no_shadow
}
sphere {
	0, 1
	scale<0.080000,0.200000,0.300000>
	matrix <-0.789813, 0.582452, -0.192210,
		-0.575078, -0.812193, -0.098117,
		-0.213261, 0.033042, 0.976436,
		38.841675, 55.019669, 51.697655>
	pigment { color rgbt <0,1,1,0> }
	no_shadow
}
cylinder {
	<39.541660, 55.401314, 50.620495>,  <38.990959, 54.996540, 51.014149>, 0.130000
	pigment { color rgbt <1,0,0,0> }
	no_shadow
}

// nucleotide -1

// particle -1
sphere {
	<39.541660, 55.401314, 50.620495> 0.250000
	pigment { color rgbt <1,0,0,0> }
	no_shadow
}
cylinder {
	<39.571259, 55.512722, 51.003525>,  <39.589020, 55.579567, 51.233345>, 0.100000
	pigment { color rgbt <1,0,0,0> }
	no_shadow
}
cylinder {
	<39.571259, 55.512722, 51.003525>,  <39.541660, 55.401314, 50.620495>, 0.100000
	pigment { color rgbt <1,0,0,0> }
	no_shadow
}

// particle -1
sphere {
	<39.571259, 55.512722, 51.003525> 0.100000
	pigment { color rgbt <1,0,0,0> }
	no_shadow
}
sphere {
	0, 1
	scale<0.080000,0.200000,0.300000>
	matrix <0.634584, -0.753874, 0.170229,
		0.769303, 0.595065, -0.232528,
		0.074000, 0.278516, 0.957576,
		39.593460, 55.596275, 51.290798>
	pigment { color rgbt <0,1,1,0> }
	no_shadow
}
cylinder {
	<40.128239, 55.434654, 51.106861>,  <39.541660, 55.401314, 50.620495>, 0.130000
	pigment { color rgbt <1,0,0,0> }
	no_shadow
}

// nucleotide -1

// particle -1
sphere {
	<40.128239, 55.434654, 51.106861> 0.250000
	pigment { color rgbt <1,0,0,0> }
	no_shadow
}
cylinder {
	<40.447330, 55.575775, 50.911247>,  <40.638786, 55.660450, 50.793877>, 0.100000
	pigment { color rgbt <1,0,0,0> }
	no_shadow
}
cylinder {
	<40.447330, 55.575775, 50.911247>,  <40.128239, 55.434654, 51.106861>, 0.100000
	pigment { color rgbt <1,0,0,0> }
	no_shadow
}

// particle -1
sphere {
	<40.447330, 55.575775, 50.911247> 0.100000
	pigment { color rgbt <1,0,0,0> }
	no_shadow
}
sphere {
	0, 1
	scale<0.080000,0.200000,0.300000>
	matrix <-0.601518, 0.408383, -0.686585,
		-0.042517, 0.841873, 0.537998,
		0.797727, 0.352807, -0.489039,
		40.686649, 55.681618, 50.764534>
	pigment { color rgbt <0,1,1,0> }
	no_shadow
}
cylinder {
	<40.208462, 56.222298, 50.942272>,  <40.128239, 55.434654, 51.106861>, 0.130000
	pigment { color rgbt <1,0,0,0> }
	no_shadow
}

// nucleotide -1

// particle -1
sphere {
	<40.208462, 56.222298, 50.942272> 0.250000
	pigment { color rgbt <1,0,0,0> }
	no_shadow
}
cylinder {
	<40.333954, 55.989826, 50.641922>,  <40.409248, 55.850342, 50.461712>, 0.100000
	pigment { color rgbt <1,0,0,0> }
	no_shadow
}
cylinder {
	<40.333954, 55.989826, 50.641922>,  <40.208462, 56.222298, 50.942272>, 0.100000
	pigment { color rgbt <1,0,0,0> }
	no_shadow
}

// particle -1
sphere {
	<40.333954, 55.989826, 50.641922> 0.100000
	pigment { color rgbt <1,0,0,0> }
	no_shadow
}
sphere {
	0, 1
	scale<0.080000,0.200000,0.300000>
	matrix <-0.749640, 0.333748, -0.571535,
		0.582765, 0.742189, -0.330968,
		0.313727, -0.581177, -0.750871,
		40.428074, 55.815472, 50.416660>
	pigment { color rgbt <0,1,1,0> }
	no_shadow
}
cylinder {
	<40.406368, 56.573311, 50.354538>,  <40.208462, 56.222298, 50.942272>, 0.130000
	pigment { color rgbt <1,0,0,0> }
	no_shadow
}

// nucleotide -1

// particle -1
sphere {
	<40.406368, 56.573311, 50.354538> 0.250000
	pigment { color rgbt <1,0,0,0> }
	no_shadow
}
cylinder {
	<40.434532, 56.943279, 50.503967>,  <40.451431, 57.165260, 50.593624>, 0.100000
	pigment { color rgbt <1,0,0,0> }
	no_shadow
}
cylinder {
	<40.434532, 56.943279, 50.503967>,  <40.406368, 56.573311, 50.354538>, 0.100000
	pigment { color rgbt <1,0,0,0> }
	no_shadow
}

// particle -1
sphere {
	<40.434532, 56.943279, 50.503967> 0.100000
	pigment { color rgbt <1,0,0,0> }
	no_shadow
}
sphere {
	0, 1
	scale<0.080000,0.200000,0.300000>
	matrix <0.771712, 0.186792, -0.607923,
		-0.632063, 0.331096, -0.700622,
		0.070410, 0.924924, 0.373575,
		40.455654, 57.220757, 50.616039>
	pigment { color rgbt <0,1,1,0> }
	no_shadow
}
cylinder {
	<40.592148, 56.991516, 49.826153>,  <40.406368, 56.573311, 50.354538>, 0.130000
	pigment { color rgbt <1,0,0,0> }
	no_shadow
}

// nucleotide -1

// particle -1
sphere {
	<40.592148, 56.991516, 49.826153> 0.250000
	pigment { color rgbt <1,0,0,0> }
	no_shadow
}
cylinder {
	<40.678741, 57.200348, 50.156139>,  <40.730698, 57.325645, 50.354130>, 0.100000
	pigment { color rgbt <1,0,0,0> }
	no_shadow
}
cylinder {
	<40.678741, 57.200348, 50.156139>,  <40.592148, 56.991516, 49.826153>, 0.100000
	pigment { color rgbt <1,0,0,0> }
	no_shadow
}

// particle -1
sphere {
	<40.678741, 57.200348, 50.156139> 0.100000
	pigment { color rgbt <1,0,0,0> }
	no_shadow
}
sphere {
	0, 1
	scale<0.080000,0.200000,0.300000>
	matrix <0.645097, 0.557757, -0.522261,
		-0.732792, 0.645243, -0.216047,
		0.216483, 0.522080, 0.824965,
		40.743687, 57.356972, 50.403629>
	pigment { color rgbt <0,1,1,0> }
	no_shadow
}
cylinder {
	<41.288158, 57.190689, 49.790020>,  <40.592148, 56.991516, 49.826153>, 0.130000
	pigment { color rgbt <1,0,0,0> }
	no_shadow
}

// nucleotide -1

// particle -1
sphere {
	<41.288158, 57.190689, 49.790020> 0.250000
	pigment { color rgbt <1,0,0,0> }
	no_shadow
}
cylinder {
	<41.652901, 57.060841, 49.890533>,  <41.871746, 56.982933, 49.950840>, 0.100000
	pigment { color rgbt <1,0,0,0> }
	no_shadow
}
cylinder {
	<41.652901, 57.060841, 49.890533>,  <41.288158, 57.190689, 49.790020>, 0.100000
	pigment { color rgbt <1,0,0,0> }
	no_shadow
}

// particle -1
sphere {
	<41.652901, 57.060841, 49.890533> 0.100000
	pigment { color rgbt <1,0,0,0> }
	no_shadow
}
sphere {
	0, 1
	scale<0.080000,0.200000,0.300000>
	matrix <0.407404, 0.790791, -0.456807,
		-0.050426, 0.518916, 0.853337,
		0.911855, -0.324618, 0.251284,
		41.926456, 56.963455, 49.965919>
	pigment { color rgbt <0,1,1,0> }
	no_shadow
}
cylinder {
	<41.754692, 57.417572, 50.372707>,  <41.288158, 57.190689, 49.790020>, 0.130000
	pigment { color rgbt <1,0,0,0> }
	no_shadow
}

// nucleotide -1

// particle -1
sphere {
	<41.754692, 57.417572, 50.372707> 0.250000
	pigment { color rgbt <1,0,0,0> }
	no_shadow
}
cylinder {
	<41.925343, 57.324486, 50.023117>,  <42.027733, 57.268635, 49.813362>, 0.100000
	pigment { color rgbt <1,0,0,0> }
	no_shadow
}
cylinder {
	<41.925343, 57.324486, 50.023117>,  <41.754692, 57.417572, 50.372707>, 0.100000
	pigment { color rgbt <1,0,0,0> }
	no_shadow
}

// particle -1
sphere {
	<41.925343, 57.324486, 50.023117> 0.100000
	pigment { color rgbt <1,0,0,0> }
	no_shadow
}
sphere {
	0, 1
	scale<0.080000,0.200000,0.300000>
	matrix <0.162035, 0.970361, -0.179288,
		0.889793, -0.065125, 0.451695,
		0.426631, -0.232719, -0.873972,
		42.053333, 57.254669, 49.760925>
	pigment { color rgbt <0,1,1,0> }
	no_shadow
}
cylinder {
	<42.512814, 57.694447, 50.304794>,  <41.754692, 57.417572, 50.372707>, 0.130000
	pigment { color rgbt <1,0,0,0> }
	no_shadow
}

// nucleotide -1

// particle -1
sphere {
	<42.512814, 57.694447, 50.304794> 0.250000
	pigment { color rgbt <1,0,0,0> }
	no_shadow
}
cylinder {
	<42.343090, 57.699215, 49.942619>,  <42.241257, 57.702076, 49.725315>, 0.100000
	pigment { color rgbt <1,0,0,0> }
	no_shadow
}
cylinder {
	<42.343090, 57.699215, 49.942619>,  <42.512814, 57.694447, 50.304794>, 0.100000
	pigment { color rgbt <1,0,0,0> }
	no_shadow
}

// particle -1
sphere {
	<42.343090, 57.699215, 49.942619> 0.100000
	pigment { color rgbt <1,0,0,0> }
	no_shadow
}
sphere {
	0, 1
	scale<0.080000,0.200000,0.300000>
	matrix <0.350165, 0.924286, -0.151923,
		0.835074, -0.381515, -0.396356,
		-0.424307, 0.011923, -0.905440,
		42.215797, 57.702793, 49.670986>
	pigment { color rgbt <0,1,1,0> }
	no_shadow
}
cylinder {
	<42.922424, 58.358593, 50.053486>,  <42.512814, 57.694447, 50.304794>, 0.130000
	pigment { color rgbt <1,0,0,0> }
	no_shadow
}

// nucleotide -1

// particle -1
sphere {
	<42.922424, 58.358593, 50.053486> 0.250000
	pigment { color rgbt <1,0,0,0> }
	no_shadow
}
cylinder {
	<43.101620, 58.338081, 50.410511>,  <43.209137, 58.325775, 50.624725>, 0.100000
	pigment { color rgbt <1,0,0,0> }
	no_shadow
}
cylinder {
	<43.101620, 58.338081, 50.410511>,  <42.922424, 58.358593, 50.053486>, 0.100000
	pigment { color rgbt <1,0,0,0> }
	no_shadow
}

// particle -1
sphere {
	<43.101620, 58.338081, 50.410511> 0.100000
	pigment { color rgbt <1,0,0,0> }
	no_shadow
}
sphere {
	0, 1
	scale<0.080000,0.200000,0.300000>
	matrix <0.385436, -0.889731, -0.244577,
		0.806686, 0.453595, -0.378826,
		0.447992, -0.051284, 0.892566,
		43.236019, 58.322697, 50.678280>
	pigment { color rgbt <0,1,1,0> }
	no_shadow
}
cylinder {
	<43.668705, 58.137650, 50.059040>,  <42.922424, 58.358593, 50.053486>, 0.130000
	pigment { color rgbt <1,0,0,0> }
	no_shadow
}

// nucleotide -1

// particle -1
sphere {
	<43.668705, 58.137650, 50.059040> 0.250000
	pigment { color rgbt <1,0,0,0> }
	no_shadow
}
cylinder {
	<43.507435, 58.031738, 50.409431>,  <43.410675, 57.968193, 50.619667>, 0.100000
	pigment { color rgbt <1,0,0,0> }
	no_shadow
}
cylinder {
	<43.507435, 58.031738, 50.409431>,  <43.668705, 58.137650, 50.059040>, 0.100000
	pigment { color rgbt <1,0,0,0> }
	no_shadow
}

// particle -1
sphere {
	<43.507435, 58.031738, 50.409431> 0.100000
	pigment { color rgbt <1,0,0,0> }
	no_shadow
}
sphere {
	0, 1
	scale<0.080000,0.200000,0.300000>
	matrix <0.524146, -0.851476, -0.016132,
		0.750150, 0.452638, 0.482073,
		-0.403171, -0.264778, 0.875983,
		43.386482, 57.952305, 50.672226>
	pigment { color rgbt <0,1,1,0> }
	no_shadow
}
cylinder {
	<44.160690, 57.766285, 50.456741>,  <43.668705, 58.137650, 50.059040>, 0.130000
	pigment { color rgbt <1,0,0,0> }
	no_shadow
}

// nucleotide -1

// particle -1
sphere {
	<44.160690, 57.766285, 50.456741> 0.250000
	pigment { color rgbt <1,0,0,0> }
	no_shadow
}
cylinder {
	<43.861046, 57.590012, 50.654583>,  <43.681259, 57.484249, 50.773289>, 0.100000
	pigment { color rgbt <1,0,0,0> }
	no_shadow
}
cylinder {
	<43.861046, 57.590012, 50.654583>,  <44.160690, 57.766285, 50.456741>, 0.100000
	pigment { color rgbt <1,0,0,0> }
	no_shadow
}

// particle -1
sphere {
	<43.861046, 57.590012, 50.654583> 0.100000
	pigment { color rgbt <1,0,0,0> }
	no_shadow
}
sphere {
	0, 1
	scale<0.080000,0.200000,0.300000>
	matrix <0.641373, -0.669289, 0.375090,
		0.165735, 0.598208, 0.784014,
		-0.749115, -0.440680, 0.494599,
		43.636311, 57.457809, 50.802963>
	pigment { color rgbt <0,1,1,0> }
	no_shadow
}
cylinder {
	<44.311707, 57.750164, 51.238777>,  <44.160690, 57.766285, 50.456741>, 0.130000
	pigment { color rgbt <1,0,0,0> }
	no_shadow
}

// nucleotide -1

// particle -1
sphere {
	<44.311707, 57.750164, 51.238777> 0.250000
	pigment { color rgbt <1,0,0,0> }
	no_shadow
}
cylinder {
	<44.086334, 57.448254, 51.104397>,  <43.951111, 57.267109, 51.023769>, 0.100000
	pigment { color rgbt <1,0,0,0> }
	no_shadow
}
cylinder {
	<44.086334, 57.448254, 51.104397>,  <44.311707, 57.750164, 51.238777>, 0.100000
	pigment { color rgbt <1,0,0,0> }
	no_shadow
}

// particle -1
sphere {
	<44.086334, 57.448254, 51.104397> 0.100000
	pigment { color rgbt <1,0,0,0> }
	no_shadow
}
sphere {
	0, 1
	scale<0.080000,0.200000,0.300000>
	matrix <0.576549, -0.650466, 0.494454,
		-0.591725, 0.084900, 0.801657,
		-0.563430, -0.754775, -0.335948,
		43.917305, 57.221821, 51.003613>
	pigment { color rgbt <0,1,1,0> }
	no_shadow
}
cylinder {
	<44.027733, 57.229202, 51.705711>,  <44.311707, 57.750164, 51.238777>, 0.130000
	pigment { color rgbt <1,0,0,0> }
	no_shadow
}

// nucleotide -1

// particle -1
sphere {
	<44.027733, 57.229202, 51.705711> 0.250000
	pigment { color rgbt <1,0,0,0> }
	no_shadow
}
cylinder {
	<44.153912, 57.112961, 51.344372>,  <44.229618, 57.043217, 51.127567>, 0.100000
	pigment { color rgbt <1,0,0,0> }
	no_shadow
}
cylinder {
	<44.153912, 57.112961, 51.344372>,  <44.027733, 57.229202, 51.705711>, 0.100000
	pigment { color rgbt <1,0,0,0> }
	no_shadow
}

// particle -1
sphere {
	<44.153912, 57.112961, 51.344372> 0.100000
	pigment { color rgbt <1,0,0,0> }
	no_shadow
}
sphere {
	0, 1
	scale<0.080000,0.200000,0.300000>
	matrix <0.736004, -0.525966, 0.426214,
		-0.598991, -0.799318, 0.047970,
		0.315450, -0.290605, -0.903350,
		44.248547, 57.025780, 51.073368>
	pigment { color rgbt <0,1,1,0> }
	no_shadow
}
cylinder {
	<44.006702, 56.448288, 51.605923>,  <44.027733, 57.229202, 51.705711>, 0.130000
	pigment { color rgbt <1,0,0,0> }
	no_shadow
}

// nucleotide -1

// particle -1
sphere {
	<44.006702, 56.448288, 51.605923> 0.250000
	pigment { color rgbt <1,0,0,0> }
	no_shadow
}
cylinder {
	<44.282425, 56.639732, 51.388382>,  <44.447861, 56.754601, 51.257858>, 0.100000
	pigment { color rgbt <1,0,0,0> }
	no_shadow
}
cylinder {
	<44.282425, 56.639732, 51.388382>,  <44.006702, 56.448288, 51.605923>, 0.100000
	pigment { color rgbt <1,0,0,0> }
	no_shadow
}

// particle -1
sphere {
	<44.282425, 56.639732, 51.388382> 0.100000
	pigment { color rgbt <1,0,0,0> }
	no_shadow
}
sphere {
	0, 1
	scale<0.080000,0.200000,0.300000>
	matrix <0.724461, -0.452255, 0.520214,
		0.003021, -0.752590, -0.658482,
		0.689309, 0.478616, -0.543856,
		44.489220, 56.783318, 51.225224>
	pigment { color rgbt <0,1,1,0> }
	no_shadow
}
cylinder {
	<44.394627, 55.920570, 51.144905>,  <44.006702, 56.448288, 51.605923>, 0.130000
	pigment { color rgbt <1,0,0,0> }
	no_shadow
}

// nucleotide -1

// particle -1
sphere {
	<44.394627, 55.920570, 51.144905> 0.250000
	pigment { color rgbt <1,0,0,0> }
	no_shadow
}
cylinder {
	<44.590542, 56.242069, 51.280025>,  <44.708092, 56.434967, 51.361095>, 0.100000
	pigment { color rgbt <1,0,0,0> }
	no_shadow
}
cylinder {
	<44.590542, 56.242069, 51.280025>,  <44.394627, 55.920570, 51.144905>, 0.100000
	pigment { color rgbt <1,0,0,0> }
	no_shadow
}

// particle -1
sphere {
	<44.590542, 56.242069, 51.280025> 0.100000
	pigment { color rgbt <1,0,0,0> }
	no_shadow
}
sphere {
	0, 1
	scale<0.080000,0.200000,0.300000>
	matrix <0.638675, -0.594511, 0.488519,
		0.593469, -0.023525, -0.804513,
		0.489784, 0.803743, 0.337799,
		44.737476, 56.483192, 51.381367>
	pigment { color rgbt <0,1,1,0> }
	no_shadow
}
cylinder {
	<45.114208, 55.938492, 50.944309>,  <44.394627, 55.920570, 51.144905>, 0.130000
	pigment { color rgbt <1,0,0,0> }
	no_shadow
}

// nucleotide -1

// particle -1
sphere {
	<45.114208, 55.938492, 50.944309> 0.250000
	pigment { color rgbt <1,0,0,0> }
	no_shadow
}
cylinder {
	<45.044682, 56.095684, 51.305496>,  <45.002968, 56.189999, 51.522209>, 0.100000
	pigment { color rgbt <1,0,0,0> }
	no_shadow
}
cylinder {
	<45.044682, 56.095684, 51.305496>,  <45.114208, 55.938492, 50.944309>, 0.100000
	pigment { color rgbt <1,0,0,0> }
	no_shadow
}

// particle -1
sphere {
	<45.044682, 56.095684, 51.305496> 0.100000
	pigment { color rgbt <1,0,0,0> }
	no_shadow
}
sphere {
	0, 1
	scale<0.080000,0.200000,0.300000>
	matrix <0.631907, -0.658754, 0.408334,
		0.755303, 0.641566, -0.133830,
		-0.173812, 0.392984, 0.902969,
		44.992538, 56.213581, 51.576385>
	pigment { color rgbt <0,1,1,0> }
	no_shadow
}
cylinder {
	<45.694080, 56.348202, 50.994747>,  <45.114208, 55.938492, 50.944309>, 0.130000
	pigment { color rgbt <1,0,0,0> }
	no_shadow
}

// nucleotide -1

// particle -1
sphere {
	<45.694080, 56.348202, 50.994747> 0.250000
	pigment { color rgbt <1,0,0,0> }
	no_shadow
}
cylinder {
	<45.650208, 56.362427, 50.597416>,  <45.623882, 56.370960, 50.359016>, 0.100000
	pigment { color rgbt <1,0,0,0> }
	no_shadow
}
cylinder {
	<45.650208, 56.362427, 50.597416>,  <45.694080, 56.348202, 50.994747>, 0.100000
	pigment { color rgbt <1,0,0,0> }
	no_shadow
}

// particle -1
sphere {
	<45.650208, 56.362427, 50.597416> 0.100000
	pigment { color rgbt <1,0,0,0> }
	no_shadow
}
sphere {
	0, 1
	scale<0.080000,0.200000,0.300000>
	matrix <0.987044, -0.113842, -0.113063,
		-0.117103, -0.992862, -0.022612,
		-0.109682, 0.035559, -0.993330,
		45.617302, 56.373096, 50.299416>
	pigment { color rgbt <0,1,1,0> }
	no_shadow
}
cylinder {
	<46.009537, 55.689453, 50.734264>,  <45.694080, 56.348202, 50.994747>, 0.130000
	pigment { color rgbt <1,0,0,0> }
	no_shadow
}

// nucleotide -1

// particle -1
sphere {
	<46.009537, 55.689453, 50.734264> 0.250000
	pigment { color rgbt <1,0,0,0> }
	no_shadow
}
cylinder {
	<45.995140, 56.003761, 50.487274>,  <45.986504, 56.192345, 50.339081>, 0.100000
	pigment { color rgbt <1,0,0,0> }
	no_shadow
}
cylinder {
	<45.995140, 56.003761, 50.487274>,  <46.009537, 55.689453, 50.734264>, 0.100000
	pigment { color rgbt <1,0,0,0> }
	no_shadow
}

// particle -1
sphere {
	<45.995140, 56.003761, 50.487274> 0.100000
	pigment { color rgbt <1,0,0,0> }
	no_shadow
}
sphere {
	0, 1
	scale<0.080000,0.200000,0.300000>
	matrix <0.949675, -0.165494, -0.265948,
		-0.311162, -0.595970, -0.740269,
		-0.035987, 0.785768, -0.617474,
		45.984344, 56.239491, 50.302032>
	pigment { color rgbt <0,1,1,0> }
	no_shadow
}
cylinder {
	<46.061745, 55.515213, 50.029121>,  <46.009537, 55.689453, 50.734264>, 0.130000
	pigment { color rgbt <1,0,0,0> }
	no_shadow
}

// nucleotide -1

// particle -1
sphere {
	<46.061745, 55.515213, 50.029121> 0.250000
	pigment { color rgbt <1,0,0,0> }
	no_shadow
}
cylinder {
	<46.243832, 55.847813, 50.156483>,  <46.353085, 56.047375, 50.232899>, 0.100000
	pigment { color rgbt <1,0,0,0> }
	no_shadow
}
cylinder {
	<46.243832, 55.847813, 50.156483>,  <46.061745, 55.515213, 50.029121>, 0.100000
	pigment { color rgbt <1,0,0,0> }
	no_shadow
}

// particle -1
sphere {
	<46.243832, 55.847813, 50.156483> 0.100000
	pigment { color rgbt <1,0,0,0> }
	no_shadow
}
sphere {
	0, 1
	scale<0.080000,0.200000,0.300000>
	matrix <0.890186, -0.432486, -0.143270,
		0.018574, 0.348654, -0.937068,
		0.455220, 0.831503, 0.318400,
		46.380398, 56.097263, 50.252003>
	pigment { color rgbt <0,1,1,0> }
	no_shadow
}
cylinder {
	<46.562634, 55.693012, 49.550827>,  <46.061745, 55.515213, 50.029121>, 0.130000
	pigment { color rgbt <1,0,0,0> }
	no_shadow
}

// nucleotide -1

// particle -1
sphere {
	<46.562634, 55.693012, 49.550827> 0.250000
	pigment { color rgbt <1,0,0,0> }
	no_shadow
}
cylinder {
	<46.728260, 55.829826, 49.888245>,  <46.827637, 55.911915, 50.090694>, 0.100000
	pigment { color rgbt <1,0,0,0> }
	no_shadow
}
cylinder {
	<46.728260, 55.829826, 49.888245>,  <46.562634, 55.693012, 49.550827>, 0.100000
	pigment { color rgbt <1,0,0,0> }
	no_shadow
}

// particle -1
sphere {
	<46.728260, 55.829826, 49.888245> 0.100000
	pigment { color rgbt <1,0,0,0> }
	no_shadow
}
sphere {
	0, 1
	scale<0.080000,0.200000,0.300000>
	matrix <0.884757, -0.369006, -0.284673,
		0.213905, 0.864203, -0.455409,
		0.414064, 0.342034, 0.843543,
		46.852478, 55.932438, 50.141308>
	pigment { color rgbt <0,1,1,0> }
	no_shadow
}
cylinder {
	<47.239326, 56.168221, 49.535191>,  <46.562634, 55.693012, 49.550827>, 0.130000
	pigment { color rgbt <1,0,0,0> }
	no_shadow
}

// nucleotide -1

// particle -1
sphere {
	<47.239326, 56.168221, 49.535191> 0.250000
	pigment { color rgbt <1,0,0,0> }
	no_shadow
}
cylinder {
	<47.191986, 55.931004, 49.853760>,  <47.163582, 55.788673, 50.044903>, 0.100000
	pigment { color rgbt <1,0,0,0> }
	no_shadow
}
cylinder {
	<47.191986, 55.931004, 49.853760>,  <47.239326, 56.168221, 49.535191>, 0.100000
	pigment { color rgbt <1,0,0,0> }
	no_shadow
}

// particle -1
sphere {
	<47.191986, 55.931004, 49.853760> 0.100000
	pigment { color rgbt <1,0,0,0> }
	no_shadow
}
sphere {
	0, 1
	scale<0.080000,0.200000,0.300000>
	matrix <0.887434, -0.423006, -0.183106,
		0.445483, 0.685105, 0.576347,
		-0.118352, -0.593040, 0.796427,
		47.156479, 55.753090, 50.092690>
	pigment { color rgbt <0,1,1,0> }
	no_shadow
}
cylinder {
	<47.787033, 56.167454, 49.955406>,  <47.239326, 56.168221, 49.535191>, 0.130000
	pigment { color rgbt <1,0,0,0> }
	no_shadow
}

// nucleotide -1

// particle -1
sphere {
	<47.787033, 56.167454, 49.955406> 0.250000
	pigment { color rgbt <1,0,0,0> }
	no_shadow
}
cylinder {
	<47.619968, 55.812008, 50.031212>,  <47.519730, 55.598740, 50.076694>, 0.100000
	pigment { color rgbt <1,0,0,0> }
	no_shadow
}
cylinder {
	<47.619968, 55.812008, 50.031212>,  <47.787033, 56.167454, 49.955406>, 0.100000
	pigment { color rgbt <1,0,0,0> }
	no_shadow
}

// particle -1
sphere {
	<47.619968, 55.812008, 50.031212> 0.100000
	pigment { color rgbt <1,0,0,0> }
	no_shadow
}
sphere {
	0, 1
	scale<0.080000,0.200000,0.300000>
	matrix <0.908033, -0.400831, 0.121701,
		-0.032183, 0.222915, 0.974307,
		-0.417661, -0.888619, 0.189514,
		47.494671, 55.545422, 50.088066>
	pigment { color rgbt <0,1,1,0> }
	no_shadow
}
cylinder {
	<48.015282, 55.775429, 50.564682>,  <47.787033, 56.167454, 49.955406>, 0.130000
	pigment { color rgbt <1,0,0,0> }
	no_shadow
}

// nucleotide -1

// particle -1
sphere {
	<48.015282, 55.775429, 50.564682> 0.250000
	pigment { color rgbt <1,0,0,0> }
	no_shadow
}
cylinder {
	<47.883186, 55.511784, 50.294418>,  <47.803928, 55.353596, 50.132259>, 0.100000
	pigment { color rgbt <1,0,0,0> }
	no_shadow
}
cylinder {
	<47.883186, 55.511784, 50.294418>,  <48.015282, 55.775429, 50.564682>, 0.100000
	pigment { color rgbt <1,0,0,0> }
	no_shadow
}

// particle -1
sphere {
	<47.883186, 55.511784, 50.294418> 0.100000
	pigment { color rgbt <1,0,0,0> }
	no_shadow
}
sphere {
	0, 1
	scale<0.080000,0.200000,0.300000>
	matrix <0.902258, -0.430692, -0.020854,
		-0.277255, -0.616505, 0.736920,
		-0.330243, -0.659110, -0.675658,
		47.784115, 55.314049, 50.091721>
	pigment { color rgbt <0,1,1,0> }
	no_shadow
}
cylinder {
	<48.306118, 55.049023, 50.637535>,  <48.015282, 55.775429, 50.564682>, 0.130000
	pigment { color rgbt <1,0,0,0> }
	no_shadow
}

// nucleotide -1

// particle -1
sphere {
	<48.306118, 55.049023, 50.637535> 0.250000
	pigment { color rgbt <1,0,0,0> }
	no_shadow
}
cylinder {
	<48.623493, 55.277195, 50.722450>,  <48.813919, 55.414097, 50.773399>, 0.100000
	pigment { color rgbt <1,0,0,0> }
	no_shadow
}
cylinder {
	<48.623493, 55.277195, 50.722450>,  <48.306118, 55.049023, 50.637535>, 0.100000
	pigment { color rgbt <1,0,0,0> }
	no_shadow
}

// particle -1
sphere {
	<48.623493, 55.277195, 50.722450> 0.100000
	pigment { color rgbt <1,0,0,0> }
	no_shadow
}
sphere {
	0, 1
	scale<0.080000,0.200000,0.300000>
	matrix <0.541850, -0.503141, -0.673237,
		-0.277226, 0.649199, -0.708298,
		0.793439, 0.570430, 0.212285,
		48.861526, 55.448322, 50.786137>
	pigment { color rgbt <0,1,1,0> }
	no_shadow
}
cylinder {
	<48.592560, 55.287495, 50.011520>,  <48.306118, 55.049023, 50.637535>, 0.130000
	pigment { color rgbt <1,0,0,0> }
	no_shadow
}

// nucleotide -1

// particle -1
sphere {
	<48.592560, 55.287495, 50.011520> 0.250000
	pigment { color rgbt <1,0,0,0> }
	no_shadow
}
cylinder {
	<48.896698, 55.285095, 50.271317>,  <49.079182, 55.283657, 50.427193>, 0.100000
	pigment { color rgbt <1,0,0,0> }
	no_shadow
}
cylinder {
	<48.896698, 55.285095, 50.271317>,  <48.592560, 55.287495, 50.011520>, 0.100000
	pigment { color rgbt <1,0,0,0> }
	no_shadow
}

// particle -1
sphere {
	<48.896698, 55.285095, 50.271317> 0.100000
	pigment { color rgbt <1,0,0,0> }
	no_shadow
}
sphere {
	0, 1
	scale<0.080000,0.200000,0.300000>
	matrix <0.541270, -0.546889, -0.638701,
		0.359029, 0.837184, -0.412579,
		0.760345, -0.005996, 0.649491,
		49.124802, 55.283295, 50.466164>
	pigment { color rgbt <0,1,1,0> }
	no_shadow
}
cylinder {
	<49.248058, 55.570751, 49.727455>,  <48.592560, 55.287495, 50.011520>, 0.130000
	pigment { color rgbt <1,0,0,0> }
	no_shadow
}

// nucleotide -1

// particle -1
sphere {
	<49.248058, 55.570751, 49.727455> 0.250000
	pigment { color rgbt <1,0,0,0> }
	no_shadow
}
cylinder {
	<49.269440, 55.264614, 49.984016>,  <49.282269, 55.080933, 50.137955>, 0.100000
	pigment { color rgbt <1,0,0,0> }
	no_shadow
}
cylinder {
	<49.269440, 55.264614, 49.984016>,  <49.248058, 55.570751, 49.727455>, 0.100000
	pigment { color rgbt <1,0,0,0> }
	no_shadow
}

// particle -1
sphere {
	<49.269440, 55.264614, 49.984016> 0.100000
	pigment { color rgbt <1,0,0,0> }
	no_shadow
}
sphere {
	0, 1
	scale<0.080000,0.200000,0.300000>
	matrix <0.391372, -0.574875, -0.718573,
		0.918679, 0.289441, 0.268800,
		0.053458, -0.765339, 0.641404,
		49.285477, 55.035011, 50.176437>
	pigment { color rgbt <0,1,1,0> }
	no_shadow
}
cylinder {
	<49.998436, 55.247299, 49.703419>,  <49.248058, 55.570751, 49.727455>, 0.130000
	pigment { color rgbt <1,0,0,0> }
	no_shadow
}

// nucleotide -1

// particle -1
sphere {
	<49.998436, 55.247299, 49.703419> 0.250000
	pigment { color rgbt <1,0,0,0> }
	no_shadow
}
cylinder {
	<49.740437, 54.993538, 49.873833>,  <49.585636, 54.841282, 49.976082>, 0.100000
	pigment { color rgbt <1,0,0,0> }
	no_shadow
}
cylinder {
	<49.740437, 54.993538, 49.873833>,  <49.998436, 55.247299, 49.703419>, 0.100000
	pigment { color rgbt <1,0,0,0> }
	no_shadow
}

// particle -1
sphere {
	<49.740437, 54.993538, 49.873833> 0.100000
	pigment { color rgbt <1,0,0,0> }
	no_shadow
}
sphere {
	0, 1
	scale<0.080000,0.200000,0.300000>
	matrix <0.508188, -0.772452, -0.380871,
		0.570715, -0.029159, 0.820630,
		-0.645003, -0.634404, 0.426032,
		49.546936, 54.803215, 50.001640>
	pigment { color rgbt <0,1,1,0> }
	no_shadow
}
cylinder {
	<50.480183, 54.698837, 49.841354>,  <49.998436, 55.247299, 49.703419>, 0.130000
	pigment { color rgbt <1,0,0,0> }
	no_shadow
}

// nucleotide -1

// particle -1
sphere {
	<50.480183, 54.698837, 49.841354> 0.250000
	pigment { color rgbt <1,0,0,0> }
	no_shadow
}
cylinder {
	<50.131855, 54.509254, 49.893559>,  <49.922859, 54.395504, 49.924881>, 0.100000
	pigment { color rgbt <1,0,0,0> }
	no_shadow
}
cylinder {
	<50.131855, 54.509254, 49.893559>,  <50.480183, 54.698837, 49.841354>, 0.100000
	pigment { color rgbt <1,0,0,0> }
	no_shadow
}

// particle -1
sphere {
	<50.131855, 54.509254, 49.893559> 0.100000
	pigment { color rgbt <1,0,0,0> }
	no_shadow
}
sphere {
	0, 1
	scale<0.080000,0.200000,0.300000>
	matrix <0.461494, -0.879637, -0.115163,
		0.169386, -0.040056, 0.984735,
		-0.870823, -0.473956, 0.130513,
		49.870609, 54.367069, 49.932713>
	pigment { color rgbt <0,1,1,0> }
	no_shadow
}
cylinder {
	<50.513012, 54.069744, 50.404995>,  <50.480183, 54.698837, 49.841354>, 0.130000
	pigment { color rgbt <1,0,0,0> }
	no_shadow
}

// nucleotide -1

// particle -1
sphere {
	<50.513012, 54.069744, 50.404995> 0.250000
	pigment { color rgbt <1,0,0,0> }
	no_shadow
}
cylinder {
	<50.252010, 54.040203, 50.103325>,  <50.095409, 54.022480, 49.922321>, 0.100000
	pigment { color rgbt <1,0,0,0> }
	no_shadow
}
cylinder {
	<50.252010, 54.040203, 50.103325>,  <50.513012, 54.069744, 50.404995>, 0.100000
	pigment { color rgbt <1,0,0,0> }
	no_shadow
}

// particle -1
sphere {
	<50.252010, 54.040203, 50.103325> 0.100000
	pigment { color rgbt <1,0,0,0> }
	no_shadow
}
sphere {
	0, 1
	scale<0.080000,0.200000,0.300000>
	matrix <0.568488, -0.705772, -0.422738,
		-0.501060, -0.704579, 0.502500,
		-0.652503, -0.073848, -0.754179,
		50.056259, 54.018047, 49.877071>
	pigment { color rgbt <0,1,1,0> }
	no_shadow
}
cylinder {
	<50.337799, 53.365250, 50.332790>,  <50.513012, 54.069744, 50.404995>, 0.130000
	pigment { color rgbt <1,0,0,0> }
	no_shadow
}

// nucleotide -1

// particle -1
sphere {
	<50.337799, 53.365250, 50.332790> 0.250000
	pigment { color rgbt <1,0,0,0> }
	no_shadow
}
cylinder {
	<50.321808, 53.543716, 49.975166>,  <50.312214, 53.650795, 49.760593>, 0.100000
	pigment { color rgbt <1,0,0,0> }
	no_shadow
}
cylinder {
	<50.321808, 53.543716, 49.975166>,  <50.337799, 53.365250, 50.332790>, 0.100000
	pigment { color rgbt <1,0,0,0> }
	no_shadow
}

// particle -1
sphere {
	<50.321808, 53.543716, 49.975166> 0.100000
	pigment { color rgbt <1,0,0,0> }
	no_shadow
}
sphere {
	0, 1
	scale<0.080000,0.200000,0.300000>
	matrix <0.764001, -0.563022, -0.315131,
		-0.643974, -0.695660, -0.318362,
		-0.039979, 0.446165, -0.894057,
		50.309814, 53.677567, 49.706947>
	pigment { color rgbt <0,1,1,0> }
	no_shadow
}
cylinder {
	<50.297279, 52.895527, 49.867218>,  <50.337799, 53.365250, 50.332790>, 0.130000
	pigment { color rgbt <1,0,0,0> }
	no_shadow
}

// nucleotide -1

// particle -1
sphere {
	<50.297279, 52.895527, 49.867218> 0.250000
	pigment { color rgbt <1,0,0,0> }
	no_shadow
}
cylinder {
	<50.491280, 53.209953, 49.713924>,  <50.607681, 53.398609, 49.621948>, 0.100000
	pigment { color rgbt <1,0,0,0> }
	no_shadow
}
cylinder {
	<50.491280, 53.209953, 49.713924>,  <50.297279, 52.895527, 49.867218>, 0.100000
	pigment { color rgbt <1,0,0,0> }
	no_shadow
}

// particle -1
sphere {
	<50.491280, 53.209953, 49.713924> 0.100000
	pigment { color rgbt <1,0,0,0> }
	no_shadow
}
sphere {
	0, 1
	scale<0.080000,0.200000,0.300000>
	matrix <0.809239, -0.569539, -0.144077,
		-0.331522, -0.240251, -0.912345,
		0.485001, 0.786069, -0.383235,
		50.636780, 53.445774, 49.598953>
	pigment { color rgbt <0,1,1,0> }
	no_shadow
}
cylinder {
	<50.818333, 52.538124, 49.286171>,  <50.297279, 52.895527, 49.867218>, 0.130000
	pigment { color rgbt <1,0,0,0> }
	no_shadow
}

// nucleotide -1

// particle -1
sphere {
	<50.818333, 52.538124, 49.286171> 0.250000
	pigment { color rgbt <1,0,0,0> }
	no_shadow
}
cylinder {
	<50.943886, 52.905350, 49.383026>,  <51.019218, 53.125687, 49.441139>, 0.100000
	pigment { color rgbt <1,0,0,0> }
	no_shadow
}
cylinder {
	<50.943886, 52.905350, 49.383026>,  <50.818333, 52.538124, 49.286171>, 0.100000
	pigment { color rgbt <1,0,0,0> }
	no_shadow
}

// particle -1
sphere {
	<50.943886, 52.905350, 49.383026> 0.100000
	pigment { color rgbt <1,0,0,0> }
	no_shadow
}
sphere {
	0, 1
	scale<0.080000,0.200000,0.300000>
	matrix <0.937508, -0.340026, 0.073902,
		0.150179, 0.203807, -0.967424,
		0.313887, 0.918066, 0.242135,
		51.038052, 53.180771, 49.455666>
	pigment { color rgbt <0,1,1,0> }
	no_shadow
}
cylinder {
	<51.292374, 52.843323, 48.737915>,  <50.818333, 52.538124, 49.286171>, 0.130000
	pigment { color rgbt <1,0,0,0> }
	no_shadow
}

// nucleotide -1

// particle -1
sphere {
	<51.292374, 52.843323, 48.737915> 0.250000
	pigment { color rgbt <1,0,0,0> }
	no_shadow
}
cylinder {
	<51.379948, 53.030514, 49.080391>,  <51.432491, 53.142830, 49.285877>, 0.100000
	pigment { color rgbt <1,0,0,0> }
	no_shadow
}
cylinder {
	<51.379948, 53.030514, 49.080391>,  <51.292374, 52.843323, 48.737915>, 0.100000
	pigment { color rgbt <1,0,0,0> }
	no_shadow
}

// particle -1
sphere {
	<51.379948, 53.030514, 49.080391> 0.100000
	pigment { color rgbt <1,0,0,0> }
	no_shadow
}
sphere {
	0, 1
	scale<0.080000,0.200000,0.300000>
	matrix <0.900013, -0.435789, 0.008059,
		0.376890, 0.768818, -0.516597,
		0.218931, 0.467981, 0.856191,
		51.445625, 53.170910, 49.337250>
	pigment { color rgbt <0,1,1,0> }
	no_shadow
}
cylinder {
	<51.967651, 53.165123, 48.711372>,  <51.292374, 52.843323, 48.737915>, 0.130000
	pigment { color rgbt <1,0,0,0> }
	no_shadow
}

// nucleotide -1

// particle -1
sphere {
	<51.967651, 53.165123, 48.711372> 0.250000
	pigment { color rgbt <1,0,0,0> }
	no_shadow
}
cylinder {
	<51.927731, 53.164978, 49.109375>,  <51.903778, 53.164890, 49.348175>, 0.100000
	pigment { color rgbt <1,0,0,0> }
	no_shadow
}
cylinder {
	<51.927731, 53.164978, 49.109375>,  <51.967651, 53.165123, 48.711372>, 0.100000
	pigment { color rgbt <1,0,0,0> }
	no_shadow
}

// particle -1
sphere {
	<51.927731, 53.164978, 49.109375> 0.100000
	pigment { color rgbt <1,0,0,0> }
	no_shadow
}
sphere {
	0, 1
	scale<0.080000,0.200000,0.300000>
	matrix <0.816623, -0.571360, 0.081705,
