// switches for output
#declare DRAW_BASES = 1; // possible values are 0, 1; only relevant for DNA ribbons
#declare DRAW_BASES_TYPE = 3; // possible values are 1, 2, 3; only relevant for DNA ribbons
#declare DRAW_FOG = 0; // set to 1 to enable fog

#include "colors.inc"

#include "transforms.inc"
background { rgb <1, 1, 1>}

#default {
   normal{
       ripples 0.25
       frequency 0.20
       turbulence 0.2
       lambda 5
   }
	finish {
		phong 0.1
		phong_size 40.
	}
}

// original window dimensions: 1024x640


// camera settings

camera {
	sky <-0, 1, 0>
	up <-0, 1, 0>
	right 1.6 * <0.99995, 0, 0.00999983>
	location <54.4867, 55, 106.329>
	look_at <55, 55, 55.0001>
	direction <0.513302, 0, -51.3289>
	angle 67.0682
}


# declare cpy_camera_pos = <54.4867, 55, 106.329>;
# if (DRAW_FOG = 1)
fog {
	fog_type 2
	up vnormalize(cpy_camera_pos)
	color rgbt<1,1,1,0.3>
	distance 1e-5
	fog_alt 3e-3
	fog_offset 88
}
# end


// LIGHTS

# declare lum = 6;
global_settings {
	ambient_light rgb lum * <0.05, 0.05, 0.05>
	max_trace_level 15
}# declare cpy_direct_light_amount = 0.25;
light_source
{	1000 * <-0.98995, -1, 1.00995>,
	rgb lum * cpy_direct_light_amount
	parallel
}

light_source
{	1000 * <0.98995, 1, -1.00995>,
	rgb lum * cpy_direct_light_amount
	parallel
}

// strand 0

// nucleotide -1

// particle -1
sphere {
	<36.839500, 53.043549, 50.166019> 0.250000
	pigment { color rgbt <1,0,0,0> }
	no_shadow
}
cylinder {
	<36.564857, 53.053680, 49.875385>,  <36.400070, 53.059761, 49.701004>, 0.100000
	pigment { color rgbt <1,0,0,0> }
	no_shadow
}
cylinder {
	<36.564857, 53.053680, 49.875385>,  <36.839500, 53.043549, 50.166019>, 0.100000
	pigment { color rgbt <1,0,0,0> }
	no_shadow
}

// particle -1
sphere {
	<36.564857, 53.053680, 49.875385> 0.100000
	pigment { color rgbt <1,0,0,0> }
	no_shadow
}
sphere {
	0, 1
	scale<0.080000,0.200000,0.300000>
	matrix <0.507660, -0.698694, -0.504091,
		-0.520430, -0.714972, 0.466870,
		-0.686610, 0.025333, -0.726584,
		36.358875, 53.061279, 49.657410>
	pigment { color rgbt <0,1,1,0> }
	no_shadow
}
cylinder {
	<37.514584, 53.239601, 50.374454>,  <36.839500, 53.043549, 50.166019>, 0.130000
	pigment { color rgbt <1,0,0,0> }
	no_shadow
}

// nucleotide -1

// particle -1
sphere {
	<37.514584, 53.239601, 50.374454> 0.250000
	pigment { color rgbt <1,0,0,0> }
	no_shadow
}
cylinder {
	<37.678482, 52.910740, 50.532528>,  <37.776821, 52.713425, 50.627373>, 0.100000
	pigment { color rgbt <1,0,0,0> }
	no_shadow
}
cylinder {
	<37.678482, 52.910740, 50.532528>,  <37.514584, 53.239601, 50.374454>, 0.100000
	pigment { color rgbt <1,0,0,0> }
	no_shadow
}

// particle -1
sphere {
	<37.678482, 52.910740, 50.532528> 0.100000
	pigment { color rgbt <1,0,0,0> }
	no_shadow
}
sphere {
	0, 1
	scale<0.080000,0.200000,0.300000>
	matrix <0.499748, 0.564743, 0.656747,
		-0.763127, -0.071603, 0.642269,
		0.409742, -0.822155, 0.395187,
		37.801403, 52.664093, 50.651085>
	pigment { color rgbt <0,1,1,0> }
	no_shadow
}
cylinder {
	<37.388874, 53.152912, 51.125622>,  <37.514584, 53.239601, 50.374454>, 0.130000
	pigment { color rgbt <1,0,0,0> }
	no_shadow
}

// nucleotide -1

// particle -1
sphere {
	<37.388874, 53.152912, 51.125622> 0.250000
	pigment { color rgbt <1,0,0,0> }
	no_shadow
}
cylinder {
	<37.740681, 52.984215, 51.037453>,  <37.951763, 52.882996, 50.984550>, 0.100000
	pigment { color rgbt <1,0,0,0> }
	no_shadow
}
cylinder {
	<37.740681, 52.984215, 51.037453>,  <37.388874, 53.152912, 51.125622>, 0.100000
	pigment { color rgbt <1,0,0,0> }
	no_shadow
}

// particle -1
sphere {
	<37.740681, 52.984215, 51.037453> 0.100000
	pigment { color rgbt <1,0,0,0> }
	no_shadow
}
sphere {
	0, 1
	scale<0.080000,0.200000,0.300000>
	matrix <0.435477, 0.526548, 0.730142,
		-0.191867, -0.738161, 0.646765,
		0.879515, -0.421741, -0.220425,
		38.004536, 52.857693, 50.971325>
	pigment { color rgbt <0,1,1,0> }
	no_shadow
}
cylinder {
	<37.607666, 52.769772, 51.717983>,  <37.388874, 53.152912, 51.125622>, 0.130000
	pigment { color rgbt <1,0,0,0> }
	no_shadow
}

// nucleotide -1

// particle -1
sphere {
	<37.607666, 52.769772, 51.717983> 0.250000
	pigment { color rgbt <1,0,0,0> }
	no_shadow
}
cylinder {
	<37.912281, 52.903225, 51.495724>,  <38.095051, 52.983299, 51.362370>, 0.100000
	pigment { color rgbt <1,0,0,0> }
	no_shadow
}
cylinder {
	<37.912281, 52.903225, 51.495724>,  <37.607666, 52.769772, 51.717983>, 0.100000
	pigment { color rgbt <1,0,0,0> }
	no_shadow
}

// particle -1
sphere {
	<37.912281, 52.903225, 51.495724> 0.100000
	pigment { color rgbt <1,0,0,0> }
	no_shadow
}
sphere {
	0, 1
	scale<0.080000,0.200000,0.300000>
	matrix <0.347038, 0.514154, 0.784353,
		0.547378, -0.790147, 0.275764,
		0.761539, 0.333637, -0.555647,
		38.140743, 53.003315, 51.329029>
	pigment { color rgbt <0,1,1,0> }
	no_shadow
}
cylinder {
	<37.669571, 52.048859, 51.445282>,  <37.607666, 52.769772, 51.717983>, 0.130000
	pigment { color rgbt <1,0,0,0> }
	no_shadow
}

// nucleotide -1

// particle -1
sphere {
	<37.669571, 52.048859, 51.445282> 0.250000
	pigment { color rgbt <1,0,0,0> }
	no_shadow
}
cylinder {
	<37.958145, 52.055344, 51.722198>,  <38.131290, 52.059235, 51.888348>, 0.100000
	pigment { color rgbt <1,0,0,0> }
	no_shadow
}
cylinder {
	<37.958145, 52.055344, 51.722198>,  <37.669571, 52.048859, 51.445282>, 0.100000
	pigment { color rgbt <1,0,0,0> }
	no_shadow
}

// particle -1
sphere {
	<37.958145, 52.055344, 51.722198> 0.100000
	pigment { color rgbt <1,0,0,0> }
	no_shadow
}
sphere {
	0, 1
	scale<0.080000,0.200000,0.300000>
	matrix <-0.202553, -0.951061, 0.233357,
		0.662194, -0.308578, -0.682846,
		0.721437, 0.016214, 0.692290,
		38.174576, 52.060207, 51.929886>
	pigment { color rgbt <0,1,1,0> }
	no_shadow
}
cylinder {
	<37.090546, 51.934883, 50.966362>,  <37.669571, 52.048859, 51.445282>, 0.130000
	pigment { color rgbt <1,0,0,0> }
	no_shadow
}

// nucleotide -1

// particle -1
sphere {
	<37.090546, 51.934883, 50.966362> 0.250000
	pigment { color rgbt <1,0,0,0> }
	no_shadow
}
cylinder {
	<37.029457, 51.542316, 50.919880>,  <36.992805, 51.306778, 50.891991>, 0.100000
	pigment { color rgbt <1,0,0,0> }
	no_shadow
}
cylinder {
	<37.029457, 51.542316, 50.919880>,  <37.090546, 51.934883, 50.966362>, 0.100000
	pigment { color rgbt <1,0,0,0> }
	no_shadow
}

// particle -1
sphere {
	<37.029457, 51.542316, 50.919880> 0.100000
	pigment { color rgbt <1,0,0,0> }
	no_shadow
}
sphere {
	0, 1
	scale<0.080000,0.200000,0.300000>
	matrix <0.462185, -0.174860, 0.869373,
		-0.873534, 0.079061, 0.480299,
		-0.152718, -0.981414, -0.116205,
		36.983643, 51.247890, 50.885017>
	pigment { color rgbt <0,1,1,0> }
	no_shadow
}
cylinder {
	<37.041321, 51.718422, 51.643738>,  <37.090546, 51.934883, 50.966362>, 0.130000
	pigment { color rgbt <1,0,0,0> }
	no_shadow
}

// nucleotide -1

// particle -1
sphere {
	<37.041321, 51.718422, 51.643738> 0.250000
	pigment { color rgbt <1,0,0,0> }
	no_shadow
}
cylinder {
	<37.084908, 51.379051, 51.436546>,  <37.111061, 51.175430, 51.312233>, 0.100000
	pigment { color rgbt <1,0,0,0> }
	no_shadow
}
cylinder {
	<37.084908, 51.379051, 51.436546>,  <37.041321, 51.718422, 51.643738>, 0.100000
	pigment { color rgbt <1,0,0,0> }
	no_shadow
}

// particle -1
sphere {
	<37.084908, 51.379051, 51.436546> 0.100000
	pigment { color rgbt <1,0,0,0> }
	no_shadow
}
sphere {
	0, 1
	scale<0.080000,0.200000,0.300000>
	matrix <0.631261, -0.343461, 0.695374,
		-0.767878, -0.402749, 0.498153,
		0.108965, -0.848427, -0.517975,
		37.117596, 51.124523, 51.281155>
	pigment { color rgbt <0,1,1,0> }
	no_shadow
}
cylinder {
	<37.086475, 51.288372, 52.119263>,  <37.041321, 51.718422, 51.643738>, 0.130000
	pigment { color rgbt <1,0,0,0> }
	no_shadow
}

// nucleotide -1

// particle -1
sphere {
	<37.086475, 51.288372, 52.119263> 0.250000
	pigment { color rgbt <1,0,0,0> }
	no_shadow
}
cylinder {
	<37.277252, 51.155636, 51.793709>,  <37.391720, 51.075993, 51.598377>, 0.100000
	pigment { color rgbt <1,0,0,0> }
	no_shadow
}
cylinder {
	<37.277252, 51.155636, 51.793709>,  <37.086475, 51.288372, 52.119263>, 0.100000
	pigment { color rgbt <1,0,0,0> }
	no_shadow
}

// particle -1
sphere {
	<37.277252, 51.155636, 51.793709> 0.100000
	pigment { color rgbt <1,0,0,0> }
	no_shadow
}
sphere {
	0, 1
	scale<0.080000,0.200000,0.300000>
	matrix <0.757404, -0.314641, 0.572136,
		-0.445940, -0.889316, 0.101271,
		0.476946, -0.331842, -0.813882,
		37.420338, 51.056084, 51.549545>
	pigment { color rgbt <0,1,1,0> }
	no_shadow
}
cylinder {
	<37.086102, 50.508919, 52.102318>,  <37.086475, 51.288372, 52.119263>, 0.130000
	pigment { color rgbt <1,0,0,0> }
	no_shadow
}

// nucleotide -1

// particle -1
sphere {
	<37.086102, 50.508919, 52.102318> 0.250000
	pigment { color rgbt <1,0,0,0> }
	no_shadow
}
cylinder {
	<37.403786, 50.697193, 51.948601>,  <37.594398, 50.810158, 51.856373>, 0.100000
	pigment { color rgbt <1,0,0,0> }
	no_shadow
}
cylinder {
	<37.403786, 50.697193, 51.948601>,  <37.086102, 50.508919, 52.102318>, 0.100000
	pigment { color rgbt <1,0,0,0> }
	no_shadow
}

// particle -1
sphere {
	<37.403786, 50.697193, 51.948601> 0.100000
	pigment { color rgbt <1,0,0,0> }
	no_shadow
}
sphere {
	0, 1
	scale<0.080000,0.200000,0.300000>
	matrix <0.564004, -0.335705, 0.754455,
		0.226104, -0.815939, -0.532091,
		0.794215, 0.470687, -0.384289,
		37.642052, 50.838398, 51.833313>
	pigment { color rgbt <0,1,1,0> }
	no_shadow
}
cylinder {
	<37.695595, 50.067726, 52.063133>,  <37.086102, 50.508919, 52.102318>, 0.130000
	pigment { color rgbt <1,0,0,0> }
	no_shadow
}

// nucleotide -1

// particle -1
sphere {
	<37.695595, 50.067726, 52.063133> 0.250000
	pigment { color rgbt <1,0,0,0> }
	no_shadow
}
cylinder {
	<37.810284, 50.448940, 52.102127>,  <37.879097, 50.677670, 52.125523>, 0.100000
	pigment { color rgbt <1,0,0,0> }
	no_shadow
}
cylinder {
	<37.810284, 50.448940, 52.102127>,  <37.695595, 50.067726, 52.063133>, 0.100000
	pigment { color rgbt <1,0,0,0> }
	no_shadow
}

// particle -1
sphere {
	<37.810284, 50.448940, 52.102127> 0.100000
	pigment { color rgbt <1,0,0,0> }
	no_shadow
}
sphere {
	0, 1
	scale<0.080000,0.200000,0.300000>
	matrix <0.488271, -0.232928, 0.841032,
		0.824245, -0.193543, -0.532128,
		0.286724, 0.953040, 0.097489,
		37.896301, 50.734852, 52.131374>
	pigment { color rgbt <0,1,1,0> }
	no_shadow
}
cylinder {
	<38.215988, 49.957043, 52.621693>,  <37.695595, 50.067726, 52.063133>, 0.130000
	pigment { color rgbt <1,0,0,0> }
	no_shadow
}

// nucleotide -1

// particle -1
sphere {
	<38.215988, 49.957043, 52.621693> 0.250000
	pigment { color rgbt <1,0,0,0> }
	no_shadow
}
cylinder {
	<38.036755, 49.924332, 52.977791>,  <37.929214, 49.904705, 53.191448>, 0.100000
	pigment { color rgbt <1,0,0,0> }
	no_shadow
}
cylinder {
	<38.036755, 49.924332, 52.977791>,  <38.215988, 49.957043, 52.621693>, 0.100000
	pigment { color rgbt <1,0,0,0> }
	no_shadow
}

// particle -1
sphere {
	<38.036755, 49.924332, 52.977791> 0.100000
	pigment { color rgbt <1,0,0,0> }
	no_shadow
}
sphere {
	0, 1
	scale<0.080000,0.200000,0.300000>
	matrix <-0.611317, 0.754632, -0.238375,
		-0.652312, -0.651032, -0.388132,
		-0.448086, -0.081777, 0.890242,
		37.902328, 49.899799, 53.244865>
	pigment { color rgbt <0,1,1,0> }
	no_shadow
}
cylinder {
	<38.866817, 49.762897, 53.000725>,  <38.215988, 49.957043, 52.621693>, 0.130000
	pigment { color rgbt <1,0,0,0> }
	no_shadow
}

// nucleotide -1

// particle -1
sphere {
	<38.866817, 49.762897, 53.000725> 0.250000
	pigment { color rgbt <1,0,0,0> }
	no_shadow
}
cylinder {
	<38.928864, 50.071259, 53.247837>,  <38.966091, 50.256275, 53.396103>, 0.100000
	pigment { color rgbt <1,0,0,0> }
	no_shadow
}
cylinder {
	<38.928864, 50.071259, 53.247837>,  <38.866817, 49.762897, 53.000725>, 0.100000
	pigment { color rgbt <1,0,0,0> }
	no_shadow
}

// particle -1
sphere {
	<38.928864, 50.071259, 53.247837> 0.100000
	pigment { color rgbt <1,0,0,0> }
	no_shadow
}
sphere {
	0, 1
	scale<0.080000,0.200000,0.300000>
	matrix <0.980998, -0.046424, -0.188384,
		-0.116545, 0.635264, -0.763451,
		0.155116, 0.770899, 0.617782,
		38.975399, 50.302528, 53.433170>
	pigment { color rgbt <0,1,1,0> }
	no_shadow
}
cylinder {
	<39.149258, 50.345528, 52.619583>,  <38.866817, 49.762897, 53.000725>, 0.130000
	pigment { color rgbt <1,0,0,0> }
	no_shadow
}

// nucleotide -1

// particle -1
sphere {
	<39.149258, 50.345528, 52.619583> 0.250000
	pigment { color rgbt <1,0,0,0> }
	no_shadow
}
cylinder {
	<39.251114, 50.334476, 53.006241>,  <39.312229, 50.327847, 53.238235>, 0.100000
	pigment { color rgbt <1,0,0,0> }
	no_shadow
}
cylinder {
	<39.251114, 50.334476, 53.006241>,  <39.149258, 50.345528, 52.619583>, 0.100000
	pigment { color rgbt <1,0,0,0> }
	no_shadow
}

// particle -1
sphere {
	<39.251114, 50.334476, 53.006241> 0.100000
	pigment { color rgbt <1,0,0,0> }
	no_shadow
}
sphere {
	0, 1
	scale<0.080000,0.200000,0.300000>
	matrix <0.967011, 0.014327, -0.254333,
		-0.006821, 0.999515, 0.030369,
		0.254645, -0.027632, 0.966640,
		39.327507, 50.326187, 53.296234>
	pigment { color rgbt <0,1,1,0> }
	no_shadow
}
cylinder {
	<39.611839, 50.818192, 52.732170>,  <39.149258, 50.345528, 52.619583>, 0.130000
	pigment { color rgbt <1,0,0,0> }
	no_shadow
}

// nucleotide -1

// particle -1
sphere {
	<39.611839, 50.818192, 52.732170> 0.250000
	pigment { color rgbt <1,0,0,0> }
	no_shadow
}
cylinder {
	<39.661934, 50.564659, 53.037476>,  <39.691990, 50.412540, 53.220657>, 0.100000
	pigment { color rgbt <1,0,0,0> }
	no_shadow
}
cylinder {
	<39.661934, 50.564659, 53.037476>,  <39.611839, 50.818192, 52.732170>, 0.100000
	pigment { color rgbt <1,0,0,0> }
	no_shadow
}

// particle -1
sphere {
	<39.661934, 50.564659, 53.037476> 0.100000
	pigment { color rgbt <1,0,0,0> }
	no_shadow
}
sphere {
	0, 1
	scale<0.080000,0.200000,0.300000>
	matrix <0.991290, 0.111535, -0.070026,
		-0.040746, 0.765385, 0.642281,
		0.125234, -0.633834, 0.763264,
		39.699505, 50.374508, 53.266453>
	pigment { color rgbt <0,1,1,0> }
	no_shadow
}
cylinder {
	<39.787888, 50.280865, 51.992725>,  <39.611839, 50.818192, 52.732170>, 0.130000
	pigment { color rgbt <1,0,0,0> }
	no_shadow
}

// nucleotide -1

// particle -1
sphere {
	<39.787888, 50.280865, 51.992725> 0.250000
	pigment { color rgbt <1,0,0,0> }
	no_shadow
}
cylinder {
	<40.059582, 50.512409, 52.173195>,  <40.222599, 50.651337, 52.281475>, 0.100000
	pigment { color rgbt <1,0,0,0> }
	no_shadow
}
cylinder {
	<40.059582, 50.512409, 52.173195>,  <39.787888, 50.280865, 51.992725>, 0.100000
	pigment { color rgbt <1,0,0,0> }
	no_shadow
}

// particle -1
sphere {
	<40.059582, 50.512409, 52.173195> 0.100000
	pigment { color rgbt <1,0,0,0> }
	no_shadow
}
sphere {
	0, 1
	scale<0.080000,0.200000,0.300000>
	matrix <0.726870, -0.615585, -0.304490,
		0.101478, 0.534766, -0.838885,
		0.679236, 0.578861, 0.451174,
		40.263351, 50.686066, 52.308548>
	pigment { color rgbt <0,1,1,0> }
	no_shadow
}
cylinder {
	<40.343647, 50.113224, 51.610615>,  <39.787888, 50.280865, 51.992725>, 0.130000
	pigment { color rgbt <1,0,0,0> }
	no_shadow
}

// nucleotide -1

// particle -1
sphere {
	<40.343647, 50.113224, 51.610615> 0.250000
	pigment { color rgbt <1,0,0,0> }
	no_shadow
}
cylinder {
	<40.528767, 50.327003, 51.893509>,  <40.639839, 50.455273, 52.063244>, 0.100000
	pigment { color rgbt <1,0,0,0> }
	no_shadow
}
cylinder {
	<40.528767, 50.327003, 51.893509>,  <40.343647, 50.113224, 51.610615>, 0.100000
	pigment { color rgbt <1,0,0,0> }
	no_shadow
}

// particle -1
sphere {
	<40.528767, 50.327003, 51.893509> 0.100000
	pigment { color rgbt <1,0,0,0> }
	no_shadow
}
sphere {
	0, 1
	scale<0.080000,0.200000,0.300000>
	matrix <0.864941, -0.446984, -0.228217,
		0.194152, 0.717334, -0.669132,
		0.462799, 0.534450, 0.707234,
		40.667606, 50.487339, 52.105679>
	pigment { color rgbt <0,1,1,0> }
	no_shadow
}
cylinder {
	<40.982933, 50.560886, 51.370712>,  <40.343647, 50.113224, 51.610615>, 0.130000
	pigment { color rgbt <1,0,0,0> }
	no_shadow
}

// nucleotide -1

// particle -1
sphere {
	<40.982933, 50.560886, 51.370712> 0.250000
	pigment { color rgbt <1,0,0,0> }
	no_shadow
}
cylinder {
	<41.064209, 50.475563, 51.752960>,  <41.112976, 50.424370, 51.982311>, 0.100000
	pigment { color rgbt <1,0,0,0> }
	no_shadow
}
cylinder {
	<41.064209, 50.475563, 51.752960>,  <40.982933, 50.560886, 51.370712>, 0.100000
	pigment { color rgbt <1,0,0,0> }
	no_shadow
}

// particle -1
sphere {
	<41.064209, 50.475563, 51.752960> 0.100000
	pigment { color rgbt <1,0,0,0> }
	no_shadow
}
sphere {
	0, 1
	scale<0.080000,0.200000,0.300000>
	matrix <0.913517, -0.309987, -0.263430,
		0.352423, 0.926502, 0.131877,
		0.203189, -0.213311, 0.955622,
		41.125164, 50.411572, 52.039646>
	pigment { color rgbt <0,1,1,0> }
	no_shadow
}
cylinder {
	<41.708687, 50.529293, 51.335346>,  <40.982933, 50.560886, 51.370712>, 0.130000
	pigment { color rgbt <1,0,0,0> }
	no_shadow
}

// nucleotide -1

// particle -1
sphere {
	<41.708687, 50.529293, 51.335346> 0.250000
	pigment { color rgbt <1,0,0,0> }
	no_shadow
}
cylinder {
	<41.606392, 50.901451, 51.440395>,  <41.545013, 51.124744, 51.503426>, 0.100000
	pigment { color rgbt <1,0,0,0> }
	no_shadow
}
cylinder {
	<41.606392, 50.901451, 51.440395>,  <41.708687, 50.529293, 51.335346>, 0.100000
	pigment { color rgbt <1,0,0,0> }
	no_shadow
}

// particle -1
sphere {
	<41.606392, 50.901451, 51.440395> 0.100000
	pigment { color rgbt <1,0,0,0> }
	no_shadow
}
sphere {
	0, 1
	scale<0.080000,0.200000,0.300000>
	matrix <0.966521, 0.251931, 0.048660,
		-0.020890, 0.266275, -0.963671,
		-0.255736, 0.930391, 0.262623,
		41.529671, 51.180569, 51.519180>
	pigment { color rgbt <0,1,1,0> }
	no_shadow
}
cylinder {
	<42.418674, 50.634457, 51.295349>,  <41.708687, 50.529293, 51.335346>, 0.130000
	pigment { color rgbt <1,0,0,0> }
	no_shadow
}

// nucleotide -1

// particle -1
sphere {
	<42.418674, 50.634457, 51.295349> 0.250000
	pigment { color rgbt <1,0,0,0> }
	no_shadow
}
cylinder {
	<42.598831, 50.405785, 51.569672>,  <42.706924, 50.268581, 51.734264>, 0.100000
	pigment { color rgbt <1,0,0,0> }
	no_shadow
}
cylinder {
	<42.598831, 50.405785, 51.569672>,  <42.418674, 50.634457, 51.295349>, 0.100000
	pigment { color rgbt <1,0,0,0> }
	no_shadow
}

// particle -1
sphere {
	<42.598831, 50.405785, 51.569672> 0.100000
	pigment { color rgbt <1,0,0,0> }
	no_shadow
}
sphere {
	0, 1
	scale<0.080000,0.200000,0.300000>
	matrix <0.785772, -0.110899, -0.608494,
		0.423918, 0.812948, 0.399261,
		0.450396, -0.571679, 0.685804,
		42.733952, 50.234280, 51.775414>
	pigment { color rgbt <0,1,1,0> }
	no_shadow
}
cylinder {
	<43.083290, 50.926292, 51.509205>,  <42.418674, 50.634457, 51.295349>, 0.130000
	pigment { color rgbt <1,0,0,0> }
	no_shadow
}

// nucleotide -1

// particle -1
sphere {
	<43.083290, 50.926292, 51.509205> 0.250000
	pigment { color rgbt <1,0,0,0> }
	no_shadow
}
cylinder {
	<43.060310, 50.527000, 51.515480>,  <43.046524, 50.287426, 51.519245>, 0.100000
	pigment { color rgbt <1,0,0,0> }
	no_shadow
}
cylinder {
	<43.060310, 50.527000, 51.515480>,  <43.083290, 50.926292, 51.509205>, 0.100000
	pigment { color rgbt <1,0,0,0> }
	no_shadow
}

// particle -1
sphere {
	<43.060310, 50.527000, 51.515480> 0.100000
	pigment { color rgbt <1,0,0,0> }
	no_shadow
}
sphere {
	0, 1
	scale<0.080000,0.200000,0.300000>
	matrix <0.832367, -0.056566, -0.551331,
		0.551240, -0.018613, 0.834139,
		-0.057446, -0.998225, 0.015689,
		43.043076, 50.227531, 51.520187>
	pigment { color rgbt <0,1,1,0> }
	no_shadow
}
cylinder {
	<43.629128, 50.583317, 51.858730>,  <43.083290, 50.926292, 51.509205>, 0.130000
	pigment { color rgbt <1,0,0,0> }
	no_shadow
}

// nucleotide -1

// particle -1
sphere {
	<43.629128, 50.583317, 51.858730> 0.250000
	pigment { color rgbt <1,0,0,0> }
	no_shadow
}
cylinder {
	<43.478737, 50.383507, 51.546547>,  <43.388504, 50.263622, 51.359238>, 0.100000
	pigment { color rgbt <1,0,0,0> }
	no_shadow
}
cylinder {
	<43.478737, 50.383507, 51.546547>,  <43.629128, 50.583317, 51.858730>, 0.100000
	pigment { color rgbt <1,0,0,0> }
	no_shadow
}

// particle -1
sphere {
	<43.478737, 50.383507, 51.546547> 0.100000
	pigment { color rgbt <1,0,0,0> }
	no_shadow
}
sphere {
	0, 1
	scale<0.080000,0.200000,0.300000>
	matrix <0.792850, 0.262526, -0.549972,
		0.479615, -0.825563, 0.297345,
		-0.375976, -0.499525, -0.780459,
		43.365944, 50.233650, 51.312408>
	pigment { color rgbt <0,1,1,0> }
	no_shadow
}
cylinder {
	<43.742443, 50.637104, 52.580814>,  <43.629128, 50.583317, 51.858730>, 0.130000
	pigment { color rgbt <1,0,0,0> }
	no_shadow
}

// nucleotide -1

// particle -1
sphere {
	<43.742443, 50.637104, 52.580814> 0.250000
	pigment { color rgbt <1,0,0,0> }
	no_shadow
}
cylinder {
	<43.961506, 50.380558, 52.365883>,  <44.092945, 50.226631, 52.236923>, 0.100000
	pigment { color rgbt <1,0,0,0> }
	no_shadow
}
cylinder {
	<43.961506, 50.380558, 52.365883>,  <43.742443, 50.637104, 52.580814>, 0.100000
	pigment { color rgbt <1,0,0,0> }
	no_shadow
}

// particle -1
sphere {
	<43.961506, 50.380558, 52.365883> 0.100000
	pigment { color rgbt <1,0,0,0> }
	no_shadow
}
sphere {
	0, 1
	scale<0.080000,0.200000,0.300000>
	matrix <0.833001, 0.357619, 0.422159,
		-0.078601, -0.678792, 0.730111,
		0.547660, -0.641365, -0.537325,
		44.125805, 50.188148, 52.204685>
	pigment { color rgbt <0,1,1,0> }
	no_shadow
}
cylinder {
	<44.074604, 50.352558, 53.030457>,  <43.742443, 50.637104, 52.580814>, 0.130000
	pigment { color rgbt <1,0,0,0> }
	no_shadow
}

// nucleotide -1

// particle -1
sphere {
	<44.074604, 50.352558, 53.030457> 0.250000
	pigment { color rgbt <1,0,0,0> }
	no_shadow
}
cylinder {
	<44.288139, 50.311459, 52.694729>,  <44.416260, 50.286797, 52.493294>, 0.100000
	pigment { color rgbt <1,0,0,0> }
	no_shadow
}
cylinder {
	<44.288139, 50.311459, 52.694729>,  <44.074604, 50.352558, 53.030457>, 0.100000
	pigment { color rgbt <1,0,0,0> }
	no_shadow
}

// particle -1
sphere {
	<44.288139, 50.311459, 52.694729> 0.100000
	pigment { color rgbt <1,0,0,0> }
	no_shadow
}
sphere {
	0, 1
	scale<0.080000,0.200000,0.300000>
	matrix <0.758679, 0.496507, 0.421767,
		0.373389, -0.861930, 0.343013,
		0.533842, -0.102753, -0.839318,
		44.448292, 50.280632, 52.442932>
	pigment { color rgbt <0,1,1,0> }
	no_shadow
}
cylinder {
	<44.751770, 50.256420, 52.891922>,  <44.074604, 50.352558, 53.030457>, 0.130000
	pigment { color rgbt <1,0,0,0> }
	no_shadow
}

// nucleotide -1

// particle -1
sphere {
	<44.751770, 50.256420, 52.891922> 0.250000
	pigment { color rgbt <1,0,0,0> }
	no_shadow
}
cylinder {
	<44.686638, 50.002110, 52.590118>,  <44.647560, 49.849525, 52.409039>, 0.100000
	pigment { color rgbt <1,0,0,0> }
	no_shadow
}
cylinder {
	<44.686638, 50.002110, 52.590118>,  <44.751770, 50.256420, 52.891922>, 0.100000
	pigment { color rgbt <1,0,0,0> }
	no_shadow
}

// particle -1
sphere {
	<44.686638, 50.002110, 52.590118> 0.100000
	pigment { color rgbt <1,0,0,0> }
	no_shadow
}
sphere {
	0, 1
	scale<0.080000,0.200000,0.300000>
	matrix <0.939388, 0.133958, -0.315604,
		0.301725, -0.760162, 0.575426,
		-0.162828, -0.635774, -0.754506,
		44.637791, 49.811378, 52.363766>
	pigment { color rgbt <0,1,1,0> }
	no_shadow
}
cylinder {
	<45.232552, 49.715424, 52.831585>,  <44.751770, 50.256420, 52.891922>, 0.130000
	pigment { color rgbt <1,0,0,0> }
	no_shadow
}

// nucleotide -1

// particle -1
sphere {
	<45.232552, 49.715424, 52.831585> 0.250000
	pigment { color rgbt <1,0,0,0> }
	no_shadow
}
cylinder {
	<45.092144, 49.771690, 52.461288>,  <45.007900, 49.805450, 52.239109>, 0.100000
	pigment { color rgbt <1,0,0,0> }
	no_shadow
}
cylinder {
	<45.092144, 49.771690, 52.461288>,  <45.232552, 49.715424, 52.831585>, 0.100000
	pigment { color rgbt <1,0,0,0> }
	no_shadow
}

// particle -1
sphere {
	<45.092144, 49.771690, 52.461288> 0.100000
	pigment { color rgbt <1,0,0,0> }
	no_shadow
}
sphere {
	0, 1
	scale<0.080000,0.200000,0.300000>
	matrix <0.934397, 0.116731, -0.336565,
		0.060718, -0.983151, -0.172418,
		-0.351021, 0.140671, -0.925741,
		44.986839, 49.813892, 52.183567>
	pigment { color rgbt <0,1,1,0> }
	no_shadow
}
cylinder {
	<45.452728, 49.242893, 52.298431>,  <45.232552, 49.715424, 52.831585>, 0.130000
	pigment { color rgbt <1,0,0,0> }
	no_shadow
}

// nucleotide -1

// particle -1
sphere {
	<45.452728, 49.242893, 52.298431> 0.250000
	pigment { color rgbt <1,0,0,0> }
	no_shadow
}
cylinder {
	<45.392670, 49.604923, 52.139286>,  <45.356636, 49.822140, 52.043797>, 0.100000
	pigment { color rgbt <1,0,0,0> }
	no_shadow
}
cylinder {
	<45.392670, 49.604923, 52.139286>,  <45.452728, 49.242893, 52.298431>, 0.100000
	pigment { color rgbt <1,0,0,0> }
	no_shadow
}

// particle -1
sphere {
	<45.392670, 49.604923, 52.139286> 0.100000
	pigment { color rgbt <1,0,0,0> }
	no_shadow
}
sphere {
	0, 1
	scale<0.080000,0.200000,0.300000>
	matrix <0.965997, 0.048622, -0.253941,
		-0.210490, -0.422466, -0.881599,
		-0.150147, 0.905074, -0.397866,
		45.347626, 49.876446, 52.019928>
	pigment { color rgbt <0,1,1,0> }
	no_shadow
}
cylinder {
	<45.842186, 49.403763, 51.703362>,  <45.452728, 49.242893, 52.298431>, 0.130000
	pigment { color rgbt <1,0,0,0> }
	no_shadow
}

// nucleotide -1

// particle -1
sphere {
	<45.842186, 49.403763, 51.703362> 0.250000
	pigment { color rgbt <1,0,0,0> }
	no_shadow
}
cylinder {
	<45.775532, 49.740433, 51.908813>,  <45.735538, 49.942432, 52.032085>, 0.100000
	pigment { color rgbt <1,0,0,0> }
	no_shadow
}
cylinder {
	<45.775532, 49.740433, 51.908813>,  <45.842186, 49.403763, 51.703362>, 0.100000
	pigment { color rgbt <1,0,0,0> }
	no_shadow
}

// particle -1
sphere {
	<45.775532, 49.740433, 51.908813> 0.100000
	pigment { color rgbt <1,0,0,0> }
	no_shadow
}
sphere {
	0, 1
	scale<0.080000,0.200000,0.300000>
	matrix <0.949780, 0.276940, -0.145679,
		-0.264860, 0.463563, -0.845552,
		-0.166636, 0.841673, 0.513633,
		45.725540, 49.992935, 52.062904>
	pigment { color rgbt <0,1,1,0> }
	no_shadow
}
cylinder {
	<46.120651, 49.890034, 51.306328>,  <45.842186, 49.403763, 51.703362>, 0.130000
	pigment { color rgbt <1,0,0,0> }
	no_shadow
}

// nucleotide -1

// particle -1
sphere {
	<46.120651, 49.890034, 51.306328> 0.250000
	pigment { color rgbt <1,0,0,0> }
	no_shadow
}
cylinder {
	<46.133366, 50.035629, 51.678673>,  <46.140995, 50.122986, 51.902081>, 0.100000
	pigment { color rgbt <1,0,0,0> }
	no_shadow
}
cylinder {
	<46.133366, 50.035629, 51.678673>,  <46.120651, 49.890034, 51.306328>, 0.100000
	pigment { color rgbt <1,0,0,0> }
	no_shadow
}

// particle -1
sphere {
	<46.133366, 50.035629, 51.678673> 0.100000
	pigment { color rgbt <1,0,0,0> }
	no_shadow
}
sphere {
	0, 1
	scale<0.080000,0.200000,0.300000>
	matrix <0.906424, 0.381950, -0.180302,
		-0.421170, 0.849487, -0.317785,
		0.031786, 0.363986, 0.930862,
		46.142902, 50.144825, 51.957932>
	pigment { color rgbt <0,1,1,0> }
	no_shadow
}
cylinder {
	<46.406792, 50.464024, 51.351593>,  <46.120651, 49.890034, 51.306328>, 0.130000
	pigment { color rgbt <1,0,0,0> }
	no_shadow
}

// nucleotide -1

// particle -1
sphere {
	<46.406792, 50.464024, 51.351593> 0.250000
	pigment { color rgbt <1,0,0,0> }
	no_shadow
}
cylinder {
	<46.498135, 50.314373, 51.711121>,  <46.552940, 50.224583, 51.926838>, 0.100000
	pigment { color rgbt <1,0,0,0> }
	no_shadow
}
cylinder {
	<46.498135, 50.314373, 51.711121>,  <46.406792, 50.464024, 51.351593>, 0.100000
	pigment { color rgbt <1,0,0,0> }
	no_shadow
}

// particle -1
sphere {
	<46.498135, 50.314373, 51.711121> 0.100000
	pigment { color rgbt <1,0,0,0> }
	no_shadow
}
sphere {
	0, 1
	scale<0.080000,0.200000,0.300000>
	matrix <0.957132, 0.255242, -0.136930,
		-0.178188, 0.891562, 0.416373,
		0.228357, -0.374125, 0.898823,
		46.566643, 50.202137, 51.980766>
	pigment { color rgbt <0,1,1,0> }
	no_shadow
}
cylinder {
	<46.784126, 50.936146, 51.876431>,  <46.406792, 50.464024, 51.351593>, 0.130000
	pigment { color rgbt <1,0,0,0> }
	no_shadow
}

// nucleotide -1

// particle -1
sphere {
	<46.784126, 50.936146, 51.876431> 0.250000
	pigment { color rgbt <1,0,0,0> }
	no_shadow
}
cylinder {
	<46.893093, 50.555611, 51.934040>,  <46.958473, 50.327290, 51.968605>, 0.100000
	pigment { color rgbt <1,0,0,0> }
	no_shadow
}
cylinder {
	<46.893093, 50.555611, 51.934040>,  <46.784126, 50.936146, 51.876431>, 0.100000
	pigment { color rgbt <1,0,0,0> }
	no_shadow
}

// particle -1
sphere {
	<46.893093, 50.555611, 51.934040> 0.100000
	pigment { color rgbt <1,0,0,0> }
	no_shadow
}
sphere {
	0, 1
	scale<0.080000,0.200000,0.300000>
	matrix <0.942239, 0.233455, -0.240176,
		0.194864, 0.201138, 0.959985,
		0.272422, -0.951337, 0.144028,
		46.974819, 50.270210, 51.977249>
	pigment { color rgbt <0,1,1,0> }
	no_shadow
}
cylinder {
	<46.965515, 51.164440, 52.533665>,  <46.784126, 50.936146, 51.876431>, 0.130000
	pigment { color rgbt <1,0,0,0> }
	no_shadow
}

// nucleotide -1

// particle -1
sphere {
	<46.965515, 51.164440, 52.533665> 0.250000
	pigment { color rgbt <1,0,0,0> }
	no_shadow
}
cylinder {
	<47.254078, 50.928017, 52.389320>,  <47.427216, 50.786163, 52.302715>, 0.100000
	pigment { color rgbt <1,0,0,0> }
	no_shadow
}
cylinder {
	<47.254078, 50.928017, 52.389320>,  <46.965515, 51.164440, 52.533665>, 0.100000
	pigment { color rgbt <1,0,0,0> }
	no_shadow
}

// particle -1
sphere {
	<47.254078, 50.928017, 52.389320> 0.100000
	pigment { color rgbt <1,0,0,0> }
	no_shadow
}
sphere {
	0, 1
	scale<0.080000,0.200000,0.300000>
	matrix <0.556055, 0.804986, -0.206880,
		0.412767, -0.051414, 0.909384,
		0.721406, -0.591061, -0.360861,
		47.470501, 50.750698, 52.281063>
	pigment { color rgbt <0,1,1,0> }
	no_shadow
}
cylinder {
	<47.556934, 51.340076, 52.901840>,  <46.965515, 51.164440, 52.533665>, 0.130000
	pigment { color rgbt <1,0,0,0> }
	no_shadow
}

// nucleotide -1

// particle -1
sphere {
	<47.556934, 51.340076, 52.901840> 0.250000
	pigment { color rgbt <1,0,0,0> }
	no_shadow
}
cylinder {
	<47.609486, 51.183060, 52.537720>,  <47.641018, 51.088848, 52.319248>, 0.100000
	pigment { color rgbt <1,0,0,0> }
	no_shadow
}
cylinder {
	<47.609486, 51.183060, 52.537720>,  <47.556934, 51.340076, 52.901840>, 0.100000
	pigment { color rgbt <1,0,0,0> }
	no_shadow
}

// particle -1
sphere {
	<47.609486, 51.183060, 52.537720> 0.100000
	pigment { color rgbt <1,0,0,0> }
	no_shadow
}
sphere {
	0, 1
	scale<0.080000,0.200000,0.300000>
	matrix <0.462965, 0.836267, -0.293803,
		0.876586, -0.382839, 0.291602,
		0.131378, -0.392545, -0.910301,
		47.648899, 51.065296, 52.264629>
	pigment { color rgbt <0,1,1,0> }
	no_shadow
}
cylinder {
	<48.216099, 51.371250, 52.681232>,  <47.556934, 51.340076, 52.901840>, 0.130000
	pigment { color rgbt <1,0,0,0> }
	no_shadow
}

// nucleotide -1

// particle -1
sphere {
	<48.216099, 51.371250, 52.681232> 0.250000
	pigment { color rgbt <1,0,0,0> }
	no_shadow
}
cylinder {
	<48.038845, 51.372074, 52.322651>,  <47.932495, 51.372570, 52.107502>, 0.100000
	pigment { color rgbt <1,0,0,0> }
	no_shadow
}
cylinder {
	<48.038845, 51.372074, 52.322651>,  <48.216099, 51.371250, 52.681232>, 0.100000
	pigment { color rgbt <1,0,0,0> }
	no_shadow
}

// particle -1
sphere {
	<48.038845, 51.372074, 52.322651> 0.100000
	pigment { color rgbt <1,0,0,0> }
	no_shadow
}
sphere {
	0, 1
	scale<0.080000,0.200000,0.300000>
	matrix <0.431158, 0.877231, -0.211111,
		0.785962, -0.480063, -0.389619,
		-0.443132, 0.002062, -0.896454,
		47.905907, 51.372692, 52.053715>
	pigment { color rgbt <0,1,1,0> }
	no_shadow
}
cylinder {
	<48.878426, 51.200603, 52.366539>,  <48.216099, 51.371250, 52.681232>, 0.130000
	pigment { color rgbt <1,0,0,0> }
	no_shadow
}

// nucleotide -1

// particle -1
sphere {
	<48.878426, 51.200603, 52.366539> 0.250000
	pigment { color rgbt <1,0,0,0> }
	no_shadow
}
cylinder {
	<49.261463, 51.207634, 52.481567>,  <49.491287, 51.211853, 52.550583>, 0.100000
	pigment { color rgbt <1,0,0,0> }
	no_shadow
}
cylinder {
	<49.261463, 51.207634, 52.481567>,  <48.878426, 51.200603, 52.366539>, 0.100000
	pigment { color rgbt <1,0,0,0> }
	no_shadow
}

// particle -1
sphere {
	<49.261463, 51.207634, 52.481567> 0.100000
	pigment { color rgbt <1,0,0,0> }
	no_shadow
}
sphere {
	0, 1
	scale<0.080000,0.200000,0.300000>
	matrix <-0.255844, 0.510848, 0.820718,
		-0.132479, -0.859491, 0.493684,
		0.957597, 0.017578, 0.287572,
		49.548744, 51.212906, 52.567841>
	pigment { color rgbt <0,1,1,0> }
	no_shadow
}
cylinder {
	<48.758217, 51.309681, 53.187725>,  <48.878426, 51.200603, 52.366539>, 0.130000
	pigment { color rgbt <1,0,0,0> }
	no_shadow
}

// nucleotide -1

// particle -1
sphere {
	<48.758217, 51.309681, 53.187725> 0.250000
	pigment { color rgbt <1,0,0,0> }
	no_shadow
}
cylinder {
	<49.111534, 51.439453, 53.052345>,  <49.323524, 51.517315, 52.971119>, 0.100000
	pigment { color rgbt <1,0,0,0> }
	no_shadow
}
cylinder {
	<49.111534, 51.439453, 53.052345>,  <48.758217, 51.309681, 53.187725>, 0.100000
	pigment { color rgbt <1,0,0,0> }
	no_shadow
}

// particle -1
sphere {
	<49.111534, 51.439453, 53.052345> 0.100000
	pigment { color rgbt <1,0,0,0> }
	no_shadow
}
sphere {
	0, 1
	scale<0.080000,0.200000,0.300000>
	matrix <-0.056338, 0.790119, 0.610359,
		0.465431, -0.520056, 0.716182,
		0.883290, 0.324428, -0.338446,
		49.376522, 51.536781, 52.950809>
	pigment { color rgbt <0,1,1,0> }
	no_shadow
}
cylinder {
	<48.995739, 51.586277, 53.858257>,  <48.758217, 51.309681, 53.187725>, 0.130000
	pigment { color rgbt <1,0,0,0> }
	no_shadow
}

// nucleotide -1

// particle -1
sphere {
	<48.995739, 51.586277, 53.858257> 0.250000
	pigment { color rgbt <1,0,0,0> }
	no_shadow
}
cylinder {
	<49.162277, 51.738358, 53.527901>,  <49.262199, 51.829605, 53.329685>, 0.100000
	pigment { color rgbt <1,0,0,0> }
	no_shadow
}
cylinder {
	<49.162277, 51.738358, 53.527901>,  <48.995739, 51.586277, 53.858257>, 0.100000
	pigment { color rgbt <1,0,0,0> }
	no_shadow
}

// particle -1
sphere {
	<49.162277, 51.738358, 53.527901> 0.100000
	pigment { color rgbt <1,0,0,0> }
	no_shadow
}
sphere {
	0, 1
	scale<0.080000,0.200000,0.300000>
	matrix <0.036090, 0.900741, 0.432855,
		0.908493, -0.210021, 0.361291,
		0.416338, 0.380207, -0.825896,
		49.287182, 51.852421, 53.280132>
	pigment { color rgbt <0,1,1,0> }
	no_shadow
}
cylinder {
	<49.704540, 51.840626, 54.070248>,  <48.995739, 51.586277, 53.858257>, 0.130000
	pigment { color rgbt <1,0,0,0> }
	no_shadow
}

// nucleotide -1

// particle -1
sphere {
	<49.704540, 51.840626, 54.070248> 0.250000
	pigment { color rgbt <1,0,0,0> }
	no_shadow
}
cylinder {
	<49.554550, 52.040382, 53.757839>,  <49.464558, 52.160236, 53.570393>, 0.100000
	pigment { color rgbt <1,0,0,0> }
	no_shadow
}
cylinder {
	<49.554550, 52.040382, 53.757839>,  <49.704540, 51.840626, 54.070248>, 0.100000
	pigment { color rgbt <1,0,0,0> }
	no_shadow
}

// particle -1
sphere {
	<49.554550, 52.040382, 53.757839> 0.100000
	pigment { color rgbt <1,0,0,0> }
	no_shadow
}
sphere {
	0, 1
	scale<0.080000,0.200000,0.300000>
	matrix <0.100778, 0.859463, 0.501165,
		0.921541, 0.109214, -0.372605,
		-0.374975, 0.499394, -0.781024,
		49.442059, 52.190201, 53.523533>
	pigment { color rgbt <0,1,1,0> }
	no_shadow
}
cylinder {
	<50.151562, 52.340519, 53.860008>,  <49.704540, 51.840626, 54.070248>, 0.130000
	pigment { color rgbt <1,0,0,0> }
	no_shadow
}

// nucleotide -1

// particle -1
sphere {
	<50.151562, 52.340519, 53.860008> 0.250000
	pigment { color rgbt <1,0,0,0> }
	no_shadow
}
cylinder {
	<49.811932, 52.477867, 53.699425>,  <49.608154, 52.560276, 53.603073>, 0.100000
	pigment { color rgbt <1,0,0,0> }
	no_shadow
}
cylinder {
	<49.811932, 52.477867, 53.699425>,  <50.151562, 52.340519, 53.860008>, 0.100000
	pigment { color rgbt <1,0,0,0> }
	no_shadow
}

// particle -1
sphere {
	<49.811932, 52.477867, 53.699425> 0.100000
	pigment { color rgbt <1,0,0,0> }
	no_shadow
}
sphere {
	0, 1
	scale<0.080000,0.200000,0.300000>
	matrix <0.103751, 0.853537, 0.510598,
		0.517981, 0.391885, -0.760343,
		-0.849077, 0.343367, -0.401457,
		49.557209, 52.580875, 53.578987>
	pigment { color rgbt <0,1,1,0> }
	no_shadow
}
cylinder {
	<50.583172, 52.554859, 54.364971>,  <50.151562, 52.340519, 53.860008>, 0.130000
	pigment { color rgbt <1,0,0,0> }
	no_shadow
}

// nucleotide -1

// particle -1
sphere {
	<50.583172, 52.554859, 54.364971> 0.250000
	pigment { color rgbt <1,0,0,0> }
	no_shadow
}
cylinder {
	<50.497711, 52.864014, 54.603966>,  <50.446434, 53.049507, 54.747364>, 0.100000
	pigment { color rgbt <1,0,0,0> }
	no_shadow
}
cylinder {
	<50.497711, 52.864014, 54.603966>,  <50.583172, 52.554859, 54.364971>, 0.100000
	pigment { color rgbt <1,0,0,0> }
	no_shadow
}

// particle -1
sphere {
	<50.497711, 52.864014, 54.603966> 0.100000
	pigment { color rgbt <1,0,0,0> }
	no_shadow
}
sphere {
	0, 1
	scale<0.080000,0.200000,0.300000>
	matrix <0.904426, -0.074702, 0.420040,
		0.369277, 0.630130, -0.683060,
		-0.213654, 0.772888, 0.597491,
		50.433617, 53.095879, 54.783215>
	pigment { color rgbt <0,1,1,0> }
	no_shadow
}
cylinder {
	<51.126781, 52.668060, 54.860035>,  <50.583172, 52.554859, 54.364971>, 0.130000
	pigment { color rgbt <1,0,0,0> }
	no_shadow
}

// nucleotide -1

// particle -1
sphere {
	<51.126781, 52.668060, 54.860035> 0.250000
	pigment { color rgbt <1,0,0,0> }
	no_shadow
}
cylinder {
	<50.984074, 53.025093, 54.970314>,  <50.898449, 53.239311, 55.036484>, 0.100000
	pigment { color rgbt <1,0,0,0> }
	no_shadow
}
cylinder {
	<50.984074, 53.025093, 54.970314>,  <51.126781, 52.668060, 54.860035>, 0.100000
	pigment { color rgbt <1,0,0,0> }
	no_shadow
}

// particle -1
sphere {
	<50.984074, 53.025093, 54.970314> 0.100000
	pigment { color rgbt <1,0,0,0> }
	no_shadow
}
sphere {
	0, 1
	scale<0.080000,0.200000,0.300000>
	matrix <0.798243, 0.137959, 0.586324,
		0.485308, 0.429259, -0.761717,
		-0.356771, 0.892583, 0.275700,
		50.877041, 53.292870, 55.053024>
	pigment { color rgbt <0,1,1,0> }
	no_shadow
}
cylinder {
	<51.506008, 53.293556, 54.545433>,  <51.126781, 52.668060, 54.860035>, 0.130000
	pigment { color rgbt <1,0,0,0> }
	no_shadow
}

// nucleotide -1

// particle -1
sphere {
	<51.506008, 53.293556, 54.545433> 0.250000
	pigment { color rgbt <1,0,0,0> }
	no_shadow
}
cylinder {
	<51.378777, 53.242851, 54.921253>,  <51.302437, 53.212429, 55.146744>, 0.100000
	pigment { color rgbt <1,0,0,0> }
	no_shadow
}
cylinder {
	<51.378777, 53.242851, 54.921253>,  <51.506008, 53.293556, 54.545433>, 0.100000
	pigment { color rgbt <1,0,0,0> }
	no_shadow
}

// particle -1
sphere {
	<51.378777, 53.242851, 54.921253> 0.100000
	pigment { color rgbt <1,0,0,0> }
	no_shadow
}
sphere {
	0, 1
	scale<0.080000,0.200000,0.300000>
	matrix <0.947500, -0.008362, 0.319647,
		-0.032664, 0.991897, 0.122771,
		-0.318083, -0.126767, 0.939549,
		51.283352, 53.204823, 55.203117>
	pigment { color rgbt <0,1,1,0> }
	no_shadow
}
cylinder {
	<52.094967, 52.958679, 54.090786>,  <51.506008, 53.293556, 54.545433>, 0.130000
	pigment { color rgbt <1,0,0,0> }
	no_shadow
}

// nucleotide -1

// particle -1
sphere {
	<52.094967, 52.958679, 54.090786> 0.250000
	pigment { color rgbt <1,0,0,0> }
	no_shadow
}
cylinder {
	<52.026775, 52.716675, 54.401886>,  <51.985859, 52.571472, 54.588547>, 0.100000
	pigment { color rgbt <1,0,0,0> }
	no_shadow
}
cylinder {
	<52.026775, 52.716675, 54.401886>,  <52.094967, 52.958679, 54.090786>, 0.100000
	pigment { color rgbt <1,0,0,0> }
	no_shadow
}

// particle -1
sphere {
	<52.026775, 52.716675, 54.401886> 0.100000
	pigment { color rgbt <1,0,0,0> }
	no_shadow
}
sphere {
	0, 1
	scale<0.080000,0.200000,0.300000>
	matrix <0.985233, -0.117386, 0.124644,
		0.015886, 0.787517, 0.616088,
		-0.170479, -0.605011, 0.777753,
		51.975632, 52.535172, 54.635212>
	pigment { color rgbt <0,1,1,0> }
	no_shadow
}
cylinder {
	<52.478661, 53.275009, 54.660618>,  <52.094967, 52.958679, 54.090786>, 0.130000
	pigment { color rgbt <1,0,0,0> }
	no_shadow
}

// nucleotide -1

// particle -1
sphere {
	<52.478661, 53.275009, 54.660618> 0.250000
	pigment { color rgbt <1,0,0,0> }
	no_shadow
}
cylinder {
	<52.395367, 52.891220, 54.736565>,  <52.345390, 52.660946, 54.782131>, 0.100000
	pigment { color rgbt <1,0,0,0> }
	no_shadow
}
cylinder {
	<52.395367, 52.891220, 54.736565>,  <52.478661, 53.275009, 54.660618>, 0.100000
	pigment { color rgbt <1,0,0,0> }
	no_shadow
}

// particle -1
sphere {
	<52.395367, 52.891220, 54.736565> 0.100000
	pigment { color rgbt <1,0,0,0> }
	no_shadow
}
sphere {
	0, 1
	scale<0.080000,0.200000,0.300000>
	matrix <0.954619, -0.157112, 0.253020,
		-0.212936, 0.233938, 0.948647,
