// switches for output
#declare DRAW_BASES = 1; // possible values are 0, 1; only relevant for DNA ribbons
#declare DRAW_BASES_TYPE = 3; // possible values are 1, 2, 3; only relevant for DNA ribbons
#declare DRAW_FOG = 0; // set to 1 to enable fog

#include "colors.inc"

#include "transforms.inc"
background { rgb <1, 1, 1>}

#default {
   normal{
       ripples 0.25
       frequency 0.20
       turbulence 0.2
       lambda 5
   }
	finish {
		phong 0.1
		phong_size 40.
	}
}

// original window dimensions: 1024x640


// camera settings

camera {
	sky <-0, 1, 0>
	up <-0, 1, 0>
	right 1.6 * <0.99995, 0, 0.00999983>
	location <54.4867, 55, 106.329>
	look_at <55, 55, 55.0001>
	direction <0.513302, 0, -51.3289>
	angle 67.0682
}


# declare cpy_camera_pos = <54.4867, 55, 106.329>;
# if (DRAW_FOG = 1)
fog {
	fog_type 2
	up vnormalize(cpy_camera_pos)
	color rgbt<1,1,1,0.3>
	distance 1e-5
	fog_alt 3e-3
	fog_offset 88
}
# end


// LIGHTS

# declare lum = 6;
global_settings {
	ambient_light rgb lum * <0.05, 0.05, 0.05>
	max_trace_level 15
}# declare cpy_direct_light_amount = 0.25;
light_source
{	1000 * <-0.98995, -1, 1.00995>,
	rgb lum * cpy_direct_light_amount
	parallel
}

light_source
{	1000 * <0.98995, 1, -1.00995>,
	rgb lum * cpy_direct_light_amount
	parallel
}

// strand 0

// nucleotide -1

// particle -1
sphere {
	<36.768288, 53.294426, 49.048088> 0.250000
	pigment { color rgbt <1,0,0,0> }
	no_shadow
}
cylinder {
	<36.529301, 53.199379, 49.354439>,  <36.385910, 53.142353, 49.538250>, 0.100000
	pigment { color rgbt <1,0,0,0> }
	no_shadow
}
cylinder {
	<36.529301, 53.199379, 49.354439>,  <36.768288, 53.294426, 49.048088>, 0.100000
	pigment { color rgbt <1,0,0,0> }
	no_shadow
}

// particle -1
sphere {
	<36.529301, 53.199379, 49.354439> 0.100000
	pigment { color rgbt <1,0,0,0> }
	no_shadow
}
sphere {
	0, 1
	scale<0.080000,0.200000,0.300000>
	matrix <0.625727, 0.459155, 0.630589,
		-0.501495, 0.855988, -0.125648,
		-0.597468, -0.237615, 0.765879,
		36.350060, 53.128094, 49.584202>
	pigment { color rgbt <0,1,1,0> }
	no_shadow
}
cylinder {
	<36.932232, 53.760117, 49.528984>,  <36.768288, 53.294426, 49.048088>, 0.130000
	pigment { color rgbt <1,0,0,0> }
	no_shadow
}

// nucleotide -1

// particle -1
sphere {
	<36.932232, 53.760117, 49.528984> 0.250000
	pigment { color rgbt <1,0,0,0> }
	no_shadow
}
cylinder {
	<36.735275, 53.484158, 49.741245>,  <36.617100, 53.318584, 49.868603>, 0.100000
	pigment { color rgbt <1,0,0,0> }
	no_shadow
}
cylinder {
	<36.735275, 53.484158, 49.741245>,  <36.932232, 53.760117, 49.528984>, 0.100000
	pigment { color rgbt <1,0,0,0> }
	no_shadow
}

// particle -1
sphere {
	<36.735275, 53.484158, 49.741245> 0.100000
	pigment { color rgbt <1,0,0,0> }
	no_shadow
}
sphere {
	0, 1
	scale<0.080000,0.200000,0.300000>
	matrix <0.403556, 0.359225, 0.841487,
		-0.771161, 0.628492, 0.101531,
		-0.492395, -0.689895, 0.530652,
		36.587555, 53.277187, 49.900440>
	pigment { color rgbt <0,1,1,0> }
	no_shadow
}
cylinder {
	<36.691360, 54.020088, 50.105247>,  <36.932232, 53.760117, 49.528984>, 0.130000
	pigment { color rgbt <1,0,0,0> }
	no_shadow
}

// nucleotide -1

// particle -1
sphere {
	<36.691360, 54.020088, 50.105247> 0.250000
	pigment { color rgbt <1,0,0,0> }
	no_shadow
}
cylinder {
	<36.795998, 53.640385, 50.035423>,  <36.858780, 53.412563, 49.993530>, 0.100000
	pigment { color rgbt <1,0,0,0> }
	no_shadow
}
cylinder {
	<36.795998, 53.640385, 50.035423>,  <36.691360, 54.020088, 50.105247>, 0.100000
	pigment { color rgbt <1,0,0,0> }
	no_shadow
}

// particle -1
sphere {
	<36.795998, 53.640385, 50.035423> 0.100000
	pigment { color rgbt <1,0,0,0> }
	no_shadow
}
sphere {
	0, 1
	scale<0.080000,0.200000,0.300000>
	matrix <0.782617, 0.102769, 0.613962,
		-0.564872, -0.297220, 0.769793,
		0.261592, -0.949262, -0.174558,
		36.874474, 53.355606, 49.983055>
	pigment { color rgbt <0,1,1,0> }
	no_shadow
}
cylinder {
	<36.725201, 53.627914, 50.706989>,  <36.691360, 54.020088, 50.105247>, 0.130000
	pigment { color rgbt <1,0,0,0> }
	no_shadow
}

// nucleotide -1

// particle -1
sphere {
	<36.725201, 53.627914, 50.706989> 0.250000
	pigment { color rgbt <1,0,0,0> }
	no_shadow
}
cylinder {
	<37.002254, 53.534184, 50.434120>,  <37.168488, 53.477947, 50.270401>, 0.100000
	pigment { color rgbt <1,0,0,0> }
	no_shadow
}
cylinder {
	<37.002254, 53.534184, 50.434120>,  <36.725201, 53.627914, 50.706989>, 0.100000
	pigment { color rgbt <1,0,0,0> }
	no_shadow
}

// particle -1
sphere {
	<37.002254, 53.534184, 50.434120> 0.100000
	pigment { color rgbt <1,0,0,0> }
	no_shadow
}
sphere {
	0, 1
	scale<0.080000,0.200000,0.300000>
	matrix <0.714325, 0.353979, 0.603688,
		0.100015, -0.905423, 0.412561,
		0.692630, -0.234325, -0.682170,
		37.210045, 53.463886, 50.229469>
	pigment { color rgbt <0,1,1,0> }
	no_shadow
}
cylinder {
	<37.191177, 53.152554, 50.881844>,  <36.725201, 53.627914, 50.706989>, 0.130000
	pigment { color rgbt <1,0,0,0> }
	no_shadow
}

// nucleotide -1

// particle -1
sphere {
	<37.191177, 53.152554, 50.881844> 0.250000
	pigment { color rgbt <1,0,0,0> }
	no_shadow
}
cylinder {
	<37.367794, 53.388187, 50.611137>,  <37.473766, 53.529568, 50.448711>, 0.100000
	pigment { color rgbt <1,0,0,0> }
	no_shadow
}
cylinder {
	<37.367794, 53.388187, 50.611137>,  <37.191177, 53.152554, 50.881844>, 0.100000
	pigment { color rgbt <1,0,0,0> }
	no_shadow
}

// particle -1
sphere {
	<37.367794, 53.388187, 50.611137> 0.100000
	pigment { color rgbt <1,0,0,0> }
	no_shadow
}
sphere {
	0, 1
	scale<0.080000,0.200000,0.300000>
	matrix <0.677537, 0.275569, 0.681913,
		0.588203, -0.759630, -0.277453,
		0.441544, 0.589088, -0.676768,
		37.500256, 53.564915, 50.408108>
	pigment { color rgbt <0,1,1,0> }
	no_shadow
}
cylinder {
	<37.860649, 52.904610, 50.717991>,  <37.191177, 53.152554, 50.881844>, 0.130000
	pigment { color rgbt <1,0,0,0> }
	no_shadow
}

// nucleotide -1

// particle -1
sphere {
	<37.860649, 52.904610, 50.717991> 0.250000
	pigment { color rgbt <1,0,0,0> }
	no_shadow
}
cylinder {
	<37.830986, 53.299290, 50.660118>,  <37.813190, 53.536098, 50.625393>, 0.100000
	pigment { color rgbt <1,0,0,0> }
	no_shadow
}
cylinder {
	<37.830986, 53.299290, 50.660118>,  <37.860649, 52.904610, 50.717991>, 0.100000
	pigment { color rgbt <1,0,0,0> }
	no_shadow
}

// particle -1
sphere {
	<37.830986, 53.299290, 50.660118> 0.100000
	pigment { color rgbt <1,0,0,0> }
	no_shadow
}
sphere {
	0, 1
	scale<0.080000,0.200000,0.300000>
	matrix <0.641384, 0.158284, 0.750715,
		0.763628, -0.037130, -0.644588,
		-0.074154, 0.986695, -0.144684,
		37.808739, 53.595299, 50.616714>
	pigment { color rgbt <0,1,1,0> }
	no_shadow
}
cylinder {
	<38.590523, 53.231972, 50.769733>,  <37.860649, 52.904610, 50.717991>, 0.130000
	pigment { color rgbt <1,0,0,0> }
	no_shadow
}

// nucleotide -1

// particle -1
sphere {
	<38.590523, 53.231972, 50.769733> 0.250000
	pigment { color rgbt <1,0,0,0> }
	no_shadow
}
cylinder {
	<38.321720, 53.523369, 50.822952>,  <38.160439, 53.698208, 50.854881>, 0.100000
	pigment { color rgbt <1,0,0,0> }
	no_shadow
}
cylinder {
	<38.321720, 53.523369, 50.822952>,  <38.590523, 53.231972, 50.769733>, 0.100000
	pigment { color rgbt <1,0,0,0> }
	no_shadow
}

// particle -1
sphere {
	<38.321720, 53.523369, 50.822952> 0.100000
	pigment { color rgbt <1,0,0,0> }
	no_shadow
}
sphere {
	0, 1
	scale<0.080000,0.200000,0.300000>
	matrix <0.511446, 0.326637, 0.794815,
		0.535560, 0.602168, -0.592089,
		-0.672010, 0.728493, 0.133042,
		38.120117, 53.741917, 50.862865>
	pigment { color rgbt <0,1,1,0> }
	no_shadow
}
cylinder {
	<39.045803, 52.952518, 51.354267>,  <38.590523, 53.231972, 50.769733>, 0.130000
	pigment { color rgbt <1,0,0,0> }
	no_shadow
}

// nucleotide -1

// particle -1
sphere {
	<39.045803, 52.952518, 51.354267> 0.250000
	pigment { color rgbt <1,0,0,0> }
	no_shadow
}
cylinder {
	<39.227703, 53.122143, 51.040993>,  <39.336842, 53.223919, 50.853027>, 0.100000
	pigment { color rgbt <1,0,0,0> }
	no_shadow
}
cylinder {
	<39.227703, 53.122143, 51.040993>,  <39.045803, 52.952518, 51.354267>, 0.100000
	pigment { color rgbt <1,0,0,0> }
	no_shadow
}

// particle -1
sphere {
	<39.227703, 53.122143, 51.040993> 0.100000
	pigment { color rgbt <1,0,0,0> }
	no_shadow
}
sphere {
	0, 1
	scale<0.080000,0.200000,0.300000>
	matrix <0.827456, 0.124100, 0.547645,
		0.329428, -0.897091, -0.294457,
		0.454745, 0.424060, -0.783186,
		39.364128, 53.249359, 50.806038>
	pigment { color rgbt <0,1,1,0> }
	no_shadow
}
cylinder {
	<39.834724, 52.832134, 51.312790>,  <39.045803, 52.952518, 51.354267>, 0.130000
	pigment { color rgbt <1,0,0,0> }
	no_shadow
}

// nucleotide -1

// particle -1
sphere {
	<39.834724, 52.832134, 51.312790> 0.250000
	pigment { color rgbt <1,0,0,0> }
	no_shadow
}
cylinder {
	<39.778133, 53.197159, 51.159313>,  <39.744179, 53.416172, 51.067226>, 0.100000
	pigment { color rgbt <1,0,0,0> }
	no_shadow
}
cylinder {
	<39.778133, 53.197159, 51.159313>,  <39.834724, 52.832134, 51.312790>, 0.100000
	pigment { color rgbt <1,0,0,0> }
	no_shadow
}

// particle -1
sphere {
	<39.778133, 53.197159, 51.159313> 0.100000
	pigment { color rgbt <1,0,0,0> }
	no_shadow
}
sphere {
	0, 1
	scale<0.080000,0.200000,0.300000>
	matrix <0.724303, 0.359628, 0.588262,
		0.674811, -0.194685, -0.711849,
		-0.141475, 0.912560, -0.383692,
		39.735691, 53.470928, 51.044205>
	pigment { color rgbt <0,1,1,0> }
	no_shadow
}
cylinder {
	<40.481571, 53.157688, 51.368114>,  <39.834724, 52.832134, 51.312790>, 0.130000
	pigment { color rgbt <1,0,0,0> }
	no_shadow
}

// nucleotide -1

// particle -1
sphere {
	<40.481571, 53.157688, 51.368114> 0.250000
	pigment { color rgbt <1,0,0,0> }
	no_shadow
}
cylinder {
	<40.200665, 53.434822, 51.302631>,  <40.032120, 53.601101, 51.263344>, 0.100000
	pigment { color rgbt <1,0,0,0> }
	no_shadow
}
cylinder {
	<40.200665, 53.434822, 51.302631>,  <40.481571, 53.157688, 51.368114>, 0.100000
	pigment { color rgbt <1,0,0,0> }
	no_shadow
}

// particle -1
sphere {
	<40.200665, 53.434822, 51.302631> 0.100000
	pigment { color rgbt <1,0,0,0> }
	no_shadow
}
sphere {
	0, 1
	scale<0.080000,0.200000,0.300000>
	matrix <0.403513, 0.576828, 0.710244,
		0.586508, 0.432727, -0.684657,
		-0.702271, 0.692832, -0.163703,
		39.989983, 53.642673, 51.253521>
	pigment { color rgbt <0,1,1,0> }
	no_shadow
}
cylinder {
	<40.842411, 53.954376, 51.236355>,  <40.481571, 53.157688, 51.368114>, 0.130000
	pigment { color rgbt <1,0,0,0> }
	no_shadow
}

// nucleotide -1

// particle -1
sphere {
	<40.842411, 53.954376, 51.236355> 0.250000
	pigment { color rgbt <1,0,0,0> }
	no_shadow
}
cylinder {
	<40.473068, 53.904549, 51.381622>,  <40.251461, 53.874653, 51.468781>, 0.100000
	pigment { color rgbt <1,0,0,0> }
	no_shadow
}
cylinder {
	<40.473068, 53.904549, 51.381622>,  <40.842411, 53.954376, 51.236355>, 0.100000
	pigment { color rgbt <1,0,0,0> }
	no_shadow
}

// particle -1
sphere {
	<40.473068, 53.904549, 51.381622> 0.100000
	pigment { color rgbt <1,0,0,0> }
	no_shadow
}
sphere {
	0, 1
	scale<0.080000,0.200000,0.300000>
	matrix <0.235015, 0.564597, 0.791201,
		-0.303603, 0.815912, -0.492049,
		-0.923360, -0.124572, 0.363165,
		40.196060, 53.867176, 51.490570>
	pigment { color rgbt <0,1,1,0> }
	no_shadow
}
cylinder {
	<41.430855, 54.165524, 50.835003>,  <40.842411, 53.954376, 51.236355>, 0.130000
	pigment { color rgbt <1,0,0,0> }
	no_shadow
}

// nucleotide -1

// particle -1
sphere {
	<41.430855, 54.165524, 50.835003> 0.250000
	pigment { color rgbt <1,0,0,0> }
	no_shadow
}
cylinder {
	<41.219467, 54.501007, 50.887596>,  <41.092632, 54.702297, 50.919151>, 0.100000
	pigment { color rgbt <1,0,0,0> }
	no_shadow
}
cylinder {
	<41.219467, 54.501007, 50.887596>,  <41.430855, 54.165524, 50.835003>, 0.100000
	pigment { color rgbt <1,0,0,0> }
	no_shadow
}

// particle -1
sphere {
	<41.219467, 54.501007, 50.887596> 0.100000
	pigment { color rgbt <1,0,0,0> }
	no_shadow
}
sphere {
	0, 1
	scale<0.080000,0.200000,0.300000>
	matrix <0.240772, -0.000451, 0.970582,
		0.814093, 0.544583, -0.201699,
		-0.528471, 0.838707, 0.131488,
		41.060925, 54.752621, 50.927044>
	pigment { color rgbt <0,1,1,0> }
	no_shadow
}
cylinder {
	<42.000771, 54.651627, 51.176186>,  <41.430855, 54.165524, 50.835003>, 0.130000
	pigment { color rgbt <1,0,0,0> }
	no_shadow
}

// nucleotide -1

// particle -1
sphere {
	<42.000771, 54.651627, 51.176186> 0.250000
	pigment { color rgbt <1,0,0,0> }
	no_shadow
}
cylinder {
	<41.608097, 54.698177, 51.236526>,  <41.372494, 54.726109, 51.272732>, 0.100000
	pigment { color rgbt <1,0,0,0> }
	no_shadow
}
cylinder {
	<41.608097, 54.698177, 51.236526>,  <42.000771, 54.651627, 51.176186>, 0.100000
	pigment { color rgbt <1,0,0,0> }
	no_shadow
}

// particle -1
sphere {
	<41.608097, 54.698177, 51.236526> 0.100000
	pigment { color rgbt <1,0,0,0> }
	no_shadow
}
sphere {
	0, 1
	scale<0.080000,0.200000,0.300000>
	matrix <0.143373, -0.070182, 0.987177,
		0.125470, 0.990723, 0.052211,
		-0.981683, 0.116375, 0.150849,
		41.313591, 54.733089, 51.281780>
	pigment { color rgbt <0,1,1,0> }
	no_shadow
}
cylinder {
	<41.848446, 55.161110, 51.740810>,  <42.000771, 54.651627, 51.176186>, 0.130000
	pigment { color rgbt <1,0,0,0> }
	no_shadow
}

// nucleotide -1

// particle -1
sphere {
	<41.848446, 55.161110, 51.740810> 0.250000
	pigment { color rgbt <1,0,0,0> }
	no_shadow
}
cylinder {
	<41.550011, 54.895721, 51.718323>,  <41.370949, 54.736488, 51.704830>, 0.100000
	pigment { color rgbt <1,0,0,0> }
	no_shadow
}
cylinder {
	<41.550011, 54.895721, 51.718323>,  <41.848446, 55.161110, 51.740810>, 0.100000
	pigment { color rgbt <1,0,0,0> }
	no_shadow
}

// particle -1
sphere {
	<41.550011, 54.895721, 51.718323> 0.100000
	pigment { color rgbt <1,0,0,0> }
	no_shadow
}
sphere {
	0, 1
	scale<0.080000,0.200000,0.300000>
	matrix <0.087940, -0.181885, 0.979380,
		-0.660015, 0.725759, 0.194048,
		-0.746088, -0.663470, -0.056223,
		41.326183, 54.696682, 51.701454>
	pigment { color rgbt <0,1,1,0> }
	no_shadow
}
cylinder {
	<41.172421, 55.330074, 52.032322>,  <41.848446, 55.161110, 51.740810>, 0.130000
	pigment { color rgbt <1,0,0,0> }
	no_shadow
}

// nucleotide -1

// particle -1
sphere {
	<41.172421, 55.330074, 52.032322> 0.250000
	pigment { color rgbt <1,0,0,0> }
	no_shadow
}
cylinder {
	<41.262379, 54.941864, 52.066978>,  <41.316353, 54.708939, 52.087772>, 0.100000
	pigment { color rgbt <1,0,0,0> }
	no_shadow
}
cylinder {
	<41.262379, 54.941864, 52.066978>,  <41.172421, 55.330074, 52.032322>, 0.100000
	pigment { color rgbt <1,0,0,0> }
	no_shadow
}

// particle -1
sphere {
	<41.262379, 54.941864, 52.066978> 0.100000
	pigment { color rgbt <1,0,0,0> }
	no_shadow
}
sphere {
	0, 1
	scale<0.080000,0.200000,0.300000>
	matrix <0.084010, 0.107901, 0.990606,
		-0.970754, -0.215505, 0.105800,
		0.224897, -0.970523, 0.086641,
		41.329849, 54.650707, 52.092972>
	pigment { color rgbt <0,1,1,0> }
	no_shadow
}
cylinder {
	<40.800606, 55.636677, 52.686966>,  <41.172421, 55.330074, 52.032322>, 0.130000
	pigment { color rgbt <1,0,0,0> }
	no_shadow
}

// nucleotide -1

// particle -1
sphere {
	<40.800606, 55.636677, 52.686966> 0.250000
	pigment { color rgbt <1,0,0,0> }
	no_shadow
}
cylinder {
	<40.773811, 56.014378, 52.558037>,  <40.757736, 56.240997, 52.480679>, 0.100000
	pigment { color rgbt <1,0,0,0> }
	no_shadow
}
cylinder {
	<40.773811, 56.014378, 52.558037>,  <40.800606, 55.636677, 52.686966>, 0.100000
	pigment { color rgbt <1,0,0,0> }
	no_shadow
}

// particle -1
sphere {
	<40.773811, 56.014378, 52.558037> 0.100000
	pigment { color rgbt <1,0,0,0> }
	no_shadow
}
sphere {
	0, 1
	scale<0.080000,0.200000,0.300000>
	matrix <-0.406645, 0.269170, 0.873034,
		0.911128, 0.189550, 0.365947,
		-0.066982, 0.944255, -0.322327,
		40.753716, 56.297653, 52.461338>
	pigment { color rgbt <0,1,1,0> }
	no_shadow
}
cylinder {
	<41.132698, 56.108711, 53.187252>,  <40.800606, 55.636677, 52.686966>, 0.130000
	pigment { color rgbt <1,0,0,0> }
	no_shadow
}

// nucleotide -1

// particle -1
sphere {
	<41.132698, 56.108711, 53.187252> 0.250000
	pigment { color rgbt <1,0,0,0> }
	no_shadow
}
cylinder {
	<40.809998, 56.231472, 52.985275>,  <40.616379, 56.305126, 52.864090>, 0.100000
	pigment { color rgbt <1,0,0,0> }
	no_shadow
}
cylinder {
	<40.809998, 56.231472, 52.985275>,  <41.132698, 56.108711, 53.187252>, 0.100000
	pigment { color rgbt <1,0,0,0> }
	no_shadow
}

// particle -1
sphere {
	<40.809998, 56.231472, 52.985275> 0.100000
	pigment { color rgbt <1,0,0,0> }
	no_shadow
}
sphere {
	0, 1
	scale<0.080000,0.200000,0.300000>
	matrix <-0.349446, 0.441296, 0.826526,
		0.476488, 0.843250, -0.248772,
		-0.806750, 0.306897, -0.504943,
		40.567974, 56.323540, 52.833794>
	pigment { color rgbt <0,1,1,0> }
	no_shadow
}
cylinder {
	<41.659409, 56.653091, 53.124439>,  <41.132698, 56.108711, 53.187252>, 0.130000
	pigment { color rgbt <1,0,0,0> }
	no_shadow
}

// nucleotide -1

// particle -1
sphere {
	<41.659409, 56.653091, 53.124439> 0.250000
	pigment { color rgbt <1,0,0,0> }
	no_shadow
}
cylinder {
	<41.787899, 56.409603, 52.834263>,  <41.864994, 56.263508, 52.660156>, 0.100000
	pigment { color rgbt <1,0,0,0> }
	no_shadow
}
cylinder {
	<41.787899, 56.409603, 52.834263>,  <41.659409, 56.653091, 53.124439>, 0.100000
	pigment { color rgbt <1,0,0,0> }
	no_shadow
}

// particle -1
sphere {
	<41.787899, 56.409603, 52.834263> 0.100000
	pigment { color rgbt <1,0,0,0> }
	no_shadow
}
sphere {
	0, 1
	scale<0.080000,0.200000,0.300000>
	matrix <0.730353, 0.646877, -0.219398,
		0.602826, -0.459354, 0.652377,
		0.321226, -0.608724, -0.725444,
		41.884266, 56.226986, 52.616631>
	pigment { color rgbt <0,1,1,0> }
	no_shadow
}
cylinder {
	<42.339054, 56.507999, 53.223839>,  <41.659409, 56.653091, 53.124439>, 0.130000
	pigment { color rgbt <1,0,0,0> }
	no_shadow
}

// nucleotide -1

// particle -1
sphere {
	<42.339054, 56.507999, 53.223839> 0.250000
	pigment { color rgbt <1,0,0,0> }
	no_shadow
}
cylinder {
	<42.279552, 56.480045, 52.829277>,  <42.243851, 56.463272, 52.592541>, 0.100000
	pigment { color rgbt <1,0,0,0> }
	no_shadow
}
cylinder {
	<42.279552, 56.480045, 52.829277>,  <42.339054, 56.507999, 53.223839>, 0.100000
	pigment { color rgbt <1,0,0,0> }
	no_shadow
}

// particle -1
sphere {
	<42.279552, 56.480045, 52.829277> 0.100000
	pigment { color rgbt <1,0,0,0> }
	no_shadow
}
sphere {
	0, 1
	scale<0.080000,0.200000,0.300000>
	matrix <0.709573, 0.687215, -0.155698,
		0.688751, -0.723085, -0.052638,
		-0.148757, -0.069886, -0.986401,
		42.234924, 56.459080, 52.533356>
	pigment { color rgbt <0,1,1,0> }
	no_shadow
}
cylinder {
	<42.940144, 56.699207, 53.000267>,  <42.339054, 56.507999, 53.223839>, 0.130000
	pigment { color rgbt <1,0,0,0> }
	no_shadow
}

// nucleotide -1

// particle -1
sphere {
	<42.940144, 56.699207, 53.000267> 0.250000
	pigment { color rgbt <1,0,0,0> }
	no_shadow
}
cylinder {
	<42.698456, 56.708313, 52.681671>,  <42.553444, 56.713776, 52.490513>, 0.100000
	pigment { color rgbt <1,0,0,0> }
	no_shadow
}
cylinder {
	<42.698456, 56.708313, 52.681671>,  <42.940144, 56.699207, 53.000267>, 0.100000
	pigment { color rgbt <1,0,0,0> }
	no_shadow
}

// particle -1
sphere {
	<42.698456, 56.708313, 52.681671> 0.100000
	pigment { color rgbt <1,0,0,0> }
	no_shadow
}
sphere {
	0, 1
	scale<0.080000,0.200000,0.300000>
	matrix <0.408319, 0.867219, -0.284968,
		0.684248, -0.497407, -0.533283,
		-0.604219, 0.022761, -0.796493,
		42.517189, 56.715141, 52.442722>
	pigment { color rgbt <0,1,1,0> }
	no_shadow
}
cylinder {
	<43.372162, 56.894154, 52.443432>,  <42.940144, 56.699207, 53.000267>, 0.130000
	pigment { color rgbt <1,0,0,0> }
	no_shadow
}

// nucleotide -1

// particle -1
sphere {
	<43.372162, 56.894154, 52.443432> 0.250000
	pigment { color rgbt <1,0,0,0> }
	no_shadow
}
cylinder {
	<42.991161, 57.003002, 52.388741>,  <42.762562, 57.068314, 52.355927>, 0.100000
	pigment { color rgbt <1,0,0,0> }
	no_shadow
}
cylinder {
	<42.991161, 57.003002, 52.388741>,  <43.372162, 56.894154, 52.443432>, 0.100000
	pigment { color rgbt <1,0,0,0> }
	no_shadow
}

// particle -1
sphere {
	<42.991161, 57.003002, 52.388741> 0.100000
	pigment { color rgbt <1,0,0,0> }
	no_shadow
}
sphere {
	0, 1
	scale<0.080000,0.200000,0.300000>
	matrix <0.292645, 0.942120, -0.163609,
		0.084296, -0.195852, -0.977004,
		-0.952498, 0.272124, -0.136732,
		42.705410, 57.084641, 52.347721>
	pigment { color rgbt <0,1,1,0> }
	no_shadow
}
cylinder {
	<44.073338, 57.019264, 52.400902>,  <43.372162, 56.894154, 52.443432>, 0.130000
	pigment { color rgbt <1,0,0,0> }
	no_shadow
}

// nucleotide -1

// particle -1
sphere {
	<44.073338, 57.019264, 52.400902> 0.250000
	pigment { color rgbt <1,0,0,0> }
	no_shadow
}
cylinder {
	<43.764114, 57.109016, 52.638229>,  <43.578579, 57.162868, 52.780628>, 0.100000
	pigment { color rgbt <1,0,0,0> }
	no_shadow
}
cylinder {
	<43.764114, 57.109016, 52.638229>,  <44.073338, 57.019264, 52.400902>, 0.100000
	pigment { color rgbt <1,0,0,0> }
	no_shadow
}

// particle -1
sphere {
	<43.764114, 57.109016, 52.638229> 0.100000
	pigment { color rgbt <1,0,0,0> }
	no_shadow
}
sphere {
	0, 1
	scale<0.080000,0.200000,0.300000>
	matrix <-0.578011, 0.136131, -0.804594,
		-0.261305, -0.964947, 0.024457,
		-0.773061, 0.224381, 0.593321,
		43.532196, 57.176331, 52.816227>
	pigment { color rgbt <0,1,1,0> }
	no_shadow
}
cylinder {
	<44.077385, 56.718971, 53.096588>,  <44.073338, 57.019264, 52.400902>, 0.130000
	pigment { color rgbt <1,0,0,0> }
	no_shadow
}

// nucleotide -1

// particle -1
sphere {
	<44.077385, 56.718971, 53.096588> 0.250000
	pigment { color rgbt <1,0,0,0> }
	no_shadow
}
cylinder {
	<44.152641, 56.912651, 53.438385>,  <44.197796, 57.028858, 53.643463>, 0.100000
	pigment { color rgbt <1,0,0,0> }
	no_shadow
}
cylinder {
	<44.152641, 56.912651, 53.438385>,  <44.077385, 56.718971, 53.096588>, 0.100000
	pigment { color rgbt <1,0,0,0> }
	no_shadow
}

// particle -1
sphere {
	<44.152641, 56.912651, 53.438385> 0.100000
	pigment { color rgbt <1,0,0,0> }
	no_shadow
}
sphere {
	0, 1
	scale<0.080000,0.200000,0.300000>
	matrix <0.975465, 0.009161, -0.219964,
		-0.114334, 0.874909, -0.470597,
		0.188137, 0.484200, 0.854491,
		44.209084, 57.057911, 53.694733>
	pigment { color rgbt <0,1,1,0> }
	no_shadow
}
cylinder {
	<44.350780, 57.470856, 53.051373>,  <44.077385, 56.718971, 53.096588>, 0.130000
	pigment { color rgbt <1,0,0,0> }
	no_shadow
}

// nucleotide -1

// particle -1
sphere {
	<44.350780, 57.470856, 53.051373> 0.250000
	pigment { color rgbt <1,0,0,0> }
	no_shadow
}
cylinder {
	<44.491062, 57.295425, 53.382347>,  <44.575233, 57.190166, 53.580933>, 0.100000
	pigment { color rgbt <1,0,0,0> }
	no_shadow
}
cylinder {
	<44.491062, 57.295425, 53.382347>,  <44.350780, 57.470856, 53.051373>, 0.100000
	pigment { color rgbt <1,0,0,0> }
	no_shadow
}

// particle -1
sphere {
	<44.491062, 57.295425, 53.382347> 0.100000
	pigment { color rgbt <1,0,0,0> }
	no_shadow
}
sphere {
	0, 1
	scale<0.080000,0.200000,0.300000>
	matrix <0.936433, 0.154938, -0.314782,
		0.009852, 0.885239, 0.465032,
		0.350708, -0.438573, 0.827440,
		44.596275, 57.163853, 53.630581>
	pigment { color rgbt <0,1,1,0> }
	no_shadow
}
cylinder {
	<44.979984, 57.846970, 53.115902>,  <44.350780, 57.470856, 53.051373>, 0.130000
	pigment { color rgbt <1,0,0,0> }
	no_shadow
}

// nucleotide -1

// particle -1
sphere {
	<44.979984, 57.846970, 53.115902> 0.250000
	pigment { color rgbt <1,0,0,0> }
	no_shadow
}
cylinder {
	<45.021564, 57.525845, 53.350739>,  <45.046513, 57.333168, 53.491642>, 0.100000
	pigment { color rgbt <1,0,0,0> }
	no_shadow
}
cylinder {
	<45.021564, 57.525845, 53.350739>,  <44.979984, 57.846970, 53.115902>, 0.100000
	pigment { color rgbt <1,0,0,0> }
	no_shadow
}

// particle -1
sphere {
	<45.021564, 57.525845, 53.350739> 0.100000
	pigment { color rgbt <1,0,0,0> }
	no_shadow
}
sphere {
	0, 1
	scale<0.080000,0.200000,0.300000>
	matrix <0.982378, -0.009316, -0.186674,
		0.155334, 0.596154, 0.787700,
		0.103948, -0.802816, 0.587096,
		45.052750, 57.285000, 53.526867>
	pigment { color rgbt <0,1,1,0> }
	no_shadow
}
cylinder {
	<45.523991, 57.991665, 53.619518>,  <44.979984, 57.846970, 53.115902>, 0.130000
	pigment { color rgbt <1,0,0,0> }
	no_shadow
}

// nucleotide -1

// particle -1
sphere {
	<45.523991, 57.991665, 53.619518> 0.250000
	pigment { color rgbt <1,0,0,0> }
	no_shadow
}
cylinder {
	<45.486164, 57.613888, 53.493607>,  <45.463467, 57.387222, 53.418060>, 0.100000
	pigment { color rgbt <1,0,0,0> }
	no_shadow
}
cylinder {
	<45.486164, 57.613888, 53.493607>,  <45.523991, 57.991665, 53.619518>, 0.100000
	pigment { color rgbt <1,0,0,0> }
	no_shadow
}

// particle -1
sphere {
	<45.486164, 57.613888, 53.493607> 0.100000
	pigment { color rgbt <1,0,0,0> }
	no_shadow
}
sphere {
	0, 1
	scale<0.080000,0.200000,0.300000>
	matrix <0.901570, 0.052842, -0.429394,
		0.422171, -0.324405, 0.846483,
		-0.094568, -0.944441, -0.314782,
		45.457794, 57.330555, 53.399174>
	pigment { color rgbt <0,1,1,0> }
	no_shadow
}
cylinder {
	<46.076328, 57.653545, 53.760513>,  <45.523991, 57.991665, 53.619518>, 0.130000
	pigment { color rgbt <1,0,0,0> }
	no_shadow
}

// nucleotide -1

// particle -1
sphere {
	<46.076328, 57.653545, 53.760513> 0.250000
	pigment { color rgbt <1,0,0,0> }
	no_shadow
}
cylinder {
	<45.925560, 57.438904, 53.458523>,  <45.835098, 57.310120, 53.277328>, 0.100000
	pigment { color rgbt <1,0,0,0> }
	no_shadow
}
cylinder {
	<45.925560, 57.438904, 53.458523>,  <46.076328, 57.653545, 53.760513>, 0.100000
	pigment { color rgbt <1,0,0,0> }
	no_shadow
}

// particle -1
sphere {
	<45.925560, 57.438904, 53.458523> 0.100000
	pigment { color rgbt <1,0,0,0> }
	no_shadow
}
sphere {
	0, 1
	scale<0.080000,0.200000,0.300000>
	matrix <0.861358, 0.096641, -0.498723,
		0.340580, -0.838280, 0.425785,
		-0.376921, -0.536608, -0.754972,
		45.812485, 57.277920, 53.232033>
	pigment { color rgbt <0,1,1,0> }
	no_shadow
}
cylinder {
	<46.582981, 57.140919, 53.473778>,  <46.076328, 57.653545, 53.760513>, 0.130000
	pigment { color rgbt <1,0,0,0> }
	no_shadow
}

// nucleotide -1

// particle -1
sphere {
	<46.582981, 57.140919, 53.473778> 0.250000
	pigment { color rgbt <1,0,0,0> }
	no_shadow
}
cylinder {
	<46.352222, 57.256210, 53.168068>,  <46.213768, 57.325386, 52.984642>, 0.100000
	pigment { color rgbt <1,0,0,0> }
	no_shadow
}
cylinder {
	<46.352222, 57.256210, 53.168068>,  <46.582981, 57.140919, 53.473778>, 0.100000
	pigment { color rgbt <1,0,0,0> }
	no_shadow
}

// particle -1
sphere {
	<46.352222, 57.256210, 53.168068> 0.100000
	pigment { color rgbt <1,0,0,0> }
	no_shadow
}
sphere {
	0, 1
	scale<0.080000,0.200000,0.300000>
	matrix <0.816774, 0.213051, -0.536181,
		0.008284, -0.933558, -0.358331,
		-0.576899, 0.288234, -0.764270,
		46.179153, 57.342682, 52.938786>
	pigment { color rgbt <0,1,1,0> }
	no_shadow
}
cylinder {
	<46.683628, 56.686302, 52.898033>,  <46.582981, 57.140919, 53.473778>, 0.130000
	pigment { color rgbt <1,0,0,0> }
	no_shadow
}

// nucleotide -1

// particle -1
sphere {
	<46.683628, 56.686302, 52.898033> 0.250000
	pigment { color rgbt <1,0,0,0> }
	no_shadow
}
cylinder {
	<46.629448, 57.075123, 52.821327>,  <46.596939, 57.308414, 52.775303>, 0.100000
	pigment { color rgbt <1,0,0,0> }
	no_shadow
}
cylinder {
	<46.629448, 57.075123, 52.821327>,  <46.683628, 56.686302, 52.898033>, 0.100000
	pigment { color rgbt <1,0,0,0> }
	no_shadow
}

// particle -1
sphere {
	<46.629448, 57.075123, 52.821327> 0.100000
	pigment { color rgbt <1,0,0,0> }
	no_shadow
}
sphere {
	0, 1
	scale<0.080000,0.200000,0.300000>
	matrix <0.933644, 0.060444, -0.353066,
		-0.331607, -0.226861, -0.915735,
		-0.135448, 0.972050, -0.191764,
		46.588814, 57.366737, 52.763798>
	pigment { color rgbt <0,1,1,0> }
	no_shadow
}
cylinder {
	<46.880363, 56.874592, 52.147068>,  <46.683628, 56.686302, 52.898033>, 0.130000
	pigment { color rgbt <1,0,0,0> }
	no_shadow
}

// nucleotide -1

// particle -1
sphere {
	<46.880363, 56.874592, 52.147068> 0.250000
	pigment { color rgbt <1,0,0,0> }
	no_shadow
}
cylinder {
	<46.915077, 57.225330, 52.336216>,  <46.935905, 57.435772, 52.449707>, 0.100000
	pigment { color rgbt <1,0,0,0> }
	no_shadow
}
cylinder {
	<46.915077, 57.225330, 52.336216>,  <46.880363, 56.874592, 52.147068>, 0.100000
	pigment { color rgbt <1,0,0,0> }
	no_shadow
}

// particle -1
sphere {
	<46.915077, 57.225330, 52.336216> 0.100000
	pigment { color rgbt <1,0,0,0> }
	no_shadow
}
sphere {
	0, 1
	scale<0.080000,0.200000,0.300000>
	matrix <0.758163, 0.249786, -0.602325,
		-0.646263, 0.410791, -0.643113,
		0.086789, 0.876846, 0.472874,
		46.941113, 57.488384, 52.478077>
	pigment { color rgbt <0,1,1,0> }
	no_shadow
}
cylinder {
	<47.384327, 57.204071, 52.598366>,  <46.880363, 56.874592, 52.147068>, 0.130000
	pigment { color rgbt <1,0,0,0> }
	no_shadow
}

// nucleotide -1

// particle -1
sphere {
	<47.384327, 57.204071, 52.598366> 0.250000
	pigment { color rgbt <1,0,0,0> }
	no_shadow
}
cylinder {
	<47.100197, 57.387039, 52.812355>,  <46.929718, 57.496822, 52.940750>, 0.100000
	pigment { color rgbt <1,0,0,0> }
	no_shadow
}
cylinder {
	<47.100197, 57.387039, 52.812355>,  <47.384327, 57.204071, 52.598366>, 0.100000
	pigment { color rgbt <1,0,0,0> }
	no_shadow
}

// particle -1
sphere {
	<47.100197, 57.387039, 52.812355> 0.100000
	pigment { color rgbt <1,0,0,0> }
	no_shadow
}
sphere {
	0, 1
	scale<0.080000,0.200000,0.300000>
	matrix <0.642714, 0.731386, 0.228021,
		-0.286969, 0.505804, -0.813518,
		-0.710329, 0.457424, 0.534972,
		46.887096, 57.524265, 52.972847>
	pigment { color rgbt <0,1,1,0> }
	no_shadow
}
cylinder {
	<47.563759, 57.900585, 52.496338>,  <47.384327, 57.204071, 52.598366>, 0.130000
	pigment { color rgbt <1,0,0,0> }
	no_shadow
}

// nucleotide -1

// particle -1
sphere {
	<47.563759, 57.900585, 52.496338> 0.250000
	pigment { color rgbt <1,0,0,0> }
	no_shadow
}
cylinder {
	<47.376240, 57.834034, 52.843334>,  <47.263729, 57.794102, 53.051533>, 0.100000
	pigment { color rgbt <1,0,0,0> }
	no_shadow
}
cylinder {
	<47.376240, 57.834034, 52.843334>,  <47.563759, 57.900585, 52.496338>, 0.100000
	pigment { color rgbt <1,0,0,0> }
	no_shadow
}

// particle -1
sphere {
	<47.376240, 57.834034, 52.843334> 0.100000
	pigment { color rgbt <1,0,0,0> }
	no_shadow
}
sphere {
	0, 1
	scale<0.080000,0.200000,0.300000>
	matrix <0.623622, 0.633184, 0.458447,
		-0.625561, 0.755907, -0.193075,
		-0.468795, -0.166381, 0.867496,
		47.235600, 57.784119, 53.103584>
	pigment { color rgbt <0,1,1,0> }
	no_shadow
}
cylinder {
	<47.421757, 58.544483, 52.858181>,  <47.563759, 57.900585, 52.496338>, 0.130000
	pigment { color rgbt <1,0,0,0> }
	no_shadow
}

// nucleotide -1

// particle -1
sphere {
	<47.421757, 58.544483, 52.858181> 0.250000
	pigment { color rgbt <1,0,0,0> }
	no_shadow
}
cylinder {
	<47.427799, 58.281658, 53.159653>,  <47.431427, 58.123962, 53.340538>, 0.100000
	pigment { color rgbt <1,0,0,0> }
	no_shadow
}
cylinder {
	<47.427799, 58.281658, 53.159653>,  <47.421757, 58.544483, 52.858181>, 0.100000
	pigment { color rgbt <1,0,0,0> }
	no_shadow
}

// particle -1
sphere {
	<47.427799, 58.281658, 53.159653> 0.100000
	pigment { color rgbt <1,0,0,0> }
	no_shadow
}
sphere {
	0, 1
	scale<0.080000,0.200000,0.300000>
	matrix <0.806499, 0.453569, 0.379254,
		-0.591042, 0.602115, 0.536775,
		0.015110, -0.657064, 0.753684,
		47.432331, 58.084538, 53.385757>
	pigment { color rgbt <0,1,1,0> }
	no_shadow
}
cylinder {
	<47.528152, 58.987152, 53.495430>,  <47.421757, 58.544483, 52.858181>, 0.130000
	pigment { color rgbt <1,0,0,0> }
	no_shadow
}

// nucleotide -1

// particle -1
sphere {
	<47.528152, 58.987152, 53.495430> 0.250000
	pigment { color rgbt <1,0,0,0> }
	no_shadow
}
cylinder {
	<47.644836, 58.610733, 53.563942>,  <47.714848, 58.384880, 53.605049>, 0.100000
	pigment { color rgbt <1,0,0,0> }
	no_shadow
}
cylinder {
	<47.644836, 58.610733, 53.563942>,  <47.528152, 58.987152, 53.495430>, 0.100000
	pigment { color rgbt <1,0,0,0> }
	no_shadow
}

// particle -1
sphere {
	<47.644836, 58.610733, 53.563942> 0.100000
	pigment { color rgbt <1,0,0,0> }
	no_shadow
}
sphere {
	0, 1
	scale<0.080000,0.200000,0.300000>
	matrix <0.809169, 0.338275, 0.480432,
		-0.510049, -0.001551, 0.860144,
		0.291710, -0.941046, 0.171282,
		47.732349, 58.328419, 53.615326>
	pigment { color rgbt <0,1,1,0> }
	no_shadow
}
cylinder {
	<47.762062, 58.986629, 54.124615>,  <47.528152, 58.987152, 53.495430>, 0.130000
	pigment { color rgbt <1,0,0,0> }
	no_shadow
}

// nucleotide -1

// particle -1
sphere {
	<47.762062, 58.986629, 54.124615> 0.250000
	pigment { color rgbt <1,0,0,0> }
	no_shadow
}
cylinder {
	<47.954319, 58.706436, 53.913597>,  <48.069672, 58.538319, 53.786987>, 0.100000
	pigment { color rgbt <1,0,0,0> }
	no_shadow
}
cylinder {
	<47.954319, 58.706436, 53.913597>,  <47.762062, 58.986629, 54.124615>, 0.100000
	pigment { color rgbt <1,0,0,0> }
	no_shadow
}

// particle -1
sphere {
	<47.954319, 58.706436, 53.913597> 0.100000
	pigment { color rgbt <1,0,0,0> }
	no_shadow
}
sphere {
	0, 1
	scale<0.080000,0.200000,0.300000>
	matrix <0.867253, 0.290641, 0.404228,
		-0.129828, -0.651805, 0.747191,
		0.480642, -0.700484, -0.527546,
		48.098511, 58.496292, 53.755333>
	pigment { color rgbt <0,1,1,0> }
	no_shadow
}
cylinder {
	<48.365395, 58.794407, 54.456070>,  <47.762062, 58.986629, 54.124615>, 0.130000
	pigment { color rgbt <1,0,0,0> }
	no_shadow
}

// nucleotide -1

// particle -1
sphere {
	<48.365395, 58.794407, 54.456070> 0.250000
	pigment { color rgbt <1,0,0,0> }
	no_shadow
}
cylinder {
	<48.545383, 58.678101, 54.118317>,  <48.653378, 58.608318, 53.915665>, 0.100000
	pigment { color rgbt <1,0,0,0> }
	no_shadow
}
cylinder {
	<48.545383, 58.678101, 54.118317>,  <48.365395, 58.794407, 54.456070>, 0.100000
	pigment { color rgbt <1,0,0,0> }
	no_shadow
}

// particle -1
sphere {
	<48.545383, 58.678101, 54.118317> 0.100000
	pigment { color rgbt <1,0,0,0> }
	no_shadow
}
sphere {
	0, 1
	scale<0.080000,0.200000,0.300000>
	matrix <0.887505, 0.250725, 0.386617,
		0.099291, -0.923359, 0.370877,
		0.449974, -0.290767, -0.844380,
		48.680374, 58.590870, 53.865002>
	pigment { color rgbt <0,1,1,0> }
	no_shadow
}
cylinder {
	<48.745125, 58.201416, 54.429379>,  <48.365395, 58.794407, 54.456070>, 0.130000
	pigment { color rgbt <1,0,0,0> }
	no_shadow
}

// nucleotide -1

// particle -1
sphere {
	<48.745125, 58.201416, 54.429379> 0.250000
	pigment { color rgbt <1,0,0,0> }
	no_shadow
}
cylinder {
	<48.894253, 58.485413, 54.190407>,  <48.983730, 58.655811, 54.047024>, 0.100000
	pigment { color rgbt <1,0,0,0> }
	no_shadow
}
cylinder {
	<48.894253, 58.485413, 54.190407>,  <48.745125, 58.201416, 54.429379>, 0.100000
	pigment { color rgbt <1,0,0,0> }
	no_shadow
}

// particle -1
sphere {
	<48.894253, 58.485413, 54.190407> 0.100000
	pigment { color rgbt <1,0,0,0> }
	no_shadow
}
sphere {
	0, 1
	scale<0.080000,0.200000,0.300000>
	matrix <0.856411, -0.015465, 0.516064,
		0.357160, -0.704045, -0.613806,
		0.372824, 0.709988, -0.597428,
		49.006100, 58.698410, 54.011177>
	pigment { color rgbt <0,1,1,0> }
	no_shadow
}
cylinder {
	<49.379555, 57.942814, 54.245338>,  <48.745125, 58.201416, 54.429379>, 0.130000
	pigment { color rgbt <1,0,0,0> }
	no_shadow
}

// nucleotide -1

// particle -1
sphere {
	<49.379555, 57.942814, 54.245338> 0.250000
	pigment { color rgbt <1,0,0,0> }
	no_shadow
}
cylinder {
	<49.341007, 58.340767, 54.233215>,  <49.317879, 58.579540, 54.225941>, 0.100000
	pigment { color rgbt <1,0,0,0> }
	no_shadow
}
cylinder {
	<49.341007, 58.340767, 54.233215>,  <49.379555, 57.942814, 54.245338>, 0.100000
	pigment { color rgbt <1,0,0,0> }
	no_shadow
}

// particle -1
sphere {
	<49.341007, 58.340767, 54.233215> 0.100000
	pigment { color rgbt <1,0,0,0> }
	no_shadow
}
sphere {
	0, 1
	scale<0.080000,0.200000,0.300000>
	matrix <0.817546, 0.096487, 0.567722,
		0.567741, 0.029938, -0.822663,
		-0.096373, 0.994884, -0.030304,
		49.312096, 58.639233, 54.224125>
	pigment { color rgbt <0,1,1,0> }
	no_shadow
}
cylinder {
	<49.963512, 58.349026, 53.989742>,  <49.379555, 57.942814, 54.245338>, 0.130000
	pigment { color rgbt <1,0,0,0> }
	no_shadow
}

// nucleotide -1

// particle -1
sphere {
	<49.963512, 58.349026, 53.989742> 0.250000
	pigment { color rgbt <1,0,0,0> }
	no_shadow
}
cylinder {
	<49.760605, 58.549435, 54.270214>,  <49.638859, 58.669682, 54.438496>, 0.100000
	pigment { color rgbt <1,0,0,0> }
	no_shadow
}
cylinder {
	<49.760605, 58.549435, 54.270214>,  <49.963512, 58.349026, 53.989742>, 0.100000
	pigment { color rgbt <1,0,0,0> }
	no_shadow
}

// particle -1
sphere {
	<49.760605, 58.549435, 54.270214> 0.100000
	pigment { color rgbt <1,0,0,0> }
	no_shadow
}
sphere {
	0, 1
	scale<0.080000,0.200000,0.300000>
	matrix <0.812921, 0.008104, 0.582318,
		0.286074, 0.865395, -0.411405,
		-0.507269, 0.501025, 0.701179,
		49.608425, 58.699741, 54.480568>
	pigment { color rgbt <0,1,1,0> }
	no_shadow
}
cylinder {
	<50.409607, 58.932465, 54.230053>,  <49.963512, 58.349026, 53.989742>, 0.130000
	pigment { color rgbt <1,0,0,0> }
	no_shadow
}

// nucleotide -1

// particle -1
sphere {
	<50.409607, 58.932465, 54.230053> 0.250000
	pigment { color rgbt <1,0,0,0> }
	no_shadow
}
cylinder {
	<50.166782, 58.860889, 54.539753>,  <50.021088, 58.817944, 54.725574>, 0.100000
	pigment { color rgbt <1,0,0,0> }
	no_shadow
}
cylinder {
	<50.166782, 58.860889, 54.539753>,  <50.409607, 58.932465, 54.230053>, 0.100000
	pigment { color rgbt <1,0,0,0> }
	no_shadow
}

// particle -1
sphere {
	<50.166782, 58.860889, 54.539753> 0.100000
	pigment { color rgbt <1,0,0,0> }
	no_shadow
}
sphere {
	0, 1
	scale<0.080000,0.200000,0.300000>
	matrix <0.794367, -0.110295, 0.597340,
		-0.021493, 0.977658, 0.209100,
		-0.607057, -0.178941, 0.774249,
		49.984665, 58.807209, 54.772026>
	pigment { color rgbt <0,1,1,0> }
	no_shadow
}
cylinder {
	<50.870655, 59.420094, 53.955624>,  <50.409607, 58.932465, 54.230053>, 0.130000
	pigment { color rgbt <1,0,0,0> }
	no_shadow
}

// nucleotide -1

// particle -1
sphere {
	<50.870655, 59.420094, 53.955624> 0.250000
	pigment { color rgbt <1,0,0,0> }
	no_shadow
}
cylinder {
	<50.943718, 59.072613, 54.139797>,  <50.987556, 58.864124, 54.250301>, 0.100000
	pigment { color rgbt <1,0,0,0> }
	no_shadow
}
cylinder {
	<50.943718, 59.072613, 54.139797>,  <50.870655, 59.420094, 53.955624>, 0.100000
	pigment { color rgbt <1,0,0,0> }
	no_shadow
}

// particle -1
sphere {
	<50.943718, 59.072613, 54.139797> 0.100000
	pigment { color rgbt <1,0,0,0> }
	no_shadow
}
sphere {
	0, 1
	scale<0.080000,0.200000,0.300000>
	matrix <0.977533, 0.210568, 0.009489,
		-0.105196, 0.448358, 0.887643,
		0.182655, -0.868698, 0.460435,
		50.998516, 58.812004, 54.277927>
	pigment { color rgbt <0,1,1,0> }
	no_shadow
}
cylinder {
	<51.231770, 59.649128, 54.590862>,  <50.870655, 59.420094, 53.955624>, 0.130000
	pigment { color rgbt <1,0,0,0> }
	no_shadow
}

// nucleotide -1

// particle -1
sphere {
	<51.231770, 59.649128, 54.590862> 0.250000
	pigment { color rgbt <1,0,0,0> }
	no_shadow
}
cylinder {
	<51.312862, 59.283989, 54.449097>,  <51.361519, 59.064903, 54.364037>, 0.100000
	pigment { color rgbt <1,0,0,0> }
	no_shadow
}
cylinder {
	<51.312862, 59.283989, 54.449097>,  <51.231770, 59.649128, 54.590862>, 0.100000
	pigment { color rgbt <1,0,0,0> }
	no_shadow
}

// particle -1
sphere {
	<51.312862, 59.283989, 54.449097> 0.100000
	pigment { color rgbt <1,0,0,0> }
	no_shadow
}
sphere {
	0, 1
	scale<0.080000,0.200000,0.300000>
	matrix <0.975073, 0.154849, 0.158915,
		-0.090186, -0.377792, 0.921488,
		0.202728, -0.912850, -0.354410,
		51.373680, 59.010136, 54.342773>
	pigment { color rgbt <0,1,1,0> }
	no_shadow
}
cylinder {
	<51.783974, 60.048969, 54.349964>,  <51.231770, 59.649128, 54.590862>, 0.130000
	pigment { color rgbt <1,0,0,0> }
	no_shadow
}

// nucleotide -1

// particle -1
sphere {
	<51.783974, 60.048969, 54.349964> 0.250000
	pigment { color rgbt <1,0,0,0> }
	no_shadow
}
cylinder {
	<51.753361, 60.297943, 54.038395>,  <51.734993, 60.447327, 53.851456>, 0.100000
	pigment { color rgbt <1,0,0,0> }
	no_shadow
}
cylinder {
	<51.753361, 60.297943, 54.038395>,  <51.783974, 60.048969, 54.349964>, 0.100000
	pigment { color rgbt <1,0,0,0> }
	no_shadow
}

// particle -1
sphere {
	<51.753361, 60.297943, 54.038395> 0.100000
	pigment { color rgbt <1,0,0,0> }
	no_shadow
}
sphere {
	0, 1
	scale<0.080000,0.200000,0.300000>
	matrix <0.456482, -0.672658, -0.582371,
		-0.886435, -0.400133, -0.232651,
