// switches for output
#declare DRAW_BASES = 1; // possible values are 0, 1; only relevant for DNA ribbons
#declare DRAW_BASES_TYPE = 3; // possible values are 1, 2, 3; only relevant for DNA ribbons
#declare DRAW_FOG = 0; // set to 1 to enable fog

#include "colors.inc"

#include "transforms.inc"
background { rgb <1, 1, 1>}

#default {
   normal{
       ripples 0.25
       frequency 0.20
       turbulence 0.2
       lambda 5
   }
	finish {
		phong 0.1
		phong_size 40.
	}
}

// original window dimensions: 1024x640


// camera settings

camera {
	sky <-0, 1, 0>
	up <-0, 1, 0>
	right 1.6 * <0.99995, 0, 0.00999983>
	location <54.4867, 55, 106.329>
	look_at <55, 55, 55.0001>
	direction <0.513302, 0, -51.3289>
	angle 67.0682
}


# declare cpy_camera_pos = <54.4867, 55, 106.329>;
# if (DRAW_FOG = 1)
fog {
	fog_type 2
	up vnormalize(cpy_camera_pos)
	color rgbt<1,1,1,0.3>
	distance 1e-5
	fog_alt 3e-3
	fog_offset 88
}
# end


// LIGHTS

# declare lum = 6;
global_settings {
	ambient_light rgb lum * <0.05, 0.05, 0.05>
	max_trace_level 15
}# declare cpy_direct_light_amount = 0.25;
light_source
{	1000 * <-0.98995, -1, 1.00995>,
	rgb lum * cpy_direct_light_amount
	parallel
}

light_source
{	1000 * <0.98995, 1, -1.00995>,
	rgb lum * cpy_direct_light_amount
	parallel
}

// strand 0

// nucleotide -1

// particle -1
sphere {
	<36.300133, 52.304501, 49.449333> 0.250000
	pigment { color rgbt <1,0,0,0> }
	no_shadow
}
cylinder {
	<36.413128, 52.649982, 49.616287>,  <36.480927, 52.857273, 49.716461>, 0.100000
	pigment { color rgbt <1,0,0,0> }
	no_shadow
}
cylinder {
	<36.413128, 52.649982, 49.616287>,  <36.300133, 52.304501, 49.449333>, 0.100000
	pigment { color rgbt <1,0,0,0> }
	no_shadow
}

// particle -1
sphere {
	<36.413128, 52.649982, 49.616287> 0.100000
	pigment { color rgbt <1,0,0,0> }
	no_shadow
}
sphere {
	0, 1
	scale<0.080000,0.200000,0.300000>
	matrix <0.713293, -0.480062, 0.510641,
		0.641415, 0.153469, -0.751687,
		0.282489, 0.863706, 0.417387,
		36.497875, 52.909096, 49.741505>
	pigment { color rgbt <0,1,1,0> }
	no_shadow
}
cylinder {
	<36.923927, 52.463764, 49.843765>,  <36.300133, 52.304501, 49.449333>, 0.130000
	pigment { color rgbt <1,0,0,0> }
	no_shadow
}

// nucleotide -1

// particle -1
sphere {
	<36.923927, 52.463764, 49.843765> 0.250000
	pigment { color rgbt <1,0,0,0> }
	no_shadow
}
cylinder {
	<37.110470, 52.497360, 50.196007>,  <37.222393, 52.517517, 50.407352>, 0.100000
	pigment { color rgbt <1,0,0,0> }
	no_shadow
}
cylinder {
	<37.110470, 52.497360, 50.196007>,  <36.923927, 52.463764, 49.843765>, 0.100000
	pigment { color rgbt <1,0,0,0> }
	no_shadow
}

// particle -1
sphere {
	<37.110470, 52.497360, 50.196007> 0.100000
	pigment { color rgbt <1,0,0,0> }
	no_shadow
}
sphere {
	0, 1
	scale<0.080000,0.200000,0.300000>
	matrix <0.829655, -0.386897, -0.402471,
		0.306896, 0.918290, -0.250117,
		0.466354, 0.083994, 0.880601,
		37.250378, 52.522560, 50.460186>
	pigment { color rgbt <0,1,1,0> }
	no_shadow
}
cylinder {
	<37.558014, 52.720047, 49.730618>,  <36.923927, 52.463764, 49.843765>, 0.130000
	pigment { color rgbt <1,0,0,0> }
	no_shadow
}

// nucleotide -1

// particle -1
sphere {
	<37.558014, 52.720047, 49.730618> 0.250000
	pigment { color rgbt <1,0,0,0> }
	no_shadow
}
cylinder {
	<37.569836, 52.483429, 50.052910>,  <37.576927, 52.341457, 50.246284>, 0.100000
	pigment { color rgbt <1,0,0,0> }
	no_shadow
}
cylinder {
	<37.569836, 52.483429, 50.052910>,  <37.558014, 52.720047, 49.730618>, 0.100000
	pigment { color rgbt <1,0,0,0> }
	no_shadow
}

// particle -1
sphere {
	<37.569836, 52.483429, 50.052910> 0.100000
	pigment { color rgbt <1,0,0,0> }
	no_shadow
}
sphere {
	0, 1
	scale<0.080000,0.200000,0.300000>
	matrix <0.851260, -0.407608, -0.330472,
		0.523911, 0.695655, 0.491510,
		0.029551, -0.591541, 0.805733,
		37.578701, 52.305965, 50.294628>
	pigment { color rgbt <0,1,1,0> }
	no_shadow
}
cylinder {
	<38.100502, 52.952881, 50.212986>,  <37.558014, 52.720047, 49.730618>, 0.130000
	pigment { color rgbt <1,0,0,0> }
	no_shadow
}

// nucleotide -1

// particle -1
sphere {
	<38.100502, 52.952881, 50.212986> 0.250000
	pigment { color rgbt <1,0,0,0> }
	no_shadow
}
cylinder {
	<38.058575, 52.555260, 50.224781>,  <38.033421, 52.316685, 50.231857>, 0.100000
	pigment { color rgbt <1,0,0,0> }
	no_shadow
}
cylinder {
	<38.058575, 52.555260, 50.224781>,  <38.100502, 52.952881, 50.212986>, 0.100000
	pigment { color rgbt <1,0,0,0> }
	no_shadow
}

// particle -1
sphere {
	<38.058575, 52.555260, 50.224781> 0.100000
	pigment { color rgbt <1,0,0,0> }
	no_shadow
}
sphere {
	0, 1
	scale<0.080000,0.200000,0.300000>
	matrix <0.941344, -0.108732, -0.319452,
		0.320758, -0.005729, 0.947144,
		-0.104815, -0.994055, 0.029483,
		38.027130, 52.257042, 50.233627>
	pigment { color rgbt <0,1,1,0> }
	no_shadow
}
cylinder {
	<38.765778, 53.232738, 49.957733>,  <38.100502, 52.952881, 50.212986>, 0.130000
	pigment { color rgbt <1,0,0,0> }
	no_shadow
}

// nucleotide -1

// particle -1
sphere {
	<38.765778, 53.232738, 49.957733> 0.250000
	pigment { color rgbt <1,0,0,0> }
	no_shadow
}
cylinder {
	<38.790581, 53.529648, 50.224625>,  <38.805462, 53.707794, 50.384758>, 0.100000
	pigment { color rgbt <1,0,0,0> }
	no_shadow
}
cylinder {
	<38.790581, 53.529648, 50.224625>,  <38.765778, 53.232738, 49.957733>, 0.100000
	pigment { color rgbt <1,0,0,0> }
	no_shadow
}

// particle -1
sphere {
	<38.790581, 53.529648, 50.224625> 0.100000
	pigment { color rgbt <1,0,0,0> }
	no_shadow
}
sphere {
	0, 1
	scale<0.080000,0.200000,0.300000>
	matrix <0.965889, 0.123778, -0.227461,
		-0.251425, 0.658569, -0.709276,
		0.062006, 0.742271, 0.667225,
		38.809181, 53.752331, 50.424793>
	pigment { color rgbt <0,1,1,0> }
	no_shadow
}
cylinder {
	<38.962540, 53.851006, 49.700108>,  <38.765778, 53.232738, 49.957733>, 0.130000
	pigment { color rgbt <1,0,0,0> }
	no_shadow
}

// nucleotide -1

// particle -1
sphere {
	<38.962540, 53.851006, 49.700108> 0.250000
	pigment { color rgbt <1,0,0,0> }
	no_shadow
}
cylinder {
	<39.135403, 53.870041, 50.060326>,  <39.239120, 53.881462, 50.276455>, 0.100000
	pigment { color rgbt <1,0,0,0> }
	no_shadow
}
cylinder {
	<39.135403, 53.870041, 50.060326>,  <38.962540, 53.851006, 49.700108>, 0.100000
	pigment { color rgbt <1,0,0,0> }
	no_shadow
}

// particle -1
sphere {
	<39.135403, 53.870041, 50.060326> 0.100000
	pigment { color rgbt <1,0,0,0> }
	no_shadow
}
sphere {
	0, 1
	scale<0.080000,0.200000,0.300000>
	matrix <0.888156, 0.150583, -0.434170,
		-0.156266, 0.987451, 0.022813,
		0.432157, 0.047584, 0.900542,
		39.265049, 53.884315, 50.330490>
	pigment { color rgbt <0,1,1,0> }
	no_shadow
}
cylinder {
	<39.579983, 54.329155, 49.574581>,  <38.962540, 53.851006, 49.700108>, 0.130000
	pigment { color rgbt <1,0,0,0> }
	no_shadow
}

// nucleotide -1

// particle -1
sphere {
	<39.579983, 54.329155, 49.574581> 0.250000
	pigment { color rgbt <1,0,0,0> }
	no_shadow
}
cylinder {
	<39.600735, 54.052979, 49.863190>,  <39.613186, 53.887272, 50.036354>, 0.100000
	pigment { color rgbt <1,0,0,0> }
	no_shadow
}
cylinder {
	<39.600735, 54.052979, 49.863190>,  <39.579983, 54.329155, 49.574581>, 0.100000
	pigment { color rgbt <1,0,0,0> }
	no_shadow
}

// particle -1
sphere {
	<39.600735, 54.052979, 49.863190> 0.100000
	pigment { color rgbt <1,0,0,0> }
	no_shadow
}
sphere {
	0, 1
	scale<0.080000,0.200000,0.300000>
	matrix <0.972464, -0.129447, -0.193797,
		0.227205, 0.711708, 0.664717,
		0.051882, -0.690445, 0.721522,
		39.616299, 53.845844, 50.079647>
	pigment { color rgbt <0,1,1,0> }
	no_shadow
}
cylinder {
	<40.129196, 54.534283, 50.211819>,  <39.579983, 54.329155, 49.574581>, 0.130000
	pigment { color rgbt <1,0,0,0> }
	no_shadow
}

// nucleotide -1

// particle -1
sphere {
	<40.129196, 54.534283, 50.211819> 0.250000
	pigment { color rgbt <1,0,0,0> }
	no_shadow
}
cylinder {
	<40.073036, 54.149567, 50.117798>,  <40.039341, 53.918736, 50.061386>, 0.100000
	pigment { color rgbt <1,0,0,0> }
	no_shadow
}
cylinder {
	<40.073036, 54.149567, 50.117798>,  <40.129196, 54.534283, 50.211819>, 0.100000
	pigment { color rgbt <1,0,0,0> }
	no_shadow
}

// particle -1
sphere {
	<40.073036, 54.149567, 50.117798> 0.100000
	pigment { color rgbt <1,0,0,0> }
	no_shadow
}
sphere {
	0, 1
	scale<0.080000,0.200000,0.300000>
	matrix <0.985639, -0.113269, -0.125241,
		0.093832, -0.249258, 0.963881,
		-0.140396, -0.961790, -0.235050,
		40.030918, 53.861031, 50.047283>
	pigment { color rgbt <0,1,1,0> }
	no_shadow
}
cylinder {
	<40.539852, 53.947437, 50.562840>,  <40.129196, 54.534283, 50.211819>, 0.130000
	pigment { color rgbt <1,0,0,0> }
	no_shadow
}

// nucleotide -1

// particle -1
sphere {
	<40.539852, 53.947437, 50.562840> 0.250000
	pigment { color rgbt <1,0,0,0> }
	no_shadow
}
cylinder {
	<40.483906, 53.788784, 50.199936>,  <40.450336, 53.693592, 49.982193>, 0.100000
	pigment { color rgbt <1,0,0,0> }
	no_shadow
}
cylinder {
	<40.483906, 53.788784, 50.199936>,  <40.539852, 53.947437, 50.562840>, 0.100000
	pigment { color rgbt <1,0,0,0> }
	no_shadow
}

// particle -1
sphere {
	<40.483906, 53.788784, 50.199936> 0.100000
	pigment { color rgbt <1,0,0,0> }
	no_shadow
}
sphere {
	0, 1
	scale<0.080000,0.200000,0.300000>
	matrix <0.950934, -0.309183, -0.011434,
		-0.275974, -0.864343, 0.420416,
		-0.139868, -0.396633, -0.907259,
		40.441944, 53.669796, 49.927757>
	pigment { color rgbt <0,1,1,0> }
	no_shadow
}
cylinder {
	<40.784462, 53.227345, 50.497478>,  <40.539852, 53.947437, 50.562840>, 0.130000
	pigment { color rgbt <1,0,0,0> }
	no_shadow
}

// nucleotide -1

// particle -1
sphere {
	<40.784462, 53.227345, 50.497478> 0.250000
	pigment { color rgbt <1,0,0,0> }
	no_shadow
}
cylinder {
	<40.829617, 53.451408, 50.169216>,  <40.856709, 53.585846, 49.972260>, 0.100000
	pigment { color rgbt <1,0,0,0> }
	no_shadow
}
cylinder {
	<40.829617, 53.451408, 50.169216>,  <40.784462, 53.227345, 50.497478>, 0.100000
	pigment { color rgbt <1,0,0,0> }
	no_shadow
}

// particle -1
sphere {
	<40.829617, 53.451408, 50.169216> 0.100000
	pigment { color rgbt <1,0,0,0> }
	no_shadow
}
sphere {
	0, 1
	scale<0.080000,0.200000,0.300000>
	matrix <0.979503, -0.201408, -0.002739,
		-0.166822, -0.803527, -0.571414,
		0.112887, 0.560159, -0.820657,
		40.863483, 53.619457, 49.923019>
	pigment { color rgbt <0,1,1,0> }
	no_shadow
}
cylinder {
	<41.150604, 52.935070, 49.902252>,  <40.784462, 53.227345, 50.497478>, 0.130000
	pigment { color rgbt <1,0,0,0> }
	no_shadow
}

// nucleotide -1

// particle -1
sphere {
	<41.150604, 52.935070, 49.902252> 0.250000
	pigment { color rgbt <1,0,0,0> }
	no_shadow
}
cylinder {
	<41.254002, 53.320522, 49.875122>,  <41.316040, 53.551792, 49.858845>, 0.100000
	pigment { color rgbt <1,0,0,0> }
	no_shadow
}
cylinder {
	<41.254002, 53.320522, 49.875122>,  <41.150604, 52.935070, 49.902252>, 0.100000
	pigment { color rgbt <1,0,0,0> }
	no_shadow
}

// particle -1
sphere {
	<41.254002, 53.320522, 49.875122> 0.100000
	pigment { color rgbt <1,0,0,0> }
	no_shadow
}
sphere {
	0, 1
	scale<0.080000,0.200000,0.300000>
	matrix <0.963468, -0.262268, -0.054263,
		-0.070077, -0.051317, -0.996221,
		0.258492, 0.963630, -0.067821,
		41.331551, 53.609612, 49.854774>
	pigment { color rgbt <0,1,1,0> }
	no_shadow
}
cylinder {
	<41.504559, 53.141140, 49.285553>,  <41.150604, 52.935070, 49.902252>, 0.130000
	pigment { color rgbt <1,0,0,0> }
	no_shadow
}

// nucleotide -1

// particle -1
sphere {
	<41.504559, 53.141140, 49.285553> 0.250000
	pigment { color rgbt <1,0,0,0> }
	no_shadow
}
cylinder {
	<41.630665, 53.392166, 49.570305>,  <41.706329, 53.542782, 49.741158>, 0.100000
	pigment { color rgbt <1,0,0,0> }
	no_shadow
}
cylinder {
	<41.630665, 53.392166, 49.570305>,  <41.504559, 53.141140, 49.285553>, 0.100000
	pigment { color rgbt <1,0,0,0> }
	no_shadow
}

// particle -1
sphere {
	<41.630665, 53.392166, 49.570305> 0.100000
	pigment { color rgbt <1,0,0,0> }
	no_shadow
}
sphere {
	0, 1
	scale<0.080000,0.200000,0.300000>
	matrix <0.926770, -0.365017, -0.088655,
		0.204212, 0.687699, -0.696683,
		0.315269, 0.627561, 0.711880,
		41.725246, 53.580433, 49.783871>
	pigment { color rgbt <0,1,1,0> }
	no_shadow
}
cylinder {
	<42.290405, 53.171551, 49.233540>,  <41.504559, 53.141140, 49.285553>, 0.130000
	pigment { color rgbt <1,0,0,0> }
	no_shadow
}

// nucleotide -1

// particle -1
sphere {
	<42.290405, 53.171551, 49.233540> 0.250000
	pigment { color rgbt <1,0,0,0> }
	no_shadow
}
cylinder {
	<42.192024, 53.306656, 49.596951>,  <42.132996, 53.387718, 49.814999>, 0.100000
	pigment { color rgbt <1,0,0,0> }
	no_shadow
}
cylinder {
	<42.192024, 53.306656, 49.596951>,  <42.290405, 53.171551, 49.233540>, 0.100000
	pigment { color rgbt <1,0,0,0> }
	no_shadow
}

// particle -1
sphere {
	<42.192024, 53.306656, 49.596951> 0.100000
	pigment { color rgbt <1,0,0,0> }
	no_shadow
}
sphere {
	0, 1
	scale<0.080000,0.200000,0.300000>
	matrix <0.916243, -0.224798, 0.331609,
		0.316241, 0.913992, -0.254185,
		-0.245948, 0.337764, 0.908529,
		42.118240, 53.407986, 49.869511>
	pigment { color rgbt <0,1,1,0> }
	no_shadow
}
cylinder {
	<42.525806, 53.973148, 49.485840>,  <42.290405, 53.171551, 49.233540>, 0.130000
	pigment { color rgbt <1,0,0,0> }
	no_shadow
}

// nucleotide -1

// particle -1
sphere {
	<42.525806, 53.973148, 49.485840> 0.250000
	pigment { color rgbt <1,0,0,0> }
	no_shadow
}
cylinder {
	<42.486088, 53.695152, 49.770691>,  <42.462257, 53.528355, 49.941601>, 0.100000
	pigment { color rgbt <1,0,0,0> }
	no_shadow
}
cylinder {
	<42.486088, 53.695152, 49.770691>,  <42.525806, 53.973148, 49.485840>, 0.100000
	pigment { color rgbt <1,0,0,0> }
	no_shadow
}

// particle -1
sphere {
	<42.486088, 53.695152, 49.770691> 0.100000
	pigment { color rgbt <1,0,0,0> }
	no_shadow
}
sphere {
	0, 1
	scale<0.080000,0.200000,0.300000>
	matrix <0.957077, 0.129134, 0.259475,
		-0.272293, 0.707326, 0.652339,
		-0.099295, -0.694992, 0.712128,
		42.456299, 53.486656, 49.984329>
	pigment { color rgbt <0,1,1,0> }
	no_shadow
}
cylinder {
	<42.682461, 54.238636, 50.163780>,  <42.525806, 53.973148, 49.485840>, 0.130000
	pigment { color rgbt <1,0,0,0> }
	no_shadow
}

// nucleotide -1

// particle -1
sphere {
	<42.682461, 54.238636, 50.163780> 0.250000
	pigment { color rgbt <1,0,0,0> }
	no_shadow
}
cylinder {
	<42.761898, 53.846741, 50.174103>,  <42.809559, 53.611603, 50.180298>, 0.100000
	pigment { color rgbt <1,0,0,0> }
	no_shadow
}
cylinder {
	<42.761898, 53.846741, 50.174103>,  <42.682461, 54.238636, 50.163780>, 0.100000
	pigment { color rgbt <1,0,0,0> }
	no_shadow
}

// particle -1
sphere {
	<42.761898, 53.846741, 50.174103> 0.100000
	pigment { color rgbt <1,0,0,0> }
	no_shadow
}
sphere {
	0, 1
	scale<0.080000,0.200000,0.300000>
	matrix <0.941399, 0.198011, 0.273055,
		-0.272633, -0.029932, 0.961652,
		0.198591, -0.979743, 0.025806,
		42.821476, 53.552818, 50.181843>
	pigment { color rgbt <0,1,1,0> }
	no_shadow
}
cylinder {
	<42.923439, 53.893173, 50.837456>,  <42.682461, 54.238636, 50.163780>, 0.130000
	pigment { color rgbt <1,0,0,0> }
	no_shadow
}

// nucleotide -1

// particle -1
sphere {
	<42.923439, 53.893173, 50.837456> 0.250000
	pigment { color rgbt <1,0,0,0> }
	no_shadow
}
cylinder {
	<43.101078, 53.688873, 50.542999>,  <43.207661, 53.566292, 50.366325>, 0.100000
	pigment { color rgbt <1,0,0,0> }
	no_shadow
}
cylinder {
	<43.101078, 53.688873, 50.542999>,  <42.923439, 53.893173, 50.837456>, 0.100000
	pigment { color rgbt <1,0,0,0> }
	no_shadow
}

// particle -1
sphere {
	<43.101078, 53.688873, 50.542999> 0.100000
	pigment { color rgbt <1,0,0,0> }
	no_shadow
}
sphere {
	0, 1
	scale<0.080000,0.200000,0.300000>
	matrix <0.894101, 0.199494, 0.400981,
		-0.057946, -0.836261, 0.545261,
		0.444101, -0.510753, -0.736142,
		43.234310, 53.535648, 50.322155>
	pigment { color rgbt <0,1,1,0> }
	no_shadow
}
cylinder {
	<43.357960, 53.224655, 51.000488>,  <42.923439, 53.893173, 50.837456>, 0.130000
	pigment { color rgbt <1,0,0,0> }
	no_shadow
}

// nucleotide -1

// particle -1
sphere {
	<43.357960, 53.224655, 51.000488> 0.250000
	pigment { color rgbt <1,0,0,0> }
	no_shadow
}
cylinder {
	<43.462799, 53.427143, 50.671844>,  <43.525703, 53.548637, 50.474659>, 0.100000
	pigment { color rgbt <1,0,0,0> }
	no_shadow
}
cylinder {
	<43.462799, 53.427143, 50.671844>,  <43.357960, 53.224655, 51.000488>, 0.100000
	pigment { color rgbt <1,0,0,0> }
	no_shadow
}

// particle -1
sphere {
	<43.462799, 53.427143, 50.671844> 0.100000
	pigment { color rgbt <1,0,0,0> }
	no_shadow
}
sphere {
	0, 1
	scale<0.080000,0.200000,0.300000>
	matrix <0.915109, 0.139941, 0.378142,
		0.306401, -0.850975, -0.426569,
		0.262095, 0.506220, -0.821613,
		43.541428, 53.579010, 50.425362>
	pigment { color rgbt <0,1,1,0> }
	no_shadow
}
cylinder {
	<43.981907, 52.870594, 50.928093>,  <43.357960, 53.224655, 51.000488>, 0.130000
	pigment { color rgbt <1,0,0,0> }
	no_shadow
}

// nucleotide -1

// particle -1
sphere {
	<43.981907, 52.870594, 50.928093> 0.250000
	pigment { color rgbt <1,0,0,0> }
	no_shadow
}
cylinder {
	<43.954395, 53.244968, 50.789940>,  <43.937889, 53.469593, 50.707047>, 0.100000
	pigment { color rgbt <1,0,0,0> }
	no_shadow
}
cylinder {
	<43.954395, 53.244968, 50.789940>,  <43.981907, 52.870594, 50.928093>, 0.100000
	pigment { color rgbt <1,0,0,0> }
	no_shadow
}

// particle -1
sphere {
	<43.954395, 53.244968, 50.789940> 0.100000
	pigment { color rgbt <1,0,0,0> }
	no_shadow
}
sphere {
	0, 1
	scale<0.080000,0.200000,0.300000>
	matrix <0.856164, 0.233091, 0.461142,
		0.512106, -0.263985, -0.817349,
		-0.068782, 0.935938, -0.345382,
		43.933762, 53.525749, 50.686325>
	pigment { color rgbt <0,1,1,0> }
	no_shadow
}
cylinder {
	<44.549187, 53.088947, 50.526623>,  <43.981907, 52.870594, 50.928093>, 0.130000
	pigment { color rgbt <1,0,0,0> }
	no_shadow
}

// nucleotide -1

// particle -1
sphere {
	<44.549187, 53.088947, 50.526623> 0.250000
	pigment { color rgbt <1,0,0,0> }
	no_shadow
}
cylinder {
	<44.416962, 53.442196, 50.659782>,  <44.337627, 53.654144, 50.739677>, 0.100000
	pigment { color rgbt <1,0,0,0> }
	no_shadow
}
cylinder {
	<44.416962, 53.442196, 50.659782>,  <44.549187, 53.088947, 50.526623>, 0.100000
	pigment { color rgbt <1,0,0,0> }
	no_shadow
}

// particle -1
sphere {
	<44.416962, 53.442196, 50.659782> 0.100000
	pigment { color rgbt <1,0,0,0> }
	no_shadow
}
sphere {
	0, 1
	scale<0.080000,0.200000,0.300000>
	matrix <0.943614, 0.302543, 0.134391,
		0.017969, 0.358549, -0.933338,
		-0.330560, 0.883125, 0.332895,
		44.317795, 53.707134, 50.759651>
	pigment { color rgbt <0,1,1,0> }
	no_shadow
}
cylinder {
	<44.811291, 53.694084, 50.154064>,  <44.549187, 53.088947, 50.526623>, 0.130000
	pigment { color rgbt <1,0,0,0> }
	no_shadow
}

// nucleotide -1

// particle -1
sphere {
	<44.811291, 53.694084, 50.154064> 0.250000
	pigment { color rgbt <1,0,0,0> }
	no_shadow
}
cylinder {
	<44.741814, 53.813473, 50.529457>,  <44.700127, 53.885105, 50.754692>, 0.100000
	pigment { color rgbt <1,0,0,0> }
	no_shadow
}
cylinder {
	<44.741814, 53.813473, 50.529457>,  <44.811291, 53.694084, 50.154064>, 0.100000
	pigment { color rgbt <1,0,0,0> }
	no_shadow
}

// particle -1
sphere {
	<44.741814, 53.813473, 50.529457> 0.100000
	pigment { color rgbt <1,0,0,0> }
	no_shadow
}
sphere {
	0, 1
	scale<0.080000,0.200000,0.300000>
	matrix <0.925261, 0.375785, 0.051737,
		-0.337226, 0.877327, -0.341432,
		-0.173696, 0.298467, 0.938481,
		44.689705, 53.903011, 50.811001>
	pigment { color rgbt <0,1,1,0> }
	no_shadow
}
cylinder {
	<44.688732, 54.460648, 50.137165>,  <44.811291, 53.694084, 50.154064>, 0.130000
	pigment { color rgbt <1,0,0,0> }
	no_shadow
}

// nucleotide -1

// particle -1
sphere {
	<44.688732, 54.460648, 50.137165> 0.250000
	pigment { color rgbt <1,0,0,0> }
	no_shadow
}
cylinder {
	<44.771019, 54.451118, 50.528492>,  <44.820393, 54.445400, 50.763290>, 0.100000
	pigment { color rgbt <1,0,0,0> }
	no_shadow
}
cylinder {
	<44.771019, 54.451118, 50.528492>,  <44.688732, 54.460648, 50.137165>, 0.100000
	pigment { color rgbt <1,0,0,0> }
	no_shadow
}

// particle -1
sphere {
	<44.771019, 54.451118, 50.528492> 0.100000
	pigment { color rgbt <1,0,0,0> }
	no_shadow
}
sphere {
	0, 1
	scale<0.080000,0.200000,0.300000>
	matrix <0.969053, -0.134425, -0.207043,
		0.136444, 0.990637, -0.004565,
		0.205718, -0.023826, 0.978321,
		44.832733, 54.443970, 50.821987>
	pigment { color rgbt <0,1,1,0> }
	no_shadow
}
cylinder {
	<45.324772, 54.916813, 50.264122>,  <44.688732, 54.460648, 50.137165>, 0.130000
	pigment { color rgbt <1,0,0,0> }
	no_shadow
}

// nucleotide -1

// particle -1
sphere {
	<45.324772, 54.916813, 50.264122> 0.250000
	pigment { color rgbt <1,0,0,0> }
	no_shadow
}
cylinder {
	<45.254887, 54.589535, 50.483223>,  <45.212955, 54.393169, 50.614685>, 0.100000
	pigment { color rgbt <1,0,0,0> }
	no_shadow
}
cylinder {
	<45.254887, 54.589535, 50.483223>,  <45.324772, 54.916813, 50.264122>, 0.100000
	pigment { color rgbt <1,0,0,0> }
	no_shadow
}

// particle -1
sphere {
	<45.254887, 54.589535, 50.483223> 0.100000
	pigment { color rgbt <1,0,0,0> }
	no_shadow
}
sphere {
	0, 1
	scale<0.080000,0.200000,0.300000>
	matrix <0.969231, -0.240883, -0.050662,
		0.173396, 0.522052, 0.835102,
		-0.174714, -0.818192, 0.547757,
		45.202473, 54.344078, 50.647549>
	pigment { color rgbt <0,1,1,0> }
	no_shadow
}
cylinder {
	<45.750961, 54.866440, 50.867702>,  <45.324772, 54.916813, 50.264122>, 0.130000
	pigment { color rgbt <1,0,0,0> }
	no_shadow
}

// nucleotide -1

// particle -1
sphere {
	<45.750961, 54.866440, 50.867702> 0.250000
	pigment { color rgbt <1,0,0,0> }
	no_shadow
}
cylinder {
	<45.654018, 54.512070, 50.709511>,  <45.595852, 54.299446, 50.614597>, 0.100000
	pigment { color rgbt <1,0,0,0> }
	no_shadow
}
cylinder {
	<45.654018, 54.512070, 50.709511>,  <45.750961, 54.866440, 50.867702>, 0.100000
	pigment { color rgbt <1,0,0,0> }
	no_shadow
}

// particle -1
sphere {
	<45.654018, 54.512070, 50.709511> 0.100000
	pigment { color rgbt <1,0,0,0> }
	no_shadow
}
sphere {
	0, 1
	scale<0.080000,0.200000,0.300000>
	matrix <0.970070, -0.214930, -0.113003,
		0.015112, -0.411028, 0.911497,
		-0.242356, -0.885924, -0.395478,
		45.581310, 54.246292, 50.590866>
	pigment { color rgbt <0,1,1,0> }
	no_shadow
}
cylinder {
	<46.074383, 54.403835, 51.116970>,  <45.750961, 54.866440, 50.867702>, 0.130000
	pigment { color rgbt <1,0,0,0> }
	no_shadow
}

// nucleotide -1

// particle -1
sphere {
	<46.074383, 54.403835, 51.116970> 0.250000
	pigment { color rgbt <1,0,0,0> }
	no_shadow
}
cylinder {
	<45.995621, 54.280441, 50.744720>,  <45.948364, 54.206406, 50.521370>, 0.100000
	pigment { color rgbt <1,0,0,0> }
	no_shadow
}
cylinder {
	<45.995621, 54.280441, 50.744720>,  <46.074383, 54.403835, 51.116970>, 0.100000
	pigment { color rgbt <1,0,0,0> }
	no_shadow
}

// particle -1
sphere {
	<45.995621, 54.280441, 50.744720> 0.100000
	pigment { color rgbt <1,0,0,0> }
	no_shadow
}
sphere {
	0, 1
	scale<0.080000,0.200000,0.300000>
	matrix <0.964685, -0.230346, -0.127761,
		-0.174954, -0.922918, 0.342947,
		-0.196910, -0.308484, -0.930626,
		45.936546, 54.187897, 50.465534>
	pigment { color rgbt <0,1,1,0> }
	no_shadow
}
cylinder {
	<46.772655, 54.074780, 51.207687>,  <46.074383, 54.403835, 51.116970>, 0.130000
	pigment { color rgbt <1,0,0,0> }
	no_shadow
}

// nucleotide -1

// particle -1
sphere {
	<46.772655, 54.074780, 51.207687> 0.250000
	pigment { color rgbt <1,0,0,0> }
	no_shadow
}
cylinder {
	<46.602741, 54.024521, 50.849075>,  <46.500793, 53.994366, 50.633907>, 0.100000
	pigment { color rgbt <1,0,0,0> }
	no_shadow
}
cylinder {
	<46.602741, 54.024521, 50.849075>,  <46.772655, 54.074780, 51.207687>, 0.100000
	pigment { color rgbt <1,0,0,0> }
	no_shadow
}

// particle -1
sphere {
	<46.602741, 54.024521, 50.849075> 0.100000
	pigment { color rgbt <1,0,0,0> }
	no_shadow
}
sphere {
	0, 1
	scale<0.080000,0.200000,0.300000>
	matrix <0.807913, -0.499433, -0.312799,
		-0.408455, -0.857193, 0.313663,
		-0.424783, -0.125649, -0.896533,
		46.475307, 53.986828, 50.580116>
	pigment { color rgbt <0,1,1,0> }
	no_shadow
}
cylinder {
	<47.420689, 54.000221, 51.482246>,  <46.772655, 54.074780, 51.207687>, 0.130000
	pigment { color rgbt <1,0,0,0> }
	no_shadow
}

// nucleotide -1

// particle -1
sphere {
	<47.420689, 54.000221, 51.482246> 0.250000
	pigment { color rgbt <1,0,0,0> }
	no_shadow
}
cylinder {
	<47.328178, 53.774406, 51.799183>,  <47.272671, 53.638920, 51.989346>, 0.100000
	pigment { color rgbt <1,0,0,0> }
	no_shadow
}
cylinder {
	<47.328178, 53.774406, 51.799183>,  <47.420689, 54.000221, 51.482246>, 0.100000
	pigment { color rgbt <1,0,0,0> }
	no_shadow
}

// particle -1
sphere {
	<47.328178, 53.774406, 51.799183> 0.100000
	pigment { color rgbt <1,0,0,0> }
	no_shadow
}
sphere {
	0, 1
	scale<0.080000,0.200000,0.300000>
	matrix <0.847316, 0.283333, 0.449196,
		-0.478085, 0.775256, 0.412811,
		-0.231279, -0.564535, 0.792345,
		47.258793, 53.605045, 52.036888>
	pigment { color rgbt <0,1,1,0> }
	no_shadow
}
cylinder {
	<48.055382, 54.156807, 51.916256>,  <47.420689, 54.000221, 51.482246>, 0.130000
	pigment { color rgbt <1,0,0,0> }
	no_shadow
}

// nucleotide -1

// particle -1
sphere {
	<48.055382, 54.156807, 51.916256> 0.250000
	pigment { color rgbt <1,0,0,0> }
	no_shadow
}
cylinder {
	<47.870613, 53.880806, 52.139153>,  <47.759754, 53.715206, 52.272892>, 0.100000
	pigment { color rgbt <1,0,0,0> }
	no_shadow
}
cylinder {
	<47.870613, 53.880806, 52.139153>,  <48.055382, 54.156807, 51.916256>, 0.100000
	pigment { color rgbt <1,0,0,0> }
	no_shadow
}

// particle -1
sphere {
	<47.870613, 53.880806, 52.139153> 0.100000
	pigment { color rgbt <1,0,0,0> }
	no_shadow
}
sphere {
	0, 1
	scale<0.080000,0.200000,0.300000>
	matrix <0.736054, 0.052298, 0.674899,
		-0.494828, 0.721912, 0.483724,
		-0.461920, -0.690006, 0.557245,
		47.732037, 53.673805, 52.306328>
	pigment { color rgbt <0,1,1,0> }
	no_shadow
}
cylinder {
	<48.618637, 53.891003, 52.419853>,  <48.055382, 54.156807, 51.916256>, 0.130000
	pigment { color rgbt <1,0,0,0> }
	no_shadow
}

// nucleotide -1

// particle -1
sphere {
	<48.618637, 53.891003, 52.419853> 0.250000
	pigment { color rgbt <1,0,0,0> }
	no_shadow
}
cylinder {
	<48.309494, 53.692230, 52.577713>,  <48.124008, 53.572968, 52.672428>, 0.100000
	pigment { color rgbt <1,0,0,0> }
	no_shadow
}
cylinder {
	<48.309494, 53.692230, 52.577713>,  <48.618637, 53.891003, 52.419853>, 0.100000
	pigment { color rgbt <1,0,0,0> }
	no_shadow
}

// particle -1
sphere {
	<48.309494, 53.692230, 52.577713> 0.100000
	pigment { color rgbt <1,0,0,0> }
	no_shadow
}
sphere {
	0, 1
	scale<0.080000,0.200000,0.300000>
	matrix <0.606645, -0.396076, 0.689279,
		-0.186215, 0.772127, 0.607572,
		-0.772856, -0.496935, 0.394652,
		48.077637, 53.543148, 52.696110>
	pigment { color rgbt <0,1,1,0> }
	no_shadow
}
cylinder {
	<48.706764, 53.982166, 53.099014>,  <48.618637, 53.891003, 52.419853>, 0.130000
	pigment { color rgbt <1,0,0,0> }
	no_shadow
}

// nucleotide -1

// particle -1
sphere {
	<48.706764, 53.982166, 53.099014> 0.250000
	pigment { color rgbt <1,0,0,0> }
	no_shadow
}
cylinder {
	<48.481544, 53.657482, 53.036911>,  <48.346413, 53.462673, 52.999649>, 0.100000
	pigment { color rgbt <1,0,0,0> }
	no_shadow
}
cylinder {
	<48.481544, 53.657482, 53.036911>,  <48.706764, 53.982166, 53.099014>, 0.100000
	pigment { color rgbt <1,0,0,0> }
	no_shadow
}

// particle -1
sphere {
	<48.481544, 53.657482, 53.036911> 0.100000
	pigment { color rgbt <1,0,0,0> }
	no_shadow
}
sphere {
	0, 1
	scale<0.080000,0.200000,0.300000>
	matrix <0.515368, -0.491729, 0.701853,
		-0.646047, 0.315161, 0.695196,
		-0.563045, -0.811712, -0.155256,
		48.312630, 53.413967, 52.990334>
	pigment { color rgbt <0,1,1,0> }
	no_shadow
}
cylinder {
	<48.377914, 53.686844, 53.806522>,  <48.706764, 53.982166, 53.099014>, 0.130000
	pigment { color rgbt <1,0,0,0> }
	no_shadow
}

// nucleotide -1

// particle -1
sphere {
	<48.377914, 53.686844, 53.806522> 0.250000
	pigment { color rgbt <1,0,0,0> }
	no_shadow
}
cylinder {
	<48.468937, 53.435345, 53.509094>,  <48.523552, 53.284447, 53.330639>, 0.100000
	pigment { color rgbt <1,0,0,0> }
	no_shadow
}
cylinder {
	<48.468937, 53.435345, 53.509094>,  <48.377914, 53.686844, 53.806522>, 0.100000
	pigment { color rgbt <1,0,0,0> }
	no_shadow
}

// particle -1
sphere {
	<48.468937, 53.435345, 53.509094> 0.100000
	pigment { color rgbt <1,0,0,0> }
	no_shadow
}
sphere {
	0, 1
	scale<0.080000,0.200000,0.300000>
	matrix <0.618230, -0.496678, 0.609182,
		-0.752336, -0.598321, 0.275686,
		0.227559, -0.628747, -0.743569,
		48.537205, 53.246719, 53.286022>
	pigment { color rgbt <0,1,1,0> }
	no_shadow
}
cylinder {
	<48.410954, 52.969341, 54.104252>,  <48.377914, 53.686844, 53.806522>, 0.130000
	pigment { color rgbt <1,0,0,0> }
	no_shadow
}

// nucleotide -1

// particle -1
sphere {
	<48.410954, 52.969341, 54.104252> 0.250000
	pigment { color rgbt <1,0,0,0> }
	no_shadow
}
cylinder {
	<48.632435, 52.983215, 53.771454>,  <48.765324, 52.991539, 53.571777>, 0.100000
	pigment { color rgbt <1,0,0,0> }
	no_shadow
}
cylinder {
	<48.632435, 52.983215, 53.771454>,  <48.410954, 52.969341, 54.104252>, 0.100000
	pigment { color rgbt <1,0,0,0> }
	no_shadow
}

// particle -1
sphere {
	<48.632435, 52.983215, 53.771454> 0.100000
	pigment { color rgbt <1,0,0,0> }
	no_shadow
}
sphere {
	0, 1
	scale<0.080000,0.200000,0.300000>
	matrix <0.776730, -0.381683, 0.501008,
		-0.300178, -0.923642, -0.238281,
		0.553700, 0.034689, -0.831993,
		48.798546, 52.993622, 53.521854>
	pigment { color rgbt <0,1,1,0> }
	no_shadow
}
cylinder {
	<48.650993, 52.240696, 53.928749>,  <48.410954, 52.969341, 54.104252>, 0.130000
	pigment { color rgbt <1,0,0,0> }
	no_shadow
}

// nucleotide -1

// particle -1
sphere {
	<48.650993, 52.240696, 53.928749> 0.250000
	pigment { color rgbt <1,0,0,0> }
	no_shadow
}
cylinder {
	<48.877724, 52.555782, 53.832245>,  <49.013763, 52.744835, 53.774342>, 0.100000
	pigment { color rgbt <1,0,0,0> }
	no_shadow
}
cylinder {
	<48.877724, 52.555782, 53.832245>,  <48.650993, 52.240696, 53.928749>, 0.100000
	pigment { color rgbt <1,0,0,0> }
	no_shadow
}

// particle -1
sphere {
	<48.877724, 52.555782, 53.832245> 0.100000
	pigment { color rgbt <1,0,0,0> }
	no_shadow
}
sphere {
	0, 1
	scale<0.080000,0.200000,0.300000>
	matrix <0.669624, -0.269935, 0.691910,
		0.479908, -0.553744, -0.680483,
		0.566827, 0.787720, -0.241257,
		49.047771, 52.792099, 53.759869>
	pigment { color rgbt <0,1,1,0> }
	no_shadow
}
cylinder {
	<49.268074, 52.094559, 53.576855>,  <48.650993, 52.240696, 53.928749>, 0.130000
	pigment { color rgbt <1,0,0,0> }
	no_shadow
}

// nucleotide -1

// particle -1
sphere {
	<49.268074, 52.094559, 53.576855> 0.250000
	pigment { color rgbt <1,0,0,0> }
	no_shadow
}
cylinder {
	<49.338650, 52.435284, 53.774147>,  <49.380997, 52.639721, 53.892521>, 0.100000
	pigment { color rgbt <1,0,0,0> }
	no_shadow
}
cylinder {
	<49.338650, 52.435284, 53.774147>,  <49.268074, 52.094559, 53.576855>, 0.100000
	pigment { color rgbt <1,0,0,0> }
	no_shadow
}

// particle -1
sphere {
	<49.338650, 52.435284, 53.774147> 0.100000
	pigment { color rgbt <1,0,0,0> }
	no_shadow
}
sphere {
	0, 1
	scale<0.080000,0.200000,0.300000>
	matrix <0.801773, -0.415055, 0.429988,
		0.570989, 0.319591, -0.756197,
		0.176443, 0.851816, 0.493231,
		49.391582, 52.690830, 53.922115>
	pigment { color rgbt <0,1,1,0> }
	no_shadow
}
cylinder {
	<49.902779, 52.228504, 53.384129>,  <49.268074, 52.094559, 53.576855>, 0.130000
	pigment { color rgbt <1,0,0,0> }
	no_shadow
}

// nucleotide -1

// particle -1
sphere {
	<49.902779, 52.228504, 53.384129> 0.250000
	pigment { color rgbt <1,0,0,0> }
	no_shadow
}
cylinder {
	<49.823322, 52.367855, 53.750553>,  <49.775646, 52.451466, 53.970409>, 0.100000
	pigment { color rgbt <1,0,0,0> }
	no_shadow
}
cylinder {
	<49.823322, 52.367855, 53.750553>,  <49.902779, 52.228504, 53.384129>, 0.100000
	pigment { color rgbt <1,0,0,0> }
	no_shadow
}

// particle -1
sphere {
	<49.823322, 52.367855, 53.750553> 0.100000
	pigment { color rgbt <1,0,0,0> }
	no_shadow
}
sphere {
	0, 1
	scale<0.080000,0.200000,0.300000>
	matrix <0.862153, -0.382388, 0.332373,
		0.466082, 0.855813, -0.224392,
		-0.198644, 0.348374, 0.916066,
		49.763729, 52.472366, 54.025372>
	pigment { color rgbt <0,1,1,0> }
	no_shadow
}
cylinder {
	<50.486797, 52.402386, 53.826614>,  <49.902779, 52.228504, 53.384129>, 0.130000
	pigment { color rgbt <1,0,0,0> }
	no_shadow
}

// nucleotide -1

// particle -1
sphere {
	<50.486797, 52.402386, 53.826614> 0.250000
	pigment { color rgbt <1,0,0,0> }
	no_shadow
}
cylinder {
	<50.271069, 52.329483, 54.155472>,  <50.141632, 52.285740, 54.352787>, 0.100000
	pigment { color rgbt <1,0,0,0> }
	no_shadow
}
cylinder {
	<50.271069, 52.329483, 54.155472>,  <50.486797, 52.402386, 53.826614>, 0.100000
	pigment { color rgbt <1,0,0,0> }
	no_shadow
}

// particle -1
sphere {
	<50.271069, 52.329483, 54.155472> 0.100000
	pigment { color rgbt <1,0,0,0> }
	no_shadow
}
sphere {
	0, 1
	scale<0.080000,0.200000,0.300000>
	matrix <0.818674, -0.342158, 0.461195,
		0.197245, 0.921797, 0.333743,
		-0.539321, -0.182259, 0.822140,
		50.109272, 52.274807, 54.402115>
	pigment { color rgbt <0,1,1,0> }
	no_shadow
}
cylinder {
	<50.756165, 52.832306, 54.416142>,  <50.486797, 52.402386, 53.826614>, 0.130000
	pigment { color rgbt <1,0,0,0> }
	no_shadow
}

// nucleotide -1

// particle -1
sphere {
	<50.756165, 52.832306, 54.416142> 0.250000
	pigment { color rgbt <1,0,0,0> }
	no_shadow
}
cylinder {
	<50.609333, 52.468613, 54.494671>,  <50.521233, 52.250397, 54.541790>, 0.100000
	pigment { color rgbt <1,0,0,0> }
	no_shadow
}
cylinder {
	<50.609333, 52.468613, 54.494671>,  <50.756165, 52.832306, 54.416142>, 0.100000
	pigment { color rgbt <1,0,0,0> }
	no_shadow
}

// particle -1
sphere {
	<50.609333, 52.468613, 54.494671> 0.100000
	pigment { color rgbt <1,0,0,0> }
	no_shadow
}
sphere {
	0, 1
	scale<0.080000,0.200000,0.300000>
	matrix <0.874111, -0.265006, 0.407066,
		-0.318092, 0.321033, 0.892051,
		-0.367080, -0.909236, 0.196323,
		50.499210, 52.195843, 54.553566>
	pigment { color rgbt <0,1,1,0> }
	no_shadow
}
cylinder {
	<50.671928, 52.679089, 55.115265>,  <50.756165, 52.832306, 54.416142>, 0.130000
	pigment { color rgbt <1,0,0,0> }
	no_shadow
}

// nucleotide -1

// particle -1
sphere {
	<50.671928, 52.679089, 55.115265> 0.250000
	pigment { color rgbt <1,0,0,0> }
	no_shadow
}
cylinder {
	<50.733334, 52.332863, 54.924591>,  <50.770176, 52.125126, 54.810184>, 0.100000
	pigment { color rgbt <1,0,0,0> }
	no_shadow
}
cylinder {
	<50.733334, 52.332863, 54.924591>,  <50.671928, 52.679089, 55.115265>, 0.100000
	pigment { color rgbt <1,0,0,0> }
	no_shadow
}

// particle -1
sphere {
	<50.733334, 52.332863, 54.924591> 0.100000
	pigment { color rgbt <1,0,0,0> }
	no_shadow
}
sphere {
	0, 1
	scale<0.080000,0.200000,0.300000>
	matrix <0.659082, -0.269739, 0.702034,
		-0.736238, -0.421944, 0.529071,
		0.153508, -0.865566, -0.476688,
		50.779385, 52.073193, 54.781586>
	pigment { color rgbt <0,1,1,0> }
	no_shadow
}
cylinder {
	<50.740303, 51.921265, 55.514645>,  <50.671928, 52.679089, 55.115265>, 0.130000
	pigment { color rgbt <1,0,0,0> }
	no_shadow
}

// nucleotide -1

// particle -1
sphere {
	<50.740303, 51.921265, 55.514645> 0.250000
	pigment { color rgbt <1,0,0,0> }
	no_shadow
}
cylinder {
	<50.975220, 52.010033, 55.203300>,  <51.116169, 52.063293, 55.016495>, 0.100000
	pigment { color rgbt <1,0,0,0> }
	no_shadow
}
cylinder {
	<50.975220, 52.010033, 55.203300>,  <50.740303, 51.921265, 55.514645>, 0.100000
	pigment { color rgbt <1,0,0,0> }
	no_shadow
}

// particle -1
sphere {
	<50.975220, 52.010033, 55.203300> 0.100000
	pigment { color rgbt <1,0,0,0> }
	no_shadow
}
sphere {
	0, 1
	scale<0.080000,0.200000,0.300000>
	matrix <0.796979, -0.326230, 0.508329,
		-0.141115, -0.918872, -0.368458,
		0.587291, 0.221920, -0.778357,
		51.151405, 52.076607, 54.969791>
	pigment { color rgbt <0,1,1,0> }
	no_shadow
}
cylinder {
	<51.344856, 51.449711, 55.784698>,  <50.740303, 51.921265, 55.514645>, 0.130000
	pigment { color rgbt <1,0,0,0> }
	no_shadow
}

// nucleotide -1

// particle -1
sphere {
	<51.344856, 51.449711, 55.784698> 0.250000
	pigment { color rgbt <1,0,0,0> }
	no_shadow
}
cylinder {
	<51.551636, 51.711891, 55.564461>,  <51.675701, 51.869198, 55.432320>, 0.100000
	pigment { color rgbt <1,0,0,0> }
	no_shadow
}
cylinder {
	<51.551636, 51.711891, 55.564461>,  <51.344856, 51.449711, 55.784698>, 0.100000
	pigment { color rgbt <1,0,0,0> }
	no_shadow
}

// particle -1
sphere {
	<51.551636, 51.711891, 55.564461> 0.100000
	pigment { color rgbt <1,0,0,0> }
	no_shadow
}
sphere {
	0, 1
	scale<0.080000,0.200000,0.300000>
	matrix <0.842568, -0.276029, 0.462478,
		0.151150, -0.702990, -0.694952,
		0.516945, 0.655449, -0.550595,
		51.706718, 51.908527, 55.399281>
	pigment { color rgbt <0,1,1,0> }
	no_shadow
}
cylinder {
	<51.966385, 51.049412, 55.508709>,  <51.344856, 51.449711, 55.784698>, 0.130000
	pigment { color rgbt <1,0,0,0> }
	no_shadow
}

// nucleotide -1

// particle -1
sphere {
	<51.966385, 51.049412, 55.508709> 0.250000
	pigment { color rgbt <1,0,0,0> }
	no_shadow
}
cylinder {
	<52.031071, 51.443943, 55.495987>,  <52.069881, 51.680660, 55.488354>, 0.100000
	pigment { color rgbt <1,0,0,0> }
	no_shadow
}
cylinder {
	<52.031071, 51.443943, 55.495987>,  <51.966385, 51.049412, 55.508709>, 0.100000
	pigment { color rgbt <1,0,0,0> }
	no_shadow
}

// particle -1
sphere {
	<52.031071, 51.443943, 55.495987> 0.100000
	pigment { color rgbt <1,0,0,0> }
	no_shadow
}
sphere {
	0, 1
	scale<0.080000,0.200000,0.300000>
	matrix <0.892378, -0.132395, 0.431431,
		0.421320, -0.098151, -0.901585,
		0.161711, 0.986326, -0.031807,
		52.079582, 51.739841, 55.486446>
	pigment { color rgbt <0,1,1,0> }
	no_shadow
}
cylinder {
	<52.732174, 51.217911, 55.261379>,  <51.966385, 51.049412, 55.508709>, 0.130000
	pigment { color rgbt <1,0,0,0> }
	no_shadow
}

// nucleotide -1

// particle -1
sphere {
	<52.732174, 51.217911, 55.261379> 0.250000
	pigment { color rgbt <1,0,0,0> }
	no_shadow
}
cylinder {
	<52.581276, 51.503304, 55.497559>,  <52.490738, 51.674538, 55.639267>, 0.100000
	pigment { color rgbt <1,0,0,0> }
	no_shadow
}
cylinder {
	<52.581276, 51.503304, 55.497559>,  <52.732174, 51.217911, 55.261379>, 0.100000
	pigment { color rgbt <1,0,0,0> }
	no_shadow
}

// particle -1
sphere {
	<52.581276, 51.503304, 55.497559> 0.100000
	pigment { color rgbt <1,0,0,0> }
	no_shadow
}
sphere {
	0, 1
	scale<0.080000,0.200000,0.300000>
	matrix <0.787782, -0.087989, 0.609638,
		0.486918, 0.695128, -0.528874,
		-0.377241, 0.713481, 0.590452,
		52.468105, 51.717346, 55.674694>
	pigment { color rgbt <0,1,1,0> }
	no_shadow
}
cylinder {
	<53.203125, 51.680443, 55.480419>,  <52.732174, 51.217911, 55.261379>, 0.130000
	pigment { color rgbt <1,0,0,0> }
	no_shadow
}

// nucleotide -1

// particle -1
sphere {
	<53.203125, 51.680443, 55.480419> 0.250000
	pigment { color rgbt <1,0,0,0> }
	no_shadow
}
cylinder {
	<52.946400, 51.618320, 55.780807>,  <52.792362, 51.581047, 55.961040>, 0.100000
	pigment { color rgbt <1,0,0,0> }
	no_shadow
}
cylinder {
	<52.946400, 51.618320, 55.780807>,  <53.203125, 51.680443, 55.480419>, 0.100000
	pigment { color rgbt <1,0,0,0> }
	no_shadow
}

// particle -1
sphere {
	<52.946400, 51.618320, 55.780807> 0.100000
	pigment { color rgbt <1,0,0,0> }
	no_shadow
}
sphere {
	0, 1
	scale<0.080000,0.200000,0.300000>
	matrix <0.766828, -0.121102, 0.630325,
		-0.006952, 0.980415, 0.196821,
		-0.641815, -0.155310, 0.750968,
		52.753857, 51.571728, 56.006096>
	pigment { color rgbt <0,1,1,0> }
	no_shadow
}
cylinder {
	<53.469604, 52.072533, 56.138462>,  <53.203125, 51.680443, 55.480419>, 0.130000
	pigment { color rgbt <1,0,0,0> }
	no_shadow
}

// nucleotide -1

// particle -1
sphere {
	<53.469604, 52.072533, 56.138462> 0.250000
	pigment { color rgbt <1,0,0,0> }
	no_shadow
}
cylinder {
	<53.250706, 51.747665, 56.219368>,  <53.119366, 51.552746, 56.267914>, 0.100000
	pigment { color rgbt <1,0,0,0> }
	no_shadow
}
cylinder {
	<53.250706, 51.747665, 56.219368>,  <53.469604, 52.072533, 56.138462>, 0.100000
	pigment { color rgbt <1,0,0,0> }
	no_shadow
}

// particle -1
sphere {
	<53.250706, 51.747665, 56.219368> 0.100000
	pigment { color rgbt <1,0,0,0> }
	no_shadow
}
sphere {
	0, 1
	scale<0.080000,0.200000,0.300000>
	matrix <0.606913, -0.218646, 0.764101,
		-0.576350, 0.540910, 0.612566,
