// switches for output
#declare DRAW_BASES = 1; // possible values are 0, 1; only relevant for DNA ribbons
#declare DRAW_BASES_TYPE = 3; // possible values are 1, 2, 3; only relevant for DNA ribbons
#declare DRAW_FOG = 0; // set to 1 to enable fog

#include "colors.inc"

#include "transforms.inc"
background { rgb <1, 1, 1>}

#default {
   normal{
       ripples 0.25
       frequency 0.20
       turbulence 0.2
       lambda 5
   }
	finish {
		phong 0.1
		phong_size 40.
	}
}

// original window dimensions: 1024x640


// camera settings

camera {
	sky <-0, 1, 0>
	up <-0, 1, 0>
	right 1.6 * <0.99995, 0, 0.00999983>
	location <54.4867, 55, 106.329>
	look_at <55, 55, 55.0001>
	direction <0.513302, 0, -51.3289>
	angle 67.0682
}


# declare cpy_camera_pos = <54.4867, 55, 106.329>;
# if (DRAW_FOG = 1)
fog {
	fog_type 2
	up vnormalize(cpy_camera_pos)
	color rgbt<1,1,1,0.3>
	distance 1e-5
	fog_alt 3e-3
	fog_offset 88
}
# end


// LIGHTS

# declare lum = 6;
global_settings {
	ambient_light rgb lum * <0.05, 0.05, 0.05>
	max_trace_level 15
}# declare cpy_direct_light_amount = 0.25;
light_source
{	1000 * <-0.98995, -1, 1.00995>,
	rgb lum * cpy_direct_light_amount
	parallel
}

light_source
{	1000 * <0.98995, 1, -1.00995>,
	rgb lum * cpy_direct_light_amount
	parallel
}

// strand 0

// nucleotide -1

// particle -1
sphere {
	<36.025600, 53.615620, 49.786850> 0.250000
	pigment { color rgbt <1,0,0,0> }
	no_shadow
}
cylinder {
	<36.249172, 53.286919, 49.831238>,  <36.383316, 53.089699, 49.857872>, 0.100000
	pigment { color rgbt <1,0,0,0> }
	no_shadow
}
cylinder {
	<36.249172, 53.286919, 49.831238>,  <36.025600, 53.615620, 49.786850>, 0.100000
	pigment { color rgbt <1,0,0,0> }
	no_shadow
}

// particle -1
sphere {
	<36.249172, 53.286919, 49.831238> 0.100000
	pigment { color rgbt <1,0,0,0> }
	no_shadow
}
sphere {
	0, 1
	scale<0.080000,0.200000,0.300000>
	matrix <0.825494, 0.564080, 0.019320,
		-0.078473, 0.080807, 0.993636,
		0.558929, -0.821756, 0.110971,
		36.416851, 53.040390, 49.864529>
	pigment { color rgbt <0,1,1,0> }
	no_shadow
}
cylinder {
	<36.538815, 53.660904, 50.365463>,  <36.025600, 53.615620, 49.786850>, 0.130000
	pigment { color rgbt <1,0,0,0> }
	no_shadow
}

// nucleotide -1

// particle -1
sphere {
	<36.538815, 53.660904, 50.365463> 0.250000
	pigment { color rgbt <1,0,0,0> }
	no_shadow
}
cylinder {
	<36.685921, 53.355511, 50.153111>,  <36.774185, 53.172272, 50.025700>, 0.100000
	pigment { color rgbt <1,0,0,0> }
	no_shadow
}
cylinder {
	<36.685921, 53.355511, 50.153111>,  <36.538815, 53.660904, 50.365463>, 0.100000
	pigment { color rgbt <1,0,0,0> }
	no_shadow
}

// particle -1
sphere {
	<36.685921, 53.355511, 50.153111> 0.100000
	pigment { color rgbt <1,0,0,0> }
	no_shadow
}
sphere {
	0, 1
	scale<0.080000,0.200000,0.300000>
	matrix <0.894884, 0.445796, -0.021201,
		0.252853, -0.467282, 0.847180,
		0.367762, -0.763488, -0.530883,
		36.796249, 53.126465, 49.993847>
	pigment { color rgbt <0,1,1,0> }
	no_shadow
}
cylinder {
	<37.205223, 53.445866, 50.753460>,  <36.538815, 53.660904, 50.365463>, 0.130000
	pigment { color rgbt <1,0,0,0> }
	no_shadow
}

// nucleotide -1

// particle -1
sphere {
	<37.205223, 53.445866, 50.753460> 0.250000
	pigment { color rgbt <1,0,0,0> }
	no_shadow
}
cylinder {
	<37.216351, 53.337517, 50.368576>,  <37.223026, 53.272507, 50.137646>, 0.100000
	pigment { color rgbt <1,0,0,0> }
	no_shadow
}
cylinder {
	<37.216351, 53.337517, 50.368576>,  <37.205223, 53.445866, 50.753460>, 0.100000
	pigment { color rgbt <1,0,0,0> }
	no_shadow
}

// particle -1
sphere {
	<37.216351, 53.337517, 50.368576> 0.100000
	pigment { color rgbt <1,0,0,0> }
	no_shadow
}
sphere {
	0, 1
	scale<0.080000,0.200000,0.300000>
	matrix <0.884218, 0.455643, -0.102703,
		0.466245, -0.847949, 0.252186,
		0.027820, -0.270873, -0.962213,
		37.224697, 53.256256, 50.079910>
	pigment { color rgbt <0,1,1,0> }
	no_shadow
}
cylinder {
	<37.869419, 53.233974, 50.659668>,  <37.205223, 53.445866, 50.753460>, 0.130000
	pigment { color rgbt <1,0,0,0> }
	no_shadow
}

// nucleotide -1

// particle -1
sphere {
	<37.869419, 53.233974, 50.659668> 0.250000
	pigment { color rgbt <1,0,0,0> }
	no_shadow
}
cylinder {
	<37.691410, 53.358410, 50.323769>,  <37.584606, 53.433071, 50.122227>, 0.100000
	pigment { color rgbt <1,0,0,0> }
	no_shadow
}
cylinder {
	<37.691410, 53.358410, 50.323769>,  <37.869419, 53.233974, 50.659668>, 0.100000
	pigment { color rgbt <1,0,0,0> }
	no_shadow
}

// particle -1
sphere {
	<37.691410, 53.358410, 50.323769> 0.100000
	pigment { color rgbt <1,0,0,0> }
	no_shadow
}
sphere {
	0, 1
	scale<0.080000,0.200000,0.300000>
	matrix <0.715577, 0.687332, -0.124594,
		0.538429, -0.656355, -0.528481,
		-0.445020, 0.311084, -0.839752,
		37.557903, 53.451736, 50.071842>
	pigment { color rgbt <0,1,1,0> }
	no_shadow
}
cylinder {
	<38.324512, 53.228905, 50.014816>,  <37.869419, 53.233974, 50.659668>, 0.130000
	pigment { color rgbt <1,0,0,0> }
	no_shadow
}

// nucleotide -1

// particle -1
sphere {
	<38.324512, 53.228905, 50.014816> 0.250000
	pigment { color rgbt <1,0,0,0> }
	no_shadow
}
cylinder {
	<38.027050, 53.492565, 49.970116>,  <37.848572, 53.650761, 49.943295>, 0.100000
	pigment { color rgbt <1,0,0,0> }
	no_shadow
}
cylinder {
	<38.027050, 53.492565, 49.970116>,  <38.324512, 53.228905, 50.014816>, 0.100000
	pigment { color rgbt <1,0,0,0> }
	no_shadow
}

// particle -1
sphere {
	<38.027050, 53.492565, 49.970116> 0.100000
	pigment { color rgbt <1,0,0,0> }
	no_shadow
}
sphere {
	0, 1
	scale<0.080000,0.200000,0.300000>
	matrix <0.654546, 0.683791, -0.322491,
		-0.136158, -0.312968, -0.939953,
		-0.743660, 0.659152, -0.111748,
		37.803951, 53.690311, 49.936592>
	pigment { color rgbt <0,1,1,0> }
	no_shadow
}
cylinder {
	<38.574162, 53.589111, 49.373432>,  <38.324512, 53.228905, 50.014816>, 0.130000
	pigment { color rgbt <1,0,0,0> }
	no_shadow
}

// nucleotide -1

// particle -1
sphere {
	<38.574162, 53.589111, 49.373432> 0.250000
	pigment { color rgbt <1,0,0,0> }
	no_shadow
}
cylinder {
	<38.338139, 53.799194, 49.618702>,  <38.196526, 53.925243, 49.765865>, 0.100000
	pigment { color rgbt <1,0,0,0> }
	no_shadow
}
cylinder {
	<38.338139, 53.799194, 49.618702>,  <38.574162, 53.589111, 49.373432>, 0.100000
	pigment { color rgbt <1,0,0,0> }
	no_shadow
}

// particle -1
sphere {
	<38.338139, 53.799194, 49.618702> 0.100000
	pigment { color rgbt <1,0,0,0> }
	no_shadow
}
sphere {
	0, 1
	scale<0.080000,0.200000,0.300000>
	matrix <0.648502, 0.760715, -0.027530,
		-0.480911, 0.381401, -0.789467,
		-0.590059, 0.525211, 0.613175,
		38.161121, 53.956757, 49.802654>
	pigment { color rgbt <0,1,1,0> }
	no_shadow
}
cylinder {
	<38.452271, 54.305565, 48.987701>,  <38.574162, 53.589111, 49.373432>, 0.130000
	pigment { color rgbt <1,0,0,0> }
	no_shadow
}

// nucleotide -1

// particle -1
sphere {
	<38.452271, 54.305565, 48.987701> 0.250000
	pigment { color rgbt <1,0,0,0> }
	no_shadow
}
cylinder {
	<38.400406, 54.329567, 49.383598>,  <38.369289, 54.343967, 49.621136>, 0.100000
	pigment { color rgbt <1,0,0,0> }
	no_shadow
}
cylinder {
	<38.400406, 54.329567, 49.383598>,  <38.452271, 54.305565, 48.987701>, 0.100000
	pigment { color rgbt <1,0,0,0> }
	no_shadow
}

// particle -1
sphere {
	<38.400406, 54.329567, 49.383598> 0.100000
	pigment { color rgbt <1,0,0,0> }
	no_shadow
}
sphere {
	0, 1
	scale<0.080000,0.200000,0.300000>
	matrix <0.705925, 0.706544, 0.049645,
		-0.696318, 0.705121, -0.133964,
		-0.129658, 0.060000, 0.989742,
		38.361507, 54.347569, 49.680519>
	pigment { color rgbt <0,1,1,0> }
	no_shadow
}
cylinder {
	<38.725311, 54.960217, 49.030289>,  <38.452271, 54.305565, 48.987701>, 0.130000
	pigment { color rgbt <1,0,0,0> }
	no_shadow
}

// nucleotide -1

// particle -1
sphere {
	<38.725311, 54.960217, 49.030289> 0.250000
	pigment { color rgbt <1,0,0,0> }
	no_shadow
}
cylinder {
	<39.069702, 55.121071, 49.154877>,  <39.276337, 55.217583, 49.229630>, 0.100000
	pigment { color rgbt <1,0,0,0> }
	no_shadow
}
cylinder {
	<39.069702, 55.121071, 49.154877>,  <38.725311, 54.960217, 49.030289>, 0.100000
	pigment { color rgbt <1,0,0,0> }
	no_shadow
}

// particle -1
sphere {
	<39.069702, 55.121071, 49.154877> 0.100000
	pigment { color rgbt <1,0,0,0> }
	no_shadow
}
sphere {
	0, 1
	scale<0.080000,0.200000,0.300000>
	matrix <-0.257283, 0.872528, -0.415331,
		-0.438782, 0.277455, 0.854687,
		0.860974, 0.402136, 0.311465,
		39.327995, 55.241711, 49.248318>
	pigment { color rgbt <0,1,1,0> }
	no_shadow
}
cylinder {
	<38.572834, 55.564369, 49.409805>,  <38.725311, 54.960217, 49.030289>, 0.130000
	pigment { color rgbt <1,0,0,0> }
	no_shadow
}

// nucleotide -1

// particle -1
sphere {
	<38.572834, 55.564369, 49.409805> 0.250000
	pigment { color rgbt <1,0,0,0> }
	no_shadow
}
cylinder {
	<38.935349, 55.570709, 49.240860>,  <39.152859, 55.574512, 49.139492>, 0.100000
	pigment { color rgbt <1,0,0,0> }
	no_shadow
}
cylinder {
	<38.935349, 55.570709, 49.240860>,  <38.572834, 55.564369, 49.409805>, 0.100000
	pigment { color rgbt <1,0,0,0> }
	no_shadow
}

// particle -1
sphere {
	<38.935349, 55.570709, 49.240860> 0.100000
	pigment { color rgbt <1,0,0,0> }
	no_shadow
}
sphere {
	0, 1
	scale<0.080000,0.200000,0.300000>
	matrix <-0.133022, 0.959214, -0.249427,
		0.401182, 0.282236, 0.871433,
		0.906288, 0.015854, -0.422363,
		39.207233, 55.575466, 49.114151>
	pigment { color rgbt <0,1,1,0> }
	no_shadow
}
cylinder {
	<39.013317, 56.184006, 49.508450>,  <38.572834, 55.564369, 49.409805>, 0.130000
	pigment { color rgbt <1,0,0,0> }
	no_shadow
}

// nucleotide -1

// particle -1
sphere {
	<39.013317, 56.184006, 49.508450> 0.250000
	pigment { color rgbt <1,0,0,0> }
	no_shadow
}
cylinder {
	<39.136673, 56.049194, 49.152626>,  <39.210686, 55.968307, 48.939133>, 0.100000
	pigment { color rgbt <1,0,0,0> }
	no_shadow
}
cylinder {
	<39.136673, 56.049194, 49.152626>,  <39.013317, 56.184006, 49.508450>, 0.100000
	pigment { color rgbt <1,0,0,0> }
	no_shadow
}

// particle -1
sphere {
	<39.136673, 56.049194, 49.152626> 0.100000
	pigment { color rgbt <1,0,0,0> }
	no_shadow
}
sphere {
	0, 1
	scale<0.080000,0.200000,0.300000>
	matrix <-0.390784, 0.807699, -0.441488,
		0.867287, 0.483773, 0.117378,
		0.308386, -0.337027, -0.889557,
		39.229187, 55.948086, 48.885757>
	pigment { color rgbt <0,1,1,0> }
	no_shadow
}
cylinder {
	<38.907742, 56.728729, 50.027473>,  <39.013317, 56.184006, 49.508450>, 0.130000
	pigment { color rgbt <1,0,0,0> }
	no_shadow
}

// nucleotide -1

// particle -1
sphere {
	<38.907742, 56.728729, 50.027473> 0.250000
	pigment { color rgbt <1,0,0,0> }
	no_shadow
}
cylinder {
	<38.543797, 56.893639, 50.008774>,  <38.325432, 56.992584, 49.997555>, 0.100000
	pigment { color rgbt <1,0,0,0> }
	no_shadow
}
cylinder {
	<38.543797, 56.893639, 50.008774>,  <38.907742, 56.728729, 50.027473>, 0.100000
	pigment { color rgbt <1,0,0,0> }
	no_shadow
}

// particle -1
sphere {
	<38.543797, 56.893639, 50.008774> 0.100000
	pigment { color rgbt <1,0,0,0> }
	no_shadow
}
sphere {
	0, 1
	scale<0.080000,0.200000,0.300000>
	matrix <-0.250402, -0.635452, -0.730411,
		-0.330836, -0.652865, 0.681406,
		-0.909860, 0.412271, -0.046751,
		38.270840, 57.017319, 49.994747>
	pigment { color rgbt <0,1,1,0> }
	no_shadow
}
cylinder {
	<38.257835, 56.277611, 50.117397>,  <38.907742, 56.728729, 50.027473>, 0.130000
	pigment { color rgbt <1,0,0,0> }
	no_shadow
}

// nucleotide -1

// particle -1
sphere {
	<38.257835, 56.277611, 50.117397> 0.250000
	pigment { color rgbt <1,0,0,0> }
	no_shadow
}
cylinder {
	<38.487492, 55.954277, 50.065319>,  <38.625286, 55.760277, 50.034073>, 0.100000
	pigment { color rgbt <1,0,0,0> }
	no_shadow
}
cylinder {
	<38.487492, 55.954277, 50.065319>,  <38.257835, 56.277611, 50.117397>, 0.100000
	pigment { color rgbt <1,0,0,0> }
	no_shadow
}

// particle -1
sphere {
	<38.487492, 55.954277, 50.065319> 0.100000
	pigment { color rgbt <1,0,0,0> }
	no_shadow
}
sphere {
	0, 1
	scale<0.080000,0.200000,0.300000>
	matrix <0.302799, 0.061888, 0.951043,
		-0.760707, -0.585455, 0.280296,
		0.574140, -0.808339, -0.130197,
		38.659733, 55.711777, 50.026260>
	pigment { color rgbt <0,1,1,0> }
	no_shadow
}
cylinder {
	<38.438534, 56.276962, 50.738285>,  <38.257835, 56.277611, 50.117397>, 0.130000
	pigment { color rgbt <1,0,0,0> }
	no_shadow
}

// nucleotide -1

// particle -1
sphere {
	<38.438534, 56.276962, 50.738285> 0.250000
	pigment { color rgbt <1,0,0,0> }
	no_shadow
}
cylinder {
	<38.692444, 56.035194, 50.545727>,  <38.844791, 55.890133, 50.430191>, 0.100000
	pigment { color rgbt <1,0,0,0> }
	no_shadow
}
cylinder {
	<38.692444, 56.035194, 50.545727>,  <38.438534, 56.276962, 50.738285>, 0.100000
	pigment { color rgbt <1,0,0,0> }
	no_shadow
}

// particle -1
sphere {
	<38.692444, 56.035194, 50.545727> 0.100000
	pigment { color rgbt <1,0,0,0> }
	no_shadow
}
sphere {
	0, 1
	scale<0.080000,0.200000,0.300000>
	matrix <0.627080, 0.038946, 0.777981,
		-0.451475, -0.795716, 0.403739,
		0.634776, -0.604416, -0.481395,
		38.882877, 55.853870, 50.401310>
	pigment { color rgbt <0,1,1,0> }
	no_shadow
}
cylinder {
	<38.717262, 55.857979, 51.209888>,  <38.438534, 56.276962, 50.738285>, 0.130000
	pigment { color rgbt <1,0,0,0> }
	no_shadow
}

// nucleotide -1

// particle -1
sphere {
	<38.717262, 55.857979, 51.209888> 0.250000
	pigment { color rgbt <1,0,0,0> }
	no_shadow
}
cylinder {
	<38.975739, 55.899502, 50.907455>,  <39.130825, 55.924416, 50.725998>, 0.100000
	pigment { color rgbt <1,0,0,0> }
	no_shadow
}
cylinder {
	<38.975739, 55.899502, 50.907455>,  <38.717262, 55.857979, 51.209888>, 0.100000
	pigment { color rgbt <1,0,0,0> }
	no_shadow
}

// particle -1
sphere {
	<38.975739, 55.899502, 50.907455> 0.100000
	pigment { color rgbt <1,0,0,0> }
	no_shadow
}
sphere {
	0, 1
	scale<0.080000,0.200000,0.300000>
	matrix <0.751471, 0.086271, 0.654101,
		0.133131, -0.990848, -0.022263,
		0.646195, 0.103811, -0.756079,
		39.169598, 55.930645, 50.680634>
	pigment { color rgbt <0,1,1,0> }
	no_shadow
}
cylinder {
	<39.309734, 55.410950, 51.273384>,  <38.717262, 55.857979, 51.209888>, 0.130000
	pigment { color rgbt <1,0,0,0> }
	no_shadow
}

// nucleotide -1

// particle -1
sphere {
	<39.309734, 55.410950, 51.273384> 0.250000
	pigment { color rgbt <1,0,0,0> }
	no_shadow
}
cylinder {
	<39.395058, 55.742645, 51.066750>,  <39.446251, 55.941662, 50.942768>, 0.100000
	pigment { color rgbt <1,0,0,0> }
	no_shadow
}
cylinder {
	<39.395058, 55.742645, 51.066750>,  <39.309734, 55.410950, 51.273384>, 0.100000
	pigment { color rgbt <1,0,0,0> }
	no_shadow
}

// particle -1
sphere {
	<39.395058, 55.742645, 51.066750> 0.100000
	pigment { color rgbt <1,0,0,0> }
	no_shadow
}
sphere {
	0, 1
	scale<0.080000,0.200000,0.300000>
	matrix <0.668839, 0.261481, 0.695904,
		0.712149, -0.493954, -0.498852,
		0.213305, 0.829239, -0.516589,
		39.459049, 55.991417, 50.911774>
	pigment { color rgbt <0,1,1,0> }
	no_shadow
}
cylinder {
	<40.130520, 55.546219, 51.016243>,  <39.309734, 55.410950, 51.273384>, 0.130000
	pigment { color rgbt <1,0,0,0> }
	no_shadow
}

// nucleotide -1

// particle -1
sphere {
	<40.130520, 55.546219, 51.016243> 0.250000
	pigment { color rgbt <1,0,0,0> }
	no_shadow
}
cylinder {
	<39.962631, 55.906712, 51.059345>,  <39.861900, 56.123009, 51.085205>, 0.100000
	pigment { color rgbt <1,0,0,0> }
	no_shadow
}
cylinder {
	<39.962631, 55.906712, 51.059345>,  <40.130520, 55.546219, 51.016243>, 0.100000
	pigment { color rgbt <1,0,0,0> }
	no_shadow
}

// particle -1
sphere {
	<39.962631, 55.906712, 51.059345> 0.100000
	pigment { color rgbt <1,0,0,0> }
	no_shadow
}
sphere {
	0, 1
	scale<0.080000,0.200000,0.300000>
	matrix <0.787690, 0.302682, 0.536589,
		0.450977, 0.310095, -0.836935,
		-0.419719, 0.901235, 0.107756,
		39.836716, 56.177082, 51.091671>
	pigment { color rgbt <0,1,1,0> }
	no_shadow
}
cylinder {
	<40.522282, 56.006630, 50.672550>,  <40.130520, 55.546219, 51.016243>, 0.130000
	pigment { color rgbt <1,0,0,0> }
	no_shadow
}

// nucleotide -1

// particle -1
sphere {
	<40.522282, 56.006630, 50.672550> 0.250000
	pigment { color rgbt <1,0,0,0> }
	no_shadow
}
cylinder {
	<40.325607, 56.222378, 50.945995>,  <40.207603, 56.351826, 51.110062>, 0.100000
	pigment { color rgbt <1,0,0,0> }
	no_shadow
}
cylinder {
	<40.325607, 56.222378, 50.945995>,  <40.522282, 56.006630, 50.672550>, 0.100000
	pigment { color rgbt <1,0,0,0> }
	no_shadow
}

// particle -1
sphere {
	<40.325607, 56.222378, 50.945995> 0.100000
	pigment { color rgbt <1,0,0,0> }
	no_shadow
}
sphere {
	0, 1
	scale<0.080000,0.200000,0.300000>
	matrix <0.865382, 0.215453, 0.452430,
		0.096738, 0.814042, -0.572693,
		-0.491686, 0.539365, 0.683615,
		40.178101, 56.384186, 51.151081>
	pigment { color rgbt <0,1,1,0> }
	no_shadow
}
cylinder {
	<40.776424, 56.677017, 50.622833>,  <40.522282, 56.006630, 50.672550>, 0.130000
	pigment { color rgbt <1,0,0,0> }
	no_shadow
}

// nucleotide -1

// particle -1
sphere {
	<40.776424, 56.677017, 50.622833> 0.250000
	pigment { color rgbt <1,0,0,0> }
	no_shadow
}
cylinder {
	<40.947006, 56.551662, 50.962227>,  <41.049355, 56.476448, 51.165863>, 0.100000
	pigment { color rgbt <1,0,0,0> }
	no_shadow
}
cylinder {
	<40.947006, 56.551662, 50.962227>,  <40.776424, 56.677017, 50.622833>, 0.100000
	pigment { color rgbt <1,0,0,0> }
	no_shadow
}

// particle -1
sphere {
	<40.947006, 56.551662, 50.962227> 0.100000
	pigment { color rgbt <1,0,0,0> }
	no_shadow
}
sphere {
	0, 1
	scale<0.080000,0.200000,0.300000>
	matrix <0.904509, 0.149046, -0.399560,
		-0.001244, 0.937855, 0.347026,
		0.426452, -0.313391, 0.848484,
		41.074944, 56.457645, 51.216770>
	pigment { color rgbt <0,1,1,0> }
	no_shadow
}
cylinder {
	<41.332638, 57.087555, 50.921722>,  <40.776424, 56.677017, 50.622833>, 0.130000
	pigment { color rgbt <1,0,0,0> }
	no_shadow
}

// nucleotide -1

// particle -1
sphere {
	<41.332638, 57.087555, 50.921722> 0.250000
	pigment { color rgbt <1,0,0,0> }
	no_shadow
}
cylinder {
	<41.451180, 56.738022, 51.075916>,  <41.522305, 56.528301, 51.168434>, 0.100000
	pigment { color rgbt <1,0,0,0> }
	no_shadow
}
cylinder {
	<41.451180, 56.738022, 51.075916>,  <41.332638, 57.087555, 50.921722>, 0.100000
	pigment { color rgbt <1,0,0,0> }
	no_shadow
}

// particle -1
sphere {
	<41.451180, 56.738022, 51.075916> 0.100000
	pigment { color rgbt <1,0,0,0> }
	no_shadow
}
sphere {
	0, 1
	scale<0.080000,0.200000,0.300000>
	matrix <0.931568, 0.175466, -0.318421,
		0.210605, 0.453471, 0.866031,
		0.296353, -0.873828, 0.385485,
		41.540085, 56.475872, 51.191563>
	pigment { color rgbt <0,1,1,0> }
	no_shadow
}
cylinder {
	<41.953888, 57.277504, 51.342827>,  <41.332638, 57.087555, 50.921722>, 0.130000
	pigment { color rgbt <1,0,0,0> }
	no_shadow
}

// nucleotide -1

// particle -1
sphere {
	<41.953888, 57.277504, 51.342827> 0.250000
	pigment { color rgbt <1,0,0,0> }
	no_shadow
}
cylinder {
	<41.946617, 56.896935, 51.219887>,  <41.942253, 56.668594, 51.146122>, 0.100000
	pigment { color rgbt <1,0,0,0> }
	no_shadow
}
cylinder {
	<41.946617, 56.896935, 51.219887>,  <41.953888, 57.277504, 51.342827>, 0.100000
	pigment { color rgbt <1,0,0,0> }
	no_shadow
}

// particle -1
sphere {
	<41.946617, 56.896935, 51.219887> 0.100000
	pigment { color rgbt <1,0,0,0> }
	no_shadow
}
sphere {
	0, 1
	scale<0.080000,0.200000,0.300000>
	matrix <0.855188, 0.144469, -0.497778,
		0.517999, -0.271893, 0.811018,
		-0.018176, -0.951422, -0.307354,
		41.941166, 56.611507, 51.127682>
	pigment { color rgbt <0,1,1,0> }
	no_shadow
}
cylinder {
	<42.507534, 56.789585, 51.376450>,  <41.953888, 57.277504, 51.342827>, 0.130000
	pigment { color rgbt <1,0,0,0> }
	no_shadow
}

// nucleotide -1

// particle -1
sphere {
	<42.507534, 56.789585, 51.376450> 0.250000
	pigment { color rgbt <1,0,0,0> }
	no_shadow
}
cylinder {
	<42.352543, 56.634090, 51.042088>,  <42.259548, 56.540794, 50.841469>, 0.100000
	pigment { color rgbt <1,0,0,0> }
	no_shadow
}
cylinder {
	<42.352543, 56.634090, 51.042088>,  <42.507534, 56.789585, 51.376450>, 0.100000
	pigment { color rgbt <1,0,0,0> }
	no_shadow
}

// particle -1
sphere {
	<42.352543, 56.634090, 51.042088> 0.100000
	pigment { color rgbt <1,0,0,0> }
	no_shadow
}
sphere {
	0, 1
	scale<0.080000,0.200000,0.300000>
	matrix <0.902649, 0.024246, -0.429695,
		0.187306, -0.921030, 0.341499,
		-0.387482, -0.388738, -0.835907,
		42.236298, 56.517467, 50.791317>
	pigment { color rgbt <0,1,1,0> }
	no_shadow
}
cylinder {
	<43.005096, 57.432480, 51.340298>,  <42.507534, 56.789585, 51.376450>, 0.130000
	pigment { color rgbt <1,0,0,0> }
	no_shadow
}

// nucleotide -1

// particle -1
sphere {
	<43.005096, 57.432480, 51.340298> 0.250000
	pigment { color rgbt <1,0,0,0> }
	no_shadow
}
cylinder {
	<43.010437, 57.254986, 50.981876>,  <43.013641, 57.148487, 50.766823>, 0.100000
	pigment { color rgbt <1,0,0,0> }
	no_shadow
}
cylinder {
	<43.010437, 57.254986, 50.981876>,  <43.005096, 57.432480, 51.340298>, 0.100000
	pigment { color rgbt <1,0,0,0> }
	no_shadow
}

// particle -1
sphere {
	<43.010437, 57.254986, 50.981876> 0.100000
	pigment { color rgbt <1,0,0,0> }
	no_shadow
}
sphere {
	0, 1
	scale<0.080000,0.200000,0.300000>
	matrix <0.991826, 0.119601, -0.044450,
		0.126894, -0.888140, 0.441708,
		0.013351, -0.443738, -0.896057,
		43.014442, 57.121864, 50.713058>
	pigment { color rgbt <0,1,1,0> }
	no_shadow
}
cylinder {
	<43.446342, 56.919117, 51.237064>,  <43.005096, 57.432480, 51.340298>, 0.130000
	pigment { color rgbt <1,0,0,0> }
	no_shadow
}

// nucleotide -1

// particle -1
sphere {
	<43.446342, 56.919117, 51.237064> 0.250000
	pigment { color rgbt <1,0,0,0> }
	no_shadow
}
cylinder {
	<43.492752, 57.068386, 50.868874>,  <43.520599, 57.157948, 50.647957>, 0.100000
	pigment { color rgbt <1,0,0,0> }
	no_shadow
}
cylinder {
	<43.492752, 57.068386, 50.868874>,  <43.446342, 56.919117, 51.237064>, 0.100000
	pigment { color rgbt <1,0,0,0> }
	no_shadow
}

// particle -1
sphere {
	<43.492752, 57.068386, 50.868874> 0.100000
	pigment { color rgbt <1,0,0,0> }
	no_shadow
}
sphere {
	0, 1
	scale<0.080000,0.200000,0.300000>
	matrix <0.948097, 0.234624, 0.214625,
		0.296058, -0.897605, -0.326581,
		0.116024, 0.373172, -0.920479,
		43.527561, 57.180336, 50.592731>
	pigment { color rgbt <0,1,1,0> }
	no_shadow
}
cylinder {
	<44.038780, 56.636505, 50.899345>,  <43.446342, 56.919117, 51.237064>, 0.130000
	pigment { color rgbt <1,0,0,0> }
	no_shadow
}

// nucleotide -1

// particle -1
sphere {
	<44.038780, 56.636505, 50.899345> 0.250000
	pigment { color rgbt <1,0,0,0> }
	no_shadow
}
cylinder {
	<43.990223, 56.957199, 50.665253>,  <43.961086, 57.149616, 50.524799>, 0.100000
	pigment { color rgbt <1,0,0,0> }
	no_shadow
}
cylinder {
	<43.990223, 56.957199, 50.665253>,  <44.038780, 56.636505, 50.899345>, 0.100000
	pigment { color rgbt <1,0,0,0> }
	no_shadow
}

// particle -1
sphere {
	<43.990223, 56.957199, 50.665253> 0.100000
	pigment { color rgbt <1,0,0,0> }
	no_shadow
}
sphere {
	0, 1
	scale<0.080000,0.200000,0.300000>
	matrix <0.989744, 0.142496, -0.010093,
		0.075300, -0.580451, -0.810806,
		-0.121395, 0.801731, -0.585228,
		43.953804, 57.197720, 50.489685>
	pigment { color rgbt <0,1,1,0> }
	no_shadow
}
cylinder {
	<44.491474, 56.565964, 50.387741>,  <44.038780, 56.636505, 50.899345>, 0.130000
	pigment { color rgbt <1,0,0,0> }
	no_shadow
}

// nucleotide -1

// particle -1
sphere {
	<44.491474, 56.565964, 50.387741> 0.250000
	pigment { color rgbt <1,0,0,0> }
	no_shadow
}
cylinder {
	<44.448093, 56.963493, 50.397072>,  <44.422066, 57.202011, 50.402668>, 0.100000
	pigment { color rgbt <1,0,0,0> }
	no_shadow
}
cylinder {
	<44.448093, 56.963493, 50.397072>,  <44.491474, 56.565964, 50.387741>, 0.100000
	pigment { color rgbt <1,0,0,0> }
	no_shadow
}

// particle -1
sphere {
	<44.448093, 56.963493, 50.397072> 0.100000
	pigment { color rgbt <1,0,0,0> }
	no_shadow
}
sphere {
	0, 1
	scale<0.080000,0.200000,0.300000>
	matrix <0.989920, 0.110117, -0.089071,
		-0.091089, 0.013428, -0.995752,
		-0.108453, 0.993828, 0.023323,
		44.415558, 57.261642, 50.404068>
	pigment { color rgbt <0,1,1,0> }
	no_shadow
}
cylinder {
	<44.809135, 56.826916, 49.711639>,  <44.491474, 56.565964, 50.387741>, 0.130000
	pigment { color rgbt <1,0,0,0> }
	no_shadow
}

// nucleotide -1

// particle -1
sphere {
	<44.809135, 56.826916, 49.711639> 0.250000
	pigment { color rgbt <1,0,0,0> }
	no_shadow
}
cylinder {
	<44.819073, 57.080673, 50.020683>,  <44.825035, 57.232929, 50.206108>, 0.100000
	pigment { color rgbt <1,0,0,0> }
	no_shadow
}
cylinder {
	<44.819073, 57.080673, 50.020683>,  <44.809135, 56.826916, 49.711639>, 0.100000
	pigment { color rgbt <1,0,0,0> }
	no_shadow
}

// particle -1
sphere {
	<44.819073, 57.080673, 50.020683> 0.100000
	pigment { color rgbt <1,0,0,0> }
	no_shadow
}
sphere {
	0, 1
	scale<0.080000,0.200000,0.300000>
	matrix <0.997844, 0.031224, -0.057730,
		-0.060748, 0.772376, -0.632255,
		0.024848, 0.634398, 0.772607,
		44.826527, 57.270992, 50.252464>
	pigment { color rgbt <0,1,1,0> }
	no_shadow
}
cylinder {
	<45.462822, 57.198761, 49.627441>,  <44.809135, 56.826916, 49.711639>, 0.130000
	pigment { color rgbt <1,0,0,0> }
	no_shadow
}

// nucleotide -1

// particle -1
sphere {
	<45.462822, 57.198761, 49.627441> 0.250000
	pigment { color rgbt <1,0,0,0> }
	no_shadow
}
cylinder {
	<45.357727, 57.241695, 50.010994>,  <45.294670, 57.267456, 50.241123>, 0.100000
	pigment { color rgbt <1,0,0,0> }
	no_shadow
}
cylinder {
	<45.357727, 57.241695, 50.010994>,  <45.462822, 57.198761, 49.627441>, 0.100000
	pigment { color rgbt <1,0,0,0> }
	no_shadow
}

// particle -1
sphere {
	<45.357727, 57.241695, 50.010994> 0.100000
	pigment { color rgbt <1,0,0,0> }
	no_shadow
}
sphere {
	0, 1
	scale<0.080000,0.200000,0.300000>
	matrix <0.950864, -0.139897, 0.276200,
		0.163791, 0.984331, -0.065309,
		-0.262735, 0.107339, 0.958879,
		45.278908, 57.273895, 50.298656>
	pigment { color rgbt <0,1,1,0> }
	no_shadow
}
cylinder {
	<45.875000, 57.677937, 49.999046>,  <45.462822, 57.198761, 49.627441>, 0.130000
	pigment { color rgbt <1,0,0,0> }
	no_shadow
}

// nucleotide -1

// particle -1
sphere {
	<45.875000, 57.677937, 49.999046> 0.250000
	pigment { color rgbt <1,0,0,0> }
	no_shadow
}
cylinder {
	<45.727859, 57.358589, 50.189743>,  <45.639576, 57.166981, 50.304161>, 0.100000
	pigment { color rgbt <1,0,0,0> }
	no_shadow
}
cylinder {
	<45.727859, 57.358589, 50.189743>,  <45.875000, 57.677937, 49.999046>, 0.100000
	pigment { color rgbt <1,0,0,0> }
	no_shadow
}

// particle -1
sphere {
	<45.727859, 57.358589, 50.189743> 0.100000
	pigment { color rgbt <1,0,0,0> }
	no_shadow
}
sphere {
	0, 1
	scale<0.080000,0.200000,0.300000>
	matrix <0.918203, -0.392869, 0.050567,
		0.146928, 0.456351, 0.877585,
		-0.367853, -0.798372, 0.476746,
		45.617504, 57.119076, 50.332767>
	pigment { color rgbt <0,1,1,0> }
	no_shadow
}
cylinder {
	<46.200672, 57.719700, 50.683327>,  <45.875000, 57.677937, 49.999046>, 0.130000
	pigment { color rgbt <1,0,0,0> }
	no_shadow
}

// nucleotide -1

// particle -1
sphere {
	<46.200672, 57.719700, 50.683327> 0.250000
	pigment { color rgbt <1,0,0,0> }
	no_shadow
}
cylinder {
	<46.090061, 57.368286, 50.527531>,  <46.023693, 57.157436, 50.434052>, 0.100000
	pigment { color rgbt <1,0,0,0> }
	no_shadow
}
cylinder {
	<46.090061, 57.368286, 50.527531>,  <46.200672, 57.719700, 50.683327>, 0.100000
	pigment { color rgbt <1,0,0,0> }
	no_shadow
}

// particle -1
sphere {
	<46.090061, 57.368286, 50.527531> 0.100000
	pigment { color rgbt <1,0,0,0> }
	no_shadow
}
sphere {
	0, 1
	scale<0.080000,0.200000,0.300000>
	matrix <0.927291, -0.350344, 0.131874,
		-0.252312, -0.324707, 0.911539,
		-0.276532, -0.878536, -0.389493,
		46.007103, 57.104725, 50.410683>
	pigment { color rgbt <0,1,1,0> }
	no_shadow
}
cylinder {
	<46.202145, 57.000202, 51.193714>,  <46.200672, 57.719700, 50.683327>, 0.130000
	pigment { color rgbt <1,0,0,0> }
	no_shadow
}

// nucleotide -1

// particle -1
sphere {
	<46.202145, 57.000202, 51.193714> 0.250000
	pigment { color rgbt <1,0,0,0> }
	no_shadow
}
cylinder {
	<46.276081, 56.935753, 50.805927>,  <46.320442, 56.897083, 50.573254>, 0.100000
	pigment { color rgbt <1,0,0,0> }
	no_shadow
}
cylinder {
	<46.276081, 56.935753, 50.805927>,  <46.202145, 57.000202, 51.193714>, 0.100000
	pigment { color rgbt <1,0,0,0> }
	no_shadow
}

// particle -1
sphere {
	<46.276081, 56.935753, 50.805927> 0.100000
	pigment { color rgbt <1,0,0,0> }
	no_shadow
}
sphere {
	0, 1
	scale<0.080000,0.200000,0.300000>
	matrix <0.875621, -0.420910, 0.236902,
		-0.446229, -0.892679, 0.063279,
		0.184843, -0.161121, -0.969471,
		46.331535, 56.887417, 50.515087>
	pigment { color rgbt <0,1,1,0> }
	no_shadow
}
cylinder {
	<46.928604, 57.132618, 50.958015>,  <46.202145, 57.000202, 51.193714>, 0.130000
	pigment { color rgbt <1,0,0,0> }
	no_shadow
}

// nucleotide -1

// particle -1
sphere {
	<46.928604, 57.132618, 50.958015> 0.250000
	pigment { color rgbt <1,0,0,0> }
	no_shadow
}
cylinder {
	<46.983547, 57.261795, 51.332573>,  <47.016514, 57.339302, 51.557308>, 0.100000
	pigment { color rgbt <1,0,0,0> }
	no_shadow
}
cylinder {
	<46.983547, 57.261795, 51.332573>,  <46.928604, 57.132618, 50.958015>, 0.100000
	pigment { color rgbt <1,0,0,0> }
	no_shadow
}

// particle -1
sphere {
	<46.983547, 57.261795, 51.332573> 0.100000
	pigment { color rgbt <1,0,0,0> }
	no_shadow
}
sphere {
	0, 1
	scale<0.080000,0.200000,0.300000>
	matrix <0.913072, 0.325179, -0.246086,
		-0.383968, 0.888800, -0.250207,
		0.137359, 0.322946, 0.936396,
		47.024754, 57.358681, 51.613491>
	pigment { color rgbt <0,1,1,0> }
	no_shadow
}
cylinder {
	<46.786491, 56.344288, 50.748535>,  <46.928604, 57.132618, 50.958015>, 0.130000
	pigment { color rgbt <1,0,0,0> }
	no_shadow
}

// nucleotide -1

// particle -1
sphere {
	<46.786491, 56.344288, 50.748535> 0.250000
	pigment { color rgbt <1,0,0,0> }
	no_shadow
}
cylinder {
	<46.596786, 55.997547, 50.810032>,  <46.482964, 55.789501, 50.846931>, 0.100000
	pigment { color rgbt <1,0,0,0> }
	no_shadow
}
cylinder {
	<46.596786, 55.997547, 50.810032>,  <46.786491, 56.344288, 50.748535>, 0.100000
	pigment { color rgbt <1,0,0,0> }
	no_shadow
}

// particle -1
sphere {
	<46.596786, 55.997547, 50.810032> 0.100000
	pigment { color rgbt <1,0,0,0> }
	no_shadow
}
sphere {
	0, 1
	scale<0.080000,0.200000,0.300000>
	matrix <0.728987, -0.288758, 0.620642,
		-0.493613, 0.406422, 0.768874,
		-0.474261, -0.866856, 0.153742,
		46.454510, 55.737492, 50.856155>
	pigment { color rgbt <0,1,1,0> }
	no_shadow
}
cylinder {
	<46.715866, 56.286835, 51.462654>,  <46.786491, 56.344288, 50.748535>, 0.130000
	pigment { color rgbt <1,0,0,0> }
	no_shadow
}

// nucleotide -1

// particle -1
sphere {
	<46.715866, 56.286835, 51.462654> 0.250000
	pigment { color rgbt <1,0,0,0> }
	no_shadow
}
cylinder {
	<46.731663, 55.924191, 51.294609>,  <46.741142, 55.706604, 51.193783>, 0.100000
	pigment { color rgbt <1,0,0,0> }
	no_shadow
}
cylinder {
	<46.731663, 55.924191, 51.294609>,  <46.715866, 56.286835, 51.462654>, 0.100000
	pigment { color rgbt <1,0,0,0> }
	no_shadow
}

// particle -1
sphere {
	<46.731663, 55.924191, 51.294609> 0.100000
	pigment { color rgbt <1,0,0,0> }
	no_shadow
}
sphere {
	0, 1
	scale<0.080000,0.200000,0.300000>
	matrix <0.680851, -0.283317, 0.675406,
		-0.731356, -0.312708, 0.606079,
		0.039492, -0.906612, -0.420113,
		46.743511, 55.652206, 51.168575>
	pigment { color rgbt <0,1,1,0> }
	no_shadow
}
cylinder {
	<46.610260, 55.874477, 51.986603>,  <46.715866, 56.286835, 51.462654>, 0.130000
	pigment { color rgbt <1,0,0,0> }
	no_shadow
}

// nucleotide -1

// particle -1
sphere {
	<46.610260, 55.874477, 51.986603> 0.250000
	pigment { color rgbt <1,0,0,0> }
	no_shadow
}
cylinder {
	<46.840893, 55.674236, 51.728317>,  <46.979271, 55.554092, 51.573345>, 0.100000
	pigment { color rgbt <1,0,0,0> }
	no_shadow
}
cylinder {
	<46.840893, 55.674236, 51.728317>,  <46.610260, 55.874477, 51.986603>, 0.100000
	pigment { color rgbt <1,0,0,0> }
	no_shadow
}

// particle -1
sphere {
	<46.840893, 55.674236, 51.728317> 0.100000
	pigment { color rgbt <1,0,0,0> }
	no_shadow
}
sphere {
	0, 1
	scale<0.080000,0.200000,0.300000>
	matrix <0.540384, -0.359115, 0.760935,
		-0.612811, -0.787677, 0.063456,
		0.576583, -0.500600, -0.645718,
		47.013866, 55.524055, 51.534603>
	pigment { color rgbt <0,1,1,0> }
	no_shadow
}
cylinder {
	<46.863441, 55.156128, 52.079514>,  <46.610260, 55.874477, 51.986603>, 0.130000
	pigment { color rgbt <1,0,0,0> }
	no_shadow
}

// nucleotide -1

// particle -1
sphere {
	<46.863441, 55.156128, 52.079514> 0.250000
	pigment { color rgbt <1,0,0,0> }
	no_shadow
}
cylinder {
	<47.175789, 55.296997, 51.873131>,  <47.363197, 55.381519, 51.749302>, 0.100000
	pigment { color rgbt <1,0,0,0> }
	no_shadow
}
cylinder {
	<47.175789, 55.296997, 51.873131>,  <46.863441, 55.156128, 52.079514>, 0.100000
	pigment { color rgbt <1,0,0,0> }
	no_shadow
}

// particle -1
sphere {
	<47.175789, 55.296997, 51.873131> 0.100000
	pigment { color rgbt <1,0,0,0> }
	no_shadow
}
sphere {
	0, 1
	scale<0.080000,0.200000,0.300000>
	matrix <0.610537, -0.255398, 0.749677,
		0.132243, -0.900413, -0.414449,
		0.780869, 0.352177, -0.515961,
		47.410049, 55.402649, 51.718342>
	pigment { color rgbt <0,1,1,0> }
	no_shadow
}
cylinder {
	<47.387024, 54.571712, 52.033783>,  <46.863441, 55.156128, 52.079514>, 0.130000
	pigment { color rgbt <1,0,0,0> }
	no_shadow
}

// nucleotide -1

// particle -1
sphere {
	<47.387024, 54.571712, 52.033783> 0.250000
	pigment { color rgbt <1,0,0,0> }
	no_shadow
}
cylinder {
	<47.553295, 54.935173, 52.049622>,  <47.653057, 55.153248, 52.059124>, 0.100000
	pigment { color rgbt <1,0,0,0> }
	no_shadow
}
cylinder {
	<47.553295, 54.935173, 52.049622>,  <47.387024, 54.571712, 52.033783>, 0.100000
	pigment { color rgbt <1,0,0,0> }
	no_shadow
}

// particle -1
sphere {
	<47.553295, 54.935173, 52.049622> 0.100000
	pigment { color rgbt <1,0,0,0> }
	no_shadow
}
sphere {
	0, 1
	scale<0.080000,0.200000,0.300000>
	matrix <0.397610, -0.220702, 0.890616,
		0.817996, -0.354467, -0.453029,
		0.415678, 0.908649, 0.039594,
		47.677998, 55.207767, 52.061501>
	pigment { color rgbt <0,1,1,0> }
	no_shadow
}
cylinder {
	<48.190395, 54.621872, 51.900925>,  <47.387024, 54.571712, 52.033783>, 0.130000
	pigment { color rgbt <1,0,0,0> }
	no_shadow
}

// nucleotide -1

// particle -1
sphere {
	<48.190395, 54.621872, 51.900925> 0.250000
	pigment { color rgbt <1,0,0,0> }
	no_shadow
}
cylinder {
	<48.010033, 54.858418, 52.168350>,  <47.901814, 55.000343, 52.328804>, 0.100000
	pigment { color rgbt <1,0,0,0> }
	no_shadow
}
cylinder {
	<48.010033, 54.858418, 52.168350>,  <48.190395, 54.621872, 51.900925>, 0.100000
	pigment { color rgbt <1,0,0,0> }
	no_shadow
}

// particle -1
sphere {
	<48.010033, 54.858418, 52.168350> 0.100000
	pigment { color rgbt <1,0,0,0> }
	no_shadow
}
sphere {
	0, 1
	scale<0.080000,0.200000,0.300000>
	matrix <0.365880, -0.560745, 0.742763,
		0.814134, 0.579530, 0.036475,
		-0.450907, 0.591363, 0.668560,
		47.874760, 55.035828, 52.368919>
	pigment { color rgbt <0,1,1,0> }
	no_shadow
}
cylinder {
	<48.810642, 54.869057, 52.411362>,  <48.190395, 54.621872, 51.900925>, 0.130000
	pigment { color rgbt <1,0,0,0> }
	no_shadow
}

// nucleotide -1

// particle -1
sphere {
	<48.810642, 54.869057, 52.411362> 0.250000
	pigment { color rgbt <1,0,0,0> }
	no_shadow
}
cylinder {
	<48.429825, 54.837780, 52.529686>,  <48.201336, 54.819016, 52.600681>, 0.100000
	pigment { color rgbt <1,0,0,0> }
	no_shadow
}
cylinder {
	<48.429825, 54.837780, 52.529686>,  <48.810642, 54.869057, 52.411362>, 0.100000
	pigment { color rgbt <1,0,0,0> }
	no_shadow
}

// particle -1
sphere {
	<48.429825, 54.837780, 52.529686> 0.100000
	pigment { color rgbt <1,0,0,0> }
	no_shadow
}
sphere {
	0, 1
	scale<0.080000,0.200000,0.300000>
	matrix <0.253287, -0.743777, 0.618580,
		0.171652, 0.663839, 0.727910,
		-0.952041, -0.078190, 0.295813,
		48.144211, 54.814323, 52.618431>
	pigment { color rgbt <0,1,1,0> }
	no_shadow
}
cylinder {
	<48.834641, 54.634945, 53.050697>,  <48.810642, 54.869057, 52.411362>, 0.130000
	pigment { color rgbt <1,0,0,0> }
	no_shadow
}

// nucleotide -1

// particle -1
sphere {
	<48.834641, 54.634945, 53.050697> 0.250000
	pigment { color rgbt <1,0,0,0> }
	no_shadow
}
cylinder {
	<48.447411, 54.540092, 53.018196>,  <48.215073, 54.483181, 52.998695>, 0.100000
	pigment { color rgbt <1,0,0,0> }
	no_shadow
}
cylinder {
	<48.447411, 54.540092, 53.018196>,  <48.834641, 54.634945, 53.050697>, 0.100000
	pigment { color rgbt <1,0,0,0> }
	no_shadow
}

// particle -1
sphere {
	<48.447411, 54.540092, 53.018196> 0.100000
	pigment { color rgbt <1,0,0,0> }
	no_shadow
}
sphere {
	0, 1
	scale<0.080000,0.200000,0.300000>
	matrix <0.133919, -0.763275, 0.632042,
		-0.211893, 0.600983, 0.770663,
		-0.968074, -0.237131, -0.081249,
		48.156990, 54.468952, 52.993820>
	pigment { color rgbt <0,1,1,0> }
	no_shadow
}
cylinder {
	<48.640427, 54.711159, 53.733418>,  <48.834641, 54.634945, 53.050697>, 0.130000
	pigment { color rgbt <1,0,0,0> }
	no_shadow
}

// nucleotide -1

// particle -1
sphere {
	<48.640427, 54.711159, 53.733418> 0.250000
	pigment { color rgbt <1,0,0,0> }
	no_shadow
}
cylinder {
	<48.414570, 54.457409, 53.522232>,  <48.279057, 54.305157, 53.395519>, 0.100000
	pigment { color rgbt <1,0,0,0> }
	no_shadow
}
cylinder {
	<48.414570, 54.457409, 53.522232>,  <48.640427, 54.711159, 53.733418>, 0.100000
	pigment { color rgbt <1,0,0,0> }
	no_shadow
}

// particle -1
sphere {
	<48.414570, 54.457409, 53.522232> 0.100000
	pigment { color rgbt <1,0,0,0> }
	no_shadow
}
sphere {
	0, 1
	scale<0.080000,0.200000,0.300000>
	matrix <0.066647, -0.672653, 0.736951,
		-0.822642, 0.380925, 0.422086,
		-0.564640, -0.634377, -0.527965,
		48.245178, 54.267097, 53.363842>
	pigment { color rgbt <0,1,1,0> }
	no_shadow
}
cylinder {
	<48.380989, 54.672073, 54.444164>,  <48.640427, 54.711159, 53.733418>, 0.130000
	pigment { color rgbt <1,0,0,0> }
	no_shadow
}

// nucleotide -1

// particle -1
sphere {
	<48.380989, 54.672073, 54.444164> 0.250000
	pigment { color rgbt <1,0,0,0> }
	no_shadow
}
cylinder {
	<48.493961, 55.029907, 54.305630>,  <48.561745, 55.244610, 54.222511>, 0.100000
	pigment { color rgbt <1,0,0,0> }
	no_shadow
}
cylinder {
	<48.493961, 55.029907, 54.305630>,  <48.380989, 54.672073, 54.444164>, 0.100000
	pigment { color rgbt <1,0,0,0> }
	no_shadow
}

// particle -1
sphere {
	<48.493961, 55.029907, 54.305630> 0.100000
	pigment { color rgbt <1,0,0,0> }
	no_shadow
}
sphere {
	0, 1
	scale<0.080000,0.200000,0.300000>
	matrix <0.351392, 0.239460, 0.905087,
		0.892613, -0.377322, -0.246720,
		0.282429, 0.894587, -0.346333,
		48.578690, 55.298283, 54.201729>
	pigment { color rgbt <0,1,1,0> }
	no_shadow
}
cylinder {
	<49.163891, 54.970177, 54.583164>,  <48.380989, 54.672073, 54.444164>, 0.130000
	pigment { color rgbt <1,0,0,0> }
	no_shadow
}

// nucleotide -1

// particle -1
sphere {
	<49.163891, 54.970177, 54.583164> 0.250000
	pigment { color rgbt <1,0,0,0> }
	no_shadow
}
cylinder {
	<48.973236, 55.318714, 54.536560>,  <48.858845, 55.527836, 54.508598>, 0.100000
	pigment { color rgbt <1,0,0,0> }
	no_shadow
}
cylinder {
	<48.973236, 55.318714, 54.536560>,  <49.163891, 54.970177, 54.583164>, 0.100000
	pigment { color rgbt <1,0,0,0> }
	no_shadow
}

// particle -1
sphere {
	<48.973236, 55.318714, 54.536560> 0.100000
	pigment { color rgbt <1,0,0,0> }
	no_shadow
}
sphere {
	0, 1
	scale<0.080000,0.200000,0.300000>
	matrix <0.531066, 0.391008, 0.751719,
		0.700565, 0.296420, -0.649110,
		-0.476632, 0.871348, -0.116508,
		48.830246, 55.580120, 54.501606>
	pigment { color rgbt <0,1,1,0> }
	no_shadow
}
cylinder {
	<49.608139, 55.480232, 54.617779>,  <49.163891, 54.970177, 54.583164>, 0.130000
	pigment { color rgbt <1,0,0,0> }
	no_shadow
}

// nucleotide -1

// particle -1
sphere {
	<49.608139, 55.480232, 54.617779> 0.250000
	pigment { color rgbt <1,0,0,0> }
	no_shadow
}
cylinder {
	<49.951561, 55.275146, 54.618908>,  <50.157616, 55.152096, 54.619587>, 0.100000
	pigment { color rgbt <1,0,0,0> }
	no_shadow
}
cylinder {
	<49.951561, 55.275146, 54.618908>,  <49.608139, 55.480232, 54.617779>, 0.100000
	pigment { color rgbt <1,0,0,0> }
	no_shadow
}

// particle -1
sphere {
	<49.951561, 55.275146, 54.618908> 0.100000
	pigment { color rgbt <1,0,0,0> }
	no_shadow
}
sphere {
	0, 1
	scale<0.080000,0.200000,0.300000>
	matrix <0.455476, 0.765214, 0.454962,
		-0.235427, -0.389322, 0.890507,
