// switches for output
#declare DRAW_BASES = 1; // possible values are 0, 1; only relevant for DNA ribbons
#declare DRAW_BASES_TYPE = 3; // possible values are 1, 2, 3; only relevant for DNA ribbons
#declare DRAW_FOG = 0; // set to 1 to enable fog

#include "colors.inc"

#include "transforms.inc"
background { rgb <1, 1, 1>}

#default {
   normal{
       ripples 0.25
       frequency 0.20
       turbulence 0.2
       lambda 5
   }
	finish {
		phong 0.1
		phong_size 40.
	}
}

// original window dimensions: 1024x640


// camera settings

camera {
	sky <-0, 1, 0>
	up <-0, 1, 0>
	right 1.6 * <0.99995, 0, 0.00999983>
	location <54.4867, 55, 106.329>
	look_at <55, 55, 55.0001>
	direction <0.513302, 0, -51.3289>
	angle 67.0682
}


# declare cpy_camera_pos = <54.4867, 55, 106.329>;
# if (DRAW_FOG = 1)
fog {
	fog_type 2
	up vnormalize(cpy_camera_pos)
	color rgbt<1,1,1,0.3>
	distance 1e-5
	fog_alt 3e-3
	fog_offset 88
}
# end


// LIGHTS

# declare lum = 6;
global_settings {
	ambient_light rgb lum * <0.05, 0.05, 0.05>
	max_trace_level 15
}# declare cpy_direct_light_amount = 0.25;
light_source
{	1000 * <-0.98995, -1, 1.00995>,
	rgb lum * cpy_direct_light_amount
	parallel
}

light_source
{	1000 * <0.98995, 1, -1.00995>,
	rgb lum * cpy_direct_light_amount
	parallel
}

// strand 0

// nucleotide -1

// particle -1
sphere {
	<36.471455, 53.433983, 50.208344> 0.250000
	pigment { color rgbt <1,0,0,0> }
	no_shadow
}
cylinder {
	<36.650833, 53.080482, 50.261833>,  <36.758461, 52.868382, 50.293926>, 0.100000
	pigment { color rgbt <1,0,0,0> }
	no_shadow
}
cylinder {
	<36.650833, 53.080482, 50.261833>,  <36.471455, 53.433983, 50.208344>, 0.100000
	pigment { color rgbt <1,0,0,0> }
	no_shadow
}

// particle -1
sphere {
	<36.650833, 53.080482, 50.261833> 0.100000
	pigment { color rgbt <1,0,0,0> }
	no_shadow
}
sphere {
	0, 1
	scale<0.080000,0.200000,0.300000>
	matrix <0.512290, 0.131537, -0.848680,
		0.732432, 0.449090, 0.511724,
		0.448444, -0.883751, 0.133722,
		36.785366, 52.815357, 50.301949>
	pigment { color rgbt <0,1,1,0> }
	no_shadow
}
cylinder {
	<37.232258, 53.375805, 50.125618>,  <36.471455, 53.433983, 50.208344>, 0.130000
	pigment { color rgbt <1,0,0,0> }
	no_shadow
}

// nucleotide -1

// particle -1
sphere {
	<37.232258, 53.375805, 50.125618> 0.250000
	pigment { color rgbt <1,0,0,0> }
	no_shadow
}
cylinder {
	<37.069401, 53.021126, 50.037971>,  <36.971687, 52.808319, 49.985382>, 0.100000
	pigment { color rgbt <1,0,0,0> }
	no_shadow
}
cylinder {
	<37.069401, 53.021126, 50.037971>,  <37.232258, 53.375805, 50.125618>, 0.100000
	pigment { color rgbt <1,0,0,0> }
	no_shadow
}

// particle -1
sphere {
	<37.069401, 53.021126, 50.037971> 0.100000
	pigment { color rgbt <1,0,0,0> }
	no_shadow
}
sphere {
	0, 1
	scale<0.080000,0.200000,0.300000>
	matrix <0.334365, 0.078555, -0.939164,
		0.849963, -0.455635, 0.264497,
		-0.407139, -0.886693, -0.219118,
		36.947258, 52.755119, 49.972237>
	pigment { color rgbt <0,1,1,0> }
	no_shadow
}
cylinder {
	<37.610954, 53.503918, 50.812374>,  <37.232258, 53.375805, 50.125618>, 0.130000
	pigment { color rgbt <1,0,0,0> }
	no_shadow
}

// nucleotide -1

// particle -1
sphere {
	<37.610954, 53.503918, 50.812374> 0.250000
	pigment { color rgbt <1,0,0,0> }
	no_shadow
}
cylinder {
	<37.964817, 53.318726, 50.834419>,  <38.177135, 53.207611, 50.847645>, 0.100000
	pigment { color rgbt <1,0,0,0> }
	no_shadow
}
cylinder {
	<37.964817, 53.318726, 50.834419>,  <37.610954, 53.503918, 50.812374>, 0.100000
	pigment { color rgbt <1,0,0,0> }
	no_shadow
}

// particle -1
sphere {
	<37.964817, 53.318726, 50.834419> 0.100000
	pigment { color rgbt <1,0,0,0> }
	no_shadow
}
sphere {
	0, 1
	scale<0.080000,0.200000,0.300000>
	matrix <0.449990, 0.878765, 0.159003,
		-0.122042, -0.115865, 0.985739,
		0.884655, -0.462977, 0.055109,
		38.230213, 53.179832, 50.850952>
	pigment { color rgbt <0,1,1,0> }
	no_shadow
}
cylinder {
	<37.995815, 53.754585, 51.348240>,  <37.610954, 53.503918, 50.812374>, 0.130000
	pigment { color rgbt <1,0,0,0> }
	no_shadow
}

// nucleotide -1

// particle -1
sphere {
	<37.995815, 53.754585, 51.348240> 0.250000
	pigment { color rgbt <1,0,0,0> }
	no_shadow
}
cylinder {
	<38.246700, 53.607601, 51.073555>,  <38.397232, 53.519413, 50.908745>, 0.100000
	pigment { color rgbt <1,0,0,0> }
	no_shadow
}
cylinder {
	<38.246700, 53.607601, 51.073555>,  <37.995815, 53.754585, 51.348240>, 0.100000
	pigment { color rgbt <1,0,0,0> }
	no_shadow
}

// particle -1
sphere {
	<38.246700, 53.607601, 51.073555> 0.100000
	pigment { color rgbt <1,0,0,0> }
	no_shadow
}
sphere {
	0, 1
	scale<0.080000,0.200000,0.300000>
	matrix <0.582849, 0.806292, 0.100903,
		0.516616, -0.463539, 0.719889,
		0.627212, -0.367458, -0.686716,
		38.434864, 53.497364, 50.867538>
	pigment { color rgbt <0,1,1,0> }
	no_shadow
}
cylinder {
	<38.313057, 53.472713, 51.791901>,  <37.995815, 53.754585, 51.348240>, 0.130000
	pigment { color rgbt <1,0,0,0> }
	no_shadow
}

// nucleotide -1

// particle -1
sphere {
	<38.313057, 53.472713, 51.791901> 0.250000
	pigment { color rgbt <1,0,0,0> }
	no_shadow
}
cylinder {
	<38.389366, 53.863873, 51.757679>,  <38.435150, 54.098568, 51.737144>, 0.100000
	pigment { color rgbt <1,0,0,0> }
	no_shadow
}
cylinder {
	<38.389366, 53.863873, 51.757679>,  <38.313057, 53.472713, 51.791901>, 0.100000
	pigment { color rgbt <1,0,0,0> }
	no_shadow
}

// particle -1
sphere {
	<38.389366, 53.863873, 51.757679> 0.100000
	pigment { color rgbt <1,0,0,0> }
	no_shadow
}
sphere {
	0, 1
	scale<0.080000,0.200000,0.300000>
	matrix <0.901727, -0.140129, 0.408965,
		0.387937, -0.155167, -0.908531,
		0.190769, 0.977899, -0.085557,
		38.446598, 54.157242, 51.732010>
	pigment { color rgbt <0,1,1,0> }
	no_shadow
}
cylinder {
	<39.005924, 53.550774, 51.456951>,  <38.313057, 53.472713, 51.791901>, 0.130000
	pigment { color rgbt <1,0,0,0> }
	no_shadow
}

// nucleotide -1

// particle -1
sphere {
	<39.005924, 53.550774, 51.456951> 0.250000
	pigment { color rgbt <1,0,0,0> }
	no_shadow
}
cylinder {
	<38.923817, 53.862923, 51.693214>,  <38.874554, 54.050213, 51.834972>, 0.100000
	pigment { color rgbt <1,0,0,0> }
	no_shadow
}
cylinder {
	<38.923817, 53.862923, 51.693214>,  <39.005924, 53.550774, 51.456951>, 0.100000
	pigment { color rgbt <1,0,0,0> }
	no_shadow
}

// particle -1
sphere {
	<38.923817, 53.862923, 51.693214> 0.100000
	pigment { color rgbt <1,0,0,0> }
	no_shadow
}
sphere {
	0, 1
	scale<0.080000,0.200000,0.300000>
	matrix <0.970750, 0.085544, 0.224336,
		0.124538, 0.619435, -0.775107,
		-0.205267, 0.780374, 0.590663,
		38.862236, 54.097034, 51.870415>
	pigment { color rgbt <0,1,1,0> }
	no_shadow
}
cylinder {
	<39.531471, 54.014713, 51.251194>,  <39.005924, 53.550774, 51.456951>, 0.130000
	pigment { color rgbt <1,0,0,0> }
	no_shadow
}

// nucleotide -1

// particle -1
sphere {
	<39.531471, 54.014713, 51.251194> 0.250000
	pigment { color rgbt <1,0,0,0> }
	no_shadow
}
cylinder {
	<39.397507, 54.077553, 51.622818>,  <39.317127, 54.115257, 51.845791>, 0.100000
	pigment { color rgbt <1,0,0,0> }
	no_shadow
}
cylinder {
	<39.397507, 54.077553, 51.622818>,  <39.531471, 54.014713, 51.251194>, 0.100000
	pigment { color rgbt <1,0,0,0> }
	no_shadow
}

// particle -1
sphere {
	<39.397507, 54.077553, 51.622818> 0.100000
	pigment { color rgbt <1,0,0,0> }
	no_shadow
}
sphere {
	0, 1
	scale<0.080000,0.200000,0.300000>
	matrix <0.941405, 0.097505, 0.322876,
		-0.039864, 0.982757, -0.180552,
		-0.334914, 0.157101, 0.929060,
		39.297031, 54.124683, 51.901535>
	pigment { color rgbt <0,1,1,0> }
	no_shadow
}
cylinder {
	<39.816898, 54.621101, 51.483379>,  <39.531471, 54.014713, 51.251194>, 0.130000
	pigment { color rgbt <1,0,0,0> }
	no_shadow
}

// nucleotide -1

// particle -1
sphere {
	<39.816898, 54.621101, 51.483379> 0.250000
	pigment { color rgbt <1,0,0,0> }
	no_shadow
}
cylinder {
	<39.743755, 54.392879, 51.803635>,  <39.699867, 54.255947, 51.995789>, 0.100000
	pigment { color rgbt <1,0,0,0> }
	no_shadow
}
cylinder {
	<39.743755, 54.392879, 51.803635>,  <39.816898, 54.621101, 51.483379>, 0.100000
	pigment { color rgbt <1,0,0,0> }
	no_shadow
}

// particle -1
sphere {
	<39.743755, 54.392879, 51.803635> 0.100000
	pigment { color rgbt <1,0,0,0> }
	no_shadow
}
sphere {
	0, 1
	scale<0.080000,0.200000,0.300000>
	matrix <0.970433, 0.025753, 0.239994,
		-0.157549, 0.820853, 0.548980,
		-0.182862, -0.570559, 0.800640,
		39.688896, 54.221710, 52.043827>
	pigment { color rgbt <0,1,1,0> }
	no_shadow
}
cylinder {
	<40.053795, 54.939434, 52.153942>,  <39.816898, 54.621101, 51.483379>, 0.130000
	pigment { color rgbt <1,0,0,0> }
	no_shadow
}

// nucleotide -1

// particle -1
sphere {
	<40.053795, 54.939434, 52.153942> 0.250000
	pigment { color rgbt <1,0,0,0> }
	no_shadow
}
cylinder {
	<40.078617, 54.540695, 52.134186>,  <40.093510, 54.301453, 52.122334>, 0.100000
	pigment { color rgbt <1,0,0,0> }
	no_shadow
}
cylinder {
	<40.078617, 54.540695, 52.134186>,  <40.053795, 54.939434, 52.153942>, 0.100000
	pigment { color rgbt <1,0,0,0> }
	no_shadow
}

// particle -1
sphere {
	<40.078617, 54.540695, 52.134186> 0.100000
	pigment { color rgbt <1,0,0,0> }
	no_shadow
}
sphere {
	0, 1
	scale<0.080000,0.200000,0.300000>
	matrix <0.966942, 0.047787, 0.250479,
		-0.247330, -0.063298, 0.966861,
		0.062058, -0.996850, -0.049387,
		40.097233, 54.241642, 52.119370>
	pigment { color rgbt <0,1,1,0> }
	no_shadow
}
cylinder {
	<40.668236, 54.830616, 52.362991>,  <40.053795, 54.939434, 52.153942>, 0.130000
	pigment { color rgbt <1,0,0,0> }
	no_shadow
}

// nucleotide -1

// particle -1
sphere {
	<40.668236, 54.830616, 52.362991> 0.250000
	pigment { color rgbt <1,0,0,0> }
	no_shadow
}
cylinder {
	<40.580006, 54.450768, 52.273937>,  <40.527069, 54.222858, 52.220505>, 0.100000
	pigment { color rgbt <1,0,0,0> }
	no_shadow
}
cylinder {
	<40.580006, 54.450768, 52.273937>,  <40.668236, 54.830616, 52.362991>, 0.100000
	pigment { color rgbt <1,0,0,0> }
	no_shadow
}

// particle -1
sphere {
	<40.580006, 54.450768, 52.273937> 0.100000
	pigment { color rgbt <1,0,0,0> }
	no_shadow
}
sphere {
	0, 1
	scale<0.080000,0.200000,0.300000>
	matrix <0.925776, -0.275693, 0.258712,
		-0.307058, -0.149046, 0.939947,
		-0.220577, -0.949620, -0.222637,
		40.513832, 54.165882, 52.207146>
	pigment { color rgbt <0,1,1,0> }
	no_shadow
}
cylinder {
	<40.606449, 54.430740, 52.989941>,  <40.668236, 54.830616, 52.362991>, 0.130000
	pigment { color rgbt <1,0,0,0> }
	no_shadow
}

// nucleotide -1

// particle -1
sphere {
	<40.606449, 54.430740, 52.989941> 0.250000
	pigment { color rgbt <1,0,0,0> }
	no_shadow
}
cylinder {
	<40.787209, 54.264542, 52.674179>,  <40.895664, 54.164822, 52.484722>, 0.100000
	pigment { color rgbt <1,0,0,0> }
	no_shadow
}
cylinder {
	<40.787209, 54.264542, 52.674179>,  <40.606449, 54.430740, 52.989941>, 0.100000
	pigment { color rgbt <1,0,0,0> }
	no_shadow
}

// particle -1
sphere {
	<40.787209, 54.264542, 52.674179> 0.100000
	pigment { color rgbt <1,0,0,0> }
	no_shadow
}
sphere {
	0, 1
	scale<0.080000,0.200000,0.300000>
	matrix <0.864322, -0.015056, 0.502713,
		-0.220759, -0.909472, 0.352316,
		0.451899, -0.415493, -0.789400,
		40.922779, 54.139893, 52.437359>
	pigment { color rgbt <0,1,1,0> }
	no_shadow
}
cylinder {
	<40.979275, 53.861904, 53.345818>,  <40.606449, 54.430740, 52.989941>, 0.130000
	pigment { color rgbt <1,0,0,0> }
	no_shadow
}

// nucleotide -1

// particle -1
sphere {
	<40.979275, 53.861904, 53.345818> 0.250000
	pigment { color rgbt <1,0,0,0> }
	no_shadow
}
cylinder {
	<41.154408, 54.004364, 53.015617>,  <41.259487, 54.089840, 52.817497>, 0.100000
	pigment { color rgbt <1,0,0,0> }
	no_shadow
}
cylinder {
	<41.154408, 54.004364, 53.015617>,  <40.979275, 53.861904, 53.345818>, 0.100000
	pigment { color rgbt <1,0,0,0> }
	no_shadow
}

// particle -1
sphere {
	<41.154408, 54.004364, 53.015617> 0.100000
	pigment { color rgbt <1,0,0,0> }
	no_shadow
}
sphere {
	0, 1
	scale<0.080000,0.200000,0.300000>
	matrix <0.850842, 0.132506, 0.508439,
		0.290465, -0.924986, -0.245013,
		0.437834, 0.356151, -0.825505,
		41.285759, 54.111210, 52.767967>
	pigment { color rgbt <0,1,1,0> }
	no_shadow
}
cylinder {
	<41.497513, 53.416855, 53.236450>,  <40.979275, 53.861904, 53.345818>, 0.130000
	pigment { color rgbt <1,0,0,0> }
	no_shadow
}

// nucleotide -1

// particle -1
sphere {
	<41.497513, 53.416855, 53.236450> 0.250000
	pigment { color rgbt <1,0,0,0> }
	no_shadow
}
cylinder {
	<41.543900, 53.790989, 53.102760>,  <41.571732, 54.015469, 53.022545>, 0.100000
	pigment { color rgbt <1,0,0,0> }
	no_shadow
}
cylinder {
	<41.543900, 53.790989, 53.102760>,  <41.497513, 53.416855, 53.236450>, 0.100000
	pigment { color rgbt <1,0,0,0> }
	no_shadow
}

// particle -1
sphere {
	<41.543900, 53.790989, 53.102760> 0.100000
	pigment { color rgbt <1,0,0,0> }
	no_shadow
}
sphere {
	0, 1
	scale<0.080000,0.200000,0.300000>
	matrix <0.791207, 0.116434, 0.600362,
		0.600453, -0.334062, -0.726539,
		0.115965, 0.935332, -0.334226,
		41.578690, 54.071587, 53.002491>
	pigment { color rgbt <0,1,1,0> }
	no_shadow
}
cylinder {
	<42.091988, 53.621040, 52.822151>,  <41.497513, 53.416855, 53.236450>, 0.130000
	pigment { color rgbt <1,0,0,0> }
	no_shadow
}

// nucleotide -1

// particle -1
sphere {
	<42.091988, 53.621040, 52.822151> 0.250000
	pigment { color rgbt <1,0,0,0> }
	no_shadow
}
cylinder {
	<41.954597, 53.901695, 53.071865>,  <41.872162, 54.070087, 53.221691>, 0.100000
	pigment { color rgbt <1,0,0,0> }
	no_shadow
}
cylinder {
	<41.954597, 53.901695, 53.071865>,  <42.091988, 53.621040, 52.822151>, 0.100000
	pigment { color rgbt <1,0,0,0> }
	no_shadow
}

// particle -1
sphere {
	<41.954597, 53.901695, 53.071865> 0.100000
	pigment { color rgbt <1,0,0,0> }
	no_shadow
}
sphere {
	0, 1
	scale<0.080000,0.200000,0.300000>
	matrix <0.838920, -0.069590, 0.539787,
		0.422179, 0.709128, -0.564715,
		-0.343480, 0.701637, 0.624281,
		41.851555, 54.112186, 53.259148>
	pigment { color rgbt <0,1,1,0> }
	no_shadow
}
cylinder {
	<42.666046, 54.118286, 52.979195>,  <42.091988, 53.621040, 52.822151>, 0.130000
	pigment { color rgbt <1,0,0,0> }
	no_shadow
}

// nucleotide -1

// particle -1
sphere {
	<42.666046, 54.118286, 52.979195> 0.250000
	pigment { color rgbt <1,0,0,0> }
	no_shadow
}
cylinder {
	<42.403214, 54.151855, 53.278847>,  <42.245514, 54.171997, 53.458637>, 0.100000
	pigment { color rgbt <1,0,0,0> }
	no_shadow
}
cylinder {
	<42.403214, 54.151855, 53.278847>,  <42.666046, 54.118286, 52.979195>, 0.100000
	pigment { color rgbt <1,0,0,0> }
	no_shadow
}

// particle -1
sphere {
	<42.403214, 54.151855, 53.278847> 0.100000
	pigment { color rgbt <1,0,0,0> }
	no_shadow
}
sphere {
	0, 1
	scale<0.080000,0.200000,0.300000>
	matrix <0.751455, 0.151537, 0.642146,
		-0.059627, 0.984882, -0.162640,
		-0.657084, 0.083927, 0.749131,
		42.206089, 54.177032, 53.503586>
	pigment { color rgbt <0,1,1,0> }
	no_shadow
}
cylinder {
	<42.705860, 54.787209, 53.442398>,  <42.666046, 54.118286, 52.979195>, 0.130000
	pigment { color rgbt <1,0,0,0> }
	no_shadow
}

// nucleotide -1

// particle -1
sphere {
	<42.705860, 54.787209, 53.442398> 0.250000
	pigment { color rgbt <1,0,0,0> }
	no_shadow
}
cylinder {
	<42.576447, 54.472408, 53.652527>,  <42.498798, 54.283527, 53.778603>, 0.100000
	pigment { color rgbt <1,0,0,0> }
	no_shadow
}
cylinder {
	<42.576447, 54.472408, 53.652527>,  <42.705860, 54.787209, 53.442398>, 0.100000
	pigment { color rgbt <1,0,0,0> }
	no_shadow
}

// particle -1
sphere {
	<42.576447, 54.472408, 53.652527> 0.100000
	pigment { color rgbt <1,0,0,0> }
	no_shadow
}
sphere {
	0, 1
	scale<0.080000,0.200000,0.300000>
	matrix <0.799814, 0.069196, 0.596247,
		-0.505595, 0.613062, 0.607065,
		-0.323530, -0.786999, 0.525320,
		42.479389, 54.236309, 53.810123>
	pigment { color rgbt <0,1,1,0> }
	no_shadow
}
cylinder {
	<42.913197, 54.598240, 54.093636>,  <42.705860, 54.787209, 53.442398>, 0.130000
	pigment { color rgbt <1,0,0,0> }
	no_shadow
}

// nucleotide -1

// particle -1
sphere {
	<42.913197, 54.598240, 54.093636> 0.250000
	pigment { color rgbt <1,0,0,0> }
	no_shadow
}
cylinder {
	<42.869022, 54.200687, 54.093544>,  <42.842518, 53.962154, 54.093491>, 0.100000
	pigment { color rgbt <1,0,0,0> }
	no_shadow
}
cylinder {
	<42.869022, 54.200687, 54.093544>,  <42.913197, 54.598240, 54.093636>, 0.100000
	pigment { color rgbt <1,0,0,0> }
	no_shadow
}

// particle -1
sphere {
	<42.869022, 54.200687, 54.093544> 0.100000
	pigment { color rgbt <1,0,0,0> }
	no_shadow
}
sphere {
	0, 1
	scale<0.080000,0.200000,0.300000>
	matrix <0.949669, -0.105586, 0.294924,
		-0.293144, 0.032352, 0.955521,
		-0.110432, -0.993884, -0.000228,
		42.835892, 53.902523, 54.093475>
	pigment { color rgbt <0,1,1,0> }
	no_shadow
}
cylinder {
	<43.111454, 54.335274, 54.713688>,  <42.913197, 54.598240, 54.093636>, 0.130000
	pigment { color rgbt <1,0,0,0> }
	no_shadow
}

// nucleotide -1

// particle -1
sphere {
	<43.111454, 54.335274, 54.713688> 0.250000
	pigment { color rgbt <1,0,0,0> }
	no_shadow
}
cylinder {
	<43.195950, 54.063797, 54.432335>,  <43.246647, 53.900909, 54.263523>, 0.100000
	pigment { color rgbt <1,0,0,0> }
	no_shadow
}
cylinder {
	<43.195950, 54.063797, 54.432335>,  <43.111454, 54.335274, 54.713688>, 0.100000
	pigment { color rgbt <1,0,0,0> }
	no_shadow
}

// particle -1
sphere {
	<43.195950, 54.063797, 54.432335> 0.100000
	pigment { color rgbt <1,0,0,0> }
	no_shadow
}
sphere {
	0, 1
	scale<0.080000,0.200000,0.300000>
	matrix <0.887417, -0.168479, 0.429075,
		-0.409717, -0.714834, 0.566696,
		0.211241, -0.678695, -0.703385,
		43.259323, 53.860188, 54.221321>
	pigment { color rgbt <0,1,1,0> }
	no_shadow
}
cylinder {
	<43.624413, 53.810249, 54.728836>,  <43.111454, 54.335274, 54.713688>, 0.130000
	pigment { color rgbt <1,0,0,0> }
	no_shadow
}

// nucleotide -1

// particle -1
sphere {
	<43.624413, 53.810249, 54.728836> 0.250000
	pigment { color rgbt <1,0,0,0> }
	no_shadow
}
cylinder {
	<43.408138, 53.608757, 54.998329>,  <43.278374, 53.487862, 55.160027>, 0.100000
	pigment { color rgbt <1,0,0,0> }
	no_shadow
}
cylinder {
	<43.408138, 53.608757, 54.998329>,  <43.624413, 53.810249, 54.728836>, 0.100000
	pigment { color rgbt <1,0,0,0> }
	no_shadow
}

// particle -1
sphere {
	<43.408138, 53.608757, 54.998329> 0.100000
	pigment { color rgbt <1,0,0,0> }
	no_shadow
}
sphere {
	0, 1
	scale<0.080000,0.200000,0.300000>
	matrix <-0.658841, 0.751550, 0.033174,
		-0.523057, -0.425948, -0.738227,
		-0.540685, -0.503727, 0.673736,
		43.245934, 53.457638, 55.200451>
	pigment { color rgbt <0,1,1,0> }
	no_shadow
}
cylinder {
	<44.264584, 53.884357, 54.300930>,  <43.624413, 53.810249, 54.728836>, 0.130000
	pigment { color rgbt <1,0,0,0> }
	no_shadow
}

// nucleotide -1

// particle -1
sphere {
	<44.264584, 53.884357, 54.300930> 0.250000
	pigment { color rgbt <1,0,0,0> }
	no_shadow
}
cylinder {
	<44.450050, 53.533585, 54.250332>,  <44.561333, 53.323120, 54.219971>, 0.100000
	pigment { color rgbt <1,0,0,0> }
	no_shadow
}
cylinder {
	<44.450050, 53.533585, 54.250332>,  <44.264584, 53.884357, 54.300930>, 0.100000
	pigment { color rgbt <1,0,0,0> }
	no_shadow
}

// particle -1
sphere {
	<44.450050, 53.533585, 54.250332> 0.100000
	pigment { color rgbt <1,0,0,0> }
	no_shadow
}
sphere {
	0, 1
	scale<0.080000,0.200000,0.300000>
	matrix <-0.885945, -0.460592, -0.054377,
		-0.010579, 0.137283, -0.990475,
		0.463670, -0.876931, -0.126497,
		44.589149, 53.270504, 54.212383>
	pigment { color rgbt <0,1,1,0> }
	no_shadow
}
cylinder {
	<44.986820, 54.040653, 54.237949>,  <44.264584, 53.884357, 54.300930>, 0.130000
	pigment { color rgbt <1,0,0,0> }
	no_shadow
}

// nucleotide -1

// particle -1
sphere {
	<44.986820, 54.040653, 54.237949> 0.250000
	pigment { color rgbt <1,0,0,0> }
	no_shadow
}
cylinder {
	<44.920483, 54.111900, 54.625923>,  <44.880680, 54.154648, 54.858707>, 0.100000
	pigment { color rgbt <1,0,0,0> }
	no_shadow
}
cylinder {
	<44.920483, 54.111900, 54.625923>,  <44.986820, 54.040653, 54.237949>, 0.100000
	pigment { color rgbt <1,0,0,0> }
	no_shadow
}

// particle -1
sphere {
	<44.920483, 54.111900, 54.625923> 0.100000
	pigment { color rgbt <1,0,0,0> }
	no_shadow
}
sphere {
	0, 1
	scale<0.080000,0.200000,0.300000>
	matrix <0.948359, -0.240873, 0.206388,
		0.270393, 0.954072, -0.128976,
		-0.165842, 0.178122, 0.969933,
		44.870731, 54.165337, 54.916904>
	pigment { color rgbt <0,1,1,0> }
	no_shadow
}
cylinder {
	<45.314678, 54.720043, 54.538609>,  <44.986820, 54.040653, 54.237949>, 0.130000
	pigment { color rgbt <1,0,0,0> }
	no_shadow
}

// nucleotide -1

// particle -1
sphere {
	<45.314678, 54.720043, 54.538609> 0.250000
	pigment { color rgbt <1,0,0,0> }
	no_shadow
}
cylinder {
	<45.274483, 54.415787, 54.795147>,  <45.250366, 54.233234, 54.949070>, 0.100000
	pigment { color rgbt <1,0,0,0> }
	no_shadow
}
cylinder {
	<45.274483, 54.415787, 54.795147>,  <45.314678, 54.720043, 54.538609>, 0.100000
	pigment { color rgbt <1,0,0,0> }
	no_shadow
}

// particle -1
sphere {
	<45.274483, 54.415787, 54.795147> 0.100000
	pigment { color rgbt <1,0,0,0> }
	no_shadow
}
sphere {
	0, 1
	scale<0.080000,0.200000,0.300000>
	matrix <0.986246, -0.161177, -0.036626,
		0.131230, 0.628849, 0.766373,
		-0.100489, -0.760639, 0.641351,
		45.244335, 54.187595, 54.987553>
	pigment { color rgbt <0,1,1,0> }
	no_shadow
}
cylinder {
	<45.798973, 54.787140, 55.132114>,  <45.314678, 54.720043, 54.538609>, 0.130000
	pigment { color rgbt <1,0,0,0> }
	no_shadow
}

// nucleotide -1

// particle -1
sphere {
	<45.798973, 54.787140, 55.132114> 0.250000
	pigment { color rgbt <1,0,0,0> }
	no_shadow
}
cylinder {
	<45.701416, 54.406609, 55.056755>,  <45.642883, 54.178291, 55.011539>, 0.100000
	pigment { color rgbt <1,0,0,0> }
	no_shadow
}
cylinder {
	<45.701416, 54.406609, 55.056755>,  <45.798973, 54.787140, 55.132114>, 0.100000
	pigment { color rgbt <1,0,0,0> }
	no_shadow
}

// particle -1
sphere {
	<45.701416, 54.406609, 55.056755> 0.100000
	pigment { color rgbt <1,0,0,0> }
	no_shadow
}
sphere {
	0, 1
	scale<0.080000,0.200000,0.300000>
	matrix <0.964899, -0.218525, -0.145661,
		0.097401, -0.217311, 0.971231,
		-0.243892, -0.951327, -0.188398,
		45.628250, 54.121212, 55.000237>
	pigment { color rgbt <0,1,1,0> }
	no_shadow
}
cylinder {
	<46.252346, 54.586594, 55.534809>,  <45.798973, 54.787140, 55.132114>, 0.130000
	pigment { color rgbt <1,0,0,0> }
	no_shadow
}

// nucleotide -1

// particle -1
sphere {
	<46.252346, 54.586594, 55.534809> 0.250000
	pigment { color rgbt <1,0,0,0> }
	no_shadow
}
cylinder {
	<46.134243, 54.295406, 55.287300>,  <46.063381, 54.120693, 55.138794>, 0.100000
	pigment { color rgbt <1,0,0,0> }
	no_shadow
}
cylinder {
	<46.134243, 54.295406, 55.287300>,  <46.252346, 54.586594, 55.534809>, 0.100000
	pigment { color rgbt <1,0,0,0> }
	no_shadow
}

// particle -1
sphere {
	<46.134243, 54.295406, 55.287300> 0.100000
	pigment { color rgbt <1,0,0,0> }
	no_shadow
}
sphere {
	0, 1
	scale<0.080000,0.200000,0.300000>
	matrix <0.953107, -0.269432, -0.137813,
		-0.066394, -0.630450, 0.773385,
		-0.295259, -0.727969, -0.618776,
		46.045666, 54.077015, 55.101665>
	pigment { color rgbt <0,1,1,0> }
	no_shadow
}
cylinder {
	<46.418213, 53.994595, 55.866661>,  <46.252346, 54.586594, 55.534809>, 0.130000
	pigment { color rgbt <1,0,0,0> }
	no_shadow
}

// nucleotide -1

// particle -1
sphere {
	<46.418213, 53.994595, 55.866661> 0.250000
	pigment { color rgbt <1,0,0,0> }
	no_shadow
}
cylinder {
	<46.425259, 53.996559, 55.466728>,  <46.429485, 53.997738, 55.226768>, 0.100000
	pigment { color rgbt <1,0,0,0> }
	no_shadow
}
cylinder {
	<46.425259, 53.996559, 55.466728>,  <46.418213, 53.994595, 55.866661>, 0.100000
	pigment { color rgbt <1,0,0,0> }
	no_shadow
}

// particle -1
sphere {
	<46.425259, 53.996559, 55.466728> 0.100000
	pigment { color rgbt <1,0,0,0> }
	no_shadow
}
sphere {
	0, 1
	scale<0.080000,0.200000,0.300000>
	matrix <0.985151, -0.170896, 0.016514,
		-0.170786, -0.985277, -0.007853,
		0.017612, 0.004916, -0.999833,
		46.430542, 53.998035, 55.166779>
	pigment { color rgbt <0,1,1,0> }
	no_shadow
}
cylinder {
	<46.676090, 53.299057, 55.597874>,  <46.418213, 53.994595, 55.866661>, 0.130000
	pigment { color rgbt <1,0,0,0> }
	no_shadow
}

// nucleotide -1

// particle -1
sphere {
	<46.676090, 53.299057, 55.597874> 0.250000
	pigment { color rgbt <1,0,0,0> }
	no_shadow
}
cylinder {
	<46.763969, 53.623951, 55.381721>,  <46.816696, 53.818886, 55.252029>, 0.100000
	pigment { color rgbt <1,0,0,0> }
	no_shadow
}
cylinder {
	<46.763969, 53.623951, 55.381721>,  <46.676090, 53.299057, 55.597874>, 0.100000
	pigment { color rgbt <1,0,0,0> }
	no_shadow
}

// particle -1
sphere {
	<46.763969, 53.623951, 55.381721> 0.100000
	pigment { color rgbt <1,0,0,0> }
	no_shadow
}
sphere {
	0, 1
	scale<0.080000,0.200000,0.300000>
	matrix <0.975327, -0.170528, 0.140206,
		0.021729, -0.557852, -0.829656,
		0.219694, 0.812232, -0.540383,
		46.829876, 53.867622, 55.219608>
	pigment { color rgbt <0,1,1,0> }
	no_shadow
}
cylinder {
	<47.262127, 53.140984, 55.148682>,  <46.676090, 53.299057, 55.597874>, 0.130000
	pigment { color rgbt <1,0,0,0> }
	no_shadow
}

// nucleotide -1

// particle -1
sphere {
	<47.262127, 53.140984, 55.148682> 0.250000
	pigment { color rgbt <1,0,0,0> }
	no_shadow
}
cylinder {
	<47.255432, 53.540924, 55.146851>,  <47.251415, 53.780888, 55.145752>, 0.100000
	pigment { color rgbt <1,0,0,0> }
	no_shadow
}
cylinder {
	<47.255432, 53.540924, 55.146851>,  <47.262127, 53.140984, 55.148682>, 0.100000
	pigment { color rgbt <1,0,0,0> }
	no_shadow
}

// particle -1
sphere {
	<47.255432, 53.540924, 55.146851> 0.100000
	pigment { color rgbt <1,0,0,0> }
	no_shadow
}
sphere {
	0, 1
	scale<0.080000,0.200000,0.300000>
	matrix <0.999552, 0.016847, 0.024738,
		0.024811, -0.004158, -0.999683,
		-0.016739, 0.999849, -0.004574,
		47.250412, 53.840878, 55.145477>
	pigment { color rgbt <0,1,1,0> }
	no_shadow
}
cylinder {
	<47.638790, 53.505547, 54.581802>,  <47.262127, 53.140984, 55.148682>, 0.130000
	pigment { color rgbt <1,0,0,0> }
	no_shadow
}

// nucleotide -1

// particle -1
sphere {
	<47.638790, 53.505547, 54.581802> 0.250000
	pigment { color rgbt <1,0,0,0> }
	no_shadow
}
cylinder {
	<47.632458, 53.769379, 54.882389>,  <47.628658, 53.927677, 55.062740>, 0.100000
	pigment { color rgbt <1,0,0,0> }
	no_shadow
}
cylinder {
	<47.632458, 53.769379, 54.882389>,  <47.638790, 53.505547, 54.581802>, 0.100000
	pigment { color rgbt <1,0,0,0> }
	no_shadow
}

// particle -1
sphere {
	<47.632458, 53.769379, 54.882389> 0.100000
	pigment { color rgbt <1,0,0,0> }
	no_shadow
}
sphere {
	0, 1
	scale<0.080000,0.200000,0.300000>
	matrix <0.988034, 0.125637, -0.089466,
		-0.153422, 0.741059, -0.653676,
		-0.015827, 0.659580, 0.751467,
		47.627708, 53.967255, 55.107830>
	pigment { color rgbt <0,1,1,0> }
	no_shadow
}
cylinder {
	<47.901440, 54.162041, 54.473919>,  <47.638790, 53.505547, 54.581802>, 0.130000
	pigment { color rgbt <1,0,0,0> }
	no_shadow
}

// nucleotide -1

// particle -1
sphere {
	<47.901440, 54.162041, 54.473919> 0.250000
	pigment { color rgbt <1,0,0,0> }
	no_shadow
}
cylinder {
	<47.940521, 54.171734, 54.871887>,  <47.963970, 54.177551, 55.110668>, 0.100000
	pigment { color rgbt <1,0,0,0> }
	no_shadow
}
cylinder {
	<47.940521, 54.171734, 54.871887>,  <47.901440, 54.162041, 54.473919>, 0.100000
	pigment { color rgbt <1,0,0,0> }
	no_shadow
}

// particle -1
sphere {
	<47.940521, 54.171734, 54.871887> 0.100000
	pigment { color rgbt <1,0,0,0> }
	no_shadow
}
sphere {
	0, 1
	scale<0.080000,0.200000,0.300000>
	matrix <0.976845, 0.188863, -0.100526,
		-0.190340, 0.981704, -0.005224,
		0.097700, 0.024237, 0.994921,
		47.969830, 54.179005, 55.170364>
	pigment { color rgbt <0,1,1,0> }
	no_shadow
}
cylinder {
	<48.318645, 54.748478, 54.698242>,  <47.901440, 54.162041, 54.473919>, 0.130000
	pigment { color rgbt <1,0,0,0> }
	no_shadow
}

// nucleotide -1

// particle -1
sphere {
	<48.318645, 54.748478, 54.698242> 0.250000
	pigment { color rgbt <1,0,0,0> }
	no_shadow
}
cylinder {
	<48.368717, 54.444908, 54.953857>,  <48.398762, 54.262768, 55.107227>, 0.100000
	pigment { color rgbt <1,0,0,0> }
	no_shadow
}
cylinder {
	<48.368717, 54.444908, 54.953857>,  <48.318645, 54.748478, 54.698242>, 0.100000
	pigment { color rgbt <1,0,0,0> }
	no_shadow
}

// particle -1
sphere {
	<48.368717, 54.444908, 54.953857> 0.100000
	pigment { color rgbt <1,0,0,0> }
	no_shadow
}
sphere {
	0, 1
	scale<0.080000,0.200000,0.300000>
	matrix <0.990956, 0.064274, -0.117788,
		0.048318, 0.648001, 0.760105,
		0.125182, -0.758922, 0.639035,
		48.406273, 54.217232, 55.145569>
	pigment { color rgbt <0,1,1,0> }
	no_shadow
}
cylinder {
	<48.777203, 55.033909, 55.250481>,  <48.318645, 54.748478, 54.698242>, 0.130000
	pigment { color rgbt <1,0,0,0> }
	no_shadow
}

// nucleotide -1

// particle -1
sphere {
	<48.777203, 55.033909, 55.250481> 0.250000
	pigment { color rgbt <1,0,0,0> }
	no_shadow
}
cylinder {
	<48.792290, 54.645664, 55.155403>,  <48.801342, 54.412720, 55.098358>, 0.100000
	pigment { color rgbt <1,0,0,0> }
	no_shadow
}
cylinder {
	<48.792290, 54.645664, 55.155403>,  <48.777203, 55.033909, 55.250481>, 0.100000
	pigment { color rgbt <1,0,0,0> }
	no_shadow
}

// particle -1
sphere {
	<48.792290, 54.645664, 55.155403> 0.100000
	pigment { color rgbt <1,0,0,0> }
	no_shadow
}
sphere {
	0, 1
	scale<0.080000,0.200000,0.300000>
	matrix <0.938761, 0.115941, -0.324477,
		0.342498, -0.210898, 0.915542,
		0.037717, -0.970608, -0.237692,
		48.803604, 54.354481, 55.084095>
	pigment { color rgbt <0,1,1,0> }
	no_shadow
}
cylinder {
	<49.333321, 54.687145, 55.616734>,  <48.777203, 55.033909, 55.250481>, 0.130000
	pigment { color rgbt <1,0,0,0> }
	no_shadow
}

// nucleotide -1

// particle -1
sphere {
	<49.333321, 54.687145, 55.616734> 0.250000
	pigment { color rgbt <1,0,0,0> }
	no_shadow
}
cylinder {
	<49.257664, 54.492424, 55.275620>,  <49.212269, 54.375591, 55.070950>, 0.100000
	pigment { color rgbt <1,0,0,0> }
	no_shadow
}
cylinder {
	<49.257664, 54.492424, 55.275620>,  <49.333321, 54.687145, 55.616734>, 0.100000
	pigment { color rgbt <1,0,0,0> }
	no_shadow
}

// particle -1
sphere {
	<49.257664, 54.492424, 55.275620> 0.100000
	pigment { color rgbt <1,0,0,0> }
	no_shadow
}
sphere {
	0, 1
	scale<0.080000,0.200000,0.300000>
	matrix <0.898236, 0.265107, -0.350559,
		0.396733, -0.832311, 0.387120,
		-0.189146, -0.486803, -0.852788,
		49.200920, 54.346382, 55.019783>
	pigment { color rgbt <0,1,1,0> }
	no_shadow
}
cylinder {
	<49.805450, 54.128963, 55.434864>,  <49.333321, 54.687145, 55.616734>, 0.130000
	pigment { color rgbt <1,0,0,0> }
	no_shadow
}

// nucleotide -1

// particle -1
sphere {
	<49.805450, 54.128963, 55.434864> 0.250000
	pigment { color rgbt <1,0,0,0> }
	no_shadow
}
cylinder {
	<49.659130, 54.294479, 55.101402>,  <49.571339, 54.393787, 54.901325>, 0.100000
	pigment { color rgbt <1,0,0,0> }
	no_shadow
}
cylinder {
	<49.659130, 54.294479, 55.101402>,  <49.805450, 54.128963, 55.434864>, 0.100000
	pigment { color rgbt <1,0,0,0> }
	no_shadow
}

// particle -1
sphere {
	<49.659130, 54.294479, 55.101402> 0.100000
	pigment { color rgbt <1,0,0,0> }
	no_shadow
}
sphere {
	0, 1
	scale<0.080000,0.200000,0.300000>
	matrix <0.930585, 0.148857, -0.334445,
		-0.014294, -0.898122, -0.439514,
		-0.365797, 0.413785, -0.833651,
		49.549393, 54.418613, 54.851307>
	pigment { color rgbt <0,1,1,0> }
	no_shadow
}
cylinder {
	<50.118988, 53.801964, 54.818989>,  <49.805450, 54.128963, 55.434864>, 0.130000
	pigment { color rgbt <1,0,0,0> }
	no_shadow
}

// nucleotide -1

// particle -1
sphere {
	<50.118988, 53.801964, 54.818989> 0.250000
	pigment { color rgbt <1,0,0,0> }
	no_shadow
}
cylinder {
	<49.992706, 54.169781, 54.725380>,  <49.916939, 54.390472, 54.669212>, 0.100000
	pigment { color rgbt <1,0,0,0> }
	no_shadow
}
cylinder {
	<49.992706, 54.169781, 54.725380>,  <50.118988, 53.801964, 54.818989>, 0.100000
	pigment { color rgbt <1,0,0,0> }
	no_shadow
}

// particle -1
sphere {
	<49.992706, 54.169781, 54.725380> 0.100000
	pigment { color rgbt <1,0,0,0> }
	no_shadow
}
sphere {
	0, 1
	scale<0.080000,0.200000,0.300000>
	matrix <0.933705, 0.257166, -0.249119,
		-0.168892, -0.297160, -0.939772,
		-0.315705, 0.919544, -0.234026,
		49.897995, 54.445644, 54.655170>
	pigment { color rgbt <0,1,1,0> }
	no_shadow
}
cylinder {
	<50.567863, 54.047054, 54.378593>,  <50.118988, 53.801964, 54.818989>, 0.130000
	pigment { color rgbt <1,0,0,0> }
	no_shadow
}

// nucleotide -1

// particle -1
sphere {
	<50.567863, 54.047054, 54.378593> 0.250000
	pigment { color rgbt <1,0,0,0> }
	no_shadow
}
cylinder {
	<50.394241, 54.395550, 54.470276>,  <50.290070, 54.604649, 54.525284>, 0.100000
	pigment { color rgbt <1,0,0,0> }
	no_shadow
}
cylinder {
	<50.394241, 54.395550, 54.470276>,  <50.567863, 54.047054, 54.378593>, 0.100000
	pigment { color rgbt <1,0,0,0> }
	no_shadow
}

// particle -1
sphere {
	<50.394241, 54.395550, 54.470276> 0.100000
	pigment { color rgbt <1,0,0,0> }
	no_shadow
}
sphere {
	0, 1
	scale<0.080000,0.200000,0.300000>
	matrix <0.787657, 0.490498, -0.372837,
		-0.437256, 0.018704, -0.899143,
		-0.434054, 0.871241, 0.229206,
		50.264027, 54.656921, 54.539036>
	pigment { color rgbt <0,1,1,0> }
	no_shadow
}
cylinder {
	<50.619041, 54.474918, 53.729519>,  <50.567863, 54.047054, 54.378593>, 0.130000
	pigment { color rgbt <1,0,0,0> }
	no_shadow
}

// nucleotide -1

// particle -1
sphere {
	<50.619041, 54.474918, 53.729519> 0.250000
	pigment { color rgbt <1,0,0,0> }
	no_shadow
}
cylinder {
	<50.604366, 54.669216, 54.078850>,  <50.595562, 54.785797, 54.288448>, 0.100000
	pigment { color rgbt <1,0,0,0> }
	no_shadow
}
cylinder {
	<50.604366, 54.669216, 54.078850>,  <50.619041, 54.474918, 53.729519>, 0.100000
	pigment { color rgbt <1,0,0,0> }
	no_shadow
}

// particle -1
sphere {
	<50.604366, 54.669216, 54.078850> 0.100000
	pigment { color rgbt <1,0,0,0> }
	no_shadow
}
sphere {
	0, 1
	scale<0.080000,0.200000,0.300000>
	matrix <0.772623, 0.568053, -0.283493,
		-0.633804, 0.664353, -0.396141,
		-0.036690, 0.485747, 0.873329,
		50.593361, 54.814941, 54.340847>
	pigment { color rgbt <0,1,1,0> }
	no_shadow
}
cylinder {
	<50.571358, 55.192898, 53.606861>,  <50.619041, 54.474918, 53.729519>, 0.130000
	pigment { color rgbt <1,0,0,0> }
	no_shadow
}

// nucleotide -1

// particle -1
sphere {
	<50.571358, 55.192898, 53.606861> 0.250000
	pigment { color rgbt <1,0,0,0> }
	no_shadow
}
cylinder {
	<50.751976, 55.148724, 53.961014>,  <50.860348, 55.122219, 54.173508>, 0.100000
	pigment { color rgbt <1,0,0,0> }
	no_shadow
}
cylinder {
	<50.751976, 55.148724, 53.961014>,  <50.571358, 55.192898, 53.606861>, 0.100000
	pigment { color rgbt <1,0,0,0> }
	no_shadow
}

// particle -1
sphere {
	<50.751976, 55.148724, 53.961014> 0.100000
	pigment { color rgbt <1,0,0,0> }
	no_shadow
}
sphere {
	0, 1
	scale<0.080000,0.200000,0.300000>
	matrix <0.725420, 0.623190, -0.292235,
		-0.519490, 0.774234, 0.361514,
		0.451550, -0.110436, 0.885385,
		50.887440, 55.115593, 54.226631>
	pigment { color rgbt <0,1,1,0> }
	no_shadow
}
cylinder {
	<50.450153, 55.800510, 53.944172>,  <50.571358, 55.192898, 53.606861>, 0.130000
	pigment { color rgbt <1,0,0,0> }
	no_shadow
}

// nucleotide -1

// particle -1
sphere {
	<50.450153, 55.800510, 53.944172> 0.250000
	pigment { color rgbt <1,0,0,0> }
	no_shadow
}
cylinder {
	<50.773479, 55.602341, 54.071404>,  <50.967476, 55.483437, 54.147743>, 0.100000
	pigment { color rgbt <1,0,0,0> }
	no_shadow
}
cylinder {
	<50.773479, 55.602341, 54.071404>,  <50.450153, 55.800510, 53.944172>, 0.100000
	pigment { color rgbt <1,0,0,0> }
	no_shadow
}

// particle -1
sphere {
	<50.773479, 55.602341, 54.071404> 0.100000
	pigment { color rgbt <1,0,0,0> }
	no_shadow
}
sphere {
	0, 1
	scale<0.080000,0.200000,0.300000>
	matrix <0.588543, 0.665811, -0.458599,
		0.015425, 0.557895, 0.829768,
		0.808319, -0.495428, 0.318075,
		51.015976, 55.453712, 54.166824>
	pigment { color rgbt <0,1,1,0> }
	no_shadow
}
cylinder {
	<50.907467, 56.149036, 54.342381>,  <50.450153, 55.800510, 53.944172>, 0.130000
	pigment { color rgbt <1,0,0,0> }
	no_shadow
}

// nucleotide -1

// particle -1
sphere {
	<50.907467, 56.149036, 54.342381> 0.250000
	pigment { color rgbt <1,0,0,0> }
	no_shadow
}
cylinder {
	<51.138229, 55.884453, 54.150692>,  <51.276688, 55.725704, 54.035679>, 0.100000
	pigment { color rgbt <1,0,0,0> }
	no_shadow
}
cylinder {
	<51.138229, 55.884453, 54.150692>,  <50.907467, 56.149036, 54.342381>, 0.100000
	pigment { color rgbt <1,0,0,0> }
	no_shadow
}

// particle -1
sphere {
	<51.138229, 55.884453, 54.150692> 0.100000
	pigment { color rgbt <1,0,0,0> }
	no_shadow
}
sphere {
	0, 1
	scale<0.080000,0.200000,0.300000>
	matrix <0.641174, 0.730201, -0.236014,
		0.506043, -0.171109, 0.845365,
		0.576903, -0.661459, -0.479224,
		51.311298, 55.686016, 54.006924>
	pigment { color rgbt <0,1,1,0> }
	no_shadow
}
cylinder {
	<51.587704, 56.158329, 54.636089>,  <50.907467, 56.149036, 54.342381>, 0.130000
	pigment { color rgbt <1,0,0,0> }
	no_shadow
}

// nucleotide -1

// particle -1
sphere {
	<51.587704, 56.158329, 54.636089> 0.250000
	pigment { color rgbt <1,0,0,0> }
	no_shadow
}
cylinder {
	<51.551369, 56.063988, 54.249077>,  <51.529568, 56.007381, 54.016869>, 0.100000
	pigment { color rgbt <1,0,0,0> }
	no_shadow
}
cylinder {
	<51.551369, 56.063988, 54.249077>,  <51.587704, 56.158329, 54.636089>, 0.100000
	pigment { color rgbt <1,0,0,0> }
	no_shadow
}

// particle -1
sphere {
	<51.551369, 56.063988, 54.249077> 0.100000
	pigment { color rgbt <1,0,0,0> }
	no_shadow
}
sphere {
	0, 1
	scale<0.080000,0.200000,0.300000>
	matrix <0.525991, 0.813615, -0.247718,
		0.845625, -0.531415, 0.050154,
		-0.090835, -0.235857, -0.967533,
		51.524117, 55.993229, 53.958817>
	pigment { color rgbt <0,1,1,0> }
	no_shadow
}
cylinder {
	<52.313782, 56.081467, 54.365227>,  <51.587704, 56.158329, 54.636089>, 0.130000
	pigment { color rgbt <1,0,0,0> }
	no_shadow
}

// nucleotide -1

// particle -1
sphere {
	<52.313782, 56.081467, 54.365227> 0.250000
	pigment { color rgbt <1,0,0,0> }
	no_shadow
}
cylinder {
	<52.041237, 56.165874, 54.084877>,  <51.877712, 56.216518, 53.916668>, 0.100000
	pigment { color rgbt <1,0,0,0> }
	no_shadow
}
cylinder {
	<52.041237, 56.165874, 54.084877>,  <52.313782, 56.081467, 54.365227>, 0.100000
	pigment { color rgbt <1,0,0,0> }
	no_shadow
}

// particle -1
sphere {
	<52.041237, 56.165874, 54.084877> 0.100000
	pigment { color rgbt <1,0,0,0> }
	no_shadow
}
sphere {
	0, 1
	scale<0.080000,0.200000,0.300000>
	matrix <0.551301, 0.777819, -0.301770,
		0.481473, -0.592005, -0.646307,
		-0.681359, 0.211016, -0.700872,
		51.836830, 56.229179, 53.874615>
	pigment { color rgbt <0,1,1,0> }
	no_shadow
}
cylinder {
	<52.637417, 56.167274, 53.720913>,  <52.313782, 56.081467, 54.365227>, 0.130000
	pigment { color rgbt <1,0,0,0> }
	no_shadow
}

// nucleotide -1

// particle -1
sphere {
	<52.637417, 56.167274, 53.720913> 0.250000
	pigment { color rgbt <1,0,0,0> }
	no_shadow
}
cylinder {
	<52.301903, 56.384487, 53.705109>,  <52.100594, 56.514816, 53.695625>, 0.100000
	pigment { color rgbt <1,0,0,0> }
	no_shadow
}
cylinder {
	<52.301903, 56.384487, 53.705109>,  <52.637417, 56.167274, 53.720913>, 0.100000
	pigment { color rgbt <1,0,0,0> }
	no_shadow
}

// particle -1
sphere {
	<52.301903, 56.384487, 53.705109> 0.100000
	pigment { color rgbt <1,0,0,0> }
	no_shadow
}
sphere {
	0, 1
	scale<0.080000,0.200000,0.300000>
	matrix <0.489808, 0.720896, -0.490302,
		-0.237769, -0.430607, -0.870657,
		-0.838781, 0.543034, -0.039508,
		52.050270, 56.547398, 53.693256>
	pigment { color rgbt <0,1,1,0> }
	no_shadow
}
cylinder {
	<53.075745, 55.506935, 53.599049>,  <52.637417, 56.167274, 53.720913>, 0.130000
	pigment { color rgbt <1,0,0,0> }
	no_shadow
}

// nucleotide -1

// particle -1
sphere {
	<53.075745, 55.506935, 53.599049> 0.250000
	pigment { color rgbt <1,0,0,0> }
	no_shadow
}
cylinder {
	<53.059574, 55.141819, 53.436478>,  <53.049870, 54.922749, 53.338936>, 0.100000
	pigment { color rgbt <1,0,0,0> }
	no_shadow
}
cylinder {
	<53.059574, 55.141819, 53.436478>,  <53.075745, 55.506935, 53.599049>, 0.100000
	pigment { color rgbt <1,0,0,0> }
	no_shadow
}

// particle -1
sphere {
	<53.059574, 55.141819, 53.436478> 0.100000
	pigment { color rgbt <1,0,0,0> }
	no_shadow
}
sphere {
	0, 1
	scale<0.080000,0.200000,0.300000>
	matrix <0.870026, -0.232185, 0.434909,
		-0.491346, -0.336023, 0.803535,
