// switches for output
#declare DRAW_BASES = 1; // possible values are 0, 1; only relevant for DNA ribbons
#declare DRAW_BASES_TYPE = 3; // possible values are 1, 2, 3; only relevant for DNA ribbons
#declare DRAW_FOG = 0; // set to 1 to enable fog

#include "colors.inc"

#include "transforms.inc"
background { rgb <1, 1, 1>}

#default {
   normal{
       ripples 0.25
       frequency 0.20
       turbulence 0.2
       lambda 5
   }
	finish {
		phong 0.1
		phong_size 40.
	}
}

// original window dimensions: 1024x640


// camera settings

camera {
	sky <-0, 1, 0>
	up <-0, 1, 0>
	right 1.6 * <0.99995, 0, 0.00999983>
	location <54.4867, 55, 106.329>
	look_at <55, 55, 55.0001>
	direction <0.513302, 0, -51.3289>
	angle 67.0682
}


# declare cpy_camera_pos = <54.4867, 55, 106.329>;
# if (DRAW_FOG = 1)
fog {
	fog_type 2
	up vnormalize(cpy_camera_pos)
	color rgbt<1,1,1,0.3>
	distance 1e-5
	fog_alt 3e-3
	fog_offset 88
}
# end


// LIGHTS

# declare lum = 6;
global_settings {
	ambient_light rgb lum * <0.05, 0.05, 0.05>
	max_trace_level 15
}# declare cpy_direct_light_amount = 0.25;
light_source
{	1000 * <-0.98995, -1, 1.00995>,
	rgb lum * cpy_direct_light_amount
	parallel
}

light_source
{	1000 * <0.98995, 1, -1.00995>,
	rgb lum * cpy_direct_light_amount
	parallel
}

// strand 0

// nucleotide -1

// particle -1
sphere {
	<36.939896, 52.987041, 50.527744> 0.250000
	pigment { color rgbt <1,0,0,0> }
	no_shadow
}
cylinder {
	<36.881866, 53.077007, 50.142338>,  <36.847050, 53.130985, 49.911095>, 0.100000
	pigment { color rgbt <1,0,0,0> }
	no_shadow
}
cylinder {
	<36.881866, 53.077007, 50.142338>,  <36.939896, 52.987041, 50.527744>, 0.100000
	pigment { color rgbt <1,0,0,0> }
	no_shadow
}

// particle -1
sphere {
	<36.881866, 53.077007, 50.142338> 0.100000
	pigment { color rgbt <1,0,0,0> }
	no_shadow
}
sphere {
	0, 1
	scale<0.080000,0.200000,0.300000>
	matrix <0.970726, 0.220763, -0.094626,
		0.191426, -0.949040, -0.250357,
		-0.145073, 0.224914, -0.963518,
		36.838345, 53.144482, 49.853283>
	pigment { color rgbt <0,1,1,0> }
	no_shadow
}
cylinder {
	<37.391998, 52.635525, 50.100101>,  <36.939896, 52.987041, 50.527744>, 0.130000
	pigment { color rgbt <1,0,0,0> }
	no_shadow
}

// nucleotide -1

// particle -1
sphere {
	<37.391998, 52.635525, 50.100101> 0.250000
	pigment { color rgbt <1,0,0,0> }
	no_shadow
}
cylinder {
	<37.307869, 52.976387, 49.908440>,  <37.257393, 53.180904, 49.793442>, 0.100000
	pigment { color rgbt <1,0,0,0> }
	no_shadow
}
cylinder {
	<37.307869, 52.976387, 49.908440>,  <37.391998, 52.635525, 50.100101>, 0.100000
	pigment { color rgbt <1,0,0,0> }
	no_shadow
}

// particle -1
sphere {
	<37.307869, 52.976387, 49.908440> 0.100000
	pigment { color rgbt <1,0,0,0> }
	no_shadow
}
sphere {
	0, 1
	scale<0.080000,0.200000,0.300000>
	matrix <0.977489, 0.174898, -0.118011,
		-0.016760, -0.493192, -0.869759,
		-0.210321, 0.852157, -0.479159,
		37.244774, 53.232033, 49.764690>
	pigment { color rgbt <0,1,1,0> }
	no_shadow
}
cylinder {
	<37.728134, 52.656834, 49.339355>,  <37.391998, 52.635525, 50.100101>, 0.130000
	pigment { color rgbt <1,0,0,0> }
	no_shadow
}

// nucleotide -1

// particle -1
sphere {
	<37.728134, 52.656834, 49.339355> 0.250000
	pigment { color rgbt <1,0,0,0> }
	no_shadow
}
cylinder {
	<37.726963, 53.010773, 49.525703>,  <37.726261, 53.223137, 49.637512>, 0.100000
	pigment { color rgbt <1,0,0,0> }
	no_shadow
}
cylinder {
	<37.726963, 53.010773, 49.525703>,  <37.728134, 52.656834, 49.339355>, 0.100000
	pigment { color rgbt <1,0,0,0> }
	no_shadow
}

// particle -1
sphere {
	<37.726963, 53.010773, 49.525703> 0.100000
	pigment { color rgbt <1,0,0,0> }
	no_shadow
}
sphere {
	0, 1
	scale<0.080000,0.200000,0.300000>
	matrix <0.929971, 0.173673, -0.324025,
		-0.367622, 0.432299, -0.823390,
		-0.002925, 0.884848, 0.465872,
		37.726086, 53.276226, 49.665466>
	pigment { color rgbt <0,1,1,0> }
	no_shadow
}
cylinder {
	<37.838657, 53.210564, 48.827457>,  <37.728134, 52.656834, 49.339355>, 0.130000
	pigment { color rgbt <1,0,0,0> }
	no_shadow
}

// nucleotide -1

// particle -1
sphere {
	<37.838657, 53.210564, 48.827457> 0.250000
	pigment { color rgbt <1,0,0,0> }
	no_shadow
}
cylinder {
	<37.976433, 53.318233, 49.187214>,  <38.059097, 53.382835, 49.403069>, 0.100000
	pigment { color rgbt <1,0,0,0> }
	no_shadow
}
cylinder {
	<37.976433, 53.318233, 49.187214>,  <37.838657, 53.210564, 48.827457>, 0.100000
	pigment { color rgbt <1,0,0,0> }
	no_shadow
}

// particle -1
sphere {
	<37.976433, 53.318233, 49.187214> 0.100000
	pigment { color rgbt <1,0,0,0> }
	no_shadow
}
sphere {
	0, 1
	scale<0.080000,0.200000,0.300000>
	matrix <0.882080, 0.235183, -0.408197,
		-0.321400, 0.933933, -0.156431,
		0.344438, 0.269179, 0.899391,
		38.079765, 53.398987, 49.457031>
	pigment { color rgbt <0,1,1,0> }
	no_shadow
}
cylinder {
	<38.016891, 53.885880, 48.926807>,  <37.838657, 53.210564, 48.827457>, 0.130000
	pigment { color rgbt <1,0,0,0> }
	no_shadow
}

// nucleotide -1

// particle -1
sphere {
	<38.016891, 53.885880, 48.926807> 0.250000
	pigment { color rgbt <1,0,0,0> }
	no_shadow
}
cylinder {
	<38.252857, 53.676819, 49.173004>,  <38.394436, 53.551380, 49.320724>, 0.100000
	pigment { color rgbt <1,0,0,0> }
	no_shadow
}
cylinder {
	<38.252857, 53.676819, 49.173004>,  <38.016891, 53.885880, 48.926807>, 0.100000
	pigment { color rgbt <1,0,0,0> }
	no_shadow
}

// particle -1
sphere {
	<38.252857, 53.676819, 49.173004> 0.100000
	pigment { color rgbt <1,0,0,0> }
	no_shadow
}
sphere {
	0, 1
	scale<0.080000,0.200000,0.300000>
	matrix <0.803043, 0.459427, -0.379537,
		-0.084408, 0.718163, 0.690737,
		0.589913, -0.522655, 0.615495,
		38.429832, 53.520023, 49.357655>
	pigment { color rgbt <0,1,1,0> }
	no_shadow
}
cylinder {
	<38.435299, 54.435478, 49.278923>,  <38.016891, 53.885880, 48.926807>, 0.130000
	pigment { color rgbt <1,0,0,0> }
	no_shadow
}

// nucleotide -1

// particle -1
sphere {
	<38.435299, 54.435478, 49.278923> 0.250000
	pigment { color rgbt <1,0,0,0> }
	no_shadow
}
cylinder {
	<38.629520, 54.088219, 49.237839>,  <38.746052, 53.879864, 49.213188>, 0.100000
	pigment { color rgbt <1,0,0,0> }
	no_shadow
}
cylinder {
	<38.629520, 54.088219, 49.237839>,  <38.435299, 54.435478, 49.278923>, 0.100000
	pigment { color rgbt <1,0,0,0> }
	no_shadow
}

// particle -1
sphere {
	<38.629520, 54.088219, 49.237839> 0.100000
	pigment { color rgbt <1,0,0,0> }
	no_shadow
}
sphere {
	0, 1
	scale<0.080000,0.200000,0.300000>
	matrix <0.823722, 0.493692, -0.278837,
		0.292782, 0.050783, 0.954830,
		0.485552, -0.868153, -0.102713,
		38.775185, 53.827774, 49.207024>
	pigment { color rgbt <0,1,1,0> }
	no_shadow
}
cylinder {
	<38.982136, 54.524551, 49.688538>,  <38.435299, 54.435478, 49.278923>, 0.130000
	pigment { color rgbt <1,0,0,0> }
	no_shadow
}

// nucleotide -1

// particle -1
sphere {
	<38.982136, 54.524551, 49.688538> 0.250000
	pigment { color rgbt <1,0,0,0> }
	no_shadow
}
cylinder {
	<39.046005, 54.271400, 49.385494>,  <39.084328, 54.119511, 49.203671>, 0.100000
	pigment { color rgbt <1,0,0,0> }
	no_shadow
}
cylinder {
	<39.046005, 54.271400, 49.385494>,  <38.982136, 54.524551, 49.688538>, 0.100000
	pigment { color rgbt <1,0,0,0> }
	no_shadow
}

// particle -1
sphere {
	<39.046005, 54.271400, 49.385494> 0.100000
	pigment { color rgbt <1,0,0,0> }
	no_shadow
}
sphere {
	0, 1
	scale<0.080000,0.200000,0.300000>
	matrix <0.790706, 0.541460, -0.285667,
		0.591006, -0.553429, 0.586880,
		0.159676, -0.632880, -0.757606,
		39.093906, 54.081535, 49.158211>
	pigment { color rgbt <0,1,1,0> }
	no_shadow
}
cylinder {
	<39.769253, 54.545078, 49.598179>,  <38.982136, 54.524551, 49.688538>, 0.130000
	pigment { color rgbt <1,0,0,0> }
	no_shadow
}

// nucleotide -1

// particle -1
sphere {
	<39.769253, 54.545078, 49.598179> 0.250000
	pigment { color rgbt <1,0,0,0> }
	no_shadow
}
cylinder {
	<39.575401, 54.398975, 49.280254>,  <39.459091, 54.311314, 49.089500>, 0.100000
	pigment { color rgbt <1,0,0,0> }
	no_shadow
}
cylinder {
	<39.575401, 54.398975, 49.280254>,  <39.769253, 54.545078, 49.598179>, 0.100000
	pigment { color rgbt <1,0,0,0> }
	no_shadow
}

// particle -1
sphere {
	<39.575401, 54.398975, 49.280254> 0.100000
	pigment { color rgbt <1,0,0,0> }
	no_shadow
}
sphere {
	0, 1
	scale<0.080000,0.200000,0.300000>
	matrix <0.701506, 0.380490, -0.602592,
		0.522516, -0.849598, 0.071832,
		-0.484630, -0.365254, -0.794810,
		39.430012, 54.289398, 49.041813>
	pigment { color rgbt <0,1,1,0> }
	no_shadow
}
cylinder {
	<40.566307, 54.831558, 49.451073>,  <39.769253, 54.545078, 49.598179>, 0.130000
	pigment { color rgbt <1,0,0,0> }
	no_shadow
}

// nucleotide -1

// particle -1
sphere {
	<40.566307, 54.831558, 49.451073> 0.250000
	pigment { color rgbt <1,0,0,0> }
	no_shadow
}
cylinder {
	<40.703819, 55.194973, 49.356094>,  <40.786327, 55.413021, 49.299107>, 0.100000
	pigment { color rgbt <1,0,0,0> }
	no_shadow
}
cylinder {
	<40.703819, 55.194973, 49.356094>,  <40.566307, 54.831558, 49.451073>, 0.100000
	pigment { color rgbt <1,0,0,0> }
	no_shadow
}

// particle -1
sphere {
	<40.703819, 55.194973, 49.356094> 0.100000
	pigment { color rgbt <1,0,0,0> }
	no_shadow
}
sphere {
	0, 1
	scale<0.080000,0.200000,0.300000>
	matrix <0.933168, -0.302267, 0.194503,
		0.104942, -0.288440, -0.951730,
		0.343779, 0.908536, -0.237443,
		40.806953, 55.467533, 49.284863>
	pigment { color rgbt <0,1,1,0> }
	no_shadow
}
cylinder {
	<41.305248, 54.752697, 49.159004>,  <40.566307, 54.831558, 49.451073>, 0.130000
	pigment { color rgbt <1,0,0,0> }
	no_shadow
}

// nucleotide -1

// particle -1
sphere {
	<41.305248, 54.752697, 49.159004> 0.250000
	pigment { color rgbt <1,0,0,0> }
	no_shadow
}
cylinder {
	<41.296413, 55.142899, 49.246544>,  <41.291115, 55.377022, 49.299068>, 0.100000
	pigment { color rgbt <1,0,0,0> }
	no_shadow
}
cylinder {
	<41.296413, 55.142899, 49.246544>,  <41.305248, 54.752697, 49.159004>, 0.100000
	pigment { color rgbt <1,0,0,0> }
	no_shadow
}

// particle -1
sphere {
	<41.296413, 55.142899, 49.246544> 0.100000
	pigment { color rgbt <1,0,0,0> }
	no_shadow
}
sphere {
	0, 1
	scale<0.080000,0.200000,0.300000>
	matrix <0.914091, -0.068954, 0.399603,
		0.404906, 0.208874, -0.890181,
		-0.022085, 0.975509, 0.218850,
		41.289787, 55.435551, 49.312199>
	pigment { color rgbt <0,1,1,0> }
	no_shadow
}
cylinder {
	<42.029076, 54.983215, 49.091114>,  <41.305248, 54.752697, 49.159004>, 0.130000
	pigment { color rgbt <1,0,0,0> }
	no_shadow
}

// nucleotide -1

// particle -1
sphere {
	<42.029076, 54.983215, 49.091114> 0.250000
	pigment { color rgbt <1,0,0,0> }
	no_shadow
}
cylinder {
	<41.846882, 55.241661, 49.336082>,  <41.737564, 55.396729, 49.483063>, 0.100000
	pigment { color rgbt <1,0,0,0> }
	no_shadow
}
cylinder {
	<41.846882, 55.241661, 49.336082>,  <42.029076, 54.983215, 49.091114>, 0.100000
	pigment { color rgbt <1,0,0,0> }
	no_shadow
}

// particle -1
sphere {
	<41.846882, 55.241661, 49.336082> 0.100000
	pigment { color rgbt <1,0,0,0> }
	no_shadow
}
sphere {
	0, 1
	scale<0.080000,0.200000,0.300000>
	matrix <0.757069, -0.080807, 0.648318,
		0.468378, 0.758948, -0.452349,
		-0.455487, 0.646118, 0.612425,
		41.710236, 55.435497, 49.519810>
	pigment { color rgbt <0,1,1,0> }
	no_shadow
}
cylinder {
	<42.402237, 55.563328, 48.982552>,  <42.029076, 54.983215, 49.091114>, 0.130000
	pigment { color rgbt <1,0,0,0> }
	no_shadow
}

// nucleotide -1

// particle -1
sphere {
	<42.402237, 55.563328, 48.982552> 0.250000
	pigment { color rgbt <1,0,0,0> }
	no_shadow
}
cylinder {
	<42.237549, 55.507545, 49.342781>,  <42.138737, 55.474075, 49.558918>, 0.100000
	pigment { color rgbt <1,0,0,0> }
	no_shadow
}
cylinder {
	<42.237549, 55.507545, 49.342781>,  <42.402237, 55.563328, 48.982552>, 0.100000
	pigment { color rgbt <1,0,0,0> }
	no_shadow
}

// particle -1
sphere {
	<42.237549, 55.507545, 49.342781> 0.100000
	pigment { color rgbt <1,0,0,0> }
	no_shadow
}
sphere {
	0, 1
	scale<0.080000,0.200000,0.300000>
	matrix <0.910781, -0.096643, 0.401420,
		0.031053, 0.985500, 0.166807,
		-0.411720, -0.139460, 0.900576,
		42.114033, 55.465706, 49.612953>
	pigment { color rgbt <0,1,1,0> }
	no_shadow
}
cylinder {
	<42.751762, 55.955013, 49.586441>,  <42.402237, 55.563328, 48.982552>, 0.130000
	pigment { color rgbt <1,0,0,0> }
	no_shadow
}

// nucleotide -1

// particle -1
sphere {
	<42.751762, 55.955013, 49.586441> 0.250000
	pigment { color rgbt <1,0,0,0> }
	no_shadow
}
cylinder {
	<42.540154, 55.686302, 49.793846>,  <42.413189, 55.525078, 49.918289>, 0.100000
	pigment { color rgbt <1,0,0,0> }
	no_shadow
}
cylinder {
	<42.540154, 55.686302, 49.793846>,  <42.751762, 55.955013, 49.586441>, 0.100000
	pigment { color rgbt <1,0,0,0> }
	no_shadow
}

// particle -1
sphere {
	<42.540154, 55.686302, 49.793846> 0.100000
	pigment { color rgbt <1,0,0,0> }
	no_shadow
}
sphere {
	0, 1
	scale<0.080000,0.200000,0.300000>
	matrix <0.806924, -0.209065, 0.552418,
		-0.262696, 0.710642, 0.652670,
		-0.529022, -0.671773, 0.518514,
		42.381447, 55.484772, 49.949402>
	pigment { color rgbt <0,1,1,0> }
	no_shadow
}
cylinder {
	<42.623199, 56.143482, 50.332775>,  <42.751762, 55.955013, 49.586441>, 0.130000
	pigment { color rgbt <1,0,0,0> }
	no_shadow
}

// nucleotide -1

// particle -1
sphere {
	<42.623199, 56.143482, 50.332775> 0.250000
	pigment { color rgbt <1,0,0,0> }
	no_shadow
}
cylinder {
	<42.684769, 55.761749, 50.230358>,  <42.721710, 55.532711, 50.168907>, 0.100000
	pigment { color rgbt <1,0,0,0> }
	no_shadow
}
cylinder {
	<42.684769, 55.761749, 50.230358>,  <42.623199, 56.143482, 50.332775>, 0.100000
	pigment { color rgbt <1,0,0,0> }
	no_shadow
}

// particle -1
sphere {
	<42.684769, 55.761749, 50.230358> 0.100000
	pigment { color rgbt <1,0,0,0> }
	no_shadow
}
sphere {
	0, 1
	scale<0.080000,0.200000,0.300000>
	matrix <0.805155, -0.029061, 0.592352,
		-0.572742, -0.297327, 0.763913,
		0.153923, -0.954333, -0.256039,
		42.730946, 55.475449, 50.153545>
	pigment { color rgbt <0,1,1,0> }
	no_shadow
}
cylinder {
	<42.660938, 55.641487, 50.947868>,  <42.623199, 56.143482, 50.332775>, 0.130000
	pigment { color rgbt <1,0,0,0> }
	no_shadow
}

// nucleotide -1

// particle -1
sphere {
	<42.660938, 55.641487, 50.947868> 0.250000
	pigment { color rgbt <1,0,0,0> }
	no_shadow
}
cylinder {
	<42.883625, 55.483551, 50.655521>,  <43.017235, 55.388790, 50.480114>, 0.100000
	pigment { color rgbt <1,0,0,0> }
	no_shadow
}
cylinder {
	<42.883625, 55.483551, 50.655521>,  <42.660938, 55.641487, 50.947868>, 0.100000
	pigment { color rgbt <1,0,0,0> }
	no_shadow
}

// particle -1
sphere {
	<42.883625, 55.483551, 50.655521> 0.100000
	pigment { color rgbt <1,0,0,0> }
	no_shadow
}
sphere {
	0, 1
	scale<0.080000,0.200000,0.300000>
	matrix <0.799958, 0.017668, 0.599796,
		-0.223910, -0.918580, 0.325691,
		0.556715, -0.394839, -0.730869,
		43.050640, 55.365101, 50.436260>
	pigment { color rgbt <0,1,1,0> }
	no_shadow
}
cylinder {
	<43.012566, 55.099583, 51.331398>,  <42.660938, 55.641487, 50.947868>, 0.130000
	pigment { color rgbt <1,0,0,0> }
	no_shadow
}

// nucleotide -1

// particle -1
sphere {
	<43.012566, 55.099583, 51.331398> 0.250000
	pigment { color rgbt <1,0,0,0> }
	no_shadow
}
cylinder {
	<43.190689, 55.223515, 50.995373>,  <43.297565, 55.297874, 50.793758>, 0.100000
	pigment { color rgbt <1,0,0,0> }
	no_shadow
}
cylinder {
	<43.190689, 55.223515, 50.995373>,  <43.012566, 55.099583, 51.331398>, 0.100000
	pigment { color rgbt <1,0,0,0> }
	no_shadow
}

// particle -1
sphere {
	<43.190689, 55.223515, 50.995373> 0.100000
	pigment { color rgbt <1,0,0,0> }
	no_shadow
}
sphere {
	0, 1
	scale<0.080000,0.200000,0.300000>
	matrix <0.862259, 0.104416, 0.495587,
		0.241262, -0.945042, -0.220653,
		0.445311, 0.309826, -0.840062,
		43.324284, 55.316463, 50.743355>
	pigment { color rgbt <0,1,1,0> }
	no_shadow
}
cylinder {
	<43.520840, 55.284073, 51.770298>,  <43.012566, 55.099583, 51.331398>, 0.130000
	pigment { color rgbt <1,0,0,0> }
	no_shadow
}

// nucleotide -1

// particle -1
sphere {
	<43.520840, 55.284073, 51.770298> 0.250000
	pigment { color rgbt <1,0,0,0> }
	no_shadow
}
cylinder {
	<43.648758, 55.318478, 51.392868>,  <43.725510, 55.339123, 51.166412>, 0.100000
	pigment { color rgbt <1,0,0,0> }
	no_shadow
}
cylinder {
	<43.648758, 55.318478, 51.392868>,  <43.520840, 55.284073, 51.770298>, 0.100000
	pigment { color rgbt <1,0,0,0> }
	no_shadow
}

// particle -1
sphere {
	<43.648758, 55.318478, 51.392868> 0.100000
	pigment { color rgbt <1,0,0,0> }
	no_shadow
}
sphere {
	0, 1
	scale<0.080000,0.200000,0.300000>
	matrix <0.946411, -0.076407, 0.313795,
		-0.045105, -0.993360, -0.105839,
		0.319798, 0.086014, -0.943573,
		43.744698, 55.344280, 51.109795>
	pigment { color rgbt <0,1,1,0> }
	no_shadow
}
cylinder {
	<43.235069, 55.104198, 52.440186>,  <43.520840, 55.284073, 51.770298>, 0.130000
	pigment { color rgbt <1,0,0,0> }
	no_shadow
}

// nucleotide -1

// particle -1
sphere {
	<43.235069, 55.104198, 52.440186> 0.250000
	pigment { color rgbt <1,0,0,0> }
	no_shadow
}
cylinder {
	<43.070679, 54.905724, 52.746101>,  <42.972046, 54.786640, 52.929649>, 0.100000
	pigment { color rgbt <1,0,0,0> }
	no_shadow
}
cylinder {
	<43.070679, 54.905724, 52.746101>,  <43.235069, 55.104198, 52.440186>, 0.100000
	pigment { color rgbt <1,0,0,0> }
	no_shadow
}

// particle -1
sphere {
	<43.070679, 54.905724, 52.746101> 0.100000
	pigment { color rgbt <1,0,0,0> }
	no_shadow
}
sphere {
	0, 1
	scale<0.080000,0.200000,0.300000>
	matrix <0.403342, 0.653370, 0.640643,
		-0.817566, 0.571760, -0.068388,
		-0.410977, -0.496184, 0.764787,
		42.947384, 54.756870, 52.975536>
	pigment { color rgbt <0,1,1,0> }
	no_shadow
}
cylinder {
	<43.840561, 55.654003, 52.527027>,  <43.235069, 55.104198, 52.440186>, 0.130000
	pigment { color rgbt <1,0,0,0> }
	no_shadow
}

// nucleotide -1

// particle -1
sphere {
	<43.840561, 55.654003, 52.527027> 0.250000
	pigment { color rgbt <1,0,0,0> }
	no_shadow
}
cylinder {
	<44.140457, 55.904072, 52.440258>,  <44.320396, 56.054111, 52.388199>, 0.100000
	pigment { color rgbt <1,0,0,0> }
	no_shadow
}
cylinder {
	<44.140457, 55.904072, 52.440258>,  <43.840561, 55.654003, 52.527027>, 0.100000
	pigment { color rgbt <1,0,0,0> }
	no_shadow
}

// particle -1
sphere {
	<44.140457, 55.904072, 52.440258> 0.100000
	pigment { color rgbt <1,0,0,0> }
	no_shadow
}
sphere {
	0, 1
	scale<0.080000,0.200000,0.300000>
	matrix <0.433599, -0.216493, 0.874713,
		0.499881, -0.749864, -0.433386,
		0.749740, 0.625168, -0.216919,
		44.365379, 56.091621, 52.375183>
	pigment { color rgbt <0,1,1,0> }
	no_shadow
}
cylinder {
	<44.487686, 55.355865, 52.766788>,  <43.840561, 55.654003, 52.527027>, 0.130000
	pigment { color rgbt <1,0,0,0> }
	no_shadow
}

// nucleotide -1

// particle -1
sphere {
	<44.487686, 55.355865, 52.766788> 0.250000
	pigment { color rgbt <1,0,0,0> }
	no_shadow
}
cylinder {
	<44.553291, 55.749641, 52.741573>,  <44.592655, 55.985909, 52.726444>, 0.100000
	pigment { color rgbt <1,0,0,0> }
	no_shadow
}
cylinder {
	<44.553291, 55.749641, 52.741573>,  <44.487686, 55.355865, 52.766788>, 0.100000
	pigment { color rgbt <1,0,0,0> }
	no_shadow
}

// particle -1
sphere {
	<44.553291, 55.749641, 52.741573> 0.100000
	pigment { color rgbt <1,0,0,0> }
	no_shadow
}
sphere {
	0, 1
	scale<0.080000,0.200000,0.300000>
	matrix <0.634361, -0.056322, 0.770983,
		0.755438, -0.166437, -0.633729,
		0.164013, 0.984442, -0.063034,
		44.602493, 56.044975, 52.722664>
	pigment { color rgbt <0,1,1,0> }
	no_shadow
}
cylinder {
	<45.181534, 55.436958, 52.568512>,  <44.487686, 55.355865, 52.766788>, 0.130000
	pigment { color rgbt <1,0,0,0> }
	no_shadow
}

// nucleotide -1

// particle -1
sphere {
	<45.181534, 55.436958, 52.568512> 0.250000
	pigment { color rgbt <1,0,0,0> }
	no_shadow
}
cylinder {
	<45.038666, 55.746826, 52.777245>,  <44.952946, 55.932747, 52.902485>, 0.100000
	pigment { color rgbt <1,0,0,0> }
	no_shadow
}
cylinder {
	<45.038666, 55.746826, 52.777245>,  <45.181534, 55.436958, 52.568512>, 0.100000
	pigment { color rgbt <1,0,0,0> }
	no_shadow
}

// particle -1
sphere {
	<45.038666, 55.746826, 52.777245> 0.100000
	pigment { color rgbt <1,0,0,0> }
	no_shadow
}
sphere {
	0, 1
	scale<0.080000,0.200000,0.300000>
	matrix <0.590328, -0.245733, 0.768848,
		0.723837, 0.582665, -0.369542,
		-0.357172, 0.774672, 0.521835,
		44.931515, 55.979229, 52.933796>
	pigment { color rgbt <0,1,1,0> }
	no_shadow
}
cylinder {
	<45.743454, 55.581142, 53.102032>,  <45.181534, 55.436958, 52.568512>, 0.130000
	pigment { color rgbt <1,0,0,0> }
	no_shadow
}

// nucleotide -1

// particle -1
sphere {
	<45.743454, 55.581142, 53.102032> 0.250000
	pigment { color rgbt <1,0,0,0> }
	no_shadow
}
cylinder {
	<45.462410, 55.854652, 53.180817>,  <45.293781, 56.018757, 53.228088>, 0.100000
	pigment { color rgbt <1,0,0,0> }
	no_shadow
}
cylinder {
	<45.462410, 55.854652, 53.180817>,  <45.743454, 55.581142, 53.102032>, 0.100000
	pigment { color rgbt <1,0,0,0> }
	no_shadow
}

// particle -1
sphere {
	<45.462410, 55.854652, 53.180817> 0.100000
	pigment { color rgbt <1,0,0,0> }
	no_shadow
}
sphere {
	0, 1
	scale<0.080000,0.200000,0.300000>
	matrix <0.170755, -0.106694, 0.979520,
		0.690782, 0.721855, -0.041792,
		-0.702612, 0.683771, 0.196963,
		45.251625, 56.059784, 53.239906>
	pigment { color rgbt <0,1,1,0> }
	no_shadow
}
cylinder {
	<46.047596, 56.171013, 53.406506>,  <45.743454, 55.581142, 53.102032>, 0.130000
	pigment { color rgbt <1,0,0,0> }
	no_shadow
}

// nucleotide -1

// particle -1
sphere {
	<46.047596, 56.171013, 53.406506> 0.250000
	pigment { color rgbt <1,0,0,0> }
	no_shadow
}
cylinder {
	<45.690441, 56.043655, 53.533867>,  <45.476147, 55.967243, 53.610283>, 0.100000
	pigment { color rgbt <1,0,0,0> }
	no_shadow
}
cylinder {
	<45.690441, 56.043655, 53.533867>,  <46.047596, 56.171013, 53.406506>, 0.100000
	pigment { color rgbt <1,0,0,0> }
	no_shadow
}

// particle -1
sphere {
	<45.690441, 56.043655, 53.533867> 0.100000
	pigment { color rgbt <1,0,0,0> }
	no_shadow
}
sphere {
	0, 1
	scale<0.080000,0.200000,0.300000>
	matrix <0.313205, 0.068885, 0.947184,
		-0.323506, 0.945454, 0.038214,
		-0.892886, -0.318389, 0.318406,
		45.422577, 55.948139, 53.629387>
	pigment { color rgbt <0,1,1,0> }
	no_shadow
}
cylinder {
	<45.779366, 56.673187, 53.802662>,  <46.047596, 56.171013, 53.406506>, 0.130000
	pigment { color rgbt <1,0,0,0> }
	no_shadow
}

// nucleotide -1

// particle -1
sphere {
	<45.779366, 56.673187, 53.802662> 0.250000
	pigment { color rgbt <1,0,0,0> }
	no_shadow
}
cylinder {
	<45.654839, 56.311245, 53.918816>,  <45.580124, 56.094082, 53.988506>, 0.100000
	pigment { color rgbt <1,0,0,0> }
	no_shadow
}
cylinder {
	<45.654839, 56.311245, 53.918816>,  <45.779366, 56.673187, 53.802662>, 0.100000
	pigment { color rgbt <1,0,0,0> }
	no_shadow
}

// particle -1
sphere {
	<45.654839, 56.311245, 53.918816> 0.100000
	pigment { color rgbt <1,0,0,0> }
	no_shadow
}
sphere {
	0, 1
	scale<0.080000,0.200000,0.300000>
	matrix <0.739246, -0.038577, 0.672330,
		-0.597157, 0.423975, 0.680918,
		-0.311319, -0.904852, 0.290385,
		45.561443, 56.039791, 54.005932>
	pigment { color rgbt <0,1,1,0> }
	no_shadow
}
cylinder {
	<45.510868, 56.675434, 54.547832>,  <45.779366, 56.673187, 53.802662>, 0.130000
	pigment { color rgbt <1,0,0,0> }
	no_shadow
}

// nucleotide -1

// particle -1
sphere {
	<45.510868, 56.675434, 54.547832> 0.250000
	pigment { color rgbt <1,0,0,0> }
	no_shadow
}
cylinder {
	<45.703331, 56.367973, 54.379234>,  <45.818810, 56.183498, 54.278076>, 0.100000
	pigment { color rgbt <1,0,0,0> }
	no_shadow
}
cylinder {
	<45.703331, 56.367973, 54.379234>,  <45.510868, 56.675434, 54.547832>, 0.100000
	pigment { color rgbt <1,0,0,0> }
	no_shadow
}

// particle -1
sphere {
	<45.703331, 56.367973, 54.379234> 0.100000
	pigment { color rgbt <1,0,0,0> }
	no_shadow
}
sphere {
	0, 1
	scale<0.080000,0.200000,0.300000>
	matrix <0.801261, 0.190562, 0.567158,
		-0.355625, -0.610624, 0.707581,
		0.481158, -0.768651, -0.421500,
		45.847679, 56.137379, 54.252785>
	pigment { color rgbt <0,1,1,0> }
	no_shadow
}
cylinder {
	<45.842899, 56.319466, 55.017933>,  <45.510868, 56.675434, 54.547832>, 0.130000
	pigment { color rgbt <1,0,0,0> }
	no_shadow
}

// nucleotide -1

// particle -1
sphere {
	<45.842899, 56.319466, 55.017933> 0.250000
	pigment { color rgbt <1,0,0,0> }
	no_shadow
}
cylinder {
	<46.038883, 56.249664, 54.676292>,  <46.156475, 56.207783, 54.471310>, 0.100000
	pigment { color rgbt <1,0,0,0> }
	no_shadow
}
cylinder {
	<46.038883, 56.249664, 54.676292>,  <45.842899, 56.319466, 55.017933>, 0.100000
	pigment { color rgbt <1,0,0,0> }
	no_shadow
}

// particle -1
sphere {
	<46.038883, 56.249664, 54.676292> 0.100000
	pigment { color rgbt <1,0,0,0> }
	no_shadow
}
sphere {
	0, 1
	scale<0.080000,0.200000,0.300000>
	matrix <0.870758, 0.051405, 0.489018,
		-0.041428, -0.983315, 0.177133,
		0.489964, -0.174499, -0.854099,
		46.185871, 56.197315, 54.420063>
	pigment { color rgbt <0,1,1,0> }
	no_shadow
}
cylinder {
	<46.160694, 55.673435, 54.939732>,  <45.842899, 56.319466, 55.017933>, 0.130000
	pigment { color rgbt <1,0,0,0> }
	no_shadow
}

// nucleotide -1

// particle -1
sphere {
	<46.160694, 55.673435, 54.939732> 0.250000
	pigment { color rgbt <1,0,0,0> }
	no_shadow
}
cylinder {
	<46.365112, 55.886730, 54.670067>,  <46.487762, 56.014706, 54.508270>, 0.100000
	pigment { color rgbt <1,0,0,0> }
	no_shadow
}
cylinder {
	<46.365112, 55.886730, 54.670067>,  <46.160694, 55.673435, 54.939732>, 0.100000
	pigment { color rgbt <1,0,0,0> }
	no_shadow
}

// particle -1
sphere {
	<46.365112, 55.886730, 54.670067> 0.100000
	pigment { color rgbt <1,0,0,0> }
	no_shadow
}
sphere {
	0, 1
	scale<0.080000,0.200000,0.300000>
	matrix <0.848881, -0.189903, 0.493292,
		0.135015, -0.824378, -0.549701,
		0.511049, 0.533233, -0.674159,
		46.518429, 56.046700, 54.467819>
	pigment { color rgbt <0,1,1,0> }
	no_shadow
}
cylinder {
	<46.678596, 55.357609, 54.588970>,  <46.160694, 55.673435, 54.939732>, 0.130000
	pigment { color rgbt <1,0,0,0> }
	no_shadow
}

// nucleotide -1

// particle -1
sphere {
	<46.678596, 55.357609, 54.588970> 0.250000
	pigment { color rgbt <1,0,0,0> }
	no_shadow
}
cylinder {
	<46.823631, 55.730370, 54.585381>,  <46.910652, 55.954025, 54.583225>, 0.100000
	pigment { color rgbt <1,0,0,0> }
	no_shadow
}
cylinder {
	<46.823631, 55.730370, 54.585381>,  <46.678596, 55.357609, 54.588970>, 0.100000
	pigment { color rgbt <1,0,0,0> }
	no_shadow
}

// particle -1
sphere {
	<46.823631, 55.730370, 54.585381> 0.100000
	pigment { color rgbt <1,0,0,0> }
	no_shadow
}
sphere {
	0, 1
	scale<0.080000,0.200000,0.300000>
	matrix <0.823204, -0.315748, 0.471846,
		0.436881, -0.178476, -0.881635,
		0.362588, 0.931906, -0.008978,
		46.932407, 56.009941, 54.582687>
	pigment { color rgbt <0,1,1,0> }
	no_shadow
}
cylinder {
	<47.487885, 55.428032, 54.426060>,  <46.678596, 55.357609, 54.588970>, 0.130000
	pigment { color rgbt <1,0,0,0> }
	no_shadow
}

// nucleotide -1

// particle -1
sphere {
	<47.487885, 55.428032, 54.426060> 0.250000
	pigment { color rgbt <1,0,0,0> }
	no_shadow
}
cylinder {
	<47.394272, 55.728134, 54.673397>,  <47.338104, 55.908195, 54.821800>, 0.100000
	pigment { color rgbt <1,0,0,0> }
	no_shadow
}
cylinder {
	<47.394272, 55.728134, 54.673397>,  <47.487885, 55.428032, 54.426060>, 0.100000
	pigment { color rgbt <1,0,0,0> }
	no_shadow
}

// particle -1
sphere {
	<47.394272, 55.728134, 54.673397> 0.100000
	pigment { color rgbt <1,0,0,0> }
	no_shadow
}
sphere {
	0, 1
	scale<0.080000,0.200000,0.300000>
	matrix <0.872286, -0.118843, 0.474334,
		0.429357, 0.650383, -0.626622,
		-0.234029, 0.750252, 0.618346,
		47.324062, 55.953209, 54.858902>
	pigment { color rgbt <0,1,1,0> }
	no_shadow
}
cylinder {
	<47.996227, 55.952019, 54.371773>,  <47.487885, 55.428032, 54.426060>, 0.130000
	pigment { color rgbt <1,0,0,0> }
	no_shadow
}

// nucleotide -1

// particle -1
sphere {
	<47.996227, 55.952019, 54.371773> 0.250000
	pigment { color rgbt <1,0,0,0> }
	no_shadow
}
cylinder {
	<47.849957, 55.888741, 54.738651>,  <47.762192, 55.850773, 54.958778>, 0.100000
	pigment { color rgbt <1,0,0,0> }
	no_shadow
}
cylinder {
	<47.849957, 55.888741, 54.738651>,  <47.996227, 55.952019, 54.371773>, 0.100000
	pigment { color rgbt <1,0,0,0> }
	no_shadow
}

// particle -1
sphere {
	<47.849957, 55.888741, 54.738651> 0.100000
	pigment { color rgbt <1,0,0,0> }
	no_shadow
}
sphere {
	0, 1
	scale<0.080000,0.200000,0.300000>
	matrix <0.910232, -0.266517, 0.316933,
		0.194311, 0.950759, 0.241455,
		-0.365679, -0.158196, 0.917198,
		47.740253, 55.841282, 55.013809>
	pigment { color rgbt <0,1,1,0> }
	no_shadow
}
cylinder {
	<48.439098, 56.298149, 54.750759>,  <47.996227, 55.952019, 54.371773>, 0.130000
	pigment { color rgbt <1,0,0,0> }
	no_shadow
}

// nucleotide -1

// particle -1
sphere {
	<48.439098, 56.298149, 54.750759> 0.250000
	pigment { color rgbt <1,0,0,0> }
	no_shadow
}
cylinder {
	<48.271183, 56.023937, 54.988693>,  <48.170433, 55.859409, 55.131454>, 0.100000
	pigment { color rgbt <1,0,0,0> }
	no_shadow
}
cylinder {
	<48.271183, 56.023937, 54.988693>,  <48.439098, 56.298149, 54.750759>, 0.100000
	pigment { color rgbt <1,0,0,0> }
	no_shadow
}

// particle -1
sphere {
	<48.271183, 56.023937, 54.988693> 0.100000
	pigment { color rgbt <1,0,0,0> }
	no_shadow
}
sphere {
	0, 1
	scale<0.080000,0.200000,0.300000>
	matrix <0.903637, -0.254331, 0.344611,
		-0.084955, 0.682178, 0.726234,
		-0.419789, -0.685528, 0.594835,
		48.145245, 55.818279, 55.167145>
	pigment { color rgbt <0,1,1,0> }
	no_shadow
}
cylinder {
	<48.374043, 56.487484, 55.526611>,  <48.439098, 56.298149, 54.750759>, 0.130000
	pigment { color rgbt <1,0,0,0> }
	no_shadow
}

// nucleotide -1

// particle -1
sphere {
	<48.374043, 56.487484, 55.526611> 0.250000
	pigment { color rgbt <1,0,0,0> }
	no_shadow
}
cylinder {
	<48.430195, 56.093353, 55.487762>,  <48.463886, 55.856876, 55.464455>, 0.100000
	pigment { color rgbt <1,0,0,0> }
	no_shadow
}
cylinder {
	<48.430195, 56.093353, 55.487762>,  <48.374043, 56.487484, 55.526611>, 0.100000
	pigment { color rgbt <1,0,0,0> }
	no_shadow
}

// particle -1
sphere {
	<48.430195, 56.093353, 55.487762> 0.100000
	pigment { color rgbt <1,0,0,0> }
	no_shadow
}
sphere {
	0, 1
	scale<0.080000,0.200000,0.300000>
	matrix <0.754209, 0.042870, 0.655234,
		-0.641454, -0.165229, 0.749157,
		0.140380, -0.985323, -0.097118,
		48.472309, 55.797756, 55.458626>
	pigment { color rgbt <0,1,1,0> }
	no_shadow
}
cylinder {
	<47.770473, 56.810524, 55.546799>,  <48.374043, 56.487484, 55.526611>, 0.130000
	pigment { color rgbt <1,0,0,0> }
	no_shadow
}

// nucleotide -1

// particle -1
sphere {
	<47.770473, 56.810524, 55.546799> 0.250000
	pigment { color rgbt <1,0,0,0> }
	no_shadow
}
cylinder {
	<47.668465, 56.537785, 55.821037>,  <47.607262, 56.374142, 55.985580>, 0.100000
	pigment { color rgbt <1,0,0,0> }
	no_shadow
}
cylinder {
	<47.668465, 56.537785, 55.821037>,  <47.770473, 56.810524, 55.546799>, 0.100000
	pigment { color rgbt <1,0,0,0> }
	no_shadow
}

// particle -1
sphere {
	<47.668465, 56.537785, 55.821037> 0.100000
	pigment { color rgbt <1,0,0,0> }
	no_shadow
}
sphere {
	0, 1
	scale<0.080000,0.200000,0.300000>
	matrix <0.947094, -0.319045, 0.034984,
		0.194884, 0.658249, 0.727137,
		-0.255017, -0.681849, 0.685600,
		47.591961, 56.333229, 56.026718>
	pigment { color rgbt <0,1,1,0> }
	no_shadow
}
cylinder {
	<48.013973, 56.893784, 56.209743>,  <47.770473, 56.810524, 55.546799>, 0.130000
	pigment { color rgbt <1,0,0,0> }
	no_shadow
}

// nucleotide -1

// particle -1
sphere {
	<48.013973, 56.893784, 56.209743> 0.250000
	pigment { color rgbt <1,0,0,0> }
	no_shadow
}
cylinder {
	<47.962482, 56.500874, 56.155228>,  <47.931587, 56.265129, 56.122517>, 0.100000
	pigment { color rgbt <1,0,0,0> }
	no_shadow
}
cylinder {
	<47.962482, 56.500874, 56.155228>,  <48.013973, 56.893784, 56.209743>, 0.100000
	pigment { color rgbt <1,0,0,0> }
	no_shadow
}

// particle -1
sphere {
	<47.962482, 56.500874, 56.155228> 0.100000
	pigment { color rgbt <1,0,0,0> }
	no_shadow
}
sphere {
	0, 1
	scale<0.080000,0.200000,0.300000>
	matrix <0.989723, -0.135882, 0.044548,
		-0.062277, -0.129154, 0.989667,
		-0.128725, -0.982270, -0.136289,
		47.923866, 56.206192, 56.114342>
	pigment { color rgbt <0,1,1,0> }
	no_shadow
}
cylinder {
	<48.384708, 56.395264, 56.755272>,  <48.013973, 56.893784, 56.209743>, 0.130000
	pigment { color rgbt <1,0,0,0> }
	no_shadow
}

// nucleotide -1

// particle -1
sphere {
	<48.384708, 56.395264, 56.755272> 0.250000
	pigment { color rgbt <1,0,0,0> }
	no_shadow
}
cylinder {
	<48.358662, 56.284637, 56.371758>,  <48.343033, 56.218262, 56.141647>, 0.100000
	pigment { color rgbt <1,0,0,0> }
	no_shadow
}
cylinder {
	<48.358662, 56.284637, 56.371758>,  <48.384708, 56.395264, 56.755272>, 0.100000
	pigment { color rgbt <1,0,0,0> }
	no_shadow
}

// particle -1
sphere {
	<48.358662, 56.284637, 56.371758> 0.100000
	pigment { color rgbt <1,0,0,0> }
	no_shadow
}
sphere {
	0, 1
	scale<0.080000,0.200000,0.300000>
	matrix <0.977610, -0.210348, -0.005718,
		-0.200098, -0.937690, 0.284074,
		-0.065116, -0.276570, -0.958785,
		48.339127, 56.201668, 56.084122>
	pigment { color rgbt <0,1,1,0> }
	no_shadow
}
cylinder {
	<48.403240, 55.700439, 56.618599>,  <48.384708, 56.395264, 56.755272>, 0.130000
	pigment { color rgbt <1,0,0,0> }
	no_shadow
}

// nucleotide -1

// particle -1
sphere {
	<48.403240, 55.700439, 56.618599> 0.250000
	pigment { color rgbt <1,0,0,0> }
	no_shadow
}
cylinder {
	<48.564022, 55.896770, 56.309402>,  <48.660492, 56.014568, 56.123886>, 0.100000
	pigment { color rgbt <1,0,0,0> }
	no_shadow
}
cylinder {
	<48.564022, 55.896770, 56.309402>,  <48.403240, 55.700439, 56.618599>, 0.100000
	pigment { color rgbt <1,0,0,0> }
	no_shadow
}

// particle -1
sphere {
	<48.564022, 55.896770, 56.309402> 0.100000
	pigment { color rgbt <1,0,0,0> }
	no_shadow
}
sphere {
	0, 1
	scale<0.080000,0.200000,0.300000>
	matrix <0.892941, -0.396998, 0.212249,
		-0.202697, -0.775550, -0.597860,
		0.401959, 0.490831, -0.772991,
		48.684608, 56.044022, 56.077507>
	pigment { color rgbt <0,1,1,0> }
	no_shadow
}
cylinder {
	<48.895519, 55.299103, 56.163387>,  <48.403240, 55.700439, 56.618599>, 0.130000
	pigment { color rgbt <1,0,0,0> }
	no_shadow
}

// nucleotide -1

// particle -1
sphere {
	<48.895519, 55.299103, 56.163387> 0.250000
	pigment { color rgbt <1,0,0,0> }
	no_shadow
}
cylinder {
	<48.998497, 55.684944, 56.140518>,  <49.060284, 55.916447, 56.126797>, 0.100000
	pigment { color rgbt <1,0,0,0> }
	no_shadow
}
cylinder {
	<48.998497, 55.684944, 56.140518>,  <48.895519, 55.299103, 56.163387>, 0.100000
	pigment { color rgbt <1,0,0,0> }
	no_shadow
}

// particle -1
sphere {
	<48.998497, 55.684944, 56.140518> 0.100000
	pigment { color rgbt <1,0,0,0> }
	no_shadow
}
sphere {
	0, 1
	scale<0.080000,0.200000,0.300000>
	matrix <0.964056, -0.252368, 0.083108,
		0.065736, -0.076517, -0.994899,
		0.257440, 0.964601, -0.057177,
		49.075729, 55.974323, 56.123363>
	pigment { color rgbt <0,1,1,0> }
	no_shadow
}
cylinder {
	<49.432022, 55.400185, 55.571922>,  <48.895519, 55.299103, 56.163387>, 0.130000
	pigment { color rgbt <1,0,0,0> }
	no_shadow
}

// nucleotide -1

// particle -1
sphere {
	<49.432022, 55.400185, 55.571922> 0.250000
	pigment { color rgbt <1,0,0,0> }
	no_shadow
}
cylinder {
	<49.442413, 55.701241, 55.835091>,  <49.448647, 55.881874, 55.992992>, 0.100000
	pigment { color rgbt <1,0,0,0> }
	no_shadow
}
cylinder {
	<49.442413, 55.701241, 55.835091>,  <49.432022, 55.400185, 55.571922>, 0.100000
	pigment { color rgbt <1,0,0,0> }
	no_shadow
}

// particle -1
sphere {
	<49.442413, 55.701241, 55.835091> 0.100000
	pigment { color rgbt <1,0,0,0> }
	no_shadow
}
sphere {
	0, 1
	scale<0.080000,0.200000,0.300000>
	matrix <0.994395, 0.048014, -0.094193,
		-0.102483, 0.656678, -0.747176,
		0.025979, 0.752641, 0.657918,
		49.450207, 55.927032, 56.032467>
	pigment { color rgbt <0,1,1,0> }
	no_shadow
}
cylinder {
	<49.871456, 55.965866, 55.319489>,  <49.432022, 55.400185, 55.571922>, 0.130000
	pigment { color rgbt <1,0,0,0> }
	no_shadow
}

// nucleotide -1

// particle -1
sphere {
	<49.871456, 55.965866, 55.319489> 0.250000
	pigment { color rgbt <1,0,0,0> }
	no_shadow
}
cylinder {
	<49.880417, 55.979515, 55.719154>,  <49.885792, 55.987705, 55.958954>, 0.100000
	pigment { color rgbt <1,0,0,0> }
	no_shadow
}
cylinder {
	<49.880417, 55.979515, 55.719154>,  <49.871456, 55.965866, 55.319489>, 0.100000
	pigment { color rgbt <1,0,0,0> }
	no_shadow
}

// particle -1
sphere {
	<49.880417, 55.979515, 55.719154> 0.100000
	pigment { color rgbt <1,0,0,0> }
	no_shadow
}
sphere {
	0, 1
	scale<0.080000,0.200000,0.300000>
	matrix <0.994816, 0.098402, -0.025663,
		-0.099196, 0.994561, -0.031743,
		0.022400, 0.034124, 0.999167,
		49.887138, 55.989754, 56.018906>
	pigment { color rgbt <0,1,1,0> }
	no_shadow
}
cylinder {
	<50.302116, 56.515575, 55.504375>,  <49.871456, 55.965866, 55.319489>, 0.130000
	pigment { color rgbt <1,0,0,0> }
	no_shadow
}

// nucleotide -1

// particle -1
sphere {
	<50.302116, 56.515575, 55.504375> 0.250000
	pigment { color rgbt <1,0,0,0> }
	no_shadow
}
cylinder {
	<50.272041, 56.204708, 55.754288>,  <50.253994, 56.018188, 55.904236>, 0.100000
	pigment { color rgbt <1,0,0,0> }
	no_shadow
}
cylinder {
	<50.272041, 56.204708, 55.754288>,  <50.302116, 56.515575, 55.504375>, 0.100000
	pigment { color rgbt <1,0,0,0> }
	no_shadow
}

// particle -1
sphere {
	<50.272041, 56.204708, 55.754288> 0.100000
	pigment { color rgbt <1,0,0,0> }
	no_shadow
}
sphere {
	0, 1
	scale<0.080000,0.200000,0.300000>
	matrix <0.993705, -0.110579, -0.017959,
		0.083045, 0.619502, 0.780590,
		-0.075191, -0.777168, 0.624785,
		50.249485, 55.971558, 55.941723>
	pigment { color rgbt <0,1,1,0> }
	no_shadow
}
cylinder {
	<50.711464, 56.615570, 56.154953>,  <50.302116, 56.515575, 55.504375>, 0.130000
	pigment { color rgbt <1,0,0,0> }
	no_shadow
}

// nucleotide -1

// particle -1
sphere {
	<50.711464, 56.615570, 56.154953> 0.250000
	pigment { color rgbt <1,0,0,0> }
	no_shadow
}
cylinder {
	<50.669563, 56.235703, 56.036865>,  <50.644424, 56.007782, 55.966011>, 0.100000
	pigment { color rgbt <1,0,0,0> }
	no_shadow
}
cylinder {
	<50.669563, 56.235703, 56.036865>,  <50.711464, 56.615570, 56.154953>, 0.100000
	pigment { color rgbt <1,0,0,0> }
	no_shadow
}

// particle -1
sphere {
	<50.669563, 56.235703, 56.036865> 0.100000
	pigment { color rgbt <1,0,0,0> }
	no_shadow
}
sphere {
	0, 1
	scale<0.080000,0.200000,0.300000>
	matrix <0.994390, -0.095628, -0.045211,
		0.014704, -0.298302, 0.954358,
		-0.104750, -0.949669, -0.295222,
		50.638138, 55.950802, 55.948299>
	pigment { color rgbt <0,1,1,0> }
	no_shadow
}
cylinder {
	<51.212208, 56.305447, 56.569447>,  <50.711464, 56.615570, 56.154953>, 0.130000
	pigment { color rgbt <1,0,0,0> }
	no_shadow
}

// nucleotide -1

// particle -1
sphere {
	<51.212208, 56.305447, 56.569447> 0.250000
	pigment { color rgbt <1,0,0,0> }
	no_shadow
}
cylinder {
	<51.116669, 56.075668, 56.256279>,  <51.059345, 55.937801, 56.068378>, 0.100000
	pigment { color rgbt <1,0,0,0> }
	no_shadow
}
cylinder {
	<51.116669, 56.075668, 56.256279>,  <51.212208, 56.305447, 56.569447>, 0.100000
	pigment { color rgbt <1,0,0,0> }
	no_shadow
}

// particle -1
sphere {
	<51.116669, 56.075668, 56.256279> 0.100000
	pigment { color rgbt <1,0,0,0> }
	no_shadow
}
sphere {
	0, 1
	scale<0.080000,0.200000,0.300000>
	matrix <0.967387, -0.210789, -0.140465,
		-0.084340, -0.790934, 0.606061,
		-0.238850, -0.574448, -0.782918,
		51.045013, 55.903336, 56.021404>
	pigment { color rgbt <0,1,1,0> }
	no_shadow
}
cylinder {
	<51.484188, 55.447479, 56.589504>,  <51.212208, 56.305447, 56.569447>, 0.130000
	pigment { color rgbt <1,0,0,0> }
	no_shadow
}

// nucleotide -1

// particle -1
sphere {
	<51.484188, 55.447479, 56.589504> 0.250000
	pigment { color rgbt <1,0,0,0> }
	no_shadow
}
cylinder {
	<51.476032, 55.670906, 56.257820>,  <51.471138, 55.804962, 56.058811>, 0.100000
	pigment { color rgbt <1,0,0,0> }
	no_shadow
}
cylinder {
	<51.476032, 55.670906, 56.257820>,  <51.484188, 55.447479, 56.589504>, 0.100000
	pigment { color rgbt <1,0,0,0> }
	no_shadow
}

// particle -1
sphere {
	<51.476032, 55.670906, 56.257820> 0.100000
	pigment { color rgbt <1,0,0,0> }
	no_shadow
}
sphere {
	0, 1
	scale<0.080000,0.200000,0.300000>
	matrix <0.998850, -0.024621, -0.041145,
		-0.043398, -0.829094, -0.557423,
