// switches for output
#declare DRAW_BASES = 1; // possible values are 0, 1; only relevant for DNA ribbons
#declare DRAW_BASES_TYPE = 3; // possible values are 1, 2, 3; only relevant for DNA ribbons
#declare DRAW_FOG = 0; // set to 1 to enable fog

#include "colors.inc"

#include "transforms.inc"
background { rgb <1, 1, 1>}

#default {
   normal{
       ripples 0.25
       frequency 0.20
       turbulence 0.2
       lambda 5
   }
	finish {
		phong 0.1
		phong_size 40.
	}
}

// original window dimensions: 1024x640


// camera settings

camera {
	sky <-0, 1, 0>
	up <-0, 1, 0>
	right 1.6 * <0.99995, 0, 0.00999983>
	location <54.4867, 55, 106.329>
	look_at <55, 55, 55.0001>
	direction <0.513302, 0, -51.3289>
	angle 67.0682
}


# declare cpy_camera_pos = <54.4867, 55, 106.329>;
# if (DRAW_FOG = 1)
fog {
	fog_type 2
	up vnormalize(cpy_camera_pos)
	color rgbt<1,1,1,0.3>
	distance 1e-5
	fog_alt 3e-3
	fog_offset 88
}
# end


// LIGHTS

# declare lum = 6;
global_settings {
	ambient_light rgb lum * <0.05, 0.05, 0.05>
	max_trace_level 15
}# declare cpy_direct_light_amount = 0.25;
light_source
{	1000 * <-0.98995, -1, 1.00995>,
	rgb lum * cpy_direct_light_amount
	parallel
}

light_source
{	1000 * <0.98995, 1, -1.00995>,
	rgb lum * cpy_direct_light_amount
	parallel
}

// strand 0

// nucleotide -1

// particle -1
sphere {
	<35.597958, 52.709709, 49.435642> 0.250000
	pigment { color rgbt <1,0,0,0> }
	no_shadow
}
cylinder {
	<35.764408, 53.054813, 49.320763>,  <35.864277, 53.261875, 49.251835>, 0.100000
	pigment { color rgbt <1,0,0,0> }
	no_shadow
}
cylinder {
	<35.764408, 53.054813, 49.320763>,  <35.597958, 52.709709, 49.435642>, 0.100000
	pigment { color rgbt <1,0,0,0> }
	no_shadow
}

// particle -1
sphere {
	<35.764408, 53.054813, 49.320763> 0.100000
	pigment { color rgbt <1,0,0,0> }
	no_shadow
}
sphere {
	0, 1
	scale<0.080000,0.200000,0.300000>
	matrix <0.896463, -0.336342, 0.288491,
		0.152303, -0.377511, -0.913394,
		0.416122, 0.862763, -0.287199,
		35.889244, 53.313641, 49.234604>
	pigment { color rgbt <0,1,1,0> }
	no_shadow
}
cylinder {
	<36.281662, 52.624878, 49.073723>,  <35.597958, 52.709709, 49.435642>, 0.130000
	pigment { color rgbt <1,0,0,0> }
	no_shadow
}

// nucleotide -1

// particle -1
sphere {
	<36.281662, 52.624878, 49.073723> 0.250000
	pigment { color rgbt <1,0,0,0> }
	no_shadow
}
cylinder {
	<36.276173, 52.987526, 49.242416>,  <36.272881, 53.205112, 49.343632>, 0.100000
	pigment { color rgbt <1,0,0,0> }
	no_shadow
}
cylinder {
	<36.276173, 52.987526, 49.242416>,  <36.281662, 52.624878, 49.073723>, 0.100000
	pigment { color rgbt <1,0,0,0> }
	no_shadow
}

// particle -1
sphere {
	<36.276173, 52.987526, 49.242416> 0.100000
	pigment { color rgbt <1,0,0,0> }
	no_shadow
}
sphere {
	0, 1
	scale<0.080000,0.200000,0.300000>
	matrix <0.833170, -0.222831, 0.506136,
		0.552847, 0.358323, -0.752307,
		-0.013723, 0.906615, 0.421735,
		36.272057, 53.259510, 49.368938>
	pigment { color rgbt <0,1,1,0> }
	no_shadow
}
cylinder {
	<36.912674, 53.065323, 48.995911>,  <36.281662, 52.624878, 49.073723>, 0.130000
	pigment { color rgbt <1,0,0,0> }
	no_shadow
}

// nucleotide -1

// particle -1
sphere {
	<36.912674, 53.065323, 48.995911> 0.250000
	pigment { color rgbt <1,0,0,0> }
	no_shadow
}
cylinder {
	<36.729233, 53.102684, 49.349400>,  <36.619167, 53.125099, 49.561493>, 0.100000
	pigment { color rgbt <1,0,0,0> }
	no_shadow
}
cylinder {
	<36.729233, 53.102684, 49.349400>,  <36.912674, 53.065323, 48.995911>, 0.100000
	pigment { color rgbt <1,0,0,0> }
	no_shadow
}

// particle -1
sphere {
	<36.729233, 53.102684, 49.349400> 0.100000
	pigment { color rgbt <1,0,0,0> }
	no_shadow
}
sphere {
	0, 1
	scale<0.080000,0.200000,0.300000>
	matrix <0.800213, -0.389066, 0.456384,
		0.386452, 0.916463, 0.103686,
		-0.458600, 0.093399, 0.883721,
		36.591652, 53.130703, 49.614517>
	pigment { color rgbt <0,1,1,0> }
	no_shadow
}
cylinder {
	<37.494331, 52.875446, 48.543110>,  <36.912674, 53.065323, 48.995911>, 0.130000
	pigment { color rgbt <1,0,0,0> }
	no_shadow
}

// nucleotide -1

// particle -1
sphere {
	<37.494331, 52.875446, 48.543110> 0.250000
	pigment { color rgbt <1,0,0,0> }
	no_shadow
}
cylinder {
	<37.791767, 52.685879, 48.354435>,  <37.970226, 52.572140, 48.241230>, 0.100000
	pigment { color rgbt <1,0,0,0> }
	no_shadow
}
cylinder {
	<37.791767, 52.685879, 48.354435>,  <37.494331, 52.875446, 48.543110>, 0.100000
	pigment { color rgbt <1,0,0,0> }
	no_shadow
}

// particle -1
sphere {
	<37.791767, 52.685879, 48.354435> 0.100000
	pigment { color rgbt <1,0,0,0> }
	no_shadow
}
sphere {
	0, 1
	scale<0.080000,0.200000,0.300000>
	matrix <0.203527, 0.832385, -0.515472,
		0.636913, 0.287297, 0.715404,
		0.743585, -0.473914, -0.471684,
		38.014843, 52.543705, 48.212929>
	pigment { color rgbt <0,1,1,0> }
	no_shadow
}
cylinder {
	<38.176548, 53.197639, 48.696247>,  <37.494331, 52.875446, 48.543110>, 0.130000
	pigment { color rgbt <1,0,0,0> }
	no_shadow
}

// nucleotide -1

// particle -1
sphere {
	<38.176548, 53.197639, 48.696247> 0.250000
	pigment { color rgbt <1,0,0,0> }
	no_shadow
}
cylinder {
	<38.169426, 53.013599, 48.341171>,  <38.165154, 52.903175, 48.128128>, 0.100000
	pigment { color rgbt <1,0,0,0> }
	no_shadow
}
cylinder {
	<38.169426, 53.013599, 48.341171>,  <38.176548, 53.197639, 48.696247>, 0.100000
	pigment { color rgbt <1,0,0,0> }
	no_shadow
}

// particle -1
sphere {
	<38.169426, 53.013599, 48.341171> 0.100000
	pigment { color rgbt <1,0,0,0> }
	no_shadow
}
sphere {
	0, 1
	scale<0.080000,0.200000,0.300000>
	matrix <0.391303, 0.813804, -0.429657,
		0.920090, -0.355007, 0.165547,
		-0.017809, -0.460102, -0.887688,
		38.164082, 52.875568, 48.074863>
	pigment { color rgbt <0,1,1,0> }
	no_shadow
}
cylinder {
	<38.554153, 53.726921, 48.764999>,  <38.176548, 53.197639, 48.696247>, 0.130000
	pigment { color rgbt <1,0,0,0> }
	no_shadow
}

// nucleotide -1

// particle -1
sphere {
	<38.554153, 53.726921, 48.764999> 0.250000
	pigment { color rgbt <1,0,0,0> }
	no_shadow
}
cylinder {
	<38.692932, 54.050243, 48.574730>,  <38.776199, 54.244236, 48.460567>, 0.100000
	pigment { color rgbt <1,0,0,0> }
	no_shadow
}
cylinder {
	<38.692932, 54.050243, 48.574730>,  <38.554153, 53.726921, 48.764999>, 0.100000
	pigment { color rgbt <1,0,0,0> }
	no_shadow
}

// particle -1
sphere {
	<38.692932, 54.050243, 48.574730> 0.100000
	pigment { color rgbt <1,0,0,0> }
	no_shadow
}
sphere {
	0, 1
	scale<0.080000,0.200000,0.300000>
	matrix <0.636505, 0.169566, 0.752402,
		0.688832, -0.563811, -0.455663,
		0.346947, 0.808310, -0.475670,
		38.797016, 54.292736, 48.432030>
	pigment { color rgbt <0,1,1,0> }
	no_shadow
}
cylinder {
	<39.252998, 53.627876, 48.689812>,  <38.554153, 53.726921, 48.764999>, 0.130000
	pigment { color rgbt <1,0,0,0> }
	no_shadow
}

// nucleotide -1

// particle -1
sphere {
	<39.252998, 53.627876, 48.689812> 0.250000
	pigment { color rgbt <1,0,0,0> }
	no_shadow
}
cylinder {
	<39.174046, 54.019356, 48.712429>,  <39.126675, 54.254242, 48.726002>, 0.100000
	pigment { color rgbt <1,0,0,0> }
	no_shadow
}
cylinder {
	<39.174046, 54.019356, 48.712429>,  <39.252998, 53.627876, 48.689812>, 0.100000
	pigment { color rgbt <1,0,0,0> }
	no_shadow
}

// particle -1
sphere {
	<39.174046, 54.019356, 48.712429> 0.100000
	pigment { color rgbt <1,0,0,0> }
	no_shadow
}
sphere {
	0, 1
	scale<0.080000,0.200000,0.300000>
	matrix <0.689766, 0.097661, 0.717415,
		0.696608, 0.180610, -0.694347,
		-0.197383, 0.978694, 0.056547,
		39.114830, 54.312965, 48.729393>
	pigment { color rgbt <0,1,1,0> }
	no_shadow
}
cylinder {
	<39.927452, 54.071251, 48.775318>,  <39.252998, 53.627876, 48.689812>, 0.130000
	pigment { color rgbt <1,0,0,0> }
	no_shadow
}

// nucleotide -1

// particle -1
sphere {
	<39.927452, 54.071251, 48.775318> 0.250000
	pigment { color rgbt <1,0,0,0> }
	no_shadow
}
cylinder {
	<39.630505, 54.290905, 48.928856>,  <39.452335, 54.422695, 49.020981>, 0.100000
	pigment { color rgbt <1,0,0,0> }
	no_shadow
}
cylinder {
	<39.630505, 54.290905, 48.928856>,  <39.927452, 54.071251, 48.775318>, 0.100000
	pigment { color rgbt <1,0,0,0> }
	no_shadow
}

// particle -1
sphere {
	<39.630505, 54.290905, 48.928856> 0.100000
	pigment { color rgbt <1,0,0,0> }
	no_shadow
}
sphere {
	0, 1
	scale<0.080000,0.200000,0.300000>
	matrix <0.621420, 0.350193, 0.700858,
		0.250443, 0.758828, -0.601215,
		-0.742372, 0.549132, 0.383847,
		39.407791, 54.455643, 49.044010>
	pigment { color rgbt <0,1,1,0> }
	no_shadow
}
cylinder {
	<40.187649, 54.797634, 49.051994>,  <39.927452, 54.071251, 48.775318>, 0.130000
	pigment { color rgbt <1,0,0,0> }
	no_shadow
}

// nucleotide -1

// particle -1
sphere {
	<40.187649, 54.797634, 49.051994> 0.250000
	pigment { color rgbt <1,0,0,0> }
	no_shadow
}
cylinder {
	<39.870598, 54.649540, 49.245766>,  <39.680367, 54.560684, 49.362026>, 0.100000
	pigment { color rgbt <1,0,0,0> }
	no_shadow
}
cylinder {
	<39.870598, 54.649540, 49.245766>,  <40.187649, 54.797634, 49.051994>, 0.100000
	pigment { color rgbt <1,0,0,0> }
	no_shadow
}

// particle -1
sphere {
	<39.870598, 54.649540, 49.245766> 0.100000
	pigment { color rgbt <1,0,0,0> }
	no_shadow
}
sphere {
	0, 1
	scale<0.080000,0.200000,0.300000>
	matrix <0.484513, 0.099832, 0.869069,
		-0.370122, 0.923557, 0.100255,
		-0.792626, -0.370237, 0.484426,
		39.632809, 54.538467, 49.391094>
	pigment { color rgbt <0,1,1,0> }
	no_shadow
}
cylinder {
	<39.955811, 55.154381, 49.649323>,  <40.187649, 54.797634, 49.051994>, 0.130000
	pigment { color rgbt <1,0,0,0> }
	no_shadow
}

// nucleotide -1

// particle -1
sphere {
	<39.955811, 55.154381, 49.649323> 0.250000
	pigment { color rgbt <1,0,0,0> }
	no_shadow
}
cylinder {
	<39.897541, 54.761883, 49.699814>,  <39.862579, 54.526382, 49.730110>, 0.100000
	pigment { color rgbt <1,0,0,0> }
	no_shadow
}
cylinder {
	<39.897541, 54.761883, 49.699814>,  <39.955811, 55.154381, 49.649323>, 0.100000
	pigment { color rgbt <1,0,0,0> }
	no_shadow
}

// particle -1
sphere {
	<39.897541, 54.761883, 49.699814> 0.100000
	pigment { color rgbt <1,0,0,0> }
	no_shadow
}
sphere {
	0, 1
	scale<0.080000,0.200000,0.300000>
	matrix <0.628973, 0.006630, 0.777399,
		-0.763656, 0.192646, 0.616211,
		-0.145677, -0.981246, 0.126232,
		39.853836, 54.467510, 49.737682>
	pigment { color rgbt <0,1,1,0> }
	no_shadow
}
cylinder {
	<40.086845, 55.032917, 50.358086>,  <39.955811, 55.154381, 49.649323>, 0.130000
	pigment { color rgbt <1,0,0,0> }
	no_shadow
}

// nucleotide -1

// particle -1
sphere {
	<40.086845, 55.032917, 50.358086> 0.250000
	pigment { color rgbt <1,0,0,0> }
	no_shadow
}
cylinder {
	<40.115189, 54.636402, 50.313667>,  <40.132195, 54.398495, 50.287018>, 0.100000
	pigment { color rgbt <1,0,0,0> }
	no_shadow
}
cylinder {
	<40.115189, 54.636402, 50.313667>,  <40.086845, 55.032917, 50.358086>, 0.100000
	pigment { color rgbt <1,0,0,0> }
	no_shadow
}

// particle -1
sphere {
	<40.115189, 54.636402, 50.313667> 0.100000
	pigment { color rgbt <1,0,0,0> }
	no_shadow
}
sphere {
	0, 1
	scale<0.080000,0.200000,0.300000>
	matrix <0.331137, -0.081637, 0.940045,
		-0.940918, -0.103382, 0.322466,
		0.070859, -0.991286, -0.111047,
		40.136448, 54.339016, 50.280354>
	pigment { color rgbt <0,1,1,0> }
	no_shadow
}
cylinder {
	<39.879089, 54.772060, 51.012047>,  <40.086845, 55.032917, 50.358086>, 0.130000
	pigment { color rgbt <1,0,0,0> }
	no_shadow
}

// nucleotide -1

// particle -1
sphere {
	<39.879089, 54.772060, 51.012047> 0.250000
	pigment { color rgbt <1,0,0,0> }
	no_shadow
}
cylinder {
	<40.106327, 54.505505, 50.818886>,  <40.242672, 54.345570, 50.702991>, 0.100000
	pigment { color rgbt <1,0,0,0> }
	no_shadow
}
cylinder {
	<40.106327, 54.505505, 50.818886>,  <39.879089, 54.772060, 51.012047>, 0.100000
	pigment { color rgbt <1,0,0,0> }
	no_shadow
}

// particle -1
sphere {
	<40.106327, 54.505505, 50.818886> 0.100000
	pigment { color rgbt <1,0,0,0> }
	no_shadow
}
sphere {
	0, 1
	scale<0.080000,0.200000,0.300000>
	matrix <0.580858, -0.090992, 0.808904,
		-0.582984, -0.740031, 0.335385,
		0.568097, -0.666389, -0.482899,
		40.276756, 54.305588, 50.674015>
	pigment { color rgbt <0,1,1,0> }
	no_shadow
}
cylinder {
	<39.941147, 54.105186, 51.423782>,  <39.879089, 54.772060, 51.012047>, 0.130000
	pigment { color rgbt <1,0,0,0> }
	no_shadow
}

// nucleotide -1

// particle -1
sphere {
	<39.941147, 54.105186, 51.423782> 0.250000
	pigment { color rgbt <1,0,0,0> }
	no_shadow
}
cylinder {
	<40.250263, 54.161797, 51.176308>,  <40.435734, 54.195763, 51.027824>, 0.100000
	pigment { color rgbt <1,0,0,0> }
	no_shadow
}
cylinder {
	<40.250263, 54.161797, 51.176308>,  <39.941147, 54.105186, 51.423782>, 0.100000
	pigment { color rgbt <1,0,0,0> }
	no_shadow
}

// particle -1
sphere {
	<40.250263, 54.161797, 51.176308> 0.100000
	pigment { color rgbt <1,0,0,0> }
	no_shadow
}
sphere {
	0, 1
	scale<0.080000,0.200000,0.300000>
	matrix <0.630578, -0.281667, 0.723212,
		-0.071907, -0.949017, -0.306914,
		0.772788, 0.141529, -0.618683,
		40.482101, 54.204254, 50.990704>
	pigment { color rgbt <0,1,1,0> }
	no_shadow
}
cylinder {
	<40.522495, 53.543983, 51.417568>,  <39.941147, 54.105186, 51.423782>, 0.130000
	pigment { color rgbt <1,0,0,0> }
	no_shadow
}

// nucleotide -1

// particle -1
sphere {
	<40.522495, 53.543983, 51.417568> 0.250000
	pigment { color rgbt <1,0,0,0> }
	no_shadow
}
cylinder {
	<40.757767, 53.833572, 51.273396>,  <40.898930, 54.007324, 51.186893>, 0.100000
	pigment { color rgbt <1,0,0,0> }
	no_shadow
}
cylinder {
	<40.757767, 53.833572, 51.273396>,  <40.522495, 53.543983, 51.417568>, 0.100000
	pigment { color rgbt <1,0,0,0> }
	no_shadow
}

// particle -1
sphere {
	<40.757767, 53.833572, 51.273396> 0.100000
	pigment { color rgbt <1,0,0,0> }
	no_shadow
}
sphere {
	0, 1
	scale<0.080000,0.200000,0.300000>
	matrix <0.755029, -0.331876, 0.565500,
		0.289787, -0.604751, -0.741822,
		0.588179, 0.723971, -0.360431,
		40.934219, 54.050762, 51.165268>
	pigment { color rgbt <0,1,1,0> }
	no_shadow
}
cylinder {
	<41.180653, 53.291916, 51.158478>,  <40.522495, 53.543983, 51.417568>, 0.130000
	pigment { color rgbt <1,0,0,0> }
	no_shadow
}

// nucleotide -1

// particle -1
sphere {
	<41.180653, 53.291916, 51.158478> 0.250000
	pigment { color rgbt <1,0,0,0> }
	no_shadow
}
cylinder {
	<41.218658, 53.671631, 51.278362>,  <41.241463, 53.899460, 51.350292>, 0.100000
	pigment { color rgbt <1,0,0,0> }
	no_shadow
}
cylinder {
	<41.218658, 53.671631, 51.278362>,  <41.180653, 53.291916, 51.158478>, 0.100000
	pigment { color rgbt <1,0,0,0> }
	no_shadow
}

// particle -1
sphere {
	<41.218658, 53.671631, 51.278362> 0.100000
	pigment { color rgbt <1,0,0,0> }
	no_shadow
}
sphere {
	0, 1
	scale<0.080000,0.200000,0.300000>
	matrix <0.807315, -0.249629, 0.534722,
		0.582421, 0.191150, -0.790094,
		0.095018, 0.949288, 0.299708,
		41.247166, 53.956417, 51.368275>
	pigment { color rgbt <0,1,1,0> }
	no_shadow
}
cylinder {
	<41.863735, 53.558308, 51.068615>,  <41.180653, 53.291916, 51.158478>, 0.130000
	pigment { color rgbt <1,0,0,0> }
	no_shadow
}

// nucleotide -1

// particle -1
sphere {
	<41.863735, 53.558308, 51.068615> 0.250000
	pigment { color rgbt <1,0,0,0> }
	no_shadow
}
cylinder {
	<41.723179, 53.787971, 51.364418>,  <41.638847, 53.925770, 51.541901>, 0.100000
	pigment { color rgbt <1,0,0,0> }
	no_shadow
}
cylinder {
	<41.723179, 53.787971, 51.364418>,  <41.863735, 53.558308, 51.068615>, 0.100000
	pigment { color rgbt <1,0,0,0> }
	no_shadow
}

// particle -1
sphere {
	<41.723179, 53.787971, 51.364418> 0.100000
	pigment { color rgbt <1,0,0,0> }
	no_shadow
}
sphere {
	0, 1
	scale<0.080000,0.200000,0.300000>
	matrix <0.836214, -0.162747, 0.523697,
		0.421038, 0.802406, -0.422933,
		-0.351387, 0.574159, 0.739506,
		41.617764, 53.960220, 51.586269>
	pigment { color rgbt <0,1,1,0> }
	no_shadow
}
cylinder {
	<42.425999, 54.019699, 51.312767>,  <41.863735, 53.558308, 51.068615>, 0.130000
	pigment { color rgbt <1,0,0,0> }
	no_shadow
}

// nucleotide -1

// particle -1
sphere {
	<42.425999, 54.019699, 51.312767> 0.250000
	pigment { color rgbt <1,0,0,0> }
	no_shadow
}
cylinder {
	<42.146671, 53.931107, 51.585030>,  <41.979073, 53.877953, 51.748386>, 0.100000
	pigment { color rgbt <1,0,0,0> }
	no_shadow
}
cylinder {
	<42.146671, 53.931107, 51.585030>,  <42.425999, 54.019699, 51.312767>, 0.100000
	pigment { color rgbt <1,0,0,0> }
	no_shadow
}

// particle -1
sphere {
	<42.146671, 53.931107, 51.585030> 0.100000
	pigment { color rgbt <1,0,0,0> }
	no_shadow
}
sphere {
	0, 1
	scale<0.080000,0.200000,0.300000>
	matrix <0.706333, -0.367234, 0.605172,
		0.115928, 0.903375, 0.412885,
		-0.698323, -0.221478, 0.680656,
		41.937176, 53.864662, 51.789227>
	pigment { color rgbt <0,1,1,0> }
	no_shadow
}
cylinder {
	<42.401321, 54.438351, 51.897789>,  <42.425999, 54.019699, 51.312767>, 0.130000
	pigment { color rgbt <1,0,0,0> }
	no_shadow
}

// nucleotide -1

// particle -1
sphere {
	<42.401321, 54.438351, 51.897789> 0.250000
	pigment { color rgbt <1,0,0,0> }
	no_shadow
}
cylinder {
	<42.753513, 54.363361, 51.723610>,  <42.964828, 54.318367, 51.619102>, 0.100000
	pigment { color rgbt <1,0,0,0> }
	no_shadow
}
cylinder {
	<42.753513, 54.363361, 51.723610>,  <42.401321, 54.438351, 51.897789>, 0.100000
	pigment { color rgbt <1,0,0,0> }
	no_shadow
}

// particle -1
sphere {
	<42.753513, 54.363361, 51.723610> 0.100000
	pigment { color rgbt <1,0,0,0> }
	no_shadow
}
sphere {
	0, 1
	scale<0.080000,0.200000,0.300000>
	matrix <0.391940, -0.228898, 0.891060,
		-0.266724, -0.955227, -0.128061,
		0.880478, -0.187475, -0.435444,
		43.017658, 54.307121, 51.592976>
	pigment { color rgbt <0,1,1,0> }
	no_shadow
}
cylinder {
	<42.711388, 54.246040, 52.506302>,  <42.401321, 54.438351, 51.897789>, 0.130000
	pigment { color rgbt <1,0,0,0> }
	no_shadow
}

// nucleotide -1

// particle -1
sphere {
	<42.711388, 54.246040, 52.506302> 0.250000
	pigment { color rgbt <1,0,0,0> }
	no_shadow
}
cylinder {
	<42.967033, 54.234020, 52.198891>,  <43.120419, 54.226810, 52.014442>, 0.100000
	pigment { color rgbt <1,0,0,0> }
	no_shadow
}
cylinder {
	<42.967033, 54.234020, 52.198891>,  <42.711388, 54.246040, 52.506302>, 0.100000
	pigment { color rgbt <1,0,0,0> }
	no_shadow
}

// particle -1
sphere {
	<42.967033, 54.234020, 52.198891> 0.100000
	pigment { color rgbt <1,0,0,0> }
	no_shadow
}
sphere {
	0, 1
	scale<0.080000,0.200000,0.300000>
	matrix <0.757090, -0.151420, 0.635521,
		-0.135464, -0.988013, -0.074028,
		0.639112, -0.030044, -0.768527,
		43.158768, 54.225006, 51.968334>
	pigment { color rgbt <0,1,1,0> }
	no_shadow
}
cylinder {
	<43.307796, 53.811371, 52.691158>,  <42.711388, 54.246040, 52.506302>, 0.130000
	pigment { color rgbt <1,0,0,0> }
	no_shadow
}

// nucleotide -1

// particle -1
sphere {
	<43.307796, 53.811371, 52.691158> 0.250000
	pigment { color rgbt <1,0,0,0> }
	no_shadow
}
cylinder {
	<43.422066, 54.083778, 52.421463>,  <43.490627, 54.247223, 52.259647>, 0.100000
	pigment { color rgbt <1,0,0,0> }
	no_shadow
}
cylinder {
	<43.422066, 54.083778, 52.421463>,  <43.307796, 53.811371, 52.691158>, 0.100000
	pigment { color rgbt <1,0,0,0> }
	no_shadow
}

// particle -1
sphere {
	<43.422066, 54.083778, 52.421463> 0.100000
	pigment { color rgbt <1,0,0,0> }
	no_shadow
}
sphere {
	0, 1
	scale<0.080000,0.200000,0.300000>
	matrix <0.749364, 0.279810, 0.600133,
		0.597363, -0.676693, -0.430399,
		0.285676, 0.681023, -0.674238,
		43.507767, 54.288086, 52.219193>
	pigment { color rgbt <0,1,1,0> }
	no_shadow
}
cylinder {
	<43.899612, 53.674664, 52.697639>,  <43.307796, 53.811371, 52.691158>, 0.130000
	pigment { color rgbt <1,0,0,0> }
	no_shadow
}

// nucleotide -1

// particle -1
sphere {
	<43.899612, 53.674664, 52.697639> 0.250000
	pigment { color rgbt <1,0,0,0> }
	no_shadow
}
cylinder {
	<43.872822, 54.045383, 52.549820>,  <43.856747, 54.267815, 52.461128>, 0.100000
	pigment { color rgbt <1,0,0,0> }
	no_shadow
}
cylinder {
	<43.872822, 54.045383, 52.549820>,  <43.899612, 53.674664, 52.697639>, 0.100000
	pigment { color rgbt <1,0,0,0> }
	no_shadow
}

// particle -1
sphere {
	<43.872822, 54.045383, 52.549820> 0.100000
	pigment { color rgbt <1,0,0,0> }
	no_shadow
}
sphere {
	0, 1
	scale<0.080000,0.200000,0.300000>
	matrix <0.785507, 0.277353, 0.553221,
		0.615217, -0.253227, -0.746581,
		-0.066976, 0.926796, -0.369544,
		43.852730, 54.323421, 52.438957>
	pigment { color rgbt <0,1,1,0> }
	no_shadow
}
cylinder {
	<44.172489, 52.943573, 52.596378>,  <43.899612, 53.674664, 52.697639>, 0.130000
	pigment { color rgbt <1,0,0,0> }
	no_shadow
}

// nucleotide -1

// particle -1
sphere {
	<44.172489, 52.943573, 52.596378> 0.250000
	pigment { color rgbt <1,0,0,0> }
	no_shadow
}
cylinder {
	<44.304520, 53.275867, 52.417080>,  <44.383736, 53.475246, 52.309502>, 0.100000
	pigment { color rgbt <1,0,0,0> }
	no_shadow
}
cylinder {
	<44.304520, 53.275867, 52.417080>,  <44.172489, 52.943573, 52.596378>, 0.100000
	pigment { color rgbt <1,0,0,0> }
	no_shadow
}

// particle -1
sphere {
	<44.304520, 53.275867, 52.417080> 0.100000
	pigment { color rgbt <1,0,0,0> }
	no_shadow
}
sphere {
	0, 1
	scale<0.080000,0.200000,0.300000>
	matrix <0.934157, -0.219230, 0.281582,
		0.135654, -0.511673, -0.848404,
		0.330073, 0.830740, -0.448243,
		44.403542, 53.525089, 52.282608>
	pigment { color rgbt <0,1,1,0> }
	no_shadow
}
cylinder {
	<44.816124, 52.817234, 52.412071>,  <44.172489, 52.943573, 52.596378>, 0.130000
	pigment { color rgbt <1,0,0,0> }
	no_shadow
}

// nucleotide -1

// particle -1
sphere {
	<44.816124, 52.817234, 52.412071> 0.250000
	pigment { color rgbt <1,0,0,0> }
	no_shadow
}
cylinder {
	<44.808300, 53.214130, 52.362946>,  <44.803604, 53.452267, 52.333469>, 0.100000
	pigment { color rgbt <1,0,0,0> }
	no_shadow
}
cylinder {
	<44.808300, 53.214130, 52.362946>,  <44.816124, 52.817234, 52.412071>, 0.100000
	pigment { color rgbt <1,0,0,0> }
	no_shadow
}

// particle -1
sphere {
	<44.808300, 53.214130, 52.362946> 0.100000
	pigment { color rgbt <1,0,0,0> }
	no_shadow
}
sphere {
	0, 1
	scale<0.080000,0.200000,0.300000>
	matrix <0.955150, 0.054846, 0.290998,
		0.295475, -0.111614, -0.948808,
		-0.019558, 0.992237, -0.122814,
		44.802433, 53.511803, 52.326103>
	pigment { color rgbt <0,1,1,0> }
	no_shadow
}
cylinder {
	<45.201580, 52.935703, 51.833378>,  <44.816124, 52.817234, 52.412071>, 0.130000
	pigment { color rgbt <1,0,0,0> }
	no_shadow
}

// nucleotide -1

// particle -1
sphere {
	<45.201580, 52.935703, 51.833378> 0.250000
	pigment { color rgbt <1,0,0,0> }
	no_shadow
}
cylinder {
	<45.174000, 53.242165, 52.088959>,  <45.157452, 53.426041, 52.242306>, 0.100000
	pigment { color rgbt <1,0,0,0> }
	no_shadow
}
cylinder {
	<45.174000, 53.242165, 52.088959>,  <45.201580, 52.935703, 51.833378>, 0.100000
	pigment { color rgbt <1,0,0,0> }
	no_shadow
}

// particle -1
sphere {
	<45.174000, 53.242165, 52.088959> 0.100000
	pigment { color rgbt <1,0,0,0> }
	no_shadow
}
sphere {
	0, 1
	scale<0.080000,0.200000,0.300000>
	matrix <0.992205, -0.013975, 0.123832,
		0.103803, 0.642508, -0.759216,
		-0.068953, 0.766151, 0.638950,
		45.153313, 53.472012, 52.280643>
	pigment { color rgbt <0,1,1,0> }
	no_shadow
}
cylinder {
	<45.807335, 52.948914, 52.189964>,  <45.201580, 52.935703, 51.833378>, 0.130000
	pigment { color rgbt <1,0,0,0> }
	no_shadow
}

// nucleotide -1

// particle -1
sphere {
	<45.807335, 52.948914, 52.189964> 0.250000
	pigment { color rgbt <1,0,0,0> }
	no_shadow
}
cylinder {
	<45.668564, 53.303268, 52.313148>,  <45.585300, 53.515881, 52.387058>, 0.100000
	pigment { color rgbt <1,0,0,0> }
	no_shadow
}
cylinder {
	<45.668564, 53.303268, 52.313148>,  <45.807335, 52.948914, 52.189964>, 0.100000
	pigment { color rgbt <1,0,0,0> }
	no_shadow
}

// particle -1
sphere {
	<45.668564, 53.303268, 52.313148> 0.100000
	pigment { color rgbt <1,0,0,0> }
	no_shadow
}
sphere {
	0, 1
	scale<0.080000,0.200000,0.300000>
	matrix <0.916402, 0.250301, 0.312341,
		0.199618, 0.390574, -0.898668,
		-0.346930, 0.885890, 0.307958,
		45.564484, 53.569035, 52.405537>
	pigment { color rgbt <0,1,1,0> }
	no_shadow
}
cylinder {
	<46.230385, 53.520672, 52.059341>,  <45.807335, 52.948914, 52.189964>, 0.130000
	pigment { color rgbt <1,0,0,0> }
	no_shadow
}

// nucleotide -1

// particle -1
sphere {
	<46.230385, 53.520672, 52.059341> 0.250000
	pigment { color rgbt <1,0,0,0> }
	no_shadow
}
cylinder {
	<46.053204, 53.583439, 52.412422>,  <45.946896, 53.621098, 52.624271>, 0.100000
	pigment { color rgbt <1,0,0,0> }
	no_shadow
}
cylinder {
	<46.053204, 53.583439, 52.412422>,  <46.230385, 53.520672, 52.059341>, 0.100000
	pigment { color rgbt <1,0,0,0> }
	no_shadow
}

// particle -1
sphere {
	<46.053204, 53.583439, 52.412422> 0.100000
	pigment { color rgbt <1,0,0,0> }
	no_shadow
}
sphere {
	0, 1
	scale<0.080000,0.200000,0.300000>
	matrix <0.886216, 0.225644, 0.404606,
		-0.135688, 0.961489, -0.239012,
		-0.442956, 0.156916, 0.882704,
		45.920315, 53.630512, 52.677235>
	pigment { color rgbt <0,1,1,0> }
	no_shadow
}
cylinder {
	<46.228592, 54.221504, 52.198952>,  <46.230385, 53.520672, 52.059341>, 0.130000
	pigment { color rgbt <1,0,0,0> }
	no_shadow
}

// nucleotide -1

// particle -1
sphere {
	<46.228592, 54.221504, 52.198952> 0.250000
	pigment { color rgbt <1,0,0,0> }
	no_shadow
}
cylinder {
	<46.259937, 53.970882, 52.509125>,  <46.278744, 53.820511, 52.695229>, 0.100000
	pigment { color rgbt <1,0,0,0> }
	no_shadow
}
cylinder {
	<46.259937, 53.970882, 52.509125>,  <46.228592, 54.221504, 52.198952>, 0.100000
	pigment { color rgbt <1,0,0,0> }
	no_shadow
}

// particle -1
sphere {
	<46.259937, 53.970882, 52.509125> 0.100000
	pigment { color rgbt <1,0,0,0> }
	no_shadow
}
sphere {
	0, 1
	scale<0.080000,0.200000,0.300000>
	matrix <0.942146, 0.300829, 0.147858,
		-0.325913, 0.718983, 0.613876,
		0.078365, -0.626550, 0.775432,
		46.283447, 53.782917, 52.741753>
	pigment { color rgbt <0,1,1,0> }
	no_shadow
}
cylinder {
	<46.493271, 54.558979, 52.789780>,  <46.228592, 54.221504, 52.198952>, 0.130000
	pigment { color rgbt <1,0,0,0> }
	no_shadow
}

// nucleotide -1

// particle -1
sphere {
	<46.493271, 54.558979, 52.789780> 0.250000
	pigment { color rgbt <1,0,0,0> }
	no_shadow
}
cylinder {
	<46.582253, 54.169434, 52.771408>,  <46.635643, 53.935707, 52.760384>, 0.100000
	pigment { color rgbt <1,0,0,0> }
	no_shadow
}
cylinder {
	<46.582253, 54.169434, 52.771408>,  <46.493271, 54.558979, 52.789780>, 0.100000
	pigment { color rgbt <1,0,0,0> }
	no_shadow
}

// particle -1
sphere {
	<46.582253, 54.169434, 52.771408> 0.100000
	pigment { color rgbt <1,0,0,0> }
	no_shadow
}
sphere {
	0, 1
	scale<0.080000,0.200000,0.300000>
	matrix <0.959370, 0.210271, 0.188137,
		-0.173562, -0.085915, 0.981068,
		0.222454, -0.973861, -0.045930,
		46.648991, 53.877274, 52.757629>
	pigment { color rgbt <0,1,1,0> }
	no_shadow
}
cylinder {
	<47.139633, 54.528774, 53.072910>,  <46.493271, 54.558979, 52.789780>, 0.130000
	pigment { color rgbt <1,0,0,0> }
	no_shadow
}

// nucleotide -1

// particle -1
sphere {
	<47.139633, 54.528774, 53.072910> 0.250000
	pigment { color rgbt <1,0,0,0> }
	no_shadow
}
cylinder {
	<47.107704, 54.156322, 52.930569>,  <47.088547, 53.932854, 52.845165>, 0.100000
	pigment { color rgbt <1,0,0,0> }
	no_shadow
}
cylinder {
	<47.107704, 54.156322, 52.930569>,  <47.139633, 54.528774, 53.072910>, 0.100000
	pigment { color rgbt <1,0,0,0> }
	no_shadow
}

// particle -1
sphere {
	<47.107704, 54.156322, 52.930569> 0.100000
	pigment { color rgbt <1,0,0,0> }
	no_shadow
}
sphere {
	0, 1
	scale<0.080000,0.200000,0.300000>
	matrix <0.934184, -0.194421, 0.299167,
		-0.347748, -0.308548, 0.885364,
		-0.079826, -0.931128, -0.355850,
		47.083755, 53.876984, 52.823814>
	pigment { color rgbt <0,1,1,0> }
	no_shadow
}
cylinder {
	<47.687870, 54.828438, 53.332760>,  <47.139633, 54.528774, 53.072910>, 0.130000
	pigment { color rgbt <1,0,0,0> }
	no_shadow
}

// nucleotide -1

// particle -1
sphere {
	<47.687870, 54.828438, 53.332760> 0.250000
	pigment { color rgbt <1,0,0,0> }
	no_shadow
}
cylinder {
	<47.456757, 55.056263, 53.566601>,  <47.318089, 55.192959, 53.706905>, 0.100000
	pigment { color rgbt <1,0,0,0> }
	no_shadow
}
cylinder {
	<47.456757, 55.056263, 53.566601>,  <47.687870, 54.828438, 53.332760>, 0.100000
	pigment { color rgbt <1,0,0,0> }
	no_shadow
}

// particle -1
sphere {
	<47.456757, 55.056263, 53.566601> 0.100000
	pigment { color rgbt <1,0,0,0> }
	no_shadow
}
sphere {
	0, 1
	scale<0.080000,0.200000,0.300000>
	matrix <0.752316, 0.649412, 0.110838,
		-0.316521, 0.503848, -0.803711,
		-0.577785, 0.569562, 0.584606,
		47.283421, 55.227131, 53.741982>
	pigment { color rgbt <0,1,1,0> }
	no_shadow
}
cylinder {
	<48.447426, 54.605480, 53.441597>,  <47.687870, 54.828438, 53.332760>, 0.130000
	pigment { color rgbt <1,0,0,0> }
	no_shadow
}

// nucleotide -1

// particle -1
sphere {
	<48.447426, 54.605480, 53.441597> 0.250000
	pigment { color rgbt <1,0,0,0> }
	no_shadow
}
cylinder {
	<48.731716, 54.834866, 53.604576>,  <48.902290, 54.972496, 53.702362>, 0.100000
	pigment { color rgbt <1,0,0,0> }
	no_shadow
}
cylinder {
	<48.731716, 54.834866, 53.604576>,  <48.447426, 54.605480, 53.441597>, 0.100000
	pigment { color rgbt <1,0,0,0> }
	no_shadow
}

// particle -1
sphere {
	<48.731716, 54.834866, 53.604576> 0.100000
	pigment { color rgbt <1,0,0,0> }
	no_shadow
}
sphere {
	0, 1
	scale<0.080000,0.200000,0.300000>
	matrix <0.149756, 0.442582, -0.884135,
		-0.687344, 0.689396, 0.228675,
		0.710726, 0.573459, 0.407447,
		48.944935, 55.006905, 53.726810>
	pigment { color rgbt <0,1,1,0> }
	no_shadow
}
cylinder {
	<48.331367, 55.366375, 53.279949>,  <48.447426, 54.605480, 53.441597>, 0.130000
	pigment { color rgbt <1,0,0,0> }
	no_shadow
}

// nucleotide -1

// particle -1
sphere {
	<48.331367, 55.366375, 53.279949> 0.250000
	pigment { color rgbt <1,0,0,0> }
	no_shadow
}
cylinder {
	<48.712807, 55.267242, 53.348335>,  <48.941669, 55.207764, 53.389366>, 0.100000
	pigment { color rgbt <1,0,0,0> }
	no_shadow
}
cylinder {
	<48.712807, 55.267242, 53.348335>,  <48.331367, 55.366375, 53.279949>, 0.100000
	pigment { color rgbt <1,0,0,0> }
	no_shadow
}

// particle -1
sphere {
	<48.712807, 55.267242, 53.348335> 0.100000
	pigment { color rgbt <1,0,0,0> }
	no_shadow
}
sphere {
	0, 1
	scale<0.080000,0.200000,0.300000>
	matrix <0.249934, 0.335007, -0.908462,
		0.167873, 0.909038, 0.381404,
		0.953599, -0.247832, 0.170961,
		48.998886, 55.192894, 53.399624>
	pigment { color rgbt <0,1,1,0> }
	no_shadow
}
cylinder {
	<48.827503, 55.853977, 53.272228>,  <48.331367, 55.366375, 53.279949>, 0.130000
	pigment { color rgbt <1,0,0,0> }
	no_shadow
}

// nucleotide -1

// particle -1
sphere {
	<48.827503, 55.853977, 53.272228> 0.250000
	pigment { color rgbt <1,0,0,0> }
	no_shadow
}
cylinder {
	<48.995827, 55.524132, 53.121006>,  <49.096821, 55.326225, 53.030273>, 0.100000
	pigment { color rgbt <1,0,0,0> }
	no_shadow
}
cylinder {
	<48.995827, 55.524132, 53.121006>,  <48.827503, 55.853977, 53.272228>, 0.100000
	pigment { color rgbt <1,0,0,0> }
	no_shadow
}

// particle -1
sphere {
	<48.995827, 55.524132, 53.121006> 0.100000
	pigment { color rgbt <1,0,0,0> }
	no_shadow
}
sphere {
	0, 1
	scale<0.080000,0.200000,0.300000>
	matrix <-0.014213, 0.410708, -0.911656,
		0.907037, 0.389009, 0.161110,
		0.420812, -0.824616, -0.378056,
		49.122070, 55.276749, 53.007587>
	pigment { color rgbt <0,1,1,0> }
	no_shadow
}
cylinder {
	<49.344311, 56.179230, 53.042553>,  <48.827503, 55.853977, 53.272228>, 0.130000
	pigment { color rgbt <1,0,0,0> }
	no_shadow
}

// nucleotide -1

// particle -1
sphere {
	<49.344311, 56.179230, 53.042553> 0.250000
	pigment { color rgbt <1,0,0,0> }
	no_shadow
}
cylinder {
	<49.208862, 55.846783, 52.866112>,  <49.127594, 55.647316, 52.760246>, 0.100000
	pigment { color rgbt <1,0,0,0> }
	no_shadow
}
cylinder {
	<49.208862, 55.846783, 52.866112>,  <49.344311, 56.179230, 53.042553>, 0.100000
	pigment { color rgbt <1,0,0,0> }
	no_shadow
}

// particle -1
sphere {
	<49.208862, 55.846783, 52.866112> 0.100000
	pigment { color rgbt <1,0,0,0> }
	no_shadow
}
sphere {
	0, 1
	scale<0.080000,0.200000,0.300000>
	matrix <-0.206966, 0.523113, -0.826751,
		0.917877, -0.188664, -0.349152,
		-0.338624, -0.831119, -0.441107,
		49.107277, 55.597446, 52.733780>
	pigment { color rgbt <0,1,1,0> }
	no_shadow
}
cylinder {
	<49.865429, 55.836826, 52.374405>,  <49.344311, 56.179230, 53.042553>, 0.130000
	pigment { color rgbt <1,0,0,0> }
	no_shadow
}

// nucleotide -1

// particle -1
sphere {
	<49.865429, 55.836826, 52.374405> 0.250000
	pigment { color rgbt <1,0,0,0> }
	no_shadow
}
cylinder {
	<49.467518, 55.824844, 52.413425>,  <49.228771, 55.817654, 52.436840>, 0.100000
	pigment { color rgbt <1,0,0,0> }
	no_shadow
}
cylinder {
	<49.467518, 55.824844, 52.413425>,  <49.865429, 55.836826, 52.374405>, 0.100000
	pigment { color rgbt <1,0,0,0> }
	no_shadow
}

// particle -1
sphere {
	<49.467518, 55.824844, 52.413425> 0.100000
	pigment { color rgbt <1,0,0,0> }
	no_shadow
}
sphere {
	0, 1
	scale<0.080000,0.200000,0.300000>
	matrix <-0.098496, 0.532008, -0.840991,
		-0.026707, -0.846209, -0.532181,
		-0.994779, -0.029957, 0.097556,
		49.169083, 55.815857, 52.442692>
	pigment { color rgbt <0,1,1,0> }
	no_shadow
}
cylinder {
	<50.473522, 56.242218, 52.704407>,  <49.865429, 55.836826, 52.374405>, 0.130000
	pigment { color rgbt <1,0,0,0> }
	no_shadow
}

// nucleotide -1

// particle -1
sphere {
	<50.473522, 56.242218, 52.704407> 0.250000
	pigment { color rgbt <1,0,0,0> }
	no_shadow
}
cylinder {
	<50.702389, 56.364311, 52.399921>,  <50.839710, 56.437569, 52.217228>, 0.100000
	pigment { color rgbt <1,0,0,0> }
	no_shadow
}
cylinder {
	<50.702389, 56.364311, 52.399921>,  <50.473522, 56.242218, 52.704407>, 0.100000
	pigment { color rgbt <1,0,0,0> }
	no_shadow
}

// particle -1
sphere {
	<50.702389, 56.364311, 52.399921> 0.100000
	pigment { color rgbt <1,0,0,0> }
	no_shadow
}
sphere {
	0, 1
	scale<0.080000,0.200000,0.300000>
	matrix <0.809461, -0.359430, 0.464308,
		-0.131880, -0.881840, -0.452733,
		0.572171, 0.305236, -0.761217,
		50.874039, 56.455883, 52.171555>
	pigment { color rgbt <0,1,1,0> }
	no_shadow
}
cylinder {
	<50.876125, 55.659904, 52.543633>,  <50.473522, 56.242218, 52.704407>, 0.130000
	pigment { color rgbt <1,0,0,0> }
	no_shadow
}

// nucleotide -1

// particle -1
sphere {
	<50.876125, 55.659904, 52.543633> 0.250000
	pigment { color rgbt <1,0,0,0> }
	no_shadow
}
cylinder {
	<51.081402, 55.968761, 52.393738>,  <51.204567, 56.154076, 52.303802>, 0.100000
	pigment { color rgbt <1,0,0,0> }
	no_shadow
}
cylinder {
	<51.081402, 55.968761, 52.393738>,  <50.876125, 55.659904, 52.543633>, 0.100000
	pigment { color rgbt <1,0,0,0> }
	no_shadow
}

// particle -1
sphere {
	<51.081402, 55.968761, 52.393738> 0.100000
	pigment { color rgbt <1,0,0,0> }
	no_shadow
}
sphere {
	0, 1
	scale<0.080000,0.200000,0.300000>
	matrix <0.855687, -0.494177, 0.153586,
		-0.066596, -0.399477, -0.914321,
		0.513190, 0.772144, -0.374738,
		51.235359, 56.200405, 52.281315>
	pigment { color rgbt <0,1,1,0> }
	no_shadow
}
cylinder {
	<51.398693, 55.481205, 52.067577>,  <50.876125, 55.659904, 52.543633>, 0.130000
	pigment { color rgbt <1,0,0,0> }
	no_shadow
}

// nucleotide -1

// particle -1
sphere {
	<51.398693, 55.481205, 52.067577> 0.250000
	pigment { color rgbt <1,0,0,0> }
	no_shadow
}
cylinder {
	<51.517456, 55.826302, 52.231293>,  <51.588715, 56.033360, 52.329521>, 0.100000
	pigment { color rgbt <1,0,0,0> }
	no_shadow
}
cylinder {
	<51.517456, 55.826302, 52.231293>,  <51.398693, 55.481205, 52.067577>, 0.100000
	pigment { color rgbt <1,0,0,0> }
	no_shadow
}

// particle -1
sphere {
	<51.517456, 55.826302, 52.231293> 0.100000
	pigment { color rgbt <1,0,0,0> }
	no_shadow
}
sphere {
	0, 1
	scale<0.080000,0.200000,0.300000>
	matrix <0.899157, -0.396899, 0.184357,
		0.321500, 0.313279, -0.893585,
		0.296908, 0.862744, 0.409290,
		51.606529, 56.085125, 52.354080>
	pigment { color rgbt <0,1,1,0> }
	no_shadow
}
cylinder {
	<52.019611, 55.681534, 51.806648>,  <51.398693, 55.481205, 52.067577>, 0.130000
	pigment { color rgbt <1,0,0,0> }
	no_shadow
}

// nucleotide -1

// particle -1
sphere {
	<52.019611, 55.681534, 51.806648> 0.250000
	pigment { color rgbt <1,0,0,0> }
	no_shadow
}
cylinder {
	<52.009346, 55.788734, 52.191879>,  <52.003185, 55.853054, 52.423016>, 0.100000
	pigment { color rgbt <1,0,0,0> }
	no_shadow
}
cylinder {
	<52.009346, 55.788734, 52.191879>,  <52.019611, 55.681534, 51.806648>, 0.100000
	pigment { color rgbt <1,0,0,0> }
	no_shadow
}

// particle -1
sphere {
	<52.009346, 55.788734, 52.191879> 0.100000
	pigment { color rgbt <1,0,0,0> }
	no_shadow
}
sphere {
	0, 1
	scale<0.080000,0.200000,0.300000>
	matrix <0.798112, -0.574624, 0.181177,
		0.601963, 0.773292, -0.199150,
		-0.025667, 0.268006, 0.963075,
		52.001648, 55.869137, 52.480801>
	pigment { color rgbt <0,1,1,0> }
	no_shadow
}
cylinder {
	<52.722473, 55.948982, 52.177994>,  <52.019611, 55.681534, 51.806648>, 0.130000
	pigment { color rgbt <1,0,0,0> }
	no_shadow
}

// nucleotide -1

// particle -1
sphere {
	<52.722473, 55.948982, 52.177994> 0.250000
	pigment { color rgbt <1,0,0,0> }
	no_shadow
}
cylinder {
	<52.481842, 55.759865, 52.435543>,  <52.337463, 55.646393, 52.590073>, 0.100000
	pigment { color rgbt <1,0,0,0> }
	no_shadow
}
cylinder {
	<52.481842, 55.759865, 52.435543>,  <52.722473, 55.948982, 52.177994>, 0.100000
	pigment { color rgbt <1,0,0,0> }
	no_shadow
}

// particle -1
sphere {
	<52.481842, 55.759865, 52.435543> 0.100000
	pigment { color rgbt <1,0,0,0> }
	no_shadow
}
sphere {
	0, 1
	scale<0.080000,0.200000,0.300000>
	matrix <0.790646, -0.467396, 0.395500,
		0.113952, 0.746997, 0.654989,
		-0.601576, -0.472797, 0.643870,
		52.301369, 55.618027, 52.628704>
	pigment { color rgbt <0,1,1,0> }
	no_shadow
}
cylinder {
	<53.116055, 55.874516, 52.687683>,  <52.722473, 55.948982, 52.177994>, 0.130000
	pigment { color rgbt <1,0,0,0> }
	no_shadow
}

// nucleotide -1

// particle -1
sphere {
	<53.116055, 55.874516, 52.687683> 0.250000
	pigment { color rgbt <1,0,0,0> }
	no_shadow
}
cylinder {
	<52.822510, 55.606472, 52.732227>,  <52.646381, 55.445644, 52.758953>, 0.100000
	pigment { color rgbt <1,0,0,0> }
	no_shadow
}
cylinder {
	<52.822510, 55.606472, 52.732227>,  <53.116055, 55.874516, 52.687683>, 0.100000
	pigment { color rgbt <1,0,0,0> }
	no_shadow
}

// particle -1
sphere {
	<52.822510, 55.606472, 52.732227> 0.100000
	pigment { color rgbt <1,0,0,0> }
	no_shadow
}
sphere {
	0, 1
	scale<0.080000,0.200000,0.300000>
	matrix <0.640633, -0.628206, 0.441527,
		-0.225913, 0.395361, 0.890311,
		-0.733861, -0.670109, 0.111362,
		52.602352, 55.405437, 52.765636>
	pigment { color rgbt <0,1,1,0> }
	no_shadow
}
cylinder {
	<53.434921, 56.005894, 53.294960>,  <53.116055, 55.874516, 52.687683>, 0.130000
	pigment { color rgbt <1,0,0,0> }
	no_shadow
}

// nucleotide -1

// particle -1
sphere {
	<53.434921, 56.005894, 53.294960> 0.250000
	pigment { color rgbt <1,0,0,0> }
	no_shadow
}
cylinder {
	<53.651588, 55.992252, 53.630920>,  <53.781590, 55.984066, 53.832497>, 0.100000
	pigment { color rgbt <1,0,0,0> }
	no_shadow
}
cylinder {
	<53.651588, 55.992252, 53.630920>,  <53.434921, 56.005894, 53.294960>, 0.100000
	pigment { color rgbt <1,0,0,0> }
	no_shadow
}

// particle -1
sphere {
	<53.651588, 55.992252, 53.630920> 0.100000
	pigment { color rgbt <1,0,0,0> }
	no_shadow
}
sphere {
	0, 1
	scale<0.080000,0.200000,0.300000>
	matrix <0.839630, 0.069706, -0.538667,
		-0.040175, 0.996984, 0.066392,
		0.541671, -0.034104, 0.839899,
		53.814091, 55.982021, 53.882889>
	pigment { color rgbt <0,1,1,0> }
	no_shadow
}
cylinder {
	<53.883102, 56.601978, 53.411064>,  <53.434921, 56.005894, 53.294960>, 0.130000
	pigment { color rgbt <1,0,0,0> }
	no_shadow
}

// nucleotide -1

// particle -1
sphere {
	<53.883102, 56.601978, 53.411064> 0.250000
	pigment { color rgbt <1,0,0,0> }
	no_shadow
}
cylinder {
	<54.031670, 56.267410, 53.572285>,  <54.120811, 56.066669, 53.669018>, 0.100000
	pigment { color rgbt <1,0,0,0> }
	no_shadow
}
cylinder {
	<54.031670, 56.267410, 53.572285>,  <53.883102, 56.601978, 53.411064>, 0.100000
	pigment { color rgbt <1,0,0,0> }
	no_shadow
}

// particle -1
sphere {
	<54.031670, 56.267410, 53.572285> 0.100000
	pigment { color rgbt <1,0,0,0> }
	no_shadow
}
sphere {
	0, 1
	scale<0.080000,0.200000,0.300000>
	matrix <0.763802, 0.028447, -0.644823,
		0.527876, 0.547352, 0.649424,
