// switches for output
#declare DRAW_BASES = 1; // possible values are 0, 1; only relevant for DNA ribbons
#declare DRAW_BASES_TYPE = 3; // possible values are 1, 2, 3; only relevant for DNA ribbons
#declare DRAW_FOG = 0; // set to 1 to enable fog

#include "colors.inc"

#include "transforms.inc"
background { rgb <1, 1, 1>}

#default {
   normal{
       ripples 0.25
       frequency 0.20
       turbulence 0.2
       lambda 5
   }
	finish {
		phong 0.1
		phong_size 40.
	}
}

// original window dimensions: 1024x640


// camera settings

camera {
	sky <-0, 1, 0>
	up <-0, 1, 0>
	right 1.6 * <0.99995, 0, 0.00999983>
	location <54.4867, 55, 106.329>
	look_at <55, 55, 55.0001>
	direction <0.513302, 0, -51.3289>
	angle 67.0682
}


# declare cpy_camera_pos = <54.4867, 55, 106.329>;
# if (DRAW_FOG = 1)
fog {
	fog_type 2
	up vnormalize(cpy_camera_pos)
	color rgbt<1,1,1,0.3>
	distance 1e-5
	fog_alt 3e-3
	fog_offset 88
}
# end


// LIGHTS

# declare lum = 6;
global_settings {
	ambient_light rgb lum * <0.05, 0.05, 0.05>
	max_trace_level 15
}# declare cpy_direct_light_amount = 0.25;
light_source
{	1000 * <-0.98995, -1, 1.00995>,
	rgb lum * cpy_direct_light_amount
	parallel
}

light_source
{	1000 * <0.98995, 1, -1.00995>,
	rgb lum * cpy_direct_light_amount
	parallel
}

// strand 0

// nucleotide -1

// particle -1
sphere {
	<36.390903, 53.446697, 49.882366> 0.250000
	pigment { color rgbt <1,0,0,0> }
	no_shadow
}
cylinder {
	<36.488846, 53.419044, 49.495529>,  <36.547611, 53.402451, 49.263428>, 0.100000
	pigment { color rgbt <1,0,0,0> }
	no_shadow
}
cylinder {
	<36.488846, 53.419044, 49.495529>,  <36.390903, 53.446697, 49.882366>, 0.100000
	pigment { color rgbt <1,0,0,0> }
	no_shadow
}

// particle -1
sphere {
	<36.488846, 53.419044, 49.495529> 0.100000
	pigment { color rgbt <1,0,0,0> }
	no_shadow
}
sphere {
	0, 1
	scale<0.080000,0.200000,0.300000>
	matrix <-0.380469, -0.924299, -0.030254,
		-0.891790, 0.375356, -0.252622,
		0.244854, -0.069134, -0.967092,
		36.562302, 53.398304, 49.205402>
	pigment { color rgbt <0,1,1,0> }
	no_shadow
}
cylinder {
	<36.564747, 52.644268, 49.941761>,  <36.390903, 53.446697, 49.882366>, 0.130000
	pigment { color rgbt <1,0,0,0> }
	no_shadow
}

// nucleotide -1

// particle -1
sphere {
	<36.564747, 52.644268, 49.941761> 0.250000
	pigment { color rgbt <1,0,0,0> }
	no_shadow
}
cylinder {
	<36.902054, 52.716797, 50.144157>,  <37.104439, 52.760315, 50.265594>, 0.100000
	pigment { color rgbt <1,0,0,0> }
	no_shadow
}
cylinder {
	<36.902054, 52.716797, 50.144157>,  <36.564747, 52.644268, 49.941761>, 0.100000
	pigment { color rgbt <1,0,0,0> }
	no_shadow
}

// particle -1
sphere {
	<36.902054, 52.716797, 50.144157> 0.100000
	pigment { color rgbt <1,0,0,0> }
	no_shadow
}
sphere {
	0, 1
	scale<0.080000,0.200000,0.300000>
	matrix <0.537405, -0.266968, -0.799953,
		-0.009965, 0.946494, -0.322568,
		0.843266, 0.181321, 0.505990,
		37.155033, 52.771194, 50.295956>
	pigment { color rgbt <0,1,1,0> }
	no_shadow
}
cylinder {
	<37.039059, 53.134624, 49.600960>,  <36.564747, 52.644268, 49.941761>, 0.130000
	pigment { color rgbt <1,0,0,0> }
	no_shadow
}

// nucleotide -1

// particle -1
sphere {
	<37.039059, 53.134624, 49.600960> 0.250000
	pigment { color rgbt <1,0,0,0> }
	no_shadow
}
cylinder {
	<37.261833, 52.907654, 49.843559>,  <37.395500, 52.771473, 49.989120>, 0.100000
	pigment { color rgbt <1,0,0,0> }
	no_shadow
}
cylinder {
	<37.261833, 52.907654, 49.843559>,  <37.039059, 53.134624, 49.600960>, 0.100000
	pigment { color rgbt <1,0,0,0> }
	no_shadow
}

// particle -1
sphere {
	<37.261833, 52.907654, 49.843559> 0.100000
	pigment { color rgbt <1,0,0,0> }
	no_shadow
}
sphere {
	0, 1
	scale<0.080000,0.200000,0.300000>
	matrix <0.643649, -0.166645, -0.746958,
		0.524915, 0.806385, 0.272412,
		0.556939, -0.567427, 0.606503,
		37.428913, 52.737427, 50.025509>
	pigment { color rgbt <0,1,1,0> }
	no_shadow
}
cylinder {
	<37.597496, 52.987862, 49.173878>,  <37.039059, 53.134624, 49.600960>, 0.130000
	pigment { color rgbt <1,0,0,0> }
	no_shadow
}

// nucleotide -1

// particle -1
sphere {
	<37.597496, 52.987862, 49.173878> 0.250000
	pigment { color rgbt <1,0,0,0> }
	no_shadow
}
cylinder {
	<37.748844, 52.811691, 49.499542>,  <37.839653, 52.705990, 49.694942>, 0.100000
	pigment { color rgbt <1,0,0,0> }
	no_shadow
}
cylinder {
	<37.748844, 52.811691, 49.499542>,  <37.597496, 52.987862, 49.173878>, 0.100000
	pigment { color rgbt <1,0,0,0> }
	no_shadow
}

// particle -1
sphere {
	<37.748844, 52.811691, 49.499542> 0.100000
	pigment { color rgbt <1,0,0,0> }
	no_shadow
}
sphere {
	0, 1
	scale<0.080000,0.200000,0.300000>
	matrix <0.826283, -0.235766, -0.511538,
		0.417245, 0.866281, 0.274707,
		0.378369, -0.440422, 0.814165,
		37.862354, 52.679565, 49.743793>
	pigment { color rgbt <0,1,1,0> }
	no_shadow
}
cylinder {
	<38.134956, 53.272221, 49.216465>,  <37.597496, 52.987862, 49.173878>, 0.130000
	pigment { color rgbt <1,0,0,0> }
	no_shadow
}

// nucleotide -1

// particle -1
sphere {
	<38.134956, 53.272221, 49.216465> 0.250000
	pigment { color rgbt <1,0,0,0> }
	no_shadow
}
cylinder {
	<38.154541, 52.919601, 49.404282>,  <38.166294, 52.708031, 49.516972>, 0.100000
	pigment { color rgbt <1,0,0,0> }
	no_shadow
}
cylinder {
	<38.154541, 52.919601, 49.404282>,  <38.134956, 53.272221, 49.216465>, 0.100000
	pigment { color rgbt <1,0,0,0> }
	no_shadow
}

// particle -1
sphere {
	<38.154541, 52.919601, 49.404282> 0.100000
	pigment { color rgbt <1,0,0,0> }
	no_shadow
}
sphere {
	0, 1
	scale<0.080000,0.200000,0.300000>
	matrix <0.858839, -0.202836, -0.470375,
		0.509900, 0.426297, 0.747177,
		0.048965, -0.881549, 0.469546,
		38.169231, 52.655136, 49.545147>
	pigment { color rgbt <0,1,1,0> }
	no_shadow
}
cylinder {
	<38.866287, 53.100216, 49.286015>,  <38.134956, 53.272221, 49.216465>, 0.130000
	pigment { color rgbt <1,0,0,0> }
	no_shadow
}

// nucleotide -1

// particle -1
sphere {
	<38.866287, 53.100216, 49.286015> 0.250000
	pigment { color rgbt <1,0,0,0> }
	no_shadow
}
cylinder {
	<38.662743, 52.761707, 49.349113>,  <38.540615, 52.558601, 49.386971>, 0.100000
	pigment { color rgbt <1,0,0,0> }
	no_shadow
}
cylinder {
	<38.662743, 52.761707, 49.349113>,  <38.866287, 53.100216, 49.286015>, 0.100000
	pigment { color rgbt <1,0,0,0> }
	no_shadow
}

// particle -1
sphere {
	<38.662743, 52.761707, 49.349113> 0.100000
	pigment { color rgbt <1,0,0,0> }
	no_shadow
}
sphere {
	0, 1
	scale<0.080000,0.200000,0.300000>
	matrix <0.707968, -0.515650, -0.482584,
		0.489739, -0.133890, 0.861527,
		-0.508859, -0.846273, 0.157744,
		38.510086, 52.507824, 49.396435>
	pigment { color rgbt <0,1,1,0> }
	no_shadow
}
cylinder {
	<39.336185, 52.577400, 49.622337>,  <38.866287, 53.100216, 49.286015>, 0.130000
	pigment { color rgbt <1,0,0,0> }
	no_shadow
}

// nucleotide -1

// particle -1
sphere {
	<39.336185, 52.577400, 49.622337> 0.250000
	pigment { color rgbt <1,0,0,0> }
	no_shadow
}
cylinder {
	<39.053539, 52.401989, 49.400208>,  <38.883953, 52.296741, 49.266930>, 0.100000
	pigment { color rgbt <1,0,0,0> }
	no_shadow
}
cylinder {
	<39.053539, 52.401989, 49.400208>,  <39.336185, 52.577400, 49.622337>, 0.100000
	pigment { color rgbt <1,0,0,0> }
	no_shadow
}

// particle -1
sphere {
	<39.053539, 52.401989, 49.400208> 0.100000
	pigment { color rgbt <1,0,0,0> }
	no_shadow
}
sphere {
	0, 1
	scale<0.080000,0.200000,0.300000>
	matrix <0.702686, -0.342541, -0.623617,
		0.083253, -0.830877, 0.550193,
		-0.706612, -0.438531, -0.555328,
		38.841557, 52.270432, 49.233608>
	pigment { color rgbt <0,1,1,0> }
	no_shadow
}
cylinder {
	<39.387165, 51.751232, 49.721191>,  <39.336185, 52.577400, 49.622337>, 0.130000
	pigment { color rgbt <1,0,0,0> }
	no_shadow
}

// nucleotide -1

// particle -1
sphere {
	<39.387165, 51.751232, 49.721191> 0.250000
	pigment { color rgbt <1,0,0,0> }
	no_shadow
}
cylinder {
	<39.289146, 51.965977, 49.398270>,  <39.230335, 52.094822, 49.204517>, 0.100000
	pigment { color rgbt <1,0,0,0> }
	no_shadow
}
cylinder {
	<39.289146, 51.965977, 49.398270>,  <39.387165, 51.751232, 49.721191>, 0.100000
	pigment { color rgbt <1,0,0,0> }
	no_shadow
}

// particle -1
sphere {
	<39.289146, 51.965977, 49.398270> 0.100000
	pigment { color rgbt <1,0,0,0> }
	no_shadow
}
sphere {
	0, 1
	scale<0.080000,0.200000,0.300000>
	matrix <0.814472, -0.337705, -0.471795,
		-0.525917, -0.773135, -0.354505,
		-0.245043, 0.536860, -0.807302,
		39.215633, 52.127033, 49.156078>
	pigment { color rgbt <0,1,1,0> }
	no_shadow
}
cylinder {
	<40.010532, 52.095192, 49.960403>,  <39.387165, 51.751232, 49.721191>, 0.130000
	pigment { color rgbt <1,0,0,0> }
	no_shadow
}

// nucleotide -1

// particle -1
sphere {
	<40.010532, 52.095192, 49.960403> 0.250000
	pigment { color rgbt <1,0,0,0> }
	no_shadow
}
cylinder {
	<39.922451, 51.915184, 50.306580>,  <39.869602, 51.807178, 50.514286>, 0.100000
	pigment { color rgbt <1,0,0,0> }
	no_shadow
}
cylinder {
	<39.922451, 51.915184, 50.306580>,  <40.010532, 52.095192, 49.960403>, 0.100000
	pigment { color rgbt <1,0,0,0> }
	no_shadow
}

// particle -1
sphere {
	<39.922451, 51.915184, 50.306580> 0.100000
	pigment { color rgbt <1,0,0,0> }
	no_shadow
}
sphere {
	0, 1
	scale<0.080000,0.200000,0.300000>
	matrix <0.921644, -0.386591, 0.033479,
		0.319505, 0.805001, 0.499889,
		-0.220204, -0.450023, 0.865442,
		39.856388, 51.780178, 50.566212>
	pigment { color rgbt <0,1,1,0> }
	no_shadow
}
cylinder {
	<40.675705, 52.006329, 50.209129>,  <40.010532, 52.095192, 49.960403>, 0.130000
	pigment { color rgbt <1,0,0,0> }
	no_shadow
}

// nucleotide -1

// particle -1
sphere {
	<40.675705, 52.006329, 50.209129> 0.250000
	pigment { color rgbt <1,0,0,0> }
	no_shadow
}
cylinder {
	<40.428219, 51.793053, 50.439922>,  <40.279728, 51.665089, 50.578396>, 0.100000
	pigment { color rgbt <1,0,0,0> }
	no_shadow
}
cylinder {
	<40.428219, 51.793053, 50.439922>,  <40.675705, 52.006329, 50.209129>, 0.100000
	pigment { color rgbt <1,0,0,0> }
	no_shadow
}

// particle -1
sphere {
	<40.428219, 51.793053, 50.439922> 0.100000
	pigment { color rgbt <1,0,0,0> }
	no_shadow
}
sphere {
	0, 1
	scale<0.080000,0.200000,0.300000>
	matrix <0.738540, -0.645164, 0.195760,
		0.267870, 0.547241, 0.792952,
		-0.618712, -0.533188, 0.576980,
		40.242607, 51.633095, 50.613018>
	pigment { color rgbt <0,1,1,0> }
	no_shadow
}
cylinder {
	<40.937527, 51.973465, 50.937332>,  <40.675705, 52.006329, 50.209129>, 0.130000
	pigment { color rgbt <1,0,0,0> }
	no_shadow
}

// nucleotide -1

// particle -1
sphere {
	<40.937527, 51.973465, 50.937332> 0.250000
	pigment { color rgbt <1,0,0,0> }
	no_shadow
}
cylinder {
	<40.705906, 51.660812, 50.844589>,  <40.566933, 51.473221, 50.788944>, 0.100000
	pigment { color rgbt <1,0,0,0> }
	no_shadow
}
cylinder {
	<40.705906, 51.660812, 50.844589>,  <40.937527, 51.973465, 50.937332>, 0.100000
	pigment { color rgbt <1,0,0,0> }
	no_shadow
}

// particle -1
sphere {
	<40.705906, 51.660812, 50.844589> 0.100000
	pigment { color rgbt <1,0,0,0> }
	no_shadow
}
sphere {
	0, 1
	scale<0.080000,0.200000,0.300000>
	matrix <0.656714, -0.615693, 0.435486,
		-0.483142, 0.099904, 0.869824,
		-0.579051, -0.781628, -0.231858,
		40.532192, 51.426323, 50.775032>
	pigment { color rgbt <0,1,1,0> }
	no_shadow
}
cylinder {
	<41.593239, 52.343914, 51.108105>,  <40.937527, 51.973465, 50.937332>, 0.130000
	pigment { color rgbt <1,0,0,0> }
	no_shadow
}

// nucleotide -1

// particle -1
sphere {
	<41.593239, 52.343914, 51.108105> 0.250000
	pigment { color rgbt <1,0,0,0> }
	no_shadow
}
cylinder {
	<41.844059, 52.407654, 50.803101>,  <41.994549, 52.445896, 50.620098>, 0.100000
	pigment { color rgbt <1,0,0,0> }
	no_shadow
}
cylinder {
	<41.844059, 52.407654, 50.803101>,  <41.593239, 52.343914, 51.108105>, 0.100000
	pigment { color rgbt <1,0,0,0> }
	no_shadow
}

// particle -1
sphere {
	<41.844059, 52.407654, 50.803101> 0.100000
	pigment { color rgbt <1,0,0,0> }
	no_shadow
}
sphere {
	0, 1
	scale<0.080000,0.200000,0.300000>
	matrix <-0.394734, 0.908871, -0.134678,
		0.671562, 0.385437, 0.632805,
		0.627048, 0.159345, -0.762508,
		42.032173, 52.455456, 50.574348>
	pigment { color rgbt <0,1,1,0> }
	no_shadow
}
cylinder {
	<42.006721, 52.984581, 51.153488>,  <41.593239, 52.343914, 51.108105>, 0.130000
	pigment { color rgbt <1,0,0,0> }
	no_shadow
}

// nucleotide -1

// particle -1
sphere {
	<42.006721, 52.984581, 51.153488> 0.250000
	pigment { color rgbt <1,0,0,0> }
	no_shadow
}
cylinder {
	<41.935299, 52.992283, 50.759991>,  <41.892445, 52.996902, 50.523891>, 0.100000
	pigment { color rgbt <1,0,0,0> }
	no_shadow
}
cylinder {
	<41.935299, 52.992283, 50.759991>,  <42.006721, 52.984581, 51.153488>, 0.100000
	pigment { color rgbt <1,0,0,0> }
	no_shadow
}

// particle -1
sphere {
	<41.935299, 52.992283, 50.759991> 0.100000
	pigment { color rgbt <1,0,0,0> }
	no_shadow
}
sphere {
	0, 1
	scale<0.080000,0.200000,0.300000>
	matrix <-0.222547, -0.974689, 0.021316,
		-0.958430, 0.222734, 0.178326,
		-0.178561, 0.019256, -0.983741,
		41.881729, 52.998058, 50.464870>
	pigment { color rgbt <0,1,1,0> }
	no_shadow
}
cylinder {
	<42.522038, 53.409039, 51.580845>,  <42.006721, 52.984581, 51.153488>, 0.130000
	pigment { color rgbt <1,0,0,0> }
	no_shadow
}

// nucleotide -1

// particle -1
sphere {
	<42.522038, 53.409039, 51.580845> 0.250000
	pigment { color rgbt <1,0,0,0> }
	no_shadow
}
cylinder {
	<42.542599, 53.217503, 51.931404>,  <42.554935, 53.102581, 52.141739>, 0.100000
	pigment { color rgbt <1,0,0,0> }
	no_shadow
}
cylinder {
	<42.542599, 53.217503, 51.931404>,  <42.522038, 53.409039, 51.580845>, 0.100000
	pigment { color rgbt <1,0,0,0> }
	no_shadow
}

// particle -1
sphere {
	<42.542599, 53.217503, 51.931404> 0.100000
	pigment { color rgbt <1,0,0,0> }
	no_shadow
}
sphere {
	0, 1
	scale<0.080000,0.200000,0.300000>
	matrix <0.997394, -0.019871, -0.069362,
		0.050628, 0.877676, 0.476572,
		0.051407, -0.478842, 0.876395,
		42.558022, 53.073849, 52.194321>
	pigment { color rgbt <0,1,1,0> }
	no_shadow
}
cylinder {
	<42.885201, 53.788181, 52.197327>,  <42.522038, 53.409039, 51.580845>, 0.130000
	pigment { color rgbt <1,0,0,0> }
	no_shadow
}

// nucleotide -1

// particle -1
sphere {
	<42.885201, 53.788181, 52.197327> 0.250000
	pigment { color rgbt <1,0,0,0> }
	no_shadow
}
cylinder {
	<42.911282, 53.389069, 52.191936>,  <42.926929, 53.149601, 52.188702>, 0.100000
	pigment { color rgbt <1,0,0,0> }
	no_shadow
}
cylinder {
	<42.911282, 53.389069, 52.191936>,  <42.885201, 53.788181, 52.197327>, 0.100000
	pigment { color rgbt <1,0,0,0> }
	no_shadow
}

// particle -1
sphere {
	<42.911282, 53.389069, 52.191936> 0.100000
	pigment { color rgbt <1,0,0,0> }
	no_shadow
}
sphere {
	0, 1
	scale<0.080000,0.200000,0.300000>
	matrix <0.997461, 0.065560, -0.027817,
		0.028639, -0.011628, 0.999522,
		0.065205, -0.997781, -0.013476,
		42.930843, 53.089733, 52.187893>
	pigment { color rgbt <0,1,1,0> }
	no_shadow
}
cylinder {
	<43.248379, 53.569511, 52.705536>,  <42.885201, 53.788181, 52.197327>, 0.130000
	pigment { color rgbt <1,0,0,0> }
	no_shadow
}

// nucleotide -1

// particle -1
sphere {
	<43.248379, 53.569511, 52.705536> 0.250000
	pigment { color rgbt <1,0,0,0> }
	no_shadow
}
cylinder {
	<43.281036, 53.284050, 52.427246>,  <43.300632, 53.112774, 52.260273>, 0.100000
	pigment { color rgbt <1,0,0,0> }
	no_shadow
}
cylinder {
	<43.281036, 53.284050, 52.427246>,  <43.248379, 53.569511, 52.705536>, 0.100000
	pigment { color rgbt <1,0,0,0> }
	no_shadow
}

// particle -1
sphere {
	<43.281036, 53.284050, 52.427246> 0.100000
	pigment { color rgbt <1,0,0,0> }
	no_shadow
}
sphere {
	0, 1
	scale<0.080000,0.200000,0.300000>
	matrix <0.996109, 0.081657, 0.033134,
		0.033165, -0.695723, 0.717544,
		0.081645, -0.713653, -0.695725,
		43.305531, 53.069954, 52.218529>
	pigment { color rgbt <0,1,1,0> }
	no_shadow
}
cylinder {
	<43.469994, 53.130974, 53.177032>,  <43.248379, 53.569511, 52.705536>, 0.130000
	pigment { color rgbt <1,0,0,0> }
	no_shadow
}

// nucleotide -1

// particle -1
sphere {
	<43.469994, 53.130974, 53.177032> 0.250000
	pigment { color rgbt <1,0,0,0> }
	no_shadow
}
cylinder {
	<43.287041, 53.238838, 53.515991>,  <43.177269, 53.303558, 53.719368>, 0.100000
	pigment { color rgbt <1,0,0,0> }
	no_shadow
}
cylinder {
	<43.287041, 53.238838, 53.515991>,  <43.469994, 53.130974, 53.177032>, 0.100000
	pigment { color rgbt <1,0,0,0> }
	no_shadow
}

// particle -1
sphere {
	<43.287041, 53.238838, 53.515991> 0.100000
	pigment { color rgbt <1,0,0,0> }
	no_shadow
}
sphere {
	0, 1
	scale<0.080000,0.200000,0.300000>
	matrix <0.431131, 0.900677, -0.053916,
		-0.777773, 0.340681, -0.528210,
		-0.457378, 0.269662, 0.847401,
		43.149826, 53.319736, 53.770210>
	pigment { color rgbt <0,1,1,0> }
	no_shadow
}
cylinder {
	<44.078316, 53.319046, 52.760071>,  <43.469994, 53.130974, 53.177032>, 0.130000
	pigment { color rgbt <1,0,0,0> }
	no_shadow
}

// nucleotide -1

// particle -1
sphere {
	<44.078316, 53.319046, 52.760071> 0.250000
	pigment { color rgbt <1,0,0,0> }
	no_shadow
}
cylinder {
	<43.832771, 53.317078, 52.444309>,  <43.685444, 53.315899, 52.254852>, 0.100000
	pigment { color rgbt <1,0,0,0> }
	no_shadow
}
cylinder {
	<43.832771, 53.317078, 52.444309>,  <44.078316, 53.319046, 52.760071>, 0.100000
	pigment { color rgbt <1,0,0,0> }
	no_shadow
}

// particle -1
sphere {
	<43.832771, 53.317078, 52.444309> 0.100000
	pigment { color rgbt <1,0,0,0> }
	no_shadow
}
sphere {
	0, 1
	scale<0.080000,0.200000,0.300000>
	matrix <-0.784556, -0.107006, 0.610755,
		-0.087474, 0.994246, 0.061829,
		-0.613857, -0.004917, -0.789402,
		43.648613, 53.315601, 52.207489>
	pigment { color rgbt <0,1,1,0> }
	no_shadow
}
cylinder {
	<44.585815, 53.274109, 53.228710>,  <44.078316, 53.319046, 52.760071>, 0.130000
	pigment { color rgbt <1,0,0,0> }
	no_shadow
}

// nucleotide -1

// particle -1
sphere {
	<44.585815, 53.274109, 53.228710> 0.250000
	pigment { color rgbt <1,0,0,0> }
	no_shadow
}
cylinder {
	<44.705456, 53.633572, 53.100365>,  <44.777241, 53.849251, 53.023357>, 0.100000
	pigment { color rgbt <1,0,0,0> }
	no_shadow
}
cylinder {
	<44.705456, 53.633572, 53.100365>,  <44.585815, 53.274109, 53.228710>, 0.100000
	pigment { color rgbt <1,0,0,0> }
	no_shadow
}

// particle -1
sphere {
	<44.705456, 53.633572, 53.100365> 0.100000
	pigment { color rgbt <1,0,0,0> }
	no_shadow
}
sphere {
	0, 1
	scale<0.080000,0.200000,0.300000>
	matrix <0.812838, -0.063811, 0.578984,
		0.499835, -0.433980, -0.749550,
		0.299098, 0.898660, -0.320860,
		44.795185, 53.903168, 53.004105>
	pigment { color rgbt <0,1,1,0> }
	no_shadow
}
cylinder {
	<45.294811, 53.249344, 53.021267>,  <44.585815, 53.274109, 53.228710>, 0.130000
	pigment { color rgbt <1,0,0,0> }
	no_shadow
}

// nucleotide -1

// particle -1
sphere {
	<45.294811, 53.249344, 53.021267> 0.250000
	pigment { color rgbt <1,0,0,0> }
	no_shadow
}
cylinder {
	<45.203209, 53.606041, 53.177391>,  <45.148247, 53.820061, 53.271065>, 0.100000
	pigment { color rgbt <1,0,0,0> }
	no_shadow
}
cylinder {
	<45.203209, 53.606041, 53.177391>,  <45.294811, 53.249344, 53.021267>, 0.100000
	pigment { color rgbt <1,0,0,0> }
	no_shadow
}

// particle -1
sphere {
	<45.203209, 53.606041, 53.177391> 0.100000
	pigment { color rgbt <1,0,0,0> }
	no_shadow
}
sphere {
	0, 1
	scale<0.080000,0.200000,0.300000>
	matrix <0.592353, -0.190522, 0.782828,
		0.772447, 0.410477, -0.484598,
		-0.229006, 0.891746, 0.390315,
		45.134506, 53.873566, 53.294487>
	pigment { color rgbt <0,1,1,0> }
	no_shadow
}
cylinder {
	<45.956387, 53.684689, 53.181202>,  <45.294811, 53.249344, 53.021267>, 0.130000
	pigment { color rgbt <1,0,0,0> }
	no_shadow
}

// nucleotide -1

// particle -1
sphere {
	<45.956387, 53.684689, 53.181202> 0.250000
	pigment { color rgbt <1,0,0,0> }
	no_shadow
}
cylinder {
	<45.651516, 53.721054, 53.437584>,  <45.468594, 53.742874, 53.591415>, 0.100000
	pigment { color rgbt <1,0,0,0> }
	no_shadow
}
cylinder {
	<45.651516, 53.721054, 53.437584>,  <45.956387, 53.684689, 53.181202>, 0.100000
	pigment { color rgbt <1,0,0,0> }
	no_shadow
}

// particle -1
sphere {
	<45.651516, 53.721054, 53.437584> 0.100000
	pigment { color rgbt <1,0,0,0> }
	no_shadow
}
sphere {
	0, 1
	scale<0.080000,0.200000,0.300000>
	matrix <0.596189, -0.287283, 0.749685,
		0.252291, 0.953522, 0.164759,
		-0.762173, 0.090911, 0.640958,
		45.422863, 53.748329, 53.629871>
	pigment { color rgbt <0,1,1,0> }
	no_shadow
}
cylinder {
	<46.088135, 54.238926, 53.788582>,  <45.956387, 53.684689, 53.181202>, 0.130000
	pigment { color rgbt <1,0,0,0> }
	no_shadow
}

// nucleotide -1

// particle -1
sphere {
	<46.088135, 54.238926, 53.788582> 0.250000
	pigment { color rgbt <1,0,0,0> }
	no_shadow
}
cylinder {
	<45.843067, 53.939041, 53.888641>,  <45.696026, 53.759109, 53.948677>, 0.100000
	pigment { color rgbt <1,0,0,0> }
	no_shadow
}
cylinder {
	<45.843067, 53.939041, 53.888641>,  <46.088135, 54.238926, 53.788582>, 0.100000
	pigment { color rgbt <1,0,0,0> }
	no_shadow
}

// particle -1
sphere {
	<45.843067, 53.939041, 53.888641> 0.100000
	pigment { color rgbt <1,0,0,0> }
	no_shadow
}
sphere {
	0, 1
	scale<0.080000,0.200000,0.300000>
	matrix <0.574281, -0.204837, 0.792618,
		-0.542992, 0.629269, 0.556041,
		-0.612667, -0.749708, 0.250152,
		45.659267, 53.714130, 53.963688>
	pigment { color rgbt <0,1,1,0> }
	no_shadow
}
cylinder {
	<45.963272, 54.364277, 54.508465>,  <46.088135, 54.238926, 53.788582>, 0.130000
	pigment { color rgbt <1,0,0,0> }
	no_shadow
}

// nucleotide -1

// particle -1
sphere {
	<45.963272, 54.364277, 54.508465> 0.250000
	pigment { color rgbt <1,0,0,0> }
	no_shadow
}
cylinder {
	<45.900249, 53.974442, 54.444771>,  <45.862434, 53.740540, 54.406555>, 0.100000
	pigment { color rgbt <1,0,0,0> }
	no_shadow
}
cylinder {
	<45.900249, 53.974442, 54.444771>,  <45.963272, 54.364277, 54.508465>, 0.100000
	pigment { color rgbt <1,0,0,0> }
	no_shadow
}

// particle -1
sphere {
	<45.900249, 53.974442, 54.444771> 0.100000
	pigment { color rgbt <1,0,0,0> }
	no_shadow
}
sphere {
	0, 1
	scale<0.080000,0.200000,0.300000>
	matrix <0.536849, -0.219871, 0.814524,
		-0.828836, 0.042850, 0.557849,
		-0.157557, -0.974588, -0.159233,
		45.852982, 53.682064, 54.396999>
	pigment { color rgbt <0,1,1,0> }
	no_shadow
}
cylinder {
	<46.453011, 54.387821, 55.000053>,  <45.963272, 54.364277, 54.508465>, 0.130000
	pigment { color rgbt <1,0,0,0> }
	no_shadow
}

// nucleotide -1

// particle -1
sphere {
	<46.453011, 54.387821, 55.000053> 0.250000
	pigment { color rgbt <1,0,0,0> }
	no_shadow
}
cylinder {
	<46.465355, 54.703823, 54.755127>,  <46.472763, 54.893425, 54.608170>, 0.100000
	pigment { color rgbt <1,0,0,0> }
	no_shadow
}
cylinder {
	<46.465355, 54.703823, 54.755127>,  <46.453011, 54.387821, 55.000053>, 0.100000
	pigment { color rgbt <1,0,0,0> }
	no_shadow
}

// particle -1
sphere {
	<46.465355, 54.703823, 54.755127> 0.100000
	pigment { color rgbt <1,0,0,0> }
	no_shadow
}
sphere {
	0, 1
	scale<0.080000,0.200000,0.300000>
	matrix <0.778849, -0.402962, -0.480641,
		-0.626452, -0.462069, -0.627734,
		0.030863, 0.790009, -0.612318,
		46.474613, 54.940826, 54.571430>
	pigment { color rgbt <0,1,1,0> }
	no_shadow
}
cylinder {
	<47.239029, 54.285004, 54.868237>,  <46.453011, 54.387821, 55.000053>, 0.130000
	pigment { color rgbt <1,0,0,0> }
	no_shadow
}

// nucleotide -1

// particle -1
sphere {
	<47.239029, 54.285004, 54.868237> 0.250000
	pigment { color rgbt <1,0,0,0> }
	no_shadow
}
cylinder {
	<47.426102, 54.564377, 54.651543>,  <47.538345, 54.731998, 54.521526>, 0.100000
	pigment { color rgbt <1,0,0,0> }
	no_shadow
}
cylinder {
	<47.426102, 54.564377, 54.651543>,  <47.239029, 54.285004, 54.868237>, 0.100000
	pigment { color rgbt <1,0,0,0> }
	no_shadow
}

// particle -1
sphere {
	<47.426102, 54.564377, 54.651543> 0.100000
	pigment { color rgbt <1,0,0,0> }
	no_shadow
}
sphere {
	0, 1
	scale<0.080000,0.200000,0.300000>
	matrix <-0.093674, 0.648600, 0.755343,
		0.878922, -0.302510, 0.368760,
		0.467677, 0.698431, -0.541731,
		47.566406, 54.773907, 54.489025>
	pigment { color rgbt <0,1,1,0> }
	no_shadow
}
cylinder {
	<47.829006, 54.510082, 55.198223>,  <47.239029, 54.285004, 54.868237>, 0.130000
	pigment { color rgbt <1,0,0,0> }
	no_shadow
}

// nucleotide -1

// particle -1
sphere {
	<47.829006, 54.510082, 55.198223> 0.250000
	pigment { color rgbt <1,0,0,0> }
	no_shadow
}
cylinder {
	<47.680130, 54.795040, 54.960243>,  <47.590805, 54.966015, 54.817455>, 0.100000
	pigment { color rgbt <1,0,0,0> }
	no_shadow
}
cylinder {
	<47.680130, 54.795040, 54.960243>,  <47.829006, 54.510082, 55.198223>, 0.100000
	pigment { color rgbt <1,0,0,0> }
	no_shadow
}

// particle -1
sphere {
	<47.680130, 54.795040, 54.960243> 0.100000
	pigment { color rgbt <1,0,0,0> }
	no_shadow
}
sphere {
	0, 1
	scale<0.080000,0.200000,0.300000>
	matrix <-0.196605, 0.565941, 0.800660,
		0.907094, 0.414969, -0.070577,
		-0.372192, 0.712398, -0.594947,
		47.568474, 55.008759, 54.781757>
	pigment { color rgbt <0,1,1,0> }
	no_shadow
}
cylinder {
	<48.251545, 55.164455, 55.319592>,  <47.829006, 54.510082, 55.198223>, 0.130000
	pigment { color rgbt <1,0,0,0> }
	no_shadow
}

// nucleotide -1

// particle -1
sphere {
	<48.251545, 55.164455, 55.319592> 0.250000
	pigment { color rgbt <1,0,0,0> }
	no_shadow
}
cylinder {
	<47.895794, 55.259190, 55.163170>,  <47.682343, 55.316032, 55.069317>, 0.100000
	pigment { color rgbt <1,0,0,0> }
	no_shadow
}
cylinder {
	<47.895794, 55.259190, 55.163170>,  <48.251545, 55.164455, 55.319592>, 0.100000
	pigment { color rgbt <1,0,0,0> }
	no_shadow
}

// particle -1
sphere {
	<47.895794, 55.259190, 55.163170> 0.100000
	pigment { color rgbt <1,0,0,0> }
	no_shadow
}
sphere {
	0, 1
	scale<0.080000,0.200000,0.300000>
	matrix <-0.112917, 0.715060, 0.689883,
		0.443018, 0.657721, -0.609212,
		-0.889373, 0.236840, -0.391052,
		47.628983, 55.330242, 55.045853>
	pigment { color rgbt <0,1,1,0> }
	no_shadow
}
cylinder {
	<48.231937, 55.935715, 55.222885>,  <48.251545, 55.164455, 55.319592>, 0.130000
	pigment { color rgbt <1,0,0,0> }
	no_shadow
}

// nucleotide -1

// particle -1
sphere {
	<48.231937, 55.935715, 55.222885> 0.250000
	pigment { color rgbt <1,0,0,0> }
	no_shadow
}
cylinder {
	<47.861622, 55.785091, 55.236244>,  <47.639431, 55.694717, 55.244259>, 0.100000
	pigment { color rgbt <1,0,0,0> }
	no_shadow
}
cylinder {
	<47.861622, 55.785091, 55.236244>,  <48.231937, 55.935715, 55.222885>, 0.100000
	pigment { color rgbt <1,0,0,0> }
	no_shadow
}

// particle -1
sphere {
	<47.861622, 55.785091, 55.236244> 0.100000
	pigment { color rgbt <1,0,0,0> }
	no_shadow
}
sphere {
	0, 1
	scale<0.080000,0.200000,0.300000>
	matrix <-0.218117, 0.604236, 0.766371,
		-0.308761, 0.702215, -0.641530,
		-0.925792, -0.376554, 0.033400,
		47.583885, 55.672127, 55.246265>
	pigment { color rgbt <0,1,1,0> }
	no_shadow
}
cylinder {
	<47.884914, 56.469120, 55.386360>,  <48.231937, 55.935715, 55.222885>, 0.130000
	pigment { color rgbt <1,0,0,0> }
	no_shadow
}

// nucleotide -1

// particle -1
sphere {
	<47.884914, 56.469120, 55.386360> 0.250000
	pigment { color rgbt <1,0,0,0> }
	no_shadow
}
cylinder {
	<47.689060, 56.139793, 55.501183>,  <47.571548, 55.942196, 55.570076>, 0.100000
	pigment { color rgbt <1,0,0,0> }
	no_shadow
}
cylinder {
	<47.689060, 56.139793, 55.501183>,  <47.884914, 56.469120, 55.386360>, 0.100000
	pigment { color rgbt <1,0,0,0> }
	no_shadow
}

// particle -1
sphere {
	<47.689060, 56.139793, 55.501183> 0.100000
	pigment { color rgbt <1,0,0,0> }
	no_shadow
}
sphere {
	0, 1
	scale<0.080000,0.200000,0.300000>
	matrix <-0.261462, 0.452707, 0.852463,
		-0.831800, 0.342346, -0.436929,
		-0.489639, -0.823320, 0.287052,
		47.542168, 55.892799, 55.587299>
	pigment { color rgbt <0,1,1,0> }
	no_shadow
}
cylinder {
	<47.887260, 56.198601, 56.038010>,  <47.884914, 56.469120, 55.386360>, 0.130000
	pigment { color rgbt <1,0,0,0> }
	no_shadow
}

// nucleotide -1

// particle -1
sphere {
	<47.887260, 56.198601, 56.038010> 0.250000
	pigment { color rgbt <1,0,0,0> }
	no_shadow
}
cylinder {
	<47.931522, 55.993683, 56.378670>,  <47.958080, 55.870731, 56.583065>, 0.100000
	pigment { color rgbt <1,0,0,0> }
	no_shadow
}
cylinder {
	<47.931522, 55.993683, 56.378670>,  <47.887260, 56.198601, 56.038010>, 0.100000
	pigment { color rgbt <1,0,0,0> }
	no_shadow
}

// particle -1
sphere {
	<47.931522, 55.993683, 56.378670> 0.100000
	pigment { color rgbt <1,0,0,0> }
	no_shadow
}
sphere {
	0, 1
	scale<0.080000,0.200000,0.300000>
	matrix <0.907875, 0.400757, 0.123111,
		-0.404375, 0.759572, 0.509442,
		0.110651, -0.512293, 0.851653,
		47.964718, 55.839996, 56.634167>
	pigment { color rgbt <0,1,1,0> }
	no_shadow
}
cylinder {
	<48.198208, 56.608734, 56.481518>,  <47.887260, 56.198601, 56.038010>, 0.130000
	pigment { color rgbt <1,0,0,0> }
	no_shadow
}

// nucleotide -1

// particle -1
sphere {
	<48.198208, 56.608734, 56.481518> 0.250000
	pigment { color rgbt <1,0,0,0> }
	no_shadow
}
cylinder {
	<48.282417, 56.233158, 56.590378>,  <48.332943, 56.007812, 56.655693>, 0.100000
	pigment { color rgbt <1,0,0,0> }
	no_shadow
}
cylinder {
	<48.282417, 56.233158, 56.590378>,  <48.198208, 56.608734, 56.481518>, 0.100000
	pigment { color rgbt <1,0,0,0> }
	no_shadow
}

// particle -1
sphere {
	<48.282417, 56.233158, 56.590378> 0.100000
	pigment { color rgbt <1,0,0,0> }
	no_shadow
}
sphere {
	0, 1
	scale<0.080000,0.200000,0.300000>
	matrix <0.970436, 0.234338, 0.057789,
		-0.118036, 0.251943, 0.960517,
		0.210526, -0.938941, 0.272155,
		48.345573, 55.951477, 56.672024>
	pigment { color rgbt <0,1,1,0> }
	no_shadow
}
cylinder {
	<48.536472, 56.532017, 57.191814>,  <48.198208, 56.608734, 56.481518>, 0.130000
	pigment { color rgbt <1,0,0,0> }
	no_shadow
}

// nucleotide -1

// particle -1
sphere {
	<48.536472, 56.532017, 57.191814> 0.250000
	pigment { color rgbt <1,0,0,0> }
	no_shadow
}
cylinder {
	<48.623234, 56.272957, 56.899651>,  <48.675289, 56.117519, 56.724350>, 0.100000
	pigment { color rgbt <1,0,0,0> }
	no_shadow
}
cylinder {
	<48.623234, 56.272957, 56.899651>,  <48.536472, 56.532017, 57.191814>, 0.100000
	pigment { color rgbt <1,0,0,0> }
	no_shadow
}

// particle -1
sphere {
	<48.623234, 56.272957, 56.899651> 0.100000
	pigment { color rgbt <1,0,0,0> }
	no_shadow
}
sphere {
	0, 1
	scale<0.080000,0.200000,0.300000>
	matrix <0.954184, 0.298645, 0.018547,
		0.206123, -0.700971, 0.682753,
		0.216902, -0.647650, -0.730413,
		48.688305, 56.078663, 56.680527>
	pigment { color rgbt <0,1,1,0> }
	no_shadow
}
cylinder {
	<49.101135, 56.081577, 57.314400>,  <48.536472, 56.532017, 57.191814>, 0.130000
	pigment { color rgbt <1,0,0,0> }
	no_shadow
}

// nucleotide -1

// particle -1
sphere {
	<49.101135, 56.081577, 57.314400> 0.250000
	pigment { color rgbt <1,0,0,0> }
	no_shadow
}
cylinder {
	<49.128075, 56.119595, 56.917122>,  <49.144238, 56.142406, 56.678757>, 0.100000
	pigment { color rgbt <1,0,0,0> }
	no_shadow
}
cylinder {
	<49.128075, 56.119595, 56.917122>,  <49.101135, 56.081577, 57.314400>, 0.100000
	pigment { color rgbt <1,0,0,0> }
	no_shadow
}

// particle -1
sphere {
	<49.128075, 56.119595, 56.917122> 0.100000
	pigment { color rgbt <1,0,0,0> }
	no_shadow
}
sphere {
	0, 1
	scale<0.080000,0.200000,0.300000>
	matrix <0.862800, 0.494348, 0.105813,
		0.501040, -0.864052, -0.048712,
		0.067347, 0.095045, -0.993192,
		49.148277, 56.148109, 56.619164>
	pigment { color rgbt <0,1,1,0> }
	no_shadow
}
cylinder {
	<49.766991, 55.820873, 57.176418>,  <49.101135, 56.081577, 57.314400>, 0.130000
	pigment { color rgbt <1,0,0,0> }
	no_shadow
}

// nucleotide -1

// particle -1
sphere {
	<49.766991, 55.820873, 57.176418> 0.250000
	pigment { color rgbt <1,0,0,0> }
	no_shadow
}
cylinder {
	<49.638767, 56.078217, 56.898331>,  <49.561832, 56.232624, 56.731480>, 0.100000
	pigment { color rgbt <1,0,0,0> }
	no_shadow
}
cylinder {
	<49.638767, 56.078217, 56.898331>,  <49.766991, 55.820873, 57.176418>, 0.100000
	pigment { color rgbt <1,0,0,0> }
	no_shadow
}

// particle -1
sphere {
	<49.638767, 56.078217, 56.898331> 0.100000
	pigment { color rgbt <1,0,0,0> }
	no_shadow
}
sphere {
	0, 1
	scale<0.080000,0.200000,0.300000>
	matrix <0.859665, 0.505803, 0.071687,
		0.397764, -0.574675, -0.715215,
		-0.320561, 0.643360, -0.695219,
		49.542599, 56.271225, 56.689766>
	pigment { color rgbt <0,1,1,0> }
	no_shadow
}
cylinder {
	<50.255623, 55.816399, 56.567139>,  <49.766991, 55.820873, 57.176418>, 0.130000
	pigment { color rgbt <1,0,0,0> }
	no_shadow
}

// nucleotide -1

// particle -1
sphere {
	<50.255623, 55.816399, 56.567139> 0.250000
	pigment { color rgbt <1,0,0,0> }
	no_shadow
}
cylinder {
	<50.060528, 56.164642, 56.592896>,  <49.943470, 56.373589, 56.608349>, 0.100000
	pigment { color rgbt <1,0,0,0> }
	no_shadow
}
cylinder {
	<50.060528, 56.164642, 56.592896>,  <50.255623, 55.816399, 56.567139>, 0.100000
	pigment { color rgbt <1,0,0,0> }
	no_shadow
}

// particle -1
sphere {
	<50.060528, 56.164642, 56.592896> 0.100000
	pigment { color rgbt <1,0,0,0> }
	no_shadow
}
sphere {
	0, 1
	scale<0.080000,0.200000,0.300000>
	matrix <0.872672, 0.488224, 0.009006,
		-0.023597, 0.060585, -0.997884,
		-0.487737, 0.870613, 0.064392,
		49.914207, 56.425827, 56.612213>
	pigment { color rgbt <0,1,1,0> }
	no_shadow
}
cylinder {
	<50.450588, 56.283882, 55.939613>,  <50.255623, 55.816399, 56.567139>, 0.130000
	pigment { color rgbt <1,0,0,0> }
	no_shadow
}

// nucleotide -1

// particle -1
sphere {
	<50.450588, 56.283882, 55.939613> 0.250000
	pigment { color rgbt <1,0,0,0> }
	no_shadow
}
cylinder {
	<50.346172, 56.489662, 56.266342>,  <50.283524, 56.613132, 56.462379>, 0.100000
	pigment { color rgbt <1,0,0,0> }
	no_shadow
}
cylinder {
	<50.346172, 56.489662, 56.266342>,  <50.450588, 56.283882, 55.939613>, 0.100000
	pigment { color rgbt <1,0,0,0> }
	no_shadow
}

// particle -1
sphere {
	<50.346172, 56.489662, 56.266342> 0.100000
	pigment { color rgbt <1,0,0,0> }
	no_shadow
}
sphere {
	0, 1
	scale<0.080000,0.200000,0.300000>
	matrix <0.921569, 0.384685, 0.052231,
		-0.287348, 0.766392, -0.574521,
		-0.261039, 0.514452, 0.816822,
		50.267860, 56.643997, 56.511387>
	pigment { color rgbt <0,1,1,0> }
	no_shadow
}
cylinder {
	<50.964355, 55.971954, 56.282524>,  <50.450588, 56.283882, 55.939613>, 0.130000
	pigment { color rgbt <1,0,0,0> }
	no_shadow
}

// nucleotide -1

// particle -1
sphere {
	<50.964355, 55.971954, 56.282524> 0.250000
	pigment { color rgbt <1,0,0,0> }
	no_shadow
}
cylinder {
	<50.826374, 56.341644, 56.217026>,  <50.743587, 56.563457, 56.177727>, 0.100000
	pigment { color rgbt <1,0,0,0> }
	no_shadow
}
cylinder {
	<50.826374, 56.341644, 56.217026>,  <50.964355, 55.971954, 56.282524>, 0.100000
	pigment { color rgbt <1,0,0,0> }
	no_shadow
}

// particle -1
sphere {
	<50.826374, 56.341644, 56.217026> 0.100000
	pigment { color rgbt <1,0,0,0> }
	no_shadow
}
sphere {
	0, 1
	scale<0.080000,0.200000,0.300000>
	matrix <0.165213, 0.231514, 0.958700,
		0.923967, 0.303651, -0.232555,
		-0.344950, 0.924228, -0.163744,
		50.722889, 56.618912, 56.167904>
	pigment { color rgbt <0,1,1,0> }
	no_shadow
}
cylinder {
	<51.429581, 56.552467, 56.534843>,  <50.964355, 55.971954, 56.282524>, 0.130000
	pigment { color rgbt <1,0,0,0> }
	no_shadow
}

// nucleotide -1

// particle -1
sphere {
	<51.429581, 56.552467, 56.534843> 0.250000
	pigment { color rgbt <1,0,0,0> }
	no_shadow
}
cylinder {
	<51.031994, 56.595238, 56.544540>,  <50.793442, 56.620899, 56.550358>, 0.100000
	pigment { color rgbt <1,0,0,0> }
	no_shadow
}
cylinder {
	<51.031994, 56.595238, 56.544540>,  <51.429581, 56.552467, 56.534843>, 0.100000
	pigment { color rgbt <1,0,0,0> }
	no_shadow
}

// particle -1
sphere {
	<51.031994, 56.595238, 56.544540> 0.100000
	pigment { color rgbt <1,0,0,0> }
	no_shadow
}
sphere {
	0, 1
	scale<0.080000,0.200000,0.300000>
	matrix <0.037983, 0.128400, 0.990995,
		0.102854, 0.985941, -0.131687,
		-0.993971, 0.106930, 0.024242,
		50.733803, 56.627316, 56.551815>
	pigment { color rgbt <0,1,1,0> }
	no_shadow
}
cylinder {
	<52.069599, 56.841167, 56.325134>,  <51.429581, 56.552467, 56.534843>, 0.130000
	pigment { color rgbt <1,0,0,0> }
	no_shadow
}

// nucleotide -1

// particle -1
sphere {
	<52.069599, 56.841167, 56.325134> 0.250000
	pigment { color rgbt <1,0,0,0> }
	no_shadow
}
cylinder {
	<52.307190, 56.674412, 56.049919>,  <52.449745, 56.574360, 55.884789>, 0.100000
	pigment { color rgbt <1,0,0,0> }
	no_shadow
}
cylinder {
	<52.307190, 56.674412, 56.049919>,  <52.069599, 56.841167, 56.325134>, 0.100000
	pigment { color rgbt <1,0,0,0> }
	no_shadow
}

// particle -1
sphere {
	<52.307190, 56.674412, 56.049919> 0.100000
	pigment { color rgbt <1,0,0,0> }
	no_shadow
}
sphere {
	0, 1
	scale<0.080000,0.200000,0.300000>
	matrix <0.754836, -0.006983, 0.655877,
		-0.278231, -0.908931, 0.310534,
		0.593978, -0.416887, -0.688037,
		52.485382, 56.549347, 55.843510>
	pigment { color rgbt <0,1,1,0> }
	no_shadow
}
cylinder {
	<52.557354, 56.455967, 56.748581>,  <52.069599, 56.841167, 56.325134>, 0.130000
	pigment { color rgbt <1,0,0,0> }
	no_shadow
}

// nucleotide -1

// particle -1
sphere {
	<52.557354, 56.455967, 56.748581> 0.250000
	pigment { color rgbt <1,0,0,0> }
	no_shadow
}
cylinder {
	<52.722176, 56.518913, 56.389595>,  <52.821068, 56.556683, 56.174202>, 0.100000
	pigment { color rgbt <1,0,0,0> }
	no_shadow
}
cylinder {
	<52.722176, 56.518913, 56.389595>,  <52.557354, 56.455967, 56.748581>, 0.100000
	pigment { color rgbt <1,0,0,0> }
	no_shadow
}

// particle -1
sphere {
	<52.722176, 56.518913, 56.389595> 0.100000
	pigment { color rgbt <1,0,0,0> }
	no_shadow
}
sphere {
	0, 1
	scale<0.080000,0.200000,0.300000>
	matrix <0.856077, 0.270416, 0.440463,
		0.312005, -0.949795, -0.023295,
		0.412050, 0.157369, -0.897469,
		52.845791, 56.566124, 56.120354>
	pigment { color rgbt <0,1,1,0> }
	no_shadow
}
cylinder {
	<53.169415, 56.122276, 56.639828>,  <52.557354, 56.455967, 56.748581>, 0.130000
	pigment { color rgbt <1,0,0,0> }
	no_shadow
}

// nucleotide -1

// particle -1
sphere {
	<53.169415, 56.122276, 56.639828> 0.250000
	pigment { color rgbt <1,0,0,0> }
	no_shadow
}
cylinder {
	<53.220715, 56.441620, 56.404480>,  <53.251495, 56.633224, 56.263271>, 0.100000
	pigment { color rgbt <1,0,0,0> }
	no_shadow
}
cylinder {
	<53.220715, 56.441620, 56.404480>,  <53.169415, 56.122276, 56.639828>, 0.100000
	pigment { color rgbt <1,0,0,0> }
	no_shadow
}

// particle -1
sphere {
	<53.220715, 56.441620, 56.404480> 0.100000
	pigment { color rgbt <1,0,0,0> }
	no_shadow
}
sphere {
	0, 1
	scale<0.080000,0.200000,0.300000>
	matrix <0.826243, 0.242115, 0.508628,
		0.548520, -0.551363, -0.628589,
		0.128248, 0.798360, -0.588365,
		53.259190, 56.681129, 56.227970>
	pigment { color rgbt <0,1,1,0> }
	no_shadow
}
cylinder {
	<53.861324, 56.089840, 56.575871>,  <53.169415, 56.122276, 56.639828>, 0.130000
	pigment { color rgbt <1,0,0,0> }
	no_shadow
}

// nucleotide -1

// particle -1
sphere {
	<53.861324, 56.089840, 56.575871> 0.250000
	pigment { color rgbt <1,0,0,0> }
	no_shadow
}
cylinder {
	<53.777000, 56.455315, 56.436882>,  <53.726406, 56.674599, 56.353489>, 0.100000
	pigment { color rgbt <1,0,0,0> }
	no_shadow
}
cylinder {
	<53.777000, 56.455315, 56.436882>,  <53.861324, 56.089840, 56.575871>, 0.100000
	pigment { color rgbt <1,0,0,0> }
	no_shadow
}

// particle -1
sphere {
	<53.777000, 56.455315, 56.436882> 0.100000
	pigment { color rgbt <1,0,0,0> }
	no_shadow
}
sphere {
	0, 1
	scale<0.080000,0.200000,0.300000>
	matrix <0.881722, 0.331205, 0.335960,
		0.422046, -0.235549, -0.875439,
		-0.210814, 0.913685, -0.347472,
		53.713757, 56.729420, 56.332642>
	pigment { color rgbt <0,1,1,0> }
	no_shadow
}
cylinder {
	<54.530903, 56.337399, 56.546719>,  <53.861324, 56.089840, 56.575871>, 0.130000
	pigment { color rgbt <1,0,0,0> }
	no_shadow
}

// nucleotide -1

// particle -1
sphere {
	<54.530903, 56.337399, 56.546719> 0.250000
	pigment { color rgbt <1,0,0,0> }
	no_shadow
}
cylinder {
	<54.301003, 56.658497, 56.483147>,  <54.163063, 56.851158, 56.445004>, 0.100000
	pigment { color rgbt <1,0,0,0> }
	no_shadow
}
cylinder {
	<54.301003, 56.658497, 56.483147>,  <54.530903, 56.337399, 56.546719>, 0.100000
	pigment { color rgbt <1,0,0,0> }
	no_shadow
}

// particle -1
sphere {
	<54.301003, 56.658497, 56.483147> 0.100000
	pigment { color rgbt <1,0,0,0> }
	no_shadow
}
sphere {
	0, 1
	scale<0.080000,0.200000,0.300000>
	matrix <0.748564, 0.594207, 0.294229,
		0.330631, 0.050136, -0.942428,
