// switches for output
#declare DRAW_BASES = 1; // possible values are 0, 1; only relevant for DNA ribbons
#declare DRAW_BASES_TYPE = 3; // possible values are 1, 2, 3; only relevant for DNA ribbons
#declare DRAW_FOG = 0; // set to 1 to enable fog

#include "colors.inc"

#include "transforms.inc"
background { rgb <1, 1, 1>}

#default {
   normal{
       ripples 0.25
       frequency 0.20
       turbulence 0.2
       lambda 5
   }
	finish {
		phong 0.1
		phong_size 40.
	}
}

// original window dimensions: 1024x640


// camera settings

camera {
	sky <-0, 1, 0>
	up <-0, 1, 0>
	right 1.6 * <0.99995, 0, 0.00999983>
	location <54.4867, 55, 106.329>
	look_at <55, 55, 55.0001>
	direction <0.513302, 0, -51.3289>
	angle 67.0682
}


# declare cpy_camera_pos = <54.4867, 55, 106.329>;
# if (DRAW_FOG = 1)
fog {
	fog_type 2
	up vnormalize(cpy_camera_pos)
	color rgbt<1,1,1,0.3>
	distance 1e-5
	fog_alt 3e-3
	fog_offset 88
}
# end


// LIGHTS

# declare lum = 6;
global_settings {
	ambient_light rgb lum * <0.05, 0.05, 0.05>
	max_trace_level 15
}# declare cpy_direct_light_amount = 0.25;
light_source
{	1000 * <-0.98995, -1, 1.00995>,
	rgb lum * cpy_direct_light_amount
	parallel
}

light_source
{	1000 * <0.98995, 1, -1.00995>,
	rgb lum * cpy_direct_light_amount
	parallel
}

// strand 0

// nucleotide -1

// particle -1
sphere {
	<36.385788, 52.912865, 49.942059> 0.250000
	pigment { color rgbt <1,0,0,0> }
	no_shadow
}
cylinder {
	<36.496979, 52.855537, 49.562126>,  <36.563694, 52.821140, 49.334167>, 0.100000
	pigment { color rgbt <1,0,0,0> }
	no_shadow
}
cylinder {
	<36.496979, 52.855537, 49.562126>,  <36.385788, 52.912865, 49.942059>, 0.100000
	pigment { color rgbt <1,0,0,0> }
	no_shadow
}

// particle -1
sphere {
	<36.496979, 52.855537, 49.562126> 0.100000
	pigment { color rgbt <1,0,0,0> }
	no_shadow
}
sphere {
	0, 1
	scale<0.080000,0.200000,0.300000>
	matrix <0.820992, 0.548796, 0.157465,
		0.498697, -0.823579, 0.270222,
		0.277982, -0.143323, -0.949834,
		36.580372, 52.812542, 49.277176>
	pigment { color rgbt <0,1,1,0> }
	no_shadow
}
cylinder {
	<37.112869, 52.716728, 49.765411>,  <36.385788, 52.912865, 49.942059>, 0.130000
	pigment { color rgbt <1,0,0,0> }
	no_shadow
}

// nucleotide -1

// particle -1
sphere {
	<37.112869, 52.716728, 49.765411> 0.250000
	pigment { color rgbt <1,0,0,0> }
	no_shadow
}
cylinder {
	<36.943771, 52.972221, 49.508255>,  <36.842312, 53.125515, 49.353962>, 0.100000
	pigment { color rgbt <1,0,0,0> }
	no_shadow
}
cylinder {
	<36.943771, 52.972221, 49.508255>,  <37.112869, 52.716728, 49.765411>, 0.100000
	pigment { color rgbt <1,0,0,0> }
	no_shadow
}

// particle -1
sphere {
	<36.943771, 52.972221, 49.508255> 0.100000
	pigment { color rgbt <1,0,0,0> }
	no_shadow
}
sphere {
	0, 1
	scale<0.080000,0.200000,0.300000>
	matrix <0.733328, 0.657907, 0.171432,
		0.532461, -0.398978, -0.746527,
		-0.422748, 0.638730, -0.642891,
		36.816948, 53.163841, 49.315388>
	pigment { color rgbt <0,1,1,0> }
	no_shadow
}
cylinder {
	<37.695591, 53.117973, 49.388153>,  <37.112869, 52.716728, 49.765411>, 0.130000
	pigment { color rgbt <1,0,0,0> }
	no_shadow
}

// nucleotide -1

// particle -1
sphere {
	<37.695591, 53.117973, 49.388153> 0.250000
	pigment { color rgbt <1,0,0,0> }
	no_shadow
}
cylinder {
	<37.345341, 53.309639, 49.363876>,  <37.135193, 53.424641, 49.349308>, 0.100000
	pigment { color rgbt <1,0,0,0> }
	no_shadow
}
cylinder {
	<37.345341, 53.309639, 49.363876>,  <37.695591, 53.117973, 49.388153>, 0.100000
	pigment { color rgbt <1,0,0,0> }
	no_shadow
}

// particle -1
sphere {
	<37.345341, 53.309639, 49.363876> 0.100000
	pigment { color rgbt <1,0,0,0> }
	no_shadow
}
sphere {
	0, 1
	scale<0.080000,0.200000,0.300000>
	matrix <0.450173, 0.855182, 0.256923,
		0.175015, 0.197644, -0.964524,
		-0.875622, 0.479168, -0.060695,
		37.082653, 53.453388, 49.345669>
	pigment { color rgbt <0,1,1,0> }
	no_shadow
}
cylinder {
	<38.172184, 53.640713, 49.638874>,  <37.695591, 53.117973, 49.388153>, 0.130000
	pigment { color rgbt <1,0,0,0> }
	no_shadow
}

// nucleotide -1

// particle -1
sphere {
	<38.172184, 53.640713, 49.638874> 0.250000
	pigment { color rgbt <1,0,0,0> }
	no_shadow
}
cylinder {
	<38.114090, 53.595200, 49.245743>,  <38.079231, 53.567894, 49.009865>, 0.100000
	pigment { color rgbt <1,0,0,0> }
	no_shadow
}
cylinder {
	<38.114090, 53.595200, 49.245743>,  <38.172184, 53.640713, 49.638874>, 0.100000
	pigment { color rgbt <1,0,0,0> }
	no_shadow
}

// particle -1
sphere {
	<38.114090, 53.595200, 49.245743> 0.100000
	pigment { color rgbt <1,0,0,0> }
	no_shadow
}
sphere {
	0, 1
	scale<0.080000,0.200000,0.300000>
	matrix <0.764431, 0.617749, -0.184478,
		0.628134, -0.778101, -0.002744,
		-0.145238, -0.113780, -0.982832,
		38.070518, 53.561066, 48.950893>
	pigment { color rgbt <0,1,1,0> }
	no_shadow
}
cylinder {
	<38.840916, 53.442711, 49.365147>,  <38.172184, 53.640713, 49.638874>, 0.130000
	pigment { color rgbt <1,0,0,0> }
	no_shadow
}

// nucleotide -1

// particle -1
sphere {
	<38.840916, 53.442711, 49.365147> 0.250000
	pigment { color rgbt <1,0,0,0> }
	no_shadow
}
cylinder {
	<38.577137, 53.656887, 49.154079>,  <38.418869, 53.785393, 49.027439>, 0.100000
	pigment { color rgbt <1,0,0,0> }
	no_shadow
}
cylinder {
	<38.577137, 53.656887, 49.154079>,  <38.840916, 53.442711, 49.365147>, 0.100000
	pigment { color rgbt <1,0,0,0> }
	no_shadow
}

// particle -1
sphere {
	<38.577137, 53.656887, 49.154079> 0.100000
	pigment { color rgbt <1,0,0,0> }
	no_shadow
}
sphere {
	0, 1
	scale<0.080000,0.200000,0.300000>
	matrix <0.649764, 0.758982, -0.041871,
		0.378074, -0.370474, -0.848416,
		-0.659444, 0.535440, -0.527672,
		38.379303, 53.817520, 48.995777>
	pigment { color rgbt <0,1,1,0> }
	no_shadow
}
cylinder {
	<39.106758, 53.647072, 48.601929>,  <38.840916, 53.442711, 49.365147>, 0.130000
	pigment { color rgbt <1,0,0,0> }
	no_shadow
}

// nucleotide -1

// particle -1
sphere {
	<39.106758, 53.647072, 48.601929> 0.250000
	pigment { color rgbt <1,0,0,0> }
	no_shadow
}
cylinder {
	<38.868683, 53.892052, 48.810028>,  <38.725838, 54.039040, 48.934887>, 0.100000
	pigment { color rgbt <1,0,0,0> }
	no_shadow
}
cylinder {
	<38.868683, 53.892052, 48.810028>,  <39.106758, 53.647072, 48.601929>, 0.100000
	pigment { color rgbt <1,0,0,0> }
	no_shadow
}

// particle -1
sphere {
	<38.868683, 53.892052, 48.810028> 0.100000
	pigment { color rgbt <1,0,0,0> }
	no_shadow
}
sphere {
	0, 1
	scale<0.080000,0.200000,0.300000>
	matrix <0.751979, 0.652757, 0.091849,
		-0.283343, 0.445883, -0.849061,
		-0.595184, 0.612451, 0.520249,
		38.690128, 54.075787, 48.966103>
	pigment { color rgbt <0,1,1,0> }
	no_shadow
}
cylinder {
	<39.224991, 54.328308, 48.449295>,  <39.106758, 53.647072, 48.601929>, 0.130000
	pigment { color rgbt <1,0,0,0> }
	no_shadow
}

// nucleotide -1

// particle -1
sphere {
	<39.224991, 54.328308, 48.449295> 0.250000
	pigment { color rgbt <1,0,0,0> }
	no_shadow
}
cylinder {
	<39.129276, 54.336166, 48.837593>,  <39.071846, 54.340881, 49.070572>, 0.100000
	pigment { color rgbt <1,0,0,0> }
	no_shadow
}
cylinder {
	<39.129276, 54.336166, 48.837593>,  <39.224991, 54.328308, 48.449295>, 0.100000
	pigment { color rgbt <1,0,0,0> }
	no_shadow
}

// particle -1
sphere {
	<39.129276, 54.336166, 48.837593> 0.100000
	pigment { color rgbt <1,0,0,0> }
	no_shadow
}
sphere {
	0, 1
	scale<0.080000,0.200000,0.300000>
	matrix <0.582822, 0.802546, 0.127427,
		-0.776568, 0.596266, -0.203491,
		-0.239291, 0.019643, 0.970749,
		39.057487, 54.342060, 49.128819>
	pigment { color rgbt <0,1,1,0> }
	no_shadow
}
cylinder {
	<39.947960, 54.221046, 48.822845>,  <39.224991, 54.328308, 48.449295>, 0.130000
	pigment { color rgbt <1,0,0,0> }
	no_shadow
}

// nucleotide -1

// particle -1
sphere {
	<39.947960, 54.221046, 48.822845> 0.250000
	pigment { color rgbt <1,0,0,0> }
	no_shadow
}
cylinder {
	<40.256039, 53.981575, 48.734871>,  <40.440887, 53.837891, 48.682083>, 0.100000
	pigment { color rgbt <1,0,0,0> }
	no_shadow
}
cylinder {
	<40.256039, 53.981575, 48.734871>,  <39.947960, 54.221046, 48.822845>, 0.100000
	pigment { color rgbt <1,0,0,0> }
	no_shadow
}

// particle -1
sphere {
	<40.256039, 53.981575, 48.734871> 0.100000
	pigment { color rgbt <1,0,0,0> }
	no_shadow
}
sphere {
	0, 1
	scale<0.080000,0.200000,0.300000>
	matrix <0.499109, 0.351047, 0.792247,
		-0.397095, -0.719962, 0.569184,
		0.770198, -0.598682, -0.219941,
		40.487099, 53.801971, 48.668888>
	pigment { color rgbt <0,1,1,0> }
	no_shadow
}
cylinder {
	<40.130653, 53.995476, 49.404842>,  <39.947960, 54.221046, 48.822845>, 0.130000
	pigment { color rgbt <1,0,0,0> }
	no_shadow
}

// nucleotide -1

// particle -1
sphere {
	<40.130653, 53.995476, 49.404842> 0.250000
	pigment { color rgbt <1,0,0,0> }
	no_shadow
}
cylinder {
	<40.445648, 53.887718, 49.183105>,  <40.634644, 53.823063, 49.050064>, 0.100000
	pigment { color rgbt <1,0,0,0> }
	no_shadow
}
cylinder {
	<40.445648, 53.887718, 49.183105>,  <40.130653, 53.995476, 49.404842>, 0.100000
	pigment { color rgbt <1,0,0,0> }
	no_shadow
}

// particle -1
sphere {
	<40.445648, 53.887718, 49.183105> 0.100000
	pigment { color rgbt <1,0,0,0> }
	no_shadow
}
sphere {
	0, 1
	scale<0.080000,0.200000,0.300000>
	matrix <0.592227, 0.081631, 0.801626,
		-0.170701, -0.959564, 0.223826,
		0.787483, -0.269394, -0.554345,
		40.681892, 53.806900, 49.016804>
	pigment { color rgbt <0,1,1,0> }
	no_shadow
}
cylinder {
	<40.462360, 53.484268, 49.709866>,  <40.130653, 53.995476, 49.404842>, 0.130000
	pigment { color rgbt <1,0,0,0> }
	no_shadow
}

// nucleotide -1

// particle -1
sphere {
	<40.462360, 53.484268, 49.709866> 0.250000
	pigment { color rgbt <1,0,0,0> }
	no_shadow
}
cylinder {
	<40.743954, 53.705868, 49.532108>,  <40.912910, 53.838829, 49.425453>, 0.100000
	pigment { color rgbt <1,0,0,0> }
	no_shadow
}
cylinder {
	<40.743954, 53.705868, 49.532108>,  <40.462360, 53.484268, 49.709866>, 0.100000
	pigment { color rgbt <1,0,0,0> }
	no_shadow
}

// particle -1
sphere {
	<40.743954, 53.705868, 49.532108> 0.100000
	pigment { color rgbt <1,0,0,0> }
	no_shadow
}
sphere {
	0, 1
	scale<0.080000,0.200000,0.300000>
	matrix <0.587255, -0.102165, 0.802928,
		0.399421, -0.826224, -0.397262,
		0.703984, 0.554001, -0.444398,
		40.955151, 53.872066, 49.398788>
	pigment { color rgbt <0,1,1,0> }
	no_shadow
}
cylinder {
	<41.056248, 53.171280, 49.843136>,  <40.462360, 53.484268, 49.709866>, 0.130000
	pigment { color rgbt <1,0,0,0> }
	no_shadow
}

// nucleotide -1

// particle -1
sphere {
	<41.056248, 53.171280, 49.843136> 0.250000
	pigment { color rgbt <1,0,0,0> }
	no_shadow
}
cylinder {
	<41.204891, 53.524136, 49.727386>,  <41.294079, 53.735851, 49.657936>, 0.100000
	pigment { color rgbt <1,0,0,0> }
	no_shadow
}
cylinder {
	<41.204891, 53.524136, 49.727386>,  <41.056248, 53.171280, 49.843136>, 0.100000
	pigment { color rgbt <1,0,0,0> }
	no_shadow
}

// particle -1
sphere {
	<41.204891, 53.524136, 49.727386> 0.100000
	pigment { color rgbt <1,0,0,0> }
	no_shadow
}
sphere {
	0, 1
	scale<0.080000,0.200000,0.300000>
	matrix <0.781239, -0.128738, 0.610813,
		0.501570, -0.453050, -0.737003,
		0.371609, 0.882141, -0.289369,
		41.316376, 53.788776, 49.640575>
	pigment { color rgbt <0,1,1,0> }
	no_shadow
}
cylinder {
	<41.540756, 52.945000, 50.328213>,  <41.056248, 53.171280, 49.843136>, 0.130000
	pigment { color rgbt <1,0,0,0> }
	no_shadow
}

// nucleotide -1

// particle -1
sphere {
	<41.540756, 52.945000, 50.328213> 0.250000
	pigment { color rgbt <1,0,0,0> }
	no_shadow
}
cylinder {
	<41.852123, 52.707699, 50.410297>,  <42.038944, 52.565319, 50.459549>, 0.100000
	pigment { color rgbt <1,0,0,0> }
	no_shadow
}
cylinder {
	<41.852123, 52.707699, 50.410297>,  <41.540756, 52.945000, 50.328213>, 0.100000
	pigment { color rgbt <1,0,0,0> }
	no_shadow
}

// particle -1
sphere {
	<41.852123, 52.707699, 50.410297> 0.100000
	pigment { color rgbt <1,0,0,0> }
	no_shadow
}
sphere {
	0, 1
	scale<0.080000,0.200000,0.300000>
	matrix <0.137636, 0.480241, 0.866271,
		-0.612468, -0.646079, 0.455483,
		0.778421, -0.593254, 0.205208,
		42.085651, 52.529724, 50.471859>
	pigment { color rgbt <0,1,1,0> }
	no_shadow
}
cylinder {
	<41.520618, 52.596584, 50.972706>,  <41.540756, 52.945000, 50.328213>, 0.130000
	pigment { color rgbt <1,0,0,0> }
	no_shadow
}

// nucleotide -1

// particle -1
sphere {
	<41.520618, 52.596584, 50.972706> 0.250000
	pigment { color rgbt <1,0,0,0> }
	no_shadow
}
cylinder {
	<41.880711, 52.737026, 50.869701>,  <42.096764, 52.821293, 50.807899>, 0.100000
	pigment { color rgbt <1,0,0,0> }
	no_shadow
}
cylinder {
	<41.880711, 52.737026, 50.869701>,  <41.520618, 52.596584, 50.972706>, 0.100000
	pigment { color rgbt <1,0,0,0> }
	no_shadow
}

// particle -1
sphere {
	<41.880711, 52.737026, 50.869701> 0.100000
	pigment { color rgbt <1,0,0,0> }
	no_shadow
}
sphere {
	0, 1
	scale<0.080000,0.200000,0.300000>
	matrix <-0.025572, 0.633026, 0.773708,
		0.434666, -0.689929, 0.578847,
		0.900229, 0.351107, -0.257513,
		42.150780, 52.842358, 50.792446>
	pigment { color rgbt <0,1,1,0> }
	no_shadow
}
cylinder {
	<42.121979, 52.515972, 51.439281>,  <41.520618, 52.596584, 50.972706>, 0.130000
	pigment { color rgbt <1,0,0,0> }
	no_shadow
}

// nucleotide -1

// particle -1
sphere {
	<42.121979, 52.515972, 51.439281> 0.250000
	pigment { color rgbt <1,0,0,0> }
	no_shadow
}
cylinder {
	<42.101501, 52.857746, 51.232468>,  <42.089214, 53.062809, 51.108379>, 0.100000
	pigment { color rgbt <1,0,0,0> }
	no_shadow
}
cylinder {
	<42.101501, 52.857746, 51.232468>,  <42.121979, 52.515972, 51.439281>, 0.100000
	pigment { color rgbt <1,0,0,0> }
	no_shadow
}

// particle -1
sphere {
	<42.101501, 52.857746, 51.232468> 0.100000
	pigment { color rgbt <1,0,0,0> }
	no_shadow
}
sphere {
	0, 1
	scale<0.080000,0.200000,0.300000>
	matrix <0.146170, 0.518550, 0.842461,
		0.987934, -0.032446, -0.151439,
		-0.051194, 0.854431, -0.517036,
		42.086143, 53.114075, 51.077358>
	pigment { color rgbt <0,1,1,0> }
	no_shadow
}
cylinder {
	<42.573082, 52.986465, 51.710030>,  <42.121979, 52.515972, 51.439281>, 0.130000
	pigment { color rgbt <1,0,0,0> }
	no_shadow
}

// nucleotide -1

// particle -1
sphere {
	<42.573082, 52.986465, 51.710030> 0.250000
	pigment { color rgbt <1,0,0,0> }
	no_shadow
}
cylinder {
	<42.326344, 53.234043, 51.515541>,  <42.178303, 53.382591, 51.398849>, 0.100000
	pigment { color rgbt <1,0,0,0> }
	no_shadow
}
cylinder {
	<42.326344, 53.234043, 51.515541>,  <42.573082, 52.986465, 51.710030>, 0.100000
	pigment { color rgbt <1,0,0,0> }
	no_shadow
}

// particle -1
sphere {
	<42.326344, 53.234043, 51.515541> 0.100000
	pigment { color rgbt <1,0,0,0> }
	no_shadow
}
sphere {
	0, 1
	scale<0.080000,0.200000,0.300000>
	matrix <-0.012389, 0.610033, 0.792279,
		0.786988, 0.494737, -0.368627,
		-0.616845, 0.618947, -0.486217,
		42.141289, 53.419727, 51.369675>
	pigment { color rgbt <0,1,1,0> }
	no_shadow
}
cylinder {
	<42.783226, 53.647503, 51.635326>,  <42.573082, 52.986465, 51.710030>, 0.130000
	pigment { color rgbt <1,0,0,0> }
	no_shadow
}

// nucleotide -1

// particle -1
sphere {
	<42.783226, 53.647503, 51.635326> 0.250000
	pigment { color rgbt <1,0,0,0> }
	no_shadow
}
cylinder {
	<42.385822, 53.626602, 51.675735>,  <42.147381, 53.614063, 51.699982>, 0.100000
	pigment { color rgbt <1,0,0,0> }
	no_shadow
}
cylinder {
	<42.385822, 53.626602, 51.675735>,  <42.783226, 53.647503, 51.635326>, 0.100000
	pigment { color rgbt <1,0,0,0> }
	no_shadow
}

// particle -1
sphere {
	<42.385822, 53.626602, 51.675735> 0.100000
	pigment { color rgbt <1,0,0,0> }
	no_shadow
}
sphere {
	0, 1
	scale<0.080000,0.200000,0.300000>
	matrix <0.081444, 0.293147, 0.952592,
		-0.079389, 0.954639, -0.286989,
		-0.993511, -0.052252, 0.101022,
		42.087769, 53.610928, 51.706043>
	pigment { color rgbt <0,1,1,0> }
	no_shadow
}
cylinder {
	<42.565788, 54.381660, 51.990185>,  <42.783226, 53.647503, 51.635326>, 0.130000
	pigment { color rgbt <1,0,0,0> }
	no_shadow
}

// nucleotide -1

// particle -1
sphere {
	<42.565788, 54.381660, 51.990185> 0.250000
	pigment { color rgbt <1,0,0,0> }
	no_shadow
}
cylinder {
	<42.327339, 54.067635, 52.057487>,  <42.184269, 53.879219, 52.097870>, 0.100000
	pigment { color rgbt <1,0,0,0> }
	no_shadow
}
cylinder {
	<42.327339, 54.067635, 52.057487>,  <42.565788, 54.381660, 51.990185>, 0.100000
	pigment { color rgbt <1,0,0,0> }
	no_shadow
}

// particle -1
sphere {
	<42.327339, 54.067635, 52.057487> 0.100000
	pigment { color rgbt <1,0,0,0> }
	no_shadow
}
sphere {
	0, 1
	scale<0.080000,0.200000,0.300000>
	matrix <0.101512, 0.134184, 0.985743,
		-0.796449, 0.604705, -0.000297,
		-0.596124, -0.785064, 0.168256,
		42.148502, 53.832115, 52.107964>
	pigment { color rgbt <0,1,1,0> }
	no_shadow
}
cylinder {
	<42.396095, 54.026497, 52.670536>,  <42.565788, 54.381660, 51.990185>, 0.130000
	pigment { color rgbt <1,0,0,0> }
	no_shadow
}

// nucleotide -1

// particle -1
sphere {
	<42.396095, 54.026497, 52.670536> 0.250000
	pigment { color rgbt <1,0,0,0> }
	no_shadow
}
cylinder {
	<42.790211, 53.958149, 52.669502>,  <43.026680, 53.917141, 52.668880>, 0.100000
	pigment { color rgbt <1,0,0,0> }
	no_shadow
}
cylinder {
	<42.790211, 53.958149, 52.669502>,  <42.396095, 54.026497, 52.670536>, 0.100000
	pigment { color rgbt <1,0,0,0> }
	no_shadow
}

// particle -1
sphere {
	<42.790211, 53.958149, 52.669502> 0.100000
	pigment { color rgbt <1,0,0,0> }
	no_shadow
}
sphere {
	0, 1
	scale<0.080000,0.200000,0.300000>
	matrix <0.096968, 0.546555, 0.831790,
		-0.140711, -0.819806, 0.555084,
		0.985291, -0.170868, -0.002589,
		43.085796, 53.906887, 52.668724>
	pigment { color rgbt <0,1,1,0> }
	no_shadow
}
cylinder {
	<42.681084, 53.710415, 53.247181>,  <42.396095, 54.026497, 52.670536>, 0.130000
	pigment { color rgbt <1,0,0,0> }
	no_shadow
}

// nucleotide -1

// particle -1
sphere {
	<42.681084, 53.710415, 53.247181> 0.250000
	pigment { color rgbt <1,0,0,0> }
	no_shadow
}
cylinder {
	<43.002586, 53.899094, 53.102142>,  <43.195488, 54.012302, 53.015118>, 0.100000
	pigment { color rgbt <1,0,0,0> }
	no_shadow
}
cylinder {
	<43.002586, 53.899094, 53.102142>,  <42.681084, 53.710415, 53.247181>, 0.100000
	pigment { color rgbt <1,0,0,0> }
	no_shadow
}

// particle -1
sphere {
	<43.002586, 53.899094, 53.102142> 0.100000
	pigment { color rgbt <1,0,0,0> }
	no_shadow
}
sphere {
	0, 1
	scale<0.080000,0.200000,0.300000>
	matrix <0.158813, 0.417241, 0.894812,
		0.573374, -0.776794, 0.260447,
		0.803754, 0.471700, -0.362601,
		43.243713, 54.040604, 52.993362>
	pigment { color rgbt <0,1,1,0> }
	no_shadow
}
cylinder {
	<43.309612, 53.643341, 53.604450>,  <42.681084, 53.710415, 53.247181>, 0.130000
	pigment { color rgbt <1,0,0,0> }
	no_shadow
}

// nucleotide -1

// particle -1
sphere {
	<43.309612, 53.643341, 53.604450> 0.250000
	pigment { color rgbt <1,0,0,0> }
	no_shadow
}
cylinder {
	<43.290577, 53.993507, 53.412041>,  <43.279156, 54.203606, 53.296597>, 0.100000
	pigment { color rgbt <1,0,0,0> }
	no_shadow
}
cylinder {
	<43.290577, 53.993507, 53.412041>,  <43.309612, 53.643341, 53.604450>, 0.100000
	pigment { color rgbt <1,0,0,0> }
	no_shadow
}

// particle -1
sphere {
	<43.290577, 53.993507, 53.412041> 0.100000
	pigment { color rgbt <1,0,0,0> }
	no_shadow
}
sphere {
	0, 1
	scale<0.080000,0.200000,0.300000>
	matrix <0.127534, 0.482953, 0.866309,
		0.990692, -0.020123, -0.134627,
		-0.047586, 0.875415, -0.481024,
		43.276302, 54.256130, 53.267735>
	pigment { color rgbt <0,1,1,0> }
	no_shadow
}
cylinder {
	<43.951107, 54.112072, 53.610313>,  <43.309612, 53.643341, 53.604450>, 0.130000
	pigment { color rgbt <1,0,0,0> }
	no_shadow
}

// nucleotide -1

// particle -1
sphere {
	<43.951107, 54.112072, 53.610313> 0.250000
	pigment { color rgbt <1,0,0,0> }
	no_shadow
}
cylinder {
	<43.591591, 54.286194, 53.589573>,  <43.375881, 54.390667, 53.577129>, 0.100000
	pigment { color rgbt <1,0,0,0> }
	no_shadow
}
cylinder {
	<43.591591, 54.286194, 53.589573>,  <43.951107, 54.112072, 53.610313>, 0.100000
	pigment { color rgbt <1,0,0,0> }
	no_shadow
}

// particle -1
sphere {
	<43.591591, 54.286194, 53.589573> 0.100000
	pigment { color rgbt <1,0,0,0> }
	no_shadow
}
sphere {
	0, 1
	scale<0.080000,0.200000,0.300000>
	matrix <0.030527, 0.180138, 0.983168,
		0.437315, 0.882078, -0.175195,
		-0.898790, 0.435303, -0.051850,
		43.321953, 54.416786, 53.574017>
	pigment { color rgbt <0,1,1,0> }
	no_shadow
}
cylinder {
	<44.012524, 54.827892, 53.750961>,  <43.951107, 54.112072, 53.610313>, 0.130000
	pigment { color rgbt <1,0,0,0> }
	no_shadow
}

// nucleotide -1

// particle -1
sphere {
	<44.012524, 54.827892, 53.750961> 0.250000
	pigment { color rgbt <1,0,0,0> }
	no_shadow
}
cylinder {
	<43.680370, 54.641106, 53.872559>,  <43.481079, 54.529034, 53.945515>, 0.100000
	pigment { color rgbt <1,0,0,0> }
	no_shadow
}
cylinder {
	<43.680370, 54.641106, 53.872559>,  <44.012524, 54.827892, 53.750961>, 0.100000
	pigment { color rgbt <1,0,0,0> }
	no_shadow
}

// particle -1
sphere {
	<43.680370, 54.641106, 53.872559> 0.100000
	pigment { color rgbt <1,0,0,0> }
	no_shadow
}
sphere {
	0, 1
	scale<0.080000,0.200000,0.300000>
	matrix <0.277116, 0.127206, 0.952379,
		-0.483398, 0.875078, 0.023774,
		-0.830382, -0.466966, 0.303989,
		43.431255, 54.501015, 53.963757>
	pigment { color rgbt <0,1,1,0> }
	no_shadow
}
cylinder {
	<43.613602, 55.315300, 54.095325>,  <44.012524, 54.827892, 53.750961>, 0.130000
	pigment { color rgbt <1,0,0,0> }
	no_shadow
}

// nucleotide -1

// particle -1
sphere {
	<43.613602, 55.315300, 54.095325> 0.250000
	pigment { color rgbt <1,0,0,0> }
	no_shadow
}
cylinder {
	<43.571629, 54.942654, 54.234512>,  <43.546444, 54.719067, 54.318024>, 0.100000
	pigment { color rgbt <1,0,0,0> }
	no_shadow
}
cylinder {
	<43.571629, 54.942654, 54.234512>,  <43.613602, 55.315300, 54.095325>, 0.100000
	pigment { color rgbt <1,0,0,0> }
	no_shadow
}

// particle -1
sphere {
	<43.571629, 54.942654, 54.234512> 0.100000
	pigment { color rgbt <1,0,0,0> }
	no_shadow
}
sphere {
	0, 1
	scale<0.080000,0.200000,0.300000>
	matrix <0.290491, 0.305921, 0.906657,
		-0.951106, 0.196222, 0.238525,
		-0.104936, -0.931617, 0.347964,
		43.540146, 54.663170, 54.338902>
	pigment { color rgbt <0,1,1,0> }
	no_shadow
}
cylinder {
	<43.249859, 55.519417, 54.747997>,  <43.613602, 55.315300, 54.095325>, 0.130000
	pigment { color rgbt <1,0,0,0> }
	no_shadow
}

// nucleotide -1

// particle -1
sphere {
	<43.249859, 55.519417, 54.747997> 0.250000
	pigment { color rgbt <1,0,0,0> }
	no_shadow
}
cylinder {
	<43.450138, 55.173813, 54.769115>,  <43.570305, 54.966450, 54.781788>, 0.100000
	pigment { color rgbt <1,0,0,0> }
	no_shadow
}
cylinder {
	<43.450138, 55.173813, 54.769115>,  <43.249859, 55.519417, 54.747997>, 0.100000
	pigment { color rgbt <1,0,0,0> }
	no_shadow
}

// particle -1
sphere {
	<43.450138, 55.173813, 54.769115> 0.100000
	pigment { color rgbt <1,0,0,0> }
	no_shadow
}
sphere {
	0, 1
	scale<0.080000,0.200000,0.300000>
	matrix <0.326055, 0.244749, 0.913119,
		-0.801864, -0.439985, 0.404261,
		0.500701, -0.864009, 0.052796,
		43.600349, 54.914612, 54.784954>
	pigment { color rgbt <0,1,1,0> }
	no_shadow
}
cylinder {
	<43.107533, 55.260002, 55.390907>,  <43.249859, 55.519417, 54.747997>, 0.130000
	pigment { color rgbt <1,0,0,0> }
	no_shadow
}

// nucleotide -1

// particle -1
sphere {
	<43.107533, 55.260002, 55.390907> 0.250000
	pigment { color rgbt <1,0,0,0> }
	no_shadow
}
cylinder {
	<43.455181, 55.118877, 55.252251>,  <43.663769, 55.034203, 55.169056>, 0.100000
	pigment { color rgbt <1,0,0,0> }
	no_shadow
}
cylinder {
	<43.455181, 55.118877, 55.252251>,  <43.107533, 55.260002, 55.390907>, 0.100000
	pigment { color rgbt <1,0,0,0> }
	no_shadow
}

// particle -1
sphere {
	<43.455181, 55.118877, 55.252251> 0.100000
	pigment { color rgbt <1,0,0,0> }
	no_shadow
}
sphere {
	0, 1
	scale<0.080000,0.200000,0.300000>
	matrix <0.399638, 0.087987, 0.912441,
		-0.291416, -0.931550, 0.217467,
		0.869118, -0.352808, -0.346641,
		43.715916, 55.013035, 55.148258>
	pigment { color rgbt <0,1,1,0> }
	no_shadow
}
cylinder {
	<43.391724, 54.708530, 55.748772>,  <43.107533, 55.260002, 55.390907>, 0.130000
	pigment { color rgbt <1,0,0,0> }
	no_shadow
}

// nucleotide -1

// particle -1
sphere {
	<43.391724, 54.708530, 55.748772> 0.250000
	pigment { color rgbt <1,0,0,0> }
	no_shadow
}
cylinder {
	<43.717632, 54.882278, 55.595161>,  <43.913177, 54.986526, 55.502995>, 0.100000
	pigment { color rgbt <1,0,0,0> }
	no_shadow
}
cylinder {
	<43.717632, 54.882278, 55.595161>,  <43.391724, 54.708530, 55.748772>, 0.100000
	pigment { color rgbt <1,0,0,0> }
	no_shadow
}

// particle -1
sphere {
	<43.717632, 54.882278, 55.595161> 0.100000
	pigment { color rgbt <1,0,0,0> }
	no_shadow
}
sphere {
	0, 1
	scale<0.080000,0.200000,0.300000>
	matrix <0.335732, 0.186536, 0.923303,
		0.472691, -0.881207, 0.006151,
		0.814769, 0.434372, -0.384023,
		43.962063, 55.012589, 55.479954>
	pigment { color rgbt <0,1,1,0> }
	no_shadow
}
cylinder {
	<44.087788, 54.794136, 56.125046>,  <43.391724, 54.708530, 55.748772>, 0.130000
	pigment { color rgbt <1,0,0,0> }
	no_shadow
}

// nucleotide -1

// particle -1
sphere {
	<44.087788, 54.794136, 56.125046> 0.250000
	pigment { color rgbt <1,0,0,0> }
	no_shadow
}
cylinder {
	<44.162163, 55.079468, 55.854759>,  <44.206787, 55.250668, 55.692589>, 0.100000
	pigment { color rgbt <1,0,0,0> }
	no_shadow
}
cylinder {
	<44.162163, 55.079468, 55.854759>,  <44.087788, 54.794136, 56.125046>, 0.100000
	pigment { color rgbt <1,0,0,0> }
	no_shadow
}

// particle -1
sphere {
	<44.162163, 55.079468, 55.854759> 0.100000
	pigment { color rgbt <1,0,0,0> }
	no_shadow
}
sphere {
	0, 1
	scale<0.080000,0.200000,0.300000>
	matrix <0.764133, 0.327341, 0.555831,
		0.617679, -0.619685, -0.484213,
		0.185937, 0.713328, -0.675714,
		44.217945, 55.293465, 55.652046>
	pigment { color rgbt <0,1,1,0> }
	no_shadow
}
cylinder {
	<44.631554, 54.679073, 55.640209>,  <44.087788, 54.794136, 56.125046>, 0.130000
	pigment { color rgbt <1,0,0,0> }
	no_shadow
}

// nucleotide -1

// particle -1
sphere {
	<44.631554, 54.679073, 55.640209> 0.250000
	pigment { color rgbt <1,0,0,0> }
	no_shadow
}
cylinder {
	<44.562901, 55.033524, 55.812408>,  <44.521709, 55.246193, 55.915730>, 0.100000
	pigment { color rgbt <1,0,0,0> }
	no_shadow
}
cylinder {
	<44.562901, 55.033524, 55.812408>,  <44.631554, 54.679073, 55.640209>, 0.100000
	pigment { color rgbt <1,0,0,0> }
	no_shadow
}

// particle -1
sphere {
	<44.562901, 55.033524, 55.812408> 0.100000
	pigment { color rgbt <1,0,0,0> }
	no_shadow
}
sphere {
	0, 1
	scale<0.080000,0.200000,0.300000>
	matrix <0.865592, -0.073022, 0.495397,
		0.470418, 0.457663, -0.754488,
		-0.171631, 0.886122, 0.430500,
		44.511410, 55.299358, 55.941559>
	pigment { color rgbt <0,1,1,0> }
	no_shadow
}
cylinder {
	<45.254570, 55.050995, 55.851456>,  <44.631554, 54.679073, 55.640209>, 0.130000
	pigment { color rgbt <1,0,0,0> }
	no_shadow
}

// nucleotide -1

// particle -1
sphere {
	<45.254570, 55.050995, 55.851456> 0.250000
	pigment { color rgbt <1,0,0,0> }
	no_shadow
}
cylinder {
	<45.029247, 55.333771, 56.022530>,  <44.894054, 55.503437, 56.125175>, 0.100000
	pigment { color rgbt <1,0,0,0> }
	no_shadow
}
cylinder {
	<45.029247, 55.333771, 56.022530>,  <45.254570, 55.050995, 55.851456>, 0.100000
	pigment { color rgbt <1,0,0,0> }
	no_shadow
}

// particle -1
sphere {
	<45.029247, 55.333771, 56.022530> 0.100000
	pigment { color rgbt <1,0,0,0> }
	no_shadow
}
sphere {
	0, 1
	scale<0.080000,0.200000,0.300000>
	matrix <0.786403, 0.299927, 0.540013,
		0.253482, 0.640530, -0.724892,
		-0.563309, 0.706941, 0.427689,
		44.860256, 55.545853, 56.150837>
	pigment { color rgbt <0,1,1,0> }
	no_shadow
}
cylinder {
	<45.731049, 55.578129, 55.942562>,  <45.254570, 55.050995, 55.851456>, 0.130000
	pigment { color rgbt <1,0,0,0> }
	no_shadow
}

// nucleotide -1

// particle -1
sphere {
	<45.731049, 55.578129, 55.942562> 0.250000
	pigment { color rgbt <1,0,0,0> }
	no_shadow
}
cylinder {
	<45.436516, 55.662109, 56.199852>,  <45.259796, 55.712498, 56.354225>, 0.100000
	pigment { color rgbt <1,0,0,0> }
	no_shadow
}
cylinder {
	<45.436516, 55.662109, 56.199852>,  <45.731049, 55.578129, 55.942562>, 0.100000
	pigment { color rgbt <1,0,0,0> }
	no_shadow
}

// particle -1
sphere {
	<45.436516, 55.662109, 56.199852> 0.100000
	pigment { color rgbt <1,0,0,0> }
	no_shadow
}
sphere {
	0, 1
	scale<0.080000,0.200000,0.300000>
	matrix <0.676606, 0.222882, 0.701803,
		0.003979, 0.951969, -0.306167,
		-0.736335, 0.209947, 0.643221,
		45.215614, 55.725094, 56.392818>
	pigment { color rgbt <0,1,1,0> }
	no_shadow
}
cylinder {
	<45.569683, 55.349274, 55.244034>,  <45.731049, 55.578129, 55.942562>, 0.130000
	pigment { color rgbt <1,0,0,0> }
	no_shadow
}

// nucleotide -1

// particle -1
sphere {
	<45.569683, 55.349274, 55.244034> 0.250000
	pigment { color rgbt <1,0,0,0> }
	no_shadow
}
cylinder {
	<45.611629, 55.502438, 54.876907>,  <45.636795, 55.594334, 54.656631>, 0.100000
	pigment { color rgbt <1,0,0,0> }
	no_shadow
}
cylinder {
	<45.611629, 55.502438, 54.876907>,  <45.569683, 55.349274, 55.244034>, 0.100000
	pigment { color rgbt <1,0,0,0> }
	no_shadow
}

// particle -1
sphere {
	<45.611629, 55.502438, 54.876907> 0.100000
	pigment { color rgbt <1,0,0,0> }
	no_shadow
}
sphere {
	0, 1
	scale<0.080000,0.200000,0.300000>
	matrix <0.936488, 0.272546, 0.220700,
		0.334655, -0.882667, -0.330009,
		0.104862, 0.382907, -0.917816,
		45.643089, 55.617310, 54.601562>
	pigment { color rgbt <0,1,1,0> }
	no_shadow
}
cylinder {
	<46.291306, 55.105820, 54.980843>,  <45.569683, 55.349274, 55.244034>, 0.130000
	pigment { color rgbt <1,0,0,0> }
	no_shadow
}

// nucleotide -1

// particle -1
sphere {
	<46.291306, 55.105820, 54.980843> 0.250000
	pigment { color rgbt <1,0,0,0> }
	no_shadow
}
cylinder {
	<46.170013, 55.464840, 54.852806>,  <46.097237, 55.680252, 54.775986>, 0.100000
	pigment { color rgbt <1,0,0,0> }
	no_shadow
}
cylinder {
	<46.170013, 55.464840, 54.852806>,  <46.291306, 55.105820, 54.980843>, 0.100000
	pigment { color rgbt <1,0,0,0> }
	no_shadow
}

// particle -1
sphere {
	<46.170013, 55.464840, 54.852806> 0.100000
	pigment { color rgbt <1,0,0,0> }
	no_shadow
}
sphere {
	0, 1
	scale<0.080000,0.200000,0.300000>
	matrix <0.871243, 0.397197, 0.288393,
		0.385985, -0.191427, -0.902425,
		-0.303234, 0.897547, -0.320091,
		46.079044, 55.734104, 54.756779>
	pigment { color rgbt <0,1,1,0> }
	no_shadow
}
cylinder {
	<46.646580, 55.251759, 54.342972>,  <46.291306, 55.105820, 54.980843>, 0.130000
	pigment { color rgbt <1,0,0,0> }
	no_shadow
}

// nucleotide -1

// particle -1
sphere {
	<46.646580, 55.251759, 54.342972> 0.250000
	pigment { color rgbt <1,0,0,0> }
	no_shadow
}
cylinder {
	<46.571007, 55.571667, 54.570892>,  <46.525661, 55.763611, 54.707645>, 0.100000
	pigment { color rgbt <1,0,0,0> }
	no_shadow
}
cylinder {
	<46.571007, 55.571667, 54.570892>,  <46.646580, 55.251759, 54.342972>, 0.100000
	pigment { color rgbt <1,0,0,0> }
	no_shadow
}

// particle -1
sphere {
	<46.571007, 55.571667, 54.570892> 0.100000
	pigment { color rgbt <1,0,0,0> }
	no_shadow
}
sphere {
	0, 1
	scale<0.080000,0.200000,0.300000>
	matrix <0.973441, 0.076142, 0.215906,
		0.129289, 0.595456, -0.792916,
		-0.188937, 0.799771, 0.569797,
		46.514324, 55.811600, 54.741833>
	pigment { color rgbt <0,1,1,0> }
	no_shadow
}
cylinder {
	<47.152332, 55.880062, 54.189121>,  <46.646580, 55.251759, 54.342972>, 0.130000
	pigment { color rgbt <1,0,0,0> }
	no_shadow
}

// nucleotide -1

// particle -1
sphere {
	<47.152332, 55.880062, 54.189121> 0.250000
	pigment { color rgbt <1,0,0,0> }
	no_shadow
}
cylinder {
	<46.997276, 55.833153, 54.554848>,  <46.904243, 55.805008, 54.774284>, 0.100000
	pigment { color rgbt <1,0,0,0> }
	no_shadow
}
cylinder {
	<46.997276, 55.833153, 54.554848>,  <47.152332, 55.880062, 54.189121>, 0.100000
	pigment { color rgbt <1,0,0,0> }
	no_shadow
}

// particle -1
sphere {
	<46.997276, 55.833153, 54.554848> 0.100000
	pigment { color rgbt <1,0,0,0> }
	no_shadow
}
sphere {
	0, 1
	scale<0.080000,0.200000,0.300000>
	matrix <0.920577, -0.100525, 0.377403,
		0.047652, 0.987999, 0.146928,
		-0.387643, -0.117274, 0.914319,
		46.880985, 55.797970, 54.829144>
	pigment { color rgbt <0,1,1,0> }
	no_shadow
}
cylinder {
	<47.280617, 56.425320, 54.542828>,  <47.152332, 55.880062, 54.189121>, 0.130000
	pigment { color rgbt <1,0,0,0> }
	no_shadow
}

// nucleotide -1

// particle -1
sphere {
	<47.280617, 56.425320, 54.542828> 0.250000
	pigment { color rgbt <1,0,0,0> }
	no_shadow
}
cylinder {
	<47.261398, 56.071758, 54.728905>,  <47.249866, 55.859619, 54.840549>, 0.100000
	pigment { color rgbt <1,0,0,0> }
	no_shadow
}
cylinder {
	<47.261398, 56.071758, 54.728905>,  <47.280617, 56.425320, 54.542828>, 0.100000
	pigment { color rgbt <1,0,0,0> }
	no_shadow
}

// particle -1
sphere {
	<47.261398, 56.071758, 54.728905> 0.100000
	pigment { color rgbt <1,0,0,0> }
	no_shadow
}
sphere {
	0, 1
	scale<0.080000,0.200000,0.300000>
	matrix <0.979935, 0.048483, 0.193329,
		-0.193439, 0.465143, 0.863842,
		-0.048044, -0.883907, 0.465188,
		47.246986, 55.806587, 54.868462>
	pigment { color rgbt <0,1,1,0> }
	no_shadow
}
cylinder {
	<47.594250, 56.616386, 55.132698>,  <47.280617, 56.425320, 54.542828>, 0.130000
	pigment { color rgbt <1,0,0,0> }
	no_shadow
}

// nucleotide -1

// particle -1
sphere {
	<47.594250, 56.616386, 55.132698> 0.250000
	pigment { color rgbt <1,0,0,0> }
	no_shadow
}
cylinder {
	<47.624393, 56.221642, 55.075539>,  <47.642479, 55.984795, 55.041245>, 0.100000
	pigment { color rgbt <1,0,0,0> }
	no_shadow
}
cylinder {
	<47.624393, 56.221642, 55.075539>,  <47.594250, 56.616386, 55.132698>, 0.100000
	pigment { color rgbt <1,0,0,0> }
	no_shadow
}

// particle -1
sphere {
	<47.624393, 56.221642, 55.075539> 0.100000
	pigment { color rgbt <1,0,0,0> }
	no_shadow
}
sphere {
	0, 1
	scale<0.080000,0.200000,0.300000>
	matrix <0.975453, 0.043219, 0.215926,
		-0.206914, -0.155658, 0.965897,
		0.075356, -0.986865, -0.142895,
		47.646999, 55.925583, 55.032669>
	pigment { color rgbt <0,1,1,0> }
	no_shadow
}
cylinder {
	<47.820621, 56.307461, 55.757641>,  <47.594250, 56.616386, 55.132698>, 0.130000
	pigment { color rgbt <1,0,0,0> }
	no_shadow
}

// nucleotide -1

// particle -1
sphere {
	<47.820621, 56.307461, 55.757641> 0.250000
	pigment { color rgbt <1,0,0,0> }
	no_shadow
}
cylinder {
	<47.941631, 56.096474, 55.440086>,  <48.014236, 55.969883, 55.249554>, 0.100000
	pigment { color rgbt <1,0,0,0> }
	no_shadow
}
cylinder {
	<47.941631, 56.096474, 55.440086>,  <47.820621, 56.307461, 55.757641>, 0.100000
	pigment { color rgbt <1,0,0,0> }
	no_shadow
}

// particle -1
sphere {
	<47.941631, 56.096474, 55.440086> 0.100000
	pigment { color rgbt <1,0,0,0> }
	no_shadow
}
sphere {
	0, 1
	scale<0.080000,0.200000,0.300000>
	matrix <0.949161, 0.242773, 0.200388,
		0.087037, -0.814151, 0.574093,
		0.302520, -0.527465, -0.793890,
		48.032387, 55.938232, 55.201920>
	pigment { color rgbt <0,1,1,0> }
	no_shadow
}
cylinder {
	<48.294647, 55.816002, 56.092667>,  <47.820621, 56.307461, 55.757641>, 0.130000
	pigment { color rgbt <1,0,0,0> }
	no_shadow
}

// nucleotide -1

// particle -1
sphere {
	<48.294647, 55.816002, 56.092667> 0.250000
	pigment { color rgbt <1,0,0,0> }
	no_shadow
}
cylinder {
	<48.360886, 55.890724, 55.705330>,  <48.400631, 55.935558, 55.472927>, 0.100000
	pigment { color rgbt <1,0,0,0> }
	no_shadow
}
cylinder {
	<48.360886, 55.890724, 55.705330>,  <48.294647, 55.816002, 56.092667>, 0.100000
	pigment { color rgbt <1,0,0,0> }
	no_shadow
}

// particle -1
sphere {
	<48.360886, 55.890724, 55.705330> 0.100000
	pigment { color rgbt <1,0,0,0> }
	no_shadow
}
sphere {
	0, 1
	scale<0.080000,0.200000,0.300000>
	matrix <0.939132, 0.269830, 0.212657,
		0.301013, -0.944614, -0.130753,
		0.165598, 0.186806, -0.968339,
		48.410564, 55.946766, 55.414829>
	pigment { color rgbt <0,1,1,0> }
	no_shadow
}
cylinder {
	<49.019020, 55.680882, 56.275471>,  <48.294647, 55.816002, 56.092667>, 0.130000
	pigment { color rgbt <1,0,0,0> }
	no_shadow
}

// nucleotide -1

// particle -1
sphere {
	<49.019020, 55.680882, 56.275471> 0.250000
	pigment { color rgbt <1,0,0,0> }
	no_shadow
}
cylinder {
	<49.296543, 55.414803, 56.385841>,  <49.463058, 55.255154, 56.452065>, 0.100000
	pigment { color rgbt <1,0,0,0> }
	no_shadow
}
cylinder {
	<49.296543, 55.414803, 56.385841>,  <49.019020, 55.680882, 56.275471>, 0.100000
	pigment { color rgbt <1,0,0,0> }
	no_shadow
}

// particle -1
sphere {
	<49.296543, 55.414803, 56.385841> 0.100000
	pigment { color rgbt <1,0,0,0> }
	no_shadow
}
sphere {
	0, 1
	scale<0.080000,0.200000,0.300000>
	matrix <0.555439, 0.738155, 0.382903,
		-0.458388, -0.112398, 0.881616,
		0.693808, -0.665202, 0.275931,
		49.504684, 55.215240, 56.468620>
	pigment { color rgbt <0,1,1,0> }
	no_shadow
}
cylinder {
	<49.145672, 55.566246, 57.028061>,  <49.019020, 55.680882, 56.275471>, 0.130000
	pigment { color rgbt <1,0,0,0> }
	no_shadow
}

// nucleotide -1

// particle -1
sphere {
	<49.145672, 55.566246, 57.028061> 0.250000
	pigment { color rgbt <1,0,0,0> }
	no_shadow
}
cylinder {
	<49.462528, 55.547836, 56.784622>,  <49.652641, 55.536789, 56.638557>, 0.100000
	pigment { color rgbt <1,0,0,0> }
	no_shadow
}
cylinder {
	<49.462528, 55.547836, 56.784622>,  <49.145672, 55.566246, 57.028061>, 0.100000
	pigment { color rgbt <1,0,0,0> }
	no_shadow
}

// particle -1
sphere {
	<49.462528, 55.547836, 56.784622> 0.100000
	pigment { color rgbt <1,0,0,0> }
	no_shadow
}
sphere {
	0, 1
	scale<0.080000,0.200000,0.300000>
	matrix <0.348612, 0.852609, 0.389264,
		0.500980, -0.520518, 0.691434,
		0.792142, -0.046029, -0.608599,
		49.700172, 55.534027, 56.602043>
	pigment { color rgbt <0,1,1,0> }
	no_shadow
}
cylinder {
	<49.845715, 55.435970, 57.228764>,  <49.145672, 55.566246, 57.028061>, 0.130000
	pigment { color rgbt <1,0,0,0> }
	no_shadow
}

// nucleotide -1

// particle -1
sphere {
	<49.845715, 55.435970, 57.228764> 0.250000
	pigment { color rgbt <1,0,0,0> }
	no_shadow
}
cylinder {
	<49.769352, 55.698177, 56.936501>,  <49.723534, 55.855499, 56.761143>, 0.100000
	pigment { color rgbt <1,0,0,0> }
	no_shadow
}
cylinder {
	<49.769352, 55.698177, 56.936501>,  <49.845715, 55.435970, 57.228764>, 0.100000
	pigment { color rgbt <1,0,0,0> }
	no_shadow
}

// particle -1
sphere {
	<49.769352, 55.698177, 56.936501> 0.100000
	pigment { color rgbt <1,0,0,0> }
	no_shadow
}
sphere {
	0, 1
	scale<0.080000,0.200000,0.300000>
	matrix <0.182068, 0.755076, 0.629851,
		0.964576, -0.012789, -0.263494,
		-0.190903, 0.655513, -0.730657,
		49.712082, 55.894833, 56.717304>
	pigment { color rgbt <0,1,1,0> }
	no_shadow
}
cylinder {
	<50.327805, 56.027271, 57.206562>,  <49.845715, 55.435970, 57.228764>, 0.130000
	pigment { color rgbt <1,0,0,0> }
	no_shadow
}

// nucleotide -1

// particle -1
sphere {
	<50.327805, 56.027271, 57.206562> 0.250000
	pigment { color rgbt <1,0,0,0> }
	no_shadow
}
cylinder {
	<49.996410, 56.170521, 57.034348>,  <49.797573, 56.256470, 56.931019>, 0.100000
	pigment { color rgbt <1,0,0,0> }
	no_shadow
}
cylinder {
	<49.996410, 56.170521, 57.034348>,  <50.327805, 56.027271, 57.206562>, 0.100000
	pigment { color rgbt <1,0,0,0> }
	no_shadow
}

// particle -1
sphere {
	<49.996410, 56.170521, 57.034348> 0.100000
	pigment { color rgbt <1,0,0,0> }
	no_shadow
}
sphere {
	0, 1
	scale<0.080000,0.200000,0.300000>
	matrix <0.219074, 0.914787, 0.339370,
		0.515383, 0.186844, -0.836343,
		-0.828485, 0.358126, -0.430533,
		49.747864, 56.277958, 56.905190>
	pigment { color rgbt <0,1,1,0> }
	no_shadow
}
cylinder {
	<50.872246, 55.510002, 57.388969>,  <50.327805, 56.027271, 57.206562>, 0.130000
	pigment { color rgbt <1,0,0,0> }
	no_shadow
}

// nucleotide -1

// particle -1
sphere {
	<50.872246, 55.510002, 57.388969> 0.250000
	pigment { color rgbt <1,0,0,0> }
	no_shadow
}
cylinder {
	<50.894978, 55.460667, 56.992676>,  <50.908619, 55.431065, 56.754898>, 0.100000
	pigment { color rgbt <1,0,0,0> }
	no_shadow
}
cylinder {
	<50.894978, 55.460667, 56.992676>,  <50.872246, 55.510002, 57.388969>, 0.100000
	pigment { color rgbt <1,0,0,0> }
	no_shadow
}

// particle -1
sphere {
	<50.894978, 55.460667, 56.992676> 0.100000
	pigment { color rgbt <1,0,0,0> }
	no_shadow
}
sphere {
	0, 1
	scale<0.080000,0.200000,0.300000>
	matrix <0.840143, 0.542021, -0.019283,
		0.539379, -0.831265, 0.134424,
		0.056831, -0.123336, -0.990736,
