// switches for output
#declare DRAW_BASES = 1; // possible values are 0, 1; only relevant for DNA ribbons
#declare DRAW_BASES_TYPE = 3; // possible values are 1, 2, 3; only relevant for DNA ribbons
#declare DRAW_FOG = 0; // set to 1 to enable fog

#include "colors.inc"

#include "transforms.inc"
background { rgb <1, 1, 1>}

#default {
   normal{
       ripples 0.25
       frequency 0.20
       turbulence 0.2
       lambda 5
   }
	finish {
		phong 0.1
		phong_size 40.
	}
}

// original window dimensions: 1024x640


// camera settings

camera {
	sky <-0, 1, 0>
	up <-0, 1, 0>
	right 1.6 * <0.99995, 0, 0.00999983>
	location <54.4867, 55, 106.329>
	look_at <55, 55, 55.0001>
	direction <0.513302, 0, -51.3289>
	angle 67.0682
}


# declare cpy_camera_pos = <54.4867, 55, 106.329>;
# if (DRAW_FOG = 1)
fog {
	fog_type 2
	up vnormalize(cpy_camera_pos)
	color rgbt<1,1,1,0.3>
	distance 1e-5
	fog_alt 3e-3
	fog_offset 88
}
# end


// LIGHTS

# declare lum = 6;
global_settings {
	ambient_light rgb lum * <0.05, 0.05, 0.05>
	max_trace_level 15
}# declare cpy_direct_light_amount = 0.25;
light_source
{	1000 * <-0.98995, -1, 1.00995>,
	rgb lum * cpy_direct_light_amount
	parallel
}

light_source
{	1000 * <0.98995, 1, -1.00995>,
	rgb lum * cpy_direct_light_amount
	parallel
}

// strand 0

// nucleotide -1

// particle -1
sphere {
	<36.507072, 52.811741, 49.337151> 0.250000
	pigment { color rgbt <1,0,0,0> }
	no_shadow
}
cylinder {
	<36.522781, 52.450344, 49.507874>,  <36.532207, 52.233505, 49.610310>, 0.100000
	pigment { color rgbt <1,0,0,0> }
	no_shadow
}
cylinder {
	<36.522781, 52.450344, 49.507874>,  <36.507072, 52.811741, 49.337151>, 0.100000
	pigment { color rgbt <1,0,0,0> }
	no_shadow
}

// particle -1
sphere {
	<36.522781, 52.450344, 49.507874> 0.100000
	pigment { color rgbt <1,0,0,0> }
	no_shadow
}
sphere {
	0, 1
	scale<0.080000,0.200000,0.300000>
	matrix <0.839174, 0.261700, 0.476760,
		-0.542444, 0.339444, 0.768461,
		0.039273, -0.903488, 0.426810,
		36.534565, 52.179298, 49.635918>
	pigment { color rgbt <0,1,1,0> }
	no_shadow
}
cylinder {
	<36.436596, 52.947468, 50.062252>,  <36.507072, 52.811741, 49.337151>, 0.130000
	pigment { color rgbt <1,0,0,0> }
	no_shadow
}

// nucleotide -1

// particle -1
sphere {
	<36.436596, 52.947468, 50.062252> 0.250000
	pigment { color rgbt <1,0,0,0> }
	no_shadow
}
cylinder {
	<36.657280, 52.645184, 49.921104>,  <36.789692, 52.463814, 49.836418>, 0.100000
	pigment { color rgbt <1,0,0,0> }
	no_shadow
}
cylinder {
	<36.657280, 52.645184, 49.921104>,  <36.436596, 52.947468, 50.062252>, 0.100000
	pigment { color rgbt <1,0,0,0> }
	no_shadow
}

// particle -1
sphere {
	<36.657280, 52.645184, 49.921104> 0.100000
	pigment { color rgbt <1,0,0,0> }
	no_shadow
}
sphere {
	0, 1
	scale<0.080000,0.200000,0.300000>
	matrix <0.793937, 0.346266, 0.499764,
		-0.255492, -0.555879, 0.791026,
		0.551714, -0.755711, -0.352864,
		36.822796, 52.418468, 49.815247>
	pigment { color rgbt <0,1,1,0> }
	no_shadow
}
cylinder {
	<36.863232, 52.558926, 50.587654>,  <36.436596, 52.947468, 50.062252>, 0.130000
	pigment { color rgbt <1,0,0,0> }
	no_shadow
}

// nucleotide -1

// particle -1
sphere {
	<36.863232, 52.558926, 50.587654> 0.250000
	pigment { color rgbt <1,0,0,0> }
	no_shadow
}
cylinder {
	<37.049290, 52.552895, 50.233612>,  <37.160927, 52.549274, 50.021187>, 0.100000
	pigment { color rgbt <1,0,0,0> }
	no_shadow
}
cylinder {
	<37.049290, 52.552895, 50.233612>,  <36.863232, 52.558926, 50.587654>, 0.100000
	pigment { color rgbt <1,0,0,0> }
	no_shadow
}

// particle -1
sphere {
	<37.049290, 52.552895, 50.233612> 0.100000
	pigment { color rgbt <1,0,0,0> }
	no_shadow
}
sphere {
	0, 1
	scale<0.080000,0.200000,0.300000>
	matrix <0.883606, 0.068491, 0.463195,
		0.053638, -0.997538, 0.045181,
		0.465149, -0.015077, -0.885104,
		37.188835, 52.548370, 49.968082>
	pigment { color rgbt <0,1,1,0> }
	no_shadow
}
cylinder {
	<37.367626, 52.042572, 50.521626>,  <36.863232, 52.558926, 50.587654>, 0.130000
	pigment { color rgbt <1,0,0,0> }
	no_shadow
}

// nucleotide -1

// particle -1
sphere {
	<37.367626, 52.042572, 50.521626> 0.250000
	pigment { color rgbt <1,0,0,0> }
	no_shadow
}
cylinder {
	<37.489681, 52.335598, 50.278236>,  <37.562916, 52.511414, 50.132202>, 0.100000
	pigment { color rgbt <1,0,0,0> }
	no_shadow
}
cylinder {
	<37.489681, 52.335598, 50.278236>,  <37.367626, 52.042572, 50.521626>, 0.100000
	pigment { color rgbt <1,0,0,0> }
	no_shadow
}

// particle -1
sphere {
	<37.489681, 52.335598, 50.278236> 0.100000
	pigment { color rgbt <1,0,0,0> }
	no_shadow
}
sphere {
	0, 1
	scale<0.080000,0.200000,0.300000>
	matrix <0.925990, -0.079071, 0.369174,
		0.222333, -0.676086, -0.702478,
		0.305139, 0.732568, -0.608469,
		37.581223, 52.555367, 50.095695>
	pigment { color rgbt <0,1,1,0> }
	no_shadow
}
cylinder {
	<38.029408, 51.733723, 50.229294>,  <37.367626, 52.042572, 50.521626>, 0.130000
	pigment { color rgbt <1,0,0,0> }
	no_shadow
}

// nucleotide -1

// particle -1
sphere {
	<38.029408, 51.733723, 50.229294> 0.250000
	pigment { color rgbt <1,0,0,0> }
	no_shadow
}
cylinder {
	<38.006054, 52.132607, 50.210670>,  <37.992043, 52.371937, 50.199497>, 0.100000
	pigment { color rgbt <1,0,0,0> }
	no_shadow
}
cylinder {
	<38.006054, 52.132607, 50.210670>,  <38.029408, 51.733723, 50.229294>, 0.100000
	pigment { color rgbt <1,0,0,0> }
	no_shadow
}

// particle -1
sphere {
	<38.006054, 52.132607, 50.210670> 0.100000
	pigment { color rgbt <1,0,0,0> }
	no_shadow
}
sphere {
	0, 1
	scale<0.080000,0.200000,0.300000>
	matrix <0.933681, 0.071049, 0.350987,
		0.353315, -0.022976, -0.935222,
		-0.058382, 0.997208, -0.046555,
		37.988541, 52.431770, 50.196705>
	pigment { color rgbt <0,1,1,0> }
	no_shadow
}
cylinder {
	<38.491909, 51.983387, 49.773090>,  <38.029408, 51.733723, 50.229294>, 0.130000
	pigment { color rgbt <1,0,0,0> }
	no_shadow
}

// nucleotide -1

// particle -1
sphere {
	<38.491909, 51.983387, 49.773090> 0.250000
	pigment { color rgbt <1,0,0,0> }
	no_shadow
}
cylinder {
	<38.414440, 52.259174, 50.052269>,  <38.367958, 52.424648, 50.219776>, 0.100000
	pigment { color rgbt <1,0,0,0> }
	no_shadow
}
cylinder {
	<38.414440, 52.259174, 50.052269>,  <38.491909, 51.983387, 49.773090>, 0.100000
	pigment { color rgbt <1,0,0,0> }
	no_shadow
}

// particle -1
sphere {
	<38.414440, 52.259174, 50.052269> 0.100000
	pigment { color rgbt <1,0,0,0> }
	no_shadow
}
sphere {
	0, 1
	scale<0.080000,0.200000,0.300000>
	matrix <0.897175, -0.163373, 0.410349,
		0.396948, 0.705650, -0.586933,
		-0.193674, 0.689469, 0.697942,
		38.356339, 52.466015, 50.261650>
	pigment { color rgbt <0,1,1,0> }
	no_shadow
}
cylinder {
	<39.125042, 51.837238, 49.519104>,  <38.491909, 51.983387, 49.773090>, 0.130000
	pigment { color rgbt <1,0,0,0> }
	no_shadow
}

// nucleotide -1

// particle -1
sphere {
	<39.125042, 51.837238, 49.519104> 0.250000
	pigment { color rgbt <1,0,0,0> }
	no_shadow
}
cylinder {
	<39.405033, 52.067284, 49.349739>,  <39.573029, 52.205311, 49.248119>, 0.100000
	pigment { color rgbt <1,0,0,0> }
	no_shadow
}
cylinder {
	<39.405033, 52.067284, 49.349739>,  <39.125042, 51.837238, 49.519104>, 0.100000
	pigment { color rgbt <1,0,0,0> }
	no_shadow
}

// particle -1
sphere {
	<39.405033, 52.067284, 49.349739> 0.100000
	pigment { color rgbt <1,0,0,0> }
	no_shadow
}
sphere {
	0, 1
	scale<0.080000,0.200000,0.300000>
	matrix <0.712287, -0.605189, 0.355518,
		-0.051778, -0.550443, -0.833266,
		0.699975, 0.575116, -0.423409,
		39.615025, 52.239819, 49.222717>
	pigment { color rgbt <0,1,1,0> }
	no_shadow
}
cylinder {
	<39.614613, 51.528175, 49.145863>,  <39.125042, 51.837238, 49.519104>, 0.130000
	pigment { color rgbt <1,0,0,0> }
	no_shadow
}

// nucleotide -1

// particle -1
sphere {
	<39.614613, 51.528175, 49.145863> 0.250000
	pigment { color rgbt <1,0,0,0> }
	no_shadow
}
cylinder {
	<39.817135, 51.854965, 49.256287>,  <39.938648, 52.051037, 49.322540>, 0.100000
	pigment { color rgbt <1,0,0,0> }
	no_shadow
}
cylinder {
	<39.817135, 51.854965, 49.256287>,  <39.614613, 51.528175, 49.145863>, 0.100000
	pigment { color rgbt <1,0,0,0> }
	no_shadow
}

// particle -1
sphere {
	<39.817135, 51.854965, 49.256287> 0.100000
	pigment { color rgbt <1,0,0,0> }
	no_shadow
}
sphere {
	0, 1
	scale<0.080000,0.200000,0.300000>
	matrix <0.671048, -0.574316, 0.468888,
		0.541614, -0.052153, -0.839008,
		0.506309, 0.816971, 0.276060,
		39.969028, 52.100056, 49.339104>
	pigment { color rgbt <0,1,1,0> }
	no_shadow
}
cylinder {
	<40.372501, 51.411789, 49.154934>,  <39.614613, 51.528175, 49.145863>, 0.130000
	pigment { color rgbt <1,0,0,0> }
	no_shadow
}

// nucleotide -1

// particle -1
sphere {
	<40.372501, 51.411789, 49.154934> 0.250000
	pigment { color rgbt <1,0,0,0> }
	no_shadow
}
cylinder {
	<40.342365, 51.702682, 49.427830>,  <40.324284, 51.877220, 49.591568>, 0.100000
	pigment { color rgbt <1,0,0,0> }
	no_shadow
}
cylinder {
	<40.342365, 51.702682, 49.427830>,  <40.372501, 51.411789, 49.154934>, 0.100000
	pigment { color rgbt <1,0,0,0> }
	no_shadow
}

// particle -1
sphere {
	<40.342365, 51.702682, 49.427830> 0.100000
	pigment { color rgbt <1,0,0,0> }
	no_shadow
}
sphere {
	0, 1
	scale<0.080000,0.200000,0.300000>
	matrix <0.555525, -0.537562, 0.634365,
		0.828080, 0.426794, -0.363498,
		-0.075340, 0.727237, 0.682239,
		40.319763, 51.920853, 49.632500>
	pigment { color rgbt <0,1,1,0> }
	no_shadow
}
cylinder {
	<41.064346, 51.552124, 49.486320>,  <40.372501, 51.411789, 49.154934>, 0.130000
	pigment { color rgbt <1,0,0,0> }
	no_shadow
}

// nucleotide -1

// particle -1
sphere {
	<41.064346, 51.552124, 49.486320> 0.250000
	pigment { color rgbt <1,0,0,0> }
	no_shadow
}
cylinder {
	<40.773899, 51.656570, 49.740746>,  <40.599632, 51.719238, 49.893398>, 0.100000
	pigment { color rgbt <1,0,0,0> }
	no_shadow
}
cylinder {
	<40.773899, 51.656570, 49.740746>,  <41.064346, 51.552124, 49.486320>, 0.100000
	pigment { color rgbt <1,0,0,0> }
	no_shadow
}

// particle -1
sphere {
	<40.773899, 51.656570, 49.740746> 0.100000
	pigment { color rgbt <1,0,0,0> }
	no_shadow
}
sphere {
	0, 1
	scale<0.080000,0.200000,0.300000>
	matrix <0.479985, -0.469871, 0.740834,
		0.492307, 0.843233, 0.215852,
		-0.726118, 0.261112, 0.636060,
		40.556065, 51.734905, 49.931564>
	pigment { color rgbt <0,1,1,0> }
	no_shadow
}
cylinder {
	<41.317677, 51.892639, 50.180813>,  <41.064346, 51.552124, 49.486320>, 0.130000
	pigment { color rgbt <1,0,0,0> }
	no_shadow
}

// nucleotide -1

// particle -1
sphere {
	<41.317677, 51.892639, 50.180813> 0.250000
	pigment { color rgbt <1,0,0,0> }
	no_shadow
}
cylinder {
	<40.970989, 51.696175, 50.215611>,  <40.762978, 51.578297, 50.236488>, 0.100000
	pigment { color rgbt <1,0,0,0> }
	no_shadow
}
cylinder {
	<40.970989, 51.696175, 50.215611>,  <41.317677, 51.892639, 50.180813>, 0.100000
	pigment { color rgbt <1,0,0,0> }
	no_shadow
}

// particle -1
sphere {
	<40.970989, 51.696175, 50.215611> 0.100000
	pigment { color rgbt <1,0,0,0> }
	no_shadow
}
sphere {
	0, 1
	scale<0.080000,0.200000,0.300000>
	matrix <0.403677, -0.588237, 0.700730,
		-0.292998, 0.642450, 0.708104,
		-0.866716, -0.491158, 0.086990,
		40.710976, 51.548828, 50.241707>
	pigment { color rgbt <0,1,1,0> }
	no_shadow
}
cylinder {
	<41.254780, 51.726646, 50.953690>,  <41.317677, 51.892639, 50.180813>, 0.130000
	pigment { color rgbt <1,0,0,0> }
	no_shadow
}

// nucleotide -1

// particle -1
sphere {
	<41.254780, 51.726646, 50.953690> 0.250000
	pigment { color rgbt <1,0,0,0> }
	no_shadow
}
cylinder {
	<41.008884, 51.446938, 50.807747>,  <40.861347, 51.279114, 50.720181>, 0.100000
	pigment { color rgbt <1,0,0,0> }
	no_shadow
}
cylinder {
	<41.008884, 51.446938, 50.807747>,  <41.254780, 51.726646, 50.953690>, 0.100000
	pigment { color rgbt <1,0,0,0> }
	no_shadow
}

// particle -1
sphere {
	<41.008884, 51.446938, 50.807747> 0.100000
	pigment { color rgbt <1,0,0,0> }
	no_shadow
}
sphere {
	0, 1
	scale<0.080000,0.200000,0.300000>
	matrix <-0.413757, 0.679732, -0.605615,
		0.671481, -0.221347, -0.707191,
		-0.614751, -0.699264, -0.364843,
		40.824463, 51.237156, 50.698292>
	pigment { color rgbt <0,1,1,0> }
	no_shadow
}
cylinder {
	<41.656281, 52.403473, 50.670021>,  <41.254780, 51.726646, 50.953690>, 0.130000
	pigment { color rgbt <1,0,0,0> }
	no_shadow
}

// nucleotide -1

// particle -1
sphere {
	<41.656281, 52.403473, 50.670021> 0.250000
	pigment { color rgbt <1,0,0,0> }
	no_shadow
}
cylinder {
	<41.781857, 52.753132, 50.521805>,  <41.857204, 52.962929, 50.432877>, 0.100000
	pigment { color rgbt <1,0,0,0> }
	no_shadow
}
cylinder {
	<41.781857, 52.753132, 50.521805>,  <41.656281, 52.403473, 50.670021>, 0.100000
	pigment { color rgbt <1,0,0,0> }
	no_shadow
}

// particle -1
sphere {
	<41.781857, 52.753132, 50.521805> 0.100000
	pigment { color rgbt <1,0,0,0> }
	no_shadow
}
sphere {
	0, 1
	scale<0.080000,0.200000,0.300000>
	matrix <0.465014, 0.198687, 0.862720,
		0.827769, -0.443150, -0.344117,
		0.313943, 0.874152, -0.370538,
		41.876038, 53.015377, 50.410645>
	pigment { color rgbt <0,1,1,0> }
	no_shadow
}
cylinder {
	<42.406929, 52.362110, 50.704411>,  <41.656281, 52.403473, 50.670021>, 0.130000
	pigment { color rgbt <1,0,0,0> }
	no_shadow
}

// nucleotide -1

// particle -1
sphere {
	<42.406929, 52.362110, 50.704411> 0.250000
	pigment { color rgbt <1,0,0,0> }
	no_shadow
}
cylinder {
	<42.274731, 52.735420, 50.760666>,  <42.195412, 52.959404, 50.794418>, 0.100000
	pigment { color rgbt <1,0,0,0> }
	no_shadow
}
cylinder {
	<42.274731, 52.735420, 50.760666>,  <42.406929, 52.362110, 50.704411>, 0.100000
	pigment { color rgbt <1,0,0,0> }
	no_shadow
}

// particle -1
sphere {
	<42.274731, 52.735420, 50.760666> 0.100000
	pigment { color rgbt <1,0,0,0> }
	no_shadow
}
sphere {
	0, 1
	scale<0.080000,0.200000,0.300000>
	matrix <0.356423, -0.014560, 0.934211,
		0.873921, 0.358874, -0.327828,
		-0.330491, 0.933272, 0.140636,
		42.175583, 53.015404, 50.802856>
	pigment { color rgbt <0,1,1,0> }
	no_shadow
}
cylinder {
	<42.582230, 52.437149, 51.354298>,  <42.406929, 52.362110, 50.704411>, 0.130000
	pigment { color rgbt <1,0,0,0> }
	no_shadow
}

// nucleotide -1

// particle -1
sphere {
	<42.582230, 52.437149, 51.354298> 0.250000
	pigment { color rgbt <1,0,0,0> }
	no_shadow
}
cylinder {
	<42.428669, 52.802872, 51.302670>,  <42.336533, 53.022305, 51.271694>, 0.100000
	pigment { color rgbt <1,0,0,0> }
	no_shadow
}
cylinder {
	<42.428669, 52.802872, 51.302670>,  <42.582230, 52.437149, 51.354298>, 0.100000
	pigment { color rgbt <1,0,0,0> }
	no_shadow
}

// particle -1
sphere {
	<42.428669, 52.802872, 51.302670> 0.100000
	pigment { color rgbt <1,0,0,0> }
	no_shadow
}
sphere {
	0, 1
	scale<0.080000,0.200000,0.300000>
	matrix <0.264645, 0.242864, 0.933263,
		0.884639, 0.324119, -0.335203,
		-0.383897, 0.914311, -0.129070,
		42.313499, 53.077164, 51.263950>
	pigment { color rgbt <0,1,1,0> }
	no_shadow
}
cylinder {
	<43.089245, 53.078644, 51.339787>,  <42.582230, 52.437149, 51.354298>, 0.130000
	pigment { color rgbt <1,0,0,0> }
	no_shadow
}

// nucleotide -1

// particle -1
sphere {
	<43.089245, 53.078644, 51.339787> 0.250000
	pigment { color rgbt <1,0,0,0> }
	no_shadow
}
cylinder {
	<42.731754, 53.121498, 51.514038>,  <42.517262, 53.147213, 51.618587>, 0.100000
	pigment { color rgbt <1,0,0,0> }
	no_shadow
}
cylinder {
	<42.731754, 53.121498, 51.514038>,  <43.089245, 53.078644, 51.339787>, 0.100000
	pigment { color rgbt <1,0,0,0> }
	no_shadow
}

// particle -1
sphere {
	<42.731754, 53.121498, 51.514038> 0.100000
	pigment { color rgbt <1,0,0,0> }
	no_shadow
}
sphere {
	0, 1
	scale<0.080000,0.200000,0.300000>
	matrix <0.446863, 0.126961, 0.885548,
		0.039569, 0.986104, -0.161345,
		-0.893727, 0.107139, 0.435630,
		42.463634, 53.153641, 51.644726>
	pigment { color rgbt <0,1,1,0> }
	no_shadow
}
cylinder {
	<43.825768, 53.113682, 51.233334>,  <43.089245, 53.078644, 51.339787>, 0.130000
	pigment { color rgbt <1,0,0,0> }
	no_shadow
}

// nucleotide -1

// particle -1
sphere {
	<43.825768, 53.113682, 51.233334> 0.250000
	pigment { color rgbt <1,0,0,0> }
	no_shadow
}
cylinder {
	<43.593807, 53.048012, 51.552525>,  <43.454632, 53.008610, 51.744038>, 0.100000
	pigment { color rgbt <1,0,0,0> }
	no_shadow
}
cylinder {
	<43.593807, 53.048012, 51.552525>,  <43.825768, 53.113682, 51.233334>, 0.100000
	pigment { color rgbt <1,0,0,0> }
	no_shadow
}

// particle -1
sphere {
	<43.593807, 53.048012, 51.552525> 0.100000
	pigment { color rgbt <1,0,0,0> }
	no_shadow
}
sphere {
	0, 1
	scale<0.080000,0.200000,0.300000>
	matrix <-0.809452, 0.226988, -0.541538,
		-0.092224, -0.959960, -0.264521,
		-0.579898, -0.164174, 0.797976,
		43.419838, 52.998760, 51.791916>
	pigment { color rgbt <0,1,1,0> }
	no_shadow
}
cylinder {
	<44.342937, 52.935364, 51.768410>,  <43.825768, 53.113682, 51.233334>, 0.130000
	pigment { color rgbt <1,0,0,0> }
	no_shadow
}

// nucleotide -1

// particle -1
sphere {
	<44.342937, 52.935364, 51.768410> 0.250000
	pigment { color rgbt <1,0,0,0> }
	no_shadow
}
cylinder {
	<44.140244, 53.165283, 52.025417>,  <44.018627, 53.303234, 52.179623>, 0.100000
	pigment { color rgbt <1,0,0,0> }
	no_shadow
}
cylinder {
	<44.140244, 53.165283, 52.025417>,  <44.342937, 52.935364, 51.768410>, 0.100000
	pigment { color rgbt <1,0,0,0> }
	no_shadow
}

// particle -1
sphere {
	<44.140244, 53.165283, 52.025417> 0.100000
	pigment { color rgbt <1,0,0,0> }
	no_shadow
}
sphere {
	0, 1
	scale<0.080000,0.200000,0.300000>
	matrix <0.834223, 0.514935, 0.197268,
		-0.217467, 0.635966, -0.740442,
		-0.506735, 0.574794, 0.642519,
		43.988224, 53.337723, 52.218174>
	pigment { color rgbt <0,1,1,0> }
	no_shadow
}
cylinder {
	<44.499935, 53.594788, 51.482536>,  <44.342937, 52.935364, 51.768410>, 0.130000
	pigment { color rgbt <1,0,0,0> }
	no_shadow
}

// nucleotide -1

// particle -1
sphere {
	<44.499935, 53.594788, 51.482536> 0.250000
	pigment { color rgbt <1,0,0,0> }
	no_shadow
}
cylinder {
	<44.416611, 53.619709, 51.872967>,  <44.366615, 53.634663, 52.107224>, 0.100000
	pigment { color rgbt <1,0,0,0> }
	no_shadow
}
cylinder {
	<44.416611, 53.619709, 51.872967>,  <44.499935, 53.594788, 51.482536>, 0.100000
	pigment { color rgbt <1,0,0,0> }
	no_shadow
}

// particle -1
sphere {
	<44.416611, 53.619709, 51.872967> 0.100000
	pigment { color rgbt <1,0,0,0> }
	no_shadow
}
sphere {
	0, 1
	scale<0.080000,0.200000,0.300000>
	matrix <0.902822, 0.396095, 0.167394,
		-0.376190, 0.916093, -0.138757,
		-0.208309, 0.062301, 0.976077,
		44.354118, 53.638401, 52.165791>
	pigment { color rgbt <0,1,1,0> }
	no_shadow
}
cylinder {
	<44.170673, 54.244774, 51.746201>,  <44.499935, 53.594788, 51.482536>, 0.130000
	pigment { color rgbt <1,0,0,0> }
	no_shadow
}

// nucleotide -1

// particle -1
sphere {
	<44.170673, 54.244774, 51.746201> 0.250000
	pigment { color rgbt <1,0,0,0> }
	no_shadow
}
cylinder {
	<44.391098, 54.518463, 51.937267>,  <44.523354, 54.682678, 52.051907>, 0.100000
	pigment { color rgbt <1,0,0,0> }
	no_shadow
}
cylinder {
	<44.391098, 54.518463, 51.937267>,  <44.170673, 54.244774, 51.746201>, 0.100000
	pigment { color rgbt <1,0,0,0> }
	no_shadow
}

// particle -1
sphere {
	<44.391098, 54.518463, 51.937267> 0.100000
	pigment { color rgbt <1,0,0,0> }
	no_shadow
}
sphere {
	0, 1
	scale<0.080000,0.200000,0.300000>
	matrix <0.529665, -0.729136, 0.433377,
		0.644812, 0.014187, -0.764209,
		0.551064, 0.684222, 0.477670,
		44.556416, 54.723728, 52.080566>
	pigment { color rgbt <0,1,1,0> }
	no_shadow
}
cylinder {
	<44.959072, 54.149914, 51.511837>,  <44.170673, 54.244774, 51.746201>, 0.130000
	pigment { color rgbt <1,0,0,0> }
	no_shadow
}

// nucleotide -1

// particle -1
sphere {
	<44.959072, 54.149914, 51.511837> 0.250000
	pigment { color rgbt <1,0,0,0> }
	no_shadow
}
cylinder {
	<44.893471, 54.278614, 51.884842>,  <44.854111, 54.355835, 52.108646>, 0.100000
	pigment { color rgbt <1,0,0,0> }
	no_shadow
}
cylinder {
	<44.893471, 54.278614, 51.884842>,  <44.959072, 54.149914, 51.511837>, 0.100000
	pigment { color rgbt <1,0,0,0> }
	no_shadow
}

// particle -1
sphere {
	<44.893471, 54.278614, 51.884842> 0.100000
	pigment { color rgbt <1,0,0,0> }
	no_shadow
}
sphere {
	0, 1
	scale<0.080000,0.200000,0.300000>
	matrix <0.555367, -0.751151, 0.356848,
		0.815273, 0.576411, -0.055497,
		-0.164005, 0.321750, 0.932512,
		44.844269, 54.375137, 52.164597>
	pigment { color rgbt <0,1,1,0> }
	no_shadow
}
cylinder {
	<45.527504, 53.792694, 51.604027>,  <44.959072, 54.149914, 51.511837>, 0.130000
	pigment { color rgbt <1,0,0,0> }
	no_shadow
}

// nucleotide -1

// particle -1
sphere {
	<45.527504, 53.792694, 51.604027> 0.250000
	pigment { color rgbt <1,0,0,0> }
	no_shadow
}
cylinder {
	<45.852734, 53.964615, 51.761093>,  <46.047871, 54.067768, 51.855331>, 0.100000
	pigment { color rgbt <1,0,0,0> }
	no_shadow
}
cylinder {
	<45.852734, 53.964615, 51.761093>,  <45.527504, 53.792694, 51.604027>, 0.100000
	pigment { color rgbt <1,0,0,0> }
	no_shadow
}

// particle -1
sphere {
	<45.852734, 53.964615, 51.761093> 0.100000
	pigment { color rgbt <1,0,0,0> }
	no_shadow
}
sphere {
	0, 1
	scale<0.080000,0.200000,0.300000>
	matrix <-0.352462, 0.900250, -0.255578,
		-0.463344, 0.069404, 0.883457,
		0.813070, 0.429805, 0.392663,
		46.096653, 54.093555, 51.878891>
	pigment { color rgbt <0,1,1,0> }
	no_shadow
}
cylinder {
	<45.333206, 54.445198, 52.051605>,  <45.527504, 53.792694, 51.604027>, 0.130000
	pigment { color rgbt <1,0,0,0> }
	no_shadow
}

// nucleotide -1

// particle -1
sphere {
	<45.333206, 54.445198, 52.051605> 0.250000
	pigment { color rgbt <1,0,0,0> }
	no_shadow
}
cylinder {
	<45.711479, 54.487122, 51.928513>,  <45.938442, 54.512276, 51.854656>, 0.100000
	pigment { color rgbt <1,0,0,0> }
	no_shadow
}
cylinder {
	<45.711479, 54.487122, 51.928513>,  <45.333206, 54.445198, 52.051605>, 0.100000
	pigment { color rgbt <1,0,0,0> }
	no_shadow
}

// particle -1
sphere {
	<45.711479, 54.487122, 51.928513> 0.100000
	pigment { color rgbt <1,0,0,0> }
	no_shadow
}
sphere {
	0, 1
	scale<0.080000,0.200000,0.300000>
	matrix <-0.220287, 0.902737, -0.369512,
		0.239073, 0.417230, 0.876791,
		0.945684, 0.104806, -0.307731,
		45.995186, 54.518562, 51.836193>
	pigment { color rgbt <0,1,1,0> }
	no_shadow
}
cylinder {
	<45.591324, 55.162132, 52.144737>,  <45.333206, 54.445198, 52.051605>, 0.130000
	pigment { color rgbt <1,0,0,0> }
	no_shadow
}

// nucleotide -1

// particle -1
sphere {
	<45.591324, 55.162132, 52.144737> 0.250000
	pigment { color rgbt <1,0,0,0> }
	no_shadow
}
cylinder {
	<45.828068, 55.009010, 51.861000>,  <45.970112, 54.917137, 51.690758>, 0.100000
	pigment { color rgbt <1,0,0,0> }
	no_shadow
}
cylinder {
	<45.828068, 55.009010, 51.861000>,  <45.591324, 55.162132, 52.144737>, 0.100000
	pigment { color rgbt <1,0,0,0> }
	no_shadow
}

// particle -1
sphere {
	<45.828068, 55.009010, 51.861000> 0.100000
	pigment { color rgbt <1,0,0,0> }
	no_shadow
}
sphere {
	0, 1
	scale<0.080000,0.200000,0.300000>
	matrix <-0.146446, 0.814316, -0.561643,
		0.792628, 0.436292, 0.425898,
		0.591856, -0.382803, -0.709343,
		46.005623, 54.894169, 51.648197>
	pigment { color rgbt <0,1,1,0> }
	no_shadow
}
cylinder {
	<46.138062, 55.674664, 52.131783>,  <45.591324, 55.162132, 52.144737>, 0.130000
	pigment { color rgbt <1,0,0,0> }
	no_shadow
}

// nucleotide -1

// particle -1
sphere {
	<46.138062, 55.674664, 52.131783> 0.250000
	pigment { color rgbt <1,0,0,0> }
	no_shadow
}
cylinder {
	<46.053116, 55.451382, 51.810959>,  <46.002148, 55.317413, 51.618465>, 0.100000
	pigment { color rgbt <1,0,0,0> }
	no_shadow
}
cylinder {
	<46.053116, 55.451382, 51.810959>,  <46.138062, 55.674664, 52.131783>, 0.100000
	pigment { color rgbt <1,0,0,0> }
	no_shadow
}

// particle -1
sphere {
	<46.053116, 55.451382, 51.810959> 0.100000
	pigment { color rgbt <1,0,0,0> }
	no_shadow
}
sphere {
	0, 1
	scale<0.080000,0.200000,0.300000>
	matrix <-0.206827, 0.827866, -0.521403,
		0.955052, 0.055161, -0.291262,
		-0.212365, -0.558208, -0.802063,
		45.989407, 55.283920, 51.570339>
	pigment { color rgbt <0,1,1,0> }
	no_shadow
}
cylinder {
	<46.417698, 55.929462, 51.375465>,  <46.138062, 55.674664, 52.131783>, 0.130000
	pigment { color rgbt <1,0,0,0> }
	no_shadow
}

// nucleotide -1

// particle -1
sphere {
	<46.417698, 55.929462, 51.375465> 0.250000
	pigment { color rgbt <1,0,0,0> }
	no_shadow
}
cylinder {
	<46.058071, 55.756748, 51.346519>,  <45.842297, 55.653118, 51.329151>, 0.100000
	pigment { color rgbt <1,0,0,0> }
	no_shadow
}
cylinder {
	<46.058071, 55.756748, 51.346519>,  <46.417698, 55.929462, 51.375465>, 0.100000
	pigment { color rgbt <1,0,0,0> }
	no_shadow
}

// particle -1
sphere {
	<46.058071, 55.756748, 51.346519> 0.100000
	pigment { color rgbt <1,0,0,0> }
	no_shadow
}
sphere {
	0, 1
	scale<0.080000,0.200000,0.300000>
	matrix <-0.365396, 0.831088, -0.419259,
		0.241171, -0.350501, -0.904978,
		-0.899067, -0.431789, -0.072362,
		45.788349, 55.627213, 51.324810>
	pigment { color rgbt <0,1,1,0> }
	no_shadow
}
cylinder {
	<46.769398, 56.338573, 50.883629>,  <46.417698, 55.929462, 51.375465>, 0.130000
	pigment { color rgbt <1,0,0,0> }
	no_shadow
}

// nucleotide -1

// particle -1
sphere {
	<46.769398, 56.338573, 50.883629> 0.250000
	pigment { color rgbt <1,0,0,0> }
	no_shadow
}
cylinder {
	<46.943508, 56.693268, 50.945900>,  <47.047974, 56.906086, 50.983261>, 0.100000
	pigment { color rgbt <1,0,0,0> }
	no_shadow
}
cylinder {
	<46.943508, 56.693268, 50.945900>,  <46.769398, 56.338573, 50.883629>, 0.100000
	pigment { color rgbt <1,0,0,0> }
	no_shadow
}

// particle -1
sphere {
	<46.943508, 56.693268, 50.945900> 0.100000
	pigment { color rgbt <1,0,0,0> }
	no_shadow
}
sphere {
	0, 1
	scale<0.080000,0.200000,0.300000>
	matrix <0.799818, -0.460252, 0.385305,
		0.413314, -0.043202, -0.909563,
		0.435274, 0.886737, 0.155675,
		47.074089, 56.959290, 50.992603>
	pigment { color rgbt <0,1,1,0> }
	no_shadow
}
cylinder {
	<47.588863, 56.439056, 50.584782>,  <46.769398, 56.338573, 50.883629>, 0.130000
	pigment { color rgbt <1,0,0,0> }
	no_shadow
}

// nucleotide -1

// particle -1
sphere {
	<47.588863, 56.439056, 50.584782> 0.250000
	pigment { color rgbt <1,0,0,0> }
	no_shadow
}
cylinder {
	<47.532906, 56.660435, 50.913200>,  <47.499332, 56.793262, 51.110252>, 0.100000
	pigment { color rgbt <1,0,0,0> }
	no_shadow
}
cylinder {
	<47.532906, 56.660435, 50.913200>,  <47.588863, 56.439056, 50.584782>, 0.100000
	pigment { color rgbt <1,0,0,0> }
	no_shadow
}

// particle -1
sphere {
	<47.532906, 56.660435, 50.913200> 0.100000
	pigment { color rgbt <1,0,0,0> }
	no_shadow
}
sphere {
	0, 1
	scale<0.080000,0.200000,0.300000>
	matrix <0.891433, -0.290557, 0.347740,
		0.431018, 0.780558, -0.452717,
		-0.139891, 0.553449, 0.821051,
		47.490940, 56.826469, 51.159515>
	pigment { color rgbt <0,1,1,0> }
	no_shadow
}
cylinder {
	<48.064789, 56.978428, 50.722569>,  <47.588863, 56.439056, 50.584782>, 0.130000
	pigment { color rgbt <1,0,0,0> }
	no_shadow
}

// nucleotide -1

// particle -1
sphere {
	<48.064789, 56.978428, 50.722569> 0.250000
	pigment { color rgbt <1,0,0,0> }
	no_shadow
}
cylinder {
	<47.938984, 56.842438, 51.077084>,  <47.863499, 56.760845, 51.289791>, 0.100000
	pigment { color rgbt <1,0,0,0> }
	no_shadow
}
cylinder {
	<47.938984, 56.842438, 51.077084>,  <48.064789, 56.978428, 50.722569>, 0.100000
	pigment { color rgbt <1,0,0,0> }
	no_shadow
}

// particle -1
sphere {
	<47.938984, 56.842438, 51.077084> 0.100000
	pigment { color rgbt <1,0,0,0> }
	no_shadow
}
sphere {
	0, 1
	scale<0.080000,0.200000,0.300000>
	matrix <0.949069, -0.094239, 0.300646,
		-0.018690, 0.935701, 0.352298,
		-0.314515, -0.339974, 0.886283,
		47.844631, 56.740444, 51.342968>
	pigment { color rgbt <0,1,1,0> }
	no_shadow
}
cylinder {
	<48.206749, 57.419930, 51.392006>,  <48.064789, 56.978428, 50.722569>, 0.130000
	pigment { color rgbt <1,0,0,0> }
	no_shadow
}

// nucleotide -1

// particle -1
sphere {
	<48.206749, 57.419930, 51.392006> 0.250000
	pigment { color rgbt <1,0,0,0> }
	no_shadow
}
cylinder {
	<48.201088, 57.033318, 51.494465>,  <48.197693, 56.801350, 51.555943>, 0.100000
	pigment { color rgbt <1,0,0,0> }
	no_shadow
}
cylinder {
	<48.201088, 57.033318, 51.494465>,  <48.206749, 57.419930, 51.392006>, 0.100000
	pigment { color rgbt <1,0,0,0> }
	no_shadow
}

// particle -1
sphere {
	<48.201088, 57.033318, 51.494465> 0.100000
	pigment { color rgbt <1,0,0,0> }
	no_shadow
}
sphere {
	0, 1
	scale<0.080000,0.200000,0.300000>
	matrix <0.916607, 0.089821, 0.389569,
		-0.399539, 0.240303, 0.884660,
		-0.014153, -0.966533, 0.256150,
		48.196842, 56.743359, 51.571308>
	pigment { color rgbt <0,1,1,0> }
	no_shadow
}
cylinder {
	<48.412933, 57.276848, 52.155315>,  <48.206749, 57.419930, 51.392006>, 0.130000
	pigment { color rgbt <1,0,0,0> }
	no_shadow
}

// nucleotide -1

// particle -1
sphere {
	<48.412933, 57.276848, 52.155315> 0.250000
	pigment { color rgbt <1,0,0,0> }
	no_shadow
}
cylinder {
	<48.505894, 56.958549, 51.931610>,  <48.561668, 56.767570, 51.797386>, 0.100000
	pigment { color rgbt <1,0,0,0> }
	no_shadow
}
cylinder {
	<48.505894, 56.958549, 51.931610>,  <48.412933, 57.276848, 52.155315>, 0.100000
	pigment { color rgbt <1,0,0,0> }
	no_shadow
}

// particle -1
sphere {
	<48.505894, 56.958549, 51.931610> 0.100000
	pigment { color rgbt <1,0,0,0> }
	no_shadow
}
sphere {
	0, 1
	scale<0.080000,0.200000,0.300000>
	matrix <0.891768, -0.055203, 0.449115,
		-0.388255, -0.603105, 0.696794,
		0.232398, -0.795749, -0.559262,
		48.575615, 56.719826, 51.763832>
	pigment { color rgbt <0,1,1,0> }
	no_shadow
}
cylinder {
	<48.520351, 56.640114, 52.565563>,  <48.412933, 57.276848, 52.155315>, 0.130000
	pigment { color rgbt <1,0,0,0> }
	no_shadow
}

// nucleotide -1

// particle -1
sphere {
	<48.520351, 56.640114, 52.565563> 0.250000
	pigment { color rgbt <1,0,0,0> }
	no_shadow
}
cylinder {
	<48.739933, 56.694069, 52.235603>,  <48.871681, 56.726440, 52.037628>, 0.100000
	pigment { color rgbt <1,0,0,0> }
	no_shadow
}
cylinder {
	<48.739933, 56.694069, 52.235603>,  <48.520351, 56.640114, 52.565563>, 0.100000
	pigment { color rgbt <1,0,0,0> }
	no_shadow
}

// particle -1
sphere {
	<48.739933, 56.694069, 52.235603> 0.100000
	pigment { color rgbt <1,0,0,0> }
	no_shadow
}
sphere {
	0, 1
	scale<0.080000,0.200000,0.300000>
	matrix <0.826681, 0.058187, 0.559654,
		0.123486, -0.989151, -0.079564,
		0.548953, 0.134884, -0.824898,
		48.904617, 56.734535, 51.988132>
	pigment { color rgbt <0,1,1,0> }
	no_shadow
}
cylinder {
	<48.956234, 55.991287, 52.294563>,  <48.520351, 56.640114, 52.565563>, 0.130000
	pigment { color rgbt <1,0,0,0> }
	no_shadow
}

// nucleotide -1

// particle -1
sphere {
	<48.956234, 55.991287, 52.294563> 0.250000
	pigment { color rgbt <1,0,0,0> }
	no_shadow
}
cylinder {
	<49.095554, 56.364983, 52.263893>,  <49.179146, 56.589199, 52.245491>, 0.100000
	pigment { color rgbt <1,0,0,0> }
	no_shadow
}
cylinder {
	<49.095554, 56.364983, 52.263893>,  <48.956234, 55.991287, 52.294563>, 0.100000
	pigment { color rgbt <1,0,0,0> }
	no_shadow
}

// particle -1
sphere {
	<49.095554, 56.364983, 52.263893> 0.100000
	pigment { color rgbt <1,0,0,0> }
	no_shadow
}
sphere {
	0, 1
	scale<0.080000,0.200000,0.300000>
	matrix <0.799568, -0.253409, 0.544495,
		0.489260, -0.250956, -0.835252,
		0.348305, 0.934240, -0.076673,
		49.200047, 56.645256, 52.240891>
	pigment { color rgbt <0,1,1,0> }
	no_shadow
}
cylinder {
	<49.775257, 55.930420, 52.258770>,  <48.956234, 55.991287, 52.294563>, 0.130000
	pigment { color rgbt <1,0,0,0> }
	no_shadow
}

// nucleotide -1

// particle -1
sphere {
	<49.775257, 55.930420, 52.258770> 0.250000
	pigment { color rgbt <1,0,0,0> }
	no_shadow
}
cylinder {
	<49.642059, 56.289001, 52.375725>,  <49.562141, 56.504150, 52.445896>, 0.100000
	pigment { color rgbt <1,0,0,0> }
	no_shadow
}
cylinder {
	<49.642059, 56.289001, 52.375725>,  <49.775257, 55.930420, 52.258770>, 0.100000
	pigment { color rgbt <1,0,0,0> }
	no_shadow
}

// particle -1
sphere {
	<49.642059, 56.289001, 52.375725> 0.100000
	pigment { color rgbt <1,0,0,0> }
	no_shadow
}
sphere {
	0, 1
	scale<0.080000,0.200000,0.300000>
	matrix <0.838206, 0.139399, 0.527237,
		0.431884, 0.420646, -0.797830,
		-0.332997, 0.896451, 0.292384,
		49.542160, 56.557938, 52.463440>
	pigment { color rgbt <0,1,1,0> }
	no_shadow
}
cylinder {
	<50.170826, 56.511139, 51.977413>,  <49.775257, 55.930420, 52.258770>, 0.130000
	pigment { color rgbt <1,0,0,0> }
	no_shadow
}

// nucleotide -1

// particle -1
sphere {
	<50.170826, 56.511139, 51.977413> 0.250000
	pigment { color rgbt <1,0,0,0> }
	no_shadow
}
cylinder {
	<50.016186, 56.515427, 52.346287>,  <49.923401, 56.517998, 52.567612>, 0.100000
	pigment { color rgbt <1,0,0,0> }
	no_shadow
}
cylinder {
	<50.016186, 56.515427, 52.346287>,  <50.170826, 56.511139, 51.977413>, 0.100000
	pigment { color rgbt <1,0,0,0> }
	no_shadow
}

// particle -1
sphere {
	<50.016186, 56.515427, 52.346287> 0.100000
	pigment { color rgbt <1,0,0,0> }
	no_shadow
}
sphere {
	0, 1
	scale<0.080000,0.200000,0.300000>
	matrix <0.922245, 0.002155, 0.386600,
		0.002155, 0.999940, -0.010716,
		-0.386600, 0.010716, 0.922185,
		49.900208, 56.518642, 52.622944>
	pigment { color rgbt <0,1,1,0> }
	no_shadow
}
cylinder {
	<50.534027, 56.989853, 52.411892>,  <50.170826, 56.511139, 51.977413>, 0.130000
	pigment { color rgbt <1,0,0,0> }
	no_shadow
}

// nucleotide -1

// particle -1
sphere {
	<50.534027, 56.989853, 52.411892> 0.250000
	pigment { color rgbt <1,0,0,0> }
	no_shadow
}
cylinder {
	<50.373981, 56.730427, 52.670895>,  <50.277954, 56.574772, 52.826298>, 0.100000
	pigment { color rgbt <1,0,0,0> }
	no_shadow
}
cylinder {
	<50.373981, 56.730427, 52.670895>,  <50.534027, 56.989853, 52.411892>, 0.100000
	pigment { color rgbt <1,0,0,0> }
	no_shadow
}

// particle -1
sphere {
	<50.373981, 56.730427, 52.670895> 0.100000
	pigment { color rgbt <1,0,0,0> }
	no_shadow
}
sphere {
	0, 1
	scale<0.080000,0.200000,0.300000>
	matrix <0.846428, 0.009367, 0.532421,
		-0.351376, 0.761100, 0.545217,
		-0.400118, -0.648567, 0.647508,
		50.253944, 56.535858, 52.865147>
	pigment { color rgbt <0,1,1,0> }
	no_shadow
}
cylinder {
	<50.504585, 57.261700, 53.175819>,  <50.534027, 56.989853, 52.411892>, 0.130000
	pigment { color rgbt <1,0,0,0> }
	no_shadow
}

// nucleotide -1

// particle -1
sphere {
	<50.504585, 57.261700, 53.175819> 0.250000
	pigment { color rgbt <1,0,0,0> }
	no_shadow
}
cylinder {
	<50.530361, 56.868214, 53.242931>,  <50.545826, 56.632122, 53.283199>, 0.100000
	pigment { color rgbt <1,0,0,0> }
	no_shadow
}
cylinder {
	<50.530361, 56.868214, 53.242931>,  <50.504585, 57.261700, 53.175819>, 0.100000
	pigment { color rgbt <1,0,0,0> }
	no_shadow
}

// particle -1
sphere {
	<50.530361, 56.868214, 53.242931> 0.100000
	pigment { color rgbt <1,0,0,0> }
	no_shadow
}
sphere {
	0, 1
	scale<0.080000,0.200000,0.300000>
	matrix <0.586818, 0.173343, 0.790947,
		-0.807150, 0.047485, 0.588433,
		0.064442, -0.983716, 0.167778,
		50.549694, 56.573097, 53.293266>
	pigment { color rgbt <0,1,1,0> }
	no_shadow
}
cylinder {
	<50.452099, 57.237091, 53.969696>,  <50.504585, 57.261700, 53.175819>, 0.130000
	pigment { color rgbt <1,0,0,0> }
	no_shadow
}

// nucleotide -1

// particle -1
sphere {
	<50.452099, 57.237091, 53.969696> 0.250000
	pigment { color rgbt <1,0,0,0> }
	no_shadow
}
cylinder {
	<50.663925, 56.969364, 53.761246>,  <50.791023, 56.808727, 53.636173>, 0.100000
	pigment { color rgbt <1,0,0,0> }
	no_shadow
}
cylinder {
	<50.663925, 56.969364, 53.761246>,  <50.452099, 57.237091, 53.969696>, 0.100000
	pigment { color rgbt <1,0,0,0> }
	no_shadow
}

// particle -1
sphere {
	<50.663925, 56.969364, 53.761246> 0.100000
	pigment { color rgbt <1,0,0,0> }
	no_shadow
}
sphere {
	0, 1
	scale<0.080000,0.200000,0.300000>
	matrix <0.795831, 0.179376, 0.578340,
		-0.293614, -0.721000, 0.627654,
		0.529569, -0.669315, -0.521127,
		50.822796, 56.768570, 53.604908>
	pigment { color rgbt <0,1,1,0> }
	no_shadow
}
cylinder {
	<50.875443, 56.753258, 54.354153>,  <50.452099, 57.237091, 53.969696>, 0.130000
	pigment { color rgbt <1,0,0,0> }
	no_shadow
}

// nucleotide -1

// particle -1
sphere {
	<50.875443, 56.753258, 54.354153> 0.250000
	pigment { color rgbt <1,0,0,0> }
	no_shadow
}
cylinder {
	<51.072239, 56.741413, 54.006115>,  <51.190319, 56.734306, 53.797291>, 0.100000
	pigment { color rgbt <1,0,0,0> }
	no_shadow
}
cylinder {
	<51.072239, 56.741413, 54.006115>,  <50.875443, 56.753258, 54.354153>, 0.100000
	pigment { color rgbt <1,0,0,0> }
	no_shadow
}

// particle -1
sphere {
	<51.072239, 56.741413, 54.006115> 0.100000
	pigment { color rgbt <1,0,0,0> }
	no_shadow
}
sphere {
	0, 1
	scale<0.080000,0.200000,0.300000>
	matrix <0.865037, 0.129422, 0.484728,
		0.098254, -0.991147, 0.089295,
		0.491993, -0.029617, -0.870095,
		51.219837, 56.732529, 53.745087>
	pigment { color rgbt <0,1,1,0> }
	no_shadow
}
cylinder {
	<51.296158, 56.239639, 54.434666>,  <50.875443, 56.753258, 54.354153>, 0.130000
	pigment { color rgbt <1,0,0,0> }
	no_shadow
}

// nucleotide -1

// particle -1
sphere {
	<51.296158, 56.239639, 54.434666> 0.250000
	pigment { color rgbt <1,0,0,0> }
	no_shadow
}
cylinder {
	<51.451309, 56.473129, 54.149342>,  <51.544399, 56.613224, 53.978146>, 0.100000
	pigment { color rgbt <1,0,0,0> }
	no_shadow
}
cylinder {
	<51.451309, 56.473129, 54.149342>,  <51.296158, 56.239639, 54.434666>, 0.100000
	pigment { color rgbt <1,0,0,0> }
	no_shadow
}

// particle -1
sphere {
	<51.451309, 56.473129, 54.149342> 0.100000
	pigment { color rgbt <1,0,0,0> }
	no_shadow
}
sphere {
	0, 1
	scale<0.080000,0.200000,0.300000>
	matrix <0.868520, 0.027626, 0.494883,
		0.308581, -0.811482, -0.496260,
		0.387879, 0.583723, -0.713314,
		51.567673, 56.648247, 53.935349>
	pigment { color rgbt <0,1,1,0> }
	no_shadow
}
cylinder {
	<52.007782, 55.996857, 54.250027>,  <51.296158, 56.239639, 54.434666>, 0.130000
	pigment { color rgbt <1,0,0,0> }
	no_shadow
}

// nucleotide -1

// particle -1
sphere {
	<52.007782, 55.996857, 54.250027> 0.250000
	pigment { color rgbt <1,0,0,0> }
	no_shadow
}
cylinder {
	<51.971889, 56.390442, 54.188362>,  <51.950352, 56.626595, 54.151363>, 0.100000
	pigment { color rgbt <1,0,0,0> }
	no_shadow
}
cylinder {
	<51.971889, 56.390442, 54.188362>,  <52.007782, 55.996857, 54.250027>, 0.100000
	pigment { color rgbt <1,0,0,0> }
	no_shadow
}

// particle -1
sphere {
	<51.971889, 56.390442, 54.188362> 0.100000
	pigment { color rgbt <1,0,0,0> }
	no_shadow
}
sphere {
	0, 1
	scale<0.080000,0.200000,0.300000>
	matrix <0.847151, 0.156798, 0.507690,
		0.523720, -0.085041, -0.847635,
		-0.089733, 0.983963, -0.154161,
		51.944969, 56.685631, 54.142113>
	pigment { color rgbt <0,1,1,0> }
	no_shadow
}
cylinder {
	<52.637474, 56.112740, 54.119541>,  <52.007782, 55.996857, 54.250027>, 0.130000
	pigment { color rgbt <1,0,0,0> }
	no_shadow
}

// nucleotide -1

// particle -1
sphere {
	<52.637474, 56.112740, 54.119541> 0.250000
	pigment { color rgbt <1,0,0,0> }
	no_shadow
}
cylinder {
	<52.455837, 56.442375, 54.255001>,  <52.346855, 56.640156, 54.336277>, 0.100000
	pigment { color rgbt <1,0,0,0> }
	no_shadow
}
cylinder {
	<52.455837, 56.442375, 54.255001>,  <52.637474, 56.112740, 54.119541>, 0.100000
	pigment { color rgbt <1,0,0,0> }
	no_shadow
}

// particle -1
sphere {
	<52.455837, 56.442375, 54.255001> 0.100000
	pigment { color rgbt <1,0,0,0> }
	no_shadow
}
sphere {
	0, 1
	scale<0.080000,0.200000,0.300000>
	matrix <0.789163, 0.195595, 0.582206,
		0.413551, 0.531623, -0.739157,
		-0.454090, 0.824087, 0.338649,
		52.319611, 56.689602, 54.356594>
	pigment { color rgbt <0,1,1,0> }
	no_shadow
}
cylinder {
	<53.037640, 56.650188, 53.985592>,  <52.637474, 56.112740, 54.119541>, 0.130000
	pigment { color rgbt <1,0,0,0> }
	no_shadow
}

// nucleotide -1

// particle -1
sphere {
	<53.037640, 56.650188, 53.985592> 0.250000
	pigment { color rgbt <1,0,0,0> }
	no_shadow
}
cylinder {
	<52.819199, 56.698715, 54.317146>,  <52.688133, 56.727833, 54.516079>, 0.100000
	pigment { color rgbt <1,0,0,0> }
	no_shadow
}
cylinder {
	<52.819199, 56.698715, 54.317146>,  <53.037640, 56.650188, 53.985592>, 0.100000
	pigment { color rgbt <1,0,0,0> }
	no_shadow
}

// particle -1
sphere {
	<52.819199, 56.698715, 54.317146> 0.100000
	pigment { color rgbt <1,0,0,0> }
	no_shadow
}
sphere {
	0, 1
	scale<0.080000,0.200000,0.300000>
	matrix <0.837411, 0.105853, 0.536225,
		-0.022686, 0.986953, -0.159401,
		-0.546102, 0.121320, 0.828887,
