// switches for output
#declare DRAW_BASES = 1; // possible values are 0, 1; only relevant for DNA ribbons
#declare DRAW_BASES_TYPE = 3; // possible values are 1, 2, 3; only relevant for DNA ribbons
#declare DRAW_FOG = 0; // set to 1 to enable fog

#include "colors.inc"

#include "transforms.inc"
background { rgb <1, 1, 1>}

#default {
   normal{
       ripples 0.25
       frequency 0.20
       turbulence 0.2
       lambda 5
   }
	finish {
		phong 0.1
		phong_size 40.
	}
}

// original window dimensions: 1024x640


// camera settings

camera {
	sky <-0, 1, 0>
	up <-0, 1, 0>
	right 1.6 * <0.99995, 0, 0.00999983>
	location <54.4867, 55, 106.329>
	look_at <55, 55, 55.0001>
	direction <0.513302, 0, -51.3289>
	angle 67.0682
}


# declare cpy_camera_pos = <54.4867, 55, 106.329>;
# if (DRAW_FOG = 1)
fog {
	fog_type 2
	up vnormalize(cpy_camera_pos)
	color rgbt<1,1,1,0.3>
	distance 1e-5
	fog_alt 3e-3
	fog_offset 88
}
# end


// LIGHTS

# declare lum = 6;
global_settings {
	ambient_light rgb lum * <0.05, 0.05, 0.05>
	max_trace_level 15
}# declare cpy_direct_light_amount = 0.25;
light_source
{	1000 * <-0.98995, -1, 1.00995>,
	rgb lum * cpy_direct_light_amount
	parallel
}

light_source
{	1000 * <0.98995, 1, -1.00995>,
	rgb lum * cpy_direct_light_amount
	parallel
}

// strand 0

// nucleotide -1

// particle -1
sphere {
	<36.700920, 52.875885, 49.713367> 0.250000
	pigment { color rgbt <1,0,0,0> }
	no_shadow
}
cylinder {
	<36.792629, 52.732849, 50.075485>,  <36.847652, 52.647030, 50.292755>, 0.100000
	pigment { color rgbt <1,0,0,0> }
	no_shadow
}
cylinder {
	<36.792629, 52.732849, 50.075485>,  <36.700920, 52.875885, 49.713367>, 0.100000
	pigment { color rgbt <1,0,0,0> }
	no_shadow
}

// particle -1
sphere {
	<36.792629, 52.732849, 50.075485> 0.100000
	pigment { color rgbt <1,0,0,0> }
	no_shadow
}
sphere {
	0, 1
	scale<0.080000,0.200000,0.300000>
	matrix <0.076549, -0.920569, -0.383006,
		0.970348, 0.157112, -0.183686,
		0.229270, -0.357588, 0.905299,
		36.861412, 52.625572, 50.347076>
	pigment { color rgbt <0,1,1,0> }
	no_shadow
}
cylinder {
	<37.362720, 52.692097, 49.831665>,  <36.700920, 52.875885, 49.713367>, 0.130000
	pigment { color rgbt <1,0,0,0> }
	no_shadow
}

// nucleotide -1

// particle -1
sphere {
	<37.362720, 52.692097, 49.831665> 0.250000
	pigment { color rgbt <1,0,0,0> }
	no_shadow
}
cylinder {
	<37.088032, 52.479279, 50.029793>,  <36.923218, 52.351589, 50.148670>, 0.100000
	pigment { color rgbt <1,0,0,0> }
	no_shadow
}
cylinder {
	<37.088032, 52.479279, 50.029793>,  <37.362720, 52.692097, 49.831665>, 0.100000
	pigment { color rgbt <1,0,0,0> }
	no_shadow
}

// particle -1
sphere {
	<37.088032, 52.479279, 50.029793> 0.100000
	pigment { color rgbt <1,0,0,0> }
	no_shadow
}
sphere {
	0, 1
	scale<0.080000,0.200000,0.300000>
	matrix <0.182759, -0.785873, -0.590764,
		0.703570, -0.315167, 0.636913,
		-0.686722, -0.532046, 0.495317,
		36.882015, 52.319664, 50.178387>
	pigment { color rgbt <0,1,1,0> }
	no_shadow
}
cylinder {
	<37.715508, 52.147705, 50.027645>,  <37.362720, 52.692097, 49.831665>, 0.130000
	pigment { color rgbt <1,0,0,0> }
	no_shadow
}

// nucleotide -1

// particle -1
sphere {
	<37.715508, 52.147705, 50.027645> 0.250000
	pigment { color rgbt <1,0,0,0> }
	no_shadow
}
cylinder {
	<37.335300, 52.072853, 49.928452>,  <37.107174, 52.027943, 49.868935>, 0.100000
	pigment { color rgbt <1,0,0,0> }
	no_shadow
}
cylinder {
	<37.335300, 52.072853, 49.928452>,  <37.715508, 52.147705, 50.027645>, 0.100000
	pigment { color rgbt <1,0,0,0> }
	no_shadow
}

// particle -1
sphere {
	<37.335300, 52.072853, 49.928452> 0.100000
	pigment { color rgbt <1,0,0,0> }
	no_shadow
}
sphere {
	0, 1
	scale<0.080000,0.200000,0.300000>
	matrix <0.310641, -0.581485, -0.751916,
		-0.003494, -0.791744, 0.610842,
		-0.950521, -0.187126, -0.247980,
		37.050144, 52.016716, 49.854057>
	pigment { color rgbt <0,1,1,0> }
	no_shadow
}
cylinder {
	<38.320770, 51.835094, 50.106937>,  <37.715508, 52.147705, 50.027645>, 0.130000
	pigment { color rgbt <1,0,0,0> }
	no_shadow
}

// nucleotide -1

// particle -1
sphere {
	<38.320770, 51.835094, 50.106937> 0.250000
	pigment { color rgbt <1,0,0,0> }
	no_shadow
}
cylinder {
	<38.426620, 51.691788, 50.465069>,  <38.490131, 51.605804, 50.679947>, 0.100000
	pigment { color rgbt <1,0,0,0> }
	no_shadow
}
cylinder {
	<38.426620, 51.691788, 50.465069>,  <38.320770, 51.835094, 50.106937>, 0.100000
	pigment { color rgbt <1,0,0,0> }
	no_shadow
}

// particle -1
sphere {
	<38.426620, 51.691788, 50.465069> 0.100000
	pigment { color rgbt <1,0,0,0> }
	no_shadow
}
sphere {
	0, 1
	scale<0.080000,0.200000,0.300000>
	matrix <-0.153856, 0.900850, 0.405953,
		-0.951998, -0.245178, 0.183267,
		0.264627, -0.358270, 0.895330,
		38.506008, 51.584309, 50.733669>
	pigment { color rgbt <0,1,1,0> }
	no_shadow
}
cylinder {
	<38.938251, 52.264538, 50.040562>,  <38.320770, 51.835094, 50.106937>, 0.130000
	pigment { color rgbt <1,0,0,0> }
	no_shadow
}

// nucleotide -1

// particle -1
sphere {
	<38.938251, 52.264538, 50.040562> 0.250000
	pigment { color rgbt <1,0,0,0> }
	no_shadow
}
cylinder {
	<39.081989, 52.402168, 50.387547>,  <39.168232, 52.484745, 50.595737>, 0.100000
	pigment { color rgbt <1,0,0,0> }
	no_shadow
}
cylinder {
	<39.081989, 52.402168, 50.387547>,  <38.938251, 52.264538, 50.040562>, 0.100000
	pigment { color rgbt <1,0,0,0> }
	no_shadow
}

// particle -1
sphere {
	<39.081989, 52.402168, 50.387547> 0.100000
	pigment { color rgbt <1,0,0,0> }
	no_shadow
}
sphere {
	0, 1
	scale<0.080000,0.200000,0.300000>
	matrix <0.879098, 0.187110, -0.438379,
		-0.313145, 0.920110, -0.235239,
		0.359341, 0.344074, 0.867460,
		39.189793, 52.505390, 50.647785>
	pigment { color rgbt <0,1,1,0> }
	no_shadow
}
cylinder {
	<39.611320, 52.268768, 49.613880>,  <38.938251, 52.264538, 50.040562>, 0.130000
	pigment { color rgbt <1,0,0,0> }
	no_shadow
}

// nucleotide -1

// particle -1
sphere {
	<39.611320, 52.268768, 49.613880> 0.250000
	pigment { color rgbt <1,0,0,0> }
	no_shadow
}
cylinder {
	<39.830875, 51.963547, 49.477367>,  <39.962608, 51.780415, 49.395458>, 0.100000
	pigment { color rgbt <1,0,0,0> }
	no_shadow
}
cylinder {
	<39.830875, 51.963547, 49.477367>,  <39.611320, 52.268768, 49.613880>, 0.100000
	pigment { color rgbt <1,0,0,0> }
	no_shadow
}

// particle -1
sphere {
	<39.830875, 51.963547, 49.477367> 0.100000
	pigment { color rgbt <1,0,0,0> }
	no_shadow
}
sphere {
	0, 1
	scale<0.080000,0.200000,0.300000>
	matrix <0.597007, 0.643632, -0.478873,
		0.585065, 0.059100, 0.808830,
		0.548890, -0.763049, -0.341284,
		39.995544, 51.734631, 49.374981>
	pigment { color rgbt <0,1,1,0> }
	no_shadow
}
cylinder {
	<40.298641, 52.180851, 49.960037>,  <39.611320, 52.268768, 49.613880>, 0.130000
	pigment { color rgbt <1,0,0,0> }
	no_shadow
}

// nucleotide -1

// particle -1
sphere {
	<40.298641, 52.180851, 49.960037> 0.250000
	pigment { color rgbt <1,0,0,0> }
	no_shadow
}
cylinder {
	<40.311028, 52.057186, 49.579834>,  <40.318459, 51.982986, 49.351711>, 0.100000
	pigment { color rgbt <1,0,0,0> }
	no_shadow
}
cylinder {
	<40.311028, 52.057186, 49.579834>,  <40.298641, 52.180851, 49.960037>, 0.100000
	pigment { color rgbt <1,0,0,0> }
	no_shadow
}

// particle -1
sphere {
	<40.311028, 52.057186, 49.579834> 0.100000
	pigment { color rgbt <1,0,0,0> }
	no_shadow
}
sphere {
	0, 1
	scale<0.080000,0.200000,0.300000>
	matrix <0.666264, 0.715260, -0.210941,
		0.745073, -0.626756, 0.228130,
		0.030964, -0.309161, -0.950505,
		40.320316, 51.964439, 49.294682>
	pigment { color rgbt <0,1,1,0> }
	no_shadow
}
cylinder {
	<41.003380, 51.982941, 49.670387>,  <40.298641, 52.180851, 49.960037>, 0.130000
	pigment { color rgbt <1,0,0,0> }
	no_shadow
}

// nucleotide -1

// particle -1
sphere {
	<41.003380, 51.982941, 49.670387> 0.250000
	pigment { color rgbt <1,0,0,0> }
	no_shadow
}
cylinder {
	<40.782078, 52.086956, 49.353836>,  <40.649296, 52.149364, 49.163906>, 0.100000
	pigment { color rgbt <1,0,0,0> }
	no_shadow
}
cylinder {
	<40.782078, 52.086956, 49.353836>,  <41.003380, 51.982941, 49.670387>, 0.100000
	pigment { color rgbt <1,0,0,0> }
	no_shadow
}

// particle -1
sphere {
	<40.782078, 52.086956, 49.353836> 0.100000
	pigment { color rgbt <1,0,0,0> }
	no_shadow
}
sphere {
	0, 1
	scale<0.080000,0.200000,0.300000>
	matrix <0.672120, 0.700578, -0.239677,
		0.492099, -0.664507, -0.562378,
		-0.553257, 0.260041, -0.791382,
		40.616100, 52.164967, 49.116421>
	pigment { color rgbt <0,1,1,0> }
	no_shadow
}
cylinder {
	<41.180988, 52.535114, 49.109470>,  <41.003380, 51.982941, 49.670387>, 0.130000
	pigment { color rgbt <1,0,0,0> }
	no_shadow
}

// nucleotide -1

// particle -1
sphere {
	<41.180988, 52.535114, 49.109470> 0.250000
	pigment { color rgbt <1,0,0,0> }
	no_shadow
}
cylinder {
	<41.130203, 52.881664, 49.302666>,  <41.099731, 53.089596, 49.418583>, 0.100000
	pigment { color rgbt <1,0,0,0> }
	no_shadow
}
cylinder {
	<41.130203, 52.881664, 49.302666>,  <41.180988, 52.535114, 49.109470>, 0.100000
	pigment { color rgbt <1,0,0,0> }
	no_shadow
}

// particle -1
sphere {
	<41.130203, 52.881664, 49.302666> 0.100000
	pigment { color rgbt <1,0,0,0> }
	no_shadow
}
sphere {
	0, 1
	scale<0.080000,0.200000,0.300000>
	matrix <0.973420, 0.015249, 0.228519,
		0.190618, 0.499164, -0.845281,
		-0.126958, 0.866373, 0.482989,
		41.092117, 53.141575, 49.447563>
	pigment { color rgbt <0,1,1,0> }
	no_shadow
}
cylinder {
	<41.557728, 53.178013, 48.776508>,  <41.180988, 52.535114, 49.109470>, 0.130000
	pigment { color rgbt <1,0,0,0> }
	no_shadow
}

// nucleotide -1

// particle -1
sphere {
	<41.557728, 53.178013, 48.776508> 0.250000
	pigment { color rgbt <1,0,0,0> }
	no_shadow
}
cylinder {
	<41.549709, 53.147774, 49.175282>,  <41.544899, 53.129631, 49.414547>, 0.100000
	pigment { color rgbt <1,0,0,0> }
	no_shadow
}
cylinder {
	<41.549709, 53.147774, 49.175282>,  <41.557728, 53.178013, 48.776508>, 0.100000
	pigment { color rgbt <1,0,0,0> }
	no_shadow
}

// particle -1
sphere {
	<41.549709, 53.147774, 49.175282> 0.100000
	pigment { color rgbt <1,0,0,0> }
	no_shadow
}
sphere {
	0, 1
	scale<0.080000,0.200000,0.300000>
	matrix <0.996267, 0.082231, 0.026268,
		-0.083965, 0.993742, 0.073663,
		-0.020046, -0.075594, 0.996937,
		41.543697, 53.125095, 49.474361>
	pigment { color rgbt <0,1,1,0> }
	no_shadow
}
cylinder {
	<41.328835, 53.937145, 48.903831>,  <41.557728, 53.178013, 48.776508>, 0.130000
	pigment { color rgbt <1,0,0,0> }
	no_shadow
}

// nucleotide -1

// particle -1
sphere {
	<41.328835, 53.937145, 48.903831> 0.250000
	pigment { color rgbt <1,0,0,0> }
	no_shadow
}
cylinder {
	<41.071312, 54.192513, 48.735104>,  <40.916798, 54.345734, 48.633865>, 0.100000
	pigment { color rgbt <1,0,0,0> }
	no_shadow
}
cylinder {
	<41.071312, 54.192513, 48.735104>,  <41.328835, 53.937145, 48.903831>, 0.100000
	pigment { color rgbt <1,0,0,0> }
	no_shadow
}

// particle -1
sphere {
	<41.071312, 54.192513, 48.735104> 0.100000
	pigment { color rgbt <1,0,0,0> }
	no_shadow
}
sphere {
	0, 1
	scale<0.080000,0.200000,0.300000>
	matrix <0.708673, 0.705398, -0.014008,
		0.288607, -0.307950, -0.906572,
		-0.643808, 0.638420, -0.421819,
		40.878170, 54.384037, 48.608559>
	pigment { color rgbt <0,1,1,0> }
	no_shadow
}
cylinder {
	<41.735626, 54.478485, 48.389793>,  <41.328835, 53.937145, 48.903831>, 0.130000
	pigment { color rgbt <1,0,0,0> }
	no_shadow
}

// nucleotide -1

// particle -1
sphere {
	<41.735626, 54.478485, 48.389793> 0.250000
	pigment { color rgbt <1,0,0,0> }
	no_shadow
}
cylinder {
	<41.385136, 54.579117, 48.554199>,  <41.174843, 54.639496, 48.652843>, 0.100000
	pigment { color rgbt <1,0,0,0> }
	no_shadow
}
cylinder {
	<41.385136, 54.579117, 48.554199>,  <41.735626, 54.478485, 48.389793>, 0.100000
	pigment { color rgbt <1,0,0,0> }
	no_shadow
}

// particle -1
sphere {
	<41.385136, 54.579117, 48.554199> 0.100000
	pigment { color rgbt <1,0,0,0> }
	no_shadow
}
sphere {
	0, 1
	scale<0.080000,0.200000,0.300000>
	matrix <0.421619, 0.813278, 0.401020,
		-0.233382, 0.524676, -0.818687,
		-0.876225, 0.251583, 0.411018,
		41.122269, 54.654591, 48.677505>
	pigment { color rgbt <0,1,1,0> }
	no_shadow
}
cylinder {
	<41.975815, 55.073532, 48.685696>,  <41.735626, 54.478485, 48.389793>, 0.130000
	pigment { color rgbt <1,0,0,0> }
	no_shadow
}

// nucleotide -1

// particle -1
sphere {
	<41.975815, 55.073532, 48.685696> 0.250000
	pigment { color rgbt <1,0,0,0> }
	no_shadow
}
cylinder {
	<41.595242, 55.069641, 48.808781>,  <41.366898, 55.067307, 48.882629>, 0.100000
	pigment { color rgbt <1,0,0,0> }
	no_shadow
}
cylinder {
	<41.595242, 55.069641, 48.808781>,  <41.975815, 55.073532, 48.685696>, 0.100000
	pigment { color rgbt <1,0,0,0> }
	no_shadow
}

// particle -1
sphere {
	<41.595242, 55.069641, 48.808781> 0.100000
	pigment { color rgbt <1,0,0,0> }
	no_shadow
}
sphere {
	0, 1
	scale<0.080000,0.200000,0.300000>
	matrix <0.117845, 0.911874, 0.393189,
		-0.284416, 0.410354, -0.866439,
		-0.951431, -0.009724, 0.307710,
		41.309811, 55.066723, 48.901093>
	pigment { color rgbt <0,1,1,0> }
	no_shadow
}
cylinder {
	<42.740486, 55.195522, 48.430698>,  <41.975815, 55.073532, 48.685696>, 0.130000
	pigment { color rgbt <1,0,0,0> }
	no_shadow
}

// nucleotide -1

// particle -1
sphere {
	<42.740486, 55.195522, 48.430698> 0.250000
	pigment { color rgbt <1,0,0,0> }
	no_shadow
}
cylinder {
	<42.891773, 54.864185, 48.596008>,  <42.982548, 54.665382, 48.695194>, 0.100000
	pigment { color rgbt <1,0,0,0> }
	no_shadow
}
cylinder {
	<42.891773, 54.864185, 48.596008>,  <42.740486, 55.195522, 48.430698>, 0.100000
	pigment { color rgbt <1,0,0,0> }
	no_shadow
}

// particle -1
sphere {
	<42.891773, 54.864185, 48.596008> 0.100000
	pigment { color rgbt <1,0,0,0> }
	no_shadow
}
sphere {
	0, 1
	scale<0.080000,0.200000,0.300000>
	matrix <0.337887, -0.292108, -0.894710,
		0.861848, 0.478037, 0.169406,
		0.378220, -0.828344, 0.413275,
		43.005238, 54.615681, 48.719990>
	pigment { color rgbt <0,1,1,0> }
	no_shadow
}
cylinder {
	<43.546150, 55.031834, 48.295677>,  <42.740486, 55.195522, 48.430698>, 0.130000
	pigment { color rgbt <1,0,0,0> }
	no_shadow
}

// nucleotide -1

// particle -1
sphere {
	<43.546150, 55.031834, 48.295677> 0.250000
	pigment { color rgbt <1,0,0,0> }
	no_shadow
}
cylinder {
	<43.351578, 54.686089, 48.346680>,  <43.234833, 54.478642, 48.377281>, 0.100000
	pigment { color rgbt <1,0,0,0> }
	no_shadow
}
cylinder {
	<43.351578, 54.686089, 48.346680>,  <43.546150, 55.031834, 48.295677>, 0.100000
	pigment { color rgbt <1,0,0,0> }
	no_shadow
}

// particle -1
sphere {
	<43.351578, 54.686089, 48.346680> 0.100000
	pigment { color rgbt <1,0,0,0> }
	no_shadow
}
sphere {
	0, 1
	scale<0.080000,0.200000,0.300000>
	matrix <0.507259, -0.398209, -0.764276,
		0.711387, -0.307091, 0.632158,
		-0.486434, -0.864364, 0.127506,
		43.205647, 54.426781, 48.384930>
	pigment { color rgbt <0,1,1,0> }
	no_shadow
}
cylinder {
	<44.074268, 54.463654, 48.166599>,  <43.546150, 55.031834, 48.295677>, 0.130000
	pigment { color rgbt <1,0,0,0> }
	no_shadow
}

// nucleotide -1

// particle -1
sphere {
	<44.074268, 54.463654, 48.166599> 0.250000
	pigment { color rgbt <1,0,0,0> }
	no_shadow
}
cylinder {
	<43.707878, 54.306000, 48.136524>,  <43.488045, 54.211407, 48.118481>, 0.100000
	pigment { color rgbt <1,0,0,0> }
	no_shadow
}
cylinder {
	<43.707878, 54.306000, 48.136524>,  <44.074268, 54.463654, 48.166599>, 0.100000
	pigment { color rgbt <1,0,0,0> }
	no_shadow
}

// particle -1
sphere {
	<43.707878, 54.306000, 48.136524> 0.100000
	pigment { color rgbt <1,0,0,0> }
	no_shadow
}
sphere {
	0, 1
	scale<0.080000,0.200000,0.300000>
	matrix <0.243622, -0.397409, -0.884711,
		0.318811, -0.828690, 0.460035,
		-0.915974, -0.394130, -0.075189,
		43.433086, 54.187759, 48.113968>
	pigment { color rgbt <0,1,1,0> }
	no_shadow
}
cylinder {
	<44.321686, 54.789871, 48.754555>,  <44.074268, 54.463654, 48.166599>, 0.130000
	pigment { color rgbt <1,0,0,0> }
	no_shadow
}

// nucleotide -1

// particle -1
sphere {
	<44.321686, 54.789871, 48.754555> 0.250000
	pigment { color rgbt <1,0,0,0> }
	no_shadow
}
cylinder {
	<44.526627, 54.520752, 48.541073>,  <44.649593, 54.359280, 48.412983>, 0.100000
	pigment { color rgbt <1,0,0,0> }
	no_shadow
}
cylinder {
	<44.526627, 54.520752, 48.541073>,  <44.321686, 54.789871, 48.754555>, 0.100000
	pigment { color rgbt <1,0,0,0> }
	no_shadow
}

// particle -1
sphere {
	<44.526627, 54.520752, 48.541073> 0.100000
	pigment { color rgbt <1,0,0,0> }
	no_shadow
}
sphere {
	0, 1
	scale<0.080000,0.200000,0.300000>
	matrix <-0.822357, -0.563434, -0.079187,
		-0.247430, 0.479466, -0.841956,
		0.512355, -0.672796, -0.533703,
		44.680332, 54.318913, 48.380962>
	pigment { color rgbt <0,1,1,0> }
	no_shadow
}
cylinder {
	<44.951611, 54.776070, 49.141174>,  <44.321686, 54.789871, 48.754555>, 0.130000
	pigment { color rgbt <1,0,0,0> }
	no_shadow
}

// nucleotide -1

// particle -1
sphere {
	<44.951611, 54.776070, 49.141174> 0.250000
	pigment { color rgbt <1,0,0,0> }
	no_shadow
}
cylinder {
	<44.792068, 54.802914, 49.506996>,  <44.696342, 54.819019, 49.726490>, 0.100000
	pigment { color rgbt <1,0,0,0> }
	no_shadow
}
cylinder {
	<44.792068, 54.802914, 49.506996>,  <44.951611, 54.776070, 49.141174>, 0.100000
	pigment { color rgbt <1,0,0,0> }
	no_shadow
}

// particle -1
sphere {
	<44.792068, 54.802914, 49.506996> 0.100000
	pigment { color rgbt <1,0,0,0> }
	no_shadow
}
sphere {
	0, 1
	scale<0.080000,0.200000,0.300000>
	matrix <-0.876743, -0.320215, -0.358865,
		0.268773, -0.944965, 0.186553,
		-0.398852, 0.067106, 0.914557,
		44.672413, 54.823048, 49.781364>
	pigment { color rgbt <0,1,1,0> }
	no_shadow
}
cylinder {
	<45.576130, 54.851086, 48.755146>,  <44.951611, 54.776070, 49.141174>, 0.130000
	pigment { color rgbt <1,0,0,0> }
	no_shadow
}

// nucleotide -1

// particle -1
sphere {
	<45.576130, 54.851086, 48.755146> 0.250000
	pigment { color rgbt <1,0,0,0> }
	no_shadow
}
cylinder {
	<45.645302, 55.242477, 48.800182>,  <45.686806, 55.477310, 48.827206>, 0.100000
	pigment { color rgbt <1,0,0,0> }
	no_shadow
}
cylinder {
	<45.645302, 55.242477, 48.800182>,  <45.576130, 54.851086, 48.755146>, 0.100000
	pigment { color rgbt <1,0,0,0> }
	no_shadow
}

// particle -1
sphere {
	<45.645302, 55.242477, 48.800182> 0.100000
	pigment { color rgbt <1,0,0,0> }
	no_shadow
}
sphere {
	0, 1
	scale<0.080000,0.200000,0.300000>
	matrix <0.340543, -0.166662, 0.925340,
		0.924189, -0.121679, -0.362035,
		0.172932, 0.978478, 0.112590,
		45.697182, 55.536022, 48.833958>
	pigment { color rgbt <0,1,1,0> }
	no_shadow
}
cylinder {
	<46.262737, 54.958771, 49.074749>,  <45.576130, 54.851086, 48.755146>, 0.130000
	pigment { color rgbt <1,0,0,0> }
	no_shadow
}

// nucleotide -1

// particle -1
sphere {
	<46.262737, 54.958771, 49.074749> 0.250000
	pigment { color rgbt <1,0,0,0> }
	no_shadow
}
cylinder {
	<46.060291, 55.290337, 49.170036>,  <45.938824, 55.489277, 49.227207>, 0.100000
	pigment { color rgbt <1,0,0,0> }
	no_shadow
}
cylinder {
	<46.060291, 55.290337, 49.170036>,  <46.262737, 54.958771, 49.074749>, 0.100000
	pigment { color rgbt <1,0,0,0> }
	no_shadow
}

// particle -1
sphere {
	<46.060291, 55.290337, 49.170036> 0.100000
	pigment { color rgbt <1,0,0,0> }
	no_shadow
}
sphere {
	0, 1
	scale<0.080000,0.200000,0.300000>
	matrix <0.376459, -0.036182, 0.925726,
		0.775966, 0.558206, -0.293740,
		-0.506118, 0.828913, 0.238218,
		45.908455, 55.539009, 49.241501>
	pigment { color rgbt <0,1,1,0> }
	no_shadow
}
cylinder {
	<46.733166, 55.401249, 49.352413>,  <46.262737, 54.958771, 49.074749>, 0.130000
	pigment { color rgbt <1,0,0,0> }
	no_shadow
}

// nucleotide -1

// particle -1
sphere {
	<46.733166, 55.401249, 49.352413> 0.250000
	pigment { color rgbt <1,0,0,0> }
	no_shadow
}
cylinder {
	<46.360077, 55.479031, 49.473877>,  <46.136223, 55.525700, 49.546757>, 0.100000
	pigment { color rgbt <1,0,0,0> }
	no_shadow
}
cylinder {
	<46.360077, 55.479031, 49.473877>,  <46.733166, 55.401249, 49.352413>, 0.100000
	pigment { color rgbt <1,0,0,0> }
	no_shadow
}

// particle -1
sphere {
	<46.360077, 55.479031, 49.473877> 0.100000
	pigment { color rgbt <1,0,0,0> }
	no_shadow
}
sphere {
	0, 1
	scale<0.080000,0.200000,0.300000>
	matrix <0.272277, -0.172316, 0.946664,
		0.236406, 0.965658, 0.107779,
		-0.932726, 0.194451, 0.303663,
		46.080257, 55.537365, 49.564976>
	pigment { color rgbt <0,1,1,0> }
	no_shadow
}
cylinder {
	<46.742706, 55.448063, 50.128799>,  <46.733166, 55.401249, 49.352413>, 0.130000
	pigment { color rgbt <1,0,0,0> }
	no_shadow
}

// nucleotide -1

// particle -1
sphere {
	<46.742706, 55.448063, 50.128799> 0.250000
	pigment { color rgbt <1,0,0,0> }
	no_shadow
}
cylinder {
	<46.352524, 55.389858, 50.062706>,  <46.118412, 55.354935, 50.023048>, 0.100000
	pigment { color rgbt <1,0,0,0> }
	no_shadow
}
cylinder {
	<46.352524, 55.389858, 50.062706>,  <46.742706, 55.448063, 50.128799>, 0.100000
	pigment { color rgbt <1,0,0,0> }
	no_shadow
}

// particle -1
sphere {
	<46.352524, 55.389858, 50.062706> 0.100000
	pigment { color rgbt <1,0,0,0> }
	no_shadow
}
sphere {
	0, 1
	scale<0.080000,0.200000,0.300000>
	matrix <-0.126857, -0.241929, 0.961965,
		-0.179955, 0.959320, 0.217533,
		-0.975461, -0.145515, -0.165233,
		46.059887, 55.346203, 50.013138>
	pigment { color rgbt <0,1,1,0> }
	no_shadow
}
cylinder {
	<46.335922, 55.990452, 50.517883>,  <46.742706, 55.448063, 50.128799>, 0.130000
	pigment { color rgbt <1,0,0,0> }
	no_shadow
}

// nucleotide -1

// particle -1
sphere {
	<46.335922, 55.990452, 50.517883> 0.250000
	pigment { color rgbt <1,0,0,0> }
	no_shadow
}
cylinder {
	<46.177238, 55.628384, 50.456856>,  <46.082027, 55.411140, 50.420238>, 0.100000
	pigment { color rgbt <1,0,0,0> }
	no_shadow
}
cylinder {
	<46.177238, 55.628384, 50.456856>,  <46.335922, 55.990452, 50.517883>, 0.100000
	pigment { color rgbt <1,0,0,0> }
	no_shadow
}

// particle -1
sphere {
	<46.177238, 55.628384, 50.456856> 0.100000
	pigment { color rgbt <1,0,0,0> }
	no_shadow
}
sphere {
	0, 1
	scale<0.080000,0.200000,0.300000>
	matrix <0.028268, -0.178177, 0.983592,
		-0.917507, 0.385892, 0.096273,
		-0.396714, -0.905174, -0.152570,
		46.058224, 55.356831, 50.411083>
	pigment { color rgbt <0,1,1,0> }
	no_shadow
}
cylinder {
	<45.801044, 55.845329, 51.087315>,  <46.335922, 55.990452, 50.517883>, 0.130000
	pigment { color rgbt <1,0,0,0> }
	no_shadow
}

// nucleotide -1

// particle -1
sphere {
	<45.801044, 55.845329, 51.087315> 0.250000
	pigment { color rgbt <1,0,0,0> }
	no_shadow
}
cylinder {
	<46.004116, 55.530380, 50.947426>,  <46.125957, 55.341412, 50.863491>, 0.100000
	pigment { color rgbt <1,0,0,0> }
	no_shadow
}
cylinder {
	<46.004116, 55.530380, 50.947426>,  <45.801044, 55.845329, 51.087315>, 0.100000
	pigment { color rgbt <1,0,0,0> }
	no_shadow
}

// particle -1
sphere {
	<46.004116, 55.530380, 50.947426> 0.100000
	pigment { color rgbt <1,0,0,0> }
	no_shadow
}
sphere {
	0, 1
	scale<0.080000,0.200000,0.300000>
	matrix <0.116261, -0.339600, 0.933357,
		-0.853667, -0.514503, -0.080866,
		0.507677, -0.787375, -0.349722,
		46.156418, 55.294167, 50.842510>
	pigment { color rgbt <0,1,1,0> }
	no_shadow
}
cylinder {
	<45.466900, 55.227215, 51.383678>,  <45.801044, 55.845329, 51.087315>, 0.130000
	pigment { color rgbt <1,0,0,0> }
	no_shadow
}

// nucleotide -1

// particle -1
sphere {
	<45.466900, 55.227215, 51.383678> 0.250000
	pigment { color rgbt <1,0,0,0> }
	no_shadow
}
cylinder {
	<45.856186, 55.250786, 51.294796>,  <46.089760, 55.264931, 51.241467>, 0.100000
	pigment { color rgbt <1,0,0,0> }
	no_shadow
}
cylinder {
	<45.856186, 55.250786, 51.294796>,  <45.466900, 55.227215, 51.383678>, 0.100000
	pigment { color rgbt <1,0,0,0> }
	no_shadow
}

// particle -1
sphere {
	<45.856186, 55.250786, 51.294796> 0.100000
	pigment { color rgbt <1,0,0,0> }
	no_shadow
}
sphere {
	0, 1
	scale<0.080000,0.200000,0.300000>
	matrix <0.228120, -0.127899, 0.965196,
		0.028461, -0.990035, -0.137917,
		0.973217, 0.058932, -0.222206,
		46.148151, 55.268467, 51.228134>
	pigment { color rgbt <0,1,1,0> }
	no_shadow
}
cylinder {
	<45.838413, 54.615891, 51.564869>,  <45.466900, 55.227215, 51.383678>, 0.130000
	pigment { color rgbt <1,0,0,0> }
	no_shadow
}

// nucleotide -1

// particle -1
sphere {
	<45.838413, 54.615891, 51.564869> 0.250000
	pigment { color rgbt <1,0,0,0> }
	no_shadow
}
cylinder {
	<46.110561, 54.908943, 51.557381>,  <46.273849, 55.084774, 51.552887>, 0.100000
	pigment { color rgbt <1,0,0,0> }
	no_shadow
}
cylinder {
	<46.110561, 54.908943, 51.557381>,  <45.838413, 54.615891, 51.564869>, 0.100000
	pigment { color rgbt <1,0,0,0> }
	no_shadow
}

// particle -1
sphere {
	<46.110561, 54.908943, 51.557381> 0.100000
	pigment { color rgbt <1,0,0,0> }
	no_shadow
}
sphere {
	0, 1
	scale<0.080000,0.200000,0.300000>
	matrix <0.352504, -0.304751, 0.884798,
		0.642525, -0.608588, -0.465599,
		0.680370, 0.732630, -0.018720,
		46.314671, 55.128731, 51.551765>
	pigment { color rgbt <0,1,1,0> }
	no_shadow
}
cylinder {
	<46.513996, 54.404362, 51.763412>,  <45.838413, 54.615891, 51.564869>, 0.130000
	pigment { color rgbt <1,0,0,0> }
	no_shadow
}

// nucleotide -1

// particle -1
sphere {
	<46.513996, 54.404362, 51.763412> 0.250000
	pigment { color rgbt <1,0,0,0> }
	no_shadow
}
cylinder {
	<46.496391, 54.799057, 51.825905>,  <46.485828, 55.035873, 51.863400>, 0.100000
	pigment { color rgbt <1,0,0,0> }
	no_shadow
}
cylinder {
	<46.496391, 54.799057, 51.825905>,  <46.513996, 54.404362, 51.763412>, 0.100000
	pigment { color rgbt <1,0,0,0> }
	no_shadow
}

// particle -1
sphere {
	<46.496391, 54.799057, 51.825905> 0.100000
	pigment { color rgbt <1,0,0,0> }
	no_shadow
}
sphere {
	0, 1
	scale<0.080000,0.200000,0.300000>
	matrix <0.313128, -0.134877, 0.940085,
		0.948691, 0.090293, -0.303040,
		-0.044010, 0.986740, 0.156230,
		46.483189, 55.095078, 51.872772>
	pigment { color rgbt <0,1,1,0> }
	no_shadow
}
cylinder {
	<47.306728, 54.487812, 51.891739>,  <46.513996, 54.404362, 51.763412>, 0.130000
	pigment { color rgbt <1,0,0,0> }
	no_shadow
}

// nucleotide -1

// particle -1
sphere {
	<47.306728, 54.487812, 51.891739> 0.250000
	pigment { color rgbt <1,0,0,0> }
	no_shadow
}
cylinder {
	<47.607395, 54.721832, 51.769939>,  <47.787796, 54.862244, 51.696861>, 0.100000
	pigment { color rgbt <1,0,0,0> }
	no_shadow
}
cylinder {
	<47.607395, 54.721832, 51.769939>,  <47.306728, 54.487812, 51.891739>, 0.100000
	pigment { color rgbt <1,0,0,0> }
	no_shadow
}

// particle -1
sphere {
	<47.607395, 54.721832, 51.769939> 0.100000
	pigment { color rgbt <1,0,0,0> }
	no_shadow
}
sphere {
	0, 1
	scale<0.080000,0.200000,0.300000>
	matrix <0.064110, 0.394682, 0.916579,
		0.656423, -0.708481, 0.259161,
		0.751664, 0.585049, -0.304499,
		47.832893, 54.897346, 51.678589>
	pigment { color rgbt <0,1,1,0> }
	no_shadow
}
cylinder {
	<47.906540, 54.339977, 52.266300>,  <47.306728, 54.487812, 51.891739>, 0.130000
	pigment { color rgbt <1,0,0,0> }
	no_shadow
}

// nucleotide -1

// particle -1
sphere {
	<47.906540, 54.339977, 52.266300> 0.250000
	pigment { color rgbt <1,0,0,0> }
	no_shadow
}
cylinder {
	<47.917465, 54.719269, 52.139732>,  <47.924019, 54.946842, 52.063793>, 0.100000
	pigment { color rgbt <1,0,0,0> }
	no_shadow
}
cylinder {
	<47.917465, 54.719269, 52.139732>,  <47.906540, 54.339977, 52.266300>, 0.100000
	pigment { color rgbt <1,0,0,0> }
	no_shadow
}

// particle -1
sphere {
	<47.917465, 54.719269, 52.139732> 0.100000
	pigment { color rgbt <1,0,0,0> }
	no_shadow
}
sphere {
	0, 1
	scale<0.080000,0.200000,0.300000>
	matrix <-0.092159, 0.317576, 0.943744,
		0.995370, 0.003384, 0.096062,
		0.027314, 0.948227, -0.316417,
		47.925659, 55.003738, 52.044807>
	pigment { color rgbt <0,1,1,0> }
	no_shadow
}
cylinder {
	<48.441685, 54.922977, 52.450050>,  <47.906540, 54.339977, 52.266300>, 0.130000
	pigment { color rgbt <1,0,0,0> }
	no_shadow
}

// nucleotide -1

// particle -1
sphere {
	<48.441685, 54.922977, 52.450050> 0.250000
	pigment { color rgbt <1,0,0,0> }
	no_shadow
}
cylinder {
	<48.158562, 55.193504, 52.368458>,  <47.988689, 55.355820, 52.319504>, 0.100000
	pigment { color rgbt <1,0,0,0> }
	no_shadow
}
cylinder {
	<48.158562, 55.193504, 52.368458>,  <48.441685, 54.922977, 52.450050>, 0.100000
	pigment { color rgbt <1,0,0,0> }
	no_shadow
}

// particle -1
sphere {
	<48.158562, 55.193504, 52.368458> 0.100000
	pigment { color rgbt <1,0,0,0> }
	no_shadow
}
sphere {
	0, 1
	scale<0.080000,0.200000,0.300000>
	matrix <0.150376, 0.426393, 0.891951,
		0.690217, 0.600653, -0.403505,
		-0.707805, 0.676317, -0.203980,
		47.946220, 55.396400, 52.307262>
	pigment { color rgbt <0,1,1,0> }
	no_shadow
}
cylinder {
	<48.730068, 55.565437, 52.606743>,  <48.441685, 54.922977, 52.450050>, 0.130000
	pigment { color rgbt <1,0,0,0> }
	no_shadow
}

// nucleotide -1

// particle -1
sphere {
	<48.730068, 55.565437, 52.606743> 0.250000
	pigment { color rgbt <1,0,0,0> }
	no_shadow
}
cylinder {
	<48.335590, 55.631618, 52.609150>,  <48.098904, 55.671329, 52.610592>, 0.100000
	pigment { color rgbt <1,0,0,0> }
	no_shadow
}
cylinder {
	<48.335590, 55.631618, 52.609150>,  <48.730068, 55.565437, 52.606743>, 0.100000
	pigment { color rgbt <1,0,0,0> }
	no_shadow
}

// particle -1
sphere {
	<48.335590, 55.631618, 52.609150> 0.100000
	pigment { color rgbt <1,0,0,0> }
	no_shadow
}
sphere {
	0, 1
	scale<0.080000,0.200000,0.300000>
	matrix <0.093274, 0.525211, 0.845845,
		0.136790, 0.834732, -0.533395,
		-0.986199, 0.165455, 0.006016,
		48.039730, 55.681255, 52.610954>
	pigment { color rgbt <0,1,1,0> }
	no_shadow
}
cylinder {
	<48.563980, 56.404842, 52.675838>,  <48.730068, 55.565437, 52.606743>, 0.130000
	pigment { color rgbt <1,0,0,0> }
	no_shadow
}

// nucleotide -1

// particle -1
sphere {
	<48.563980, 56.404842, 52.675838> 0.250000
	pigment { color rgbt <1,0,0,0> }
	no_shadow
}
cylinder {
	<48.313156, 56.133232, 52.828526>,  <48.162663, 55.970264, 52.920139>, 0.100000
	pigment { color rgbt <1,0,0,0> }
	no_shadow
}
cylinder {
	<48.313156, 56.133232, 52.828526>,  <48.563980, 56.404842, 52.675838>, 0.100000
	pigment { color rgbt <1,0,0,0> }
	no_shadow
}

// particle -1
sphere {
	<48.313156, 56.133232, 52.828526> 0.100000
	pigment { color rgbt <1,0,0,0> }
	no_shadow
}
sphere {
	0, 1
	scale<0.080000,0.200000,0.300000>
	matrix <0.052912, 0.451771, 0.890563,
		-0.777168, 0.578638, -0.247361,
		-0.627064, -0.679029, 0.381719,
		48.125038, 55.929523, 52.943043>
	pigment { color rgbt <0,1,1,0> }
	no_shadow
}
cylinder {
	<48.022785, 56.834911, 52.981380>,  <48.563980, 56.404842, 52.675838>, 0.130000
	pigment { color rgbt <1,0,0,0> }
	no_shadow
}

// nucleotide -1

// particle -1
sphere {
	<48.022785, 56.834911, 52.981380> 0.250000
	pigment { color rgbt <1,0,0,0> }
	no_shadow
}
cylinder {
	<48.105072, 56.484436, 53.155724>,  <48.154446, 56.274151, 53.260330>, 0.100000
	pigment { color rgbt <1,0,0,0> }
	no_shadow
}
cylinder {
	<48.105072, 56.484436, 53.155724>,  <48.022785, 56.834911, 52.981380>, 0.100000
	pigment { color rgbt <1,0,0,0> }
	no_shadow
}

// particle -1
sphere {
	<48.105072, 56.484436, 53.155724> 0.100000
	pigment { color rgbt <1,0,0,0> }
	no_shadow
}
sphere {
	0, 1
	scale<0.080000,0.200000,0.300000>
	matrix <0.411545, 0.481542, 0.773788,
		-0.887869, 0.020192, 0.459654,
		0.205718, -0.876191, 0.435856,
		48.166786, 56.221581, 53.286480>
	pigment { color rgbt <0,1,1,0> }
	no_shadow
}
cylinder {
	<47.722015, 56.912487, 53.682716>,  <48.022785, 56.834911, 52.981380>, 0.130000
	pigment { color rgbt <1,0,0,0> }
	no_shadow
}

// nucleotide -1

// particle -1
sphere {
	<47.722015, 56.912487, 53.682716> 0.250000
	pigment { color rgbt <1,0,0,0> }
	no_shadow
}
cylinder {
	<48.011974, 56.638809, 53.714706>,  <48.185951, 56.474602, 53.733898>, 0.100000
	pigment { color rgbt <1,0,0,0> }
	no_shadow
}
cylinder {
	<48.011974, 56.638809, 53.714706>,  <47.722015, 56.912487, 53.682716>, 0.100000
	pigment { color rgbt <1,0,0,0> }
	no_shadow
}

// particle -1
sphere {
	<48.011974, 56.638809, 53.714706> 0.100000
	pigment { color rgbt <1,0,0,0> }
	no_shadow
}
sphere {
	0, 1
	scale<0.080000,0.200000,0.300000>
	matrix <0.310678, 0.428338, 0.848531,
		-0.614818, -0.590254, 0.523067,
		0.724898, -0.684198, 0.079971,
		48.229443, 56.433548, 53.738697>
	pigment { color rgbt <0,1,1,0> }
	no_shadow
}
cylinder {
	<47.866566, 56.773514, 54.330189>,  <47.722015, 56.912487, 53.682716>, 0.130000
	pigment { color rgbt <1,0,0,0> }
	no_shadow
}

// nucleotide -1

// particle -1
sphere {
	<47.866566, 56.773514, 54.330189> 0.250000
	pigment { color rgbt <1,0,0,0> }
	no_shadow
}
cylinder {
	<48.214481, 56.682846, 54.154881>,  <48.423233, 56.628445, 54.049694>, 0.100000
	pigment { color rgbt <1,0,0,0> }
	no_shadow
}
cylinder {
	<48.214481, 56.682846, 54.154881>,  <47.866566, 56.773514, 54.330189>, 0.100000
	pigment { color rgbt <1,0,0,0> }
	no_shadow
}

// particle -1
sphere {
	<48.214481, 56.682846, 54.154881> 0.100000
	pigment { color rgbt <1,0,0,0> }
	no_shadow
}
sphere {
	0, 1
	scale<0.080000,0.200000,0.300000>
	matrix <0.487949, 0.527042, 0.695796,
		0.073274, -0.819053, 0.569019,
		0.869792, -0.226668, -0.438274,
		48.475418, 56.614845, 54.023399>
	pigment { color rgbt <0,1,1,0> }
	no_shadow
}
cylinder {
	<48.329910, 56.672173, 54.796547>,  <47.866566, 56.773514, 54.330189>, 0.130000
	pigment { color rgbt <1,0,0,0> }
	no_shadow
}

// nucleotide -1

// particle -1
sphere {
	<48.329910, 56.672173, 54.796547> 0.250000
	pigment { color rgbt <1,0,0,0> }
	no_shadow
}
cylinder {
	<48.550945, 56.755684, 54.473793>,  <48.683567, 56.805790, 54.280140>, 0.100000
	pigment { color rgbt <1,0,0,0> }
	no_shadow
}
cylinder {
	<48.550945, 56.755684, 54.473793>,  <48.329910, 56.672173, 54.796547>, 0.100000
	pigment { color rgbt <1,0,0,0> }
	no_shadow
}

// particle -1
sphere {
	<48.550945, 56.755684, 54.473793> 0.100000
	pigment { color rgbt <1,0,0,0> }
	no_shadow
}
sphere {
	0, 1
	scale<0.080000,0.200000,0.300000>
	matrix <0.539825, 0.647953, 0.537351,
		0.635009, -0.732508, 0.245346,
		0.552587, 0.208779, -0.806882,
		48.716721, 56.818317, 54.231728>
	pigment { color rgbt <0,1,1,0> }
	no_shadow
}
cylinder {
	<49.007179, 56.592339, 55.102634>,  <48.329910, 56.672173, 54.796547>, 0.130000
	pigment { color rgbt <1,0,0,0> }
	no_shadow
}

// nucleotide -1

// particle -1
sphere {
	<49.007179, 56.592339, 55.102634> 0.250000
	pigment { color rgbt <1,0,0,0> }
	no_shadow
}
cylinder {
	<49.043114, 56.876385, 54.823303>,  <49.064674, 57.046814, 54.655704>, 0.100000
	pigment { color rgbt <1,0,0,0> }
	no_shadow
}
cylinder {
	<49.043114, 56.876385, 54.823303>,  <49.007179, 56.592339, 55.102634>, 0.100000
	pigment { color rgbt <1,0,0,0> }
	no_shadow
}

// particle -1
sphere {
	<49.043114, 56.876385, 54.823303> 0.100000
	pigment { color rgbt <1,0,0,0> }
	no_shadow
}
sphere {
	0, 1
	scale<0.080000,0.200000,0.300000>
	matrix <0.590132, 0.526865, 0.611684,
		0.802293, -0.467058, -0.371731,
		0.089840, 0.710120, -0.698326,
		49.070065, 57.089420, 54.613804>
	pigment { color rgbt <0,1,1,0> }
	no_shadow
}
cylinder {
	<49.693745, 56.867325, 55.052670>,  <49.007179, 56.592339, 55.102634>, 0.130000
	pigment { color rgbt <1,0,0,0> }
	no_shadow
}

// nucleotide -1

// particle -1
sphere {
	<49.693745, 56.867325, 55.052670> 0.250000
	pigment { color rgbt <1,0,0,0> }
	no_shadow
}
cylinder {
	<49.438423, 57.148632, 54.927460>,  <49.285229, 57.317417, 54.852333>, 0.100000
	pigment { color rgbt <1,0,0,0> }
	no_shadow
}
cylinder {
	<49.438423, 57.148632, 54.927460>,  <49.693745, 56.867325, 55.052670>, 0.100000
	pigment { color rgbt <1,0,0,0> }
	no_shadow
}

// particle -1
sphere {
	<49.438423, 57.148632, 54.927460> 0.100000
	pigment { color rgbt <1,0,0,0> }
	no_shadow
}
sphere {
	0, 1
	scale<0.080000,0.200000,0.300000>
	matrix <0.255425, 0.577098, 0.775703,
		0.726171, 0.415181, -0.547997,
		-0.638305, 0.703266, -0.313024,
		49.246933, 57.359612, 54.833553>
	pigment { color rgbt <0,1,1,0> }
	no_shadow
}
cylinder {
	<50.095894, 57.413506, 55.315865>,  <49.693745, 56.867325, 55.052670>, 0.130000
	pigment { color rgbt <1,0,0,0> }
	no_shadow
}

// nucleotide -1

// particle -1
sphere {
	<50.095894, 57.413506, 55.315865> 0.250000
	pigment { color rgbt <1,0,0,0> }
	no_shadow
}
cylinder {
	<49.709862, 57.483860, 55.238220>,  <49.478241, 57.526073, 55.191635>, 0.100000
	pigment { color rgbt <1,0,0,0> }
	no_shadow
}
cylinder {
	<49.709862, 57.483860, 55.238220>,  <50.095894, 57.413506, 55.315865>, 0.100000
	pigment { color rgbt <1,0,0,0> }
	no_shadow
}

// particle -1
sphere {
	<49.709862, 57.483860, 55.238220> 0.100000
	pigment { color rgbt <1,0,0,0> }
	no_shadow
}
sphere {
	0, 1
	scale<0.080000,0.200000,0.300000>
	matrix <-0.102687, 0.427683, 0.898077,
		0.240972, 0.886653, -0.394689,
		-0.965084, 0.175882, -0.194108,
		49.420338, 57.536625, 55.179989>
	pigment { color rgbt <0,1,1,0> }
	no_shadow
}
cylinder {
	<50.395718, 56.629734, 55.534687>,  <50.095894, 57.413506, 55.315865>, 0.130000
	pigment { color rgbt <1,0,0,0> }
	no_shadow
}

// nucleotide -1

// particle -1
sphere {
	<50.395718, 56.629734, 55.534687> 0.250000
	pigment { color rgbt <1,0,0,0> }
	no_shadow
}
cylinder {
	<50.686508, 56.504658, 55.779221>,  <50.860981, 56.429611, 55.925941>, 0.100000
	pigment { color rgbt <1,0,0,0> }
	no_shadow
}
cylinder {
	<50.686508, 56.504658, 55.779221>,  <50.395718, 56.629734, 55.534687>, 0.100000
	pigment { color rgbt <1,0,0,0> }
	no_shadow
}

// particle -1
sphere {
	<50.686508, 56.504658, 55.779221> 0.100000
	pigment { color rgbt <1,0,0,0> }
	no_shadow
}
sphere {
	0, 1
	scale<0.080000,0.200000,0.300000>
	matrix <-0.004438, -0.892418, -0.451188,
		0.686647, 0.325291, -0.650156,
		0.726978, -0.312692, 0.611332,
		50.904602, 56.410851, 55.962620>
	pigment { color rgbt <0,1,1,0> }
	no_shadow
}
cylinder {
	<50.863625, 56.255707, 55.081818>,  <50.395718, 56.629734, 55.534687>, 0.130000
	pigment { color rgbt <1,0,0,0> }
	no_shadow
}

// nucleotide -1

// particle -1
sphere {
	<50.863625, 56.255707, 55.081818> 0.250000
	pigment { color rgbt <1,0,0,0> }
	no_shadow
}
cylinder {
	<50.901134, 56.131409, 55.460159>,  <50.923641, 56.056831, 55.687164>, 0.100000
	pigment { color rgbt <1,0,0,0> }
	no_shadow
}
cylinder {
	<50.901134, 56.131409, 55.460159>,  <50.863625, 56.255707, 55.081818>, 0.100000
	pigment { color rgbt <1,0,0,0> }
	no_shadow
}

// particle -1
sphere {
	<50.901134, 56.131409, 55.460159> 0.100000
	pigment { color rgbt <1,0,0,0> }
	no_shadow
}
sphere {
	0, 1
	scale<0.080000,0.200000,0.300000>
	matrix <0.223712, -0.919173, -0.324152,
		0.970134, 0.241996, -0.016675,
		0.093771, -0.310741, 0.945858,
		50.929264, 56.038185, 55.743916>
	pigment { color rgbt <0,1,1,0> }
	no_shadow
}
cylinder {
	<51.496727, 55.935722, 55.078438>,  <50.863625, 56.255707, 55.081818>, 0.130000
	pigment { color rgbt <1,0,0,0> }
	no_shadow
}

// nucleotide -1

// particle -1
sphere {
	<51.496727, 55.935722, 55.078438> 0.250000
	pigment { color rgbt <1,0,0,0> }
	no_shadow
}
cylinder {
	<51.291737, 55.789513, 55.389244>,  <51.168743, 55.701786, 55.575729>, 0.100000
	pigment { color rgbt <1,0,0,0> }
	no_shadow
}
cylinder {
	<51.291737, 55.789513, 55.389244>,  <51.496727, 55.935722, 55.078438>, 0.100000
	pigment { color rgbt <1,0,0,0> }
	no_shadow
}

// particle -1
sphere {
	<51.291737, 55.789513, 55.389244> 0.100000
	pigment { color rgbt <1,0,0,0> }
	no_shadow
}
sphere {
	0, 1
	scale<0.080000,0.200000,0.300000>
	matrix <0.299381, -0.924157, -0.237286,
		0.804822, 0.111021, 0.583040,
		-0.512476, -0.365524, 0.777020,
		51.137993, 55.679855, 55.622349>
	pigment { color rgbt <0,1,1,0> }
	no_shadow
}
cylinder {
	<51.989594, 55.668491, 55.480549>,  <51.496727, 55.935722, 55.078438>, 0.130000
	pigment { color rgbt <1,0,0,0> }
	no_shadow
}

// nucleotide -1

// particle -1
sphere {
	<51.989594, 55.668491, 55.480549> 0.250000
	pigment { color rgbt <1,0,0,0> }
	no_shadow
}
cylinder {
	<51.633526, 55.511200, 55.572601>,  <51.419884, 55.416824, 55.627834>, 0.100000
	pigment { color rgbt <1,0,0,0> }
	no_shadow
}
cylinder {
	<51.633526, 55.511200, 55.572601>,  <51.989594, 55.668491, 55.480549>, 0.100000
	pigment { color rgbt <1,0,0,0> }
	no_shadow
}

// particle -1
sphere {
	<51.633526, 55.511200, 55.572601> 0.100000
	pigment { color rgbt <1,0,0,0> }
	no_shadow
}
sphere {
	0, 1
	scale<0.080000,0.200000,0.300000>
	matrix <0.356575, -0.915688, -0.185392,
		0.283632, -0.082972, 0.955337,
