// switches for output
#declare DRAW_BASES = 1; // possible values are 0, 1; only relevant for DNA ribbons
#declare DRAW_BASES_TYPE = 3; // possible values are 1, 2, 3; only relevant for DNA ribbons
#declare DRAW_FOG = 0; // set to 1 to enable fog

#include "colors.inc"

#include "transforms.inc"
background { rgb <1, 1, 1>}

#default {
   normal{
       ripples 0.25
       frequency 0.20
       turbulence 0.2
       lambda 5
   }
	finish {
		phong 0.1
		phong_size 40.
	}
}

// original window dimensions: 1024x640


// camera settings

camera {
	sky <-0, 1, 0>
	up <-0, 1, 0>
	right 1.6 * <1, 0, 0>
	location <18.5, 18.5, 82.5562>
	look_at <18.5, 18.5, 18.5>
	direction <0, 0, -64.0562>
	angle 67.0682
}


# declare cpy_camera_pos = <18.5, 18.5, 82.5562>;
# if (DRAW_FOG = 1)
fog {
	fog_type 2
	up vnormalize(cpy_camera_pos)
	color rgbt<1,1,1,0.3>
	distance 1e-5
	fog_alt 3e-3
	fog_offset 29.6
}
# end


// LIGHTS

# declare lum = 6;
global_settings {
	ambient_light rgb lum * <0.05, 0.05, 0.05>
	max_trace_level 15
}# declare cpy_direct_light_amount = 0.25;
light_source
{	1000 * <-1, -1, 1>,
	rgb lum * cpy_direct_light_amount
	parallel
}

light_source
{	1000 * <1, 1, -1>,
	rgb lum * cpy_direct_light_amount
	parallel
}

// strand 0

// nucleotide -1

// particle -1
sphere {
	<22.556648, 17.397661, -1.923452> 0.250000
	pigment { color rgbt <1,0,0,0> }
	no_shadow
}
cylinder {
	<22.693115, 17.143501, -1.646361>,  <22.774996, 16.991005, -1.480106>, 0.100000
	pigment { color rgbt <1,0,0,0> }
	no_shadow
}
cylinder {
	<22.693115, 17.143501, -1.646361>,  <22.556648, 17.397661, -1.923452>, 0.100000
	pigment { color rgbt <1,0,0,0> }
	no_shadow
}

// particle -1
sphere {
	<22.693115, 17.143501, -1.646361> 0.100000
	pigment { color rgbt <1,0,0,0> }
	no_shadow
}
sphere {
	0, 1
	scale<0.080000,0.200000,0.300000>
	matrix <0.934989, 0.305390, -0.180367,
		-0.096948, 0.709229, 0.698280,
		0.341170, -0.635398, 0.692728,
		22.795465, 16.952883, -1.438542>
	pigment { color rgbt <0,1,1,0> }
	no_shadow
}
cylinder {
	<22.643484, 17.697287, -1.291340>,  <22.556648, 17.397661, -1.923452>, 0.130000
	pigment { color rgbt <1,0,0,0> }
	no_shadow
}

// nucleotide -1

// particle -1
sphere {
	<22.643484, 17.697287, -1.291340> 0.250000
	pigment { color rgbt <1,0,0,0> }
	no_shadow
}
cylinder {
	<23.041355, 17.657921, -1.303547>,  <23.280077, 17.634300, -1.310871>, 0.100000
	pigment { color rgbt <1,0,0,0> }
	no_shadow
}
cylinder {
	<23.041355, 17.657921, -1.303547>,  <22.643484, 17.697287, -1.291340>, 0.100000
	pigment { color rgbt <1,0,0,0> }
	no_shadow
}

// particle -1
sphere {
	<23.041355, 17.657921, -1.303547> 0.100000
	pigment { color rgbt <1,0,0,0> }
	no_shadow
}
sphere {
	0, 1
	scale<0.080000,0.200000,0.300000>
	matrix <0.059100, 0.302307, 0.951377,
		-0.084407, -0.948116, 0.306514,
		0.994677, -0.098418, -0.030517,
		23.339758, 17.628395, -1.312702>
	pigment { color rgbt <0,1,1,0> }
	no_shadow
}
cylinder {
	<22.819983, 17.580505, -0.588902>,  <22.643484, 17.697287, -1.291340>, 0.130000
	pigment { color rgbt <1,0,0,0> }
	no_shadow
}

// nucleotide -1

// particle -1
sphere {
	<22.819983, 17.580505, -0.588902> 0.250000
	pigment { color rgbt <1,0,0,0> }
	no_shadow
}
cylinder {
	<23.167381, 17.674267, -0.763611>,  <23.375820, 17.730524, -0.868437>, 0.100000
	pigment { color rgbt <1,0,0,0> }
	no_shadow
}
cylinder {
	<23.167381, 17.674267, -0.763611>,  <22.819983, 17.580505, -0.588902>, 0.100000
	pigment { color rgbt <1,0,0,0> }
	no_shadow
}

// particle -1
sphere {
	<23.167381, 17.674267, -0.763611> 0.100000
	pigment { color rgbt <1,0,0,0> }
	no_shadow
}
sphere {
	0, 1
	scale<0.080000,0.200000,0.300000>
	matrix <0.319949, 0.407928, 0.855119,
		0.378607, -0.882413, 0.279290,
		0.868498, 0.234396, -0.436771,
		23.427931, 17.744587, -0.894643>
	pigment { color rgbt <0,1,1,0> }
	no_shadow
}
cylinder {
	<23.445282, 17.425850, -0.177385>,  <22.819983, 17.580505, -0.588902>, 0.130000
	pigment { color rgbt <1,0,0,0> }
	no_shadow
}

// nucleotide -1

// particle -1
sphere {
	<23.445282, 17.425850, -0.177385> 0.250000
	pigment { color rgbt <1,0,0,0> }
	no_shadow
}
cylinder {
	<23.499046, 17.748386, -0.407776>,  <23.531305, 17.941908, -0.546010>, 0.100000
	pigment { color rgbt <1,0,0,0> }
	no_shadow
}
cylinder {
	<23.499046, 17.748386, -0.407776>,  <23.445282, 17.425850, -0.177385>, 0.100000
	pigment { color rgbt <1,0,0,0> }
	no_shadow
}

// particle -1
sphere {
	<23.499046, 17.748386, -0.407776> 0.100000
	pigment { color rgbt <1,0,0,0> }
	no_shadow
}
sphere {
	0, 1
	scale<0.080000,0.200000,0.300000>
	matrix <0.245105, 0.536136, 0.807763,
		0.960134, -0.249748, -0.125574,
		0.134412, 0.806340, -0.575977,
		23.539370, 17.990288, -0.580569>
	pigment { color rgbt <0,1,1,0> }
	no_shadow
}
cylinder {
	<24.189196, 17.800900, -0.099704>,  <23.445282, 17.425850, -0.177385>, 0.130000
	pigment { color rgbt <1,0,0,0> }
	no_shadow
}

// nucleotide -1

// particle -1
sphere {
	<24.189196, 17.800900, -0.099704> 0.250000
	pigment { color rgbt <1,0,0,0> }
	no_shadow
}
cylinder {
	<23.885406, 18.045361, -0.188872>,  <23.703133, 18.192038, -0.242373>, 0.100000
	pigment { color rgbt <1,0,0,0> }
	no_shadow
}
cylinder {
	<23.885406, 18.045361, -0.188872>,  <24.189196, 17.800900, -0.099704>, 0.100000
	pigment { color rgbt <1,0,0,0> }
	no_shadow
}

// particle -1
sphere {
	<23.885406, 18.045361, -0.188872> 0.100000
	pigment { color rgbt <1,0,0,0> }
	no_shadow
}
sphere {
	0, 1
	scale<0.080000,0.200000,0.300000>
	matrix <0.180540, 0.527220, 0.830328,
		0.624985, 0.590366, -0.510746,
		-0.759473, 0.611152, -0.222920,
		23.657564, 18.228706, -0.255748>
	pigment { color rgbt <0,1,1,0> }
	no_shadow
}
cylinder {
	<24.525311, 18.408880, -0.184936>,  <24.189196, 17.800900, -0.099704>, 0.130000
	pigment { color rgbt <1,0,0,0> }
	no_shadow
}

// nucleotide -1

// particle -1
sphere {
	<24.525311, 18.408880, -0.184936> 0.250000
	pigment { color rgbt <1,0,0,0> }
	no_shadow
}
cylinder {
	<24.140358, 18.477928, -0.101005>,  <23.909388, 18.519358, -0.050646>, 0.100000
	pigment { color rgbt <1,0,0,0> }
	no_shadow
}
cylinder {
	<24.140358, 18.477928, -0.101005>,  <24.525311, 18.408880, -0.184936>, 0.100000
	pigment { color rgbt <1,0,0,0> }
	no_shadow
}

// particle -1
sphere {
	<24.140358, 18.477928, -0.101005> 0.100000
	pigment { color rgbt <1,0,0,0> }
	no_shadow
}
sphere {
	0, 1
	scale<0.080000,0.200000,0.300000>
	matrix <0.267726, 0.470694, 0.840696,
		0.046357, 0.865245, -0.499201,
		-0.962379, 0.172621, 0.209828,
		23.851645, 18.529715, -0.038056>
	pigment { color rgbt <0,1,1,0> }
	no_shadow
}
cylinder {
	<24.238335, 19.200983, -0.218060>,  <24.525311, 18.408880, -0.184936>, 0.130000
	pigment { color rgbt <1,0,0,0> }
	no_shadow
}

// nucleotide -1

// particle -1
sphere {
	<24.238335, 19.200983, -0.218060> 0.250000
	pigment { color rgbt <1,0,0,0> }
	no_shadow
}
cylinder {
	<24.078232, 18.950939, 0.049980>,  <23.982170, 18.800913, 0.210804>, 0.100000
	pigment { color rgbt <1,0,0,0> }
	no_shadow
}
cylinder {
	<24.078232, 18.950939, 0.049980>,  <24.238335, 19.200983, -0.218060>, 0.100000
	pigment { color rgbt <1,0,0,0> }
	no_shadow
}

// particle -1
sphere {
	<24.078232, 18.950939, 0.049980> 0.100000
	pigment { color rgbt <1,0,0,0> }
	no_shadow
}
sphere {
	0, 1
	scale<0.080000,0.200000,0.300000>
	matrix <0.313240, 0.593860, 0.741088,
		-0.861206, 0.506528, -0.041887,
		-0.400257, -0.625108, 0.670100,
		23.958155, 18.763407, 0.251010>
	pigment { color rgbt <0,1,1,0> }
	no_shadow
}
cylinder {
	<23.654064, 19.474380, 0.257999>,  <24.238335, 19.200983, -0.218060>, 0.130000
	pigment { color rgbt <1,0,0,0> }
	no_shadow
}

// nucleotide -1

// particle -1
sphere {
	<23.654064, 19.474380, 0.257999> 0.250000
	pigment { color rgbt <1,0,0,0> }
	no_shadow
}
cylinder {
	<23.890842, 19.190693, 0.411154>,  <24.032909, 19.020479, 0.503048>, 0.100000
	pigment { color rgbt <1,0,0,0> }
	no_shadow
}
cylinder {
	<23.890842, 19.190693, 0.411154>,  <23.654064, 19.474380, 0.257999>, 0.100000
	pigment { color rgbt <1,0,0,0> }
	no_shadow
}

// particle -1
sphere {
	<23.890842, 19.190693, 0.411154> 0.100000
	pigment { color rgbt <1,0,0,0> }
	no_shadow
}
sphere {
	0, 1
	scale<0.080000,0.200000,0.300000>
	matrix <0.254612, 0.615285, 0.746054,
		-0.764703, -0.344136, 0.544793,
		0.591947, -0.709221, 0.382889,
		24.068426, 18.977926, 0.526021>
	pigment { color rgbt <0,1,1,0> }
	no_shadow
}
cylinder {
	<23.549889, 19.328714, 0.932696>,  <23.654064, 19.474380, 0.257999>, 0.130000
	pigment { color rgbt <1,0,0,0> }
	no_shadow
}

// nucleotide -1

// particle -1
sphere {
	<23.549889, 19.328714, 0.932696> 0.250000
	pigment { color rgbt <1,0,0,0> }
	no_shadow
}
cylinder {
	<23.937504, 19.283588, 0.844842>,  <24.170073, 19.256514, 0.792130>, 0.100000
	pigment { color rgbt <1,0,0,0> }
	no_shadow
}
cylinder {
	<23.937504, 19.283588, 0.844842>,  <23.549889, 19.328714, 0.932696>, 0.100000
	pigment { color rgbt <1,0,0,0> }
	no_shadow
}

// particle -1
sphere {
	<23.937504, 19.283588, 0.844842> 0.100000
	pigment { color rgbt <1,0,0,0> }
	no_shadow
}
sphere {
	0, 1
	scale<0.080000,0.200000,0.300000>
	matrix <0.239975, 0.639710, 0.730194,
		0.058126, -0.760292, 0.646975,
		0.969037, -0.112814, -0.219635,
		24.228214, 19.249744, 0.778952>
	pigment { color rgbt <0,1,1,0> }
	no_shadow
}
cylinder {
	<23.860680, 19.565493, 1.471390>,  <23.549889, 19.328714, 0.932696>, 0.130000
	pigment { color rgbt <1,0,0,0> }
	no_shadow
}

// nucleotide -1

// particle -1
sphere {
	<23.860680, 19.565493, 1.471390> 0.250000
	pigment { color rgbt <1,0,0,0> }
	no_shadow
}
cylinder {
	<24.150055, 19.591183, 1.196432>,  <24.323681, 19.606596, 1.031458>, 0.100000
	pigment { color rgbt <1,0,0,0> }
	no_shadow
}
cylinder {
	<24.150055, 19.591183, 1.196432>,  <23.860680, 19.565493, 1.471390>, 0.100000
	pigment { color rgbt <1,0,0,0> }
	no_shadow
}

// particle -1
sphere {
	<24.150055, 19.591183, 1.196432> 0.100000
	pigment { color rgbt <1,0,0,0> }
	no_shadow
}
sphere {
	0, 1
	scale<0.080000,0.200000,0.300000>
	matrix <0.489313, 0.654702, 0.576141,
		0.487040, -0.753154, 0.442212,
		0.723440, 0.064224, -0.687394,
		24.367086, 19.610451, 0.990214>
	pigment { color rgbt <0,1,1,0> }
	no_shadow
}
cylinder {
	<24.586937, 19.466059, 1.793042>,  <23.860680, 19.565493, 1.471390>, 0.130000
	pigment { color rgbt <1,0,0,0> }
	no_shadow
}

// nucleotide -1

// particle -1
sphere {
	<24.586937, 19.466059, 1.793042> 0.250000
	pigment { color rgbt <1,0,0,0> }
	no_shadow
}
cylinder {
	<24.563812, 19.734852, 1.497718>,  <24.549936, 19.896128, 1.320524>, 0.100000
	pigment { color rgbt <1,0,0,0> }
	no_shadow
}
cylinder {
	<24.563812, 19.734852, 1.497718>,  <24.586937, 19.466059, 1.793042>, 0.100000
	pigment { color rgbt <1,0,0,0> }
	no_shadow
}

// particle -1
sphere {
	<24.563812, 19.734852, 1.497718> 0.100000
	pigment { color rgbt <1,0,0,0> }
	no_shadow
}
sphere {
	0, 1
	scale<0.080000,0.200000,0.300000>
	matrix <0.401620, 0.692717, 0.599036,
		0.913980, -0.261886, -0.309930,
		-0.057814, 0.671981, -0.738308,
		24.546469, 19.936445, 1.276226>
	pigment { color rgbt <0,1,1,0> }
	no_shadow
}
cylinder {
	<25.262167, 19.722258, 1.786956>,  <24.586937, 19.466059, 1.793042>, 0.130000
	pigment { color rgbt <1,0,0,0> }
	no_shadow
}

// nucleotide -1

// particle -1
sphere {
	<25.262167, 19.722258, 1.786956> 0.250000
	pigment { color rgbt <1,0,0,0> }
	no_shadow
}
cylinder {
	<24.996387, 19.985474, 1.645256>,  <24.836920, 20.143404, 1.560236>, 0.100000
	pigment { color rgbt <1,0,0,0> }
	no_shadow
}
cylinder {
	<24.996387, 19.985474, 1.645256>,  <25.262167, 19.722258, 1.786956>, 0.100000
	pigment { color rgbt <1,0,0,0> }
	no_shadow
}

// particle -1
sphere {
	<24.996387, 19.985474, 1.645256> 0.100000
	pigment { color rgbt <1,0,0,0> }
	no_shadow
}
sphere {
	0, 1
	scale<0.080000,0.200000,0.300000>
	matrix <0.358152, 0.696420, 0.621874,
		0.655924, 0.286328, -0.698413,
		-0.664448, 0.658040, -0.354250,
		24.797052, 20.182886, 1.538981>
	pigment { color rgbt <0,1,1,0> }
	no_shadow
}
cylinder {
	<25.479603, 20.326397, 1.474591>,  <25.262167, 19.722258, 1.786956>, 0.130000
	pigment { color rgbt <1,0,0,0> }
	no_shadow
}

// nucleotide -1

// particle -1
sphere {
	<25.479603, 20.326397, 1.474591> 0.250000
	pigment { color rgbt <1,0,0,0> }
	no_shadow
}
cylinder {
	<25.144428, 20.442772, 1.659291>,  <24.943323, 20.512596, 1.770112>, 0.100000
	pigment { color rgbt <1,0,0,0> }
	no_shadow
}
cylinder {
	<25.144428, 20.442772, 1.659291>,  <25.479603, 20.326397, 1.474591>, 0.100000
	pigment { color rgbt <1,0,0,0> }
	no_shadow
}

// particle -1
sphere {
	<25.144428, 20.442772, 1.659291> 0.100000
	pigment { color rgbt <1,0,0,0> }
	no_shadow
}
sphere {
	0, 1
	scale<0.080000,0.200000,0.300000>
	matrix <0.522806, 0.670711, 0.526138,
		-0.156629, 0.682278, -0.714117,
		-0.837939, 0.290936, 0.461752,
		24.893047, 20.530052, 1.797817>
	pigment { color rgbt <0,1,1,0> }
	no_shadow
}
cylinder {
	<25.466204, 21.159397, 1.509092>,  <25.479603, 20.326397, 1.474591>, 0.130000
	pigment { color rgbt <1,0,0,0> }
	no_shadow
}

// nucleotide -1

// particle -1
sphere {
	<25.466204, 21.159397, 1.509092> 0.250000
	pigment { color rgbt <1,0,0,0> }
	no_shadow
}
cylinder {
	<25.254532, 20.989445, 1.802879>,  <25.127529, 20.887472, 1.979151>, 0.100000
	pigment { color rgbt <1,0,0,0> }
	no_shadow
}
cylinder {
	<25.254532, 20.989445, 1.802879>,  <25.466204, 21.159397, 1.509092>, 0.100000
	pigment { color rgbt <1,0,0,0> }
	no_shadow
}

// particle -1
sphere {
	<25.254532, 20.989445, 1.802879> 0.100000
	pigment { color rgbt <1,0,0,0> }
	no_shadow
}
sphere {
	0, 1
	scale<0.080000,0.200000,0.300000>
	matrix <0.362504, 0.669419, 0.648436,
		-0.767176, 0.609387, -0.200222,
		-0.529181, -0.424883, 0.734467,
		25.095778, 20.861980, 2.023220>
	pigment { color rgbt <0,1,1,0> }
	no_shadow
}
cylinder {
	<25.745728, 21.891335, 1.687027>,  <25.466204, 21.159397, 1.509092>, 0.130000
	pigment { color rgbt <1,0,0,0> }
	no_shadow
}

// nucleotide -1

// particle -1
sphere {
	<25.745728, 21.891335, 1.687027> 0.250000
	pigment { color rgbt <1,0,0,0> }
	no_shadow
}
cylinder {
	<25.626713, 22.177807, 1.434501>,  <25.555304, 22.349691, 1.282986>, 0.100000
	pigment { color rgbt <1,0,0,0> }
	no_shadow
}
cylinder {
	<25.626713, 22.177807, 1.434501>,  <25.745728, 21.891335, 1.687027>, 0.100000
	pigment { color rgbt <1,0,0,0> }
	no_shadow
}

// particle -1
sphere {
	<25.626713, 22.177807, 1.434501> 0.100000
	pigment { color rgbt <1,0,0,0> }
	no_shadow
}
sphere {
	0, 1
	scale<0.080000,0.200000,0.300000>
	matrix <0.902875, -0.003849, -0.429886,
		-0.310306, -0.697903, -0.645478,
		-0.297534, 0.716182, -0.631313,
		25.537453, 22.392662, 1.245107>
	pigment { color rgbt <0,1,1,0> }
	no_shadow
}
cylinder {
	<25.038092, 22.245054, 1.539719>,  <25.745728, 21.891335, 1.687027>, 0.130000
	pigment { color rgbt <1,0,0,0> }
	no_shadow
}

// nucleotide -1

// particle -1
sphere {
	<25.038092, 22.245054, 1.539719> 0.250000
	pigment { color rgbt <1,0,0,0> }
	no_shadow
}
cylinder {
	<25.012600, 22.107685, 1.914525>,  <24.997305, 22.025263, 2.139409>, 0.100000
	pigment { color rgbt <1,0,0,0> }
	no_shadow
}
cylinder {
	<25.012600, 22.107685, 1.914525>,  <25.038092, 22.245054, 1.539719>, 0.100000
	pigment { color rgbt <1,0,0,0> }
	no_shadow
}

// particle -1
sphere {
	<25.012600, 22.107685, 1.914525> 0.100000
	pigment { color rgbt <1,0,0,0> }
	no_shadow
}
sphere {
	0, 1
	scale<0.080000,0.200000,0.300000>
	matrix <0.317946, -0.896985, -0.307129,
		0.945965, 0.278347, 0.166354,
		-0.063729, -0.343424, 0.937016,
		24.993481, 22.004658, 2.195630>
	pigment { color rgbt <0,1,1,0> }
	no_shadow
}
cylinder {
	<24.434200, 21.903727, 1.699984>,  <25.038092, 22.245054, 1.539719>, 0.130000
	pigment { color rgbt <1,0,0,0> }
	no_shadow
}

// nucleotide -1

// particle -1
sphere {
	<24.434200, 21.903727, 1.699984> 0.250000
	pigment { color rgbt <1,0,0,0> }
	no_shadow
}
cylinder {
	<24.523457, 21.520664, 1.627209>,  <24.577011, 21.290827, 1.583544>, 0.100000
	pigment { color rgbt <1,0,0,0> }
	no_shadow
}
cylinder {
	<24.523457, 21.520664, 1.627209>,  <24.434200, 21.903727, 1.699984>, 0.100000
	pigment { color rgbt <1,0,0,0> }
	no_shadow
}

// particle -1
sphere {
	<24.523457, 21.520664, 1.627209> 0.100000
	pigment { color rgbt <1,0,0,0> }
	no_shadow
}
sphere {
	0, 1
	scale<0.080000,0.200000,0.300000>
	matrix <-0.516760, -0.274473, 0.810940,
		-0.826540, -0.086937, -0.556125,
		0.223142, -0.957657, -0.181937,
		24.590399, 21.233368, 1.572628>
	pigment { color rgbt <0,1,1,0> }
	no_shadow
}
cylinder {
	<23.805372, 21.503916, 1.548989>,  <24.434200, 21.903727, 1.699984>, 0.130000
	pigment { color rgbt <1,0,0,0> }
	no_shadow
}

// nucleotide -1

// particle -1
sphere {
	<23.805372, 21.503916, 1.548989> 0.250000
	pigment { color rgbt <1,0,0,0> }
	no_shadow
}
cylinder {
	<24.103931, 21.316204, 1.737738>,  <24.283068, 21.203577, 1.850988>, 0.100000
	pigment { color rgbt <1,0,0,0> }
	no_shadow
}
cylinder {
	<24.103931, 21.316204, 1.737738>,  <23.805372, 21.503916, 1.548989>, 0.100000
	pigment { color rgbt <1,0,0,0> }
	no_shadow
}

// particle -1
sphere {
	<24.103931, 21.316204, 1.737738> 0.100000
	pigment { color rgbt <1,0,0,0> }
	no_shadow
}
sphere {
	0, 1
	scale<0.080000,0.200000,0.300000>
	matrix <-0.558192, -0.055379, 0.827862,
		-0.362366, -0.881312, -0.303283,
		0.746400, -0.469279, 0.471873,
		24.327852, 21.175421, 1.879300>
	pigment { color rgbt <0,1,1,0> }
	no_shadow
}
cylinder {
	<23.581293, 20.823927, 1.814690>,  <23.805372, 21.503916, 1.548989>, 0.130000
	pigment { color rgbt <1,0,0,0> }
	no_shadow
}

// nucleotide -1

// particle -1
sphere {
	<23.581293, 20.823927, 1.814690> 0.250000
	pigment { color rgbt <1,0,0,0> }
	no_shadow
}
cylinder {
	<23.879341, 20.957653, 2.045525>,  <24.058170, 21.037888, 2.184025>, 0.100000
	pigment { color rgbt <1,0,0,0> }
	no_shadow
}
cylinder {
	<23.879341, 20.957653, 2.045525>,  <23.581293, 20.823927, 1.814690>, 0.100000
	pigment { color rgbt <1,0,0,0> }
	no_shadow
}

// particle -1
sphere {
	<23.879341, 20.957653, 2.045525> 0.100000
	pigment { color rgbt <1,0,0,0> }
	no_shadow
}
sphere {
	0, 1
	scale<0.080000,0.200000,0.300000>
	matrix <-0.565750, -0.141354, 0.812371,
		0.353161, -0.931801, 0.083813,
		0.745121, 0.334315, 0.577087,
		24.102877, 21.057947, 2.218651>
	pigment { color rgbt <0,1,1,0> }
	no_shadow
}
cylinder {
	<23.692419, 20.425182, 2.407932>,  <23.581293, 20.823927, 1.814690>, 0.130000
	pigment { color rgbt <1,0,0,0> }
	no_shadow
}

// nucleotide -1

// particle -1
sphere {
	<23.692419, 20.425182, 2.407932> 0.250000
	pigment { color rgbt <1,0,0,0> }
	no_shadow
}
cylinder {
	<23.749294, 20.816750, 2.466583>,  <23.783419, 21.051691, 2.501774>, 0.100000
	pigment { color rgbt <1,0,0,0> }
	no_shadow
}
cylinder {
	<23.749294, 20.816750, 2.466583>,  <23.692419, 20.425182, 2.407932>, 0.100000
	pigment { color rgbt <1,0,0,0> }
	no_shadow
}

// particle -1
sphere {
	<23.749294, 20.816750, 2.466583> 0.100000
	pigment { color rgbt <1,0,0,0> }
	no_shadow
}
sphere {
	0, 1
	scale<0.080000,0.200000,0.300000>
	matrix <-0.561253, -0.042286, 0.826563,
		0.815339, -0.199823, 0.543409,
		0.142187, 0.978919, 0.146629,
		23.791950, 21.110426, 2.510572>
	pigment { color rgbt <0,1,1,0> }
	no_shadow
}
cylinder {
	<24.031326, 20.659216, 3.144792>,  <23.692419, 20.425182, 2.407932>, 0.130000
	pigment { color rgbt <1,0,0,0> }
	no_shadow
}

// nucleotide -1

// particle -1
sphere {
	<24.031326, 20.659216, 3.144792> 0.250000
	pigment { color rgbt <1,0,0,0> }
	no_shadow
}
cylinder {
	<23.765953, 20.913589, 2.987087>,  <23.606730, 21.066214, 2.892464>, 0.100000
	pigment { color rgbt <1,0,0,0> }
	no_shadow
}
cylinder {
	<23.765953, 20.913589, 2.987087>,  <24.031326, 20.659216, 3.144792>, 0.100000
	pigment { color rgbt <1,0,0,0> }
	no_shadow
}

// particle -1
sphere {
	<23.765953, 20.913589, 2.987087> 0.100000
	pigment { color rgbt <1,0,0,0> }
	no_shadow
}
sphere {
	0, 1
	scale<0.080000,0.200000,0.300000>
	matrix <-0.635522, -0.200807, 0.745512,
		0.394926, 0.745160, 0.537373,
		-0.663434, 0.635934, -0.394262,
		23.566923, 21.104370, 2.868809>
	pigment { color rgbt <0,1,1,0> }
	no_shadow
}
cylinder {
	<23.903194, 21.180361, 3.618926>,  <24.031326, 20.659216, 3.144792>, 0.130000
	pigment { color rgbt <1,0,0,0> }
	no_shadow
}

// nucleotide -1

// particle -1
sphere {
	<23.903194, 21.180361, 3.618926> 0.250000
	pigment { color rgbt <1,0,0,0> }
	no_shadow
}
cylinder {
	<23.583073, 21.111923, 3.389059>,  <23.391001, 21.070860, 3.251138>, 0.100000
	pigment { color rgbt <1,0,0,0> }
	no_shadow
}
cylinder {
	<23.583073, 21.111923, 3.389059>,  <23.903194, 21.180361, 3.618926>, 0.100000
	pigment { color rgbt <1,0,0,0> }
	no_shadow
}

// particle -1
sphere {
	<23.583073, 21.111923, 3.389059> 0.100000
	pigment { color rgbt <1,0,0,0> }
	no_shadow
}
sphere {
	0, 1
	scale<0.080000,0.200000,0.300000>
	matrix <-0.536774, -0.222647, 0.813819,
		-0.267189, 0.959768, 0.086346,
		-0.800302, -0.171096, -0.574668,
		23.342981, 21.060595, 3.216658>
	pigment { color rgbt <0,1,1,0> }
	no_shadow
}
cylinder {
	<23.345921, 21.640690, 3.995717>,  <23.903194, 21.180361, 3.618926>, 0.130000
	pigment { color rgbt <1,0,0,0> }
	no_shadow
}

// nucleotide -1

// particle -1
sphere {
	<23.345921, 21.640690, 3.995717> 0.250000
	pigment { color rgbt <1,0,0,0> }
	no_shadow
}
cylinder {
	<23.193329, 21.338631, 3.782465>,  <23.101774, 21.157396, 3.654514>, 0.100000
	pigment { color rgbt <1,0,0,0> }
	no_shadow
}
cylinder {
	<23.193329, 21.338631, 3.782465>,  <23.345921, 21.640690, 3.995717>, 0.100000
	pigment { color rgbt <1,0,0,0> }
	no_shadow
}

// particle -1
sphere {
	<23.193329, 21.338631, 3.782465> 0.100000
	pigment { color rgbt <1,0,0,0> }
	no_shadow
}
sphere {
	0, 1
	scale<0.080000,0.200000,0.300000>
	matrix <-0.610908, -0.226879, 0.758497,
		-0.693732, 0.615044, -0.374775,
		-0.381480, -0.755147, -0.533129,
		23.078884, 21.112087, 3.622526>
	pigment { color rgbt <0,1,1,0> }
	no_shadow
}
cylinder {
	<22.534889, 21.614096, 3.948284>,  <23.345921, 21.640690, 3.995717>, 0.130000
	pigment { color rgbt <1,0,0,0> }
	no_shadow
}

// nucleotide -1

// particle -1
sphere {
	<22.534889, 21.614096, 3.948284> 0.250000
	pigment { color rgbt <1,0,0,0> }
	no_shadow
}
cylinder {
	<22.690147, 21.247936, 3.905592>,  <22.783302, 21.028240, 3.879978>, 0.100000
	pigment { color rgbt <1,0,0,0> }
	no_shadow
}
cylinder {
	<22.690147, 21.247936, 3.905592>,  <22.534889, 21.614096, 3.948284>, 0.100000
	pigment { color rgbt <1,0,0,0> }
	no_shadow
}

// particle -1
sphere {
	<22.690147, 21.247936, 3.905592> 0.100000
	pigment { color rgbt <1,0,0,0> }
	no_shadow
}
sphere {
	0, 1
	scale<0.080000,0.200000,0.300000>
	matrix <-0.616062, -0.343850, 0.708685,
		-0.685427, -0.209322, -0.697405,
		0.388147, -0.915397, -0.106729,
		22.806591, 20.973318, 3.873574>
	pigment { color rgbt <0,1,1,0> }
	no_shadow
}
cylinder {
	<21.995260, 21.285154, 4.135011>,  <22.534889, 21.614096, 3.948284>, 0.130000
	pigment { color rgbt <1,0,0,0> }
	no_shadow
}

// nucleotide -1

// particle -1
sphere {
	<21.995260, 21.285154, 4.135011> 0.250000
	pigment { color rgbt <1,0,0,0> }
	no_shadow
}
cylinder {
	<22.323738, 21.067726, 4.204489>,  <22.520824, 20.937269, 4.246175>, 0.100000
	pigment { color rgbt <1,0,0,0> }
	no_shadow
}
cylinder {
	<22.323738, 21.067726, 4.204489>,  <21.995260, 21.285154, 4.135011>, 0.100000
	pigment { color rgbt <1,0,0,0> }
	no_shadow
}

// particle -1
sphere {
	<22.323738, 21.067726, 4.204489> 0.100000
	pigment { color rgbt <1,0,0,0> }
	no_shadow
}
sphere {
	0, 1
	scale<0.080000,0.200000,0.300000>
	matrix <-0.406305, -0.343225, 0.846825,
		-0.400698, -0.765978, -0.502711,
		0.821193, -0.543575, 0.173692,
		22.570097, 20.904655, 4.256597>
	pigment { color rgbt <0,1,1,0> }
	no_shadow
}
cylinder {
	<21.728811, 20.687532, 4.260681>,  <21.995260, 21.285154, 4.135011>, 0.130000
	pigment { color rgbt <1,0,0,0> }
	no_shadow
}

// nucleotide -1

// particle -1
sphere {
	<21.728811, 20.687532, 4.260681> 0.250000
	pigment { color rgbt <1,0,0,0> }
	no_shadow
}
cylinder {
	<22.079220, 20.748386, 4.443738>,  <22.289465, 20.784899, 4.553573>, 0.100000
	pigment { color rgbt <1,0,0,0> }
	no_shadow
}
cylinder {
	<22.079220, 20.748386, 4.443738>,  <21.728811, 20.687532, 4.260681>, 0.100000
	pigment { color rgbt <1,0,0,0> }
	no_shadow
}

// particle -1
sphere {
	<22.079220, 20.748386, 4.443738> 0.100000
	pigment { color rgbt <1,0,0,0> }
	no_shadow
}
sphere {
	0, 1
	scale<0.080000,0.200000,0.300000>
	matrix <-0.453664, -0.061990, 0.889014,
		0.163621, -0.986414, 0.014714,
		0.876023, 0.152137, 0.457644,
		22.342028, 20.794027, 4.581032>
	pigment { color rgbt <0,1,1,0> }
	no_shadow
}
cylinder {
	<21.800615, 20.165012, 4.793166>,  <21.728811, 20.687532, 4.260681>, 0.130000
	pigment { color rgbt <1,0,0,0> }
	no_shadow
}

// nucleotide -1

// particle -1
sphere {
	<21.800615, 20.165012, 4.793166> 0.250000
	pigment { color rgbt <1,0,0,0> }
	no_shadow
}
cylinder {
	<22.022228, 20.486881, 4.878535>,  <22.155195, 20.680002, 4.929757>, 0.100000
	pigment { color rgbt <1,0,0,0> }
	no_shadow
}
cylinder {
	<22.022228, 20.486881, 4.878535>,  <21.800615, 20.165012, 4.793166>, 0.100000
	pigment { color rgbt <1,0,0,0> }
	no_shadow
}

// particle -1
sphere {
	<22.022228, 20.486881, 4.878535> 0.100000
	pigment { color rgbt <1,0,0,0> }
	no_shadow
}
sphere {
	0, 1
	scale<0.080000,0.200000,0.300000>
	matrix <-0.456466, 0.079237, 0.886206,
		0.696195, -0.588407, 0.411206,
		0.554032, 0.804674, 0.213423,
		22.188438, 20.728283, 4.942562>
	pigment { color rgbt <0,1,1,0> }
	no_shadow
}
cylinder {
	<22.285810, 20.016260, 5.318423>,  <21.800615, 20.165012, 4.793166>, 0.130000
	pigment { color rgbt <1,0,0,0> }
	no_shadow
}

// nucleotide -1

// particle -1
sphere {
	<22.285810, 20.016260, 5.318423> 0.250000
	pigment { color rgbt <1,0,0,0> }
	no_shadow
}
cylinder {
	<22.193867, 20.403332, 5.359915>,  <22.138700, 20.635574, 5.384809>, 0.100000
	pigment { color rgbt <1,0,0,0> }
	no_shadow
}
cylinder {
	<22.193867, 20.403332, 5.359915>,  <22.285810, 20.016260, 5.318423>, 0.100000
	pigment { color rgbt <1,0,0,0> }
	no_shadow
}

// particle -1
sphere {
	<22.193867, 20.403332, 5.359915> 0.100000
	pigment { color rgbt <1,0,0,0> }
	no_shadow
}
sphere {
	0, 1
	scale<0.080000,0.200000,0.300000>
	matrix <-0.243213, -0.160316, 0.956633,
		0.942344, 0.194661, 0.272202,
		-0.229858, 0.967681, 0.103729,
		22.124910, 20.693636, 5.391034>
	pigment { color rgbt <0,1,1,0> }
	no_shadow
}
cylinder {
	<22.740620, 20.415556, 5.854889>,  <22.285810, 20.016260, 5.318423>, 0.130000
	pigment { color rgbt <1,0,0,0> }
	no_shadow
}

// nucleotide -1

// particle -1
sphere {
	<22.740620, 20.415556, 5.854889> 0.250000
	pigment { color rgbt <1,0,0,0> }
	no_shadow
}
cylinder {
	<22.348068, 20.441559, 5.782588>,  <22.112537, 20.457161, 5.739207>, 0.100000
	pigment { color rgbt <1,0,0,0> }
	no_shadow
}
cylinder {
	<22.348068, 20.441559, 5.782588>,  <22.740620, 20.415556, 5.854889>, 0.100000
	pigment { color rgbt <1,0,0,0> }
	no_shadow
}

// particle -1
sphere {
	<22.348068, 20.441559, 5.782588> 0.100000
	pigment { color rgbt <1,0,0,0> }
	no_shadow
}
sphere {
	0, 1
	scale<0.080000,0.200000,0.300000>
	matrix <-0.191976, -0.299942, 0.934441,
		0.006528, 0.951740, 0.306836,
		-0.981378, 0.065005, -0.180753,
		22.053656, 20.461060, 5.728362>
	pigment { color rgbt <0,1,1,0> }
	no_shadow
}
cylinder {
	<22.352726, 20.876682, 6.329511>,  <22.740620, 20.415556, 5.854889>, 0.130000
	pigment { color rgbt <1,0,0,0> }
	no_shadow
}

// nucleotide -1

// particle -1
sphere {
	<22.352726, 20.876682, 6.329511> 0.250000
	pigment { color rgbt <1,0,0,0> }
	no_shadow
}
cylinder {
	<22.085743, 20.599712, 6.219930>,  <21.925554, 20.433531, 6.154181>, 0.100000
	pigment { color rgbt <1,0,0,0> }
	no_shadow
}
cylinder {
	<22.085743, 20.599712, 6.219930>,  <22.352726, 20.876682, 6.329511>, 0.100000
	pigment { color rgbt <1,0,0,0> }
	no_shadow
}

// particle -1
sphere {
	<22.085743, 20.599712, 6.219930> 0.100000
	pigment { color rgbt <1,0,0,0> }
	no_shadow
}
sphere {
	0, 1
	scale<0.080000,0.200000,0.300000>
	matrix <-0.242372, -0.145853, 0.959158,
		-0.704102, 0.706593, -0.070474,
		-0.667455, -0.692425, -0.273953,
		21.885506, 20.391985, 6.137744>
	pigment { color rgbt <0,1,1,0> }
	no_shadow
}
cylinder {
	<21.741499, 21.065870, 6.685503>,  <22.352726, 20.876682, 6.329511>, 0.130000
	pigment { color rgbt <1,0,0,0> }
	no_shadow
}

// nucleotide -1

// particle -1
sphere {
	<21.741499, 21.065870, 6.685503> 0.250000
	pigment { color rgbt <1,0,0,0> }
	no_shadow
}
cylinder {
	<21.739693, 20.667397, 6.650631>,  <21.738609, 20.428312, 6.629708>, 0.100000
	pigment { color rgbt <1,0,0,0> }
	no_shadow
}
cylinder {
	<21.739693, 20.667397, 6.650631>,  <21.741499, 21.065870, 6.685503>, 0.100000
	pigment { color rgbt <1,0,0,0> }
	no_shadow
}

// particle -1
sphere {
	<21.739693, 20.667397, 6.650631> 0.100000
	pigment { color rgbt <1,0,0,0> }
	no_shadow
}
sphere {
	0, 1
	scale<0.080000,0.200000,0.300000>
	matrix <-0.364308, -0.079550, 0.927875,
		-0.931268, 0.035949, -0.362558,
		-0.004514, -0.996183, -0.087178,
		21.738338, 20.368542, 6.624477>
	pigment { color rgbt <0,1,1,0> }
	no_shadow
}
cylinder {
	<21.029804, 20.862486, 6.687057>,  <21.741499, 21.065870, 6.685503>, 0.130000
	pigment { color rgbt <1,0,0,0> }
	no_shadow
}

// nucleotide -1

// particle -1
sphere {
	<21.029804, 20.862486, 6.687057> 0.250000
	pigment { color rgbt <1,0,0,0> }
	no_shadow
}
cylinder {
	<21.293320, 20.602879, 6.839252>,  <21.451429, 20.447113, 6.930570>, 0.100000
	pigment { color rgbt <1,0,0,0> }
	no_shadow
}
cylinder {
	<21.293320, 20.602879, 6.839252>,  <21.029804, 20.862486, 6.687057>, 0.100000
	pigment { color rgbt <1,0,0,0> }
	no_shadow
}

// particle -1
sphere {
	<21.293320, 20.602879, 6.839252> 0.100000
	pigment { color rgbt <1,0,0,0> }
	no_shadow
}
sphere {
	0, 1
	scale<0.080000,0.200000,0.300000>
	matrix <-0.587947, -0.128608, 0.798610,
		-0.469380, -0.749822, -0.466315,
		0.658787, -0.649020, 0.380489,
		21.490955, 20.408173, 6.953399>
	pigment { color rgbt <0,1,1,0> }
	no_shadow
}
cylinder {
	<20.616974, 20.420555, 7.135795>,  <21.029804, 20.862486, 6.687057>, 0.130000
	pigment { color rgbt <1,0,0,0> }
	no_shadow
}

// nucleotide -1

// particle -1
sphere {
	<20.616974, 20.420555, 7.135795> 0.250000
	pigment { color rgbt <1,0,0,0> }
	no_shadow
}
cylinder {
	<21.005375, 20.406258, 7.230344>,  <21.238417, 20.397680, 7.287073>, 0.100000
	pigment { color rgbt <1,0,0,0> }
	no_shadow
}
cylinder {
	<21.005375, 20.406258, 7.230344>,  <20.616974, 20.420555, 7.135795>, 0.100000
	pigment { color rgbt <1,0,0,0> }
	no_shadow
}

// particle -1
sphere {
	<21.005375, 20.406258, 7.230344> 0.100000
	pigment { color rgbt <1,0,0,0> }
	no_shadow
}
sphere {
	0, 1
	scale<0.080000,0.200000,0.300000>
	matrix <-0.236647, -0.283835, 0.929212,
		0.033879, -0.958207, -0.284064,
		0.971005, -0.035742, 0.236373,
		21.296677, 20.395535, 7.301256>
	pigment { color rgbt <0,1,1,0> }
	no_shadow
}
cylinder {
	<20.710705, 19.919626, 7.679343>,  <20.616974, 20.420555, 7.135795>, 0.130000
	pigment { color rgbt <1,0,0,0> }
	no_shadow
}

// nucleotide -1

// particle -1
sphere {
	<20.710705, 19.919626, 7.679343> 0.250000
	pigment { color rgbt <1,0,0,0> }
	no_shadow
}
cylinder {
	<21.007774, 20.186527, 7.701992>,  <21.186016, 20.346668, 7.715581>, 0.100000
	pigment { color rgbt <1,0,0,0> }
	no_shadow
}
cylinder {
	<21.007774, 20.186527, 7.701992>,  <20.710705, 19.919626, 7.679343>, 0.100000
	pigment { color rgbt <1,0,0,0> }
	no_shadow
}

// particle -1
sphere {
	<21.007774, 20.186527, 7.701992> 0.100000
	pigment { color rgbt <1,0,0,0> }
	no_shadow
}
sphere {
	0, 1
	scale<0.080000,0.200000,0.300000>
	matrix <-0.005439, -0.078541, 0.996896,
		0.669630, -0.740677, -0.054701,
		0.742674, 0.667254, 0.056622,
		21.230577, 20.386703, 7.718978>
	pigment { color rgbt <0,1,1,0> }
	no_shadow
}
cylinder {
	<21.446125, 19.683178, 8.049400>,  <20.710705, 19.919626, 7.679343>, 0.130000
	pigment { color rgbt <1,0,0,0> }
	no_shadow
}

// nucleotide -1

// particle -1
sphere {
	<21.446125, 19.683178, 8.049400> 0.250000
	pigment { color rgbt <1,0,0,0> }
	no_shadow
}
cylinder {
	<21.394161, 20.078793, 8.077478>,  <21.362984, 20.316162, 8.094325>, 0.100000
	pigment { color rgbt <1,0,0,0> }
	no_shadow
}
cylinder {
	<21.394161, 20.078793, 8.077478>,  <21.446125, 19.683178, 8.049400>, 0.100000
	pigment { color rgbt <1,0,0,0> }
	no_shadow
}

// particle -1
sphere {
	<21.394161, 20.078793, 8.077478> 0.100000
	pigment { color rgbt <1,0,0,0> }
	no_shadow
}
sphere {
	0, 1
	scale<0.080000,0.200000,0.300000>
	matrix <-0.066543, -0.079332, 0.994625,
		0.989290, 0.124541, 0.076120,
		-0.129910, 0.989038, 0.070195,
		21.355188, 20.375504, 8.098536>
	pigment { color rgbt <0,1,1,0> }
	no_shadow
}
cylinder {
	<22.076597, 19.940594, 8.411839>,  <21.446125, 19.683178, 8.049400>, 0.130000
	pigment { color rgbt <1,0,0,0> }
	no_shadow
}

// nucleotide -1

// particle -1
sphere {
	<22.076597, 19.940594, 8.411839> 0.250000
	pigment { color rgbt <1,0,0,0> }
	no_shadow
}
cylinder {
	<21.741680, 20.143085, 8.494473>,  <21.540730, 20.264580, 8.544054>, 0.100000
	pigment { color rgbt <1,0,0,0> }
	no_shadow
}
cylinder {
	<21.741680, 20.143085, 8.494473>,  <22.076597, 19.940594, 8.411839>, 0.100000
	pigment { color rgbt <1,0,0,0> }
	no_shadow
}

// particle -1
sphere {
	<21.741680, 20.143085, 8.494473> 0.100000
	pigment { color rgbt <1,0,0,0> }
	no_shadow
}
sphere {
	0, 1
	scale<0.080000,0.200000,0.300000>
	matrix <0.163116, -0.129355, 0.978090,
		0.521860, 0.852643, 0.025734,
		-0.837291, 0.506228, 0.206585,
		21.490494, 20.294954, 8.556449>
	pigment { color rgbt <0,1,1,0> }
	no_shadow
}
cylinder {
	<22.298504, 20.311018, 8.929477>,  <22.076597, 19.940594, 8.411839>, 0.130000
	pigment { color rgbt <1,0,0,0> }
	no_shadow
}

// nucleotide -1

// particle -1
sphere {
	<22.298504, 20.311018, 8.929477> 0.250000
	pigment { color rgbt <1,0,0,0> }
	no_shadow
}
cylinder {
	<21.899933, 20.341019, 8.945016>,  <21.660791, 20.359020, 8.954339>, 0.100000
	pigment { color rgbt <1,0,0,0> }
	no_shadow
}
cylinder {
	<21.899933, 20.341019, 8.945016>,  <22.298504, 20.311018, 8.929477>, 0.100000
	pigment { color rgbt <1,0,0,0> }
	no_shadow
}

// particle -1
sphere {
	<21.899933, 20.341019, 8.945016> 0.100000
	pigment { color rgbt <1,0,0,0> }
	no_shadow
}
sphere {
	0, 1
	scale<0.080000,0.200000,0.300000>
	matrix <0.034368, -0.060115, 0.997600,
		0.077158, 0.995370, 0.057322,
		-0.996426, 0.075003, 0.038847,
		21.601006, 20.363520, 8.956670>
	pigment { color rgbt <0,1,1,0> }
	no_shadow
}
cylinder {
	<22.111849, 20.861662, 9.438408>,  <22.298504, 20.311018, 8.929477>, 0.130000
	pigment { color rgbt <1,0,0,0> }
	no_shadow
}

// nucleotide -1

// particle -1
sphere {
	<22.111849, 20.861662, 9.438408> 0.250000
	pigment { color rgbt <1,0,0,0> }
	no_shadow
}
cylinder {
	<21.773636, 20.651657, 9.399547>,  <21.570707, 20.525654, 9.376230>, 0.100000
	pigment { color rgbt <1,0,0,0> }
	no_shadow
}
cylinder {
	<21.773636, 20.651657, 9.399547>,  <22.111849, 20.861662, 9.438408>, 0.100000
	pigment { color rgbt <1,0,0,0> }
	no_shadow
}

// particle -1
sphere {
	<21.773636, 20.651657, 9.399547> 0.100000
	pigment { color rgbt <1,0,0,0> }
	no_shadow
}
sphere {
	0, 1
	scale<0.080000,0.200000,0.300000>
	matrix <-0.195312, 0.134788, 0.971435,
		-0.496918, 0.840355, -0.216509,
		-0.845533, -0.525010, -0.097153,
		21.519976, 20.494154, 9.370400>
	pigment { color rgbt <0,1,1,0> }
	no_shadow
}
cylinder {
	<21.613710, 21.244394, 9.981283>,  <22.111849, 20.861662, 9.438408>, 0.130000
	pigment { color rgbt <1,0,0,0> }
	no_shadow
}

// nucleotide -1

// particle -1
sphere {
	<21.613710, 21.244394, 9.981283> 0.250000
	pigment { color rgbt <1,0,0,0> }
	no_shadow
}
cylinder {
	<21.474464, 20.884132, 9.877258>,  <21.390917, 20.667974, 9.814843>, 0.100000
	pigment { color rgbt <1,0,0,0> }
	no_shadow
}
cylinder {
	<21.474464, 20.884132, 9.877258>,  <21.613710, 21.244394, 9.981283>, 0.100000
	pigment { color rgbt <1,0,0,0> }
	no_shadow
}

// particle -1
sphere {
	<21.474464, 20.884132, 9.877258> 0.100000
	pigment { color rgbt <1,0,0,0> }
	no_shadow
}
sphere {
	0, 1
	scale<0.080000,0.200000,0.300000>
	matrix <-0.136730, -0.225666, 0.964562,
		-0.927426, 0.371338, -0.044589,
		-0.348116, -0.900657, -0.260062,
		21.370029, 20.613935, 9.799240>
	pigment { color rgbt <0,1,1,0> }
	no_shadow
}
cylinder {
	<21.117418, 21.088392, 10.474068>,  <21.613710, 21.244394, 9.981283>, 0.130000
	pigment { color rgbt <1,0,0,0> }
	no_shadow
}

// nucleotide -1

// particle -1
sphere {
	<21.117418, 21.088392, 10.474068> 0.250000
	pigment { color rgbt <1,0,0,0> }
	no_shadow
}
cylinder {
	<21.188583, 20.716290, 10.345711>,  <21.231281, 20.493029, 10.268697>, 0.100000
	pigment { color rgbt <1,0,0,0> }
	no_shadow
}
cylinder {
	<21.188583, 20.716290, 10.345711>,  <21.117418, 21.088392, 10.474068>, 0.100000
	pigment { color rgbt <1,0,0,0> }
	no_shadow
}

// particle -1
sphere {
	<21.188583, 20.716290, 10.345711> 0.100000
	pigment { color rgbt <1,0,0,0> }
	no_shadow
}
sphere {
	0, 1
	scale<0.080000,0.200000,0.300000>
	matrix <-0.233221, -0.356664, 0.904654,
		-0.956010, -0.086109, -0.280410,
		0.177911, -0.930256, -0.320892,
		21.241957, 20.437212, 10.249443>
	pigment { color rgbt <0,1,1,0> }
	no_shadow
}
cylinder {
	<20.584736, 20.636858, 10.655742>,  <21.117418, 21.088392, 10.474068>, 0.130000
	pigment { color rgbt <1,0,0,0> }
	no_shadow
}

// nucleotide -1

// particle -1
sphere {
	<20.584736, 20.636858, 10.655742> 0.250000
	pigment { color rgbt <1,0,0,0> }
	no_shadow
}
cylinder {
	<20.892120, 20.384708, 10.611746>,  <21.076551, 20.233419, 10.585348>, 0.100000
	pigment { color rgbt <1,0,0,0> }
	no_shadow
}
cylinder {
	<20.892120, 20.384708, 10.611746>,  <20.584736, 20.636858, 10.655742>, 0.100000
	pigment { color rgbt <1,0,0,0> }
	no_shadow
}

// particle -1
sphere {
	<20.892120, 20.384708, 10.611746> 0.100000
	pigment { color rgbt <1,0,0,0> }
	no_shadow
}
sphere {
	0, 1
	scale<0.080000,0.200000,0.300000>
	matrix <-0.048021, -0.228213, 0.972426,
		-0.638091, -0.741991, -0.205644,
		0.768462, -0.630372, -0.109989,
		21.122660, 20.195597, 10.578749>
	pigment { color rgbt <0,1,1,0> }
	no_shadow
}
cylinder {
	<20.369959, 20.128036, 11.005424>,  <20.584736, 20.636858, 10.655742>, 0.130000
	pigment { color rgbt <1,0,0,0> }
	no_shadow
}

// nucleotide -1

// particle -1
sphere {
	<20.369959, 20.128036, 11.005424> 0.250000
	pigment { color rgbt <1,0,0,0> }
	no_shadow
}
cylinder {
	<20.768848, 20.098721, 11.010674>,  <21.008183, 20.081131, 11.013824>, 0.100000
	pigment { color rgbt <1,0,0,0> }
	no_shadow
}
cylinder {
	<20.768848, 20.098721, 11.010674>,  <20.369959, 20.128036, 11.005424>, 0.100000
	pigment { color rgbt <1,0,0,0> }
	no_shadow
}

// particle -1
sphere {
	<20.768848, 20.098721, 11.010674> 0.100000
	pigment { color rgbt <1,0,0,0> }
	no_shadow
}
sphere {
	0, 1
	scale<0.080000,0.200000,0.300000>
	matrix <-0.025322, -0.168051, 0.985453,
		-0.070018, -0.983050, -0.169441,
		0.997224, -0.073290, 0.013126,
		21.068016, 20.076733, 11.014611>
	pigment { color rgbt <0,1,1,0> }
	no_shadow
}
cylinder {
	<20.414850, 19.612980, 11.410098>,  <20.369959, 20.128036, 11.005424>, 0.130000
	pigment { color rgbt <1,0,0,0> }
	no_shadow
}

// nucleotide -1

// particle -1
sphere {
	<20.414850, 19.612980, 11.410098> 0.250000
	pigment { color rgbt <1,0,0,0> }
	no_shadow
}
cylinder {
	<20.784565, 19.765110, 11.423004>,  <21.006393, 19.856388, 11.430748>, 0.100000
	pigment { color rgbt <1,0,0,0> }
	no_shadow
}
cylinder {
	<20.784565, 19.765110, 11.423004>,  <20.414850, 19.612980, 11.410098>, 0.100000
	pigment { color rgbt <1,0,0,0> }
	no_shadow
}

// particle -1
sphere {
	<20.784565, 19.765110, 11.423004> 0.100000
	pigment { color rgbt <1,0,0,0> }
	no_shadow
}
sphere {
	0, 1
	scale<0.080000,0.200000,0.300000>
	matrix <0.048281, -0.200351, 0.978534,
		0.378628, -0.902890, -0.203545,
		0.924289, 0.380328, 0.032266,
		21.061852, 19.879208, 11.432684>
	pigment { color rgbt <0,1,1,0> }
	no_shadow
}
cylinder {
	<20.772058, 19.145782, 11.827977>,  <20.414850, 19.612980, 11.410098>, 0.130000
	pigment { color rgbt <1,0,0,0> }
	no_shadow
}

// nucleotide -1

// particle -1
sphere {
