// switches for output
#declare DRAW_BASES = 1; // possible values are 0, 1; only relevant for DNA ribbons
#declare DRAW_BASES_TYPE = 3; // possible values are 1, 2, 3; only relevant for DNA ribbons
#declare DRAW_FOG = 0; // set to 1 to enable fog

#include "colors.inc"

#include "transforms.inc"
background { rgb <1, 1, 1>}

#default {
   normal{
       ripples 0.25
       frequency 0.20
       turbulence 0.2
       lambda 5
   }
	finish {
		phong 0.1
		phong_size 40.
	}
}

// original window dimensions: 1024x640


// camera settings

camera {
	sky <-0, 1, 0>
	up <-0, 1, 0>
	right 1.6 * <1, 0, 0>
	location <18.5, 18.5, 82.5562>
	look_at <18.5, 18.5, 18.5>
	direction <0, 0, -64.0562>
	angle 67.0682
}


# declare cpy_camera_pos = <18.5, 18.5, 82.5562>;
# if (DRAW_FOG = 1)
fog {
	fog_type 2
	up vnormalize(cpy_camera_pos)
	color rgbt<1,1,1,0.3>
	distance 1e-5
	fog_alt 3e-3
	fog_offset 29.6
}
# end


// LIGHTS

# declare lum = 6;
global_settings {
	ambient_light rgb lum * <0.05, 0.05, 0.05>
	max_trace_level 15
}# declare cpy_direct_light_amount = 0.25;
light_source
{	1000 * <-1, -1, 1>,
	rgb lum * cpy_direct_light_amount
	parallel
}

light_source
{	1000 * <1, 1, -1>,
	rgb lum * cpy_direct_light_amount
	parallel
}

// strand 0

// nucleotide -1

// particle -1
sphere {
	<22.477362, 17.238937, -2.094154> 0.250000
	pigment { color rgbt <1,0,0,0> }
	no_shadow
}
cylinder {
	<22.719353, 17.104233, -2.382762>,  <22.864548, 17.023409, -2.555927>, 0.100000
	pigment { color rgbt <1,0,0,0> }
	no_shadow
}
cylinder {
	<22.719353, 17.104233, -2.382762>,  <22.477362, 17.238937, -2.094154>, 0.100000
	pigment { color rgbt <1,0,0,0> }
	no_shadow
}

// particle -1
sphere {
	<22.719353, 17.104233, -2.382762> 0.100000
	pigment { color rgbt <1,0,0,0> }
	no_shadow
}
sphere {
	0, 1
	scale<0.080000,0.200000,0.300000>
	matrix <0.511799, 0.858637, 0.028371,
		0.609970, -0.386437, 0.691811,
		0.604978, -0.336763, -0.721520,
		22.900846, 17.003204, -2.599218>
	pigment { color rgbt <0,1,1,0> }
	no_shadow
}
cylinder {
	<22.775846, 17.951038, -2.054901>,  <22.477362, 17.238937, -2.094154>, 0.130000
	pigment { color rgbt <1,0,0,0> }
	no_shadow
}

// nucleotide -1

// particle -1
sphere {
	<22.775846, 17.951038, -2.054901> 0.250000
	pigment { color rgbt <1,0,0,0> }
	no_shadow
}
cylinder {
	<23.014996, 17.838348, -2.355083>,  <23.158485, 17.770735, -2.535191>, 0.100000
	pigment { color rgbt <1,0,0,0> }
	no_shadow
}
cylinder {
	<23.014996, 17.838348, -2.355083>,  <22.775846, 17.951038, -2.054901>, 0.100000
	pigment { color rgbt <1,0,0,0> }
	no_shadow
}

// particle -1
sphere {
	<23.014996, 17.838348, -2.355083> 0.100000
	pigment { color rgbt <1,0,0,0> }
	no_shadow
}
sphere {
	0, 1
	scale<0.080000,0.200000,0.300000>
	matrix <0.201457, 0.958965, -0.199501,
		0.775862, -0.031907, 0.630095,
		0.597874, -0.281723, -0.750453,
		23.194357, 17.753832, -2.580218>
	pigment { color rgbt <0,1,1,0> }
	no_shadow
}
cylinder {
	<23.452759, 18.320303, -1.947871>,  <22.775846, 17.951038, -2.054901>, 0.130000
	pigment { color rgbt <1,0,0,0> }
	no_shadow
}

// nucleotide -1

// particle -1
sphere {
	<23.452759, 18.320303, -1.947871> 0.250000
	pigment { color rgbt <1,0,0,0> }
	no_shadow
}
cylinder {
	<23.368053, 18.231514, -2.328583>,  <23.317230, 18.178240, -2.557010>, 0.100000
	pigment { color rgbt <1,0,0,0> }
	no_shadow
}
cylinder {
	<23.368053, 18.231514, -2.328583>,  <23.452759, 18.320303, -1.947871>, 0.100000
	pigment { color rgbt <1,0,0,0> }
	no_shadow
}

// particle -1
sphere {
	<23.368053, 18.231514, -2.328583> 0.100000
	pigment { color rgbt <1,0,0,0> }
	no_shadow
}
sphere {
	0, 1
	scale<0.080000,0.200000,0.300000>
	matrix <-0.026780, 0.974818, -0.221388,
		0.976956, -0.021391, -0.212364,
		-0.211752, -0.221973, -0.951782,
		23.304525, 18.164923, -2.614117>
	pigment { color rgbt <0,1,1,0> }
	no_shadow
}
cylinder {
	<24.150595, 18.554831, -2.095051>,  <23.452759, 18.320303, -1.947871>, 0.130000
	pigment { color rgbt <1,0,0,0> }
	no_shadow
}

// nucleotide -1

// particle -1
sphere {
	<24.150595, 18.554831, -2.095051> 0.250000
	pigment { color rgbt <1,0,0,0> }
	no_shadow
}
cylinder {
	<23.825981, 18.725136, -2.255121>,  <23.631212, 18.827318, -2.351162>, 0.100000
	pigment { color rgbt <1,0,0,0> }
	no_shadow
}
cylinder {
	<23.825981, 18.725136, -2.255121>,  <24.150595, 18.554831, -2.095051>, 0.100000
	pigment { color rgbt <1,0,0,0> }
	no_shadow
}

// particle -1
sphere {
	<23.825981, 18.725136, -2.255121> 0.100000
	pigment { color rgbt <1,0,0,0> }
	no_shadow
}
sphere {
	0, 1
	scale<0.080000,0.200000,0.300000>
	matrix <-0.419009, 0.053278, 0.906417,
		0.407239, 0.903265, 0.135162,
		-0.811534, 0.425762, -0.400173,
		23.582521, 18.852865, -2.375173>
	pigment { color rgbt <0,1,1,0> }
	no_shadow
}
cylinder {
	<23.910280, 19.312675, -1.793932>,  <24.150595, 18.554831, -2.095051>, 0.130000
	pigment { color rgbt <1,0,0,0> }
	no_shadow
}

// nucleotide -1

// particle -1
sphere {
	<23.910280, 19.312675, -1.793932> 0.250000
	pigment { color rgbt <1,0,0,0> }
	no_shadow
}
cylinder {
	<23.607857, 19.087559, -1.927584>,  <23.426403, 18.952490, -2.007776>, 0.100000
	pigment { color rgbt <1,0,0,0> }
	no_shadow
}
cylinder {
	<23.607857, 19.087559, -1.927584>,  <23.910280, 19.312675, -1.793932>, 0.100000
	pigment { color rgbt <1,0,0,0> }
	no_shadow
}

// particle -1
sphere {
	<23.607857, 19.087559, -1.927584> 0.100000
	pigment { color rgbt <1,0,0,0> }
	no_shadow
}
sphere {
	0, 1
	scale<0.080000,0.200000,0.300000>
	matrix <-0.347912, -0.086832, 0.933497,
		-0.554376, 0.822027, -0.130151,
		-0.756059, -0.562790, -0.334131,
		23.381039, 18.918722, -2.027823>
	pigment { color rgbt <0,1,1,0> }
	no_shadow
}
cylinder {
	<23.262627, 19.674751, -1.597468>,  <23.910280, 19.312675, -1.793932>, 0.130000
	pigment { color rgbt <1,0,0,0> }
	no_shadow
}

// nucleotide -1

// particle -1
sphere {
	<23.262627, 19.674751, -1.597468> 0.250000
	pigment { color rgbt <1,0,0,0> }
	no_shadow
}
cylinder {
	<23.216473, 19.279346, -1.636521>,  <23.188780, 19.042103, -1.659952>, 0.100000
	pigment { color rgbt <1,0,0,0> }
	no_shadow
}
cylinder {
	<23.216473, 19.279346, -1.636521>,  <23.262627, 19.674751, -1.597468>, 0.100000
	pigment { color rgbt <1,0,0,0> }
	no_shadow
}

// particle -1
sphere {
	<23.216473, 19.279346, -1.636521> 0.100000
	pigment { color rgbt <1,0,0,0> }
	no_shadow
}
sphere {
	0, 1
	scale<0.080000,0.200000,0.300000>
	matrix <-0.281334, -0.061741, 0.957622,
		-0.952648, 0.137963, -0.270978,
		-0.115385, -0.988511, -0.097631,
		23.181856, 18.982794, -1.665810>
	pigment { color rgbt <0,1,1,0> }
	no_shadow
}
cylinder {
	<22.605267, 19.535475, -1.288746>,  <23.262627, 19.674751, -1.597468>, 0.130000
	pigment { color rgbt <1,0,0,0> }
	no_shadow
}

// nucleotide -1

// particle -1
sphere {
	<22.605267, 19.535475, -1.288746> 0.250000
	pigment { color rgbt <1,0,0,0> }
	no_shadow
}
cylinder {
	<22.875748, 19.240818, -1.284653>,  <23.038036, 19.064024, -1.282198>, 0.100000
	pigment { color rgbt <1,0,0,0> }
	no_shadow
}
cylinder {
	<22.875748, 19.240818, -1.284653>,  <22.605267, 19.535475, -1.288746>, 0.100000
	pigment { color rgbt <1,0,0,0> }
	no_shadow
}

// particle -1
sphere {
	<22.875748, 19.240818, -1.284653> 0.100000
	pigment { color rgbt <1,0,0,0> }
	no_shadow
}
sphere {
	0, 1
	scale<0.080000,0.200000,0.300000>
	matrix <-0.193365, -0.164067, 0.967312,
		-0.710885, -0.656079, -0.253384,
		0.676205, -0.736643, 0.010230,
		23.078609, 19.019825, -1.281584>
	pigment { color rgbt <0,1,1,0> }
	no_shadow
}
cylinder {
	<22.275759, 18.920437, -1.151645>,  <22.605267, 19.535475, -1.288746>, 0.130000
	pigment { color rgbt <1,0,0,0> }
	no_shadow
}

// nucleotide -1

// particle -1
sphere {
	<22.275759, 18.920437, -1.151645> 0.250000
	pigment { color rgbt <1,0,0,0> }
	no_shadow
}
cylinder {
	<22.654453, 18.905685, -1.023687>,  <22.881670, 18.896835, -0.946913>, 0.100000
	pigment { color rgbt <1,0,0,0> }
	no_shadow
}
cylinder {
	<22.654453, 18.905685, -1.023687>,  <22.275759, 18.920437, -1.151645>, 0.100000
	pigment { color rgbt <1,0,0,0> }
	no_shadow
}

// particle -1
sphere {
	<22.654453, 18.905685, -1.023687> 0.100000
	pigment { color rgbt <1,0,0,0> }
	no_shadow
}
sphere {
	0, 1
	scale<0.080000,0.200000,0.300000>
	matrix <-0.312840, -0.340769, 0.886571,
		0.076316, -0.939423, -0.334155,
		0.946735, -0.036877, 0.319895,
		22.938475, 18.894623, -0.927719>
	pigment { color rgbt <0,1,1,0> }
	no_shadow
}
cylinder {
	<22.351780, 18.212265, -0.853817>,  <22.275759, 18.920437, -1.151645>, 0.130000
	pigment { color rgbt <1,0,0,0> }
	no_shadow
}

// nucleotide -1

// particle -1
sphere {
	<22.351780, 18.212265, -0.853817> 0.250000
	pigment { color rgbt <1,0,0,0> }
	no_shadow
}
cylinder {
	<22.568726, 18.505669, -0.689961>,  <22.698893, 18.681711, -0.591648>, 0.100000
	pigment { color rgbt <1,0,0,0> }
	no_shadow
}
cylinder {
	<22.568726, 18.505669, -0.689961>,  <22.351780, 18.212265, -0.853817>, 0.100000
	pigment { color rgbt <1,0,0,0> }
	no_shadow
}

// particle -1
sphere {
	<22.568726, 18.505669, -0.689961> 0.100000
	pigment { color rgbt <1,0,0,0> }
	no_shadow
}
sphere {
	0, 1
	scale<0.080000,0.200000,0.300000>
	matrix <-0.273558, -0.306826, 0.911605,
		0.794360, -0.606481, 0.034247,
		0.542363, 0.733511, 0.409638,
		22.731434, 18.725721, -0.567070>
	pigment { color rgbt <0,1,1,0> }
	no_shadow
}
cylinder {
	<22.851822, 18.000093, -0.431136>,  <22.351780, 18.212265, -0.853817>, 0.130000
	pigment { color rgbt <1,0,0,0> }
	no_shadow
}

// nucleotide -1

// particle -1
sphere {
	<22.851822, 18.000093, -0.431136> 0.250000
	pigment { color rgbt <1,0,0,0> }
	no_shadow
}
cylinder {
	<22.751163, 18.358814, -0.285576>,  <22.690767, 18.574047, -0.198240>, 0.100000
	pigment { color rgbt <1,0,0,0> }
	no_shadow
}
cylinder {
	<22.751163, 18.358814, -0.285576>,  <22.851822, 18.000093, -0.431136>, 0.100000
	pigment { color rgbt <1,0,0,0> }
	no_shadow
}

// particle -1
sphere {
	<22.751163, 18.358814, -0.285576> 0.100000
	pigment { color rgbt <1,0,0,0> }
	no_shadow
}
sphere {
	0, 1
	scale<0.080000,0.200000,0.300000>
	matrix <-0.150947, -0.407767, 0.900522,
		0.955975, 0.171685, 0.237983,
		-0.251648, 0.896800, 0.363900,
		22.675669, 18.627853, -0.176406>
	pigment { color rgbt <0,1,1,0> }
	no_shadow
}
cylinder {
	<23.052668, 18.076454, 0.317057>,  <22.851822, 18.000093, -0.431136>, 0.130000
	pigment { color rgbt <1,0,0,0> }
	no_shadow
}

// nucleotide -1

// particle -1
sphere {
	<23.052668, 18.076454, 0.317057> 0.250000
	pigment { color rgbt <1,0,0,0> }
	no_shadow
}
cylinder {
	<22.780022, 18.358810, 0.239992>,  <22.616434, 18.528225, 0.193752>, 0.100000
	pigment { color rgbt <1,0,0,0> }
	no_shadow
}
cylinder {
	<22.780022, 18.358810, 0.239992>,  <23.052668, 18.076454, 0.317057>, 0.100000
	pigment { color rgbt <1,0,0,0> }
	no_shadow
}

// particle -1
sphere {
	<22.780022, 18.358810, 0.239992> 0.100000
	pigment { color rgbt <1,0,0,0> }
	no_shadow
}
sphere {
	0, 1
	scale<0.080000,0.200000,0.300000>
	matrix <-0.395496, -0.133888, 0.908657,
		0.615618, 0.695551, 0.370437,
		-0.681614, 0.705892, -0.192664,
		22.575537, 18.570578, 0.182192>
	pigment { color rgbt <0,1,1,0> }
	no_shadow
}
cylinder {
	<22.952238, 18.669434, 0.853777>,  <23.052668, 18.076454, 0.317057>, 0.130000
	pigment { color rgbt <1,0,0,0> }
	no_shadow
}

// nucleotide -1

// particle -1
sphere {
	<22.952238, 18.669434, 0.853777> 0.250000
	pigment { color rgbt <1,0,0,0> }
	no_shadow
}
cylinder {
	<22.606216, 18.611088, 0.661776>,  <22.398603, 18.576080, 0.546576>, 0.100000
	pigment { color rgbt <1,0,0,0> }
	no_shadow
}
cylinder {
	<22.606216, 18.611088, 0.661776>,  <22.952238, 18.669434, 0.853777>, 0.100000
	pigment { color rgbt <1,0,0,0> }
	no_shadow
}

// particle -1
sphere {
	<22.606216, 18.611088, 0.661776> 0.100000
	pigment { color rgbt <1,0,0,0> }
	no_shadow
}
sphere {
	0, 1
	scale<0.080000,0.200000,0.300000>
	matrix <-0.495622, 0.100280, 0.862730,
		-0.077707, 0.984209, -0.159041,
		-0.865056, -0.145864, -0.480003,
		22.346701, 18.567329, 0.517775>
	pigment { color rgbt <0,1,1,0> }
	no_shadow
}
cylinder {
	<22.514652, 19.258495, 1.017361>,  <22.952238, 18.669434, 0.853777>, 0.130000
	pigment { color rgbt <1,0,0,0> }
	no_shadow
}

// nucleotide -1

// particle -1
sphere {
	<22.514652, 19.258495, 1.017361> 0.250000
	pigment { color rgbt <1,0,0,0> }
	no_shadow
}
cylinder {
	<22.288849, 18.932049, 0.967901>,  <22.153366, 18.736181, 0.938226>, 0.100000
	pigment { color rgbt <1,0,0,0> }
	no_shadow
}
cylinder {
	<22.288849, 18.932049, 0.967901>,  <22.514652, 19.258495, 1.017361>, 0.100000
	pigment { color rgbt <1,0,0,0> }
	no_shadow
}

// particle -1
sphere {
	<22.288849, 18.932049, 0.967901> 0.100000
	pigment { color rgbt <1,0,0,0> }
	no_shadow
}
sphere {
	0, 1
	scale<0.080000,0.200000,0.300000>
	matrix <-0.527506, 0.241471, 0.814512,
		-0.634877, 0.525023, -0.566817,
		-0.564508, -0.816114, -0.123648,
		22.119497, 18.687214, 0.930807>
	pigment { color rgbt <0,1,1,0> }
	no_shadow
}
cylinder {
	<21.827969, 19.410404, 1.217806>,  <22.514652, 19.258495, 1.017361>, 0.130000
	pigment { color rgbt <1,0,0,0> }
	no_shadow
}

// nucleotide -1

// particle -1
sphere {
	<21.827969, 19.410404, 1.217806> 0.250000
	pigment { color rgbt <1,0,0,0> }
	no_shadow
}
cylinder {
	<21.898788, 19.022942, 1.287501>,  <21.941280, 18.790464, 1.329317>, 0.100000
	pigment { color rgbt <1,0,0,0> }
	no_shadow
}
cylinder {
	<21.898788, 19.022942, 1.287501>,  <21.827969, 19.410404, 1.217806>, 0.100000
	pigment { color rgbt <1,0,0,0> }
	no_shadow
}

// particle -1
sphere {
	<21.898788, 19.022942, 1.287501> 0.100000
	pigment { color rgbt <1,0,0,0> }
	no_shadow
}
sphere {
	0, 1
	scale<0.080000,0.200000,0.300000>
	matrix <-0.467397, 0.073042, 0.881025,
		-0.866137, -0.237424, -0.439815,
		0.177051, -0.968656, 0.174236,
		21.951904, 18.732346, 1.339772>
	pigment { color rgbt <0,1,1,0> }
	no_shadow
}
cylinder {
	<21.135462, 19.094801, 1.535711>,  <21.827969, 19.410404, 1.217806>, 0.130000
	pigment { color rgbt <1,0,0,0> }
	no_shadow
}

// nucleotide -1

// particle -1
sphere {
	<21.135462, 19.094801, 1.535711> 0.250000
	pigment { color rgbt <1,0,0,0> }
	no_shadow
}
cylinder {
	<21.465740, 18.896763, 1.643862>,  <21.663908, 18.777939, 1.708753>, 0.100000
	pigment { color rgbt <1,0,0,0> }
	no_shadow
}
cylinder {
	<21.465740, 18.896763, 1.643862>,  <21.135462, 19.094801, 1.535711>, 0.100000
	pigment { color rgbt <1,0,0,0> }
	no_shadow
}

// particle -1
sphere {
	<21.465740, 18.896763, 1.643862> 0.100000
	pigment { color rgbt <1,0,0,0> }
	no_shadow
}
sphere {
	0, 1
	scale<0.080000,0.200000,0.300000>
	matrix <-0.288346, 0.041537, 0.956625,
		-0.484853, -0.867844, -0.108462,
		0.825696, -0.495097, 0.270378,
		21.713449, 18.748234, 1.724976>
	pigment { color rgbt <0,1,1,0> }
	no_shadow
}
cylinder {
	<21.088274, 18.497454, 1.955693>,  <21.135462, 19.094801, 1.535711>, 0.130000
	pigment { color rgbt <1,0,0,0> }
	no_shadow
}

// nucleotide -1

// particle -1
sphere {
	<21.088274, 18.497454, 1.955693> 0.250000
	pigment { color rgbt <1,0,0,0> }
	no_shadow
}
cylinder {
	<21.428432, 18.620136, 2.126695>,  <21.632526, 18.693745, 2.229296>, 0.100000
	pigment { color rgbt <1,0,0,0> }
	no_shadow
}
cylinder {
	<21.428432, 18.620136, 2.126695>,  <21.088274, 18.497454, 1.955693>, 0.100000
	pigment { color rgbt <1,0,0,0> }
	no_shadow
}

// particle -1
sphere {
	<21.428432, 18.620136, 2.126695> 0.100000
	pigment { color rgbt <1,0,0,0> }
	no_shadow
}
sphere {
	0, 1
	scale<0.080000,0.200000,0.300000>
	matrix <-0.502080, 0.230122, 0.833642,
		0.157304, -0.923567, 0.349685,
		0.850395, 0.306705, 0.427505,
		21.683552, 18.712149, 2.254946>
	pigment { color rgbt <0,1,1,0> }
	no_shadow
}
cylinder {
	<21.086388, 18.193489, 2.612604>,  <21.088274, 18.497454, 1.955693>, 0.130000
	pigment { color rgbt <1,0,0,0> }
	no_shadow
}

// nucleotide -1

// particle -1
sphere {
	<21.086388, 18.193489, 2.612604> 0.250000
	pigment { color rgbt <1,0,0,0> }
	no_shadow
}
cylinder {
	<21.335106, 18.506359, 2.596721>,  <21.484337, 18.694080, 2.587191>, 0.100000
	pigment { color rgbt <1,0,0,0> }
	no_shadow
}
cylinder {
	<21.335106, 18.506359, 2.596721>,  <21.086388, 18.193489, 2.612604>, 0.100000
	pigment { color rgbt <1,0,0,0> }
	no_shadow
}

// particle -1
sphere {
	<21.335106, 18.506359, 2.596721> 0.100000
	pigment { color rgbt <1,0,0,0> }
	no_shadow
}
sphere {
	0, 1
	scale<0.080000,0.200000,0.300000>
	matrix <-0.425324, 0.379819, 0.821485,
		0.657625, -0.493906, 0.568846,
		0.621794, 0.782173, -0.039708,
		21.521645, 18.741011, 2.584808>
	pigment { color rgbt <0,1,1,0> }
	no_shadow
}
cylinder {
	<21.502260, 18.164625, 3.188975>,  <21.086388, 18.193489, 2.612604>, 0.130000
	pigment { color rgbt <1,0,0,0> }
	no_shadow
}

// nucleotide -1

// particle -1
sphere {
	<21.502260, 18.164625, 3.188975> 0.250000
	pigment { color rgbt <1,0,0,0> }
	no_shadow
}
cylinder {
	<21.424122, 18.525913, 3.036119>,  <21.377239, 18.742687, 2.944406>, 0.100000
	pigment { color rgbt <1,0,0,0> }
	no_shadow
}
cylinder {
	<21.424122, 18.525913, 3.036119>,  <21.502260, 18.164625, 3.188975>, 0.100000
	pigment { color rgbt <1,0,0,0> }
	no_shadow
}

// particle -1
sphere {
	<21.424122, 18.525913, 3.036119> 0.100000
	pigment { color rgbt <1,0,0,0> }
	no_shadow
}
sphere {
	0, 1
	scale<0.080000,0.200000,0.300000>
	matrix <-0.450502, 0.263465, 0.853015,
		0.871142, 0.338787, 0.355436,
		-0.195346, 0.903222, -0.382139,
		21.365519, 18.796881, 2.921478>
	pigment { color rgbt <0,1,1,0> }
	no_shadow
}
cylinder {
	<21.741461, 18.727667, 3.648554>,  <21.502260, 18.164625, 3.188975>, 0.130000
	pigment { color rgbt <1,0,0,0> }
	no_shadow
}

// nucleotide -1

// particle -1
sphere {
	<21.741461, 18.727667, 3.648554> 0.250000
	pigment { color rgbt <1,0,0,0> }
	no_shadow
}
cylinder {
	<21.424854, 18.877586, 3.455464>,  <21.234890, 18.967539, 3.339611>, 0.100000
	pigment { color rgbt <1,0,0,0> }
	no_shadow
}
cylinder {
	<21.424854, 18.877586, 3.455464>,  <21.741461, 18.727667, 3.648554>, 0.100000
	pigment { color rgbt <1,0,0,0> }
	no_shadow
}

// particle -1
sphere {
	<21.424854, 18.877586, 3.455464> 0.100000
	pigment { color rgbt <1,0,0,0> }
	no_shadow
}
sphere {
	0, 1
	scale<0.080000,0.200000,0.300000>
	matrix <-0.424398, 0.231268, 0.875444,
		0.439756, 0.897797, -0.023989,
		-0.791518, 0.374801, -0.482724,
		21.187399, 18.990026, 3.310647>
	pigment { color rgbt <0,1,1,0> }
	no_shadow
}
cylinder {
	<21.777887, 19.455873, 3.791552>,  <21.741461, 18.727667, 3.648554>, 0.130000
	pigment { color rgbt <1,0,0,0> }
	no_shadow
}

// nucleotide -1

// particle -1
sphere {
	<21.777887, 19.455873, 3.791552> 0.250000
	pigment { color rgbt <1,0,0,0> }
	no_shadow
}
cylinder {
	<21.426777, 19.280811, 3.713614>,  <21.216110, 19.175774, 3.666852>, 0.100000
	pigment { color rgbt <1,0,0,0> }
	no_shadow
}
cylinder {
	<21.426777, 19.280811, 3.713614>,  <21.777887, 19.455873, 3.791552>, 0.100000
	pigment { color rgbt <1,0,0,0> }
	no_shadow
}

// particle -1
sphere {
	<21.426777, 19.280811, 3.713614> 0.100000
	pigment { color rgbt <1,0,0,0> }
	no_shadow
}
sphere {
	0, 1
	scale<0.080000,0.200000,0.300000>
	matrix <-0.408172, 0.470307, 0.782437,
		-0.250800, 0.766336, -0.591463,
		-0.877778, -0.437654, -0.194844,
		21.163443, 19.149515, 3.655161>
	pigment { color rgbt <0,1,1,0> }
	no_shadow
}
cylinder {
	<21.288218, 19.899931, 3.981967>,  <21.777887, 19.455873, 3.791552>, 0.130000
	pigment { color rgbt <1,0,0,0> }
	no_shadow
}

// nucleotide -1

// particle -1
sphere {
	<21.288218, 19.899931, 3.981967> 0.250000
	pigment { color rgbt <1,0,0,0> }
	no_shadow
}
cylinder {
	<21.081253, 19.557636, 3.981746>,  <20.957073, 19.352261, 3.981613>, 0.100000
	pigment { color rgbt <1,0,0,0> }
	no_shadow
}
cylinder {
	<21.081253, 19.557636, 3.981746>,  <21.288218, 19.899931, 3.981967>, 0.100000
	pigment { color rgbt <1,0,0,0> }
	no_shadow
}

// particle -1
sphere {
	<21.081253, 19.557636, 3.981746> 0.100000
	pigment { color rgbt <1,0,0,0> }
	no_shadow
}
sphere {
	0, 1
	scale<0.080000,0.200000,0.300000>
	matrix <-0.585467, 0.353525, 0.729553,
		-0.624109, 0.377804, -0.683924,
		-0.517413, -0.855736, -0.000554,
		20.926029, 19.300915, 3.981580>
	pigment { color rgbt <0,1,1,0> }
	no_shadow
}
cylinder {
	<20.545357, 20.107723, 3.734618>,  <21.288218, 19.899931, 3.981967>, 0.130000
	pigment { color rgbt <1,0,0,0> }
	no_shadow
}

// nucleotide -1

// particle -1
sphere {
	<20.545357, 20.107723, 3.734618> 0.250000
	pigment { color rgbt <1,0,0,0> }
	no_shadow
}
cylinder {
	<20.606731, 19.782917, 3.959860>,  <20.643557, 19.588034, 4.095006>, 0.100000
	pigment { color rgbt <1,0,0,0> }
	no_shadow
}
cylinder {
	<20.606731, 19.782917, 3.959860>,  <20.545357, 20.107723, 3.734618>, 0.100000
	pigment { color rgbt <1,0,0,0> }
	no_shadow
}

// particle -1
sphere {
	<20.606731, 19.782917, 3.959860> 0.100000
	pigment { color rgbt <1,0,0,0> }
	no_shadow
}
sphere {
	0, 1
	scale<0.080000,0.200000,0.300000>
	matrix <-0.543448, 0.406595, 0.734401,
		-0.825301, -0.418702, -0.378902,
		0.153436, -0.812015, 0.563106,
		20.652761, 19.539312, 4.128792>
	pigment { color rgbt <0,1,1,0> }
	no_shadow
}
cylinder {
	<19.919617, 19.978403, 4.077407>,  <20.545357, 20.107723, 3.734618>, 0.130000
	pigment { color rgbt <1,0,0,0> }
	no_shadow
}

// nucleotide -1

// particle -1
sphere {
	<19.919617, 19.978403, 4.077407> 0.250000
	pigment { color rgbt <1,0,0,0> }
	no_shadow
}
cylinder {
	<20.209225, 19.803982, 4.291194>,  <20.382990, 19.699329, 4.419466>, 0.100000
	pigment { color rgbt <1,0,0,0> }
	no_shadow
}
cylinder {
	<20.209225, 19.803982, 4.291194>,  <19.919617, 19.978403, 4.077407>, 0.100000
	pigment { color rgbt <1,0,0,0> }
	no_shadow
}

// particle -1
sphere {
	<20.209225, 19.803982, 4.291194> 0.100000
	pigment { color rgbt <1,0,0,0> }
	no_shadow
}
sphere {
	0, 1
	scale<0.080000,0.200000,0.300000>
	matrix <-0.501163, 0.199857, 0.841958,
		-0.473955, -0.877448, -0.073833,
		0.724018, -0.436052, 0.534468,
		20.426430, 19.673166, 4.451534>
	pigment { color rgbt <0,1,1,0> }
	no_shadow
}
cylinder {
	<20.184847, 19.961327, 4.835220>,  <19.919617, 19.978403, 4.077407>, 0.130000
	pigment { color rgbt <1,0,0,0> }
	no_shadow
}

// nucleotide -1

// particle -1
sphere {
	<20.184847, 19.961327, 4.835220> 0.250000
	pigment { color rgbt <1,0,0,0> }
	no_shadow
}
cylinder {
	<20.393078, 19.654957, 4.986142>,  <20.518017, 19.471134, 5.076695>, 0.100000
	pigment { color rgbt <1,0,0,0> }
	no_shadow
}
cylinder {
	<20.393078, 19.654957, 4.986142>,  <20.184847, 19.961327, 4.835220>, 0.100000
	pigment { color rgbt <1,0,0,0> }
	no_shadow
}

// particle -1
sphere {
	<20.393078, 19.654957, 4.986142> 0.100000
	pigment { color rgbt <1,0,0,0> }
	no_shadow
}
sphere {
	0, 1
	scale<0.080000,0.200000,0.300000>
	matrix <-0.207793, 0.314967, 0.926077,
		-0.828143, -0.560497, 0.004811,
		0.520578, -0.765924, 0.377304,
		20.549252, 19.425180, 5.099333>
	pigment { color rgbt <0,1,1,0> }
	no_shadow
}
cylinder {
	<19.756447, 19.480368, 5.252395>,  <20.184847, 19.961327, 4.835220>, 0.130000
	pigment { color rgbt <1,0,0,0> }
	no_shadow
}

// nucleotide -1

// particle -1
sphere {
	<19.756447, 19.480368, 5.252395> 0.250000
	pigment { color rgbt <1,0,0,0> }
	no_shadow
}
cylinder {
	<20.135494, 19.552242, 5.358019>,  <20.362923, 19.595367, 5.421393>, 0.100000
	pigment { color rgbt <1,0,0,0> }
	no_shadow
}
cylinder {
	<20.135494, 19.552242, 5.358019>,  <19.756447, 19.480368, 5.252395>, 0.100000
	pigment { color rgbt <1,0,0,0> }
	no_shadow
}

// particle -1
sphere {
	<20.135494, 19.552242, 5.358019> 0.100000
	pigment { color rgbt <1,0,0,0> }
	no_shadow
}
sphere {
	0, 1
	scale<0.080000,0.200000,0.300000>
	matrix <-0.307563, 0.290404, 0.906129,
		0.086135, -0.939882, 0.330458,
		0.947621, 0.179686, 0.264059,
		20.419781, 19.606148, 5.437237>
	pigment { color rgbt <0,1,1,0> }
	no_shadow
}
cylinder {
	<19.842848, 19.298773, 5.876722>,  <19.756447, 19.480368, 5.252395>, 0.130000
	pigment { color rgbt <1,0,0,0> }
	no_shadow
}

// nucleotide -1

// particle -1
sphere {
	<19.842848, 19.298773, 5.876722> 0.250000
	pigment { color rgbt <1,0,0,0> }
	no_shadow
}
cylinder {
	<20.114273, 19.591351, 5.849753>,  <20.277128, 19.766897, 5.833572>, 0.100000
	pigment { color rgbt <1,0,0,0> }
	no_shadow
}
cylinder {
	<20.114273, 19.591351, 5.849753>,  <19.842848, 19.298773, 5.876722>, 0.100000
	pigment { color rgbt <1,0,0,0> }
	no_shadow
}

// particle -1
sphere {
	<20.114273, 19.591351, 5.849753> 0.100000
	pigment { color rgbt <1,0,0,0> }
	no_shadow
}
sphere {
	0, 1
	scale<0.080000,0.200000,0.300000>
	matrix <-0.248851, 0.315272, 0.915793,
		0.691107, -0.604644, 0.395952,
		0.678561, 0.731444, -0.067421,
		20.317841, 19.810783, 5.829527>
	pigment { color rgbt <0,1,1,0> }
	no_shadow
}
cylinder {
	<20.223316, 19.218729, 6.489778>,  <19.842848, 19.298773, 5.876722>, 0.130000
	pigment { color rgbt <1,0,0,0> }
	no_shadow
}

// nucleotide -1

// particle -1
sphere {
	<20.223316, 19.218729, 6.489778> 0.250000
	pigment { color rgbt <1,0,0,0> }
	no_shadow
}
cylinder {
	<20.244678, 19.605755, 6.391014>,  <20.257496, 19.837971, 6.331756>, 0.100000
	pigment { color rgbt <1,0,0,0> }
	no_shadow
}
cylinder {
	<20.244678, 19.605755, 6.391014>,  <20.223316, 19.218729, 6.489778>, 0.100000
	pigment { color rgbt <1,0,0,0> }
	no_shadow
}

// particle -1
sphere {
	<20.244678, 19.605755, 6.391014> 0.100000
	pigment { color rgbt <1,0,0,0> }
	no_shadow
}
sphere {
	0, 1
	scale<0.080000,0.200000,0.300000>
	matrix <-0.036480, 0.248987, 0.967820,
		0.997906, -0.042681, 0.048594,
		0.053407, 0.967566, -0.246909,
		20.260700, 19.896025, 6.316941>
	pigment { color rgbt <0,1,1,0> }
	no_shadow
}
cylinder {
	<20.831829, 19.589207, 6.697265>,  <20.223316, 19.218729, 6.489778>, 0.130000
	pigment { color rgbt <1,0,0,0> }
	no_shadow
}

// nucleotide -1

// particle -1
sphere {
	<20.831829, 19.589207, 6.697265> 0.250000
	pigment { color rgbt <1,0,0,0> }
	no_shadow
}
cylinder {
	<20.520111, 19.839848, 6.700674>,  <20.333080, 19.990232, 6.702719>, 0.100000
	pigment { color rgbt <1,0,0,0> }
	no_shadow
}
cylinder {
	<20.520111, 19.839848, 6.700674>,  <20.831829, 19.589207, 6.697265>, 0.100000
	pigment { color rgbt <1,0,0,0> }
	no_shadow
}

// particle -1
sphere {
	<20.520111, 19.839848, 6.700674> 0.100000
	pigment { color rgbt <1,0,0,0> }
	no_shadow
}
sphere {
	0, 1
	scale<0.080000,0.200000,0.300000>
	matrix <0.057120, 0.057482, 0.996711,
		0.624051, 0.777217, -0.080587,
		-0.779293, 0.626602, 0.008522,
		20.286324, 20.027828, 6.703231>
	pigment { color rgbt <0,1,1,0> }
	no_shadow
}
cylinder {
	<21.492006, 19.300962, 6.696252>,  <20.831829, 19.589207, 6.697265>, 0.130000
	pigment { color rgbt <1,0,0,0> }
	no_shadow
}

// nucleotide -1

// particle -1
sphere {
	<21.492006, 19.300962, 6.696252> 0.250000
	pigment { color rgbt <1,0,0,0> }
	no_shadow
}
cylinder {
	<21.632141, 19.209122, 6.333035>,  <21.716223, 19.154016, 6.115104>, 0.100000
	pigment { color rgbt <1,0,0,0> }
	no_shadow
}
cylinder {
	<21.632141, 19.209122, 6.333035>,  <21.492006, 19.300962, 6.696252>, 0.100000
	pigment { color rgbt <1,0,0,0> }
	no_shadow
}

// particle -1
sphere {
	<21.632141, 19.209122, 6.333035> 0.100000
	pigment { color rgbt <1,0,0,0> }
	no_shadow
}
sphere {
	0, 1
	scale<0.080000,0.200000,0.300000>
	matrix <0.464737, -0.799113, 0.381363,
		-0.813193, -0.555608, -0.173254,
		0.350338, -0.229605, -0.908045,
		21.737244, 19.140240, 6.060621>
	pigment { color rgbt <0,1,1,0> }
	no_shadow
}
cylinder {
	<21.203333, 18.675678, 6.412458>,  <21.492006, 19.300962, 6.696252>, 0.130000
	pigment { color rgbt <1,0,0,0> }
	no_shadow
}

// nucleotide -1

// particle -1
sphere {
	<21.203333, 18.675678, 6.412458> 0.250000
	pigment { color rgbt <1,0,0,0> }
	no_shadow
}
cylinder {
	<21.570744, 18.768040, 6.284089>,  <21.791191, 18.823456, 6.207067>, 0.100000
	pigment { color rgbt <1,0,0,0> }
	no_shadow
}
cylinder {
	<21.570744, 18.768040, 6.284089>,  <21.203333, 18.675678, 6.412458>, 0.100000
	pigment { color rgbt <1,0,0,0> }
	no_shadow
}

// particle -1
sphere {
	<21.570744, 18.768040, 6.284089> 0.100000
	pigment { color rgbt <1,0,0,0> }
	no_shadow
}
sphere {
	0, 1
	scale<0.080000,0.200000,0.300000>
	matrix <0.345206, -0.864082, 0.366327,
		-0.192718, -0.447266, -0.873392,
		0.918527, 0.230902, -0.320923,
		21.846302, 18.837311, 6.187812>
	pigment { color rgbt <0,1,1,0> }
	no_shadow
}
cylinder {
	<20.618147, 18.624462, 6.639783>,  <21.203333, 18.675678, 6.412458>, 0.130000
	pigment { color rgbt <1,0,0,0> }
	no_shadow
}

// nucleotide -1

// particle -1
sphere {
	<20.618147, 18.624462, 6.639783> 0.250000
	pigment { color rgbt <1,0,0,0> }
	no_shadow
}
cylinder {
	<20.504494, 18.245037, 6.695632>,  <20.436302, 18.017382, 6.729141>, 0.100000
	pigment { color rgbt <1,0,0,0> }
	no_shadow
}
cylinder {
	<20.504494, 18.245037, 6.695632>,  <20.618147, 18.624462, 6.639783>, 0.100000
	pigment { color rgbt <1,0,0,0> }
	no_shadow
}

// particle -1
sphere {
	<20.504494, 18.245037, 6.695632> 0.100000
	pigment { color rgbt <1,0,0,0> }
	no_shadow
}
sphere {
	0, 1
	scale<0.080000,0.200000,0.300000>
	matrix <0.475857, -0.013094, 0.879425,
		-0.832363, 0.316316, 0.455101,
		-0.284135, -0.948564, 0.139622,
		20.419252, 17.960468, 6.737519>
	pigment { color rgbt <0,1,1,0> }
	no_shadow
}
cylinder {
	<20.419230, 18.598194, 7.323668>,  <20.618147, 18.624462, 6.639783>, 0.130000
	pigment { color rgbt <1,0,0,0> }
	no_shadow
}

// nucleotide -1

// particle -1
sphere {
	<20.419230, 18.598194, 7.323668> 0.250000
	pigment { color rgbt <1,0,0,0> }
	no_shadow
}
cylinder {
	<20.516380, 18.229576, 7.202500>,  <20.574671, 18.008404, 7.129800>, 0.100000
	pigment { color rgbt <1,0,0,0> }
	no_shadow
}
cylinder {
	<20.516380, 18.229576, 7.202500>,  <20.419230, 18.598194, 7.323668>, 0.100000
	pigment { color rgbt <1,0,0,0> }
	no_shadow
}

// particle -1
sphere {
	<20.516380, 18.229576, 7.202500> 0.100000
	pigment { color rgbt <1,0,0,0> }
	no_shadow
}
sphere {
	0, 1
	scale<0.080000,0.200000,0.300000>
	matrix <0.521987, -0.139048, 0.841543,
		-0.817642, -0.362513, 0.447264,
		0.242879, -0.921547, -0.302919,
		20.589245, 17.953112, 7.111625>
	pigment { color rgbt <0,1,1,0> }
	no_shadow
}
cylinder {
	<20.149277, 18.159798, 7.841762>,  <20.419230, 18.598194, 7.323668>, 0.130000
	pigment { color rgbt <1,0,0,0> }
	no_shadow
}

// nucleotide -1

// particle -1
sphere {
	<20.149277, 18.159798, 7.841762> 0.250000
	pigment { color rgbt <1,0,0,0> }
	no_shadow
}
cylinder {
	<20.454445, 17.973721, 7.662187>,  <20.637547, 17.862074, 7.554441>, 0.100000
	pigment { color rgbt <1,0,0,0> }
	no_shadow
}
cylinder {
	<20.454445, 17.973721, 7.662187>,  <20.149277, 18.159798, 7.841762>, 0.100000
	pigment { color rgbt <1,0,0,0> }
	no_shadow
}

// particle -1
sphere {
	<20.454445, 17.973721, 7.662187> 0.100000
	pigment { color rgbt <1,0,0,0> }
	no_shadow
}
sphere {
	0, 1
	scale<0.080000,0.200000,0.300000>
	matrix <0.478454, -0.060733, 0.876010,
		-0.434778, -0.883124, 0.176238,
		0.762922, -0.465192, -0.448939,
		20.683321, 17.834164, 7.527505>
	pigment { color rgbt <0,1,1,0> }
	no_shadow
}
cylinder {
	<20.167414, 17.524170, 8.142949>,  <20.149277, 18.159798, 7.841762>, 0.130000
	pigment { color rgbt <1,0,0,0> }
	no_shadow
}

// nucleotide -1

// particle -1
sphere {
	<20.167414, 17.524170, 8.142949> 0.250000
	pigment { color rgbt <1,0,0,0> }
	no_shadow
}
cylinder {
	<20.507435, 17.684017, 8.005708>,  <20.711447, 17.779924, 7.923363>, 0.100000
	pigment { color rgbt <1,0,0,0> }
	no_shadow
}
cylinder {
	<20.507435, 17.684017, 8.005708>,  <20.167414, 17.524170, 8.142949>, 0.100000
	pigment { color rgbt <1,0,0,0> }
	no_shadow
}

// particle -1
sphere {
	<20.507435, 17.684017, 8.005708> 0.100000
	pigment { color rgbt <1,0,0,0> }
	no_shadow
}
sphere {
	0, 1
	scale<0.080000,0.200000,0.300000>
	matrix <0.430722, -0.152501, 0.889507,
		0.303139, -0.903908, -0.301757,
		0.850051, 0.399617, -0.343104,
		20.762449, 17.803902, 7.902777>
	pigment { color rgbt <0,1,1,0> }
	no_shadow
}
cylinder {
	<20.701803, 17.139868, 8.474290>,  <20.167414, 17.524170, 8.142949>, 0.130000
	pigment { color rgbt <1,0,0,0> }
	no_shadow
}

// nucleotide -1

// particle -1
sphere {
	<20.701803, 17.139868, 8.474290> 0.250000
	pigment { color rgbt <1,0,0,0> }
	no_shadow
}
cylinder {
	<20.854538, 17.486576, 8.345970>,  <20.946178, 17.694601, 8.268978>, 0.100000
	pigment { color rgbt <1,0,0,0> }
	no_shadow
}
cylinder {
	<20.854538, 17.486576, 8.345970>,  <20.701803, 17.139868, 8.474290>, 0.100000
	pigment { color rgbt <1,0,0,0> }
	no_shadow
}

// particle -1
sphere {
	<20.854538, 17.486576, 8.345970> 0.100000
	pigment { color rgbt <1,0,0,0> }
	no_shadow
}
sphere {
	0, 1
	scale<0.080000,0.200000,0.300000>
	matrix <0.511503, 0.090911, 0.854459,
		0.769783, -0.490352, -0.408642,
		0.381835, 0.866770, -0.320798,
		20.969090, 17.746607, 8.249731>
	pigment { color rgbt <0,1,1,0> }
	no_shadow
}
cylinder {
	<21.493881, 17.292984, 8.622415>,  <20.701803, 17.139868, 8.474290>, 0.130000
	pigment { color rgbt <1,0,0,0> }
	no_shadow
}

// nucleotide -1

// particle -1
sphere {
	<21.493881, 17.292984, 8.622415> 0.250000
	pigment { color rgbt <1,0,0,0> }
	no_shadow
}
cylinder {
	<21.288734, 17.636345, 8.618148>,  <21.165648, 17.842361, 8.615588>, 0.100000
	pigment { color rgbt <1,0,0,0> }
	no_shadow
}
cylinder {
	<21.288734, 17.636345, 8.618148>,  <21.493881, 17.292984, 8.622415>, 0.100000
	pigment { color rgbt <1,0,0,0> }
	no_shadow
}

// particle -1
sphere {
	<21.288734, 17.636345, 8.618148> 0.100000
	pigment { color rgbt <1,0,0,0> }
	no_shadow
}
sphere {
	0, 1
	scale<0.080000,0.200000,0.300000>
	matrix <0.276306, 0.176822, 0.944663,
		0.812788, 0.481539, -0.327868,
		-0.512866, 0.858402, -0.010666,
		21.134874, 17.893866, 8.614948>
	pigment { color rgbt <0,1,1,0> }
	no_shadow
}
cylinder {
	<21.963976, 17.878178, 8.740100>,  <21.493881, 17.292984, 8.622415>, 0.130000
	pigment { color rgbt <1,0,0,0> }
	no_shadow
}

// nucleotide -1

// particle -1
sphere {
	<21.963976, 17.878178, 8.740100> 0.250000
	pigment { color rgbt <1,0,0,0> }
	no_shadow
}
cylinder {
	<21.587620, 17.900280, 8.873772>,  <21.361807, 17.913542, 8.953975>, 0.100000
	pigment { color rgbt <1,0,0,0> }
	no_shadow
}
cylinder {
	<21.587620, 17.900280, 8.873772>,  <21.963976, 17.878178, 8.740100>, 0.100000
	pigment { color rgbt <1,0,0,0> }
	no_shadow
}

// particle -1
sphere {
	<21.587620, 17.900280, 8.873772> 0.100000
	pigment { color rgbt <1,0,0,0> }
	no_shadow
}
sphere {
	0, 1
	scale<0.080000,0.200000,0.300000>
	matrix <0.338716, 0.151053, 0.928684,
		0.000836, 0.986980, -0.160839,
		-0.940888, 0.055255, 0.334180,
		21.305353, 17.916857, 8.974026>
	pigment { color rgbt <0,1,1,0> }
	no_shadow
}
cylinder {
	<21.981478, 18.409672, 9.195242>,  <21.963976, 17.878178, 8.740100>, 0.130000
	pigment { color rgbt <1,0,0,0> }
	no_shadow
}

// nucleotide -1

// particle -1
sphere {
	<21.981478, 18.409672, 9.195242> 0.250000
	pigment { color rgbt <1,0,0,0> }
	no_shadow
}
cylinder {
	<21.639675, 18.223930, 9.288361>,  <21.434593, 18.112486, 9.344232>, 0.100000
	pigment { color rgbt <1,0,0,0> }
	no_shadow
}
cylinder {
	<21.639675, 18.223930, 9.288361>,  <21.981478, 18.409672, 9.195242>, 0.100000
	pigment { color rgbt <1,0,0,0> }
	no_shadow
}

// particle -1
sphere {
	<21.639675, 18.223930, 9.288361> 0.100000
	pigment { color rgbt <1,0,0,0> }
	no_shadow
}
sphere {
	0, 1
	scale<0.080000,0.200000,0.300000>
	matrix <0.202049, 0.115744, 0.972512,
		-0.478536, 0.878053, -0.005081,
		-0.854506, -0.464355, 0.232798,
		21.383324, 18.084623, 9.358200>
	pigment { color rgbt <0,1,1,0> }
	no_shadow
}
cylinder {
	<21.683065, 18.919651, 9.552321>,  <21.981478, 18.409672, 9.195242>, 0.130000
	pigment { color rgbt <1,0,0,0> }
	no_shadow
}

// nucleotide -1

// particle -1
sphere {
	<21.683065, 18.919651, 9.552321> 0.250000
	pigment { color rgbt <1,0,0,0> }
	no_shadow
}
cylinder {
	<21.518444, 18.566235, 9.641743>,  <21.419670, 18.354185, 9.695395>, 0.100000
	pigment { color rgbt <1,0,0,0> }
	no_shadow
}
cylinder {
	<21.518444, 18.566235, 9.641743>,  <21.683065, 18.919651, 9.552321>, 0.100000
	pigment { color rgbt <1,0,0,0> }
	no_shadow
}

// particle -1
sphere {
	<21.518444, 18.566235, 9.641743> 0.100000
	pigment { color rgbt <1,0,0,0> }
	no_shadow
}
sphere {
	0, 1
	scale<0.080000,0.200000,0.300000>
	matrix <0.073262, 0.212422, 0.974428,
		-0.908436, 0.417408, -0.022693,
		-0.411555, -0.883542, 0.223552,
		21.394978, 18.301172, 9.708808>
	pigment { color rgbt <0,1,1,0> }
	no_shadow
}
cylinder {
	<21.371523, 19.142561, 10.128153>,  <21.683065, 18.919651, 9.552321>, 0.130000
	pigment { color rgbt <1,0,0,0> }
	no_shadow
}

// nucleotide -1

// particle -1
sphere {
	<21.371523, 19.142561, 10.128153> 0.250000
	pigment { color rgbt <1,0,0,0> }
	no_shadow
}
cylinder {
	<21.344730, 18.746216, 10.174985>,  <21.328655, 18.508410, 10.203084>, 0.100000
	pigment { color rgbt <1,0,0,0> }
	no_shadow
}
cylinder {
	<21.344730, 18.746216, 10.174985>,  <21.371523, 19.142561, 10.128153>, 0.100000
	pigment { color rgbt <1,0,0,0> }
	no_shadow
}

// particle -1
sphere {
	<21.344730, 18.746216, 10.174985> 0.100000
	pigment { color rgbt <1,0,0,0> }
	no_shadow
}
sphere {
	0, 1
	scale<0.080000,0.200000,0.300000>
	matrix <0.231384, 0.098720, 0.967841,
		-0.970554, 0.091916, 0.222657,
		-0.066979, -0.990861, 0.117081,
		21.324636, 18.448957, 10.210110>
	pigment { color rgbt <0,1,1,0> }
	no_shadow
}
cylinder {
	<20.923923, 19.025843, 10.633453>,  <21.371523, 19.142561, 10.128153>, 0.130000
	pigment { color rgbt <1,0,0,0> }
	no_shadow
}

// nucleotide -1

// particle -1
sphere {
	<20.923923, 19.025843, 10.633453> 0.250000
	pigment { color rgbt <1,0,0,0> }
	no_shadow
}
cylinder {
	<21.168236, 18.709576, 10.616524>,  <21.314823, 18.519815, 10.606366>, 0.100000
	pigment { color rgbt <1,0,0,0> }
	no_shadow
}
cylinder {
	<21.168236, 18.709576, 10.616524>,  <20.923923, 19.025843, 10.633453>, 0.100000
	pigment { color rgbt <1,0,0,0> }
	no_shadow
}

// particle -1
sphere {
	<21.168236, 18.709576, 10.616524> 0.100000
	pigment { color rgbt <1,0,0,0> }
	no_shadow
}
sphere {
	0, 1
	scale<0.080000,0.200000,0.300000>
	matrix <0.137731, 0.053453, 0.989026,
		-0.779729, -0.609907, 0.141548,
		0.610781, -0.790668, -0.042324,
		21.351469, 18.472376, 10.603827>
	pigment { color rgbt <0,1,1,0> }
	no_shadow
}
cylinder {
	<20.693884, 18.610834, 11.194058>,  <20.923923, 19.025843, 10.633453>, 0.130000
	pigment { color rgbt <1,0,0,0> }
	no_shadow
}

// nucleotide -1

// particle -1
sphere {
	<20.693884, 18.610834, 11.194058> 0.250000
	pigment { color rgbt <1,0,0,0> }
	no_shadow
}
cylinder {
	<21.046547, 18.458435, 11.082691>,  <21.258144, 18.366995, 11.015871>, 0.100000
	pigment { color rgbt <1,0,0,0> }
	no_shadow
}
cylinder {
	<21.046547, 18.458435, 11.082691>,  <20.693884, 18.610834, 11.194058>, 0.100000
	pigment { color rgbt <1,0,0,0> }
	no_shadow
}

// particle -1
sphere {
	<21.046547, 18.458435, 11.082691> 0.100000
	pigment { color rgbt <1,0,0,0> }
	no_shadow
}
sphere {
	0, 1
	scale<0.080000,0.200000,0.300000>
	matrix <0.234800, -0.157588, 0.959184,
		-0.409325, -0.911046, -0.049480,
		0.881658, -0.381000, -0.278419,
		21.311045, 18.344135, 10.999166>
	pigment { color rgbt <0,1,1,0> }
	no_shadow
}
cylinder {
	<20.714581, 18.057571, 11.530489>,  <20.693884, 18.610834, 11.194058>, 0.130000
	pigment { color rgbt <1,0,0,0> }
	no_shadow
}

// nucleotide -1

// particle -1
sphere {
	<20.714581, 18.057571, 11.530489> 0.250000
	pigment { color rgbt <1,0,0,0> }
	no_shadow
}
cylinder {
	<21.090752, 18.169613, 11.453402>,  <21.316454, 18.236837, 11.407149>, 0.100000
	pigment { color rgbt <1,0,0,0> }
	no_shadow
}
cylinder {
	<21.090752, 18.169613, 11.453402>,  <20.714581, 18.057571, 11.530489>, 0.100000
	pigment { color rgbt <1,0,0,0> }
	no_shadow
}

// particle -1
sphere {
	<21.090752, 18.169613, 11.453402> 0.100000
	pigment { color rgbt <1,0,0,0> }
	no_shadow
}
sphere {
	0, 1
	scale<0.080000,0.200000,0.300000>
	matrix <0.241504, -0.151343, 0.958526,
		0.239321, -0.947965, -0.209973,
		0.940426, 0.280104, -0.192718,
		21.372879, 18.253645, 11.395586>
	pigment { color rgbt <0,1,1,0> }
	no_shadow
}
cylinder {
	<21.137630, 17.529852, 11.682432>,  <20.714581, 18.057571, 11.530489>, 0.130000
	pigment { color rgbt <1,0,0,0> }
	no_shadow
}

// nucleotide -1

// particle -1
sphere {
