// switches for output
#declare DRAW_BASES = 1; // possible values are 0, 1; only relevant for DNA ribbons
#declare DRAW_BASES_TYPE = 3; // possible values are 1, 2, 3; only relevant for DNA ribbons
#declare DRAW_FOG = 0; // set to 1 to enable fog

#include "colors.inc"

#include "transforms.inc"
background { rgb <1, 1, 1>}

#default {
   normal{
       ripples 0.25
       frequency 0.20
       turbulence 0.2
       lambda 5
   }
	finish {
		phong 0.1
		phong_size 40.
	}
}

// original window dimensions: 1024x640


// camera settings

camera {
	sky <-0, 1, 0>
	up <-0, 1, 0>
	right 1.6 * <1, 0, 0>
	location <18.5, 18.5, 82.5562>
	look_at <18.5, 18.5, 18.5>
	direction <0, 0, -64.0562>
	angle 67.0682
}


# declare cpy_camera_pos = <18.5, 18.5, 82.5562>;
# if (DRAW_FOG = 1)
fog {
	fog_type 2
	up vnormalize(cpy_camera_pos)
	color rgbt<1,1,1,0.3>
	distance 1e-5
	fog_alt 3e-3
	fog_offset 29.6
}
# end


// LIGHTS

# declare lum = 6;
global_settings {
	ambient_light rgb lum * <0.05, 0.05, 0.05>
	max_trace_level 15
}# declare cpy_direct_light_amount = 0.25;
light_source
{	1000 * <-1, -1, 1>,
	rgb lum * cpy_direct_light_amount
	parallel
}

light_source
{	1000 * <1, 1, -1>,
	rgb lum * cpy_direct_light_amount
	parallel
}

// strand 0

// nucleotide -1

// particle -1
sphere {
	<22.823994, 17.262100, -0.948422> 0.250000
	pigment { color rgbt <1,0,0,0> }
	no_shadow
}
cylinder {
	<23.200573, 17.366676, -1.033585>,  <23.426519, 17.429422, -1.084682>, 0.100000
	pigment { color rgbt <1,0,0,0> }
	no_shadow
}
cylinder {
	<23.200573, 17.366676, -1.033585>,  <22.823994, 17.262100, -0.948422>, 0.100000
	pigment { color rgbt <1,0,0,0> }
	no_shadow
}

// particle -1
sphere {
	<23.200573, 17.366676, -1.033585> 0.100000
	pigment { color rgbt <1,0,0,0> }
	no_shadow
}
sphere {
	0, 1
	scale<0.080000,0.200000,0.300000>
	matrix <0.179403, 0.146217, 0.972849,
		0.285470, -0.954081, 0.090753,
		0.941446, 0.261438, -0.212906,
		23.483007, 17.445108, -1.097457>
	pigment { color rgbt <0,1,1,0> }
	no_shadow
}
cylinder {
	<22.467363, 17.816479, -0.917444>,  <22.823994, 17.262100, -0.948422>, 0.130000
	pigment { color rgbt <1,0,0,0> }
	no_shadow
}

// nucleotide -1

// particle -1
sphere {
	<22.467363, 17.816479, -0.917444> 0.250000
	pigment { color rgbt <1,0,0,0> }
	no_shadow
}
cylinder {
	<22.468418, 18.160580, -1.121390>,  <22.469051, 18.367041, -1.243757>, 0.100000
	pigment { color rgbt <1,0,0,0> }
	no_shadow
}
cylinder {
	<22.468418, 18.160580, -1.121390>,  <22.467363, 17.816479, -0.917444>, 0.100000
	pigment { color rgbt <1,0,0,0> }
	no_shadow
}

// particle -1
sphere {
	<22.468418, 18.160580, -1.121390> 0.100000
	pigment { color rgbt <1,0,0,0> }
	no_shadow
}
sphere {
	0, 1
	scale<0.080000,0.200000,0.300000>
	matrix <-0.087057, 0.508127, 0.856871,
		0.996200, 0.042127, 0.076231,
		0.002638, 0.860251, -0.509863,
		22.469210, 18.418655, -1.274349>
	pigment { color rgbt <0,1,1,0> }
	no_shadow
}
cylinder {
	<23.085005, 18.218662, -0.975352>,  <22.467363, 17.816479, -0.917444>, 0.130000
	pigment { color rgbt <1,0,0,0> }
	no_shadow
}

// nucleotide -1

// particle -1
sphere {
	<23.085005, 18.218662, -0.975352> 0.250000
	pigment { color rgbt <1,0,0,0> }
	no_shadow
}
cylinder {
	<22.730652, 18.403641, -0.960618>,  <22.518040, 18.514627, -0.951778>, 0.100000
	pigment { color rgbt <1,0,0,0> }
	no_shadow
}
cylinder {
	<22.730652, 18.403641, -0.960618>,  <23.085005, 18.218662, -0.975352>, 0.100000
	pigment { color rgbt <1,0,0,0> }
	no_shadow
}

// particle -1
sphere {
	<22.730652, 18.403641, -0.960618> 0.100000
	pigment { color rgbt <1,0,0,0> }
	no_shadow
}
sphere {
	0, 1
	scale<0.080000,0.200000,0.300000>
	matrix <0.189687, 0.288624, 0.938464,
		0.423356, 0.838356, -0.343407,
		-0.885883, 0.462444, 0.036834,
		22.464888, 18.542374, -0.949568>
	pigment { color rgbt <0,1,1,0> }
	no_shadow
}
cylinder {
	<23.158342, 18.340218, -0.416423>,  <23.085005, 18.218662, -0.975352>, 0.130000
	pigment { color rgbt <1,0,0,0> }
	no_shadow
}

// nucleotide -1

// particle -1
sphere {
	<23.158342, 18.340218, -0.416423> 0.250000
	pigment { color rgbt <1,0,0,0> }
	no_shadow
}
cylinder {
	<22.812668, 18.520290, -0.506330>,  <22.605263, 18.628334, -0.560275>, 0.100000
	pigment { color rgbt <1,0,0,0> }
	no_shadow
}
cylinder {
	<22.812668, 18.520290, -0.506330>,  <23.158342, 18.340218, -0.416423>, 0.100000
	pigment { color rgbt <1,0,0,0> }
	no_shadow
}

// particle -1
sphere {
	<22.812668, 18.520290, -0.506330> 0.100000
	pigment { color rgbt <1,0,0,0> }
	no_shadow
}
sphere {
	0, 1
	scale<0.080000,0.200000,0.300000>
	matrix <-0.071658, 0.332038, 0.940540,
		0.498047, 0.828906, -0.254683,
		-0.864184, 0.450184, -0.224768,
		22.553413, 18.655346, -0.573761>
	pigment { color rgbt <0,1,1,0> }
	no_shadow
}
cylinder {
	<23.164440, 19.095404, -0.508685>,  <23.158342, 18.340218, -0.416423>, 0.130000
	pigment { color rgbt <1,0,0,0> }
	no_shadow
}

// nucleotide -1

// particle -1
sphere {
	<23.164440, 19.095404, -0.508685> 0.250000
	pigment { color rgbt <1,0,0,0> }
	no_shadow
}
cylinder {
	<22.811745, 18.982430, -0.357547>,  <22.600128, 18.914644, -0.266864>, 0.100000
	pigment { color rgbt <1,0,0,0> }
	no_shadow
}
cylinder {
	<22.811745, 18.982430, -0.357547>,  <23.164440, 19.095404, -0.508685>, 0.100000
	pigment { color rgbt <1,0,0,0> }
	no_shadow
}

// particle -1
sphere {
	<22.811745, 18.982430, -0.357547> 0.100000
	pigment { color rgbt <1,0,0,0> }
	no_shadow
}
sphere {
	0, 1
	scale<0.080000,0.200000,0.300000>
	matrix <0.090045, 0.685472, 0.722510,
		-0.463066, 0.671088, -0.578974,
		-0.881738, -0.282436, 0.377847,
		22.547224, 18.897699, -0.244193>
	pigment { color rgbt <0,1,1,0> }
	no_shadow
}
cylinder {
	<22.807018, 19.721035, -0.547700>,  <23.164440, 19.095404, -0.508685>, 0.130000
	pigment { color rgbt <1,0,0,0> }
	no_shadow
}

// nucleotide -1

// particle -1
sphere {
	<22.807018, 19.721035, -0.547700> 0.250000
	pigment { color rgbt <1,0,0,0> }
	no_shadow
}
cylinder {
	<22.795483, 19.444115, -0.259287>,  <22.788561, 19.277962, -0.086240>, 0.100000
	pigment { color rgbt <1,0,0,0> }
	no_shadow
}
cylinder {
	<22.795483, 19.444115, -0.259287>,  <22.807018, 19.721035, -0.547700>, 0.100000
	pigment { color rgbt <1,0,0,0> }
	no_shadow
}

// particle -1
sphere {
	<22.795483, 19.444115, -0.259287> 0.100000
	pigment { color rgbt <1,0,0,0> }
	no_shadow
}
sphere {
	0, 1
	scale<0.080000,0.200000,0.300000>
	matrix <0.446696, 0.636373, 0.628881,
		-0.894221, 0.340219, 0.290896,
		-0.028839, -0.692301, 0.721032,
		22.786831, 19.236423, -0.042978>
	pigment { color rgbt <0,1,1,0> }
	no_shadow
}
cylinder {
	<22.642572, 20.055229, 0.107560>,  <22.807018, 19.721035, -0.547700>, 0.130000
	pigment { color rgbt <1,0,0,0> }
	no_shadow
}

// nucleotide -1

// particle -1
sphere {
	<22.642572, 20.055229, 0.107560> 0.250000
	pigment { color rgbt <1,0,0,0> }
	no_shadow
}
cylinder {
	<22.828671, 19.707874, 0.176200>,  <22.940329, 19.499460, 0.217384>, 0.100000
	pigment { color rgbt <1,0,0,0> }
	no_shadow
}
cylinder {
	<22.828671, 19.707874, 0.176200>,  <22.642572, 20.055229, 0.107560>, 0.100000
	pigment { color rgbt <1,0,0,0> }
	no_shadow
}

// particle -1
sphere {
	<22.828671, 19.707874, 0.176200> 0.100000
	pigment { color rgbt <1,0,0,0> }
	no_shadow
}
sphere {
	0, 1
	scale<0.080000,0.200000,0.300000>
	matrix <0.614871, 0.456498, 0.643073,
		-0.636773, -0.193676, 0.746331,
		0.465246, -0.868389, 0.171600,
		22.968245, 19.447357, 0.227680>
	pigment { color rgbt <0,1,1,0> }
	no_shadow
}
cylinder {
	<22.659769, 19.989643, 0.821087>,  <22.642572, 20.055229, 0.107560>, 0.130000
	pigment { color rgbt <1,0,0,0> }
	no_shadow
}

// nucleotide -1

// particle -1
sphere {
	<22.659769, 19.989643, 0.821087> 0.250000
	pigment { color rgbt <1,0,0,0> }
	no_shadow
}
cylinder {
	<22.971054, 19.796429, 0.660556>,  <23.157825, 19.680500, 0.564238>, 0.100000
	pigment { color rgbt <1,0,0,0> }
	no_shadow
}
cylinder {
	<22.971054, 19.796429, 0.660556>,  <22.659769, 19.989643, 0.821087>, 0.100000
	pigment { color rgbt <1,0,0,0> }
	no_shadow
}

// particle -1
sphere {
	<22.971054, 19.796429, 0.660556> 0.100000
	pigment { color rgbt <1,0,0,0> }
	no_shadow
}
sphere {
	0, 1
	scale<0.080000,0.200000,0.300000>
	matrix <0.619189, 0.483481, 0.618751,
		-0.104845, -0.730016, 0.675340,
		0.778212, -0.483036, -0.401327,
		23.204517, 19.651518, 0.540158>
	pigment { color rgbt <0,1,1,0> }
	no_shadow
}
cylinder {
	<22.219110, 19.393770, 0.865535>,  <22.659769, 19.989643, 0.821087>, 0.130000
	pigment { color rgbt <1,0,0,0> }
	no_shadow
}

// nucleotide -1

// particle -1
sphere {
	<22.219110, 19.393770, 0.865535> 0.250000
	pigment { color rgbt <1,0,0,0> }
	no_shadow
}
cylinder {
	<22.617321, 19.377419, 0.831464>,  <22.856247, 19.367607, 0.811021>, 0.100000
	pigment { color rgbt <1,0,0,0> }
	no_shadow
}
cylinder {
	<22.617321, 19.377419, 0.831464>,  <22.219110, 19.393770, 0.865535>, 0.100000
	pigment { color rgbt <1,0,0,0> }
	no_shadow
}

// particle -1
sphere {
	<22.617321, 19.377419, 0.831464> 0.100000
	pigment { color rgbt <1,0,0,0> }
	no_shadow
}
sphere {
	0, 1
	scale<0.080000,0.200000,0.300000>
	matrix <0.086633, 0.754687, 0.650341,
		0.037699, -0.654811, 0.754852,
		0.995527, -0.040878, -0.085179,
		22.915979, 19.365154, 0.805910>
	pigment { color rgbt <0,1,1,0> }
	no_shadow
}
cylinder {
	<22.414612, 19.450153, 1.587976>,  <22.219110, 19.393770, 0.865535>, 0.130000
	pigment { color rgbt <1,0,0,0> }
	no_shadow
}

// nucleotide -1

// particle -1
sphere {
	<22.414612, 19.450153, 1.587976> 0.250000
	pigment { color rgbt <1,0,0,0> }
	no_shadow
}
cylinder {
	<22.703171, 19.545589, 1.327926>,  <22.876307, 19.602850, 1.171896>, 0.100000
	pigment { color rgbt <1,0,0,0> }
	no_shadow
}
cylinder {
	<22.703171, 19.545589, 1.327926>,  <22.414612, 19.450153, 1.587976>, 0.100000
	pigment { color rgbt <1,0,0,0> }
	no_shadow
}

// particle -1
sphere {
	<22.703171, 19.545589, 1.327926> 0.100000
	pigment { color rgbt <1,0,0,0> }
	no_shadow
}
sphere {
	0, 1
	scale<0.080000,0.200000,0.300000>
	matrix <0.205885, 0.822443, 0.530282,
		0.661211, -0.516394, 0.544184,
		0.721395, 0.238589, -0.650126,
		22.919590, 19.617167, 1.132888>
	pigment { color rgbt <0,1,1,0> }
	no_shadow
}
cylinder {
	<23.160246, 19.328157, 1.913905>,  <22.414612, 19.450153, 1.587976>, 0.130000
	pigment { color rgbt <1,0,0,0> }
	no_shadow
}

// nucleotide -1

// particle -1
sphere {
	<23.160246, 19.328157, 1.913905> 0.250000
	pigment { color rgbt <1,0,0,0> }
	no_shadow
}
cylinder {
	<23.092770, 19.605743, 1.633918>,  <23.052284, 19.772295, 1.465926>, 0.100000
	pigment { color rgbt <1,0,0,0> }
	no_shadow
}
cylinder {
	<23.092770, 19.605743, 1.633918>,  <23.160246, 19.328157, 1.913905>, 0.100000
	pigment { color rgbt <1,0,0,0> }
	no_shadow
}

// particle -1
sphere {
	<23.092770, 19.605743, 1.633918> 0.100000
	pigment { color rgbt <1,0,0,0> }
	no_shadow
}
sphere {
	0, 1
	scale<0.080000,0.200000,0.300000>
	matrix <0.184459, 0.719824, 0.669200,
		0.968256, -0.016229, -0.249435,
		-0.168689, 0.693967, -0.699967,
		23.042164, 19.813934, 1.423928>
	pigment { color rgbt <0,1,1,0> }
	no_shadow
}
cylinder {
	<23.735470, 19.738625, 1.882992>,  <23.160246, 19.328157, 1.913905>, 0.130000
	pigment { color rgbt <1,0,0,0> }
	no_shadow
}

// nucleotide -1

// particle -1
sphere {
	<23.735470, 19.738625, 1.882992> 0.250000
	pigment { color rgbt <1,0,0,0> }
	no_shadow
}
cylinder {
	<23.404705, 19.930874, 1.766222>,  <23.206245, 20.046223, 1.696160>, 0.100000
	pigment { color rgbt <1,0,0,0> }
	no_shadow
}
cylinder {
	<23.404705, 19.930874, 1.766222>,  <23.735470, 19.738625, 1.882992>, 0.100000
	pigment { color rgbt <1,0,0,0> }
	no_shadow
}

// particle -1
sphere {
	<23.404705, 19.930874, 1.766222> 0.100000
	pigment { color rgbt <1,0,0,0> }
	no_shadow
}
sphere {
	0, 1
	scale<0.080000,0.200000,0.300000>
	matrix <0.130954, 0.669447, 0.731226,
		0.546871, 0.566431, -0.616513,
		-0.826912, 0.480621, -0.291925,
		23.156631, 20.075060, 1.678645>
	pigment { color rgbt <0,1,1,0> }
	no_shadow
}
cylinder {
	<23.839325, 20.250389, 2.289863>,  <23.735470, 19.738625, 1.882992>, 0.130000
	pigment { color rgbt <1,0,0,0> }
	no_shadow
}

// nucleotide -1

// particle -1
sphere {
	<23.839325, 20.250389, 2.289863> 0.250000
	pigment { color rgbt <1,0,0,0> }
	no_shadow
}
cylinder {
	<23.476997, 20.314442, 2.132970>,  <23.259600, 20.352873, 2.038834>, 0.100000
	pigment { color rgbt <1,0,0,0> }
	no_shadow
}
cylinder {
	<23.476997, 20.314442, 2.132970>,  <23.839325, 20.250389, 2.289863>, 0.100000
	pigment { color rgbt <1,0,0,0> }
	no_shadow
}

// particle -1
sphere {
	<23.476997, 20.314442, 2.132970> 0.100000
	pigment { color rgbt <1,0,0,0> }
	no_shadow
}
sphere {
	0, 1
	scale<0.080000,0.200000,0.300000>
	matrix <-0.182405, 0.688206, 0.702211,
		0.382384, 0.707623, -0.594182,
		-0.905820, 0.160133, -0.392233,
		23.205252, 20.362482, 2.015300>
	pigment { color rgbt <0,1,1,0> }
	no_shadow
}
cylinder {
	<23.683180, 20.875725, 2.024135>,  <23.839325, 20.250389, 2.289863>, 0.130000
	pigment { color rgbt <1,0,0,0> }
	no_shadow
}

// nucleotide -1

// particle -1
sphere {
	<23.683180, 20.875725, 2.024135> 0.250000
	pigment { color rgbt <1,0,0,0> }
	no_shadow
}
cylinder {
	<23.324722, 20.734844, 2.132121>,  <23.109648, 20.650316, 2.196913>, 0.100000
	pigment { color rgbt <1,0,0,0> }
	no_shadow
}
cylinder {
	<23.324722, 20.734844, 2.132121>,  <23.683180, 20.875725, 2.024135>, 0.100000
	pigment { color rgbt <1,0,0,0> }
	no_shadow
}

// particle -1
sphere {
	<23.324722, 20.734844, 2.132121> 0.100000
	pigment { color rgbt <1,0,0,0> }
	no_shadow
}
sphere {
	0, 1
	scale<0.080000,0.200000,0.300000>
	matrix <-0.106954, 0.761840, 0.638874,
		-0.430682, 0.543649, -0.720388,
		-0.896144, -0.352200, 0.269965,
		23.055880, 20.629185, 2.213111>
	pigment { color rgbt <0,1,1,0> }
	no_shadow
}
cylinder {
	<23.226603, 21.425362, 1.978286>,  <23.683180, 20.875725, 2.024135>, 0.130000
	pigment { color rgbt <1,0,0,0> }
	no_shadow
}

// nucleotide -1

// particle -1
sphere {
	<23.226603, 21.425362, 1.978286> 0.250000
	pigment { color rgbt <1,0,0,0> }
	no_shadow
}
cylinder {
	<23.083069, 21.162998, 2.243923>,  <22.996948, 21.005581, 2.403306>, 0.100000
	pigment { color rgbt <1,0,0,0> }
	no_shadow
}
cylinder {
	<23.083069, 21.162998, 2.243923>,  <23.226603, 21.425362, 1.978286>, 0.100000
	pigment { color rgbt <1,0,0,0> }
	no_shadow
}

// particle -1
sphere {
	<23.083069, 21.162998, 2.243923> 0.100000
	pigment { color rgbt <1,0,0,0> }
	no_shadow
}
sphere {
	0, 1
	scale<0.080000,0.200000,0.300000>
	matrix <-0.273074, 0.754119, 0.597273,
		-0.892563, 0.032975, -0.449716,
		-0.358835, -0.655909, 0.664094,
		22.975418, 20.966225, 2.443151>
	pigment { color rgbt <0,1,1,0> }
	no_shadow
}
cylinder {
	<23.335489, 21.822950, 2.693847>,  <23.226603, 21.425362, 1.978286>, 0.130000
	pigment { color rgbt <1,0,0,0> }
	no_shadow
}

// nucleotide -1

// particle -1
sphere {
	<23.335489, 21.822950, 2.693847> 0.250000
	pigment { color rgbt <1,0,0,0> }
	no_shadow
}
cylinder {
	<23.268505, 22.001423, 2.342193>,  <23.228315, 22.108507, 2.131201>, 0.100000
	pigment { color rgbt <1,0,0,0> }
	no_shadow
}
cylinder {
	<23.268505, 22.001423, 2.342193>,  <23.335489, 21.822950, 2.693847>, 0.100000
	pigment { color rgbt <1,0,0,0> }
	no_shadow
}

// particle -1
sphere {
	<23.268505, 22.001423, 2.342193> 0.100000
	pigment { color rgbt <1,0,0,0> }
	no_shadow
}
sphere {
	0, 1
	scale<0.080000,0.200000,0.300000>
	matrix <-0.624503, 0.641997, 0.444787,
		0.762858, 0.623507, 0.171134,
		-0.167460, 0.446183, -0.879135,
		23.218267, 22.135279, 2.078453>
	pigment { color rgbt <0,1,1,0> }
	no_shadow
}
cylinder {
	<23.357861, 22.584766, 2.551317>,  <23.335489, 21.822950, 2.693847>, 0.130000
	pigment { color rgbt <1,0,0,0> }
	no_shadow
}

// nucleotide -1

// particle -1
sphere {
	<23.357861, 22.584766, 2.551317> 0.250000
	pigment { color rgbt <1,0,0,0> }
	no_shadow
}
cylinder {
	<23.050243, 22.442398, 2.338943>,  <22.865673, 22.356977, 2.211518>, 0.100000
	pigment { color rgbt <1,0,0,0> }
	no_shadow
}
cylinder {
	<23.050243, 22.442398, 2.338943>,  <23.357861, 22.584766, 2.551317>, 0.100000
	pigment { color rgbt <1,0,0,0> }
	no_shadow
}

// particle -1
sphere {
	<23.050243, 22.442398, 2.338943> 0.100000
	pigment { color rgbt <1,0,0,0> }
	no_shadow
}
sphere {
	0, 1
	scale<0.080000,0.200000,0.300000>
	matrix <-0.512134, 0.840128, 0.178619,
		0.382480, 0.409276, -0.828373,
		-0.769044, -0.355920, -0.530936,
		22.819530, 22.335623, 2.179662>
	pigment { color rgbt <0,1,1,0> }
	no_shadow
}
cylinder {
	<23.100958, 23.138491, 2.111431>,  <23.357861, 22.584766, 2.551317>, 0.130000
	pigment { color rgbt <1,0,0,0> }
	no_shadow
}

// nucleotide -1

// particle -1
sphere {
	<23.100958, 23.138491, 2.111431> 0.250000
	pigment { color rgbt <1,0,0,0> }
	no_shadow
}
cylinder {
	<22.814880, 22.860638, 2.142368>,  <22.643234, 22.693926, 2.160930>, 0.100000
	pigment { color rgbt <1,0,0,0> }
	no_shadow
}
cylinder {
	<22.814880, 22.860638, 2.142368>,  <23.100958, 23.138491, 2.111431>, 0.100000
	pigment { color rgbt <1,0,0,0> }
	no_shadow
}

// particle -1
sphere {
	<22.814880, 22.860638, 2.142368> 0.100000
	pigment { color rgbt <1,0,0,0> }
	no_shadow
}
sphere {
	0, 1
	scale<0.080000,0.200000,0.300000>
	matrix <-0.642703, 0.697107, 0.317764,
		-0.274646, 0.177555, -0.945010,
		-0.715194, -0.694633, 0.077343,
		22.600323, 22.652248, 2.165571>
	pigment { color rgbt <0,1,1,0> }
	no_shadow
}
cylinder {
	<22.496813, 23.500399, 2.113025>,  <23.100958, 23.138491, 2.111431>, 0.130000
	pigment { color rgbt <1,0,0,0> }
	no_shadow
}

// nucleotide -1

// particle -1
sphere {
	<22.496813, 23.500399, 2.113025> 0.250000
	pigment { color rgbt <1,0,0,0> }
	no_shadow
}
cylinder {
	<22.368790, 23.164646, 2.288753>,  <22.291975, 22.963194, 2.394189>, 0.100000
	pigment { color rgbt <1,0,0,0> }
	no_shadow
}
cylinder {
	<22.368790, 23.164646, 2.288753>,  <22.496813, 23.500399, 2.113025>, 0.100000
	pigment { color rgbt <1,0,0,0> }
	no_shadow
}

// particle -1
sphere {
	<22.368790, 23.164646, 2.288753> 0.100000
	pigment { color rgbt <1,0,0,0> }
	no_shadow
}
sphere {
	0, 1
	scale<0.080000,0.200000,0.300000>
	matrix <-0.653771, 0.531290, 0.538808,
		-0.685671, -0.114763, -0.718807,
		-0.320060, -0.839381, 0.439319,
		22.272772, 22.912832, 2.420548>
	pigment { color rgbt <0,1,1,0> }
	no_shadow
}
cylinder {
	<21.752352, 23.673271, 2.173972>,  <22.496813, 23.500399, 2.113025>, 0.130000
	pigment { color rgbt <1,0,0,0> }
	no_shadow
}

// nucleotide -1

// particle -1
sphere {
	<21.752352, 23.673271, 2.173972> 0.250000
	pigment { color rgbt <1,0,0,0> }
	no_shadow
}
cylinder {
	<21.908413, 23.412380, 2.433936>,  <22.002050, 23.255846, 2.589914>, 0.100000
	pigment { color rgbt <1,0,0,0> }
	no_shadow
}
cylinder {
	<21.908413, 23.412380, 2.433936>,  <21.752352, 23.673271, 2.173972>, 0.100000
	pigment { color rgbt <1,0,0,0> }
	no_shadow
}

// particle -1
sphere {
	<21.908413, 23.412380, 2.433936> 0.100000
	pigment { color rgbt <1,0,0,0> }
	no_shadow
}
sphere {
	0, 1
	scale<0.080000,0.200000,0.300000>
	matrix <-0.470469, 0.465534, 0.749625,
		-0.791479, -0.598231, -0.125222,
		0.390153, -0.652226, 0.649909,
		22.025459, 23.216713, 2.628909>
	pigment { color rgbt <0,1,1,0> }
	no_shadow
}
cylinder {
	<21.234751, 23.378950, 2.681832>,  <21.752352, 23.673271, 2.173972>, 0.130000
	pigment { color rgbt <1,0,0,0> }
	no_shadow
}

// nucleotide -1

// particle -1
sphere {
	<21.234751, 23.378950, 2.681832> 0.250000
	pigment { color rgbt <1,0,0,0> }
	no_shadow
}
cylinder {
	<21.597332, 23.391022, 2.850324>,  <21.814880, 23.398264, 2.951418>, 0.100000
	pigment { color rgbt <1,0,0,0> }
	no_shadow
}
cylinder {
	<21.597332, 23.391022, 2.850324>,  <21.234751, 23.378950, 2.681832>, 0.100000
	pigment { color rgbt <1,0,0,0> }
	no_shadow
}

// particle -1
sphere {
	<21.597332, 23.391022, 2.850324> 0.100000
	pigment { color rgbt <1,0,0,0> }
	no_shadow
}
sphere {
	0, 1
	scale<0.080000,0.200000,0.300000>
	matrix <-0.367403, 0.548170, 0.751349,
		-0.208230, -0.835822, 0.507977,
		0.906452, 0.030179, 0.421229,
		21.869268, 23.400076, 2.976692>
	pigment { color rgbt <0,1,1,0> }
	no_shadow
}
cylinder {
	<21.373640, 23.771685, 3.422011>,  <21.234751, 23.378950, 2.681832>, 0.130000
	pigment { color rgbt <1,0,0,0> }
	no_shadow
}

// nucleotide -1

// particle -1
sphere {
	<21.373640, 23.771685, 3.422011> 0.250000
	pigment { color rgbt <1,0,0,0> }
	no_shadow
}
cylinder {
	<21.153385, 23.452999, 3.322377>,  <21.021233, 23.261787, 3.262596>, 0.100000
	pigment { color rgbt <1,0,0,0> }
	no_shadow
}
cylinder {
	<21.153385, 23.452999, 3.322377>,  <21.373640, 23.771685, 3.422011>, 0.100000
	pigment { color rgbt <1,0,0,0> }
	no_shadow
}

// particle -1
sphere {
	<21.153385, 23.452999, 3.322377> 0.100000
	pigment { color rgbt <1,0,0,0> }
	no_shadow
}
sphere {
	0, 1
	scale<0.080000,0.200000,0.300000>
	matrix <-0.119163, -0.220318, 0.968122,
		-0.826196, 0.562766, 0.026376,
		-0.550637, -0.796715, -0.249086,
		20.988194, 23.213985, 3.247651>
	pigment { color rgbt <0,1,1,0> }
	no_shadow
}
cylinder {
	<20.757158, 23.770134, 3.849304>,  <21.373640, 23.771685, 3.422011>, 0.130000
	pigment { color rgbt <1,0,0,0> }
	no_shadow
}

// nucleotide -1

// particle -1
sphere {
	<20.757158, 23.770134, 3.849304> 0.250000
	pigment { color rgbt <1,0,0,0> }
	no_shadow
}
cylinder {
	<20.843376, 23.394684, 3.741582>,  <20.895107, 23.169415, 3.676950>, 0.100000
	pigment { color rgbt <1,0,0,0> }
	no_shadow
}
cylinder {
	<20.843376, 23.394684, 3.741582>,  <20.757158, 23.770134, 3.849304>, 0.100000
	pigment { color rgbt <1,0,0,0> }
	no_shadow
}

// particle -1
sphere {
	<20.843376, 23.394684, 3.741582> 0.100000
	pigment { color rgbt <1,0,0,0> }
	no_shadow
}
sphere {
	0, 1
	scale<0.080000,0.200000,0.300000>
	matrix <0.027121, -0.269925, 0.962499,
		-0.976117, -0.214766, -0.032724,
		0.215545, -0.938624, -0.269303,
		20.908039, 23.113096, 3.660791>
	pigment { color rgbt <0,1,1,0> }
	no_shadow
}
cylinder {
	<20.603836, 23.292000, 4.459632>,  <20.757158, 23.770134, 3.849304>, 0.130000
	pigment { color rgbt <1,0,0,0> }
	no_shadow
}

// nucleotide -1

// particle -1
sphere {
	<20.603836, 23.292000, 4.459632> 0.250000
	pigment { color rgbt <1,0,0,0> }
	no_shadow
}
cylinder {
	<20.881588, 23.092251, 4.252377>,  <21.048239, 22.972403, 4.128024>, 0.100000
	pigment { color rgbt <1,0,0,0> }
	no_shadow
}
cylinder {
	<20.881588, 23.092251, 4.252377>,  <20.603836, 23.292000, 4.459632>, 0.100000
	pigment { color rgbt <1,0,0,0> }
	no_shadow
}

// particle -1
sphere {
	<20.881588, 23.092251, 4.252377> 0.100000
	pigment { color rgbt <1,0,0,0> }
	no_shadow
}
sphere {
	0, 1
	scale<0.080000,0.200000,0.300000>
	matrix <0.261928, -0.495244, 0.828328,
		-0.670248, -0.710887, -0.213087,
		0.694378, -0.499372, -0.518137,
		21.089901, 22.942440, 4.096936>
	pigment { color rgbt <0,1,1,0> }
	no_shadow
}
cylinder {
	<20.649254, 22.487288, 4.597363>,  <20.603836, 23.292000, 4.459632>, 0.130000
	pigment { color rgbt <1,0,0,0> }
	no_shadow
}

// nucleotide -1

// particle -1
sphere {
	<20.649254, 22.487288, 4.597363> 0.250000
	pigment { color rgbt <1,0,0,0> }
	no_shadow
}
cylinder {
	<20.996395, 22.590912, 4.427789>,  <21.204679, 22.653086, 4.326045>, 0.100000
	pigment { color rgbt <1,0,0,0> }
	no_shadow
}
cylinder {
	<20.996395, 22.590912, 4.427789>,  <20.649254, 22.487288, 4.597363>, 0.100000
	pigment { color rgbt <1,0,0,0> }
	no_shadow
}

// particle -1
sphere {
	<20.996395, 22.590912, 4.427789> 0.100000
	pigment { color rgbt <1,0,0,0> }
	no_shadow
}
sphere {
	0, 1
	scale<0.080000,0.200000,0.300000>
	matrix <0.479702, -0.659010, 0.579303,
		-0.129303, -0.706112, -0.696195,
		0.867852, 0.259060, -0.423935,
		21.256750, 22.668631, 4.300609>
	pigment { color rgbt <0,1,1,0> }
	no_shadow
}
cylinder {
	<21.064037, 21.986315, 4.792706>,  <20.649254, 22.487288, 4.597363>, 0.130000
	pigment { color rgbt <1,0,0,0> }
	no_shadow
}

// nucleotide -1

// particle -1
sphere {
	<21.064037, 21.986315, 4.792706> 0.250000
	pigment { color rgbt <1,0,0,0> }
	no_shadow
}
cylinder {
	<21.313091, 22.262493, 4.645406>,  <21.462524, 22.428200, 4.557027>, 0.100000
	pigment { color rgbt <1,0,0,0> }
	no_shadow
}
cylinder {
	<21.313091, 22.262493, 4.645406>,  <21.064037, 21.986315, 4.792706>, 0.100000
	pigment { color rgbt <1,0,0,0> }
	no_shadow
}

// particle -1
sphere {
	<21.313091, 22.262493, 4.645406> 0.100000
	pigment { color rgbt <1,0,0,0> }
	no_shadow
}
sphere {
	0, 1
	scale<0.080000,0.200000,0.300000>
	matrix <0.764822, -0.437466, 0.472938,
		0.165443, -0.576112, -0.800452,
		0.622636, 0.690448, -0.368248,
		21.499882, 22.469627, 4.534932>
	pigment { color rgbt <0,1,1,0> }
	no_shadow
}
cylinder {
	<21.455221, 21.691298, 4.339093>,  <21.064037, 21.986315, 4.792706>, 0.130000
	pigment { color rgbt <1,0,0,0> }
	no_shadow
}

// nucleotide -1

// particle -1
sphere {
	<21.455221, 21.691298, 4.339093> 0.250000
	pigment { color rgbt <1,0,0,0> }
	no_shadow
}
cylinder {
	<21.652580, 21.990990, 4.515822>,  <21.770996, 22.170805, 4.621860>, 0.100000
	pigment { color rgbt <1,0,0,0> }
	no_shadow
}
cylinder {
	<21.652580, 21.990990, 4.515822>,  <21.455221, 21.691298, 4.339093>, 0.100000
	pigment { color rgbt <1,0,0,0> }
	no_shadow
}

// particle -1
sphere {
	<21.652580, 21.990990, 4.515822> 0.100000
	pigment { color rgbt <1,0,0,0> }
	no_shadow
}
sphere {
	0, 1
	scale<0.080000,0.200000,0.300000>
	matrix <0.582234, -0.661862, 0.472168,
		0.646189, 0.024277, -0.762791,
		0.493399, 0.749233, 0.441823,
		21.800600, 22.215759, 4.648369>
	pigment { color rgbt <0,1,1,0> }
	no_shadow
}
cylinder {
	<22.249144, 21.654978, 4.263612>,  <21.455221, 21.691298, 4.339093>, 0.130000
	pigment { color rgbt <1,0,0,0> }
	no_shadow
}

// nucleotide -1

// particle -1
sphere {
	<22.249144, 21.654978, 4.263612> 0.250000
	pigment { color rgbt <1,0,0,0> }
	no_shadow
}
cylinder {
	<22.136097, 21.835114, 4.602391>,  <22.068268, 21.943195, 4.805658>, 0.100000
	pigment { color rgbt <1,0,0,0> }
	no_shadow
}
cylinder {
	<22.136097, 21.835114, 4.602391>,  <22.249144, 21.654978, 4.263612>, 0.100000
	pigment { color rgbt <1,0,0,0> }
	no_shadow
}

// particle -1
sphere {
	<22.136097, 21.835114, 4.602391> 0.100000
	pigment { color rgbt <1,0,0,0> }
	no_shadow
}
sphere {
	0, 1
	scale<0.080000,0.200000,0.300000>
	matrix <0.573873, -0.628122, 0.525483,
		0.768633, 0.634551, -0.080920,
		-0.282618, 0.450341, 0.846948,
		22.051311, 21.970217, 4.856475>
	pigment { color rgbt <0,1,1,0> }
	no_shadow
}
cylinder {
	<22.858349, 21.731218, 4.645139>,  <22.249144, 21.654978, 4.263612>, 0.130000
	pigment { color rgbt <1,0,0,0> }
	no_shadow
}

// nucleotide -1

// particle -1
sphere {
	<22.858349, 21.731218, 4.645139> 0.250000
	pigment { color rgbt <1,0,0,0> }
	no_shadow
}
cylinder {
	<22.621307, 21.853745, 4.943130>,  <22.479082, 21.927261, 5.121925>, 0.100000
	pigment { color rgbt <1,0,0,0> }
	no_shadow
}
cylinder {
	<22.621307, 21.853745, 4.943130>,  <22.858349, 21.731218, 4.645139>, 0.100000
	pigment { color rgbt <1,0,0,0> }
	no_shadow
}

// particle -1
sphere {
	<22.621307, 21.853745, 4.943130> 0.100000
	pigment { color rgbt <1,0,0,0> }
	no_shadow
}
sphere {
	0, 1
	scale<0.080000,0.200000,0.300000>
	matrix <0.637144, -0.387599, 0.666195,
		0.492819, 0.869447, 0.034524,
		-0.592602, 0.306317, 0.744978,
		22.443527, 21.945639, 5.166624>
	pigment { color rgbt <0,1,1,0> }
	no_shadow
}
cylinder {
	<23.267523, 22.114349, 5.114722>,  <22.858349, 21.731218, 4.645139>, 0.130000
	pigment { color rgbt <1,0,0,0> }
	no_shadow
}

// nucleotide -1

// particle -1
sphere {
	<23.267523, 22.114349, 5.114722> 0.250000
	pigment { color rgbt <1,0,0,0> }
	no_shadow
}
cylinder {
	<22.953251, 21.953842, 5.303059>,  <22.764688, 21.857538, 5.416060>, 0.100000
	pigment { color rgbt <1,0,0,0> }
	no_shadow
}
cylinder {
	<22.953251, 21.953842, 5.303059>,  <23.267523, 22.114349, 5.114722>, 0.100000
	pigment { color rgbt <1,0,0,0> }
	no_shadow
}

// particle -1
sphere {
	<22.953251, 21.953842, 5.303059> 0.100000
	pigment { color rgbt <1,0,0,0> }
	no_shadow
}
sphere {
	0, 1
	scale<0.080000,0.200000,0.300000>
	matrix <0.613333, -0.405836, 0.677583,
		-0.080809, 0.821146, 0.564969,
		-0.785679, -0.401269, 0.470841,
		22.717546, 21.833462, 5.444311>
	pigment { color rgbt <0,1,1,0> }
	no_shadow
}
cylinder {
	<23.012897, 22.309177, 5.820430>,  <23.267523, 22.114349, 5.114722>, 0.130000
	pigment { color rgbt <1,0,0,0> }
	no_shadow
}

// nucleotide -1

// particle -1
sphere {
	<23.012897, 22.309177, 5.820430> 0.250000
	pigment { color rgbt <1,0,0,0> }
	no_shadow
}
cylinder {
	<22.944229, 21.917862, 5.773991>,  <22.903028, 21.683073, 5.746127>, 0.100000
	pigment { color rgbt <1,0,0,0> }
	no_shadow
}
cylinder {
	<22.944229, 21.917862, 5.773991>,  <23.012897, 22.309177, 5.820430>, 0.100000
	pigment { color rgbt <1,0,0,0> }
	no_shadow
}

// particle -1
sphere {
	<22.944229, 21.917862, 5.773991> 0.100000
	pigment { color rgbt <1,0,0,0> }
	no_shadow
}
sphere {
	0, 1
	scale<0.080000,0.200000,0.300000>
	matrix <0.511682, -0.189249, 0.838073,
		-0.841850, 0.084467, 0.533061,
		-0.171671, -0.978289, -0.116099,
		22.892729, 21.624374, 5.739161>
	pigment { color rgbt <0,1,1,0> }
	no_shadow
}
cylinder {
	<22.696285, 21.987867, 6.445772>,  <23.012897, 22.309177, 5.820430>, 0.130000
	pigment { color rgbt <1,0,0,0> }
	no_shadow
}

// nucleotide -1

// particle -1
sphere {
	<22.696285, 21.987867, 6.445772> 0.250000
	pigment { color rgbt <1,0,0,0> }
	no_shadow
}
cylinder {
	<22.950325, 21.751991, 6.246208>,  <23.102749, 21.610466, 6.126470>, 0.100000
	pigment { color rgbt <1,0,0,0> }
	no_shadow
}
cylinder {
	<22.950325, 21.751991, 6.246208>,  <22.696285, 21.987867, 6.445772>, 0.100000
	pigment { color rgbt <1,0,0,0> }
	no_shadow
}

// particle -1
sphere {
	<22.950325, 21.751991, 6.246208> 0.100000
	pigment { color rgbt <1,0,0,0> }
	no_shadow
}
sphere {
	0, 1
	scale<0.080000,0.200000,0.300000>
	matrix <0.511859, -0.162432, 0.843573,
		-0.578487, -0.791126, 0.198678,
		0.635101, -0.589691, -0.498910,
		23.140856, 21.575085, 6.096535>
	pigment { color rgbt <0,1,1,0> }
	no_shadow
}
cylinder {
	<22.643059, 21.342760, 6.617950>,  <22.696285, 21.987867, 6.445772>, 0.130000
	pigment { color rgbt <1,0,0,0> }
	no_shadow
}

// nucleotide -1

// particle -1
sphere {
	<22.643059, 21.342760, 6.617950> 0.250000
	pigment { color rgbt <1,0,0,0> }
	no_shadow
}
cylinder {
	<23.023354, 21.380741, 6.499910>,  <23.251530, 21.403530, 6.429086>, 0.100000
	pigment { color rgbt <1,0,0,0> }
	no_shadow
}
cylinder {
	<23.023354, 21.380741, 6.499910>,  <22.643059, 21.342760, 6.617950>, 0.100000
	pigment { color rgbt <1,0,0,0> }
	no_shadow
}

// particle -1
sphere {
	<23.023354, 21.380741, 6.499910> 0.100000
	pigment { color rgbt <1,0,0,0> }
	no_shadow
}
sphere {
	0, 1
	scale<0.080000,0.200000,0.300000>
	matrix <0.298333, -0.538950, 0.787737,
		-0.084246, -0.836969, -0.540727,
		0.950736, 0.094953, -0.295100,
		23.308575, 21.409227, 6.411380>
	pigment { color rgbt <0,1,1,0> }
	no_shadow
}
cylinder {
	<23.024836, 20.640539, 6.565071>,  <22.643059, 21.342760, 6.617950>, 0.130000
	pigment { color rgbt <1,0,0,0> }
	no_shadow
}

// nucleotide -1

// particle -1
sphere {
	<23.024836, 20.640539, 6.565071> 0.250000
	pigment { color rgbt <1,0,0,0> }
	no_shadow
}
cylinder {
	<23.223648, 20.978207, 6.645409>,  <23.342936, 21.180807, 6.693611>, 0.100000
	pigment { color rgbt <1,0,0,0> }
	no_shadow
}
cylinder {
	<23.223648, 20.978207, 6.645409>,  <23.024836, 20.640539, 6.565071>, 0.100000
	pigment { color rgbt <1,0,0,0> }
	no_shadow
}

// particle -1
sphere {
	<23.223648, 20.978207, 6.645409> 0.100000
	pigment { color rgbt <1,0,0,0> }
	no_shadow
}
sphere {
	0, 1
	scale<0.080000,0.200000,0.300000>
	matrix <0.328006, -0.397063, 0.857177,
		0.803350, -0.360166, -0.474245,
		0.497032, 0.844169, 0.200844,
		23.372757, 21.231457, 6.705662>
	pigment { color rgbt <0,1,1,0> }
	no_shadow
}
cylinder {
	<23.642712, 20.411335, 6.923783>,  <23.024836, 20.640539, 6.565071>, 0.130000
	pigment { color rgbt <1,0,0,0> }
	no_shadow
}

// nucleotide -1

// particle -1
sphere {
	<23.642712, 20.411335, 6.923783> 0.250000
	pigment { color rgbt <1,0,0,0> }
	no_shadow
}
cylinder {
	<23.577984, 20.799393, 6.996040>,  <23.539148, 21.032228, 7.039395>, 0.100000
	pigment { color rgbt <1,0,0,0> }
	no_shadow
}
cylinder {
	<23.577984, 20.799393, 6.996040>,  <23.642712, 20.411335, 6.923783>, 0.100000
	pigment { color rgbt <1,0,0,0> }
	no_shadow
}

// particle -1
sphere {
	<23.577984, 20.799393, 6.996040> 0.100000
	pigment { color rgbt <1,0,0,0> }
	no_shadow
}
sphere {
	0, 1
	scale<0.080000,0.200000,0.300000>
	matrix <0.426124, -0.096415, 0.899512,
		0.890075, 0.222533, -0.397801,
		-0.161817, 0.970146, 0.180643,
		23.529438, 21.090437, 7.050233>
	pigment { color rgbt <0,1,1,0> }
	no_shadow
}
cylinder {
	<24.241816, 20.568335, 7.263427>,  <23.642712, 20.411335, 6.923783>, 0.130000
	pigment { color rgbt <1,0,0,0> }
	no_shadow
}

// nucleotide -1

// particle -1
sphere {
	<24.241816, 20.568335, 7.263427> 0.250000
	pigment { color rgbt <1,0,0,0> }
	no_shadow
}
cylinder {
	<23.952503, 20.818459, 7.380628>,  <23.778915, 20.968533, 7.450948>, 0.100000
	pigment { color rgbt <1,0,0,0> }
	no_shadow
}
cylinder {
	<23.952503, 20.818459, 7.380628>,  <24.241816, 20.568335, 7.263427>, 0.100000
	pigment { color rgbt <1,0,0,0> }
	no_shadow
}

// particle -1
sphere {
	<23.952503, 20.818459, 7.380628> 0.100000
	pigment { color rgbt <1,0,0,0> }
	no_shadow
}
sphere {
	0, 1
	scale<0.080000,0.200000,0.300000>
	matrix <0.344824, -0.040572, 0.937790,
		0.598297, 0.779321, -0.186277,
		-0.723282, 0.625310, 0.293003,
		23.735519, 21.006052, 7.468528>
	pigment { color rgbt <0,1,1,0> }
	no_shadow
}
cylinder {
	<24.613283, 21.097786, 7.634138>,  <24.241816, 20.568335, 7.263427>, 0.130000
	pigment { color rgbt <1,0,0,0> }
	no_shadow
}

// nucleotide -1

// particle -1
sphere {
	<24.613283, 21.097786, 7.634138> 0.250000
	pigment { color rgbt <1,0,0,0> }
	no_shadow
}
cylinder {
	<24.234570, 21.089817, 7.762641>,  <24.007341, 21.085035, 7.839743>, 0.100000
	pigment { color rgbt <1,0,0,0> }
	no_shadow
}
cylinder {
	<24.234570, 21.089817, 7.762641>,  <24.613283, 21.097786, 7.634138>, 0.100000
	pigment { color rgbt <1,0,0,0> }
	no_shadow
}

// particle -1
sphere {
	<24.234570, 21.089817, 7.762641> 0.100000
	pigment { color rgbt <1,0,0,0> }
	no_shadow
}
sphere {
	0, 1
	scale<0.080000,0.200000,0.300000>
	matrix <0.321559, -0.014275, 0.946782,
		-0.014275, 0.999700, 0.019921,
		-0.946782, -0.019921, 0.321258,
		23.950535, 21.083841, 7.859018>
	pigment { color rgbt <0,1,1,0> }
	no_shadow
}
cylinder {
	<24.683975, 21.569580, 8.233754>,  <24.613283, 21.097786, 7.634138>, 0.130000
	pigment { color rgbt <1,0,0,0> }
	no_shadow
}

// nucleotide -1

// particle -1
sphere {
	<24.683975, 21.569580, 8.233754> 0.250000
	pigment { color rgbt <1,0,0,0> }
	no_shadow
}
cylinder {
	<24.352837, 21.345684, 8.248524>,  <24.154154, 21.211346, 8.257385>, 0.100000
	pigment { color rgbt <1,0,0,0> }
	no_shadow
}
cylinder {
	<24.352837, 21.345684, 8.248524>,  <24.683975, 21.569580, 8.233754>, 0.100000
	pigment { color rgbt <1,0,0,0> }
	no_shadow
}

// particle -1
sphere {
	<24.352837, 21.345684, 8.248524> 0.100000
	pigment { color rgbt <1,0,0,0> }
	no_shadow
}
sphere {
	0, 1
	scale<0.080000,0.200000,0.300000>
	matrix <0.182377, -0.206318, 0.961338,
		-0.530481, 0.802574, 0.272883,
		-0.827846, -0.559739, 0.036923,
		24.104483, 21.177763, 8.259601>
	pigment { color rgbt <0,1,1,0> }
	no_shadow
}
cylinder {
	<24.308374, 21.853336, 8.806775>,  <24.683975, 21.569580, 8.233754>, 0.130000
	pigment { color rgbt <1,0,0,0> }
	no_shadow
}

// nucleotide -1

// particle -1
sphere {
	<24.308374, 21.853336, 8.806775> 0.250000
	pigment { color rgbt <1,0,0,0> }
	no_shadow
}
cylinder {
	<24.168011, 21.483845, 8.745340>,  <24.083794, 21.262150, 8.708480>, 0.100000
	pigment { color rgbt <1,0,0,0> }
	no_shadow
}
cylinder {
	<24.168011, 21.483845, 8.745340>,  <24.308374, 21.853336, 8.806775>, 0.100000
	pigment { color rgbt <1,0,0,0> }
	no_shadow
}

// particle -1
sphere {
	<24.168011, 21.483845, 8.745340> 0.100000
	pigment { color rgbt <1,0,0,0> }
	no_shadow
}
sphere {
	0, 1
	scale<0.080000,0.200000,0.300000>
	matrix <-0.101253, -0.125625, 0.986897,
		-0.930920, 0.361861, -0.049448,
		-0.350908, -0.923729, -0.153586,
		24.062738, 21.206726, 8.699265>
	pigment { color rgbt <0,1,1,0> }
	no_shadow
}
cylinder {
	<23.987711, 21.868525, 9.328904>,  <24.308374, 21.853336, 8.806775>, 0.130000
	pigment { color rgbt <1,0,0,0> }
	no_shadow
}

// nucleotide -1

// particle -1
sphere {
	<23.987711, 21.868525, 9.328904> 0.250000
	pigment { color rgbt <1,0,0,0> }
	no_shadow
}
cylinder {
	<23.946323, 21.484486, 9.224977>,  <23.921492, 21.254063, 9.162621>, 0.100000
	pigment { color rgbt <1,0,0,0> }
	no_shadow
}
cylinder {
	<23.946323, 21.484486, 9.224977>,  <23.987711, 21.868525, 9.328904>, 0.100000
	pigment { color rgbt <1,0,0,0> }
	no_shadow
}

// particle -1
sphere {
	<23.946323, 21.484486, 9.224977> 0.100000
	pigment { color rgbt <1,0,0,0> }
	no_shadow
}
sphere {
	0, 1
	scale<0.080000,0.200000,0.300000>
	matrix <-0.103930, -0.249352, 0.962820,
		-0.989188, 0.126624, -0.073983,
		-0.103468, -0.960099, -0.259816,
		23.915283, 21.196455, 9.147033>
	pigment { color rgbt <0,1,1,0> }
	no_shadow
}
cylinder {
	<23.464607, 21.644903, 9.662289>,  <23.987711, 21.868525, 9.328904>, 0.130000
	pigment { color rgbt <1,0,0,0> }
	no_shadow
}

// nucleotide -1

// particle -1
sphere {
	<23.464607, 21.644903, 9.662289> 0.250000
	pigment { color rgbt <1,0,0,0> }
	no_shadow
}
cylinder {
	<23.649986, 21.305431, 9.560340>,  <23.761213, 21.101748, 9.499170>, 0.100000
	pigment { color rgbt <1,0,0,0> }
	no_shadow
}
cylinder {
	<23.649986, 21.305431, 9.560340>,  <23.464607, 21.644903, 9.662289>, 0.100000
	pigment { color rgbt <1,0,0,0> }
	no_shadow
}

// particle -1
sphere {
	<23.649986, 21.305431, 9.560340> 0.100000
	pigment { color rgbt <1,0,0,0> }
	no_shadow
}
sphere {
	0, 1
	scale<0.080000,0.200000,0.300000>
	matrix <-0.098204, -0.335045, 0.937071,
		-0.880666, -0.409254, -0.238620,
		0.463448, -0.848679, -0.254872,
		23.789021, 21.050827, 9.483878>
	pigment { color rgbt <0,1,1,0> }
	no_shadow
}
cylinder {
	<23.082945, 21.117311, 9.920064>,  <23.464607, 21.644903, 9.662289>, 0.130000
	pigment { color rgbt <1,0,0,0> }
	no_shadow
}

// nucleotide -1

// particle -1
sphere {
	<23.082945, 21.117311, 9.920064> 0.250000
	pigment { color rgbt <1,0,0,0> }
	no_shadow
}
cylinder {
	<23.432728, 20.931950, 9.862679>,  <23.642597, 20.820732, 9.828249>, 0.100000
	pigment { color rgbt <1,0,0,0> }
	no_shadow
}
cylinder {
	<23.432728, 20.931950, 9.862679>,  <23.082945, 21.117311, 9.920064>, 0.100000
	pigment { color rgbt <1,0,0,0> }
	no_shadow
}

// particle -1
sphere {
	<23.432728, 20.931950, 9.862679> 0.100000
	pigment { color rgbt <1,0,0,0> }
	no_shadow
}
sphere {
	0, 1
	scale<0.080000,0.200000,0.300000>
	matrix <-0.063533, -0.402588, 0.913174,
		-0.480926, -0.789416, -0.381487,
		0.874456, -0.463406, -0.143461,
		23.695065, 20.792929, 9.819641>
	pigment { color rgbt <0,1,1,0> }
	no_shadow
}
cylinder {
	<22.922365, 20.437498, 10.055235>,  <23.082945, 21.117311, 9.920064>, 0.130000
	pigment { color rgbt <1,0,0,0> }
	no_shadow
}

// nucleotide -1

// particle -1
sphere {
	<22.922365, 20.437498, 10.055235> 0.250000
	pigment { color rgbt <1,0,0,0> }
	no_shadow
}
cylinder {
	<23.320126, 20.458763, 10.091767>,  <23.558783, 20.471521, 10.113687>, 0.100000
	pigment { color rgbt <1,0,0,0> }
	no_shadow
}
cylinder {
	<23.320126, 20.458763, 10.091767>,  <22.922365, 20.437498, 10.055235>, 0.100000
	pigment { color rgbt <1,0,0,0> }
	no_shadow
}

// particle -1
sphere {
	<23.320126, 20.458763, 10.091767> 0.100000
	pigment { color rgbt <1,0,0,0> }
	no_shadow
}
sphere {
	0, 1
	scale<0.080000,0.200000,0.300000>
	matrix <-0.034111, -0.656509, 0.753547,
		0.100020, -0.752443, -0.651019,
		0.994401, 0.053163, 0.091330,
		23.618446, 20.474712, 10.119166>
	pigment { color rgbt <0,1,1,0> }
	no_shadow
}
cylinder {
	<23.228338, 19.677261, 10.252164>,  <22.922365, 20.437498, 10.055235>, 0.130000
	pigment { color rgbt <1,0,0,0> }
	no_shadow
}

// nucleotide -1

// particle -1
sphere {
	<23.228338, 19.677261, 10.252164> 0.250000
