// switches for output
#declare DRAW_BASES = 1; // possible values are 0, 1; only relevant for DNA ribbons
#declare DRAW_BASES_TYPE = 3; // possible values are 1, 2, 3; only relevant for DNA ribbons
#declare DRAW_FOG = 0; // set to 1 to enable fog

#include "colors.inc"

#include "transforms.inc"
background { rgb <1, 1, 1>}

#default {
   normal{
       ripples 0.25
       frequency 0.20
       turbulence 0.2
       lambda 5
   }
	finish {
		phong 0.1
		phong_size 40.
	}
}

// original window dimensions: 1024x640


// camera settings

camera {
	sky <-0, 1, 0>
	up <-0, 1, 0>
	right 1.6 * <1, 0, 0>
	location <18.5, 18.5, 82.5562>
	look_at <18.5, 18.5, 18.5>
	direction <0, 0, -64.0562>
	angle 67.0682
}


# declare cpy_camera_pos = <18.5, 18.5, 82.5562>;
# if (DRAW_FOG = 1)
fog {
	fog_type 2
	up vnormalize(cpy_camera_pos)
	color rgbt<1,1,1,0.3>
	distance 1e-5
	fog_alt 3e-3
	fog_offset 29.6
}
# end


// LIGHTS

# declare lum = 6;
global_settings {
	ambient_light rgb lum * <0.05, 0.05, 0.05>
	max_trace_level 15
}# declare cpy_direct_light_amount = 0.25;
light_source
{	1000 * <-1, -1, 1>,
	rgb lum * cpy_direct_light_amount
	parallel
}

light_source
{	1000 * <1, 1, -1>,
	rgb lum * cpy_direct_light_amount
	parallel
}

// strand 0

// nucleotide -1

// particle -1
sphere {
	<22.372240, 17.358152, -2.371898> 0.250000
	pigment { color rgbt <1,0,0,0> }
	no_shadow
}
cylinder {
	<22.000179, 17.307831, -2.233917>,  <21.776943, 17.277637, -2.151128>, 0.100000
	pigment { color rgbt <1,0,0,0> }
	no_shadow
}
cylinder {
	<22.000179, 17.307831, -2.233917>,  <22.372240, 17.358152, -2.371898>, 0.100000
	pigment { color rgbt <1,0,0,0> }
	no_shadow
}

// particle -1
sphere {
	<22.000179, 17.307831, -2.233917> 0.100000
	pigment { color rgbt <1,0,0,0> }
	no_shadow
}
sphere {
	0, 1
	scale<0.080000,0.200000,0.300000>
	matrix <0.361980, -0.156686, 0.918923,
		-0.061554, 0.979604, 0.191280,
		-0.930151, -0.125803, 0.344953,
		21.721134, 17.270090, -2.130431>
	pigment { color rgbt <0,1,1,0> }
	no_shadow
}
cylinder {
	<22.158438, 17.747498, -1.725792>,  <22.372240, 17.358152, -2.371898>, 0.130000
	pigment { color rgbt <1,0,0,0> }
	no_shadow
}

// nucleotide -1

// particle -1
sphere {
	<22.158438, 17.747498, -1.725792> 0.250000
	pigment { color rgbt <1,0,0,0> }
	no_shadow
}
cylinder {
	<21.978008, 17.392147, -1.760006>,  <21.869751, 17.178936, -1.780534>, 0.100000
	pigment { color rgbt <1,0,0,0> }
	no_shadow
}
cylinder {
	<21.978008, 17.392147, -1.760006>,  <22.158438, 17.747498, -1.725792>, 0.100000
	pigment { color rgbt <1,0,0,0> }
	no_shadow
}

// particle -1
sphere {
	<21.978008, 17.392147, -1.760006> 0.100000
	pigment { color rgbt <1,0,0,0> }
	no_shadow
}
sphere {
	0, 1
	scale<0.080000,0.200000,0.300000>
	matrix <0.241113, -0.213576, 0.946705,
		-0.859300, 0.406410, 0.310538,
		-0.451074, -0.888379, -0.085535,
		21.842686, 17.125633, -1.785666>
	pigment { color rgbt <0,1,1,0> }
	no_shadow
}
cylinder {
	<21.491835, 17.665508, -1.289320>,  <22.158438, 17.747498, -1.725792>, 0.130000
	pigment { color rgbt <1,0,0,0> }
	no_shadow
}

// nucleotide -1

// particle -1
sphere {
	<21.491835, 17.665508, -1.289320> 0.250000
	pigment { color rgbt <1,0,0,0> }
	no_shadow
}
cylinder {
	<21.686630, 17.318069, -1.325946>,  <21.803507, 17.109606, -1.347921>, 0.100000
	pigment { color rgbt <1,0,0,0> }
	no_shadow
}
cylinder {
	<21.686630, 17.318069, -1.325946>,  <21.491835, 17.665508, -1.289320>, 0.100000
	pigment { color rgbt <1,0,0,0> }
	no_shadow
}

// particle -1
sphere {
	<21.686630, 17.318069, -1.325946> 0.100000
	pigment { color rgbt <1,0,0,0> }
	no_shadow
}
sphere {
	0, 1
	scale<0.080000,0.200000,0.300000>
	matrix <0.049171, -0.077405, 0.995787,
		-0.872024, -0.489437, 0.005015,
		0.486986, -0.868597, -0.091565,
		21.832726, 17.057491, -1.353415>
	pigment { color rgbt <0,1,1,0> }
	no_shadow
}
cylinder {
	<21.072704, 16.979225, -1.109441>,  <21.491835, 17.665508, -1.289320>, 0.130000
	pigment { color rgbt <1,0,0,0> }
	no_shadow
}

// nucleotide -1

// particle -1
sphere {
	<21.072704, 16.979225, -1.109441> 0.250000
	pigment { color rgbt <1,0,0,0> }
	no_shadow
}
cylinder {
	<21.465481, 16.949821, -1.039718>,  <21.701147, 16.932180, -0.997884>, 0.100000
	pigment { color rgbt <1,0,0,0> }
	no_shadow
}
cylinder {
	<21.465481, 16.949821, -1.039718>,  <21.072704, 16.979225, -1.109441>, 0.100000
	pigment { color rgbt <1,0,0,0> }
	no_shadow
}

// particle -1
sphere {
	<21.465481, 16.949821, -1.039718> 0.100000
	pigment { color rgbt <1,0,0,0> }
	no_shadow
}
sphere {
	0, 1
	scale<0.080000,0.200000,0.300000>
	matrix <-0.184104, -0.159432, 0.969890,
		-0.043502, -0.984468, -0.170086,
		0.981943, -0.073506, 0.174309,
		21.760063, 16.927769, -0.987425>
	pigment { color rgbt <0,1,1,0> }
	no_shadow
}
cylinder {
	<21.145235, 16.587803, -0.490544>,  <21.072704, 16.979225, -1.109441>, 0.130000
	pigment { color rgbt <1,0,0,0> }
	no_shadow
}

// nucleotide -1

// particle -1
sphere {
	<21.145235, 16.587803, -0.490544> 0.250000
	pigment { color rgbt <1,0,0,0> }
	no_shadow
}
cylinder {
	<21.499126, 16.772781, -0.513880>,  <21.711460, 16.883768, -0.527882>, 0.100000
	pigment { color rgbt <1,0,0,0> }
	no_shadow
}
cylinder {
	<21.499126, 16.772781, -0.513880>,  <21.145235, 16.587803, -0.490544>, 0.100000
	pigment { color rgbt <1,0,0,0> }
	no_shadow
}

// particle -1
sphere {
	<21.499126, 16.772781, -0.513880> 0.100000
	pigment { color rgbt <1,0,0,0> }
	no_shadow
}
sphere {
	0, 1
	scale<0.080000,0.200000,0.300000>
	matrix <0.079591, -0.026557, 0.996474,
		0.459264, -0.886251, -0.060302,
		0.884727, 0.462444, -0.058341,
		21.764545, 16.911514, -0.531383>
	pigment { color rgbt <0,1,1,0> }
	no_shadow
}
cylinder {
	<21.651333, 16.267757, -0.059710>,  <21.145235, 16.587803, -0.490544>, 0.130000
	pigment { color rgbt <1,0,0,0> }
	no_shadow
}

// nucleotide -1

// particle -1
sphere {
	<21.651333, 16.267757, -0.059710> 0.250000
	pigment { color rgbt <1,0,0,0> }
	no_shadow
}
cylinder {
	<21.753551, 16.651821, -0.104939>,  <21.814882, 16.882259, -0.132077>, 0.100000
	pigment { color rgbt <1,0,0,0> }
	no_shadow
}
cylinder {
	<21.753551, 16.651821, -0.104939>,  <21.651333, 16.267757, -0.059710>, 0.100000
	pigment { color rgbt <1,0,0,0> }
	no_shadow
}

// particle -1
sphere {
	<21.753551, 16.651821, -0.104939> 0.100000
	pigment { color rgbt <1,0,0,0> }
	no_shadow
}
sphere {
	0, 1
	scale<0.080000,0.200000,0.300000>
	matrix <0.191497, 0.064370, 0.979380,
		0.947642, -0.271930, -0.167419,
		0.255546, 0.960162, -0.113074,
		21.830215, 16.939869, -0.138862>
	pigment { color rgbt <0,1,1,0> }
	no_shadow
}
cylinder {
	<22.182409, 16.252396, 0.307122>,  <21.651333, 16.267757, -0.059710>, 0.130000
	pigment { color rgbt <1,0,0,0> }
	no_shadow
}

// nucleotide -1

// particle -1
sphere {
	<22.182409, 16.252396, 0.307122> 0.250000
	pigment { color rgbt <1,0,0,0> }
	no_shadow
}
cylinder {
	<22.097866, 16.642826, 0.286707>,  <22.047140, 16.877085, 0.274458>, 0.100000
	pigment { color rgbt <1,0,0,0> }
	no_shadow
}
cylinder {
	<22.097866, 16.642826, 0.286707>,  <22.182409, 16.252396, 0.307122>, 0.100000
	pigment { color rgbt <1,0,0,0> }
	no_shadow
}

// particle -1
sphere {
	<22.097866, 16.642826, 0.286707> 0.100000
	pigment { color rgbt <1,0,0,0> }
	no_shadow
}
sphere {
	0, 1
	scale<0.080000,0.200000,0.300000>
	matrix <0.360926, 0.126469, 0.923979,
		0.908328, 0.176871, -0.379021,
		-0.211359, 0.976075, -0.051038,
		22.034458, 16.935648, 0.271396>
	pigment { color rgbt <0,1,1,0> }
	no_shadow
}
cylinder {
	<22.724329, 16.591930, 0.551503>,  <22.182409, 16.252396, 0.307122>, 0.130000
	pigment { color rgbt <1,0,0,0> }
	no_shadow
}

// nucleotide -1

// particle -1
sphere {
	<22.724329, 16.591930, 0.551503> 0.250000
	pigment { color rgbt <1,0,0,0> }
	no_shadow
}
cylinder {
	<22.427563, 16.854721, 0.605082>,  <22.249504, 17.012396, 0.637230>, 0.100000
	pigment { color rgbt <1,0,0,0> }
	no_shadow
}
cylinder {
	<22.427563, 16.854721, 0.605082>,  <22.724329, 16.591930, 0.551503>, 0.100000
	pigment { color rgbt <1,0,0,0> }
	no_shadow
}

// particle -1
sphere {
	<22.427563, 16.854721, 0.605082> 0.100000
	pigment { color rgbt <1,0,0,0> }
	no_shadow
}
sphere {
	0, 1
	scale<0.080000,0.200000,0.300000>
	matrix <0.428798, 0.311328, 0.848061,
		0.515456, 0.686625, -0.512690,
		-0.741915, 0.656979, 0.133947,
		22.204988, 17.051815, 0.645266>
	pigment { color rgbt <0,1,1,0> }
	no_shadow
}
cylinder {
	<23.010027, 17.228355, 0.486815>,  <22.724329, 16.591930, 0.551503>, 0.130000
	pigment { color rgbt <1,0,0,0> }
	no_shadow
}

// nucleotide -1

// particle -1
sphere {
	<23.010027, 17.228355, 0.486815> 0.250000
	pigment { color rgbt <1,0,0,0> }
	no_shadow
}
cylinder {
	<22.695599, 17.219383, 0.733906>,  <22.506941, 17.213999, 0.882161>, 0.100000
	pigment { color rgbt <1,0,0,0> }
	no_shadow
}
cylinder {
	<22.695599, 17.219383, 0.733906>,  <23.010027, 17.228355, 0.486815>, 0.100000
	pigment { color rgbt <1,0,0,0> }
	no_shadow
}

// particle -1
sphere {
	<22.695599, 17.219383, 0.733906> 0.100000
	pigment { color rgbt <1,0,0,0> }
	no_shadow
}
sphere {
	0, 1
	scale<0.080000,0.200000,0.300000>
	matrix <0.603267, 0.190024, 0.774571,
		-0.134759, 0.981523, -0.135839,
		-0.786072, -0.022433, 0.617728,
		22.459778, 17.212654, 0.919225>
	pigment { color rgbt <0,1,1,0> }
	no_shadow
}
cylinder {
	<23.033455, 17.774076, 1.011990>,  <23.010027, 17.228355, 0.486815>, 0.130000
	pigment { color rgbt <1,0,0,0> }
	no_shadow
}

// nucleotide -1

// particle -1
sphere {
	<23.033455, 17.774076, 1.011990> 0.250000
	pigment { color rgbt <1,0,0,0> }
	no_shadow
}
cylinder {
	<22.804489, 17.493904, 1.182513>,  <22.667109, 17.325802, 1.284827>, 0.100000
	pigment { color rgbt <1,0,0,0> }
	no_shadow
}
cylinder {
	<22.804489, 17.493904, 1.182513>,  <23.033455, 17.774076, 1.011990>, 0.100000
	pigment { color rgbt <1,0,0,0> }
	no_shadow
}

// particle -1
sphere {
	<22.804489, 17.493904, 1.182513> 0.100000
	pigment { color rgbt <1,0,0,0> }
	no_shadow
}
sphere {
	0, 1
	scale<0.080000,0.200000,0.300000>
	matrix <0.556130, 0.050414, 0.829565,
		-0.602543, 0.711939, 0.360672,
		-0.572417, -0.700429, 0.426307,
		22.632765, 17.283775, 1.310405>
	pigment { color rgbt <0,1,1,0> }
	no_shadow
}
cylinder {
	<23.114990, 17.990055, 1.689788>,  <23.033455, 17.774076, 1.011990>, 0.130000
	pigment { color rgbt <1,0,0,0> }
	no_shadow
}

// nucleotide -1

// particle -1
sphere {
	<23.114990, 17.990055, 1.689788> 0.250000
	pigment { color rgbt <1,0,0,0> }
	no_shadow
}
cylinder {
	<22.991673, 17.609756, 1.676917>,  <22.917683, 17.381577, 1.669194>, 0.100000
	pigment { color rgbt <1,0,0,0> }
	no_shadow
}
cylinder {
	<22.991673, 17.609756, 1.676917>,  <23.114990, 17.990055, 1.689788>, 0.100000
	pigment { color rgbt <1,0,0,0> }
	no_shadow
}

// particle -1
sphere {
	<22.991673, 17.609756, 1.676917> 0.100000
	pigment { color rgbt <1,0,0,0> }
	no_shadow
}
sphere {
	0, 1
	scale<0.080000,0.200000,0.300000>
	matrix <0.440405, -0.172626, 0.881047,
		-0.843207, 0.257451, 0.471933,
		-0.308294, -0.950747, -0.032177,
		22.899183, 17.324532, 1.667263>
	pigment { color rgbt <0,1,1,0> }
	no_shadow
}
cylinder {
	<22.739948, 17.863483, 2.298167>,  <23.114990, 17.990055, 1.689788>, 0.130000
	pigment { color rgbt <1,0,0,0> }
	no_shadow
}

// nucleotide -1

// particle -1
sphere {
	<22.739948, 17.863483, 2.298167> 0.250000
	pigment { color rgbt <1,0,0,0> }
	no_shadow
}
cylinder {
	<22.835537, 17.502541, 2.154701>,  <22.892891, 17.285975, 2.068621>, 0.100000
	pigment { color rgbt <1,0,0,0> }
	no_shadow
}
cylinder {
	<22.835537, 17.502541, 2.154701>,  <22.739948, 17.863483, 2.298167>, 0.100000
	pigment { color rgbt <1,0,0,0> }
	no_shadow
}

// particle -1
sphere {
	<22.835537, 17.502541, 2.154701> 0.100000
	pigment { color rgbt <1,0,0,0> }
	no_shadow
}
sphere {
	0, 1
	scale<0.080000,0.200000,0.300000>
	matrix <0.443672, -0.227090, 0.866940,
		-0.863740, -0.366304, 0.346084,
		0.238971, -0.902359, -0.358665,
		22.907228, 17.231833, 2.047101>
	pigment { color rgbt <0,1,1,0> }
	no_shadow
}
cylinder {
	<22.604343, 17.359114, 2.861992>,  <22.739948, 17.863483, 2.298167>, 0.130000
	pigment { color rgbt <1,0,0,0> }
	no_shadow
}

// nucleotide -1

// particle -1
sphere {
	<22.604343, 17.359114, 2.861992> 0.250000
	pigment { color rgbt <1,0,0,0> }
	no_shadow
}
cylinder {
	<22.871166, 17.229237, 2.593781>,  <23.031260, 17.151310, 2.432854>, 0.100000
	pigment { color rgbt <1,0,0,0> }
	no_shadow
}
cylinder {
	<22.871166, 17.229237, 2.593781>,  <22.604343, 17.359114, 2.861992>, 0.100000
	pigment { color rgbt <1,0,0,0> }
	no_shadow
}

// particle -1
sphere {
	<22.871166, 17.229237, 2.593781> 0.100000
	pigment { color rgbt <1,0,0,0> }
	no_shadow
}
sphere {
	0, 1
	scale<0.080000,0.200000,0.300000>
	matrix <0.612394, -0.273585, 0.741704,
		-0.424273, -0.905387, 0.016344,
		0.667058, -0.324694, -0.670528,
		23.071283, 17.131828, 2.392622>
	pigment { color rgbt <0,1,1,0> }
	no_shadow
}
cylinder {
	<22.756424, 16.612436, 2.986830>,  <22.604343, 17.359114, 2.861992>, 0.130000
	pigment { color rgbt <1,0,0,0> }
	no_shadow
}

// nucleotide -1

// particle -1
sphere {
	<22.756424, 16.612436, 2.986830> 0.250000
	pigment { color rgbt <1,0,0,0> }
	no_shadow
}
cylinder {
	<23.055046, 16.821175, 2.821746>,  <23.234221, 16.946417, 2.722695>, 0.100000
	pigment { color rgbt <1,0,0,0> }
	no_shadow
}
cylinder {
	<23.055046, 16.821175, 2.821746>,  <22.756424, 16.612436, 2.986830>, 0.100000
	pigment { color rgbt <1,0,0,0> }
	no_shadow
}

// particle -1
sphere {
	<23.055046, 16.821175, 2.821746> 0.100000
	pigment { color rgbt <1,0,0,0> }
	no_shadow
}
sphere {
	0, 1
	scale<0.080000,0.200000,0.300000>
	matrix <0.631611, -0.360938, 0.686143,
		0.209098, -0.772917, -0.599065,
		0.746556, 0.521847, -0.412711,
		23.279013, 16.977728, 2.697933>
	pigment { color rgbt <0,1,1,0> }
	no_shadow
}
cylinder {
	<23.115061, 16.046972, 3.329479>,  <22.756424, 16.612436, 2.986830>, 0.130000
	pigment { color rgbt <1,0,0,0> }
	no_shadow
}

// nucleotide -1

// particle -1
sphere {
	<23.115061, 16.046972, 3.329479> 0.250000
	pigment { color rgbt <1,0,0,0> }
	no_shadow
}
cylinder {
	<23.428329, 15.919014, 3.542762>,  <23.616291, 15.842239, 3.670732>, 0.100000
	pigment { color rgbt <1,0,0,0> }
	no_shadow
}
cylinder {
	<23.428329, 15.919014, 3.542762>,  <23.115061, 16.046972, 3.329479>, 0.100000
	pigment { color rgbt <1,0,0,0> }
	no_shadow
}

// particle -1
sphere {
	<23.428329, 15.919014, 3.542762> 0.100000
	pigment { color rgbt <1,0,0,0> }
	no_shadow
}
sphere {
	0, 1
	scale<0.080000,0.200000,0.300000>
	matrix <0.107384, 0.914212, 0.390749,
		-0.612464, -0.248765, 0.750336,
		0.783171, -0.319894, 0.533208,
		23.663280, 15.823046, 3.702724>
	pigment { color rgbt <0,1,1,0> }
	no_shadow
}
cylinder {
	<22.964506, 16.186697, 4.084255>,  <23.115061, 16.046972, 3.329479>, 0.130000
	pigment { color rgbt <1,0,0,0> }
	no_shadow
}

// nucleotide -1

// particle -1
sphere {
	<22.964506, 16.186697, 4.084255> 0.250000
	pigment { color rgbt <1,0,0,0> }
	no_shadow
}
cylinder {
	<23.358349, 16.143375, 4.029377>,  <23.594654, 16.117382, 3.996451>, 0.100000
	pigment { color rgbt <1,0,0,0> }
	no_shadow
}
cylinder {
	<23.358349, 16.143375, 4.029377>,  <22.964506, 16.186697, 4.084255>, 0.100000
	pigment { color rgbt <1,0,0,0> }
	no_shadow
}

// particle -1
sphere {
	<23.358349, 16.143375, 4.029377> 0.100000
	pigment { color rgbt <1,0,0,0> }
	no_shadow
}
sphere {
	0, 1
	scale<0.080000,0.200000,0.300000>
	matrix <0.170201, 0.772733, 0.611486,
		0.039789, -0.625423, 0.779271,
		0.984606, -0.108302, -0.137194,
		23.653730, 16.110886, 3.988219>
	pigment { color rgbt <0,1,1,0> }
	no_shadow
}
cylinder {
	<23.325203, 15.981937, 4.713034>,  <22.964506, 16.186697, 4.084255>, 0.130000
	pigment { color rgbt <1,0,0,0> }
	no_shadow
}

// nucleotide -1

// particle -1
sphere {
	<23.325203, 15.981937, 4.713034> 0.250000
	pigment { color rgbt <1,0,0,0> }
	no_shadow
}
cylinder {
	<23.534519, 16.207546, 4.457520>,  <23.660109, 16.342913, 4.304211>, 0.100000
	pigment { color rgbt <1,0,0,0> }
	no_shadow
}
cylinder {
	<23.534519, 16.207546, 4.457520>,  <23.325203, 15.981937, 4.713034>, 0.100000
	pigment { color rgbt <1,0,0,0> }
	no_shadow
}

// particle -1
sphere {
	<23.534519, 16.207546, 4.457520> 0.100000
	pigment { color rgbt <1,0,0,0> }
	no_shadow
}
sphere {
	0, 1
	scale<0.080000,0.200000,0.300000>
	matrix <-0.057611, 0.771312, 0.633845,
		0.850207, -0.294882, 0.436111,
		0.523287, 0.564024, -0.638786,
		23.691505, 16.376753, 4.265884>
	pigment { color rgbt <0,1,1,0> }
	no_shadow
}
cylinder {
	<23.597872, 16.463139, 5.094687>,  <23.325203, 15.981937, 4.713034>, 0.130000
	pigment { color rgbt <1,0,0,0> }
	no_shadow
}

// nucleotide -1

// particle -1
sphere {
	<23.597872, 16.463139, 5.094687> 0.250000
	pigment { color rgbt <1,0,0,0> }
	no_shadow
}
cylinder {
	<23.693787, 16.600571, 4.731489>,  <23.751335, 16.683029, 4.513570>, 0.100000
	pigment { color rgbt <1,0,0,0> }
	no_shadow
}
cylinder {
	<23.693787, 16.600571, 4.731489>,  <23.597872, 16.463139, 5.094687>, 0.100000
	pigment { color rgbt <1,0,0,0> }
	no_shadow
}

// particle -1
sphere {
	<23.693787, 16.600571, 4.731489> 0.100000
	pigment { color rgbt <1,0,0,0> }
	no_shadow
}
sphere {
	0, 1
	scale<0.080000,0.200000,0.300000>
	matrix <-0.056204, 0.938626, 0.340328,
		0.969198, -0.030573, 0.244379,
		0.239785, 0.343581, -0.907995,
		23.765722, 16.703646, 4.459090>
	pigment { color rgbt <0,1,1,0> }
	no_shadow
}
cylinder {
	<24.369989, 16.839319, 4.921736>,  <23.597872, 16.463139, 5.094687>, 0.130000
	pigment { color rgbt <1,0,0,0> }
	no_shadow
}

// nucleotide -1

// particle -1
sphere {
	<24.369989, 16.839319, 4.921736> 0.250000
	pigment { color rgbt <1,0,0,0> }
	no_shadow
}
cylinder {
	<24.034473, 17.012119, 4.789188>,  <23.833164, 17.115799, 4.709659>, 0.100000
	pigment { color rgbt <1,0,0,0> }
	no_shadow
}
cylinder {
	<24.034473, 17.012119, 4.789188>,  <24.369989, 16.839319, 4.921736>, 0.100000
	pigment { color rgbt <1,0,0,0> }
	no_shadow
}

// particle -1
sphere {
	<24.034473, 17.012119, 4.789188> 0.100000
	pigment { color rgbt <1,0,0,0> }
	no_shadow
}
sphere {
	0, 1
	scale<0.080000,0.200000,0.300000>
	matrix <0.178273, 0.792997, 0.582559,
		0.514442, 0.429571, -0.742172,
		-0.838790, 0.432002, -0.331370,
		23.782837, 17.141720, 4.689777>
	pigment { color rgbt <0,1,1,0> }
	no_shadow
}
cylinder {
	<24.430531, 17.551495, 4.651484>,  <24.369989, 16.839319, 4.921736>, 0.130000
	pigment { color rgbt <1,0,0,0> }
	no_shadow
}

// nucleotide -1

// particle -1
sphere {
	<24.430531, 17.551495, 4.651484> 0.250000
	pigment { color rgbt <1,0,0,0> }
	no_shadow
}
cylinder {
	<24.062725, 17.488640, 4.795599>,  <23.842043, 17.450928, 4.882067>, 0.100000
	pigment { color rgbt <1,0,0,0> }
	no_shadow
}
cylinder {
	<24.062725, 17.488640, 4.795599>,  <24.430531, 17.551495, 4.651484>, 0.100000
	pigment { color rgbt <1,0,0,0> }
	no_shadow
}

// particle -1
sphere {
	<24.062725, 17.488640, 4.795599> 0.100000
	pigment { color rgbt <1,0,0,0> }
	no_shadow
}
sphere {
	0, 1
	scale<0.080000,0.200000,0.300000>
	matrix <0.050173, 0.862192, 0.504091,
		-0.389847, 0.481594, -0.784912,
		-0.919512, -0.157137, 0.360286,
		23.786871, 17.441500, 4.903684>
	pigment { color rgbt <0,1,1,0> }
	no_shadow
}
cylinder {
	<24.016384, 18.075785, 4.468277>,  <24.430531, 17.551495, 4.651484>, 0.130000
	pigment { color rgbt <1,0,0,0> }
	no_shadow
}

// nucleotide -1

// particle -1
sphere {
	<24.016384, 18.075785, 4.468277> 0.250000
	pigment { color rgbt <1,0,0,0> }
	no_shadow
}
cylinder {
	<23.850689, 17.917542, 4.796155>,  <23.751272, 17.822596, 4.992882>, 0.100000
	pigment { color rgbt <1,0,0,0> }
	no_shadow
}
cylinder {
	<23.850689, 17.917542, 4.796155>,  <24.016384, 18.075785, 4.468277>, 0.100000
	pigment { color rgbt <1,0,0,0> }
	no_shadow
}

// particle -1
sphere {
	<23.850689, 17.917542, 4.796155> 0.100000
	pigment { color rgbt <1,0,0,0> }
	no_shadow
}
sphere {
	0, 1
	scale<0.080000,0.200000,0.300000>
	matrix <-0.033580, 0.906628, 0.420593,
		-0.909549, 0.146701, -0.388844,
		-0.414238, -0.395608, 0.819696,
		23.726418, 17.798859, 5.042064>
	pigment { color rgbt <0,1,1,0> }
	no_shadow
}
cylinder {
	<23.281919, 18.414385, 4.668164>,  <24.016384, 18.075785, 4.468277>, 0.130000
	pigment { color rgbt <1,0,0,0> }
	no_shadow
}

// nucleotide -1

// particle -1
sphere {
	<23.281919, 18.414385, 4.668164> 0.250000
	pigment { color rgbt <1,0,0,0> }
	no_shadow
}
cylinder {
	<23.518173, 18.271721, 4.957700>,  <23.659925, 18.186123, 5.131421>, 0.100000
	pigment { color rgbt <1,0,0,0> }
	no_shadow
}
cylinder {
	<23.518173, 18.271721, 4.957700>,  <23.281919, 18.414385, 4.668164>, 0.100000
	pigment { color rgbt <1,0,0,0> }
	no_shadow
}

// particle -1
sphere {
	<23.518173, 18.271721, 4.957700> 0.100000
	pigment { color rgbt <1,0,0,0> }
	no_shadow
}
sphere {
	0, 1
	scale<0.080000,0.200000,0.300000>
	matrix <-0.057046, 0.876319, 0.478342,
		-0.804921, -0.323817, 0.497237,
		0.590634, -0.356662, 0.723839,
		23.695364, 18.164722, 5.174851>
	pigment { color rgbt <0,1,1,0> }
	no_shadow
}
cylinder {
	<22.982967, 18.449911, 5.384031>,  <23.281919, 18.414385, 4.668164>, 0.130000
	pigment { color rgbt <1,0,0,0> }
	no_shadow
}

// nucleotide -1

// particle -1
sphere {
	<22.982967, 18.449911, 5.384031> 0.250000
	pigment { color rgbt <1,0,0,0> }
	no_shadow
}
cylinder {
	<23.379566, 18.496967, 5.406279>,  <23.617525, 18.525202, 5.419627>, 0.100000
	pigment { color rgbt <1,0,0,0> }
	no_shadow
}
cylinder {
	<23.379566, 18.496967, 5.406279>,  <22.982967, 18.449911, 5.384031>, 0.100000
	pigment { color rgbt <1,0,0,0> }
	no_shadow
}

// particle -1
sphere {
	<23.379566, 18.496967, 5.406279> 0.100000
	pigment { color rgbt <1,0,0,0> }
	no_shadow
}
sphere {
	0, 1
	scale<0.080000,0.200000,0.300000>
	matrix <-0.126128, 0.763674, 0.633162,
		0.032011, -0.634793, 0.772019,
		0.991497, 0.117641, 0.055619,
		23.677015, 18.532259, 5.422965>
	pigment { color rgbt <0,1,1,0> }
	no_shadow
}
cylinder {
	<23.241693, 18.464371, 6.172758>,  <22.982967, 18.449911, 5.384031>, 0.130000
	pigment { color rgbt <1,0,0,0> }
	no_shadow
}

// nucleotide -1

// particle -1
sphere {
	<23.241693, 18.464371, 6.172758> 0.250000
	pigment { color rgbt <1,0,0,0> }
	no_shadow
}
cylinder {
	<23.505184, 18.670094, 5.953098>,  <23.663279, 18.793528, 5.821303>, 0.100000
	pigment { color rgbt <1,0,0,0> }
	no_shadow
}
cylinder {
	<23.505184, 18.670094, 5.953098>,  <23.241693, 18.464371, 6.172758>, 0.100000
	pigment { color rgbt <1,0,0,0> }
	no_shadow
}

// particle -1
sphere {
	<23.505184, 18.670094, 5.953098> 0.100000
	pigment { color rgbt <1,0,0,0> }
	no_shadow
}
sphere {
	0, 1
	scale<0.080000,0.200000,0.300000>
	matrix <-0.112998, 0.789230, 0.603612,
		0.743844, -0.335566, 0.578006,
		0.658731, 0.514306, -0.549146,
		23.702803, 18.824387, 5.788354>
	pigment { color rgbt <0,1,1,0> }
	no_shadow
}
cylinder {
	<23.751465, 18.817541, 6.669259>,  <23.241693, 18.464371, 6.172758>, 0.130000
	pigment { color rgbt <1,0,0,0> }
	no_shadow
}

// nucleotide -1

// particle -1
sphere {
	<23.751465, 18.817541, 6.669259> 0.250000
	pigment { color rgbt <1,0,0,0> }
	no_shadow
}
cylinder {
	<23.740211, 19.036213, 6.334512>,  <23.733459, 19.167416, 6.133663>, 0.100000
	pigment { color rgbt <1,0,0,0> }
	no_shadow
}
cylinder {
	<23.740211, 19.036213, 6.334512>,  <23.751465, 18.817541, 6.669259>, 0.100000
	pigment { color rgbt <1,0,0,0> }
	no_shadow
}

// particle -1
sphere {
	<23.740211, 19.036213, 6.334512> 0.100000
	pigment { color rgbt <1,0,0,0> }
	no_shadow
}
sphere {
	0, 1
	scale<0.080000,0.200000,0.300000>
	matrix <-0.184428, 0.819988, 0.541854,
		0.982443, 0.169587, 0.077752,
		-0.028136, 0.546680, -0.836869,
		23.731771, 19.200216, 6.083451>
	pigment { color rgbt <0,1,1,0> }
	no_shadow
}
cylinder {
	<23.591604, 19.593798, 6.378188>,  <23.751465, 18.817541, 6.669259>, 0.130000
	pigment { color rgbt <1,0,0,0> }
	no_shadow
}

// nucleotide -1

// particle -1
sphere {
	<23.591604, 19.593798, 6.378188> 0.250000
	pigment { color rgbt <1,0,0,0> }
	no_shadow
}
cylinder {
	<23.643818, 19.945549, 6.561340>,  <23.675146, 20.156599, 6.671232>, 0.100000
	pigment { color rgbt <1,0,0,0> }
	no_shadow
}
cylinder {
	<23.643818, 19.945549, 6.561340>,  <23.591604, 19.593798, 6.378188>, 0.100000
	pigment { color rgbt <1,0,0,0> }
	no_shadow
}

// particle -1
sphere {
	<23.643818, 19.945549, 6.561340> 0.100000
	pigment { color rgbt <1,0,0,0> }
	no_shadow
}
sphere {
	0, 1
	scale<0.080000,0.200000,0.300000>
	matrix <-0.628361, -0.283852, 0.724286,
		0.766892, -0.382259, 0.515515,
		0.130535, 0.879378, 0.457880,
		23.682978, 20.209362, 6.698705>
	pigment { color rgbt <0,1,1,0> }
	no_shadow
}
cylinder {
	<23.899992, 19.448421, 7.057820>,  <23.591604, 19.593798, 6.378188>, 0.130000
	pigment { color rgbt <1,0,0,0> }
	no_shadow
}

// nucleotide -1

// particle -1
sphere {
	<23.899992, 19.448421, 7.057820> 0.250000
	pigment { color rgbt <1,0,0,0> }
	no_shadow
}
cylinder {
	<23.677044, 19.780075, 7.040490>,  <23.543276, 19.979067, 7.030092>, 0.100000
	pigment { color rgbt <1,0,0,0> }
	no_shadow
}
cylinder {
	<23.677044, 19.780075, 7.040490>,  <23.899992, 19.448421, 7.057820>, 0.100000
	pigment { color rgbt <1,0,0,0> }
	no_shadow
}

// particle -1
sphere {
	<23.677044, 19.780075, 7.040490> 0.100000
	pigment { color rgbt <1,0,0,0> }
	no_shadow
}
sphere {
	0, 1
	scale<0.080000,0.200000,0.300000>
	matrix <-0.487823, -0.284812, 0.825174,
		0.671840, 0.481062, 0.563215,
		-0.557370, 0.829134, -0.043325,
		23.509832, 20.028814, 7.027493>
	pigment { color rgbt <0,1,1,0> }
	no_shadow
}
cylinder {
	<23.874790, 19.717402, 7.772775>,  <23.899992, 19.448421, 7.057820>, 0.130000
	pigment { color rgbt <1,0,0,0> }
	no_shadow
}

// nucleotide -1

// particle -1
sphere {
	<23.874790, 19.717402, 7.772775> 0.250000
	pigment { color rgbt <1,0,0,0> }
	no_shadow
}
cylinder {
	<23.568932, 19.871075, 7.565810>,  <23.385416, 19.963280, 7.441631>, 0.100000
	pigment { color rgbt <1,0,0,0> }
	no_shadow
}
cylinder {
	<23.568932, 19.871075, 7.565810>,  <23.874790, 19.717402, 7.772775>, 0.100000
	pigment { color rgbt <1,0,0,0> }
	no_shadow
}

// particle -1
sphere {
	<23.568932, 19.871075, 7.565810> 0.100000
	pigment { color rgbt <1,0,0,0> }
	no_shadow
}
sphere {
	0, 1
	scale<0.080000,0.200000,0.300000>
	matrix <-0.583443, -0.071713, 0.808982,
		0.273694, 0.920467, 0.278985,
		-0.764648, 0.384185, -0.517413,
		23.339537, 19.986330, 7.410586>
	pigment { color rgbt <0,1,1,0> }
	no_shadow
}
cylinder {
	<23.571978, 20.284931, 8.135882>,  <23.874790, 19.717402, 7.772775>, 0.130000
	pigment { color rgbt <1,0,0,0> }
	no_shadow
}

// nucleotide -1

// particle -1
sphere {
	<23.571978, 20.284931, 8.135882> 0.250000
	pigment { color rgbt <1,0,0,0> }
	no_shadow
}
cylinder {
	<23.298786, 20.149120, 7.877190>,  <23.134871, 20.067635, 7.721974>, 0.100000
	pigment { color rgbt <1,0,0,0> }
	no_shadow
}
cylinder {
	<23.298786, 20.149120, 7.877190>,  <23.571978, 20.284931, 8.135882>, 0.100000
	pigment { color rgbt <1,0,0,0> }
	no_shadow
}

// particle -1
sphere {
	<23.298786, 20.149120, 7.877190> 0.100000
	pigment { color rgbt <1,0,0,0> }
	no_shadow
}
sphere {
	0, 1
	scale<0.080000,0.200000,0.300000>
	matrix <-0.713455, 0.120266, 0.690303,
		-0.156596, 0.932876, -0.324376,
		-0.682978, -0.339526, -0.646732,
		23.093893, 20.047262, 7.683170>
	pigment { color rgbt <0,1,1,0> }
	no_shadow
}
cylinder {
	<23.052866, 20.674406, 7.970492>,  <23.571978, 20.284931, 8.135882>, 0.130000
	pigment { color rgbt <1,0,0,0> }
	no_shadow
}

// nucleotide -1

// particle -1
sphere {
	<23.052866, 20.674406, 7.970492> 0.250000
	pigment { color rgbt <1,0,0,0> }
	no_shadow
}
cylinder {
	<22.924522, 20.295975, 7.988320>,  <22.847517, 20.068916, 7.999017>, 0.100000
	pigment { color rgbt <1,0,0,0> }
	no_shadow
}
cylinder {
	<22.924522, 20.295975, 7.988320>,  <23.052866, 20.674406, 7.970492>, 0.100000
	pigment { color rgbt <1,0,0,0> }
	no_shadow
}

// particle -1
sphere {
	<22.924522, 20.295975, 7.988320> 0.100000
	pigment { color rgbt <1,0,0,0> }
	no_shadow
}
sphere {
	0, 1
	scale<0.080000,0.200000,0.300000>
	matrix <-0.586221, 0.235336, 0.775218,
		-0.743905, 0.222608, -0.630120,
		-0.320860, -0.946077, 0.044570,
		22.828264, 20.012152, 8.001691>
	pigment { color rgbt <0,1,1,0> }
	no_shadow
}
cylinder {
	<22.397799, 20.665234, 7.857344>,  <23.052866, 20.674406, 7.970492>, 0.130000
	pigment { color rgbt <1,0,0,0> }
	no_shadow
}

// nucleotide -1

// particle -1
sphere {
	<22.397799, 20.665234, 7.857344> 0.250000
	pigment { color rgbt <1,0,0,0> }
	no_shadow
}
cylinder {
	<22.469131, 20.356934, 8.102012>,  <22.511930, 20.171953, 8.248813>, 0.100000
	pigment { color rgbt <1,0,0,0> }
	no_shadow
}
cylinder {
	<22.469131, 20.356934, 8.102012>,  <22.397799, 20.665234, 7.857344>, 0.100000
	pigment { color rgbt <1,0,0,0> }
	no_shadow
}

// particle -1
sphere {
	<22.469131, 20.356934, 8.102012> 0.100000
	pigment { color rgbt <1,0,0,0> }
	no_shadow
}
sphere {
	0, 1
	scale<0.080000,0.200000,0.300000>
	matrix <-0.544408, 0.440534, 0.713828,
		-0.819645, -0.460296, -0.341042,
		0.178331, -0.770751, 0.611670,
		22.522631, 20.125708, 8.285513>
	pigment { color rgbt <0,1,1,0> }
	no_shadow
}
cylinder {
	<21.783392, 20.525864, 8.302736>,  <22.397799, 20.665234, 7.857344>, 0.130000
	pigment { color rgbt <1,0,0,0> }
	no_shadow
}

// nucleotide -1

// particle -1
sphere {
	<21.783392, 20.525864, 8.302736> 0.250000
	pigment { color rgbt <1,0,0,0> }
	no_shadow
}
cylinder {
	<22.091743, 20.363117, 8.498781>,  <22.276754, 20.265471, 8.616408>, 0.100000
	pigment { color rgbt <1,0,0,0> }
	no_shadow
}
cylinder {
	<22.091743, 20.363117, 8.498781>,  <21.783392, 20.525864, 8.302736>, 0.100000
	pigment { color rgbt <1,0,0,0> }
	no_shadow
}

// particle -1
sphere {
	<22.091743, 20.363117, 8.498781> 0.100000
	pigment { color rgbt <1,0,0,0> }
	no_shadow
}
sphere {
	0, 1
	scale<0.080000,0.200000,0.300000>
	matrix <-0.488655, 0.115846, 0.864752,
		-0.408614, -0.906113, -0.109513,
		0.770877, -0.406864, 0.490113,
		22.323006, 20.241058, 8.645815>
	pigment { color rgbt <0,1,1,0> }
	no_shadow
}
cylinder {
	<21.479225, 20.197054, 8.817109>,  <21.783392, 20.525864, 8.302736>, 0.130000
	pigment { color rgbt <1,0,0,0> }
	no_shadow
}

// nucleotide -1

// particle -1
sphere {
	<21.479225, 20.197054, 8.817109> 0.250000
	pigment { color rgbt <1,0,0,0> }
	no_shadow
}
cylinder {
	<21.861553, 20.214813, 8.933343>,  <22.090950, 20.225470, 9.003083>, 0.100000
	pigment { color rgbt <1,0,0,0> }
	no_shadow
}
cylinder {
	<21.861553, 20.214813, 8.933343>,  <21.479225, 20.197054, 8.817109>, 0.100000
	pigment { color rgbt <1,0,0,0> }
	no_shadow
}

// particle -1
sphere {
	<21.861553, 20.214813, 8.933343> 0.100000
	pigment { color rgbt <1,0,0,0> }
	no_shadow
}
sphere {
	0, 1
	scale<0.080000,0.200000,0.300000>
	matrix <-0.284832, -0.104487, 0.952866,
		0.072668, -0.993535, -0.087224,
		0.955819, 0.044399, 0.290584,
		22.148298, 20.228132, 9.020518>
	pigment { color rgbt <0,1,1,0> }
	no_shadow
}
cylinder {
	<21.325699, 19.979445, 9.507196>,  <21.479225, 20.197054, 8.817109>, 0.130000
	pigment { color rgbt <1,0,0,0> }
	no_shadow
}

// nucleotide -1

// particle -1
sphere {
	<21.325699, 19.979445, 9.507196> 0.250000
	pigment { color rgbt <1,0,0,0> }
	no_shadow
}
cylinder {
	<21.689171, 20.146137, 9.497113>,  <21.907253, 20.246153, 9.491063>, 0.100000
	pigment { color rgbt <1,0,0,0> }
	no_shadow
}
cylinder {
	<21.689171, 20.146137, 9.497113>,  <21.325699, 19.979445, 9.507196>, 0.100000
	pigment { color rgbt <1,0,0,0> }
	no_shadow
}

// particle -1
sphere {
	<21.689171, 20.146137, 9.497113> 0.100000
	pigment { color rgbt <1,0,0,0> }
	no_shadow
}
sphere {
	0, 1
	scale<0.080000,0.200000,0.300000>
	matrix <-0.067928, 0.207151, 0.975948,
		0.411931, -0.885111, 0.216542,
		0.908679, 0.416733, -0.025208,
		21.961775, 20.271156, 9.489551>
	pigment { color rgbt <0,1,1,0> }
	no_shadow
}
cylinder {
	<21.708305, 19.669159, 9.973235>,  <21.325699, 19.979445, 9.507196>, 0.130000
	pigment { color rgbt <1,0,0,0> }
	no_shadow
}

// nucleotide -1

// particle -1
sphere {
	<21.708305, 19.669159, 9.973235> 0.250000
	pigment { color rgbt <1,0,0,0> }
	no_shadow
}
cylinder {
	<21.804195, 20.055431, 9.933249>,  <21.861729, 20.287195, 9.909258>, 0.100000
	pigment { color rgbt <1,0,0,0> }
	no_shadow
}
cylinder {
	<21.804195, 20.055431, 9.933249>,  <21.708305, 19.669159, 9.973235>, 0.100000
	pigment { color rgbt <1,0,0,0> }
	no_shadow
}

// particle -1
sphere {
	<21.804195, 20.055431, 9.933249> 0.100000
	pigment { color rgbt <1,0,0,0> }
	no_shadow
}
sphere {
	0, 1
	scale<0.080000,0.200000,0.300000>
	matrix <-0.239282, 0.158560, 0.957916,
		0.940892, -0.205716, 0.269080,
		0.239723, 0.965681, -0.099963,
		21.876112, 20.345135, 9.903260>
	pigment { color rgbt <0,1,1,0> }
	no_shadow
}
cylinder {
	<22.215929, 19.832146, 10.359394>,  <21.708305, 19.669159, 9.973235>, 0.130000
	pigment { color rgbt <1,0,0,0> }
	no_shadow
}

// nucleotide -1

// particle -1
sphere {
	<22.215929, 19.832146, 10.359394> 0.250000
	pigment { color rgbt <1,0,0,0> }
	no_shadow
}
cylinder {
	<22.008133, 20.170300, 10.309669>,  <21.883455, 20.373192, 10.279834>, 0.100000
	pigment { color rgbt <1,0,0,0> }
	no_shadow
}
cylinder {
	<22.008133, 20.170300, 10.309669>,  <22.215929, 19.832146, 10.359394>, 0.100000
	pigment { color rgbt <1,0,0,0> }
	no_shadow
}

// particle -1
sphere {
	<22.008133, 20.170300, 10.309669> 0.100000
	pigment { color rgbt <1,0,0,0> }
	no_shadow
}
sphere {
	0, 1
	scale<0.080000,0.200000,0.300000>
	matrix <0.055183, 0.178373, 0.982414,
		0.852694, 0.503493, -0.139313,
		-0.519488, 0.845387, -0.124313,
		21.852287, 20.423916, 10.272374>
	pigment { color rgbt <0,1,1,0> }
	no_shadow
}
cylinder {
	<22.662743, 20.355829, 10.523517>,  <22.215929, 19.832146, 10.359394>, 0.130000
	pigment { color rgbt <1,0,0,0> }
	no_shadow
}

// nucleotide -1

// particle -1
sphere {
	<22.662743, 20.355829, 10.523517> 0.250000
	pigment { color rgbt <1,0,0,0> }
	no_shadow
}
cylinder {
	<22.301689, 20.512043, 10.595890>,  <22.085056, 20.605770, 10.639315>, 0.100000
	pigment { color rgbt <1,0,0,0> }
	no_shadow
}
cylinder {
	<22.301689, 20.512043, 10.595890>,  <22.662743, 20.355829, 10.523517>, 0.100000
	pigment { color rgbt <1,0,0,0> }
	no_shadow
}

// particle -1
sphere {
	<22.301689, 20.512043, 10.595890> 0.100000
	pigment { color rgbt <1,0,0,0> }
	no_shadow
}
sphere {
	0, 1
	scale<0.080000,0.200000,0.300000>
	matrix <0.255583, 0.148098, 0.955377,
		0.346311, 0.908598, -0.233491,
		-0.902633, 0.390534, 0.180934,
		22.030899, 20.629204, 10.650170>
	pigment { color rgbt <0,1,1,0> }
	no_shadow
}
cylinder {
	<22.757500, 21.031946, 10.774469>,  <22.662743, 20.355829, 10.523517>, 0.130000
	pigment { color rgbt <1,0,0,0> }
	no_shadow
}

// nucleotide -1

// particle -1
sphere {
	<22.757500, 21.031946, 10.774469> 0.250000
	pigment { color rgbt <1,0,0,0> }
	no_shadow
}
cylinder {
	<22.389198, 20.928329, 10.891162>,  <22.168217, 20.866159, 10.961178>, 0.100000
	pigment { color rgbt <1,0,0,0> }
	no_shadow
}
cylinder {
	<22.389198, 20.928329, 10.891162>,  <22.757500, 21.031946, 10.774469>, 0.100000
	pigment { color rgbt <1,0,0,0> }
	no_shadow
}

// particle -1
sphere {
	<22.389198, 20.928329, 10.891162> 0.100000
	pigment { color rgbt <1,0,0,0> }
	no_shadow
}
sphere {
	0, 1
	scale<0.080000,0.200000,0.300000>
	matrix <0.208678, 0.304807, 0.929272,
		-0.329642, 0.916510, -0.226596,
		-0.920755, -0.259042, 0.291732,
		22.112972, 20.850616, 10.978682>
	pigment { color rgbt <0,1,1,0> }
	no_shadow
}
cylinder {
	<22.617750, 21.589851, 11.279430>,  <22.757500, 21.031946, 10.774469>, 0.130000
	pigment { color rgbt <1,0,0,0> }
	no_shadow
}

// nucleotide -1

// particle -1
sphere {
	<22.617750, 21.589851, 11.279430> 0.250000
	pigment { color rgbt <1,0,0,0> }
	no_shadow
}
cylinder {
	<22.341244, 21.304466, 11.325255>,  <22.175341, 21.133236, 11.352751>, 0.100000
	pigment { color rgbt <1,0,0,0> }
	no_shadow
}
cylinder {
	<22.341244, 21.304466, 11.325255>,  <22.617750, 21.589851, 11.279430>, 0.100000
	pigment { color rgbt <1,0,0,0> }
	no_shadow
}

// particle -1
sphere {
	<22.341244, 21.304466, 11.325255> 0.100000
	pigment { color rgbt <1,0,0,0> }
	no_shadow
}
sphere {
	0, 1
	scale<0.080000,0.200000,0.300000>
	matrix <-0.015598, 0.173238, 0.984757,
		-0.722434, 0.678940, -0.130881,
		-0.691264, -0.713463, 0.114563,
		22.133865, 21.090427, 11.359624>
	pigment { color rgbt <0,1,1,0> }
	no_shadow
}
cylinder {
	<22.020739, 21.892000, 11.670847>,  <22.617750, 21.589851, 11.279430>, 0.130000
	pigment { color rgbt <1,0,0,0> }
	no_shadow
}

// nucleotide -1

// particle -1
sphere {
	<22.020739, 21.892000, 11.670847> 0.250000
	pigment { color rgbt <1,0,0,0> }
	no_shadow
}
cylinder {
	<22.013649, 21.494587, 11.715699>,  <22.009396, 21.256138, 11.742611>, 0.100000
	pigment { color rgbt <1,0,0,0> }
	no_shadow
}
cylinder {
	<22.013649, 21.494587, 11.715699>,  <22.020739, 21.892000, 11.670847>, 0.100000
	pigment { color rgbt <1,0,0,0> }
	no_shadow
}

// particle -1
sphere {
	<22.013649, 21.494587, 11.715699> 0.100000
	pigment { color rgbt <1,0,0,0> }
	no_shadow
}
sphere {
	0, 1
	scale<0.080000,0.200000,0.300000>
	matrix <0.067276, 0.110709, 0.991573,
		-0.997577, 0.025118, 0.064879,
		-0.017724, -0.993535, 0.112131,
		22.008331, 21.196526, 11.749338>
	pigment { color rgbt <0,1,1,0> }
	no_shadow
}
cylinder {
	<21.563337, 21.700577, 12.284930>,  <22.020739, 21.892000, 11.670847>, 0.130000
	pigment { color rgbt <1,0,0,0> }
	no_shadow
}

// nucleotide -1

// particle -1
sphere {
	<21.563337, 21.700577, 12.284930> 0.250000
	pigment { color rgbt <1,0,0,0> }
	no_shadow
}
cylinder {
	<21.789429, 21.372604, 12.248646>,  <21.925083, 21.175821, 12.226875>, 0.100000
	pigment { color rgbt <1,0,0,0> }
	no_shadow
}
cylinder {
	<21.789429, 21.372604, 12.248646>,  <21.563337, 21.700577, 12.284930>, 0.100000
	pigment { color rgbt <1,0,0,0> }
	no_shadow
}

// particle -1
sphere {
	<21.789429, 21.372604, 12.248646> 0.100000
	pigment { color rgbt <1,0,0,0> }
	no_shadow
}
sphere {
	0, 1
	scale<0.080000,0.200000,0.300000>
	matrix <0.196978, 0.027365, 0.980026,
		-0.801073, -0.571806, 0.176976,
		0.565227, -0.819932, -0.090712,
		21.958998, 21.126625, 12.221433>
	pigment { color rgbt <0,1,1,0> }
	no_shadow
}
cylinder {
	<21.314899, 21.284113, 12.827537>,  <21.563337, 21.700577, 12.284930>, 0.130000
	pigment { color rgbt <1,0,0,0> }
	no_shadow
}

// nucleotide -1

// particle -1
sphere {
	<21.314899, 21.284113, 12.827537> 0.250000
	pigment { color rgbt <1,0,0,0> }
	no_shadow
}
cylinder {
	<21.658718, 21.103371, 12.732037>,  <21.865009, 20.994925, 12.674737>, 0.100000
	pigment { color rgbt <1,0,0,0> }
	no_shadow
}
cylinder {
	<21.658718, 21.103371, 12.732037>,  <21.314899, 21.284113, 12.827537>, 0.100000
	pigment { color rgbt <1,0,0,0> }
	no_shadow
}

// particle -1
sphere {
	<21.658718, 21.103371, 12.732037> 0.100000
	pigment { color rgbt <1,0,0,0> }
	no_shadow
}
sphere {
	0, 1
	scale<0.080000,0.200000,0.300000>
	matrix <0.185277, -0.159864, 0.969596,
		-0.476286, -0.877650, -0.053692,
		0.859549, -0.451857, -0.238749,
		21.916582, 20.967813, 12.660412>
	pigment { color rgbt <0,1,1,0> }
	no_shadow
}
cylinder {
	<21.303507, 20.671638, 13.236686>,  <21.314899, 21.284113, 12.827537>, 0.130000
	pigment { color rgbt <1,0,0,0> }
	no_shadow
}

// nucleotide -1

// particle -1
sphere {
	<21.303507, 20.671638, 13.236686> 0.250000
	pigment { color rgbt <1,0,0,0> }
	no_shadow
}
cylinder {
	<21.686001, 20.713795, 13.127502>,  <21.915497, 20.739088, 13.061993>, 0.100000
	pigment { color rgbt <1,0,0,0> }
	no_shadow
}
cylinder {
	<21.686001, 20.713795, 13.127502>,  <21.303507, 20.671638, 13.236686>, 0.100000
	pigment { color rgbt <1,0,0,0> }
	no_shadow
}

// particle -1
sphere {
	<21.686001, 20.713795, 13.127502> 0.100000
	pigment { color rgbt <1,0,0,0> }
	no_shadow
}
sphere {
	0, 1
	scale<0.080000,0.200000,0.300000>
	matrix <0.292594, -0.341120, 0.893323,
		0.001036, -0.934093, -0.357028,
		0.956236, 0.105390, -0.272957,
		21.972872, 20.745411, 13.045615>
	pigment { color rgbt <0,1,1,0> }
	no_shadow
}
cylinder {
	<21.775499, 20.040131, 13.380900>,  <21.303507, 20.671638, 13.236686>, 0.130000
	pigment { color rgbt <1,0,0,0> }
	no_shadow
}

// nucleotide -1

// particle -1
sphere {
