// switches for output
#declare DRAW_BASES = 1; // possible values are 0, 1; only relevant for DNA ribbons
#declare DRAW_BASES_TYPE = 3; // possible values are 1, 2, 3; only relevant for DNA ribbons
#declare DRAW_FOG = 0; // set to 1 to enable fog

#include "colors.inc"

#include "transforms.inc"
background { rgb <1, 1, 1>}

#default {
   normal{
       ripples 0.25
       frequency 0.20
       turbulence 0.2
       lambda 5
   }
	finish {
		phong 0.1
		phong_size 40.
	}
}

// original window dimensions: 1024x640


// camera settings

camera {
	sky <-0, 1, 0>
	up <-0, 1, 0>
	right 1.6 * <1, 0, 0>
	location <18.5, 18.5, 82.5562>
	look_at <18.5, 18.5, 18.5>
	direction <0, 0, -64.0562>
	angle 67.0682
}


# declare cpy_camera_pos = <18.5, 18.5, 82.5562>;
# if (DRAW_FOG = 1)
fog {
	fog_type 2
	up vnormalize(cpy_camera_pos)
	color rgbt<1,1,1,0.3>
	distance 1e-5
	fog_alt 3e-3
	fog_offset 29.6
}
# end


// LIGHTS

# declare lum = 6;
global_settings {
	ambient_light rgb lum * <0.05, 0.05, 0.05>
	max_trace_level 15
}# declare cpy_direct_light_amount = 0.25;
light_source
{	1000 * <-1, -1, 1>,
	rgb lum * cpy_direct_light_amount
	parallel
}

light_source
{	1000 * <1, 1, -1>,
	rgb lum * cpy_direct_light_amount
	parallel
}

// strand 0

// nucleotide -1

// particle -1
sphere {
	<22.943922, 16.818323, -2.329966> 0.250000
	pigment { color rgbt <1,0,0,0> }
	no_shadow
}
cylinder {
	<23.065922, 17.185890, -2.430016>,  <23.139122, 17.406431, -2.490046>, 0.100000
	pigment { color rgbt <1,0,0,0> }
	no_shadow
}
cylinder {
	<23.065922, 17.185890, -2.430016>,  <22.943922, 16.818323, -2.329966>, 0.100000
	pigment { color rgbt <1,0,0,0> }
	no_shadow
}

// particle -1
sphere {
	<23.065922, 17.185890, -2.430016> 0.100000
	pigment { color rgbt <1,0,0,0> }
	no_shadow
}
sphere {
	0, 1
	scale<0.080000,0.200000,0.300000>
	matrix <0.270266, 0.168325, 0.947957,
		0.913199, -0.356726, -0.197014,
		0.304999, 0.918920, -0.250125,
		23.157421, 17.461567, -2.505053>
	pigment { color rgbt <0,1,1,0> }
	no_shadow
}
cylinder {
	<23.495302, 16.996992, -1.843022>,  <22.943922, 16.818323, -2.329966>, 0.130000
	pigment { color rgbt <1,0,0,0> }
	no_shadow
}

// nucleotide -1

// particle -1
sphere {
	<23.495302, 16.996992, -1.843022> 0.250000
	pigment { color rgbt <1,0,0,0> }
	no_shadow
}
cylinder {
	<23.372906, 17.350300, -1.985124>,  <23.299467, 17.562284, -2.070384>, 0.100000
	pigment { color rgbt <1,0,0,0> }
	no_shadow
}
cylinder {
	<23.372906, 17.350300, -1.985124>,  <23.495302, 16.996992, -1.843022>, 0.100000
	pigment { color rgbt <1,0,0,0> }
	no_shadow
}

// particle -1
sphere {
	<23.372906, 17.350300, -1.985124> 0.100000
	pigment { color rgbt <1,0,0,0> }
	no_shadow
}
sphere {
	0, 1
	scale<0.080000,0.200000,0.300000>
	matrix <0.312356, 0.445638, 0.838951,
		0.899334, 0.145747, -0.412256,
		-0.305992, 0.883269, -0.355253,
		23.281109, 17.615280, -2.091699>
	pigment { color rgbt <0,1,1,0> }
	no_shadow
}
cylinder {
	<23.992247, 17.612724, -1.826219>,  <23.495302, 16.996992, -1.843022>, 0.130000
	pigment { color rgbt <1,0,0,0> }
	no_shadow
}

// nucleotide -1

// particle -1
sphere {
	<23.992247, 17.612724, -1.826219> 0.250000
	pigment { color rgbt <1,0,0,0> }
	no_shadow
}
cylinder {
	<23.617321, 17.750622, -1.805847>,  <23.392366, 17.833361, -1.793624>, 0.100000
	pigment { color rgbt <1,0,0,0> }
	no_shadow
}
cylinder {
	<23.617321, 17.750622, -1.805847>,  <23.992247, 17.612724, -1.826219>, 0.100000
	pigment { color rgbt <1,0,0,0> }
	no_shadow
}

// particle -1
sphere {
	<23.617321, 17.750622, -1.805847> 0.100000
	pigment { color rgbt <1,0,0,0> }
	no_shadow
}
sphere {
	0, 1
	scale<0.080000,0.200000,0.300000>
	matrix <0.178618, 0.349773, 0.919649,
		0.299230, 0.871097, -0.389425,
		-0.937314, 0.344745, 0.050931,
		23.336126, 17.854046, -1.790568>
	pigment { color rgbt <0,1,1,0> }
	no_shadow
}
cylinder {
	<23.987024, 18.344255, -1.666836>,  <23.992247, 17.612724, -1.826219>, 0.130000
	pigment { color rgbt <1,0,0,0> }
	no_shadow
}

// nucleotide -1

// particle -1
sphere {
	<23.987024, 18.344255, -1.666836> 0.250000
	pigment { color rgbt <1,0,0,0> }
	no_shadow
}
cylinder {
	<23.654324, 18.173786, -1.524531>,  <23.454702, 18.071505, -1.439149>, 0.100000
	pigment { color rgbt <1,0,0,0> }
	no_shadow
}
cylinder {
	<23.654324, 18.173786, -1.524531>,  <23.987024, 18.344255, -1.666836>, 0.100000
	pigment { color rgbt <1,0,0,0> }
	no_shadow
}

// particle -1
sphere {
	<23.654324, 18.173786, -1.524531> 0.100000
	pigment { color rgbt <1,0,0,0> }
	no_shadow
}
sphere {
	0, 1
	scale<0.080000,0.200000,0.300000>
	matrix <0.300515, 0.193184, 0.934008,
		-0.466777, 0.883774, -0.032609,
		-0.831751, -0.426174, 0.355761,
		23.404799, 18.045935, -1.417803>
	pigment { color rgbt <0,1,1,0> }
	no_shadow
}
cylinder {
	<23.589083, 18.842661, -1.291070>,  <23.987024, 18.344255, -1.666836>, 0.130000
	pigment { color rgbt <1,0,0,0> }
	no_shadow
}

// nucleotide -1

// particle -1
sphere {
	<23.589083, 18.842661, -1.291070> 0.250000
	pigment { color rgbt <1,0,0,0> }
	no_shadow
}
cylinder {
	<23.559597, 18.469498, -1.150075>,  <23.541904, 18.245600, -1.065478>, 0.100000
	pigment { color rgbt <1,0,0,0> }
	no_shadow
}
cylinder {
	<23.559597, 18.469498, -1.150075>,  <23.589083, 18.842661, -1.291070>, 0.100000
	pigment { color rgbt <1,0,0,0> }
	no_shadow
}

// particle -1
sphere {
	<23.559597, 18.469498, -1.150075> 0.100000
	pigment { color rgbt <1,0,0,0> }
	no_shadow
}
sphere {
	0, 1
	scale<0.080000,0.200000,0.300000>
	matrix <0.525779, 0.263982, 0.808622,
		-0.847421, 0.244939, 0.471044,
		-0.073716, -0.932909, 0.352488,
		23.537481, 18.189625, -1.044329>
	pigment { color rgbt <0,1,1,0> }
	no_shadow
}
cylinder {
	<23.281588, 18.876070, -0.626285>,  <23.589083, 18.842661, -1.291070>, 0.130000
	pigment { color rgbt <1,0,0,0> }
	no_shadow
}

// nucleotide -1

// particle -1
sphere {
	<23.281588, 18.876070, -0.626285> 0.250000
	pigment { color rgbt <1,0,0,0> }
	no_shadow
}
cylinder {
	<23.513885, 18.554001, -0.674339>,  <23.653265, 18.360760, -0.703171>, 0.100000
	pigment { color rgbt <1,0,0,0> }
	no_shadow
}
cylinder {
	<23.513885, 18.554001, -0.674339>,  <23.281588, 18.876070, -0.626285>, 0.100000
	pigment { color rgbt <1,0,0,0> }
	no_shadow
}

// particle -1
sphere {
	<23.513885, 18.554001, -0.674339> 0.100000
	pigment { color rgbt <1,0,0,0> }
	no_shadow
}
sphere {
	0, 1
	scale<0.080000,0.200000,0.300000>
	matrix <0.537670, 0.268554, 0.799243,
		-0.611266, -0.528749, 0.588879,
		0.580744, -0.805173, -0.120134,
		23.688108, 18.312449, -0.710379>
	pigment { color rgbt <0,1,1,0> }
	no_shadow
}
cylinder {
	<23.453896, 18.471054, -0.022079>,  <23.281588, 18.876070, -0.626285>, 0.130000
	pigment { color rgbt <1,0,0,0> }
	no_shadow
}

// nucleotide -1

// particle -1
sphere {
	<23.453896, 18.471054, -0.022079> 0.250000
	pigment { color rgbt <1,0,0,0> }
	no_shadow
}
cylinder {
	<23.788132, 18.409962, -0.233159>,  <23.988672, 18.373306, -0.359806>, 0.100000
	pigment { color rgbt <1,0,0,0> }
	no_shadow
}
cylinder {
	<23.788132, 18.409962, -0.233159>,  <23.453896, 18.471054, -0.022079>, 0.100000
	pigment { color rgbt <1,0,0,0> }
	no_shadow
}

// particle -1
sphere {
	<23.788132, 18.409962, -0.233159> 0.100000
	pigment { color rgbt <1,0,0,0> }
	no_shadow
}
sphere {
	0, 1
	scale<0.080000,0.200000,0.300000>
	matrix <0.545587, 0.343042, 0.764629,
		0.064240, -0.926820, 0.369970,
		0.835588, -0.152731, -0.527698,
		24.038809, 18.364141, -0.391468>
	pigment { color rgbt <0,1,1,0> }
	no_shadow
}
cylinder {
	<23.975792, 17.989166, 0.225702>,  <23.453896, 18.471054, -0.022079>, 0.130000
	pigment { color rgbt <1,0,0,0> }
	no_shadow
}

// nucleotide -1

// particle -1
sphere {
	<23.975792, 17.989166, 0.225702> 0.250000
	pigment { color rgbt <1,0,0,0> }
	no_shadow
}
cylinder {
	<24.189720, 18.245399, 0.005295>,  <24.318077, 18.399139, -0.126949>, 0.100000
	pigment { color rgbt <1,0,0,0> }
	no_shadow
}
cylinder {
	<24.189720, 18.245399, 0.005295>,  <23.975792, 17.989166, 0.225702>, 0.100000
	pigment { color rgbt <1,0,0,0> }
	no_shadow
}

// particle -1
sphere {
	<24.189720, 18.245399, 0.005295> 0.100000
	pigment { color rgbt <1,0,0,0> }
	no_shadow
}
sphere {
	0, 1
	scale<0.080000,0.200000,0.300000>
	matrix <0.449011, 0.336968, 0.827551,
		0.715791, -0.690005, -0.107411,
		0.534820, 0.640583, -0.551019,
		24.350166, 18.437574, -0.160011>
	pigment { color rgbt <0,1,1,0> }
	no_shadow
}
cylinder {
	<24.640276, 17.918341, 0.410164>,  <23.975792, 17.989166, 0.225702>, 0.130000
	pigment { color rgbt <1,0,0,0> }
	no_shadow
}

// nucleotide -1

// particle -1
sphere {
	<24.640276, 17.918341, 0.410164> 0.250000
	pigment { color rgbt <1,0,0,0> }
	no_shadow
}
cylinder {
	<24.646427, 18.282635, 0.245080>,  <24.650118, 18.501211, 0.146030>, 0.100000
	pigment { color rgbt <1,0,0,0> }
	no_shadow
}
cylinder {
	<24.646427, 18.282635, 0.245080>,  <24.640276, 17.918341, 0.410164>, 0.100000
	pigment { color rgbt <1,0,0,0> }
	no_shadow
}

// particle -1
sphere {
	<24.646427, 18.282635, 0.245080> 0.100000
	pigment { color rgbt <1,0,0,0> }
	no_shadow
}
sphere {
	0, 1
	scale<0.080000,0.200000,0.300000>
	matrix <0.672983, 0.295843, 0.677916,
		0.739498, -0.288170, -0.608359,
		0.015377, 0.910733, -0.412709,
		24.651041, 18.555855, 0.121268>
	pigment { color rgbt <0,1,1,0> }
	no_shadow
}
cylinder {
	<25.283133, 18.028038, 0.313109>,  <24.640276, 17.918341, 0.410164>, 0.130000
	pigment { color rgbt <1,0,0,0> }
	no_shadow
}

// nucleotide -1

// particle -1
sphere {
	<25.283133, 18.028038, 0.313109> 0.250000
	pigment { color rgbt <1,0,0,0> }
	no_shadow
}
cylinder {
	<25.078983, 18.361633, 0.396996>,  <24.956493, 18.561790, 0.447328>, 0.100000
	pigment { color rgbt <1,0,0,0> }
	no_shadow
}
cylinder {
	<25.078983, 18.361633, 0.396996>,  <25.283133, 18.028038, 0.313109>, 0.100000
	pigment { color rgbt <1,0,0,0> }
	no_shadow
}

// particle -1
sphere {
	<25.078983, 18.361633, 0.396996> 0.100000
	pigment { color rgbt <1,0,0,0> }
	no_shadow
}
sphere {
	0, 1
	scale<0.080000,0.200000,0.300000>
	matrix <0.573565, 0.148422, 0.805601,
		0.640737, 0.531442, -0.554098,
		-0.510371, 0.833991, 0.209717,
		24.925873, 18.611830, 0.459911>
	pigment { color rgbt <0,1,1,0> }
	no_shadow
}
cylinder {
	<25.774498, 18.463917, 0.498252>,  <25.283133, 18.028038, 0.313109>, 0.130000
	pigment { color rgbt <1,0,0,0> }
	no_shadow
}

// nucleotide -1

// particle -1
sphere {
	<25.774498, 18.463917, 0.498252> 0.250000
	pigment { color rgbt <1,0,0,0> }
	no_shadow
}
cylinder {
	<25.435341, 18.594078, 0.665677>,  <25.231846, 18.672174, 0.766131>, 0.100000
	pigment { color rgbt <1,0,0,0> }
	no_shadow
}
cylinder {
	<25.435341, 18.594078, 0.665677>,  <25.774498, 18.463917, 0.498252>, 0.100000
	pigment { color rgbt <1,0,0,0> }
	no_shadow
}

// particle -1
sphere {
	<25.435341, 18.594078, 0.665677> 0.100000
	pigment { color rgbt <1,0,0,0> }
	no_shadow
}
sphere {
	0, 1
	scale<0.080000,0.200000,0.300000>
	matrix <0.513425, 0.307128, 0.801291,
		0.132189, 0.894308, -0.427480,
		-0.847892, 0.325401, 0.418561,
		25.180973, 18.691698, 0.791245>
	pigment { color rgbt <0,1,1,0> }
	no_shadow
}
cylinder {
	<25.768766, 19.194689, 0.761188>,  <25.774498, 18.463917, 0.498252>, 0.130000
	pigment { color rgbt <1,0,0,0> }
	no_shadow
}

// nucleotide -1

// particle -1
sphere {
	<25.768766, 19.194689, 0.761188> 0.250000
	pigment { color rgbt <1,0,0,0> }
	no_shadow
}
cylinder {
	<25.549484, 18.922905, 0.956250>,  <25.417915, 18.759834, 1.073287>, 0.100000
	pigment { color rgbt <1,0,0,0> }
	no_shadow
}
cylinder {
	<25.549484, 18.922905, 0.956250>,  <25.768766, 19.194689, 0.761188>, 0.100000
	pigment { color rgbt <1,0,0,0> }
	no_shadow
}

// particle -1
sphere {
	<25.549484, 18.922905, 0.956250> 0.100000
	pigment { color rgbt <1,0,0,0> }
	no_shadow
}
sphere {
	0, 1
	scale<0.080000,0.200000,0.300000>
	matrix <0.587933, 0.101606, 0.802503,
		-0.594817, 0.726645, 0.343775,
		-0.548205, -0.679458, 0.487655,
		25.385023, 18.719067, 1.102546>
	pigment { color rgbt <0,1,1,0> }
	no_shadow
}
cylinder {
	<25.743320, 19.520088, 1.363015>,  <25.768766, 19.194689, 0.761188>, 0.130000
	pigment { color rgbt <1,0,0,0> }
	no_shadow
}

// nucleotide -1

// particle -1
sphere {
	<25.743320, 19.520088, 1.363015> 0.250000
	pigment { color rgbt <1,0,0,0> }
	no_shadow
}
cylinder {
	<25.669418, 19.127701, 1.386889>,  <25.625078, 18.892267, 1.401214>, 0.100000
	pigment { color rgbt <1,0,0,0> }
	no_shadow
}
cylinder {
	<25.669418, 19.127701, 1.386889>,  <25.743320, 19.520088, 1.363015>, 0.100000
	pigment { color rgbt <1,0,0,0> }
	no_shadow
}

// particle -1
sphere {
	<25.669418, 19.127701, 1.386889> 0.100000
	pigment { color rgbt <1,0,0,0> }
	no_shadow
}
sphere {
	0, 1
	scale<0.080000,0.200000,0.300000>
	matrix <0.432134, -0.026541, 0.901419,
		-0.882681, 0.192333, 0.428814,
		-0.184754, -0.980971, 0.059686,
		25.613993, 18.833410, 1.404795>
	pigment { color rgbt <0,1,1,0> }
	no_shadow
}
cylinder {
	<25.550251, 19.309214, 2.073106>,  <25.743320, 19.520088, 1.363015>, 0.130000
	pigment { color rgbt <1,0,0,0> }
	no_shadow
}

// nucleotide -1

// particle -1
sphere {
	<25.550251, 19.309214, 2.073106> 0.250000
	pigment { color rgbt <1,0,0,0> }
	no_shadow
}
cylinder {
	<25.680534, 18.970482, 1.904920>,  <25.758705, 18.767242, 1.804008>, 0.100000
	pigment { color rgbt <1,0,0,0> }
	no_shadow
}
cylinder {
	<25.680534, 18.970482, 1.904920>,  <25.550251, 19.309214, 2.073106>, 0.100000
	pigment { color rgbt <1,0,0,0> }
	no_shadow
}

// particle -1
sphere {
	<25.680534, 18.970482, 1.904920> 0.100000
	pigment { color rgbt <1,0,0,0> }
	no_shadow
}
sphere {
	0, 1
	scale<0.080000,0.200000,0.300000>
	matrix <0.420555, -0.268534, 0.866616,
		-0.846786, -0.459094, 0.268674,
		0.325710, -0.846831, -0.420465,
		25.778248, 18.716433, 1.778780>
	pigment { color rgbt <0,1,1,0> }
	no_shadow
}
cylinder {
	<24.837215, 18.967854, 1.852603>,  <25.550251, 19.309214, 2.073106>, 0.130000
	pigment { color rgbt <1,0,0,0> }
	no_shadow
}

// nucleotide -1

// particle -1
sphere {
	<24.837215, 18.967854, 1.852603> 0.250000
	pigment { color rgbt <1,0,0,0> }
	no_shadow
}
cylinder {
	<24.501740, 18.849743, 1.669559>,  <24.300453, 18.778875, 1.559732>, 0.100000
	pigment { color rgbt <1,0,0,0> }
	no_shadow
}
cylinder {
	<24.501740, 18.849743, 1.669559>,  <24.837215, 18.967854, 1.852603>, 0.100000
	pigment { color rgbt <1,0,0,0> }
	no_shadow
}

// particle -1
sphere {
	<24.501740, 18.849743, 1.669559> 0.100000
	pigment { color rgbt <1,0,0,0> }
	no_shadow
}
sphere {
	0, 1
	scale<0.080000,0.200000,0.300000>
	matrix <-0.427490, -0.163651, 0.889084,
		-0.337416, 0.941291, 0.011024,
		-0.838691, -0.295278, -0.457611,
		24.250132, 18.761160, 1.532275>
	pigment { color rgbt <0,1,1,0> }
	no_shadow
}
cylinder {
	<24.123053, 19.302792, 2.020705>,  <24.837215, 18.967854, 1.852603>, 0.130000
	pigment { color rgbt <1,0,0,0> }
	no_shadow
}

// nucleotide -1

// particle -1
sphere {
	<24.123053, 19.302792, 2.020705> 0.250000
	pigment { color rgbt <1,0,0,0> }
	no_shadow
}
cylinder {
	<24.124954, 18.908482, 1.953504>,  <24.126095, 18.671896, 1.913182>, 0.100000
	pigment { color rgbt <1,0,0,0> }
	no_shadow
}
cylinder {
	<24.124954, 18.908482, 1.953504>,  <24.123053, 19.302792, 2.020705>, 0.100000
	pigment { color rgbt <1,0,0,0> }
	no_shadow
}

// particle -1
sphere {
	<24.124954, 18.908482, 1.953504> 0.100000
	pigment { color rgbt <1,0,0,0> }
	no_shadow
}
sphere {
	0, 1
	scale<0.080000,0.200000,0.300000>
	matrix <-0.403252, -0.155630, 0.901758,
		-0.915077, 0.063463, -0.398255,
		0.004752, -0.985775, -0.168005,
		24.126379, 18.612749, 1.903102>
	pigment { color rgbt <0,1,1,0> }
	no_shadow
}
cylinder {
	<23.474173, 18.922483, 1.879975>,  <24.123053, 19.302792, 2.020705>, 0.130000
	pigment { color rgbt <1,0,0,0> }
	no_shadow
}

// nucleotide -1

// particle -1
sphere {
	<23.474173, 18.922483, 1.879975> 0.250000
	pigment { color rgbt <1,0,0,0> }
	no_shadow
}
cylinder {
	<23.748665, 18.720181, 2.089087>,  <23.913361, 18.598799, 2.214553>, 0.100000
	pigment { color rgbt <1,0,0,0> }
	no_shadow
}
cylinder {
	<23.748665, 18.720181, 2.089087>,  <23.474173, 18.922483, 1.879975>, 0.100000
	pigment { color rgbt <1,0,0,0> }
	no_shadow
}

// particle -1
sphere {
	<23.748665, 18.720181, 2.089087> 0.100000
	pigment { color rgbt <1,0,0,0> }
	no_shadow
}
sphere {
	0, 1
	scale<0.080000,0.200000,0.300000>
	matrix <-0.611305, -0.011496, 0.791312,
		-0.394204, -0.862598, -0.317062,
		0.686229, -0.505759, 0.522778,
		23.954535, 18.568453, 2.245920>
	pigment { color rgbt <0,1,1,0> }
	no_shadow
}
cylinder {
	<23.194071, 18.351950, 2.186954>,  <23.474173, 18.922483, 1.879975>, 0.130000
	pigment { color rgbt <1,0,0,0> }
	no_shadow
}

// nucleotide -1

// particle -1
sphere {
	<23.194071, 18.351950, 2.186954> 0.250000
	pigment { color rgbt <1,0,0,0> }
	no_shadow
}
cylinder {
	<23.496704, 18.479160, 2.415496>,  <23.678284, 18.555487, 2.552621>, 0.100000
	pigment { color rgbt <1,0,0,0> }
	no_shadow
}
cylinder {
	<23.496704, 18.479160, 2.415496>,  <23.194071, 18.351950, 2.186954>, 0.100000
	pigment { color rgbt <1,0,0,0> }
	no_shadow
}

// particle -1
sphere {
	<23.496704, 18.479160, 2.415496> 0.100000
	pigment { color rgbt <1,0,0,0> }
	no_shadow
}
sphere {
	0, 1
	scale<0.080000,0.200000,0.300000>
	matrix <-0.621729, 0.079168, 0.779221,
		0.202578, -0.944772, 0.257622,
		0.756581, 0.318024, 0.571354,
		23.723679, 18.574568, 2.586902>
	pigment { color rgbt <0,1,1,0> }
	no_shadow
}
cylinder {
	<22.879124, 18.279432, 2.829113>,  <23.194071, 18.351950, 2.186954>, 0.130000
	pigment { color rgbt <1,0,0,0> }
	no_shadow
}

// nucleotide -1

// particle -1
sphere {
	<22.879124, 18.279432, 2.829113> 0.250000
	pigment { color rgbt <1,0,0,0> }
	no_shadow
}
cylinder {
	<23.194477, 18.512844, 2.907031>,  <23.383690, 18.652891, 2.953782>, 0.100000
	pigment { color rgbt <1,0,0,0> }
	no_shadow
}
cylinder {
	<23.194477, 18.512844, 2.907031>,  <22.879124, 18.279432, 2.829113>, 0.100000
	pigment { color rgbt <1,0,0,0> }
	no_shadow
}

// particle -1
sphere {
	<23.194477, 18.512844, 2.907031> 0.100000
	pigment { color rgbt <1,0,0,0> }
	no_shadow
}
sphere {
	0, 1
	scale<0.080000,0.200000,0.300000>
	matrix <-0.395821, 0.238762, 0.886746,
		0.470933, -0.776199, 0.419210,
		0.788383, 0.583530, 0.194795,
		23.430992, 18.687902, 2.965470>
	pigment { color rgbt <0,1,1,0> }
	no_shadow
}
cylinder {
	<23.139429, 18.031588, 3.461836>,  <22.879124, 18.279432, 2.829113>, 0.130000
	pigment { color rgbt <1,0,0,0> }
	no_shadow
}

// nucleotide -1

// particle -1
sphere {
	<23.139429, 18.031588, 3.461836> 0.250000
	pigment { color rgbt <1,0,0,0> }
	no_shadow
}
cylinder {
	<23.241013, 18.410336, 3.382902>,  <23.301964, 18.637585, 3.335542>, 0.100000
	pigment { color rgbt <1,0,0,0> }
	no_shadow
}
cylinder {
	<23.241013, 18.410336, 3.382902>,  <23.139429, 18.031588, 3.461836>, 0.100000
	pigment { color rgbt <1,0,0,0> }
	no_shadow
}

// particle -1
sphere {
	<23.241013, 18.410336, 3.382902> 0.100000
	pigment { color rgbt <1,0,0,0> }
	no_shadow
}
sphere {
	0, 1
	scale<0.080000,0.200000,0.300000>
	matrix <-0.418873, 0.291568, 0.859961,
		0.871808, -0.135739, 0.470665,
		0.253961, 0.946870, -0.197334,
		23.317202, 18.694397, 3.323702>
	pigment { color rgbt <0,1,1,0> }
	no_shadow
}
cylinder {
	<23.488316, 18.296547, 4.106712>,  <23.139429, 18.031588, 3.461836>, 0.130000
	pigment { color rgbt <1,0,0,0> }
	no_shadow
}

// nucleotide -1

// particle -1
sphere {
	<23.488316, 18.296547, 4.106712> 0.250000
	pigment { color rgbt <1,0,0,0> }
	no_shadow
}
cylinder {
	<23.283989, 18.579346, 3.911072>,  <23.161392, 18.749025, 3.793688>, 0.100000
	pigment { color rgbt <1,0,0,0> }
	no_shadow
}
cylinder {
	<23.283989, 18.579346, 3.911072>,  <23.488316, 18.296547, 4.106712>, 0.100000
	pigment { color rgbt <1,0,0,0> }
	no_shadow
}

// particle -1
sphere {
	<23.283989, 18.579346, 3.911072> 0.100000
	pigment { color rgbt <1,0,0,0> }
	no_shadow
}
sphere {
	0, 1
	scale<0.080000,0.200000,0.300000>
	matrix <-0.312363, 0.377406, 0.871776,
		0.800934, 0.598095, 0.028055,
		-0.510817, 0.706999, -0.489100,
		23.130743, 18.791445, 3.764342>
	pigment { color rgbt <0,1,1,0> }
	no_shadow
}
cylinder {
	<23.550104, 18.880741, 4.412837>,  <23.488316, 18.296547, 4.106712>, 0.130000
	pigment { color rgbt <1,0,0,0> }
	no_shadow
}

// nucleotide -1

// particle -1
sphere {
	<23.550104, 18.880741, 4.412837> 0.250000
	pigment { color rgbt <1,0,0,0> }
	no_shadow
}
cylinder {
	<23.193539, 18.963150, 4.251377>,  <22.979599, 19.012596, 4.154501>, 0.100000
	pigment { color rgbt <1,0,0,0> }
	no_shadow
}
cylinder {
	<23.193539, 18.963150, 4.251377>,  <23.550104, 18.880741, 4.412837>, 0.100000
	pigment { color rgbt <1,0,0,0> }
	no_shadow
}

// particle -1
sphere {
	<23.193539, 18.963150, 4.251377> 0.100000
	pigment { color rgbt <1,0,0,0> }
	no_shadow
}
sphere {
	0, 1
	scale<0.080000,0.200000,0.300000>
	matrix <-0.300108, 0.399043, 0.866430,
		0.339579, 0.893487, -0.293884,
		-0.891416, 0.206024, -0.403649,
		22.926113, 19.024958, 4.130282>
	pigment { color rgbt <0,1,1,0> }
	no_shadow
}
cylinder {
	<23.249418, 19.557100, 4.620751>,  <23.550104, 18.880741, 4.412837>, 0.130000
	pigment { color rgbt <1,0,0,0> }
	no_shadow
}

// nucleotide -1

// particle -1
sphere {
	<23.249418, 19.557100, 4.620751> 0.250000
	pigment { color rgbt <1,0,0,0> }
	no_shadow
}
cylinder {
	<22.947220, 19.315987, 4.518086>,  <22.765902, 19.171318, 4.456487>, 0.100000
	pigment { color rgbt <1,0,0,0> }
	no_shadow
}
cylinder {
	<22.947220, 19.315987, 4.518086>,  <23.249418, 19.557100, 4.620751>, 0.100000
	pigment { color rgbt <1,0,0,0> }
	no_shadow
}

// particle -1
sphere {
	<22.947220, 19.315987, 4.518086> 0.100000
	pigment { color rgbt <1,0,0,0> }
	no_shadow
}
sphere {
	0, 1
	scale<0.080000,0.200000,0.300000>
	matrix <-0.449295, 0.191570, 0.872602,
		-0.476822, 0.774566, -0.415559,
		-0.755496, -0.602785, -0.256664,
		22.720572, 19.135151, 4.441087>
	pigment { color rgbt <0,1,1,0> }
	no_shadow
}
cylinder {
	<22.471741, 19.883892, 4.683321>,  <23.249418, 19.557100, 4.620751>, 0.130000
	pigment { color rgbt <1,0,0,0> }
	no_shadow
}

// nucleotide -1

// particle -1
sphere {
	<22.471741, 19.883892, 4.683321> 0.250000
	pigment { color rgbt <1,0,0,0> }
	no_shadow
}
cylinder {
	<22.523445, 19.491001, 4.737759>,  <22.554468, 19.255266, 4.770421>, 0.100000
	pigment { color rgbt <1,0,0,0> }
	no_shadow
}
cylinder {
	<22.523445, 19.491001, 4.737759>,  <22.471741, 19.883892, 4.683321>, 0.100000
	pigment { color rgbt <1,0,0,0> }
	no_shadow
}

// particle -1
sphere {
	<22.523445, 19.491001, 4.737759> 0.100000
	pigment { color rgbt <1,0,0,0> }
	no_shadow
}
sphere {
	0, 1
	scale<0.080000,0.200000,0.300000>
	matrix <-0.281834, 0.095194, 0.954729,
		-0.950716, -0.161764, -0.264520,
		0.129260, -0.982227, 0.136093,
		22.562223, 19.196333, 4.778587>
	pigment { color rgbt <0,1,1,0> }
	no_shadow
}
cylinder {
	<21.793619, 19.525393, 4.934571>,  <22.471741, 19.883892, 4.683321>, 0.130000
	pigment { color rgbt <1,0,0,0> }
	no_shadow
}

// nucleotide -1

// particle -1
sphere {
	<21.793619, 19.525393, 4.934571> 0.250000
	pigment { color rgbt <1,0,0,0> }
	no_shadow
}
cylinder {
	<22.113209, 19.313110, 5.047707>,  <22.304962, 19.185741, 5.115588>, 0.100000
	pigment { color rgbt <1,0,0,0> }
	no_shadow
}
cylinder {
	<22.113209, 19.313110, 5.047707>,  <21.793619, 19.525393, 4.934571>, 0.100000
	pigment { color rgbt <1,0,0,0> }
	no_shadow
}

// particle -1
sphere {
	<22.113209, 19.313110, 5.047707> 0.100000
	pigment { color rgbt <1,0,0,0> }
	no_shadow
}
sphere {
	0, 1
	scale<0.080000,0.200000,0.300000>
	matrix <-0.320906, 0.021509, 0.946867,
		-0.508589, -0.847285, -0.153121,
		0.798972, -0.530703, 0.282838,
		22.352900, 19.153900, 5.132558>
	pigment { color rgbt <0,1,1,0> }
	no_shadow
}
cylinder {
	<21.460377, 19.048601, 5.319458>,  <21.793619, 19.525393, 4.934571>, 0.130000
	pigment { color rgbt <1,0,0,0> }
	no_shadow
}

// nucleotide -1

// particle -1
sphere {
	<21.460377, 19.048601, 5.319458> 0.250000
	pigment { color rgbt <1,0,0,0> }
	no_shadow
}
cylinder {
	<21.844597, 19.109921, 5.412270>,  <22.075130, 19.146713, 5.467957>, 0.100000
	pigment { color rgbt <1,0,0,0> }
	no_shadow
}
cylinder {
	<21.844597, 19.109921, 5.412270>,  <21.460377, 19.048601, 5.319458>, 0.100000
	pigment { color rgbt <1,0,0,0> }
	no_shadow
}

// particle -1
sphere {
	<21.844597, 19.109921, 5.412270> 0.100000
	pigment { color rgbt <1,0,0,0> }
	no_shadow
}
sphere {
	0, 1
	scale<0.080000,0.200000,0.300000>
	matrix <-0.263446, 0.234361, 0.935773,
		0.089074, -0.959987, 0.265502,
		0.960553, 0.153298, 0.232030,
		22.132763, 19.155910, 5.481878>
	pigment { color rgbt <0,1,1,0> }
	no_shadow
}
cylinder {
	<21.672247, 18.649326, 5.967737>,  <21.460377, 19.048601, 5.319458>, 0.130000
	pigment { color rgbt <1,0,0,0> }
	no_shadow
}

// nucleotide -1

// particle -1
sphere {
	<21.672247, 18.649326, 5.967737> 0.250000
	pigment { color rgbt <1,0,0,0> }
	no_shadow
}
cylinder {
	<21.895569, 18.973755, 5.897928>,  <22.029562, 19.168411, 5.856043>, 0.100000
	pigment { color rgbt <1,0,0,0> }
	no_shadow
}
cylinder {
	<21.895569, 18.973755, 5.897928>,  <21.672247, 18.649326, 5.967737>, 0.100000
	pigment { color rgbt <1,0,0,0> }
	no_shadow
}

// particle -1
sphere {
	<21.895569, 18.973755, 5.897928> 0.100000
	pigment { color rgbt <1,0,0,0> }
	no_shadow
}
sphere {
	0, 1
	scale<0.080000,0.200000,0.300000>
	matrix <-0.140815, 0.299949, 0.943505,
		0.817598, -0.502188, 0.281674,
		0.558305, 0.811072, -0.174522,
		22.063061, 19.217077, 5.845572>
	pigment { color rgbt <0,1,1,0> }
	no_shadow
}
cylinder {
	<22.308407, 18.741852, 6.370279>,  <21.672247, 18.649326, 5.967737>, 0.130000
	pigment { color rgbt <1,0,0,0> }
	no_shadow
}

// nucleotide -1

// particle -1
sphere {
	<22.308407, 18.741852, 6.370279> 0.250000
	pigment { color rgbt <1,0,0,0> }
	no_shadow
}
cylinder {
	<22.219395, 19.121952, 6.283094>,  <22.165987, 19.350012, 6.230784>, 0.100000
	pigment { color rgbt <1,0,0,0> }
	no_shadow
}
cylinder {
	<22.219395, 19.121952, 6.283094>,  <22.308407, 18.741852, 6.370279>, 0.100000
	pigment { color rgbt <1,0,0,0> }
	no_shadow
}

// particle -1
sphere {
	<22.219395, 19.121952, 6.283094> 0.100000
	pigment { color rgbt <1,0,0,0> }
	no_shadow
}
sphere {
	0, 1
	scale<0.080000,0.200000,0.300000>
	matrix <-0.094161, 0.201573, 0.974937,
		0.970368, 0.237476, 0.044621,
		-0.222530, 0.950249, -0.217961,
		22.152636, 19.407026, 6.217706>
	pigment { color rgbt <0,1,1,0> }
	no_shadow
}
cylinder {
	<22.658882, 19.248579, 6.743302>,  <22.308407, 18.741852, 6.370279>, 0.130000
	pigment { color rgbt <1,0,0,0> }
	no_shadow
}

// nucleotide -1

// particle -1
sphere {
	<22.658882, 19.248579, 6.743302> 0.250000
	pigment { color rgbt <1,0,0,0> }
	no_shadow
}
cylinder {
	<22.317162, 19.438232, 6.658102>,  <22.112129, 19.552025, 6.606982>, 0.100000
	pigment { color rgbt <1,0,0,0> }
	no_shadow
}
cylinder {
	<22.317162, 19.438232, 6.658102>,  <22.658882, 19.248579, 6.743302>, 0.100000
	pigment { color rgbt <1,0,0,0> }
	no_shadow
}

// particle -1
sphere {
	<22.317162, 19.438232, 6.658102> 0.100000
	pigment { color rgbt <1,0,0,0> }
	no_shadow
}
sphere {
	0, 1
	scale<0.080000,0.200000,0.300000>
	matrix <-0.064000, 0.310718, 0.948345,
		0.515825, 0.823803, -0.235102,
		-0.854300, 0.474134, -0.212999,
		22.060871, 19.580473, 6.594202>
	pigment { color rgbt <0,1,1,0> }
	no_shadow
}
cylinder {
	<22.689209, 19.949711, 6.990222>,  <22.658882, 19.248579, 6.743302>, 0.130000
	pigment { color rgbt <1,0,0,0> }
	no_shadow
}

// nucleotide -1

// particle -1
sphere {
	<22.689209, 19.949711, 6.990222> 0.250000
	pigment { color rgbt <1,0,0,0> }
	no_shadow
}
cylinder {
	<22.312447, 19.815712, 6.980480>,  <22.086390, 19.735313, 6.974635>, 0.100000
	pigment { color rgbt <1,0,0,0> }
	no_shadow
}
cylinder {
	<22.312447, 19.815712, 6.980480>,  <22.689209, 19.949711, 6.990222>, 0.100000
	pigment { color rgbt <1,0,0,0> }
	no_shadow
}

// particle -1
sphere {
	<22.312447, 19.815712, 6.980480> 0.100000
	pigment { color rgbt <1,0,0,0> }
	no_shadow
}
sphere {
	0, 1
	scale<0.080000,0.200000,0.300000>
	matrix <-0.149316, 0.352667, 0.923759,
		-0.300867, 0.873729, -0.382199,
		-0.941904, -0.334997, -0.024356,
		22.029875, 19.715212, 6.973173>
	pigment { color rgbt <0,1,1,0> }
	no_shadow
}
cylinder {
	<22.260990, 20.378761, 7.367979>,  <22.689209, 19.949711, 6.990222>, 0.130000
	pigment { color rgbt <1,0,0,0> }
	no_shadow
}

// nucleotide -1

// particle -1
sphere {
	<22.260990, 20.378761, 7.367979> 0.250000
	pigment { color rgbt <1,0,0,0> }
	no_shadow
}
cylinder {
	<22.060371, 20.033367, 7.389294>,  <21.940001, 19.826130, 7.402082>, 0.100000
	pigment { color rgbt <1,0,0,0> }
	no_shadow
}
cylinder {
	<22.060371, 20.033367, 7.389294>,  <22.260990, 20.378761, 7.367979>, 0.100000
	pigment { color rgbt <1,0,0,0> }
	no_shadow
}

// particle -1
sphere {
	<22.060371, 20.033367, 7.389294> 0.100000
	pigment { color rgbt <1,0,0,0> }
	no_shadow
}
sphere {
	0, 1
	scale<0.080000,0.200000,0.300000>
	matrix <-0.165439, 0.156185, 0.973774,
		-0.849164, 0.479578, -0.221189,
		-0.501547, -0.863488, 0.053286,
		21.909906, 19.774321, 7.405280>
	pigment { color rgbt <0,1,1,0> }
	no_shadow
}
cylinder {
	<21.544996, 20.491446, 7.660602>,  <22.260990, 20.378761, 7.367979>, 0.130000
	pigment { color rgbt <1,0,0,0> }
	no_shadow
}

// nucleotide -1

// particle -1
sphere {
	<21.544996, 20.491446, 7.660602> 0.250000
	pigment { color rgbt <1,0,0,0> }
	no_shadow
}
cylinder {
	<21.733246, 20.145996, 7.732897>,  <21.846195, 19.938726, 7.776274>, 0.100000
	pigment { color rgbt <1,0,0,0> }
	no_shadow
}
cylinder {
	<21.733246, 20.145996, 7.732897>,  <21.544996, 20.491446, 7.660602>, 0.100000
	pigment { color rgbt <1,0,0,0> }
	no_shadow
}

// particle -1
sphere {
	<21.733246, 20.145996, 7.732897> 0.100000
	pigment { color rgbt <1,0,0,0> }
	no_shadow
}
sphere {
	0, 1
	scale<0.080000,0.200000,0.300000>
	matrix <-0.068015, 0.168721, 0.983315,
		-0.879708, -0.475065, 0.020664,
		0.470624, -0.863625, 0.180737,
		21.874434, 19.886909, 7.787118>
	pigment { color rgbt <0,1,1,0> }
	no_shadow
}
cylinder {
	<21.163137, 20.034672, 8.142298>,  <21.544996, 20.491446, 7.660602>, 0.130000
	pigment { color rgbt <1,0,0,0> }
	no_shadow
}

// nucleotide -1

// particle -1
sphere {
	<21.163137, 20.034672, 8.142298> 0.250000
	pigment { color rgbt <1,0,0,0> }
	no_shadow
}
cylinder {
	<21.553226, 19.950638, 8.170024>,  <21.787279, 19.900217, 8.186660>, 0.100000
	pigment { color rgbt <1,0,0,0> }
	no_shadow
}
cylinder {
	<21.553226, 19.950638, 8.170024>,  <21.163137, 20.034672, 8.142298>, 0.100000
	pigment { color rgbt <1,0,0,0> }
	no_shadow
}

// particle -1
sphere {
	<21.553226, 19.950638, 8.170024> 0.100000
	pigment { color rgbt <1,0,0,0> }
	no_shadow
}
sphere {
	0, 1
	scale<0.080000,0.200000,0.300000>
	matrix <-0.080621, -0.045720, 0.995696,
		-0.206015, -0.976613, -0.061525,
		0.975222, -0.210089, 0.069316,
		21.845793, 19.887611, 8.190819>
	pigment { color rgbt <0,1,1,0> }
	no_shadow
}
cylinder {
	<21.242590, 19.469070, 8.697235>,  <21.163137, 20.034672, 8.142298>, 0.130000
	pigment { color rgbt <1,0,0,0> }
	no_shadow
}

// nucleotide -1

// particle -1
sphere {
	<21.242590, 19.469070, 8.697235> 0.250000
	pigment { color rgbt <1,0,0,0> }
	no_shadow
}
cylinder {
	<21.599380, 19.643620, 8.649978>,  <21.813454, 19.748348, 8.621623>, 0.100000
	pigment { color rgbt <1,0,0,0> }
	no_shadow
}
cylinder {
	<21.599380, 19.643620, 8.649978>,  <21.242590, 19.469070, 8.697235>, 0.100000
	pigment { color rgbt <1,0,0,0> }
	no_shadow
}

// particle -1
sphere {
	<21.599380, 19.643620, 8.649978> 0.100000
	pigment { color rgbt <1,0,0,0> }
	no_shadow
}
sphere {
	0, 1
	scale<0.080000,0.200000,0.300000>
	matrix <0.071129, 0.122617, 0.989902,
		0.446454, -0.891371, 0.078333,
		0.891975, 0.436374, -0.118145,
		21.866974, 19.774532, 8.614534>
	pigment { color rgbt <0,1,1,0> }
	no_shadow
}
cylinder {
	<21.787401, 18.985853, 8.928451>,  <21.242590, 19.469070, 8.697235>, 0.130000
	pigment { color rgbt <1,0,0,0> }
	no_shadow
}

// nucleotide -1

// particle -1
sphere {
	<21.787401, 18.985853, 8.928451> 0.250000
	pigment { color rgbt <1,0,0,0> }
	no_shadow
}
cylinder {
	<21.816448, 19.382854, 8.967780>,  <21.833876, 19.621056, 8.991378>, 0.100000
	pigment { color rgbt <1,0,0,0> }
	no_shadow
}
cylinder {
	<21.816448, 19.382854, 8.967780>,  <21.787401, 18.985853, 8.928451>, 0.100000
	pigment { color rgbt <1,0,0,0> }
	no_shadow
}

// particle -1
sphere {
	<21.816448, 19.382854, 8.967780> 0.100000
	pigment { color rgbt <1,0,0,0> }
	no_shadow
}
sphere {
	0, 1
	scale<0.080000,0.200000,0.300000>
	matrix <0.215399, -0.111863, 0.970098,
		0.973822, -0.049265, -0.221907,
		0.072615, 0.992502, 0.098323,
		21.838232, 19.680605, 8.997277>
	pigment { color rgbt <0,1,1,0> }
	no_shadow
}
cylinder {
	<22.282667, 19.066784, 9.459595>,  <21.787401, 18.985853, 8.928451>, 0.130000
	pigment { color rgbt <1,0,0,0> }
	no_shadow
}

// nucleotide -1

// particle -1
sphere {
	<22.282667, 19.066784, 9.459595> 0.250000
	pigment { color rgbt <1,0,0,0> }
	no_shadow
}
cylinder {
	<22.062428, 19.400688, 9.458164>,  <21.930283, 19.601030, 9.457306>, 0.100000
	pigment { color rgbt <1,0,0,0> }
	no_shadow
}
cylinder {
	<22.062428, 19.400688, 9.458164>,  <22.282667, 19.066784, 9.459595>, 0.100000
	pigment { color rgbt <1,0,0,0> }
	no_shadow
}

// particle -1
sphere {
	<22.062428, 19.400688, 9.458164> 0.100000
	pigment { color rgbt <1,0,0,0> }
	no_shadow
}
sphere {
	0, 1
	scale<0.080000,0.200000,0.300000>
	matrix <0.016033, 0.014858, 0.999761,
		0.834615, 0.550411, -0.021564,
		-0.550600, 0.834762, -0.003576,
		21.897247, 19.651117, 9.457091>
	pigment { color rgbt <0,1,1,0> }
	no_shadow
}
cylinder {
	<22.780823, 19.565722, 9.690039>,  <22.282667, 19.066784, 9.459595>, 0.130000
	pigment { color rgbt <1,0,0,0> }
	no_shadow
}

// nucleotide -1

// particle -1
sphere {
	<22.780823, 19.565722, 9.690039> 0.250000
	pigment { color rgbt <1,0,0,0> }
	no_shadow
}
cylinder {
	<22.411297, 19.615757, 9.834767>,  <22.189581, 19.645779, 9.921604>, 0.100000
	pigment { color rgbt <1,0,0,0> }
	no_shadow
}
cylinder {
	<22.411297, 19.615757, 9.834767>,  <22.780823, 19.565722, 9.690039>, 0.100000
	pigment { color rgbt <1,0,0,0> }
	no_shadow
}

// particle -1
sphere {
	<22.411297, 19.615757, 9.834767> 0.100000
	pigment { color rgbt <1,0,0,0> }
	no_shadow
}
sphere {
	0, 1
	scale<0.080000,0.200000,0.300000>
	matrix <0.350307, -0.105031, 0.930728,
		0.154426, 0.986571, 0.053210,
		-0.923817, 0.125088, 0.361822,
		22.134151, 19.653284, 9.943314>
	pigment { color rgbt <0,1,1,0> }
	no_shadow
}
cylinder {
	<22.840816, 20.057587, 10.275273>,  <22.780823, 19.565722, 9.690039>, 0.130000
	pigment { color rgbt <1,0,0,0> }
	no_shadow
}

// nucleotide -1

// particle -1
sphere {
	<22.840816, 20.057587, 10.275273> 0.250000
	pigment { color rgbt <1,0,0,0> }
	no_shadow
}
cylinder {
	<22.496998, 19.860996, 10.331317>,  <22.290707, 19.743042, 10.364943>, 0.100000
	pigment { color rgbt <1,0,0,0> }
	no_shadow
}
cylinder {
	<22.496998, 19.860996, 10.331317>,  <22.840816, 20.057587, 10.275273>, 0.100000
	pigment { color rgbt <1,0,0,0> }
	no_shadow
}

// particle -1
sphere {
	<22.496998, 19.860996, 10.331317> 0.100000
	pigment { color rgbt <1,0,0,0> }
	no_shadow
}
sphere {
	0, 1
	scale<0.080000,0.200000,0.300000>
	matrix <0.183910, -0.041681, 0.982059,
		-0.476819, 0.869893, 0.126214,
		-0.859547, -0.491476, 0.140108,
		22.239134, 19.713552, 10.373349>
	pigment { color rgbt <0,1,1,0> }
	no_shadow
}
cylinder {
	<22.456888, 20.359369, 10.844791>,  <22.840816, 20.057587, 10.275273>, 0.130000
	pigment { color rgbt <1,0,0,0> }
	no_shadow
}

// nucleotide -1

// particle -1
sphere {
	<22.456888, 20.359369, 10.844791> 0.250000
	pigment { color rgbt <1,0,0,0> }
	no_shadow
}
cylinder {
	<22.275566, 20.003002, 10.833642>,  <22.166773, 19.789183, 10.826952>, 0.100000
	pigment { color rgbt <1,0,0,0> }
	no_shadow
}
cylinder {
	<22.275566, 20.003002, 10.833642>,  <22.456888, 20.359369, 10.844791>, 0.100000
	pigment { color rgbt <1,0,0,0> }
	no_shadow
}

// particle -1
sphere {
	<22.275566, 20.003002, 10.833642> 0.100000
	pigment { color rgbt <1,0,0,0> }
	no_shadow
}
sphere {
	0, 1
	scale<0.080000,0.200000,0.300000>
	matrix <0.075906, -0.069741, 0.994673,
		-0.888116, 0.448777, 0.099240,
		-0.453307, -0.890918, -0.027873,
		22.139574, 19.735727, 10.825280>
	pigment { color rgbt <0,1,1,0> }
	no_shadow
}
cylinder {
	<22.121338, 20.351456, 11.478008>,  <22.456888, 20.359369, 10.844791>, 0.130000
	pigment { color rgbt <1,0,0,0> }
	no_shadow
}

// nucleotide -1

// particle -1
sphere {
	<22.121338, 20.351456, 11.478008> 0.250000
	pigment { color rgbt <1,0,0,0> }
	no_shadow
}
cylinder {
	<22.139950, 19.969131, 11.361895>,  <22.151117, 19.739737, 11.292227>, 0.100000
	pigment { color rgbt <1,0,0,0> }
	no_shadow
}
cylinder {
	<22.139950, 19.969131, 11.361895>,  <22.121338, 20.351456, 11.478008>, 0.100000
	pigment { color rgbt <1,0,0,0> }
	no_shadow
}

// particle -1
sphere {
	<22.139950, 19.969131, 11.361895> 0.100000
	pigment { color rgbt <1,0,0,0> }
	no_shadow
}
sphere {
	0, 1
	scale<0.080000,0.200000,0.300000>
	matrix <0.019746, -0.289661, 0.956926,
		-0.998722, -0.050257, 0.005396,
		0.046529, -0.955809, -0.290283,
		22.153908, 19.682388, 11.274810>
	pigment { color rgbt <0,1,1,0> }
	no_shadow
}
cylinder {
	<21.706619, 20.052059, 11.900411>,  <22.121338, 20.351456, 11.478008>, 0.130000
	pigment { color rgbt <1,0,0,0> }
	no_shadow
}

// nucleotide -1

// particle -1
sphere {
	<21.706619, 20.052059, 11.900411> 0.250000
	pigment { color rgbt <1,0,0,0> }
	no_shadow
}
cylinder {
	<21.935112, 19.746754, 11.779662>,  <22.072206, 19.563570, 11.707213>, 0.100000
	pigment { color rgbt <1,0,0,0> }
	no_shadow
}
cylinder {
	<21.935112, 19.746754, 11.779662>,  <21.706619, 20.052059, 11.900411>, 0.100000
	pigment { color rgbt <1,0,0,0> }
	no_shadow
}

// particle -1
sphere {
	<21.935112, 19.746754, 11.779662> 0.100000
	pigment { color rgbt <1,0,0,0> }
	no_shadow
}
sphere {
	0, 1
	scale<0.080000,0.200000,0.300000>
	matrix <-0.045011, -0.396358, 0.916992,
		-0.819555, -0.510226, -0.260766,
		0.571229, -0.763263, -0.301871,
		22.106482, 19.517775, 11.689101>
	pigment { color rgbt <0,1,1,0> }
	no_shadow
}
cylinder {
	<21.308981, 19.379438, 11.993896>,  <21.706619, 20.052059, 11.900411>, 0.130000
	pigment { color rgbt <1,0,0,0> }
	no_shadow
}

// nucleotide -1

// particle -1
sphere {
	<21.308981, 19.379438, 11.993896> 0.250000
	pigment { color rgbt <1,0,0,0> }
	no_shadow
}
cylinder {
	<21.695889, 19.278183, 11.986842>,  <21.928034, 19.217430, 11.982610>, 0.100000
	pigment { color rgbt <1,0,0,0> }
	no_shadow
}
cylinder {
	<21.695889, 19.278183, 11.986842>,  <21.308981, 19.379438, 11.993896>, 0.100000
	pigment { color rgbt <1,0,0,0> }
	no_shadow
}

// particle -1
sphere {
	<21.695889, 19.278183, 11.986842> 0.100000
	pigment { color rgbt <1,0,0,0> }
	no_shadow
}
sphere {
	0, 1
	scale<0.080000,0.200000,0.300000>
	matrix <-0.066071, -0.318350, 0.945668,
		-0.244995, -0.913552, -0.324655,
		0.967270, -0.253134, -0.017635,
		21.986069, 19.202242, 11.981551>
	pigment { color rgbt <0,1,1,0> }
	no_shadow
}
cylinder {
	<21.313726, 18.805235, 12.339350>,  <21.308981, 19.379438, 11.993896>, 0.130000
	pigment { color rgbt <1,0,0,0> }
	no_shadow
}

// nucleotide -1

// particle -1
sphere {
	<21.313726, 18.805235, 12.339350> 0.250000
	pigment { color rgbt <1,0,0,0> }
	no_shadow
}
cylinder {
	<21.702324, 18.900021, 12.336650>,  <21.935482, 18.956892, 12.335030>, 0.100000
	pigment { color rgbt <1,0,0,0> }
	no_shadow
}
cylinder {
	<21.702324, 18.900021, 12.336650>,  <21.313726, 18.805235, 12.339350>, 0.100000
	pigment { color rgbt <1,0,0,0> }
	no_shadow
}

// particle -1
sphere {
	<21.702324, 18.900021, 12.336650> 0.100000
	pigment { color rgbt <1,0,0,0> }
	no_shadow
}
sphere {
	0, 1
	scale<0.080000,0.200000,0.300000>
	matrix <0.034998, -0.115208, 0.992725,
		0.234463, -0.964663, -0.120218,
		0.971495, 0.236965, -0.006750,
		21.993773, 18.971109, 12.334625>
	pigment { color rgbt <0,1,1,0> }
	no_shadow
}
cylinder {
	<21.679937, 18.298582, 12.815392>,  <21.313726, 18.805235, 12.339350>, 0.130000
	pigment { color rgbt <1,0,0,0> }
	no_shadow
}

// nucleotide -1

// particle -1
sphere {
