// switches for output
#declare DRAW_BASES = 1; // possible values are 0, 1; only relevant for DNA ribbons
#declare DRAW_BASES_TYPE = 3; // possible values are 1, 2, 3; only relevant for DNA ribbons
#declare DRAW_FOG = 0; // set to 1 to enable fog

#include "colors.inc"

#include "transforms.inc"
background { rgb <1, 1, 1>}

#default {
   normal{
       ripples 0.25
       frequency 0.20
       turbulence 0.2
       lambda 5
   }
	finish {
		phong 0.1
		phong_size 40.
	}
}

// original window dimensions: 1024x640


// camera settings

camera {
	sky <-0, 1, 0>
	up <-0, 1, 0>
	right 1.6 * <1, 0, 0>
	location <18.5, 18.5, 82.5562>
	look_at <18.5, 18.5, 18.5>
	direction <0, 0, -64.0562>
	angle 67.0682
}


# declare cpy_camera_pos = <18.5, 18.5, 82.5562>;
# if (DRAW_FOG = 1)
fog {
	fog_type 2
	up vnormalize(cpy_camera_pos)
	color rgbt<1,1,1,0.3>
	distance 1e-5
	fog_alt 3e-3
	fog_offset 29.6
}
# end


// LIGHTS

# declare lum = 6;
global_settings {
	ambient_light rgb lum * <0.05, 0.05, 0.05>
	max_trace_level 15
}# declare cpy_direct_light_amount = 0.25;
light_source
{	1000 * <-1, -1, 1>,
	rgb lum * cpy_direct_light_amount
	parallel
}

light_source
{	1000 * <1, 1, -1>,
	rgb lum * cpy_direct_light_amount
	parallel
}

// strand 0

// nucleotide -1

// particle -1
sphere {
	<23.120552, 17.195639, -2.666776> 0.250000
	pigment { color rgbt <1,0,0,0> }
	no_shadow
}
cylinder {
	<23.319183, 16.848446, -2.668316>,  <23.438362, 16.640129, -2.669240>, 0.100000
	pigment { color rgbt <1,0,0,0> }
	no_shadow
}
cylinder {
	<23.319183, 16.848446, -2.668316>,  <23.120552, 17.195639, -2.666776>, 0.100000
	pigment { color rgbt <1,0,0,0> }
	no_shadow
}

// particle -1
sphere {
	<23.319183, 16.848446, -2.668316> 0.100000
	pigment { color rgbt <1,0,0,0> }
	no_shadow
}
sphere {
	0, 1
	scale<0.080000,0.200000,0.300000>
	matrix <-0.608046, -0.351024, 0.712083,
		-0.619428, -0.351263, -0.702084,
		0.496577, -0.867984, -0.003850,
		23.468157, 16.588051, -2.669471>
	pigment { color rgbt <0,1,1,0> }
	no_shadow
}
cylinder {
	<22.519354, 16.679949, -2.574011>,  <23.120552, 17.195639, -2.666776>, 0.130000
	pigment { color rgbt <1,0,0,0> }
	no_shadow
}

// nucleotide -1

// particle -1
sphere {
	<22.519354, 16.679949, -2.574011> 0.250000
	pigment { color rgbt <1,0,0,0> }
	no_shadow
}
cylinder {
	<22.894165, 16.626610, -2.444892>,  <23.119051, 16.594606, -2.367420>, 0.100000
	pigment { color rgbt <1,0,0,0> }
	no_shadow
}
cylinder {
	<22.894165, 16.626610, -2.444892>,  <22.519354, 16.679949, -2.574011>, 0.100000
	pigment { color rgbt <1,0,0,0> }
	no_shadow
}

// particle -1
sphere {
	<22.894165, 16.626610, -2.444892> 0.100000
	pigment { color rgbt <1,0,0,0> }
	no_shadow
}
sphere {
	0, 1
	scale<0.080000,0.200000,0.300000>
	matrix <-0.338042, -0.113942, 0.934208,
		-0.087793, -0.984498, -0.151843,
		0.937027, -0.133346, 0.322798,
		23.175274, 16.586605, -2.348052>
	pigment { color rgbt <0,1,1,0> }
	no_shadow
}
cylinder {
	<22.752298, 15.912319, -2.253482>,  <22.519354, 16.679949, -2.574011>, 0.130000
	pigment { color rgbt <1,0,0,0> }
	no_shadow
}

// nucleotide -1

// particle -1
sphere {
	<22.752298, 15.912319, -2.253482> 0.250000
	pigment { color rgbt <1,0,0,0> }
	no_shadow
}
cylinder {
	<22.920269, 16.235165, -2.087481>,  <23.021051, 16.428871, -1.987881>, 0.100000
	pigment { color rgbt <1,0,0,0> }
	no_shadow
}
cylinder {
	<22.920269, 16.235165, -2.087481>,  <22.752298, 15.912319, -2.253482>, 0.100000
	pigment { color rgbt <1,0,0,0> }
	no_shadow
}

// particle -1
sphere {
	<22.920269, 16.235165, -2.087481> 0.100000
	pigment { color rgbt <1,0,0,0> }
	no_shadow
}
sphere {
	0, 1
	scale<0.080000,0.200000,0.300000>
	matrix <-0.440494, -0.218541, 0.870750,
		0.793489, -0.548458, 0.263758,
		0.419928, 0.807114, 0.415002,
		23.046247, 16.477299, -1.962981>
	pigment { color rgbt <0,1,1,0> }
	no_shadow
}
cylinder {
	<23.261042, 15.798412, -1.596784>,  <22.752298, 15.912319, -2.253482>, 0.130000
	pigment { color rgbt <1,0,0,0> }
	no_shadow
}

// nucleotide -1

// particle -1
sphere {
	<23.261042, 15.798412, -1.596784> 0.250000
	pigment { color rgbt <1,0,0,0> }
	no_shadow
}
cylinder {
	<23.085403, 16.157322, -1.578474>,  <22.980021, 16.372667, -1.567489>, 0.100000
	pigment { color rgbt <1,0,0,0> }
	no_shadow
}
cylinder {
	<23.085403, 16.157322, -1.578474>,  <23.261042, 15.798412, -1.596784>, 0.100000
	pigment { color rgbt <1,0,0,0> }
	no_shadow
}

// particle -1
sphere {
	<23.085403, 16.157322, -1.578474> 0.100000
	pigment { color rgbt <1,0,0,0> }
	no_shadow
}
sphere {
	0, 1
	scale<0.080000,0.200000,0.300000>
	matrix <-0.525214, -0.297692, 0.797201,
		0.728934, 0.326006, 0.601976,
		-0.439096, 0.897273, 0.045775,
		22.953674, 16.426504, -1.564742>
	pigment { color rgbt <0,1,1,0> }
	no_shadow
}
cylinder {
	<23.287542, 16.257231, -0.908014>,  <23.261042, 15.798412, -1.596784>, 0.130000
	pigment { color rgbt <1,0,0,0> }
	no_shadow
}

// nucleotide -1

// particle -1
sphere {
	<23.287542, 16.257231, -0.908014> 0.250000
	pigment { color rgbt <1,0,0,0> }
	no_shadow
}
cylinder {
	<22.942650, 16.345428, -1.090416>,  <22.735714, 16.398348, -1.199857>, 0.100000
	pigment { color rgbt <1,0,0,0> }
	no_shadow
}
cylinder {
	<22.942650, 16.345428, -1.090416>,  <23.287542, 16.257231, -0.908014>, 0.100000
	pigment { color rgbt <1,0,0,0> }
	no_shadow
}

// particle -1
sphere {
	<22.942650, 16.345428, -1.090416> 0.100000
	pigment { color rgbt <1,0,0,0> }
	no_shadow
}
sphere {
	0, 1
	scale<0.080000,0.200000,0.300000>
	matrix <-0.501331, -0.243004, 0.830431,
		0.072295, 0.944633, 0.320067,
		-0.862230, 0.220495, -0.456006,
		22.683981, 16.411577, -1.227218>
	pigment { color rgbt <0,1,1,0> }
	no_shadow
}
cylinder {
	<22.658798, 15.974911, -0.514422>,  <23.287542, 16.257231, -0.908014>, 0.130000
	pigment { color rgbt <1,0,0,0> }
	no_shadow
}

// nucleotide -1

// particle -1
sphere {
	<22.658798, 15.974911, -0.514422> 0.250000
	pigment { color rgbt <1,0,0,0> }
	no_shadow
}
cylinder {
	<22.401955, 16.054951, -0.218406>,  <22.247849, 16.102974, -0.040796>, 0.100000
	pigment { color rgbt <1,0,0,0> }
	no_shadow
}
cylinder {
	<22.401955, 16.054951, -0.218406>,  <22.658798, 15.974911, -0.514422>, 0.100000
	pigment { color rgbt <1,0,0,0> }
	no_shadow
}

// particle -1
sphere {
	<22.401955, 16.054951, -0.218406> 0.100000
	pigment { color rgbt <1,0,0,0> }
	no_shadow
}
sphere {
	0, 1
	scale<0.080000,0.200000,0.300000>
	matrix <0.582839, 0.754504, 0.301699,
		-0.497994, 0.625047, -0.601098,
		-0.642107, 0.200099, 0.740040,
		22.209322, 16.114981, 0.003606>
	pigment { color rgbt <0,1,1,0> }
	no_shadow
}
cylinder {
	<22.435102, 16.673643, -0.629626>,  <22.658798, 15.974911, -0.514422>, 0.130000
	pigment { color rgbt <1,0,0,0> }
	no_shadow
}

// nucleotide -1

// particle -1
sphere {
	<22.435102, 16.673643, -0.629626> 0.250000
	pigment { color rgbt <1,0,0,0> }
	no_shadow
}
cylinder {
	<22.460613, 16.566319, -0.245139>,  <22.475920, 16.501923, -0.014446>, 0.100000
	pigment { color rgbt <1,0,0,0> }
	no_shadow
}
cylinder {
	<22.460613, 16.566319, -0.245139>,  <22.435102, 16.673643, -0.629626>, 0.100000
	pigment { color rgbt <1,0,0,0> }
	no_shadow
}

// particle -1
sphere {
	<22.460613, 16.566319, -0.245139> 0.100000
	pigment { color rgbt <1,0,0,0> }
	no_shadow
}
sphere {
	0, 1
	scale<0.080000,0.200000,0.300000>
	matrix <0.763399, 0.633484, 0.126177,
		-0.642771, 0.725746, 0.245232,
		0.063778, -0.268313, 0.961218,
		22.479746, 16.485825, 0.043227>
	pigment { color rgbt <0,1,1,0> }
	no_shadow
}
cylinder {
	<22.108486, 17.095236, -0.157910>,  <22.435102, 16.673643, -0.629626>, 0.130000
	pigment { color rgbt <1,0,0,0> }
	no_shadow
}

// nucleotide -1

// particle -1
sphere {
	<22.108486, 17.095236, -0.157910> 0.250000
	pigment { color rgbt <1,0,0,0> }
	no_shadow
}
cylinder {
	<22.438549, 16.945210, 0.011059>,  <22.636587, 16.855194, 0.112440>, 0.100000
	pigment { color rgbt <1,0,0,0> }
	no_shadow
}
cylinder {
	<22.438549, 16.945210, 0.011059>,  <22.108486, 17.095236, -0.157910>, 0.100000
	pigment { color rgbt <1,0,0,0> }
	no_shadow
}

// particle -1
sphere {
	<22.438549, 16.945210, 0.011059> 0.100000
	pigment { color rgbt <1,0,0,0> }
	no_shadow
}
sphere {
	0, 1
	scale<0.080000,0.200000,0.300000>
	matrix <0.386297, 0.920255, 0.062492,
		-0.412174, 0.111615, 0.904243,
		0.825159, -0.375064, 0.422421,
		22.686096, 16.832691, 0.137785>
	pigment { color rgbt <0,1,1,0> }
	no_shadow
}
cylinder {
	<22.365871, 17.399162, 0.537383>,  <22.108486, 17.095236, -0.157910>, 0.130000
	pigment { color rgbt <1,0,0,0> }
	no_shadow
}

// nucleotide -1

// particle -1
sphere {
	<22.365871, 17.399162, 0.537383> 0.250000
	pigment { color rgbt <1,0,0,0> }
	no_shadow
}
cylinder {
	<22.705219, 17.241226, 0.396319>,  <22.908829, 17.146463, 0.311681>, 0.100000
	pigment { color rgbt <1,0,0,0> }
	no_shadow
}
cylinder {
	<22.705219, 17.241226, 0.396319>,  <22.365871, 17.399162, 0.537383>, 0.100000
	pigment { color rgbt <1,0,0,0> }
	no_shadow
}

// particle -1
sphere {
	<22.705219, 17.241226, 0.396319> 0.100000
	pigment { color rgbt <1,0,0,0> }
	no_shadow
}
sphere {
	0, 1
	scale<0.080000,0.200000,0.300000>
	matrix <0.482247, 0.851207, 0.207088,
		0.218418, -0.345755, 0.912550,
		0.848370, -0.394842, -0.352659,
		22.959730, 17.122774, 0.290522>
	pigment { color rgbt <0,1,1,0> }
	no_shadow
}
cylinder {
	<22.993671, 17.393507, 1.066539>,  <22.365871, 17.399162, 0.537383>, 0.130000
	pigment { color rgbt <1,0,0,0> }
	no_shadow
}

// nucleotide -1

// particle -1
sphere {
	<22.993671, 17.393507, 1.066539> 0.250000
	pigment { color rgbt <1,0,0,0> }
	no_shadow
}
cylinder {
	<23.134335, 17.420731, 0.693079>,  <23.218733, 17.437065, 0.469002>, 0.100000
	pigment { color rgbt <1,0,0,0> }
	no_shadow
}
cylinder {
	<23.134335, 17.420731, 0.693079>,  <22.993671, 17.393507, 1.066539>, 0.100000
	pigment { color rgbt <1,0,0,0> }
	no_shadow
}

// particle -1
sphere {
	<23.134335, 17.420731, 0.693079> 0.100000
	pigment { color rgbt <1,0,0,0> }
	no_shadow
}
sphere {
	0, 1
	scale<0.080000,0.200000,0.300000>
	matrix <0.450050, 0.862242, 0.232364,
		0.820849, -0.501902, 0.272582,
		0.351655, 0.068061, -0.933652,
		23.239832, 17.441149, 0.412983>
	pigment { color rgbt <0,1,1,0> }
	no_shadow
}
cylinder {
	<23.597174, 17.160343, 1.119179>,  <22.993671, 17.393507, 1.066539>, 0.130000
	pigment { color rgbt <1,0,0,0> }
	no_shadow
}

// nucleotide -1

// particle -1
sphere {
	<23.597174, 17.160343, 1.119179> 0.250000
	pigment { color rgbt <1,0,0,0> }
	no_shadow
}
cylinder {
	<23.517254, 17.439224, 0.843792>,  <23.469301, 17.606552, 0.678560>, 0.100000
	pigment { color rgbt <1,0,0,0> }
	no_shadow
}
cylinder {
	<23.517254, 17.439224, 0.843792>,  <23.597174, 17.160343, 1.119179>, 0.100000
	pigment { color rgbt <1,0,0,0> }
	no_shadow
}

// particle -1
sphere {
	<23.517254, 17.439224, 0.843792> 0.100000
	pigment { color rgbt <1,0,0,0> }
	no_shadow
}
sphere {
	0, 1
	scale<0.080000,0.200000,0.300000>
	matrix <0.637249, 0.626200, 0.449207,
		0.744307, -0.348974, -0.569408,
		-0.199802, 0.697203, -0.688468,
		23.457314, 17.648384, 0.637252>
	pigment { color rgbt <0,1,1,0> }
	no_shadow
}
cylinder {
	<24.247791, 17.474211, 1.083165>,  <23.597174, 17.160343, 1.119179>, 0.130000
	pigment { color rgbt <1,0,0,0> }
	no_shadow
}

// nucleotide -1

// particle -1
sphere {
	<24.247791, 17.474211, 1.083165> 0.250000
	pigment { color rgbt <1,0,0,0> }
	no_shadow
}
cylinder {
	<23.953499, 17.736805, 1.016566>,  <23.776922, 17.894361, 0.976606>, 0.100000
	pigment { color rgbt <1,0,0,0> }
	no_shadow
}
cylinder {
	<23.953499, 17.736805, 1.016566>,  <24.247791, 17.474211, 1.083165>, 0.100000
	pigment { color rgbt <1,0,0,0> }
	no_shadow
}

// particle -1
sphere {
	<23.953499, 17.736805, 1.016566> 0.100000
	pigment { color rgbt <1,0,0,0> }
	no_shadow
}
sphere {
	0, 1
	scale<0.080000,0.200000,0.300000>
	matrix <0.502468, 0.693925, 0.515747,
		0.454118, 0.295791, -0.840407,
		-0.735733, 0.656488, -0.166498,
		23.732779, 17.933752, 0.966616>
	pigment { color rgbt <0,1,1,0> }
	no_shadow
}
cylinder {
	<24.496267, 18.193699, 0.877045>,  <24.247791, 17.474211, 1.083165>, 0.130000
	pigment { color rgbt <1,0,0,0> }
	no_shadow
}

// nucleotide -1

// particle -1
sphere {
	<24.496267, 18.193699, 0.877045> 0.250000
	pigment { color rgbt <1,0,0,0> }
	no_shadow
}
cylinder {
	<24.162151, 18.234238, 1.093200>,  <23.961681, 18.258560, 1.222892>, 0.100000
	pigment { color rgbt <1,0,0,0> }
	no_shadow
}
cylinder {
	<24.162151, 18.234238, 1.093200>,  <24.496267, 18.193699, 0.877045>, 0.100000
	pigment { color rgbt <1,0,0,0> }
	no_shadow
}

// particle -1
sphere {
	<24.162151, 18.234238, 1.093200> 0.100000
	pigment { color rgbt <1,0,0,0> }
	no_shadow
}
sphere {
	0, 1
	scale<0.080000,0.200000,0.300000>
	matrix <0.460560, 0.665785, 0.587039,
		-0.300287, 0.739229, -0.602800,
		-0.835292, 0.101345, 0.540386,
		23.911564, 18.264641, 1.255315>
	pigment { color rgbt <0,1,1,0> }
	no_shadow
}
cylinder {
	<24.197384, 18.969721, 0.994889>,  <24.496267, 18.193699, 0.877045>, 0.130000
	pigment { color rgbt <1,0,0,0> }
	no_shadow
}

// nucleotide -1

// particle -1
sphere {
	<24.197384, 18.969721, 0.994889> 0.250000
	pigment { color rgbt <1,0,0,0> }
	no_shadow
}
cylinder {
	<24.125065, 18.699310, 1.280630>,  <24.081673, 18.537064, 1.452074>, 0.100000
	pigment { color rgbt <1,0,0,0> }
	no_shadow
}
cylinder {
	<24.125065, 18.699310, 1.280630>,  <24.197384, 18.969721, 0.994889>, 0.100000
	pigment { color rgbt <1,0,0,0> }
	no_shadow
}

// particle -1
sphere {
	<24.125065, 18.699310, 1.280630> 0.100000
	pigment { color rgbt <1,0,0,0> }
	no_shadow
}
sphere {
	0, 1
	scale<0.080000,0.200000,0.300000>
	matrix <0.420891, 0.603271, 0.677432,
		-0.888911, 0.423142, 0.175464,
		-0.180798, -0.676028, 0.714351,
		24.070826, 18.496502, 1.494935>
	pigment { color rgbt <0,1,1,0> }
	no_shadow
}
cylinder {
	<23.929359, 19.386375, 1.481155>,  <24.197384, 18.969721, 0.994889>, 0.130000
	pigment { color rgbt <1,0,0,0> }
	no_shadow
}

// nucleotide -1

// particle -1
sphere {
	<23.929359, 19.386375, 1.481155> 0.250000
	pigment { color rgbt <1,0,0,0> }
	no_shadow
}
cylinder {
	<24.109734, 19.074837, 1.655538>,  <24.217958, 18.887913, 1.760167>, 0.100000
	pigment { color rgbt <1,0,0,0> }
	no_shadow
}
cylinder {
	<24.109734, 19.074837, 1.655538>,  <23.929359, 19.386375, 1.481155>, 0.100000
	pigment { color rgbt <1,0,0,0> }
	no_shadow
}

// particle -1
sphere {
	<24.109734, 19.074837, 1.655538> 0.100000
	pigment { color rgbt <1,0,0,0> }
	no_shadow
}
sphere {
	0, 1
	scale<0.080000,0.200000,0.300000>
	matrix <0.160990, 0.551397, 0.818562,
		-0.877919, -0.298932, 0.374030,
		0.450933, -0.778846, 0.435956,
		24.245014, 18.841183, 1.786325>
	pigment { color rgbt <0,1,1,0> }
	no_shadow
}
cylinder {
	<23.613934, 19.193489, 2.113683>,  <23.929359, 19.386375, 1.481155>, 0.130000
	pigment { color rgbt <1,0,0,0> }
	no_shadow
}

// nucleotide -1

// particle -1
sphere {
	<23.613934, 19.193489, 2.113683> 0.250000
	pigment { color rgbt <1,0,0,0> }
	no_shadow
}
cylinder {
	<24.006397, 19.116402, 2.119149>,  <24.241875, 19.070148, 2.122429>, 0.100000
	pigment { color rgbt <1,0,0,0> }
	no_shadow
}
cylinder {
	<24.006397, 19.116402, 2.119149>,  <23.613934, 19.193489, 2.113683>, 0.100000
	pigment { color rgbt <1,0,0,0> }
	no_shadow
}

// particle -1
sphere {
	<24.006397, 19.116402, 2.119149> 0.100000
	pigment { color rgbt <1,0,0,0> }
	no_shadow
}
sphere {
	0, 1
	scale<0.080000,0.200000,0.300000>
	matrix <0.067641, 0.408902, 0.910068,
		-0.180975, -0.891997, 0.414234,
		0.981159, -0.192719, 0.013666,
		24.300745, 19.058586, 2.123249>
	pigment { color rgbt <0,1,1,0> }
	no_shadow
}
cylinder {
	<23.632891, 19.056944, 2.741809>,  <23.613934, 19.193489, 2.113683>, 0.130000
	pigment { color rgbt <1,0,0,0> }
	no_shadow
}

// nucleotide -1

// particle -1
sphere {
	<23.632891, 19.056944, 2.741809> 0.250000
	pigment { color rgbt <1,0,0,0> }
	no_shadow
}
cylinder {
	<24.018848, 19.098267, 2.645221>,  <24.250423, 19.123060, 2.587269>, 0.100000
	pigment { color rgbt <1,0,0,0> }
	no_shadow
}
cylinder {
	<24.018848, 19.098267, 2.645221>,  <23.632891, 19.056944, 2.741809>, 0.100000
	pigment { color rgbt <1,0,0,0> }
	no_shadow
}

// particle -1
sphere {
	<24.018848, 19.098267, 2.645221> 0.100000
	pigment { color rgbt <1,0,0,0> }
	no_shadow
}
sphere {
	0, 1
	scale<0.080000,0.200000,0.300000>
	matrix <0.217410, 0.201645, 0.955025,
		0.147349, -0.973996, 0.172107,
		0.964894, 0.103304, -0.241468,
		24.308317, 19.129257, 2.572781>
	pigment { color rgbt <0,1,1,0> }
	no_shadow
}
cylinder {
	<23.990143, 18.653696, 3.156293>,  <23.632891, 19.056944, 2.741809>, 0.130000
	pigment { color rgbt <1,0,0,0> }
	no_shadow
}

// nucleotide -1

// particle -1
sphere {
	<23.990143, 18.653696, 3.156293> 0.250000
	pigment { color rgbt <1,0,0,0> }
	no_shadow
}
cylinder {
	<24.239830, 18.949917, 3.056745>,  <24.389643, 19.127649, 2.997015>, 0.100000
	pigment { color rgbt <1,0,0,0> }
	no_shadow
}
cylinder {
	<24.239830, 18.949917, 3.056745>,  <23.990143, 18.653696, 3.156293>, 0.100000
	pigment { color rgbt <1,0,0,0> }
	no_shadow
}

// particle -1
sphere {
	<24.239830, 18.949917, 3.056745> 0.100000
	pigment { color rgbt <1,0,0,0> }
	no_shadow
}
sphere {
	0, 1
	scale<0.080000,0.200000,0.300000>
	matrix <0.215780, 0.142739, 0.965953,
		0.750860, -0.656667, -0.070696,
		0.624218, 0.740550, -0.248872,
		24.427095, 19.172081, 2.982083>
	pigment { color rgbt <0,1,1,0> }
	no_shadow
}
cylinder {
	<24.636745, 18.584475, 3.498334>,  <23.990143, 18.653696, 3.156293>, 0.130000
	pigment { color rgbt <1,0,0,0> }
	no_shadow
}

// nucleotide -1

// particle -1
sphere {
	<24.636745, 18.584475, 3.498334> 0.250000
	pigment { color rgbt <1,0,0,0> }
	no_shadow
}
cylinder {
	<24.555546, 18.967529, 3.416625>,  <24.506826, 19.197361, 3.367599>, 0.100000
	pigment { color rgbt <1,0,0,0> }
	no_shadow
}
cylinder {
	<24.555546, 18.967529, 3.416625>,  <24.636745, 18.584475, 3.498334>, 0.100000
	pigment { color rgbt <1,0,0,0> }
	no_shadow
}

// particle -1
sphere {
	<24.555546, 18.967529, 3.416625> 0.100000
	pigment { color rgbt <1,0,0,0> }
	no_shadow
}
sphere {
	0, 1
	scale<0.080000,0.200000,0.300000>
	matrix <0.077244, 0.223629, 0.971609,
		0.976128, 0.181455, -0.119368,
		-0.202997, 0.957635, -0.204274,
		24.494646, 19.254820, 3.355342>
	pigment { color rgbt <0,1,1,0> }
	no_shadow
}
cylinder {
	<25.147577, 19.014009, 3.827095>,  <24.636745, 18.584475, 3.498334>, 0.130000
	pigment { color rgbt <1,0,0,0> }
	no_shadow
}

// nucleotide -1

// particle -1
sphere {
	<25.147577, 19.014009, 3.827095> 0.250000
	pigment { color rgbt <1,0,0,0> }
	no_shadow
}
cylinder {
	<24.804321, 19.213505, 3.778335>,  <24.598368, 19.333202, 3.749079>, 0.100000
	pigment { color rgbt <1,0,0,0> }
	no_shadow
}
cylinder {
	<24.804321, 19.213505, 3.778335>,  <25.147577, 19.014009, 3.827095>, 0.100000
	pigment { color rgbt <1,0,0,0> }
	no_shadow
}

// particle -1
sphere {
	<24.804321, 19.213505, 3.778335> 0.100000
	pigment { color rgbt <1,0,0,0> }
	no_shadow
}
sphere {
	0, 1
	scale<0.080000,0.200000,0.300000>
	matrix <-0.066881, 0.126817, 0.989669,
		0.509044, 0.857426, -0.075471,
		-0.858138, 0.498737, -0.121901,
		24.546879, 19.363127, 3.741765>
	pigment { color rgbt <0,1,1,0> }
	no_shadow
}
cylinder {
	<25.238140, 19.728315, 4.173803>,  <25.147577, 19.014009, 3.827095>, 0.130000
	pigment { color rgbt <1,0,0,0> }
	no_shadow
}

// nucleotide -1

// particle -1
sphere {
	<25.238140, 19.728315, 4.173803> 0.250000
	pigment { color rgbt <1,0,0,0> }
	no_shadow
}
cylinder {
	<24.845528, 19.654491, 4.153666>,  <24.609961, 19.610197, 4.141584>, 0.100000
	pigment { color rgbt <1,0,0,0> }
	no_shadow
}
cylinder {
	<24.845528, 19.654491, 4.153666>,  <25.238140, 19.728315, 4.173803>, 0.100000
	pigment { color rgbt <1,0,0,0> }
	no_shadow
}

// particle -1
sphere {
	<24.845528, 19.654491, 4.153666> 0.100000
	pigment { color rgbt <1,0,0,0> }
	no_shadow
}
sphere {
	0, 1
	scale<0.080000,0.200000,0.300000>
	matrix <-0.130830, 0.455607, 0.880514,
		-0.139571, 0.870839, -0.471339,
		-0.981531, -0.184559, -0.050342,
		24.551067, 19.599123, 4.138564>
	pigment { color rgbt <0,1,1,0> }
	no_shadow
}
cylinder {
	<24.899221, 20.227468, 4.446768>,  <25.238140, 19.728315, 4.173803>, 0.130000
	pigment { color rgbt <1,0,0,0> }
	no_shadow
}

// nucleotide -1

// particle -1
sphere {
	<24.899221, 20.227468, 4.446768> 0.250000
	pigment { color rgbt <1,0,0,0> }
	no_shadow
}
cylinder {
	<24.609627, 19.952408, 4.468606>,  <24.435871, 19.787371, 4.481709>, 0.100000
	pigment { color rgbt <1,0,0,0> }
	no_shadow
}
cylinder {
	<24.609627, 19.952408, 4.468606>,  <24.899221, 20.227468, 4.446768>, 0.100000
	pigment { color rgbt <1,0,0,0> }
	no_shadow
}

// particle -1
sphere {
	<24.609627, 19.952408, 4.468606> 0.100000
	pigment { color rgbt <1,0,0,0> }
	no_shadow
}
sphere {
	0, 1
	scale<0.080000,0.200000,0.300000>
	matrix <-0.205398, 0.290451, 0.934586,
		-0.658527, 0.665412, -0.351524,
		-0.723985, -0.687652, 0.054596,
		24.392431, 19.746113, 4.484985>
	pigment { color rgbt <0,1,1,0> }
	no_shadow
}
cylinder {
	<24.315678, 20.466003, 4.969880>,  <24.899221, 20.227468, 4.446768>, 0.130000
	pigment { color rgbt <1,0,0,0> }
	no_shadow
}

// nucleotide -1

// particle -1
sphere {
	<24.315678, 20.466003, 4.969880> 0.250000
	pigment { color rgbt <1,0,0,0> }
	no_shadow
}
cylinder {
	<24.253490, 20.072872, 5.009643>,  <24.216179, 19.836994, 5.033500>, 0.100000
	pigment { color rgbt <1,0,0,0> }
	no_shadow
}
cylinder {
	<24.253490, 20.072872, 5.009643>,  <24.315678, 20.466003, 4.969880>, 0.100000
	pigment { color rgbt <1,0,0,0> }
	no_shadow
}

// particle -1
sphere {
	<24.253490, 20.072872, 5.009643> 0.100000
	pigment { color rgbt <1,0,0,0> }
	no_shadow
}
sphere {
	0, 1
	scale<0.080000,0.200000,0.300000>
	matrix <-0.226058, 0.133357, 0.964942,
		-0.961627, 0.127546, -0.242908,
		-0.155468, -0.982826, 0.099407,
		24.206850, 19.778025, 5.039465>
	pigment { color rgbt <0,1,1,0> }
	no_shadow
}
cylinder {
	<23.717321, 20.421633, 5.382854>,  <24.315678, 20.466003, 4.969880>, 0.130000
	pigment { color rgbt <1,0,0,0> }
	no_shadow
}

// nucleotide -1

// particle -1
sphere {
	<23.717321, 20.421633, 5.382854> 0.250000
	pigment { color rgbt <1,0,0,0> }
	no_shadow
}
cylinder {
	<23.944698, 20.096458, 5.433467>,  <24.081123, 19.901354, 5.463835>, 0.100000
	pigment { color rgbt <1,0,0,0> }
	no_shadow
}
cylinder {
	<23.944698, 20.096458, 5.433467>,  <23.717321, 20.421633, 5.382854>, 0.100000
	pigment { color rgbt <1,0,0,0> }
	no_shadow
}

// particle -1
sphere {
	<23.944698, 20.096458, 5.433467> 0.100000
	pigment { color rgbt <1,0,0,0> }
	no_shadow
}
sphere {
	0, 1
	scale<0.080000,0.200000,0.300000>
	matrix <-0.304765, -0.065208, 0.950193,
		-0.764195, -0.578691, -0.284821,
		0.568440, -0.812936, 0.126532,
		24.115231, 19.852577, 5.471426>
	pigment { color rgbt <0,1,1,0> }
	no_shadow
}
cylinder {
	<23.271484, 19.905914, 5.774681>,  <23.717321, 20.421633, 5.382854>, 0.130000
	pigment { color rgbt <1,0,0,0> }
	no_shadow
}

// nucleotide -1

// particle -1
sphere {
	<23.271484, 19.905914, 5.774681> 0.250000
	pigment { color rgbt <1,0,0,0> }
	no_shadow
}
cylinder {
	<23.649109, 19.775711, 5.795823>,  <23.875683, 19.697590, 5.808508>, 0.100000
	pigment { color rgbt <1,0,0,0> }
	no_shadow
}
cylinder {
	<23.649109, 19.775711, 5.795823>,  <23.271484, 19.905914, 5.774681>, 0.100000
	pigment { color rgbt <1,0,0,0> }
	no_shadow
}

// particle -1
sphere {
	<23.649109, 19.775711, 5.795823> 0.100000
	pigment { color rgbt <1,0,0,0> }
	no_shadow
}
sphere {
	0, 1
	scale<0.080000,0.200000,0.300000>
	matrix <-0.139161, -0.247932, 0.958731,
		-0.298968, -0.912456, -0.279361,
		0.944062, -0.325506, 0.052855,
		23.932327, 19.678059, 5.811679>
	pigment { color rgbt <0,1,1,0> }
	no_shadow
}
cylinder {
	<23.247417, 19.242012, 6.038865>,  <23.271484, 19.905914, 5.774681>, 0.130000
	pigment { color rgbt <1,0,0,0> }
	no_shadow
}

// nucleotide -1

// particle -1
sphere {
	<23.247417, 19.242012, 6.038865> 0.250000
	pigment { color rgbt <1,0,0,0> }
	no_shadow
}
cylinder {
	<23.571434, 19.452576, 6.142192>,  <23.765844, 19.578913, 6.204188>, 0.100000
	pigment { color rgbt <1,0,0,0> }
	no_shadow
}
cylinder {
	<23.571434, 19.452576, 6.142192>,  <23.247417, 19.242012, 6.038865>, 0.100000
	pigment { color rgbt <1,0,0,0> }
	no_shadow
}

// particle -1
sphere {
	<23.571434, 19.452576, 6.142192> 0.100000
	pigment { color rgbt <1,0,0,0> }
	no_shadow
}
sphere {
	0, 1
	scale<0.080000,0.200000,0.300000>
	matrix <-0.350677, 0.081829, 0.932915,
		0.469956, -0.846285, 0.250884,
		0.810042, 0.526408, 0.258317,
		23.814447, 19.610498, 6.219687>
	pigment { color rgbt <0,1,1,0> }
	no_shadow
}
cylinder {
	<23.712498, 19.029480, 6.675323>,  <23.247417, 19.242012, 6.038865>, 0.130000
	pigment { color rgbt <1,0,0,0> }
	no_shadow
}

// nucleotide -1

// particle -1
sphere {
	<23.712498, 19.029480, 6.675323> 0.250000
	pigment { color rgbt <1,0,0,0> }
	no_shadow
}
cylinder {
	<23.715248, 19.428020, 6.641303>,  <23.716898, 19.667145, 6.620891>, 0.100000
	pigment { color rgbt <1,0,0,0> }
	no_shadow
}
cylinder {
	<23.715248, 19.428020, 6.641303>,  <23.712498, 19.029480, 6.675323>, 0.100000
	pigment { color rgbt <1,0,0,0> }
	no_shadow
}

// particle -1
sphere {
	<23.715248, 19.428020, 6.641303> 0.100000
	pigment { color rgbt <1,0,0,0> }
	no_shadow
}
sphere {
	0, 1
	scale<0.080000,0.200000,0.300000>
	matrix <-0.345258, 0.082186, 0.934902,
		0.938483, 0.022935, 0.344564,
		0.006877, 0.996353, -0.085049,
		23.717312, 19.726927, 6.615788>
	pigment { color rgbt <0,1,1,0> }
	no_shadow
}
cylinder {
	<24.373726, 19.258108, 6.914369>,  <23.712498, 19.029480, 6.675323>, 0.130000
	pigment { color rgbt <1,0,0,0> }
	no_shadow
}

// nucleotide -1

// particle -1
sphere {
	<24.373726, 19.258108, 6.914369> 0.250000
	pigment { color rgbt <1,0,0,0> }
	no_shadow
}
cylinder {
	<24.496658, 18.931602, 7.110025>,  <24.570417, 18.735699, 7.227419>, 0.100000
	pigment { color rgbt <1,0,0,0> }
	no_shadow
}
cylinder {
	<24.496658, 18.931602, 7.110025>,  <24.373726, 19.258108, 6.914369>, 0.100000
	pigment { color rgbt <1,0,0,0> }
	no_shadow
}

// particle -1
sphere {
	<24.496658, 18.931602, 7.110025> 0.100000
	pigment { color rgbt <1,0,0,0> }
	no_shadow
}
sphere {
	0, 1
	scale<0.080000,0.200000,0.300000>
	matrix <0.185845, 0.555607, 0.810409,
		-0.933278, -0.158161, 0.322454,
		0.307333, -0.816264, 0.489142,
		24.588858, 18.686724, 7.256768>
	pigment { color rgbt <0,1,1,0> }
	no_shadow
}
cylinder {
	<24.039948, 19.042217, 7.520489>,  <24.373726, 19.258108, 6.914369>, 0.130000
	pigment { color rgbt <1,0,0,0> }
	no_shadow
}

// nucleotide -1

// particle -1
sphere {
	<24.039948, 19.042217, 7.520489> 0.250000
	pigment { color rgbt <1,0,0,0> }
	no_shadow
}
cylinder {
	<24.431950, 18.964710, 7.502396>,  <24.667150, 18.918207, 7.491540>, 0.100000
	pigment { color rgbt <1,0,0,0> }
	no_shadow
}
cylinder {
	<24.431950, 18.964710, 7.502396>,  <24.039948, 19.042217, 7.520489>, 0.100000
	pigment { color rgbt <1,0,0,0> }
	no_shadow
}

// particle -1
sphere {
	<24.431950, 18.964710, 7.502396> 0.100000
	pigment { color rgbt <1,0,0,0> }
	no_shadow
}
sphere {
	0, 1
	scale<0.080000,0.200000,0.300000>
	matrix <0.180128, 0.767378, 0.615373,
		-0.084528, -0.611216, 0.786937,
		0.980004, -0.193766, -0.045233,
		24.725950, 18.906580, 7.488826>
	pigment { color rgbt <0,1,1,0> }
	no_shadow
}
cylinder {
	<24.316046, 19.047424, 8.205093>,  <24.039948, 19.042217, 7.520489>, 0.130000
	pigment { color rgbt <1,0,0,0> }
	no_shadow
}

// nucleotide -1

// particle -1
sphere {
	<24.316046, 19.047424, 8.205093> 0.250000
	pigment { color rgbt <1,0,0,0> }
	no_shadow
}
cylinder {
	<24.593498, 19.156116, 7.938249>,  <24.759970, 19.221333, 7.778142>, 0.100000
	pigment { color rgbt <1,0,0,0> }
	no_shadow
}
cylinder {
	<24.593498, 19.156116, 7.938249>,  <24.316046, 19.047424, 8.205093>, 0.100000
	pigment { color rgbt <1,0,0,0> }
	no_shadow
}

// particle -1
sphere {
	<24.593498, 19.156116, 7.938249> 0.100000
	pigment { color rgbt <1,0,0,0> }
	no_shadow
}
sphere {
	0, 1
	scale<0.080000,0.200000,0.300000>
	matrix <0.248253, 0.779202, 0.575512,
		0.676201, -0.564805, 0.473020,
		0.693630, 0.271733, -0.667112,
		24.801588, 19.237637, 7.738115>
	pigment { color rgbt <0,1,1,0> }
	no_shadow
}
cylinder {
	<23.716530, 19.608883, 8.036398>,  <24.316046, 19.047424, 8.205093>, 0.130000
	pigment { color rgbt <1,0,0,0> }
	no_shadow
}

// nucleotide -1

// particle -1
sphere {
	<23.716530, 19.608883, 8.036398> 0.250000
	pigment { color rgbt <1,0,0,0> }
	no_shadow
}
cylinder {
	<23.476177, 19.490253, 7.739484>,  <23.331966, 19.419077, 7.561336>, 0.100000
	pigment { color rgbt <1,0,0,0> }
	no_shadow
}
cylinder {
	<23.476177, 19.490253, 7.739484>,  <23.716530, 19.608883, 8.036398>, 0.100000
	pigment { color rgbt <1,0,0,0> }
	no_shadow
}

// particle -1
sphere {
	<23.476177, 19.490253, 7.739484> 0.100000
	pigment { color rgbt <1,0,0,0> }
	no_shadow
}
sphere {
	0, 1
	scale<0.080000,0.200000,0.300000>
	matrix <-0.799316, 0.215959, 0.560763,
		-0.006003, 0.930273, -0.366820,
		-0.600881, -0.296572, -0.742285,
		23.295914, 19.401281, 7.516798>
	pigment { color rgbt <0,1,1,0> }
	no_shadow
}
cylinder {
	<23.156260, 20.139217, 7.931761>,  <23.716530, 19.608883, 8.036398>, 0.130000
	pigment { color rgbt <1,0,0,0> }
	no_shadow
}

// nucleotide -1

// particle -1
sphere {
	<23.156260, 20.139217, 7.931761> 0.250000
	pigment { color rgbt <1,0,0,0> }
	no_shadow
}
cylinder {
	<23.056622, 19.766670, 7.825551>,  <22.996840, 19.543142, 7.761825>, 0.100000
	pigment { color rgbt <1,0,0,0> }
	no_shadow
}
cylinder {
	<23.056622, 19.766670, 7.825551>,  <23.156260, 20.139217, 7.931761>, 0.100000
	pigment { color rgbt <1,0,0,0> }
	no_shadow
}

// particle -1
sphere {
	<23.056622, 19.766670, 7.825551> 0.100000
	pigment { color rgbt <1,0,0,0> }
	no_shadow
}
sphere {
	0, 1
	scale<0.080000,0.200000,0.300000>
	matrix <-0.708025, -0.011938, 0.706087,
		-0.660797, 0.363879, -0.656459,
		-0.249094, -0.931369, -0.265524,
		22.981894, 19.487259, 7.745894>
	pigment { color rgbt <0,1,1,0> }
	no_shadow
}
cylinder {
	<22.568146, 20.047289, 7.794261>,  <23.156260, 20.139217, 7.931761>, 0.130000
	pigment { color rgbt <1,0,0,0> }
	no_shadow
}

// nucleotide -1

// particle -1
sphere {
	<22.568146, 20.047289, 7.794261> 0.250000
	pigment { color rgbt <1,0,0,0> }
	no_shadow
}
cylinder {
	<22.651939, 19.686745, 7.945872>,  <22.702215, 19.470417, 8.036839>, 0.100000
	pigment { color rgbt <1,0,0,0> }
	no_shadow
}
cylinder {
	<22.651939, 19.686745, 7.945872>,  <22.568146, 20.047289, 7.794261>, 0.100000
	pigment { color rgbt <1,0,0,0> }
	no_shadow
}

// particle -1
sphere {
	<22.651939, 19.686745, 7.945872> 0.100000
	pigment { color rgbt <1,0,0,0> }
	no_shadow
}
sphere {
	0, 1
	scale<0.080000,0.200000,0.300000>
	matrix <-0.453509, 0.253855, 0.854334,
		-0.866283, -0.350863, -0.355597,
		0.209484, -0.901362, 0.379030,
		22.714785, 19.416336, 8.059582>
	pigment { color rgbt <0,1,1,0> }
	no_shadow
}
cylinder {
	<21.853828, 19.808662, 8.046848>,  <22.568146, 20.047289, 7.794261>, 0.130000
	pigment { color rgbt <1,0,0,0> }
	no_shadow
}

// nucleotide -1

// particle -1
sphere {
	<21.853828, 19.808662, 8.046848> 0.250000
	pigment { color rgbt <1,0,0,0> }
	no_shadow
}
cylinder {
	<22.158627, 19.621632, 8.226061>,  <22.341505, 19.509413, 8.333589>, 0.100000
	pigment { color rgbt <1,0,0,0> }
	no_shadow
}
cylinder {
	<22.158627, 19.621632, 8.226061>,  <21.853828, 19.808662, 8.046848>, 0.100000
	pigment { color rgbt <1,0,0,0> }
	no_shadow
}

// particle -1
sphere {
	<22.158627, 19.621632, 8.226061> 0.100000
	pigment { color rgbt <1,0,0,0> }
	no_shadow
}
sphere {
	0, 1
	scale<0.080000,0.200000,0.300000>
	matrix <-0.425732, 0.159623, 0.890659,
		-0.487968, -0.869420, -0.077431,
		0.761997, -0.467578, 0.448030,
		22.387226, 19.481358, 8.360470>
	pigment { color rgbt <0,1,1,0> }
	no_shadow
}
cylinder {
	<21.719227, 19.072123, 8.375444>,  <21.853828, 19.808662, 8.046848>, 0.130000
	pigment { color rgbt <1,0,0,0> }
	no_shadow
}

// nucleotide -1

// particle -1
sphere {
	<21.719227, 19.072123, 8.375444> 0.250000
	pigment { color rgbt <1,0,0,0> }
	no_shadow
}
cylinder {
	<22.027058, 19.259968, 8.548516>,  <22.211756, 19.372675, 8.652359>, 0.100000
	pigment { color rgbt <1,0,0,0> }
	no_shadow
}
cylinder {
	<22.027058, 19.259968, 8.548516>,  <21.719227, 19.072123, 8.375444>, 0.100000
	pigment { color rgbt <1,0,0,0> }
	no_shadow
}

// particle -1
sphere {
	<22.027058, 19.259968, 8.548516> 0.100000
	pigment { color rgbt <1,0,0,0> }
	no_shadow
}
sphere {
	0, 1
	scale<0.080000,0.200000,0.300000>
	matrix <-0.474975, -0.031890, 0.879421,
		0.426788, -0.882295, 0.198513,
		0.769578, 0.469615, 0.432679,
		22.257931, 19.400852, 8.678320>
	pigment { color rgbt <0,1,1,0> }
	no_shadow
}
cylinder {
	<22.140324, 18.657177, 8.926542>,  <21.719227, 19.072123, 8.375444>, 0.130000
	pigment { color rgbt <1,0,0,0> }
	no_shadow
}

// nucleotide -1

// particle -1
sphere {
	<22.140324, 18.657177, 8.926542> 0.250000
	pigment { color rgbt <1,0,0,0> }
	no_shadow
}
cylinder {
	<22.147671, 19.052120, 8.989513>,  <22.152079, 19.289087, 9.027296>, 0.100000
	pigment { color rgbt <1,0,0,0> }
	no_shadow
}
cylinder {
	<22.147671, 19.052120, 8.989513>,  <22.140324, 18.657177, 8.926542>, 0.100000
	pigment { color rgbt <1,0,0,0> }
	no_shadow
}

// particle -1
sphere {
	<22.147671, 19.052120, 8.989513> 0.100000
	pigment { color rgbt <1,0,0,0> }
	no_shadow
}
sphere {
	0, 1
	scale<0.080000,0.200000,0.300000>
	matrix <-0.278686, -0.146159, 0.949195,
		0.960207, -0.061305, 0.272479,
		0.018366, 0.987359, 0.157427,
		22.153181, 19.348328, 9.036741>
	pigment { color rgbt <0,1,1,0> }
	no_shadow
}
cylinder {
	<22.485920, 18.744799, 9.567407>,  <22.140324, 18.657177, 8.926542>, 0.130000
	pigment { color rgbt <1,0,0,0> }
	no_shadow
}

// nucleotide -1

// particle -1
sphere {
	<22.485920, 18.744799, 9.567407> 0.250000
	pigment { color rgbt <1,0,0,0> }
	no_shadow
}
cylinder {
	<22.271950, 19.076439, 9.502359>,  <22.143568, 19.275423, 9.463331>, 0.100000
	pigment { color rgbt <1,0,0,0> }
	no_shadow
}
cylinder {
	<22.271950, 19.076439, 9.502359>,  <22.485920, 18.744799, 9.567407>, 0.100000
	pigment { color rgbt <1,0,0,0> }
	no_shadow
}

// particle -1
sphere {
	<22.271950, 19.076439, 9.502359> 0.100000
	pigment { color rgbt <1,0,0,0> }
	no_shadow
}
sphere {
	0, 1
	scale<0.080000,0.200000,0.300000>
	matrix <-0.265344, 0.017879, 0.963988,
		0.802152, 0.558811, 0.210434,
		-0.534925, 0.829102, -0.162619,
		22.111473, 19.325169, 9.453574>
	pigment { color rgbt <0,1,1,0> }
	no_shadow
}
cylinder {
	<22.694540, 19.262859, 10.118382>,  <22.485920, 18.744799, 9.567407>, 0.130000
	pigment { color rgbt <1,0,0,0> }
	no_shadow
}

// nucleotide -1

// particle -1
sphere {
	<22.694540, 19.262859, 10.118382> 0.250000
	pigment { color rgbt <1,0,0,0> }
	no_shadow
}
cylinder {
	<22.339043, 19.387367, 9.983775>,  <22.125744, 19.462072, 9.903010>, 0.100000
	pigment { color rgbt <1,0,0,0> }
	no_shadow
}
cylinder {
	<22.339043, 19.387367, 9.983775>,  <22.694540, 19.262859, 10.118382>, 0.100000
	pigment { color rgbt <1,0,0,0> }
	no_shadow
}

// particle -1
sphere {
	<22.339043, 19.387367, 9.983775> 0.100000
	pigment { color rgbt <1,0,0,0> }
	no_shadow
}
sphere {
	0, 1
	scale<0.080000,0.200000,0.300000>
	matrix <-0.329793, 0.075712, 0.941013,
		0.318387, 0.947301, 0.035366,
		-0.888744, 0.311270, -0.336518,
		22.072420, 19.480749, 9.882819>
	pigment { color rgbt <0,1,1,0> }
	no_shadow
}
cylinder {
	<22.544380, 19.722414, 10.606816>,  <22.694540, 19.262859, 10.118382>, 0.130000
	pigment { color rgbt <1,0,0,0> }
	no_shadow
}

// nucleotide -1

// particle -1
sphere {
	<22.544380, 19.722414, 10.606816> 0.250000
	pigment { color rgbt <1,0,0,0> }
	no_shadow
}
cylinder {
	<22.191059, 19.643539, 10.436690>,  <21.979067, 19.596214, 10.334615>, 0.100000
	pigment { color rgbt <1,0,0,0> }
	no_shadow
}
cylinder {
	<22.191059, 19.643539, 10.436690>,  <22.544380, 19.722414, 10.606816>, 0.100000
	pigment { color rgbt <1,0,0,0> }
	no_shadow
}

// particle -1
sphere {
	<22.191059, 19.643539, 10.436690> 0.100000
	pigment { color rgbt <1,0,0,0> }
	no_shadow
}
sphere {
	0, 1
	scale<0.080000,0.200000,0.300000>
	matrix <-0.368205, -0.269740, 0.889756,
		-0.290173, 0.942527, 0.165658,
		-0.883304, -0.197187, -0.425314,
		21.926067, 19.584383, 10.309096>
	pigment { color rgbt <0,1,1,0> }
	no_shadow
}
cylinder {
	<22.040325, 20.115662, 10.936923>,  <22.544380, 19.722414, 10.606816>, 0.130000
	pigment { color rgbt <1,0,0,0> }
	no_shadow
}

// nucleotide -1

// particle -1
sphere {
	<22.040325, 20.115662, 10.936923> 0.250000
	pigment { color rgbt <1,0,0,0> }
	no_shadow
}
cylinder {
	<21.851391, 19.800110, 10.779663>,  <21.738031, 19.610779, 10.685308>, 0.100000
	pigment { color rgbt <1,0,0,0> }
	no_shadow
}
cylinder {
	<21.851391, 19.800110, 10.779663>,  <22.040325, 20.115662, 10.936923>, 0.100000
	pigment { color rgbt <1,0,0,0> }
	no_shadow
}

// particle -1
sphere {
	<21.851391, 19.800110, 10.779663> 0.100000
	pigment { color rgbt <1,0,0,0> }
	no_shadow
}
sphere {
	0, 1
	scale<0.080000,0.200000,0.300000>
	matrix <-0.479365, -0.144396, 0.865655,
		-0.739669, 0.597340, -0.309959,
		-0.472334, -0.788882, -0.393149,
		21.709690, 19.563446, 10.661718>
	pigment { color rgbt <0,1,1,0> }
	no_shadow
}
cylinder {
	<21.330162, 20.131708, 11.088246>,  <22.040325, 20.115662, 10.936923>, 0.130000
	pigment { color rgbt <1,0,0,0> }
	no_shadow
}

// nucleotide -1

// particle -1
sphere {
	<21.330162, 20.131708, 11.088246> 0.250000
	pigment { color rgbt <1,0,0,0> }
	no_shadow
}
cylinder {
	<21.378017, 19.751331, 10.974126>,  <21.406731, 19.523106, 10.905653>, 0.100000
	pigment { color rgbt <1,0,0,0> }
	no_shadow
}
cylinder {
	<21.378017, 19.751331, 10.974126>,  <21.330162, 20.131708, 11.088246>, 0.100000
	pigment { color rgbt <1,0,0,0> }
	no_shadow
}

// particle -1
sphere {
	<21.378017, 19.751331, 10.974126> 0.100000
	pigment { color rgbt <1,0,0,0> }
	no_shadow
}
sphere {
	0, 1
	scale<0.080000,0.200000,0.300000>
	matrix <-0.530023, -0.304166, 0.791555,
		-0.839501, 0.056515, -0.540411,
		0.119640, -0.950941, -0.285303,
		21.413910, 19.466049, 10.888535>
	pigment { color rgbt <0,1,1,0> }
	no_shadow
}
cylinder {
	<20.602320, 19.887135, 10.997237>,  <21.330162, 20.131708, 11.088246>, 0.130000
	pigment { color rgbt <1,0,0,0> }
	no_shadow
}

// nucleotide -1

// particle -1
sphere {
	<20.602320, 19.887135, 10.997237> 0.250000
	pigment { color rgbt <1,0,0,0> }
	no_shadow
}
cylinder {
	<20.848492, 19.577816, 11.058243>,  <20.996195, 19.392225, 11.094847>, 0.100000
	pigment { color rgbt <1,0,0,0> }
	no_shadow
}
cylinder {
	<20.848492, 19.577816, 11.058243>,  <20.602320, 19.887135, 10.997237>, 0.100000
	pigment { color rgbt <1,0,0,0> }
	no_shadow
}

// particle -1
sphere {
	<20.848492, 19.577816, 11.058243> 0.100000
	pigment { color rgbt <1,0,0,0> }
	no_shadow
}
sphere {
	0, 1
	scale<0.080000,0.200000,0.300000>
	matrix <-0.531805, -0.264575, 0.804477,
		-0.581747, -0.576207, -0.574070,
		0.615430, -0.773295, 0.152514,
		21.033121, 19.345827, 11.103997>
	pigment { color rgbt <0,1,1,0> }
	no_shadow
}
cylinder {
	<20.206146, 19.249519, 11.161215>,  <20.602320, 19.887135, 10.997237>, 0.130000
	pigment { color rgbt <1,0,0,0> }
	no_shadow
}

// nucleotide -1

// particle -1
sphere {
	<20.206146, 19.249519, 11.161215> 0.250000
	pigment { color rgbt <1,0,0,0> }
	no_shadow
}
cylinder {
	<20.569580, 19.171986, 11.309214>,  <20.787642, 19.125465, 11.398013>, 0.100000
	pigment { color rgbt <1,0,0,0> }
	no_shadow
}
cylinder {
	<20.569580, 19.171986, 11.309214>,  <20.206146, 19.249519, 11.161215>, 0.100000
	pigment { color rgbt <1,0,0,0> }
	no_shadow
}

// particle -1
sphere {
	<20.569580, 19.171986, 11.309214> 0.100000
	pigment { color rgbt <1,0,0,0> }
	no_shadow
}
sphere {
	0, 1
	scale<0.080000,0.200000,0.300000>
	matrix <-0.417574, -0.442913, 0.793385,
		0.010092, -0.875361, -0.483365,
		0.908587, -0.193834, 0.369998,
		20.842155, 19.113836, 11.420213>
	pigment { color rgbt <0,1,1,0> }
	no_shadow
}
cylinder {
	<20.145695, 18.688900, 11.429723>,  <20.206146, 19.249519, 11.161215>, 0.130000
	pigment { color rgbt <1,0,0,0> }
	no_shadow
}

// nucleotide -1

// particle -1
sphere {
