// switches for output
#declare DRAW_BASES = 1; // possible values are 0, 1; only relevant for DNA ribbons
#declare DRAW_BASES_TYPE = 3; // possible values are 1, 2, 3; only relevant for DNA ribbons
#declare DRAW_FOG = 0; // set to 1 to enable fog

#include "colors.inc"

#include "transforms.inc"
background { rgb <1, 1, 1>}

#default {
   normal{
       ripples 0.25
       frequency 0.20
       turbulence 0.2
       lambda 5
   }
	finish {
		phong 0.1
		phong_size 40.
	}
}

// original window dimensions: 1024x640


// camera settings

camera {
	sky <-0, 1, 0>
	up <-0, 1, 0>
	right 1.6 * <1, 0, 0>
	location <18.5, 18.5, 82.5562>
	look_at <18.5, 18.5, 18.5>
	direction <0, 0, -64.0562>
	angle 67.0682
}


# declare cpy_camera_pos = <18.5, 18.5, 82.5562>;
# if (DRAW_FOG = 1)
fog {
	fog_type 2
	up vnormalize(cpy_camera_pos)
	color rgbt<1,1,1,0.3>
	distance 1e-5
	fog_alt 3e-3
	fog_offset 29.6
}
# end


// LIGHTS

# declare lum = 6;
global_settings {
	ambient_light rgb lum * <0.05, 0.05, 0.05>
	max_trace_level 15
}# declare cpy_direct_light_amount = 0.25;
light_source
{	1000 * <-1, -1, 1>,
	rgb lum * cpy_direct_light_amount
	parallel
}

light_source
{	1000 * <1, 1, -1>,
	rgb lum * cpy_direct_light_amount
	parallel
}

// strand 0

// nucleotide -1

// particle -1
sphere {
	<22.816536, 17.306839, -2.776676> 0.250000
	pigment { color rgbt <1,0,0,0> }
	no_shadow
}
cylinder {
	<22.846447, 17.288799, -2.378204>,  <22.864393, 17.277975, -2.139121>, 0.100000
	pigment { color rgbt <1,0,0,0> }
	no_shadow
}
cylinder {
	<22.846447, 17.288799, -2.378204>,  <22.816536, 17.306839, -2.776676>, 0.100000
	pigment { color rgbt <1,0,0,0> }
	no_shadow
}

// particle -1
sphere {
	<22.846447, 17.288799, -2.378204> 0.100000
	pigment { color rgbt <1,0,0,0> }
	no_shadow
}
sphere {
	0, 1
	scale<0.080000,0.200000,0.300000>
	matrix <-0.825101, 0.558215, 0.087206,
		-0.560016, -0.828470, 0.004529,
		0.074775, -0.045100, 0.996180,
		22.868879, 17.275269, -2.079350>
	pigment { color rgbt <0,1,1,0> }
	no_shadow
}
cylinder {
	<22.222759, 17.042130, -2.483317>,  <22.816536, 17.306839, -2.776676>, 0.130000
	pigment { color rgbt <1,0,0,0> }
	no_shadow
}

// nucleotide -1

// particle -1
sphere {
	<22.222759, 17.042130, -2.483317> 0.250000
	pigment { color rgbt <1,0,0,0> }
	no_shadow
}
cylinder {
	<22.403572, 17.292515, -2.229124>,  <22.512060, 17.442745, -2.076608>, 0.100000
	pigment { color rgbt <1,0,0,0> }
	no_shadow
}
cylinder {
	<22.403572, 17.292515, -2.229124>,  <22.222759, 17.042130, -2.483317>, 0.100000
	pigment { color rgbt <1,0,0,0> }
	no_shadow
}

// particle -1
sphere {
	<22.403572, 17.292515, -2.229124> 0.100000
	pigment { color rgbt <1,0,0,0> }
	no_shadow
}
sphere {
	0, 1
	scale<0.080000,0.200000,0.300000>
	matrix <-0.815410, 0.578799, 0.009891,
		-0.361625, -0.522651, 0.772051,
		0.452032, 0.625961, 0.635483,
		22.539183, 17.480303, -2.038479>
	pigment { color rgbt <0,1,1,0> }
	no_shadow
}
cylinder {
	<21.844202, 17.158279, -1.821020>,  <22.222759, 17.042130, -2.483317>, 0.130000
	pigment { color rgbt <1,0,0,0> }
	no_shadow
}

// nucleotide -1

// particle -1
sphere {
	<21.844202, 17.158279, -1.821020> 0.250000
	pigment { color rgbt <1,0,0,0> }
	no_shadow
}
cylinder {
	<22.068226, 17.485527, -1.873197>,  <22.202641, 17.681875, -1.904503>, 0.100000
	pigment { color rgbt <1,0,0,0> }
	no_shadow
}
cylinder {
	<22.068226, 17.485527, -1.873197>,  <21.844202, 17.158279, -1.821020>, 0.100000
	pigment { color rgbt <1,0,0,0> }
	no_shadow
}

// particle -1
sphere {
	<22.068226, 17.485527, -1.873197> 0.100000
	pigment { color rgbt <1,0,0,0> }
	no_shadow
}
sphere {
	0, 1
	scale<0.080000,0.200000,0.300000>
	matrix <-0.791889, 0.574922, 0.205856,
		0.243409, -0.011996, 0.969850,
		0.560058, 0.818120, -0.130441,
		22.236242, 17.730963, -1.912329>
	pigment { color rgbt <0,1,1,0> }
	no_shadow
}
cylinder {
	<22.041098, 17.459068, -1.154277>,  <21.844202, 17.158279, -1.821020>, 0.130000
	pigment { color rgbt <1,0,0,0> }
	no_shadow
}

// nucleotide -1

// particle -1
sphere {
	<22.041098, 17.459068, -1.154277> 0.250000
	pigment { color rgbt <1,0,0,0> }
	no_shadow
}
cylinder {
	<21.978146, 17.688446, -1.475870>,  <21.940374, 17.826073, -1.668827>, 0.100000
	pigment { color rgbt <1,0,0,0> }
	no_shadow
}
cylinder {
	<21.978146, 17.688446, -1.475870>,  <22.041098, 17.459068, -1.154277>, 0.100000
	pigment { color rgbt <1,0,0,0> }
	no_shadow
}

// particle -1
sphere {
	<21.978146, 17.688446, -1.475870> 0.100000
	pigment { color rgbt <1,0,0,0> }
	no_shadow
}
sphere {
	0, 1
	scale<0.080000,0.200000,0.300000>
	matrix <-0.831291, 0.362552, 0.421320,
		0.533091, 0.734653, 0.419642,
		-0.157382, 0.573446, -0.803984,
		21.930931, 17.860479, -1.717066>
	pigment { color rgbt <0,1,1,0> }
	no_shadow
}
cylinder {
	<22.060663, 18.156136, -1.026958>,  <22.041098, 17.459068, -1.154277>, 0.130000
	pigment { color rgbt <1,0,0,0> }
	no_shadow
}

// nucleotide -1

// particle -1
sphere {
	<22.060663, 18.156136, -1.026958> 0.250000
	pigment { color rgbt <1,0,0,0> }
	no_shadow
}
cylinder {
	<21.792889, 18.095821, -1.317919>,  <21.632223, 18.059633, -1.492496>, 0.100000
	pigment { color rgbt <1,0,0,0> }
	no_shadow
}
cylinder {
	<21.792889, 18.095821, -1.317919>,  <22.060663, 18.156136, -1.026958>, 0.100000
	pigment { color rgbt <1,0,0,0> }
	no_shadow
}

// particle -1
sphere {
	<21.792889, 18.095821, -1.317919> 0.100000
	pigment { color rgbt <1,0,0,0> }
	no_shadow
}
sphere {
	0, 1
	scale<0.080000,0.200000,0.300000>
	matrix <-0.668217, 0.550032, 0.500950,
		0.324559, 0.821419, -0.468970,
		-0.669438, -0.150786, -0.727404,
		21.592056, 18.050585, -1.536140>
	pigment { color rgbt <0,1,1,0> }
	no_shadow
}
cylinder {
	<21.725424, 18.777344, -1.363631>,  <22.060663, 18.156136, -1.026958>, 0.130000
	pigment { color rgbt <1,0,0,0> }
	no_shadow
}

// nucleotide -1

// particle -1
sphere {
	<21.725424, 18.777344, -1.363631> 0.250000
	pigment { color rgbt <1,0,0,0> }
	no_shadow
}
cylinder {
	<21.461281, 18.478329, -1.392239>,  <21.302795, 18.298920, -1.409404>, 0.100000
	pigment { color rgbt <1,0,0,0> }
	no_shadow
}
cylinder {
	<21.461281, 18.478329, -1.392239>,  <21.725424, 18.777344, -1.363631>, 0.100000
	pigment { color rgbt <1,0,0,0> }
	no_shadow
}

// particle -1
sphere {
	<21.461281, 18.478329, -1.392239> 0.100000
	pigment { color rgbt <1,0,0,0> }
	no_shadow
}
sphere {
	0, 1
	scale<0.080000,0.200000,0.300000>
	matrix <-0.628113, 0.497627, 0.598199,
		-0.411587, 0.439947, -0.798150,
		-0.660357, -0.747539, -0.071520,
		21.263174, 18.254066, -1.413695>
	pigment { color rgbt <0,1,1,0> }
	no_shadow
}
cylinder {
	<21.120737, 19.066534, -1.524056>,  <21.725424, 18.777344, -1.363631>, 0.130000
	pigment { color rgbt <1,0,0,0> }
	no_shadow
}

// nucleotide -1

// particle -1
sphere {
	<21.120737, 19.066534, -1.524056> 0.250000
	pigment { color rgbt <1,0,0,0> }
	no_shadow
}
cylinder {
	<21.058456, 18.712704, -1.348198>,  <21.021088, 18.500406, -1.242684>, 0.100000
	pigment { color rgbt <1,0,0,0> }
	no_shadow
}
cylinder {
	<21.058456, 18.712704, -1.348198>,  <21.120737, 19.066534, -1.524056>, 0.100000
	pigment { color rgbt <1,0,0,0> }
	no_shadow
}

// particle -1
sphere {
	<21.058456, 18.712704, -1.348198> 0.100000
	pigment { color rgbt <1,0,0,0> }
	no_shadow
}
sphere {
	0, 1
	scale<0.080000,0.200000,0.300000>
	matrix <-0.628824, 0.432000, 0.646496,
		-0.761799, -0.175799, -0.623503,
		-0.155700, -0.884574, 0.439644,
		21.011745, 18.447332, -1.216305>
	pigment { color rgbt <0,1,1,0> }
	no_shadow
}
cylinder {
	<20.401403, 18.932096, -1.497422>,  <21.120737, 19.066534, -1.524056>, 0.130000
	pigment { color rgbt <1,0,0,0> }
	no_shadow
}

// nucleotide -1

// particle -1
sphere {
	<20.401403, 18.932096, -1.497422> 0.250000
	pigment { color rgbt <1,0,0,0> }
	no_shadow
}
cylinder {
	<20.598030, 18.745693, -1.203157>,  <20.716005, 18.633852, -1.026597>, 0.100000
	pigment { color rgbt <1,0,0,0> }
	no_shadow
}
cylinder {
	<20.598030, 18.745693, -1.203157>,  <20.401403, 18.932096, -1.497422>, 0.100000
	pigment { color rgbt <1,0,0,0> }
	no_shadow
}

// particle -1
sphere {
	<20.598030, 18.745693, -1.203157> 0.100000
	pigment { color rgbt <1,0,0,0> }
	no_shadow
}
sphere {
	0, 1
	scale<0.080000,0.200000,0.300000>
	matrix <-0.654751, 0.359203, 0.665037,
		-0.574165, -0.808585, -0.128547,
		0.491564, -0.466008, 0.735664,
		20.745499, 18.605890, -0.982457>
	pigment { color rgbt <0,1,1,0> }
	no_shadow
}
cylinder {
	<19.829552, 18.542940, -0.986992>,  <20.401403, 18.932096, -1.497422>, 0.130000
	pigment { color rgbt <1,0,0,0> }
	no_shadow
}

// nucleotide -1

// particle -1
sphere {
	<19.829552, 18.542940, -0.986992> 0.250000
	pigment { color rgbt <1,0,0,0> }
	no_shadow
}
cylinder {
	<20.184826, 18.567104, -0.804793>,  <20.397989, 18.581604, -0.695473>, 0.100000
	pigment { color rgbt <1,0,0,0> }
	no_shadow
}
cylinder {
	<20.184826, 18.567104, -0.804793>,  <19.829552, 18.542940, -0.986992>, 0.100000
	pigment { color rgbt <1,0,0,0> }
	no_shadow
}

// particle -1
sphere {
	<20.184826, 18.567104, -0.804793> 0.100000
	pigment { color rgbt <1,0,0,0> }
	no_shadow
}
sphere {
	0, 1
	scale<0.080000,0.200000,0.300000>
	matrix <-0.444063, 0.367550, 0.817138,
		-0.118055, -0.928039, 0.353278,
		0.888184, 0.060411, 0.455499,
		20.451281, 18.585228, -0.668144>
	pigment { color rgbt <0,1,1,0> }
	no_shadow
}
cylinder {
	<19.800323, 18.311035, -0.346345>,  <19.829552, 18.542940, -0.986992>, 0.130000
	pigment { color rgbt <1,0,0,0> }
	no_shadow
}

// nucleotide -1

// particle -1
sphere {
	<19.800323, 18.311035, -0.346345> 0.250000
	pigment { color rgbt <1,0,0,0> }
	no_shadow
}
cylinder {
	<20.118038, 18.550690, -0.306062>,  <20.308668, 18.694483, -0.281892>, 0.100000
	pigment { color rgbt <1,0,0,0> }
	no_shadow
}
cylinder {
	<20.118038, 18.550690, -0.306062>,  <19.800323, 18.311035, -0.346345>, 0.100000
	pigment { color rgbt <1,0,0,0> }
	no_shadow
}

// particle -1
sphere {
	<20.118038, 18.550690, -0.306062> 0.100000
	pigment { color rgbt <1,0,0,0> }
	no_shadow
}
sphere {
	0, 1
	scale<0.080000,0.200000,0.300000>
	matrix <-0.406039, 0.400200, 0.821567,
		0.451926, -0.693453, 0.561146,
		0.794289, 0.599135, 0.100708,
		20.356325, 18.730431, -0.275849>
	pigment { color rgbt <0,1,1,0> }
	no_shadow
}
cylinder {
	<19.892492, 18.380985, 0.438281>,  <19.800323, 18.311035, -0.346345>, 0.130000
	pigment { color rgbt <1,0,0,0> }
	no_shadow
}

// nucleotide -1

// particle -1
sphere {
	<19.892492, 18.380985, 0.438281> 0.250000
	pigment { color rgbt <1,0,0,0> }
	no_shadow
}
cylinder {
	<20.032875, 18.705208, 0.250738>,  <20.117104, 18.899742, 0.138212>, 0.100000
	pigment { color rgbt <1,0,0,0> }
	no_shadow
}
cylinder {
	<20.032875, 18.705208, 0.250738>,  <19.892492, 18.380985, 0.438281>, 0.100000
	pigment { color rgbt <1,0,0,0> }
	no_shadow
}

// particle -1
sphere {
	<20.032875, 18.705208, 0.250738> 0.100000
	pigment { color rgbt <1,0,0,0> }
	no_shadow
}
sphere {
	0, 1
	scale<0.080000,0.200000,0.300000>
	matrix <-0.245517, 0.562843, 0.789258,
		0.903633, -0.161881, 0.396538,
		0.350954, 0.810557, -0.468859,
		20.138161, 18.948376, 0.110080>
	pigment { color rgbt <0,1,1,0> }
	no_shadow
}
cylinder {
	<20.362392, 18.726656, 0.879885>,  <19.892492, 18.380985, 0.438281>, 0.130000
	pigment { color rgbt <1,0,0,0> }
	no_shadow
}

// nucleotide -1

// particle -1
sphere {
	<20.362392, 18.726656, 0.879885> 0.250000
	pigment { color rgbt <1,0,0,0> }
	no_shadow
}
cylinder {
	<20.175678, 18.976597, 0.629550>,  <20.063650, 19.126560, 0.479349>, 0.100000
	pigment { color rgbt <1,0,0,0> }
	no_shadow
}
cylinder {
	<20.175678, 18.976597, 0.629550>,  <20.362392, 18.726656, 0.879885>, 0.100000
	pigment { color rgbt <1,0,0,0> }
	no_shadow
}

// particle -1
sphere {
	<20.175678, 18.976597, 0.629550> 0.100000
	pigment { color rgbt <1,0,0,0> }
	no_shadow
}
sphere {
	0, 1
	scale<0.080000,0.200000,0.300000>
	matrix <-0.272351, 0.571704, 0.773938,
		0.841389, 0.531711, -0.096685,
		-0.466787, 0.624850, -0.625837,
		20.035643, 19.164051, 0.441799>
	pigment { color rgbt <0,1,1,0> }
	no_shadow
}
cylinder {
	<20.540636, 19.448219, 1.135841>,  <20.362392, 18.726656, 0.879885>, 0.130000
	pigment { color rgbt <1,0,0,0> }
	no_shadow
}

// nucleotide -1

// particle -1
sphere {
	<20.540636, 19.448219, 1.135841> 0.250000
	pigment { color rgbt <1,0,0,0> }
	no_shadow
}
cylinder {
	<20.182487, 19.419563, 0.960033>,  <19.967598, 19.402370, 0.854549>, 0.100000
	pigment { color rgbt <1,0,0,0> }
	no_shadow
}
cylinder {
	<20.182487, 19.419563, 0.960033>,  <20.540636, 19.448219, 1.135841>, 0.100000
	pigment { color rgbt <1,0,0,0> }
	no_shadow
}

// particle -1
sphere {
	<20.182487, 19.419563, 0.960033> 0.100000
	pigment { color rgbt <1,0,0,0> }
	no_shadow
}
sphere {
	0, 1
	scale<0.080000,0.200000,0.300000>
	matrix <-0.396881, 0.576016, 0.714627,
		0.201975, 0.814293, -0.544181,
		-0.895373, -0.071638, -0.439518,
		19.913876, 19.398071, 0.828178>
	pigment { color rgbt <0,1,1,0> }
	no_shadow
}
cylinder {
	<20.100847, 20.105881, 1.114236>,  <20.540636, 19.448219, 1.135841>, 0.130000
	pigment { color rgbt <1,0,0,0> }
	no_shadow
}

// nucleotide -1

// particle -1
sphere {
	<20.100847, 20.105881, 1.114236> 0.250000
	pigment { color rgbt <1,0,0,0> }
	no_shadow
}
cylinder {
	<19.829464, 19.812107, 1.121233>,  <19.666634, 19.635843, 1.125430>, 0.100000
	pigment { color rgbt <1,0,0,0> }
	no_shadow
}
cylinder {
	<19.829464, 19.812107, 1.121233>,  <20.100847, 20.105881, 1.114236>, 0.100000
	pigment { color rgbt <1,0,0,0> }
	no_shadow
}

// particle -1
sphere {
	<19.829464, 19.812107, 1.121233> 0.100000
	pigment { color rgbt <1,0,0,0> }
	no_shadow
}
sphere {
	0, 1
	scale<0.080000,0.200000,0.300000>
	matrix <-0.574487, 0.545241, 0.610472,
		-0.457887, 0.404131, -0.791844,
		-0.678457, -0.734432, 0.017490,
		19.625927, 19.591778, 1.126480>
	pigment { color rgbt <0,1,1,0> }
	no_shadow
}
cylinder {
	<19.403625, 20.525206, 1.131704>,  <20.100847, 20.105881, 1.114236>, 0.130000
	pigment { color rgbt <1,0,0,0> }
	no_shadow
}

// nucleotide -1

// particle -1
sphere {
	<19.403625, 20.525206, 1.131704> 0.250000
	pigment { color rgbt <1,0,0,0> }
	no_shadow
}
cylinder {
	<19.420380, 20.161980, 1.298396>,  <19.430431, 19.944044, 1.398411>, 0.100000
	pigment { color rgbt <1,0,0,0> }
	no_shadow
}
cylinder {
	<19.420380, 20.161980, 1.298396>,  <19.403625, 20.525206, 1.131704>, 0.100000
	pigment { color rgbt <1,0,0,0> }
	no_shadow
}

// particle -1
sphere {
	<19.420380, 20.161980, 1.298396> 0.100000
	pigment { color rgbt <1,0,0,0> }
	no_shadow
}
sphere {
	0, 1
	scale<0.080000,0.200000,0.300000>
	matrix <-0.561105, 0.323731, 0.761813,
		-0.826684, -0.265736, -0.495961,
		0.041883, -0.908065, 0.416729,
		19.432945, 19.889561, 1.423415>
	pigment { color rgbt <0,1,1,0> }
	no_shadow
}
cylinder {
	<18.742062, 20.066660, 1.254378>,  <19.403625, 20.525206, 1.131704>, 0.130000
	pigment { color rgbt <1,0,0,0> }
	no_shadow
}

// nucleotide -1

// particle -1
sphere {
	<18.742062, 20.066660, 1.254378> 0.250000
	pigment { color rgbt <1,0,0,0> }
	no_shadow
}
cylinder {
	<19.017921, 19.962437, 1.524636>,  <19.183437, 19.899902, 1.686791>, 0.100000
	pigment { color rgbt <1,0,0,0> }
	no_shadow
}
cylinder {
	<19.017921, 19.962437, 1.524636>,  <18.742062, 20.066660, 1.254378>, 0.100000
	pigment { color rgbt <1,0,0,0> }
	no_shadow
}

// particle -1
sphere {
	<19.017921, 19.962437, 1.524636> 0.100000
	pigment { color rgbt <1,0,0,0> }
	no_shadow
}
sphere {
	0, 1
	scale<0.080000,0.200000,0.300000>
	matrix <-0.687673, 0.056724, 0.723801,
		-0.226919, -0.963790, -0.140060,
		0.689647, -0.260559, 0.675644,
		19.224815, 19.884270, 1.727330>
	pigment { color rgbt <0,1,1,0> }
	no_shadow
}
cylinder {
	<18.553434, 19.402987, 1.623488>,  <18.742062, 20.066660, 1.254378>, 0.130000
	pigment { color rgbt <1,0,0,0> }
	no_shadow
}

// nucleotide -1

// particle -1
sphere {
	<18.553434, 19.402987, 1.623488> 0.250000
	pigment { color rgbt <1,0,0,0> }
	no_shadow
}
cylinder {
	<18.754040, 19.691322, 1.814852>,  <18.874403, 19.864323, 1.929670>, 0.100000
	pigment { color rgbt <1,0,0,0> }
	no_shadow
}
cylinder {
	<18.754040, 19.691322, 1.814852>,  <18.553434, 19.402987, 1.623488>, 0.100000
	pigment { color rgbt <1,0,0,0> }
	no_shadow
}

// particle -1
sphere {
	<18.754040, 19.691322, 1.814852> 0.100000
	pigment { color rgbt <1,0,0,0> }
	no_shadow
}
sphere {
	0, 1
	scale<0.080000,0.200000,0.300000>
	matrix <-0.692610, 0.003156, 0.721305,
		0.518435, -0.693096, 0.500843,
		0.501514, 0.720838, 0.478409,
		18.904493, 19.907574, 1.958375>
	pigment { color rgbt <0,1,1,0> }
	no_shadow
}
cylinder {
	<18.075285, 19.444206, 2.130301>,  <18.553434, 19.402987, 1.623488>, 0.130000
	pigment { color rgbt <1,0,0,0> }
	no_shadow
}

// nucleotide -1

// particle -1
sphere {
	<18.075285, 19.444206, 2.130301> 0.250000
	pigment { color rgbt <1,0,0,0> }
	no_shadow
}
cylinder {
	<18.365231, 19.701176, 2.229793>,  <18.539198, 19.855356, 2.289488>, 0.100000
	pigment { color rgbt <1,0,0,0> }
	no_shadow
}
cylinder {
	<18.365231, 19.701176, 2.229793>,  <18.075285, 19.444206, 2.130301>, 0.100000
	pigment { color rgbt <1,0,0,0> }
	no_shadow
}

// particle -1
sphere {
	<18.365231, 19.701176, 2.229793> 0.100000
	pigment { color rgbt <1,0,0,0> }
	no_shadow
}
sphere {
	0, 1
	scale<0.080000,0.200000,0.300000>
	matrix <-0.472465, 0.200837, 0.858162,
		0.501349, -0.739565, 0.449102,
		0.724863, 0.642423, 0.248729,
		18.582689, 19.893902, 2.304412>
	pigment { color rgbt <0,1,1,0> }
	no_shadow
}
cylinder {
	<18.204113, 19.252048, 2.767171>,  <18.075285, 19.444206, 2.130301>, 0.130000
	pigment { color rgbt <1,0,0,0> }
	no_shadow
}

// nucleotide -1

// particle -1
sphere {
	<18.204113, 19.252048, 2.767171> 0.250000
	pigment { color rgbt <1,0,0,0> }
	no_shadow
}
cylinder {
	<18.306004, 19.633564, 2.703422>,  <18.367138, 19.862473, 2.665172>, 0.100000
	pigment { color rgbt <1,0,0,0> }
	no_shadow
}
cylinder {
	<18.306004, 19.633564, 2.703422>,  <18.204113, 19.252048, 2.767171>, 0.100000
	pigment { color rgbt <1,0,0,0> }
	no_shadow
}

// particle -1
sphere {
	<18.306004, 19.633564, 2.703422> 0.100000
	pigment { color rgbt <1,0,0,0> }
	no_shadow
}
sphere {
	0, 1
	scale<0.080000,0.200000,0.300000>
	matrix <-0.413273, 0.256375, 0.873772,
		0.874253, -0.156709, 0.459482,
		0.254728, 0.953789, -0.159373,
		18.382421, 19.919701, 2.655610>
	pigment { color rgbt <0,1,1,0> }
	no_shadow
}
cylinder {
	<18.672375, 19.705750, 3.252527>,  <18.204113, 19.252048, 2.767171>, 0.130000
	pigment { color rgbt <1,0,0,0> }
	no_shadow
}

// nucleotide -1

// particle -1
sphere {
	<18.672375, 19.705750, 3.252527> 0.250000
	pigment { color rgbt <1,0,0,0> }
	no_shadow
}
cylinder {
	<18.414242, 19.964241, 3.089587>,  <18.259361, 20.119335, 2.991823>, 0.100000
	pigment { color rgbt <1,0,0,0> }
	no_shadow
}
cylinder {
	<18.414242, 19.964241, 3.089587>,  <18.672375, 19.705750, 3.252527>, 0.100000
	pigment { color rgbt <1,0,0,0> }
	no_shadow
}

// particle -1
sphere {
	<18.414242, 19.964241, 3.089587> 0.100000
	pigment { color rgbt <1,0,0,0> }
	no_shadow
}
sphere {
	0, 1
	scale<0.080000,0.200000,0.300000>
	matrix <-0.325942, 0.249335, 0.911918,
		0.690874, 0.721263, 0.049728,
		-0.645334, 0.646228, -0.407349,
		18.220642, 20.158110, 2.967382>
	pigment { color rgbt <0,1,1,0> }
	no_shadow
}
cylinder {
	<18.774801, 20.426889, 3.482812>,  <18.672375, 19.705750, 3.252527>, 0.130000
	pigment { color rgbt <1,0,0,0> }
	no_shadow
}

// nucleotide -1

// particle -1
sphere {
	<18.774801, 20.426889, 3.482812> 0.250000
	pigment { color rgbt <1,0,0,0> }
	no_shadow
}
cylinder {
	<18.390331, 20.359306, 3.395544>,  <18.159649, 20.318756, 3.343182>, 0.100000
	pigment { color rgbt <1,0,0,0> }
	no_shadow
}
cylinder {
	<18.390331, 20.359306, 3.395544>,  <18.774801, 20.426889, 3.482812>, 0.100000
	pigment { color rgbt <1,0,0,0> }
	no_shadow
}

// particle -1
sphere {
	<18.390331, 20.359306, 3.395544> 0.100000
	pigment { color rgbt <1,0,0,0> }
	no_shadow
}
sphere {
	0, 1
	scale<0.080000,0.200000,0.300000>
	matrix <-0.243471, 0.147137, 0.958683,
		-0.129876, 0.974579, -0.182561,
		-0.961173, -0.168958, -0.218172,
		18.101980, 20.308619, 3.330092>
	pigment { color rgbt <0,1,1,0> }
	no_shadow
}
cylinder {
	<18.276012, 21.045301, 3.575624>,  <18.774801, 20.426889, 3.482812>, 0.130000
	pigment { color rgbt <1,0,0,0> }
	no_shadow
}

// nucleotide -1

// particle -1
sphere {
	<18.276012, 21.045301, 3.575624> 0.250000
	pigment { color rgbt <1,0,0,0> }
	no_shadow
}
cylinder {
	<18.124580, 20.681511, 3.644363>,  <18.033720, 20.463238, 3.685606>, 0.100000
	pigment { color rgbt <1,0,0,0> }
	no_shadow
}
cylinder {
	<18.124580, 20.681511, 3.644363>,  <18.276012, 21.045301, 3.575624>, 0.100000
	pigment { color rgbt <1,0,0,0> }
	no_shadow
}

// particle -1
sphere {
	<18.124580, 20.681511, 3.644363> 0.100000
	pigment { color rgbt <1,0,0,0> }
	no_shadow
}
sphere {
	0, 1
	scale<0.080000,0.200000,0.300000>
	matrix <-0.223780, 0.270099, 0.936466,
		-0.898108, 0.316073, -0.305777,
		-0.378582, -0.909475, 0.171847,
		18.011005, 20.408669, 3.695917>
	pigment { color rgbt <0,1,1,0> }
	no_shadow
}
cylinder {
	<17.609917, 21.033674, 3.818438>,  <18.276012, 21.045301, 3.575624>, 0.130000
	pigment { color rgbt <1,0,0,0> }
	no_shadow
}

// nucleotide -1

// particle -1
sphere {
	<17.609917, 21.033674, 3.818438> 0.250000
	pigment { color rgbt <1,0,0,0> }
	no_shadow
}
cylinder {
	<17.769199, 20.695107, 3.959864>,  <17.864769, 20.491966, 4.044719>, 0.100000
	pigment { color rgbt <1,0,0,0> }
	no_shadow
}
cylinder {
	<17.769199, 20.695107, 3.959864>,  <17.609917, 21.033674, 3.818438>, 0.100000
	pigment { color rgbt <1,0,0,0> }
	no_shadow
}

// particle -1
sphere {
	<17.769199, 20.695107, 3.959864> 0.100000
	pigment { color rgbt <1,0,0,0> }
	no_shadow
}
sphere {
	0, 1
	scale<0.080000,0.200000,0.300000>
	matrix <-0.286298, 0.251507, 0.924542,
		-0.871473, -0.469384, -0.142175,
		0.398208, -0.846418, 0.353565,
		17.888662, 20.441181, 4.065933>
	pigment { color rgbt <0,1,1,0> }
	no_shadow
}
cylinder {
	<17.250193, 20.774294, 4.370446>,  <17.609917, 21.033674, 3.818438>, 0.130000
	pigment { color rgbt <1,0,0,0> }
	no_shadow
}

// nucleotide -1

// particle -1
sphere {
	<17.250193, 20.774294, 4.370446> 0.250000
	pigment { color rgbt <1,0,0,0> }
	no_shadow
}
cylinder {
	<17.617706, 20.622551, 4.414125>,  <17.838215, 20.531506, 4.440333>, 0.100000
	pigment { color rgbt <1,0,0,0> }
	no_shadow
}
cylinder {
	<17.617706, 20.622551, 4.414125>,  <17.250193, 20.774294, 4.370446>, 0.100000
	pigment { color rgbt <1,0,0,0> }
	no_shadow
}

// particle -1
sphere {
	<17.617706, 20.622551, 4.414125> 0.100000
	pigment { color rgbt <1,0,0,0> }
	no_shadow
}
sphere {
	0, 1
	scale<0.080000,0.200000,0.300000>
	matrix <-0.052239, 0.157350, 0.986160,
		-0.391291, -0.911772, 0.124753,
		0.918783, -0.379359, 0.109200,
		17.893341, 20.508743, 4.446885>
	pigment { color rgbt <0,1,1,0> }
	no_shadow
}
cylinder {
	<17.174313, 20.544785, 5.030159>,  <17.250193, 20.774294, 4.370446>, 0.130000
	pigment { color rgbt <1,0,0,0> }
	no_shadow
}

// nucleotide -1

// particle -1
sphere {
	<17.174313, 20.544785, 5.030159> 0.250000
	pigment { color rgbt <1,0,0,0> }
	no_shadow
}
cylinder {
	<17.559597, 20.556515, 4.923302>,  <17.790768, 20.563553, 4.859187>, 0.100000
	pigment { color rgbt <1,0,0,0> }
	no_shadow
}
cylinder {
	<17.559597, 20.556515, 4.923302>,  <17.174313, 20.544785, 5.030159>, 0.100000
	pigment { color rgbt <1,0,0,0> }
	no_shadow
}

// particle -1
sphere {
	<17.559597, 20.556515, 4.923302> 0.100000
	pigment { color rgbt <1,0,0,0> }
	no_shadow
}
sphere {
	0, 1
	scale<0.080000,0.200000,0.300000>
	matrix <0.261660, 0.124483, 0.957099,
		0.061318, -0.991789, 0.112231,
		0.963210, 0.029321, -0.267144,
		17.848560, 20.565311, 4.843158>
	pigment { color rgbt <0,1,1,0> }
	no_shadow
}
cylinder {
	<17.726194, 20.223991, 5.521555>,  <17.174313, 20.544785, 5.030159>, 0.130000
	pigment { color rgbt <1,0,0,0> }
	no_shadow
}

// nucleotide -1

// particle -1
sphere {
	<17.726194, 20.223991, 5.521555> 0.250000
	pigment { color rgbt <1,0,0,0> }
	no_shadow
}
cylinder {
	<17.918995, 20.513515, 5.324061>,  <18.034676, 20.687229, 5.205565>, 0.100000
	pigment { color rgbt <1,0,0,0> }
	no_shadow
}
cylinder {
	<17.918995, 20.513515, 5.324061>,  <17.726194, 20.223991, 5.521555>, 0.100000
	pigment { color rgbt <1,0,0,0> }
	no_shadow
}

// particle -1
sphere {
	<17.918995, 20.513515, 5.324061> 0.100000
	pigment { color rgbt <1,0,0,0> }
	no_shadow
}
sphere {
	0, 1
	scale<0.080000,0.200000,0.300000>
	matrix <0.553967, 0.184831, 0.811763,
		0.678820, -0.664783, -0.311878,
		0.482001, 0.723811, -0.493734,
		18.063595, 20.730659, 5.175941>
	pigment { color rgbt <0,1,1,0> }
	no_shadow
}
cylinder {
	<18.429649, 20.134701, 5.525661>,  <17.726194, 20.223991, 5.521555>, 0.130000
	pigment { color rgbt <1,0,0,0> }
	no_shadow
}

// nucleotide -1

// particle -1
sphere {
	<18.429649, 20.134701, 5.525661> 0.250000
	pigment { color rgbt <1,0,0,0> }
	no_shadow
}
cylinder {
	<18.374180, 20.530659, 5.513825>,  <18.340899, 20.768234, 5.506724>, 0.100000
	pigment { color rgbt <1,0,0,0> }
	no_shadow
}
cylinder {
	<18.374180, 20.530659, 5.513825>,  <18.429649, 20.134701, 5.525661>, 0.100000
	pigment { color rgbt <1,0,0,0> }
	no_shadow
}

// particle -1
sphere {
	<18.374180, 20.530659, 5.513825> 0.100000
	pigment { color rgbt <1,0,0,0> }
	no_shadow
}
sphere {
	0, 1
	scale<0.080000,0.200000,0.300000>
	matrix <0.472976, 0.092450, 0.876212,
		0.870094, 0.107512, -0.481017,
		-0.138673, 0.989896, -0.029590,
		18.332579, 20.827627, 5.504949>
	pigment { color rgbt <0,1,1,0> }
	no_shadow
}
cylinder {
	<19.066370, 20.481087, 5.461113>,  <18.429649, 20.134701, 5.525661>, 0.130000
	pigment { color rgbt <1,0,0,0> }
	no_shadow
}

// nucleotide -1

// particle -1
sphere {
	<19.066370, 20.481087, 5.461113> 0.250000
	pigment { color rgbt <1,0,0,0> }
	no_shadow
}
cylinder {
	<18.811562, 20.727863, 5.645974>,  <18.658676, 20.875929, 5.756891>, 0.100000
	pigment { color rgbt <1,0,0,0> }
	no_shadow
}
cylinder {
	<18.811562, 20.727863, 5.645974>,  <19.066370, 20.481087, 5.461113>, 0.100000
	pigment { color rgbt <1,0,0,0> }
	no_shadow
}

// particle -1
sphere {
	<18.811562, 20.727863, 5.645974> 0.100000
	pigment { color rgbt <1,0,0,0> }
	no_shadow
}
sphere {
	0, 1
	scale<0.080000,0.200000,0.300000>
	matrix <0.538448, -0.072898, 0.839500,
		0.551614, 0.783624, -0.285754,
		-0.637021, 0.616943, 0.462152,
		18.620455, 20.912947, 5.784620>
	pigment { color rgbt <0,1,1,0> }
	no_shadow
}
cylinder {
	<19.556877, 21.012909, 5.784933>,  <19.066370, 20.481087, 5.461113>, 0.130000
	pigment { color rgbt <1,0,0,0> }
	no_shadow
}

// nucleotide -1

// particle -1
sphere {
	<19.556877, 21.012909, 5.784933> 0.250000
	pigment { color rgbt <1,0,0,0> }
	no_shadow
}
cylinder {
	<19.217304, 21.056419, 5.991806>,  <19.013559, 21.082525, 6.115930>, 0.100000
	pigment { color rgbt <1,0,0,0> }
	no_shadow
}
cylinder {
	<19.217304, 21.056419, 5.991806>,  <19.556877, 21.012909, 5.784933>, 0.100000
	pigment { color rgbt <1,0,0,0> }
	no_shadow
}

// particle -1
sphere {
	<19.217304, 21.056419, 5.991806> 0.100000
	pigment { color rgbt <1,0,0,0> }
	no_shadow
}
sphere {
	0, 1
	scale<0.080000,0.200000,0.300000>
	matrix <0.519037, -0.012752, 0.854657,
		0.099563, 0.993984, -0.045634,
		-0.848933, 0.108778, 0.517184,
		18.962624, 21.089052, 6.146961>
	pigment { color rgbt <0,1,1,0> }
	no_shadow
}
cylinder {
	<19.568453, 21.503462, 6.430341>,  <19.556877, 21.012909, 5.784933>, 0.130000
	pigment { color rgbt <1,0,0,0> }
	no_shadow
}

// nucleotide -1

// particle -1
sphere {
	<19.568453, 21.503462, 6.430341> 0.250000
	pigment { color rgbt <1,0,0,0> }
	no_shadow
}
cylinder {
	<19.253002, 21.296589, 6.563361>,  <19.063732, 21.172464, 6.643173>, 0.100000
	pigment { color rgbt <1,0,0,0> }
	no_shadow
}
cylinder {
	<19.253002, 21.296589, 6.563361>,  <19.568453, 21.503462, 6.430341>, 0.100000
	pigment { color rgbt <1,0,0,0> }
	no_shadow
}

// particle -1
sphere {
	<19.253002, 21.296589, 6.563361> 0.100000
	pigment { color rgbt <1,0,0,0> }
	no_shadow
}
sphere {
	0, 1
	scale<0.080000,0.200000,0.300000>
	matrix <0.311465, 0.130309, 0.941280,
		-0.530149, 0.845897, 0.058319,
		-0.788627, -0.517183, 0.332551,
		19.016415, 21.141434, 6.663126>
	pigment { color rgbt <0,1,1,0> }
	no_shadow
}
cylinder {
	<19.408888, 21.678680, 7.080429>,  <19.568453, 21.503462, 6.430341>, 0.130000
	pigment { color rgbt <1,0,0,0> }
	no_shadow
}

// nucleotide -1

// particle -1
sphere {
	<19.408888, 21.678680, 7.080429> 0.250000
	pigment { color rgbt <1,0,0,0> }
	no_shadow
}
cylinder {
	<19.185757, 21.346966, 7.093770>,  <19.051878, 21.147938, 7.101775>, 0.100000
	pigment { color rgbt <1,0,0,0> }
	no_shadow
}
cylinder {
	<19.185757, 21.346966, 7.093770>,  <19.408888, 21.678680, 7.080429>, 0.100000
	pigment { color rgbt <1,0,0,0> }
	no_shadow
}

// particle -1
sphere {
	<19.185757, 21.346966, 7.093770> 0.100000
	pigment { color rgbt <1,0,0,0> }
	no_shadow
}
sphere {
	0, 1
	scale<0.080000,0.200000,0.300000>
	matrix <0.293172, -0.159292, 0.942696,
		-0.776452, 0.535641, 0.331981,
		-0.557829, -0.829286, 0.033352,
		19.018408, 21.098181, 7.103776>
	pigment { color rgbt <0,1,1,0> }
	no_shadow
}
cylinder {
	<19.011793, 21.754883, 7.697111>,  <19.408888, 21.678680, 7.080429>, 0.130000
	pigment { color rgbt <1,0,0,0> }
	no_shadow
}

// nucleotide -1

// particle -1
sphere {
	<19.011793, 21.754883, 7.697111> 0.250000
	pigment { color rgbt <1,0,0,0> }
	no_shadow
}
cylinder {
	<19.028297, 21.368717, 7.594137>,  <19.038200, 21.137018, 7.532353>, 0.100000
	pigment { color rgbt <1,0,0,0> }
	no_shadow
}
cylinder {
	<19.028297, 21.368717, 7.594137>,  <19.011793, 21.754883, 7.697111>, 0.100000
	pigment { color rgbt <1,0,0,0> }
	no_shadow
}

// particle -1
sphere {
	<19.028297, 21.368717, 7.594137> 0.100000
	pigment { color rgbt <1,0,0,0> }
	no_shadow
}
sphere {
	0, 1
	scale<0.080000,0.200000,0.300000>
	matrix <0.139151, -0.249591, 0.958302,
		-0.989411, -0.075364, 0.124039,
		0.041262, -0.965415, -0.257435,
		19.040676, 21.079092, 7.516907>
	pigment { color rgbt <0,1,1,0> }
	no_shadow
}
cylinder {
	<18.651974, 21.342278, 8.201348>,  <19.011793, 21.754883, 7.697111>, 0.130000
	pigment { color rgbt <1,0,0,0> }
	no_shadow
}

// nucleotide -1

// particle -1
sphere {
	<18.651974, 21.342278, 8.201348> 0.250000
	pigment { color rgbt <1,0,0,0> }
	no_shadow
}
cylinder {
	<18.913258, 21.072243, 8.064191>,  <19.070028, 20.910223, 7.981896>, 0.100000
	pigment { color rgbt <1,0,0,0> }
	no_shadow
}
cylinder {
	<18.913258, 21.072243, 8.064191>,  <18.651974, 21.342278, 8.201348>, 0.100000
	pigment { color rgbt <1,0,0,0> }
	no_shadow
}

// particle -1
sphere {
	<18.913258, 21.072243, 8.064191> 0.100000
	pigment { color rgbt <1,0,0,0> }
	no_shadow
}
sphere {
	0, 1
	scale<0.080000,0.200000,0.300000>
	matrix <0.273693, -0.211724, 0.938224,
		-0.705980, -0.706705, 0.046466,
		0.653210, -0.675085, -0.342894,
		19.109221, 20.869717, 7.961323>
	pigment { color rgbt <0,1,1,0> }
	no_shadow
}
cylinder {
	<18.570227, 20.648319, 8.580497>,  <18.651974, 21.342278, 8.201348>, 0.130000
	pigment { color rgbt <1,0,0,0> }
	no_shadow
}

// nucleotide -1

// particle -1
sphere {
	<18.570227, 20.648319, 8.580497> 0.250000
	pigment { color rgbt <1,0,0,0> }
	no_shadow
}
cylinder {
	<18.945503, 20.724957, 8.465198>,  <19.170670, 20.770939, 8.396018>, 0.100000
	pigment { color rgbt <1,0,0,0> }
	no_shadow
}
cylinder {
	<18.945503, 20.724957, 8.465198>,  <18.570227, 20.648319, 8.580497>, 0.100000
	pigment { color rgbt <1,0,0,0> }
	no_shadow
}

// particle -1
sphere {
	<18.945503, 20.724957, 8.465198> 0.100000
	pigment { color rgbt <1,0,0,0> }
	no_shadow
}
sphere {
	0, 1
	scale<0.080000,0.200000,0.300000>
	matrix <0.303935, -0.057628, 0.950948,
		0.165583, -0.979781, -0.112298,
		0.938193, 0.191592, -0.288247,
		19.226961, 20.782434, 8.378723>
	pigment { color rgbt <0,1,1,0> }
	no_shadow
}
cylinder {
	<19.027231, 20.072071, 8.737686>,  <18.570227, 20.648319, 8.580497>, 0.130000
	pigment { color rgbt <1,0,0,0> }
	no_shadow
}

// nucleotide -1

// particle -1
sphere {
	<19.027231, 20.072071, 8.737686> 0.250000
	pigment { color rgbt <1,0,0,0> }
	no_shadow
}
cylinder {
	<19.233532, 20.414497, 8.751256>,  <19.357313, 20.619953, 8.759398>, 0.100000
	pigment { color rgbt <1,0,0,0> }
	no_shadow
}
cylinder {
	<19.233532, 20.414497, 8.751256>,  <19.027231, 20.072071, 8.737686>, 0.100000
	pigment { color rgbt <1,0,0,0> }
	no_shadow
}

// particle -1
sphere {
	<19.233532, 20.414497, 8.751256> 0.100000
	pigment { color rgbt <1,0,0,0> }
	no_shadow
}
sphere {
	0, 1
	scale<0.080000,0.200000,0.300000>
	matrix <0.241830, -0.183454, 0.952818,
		0.821899, -0.483214, -0.301639,
		0.515752, 0.856066, 0.033925,
		19.388258, 20.671318, 8.761434>
	pigment { color rgbt <0,1,1,0> }
	no_shadow
}
cylinder {
	<19.725731, 19.913448, 8.985503>,  <19.027231, 20.072071, 8.737686>, 0.130000
	pigment { color rgbt <1,0,0,0> }
	no_shadow
}

// nucleotide -1

// particle -1
sphere {
	<19.725731, 19.913448, 8.985503> 0.250000
	pigment { color rgbt <1,0,0,0> }
	no_shadow
}
cylinder {
	<19.630531, 20.295246, 9.057394>,  <19.573412, 20.524324, 9.100529>, 0.100000
	pigment { color rgbt <1,0,0,0> }
	no_shadow
}
cylinder {
	<19.630531, 20.295246, 9.057394>,  <19.725731, 19.913448, 8.985503>, 0.100000
	pigment { color rgbt <1,0,0,0> }
	no_shadow
}

// particle -1
sphere {
	<19.630531, 20.295246, 9.057394> 0.100000
	pigment { color rgbt <1,0,0,0> }
	no_shadow
}
sphere {
	0, 1
	scale<0.080000,0.200000,0.300000>
	matrix <0.368690, -0.082411, 0.925892,
		0.898568, 0.286623, -0.332299,
		-0.237997, 0.954492, 0.179727,
		19.559132, 20.581594, 9.111312>
	pigment { color rgbt <0,1,1,0> }
	no_shadow
}
cylinder {
	<20.409779, 20.250229, 9.160271>,  <19.725731, 19.913448, 8.985503>, 0.130000
	pigment { color rgbt <1,0,0,0> }
	no_shadow
}

// nucleotide -1

// particle -1
sphere {
	<20.409779, 20.250229, 9.160271> 0.250000
	pigment { color rgbt <1,0,0,0> }
	no_shadow
}
cylinder {
	<20.105568, 20.464596, 9.306910>,  <19.923042, 20.593216, 9.394893>, 0.100000
	pigment { color rgbt <1,0,0,0> }
	no_shadow
}
cylinder {
	<20.105568, 20.464596, 9.306910>,  <20.409779, 20.250229, 9.160271>, 0.100000
	pigment { color rgbt <1,0,0,0> }
	no_shadow
}

// particle -1
sphere {
	<20.105568, 20.464596, 9.306910> 0.100000
	pigment { color rgbt <1,0,0,0> }
	no_shadow
}
sphere {
	0, 1
	scale<0.080000,0.200000,0.300000>
	matrix <0.468624, 0.062239, 0.881202,
		0.449434, 0.841974, -0.298478,
		-0.760526, 0.535916, 0.366597,
		19.877411, 20.625370, 9.416889>
	pigment { color rgbt <0,1,1,0> }
	no_shadow
}
cylinder {
	<20.765604, 20.841736, 9.413285>,  <20.409779, 20.250229, 9.160271>, 0.130000
	pigment { color rgbt <1,0,0,0> }
	no_shadow
}

// nucleotide -1

// particle -1
sphere {
	<20.765604, 20.841736, 9.413285> 0.250000
	pigment { color rgbt <1,0,0,0> }
	no_shadow
}
cylinder {
	<20.411022, 20.814976, 9.596467>,  <20.198273, 20.798920, 9.706376>, 0.100000
	pigment { color rgbt <1,0,0,0> }
	no_shadow
}
cylinder {
	<20.411022, 20.814976, 9.596467>,  <20.765604, 20.841736, 9.413285>, 0.100000
	pigment { color rgbt <1,0,0,0> }
	no_shadow
}

// particle -1
sphere {
	<20.411022, 20.814976, 9.596467> 0.100000
	pigment { color rgbt <1,0,0,0> }
	no_shadow
}
sphere {
	0, 1
	scale<0.080000,0.200000,0.300000>
	matrix <0.455166, 0.053145, 0.888819,
		-0.083799, 0.996343, -0.016661,
		-0.886455, -0.066899, 0.457955,
		20.145086, 20.794907, 9.733853>
	pigment { color rgbt <0,1,1,0> }
	no_shadow
}
cylinder {
	<20.750509, 21.327484, 10.009382>,  <20.765604, 20.841736, 9.413285>, 0.130000
	pigment { color rgbt <1,0,0,0> }
	no_shadow
}

// nucleotide -1

// particle -1
sphere {
	<20.750509, 21.327484, 10.009382> 0.250000
	pigment { color rgbt <1,0,0,0> }
	no_shadow
}
cylinder {
	<20.479797, 21.048306, 10.103051>,  <20.317369, 20.880798, 10.159253>, 0.100000
	pigment { color rgbt <1,0,0,0> }
	no_shadow
}
cylinder {
	<20.479797, 21.048306, 10.103051>,  <20.750509, 21.327484, 10.009382>, 0.100000
	pigment { color rgbt <1,0,0,0> }
	no_shadow
}

// particle -1
sphere {
	<20.479797, 21.048306, 10.103051> 0.100000
	pigment { color rgbt <1,0,0,0> }
	no_shadow
}
sphere {
	0, 1
	scale<0.080000,0.200000,0.300000>
	matrix <0.335062, -0.008791, 0.942155,
		-0.655515, 0.716096, 0.239805,
		-0.676782, -0.697946, 0.234174,
		20.276762, 20.838923, 10.173304>
	pigment { color rgbt <0,1,1,0> }
	no_shadow
}
cylinder {
	<20.685028, 21.533859, 10.687766>,  <20.750509, 21.327484, 10.009382>, 0.130000
	pigment { color rgbt <1,0,0,0> }
	no_shadow
}

// nucleotide -1

// particle -1
sphere {
	<20.685028, 21.533859, 10.687766> 0.250000
	pigment { color rgbt <1,0,0,0> }
	no_shadow
}
cylinder {
	<20.470245, 21.196426, 10.690599>,  <20.341375, 20.993967, 10.692300>, 0.100000
	pigment { color rgbt <1,0,0,0> }
	no_shadow
}
cylinder {
	<20.470245, 21.196426, 10.690599>,  <20.685028, 21.533859, 10.687766>, 0.100000
	pigment { color rgbt <1,0,0,0> }
	no_shadow
}

// particle -1
sphere {
	<20.470245, 21.196426, 10.690599> 0.100000
	pigment { color rgbt <1,0,0,0> }
	no_shadow
}
sphere {
	0, 1
	scale<0.080000,0.200000,0.300000>
	matrix <0.256852, -0.155482, 0.953862,
		-0.803558, 0.514001, 0.300162,
		-0.536956, -0.843581, 0.007084,
		20.309158, 20.943352, 10.692724>
	pigment { color rgbt <0,1,1,0> }
	no_shadow
}
cylinder {
	<20.227604, 21.593847, 11.223498>,  <20.685028, 21.533859, 10.687766>, 0.130000
	pigment { color rgbt <1,0,0,0> }
	no_shadow
}

// nucleotide -1

// particle -1
sphere {
	<20.227604, 21.593847, 11.223498> 0.250000
	pigment { color rgbt <1,0,0,0> }
	no_shadow
}
cylinder {
	<20.229931, 21.200443, 11.151191>,  <20.231327, 20.964401, 11.107806>, 0.100000
	pigment { color rgbt <1,0,0,0> }
	no_shadow
}
cylinder {
	<20.229931, 21.200443, 11.151191>,  <20.227604, 21.593847, 11.223498>, 0.100000
	pigment { color rgbt <1,0,0,0> }
	no_shadow
}

// particle -1
sphere {
	<20.229931, 21.200443, 11.151191> 0.100000
	pigment { color rgbt <1,0,0,0> }
	no_shadow
}
sphere {
	0, 1
	scale<0.080000,0.200000,0.300000>
	matrix <-0.073461, -0.180704, 0.980790,
		-0.997281, 0.007575, -0.073300,
		0.005816, -0.983508, -0.180769,
		20.231676, 20.905392, 11.096960>
	pigment { color rgbt <0,1,1,0> }
	no_shadow
}
cylinder {
	<19.597046, 21.281809, 11.538832>,  <20.227604, 21.593847, 11.223498>, 0.130000
	pigment { color rgbt <1,0,0,0> }
	no_shadow
}

// nucleotide -1

// particle -1
sphere {
	<19.597046, 21.281809, 11.538832> 0.250000
	pigment { color rgbt <1,0,0,0> }
	no_shadow
}
cylinder {
	<19.897091, 21.018623, 11.512259>,  <20.077118, 20.860712, 11.496315>, 0.100000
	pigment { color rgbt <1,0,0,0> }
	no_shadow
}
cylinder {
	<19.897091, 21.018623, 11.512259>,  <19.597046, 21.281809, 11.538832>, 0.100000
	pigment { color rgbt <1,0,0,0> }
	no_shadow
}

// particle -1
sphere {
	<19.897091, 21.018623, 11.512259> 0.100000
	pigment { color rgbt <1,0,0,0> }
	no_shadow
}
sphere {
	0, 1
	scale<0.080000,0.200000,0.300000>
	matrix <-0.041260, -0.146824, 0.988302,
		-0.660021, -0.738597, -0.137282,
		0.750113, -0.657964, -0.066433,
		20.122126, 20.821234, 11.492329>
	pigment { color rgbt <0,1,1,0> }
	no_shadow
}
cylinder {
	<19.423716, 20.681366, 12.019759>,  <19.597046, 21.281809, 11.538832>, 0.130000
	pigment { color rgbt <1,0,0,0> }
	no_shadow
}

// nucleotide -1

// particle -1
sphere {
	<19.423716, 20.681366, 12.019759> 0.250000
	pigment { color rgbt <1,0,0,0> }
	no_shadow
}
cylinder {
	<19.818340, 20.635983, 11.972727>,  <20.055115, 20.608753, 11.944508>, 0.100000
	pigment { color rgbt <1,0,0,0> }
	no_shadow
}
cylinder {
	<19.818340, 20.635983, 11.972727>,  <19.423716, 20.681366, 12.019759>, 0.100000
	pigment { color rgbt <1,0,0,0> }
	no_shadow
}

// particle -1
sphere {
	<19.818340, 20.635983, 11.972727> 0.100000
	pigment { color rgbt <1,0,0,0> }
	no_shadow
}
sphere {
	0, 1
	scale<0.080000,0.200000,0.300000>
	matrix <0.086464, -0.248094, 0.964870,
		-0.138641, -0.962069, -0.234950,
		0.986561, -0.113456, -0.117580,
		20.114309, 20.601946, 11.937452>
	pigment { color rgbt <0,1,1,0> }
	no_shadow
}
cylinder {
	<19.509996, 20.071716, 12.202330>,  <19.423716, 20.681366, 12.019759>, 0.130000
	pigment { color rgbt <1,0,0,0> }
	no_shadow
}

// nucleotide -1

// particle -1
sphere {
