// switches for output
#declare DRAW_BASES = 1; // possible values are 0, 1; only relevant for DNA ribbons
#declare DRAW_BASES_TYPE = 3; // possible values are 1, 2, 3; only relevant for DNA ribbons
#declare DRAW_FOG = 0; // set to 1 to enable fog

#include "colors.inc"

#include "transforms.inc"
background { rgb <1, 1, 1>}

#default {
   normal{
       ripples 0.25
       frequency 0.20
       turbulence 0.2
       lambda 5
   }
	finish {
		phong 0.1
		phong_size 40.
	}
}

// original window dimensions: 1024x640


// camera settings

camera {
	sky <-0, 1, 0>
	up <-0, 1, 0>
	right 1.6 * <1, 0, 0>
	location <18.5, 18.5, 82.5562>
	look_at <18.5, 18.5, 18.5>
	direction <0, 0, -64.0562>
	angle 67.0682
}


# declare cpy_camera_pos = <18.5, 18.5, 82.5562>;
# if (DRAW_FOG = 1)
fog {
	fog_type 2
	up vnormalize(cpy_camera_pos)
	color rgbt<1,1,1,0.3>
	distance 1e-5
	fog_alt 3e-3
	fog_offset 29.6
}
# end


// LIGHTS

# declare lum = 6;
global_settings {
	ambient_light rgb lum * <0.05, 0.05, 0.05>
	max_trace_level 15
}# declare cpy_direct_light_amount = 0.25;
light_source
{	1000 * <-1, -1, 1>,
	rgb lum * cpy_direct_light_amount
	parallel
}

light_source
{	1000 * <1, 1, -1>,
	rgb lum * cpy_direct_light_amount
	parallel
}

// strand 0

// nucleotide -1

// particle -1
sphere {
	<22.506277, 16.853638, -2.254614> 0.250000
	pigment { color rgbt <1,0,0,0> }
	no_shadow
}
cylinder {
	<22.905605, 16.839729, -2.236065>,  <23.145203, 16.831385, -2.224936>, 0.100000
	pigment { color rgbt <1,0,0,0> }
	no_shadow
}
cylinder {
	<22.905605, 16.839729, -2.236065>,  <22.506277, 16.853638, -2.254614>, 0.100000
	pigment { color rgbt <1,0,0,0> }
	no_shadow
}

// particle -1
sphere {
	<22.905605, 16.839729, -2.236065> 0.100000
	pigment { color rgbt <1,0,0,0> }
	no_shadow
}
sphere {
	0, 1
	scale<0.080000,0.200000,0.300000>
	matrix <-0.008750, -0.881320, -0.472439,
		0.057294, 0.471239, -0.880143,
		0.998319, -0.034770, 0.046371,
		23.205101, 16.829298, -2.222154>
	pigment { color rgbt <0,1,1,0> }
	no_shadow
}
cylinder {
	<22.824554, 16.702396, -1.589725>,  <22.506277, 16.853638, -2.254614>, 0.130000
	pigment { color rgbt <1,0,0,0> }
	no_shadow
}

// nucleotide -1

// particle -1
sphere {
	<22.824554, 16.702396, -1.589725> 0.250000
	pigment { color rgbt <1,0,0,0> }
	no_shadow
}
cylinder {
	<23.188503, 16.861977, -1.635276>,  <23.406874, 16.957726, -1.662607>, 0.100000
	pigment { color rgbt <1,0,0,0> }
	no_shadow
}
cylinder {
	<23.188503, 16.861977, -1.635276>,  <22.824554, 16.702396, -1.589725>, 0.100000
	pigment { color rgbt <1,0,0,0> }
	no_shadow
}

// particle -1
sphere {
	<23.188503, 16.861977, -1.635276> 0.100000
	pigment { color rgbt <1,0,0,0> }
	no_shadow
}
sphere {
	0, 1
	scale<0.080000,0.200000,0.300000>
	matrix <-0.344372, 0.573145, -0.743581,
		-0.231386, 0.715781, 0.658877,
		0.909873, 0.398953, -0.113877,
		23.461466, 16.981663, -1.669439>
	pigment { color rgbt <0,1,1,0> }
	no_shadow
}
cylinder {
	<22.759628, 17.355316, -1.764251>,  <22.824554, 16.702396, -1.589725>, 0.130000
	pigment { color rgbt <1,0,0,0> }
	no_shadow
}

// nucleotide -1

// particle -1
sphere {
	<22.759628, 17.355316, -1.764251> 0.250000
	pigment { color rgbt <1,0,0,0> }
	no_shadow
}
cylinder {
	<23.142666, 17.315311, -1.872332>,  <23.372488, 17.291307, -1.937181>, 0.100000
	pigment { color rgbt <1,0,0,0> }
	no_shadow
}
cylinder {
	<23.142666, 17.315311, -1.872332>,  <22.759628, 17.355316, -1.764251>, 0.100000
	pigment { color rgbt <1,0,0,0> }
	no_shadow
}

// particle -1
sphere {
	<23.142666, 17.315311, -1.872332> 0.100000
	pigment { color rgbt <1,0,0,0> }
	no_shadow
}
sphere {
	0, 1
	scale<0.080000,0.200000,0.300000>
	matrix <-0.154563, 0.613135, -0.774710,
		0.243153, 0.783621, 0.571677,
		0.957594, -0.100013, -0.270204,
		23.429945, 17.285307, -1.953393>
	pigment { color rgbt <0,1,1,0> }
	no_shadow
}
cylinder {
	<23.071682, 18.032425, -1.892890>,  <22.759628, 17.355316, -1.764251>, 0.130000
	pigment { color rgbt <1,0,0,0> }
	no_shadow
}

// nucleotide -1

// particle -1
sphere {
	<23.071682, 18.032425, -1.892890> 0.250000
	pigment { color rgbt <1,0,0,0> }
	no_shadow
}
cylinder {
	<23.304104, 17.817940, -2.137790>,  <23.443558, 17.689249, -2.284731>, 0.100000
	pigment { color rgbt <1,0,0,0> }
	no_shadow
}
cylinder {
	<23.304104, 17.817940, -2.137790>,  <23.071682, 18.032425, -1.892890>, 0.100000
	pigment { color rgbt <1,0,0,0> }
	no_shadow
}

// particle -1
sphere {
	<23.304104, 17.817940, -2.137790> 0.100000
	pigment { color rgbt <1,0,0,0> }
	no_shadow
}
sphere {
	0, 1
	scale<0.080000,0.200000,0.300000>
	matrix <0.055055, 0.776451, -0.627768,
		0.812000, 0.331060, 0.480682,
		0.581055, -0.536212, -0.612252,
		23.478420, 17.657076, -2.321466>
	pigment { color rgbt <0,1,1,0> }
	no_shadow
}
cylinder {
	<22.973721, 18.129023, -2.662317>,  <23.071682, 18.032425, -1.892890>, 0.130000
	pigment { color rgbt <1,0,0,0> }
	no_shadow
}

// nucleotide -1

// particle -1
sphere {
	<22.973721, 18.129023, -2.662317> 0.250000
	pigment { color rgbt <1,0,0,0> }
	no_shadow
}
cylinder {
	<22.754459, 18.422844, -2.822295>,  <22.622902, 18.599136, -2.918282>, 0.100000
	pigment { color rgbt <1,0,0,0> }
	no_shadow
}
cylinder {
	<22.754459, 18.422844, -2.822295>,  <22.973721, 18.129023, -2.662317>, 0.100000
	pigment { color rgbt <1,0,0,0> }
	no_shadow
}

// particle -1
sphere {
	<22.754459, 18.422844, -2.822295> 0.100000
	pigment { color rgbt <1,0,0,0> }
	no_shadow
}
sphere {
	0, 1
	scale<0.080000,0.200000,0.300000>
	matrix <-0.825366, -0.552421, 0.116623,
		-0.135272, 0.394029, 0.909089,
		-0.548153, 0.734555, -0.399946,
		22.590014, 18.643211, -2.942279>
	pigment { color rgbt <0,1,1,0> }
	no_shadow
}
cylinder {
	<22.407095, 17.919458, -2.564700>,  <22.973721, 18.129023, -2.662317>, 0.130000
	pigment { color rgbt <1,0,0,0> }
	no_shadow
}

// nucleotide -1

// particle -1
sphere {
	<22.407095, 17.919458, -2.564700> 0.250000
	pigment { color rgbt <1,0,0,0> }
	no_shadow
}
cylinder {
	<22.254196, 18.223938, -2.774256>,  <22.162457, 18.406626, -2.899990>, 0.100000
	pigment { color rgbt <1,0,0,0> }
	no_shadow
}
cylinder {
	<22.254196, 18.223938, -2.774256>,  <22.407095, 17.919458, -2.564700>, 0.100000
	pigment { color rgbt <1,0,0,0> }
	no_shadow
}

// particle -1
sphere {
	<22.254196, 18.223938, -2.774256> 0.100000
	pigment { color rgbt <1,0,0,0> }
	no_shadow
}
sphere {
	0, 1
	scale<0.080000,0.200000,0.300000>
	matrix <-0.912287, -0.401079, 0.082874,
		-0.147038, 0.509618, 0.847744,
		-0.382247, 0.761199, -0.523892,
		22.139523, 18.452297, -2.931424>
	pigment { color rgbt <0,1,1,0> }
	no_shadow
}
cylinder {
	<22.029247, 18.304314, -2.132891>,  <22.407095, 17.919458, -2.564700>, 0.130000
	pigment { color rgbt <1,0,0,0> }
	no_shadow
}

// nucleotide -1

// particle -1
sphere {
	<22.029247, 18.304314, -2.132891> 0.250000
	pigment { color rgbt <1,0,0,0> }
	no_shadow
}
cylinder {
	<21.904694, 18.314861, -2.512858>,  <21.829962, 18.321190, -2.740839>, 0.100000
	pigment { color rgbt <1,0,0,0> }
	no_shadow
}
cylinder {
	<21.904694, 18.314861, -2.512858>,  <22.029247, 18.304314, -2.132891>, 0.100000
	pigment { color rgbt <1,0,0,0> }
	no_shadow
}

// particle -1
sphere {
	<21.904694, 18.314861, -2.512858> 0.100000
	pigment { color rgbt <1,0,0,0> }
	no_shadow
}
sphere {
	0, 1
	scale<0.080000,0.200000,0.300000>
	matrix <-0.943578, -0.127132, 0.305775,
		-0.112702, 0.991535, 0.064467,
		-0.311383, 0.026368, -0.949919,
		21.811279, 18.322771, -2.797834>
	pigment { color rgbt <0,1,1,0> }
	no_shadow
}
cylinder {
	<21.686001, 18.974346, -2.188420>,  <22.029247, 18.304314, -2.132891>, 0.130000
	pigment { color rgbt <1,0,0,0> }
	no_shadow
}

// nucleotide -1

// particle -1
sphere {
	<21.686001, 18.974346, -2.188420> 0.250000
	pigment { color rgbt <1,0,0,0> }
	no_shadow
}
cylinder {
	<21.565464, 18.679878, -2.430825>,  <21.493143, 18.503199, -2.576267>, 0.100000
	pigment { color rgbt <1,0,0,0> }
	no_shadow
}
cylinder {
	<21.565464, 18.679878, -2.430825>,  <21.686001, 18.974346, -2.188420>, 0.100000
	pigment { color rgbt <1,0,0,0> }
	no_shadow
}

// particle -1
sphere {
	<21.565464, 18.679878, -2.430825> 0.100000
	pigment { color rgbt <1,0,0,0> }
	no_shadow
}
sphere {
	0, 1
	scale<0.080000,0.200000,0.300000>
	matrix <-0.796456, -0.155112, 0.584465,
		-0.524264, 0.658785, -0.539584,
		-0.301340, -0.736168, -0.606013,
		21.475061, 18.459028, -2.612628>
	pigment { color rgbt <0,1,1,0> }
	no_shadow
}
cylinder {
	<21.044470, 18.991596, -2.105458>,  <21.686001, 18.974346, -2.188420>, 0.130000
	pigment { color rgbt <1,0,0,0> }
	no_shadow
}

// nucleotide -1

// particle -1
sphere {
	<21.044470, 18.991596, -2.105458> 0.250000
	pigment { color rgbt <1,0,0,0> }
	no_shadow
}
cylinder {
	<20.681114, 19.047760, -2.262998>,  <20.463100, 19.081459, -2.357522>, 0.100000
	pigment { color rgbt <1,0,0,0> }
	no_shadow
}
cylinder {
	<20.681114, 19.047760, -2.262998>,  <21.044470, 18.991596, -2.105458>, 0.100000
	pigment { color rgbt <1,0,0,0> }
	no_shadow
}

// particle -1
sphere {
	<20.681114, 19.047760, -2.262998> 0.100000
	pigment { color rgbt <1,0,0,0> }
	no_shadow
}
sphere {
	0, 1
	scale<0.080000,0.200000,0.300000>
	matrix <-0.405213, -0.063310, 0.912027,
		0.103122, 0.988067, 0.114406,
		-0.908388, 0.140409, -0.393849,
		20.408598, 19.089882, -2.381153>
	pigment { color rgbt <0,1,1,0> }
	no_shadow
}
cylinder {
	<20.642197, 19.591780, -1.838393>,  <21.044470, 18.991596, -2.105458>, 0.130000
	pigment { color rgbt <1,0,0,0> }
	no_shadow
}

// nucleotide -1

// particle -1
sphere {
	<20.642197, 19.591780, -1.838393> 0.250000
	pigment { color rgbt <1,0,0,0> }
	no_shadow
}
cylinder {
	<20.379173, 19.311424, -1.948935>,  <20.221359, 19.143211, -2.015260>, 0.100000
	pigment { color rgbt <1,0,0,0> }
	no_shadow
}
cylinder {
	<20.379173, 19.311424, -1.948935>,  <20.642197, 19.591780, -1.838393>, 0.100000
	pigment { color rgbt <1,0,0,0> }
	no_shadow
}

// particle -1
sphere {
	<20.379173, 19.311424, -1.948935> 0.100000
	pigment { color rgbt <1,0,0,0> }
	no_shadow
}
sphere {
	0, 1
	scale<0.080000,0.200000,0.300000>
	matrix <-0.268165, -0.125049, 0.955223,
		-0.704064, 0.702222, -0.105727,
		-0.657557, -0.700890, -0.276354,
		20.181906, 19.101158, -2.031841>
	pigment { color rgbt <0,1,1,0> }
	no_shadow
}
cylinder {
	<20.011261, 19.701376, -1.468222>,  <20.642197, 19.591780, -1.838393>, 0.130000
	pigment { color rgbt <1,0,0,0> }
	no_shadow
}

// nucleotide -1

// particle -1
sphere {
	<20.011261, 19.701376, -1.468222> 0.250000
	pigment { color rgbt <1,0,0,0> }
	no_shadow
}
cylinder {
	<20.098270, 19.316544, -1.534054>,  <20.150476, 19.085644, -1.573553>, 0.100000
	pigment { color rgbt <1,0,0,0> }
	no_shadow
}
cylinder {
	<20.098270, 19.316544, -1.534054>,  <20.011261, 19.701376, -1.468222>, 0.100000
	pigment { color rgbt <1,0,0,0> }
	no_shadow
}

// particle -1
sphere {
	<20.098270, 19.316544, -1.534054> 0.100000
	pigment { color rgbt <1,0,0,0> }
	no_shadow
}
sphere {
	0, 1
	scale<0.080000,0.200000,0.300000>
	matrix <-0.114922, -0.192690, 0.974507,
		-0.969266, -0.193066, -0.152479,
		0.217525, -0.962079, -0.164580,
		20.163528, 19.027920, -1.583428>
	pigment { color rgbt <0,1,1,0> }
	no_shadow
}
cylinder {
	<19.480650, 19.346844, -1.057488>,  <20.011261, 19.701376, -1.468222>, 0.130000
	pigment { color rgbt <1,0,0,0> }
	no_shadow
}

// nucleotide -1

// particle -1
sphere {
	<19.480650, 19.346844, -1.057488> 0.250000
	pigment { color rgbt <1,0,0,0> }
	no_shadow
}
cylinder {
	<19.815144, 19.143726, -1.140299>,  <20.015841, 19.021856, -1.189986>, 0.100000
	pigment { color rgbt <1,0,0,0> }
	no_shadow
}
cylinder {
	<19.815144, 19.143726, -1.140299>,  <19.480650, 19.346844, -1.057488>, 0.100000
	pigment { color rgbt <1,0,0,0> }
	no_shadow
}

// particle -1
sphere {
	<19.815144, 19.143726, -1.140299> 0.100000
	pigment { color rgbt <1,0,0,0> }
	no_shadow
}
sphere {
	0, 1
	scale<0.080000,0.200000,0.300000>
	matrix <0.026498, -0.339672, 0.940170,
		-0.547733, -0.791688, -0.270590,
		0.836234, -0.507792, -0.207027,
		20.066013, 18.991388, -1.202407>
	pigment { color rgbt <0,1,1,0> }
	no_shadow
}
cylinder {
	<19.417845, 18.600260, -0.938284>,  <19.480650, 19.346844, -1.057488>, 0.130000
	pigment { color rgbt <1,0,0,0> }
	no_shadow
}

// nucleotide -1

// particle -1
sphere {
	<19.417845, 18.600260, -0.938284> 0.250000
	pigment { color rgbt <1,0,0,0> }
	no_shadow
}
cylinder {
	<19.808376, 18.670750, -0.888120>,  <20.042696, 18.713043, -0.858022>, 0.100000
	pigment { color rgbt <1,0,0,0> }
	no_shadow
}
cylinder {
	<19.808376, 18.670750, -0.888120>,  <19.417845, 18.600260, -0.938284>, 0.100000
	pigment { color rgbt <1,0,0,0> }
	no_shadow
}

// particle -1
sphere {
	<19.808376, 18.670750, -0.888120> 0.100000
	pigment { color rgbt <1,0,0,0> }
	no_shadow
}
sphere {
	0, 1
	scale<0.080000,0.200000,0.300000>
	matrix <0.013107, -0.626949, 0.778949,
		0.215896, -0.758867, -0.614418,
		0.976328, 0.176225, 0.125409,
		20.101274, 18.723618, -0.850498>
	pigment { color rgbt <0,1,1,0> }
	no_shadow
}
cylinder {
	<19.817883, 18.025246, -0.839307>,  <19.417845, 18.600260, -0.938284>, 0.130000
	pigment { color rgbt <1,0,0,0> }
	no_shadow
}

// nucleotide -1

// particle -1
sphere {
	<19.817883, 18.025246, -0.839307> 0.250000
	pigment { color rgbt <1,0,0,0> }
	no_shadow
}
cylinder {
	<20.028416, 18.313766, -0.659219>,  <20.154736, 18.486879, -0.551166>, 0.100000
	pigment { color rgbt <1,0,0,0> }
	no_shadow
}
cylinder {
	<20.028416, 18.313766, -0.659219>,  <19.817883, 18.025246, -0.839307>, 0.100000
	pigment { color rgbt <1,0,0,0> }
	no_shadow
}

// particle -1
sphere {
	<20.028416, 18.313766, -0.659219> 0.100000
	pigment { color rgbt <1,0,0,0> }
	no_shadow
}
sphere {
	0, 1
	scale<0.080000,0.200000,0.300000>
	matrix <0.118354, -0.586492, 0.801261,
		0.842003, -0.368443, -0.394058,
		0.526331, 0.721302, 0.450221,
		20.186316, 18.530157, -0.524152>
	pigment { color rgbt <0,1,1,0> }
	no_shadow
}
cylinder {
	<20.384365, 17.667864, -0.505444>,  <19.817883, 18.025246, -0.839307>, 0.130000
	pigment { color rgbt <1,0,0,0> }
	no_shadow
}

// nucleotide -1

// particle -1
sphere {
	<20.384365, 17.667864, -0.505444> 0.250000
	pigment { color rgbt <1,0,0,0> }
	no_shadow
}
cylinder {
	<20.382175, 18.021748, -0.318999>,  <20.380861, 18.234077, -0.207132>, 0.100000
	pigment { color rgbt <1,0,0,0> }
	no_shadow
}
cylinder {
	<20.382175, 18.021748, -0.318999>,  <20.384365, 17.667864, -0.505444>, 0.100000
	pigment { color rgbt <1,0,0,0> }
	no_shadow
}

// particle -1
sphere {
	<20.382175, 18.021748, -0.318999> 0.100000
	pigment { color rgbt <1,0,0,0> }
	no_shadow
}
sphere {
	0, 1
	scale<0.080000,0.200000,0.300000>
	matrix <0.342303, -0.436302, 0.832147,
		0.939574, 0.164108, -0.300450,
		-0.005475, 0.884709, 0.466113,
		20.380533, 18.287161, -0.179166>
	pigment { color rgbt <0,1,1,0> }
	no_shadow
}
cylinder {
	<21.037878, 17.772268, -0.068287>,  <20.384365, 17.667864, -0.505444>, 0.130000
	pigment { color rgbt <1,0,0,0> }
	no_shadow
}

// nucleotide -1

// particle -1
sphere {
	<21.037878, 17.772268, -0.068287> 0.250000
	pigment { color rgbt <1,0,0,0> }
	no_shadow
}
cylinder {
	<20.730610, 17.986897, 0.071431>,  <20.546249, 18.115673, 0.155263>, 0.100000
	pigment { color rgbt <1,0,0,0> }
	no_shadow
}
cylinder {
	<20.730610, 17.986897, 0.071431>,  <21.037878, 17.772268, -0.068287>, 0.100000
	pigment { color rgbt <1,0,0,0> }
	no_shadow
}

// particle -1
sphere {
	<20.730610, 17.986897, 0.071431> 0.100000
	pigment { color rgbt <1,0,0,0> }
	no_shadow
}
sphere {
	0, 1
	scale<0.080000,0.200000,0.300000>
	matrix <0.145222, -0.385323, 0.911283,
		0.623558, 0.750746, 0.218073,
		-0.768171, 0.536569, 0.349296,
		20.500158, 18.147867, 0.176220>
	pigment { color rgbt <0,1,1,0> }
	no_shadow
}
cylinder {
	<21.243792, 18.242210, 0.399344>,  <21.037878, 17.772268, -0.068287>, 0.130000
	pigment { color rgbt <1,0,0,0> }
	no_shadow
}

// nucleotide -1

// particle -1
sphere {
	<21.243792, 18.242210, 0.399344> 0.250000
	pigment { color rgbt <1,0,0,0> }
	no_shadow
}
cylinder {
	<20.872623, 18.107628, 0.463549>,  <20.649923, 18.026878, 0.502072>, 0.100000
	pigment { color rgbt <1,0,0,0> }
	no_shadow
}
cylinder {
	<20.872623, 18.107628, 0.463549>,  <21.243792, 18.242210, 0.399344>, 0.100000
	pigment { color rgbt <1,0,0,0> }
	no_shadow
}

// particle -1
sphere {
	<20.872623, 18.107628, 0.463549> 0.100000
	pigment { color rgbt <1,0,0,0> }
	no_shadow
}
sphere {
	0, 1
	scale<0.080000,0.200000,0.300000>
	matrix <0.283566, -0.357560, 0.889798,
		-0.241984, 0.871176, 0.427195,
		-0.927919, -0.336455, 0.160512,
		20.594248, 18.006691, 0.511703>
	pigment { color rgbt <0,1,1,0> }
	no_shadow
}
cylinder {
	<20.824293, 18.459097, 1.031103>,  <21.243792, 18.242210, 0.399344>, 0.130000
	pigment { color rgbt <1,0,0,0> }
	no_shadow
}

// nucleotide -1

// particle -1
sphere {
	<20.824293, 18.459097, 1.031103> 0.250000
	pigment { color rgbt <1,0,0,0> }
	no_shadow
}
cylinder {
	<20.756550, 18.073105, 0.950970>,  <20.715904, 17.841511, 0.902891>, 0.100000
	pigment { color rgbt <1,0,0,0> }
	no_shadow
}
cylinder {
	<20.756550, 18.073105, 0.950970>,  <20.824293, 18.459097, 1.031103>, 0.100000
	pigment { color rgbt <1,0,0,0> }
	no_shadow
}

// particle -1
sphere {
	<20.756550, 18.073105, 0.950970> 0.100000
	pigment { color rgbt <1,0,0,0> }
	no_shadow
}
sphere {
	0, 1
	scale<0.080000,0.200000,0.300000>
	matrix <0.217545, -0.234857, 0.947374,
		-0.961244, 0.116867, 0.249702,
		-0.169361, -0.964979, -0.200331,
		20.705742, 17.783611, 0.890871>
	pigment { color rgbt <0,1,1,0> }
	no_shadow
}
cylinder {
	<20.129084, 18.066050, 1.232470>,  <20.824293, 18.459097, 1.031103>, 0.130000
	pigment { color rgbt <1,0,0,0> }
	no_shadow
}

// nucleotide -1

// particle -1
sphere {
	<20.129084, 18.066050, 1.232470> 0.250000
	pigment { color rgbt <1,0,0,0> }
	no_shadow
}
cylinder {
	<20.465656, 17.849926, 1.229300>,  <20.667599, 17.720253, 1.227398>, 0.100000
	pigment { color rgbt <1,0,0,0> }
	no_shadow
}
cylinder {
	<20.465656, 17.849926, 1.229300>,  <20.129084, 18.066050, 1.232470>, 0.100000
	pigment { color rgbt <1,0,0,0> }
	no_shadow
}

// particle -1
sphere {
	<20.465656, 17.849926, 1.229300> 0.100000
	pigment { color rgbt <1,0,0,0> }
	no_shadow
}
sphere {
	0, 1
	scale<0.080000,0.200000,0.300000>
	matrix <-0.079959, -0.138999, 0.987059,
		-0.534418, -0.829908, -0.160161,
		0.841430, -0.540308, -0.007925,
		20.718086, 17.687834, 1.226923>
	pigment { color rgbt <0,1,1,0> }
	no_shadow
}
cylinder {
	<20.041586, 17.324450, 1.504893>,  <20.129084, 18.066050, 1.232470>, 0.130000
	pigment { color rgbt <1,0,0,0> }
	no_shadow
}

// nucleotide -1

// particle -1
sphere {
	<20.041586, 17.324450, 1.504893> 0.250000
	pigment { color rgbt <1,0,0,0> }
	no_shadow
}
cylinder {
	<20.430962, 17.409233, 1.539504>,  <20.664587, 17.460102, 1.560270>, 0.100000
	pigment { color rgbt <1,0,0,0> }
	no_shadow
}
cylinder {
	<20.430962, 17.409233, 1.539504>,  <20.041586, 17.324450, 1.504893>, 0.100000
	pigment { color rgbt <1,0,0,0> }
	no_shadow
}

// particle -1
sphere {
	<20.430962, 17.409233, 1.539504> 0.100000
	pigment { color rgbt <1,0,0,0> }
	no_shadow
}
sphere {
	0, 1
	scale<0.080000,0.200000,0.300000>
	matrix <-0.087246, -0.005975, 0.996169,
		0.211662, -0.977261, 0.012676,
		0.973441, 0.211957, 0.086527,
		20.722994, 17.472820, 1.565462>
	pigment { color rgbt <0,1,1,0> }
	no_shadow
}
cylinder {
	<20.225891, 16.886917, 2.027741>,  <20.041586, 17.324450, 1.504893>, 0.130000
	pigment { color rgbt <1,0,0,0> }
	no_shadow
}

// nucleotide -1

// particle -1
sphere {
	<20.225891, 16.886917, 2.027741> 0.250000
	pigment { color rgbt <1,0,0,0> }
	no_shadow
}
cylinder {
	<20.446487, 17.219925, 2.006687>,  <20.578846, 17.419729, 1.994055>, 0.100000
	pigment { color rgbt <1,0,0,0> }
	no_shadow
}
cylinder {
	<20.446487, 17.219925, 2.006687>,  <20.225891, 16.886917, 2.027741>, 0.100000
	pigment { color rgbt <1,0,0,0> }
	no_shadow
}

// particle -1
sphere {
	<20.446487, 17.219925, 2.006687> 0.100000
	pigment { color rgbt <1,0,0,0> }
	no_shadow
}
sphere {
	0, 1
	scale<0.080000,0.200000,0.300000>
	matrix <-0.226454, 0.210142, 0.951083,
		0.802855, -0.512594, 0.304419,
		0.551490, 0.832519, -0.052634,
		20.611935, 17.469681, 1.990897>
	pigment { color rgbt <0,1,1,0> }
	no_shadow
}
cylinder {
	<20.673546, 16.964781, 2.748342>,  <20.225891, 16.886917, 2.027741>, 0.130000
	pigment { color rgbt <1,0,0,0> }
	no_shadow
}

// nucleotide -1

// particle -1
sphere {
	<20.673546, 16.964781, 2.748342> 0.250000
	pigment { color rgbt <1,0,0,0> }
	no_shadow
}
cylinder {
	<20.561073, 17.310162, 2.580826>,  <20.493589, 17.517391, 2.480316>, 0.100000
	pigment { color rgbt <1,0,0,0> }
	no_shadow
}
cylinder {
	<20.561073, 17.310162, 2.580826>,  <20.673546, 16.964781, 2.748342>, 0.100000
	pigment { color rgbt <1,0,0,0> }
	no_shadow
}

// particle -1
sphere {
	<20.561073, 17.310162, 2.580826> 0.100000
	pigment { color rgbt <1,0,0,0> }
	no_shadow
}
sphere {
	0, 1
	scale<0.080000,0.200000,0.300000>
	matrix <-0.385510, 0.298005, 0.873256,
		0.878817, 0.406991, 0.249077,
		-0.281181, 0.863454, -0.418790,
		20.476719, 17.569199, 2.455189>
	pigment { color rgbt <0,1,1,0> }
	no_shadow
}
cylinder {
	<20.400873, 17.335575, 3.320518>,  <20.673546, 16.964781, 2.748342>, 0.130000
	pigment { color rgbt <1,0,0,0> }
	no_shadow
}

// nucleotide -1

// particle -1
sphere {
	<20.400873, 17.335575, 3.320518> 0.250000
	pigment { color rgbt <1,0,0,0> }
	no_shadow
}
cylinder {
	<20.316891, 17.615757, 3.047672>,  <20.266500, 17.783867, 2.883965>, 0.100000
	pigment { color rgbt <1,0,0,0> }
	no_shadow
}
cylinder {
	<20.316891, 17.615757, 3.047672>,  <20.400873, 17.335575, 3.320518>, 0.100000
	pigment { color rgbt <1,0,0,0> }
	no_shadow
}

// particle -1
sphere {
	<20.316891, 17.615757, 3.047672> 0.100000
	pigment { color rgbt <1,0,0,0> }
	no_shadow
}
sphere {
	0, 1
	scale<0.080000,0.200000,0.300000>
	matrix <-0.520131, 0.510728, 0.684558,
		0.827878, 0.498517, 0.257098,
		-0.209957, 0.700455, -0.682115,
		20.253904, 17.825893, 2.843038>
	pigment { color rgbt <0,1,1,0> }
	no_shadow
}
cylinder {
	<20.670944, 17.967300, 3.404774>,  <20.400873, 17.335575, 3.320518>, 0.130000
	pigment { color rgbt <1,0,0,0> }
	no_shadow
}

// nucleotide -1

// particle -1
sphere {
	<20.670944, 17.967300, 3.404774> 0.250000
	pigment { color rgbt <1,0,0,0> }
	no_shadow
}
cylinder {
	<20.314732, 17.994457, 3.224842>,  <20.101004, 18.010752, 3.116882>, 0.100000
	pigment { color rgbt <1,0,0,0> }
	no_shadow
}
cylinder {
	<20.314732, 17.994457, 3.224842>,  <20.670944, 17.967300, 3.404774>, 0.100000
	pigment { color rgbt <1,0,0,0> }
	no_shadow
}

// particle -1
sphere {
	<20.314732, 17.994457, 3.224842> 0.100000
	pigment { color rgbt <1,0,0,0> }
	no_shadow
}
sphere {
	0, 1
	scale<0.080000,0.200000,0.300000>
	matrix <-0.382355, 0.424079, 0.820952,
		0.246499, 0.903077, -0.351697,
		-0.890530, 0.067890, -0.449831,
		20.047573, 18.014824, 3.089892>
	pigment { color rgbt <0,1,1,0> }
	no_shadow
}
cylinder {
	<20.302017, 18.703594, 3.529420>,  <20.670944, 17.967300, 3.404774>, 0.130000
	pigment { color rgbt <1,0,0,0> }
	no_shadow
}

// nucleotide -1

// particle -1
sphere {
	<20.302017, 18.703594, 3.529420> 0.250000
	pigment { color rgbt <1,0,0,0> }
	no_shadow
}
cylinder {
	<20.025352, 18.420334, 3.472672>,  <19.859354, 18.250378, 3.438623>, 0.100000
	pigment { color rgbt <1,0,0,0> }
	no_shadow
}
cylinder {
	<20.025352, 18.420334, 3.472672>,  <20.302017, 18.703594, 3.529420>, 0.100000
	pigment { color rgbt <1,0,0,0> }
	no_shadow
}

// particle -1
sphere {
	<20.025352, 18.420334, 3.472672> 0.100000
	pigment { color rgbt <1,0,0,0> }
	no_shadow
}
sphere {
	0, 1
	scale<0.080000,0.200000,0.300000>
	matrix <-0.534351, 0.369622, 0.760163,
		-0.485871, 0.601585, -0.634054,
		-0.691663, -0.708149, -0.141869,
		19.817854, 18.207890, 3.430111>
	pigment { color rgbt <0,1,1,0> }
	no_shadow
}
cylinder {
	<19.564070, 19.018436, 3.408408>,  <20.302017, 18.703594, 3.529420>, 0.130000
	pigment { color rgbt <1,0,0,0> }
	no_shadow
}

// nucleotide -1

// particle -1
sphere {
	<19.564070, 19.018436, 3.408408> 0.250000
	pigment { color rgbt <1,0,0,0> }
	no_shadow
}
cylinder {
	<19.569988, 18.645035, 3.551711>,  <19.573540, 18.420994, 3.637692>, 0.100000
	pigment { color rgbt <1,0,0,0> }
	no_shadow
}
cylinder {
	<19.569988, 18.645035, 3.551711>,  <19.564070, 19.018436, 3.408408>, 0.100000
	pigment { color rgbt <1,0,0,0> }
	no_shadow
}

// particle -1
sphere {
	<19.569988, 18.645035, 3.551711> 0.100000
	pigment { color rgbt <1,0,0,0> }
	no_shadow
}
sphere {
	0, 1
	scale<0.080000,0.200000,0.300000>
	matrix <-0.377634, 0.326541, 0.866466,
		-0.925837, -0.148111, -0.347691,
		0.014798, -0.933506, 0.358256,
		19.574429, 18.364983, 3.659187>
	pigment { color rgbt <0,1,1,0> }
	no_shadow
}
cylinder {
	<18.878115, 18.902290, 3.734202>,  <19.564070, 19.018436, 3.408408>, 0.130000
	pigment { color rgbt <1,0,0,0> }
	no_shadow
}

// nucleotide -1

// particle -1
sphere {
	<18.878115, 18.902290, 3.734202> 0.250000
	pigment { color rgbt <1,0,0,0> }
	no_shadow
}
cylinder {
	<19.171021, 18.669006, 3.874859>,  <19.346764, 18.529036, 3.959254>, 0.100000
	pigment { color rgbt <1,0,0,0> }
	no_shadow
}
cylinder {
	<19.171021, 18.669006, 3.874859>,  <18.878115, 18.902290, 3.734202>, 0.100000
	pigment { color rgbt <1,0,0,0> }
	no_shadow
}

// particle -1
sphere {
	<19.171021, 18.669006, 3.874859> 0.100000
	pigment { color rgbt <1,0,0,0> }
	no_shadow
}
sphere {
	0, 1
	scale<0.080000,0.200000,0.300000>
	matrix <-0.412743, 0.030649, 0.910332,
		-0.541693, -0.811742, -0.218273,
		0.732265, -0.583211, 0.351643,
		19.390699, 18.494043, 3.980352>
	pigment { color rgbt <0,1,1,0> }
	no_shadow
}
cylinder {
	<18.407734, 18.501223, 3.863106>,  <18.878115, 18.902290, 3.734202>, 0.130000
	pigment { color rgbt <1,0,0,0> }
	no_shadow
}

// nucleotide -1

// particle -1
sphere {
	<18.407734, 18.501223, 3.863106> 0.250000
	pigment { color rgbt <1,0,0,0> }
	no_shadow
}
cylinder {
	<18.748852, 18.502979, 4.071999>,  <18.953522, 18.504034, 4.197334>, 0.100000
	pigment { color rgbt <1,0,0,0> }
	no_shadow
}
cylinder {
	<18.748852, 18.502979, 4.071999>,  <18.407734, 18.501223, 3.863106>, 0.100000
	pigment { color rgbt <1,0,0,0> }
	no_shadow
}

// particle -1
sphere {
	<18.748852, 18.502979, 4.071999> 0.100000
	pigment { color rgbt <1,0,0,0> }
	no_shadow
}
sphere {
	0, 1
	scale<0.080000,0.200000,0.300000>
	matrix <-0.515842, -0.149078, 0.843613,
		0.081558, -0.988816, -0.124867,
		0.852793, 0.004392, 0.522231,
		19.004690, 18.504297, 4.228668>
	pigment { color rgbt <0,1,1,0> }
	no_shadow
}
cylinder {
	<18.506918, 17.840313, 4.179138>,  <18.407734, 18.501223, 3.863106>, 0.130000
	pigment { color rgbt <1,0,0,0> }
	no_shadow
}

// nucleotide -1

// particle -1
sphere {
	<18.506918, 17.840313, 4.179138> 0.250000
	pigment { color rgbt <1,0,0,0> }
	no_shadow
}
cylinder {
	<18.629757, 18.166428, 4.375502>,  <18.703461, 18.362097, 4.493321>, 0.100000
	pigment { color rgbt <1,0,0,0> }
	no_shadow
}
cylinder {
	<18.629757, 18.166428, 4.375502>,  <18.506918, 17.840313, 4.179138>, 0.100000
	pigment { color rgbt <1,0,0,0> }
	no_shadow
}

// particle -1
sphere {
	<18.629757, 18.166428, 4.375502> 0.100000
	pigment { color rgbt <1,0,0,0> }
	no_shadow
}
sphere {
	0, 1
	scale<0.080000,0.200000,0.300000>
	matrix <-0.687314, -0.166785, 0.706953,
		0.658248, -0.554515, 0.509140,
		0.307099, 0.815289, 0.490911,
		18.721886, 18.411015, 4.522776>
	pigment { color rgbt <0,1,1,0> }
	no_shadow
}
cylinder {
	<18.408585, 17.744307, 4.825329>,  <18.506918, 17.840313, 4.179138>, 0.130000
	pigment { color rgbt <1,0,0,0> }
	no_shadow
}

// nucleotide -1

// particle -1
sphere {
	<18.408585, 17.744307, 4.825329> 0.250000
	pigment { color rgbt <1,0,0,0> }
	no_shadow
}
cylinder {
	<18.516926, 18.074123, 5.024033>,  <18.581930, 18.272013, 5.143255>, 0.100000
	pigment { color rgbt <1,0,0,0> }
	no_shadow
}
cylinder {
	<18.516926, 18.074123, 5.024033>,  <18.408585, 17.744307, 4.825329>, 0.100000
	pigment { color rgbt <1,0,0,0> }
	no_shadow
}

// particle -1
sphere {
	<18.516926, 18.074123, 5.024033> 0.100000
	pigment { color rgbt <1,0,0,0> }
	no_shadow
}
sphere {
	0, 1
	scale<0.080000,0.200000,0.300000>
	matrix <0.859445, -0.439572, 0.261019,
		0.433583, 0.356240, -0.827707,
		0.270852, 0.824542, 0.496760,
		18.598181, 18.321486, 5.173060>
	pigment { color rgbt <0,1,1,0> }
	no_shadow
}
cylinder {
	<19.120010, 17.926458, 4.717589>,  <18.408585, 17.744307, 4.825329>, 0.130000
	pigment { color rgbt <1,0,0,0> }
	no_shadow
}

// nucleotide -1

// particle -1
sphere {
	<19.120010, 17.926458, 4.717589> 0.250000
	pigment { color rgbt <1,0,0,0> }
	no_shadow
}
cylinder {
	<19.043625, 18.141479, 5.046118>,  <18.997793, 18.270493, 5.243235>, 0.100000
	pigment { color rgbt <1,0,0,0> }
	no_shadow
}
cylinder {
	<19.043625, 18.141479, 5.046118>,  <19.120010, 17.926458, 4.717589>, 0.100000
	pigment { color rgbt <1,0,0,0> }
	no_shadow
}

// particle -1
sphere {
	<19.043625, 18.141479, 5.046118> 0.100000
	pigment { color rgbt <1,0,0,0> }
	no_shadow
}
sphere {
	0, 1
	scale<0.080000,0.200000,0.300000>
	matrix <0.751390, -0.458345, 0.474693,
		0.631621, 0.707782, -0.316385,
		-0.190966, 0.537554, 0.821321,
		18.986336, 18.302746, 5.292514>
	pigment { color rgbt <0,1,1,0> }
	no_shadow
}
cylinder {
	<19.711012, 18.133036, 4.862988>,  <19.120010, 17.926458, 4.717589>, 0.130000
	pigment { color rgbt <1,0,0,0> }
	no_shadow
}

// nucleotide -1

// particle -1
sphere {
	<19.711012, 18.133036, 4.862988> 0.250000
	pigment { color rgbt <1,0,0,0> }
	no_shadow
}
cylinder {
	<19.491592, 18.143711, 5.197266>,  <19.359941, 18.150116, 5.397832>, 0.100000
	pigment { color rgbt <1,0,0,0> }
	no_shadow
}
cylinder {
	<19.491592, 18.143711, 5.197266>,  <19.711012, 18.133036, 4.862988>, 0.100000
	pigment { color rgbt <1,0,0,0> }
	no_shadow
}

// particle -1
sphere {
	<19.491592, 18.143711, 5.197266> 0.100000
	pigment { color rgbt <1,0,0,0> }
	no_shadow
}
sphere {
	0, 1
	scale<0.080000,0.200000,0.300000>
	matrix <0.648121, -0.617878, 0.445157,
		0.528236, 0.785821, 0.321640,
		-0.548548, 0.026687, 0.835693,
		19.327028, 18.151716, 5.447974>
	pigment { color rgbt <0,1,1,0> }
	no_shadow
}
cylinder {
	<20.160385, 18.307270, 5.395814>,  <19.711012, 18.133036, 4.862988>, 0.130000
	pigment { color rgbt <1,0,0,0> }
	no_shadow
}

// nucleotide -1

// particle -1
sphere {
	<20.160385, 18.307270, 5.395814> 0.250000
	pigment { color rgbt <1,0,0,0> }
	no_shadow
}
cylinder {
	<19.865841, 18.066563, 5.519521>,  <19.689114, 17.922138, 5.593745>, 0.100000
	pigment { color rgbt <1,0,0,0> }
	no_shadow
}
cylinder {
	<19.865841, 18.066563, 5.519521>,  <20.160385, 18.307270, 5.395814>, 0.100000
	pigment { color rgbt <1,0,0,0> }
	no_shadow
}

// particle -1
sphere {
	<19.865841, 18.066563, 5.519521> 0.100000
	pigment { color rgbt <1,0,0,0> }
	no_shadow
}
sphere {
	0, 1
	scale<0.080000,0.200000,0.300000>
	matrix <0.676423, -0.664881, 0.316835,
		0.014965, 0.442501, 0.896643,
		-0.736361, -0.601769, 0.309267,
		19.644932, 17.886032, 5.612301>
	pigment { color rgbt <0,1,1,0> }
	no_shadow
}
cylinder {
	<20.937918, 18.290451, 5.338861>,  <20.160385, 18.307270, 5.395814>, 0.130000
	pigment { color rgbt <1,0,0,0> }
	no_shadow
}

// nucleotide -1

// particle -1
sphere {
	<20.937918, 18.290451, 5.338861> 0.250000
	pigment { color rgbt <1,0,0,0> }
	no_shadow
}
cylinder {
	<21.131409, 18.548203, 5.575768>,  <21.247503, 18.702854, 5.717914>, 0.100000
	pigment { color rgbt <1,0,0,0> }
	no_shadow
}
cylinder {
	<21.131409, 18.548203, 5.575768>,  <20.937918, 18.290451, 5.338861>, 0.100000
	pigment { color rgbt <1,0,0,0> }
	no_shadow
}

// particle -1
sphere {
	<21.131409, 18.548203, 5.575768> 0.100000
	pigment { color rgbt <1,0,0,0> }
	no_shadow
}
sphere {
	0, 1
	scale<0.080000,0.200000,0.300000>
	matrix <0.062475, -0.700407, 0.711004,
		0.872986, -0.306930, -0.379063,
		0.483727, 0.644379, 0.592271,
		21.276527, 18.741516, 5.753449>
	pigment { color rgbt <0,1,1,0> }
	no_shadow
}
cylinder {
	<21.557718, 17.977766, 5.720040>,  <20.937918, 18.290451, 5.338861>, 0.130000
	pigment { color rgbt <1,0,0,0> }
	no_shadow
}

// nucleotide -1

// particle -1
sphere {
	<21.557718, 17.977766, 5.720040> 0.250000
	pigment { color rgbt <1,0,0,0> }
	no_shadow
}
cylinder {
	<21.414932, 18.298302, 5.912053>,  <21.329262, 18.490623, 6.027261>, 0.100000
	pigment { color rgbt <1,0,0,0> }
	no_shadow
}
cylinder {
	<21.414932, 18.298302, 5.912053>,  <21.557718, 17.977766, 5.720040>, 0.100000
	pigment { color rgbt <1,0,0,0> }
	no_shadow
}

// particle -1
sphere {
	<21.414932, 18.298302, 5.912053> 0.100000
	pigment { color rgbt <1,0,0,0> }
	no_shadow
}
sphere {
	0, 1
	scale<0.080000,0.200000,0.300000>
	matrix <0.318794, -0.378529, 0.868957,
		0.878036, 0.463217, -0.120342,
		-0.356963, 0.801340, 0.480033,
		21.307844, 18.538704, 6.056063>
	pigment { color rgbt <0,1,1,0> }
	no_shadow
}
cylinder {
	<21.953154, 18.133148, 6.252146>,  <21.557718, 17.977766, 5.720040>, 0.130000
	pigment { color rgbt <1,0,0,0> }
	no_shadow
}

// nucleotide -1

// particle -1
sphere {
	<21.953154, 18.133148, 6.252146> 0.250000
	pigment { color rgbt <1,0,0,0> }
	no_shadow
}
cylinder {
	<21.656464, 18.359722, 6.395809>,  <21.478449, 18.495667, 6.482007>, 0.100000
	pigment { color rgbt <1,0,0,0> }
	no_shadow
}
cylinder {
	<21.656464, 18.359722, 6.395809>,  <21.953154, 18.133148, 6.252146>, 0.100000
	pigment { color rgbt <1,0,0,0> }
	no_shadow
}

// particle -1
sphere {
	<21.656464, 18.359722, 6.395809> 0.100000
	pigment { color rgbt <1,0,0,0> }
	no_shadow
}
sphere {
	0, 1
	scale<0.080000,0.200000,0.300000>
	matrix <0.439082, 0.005294, 0.898432,
		0.507002, 0.824089, -0.252638,
		-0.741725, 0.566435, 0.359159,
		21.433947, 18.529654, 6.503557>
	pigment { color rgbt <0,1,1,0> }
	no_shadow
}
cylinder {
	<22.328920, 18.589317, 6.675277>,  <21.953154, 18.133148, 6.252146>, 0.130000
	pigment { color rgbt <1,0,0,0> }
	no_shadow
}

// nucleotide -1

// particle -1
sphere {
	<22.328920, 18.589317, 6.675277> 0.250000
	pigment { color rgbt <1,0,0,0> }
	no_shadow
}
cylinder {
	<21.953667, 18.539246, 6.804417>,  <21.728514, 18.509203, 6.881901>, 0.100000
	pigment { color rgbt <1,0,0,0> }
	no_shadow
}
cylinder {
	<21.953667, 18.539246, 6.804417>,  <22.328920, 18.589317, 6.675277>, 0.100000
	pigment { color rgbt <1,0,0,0> }
	no_shadow
}

// particle -1
sphere {
	<21.953667, 18.539246, 6.804417> 0.100000
	pigment { color rgbt <1,0,0,0> }
	no_shadow
}
sphere {
	0, 1
	scale<0.080000,0.200000,0.300000>
	matrix <0.344706, -0.249145, 0.905044,
		-0.032857, 0.960342, 0.276882,
		-0.938135, -0.125180, 0.322850,
		21.672226, 18.501692, 6.901271>
	pigment { color rgbt <0,1,1,0> }
	no_shadow
}
cylinder {
	<22.297764, 19.107470, 7.169497>,  <22.328920, 18.589317, 6.675277>, 0.130000
	pigment { color rgbt <1,0,0,0> }
	no_shadow
}

// nucleotide -1

// particle -1
sphere {
	<22.297764, 19.107470, 7.169497> 0.250000
	pigment { color rgbt <1,0,0,0> }
	no_shadow
}
cylinder {
	<22.033707, 18.818092, 7.250339>,  <21.875273, 18.644466, 7.298843>, 0.100000
	pigment { color rgbt <1,0,0,0> }
	no_shadow
}
cylinder {
	<22.033707, 18.818092, 7.250339>,  <22.297764, 19.107470, 7.169497>, 0.100000
	pigment { color rgbt <1,0,0,0> }
	no_shadow
}

// particle -1
sphere {
	<22.033707, 18.818092, 7.250339> 0.100000
	pigment { color rgbt <1,0,0,0> }
	no_shadow
}
sphere {
	0, 1
	scale<0.080000,0.200000,0.300000>
	matrix <0.356318, -0.064740, 0.932119,
		-0.661250, 0.687343, 0.300513,
		-0.660141, -0.723442, 0.202103,
		21.835665, 18.601059, 7.310969>
	pigment { color rgbt <0,1,1,0> }
	no_shadow
}
cylinder {
	<22.001566, 19.234430, 7.812220>,  <22.297764, 19.107470, 7.169497>, 0.130000
	pigment { color rgbt <1,0,0,0> }
	no_shadow
}

// nucleotide -1

// particle -1
sphere {
	<22.001566, 19.234430, 7.812220> 0.250000
	pigment { color rgbt <1,0,0,0> }
	no_shadow
}
cylinder {
	<21.879303, 18.855194, 7.777120>,  <21.805944, 18.627653, 7.756060>, 0.100000
	pigment { color rgbt <1,0,0,0> }
	no_shadow
}
cylinder {
	<21.879303, 18.855194, 7.777120>,  <22.001566, 19.234430, 7.812220>, 0.100000
	pigment { color rgbt <1,0,0,0> }
	no_shadow
}

// particle -1
sphere {
	<21.879303, 18.855194, 7.777120> 0.100000
	pigment { color rgbt <1,0,0,0> }
	no_shadow
}
sphere {
	0, 1
	scale<0.080000,0.200000,0.300000>
	matrix <-0.027344, -0.083382, 0.996142,
		-0.951749, 0.306878, -0.000438,
		-0.305658, -0.948089, -0.087750,
		21.787605, 18.570766, 7.750795>
	pigment { color rgbt <0,1,1,0> }
	no_shadow
}
cylinder {
	<21.478354, 19.193068, 8.188524>,  <22.001566, 19.234430, 7.812220>, 0.130000
	pigment { color rgbt <1,0,0,0> }
	no_shadow
}

// nucleotide -1

// particle -1
sphere {
	<21.478354, 19.193068, 8.188524> 0.250000
	pigment { color rgbt <1,0,0,0> }
	no_shadow
}
cylinder {
	<21.591370, 18.811817, 8.145216>,  <21.659180, 18.583067, 8.119231>, 0.100000
	pigment { color rgbt <1,0,0,0> }
	no_shadow
}
cylinder {
	<21.591370, 18.811817, 8.145216>,  <21.478354, 19.193068, 8.188524>, 0.100000
	pigment { color rgbt <1,0,0,0> }
	no_shadow
}

// particle -1
sphere {
	<21.591370, 18.811817, 8.145216> 0.100000
	pigment { color rgbt <1,0,0,0> }
	no_shadow
}
sphere {
	0, 1
	scale<0.080000,0.200000,0.300000>
	matrix <0.084846, -0.087596, 0.992536,
		-0.955496, -0.289616, 0.056119,
		0.282539, -0.953126, -0.108270,
		21.676132, 18.525879, 8.112735>
	pigment { color rgbt <0,1,1,0> }
	no_shadow
}
cylinder {
	<21.047695, 18.811092, 8.587034>,  <21.478354, 19.193068, 8.188524>, 0.130000
	pigment { color rgbt <1,0,0,0> }
	no_shadow
}

// nucleotide -1

// particle -1
sphere {
	<21.047695, 18.811092, 8.587034> 0.250000
	pigment { color rgbt <1,0,0,0> }
	no_shadow
}
cylinder {
	<21.387806, 18.602142, 8.561247>,  <21.591871, 18.476772, 8.545774>, 0.100000
	pigment { color rgbt <1,0,0,0> }
	no_shadow
}
cylinder {
	<21.387806, 18.602142, 8.561247>,  <21.047695, 18.811092, 8.587034>, 0.100000
	pigment { color rgbt <1,0,0,0> }
	no_shadow
}

// particle -1
sphere {
	<21.387806, 18.602142, 8.561247> 0.100000
	pigment { color rgbt <1,0,0,0> }
	no_shadow
}
sphere {
	0, 1
	scale<0.080000,0.200000,0.300000>
	matrix <-0.029242, -0.169178, 0.985152,
		-0.525527, -0.835764, -0.159123,
		0.850274, -0.522377, -0.064468,
		21.642889, 18.445429, 8.541906>
	pigment { color rgbt <0,1,1,0> }
	no_shadow
}
cylinder {
	<20.910292, 18.226229, 8.909085>,  <21.047695, 18.811092, 8.587034>, 0.130000
	pigment { color rgbt <1,0,0,0> }
	no_shadow
}

// nucleotide -1

// particle -1
sphere {
	<20.910292, 18.226229, 8.909085> 0.250000
	pigment { color rgbt <1,0,0,0> }
	no_shadow
}
cylinder {
	<21.309521, 18.217155, 8.885984>,  <21.549059, 18.211712, 8.872124>, 0.100000
	pigment { color rgbt <1,0,0,0> }
	no_shadow
}
cylinder {
	<21.309521, 18.217155, 8.885984>,  <20.910292, 18.226229, 8.909085>, 0.100000
	pigment { color rgbt <1,0,0,0> }
	no_shadow
}

// particle -1
sphere {
	<21.309521, 18.217155, 8.885984> 0.100000
	pigment { color rgbt <1,0,0,0> }
	no_shadow
}
sphere {
	0, 1
	scale<0.080000,0.200000,0.300000>
	matrix <0.049262, -0.276215, 0.959833,
		-0.037726, -0.960828, -0.274565,
		0.998073, -0.022685, -0.057753,
		21.608942, 18.210350, 8.868658>
	pigment { color rgbt <0,1,1,0> }
	no_shadow
}
cylinder {
	<21.015734, 17.597019, 9.249202>,  <20.910292, 18.226229, 8.909085>, 0.130000
	pigment { color rgbt <1,0,0,0> }
	no_shadow
}

// nucleotide -1

// particle -1
sphere {
	<21.015734, 17.597019, 9.249202> 0.250000
	pigment { color rgbt <1,0,0,0> }
	no_shadow
}
cylinder {
	<21.350777, 17.815464, 9.254553>,  <21.551802, 17.946531, 9.257763>, 0.100000
	pigment { color rgbt <1,0,0,0> }
	no_shadow
}
cylinder {
	<21.350777, 17.815464, 9.254553>,  <21.015734, 17.597019, 9.249202>, 0.100000
	pigment { color rgbt <1,0,0,0> }
	no_shadow
}

// particle -1
sphere {
	<21.350777, 17.815464, 9.254553> 0.100000
	pigment { color rgbt <1,0,0,0> }
	no_shadow
}
sphere {
	0, 1
	scale<0.080000,0.200000,0.300000>
	matrix <0.122571, -0.211746, 0.969608,
		0.532346, -0.810510, -0.244297,
		0.837606, 0.546111, 0.013377,
		21.602058, 17.979298, 9.258566>
	pigment { color rgbt <0,1,1,0> }
	no_shadow
}
cylinder {
	<21.387716, 17.311558, 9.804740>,  <21.015734, 17.597019, 9.249202>, 0.130000
	pigment { color rgbt <1,0,0,0> }
	no_shadow
}

// nucleotide -1

// particle -1
