// switches for output
#declare DRAW_BASES = 1; // possible values are 0, 1; only relevant for DNA ribbons
#declare DRAW_BASES_TYPE = 3; // possible values are 1, 2, 3; only relevant for DNA ribbons
#declare DRAW_FOG = 0; // set to 1 to enable fog

#include "colors.inc"

#include "transforms.inc"
background { rgb <1, 1, 1>}

#default {
   normal{
       ripples 0.25
       frequency 0.20
       turbulence 0.2
       lambda 5
   }
	finish {
		phong 0.1
		phong_size 40.
	}
}

// original window dimensions: 1024x640


// camera settings

camera {
	sky <-0, 1, 0>
	up <-0, 1, 0>
	right 1.6 * <1, 0, 0>
	location <18.5, 18.5, 82.5562>
	look_at <18.5, 18.5, 18.5>
	direction <0, 0, -64.0562>
	angle 67.0682
}


# declare cpy_camera_pos = <18.5, 18.5, 82.5562>;
# if (DRAW_FOG = 1)
fog {
	fog_type 2
	up vnormalize(cpy_camera_pos)
	color rgbt<1,1,1,0.3>
	distance 1e-5
	fog_alt 3e-3
	fog_offset 29.6
}
# end


// LIGHTS

# declare lum = 6;
global_settings {
	ambient_light rgb lum * <0.05, 0.05, 0.05>
	max_trace_level 15
}# declare cpy_direct_light_amount = 0.25;
light_source
{	1000 * <-1, -1, 1>,
	rgb lum * cpy_direct_light_amount
	parallel
}

light_source
{	1000 * <1, 1, -1>,
	rgb lum * cpy_direct_light_amount
	parallel
}

// strand 0

// nucleotide -1

// particle -1
sphere {
	<23.089226, 17.213955, -2.663772> 0.250000
	pigment { color rgbt <1,0,0,0> }
	no_shadow
}
cylinder {
	<22.751030, 17.035439, -2.546489>,  <22.548113, 16.928329, -2.476119>, 0.100000
	pigment { color rgbt <1,0,0,0> }
	no_shadow
}
cylinder {
	<22.751030, 17.035439, -2.546489>,  <23.089226, 17.213955, -2.663772>, 0.100000
	pigment { color rgbt <1,0,0,0> }
	no_shadow
}

// particle -1
sphere {
	<22.751030, 17.035439, -2.546489> 0.100000
	pigment { color rgbt <1,0,0,0> }
	no_shadow
}
sphere {
	0, 1
	scale<0.080000,0.200000,0.300000>
	matrix <-0.111329, 0.684344, 0.720610,
		-0.522256, 0.576627, -0.628291,
		-0.845491, -0.446290, 0.293207,
		22.497383, 16.901552, -2.458527>
	pigment { color rgbt <0,1,1,0> }
	no_shadow
}
cylinder {
	<22.560104, 17.687820, -2.437599>,  <23.089226, 17.213955, -2.663772>, 0.130000
	pigment { color rgbt <1,0,0,0> }
	no_shadow
}

// nucleotide -1

// particle -1
sphere {
	<22.560104, 17.687820, -2.437599> 0.250000
	pigment { color rgbt <1,0,0,0> }
	no_shadow
}
cylinder {
	<22.496132, 17.341499, -2.247942>,  <22.457748, 17.133707, -2.134148>, 0.100000
	pigment { color rgbt <1,0,0,0> }
	no_shadow
}
cylinder {
	<22.496132, 17.341499, -2.247942>,  <22.560104, 17.687820, -2.437599>, 0.100000
	pigment { color rgbt <1,0,0,0> }
	no_shadow
}

// particle -1
sphere {
	<22.496132, 17.341499, -2.247942> 0.100000
	pigment { color rgbt <1,0,0,0> }
	no_shadow
}
sphere {
	0, 1
	scale<0.080000,0.200000,0.300000>
	matrix <-0.300842, 0.500225, 0.811954,
		-0.940168, -0.012784, -0.340471,
		-0.159932, -0.865802, 0.474141,
		22.448153, 17.081758, -2.105700>
	pigment { color rgbt <0,1,1,0> }
	no_shadow
}
cylinder {
	<22.036098, 18.010580, -1.982818>,  <22.560104, 17.687820, -2.437599>, 0.130000
	pigment { color rgbt <1,0,0,0> }
	no_shadow
}

// nucleotide -1

// particle -1
sphere {
	<22.036098, 18.010580, -1.982818> 0.250000
	pigment { color rgbt <1,0,0,0> }
	no_shadow
}
cylinder {
	<22.160671, 17.659355, -1.837482>,  <22.235415, 17.448620, -1.750280>, 0.100000
	pigment { color rgbt <1,0,0,0> }
	no_shadow
}
cylinder {
	<22.160671, 17.659355, -1.837482>,  <22.036098, 18.010580, -1.982818>, 0.100000
	pigment { color rgbt <1,0,0,0> }
	no_shadow
}

// particle -1
sphere {
	<22.160671, 17.659355, -1.837482> 0.100000
	pigment { color rgbt <1,0,0,0> }
	no_shadow
}
sphere {
	0, 1
	scale<0.080000,0.200000,0.300000>
	matrix <-0.178548, 0.321477, 0.929932,
		-0.933344, -0.354484, -0.056658,
		0.311431, -0.878062, 0.363341,
		22.254101, 17.395937, -1.728479>
	pigment { color rgbt <0,1,1,0> }
	no_shadow
}
cylinder {
	<21.521385, 17.843475, -1.504642>,  <22.036098, 18.010580, -1.982818>, 0.130000
	pigment { color rgbt <1,0,0,0> }
	no_shadow
}

// nucleotide -1

// particle -1
sphere {
	<21.521385, 17.843475, -1.504642> 0.250000
	pigment { color rgbt <1,0,0,0> }
	no_shadow
}
cylinder {
	<21.873592, 17.670322, -1.427392>,  <22.084917, 17.566431, -1.381042>, 0.100000
	pigment { color rgbt <1,0,0,0> }
	no_shadow
}
cylinder {
	<21.873592, 17.670322, -1.427392>,  <21.521385, 17.843475, -1.504642>, 0.100000
	pigment { color rgbt <1,0,0,0> }
	no_shadow
}

// particle -1
sphere {
	<21.873592, 17.670322, -1.427392> 0.100000
	pigment { color rgbt <1,0,0,0> }
	no_shadow
}
sphere {
	0, 1
	scale<0.080000,0.200000,0.300000>
	matrix <-0.113333, 0.203350, 0.972525,
		-0.460262, -0.878215, 0.129994,
		0.880520, -0.432884, 0.193125,
		22.137749, 17.540457, -1.369454>
	pigment { color rgbt <0,1,1,0> }
	no_shadow
}
cylinder {
	<21.520987, 17.415001, -0.942351>,  <21.521385, 17.843475, -1.504642>, 0.130000
	pigment { color rgbt <1,0,0,0> }
	no_shadow
}

// nucleotide -1

// particle -1
sphere {
	<21.520987, 17.415001, -0.942351> 0.250000
	pigment { color rgbt <1,0,0,0> }
	no_shadow
}
cylinder {
	<21.913456, 17.492023, -0.948273>,  <22.148937, 17.538237, -0.951826>, 0.100000
	pigment { color rgbt <1,0,0,0> }
	no_shadow
}
cylinder {
	<21.913456, 17.492023, -0.948273>,  <21.520987, 17.415001, -0.942351>, 0.100000
	pigment { color rgbt <1,0,0,0> }
	no_shadow
}

// particle -1
sphere {
	<21.913456, 17.492023, -0.948273> 0.100000
	pigment { color rgbt <1,0,0,0> }
	no_shadow
}
sphere {
	0, 1
	scale<0.080000,0.200000,0.300000>
	matrix <-0.032248, 0.238943, 0.970498,
		0.190409, -0.951751, 0.240654,
		0.981175, 0.192553, -0.014805,
		22.207808, 17.549789, -0.952715>
	pigment { color rgbt <0,1,1,0> }
	no_shadow
}
cylinder {
	<21.763710, 17.233950, -0.333218>,  <21.520987, 17.415001, -0.942351>, 0.130000
	pigment { color rgbt <1,0,0,0> }
	no_shadow
}

// nucleotide -1

// particle -1
sphere {
	<21.763710, 17.233950, -0.333218> 0.250000
	pigment { color rgbt <1,0,0,0> }
	no_shadow
}
cylinder {
	<22.078705, 17.461781, -0.427402>,  <22.267702, 17.598478, -0.483913>, 0.100000
	pigment { color rgbt <1,0,0,0> }
	no_shadow
}
cylinder {
	<22.078705, 17.461781, -0.427402>,  <21.763710, 17.233950, -0.333218>, 0.100000
	pigment { color rgbt <1,0,0,0> }
	no_shadow
}

// particle -1
sphere {
	<22.078705, 17.461781, -0.427402> 0.100000
	pigment { color rgbt <1,0,0,0> }
	no_shadow
}
sphere {
	0, 1
	scale<0.080000,0.200000,0.300000>
	matrix <0.237505, 0.072087, 0.968708,
		0.568728, -0.818770, -0.078510,
		0.787489, 0.569578, -0.235460,
		22.314951, 17.632654, -0.498040>
	pigment { color rgbt <0,1,1,0> }
	no_shadow
}
cylinder {
	<22.506733, 17.046162, 0.027564>,  <21.763710, 17.233950, -0.333218>, 0.130000
	pigment { color rgbt <1,0,0,0> }
	no_shadow
}

// nucleotide -1

// particle -1
sphere {
	<22.506733, 17.046162, 0.027564> 0.250000
	pigment { color rgbt <1,0,0,0> }
	no_shadow
}
cylinder {
	<22.429581, 17.435356, -0.023188>,  <22.383289, 17.668873, -0.053639>, 0.100000
	pigment { color rgbt <1,0,0,0> }
	no_shadow
}
cylinder {
	<22.429581, 17.435356, -0.023188>,  <22.506733, 17.046162, 0.027564>, 0.100000
	pigment { color rgbt <1,0,0,0> }
	no_shadow
}

// particle -1
sphere {
	<22.429581, 17.435356, -0.023188> 0.100000
	pigment { color rgbt <1,0,0,0> }
	no_shadow
}
sphere {
	0, 1
	scale<0.080000,0.200000,0.300000>
	matrix <-0.156714, 0.097100, 0.982859,
		0.968626, 0.209459, 0.133751,
		-0.192882, 0.972984, -0.126879,
		22.371716, 17.727251, -0.061252>
	pigment { color rgbt <0,1,1,0> }
	no_shadow
}
cylinder {
	<22.913040, 17.542080, 0.547821>,  <22.506733, 17.046162, 0.027564>, 0.130000
	pigment { color rgbt <1,0,0,0> }
	no_shadow
}

// nucleotide -1

// particle -1
sphere {
	<22.913040, 17.542080, 0.547821> 0.250000
	pigment { color rgbt <1,0,0,0> }
	no_shadow
}
cylinder {
	<22.575603, 17.725010, 0.435247>,  <22.373142, 17.834768, 0.367703>, 0.100000
	pigment { color rgbt <1,0,0,0> }
	no_shadow
}
cylinder {
	<22.575603, 17.725010, 0.435247>,  <22.913040, 17.542080, 0.547821>, 0.100000
	pigment { color rgbt <1,0,0,0> }
	no_shadow
}

// particle -1
sphere {
	<22.575603, 17.725010, 0.435247> 0.100000
	pigment { color rgbt <1,0,0,0> }
	no_shadow
}
sphere {
	0, 1
	scale<0.080000,0.200000,0.300000>
	matrix <-0.259129, 0.112340, 0.959287,
		0.470323, 0.882175, 0.023738,
		-0.843592, 0.457326, -0.281433,
		22.322525, 17.862207, 0.350817>
	pigment { color rgbt <0,1,1,0> }
	no_shadow
}
cylinder {
	<22.766777, 18.157667, 0.973874>,  <22.913040, 17.542080, 0.547821>, 0.130000
	pigment { color rgbt <1,0,0,0> }
	no_shadow
}

// nucleotide -1

// particle -1
sphere {
	<22.766777, 18.157667, 0.973874> 0.250000
	pigment { color rgbt <1,0,0,0> }
	no_shadow
}
cylinder {
	<22.403584, 18.056313, 0.840392>,  <22.185667, 17.995501, 0.760302>, 0.100000
	pigment { color rgbt <1,0,0,0> }
	no_shadow
}
cylinder {
	<22.403584, 18.056313, 0.840392>,  <22.766777, 18.157667, 0.973874>, 0.100000
	pigment { color rgbt <1,0,0,0> }
	no_shadow
}

// particle -1
sphere {
	<22.403584, 18.056313, 0.840392> 0.100000
	pigment { color rgbt <1,0,0,0> }
	no_shadow
}
sphere {
	0, 1
	scale<0.080000,0.200000,0.300000>
	matrix <-0.365671, 0.090357, 0.926348,
		-0.204572, 0.963136, -0.174698,
		-0.907984, -0.253387, -0.333706,
		22.131187, 17.980297, 0.740280>
	pigment { color rgbt <0,1,1,0> }
	no_shadow
}
cylinder {
	<22.327644, 18.552631, 1.366791>,  <22.766777, 18.157667, 0.973874>, 0.130000
	pigment { color rgbt <1,0,0,0> }
	no_shadow
}

// nucleotide -1

// particle -1
sphere {
	<22.327644, 18.552631, 1.366791> 0.250000
	pigment { color rgbt <1,0,0,0> }
	no_shadow
}
cylinder {
	<22.126087, 18.241627, 1.216288>,  <22.005154, 18.055023, 1.125987>, 0.100000
	pigment { color rgbt <1,0,0,0> }
	no_shadow
}
cylinder {
	<22.126087, 18.241627, 1.216288>,  <22.327644, 18.552631, 1.366791>, 0.100000
	pigment { color rgbt <1,0,0,0> }
	no_shadow
}

// particle -1
sphere {
	<22.126087, 18.241627, 1.216288> 0.100000
	pigment { color rgbt <1,0,0,0> }
	no_shadow
}
sphere {
	0, 1
	scale<0.080000,0.200000,0.300000>
	matrix <-0.401078, -0.175182, 0.899137,
		-0.765003, 0.603976, -0.223570,
		-0.503892, -0.777512, -0.376256,
		21.974920, 18.008373, 1.103411>
	pigment { color rgbt <0,1,1,0> }
	no_shadow
}
cylinder {
	<21.617516, 18.549219, 1.517696>,  <22.327644, 18.552631, 1.366791>, 0.130000
	pigment { color rgbt <1,0,0,0> }
	no_shadow
}

// nucleotide -1

// particle -1
sphere {
	<21.617516, 18.549219, 1.517696> 0.250000
	pigment { color rgbt <1,0,0,0> }
	no_shadow
}
cylinder {
	<21.698139, 18.158916, 1.483582>,  <21.746513, 17.924736, 1.463113>, 0.100000
	pigment { color rgbt <1,0,0,0> }
	no_shadow
}
cylinder {
	<21.698139, 18.158916, 1.483582>,  <21.617516, 18.549219, 1.517696>, 0.100000
	pigment { color rgbt <1,0,0,0> }
	no_shadow
}

// particle -1
sphere {
	<21.698139, 18.158916, 1.483582> 0.100000
	pigment { color rgbt <1,0,0,0> }
	no_shadow
}
sphere {
	0, 1
	scale<0.080000,0.200000,0.300000>
	matrix <-0.407468, -0.162714, 0.898607,
		-0.890698, -0.146373, -0.430386,
		0.201561, -0.975756, -0.085287,
		21.758608, 17.866190, 1.457996>
	pigment { color rgbt <0,1,1,0> }
	no_shadow
}
cylinder {
	<20.982782, 18.062864, 1.498646>,  <21.617516, 18.549219, 1.517696>, 0.130000
	pigment { color rgbt <1,0,0,0> }
	no_shadow
}

// nucleotide -1

// particle -1
sphere {
	<20.982782, 18.062864, 1.498646> 0.250000
	pigment { color rgbt <1,0,0,0> }
	no_shadow
}
cylinder {
	<21.321667, 17.918270, 1.654370>,  <21.524998, 17.831514, 1.747805>, 0.100000
	pigment { color rgbt <1,0,0,0> }
	no_shadow
}
cylinder {
	<21.321667, 17.918270, 1.654370>,  <20.982782, 18.062864, 1.498646>, 0.100000
	pigment { color rgbt <1,0,0,0> }
	no_shadow
}

// particle -1
sphere {
	<21.321667, 17.918270, 1.654370> 0.100000
	pigment { color rgbt <1,0,0,0> }
	no_shadow
}
sphere {
	0, 1
	scale<0.080000,0.200000,0.300000>
	matrix <-0.462544, -0.141448, 0.875240,
		-0.261324, -0.921584, -0.287041,
		0.847209, -0.361490, 0.389309,
		21.575830, 17.809824, 1.771163>
	pigment { color rgbt <0,1,1,0> }
	no_shadow
}
cylinder {
	<20.954512, 17.282337, 1.589886>,  <20.982782, 18.062864, 1.498646>, 0.130000
	pigment { color rgbt <1,0,0,0> }
	no_shadow
}

// nucleotide -1

// particle -1
sphere {
	<20.954512, 17.282337, 1.589886> 0.250000
	pigment { color rgbt <1,0,0,0> }
	no_shadow
}
cylinder {
	<21.152946, 17.513607, 1.848996>,  <21.272007, 17.652369, 2.004462>, 0.100000
	pigment { color rgbt <1,0,0,0> }
	no_shadow
}
cylinder {
	<21.152946, 17.513607, 1.848996>,  <20.954512, 17.282337, 1.589886>, 0.100000
	pigment { color rgbt <1,0,0,0> }
	no_shadow
}

// particle -1
sphere {
	<21.152946, 17.513607, 1.848996> 0.100000
	pigment { color rgbt <1,0,0,0> }
	no_shadow
}
sphere {
	0, 1
	scale<0.080000,0.200000,0.300000>
	matrix <-0.738935, -0.110620, 0.664634,
		0.455931, -0.808380, 0.372356,
		0.496087, 0.578174, 0.647775,
		21.301773, 17.687059, 2.043329>
	pigment { color rgbt <0,1,1,0> }
	no_shadow
}
cylinder {
	<20.597364, 17.264559, 2.212839>,  <20.954512, 17.282337, 1.589886>, 0.130000
	pigment { color rgbt <1,0,0,0> }
	no_shadow
}

// nucleotide -1

// particle -1
sphere {
	<20.597364, 17.264559, 2.212839> 0.250000
	pigment { color rgbt <1,0,0,0> }
	no_shadow
}
cylinder {
	<20.883869, 17.511578, 2.342824>,  <21.055773, 17.659788, 2.420815>, 0.100000
	pigment { color rgbt <1,0,0,0> }
	no_shadow
}
cylinder {
	<20.883869, 17.511578, 2.342824>,  <20.597364, 17.264559, 2.212839>, 0.100000
	pigment { color rgbt <1,0,0,0> }
	no_shadow
}

// particle -1
sphere {
	<20.883869, 17.511578, 2.342824> 0.100000
	pigment { color rgbt <1,0,0,0> }
	no_shadow
}
sphere {
	0, 1
	scale<0.080000,0.200000,0.300000>
	matrix <-0.457839, 0.064431, 0.886698,
		0.526641, -0.783889, 0.328887,
		0.716263, 0.617548, 0.324963,
		21.098749, 17.696842, 2.440313>
	pigment { color rgbt <0,1,1,0> }
	no_shadow
}
cylinder {
	<20.700844, 17.045778, 2.781706>,  <20.597364, 17.264559, 2.212839>, 0.130000
	pigment { color rgbt <1,0,0,0> }
	no_shadow
}

// nucleotide -1

// particle -1
sphere {
	<20.700844, 17.045778, 2.781706> 0.250000
	pigment { color rgbt <1,0,0,0> }
	no_shadow
}
cylinder {
	<20.859310, 17.412388, 2.803761>,  <20.954390, 17.632353, 2.816995>, 0.100000
	pigment { color rgbt <1,0,0,0> }
	no_shadow
}
cylinder {
	<20.859310, 17.412388, 2.803761>,  <20.700844, 17.045778, 2.781706>, 0.100000
	pigment { color rgbt <1,0,0,0> }
	no_shadow
}

// particle -1
sphere {
	<20.859310, 17.412388, 2.803761> 0.100000
	pigment { color rgbt <1,0,0,0> }
	no_shadow
}
sphere {
	0, 1
	scale<0.080000,0.200000,0.300000>
	matrix <-0.178000, 0.017750, 0.983870,
		0.900760, -0.399590, 0.170173,
		0.396166, 0.916522, 0.055138,
		20.978161, 17.687344, 2.820303>
	pigment { color rgbt <0,1,1,0> }
	no_shadow
}
cylinder {
	<21.312273, 17.005356, 3.237429>,  <20.700844, 17.045778, 2.781706>, 0.130000
	pigment { color rgbt <1,0,0,0> }
	no_shadow
}

// nucleotide -1

// particle -1
sphere {
	<21.312273, 17.005356, 3.237429> 0.250000
	pigment { color rgbt <1,0,0,0> }
	no_shadow
}
cylinder {
	<21.104099, 17.346916, 3.237161>,  <20.979195, 17.551853, 3.237000>, 0.100000
	pigment { color rgbt <1,0,0,0> }
	no_shadow
}
cylinder {
	<21.104099, 17.346916, 3.237161>,  <21.312273, 17.005356, 3.237429>, 0.100000
	pigment { color rgbt <1,0,0,0> }
	no_shadow
}

// particle -1
sphere {
	<21.104099, 17.346916, 3.237161> 0.100000
	pigment { color rgbt <1,0,0,0> }
	no_shadow
}
sphere {
	0, 1
	scale<0.080000,0.200000,0.300000>
	matrix <-0.082703, -0.049625, 0.995338,
		0.849886, 0.518065, 0.096447,
		-0.520436, 0.853900, -0.000670,
		20.947968, 17.603086, 3.236959>
	pigment { color rgbt <0,1,1,0> }
	no_shadow
}
cylinder {
	<21.699875, 17.616915, 3.522398>,  <21.312273, 17.005356, 3.237429>, 0.130000
	pigment { color rgbt <1,0,0,0> }
	no_shadow
}

// nucleotide -1

// particle -1
sphere {
	<21.699875, 17.616915, 3.522398> 0.250000
	pigment { color rgbt <1,0,0,0> }
	no_shadow
}
cylinder {
	<21.303570, 17.622795, 3.576328>,  <21.065786, 17.626324, 3.608686>, 0.100000
	pigment { color rgbt <1,0,0,0> }
	no_shadow
}
cylinder {
	<21.303570, 17.622795, 3.576328>,  <21.699875, 17.616915, 3.522398>, 0.100000
	pigment { color rgbt <1,0,0,0> }
	no_shadow
}

// particle -1
sphere {
	<21.303570, 17.622795, 3.576328> 0.100000
	pigment { color rgbt <1,0,0,0> }
	no_shadow
}
sphere {
	0, 1
	scale<0.080000,0.200000,0.300000>
	matrix <0.131147, -0.149473, 0.980030,
		0.034559, 0.988657, 0.146164,
		-0.990760, 0.014699, 0.134825,
		21.006342, 17.627205, 3.616776>
	pigment { color rgbt <0,1,1,0> }
	no_shadow
}
cylinder {
	<21.464638, 17.879925, 4.226551>,  <21.699875, 17.616915, 3.522398>, 0.130000
	pigment { color rgbt <1,0,0,0> }
	no_shadow
}

// nucleotide -1

// particle -1
sphere {
	<21.464638, 17.879925, 4.226551> 0.250000
	pigment { color rgbt <1,0,0,0> }
	no_shadow
}
cylinder {
	<21.132683, 17.688286, 4.112177>,  <20.933510, 17.573303, 4.043553>, 0.100000
	pigment { color rgbt <1,0,0,0> }
	no_shadow
}
cylinder {
	<21.132683, 17.688286, 4.112177>,  <21.464638, 17.879925, 4.226551>, 0.100000
	pigment { color rgbt <1,0,0,0> }
	no_shadow
}

// particle -1
sphere {
	<21.132683, 17.688286, 4.112177> 0.100000
	pigment { color rgbt <1,0,0,0> }
	no_shadow
}
sphere {
	0, 1
	scale<0.080000,0.200000,0.300000>
	matrix <-0.138170, -0.320044, 0.937273,
		-0.540555, 0.817336, 0.199404,
		-0.829885, -0.479096, -0.285933,
		20.883717, 17.544558, 4.026398>
	pigment { color rgbt <0,1,1,0> }
	no_shadow
}
cylinder {
	<20.842617, 18.208714, 4.604209>,  <21.464638, 17.879925, 4.226551>, 0.130000
	pigment { color rgbt <1,0,0,0> }
	no_shadow
}

// nucleotide -1

// particle -1
sphere {
	<20.842617, 18.208714, 4.604209> 0.250000
	pigment { color rgbt <1,0,0,0> }
	no_shadow
}
cylinder {
	<20.792210, 17.831120, 4.482220>,  <20.761965, 17.604563, 4.409026>, 0.100000
	pigment { color rgbt <1,0,0,0> }
	no_shadow
}
cylinder {
	<20.792210, 17.831120, 4.482220>,  <20.842617, 18.208714, 4.604209>, 0.100000
	pigment { color rgbt <1,0,0,0> }
	no_shadow
}

// particle -1
sphere {
	<20.792210, 17.831120, 4.482220> 0.100000
	pigment { color rgbt <1,0,0,0> }
	no_shadow
}
sphere {
	0, 1
	scale<0.080000,0.200000,0.300000>
	matrix <-0.282606, -0.260525, 0.923180,
		-0.950922, 0.202526, -0.233945,
		-0.126020, -0.943986, -0.304974,
		20.754404, 17.547924, 4.390728>
	pigment { color rgbt <0,1,1,0> }
	no_shadow
}
cylinder {
	<20.167562, 17.965429, 4.687984>,  <20.842617, 18.208714, 4.604209>, 0.130000
	pigment { color rgbt <1,0,0,0> }
	no_shadow
}

// nucleotide -1

// particle -1
sphere {
	<20.167562, 17.965429, 4.687984> 0.250000
	pigment { color rgbt <1,0,0,0> }
	no_shadow
}
cylinder {
	<20.426853, 17.664280, 4.733564>,  <20.582428, 17.483591, 4.760911>, 0.100000
	pigment { color rgbt <1,0,0,0> }
	no_shadow
}
cylinder {
	<20.426853, 17.664280, 4.733564>,  <20.167562, 17.965429, 4.687984>, 0.100000
	pigment { color rgbt <1,0,0,0> }
	no_shadow
}

// particle -1
sphere {
	<20.426853, 17.664280, 4.733564> 0.100000
	pigment { color rgbt <1,0,0,0> }
	no_shadow
}
sphere {
	0, 1
	scale<0.080000,0.200000,0.300000>
	matrix <-0.395651, -0.205170, 0.895190,
		-0.650585, -0.625371, -0.430872,
		0.648228, -0.752872, 0.113948,
		20.621323, 17.438419, 4.767748>
	pigment { color rgbt <0,1,1,0> }
	no_shadow
}
cylinder {
	<19.932579, 17.332066, 5.128161>,  <20.167562, 17.965429, 4.687984>, 0.130000
	pigment { color rgbt <1,0,0,0> }
	no_shadow
}

// nucleotide -1

// particle -1
sphere {
	<19.932579, 17.332066, 5.128161> 0.250000
	pigment { color rgbt <1,0,0,0> }
	no_shadow
}
cylinder {
	<20.319412, 17.230335, 5.131432>,  <20.551512, 17.169296, 5.133394>, 0.100000
	pigment { color rgbt <1,0,0,0> }
	no_shadow
}
cylinder {
	<20.319412, 17.230335, 5.131432>,  <19.932579, 17.332066, 5.128161>, 0.100000
	pigment { color rgbt <1,0,0,0> }
	no_shadow
}

// particle -1
sphere {
	<20.319412, 17.230335, 5.131432> 0.100000
	pigment { color rgbt <1,0,0,0> }
	no_shadow
}
sphere {
	0, 1
	scale<0.080000,0.200000,0.300000>
	matrix <-0.009443, -0.003757, 0.999948,
		-0.254282, -0.967111, -0.006035,
		0.967084, -0.254326, 0.008177,
		20.609537, 17.154037, 5.133884>
	pigment { color rgbt <0,1,1,0> }
	no_shadow
}
cylinder {
	<20.217632, 16.689753, 5.523253>,  <19.932579, 17.332066, 5.128161>, 0.130000
	pigment { color rgbt <1,0,0,0> }
	no_shadow
}

// nucleotide -1

// particle -1
sphere {
	<20.217632, 16.689753, 5.523253> 0.250000
	pigment { color rgbt <1,0,0,0> }
	no_shadow
}
cylinder {
	<20.515873, 16.956284, 5.519563>,  <20.694817, 17.116203, 5.517348>, 0.100000
	pigment { color rgbt <1,0,0,0> }
	no_shadow
}
cylinder {
	<20.515873, 16.956284, 5.519563>,  <20.217632, 16.689753, 5.523253>, 0.100000
	pigment { color rgbt <1,0,0,0> }
	no_shadow
}

// particle -1
sphere {
	<20.515873, 16.956284, 5.519563> 0.100000
	pigment { color rgbt <1,0,0,0> }
	no_shadow
}
sphere {
	0, 1
	scale<0.080000,0.200000,0.300000>
	matrix <0.104284, -0.102993, 0.989200,
		0.658182, -0.738511, -0.146279,
		0.745601, 0.666328, -0.009226,
		20.739553, 17.156181, 5.516795>
	pigment { color rgbt <0,1,1,0> }
	no_shadow
}
cylinder {
	<20.792229, 16.391214, 5.876330>,  <20.217632, 16.689753, 5.523253>, 0.130000
	pigment { color rgbt <1,0,0,0> }
	no_shadow
}

// nucleotide -1

// particle -1
sphere {
	<20.792229, 16.391214, 5.876330> 0.250000
	pigment { color rgbt <1,0,0,0> }
	no_shadow
}
cylinder {
	<20.854408, 16.786205, 5.887115>,  <20.891716, 17.023199, 5.893585>, 0.100000
	pigment { color rgbt <1,0,0,0> }
	no_shadow
}
cylinder {
	<20.854408, 16.786205, 5.887115>,  <20.792229, 16.391214, 5.876330>, 0.100000
	pigment { color rgbt <1,0,0,0> }
	no_shadow
}

// particle -1
sphere {
	<20.854408, 16.786205, 5.887115> 0.100000
	pigment { color rgbt <1,0,0,0> }
	no_shadow
}
sphere {
	0, 1
	scale<0.080000,0.200000,0.300000>
	matrix <0.263273, -0.067719, 0.962342,
		0.952115, -0.142495, -0.270502,
		0.155447, 0.987476, 0.026961,
		20.901043, 17.082449, 5.895203>
	pigment { color rgbt <0,1,1,0> }
	no_shadow
}
cylinder {
	<21.415981, 16.479893, 6.254471>,  <20.792229, 16.391214, 5.876330>, 0.130000
	pigment { color rgbt <1,0,0,0> }
	no_shadow
}

// nucleotide -1

// particle -1
sphere {
	<21.415981, 16.479893, 6.254471> 0.250000
	pigment { color rgbt <1,0,0,0> }
	no_shadow
}
cylinder {
	<21.197563, 16.814835, 6.264840>,  <21.066513, 17.015800, 6.271062>, 0.100000
	pigment { color rgbt <1,0,0,0> }
	no_shadow
}
cylinder {
	<21.197563, 16.814835, 6.264840>,  <21.415981, 16.479893, 6.254471>, 0.100000
	pigment { color rgbt <1,0,0,0> }
	no_shadow
}

// particle -1
sphere {
	<21.197563, 16.814835, 6.264840> 0.100000
	pigment { color rgbt <1,0,0,0> }
	no_shadow
}
sphere {
	0, 1
	scale<0.080000,0.200000,0.300000>
	matrix <0.095763, 0.031646, 0.994901,
		0.832265, 0.545743, -0.097468,
		-0.546044, 0.837355, 0.025924,
		21.033751, 17.066042, 6.272617>
	pigment { color rgbt <0,1,1,0> }
	no_shadow
}
cylinder {
	<21.861078, 16.998407, 6.537821>,  <21.415981, 16.479893, 6.254471>, 0.130000
	pigment { color rgbt <1,0,0,0> }
	no_shadow
}

// nucleotide -1

// particle -1
sphere {
	<21.861078, 16.998407, 6.537821> 0.250000
	pigment { color rgbt <1,0,0,0> }
	no_shadow
}
cylinder {
	<21.474468, 17.049103, 6.627054>,  <21.242502, 17.079521, 6.680594>, 0.100000
	pigment { color rgbt <1,0,0,0> }
	no_shadow
}
cylinder {
	<21.474468, 17.049103, 6.627054>,  <21.861078, 16.998407, 6.537821>, 0.100000
	pigment { color rgbt <1,0,0,0> }
	no_shadow
}

// particle -1
sphere {
	<21.474468, 17.049103, 6.627054> 0.100000
	pigment { color rgbt <1,0,0,0> }
	no_shadow
}
sphere {
	0, 1
	scale<0.080000,0.200000,0.300000>
	matrix <0.218068, -0.052326, 0.974530,
		0.135184, 0.990555, 0.022936,
		-0.966526, 0.126739, 0.223082,
		21.184511, 17.087124, 6.693979>
	pigment { color rgbt <0,1,1,0> }
	no_shadow
}
cylinder {
	<22.261805, 17.641262, 6.352426>,  <21.861078, 16.998407, 6.537821>, 0.130000
	pigment { color rgbt <1,0,0,0> }
	no_shadow
}

// nucleotide -1

// particle -1
sphere {
	<22.261805, 17.641262, 6.352426> 0.250000
	pigment { color rgbt <1,0,0,0> }
	no_shadow
}
cylinder {
	<22.175907, 18.031300, 6.330251>,  <22.124369, 18.265322, 6.316946>, 0.100000
	pigment { color rgbt <1,0,0,0> }
	no_shadow
}
cylinder {
	<22.175907, 18.031300, 6.330251>,  <22.261805, 17.641262, 6.352426>, 0.100000
	pigment { color rgbt <1,0,0,0> }
	no_shadow
}

// particle -1
sphere {
	<22.175907, 18.031300, 6.330251> 0.100000
	pigment { color rgbt <1,0,0,0> }
	no_shadow
}
sphere {
	0, 1
	scale<0.080000,0.200000,0.300000>
	matrix <-0.261994, -0.002830, 0.965065,
		0.940874, 0.221766, 0.256077,
		-0.214744, 0.975096, -0.055439,
		22.111485, 18.323828, 6.313619>
	pigment { color rgbt <0,1,1,0> }
	no_shadow
}
cylinder {
	<22.632708, 18.122074, 6.919758>,  <22.261805, 17.641262, 6.352426>, 0.130000
	pigment { color rgbt <1,0,0,0> }
	no_shadow
}

// nucleotide -1

// particle -1
sphere {
	<22.632708, 18.122074, 6.919758> 0.250000
	pigment { color rgbt <1,0,0,0> }
	no_shadow
}
cylinder {
	<22.288849, 18.277576, 6.787167>,  <22.082535, 18.370878, 6.707612>, 0.100000
	pigment { color rgbt <1,0,0,0> }
	no_shadow
}
cylinder {
	<22.288849, 18.277576, 6.787167>,  <22.632708, 18.122074, 6.919758>, 0.100000
	pigment { color rgbt <1,0,0,0> }
	no_shadow
}

// particle -1
sphere {
	<22.288849, 18.277576, 6.787167> 0.100000
	pigment { color rgbt <1,0,0,0> }
	no_shadow
}
sphere {
	0, 1
	scale<0.080000,0.200000,0.300000>
	matrix <-0.312166, 0.113925, 0.943172,
		0.404429, 0.914270, 0.023422,
		-0.859645, 0.388757, -0.331479,
		22.030956, 18.394203, 6.687723>
	pigment { color rgbt <0,1,1,0> }
	no_shadow
}
cylinder {
	<22.432682, 18.463631, 7.547175>,  <22.632708, 18.122074, 6.919758>, 0.130000
	pigment { color rgbt <1,0,0,0> }
	no_shadow
}

// nucleotide -1

// particle -1
sphere {
	<22.432682, 18.463631, 7.547175> 0.250000
	pigment { color rgbt <1,0,0,0> }
	no_shadow
}
cylinder {
	<22.097488, 18.533276, 7.340305>,  <21.896372, 18.575064, 7.216184>, 0.100000
	pigment { color rgbt <1,0,0,0> }
	no_shadow
}
cylinder {
	<22.097488, 18.533276, 7.340305>,  <22.432682, 18.463631, 7.547175>, 0.100000
	pigment { color rgbt <1,0,0,0> }
	no_shadow
}

// particle -1
sphere {
	<22.097488, 18.533276, 7.340305> 0.100000
	pigment { color rgbt <1,0,0,0> }
	no_shadow
}
sphere {
	0, 1
	scale<0.080000,0.200000,0.300000>
	matrix <-0.397834, 0.453771, 0.797383,
		0.373514, 0.873943, -0.310984,
		-0.837983, 0.174114, -0.517174,
		21.846094, 18.585510, 7.185153>
	pigment { color rgbt <0,1,1,0> }
	no_shadow
}
cylinder {
	<22.801571, 19.158470, 7.392803>,  <22.432682, 18.463631, 7.547175>, 0.130000
	pigment { color rgbt <1,0,0,0> }
	no_shadow
}

// nucleotide -1

// particle -1
sphere {
	<22.801571, 19.158470, 7.392803> 0.250000
	pigment { color rgbt <1,0,0,0> }
	no_shadow
}
cylinder {
	<22.740486, 19.114059, 7.785608>,  <22.703835, 19.087414, 8.021292>, 0.100000
	pigment { color rgbt <1,0,0,0> }
	no_shadow
}
cylinder {
	<22.740486, 19.114059, 7.785608>,  <22.801571, 19.158470, 7.392803>, 0.100000
	pigment { color rgbt <1,0,0,0> }
	no_shadow
}

// particle -1
sphere {
	<22.740486, 19.114059, 7.785608> 0.100000
	pigment { color rgbt <1,0,0,0> }
	no_shadow
}
sphere {
	0, 1
	scale<0.080000,0.200000,0.300000>
	matrix <0.408162, 0.897877, 0.164986,
		-0.900046, 0.426017, -0.091799,
		-0.152711, -0.111026, 0.982015,
		22.694674, 19.080751, 8.080213>
	pigment { color rgbt <0,1,1,0> }
	no_shadow
}
cylinder {
	<22.583687, 19.725504, 7.660214>,  <22.801571, 19.158470, 7.392803>, 0.130000
	pigment { color rgbt <1,0,0,0> }
	no_shadow
}

// nucleotide -1

// particle -1
sphere {
	<22.583687, 19.725504, 7.660214> 0.250000
	pigment { color rgbt <1,0,0,0> }
	no_shadow
}
cylinder {
	<22.719288, 19.573509, 8.004467>,  <22.800650, 19.482313, 8.211019>, 0.100000
	pigment { color rgbt <1,0,0,0> }
	no_shadow
}
cylinder {
	<22.719288, 19.573509, 8.004467>,  <22.583687, 19.725504, 7.660214>, 0.100000
	pigment { color rgbt <1,0,0,0> }
	no_shadow
}

// particle -1
sphere {
	<22.719288, 19.573509, 8.004467> 0.100000
	pigment { color rgbt <1,0,0,0> }
	no_shadow
}
sphere {
	0, 1
	scale<0.080000,0.200000,0.300000>
	matrix <0.217334, 0.921688, 0.321337,
		-0.915337, 0.078110, 0.395041,
		0.339004, -0.379987, 0.860631,
		22.820990, 19.459513, 8.262656>
	pigment { color rgbt <0,1,1,0> }
	no_shadow
}
cylinder {
	<21.852018, 19.625557, 7.891567>,  <22.583687, 19.725504, 7.660214>, 0.130000
	pigment { color rgbt <1,0,0,0> }
	no_shadow
}

// nucleotide -1

// particle -1
sphere {
	<21.852018, 19.625557, 7.891567> 0.250000
	pigment { color rgbt <1,0,0,0> }
	no_shadow
}
cylinder {
	<21.545937, 19.380417, 7.812697>,  <21.362288, 19.233334, 7.765376>, 0.100000
	pigment { color rgbt <1,0,0,0> }
	no_shadow
}
cylinder {
	<21.545937, 19.380417, 7.812697>,  <21.852018, 19.625557, 7.891567>, 0.100000
	pigment { color rgbt <1,0,0,0> }
	no_shadow
}

// particle -1
sphere {
	<21.545937, 19.380417, 7.812697> 0.100000
	pigment { color rgbt <1,0,0,0> }
	no_shadow
}
sphere {
	0, 1
	scale<0.080000,0.200000,0.300000>
	matrix <0.075848, -0.389959, 0.917703,
		-0.639302, 0.687276, 0.344882,
		-0.765206, -0.612848, -0.197173,
		21.316376, 19.196562, 7.753545>
	pigment { color rgbt <0,1,1,0> }
	no_shadow
}
cylinder {
	<21.308281, 19.650492, 8.378731>,  <21.852018, 19.625557, 7.891567>, 0.130000
	pigment { color rgbt <1,0,0,0> }
	no_shadow
}

// nucleotide -1

// particle -1
sphere {
	<21.308281, 19.650492, 8.378731> 0.250000
	pigment { color rgbt <1,0,0,0> }
	no_shadow
}
cylinder {
	<21.427250, 19.284058, 8.271153>,  <21.498632, 19.064198, 8.206607>, 0.100000
	pigment { color rgbt <1,0,0,0> }
	no_shadow
}
cylinder {
	<21.427250, 19.284058, 8.271153>,  <21.308281, 19.650492, 8.378731>, 0.100000
	pigment { color rgbt <1,0,0,0> }
	no_shadow
}

// particle -1
sphere {
	<21.427250, 19.284058, 8.271153> 0.100000
	pigment { color rgbt <1,0,0,0> }
	no_shadow
}
sphere {
	0, 1
	scale<0.080000,0.200000,0.300000>
	matrix <0.144613, -0.235216, 0.961125,
		-0.943730, -0.324754, 0.062518,
		0.297423, -0.916083, -0.268944,
		21.516478, 19.009233, 8.190471>
	pigment { color rgbt <0,1,1,0> }
	no_shadow
}
cylinder {
	<20.898243, 19.004627, 8.647940>,  <21.308281, 19.650492, 8.378731>, 0.130000
	pigment { color rgbt <1,0,0,0> }
	no_shadow
}

// nucleotide -1

// particle -1
sphere {
	<20.898243, 19.004627, 8.647940> 0.250000
	pigment { color rgbt <1,0,0,0> }
	no_shadow
}
cylinder {
	<21.282539, 18.904602, 8.599863>,  <21.513117, 18.844587, 8.571017>, 0.100000
	pigment { color rgbt <1,0,0,0> }
	no_shadow
}
cylinder {
	<21.282539, 18.904602, 8.599863>,  <20.898243, 19.004627, 8.647940>, 0.100000
	pigment { color rgbt <1,0,0,0> }
	no_shadow
}

// particle -1
sphere {
	<21.282539, 18.904602, 8.599863> 0.100000
	pigment { color rgbt <1,0,0,0> }
	no_shadow
}
sphere {
	0, 1
	scale<0.080000,0.200000,0.300000>
	matrix <0.132922, 0.034592, 0.990523,
		-0.243537, -0.967611, 0.066473,
		0.960740, -0.250064, -0.120193,
		21.570761, 18.829582, 8.563806>
	pigment { color rgbt <0,1,1,0> }
	no_shadow
}
cylinder {
	<21.056908, 18.417133, 8.990406>,  <20.898243, 19.004627, 8.647940>, 0.130000
	pigment { color rgbt <1,0,0,0> }
	no_shadow
}

// nucleotide -1

// particle -1
sphere {
	<21.056908, 18.417133, 8.990406> 0.250000
	pigment { color rgbt <1,0,0,0> }
	no_shadow
}
cylinder {
	<21.393269, 18.633530, 8.984520>,  <21.595085, 18.763367, 8.980989>, 0.100000
	pigment { color rgbt <1,0,0,0> }
	no_shadow
}
cylinder {
	<21.393269, 18.633530, 8.984520>,  <21.056908, 18.417133, 8.990406>, 0.100000
	pigment { color rgbt <1,0,0,0> }
	no_shadow
}

// particle -1
sphere {
	<21.393269, 18.633530, 8.984520> 0.100000
	pigment { color rgbt <1,0,0,0> }
	no_shadow
}
sphere {
	0, 1
	scale<0.080000,0.200000,0.300000>
	matrix <0.020055, -0.003978, 0.999791,
		0.540818, -0.841020, -0.014195,
		0.840901, 0.540989, -0.014716,
		21.645538, 18.795826, 8.980105>
	pigment { color rgbt <0,1,1,0> }
	no_shadow
}
cylinder {
	<21.627344, 18.003614, 9.236858>,  <21.056908, 18.417133, 8.990406>, 0.130000
	pigment { color rgbt <1,0,0,0> }
	no_shadow
}

// nucleotide -1

// particle -1
sphere {
	<21.627344, 18.003614, 9.236858> 0.250000
	pigment { color rgbt <1,0,0,0> }
	no_shadow
}
cylinder {
	<21.652340, 18.397980, 9.298913>,  <21.667337, 18.634600, 9.336145>, 0.100000
	pigment { color rgbt <1,0,0,0> }
	no_shadow
}
cylinder {
	<21.652340, 18.397980, 9.298913>,  <21.627344, 18.003614, 9.236858>, 0.100000
	pigment { color rgbt <1,0,0,0> }
	no_shadow
}

// particle -1
sphere {
	<21.652340, 18.397980, 9.298913> 0.100000
	pigment { color rgbt <1,0,0,0> }
	no_shadow
}
sphere {
	0, 1
	scale<0.080000,0.200000,0.300000>
	matrix <-0.185978, -0.141215, 0.972353,
		0.980565, -0.089616, 0.174534,
		0.062492, 0.985914, 0.155137,
		21.671087, 18.693754, 9.345454>
	pigment { color rgbt <0,1,1,0> }
	no_shadow
}
cylinder {
	<22.069096, 18.087938, 9.807606>,  <21.627344, 18.003614, 9.236858>, 0.130000
	pigment { color rgbt <1,0,0,0> }
	no_shadow
}

// nucleotide -1

// particle -1
sphere {
	<22.069096, 18.087938, 9.807606> 0.250000
	pigment { color rgbt <1,0,0,0> }
	no_shadow
}
cylinder {
	<21.820419, 18.401196, 9.802115>,  <21.671213, 18.589149, 9.798821>, 0.100000
	pigment { color rgbt <1,0,0,0> }
	no_shadow
}
cylinder {
	<21.820419, 18.401196, 9.802115>,  <22.069096, 18.087938, 9.807606>, 0.100000
	pigment { color rgbt <1,0,0,0> }
	no_shadow
}

// particle -1
sphere {
	<21.820419, 18.401196, 9.802115> 0.100000
	pigment { color rgbt <1,0,0,0> }
	no_shadow
}
sphere {
	0, 1
	scale<0.080000,0.200000,0.300000>
	matrix <-0.061380, -0.031240, 0.997625,
		0.780855, 0.621056, 0.067491,
		-0.621689, 0.783144, -0.013727,
		21.633913, 18.636139, 9.797997>
	pigment { color rgbt <0,1,1,0> }
	no_shadow
}
cylinder {
	<22.328728, 18.464752, 10.354085>,  <22.069096, 18.087938, 9.807606>, 0.130000
	pigment { color rgbt <1,0,0,0> }
	no_shadow
}

// nucleotide -1

// particle -1
sphere {
	<22.328728, 18.464752, 10.354085> 0.250000
	pigment { color rgbt <1,0,0,0> }
	no_shadow
}
cylinder {
	<21.976524, 18.642506, 10.288077>,  <21.765202, 18.749157, 10.248473>, 0.100000
	pigment { color rgbt <1,0,0,0> }
	no_shadow
}
cylinder {
	<21.976524, 18.642506, 10.288077>,  <22.328728, 18.464752, 10.354085>, 0.100000
	pigment { color rgbt <1,0,0,0> }
	no_shadow
}

// particle -1
sphere {
	<21.976524, 18.642506, 10.288077> 0.100000
	pigment { color rgbt <1,0,0,0> }
	no_shadow
}
sphere {
	0, 1
	scale<0.080000,0.200000,0.300000>
	matrix <-0.123690, 0.120675, 0.984956,
		0.457610, 0.887673, -0.051289,
		-0.880508, 0.444381, -0.165018,
		21.712372, 18.775820, 10.238572>
	pigment { color rgbt <0,1,1,0> }
	no_shadow
}
cylinder {
	<22.362373, 19.060511, 10.639049>,  <22.328728, 18.464752, 10.354085>, 0.130000
	pigment { color rgbt <1,0,0,0> }
	no_shadow
}

// nucleotide -1

// particle -1
sphere {
	<22.362373, 19.060511, 10.639049> 0.250000
	pigment { color rgbt <1,0,0,0> }
	no_shadow
}
cylinder {
	<21.971725, 18.975182, 10.628387>,  <21.737337, 18.923985, 10.621991>, 0.100000
	pigment { color rgbt <1,0,0,0> }
	no_shadow
}
cylinder {
	<21.971725, 18.975182, 10.628387>,  <22.362373, 19.060511, 10.639049>, 0.100000
	pigment { color rgbt <1,0,0,0> }
	no_shadow
}

// particle -1
sphere {
	<21.971725, 18.975182, 10.628387> 0.100000
	pigment { color rgbt <1,0,0,0> }
	no_shadow
}
sphere {
	0, 1
	scale<0.080000,0.200000,0.300000>
	matrix <-0.074250, 0.218352, 0.973041,
		-0.201754, 0.952268, -0.229086,
		-0.976618, -0.213324, -0.026652,
		21.678740, 18.911184, 10.620392>
	pigment { color rgbt <0,1,1,0> }
	no_shadow
}
cylinder {
	<22.011293, 19.598581, 10.990522>,  <22.362373, 19.060511, 10.639049>, 0.130000
	pigment { color rgbt <1,0,0,0> }
	no_shadow
}

// nucleotide -1

// particle -1
sphere {
	<22.011293, 19.598581, 10.990522> 0.250000
	pigment { color rgbt <1,0,0,0> }
	no_shadow
}
cylinder {
	<21.766026, 19.282650, 10.984953>,  <21.618864, 19.093092, 10.981611>, 0.100000
	pigment { color rgbt <1,0,0,0> }
	no_shadow
}
cylinder {
	<21.766026, 19.282650, 10.984953>,  <22.011293, 19.598581, 10.990522>, 0.100000
	pigment { color rgbt <1,0,0,0> }
	no_shadow
}

// particle -1
sphere {
	<21.766026, 19.282650, 10.984953> 0.100000
	pigment { color rgbt <1,0,0,0> }
	no_shadow
}
sphere {
	0, 1
	scale<0.080000,0.200000,0.300000>
	matrix <-0.075834, 0.041310, 0.996264,
		-0.786302, 0.611936, -0.085226,
		-0.613170, -0.789828, -0.013923,
		21.582075, 19.045702, 10.980776>
	pigment { color rgbt <0,1,1,0> }
	no_shadow
}
cylinder {
	<21.662287, 19.757669, 11.425618>,  <22.011293, 19.598581, 10.990522>, 0.130000
	pigment { color rgbt <1,0,0,0> }
	no_shadow
}

// nucleotide -1

// particle -1
sphere {
	<21.662287, 19.757669, 11.425618> 0.250000
	pigment { color rgbt <1,0,0,0> }
	no_shadow
}
cylinder {
	<21.577961, 19.366871, 11.412775>,  <21.527365, 19.132391, 11.405069>, 0.100000
	pigment { color rgbt <1,0,0,0> }
	no_shadow
}
cylinder {
	<21.577961, 19.366871, 11.412775>,  <21.662287, 19.757669, 11.425618>, 0.100000
	pigment { color rgbt <1,0,0,0> }
	no_shadow
}

// particle -1
sphere {
	<21.577961, 19.366871, 11.412775> 0.100000
	pigment { color rgbt <1,0,0,0> }
	no_shadow
}
sphere {
	0, 1
	scale<0.080000,0.200000,0.300000>
	matrix <0.080349, -0.050055, 0.995509,
		-0.974218, 0.207290, 0.089053,
		-0.210817, -0.976998, -0.032109,
		21.514715, 19.073771, 11.403142>
	pigment { color rgbt <0,1,1,0> }
	no_shadow
}
cylinder {
	<21.194275, 19.662975, 11.971101>,  <21.662287, 19.757669, 11.425618>, 0.130000
	pigment { color rgbt <1,0,0,0> }
	no_shadow
}

// nucleotide -1

// particle -1
sphere {
	<21.194275, 19.662975, 11.971101> 0.250000
	pigment { color rgbt <1,0,0,0> }
	no_shadow
}
cylinder {
	<21.354507, 19.303032, 11.902064>,  <21.450647, 19.087065, 11.860642>, 0.100000
	pigment { color rgbt <1,0,0,0> }
	no_shadow
}
cylinder {
	<21.354507, 19.303032, 11.902064>,  <21.194275, 19.662975, 11.971101>, 0.100000
	pigment { color rgbt <1,0,0,0> }
	no_shadow
}

// particle -1
sphere {
	<21.354507, 19.303032, 11.902064> 0.100000
	pigment { color rgbt <1,0,0,0> }
	no_shadow
}
sphere {
	0, 1
	scale<0.080000,0.200000,0.300000>
	matrix <0.090356, -0.148652, 0.984753,
		-0.911796, -0.410067, 0.021761,
		0.400580, -0.899860, -0.172592,
		21.474682, 19.033073, 11.850286>
	pigment { color rgbt <0,1,1,0> }
	no_shadow
}
cylinder {
	<20.760189, 19.147816, 12.228059>,  <21.194275, 19.662975, 11.971101>, 0.130000
	pigment { color rgbt <1,0,0,0> }
	no_shadow
}

// nucleotide -1

// particle -1
sphere {
	<20.760189, 19.147816, 12.228059> 0.250000
	pigment { color rgbt <1,0,0,0> }
	no_shadow
}
cylinder {
	<21.110867, 18.955406, 12.229979>,  <21.321274, 18.839960, 12.231131>, 0.100000
	pigment { color rgbt <1,0,0,0> }
	no_shadow
}
cylinder {
	<21.110867, 18.955406, 12.229979>,  <20.760189, 19.147816, 12.228059>, 0.100000
	pigment { color rgbt <1,0,0,0> }
	no_shadow
}

// particle -1
sphere {
	<21.110867, 18.955406, 12.229979> 0.100000
	pigment { color rgbt <1,0,0,0> }
	no_shadow
}
sphere {
	0, 1
	scale<0.080000,0.200000,0.300000>
	matrix <-0.141005, -0.247425, 0.958592,
		-0.459917, -0.841069, -0.284743,
		0.876694, -0.481023, 0.004800,
		21.373875, 18.811100, 12.231419>
	pigment { color rgbt <0,1,1,0> }
	no_shadow
}
cylinder {
	<20.688917, 18.490171, 12.620814>,  <20.760189, 19.147816, 12.228059>, 0.130000
	pigment { color rgbt <1,0,0,0> }
	no_shadow
}

// nucleotide -1

// particle -1
sphere {
	<20.688917, 18.490171, 12.620814> 0.250000
	pigment { color rgbt <1,0,0,0> }
	no_shadow
}
cylinder {
	<21.083179, 18.557346, 12.627538>,  <21.319736, 18.597651, 12.631572>, 0.100000
	pigment { color rgbt <1,0,0,0> }
	no_shadow
}
cylinder {
	<21.083179, 18.557346, 12.627538>,  <20.688917, 18.490171, 12.620814>, 0.100000
	pigment { color rgbt <1,0,0,0> }
	no_shadow
}

// particle -1
sphere {
	<21.083179, 18.557346, 12.627538> 0.100000
	pigment { color rgbt <1,0,0,0> }
	no_shadow
}
sphere {
	0, 1
	scale<0.080000,0.200000,0.300000>
	matrix <0.027447, -0.257762, 0.965818,
		0.166529, -0.951502, -0.258674,
		0.985655, 0.167936, 0.016808,
		21.378876, 18.607727, 12.632581>
	pigment { color rgbt <0,1,1,0> }
	no_shadow
}
cylinder {
	<20.986551, 17.851671, 12.857731>,  <20.688917, 18.490171, 12.620814>, 0.130000
	pigment { color rgbt <1,0,0,0> }
	no_shadow
}

// nucleotide -1

// particle -1
sphere {
