// switches for output
#declare DRAW_BASES = 1; // possible values are 0, 1; only relevant for DNA ribbons
#declare DRAW_BASES_TYPE = 3; // possible values are 1, 2, 3; only relevant for DNA ribbons
#declare DRAW_FOG = 0; // set to 1 to enable fog

#include "colors.inc"

#include "transforms.inc"
background { rgb <1, 1, 1>}

#default {
   normal{
       ripples 0.25
       frequency 0.20
       turbulence 0.2
       lambda 5
   }
	finish {
		phong 0.1
		phong_size 40.
	}
}

// original window dimensions: 1024x640


// camera settings

camera {
	sky <-0, 1, 0>
	up <-0, 1, 0>
	right 1.6 * <1, 0, 0>
	location <18.5, 18.5, 82.5562>
	look_at <18.5, 18.5, 18.5>
	direction <0, 0, -64.0562>
	angle 67.0682
}


# declare cpy_camera_pos = <18.5, 18.5, 82.5562>;
# if (DRAW_FOG = 1)
fog {
	fog_type 2
	up vnormalize(cpy_camera_pos)
	color rgbt<1,1,1,0.3>
	distance 1e-5
	fog_alt 3e-3
	fog_offset 29.6
}
# end


// LIGHTS

# declare lum = 6;
global_settings {
	ambient_light rgb lum * <0.05, 0.05, 0.05>
	max_trace_level 15
}# declare cpy_direct_light_amount = 0.25;
light_source
{	1000 * <-1, -1, 1>,
	rgb lum * cpy_direct_light_amount
	parallel
}

light_source
{	1000 * <1, 1, -1>,
	rgb lum * cpy_direct_light_amount
	parallel
}

// strand 0

// nucleotide -1

// particle -1
sphere {
	<22.508896, 17.139324, -2.506824> 0.250000
	pigment { color rgbt <1,0,0,0> }
	no_shadow
}
cylinder {
	<22.761475, 16.875813, -2.670425>,  <22.913023, 16.717707, -2.768586>, 0.100000
	pigment { color rgbt <1,0,0,0> }
	no_shadow
}
cylinder {
	<22.761475, 16.875813, -2.670425>,  <22.508896, 17.139324, -2.506824>, 0.100000
	pigment { color rgbt <1,0,0,0> }
	no_shadow
}

// particle -1
sphere {
	<22.761475, 16.875813, -2.670425> 0.100000
	pigment { color rgbt <1,0,0,0> }
	no_shadow
}
sphere {
	0, 1
	scale<0.080000,0.200000,0.300000>
	matrix <-0.771474, -0.586865, -0.245799,
		-0.078103, 0.470744, -0.878806,
		0.631449, -0.658778, -0.409003,
		22.950909, 16.678179, -2.793126>
	pigment { color rgbt <0,1,1,0> }
	no_shadow
}
cylinder {
	<22.746080, 17.052153, -1.734711>,  <22.508896, 17.139324, -2.506824>, 0.130000
	pigment { color rgbt <1,0,0,0> }
	no_shadow
}

// nucleotide -1

// particle -1
sphere {
	<22.746080, 17.052153, -1.734711> 0.250000
	pigment { color rgbt <1,0,0,0> }
	no_shadow
}
cylinder {
	<22.893620, 17.362301, -1.529674>,  <22.982143, 17.548389, -1.406652>, 0.100000
	pigment { color rgbt <1,0,0,0> }
	no_shadow
}
cylinder {
	<22.893620, 17.362301, -1.529674>,  <22.746080, 17.052153, -1.734711>, 0.100000
	pigment { color rgbt <1,0,0,0> }
	no_shadow
}

// particle -1
sphere {
	<22.893620, 17.362301, -1.529674> 0.100000
	pigment { color rgbt <1,0,0,0> }
	no_shadow
}
sphere {
	0, 1
	scale<0.080000,0.200000,0.300000>
	matrix <-0.929132, 0.322849, 0.180226,
		-0.025748, -0.542742, 0.839504,
		0.368849, 0.775370, 0.512592,
		23.004274, 17.594912, -1.375896>
	pigment { color rgbt <0,1,1,0> }
	no_shadow
}
cylinder {
	<22.527103, 17.093954, -0.971881>,  <22.746080, 17.052153, -1.734711>, 0.130000
	pigment { color rgbt <1,0,0,0> }
	no_shadow
}

// nucleotide -1

// particle -1
sphere {
	<22.527103, 17.093954, -0.971881> 0.250000
	pigment { color rgbt <1,0,0,0> }
	no_shadow
}
cylinder {
	<22.577843, 17.446861, -1.153214>,  <22.608286, 17.658606, -1.262013>, 0.100000
	pigment { color rgbt <1,0,0,0> }
	no_shadow
}
cylinder {
	<22.577843, 17.446861, -1.153214>,  <22.527103, 17.093954, -0.971881>, 0.100000
	pigment { color rgbt <1,0,0,0> }
	no_shadow
}

// particle -1
sphere {
	<22.577843, 17.446861, -1.153214> 0.100000
	pigment { color rgbt <1,0,0,0> }
	no_shadow
}
sphere {
	0, 1
	scale<0.080000,0.200000,0.300000>
	matrix <-0.864589, 0.322358, 0.385450,
		0.486206, 0.343052, 0.803691,
		0.126847, 0.882271, -0.453332,
		22.615896, 17.711542, -1.289213>
	pigment { color rgbt <0,1,1,0> }
	no_shadow
}
cylinder {
	<22.437834, 17.495943, -0.409625>,  <22.527103, 17.093954, -0.971881>, 0.130000
	pigment { color rgbt <1,0,0,0> }
	no_shadow
}

// nucleotide -1

// particle -1
sphere {
	<22.437834, 17.495943, -0.409625> 0.250000
	pigment { color rgbt <1,0,0,0> }
	no_shadow
}
cylinder {
	<22.355476, 17.636948, -0.774775>,  <22.306061, 17.721550, -0.993866>, 0.100000
	pigment { color rgbt <1,0,0,0> }
	no_shadow
}
cylinder {
	<22.355476, 17.636948, -0.774775>,  <22.437834, 17.495943, -0.409625>, 0.100000
	pigment { color rgbt <1,0,0,0> }
	no_shadow
}

// particle -1
sphere {
	<22.355476, 17.636948, -0.774775> 0.100000
	pigment { color rgbt <1,0,0,0> }
	no_shadow
}
sphere {
	0, 1
	scale<0.080000,0.200000,0.300000>
	matrix <-0.803675, 0.471322, 0.363267,
		0.558314, 0.808451, 0.186261,
		-0.205895, 0.352510, -0.912877,
		22.293709, 17.742701, -1.048638>
	pigment { color rgbt <0,1,1,0> }
	no_shadow
}
cylinder {
	<22.653448, 18.221855, -0.516422>,  <22.437834, 17.495943, -0.409625>, 0.130000
	pigment { color rgbt <1,0,0,0> }
	no_shadow
}

// nucleotide -1

// particle -1
sphere {
	<22.653448, 18.221855, -0.516422> 0.250000
	pigment { color rgbt <1,0,0,0> }
	no_shadow
}
cylinder {
	<22.325027, 18.104214, -0.712128>,  <22.127975, 18.033630, -0.829551>, 0.100000
	pigment { color rgbt <1,0,0,0> }
	no_shadow
}
cylinder {
	<22.325027, 18.104214, -0.712128>,  <22.653448, 18.221855, -0.516422>, 0.100000
	pigment { color rgbt <1,0,0,0> }
	no_shadow
}

// particle -1
sphere {
	<22.325027, 18.104214, -0.712128> 0.100000
	pigment { color rgbt <1,0,0,0> }
	no_shadow
}
sphere {
	0, 1
	scale<0.080000,0.200000,0.300000>
	matrix <-0.550784, 0.633394, 0.543552,
		0.150037, 0.715763, -0.682035,
		-0.821051, -0.294101, -0.489264,
		22.078712, 18.015984, -0.858907>
	pigment { color rgbt <0,1,1,0> }
	no_shadow
}
cylinder {
	<22.171495, 18.748486, -0.417110>,  <22.653448, 18.221855, -0.516422>, 0.130000
	pigment { color rgbt <1,0,0,0> }
	no_shadow
}

// nucleotide -1

// particle -1
sphere {
	<22.171495, 18.748486, -0.417110> 0.250000
	pigment { color rgbt <1,0,0,0> }
	no_shadow
}
cylinder {
	<21.940342, 18.477562, -0.599231>,  <21.801649, 18.315008, -0.708503>, 0.100000
	pigment { color rgbt <1,0,0,0> }
	no_shadow
}
cylinder {
	<21.940342, 18.477562, -0.599231>,  <22.171495, 18.748486, -0.417110>, 0.100000
	pigment { color rgbt <1,0,0,0> }
	no_shadow
}

// particle -1
sphere {
	<21.940342, 18.477562, -0.599231> 0.100000
	pigment { color rgbt <1,0,0,0> }
	no_shadow
}
sphere {
	0, 1
	scale<0.080000,0.200000,0.300000>
	matrix <-0.815449, 0.456618, 0.355729,
		-0.033040, 0.576845, -0.816185,
		-0.577885, -0.677311, -0.455301,
		21.766977, 18.274368, -0.735821>
	pigment { color rgbt <0,1,1,0> }
	no_shadow
}
cylinder {
	<21.721838, 19.197535, -0.914700>,  <22.171495, 18.748486, -0.417110>, 0.130000
	pigment { color rgbt <1,0,0,0> }
	no_shadow
}

// nucleotide -1

// particle -1
sphere {
	<21.721838, 19.197535, -0.914700> 0.250000
	pigment { color rgbt <1,0,0,0> }
	no_shadow
}
cylinder {
	<21.615307, 18.829620, -0.799417>,  <21.551388, 18.608871, -0.730248>, 0.100000
	pigment { color rgbt <1,0,0,0> }
	no_shadow
}
cylinder {
	<21.615307, 18.829620, -0.799417>,  <21.721838, 19.197535, -0.914700>, 0.100000
	pigment { color rgbt <1,0,0,0> }
	no_shadow
}

// particle -1
sphere {
	<21.615307, 18.829620, -0.799417> 0.100000
	pigment { color rgbt <1,0,0,0> }
	no_shadow
}
sphere {
	0, 1
	scale<0.080000,0.200000,0.300000>
	matrix <-0.797906, 0.378129, 0.469431,
		-0.540755, -0.104938, -0.834609,
		-0.266329, -0.919786, 0.288205,
		21.535408, 18.553684, -0.712956>
	pigment { color rgbt <0,1,1,0> }
	no_shadow
}
cylinder {
	<21.080873, 18.804041, -1.228941>,  <21.721838, 19.197535, -0.914700>, 0.130000
	pigment { color rgbt <1,0,0,0> }
	no_shadow
}

// nucleotide -1

// particle -1
sphere {
	<21.080873, 18.804041, -1.228941> 0.250000
	pigment { color rgbt <1,0,0,0> }
	no_shadow
}
cylinder {
	<21.156265, 18.726532, -0.843832>,  <21.201500, 18.680027, -0.612767>, 0.100000
	pigment { color rgbt <1,0,0,0> }
	no_shadow
}
cylinder {
	<21.156265, 18.726532, -0.843832>,  <21.080873, 18.804041, -1.228941>, 0.100000
	pigment { color rgbt <1,0,0,0> }
	no_shadow
}

// particle -1
sphere {
	<21.156265, 18.726532, -0.843832> 0.100000
	pigment { color rgbt <1,0,0,0> }
	no_shadow
}
sphere {
	0, 1
	scale<0.080000,0.200000,0.300000>
	matrix <-0.783626, 0.561230, 0.266365,
		-0.591950, -0.804657, -0.046062,
		0.188481, -0.193770, 0.962771,
		21.212809, 18.668402, -0.555001>
	pigment { color rgbt <0,1,1,0> }
	no_shadow
}
cylinder {
	<20.441528, 18.830873, -0.798091>,  <21.080873, 18.804041, -1.228941>, 0.130000
	pigment { color rgbt <1,0,0,0> }
	no_shadow
}

// nucleotide -1

// particle -1
sphere {
	<20.441528, 18.830873, -0.798091> 0.250000
	pigment { color rgbt <1,0,0,0> }
	no_shadow
}
cylinder {
	<20.725288, 18.878849, -0.520280>,  <20.895544, 18.907635, -0.353594>, 0.100000
	pigment { color rgbt <1,0,0,0> }
	no_shadow
}
cylinder {
	<20.725288, 18.878849, -0.520280>,  <20.441528, 18.830873, -0.798091>, 0.100000
	pigment { color rgbt <1,0,0,0> }
	no_shadow
}

// particle -1
sphere {
	<20.725288, 18.878849, -0.520280> 0.100000
	pigment { color rgbt <1,0,0,0> }
	no_shadow
}
sphere {
	0, 1
	scale<0.080000,0.200000,0.300000>
	matrix <-0.535512, 0.732398, 0.420500,
		-0.458234, -0.670229, 0.583793,
		0.709399, 0.119941, 0.694526,
		20.938108, 18.914831, -0.311923>
	pigment { color rgbt <0,1,1,0> }
	no_shadow
}
cylinder {
	<20.105652, 18.854946, -0.082244>,  <20.441528, 18.830873, -0.798091>, 0.130000
	pigment { color rgbt <1,0,0,0> }
	no_shadow
}

// nucleotide -1

// particle -1
sphere {
	<20.105652, 18.854946, -0.082244> 0.250000
	pigment { color rgbt <1,0,0,0> }
	no_shadow
}
cylinder {
	<20.426689, 19.089172, -0.127775>,  <20.619312, 19.229708, -0.155094>, 0.100000
	pigment { color rgbt <1,0,0,0> }
	no_shadow
}
cylinder {
	<20.426689, 19.089172, -0.127775>,  <20.105652, 18.854946, -0.082244>, 0.100000
	pigment { color rgbt <1,0,0,0> }
	no_shadow
}

// particle -1
sphere {
	<20.426689, 19.089172, -0.127775> 0.100000
	pigment { color rgbt <1,0,0,0> }
	no_shadow
}
sphere {
	0, 1
	scale<0.080000,0.200000,0.300000>
	matrix <-0.542209, 0.795665, 0.270048,
		0.248701, -0.155020, 0.956095,
		0.802594, 0.585565, -0.113829,
		20.667467, 19.264841, -0.161924>
	pigment { color rgbt <0,1,1,0> }
	no_shadow
}
cylinder {
	<20.323906, 19.138563, 0.603750>,  <20.105652, 18.854946, -0.082244>, 0.130000
	pigment { color rgbt <1,0,0,0> }
	no_shadow
}

// nucleotide -1

// particle -1
sphere {
	<20.323906, 19.138563, 0.603750> 0.250000
	pigment { color rgbt <1,0,0,0> }
	no_shadow
}
cylinder {
	<20.367615, 19.356510, 0.271201>,  <20.393841, 19.487278, 0.071671>, 0.100000
	pigment { color rgbt <1,0,0,0> }
	no_shadow
}
cylinder {
	<20.367615, 19.356510, 0.271201>,  <20.323906, 19.138563, 0.603750>, 0.100000
	pigment { color rgbt <1,0,0,0> }
	no_shadow
}

// particle -1
sphere {
	<20.367615, 19.356510, 0.271201> 0.100000
	pigment { color rgbt <1,0,0,0> }
	no_shadow
}
sphere {
	0, 1
	scale<0.080000,0.200000,0.300000>
	matrix <-0.585443, 0.711204, 0.389160,
		0.803315, 0.444196, 0.396704,
		0.109274, 0.544866, -0.831373,
		20.400396, 19.519970, 0.021789>
	pigment { color rgbt <0,1,1,0> }
	no_shadow
}
cylinder {
	<20.566000, 19.813425, 0.838147>,  <20.323906, 19.138563, 0.603750>, 0.130000
	pigment { color rgbt <1,0,0,0> }
	no_shadow
}

// nucleotide -1

// particle -1
sphere {
	<20.566000, 19.813425, 0.838147> 0.250000
	pigment { color rgbt <1,0,0,0> }
	no_shadow
}
cylinder {
	<20.390862, 19.852703, 0.480679>,  <20.285778, 19.876270, 0.266198>, 0.100000
	pigment { color rgbt <1,0,0,0> }
	no_shadow
}
cylinder {
	<20.390862, 19.852703, 0.480679>,  <20.566000, 19.813425, 0.838147>, 0.100000
	pigment { color rgbt <1,0,0,0> }
	no_shadow
}

// particle -1
sphere {
	<20.390862, 19.852703, 0.480679> 0.100000
	pigment { color rgbt <1,0,0,0> }
	no_shadow
}
sphere {
	0, 1
	scale<0.080000,0.200000,0.300000>
	matrix <-0.495087, 0.803388, 0.330841,
		0.750452, 0.587303, -0.303145,
		-0.437847, 0.098197, -0.893671,
		20.259508, 19.882162, 0.212578>
	pigment { color rgbt <0,1,1,0> }
	no_shadow
}
cylinder {
	<20.567303, 20.528761, 0.618287>,  <20.566000, 19.813425, 0.838147>, 0.130000
	pigment { color rgbt <1,0,0,0> }
	no_shadow
}

// nucleotide -1

// particle -1
sphere {
	<20.567303, 20.528761, 0.618287> 0.250000
	pigment { color rgbt <1,0,0,0> }
	no_shadow
}
cylinder {
	<20.268799, 20.363106, 0.409831>,  <20.089697, 20.263712, 0.284758>, 0.100000
	pigment { color rgbt <1,0,0,0> }
	no_shadow
}
cylinder {
	<20.268799, 20.363106, 0.409831>,  <20.567303, 20.528761, 0.618287>, 0.100000
	pigment { color rgbt <1,0,0,0> }
	no_shadow
}

// particle -1
sphere {
	<20.268799, 20.363106, 0.409831> 0.100000
	pigment { color rgbt <1,0,0,0> }
	no_shadow
}
sphere {
	0, 1
	scale<0.080000,0.200000,0.300000>
	matrix <-0.591148, 0.772223, 0.232841,
		0.306007, 0.481830, -0.821097,
		-0.746260, -0.414139, -0.521139,
		20.044920, 20.238865, 0.253490>
	pigment { color rgbt <0,1,1,0> }
	no_shadow
}
cylinder {
	<20.289141, 20.986658, -0.019529>,  <20.567303, 20.528761, 0.618287>, 0.130000
	pigment { color rgbt <1,0,0,0> }
	no_shadow
}

// nucleotide -1

// particle -1
sphere {
	<20.289141, 20.986658, -0.019529> 0.250000
	pigment { color rgbt <1,0,0,0> }
	no_shadow
}
cylinder {
	<20.043575, 20.730446, 0.165006>,  <19.896236, 20.576719, 0.275728>, 0.100000
	pigment { color rgbt <1,0,0,0> }
	no_shadow
}
cylinder {
	<20.043575, 20.730446, 0.165006>,  <20.289141, 20.986658, -0.019529>, 0.100000
	pigment { color rgbt <1,0,0,0> }
	no_shadow
}

// particle -1
sphere {
	<20.043575, 20.730446, 0.165006> 0.100000
	pigment { color rgbt <1,0,0,0> }
	no_shadow
}
sphere {
	0, 1
	scale<0.080000,0.200000,0.300000>
	matrix <-0.712971, 0.700776, 0.024202,
		-0.338797, -0.314063, -0.886894,
		-0.613913, -0.640529, 0.461339,
		19.859402, 20.538286, 0.303408>
	pigment { color rgbt <0,1,1,0> }
	no_shadow
}
cylinder {
	<19.959822, 21.010487, 0.663954>,  <20.289141, 20.986658, -0.019529>, 0.130000
	pigment { color rgbt <1,0,0,0> }
	no_shadow
}

// nucleotide -1

// particle -1
sphere {
	<19.959822, 21.010487, 0.663954> 0.250000
	pigment { color rgbt <1,0,0,0> }
	no_shadow
}
cylinder {
	<19.580128, 20.995045, 0.788828>,  <19.352310, 20.985781, 0.863753>, 0.100000
	pigment { color rgbt <1,0,0,0> }
	no_shadow
}
cylinder {
	<19.580128, 20.995045, 0.788828>,  <19.959822, 21.010487, 0.663954>, 0.100000
	pigment { color rgbt <1,0,0,0> }
	no_shadow
}

// particle -1
sphere {
	<19.580128, 20.995045, 0.788828> 0.100000
	pigment { color rgbt <1,0,0,0> }
	no_shadow
}
sphere {
	0, 1
	scale<0.080000,0.200000,0.300000>
	matrix <-0.263776, -0.443034, -0.856822,
		0.171386, -0.895673, 0.410361,
		-0.949236, -0.038604, 0.312187,
		19.295357, 20.983463, 0.882484>
	pigment { color rgbt <0,1,1,0> }
	no_shadow
}
cylinder {
	<19.934160, 21.651205, 0.751363>,  <19.959822, 21.010487, 0.663954>, 0.130000
	pigment { color rgbt <1,0,0,0> }
	no_shadow
}

// nucleotide -1

// particle -1
sphere {
	<19.934160, 21.651205, 0.751363> 0.250000
	pigment { color rgbt <1,0,0,0> }
	no_shadow
}
cylinder {
	<19.544716, 21.686081, 0.667002>,  <19.311049, 21.707006, 0.616385>, 0.100000
	pigment { color rgbt <1,0,0,0> }
	no_shadow
}
cylinder {
	<19.544716, 21.686081, 0.667002>,  <19.934160, 21.651205, 0.751363>, 0.100000
	pigment { color rgbt <1,0,0,0> }
	no_shadow
}

// particle -1
sphere {
	<19.544716, 21.686081, 0.667002> 0.100000
	pigment { color rgbt <1,0,0,0> }
	no_shadow
}
sphere {
	0, 1
	scale<0.080000,0.200000,0.300000>
	matrix <-0.213553, -0.022178, 0.976680,
		0.080481, 0.995944, 0.040213,
		-0.973611, 0.087192, -0.210902,
		19.252632, 21.712238, 0.603731>
	pigment { color rgbt <0,1,1,0> }
	no_shadow
}
cylinder {
	<19.767311, 21.673679, 1.481210>,  <19.934160, 21.651205, 0.751363>, 0.130000
	pigment { color rgbt <1,0,0,0> }
	no_shadow
}

// nucleotide -1

// particle -1
sphere {
	<19.767311, 21.673679, 1.481210> 0.250000
	pigment { color rgbt <1,0,0,0> }
	no_shadow
}
cylinder {
	<19.893066, 21.876198, 1.802414>,  <19.968519, 21.997709, 1.995137>, 0.100000
	pigment { color rgbt <1,0,0,0> }
	no_shadow
}
cylinder {
	<19.893066, 21.876198, 1.802414>,  <19.767311, 21.673679, 1.481210>, 0.100000
	pigment { color rgbt <1,0,0,0> }
	no_shadow
}

// particle -1
sphere {
	<19.893066, 21.876198, 1.802414> 0.100000
	pigment { color rgbt <1,0,0,0> }
	no_shadow
}
sphere {
	0, 1
	scale<0.080000,0.200000,0.300000>
	matrix <-0.455240, -0.661879, 0.595544,
		0.833017, -0.552793, 0.022401,
		0.314386, 0.506297, 0.803010,
		19.987383, 22.028088, 2.043317>
	pigment { color rgbt <0,1,1,0> }
	no_shadow
}
cylinder {
	<20.237549, 21.212101, 1.845791>,  <19.767311, 21.673679, 1.481210>, 0.130000
	pigment { color rgbt <1,0,0,0> }
	no_shadow
}

// nucleotide -1

// particle -1
sphere {
	<20.237549, 21.212101, 1.845791> 0.250000
	pigment { color rgbt <1,0,0,0> }
	no_shadow
}
cylinder {
	<20.007484, 21.468933, 2.048540>,  <19.869446, 21.623034, 2.170189>, 0.100000
	pigment { color rgbt <1,0,0,0> }
	no_shadow
}
cylinder {
	<20.007484, 21.468933, 2.048540>,  <20.237549, 21.212101, 1.845791>, 0.100000
	pigment { color rgbt <1,0,0,0> }
	no_shadow
}

// particle -1
sphere {
	<20.007484, 21.468933, 2.048540> 0.100000
	pigment { color rgbt <1,0,0,0> }
	no_shadow
}
sphere {
	0, 1
	scale<0.080000,0.200000,0.300000>
	matrix <-0.364731, -0.755903, 0.543674,
		0.732230, 0.127828, 0.668954,
		-0.575161, 0.642083, 0.506872,
		19.834936, 21.661558, 2.200602>
	pigment { color rgbt <0,1,1,0> }
	no_shadow
}
cylinder {
	<19.937386, 20.778625, 2.274539>,  <20.237549, 21.212101, 1.845791>, 0.130000
	pigment { color rgbt <1,0,0,0> }
	no_shadow
}

// nucleotide -1

// particle -1
sphere {
	<19.937386, 20.778625, 2.274539> 0.250000
	pigment { color rgbt <1,0,0,0> }
	no_shadow
}
cylinder {
	<19.773579, 21.105766, 2.436235>,  <19.675295, 21.302052, 2.533252>, 0.100000
	pigment { color rgbt <1,0,0,0> }
	no_shadow
}
cylinder {
	<19.773579, 21.105766, 2.436235>,  <19.937386, 20.778625, 2.274539>, 0.100000
	pigment { color rgbt <1,0,0,0> }
	no_shadow
}

// particle -1
sphere {
	<19.773579, 21.105766, 2.436235> 0.100000
	pigment { color rgbt <1,0,0,0> }
	no_shadow
}
sphere {
	0, 1
	scale<0.080000,0.200000,0.300000>
	matrix <-0.260869, -0.529574, 0.807154,
		0.874209, 0.225091, 0.430223,
		-0.409519, 0.817854, 0.404240,
		19.650723, 21.351122, 2.557507>
	pigment { color rgbt <0,1,1,0> }
	no_shadow
}
cylinder {
	<20.338011, 21.009745, 2.899475>,  <19.937386, 20.778625, 2.274539>, 0.130000
	pigment { color rgbt <1,0,0,0> }
	no_shadow
}

// nucleotide -1

// particle -1
sphere {
	<20.338011, 21.009745, 2.899475> 0.250000
	pigment { color rgbt <1,0,0,0> }
	no_shadow
}
cylinder {
	<19.947880, 21.097927, 2.894777>,  <19.713802, 21.150837, 2.891958>, 0.100000
	pigment { color rgbt <1,0,0,0> }
	no_shadow
}
cylinder {
	<19.947880, 21.097927, 2.894777>,  <20.338011, 21.009745, 2.899475>, 0.100000
	pigment { color rgbt <1,0,0,0> }
	no_shadow
}

// particle -1
sphere {
	<19.947880, 21.097927, 2.894777> 0.100000
	pigment { color rgbt <1,0,0,0> }
	no_shadow
}
sphere {
	0, 1
	scale<0.080000,0.200000,0.300000>
	matrix <-0.112915, -0.452419, 0.884628,
		0.189708, 0.864127, 0.466149,
		-0.975326, 0.220456, -0.011745,
		19.655281, 21.164064, 2.891254>
	pigment { color rgbt <0,1,1,0> }
	no_shadow
}
cylinder {
	<20.143641, 21.342205, 3.476048>,  <20.338011, 21.009745, 2.899475>, 0.130000
	pigment { color rgbt <1,0,0,0> }
	no_shadow
}

// nucleotide -1

// particle -1
sphere {
	<20.143641, 21.342205, 3.476048> 0.250000
	pigment { color rgbt <1,0,0,0> }
	no_shadow
}
cylinder {
	<19.812649, 21.151493, 3.357415>,  <19.614054, 21.037066, 3.286235>, 0.100000
	pigment { color rgbt <1,0,0,0> }
	no_shadow
}
cylinder {
	<19.812649, 21.151493, 3.357415>,  <20.143641, 21.342205, 3.476048>, 0.100000
	pigment { color rgbt <1,0,0,0> }
	no_shadow
}

// particle -1
sphere {
	<19.812649, 21.151493, 3.357415> 0.100000
	pigment { color rgbt <1,0,0,0> }
	no_shadow
}
sphere {
	0, 1
	scale<0.080000,0.200000,0.300000>
	matrix <0.075683, -0.618085, 0.782460,
		-0.556375, 0.625022, 0.547535,
		-0.827478, -0.476780, -0.296583,
		19.564405, 21.008459, 3.268440>
	pigment { color rgbt <0,1,1,0> }
	no_shadow
}
cylinder {
	<19.600897, 21.351337, 3.978586>,  <20.143641, 21.342205, 3.476048>, 0.130000
	pigment { color rgbt <1,0,0,0> }
	no_shadow
}

// nucleotide -1

// particle -1
sphere {
	<19.600897, 21.351337, 3.978586> 0.250000
	pigment { color rgbt <1,0,0,0> }
	no_shadow
}
cylinder {
	<19.570744, 21.023209, 3.751821>,  <19.552652, 20.826332, 3.615762>, 0.100000
	pigment { color rgbt <1,0,0,0> }
	no_shadow
}
cylinder {
	<19.570744, 21.023209, 3.751821>,  <19.600897, 21.351337, 3.978586>, 0.100000
	pigment { color rgbt <1,0,0,0> }
	no_shadow
}

// particle -1
sphere {
	<19.570744, 21.023209, 3.751821> 0.100000
	pigment { color rgbt <1,0,0,0> }
	no_shadow
}
sphere {
	0, 1
	scale<0.080000,0.200000,0.300000>
	matrix <0.141084, -0.571584, 0.808323,
		-0.987124, -0.019050, 0.158821,
		-0.075381, -0.820322, -0.566912,
		19.548130, 20.777111, 3.581748>
	pigment { color rgbt <0,1,1,0> }
	no_shadow
}
cylinder {
	<19.049580, 20.928511, 4.276376>,  <19.600897, 21.351337, 3.978586>, 0.130000
	pigment { color rgbt <1,0,0,0> }
	no_shadow
}

// nucleotide -1

// particle -1
sphere {
	<19.049580, 20.928511, 4.276376> 0.250000
	pigment { color rgbt <1,0,0,0> }
	no_shadow
}
cylinder {
	<19.323601, 20.727768, 4.065153>,  <19.488012, 20.607323, 3.938419>, 0.100000
	pigment { color rgbt <1,0,0,0> }
	no_shadow
}
cylinder {
	<19.323601, 20.727768, 4.065153>,  <19.049580, 20.928511, 4.276376>, 0.100000
	pigment { color rgbt <1,0,0,0> }
	no_shadow
}

// particle -1
sphere {
	<19.323601, 20.727768, 4.065153> 0.100000
	pigment { color rgbt <1,0,0,0> }
	no_shadow
}
sphere {
	0, 1
	scale<0.080000,0.200000,0.300000>
	matrix <0.110123, -0.645193, 0.756041,
		-0.720124, -0.576078, -0.386724,
		0.685051, -0.501856, -0.528058,
		19.529116, 20.577211, 3.906735>
	pigment { color rgbt <0,1,1,0> }
	no_shadow
}
cylinder {
	<18.990288, 20.209917, 4.398157>,  <19.049580, 20.928511, 4.276376>, 0.130000
	pigment { color rgbt <1,0,0,0> }
	no_shadow
}

// nucleotide -1

// particle -1
sphere {
	<18.990288, 20.209917, 4.398157> 0.250000
	pigment { color rgbt <1,0,0,0> }
	no_shadow
}
cylinder {
	<19.368240, 20.251881, 4.274094>,  <19.595011, 20.277060, 4.199656>, 0.100000
	pigment { color rgbt <1,0,0,0> }
	no_shadow
}
cylinder {
	<19.368240, 20.251881, 4.274094>,  <18.990288, 20.209917, 4.398157>, 0.100000
	pigment { color rgbt <1,0,0,0> }
	no_shadow
}

// particle -1
sphere {
	<19.368240, 20.251881, 4.274094> 0.100000
	pigment { color rgbt <1,0,0,0> }
	no_shadow
}
sphere {
	0, 1
	scale<0.080000,0.200000,0.300000>
	matrix <0.315517, -0.544824, 0.776927,
		-0.087474, -0.831962, -0.547893,
		0.944879, 0.104908, -0.310156,
		19.651705, 20.283354, 4.181047>
	pigment { color rgbt <0,1,1,0> }
	no_shadow
}
cylinder {
	<19.229921, 19.651115, 4.664745>,  <18.990288, 20.209917, 4.398157>, 0.130000
	pigment { color rgbt <1,0,0,0> }
	no_shadow
}

// nucleotide -1

// particle -1
sphere {
	<19.229921, 19.651115, 4.664745> 0.250000
	pigment { color rgbt <1,0,0,0> }
	no_shadow
}
cylinder {
	<19.571609, 19.832275, 4.562620>,  <19.776623, 19.940971, 4.501344>, 0.100000
	pigment { color rgbt <1,0,0,0> }
	no_shadow
}
cylinder {
	<19.571609, 19.832275, 4.562620>,  <19.229921, 19.651115, 4.664745>, 0.100000
	pigment { color rgbt <1,0,0,0> }
	no_shadow
}

// particle -1
sphere {
	<19.571609, 19.832275, 4.562620> 0.100000
	pigment { color rgbt <1,0,0,0> }
	no_shadow
}
sphere {
	0, 1
	scale<0.080000,0.200000,0.300000>
	matrix <0.477912, -0.490662, 0.728595,
		0.204709, -0.744399, -0.635582,
		0.854221, 0.452902, -0.255314,
		19.827875, 19.968145, 4.486025>
	pigment { color rgbt <0,1,1,0> }
	no_shadow
}
cylinder {
	<19.750734, 19.171389, 4.786025>,  <19.229921, 19.651115, 4.664745>, 0.130000
	pigment { color rgbt <1,0,0,0> }
	no_shadow
}

// nucleotide -1

// particle -1
sphere {
	<19.750734, 19.171389, 4.786025> 0.250000
	pigment { color rgbt <1,0,0,0> }
	no_shadow
}
cylinder {
	<19.982243, 19.490284, 4.717399>,  <20.121147, 19.681622, 4.676223>, 0.100000
	pigment { color rgbt <1,0,0,0> }
	no_shadow
}
cylinder {
	<19.982243, 19.490284, 4.717399>,  <19.750734, 19.171389, 4.786025>, 0.100000
	pigment { color rgbt <1,0,0,0> }
	no_shadow
}

// particle -1
sphere {
	<19.982243, 19.490284, 4.717399> 0.100000
	pigment { color rgbt <1,0,0,0> }
	no_shadow
}
sphere {
	0, 1
	scale<0.080000,0.200000,0.300000>
	matrix <0.607459, -0.281115, 0.742945,
		0.544075, -0.534214, -0.646991,
		0.578771, 0.797238, -0.171566,
		20.155874, 19.729456, 4.665929>
	pigment { color rgbt <0,1,1,0> }
	no_shadow
}
cylinder {
	<20.459311, 18.993921, 4.826961>,  <19.750734, 19.171389, 4.786025>, 0.130000
	pigment { color rgbt <1,0,0,0> }
	no_shadow
}

// nucleotide -1

// particle -1
sphere {
	<20.459311, 18.993921, 4.826961> 0.250000
	pigment { color rgbt <1,0,0,0> }
	no_shadow
}
cylinder {
	<20.409817, 19.374401, 4.940037>,  <20.380119, 19.602688, 5.007882>, 0.100000
	pigment { color rgbt <1,0,0,0> }
	no_shadow
}
cylinder {
	<20.409817, 19.374401, 4.940037>,  <20.459311, 18.993921, 4.826961>, 0.100000
	pigment { color rgbt <1,0,0,0> }
	no_shadow
}

// particle -1
sphere {
	<20.409817, 19.374401, 4.940037> 0.100000
	pigment { color rgbt <1,0,0,0> }
	no_shadow
}
sphere {
	0, 1
	scale<0.080000,0.200000,0.300000>
	matrix <0.601416, -0.154709, 0.783813,
		0.789296, 0.267000, -0.552922,
		-0.123736, 0.951197, 0.282689,
		20.372696, 19.659760, 5.024844>
	pigment { color rgbt <0,1,1,0> }
	no_shadow
}
cylinder {
	<21.109131, 19.303974, 4.823723>,  <20.459311, 18.993921, 4.826961>, 0.130000
	pigment { color rgbt <1,0,0,0> }
	no_shadow
}

// nucleotide -1

// particle -1
sphere {
	<21.109131, 19.303974, 4.823723> 0.250000
	pigment { color rgbt <1,0,0,0> }
	no_shadow
}
cylinder {
	<20.872395, 19.510029, 5.071709>,  <20.730352, 19.633663, 5.220500>, 0.100000
	pigment { color rgbt <1,0,0,0> }
	no_shadow
}
cylinder {
	<20.872395, 19.510029, 5.071709>,  <21.109131, 19.303974, 4.823723>, 0.100000
	pigment { color rgbt <1,0,0,0> }
	no_shadow
}

// particle -1
sphere {
	<20.872395, 19.510029, 5.071709> 0.100000
	pigment { color rgbt <1,0,0,0> }
	no_shadow
}
sphere {
	0, 1
	scale<0.080000,0.200000,0.300000>
	matrix <0.712403, -0.025536, 0.701306,
		0.377102, 0.856726, -0.351873,
		-0.591842, 0.515139, 0.619964,
		20.694841, 19.664570, 5.257698>
	pigment { color rgbt <0,1,1,0> }
	no_shadow
}
cylinder {
	<21.404953, 19.987177, 5.027313>,  <21.109131, 19.303974, 4.823723>, 0.130000
	pigment { color rgbt <1,0,0,0> }
	no_shadow
}

// nucleotide -1

// particle -1
sphere {
	<21.404953, 19.987177, 5.027313> 0.250000
	pigment { color rgbt <1,0,0,0> }
	no_shadow
}
cylinder {
	<21.149643, 19.868900, 5.311615>,  <20.996456, 19.797935, 5.482196>, 0.100000
	pigment { color rgbt <1,0,0,0> }
	no_shadow
}
cylinder {
	<21.149643, 19.868900, 5.311615>,  <21.404953, 19.987177, 5.027313>, 0.100000
	pigment { color rgbt <1,0,0,0> }
	no_shadow
}

// particle -1
sphere {
	<21.149643, 19.868900, 5.311615> 0.100000
	pigment { color rgbt <1,0,0,0> }
	no_shadow
}
sphere {
	0, 1
	scale<0.080000,0.200000,0.300000>
	matrix <0.743691, 0.001606, 0.668521,
		-0.198817, 0.955283, 0.218877,
		-0.638275, -0.295690, 0.710755,
		20.958160, 19.780193, 5.524841>
	pigment { color rgbt <0,1,1,0> }
	no_shadow
}
cylinder {
	<21.838371, 20.151775, 5.561044>,  <21.404953, 19.987177, 5.027313>, 0.130000
	pigment { color rgbt <1,0,0,0> }
	no_shadow
}

// nucleotide -1

// particle -1
sphere {
	<21.838371, 20.151775, 5.561044> 0.250000
	pigment { color rgbt <1,0,0,0> }
	no_shadow
}
cylinder {
	<21.581161, 19.886803, 5.714773>,  <21.426836, 19.727819, 5.807011>, 0.100000
	pigment { color rgbt <1,0,0,0> }
	no_shadow
}
cylinder {
	<21.581161, 19.886803, 5.714773>,  <21.838371, 20.151775, 5.561044>, 0.100000
	pigment { color rgbt <1,0,0,0> }
	no_shadow
}

// particle -1
sphere {
	<21.581161, 19.886803, 5.714773> 0.100000
	pigment { color rgbt <1,0,0,0> }
	no_shadow
}
sphere {
	0, 1
	scale<0.080000,0.200000,0.300000>
	matrix <0.656523, -0.218413, 0.721992,
		-0.394329, 0.716577, 0.575346,
		-0.643026, -0.662430, 0.384323,
		21.388254, 19.688074, 5.830070>
	pigment { color rgbt <0,1,1,0> }
	no_shadow
}
cylinder {
	<21.797035, 20.394537, 6.245483>,  <21.838371, 20.151775, 5.561044>, 0.130000
	pigment { color rgbt <1,0,0,0> }
	no_shadow
}

// nucleotide -1

// particle -1
sphere {
	<21.797035, 20.394537, 6.245483> 0.250000
	pigment { color rgbt <1,0,0,0> }
	no_shadow
}
cylinder {
	<21.733444, 20.005413, 6.178115>,  <21.695290, 19.771938, 6.137694>, 0.100000
	pigment { color rgbt <1,0,0,0> }
	no_shadow
}
cylinder {
	<21.733444, 20.005413, 6.178115>,  <21.797035, 20.394537, 6.245483>, 0.100000
	pigment { color rgbt <1,0,0,0> }
	no_shadow
}

// particle -1
sphere {
	<21.733444, 20.005413, 6.178115> 0.100000
	pigment { color rgbt <1,0,0,0> }
	no_shadow
}
sphere {
	0, 1
	scale<0.080000,0.200000,0.300000>
	matrix <0.643285, -0.231474, 0.729797,
		-0.748940, 0.007678, 0.662593,
		-0.158977, -0.972811, -0.168421,
		21.685751, 19.713570, 6.127588>
	pigment { color rgbt <0,1,1,0> }
	no_shadow
}
cylinder {
	<21.449453, 19.958204, 6.811213>,  <21.797035, 20.394537, 6.245483>, 0.130000
	pigment { color rgbt <1,0,0,0> }
	no_shadow
}

// nucleotide -1

// particle -1
sphere {
	<21.449453, 19.958204, 6.811213> 0.250000
	pigment { color rgbt <1,0,0,0> }
	no_shadow
}
cylinder {
	<21.722748, 19.716354, 6.647448>,  <21.886724, 19.571245, 6.549189>, 0.100000
	pigment { color rgbt <1,0,0,0> }
	no_shadow
}
cylinder {
	<21.722748, 19.716354, 6.647448>,  <21.449453, 19.958204, 6.811213>, 0.100000
	pigment { color rgbt <1,0,0,0> }
	no_shadow
}

// particle -1
sphere {
	<21.722748, 19.716354, 6.647448> 0.100000
	pigment { color rgbt <1,0,0,0> }
	no_shadow
}
sphere {
	0, 1
	scale<0.080000,0.200000,0.300000>
	matrix <0.487987, -0.039016, 0.871979,
		-0.543194, -0.795554, 0.268392,
		0.683235, -0.604625, -0.409413,
		21.927719, 19.534967, 6.524624>
	pigment { color rgbt <0,1,1,0> }
	no_shadow
}
cylinder {
	<21.496597, 19.247814, 7.134039>,  <21.449453, 19.958204, 6.811213>, 0.130000
	pigment { color rgbt <1,0,0,0> }
	no_shadow
}

// nucleotide -1

// particle -1
sphere {
	<21.496597, 19.247814, 7.134039> 0.250000
	pigment { color rgbt <1,0,0,0> }
	no_shadow
}
cylinder {
	<21.837448, 19.391773, 6.982065>,  <22.041960, 19.478148, 6.890881>, 0.100000
	pigment { color rgbt <1,0,0,0> }
	no_shadow
}
cylinder {
	<21.837448, 19.391773, 6.982065>,  <21.496597, 19.247814, 7.134039>, 0.100000
	pigment { color rgbt <1,0,0,0> }
	no_shadow
}

// particle -1
sphere {
	<21.837448, 19.391773, 6.982065> 0.100000
	pigment { color rgbt <1,0,0,0> }
	no_shadow
}
sphere {
	0, 1
	scale<0.080000,0.200000,0.300000>
	matrix <0.398153, 0.025318, 0.916970,
		0.339634, -0.932649, -0.121720,
		0.852129, 0.359897, -0.379936,
		22.093086, 19.499743, 6.868084>
	pigment { color rgbt <0,1,1,0> }
	no_shadow
}
cylinder {
	<21.857862, 18.758444, 7.414681>,  <21.496597, 19.247814, 7.134039>, 0.130000
	pigment { color rgbt <1,0,0,0> }
	no_shadow
}

// nucleotide -1

// particle -1
sphere {
	<21.857862, 18.758444, 7.414681> 0.250000
	pigment { color rgbt <1,0,0,0> }
	no_shadow
}
cylinder {
	<21.995796, 19.133781, 7.404862>,  <22.078556, 19.358984, 7.398971>, 0.100000
	pigment { color rgbt <1,0,0,0> }
	no_shadow
}
cylinder {
	<21.995796, 19.133781, 7.404862>,  <21.857862, 18.758444, 7.414681>, 0.100000
	pigment { color rgbt <1,0,0,0> }
	no_shadow
}

// particle -1
sphere {
	<21.995796, 19.133781, 7.404862> 0.100000
	pigment { color rgbt <1,0,0,0> }
	no_shadow
}
sphere {
	0, 1
	scale<0.080000,0.200000,0.300000>
	matrix <0.119910, -0.018100, 0.992620,
		0.930973, -0.345232, -0.118758,
		0.344834, 0.938343, -0.024547,
		22.099247, 19.415285, 7.397499>
	pigment { color rgbt <0,1,1,0> }
	no_shadow
}
cylinder {
	<22.382748, 18.836887, 7.951165>,  <21.857862, 18.758444, 7.414681>, 0.130000
	pigment { color rgbt <1,0,0,0> }
	no_shadow
}

// nucleotide -1

// particle -1
sphere {
	<22.382748, 18.836887, 7.951165> 0.250000
	pigment { color rgbt <1,0,0,0> }
	no_shadow
}
cylinder {
	<22.319374, 19.229721, 7.910361>,  <22.281349, 19.465422, 7.885880>, 0.100000
	pigment { color rgbt <1,0,0,0> }
	no_shadow
}
cylinder {
	<22.319374, 19.229721, 7.910361>,  <22.382748, 18.836887, 7.951165>, 0.100000
	pigment { color rgbt <1,0,0,0> }
	no_shadow
}

// particle -1
sphere {
	<22.319374, 19.229721, 7.910361> 0.100000
	pigment { color rgbt <1,0,0,0> }
	no_shadow
}
sphere {
	0, 1
	scale<0.080000,0.200000,0.300000>
	matrix <0.119328, 0.121601, 0.985380,
		0.980132, 0.143946, -0.136456,
		-0.158435, 0.982086, -0.102008,
		22.271843, 19.524347, 7.879759>
	pigment { color rgbt <0,1,1,0> }
	no_shadow
}
cylinder {
	<22.857233, 19.263088, 8.314450>,  <22.382748, 18.836887, 7.951165>, 0.130000
	pigment { color rgbt <1,0,0,0> }
	no_shadow
}

// nucleotide -1

// particle -1
sphere {
	<22.857233, 19.263088, 8.314450> 0.250000
	pigment { color rgbt <1,0,0,0> }
	no_shadow
}
cylinder {
	<22.546497, 19.511570, 8.273219>,  <22.360056, 19.660660, 8.248481>, 0.100000
	pigment { color rgbt <1,0,0,0> }
	no_shadow
}
cylinder {
	<22.546497, 19.511570, 8.273219>,  <22.857233, 19.263088, 8.314450>, 0.100000
	pigment { color rgbt <1,0,0,0> }
	no_shadow
}

// particle -1
sphere {
	<22.546497, 19.511570, 8.273219> 0.100000
	pigment { color rgbt <1,0,0,0> }
	no_shadow
}
sphere {
	0, 1
	scale<0.080000,0.200000,0.300000>
	matrix <0.043824, 0.216631, 0.975269,
		0.628173, 0.753110, -0.195511,
		-0.776839, 0.621206, -0.103078,
		22.313446, 19.697931, 8.242295>
	pigment { color rgbt <0,1,1,0> }
	no_shadow
}
cylinder {
	<23.071043, 19.804409, 8.612341>,  <22.857233, 19.263088, 8.314450>, 0.130000
	pigment { color rgbt <1,0,0,0> }
	no_shadow
}

// nucleotide -1

// particle -1
sphere {
	<23.071043, 19.804409, 8.612341> 0.250000
	pigment { color rgbt <1,0,0,0> }
	no_shadow
}
cylinder {
	<22.687458, 19.914688, 8.585850>,  <22.457308, 19.980856, 8.569955>, 0.100000
	pigment { color rgbt <1,0,0,0> }
	no_shadow
}
cylinder {
	<22.687458, 19.914688, 8.585850>,  <23.071043, 19.804409, 8.612341>, 0.100000
	pigment { color rgbt <1,0,0,0> }
	no_shadow
}

// particle -1
sphere {
	<22.687458, 19.914688, 8.585850> 0.100000
	pigment { color rgbt <1,0,0,0> }
	no_shadow
}
sphere {
	0, 1
	scale<0.080000,0.200000,0.300000>
	matrix <0.080618, 0.489047, 0.868524,
		0.271839, 0.827541, -0.491203,
		-0.958960, 0.275698, -0.066227,
		22.399771, 19.997398, 8.565982>
	pigment { color rgbt <0,1,1,0> }
	no_shadow
}
cylinder {
	<23.166651, 20.503384, 8.650763>,  <23.071043, 19.804409, 8.612341>, 0.130000
	pigment { color rgbt <1,0,0,0> }
	no_shadow
}

// nucleotide -1

// particle -1
sphere {
	<23.166651, 20.503384, 8.650763> 0.250000
	pigment { color rgbt <1,0,0,0> }
	no_shadow
}
cylinder {
	<22.800751, 20.387688, 8.763599>,  <22.581211, 20.318270, 8.831302>, 0.100000
	pigment { color rgbt <1,0,0,0> }
	no_shadow
}
cylinder {
	<22.800751, 20.387688, 8.763599>,  <23.166651, 20.503384, 8.650763>, 0.100000
	pigment { color rgbt <1,0,0,0> }
	no_shadow
}

// particle -1
sphere {
	<22.800751, 20.387688, 8.763599> 0.100000
	pigment { color rgbt <1,0,0,0> }
	no_shadow
}
sphere {
	0, 1
	scale<0.080000,0.200000,0.300000>
	matrix <0.120138, 0.471896, 0.873431,
		-0.385750, 0.832859, -0.396917,
		-0.914748, -0.289241, 0.282092,
		22.526327, 20.300915, 8.848227>
	pigment { color rgbt <0,1,1,0> }
	no_shadow
}
cylinder {
	<22.900620, 21.037666, 9.093638>,  <23.166651, 20.503384, 8.650763>, 0.130000
	pigment { color rgbt <1,0,0,0> }
	no_shadow
}

// nucleotide -1

// particle -1
sphere {
	<22.900620, 21.037666, 9.093638> 0.250000
	pigment { color rgbt <1,0,0,0> }
	no_shadow
}
cylinder {
	<22.659977, 20.724693, 9.157978>,  <22.515591, 20.536909, 9.196582>, 0.100000
	pigment { color rgbt <1,0,0,0> }
	no_shadow
}
cylinder {
	<22.659977, 20.724693, 9.157978>,  <22.900620, 21.037666, 9.093638>, 0.100000
	pigment { color rgbt <1,0,0,0> }
	no_shadow
}

// particle -1
sphere {
	<22.659977, 20.724693, 9.157978> 0.100000
	pigment { color rgbt <1,0,0,0> }
	no_shadow
}
sphere {
	0, 1
	scale<0.080000,0.200000,0.300000>
	matrix <-0.097539, 0.271814, 0.957394,
		-0.792816, 0.560285, -0.239843,
		-0.601606, -0.782431, 0.160849,
		22.479496, 20.489964, 9.206233>
	pigment { color rgbt <0,1,1,0> }
	no_shadow
}
cylinder {
	<22.337132, 21.325348, 9.403090>,  <22.900620, 21.037666, 9.093638>, 0.130000
	pigment { color rgbt <1,0,0,0> }
	no_shadow
}

// nucleotide -1

// particle -1
sphere {
	<22.337132, 21.325348, 9.403090> 0.250000
	pigment { color rgbt <1,0,0,0> }
	no_shadow
}
cylinder {
	<22.366272, 20.940571, 9.508432>,  <22.383757, 20.709703, 9.571638>, 0.100000
	pigment { color rgbt <1,0,0,0> }
	no_shadow
}
cylinder {
	<22.366272, 20.940571, 9.508432>,  <22.337132, 21.325348, 9.403090>, 0.100000
	pigment { color rgbt <1,0,0,0> }
	no_shadow
}

// particle -1
sphere {
	<22.366272, 20.940571, 9.508432> 0.100000
	pigment { color rgbt <1,0,0,0> }
	no_shadow
}
sphere {
	0, 1
	scale<0.080000,0.200000,0.300000>
	matrix <-0.106708, 0.255024, 0.961029,
		-0.991618, -0.098114, -0.084068,
		0.072851, -0.961944, 0.263356,
		22.388128, 20.651987, 9.587440>
	pigment { color rgbt <0,1,1,0> }
	no_shadow
}
cylinder {
	<21.702053, 21.201380, 9.742672>,  <22.337132, 21.325348, 9.403090>, 0.130000
	pigment { color rgbt <1,0,0,0> }
	no_shadow
}

// nucleotide -1

// particle -1
sphere {
	<21.702053, 21.201380, 9.742672> 0.250000
	pigment { color rgbt <1,0,0,0> }
	no_shadow
}
cylinder {
	<21.980343, 20.943451, 9.869270>,  <22.147316, 20.788692, 9.945230>, 0.100000
	pigment { color rgbt <1,0,0,0> }
	no_shadow
}
cylinder {
	<21.980343, 20.943451, 9.869270>,  <21.702053, 21.201380, 9.742672>, 0.100000
	pigment { color rgbt <1,0,0,0> }
	no_shadow
}

// particle -1
sphere {
	<21.980343, 20.943451, 9.869270> 0.100000
	pigment { color rgbt <1,0,0,0> }
	no_shadow
}
sphere {
	0, 1
	scale<0.080000,0.200000,0.300000>
	matrix <-0.234014, 0.213106, 0.948590,
		-0.679121, -0.734022, -0.002634,
		0.695724, -0.644824, 0.316496,
		22.189060, 20.750004, 9.964219>
	pigment { color rgbt <0,1,1,0> }
	no_shadow
}
cylinder {
	<21.352617, 20.719360, 10.189721>,  <21.702053, 21.201380, 9.742672>, 0.130000
	pigment { color rgbt <1,0,0,0> }
	no_shadow
}

// nucleotide -1

// particle -1
sphere {
	<21.352617, 20.719360, 10.189721> 0.250000
	pigment { color rgbt <1,0,0,0> }
	no_shadow
}
cylinder {
	<21.736660, 20.641541, 10.270062>,  <21.967087, 20.594849, 10.318268>, 0.100000
	pigment { color rgbt <1,0,0,0> }
	no_shadow
}
cylinder {
	<21.736660, 20.641541, 10.270062>,  <21.352617, 20.719360, 10.189721>, 0.100000
	pigment { color rgbt <1,0,0,0> }
	no_shadow
}

// particle -1
sphere {
	<21.736660, 20.641541, 10.270062> 0.100000
	pigment { color rgbt <1,0,0,0> }
	no_shadow
}
sphere {
	0, 1
	scale<0.080000,0.200000,0.300000>
	matrix <-0.213753, -0.047528, 0.975731,
		-0.180286, -0.979740, -0.087219,
		0.960107, -0.194554, 0.200853,
		22.024693, 20.583176, 10.330318>
	pigment { color rgbt <0,1,1,0> }
	no_shadow
}
cylinder {
	<21.371941, 20.225176, 10.792524>,  <21.352617, 20.719360, 10.189721>, 0.130000
	pigment { color rgbt <1,0,0,0> }
	no_shadow
}

// nucleotide -1

// particle -1
sphere {
	<21.371941, 20.225176, 10.792524> 0.250000
	pigment { color rgbt <1,0,0,0> }
	no_shadow
}
cylinder {
	<21.736195, 20.389648, 10.776162>,  <21.954746, 20.488333, 10.766345>, 0.100000
	pigment { color rgbt <1,0,0,0> }
	no_shadow
}
cylinder {
	<21.736195, 20.389648, 10.776162>,  <21.371941, 20.225176, 10.792524>, 0.100000
	pigment { color rgbt <1,0,0,0> }
	no_shadow
}

// particle -1
sphere {
	<21.736195, 20.389648, 10.776162> 0.100000
	pigment { color rgbt <1,0,0,0> }
	no_shadow
}
sphere {
	0, 1
	scale<0.080000,0.200000,0.300000>
	matrix <0.063768, -0.042034, 0.997079,
		0.408262, -0.910584, -0.064498,
		0.910635, 0.411182, -0.040906,
		22.009384, 20.513002, 10.763890>
	pigment { color rgbt <0,1,1,0> }
	no_shadow
}
cylinder {
	<21.805241, 19.757065, 11.122932>,  <21.371941, 20.225176, 10.792524>, 0.130000
	pigment { color rgbt <1,0,0,0> }
	no_shadow
}

// nucleotide -1

// particle -1
sphere {
