// switches for output
#declare DRAW_BASES = 1; // possible values are 0, 1; only relevant for DNA ribbons
#declare DRAW_BASES_TYPE = 3; // possible values are 1, 2, 3; only relevant for DNA ribbons
#declare DRAW_FOG = 0; // set to 1 to enable fog

#include "colors.inc"

#include "transforms.inc"
background { rgb <1, 1, 1>}

#default {
   normal{
       ripples 0.25
       frequency 0.20
       turbulence 0.2
       lambda 5
   }
	finish {
		phong 0.1
		phong_size 40.
	}
}

// original window dimensions: 1024x640


// camera settings

camera {
	sky <-0, 1, 0>
	up <-0, 1, 0>
	right 1.6 * <1, 0, 0>
	location <18.5, 18.5, 82.5562>
	look_at <18.5, 18.5, 18.5>
	direction <0, 0, -64.0562>
	angle 67.0682
}


# declare cpy_camera_pos = <18.5, 18.5, 82.5562>;
# if (DRAW_FOG = 1)
fog {
	fog_type 2
	up vnormalize(cpy_camera_pos)
	color rgbt<1,1,1,0.3>
	distance 1e-5
	fog_alt 3e-3
	fog_offset 29.6
}
# end


// LIGHTS

# declare lum = 6;
global_settings {
	ambient_light rgb lum * <0.05, 0.05, 0.05>
	max_trace_level 15
}# declare cpy_direct_light_amount = 0.25;
light_source
{	1000 * <-1, -1, 1>,
	rgb lum * cpy_direct_light_amount
	parallel
}

light_source
{	1000 * <1, 1, -1>,
	rgb lum * cpy_direct_light_amount
	parallel
}

// strand 0

// nucleotide -1

// particle -1
sphere {
	<22.387535, 16.742506, -1.784424> 0.250000
	pigment { color rgbt <1,0,0,0> }
	no_shadow
}
cylinder {
	<22.603111, 16.934471, -2.061329>,  <22.732458, 17.049650, -2.227472>, 0.100000
	pigment { color rgbt <1,0,0,0> }
	no_shadow
}
cylinder {
	<22.603111, 16.934471, -2.061329>,  <22.387535, 16.742506, -1.784424>, 0.100000
	pigment { color rgbt <1,0,0,0> }
	no_shadow
}

// particle -1
sphere {
	<22.603111, 16.934471, -2.061329> 0.100000
	pigment { color rgbt <1,0,0,0> }
	no_shadow
}
sphere {
	0, 1
	scale<0.080000,0.200000,0.300000>
	matrix <-0.112801, 0.855546, 0.505289,
		0.834756, -0.194234, 0.515225,
		0.538943, 0.479910, -0.692262,
		22.764793, 17.078444, -2.269008>
	pigment { color rgbt <0,1,1,0> }
	no_shadow
}
cylinder {
	<21.917410, 16.876261, -1.255586>,  <22.387535, 16.742506, -1.784424>, 0.130000
	pigment { color rgbt <1,0,0,0> }
	no_shadow
}

// nucleotide -1

// particle -1
sphere {
	<21.917410, 16.876261, -1.255586> 0.250000
	pigment { color rgbt <1,0,0,0> }
	no_shadow
}
cylinder {
	<21.962475, 16.646343, -0.931384>,  <21.989513, 16.508392, -0.736863>, 0.100000
	pigment { color rgbt <1,0,0,0> }
	no_shadow
}
cylinder {
	<21.962475, 16.646343, -0.931384>,  <21.917410, 16.876261, -1.255586>, 0.100000
	pigment { color rgbt <1,0,0,0> }
	no_shadow
}

// particle -1
sphere {
	<21.962475, 16.646343, -0.931384> 0.100000
	pigment { color rgbt <1,0,0,0> }
	no_shadow
}
sphere {
	0, 1
	scale<0.080000,0.200000,0.300000>
	matrix <-0.984424, 0.046227, 0.169622,
		-0.134965, -0.816990, -0.560635,
		0.112663, -0.574796, 0.810504,
		21.996273, 16.473904, -0.688233>
	pigment { color rgbt <0,1,1,0> }
	no_shadow
}
cylinder {
	<21.502609, 16.195110, -1.328186>,  <21.917410, 16.876261, -1.255586>, 0.130000
	pigment { color rgbt <1,0,0,0> }
	no_shadow
}

// nucleotide -1

// particle -1
sphere {
	<21.502609, 16.195110, -1.328186> 0.250000
	pigment { color rgbt <1,0,0,0> }
	no_shadow
}
cylinder {
	<21.559383, 16.353619, -0.965347>,  <21.593447, 16.448725, -0.747644>, 0.100000
	pigment { color rgbt <1,0,0,0> }
	no_shadow
}
cylinder {
	<21.559383, 16.353619, -0.965347>,  <21.502609, 16.195110, -1.328186>, 0.100000
	pigment { color rgbt <1,0,0,0> }
	no_shadow
}

// particle -1
sphere {
	<21.559383, 16.353619, -0.965347> 0.100000
	pigment { color rgbt <1,0,0,0> }
	no_shadow
}
sphere {
	0, 1
	scale<0.080000,0.200000,0.300000>
	matrix <-0.982964, 0.164525, 0.081931,
		-0.116773, -0.903272, 0.412872,
		0.141934, 0.396272, 0.907096,
		21.601963, 16.472500, -0.693218>
	pigment { color rgbt <0,1,1,0> }
	no_shadow
}
cylinder {
	<20.965796, 15.958174, -0.948112>,  <21.502609, 16.195110, -1.328186>, 0.130000
	pigment { color rgbt <1,0,0,0> }
	no_shadow
}

// nucleotide -1

// particle -1
sphere {
	<20.965796, 15.958174, -0.948112> 0.250000
	pigment { color rgbt <1,0,0,0> }
	no_shadow
}
cylinder {
	<21.092564, 16.303314, -0.790607>,  <21.168625, 16.510399, -0.696104>, 0.100000
	pigment { color rgbt <1,0,0,0> }
	no_shadow
}
cylinder {
	<21.092564, 16.303314, -0.790607>,  <20.965796, 15.958174, -0.948112>, 0.100000
	pigment { color rgbt <1,0,0,0> }
	no_shadow
}

// particle -1
sphere {
	<21.092564, 16.303314, -0.790607> 0.100000
	pigment { color rgbt <1,0,0,0> }
	no_shadow
}
sphere {
	0, 1
	scale<0.080000,0.200000,0.300000>
	matrix <-0.948324, 0.281438, 0.146540,
		0.015623, -0.419856, 0.907457,
		0.316919, 0.862852, 0.393762,
		21.187639, 16.562170, -0.672479>
	pigment { color rgbt <0,1,1,0> }
	no_shadow
}
cylinder {
	<20.783274, 16.017910, -0.256490>,  <20.965796, 15.958174, -0.948112>, 0.130000
	pigment { color rgbt <1,0,0,0> }
	no_shadow
}

// nucleotide -1

// particle -1
sphere {
	<20.783274, 16.017910, -0.256490> 0.250000
	pigment { color rgbt <1,0,0,0> }
	no_shadow
}
cylinder {
	<20.802872, 16.369675, -0.445902>,  <20.814631, 16.580734, -0.559550>, 0.100000
	pigment { color rgbt <1,0,0,0> }
	no_shadow
}
cylinder {
	<20.802872, 16.369675, -0.445902>,  <20.783274, 16.017910, -0.256490>, 0.100000
	pigment { color rgbt <1,0,0,0> }
	no_shadow
}

// particle -1
sphere {
	<20.802872, 16.369675, -0.445902> 0.100000
	pigment { color rgbt <1,0,0,0> }
	no_shadow
}
sphere {
	0, 1
	scale<0.080000,0.200000,0.300000>
	matrix <-0.873594, 0.267558, 0.406505,
		0.484183, 0.393757, 0.781359,
		0.048995, 0.879414, -0.473531,
		20.817570, 16.633499, -0.587961>
	pigment { color rgbt <0,1,1,0> }
	no_shadow
}
cylinder {
	<20.848747, 16.652081, 0.169469>,  <20.783274, 16.017910, -0.256490>, 0.130000
	pigment { color rgbt <1,0,0,0> }
	no_shadow
}

// nucleotide -1

// particle -1
sphere {
	<20.848747, 16.652081, 0.169469> 0.250000
	pigment { color rgbt <1,0,0,0> }
	no_shadow
}
cylinder {
	<20.648155, 16.699863, -0.173285>,  <20.527800, 16.728533, -0.378937>, 0.100000
	pigment { color rgbt <1,0,0,0> }
	no_shadow
}
cylinder {
	<20.648155, 16.699863, -0.173285>,  <20.848747, 16.652081, 0.169469>, 0.100000
	pigment { color rgbt <1,0,0,0> }
	no_shadow
}

// particle -1
sphere {
	<20.648155, 16.699863, -0.173285> 0.100000
	pigment { color rgbt <1,0,0,0> }
	no_shadow
}
sphere {
	0, 1
	scale<0.080000,0.200000,0.300000>
	matrix <-0.805818, 0.296024, 0.512862,
		0.314924, 0.947681, -0.052188,
		-0.501478, 0.119458, -0.856883,
		20.497711, 16.735701, -0.430350>
	pigment { color rgbt <0,1,1,0> }
	no_shadow
}
cylinder {
	<20.455528, 17.314465, 0.117484>,  <20.848747, 16.652081, 0.169469>, 0.130000
	pigment { color rgbt <1,0,0,0> }
	no_shadow
}

// nucleotide -1

// particle -1
sphere {
	<20.455528, 17.314465, 0.117484> 0.250000
	pigment { color rgbt <1,0,0,0> }
	no_shadow
}
cylinder {
	<20.292133, 16.996990, -0.062825>,  <20.194096, 16.806505, -0.171011>, 0.100000
	pigment { color rgbt <1,0,0,0> }
	no_shadow
}
cylinder {
	<20.292133, 16.996990, -0.062825>,  <20.455528, 17.314465, 0.117484>, 0.100000
	pigment { color rgbt <1,0,0,0> }
	no_shadow
}

// particle -1
sphere {
	<20.292133, 16.996990, -0.062825> 0.100000
	pigment { color rgbt <1,0,0,0> }
	no_shadow
}
sphere {
	0, 1
	scale<0.080000,0.200000,0.300000>
	matrix <-0.839495, 0.132822, 0.526883,
		-0.358309, 0.593647, -0.720554,
		-0.408488, -0.793689, -0.450773,
		20.169586, 16.758884, -0.198057>
	pigment { color rgbt <0,1,1,0> }
	no_shadow
}
cylinder {
	<19.761068, 17.476189, -0.363304>,  <20.455528, 17.314465, 0.117484>, 0.130000
	pigment { color rgbt <1,0,0,0> }
	no_shadow
}

// nucleotide -1

// particle -1
sphere {
	<19.761068, 17.476189, -0.363304> 0.250000
	pigment { color rgbt <1,0,0,0> }
	no_shadow
}
cylinder {
	<19.800575, 17.117622, -0.190476>,  <19.824280, 16.902483, -0.086779>, 0.100000
	pigment { color rgbt <1,0,0,0> }
	no_shadow
}
cylinder {
	<19.800575, 17.117622, -0.190476>,  <19.761068, 17.476189, -0.363304>, 0.100000
	pigment { color rgbt <1,0,0,0> }
	no_shadow
}

// particle -1
sphere {
	<19.800575, 17.117622, -0.190476> 0.100000
	pigment { color rgbt <1,0,0,0> }
	no_shadow
}
sphere {
	0, 1
	scale<0.080000,0.200000,0.300000>
	matrix <-0.712099, 0.239622, 0.659922,
		-0.695098, -0.372854, -0.614670,
		0.098766, -0.896416, 0.432070,
		19.830206, 16.848698, -0.060855>
	pigment { color rgbt <0,1,1,0> }
	no_shadow
}
cylinder {
	<19.235497, 17.244570, -0.058059>,  <19.761068, 17.476189, -0.363304>, 0.130000
	pigment { color rgbt <1,0,0,0> }
	no_shadow
}

// nucleotide -1

// particle -1
sphere {
	<19.235497, 17.244570, -0.058059> 0.250000
	pigment { color rgbt <1,0,0,0> }
	no_shadow
}
cylinder {
	<19.453003, 16.977562, 0.145406>,  <19.583506, 16.817358, 0.267485>, 0.100000
	pigment { color rgbt <1,0,0,0> }
	no_shadow
}
cylinder {
	<19.453003, 16.977562, 0.145406>,  <19.235497, 17.244570, -0.058059>, 0.100000
	pigment { color rgbt <1,0,0,0> }
	no_shadow
}

// particle -1
sphere {
	<19.453003, 16.977562, 0.145406> 0.100000
	pigment { color rgbt <1,0,0,0> }
	no_shadow
}
sphere {
	0, 1
	scale<0.080000,0.200000,0.300000>
	matrix <-0.734545, -0.085401, 0.673164,
		-0.405910, -0.739678, -0.536762,
		0.543765, -0.667520, 0.508661,
		19.616133, 16.777306, 0.298005>
	pigment { color rgbt <0,1,1,0> }
	no_shadow
}
cylinder {
	<18.731222, 16.730988, 0.146214>,  <19.235497, 17.244570, -0.058059>, 0.130000
	pigment { color rgbt <1,0,0,0> }
	no_shadow
}

// nucleotide -1

// particle -1
sphere {
	<18.731222, 16.730988, 0.146214> 0.250000
	pigment { color rgbt <1,0,0,0> }
	no_shadow
}
cylinder {
	<19.050983, 16.764969, 0.384118>,  <19.242840, 16.785358, 0.526860>, 0.100000
	pigment { color rgbt <1,0,0,0> }
	no_shadow
}
cylinder {
	<19.050983, 16.764969, 0.384118>,  <18.731222, 16.730988, 0.146214>, 0.100000
	pigment { color rgbt <1,0,0,0> }
	no_shadow
}

// particle -1
sphere {
	<19.050983, 16.764969, 0.384118> 0.100000
	pigment { color rgbt <1,0,0,0> }
	no_shadow
}
sphere {
	0, 1
	scale<0.080000,0.200000,0.300000>
	matrix <-0.600727, 0.097994, 0.793425,
		0.009119, -0.991555, 0.129369,
		0.799402, 0.084951, 0.594760,
		19.290804, 16.790455, 0.562546>
	pigment { color rgbt <0,1,1,0> }
	no_shadow
}
cylinder {
	<18.778746, 16.241863, 0.788674>,  <18.731222, 16.730988, 0.146214>, 0.130000
	pigment { color rgbt <1,0,0,0> }
	no_shadow
}

// nucleotide -1

// particle -1
sphere {
	<18.778746, 16.241863, 0.788674> 0.250000
	pigment { color rgbt <1,0,0,0> }
	no_shadow
}
cylinder {
	<18.891193, 16.624256, 0.822316>,  <18.958662, 16.853691, 0.842501>, 0.100000
	pigment { color rgbt <1,0,0,0> }
	no_shadow
}
cylinder {
	<18.891193, 16.624256, 0.822316>,  <18.778746, 16.241863, 0.788674>, 0.100000
	pigment { color rgbt <1,0,0,0> }
	no_shadow
}

// particle -1
sphere {
	<18.891193, 16.624256, 0.822316> 0.100000
	pigment { color rgbt <1,0,0,0> }
	no_shadow
}
sphere {
	0, 1
	scale<0.080000,0.200000,0.300000>
	matrix <-0.701065, 0.144726, 0.698256,
		0.655347, -0.255257, 0.710890,
		0.281119, 0.955980, 0.084105,
		18.975529, 16.911051, 0.847547>
	pigment { color rgbt <0,1,1,0> }
	no_shadow
}
cylinder {
	<19.160841, 16.470459, 1.498377>,  <18.778746, 16.241863, 0.788674>, 0.130000
	pigment { color rgbt <1,0,0,0> }
	no_shadow
}

// nucleotide -1

// particle -1
sphere {
	<19.160841, 16.470459, 1.498377> 0.250000
	pigment { color rgbt <1,0,0,0> }
	no_shadow
}
cylinder {
	<18.935310, 16.743927, 1.313037>,  <18.799992, 16.908009, 1.201833>, 0.100000
	pigment { color rgbt <1,0,0,0> }
	no_shadow
}
cylinder {
	<18.935310, 16.743927, 1.313037>,  <19.160841, 16.470459, 1.498377>, 0.100000
	pigment { color rgbt <1,0,0,0> }
	no_shadow
}

// particle -1
sphere {
	<18.935310, 16.743927, 1.313037> 0.100000
	pigment { color rgbt <1,0,0,0> }
	no_shadow
}
sphere {
	0, 1
	scale<0.080000,0.200000,0.300000>
	matrix <-0.509456, 0.153667, 0.846664,
		0.650042, 0.713428, 0.261659,
		-0.563826, 0.683671, -0.463351,
		18.766163, 16.949028, 1.174032>
	pigment { color rgbt <0,1,1,0> }
	no_shadow
}
cylinder {
	<19.024630, 17.095911, 1.913242>,  <19.160841, 16.470459, 1.498377>, 0.130000
	pigment { color rgbt <1,0,0,0> }
	no_shadow
}

// nucleotide -1

// particle -1
sphere {
	<19.024630, 17.095911, 1.913242> 0.250000
	pigment { color rgbt <1,0,0,0> }
	no_shadow
}
cylinder {
	<18.732815, 17.073078, 1.640620>,  <18.557726, 17.059378, 1.477047>, 0.100000
	pigment { color rgbt <1,0,0,0> }
	no_shadow
}
cylinder {
	<18.732815, 17.073078, 1.640620>,  <19.024630, 17.095911, 1.913242>, 0.100000
	pigment { color rgbt <1,0,0,0> }
	no_shadow
}

// particle -1
sphere {
	<18.732815, 17.073078, 1.640620> 0.100000
	pigment { color rgbt <1,0,0,0> }
	no_shadow
}
sphere {
	0, 1
	scale<0.080000,0.200000,0.300000>
	matrix <-0.651206, 0.362579, 0.666684,
		0.209060, 0.930203, -0.301688,
		-0.729537, -0.057084, -0.681555,
		18.513954, 17.055952, 1.436153>
	pigment { color rgbt <0,1,1,0> }
	no_shadow
}
cylinder {
	<18.727757, 17.821859, 1.799925>,  <19.024630, 17.095911, 1.913242>, 0.130000
	pigment { color rgbt <1,0,0,0> }
	no_shadow
}

// nucleotide -1

// particle -1
sphere {
	<18.727757, 17.821859, 1.799925> 0.250000
	pigment { color rgbt <1,0,0,0> }
	no_shadow
}
cylinder {
	<18.520630, 17.479679, 1.803230>,  <18.396355, 17.274370, 1.805212>, 0.100000
	pigment { color rgbt <1,0,0,0> }
	no_shadow
}
cylinder {
	<18.520630, 17.479679, 1.803230>,  <18.727757, 17.821859, 1.799925>, 0.100000
	pigment { color rgbt <1,0,0,0> }
	no_shadow
}

// particle -1
sphere {
	<18.520630, 17.479679, 1.803230> 0.100000
	pigment { color rgbt <1,0,0,0> }
	no_shadow
}
sphere {
	0, 1
	scale<0.080000,0.200000,0.300000>
	matrix <-0.535103, 0.331408, 0.777067,
		-0.667482, 0.397956, -0.629364,
		-0.517815, -0.855453, 0.008261,
		18.365286, 17.223043, 1.805708>
	pigment { color rgbt <0,1,1,0> }
	no_shadow
}
cylinder {
	<18.929819, 18.079584, 1.035825>,  <18.727757, 17.821859, 1.799925>, 0.130000
	pigment { color rgbt <1,0,0,0> }
	no_shadow
}

// nucleotide -1

// particle -1
sphere {
	<18.929819, 18.079584, 1.035825> 0.250000
	pigment { color rgbt <1,0,0,0> }
	no_shadow
}
cylinder {
	<18.778522, 17.721497, 0.941580>,  <18.687744, 17.506643, 0.885034>, 0.100000
	pigment { color rgbt <1,0,0,0> }
	no_shadow
}
cylinder {
	<18.778522, 17.721497, 0.941580>,  <18.929819, 18.079584, 1.035825>, 0.100000
	pigment { color rgbt <1,0,0,0> }
	no_shadow
}

// particle -1
sphere {
	<18.778522, 17.721497, 0.941580> 0.100000
	pigment { color rgbt <1,0,0,0> }
	no_shadow
}
sphere {
	0, 1
	scale<0.080000,0.200000,0.300000>
	matrix <-0.098965, 0.292167, -0.951233,
		0.920401, -0.336480, -0.199105,
		-0.378243, -0.895221, -0.235611,
		18.665051, 17.452930, 0.870897>
	pigment { color rgbt <0,1,1,0> }
	no_shadow
}
cylinder {
	<19.200241, 18.823217, 1.170438>,  <18.929819, 18.079584, 1.035825>, 0.130000
	pigment { color rgbt <1,0,0,0> }
	no_shadow
}

// nucleotide -1

// particle -1
sphere {
	<19.200241, 18.823217, 1.170438> 0.250000
	pigment { color rgbt <1,0,0,0> }
	no_shadow
}
cylinder {
	<19.305027, 18.586239, 0.865706>,  <19.367899, 18.444052, 0.682867>, 0.100000
	pigment { color rgbt <1,0,0,0> }
	no_shadow
}
cylinder {
	<19.305027, 18.586239, 0.865706>,  <19.200241, 18.823217, 1.170438>, 0.100000
	pigment { color rgbt <1,0,0,0> }
	no_shadow
}

// particle -1
sphere {
	<19.305027, 18.586239, 0.865706> 0.100000
	pigment { color rgbt <1,0,0,0> }
	no_shadow
}
sphere {
	0, 1
	scale<0.080000,0.200000,0.300000>
	matrix <0.306837, 0.799566, -0.516280,
		0.915000, -0.098509, 0.391243,
		0.261966, -0.592444, -0.761829,
		19.383617, 18.408506, 0.637158>
	pigment { color rgbt <0,1,1,0> }
	no_shadow
}
cylinder {
	<19.553940, 18.683569, 1.853292>,  <19.200241, 18.823217, 1.170438>, 0.130000
	pigment { color rgbt <1,0,0,0> }
	no_shadow
}

// nucleotide -1

// particle -1
sphere {
	<19.553940, 18.683569, 1.853292> 0.250000
	pigment { color rgbt <1,0,0,0> }
	no_shadow
}
cylinder {
	<19.424538, 18.329365, 1.986689>,  <19.346897, 18.116842, 2.066728>, 0.100000
	pigment { color rgbt <1,0,0,0> }
	no_shadow
}
cylinder {
	<19.424538, 18.329365, 1.986689>,  <19.553940, 18.683569, 1.853292>, 0.100000
	pigment { color rgbt <1,0,0,0> }
	no_shadow
}

// particle -1
sphere {
	<19.424538, 18.329365, 1.986689> 0.100000
	pigment { color rgbt <1,0,0,0> }
	no_shadow
}
sphere {
	0, 1
	scale<0.080000,0.200000,0.300000>
	matrix <-0.078616, 0.376381, 0.923123,
		-0.942955, 0.272417, -0.191376,
		-0.323505, -0.885509, 0.333494,
		19.327486, 18.063711, 2.086737>
	pigment { color rgbt <0,1,1,0> }
	no_shadow
}
cylinder {
	<19.038029, 18.640171, 2.317515>,  <19.553940, 18.683569, 1.853292>, 0.130000
	pigment { color rgbt <1,0,0,0> }
	no_shadow
}

// nucleotide -1

// particle -1
sphere {
	<19.038029, 18.640171, 2.317515> 0.250000
	pigment { color rgbt <1,0,0,0> }
	no_shadow
}
cylinder {
	<19.205669, 18.290493, 2.415606>,  <19.306253, 18.080687, 2.474461>, 0.100000
	pigment { color rgbt <1,0,0,0> }
	no_shadow
}
cylinder {
	<19.205669, 18.290493, 2.415606>,  <19.038029, 18.640171, 2.317515>, 0.100000
	pigment { color rgbt <1,0,0,0> }
	no_shadow
}

// particle -1
sphere {
	<19.205669, 18.290493, 2.415606> 0.100000
	pigment { color rgbt <1,0,0,0> }
	no_shadow
}
sphere {
	0, 1
	scale<0.080000,0.200000,0.300000>
	matrix <0.011823, 0.275325, 0.961278,
		-0.907863, -0.399972, 0.125724,
		0.419099, -0.874196, 0.245229,
		19.331400, 18.028234, 2.489175>
	pigment { color rgbt <0,1,1,0> }
	no_shadow
}
cylinder {
	<18.628159, 18.509756, 2.920204>,  <19.038029, 18.640171, 2.317515>, 0.130000
	pigment { color rgbt <1,0,0,0> }
	no_shadow
}

// nucleotide -1

// particle -1
sphere {
	<18.628159, 18.509756, 2.920204> 0.250000
	pigment { color rgbt <1,0,0,0> }
	no_shadow
}
cylinder {
	<18.990559, 18.341175, 2.935929>,  <19.207998, 18.240026, 2.945365>, 0.100000
	pigment { color rgbt <1,0,0,0> }
	no_shadow
}
cylinder {
	<18.990559, 18.341175, 2.935929>,  <18.628159, 18.509756, 2.920204>, 0.100000
	pigment { color rgbt <1,0,0,0> }
	no_shadow
}

// particle -1
sphere {
	<18.990559, 18.341175, 2.935929> 0.100000
	pigment { color rgbt <1,0,0,0> }
	no_shadow
}
sphere {
	0, 1
	scale<0.080000,0.200000,0.300000>
	matrix <0.060034, 0.219884, 0.973677,
		-0.419003, -0.879789, 0.224516,
		0.905998, -0.421452, 0.039314,
		19.262358, 18.214739, 2.947724>
	pigment { color rgbt <0,1,1,0> }
	no_shadow
}
cylinder {
	<18.722952, 17.896055, 3.459851>,  <18.628159, 18.509756, 2.920204>, 0.130000
	pigment { color rgbt <1,0,0,0> }
	no_shadow
}

// nucleotide -1

// particle -1
sphere {
	<18.722952, 17.896055, 3.459851> 0.250000
	pigment { color rgbt <1,0,0,0> }
	no_shadow
}
cylinder {
	<19.057819, 18.099731, 3.379978>,  <19.258739, 18.221937, 3.332054>, 0.100000
	pigment { color rgbt <1,0,0,0> }
	no_shadow
}
cylinder {
	<19.057819, 18.099731, 3.379978>,  <18.722952, 17.896055, 3.459851>, 0.100000
	pigment { color rgbt <1,0,0,0> }
	no_shadow
}

// particle -1
sphere {
	<19.057819, 18.099731, 3.379978> 0.100000
	pigment { color rgbt <1,0,0,0> }
	no_shadow
}
sphere {
	0, 1
	scale<0.080000,0.200000,0.300000>
	matrix <0.077836, 0.250457, 0.964994,
		0.541378, -0.823405, 0.170041,
		0.837169, 0.509191, -0.199682,
		19.308969, 18.252489, 3.320073>
	pigment { color rgbt <0,1,1,0> }
	no_shadow
}
cylinder {
	<19.454451, 17.703459, 3.861042>,  <18.722952, 17.896055, 3.459851>, 0.130000
	pigment { color rgbt <1,0,0,0> }
	no_shadow
}

// nucleotide -1

// particle -1
sphere {
	<19.454451, 17.703459, 3.861042> 0.250000
	pigment { color rgbt <1,0,0,0> }
	no_shadow
}
cylinder {
	<19.469803, 18.096035, 3.785891>,  <19.479013, 18.331581, 3.740800>, 0.100000
	pigment { color rgbt <1,0,0,0> }
	no_shadow
}
cylinder {
	<19.469803, 18.096035, 3.785891>,  <19.454451, 17.703459, 3.861042>, 0.100000
	pigment { color rgbt <1,0,0,0> }
	no_shadow
}

// particle -1
sphere {
	<19.469803, 18.096035, 3.785891> 0.100000
	pigment { color rgbt <1,0,0,0> }
	no_shadow
}
sphere {
	0, 1
	scale<0.080000,0.200000,0.300000>
	matrix <0.163069, 0.179345, 0.970177,
		0.985868, -0.067871, -0.153160,
		0.038378, 0.981442, -0.187878,
		19.481316, 18.390469, 3.729527>
	pigment { color rgbt <0,1,1,0> }
	no_shadow
}
cylinder {
	<20.063822, 17.950905, 4.091387>,  <19.454451, 17.703459, 3.861042>, 0.130000
	pigment { color rgbt <1,0,0,0> }
	no_shadow
}

// nucleotide -1

// particle -1
sphere {
	<20.063822, 17.950905, 4.091387> 0.250000
	pigment { color rgbt <1,0,0,0> }
	no_shadow
}
cylinder {
	<19.822819, 18.270149, 4.092436>,  <19.678217, 18.461697, 4.093065>, 0.100000
	pigment { color rgbt <1,0,0,0> }
	no_shadow
}
cylinder {
	<19.822819, 18.270149, 4.092436>,  <20.063822, 17.950905, 4.091387>, 0.100000
	pigment { color rgbt <1,0,0,0> }
	no_shadow
}

// particle -1
sphere {
	<19.822819, 18.270149, 4.092436> 0.100000
	pigment { color rgbt <1,0,0,0> }
	no_shadow
}
sphere {
	0, 1
	scale<0.080000,0.200000,0.300000>
	matrix <0.307783, 0.229316, 0.923409,
		0.736381, 0.557166, -0.383809,
		-0.602505, 0.798110, 0.002622,
		19.642067, 18.509583, 4.093222>
	pigment { color rgbt <0,1,1,0> }
	no_shadow
}
cylinder {
	<20.374735, 18.673029, 4.079457>,  <20.063822, 17.950905, 4.091387>, 0.130000
	pigment { color rgbt <1,0,0,0> }
	no_shadow
}

// nucleotide -1

// particle -1
sphere {
	<20.374735, 18.673029, 4.079457> 0.250000
	pigment { color rgbt <1,0,0,0> }
	no_shadow
}
cylinder {
	<20.055969, 18.600471, 4.309944>,  <19.864710, 18.556936, 4.448236>, 0.100000
	pigment { color rgbt <1,0,0,0> }
	no_shadow
}
cylinder {
	<20.055969, 18.600471, 4.309944>,  <20.374735, 18.673029, 4.079457>, 0.100000
	pigment { color rgbt <1,0,0,0> }
	no_shadow
}

// particle -1
sphere {
	<20.055969, 18.600471, 4.309944> 0.100000
	pigment { color rgbt <1,0,0,0> }
	no_shadow
}
sphere {
	0, 1
	scale<0.080000,0.200000,0.300000>
	matrix <0.518404, 0.284358, 0.806473,
		-0.310141, 0.941401, -0.132574,
		-0.796913, -0.181393, 0.576217,
		19.816895, 18.546053, 4.482809>
	pigment { color rgbt <0,1,1,0> }
	no_shadow
}
cylinder {
	<20.153658, 19.252140, 4.556834>,  <20.374735, 18.673029, 4.079457>, 0.130000
	pigment { color rgbt <1,0,0,0> }
	no_shadow
}

// nucleotide -1

// particle -1
sphere {
	<20.153658, 19.252140, 4.556834> 0.250000
	pigment { color rgbt <1,0,0,0> }
	no_shadow
}
cylinder {
	<20.055763, 18.897381, 4.713556>,  <19.997026, 18.684525, 4.807590>, 0.100000
	pigment { color rgbt <1,0,0,0> }
	no_shadow
}
cylinder {
	<20.055763, 18.897381, 4.713556>,  <20.153658, 19.252140, 4.556834>, 0.100000
	pigment { color rgbt <1,0,0,0> }
	no_shadow
}

// particle -1
sphere {
	<20.055763, 18.897381, 4.713556> 0.100000
	pigment { color rgbt <1,0,0,0> }
	no_shadow
}
sphere {
	0, 1
	scale<0.080000,0.200000,0.300000>
	matrix <0.396462, 0.277232, 0.875192,
		-0.884828, 0.369529, 0.283773,
		-0.244738, -0.886900, 0.391807,
		19.982342, 18.631311, 4.831098>
	pigment { color rgbt <0,1,1,0> }
	no_shadow
}
cylinder {
	<19.660915, 19.335365, 5.146532>,  <20.153658, 19.252140, 4.556834>, 0.130000
	pigment { color rgbt <1,0,0,0> }
	no_shadow
}

// nucleotide -1

// particle -1
sphere {
	<19.660915, 19.335365, 5.146532> 0.250000
	pigment { color rgbt <1,0,0,0> }
	no_shadow
}
cylinder {
	<19.919704, 19.032032, 5.178419>,  <20.074978, 18.850033, 5.197552>, 0.100000
	pigment { color rgbt <1,0,0,0> }
	no_shadow
}
cylinder {
	<19.919704, 19.032032, 5.178419>,  <19.660915, 19.335365, 5.146532>, 0.100000
	pigment { color rgbt <1,0,0,0> }
	no_shadow
}

// particle -1
sphere {
	<19.919704, 19.032032, 5.178419> 0.100000
	pigment { color rgbt <1,0,0,0> }
	no_shadow
}
sphere {
	0, 1
	scale<0.080000,0.200000,0.300000>
	matrix <0.446107, 0.461226, 0.766981,
		-0.618395, -0.460654, 0.636699,
		0.646974, -0.758333, 0.079719,
		20.113796, 18.804533, 5.202335>
	pigment { color rgbt <0,1,1,0> }
	no_shadow
}
cylinder {
	<19.637213, 19.050352, 5.817603>,  <19.660915, 19.335365, 5.146532>, 0.130000
	pigment { color rgbt <1,0,0,0> }
	no_shadow
}

// nucleotide -1

// particle -1
sphere {
	<19.637213, 19.050352, 5.817603> 0.250000
	pigment { color rgbt <1,0,0,0> }
	no_shadow
}
cylinder {
	<19.987232, 19.070438, 5.625034>,  <20.197245, 19.082491, 5.509493>, 0.100000
	pigment { color rgbt <1,0,0,0> }
	no_shadow
}
cylinder {
	<19.987232, 19.070438, 5.625034>,  <19.637213, 19.050352, 5.817603>, 0.100000
	pigment { color rgbt <1,0,0,0> }
	no_shadow
}

// particle -1
sphere {
	<19.987232, 19.070438, 5.625034> 0.100000
	pigment { color rgbt <1,0,0,0> }
	no_shadow
}
sphere {
	0, 1
	scale<0.080000,0.200000,0.300000>
	matrix <0.365070, 0.584603, 0.724544,
		0.317823, -0.809764, 0.493225,
		0.875050, 0.050215, -0.481421,
		20.249746, 19.085503, 5.480608>
	pigment { color rgbt <0,1,1,0> }
	no_shadow
}
cylinder {
	<20.139351, 18.889626, 6.202740>,  <19.637213, 19.050352, 5.817603>, 0.130000
	pigment { color rgbt <1,0,0,0> }
	no_shadow
}

// nucleotide -1

// particle -1
sphere {
	<20.139351, 18.889626, 6.202740> 0.250000
	pigment { color rgbt <1,0,0,0> }
	no_shadow
}
cylinder {
	<20.359520, 19.100250, 5.943583>,  <20.491621, 19.226625, 5.788090>, 0.100000
	pigment { color rgbt <1,0,0,0> }
	no_shadow
}
cylinder {
	<20.359520, 19.100250, 5.943583>,  <20.139351, 18.889626, 6.202740>, 0.100000
	pigment { color rgbt <1,0,0,0> }
	no_shadow
}

// particle -1
sphere {
	<20.359520, 19.100250, 5.943583> 0.100000
	pigment { color rgbt <1,0,0,0> }
	no_shadow
}
sphere {
	0, 1
	scale<0.080000,0.200000,0.300000>
	matrix <0.426150, 0.490121, 0.760380,
		0.717934, -0.694630, 0.045379,
		0.550424, 0.526565, -0.647892,
		20.524647, 19.258219, 5.749216>
	pigment { color rgbt <0,1,1,0> }
	no_shadow
}
cylinder {
	<20.691710, 19.053091, 6.553170>,  <20.139351, 18.889626, 6.202740>, 0.130000
	pigment { color rgbt <1,0,0,0> }
	no_shadow
}

// nucleotide -1

// particle -1
sphere {
	<20.691710, 19.053091, 6.553170> 0.250000
	pigment { color rgbt <1,0,0,0> }
	no_shadow
}
cylinder {
	<20.729614, 19.301178, 6.241695>,  <20.752357, 19.450029, 6.054811>, 0.100000
	pigment { color rgbt <1,0,0,0> }
	no_shadow
}
cylinder {
	<20.729614, 19.301178, 6.241695>,  <20.691710, 19.053091, 6.553170>, 0.100000
	pigment { color rgbt <1,0,0,0> }
	no_shadow
}

// particle -1
sphere {
	<20.729614, 19.301178, 6.241695> 0.100000
	pigment { color rgbt <1,0,0,0> }
	no_shadow
}
sphere {
	0, 1
	scale<0.080000,0.200000,0.300000>
	matrix <0.375836, 0.702031, 0.604897,
		0.921828, -0.349979, -0.166574,
		0.094761, 0.620216, -0.778687,
		20.758043, 19.487242, 6.008090>
	pigment { color rgbt <0,1,1,0> }
	no_shadow
}
cylinder {
	<21.448780, 19.188511, 6.348327>,  <20.691710, 19.053091, 6.553170>, 0.130000
	pigment { color rgbt <1,0,0,0> }
	no_shadow
}

// nucleotide -1

// particle -1
sphere {
	<21.448780, 19.188511, 6.348327> 0.250000
	pigment { color rgbt <1,0,0,0> }
	no_shadow
}
cylinder {
	<21.199699, 19.487587, 6.256065>,  <21.050251, 19.667032, 6.200708>, 0.100000
	pigment { color rgbt <1,0,0,0> }
	no_shadow
}
cylinder {
	<21.199699, 19.487587, 6.256065>,  <21.448780, 19.188511, 6.348327>, 0.100000
	pigment { color rgbt <1,0,0,0> }
	no_shadow
}

// particle -1
sphere {
	<21.199699, 19.487587, 6.256065> 0.100000
	pigment { color rgbt <1,0,0,0> }
	no_shadow
}
sphere {
	0, 1
	scale<0.080000,0.200000,0.300000>
	matrix <0.577686, 0.638133, 0.508985,
		0.527750, 0.183701, -0.829297,
		-0.622703, 0.747690, -0.230653,
		21.012888, 19.711893, 6.186869>
	pigment { color rgbt <0,1,1,0> }
	no_shadow
}
cylinder {
	<21.739948, 19.856764, 5.932353>,  <21.448780, 19.188511, 6.348327>, 0.130000
	pigment { color rgbt <1,0,0,0> }
	no_shadow
}

// nucleotide -1

// particle -1
sphere {
	<21.739948, 19.856764, 5.932353> 0.250000
	pigment { color rgbt <1,0,0,0> }
	no_shadow
}
cylinder {
	<21.467701, 19.871174, 6.225053>,  <21.304352, 19.879820, 6.400673>, 0.100000
	pigment { color rgbt <1,0,0,0> }
	no_shadow
}
cylinder {
	<21.467701, 19.871174, 6.225053>,  <21.739948, 19.856764, 5.932353>, 0.100000
	pigment { color rgbt <1,0,0,0> }
	no_shadow
}

// particle -1
sphere {
	<21.467701, 19.871174, 6.225053> 0.100000
	pigment { color rgbt <1,0,0,0> }
	no_shadow
}
sphere {
	0, 1
	scale<0.080000,0.200000,0.300000>
	matrix <0.666602, 0.444849, 0.598123,
		-0.303970, 0.894881, -0.326789,
		-0.680621, 0.036026, 0.731750,
		21.263515, 19.881981, 6.444578>
	pigment { color rgbt <0,1,1,0> }
	no_shadow
}
cylinder {
	<21.699066, 20.529087, 6.237030>,  <21.739948, 19.856764, 5.932353>, 0.130000
	pigment { color rgbt <1,0,0,0> }
	no_shadow
}

// nucleotide -1

// particle -1
sphere {
	<21.699066, 20.529087, 6.237030> 0.250000
	pigment { color rgbt <1,0,0,0> }
	no_shadow
}
cylinder {
	<21.601460, 20.241837, 6.497722>,  <21.542896, 20.069487, 6.654137>, 0.100000
	pigment { color rgbt <1,0,0,0> }
	no_shadow
}
cylinder {
	<21.601460, 20.241837, 6.497722>,  <21.699066, 20.529087, 6.237030>, 0.100000
	pigment { color rgbt <1,0,0,0> }
	no_shadow
}

// particle -1
sphere {
	<21.601460, 20.241837, 6.497722> 0.100000
	pigment { color rgbt <1,0,0,0> }
	no_shadow
}
sphere {
	0, 1
	scale<0.080000,0.200000,0.300000>
	matrix <0.719844, 0.316202, 0.617933,
		-0.649832, 0.619929, 0.439780,
		-0.244015, -0.718126, 0.651730,
		21.528255, 20.026400, 6.693241>
	pigment { color rgbt <0,1,1,0> }
	no_shadow
}
cylinder {
	<21.647585, 20.889029, 6.910367>,  <21.699066, 20.529087, 6.237030>, 0.130000
	pigment { color rgbt <1,0,0,0> }
	no_shadow
}

// nucleotide -1

// particle -1
sphere {
	<21.647585, 20.889029, 6.910367> 0.250000
	pigment { color rgbt <1,0,0,0> }
	no_shadow
}
cylinder {
	<21.788532, 20.515038, 6.894079>,  <21.873100, 20.290644, 6.884307>, 0.100000
	pigment { color rgbt <1,0,0,0> }
	no_shadow
}
cylinder {
	<21.788532, 20.515038, 6.894079>,  <21.647585, 20.889029, 6.910367>, 0.100000
	pigment { color rgbt <1,0,0,0> }
	no_shadow
}

// particle -1
sphere {
	<21.788532, 20.515038, 6.894079> 0.100000
	pigment { color rgbt <1,0,0,0> }
	no_shadow
}
sphere {
	0, 1
	scale<0.080000,0.200000,0.300000>
	matrix <0.718223, 0.242272, 0.652273,
		-0.599994, -0.259084, 0.756890,
		0.352367, -0.934976, -0.040718,
		21.894243, 20.234545, 6.881864>
	pigment { color rgbt <0,1,1,0> }
	no_shadow
}
cylinder {
	<21.621265, 20.601465, 7.555325>,  <21.647585, 20.889029, 6.910367>, 0.130000
	pigment { color rgbt <1,0,0,0> }
	no_shadow
}

// nucleotide -1

// particle -1
sphere {
	<21.621265, 20.601465, 7.555325> 0.250000
	pigment { color rgbt <1,0,0,0> }
	no_shadow
}
cylinder {
	<21.906933, 20.428230, 7.335362>,  <22.078333, 20.324289, 7.203385>, 0.100000
	pigment { color rgbt <1,0,0,0> }
	no_shadow
}
cylinder {
	<21.906933, 20.428230, 7.335362>,  <21.621265, 20.601465, 7.555325>, 0.100000
	pigment { color rgbt <1,0,0,0> }
	no_shadow
}

// particle -1
sphere {
	<21.906933, 20.428230, 7.335362> 0.100000
	pigment { color rgbt <1,0,0,0> }
	no_shadow
}
sphere {
	0, 1
	scale<0.080000,0.200000,0.300000>
	matrix <0.624656, 0.039826, 0.779884,
		-0.315858, -0.900471, 0.298974,
		0.714170, -0.433088, -0.549905,
		22.121183, 20.298304, 7.170391>
	pigment { color rgbt <0,1,1,0> }
	no_shadow
}
cylinder {
	<21.718910, 19.929487, 7.695149>,  <21.621265, 20.601465, 7.555325>, 0.130000
	pigment { color rgbt <1,0,0,0> }
	no_shadow
}

// nucleotide -1

// particle -1
sphere {
	<21.718910, 19.929487, 7.695149> 0.250000
	pigment { color rgbt <1,0,0,0> }
	no_shadow
}
cylinder {
	<22.059776, 20.118195, 7.604596>,  <22.264296, 20.231419, 7.550264>, 0.100000
	pigment { color rgbt <1,0,0,0> }
	no_shadow
}
cylinder {
	<22.059776, 20.118195, 7.604596>,  <21.718910, 19.929487, 7.695149>, 0.100000
	pigment { color rgbt <1,0,0,0> }
	no_shadow
}

// particle -1
sphere {
	<22.059776, 20.118195, 7.604596> 0.100000
	pigment { color rgbt <1,0,0,0> }
	no_shadow
}
sphere {
	0, 1
	scale<0.080000,0.200000,0.300000>
	matrix <0.360661, -0.216082, 0.907322,
		0.379129, -0.854835, -0.354286,
		0.852165, 0.471769, -0.226382,
		22.315426, 20.259726, 7.536682>
	pigment { color rgbt <0,1,1,0> }
	no_shadow
}
cylinder {
	<22.386259, 19.558653, 7.723987>,  <21.718910, 19.929487, 7.695149>, 0.130000
	pigment { color rgbt <1,0,0,0> }
	no_shadow
}

// nucleotide -1

// particle -1
sphere {
	<22.386259, 19.558653, 7.723987> 0.250000
	pigment { color rgbt <1,0,0,0> }
	no_shadow
}
cylinder {
	<22.528316, 19.923931, 7.803938>,  <22.613550, 20.143097, 7.851909>, 0.100000
	pigment { color rgbt <1,0,0,0> }
	no_shadow
}
cylinder {
	<22.528316, 19.923931, 7.803938>,  <22.386259, 19.558653, 7.723987>, 0.100000
	pigment { color rgbt <1,0,0,0> }
	no_shadow
}

// particle -1
sphere {
	<22.528316, 19.923931, 7.803938> 0.100000
	pigment { color rgbt <1,0,0,0> }
	no_shadow
}
sphere {
	0, 1
	scale<0.080000,0.200000,0.300000>
	matrix <0.431240, -0.349748, 0.831690,
		0.829401, -0.209173, -0.518016,
		0.355142, 0.913194, 0.199878,
		22.634859, 20.197889, 7.863901>
	pigment { color rgbt <0,1,1,0> }
	no_shadow
}
cylinder {
	<23.063717, 19.440083, 8.098376>,  <22.386259, 19.558653, 7.723987>, 0.130000
	pigment { color rgbt <1,0,0,0> }
	no_shadow
}

// nucleotide -1

// particle -1
sphere {
	<23.063717, 19.440083, 8.098376> 0.250000
	pigment { color rgbt <1,0,0,0> }
	no_shadow
}
cylinder {
	<22.859970, 19.769974, 8.196657>,  <22.737722, 19.967909, 8.255626>, 0.100000
	pigment { color rgbt <1,0,0,0> }
	no_shadow
}
cylinder {
	<22.859970, 19.769974, 8.196657>,  <23.063717, 19.440083, 8.098376>, 0.100000
	pigment { color rgbt <1,0,0,0> }
	no_shadow
}

// particle -1
sphere {
	<22.859970, 19.769974, 8.196657> 0.100000
	pigment { color rgbt <1,0,0,0> }
	no_shadow
}
sphere {
	0, 1
	scale<0.080000,0.200000,0.300000>
	matrix <0.484194, 0.038633, 0.874107,
		0.711408, 0.564209, -0.419007,
		-0.509366, 0.824728, 0.245703,
		22.707161, 20.017391, 8.270368>
	pigment { color rgbt <0,1,1,0> }
	no_shadow
}
cylinder {
	<23.586302, 19.813347, 8.442441>,  <23.063717, 19.440083, 8.098376>, 0.130000
	pigment { color rgbt <1,0,0,0> }
	no_shadow
}

// nucleotide -1

// particle -1
sphere {
	<23.586302, 19.813347, 8.442441> 0.250000
	pigment { color rgbt <1,0,0,0> }
	no_shadow
}
cylinder {
	<23.227993, 19.948780, 8.557648>,  <23.013008, 20.030039, 8.626772>, 0.100000
	pigment { color rgbt <1,0,0,0> }
	no_shadow
}
cylinder {
	<23.227993, 19.948780, 8.557648>,  <23.586302, 19.813347, 8.442441>, 0.100000
	pigment { color rgbt <1,0,0,0> }
	no_shadow
}

// particle -1
sphere {
	<23.227993, 19.948780, 8.557648> 0.100000
	pigment { color rgbt <1,0,0,0> }
	no_shadow
}
sphere {
	0, 1
	scale<0.080000,0.200000,0.300000>
	matrix <0.303430, -0.007754, 0.952822,
		0.324841, 0.940905, -0.095790,
		-0.895773, 0.338581, 0.288018,
		22.959261, 20.050354, 8.644053>
	pigment { color rgbt <0,1,1,0> }
	no_shadow
}
cylinder {
	<23.766624, 20.312555, 8.915435>,  <23.586302, 19.813347, 8.442441>, 0.130000
	pigment { color rgbt <1,0,0,0> }
	no_shadow
}

// nucleotide -1

// particle -1
sphere {
	<23.766624, 20.312555, 8.915435> 0.250000
	pigment { color rgbt <1,0,0,0> }
	no_shadow
}
cylinder {
	<23.378788, 20.246929, 8.988074>,  <23.146086, 20.207554, 9.031658>, 0.100000
	pigment { color rgbt <1,0,0,0> }
	no_shadow
}
cylinder {
	<23.378788, 20.246929, 8.988074>,  <23.766624, 20.312555, 8.915435>, 0.100000
	pigment { color rgbt <1,0,0,0> }
	no_shadow
}

// particle -1
sphere {
	<23.378788, 20.246929, 8.988074> 0.100000
	pigment { color rgbt <1,0,0,0> }
	no_shadow
}
sphere {
	0, 1
	scale<0.080000,0.200000,0.300000>
	matrix <0.177596, 0.038865, 0.983336,
		-0.168390, 0.985684, -0.008546,
		-0.969590, -0.164066, 0.181598,
		23.087912, 20.197710, 9.042554>
	pigment { color rgbt <0,1,1,0> }
	no_shadow
}
cylinder {
	<23.682657, 20.760983, 9.469578>,  <23.766624, 20.312555, 8.915435>, 0.130000
	pigment { color rgbt <1,0,0,0> }
	no_shadow
}

// nucleotide -1

// particle -1
sphere {
	<23.682657, 20.760983, 9.469578> 0.250000
	pigment { color rgbt <1,0,0,0> }
	no_shadow
}
cylinder {
	<23.370090, 20.511383, 9.471095>,  <23.182550, 20.361624, 9.472006>, 0.100000
	pigment { color rgbt <1,0,0,0> }
	no_shadow
}
cylinder {
	<23.370090, 20.511383, 9.471095>,  <23.682657, 20.760983, 9.469578>, 0.100000
	pigment { color rgbt <1,0,0,0> }
	no_shadow
}

// particle -1
sphere {
	<23.370090, 20.511383, 9.471095> 0.100000
	pigment { color rgbt <1,0,0,0> }
	no_shadow
}
sphere {
	0, 1
	scale<0.080000,0.200000,0.300000>
	matrix <-0.046955, 0.064859, 0.996789,
		-0.622242, 0.778728, -0.079982,
		-0.781415, -0.624000, 0.003793,
		23.135666, 20.324183, 9.472233>
	pigment { color rgbt <0,1,1,0> }
	no_shadow
}
cylinder {
	<23.161608, 21.080566, 9.825445>,  <23.682657, 20.760983, 9.469578>, 0.130000
	pigment { color rgbt <1,0,0,0> }
	no_shadow
}

// nucleotide -1

// particle -1
sphere {
	<23.161608, 21.080566, 9.825445> 0.250000
	pigment { color rgbt <1,0,0,0> }
	no_shadow
}
cylinder {
	<23.082294, 20.689438, 9.852412>,  <23.034706, 20.454760, 9.868592>, 0.100000
	pigment { color rgbt <1,0,0,0> }
	no_shadow
}
cylinder {
	<23.082294, 20.689438, 9.852412>,  <23.161608, 21.080566, 9.825445>, 0.100000
	pigment { color rgbt <1,0,0,0> }
	no_shadow
}

// particle -1
sphere {
	<23.082294, 20.689438, 9.852412> 0.100000
	pigment { color rgbt <1,0,0,0> }
	no_shadow
}
sphere {
	0, 1
	scale<0.080000,0.200000,0.300000>
	matrix <-0.030992, 0.075003, 0.996702,
		-0.979655, 0.195541, -0.045177,
		-0.198284, -0.977823, 0.067417,
		23.022810, 20.396091, 9.872638>
	pigment { color rgbt <0,1,1,0> }
	no_shadow
}
cylinder {
	<22.634178, 21.169239, 10.271260>,  <23.161608, 21.080566, 9.825445>, 0.130000
	pigment { color rgbt <1,0,0,0> }
	no_shadow
}

// nucleotide -1

// particle -1
sphere {
	<22.634178, 21.169239, 10.271260> 0.250000
	pigment { color rgbt <1,0,0,0> }
	no_shadow
}
cylinder {
	<22.767418, 20.793407, 10.302842>,  <22.847363, 20.567909, 10.321792>, 0.100000
	pigment { color rgbt <1,0,0,0> }
	no_shadow
}
cylinder {
	<22.767418, 20.793407, 10.302842>,  <22.634178, 21.169239, 10.271260>, 0.100000
	pigment { color rgbt <1,0,0,0> }
	no_shadow
}

// particle -1
sphere {
	<22.767418, 20.793407, 10.302842> 0.100000
	pigment { color rgbt <1,0,0,0> }
	no_shadow
}
sphere {
	0, 1
	scale<0.080000,0.200000,0.300000>
	matrix <0.079514, 0.111431, 0.990586,
		-0.939533, -0.323687, 0.111828,
		0.333100, -0.939580, 0.078955,
		22.867348, 20.511534, 10.326529>
	pigment { color rgbt <0,1,1,0> }
	no_shadow
}
cylinder {
	<22.043770, 20.844280, 10.595440>,  <22.634178, 21.169239, 10.271260>, 0.130000
	pigment { color rgbt <1,0,0,0> }
	no_shadow
}

// nucleotide -1

// particle -1
sphere {
	<22.043770, 20.844280, 10.595440> 0.250000
	pigment { color rgbt <1,0,0,0> }
	no_shadow
}
cylinder {
	<22.354218, 20.595280, 10.635700>,  <22.540487, 20.445879, 10.659857>, 0.100000
	pigment { color rgbt <1,0,0,0> }
	no_shadow
}
cylinder {
	<22.354218, 20.595280, 10.635700>,  <22.043770, 20.844280, 10.595440>, 0.100000
	pigment { color rgbt <1,0,0,0> }
	no_shadow
}

// particle -1
sphere {
	<22.354218, 20.595280, 10.635700> 0.100000
	pigment { color rgbt <1,0,0,0> }
	no_shadow
}
sphere {
	0, 1
	scale<0.080000,0.200000,0.300000>
	matrix <-0.092573, 0.045408, 0.994670,
		-0.623752, -0.781302, -0.022384,
		0.776121, -0.622500, 0.100651,
		22.587053, 20.408529, 10.665895>
	pigment { color rgbt <0,1,1,0> }
	no_shadow
}
cylinder {
	<21.822615, 20.213217, 10.971799>,  <22.043770, 20.844280, 10.595440>, 0.130000
	pigment { color rgbt <1,0,0,0> }
	no_shadow
}

// nucleotide -1

// particle -1
sphere {
	<21.822615, 20.213217, 10.971799> 0.250000
	pigment { color rgbt <1,0,0,0> }
	no_shadow
}
cylinder {
	<22.216785, 20.216213, 11.039776>,  <22.453287, 20.218010, 11.080563>, 0.100000
	pigment { color rgbt <1,0,0,0> }
	no_shadow
}
cylinder {
	<22.216785, 20.216213, 11.039776>,  <21.822615, 20.213217, 10.971799>, 0.100000
	pigment { color rgbt <1,0,0,0> }
	no_shadow
}

// particle -1
sphere {
	<22.216785, 20.216213, 11.039776> 0.100000
	pigment { color rgbt <1,0,0,0> }
	no_shadow
}
sphere {
	0, 1
	scale<0.080000,0.200000,0.300000>
	matrix <-0.169991, 0.006309, 0.985425,
		0.006309, -0.999952, 0.007490,
		-0.985425, -0.007490, -0.169943,
		22.512413, 20.218460, 11.090758>
	pigment { color rgbt <0,1,1,0> }
	no_shadow
}
cylinder {
	<21.907328, 19.789270, 11.437362>,  <21.822615, 20.213217, 10.971799>, 0.130000
	pigment { color rgbt <1,0,0,0> }
	no_shadow
}

// nucleotide -1

// particle -1
sphere {
	<21.907328, 19.789270, 11.437362> 0.250000
