// switches for output
#declare DRAW_BASES = 1; // possible values are 0, 1; only relevant for DNA ribbons
#declare DRAW_BASES_TYPE = 3; // possible values are 1, 2, 3; only relevant for DNA ribbons
#declare DRAW_FOG = 0; // set to 1 to enable fog

#include "colors.inc"

#include "transforms.inc"
background { rgb <1, 1, 1>}

#default {
   normal{
       ripples 0.25
       frequency 0.20
       turbulence 0.2
       lambda 5
   }
	finish {
		phong 0.1
		phong_size 40.
	}
}

// original window dimensions: 1024x640


// camera settings

camera {
	sky <-0, 1, 0>
	up <-0, 1, 0>
	right 1.6 * <1, 0, 0>
	location <18.5, 18.5, 82.5562>
	look_at <18.5, 18.5, 18.5>
	direction <0, 0, -64.0562>
	angle 67.0682
}


# declare cpy_camera_pos = <18.5, 18.5, 82.5562>;
# if (DRAW_FOG = 1)
fog {
	fog_type 2
	up vnormalize(cpy_camera_pos)
	color rgbt<1,1,1,0.3>
	distance 1e-5
	fog_alt 3e-3
	fog_offset 29.6
}
# end


// LIGHTS

# declare lum = 6;
global_settings {
	ambient_light rgb lum * <0.05, 0.05, 0.05>
	max_trace_level 15
}# declare cpy_direct_light_amount = 0.25;
light_source
{	1000 * <-1, -1, 1>,
	rgb lum * cpy_direct_light_amount
	parallel
}

light_source
{	1000 * <1, 1, -1>,
	rgb lum * cpy_direct_light_amount
	parallel
}

// strand 0

// nucleotide -1

// particle -1
sphere {
	<22.908836, 16.715900, -2.006454> 0.250000
	pigment { color rgbt <1,0,0,0> }
	no_shadow
}
cylinder {
	<23.019958, 16.938919, -2.319367>,  <23.086632, 17.072729, -2.507115>, 0.100000
	pigment { color rgbt <1,0,0,0> }
	no_shadow
}
cylinder {
	<23.019958, 16.938919, -2.319367>,  <22.908836, 16.715900, -2.006454>, 0.100000
	pigment { color rgbt <1,0,0,0> }
	no_shadow
}

// particle -1
sphere {
	<23.019958, 16.938919, -2.319367> 0.100000
	pigment { color rgbt <1,0,0,0> }
	no_shadow
}
sphere {
	0, 1
	scale<0.080000,0.200000,0.300000>
	matrix <-0.567698, 0.752212, 0.334510,
		0.774947, 0.351172, 0.525485,
		0.277805, 0.557545, -0.782284,
		23.103300, 17.106182, -2.554052>
	pigment { color rgbt <0,1,1,0> }
	no_shadow
}
cylinder {
	<23.308737, 17.301289, -1.770810>,  <22.908836, 16.715900, -2.006454>, 0.130000
	pigment { color rgbt <1,0,0,0> }
	no_shadow
}

// nucleotide -1

// particle -1
sphere {
	<23.308737, 17.301289, -1.770810> 0.250000
	pigment { color rgbt <1,0,0,0> }
	no_shadow
}
cylinder {
	<23.104790, 17.372433, -2.107477>,  <22.982422, 17.415119, -2.309477>, 0.100000
	pigment { color rgbt <1,0,0,0> }
	no_shadow
}
cylinder {
	<23.104790, 17.372433, -2.107477>,  <23.308737, 17.301289, -1.770810>, 0.100000
	pigment { color rgbt <1,0,0,0> }
	no_shadow
}

// particle -1
sphere {
	<23.104790, 17.372433, -2.107477> 0.100000
	pigment { color rgbt <1,0,0,0> }
	no_shadow
}
sphere {
	0, 1
	scale<0.080000,0.200000,0.300000>
	matrix <-0.451659, 0.777348, 0.437875,
		0.732148, 0.603404, -0.316011,
		-0.509866, 0.177860, -0.841667,
		22.951830, 17.425791, -2.359977>
	pigment { color rgbt <0,1,1,0> }
	no_shadow
}
cylinder {
	<23.353163, 18.071846, -2.145420>,  <23.308737, 17.301289, -1.770810>, 0.130000
	pigment { color rgbt <1,0,0,0> }
	no_shadow
}

// nucleotide -1

// particle -1
sphere {
	<23.353163, 18.071846, -2.145420> 0.250000
	pigment { color rgbt <1,0,0,0> }
	no_shadow
}
cylinder {
	<23.009598, 17.873985, -2.198475>,  <22.803459, 17.755268, -2.230308>, 0.100000
	pigment { color rgbt <1,0,0,0> }
	no_shadow
}
cylinder {
	<23.009598, 17.873985, -2.198475>,  <23.353163, 18.071846, -2.145420>, 0.100000
	pigment { color rgbt <1,0,0,0> }
	no_shadow
}

// particle -1
sphere {
	<23.009598, 17.873985, -2.198475> 0.100000
	pigment { color rgbt <1,0,0,0> }
	no_shadow
}
sphere {
	0, 1
	scale<0.080000,0.200000,0.300000>
	matrix <-0.510117, 0.803438, 0.307029,
		-0.045306, 0.331372, -0.942412,
		-0.858911, -0.494651, -0.132638,
		22.751925, 17.725590, -2.238266>
	pigment { color rgbt <0,1,1,0> }
	no_shadow
}
cylinder {
	<23.597355, 17.981390, -1.398325>,  <23.353163, 18.071846, -2.145420>, 0.130000
	pigment { color rgbt <1,0,0,0> }
	no_shadow
}

// nucleotide -1

// particle -1
sphere {
	<23.597355, 17.981390, -1.398325> 0.250000
	pigment { color rgbt <1,0,0,0> }
	no_shadow
}
cylinder {
	<23.249226, 18.075279, -1.225148>,  <23.040348, 18.131613, -1.121243>, 0.100000
	pigment { color rgbt <1,0,0,0> }
	no_shadow
}
cylinder {
	<23.249226, 18.075279, -1.225148>,  <23.597355, 17.981390, -1.398325>, 0.100000
	pigment { color rgbt <1,0,0,0> }
	no_shadow
}

// particle -1
sphere {
	<23.249226, 18.075279, -1.225148> 0.100000
	pigment { color rgbt <1,0,0,0> }
	no_shadow
}
sphere {
	0, 1
	scale<0.080000,0.200000,0.300000>
	matrix <0.491437, 0.471026, 0.732546,
		-0.031980, 0.850317, -0.525298,
		-0.870326, 0.234725, 0.432941,
		22.988129, 18.145697, -1.095266>
	pigment { color rgbt <0,1,1,0> }
	no_shadow
}
cylinder {
	<23.769939, 18.645199, -1.134854>,  <23.597355, 17.981390, -1.398325>, 0.130000
	pigment { color rgbt <1,0,0,0> }
	no_shadow
}

// nucleotide -1

// particle -1
sphere {
	<23.769939, 18.645199, -1.134854> 0.250000
	pigment { color rgbt <1,0,0,0> }
	no_shadow
}
cylinder {
	<23.448421, 18.470695, -0.973068>,  <23.255510, 18.365993, -0.875997>, 0.100000
	pigment { color rgbt <1,0,0,0> }
	no_shadow
}
cylinder {
	<23.448421, 18.470695, -0.973068>,  <23.769939, 18.645199, -1.134854>, 0.100000
	pigment { color rgbt <1,0,0,0> }
	no_shadow
}

// particle -1
sphere {
	<23.448421, 18.470695, -0.973068> 0.100000
	pigment { color rgbt <1,0,0,0> }
	no_shadow
}
sphere {
	0, 1
	scale<0.080000,0.200000,0.300000>
	matrix <0.269064, 0.339777, 0.901197,
		-0.530581, 0.833206, -0.155730,
		-0.803796, -0.436257, 0.404464,
		23.207283, 18.339819, -0.851729>
	pigment { color rgbt <0,1,1,0> }
	no_shadow
}
cylinder {
	<23.460585, 19.174639, -0.609217>,  <23.769939, 18.645199, -1.134854>, 0.130000
	pigment { color rgbt <1,0,0,0> }
	no_shadow
}

// nucleotide -1

// particle -1
sphere {
	<23.460585, 19.174639, -0.609217> 0.250000
	pigment { color rgbt <1,0,0,0> }
	no_shadow
}
cylinder {
	<23.382450, 18.789894, -0.532624>,  <23.335569, 18.559048, -0.486667>, 0.100000
	pigment { color rgbt <1,0,0,0> }
	no_shadow
}
cylinder {
	<23.382450, 18.789894, -0.532624>,  <23.460585, 19.174639, -0.609217>, 0.100000
	pigment { color rgbt <1,0,0,0> }
	no_shadow
}

// particle -1
sphere {
	<23.382450, 18.789894, -0.532624> 0.100000
	pigment { color rgbt <1,0,0,0> }
	no_shadow
}
sphere {
	0, 1
	scale<0.080000,0.200000,0.300000>
	matrix <0.155171, 0.162476, 0.974435,
		-0.968383, 0.220054, 0.117516,
		-0.195335, -0.961862, 0.191485,
		23.323849, 18.501335, -0.475178>
	pigment { color rgbt <0,1,1,0> }
	no_shadow
}
cylinder {
	<23.049219, 19.187801, -0.053969>,  <23.460585, 19.174639, -0.609217>, 0.130000
	pigment { color rgbt <1,0,0,0> }
	no_shadow
}

// nucleotide -1

// particle -1
sphere {
	<23.049219, 19.187801, -0.053969> 0.250000
	pigment { color rgbt <1,0,0,0> }
	no_shadow
}
cylinder {
	<23.229038, 18.830509, -0.051251>,  <23.336929, 18.616135, -0.049620>, 0.100000
	pigment { color rgbt <1,0,0,0> }
	no_shadow
}
cylinder {
	<23.229038, 18.830509, -0.051251>,  <23.049219, 19.187801, -0.053969>, 0.100000
	pigment { color rgbt <1,0,0,0> }
	no_shadow
}

// particle -1
sphere {
	<23.229038, 18.830509, -0.051251> 0.100000
	pigment { color rgbt <1,0,0,0> }
	no_shadow
}
sphere {
	0, 1
	scale<0.080000,0.200000,0.300000>
	matrix <0.232721, 0.124463, 0.964547,
		-0.862407, -0.432031, 0.263826,
		0.449550, -0.893229, 0.006795,
		23.363903, 18.562540, -0.049213>
	pigment { color rgbt <0,1,1,0> }
	no_shadow
}
cylinder {
	<22.809793, 18.732641, 0.574726>,  <23.049219, 19.187801, -0.053969>, 0.130000
	pigment { color rgbt <1,0,0,0> }
	no_shadow
}

// nucleotide -1

// particle -1
sphere {
	<22.809793, 18.732641, 0.574726> 0.250000
	pigment { color rgbt <1,0,0,0> }
	no_shadow
}
cylinder {
	<23.186329, 18.650566, 0.467560>,  <23.412251, 18.601322, 0.403260>, 0.100000
	pigment { color rgbt <1,0,0,0> }
	no_shadow
}
cylinder {
	<23.186329, 18.650566, 0.467560>,  <22.809793, 18.732641, 0.574726>, 0.100000
	pigment { color rgbt <1,0,0,0> }
	no_shadow
}

// particle -1
sphere {
	<23.186329, 18.650566, 0.467560> 0.100000
	pigment { color rgbt <1,0,0,0> }
	no_shadow
}
sphere {
	0, 1
	scale<0.080000,0.200000,0.300000>
	matrix <0.315527, 0.253603, 0.914400,
		-0.119679, -0.945295, 0.303469,
		0.941339, -0.205187, -0.267916,
		23.468731, 18.589010, 0.387185>
	pigment { color rgbt <0,1,1,0> }
	no_shadow
}
cylinder {
	<23.019812, 18.182056, 1.032267>,  <22.809793, 18.732641, 0.574726>, 0.130000
	pigment { color rgbt <1,0,0,0> }
	no_shadow
}

// nucleotide -1

// particle -1
sphere {
	<23.019812, 18.182056, 1.032267> 0.250000
	pigment { color rgbt <1,0,0,0> }
	no_shadow
}
cylinder {
	<23.313011, 18.425995, 0.911735>,  <23.488932, 18.572357, 0.839415>, 0.100000
	pigment { color rgbt <1,0,0,0> }
	no_shadow
}
cylinder {
	<23.313011, 18.425995, 0.911735>,  <23.019812, 18.182056, 1.032267>, 0.100000
	pigment { color rgbt <1,0,0,0> }
	no_shadow
}

// particle -1
sphere {
	<23.313011, 18.425995, 0.911735> 0.100000
	pigment { color rgbt <1,0,0,0> }
	no_shadow
}
sphere {
	0, 1
	scale<0.080000,0.200000,0.300000>
	matrix <0.300357, 0.107292, 0.947773,
		0.610326, -0.785223, -0.104527,
		0.732999, 0.609847, -0.301331,
		23.532911, 18.608950, 0.821335>
	pigment { color rgbt <0,1,1,0> }
	no_shadow
}
cylinder {
	<23.602015, 17.897074, 1.277884>,  <23.019812, 18.182056, 1.032267>, 0.130000
	pigment { color rgbt <1,0,0,0> }
	no_shadow
}

// nucleotide -1

// particle -1
sphere {
	<23.602015, 17.897074, 1.277884> 0.250000
	pigment { color rgbt <1,0,0,0> }
	no_shadow
}
cylinder {
	<23.690273, 18.283382, 1.223330>,  <23.743229, 18.515167, 1.190598>, 0.100000
	pigment { color rgbt <1,0,0,0> }
	no_shadow
}
cylinder {
	<23.690273, 18.283382, 1.223330>,  <23.602015, 17.897074, 1.277884>, 0.100000
	pigment { color rgbt <1,0,0,0> }
	no_shadow
}

// particle -1
sphere {
	<23.690273, 18.283382, 1.223330> 0.100000
	pigment { color rgbt <1,0,0,0> }
	no_shadow
}
sphere {
	0, 1
	scale<0.080000,0.200000,0.300000>
	matrix <0.285666, 0.069710, 0.955790,
		0.932583, -0.249851, -0.260507,
		0.220645, 0.965772, -0.136384,
		23.756466, 18.573114, 1.182415>
	pigment { color rgbt <0,1,1,0> }
	no_shadow
}
cylinder {
	<24.220766, 17.983030, 1.585694>,  <23.602015, 17.897074, 1.277884>, 0.130000
	pigment { color rgbt <1,0,0,0> }
	no_shadow
}

// nucleotide -1

// particle -1
sphere {
	<24.220766, 17.983030, 1.585694> 0.250000
	pigment { color rgbt <1,0,0,0> }
	no_shadow
}
cylinder {
	<24.020920, 18.329479, 1.579892>,  <23.901012, 18.537350, 1.576410>, 0.100000
	pigment { color rgbt <1,0,0,0> }
	no_shadow
}
cylinder {
	<24.020920, 18.329479, 1.579892>,  <24.220766, 17.983030, 1.585694>, 0.100000
	pigment { color rgbt <1,0,0,0> }
	no_shadow
}

// particle -1
sphere {
	<24.020920, 18.329479, 1.579892> 0.100000
	pigment { color rgbt <1,0,0,0> }
	no_shadow
}
sphere {
	0, 1
	scale<0.080000,0.200000,0.300000>
	matrix <0.381600, 0.235096, 0.893930,
		0.777665, 0.441088, -0.447971,
		-0.499618, 0.866125, -0.014506,
		23.871035, 18.589317, 1.575540>
	pigment { color rgbt <0,1,1,0> }
	no_shadow
}
cylinder {
	<24.693802, 18.657795, 1.571090>,  <24.220766, 17.983030, 1.585694>, 0.130000
	pigment { color rgbt <1,0,0,0> }
	no_shadow
}

// nucleotide -1

// particle -1
sphere {
	<24.693802, 18.657795, 1.571090> 0.250000
	pigment { color rgbt <1,0,0,0> }
	no_shadow
}
cylinder {
	<24.334724, 18.694378, 1.743499>,  <24.119278, 18.716328, 1.846944>, 0.100000
	pigment { color rgbt <1,0,0,0> }
	no_shadow
}
cylinder {
	<24.334724, 18.694378, 1.743499>,  <24.693802, 18.657795, 1.571090>, 0.100000
	pigment { color rgbt <1,0,0,0> }
	no_shadow
}

// particle -1
sphere {
	<24.334724, 18.694378, 1.743499> 0.100000
	pigment { color rgbt <1,0,0,0> }
	no_shadow
}
sphere {
	0, 1
	scale<0.080000,0.200000,0.300000>
	matrix <0.436740, 0.314214, 0.842928,
		-0.058341, 0.944936, -0.322012,
		-0.897694, 0.091458, 0.431023,
		24.065416, 18.721815, 1.872806>
	pigment { color rgbt <0,1,1,0> }
	no_shadow
}
cylinder {
	<24.640556, 19.370182, 1.895397>,  <24.693802, 18.657795, 1.571090>, 0.130000
	pigment { color rgbt <1,0,0,0> }
	no_shadow
}

// nucleotide -1

// particle -1
sphere {
	<24.640556, 19.370182, 1.895397> 0.250000
	pigment { color rgbt <1,0,0,0> }
	no_shadow
}
cylinder {
	<24.429100, 19.079872, 2.071485>,  <24.302227, 18.905685, 2.177137>, 0.100000
	pigment { color rgbt <1,0,0,0> }
	no_shadow
}
cylinder {
	<24.429100, 19.079872, 2.071485>,  <24.640556, 19.370182, 1.895397>, 0.100000
	pigment { color rgbt <1,0,0,0> }
	no_shadow
}

// particle -1
sphere {
	<24.429100, 19.079872, 2.071485> 0.100000
	pigment { color rgbt <1,0,0,0> }
	no_shadow
}
sphere {
	0, 1
	scale<0.080000,0.200000,0.300000>
	matrix <0.353394, 0.283352, 0.891529,
		-0.771786, 0.626868, 0.106693,
		-0.528639, -0.725775, 0.440218,
		24.270508, 18.862141, 2.203550>
	pigment { color rgbt <0,1,1,0> }
	no_shadow
}
cylinder {
	<24.179623, 19.767242, 2.387250>,  <24.640556, 19.370182, 1.895397>, 0.130000
	pigment { color rgbt <1,0,0,0> }
	no_shadow
}

// nucleotide -1

// particle -1
sphere {
	<24.179623, 19.767242, 2.387250> 0.250000
	pigment { color rgbt <1,0,0,0> }
	no_shadow
}
cylinder {
	<24.274647, 19.388962, 2.475989>,  <24.331661, 19.161993, 2.529232>, 0.100000
	pigment { color rgbt <1,0,0,0> }
	no_shadow
}
cylinder {
	<24.274647, 19.388962, 2.475989>,  <24.179623, 19.767242, 2.387250>, 0.100000
	pigment { color rgbt <1,0,0,0> }
	no_shadow
}

// particle -1
sphere {
	<24.274647, 19.388962, 2.475989> 0.100000
	pigment { color rgbt <1,0,0,0> }
	no_shadow
}
sphere {
	0, 1
	scale<0.080000,0.200000,0.300000>
	matrix <0.453365, 0.309931, 0.835705,
		-0.859083, -0.097953, 0.502375,
		0.237562, -0.945700, 0.221848,
		24.345915, 19.105251, 2.542543>
	pigment { color rgbt <0,1,1,0> }
	no_shadow
}
cylinder {
	<23.772774, 19.475597, 3.148039>,  <24.179623, 19.767242, 2.387250>, 0.130000
	pigment { color rgbt <1,0,0,0> }
	no_shadow
}

// nucleotide -1

// particle -1
sphere {
	<23.772774, 19.475597, 3.148039> 0.250000
	pigment { color rgbt <1,0,0,0> }
	no_shadow
}
cylinder {
	<24.133820, 19.341179, 3.040441>,  <24.350447, 19.260529, 2.975881>, 0.100000
	pigment { color rgbt <1,0,0,0> }
	no_shadow
}
cylinder {
	<24.133820, 19.341179, 3.040441>,  <23.772774, 19.475597, 3.148039>, 0.100000
	pigment { color rgbt <1,0,0,0> }
	no_shadow
}

// particle -1
sphere {
	<24.133820, 19.341179, 3.040441> 0.100000
	pigment { color rgbt <1,0,0,0> }
	no_shadow
}
sphere {
	0, 1
	scale<0.080000,0.200000,0.300000>
	matrix <0.375713, 0.310095, 0.873316,
		-0.210059, -0.889334, 0.406153,
		0.902616, -0.336045, -0.268996,
		24.404604, 19.240366, 2.959742>
	pigment { color rgbt <0,1,1,0> }
	no_shadow
}
cylinder {
	<24.097466, 18.905127, 3.611475>,  <23.772774, 19.475597, 3.148039>, 0.130000
	pigment { color rgbt <1,0,0,0> }
	no_shadow
}

// nucleotide -1

// particle -1
sphere {
	<24.097466, 18.905127, 3.611475> 0.250000
	pigment { color rgbt <1,0,0,0> }
	no_shadow
}
cylinder {
	<24.377937, 19.145035, 3.457269>,  <24.546221, 19.288979, 3.364745>, 0.100000
	pigment { color rgbt <1,0,0,0> }
	no_shadow
}
cylinder {
	<24.377937, 19.145035, 3.457269>,  <24.097466, 18.905127, 3.611475>, 0.100000
	pigment { color rgbt <1,0,0,0> }
	no_shadow
}

// particle -1
sphere {
	<24.377937, 19.145035, 3.457269> 0.100000
	pigment { color rgbt <1,0,0,0> }
	no_shadow
}
sphere {
	0, 1
	scale<0.080000,0.200000,0.300000>
	matrix <0.390114, 0.129856, 0.911564,
		0.596790, -0.789565, -0.142926,
		0.701180, 0.599770, -0.385517,
		24.588291, 19.324966, 3.341614>
	pigment { color rgbt <0,1,1,0> }
	no_shadow
}
cylinder {
	<24.763103, 18.677744, 3.656832>,  <24.097466, 18.905127, 3.611475>, 0.130000
	pigment { color rgbt <1,0,0,0> }
	no_shadow
}

// nucleotide -1

// particle -1
sphere {
	<24.763103, 18.677744, 3.656832> 0.250000
	pigment { color rgbt <1,0,0,0> }
	no_shadow
}
cylinder {
	<24.786991, 19.076897, 3.667115>,  <24.801325, 19.316389, 3.673285>, 0.100000
	pigment { color rgbt <1,0,0,0> }
	no_shadow
}
cylinder {
	<24.786991, 19.076897, 3.667115>,  <24.763103, 18.677744, 3.656832>, 0.100000
	pigment { color rgbt <1,0,0,0> }
	no_shadow
}

// particle -1
sphere {
	<24.786991, 19.076897, 3.667115> 0.100000
	pigment { color rgbt <1,0,0,0> }
	no_shadow
}
sphere {
	0, 1
	scale<0.080000,0.200000,0.300000>
	matrix <0.261642, -0.040501, 0.964315,
		0.963315, -0.050863, -0.263508,
		0.059720, 0.997884, 0.025707,
		24.804907, 19.376263, 3.674827>
	pigment { color rgbt <0,1,1,0> }
	no_shadow
}
cylinder {
	<25.247585, 18.529655, 4.121519>,  <24.763103, 18.677744, 3.656832>, 0.130000
	pigment { color rgbt <1,0,0,0> }
	no_shadow
}

// nucleotide -1

// particle -1
sphere {
	<25.247585, 18.529655, 4.121519> 0.250000
	pigment { color rgbt <1,0,0,0> }
	no_shadow
}
cylinder {
	<25.085812, 18.895386, 4.129955>,  <24.988749, 19.114824, 4.135016>, 0.100000
	pigment { color rgbt <1,0,0,0> }
	no_shadow
}
cylinder {
	<25.085812, 18.895386, 4.129955>,  <25.247585, 18.529655, 4.121519>, 0.100000
	pigment { color rgbt <1,0,0,0> }
	no_shadow
}

// particle -1
sphere {
	<25.085812, 18.895386, 4.129955> 0.100000
	pigment { color rgbt <1,0,0,0> }
	no_shadow
}
sphere {
	0, 1
	scale<0.080000,0.200000,0.300000>
	matrix <-0.064787, -0.051643, 0.996562,
		0.912270, 0.401676, 0.080123,
		-0.404433, 0.914324, 0.021089,
		24.964481, 19.169683, 4.136281>
	pigment { color rgbt <0,1,1,0> }
	no_shadow
}
cylinder {
	<25.650019, 19.208673, 4.582209>,  <25.247585, 18.529655, 4.121519>, 0.130000
	pigment { color rgbt <1,0,0,0> }
	no_shadow
}

// nucleotide -1

// particle -1
sphere {
	<25.650019, 19.208673, 4.582209> 0.250000
	pigment { color rgbt <1,0,0,0> }
	no_shadow
}
cylinder {
	<25.253117, 19.166054, 4.556661>,  <25.014977, 19.140482, 4.541332>, 0.100000
	pigment { color rgbt <1,0,0,0> }
	no_shadow
}
cylinder {
	<25.253117, 19.166054, 4.556661>,  <25.650019, 19.208673, 4.582209>, 0.100000
	pigment { color rgbt <1,0,0,0> }
	no_shadow
}

// particle -1
sphere {
	<25.253117, 19.166054, 4.556661> 0.100000
	pigment { color rgbt <1,0,0,0> }
	no_shadow
}
sphere {
	0, 1
	scale<0.080000,0.200000,0.300000>
	matrix <-0.058027, -0.057074, 0.996682,
		-0.109843, 0.992668, 0.050449,
		-0.992254, -0.106551, -0.063871,
		24.955441, 19.134089, 4.537499>
	pigment { color rgbt <0,1,1,0> }
	no_shadow
}
cylinder {
	<25.184198, 19.663006, 5.052551>,  <25.650019, 19.208673, 4.582209>, 0.130000
	pigment { color rgbt <1,0,0,0> }
	no_shadow
}

// nucleotide -1

// particle -1
sphere {
	<25.184198, 19.663006, 5.052551> 0.250000
	pigment { color rgbt <1,0,0,0> }
	no_shadow
}
cylinder {
	<25.053108, 19.286041, 5.025856>,  <24.974453, 19.059862, 5.009839>, 0.100000
	pigment { color rgbt <1,0,0,0> }
	no_shadow
}
cylinder {
	<25.053108, 19.286041, 5.025856>,  <25.184198, 19.663006, 5.052551>, 0.100000
	pigment { color rgbt <1,0,0,0> }
	no_shadow
}

// particle -1
sphere {
	<25.053108, 19.286041, 5.025856> 0.100000
	pigment { color rgbt <1,0,0,0> }
	no_shadow
}
sphere {
	0, 1
	scale<0.080000,0.200000,0.300000>
	matrix <0.082505, -0.098917, 0.991669,
		-0.941163, 0.319491, 0.110172,
		-0.327727, -0.942412, -0.066737,
		24.954790, 19.003317, 5.005835>
	pigment { color rgbt <0,1,1,0> }
	no_shadow
}
cylinder {
	<24.538462, 19.545254, 5.410179>,  <25.184198, 19.663006, 5.052551>, 0.130000
	pigment { color rgbt <1,0,0,0> }
	no_shadow
}

// nucleotide -1

// particle -1
sphere {
	<24.538462, 19.545254, 5.410179> 0.250000
	pigment { color rgbt <1,0,0,0> }
	no_shadow
}
cylinder {
	<24.748688, 19.204964, 5.412962>,  <24.874825, 19.000790, 5.414632>, 0.100000
	pigment { color rgbt <1,0,0,0> }
	no_shadow
}
cylinder {
	<24.748688, 19.204964, 5.412962>,  <24.538462, 19.545254, 5.410179>, 0.100000
	pigment { color rgbt <1,0,0,0> }
	no_shadow
}

// particle -1
sphere {
	<24.748688, 19.204964, 5.412962> 0.100000
	pigment { color rgbt <1,0,0,0> }
	no_shadow
}
sphere {
	0, 1
	scale<0.080000,0.200000,0.300000>
	matrix <0.006268, 0.012050, 0.999908,
		-0.850730, -0.525474, 0.011666,
		0.525566, -0.850725, 0.006958,
		24.906357, 18.949747, 5.415049>
	pigment { color rgbt <0,1,1,0> }
	no_shadow
}
cylinder {
	<24.310356, 18.826780, 5.603020>,  <24.538462, 19.545254, 5.410179>, 0.130000
	pigment { color rgbt <1,0,0,0> }
	no_shadow
}

// nucleotide -1

// particle -1
sphere {
	<24.310356, 18.826780, 5.603020> 0.250000
	pigment { color rgbt <1,0,0,0> }
	no_shadow
}
cylinder {
	<24.702538, 18.823174, 5.681637>,  <24.937847, 18.821011, 5.728807>, 0.100000
	pigment { color rgbt <1,0,0,0> }
	no_shadow
}
cylinder {
	<24.702538, 18.823174, 5.681637>,  <24.310356, 18.826780, 5.603020>, 0.100000
	pigment { color rgbt <1,0,0,0> }
	no_shadow
}

// particle -1
sphere {
	<24.702538, 18.823174, 5.681637> 0.100000
	pigment { color rgbt <1,0,0,0> }
	no_shadow
}
sphere {
	0, 1
	scale<0.080000,0.200000,0.300000>
	matrix <-0.193667, 0.131917, 0.972158,
		-0.034692, -0.991220, 0.127592,
		0.980454, -0.009016, 0.196543,
		24.996674, 18.820469, 5.740600>
	pigment { color rgbt <0,1,1,0> }
	no_shadow
}
cylinder {
	<24.303675, 18.256165, 5.975544>,  <24.310356, 18.826780, 5.603020>, 0.130000
	pigment { color rgbt <1,0,0,0> }
	no_shadow
}

// nucleotide -1

// particle -1
sphere {
	<24.303675, 18.256165, 5.975544> 0.250000
	pigment { color rgbt <1,0,0,0> }
	no_shadow
}
cylinder {
	<24.568359, 18.551163, 6.029566>,  <24.727169, 18.728161, 6.061979>, 0.100000
	pigment { color rgbt <1,0,0,0> }
	no_shadow
}
cylinder {
	<24.568359, 18.551163, 6.029566>,  <24.303675, 18.256165, 5.975544>, 0.100000
	pigment { color rgbt <1,0,0,0> }
	no_shadow
}

// particle -1
sphere {
	<24.568359, 18.551163, 6.029566> 0.100000
	pigment { color rgbt <1,0,0,0> }
	no_shadow
}
sphere {
	0, 1
	scale<0.080000,0.200000,0.300000>
	matrix <-0.310766, 0.105857, 0.944573,
		0.682322, -0.667004, 0.299235,
		0.661711, 0.737496, 0.135053,
		24.766872, 18.772411, 6.070082>
	pigment { color rgbt <0,1,1,0> }
	no_shadow
}
cylinder {
	<24.609404, 17.972183, 6.525836>,  <24.303675, 18.256165, 5.975544>, 0.130000
	pigment { color rgbt <1,0,0,0> }
	no_shadow
}

// nucleotide -1

// particle -1
sphere {
	<24.609404, 17.972183, 6.525836> 0.250000
	pigment { color rgbt <1,0,0,0> }
	no_shadow
}
cylinder {
	<24.635052, 18.370922, 6.507136>,  <24.650440, 18.610165, 6.495916>, 0.100000
	pigment { color rgbt <1,0,0,0> }
	no_shadow
}
cylinder {
	<24.635052, 18.370922, 6.507136>,  <24.609404, 17.972183, 6.525836>, 0.100000
	pigment { color rgbt <1,0,0,0> }
	no_shadow
}

// particle -1
sphere {
	<24.635052, 18.370922, 6.507136> 0.100000
	pigment { color rgbt <1,0,0,0> }
	no_shadow
}
sphere {
	0, 1
	scale<0.080000,0.200000,0.300000>
	matrix <-0.255967, 0.061707, 0.964714,
		0.964557, -0.049894, 0.259117,
		0.064122, 0.996847, -0.046749,
		24.654289, 18.669975, 6.493112>
	pigment { color rgbt <0,1,1,0> }
	no_shadow
}
cylinder {
	<25.062258, 18.287737, 7.094304>,  <24.609404, 17.972183, 6.525836>, 0.130000
	pigment { color rgbt <1,0,0,0> }
	no_shadow
}

// nucleotide -1

// particle -1
sphere {
	<25.062258, 18.287737, 7.094304> 0.250000
	pigment { color rgbt <1,0,0,0> }
	no_shadow
}
cylinder {
	<24.807579, 18.570900, 6.972003>,  <24.654772, 18.740799, 6.898623>, 0.100000
	pigment { color rgbt <1,0,0,0> }
	no_shadow
}
cylinder {
	<24.807579, 18.570900, 6.972003>,  <25.062258, 18.287737, 7.094304>, 0.100000
	pigment { color rgbt <1,0,0,0> }
	no_shadow
}

// particle -1
sphere {
	<24.807579, 18.570900, 6.972003> 0.100000
	pigment { color rgbt <1,0,0,0> }
	no_shadow
}
sphere {
	0, 1
	scale<0.080000,0.200000,0.300000>
	matrix <-0.313991, 0.124141, 0.941275,
		0.704293, 0.695309, 0.143237,
		-0.636695, 0.707909, -0.305753,
		24.616570, 18.783272, 6.880277>
	pigment { color rgbt <0,1,1,0> }
	no_shadow
}
cylinder {
	<25.416714, 18.776146, 7.474005>,  <25.062258, 18.287737, 7.094304>, 0.130000
	pigment { color rgbt <1,0,0,0> }
	no_shadow
}

// nucleotide -1

// particle -1
sphere {
	<25.416714, 18.776146, 7.474005> 0.250000
	pigment { color rgbt <1,0,0,0> }
	no_shadow
}
cylinder {
	<25.037510, 18.830704, 7.358994>,  <24.809988, 18.863438, 7.289989>, 0.100000
	pigment { color rgbt <1,0,0,0> }
	no_shadow
}
cylinder {
	<25.037510, 18.830704, 7.358994>,  <25.416714, 18.776146, 7.474005>, 0.100000
	pigment { color rgbt <1,0,0,0> }
	no_shadow
}

// particle -1
sphere {
	<25.037510, 18.830704, 7.358994> 0.100000
	pigment { color rgbt <1,0,0,0> }
	no_shadow
}
sphere {
	0, 1
	scale<0.080000,0.200000,0.300000>
	matrix <-0.272231, 0.120355, 0.954675,
		0.164818, 0.983316, -0.076967,
		-0.948011, 0.136395, -0.287526,
		24.753107, 18.871622, 7.272737>
	pigment { color rgbt <0,1,1,0> }
	no_shadow
}
cylinder {
	<25.109770, 19.303322, 7.862876>,  <25.416714, 18.776146, 7.474005>, 0.130000
	pigment { color rgbt <1,0,0,0> }
	no_shadow
}

// nucleotide -1

// particle -1
sphere {
	<25.109770, 19.303322, 7.862876> 0.250000
	pigment { color rgbt <1,0,0,0> }
	no_shadow
}
cylinder {
	<24.829979, 19.035892, 7.761890>,  <24.662104, 18.875435, 7.701299>, 0.100000
	pigment { color rgbt <1,0,0,0> }
	no_shadow
}
cylinder {
	<24.829979, 19.035892, 7.761890>,  <25.109770, 19.303322, 7.862876>, 0.100000
	pigment { color rgbt <1,0,0,0> }
	no_shadow
}

// particle -1
sphere {
	<24.829979, 19.035892, 7.761890> 0.100000
	pigment { color rgbt <1,0,0,0> }
	no_shadow
}
sphere {
	0, 1
	scale<0.080000,0.200000,0.300000>
	matrix <-0.343133, 0.004309, 0.939277,
		-0.626889, 0.743632, -0.232424,
		-0.699478, -0.668575, -0.252464,
		24.620136, 18.835320, 7.686152>
	pigment { color rgbt <0,1,1,0> }
	no_shadow
}
cylinder {
	<24.449636, 19.559908, 7.774320>,  <25.109770, 19.303322, 7.862876>, 0.130000
	pigment { color rgbt <1,0,0,0> }
	no_shadow
}

// nucleotide -1

// particle -1
sphere {
	<24.449636, 19.559908, 7.774320> 0.250000
	pigment { color rgbt <1,0,0,0> }
	no_shadow
}
cylinder {
	<24.213497, 19.514984, 8.094039>,  <24.071814, 19.488029, 8.285871>, 0.100000
	pigment { color rgbt <1,0,0,0> }
	no_shadow
}
cylinder {
	<24.213497, 19.514984, 8.094039>,  <24.449636, 19.559908, 7.774320>, 0.100000
	pigment { color rgbt <1,0,0,0> }
	no_shadow
}

// particle -1
sphere {
	<24.213497, 19.514984, 8.094039> 0.100000
	pigment { color rgbt <1,0,0,0> }
	no_shadow
}
sphere {
	0, 1
	scale<0.080000,0.200000,0.300000>
	matrix <-0.601729, 0.721260, -0.343083,
		-0.537971, -0.683499, -0.493372,
		-0.590346, -0.112308, 0.799298,
		24.036394, 19.481293, 8.333829>
	pigment { color rgbt <0,1,1,0> }
	no_shadow
}
cylinder {
	<23.738344, 19.624155, 7.567820>,  <24.449636, 19.559908, 7.774320>, 0.130000
	pigment { color rgbt <1,0,0,0> }
	no_shadow
}

// nucleotide -1

// particle -1
sphere {
	<23.738344, 19.624155, 7.567820> 0.250000
	pigment { color rgbt <1,0,0,0> }
	no_shadow
}
cylinder {
	<23.769119, 19.746971, 7.947252>,  <23.787584, 19.820662, 8.174911>, 0.100000
	pigment { color rgbt <1,0,0,0> }
	no_shadow
}
cylinder {
	<23.769119, 19.746971, 7.947252>,  <23.738344, 19.624155, 7.567820>, 0.100000
	pigment { color rgbt <1,0,0,0> }
	no_shadow
}

// particle -1
sphere {
	<23.769119, 19.746971, 7.947252> 0.100000
	pigment { color rgbt <1,0,0,0> }
	no_shadow
}
sphere {
	0, 1
	scale<0.080000,0.200000,0.300000>
	matrix <-0.637872, 0.746375, -0.189852,
		-0.766289, -0.590467, 0.253278,
		0.076940, 0.307041, 0.948581,
		23.792202, 19.839083, 8.231827>
	pigment { color rgbt <0,1,1,0> }
	no_shadow
}
cylinder {
	<23.351612, 20.203590, 7.573165>,  <23.738344, 19.624155, 7.567820>, 0.130000
	pigment { color rgbt <1,0,0,0> }
	no_shadow
}

// nucleotide -1

// particle -1
sphere {
	<23.351612, 20.203590, 7.573165> 0.250000
	pigment { color rgbt <1,0,0,0> }
	no_shadow
}
cylinder {
	<23.454288, 20.250378, 7.956922>,  <23.515894, 20.278450, 8.187175>, 0.100000
	pigment { color rgbt <1,0,0,0> }
	no_shadow
}
cylinder {
	<23.454288, 20.250378, 7.956922>,  <23.351612, 20.203590, 7.573165>, 0.100000
	pigment { color rgbt <1,0,0,0> }
	no_shadow
}

// particle -1
sphere {
	<23.454288, 20.250378, 7.956922> 0.100000
	pigment { color rgbt <1,0,0,0> }
	no_shadow
}
sphere {
	0, 1
	scale<0.080000,0.200000,0.300000>
	matrix <-0.486031, 0.873625, 0.023528,
		-0.835395, -0.472333, 0.281100,
		0.256689, 0.116969, 0.959390,
		23.531296, 20.285469, 8.244739>
	pigment { color rgbt <0,1,1,0> }
	no_shadow
}
cylinder {
	<23.015493, 19.760590, 8.070114>,  <23.351612, 20.203590, 7.573165>, 0.130000
	pigment { color rgbt <1,0,0,0> }
	no_shadow
}

// nucleotide -1

// particle -1
sphere {
	<23.015493, 19.760590, 8.070114> 0.250000
	pigment { color rgbt <1,0,0,0> }
	no_shadow
}
cylinder {
	<22.657406, 19.599419, 7.993974>,  <22.442554, 19.502716, 7.948290>, 0.100000
	pigment { color rgbt <1,0,0,0> }
	no_shadow
}
cylinder {
	<22.657406, 19.599419, 7.993974>,  <23.015493, 19.760590, 8.070114>, 0.100000
	pigment { color rgbt <1,0,0,0> }
	no_shadow
}

// particle -1
sphere {
	<22.657406, 19.599419, 7.993974> 0.100000
	pigment { color rgbt <1,0,0,0> }
	no_shadow
}
sphere {
	0, 1
	scale<0.080000,0.200000,0.300000>
	matrix <-0.224662, 0.039180, 0.973649,
		-0.384853, 0.914392, -0.125597,
		-0.895218, -0.402929, -0.190350,
		22.388840, 19.478540, 7.936869>
	pigment { color rgbt <0,1,1,0> }
	no_shadow
}
cylinder {
	<22.350048, 20.149353, 8.164819>,  <23.015493, 19.760590, 8.070114>, 0.130000
	pigment { color rgbt <1,0,0,0> }
	no_shadow
}

// nucleotide -1

// particle -1
sphere {
	<22.350048, 20.149353, 8.164819> 0.250000
	pigment { color rgbt <1,0,0,0> }
	no_shadow
}
cylinder {
	<22.299847, 19.763042, 8.255614>,  <22.269726, 19.531256, 8.310091>, 0.100000
	pigment { color rgbt <1,0,0,0> }
	no_shadow
}
cylinder {
	<22.299847, 19.763042, 8.255614>,  <22.350048, 20.149353, 8.164819>, 0.100000
	pigment { color rgbt <1,0,0,0> }
	no_shadow
}

// particle -1
sphere {
	<22.299847, 19.763042, 8.255614> 0.100000
	pigment { color rgbt <1,0,0,0> }
	no_shadow
}
sphere {
	0, 1
	scale<0.080000,0.200000,0.300000>
	matrix <-0.322896, 0.256104, 0.911125,
		-0.938076, 0.041056, -0.343988,
		-0.125503, -0.965777, 0.226988,
		22.262196, 19.473309, 8.323710>
	pigment { color rgbt <0,1,1,0> }
	no_shadow
}
cylinder {
	<21.811167, 20.111565, 8.771260>,  <22.350048, 20.149353, 8.164819>, 0.130000
	pigment { color rgbt <1,0,0,0> }
	no_shadow
}

// nucleotide -1

// particle -1
sphere {
	<21.811167, 20.111565, 8.771260> 0.250000
	pigment { color rgbt <1,0,0,0> }
	no_shadow
}
cylinder {
	<21.968948, 19.744011, 8.774368>,  <22.063618, 19.523479, 8.776234>, 0.100000
	pigment { color rgbt <1,0,0,0> }
	no_shadow
}
cylinder {
	<21.968948, 19.744011, 8.774368>,  <21.811167, 20.111565, 8.771260>, 0.100000
	pigment { color rgbt <1,0,0,0> }
	no_shadow
}

// particle -1
sphere {
	<21.968948, 19.744011, 8.774368> 0.100000
	pigment { color rgbt <1,0,0,0> }
	no_shadow
}
sphere {
	0, 1
	scale<0.080000,0.200000,0.300000>
	matrix <-0.264602, -0.105480, 0.958572,
		-0.879996, -0.380167, -0.284745,
		0.394452, -0.918884, 0.007771,
		22.087284, 19.468346, 8.776699>
	pigment { color rgbt <0,1,1,0> }
	no_shadow
}
cylinder {
	<21.371649, 19.724880, 9.042101>,  <21.811167, 20.111565, 8.771260>, 0.130000
	pigment { color rgbt <1,0,0,0> }
	no_shadow
}

// nucleotide -1

// particle -1
sphere {
	<21.371649, 19.724880, 9.042101> 0.250000
	pigment { color rgbt <1,0,0,0> }
	no_shadow
}
cylinder {
	<21.714340, 19.526112, 9.097365>,  <21.919954, 19.406851, 9.130525>, 0.100000
	pigment { color rgbt <1,0,0,0> }
	no_shadow
}
cylinder {
	<21.714340, 19.526112, 9.097365>,  <21.371649, 19.724880, 9.042101>, 0.100000
	pigment { color rgbt <1,0,0,0> }
	no_shadow
}

// particle -1
sphere {
	<21.714340, 19.526112, 9.097365> 0.100000
	pigment { color rgbt <1,0,0,0> }
	no_shadow
}
sphere {
	0, 1
	scale<0.080000,0.200000,0.300000>
	matrix <-0.261992, -0.188538, 0.946474,
		-0.444276, -0.847066, -0.291715,
		0.856726, -0.496923, 0.138162,
		21.971357, 19.377035, 9.138814>
	pigment { color rgbt <0,1,1,0> }
	no_shadow
}
cylinder {
	<21.230434, 19.092451, 9.440852>,  <21.371649, 19.724880, 9.042101>, 0.130000
	pigment { color rgbt <1,0,0,0> }
	no_shadow
}

// nucleotide -1

// particle -1
sphere {
	<21.230434, 19.092451, 9.440852> 0.250000
	pigment { color rgbt <1,0,0,0> }
	no_shadow
}
cylinder {
	<21.608330, 19.211323, 9.496218>,  <21.835066, 19.282646, 9.529437>, 0.100000
	pigment { color rgbt <1,0,0,0> }
	no_shadow
}
cylinder {
	<21.608330, 19.211323, 9.496218>,  <21.230434, 19.092451, 9.440852>, 0.100000
	pigment { color rgbt <1,0,0,0> }
	no_shadow
}

// particle -1
sphere {
	<21.608330, 19.211323, 9.496218> 0.100000
	pigment { color rgbt <1,0,0,0> }
	no_shadow
}
sphere {
	0, 1
	scale<0.080000,0.200000,0.300000>
	matrix <-0.046839, -0.295522, 0.954187,
		0.324468, -0.907938, -0.265271,
		0.944736, 0.297178, 0.138415,
		21.891750, 19.300476, 9.537742>
	pigment { color rgbt <0,1,1,0> }
	no_shadow
}
cylinder {
	<21.698780, 18.570869, 9.882131>,  <21.230434, 19.092451, 9.440852>, 0.130000
	pigment { color rgbt <1,0,0,0> }
	no_shadow
}

// nucleotide -1

// particle -1
sphere {
	<21.698780, 18.570869, 9.882131> 0.250000
	pigment { color rgbt <1,0,0,0> }
	no_shadow
}
cylinder {
	<21.851906, 18.937469, 9.928569>,  <21.943781, 19.157431, 9.956431>, 0.100000
	pigment { color rgbt <1,0,0,0> }
	no_shadow
}
cylinder {
	<21.851906, 18.937469, 9.928569>,  <21.698780, 18.570869, 9.882131>, 0.100000
	pigment { color rgbt <1,0,0,0> }
	no_shadow
}

// particle -1
sphere {
	<21.851906, 18.937469, 9.928569> 0.100000
	pigment { color rgbt <1,0,0,0> }
	no_shadow
}
sphere {
	0, 1
	scale<0.080000,0.200000,0.300000>
	matrix <0.027286, -0.136830, 0.990219,
		0.923423, -0.375901, -0.077388,
		0.382814, 0.916502, 0.116095,
		21.966749, 19.212420, 9.963397>
	pigment { color rgbt <0,1,1,0> }
	no_shadow
}
cylinder {
	<22.364605, 18.629391, 10.304003>,  <21.698780, 18.570869, 9.882131>, 0.130000
	pigment { color rgbt <1,0,0,0> }
	no_shadow
}

// nucleotide -1

// particle -1
sphere {
	<22.364605, 18.629391, 10.304003> 0.250000
	pigment { color rgbt <1,0,0,0> }
	no_shadow
}
cylinder {
	<22.165638, 18.972248, 10.357492>,  <22.046257, 19.177961, 10.389586>, 0.100000
	pigment { color rgbt <1,0,0,0> }
	no_shadow
}
cylinder {
	<22.165638, 18.972248, 10.357492>,  <22.364605, 18.629391, 10.304003>, 0.100000
	pigment { color rgbt <1,0,0,0> }
	no_shadow
}

// particle -1
sphere {
	<22.165638, 18.972248, 10.357492> 0.100000
	pigment { color rgbt <1,0,0,0> }
	no_shadow
}
sphere {
	0, 1
	scale<0.080000,0.200000,0.300000>
	matrix <0.088722, -0.103074, 0.990709,
		0.862962, 0.504662, -0.024777,
		-0.497419, 0.857142, 0.133724,
		22.016413, 19.229391, 10.397610>
	pigment { color rgbt <0,1,1,0> }
	no_shadow
}
cylinder {
	<22.828650, 18.966139, 10.659479>,  <22.364605, 18.629391, 10.304003>, 0.130000
	pigment { color rgbt <1,0,0,0> }
	no_shadow
}

// nucleotide -1

// particle -1
sphere {
	<22.828650, 18.966139, 10.659479> 0.250000
	pigment { color rgbt <1,0,0,0> }
	no_shadow
}
cylinder {
	<22.477913, 19.144230, 10.732050>,  <22.267471, 19.251085, 10.775593>, 0.100000
	pigment { color rgbt <1,0,0,0> }
	no_shadow
}
cylinder {
	<22.477913, 19.144230, 10.732050>,  <22.828650, 18.966139, 10.659479>, 0.100000
	pigment { color rgbt <1,0,0,0> }
	no_shadow
}

// particle -1
sphere {
	<22.477913, 19.144230, 10.732050> 0.100000
	pigment { color rgbt <1,0,0,0> }
	no_shadow
}
sphere {
	0, 1
	scale<0.080000,0.200000,0.300000>
	matrix <0.105385, -0.190196, 0.976074,
		0.469084, 0.874983, 0.119851,
		-0.876843, 0.445230, 0.181428,
		22.214859, 19.277800, 10.786478>
	pigment { color rgbt <0,1,1,0> }
	no_shadow
}
cylinder {
	<22.931414, 19.437494, 11.186914>,  <22.828650, 18.966139, 10.659479>, 0.130000
	pigment { color rgbt <1,0,0,0> }
	no_shadow
}

// nucleotide -1

// particle -1
sphere {
	<22.931414, 19.437494, 11.186914> 0.250000
	pigment { color rgbt <1,0,0,0> }
	no_shadow
}
cylinder {
	<22.535583, 19.390804, 11.220659>,  <22.298086, 19.362789, 11.240907>, 0.100000
	pigment { color rgbt <1,0,0,0> }
	no_shadow
}
cylinder {
	<22.535583, 19.390804, 11.220659>,  <22.931414, 19.437494, 11.186914>, 0.100000
	pigment { color rgbt <1,0,0,0> }
	no_shadow
}

// particle -1
sphere {
	<22.535583, 19.390804, 11.220659> 0.100000
	pigment { color rgbt <1,0,0,0> }
	no_shadow
}
sphere {
	0, 1
	scale<0.080000,0.200000,0.300000>
	matrix <0.102518, -0.159485, 0.981863,
		-0.101155, 0.980275, 0.169789,
		-0.989574, -0.116727, 0.084363,
		22.238710, 19.355785, 11.245968>
	pigment { color rgbt <0,1,1,0> }
	no_shadow
}
cylinder {
	<22.833193, 19.691891, 11.879933>,  <22.931414, 19.437494, 11.186914>, 0.130000
	pigment { color rgbt <1,0,0,0> }
	no_shadow
}

// nucleotide -1

// particle -1
sphere {
	<22.833193, 19.691891, 11.879933> 0.250000
	pigment { color rgbt <1,0,0,0> }
	no_shadow
}
cylinder {
	<22.488445, 19.501499, 11.809929>,  <22.281597, 19.387264, 11.767926>, 0.100000
	pigment { color rgbt <1,0,0,0> }
	no_shadow
}
cylinder {
	<22.488445, 19.501499, 11.809929>,  <22.833193, 19.691891, 11.879933>, 0.100000
	pigment { color rgbt <1,0,0,0> }
	no_shadow
}

// particle -1
sphere {
	<22.488445, 19.501499, 11.809929> 0.100000
	pigment { color rgbt <1,0,0,0> }
	no_shadow
}
sphere {
	0, 1
	scale<0.080000,0.200000,0.300000>
	matrix <-0.093361, -0.190280, 0.977280,
		-0.498467, 0.858625, 0.119558,
		-0.861867, -0.475980, -0.175010,
		22.229885, 19.358706, 11.757426>
	pigment { color rgbt <0,1,1,0> }
	no_shadow
}
cylinder {
	<22.515797, 19.807032, 12.454518>,  <22.833193, 19.691891, 11.879933>, 0.130000
	pigment { color rgbt <1,0,0,0> }
	no_shadow
}

// nucleotide -1

// particle -1
sphere {
	<22.515797, 19.807032, 12.454518> 0.250000
	pigment { color rgbt <1,0,0,0> }
	no_shadow
}
cylinder {
	<22.306641, 19.507038, 12.292476>,  <22.181147, 19.327042, 12.195251>, 0.100000
	pigment { color rgbt <1,0,0,0> }
	no_shadow
}
cylinder {
	<22.306641, 19.507038, 12.292476>,  <22.515797, 19.807032, 12.454518>, 0.100000
	pigment { color rgbt <1,0,0,0> }
	no_shadow
}

// particle -1
sphere {
	<22.306641, 19.507038, 12.292476> 0.100000
	pigment { color rgbt <1,0,0,0> }
	no_shadow
}
sphere {
	0, 1
	scale<0.080000,0.200000,0.300000>
	matrix <-0.147408, -0.388533, 0.909567,
		-0.839556, 0.535322, 0.092607,
		-0.522892, -0.749982, -0.405106,
		22.149773, 19.282043, 12.170944>
	pigment { color rgbt <0,1,1,0> }
	no_shadow
}
cylinder {
	<21.872131, 19.783602, 12.786122>,  <22.515797, 19.807032, 12.454518>, 0.130000
	pigment { color rgbt <1,0,0,0> }
	no_shadow
}

// nucleotide -1

// particle -1
sphere {
	<21.872131, 19.783602, 12.786122> 0.250000
	pigment { color rgbt <1,0,0,0> }
	no_shadow
}
cylinder {
	<21.940899, 19.417049, 12.641519>,  <21.982159, 19.197119, 12.554756>, 0.100000
	pigment { color rgbt <1,0,0,0> }
	no_shadow
}
cylinder {
	<21.940899, 19.417049, 12.641519>,  <21.872131, 19.783602, 12.786122>, 0.100000
	pigment { color rgbt <1,0,0,0> }
	no_shadow
}

// particle -1
sphere {
	<21.940899, 19.417049, 12.641519> 0.100000
	pigment { color rgbt <1,0,0,0> }
	no_shadow
}
sphere {
	0, 1
	scale<0.080000,0.200000,0.300000>
	matrix <-0.197811, -0.391612, 0.898616,
		-0.965047, -0.082977, -0.248595,
		0.171918, -0.916382, -0.361510,
		21.992474, 19.142136, 12.533066>
	pigment { color rgbt <0,1,1,0> }
	no_shadow
}
cylinder {
	<21.350395, 19.421856, 13.096853>,  <21.872131, 19.783602, 12.786122>, 0.130000
	pigment { color rgbt <1,0,0,0> }
	no_shadow
}

// nucleotide -1

// particle -1
sphere {
	<21.350395, 19.421856, 13.096853> 0.250000
	pigment { color rgbt <1,0,0,0> }
	no_shadow
}
cylinder {
	<21.620522, 19.147217, 12.989124>,  <21.782597, 18.982433, 12.924487>, 0.100000
	pigment { color rgbt <1,0,0,0> }
	no_shadow
}
cylinder {
	<21.620522, 19.147217, 12.989124>,  <21.350395, 19.421856, 13.096853>, 0.100000
	pigment { color rgbt <1,0,0,0> }
	no_shadow
}

// particle -1
sphere {
	<21.620522, 19.147217, 12.989124> 0.100000
	pigment { color rgbt <1,0,0,0> }
	no_shadow
}
sphere {
	0, 1
	scale<0.080000,0.200000,0.300000>
	matrix <-0.189605, -0.514516, 0.836255,
		-0.712741, -0.513670, -0.477643,
		0.675315, -0.686597, -0.269322,
		21.823116, 18.941238, 12.908328>
	pigment { color rgbt <0,1,1,0> }
	no_shadow
}
cylinder {
	<21.033079, 18.747931, 13.064751>,  <21.350395, 19.421856, 13.096853>, 0.130000
	pigment { color rgbt <1,0,0,0> }
	no_shadow
}

// nucleotide -1

// particle -1
sphere {
