// switches for output
#declare DRAW_BASES = 1; // possible values are 0, 1; only relevant for DNA ribbons
#declare DRAW_BASES_TYPE = 3; // possible values are 1, 2, 3; only relevant for DNA ribbons
#declare DRAW_FOG = 0; // set to 1 to enable fog

#include "colors.inc"

#include "transforms.inc"
background { rgb <1, 1, 1>}

#default {
   normal{
       ripples 0.25
       frequency 0.20
       turbulence 0.2
       lambda 5
   }
	finish {
		phong 0.1
		phong_size 40.
	}
}

// original window dimensions: 1024x640


// camera settings

camera {
	sky <-0, 1, 0>
	up <-0, 1, 0>
	right 1.6 * <1, 0, 0>
	location <18.5, 18.5, 82.5562>
	look_at <18.5, 18.5, 18.5>
	direction <0, 0, -64.0562>
	angle 67.0682
}


# declare cpy_camera_pos = <18.5, 18.5, 82.5562>;
# if (DRAW_FOG = 1)
fog {
	fog_type 2
	up vnormalize(cpy_camera_pos)
	color rgbt<1,1,1,0.3>
	distance 1e-5
	fog_alt 3e-3
	fog_offset 29.6
}
# end


// LIGHTS

# declare lum = 6;
global_settings {
	ambient_light rgb lum * <0.05, 0.05, 0.05>
	max_trace_level 15
}# declare cpy_direct_light_amount = 0.25;
light_source
{	1000 * <-1, -1, 1>,
	rgb lum * cpy_direct_light_amount
	parallel
}

light_source
{	1000 * <1, 1, -1>,
	rgb lum * cpy_direct_light_amount
	parallel
}

// strand 0

// nucleotide -1

// particle -1
sphere {
	<22.739544, 16.843126, -1.881120> 0.250000
	pigment { color rgbt <1,0,0,0> }
	no_shadow
}
cylinder {
	<22.443817, 17.084167, -2.001303>,  <22.266380, 17.228792, -2.073413>, 0.100000
	pigment { color rgbt <1,0,0,0> }
	no_shadow
}
cylinder {
	<22.443817, 17.084167, -2.001303>,  <22.739544, 16.843126, -1.881120>, 0.100000
	pigment { color rgbt <1,0,0,0> }
	no_shadow
}

// particle -1
sphere {
	<22.443817, 17.084167, -2.001303> 0.100000
	pigment { color rgbt <1,0,0,0> }
	no_shadow
}
sphere {
	0, 1
	scale<0.080000,0.200000,0.300000>
	matrix <0.667243, 0.715616, -0.206593,
		0.090517, -0.353216, -0.931153,
		-0.739319, 0.602605, -0.300457,
		22.222021, 17.264950, -2.091440>
	pigment { color rgbt <0,1,1,0> }
	no_shadow
}
cylinder {
	<22.972015, 16.046003, -1.835631>,  <22.739544, 16.843126, -1.881120>, 0.130000
	pigment { color rgbt <1,0,0,0> }
	no_shadow
}

// nucleotide -1

// particle -1
sphere {
	<22.972015, 16.046003, -1.835631> 0.250000
	pigment { color rgbt <1,0,0,0> }
	no_shadow
}
cylinder {
	<22.675934, 16.152550, -1.588683>,  <22.498285, 16.216476, -1.440513>, 0.100000
	pigment { color rgbt <1,0,0,0> }
	no_shadow
}
cylinder {
	<22.675934, 16.152550, -1.588683>,  <22.972015, 16.046003, -1.835631>, 0.100000
	pigment { color rgbt <1,0,0,0> }
	no_shadow
}

// particle -1
sphere {
	<22.675934, 16.152550, -1.588683> 0.100000
	pigment { color rgbt <1,0,0,0> }
	no_shadow
}
sphere {
	0, 1
	scale<0.080000,0.200000,0.300000>
	matrix <0.008921, -0.914215, 0.405132,
		0.672322, 0.305388, 0.674330,
		-0.740205, 0.266364, 0.617371,
		22.453873, 16.232458, -1.403471>
	pigment { color rgbt <0,1,1,0> }
	no_shadow
}
cylinder {
	<23.099237, 15.713329, -1.164267>,  <22.972015, 16.046003, -1.835631>, 0.130000
	pigment { color rgbt <1,0,0,0> }
	no_shadow
}

// nucleotide -1

// particle -1
sphere {
	<23.099237, 15.713329, -1.164267> 0.250000
	pigment { color rgbt <1,0,0,0> }
	no_shadow
}
cylinder {
	<22.723743, 15.847820, -1.133990>,  <22.498447, 15.928514, -1.115824>, 0.100000
	pigment { color rgbt <1,0,0,0> }
	no_shadow
}
cylinder {
	<22.723743, 15.847820, -1.133990>,  <23.099237, 15.713329, -1.164267>, 0.100000
	pigment { color rgbt <1,0,0,0> }
	no_shadow
}

// particle -1
sphere {
	<22.723743, 15.847820, -1.133990> 0.100000
	pigment { color rgbt <1,0,0,0> }
	no_shadow
}
sphere {
	0, 1
	scale<0.080000,0.200000,0.300000>
	matrix <-0.264567, -0.843783, 0.466942,
		0.220866, 0.418309, 0.881043,
		-0.938735, 0.336227, 0.075692,
		22.442123, 15.948689, -1.111283>
	pigment { color rgbt <0,1,1,0> }
	no_shadow
}
cylinder {
	<22.889425, 15.622700, -0.453268>,  <23.099237, 15.713329, -1.164267>, 0.130000
	pigment { color rgbt <1,0,0,0> }
	no_shadow
}

// nucleotide -1

// particle -1
sphere {
	<22.889425, 15.622700, -0.453268> 0.250000
	pigment { color rgbt <1,0,0,0> }
	no_shadow
}
cylinder {
	<22.553986, 15.631054, -0.671006>,  <22.352722, 15.636066, -0.801649>, 0.100000
	pigment { color rgbt <1,0,0,0> }
	no_shadow
}
cylinder {
	<22.553986, 15.631054, -0.671006>,  <22.889425, 15.622700, -0.453268>, 0.100000
	pigment { color rgbt <1,0,0,0> }
	no_shadow
}

// particle -1
sphere {
	<22.553986, 15.631054, -0.671006> 0.100000
	pigment { color rgbt <1,0,0,0> }
	no_shadow
}
sphere {
	0, 1
	scale<0.080000,0.200000,0.300000>
	matrix <-0.348792, -0.788160, 0.507098,
		-0.418440, 0.615116, 0.668236,
		-0.838601, 0.020885, -0.544345,
		22.302404, 15.637320, -0.834310>
	pigment { color rgbt <0,1,1,0> }
	no_shadow
}
cylinder {
	<22.422014, 16.028847, 0.044815>,  <22.889425, 15.622700, -0.453268>, 0.130000
	pigment { color rgbt <1,0,0,0> }
	no_shadow
}

// nucleotide -1

// particle -1
sphere {
	<22.422014, 16.028847, 0.044815> 0.250000
	pigment { color rgbt <1,0,0,0> }
	no_shadow
}
cylinder {
	<22.069412, 15.889488, -0.082663>,  <21.857851, 15.805873, -0.159149>, 0.100000
	pigment { color rgbt <1,0,0,0> }
	no_shadow
}
cylinder {
	<22.069412, 15.889488, -0.082663>,  <22.422014, 16.028847, 0.044815>, 0.100000
	pigment { color rgbt <1,0,0,0> }
	no_shadow
}

// particle -1
sphere {
	<22.069412, 15.889488, -0.082663> 0.100000
	pigment { color rgbt <1,0,0,0> }
	no_shadow
}
sphere {
	0, 1
	scale<0.080000,0.200000,0.300000>
	matrix <-0.462372, 0.500117, 0.732185,
		-0.095707, 0.792781, -0.601946,
		-0.881506, -0.348399, -0.318695,
		21.804960, 15.784968, -0.178271>
	pigment { color rgbt <0,1,1,0> }
	no_shadow
}
cylinder {
	<21.994566, 16.612738, -0.160970>,  <22.422014, 16.028847, 0.044815>, 0.130000
	pigment { color rgbt <1,0,0,0> }
	no_shadow
}

// nucleotide -1

// particle -1
sphere {
	<21.994566, 16.612738, -0.160970> 0.250000
	pigment { color rgbt <1,0,0,0> }
	no_shadow
}
cylinder {
	<21.781647, 16.304436, -0.020915>,  <21.653894, 16.119455, 0.063118>, 0.100000
	pigment { color rgbt <1,0,0,0> }
	no_shadow
}
cylinder {
	<21.781647, 16.304436, -0.020915>,  <21.994566, 16.612738, -0.160970>, 0.100000
	pigment { color rgbt <1,0,0,0> }
	no_shadow
}

// particle -1
sphere {
	<21.781647, 16.304436, -0.020915> 0.100000
	pigment { color rgbt <1,0,0,0> }
	no_shadow
}
sphere {
	0, 1
	scale<0.080000,0.200000,0.300000>
	matrix <-0.338344, 0.572825, 0.746589,
		-0.776004, 0.278940, -0.565694,
		-0.532297, -0.770755, 0.350137,
		21.621958, 16.073210, 0.084126>
	pigment { color rgbt <0,1,1,0> }
	no_shadow
}
cylinder {
	<21.298820, 16.895475, -0.128521>,  <21.994566, 16.612738, -0.160970>, 0.130000
	pigment { color rgbt <1,0,0,0> }
	no_shadow
}

// nucleotide -1

// particle -1
sphere {
	<21.298820, 16.895475, -0.128521> 0.250000
	pigment { color rgbt <1,0,0,0> }
	no_shadow
}
cylinder {
	<21.376663, 16.615204, 0.146049>,  <21.423368, 16.447041, 0.310791>, 0.100000
	pigment { color rgbt <1,0,0,0> }
	no_shadow
}
cylinder {
	<21.376663, 16.615204, 0.146049>,  <21.298820, 16.895475, -0.128521>, 0.100000
	pigment { color rgbt <1,0,0,0> }
	no_shadow
}

// particle -1
sphere {
	<21.376663, 16.615204, 0.146049> 0.100000
	pigment { color rgbt <1,0,0,0> }
	no_shadow
}
sphere {
	0, 1
	scale<0.080000,0.200000,0.300000>
	matrix <-0.315280, 0.617987, 0.720202,
		-0.928831, -0.356572, -0.100645,
		0.194606, -0.700677, 0.686426,
		21.435045, 16.405001, 0.351977>
	pigment { color rgbt <0,1,1,0> }
	no_shadow
}
cylinder {
	<20.664961, 16.728739, 0.307221>,  <21.298820, 16.895475, -0.128521>, 0.130000
	pigment { color rgbt <1,0,0,0> }
	no_shadow
}

// nucleotide -1

// particle -1
sphere {
	<20.664961, 16.728739, 0.307221> 0.250000
	pigment { color rgbt <1,0,0,0> }
	no_shadow
}
cylinder {
	<21.024876, 16.709431, 0.480682>,  <21.240824, 16.697845, 0.584759>, 0.100000
	pigment { color rgbt <1,0,0,0> }
	no_shadow
}
cylinder {
	<21.024876, 16.709431, 0.480682>,  <20.664961, 16.728739, 0.307221>, 0.100000
	pigment { color rgbt <1,0,0,0> }
	no_shadow
}

// particle -1
sphere {
	<21.024876, 16.709431, 0.480682> 0.100000
	pigment { color rgbt <1,0,0,0> }
	no_shadow
}
sphere {
	0, 1
	scale<0.080000,0.200000,0.300000>
	matrix <-0.261433, 0.736072, 0.624381,
		-0.349338, -0.675180, 0.649688,
		0.899786, -0.048270, 0.433652,
		21.294811, 16.694950, 0.610778>
	pigment { color rgbt <0,1,1,0> }
	no_shadow
}
cylinder {
	<20.145380, 17.394070, 0.510790>,  <20.664961, 16.728739, 0.307221>, 0.130000
	pigment { color rgbt <1,0,0,0> }
	no_shadow
}

// nucleotide -1

// particle -1
sphere {
	<20.145380, 17.394070, 0.510790> 0.250000
	pigment { color rgbt <1,0,0,0> }
	no_shadow
}
cylinder {
	<20.087242, 17.761276, 0.658371>,  <20.052361, 17.981600, 0.746919>, 0.100000
	pigment { color rgbt <1,0,0,0> }
	no_shadow
}
cylinder {
	<20.087242, 17.761276, 0.658371>,  <20.145380, 17.394070, 0.510790>, 0.100000
	pigment { color rgbt <1,0,0,0> }
	no_shadow
}

// particle -1
sphere {
	<20.087242, 17.761276, 0.658371> 0.100000
	pigment { color rgbt <1,0,0,0> }
	no_shadow
}
sphere {
	0, 1
	scale<0.080000,0.200000,0.300000>
	matrix <0.353774, -0.300035, 0.885903,
		0.923970, 0.259285, -0.281161,
		-0.145343, 0.918014, 0.368951,
		20.043640, 18.036680, 0.769056>
	pigment { color rgbt <0,1,1,0> }
	no_shadow
}
cylinder {
	<20.116026, 17.436043, 1.330942>,  <20.145380, 17.394070, 0.510790>, 0.130000
	pigment { color rgbt <1,0,0,0> }
	no_shadow
}

// nucleotide -1

// particle -1
sphere {
	<20.116026, 17.436043, 1.330942> 0.250000
	pigment { color rgbt <1,0,0,0> }
	no_shadow
}
cylinder {
	<20.334099, 17.727829, 1.165702>,  <20.464943, 17.902901, 1.066558>, 0.100000
	pigment { color rgbt <1,0,0,0> }
	no_shadow
}
cylinder {
	<20.334099, 17.727829, 1.165702>,  <20.116026, 17.436043, 1.330942>, 0.100000
	pigment { color rgbt <1,0,0,0> }
	no_shadow
}

// particle -1
sphere {
	<20.334099, 17.727829, 1.165702> 0.100000
	pigment { color rgbt <1,0,0,0> }
	no_shadow
}
sphere {
	0, 1
	scale<0.080000,0.200000,0.300000>
	matrix <-0.728871, 0.655906, 0.196305,
		0.414152, 0.194074, 0.889277,
		0.545184, 0.729468, -0.413099,
		20.497654, 17.946669, 1.041773>
	pigment { color rgbt <0,1,1,0> }
	no_shadow
}
cylinder {
	<19.477842, 17.735327, 1.035216>,  <20.116026, 17.436043, 1.330942>, 0.130000
	pigment { color rgbt <1,0,0,0> }
	no_shadow
}

// nucleotide -1

// particle -1
sphere {
	<19.477842, 17.735327, 1.035216> 0.250000
	pigment { color rgbt <1,0,0,0> }
	no_shadow
}
cylinder {
	<19.626091, 18.084064, 0.907135>,  <19.715040, 18.293306, 0.830287>, 0.100000
	pigment { color rgbt <1,0,0,0> }
	no_shadow
}
cylinder {
	<19.626091, 18.084064, 0.907135>,  <19.477842, 17.735327, 1.035216>, 0.100000
	pigment { color rgbt <1,0,0,0> }
	no_shadow
}

// particle -1
sphere {
	<19.626091, 18.084064, 0.907135> 0.100000
	pigment { color rgbt <1,0,0,0> }
	no_shadow
}
sphere {
	0, 1
	scale<0.080000,0.200000,0.300000>
	matrix <-0.920326, 0.391152, -0.000218,
		0.125058, 0.294771, 0.947349,
		0.370622, 0.871843, -0.320202,
		19.737278, 18.345617, 0.811075>
	pigment { color rgbt <0,1,1,0> }
	no_shadow
}
cylinder {
	<19.314871, 18.139515, 1.456633>,  <19.477842, 17.735327, 1.035216>, 0.130000
	pigment { color rgbt <1,0,0,0> }
	no_shadow
}

// nucleotide -1

// particle -1
sphere {
	<19.314871, 18.139515, 1.456633> 0.250000
	pigment { color rgbt <1,0,0,0> }
	no_shadow
}
cylinder {
	<19.357113, 18.369148, 1.131849>,  <19.382458, 18.506927, 0.936979>, 0.100000
	pigment { color rgbt <1,0,0,0> }
	no_shadow
}
cylinder {
	<19.357113, 18.369148, 1.131849>,  <19.314871, 18.139515, 1.456633>, 0.100000
	pigment { color rgbt <1,0,0,0> }
	no_shadow
}

// particle -1
sphere {
	<19.357113, 18.369148, 1.131849> 0.100000
	pigment { color rgbt <1,0,0,0> }
	no_shadow
}
sphere {
	0, 1
	scale<0.080000,0.200000,0.300000>
	matrix <-0.808704, 0.524727, 0.265818,
		0.578658, 0.628563, 0.519677,
		0.105605, 0.574083, -0.811958,
		19.388794, 18.541372, 0.888262>
	pigment { color rgbt <0,1,1,0> }
	no_shadow
}
cylinder {
	<19.155659, 18.775856, 1.663684>,  <19.314871, 18.139515, 1.456633>, 0.130000
	pigment { color rgbt <1,0,0,0> }
	no_shadow
}

// nucleotide -1

// particle -1
sphere {
	<19.155659, 18.775856, 1.663684> 0.250000
	pigment { color rgbt <1,0,0,0> }
	no_shadow
}
cylinder {
	<19.093956, 18.752205, 1.269180>,  <19.056934, 18.738014, 1.032478>, 0.100000
	pigment { color rgbt <1,0,0,0> }
	no_shadow
}
cylinder {
	<19.093956, 18.752205, 1.269180>,  <19.155659, 18.775856, 1.663684>, 0.100000
	pigment { color rgbt <1,0,0,0> }
	no_shadow
}

// particle -1
sphere {
	<19.093956, 18.752205, 1.269180> 0.100000
	pigment { color rgbt <1,0,0,0> }
	no_shadow
}
sphere {
	0, 1
	scale<0.080000,0.200000,0.300000>
	matrix <-0.821859, 0.561736, 0.094870,
		0.548408, 0.825201, -0.135246,
		-0.154259, -0.059126, -0.986260,
		19.047678, 18.734467, 0.973302>
	pigment { color rgbt <0,1,1,0> }
	no_shadow
}
cylinder {
	<19.051140, 19.487373, 1.519836>,  <19.155659, 18.775856, 1.663684>, 0.130000
	pigment { color rgbt <1,0,0,0> }
	no_shadow
}

// nucleotide -1

// particle -1
sphere {
	<19.051140, 19.487373, 1.519836> 0.250000
	pigment { color rgbt <1,0,0,0> }
	no_shadow
}
cylinder {
	<18.896900, 19.220818, 1.264574>,  <18.804358, 19.060884, 1.111417>, 0.100000
	pigment { color rgbt <1,0,0,0> }
	no_shadow
}
cylinder {
	<18.896900, 19.220818, 1.264574>,  <19.051140, 19.487373, 1.519836>, 0.100000
	pigment { color rgbt <1,0,0,0> }
	no_shadow
}

// particle -1
sphere {
	<18.896900, 19.220818, 1.264574> 0.100000
	pigment { color rgbt <1,0,0,0> }
	no_shadow
}
sphere {
	0, 1
	scale<0.080000,0.200000,0.300000>
	matrix <-0.913041, 0.375235, 0.159858,
		0.132930, 0.644303, -0.753129,
		-0.385598, -0.666388, -0.638155,
		18.781221, 19.020901, 1.073128>
	pigment { color rgbt <0,1,1,0> }
	no_shadow
}
cylinder {
	<18.787527, 19.832310, 0.881567>,  <19.051140, 19.487373, 1.519836>, 0.130000
	pigment { color rgbt <1,0,0,0> }
	no_shadow
}

// nucleotide -1

// particle -1
sphere {
	<18.787527, 19.832310, 0.881567> 0.250000
	pigment { color rgbt <1,0,0,0> }
	no_shadow
}
cylinder {
	<18.592342, 19.514874, 1.026953>,  <18.475231, 19.324411, 1.114184>, 0.100000
	pigment { color rgbt <1,0,0,0> }
	no_shadow
}
cylinder {
	<18.592342, 19.514874, 1.026953>,  <18.787527, 19.832310, 0.881567>, 0.100000
	pigment { color rgbt <1,0,0,0> }
	no_shadow
}

// particle -1
sphere {
	<18.592342, 19.514874, 1.026953> 0.100000
	pigment { color rgbt <1,0,0,0> }
	no_shadow
}
sphere {
	0, 1
	scale<0.080000,0.200000,0.300000>
	matrix <-0.730718, 0.599159, 0.327200,
		-0.477435, -0.105928, -0.872258,
		-0.487961, -0.793592, 0.363463,
		18.445953, 19.276796, 1.135992>
	pigment { color rgbt <0,1,1,0> }
	no_shadow
}
cylinder {
	<18.085384, 19.675211, 0.627440>,  <18.787527, 19.832310, 0.881567>, 0.130000
	pigment { color rgbt <1,0,0,0> }
	no_shadow
}

// nucleotide -1

// particle -1
sphere {
	<18.085384, 19.675211, 0.627440> 0.250000
	pigment { color rgbt <1,0,0,0> }
	no_shadow
}
cylinder {
	<18.109337, 19.553516, 1.007725>,  <18.123709, 19.480499, 1.235896>, 0.100000
	pigment { color rgbt <1,0,0,0> }
	no_shadow
}
cylinder {
	<18.109337, 19.553516, 1.007725>,  <18.085384, 19.675211, 0.627440>, 0.100000
	pigment { color rgbt <1,0,0,0> }
	no_shadow
}

// particle -1
sphere {
	<18.109337, 19.553516, 1.007725> 0.100000
	pigment { color rgbt <1,0,0,0> }
	no_shadow
}
sphere {
	0, 1
	scale<0.080000,0.200000,0.300000>
	matrix <-0.749556, 0.615286, 0.244108,
		-0.659227, -0.727230, -0.191198,
		0.059881, -0.304236, 0.950713,
		18.127302, 19.462246, 1.292939>
	pigment { color rgbt <0,1,1,0> }
	no_shadow
}
cylinder {
	<17.545925, 20.034025, 0.900886>,  <18.085384, 19.675211, 0.627440>, 0.130000
	pigment { color rgbt <1,0,0,0> }
	no_shadow
}

// nucleotide -1

// particle -1
sphere {
	<17.545925, 20.034025, 0.900886> 0.250000
	pigment { color rgbt <1,0,0,0> }
	no_shadow
}
cylinder {
	<17.691475, 19.872883, 1.236815>,  <17.778805, 19.776197, 1.438372>, 0.100000
	pigment { color rgbt <1,0,0,0> }
	no_shadow
}
cylinder {
	<17.691475, 19.872883, 1.236815>,  <17.545925, 20.034025, 0.900886>, 0.100000
	pigment { color rgbt <1,0,0,0> }
	no_shadow
}

// particle -1
sphere {
	<17.691475, 19.872883, 1.236815> 0.100000
	pigment { color rgbt <1,0,0,0> }
	no_shadow
}
sphere {
	0, 1
	scale<0.080000,0.200000,0.300000>
	matrix <-0.564681, 0.621640, 0.542861,
		-0.740763, -0.671765, -0.001287,
		0.363876, -0.402858, 0.839821,
		17.800638, 19.752026, 1.488761>
	pigment { color rgbt <0,1,1,0> }
	no_shadow
}
cylinder {
	<16.875105, 19.823530, 1.325203>,  <17.545925, 20.034025, 0.900886>, 0.130000
	pigment { color rgbt <1,0,0,0> }
	no_shadow
}

// nucleotide -1

// particle -1
sphere {
	<16.875105, 19.823530, 1.325203> 0.250000
	pigment { color rgbt <1,0,0,0> }
	no_shadow
}
cylinder {
	<17.223038, 19.946182, 1.479796>,  <17.431797, 20.019773, 1.572552>, 0.100000
	pigment { color rgbt <1,0,0,0> }
	no_shadow
}
cylinder {
	<17.223038, 19.946182, 1.479796>,  <16.875105, 19.823530, 1.325203>, 0.100000
	pigment { color rgbt <1,0,0,0> }
	no_shadow
}

// particle -1
sphere {
	<17.223038, 19.946182, 1.479796> 0.100000
	pigment { color rgbt <1,0,0,0> }
	no_shadow
}
sphere {
	0, 1
	scale<0.080000,0.200000,0.300000>
	matrix <-0.481147, 0.700400, 0.527198,
		-0.109038, -0.644529, 0.756765,
		0.869833, 0.306630, 0.386483,
		17.483988, 20.038172, 1.595741>
	pigment { color rgbt <0,1,1,0> }
	no_shadow
}
cylinder {
	<16.938759, 19.702896, 2.051631>,  <16.875105, 19.823530, 1.325203>, 0.130000
	pigment { color rgbt <1,0,0,0> }
	no_shadow
}

// nucleotide -1

// particle -1
sphere {
	<16.938759, 19.702896, 2.051631> 0.250000
	pigment { color rgbt <1,0,0,0> }
	no_shadow
}
cylinder {
	<17.121334, 20.022022, 1.894071>,  <17.230879, 20.213497, 1.799535>, 0.100000
	pigment { color rgbt <1,0,0,0> }
	no_shadow
}
cylinder {
	<17.121334, 20.022022, 1.894071>,  <16.938759, 19.702896, 2.051631>, 0.100000
	pigment { color rgbt <1,0,0,0> }
	no_shadow
}

// particle -1
sphere {
	<17.121334, 20.022022, 1.894071> 0.100000
	pigment { color rgbt <1,0,0,0> }
	no_shadow
}
sphere {
	0, 1
	scale<0.080000,0.200000,0.300000>
	matrix <-0.523666, 0.598788, 0.605992,
		0.719331, -0.070327, 0.691099,
		0.456440, 0.797814, -0.393899,
		17.258266, 20.261366, 1.775901>
	pigment { color rgbt <0,1,1,0> }
	no_shadow
}
cylinder {
	<17.220612, 20.192600, 2.555763>,  <16.938759, 19.702896, 2.051631>, 0.130000
	pigment { color rgbt <1,0,0,0> }
	no_shadow
}

// nucleotide -1

// particle -1
sphere {
	<17.220612, 20.192600, 2.555763> 0.250000
	pigment { color rgbt <1,0,0,0> }
	no_shadow
}
cylinder {
	<17.172844, 20.409306, 2.222961>,  <17.144184, 20.539330, 2.023280>, 0.100000
	pigment { color rgbt <1,0,0,0> }
	no_shadow
}
cylinder {
	<17.172844, 20.409306, 2.222961>,  <17.220612, 20.192600, 2.555763>, 0.100000
	pigment { color rgbt <1,0,0,0> }
	no_shadow
}

// particle -1
sphere {
	<17.172844, 20.409306, 2.222961> 0.100000
	pigment { color rgbt <1,0,0,0> }
	no_shadow
}
sphere {
	0, 1
	scale<0.080000,0.200000,0.300000>
	matrix <-0.283037, 0.784652, 0.551553,
		0.951645, 0.301355, 0.059636,
		-0.119420, 0.541762, -0.832005,
		17.137018, 20.571835, 1.973359>
	pigment { color rgbt <0,1,1,0> }
	no_shadow
}
cylinder {
	<17.600641, 20.776171, 2.606084>,  <17.220612, 20.192600, 2.555763>, 0.130000
	pigment { color rgbt <1,0,0,0> }
	no_shadow
}

// nucleotide -1

// particle -1
sphere {
	<17.600641, 20.776171, 2.606084> 0.250000
	pigment { color rgbt <1,0,0,0> }
	no_shadow
}
cylinder {
	<17.254433, 20.820210, 2.410636>,  <17.046707, 20.846634, 2.293368>, 0.100000
	pigment { color rgbt <1,0,0,0> }
	no_shadow
}
cylinder {
	<17.254433, 20.820210, 2.410636>,  <17.600641, 20.776171, 2.606084>, 0.100000
	pigment { color rgbt <1,0,0,0> }
	no_shadow
}

// particle -1
sphere {
	<17.254433, 20.820210, 2.410636> 0.100000
	pigment { color rgbt <1,0,0,0> }
	no_shadow
}
sphere {
	0, 1
	scale<0.080000,0.200000,0.300000>
	matrix <-0.317218, 0.634455, 0.704868,
		0.387613, 0.765078, -0.514210,
		-0.865522, 0.110099, -0.488620,
		16.994776, 20.853239, 2.264050>
	pigment { color rgbt <0,1,1,0> }
	no_shadow
}
cylinder {
	<17.550522, 21.494673, 2.447948>,  <17.600641, 20.776171, 2.606084>, 0.130000
	pigment { color rgbt <1,0,0,0> }
	no_shadow
}

// nucleotide -1

// particle -1
sphere {
	<17.550522, 21.494673, 2.447948> 0.250000
	pigment { color rgbt <1,0,0,0> }
	no_shadow
}
cylinder {
	<17.200409, 21.301506, 2.458328>,  <16.990341, 21.185606, 2.464556>, 0.100000
	pigment { color rgbt <1,0,0,0> }
	no_shadow
}
cylinder {
	<17.200409, 21.301506, 2.458328>,  <17.550522, 21.494673, 2.447948>, 0.100000
	pigment { color rgbt <1,0,0,0> }
	no_shadow
}

// particle -1
sphere {
	<17.200409, 21.301506, 2.458328> 0.100000
	pigment { color rgbt <1,0,0,0> }
	no_shadow
}
sphere {
	0, 1
	scale<0.080000,0.200000,0.300000>
	matrix <-0.263919, 0.521940, 0.811126,
		-0.405249, 0.703116, -0.584296,
		-0.875283, -0.482915, 0.025950,
		16.937824, 21.156631, 2.466113>
	pigment { color rgbt <0,1,1,0> }
	no_shadow
}
cylinder {
	<17.264246, 21.874733, 2.842343>,  <17.550522, 21.494673, 2.447948>, 0.130000
	pigment { color rgbt <1,0,0,0> }
	no_shadow
}

// nucleotide -1

// particle -1
sphere {
	<17.264246, 21.874733, 2.842343> 0.250000
	pigment { color rgbt <1,0,0,0> }
	no_shadow
}
cylinder {
	<17.015083, 21.561939, 2.851144>,  <16.865585, 21.374262, 2.856425>, 0.100000
	pigment { color rgbt <1,0,0,0> }
	no_shadow
}
cylinder {
	<17.015083, 21.561939, 2.851144>,  <17.264246, 21.874733, 2.842343>, 0.100000
	pigment { color rgbt <1,0,0,0> }
	no_shadow
}

// particle -1
sphere {
	<17.015083, 21.561939, 2.851144> 0.100000
	pigment { color rgbt <1,0,0,0> }
	no_shadow
}
sphere {
	0, 1
	scale<0.080000,0.200000,0.300000>
	matrix <-0.161446, 0.156022, 0.974470,
		-0.765455, 0.603453, -0.223436,
		-0.622908, -0.781986, 0.022003,
		16.828211, 21.327343, 2.857745>
	pigment { color rgbt <0,1,1,0> }
	no_shadow
}
cylinder {
	<16.659534, 22.080975, 3.228567>,  <17.264246, 21.874733, 2.842343>, 0.130000
	pigment { color rgbt <1,0,0,0> }
	no_shadow
}

// nucleotide -1

// particle -1
sphere {
	<16.659534, 22.080975, 3.228567> 0.250000
	pigment { color rgbt <1,0,0,0> }
	no_shadow
}
cylinder {
	<16.725143, 21.686565, 3.216875>,  <16.764509, 21.449921, 3.209860>, 0.100000
	pigment { color rgbt <1,0,0,0> }
	no_shadow
}
cylinder {
	<16.725143, 21.686565, 3.216875>,  <16.659534, 22.080975, 3.228567>, 0.100000
	pigment { color rgbt <1,0,0,0> }
	no_shadow
}

// particle -1
sphere {
	<16.725143, 21.686565, 3.216875> 0.100000
	pigment { color rgbt <1,0,0,0> }
	no_shadow
}
sphere {
	0, 1
	scale<0.080000,0.200000,0.300000>
	matrix <-0.137251, -0.052154, 0.989162,
		-0.976862, -0.158233, -0.143887,
		0.164022, -0.986023, -0.029230,
		16.774349, 21.390759, 3.208106>
	pigment { color rgbt <0,1,1,0> }
	no_shadow
}
cylinder {
	<16.176640, 21.770330, 3.673102>,  <16.659534, 22.080975, 3.228567>, 0.130000
	pigment { color rgbt <1,0,0,0> }
	no_shadow
}

// nucleotide -1

// particle -1
sphere {
	<16.176640, 21.770330, 3.673102> 0.250000
	pigment { color rgbt <1,0,0,0> }
	no_shadow
}
cylinder {
	<16.513138, 21.554340, 3.662253>,  <16.715036, 21.424746, 3.655744>, 0.100000
	pigment { color rgbt <1,0,0,0> }
	no_shadow
}
cylinder {
	<16.513138, 21.554340, 3.662253>,  <16.176640, 21.770330, 3.673102>, 0.100000
	pigment { color rgbt <1,0,0,0> }
	no_shadow
}

// particle -1
sphere {
	<16.513138, 21.554340, 3.662253> 0.100000
	pigment { color rgbt <1,0,0,0> }
	no_shadow
}
sphere {
	0, 1
	scale<0.080000,0.200000,0.300000>
	matrix <-0.082404, -0.177633, 0.980641,
		-0.534341, -0.822722, -0.193929,
		0.841243, -0.539977, -0.027121,
		16.765511, 21.392347, 3.654117>
	pigment { color rgbt <0,1,1,0> }
	no_shadow
}
cylinder {
	<16.201508, 21.111334, 3.928576>,  <16.176640, 21.770330, 3.673102>, 0.130000
	pigment { color rgbt <1,0,0,0> }
	no_shadow
}

// nucleotide -1

// particle -1
sphere {
	<16.201508, 21.111334, 3.928576> 0.250000
	pigment { color rgbt <1,0,0,0> }
	no_shadow
}
cylinder {
	<16.567612, 21.261307, 3.987535>,  <16.787273, 21.351290, 4.022911>, 0.100000
	pigment { color rgbt <1,0,0,0> }
	no_shadow
}
cylinder {
	<16.567612, 21.261307, 3.987535>,  <16.201508, 21.111334, 3.928576>, 0.100000
	pigment { color rgbt <1,0,0,0> }
	no_shadow
}

// particle -1
sphere {
	<16.567612, 21.261307, 3.987535> 0.100000
	pigment { color rgbt <1,0,0,0> }
	no_shadow
}
sphere {
	0, 1
	scale<0.080000,0.200000,0.300000>
	matrix <-0.039401, -0.280815, 0.958953,
		0.400934, -0.883498, -0.242246,
		0.915259, 0.374932, 0.147399,
		16.842190, 21.373787, 4.031755>
	pigment { color rgbt <0,1,1,0> }
	no_shadow
}
cylinder {
	<16.707243, 20.564707, 4.193637>,  <16.201508, 21.111334, 3.928576>, 0.130000
	pigment { color rgbt <1,0,0,0> }
	no_shadow
}

// nucleotide -1

// particle -1
sphere {
	<16.707243, 20.564707, 4.193637> 0.250000
	pigment { color rgbt <1,0,0,0> }
	no_shadow
}
cylinder {
	<16.785213, 20.946205, 4.285181>,  <16.831995, 21.175104, 4.340107>, 0.100000
	pigment { color rgbt <1,0,0,0> }
	no_shadow
}
cylinder {
	<16.785213, 20.946205, 4.285181>,  <16.707243, 20.564707, 4.193637>, 0.100000
	pigment { color rgbt <1,0,0,0> }
	no_shadow
}

// particle -1
sphere {
	<16.785213, 20.946205, 4.285181> 0.100000
	pigment { color rgbt <1,0,0,0> }
	no_shadow
}
sphere {
	0, 1
	scale<0.080000,0.200000,0.300000>
	matrix <0.226291, -0.270771, 0.935669,
		0.954357, -0.130597, -0.268603,
		0.194926, 0.953744, 0.228859,
		16.843691, 21.232328, 4.353838>
	pigment { color rgbt <0,1,1,0> }
	no_shadow
}
cylinder {
	<17.401501, 20.658743, 4.409135>,  <16.707243, 20.564707, 4.193637>, 0.130000
	pigment { color rgbt <1,0,0,0> }
	no_shadow
}

// nucleotide -1

// particle -1
sphere {
	<17.401501, 20.658743, 4.409135> 0.250000
	pigment { color rgbt <1,0,0,0> }
	no_shadow
}
cylinder {
	<17.200359, 20.942455, 4.606745>,  <17.079674, 21.112682, 4.725310>, 0.100000
	pigment { color rgbt <1,0,0,0> }
	no_shadow
}
cylinder {
	<17.200359, 20.942455, 4.606745>,  <17.401501, 20.658743, 4.409135>, 0.100000
	pigment { color rgbt <1,0,0,0> }
	no_shadow
}

// particle -1
sphere {
	<17.200359, 20.942455, 4.606745> 0.100000
	pigment { color rgbt <1,0,0,0> }
	no_shadow
}
sphere {
	0, 1
	scale<0.080000,0.200000,0.300000>
	matrix <0.369087, -0.340624, 0.864725,
		0.781610, 0.617167, -0.090502,
		-0.502853, 0.709281, 0.494024,
		17.049503, 21.155239, 4.754952>
	pigment { color rgbt <0,1,1,0> }
	no_shadow
}
cylinder {
	<17.840225, 21.045681, 4.901025>,  <17.401501, 20.658743, 4.409135>, 0.130000
	pigment { color rgbt <1,0,0,0> }
	no_shadow
}

// nucleotide -1

// particle -1
sphere {
	<17.840225, 21.045681, 4.901025> 0.250000
	pigment { color rgbt <1,0,0,0> }
	no_shadow
}
cylinder {
	<17.475620, 21.130276, 5.042117>,  <17.256857, 21.181032, 5.126772>, 0.100000
	pigment { color rgbt <1,0,0,0> }
	no_shadow
}
cylinder {
	<17.475620, 21.130276, 5.042117>,  <17.840225, 21.045681, 4.901025>, 0.100000
	pigment { color rgbt <1,0,0,0> }
	no_shadow
}

// particle -1
sphere {
	<17.475620, 21.130276, 5.042117> 0.100000
	pigment { color rgbt <1,0,0,0> }
	no_shadow
}
sphere {
	0, 1
	scale<0.080000,0.200000,0.300000>
	matrix <0.350050, -0.051265, 0.935327,
		0.215891, 0.976036, -0.027301,
		-0.911513, 0.211485, 0.352729,
		17.202166, 21.193722, 5.147936>
	pigment { color rgbt <0,1,1,0> }
	no_shadow
}
cylinder {
	<17.836618, 21.597290, 5.382588>,  <17.840225, 21.045681, 4.901025>, 0.130000
	pigment { color rgbt <1,0,0,0> }
	no_shadow
}

// nucleotide -1

// particle -1
sphere {
	<17.836618, 21.597290, 5.382588> 0.250000
	pigment { color rgbt <1,0,0,0> }
	no_shadow
}
cylinder {
	<17.510487, 21.377964, 5.456984>,  <17.314808, 21.246368, 5.501621>, 0.100000
	pigment { color rgbt <1,0,0,0> }
	no_shadow
}
cylinder {
	<17.510487, 21.377964, 5.456984>,  <17.836618, 21.597290, 5.382588>, 0.100000
	pigment { color rgbt <1,0,0,0> }
	no_shadow
}

// particle -1
sphere {
	<17.510487, 21.377964, 5.456984> 0.100000
	pigment { color rgbt <1,0,0,0> }
	no_shadow
}
sphere {
	0, 1
	scale<0.080000,0.200000,0.300000>
	matrix <0.272963, -0.080721, 0.958632,
		-0.510618, 0.832368, 0.215484,
		-0.815328, -0.548314, 0.185988,
		17.265888, 21.213470, 5.512780>
	pigment { color rgbt <0,1,1,0> }
	no_shadow
}
cylinder {
	<17.449696, 21.962887, 5.886734>,  <17.836618, 21.597290, 5.382588>, 0.130000
	pigment { color rgbt <1,0,0,0> }
	no_shadow
}

// nucleotide -1

// particle -1
sphere {
	<17.449696, 21.962887, 5.886734> 0.250000
	pigment { color rgbt <1,0,0,0> }
	no_shadow
}
cylinder {
	<17.399185, 21.566208, 5.896416>,  <17.368879, 21.328199, 5.902225>, 0.100000
	pigment { color rgbt <1,0,0,0> }
	no_shadow
}
cylinder {
	<17.399185, 21.566208, 5.896416>,  <17.449696, 21.962887, 5.886734>, 0.100000
	pigment { color rgbt <1,0,0,0> }
	no_shadow
}

// particle -1
sphere {
	<17.399185, 21.566208, 5.896416> 0.100000
	pigment { color rgbt <1,0,0,0> }
	no_shadow
}
sphere {
	0, 1
	scale<0.080000,0.200000,0.300000>
	matrix <0.386534, -0.026719, 0.921888,
		-0.913589, 0.125769, 0.386700,
		-0.126278, -0.991700, 0.024204,
		17.361301, 21.268698, 5.903677>
	pigment { color rgbt <0,1,1,0> }
	no_shadow
}
cylinder {
	<17.286058, 21.751741, 6.521193>,  <17.449696, 21.962887, 5.886734>, 0.130000
	pigment { color rgbt <1,0,0,0> }
	no_shadow
}

// nucleotide -1

// particle -1
sphere {
	<17.286058, 21.751741, 6.521193> 0.250000
	pigment { color rgbt <1,0,0,0> }
	no_shadow
}
cylinder {
	<17.347366, 21.374729, 6.402438>,  <17.384151, 21.148521, 6.331185>, 0.100000
	pigment { color rgbt <1,0,0,0> }
	no_shadow
}
cylinder {
	<17.347366, 21.374729, 6.402438>,  <17.286058, 21.751741, 6.521193>, 0.100000
	pigment { color rgbt <1,0,0,0> }
	no_shadow
}

// particle -1
sphere {
	<17.347366, 21.374729, 6.402438> 0.100000
	pigment { color rgbt <1,0,0,0> }
	no_shadow
}
sphere {
	0, 1
	scale<0.080000,0.200000,0.300000>
	matrix <0.216592, -0.261090, 0.940702,
		-0.964156, -0.208483, 0.164128,
		0.153268, -0.942533, -0.296887,
		17.393347, 21.091969, 6.313372>
	pigment { color rgbt <0,1,1,0> }
	no_shadow
}
cylinder {
	<16.843035, 21.330282, 6.913466>,  <17.286058, 21.751741, 6.521193>, 0.130000
	pigment { color rgbt <1,0,0,0> }
	no_shadow
}

// nucleotide -1

// particle -1
sphere {
	<16.843035, 21.330282, 6.913466> 0.250000
	pigment { color rgbt <1,0,0,0> }
	no_shadow
}
cylinder {
	<17.162949, 21.119781, 6.797945>,  <17.354897, 20.993481, 6.728632>, 0.100000
	pigment { color rgbt <1,0,0,0> }
	no_shadow
}
cylinder {
	<17.162949, 21.119781, 6.797945>,  <16.843035, 21.330282, 6.913466>, 0.100000
	pigment { color rgbt <1,0,0,0> }
	no_shadow
}

// particle -1
sphere {
	<17.162949, 21.119781, 6.797945> 0.100000
	pigment { color rgbt <1,0,0,0> }
	no_shadow
}
sphere {
	0, 1
	scale<0.080000,0.200000,0.300000>
	matrix <0.135097, -0.310971, 0.940769,
		-0.584890, -0.791427, -0.177614,
		0.799783, -0.526251, -0.288803,
		17.402884, 20.961906, 6.711304>
	pigment { color rgbt <0,1,1,0> }
	no_shadow
}
cylinder {
	<16.988073, 20.685917, 7.178490>,  <16.843035, 21.330282, 6.913466>, 0.130000
	pigment { color rgbt <1,0,0,0> }
	no_shadow
}

// nucleotide -1

// particle -1
sphere {
	<16.988073, 20.685917, 7.178490> 0.250000
	pigment { color rgbt <1,0,0,0> }
	no_shadow
}
cylinder {
	<17.364391, 20.808605, 7.120769>,  <17.590183, 20.882217, 7.086136>, 0.100000
	pigment { color rgbt <1,0,0,0> }
	no_shadow
}
cylinder {
	<17.364391, 20.808605, 7.120769>,  <16.988073, 20.685917, 7.178490>, 0.100000
	pigment { color rgbt <1,0,0,0> }
	no_shadow
}

// particle -1
sphere {
	<17.364391, 20.808605, 7.120769> 0.100000
	pigment { color rgbt <1,0,0,0> }
	no_shadow
}
sphere {
	0, 1
	scale<0.080000,0.200000,0.300000>
	matrix <0.184939, -0.107688, 0.976832,
		0.284075, -0.945688, -0.158037,
		0.940797, 0.306721, -0.144304,
		17.646631, 20.900621, 7.077477>
	pigment { color rgbt <0,1,1,0> }
	no_shadow
}
cylinder {
	<17.397257, 20.254538, 7.423020>,  <16.988073, 20.685917, 7.178490>, 0.130000
	pigment { color rgbt <1,0,0,0> }
	no_shadow
}

// nucleotide -1

// particle -1
sphere {
	<17.397257, 20.254538, 7.423020> 0.250000
	pigment { color rgbt <1,0,0,0> }
	no_shadow
}
cylinder {
	<17.568924, 20.614964, 7.447987>,  <17.671925, 20.831219, 7.462966>, 0.100000
	pigment { color rgbt <1,0,0,0> }
	no_shadow
}
cylinder {
	<17.568924, 20.614964, 7.447987>,  <17.397257, 20.254538, 7.423020>, 0.100000
	pigment { color rgbt <1,0,0,0> }
	no_shadow
}

// particle -1
sphere {
	<17.568924, 20.614964, 7.447987> 0.100000
	pigment { color rgbt <1,0,0,0> }
	no_shadow
}
sphere {
	0, 1
	scale<0.080000,0.200000,0.300000>
	matrix <0.058624, -0.096745, 0.993581,
		0.901321, -0.422752, -0.094344,
		0.429166, 0.901066, 0.062415,
		17.697674, 20.885283, 7.466711>
	pigment { color rgbt <0,1,1,0> }
	no_shadow
}
cylinder {
	<18.022356, 20.213877, 7.841042>,  <17.397257, 20.254538, 7.423020>, 0.130000
	pigment { color rgbt <1,0,0,0> }
	no_shadow
}

// nucleotide -1

// particle -1
sphere {
	<18.022356, 20.213877, 7.841042> 0.250000
	pigment { color rgbt <1,0,0,0> }
	no_shadow
}
cylinder {
	<17.872726, 20.584759, 7.848578>,  <17.782948, 20.807289, 7.853101>, 0.100000
	pigment { color rgbt <1,0,0,0> }
	no_shadow
}
cylinder {
	<17.872726, 20.584759, 7.848578>,  <18.022356, 20.213877, 7.841042>, 0.100000
	pigment { color rgbt <1,0,0,0> }
	no_shadow
}

// particle -1
sphere {
	<17.872726, 20.584759, 7.848578> 0.100000
	pigment { color rgbt <1,0,0,0> }
	no_shadow
}
sphere {
	0, 1
	scale<0.080000,0.200000,0.300000>
	matrix <0.193202, 0.058042, 0.979441,
		0.907050, 0.370025, -0.200850,
		-0.374075, 0.927207, 0.018842,
		17.760504, 20.862921, 7.854231>
	pigment { color rgbt <0,1,1,0> }
	no_shadow
}
cylinder {
	<18.554768, 20.586132, 8.142795>,  <18.022356, 20.213877, 7.841042>, 0.130000
	pigment { color rgbt <1,0,0,0> }
	no_shadow
}

// nucleotide -1

// particle -1
sphere {
	<18.554768, 20.586132, 8.142795> 0.250000
	pigment { color rgbt <1,0,0,0> }
	no_shadow
}
cylinder {
	<18.203110, 20.768406, 8.198584>,  <17.992115, 20.877771, 8.232058>, 0.100000
	pigment { color rgbt <1,0,0,0> }
	no_shadow
}
cylinder {
	<18.203110, 20.768406, 8.198584>,  <18.554768, 20.586132, 8.142795>, 0.100000
	pigment { color rgbt <1,0,0,0> }
	no_shadow
}

// particle -1
sphere {
	<18.203110, 20.768406, 8.198584> 0.100000
	pigment { color rgbt <1,0,0,0> }
	no_shadow
}
sphere {
	0, 1
	scale<0.080000,0.200000,0.300000>
	matrix <0.228818, 0.146914, 0.962319,
		0.418026, 0.877933, -0.233428,
		-0.879146, 0.455687, 0.139473,
		17.939365, 20.905111, 8.240425>
	pigment { color rgbt <0,1,1,0> }
	no_shadow
}
cylinder {
	<18.714130, 21.241337, 8.315529>,  <18.554768, 20.586132, 8.142795>, 0.130000
	pigment { color rgbt <1,0,0,0> }
	no_shadow
}

// nucleotide -1

// particle -1
sphere {
	<18.714130, 21.241337, 8.315529> 0.250000
	pigment { color rgbt <1,0,0,0> }
	no_shadow
}
cylinder {
	<18.347923, 21.183838, 8.465815>,  <18.128199, 21.149338, 8.555986>, 0.100000
	pigment { color rgbt <1,0,0,0> }
	no_shadow
}
cylinder {
	<18.347923, 21.183838, 8.465815>,  <18.714130, 21.241337, 8.315529>, 0.100000
	pigment { color rgbt <1,0,0,0> }
	no_shadow
}

// particle -1
sphere {
	<18.347923, 21.183838, 8.465815> 0.100000
	pigment { color rgbt <1,0,0,0> }
	no_shadow
}
sphere {
	0, 1
	scale<0.080000,0.200000,0.300000>
	matrix <0.336394, 0.238602, 0.910993,
		-0.220600, 0.960420, -0.170089,
		-0.915519, -0.143748, 0.375715,
		18.073267, 21.140713, 8.578529>
	pigment { color rgbt <0,1,1,0> }
	no_shadow
}
cylinder {
	<18.722784, 21.583847, 8.842272>,  <18.714130, 21.241337, 8.315529>, 0.130000
	pigment { color rgbt <1,0,0,0> }
	no_shadow
}

// nucleotide -1

// particle -1
sphere {
	<18.722784, 21.583847, 8.842272> 0.250000
	pigment { color rgbt <1,0,0,0> }
	no_shadow
}
cylinder {
	<18.394039, 21.378384, 8.940822>,  <18.196793, 21.255106, 8.999951>, 0.100000
	pigment { color rgbt <1,0,0,0> }
	no_shadow
}
cylinder {
	<18.394039, 21.378384, 8.940822>,  <18.722784, 21.583847, 8.842272>, 0.100000
	pigment { color rgbt <1,0,0,0> }
	no_shadow
}

// particle -1
sphere {
	<18.394039, 21.378384, 8.940822> 0.100000
	pigment { color rgbt <1,0,0,0> }
	no_shadow
}
sphere {
	0, 1
	scale<0.080000,0.200000,0.300000>
	matrix <0.234186, 0.089622, 0.968052,
		-0.519329, 0.853301, 0.046635,
		-0.821860, -0.513658, 0.246375,
		18.147482, 21.224287, 9.014734>
	pigment { color rgbt <0,1,1,0> }
	no_shadow
}
cylinder {
	<18.301001, 21.989697, 9.352230>,  <18.722784, 21.583847, 8.842272>, 0.130000
	pigment { color rgbt <1,0,0,0> }
	no_shadow
}

// nucleotide -1

// particle -1
sphere {
	<18.301001, 21.989697, 9.352230> 0.250000
	pigment { color rgbt <1,0,0,0> }
	no_shadow
}
cylinder {
	<18.172760, 21.613659, 9.398597>,  <18.095816, 21.388037, 9.426417>, 0.100000
	pigment { color rgbt <1,0,0,0> }
	no_shadow
}
cylinder {
	<18.172760, 21.613659, 9.398597>,  <18.301001, 21.989697, 9.352230>, 0.100000
	pigment { color rgbt <1,0,0,0> }
	no_shadow
}

// particle -1
sphere {
	<18.172760, 21.613659, 9.398597> 0.100000
	pigment { color rgbt <1,0,0,0> }
	no_shadow
}
sphere {
	0, 1
	scale<0.080000,0.200000,0.300000>
	matrix <0.161908, 0.066188, 0.984584,
		-0.933274, 0.334428, 0.130988,
		-0.320602, -0.940094, 0.115918,
		18.076580, 21.331631, 9.433372>
	pigment { color rgbt <0,1,1,0> }
	no_shadow
}
cylinder {
	<17.871168, 21.952497, 9.842241>,  <18.301001, 21.989697, 9.352230>, 0.130000
	pigment { color rgbt <1,0,0,0> }
	no_shadow
}

// nucleotide -1

// particle -1
sphere {
	<17.871168, 21.952497, 9.842241> 0.250000
	pigment { color rgbt <1,0,0,0> }
	no_shadow
}
cylinder {
	<18.031662, 21.587154, 9.814548>,  <18.127958, 21.367949, 9.797933>, 0.100000
	pigment { color rgbt <1,0,0,0> }
	no_shadow
}
cylinder {
	<18.031662, 21.587154, 9.814548>,  <17.871168, 21.952497, 9.842241>, 0.100000
	pigment { color rgbt <1,0,0,0> }
	no_shadow
}

// particle -1
sphere {
	<18.031662, 21.587154, 9.814548> 0.100000
	pigment { color rgbt <1,0,0,0> }
	no_shadow
}
sphere {
	0, 1
	scale<0.080000,0.200000,0.300000>
	matrix <0.302978, 0.061009, 0.951043,
		-0.864417, -0.402564, 0.301205,
		0.401232, -0.913356, -0.069231,
		18.152031, 21.313147, 9.793779>
	pigment { color rgbt <0,1,1,0> }
	no_shadow
}
cylinder {
	<17.773657, 21.616837, 10.546394>,  <17.871168, 21.952497, 9.842241>, 0.130000
	pigment { color rgbt <1,0,0,0> }
	no_shadow
}

// nucleotide -1

// particle -1
sphere {
	<17.773657, 21.616837, 10.546394> 0.250000
	pigment { color rgbt <1,0,0,0> }
	no_shadow
}
cylinder {
	<18.042160, 21.353222, 10.410698>,  <18.203262, 21.195053, 10.329280>, 0.100000
	pigment { color rgbt <1,0,0,0> }
	no_shadow
}
cylinder {
	<18.042160, 21.353222, 10.410698>,  <17.773657, 21.616837, 10.546394>, 0.100000
	pigment { color rgbt <1,0,0,0> }
	no_shadow
}

// particle -1
sphere {
	<18.042160, 21.353222, 10.410698> 0.100000
	pigment { color rgbt <1,0,0,0> }
	no_shadow
}
sphere {
	0, 1
	scale<0.080000,0.200000,0.300000>
	matrix <0.457209, 0.007904, 0.889324,
		-0.583417, -0.752069, 0.306623,
		0.671257, -0.659037, -0.339241,
		18.243538, 21.155510, 10.308926>
	pigment { color rgbt <0,1,1,0> }
	no_shadow
}
cylinder {
	<17.700312, 20.920874, 10.967233>,  <17.773657, 21.616837, 10.546394>, 0.130000
	pigment { color rgbt <1,0,0,0> }
	no_shadow
}

// nucleotide -1

// particle -1
sphere {
	<17.700312, 20.920874, 10.967233> 0.250000
	pigment { color rgbt <1,0,0,0> }
	no_shadow
}
cylinder {
	<18.065941, 20.895508, 10.807009>,  <18.285318, 20.880289, 10.710875>, 0.100000
	pigment { color rgbt <1,0,0,0> }
	no_shadow
}
cylinder {
	<18.065941, 20.895508, 10.807009>,  <17.700312, 20.920874, 10.967233>, 0.100000
	pigment { color rgbt <1,0,0,0> }
	no_shadow
}

// particle -1
sphere {
	<18.065941, 20.895508, 10.807009> 0.100000
	pigment { color rgbt <1,0,0,0> }
	no_shadow
}
sphere {
	0, 1
	scale<0.080000,0.200000,0.300000>
	matrix <0.392468, -0.110503, 0.913103,
		-0.102143, -0.991852, -0.076130,
		0.914076, -0.063388, -0.400558,
		18.340162, 20.876484, 10.686841>
	pigment { color rgbt <0,1,1,0> }
	no_shadow
}
cylinder {
	<18.112667, 20.293667, 11.271217>,  <17.700312, 20.920874, 10.967233>, 0.130000
	pigment { color rgbt <1,0,0,0> }
	no_shadow
}

// nucleotide -1

// particle -1
sphere {
	<18.112667, 20.293667, 11.271217> 0.250000
