// switches for output
#declare DRAW_BASES = 1; // possible values are 0, 1; only relevant for DNA ribbons
#declare DRAW_BASES_TYPE = 3; // possible values are 1, 2, 3; only relevant for DNA ribbons
#declare DRAW_FOG = 0; // set to 1 to enable fog

#include "colors.inc"

#include "transforms.inc"
background { rgb <1, 1, 1>}

#default {
   normal{
       ripples 0.25
       frequency 0.20
       turbulence 0.2
       lambda 5
   }
	finish {
		phong 0.1
		phong_size 40.
	}
}

// original window dimensions: 1024x640


// camera settings

camera {
	sky <-0, 1, 0>
	up <-0, 1, 0>
	right 1.6 * <1, 0, 0>
	location <18.5, 18.5, 82.5562>
	look_at <18.5, 18.5, 18.5>
	direction <0, 0, -64.0562>
	angle 67.0682
}


# declare cpy_camera_pos = <18.5, 18.5, 82.5562>;
# if (DRAW_FOG = 1)
fog {
	fog_type 2
	up vnormalize(cpy_camera_pos)
	color rgbt<1,1,1,0.3>
	distance 1e-5
	fog_alt 3e-3
	fog_offset 29.6
}
# end


// LIGHTS

# declare lum = 6;
global_settings {
	ambient_light rgb lum * <0.05, 0.05, 0.05>
	max_trace_level 15
}# declare cpy_direct_light_amount = 0.25;
light_source
{	1000 * <-1, -1, 1>,
	rgb lum * cpy_direct_light_amount
	parallel
}

light_source
{	1000 * <1, 1, -1>,
	rgb lum * cpy_direct_light_amount
	parallel
}

// strand 0

// nucleotide -1

// particle -1
sphere {
	<22.732758, 16.544071, -1.781304> 0.250000
	pigment { color rgbt <1,0,0,0> }
	no_shadow
}
cylinder {
	<22.604458, 16.740089, -2.105520>,  <22.527479, 16.857700, -2.300050>, 0.100000
	pigment { color rgbt <1,0,0,0> }
	no_shadow
}
cylinder {
	<22.604458, 16.740089, -2.105520>,  <22.732758, 16.544071, -1.781304>, 0.100000
	pigment { color rgbt <1,0,0,0> }
	no_shadow
}

// particle -1
sphere {
	<22.604458, 16.740089, -2.105520> 0.100000
	pigment { color rgbt <1,0,0,0> }
	no_shadow
}
sphere {
	0, 1
	scale<0.080000,0.200000,0.300000>
	matrix <-0.338443, 0.739961, 0.581304,
		0.884634, 0.460774, -0.071488,
		-0.320748, 0.490046, -0.810540,
		22.508234, 16.887104, -2.348682>
	pigment { color rgbt <0,1,1,0> }
	no_shadow
}
cylinder {
	<23.066919, 17.187449, -1.828495>,  <22.732758, 16.544071, -1.781304>, 0.130000
	pigment { color rgbt <1,0,0,0> }
	no_shadow
}

// nucleotide -1

// particle -1
sphere {
	<23.066919, 17.187449, -1.828495> 0.250000
	pigment { color rgbt <1,0,0,0> }
	no_shadow
}
cylinder {
	<22.716949, 17.278114, -1.999669>,  <22.506968, 17.332514, -2.102374>, 0.100000
	pigment { color rgbt <1,0,0,0> }
	no_shadow
}
cylinder {
	<22.716949, 17.278114, -1.999669>,  <23.066919, 17.187449, -1.828495>, 0.100000
	pigment { color rgbt <1,0,0,0> }
	no_shadow
}

// particle -1
sphere {
	<22.716949, 17.278114, -1.999669> 0.100000
	pigment { color rgbt <1,0,0,0> }
	no_shadow
}
sphere {
	0, 1
	scale<0.080000,0.200000,0.300000>
	matrix <-0.199046, 0.637264, 0.744496,
		0.441460, 0.736557, -0.512441,
		-0.874925, 0.226666, -0.427936,
		22.454472, 17.346113, -2.128050>
	pigment { color rgbt <0,1,1,0> }
	no_shadow
}
cylinder {
	<22.967585, 17.949093, -2.025815>,  <23.066919, 17.187449, -1.828495>, 0.130000
	pigment { color rgbt <1,0,0,0> }
	no_shadow
}

// nucleotide -1

// particle -1
sphere {
	<22.967585, 17.949093, -2.025815> 0.250000
	pigment { color rgbt <1,0,0,0> }
	no_shadow
}
cylinder {
	<22.648964, 17.748138, -1.891284>,  <22.457792, 17.627565, -1.810565>, 0.100000
	pigment { color rgbt <1,0,0,0> }
	no_shadow
}
cylinder {
	<22.648964, 17.748138, -1.891284>,  <22.967585, 17.949093, -2.025815>, 0.100000
	pigment { color rgbt <1,0,0,0> }
	no_shadow
}

// particle -1
sphere {
	<22.648964, 17.748138, -1.891284> 0.100000
	pigment { color rgbt <1,0,0,0> }
	no_shadow
}
sphere {
	0, 1
	scale<0.080000,0.200000,0.300000>
	matrix <-0.139367, 0.693910, 0.706446,
		-0.588289, 0.515846, -0.622751,
		-0.796551, -0.502385, 0.336328,
		22.409998, 17.597424, -1.790386>
	pigment { color rgbt <0,1,1,0> }
	no_shadow
}
cylinder {
	<22.941530, 18.393002, -1.438455>,  <22.967585, 17.949093, -2.025815>, 0.130000
	pigment { color rgbt <1,0,0,0> }
	no_shadow
}

// nucleotide -1

// particle -1
sphere {
	<22.941530, 18.393002, -1.438455> 0.250000
	pigment { color rgbt <1,0,0,0> }
	no_shadow
}
cylinder {
	<22.637978, 18.134003, -1.466290>,  <22.455845, 17.978603, -1.482991>, 0.100000
	pigment { color rgbt <1,0,0,0> }
	no_shadow
}
cylinder {
	<22.637978, 18.134003, -1.466290>,  <22.941530, 18.393002, -1.438455>, 0.100000
	pigment { color rgbt <1,0,0,0> }
	no_shadow
}

// particle -1
sphere {
	<22.637978, 18.134003, -1.466290> 0.100000
	pigment { color rgbt <1,0,0,0> }
	no_shadow
}
sphere {
	0, 1
	scale<0.080000,0.200000,0.300000>
	matrix <-0.502395, 0.514106, 0.695194,
		-0.414361, 0.562531, -0.715446,
		-0.758883, -0.647498, -0.069588,
		22.410313, 17.939753, -1.487166>
	pigment { color rgbt <0,1,1,0> }
	no_shadow
}
cylinder {
	<22.346289, 18.842794, -1.594897>,  <22.941530, 18.393002, -1.438455>, 0.130000
	pigment { color rgbt <1,0,0,0> }
	no_shadow
}

// nucleotide -1

// particle -1
sphere {
	<22.346289, 18.842794, -1.594897> 0.250000
	pigment { color rgbt <1,0,0,0> }
	no_shadow
}
cylinder {
	<22.309555, 18.510551, -1.375203>,  <22.287516, 18.311205, -1.243387>, 0.100000
	pigment { color rgbt <1,0,0,0> }
	no_shadow
}
cylinder {
	<22.309555, 18.510551, -1.375203>,  <22.346289, 18.842794, -1.594897>, 0.100000
	pigment { color rgbt <1,0,0,0> }
	no_shadow
}

// particle -1
sphere {
	<22.309555, 18.510551, -1.375203> 0.100000
	pigment { color rgbt <1,0,0,0> }
	no_shadow
}
sphere {
	0, 1
	scale<0.080000,0.200000,0.300000>
	matrix <-0.479255, 0.520348, 0.706790,
		-0.872858, -0.198318, -0.445857,
		-0.091832, -0.830607, 0.549235,
		22.282005, 18.261370, -1.210432>
	pigment { color rgbt <0,1,1,0> }
	no_shadow
}
cylinder {
	<21.665474, 18.526670, -1.571399>,  <22.346289, 18.842794, -1.594897>, 0.130000
	pigment { color rgbt <1,0,0,0> }
	no_shadow
}

// nucleotide -1

// particle -1
sphere {
	<21.665474, 18.526670, -1.571399> 0.250000
	pigment { color rgbt <1,0,0,0> }
	no_shadow
}
cylinder {
	<21.895123, 18.493675, -1.245558>,  <22.032911, 18.473879, -1.050053>, 0.100000
	pigment { color rgbt <1,0,0,0> }
	no_shadow
}
cylinder {
	<21.895123, 18.493675, -1.245558>,  <21.665474, 18.526670, -1.571399>, 0.100000
	pigment { color rgbt <1,0,0,0> }
	no_shadow
}

// particle -1
sphere {
	<21.895123, 18.493675, -1.245558> 0.100000
	pigment { color rgbt <1,0,0,0> }
	no_shadow
}
sphere {
	0, 1
	scale<0.080000,0.200000,0.300000>
	matrix <-0.743750, 0.363488, 0.560992,
		-0.342375, -0.927940, 0.147335,
		0.574121, -0.082489, 0.814604,
		22.067360, 18.468929, -1.001176>
	pigment { color rgbt <0,1,1,0> }
	no_shadow
}
cylinder {
	<21.330755, 18.141140, -0.999087>,  <21.665474, 18.526670, -1.571399>, 0.130000
	pigment { color rgbt <1,0,0,0> }
	no_shadow
}

// nucleotide -1

// particle -1
sphere {
	<21.330755, 18.141140, -0.999087> 0.250000
	pigment { color rgbt <1,0,0,0> }
	no_shadow
}
cylinder {
	<21.595104, 18.422848, -0.895358>,  <21.753714, 18.591873, -0.833120>, 0.100000
	pigment { color rgbt <1,0,0,0> }
	no_shadow
}
cylinder {
	<21.595104, 18.422848, -0.895358>,  <21.330755, 18.141140, -0.999087>, 0.100000
	pigment { color rgbt <1,0,0,0> }
	no_shadow
}

// particle -1
sphere {
	<21.595104, 18.422848, -0.895358> 0.100000
	pigment { color rgbt <1,0,0,0> }
	no_shadow
}
sphere {
	0, 1
	scale<0.080000,0.200000,0.300000>
	matrix <-0.650676, 0.365491, 0.665610,
		0.374012, -0.608595, 0.699805,
		0.660859, 0.704293, 0.259300,
		21.793365, 18.634129, -0.817560>
	pigment { color rgbt <0,1,1,0> }
	no_shadow
}
cylinder {
	<21.257147, 18.159101, -0.258320>,  <21.330755, 18.141140, -0.999087>, 0.130000
	pigment { color rgbt <1,0,0,0> }
	no_shadow
}

// nucleotide -1

// particle -1
sphere {
	<21.257147, 18.159101, -0.258320> 0.250000
	pigment { color rgbt <1,0,0,0> }
	no_shadow
}
cylinder {
	<21.411350, 18.515354, -0.354783>,  <21.503872, 18.729107, -0.412660>, 0.100000
	pigment { color rgbt <1,0,0,0> }
	no_shadow
}
cylinder {
	<21.411350, 18.515354, -0.354783>,  <21.257147, 18.159101, -0.258320>, 0.100000
	pigment { color rgbt <1,0,0,0> }
	no_shadow
}

// particle -1
sphere {
	<21.411350, 18.515354, -0.354783> 0.100000
	pigment { color rgbt <1,0,0,0> }
	no_shadow
}
sphere {
	0, 1
	scale<0.080000,0.200000,0.300000>
	matrix <-0.669859, 0.449884, 0.590672,
		0.634564, -0.066168, 0.770033,
		0.385509, 0.890632, -0.241157,
		21.527002, 18.782543, -0.427129>
	pigment { color rgbt <0,1,1,0> }
	no_shadow
}
cylinder {
	<21.008127, 18.643021, 0.261802>,  <21.257147, 18.159101, -0.258320>, 0.130000
	pigment { color rgbt <1,0,0,0> }
	no_shadow
}

// nucleotide -1

// particle -1
sphere {
	<21.008127, 18.643021, 0.261802> 0.250000
	pigment { color rgbt <1,0,0,0> }
	no_shadow
}
cylinder {
	<21.146641, 18.876358, -0.032082>,  <21.229748, 19.016359, -0.208413>, 0.100000
	pigment { color rgbt <1,0,0,0> }
	no_shadow
}
cylinder {
	<21.146641, 18.876358, -0.032082>,  <21.008127, 18.643021, 0.261802>, 0.100000
	pigment { color rgbt <1,0,0,0> }
	no_shadow
}

// particle -1
sphere {
	<21.146641, 18.876358, -0.032082> 0.100000
	pigment { color rgbt <1,0,0,0> }
	no_shadow
}
sphere {
	0, 1
	scale<0.080000,0.200000,0.300000>
	matrix <-0.498515, 0.777861, 0.382643,
		0.794715, 0.233763, 0.560163,
		0.346281, 0.583342, -0.734712,
		21.250526, 19.051361, -0.252495>
	pigment { color rgbt <0,1,1,0> }
	no_shadow
}
cylinder {
	<21.386236, 19.146799, 0.476970>,  <21.008127, 18.643021, 0.261802>, 0.130000
	pigment { color rgbt <1,0,0,0> }
	no_shadow
}

// nucleotide -1

// particle -1
sphere {
	<21.386236, 19.146799, 0.476970> 0.250000
	pigment { color rgbt <1,0,0,0> }
	no_shadow
}
cylinder {
	<21.232792, 19.302826, 0.142141>,  <21.140724, 19.396442, -0.058756>, 0.100000
	pigment { color rgbt <1,0,0,0> }
	no_shadow
}
cylinder {
	<21.232792, 19.302826, 0.142141>,  <21.386236, 19.146799, 0.476970>, 0.100000
	pigment { color rgbt <1,0,0,0> }
	no_shadow
}

// particle -1
sphere {
	<21.232792, 19.302826, 0.142141> 0.100000
	pigment { color rgbt <1,0,0,0> }
	no_shadow
}
sphere {
	0, 1
	scale<0.080000,0.200000,0.300000>
	matrix <-0.184308, 0.855846, 0.483279,
		0.904916, 0.339670, -0.256421,
		-0.383612, 0.390066, -0.837072,
		21.117708, 19.419846, -0.108981>
	pigment { color rgbt <0,1,1,0> }
	no_shadow
}
cylinder {
	<21.691330, 19.891869, 0.203574>,  <21.386236, 19.146799, 0.476970>, 0.130000
	pigment { color rgbt <1,0,0,0> }
	no_shadow
}

// nucleotide -1

// particle -1
sphere {
	<21.691330, 19.891869, 0.203574> 0.250000
	pigment { color rgbt <1,0,0,0> }
	no_shadow
}
cylinder {
	<21.304333, 19.833351, 0.121054>,  <21.072134, 19.798241, 0.071542>, 0.100000
	pigment { color rgbt <1,0,0,0> }
	no_shadow
}
cylinder {
	<21.304333, 19.833351, 0.121054>,  <21.691330, 19.891869, 0.203574>, 0.100000
	pigment { color rgbt <1,0,0,0> }
	no_shadow
}

// particle -1
sphere {
	<21.304333, 19.833351, 0.121054> 0.100000
	pigment { color rgbt <1,0,0,0> }
	no_shadow
}
sphere {
	0, 1
	scale<0.080000,0.200000,0.300000>
	matrix <-0.236163, 0.814464, 0.529977,
		0.090492, 0.561469, -0.822535,
		-0.967491, -0.146293, -0.206301,
		21.014086, 19.789463, 0.059163>
	pigment { color rgbt <0,1,1,0> }
	no_shadow
}
cylinder {
	<21.262363, 20.400084, -0.137086>,  <21.691330, 19.891869, 0.203574>, 0.130000
	pigment { color rgbt <1,0,0,0> }
	no_shadow
}

// nucleotide -1

// particle -1
sphere {
	<21.262363, 20.400084, -0.137086> 0.250000
	pigment { color rgbt <1,0,0,0> }
	no_shadow
}
cylinder {
	<21.108398, 20.197769, 0.171725>,  <21.016020, 20.076382, 0.357011>, 0.100000
	pigment { color rgbt <1,0,0,0> }
	no_shadow
}
cylinder {
	<21.108398, 20.197769, 0.171725>,  <21.262363, 20.400084, -0.137086>, 0.100000
	pigment { color rgbt <1,0,0,0> }
	no_shadow
}

// particle -1
sphere {
	<21.108398, 20.197769, 0.171725> 0.100000
	pigment { color rgbt <1,0,0,0> }
	no_shadow
}
sphere {
	0, 1
	scale<0.080000,0.200000,0.300000>
	matrix <0.054701, 0.822503, 0.566124,
		-0.921331, 0.260138, -0.288923,
		-0.384911, -0.505784, 0.772028,
		20.992926, 20.046034, 0.403333>
	pigment { color rgbt <0,1,1,0> }
	no_shadow
}
cylinder {
	<20.634338, 20.676208, 0.135684>,  <21.262363, 20.400084, -0.137086>, 0.130000
	pigment { color rgbt <1,0,0,0> }
	no_shadow
}

// nucleotide -1

// particle -1
sphere {
	<20.634338, 20.676208, 0.135684> 0.250000
	pigment { color rgbt <1,0,0,0> }
	no_shadow
}
cylinder {
	<20.805264, 20.468975, 0.432060>,  <20.907820, 20.344635, 0.609886>, 0.100000
	pigment { color rgbt <1,0,0,0> }
	no_shadow
}
cylinder {
	<20.805264, 20.468975, 0.432060>,  <20.634338, 20.676208, 0.135684>, 0.100000
	pigment { color rgbt <1,0,0,0> }
	no_shadow
}

// particle -1
sphere {
	<20.805264, 20.468975, 0.432060> 0.100000
	pigment { color rgbt <1,0,0,0> }
	no_shadow
}
sphere {
	0, 1
	scale<0.080000,0.200000,0.300000>
	matrix <-0.036073, 0.809107, 0.586553,
		-0.903383, -0.277370, 0.327054,
		0.427314, -0.518084, 0.740940,
		20.933458, 20.313549, 0.654342>
	pigment { color rgbt <0,1,1,0> }
	no_shadow
}
cylinder {
	<20.354904, 20.941631, 0.740586>,  <20.634338, 20.676208, 0.135684>, 0.130000
	pigment { color rgbt <1,0,0,0> }
	no_shadow
}

// nucleotide -1

// particle -1
sphere {
	<20.354904, 20.941631, 0.740586> 0.250000
	pigment { color rgbt <1,0,0,0> }
	no_shadow
}
cylinder {
	<20.708538, 20.773113, 0.821484>,  <20.920719, 20.672003, 0.870023>, 0.100000
	pigment { color rgbt <1,0,0,0> }
	no_shadow
}
cylinder {
	<20.708538, 20.773113, 0.821484>,  <20.354904, 20.941631, 0.740586>, 0.100000
	pigment { color rgbt <1,0,0,0> }
	no_shadow
}

// particle -1
sphere {
	<20.708538, 20.773113, 0.821484> 0.100000
	pigment { color rgbt <1,0,0,0> }
	no_shadow
}
sphere {
	0, 1
	scale<0.080000,0.200000,0.300000>
	matrix <0.293630, 0.837455, 0.460924,
		-0.363557, -0.348111, 0.864087,
		0.884086, -0.421294, 0.202247,
		20.973764, 20.646725, 0.882158>
	pigment { color rgbt <0,1,1,0> }
	no_shadow
}
cylinder {
	<20.507656, 20.827644, 1.423660>,  <20.354904, 20.941631, 0.740586>, 0.130000
	pigment { color rgbt <1,0,0,0> }
	no_shadow
}

// nucleotide -1

// particle -1
sphere {
	<20.507656, 20.827644, 1.423660> 0.250000
	pigment { color rgbt <1,0,0,0> }
	no_shadow
}
cylinder {
	<20.835087, 20.922287, 1.214300>,  <21.031546, 20.979073, 1.088684>, 0.100000
	pigment { color rgbt <1,0,0,0> }
	no_shadow
}
cylinder {
	<20.835087, 20.922287, 1.214300>,  <20.507656, 20.827644, 1.423660>, 0.100000
	pigment { color rgbt <1,0,0,0> }
	no_shadow
}

// particle -1
sphere {
	<20.835087, 20.922287, 1.214300> 0.100000
	pigment { color rgbt <1,0,0,0> }
	no_shadow
}
sphere {
	0, 1
	scale<0.080000,0.200000,0.300000>
	matrix <0.049484, 0.878783, 0.474649,
		0.572258, -0.414438, 0.707645,
		0.818579, 0.236605, -0.523399,
		21.080660, 20.993269, 1.057280>
	pigment { color rgbt <0,1,1,0> }
	no_shadow
}
cylinder {
	<21.090494, 20.915785, 1.821902>,  <20.507656, 20.827644, 1.423660>, 0.130000
	pigment { color rgbt <1,0,0,0> }
	no_shadow
}

// nucleotide -1

// particle -1
sphere {
	<21.090494, 20.915785, 1.821902> 0.250000
	pigment { color rgbt <1,0,0,0> }
	no_shadow
}
cylinder {
	<21.142998, 21.163448, 1.512214>,  <21.174500, 21.312046, 1.326401>, 0.100000
	pigment { color rgbt <1,0,0,0> }
	no_shadow
}
cylinder {
	<21.142998, 21.163448, 1.512214>,  <21.090494, 20.915785, 1.821902>, 0.100000
	pigment { color rgbt <1,0,0,0> }
	no_shadow
}

// particle -1
sphere {
	<21.142998, 21.163448, 1.512214> 0.100000
	pigment { color rgbt <1,0,0,0> }
	no_shadow
}
sphere {
	0, 1
	scale<0.080000,0.200000,0.300000>
	matrix <-0.003512, 0.781262, 0.624193,
		0.991342, -0.079211, 0.104721,
		0.131257, 0.619157, -0.774220,
		21.182375, 21.349195, 1.279948>
	pigment { color rgbt <0,1,1,0> }
	no_shadow
}
cylinder {
	<21.677780, 21.233664, 1.953333>,  <21.090494, 20.915785, 1.821902>, 0.130000
	pigment { color rgbt <1,0,0,0> }
	no_shadow
}

// nucleotide -1

// particle -1
sphere {
	<21.677780, 21.233664, 1.953333> 0.250000
	pigment { color rgbt <1,0,0,0> }
	no_shadow
}
cylinder {
	<21.429661, 21.451305, 1.727350>,  <21.280788, 21.581890, 1.591760>, 0.100000
	pigment { color rgbt <1,0,0,0> }
	no_shadow
}
cylinder {
	<21.429661, 21.451305, 1.727350>,  <21.677780, 21.233664, 1.953333>, 0.100000
	pigment { color rgbt <1,0,0,0> }
	no_shadow
}

// particle -1
sphere {
	<21.429661, 21.451305, 1.727350> 0.100000
	pigment { color rgbt <1,0,0,0> }
	no_shadow
}
sphere {
	0, 1
	scale<0.080000,0.200000,0.300000>
	matrix <-0.237718, 0.555990, 0.796470,
		0.747474, 0.628352, -0.215538,
		-0.620301, 0.544103, -0.564959,
		21.243570, 21.614536, 1.557862>
	pigment { color rgbt <0,1,1,0> }
	no_shadow
}
cylinder {
	<21.838404, 21.878233, 1.949609>,  <21.677780, 21.233664, 1.953333>, 0.130000
	pigment { color rgbt <1,0,0,0> }
	no_shadow
}

// nucleotide -1

// particle -1
sphere {
	<21.838404, 21.878233, 1.949609> 0.250000
	pigment { color rgbt <1,0,0,0> }
	no_shadow
}
cylinder {
	<21.446602, 21.810474, 1.906025>,  <21.211521, 21.769819, 1.879875>, 0.100000
	pigment { color rgbt <1,0,0,0> }
	no_shadow
}
cylinder {
	<21.446602, 21.810474, 1.906025>,  <21.838404, 21.878233, 1.949609>, 0.100000
	pigment { color rgbt <1,0,0,0> }
	no_shadow
}

// particle -1
sphere {
	<21.446602, 21.810474, 1.906025> 0.100000
	pigment { color rgbt <1,0,0,0> }
	no_shadow
}
sphere {
	0, 1
	scale<0.080000,0.200000,0.300000>
	matrix <-0.174368, 0.442419, 0.879694,
		-0.100810, 0.880665, -0.462889,
		-0.979507, -0.169395, -0.108960,
		21.152750, 21.759655, 1.873337>
	pigment { color rgbt <0,1,1,0> }
	no_shadow
}
cylinder {
	<21.546295, 22.535629, 2.213729>,  <21.838404, 21.878233, 1.949609>, 0.130000
	pigment { color rgbt <1,0,0,0> }
	no_shadow
}

// nucleotide -1

// particle -1
sphere {
	<21.546295, 22.535629, 2.213729> 0.250000
	pigment { color rgbt <1,0,0,0> }
	no_shadow
}
cylinder {
	<21.286110, 22.231968, 2.223416>,  <21.129999, 22.049772, 2.229228>, 0.100000
	pigment { color rgbt <1,0,0,0> }
	no_shadow
}
cylinder {
	<21.286110, 22.231968, 2.223416>,  <21.546295, 22.535629, 2.213729>, 0.100000
	pigment { color rgbt <1,0,0,0> }
	no_shadow
}

// particle -1
sphere {
	<21.286110, 22.231968, 2.223416> 0.100000
	pigment { color rgbt <1,0,0,0> }
	no_shadow
}
sphere {
	0, 1
	scale<0.080000,0.200000,0.300000>
	matrix <-0.197447, 0.199795, 0.959738,
		-0.733426, 0.619492, -0.279851,
		-0.650462, -0.759152, 0.024218,
		21.090971, 22.004223, 2.230681>
	pigment { color rgbt <0,1,1,0> }
	no_shadow
}
cylinder {
	<20.895666, 22.696321, 2.615328>,  <21.546295, 22.535629, 2.213729>, 0.130000
	pigment { color rgbt <1,0,0,0> }
	no_shadow
}

// nucleotide -1

// particle -1
sphere {
	<20.895666, 22.696321, 2.615328> 0.250000
	pigment { color rgbt <1,0,0,0> }
	no_shadow
}
cylinder {
	<20.957981, 22.301315, 2.606035>,  <20.995369, 22.064312, 2.600460>, 0.100000
	pigment { color rgbt <1,0,0,0> }
	no_shadow
}
cylinder {
	<20.957981, 22.301315, 2.606035>,  <20.895666, 22.696321, 2.615328>, 0.100000
	pigment { color rgbt <1,0,0,0> }
	no_shadow
}

// particle -1
sphere {
	<20.957981, 22.301315, 2.606035> 0.100000
	pigment { color rgbt <1,0,0,0> }
	no_shadow
}
sphere {
	0, 1
	scale<0.080000,0.200000,0.300000>
	matrix <-0.025426, -0.027519, 0.999298,
		-0.987464, -0.155086, -0.029396,
		0.155786, -0.987518, -0.023231,
		21.004717, 22.005060, 2.599066>
	pigment { color rgbt <0,1,1,0> }
	no_shadow
}
cylinder {
	<20.313780, 22.298807, 3.009529>,  <20.895666, 22.696321, 2.615328>, 0.130000
	pigment { color rgbt <1,0,0,0> }
	no_shadow
}

// nucleotide -1

// particle -1
sphere {
	<20.313780, 22.298807, 3.009529> 0.250000
	pigment { color rgbt <1,0,0,0> }
	no_shadow
}
cylinder {
	<20.670017, 22.118504, 2.985334>,  <20.883760, 22.010321, 2.970817>, 0.100000
	pigment { color rgbt <1,0,0,0> }
	no_shadow
}
cylinder {
	<20.670017, 22.118504, 2.985334>,  <20.313780, 22.298807, 3.009529>, 0.100000
	pigment { color rgbt <1,0,0,0> }
	no_shadow
}

// particle -1
sphere {
	<20.670017, 22.118504, 2.985334> 0.100000
	pigment { color rgbt <1,0,0,0> }
	no_shadow
}
sphere {
	0, 1
	scale<0.080000,0.200000,0.300000>
	matrix <-0.098006, -0.320087, 0.942305,
		-0.444117, -0.833282, -0.329244,
		0.890592, -0.450761, -0.060489,
		20.937195, 21.983276, 2.967187>
	pigment { color rgbt <0,1,1,0> }
	no_shadow
}
cylinder {
	<20.123058, 21.712612, 3.158383>,  <20.313780, 22.298807, 3.009529>, 0.130000
	pigment { color rgbt <1,0,0,0> }
	no_shadow
}

// nucleotide -1

// particle -1
sphere {
	<20.123058, 21.712612, 3.158383> 0.250000
	pigment { color rgbt <1,0,0,0> }
	no_shadow
}
cylinder {
	<20.503872, 21.789768, 3.253398>,  <20.732361, 21.836061, 3.310407>, 0.100000
	pigment { color rgbt <1,0,0,0> }
	no_shadow
}
cylinder {
	<20.503872, 21.789768, 3.253398>,  <20.123058, 21.712612, 3.158383>, 0.100000
	pigment { color rgbt <1,0,0,0> }
	no_shadow
}

// particle -1
sphere {
	<20.503872, 21.789768, 3.253398> 0.100000
	pigment { color rgbt <1,0,0,0> }
	no_shadow
}
sphere {
	0, 1
	scale<0.080000,0.200000,0.300000>
	matrix <-0.160087, -0.347596, 0.923877,
		0.260774, -0.917589, -0.300044,
		0.952034, 0.192890, 0.237538,
		20.789482, 21.847635, 3.324660>
	pigment { color rgbt <0,1,1,0> }
	no_shadow
}
cylinder {
	<20.489124, 21.103289, 3.447307>,  <20.123058, 21.712612, 3.158383>, 0.130000
	pigment { color rgbt <1,0,0,0> }
	no_shadow
}

// nucleotide -1

// particle -1
sphere {
	<20.489124, 21.103289, 3.447307> 0.250000
	pigment { color rgbt <1,0,0,0> }
	no_shadow
}
cylinder {
	<20.646027, 21.437790, 3.600574>,  <20.740168, 21.638491, 3.692535>, 0.100000
	pigment { color rgbt <1,0,0,0> }
	no_shadow
}
cylinder {
	<20.646027, 21.437790, 3.600574>,  <20.489124, 21.103289, 3.447307>, 0.100000
	pigment { color rgbt <1,0,0,0> }
	no_shadow
}

// particle -1
sphere {
	<20.646027, 21.437790, 3.600574> 0.100000
	pigment { color rgbt <1,0,0,0> }
	no_shadow
}
sphere {
	0, 1
	scale<0.080000,0.200000,0.300000>
	matrix <-0.148613, -0.353466, 0.923567,
		0.907773, -0.419216, -0.014370,
		0.392254, 0.836253, 0.383168,
		20.763702, 21.688665, 3.715525>
	pigment { color rgbt <0,1,1,0> }
	no_shadow
}
cylinder {
	<21.193489, 21.029755, 3.850955>,  <20.489124, 21.103289, 3.447307>, 0.130000
	pigment { color rgbt <1,0,0,0> }
	no_shadow
}

// nucleotide -1

// particle -1
sphere {
	<21.193489, 21.029755, 3.850955> 0.250000
	pigment { color rgbt <1,0,0,0> }
	no_shadow
}
cylinder {
	<20.924866, 21.300789, 3.970880>,  <20.763691, 21.463409, 4.042835>, 0.100000
	pigment { color rgbt <1,0,0,0> }
	no_shadow
}
cylinder {
	<20.924866, 21.300789, 3.970880>,  <21.193489, 21.029755, 3.850955>, 0.100000
	pigment { color rgbt <1,0,0,0> }
	no_shadow
}

// particle -1
sphere {
	<20.924866, 21.300789, 3.970880> 0.100000
	pigment { color rgbt <1,0,0,0> }
	no_shadow
}
sphere {
	0, 1
	scale<0.080000,0.200000,0.300000>
	matrix <-0.155437, -0.524462, 0.837126,
		0.724463, 0.515578, 0.457529,
		-0.671560, 0.677583, 0.299813,
		20.723398, 21.504065, 4.060824>
	pigment { color rgbt <0,1,1,0> }
	no_shadow
}
cylinder {
	<21.418186, 21.452984, 4.435424>,  <21.193489, 21.029755, 3.850955>, 0.130000
	pigment { color rgbt <1,0,0,0> }
	no_shadow
}

// nucleotide -1

// particle -1
sphere {
	<21.418186, 21.452984, 4.435424> 0.250000
	pigment { color rgbt <1,0,0,0> }
	no_shadow
}
cylinder {
	<21.030533, 21.357262, 4.411723>,  <20.797941, 21.299829, 4.397502>, 0.100000
	pigment { color rgbt <1,0,0,0> }
	no_shadow
}
cylinder {
	<21.030533, 21.357262, 4.411723>,  <21.418186, 21.452984, 4.435424>, 0.100000
	pigment { color rgbt <1,0,0,0> }
	no_shadow
}

// particle -1
sphere {
	<21.030533, 21.357262, 4.411723> 0.100000
	pigment { color rgbt <1,0,0,0> }
	no_shadow
}
sphere {
	0, 1
	scale<0.080000,0.200000,0.300000>
	matrix <0.027525, -0.343879, 0.938610,
		-0.244990, 0.908009, 0.339852,
		-0.969135, -0.239304, -0.059254,
		20.739792, 21.285471, 4.393947>
	pigment { color rgbt <0,1,1,0> }
	no_shadow
}
cylinder {
	<20.833687, 21.928282, 4.879806>,  <21.418186, 21.452984, 4.435424>, 0.130000
	pigment { color rgbt <1,0,0,0> }
	no_shadow
}

// nucleotide -1

// particle -1
sphere {
	<20.833687, 21.928282, 4.879806> 0.250000
	pigment { color rgbt <1,0,0,0> }
	no_shadow
}
cylinder {
	<20.787197, 21.537609, 4.807599>,  <20.759304, 21.303205, 4.764274>, 0.100000
	pigment { color rgbt <1,0,0,0> }
	no_shadow
}
cylinder {
	<20.787197, 21.537609, 4.807599>,  <20.833687, 21.928282, 4.879806>, 0.100000
	pigment { color rgbt <1,0,0,0> }
	no_shadow
}

// particle -1
sphere {
	<20.787197, 21.537609, 4.807599> 0.100000
	pigment { color rgbt <1,0,0,0> }
	no_shadow
}
sphere {
	0, 1
	scale<0.080000,0.200000,0.300000>
	matrix <0.169179, -0.198560, 0.965377,
		-0.978709, 0.081659, 0.188311,
		-0.116222, -0.976681, -0.180518,
		20.752331, 21.244604, 4.753443>
	pigment { color rgbt <0,1,1,0> }
	no_shadow
}
cylinder {
	<20.117380, 21.675655, 5.208304>,  <20.833687, 21.928282, 4.879806>, 0.130000
	pigment { color rgbt <1,0,0,0> }
	no_shadow
}

// nucleotide -1

// particle -1
sphere {
	<20.117380, 21.675655, 5.208304> 0.250000
	pigment { color rgbt <1,0,0,0> }
	no_shadow
}
cylinder {
	<20.430775, 21.429585, 5.173182>,  <20.618811, 21.281942, 5.152108>, 0.100000
	pigment { color rgbt <1,0,0,0> }
	no_shadow
}
cylinder {
	<20.430775, 21.429585, 5.173182>,  <20.117380, 21.675655, 5.208304>, 0.100000
	pigment { color rgbt <1,0,0,0> }
	no_shadow
}

// particle -1
sphere {
	<20.430775, 21.429585, 5.173182> 0.100000
	pigment { color rgbt <1,0,0,0> }
	no_shadow
}
sphere {
	0, 1
	scale<0.080000,0.200000,0.300000>
	matrix <0.064757, -0.059704, 0.996113,
		-0.618028, -0.786125, -0.006940,
		0.783484, -0.615177, -0.087806,
		20.665819, 21.245031, 5.146840>
	pigment { color rgbt <0,1,1,0> }
	no_shadow
}
cylinder {
	<19.846272, 21.136473, 5.595305>,  <20.117380, 21.675655, 5.208304>, 0.130000
	pigment { color rgbt <1,0,0,0> }
	no_shadow
}

// nucleotide -1

// particle -1
sphere {
	<19.846272, 21.136473, 5.595305> 0.250000
	pigment { color rgbt <1,0,0,0> }
	no_shadow
}
cylinder {
	<20.240284, 21.192543, 5.555167>,  <20.476690, 21.226185, 5.531085>, 0.100000
	pigment { color rgbt <1,0,0,0> }
	no_shadow
}
cylinder {
	<20.240284, 21.192543, 5.555167>,  <19.846272, 21.136473, 5.595305>, 0.100000
	pigment { color rgbt <1,0,0,0> }
	no_shadow
}

// particle -1
sphere {
	<20.240284, 21.192543, 5.555167> 0.100000
	pigment { color rgbt <1,0,0,0> }
	no_shadow
}
sphere {
	0, 1
	scale<0.080000,0.200000,0.300000>
	matrix <0.128782, -0.211397, 0.968879,
		0.114602, -0.967296, -0.226284,
		0.985029, 0.140177, -0.100344,
		20.535793, 21.234596, 5.525064>
	pigment { color rgbt <0,1,1,0> }
	no_shadow
}
cylinder {
	<20.296480, 20.474854, 5.748462>,  <19.846272, 21.136473, 5.595305>, 0.130000
	pigment { color rgbt <1,0,0,0> }
	no_shadow
}

// nucleotide -1

// particle -1
sphere {
	<20.296480, 20.474854, 5.748462> 0.250000
	pigment { color rgbt <1,0,0,0> }
	no_shadow
}
cylinder {
	<20.491379, 20.818096, 5.813263>,  <20.608318, 21.024042, 5.852143>, 0.100000
	pigment { color rgbt <1,0,0,0> }
	no_shadow
}
cylinder {
	<20.491379, 20.818096, 5.813263>,  <20.296480, 20.474854, 5.748462>, 0.100000
	pigment { color rgbt <1,0,0,0> }
	no_shadow
}

// particle -1
sphere {
	<20.491379, 20.818096, 5.813263> 0.100000
	pigment { color rgbt <1,0,0,0> }
	no_shadow
}
sphere {
	0, 1
	scale<0.080000,0.200000,0.300000>
	matrix <-0.000510, -0.185234, 0.982694,
		0.873264, -0.478897, -0.089817,
		0.487247, 0.858106, 0.162002,
		20.637552, 21.075527, 5.861864>
	pigment { color rgbt <0,1,1,0> }
	no_shadow
}
cylinder {
	<20.928036, 20.383932, 6.220029>,  <20.296480, 20.474854, 5.748462>, 0.130000
	pigment { color rgbt <1,0,0,0> }
	no_shadow
}

// nucleotide -1

// particle -1
sphere {
	<20.928036, 20.383932, 6.220029> 0.250000
	pigment { color rgbt <1,0,0,0> }
	no_shadow
}
cylinder {
	<20.764790, 20.748520, 6.240697>,  <20.666842, 20.967272, 6.253098>, 0.100000
	pigment { color rgbt <1,0,0,0> }
	no_shadow
}
cylinder {
	<20.764790, 20.748520, 6.240697>,  <20.928036, 20.383932, 6.220029>, 0.100000
	pigment { color rgbt <1,0,0,0> }
	no_shadow
}

// particle -1
sphere {
	<20.764790, 20.748520, 6.240697> 0.100000
	pigment { color rgbt <1,0,0,0> }
	no_shadow
}
sphere {
	0, 1
	scale<0.080000,0.200000,0.300000>
	matrix <-0.072600, -0.088820, 0.993398,
		0.910039, 0.401669, 0.102421,
		-0.408115, 0.911467, 0.051669,
		20.642355, 21.021959, 6.256197>
	pigment { color rgbt <0,1,1,0> }
	no_shadow
}
cylinder {
	<21.254065, 20.929996, 6.616209>,  <20.928036, 20.383932, 6.220029>, 0.130000
	pigment { color rgbt <1,0,0,0> }
	no_shadow
}

// nucleotide -1

// particle -1
sphere {
	<21.254065, 20.929996, 6.616209> 0.250000
	pigment { color rgbt <1,0,0,0> }
	no_shadow
}
cylinder {
	<20.857315, 20.979946, 6.606432>,  <20.619267, 21.009916, 6.600565>, 0.100000
	pigment { color rgbt <1,0,0,0> }
	no_shadow
}
cylinder {
	<20.857315, 20.979946, 6.606432>,  <21.254065, 20.929996, 6.616209>, 0.100000
	pigment { color rgbt <1,0,0,0> }
	no_shadow
}

// particle -1
sphere {
	<20.857315, 20.979946, 6.606432> 0.100000
	pigment { color rgbt <1,0,0,0> }
	no_shadow
}
sphere {
	0, 1
	scale<0.080000,0.200000,0.300000>
	matrix <-0.022682, 0.015508, 0.999622,
		0.125206, 0.992051, -0.012550,
		-0.991871, 0.124874, -0.024443,
		20.559753, 21.017408, 6.599099>
	pigment { color rgbt <0,1,1,0> }
	no_shadow
}
cylinder {
	<21.013580, 21.505077, 7.064692>,  <21.254065, 20.929996, 6.616209>, 0.130000
	pigment { color rgbt <1,0,0,0> }
	no_shadow
}

// nucleotide -1

// particle -1
sphere {
	<21.013580, 21.505077, 7.064692> 0.250000
	pigment { color rgbt <1,0,0,0> }
	no_shadow
}
cylinder {
	<20.708031, 21.246952, 7.061303>,  <20.524702, 21.092077, 7.059269>, 0.100000
	pigment { color rgbt <1,0,0,0> }
	no_shadow
}
cylinder {
	<20.708031, 21.246952, 7.061303>,  <21.013580, 21.505077, 7.064692>, 0.100000
	pigment { color rgbt <1,0,0,0> }
	no_shadow
}

// particle -1
sphere {
	<20.708031, 21.246952, 7.061303> 0.100000
	pigment { color rgbt <1,0,0,0> }
	no_shadow
}
sphere {
	0, 1
	scale<0.080000,0.200000,0.300000>
	matrix <0.054868, -0.078020, 0.995441,
		-0.643030, 0.759926, 0.095004,
		-0.763873, -0.645311, -0.008474,
		20.478868, 21.053358, 7.058761>
	pigment { color rgbt <0,1,1,0> }
	no_shadow
}
cylinder {
	<20.417051, 21.729092, 7.437491>,  <21.013580, 21.505077, 7.064692>, 0.130000
	pigment { color rgbt <1,0,0,0> }
	no_shadow
}

// nucleotide -1

// particle -1
sphere {
	<20.417051, 21.729092, 7.437491> 0.250000
	pigment { color rgbt <1,0,0,0> }
	no_shadow
}
cylinder {
	<20.445900, 21.330193, 7.444319>,  <20.463209, 21.090853, 7.448416>, 0.100000
	pigment { color rgbt <1,0,0,0> }
	no_shadow
}
cylinder {
	<20.445900, 21.330193, 7.444319>,  <20.417051, 21.729092, 7.437491>, 0.100000
	pigment { color rgbt <1,0,0,0> }
	no_shadow
}

// particle -1
sphere {
	<20.445900, 21.330193, 7.444319> 0.100000
	pigment { color rgbt <1,0,0,0> }
	no_shadow
}
sphere {
	0, 1
	scale<0.080000,0.200000,0.300000>
	matrix <0.009554, 0.017804, 0.999796,
		-0.997350, -0.071943, 0.010812,
		0.072121, -0.997250, 0.017070,
		20.467537, 21.031017, 7.449440>
	pigment { color rgbt <0,1,1,0> }
	no_shadow
}
cylinder {
	<19.893604, 21.345543, 7.828863>,  <20.417051, 21.729092, 7.437491>, 0.130000
	pigment { color rgbt <1,0,0,0> }
	no_shadow
}

// nucleotide -1

// particle -1
sphere {
	<19.893604, 21.345543, 7.828863> 0.250000
	pigment { color rgbt <1,0,0,0> }
	no_shadow
}
cylinder {
	<20.240746, 21.147949, 7.850065>,  <20.449030, 21.029392, 7.862787>, 0.100000
	pigment { color rgbt <1,0,0,0> }
	no_shadow
}
cylinder {
	<20.240746, 21.147949, 7.850065>,  <19.893604, 21.345543, 7.828863>, 0.100000
	pigment { color rgbt <1,0,0,0> }
	no_shadow
}

// particle -1
sphere {
	<20.240746, 21.147949, 7.850065> 0.100000
	pigment { color rgbt <1,0,0,0> }
	no_shadow
}
sphere {
	0, 1
	scale<0.080000,0.200000,0.300000>
	matrix <-0.108679, -0.084652, 0.990466,
		-0.484788, -0.865340, -0.127151,
		0.867853, -0.493984, 0.053006,
		20.501102, 20.999754, 7.865967>
	pigment { color rgbt <0,1,1,0> }
	no_shadow
}
cylinder {
	<19.840071, 20.671999, 8.117870>,  <19.893604, 21.345543, 7.828863>, 0.130000
	pigment { color rgbt <1,0,0,0> }
	no_shadow
}

// nucleotide -1

// particle -1
sphere {
	<19.840071, 20.671999, 8.117870> 0.250000
	pigment { color rgbt <1,0,0,0> }
	no_shadow
}
cylinder {
	<20.215012, 20.803684, 8.163468>,  <20.439976, 20.882694, 8.190827>, 0.100000
	pigment { color rgbt <1,0,0,0> }
	no_shadow
}
cylinder {
	<20.215012, 20.803684, 8.163468>,  <19.840071, 20.671999, 8.117870>, 0.100000
	pigment { color rgbt <1,0,0,0> }
	no_shadow
}

// particle -1
sphere {
	<20.215012, 20.803684, 8.163468> 0.100000
	pigment { color rgbt <1,0,0,0> }
	no_shadow
}
sphere {
	0, 1
	scale<0.080000,0.200000,0.300000>
	matrix <-0.022038, -0.270518, 0.962463,
		0.347692, -0.904676, -0.246315,
		0.937350, 0.329212, 0.113994,
		20.496216, 20.902449, 8.197666>
	pigment { color rgbt <0,1,1,0> }
	no_shadow
}
cylinder {
	<20.227655, 20.122326, 8.364208>,  <19.840071, 20.671999, 8.117870>, 0.130000
	pigment { color rgbt <1,0,0,0> }
	no_shadow
}

// nucleotide -1

// particle -1
sphere {
	<20.227655, 20.122326, 8.364208> 0.250000
	pigment { color rgbt <1,0,0,0> }
	no_shadow
}
cylinder {
	<20.364506, 20.476986, 8.488661>,  <20.446617, 20.689781, 8.563333>, 0.100000
	pigment { color rgbt <1,0,0,0> }
	no_shadow
}
cylinder {
	<20.364506, 20.476986, 8.488661>,  <20.227655, 20.122326, 8.364208>, 0.100000
	pigment { color rgbt <1,0,0,0> }
	no_shadow
}

// particle -1
sphere {
	<20.364506, 20.476986, 8.488661> 0.100000
	pigment { color rgbt <1,0,0,0> }
	no_shadow
}
sphere {
	0, 1
	scale<0.080000,0.200000,0.300000>
	matrix <-0.040000, -0.317070, 0.947558,
		0.938802, -0.336630, -0.073012,
		0.342127, 0.886649, 0.311131,
		20.467144, 20.742981, 8.582000>
	pigment { color rgbt <0,1,1,0> }
	no_shadow
}
cylinder {
	<20.902805, 20.087347, 8.650851>,  <20.227655, 20.122326, 8.364208>, 0.130000
	pigment { color rgbt <1,0,0,0> }
	no_shadow
}

// nucleotide -1

// particle -1
sphere {
	<20.902805, 20.087347, 8.650851> 0.250000
	pigment { color rgbt <1,0,0,0> }
	no_shadow
}
cylinder {
	<20.745644, 20.414600, 8.818795>,  <20.651346, 20.610952, 8.919561>, 0.100000
	pigment { color rgbt <1,0,0,0> }
	no_shadow
}
cylinder {
	<20.745644, 20.414600, 8.818795>,  <20.902805, 20.087347, 8.650851>, 0.100000
	pigment { color rgbt <1,0,0,0> }
	no_shadow
}

// particle -1
sphere {
	<20.745644, 20.414600, 8.818795> 0.100000
	pigment { color rgbt <1,0,0,0> }
	no_shadow
}
sphere {
	0, 1
	scale<0.080000,0.200000,0.300000>
	matrix <0.253474, -0.342536, 0.904665,
		0.883956, 0.461870, -0.072792,
		-0.392903, 0.818135, 0.419859,
		20.627773, 20.660042, 8.944753>
	pigment { color rgbt <0,1,1,0> }
	no_shadow
}
cylinder {
	<21.258839, 20.222858, 9.289488>,  <20.902805, 20.087347, 8.650851>, 0.130000
	pigment { color rgbt <1,0,0,0> }
	no_shadow
}

// nucleotide -1

// particle -1
sphere {
	<21.258839, 20.222858, 9.289488> 0.250000
	pigment { color rgbt <1,0,0,0> }
	no_shadow
}
cylinder {
	<20.943401, 20.460064, 9.354549>,  <20.754139, 20.602386, 9.393586>, 0.100000
	pigment { color rgbt <1,0,0,0> }
	no_shadow
}
cylinder {
	<20.943401, 20.460064, 9.354549>,  <21.258839, 20.222858, 9.289488>, 0.100000
	pigment { color rgbt <1,0,0,0> }
	no_shadow
}

// particle -1
sphere {
	<20.943401, 20.460064, 9.354549> 0.100000
	pigment { color rgbt <1,0,0,0> }
	no_shadow
}
sphere {
	0, 1
	scale<0.080000,0.200000,0.300000>
	matrix <-0.043342, -0.317461, 0.947280,
		0.613385, 0.739970, 0.276050,
		-0.788594, 0.593012, 0.162654,
		20.706823, 20.637968, 9.403345>
	pigment { color rgbt <0,1,1,0> }
	no_shadow
}
cylinder {
	<21.505007, 20.554081, 9.917207>,  <21.258839, 20.222858, 9.289488>, 0.130000
	pigment { color rgbt <1,0,0,0> }
	no_shadow
}

// nucleotide -1

// particle -1
sphere {
	<21.505007, 20.554081, 9.917207> 0.250000
	pigment { color rgbt <1,0,0,0> }
	no_shadow
}
cylinder {
	<21.109062, 20.593315, 9.876122>,  <20.871494, 20.616856, 9.851471>, 0.100000
	pigment { color rgbt <1,0,0,0> }
	no_shadow
}
cylinder {
	<21.109062, 20.593315, 9.876122>,  <21.505007, 20.554081, 9.917207>, 0.100000
	pigment { color rgbt <1,0,0,0> }
	no_shadow
}

// particle -1
sphere {
	<21.109062, 20.593315, 9.876122> 0.100000
	pigment { color rgbt <1,0,0,0> }
	no_shadow
}
sphere {
	0, 1
	scale<0.080000,0.200000,0.300000>
	matrix <-0.119457, -0.183855, 0.975668,
		0.076813, 0.978048, 0.193708,
		-0.989864, 0.098084, -0.102713,
		20.812103, 20.622740, 9.845307>
	pigment { color rgbt <0,1,1,0> }
	no_shadow
}
cylinder {
	<21.230703, 21.139471, 10.360382>,  <21.505007, 20.554081, 9.917207>, 0.130000
	pigment { color rgbt <1,0,0,0> }
	no_shadow
}

// nucleotide -1

// particle -1
sphere {
	<21.230703, 21.139471, 10.360382> 0.250000
	pigment { color rgbt <1,0,0,0> }
	no_shadow
}
cylinder {
	<20.939087, 20.873531, 10.295291>,  <20.764118, 20.713968, 10.256236>, 0.100000
	pigment { color rgbt <1,0,0,0> }
	no_shadow
}
cylinder {
	<20.939087, 20.873531, 10.295291>,  <21.230703, 21.139471, 10.360382>, 0.100000
	pigment { color rgbt <1,0,0,0> }
	no_shadow
}

// particle -1
sphere {
	<20.939087, 20.873531, 10.295291> 0.100000
	pigment { color rgbt <1,0,0,0> }
	no_shadow
}
sphere {
	0, 1
	scale<0.080000,0.200000,0.300000>
	matrix <-0.153916, -0.072417, 0.985427,
		-0.666942, 0.743461, -0.049536,
		-0.729039, -0.664847, -0.162729,
		20.720375, 20.674078, 10.246472>
	pigment { color rgbt <0,1,1,0> }
	no_shadow
}
cylinder {
	<20.620255, 21.396116, 10.666917>,  <21.230703, 21.139471, 10.360382>, 0.130000
	pigment { color rgbt <1,0,0,0> }
	no_shadow
}

// nucleotide -1

// particle -1
sphere {
	<20.620255, 21.396116, 10.666917> 0.250000
	pigment { color rgbt <1,0,0,0> }
	no_shadow
}
cylinder {
	<20.567245, 21.001976, 10.623982>,  <20.535440, 20.765491, 10.598222>, 0.100000
	pigment { color rgbt <1,0,0,0> }
	no_shadow
}
cylinder {
	<20.567245, 21.001976, 10.623982>,  <20.620255, 21.396116, 10.666917>, 0.100000
	pigment { color rgbt <1,0,0,0> }
	no_shadow
}

// particle -1
sphere {
	<20.567245, 21.001976, 10.623982> 0.100000
	pigment { color rgbt <1,0,0,0> }
	no_shadow
}
sphere {
	0, 1
	scale<0.080000,0.200000,0.300000>
	matrix <-0.190510, -0.080951, 0.978342,
		-0.972699, 0.150103, -0.176992,
		-0.132524, -0.985351, -0.107337,
		20.527489, 20.706371, 10.591782>
	pigment { color rgbt <0,1,1,0> }
	no_shadow
}
cylinder {
	<20.026962, 21.250401, 11.194010>,  <20.620255, 21.396116, 10.666917>, 0.130000
	pigment { color rgbt <1,0,0,0> }
	no_shadow
}

// nucleotide -1

// particle -1
sphere {
	<20.026962, 21.250401, 11.194010> 0.250000
	pigment { color rgbt <1,0,0,0> }
	no_shadow
}
cylinder {
	<20.189751, 20.894817, 11.109981>,  <20.287424, 20.681467, 11.059564>, 0.100000
	pigment { color rgbt <1,0,0,0> }
	no_shadow
}
cylinder {
	<20.189751, 20.894817, 11.109981>,  <20.026962, 21.250401, 11.194010>, 0.100000
	pigment { color rgbt <1,0,0,0> }
	no_shadow
}

// particle -1
sphere {
	<20.189751, 20.894817, 11.109981> 0.100000
	pigment { color rgbt <1,0,0,0> }
	no_shadow
}
sphere {
	0, 1
	scale<0.080000,0.200000,0.300000>
	matrix <-0.244553, -0.327620, 0.912611,
		-0.880096, -0.320032, -0.350729,
		0.406971, -0.888957, -0.210072,
		20.311842, 20.628130, 11.046959>
	pigment { color rgbt <0,1,1,0> }
	no_shadow
}
cylinder {
	<19.554516, 20.715166, 11.426934>,  <20.026962, 21.250401, 11.194010>, 0.130000
	pigment { color rgbt <1,0,0,0> }
	no_shadow
}

// nucleotide -1

// particle -1
sphere {
	<19.554516, 20.715166, 11.426934> 0.250000
	pigment { color rgbt <1,0,0,0> }
	no_shadow
}
cylinder {
	<19.905563, 20.526718, 11.391537>,  <20.116192, 20.413651, 11.370298>, 0.100000
	pigment { color rgbt <1,0,0,0> }
	no_shadow
}
cylinder {
	<19.905563, 20.526718, 11.391537>,  <19.554516, 20.715166, 11.426934>, 0.100000
	pigment { color rgbt <1,0,0,0> }
	no_shadow
}

// particle -1
sphere {
	<19.905563, 20.526718, 11.391537> 0.100000
	pigment { color rgbt <1,0,0,0> }
	no_shadow
}
sphere {
	0, 1
	scale<0.080000,0.200000,0.300000>
	matrix <-0.222719, -0.564226, 0.795013,
		-0.424474, -0.678010, -0.600103,
		0.877621, -0.471117, -0.088494,
		20.168850, 20.385384, 11.364988>
	pigment { color rgbt <0,1,1,0> }
	no_shadow
}
cylinder {
	<19.537281, 19.932152, 11.506479>,  <19.554516, 20.715166, 11.426934>, 0.130000
	pigment { color rgbt <1,0,0,0> }
	no_shadow
}

// nucleotide -1

// particle -1
sphere {
