// switches for output
#declare DRAW_BASES = 1; // possible values are 0, 1; only relevant for DNA ribbons
#declare DRAW_BASES_TYPE = 3; // possible values are 1, 2, 3; only relevant for DNA ribbons
#declare DRAW_FOG = 0; // set to 1 to enable fog

#include "colors.inc"

#include "transforms.inc"
background { rgb <1, 1, 1>}

#default {
   normal{
       ripples 0.25
       frequency 0.20
       turbulence 0.2
       lambda 5
   }
	finish {
		phong 0.1
		phong_size 40.
	}
}

// original window dimensions: 1024x640


// camera settings

camera {
	sky <0, 0.179814, -0.983701>
	up <0, 0.179814, -0.983701>
	right 1.6 * <1, 0, 0>
	location <35, 92.5046, 58.4545>
	look_at <35, 26.874, 46.4577>
	direction <0, -65.6306, -11.9968>
	angle 67.0682
}


# declare cpy_camera_pos = <35, 92.5046, 58.4545>;
# if (DRAW_FOG = 1)
fog {
	fog_type 2
	up vnormalize(cpy_camera_pos)
	color rgbt<1,1,1,0.3>
	distance 1e-5
	fog_alt 3e-3
	fog_offset 56
}
# end


// LIGHTS

# declare lum = 6;
global_settings {
	ambient_light rgb lum * <0.05, 0.05, 0.05>
	max_trace_level 15
}# declare cpy_direct_light_amount = 0.25;
light_source
{	1000 * <-1, -1.16351, -0.803887>,
	rgb lum * cpy_direct_light_amount
	parallel
}

light_source
{	1000 * <1, 1.16351, 0.803887>,
	rgb lum * cpy_direct_light_amount
	parallel
}

// strand 0

// nucleotide -1

// particle -1
sphere {
	<39.457851, 36.553963, 50.917198> 0.250000
	pigment { color rgbt <1,0,0,0> }
	no_shadow
}
cylinder {
	<39.454235, 36.155632, 50.953537>,  <39.452065, 35.916634, 50.975338>, 0.100000
	pigment { color rgbt <1,0,0,0> }
	no_shadow
}
cylinder {
	<39.454235, 36.155632, 50.953537>,  <39.457851, 36.553963, 50.917198>, 0.100000
	pigment { color rgbt <1,0,0,0> }
	no_shadow
}

// particle -1
sphere {
	<39.454235, 36.155632, 50.953537> 0.100000
	pigment { color rgbt <1,0,0,0> }
	no_shadow
}
sphere {
	0, 1
	scale<0.080000,0.200000,0.300000>
	matrix <0.930091, 0.024984, 0.366478,
		-0.367218, 0.087807, 0.925981,
		-0.009044, -0.995824, 0.090843,
		39.451523, 35.856884, 50.980789>
	pigment { color rgbt <0,1,1,0> }
	no_shadow
}
cylinder {
	<39.605118, 36.316685, 51.594849>,  <39.457851, 36.553963, 50.917198>, 0.130000
	pigment { color rgbt <1,0,0,0> }
	no_shadow
}

// nucleotide -1

// particle -1
sphere {
	<39.605118, 36.316685, 51.594849> 0.250000
	pigment { color rgbt <1,0,0,0> }
	no_shadow
}
cylinder {
	<39.712723, 36.022480, 51.346123>,  <39.777287, 35.845959, 51.196888>, 0.100000
	pigment { color rgbt <1,0,0,0> }
	no_shadow
}
cylinder {
	<39.712723, 36.022480, 51.346123>,  <39.605118, 36.316685, 51.594849>, 0.100000
	pigment { color rgbt <1,0,0,0> }
	no_shadow
}

// particle -1
sphere {
	<39.712723, 36.022480, 51.346123> 0.100000
	pigment { color rgbt <1,0,0,0> }
	no_shadow
}
sphere {
	0, 1
	scale<0.080000,0.200000,0.300000>
	matrix <0.958448, 0.140806, 0.248097,
		-0.094923, -0.662719, 0.742828,
		0.269014, -0.735512, -0.621815,
		39.793427, 35.801826, 51.159576>
	pigment { color rgbt <0,1,1,0> }
	no_shadow
}
cylinder {
	<40.000118, 35.871567, 51.978710>,  <39.605118, 36.316685, 51.594849>, 0.130000
	pigment { color rgbt <1,0,0,0> }
	no_shadow
}

// nucleotide -1

// particle -1
sphere {
	<40.000118, 35.871567, 51.978710> 0.250000
	pigment { color rgbt <1,0,0,0> }
	no_shadow
}
cylinder {
	<40.089710, 35.827778, 51.591339>,  <40.143467, 35.801502, 51.358917>, 0.100000
	pigment { color rgbt <1,0,0,0> }
	no_shadow
}
cylinder {
	<40.089710, 35.827778, 51.591339>,  <40.000118, 35.871567, 51.978710>, 0.100000
	pigment { color rgbt <1,0,0,0> }
	no_shadow
}

// particle -1
sphere {
	<40.089710, 35.827778, 51.591339> 0.100000
	pigment { color rgbt <1,0,0,0> }
	no_shadow
}
sphere {
	0, 1
	scale<0.080000,0.200000,0.300000>
	matrix <0.967045, 0.148393, 0.206889,
		0.121059, -0.982850, 0.139104,
		0.223983, -0.109474, -0.968425,
		40.156906, 35.794937, 51.300812>
	pigment { color rgbt <0,1,1,0> }
	no_shadow
}
cylinder {
	<40.395851, 35.345333, 52.001541>,  <40.000118, 35.871567, 51.978710>, 0.130000
	pigment { color rgbt <1,0,0,0> }
	no_shadow
}

// nucleotide -1

// particle -1
sphere {
	<40.395851, 35.345333, 52.001541> 0.250000
	pigment { color rgbt <1,0,0,0> }
	no_shadow
}
cylinder {
	<40.486485, 35.535175, 51.661327>,  <40.540863, 35.649082, 51.457199>, 0.100000
	pigment { color rgbt <1,0,0,0> }
	no_shadow
}
cylinder {
	<40.486485, 35.535175, 51.661327>,  <40.395851, 35.345333, 52.001541>, 0.100000
	pigment { color rgbt <1,0,0,0> }
	no_shadow
}

// particle -1
sphere {
	<40.486485, 35.535175, 51.661327> 0.100000
	pigment { color rgbt <1,0,0,0> }
	no_shadow
}
sphere {
	0, 1
	scale<0.080000,0.200000,0.300000>
	matrix <0.968004, -0.013042, 0.250597,
		0.107843, -0.880100, -0.462379,
		0.226580, 0.474610, -0.850533,
		40.554459, 35.677559, 51.406166>
	pigment { color rgbt <0,1,1,0> }
	no_shadow
}
cylinder {
	<40.963982, 34.796349, 51.743462>,  <40.395851, 35.345333, 52.001541>, 0.130000
	pigment { color rgbt <1,0,0,0> }
	no_shadow
}

// nucleotide -1

// particle -1
sphere {
	<40.963982, 34.796349, 51.743462> 0.250000
	pigment { color rgbt <1,0,0,0> }
	no_shadow
}
cylinder {
	<40.990650, 35.131477, 51.526718>,  <41.006649, 35.332554, 51.396671>, 0.100000
	pigment { color rgbt <1,0,0,0> }
	no_shadow
}
cylinder {
	<40.990650, 35.131477, 51.526718>,  <40.963982, 34.796349, 51.743462>, 0.100000
	pigment { color rgbt <1,0,0,0> }
	no_shadow
}

// particle -1
sphere {
	<40.990650, 35.131477, 51.526718> 0.100000
	pigment { color rgbt <1,0,0,0> }
	no_shadow
}
sphere {
	0, 1
	scale<0.080000,0.200000,0.300000>
	matrix <0.997537, -0.044087, 0.054566,
		0.021827, -0.544166, -0.838694,
		0.066668, 0.837819, -0.541863,
		41.010651, 35.382824, 51.364159>
	pigment { color rgbt <0,1,1,0> }
	no_shadow
}
cylinder {
	<41.566723, 34.758579, 51.289227>,  <40.963982, 34.796349, 51.743462>, 0.130000
	pigment { color rgbt <1,0,0,0> }
	no_shadow
}

// nucleotide -1

// particle -1
sphere {
	<41.566723, 34.758579, 51.289227> 0.250000
	pigment { color rgbt <1,0,0,0> }
	no_shadow
}
cylinder {
	<41.516659, 35.153702, 51.326267>,  <41.486622, 35.390774, 51.348492>, 0.100000
	pigment { color rgbt <1,0,0,0> }
	no_shadow
}
cylinder {
	<41.516659, 35.153702, 51.326267>,  <41.566723, 34.758579, 51.289227>, 0.100000
	pigment { color rgbt <1,0,0,0> }
	no_shadow
}

// particle -1
sphere {
	<41.516659, 35.153702, 51.326267> 0.100000
	pigment { color rgbt <1,0,0,0> }
	no_shadow
}
sphere {
	0, 1
	scale<0.080000,0.200000,0.300000>
	matrix <0.990548, 0.119129, 0.067991,
		0.056131, 0.100235, -0.993379,
		-0.125156, 0.987806, 0.092601,
		41.479111, 35.450043, 51.354046>
	pigment { color rgbt <0,1,1,0> }
	no_shadow
}
cylinder {
	<41.942532, 35.003311, 50.662907>,  <41.566723, 34.758579, 51.289227>, 0.130000
	pigment { color rgbt <1,0,0,0> }
	no_shadow
}

// nucleotide -1

// particle -1
sphere {
	<41.942532, 35.003311, 50.662907> 0.250000
	pigment { color rgbt <1,0,0,0> }
	no_shadow
}
cylinder {
	<41.940273, 35.281185, 50.950623>,  <41.938919, 35.447910, 51.123253>, 0.100000
	pigment { color rgbt <1,0,0,0> }
	no_shadow
}
cylinder {
	<41.940273, 35.281185, 50.950623>,  <41.942532, 35.003311, 50.662907>, 0.100000
	pigment { color rgbt <1,0,0,0> }
	no_shadow
}

// particle -1
sphere {
	<41.940273, 35.281185, 50.950623> 0.100000
	pigment { color rgbt <1,0,0,0> }
	no_shadow
}
sphere {
	0, 1
	scale<0.080000,0.200000,0.300000>
	matrix <0.996894, 0.060413, -0.050523,
		-0.078552, 0.716770, -0.692871,
		-0.005645, 0.694688, 0.719289,
		41.938580, 35.489590, 51.166409>
	pigment { color rgbt <0,1,1,0> }
	no_shadow
}
cylinder {
	<42.408215, 35.470909, 50.374470>,  <41.942532, 35.003311, 50.662907>, 0.130000
	pigment { color rgbt <1,0,0,0> }
	no_shadow
}

// nucleotide -1

// particle -1
sphere {
	<42.408215, 35.470909, 50.374470> 0.250000
	pigment { color rgbt <1,0,0,0> }
	no_shadow
}
cylinder {
	<42.381931, 35.566078, 50.762093>,  <42.366161, 35.623180, 50.994667>, 0.100000
	pigment { color rgbt <1,0,0,0> }
	no_shadow
}
cylinder {
	<42.381931, 35.566078, 50.762093>,  <42.408215, 35.470909, 50.374470>, 0.100000
	pigment { color rgbt <1,0,0,0> }
	no_shadow
}

// particle -1
sphere {
	<42.381931, 35.566078, 50.762093> 0.100000
	pigment { color rgbt <1,0,0,0> }
	no_shadow
}
sphere {
	0, 1
	scale<0.080000,0.200000,0.300000>
	matrix <0.997438, -0.011869, 0.070546,
		0.028286, 0.971212, -0.236530,
		-0.065708, 0.237919, 0.969060,
		42.362217, 35.637455, 51.052811>
	pigment { color rgbt <0,1,1,0> }
	no_shadow
}
cylinder {
	<43.071472, 35.824810, 50.423676>,  <42.408215, 35.470909, 50.374470>, 0.130000
	pigment { color rgbt <1,0,0,0> }
	no_shadow
}

// nucleotide -1

// particle -1
sphere {
	<43.071472, 35.824810, 50.423676> 0.250000
	pigment { color rgbt <1,0,0,0> }
	no_shadow
}
cylinder {
	<42.949989, 35.783833, 50.802574>,  <42.877102, 35.759247, 51.029911>, 0.100000
	pigment { color rgbt <1,0,0,0> }
	no_shadow
}
cylinder {
	<42.949989, 35.783833, 50.802574>,  <43.071472, 35.824810, 50.423676>, 0.100000
	pigment { color rgbt <1,0,0,0> }
	no_shadow
}

// particle -1
sphere {
	<42.949989, 35.783833, 50.802574> 0.100000
	pigment { color rgbt <1,0,0,0> }
	no_shadow
}
sphere {
	0, 1
	scale<0.080000,0.200000,0.300000>
	matrix <0.943129, 0.108722, 0.314145,
		-0.135169, 0.988779, 0.063599,
		-0.303705, -0.102445, 0.947242,
		42.858879, 35.753098, 51.086746>
	pigment { color rgbt <0,1,1,0> }
	no_shadow
}
cylinder {
	<43.242947, 36.421745, 50.762989>,  <43.071472, 35.824810, 50.423676>, 0.130000
	pigment { color rgbt <1,0,0,0> }
	no_shadow
}

// nucleotide -1

// particle -1
sphere {
	<43.242947, 36.421745, 50.762989> 0.250000
	pigment { color rgbt <1,0,0,0> }
	no_shadow
}
cylinder {
	<43.218853, 36.135178, 51.041016>,  <43.204395, 35.963238, 51.207832>, 0.100000
	pigment { color rgbt <1,0,0,0> }
	no_shadow
}
cylinder {
	<43.218853, 36.135178, 51.041016>,  <43.242947, 36.421745, 50.762989>, 0.100000
	pigment { color rgbt <1,0,0,0> }
	no_shadow
}

// particle -1
sphere {
	<43.218853, 36.135178, 51.041016> 0.100000
	pigment { color rgbt <1,0,0,0> }
	no_shadow
}
sphere {
	0, 1
	scale<0.080000,0.200000,0.300000>
	matrix <0.935284, 0.202766, 0.290050,
		-0.348733, 0.667555, 0.657841,
		-0.060237, -0.716419, 0.695065,
		43.200783, 35.920254, 51.249535>
	pigment { color rgbt <0,1,1,0> }
	no_shadow
}
cylinder {
	<43.634098, 36.664852, 51.345879>,  <43.242947, 36.421745, 50.762989>, 0.130000
	pigment { color rgbt <1,0,0,0> }
	no_shadow
}

// nucleotide -1

// particle -1
sphere {
	<43.634098, 36.664852, 51.345879> 0.250000
	pigment { color rgbt <1,0,0,0> }
	no_shadow
}
cylinder {
	<43.613197, 36.269749, 51.404682>,  <43.600658, 36.032688, 51.439964>, 0.100000
	pigment { color rgbt <1,0,0,0> }
	no_shadow
}
cylinder {
	<43.613197, 36.269749, 51.404682>,  <43.634098, 36.664852, 51.345879>, 0.100000
	pigment { color rgbt <1,0,0,0> }
	no_shadow
}

// particle -1
sphere {
	<43.613197, 36.269749, 51.404682> 0.100000
	pigment { color rgbt <1,0,0,0> }
	no_shadow
}
sphere {
	0, 1
	scale<0.080000,0.200000,0.300000>
	matrix <0.886421, 0.021927, 0.462360,
		-0.459921, 0.154470, 0.874421,
		-0.052248, -0.987754, 0.147010,
		43.597523, 35.973423, 51.448784>
	pigment { color rgbt <0,1,1,0> }
	no_shadow
}
cylinder {
	<43.954597, 36.643166, 51.953003>,  <43.634098, 36.664852, 51.345879>, 0.130000
	pigment { color rgbt <1,0,0,0> }
	no_shadow
}

// nucleotide -1

// particle -1
sphere {
	<43.954597, 36.643166, 51.953003> 0.250000
	pigment { color rgbt <1,0,0,0> }
	no_shadow
}
cylinder {
	<43.972126, 36.268589, 51.813774>,  <43.982643, 36.043842, 51.730236>, 0.100000
	pigment { color rgbt <1,0,0,0> }
	no_shadow
}
cylinder {
	<43.972126, 36.268589, 51.813774>,  <43.954597, 36.643166, 51.953003>, 0.100000
	pigment { color rgbt <1,0,0,0> }
	no_shadow
}

// particle -1
sphere {
	<43.972126, 36.268589, 51.813774> 0.100000
	pigment { color rgbt <1,0,0,0> }
	no_shadow
}
sphere {
	0, 1
	scale<0.080000,0.200000,0.300000>
	matrix <0.910975, -0.105573, 0.398722,
		-0.410127, -0.334559, 0.848449,
		0.043823, -0.936442, -0.348074,
		43.985271, 35.987656, 51.709351>
	pigment { color rgbt <0,1,1,0> }
	no_shadow
}
cylinder {
	<44.352215, 36.328873, 52.513767>,  <43.954597, 36.643166, 51.953003>, 0.130000
	pigment { color rgbt <1,0,0,0> }
	no_shadow
}

// nucleotide -1

// particle -1
sphere {
	<44.352215, 36.328873, 52.513767> 0.250000
	pigment { color rgbt <1,0,0,0> }
	no_shadow
}
cylinder {
	<44.376869, 36.087948, 52.195419>,  <44.391663, 35.943394, 52.004410>, 0.100000
	pigment { color rgbt <1,0,0,0> }
	no_shadow
}
cylinder {
	<44.376869, 36.087948, 52.195419>,  <44.352215, 36.328873, 52.513767>, 0.100000
	pigment { color rgbt <1,0,0,0> }
	no_shadow
}

// particle -1
sphere {
	<44.376869, 36.087948, 52.195419> 0.100000
	pigment { color rgbt <1,0,0,0> }
	no_shadow
}
sphere {
	0, 1
	scale<0.080000,0.200000,0.300000>
	matrix <0.941613, -0.229355, 0.246500,
		-0.331008, -0.764599, 0.553012,
		0.061637, -0.602317, -0.795874,
		44.395359, 35.907253, 51.956657>
	pigment { color rgbt <0,1,1,0> }
	no_shadow
}
cylinder {
	<44.579193, 35.621361, 52.805775>,  <44.352215, 36.328873, 52.513767>, 0.130000
	pigment { color rgbt <1,0,0,0> }
	no_shadow
}

// nucleotide -1

// particle -1
sphere {
	<44.579193, 35.621361, 52.805775> 0.250000
	pigment { color rgbt <1,0,0,0> }
	no_shadow
}
cylinder {
	<44.668343, 35.660358, 52.417789>,  <44.721832, 35.683758, 52.184998>, 0.100000
	pigment { color rgbt <1,0,0,0> }
	no_shadow
}
cylinder {
	<44.668343, 35.660358, 52.417789>,  <44.579193, 35.621361, 52.805775>, 0.100000
	pigment { color rgbt <1,0,0,0> }
	no_shadow
}

// particle -1
sphere {
	<44.668343, 35.660358, 52.417789> 0.100000
	pigment { color rgbt <1,0,0,0> }
	no_shadow
}
sphere {
	0, 1
	scale<0.080000,0.200000,0.300000>
	matrix <0.941515, -0.279486, 0.188249,
		-0.252736, -0.955187, -0.154085,
		0.222877, 0.097496, -0.969959,
		44.735207, 35.689606, 52.126801>
	pigment { color rgbt <0,1,1,0> }
	no_shadow
}
cylinder {
	<45.078239, 35.170559, 52.748383>,  <44.579193, 35.621361, 52.805775>, 0.130000
	pigment { color rgbt <1,0,0,0> }
	no_shadow
}

// nucleotide -1

// particle -1
sphere {
	<45.078239, 35.170559, 52.748383> 0.250000
	pigment { color rgbt <1,0,0,0> }
	no_shadow
}
cylinder {
	<45.121777, 35.324894, 52.381931>,  <45.147900, 35.417496, 52.162060>, 0.100000
	pigment { color rgbt <1,0,0,0> }
	no_shadow
}
cylinder {
	<45.121777, 35.324894, 52.381931>,  <45.078239, 35.170559, 52.748383>, 0.100000
	pigment { color rgbt <1,0,0,0> }
	no_shadow
}

// particle -1
sphere {
	<45.121777, 35.324894, 52.381931> 0.100000
	pigment { color rgbt <1,0,0,0> }
	no_shadow
}
sphere {
	0, 1
	scale<0.080000,0.200000,0.300000>
	matrix <0.882962, -0.460891, -0.089208,
		-0.456654, -0.799194, -0.390840,
		0.108840, 0.385834, -0.916125,
		45.154430, 35.440643, 52.107094>
	pigment { color rgbt <0,1,1,0> }
	no_shadow
}
cylinder {
	<45.139992, 34.632992, 52.308434>,  <45.078239, 35.170559, 52.748383>, 0.130000
	pigment { color rgbt <1,0,0,0> }
	no_shadow
}

// nucleotide -1

// particle -1
sphere {
	<45.139992, 34.632992, 52.308434> 0.250000
	pigment { color rgbt <1,0,0,0> }
	no_shadow
}
cylinder {
	<45.303566, 34.958775, 52.143784>,  <45.401711, 35.154243, 52.044994>, 0.100000
	pigment { color rgbt <1,0,0,0> }
	no_shadow
}
cylinder {
	<45.303566, 34.958775, 52.143784>,  <45.139992, 34.632992, 52.308434>, 0.100000
	pigment { color rgbt <1,0,0,0> }
	no_shadow
}

// particle -1
sphere {
	<45.303566, 34.958775, 52.143784> 0.100000
	pigment { color rgbt <1,0,0,0> }
	no_shadow
}
sphere {
	0, 1
	scale<0.080000,0.200000,0.300000>
	matrix <0.857373, -0.497382, -0.132378,
		-0.312550, -0.298781, -0.901689,
		0.408931, 0.814458, -0.411623,
		45.426247, 35.203114, 52.020298>
	pigment { color rgbt <0,1,1,0> }
	no_shadow
}
cylinder {
	<45.477917, 34.413582, 51.749481>,  <45.139992, 34.632992, 52.308434>, 0.130000
	pigment { color rgbt <1,0,0,0> }
	no_shadow
}

// nucleotide -1

// particle -1
sphere {
	<45.477917, 34.413582, 51.749481> 0.250000
	pigment { color rgbt <1,0,0,0> }
	no_shadow
}
cylinder {
	<45.651508, 34.755245, 51.864082>,  <45.755665, 34.960243, 51.932842>, 0.100000
	pigment { color rgbt <1,0,0,0> }
	no_shadow
}
cylinder {
	<45.651508, 34.755245, 51.864082>,  <45.477917, 34.413582, 51.749481>, 0.100000
	pigment { color rgbt <1,0,0,0> }
	no_shadow
}

// particle -1
sphere {
	<45.651508, 34.755245, 51.864082> 0.100000
	pigment { color rgbt <1,0,0,0> }
	no_shadow
}
sphere {
	0, 1
	scale<0.080000,0.200000,0.300000>
	matrix <0.900023, -0.425245, -0.095522,
		0.040242, 0.299311, -0.953306,
		0.433980, 0.854154, 0.286500,
		45.781704, 35.011490, 51.950031>
	pigment { color rgbt <0,1,1,0> }
	no_shadow
}
cylinder {
	<46.093456, 34.421360, 51.358418>,  <45.477917, 34.413582, 51.749481>, 0.130000
	pigment { color rgbt <1,0,0,0> }
	no_shadow
}

// nucleotide -1

// particle -1
sphere {
	<46.093456, 34.421360, 51.358418> 0.250000
	pigment { color rgbt <1,0,0,0> }
	no_shadow
}
cylinder {
	<46.157742, 34.707588, 51.630341>,  <46.196312, 34.879326, 51.793495>, 0.100000
	pigment { color rgbt <1,0,0,0> }
	no_shadow
}
cylinder {
	<46.157742, 34.707588, 51.630341>,  <46.093456, 34.421360, 51.358418>, 0.100000
	pigment { color rgbt <1,0,0,0> }
	no_shadow
}

// particle -1
sphere {
	<46.157742, 34.707588, 51.630341> 0.100000
	pigment { color rgbt <1,0,0,0> }
	no_shadow
}
sphere {
	0, 1
	scale<0.080000,0.200000,0.300000>
	matrix <0.980582, -0.194183, -0.027421,
		0.112385, 0.671012, -0.732880,
		0.160713, 0.715567, 0.679805,
		46.205956, 34.922256, 51.834282>
	pigment { color rgbt <0,1,1,0> }
	no_shadow
}
cylinder {
	<46.744476, 34.712467, 51.150734>,  <46.093456, 34.421360, 51.358418>, 0.130000
	pigment { color rgbt <1,0,0,0> }
	no_shadow
}

// nucleotide -1

// particle -1
sphere {
	<46.744476, 34.712467, 51.150734> 0.250000
	pigment { color rgbt <1,0,0,0> }
	no_shadow
}
cylinder {
	<46.683010, 34.796356, 51.536980>,  <46.646130, 34.846687, 51.768726>, 0.100000
	pigment { color rgbt <1,0,0,0> }
	no_shadow
}
cylinder {
	<46.683010, 34.796356, 51.536980>,  <46.744476, 34.712467, 51.150734>, 0.100000
	pigment { color rgbt <1,0,0,0> }
	no_shadow
}

// particle -1
sphere {
	<46.683010, 34.796356, 51.536980> 0.100000
	pigment { color rgbt <1,0,0,0> }
	no_shadow
}
sphere {
	0, 1
	scale<0.080000,0.200000,0.300000>
	matrix <0.934585, -0.286455, 0.210939,
		0.320842, 0.934859, -0.151984,
		-0.153662, 0.209720, 0.965612,
		46.636913, 34.859272, 51.826664>
	pigment { color rgbt <0,1,1,0> }
	no_shadow
}
cylinder {
	<47.292103, 35.069683, 51.286476>,  <46.744476, 34.712467, 51.150734>, 0.130000
	pigment { color rgbt <1,0,0,0> }
	no_shadow
}

// nucleotide -1

// particle -1
sphere {
	<47.292103, 35.069683, 51.286476> 0.250000
	pigment { color rgbt <1,0,0,0> }
	no_shadow
}
cylinder {
	<47.162338, 34.936836, 51.640755>,  <47.084480, 34.857128, 51.853321>, 0.100000
	pigment { color rgbt <1,0,0,0> }
	no_shadow
}
cylinder {
	<47.162338, 34.936836, 51.640755>,  <47.292103, 35.069683, 51.286476>, 0.100000
	pigment { color rgbt <1,0,0,0> }
	no_shadow
}

// particle -1
sphere {
	<47.162338, 34.936836, 51.640755> 0.100000
	pigment { color rgbt <1,0,0,0> }
	no_shadow
}
sphere {
	0, 1
	scale<0.080000,0.200000,0.300000>
	matrix <0.942774, -0.189800, 0.274141,
		0.077057, 0.923944, 0.374686,
		-0.324407, -0.332120, 0.885696,
		47.065018, 34.837200, 51.906464>
	pigment { color rgbt <0,1,1,0> }
	no_shadow
}
cylinder {
	<47.779537, 35.445145, 51.833679>,  <47.292103, 35.069683, 51.286476>, 0.130000
	pigment { color rgbt <1,0,0,0> }
	no_shadow
}

// nucleotide -1

// particle -1
sphere {
	<47.779537, 35.445145, 51.833679> 0.250000
	pigment { color rgbt <1,0,0,0> }
	no_shadow
}
cylinder {
	<47.590824, 35.126068, 51.983940>,  <47.477596, 34.934624, 52.074097>, 0.100000
	pigment { color rgbt <1,0,0,0> }
	no_shadow
}
cylinder {
	<47.590824, 35.126068, 51.983940>,  <47.779537, 35.445145, 51.833679>, 0.100000
	pigment { color rgbt <1,0,0,0> }
	no_shadow
}

// particle -1
sphere {
	<47.590824, 35.126068, 51.983940> 0.100000
	pigment { color rgbt <1,0,0,0> }
	no_shadow
}
sphere {
	0, 1
	scale<0.080000,0.200000,0.300000>
	matrix <0.875567, -0.373611, 0.306264,
		-0.103957, 0.473395, 0.874694,
		-0.471779, -0.797692, 0.375650,
		47.449291, 34.886761, 52.096634>
	pigment { color rgbt <0,1,1,0> }
	no_shadow
}
// strand 1

// nucleotide -1

// particle -1
sphere {
	<24.260435, 34.810291, 51.836208> 0.250000
	pigment { color rgbt <0,1,0,0> }
	no_shadow
}
cylinder {
	<24.432503, 34.897572, 52.186600>,  <24.535744, 34.949940, 52.396835>, 0.100000
	pigment { color rgbt <0,1,0,0> }
	no_shadow
}
cylinder {
	<24.432503, 34.897572, 52.186600>,  <24.260435, 34.810291, 51.836208>, 0.100000
	pigment { color rgbt <0,1,0,0> }
	no_shadow
}

// particle -1
sphere {
	<24.432503, 34.897572, 52.186600> 0.100000
	pigment { color rgbt <0,1,0,0> }
	no_shadow
}
sphere {
	0, 1
	scale<0.080000,0.200000,0.300000>
	matrix <0.900252, -0.175789, -0.398302,
		0.067077, 0.959940, -0.272057,
		0.430171, 0.218203, 0.875980,
		24.561554, 34.963032, 52.449394>
	pigment { color rgbt <0,1,1,0> }
	no_shadow
}
cylinder {
	<24.789957, 35.359604, 51.721199>,  <24.260435, 34.810291, 51.836208>, 0.130000
	pigment { color rgbt <0,1,0,0> }
	no_shadow
}

// nucleotide -1

// particle -1
sphere {
	<24.789957, 35.359604, 51.721199> 0.250000
	pigment { color rgbt <0,1,0,0> }
	no_shadow
}
cylinder {
	<24.887325, 35.192852, 52.071503>,  <24.945745, 35.092800, 52.281685>, 0.100000
	pigment { color rgbt <0,1,0,0> }
	no_shadow
}
cylinder {
	<24.887325, 35.192852, 52.071503>,  <24.789957, 35.359604, 51.721199>, 0.100000
	pigment { color rgbt <0,1,0,0> }
	no_shadow
}

// particle -1
sphere {
	<24.887325, 35.192852, 52.071503> 0.100000
	pigment { color rgbt <0,1,0,0> }
	no_shadow
}
sphere {
	0, 1
	scale<0.080000,0.200000,0.300000>
	matrix <0.969040, 0.066064, -0.237900,
		0.041318, 0.906559, 0.420051,
		0.243420, -0.416876, 0.875763,
		24.960352, 35.067791, 52.334232>
	pigment { color rgbt <0,1,1,0> }
	no_shadow
}
cylinder {
	<25.268368, 35.771976, 51.910572>,  <24.789957, 35.359604, 51.721199>, 0.130000
	pigment { color rgbt <0,1,0,0> }
	no_shadow
}

// nucleotide -1

// particle -1
sphere {
	<25.268368, 35.771976, 51.910572> 0.250000
	pigment { color rgbt <0,1,0,0> }
	no_shadow
}
cylinder {
	<25.360832, 35.469475, 52.155407>,  <25.416311, 35.287975, 52.302307>, 0.100000
	pigment { color rgbt <0,1,0,0> }
	no_shadow
}
cylinder {
	<25.360832, 35.469475, 52.155407>,  <25.268368, 35.771976, 51.910572>, 0.100000
	pigment { color rgbt <0,1,0,0> }
	no_shadow
}

// particle -1
sphere {
	<25.360832, 35.469475, 52.155407> 0.100000
	pigment { color rgbt <0,1,0,0> }
	no_shadow
}
sphere {
	0, 1
	scale<0.080000,0.200000,0.300000>
	matrix <0.967550, 0.112706, -0.226153,
		0.102043, 0.644501, 0.757764,
		0.231161, -0.756252, 0.612085,
		25.430180, 35.242599, 52.339031>
	pigment { color rgbt <0,1,1,0> }
	no_shadow
}
cylinder {
	<25.887421, 36.025913, 52.338802>,  <25.268368, 35.771976, 51.910572>, 0.130000
	pigment { color rgbt <0,1,0,0> }
	no_shadow
}

// nucleotide -1

// particle -1
sphere {
	<25.887421, 36.025913, 52.338802> 0.250000
	pigment { color rgbt <0,1,0,0> }
	no_shadow
}
cylinder {
	<25.866940, 35.626469, 52.343685>,  <25.854650, 35.386803, 52.346615>, 0.100000
	pigment { color rgbt <0,1,0,0> }
	no_shadow
}
cylinder {
	<25.866940, 35.626469, 52.343685>,  <25.887421, 36.025913, 52.338802>, 0.100000
	pigment { color rgbt <0,1,0,0> }
	no_shadow
}

// particle -1
sphere {
	<25.866940, 35.626469, 52.343685> 0.100000
	pigment { color rgbt <0,1,0,0> }
	no_shadow
}
sphere {
	0, 1
	scale<0.080000,0.200000,0.300000>
	matrix <0.975280, -0.052627, -0.214614,
		0.214958, 0.000913, 0.976623,
		-0.051201, -0.998614, 0.012203,
		25.851580, 35.326885, 52.347347>
	pigment { color rgbt <0,1,1,0> }
	no_shadow
}
cylinder {
	<26.403406, 35.846664, 52.757713>,  <25.887421, 36.025913, 52.338802>, 0.130000
	pigment { color rgbt <0,1,0,0> }
	no_shadow
}

// nucleotide -1

// particle -1
sphere {
	<26.403406, 35.846664, 52.757713> 0.250000
	pigment { color rgbt <0,1,0,0> }
	no_shadow
}
cylinder {
	<26.317942, 35.528980, 52.530174>,  <26.266663, 35.338371, 52.393650>, 0.100000
	pigment { color rgbt <0,1,0,0> }
	no_shadow
}
cylinder {
	<26.317942, 35.528980, 52.530174>,  <26.403406, 35.846664, 52.757713>, 0.100000
	pigment { color rgbt <0,1,0,0> }
	no_shadow
}

// particle -1
sphere {
	<26.317942, 35.528980, 52.530174> 0.100000
	pigment { color rgbt <0,1,0,0> }
	no_shadow
}
sphere {
	0, 1
	scale<0.080000,0.200000,0.300000>
	matrix <0.975771, -0.145415, -0.163476,
		0.047115, -0.589992, 0.806033,
		-0.213659, -0.794206, -0.568846,
		26.253843, 35.290718, 52.359520>
	pigment { color rgbt <0,1,1,0> }
	no_shadow
}
cylinder {
	<26.985933, 35.337746, 52.893440>,  <26.403406, 35.846664, 52.757713>, 0.130000
	pigment { color rgbt <0,1,0,0> }
	no_shadow
}

// nucleotide -1

// particle -1
sphere {
	<26.985933, 35.337746, 52.893440> 0.250000
	pigment { color rgbt <0,1,0,0> }
	no_shadow
}
cylinder {
	<26.819729, 35.196026, 52.558342>,  <26.720007, 35.110996, 52.357281>, 0.100000
	pigment { color rgbt <0,1,0,0> }
	no_shadow
}
cylinder {
	<26.819729, 35.196026, 52.558342>,  <26.985933, 35.337746, 52.893440>, 0.100000
	pigment { color rgbt <0,1,0,0> }
	no_shadow
}

// particle -1
sphere {
	<26.819729, 35.196026, 52.558342> 0.100000
	pigment { color rgbt <0,1,0,0> }
	no_shadow
}
sphere {
	0, 1
	scale<0.080000,0.200000,0.300000>
	matrix <0.908552, -0.205633, -0.363660,
		-0.043425, -0.912243, 0.407340,
		-0.415509, -0.354298, -0.837750,
		26.695076, 35.089737, 52.307018>
	pigment { color rgbt <0,1,1,0> }
	no_shadow
}
cylinder {
	<27.280903, 34.633621, 52.721725>,  <26.985933, 35.337746, 52.893440>, 0.130000
	pigment { color rgbt <0,1,0,0> }
	no_shadow
}

// nucleotide -1

// particle -1
sphere {
	<27.280903, 34.633621, 52.721725> 0.250000
	pigment { color rgbt <0,1,0,0> }
	no_shadow
}
cylinder {
	<27.153046, 34.819687, 52.391525>,  <27.076332, 34.931324, 52.193405>, 0.100000
	pigment { color rgbt <0,1,0,0> }
	no_shadow
}
cylinder {
	<27.153046, 34.819687, 52.391525>,  <27.280903, 34.633621, 52.721725>, 0.100000
	pigment { color rgbt <0,1,0,0> }
	no_shadow
}

// particle -1
sphere {
	<27.153046, 34.819687, 52.391525> 0.100000
	pigment { color rgbt <0,1,0,0> }
	no_shadow
}
sphere {
	0, 1
	scale<0.080000,0.200000,0.300000>
	matrix <0.863261, -0.216222, -0.456101,
		-0.390652, -0.858413, -0.332442,
		-0.319642, 0.465162, -0.825502,
		27.057154, 34.959236, 52.143875>
	pigment { color rgbt <0,1,1,0> }
	no_shadow
}
cylinder {
	<27.712498, 34.278954, 52.278473>,  <27.280903, 34.633621, 52.721725>, 0.130000
	pigment { color rgbt <0,1,0,0> }
	no_shadow
}

// nucleotide -1

// particle -1
sphere {
	<27.712498, 34.278954, 52.278473> 0.250000
	pigment { color rgbt <0,1,0,0> }
	no_shadow
}
cylinder {
	<27.584629, 34.590199, 52.062195>,  <27.507908, 34.776943, 51.932426>, 0.100000
	pigment { color rgbt <0,1,0,0> }
	no_shadow
}
cylinder {
	<27.584629, 34.590199, 52.062195>,  <27.712498, 34.278954, 52.278473>, 0.100000
	pigment { color rgbt <0,1,0,0> }
	no_shadow
}

// particle -1
sphere {
	<27.584629, 34.590199, 52.062195> 0.100000
	pigment { color rgbt <0,1,0,0> }
	no_shadow
}
sphere {
	0, 1
	scale<0.080000,0.200000,0.300000>
	matrix <0.927844, 0.141348, -0.345146,
		-0.192136, -0.612017, -0.767150,
		-0.319670, 0.778111, -0.540699,
		27.488728, 34.823631, 51.899986>
	pigment { color rgbt <0,1,1,0> }
	no_shadow
}
cylinder {
	<28.055246, 34.235840, 51.692215>,  <27.712498, 34.278954, 52.278473>, 0.130000
	pigment { color rgbt <0,1,0,0> }
	no_shadow
}

// nucleotide -1

// particle -1
sphere {
	<28.055246, 34.235840, 51.692215> 0.250000
	pigment { color rgbt <0,1,0,0> }
	no_shadow
}
cylinder {
	<27.954483, 34.621769, 51.662121>,  <27.894024, 34.853325, 51.644062>, 0.100000
	pigment { color rgbt <0,1,0,0> }
	no_shadow
}
cylinder {
	<27.954483, 34.621769, 51.662121>,  <28.055246, 34.235840, 51.692215>, 0.100000
	pigment { color rgbt <0,1,0,0> }
	no_shadow
}

// particle -1
sphere {
	<27.954483, 34.621769, 51.662121> 0.100000
	pigment { color rgbt <0,1,0,0> }
	no_shadow
}
sphere {
	0, 1
	scale<0.080000,0.200000,0.300000>
	matrix <0.930275, 0.219996, -0.293582,
		-0.266702, -0.143947, -0.952969,
		-0.251910, 0.964822, -0.075237,
		27.878910, 34.911217, 51.639549>
	pigment { color rgbt <0,1,1,0> }
	no_shadow
}
cylinder {
	<28.332285, 34.453461, 51.012737>,  <28.055246, 34.235840, 51.692215>, 0.130000
	pigment { color rgbt <0,1,0,0> }
	no_shadow
}

// nucleotide -1

// particle -1
sphere {
	<28.332285, 34.453461, 51.012737> 0.250000
	pigment { color rgbt <0,1,0,0> }
	no_shadow
}
cylinder {
	<28.260937, 34.804688, 51.190353>,  <28.218128, 35.015423, 51.296925>, 0.100000
	pigment { color rgbt <0,1,0,0> }
	no_shadow
}
cylinder {
	<28.260937, 34.804688, 51.190353>,  <28.332285, 34.453461, 51.012737>, 0.100000
	pigment { color rgbt <0,1,0,0> }
	no_shadow
}

// particle -1
sphere {
	<28.260937, 34.804688, 51.190353> 0.100000
	pigment { color rgbt <0,1,0,0> }
	no_shadow
}
sphere {
	0, 1
	scale<0.080000,0.200000,0.300000>
	matrix <0.895886, 0.331547, -0.295745,
		-0.406907, 0.345062, -0.845789,
		-0.178369, 0.878071, 0.444044,
		28.207426, 35.068108, 51.323566>
	pigment { color rgbt <0,1,1,0> }
	no_shadow
}
cylinder {
	<28.324492, 34.924915, 50.465263>,  <28.332285, 34.453461, 51.012737>, 0.130000
	pigment { color rgbt <0,1,0,0> }
	no_shadow
}

// nucleotide -1

// particle -1
sphere {
	<28.324492, 34.924915, 50.465263> 0.250000
	pigment { color rgbt <0,1,0,0> }
	no_shadow
}
cylinder {
	<28.418438, 35.133732, 50.793243>,  <28.474806, 35.259022, 50.990032>, 0.100000
	pigment { color rgbt <0,1,0,0> }
	no_shadow
}
cylinder {
	<28.418438, 35.133732, 50.793243>,  <28.324492, 34.924915, 50.465263>, 0.100000
	pigment { color rgbt <0,1,0,0> }
	no_shadow
}

// particle -1
sphere {
	<28.418438, 35.133732, 50.793243> 0.100000
	pigment { color rgbt <0,1,0,0> }
	no_shadow
}
sphere {
	0, 1
	scale<0.080000,0.200000,0.300000>
	matrix <0.914017, 0.168443, -0.369051,
		-0.330773, 0.836125, -0.437589,
		0.234864, 0.522037, 0.819949,
		28.488897, 35.290344, 51.039227>
	pigment { color rgbt <0,1,1,0> }
	no_shadow
}
cylinder {
	<28.614758, 35.533546, 50.244671>,  <28.324492, 34.924915, 50.465263>, 0.130000
	pigment { color rgbt <0,1,0,0> }
	no_shadow
}

// nucleotide -1

// particle -1
sphere {
	<28.614758, 35.533546, 50.244671> 0.250000
	pigment { color rgbt <0,1,0,0> }
	no_shadow
}
cylinder {
	<28.745327, 35.505062, 50.621685>,  <28.823668, 35.487972, 50.847893>, 0.100000
	pigment { color rgbt <0,1,0,0> }
	no_shadow
}
cylinder {
	<28.745327, 35.505062, 50.621685>,  <28.614758, 35.533546, 50.244671>, 0.100000
	pigment { color rgbt <0,1,0,0> }
	no_shadow
}

// particle -1
sphere {
	<28.745327, 35.505062, 50.621685> 0.100000
	pigment { color rgbt <0,1,0,0> }
	no_shadow
}
sphere {
	0, 1
	scale<0.080000,0.200000,0.300000>
	matrix <0.894514, 0.345494, -0.283686,
		-0.305439, 0.935715, 0.176480,
		0.326422, -0.071215, 0.942537,
		28.843254, 35.483696, 50.904446>
	pigment { color rgbt <0,1,1,0> }
	no_shadow
}
cylinder {
	<29.161152, 35.973755, 50.232452>,  <28.614758, 35.533546, 50.244671>, 0.130000
	pigment { color rgbt <0,1,0,0> }
	no_shadow
}

// nucleotide -1

// particle -1
sphere {
	<29.161152, 35.973755, 50.232452> 0.250000
	pigment { color rgbt <0,1,0,0> }
	no_shadow
}
cylinder {
	<29.210854, 35.759380, 50.566479>,  <29.240675, 35.630756, 50.766895>, 0.100000
	pigment { color rgbt <0,1,0,0> }
	no_shadow
}
cylinder {
	<29.210854, 35.759380, 50.566479>,  <29.161152, 35.973755, 50.232452>, 0.100000
	pigment { color rgbt <0,1,0,0> }
	no_shadow
}

// particle -1
sphere {
	<29.210854, 35.759380, 50.566479> 0.100000
	pigment { color rgbt <0,1,0,0> }
	no_shadow
}
sphere {
	0, 1
	scale<0.080000,0.200000,0.300000>
	matrix <0.990013, 0.123452, -0.068077,
		-0.066605, 0.835184, 0.545923,
		0.124252, -0.535937, 0.835065,
		29.248129, 35.598598, 50.816998>
	pigment { color rgbt <0,1,1,0> }
	no_shadow
}
cylinder {
	<29.550318, 36.397476, 50.599834>,  <29.161152, 35.973755, 50.232452>, 0.130000
	pigment { color rgbt <0,1,0,0> }
	no_shadow
}

// nucleotide -1

// particle -1
sphere {
	<29.550318, 36.397476, 50.599834> 0.250000
	pigment { color rgbt <0,1,0,0> }
	no_shadow
}
cylinder {
	<29.622442, 36.028553, 50.736557>,  <29.665716, 35.807198, 50.818592>, 0.100000
	pigment { color rgbt <0,1,0,0> }
	no_shadow
}
cylinder {
	<29.622442, 36.028553, 50.736557>,  <29.550318, 36.397476, 50.599834>, 0.100000
	pigment { color rgbt <0,1,0,0> }
	no_shadow
}

// particle -1
sphere {
	<29.622442, 36.028553, 50.736557> 0.100000
	pigment { color rgbt <0,1,0,0> }
	no_shadow
}
sphere {
	0, 1
	scale<0.080000,0.200000,0.300000>
	matrix <0.979129, 0.135168, -0.151778,
		0.093785, 0.362040, 0.927433,
		0.180309, -0.922310, 0.341807,
		29.676535, 35.751862, 50.839100>
	pigment { color rgbt <0,1,1,0> }
	no_shadow
}
cylinder {
	<30.192413, 36.470039, 51.058571>,  <29.550318, 36.397476, 50.599834>, 0.130000
	pigment { color rgbt <0,1,0,0> }
	no_shadow
}

// nucleotide -1

// particle -1
sphere {
	<30.192413, 36.470039, 51.058571> 0.250000
	pigment { color rgbt <0,1,0,0> }
	no_shadow
}
cylinder {
	<30.199701, 36.075729, 50.991745>,  <30.204073, 35.839142, 50.951649>, 0.100000
	pigment { color rgbt <0,1,0,0> }
	no_shadow
}
cylinder {
	<30.199701, 36.075729, 50.991745>,  <30.192413, 36.470039, 51.058571>, 0.100000
	pigment { color rgbt <0,1,0,0> }
	no_shadow
}

// particle -1
sphere {
	<30.199701, 36.075729, 50.991745> 0.100000
	pigment { color rgbt <0,1,0,0> }
	no_shadow
}
sphere {
	0, 1
	scale<0.080000,0.200000,0.300000>
	matrix <0.942959, 0.072494, -0.324919,
		0.332409, -0.151620, 0.930868,
		0.018218, -0.985777, -0.167069,
		30.205166, 35.779995, 50.941624>
	pigment { color rgbt <0,1,1,0> }
	no_shadow
}
cylinder {
	<30.784435, 36.176136, 51.435402>,  <30.192413, 36.470039, 51.058571>, 0.130000
	pigment { color rgbt <0,1,0,0> }
	no_shadow
}

// nucleotide -1

// particle -1
sphere {
	<30.784435, 36.176136, 51.435402> 0.250000
	pigment { color rgbt <0,1,0,0> }
	no_shadow
}
cylinder {
	<30.691395, 35.904400, 51.157009>,  <30.635571, 35.741360, 50.989971>, 0.100000
	pigment { color rgbt <0,1,0,0> }
	no_shadow
}
cylinder {
	<30.691395, 35.904400, 51.157009>,  <30.784435, 36.176136, 51.435402>, 0.100000
	pigment { color rgbt <0,1,0,0> }
	no_shadow
}

// particle -1
sphere {
	<30.691395, 35.904400, 51.157009> 0.100000
	pigment { color rgbt <0,1,0,0> }
	no_shadow
}
sphere {
	0, 1
	scale<0.080000,0.200000,0.300000>
	matrix <0.972389, -0.176342, -0.152852,
		-0.018893, -0.712323, 0.701598,
		-0.232601, -0.679338, -0.695986,
		30.621614, 35.700600, 50.948212>
	pigment { color rgbt <0,1,1,0> }
	no_shadow
}
cylinder {
	<31.155897, 35.621815, 51.534313>,  <30.784435, 36.176136, 51.435402>, 0.130000
	pigment { color rgbt <0,1,0,0> }
	no_shadow
}

// nucleotide -1

// particle -1
sphere {
	<31.155897, 35.621815, 51.534313> 0.250000
	pigment { color rgbt <0,1,0,0> }
	no_shadow
}
cylinder {
	<31.065792, 35.556133, 51.150169>,  <31.011728, 35.516724, 50.919682>, 0.100000
	pigment { color rgbt <0,1,0,0> }
	no_shadow
}
cylinder {
	<31.065792, 35.556133, 51.150169>,  <31.155897, 35.621815, 51.534313>, 0.100000
	pigment { color rgbt <0,1,0,0> }
	no_shadow
}

// particle -1
sphere {
	<31.065792, 35.556133, 51.150169> 0.100000
	pigment { color rgbt <0,1,0,0> }
	no_shadow
}
sphere {
	0, 1
	scale<0.080000,0.200000,0.300000>
	matrix <0.962284, -0.191814, -0.192918,
		-0.152533, -0.967598, 0.201216,
		-0.225264, -0.164201, -0.960362,
		30.998213, 35.506874, 50.862061>
	pigment { color rgbt <0,1,1,0> }
	no_shadow
}
cylinder {
	<31.628435, 35.143715, 51.373272>,  <31.155897, 35.621815, 51.534313>, 0.130000
	pigment { color rgbt <0,1,0,0> }
	no_shadow
}

// nucleotide -1

// particle -1
sphere {
	<31.628435, 35.143715, 51.373272> 0.250000
	pigment { color rgbt <0,1,0,0> }
	no_shadow
}
cylinder {
	<31.490026, 35.314167, 51.038925>,  <31.406981, 35.416439, 50.838318>, 0.100000
	pigment { color rgbt <0,1,0,0> }
	no_shadow
}
cylinder {
	<31.490026, 35.314167, 51.038925>,  <31.628435, 35.143715, 51.373272>, 0.100000
	pigment { color rgbt <0,1,0,0> }
	no_shadow
}

// particle -1
sphere {
	<31.490026, 35.314167, 51.038925> 0.100000
	pigment { color rgbt <0,1,0,0> }
	no_shadow
}
sphere {
	0, 1
	scale<0.080000,0.200000,0.300000>
	matrix <0.898737, -0.105199, -0.425681,
		-0.269330, -0.898522, -0.346582,
		-0.346024, 0.426135, -0.835869,
		31.386219, 35.442009, 50.788166>
	pigment { color rgbt <0,1,1,0> }
	no_shadow
}
cylinder {
	<31.888212, 34.764671, 50.869003>,  <31.628435, 35.143715, 51.373272>, 0.130000
	pigment { color rgbt <0,1,0,0> }
	no_shadow
}

// nucleotide -1

// particle -1
sphere {
	<31.888212, 34.764671, 50.869003> 0.250000
	pigment { color rgbt <0,1,0,0> }
	no_shadow
}
cylinder {
	<31.802378, 35.113869, 50.693806>,  <31.750877, 35.323387, 50.588688>, 0.100000
	pigment { color rgbt <0,1,0,0> }
	no_shadow
}
cylinder {
	<31.802378, 35.113869, 50.693806>,  <31.888212, 34.764671, 50.869003>, 0.100000
	pigment { color rgbt <0,1,0,0> }
	no_shadow
}

// particle -1
sphere {
	<31.802378, 35.113869, 50.693806> 0.100000
	pigment { color rgbt <0,1,0,0> }
	no_shadow
}
sphere {
	0, 1
	scale<0.080000,0.200000,0.300000>
	matrix <0.881464, -0.020056, -0.471826,
		-0.420684, -0.487324, -0.765206,
		-0.214585, 0.872991, -0.437996,
		31.738003, 35.375767, 50.562408>
	pigment { color rgbt <0,1,1,0> }
	no_shadow
}
cylinder {
	<32.030613, 34.589611, 50.178253>,  <31.888212, 34.764671, 50.869003>, 0.130000
	pigment { color rgbt <0,1,0,0> }
	no_shadow
}

// nucleotide -1

// particle -1
sphere {
	<32.030613, 34.589611, 50.178253> 0.250000
	pigment { color rgbt <0,1,0,0> }
	no_shadow
}
cylinder {
	<32.044735, 34.988029, 50.210842>,  <32.053207, 35.227081, 50.230396>, 0.100000
	pigment { color rgbt <0,1,0,0> }
	no_shadow
}
cylinder {
	<32.044735, 34.988029, 50.210842>,  <32.030613, 34.589611, 50.178253>, 0.100000
	pigment { color rgbt <0,1,0,0> }
	no_shadow
}

// particle -1
sphere {
	<32.044735, 34.988029, 50.210842> 0.100000
	pigment { color rgbt <0,1,0,0> }
	no_shadow
}
sphere {
	0, 1
	scale<0.080000,0.200000,0.300000>
	matrix <0.847248, 0.013406, -0.531028,
		-0.530023, 0.087778, -0.843428,
		0.035306, 0.996050, 0.081475,
		32.055328, 35.286846, 50.235283>
	pigment { color rgbt <0,1,1,0> }
	no_shadow
}
cylinder {
	<32.109009, 34.905846, 49.504604>,  <32.030613, 34.589611, 50.178253>, 0.130000
	pigment { color rgbt <0,1,0,0> }
	no_shadow
}

// nucleotide -1

// particle -1
sphere {
	<32.109009, 34.905846, 49.504604> 0.250000
	pigment { color rgbt <0,1,0,0> }
	no_shadow
}
cylinder {
	<32.242538, 35.170685, 49.772987>,  <32.322655, 35.329590, 49.934017>, 0.100000
	pigment { color rgbt <0,1,0,0> }
	no_shadow
}
cylinder {
	<32.242538, 35.170685, 49.772987>,  <32.109009, 34.905846, 49.504604>, 0.100000
	pigment { color rgbt <0,1,0,0> }
	no_shadow
}

// particle -1
sphere {
	<32.242538, 35.170685, 49.772987> 0.100000
	pigment { color rgbt <0,1,0,0> }
	no_shadow
}
sphere {
	0, 1
	scale<0.080000,0.200000,0.300000>
	matrix <0.903886, -0.022852, -0.427162,
		-0.267490, 0.749070, -0.606089,
		0.333824, 0.662097, 0.670961,
		32.342686, 35.369312, 49.974277>
	pigment { color rgbt <0,1,1,0> }
	no_shadow
}
// strand 2

// nucleotide -1

// particle -1
sphere {
	<24.732313, 35.139484, 35.083675> 0.250000
	pigment { color rgbt <0,0,1,0> }
	no_shadow
}
cylinder {
	<24.480589, 35.330048, 35.329277>,  <24.329554, 35.444386, 35.476639>, 0.100000
	pigment { color rgbt <0,0,1,0> }
	no_shadow
}
cylinder {
	<24.480589, 35.330048, 35.329277>,  <24.732313, 35.139484, 35.083675>, 0.100000
	pigment { color rgbt <0,0,1,0> }
	no_shadow
}

// particle -1
sphere {
	<24.480589, 35.330048, 35.329277> 0.100000
	pigment { color rgbt <0,0,1,0> }
	no_shadow
}
sphere {
	0, 1
	scale<0.080000,0.200000,0.300000>
	matrix <0.641913, 0.764007, 0.065126,
		-0.438080, 0.435124, -0.786609,
		-0.629312, 0.476404, 0.614008,
		24.291796, 35.472969, 35.513481>
	pigment { color rgbt <0,1,1,0> }
	no_shadow
}
cylinder {
	<24.586966, 35.812851, 34.772243>,  <24.732313, 35.139484, 35.083675>, 0.130000
