// switches for output
#declare DRAW_BASES = 1; // possible values are 0, 1; only relevant for DNA ribbons
#declare DRAW_BASES_TYPE = 3; // possible values are 1, 2, 3; only relevant for DNA ribbons
#declare DRAW_FOG = 0; // set to 1 to enable fog

#include "colors.inc"

#include "transforms.inc"
background { rgb <1, 1, 1>}

#default {
   normal{
       ripples 0.25
       frequency 0.20
       turbulence 0.2
       lambda 5
   }
	finish {
		phong 0.1
		phong_size 40.
	}
}

// original window dimensions: 1024x640


// camera settings

camera {
	sky <0, 0.179814, -0.983701>
	up <0, 0.179814, -0.983701>
	right 1.6 * <1, 0, 0>
	location <35, 92.5046, 58.4545>
	look_at <35, 26.874, 46.4577>
	direction <0, -65.6306, -11.9968>
	angle 67.0682
}


# declare cpy_camera_pos = <35, 92.5046, 58.4545>;
# if (DRAW_FOG = 1)
fog {
	fog_type 2
	up vnormalize(cpy_camera_pos)
	color rgbt<1,1,1,0.3>
	distance 1e-5
	fog_alt 3e-3
	fog_offset 56
}
# end


// LIGHTS

# declare lum = 6;
global_settings {
	ambient_light rgb lum * <0.05, 0.05, 0.05>
	max_trace_level 15
}# declare cpy_direct_light_amount = 0.25;
light_source
{	1000 * <-1, -1.16351, -0.803887>,
	rgb lum * cpy_direct_light_amount
	parallel
}

light_source
{	1000 * <1, 1.16351, 0.803887>,
	rgb lum * cpy_direct_light_amount
	parallel
}

// strand 0

// nucleotide -1

// particle -1
sphere {
	<40.325260, 34.594585, 50.187401> 0.250000
	pigment { color rgbt <1,0,0,0> }
	no_shadow
}
cylinder {
	<40.327724, 34.539734, 49.791187>,  <40.329205, 34.506824, 49.553459>, 0.100000
	pigment { color rgbt <1,0,0,0> }
	no_shadow
}
cylinder {
	<40.327724, 34.539734, 49.791187>,  <40.325260, 34.594585, 50.187401>, 0.100000
	pigment { color rgbt <1,0,0,0> }
	no_shadow
}

// particle -1
sphere {
	<40.327724, 34.539734, 49.791187> 0.100000
	pigment { color rgbt <1,0,0,0> }
	no_shadow
}
sphere {
	0, 1
	scale<0.080000,0.200000,0.300000>
	matrix <0.969197, 0.244708, -0.027848,
		0.246210, -0.959851, 0.134409,
		0.006161, -0.137126, -0.990535,
		40.329571, 34.498596, 49.494026>
	pigment { color rgbt <0,1,1,0> }
	no_shadow
}
cylinder {
	<41.001343, 34.504677, 49.985203>,  <40.325260, 34.594585, 50.187401>, 0.130000
	pigment { color rgbt <1,0,0,0> }
	no_shadow
}

// nucleotide -1

// particle -1
sphere {
	<41.001343, 34.504677, 49.985203> 0.250000
	pigment { color rgbt <1,0,0,0> }
	no_shadow
}
cylinder {
	<40.800957, 34.606361, 49.654285>,  <40.680725, 34.667370, 49.455734>, 0.100000
	pigment { color rgbt <1,0,0,0> }
	no_shadow
}
cylinder {
	<40.800957, 34.606361, 49.654285>,  <41.001343, 34.504677, 49.985203>, 0.100000
	pigment { color rgbt <1,0,0,0> }
	no_shadow
}

// particle -1
sphere {
	<40.800957, 34.606361, 49.654285> 0.100000
	pigment { color rgbt <1,0,0,0> }
	no_shadow
}
sphere {
	0, 1
	scale<0.080000,0.200000,0.300000>
	matrix <0.863896, 0.089249, -0.495700,
		-0.052177, -0.963022, -0.264321,
		-0.500960, 0.254210, -0.827294,
		40.650669, 34.682625, 49.406097>
	pigment { color rgbt <0,1,1,0> }
	no_shadow
}
cylinder {
	<41.217201, 34.049866, 49.406025>,  <41.001343, 34.504677, 49.985203>, 0.130000
	pigment { color rgbt <1,0,0,0> }
	no_shadow
}

// nucleotide -1

// particle -1
sphere {
	<41.217201, 34.049866, 49.406025> 0.250000
	pigment { color rgbt <1,0,0,0> }
	no_shadow
}
cylinder {
	<41.107597, 34.428062, 49.335644>,  <41.041836, 34.654980, 49.293415>, 0.100000
	pigment { color rgbt <1,0,0,0> }
	no_shadow
}
cylinder {
	<41.107597, 34.428062, 49.335644>,  <41.217201, 34.049866, 49.406025>, 0.100000
	pigment { color rgbt <1,0,0,0> }
	no_shadow
}

// particle -1
sphere {
	<41.107597, 34.428062, 49.335644> 0.100000
	pigment { color rgbt <1,0,0,0> }
	no_shadow
}
sphere {
	0, 1
	scale<0.080000,0.200000,0.300000>
	matrix <0.929707, 0.213601, -0.300033,
		-0.246095, -0.245797, -0.937561,
		-0.274011, 0.945494, -0.175953,
		41.025394, 34.711712, 49.282856>
	pigment { color rgbt <0,1,1,0> }
	no_shadow
}
cylinder {
	<41.542633, 34.171856, 48.840950>,  <41.217201, 34.049866, 49.406025>, 0.130000
	pigment { color rgbt <1,0,0,0> }
	no_shadow
}

// nucleotide -1

// particle -1
sphere {
	<41.542633, 34.171856, 48.840950> 0.250000
	pigment { color rgbt <1,0,0,0> }
	no_shadow
}
cylinder {
	<41.465584, 34.530876, 48.999596>,  <41.419353, 34.746288, 49.094784>, 0.100000
	pigment { color rgbt <1,0,0,0> }
	no_shadow
}
cylinder {
	<41.465584, 34.530876, 48.999596>,  <41.542633, 34.171856, 48.840950>, 0.100000
	pigment { color rgbt <1,0,0,0> }
	no_shadow
}

// particle -1
sphere {
	<41.465584, 34.530876, 48.999596> 0.100000
	pigment { color rgbt <1,0,0,0> }
	no_shadow
}
sphere {
	0, 1
	scale<0.080000,0.200000,0.300000>
	matrix <0.919867, 0.305898, -0.245501,
		-0.341672, 0.317541, -0.884549,
		-0.192625, 0.897549, 0.396612,
		41.407795, 34.800140, 49.118580>
	pigment { color rgbt <0,1,1,0> }
	no_shadow
}
cylinder {
	<41.757610, 34.656120, 48.390770>,  <41.542633, 34.171856, 48.840950>, 0.130000
	pigment { color rgbt <1,0,0,0> }
	no_shadow
}

// nucleotide -1

// particle -1
sphere {
	<41.757610, 34.656120, 48.390770> 0.250000
	pigment { color rgbt <1,0,0,0> }
	no_shadow
}
cylinder {
	<41.747471, 34.873993, 48.726074>,  <41.741386, 35.004719, 48.927258>, 0.100000
	pigment { color rgbt <1,0,0,0> }
	no_shadow
}
cylinder {
	<41.747471, 34.873993, 48.726074>,  <41.757610, 34.656120, 48.390770>, 0.100000
	pigment { color rgbt <1,0,0,0> }
	no_shadow
}

// particle -1
sphere {
	<41.747471, 34.873993, 48.726074> 0.100000
	pigment { color rgbt <1,0,0,0> }
	no_shadow
}
sphere {
	0, 1
	scale<0.080000,0.200000,0.300000>
	matrix <0.934538, 0.310652, -0.173592,
		-0.354959, 0.778982, -0.516905,
		-0.025353, 0.544685, 0.838257,
		41.739864, 35.037399, 48.977551>
	pigment { color rgbt <0,1,1,0> }
	no_shadow
}
cylinder {
	<41.987057, 35.373005, 48.238731>,  <41.757610, 34.656120, 48.390770>, 0.130000
	pigment { color rgbt <1,0,0,0> }
	no_shadow
}

// nucleotide -1

// particle -1
sphere {
	<41.987057, 35.373005, 48.238731> 0.250000
	pigment { color rgbt <1,0,0,0> }
	no_shadow
}
cylinder {
	<42.037155, 35.328609, 48.633091>,  <42.067215, 35.301971, 48.869705>, 0.100000
	pigment { color rgbt <1,0,0,0> }
	no_shadow
}
cylinder {
	<42.037155, 35.328609, 48.633091>,  <41.987057, 35.373005, 48.238731>, 0.100000
	pigment { color rgbt <1,0,0,0> }
	no_shadow
}

// particle -1
sphere {
	<42.037155, 35.328609, 48.633091> 0.100000
	pigment { color rgbt <1,0,0,0> }
	no_shadow
}
sphere {
	0, 1
	scale<0.080000,0.200000,0.300000>
	matrix <0.920274, 0.384281, -0.073645,
		-0.370688, 0.916520, 0.150270,
		0.125243, -0.110990, 0.985898,
		42.074730, 35.295311, 48.928860>
	pigment { color rgbt <0,1,1,0> }
	no_shadow
}
cylinder {
	<42.490833, 35.896534, 48.445045>,  <41.987057, 35.373005, 48.238731>, 0.130000
	pigment { color rgbt <1,0,0,0> }
	no_shadow
}

// nucleotide -1

// particle -1
sphere {
	<42.490833, 35.896534, 48.445045> 0.250000
	pigment { color rgbt <1,0,0,0> }
	no_shadow
}
cylinder {
	<42.492275, 35.647427, 48.758003>,  <42.493141, 35.497963, 48.945778>, 0.100000
	pigment { color rgbt <1,0,0,0> }
	no_shadow
}
cylinder {
	<42.492275, 35.647427, 48.758003>,  <42.490833, 35.896534, 48.445045>, 0.100000
	pigment { color rgbt <1,0,0,0> }
	no_shadow
}

// particle -1
sphere {
	<42.492275, 35.647427, 48.758003> 0.100000
	pigment { color rgbt <1,0,0,0> }
	no_shadow
}
sphere {
	0, 1
	scale<0.080000,0.200000,0.300000>
	matrix <0.934834, 0.279908, 0.218489,
		-0.355068, 0.730621, 0.583198,
		0.003610, -0.622771, 0.782395,
		42.493359, 35.460594, 48.992722>
	pigment { color rgbt <0,1,1,0> }
	no_shadow
}
cylinder {
	<42.746609, 36.277554, 48.954044>,  <42.490833, 35.896534, 48.445045>, 0.130000
	pigment { color rgbt <1,0,0,0> }
	no_shadow
}

// nucleotide -1

// particle -1
sphere {
	<42.746609, 36.277554, 48.954044> 0.250000
	pigment { color rgbt <1,0,0,0> }
	no_shadow
}
cylinder {
	<42.798630, 35.892937, 49.050819>,  <42.829842, 35.662167, 49.108883>, 0.100000
	pigment { color rgbt <1,0,0,0> }
	no_shadow
}
cylinder {
	<42.798630, 35.892937, 49.050819>,  <42.746609, 36.277554, 48.954044>, 0.100000
	pigment { color rgbt <1,0,0,0> }
	no_shadow
}

// particle -1
sphere {
	<42.798630, 35.892937, 49.050819> 0.100000
	pigment { color rgbt <1,0,0,0> }
	no_shadow
}
sphere {
	0, 1
	scale<0.080000,0.200000,0.300000>
	matrix <0.903802, 0.215300, 0.369849,
		-0.407712, 0.170562, 0.897039,
		0.130050, -0.961538, 0.241935,
		42.837646, 35.604477, 49.123402>
	pigment { color rgbt <0,1,1,0> }
	no_shadow
}
cylinder {
	<43.100452, 36.367916, 49.632568>,  <42.746609, 36.277554, 48.954044>, 0.130000
	pigment { color rgbt <1,0,0,0> }
	no_shadow
}

// nucleotide -1

// particle -1
sphere {
	<43.100452, 36.367916, 49.632568> 0.250000
	pigment { color rgbt <1,0,0,0> }
	no_shadow
}
cylinder {
	<43.167812, 35.989410, 49.522133>,  <43.208229, 35.762306, 49.455872>, 0.100000
	pigment { color rgbt <1,0,0,0> }
	no_shadow
}
cylinder {
	<43.167812, 35.989410, 49.522133>,  <43.100452, 36.367916, 49.632568>, 0.100000
	pigment { color rgbt <1,0,0,0> }
	no_shadow
}

// particle -1
sphere {
	<43.167812, 35.989410, 49.522133> 0.100000
	pigment { color rgbt <1,0,0,0> }
	no_shadow
}
sphere {
	0, 1
	scale<0.080000,0.200000,0.300000>
	matrix <0.807605, -0.028145, 0.589051,
		-0.565169, -0.322163, 0.759470,
		0.168395, -0.946266, -0.276087,
		43.218330, 35.705532, 49.439308>
	pigment { color rgbt <0,1,1,0> }
	no_shadow
}
cylinder {
	<43.358879, 36.010986, 50.205971>,  <43.100452, 36.367916, 49.632568>, 0.130000
	pigment { color rgbt <1,0,0,0> }
	no_shadow
}

// nucleotide -1

// particle -1
sphere {
	<43.358879, 36.010986, 50.205971> 0.250000
	pigment { color rgbt <1,0,0,0> }
	no_shadow
}
cylinder {
	<43.492302, 35.752998, 49.930943>,  <43.572357, 35.598206, 49.765926>, 0.100000
	pigment { color rgbt <1,0,0,0> }
	no_shadow
}
cylinder {
	<43.492302, 35.752998, 49.930943>,  <43.358879, 36.010986, 50.205971>, 0.100000
	pigment { color rgbt <1,0,0,0> }
	no_shadow
}

// particle -1
sphere {
	<43.492302, 35.752998, 49.930943> 0.100000
	pigment { color rgbt <1,0,0,0> }
	no_shadow
}
sphere {
	0, 1
	scale<0.080000,0.200000,0.300000>
	matrix <0.814593, -0.169927, 0.554583,
		-0.474526, -0.745077, 0.468707,
		0.333561, -0.644969, -0.687569,
		43.592369, 35.559509, 49.724670>
	pigment { color rgbt <0,1,1,0> }
	no_shadow
}
cylinder {
	<43.612736, 35.313538, 50.589291>,  <43.358879, 36.010986, 50.205971>, 0.130000
	pigment { color rgbt <1,0,0,0> }
	no_shadow
}

// nucleotide -1

// particle -1
sphere {
	<43.612736, 35.313538, 50.589291> 0.250000
	pigment { color rgbt <1,0,0,0> }
	no_shadow
}
cylinder {
	<43.785786, 35.363625, 50.232155>,  <43.889614, 35.393677, 50.017872>, 0.100000
	pigment { color rgbt <1,0,0,0> }
	no_shadow
}
cylinder {
	<43.785786, 35.363625, 50.232155>,  <43.612736, 35.313538, 50.589291>, 0.100000
	pigment { color rgbt <1,0,0,0> }
	no_shadow
}

// particle -1
sphere {
	<43.785786, 35.363625, 50.232155> 0.100000
	pigment { color rgbt <1,0,0,0> }
	no_shadow
}
sphere {
	0, 1
	scale<0.080000,0.200000,0.300000>
	matrix <0.845555, -0.399992, 0.353614,
		-0.312850, -0.907925, -0.278922,
		0.432622, 0.125216, -0.892838,
		43.915573, 35.401188, 49.964302>
	pigment { color rgbt <0,1,1,0> }
	no_shadow
}
cylinder {
	<43.882980, 34.609657, 50.400223>,  <43.612736, 35.313538, 50.589291>, 0.130000
	pigment { color rgbt <1,0,0,0> }
	no_shadow
}

// nucleotide -1

// particle -1
sphere {
	<43.882980, 34.609657, 50.400223> 0.250000
	pigment { color rgbt <1,0,0,0> }
	no_shadow
}
cylinder {
	<44.081123, 34.893799, 50.200214>,  <44.200008, 35.064281, 50.080208>, 0.100000
	pigment { color rgbt <1,0,0,0> }
	no_shadow
}
cylinder {
	<44.081123, 34.893799, 50.200214>,  <43.882980, 34.609657, 50.400223>, 0.100000
	pigment { color rgbt <1,0,0,0> }
	no_shadow
}

// particle -1
sphere {
	<44.081123, 34.893799, 50.200214> 0.100000
	pigment { color rgbt <1,0,0,0> }
	no_shadow
}
sphere {
	0, 1
	scale<0.080000,0.200000,0.300000>
	matrix <0.868368, -0.389280, 0.307243,
		0.023602, -0.586398, -0.809679,
		0.495359, 0.710351, -0.500022,
		44.229733, 35.106903, 50.050209>
	pigment { color rgbt <0,1,1,0> }
	no_shadow
}
cylinder {
	<44.462463, 34.282528, 50.129215>,  <43.882980, 34.609657, 50.400223>, 0.130000
	pigment { color rgbt <1,0,0,0> }
	no_shadow
}

// nucleotide -1

// particle -1
sphere {
	<44.462463, 34.282528, 50.129215> 0.250000
	pigment { color rgbt <1,0,0,0> }
	no_shadow
}
cylinder {
	<44.557644, 34.668983, 50.089314>,  <44.614754, 34.900856, 50.065372>, 0.100000
	pigment { color rgbt <1,0,0,0> }
	no_shadow
}
cylinder {
	<44.557644, 34.668983, 50.089314>,  <44.462463, 34.282528, 50.129215>, 0.100000
	pigment { color rgbt <1,0,0,0> }
	no_shadow
}

// particle -1
sphere {
	<44.557644, 34.668983, 50.089314> 0.100000
	pigment { color rgbt <1,0,0,0> }
	no_shadow
}
sphere {
	0, 1
	scale<0.080000,0.200000,0.300000>
	matrix <0.904158, -0.182821, 0.386103,
		0.354793, -0.182064, -0.917047,
		0.237950, 0.966142, -0.099751,
		44.629028, 34.958824, 50.059387>
	pigment { color rgbt <0,1,1,0> }
	no_shadow
}
cylinder {
	<45.208382, 34.376789, 49.863297>,  <44.462463, 34.282528, 50.129215>, 0.130000
	pigment { color rgbt <1,0,0,0> }
	no_shadow
}

// nucleotide -1

// particle -1
sphere {
	<45.208382, 34.376789, 49.863297> 0.250000
	pigment { color rgbt <1,0,0,0> }
	no_shadow
}
cylinder {
	<45.140202, 34.738899, 50.018951>,  <45.099293, 34.956165, 50.112343>, 0.100000
	pigment { color rgbt <1,0,0,0> }
	no_shadow
}
cylinder {
	<45.140202, 34.738899, 50.018951>,  <45.208382, 34.376789, 49.863297>, 0.100000
	pigment { color rgbt <1,0,0,0> }
	no_shadow
}

// particle -1
sphere {
	<45.140202, 34.738899, 50.018951> 0.100000
	pigment { color rgbt <1,0,0,0> }
	no_shadow
}
sphere {
	0, 1
	scale<0.080000,0.200000,0.300000>
	matrix <0.885794, -0.032228, 0.462959,
		0.431646, 0.423605, -0.796392,
		-0.170446, 0.905273, 0.389138,
		45.089069, 35.010483, 50.135693>
	pigment { color rgbt <0,1,1,0> }
	no_shadow
}
cylinder {
	<45.855236, 34.833168, 49.743286>,  <45.208382, 34.376789, 49.863297>, 0.130000
	pigment { color rgbt <1,0,0,0> }
	no_shadow
}

// nucleotide -1

// particle -1
sphere {
	<45.855236, 34.833168, 49.743286> 0.250000
	pigment { color rgbt <1,0,0,0> }
	no_shadow
}
cylinder {
	<45.671547, 35.003906, 50.054905>,  <45.561333, 35.106350, 50.241879>, 0.100000
	pigment { color rgbt <1,0,0,0> }
	no_shadow
}
cylinder {
	<45.671547, 35.003906, 50.054905>,  <45.855236, 34.833168, 49.743286>, 0.100000
	pigment { color rgbt <1,0,0,0> }
	no_shadow
}

// particle -1
sphere {
	<45.671547, 35.003906, 50.054905> 0.100000
	pigment { color rgbt <1,0,0,0> }
	no_shadow
}
sphere {
	0, 1
	scale<0.080000,0.200000,0.300000>
	matrix <0.865316, 0.016655, 0.500950,
		0.200853, 0.904172, -0.377004,
		-0.459223, 0.426844, 0.779049,
		45.533779, 35.131958, 50.288620>
	pigment { color rgbt <0,1,1,0> }
	no_shadow
}
cylinder {
	<46.283607, 35.354229, 49.934059>,  <45.855236, 34.833168, 49.743286>, 0.130000
	pigment { color rgbt <1,0,0,0> }
	no_shadow
}

// nucleotide -1

// particle -1
sphere {
	<46.283607, 35.354229, 49.934059> 0.250000
	pigment { color rgbt <1,0,0,0> }
	no_shadow
}
cylinder {
	<46.055309, 35.311356, 50.259701>,  <45.918331, 35.285629, 50.455086>, 0.100000
	pigment { color rgbt <1,0,0,0> }
	no_shadow
}
cylinder {
	<46.055309, 35.311356, 50.259701>,  <46.283607, 35.354229, 49.934059>, 0.100000
	pigment { color rgbt <1,0,0,0> }
	no_shadow
}

// particle -1
sphere {
	<46.055309, 35.311356, 50.259701> 0.100000
	pigment { color rgbt <1,0,0,0> }
	no_shadow
}
sphere {
	0, 1
	scale<0.080000,0.200000,0.300000>
	matrix <0.821039, -0.060066, 0.567703,
		-0.011951, 0.992423, 0.122287,
		-0.570746, -0.107187, 0.814101,
		45.884087, 35.279198, 50.503929>
	pigment { color rgbt <0,1,1,0> }
	no_shadow
}
cylinder {
	<46.566227, 35.742558, 50.323528>,  <46.283607, 35.354229, 49.934059>, 0.130000
	pigment { color rgbt <1,0,0,0> }
	no_shadow
}

// nucleotide -1

// particle -1
sphere {
	<46.566227, 35.742558, 50.323528> 0.250000
	pigment { color rgbt <1,0,0,0> }
	no_shadow
}
cylinder {
	<46.364689, 35.506851, 50.576164>,  <46.243767, 35.365429, 50.727745>, 0.100000
	pigment { color rgbt <1,0,0,0> }
	no_shadow
}
cylinder {
	<46.364689, 35.506851, 50.576164>,  <46.566227, 35.742558, 50.323528>, 0.100000
	pigment { color rgbt <1,0,0,0> }
	no_shadow
}

// particle -1
sphere {
	<46.364689, 35.506851, 50.576164> 0.100000
	pigment { color rgbt <1,0,0,0> }
	no_shadow
}
sphere {
	0, 1
	scale<0.080000,0.200000,0.300000>
	matrix <0.820221, -0.097074, 0.563749,
		-0.270885, 0.802089, 0.532236,
		-0.503843, -0.589262, 0.631594,
		46.213535, 35.330074, 50.765644>
	pigment { color rgbt <0,1,1,0> }
	no_shadow
}
cylinder {
	<46.663891, 36.042931, 51.008339>,  <46.566227, 35.742558, 50.323528>, 0.130000
	pigment { color rgbt <1,0,0,0> }
	no_shadow
}

// nucleotide -1

// particle -1
sphere {
	<46.663891, 36.042931, 51.008339> 0.250000
	pigment { color rgbt <1,0,0,0> }
	no_shadow
}
cylinder {
	<46.567142, 35.658718, 51.063305>,  <46.509094, 35.428192, 51.096283>, 0.100000
	pigment { color rgbt <1,0,0,0> }
	no_shadow
}
cylinder {
	<46.567142, 35.658718, 51.063305>,  <46.663891, 36.042931, 51.008339>, 0.100000
	pigment { color rgbt <1,0,0,0> }
	no_shadow
}

// particle -1
sphere {
	<46.567142, 35.658718, 51.063305> 0.100000
	pigment { color rgbt <1,0,0,0> }
	no_shadow
}
sphere {
	0, 1
	scale<0.080000,0.200000,0.300000>
	matrix <0.856256, -0.144675, 0.495877,
		-0.456424, 0.237602, 0.857452,
		-0.241873, -0.960528, 0.137415,
		46.494579, 35.370560, 51.104530>
	pigment { color rgbt <0,1,1,0> }
	no_shadow
}
cylinder {
	<46.895393, 35.875305, 51.647045>,  <46.663891, 36.042931, 51.008339>, 0.130000
	pigment { color rgbt <1,0,0,0> }
	no_shadow
}

// nucleotide -1

// particle -1
sphere {
	<46.895393, 35.875305, 51.647045> 0.250000
	pigment { color rgbt <1,0,0,0> }
	no_shadow
}
cylinder {
	<46.864719, 35.510353, 51.486210>,  <46.846313, 35.291382, 51.389709>, 0.100000
	pigment { color rgbt <1,0,0,0> }
	no_shadow
}
cylinder {
	<46.864719, 35.510353, 51.486210>,  <46.895393, 35.875305, 51.647045>, 0.100000
	pigment { color rgbt <1,0,0,0> }
	no_shadow
}

// particle -1
sphere {
	<46.864719, 35.510353, 51.486210> 0.100000
	pigment { color rgbt <1,0,0,0> }
	no_shadow
}
sphere {
	0, 1
	scale<0.080000,0.200000,0.300000>
	matrix <0.839342, -0.276746, 0.467885,
		-0.538167, -0.301608, 0.787025,
		-0.076688, -0.912384, -0.402088,
		46.841713, 35.236637, 51.365585>
	pigment { color rgbt <0,1,1,0> }
	no_shadow
}
cylinder {
	<47.211693, 35.461258, 52.205509>,  <46.895393, 35.875305, 51.647045>, 0.130000
	pigment { color rgbt <1,0,0,0> }
	no_shadow
}

// nucleotide -1

// particle -1
sphere {
	<47.211693, 35.461258, 52.205509> 0.250000
	pigment { color rgbt <1,0,0,0> }
	no_shadow
}
cylinder {
	<47.204632, 35.227032, 51.881336>,  <47.200394, 35.086494, 51.686832>, 0.100000
	pigment { color rgbt <1,0,0,0> }
	no_shadow
}
cylinder {
	<47.204632, 35.227032, 51.881336>,  <47.211693, 35.461258, 52.205509>, 0.100000
	pigment { color rgbt <1,0,0,0> }
	no_shadow
}

// particle -1
sphere {
	<47.204632, 35.227032, 51.881336> 0.100000
	pigment { color rgbt <1,0,0,0> }
	no_shadow
}
sphere {
	0, 1
	scale<0.080000,0.200000,0.300000>
	matrix <0.835096, -0.454368, 0.310105,
		-0.549821, -0.671313, 0.497027,
		-0.017656, -0.585567, -0.810432,
		47.199337, 35.051361, 51.638206>
	pigment { color rgbt <0,1,1,0> }
	no_shadow
}
cylinder {
	<47.558987, 34.874535, 52.430298>,  <47.211693, 35.461258, 52.205509>, 0.130000
	pigment { color rgbt <1,0,0,0> }
	no_shadow
}

// nucleotide -1

// particle -1
sphere {
	<47.558987, 34.874535, 52.430298> 0.250000
	pigment { color rgbt <1,0,0,0> }
	no_shadow
}
cylinder {
	<47.579418, 34.839722, 52.032341>,  <47.591675, 34.818836, 51.793568>, 0.100000
	pigment { color rgbt <1,0,0,0> }
	no_shadow
}
cylinder {
	<47.579418, 34.839722, 52.032341>,  <47.558987, 34.874535, 52.430298>, 0.100000
	pigment { color rgbt <1,0,0,0> }
	no_shadow
}

// particle -1
sphere {
	<47.579418, 34.839722, 52.032341> 0.100000
	pigment { color rgbt <1,0,0,0> }
	no_shadow
}
sphere {
	0, 1
	scale<0.080000,0.200000,0.300000>
	matrix <0.838641, -0.537190, 0.090045,
		-0.542284, -0.838959, 0.045550,
		0.051075, -0.087030, -0.994896,
		47.594742, 34.813614, 51.733871>
	pigment { color rgbt <0,1,1,0> }
	no_shadow
}
// strand 1

// nucleotide -1

// particle -1
sphere {
	<23.961761, 35.022144, 51.467827> 0.250000
	pigment { color rgbt <0,1,0,0> }
	no_shadow
}
cylinder {
	<24.171349, 34.901417, 51.786415>,  <24.297100, 34.828979, 51.977570>, 0.100000
	pigment { color rgbt <0,1,0,0> }
	no_shadow
}
cylinder {
	<24.171349, 34.901417, 51.786415>,  <23.961761, 35.022144, 51.467827>, 0.100000
	pigment { color rgbt <0,1,0,0> }
	no_shadow
}

// particle -1
sphere {
	<24.171349, 34.901417, 51.786415> 0.100000
	pigment { color rgbt <0,1,0,0> }
	no_shadow
}
sphere {
	0, 1
	scale<0.080000,0.200000,0.300000>
	matrix <0.807358, 0.473908, -0.351545,
		-0.271353, 0.827235, 0.491985,
		0.523966, -0.301815, 0.796471,
		24.328539, 34.810871, 52.025356>
	pigment { color rgbt <0,1,1,0> }
	no_shadow
}
cylinder {
	<24.404991, 35.556271, 51.584217>,  <23.961761, 35.022144, 51.467827>, 0.130000
	pigment { color rgbt <0,1,0,0> }
	no_shadow
}

// nucleotide -1

// particle -1
sphere {
	<24.404991, 35.556271, 51.584217> 0.250000
	pigment { color rgbt <0,1,0,0> }
	no_shadow
}
cylinder {
	<24.579767, 35.255775, 51.782093>,  <24.684633, 35.075478, 51.900818>, 0.100000
	pigment { color rgbt <0,1,0,0> }
	no_shadow
}
cylinder {
	<24.579767, 35.255775, 51.782093>,  <24.404991, 35.556271, 51.584217>, 0.100000
	pigment { color rgbt <0,1,0,0> }
	no_shadow
}

// particle -1
sphere {
	<24.579767, 35.255775, 51.782093> 0.100000
	pigment { color rgbt <0,1,0,0> }
	no_shadow
}
sphere {
	0, 1
	scale<0.080000,0.200000,0.300000>
	matrix <0.890947, 0.437079, -0.123191,
		-0.123674, 0.494573, 0.860292,
		0.436942, -0.751239, 0.494694,
		24.710850, 35.030403, 51.930500>
	pigment { color rgbt <0,1,1,0> }
	no_shadow
}
cylinder {
	<24.892757, 35.808434, 51.973019>,  <24.404991, 35.556271, 51.584217>, 0.130000
	pigment { color rgbt <0,1,0,0> }
	no_shadow
}

// nucleotide -1

// particle -1
sphere {
	<24.892757, 35.808434, 51.973019> 0.250000
	pigment { color rgbt <0,1,0,0> }
	no_shadow
}
cylinder {
	<25.020031, 35.429371, 51.962437>,  <25.096395, 35.201931, 51.956089>, 0.100000
	pigment { color rgbt <0,1,0,0> }
	no_shadow
}
cylinder {
	<25.020031, 35.429371, 51.962437>,  <24.892757, 35.808434, 51.973019>, 0.100000
	pigment { color rgbt <0,1,0,0> }
	no_shadow
}

// particle -1
sphere {
	<25.020031, 35.429371, 51.962437> 0.100000
	pigment { color rgbt <0,1,0,0> }
	no_shadow
}
sphere {
	0, 1
	scale<0.080000,0.200000,0.300000>
	matrix <0.920833, 0.315571, -0.229088,
		0.225445, 0.048534, 0.973046,
		0.318184, -0.947660, -0.026452,
		25.115486, 35.145073, 51.954502>
	pigment { color rgbt <0,1,1,0> }
	no_shadow
}
cylinder {
	<25.495939, 35.829964, 52.352997>,  <24.892757, 35.808434, 51.973019>, 0.130000
	pigment { color rgbt <0,1,0,0> }
	no_shadow
}

// nucleotide -1

// particle -1
sphere {
	<25.495939, 35.829964, 52.352997> 0.250000
	pigment { color rgbt <0,1,0,0> }
	no_shadow
}
cylinder {
	<25.489452, 35.507576, 52.116302>,  <25.485559, 35.314144, 51.974285>, 0.100000
	pigment { color rgbt <0,1,0,0> }
	no_shadow
}
cylinder {
	<25.489452, 35.507576, 52.116302>,  <25.495939, 35.829964, 52.352997>, 0.100000
	pigment { color rgbt <0,1,0,0> }
	no_shadow
}

// particle -1
sphere {
	<25.489452, 35.507576, 52.116302> 0.100000
	pigment { color rgbt <0,1,0,0> }
	no_shadow
}
sphere {
	0, 1
	scale<0.080000,0.200000,0.300000>
	matrix <0.942971, 0.184463, -0.277090,
		0.332480, -0.562487, 0.757011,
		-0.016219, -0.805966, -0.591740,
		25.484587, 35.265785, 51.938782>
	pigment { color rgbt <0,1,1,0> }
	no_shadow
}
cylinder {
	<26.148281, 35.469765, 52.557705>,  <25.495939, 35.829964, 52.352997>, 0.130000
	pigment { color rgbt <0,1,0,0> }
	no_shadow
}

// nucleotide -1

// particle -1
sphere {
	<26.148281, 35.469765, 52.557705> 0.250000
	pigment { color rgbt <0,1,0,0> }
	no_shadow
}
cylinder {
	<26.053421, 35.304989, 52.205780>,  <25.996506, 35.206123, 51.994625>, 0.100000
	pigment { color rgbt <0,1,0,0> }
	no_shadow
}
cylinder {
	<26.053421, 35.304989, 52.205780>,  <26.148281, 35.469765, 52.557705>, 0.100000
	pigment { color rgbt <0,1,0,0> }
	no_shadow
}

// particle -1
sphere {
	<26.053421, 35.304989, 52.205780> 0.100000
	pigment { color rgbt <0,1,0,0> }
	no_shadow
}
sphere {
	0, 1
	scale<0.080000,0.200000,0.300000>
	matrix <0.957119, 0.056035, -0.284226,
		0.166384, -0.909486, 0.380988,
		-0.237151, -0.411941, -0.879809,
		25.982275, 35.181408, 51.941837>
	pigment { color rgbt <0,1,1,0> }
	no_shadow
}
cylinder {
	<26.683754, 35.003109, 52.398598>,  <26.148281, 35.469765, 52.557705>, 0.130000
	pigment { color rgbt <0,1,0,0> }
	no_shadow
}

// nucleotide -1

// particle -1
sphere {
	<26.683754, 35.003109, 52.398598> 0.250000
	pigment { color rgbt <0,1,0,0> }
	no_shadow
}
cylinder {
	<26.513987, 35.057629, 52.040539>,  <26.412127, 35.090340, 51.825703>, 0.100000
	pigment { color rgbt <0,1,0,0> }
	no_shadow
}
cylinder {
	<26.513987, 35.057629, 52.040539>,  <26.683754, 35.003109, 52.398598>, 0.100000
	pigment { color rgbt <0,1,0,0> }
	no_shadow
}

// particle -1
sphere {
	<26.513987, 35.057629, 52.040539> 0.100000
	pigment { color rgbt <0,1,0,0> }
	no_shadow
}
sphere {
	0, 1
	scale<0.080000,0.200000,0.300000>
	matrix <0.902330, -0.018542, -0.430648,
		-0.075294, -0.990494, -0.115116,
		-0.424420, 0.136298, -0.895148,
		26.386662, 35.098518, 51.771996>
	pigment { color rgbt <0,1,1,0> }
	no_shadow
}
cylinder {
	<26.744719, 34.404655, 51.876778>,  <26.683754, 35.003109, 52.398598>, 0.130000
	pigment { color rgbt <0,1,0,0> }
	no_shadow
}

// nucleotide -1

// particle -1
sphere {
	<26.744719, 34.404655, 51.876778> 0.250000
	pigment { color rgbt <0,1,0,0> }
	no_shadow
}
cylinder {
	<26.705107, 34.730015, 51.647488>,  <26.681339, 34.925228, 51.509914>, 0.100000
	pigment { color rgbt <0,1,0,0> }
	no_shadow
}
cylinder {
	<26.705107, 34.730015, 51.647488>,  <26.744719, 34.404655, 51.876778>, 0.100000
	pigment { color rgbt <0,1,0,0> }
	no_shadow
}

// particle -1
sphere {
	<26.705107, 34.730015, 51.647488> 0.100000
	pigment { color rgbt <0,1,0,0> }
	no_shadow
}
sphere {
	0, 1
	scale<0.080000,0.200000,0.300000>
	matrix <0.767586, -0.304147, -0.564186,
		-0.633249, -0.495867, -0.594231,
		-0.099028, 0.813394, -0.573222,
		26.675398, 34.974033, 51.475521>
	pigment { color rgbt <0,1,1,0> }
	no_shadow
}
cylinder {
	<27.122482, 34.281406, 51.282799>,  <26.744719, 34.404655, 51.876778>, 0.130000
	pigment { color rgbt <0,1,0,0> }
	no_shadow
}

// nucleotide -1

// particle -1
sphere {
	<27.122482, 34.281406, 51.282799> 0.250000
	pigment { color rgbt <0,1,0,0> }
	no_shadow
}
cylinder {
	<27.032335, 34.664936, 51.213676>,  <26.978247, 34.895054, 51.172203>, 0.100000
	pigment { color rgbt <0,1,0,0> }
	no_shadow
}
cylinder {
	<27.032335, 34.664936, 51.213676>,  <27.122482, 34.281406, 51.282799>, 0.100000
	pigment { color rgbt <0,1,0,0> }
	no_shadow
}

// particle -1
sphere {
	<27.032335, 34.664936, 51.213676> 0.100000
	pigment { color rgbt <0,1,0,0> }
	no_shadow
}
sphere {
	0, 1
	scale<0.080000,0.200000,0.300000>
	matrix <0.677140, 0.026624, -0.735372,
		-0.700493, -0.282746, -0.655259,
		-0.225370, 0.958825, -0.172808,
		26.964724, 34.952583, 51.161835>
	pigment { color rgbt <0,1,1,0> }
	no_shadow
}
cylinder {
	<27.122089, 34.262493, 50.621490>,  <27.122482, 34.281406, 51.282799>, 0.130000
	pigment { color rgbt <0,1,0,0> }
	no_shadow
}

// nucleotide -1

// particle -1
sphere {
	<27.122089, 34.262493, 50.621490> 0.250000
	pigment { color rgbt <0,1,0,0> }
	no_shadow
}
cylinder {
	<27.175629, 34.634785, 50.757626>,  <27.207752, 34.858158, 50.839306>, 0.100000
	pigment { color rgbt <0,1,0,0> }
	no_shadow
}
cylinder {
	<27.175629, 34.634785, 50.757626>,  <27.122089, 34.262493, 50.621490>, 0.100000
	pigment { color rgbt <0,1,0,0> }
	no_shadow
}

// particle -1
sphere {
	<27.175629, 34.634785, 50.757626> 0.100000
	pigment { color rgbt <0,1,0,0> }
	no_shadow
}
sphere {
	0, 1
	scale<0.080000,0.200000,0.300000>
	matrix <0.822899, 0.086978, -0.561491,
		-0.552197, 0.355218, -0.754254,
		0.133848, 0.930728, 0.340337,
		27.215782, 34.914001, 50.859726>
	pigment { color rgbt <0,1,1,0> }
	no_shadow
}
cylinder {
	<27.453234, 34.653122, 50.141670>,  <27.122089, 34.262493, 50.621490>, 0.130000
	pigment { color rgbt <0,1,0,0> }
	no_shadow
}

// nucleotide -1

// particle -1
sphere {
	<27.453234, 34.653122, 50.141670> 0.250000
	pigment { color rgbt <0,1,0,0> }
	no_shadow
}
cylinder {
	<27.532238, 34.918629, 50.430229>,  <27.579639, 35.077930, 50.603363>, 0.100000
	pigment { color rgbt <0,1,0,0> }
	no_shadow
}
cylinder {
	<27.532238, 34.918629, 50.430229>,  <27.453234, 34.653122, 50.141670>, 0.100000
	pigment { color rgbt <0,1,0,0> }
	no_shadow
}

// particle -1
sphere {
	<27.532238, 34.918629, 50.430229> 0.100000
	pigment { color rgbt <0,1,0,0> }
	no_shadow
}
sphere {
	0, 1
	scale<0.080000,0.200000,0.300000>
	matrix <0.882814, 0.199489, -0.425256,
		-0.426180, 0.720848, -0.546579,
		0.197508, 0.663764, 0.721393,
		27.591490, 35.117760, 50.646648>
	pigment { color rgbt <0,1,1,0> }
	no_shadow
}
cylinder {
	<27.808004, 35.300259, 49.809338>,  <27.453234, 34.653122, 50.141670>, 0.130000
	pigment { color rgbt <0,1,0,0> }
	no_shadow
}

// nucleotide -1

// particle -1
sphere {
	<27.808004, 35.300259, 49.809338> 0.250000
	pigment { color rgbt <0,1,0,0> }
	no_shadow
}
cylinder {
	<27.904366, 35.325413, 50.196743>,  <27.962181, 35.340504, 50.429184>, 0.100000
	pigment { color rgbt <0,1,0,0> }
	no_shadow
}
cylinder {
	<27.904366, 35.325413, 50.196743>,  <27.808004, 35.300259, 49.809338>, 0.100000
	pigment { color rgbt <0,1,0,0> }
	no_shadow
}

// particle -1
sphere {
	<27.904366, 35.325413, 50.196743> 0.100000
	pigment { color rgbt <0,1,0,0> }
	no_shadow
}
sphere {
	0, 1
	scale<0.080000,0.200000,0.300000>
	matrix <0.924321, 0.289443, -0.248703,
		-0.295969, 0.955127, 0.011602,
		0.240901, 0.062885, 0.968510,
		27.976637, 35.344276, 50.487297>
	pigment { color rgbt <0,1,1,0> }
	no_shadow
}
cylinder {
	<28.208750, 35.858131, 49.853092>,  <27.808004, 35.300259, 49.809338>, 0.130000
	pigment { color rgbt <0,1,0,0> }
	no_shadow
}

// nucleotide -1

// particle -1
sphere {
	<28.208750, 35.858131, 49.853092> 0.250000
	pigment { color rgbt <0,1,0,0> }
	no_shadow
}
cylinder {
	<28.309278, 35.627556, 50.164104>,  <28.369596, 35.489208, 50.350712>, 0.100000
	pigment { color rgbt <0,1,0,0> }
	no_shadow
}
cylinder {
	<28.309278, 35.627556, 50.164104>,  <28.208750, 35.858131, 49.853092>, 0.100000
	pigment { color rgbt <0,1,0,0> }
	no_shadow
}

// particle -1
sphere {
	<28.309278, 35.627556, 50.164104> 0.100000
	pigment { color rgbt <0,1,0,0> }
	no_shadow
}
sphere {
	0, 1
	scale<0.080000,0.200000,0.300000>
	matrix <0.962793, 0.231328, -0.139704,
		-0.099332, 0.783709, 0.613133,
		0.251322, -0.576444, 0.777528,
		28.384676, 35.454624, 50.397362>
	pigment { color rgbt <0,1,1,0> }
	no_shadow
}
cylinder {
	<28.794802, 36.267853, 50.187931>,  <28.208750, 35.858131, 49.853092>, 0.130000
	pigment { color rgbt <0,1,0,0> }
	no_shadow
}

// nucleotide -1

// particle -1
sphere {
	<28.794802, 36.267853, 50.187931> 0.250000
	pigment { color rgbt <0,1,0,0> }
	no_shadow
}
cylinder {
	<28.811998, 35.885853, 50.305325>,  <28.822317, 35.656654, 50.375763>, 0.100000
	pigment { color rgbt <0,1,0,0> }
	no_shadow
}
cylinder {
	<28.811998, 35.885853, 50.305325>,  <28.794802, 36.267853, 50.187931>, 0.100000
	pigment { color rgbt <0,1,0,0> }
	no_shadow
}

// particle -1
sphere {
	<28.811998, 35.885853, 50.305325> 0.100000
	pigment { color rgbt <0,1,0,0> }
	no_shadow
}
sphere {
	0, 1
	scale<0.080000,0.200000,0.300000>
	matrix <0.984778, -0.009012, -0.173584,
		0.168417, 0.296483, 0.940071,
		0.042992, -0.954996, 0.293487,
		28.824896, 35.599354, 50.393372>
	pigment { color rgbt <0,1,1,0> }
	no_shadow
}
cylinder {
	<29.419069, 36.257996, 50.624420>,  <28.794802, 36.267853, 50.187931>, 0.130000
	pigment { color rgbt <0,1,0,0> }
	no_shadow
}

// nucleotide -1

// particle -1
sphere {
	<29.419069, 36.257996, 50.624420> 0.250000
	pigment { color rgbt <0,1,0,0> }
	no_shadow
}
cylinder {
	<29.346649, 35.884563, 50.500713>,  <29.303198, 35.660503, 50.426491>, 0.100000
	pigment { color rgbt <0,1,0,0> }
	no_shadow
}
cylinder {
	<29.346649, 35.884563, 50.500713>,  <29.419069, 36.257996, 50.624420>, 0.100000
	pigment { color rgbt <0,1,0,0> }
	no_shadow
}

// particle -1
sphere {
	<29.346649, 35.884563, 50.500713> 0.100000
	pigment { color rgbt <0,1,0,0> }
	no_shadow
}
sphere {
	0, 1
	scale<0.080000,0.200000,0.300000>
	matrix <0.953994, -0.090297, -0.285907,
		0.238992, -0.346803, 0.906979,
		-0.181051, -0.933581, -0.309268,
		29.292334, 35.604488, 50.407932>
	pigment { color rgbt <0,1,1,0> }
	no_shadow
}
cylinder {
	<29.992060, 35.837589, 50.878002>,  <29.419069, 36.257996, 50.624420>, 0.130000
	pigment { color rgbt <0,1,0,0> }
	no_shadow
}

// nucleotide -1

// particle -1
sphere {
	<29.992060, 35.837589, 50.878002> 0.250000
	pigment { color rgbt <0,1,0,0> }
	no_shadow
}
cylinder {
	<29.829094, 35.643333, 50.568638>,  <29.731314, 35.526779, 50.383018>, 0.100000
	pigment { color rgbt <0,1,0,0> }
	no_shadow
}
cylinder {
	<29.829094, 35.643333, 50.568638>,  <29.992060, 35.837589, 50.878002>, 0.100000
	pigment { color rgbt <0,1,0,0> }
	no_shadow
}

// particle -1
sphere {
	<29.829094, 35.643333, 50.568638> 0.100000
	pigment { color rgbt <0,1,0,0> }
	no_shadow
}
sphere {
	0, 1
	scale<0.080000,0.200000,0.300000>
	matrix <0.906519, -0.112480, -0.406905,
		0.110615, -0.866893, 0.486067,
		-0.407416, -0.485639, -0.773412,
		29.706869, 35.497643, 50.336613>
	pigment { color rgbt <0,1,1,0> }
	no_shadow
}
cylinder {
	<30.460674, 35.287380, 50.807392>,  <29.992060, 35.837589, 50.878002>, 0.130000
	pigment { color rgbt <0,1,0,0> }
	no_shadow
}

// nucleotide -1

// particle -1
sphere {
	<30.460674, 35.287380, 50.807392> 0.250000
	pigment { color rgbt <0,1,0,0> }
	no_shadow
}
cylinder {
	<30.265814, 35.264389, 50.458824>,  <30.148897, 35.250595, 50.249683>, 0.100000
	pigment { color rgbt <0,1,0,0> }
	no_shadow
}
cylinder {
	<30.265814, 35.264389, 50.458824>,  <30.460674, 35.287380, 50.807392>, 0.100000
	pigment { color rgbt <0,1,0,0> }
	no_shadow
}

// particle -1
sphere {
	<30.265814, 35.264389, 50.458824> 0.100000
	pigment { color rgbt <0,1,0,0> }
	no_shadow
}
sphere {
	0, 1
	scale<0.080000,0.200000,0.300000>
	matrix <0.854020, -0.239960, -0.461595,
		-0.182575, -0.969080, 0.165985,
		-0.487152, -0.057479, -0.871424,
		30.119669, 35.247147, 50.197395>
	pigment { color rgbt <0,1,1,0> }
	no_shadow
}
cylinder {
	<30.707411, 34.671032, 50.503239>,  <30.460674, 35.287380, 50.807392>, 0.130000
	pigment { color rgbt <0,1,0,0> }
	no_shadow
}

// nucleotide -1

// particle -1
sphere {
	<30.707411, 34.671032, 50.503239> 0.250000
	pigment { color rgbt <0,1,0,0> }
	no_shadow
}
cylinder {
	<30.542835, 34.874870, 50.200974>,  <30.444090, 34.997173, 50.019615>, 0.100000
	pigment { color rgbt <0,1,0,0> }
	no_shadow
}
cylinder {
	<30.542835, 34.874870, 50.200974>,  <30.707411, 34.671032, 50.503239>, 0.100000
	pigment { color rgbt <0,1,0,0> }
	no_shadow
}

// particle -1
sphere {
	<30.542835, 34.874870, 50.200974> 0.100000
	pigment { color rgbt <0,1,0,0> }
	no_shadow
}
sphere {
	0, 1
	scale<0.080000,0.200000,0.300000>
	matrix <0.760999, -0.264209, -0.592516,
		-0.501598, -0.818843, -0.279097,
		-0.411437, 0.509597, -0.755665,
		30.419403, 35.027748, 49.974274>
	pigment { color rgbt <0,1,1,0> }
	no_shadow
}
cylinder {
	<30.674459, 34.273666, 49.974937>,  <30.707411, 34.671032, 50.503239>, 0.130000
	pigment { color rgbt <0,1,0,0> }
	no_shadow
}

// nucleotide -1

// particle -1
sphere {
	<30.674459, 34.273666, 49.974937> 0.250000
	pigment { color rgbt <0,1,0,0> }
	no_shadow
}
cylinder {
	<30.655731, 34.636337, 49.807247>,  <30.644493, 34.853939, 49.706635>, 0.100000
	pigment { color rgbt <0,1,0,0> }
	no_shadow
}
cylinder {
	<30.655731, 34.636337, 49.807247>,  <30.674459, 34.273666, 49.974937>, 0.100000
	pigment { color rgbt <0,1,0,0> }
	no_shadow
}

// particle -1
sphere {
	<30.655731, 34.636337, 49.807247> 0.100000
	pigment { color rgbt <0,1,0,0> }
	no_shadow
}
sphere {
	0, 1
	scale<0.080000,0.200000,0.300000>
	matrix <0.848871, -0.185101, -0.495133,
		-0.526523, -0.379050, -0.760983,
		-0.046822, 0.906675, -0.419225,
		30.641685, 34.908340, 49.681480>
	pigment { color rgbt <0,1,1,0> }
	no_shadow
}
cylinder {
	<30.854994, 34.180550, 49.244076>,  <30.674459, 34.273666, 49.974937>, 0.130000
	pigment { color rgbt <0,1,0,0> }
	no_shadow
}

// nucleotide -1

// particle -1
sphere {
	<30.854994, 34.180550, 49.244076> 0.250000
	pigment { color rgbt <0,1,0,0> }
	no_shadow
}
cylinder {
	<30.948952, 34.564186, 49.307274>,  <31.005327, 34.794369, 49.345192>, 0.100000
	pigment { color rgbt <0,1,0,0> }
	no_shadow
}
cylinder {
	<30.948952, 34.564186, 49.307274>,  <30.854994, 34.180550, 49.244076>, 0.100000
	pigment { color rgbt <0,1,0,0> }
	no_shadow
}

// particle -1
sphere {
	<30.948952, 34.564186, 49.307274> 0.100000
	pigment { color rgbt <0,1,0,0> }
	no_shadow
}
sphere {
	0, 1
	scale<0.080000,0.200000,0.300000>
	matrix <0.862894, -0.130921, -0.488132,
		-0.447479, 0.250994, -0.858350,
		0.234894, 0.959094, 0.157997,
		31.019421, 34.851913, 49.354671>
	pigment { color rgbt <0,1,1,0> }
	no_shadow
}
cylinder {
	<31.051876, 34.478222, 48.564190>,  <30.854994, 34.180550, 49.244076>, 0.130000
	pigment { color rgbt <0,1,0,0> }
	no_shadow
}

// nucleotide -1

// particle -1
sphere {
	<31.051876, 34.478222, 48.564190> 0.250000
	pigment { color rgbt <0,1,0,0> }
	no_shadow
}
cylinder {
	<31.223942, 34.731724, 48.821350>,  <31.327181, 34.883823, 48.975647>, 0.100000
	pigment { color rgbt <0,1,0,0> }
	no_shadow
}
cylinder {
	<31.223942, 34.731724, 48.821350>,  <31.051876, 34.478222, 48.564190>, 0.100000
	pigment { color rgbt <0,1,0,0> }
	no_shadow
}

// particle -1
sphere {
	<31.223942, 34.731724, 48.821350> 0.100000
	pigment { color rgbt <0,1,0,0> }
	no_shadow
}
sphere {
	0, 1
	scale<0.080000,0.200000,0.300000>
	matrix <0.893015, -0.194416, -0.405865,
		-0.132227, 0.748707, -0.649579,
		0.430162, 0.633751, 0.642900,
		31.352991, 34.921848, 49.014221>
	pigment { color rgbt <0,1,1,0> }
	no_shadow
}
cylinder {
	<31.542521, 34.909195, 48.204762>,  <31.051876, 34.478222, 48.564190>, 0.130000
	pigment { color rgbt <0,1,0,0> }
	no_shadow
}

// nucleotide -1

// particle -1
sphere {
	<31.542521, 34.909195, 48.204762> 0.250000
	pigment { color rgbt <0,1,0,0> }
	no_shadow
}
cylinder {
	<31.672335, 34.945980, 48.581318>,  <31.750223, 34.968052, 48.807251>, 0.100000
	pigment { color rgbt <0,1,0,0> }
	no_shadow
}
cylinder {
	<31.672335, 34.945980, 48.581318>,  <31.542521, 34.909195, 48.204762>, 0.100000
	pigment { color rgbt <0,1,0,0> }
	no_shadow
}

// particle -1
sphere {
	<31.672335, 34.945980, 48.581318> 0.100000
	pigment { color rgbt <0,1,0,0> }
	no_shadow
}
sphere {
	0, 1
	scale<0.080000,0.200000,0.300000>
	matrix <0.941810, -0.123577, -0.312607,
		0.087587, 0.988065, -0.126713,
		0.324535, 0.091959, 0.941393,
		31.769695, 34.973568, 48.863735>
	pigment { color rgbt <0,1,1,0> }
	no_shadow
}
// strand 2

// nucleotide -1

// particle -1
sphere {
	<24.056763, 35.033356, 35.495514> 0.250000
	pigment { color rgbt <0,0,1,0> }
	no_shadow
}
cylinder {
	<24.215200, 34.905018, 35.151382>,  <24.310263, 34.828014, 34.944904>, 0.100000
	pigment { color rgbt <0,0,1,0> }
	no_shadow
}
cylinder {
	<24.215200, 34.905018, 35.151382>,  <24.056763, 35.033356, 35.495514>, 0.100000
	pigment { color rgbt <0,0,1,0> }
	no_shadow
}

// particle -1
sphere {
	<24.215200, 34.905018, 35.151382> 0.100000
	pigment { color rgbt <0,0,1,0> }
	no_shadow
}
sphere {
	0, 1
	scale<0.080000,0.200000,0.300000>
	matrix <0.917427, 0.176986, 0.356375,
		0.037925, -0.930448, 0.364456,
		0.396092, -0.320846, -0.860330,
		24.334028, 34.808765, 34.893284>
	pigment { color rgbt <0,1,1,0> }
	no_shadow
}
cylinder {
	<24.613113, 34.608524, 35.691353>,  <24.056763, 35.033356, 35.495514>, 0.130000
