// switches for output
#declare DRAW_BASES = 1; // possible values are 0, 1; only relevant for DNA ribbons
#declare DRAW_BASES_TYPE = 3; // possible values are 1, 2, 3; only relevant for DNA ribbons
#declare DRAW_FOG = 0; // set to 1 to enable fog

#include "colors.inc"

#include "transforms.inc"
background { rgb <1, 1, 1>}

#default {
   normal{
       ripples 0.25
       frequency 0.20
       turbulence 0.2
       lambda 5
   }
	finish {
		phong 0.1
		phong_size 40.
	}
}

// original window dimensions: 1024x640


// camera settings

camera {
	sky <0, 0.179814, -0.983701>
	up <0, 0.179814, -0.983701>
	right 1.6 * <1, 0, 0>
	location <35, 92.5046, 58.4545>
	look_at <35, 26.874, 46.4577>
	direction <0, -65.6306, -11.9968>
	angle 67.0682
}


# declare cpy_camera_pos = <35, 92.5046, 58.4545>;
# if (DRAW_FOG = 1)
fog {
	fog_type 2
	up vnormalize(cpy_camera_pos)
	color rgbt<1,1,1,0.3>
	distance 1e-5
	fog_alt 3e-3
	fog_offset 56
}
# end


// LIGHTS

# declare lum = 6;
global_settings {
	ambient_light rgb lum * <0.05, 0.05, 0.05>
	max_trace_level 15
}# declare cpy_direct_light_amount = 0.25;
light_source
{	1000 * <-1, -1.16351, -0.803887>,
	rgb lum * cpy_direct_light_amount
	parallel
}

light_source
{	1000 * <1, 1.16351, 0.803887>,
	rgb lum * cpy_direct_light_amount
	parallel
}

// strand 0

// nucleotide -1

// particle -1
sphere {
	<40.234497, 34.147747, 48.469650> 0.250000
	pigment { color rgbt <1,0,0,0> }
	no_shadow
}
cylinder {
	<40.138622, 34.438400, 48.727192>,  <40.081097, 34.612793, 48.881718>, 0.100000
	pigment { color rgbt <1,0,0,0> }
	no_shadow
}
cylinder {
	<40.138622, 34.438400, 48.727192>,  <40.234497, 34.147747, 48.469650>, 0.100000
	pigment { color rgbt <1,0,0,0> }
	no_shadow
}

// particle -1
sphere {
	<40.138622, 34.438400, 48.727192> 0.100000
	pigment { color rgbt <1,0,0,0> }
	no_shadow
}
sphere {
	0, 1
	scale<0.080000,0.200000,0.300000>
	matrix <0.970385, 0.158793, 0.182038,
		0.030035, 0.668420, -0.743177,
		-0.239689, 0.726636, 0.643855,
		40.066715, 34.656391, 48.920349>
	pigment { color rgbt <0,1,1,0> }
	no_shadow
}
cylinder {
	<40.465912, 34.822529, 48.218010>,  <40.234497, 34.147747, 48.469650>, 0.130000
	pigment { color rgbt <1,0,0,0> }
	no_shadow
}

// nucleotide -1

// particle -1
sphere {
	<40.465912, 34.822529, 48.218010> 0.250000
	pigment { color rgbt <1,0,0,0> }
	no_shadow
}
cylinder {
	<40.449875, 34.775494, 48.614910>,  <40.440254, 34.747272, 48.853050>, 0.100000
	pigment { color rgbt <1,0,0,0> }
	no_shadow
}
cylinder {
	<40.449875, 34.775494, 48.614910>,  <40.465912, 34.822529, 48.218010>, 0.100000
	pigment { color rgbt <1,0,0,0> }
	no_shadow
}

// particle -1
sphere {
	<40.449875, 34.775494, 48.614910> 0.100000
	pigment { color rgbt <1,0,0,0> }
	no_shadow
}
sphere {
	0, 1
	scale<0.080000,0.200000,0.300000>
	matrix <0.998923, 0.018481, 0.042549,
		-0.023341, 0.992891, 0.116719,
		-0.040089, -0.117586, 0.992253,
		40.437847, 34.740219, 48.912586>
	pigment { color rgbt <0,1,1,0> }
	no_shadow
}
cylinder {
	<40.922653, 35.267498, 48.439945>,  <40.465912, 34.822529, 48.218010>, 0.130000
	pigment { color rgbt <1,0,0,0> }
	no_shadow
}

// nucleotide -1

// particle -1
sphere {
	<40.922653, 35.267498, 48.439945> 0.250000
	pigment { color rgbt <1,0,0,0> }
	no_shadow
}
cylinder {
	<40.879555, 35.042179, 48.767624>,  <40.853695, 34.906986, 48.964230>, 0.100000
	pigment { color rgbt <1,0,0,0> }
	no_shadow
}
cylinder {
	<40.879555, 35.042179, 48.767624>,  <40.922653, 35.267498, 48.439945>, 0.100000
	pigment { color rgbt <1,0,0,0> }
	no_shadow
}

// particle -1
sphere {
	<40.879555, 35.042179, 48.767624> 0.100000
	pigment { color rgbt <1,0,0,0> }
	no_shadow
}
sphere {
	0, 1
	scale<0.080000,0.200000,0.300000>
	matrix <0.946974, 0.192737, 0.257085,
		-0.302706, 0.803459, 0.512662,
		-0.107749, -0.563299, 0.819197,
		40.847229, 34.873188, 49.013382>
	pigment { color rgbt <0,1,1,0> }
	no_shadow
}
cylinder {
	<41.180168, 35.651310, 48.960518>,  <40.922653, 35.267498, 48.439945>, 0.130000
	pigment { color rgbt <1,0,0,0> }
	no_shadow
}

// nucleotide -1

// particle -1
sphere {
	<41.180168, 35.651310, 48.960518> 0.250000
	pigment { color rgbt <1,0,0,0> }
	no_shadow
}
cylinder {
	<41.149273, 35.302597, 49.154026>,  <41.130733, 35.093369, 49.270130>, 0.100000
	pigment { color rgbt <1,0,0,0> }
	no_shadow
}
cylinder {
	<41.149273, 35.302597, 49.154026>,  <41.180168, 35.651310, 48.960518>, 0.100000
	pigment { color rgbt <1,0,0,0> }
	no_shadow
}

// particle -1
sphere {
	<41.149273, 35.302597, 49.154026> 0.100000
	pigment { color rgbt <1,0,0,0> }
	no_shadow
}
sphere {
	0, 1
	scale<0.080000,0.200000,0.300000>
	matrix <0.894251, 0.153975, 0.420247,
		-0.440851, 0.465075, 0.767695,
		-0.077241, -0.871778, 0.483774,
		41.126102, 35.041065, 49.299160>
	pigment { color rgbt <0,1,1,0> }
	no_shadow
}
cylinder {
	<41.384792, 35.770771, 49.710003>,  <41.180168, 35.651310, 48.960518>, 0.130000
	pigment { color rgbt <1,0,0,0> }
	no_shadow
}

// nucleotide -1

// particle -1
sphere {
	<41.384792, 35.770771, 49.710003> 0.250000
	pigment { color rgbt <1,0,0,0> }
	no_shadow
}
cylinder {
	<41.415855, 35.378384, 49.638821>,  <41.434494, 35.142952, 49.596111>, 0.100000
	pigment { color rgbt <1,0,0,0> }
	no_shadow
}
cylinder {
	<41.415855, 35.378384, 49.638821>,  <41.384792, 35.770771, 49.710003>, 0.100000
	pigment { color rgbt <1,0,0,0> }
	no_shadow
}

// particle -1
sphere {
	<41.415855, 35.378384, 49.638821> 0.100000
	pigment { color rgbt <1,0,0,0> }
	no_shadow
}
sphere {
	0, 1
	scale<0.080000,0.200000,0.300000>
	matrix <0.906885, -0.004642, 0.421353,
		-0.414161, -0.194104, 0.889266,
		0.077658, -0.980970, -0.177952,
		41.439152, 35.084091, 49.585434>
	pigment { color rgbt <0,1,1,0> }
	no_shadow
}
cylinder {
	<41.535061, 35.370903, 50.396488>,  <41.384792, 35.770771, 49.710003>, 0.130000
	pigment { color rgbt <1,0,0,0> }
	no_shadow
}

// nucleotide -1

// particle -1
sphere {
	<41.535061, 35.370903, 50.396488> 0.250000
	pigment { color rgbt <1,0,0,0> }
	no_shadow
}
cylinder {
	<41.692673, 35.142544, 50.108372>,  <41.787239, 35.005527, 49.935501>, 0.100000
	pigment { color rgbt <1,0,0,0> }
	no_shadow
}
cylinder {
	<41.692673, 35.142544, 50.108372>,  <41.535061, 35.370903, 50.396488>, 0.100000
	pigment { color rgbt <1,0,0,0> }
	no_shadow
}

// particle -1
sphere {
	<41.692673, 35.142544, 50.108372> 0.100000
	pigment { color rgbt <1,0,0,0> }
	no_shadow
}
sphere {
	0, 1
	scale<0.080000,0.200000,0.300000>
	matrix <0.868761, -0.024454, 0.494628,
		-0.299998, -0.820655, 0.486341,
		0.394025, -0.570901, -0.720289,
		41.810879, 34.971272, 49.892284>
	pigment { color rgbt <0,1,1,0> }
	no_shadow
}
cylinder {
	<41.816090, 34.779358, 50.769810>,  <41.535061, 35.370903, 50.396488>, 0.130000
	pigment { color rgbt <1,0,0,0> }
	no_shadow
}

// nucleotide -1

// particle -1
sphere {
	<41.816090, 34.779358, 50.769810> 0.250000
	pigment { color rgbt <1,0,0,0> }
	no_shadow
}
cylinder {
	<41.994202, 34.760910, 50.412128>,  <42.101070, 34.749840, 50.197521>, 0.100000
	pigment { color rgbt <1,0,0,0> }
	no_shadow
}
cylinder {
	<41.994202, 34.760910, 50.412128>,  <41.816090, 34.779358, 50.769810>, 0.100000
	pigment { color rgbt <1,0,0,0> }
	no_shadow
}

// particle -1
sphere {
	<41.994202, 34.760910, 50.412128> 0.100000
	pigment { color rgbt <1,0,0,0> }
	no_shadow
}
sphere {
	0, 1
	scale<0.080000,0.200000,0.300000>
	matrix <0.859958, -0.256139, 0.441436,
		-0.249395, -0.965540, -0.074400,
		0.445281, -0.046111, -0.894203,
		42.127785, 34.747074, 50.143867>
	pigment { color rgbt <0,1,1,0> }
	no_shadow
}
cylinder {
	<42.265285, 34.201134, 50.728931>,  <41.816090, 34.779358, 50.769810>, 0.130000
	pigment { color rgbt <1,0,0,0> }
	no_shadow
}

// nucleotide -1

// particle -1
sphere {
	<42.265285, 34.201134, 50.728931> 0.250000
	pigment { color rgbt <1,0,0,0> }
	no_shadow
}
cylinder {
	<42.417747, 34.429157, 50.437794>,  <42.509224, 34.565971, 50.263111>, 0.100000
	pigment { color rgbt <1,0,0,0> }
	no_shadow
}
cylinder {
	<42.417747, 34.429157, 50.437794>,  <42.265285, 34.201134, 50.728931>, 0.100000
	pigment { color rgbt <1,0,0,0> }
	no_shadow
}

// particle -1
sphere {
	<42.417747, 34.429157, 50.437794> 0.100000
	pigment { color rgbt <1,0,0,0> }
	no_shadow
}
sphere {
	0, 1
	scale<0.080000,0.200000,0.300000>
	matrix <0.918765, -0.145930, 0.366844,
		0.102907, -0.808543, -0.579368,
		0.381157, 0.570055, -0.727844,
		42.532093, 34.600174, 50.219440>
	pigment { color rgbt <0,1,1,0> }
	no_shadow
}
cylinder {
	<42.826191, 33.799633, 50.341637>,  <42.265285, 34.201134, 50.728931>, 0.130000
	pigment { color rgbt <1,0,0,0> }
	no_shadow
}

// nucleotide -1

// particle -1
sphere {
	<42.826191, 33.799633, 50.341637> 0.250000
	pigment { color rgbt <1,0,0,0> }
	no_shadow
}
cylinder {
	<42.883125, 34.194485, 50.312492>,  <42.917286, 34.431396, 50.295006>, 0.100000
	pigment { color rgbt <1,0,0,0> }
	no_shadow
}
cylinder {
	<42.883125, 34.194485, 50.312492>,  <42.826191, 33.799633, 50.341637>, 0.100000
	pigment { color rgbt <1,0,0,0> }
	no_shadow
}

// particle -1
sphere {
	<42.883125, 34.194485, 50.312492> 0.100000
	pigment { color rgbt <1,0,0,0> }
	no_shadow
}
sphere {
	0, 1
	scale<0.080000,0.200000,0.300000>
	matrix <0.969369, -0.124130, 0.211935,
		0.200163, -0.100799, -0.974564,
		0.142335, 0.987133, -0.072865,
		42.925827, 34.490623, 50.290634>
	pigment { color rgbt <0,1,1,0> }
	no_shadow
}
cylinder {
	<43.506382, 33.740917, 50.080521>,  <42.826191, 33.799633, 50.341637>, 0.130000
	pigment { color rgbt <1,0,0,0> }
	no_shadow
}

// nucleotide -1

// particle -1
sphere {
	<43.506382, 33.740917, 50.080521> 0.250000
	pigment { color rgbt <1,0,0,0> }
	no_shadow
}
cylinder {
	<43.449162, 34.125343, 50.175079>,  <43.414829, 34.355999, 50.231815>, 0.100000
	pigment { color rgbt <1,0,0,0> }
	no_shadow
}
cylinder {
	<43.449162, 34.125343, 50.175079>,  <43.506382, 33.740917, 50.080521>, 0.100000
	pigment { color rgbt <1,0,0,0> }
	no_shadow
}

// particle -1
sphere {
	<43.449162, 34.125343, 50.175079> 0.100000
	pigment { color rgbt <1,0,0,0> }
	no_shadow
}
sphere {
	0, 1
	scale<0.080000,0.200000,0.300000>
	matrix <0.985608, 0.116592, 0.122403,
		0.090075, 0.250509, -0.963915,
		-0.143048, 0.961068, 0.236401,
		43.406246, 34.413662, 50.245998>
	pigment { color rgbt <0,1,1,0> }
	no_shadow
}
cylinder {
	<44.202576, 34.007420, 50.007442>,  <43.506382, 33.740917, 50.080521>, 0.130000
	pigment { color rgbt <1,0,0,0> }
	no_shadow
}

// nucleotide -1

// particle -1
sphere {
	<44.202576, 34.007420, 50.007442> 0.250000
	pigment { color rgbt <1,0,0,0> }
	no_shadow
}
cylinder {
	<44.028614, 34.339203, 50.147648>,  <43.924236, 34.538273, 50.231773>, 0.100000
	pigment { color rgbt <1,0,0,0> }
	no_shadow
}
cylinder {
	<44.028614, 34.339203, 50.147648>,  <44.202576, 34.007420, 50.007442>, 0.100000
	pigment { color rgbt <1,0,0,0> }
	no_shadow
}

// particle -1
sphere {
	<44.028614, 34.339203, 50.147648> 0.100000
	pigment { color rgbt <1,0,0,0> }
	no_shadow
}
sphere {
	0, 1
	scale<0.080000,0.200000,0.300000>
	matrix <0.881130, 0.311744, 0.355564,
		0.185653, 0.463486, -0.866437,
		-0.434906, 0.829455, 0.350515,
		43.898144, 34.588039, 50.252804>
	pigment { color rgbt <0,1,1,0> }
	no_shadow
}
cylinder {
	<44.426895, 34.695469, 49.661392>,  <44.202576, 34.007420, 50.007442>, 0.130000
	pigment { color rgbt <1,0,0,0> }
	no_shadow
}

// nucleotide -1

// particle -1
sphere {
	<44.426895, 34.695469, 49.661392> 0.250000
	pigment { color rgbt <1,0,0,0> }
	no_shadow
}
cylinder {
	<44.311813, 34.756775, 50.039543>,  <44.242764, 34.793556, 50.266434>, 0.100000
	pigment { color rgbt <1,0,0,0> }
	no_shadow
}
cylinder {
	<44.311813, 34.756775, 50.039543>,  <44.426895, 34.695469, 49.661392>, 0.100000
	pigment { color rgbt <1,0,0,0> }
	no_shadow
}

// particle -1
sphere {
	<44.311813, 34.756775, 50.039543> 0.100000
	pigment { color rgbt <1,0,0,0> }
	no_shadow
}
sphere {
	0, 1
	scale<0.080000,0.200000,0.300000>
	matrix <0.921399, 0.313564, 0.229568,
		-0.261252, 0.937117, -0.231429,
		-0.287700, 0.153263, 0.945378,
		44.225502, 34.802753, 50.323158>
	pigment { color rgbt <0,1,1,0> }
	no_shadow
}
cylinder {
	<44.644947, 35.364483, 49.845810>,  <44.426895, 34.695469, 49.661392>, 0.130000
	pigment { color rgbt <1,0,0,0> }
	no_shadow
}

// nucleotide -1

// particle -1
sphere {
	<44.644947, 35.364483, 49.845810> 0.250000
	pigment { color rgbt <1,0,0,0> }
	no_shadow
}
cylinder {
	<44.602551, 35.157749, 50.185612>,  <44.577114, 35.033710, 50.389492>, 0.100000
	pigment { color rgbt <1,0,0,0> }
	no_shadow
}
cylinder {
	<44.602551, 35.157749, 50.185612>,  <44.644947, 35.364483, 49.845810>, 0.100000
	pigment { color rgbt <1,0,0,0> }
	no_shadow
}

// particle -1
sphere {
	<44.602551, 35.157749, 50.185612> 0.100000
	pigment { color rgbt <1,0,0,0> }
	no_shadow
}
sphere {
	0, 1
	scale<0.080000,0.200000,0.300000>
	matrix <0.877525, 0.353186, 0.324361,
		-0.467672, 0.779836, 0.416099,
		-0.105988, -0.516831, 0.849501,
		44.570755, 35.002701, 50.440460>
	pigment { color rgbt <0,1,1,0> }
	no_shadow
}
cylinder {
	<45.064785, 35.765350, 50.189171>,  <44.644947, 35.364483, 49.845810>, 0.130000
	pigment { color rgbt <1,0,0,0> }
	no_shadow
}

// nucleotide -1

// particle -1
sphere {
	<45.064785, 35.765350, 50.189171> 0.250000
	pigment { color rgbt <1,0,0,0> }
	no_shadow
}
cylinder {
	<44.998463, 35.459652, 50.438469>,  <44.958668, 35.276234, 50.588047>, 0.100000
	pigment { color rgbt <1,0,0,0> }
	no_shadow
}
cylinder {
	<44.998463, 35.459652, 50.438469>,  <45.064785, 35.765350, 50.189171>, 0.100000
	pigment { color rgbt <1,0,0,0> }
	no_shadow
}

// particle -1
sphere {
	<44.998463, 35.459652, 50.438469> 0.100000
	pigment { color rgbt <1,0,0,0> }
	no_shadow
}
sphere {
	0, 1
	scale<0.080000,0.200000,0.300000>
	matrix <0.872659, 0.180653, 0.453686,
		-0.459320, 0.619106, 0.636972,
		-0.165809, -0.764246, 0.623246,
		44.948719, 35.230377, 50.625443>
	pigment { color rgbt <0,1,1,0> }
	no_shadow
}
cylinder {
	<45.119877, 35.965954, 50.887718>,  <45.064785, 35.765350, 50.189171>, 0.130000
	pigment { color rgbt <1,0,0,0> }
	no_shadow
}

// nucleotide -1

// particle -1
sphere {
	<45.119877, 35.965954, 50.887718> 0.250000
	pigment { color rgbt <1,0,0,0> }
	no_shadow
}
cylinder {
	<45.170593, 35.570721, 50.922615>,  <45.201023, 35.333580, 50.943554>, 0.100000
	pigment { color rgbt <1,0,0,0> }
	no_shadow
}
cylinder {
	<45.170593, 35.570721, 50.922615>,  <45.119877, 35.965954, 50.887718>, 0.100000
	pigment { color rgbt <1,0,0,0> }
	no_shadow
}

// particle -1
sphere {
	<45.170593, 35.570721, 50.922615> 0.100000
	pigment { color rgbt <1,0,0,0> }
	no_shadow
}
sphere {
	0, 1
	scale<0.080000,0.200000,0.300000>
	matrix <0.852421, 0.153509, 0.499814,
		-0.507252, 0.010995, 0.861728,
		0.126788, -0.988086, 0.087240,
		45.208630, 35.274296, 50.948788>
	pigment { color rgbt <0,1,1,0> }
	no_shadow
}
cylinder {
	<45.282074, 35.916801, 51.530830>,  <45.119877, 35.965954, 50.887718>, 0.130000
	pigment { color rgbt <1,0,0,0> }
	no_shadow
}

// nucleotide -1

// particle -1
sphere {
	<45.282074, 35.916801, 51.530830> 0.250000
	pigment { color rgbt <1,0,0,0> }
	no_shadow
}
cylinder {
	<45.380394, 35.553436, 51.395550>,  <45.439384, 35.335419, 51.314381>, 0.100000
	pigment { color rgbt <1,0,0,0> }
	no_shadow
}
cylinder {
	<45.380394, 35.553436, 51.395550>,  <45.282074, 35.916801, 51.530830>, 0.100000
	pigment { color rgbt <1,0,0,0> }
	no_shadow
}

// particle -1
sphere {
	<45.380394, 35.553436, 51.395550> 0.100000
	pigment { color rgbt <1,0,0,0> }
	no_shadow
}
sphere {
	0, 1
	scale<0.080000,0.200000,0.300000>
	matrix <0.781085, -0.020995, 0.624072,
		-0.574013, -0.417557, 0.704383,
		0.245797, -0.908408, -0.338199,
		45.454132, 35.280914, 51.294090>
	pigment { color rgbt <0,1,1,0> }
	no_shadow
}
cylinder {
	<45.394173, 35.516663, 52.053360>,  <45.282074, 35.916801, 51.530830>, 0.130000
	pigment { color rgbt <1,0,0,0> }
	no_shadow
}

// nucleotide -1

// particle -1
sphere {
	<45.394173, 35.516663, 52.053360> 0.250000
	pigment { color rgbt <1,0,0,0> }
	no_shadow
}
cylinder {
	<45.611008, 35.365421, 51.753178>,  <45.741108, 35.274677, 51.573071>, 0.100000
	pigment { color rgbt <1,0,0,0> }
	no_shadow
}
cylinder {
	<45.611008, 35.365421, 51.753178>,  <45.394173, 35.516663, 52.053360>, 0.100000
	pigment { color rgbt <1,0,0,0> }
	no_shadow
}

// particle -1
sphere {
	<45.611008, 35.365421, 51.753178> 0.100000
	pigment { color rgbt <1,0,0,0> }
	no_shadow
}
sphere {
	0, 1
	scale<0.080000,0.200000,0.300000>
	matrix <0.800417, -0.039607, 0.598133,
		-0.255880, -0.924915, 0.281170,
		0.542086, -0.378104, -0.750453,
		45.773632, 35.251991, 51.528042>
	pigment { color rgbt <0,1,1,0> }
	no_shadow
}
cylinder {
	<45.803841, 34.976913, 52.389797>,  <45.394173, 35.516663, 52.053360>, 0.130000
	pigment { color rgbt <1,0,0,0> }
	no_shadow
}

// nucleotide -1

// particle -1
sphere {
	<45.803841, 34.976913, 52.389797> 0.250000
	pigment { color rgbt <1,0,0,0> }
	no_shadow
}
cylinder {
	<45.988522, 35.025352, 52.038303>,  <46.099331, 35.054417, 51.827408>, 0.100000
	pigment { color rgbt <1,0,0,0> }
	no_shadow
}
cylinder {
	<45.988522, 35.025352, 52.038303>,  <45.803841, 34.976913, 52.389797>, 0.100000
	pigment { color rgbt <1,0,0,0> }
	no_shadow
}

// particle -1
sphere {
	<45.988522, 35.025352, 52.038303> 0.100000
	pigment { color rgbt <1,0,0,0> }
	no_shadow
}
sphere {
	0, 1
	scale<0.080000,0.200000,0.300000>
	matrix <0.885331, -0.124305, 0.448036,
		-0.054974, -0.984826, -0.164604,
		0.461699, 0.121099, -0.878731,
		46.127033, 35.061684, 51.774685>
	pigment { color rgbt <0,1,1,0> }
	no_shadow
}
cylinder {
	<46.420490, 34.475605, 52.412457>,  <45.803841, 34.976913, 52.389797>, 0.130000
	pigment { color rgbt <1,0,0,0> }
	no_shadow
}

// nucleotide -1

// particle -1
sphere {
	<46.420490, 34.475605, 52.412457> 0.250000
	pigment { color rgbt <1,0,0,0> }
	no_shadow
}
cylinder {
	<46.515533, 34.754204, 52.141624>,  <46.572559, 34.921364, 51.979126>, 0.100000
	pigment { color rgbt <1,0,0,0> }
	no_shadow
}
cylinder {
	<46.515533, 34.754204, 52.141624>,  <46.420490, 34.475605, 52.412457>, 0.100000
	pigment { color rgbt <1,0,0,0> }
	no_shadow
}

// particle -1
sphere {
	<46.515533, 34.754204, 52.141624> 0.100000
	pigment { color rgbt <1,0,0,0> }
	no_shadow
}
sphere {
	0, 1
	scale<0.080000,0.200000,0.300000>
	matrix <0.965636, -0.093794, 0.242385,
		0.105313, -0.711407, -0.694845,
		0.237607, 0.696493, -0.677082,
		46.586815, 34.963150, 51.938499>
	pigment { color rgbt <0,1,1,0> }
	no_shadow
}
cylinder {
	<47.134048, 34.376995, 52.273983>,  <46.420490, 34.475605, 52.412457>, 0.130000
	pigment { color rgbt <1,0,0,0> }
	no_shadow
}

// nucleotide -1

// particle -1
sphere {
	<47.134048, 34.376995, 52.273983> 0.250000
	pigment { color rgbt <1,0,0,0> }
	no_shadow
}
cylinder {
	<47.057713, 34.747097, 52.142845>,  <47.011913, 34.969158, 52.064163>, 0.100000
	pigment { color rgbt <1,0,0,0> }
	no_shadow
}
cylinder {
	<47.057713, 34.747097, 52.142845>,  <47.134048, 34.376995, 52.273983>, 0.100000
	pigment { color rgbt <1,0,0,0> }
	no_shadow
}

// particle -1
sphere {
	<47.057713, 34.747097, 52.142845> 0.100000
	pigment { color rgbt <1,0,0,0> }
	no_shadow
}
sphere {
	0, 1
	scale<0.080000,0.200000,0.300000>
	matrix <0.925114, 0.281204, 0.255126,
		0.328248, -0.254606, -0.909631,
		-0.190835, 0.925257, -0.327844,
		47.000462, 35.024673, 52.044491>
	pigment { color rgbt <0,1,1,0> }
	no_shadow
}
cylinder {
	<47.841888, 34.486160, 52.014538>,  <47.134048, 34.376995, 52.273983>, 0.130000
	pigment { color rgbt <1,0,0,0> }
	no_shadow
}

// nucleotide -1

// particle -1
sphere {
	<47.841888, 34.486160, 52.014538> 0.250000
	pigment { color rgbt <1,0,0,0> }
	no_shadow
}
cylinder {
	<47.637753, 34.828659, 52.046539>,  <47.515270, 35.034157, 52.065739>, 0.100000
	pigment { color rgbt <1,0,0,0> }
	no_shadow
}
cylinder {
	<47.637753, 34.828659, 52.046539>,  <47.841888, 34.486160, 52.014538>, 0.100000
	pigment { color rgbt <1,0,0,0> }
	no_shadow
}

// particle -1
sphere {
	<47.637753, 34.828659, 52.046539> 0.100000
	pigment { color rgbt <1,0,0,0> }
	no_shadow
}
sphere {
	0, 1
	scale<0.080000,0.200000,0.300000>
	matrix <0.856122, 0.497047, 0.141419,
		0.081323, 0.140665, -0.986712,
		-0.510335, 0.856246, 0.080005,
		47.484653, 35.085533, 52.070541>
	pigment { color rgbt <0,1,1,0> }
	no_shadow
}
// strand 1

// nucleotide -1

// particle -1
sphere {
	<24.127844, 35.278522, 51.544418> 0.250000
	pigment { color rgbt <0,1,0,0> }
	no_shadow
}
cylinder {
	<24.216133, 34.992538, 51.809780>,  <24.269106, 34.820946, 51.968998>, 0.100000
	pigment { color rgbt <0,1,0,0> }
	no_shadow
}
cylinder {
	<24.216133, 34.992538, 51.809780>,  <24.127844, 35.278522, 51.544418>, 0.100000
	pigment { color rgbt <0,1,0,0> }
	no_shadow
}

// particle -1
sphere {
	<24.216133, 34.992538, 51.809780> 0.100000
	pigment { color rgbt <0,1,0,0> }
	no_shadow
}
sphere {
	0, 1
	scale<0.080000,0.200000,0.300000>
	matrix <0.962397, 0.049227, -0.267149,
		0.158343, 0.697428, 0.698943,
		0.220724, -0.714962, 0.663408,
		24.282351, 34.778049, 52.008804>
	pigment { color rgbt <0,1,1,0> }
	no_shadow
}
cylinder {
	<24.841970, 35.389534, 51.685627>,  <24.127844, 35.278522, 51.544418>, 0.130000
	pigment { color rgbt <0,1,0,0> }
	no_shadow
}

// nucleotide -1

// particle -1
sphere {
	<24.841970, 35.389534, 51.685627> 0.250000
	pigment { color rgbt <0,1,0,0> }
	no_shadow
}
cylinder {
	<24.774807, 35.031826, 51.851562>,  <24.734509, 34.817204, 51.951126>, 0.100000
	pigment { color rgbt <0,1,0,0> }
	no_shadow
}
cylinder {
	<24.774807, 35.031826, 51.851562>,  <24.841970, 35.389534, 51.685627>, 0.100000
	pigment { color rgbt <0,1,0,0> }
	no_shadow
}

// particle -1
sphere {
	<24.774807, 35.031826, 51.851562> 0.100000
	pigment { color rgbt <0,1,0,0> }
	no_shadow
}
sphere {
	0, 1
	scale<0.080000,0.200000,0.300000>
	matrix <0.973242, -0.217338, -0.074587,
		0.156862, 0.391218, 0.906831,
		-0.167909, -0.894266, 0.414842,
		24.724434, 34.763546, 51.976017>
	pigment { color rgbt <0,1,1,0> }
	no_shadow
}
cylinder {
	<25.288868, 35.373238, 52.217049>,  <24.841970, 35.389534, 51.685627>, 0.130000
	pigment { color rgbt <0,1,0,0> }
	no_shadow
}

// nucleotide -1

// particle -1
sphere {
	<25.288868, 35.373238, 52.217049> 0.250000
	pigment { color rgbt <0,1,0,0> }
	no_shadow
}
cylinder {
	<25.185276, 34.996304, 52.132259>,  <25.123121, 34.770142, 52.081387>, 0.100000
	pigment { color rgbt <0,1,0,0> }
	no_shadow
}
cylinder {
	<25.185276, 34.996304, 52.132259>,  <25.288868, 35.373238, 52.217049>, 0.100000
	pigment { color rgbt <0,1,0,0> }
	no_shadow
}

// particle -1
sphere {
	<25.185276, 34.996304, 52.132259> 0.100000
	pigment { color rgbt <0,1,0,0> }
	no_shadow
}
sphere {
	0, 1
	scale<0.080000,0.200000,0.300000>
	matrix <0.965883, -0.252900, -0.055791,
		-0.001034, -0.219190, 0.975682,
		-0.258978, -0.942336, -0.211974,
		25.107582, 34.713604, 52.068668>
	pigment { color rgbt <0,1,1,0> }
	no_shadow
}
cylinder {
	<25.801596, 35.029613, 52.644344>,  <25.288868, 35.373238, 52.217049>, 0.130000
	pigment { color rgbt <0,1,0,0> }
	no_shadow
}

// nucleotide -1

// particle -1
sphere {
	<25.801596, 35.029613, 52.644344> 0.250000
	pigment { color rgbt <0,1,0,0> }
	no_shadow
}
cylinder {
	<25.694733, 34.754223, 52.374641>,  <25.630615, 34.588989, 52.212822>, 0.100000
	pigment { color rgbt <0,1,0,0> }
	no_shadow
}
cylinder {
	<25.694733, 34.754223, 52.374641>,  <25.801596, 35.029613, 52.644344>, 0.100000
	pigment { color rgbt <0,1,0,0> }
	no_shadow
}

// particle -1
sphere {
	<25.694733, 34.754223, 52.374641> 0.100000
	pigment { color rgbt <0,1,0,0> }
	no_shadow
}
sphere {
	0, 1
	scale<0.080000,0.200000,0.300000>
	matrix <0.914081, -0.402576, 0.048884,
		-0.305095, -0.603264, 0.736879,
		-0.267160, -0.688481, -0.674255,
		25.614584, 34.547680, 52.172363>
	pigment { color rgbt <0,1,1,0> }
	no_shadow
}
cylinder {
	<25.907967, 34.374493, 52.798180>,  <25.801596, 35.029613, 52.644344>, 0.130000
	pigment { color rgbt <0,1,0,0> }
	no_shadow
}

// nucleotide -1

// particle -1
sphere {
	<25.907967, 34.374493, 52.798180> 0.250000
	pigment { color rgbt <0,1,0,0> }
	no_shadow
}
cylinder {
	<25.905821, 34.346951, 52.399136>,  <25.904533, 34.330425, 52.159710>, 0.100000
	pigment { color rgbt <0,1,0,0> }
	no_shadow
}
cylinder {
	<25.905821, 34.346951, 52.399136>,  <25.907967, 34.374493, 52.798180>, 0.100000
	pigment { color rgbt <0,1,0,0> }
	no_shadow
}

// particle -1
sphere {
	<25.905821, 34.346951, 52.399136> 0.100000
	pigment { color rgbt <0,1,0,0> }
	no_shadow
}
sphere {
	0, 1
	scale<0.080000,0.200000,0.300000>
	matrix <0.895201, -0.444909, 0.025896,
		-0.445630, -0.892924, 0.064029,
		-0.005364, -0.068859, -0.997612,
		25.904211, 34.326294, 52.099854>
	pigment { color rgbt <0,1,1,0> }
	no_shadow
}
cylinder {
	<26.305538, 33.679413, 52.631401>,  <25.907967, 34.374493, 52.798180>, 0.130000
	pigment { color rgbt <0,1,0,0> }
	no_shadow
}

// nucleotide -1

// particle -1
sphere {
	<26.305538, 33.679413, 52.631401> 0.250000
	pigment { color rgbt <0,1,0,0> }
	no_shadow
}
cylinder {
	<26.295696, 33.870678, 52.280231>,  <26.289791, 33.985439, 52.069530>, 0.100000
	pigment { color rgbt <0,1,0,0> }
	no_shadow
}
cylinder {
	<26.295696, 33.870678, 52.280231>,  <26.305538, 33.679413, 52.631401>, 0.100000
	pigment { color rgbt <0,1,0,0> }
	no_shadow
}

// particle -1
sphere {
	<26.295696, 33.870678, 52.280231> 0.100000
	pigment { color rgbt <0,1,0,0> }
	no_shadow
}
sphere {
	0, 1
	scale<0.080000,0.200000,0.300000>
	matrix <0.925137, -0.321900, -0.201253,
		-0.378836, -0.817153, -0.434448,
		-0.024605, 0.478166, -0.877925,
		26.288315, 34.014126, 52.016853>
	pigment { color rgbt <0,1,1,0> }
	no_shadow
}
cylinder {
	<26.409016, 33.159088, 52.153400>,  <26.305538, 33.679413, 52.631401>, 0.130000
	pigment { color rgbt <0,1,0,0> }
	no_shadow
}

// nucleotide -1

// particle -1
sphere {
	<26.409016, 33.159088, 52.153400> 0.250000
	pigment { color rgbt <0,1,0,0> }
	no_shadow
}
cylinder {
	<26.517141, 33.514706, 52.005600>,  <26.582016, 33.728077, 51.916920>, 0.100000
	pigment { color rgbt <0,1,0,0> }
	no_shadow
}
cylinder {
	<26.517141, 33.514706, 52.005600>,  <26.409016, 33.159088, 52.153400>, 0.100000
	pigment { color rgbt <0,1,0,0> }
	no_shadow
}

// particle -1
sphere {
	<26.517141, 33.514706, 52.005600> 0.100000
	pigment { color rgbt <0,1,0,0> }
	no_shadow
}
sphere {
	0, 1
	scale<0.080000,0.200000,0.300000>
	matrix <0.941512, -0.324308, -0.091537,
		-0.201211, -0.323142, -0.924713,
		0.270313, 0.889046, -0.369497,
		26.598234, 33.781418, 51.894753>
	pigment { color rgbt <0,1,1,0> }
	no_shadow
}
cylinder {
	<26.824543, 33.077351, 51.499149>,  <26.409016, 33.159088, 52.153400>, 0.130000
	pigment { color rgbt <0,1,0,0> }
	no_shadow
}

// nucleotide -1

// particle -1
sphere {
	<26.824543, 33.077351, 51.499149> 0.250000
	pigment { color rgbt <0,1,0,0> }
	no_shadow
}
cylinder {
	<26.902157, 33.456650, 51.599686>,  <26.948725, 33.684231, 51.660007>, 0.100000
	pigment { color rgbt <0,1,0,0> }
	no_shadow
}
cylinder {
	<26.902157, 33.456650, 51.599686>,  <26.824543, 33.077351, 51.499149>, 0.100000
	pigment { color rgbt <0,1,0,0> }
	no_shadow
}

// particle -1
sphere {
	<26.902157, 33.456650, 51.599686> 0.100000
	pigment { color rgbt <0,1,0,0> }
	no_shadow
}
sphere {
	0, 1
	scale<0.080000,0.200000,0.300000>
	matrix <0.975934, -0.160598, -0.147513,
		-0.099514, 0.273918, -0.956591,
		0.194033, 0.948250, 0.251344,
		26.960367, 33.741123, 51.675087>
	pigment { color rgbt <0,1,1,0> }
	no_shadow
}
cylinder {
	<27.094656, 33.448029, 50.919506>,  <26.824543, 33.077351, 51.499149>, 0.130000
	pigment { color rgbt <0,1,0,0> }
	no_shadow
}

// nucleotide -1

// particle -1
sphere {
	<27.094656, 33.448029, 50.919506> 0.250000
	pigment { color rgbt <0,1,0,0> }
	no_shadow
}
cylinder {
	<27.215345, 33.658390, 51.237595>,  <27.287760, 33.784607, 51.428448>, 0.100000
	pigment { color rgbt <0,1,0,0> }
	no_shadow
}
cylinder {
	<27.215345, 33.658390, 51.237595>,  <27.094656, 33.448029, 50.919506>, 0.100000
	pigment { color rgbt <0,1,0,0> }
	no_shadow
}

// particle -1
sphere {
	<27.215345, 33.658390, 51.237595> 0.100000
	pigment { color rgbt <0,1,0,0> }
	no_shadow
}
sphere {
	0, 1
	scale<0.080000,0.200000,0.300000>
	matrix <0.914068, 0.077521, -0.398082,
		-0.271001, 0.847002, -0.457325,
		0.301724, 0.525907, 0.795226,
		27.305862, 33.816162, 51.476162>
	pigment { color rgbt <0,1,1,0> }
	no_shadow
}
cylinder {
	<27.356131, 33.946083, 50.673073>,  <27.094656, 33.448029, 50.919506>, 0.130000
	pigment { color rgbt <0,1,0,0> }
	no_shadow
}

// nucleotide -1

// particle -1
sphere {
	<27.356131, 33.946083, 50.673073> 0.250000
	pigment { color rgbt <0,1,0,0> }
	no_shadow
}
cylinder {
	<27.534605, 33.947659, 51.031044>,  <27.641689, 33.948605, 51.245827>, 0.100000
	pigment { color rgbt <0,1,0,0> }
	no_shadow
}
cylinder {
	<27.534605, 33.947659, 51.031044>,  <27.356131, 33.946083, 50.673073>, 0.100000
	pigment { color rgbt <0,1,0,0> }
	no_shadow
}

// particle -1
sphere {
	<27.534605, 33.947659, 51.031044> 0.100000
	pigment { color rgbt <0,1,0,0> }
	no_shadow
}
sphere {
	0, 1
	scale<0.080000,0.200000,0.300000>
	matrix <0.887156, 0.129666, -0.442879,
		-0.117785, 0.991550, 0.054364,
		0.446186, 0.003935, 0.894932,
		27.668461, 33.948837, 51.299522>
	pigment { color rgbt <0,1,1,0> }
	no_shadow
}
cylinder {
	<27.785582, 34.630978, 50.688808>,  <27.356131, 33.946083, 50.673073>, 0.130000
	pigment { color rgbt <0,1,0,0> }
	no_shadow
}

// nucleotide -1

// particle -1
sphere {
	<27.785582, 34.630978, 50.688808> 0.250000
	pigment { color rgbt <0,1,0,0> }
	no_shadow
}
cylinder {
	<27.937784, 34.388947, 50.968552>,  <28.029106, 34.243729, 51.136398>, 0.100000
	pigment { color rgbt <0,1,0,0> }
	no_shadow
}
cylinder {
	<27.937784, 34.388947, 50.968552>,  <27.785582, 34.630978, 50.688808>, 0.100000
	pigment { color rgbt <0,1,0,0> }
	no_shadow
}

// particle -1
sphere {
	<27.937784, 34.388947, 50.968552> 0.100000
	pigment { color rgbt <0,1,0,0> }
	no_shadow
}
sphere {
	0, 1
	scale<0.080000,0.200000,0.300000>
	matrix <0.910017, 0.379571, -0.166720,
		-0.164576, 0.699863, 0.695059,
		0.380505, -0.605077, 0.699355,
		28.051935, 34.207424, 51.178360>
	pigment { color rgbt <0,1,1,0> }
	no_shadow
}
cylinder {
	<28.249310, 35.058414, 51.066261>,  <27.785582, 34.630978, 50.688808>, 0.130000
	pigment { color rgbt <0,1,0,0> }
	no_shadow
}

// nucleotide -1

// particle -1
sphere {
	<28.249310, 35.058414, 51.066261> 0.250000
	pigment { color rgbt <0,1,0,0> }
	no_shadow
}
cylinder {
	<28.365828, 34.686340, 51.155609>,  <28.435738, 34.463097, 51.209217>, 0.100000
	pigment { color rgbt <0,1,0,0> }
	no_shadow
}
cylinder {
	<28.365828, 34.686340, 51.155609>,  <28.249310, 35.058414, 51.066261>, 0.100000
	pigment { color rgbt <0,1,0,0> }
	no_shadow
}

// particle -1
sphere {
	<28.365828, 34.686340, 51.155609> 0.100000
	pigment { color rgbt <0,1,0,0> }
	no_shadow
}
sphere {
	0, 1
	scale<0.080000,0.200000,0.300000>
	matrix <0.955282, 0.270435, -0.119591,
		0.050835, 0.248217, 0.967370,
		0.291295, -0.930190, 0.223369,
		28.453217, 34.407284, 51.222618>
	pigment { color rgbt <0,1,1,0> }
	no_shadow
}
cylinder {
	<28.735079, 35.108063, 51.563171>,  <28.249310, 35.058414, 51.066261>, 0.130000
	pigment { color rgbt <0,1,0,0> }
	no_shadow
}

// nucleotide -1

// particle -1
sphere {
	<28.735079, 35.108063, 51.563171> 0.250000
	pigment { color rgbt <0,1,0,0> }
	no_shadow
}
cylinder {
	<28.788918, 34.757561, 51.378105>,  <28.821220, 34.547260, 51.267067>, 0.100000
	pigment { color rgbt <0,1,0,0> }
	no_shadow
}
cylinder {
	<28.788918, 34.757561, 51.378105>,  <28.735079, 35.108063, 51.563171>, 0.100000
	pigment { color rgbt <0,1,0,0> }
	no_shadow
}

// particle -1
sphere {
	<28.788918, 34.757561, 51.378105> 0.100000
	pigment { color rgbt <0,1,0,0> }
	no_shadow
}
sphere {
	0, 1
	scale<0.080000,0.200000,0.300000>
	matrix <0.980243, 0.186041, -0.067180,
		0.144942, -0.444481, 0.883985,
		0.134597, -0.876257, -0.462664,
		28.829296, 34.494682, 51.239307>
	pigment { color rgbt <0,1,1,0> }
	no_shadow
}
cylinder {
	<29.333447, 34.911469, 51.790974>,  <28.735079, 35.108063, 51.563171>, 0.130000
	pigment { color rgbt <0,1,0,0> }
	no_shadow
}

// nucleotide -1

// particle -1
sphere {
	<29.333447, 34.911469, 51.790974> 0.250000
	pigment { color rgbt <0,1,0,0> }
	no_shadow
}
cylinder {
	<29.314610, 34.637451, 51.500183>,  <29.303307, 34.473042, 51.325710>, 0.100000
	pigment { color rgbt <0,1,0,0> }
	no_shadow
}
cylinder {
	<29.314610, 34.637451, 51.500183>,  <29.333447, 34.911469, 51.790974>, 0.100000
	pigment { color rgbt <0,1,0,0> }
	no_shadow
}

// particle -1
sphere {
	<29.314610, 34.637451, 51.500183> 0.100000
	pigment { color rgbt <0,1,0,0> }
	no_shadow
}
sphere {
	0, 1
	scale<0.080000,0.200000,0.300000>
	matrix <0.996114, 0.022012, -0.085270,
		0.074416, -0.728167, 0.681348,
		-0.047093, -0.685046, -0.726976,
		29.300482, 34.431938, 51.282089>
	pigment { color rgbt <0,1,1,0> }
	no_shadow
}
cylinder {
	<29.813105, 34.365883, 52.010422>,  <29.333447, 34.911469, 51.790974>, 0.130000
	pigment { color rgbt <0,1,0,0> }
	no_shadow
}

// nucleotide -1

// particle -1
sphere {
	<29.813105, 34.365883, 52.010422> 0.250000
	pigment { color rgbt <0,1,0,0> }
	no_shadow
}
cylinder {
	<29.744780, 34.331394, 51.617813>,  <29.703785, 34.310703, 51.382248>, 0.100000
	pigment { color rgbt <0,1,0,0> }
	no_shadow
}
cylinder {
	<29.744780, 34.331394, 51.617813>,  <29.813105, 34.365883, 52.010422>, 0.100000
	pigment { color rgbt <0,1,0,0> }
	no_shadow
}

// particle -1
sphere {
	<29.744780, 34.331394, 51.617813> 0.100000
	pigment { color rgbt <0,1,0,0> }
	no_shadow
}
sphere {
	0, 1
	scale<0.080000,0.200000,0.300000>
	matrix <0.960980, 0.205401, -0.185280,
		0.217581, -0.974873, 0.047768,
		-0.170813, -0.086217, -0.981524,
		29.693535, 34.305531, 51.323357>
	pigment { color rgbt <0,1,1,0> }
	no_shadow
}
cylinder {
	<30.316893, 33.989658, 51.755684>,  <29.813105, 34.365883, 52.010422>, 0.130000
	pigment { color rgbt <0,1,0,0> }
	no_shadow
}

// nucleotide -1

// particle -1
sphere {
	<30.316893, 33.989658, 51.755684> 0.250000
	pigment { color rgbt <0,1,0,0> }
	no_shadow
}
cylinder {
	<30.213129, 34.142139, 51.400742>,  <30.150871, 34.233627, 51.187778>, 0.100000
	pigment { color rgbt <0,1,0,0> }
	no_shadow
}
cylinder {
	<30.213129, 34.142139, 51.400742>,  <30.316893, 33.989658, 51.755684>, 0.100000
	pigment { color rgbt <0,1,0,0> }
	no_shadow
}

// particle -1
sphere {
	<30.213129, 34.142139, 51.400742> 0.100000
	pigment { color rgbt <0,1,0,0> }
	no_shadow
}
sphere {
	0, 1
	scale<0.080000,0.200000,0.300000>
	matrix <0.964045, 0.157059, -0.214360,
		0.057652, -0.911054, -0.408237,
		-0.259411, 0.381200, -0.887351,
		30.135305, 34.256500, 51.134537>
	pigment { color rgbt <0,1,1,0> }
	no_shadow
}
cylinder {
	<30.794350, 33.700577, 51.290253>,  <30.316893, 33.989658, 51.755684>, 0.130000
	pigment { color rgbt <0,1,0,0> }
	no_shadow
}

// nucleotide -1

// particle -1
sphere {
	<30.794350, 33.700577, 51.290253> 0.250000
	pigment { color rgbt <0,1,0,0> }
	no_shadow
}
cylinder {
	<30.649910, 34.015564, 51.090450>,  <30.563246, 34.204556, 50.970570>, 0.100000
	pigment { color rgbt <0,1,0,0> }
	no_shadow
}
cylinder {
	<30.649910, 34.015564, 51.090450>,  <30.794350, 33.700577, 51.290253>, 0.100000
	pigment { color rgbt <0,1,0,0> }
	no_shadow
}

// particle -1
sphere {
	<30.649910, 34.015564, 51.090450> 0.100000
	pigment { color rgbt <0,1,0,0> }
	no_shadow
}
sphere {
	0, 1
	scale<0.080000,0.200000,0.300000>
	matrix <0.928276, 0.252448, -0.273082,
		-0.088945, -0.562285, -0.822146,
		-0.361099, 0.787468, -0.499501,
		30.541580, 34.251804, 50.940601>
	pigment { color rgbt <0,1,1,0> }
	no_shadow
}
cylinder {
	<31.025579, 33.603214, 50.662884>,  <30.794350, 33.700577, 51.290253>, 0.130000
	pigment { color rgbt <0,1,0,0> }
	no_shadow
}

// nucleotide -1

// particle -1
sphere {
	<31.025579, 33.603214, 50.662884> 0.250000
	pigment { color rgbt <0,1,0,0> }
	no_shadow
}
cylinder {
	<30.953146, 33.995255, 50.695419>,  <30.909685, 34.230476, 50.714939>, 0.100000
	pigment { color rgbt <0,1,0,0> }
	no_shadow
}
cylinder {
	<30.953146, 33.995255, 50.695419>,  <31.025579, 33.603214, 50.662884>, 0.100000
	pigment { color rgbt <0,1,0,0> }
	no_shadow
}

// particle -1
sphere {
	<30.953146, 33.995255, 50.695419> 0.100000
	pigment { color rgbt <0,1,0,0> }
	no_shadow
}
sphere {
	0, 1
	scale<0.080000,0.200000,0.300000>
	matrix <0.945869, 0.196213, -0.258520,
		-0.269334, 0.030119, -0.962576,
		-0.181084, 0.980099, 0.081335,
		30.898821, 34.289284, 50.719818>
	pigment { color rgbt <0,1,1,0> }
	no_shadow
}
cylinder {
	<31.148352, 33.833477, 50.057602>,  <31.025579, 33.603214, 50.662884>, 0.130000
	pigment { color rgbt <0,1,0,0> }
	no_shadow
}

// nucleotide -1

// particle -1
sphere {
	<31.148352, 33.833477, 50.057602> 0.250000
	pigment { color rgbt <0,1,0,0> }
	no_shadow
}
cylinder {
	<31.185976, 34.152767, 50.295586>,  <31.208549, 34.344341, 50.438377>, 0.100000
	pigment { color rgbt <0,1,0,0> }
	no_shadow
}
cylinder {
	<31.185976, 34.152767, 50.295586>,  <31.148352, 33.833477, 50.057602>, 0.100000
	pigment { color rgbt <0,1,0,0> }
	no_shadow
}

// particle -1
sphere {
	<31.185976, 34.152767, 50.295586> 0.100000
	pigment { color rgbt <0,1,0,0> }
	no_shadow
}
sphere {
	0, 1
	scale<0.080000,0.200000,0.300000>
	matrix <0.942851, 0.120464, -0.310678,
		-0.319664, 0.590184, -0.741281,
		0.094059, 0.798230, 0.594964,
		31.214193, 34.392235, 50.474075>
	pigment { color rgbt <0,1,1,0> }
	no_shadow
}
cylinder {
	<31.461399, 34.344688, 49.602955>,  <31.148352, 33.833477, 50.057602>, 0.130000
	pigment { color rgbt <0,1,0,0> }
	no_shadow
}

// nucleotide -1

// particle -1
sphere {
	<31.461399, 34.344688, 49.602955> 0.250000
	pigment { color rgbt <0,1,0,0> }
	no_shadow
}
cylinder {
	<31.513294, 34.466122, 49.980526>,  <31.544432, 34.538982, 50.207069>, 0.100000
	pigment { color rgbt <0,1,0,0> }
	no_shadow
}
cylinder {
	<31.513294, 34.466122, 49.980526>,  <31.461399, 34.344688, 49.602955>, 0.100000
	pigment { color rgbt <0,1,0,0> }
	no_shadow
}

// particle -1
sphere {
	<31.513294, 34.466122, 49.980526> 0.100000
	pigment { color rgbt <0,1,0,0> }
	no_shadow
}
sphere {
	0, 1
	scale<0.080000,0.200000,0.300000>
	matrix <0.950693, 0.232363, -0.205402,
		-0.281692, 0.924037, -0.258469,
		0.129740, 0.303585, 0.943930,
		31.552216, 34.557198, 50.263706>
	pigment { color rgbt <0,1,1,0> }
	no_shadow
}
cylinder {
	<31.858051, 34.978790, 49.540497>,  <31.461399, 34.344688, 49.602955>, 0.130000
	pigment { color rgbt <0,1,0,0> }
	no_shadow
}

// nucleotide -1

// particle -1
sphere {
	<31.858051, 34.978790, 49.540497> 0.250000
	pigment { color rgbt <0,1,0,0> }
	no_shadow
}
cylinder {
	<31.931383, 34.834824, 49.906414>,  <31.975382, 34.748444, 50.125965>, 0.100000
	pigment { color rgbt <0,1,0,0> }
	no_shadow
}
cylinder {
	<31.931383, 34.834824, 49.906414>,  <31.858051, 34.978790, 49.540497>, 0.100000
	pigment { color rgbt <0,1,0,0> }
	no_shadow
}

// particle -1
sphere {
	<31.931383, 34.834824, 49.906414> 0.100000
	pigment { color rgbt <0,1,0,0> }
	no_shadow
}
sphere {
	0, 1
	scale<0.080000,0.200000,0.300000>
	matrix <0.981886, 0.112344, -0.152576,
		-0.047857, 0.926194, 0.373997,
		0.183331, -0.359920, 0.914793,
		31.986383, 34.726849, 50.180851>
	pigment { color rgbt <0,1,1,0> }
	no_shadow
}
// strand 2

// nucleotide -1

// particle -1
sphere {
	<23.809742, 35.007149, 34.962193> 0.250000
	pigment { color rgbt <0,0,1,0> }
	no_shadow
}
cylinder {
	<24.174107, 34.908680, 35.094643>,  <24.392725, 34.849598, 35.174110>, 0.100000
	pigment { color rgbt <0,0,1,0> }
	no_shadow
}
cylinder {
	<24.174107, 34.908680, 35.094643>,  <23.809742, 35.007149, 34.962193>, 0.100000
	pigment { color rgbt <0,0,1,0> }
	no_shadow
}

// particle -1
sphere {
	<24.174107, 34.908680, 35.094643> 0.100000
	pigment { color rgbt <0,0,1,0> }
	no_shadow
}
sphere {
	0, 1
	scale<0.080000,0.200000,0.300000>
	matrix <-0.249827, 0.309616, 0.917455,
		-0.328374, -0.918442, 0.220531,
		0.910910, -0.246174, 0.331121,
		24.447380, 34.834827, 35.193977>
	pigment { color rgbt <0,1,1,0> }
	no_shadow
}
cylinder {
	<23.756792, 34.651295, 35.619236>,  <23.809742, 35.007149, 34.962193>, 0.130000
	pigment { color rgbt <0,0,1,0> }
