// switches for output
#declare DRAW_BASES = 1; // possible values are 0, 1; only relevant for DNA ribbons
#declare DRAW_BASES_TYPE = 3; // possible values are 1, 2, 3; only relevant for DNA ribbons
#declare DRAW_FOG = 0; // set to 1 to enable fog

#include "colors.inc"

#include "transforms.inc"
background { rgb <1, 1, 1>}

#default {
   normal{
       ripples 0.25
       frequency 0.20
       turbulence 0.2
       lambda 5
   }
	finish {
		phong 0.1
		phong_size 40.
	}
}

// original window dimensions: 1024x640


// camera settings

camera {
	sky <0, 0.179814, -0.983701>
	up <0, 0.179814, -0.983701>
	right 1.6 * <1, 0, 0>
	location <35, 92.5046, 58.4545>
	look_at <35, 26.874, 46.4577>
	direction <0, -65.6306, -11.9968>
	angle 67.0682
}


# declare cpy_camera_pos = <35, 92.5046, 58.4545>;
# if (DRAW_FOG = 1)
fog {
	fog_type 2
	up vnormalize(cpy_camera_pos)
	color rgbt<1,1,1,0.3>
	distance 1e-5
	fog_alt 3e-3
	fog_offset 56
}
# end


// LIGHTS

# declare lum = 6;
global_settings {
	ambient_light rgb lum * <0.05, 0.05, 0.05>
	max_trace_level 15
}# declare cpy_direct_light_amount = 0.25;
light_source
{	1000 * <-1, -1.16351, -0.803887>,
	rgb lum * cpy_direct_light_amount
	parallel
}

light_source
{	1000 * <1, 1.16351, 0.803887>,
	rgb lum * cpy_direct_light_amount
	parallel
}

// strand 0

// nucleotide -1

// particle -1
sphere {
	<40.421055, 33.505005, 52.164776> 0.250000
	pigment { color rgbt <1,0,0,0> }
	no_shadow
}
cylinder {
	<40.333660, 33.395153, 51.790215>,  <40.281223, 33.329243, 51.565479>, 0.100000
	pigment { color rgbt <1,0,0,0> }
	no_shadow
}
cylinder {
	<40.333660, 33.395153, 51.790215>,  <40.421055, 33.505005, 52.164776>, 0.100000
	pigment { color rgbt <1,0,0,0> }
	no_shadow
}

// particle -1
sphere {
	<40.333660, 33.395153, 51.790215> 0.100000
	pigment { color rgbt <1,0,0,0> }
	no_shadow
}
sphere {
	0, 1
	scale<0.080000,0.200000,0.300000>
	matrix <0.974994, -0.101386, -0.197758,
		-0.040627, -0.956190, 0.289913,
		-0.218488, -0.274629, -0.936398,
		40.268112, 33.312763, 51.509296>
	pigment { color rgbt <0,1,1,0> }
	no_shadow
}
cylinder {
	<40.767696, 33.040642, 52.175278>,  <40.421055, 33.505005, 52.164776>, 0.130000
	pigment { color rgbt <1,0,0,0> }
	no_shadow
}

// nucleotide -1

// particle -1
sphere {
	<40.767696, 33.040642, 52.175278> 0.250000
	pigment { color rgbt <1,0,0,0> }
	no_shadow
}
cylinder {
	<40.699295, 33.125290, 51.790367>,  <40.658257, 33.176079, 51.559422>, 0.100000
	pigment { color rgbt <1,0,0,0> }
	no_shadow
}
cylinder {
	<40.699295, 33.125290, 51.790367>,  <40.767696, 33.040642, 52.175278>, 0.100000
	pigment { color rgbt <1,0,0,0> }
	no_shadow
}

// particle -1
sphere {
	<40.699295, 33.125290, 51.790367> 0.100000
	pigment { color rgbt <1,0,0,0> }
	no_shadow
}
sphere {
	0, 1
	scale<0.080000,0.200000,0.300000>
	matrix <0.984949, 0.061698, -0.161461,
		0.025202, -0.975402, -0.218986,
		-0.171001, 0.211621, -0.962276,
		40.647995, 33.188778, 51.501686>
	pigment { color rgbt <0,1,1,0> }
	no_shadow
}
cylinder {
	<41.131805, 32.585979, 51.844994>,  <40.767696, 33.040642, 52.175278>, 0.130000
	pigment { color rgbt <1,0,0,0> }
	no_shadow
}

// nucleotide -1

// particle -1
sphere {
	<41.131805, 32.585979, 51.844994> 0.250000
	pigment { color rgbt <1,0,0,0> }
	no_shadow
}
cylinder {
	<41.068928, 32.914654, 51.625862>,  <41.031200, 33.111858, 51.494381>, 0.100000
	pigment { color rgbt <1,0,0,0> }
	no_shadow
}
cylinder {
	<41.068928, 32.914654, 51.625862>,  <41.131805, 32.585979, 51.844994>, 0.100000
	pigment { color rgbt <1,0,0,0> }
	no_shadow
}

// particle -1
sphere {
	<41.068928, 32.914654, 51.625862> 0.100000
	pigment { color rgbt <1,0,0,0> }
	no_shadow
}
sphere {
	0, 1
	scale<0.080000,0.200000,0.300000>
	matrix <0.987407, 0.140772, -0.072189,
		0.017803, -0.552280, -0.833469,
		-0.157198, 0.821687, -0.547831,
		41.021767, 33.161160, 51.461514>
	pigment { color rgbt <0,1,1,0> }
	no_shadow
}
cylinder {
	<41.660408, 32.667664, 51.355953>,  <41.131805, 32.585979, 51.844994>, 0.130000
	pigment { color rgbt <1,0,0,0> }
	no_shadow
}

// nucleotide -1

// particle -1
sphere {
	<41.660408, 32.667664, 51.355953> 0.250000
	pigment { color rgbt <1,0,0,0> }
	no_shadow
}
cylinder {
	<41.546150, 33.048706, 51.397789>,  <41.477596, 33.277332, 51.422890>, 0.100000
	pigment { color rgbt <1,0,0,0> }
	no_shadow
}
cylinder {
	<41.546150, 33.048706, 51.397789>,  <41.660408, 32.667664, 51.355953>, 0.100000
	pigment { color rgbt <1,0,0,0> }
	no_shadow
}

// particle -1
sphere {
	<41.546150, 33.048706, 51.397789> 0.100000
	pigment { color rgbt <1,0,0,0> }
	no_shadow
}
sphere {
	0, 1
	scale<0.080000,0.200000,0.300000>
	matrix <0.952059, 0.269613, 0.144544,
		0.109494, 0.140867, -0.983955,
		-0.285649, 0.952610, 0.104592,
		41.460457, 33.334488, 51.429165>
	pigment { color rgbt <0,1,1,0> }
	no_shadow
}
cylinder {
	<42.065334, 33.058949, 50.894615>,  <41.660408, 32.667664, 51.355953>, 0.130000
	pigment { color rgbt <1,0,0,0> }
	no_shadow
}

// nucleotide -1

// particle -1
sphere {
	<42.065334, 33.058949, 50.894615> 0.250000
	pigment { color rgbt <1,0,0,0> }
	no_shadow
}
cylinder {
	<41.915508, 33.336105, 51.141064>,  <41.825615, 33.502399, 51.288933>, 0.100000
	pigment { color rgbt <1,0,0,0> }
	no_shadow
}
cylinder {
	<41.915508, 33.336105, 51.141064>,  <42.065334, 33.058949, 50.894615>, 0.100000
	pigment { color rgbt <1,0,0,0> }
	no_shadow
}

// particle -1
sphere {
	<41.915508, 33.336105, 51.141064> 0.100000
	pigment { color rgbt <1,0,0,0> }
	no_shadow
}
sphere {
	0, 1
	scale<0.080000,0.200000,0.300000>
	matrix <0.889063, 0.457016, 0.026530,
		-0.263196, 0.557708, -0.787204,
		-0.374561, 0.692891, 0.616122,
		41.803139, 33.543972, 51.325901>
	pigment { color rgbt <0,1,1,0> }
	no_shadow
}
cylinder {
	<42.338356, 33.677269, 50.622467>,  <42.065334, 33.058949, 50.894615>, 0.130000
	pigment { color rgbt <1,0,0,0> }
	no_shadow
}

// nucleotide -1

// particle -1
sphere {
	<42.338356, 33.677269, 50.622467> 0.250000
	pigment { color rgbt <1,0,0,0> }
	no_shadow
}
cylinder {
	<42.231274, 33.762852, 50.998245>,  <42.167023, 33.814201, 51.223713>, 0.100000
	pigment { color rgbt <1,0,0,0> }
	no_shadow
}
cylinder {
	<42.231274, 33.762852, 50.998245>,  <42.338356, 33.677269, 50.622467>, 0.100000
	pigment { color rgbt <1,0,0,0> }
	no_shadow
}

// particle -1
sphere {
	<42.231274, 33.762852, 50.998245> 0.100000
	pigment { color rgbt <1,0,0,0> }
	no_shadow
}
sphere {
	0, 1
	scale<0.080000,0.200000,0.300000>
	matrix <0.878199, 0.455286, 0.146562,
		-0.396357, 0.864254, -0.309783,
		-0.267706, 0.213960, 0.939444,
		42.150963, 33.827042, 51.280079>
	pigment { color rgbt <0,1,1,0> }
	no_shadow
}
cylinder {
	<42.495567, 34.332687, 50.688049>,  <42.338356, 33.677269, 50.622467>, 0.130000
	pigment { color rgbt <1,0,0,0> }
	no_shadow
}

// nucleotide -1

// particle -1
sphere {
	<42.495567, 34.332687, 50.688049> 0.250000
	pigment { color rgbt <1,0,0,0> }
	no_shadow
}
cylinder {
	<42.480755, 34.178936, 51.057022>,  <42.471867, 34.086685, 51.278404>, 0.100000
	pigment { color rgbt <1,0,0,0> }
	no_shadow
}
cylinder {
	<42.480755, 34.178936, 51.057022>,  <42.495567, 34.332687, 50.688049>, 0.100000
	pigment { color rgbt <1,0,0,0> }
	no_shadow
}

// particle -1
sphere {
	<42.480755, 34.178936, 51.057022> 0.100000
	pigment { color rgbt <1,0,0,0> }
	no_shadow
}
sphere {
	0, 1
	scale<0.080000,0.200000,0.300000>
	matrix <0.885625, 0.414978, 0.208476,
		-0.462923, 0.824647, 0.325052,
		-0.037029, -0.384383, 0.922431,
		42.469646, 34.063622, 51.333752>
	pigment { color rgbt <0,1,1,0> }
	no_shadow
}
cylinder {
	<42.774334, 34.801682, 51.020641>,  <42.495567, 34.332687, 50.688049>, 0.130000
	pigment { color rgbt <1,0,0,0> }
	no_shadow
}

// nucleotide -1

// particle -1
sphere {
	<42.774334, 34.801682, 51.020641> 0.250000
	pigment { color rgbt <1,0,0,0> }
	no_shadow
}
cylinder {
	<42.792614, 34.497074, 51.279251>,  <42.803581, 34.314308, 51.434418>, 0.100000
	pigment { color rgbt <1,0,0,0> }
	no_shadow
}
cylinder {
	<42.792614, 34.497074, 51.279251>,  <42.774334, 34.801682, 51.020641>, 0.100000
	pigment { color rgbt <1,0,0,0> }
	no_shadow
}

// particle -1
sphere {
	<42.792614, 34.497074, 51.279251> 0.100000
	pigment { color rgbt <1,0,0,0> }
	no_shadow
}
sphere {
	0, 1
	scale<0.080000,0.200000,0.300000>
	matrix <0.852794, 0.366793, 0.371760,
		-0.520244, 0.534366, 0.666183,
		0.045695, -0.761522, 0.646526,
		42.806324, 34.268616, 51.473209>
	pigment { color rgbt <0,1,1,0> }
	no_shadow
}
cylinder {
	<42.847645, 35.055714, 51.678726>,  <42.774334, 34.801682, 51.020641>, 0.130000
	pigment { color rgbt <1,0,0,0> }
	no_shadow
}

// nucleotide -1

// particle -1
sphere {
	<42.847645, 35.055714, 51.678726> 0.250000
	pigment { color rgbt <1,0,0,0> }
	no_shadow
}
cylinder {
	<42.982010, 34.682789, 51.732319>,  <43.062630, 34.459034, 51.764473>, 0.100000
	pigment { color rgbt <1,0,0,0> }
	no_shadow
}
cylinder {
	<42.982010, 34.682789, 51.732319>,  <42.847645, 35.055714, 51.678726>, 0.100000
	pigment { color rgbt <1,0,0,0> }
	no_shadow
}

// particle -1
sphere {
	<42.982010, 34.682789, 51.732319> 0.100000
	pigment { color rgbt <1,0,0,0> }
	no_shadow
}
sphere {
	0, 1
	scale<0.080000,0.200000,0.300000>
	matrix <0.879738, 0.361374, 0.308981,
		-0.336484, 0.014074, 0.941584,
		0.335916, -0.932315, 0.133978,
		43.082783, 34.403095, 51.772511>
	pigment { color rgbt <0,1,1,0> }
	no_shadow
}
cylinder {
	<43.415073, 35.093487, 52.226875>,  <42.847645, 35.055714, 51.678726>, 0.130000
	pigment { color rgbt <1,0,0,0> }
	no_shadow
}

// nucleotide -1

// particle -1
sphere {
	<43.415073, 35.093487, 52.226875> 0.250000
	pigment { color rgbt <1,0,0,0> }
	no_shadow
}
cylinder {
	<43.481647, 34.738831, 52.054287>,  <43.521591, 34.526035, 51.950733>, 0.100000
	pigment { color rgbt <1,0,0,0> }
	no_shadow
}
cylinder {
	<43.481647, 34.738831, 52.054287>,  <43.415073, 35.093487, 52.226875>, 0.100000
	pigment { color rgbt <1,0,0,0> }
	no_shadow
}

// particle -1
sphere {
	<43.481647, 34.738831, 52.054287> 0.100000
	pigment { color rgbt <1,0,0,0> }
	no_shadow
}
sphere {
	0, 1
	scale<0.080000,0.200000,0.300000>
	matrix <0.983782, 0.119634, 0.133641,
		-0.066873, -0.446715, 0.892174,
		0.166434, -0.886642, -0.431470,
		43.531578, 34.472839, 51.924847>
	pigment { color rgbt <0,1,1,0> }
	no_shadow
}
cylinder {
	<43.939667, 34.800179, 52.683327>,  <43.415073, 35.093487, 52.226875>, 0.130000
	pigment { color rgbt <1,0,0,0> }
	no_shadow
}

// nucleotide -1

// particle -1
sphere {
	<43.939667, 34.800179, 52.683327> 0.250000
	pigment { color rgbt <1,0,0,0> }
	no_shadow
}
cylinder {
	<43.938431, 34.634678, 52.319172>,  <43.937691, 34.535378, 52.100677>, 0.100000
	pigment { color rgbt <1,0,0,0> }
	no_shadow
}
cylinder {
	<43.938431, 34.634678, 52.319172>,  <43.939667, 34.800179, 52.683327>, 0.100000
	pigment { color rgbt <1,0,0,0> }
	no_shadow
}

// particle -1
sphere {
	<43.938431, 34.634678, 52.319172> 0.100000
	pigment { color rgbt <1,0,0,0> }
	no_shadow
}
sphere {
	0, 1
	scale<0.080000,0.200000,0.300000>
	matrix <0.986769, 0.146318, -0.069845,
		0.162105, -0.898556, 0.407823,
		-0.003088, -0.413749, -0.910386,
		43.937504, 34.510551, 52.046055>
	pigment { color rgbt <0,1,1,0> }
	no_shadow
}
cylinder {
	<44.507912, 34.392189, 52.709908>,  <43.939667, 34.800179, 52.683327>, 0.130000
	pigment { color rgbt <1,0,0,0> }
	no_shadow
}

// nucleotide -1

// particle -1
sphere {
	<44.507912, 34.392189, 52.709908> 0.250000
	pigment { color rgbt <1,0,0,0> }
	no_shadow
}
cylinder {
	<44.424774, 34.480270, 52.328686>,  <44.374893, 34.533119, 52.099953>, 0.100000
	pigment { color rgbt <1,0,0,0> }
	no_shadow
}
cylinder {
	<44.424774, 34.480270, 52.328686>,  <44.507912, 34.392189, 52.709908>, 0.100000
	pigment { color rgbt <1,0,0,0> }
	no_shadow
}

// particle -1
sphere {
	<44.424774, 34.480270, 52.328686> 0.100000
	pigment { color rgbt <1,0,0,0> }
	no_shadow
}
sphere {
	0, 1
	scale<0.080000,0.200000,0.300000>
	matrix <0.974435, 0.131587, -0.182099,
		0.085310, -0.966537, -0.241926,
		-0.207840, 0.220207, -0.953054,
		44.362423, 34.546333, 52.042770>
	pigment { color rgbt <0,1,1,0> }
	no_shadow
}
cylinder {
	<44.879429, 33.957481, 52.273628>,  <44.507912, 34.392189, 52.709908>, 0.130000
	pigment { color rgbt <1,0,0,0> }
	no_shadow
}

// nucleotide -1

// particle -1
sphere {
	<44.879429, 33.957481, 52.273628> 0.250000
	pigment { color rgbt <1,0,0,0> }
	no_shadow
}
cylinder {
	<44.807274, 34.258530, 52.020321>,  <44.763981, 34.439159, 51.868336>, 0.100000
	pigment { color rgbt <1,0,0,0> }
	no_shadow
}
cylinder {
	<44.807274, 34.258530, 52.020321>,  <44.879429, 33.957481, 52.273628>, 0.100000
	pigment { color rgbt <1,0,0,0> }
	no_shadow
}

// particle -1
sphere {
	<44.807274, 34.258530, 52.020321> 0.100000
	pigment { color rgbt <1,0,0,0> }
	no_shadow
}
sphere {
	0, 1
	scale<0.080000,0.200000,0.300000>
	matrix <0.980501, 0.086550, -0.176431,
		-0.077976, -0.652745, -0.753554,
		-0.180384, 0.752617, -0.633268,
		44.753159, 34.484314, 51.830341>
	pigment { color rgbt <0,1,1,0> }
	no_shadow
}
cylinder {
	<45.314568, 33.864712, 51.652481>,  <44.879429, 33.957481, 52.273628>, 0.130000
	pigment { color rgbt <1,0,0,0> }
	no_shadow
}

// nucleotide -1

// particle -1
sphere {
	<45.314568, 33.864712, 51.652481> 0.250000
	pigment { color rgbt <1,0,0,0> }
	no_shadow
}
cylinder {
	<45.206234, 34.249336, 51.634377>,  <45.141235, 34.480110, 51.623512>, 0.100000
	pigment { color rgbt <1,0,0,0> }
	no_shadow
}
cylinder {
	<45.206234, 34.249336, 51.634377>,  <45.314568, 33.864712, 51.652481>, 0.100000
	pigment { color rgbt <1,0,0,0> }
	no_shadow
}

// particle -1
sphere {
	<45.206234, 34.249336, 51.634377> 0.100000
	pigment { color rgbt <1,0,0,0> }
	no_shadow
}
sphere {
	0, 1
	scale<0.080000,0.200000,0.300000>
	matrix <0.913676, 0.241971, -0.326568,
		-0.303062, -0.129803, -0.944089,
		-0.270831, 0.961562, -0.045266,
		45.124985, 34.537804, 51.620796>
	pigment { color rgbt <0,1,1,0> }
	no_shadow
}
cylinder {
	<45.493641, 34.061131, 51.031464>,  <45.314568, 33.864712, 51.652481>, 0.130000
	pigment { color rgbt <1,0,0,0> }
	no_shadow
}

// nucleotide -1

// particle -1
sphere {
	<45.493641, 34.061131, 51.031464> 0.250000
	pigment { color rgbt <1,0,0,0> }
	no_shadow
}
cylinder {
	<45.453011, 34.396278, 51.245998>,  <45.428635, 34.597366, 51.374718>, 0.100000
	pigment { color rgbt <1,0,0,0> }
	no_shadow
}
cylinder {
	<45.453011, 34.396278, 51.245998>,  <45.493641, 34.061131, 51.031464>, 0.100000
	pigment { color rgbt <1,0,0,0> }
	no_shadow
}

// particle -1
sphere {
	<45.453011, 34.396278, 51.245998> 0.100000
	pigment { color rgbt <1,0,0,0> }
	no_shadow
}
sphere {
	0, 1
	scale<0.080000,0.200000,0.300000>
	matrix <0.901871, 0.305105, -0.305841,
		-0.419894, 0.452640, -0.786642,
		-0.101573, 0.837871, 0.536335,
		45.422539, 34.647640, 51.406898>
	pigment { color rgbt <0,1,1,0> }
	no_shadow
}
cylinder {
	<45.684517, 34.676453, 50.547405>,  <45.493641, 34.061131, 51.031464>, 0.130000
	pigment { color rgbt <1,0,0,0> }
	no_shadow
}

// nucleotide -1

// particle -1
sphere {
	<45.684517, 34.676453, 50.547405> 0.250000
	pigment { color rgbt <1,0,0,0> }
	no_shadow
}
cylinder {
	<45.728901, 34.794586, 50.926975>,  <45.755531, 34.865467, 51.154716>, 0.100000
	pigment { color rgbt <1,0,0,0> }
	no_shadow
}
cylinder {
	<45.728901, 34.794586, 50.926975>,  <45.684517, 34.676453, 50.547405>, 0.100000
	pigment { color rgbt <1,0,0,0> }
	no_shadow
}

// particle -1
sphere {
	<45.728901, 34.794586, 50.926975> 0.100000
	pigment { color rgbt <1,0,0,0> }
	no_shadow
}
sphere {
	0, 1
	scale<0.080000,0.200000,0.300000>
	matrix <0.960039, 0.214991, -0.179174,
		-0.256927, 0.930890, -0.259678,
		0.110963, 0.295335, 0.948928,
		45.762188, 34.883186, 51.211655>
	pigment { color rgbt <0,1,1,0> }
	no_shadow
}
cylinder {
	<46.029747, 35.331741, 50.529732>,  <45.684517, 34.676453, 50.547405>, 0.130000
	pigment { color rgbt <1,0,0,0> }
	no_shadow
}

// nucleotide -1

// particle -1
sphere {
	<46.029747, 35.331741, 50.529732> 0.250000
	pigment { color rgbt <1,0,0,0> }
	no_shadow
}
cylinder {
	<46.087017, 35.227760, 50.911713>,  <46.121380, 35.165371, 51.140900>, 0.100000
	pigment { color rgbt <1,0,0,0> }
	no_shadow
}
cylinder {
	<46.087017, 35.227760, 50.911713>,  <46.029747, 35.331741, 50.529732>, 0.100000
	pigment { color rgbt <1,0,0,0> }
	no_shadow
}

// particle -1
sphere {
	<46.087017, 35.227760, 50.911713> 0.100000
	pigment { color rgbt <1,0,0,0> }
	no_shadow
}
sphere {
	0, 1
	scale<0.080000,0.200000,0.300000>
	matrix <0.943913, 0.325948, -0.052793,
		-0.297539, 0.908946, 0.292041,
		0.143176, -0.259953, 0.954947,
		46.129971, 35.149773, 51.198196>
	pigment { color rgbt <0,1,1,0> }
	no_shadow
}
cylinder {
	<46.377514, 35.882320, 50.917427>,  <46.029747, 35.331741, 50.529732>, 0.130000
	pigment { color rgbt <1,0,0,0> }
	no_shadow
}

// nucleotide -1

// particle -1
sphere {
	<46.377514, 35.882320, 50.917427> 0.250000
	pigment { color rgbt <1,0,0,0> }
	no_shadow
}
cylinder {
	<46.449394, 35.539497, 51.110577>,  <46.492523, 35.333805, 51.226467>, 0.100000
	pigment { color rgbt <1,0,0,0> }
	no_shadow
}
cylinder {
	<46.449394, 35.539497, 51.110577>,  <46.377514, 35.882320, 50.917427>, 0.100000
	pigment { color rgbt <1,0,0,0> }
	no_shadow
}

// particle -1
sphere {
	<46.449394, 35.539497, 51.110577> 0.100000
	pigment { color rgbt <1,0,0,0> }
	no_shadow
}
sphere {
	0, 1
	scale<0.080000,0.200000,0.300000>
	matrix <0.977633, 0.210119, 0.009120,
		-0.109277, 0.470430, 0.875645,
		0.179699, -0.857056, 0.482870,
		46.503304, 35.282379, 51.255436>
	pigment { color rgbt <0,1,1,0> }
	no_shadow
}
cylinder {
	<47.014095, 35.995003, 51.286308>,  <46.377514, 35.882320, 50.917427>, 0.130000
	pigment { color rgbt <1,0,0,0> }
	no_shadow
}

// nucleotide -1

// particle -1
sphere {
	<47.014095, 35.995003, 51.286308> 0.250000
	pigment { color rgbt <1,0,0,0> }
	no_shadow
}
cylinder {
	<46.989605, 35.597385, 51.322380>,  <46.974911, 35.358814, 51.344025>, 0.100000
	pigment { color rgbt <1,0,0,0> }
	no_shadow
}
cylinder {
	<46.989605, 35.597385, 51.322380>,  <47.014095, 35.995003, 51.286308>, 0.100000
	pigment { color rgbt <1,0,0,0> }
	no_shadow
}

// particle -1
sphere {
	<46.989605, 35.597385, 51.322380> 0.100000
	pigment { color rgbt <1,0,0,0> }
	no_shadow
}
sphere {
	0, 1
	scale<0.080000,0.200000,0.300000>
	matrix <0.996561, -0.055831, 0.061231,
		-0.055831, 0.093622, 0.994041,
		-0.061231, -0.994041, 0.090183,
		46.971237, 35.299171, 51.349434>
	pigment { color rgbt <0,1,1,0> }
	no_shadow
}
cylinder {
	<47.452194, 35.819904, 51.945602>,  <47.014095, 35.995003, 51.286308>, 0.130000
	pigment { color rgbt <1,0,0,0> }
	no_shadow
}

// nucleotide -1

// particle -1
sphere {
	<47.452194, 35.819904, 51.945602> 0.250000
	pigment { color rgbt <1,0,0,0> }
	no_shadow
}
cylinder {
	<47.413589, 35.502319, 51.705498>,  <47.390427, 35.311768, 51.561436>, 0.100000
	pigment { color rgbt <1,0,0,0> }
	no_shadow
}
cylinder {
	<47.413589, 35.502319, 51.705498>,  <47.452194, 35.819904, 51.945602>, 0.100000
	pigment { color rgbt <1,0,0,0> }
	no_shadow
}

// particle -1
sphere {
	<47.413589, 35.502319, 51.705498> 0.100000
	pigment { color rgbt <1,0,0,0> }
	no_shadow
}
sphere {
	0, 1
	scale<0.080000,0.200000,0.300000>
	matrix <0.980486, -0.179609, 0.079926,
		-0.171270, -0.580832, 0.795802,
		-0.096510, -0.793961, -0.600259,
		47.384636, 35.264130, 51.525421>
	pigment { color rgbt <0,1,1,0> }
	no_shadow
}
cylinder {
	<47.850208, 35.362206, 52.323879>,  <47.452194, 35.819904, 51.945602>, 0.130000
	pigment { color rgbt <1,0,0,0> }
	no_shadow
}

// nucleotide -1

// particle -1
sphere {
	<47.850208, 35.362206, 52.323879> 0.250000
	pigment { color rgbt <1,0,0,0> }
	no_shadow
}
cylinder {
	<47.755367, 35.176876, 51.982327>,  <47.698463, 35.065678, 51.777393>, 0.100000
	pigment { color rgbt <1,0,0,0> }
	no_shadow
}
cylinder {
	<47.755367, 35.176876, 51.982327>,  <47.850208, 35.362206, 52.323879>, 0.100000
	pigment { color rgbt <1,0,0,0> }
	no_shadow
}

// particle -1
sphere {
	<47.755367, 35.176876, 51.982327> 0.100000
	pigment { color rgbt <1,0,0,0> }
	no_shadow
}
sphere {
	0, 1
	scale<0.080000,0.200000,0.300000>
	matrix <0.891589, -0.452841, -0.001854,
		-0.385813, -0.761751, 0.520465,
		-0.237100, -0.463326, -0.853881,
		47.684238, 35.037880, 51.726162>
	pigment { color rgbt <0,1,1,0> }
	no_shadow
}
// strand 1

// nucleotide -1

// particle -1
sphere {
	<24.256584, 35.088062, 51.672157> 0.250000
	pigment { color rgbt <0,1,0,0> }
	no_shadow
}
cylinder {
	<24.268816, 35.030754, 52.067841>,  <24.276155, 34.996368, 52.305252>, 0.100000
	pigment { color rgbt <0,1,0,0> }
	no_shadow
}
cylinder {
	<24.268816, 35.030754, 52.067841>,  <24.256584, 35.088062, 51.672157>, 0.100000
	pigment { color rgbt <0,1,0,0> }
	no_shadow
}

// particle -1
sphere {
	<24.268816, 35.030754, 52.067841> 0.100000
	pigment { color rgbt <0,1,0,0> }
	no_shadow
}
sphere {
	0, 1
	scale<0.080000,0.200000,0.300000>
	matrix <0.950818, -0.301027, -0.072989,
		0.308237, 0.942792, 0.127015,
		0.030579, -0.143266, 0.989212,
		24.277990, 34.987774, 52.364605>
	pigment { color rgbt <0,1,1,0> }
	no_shadow
}
cylinder {
	<24.766062, 35.546829, 51.874504>,  <24.256584, 35.088062, 51.672157>, 0.130000
	pigment { color rgbt <0,1,0,0> }
	no_shadow
}

// nucleotide -1

// particle -1
sphere {
	<24.766062, 35.546829, 51.874504> 0.250000
	pigment { color rgbt <0,1,0,0> }
	no_shadow
}
cylinder {
	<24.748333, 35.258984, 52.151688>,  <24.737696, 35.086277, 52.317997>, 0.100000
	pigment { color rgbt <0,1,0,0> }
	no_shadow
}
cylinder {
	<24.748333, 35.258984, 52.151688>,  <24.766062, 35.546829, 51.874504>, 0.100000
	pigment { color rgbt <0,1,0,0> }
	no_shadow
}

// particle -1
sphere {
	<24.748333, 35.258984, 52.151688> 0.100000
	pigment { color rgbt <0,1,0,0> }
	no_shadow
}
sphere {
	0, 1
	scale<0.080000,0.200000,0.300000>
	matrix <0.961477, -0.219089, -0.166016,
		0.271287, 0.658908, 0.701601,
		-0.044324, -0.719612, 0.692961,
		24.735035, 35.043098, 52.359577>
	pigment { color rgbt <0,1,1,0> }
	no_shadow
}
cylinder {
	<25.442509, 35.685062, 52.328381>,  <24.766062, 35.546829, 51.874504>, 0.130000
	pigment { color rgbt <0,1,0,0> }
	no_shadow
}

// nucleotide -1

// particle -1
sphere {
	<25.442509, 35.685062, 52.328381> 0.250000
	pigment { color rgbt <0,1,0,0> }
	no_shadow
}
cylinder {
	<25.312336, 35.310646, 52.381927>,  <25.234232, 35.085995, 52.414055>, 0.100000
	pigment { color rgbt <0,1,0,0> }
	no_shadow
}
cylinder {
	<25.312336, 35.310646, 52.381927>,  <25.442509, 35.685062, 52.328381>, 0.100000
	pigment { color rgbt <0,1,0,0> }
	no_shadow
}

// particle -1
sphere {
	<25.312336, 35.310646, 52.381927> 0.100000
	pigment { color rgbt <0,1,0,0> }
	no_shadow
}
sphere {
	0, 1
	scale<0.080000,0.200000,0.300000>
	matrix <0.944861, -0.327377, 0.007837,
		0.036488, 0.129034, 0.990969,
		-0.325432, -0.936042, 0.133864,
		25.214706, 35.029835, 52.422089>
	pigment { color rgbt <0,1,1,0> }
	no_shadow
}
cylinder {
	<25.862608, 35.460644, 52.774059>,  <25.442509, 35.685062, 52.328381>, 0.130000
	pigment { color rgbt <0,1,0,0> }
	no_shadow
}

// nucleotide -1

// particle -1
sphere {
	<25.862608, 35.460644, 52.774059> 0.250000
	pigment { color rgbt <0,1,0,0> }
	no_shadow
}
cylinder {
	<25.711571, 35.124210, 52.619137>,  <25.620949, 34.922352, 52.526184>, 0.100000
	pigment { color rgbt <0,1,0,0> }
	no_shadow
}
cylinder {
	<25.711571, 35.124210, 52.619137>,  <25.862608, 35.460644, 52.774059>, 0.100000
	pigment { color rgbt <0,1,0,0> }
	no_shadow
}

// particle -1
sphere {
	<25.711571, 35.124210, 52.619137> 0.100000
	pigment { color rgbt <0,1,0,0> }
	no_shadow
}
sphere {
	0, 1
	scale<0.080000,0.200000,0.300000>
	matrix <0.905497, -0.422864, 0.035518,
		-0.193651, -0.337292, 0.921267,
		-0.377591, -0.841083, -0.387305,
		25.598293, 34.871887, 52.502945>
	pigment { color rgbt <0,1,1,0> }
	no_shadow
}
cylinder {
	<26.266542, 34.942562, 53.089546>,  <25.862608, 35.460644, 52.774059>, 0.130000
	pigment { color rgbt <0,1,0,0> }
	no_shadow
}

// nucleotide -1

// particle -1
sphere {
	<26.266542, 34.942562, 53.089546> 0.250000
	pigment { color rgbt <0,1,0,0> }
	no_shadow
}
cylinder {
	<26.073481, 34.756447, 52.792751>,  <25.957644, 34.644775, 52.614674>, 0.100000
	pigment { color rgbt <0,1,0,0> }
	no_shadow
}
cylinder {
	<26.073481, 34.756447, 52.792751>,  <26.266542, 34.942562, 53.089546>, 0.100000
	pigment { color rgbt <0,1,0,0> }
	no_shadow
}

// particle -1
sphere {
	<26.073481, 34.756447, 52.792751> 0.100000
	pigment { color rgbt <0,1,0,0> }
	no_shadow
}
sphere {
	0, 1
	scale<0.080000,0.200000,0.300000>
	matrix <0.820727, -0.536005, -0.197750,
		-0.305698, -0.704416, 0.640583,
		-0.482654, -0.465292, -0.741989,
		25.928684, 34.616859, 52.570156>
	pigment { color rgbt <0,1,1,0> }
	no_shadow
}
cylinder {
	<26.288452, 34.252644, 53.246582>,  <26.266542, 34.942562, 53.089546>, 0.130000
	pigment { color rgbt <0,1,0,0> }
	no_shadow
}

// nucleotide -1

// particle -1
sphere {
	<26.288452, 34.252644, 53.246582> 0.250000
	pigment { color rgbt <0,1,0,0> }
	no_shadow
}
cylinder {
	<26.219357, 34.284645, 52.853897>,  <26.177900, 34.303844, 52.618286>, 0.100000
	pigment { color rgbt <0,1,0,0> }
	no_shadow
}
cylinder {
	<26.219357, 34.284645, 52.853897>,  <26.288452, 34.252644, 53.246582>, 0.100000
	pigment { color rgbt <0,1,0,0> }
	no_shadow
}

// particle -1
sphere {
	<26.219357, 34.284645, 52.853897> 0.100000
	pigment { color rgbt <0,1,0,0> }
	no_shadow
}
sphere {
	0, 1
	scale<0.080000,0.200000,0.300000>
	matrix <0.840940, -0.506944, -0.189279,
		-0.512816, -0.858258, 0.020295,
		-0.172739, 0.079999, -0.981714,
		26.167536, 34.308647, 52.559383>
	pigment { color rgbt <0,1,1,0> }
	no_shadow
}
cylinder {
	<26.331604, 33.558971, 52.973927>,  <26.288452, 34.252644, 53.246582>, 0.130000
	pigment { color rgbt <0,1,0,0> }
	no_shadow
}

// nucleotide -1

// particle -1
sphere {
	<26.331604, 33.558971, 52.973927> 0.250000
	pigment { color rgbt <0,1,0,0> }
	no_shadow
}
cylinder {
	<26.415737, 33.830978, 52.692974>,  <26.466217, 33.994183, 52.524403>, 0.100000
	pigment { color rgbt <0,1,0,0> }
	no_shadow
}
cylinder {
	<26.415737, 33.830978, 52.692974>,  <26.331604, 33.558971, 52.973927>, 0.100000
	pigment { color rgbt <0,1,0,0> }
	no_shadow
}

// particle -1
sphere {
	<26.415737, 33.830978, 52.692974> 0.100000
	pigment { color rgbt <0,1,0,0> }
	no_shadow
}
sphere {
	0, 1
	scale<0.080000,0.200000,0.300000>
	matrix <0.881336, -0.442819, -0.164799,
		-0.423093, -0.584368, -0.692464,
		0.210332, 0.680019, -0.702378,
		26.478836, 34.034985, 52.482262>
	pigment { color rgbt <0,1,1,0> }
	no_shadow
}
cylinder {
	<26.859356, 33.227123, 52.634747>,  <26.331604, 33.558971, 52.973927>, 0.130000
	pigment { color rgbt <0,1,0,0> }
	no_shadow
}

// nucleotide -1

// particle -1
sphere {
	<26.859356, 33.227123, 52.634747> 0.250000
	pigment { color rgbt <0,1,0,0> }
	no_shadow
}
cylinder {
	<26.891354, 33.580997, 52.451038>,  <26.910553, 33.793324, 52.340813>, 0.100000
	pigment { color rgbt <0,1,0,0> }
	no_shadow
}
cylinder {
	<26.891354, 33.580997, 52.451038>,  <26.859356, 33.227123, 52.634747>, 0.100000
	pigment { color rgbt <0,1,0,0> }
	no_shadow
}

// particle -1
sphere {
	<26.891354, 33.580997, 52.451038> 0.100000
	pigment { color rgbt <0,1,0,0> }
	no_shadow
}
sphere {
	0, 1
	scale<0.080000,0.200000,0.300000>
	matrix <0.946264, -0.212235, -0.244010,
		-0.313346, -0.415072, -0.854125,
		0.079994, 0.884687, -0.459271,
		26.915352, 33.846405, 52.313255>
	pigment { color rgbt <0,1,1,0> }
	no_shadow
}
cylinder {
	<27.312574, 33.053627, 52.158291>,  <26.859356, 33.227123, 52.634747>, 0.130000
	pigment { color rgbt <0,1,0,0> }
	no_shadow
}

// nucleotide -1

// particle -1
sphere {
	<27.312574, 33.053627, 52.158291> 0.250000
	pigment { color rgbt <0,1,0,0> }
	no_shadow
}
cylinder {
	<27.349871, 33.451878, 52.155731>,  <27.372248, 33.690826, 52.154194>, 0.100000
	pigment { color rgbt <0,1,0,0> }
	no_shadow
}
cylinder {
	<27.349871, 33.451878, 52.155731>,  <27.312574, 33.053627, 52.158291>, 0.100000
	pigment { color rgbt <0,1,0,0> }
	no_shadow
}

// particle -1
sphere {
	<27.349871, 33.451878, 52.155731> 0.100000
	pigment { color rgbt <0,1,0,0> }
	no_shadow
}
sphere {
	0, 1
	scale<0.080000,0.200000,0.300000>
	matrix <0.918280, -0.088477, -0.385919,
		-0.384796, 0.030107, -0.922511,
		0.093240, 0.995623, -0.006399,
		27.377842, 33.750565, 52.153812>
	pigment { color rgbt <0,1,1,0> }
	no_shadow
}
cylinder {
	<27.606102, 33.200531, 51.439640>,  <27.312574, 33.053627, 52.158291>, 0.130000
	pigment { color rgbt <0,1,0,0> }
	no_shadow
}

// nucleotide -1

// particle -1
sphere {
	<27.606102, 33.200531, 51.439640> 0.250000
	pigment { color rgbt <0,1,0,0> }
	no_shadow
}
cylinder {
	<27.686226, 33.511234, 51.678482>,  <27.734301, 33.697655, 51.821785>, 0.100000
	pigment { color rgbt <0,1,0,0> }
	no_shadow
}
cylinder {
	<27.686226, 33.511234, 51.678482>,  <27.606102, 33.200531, 51.439640>, 0.100000
	pigment { color rgbt <0,1,0,0> }
	no_shadow
}

// particle -1
sphere {
	<27.686226, 33.511234, 51.678482> 0.100000
	pigment { color rgbt <0,1,0,0> }
	no_shadow
}
sphere {
	0, 1
	scale<0.080000,0.200000,0.300000>
	matrix <0.933886, 0.032876, -0.356057,
		-0.296199, 0.628945, -0.718814,
		0.200308, 0.776754, 0.597101,
		27.746319, 33.744259, 51.857613>
	pigment { color rgbt <0,1,1,0> }
	no_shadow
}
cylinder {
	<28.008650, 33.712650, 50.967194>,  <27.606102, 33.200531, 51.439640>, 0.130000
	pigment { color rgbt <0,1,0,0> }
	no_shadow
}

// nucleotide -1

// particle -1
sphere {
	<28.008650, 33.712650, 50.967194> 0.250000
	pigment { color rgbt <0,1,0,0> }
	no_shadow
}
cylinder {
	<28.068344, 33.814613, 51.349346>,  <28.104160, 33.875790, 51.578636>, 0.100000
	pigment { color rgbt <0,1,0,0> }
	no_shadow
}
cylinder {
	<28.068344, 33.814613, 51.349346>,  <28.008650, 33.712650, 50.967194>, 0.100000
	pigment { color rgbt <0,1,0,0> }
	no_shadow
}

// particle -1
sphere {
	<28.068344, 33.814613, 51.349346> 0.100000
	pigment { color rgbt <0,1,0,0> }
	no_shadow
}
sphere {
	0, 1
	scale<0.080000,0.200000,0.300000>
	matrix <0.957932, 0.202268, -0.203603,
		-0.245143, 0.945573, -0.214000,
		0.149237, 0.254909, 0.955379,
		28.113115, 33.891087, 51.635960>
	pigment { color rgbt <0,1,1,0> }
	no_shadow
}
cylinder {
	<28.412390, 34.398220, 50.973446>,  <28.008650, 33.712650, 50.967194>, 0.130000
	pigment { color rgbt <0,1,0,0> }
	no_shadow
}

// nucleotide -1

// particle -1
sphere {
	<28.412390, 34.398220, 50.973446> 0.250000
	pigment { color rgbt <0,1,0,0> }
	no_shadow
}
cylinder {
	<28.462662, 34.199230, 51.316776>,  <28.492825, 34.079838, 51.522774>, 0.100000
	pigment { color rgbt <0,1,0,0> }
	no_shadow
}
cylinder {
	<28.462662, 34.199230, 51.316776>,  <28.412390, 34.398220, 50.973446>, 0.100000
	pigment { color rgbt <0,1,0,0> }
	no_shadow
}

// particle -1
sphere {
	<28.462662, 34.199230, 51.316776> 0.100000
	pigment { color rgbt <0,1,0,0> }
	no_shadow
}
sphere {
	0, 1
	scale<0.080000,0.200000,0.300000>
	matrix <0.991749, 0.085057, -0.095918,
		-0.025290, 0.863299, 0.504058,
		0.125680, -0.497473, 0.858327,
		28.500366, 34.049988, 51.574276>
	pigment { color rgbt <0,1,1,0> }
	no_shadow
}
cylinder {
	<28.981560, 34.742355, 51.226105>,  <28.412390, 34.398220, 50.973446>, 0.130000
	pigment { color rgbt <0,1,0,0> }
	no_shadow
}

// nucleotide -1

// particle -1
sphere {
	<28.981560, 34.742355, 51.226105> 0.250000
	pigment { color rgbt <0,1,0,0> }
	no_shadow
}
cylinder {
	<28.976458, 34.382099, 51.399857>,  <28.973396, 34.165947, 51.504108>, 0.100000
	pigment { color rgbt <0,1,0,0> }
	no_shadow
}
cylinder {
	<28.976458, 34.382099, 51.399857>,  <28.981560, 34.742355, 51.226105>, 0.100000
	pigment { color rgbt <0,1,0,0> }
	no_shadow
}

// particle -1
sphere {
	<28.976458, 34.382099, 51.399857> 0.100000
	pigment { color rgbt <0,1,0,0> }
	no_shadow
}
sphere {
	0, 1
	scale<0.080000,0.200000,0.300000>
	matrix <0.997277, -0.043015, -0.059904,
		0.072637, 0.432436, 0.898734,
		-0.012755, -0.900638, 0.434383,
		28.972631, 34.111908, 51.530170>
	pigment { color rgbt <0,1,1,0> }
	no_shadow
}
cylinder {
	<29.431501, 34.806740, 51.724583>,  <28.981560, 34.742355, 51.226105>, 0.130000
	pigment { color rgbt <0,1,0,0> }
	no_shadow
}

// nucleotide -1

// particle -1
sphere {
	<29.431501, 34.806740, 51.724583> 0.250000
	pigment { color rgbt <0,1,0,0> }
	no_shadow
}
cylinder {
	<29.408224, 34.412163, 51.663200>,  <29.394257, 34.175419, 51.626369>, 0.100000
	pigment { color rgbt <0,1,0,0> }
	no_shadow
}
cylinder {
	<29.408224, 34.412163, 51.663200>,  <29.431501, 34.806740, 51.724583>, 0.100000
	pigment { color rgbt <0,1,0,0> }
	no_shadow
}

// particle -1
sphere {
	<29.408224, 34.412163, 51.663200> 0.100000
	pigment { color rgbt <0,1,0,0> }
	no_shadow
}
sphere {
	0, 1
	scale<0.080000,0.200000,0.300000>
	matrix <0.972239, -0.021105, -0.233037,
		0.226639, -0.162756, 0.960284,
		-0.058195, -0.986440, -0.153455,
		29.390766, 34.116230, 51.617165>
	pigment { color rgbt <0,1,1,0> }
	no_shadow
}
cylinder {
	<29.924877, 34.560379, 52.043339>,  <29.431501, 34.806740, 51.724583>, 0.130000
	pigment { color rgbt <0,1,0,0> }
	no_shadow
}

// nucleotide -1

// particle -1
sphere {
	<29.924877, 34.560379, 52.043339> 0.250000
	pigment { color rgbt <0,1,0,0> }
	no_shadow
}
cylinder {
	<29.845842, 34.248150, 51.806137>,  <29.798422, 34.060810, 51.663815>, 0.100000
	pigment { color rgbt <0,1,0,0> }
	no_shadow
}
cylinder {
	<29.845842, 34.248150, 51.806137>,  <29.924877, 34.560379, 52.043339>, 0.100000
	pigment { color rgbt <0,1,0,0> }
	no_shadow
}

// particle -1
sphere {
	<29.845842, 34.248150, 51.806137> 0.100000
	pigment { color rgbt <0,1,0,0> }
	no_shadow
}
sphere {
	0, 1
	scale<0.080000,0.200000,0.300000>
	matrix <0.974910, -0.093210, -0.202143,
		0.102514, -0.618070, 0.779410,
		-0.197588, -0.780577, -0.593008,
		29.786566, 34.013977, 51.628235>
	pigment { color rgbt <0,1,1,0> }
	no_shadow
}
cylinder {
	<30.384113, 34.105038, 52.275829>,  <29.924877, 34.560379, 52.043339>, 0.130000
	pigment { color rgbt <0,1,0,0> }
	no_shadow
}

// nucleotide -1

// particle -1
sphere {
	<30.384113, 34.105038, 52.275829> 0.250000
	pigment { color rgbt <0,1,0,0> }
	no_shadow
}
cylinder {
	<30.290829, 33.960991, 51.914516>,  <30.234858, 33.874561, 51.697727>, 0.100000
	pigment { color rgbt <0,1,0,0> }
	no_shadow
}
cylinder {
	<30.290829, 33.960991, 51.914516>,  <30.384113, 34.105038, 52.275829>, 0.100000
	pigment { color rgbt <0,1,0,0> }
	no_shadow
}

// particle -1
sphere {
	<30.290829, 33.960991, 51.914516> 0.100000
	pigment { color rgbt <0,1,0,0> }
	no_shadow
}
sphere {
	0, 1
	scale<0.080000,0.200000,0.300000>
	matrix <0.972416, -0.082147, -0.218310,
		0.004415, -0.929283, 0.369343,
		-0.233212, -0.360119, -0.903287,
		30.220865, 33.852955, 51.643532>
	pigment { color rgbt <0,1,1,0> }
	no_shadow
}
cylinder {
	<30.832418, 33.427959, 52.207279>,  <30.384113, 34.105038, 52.275829>, 0.130000
	pigment { color rgbt <0,1,0,0> }
	no_shadow
}

// nucleotide -1

// particle -1
sphere {
	<30.832418, 33.427959, 52.207279> 0.250000
	pigment { color rgbt <0,1,0,0> }
	no_shadow
}
cylinder {
	<30.722034, 33.567554, 51.849049>,  <30.655804, 33.651314, 51.634109>, 0.100000
	pigment { color rgbt <0,1,0,0> }
	no_shadow
}
cylinder {
	<30.722034, 33.567554, 51.849049>,  <30.832418, 33.427959, 52.207279>, 0.100000
	pigment { color rgbt <0,1,0,0> }
	no_shadow
}

// particle -1
sphere {
	<30.722034, 33.567554, 51.849049> 0.100000
	pigment { color rgbt <0,1,0,0> }
	no_shadow
}
sphere {
	0, 1
	scale<0.080000,0.200000,0.300000>
	matrix <0.943582, -0.079059, -0.321563,
		-0.183026, -0.933785, -0.307485,
		-0.275961, 0.348992, -0.895573,
		30.639246, 33.672253, 51.580376>
	pigment { color rgbt <0,1,1,0> }
	no_shadow
}
cylinder {
	<31.187445, 33.022114, 51.780300>,  <30.832418, 33.427959, 52.207279>, 0.130000
	pigment { color rgbt <0,1,0,0> }
	no_shadow
}

// nucleotide -1

// particle -1
sphere {
	<31.187445, 33.022114, 51.780300> 0.250000
	pigment { color rgbt <0,1,0,0> }
	no_shadow
}
cylinder {
	<31.092386, 33.349468, 51.571007>,  <31.035351, 33.545879, 51.445431>, 0.100000
	pigment { color rgbt <0,1,0,0> }
	no_shadow
}
cylinder {
	<31.092386, 33.349468, 51.571007>,  <31.187445, 33.022114, 51.780300>, 0.100000
	pigment { color rgbt <0,1,0,0> }
	no_shadow
}

// particle -1
sphere {
	<31.092386, 33.349468, 51.571007> 0.100000
	pigment { color rgbt <0,1,0,0> }
	no_shadow
}
sphere {
	0, 1
	scale<0.080000,0.200000,0.300000>
	matrix <0.932279, 0.040927, -0.359417,
		-0.272727, -0.573212, -0.772689,
		-0.237646, 0.818384, -0.523232,
		31.021091, 33.594982, 51.414036>
	pigment { color rgbt <0,1,1,0> }
	no_shadow
}
cylinder {
	<31.597538, 33.034290, 51.098656>,  <31.187445, 33.022114, 51.780300>, 0.130000
	pigment { color rgbt <0,1,0,0> }
	no_shadow
}

// nucleotide -1

// particle -1
sphere {
	<31.597538, 33.034290, 51.098656> 0.250000
	pigment { color rgbt <0,1,0,0> }
	no_shadow
}
cylinder {
	<31.494007, 33.419106, 51.064034>,  <31.431889, 33.649994, 51.043262>, 0.100000
	pigment { color rgbt <0,1,0,0> }
	no_shadow
}
cylinder {
	<31.494007, 33.419106, 51.064034>,  <31.597538, 33.034290, 51.098656>, 0.100000
	pigment { color rgbt <0,1,0,0> }
	no_shadow
}

// particle -1
sphere {
	<31.494007, 33.419106, 51.064034> 0.100000
	pigment { color rgbt <0,1,0,0> }
	no_shadow
}
sphere {
	0, 1
	scale<0.080000,0.200000,0.300000>
	matrix <0.839112, 0.179562, -0.513467,
		-0.478433, -0.205527, -0.853733,
		-0.258829, 0.962038, -0.086552,
		31.416359, 33.707718, 51.038067>
	pigment { color rgbt <0,1,1,0> }
	no_shadow
}
cylinder {
	<31.573761, 33.144371, 50.401592>,  <31.597538, 33.034290, 51.098656>, 0.130000
	pigment { color rgbt <0,1,0,0> }
	no_shadow
}

// nucleotide -1

// particle -1
sphere {
	<31.573761, 33.144371, 50.401592> 0.250000
	pigment { color rgbt <0,1,0,0> }
	no_shadow
}
cylinder {
	<31.613251, 33.494808, 50.590363>,  <31.636946, 33.705070, 50.703625>, 0.100000
	pigment { color rgbt <0,1,0,0> }
	no_shadow
}
cylinder {
	<31.613251, 33.494808, 50.590363>,  <31.573761, 33.144371, 50.401592>, 0.100000
	pigment { color rgbt <0,1,0,0> }
	no_shadow
}

// particle -1
sphere {
	<31.613251, 33.494808, 50.590363> 0.100000
	pigment { color rgbt <0,1,0,0> }
	no_shadow
}
sphere {
	0, 1
	scale<0.080000,0.200000,0.300000>
	matrix <0.743590, 0.250210, -0.620056,
		-0.661308, 0.412132, -0.626753,
		0.098725, 0.876095, 0.471922,
		31.642868, 33.757637, 50.731937>
	pigment { color rgbt <0,1,1,0> }
	no_shadow
}
cylinder {
	<31.571756, 33.603542, 49.947422>,  <31.573761, 33.144371, 50.401592>, 0.130000
	pigment { color rgbt <0,1,0,0> }
	no_shadow
}

// nucleotide -1

// particle -1
sphere {
	<31.571756, 33.603542, 49.947422> 0.250000
	pigment { color rgbt <0,1,0,0> }
	no_shadow
}
cylinder {
	<31.741262, 33.807678, 50.246750>,  <31.842966, 33.930161, 50.426346>, 0.100000
	pigment { color rgbt <0,1,0,0> }
	no_shadow
}
cylinder {
	<31.741262, 33.807678, 50.246750>,  <31.571756, 33.603542, 49.947422>, 0.100000
	pigment { color rgbt <0,1,0,0> }
	no_shadow
}

// particle -1
sphere {
	<31.741262, 33.807678, 50.246750> 0.100000
	pigment { color rgbt <0,1,0,0> }
	no_shadow
}
sphere {
	0, 1
	scale<0.080000,0.200000,0.300000>
	matrix <0.629257, 0.428373, -0.648485,
		-0.651505, 0.745689, -0.139603,
		0.423766, 0.510337, 0.748317,
		31.868393, 33.960781, 50.471245>
	pigment { color rgbt <0,1,1,0> }
	no_shadow
}
// strand 2

// nucleotide -1

// particle -1
sphere {
	<24.151230, 35.234684, 35.178913> 0.250000
	pigment { color rgbt <0,0,1,0> }
	no_shadow
}
cylinder {
	<24.338690, 34.931614, 34.997234>,  <24.451166, 34.749771, 34.888229>, 0.100000
	pigment { color rgbt <0,0,1,0> }
	no_shadow
}
cylinder {
	<24.338690, 34.931614, 34.997234>,  <24.151230, 35.234684, 35.178913>, 0.100000
	pigment { color rgbt <0,0,1,0> }
	no_shadow
}

// particle -1
sphere {
	<24.338690, 34.931614, 34.997234> 0.100000
	pigment { color rgbt <0,0,1,0> }
	no_shadow
}
sphere {
	0, 1
	scale<0.080000,0.200000,0.300000>
	matrix <0.306858, -0.342509, 0.887990,
		-0.828374, -0.555531, 0.071982,
		0.468652, -0.757676, -0.454194,
		24.479286, 34.704311, 34.860977>
	pigment { color rgbt <0,1,1,0> }
	no_shadow
}
cylinder {
	<23.947186, 34.514236, 35.511986>,  <24.151230, 35.234684, 35.178913>, 0.130000
