// switches for output
#declare DRAW_BASES = 1; // possible values are 0, 1; only relevant for DNA ribbons
#declare DRAW_BASES_TYPE = 3; // possible values are 1, 2, 3; only relevant for DNA ribbons
#declare DRAW_FOG = 0; // set to 1 to enable fog

#include "colors.inc"

#include "transforms.inc"
background { rgb <1, 1, 1>}

#default {
   normal{
       ripples 0.25
       frequency 0.20
       turbulence 0.2
       lambda 5
   }
	finish {
		phong 0.1
		phong_size 40.
	}
}

// original window dimensions: 1024x640


// camera settings

camera {
	sky <0, 0.179814, -0.983701>
	up <0, 0.179814, -0.983701>
	right 1.6 * <1, 0, 0>
	location <35, 92.5046, 58.4545>
	look_at <35, 26.874, 46.4577>
	direction <0, -65.6306, -11.9968>
	angle 67.0682
}


# declare cpy_camera_pos = <35, 92.5046, 58.4545>;
# if (DRAW_FOG = 1)
fog {
	fog_type 2
	up vnormalize(cpy_camera_pos)
	color rgbt<1,1,1,0.3>
	distance 1e-5
	fog_alt 3e-3
	fog_offset 56
}
# end


// LIGHTS

# declare lum = 6;
global_settings {
	ambient_light rgb lum * <0.05, 0.05, 0.05>
	max_trace_level 15
}# declare cpy_direct_light_amount = 0.25;
light_source
{	1000 * <-1, -1.16351, -0.803887>,
	rgb lum * cpy_direct_light_amount
	parallel
}

light_source
{	1000 * <1, 1.16351, 0.803887>,
	rgb lum * cpy_direct_light_amount
	parallel
}

// strand 0

// nucleotide -1

// particle -1
sphere {
	<40.517727, 34.982719, 48.640007> 0.250000
	pigment { color rgbt <1,0,0,0> }
	no_shadow
}
cylinder {
	<40.385677, 34.765923, 48.949135>,  <40.306446, 34.635845, 49.134613>, 0.100000
	pigment { color rgbt <1,0,0,0> }
	no_shadow
}
cylinder {
	<40.385677, 34.765923, 48.949135>,  <40.517727, 34.982719, 48.640007>, 0.100000
	pigment { color rgbt <1,0,0,0> }
	no_shadow
}

// particle -1
sphere {
	<40.385677, 34.765923, 48.949135> 0.100000
	pigment { color rgbt <1,0,0,0> }
	no_shadow
}
sphere {
	0, 1
	scale<0.080000,0.200000,0.300000>
	matrix <0.776485, 0.309610, 0.548828,
		-0.536737, 0.781269, 0.318641,
		-0.330128, -0.541997, 0.772823,
		40.286640, 34.603325, 49.180981>
	pigment { color rgbt <0,1,1,0> }
	no_shadow
}
cylinder {
	<40.557858, 35.444180, 49.264019>,  <40.517727, 34.982719, 48.640007>, 0.130000
	pigment { color rgbt <1,0,0,0> }
	no_shadow
}

// nucleotide -1

// particle -1
sphere {
	<40.557858, 35.444180, 49.264019> 0.250000
	pigment { color rgbt <1,0,0,0> }
	no_shadow
}
cylinder {
	<40.554043, 35.053162, 49.348217>,  <40.551754, 34.818550, 49.398735>, 0.100000
	pigment { color rgbt <1,0,0,0> }
	no_shadow
}
cylinder {
	<40.554043, 35.053162, 49.348217>,  <40.557858, 35.444180, 49.264019>, 0.100000
	pigment { color rgbt <1,0,0,0> }
	no_shadow
}

// particle -1
sphere {
	<40.554043, 35.053162, 49.348217> 0.100000
	pigment { color rgbt <1,0,0,0> }
	no_shadow
}
sphere {
	0, 1
	scale<0.080000,0.200000,0.300000>
	matrix <0.782058, 0.123887, 0.610767,
		-0.623132, 0.170444, 0.763318,
		-0.009536, -0.977548, 0.210496,
		40.551182, 34.759895, 49.411366>
	pigment { color rgbt <0,1,1,0> }
	no_shadow
}
cylinder {
	<40.460499, 35.388020, 49.977074>,  <40.557858, 35.444180, 49.264019>, 0.130000
	pigment { color rgbt <1,0,0,0> }
	no_shadow
}

// nucleotide -1

// particle -1
sphere {
	<40.460499, 35.388020, 49.977074> 0.250000
	pigment { color rgbt <1,0,0,0> }
	no_shadow
}
cylinder {
	<40.626266, 35.045589, 49.853535>,  <40.725727, 34.840130, 49.779411>, 0.100000
	pigment { color rgbt <1,0,0,0> }
	no_shadow
}
cylinder {
	<40.626266, 35.045589, 49.853535>,  <40.460499, 35.388020, 49.977074>, 0.100000
	pigment { color rgbt <1,0,0,0> }
	no_shadow
}

// particle -1
sphere {
	<40.626266, 35.045589, 49.853535> 0.100000
	pigment { color rgbt <1,0,0,0> }
	no_shadow
}
sphere {
	0, 1
	scale<0.080000,0.200000,0.300000>
	matrix <0.674882, 0.061405, 0.735366,
		-0.610565, -0.513188, 0.603198,
		0.414421, -0.856077, -0.308850,
		40.750591, 34.788765, 49.760880>
	pigment { color rgbt <0,1,1,0> }
	no_shadow
}
cylinder {
	<40.757000, 35.081882, 50.558605>,  <40.460499, 35.388020, 49.977074>, 0.130000
	pigment { color rgbt <1,0,0,0> }
	no_shadow
}

// nucleotide -1

// particle -1
sphere {
	<40.757000, 35.081882, 50.558605> 0.250000
	pigment { color rgbt <1,0,0,0> }
	no_shadow
}
cylinder {
	<40.922920, 34.929993, 50.227848>,  <41.022472, 34.838860, 50.029392>, 0.100000
	pigment { color rgbt <1,0,0,0> }
	no_shadow
}
cylinder {
	<40.922920, 34.929993, 50.227848>,  <40.757000, 35.081882, 50.558605>, 0.100000
	pigment { color rgbt <1,0,0,0> }
	no_shadow
}

// particle -1
sphere {
	<40.922920, 34.929993, 50.227848> 0.100000
	pigment { color rgbt <1,0,0,0> }
	no_shadow
}
sphere {
	0, 1
	scale<0.080000,0.200000,0.300000>
	matrix <0.891863, -0.010432, 0.452186,
		-0.180330, -0.925042, 0.334332,
		0.414803, -0.379722, -0.826892,
		41.047359, 34.816078, 49.979782>
	pigment { color rgbt <0,1,1,0> }
	no_shadow
}
cylinder {
	<40.994144, 34.555927, 50.896801>,  <40.757000, 35.081882, 50.558605>, 0.130000
	pigment { color rgbt <1,0,0,0> }
	no_shadow
}

// nucleotide -1

// particle -1
sphere {
	<40.994144, 34.555927, 50.896801> 0.250000
	pigment { color rgbt <1,0,0,0> }
	no_shadow
}
cylinder {
	<41.203739, 34.626568, 50.563515>,  <41.329498, 34.668953, 50.363544>, 0.100000
	pigment { color rgbt <1,0,0,0> }
	no_shadow
}
cylinder {
	<41.203739, 34.626568, 50.563515>,  <40.994144, 34.555927, 50.896801>, 0.100000
	pigment { color rgbt <1,0,0,0> }
	no_shadow
}

// particle -1
sphere {
	<41.203739, 34.626568, 50.563515> 0.100000
	pigment { color rgbt <1,0,0,0> }
	no_shadow
}
sphere {
	0, 1
	scale<0.080000,0.200000,0.300000>
	matrix <0.846834, -0.003336, 0.531848,
		0.091144, -0.984277, -0.151299,
		0.523990, 0.176600, -0.833215,
		41.360935, 34.679546, 50.313549>
	pigment { color rgbt <0,1,1,0> }
	no_shadow
}
cylinder {
	<41.680901, 34.067310, 50.905586>,  <40.994144, 34.555927, 50.896801>, 0.130000
	pigment { color rgbt <1,0,0,0> }
	no_shadow
}

// nucleotide -1

// particle -1
sphere {
	<41.680901, 34.067310, 50.905586> 0.250000
	pigment { color rgbt <1,0,0,0> }
	no_shadow
}
cylinder {
	<41.728142, 34.380650, 50.661484>,  <41.756485, 34.568653, 50.515022>, 0.100000
	pigment { color rgbt <1,0,0,0> }
	no_shadow
}
cylinder {
	<41.728142, 34.380650, 50.661484>,  <41.680901, 34.067310, 50.905586>, 0.100000
	pigment { color rgbt <1,0,0,0> }
	no_shadow
}

// particle -1
sphere {
	<41.728142, 34.380650, 50.661484> 0.100000
	pigment { color rgbt <1,0,0,0> }
	no_shadow
}
sphere {
	0, 1
	scale<0.080000,0.200000,0.300000>
	matrix <0.907860, 0.163796, 0.385955,
		0.402296, -0.599608, -0.691829,
		0.118103, 0.783352, -0.610255,
		41.763573, 34.615654, 50.478409>
	pigment { color rgbt <0,1,1,0> }
	no_shadow
}
cylinder {
	<42.401711, 34.018150, 50.885902>,  <41.680901, 34.067310, 50.905586>, 0.130000
	pigment { color rgbt <1,0,0,0> }
	no_shadow
}

// nucleotide -1

// particle -1
sphere {
	<42.401711, 34.018150, 50.885902> 0.250000
	pigment { color rgbt <1,0,0,0> }
	no_shadow
}
cylinder {
	<42.324287, 34.381687, 50.738094>,  <42.277832, 34.599808, 50.649410>, 0.100000
	pigment { color rgbt <1,0,0,0> }
	no_shadow
}
cylinder {
	<42.324287, 34.381687, 50.738094>,  <42.401711, 34.018150, 50.885902>, 0.100000
	pigment { color rgbt <1,0,0,0> }
	no_shadow
}

// particle -1
sphere {
	<42.324287, 34.381687, 50.738094> 0.100000
	pigment { color rgbt <1,0,0,0> }
	no_shadow
}
sphere {
	0, 1
	scale<0.080000,0.200000,0.300000>
	matrix <0.943569, 0.275614, 0.183613,
		0.268720, -0.313128, -0.910901,
		-0.193562, 0.908839, -0.369521,
		42.266220, 34.654339, 50.627239>
	pigment { color rgbt <0,1,1,0> }
	no_shadow
}
cylinder {
	<42.974827, 34.265583, 50.329884>,  <42.401711, 34.018150, 50.885902>, 0.130000
	pigment { color rgbt <1,0,0,0> }
	no_shadow
}

// nucleotide -1

// particle -1
sphere {
	<42.974827, 34.265583, 50.329884> 0.250000
	pigment { color rgbt <1,0,0,0> }
	no_shadow
}
cylinder {
	<42.800873, 34.602390, 50.457561>,  <42.696503, 34.804474, 50.534168>, 0.100000
	pigment { color rgbt <1,0,0,0> }
	no_shadow
}
cylinder {
	<42.800873, 34.602390, 50.457561>,  <42.974827, 34.265583, 50.329884>, 0.100000
	pigment { color rgbt <1,0,0,0> }
	no_shadow
}

// particle -1
sphere {
	<42.800873, 34.602390, 50.457561> 0.100000
	pigment { color rgbt <1,0,0,0> }
	no_shadow
}
sphere {
	0, 1
	scale<0.080000,0.200000,0.300000>
	matrix <0.900382, 0.401153, 0.168490,
		0.013825, 0.360671, -0.932591,
		-0.434881, 0.842017, 0.319196,
		42.670410, 34.854996, 50.553322>
	pigment { color rgbt <0,1,1,0> }
	no_shadow
}
cylinder {
	<43.454151, 34.732113, 50.201458>,  <42.974827, 34.265583, 50.329884>, 0.130000
	pigment { color rgbt <1,0,0,0> }
	no_shadow
}

// nucleotide -1

// particle -1
sphere {
	<43.454151, 34.732113, 50.201458> 0.250000
	pigment { color rgbt <1,0,0,0> }
	no_shadow
}
cylinder {
	<43.224274, 34.942322, 50.452393>,  <43.086349, 35.068447, 50.602955>, 0.100000
	pigment { color rgbt <1,0,0,0> }
	no_shadow
}
cylinder {
	<43.224274, 34.942322, 50.452393>,  <43.454151, 34.732113, 50.201458>, 0.100000
	pigment { color rgbt <1,0,0,0> }
	no_shadow
}

// particle -1
sphere {
	<43.224274, 34.942322, 50.452393> 0.100000
	pigment { color rgbt <1,0,0,0> }
	no_shadow
}
sphere {
	0, 1
	scale<0.080000,0.200000,0.300000>
	matrix <0.818368, 0.370719, 0.439137,
		-0.001792, 0.765764, -0.643119,
		-0.574692, 0.525521, 0.627341,
		43.051865, 35.099979, 50.640594>
	pigment { color rgbt <0,1,1,0> }
	no_shadow
}
cylinder {
	<43.719677, 35.375797, 50.125652>,  <43.454151, 34.732113, 50.201458>, 0.130000
	pigment { color rgbt <1,0,0,0> }
	no_shadow
}

// nucleotide -1

// particle -1
sphere {
	<43.719677, 35.375797, 50.125652> 0.250000
	pigment { color rgbt <1,0,0,0> }
	no_shadow
}
cylinder {
	<43.514008, 35.397133, 50.468063>,  <43.390606, 35.409935, 50.673512>, 0.100000
	pigment { color rgbt <1,0,0,0> }
	no_shadow
}
cylinder {
	<43.514008, 35.397133, 50.468063>,  <43.719677, 35.375797, 50.125652>, 0.100000
	pigment { color rgbt <1,0,0,0> }
	no_shadow
}

// particle -1
sphere {
	<43.514008, 35.397133, 50.468063> 0.100000
	pigment { color rgbt <1,0,0,0> }
	no_shadow
}
sphere {
	0, 1
	scale<0.080000,0.200000,0.300000>
	matrix <0.788298, 0.422654, 0.447157,
		-0.337953, 0.904720, -0.259363,
		-0.514173, 0.053337, 0.856026,
		43.359756, 35.413136, 50.724873>
	pigment { color rgbt <0,1,1,0> }
	no_shadow
}
cylinder {
	<43.582195, 36.084839, 50.358150>,  <43.719677, 35.375797, 50.125652>, 0.130000
	pigment { color rgbt <1,0,0,0> }
	no_shadow
}

// nucleotide -1

// particle -1
sphere {
	<43.582195, 36.084839, 50.358150> 0.250000
	pigment { color rgbt <1,0,0,0> }
	no_shadow
}
cylinder {
	<43.596085, 35.859215, 50.688152>,  <43.604416, 35.723839, 50.886154>, 0.100000
	pigment { color rgbt <1,0,0,0> }
	no_shadow
}
cylinder {
	<43.596085, 35.859215, 50.688152>,  <43.582195, 36.084839, 50.358150>, 0.100000
	pigment { color rgbt <1,0,0,0> }
	no_shadow
}

// particle -1
sphere {
	<43.596085, 35.859215, 50.688152> 0.100000
	pigment { color rgbt <1,0,0,0> }
	no_shadow
}
sphere {
	0, 1
	scale<0.080000,0.200000,0.300000>
	matrix <0.813281, 0.495716, 0.304696,
		-0.580834, 0.660381, 0.475950,
		0.034720, -0.564059, 0.825004,
		43.606503, 35.689999, 50.935654>
	pigment { color rgbt <0,1,1,0> }
	no_shadow
}
cylinder {
	<44.165455, 36.441917, 50.867489>,  <43.582195, 36.084839, 50.358150>, 0.130000
	pigment { color rgbt <1,0,0,0> }
	no_shadow
}

// nucleotide -1

// particle -1
sphere {
	<44.165455, 36.441917, 50.867489> 0.250000
	pigment { color rgbt <1,0,0,0> }
	no_shadow
}
cylinder {
	<44.102367, 36.088364, 51.043617>,  <44.064514, 35.876232, 51.149296>, 0.100000
	pigment { color rgbt <1,0,0,0> }
	no_shadow
}
cylinder {
	<44.102367, 36.088364, 51.043617>,  <44.165455, 36.441917, 50.867489>, 0.100000
	pigment { color rgbt <1,0,0,0> }
	no_shadow
}

// particle -1
sphere {
	<44.102367, 36.088364, 51.043617> 0.100000
	pigment { color rgbt <1,0,0,0> }
	no_shadow
}
sphere {
	0, 1
	scale<0.080000,0.200000,0.300000>
	matrix <0.790035, 0.154571, 0.593256,
		-0.592427, 0.441433, 0.673919,
		-0.157714, -0.883881, 0.440319,
		44.055054, 35.823200, 51.175713>
	pigment { color rgbt <0,1,1,0> }
	no_shadow
}
cylinder {
	<44.355434, 36.551121, 51.497505>,  <44.165455, 36.441917, 50.867489>, 0.130000
	pigment { color rgbt <1,0,0,0> }
	no_shadow
}

// nucleotide -1

// particle -1
sphere {
	<44.355434, 36.551121, 51.497505> 0.250000
	pigment { color rgbt <1,0,0,0> }
	no_shadow
}
cylinder {
	<44.375248, 36.151642, 51.492592>,  <44.387135, 35.911953, 51.489643>, 0.100000
	pigment { color rgbt <1,0,0,0> }
	no_shadow
}
cylinder {
	<44.375248, 36.151642, 51.492592>,  <44.355434, 36.551121, 51.497505>, 0.100000
	pigment { color rgbt <1,0,0,0> }
	no_shadow
}

// particle -1
sphere {
	<44.375248, 36.151642, 51.492592> 0.100000
	pigment { color rgbt <1,0,0,0> }
	no_shadow
}
sphere {
	0, 1
	scale<0.080000,0.200000,0.300000>
	matrix <0.848113, 0.035563, 0.528620,
		-0.527495, -0.036601, 0.848770,
		0.049532, -0.998697, -0.012282,
		44.390106, 35.852032, 51.488907>
	pigment { color rgbt <0,1,1,0> }
	no_shadow
}
cylinder {
	<44.648384, 36.311459, 52.166603>,  <44.355434, 36.551121, 51.497505>, 0.130000
	pigment { color rgbt <1,0,0,0> }
	no_shadow
}

// nucleotide -1

// particle -1
sphere {
	<44.648384, 36.311459, 52.166603> 0.250000
	pigment { color rgbt <1,0,0,0> }
	no_shadow
}
cylinder {
	<44.695927, 35.982822, 51.943584>,  <44.724453, 35.785641, 51.809772>, 0.100000
	pigment { color rgbt <1,0,0,0> }
	no_shadow
}
cylinder {
	<44.695927, 35.982822, 51.943584>,  <44.648384, 36.311459, 52.166603>, 0.100000
	pigment { color rgbt <1,0,0,0> }
	no_shadow
}

// particle -1
sphere {
	<44.695927, 35.982822, 51.943584> 0.100000
	pigment { color rgbt <1,0,0,0> }
	no_shadow
}
sphere {
	0, 1
	scale<0.080000,0.200000,0.300000>
	matrix <0.919109, -0.121405, 0.374831,
		-0.375647, -0.557001, 0.740701,
		0.118856, -0.821590, -0.557551,
		44.731583, 35.736347, 51.776318>
	pigment { color rgbt <0,1,1,0> }
	no_shadow
}
cylinder {
	<44.884769, 35.867058, 52.613968>,  <44.648384, 36.311459, 52.166603>, 0.130000
	pigment { color rgbt <1,0,0,0> }
	no_shadow
}

// nucleotide -1

// particle -1
sphere {
	<44.884769, 35.867058, 52.613968> 0.250000
	pigment { color rgbt <1,0,0,0> }
	no_shadow
}
cylinder {
	<45.007130, 35.725006, 52.260628>,  <45.080547, 35.639774, 52.048622>, 0.100000
	pigment { color rgbt <1,0,0,0> }
	no_shadow
}
cylinder {
	<45.007130, 35.725006, 52.260628>,  <44.884769, 35.867058, 52.613968>, 0.100000
	pigment { color rgbt <1,0,0,0> }
	no_shadow
}

// particle -1
sphere {
	<45.007130, 35.725006, 52.260628> 0.100000
	pigment { color rgbt <1,0,0,0> }
	no_shadow
}
sphere {
	0, 1
	scale<0.080000,0.200000,0.300000>
	matrix <0.839042, -0.337912, 0.426409,
		-0.449923, -0.871608, 0.194597,
		0.305905, -0.355126, -0.883350,
		45.098900, 35.618469, 51.995621>
	pigment { color rgbt <0,1,1,0> }
	no_shadow
}
cylinder {
	<45.181992, 35.247833, 52.801949>,  <44.884769, 35.867058, 52.613968>, 0.130000
	pigment { color rgbt <1,0,0,0> }
	no_shadow
}

// nucleotide -1

// particle -1
sphere {
	<45.181992, 35.247833, 52.801949> 0.250000
	pigment { color rgbt <1,0,0,0> }
	no_shadow
}
cylinder {
	<45.323452, 35.349068, 52.441753>,  <45.408329, 35.409809, 52.225636>, 0.100000
	pigment { color rgbt <1,0,0,0> }
	no_shadow
}
cylinder {
	<45.323452, 35.349068, 52.441753>,  <45.181992, 35.247833, 52.801949>, 0.100000
	pigment { color rgbt <1,0,0,0> }
	no_shadow
}

// particle -1
sphere {
	<45.323452, 35.349068, 52.441753> 0.100000
	pigment { color rgbt <1,0,0,0> }
	no_shadow
}
sphere {
	0, 1
	scale<0.080000,0.200000,0.300000>
	matrix <0.856715, -0.474069, 0.203221,
		-0.375460, -0.843330, -0.384479,
		0.353652, 0.253088, -0.900487,
		45.429546, 35.424995, 52.171608>
	pigment { color rgbt <0,1,1,0> }
	no_shadow
}
cylinder {
	<45.574654, 34.680256, 52.576092>,  <45.181992, 35.247833, 52.801949>, 0.130000
	pigment { color rgbt <1,0,0,0> }
	no_shadow
}

// nucleotide -1

// particle -1
sphere {
	<45.574654, 34.680256, 52.576092> 0.250000
	pigment { color rgbt <1,0,0,0> }
	no_shadow
}
cylinder {
	<45.722301, 34.976372, 52.351337>,  <45.810890, 35.154041, 52.216484>, 0.100000
	pigment { color rgbt <1,0,0,0> }
	no_shadow
}
cylinder {
	<45.722301, 34.976372, 52.351337>,  <45.574654, 34.680256, 52.576092>, 0.100000
	pigment { color rgbt <1,0,0,0> }
	no_shadow
}

// particle -1
sphere {
	<45.722301, 34.976372, 52.351337> 0.100000
	pigment { color rgbt <1,0,0,0> }
	no_shadow
}
sphere {
	0, 1
	scale<0.080000,0.200000,0.300000>
	matrix <0.901081, -0.433127, 0.021294,
		-0.227604, -0.514165, -0.826941,
		0.369119, 0.740295, -0.561886,
		45.833038, 35.198460, 52.182774>
	pigment { color rgbt <0,1,1,0> }
	no_shadow
}
cylinder {
	<46.060978, 34.345974, 52.102695>,  <45.574654, 34.680256, 52.576092>, 0.130000
	pigment { color rgbt <1,0,0,0> }
	no_shadow
}

// nucleotide -1

// particle -1
sphere {
	<46.060978, 34.345974, 52.102695> 0.250000
	pigment { color rgbt <1,0,0,0> }
	no_shadow
}
cylinder {
	<46.160240, 34.733421, 52.097008>,  <46.219795, 34.965889, 52.093594>, 0.100000
	pigment { color rgbt <1,0,0,0> }
	no_shadow
}
cylinder {
	<46.160240, 34.733421, 52.097008>,  <46.060978, 34.345974, 52.102695>, 0.100000
	pigment { color rgbt <1,0,0,0> }
	no_shadow
}

// particle -1
sphere {
	<46.160240, 34.733421, 52.097008> 0.100000
	pigment { color rgbt <1,0,0,0> }
	no_shadow
}
sphere {
	0, 1
	scale<0.080000,0.200000,0.300000>
	matrix <0.968398, -0.247664, 0.029450,
		0.025004, -0.021077, -0.999465,
		0.248152, 0.968617, -0.014218,
		46.234688, 35.024006, 52.092743>
	pigment { color rgbt <0,1,1,0> }
	no_shadow
}
cylinder {
	<46.584450, 34.344509, 51.663147>,  <46.060978, 34.345974, 52.102695>, 0.130000
	pigment { color rgbt <1,0,0,0> }
	no_shadow
}

// nucleotide -1

// particle -1
sphere {
	<46.584450, 34.344509, 51.663147> 0.250000
	pigment { color rgbt <1,0,0,0> }
	no_shadow
}
cylinder {
	<46.638062, 34.688831, 51.859531>,  <46.670227, 34.895424, 51.977364>, 0.100000
	pigment { color rgbt <1,0,0,0> }
	no_shadow
}
cylinder {
	<46.638062, 34.688831, 51.859531>,  <46.584450, 34.344509, 51.663147>, 0.100000
	pigment { color rgbt <1,0,0,0> }
	no_shadow
}

// particle -1
sphere {
	<46.638062, 34.688831, 51.859531> 0.100000
	pigment { color rgbt <1,0,0,0> }
	no_shadow
}
sphere {
	0, 1
	scale<0.080000,0.200000,0.300000>
	matrix <0.990957, -0.119574, -0.060877,
		0.006304, 0.494686, -0.869049,
		0.134031, 0.860807, 0.490966,
		46.678272, 34.947075, 52.006821>
	pigment { color rgbt <0,1,1,0> }
	no_shadow
}
cylinder {
	<47.147747, 34.675674, 51.299732>,  <46.584450, 34.344509, 51.663147>, 0.130000
	pigment { color rgbt <1,0,0,0> }
	no_shadow
}

// nucleotide -1

// particle -1
sphere {
	<47.147747, 34.675674, 51.299732> 0.250000
	pigment { color rgbt <1,0,0,0> }
	no_shadow
}
cylinder {
	<47.144718, 34.843204, 51.662949>,  <47.142899, 34.943722, 51.880878>, 0.100000
	pigment { color rgbt <1,0,0,0> }
	no_shadow
}
cylinder {
	<47.144718, 34.843204, 51.662949>,  <47.147747, 34.675674, 51.299732>, 0.100000
	pigment { color rgbt <1,0,0,0> }
	no_shadow
}

// particle -1
sphere {
	<47.144718, 34.843204, 51.662949> 0.100000
	pigment { color rgbt <1,0,0,0> }
	no_shadow
}
sphere {
	0, 1
	scale<0.080000,0.200000,0.300000>
	matrix <0.968482, -0.223014, 0.110944,
		0.248970, 0.880258, -0.403931,
		-0.007577, 0.418822, 0.908037,
		47.142445, 34.968849, 51.935360>
	pigment { color rgbt <0,1,1,0> }
	no_shadow
}
cylinder {
	<47.616398, 35.163929, 51.440285>,  <47.147747, 34.675674, 51.299732>, 0.130000
	pigment { color rgbt <1,0,0,0> }
	no_shadow
}

// nucleotide -1

// particle -1
sphere {
	<47.616398, 35.163929, 51.440285> 0.250000
	pigment { color rgbt <1,0,0,0> }
	no_shadow
}
cylinder {
	<47.515503, 34.964924, 51.772274>,  <47.454967, 34.845520, 51.971466>, 0.100000
	pigment { color rgbt <1,0,0,0> }
	no_shadow
}
cylinder {
	<47.515503, 34.964924, 51.772274>,  <47.616398, 35.163929, 51.440285>, 0.100000
	pigment { color rgbt <1,0,0,0> }
	no_shadow
}

// particle -1
sphere {
	<47.515503, 34.964924, 51.772274> 0.100000
	pigment { color rgbt <1,0,0,0> }
	no_shadow
}
sphere {
	0, 1
	scale<0.080000,0.200000,0.300000>
	matrix <0.932173, -0.355095, 0.070435,
		0.259677, 0.791446, 0.553337,
		-0.252233, -0.497515, 0.829974,
		47.439835, 34.815670, 52.021267>
	pigment { color rgbt <0,1,1,0> }
	no_shadow
}
// strand 1

// nucleotide -1

// particle -1
sphere {
	<24.239359, 34.405907, 52.176952> 0.250000
	pigment { color rgbt <0,1,0,0> }
	no_shadow
}
cylinder {
	<24.330927, 34.791595, 52.123466>,  <24.385868, 35.023006, 52.091373>, 0.100000
	pigment { color rgbt <0,1,0,0> }
	no_shadow
}
cylinder {
	<24.330927, 34.791595, 52.123466>,  <24.239359, 34.405907, 52.176952>, 0.100000
	pigment { color rgbt <0,1,0,0> }
	no_shadow
}

// particle -1
sphere {
	<24.330927, 34.791595, 52.123466> 0.100000
	pigment { color rgbt <0,1,0,0> }
	no_shadow
}
sphere {
	0, 1
	scale<0.080000,0.200000,0.300000>
	matrix <0.927956, -0.257653, -0.269281,
		-0.294098, -0.062441, -0.953733,
		0.228918, 0.964218, -0.133718,
		24.399603, 35.080860, 52.083351>
	pigment { color rgbt <0,1,1,0> }
	no_shadow
}
cylinder {
	<24.498819, 34.521446, 51.432590>,  <24.239359, 34.405907, 52.176952>, 0.130000
	pigment { color rgbt <0,1,0,0> }
	no_shadow
}

// nucleotide -1

// particle -1
sphere {
	<24.498819, 34.521446, 51.432590> 0.250000
	pigment { color rgbt <0,1,0,0> }
	no_shadow
}
cylinder {
	<24.641382, 34.778824, 51.703575>,  <24.726919, 34.933250, 51.866165>, 0.100000
	pigment { color rgbt <0,1,0,0> }
	no_shadow
}
cylinder {
	<24.641382, 34.778824, 51.703575>,  <24.498819, 34.521446, 51.432590>, 0.100000
	pigment { color rgbt <0,1,0,0> }
	no_shadow
}

// particle -1
sphere {
	<24.641382, 34.778824, 51.703575> 0.100000
	pigment { color rgbt <0,1,0,0> }
	no_shadow
}
sphere {
	0, 1
	scale<0.080000,0.200000,0.300000>
	matrix <0.917575, -0.104338, -0.383627,
		-0.176155, 0.758352, -0.627591,
		0.356406, 0.643440, 0.677465,
		24.748304, 34.971855, 51.906815>
	pigment { color rgbt <0,1,1,0> }
	no_shadow
}
cylinder {
	<24.734203, 35.145035, 51.036442>,  <24.498819, 34.521446, 51.432590>, 0.130000
	pigment { color rgbt <0,1,0,0> }
	no_shadow
}

// nucleotide -1

// particle -1
sphere {
	<24.734203, 35.145035, 51.036442> 0.250000
	pigment { color rgbt <0,1,0,0> }
	no_shadow
}
cylinder {
	<24.913031, 35.125011, 51.393681>,  <25.020327, 35.112999, 51.608025>, 0.100000
	pigment { color rgbt <0,1,0,0> }
	no_shadow
}
cylinder {
	<24.913031, 35.125011, 51.393681>,  <24.734203, 35.145035, 51.036442>, 0.100000
	pigment { color rgbt <0,1,0,0> }
	no_shadow
}

// particle -1
sphere {
	<24.913031, 35.125011, 51.393681> 0.100000
	pigment { color rgbt <0,1,0,0> }
	no_shadow
}
sphere {
	0, 1
	scale<0.080000,0.200000,0.300000>
	matrix <0.887528, -0.099588, -0.449862,
		0.111461, 0.993769, -0.000096,
		0.447069, -0.050057, 0.893098,
		25.047152, 35.109993, 51.661610>
	pigment { color rgbt <0,1,1,0> }
	no_shadow
}
cylinder {
	<25.467314, 35.236488, 50.823444>,  <24.734203, 35.145035, 51.036442>, 0.130000
	pigment { color rgbt <0,1,0,0> }
	no_shadow
}

// nucleotide -1

// particle -1
sphere {
	<25.467314, 35.236488, 50.823444> 0.250000
	pigment { color rgbt <0,1,0,0> }
	no_shadow
}
cylinder {
	<25.493408, 35.140903, 51.210979>,  <25.509064, 35.083553, 51.443501>, 0.100000
	pigment { color rgbt <0,1,0,0> }
	no_shadow
}
cylinder {
	<25.493408, 35.140903, 51.210979>,  <25.467314, 35.236488, 50.823444>, 0.100000
	pigment { color rgbt <0,1,0,0> }
	no_shadow
}

// particle -1
sphere {
	<25.493408, 35.140903, 51.210979> 0.100000
	pigment { color rgbt <0,1,0,0> }
	no_shadow
}
sphere {
	0, 1
	scale<0.080000,0.200000,0.300000>
	matrix <0.997322, -0.016547, -0.071234,
		0.033054, 0.970887, 0.237247,
		0.065235, -0.238966, 0.968834,
		25.512980, 35.069214, 51.501629>
	pigment { color rgbt <0,1,1,0> }
	no_shadow
}
cylinder {
	<26.137032, 35.670223, 51.050175>,  <25.467314, 35.236488, 50.823444>, 0.130000
	pigment { color rgbt <0,1,0,0> }
	no_shadow
}

// nucleotide -1

// particle -1
sphere {
	<26.137032, 35.670223, 51.050175> 0.250000
	pigment { color rgbt <0,1,0,0> }
	no_shadow
}
cylinder {
	<26.093735, 35.363464, 51.303204>,  <26.067757, 35.179409, 51.455021>, 0.100000
	pigment { color rgbt <0,1,0,0> }
	no_shadow
}
cylinder {
	<26.093735, 35.363464, 51.303204>,  <26.137032, 35.670223, 51.050175>, 0.100000
	pigment { color rgbt <0,1,0,0> }
	no_shadow
}

// particle -1
sphere {
	<26.093735, 35.363464, 51.303204> 0.100000
	pigment { color rgbt <0,1,0,0> }
	no_shadow
}
sphere {
	0, 1
	scale<0.080000,0.200000,0.300000>
	matrix <0.955134, -0.256687, -0.147755,
		0.275686, 0.588199, 0.760276,
		-0.108244, -0.766899, 0.632574,
		26.061262, 35.133396, 51.492977>
	pigment { color rgbt <0,1,1,0> }
	no_shadow
}
cylinder {
	<26.741274, 35.709881, 51.423477>,  <26.137032, 35.670223, 51.050175>, 0.130000
	pigment { color rgbt <0,1,0,0> }
	no_shadow
}

// nucleotide -1

// particle -1
sphere {
	<26.741274, 35.709881, 51.423477> 0.250000
	pigment { color rgbt <0,1,0,0> }
	no_shadow
}
cylinder {
	<26.602169, 35.338017, 51.472118>,  <26.518705, 35.114899, 51.501305>, 0.100000
	pigment { color rgbt <0,1,0,0> }
	no_shadow
}
cylinder {
	<26.602169, 35.338017, 51.472118>,  <26.741274, 35.709881, 51.423477>, 0.100000
	pigment { color rgbt <0,1,0,0> }
	no_shadow
}

// particle -1
sphere {
	<26.602169, 35.338017, 51.472118> 0.100000
	pigment { color rgbt <0,1,0,0> }
	no_shadow
}
sphere {
	0, 1
	scale<0.080000,0.200000,0.300000>
	matrix <0.932819, -0.330014, 0.144707,
		-0.094397, 0.163760, 0.981974,
		-0.347763, -0.929663, 0.121606,
		26.497841, 35.059116, 51.508598>
	pigment { color rgbt <0,1,1,0> }
	no_shadow
}
cylinder {
	<27.163033, 35.471779, 51.993538>,  <26.741274, 35.709881, 51.423477>, 0.130000
	pigment { color rgbt <0,1,0,0> }
	no_shadow
}

// nucleotide -1

// particle -1
sphere {
	<27.163033, 35.471779, 51.993538> 0.250000
	pigment { color rgbt <0,1,0,0> }
	no_shadow
}
cylinder {
	<27.037121, 35.170280, 51.762791>,  <26.961575, 34.989380, 51.624344>, 0.100000
	pigment { color rgbt <0,1,0,0> }
	no_shadow
}
cylinder {
	<27.037121, 35.170280, 51.762791>,  <27.163033, 35.471779, 51.993538>, 0.100000
	pigment { color rgbt <0,1,0,0> }
	no_shadow
}

// particle -1
sphere {
	<27.037121, 35.170280, 51.762791> 0.100000
	pigment { color rgbt <0,1,0,0> }
	no_shadow
}
sphere {
	0, 1
	scale<0.080000,0.200000,0.300000>
	matrix <0.937012, -0.343715, -0.062193,
		-0.151400, -0.560109, 0.814467,
		-0.314779, -0.753749, -0.576867,
		26.942688, 34.944157, 51.589729>
	pigment { color rgbt <0,1,1,0> }
	no_shadow
}
cylinder {
	<27.506962, 34.907604, 52.314877>,  <27.163033, 35.471779, 51.993538>, 0.130000
	pigment { color rgbt <0,1,0,0> }
	no_shadow
}

// nucleotide -1

// particle -1
sphere {
	<27.506962, 34.907604, 52.314877> 0.250000
	pigment { color rgbt <0,1,0,0> }
	no_shadow
}
cylinder {
	<27.384544, 34.835712, 51.940918>,  <27.311094, 34.792576, 51.716541>, 0.100000
	pigment { color rgbt <0,1,0,0> }
	no_shadow
}
cylinder {
	<27.384544, 34.835712, 51.940918>,  <27.506962, 34.907604, 52.314877>, 0.100000
	pigment { color rgbt <0,1,0,0> }
	no_shadow
}

// particle -1
sphere {
	<27.384544, 34.835712, 51.940918> 0.100000
	pigment { color rgbt <0,1,0,0> }
	no_shadow
}
sphere {
	0, 1
	scale<0.080000,0.200000,0.300000>
	matrix <0.945401, -0.172953, -0.276230,
		-0.112047, -0.968393, 0.222847,
		-0.306041, -0.179729, -0.934899,
		27.292732, 34.781796, 51.660450>
	pigment { color rgbt <0,1,1,0> }
	no_shadow
}
cylinder {
	<27.934584, 34.382130, 52.136372>,  <27.506962, 34.907604, 52.314877>, 0.130000
	pigment { color rgbt <0,1,0,0> }
	no_shadow
}

// nucleotide -1

// particle -1
sphere {
	<27.934584, 34.382130, 52.136372> 0.250000
	pigment { color rgbt <0,1,0,0> }
	no_shadow
}
cylinder {
	<27.784515, 34.513084, 51.789486>,  <27.694473, 34.591660, 51.581356>, 0.100000
	pigment { color rgbt <0,1,0,0> }
	no_shadow
}
cylinder {
	<27.784515, 34.513084, 51.789486>,  <27.934584, 34.382130, 52.136372>, 0.100000
	pigment { color rgbt <0,1,0,0> }
	no_shadow
}

// particle -1
sphere {
	<27.784515, 34.513084, 51.789486> 0.100000
	pigment { color rgbt <0,1,0,0> }
	no_shadow
}
sphere {
	0, 1
	scale<0.080000,0.200000,0.300000>
	matrix <0.879391, -0.170127, -0.444666,
		-0.293116, -0.929448, -0.224075,
		-0.375173, 0.327388, -0.867215,
		27.671963, 34.611301, 51.529320>
	pigment { color rgbt <0,1,1,0> }
	no_shadow
}
cylinder {
	<28.222015, 33.931694, 51.766434>,  <27.934584, 34.382130, 52.136372>, 0.130000
	pigment { color rgbt <0,1,0,0> }
	no_shadow
}

// nucleotide -1

// particle -1
sphere {
	<28.222015, 33.931694, 51.766434> 0.250000
	pigment { color rgbt <0,1,0,0> }
	no_shadow
}
cylinder {
	<28.137524, 34.226147, 51.509224>,  <28.086828, 34.402821, 51.354897>, 0.100000
	pigment { color rgbt <0,1,0,0> }
	no_shadow
}
cylinder {
	<28.137524, 34.226147, 51.509224>,  <28.222015, 33.931694, 51.766434>, 0.100000
	pigment { color rgbt <0,1,0,0> }
	no_shadow
}

// particle -1
sphere {
	<28.137524, 34.226147, 51.509224> 0.100000
	pigment { color rgbt <0,1,0,0> }
	no_shadow
}
sphere {
	0, 1
	scale<0.080000,0.200000,0.300000>
	matrix <0.923411, -0.065397, -0.378201,
		-0.320460, -0.673667, -0.665942,
		-0.211231, 0.736136, -0.643028,
		28.074154, 34.446987, 51.316315>
	pigment { color rgbt <0,1,1,0> }
	no_shadow
}
cylinder {
	<28.502260, 33.715580, 51.108749>,  <28.222015, 33.931694, 51.766434>, 0.130000
	pigment { color rgbt <0,1,0,0> }
	no_shadow
}

// nucleotide -1

// particle -1
sphere {
	<28.502260, 33.715580, 51.108749> 0.250000
	pigment { color rgbt <0,1,0,0> }
	no_shadow
}
cylinder {
	<28.476654, 34.113918, 51.082825>,  <28.461290, 34.352921, 51.067268>, 0.100000
	pigment { color rgbt <0,1,0,0> }
	no_shadow
}
cylinder {
	<28.476654, 34.113918, 51.082825>,  <28.502260, 33.715580, 51.108749>, 0.100000
	pigment { color rgbt <0,1,0,0> }
	no_shadow
}

// particle -1
sphere {
	<28.476654, 34.113918, 51.082825> 0.100000
	pigment { color rgbt <0,1,0,0> }
	no_shadow
}
sphere {
	0, 1
	scale<0.080000,0.200000,0.300000>
	matrix <0.923919, 0.034595, -0.381021,
		-0.377194, -0.084273, -0.922292,
		-0.064016, 0.995842, -0.064813,
		28.457449, 34.412670, 51.063381>
	pigment { color rgbt <0,1,1,0> }
	no_shadow
}
cylinder {
	<28.592539, 33.853172, 50.427269>,  <28.502260, 33.715580, 51.108749>, 0.130000
	pigment { color rgbt <0,1,0,0> }
	no_shadow
}

// nucleotide -1

// particle -1
sphere {
	<28.592539, 33.853172, 50.427269> 0.250000
	pigment { color rgbt <0,1,0,0> }
	no_shadow
}
cylinder {
	<28.674135, 34.194981, 50.618347>,  <28.723093, 34.400066, 50.732994>, 0.100000
	pigment { color rgbt <0,1,0,0> }
	no_shadow
}
cylinder {
	<28.674135, 34.194981, 50.618347>,  <28.592539, 33.853172, 50.427269>, 0.100000
	pigment { color rgbt <0,1,0,0> }
	no_shadow
}

// particle -1
sphere {
	<28.674135, 34.194981, 50.618347> 0.100000
	pigment { color rgbt <0,1,0,0> }
	no_shadow
}
sphere {
	0, 1
	scale<0.080000,0.200000,0.300000>
	matrix <0.835800, 0.102047, -0.539467,
		-0.509730, 0.509302, -0.693388,
		0.203993, 0.854516, 0.477691,
		28.735332, 34.451336, 50.761654>
	pigment { color rgbt <0,1,1,0> }
	no_shadow
}
cylinder {
	<28.896278, 34.297062, 49.888287>,  <28.592539, 33.853172, 50.427269>, 0.130000
	pigment { color rgbt <0,1,0,0> }
	no_shadow
}

// nucleotide -1

// particle -1
sphere {
	<28.896278, 34.297062, 49.888287> 0.250000
	pigment { color rgbt <0,1,0,0> }
	no_shadow
}
cylinder {
	<29.002745, 34.437199, 50.247490>,  <29.066624, 34.521282, 50.463013>, 0.100000
	pigment { color rgbt <0,1,0,0> }
	no_shadow
}
cylinder {
	<29.002745, 34.437199, 50.247490>,  <28.896278, 34.297062, 49.888287>, 0.100000
	pigment { color rgbt <0,1,0,0> }
	no_shadow
}

// particle -1
sphere {
	<29.002745, 34.437199, 50.247490> 0.100000
	pigment { color rgbt <0,1,0,0> }
	no_shadow
}
sphere {
	0, 1
	scale<0.080000,0.200000,0.300000>
	matrix <0.951198, 0.055441, -0.303560,
		-0.156136, 0.934979, -0.318489,
		0.266165, 0.350343, 0.898007,
		29.082594, 34.542301, 50.516891>
	pigment { color rgbt <0,1,1,0> }
	no_shadow
}
cylinder {
	<29.240332, 34.840363, 49.687004>,  <28.896278, 34.297062, 49.888287>, 0.130000
	pigment { color rgbt <0,1,0,0> }
	no_shadow
}

// nucleotide -1

// particle -1
sphere {
	<29.240332, 34.840363, 49.687004> 0.250000
	pigment { color rgbt <0,1,0,0> }
	no_shadow
}
cylinder {
	<29.385693, 34.754871, 50.049717>,  <29.472908, 34.703575, 50.267345>, 0.100000
	pigment { color rgbt <0,1,0,0> }
	no_shadow
}
cylinder {
	<29.385693, 34.754871, 50.049717>,  <29.240332, 34.840363, 49.687004>, 0.100000
	pigment { color rgbt <0,1,0,0> }
	no_shadow
}

// particle -1
sphere {
	<29.385693, 34.754871, 50.049717> 0.100000
	pigment { color rgbt <0,1,0,0> }
	no_shadow
}
sphere {
	0, 1
	scale<0.080000,0.200000,0.300000>
	matrix <0.918344, 0.245992, -0.310053,
		-0.156795, 0.945414, 0.285670,
		0.363401, -0.213728, 0.906785,
		29.494713, 34.690754, 50.321754>
	pigment { color rgbt <0,1,1,0> }
	no_shadow
}
cylinder {
	<29.656052, 35.501766, 49.872131>,  <29.240332, 34.840363, 49.687004>, 0.130000
	pigment { color rgbt <0,1,0,0> }
	no_shadow
}

// nucleotide -1

// particle -1
sphere {
	<29.656052, 35.501766, 49.872131> 0.250000
	pigment { color rgbt <0,1,0,0> }
	no_shadow
}
cylinder {
	<29.780735, 35.194405, 50.095703>,  <29.855545, 35.009987, 50.229847>, 0.100000
	pigment { color rgbt <0,1,0,0> }
	no_shadow
}
cylinder {
	<29.780735, 35.194405, 50.095703>,  <29.656052, 35.501766, 49.872131>, 0.100000
	pigment { color rgbt <0,1,0,0> }
	no_shadow
}

// particle -1
sphere {
	<29.780735, 35.194405, 50.095703> 0.100000
	pigment { color rgbt <0,1,0,0> }
	no_shadow
}
sphere {
	0, 1
	scale<0.080000,0.200000,0.300000>
	matrix <0.949350, 0.227299, -0.216957,
		0.039666, 0.598246, 0.800330,
		0.311707, -0.768399, 0.558928,
		29.874247, 34.963886, 50.263382>
	pigment { color rgbt <0,1,1,0> }
	no_shadow
}
cylinder {
	<30.308302, 35.813061, 50.237049>,  <29.656052, 35.501766, 49.872131>, 0.130000
	pigment { color rgbt <0,1,0,0> }
	no_shadow
}

// nucleotide -1

// particle -1
sphere {
	<30.308302, 35.813061, 50.237049> 0.250000
	pigment { color rgbt <0,1,0,0> }
	no_shadow
}
cylinder {
	<30.346037, 35.416569, 50.274075>,  <30.368679, 35.178673, 50.296291>, 0.100000
	pigment { color rgbt <0,1,0,0> }
	no_shadow
}
cylinder {
	<30.346037, 35.416569, 50.274075>,  <30.308302, 35.813061, 50.237049>, 0.100000
	pigment { color rgbt <0,1,0,0> }
	no_shadow
}

// particle -1
sphere {
	<30.346037, 35.416569, 50.274075> 0.100000
	pigment { color rgbt <0,1,0,0> }
	no_shadow
}
sphere {
	0, 1
	scale<0.080000,0.200000,0.300000>
	matrix <0.987545, 0.081416, -0.134632,
		0.125915, 0.104112, 0.986563,
		0.094339, -0.991228, 0.092563,
		30.374338, 35.119202, 50.301842>
	pigment { color rgbt <0,1,1,0> }
	no_shadow
}
cylinder {
	<30.951513, 35.695400, 50.659359>,  <30.308302, 35.813061, 50.237049>, 0.130000
	pigment { color rgbt <0,1,0,0> }
	no_shadow
}

// nucleotide -1

// particle -1
sphere {
	<30.951513, 35.695400, 50.659359> 0.250000
	pigment { color rgbt <0,1,0,0> }
	no_shadow
}
cylinder {
	<30.883463, 35.343277, 50.482220>,  <30.842632, 35.132004, 50.375935>, 0.100000
	pigment { color rgbt <0,1,0,0> }
	no_shadow
}
cylinder {
	<30.883463, 35.343277, 50.482220>,  <30.951513, 35.695400, 50.659359>, 0.100000
	pigment { color rgbt <0,1,0,0> }
	no_shadow
}

// particle -1
sphere {
	<30.883463, 35.343277, 50.482220> 0.100000
	pigment { color rgbt <0,1,0,0> }
	no_shadow
}
sphere {
	0, 1
	scale<0.080000,0.200000,0.300000>
	matrix <0.974517, -0.083622, -0.208142,
		0.146196, -0.466976, 0.872101,
		-0.170124, -0.880307, -0.442851,
		30.832426, 35.079185, 50.349365>
	pigment { color rgbt <0,1,1,0> }
	no_shadow
}
cylinder {
	<31.362999, 35.197533, 51.015099>,  <30.951513, 35.695400, 50.659359>, 0.130000
	pigment { color rgbt <0,1,0,0> }
	no_shadow
}

// nucleotide -1

// particle -1
sphere {
	<31.362999, 35.197533, 51.015099> 0.250000
	pigment { color rgbt <0,1,0,0> }
	no_shadow
}
cylinder {
	<31.318907, 35.063919, 50.640659>,  <31.292452, 34.983753, 50.415997>, 0.100000
	pigment { color rgbt <0,1,0,0> }
	no_shadow
}
cylinder {
	<31.318907, 35.063919, 50.640659>,  <31.362999, 35.197533, 51.015099>, 0.100000
	pigment { color rgbt <0,1,0,0> }
	no_shadow
}

// particle -1
sphere {
	<31.318907, 35.063919, 50.640659> 0.100000
	pigment { color rgbt <0,1,0,0> }
	no_shadow
}
sphere {
	0, 1
	scale<0.080000,0.200000,0.300000>
	matrix <0.988165, -0.137917, -0.067148,
		-0.106674, -0.932418, 0.345280,
		-0.110229, -0.334030, -0.936095,
		31.285837, 34.963711, 50.359833>
	pigment { color rgbt <0,1,1,0> }
	no_shadow
}
cylinder {
	<31.898945, 34.768475, 50.922165>,  <31.362999, 35.197533, 51.015099>, 0.130000
	pigment { color rgbt <0,1,0,0> }
	no_shadow
}

// nucleotide -1

// particle -1
sphere {
	<31.898945, 34.768475, 50.922165> 0.250000
	pigment { color rgbt <0,1,0,0> }
	no_shadow
}
cylinder {
	<31.802525, 34.803524, 50.535545>,  <31.744673, 34.824554, 50.303574>, 0.100000
	pigment { color rgbt <0,1,0,0> }
	no_shadow
}
cylinder {
	<31.802525, 34.803524, 50.535545>,  <31.898945, 34.768475, 50.922165>, 0.100000
	pigment { color rgbt <0,1,0,0> }
	no_shadow
}

// particle -1
sphere {
	<31.802525, 34.803524, 50.535545> 0.100000
	pigment { color rgbt <0,1,0,0> }
	no_shadow
}
sphere {
	0, 1
	scale<0.080000,0.200000,0.300000>
	matrix <0.927394, -0.272760, -0.256013,
		-0.286067, -0.958084, -0.015507,
		-0.241052, 0.087618, -0.966549,
		31.730209, 34.829811, 50.245583>
	pigment { color rgbt <0,1,1,0> }
	no_shadow
}
cylinder {
	<32.077995, 34.114662, 50.631084>,  <31.898945, 34.768475, 50.922165>, 0.130000
	pigment { color rgbt <0,1,0,0> }
	no_shadow
}

// nucleotide -1

// particle -1
sphere {
	<32.077995, 34.114662, 50.631084> 0.250000
	pigment { color rgbt <0,1,0,0> }
	no_shadow
}
cylinder {
	<32.059631, 34.379570, 50.331944>,  <32.048615, 34.538517, 50.152458>, 0.100000
	pigment { color rgbt <0,1,0,0> }
	no_shadow
}
cylinder {
	<32.059631, 34.379570, 50.331944>,  <32.077995, 34.114662, 50.631084>, 0.100000
	pigment { color rgbt <0,1,0,0> }
	no_shadow
}

// particle -1
sphere {
	<32.059631, 34.379570, 50.331944> 0.100000
	pigment { color rgbt <0,1,0,0> }
	no_shadow
}
sphere {
	0, 1
	scale<0.080000,0.200000,0.300000>
	matrix <0.894073, -0.306679, -0.326467,
		-0.445562, -0.683623, -0.578043,
		-0.045907, 0.662274, -0.747854,
		32.045860, 34.578251, 50.107586>
	pigment { color rgbt <0,1,1,0> }
	no_shadow
}
cylinder {
	<32.441917, 33.790741, 50.138680>,  <32.077995, 34.114662, 50.631084>, 0.130000
	pigment { color rgbt <0,1,0,0> }
	no_shadow
}

// nucleotide -1

// particle -1
sphere {
	<32.441917, 33.790741, 50.138680> 0.250000
	pigment { color rgbt <0,1,0,0> }
	no_shadow
}
cylinder {
	<32.441055, 34.167065, 50.003109>,  <32.440536, 34.392860, 49.921768>, 0.100000
	pigment { color rgbt <0,1,0,0> }
	no_shadow
}
cylinder {
	<32.441055, 34.167065, 50.003109>,  <32.441917, 33.790741, 50.138680>, 0.100000
	pigment { color rgbt <0,1,0,0> }
	no_shadow
}

// particle -1
sphere {
	<32.441055, 34.167065, 50.003109> 0.100000
	pigment { color rgbt <0,1,0,0> }
	no_shadow
}
sphere {
	0, 1
	scale<0.080000,0.200000,0.300000>
	matrix <0.977355, -0.069732, -0.199788,
		-0.211596, -0.331682, -0.919355,
		-0.002158, 0.940811, -0.338926,
		32.440407, 34.449306, 49.901432>
	pigment { color rgbt <0,1,1,0> }
	no_shadow
}
// strand 2

// nucleotide -1

// particle -1
sphere {
	<23.947344, 35.361092, 35.027946> 0.250000
	pigment { color rgbt <0,0,1,0> }
	no_shadow
}
cylinder {
	<24.166292, 35.088585, 35.222370>,  <24.297661, 34.925079, 35.339024>, 0.100000
	pigment { color rgbt <0,0,1,0> }
	no_shadow
}
cylinder {
	<24.166292, 35.088585, 35.222370>,  <23.947344, 35.361092, 35.027946>, 0.100000
	pigment { color rgbt <0,0,1,0> }
	no_shadow
}

// particle -1
sphere {
	<24.166292, 35.088585, 35.222370> 0.100000
	pigment { color rgbt <0,0,1,0> }
	no_shadow
}
sphere {
	0, 1
	scale<0.080000,0.200000,0.300000>
	matrix <0.519660, 0.731943, 0.440696,
		-0.656001, 0.011360, 0.754675,
		0.547373, -0.681271, 0.486059,
		24.330503, 34.884205, 35.368187>
	pigment { color rgbt <0,1,1,0> }
	no_shadow
}
cylinder {
	<23.983574, 35.560688, 35.658882>,  <23.947344, 35.361092, 35.027946>, 0.130000
