// switches for output
#declare DRAW_BASES = 1; // possible values are 0, 1; only relevant for DNA ribbons
#declare DRAW_BASES_TYPE = 3; // possible values are 1, 2, 3; only relevant for DNA ribbons
#declare DRAW_FOG = 0; // set to 1 to enable fog

#include "colors.inc"

#include "transforms.inc"
background { rgb <1, 1, 1>}

#default {
   normal{
       ripples 0.25
       frequency 0.20
       turbulence 0.2
       lambda 5
   }
	finish {
		phong 0.1
		phong_size 40.
	}
}

// original window dimensions: 1024x640


// camera settings

camera {
	sky <0, 0.179814, -0.983701>
	up <0, 0.179814, -0.983701>
	right 1.6 * <1, 0, 0>
	location <35, 92.5046, 58.4545>
	look_at <35, 26.874, 46.4577>
	direction <0, -65.6306, -11.9968>
	angle 67.0682
}


# declare cpy_camera_pos = <35, 92.5046, 58.4545>;
# if (DRAW_FOG = 1)
fog {
	fog_type 2
	up vnormalize(cpy_camera_pos)
	color rgbt<1,1,1,0.3>
	distance 1e-5
	fog_alt 3e-3
	fog_offset 56
}
# end


// LIGHTS

# declare lum = 6;
global_settings {
	ambient_light rgb lum * <0.05, 0.05, 0.05>
	max_trace_level 15
}# declare cpy_direct_light_amount = 0.25;
light_source
{	1000 * <-1, -1.16351, -0.803887>,
	rgb lum * cpy_direct_light_amount
	parallel
}

light_source
{	1000 * <1, 1.16351, 0.803887>,
	rgb lum * cpy_direct_light_amount
	parallel
}

// strand 0

// nucleotide -1

// particle -1
sphere {
	<40.018639, 33.126041, 49.538029> 0.250000
	pigment { color rgbt <1,0,0,0> }
	no_shadow
}
cylinder {
	<40.139061, 33.231686, 49.171509>,  <40.211315, 33.295071, 48.951595>, 0.100000
	pigment { color rgbt <1,0,0,0> }
	no_shadow
}
cylinder {
	<40.139061, 33.231686, 49.171509>,  <40.018639, 33.126041, 49.538029>, 0.100000
	pigment { color rgbt <1,0,0,0> }
	no_shadow
}

// particle -1
sphere {
	<40.139061, 33.231686, 49.171509> 0.100000
	pigment { color rgbt <1,0,0,0> }
	no_shadow
}
sphere {
	0, 1
	scale<0.080000,0.200000,0.300000>
	matrix <0.952882, -0.120777, 0.278263,
		-0.037176, -0.956901, -0.288025,
		0.301057, 0.264109, -0.916303,
		40.229378, 33.310917, 48.896618>
	pigment { color rgbt <0,1,1,0> }
	no_shadow
}
cylinder {
	<40.551144, 32.734058, 49.379768>,  <40.018639, 33.126041, 49.538029>, 0.130000
	pigment { color rgbt <1,0,0,0> }
	no_shadow
}

// nucleotide -1

// particle -1
sphere {
	<40.551144, 32.734058, 49.379768> 0.250000
	pigment { color rgbt <1,0,0,0> }
	no_shadow
}
cylinder {
	<40.600868, 33.048573, 49.137680>,  <40.630703, 33.237282, 48.992428>, 0.100000
	pigment { color rgbt <1,0,0,0> }
	no_shadow
}
cylinder {
	<40.600868, 33.048573, 49.137680>,  <40.551144, 32.734058, 49.379768>, 0.100000
	pigment { color rgbt <1,0,0,0> }
	no_shadow
}

// particle -1
sphere {
	<40.600868, 33.048573, 49.137680> 0.100000
	pigment { color rgbt <1,0,0,0> }
	no_shadow
}
sphere {
	0, 1
	scale<0.080000,0.200000,0.300000>
	matrix <0.983412, -0.016431, 0.180643,
		0.132093, -0.617639, -0.775289,
		0.124311, 0.786290, -0.605223,
		40.638161, 33.284458, 48.956112>
	pigment { color rgbt <0,1,1,0> }
	no_shadow
}
cylinder {
	<41.156990, 32.546562, 49.081776>,  <40.551144, 32.734058, 49.379768>, 0.130000
	pigment { color rgbt <1,0,0,0> }
	no_shadow
}

// nucleotide -1

// particle -1
sphere {
	<41.156990, 32.546562, 49.081776> 0.250000
	pigment { color rgbt <1,0,0,0> }
	no_shadow
}
cylinder {
	<41.114902, 32.936810, 49.004730>,  <41.089649, 33.170959, 48.958504>, 0.100000
	pigment { color rgbt <1,0,0,0> }
	no_shadow
}
cylinder {
	<41.114902, 32.936810, 49.004730>,  <41.156990, 32.546562, 49.081776>, 0.100000
	pigment { color rgbt <1,0,0,0> }
	no_shadow
}

// particle -1
sphere {
	<41.114902, 32.936810, 49.004730> 0.100000
	pigment { color rgbt <1,0,0,0> }
	no_shadow
}
sphere {
	0, 1
	scale<0.080000,0.200000,0.300000>
	matrix <0.992063, 0.116385, 0.047599,
		0.068856, -0.186080, -0.980119,
		-0.105214, 0.975617, -0.192617,
		41.083340, 33.229496, 48.946945>
	pigment { color rgbt <0,1,1,0> }
	no_shadow
}
cylinder {
	<41.753326, 32.644329, 48.607128>,  <41.156990, 32.546562, 49.081776>, 0.130000
	pigment { color rgbt <1,0,0,0> }
	no_shadow
}

// nucleotide -1

// particle -1
sphere {
	<41.753326, 32.644329, 48.607128> 0.250000
	pigment { color rgbt <1,0,0,0> }
	no_shadow
}
cylinder {
	<41.618172, 32.992416, 48.750549>,  <41.537079, 33.201267, 48.836601>, 0.100000
	pigment { color rgbt <1,0,0,0> }
	no_shadow
}
cylinder {
	<41.618172, 32.992416, 48.750549>,  <41.753326, 32.644329, 48.607128>, 0.100000
	pigment { color rgbt <1,0,0,0> }
	no_shadow
}

// particle -1
sphere {
	<41.618172, 32.992416, 48.750549> 0.100000
	pigment { color rgbt <1,0,0,0> }
	no_shadow
}
sphere {
	0, 1
	scale<0.080000,0.200000,0.300000>
	matrix <0.925708, 0.376076, -0.040400,
		-0.170001, 0.318267, -0.932634,
		-0.337883, 0.870214, 0.358555,
		41.516808, 33.253479, 48.858116>
	pigment { color rgbt <0,1,1,0> }
	no_shadow
}
cylinder {
	<42.143364, 33.152481, 48.277805>,  <41.753326, 32.644329, 48.607128>, 0.130000
	pigment { color rgbt <1,0,0,0> }
	no_shadow
}

// nucleotide -1

// particle -1
sphere {
	<42.143364, 33.152481, 48.277805> 0.250000
	pigment { color rgbt <1,0,0,0> }
	no_shadow
}
cylinder {
	<42.013100, 33.348701, 48.601112>,  <41.934940, 33.466434, 48.795097>, 0.100000
	pigment { color rgbt <1,0,0,0> }
	no_shadow
}
cylinder {
	<42.013100, 33.348701, 48.601112>,  <42.143364, 33.152481, 48.277805>, 0.100000
	pigment { color rgbt <1,0,0,0> }
	no_shadow
}

// particle -1
sphere {
	<42.013100, 33.348701, 48.601112> 0.100000
	pigment { color rgbt <1,0,0,0> }
	no_shadow
}
sphere {
	0, 1
	scale<0.080000,0.200000,0.300000>
	matrix <0.931319, 0.313868, 0.184750,
		-0.163061, 0.812924, -0.559075,
		-0.325663, 0.490552, 0.808271,
		41.915401, 33.495869, 48.843594>
	pigment { color rgbt <0,1,1,0> }
	no_shadow
}
cylinder {
	<42.633175, 33.686600, 48.337402>,  <42.143364, 33.152481, 48.277805>, 0.130000
	pigment { color rgbt <1,0,0,0> }
	no_shadow
}

// nucleotide -1

// particle -1
sphere {
	<42.633175, 33.686600, 48.337402> 0.250000
	pigment { color rgbt <1,0,0,0> }
	no_shadow
}
cylinder {
	<42.454487, 33.686352, 48.695271>,  <42.347275, 33.686203, 48.909992>, 0.100000
	pigment { color rgbt <1,0,0,0> }
	no_shadow
}
cylinder {
	<42.454487, 33.686352, 48.695271>,  <42.633175, 33.686600, 48.337402>, 0.100000
	pigment { color rgbt <1,0,0,0> }
	no_shadow
}

// particle -1
sphere {
	<42.454487, 33.686352, 48.695271> 0.100000
	pigment { color rgbt <1,0,0,0> }
	no_shadow
}
sphere {
	0, 1
	scale<0.080000,0.200000,0.300000>
	matrix <0.846269, 0.324165, 0.422782,
		-0.290285, 0.946000, -0.144285,
		-0.446724, -0.000624, 0.894671,
		42.320469, 33.686165, 48.963673>
	pigment { color rgbt <0,1,1,0> }
	no_shadow
}
cylinder {
	<42.868469, 34.333393, 48.722359>,  <42.633175, 33.686600, 48.337402>, 0.130000
	pigment { color rgbt <1,0,0,0> }
	no_shadow
}

// nucleotide -1

// particle -1
sphere {
	<42.868469, 34.333393, 48.722359> 0.250000
	pigment { color rgbt <1,0,0,0> }
	no_shadow
}
cylinder {
	<42.742847, 34.099720, 49.021717>,  <42.667473, 33.959515, 49.201332>, 0.100000
	pigment { color rgbt <1,0,0,0> }
	no_shadow
}
cylinder {
	<42.742847, 34.099720, 49.021717>,  <42.868469, 34.333393, 48.722359>, 0.100000
	pigment { color rgbt <1,0,0,0> }
	no_shadow
}

// particle -1
sphere {
	<42.742847, 34.099720, 49.021717> 0.100000
	pigment { color rgbt <1,0,0,0> }
	no_shadow
}
sphere {
	0, 1
	scale<0.080000,0.200000,0.300000>
	matrix <0.816199, 0.236528, 0.527137,
		-0.484961, 0.776393, 0.402526,
		-0.314057, -0.584182, 0.748398,
		42.648632, 33.924465, 49.246235>
	pigment { color rgbt <0,1,1,0> }
	no_shadow
}
cylinder {
	<42.946751, 34.677544, 49.309978>,  <42.868469, 34.333393, 48.722359>, 0.130000
	pigment { color rgbt <1,0,0,0> }
	no_shadow
}

// nucleotide -1

// particle -1
sphere {
	<42.946751, 34.677544, 49.309978> 0.250000
	pigment { color rgbt <1,0,0,0> }
	no_shadow
}
cylinder {
	<42.948257, 34.316380, 49.481907>,  <42.949162, 34.099682, 49.585064>, 0.100000
	pigment { color rgbt <1,0,0,0> }
	no_shadow
}
cylinder {
	<42.948257, 34.316380, 49.481907>,  <42.946751, 34.677544, 49.309978>, 0.100000
	pigment { color rgbt <1,0,0,0> }
	no_shadow
}

// particle -1
sphere {
	<42.948257, 34.316380, 49.481907> 0.100000
	pigment { color rgbt <1,0,0,0> }
	no_shadow
}
sphere {
	0, 1
	scale<0.080000,0.200000,0.300000>
	matrix <0.844363, 0.233156, 0.482378,
		-0.535758, 0.361103, 0.763262,
		0.003771, -0.902908, 0.429817,
		42.949390, 34.045506, 49.610851>
	pigment { color rgbt <0,1,1,0> }
	no_shadow
}
cylinder {
	<42.877384, 34.758427, 50.094273>,  <42.946751, 34.677544, 49.309978>, 0.130000
	pigment { color rgbt <1,0,0,0> }
	no_shadow
}

// nucleotide -1

// particle -1
sphere {
	<42.877384, 34.758427, 50.094273> 0.250000
	pigment { color rgbt <1,0,0,0> }
	no_shadow
}
cylinder {
	<43.049313, 34.419147, 49.970455>,  <43.152470, 34.215580, 49.896164>, 0.100000
	pigment { color rgbt <1,0,0,0> }
	no_shadow
}
cylinder {
	<43.049313, 34.419147, 49.970455>,  <42.877384, 34.758427, 50.094273>, 0.100000
	pigment { color rgbt <1,0,0,0> }
	no_shadow
}

// particle -1
sphere {
	<43.049313, 34.419147, 49.970455> 0.100000
	pigment { color rgbt <1,0,0,0> }
	no_shadow
}
sphere {
	0, 1
	scale<0.080000,0.200000,0.300000>
	matrix <0.809153, 0.209718, 0.548899,
		-0.400657, -0.486396, 0.776462,
		0.429820, -0.848197, -0.309543,
		43.178257, 34.164688, 49.877594>
	pigment { color rgbt <0,1,1,0> }
	no_shadow
}
cylinder {
	<43.382080, 34.545769, 50.610424>,  <42.877384, 34.758427, 50.094273>, 0.130000
	pigment { color rgbt <1,0,0,0> }
	no_shadow
}

// nucleotide -1

// particle -1
sphere {
	<43.382080, 34.545769, 50.610424> 0.250000
	pigment { color rgbt <1,0,0,0> }
	no_shadow
}
cylinder {
	<43.503368, 34.313694, 50.308048>,  <43.576141, 34.174450, 50.126625>, 0.100000
	pigment { color rgbt <1,0,0,0> }
	no_shadow
}
cylinder {
	<43.503368, 34.313694, 50.308048>,  <43.382080, 34.545769, 50.610424>, 0.100000
	pigment { color rgbt <1,0,0,0> }
	no_shadow
}

// particle -1
sphere {
	<43.503368, 34.313694, 50.308048> 0.100000
	pigment { color rgbt <1,0,0,0> }
	no_shadow
}
sphere {
	0, 1
	scale<0.080000,0.200000,0.300000>
	matrix <0.937472, 0.039357, 0.345827,
		-0.170894, -0.813529, 0.555847,
		0.303217, -0.580191, -0.755935,
		43.594334, 34.139637, 50.081268>
	pigment { color rgbt <0,1,1,0> }
	no_shadow
}
cylinder {
	<43.754711, 34.023708, 50.947475>,  <43.382080, 34.545769, 50.610424>, 0.130000
	pigment { color rgbt <1,0,0,0> }
	no_shadow
}

// nucleotide -1

// particle -1
sphere {
	<43.754711, 34.023708, 50.947475> 0.250000
	pigment { color rgbt <1,0,0,0> }
	no_shadow
}
cylinder {
	<43.858070, 34.055607, 50.562378>,  <43.920086, 34.074745, 50.331322>, 0.100000
	pigment { color rgbt <1,0,0,0> }
	no_shadow
}
cylinder {
	<43.858070, 34.055607, 50.562378>,  <43.754711, 34.023708, 50.947475>, 0.100000
	pigment { color rgbt <1,0,0,0> }
	no_shadow
}

// particle -1
sphere {
	<43.858070, 34.055607, 50.562378> 0.100000
	pigment { color rgbt <1,0,0,0> }
	no_shadow
}
sphere {
	0, 1
	scale<0.080000,0.200000,0.300000>
	matrix <0.964539, -0.076811, 0.252518,
		-0.053812, -0.993851, -0.096766,
		0.258398, 0.079746, -0.962741,
		43.935589, 34.079529, 50.273556>
	pigment { color rgbt <0,1,1,0> }
	no_shadow
}
cylinder {
	<44.157917, 33.442799, 50.828911>,  <43.754711, 34.023708, 50.947475>, 0.130000
	pigment { color rgbt <1,0,0,0> }
	no_shadow
}

// nucleotide -1

// particle -1
sphere {
	<44.157917, 33.442799, 50.828911> 0.250000
	pigment { color rgbt <1,0,0,0> }
	no_shadow
}
cylinder {
	<44.278492, 33.696678, 50.544292>,  <44.350838, 33.849007, 50.373520>, 0.100000
	pigment { color rgbt <1,0,0,0> }
	no_shadow
}
cylinder {
	<44.278492, 33.696678, 50.544292>,  <44.157917, 33.442799, 50.828911>, 0.100000
	pigment { color rgbt <1,0,0,0> }
	no_shadow
}

// particle -1
sphere {
	<44.278492, 33.696678, 50.544292> 0.100000
	pigment { color rgbt <1,0,0,0> }
	no_shadow
}
sphere {
	0, 1
	scale<0.080000,0.200000,0.300000>
	matrix <0.952607, -0.232511, 0.196158,
		-0.040942, -0.736953, -0.674703,
		0.301435, 0.634696, -0.711546,
		44.368923, 33.887085, 50.330830>
	pigment { color rgbt <0,1,1,0> }
	no_shadow
}
cylinder {
	<44.812160, 33.145500, 50.518414>,  <44.157917, 33.442799, 50.828911>, 0.130000
	pigment { color rgbt <1,0,0,0> }
	no_shadow
}

// nucleotide -1

// particle -1
sphere {
	<44.812160, 33.145500, 50.518414> 0.250000
	pigment { color rgbt <1,0,0,0> }
	no_shadow
}
cylinder {
	<44.838417, 33.517872, 50.374710>,  <44.854172, 33.741295, 50.288486>, 0.100000
	pigment { color rgbt <1,0,0,0> }
	no_shadow
}
cylinder {
	<44.838417, 33.517872, 50.374710>,  <44.812160, 33.145500, 50.518414>, 0.100000
	pigment { color rgbt <1,0,0,0> }
	no_shadow
}

// particle -1
sphere {
	<44.838417, 33.517872, 50.374710> 0.100000
	pigment { color rgbt <1,0,0,0> }
	no_shadow
}
sphere {
	0, 1
	scale<0.080000,0.200000,0.300000>
	matrix <0.990096, -0.015987, 0.139482,
		0.124103, -0.364861, -0.922754,
		0.065643, 0.930925, -0.359263,
		44.858109, 33.797150, 50.266930>
	pigment { color rgbt <0,1,1,0> }
	no_shadow
}
cylinder {
	<45.490429, 33.215469, 50.288734>,  <44.812160, 33.145500, 50.518414>, 0.130000
	pigment { color rgbt <1,0,0,0> }
	no_shadow
}

// nucleotide -1

// particle -1
sphere {
	<45.490429, 33.215469, 50.288734> 0.250000
	pigment { color rgbt <1,0,0,0> }
	no_shadow
}
cylinder {
	<45.373196, 33.597775, 50.298717>,  <45.302856, 33.827156, 50.304707>, 0.100000
	pigment { color rgbt <1,0,0,0> }
	no_shadow
}
cylinder {
	<45.373196, 33.597775, 50.298717>,  <45.490429, 33.215469, 50.288734>, 0.100000
	pigment { color rgbt <1,0,0,0> }
	no_shadow
}

// particle -1
sphere {
	<45.373196, 33.597775, 50.298717> 0.100000
	pigment { color rgbt <1,0,0,0> }
	no_shadow
}
sphere {
	0, 1
	scale<0.080000,0.200000,0.300000>
	matrix <0.952171, 0.294141, -0.082768,
		-0.086447, -0.000498, -0.996256,
		-0.293081, 0.955762, 0.024953,
		45.285271, 33.884502, 50.306202>
	pigment { color rgbt <0,1,1,0> }
	no_shadow
}
cylinder {
	<45.989101, 33.578365, 49.810928>,  <45.490429, 33.215469, 50.288734>, 0.130000
	pigment { color rgbt <1,0,0,0> }
	no_shadow
}

// nucleotide -1

// particle -1
sphere {
	<45.989101, 33.578365, 49.810928> 0.250000
	pigment { color rgbt <1,0,0,0> }
	no_shadow
}
cylinder {
	<45.834934, 33.862732, 50.046234>,  <45.742435, 34.033352, 50.187416>, 0.100000
	pigment { color rgbt <1,0,0,0> }
	no_shadow
}
cylinder {
	<45.834934, 33.862732, 50.046234>,  <45.989101, 33.578365, 49.810928>, 0.100000
	pigment { color rgbt <1,0,0,0> }
	no_shadow
}

// particle -1
sphere {
	<45.834934, 33.862732, 50.046234> 0.100000
	pigment { color rgbt <1,0,0,0> }
	no_shadow
}
sphere {
	0, 1
	scale<0.080000,0.200000,0.300000>
	matrix <0.920873, 0.255779, 0.294227,
		0.058706, 0.655115, -0.753245,
		-0.385417, 0.710916, 0.588262,
		45.719311, 34.076008, 50.222713>
	pigment { color rgbt <0,1,1,0> }
	no_shadow
}
cylinder {
	<46.351212, 34.242264, 49.686119>,  <45.989101, 33.578365, 49.810928>, 0.130000
	pigment { color rgbt <1,0,0,0> }
	no_shadow
}

// nucleotide -1

// particle -1
sphere {
	<46.351212, 34.242264, 49.686119> 0.250000
	pigment { color rgbt <1,0,0,0> }
	no_shadow
}
cylinder {
	<46.210918, 34.247688, 50.060669>,  <46.126743, 34.250942, 50.285400>, 0.100000
	pigment { color rgbt <1,0,0,0> }
	no_shadow
}
cylinder {
	<46.210918, 34.247688, 50.060669>,  <46.351212, 34.242264, 49.686119>, 0.100000
	pigment { color rgbt <1,0,0,0> }
	no_shadow
}

// particle -1
sphere {
	<46.210918, 34.247688, 50.060669> 0.100000
	pigment { color rgbt <1,0,0,0> }
	no_shadow
}
sphere {
	0, 1
	scale<0.080000,0.200000,0.300000>
	matrix <0.898347, 0.287287, 0.332324,
		-0.264502, 0.957748, -0.112946,
		-0.350731, 0.013565, 0.936378,
		46.105698, 34.251759, 50.341583>
	pigment { color rgbt <0,1,1,0> }
	no_shadow
}
cylinder {
	<46.830730, 34.791248, 49.982056>,  <46.351212, 34.242264, 49.686119>, 0.130000
	pigment { color rgbt <1,0,0,0> }
	no_shadow
}

// nucleotide -1

// particle -1
sphere {
	<46.830730, 34.791248, 49.982056> 0.250000
	pigment { color rgbt <1,0,0,0> }
	no_shadow
}
cylinder {
	<46.661453, 34.622757, 50.302921>,  <46.559887, 34.521660, 50.495441>, 0.100000
	pigment { color rgbt <1,0,0,0> }
	no_shadow
}
cylinder {
	<46.661453, 34.622757, 50.302921>,  <46.830730, 34.791248, 49.982056>, 0.100000
	pigment { color rgbt <1,0,0,0> }
	no_shadow
}

// particle -1
sphere {
	<46.661453, 34.622757, 50.302921> 0.100000
	pigment { color rgbt <1,0,0,0> }
	no_shadow
}
sphere {
	0, 1
	scale<0.080000,0.200000,0.300000>
	matrix <0.823321, 0.190799, 0.534545,
		-0.378220, 0.886656, 0.266065,
		-0.423192, -0.421232, 0.802167,
		46.534496, 34.496387, 50.543571>
	pigment { color rgbt <0,1,1,0> }
	no_shadow
}
cylinder {
	<47.110790, 35.155788, 50.459400>,  <46.830730, 34.791248, 49.982056>, 0.130000
	pigment { color rgbt <1,0,0,0> }
	no_shadow
}

// nucleotide -1

// particle -1
sphere {
	<47.110790, 35.155788, 50.459400> 0.250000
	pigment { color rgbt <1,0,0,0> }
	no_shadow
}
cylinder {
	<46.966732, 34.852047, 50.676170>,  <46.880299, 34.669804, 50.806232>, 0.100000
	pigment { color rgbt <1,0,0,0> }
	no_shadow
}
cylinder {
	<46.966732, 34.852047, 50.676170>,  <47.110790, 35.155788, 50.459400>, 0.100000
	pigment { color rgbt <1,0,0,0> }
	no_shadow
}

// particle -1
sphere {
	<46.966732, 34.852047, 50.676170> 0.100000
	pigment { color rgbt <1,0,0,0> }
	no_shadow
}
sphere {
	0, 1
	scale<0.080000,0.200000,0.300000>
	matrix <0.783852, 0.068673, 0.617139,
		-0.505840, 0.647050, 0.570485,
		-0.360143, -0.759349, 0.541929,
		46.858688, 34.624241, 50.838749>
	pigment { color rgbt <0,1,1,0> }
	no_shadow
}
cylinder {
	<47.231903, 35.400963, 51.183434>,  <47.110790, 35.155788, 50.459400>, 0.130000
	pigment { color rgbt <1,0,0,0> }
	no_shadow
}

// nucleotide -1

// particle -1
sphere {
	<47.231903, 35.400963, 51.183434> 0.250000
	pigment { color rgbt <1,0,0,0> }
	no_shadow
}
cylinder {
	<47.192406, 35.003170, 51.197590>,  <47.168709, 34.764496, 51.206085>, 0.100000
	pigment { color rgbt <1,0,0,0> }
	no_shadow
}
cylinder {
	<47.192406, 35.003170, 51.197590>,  <47.231903, 35.400963, 51.183434>, 0.100000
	pigment { color rgbt <1,0,0,0> }
	no_shadow
}

// particle -1
sphere {
	<47.192406, 35.003170, 51.197590> 0.100000
	pigment { color rgbt <1,0,0,0> }
	no_shadow
}
sphere {
	0, 1
	scale<0.080000,0.200000,0.300000>
	matrix <0.685414, -0.042184, 0.726931,
		-0.721427, 0.096040, 0.685798,
		-0.098745, -0.994483, 0.035394,
		47.162781, 34.704826, 51.208210>
	pigment { color rgbt <0,1,1,0> }
	no_shadow
}
cylinder {
	<47.443966, 35.207985, 51.755898>,  <47.231903, 35.400963, 51.183434>, 0.130000
	pigment { color rgbt <1,0,0,0> }
	no_shadow
}

// nucleotide -1

// particle -1
sphere {
	<47.443966, 35.207985, 51.755898> 0.250000
	pigment { color rgbt <1,0,0,0> }
	no_shadow
}
cylinder {
	<47.474323, 34.853008, 51.574047>,  <47.492538, 34.640022, 51.464935>, 0.100000
	pigment { color rgbt <1,0,0,0> }
	no_shadow
}
cylinder {
	<47.474323, 34.853008, 51.574047>,  <47.443966, 35.207985, 51.755898>, 0.100000
	pigment { color rgbt <1,0,0,0> }
	no_shadow
}

// particle -1
sphere {
	<47.474323, 34.853008, 51.574047> 0.100000
	pigment { color rgbt <1,0,0,0> }
	no_shadow
}
sphere {
	0, 1
	scale<0.080000,0.200000,0.300000>
	matrix <0.832161, -0.194806, 0.519190,
		-0.549315, -0.417728, 0.723710,
		0.075897, -0.887442, -0.454627,
		47.497093, 34.586777, 51.437660>
	pigment { color rgbt <0,1,1,0> }
	no_shadow
}
cylinder {
	<47.632309, 34.828491, 52.328197>,  <47.443966, 35.207985, 51.755898>, 0.130000
	pigment { color rgbt <1,0,0,0> }
	no_shadow
}

// nucleotide -1

// particle -1
sphere {
	<47.632309, 34.828491, 52.328197> 0.250000
	pigment { color rgbt <1,0,0,0> }
	no_shadow
}
cylinder {
	<47.764256, 34.642319, 51.999668>,  <47.843422, 34.530617, 51.802551>, 0.100000
	pigment { color rgbt <1,0,0,0> }
	no_shadow
}
cylinder {
	<47.764256, 34.642319, 51.999668>,  <47.632309, 34.828491, 52.328197>, 0.100000
	pigment { color rgbt <1,0,0,0> }
	no_shadow
}

// particle -1
sphere {
	<47.764256, 34.642319, 51.999668> 0.100000
	pigment { color rgbt <1,0,0,0> }
	no_shadow
}
sphere {
	0, 1
	scale<0.080000,0.200000,0.300000>
	matrix <0.841896, -0.248565, 0.478985,
		-0.427085, -0.849465, 0.309852,
		0.329862, -0.465430, -0.821320,
		47.863213, 34.502689, 51.753273>
	pigment { color rgbt <0,1,1,0> }
	no_shadow
}
// strand 1

// nucleotide -1

// particle -1
sphere {
	<24.203009, 35.183041, 51.394436> 0.250000
	pigment { color rgbt <0,1,0,0> }
	no_shadow
}
cylinder {
	<24.283848, 35.120468, 51.781151>,  <24.332352, 35.082924, 52.013180>, 0.100000
	pigment { color rgbt <0,1,0,0> }
	no_shadow
}
cylinder {
	<24.283848, 35.120468, 51.781151>,  <24.203009, 35.183041, 51.394436>, 0.100000
	pigment { color rgbt <0,1,0,0> }
	no_shadow
}

// particle -1
sphere {
	<24.283848, 35.120468, 51.781151> 0.100000
	pigment { color rgbt <0,1,0,0> }
	no_shadow
}
sphere {
	0, 1
	scale<0.080000,0.200000,0.300000>
	matrix <0.970782, -0.098409, -0.218854,
		0.129377, 0.982774, 0.131971,
		0.202097, -0.156429, 0.966792,
		24.344477, 35.073540, 52.071190>
	pigment { color rgbt <0,1,1,0> }
	no_shadow
}
cylinder {
	<24.799910, 35.714790, 51.613903>,  <24.203009, 35.183041, 51.394436>, 0.130000
	pigment { color rgbt <0,1,0,0> }
	no_shadow
}

// nucleotide -1

// particle -1
sphere {
	<24.799910, 35.714790, 51.613903> 0.250000
	pigment { color rgbt <0,1,0,0> }
	no_shadow
}
cylinder {
	<24.794815, 35.419365, 51.883526>,  <24.791759, 35.242107, 52.045300>, 0.100000
	pigment { color rgbt <0,1,0,0> }
	no_shadow
}
cylinder {
	<24.794815, 35.419365, 51.883526>,  <24.799910, 35.714790, 51.613903>, 0.100000
	pigment { color rgbt <0,1,0,0> }
	no_shadow
}

// particle -1
sphere {
	<24.794815, 35.419365, 51.883526> 0.100000
	pigment { color rgbt <0,1,0,0> }
	no_shadow
}
sphere {
	0, 1
	scale<0.080000,0.200000,0.300000>
	matrix <0.999091, -0.036823, -0.021471,
		0.040679, 0.673175, 0.738363,
		-0.012735, -0.738566, 0.674061,
		24.790995, 35.197796, 52.085743>
	pigment { color rgbt <0,1,1,0> }
	no_shadow
}
cylinder {
	<25.290043, 35.833363, 52.236633>,  <24.799910, 35.714790, 51.613903>, 0.130000
	pigment { color rgbt <0,1,0,0> }
	no_shadow
}

// nucleotide -1

// particle -1
sphere {
	<25.290043, 35.833363, 52.236633> 0.250000
	pigment { color rgbt <0,1,0,0> }
	no_shadow
}
cylinder {
	<25.249521, 35.435425, 52.235195>,  <25.225208, 35.196663, 52.234333>, 0.100000
	pigment { color rgbt <0,1,0,0> }
	no_shadow
}
cylinder {
	<25.249521, 35.435425, 52.235195>,  <25.290043, 35.833363, 52.236633>, 0.100000
	pigment { color rgbt <0,1,0,0> }
	no_shadow
}

// particle -1
sphere {
	<25.249521, 35.435425, 52.235195> 0.100000
	pigment { color rgbt <0,1,0,0> }
	no_shadow
}
sphere {
	0, 1
	scale<0.080000,0.200000,0.300000>
	matrix <0.992759, -0.100855, -0.065259,
		0.064560, -0.010184, 0.997862,
		-0.101304, -0.994849, -0.003599,
		25.219130, 35.136971, 52.234116>
	pigment { color rgbt <0,1,1,0> }
	no_shadow
}
cylinder {
	<25.793650, 35.654808, 52.645840>,  <25.290043, 35.833363, 52.236633>, 0.130000
	pigment { color rgbt <0,1,0,0> }
	no_shadow
}

// nucleotide -1

// particle -1
sphere {
	<25.793650, 35.654808, 52.645840> 0.250000
	pigment { color rgbt <0,1,0,0> }
	no_shadow
}
cylinder {
	<25.700937, 35.294853, 52.498062>,  <25.645309, 35.078880, 52.409397>, 0.100000
	pigment { color rgbt <0,1,0,0> }
	no_shadow
}
cylinder {
	<25.700937, 35.294853, 52.498062>,  <25.793650, 35.654808, 52.645840>, 0.100000
	pigment { color rgbt <0,1,0,0> }
	no_shadow
}

// particle -1
sphere {
	<25.700937, 35.294853, 52.498062> 0.100000
	pigment { color rgbt <0,1,0,0> }
	no_shadow
}
sphere {
	0, 1
	scale<0.080000,0.200000,0.300000>
	matrix <0.922222, -0.324104, 0.210864,
		-0.309490, -0.291835, 0.905013,
		-0.231781, -0.899883, -0.369444,
		25.631403, 35.024887, 52.387230>
	pigment { color rgbt <0,1,1,0> }
	no_shadow
}
cylinder {
	<26.348179, 35.143120, 52.927952>,  <25.793650, 35.654808, 52.645840>, 0.130000
	pigment { color rgbt <0,1,0,0> }
	no_shadow
}

// nucleotide -1

// particle -1
sphere {
	<26.348179, 35.143120, 52.927952> 0.250000
	pigment { color rgbt <0,1,0,0> }
	no_shadow
}
cylinder {
	<26.189571, 34.921764, 52.634956>,  <26.094406, 34.788952, 52.459160>, 0.100000
	pigment { color rgbt <0,1,0,0> }
	no_shadow
}
cylinder {
	<26.189571, 34.921764, 52.634956>,  <26.348179, 35.143120, 52.927952>, 0.100000
	pigment { color rgbt <0,1,0,0> }
	no_shadow
}

// particle -1
sphere {
	<26.189571, 34.921764, 52.634956> 0.100000
	pigment { color rgbt <0,1,0,0> }
	no_shadow
}
sphere {
	0, 1
	scale<0.080000,0.200000,0.300000>
	matrix <0.910381, -0.339795, -0.236106,
		-0.118236, -0.760461, 0.638529,
		-0.396519, -0.553388, -0.732485,
		26.070616, 34.755749, 52.415211>
	pigment { color rgbt <0,1,1,0> }
	no_shadow
}
cylinder {
	<26.685947, 34.549862, 52.955128>,  <26.348179, 35.143120, 52.927952>, 0.130000
	pigment { color rgbt <0,1,0,0> }
	no_shadow
}

// nucleotide -1

// particle -1
sphere {
	<26.685947, 34.549862, 52.955128> 0.250000
	pigment { color rgbt <0,1,0,0> }
	no_shadow
}
cylinder {
	<26.575146, 34.568569, 52.571236>,  <26.508665, 34.579796, 52.340900>, 0.100000
	pigment { color rgbt <0,1,0,0> }
	no_shadow
}
cylinder {
	<26.575146, 34.568569, 52.571236>,  <26.685947, 34.549862, 52.955128>, 0.100000
	pigment { color rgbt <0,1,0,0> }
	no_shadow
}

// particle -1
sphere {
	<26.575146, 34.568569, 52.571236> 0.100000
	pigment { color rgbt <0,1,0,0> }
	no_shadow
}
sphere {
	0, 1
	scale<0.080000,0.200000,0.300000>
	matrix <0.927322, -0.248603, -0.279768,
		-0.251678, -0.967475, 0.025487,
		-0.277005, 0.046777, -0.959729,
		26.492044, 34.582600, 52.283318>
	pigment { color rgbt <0,1,1,0> }
	no_shadow
}
cylinder {
	<27.223352, 34.143970, 52.695477>,  <26.685947, 34.549862, 52.955128>, 0.130000
	pigment { color rgbt <0,1,0,0> }
	no_shadow
}

// nucleotide -1

// particle -1
sphere {
	<27.223352, 34.143970, 52.695477> 0.250000
	pigment { color rgbt <0,1,0,0> }
	no_shadow
}
cylinder {
	<27.075603, 34.288521, 52.353020>,  <26.986954, 34.375252, 52.147545>, 0.100000
	pigment { color rgbt <0,1,0,0> }
	no_shadow
}
cylinder {
	<27.075603, 34.288521, 52.353020>,  <27.223352, 34.143970, 52.695477>, 0.100000
	pigment { color rgbt <0,1,0,0> }
	no_shadow
}

// particle -1
sphere {
	<27.075603, 34.288521, 52.353020> 0.100000
	pigment { color rgbt <0,1,0,0> }
	no_shadow
}
sphere {
	0, 1
	scale<0.080000,0.200000,0.300000>
	matrix <0.873057, -0.180643, -0.452922,
		-0.318330, -0.914755, -0.248775,
		-0.369374, 0.361373, -0.856138,
		26.964792, 34.396935, 52.096180>
	pigment { color rgbt <0,1,1,0> }
	no_shadow
}
cylinder {
	<27.492088, 33.696220, 52.232803>,  <27.223352, 34.143970, 52.695477>, 0.130000
	pigment { color rgbt <0,1,0,0> }
	no_shadow
}

// nucleotide -1

// particle -1
sphere {
	<27.492088, 33.696220, 52.232803> 0.250000
	pigment { color rgbt <0,1,0,0> }
	no_shadow
}
cylinder {
	<27.393139, 34.026394, 52.029842>,  <27.333769, 34.224499, 51.908066>, 0.100000
	pigment { color rgbt <0,1,0,0> }
	no_shadow
}
cylinder {
	<27.393139, 34.026394, 52.029842>,  <27.492088, 33.696220, 52.232803>, 0.100000
	pigment { color rgbt <0,1,0,0> }
	no_shadow
}

// particle -1
sphere {
	<27.393139, 34.026394, 52.029842> 0.100000
	pigment { color rgbt <0,1,0,0> }
	no_shadow
}
sphere {
	0, 1
	scale<0.080000,0.200000,0.300000>
	matrix <0.820064, -0.100546, -0.563370,
		-0.516044, -0.555468, -0.652039,
		-0.247374, 0.825437, -0.507405,
		27.318926, 34.274025, 51.877621>
	pigment { color rgbt <0,1,1,0> }
	no_shadow
}
cylinder {
	<27.496494, 33.528656, 51.615574>,  <27.492088, 33.696220, 52.232803>, 0.130000
	pigment { color rgbt <0,1,0,0> }
	no_shadow
}

// nucleotide -1

// particle -1
sphere {
	<27.496494, 33.528656, 51.615574> 0.250000
	pigment { color rgbt <0,1,0,0> }
	no_shadow
}
cylinder {
	<27.551540, 33.924713, 51.625927>,  <27.584568, 34.162350, 51.632137>, 0.100000
	pigment { color rgbt <0,1,0,0> }
	no_shadow
}
cylinder {
	<27.551540, 33.924713, 51.625927>,  <27.496494, 33.528656, 51.615574>, 0.100000
	pigment { color rgbt <0,1,0,0> }
	no_shadow
}

// particle -1
sphere {
	<27.551540, 33.924713, 51.625927> 0.100000
	pigment { color rgbt <0,1,0,0> }
	no_shadow
}
sphere {
	0, 1
	scale<0.080000,0.200000,0.300000>
	matrix <0.743920, -0.086070, -0.662703,
		-0.653946, 0.110454, -0.748435,
		0.137617, 0.990147, 0.025884,
		27.592825, 34.221756, 51.633694>
	pigment { color rgbt <0,1,1,0> }
	no_shadow
}
cylinder {
	<27.728754, 33.678013, 50.983589>,  <27.496494, 33.528656, 51.615574>, 0.130000
	pigment { color rgbt <0,1,0,0> }
	no_shadow
}

// nucleotide -1

// particle -1
sphere {
	<27.728754, 33.678013, 50.983589> 0.250000
	pigment { color rgbt <0,1,0,0> }
	no_shadow
}
cylinder {
	<27.872969, 33.982597, 51.199066>,  <27.959497, 34.165348, 51.328350>, 0.100000
	pigment { color rgbt <0,1,0,0> }
	no_shadow
}
cylinder {
	<27.872969, 33.982597, 51.199066>,  <27.728754, 33.678013, 50.983589>, 0.100000
	pigment { color rgbt <0,1,0,0> }
	no_shadow
}

// particle -1
sphere {
	<27.872969, 33.982597, 51.199066> 0.100000
	pigment { color rgbt <0,1,0,0> }
	no_shadow
}
sphere {
	0, 1
	scale<0.080000,0.200000,0.300000>
	matrix <0.836772, -0.008885, -0.547479,
		-0.412099, 0.648147, -0.640375,
		0.360536, 0.761464, 0.538689,
		27.981129, 34.211037, 51.360672>
	pigment { color rgbt <0,1,1,0> }
	no_shadow
}
cylinder {
	<28.032335, 34.187702, 50.431931>,  <27.728754, 33.678013, 50.983589>, 0.130000
	pigment { color rgbt <0,1,0,0> }
	no_shadow
}

// nucleotide -1

// particle -1
sphere {
	<28.032335, 34.187702, 50.431931> 0.250000
	pigment { color rgbt <0,1,0,0> }
	no_shadow
}
cylinder {
	<28.178112, 34.314362, 50.782227>,  <28.265579, 34.390358, 50.992405>, 0.100000
	pigment { color rgbt <0,1,0,0> }
	no_shadow
}
cylinder {
	<28.178112, 34.314362, 50.782227>,  <28.032335, 34.187702, 50.431931>, 0.100000
	pigment { color rgbt <0,1,0,0> }
	no_shadow
}

// particle -1
sphere {
	<28.178112, 34.314362, 50.782227> 0.100000
	pigment { color rgbt <0,1,0,0> }
	no_shadow
}
sphere {
	0, 1
	scale<0.080000,0.200000,0.300000>
	matrix <0.855955, 0.256485, -0.448950,
		-0.366772, 0.913209, -0.177560,
		0.364444, 0.316646, 0.875737,
		28.287445, 34.409355, 51.044949>
	pigment { color rgbt <0,1,1,0> }
	no_shadow
}
cylinder {
	<28.455406, 34.848217, 50.324173>,  <28.032335, 34.187702, 50.431931>, 0.130000
	pigment { color rgbt <0,1,0,0> }
	no_shadow
}

// nucleotide -1

// particle -1
sphere {
	<28.455406, 34.848217, 50.324173> 0.250000
	pigment { color rgbt <0,1,0,0> }
	no_shadow
}
cylinder {
	<28.585678, 34.718788, 50.679527>,  <28.663841, 34.641132, 50.892742>, 0.100000
	pigment { color rgbt <0,1,0,0> }
	no_shadow
}
cylinder {
	<28.585678, 34.718788, 50.679527>,  <28.455406, 34.848217, 50.324173>, 0.100000
	pigment { color rgbt <0,1,0,0> }
	no_shadow
}

// particle -1
sphere {
	<28.585678, 34.718788, 50.679527> 0.100000
	pigment { color rgbt <0,1,0,0> }
	no_shadow
}
sphere {
	0, 1
	scale<0.080000,0.200000,0.300000>
	matrix <0.945288, 0.092461, -0.312860,
		0.019091, 0.941675, 0.335981,
		0.325678, -0.323572, 0.888389,
		28.683382, 34.621716, 50.946045>
	pigment { color rgbt <0,1,1,0> }
	no_shadow
}
cylinder {
	<28.855991, 35.394787, 50.648258>,  <28.455406, 34.848217, 50.324173>, 0.130000
	pigment { color rgbt <0,1,0,0> }
	no_shadow
}

// nucleotide -1

// particle -1
sphere {
	<28.855991, 35.394787, 50.648258> 0.250000
	pigment { color rgbt <0,1,0,0> }
	no_shadow
}
cylinder {
	<28.981285, 35.048344, 50.804077>,  <29.056461, 34.840477, 50.897568>, 0.100000
	pigment { color rgbt <0,1,0,0> }
	no_shadow
}
cylinder {
	<28.981285, 35.048344, 50.804077>,  <28.855991, 35.394787, 50.648258>, 0.100000
	pigment { color rgbt <0,1,0,0> }
	no_shadow
}

// particle -1
sphere {
	<28.981285, 35.048344, 50.804077> 0.100000
	pigment { color rgbt <0,1,0,0> }
	no_shadow
}
sphere {
	0, 1
	scale<0.080000,0.200000,0.300000>
	matrix <0.941770, 0.230473, -0.244849,
		0.122285, 0.443558, 0.887864,
		0.313233, -0.866105, 0.389546,
		29.075254, 34.788513, 50.920940>
	pigment { color rgbt <0,1,1,0> }
	no_shadow
}
cylinder {
	<29.543524, 35.513924, 50.878674>,  <28.855991, 35.394787, 50.648258>, 0.130000
	pigment { color rgbt <0,1,0,0> }
	no_shadow
}

// nucleotide -1

// particle -1
sphere {
	<29.543524, 35.513924, 50.878674> 0.250000
	pigment { color rgbt <0,1,0,0> }
	no_shadow
}
cylinder {
	<29.503021, 35.116184, 50.891487>,  <29.478720, 34.877541, 50.899174>, 0.100000
	pigment { color rgbt <0,1,0,0> }
	no_shadow
}
cylinder {
	<29.503021, 35.116184, 50.891487>,  <29.543524, 35.513924, 50.878674>, 0.100000
	pigment { color rgbt <0,1,0,0> }
	no_shadow
}

// particle -1
sphere {
	<29.503021, 35.116184, 50.891487> 0.100000
	pigment { color rgbt <0,1,0,0> }
	no_shadow
}
sphere {
	0, 1
	scale<0.080000,0.200000,0.300000>
	matrix <0.992818, -0.103058, -0.060760,
		0.063717, 0.025651, 0.997638,
		-0.101256, -0.994345, 0.032033,
		29.472645, 34.817883, 50.901096>
	pigment { color rgbt <0,1,1,0> }
	no_shadow
}
cylinder {
	<30.092880, 35.236916, 51.257202>,  <29.543524, 35.513924, 50.878674>, 0.130000
	pigment { color rgbt <0,1,0,0> }
	no_shadow
}

// nucleotide -1

// particle -1
sphere {
	<30.092880, 35.236916, 51.257202> 0.250000
	pigment { color rgbt <0,1,0,0> }
	no_shadow
}
cylinder {
	<29.979334, 34.899242, 51.075314>,  <29.911205, 34.696636, 50.966179>, 0.100000
	pigment { color rgbt <0,1,0,0> }
	no_shadow
}
cylinder {
	<29.979334, 34.899242, 51.075314>,  <30.092880, 35.236916, 51.257202>, 0.100000
	pigment { color rgbt <0,1,0,0> }
	no_shadow
}

// particle -1
sphere {
	<29.979334, 34.899242, 51.075314> 0.100000
	pigment { color rgbt <0,1,0,0> }
	no_shadow
}
sphere {
	0, 1
	scale<0.080000,0.200000,0.300000>
	matrix <0.958093, -0.230701, -0.169808,
		0.038445, -0.483868, 0.874296,
		-0.283866, -0.844185, -0.454722,
		29.894175, 34.645988, 50.938896>
	pigment { color rgbt <0,1,1,0> }
	no_shadow
}
cylinder {
	<30.529587, 34.691349, 51.424648>,  <30.092880, 35.236916, 51.257202>, 0.130000
	pigment { color rgbt <0,1,0,0> }
	no_shadow
}

// nucleotide -1

// particle -1
sphere {
	<30.529587, 34.691349, 51.424648> 0.250000
	pigment { color rgbt <0,1,0,0> }
	no_shadow
}
cylinder {
	<30.374268, 34.577824, 51.073952>,  <30.281076, 34.509708, 50.863533>, 0.100000
	pigment { color rgbt <0,1,0,0> }
	no_shadow
}
cylinder {
	<30.374268, 34.577824, 51.073952>,  <30.529587, 34.691349, 51.424648>, 0.100000
	pigment { color rgbt <0,1,0,0> }
	no_shadow
}

// particle -1
sphere {
	<30.374268, 34.577824, 51.073952> 0.100000
	pigment { color rgbt <0,1,0,0> }
	no_shadow
}
sphere {
	0, 1
	scale<0.080000,0.200000,0.300000>
	matrix <0.908899, -0.274958, -0.313530,
		-0.152082, -0.918611, 0.364725,
		-0.388296, -0.283816, -0.876741,
		30.257778, 34.492680, 50.810928>
	pigment { color rgbt <0,1,1,0> }
	no_shadow
}
cylinder {
	<30.927332, 34.111107, 51.248280>,  <30.529587, 34.691349, 51.424648>, 0.130000
	pigment { color rgbt <0,1,0,0> }
	no_shadow
}

// nucleotide -1

// particle -1
sphere {
	<30.927332, 34.111107, 51.248280> 0.250000
	pigment { color rgbt <0,1,0,0> }
	no_shadow
}
cylinder {
	<30.768595, 34.202629, 50.892715>,  <30.673353, 34.257542, 50.679379>, 0.100000
	pigment { color rgbt <0,1,0,0> }
	no_shadow
}
cylinder {
	<30.768595, 34.202629, 50.892715>,  <30.927332, 34.111107, 51.248280>, 0.100000
	pigment { color rgbt <0,1,0,0> }
	no_shadow
}

// particle -1
sphere {
	<30.768595, 34.202629, 50.892715> 0.100000
	pigment { color rgbt <0,1,0,0> }
	no_shadow
}
sphere {
	0, 1
	scale<0.080000,0.200000,0.300000>
	matrix <0.824059, -0.337733, -0.454822,
		-0.404281, -0.913008, -0.054523,
		-0.396842, 0.228806, -0.888912,
		30.649542, 34.271271, 50.626041>
	pigment { color rgbt <0,1,1,0> }
	no_shadow
}
cylinder {
	<31.072840, 33.527508, 50.869492>,  <30.927332, 34.111107, 51.248280>, 0.130000
	pigment { color rgbt <0,1,0,0> }
	no_shadow
}

// nucleotide -1

// particle -1
sphere {
	<31.072840, 33.527508, 50.869492> 0.250000
	pigment { color rgbt <0,1,0,0> }
	no_shadow
}
cylinder {
	<30.993492, 33.825302, 50.614498>,  <30.945883, 34.003979, 50.461502>, 0.100000
	pigment { color rgbt <0,1,0,0> }
	no_shadow
}
cylinder {
	<30.993492, 33.825302, 50.614498>,  <31.072840, 33.527508, 50.869492>, 0.100000
	pigment { color rgbt <0,1,0,0> }
	no_shadow
}

// particle -1
sphere {
	<30.993492, 33.825302, 50.614498> 0.100000
	pigment { color rgbt <0,1,0,0> }
	no_shadow
}
sphere {
	0, 1
	scale<0.080000,0.200000,0.300000>
	matrix <0.852860, -0.189399, -0.486577,
		-0.482989, -0.640210, -0.597371,
		-0.198370, 0.744486, -0.637487,
		30.933981, 34.048649, 50.423252>
	pigment { color rgbt <0,1,1,0> }
	no_shadow
}
cylinder {
	<31.041817, 33.244869, 50.157753>,  <31.072840, 33.527508, 50.869492>, 0.130000
	pigment { color rgbt <0,1,0,0> }
	no_shadow
}

// nucleotide -1

// particle -1
sphere {
	<31.041817, 33.244869, 50.157753> 0.250000
	pigment { color rgbt <0,1,0,0> }
	no_shadow
}
cylinder {
	<31.136488, 33.631630, 50.119606>,  <31.193291, 33.863686, 50.096718>, 0.100000
	pigment { color rgbt <0,1,0,0> }
	no_shadow
}
cylinder {
	<31.136488, 33.631630, 50.119606>,  <31.041817, 33.244869, 50.157753>, 0.100000
	pigment { color rgbt <0,1,0,0> }
	no_shadow
}

// particle -1
sphere {
	<31.136488, 33.631630, 50.119606> 0.100000
	pigment { color rgbt <0,1,0,0> }
	no_shadow
}
sphere {
	0, 1
	scale<0.080000,0.200000,0.300000>
	matrix <0.913968, -0.254864, -0.315762,
		-0.329614, -0.012426, -0.944034,
		0.236677, 0.966897, -0.095363,
		31.207491, 33.921700, 50.090996>
	pigment { color rgbt <0,1,1,0> }
	no_shadow
}
cylinder {
	<31.567665, 33.283039, 49.682663>,  <31.041817, 33.244869, 50.157753>, 0.130000
	pigment { color rgbt <0,1,0,0> }
	no_shadow
}

// nucleotide -1

// particle -1
sphere {
	<31.567665, 33.283039, 49.682663> 0.250000
	pigment { color rgbt <0,1,0,0> }
	no_shadow
}
cylinder {
	<31.602512, 33.659016, 49.814674>,  <31.623421, 33.884602, 49.893883>, 0.100000
	pigment { color rgbt <0,1,0,0> }
	no_shadow
}
cylinder {
	<31.602512, 33.659016, 49.814674>,  <31.567665, 33.283039, 49.682663>, 0.100000
	pigment { color rgbt <0,1,0,0> }
	no_shadow
}

// particle -1
sphere {
	<31.602512, 33.659016, 49.814674> 0.100000
	pigment { color rgbt <0,1,0,0> }
	no_shadow
}
sphere {
	0, 1
	scale<0.080000,0.200000,0.300000>
	matrix <0.986082, -0.034273, -0.162685,
		-0.141604, 0.339607, -0.929847,
		0.087118, 0.939943, 0.330028,
		31.628649, 33.940998, 49.913681>
	pigment { color rgbt <0,1,1,0> }
	no_shadow
}
cylinder {
	<31.809397, 33.658825, 49.155102>,  <31.567665, 33.283039, 49.682663>, 0.130000
	pigment { color rgbt <0,1,0,0> }
	no_shadow
}

// nucleotide -1

// particle -1
sphere {
	<31.809397, 33.658825, 49.155102> 0.250000
	pigment { color rgbt <0,1,0,0> }
	no_shadow
}
cylinder {
	<31.913004, 33.864281, 49.482292>,  <31.975168, 33.987553, 49.678608>, 0.100000
	pigment { color rgbt <0,1,0,0> }
	no_shadow
}
cylinder {
	<31.913004, 33.864281, 49.482292>,  <31.809397, 33.658825, 49.155102>, 0.100000
	pigment { color rgbt <0,1,0,0> }
	no_shadow
}

// particle -1
sphere {
	<31.913004, 33.864281, 49.482292> 0.100000
	pigment { color rgbt <0,1,0,0> }
	no_shadow
}
sphere {
	0, 1
	scale<0.080000,0.200000,0.300000>
	matrix <0.928663, 0.100364, -0.357087,
		-0.265509, 0.852118, -0.450999,
		0.259016, 0.513636, 0.817978,
		31.990709, 34.018372, 49.727684>
	pigment { color rgbt <0,1,1,0> }
	no_shadow
}
// strand 2

// nucleotide -1

// particle -1
sphere {
	<24.574648, 34.804020, 34.853497> 0.250000
	pigment { color rgbt <0,0,1,0> }
	no_shadow
}
cylinder {
	<24.239120, 34.904957, 35.046455>,  <24.037804, 34.965519, 35.162231>, 0.100000
	pigment { color rgbt <0,0,1,0> }
	no_shadow
}
cylinder {
	<24.239120, 34.904957, 35.046455>,  <24.574648, 34.804020, 34.853497>, 0.100000
	pigment { color rgbt <0,0,1,0> }
	no_shadow
}

// particle -1
sphere {
	<24.239120, 34.904957, 35.046455> 0.100000
	pigment { color rgbt <0,0,1,0> }
	no_shadow
}
sphere {
	0, 1
	scale<0.080000,0.200000,0.300000>
	matrix <0.536902, 0.236805, 0.809728,
		0.090095, 0.938215, -0.334120,
		-0.838820, 0.252342, 0.482394,
		23.987474, 34.980659, 35.191174>
	pigment { color rgbt <0,1,1,0> }
	no_shadow
}
cylinder {
	<24.622948, 35.498398, 35.191372>,  <24.574648, 34.804020, 34.853497>, 0.130000
