// switches for output
#declare DRAW_BASES = 1; // possible values are 0, 1; only relevant for DNA ribbons
#declare DRAW_BASES_TYPE = 3; // possible values are 1, 2, 3; only relevant for DNA ribbons
#declare DRAW_FOG = 0; // set to 1 to enable fog

#include "colors.inc"

#include "transforms.inc"
background { rgb <1, 1, 1>}

#default {
   normal{
       ripples 0.25
       frequency 0.20
       turbulence 0.2
       lambda 5
   }
	finish {
		phong 0.1
		phong_size 40.
	}
}

// original window dimensions: 1024x640


// camera settings

camera {
	sky <0, 0.179814, -0.983701>
	up <0, 0.179814, -0.983701>
	right 1.6 * <1, 0, 0>
	location <35, 92.5046, 58.4545>
	look_at <35, 26.874, 46.4577>
	direction <0, -65.6306, -11.9968>
	angle 67.0682
}


# declare cpy_camera_pos = <35, 92.5046, 58.4545>;
# if (DRAW_FOG = 1)
fog {
	fog_type 2
	up vnormalize(cpy_camera_pos)
	color rgbt<1,1,1,0.3>
	distance 1e-5
	fog_alt 3e-3
	fog_offset 56
}
# end


// LIGHTS

# declare lum = 6;
global_settings {
	ambient_light rgb lum * <0.05, 0.05, 0.05>
	max_trace_level 15
}# declare cpy_direct_light_amount = 0.25;
light_source
{	1000 * <-1, -1.16351, -0.803887>,
	rgb lum * cpy_direct_light_amount
	parallel
}

light_source
{	1000 * <1, 1.16351, 0.803887>,
	rgb lum * cpy_direct_light_amount
	parallel
}

// strand 0

// nucleotide -1

// particle -1
sphere {
	<40.283363, 36.875450, 50.421257> 0.250000
	pigment { color rgbt <1,0,0,0> }
	no_shadow
}
cylinder {
	<40.133656, 36.506287, 50.385124>,  <40.043831, 36.284786, 50.363445>, 0.100000
	pigment { color rgbt <1,0,0,0> }
	no_shadow
}
cylinder {
	<40.133656, 36.506287, 50.385124>,  <40.283363, 36.875450, 50.421257>, 0.100000
	pigment { color rgbt <1,0,0,0> }
	no_shadow
}

// particle -1
sphere {
	<40.133656, 36.506287, 50.385124> 0.100000
	pigment { color rgbt <1,0,0,0> }
	no_shadow
}
sphere {
	0, 1
	scale<0.080000,0.200000,0.300000>
	matrix <0.915411, -0.352139, -0.194991,
		0.148150, -0.155670, 0.976636,
		-0.374266, -0.922911, -0.090332,
		40.021378, 36.229412, 50.358025>
	pigment { color rgbt <0,1,1,0> }
	no_shadow
}
cylinder {
	<40.512856, 36.527176, 51.088890>,  <40.283363, 36.875450, 50.421257>, 0.130000
	pigment { color rgbt <1,0,0,0> }
	no_shadow
}

// nucleotide -1

// particle -1
sphere {
	<40.512856, 36.527176, 51.088890> 0.250000
	pigment { color rgbt <1,0,0,0> }
	no_shadow
}
cylinder {
	<40.445171, 36.317192, 50.755238>,  <40.404560, 36.191200, 50.555046>, 0.100000
	pigment { color rgbt <1,0,0,0> }
	no_shadow
}
cylinder {
	<40.445171, 36.317192, 50.755238>,  <40.512856, 36.527176, 51.088890>, 0.100000
	pigment { color rgbt <1,0,0,0> }
	no_shadow
}

// particle -1
sphere {
	<40.445171, 36.317192, 50.755238> 0.100000
	pigment { color rgbt <1,0,0,0> }
	no_shadow
}
sphere {
	0, 1
	scale<0.080000,0.200000,0.300000>
	matrix <0.963782, -0.265150, -0.028638,
		-0.206137, -0.808770, 0.550817,
		-0.169210, -0.524964, -0.834135,
		40.394409, 36.159702, 50.504997>
	pigment { color rgbt <0,1,1,0> }
	no_shadow
}
cylinder {
	<40.948601, 36.014042, 51.182861>,  <40.512856, 36.527176, 51.088890>, 0.130000
	pigment { color rgbt <1,0,0,0> }
	no_shadow
}

// nucleotide -1

// particle -1
sphere {
	<40.948601, 36.014042, 51.182861> 0.250000
	pigment { color rgbt <1,0,0,0> }
	no_shadow
}
cylinder {
	<40.864632, 35.998089, 50.792099>,  <40.814251, 35.988518, 50.557644>, 0.100000
	pigment { color rgbt <1,0,0,0> }
	no_shadow
}
cylinder {
	<40.864632, 35.998089, 50.792099>,  <40.948601, 36.014042, 51.182861>, 0.100000
	pigment { color rgbt <1,0,0,0> }
	no_shadow
}

// particle -1
sphere {
	<40.864632, 35.998089, 50.792099> 0.100000
	pigment { color rgbt <1,0,0,0> }
	no_shadow
}
sphere {
	0, 1
	scale<0.080000,0.200000,0.300000>
	matrix <0.977718, -0.009032, -0.209730,
		-0.000458, -0.999163, 0.040892,
		-0.209924, -0.039884, -0.976904,
		40.801655, 35.986126, 50.499027>
	pigment { color rgbt <0,1,1,0> }
	no_shadow
}
cylinder {
	<41.206684, 35.403435, 51.009853>,  <40.948601, 36.014042, 51.182861>, 0.130000
	pigment { color rgbt <1,0,0,0> }
	no_shadow
}

// nucleotide -1

// particle -1
sphere {
	<41.206684, 35.403435, 51.009853> 0.250000
	pigment { color rgbt <1,0,0,0> }
	no_shadow
}
cylinder {
	<41.192970, 35.655014, 50.699177>,  <41.184742, 35.805962, 50.512772>, 0.100000
	pigment { color rgbt <1,0,0,0> }
	no_shadow
}
cylinder {
	<41.192970, 35.655014, 50.699177>,  <41.206684, 35.403435, 51.009853>, 0.100000
	pigment { color rgbt <1,0,0,0> }
	no_shadow
}

// particle -1
sphere {
	<41.192970, 35.655014, 50.699177> 0.100000
	pigment { color rgbt <1,0,0,0> }
	no_shadow
}
sphere {
	0, 1
	scale<0.080000,0.200000,0.300000>
	matrix <0.996062, -0.042075, -0.078037,
		-0.081761, -0.776311, -0.625025,
		-0.034283, 0.628945, -0.776694,
		41.182686, 35.843697, 50.466167>
	pigment { color rgbt <0,1,1,0> }
	no_shadow
}
cylinder {
	<41.874466, 35.324574, 50.754314>,  <41.206684, 35.403435, 51.009853>, 0.130000
	pigment { color rgbt <1,0,0,0> }
	no_shadow
}

// nucleotide -1

// particle -1
sphere {
	<41.874466, 35.324574, 50.754314> 0.250000
	pigment { color rgbt <1,0,0,0> }
	no_shadow
}
cylinder {
	<41.758236, 35.624172, 50.516129>,  <41.688499, 35.803932, 50.373219>, 0.100000
	pigment { color rgbt <1,0,0,0> }
	no_shadow
}
cylinder {
	<41.758236, 35.624172, 50.516129>,  <41.874466, 35.324574, 50.754314>, 0.100000
	pigment { color rgbt <1,0,0,0> }
	no_shadow
}

// particle -1
sphere {
	<41.758236, 35.624172, 50.516129> 0.100000
	pigment { color rgbt <1,0,0,0> }
	no_shadow
}
sphere {
	0, 1
	scale<0.080000,0.200000,0.300000>
	matrix <0.955429, 0.261045, -0.137879,
		0.052172, -0.608986, -0.791463,
		-0.290574, 0.748994, -0.595462,
		41.671062, 35.848869, 50.337490>
	pigment { color rgbt <0,1,1,0> }
	no_shadow
}
cylinder {
	<42.132900, 35.206043, 50.147289>,  <41.874466, 35.324574, 50.754314>, 0.130000
	pigment { color rgbt <1,0,0,0> }
	no_shadow
}

// nucleotide -1

// particle -1
sphere {
	<42.132900, 35.206043, 50.147289> 0.250000
	pigment { color rgbt <1,0,0,0> }
	no_shadow
}
cylinder {
	<42.090263, 35.600689, 50.196671>,  <42.064682, 35.837475, 50.226299>, 0.100000
	pigment { color rgbt <1,0,0,0> }
	no_shadow
}
cylinder {
	<42.090263, 35.600689, 50.196671>,  <42.132900, 35.206043, 50.147289>, 0.100000
	pigment { color rgbt <1,0,0,0> }
	no_shadow
}

// particle -1
sphere {
	<42.090263, 35.600689, 50.196671> 0.100000
	pigment { color rgbt <1,0,0,0> }
	no_shadow
}
sphere {
	0, 1
	scale<0.080000,0.200000,0.300000>
	matrix <0.992199, 0.097465, 0.077727,
		0.064654, 0.130775, -0.989302,
		-0.106587, 0.986610, 0.123453,
		42.058289, 35.896671, 50.233707>
	pigment { color rgbt <0,1,1,0> }
	no_shadow
}
cylinder {
	<42.493145, 35.635380, 49.534744>,  <42.132900, 35.206043, 50.147289>, 0.130000
	pigment { color rgbt <1,0,0,0> }
	no_shadow
}

// nucleotide -1

// particle -1
sphere {
	<42.493145, 35.635380, 49.534744> 0.250000
	pigment { color rgbt <1,0,0,0> }
	no_shadow
}
cylinder {
	<42.462307, 35.860710, 49.863796>,  <42.443802, 35.995911, 50.061226>, 0.100000
	pigment { color rgbt <1,0,0,0> }
	no_shadow
}
cylinder {
	<42.462307, 35.860710, 49.863796>,  <42.493145, 35.635380, 49.534744>, 0.100000
	pigment { color rgbt <1,0,0,0> }
	no_shadow
}

// particle -1
sphere {
	<42.462307, 35.860710, 49.863796> 0.100000
	pigment { color rgbt <1,0,0,0> }
	no_shadow
}
sphere {
	0, 1
	scale<0.080000,0.200000,0.300000>
	matrix <0.996186, 0.009717, 0.086708,
		0.040852, 0.826176, -0.561929,
		-0.077097, 0.563328, 0.822628,
		42.439178, 36.029709, 50.110584>
	pigment { color rgbt <0,1,1,0> }
	no_shadow
}
cylinder {
	<43.056824, 36.103073, 49.480129>,  <42.493145, 35.635380, 49.534744>, 0.130000
	pigment { color rgbt <1,0,0,0> }
	no_shadow
}

// nucleotide -1

// particle -1
sphere {
	<43.056824, 36.103073, 49.480129> 0.250000
	pigment { color rgbt <1,0,0,0> }
	no_shadow
}
cylinder {
	<42.950363, 36.119011, 49.865372>,  <42.886486, 36.128574, 50.096519>, 0.100000
	pigment { color rgbt <1,0,0,0> }
	no_shadow
}
cylinder {
	<42.950363, 36.119011, 49.865372>,  <43.056824, 36.103073, 49.480129>, 0.100000
	pigment { color rgbt <1,0,0,0> }
	no_shadow
}

// particle -1
sphere {
	<42.950363, 36.119011, 49.865372> 0.100000
	pigment { color rgbt <1,0,0,0> }
	no_shadow
}
sphere {
	0, 1
	scale<0.080000,0.200000,0.300000>
	matrix <0.955903, 0.139607, 0.258380,
		-0.124160, 0.989405, -0.075248,
		-0.266147, 0.039849, 0.963108,
		42.870518, 36.130966, 50.154305>
	pigment { color rgbt <0,1,1,0> }
	no_shadow
}
cylinder {
	<43.351955, 36.660080, 49.748474>,  <43.056824, 36.103073, 49.480129>, 0.130000
	pigment { color rgbt <1,0,0,0> }
	no_shadow
}

// nucleotide -1

// particle -1
sphere {
	<43.351955, 36.660080, 49.748474> 0.250000
	pigment { color rgbt <1,0,0,0> }
	no_shadow
}
cylinder {
	<43.262493, 36.420685, 50.056187>,  <43.208817, 36.277046, 50.240814>, 0.100000
	pigment { color rgbt <1,0,0,0> }
	no_shadow
}
cylinder {
	<43.262493, 36.420685, 50.056187>,  <43.351955, 36.660080, 49.748474>, 0.100000
	pigment { color rgbt <1,0,0,0> }
	no_shadow
}

// particle -1
sphere {
	<43.262493, 36.420685, 50.056187> 0.100000
	pigment { color rgbt <1,0,0,0> }
	no_shadow
}
sphere {
	0, 1
	scale<0.080000,0.200000,0.300000>
	matrix <0.933247, 0.096153, 0.346129,
		-0.281123, 0.795339, 0.537035,
		-0.223652, -0.598491, 0.769278,
		43.195396, 36.241138, 50.286968>
	pigment { color rgbt <0,1,1,0> }
	no_shadow
}
cylinder {
	<43.762688, 36.932049, 50.317440>,  <43.351955, 36.660080, 49.748474>, 0.130000
	pigment { color rgbt <1,0,0,0> }
	no_shadow
}

// nucleotide -1

// particle -1
sphere {
	<43.762688, 36.932049, 50.317440> 0.250000
	pigment { color rgbt <1,0,0,0> }
	no_shadow
}
cylinder {
	<43.684120, 36.548187, 50.397930>,  <43.636982, 36.317871, 50.446224>, 0.100000
	pigment { color rgbt <1,0,0,0> }
	no_shadow
}
cylinder {
	<43.684120, 36.548187, 50.397930>,  <43.762688, 36.932049, 50.317440>, 0.100000
	pigment { color rgbt <1,0,0,0> }
	no_shadow
}

// particle -1
sphere {
	<43.684120, 36.548187, 50.397930> 0.100000
	pigment { color rgbt <1,0,0,0> }
	no_shadow
}
sphere {
	0, 1
	scale<0.080000,0.200000,0.300000>
	matrix <0.893439, -0.090612, 0.439950,
		-0.403966, 0.266193, 0.875187,
		-0.196415, -0.959651, 0.201223,
		43.625195, 36.260292, 50.458298>
	pigment { color rgbt <0,1,1,0> }
	no_shadow
}
cylinder {
	<44.064690, 36.820679, 51.009277>,  <43.762688, 36.932049, 50.317440>, 0.130000
	pigment { color rgbt <1,0,0,0> }
	no_shadow
}

// nucleotide -1

// particle -1
sphere {
	<44.064690, 36.820679, 51.009277> 0.250000
	pigment { color rgbt <1,0,0,0> }
	no_shadow
}
cylinder {
	<44.004829, 36.449757, 50.872044>,  <43.968914, 36.227203, 50.789703>, 0.100000
	pigment { color rgbt <1,0,0,0> }
	no_shadow
}
cylinder {
	<44.004829, 36.449757, 50.872044>,  <44.064690, 36.820679, 51.009277>, 0.100000
	pigment { color rgbt <1,0,0,0> }
	no_shadow
}

// particle -1
sphere {
	<44.004829, 36.449757, 50.872044> 0.100000
	pigment { color rgbt <1,0,0,0> }
	no_shadow
}
sphere {
	0, 1
	scale<0.080000,0.200000,0.300000>
	matrix <0.856185, -0.295085, 0.424112,
		-0.494522, -0.230280, 0.838104,
		-0.149647, -0.927306, -0.343088,
		43.959934, 36.171566, 50.769115>
	pigment { color rgbt <0,1,1,0> }
	no_shadow
}
cylinder {
	<44.323776, 36.375210, 51.512131>,  <44.064690, 36.820679, 51.009277>, 0.130000
	pigment { color rgbt <1,0,0,0> }
	no_shadow
}

// nucleotide -1

// particle -1
sphere {
	<44.323776, 36.375210, 51.512131> 0.250000
	pigment { color rgbt <1,0,0,0> }
	no_shadow
}
cylinder {
	<44.287830, 36.083546, 51.240765>,  <44.266262, 35.908546, 51.077946>, 0.100000
	pigment { color rgbt <1,0,0,0> }
	no_shadow
}
cylinder {
	<44.287830, 36.083546, 51.240765>,  <44.323776, 36.375210, 51.512131>, 0.100000
	pigment { color rgbt <1,0,0,0> }
	no_shadow
}

// particle -1
sphere {
	<44.287830, 36.083546, 51.240765> 0.100000
	pigment { color rgbt <1,0,0,0> }
	no_shadow
}
sphere {
	0, 1
	scale<0.080000,0.200000,0.300000>
	matrix <0.830526, -0.430815, 0.353024,
		-0.549682, -0.531716, 0.644304,
		-0.089867, -0.729162, -0.678415,
		44.260872, 35.864796, 51.037239>
	pigment { color rgbt <0,1,1,0> }
	no_shadow
}
cylinder {
	<44.372200, 35.752365, 51.952187>,  <44.323776, 36.375210, 51.512131>, 0.130000
	pigment { color rgbt <1,0,0,0> }
	no_shadow
}

// nucleotide -1

// particle -1
sphere {
	<44.372200, 35.752365, 51.952187> 0.250000
	pigment { color rgbt <1,0,0,0> }
	no_shadow
}
cylinder {
	<44.436939, 35.677032, 51.564716>,  <44.475784, 35.631832, 51.332233>, 0.100000
	pigment { color rgbt <1,0,0,0> }
	no_shadow
}
cylinder {
	<44.436939, 35.677032, 51.564716>,  <44.372200, 35.752365, 51.952187>, 0.100000
	pigment { color rgbt <1,0,0,0> }
	no_shadow
}

// particle -1
sphere {
	<44.436939, 35.677032, 51.564716> 0.100000
	pigment { color rgbt <1,0,0,0> }
	no_shadow
}
sphere {
	0, 1
	scale<0.080000,0.200000,0.300000>
	matrix <0.781545, -0.574854, 0.242342,
		-0.602489, -0.796288, 0.054149,
		0.161846, -0.188328, -0.968679,
		44.485493, 35.620533, 51.274113>
	pigment { color rgbt <0,1,1,0> }
	no_shadow
}
cylinder {
	<44.424889, 34.947227, 51.863045>,  <44.372200, 35.752365, 51.952187>, 0.130000
	pigment { color rgbt <1,0,0,0> }
	no_shadow
}

// nucleotide -1

// particle -1
sphere {
	<44.424889, 34.947227, 51.863045> 0.250000
	pigment { color rgbt <1,0,0,0> }
	no_shadow
}
cylinder {
	<44.618790, 35.123116, 51.560616>,  <44.735130, 35.228649, 51.379158>, 0.100000
	pigment { color rgbt <1,0,0,0> }
	no_shadow
}
cylinder {
	<44.618790, 35.123116, 51.560616>,  <44.424889, 34.947227, 51.863045>, 0.100000
	pigment { color rgbt <1,0,0,0> }
	no_shadow
}

// particle -1
sphere {
	<44.618790, 35.123116, 51.560616> 0.100000
	pigment { color rgbt <1,0,0,0> }
	no_shadow
}
sphere {
	0, 1
	scale<0.080000,0.200000,0.300000>
	matrix <0.769774, -0.624919, 0.130095,
		-0.415281, -0.645073, -0.641422,
		0.484757, 0.439724, -0.756077,
		44.764217, 35.255032, 51.333794>
	pigment { color rgbt <0,1,1,0> }
	no_shadow
}
cylinder {
	<44.779606, 34.437428, 51.703972>,  <44.424889, 34.947227, 51.863045>, 0.130000
	pigment { color rgbt <1,0,0,0> }
	no_shadow
}

// nucleotide -1

// particle -1
sphere {
	<44.779606, 34.437428, 51.703972> 0.250000
	pigment { color rgbt <1,0,0,0> }
	no_shadow
}
cylinder {
	<44.956089, 34.754971, 51.536579>,  <45.061981, 34.945496, 51.436146>, 0.100000
	pigment { color rgbt <1,0,0,0> }
	no_shadow
}
cylinder {
	<44.956089, 34.754971, 51.536579>,  <44.779606, 34.437428, 51.703972>, 0.100000
	pigment { color rgbt <1,0,0,0> }
	no_shadow
}

// particle -1
sphere {
	<44.956089, 34.754971, 51.536579> 0.100000
	pigment { color rgbt <1,0,0,0> }
	no_shadow
}
sphere {
	0, 1
	scale<0.080000,0.200000,0.300000>
	matrix <0.896915, -0.405467, 0.176466,
		-0.029591, -0.453199, -0.890918,
		0.441212, 0.793856, -0.418479,
		45.088451, 34.993126, 51.411034>
	pigment { color rgbt <0,1,1,0> }
	no_shadow
}
cylinder {
	<45.342888, 34.228573, 51.182400>,  <44.779606, 34.437428, 51.703972>, 0.130000
	pigment { color rgbt <1,0,0,0> }
	no_shadow
}

// nucleotide -1

// particle -1
sphere {
	<45.342888, 34.228573, 51.182400> 0.250000
	pigment { color rgbt <1,0,0,0> }
	no_shadow
}
cylinder {
	<45.428085, 34.607136, 51.279510>,  <45.479202, 34.834274, 51.337776>, 0.100000
	pigment { color rgbt <1,0,0,0> }
	no_shadow
}
cylinder {
	<45.428085, 34.607136, 51.279510>,  <45.342888, 34.228573, 51.182400>, 0.100000
	pigment { color rgbt <1,0,0,0> }
	no_shadow
}

// particle -1
sphere {
	<45.428085, 34.607136, 51.279510> 0.100000
	pigment { color rgbt <1,0,0,0> }
	no_shadow
}
sphere {
	0, 1
	scale<0.080000,0.200000,0.300000>
	matrix <0.976209, -0.216462, -0.012629,
		0.040599, 0.239689, -0.970001,
		0.212995, 0.946411, 0.242775,
		45.491985, 34.891060, 51.352345>
	pigment { color rgbt <0,1,1,0> }
	no_shadow
}
cylinder {
	<45.867744, 34.475296, 50.712440>,  <45.342888, 34.228573, 51.182400>, 0.130000
	pigment { color rgbt <1,0,0,0> }
	no_shadow
}

// nucleotide -1

// particle -1
sphere {
	<45.867744, 34.475296, 50.712440> 0.250000
	pigment { color rgbt <1,0,0,0> }
	no_shadow
}
cylinder {
	<45.905952, 34.728691, 51.019573>,  <45.928879, 34.880730, 51.203854>, 0.100000
	pigment { color rgbt <1,0,0,0> }
	no_shadow
}
cylinder {
	<45.905952, 34.728691, 51.019573>,  <45.867744, 34.475296, 50.712440>, 0.100000
	pigment { color rgbt <1,0,0,0> }
	no_shadow
}

// particle -1
sphere {
	<45.905952, 34.728691, 51.019573> 0.100000
	pigment { color rgbt <1,0,0,0> }
	no_shadow
}
sphere {
	0, 1
	scale<0.080000,0.200000,0.300000>
	matrix <0.958980, -0.265384, 0.099646,
		0.266896, 0.726818, -0.632853,
		0.095524, 0.633488, 0.767833,
		45.934608, 34.918739, 51.249924>
	pigment { color rgbt <0,1,1,0> }
	no_shadow
}
cylinder {
	<46.432774, 34.811321, 50.677998>,  <45.867744, 34.475296, 50.712440>, 0.130000
	pigment { color rgbt <1,0,0,0> }
	no_shadow
}

// nucleotide -1

// particle -1
sphere {
	<46.432774, 34.811321, 50.677998> 0.250000
	pigment { color rgbt <1,0,0,0> }
	no_shadow
}
cylinder {
	<46.368595, 34.879555, 51.066875>,  <46.330090, 34.920494, 51.300201>, 0.100000
	pigment { color rgbt <1,0,0,0> }
	no_shadow
}
cylinder {
	<46.368595, 34.879555, 51.066875>,  <46.432774, 34.811321, 50.677998>, 0.100000
	pigment { color rgbt <1,0,0,0> }
	no_shadow
}

// particle -1
sphere {
	<46.368595, 34.879555, 51.066875> 0.100000
	pigment { color rgbt <1,0,0,0> }
	no_shadow
}
sphere {
	0, 1
	scale<0.080000,0.200000,0.300000>
	matrix <0.967964, -0.165540, 0.188790,
		0.193141, 0.971338, -0.138561,
		-0.160442, 0.170586, 0.972193,
		46.320461, 34.930729, 51.358532>
	pigment { color rgbt <0,1,1,0> }
	no_shadow
}
cylinder {
	<47.035091, 35.164989, 50.842670>,  <46.432774, 34.811321, 50.677998>, 0.130000
	pigment { color rgbt <1,0,0,0> }
	no_shadow
}

// nucleotide -1

// particle -1
sphere {
	<47.035091, 35.164989, 50.842670> 0.250000
	pigment { color rgbt <1,0,0,0> }
	no_shadow
}
cylinder {
	<46.886761, 35.030865, 51.189095>,  <46.797764, 34.950390, 51.396950>, 0.100000
	pigment { color rgbt <1,0,0,0> }
	no_shadow
}
cylinder {
	<46.886761, 35.030865, 51.189095>,  <47.035091, 35.164989, 50.842670>, 0.100000
	pigment { color rgbt <1,0,0,0> }
	no_shadow
}

// particle -1
sphere {
	<46.886761, 35.030865, 51.189095> 0.100000
	pigment { color rgbt <1,0,0,0> }
	no_shadow
}
sphere {
	0, 1
	scale<0.080000,0.200000,0.300000>
	matrix <0.925068, -0.215788, 0.312544,
		0.082084, 0.917060, 0.390208,
		-0.370824, -0.335314, 0.866056,
		46.775513, 34.930271, 51.448910>
	pigment { color rgbt <0,1,1,0> }
	no_shadow
}
cylinder {
	<47.456627, 35.451973, 51.330688>,  <47.035091, 35.164989, 50.842670>, 0.130000
	pigment { color rgbt <1,0,0,0> }
	no_shadow
}

// nucleotide -1

// particle -1
sphere {
	<47.456627, 35.451973, 51.330688> 0.250000
	pigment { color rgbt <1,0,0,0> }
	no_shadow
}
cylinder {
	<47.276745, 35.137901, 51.500984>,  <47.168816, 34.949459, 51.603161>, 0.100000
	pigment { color rgbt <1,0,0,0> }
	no_shadow
}
cylinder {
	<47.276745, 35.137901, 51.500984>,  <47.456627, 35.451973, 51.330688>, 0.100000
	pigment { color rgbt <1,0,0,0> }
	no_shadow
}

// particle -1
sphere {
	<47.276745, 35.137901, 51.500984> 0.100000
	pigment { color rgbt <1,0,0,0> }
	no_shadow
}
sphere {
	0, 1
	scale<0.080000,0.200000,0.300000>
	matrix <0.863116, -0.259408, 0.433287,
		-0.229768, 0.562316, 0.794359,
		-0.449708, -0.785180, 0.425741,
		47.141834, 34.902348, 51.628708>
	pigment { color rgbt <0,1,1,0> }
	no_shadow
}
cylinder {
	<47.834110, 35.422504, 52.057644>,  <47.456627, 35.451973, 51.330688>, 0.130000
	pigment { color rgbt <1,0,0,0> }
	no_shadow
}

// nucleotide -1

// particle -1
sphere {
	<47.834110, 35.422504, 52.057644> 0.250000
	pigment { color rgbt <1,0,0,0> }
	no_shadow
}
cylinder {
	<47.695133, 35.058895, 51.965599>,  <47.611748, 34.840729, 51.910370>, 0.100000
	pigment { color rgbt <1,0,0,0> }
	no_shadow
}
cylinder {
	<47.695133, 35.058895, 51.965599>,  <47.834110, 35.422504, 52.057644>, 0.100000
	pigment { color rgbt <1,0,0,0> }
	no_shadow
}

// particle -1
sphere {
	<47.695133, 35.058895, 51.965599> 0.100000
	pigment { color rgbt <1,0,0,0> }
	no_shadow
}
sphere {
	0, 1
	scale<0.080000,0.200000,0.300000>
	matrix <0.868203, -0.404570, 0.287310,
		-0.354271, -0.099963, 0.929785,
		-0.347443, -0.909027, -0.230116,
		47.590900, 34.786186, 51.896564>
	pigment { color rgbt <0,1,1,0> }
	no_shadow
}
// strand 1

// nucleotide -1

// particle -1
sphere {
	<24.465364, 35.310905, 51.730091> 0.250000
	pigment { color rgbt <0,1,0,0> }
	no_shadow
}
cylinder {
	<24.406839, 35.019775, 51.998081>,  <24.371723, 34.845097, 52.158875>, 0.100000
	pigment { color rgbt <0,1,0,0> }
	no_shadow
}
cylinder {
	<24.406839, 35.019775, 51.998081>,  <24.465364, 35.310905, 51.730091>, 0.100000
	pigment { color rgbt <0,1,0,0> }
	no_shadow
}

// particle -1
sphere {
	<24.406839, 35.019775, 51.998081> 0.100000
	pigment { color rgbt <0,1,0,0> }
	no_shadow
}
sphere {
	0, 1
	scale<0.080000,0.200000,0.300000>
	matrix <0.989185, -0.100617, 0.106722,
		-0.010264, 0.678342, 0.734675,
		-0.146315, -0.727825, 0.669973,
		24.362946, 34.801430, 52.199074>
	pigment { color rgbt <0,1,1,0> }
	no_shadow
}
cylinder {
	<24.724970, 35.435562, 52.378929>,  <24.465364, 35.310905, 51.730091>, 0.130000
	pigment { color rgbt <0,1,0,0> }
	no_shadow
}

// nucleotide -1

// particle -1
sphere {
	<24.724970, 35.435562, 52.378929> 0.250000
	pigment { color rgbt <0,1,0,0> }
	no_shadow
}
cylinder {
	<24.738770, 35.038914, 52.329140>,  <24.747049, 34.800922, 52.299267>, 0.100000
	pigment { color rgbt <0,1,0,0> }
	no_shadow
}
cylinder {
	<24.738770, 35.038914, 52.329140>,  <24.724970, 35.435562, 52.378929>, 0.100000
	pigment { color rgbt <0,1,0,0> }
	no_shadow
}

// particle -1
sphere {
	<24.738770, 35.038914, 52.329140> 0.100000
	pigment { color rgbt <0,1,0,0> }
	no_shadow
}
sphere {
	0, 1
	scale<0.080000,0.200000,0.300000>
	matrix <0.984813, 0.012524, 0.173163,
		-0.170154, -0.128557, 0.976996,
		0.034498, -0.991623, -0.124474,
		24.749119, 34.741428, 52.291798>
	pigment { color rgbt <0,1,1,0> }
	no_shadow
}
cylinder {
	<25.232489, 35.225468, 52.817104>,  <24.724970, 35.435562, 52.378929>, 0.130000
	pigment { color rgbt <0,1,0,0> }
	no_shadow
}

// nucleotide -1

// particle -1
sphere {
	<25.232489, 35.225468, 52.817104> 0.250000
	pigment { color rgbt <0,1,0,0> }
	no_shadow
}
cylinder {
	<25.213284, 34.890953, 52.598629>,  <25.201761, 34.690243, 52.467545>, 0.100000
	pigment { color rgbt <0,1,0,0> }
	no_shadow
}
cylinder {
	<25.213284, 34.890953, 52.598629>,  <25.232489, 35.225468, 52.817104>, 0.100000
	pigment { color rgbt <0,1,0,0> }
	no_shadow
}

// particle -1
sphere {
	<25.213284, 34.890953, 52.598629> 0.100000
	pigment { color rgbt <0,1,0,0> }
	no_shadow
}
sphere {
	0, 1
	scale<0.080000,0.200000,0.300000>
	matrix <0.995738, -0.083182, 0.039833,
		-0.078744, -0.541947, 0.836715,
		-0.048012, -0.836286, -0.546187,
		25.198879, 34.640068, 52.434772>
	pigment { color rgbt <0,1,1,0> }
	no_shadow
}
cylinder {
	<25.679926, 34.769497, 53.096138>,  <25.232489, 35.225468, 52.817104>, 0.130000
	pigment { color rgbt <0,1,0,0> }
	no_shadow
}

// nucleotide -1

// particle -1
sphere {
	<25.679926, 34.769497, 53.096138> 0.250000
	pigment { color rgbt <0,1,0,0> }
	no_shadow
}
cylinder {
	<25.620066, 34.605793, 52.736111>,  <25.584150, 34.507572, 52.520096>, 0.100000
	pigment { color rgbt <0,1,0,0> }
	no_shadow
}
cylinder {
	<25.620066, 34.605793, 52.736111>,  <25.679926, 34.769497, 53.096138>, 0.100000
	pigment { color rgbt <0,1,0,0> }
	no_shadow
}

// particle -1
sphere {
	<25.620066, 34.605793, 52.736111> 0.100000
	pigment { color rgbt <0,1,0,0> }
	no_shadow
}
sphere {
	0, 1
	scale<0.080000,0.200000,0.300000>
	matrix <0.972268, -0.226379, -0.058720,
		-0.179724, -0.883890, 0.431784,
		-0.149649, -0.409256, -0.900064,
		25.575171, 34.483017, 52.466091>
	pigment { color rgbt <0,1,1,0> }
	no_shadow
}
cylinder {
	<26.055452, 34.180321, 53.180805>,  <25.679926, 34.769497, 53.096138>, 0.130000
	pigment { color rgbt <0,1,0,0> }
	no_shadow
}

// nucleotide -1

// particle -1
sphere {
	<26.055452, 34.180321, 53.180805> 0.250000
	pigment { color rgbt <0,1,0,0> }
	no_shadow
}
cylinder {
	<25.997639, 34.261768, 52.793476>,  <25.962952, 34.310638, 52.561077>, 0.100000
	pigment { color rgbt <0,1,0,0> }
	no_shadow
}
cylinder {
	<25.997639, 34.261768, 52.793476>,  <26.055452, 34.180321, 53.180805>, 0.100000
	pigment { color rgbt <0,1,0,0> }
	no_shadow
}

// particle -1
sphere {
	<25.997639, 34.261768, 52.793476> 0.100000
	pigment { color rgbt <0,1,0,0> }
	no_shadow
}
sphere {
	0, 1
	scale<0.080000,0.200000,0.300000>
	matrix <0.973063, -0.148377, -0.176441,
		-0.179604, -0.967741, -0.176691,
		-0.144533, 0.203622, -0.968323,
		25.954279, 34.322853, 52.502979>
	pigment { color rgbt <0,1,1,0> }
	no_shadow
}
cylinder {
	<26.260490, 33.634632, 52.861942>,  <26.055452, 34.180321, 53.180805>, 0.130000
	pigment { color rgbt <0,1,0,0> }
	no_shadow
}

// nucleotide -1

// particle -1
sphere {
	<26.260490, 33.634632, 52.861942> 0.250000
	pigment { color rgbt <0,1,0,0> }
	no_shadow
}
cylinder {
	<26.292542, 33.929699, 52.593784>,  <26.311773, 34.106739, 52.432888>, 0.100000
	pigment { color rgbt <0,1,0,0> }
	no_shadow
}
cylinder {
	<26.292542, 33.929699, 52.593784>,  <26.260490, 33.634632, 52.861942>, 0.100000
	pigment { color rgbt <0,1,0,0> }
	no_shadow
}

// particle -1
sphere {
	<26.292542, 33.929699, 52.593784> 0.100000
	pigment { color rgbt <0,1,0,0> }
	no_shadow
}
sphere {
	0, 1
	scale<0.080000,0.200000,0.300000>
	matrix <0.950503, -0.259103, -0.171492,
		-0.300205, -0.623474, -0.721913,
		0.080129, 0.737663, -0.670398,
		26.316580, 34.150997, 52.392666>
	pigment { color rgbt <0,1,1,0> }
	no_shadow
}
cylinder {
	<26.826082, 33.409222, 52.521263>,  <26.260490, 33.634632, 52.861942>, 0.130000
	pigment { color rgbt <0,1,0,0> }
	no_shadow
}

// nucleotide -1

// particle -1
sphere {
	<26.826082, 33.409222, 52.521263> 0.250000
	pigment { color rgbt <0,1,0,0> }
	no_shadow
}
cylinder {
	<26.811380, 33.779743, 52.371269>,  <26.802559, 34.002056, 52.281273>, 0.100000
	pigment { color rgbt <0,1,0,0> }
	no_shadow
}
cylinder {
	<26.811380, 33.779743, 52.371269>,  <26.826082, 33.409222, 52.521263>, 0.100000
	pigment { color rgbt <0,1,0,0> }
	no_shadow
}

// particle -1
sphere {
	<26.811380, 33.779743, 52.371269> 0.100000
	pigment { color rgbt <0,1,0,0> }
	no_shadow
}
sphere {
	0, 1
	scale<0.080000,0.200000,0.300000>
	matrix <0.995097, -0.000556, -0.098906,
		-0.091825, -0.376786, -0.921738,
		-0.036754, 0.926300, -0.374989,
		26.800354, 34.057632, 52.258774>
	pigment { color rgbt <0,1,1,0> }
	no_shadow
}
cylinder {
	<27.065199, 33.355671, 51.850914>,  <26.826082, 33.409222, 52.521263>, 0.130000
	pigment { color rgbt <0,1,0,0> }
	no_shadow
}

// nucleotide -1

// particle -1
sphere {
	<27.065199, 33.355671, 51.850914> 0.250000
	pigment { color rgbt <0,1,0,0> }
	no_shadow
}
cylinder {
	<27.103830, 33.740582, 51.952656>,  <27.127010, 33.971527, 52.013702>, 0.100000
	pigment { color rgbt <0,1,0,0> }
	no_shadow
}
cylinder {
	<27.103830, 33.740582, 51.952656>,  <27.065199, 33.355671, 51.850914>, 0.100000
	pigment { color rgbt <0,1,0,0> }
	no_shadow
}

// particle -1
sphere {
	<27.103830, 33.740582, 51.952656> 0.100000
	pigment { color rgbt <0,1,0,0> }
	no_shadow
}
sphere {
	0, 1
	scale<0.080000,0.200000,0.300000>
	matrix <0.909846, 0.018258, -0.414545,
		-0.403551, 0.271463, -0.873759,
		0.096580, 0.962276, 0.254358,
		27.132805, 34.029263, 52.028961>
	pigment { color rgbt <0,1,1,0> }
	no_shadow
}
cylinder {
	<27.352831, 33.711838, 51.278339>,  <27.065199, 33.355671, 51.850914>, 0.130000
	pigment { color rgbt <0,1,0,0> }
	no_shadow
}

// nucleotide -1

// particle -1
sphere {
	<27.352831, 33.711838, 51.278339> 0.250000
	pigment { color rgbt <0,1,0,0> }
	no_shadow
}
cylinder {
	<27.437298, 33.942272, 51.594196>,  <27.487978, 34.080532, 51.783710>, 0.100000
	pigment { color rgbt <0,1,0,0> }
	no_shadow
}
cylinder {
	<27.437298, 33.942272, 51.594196>,  <27.352831, 33.711838, 51.278339>, 0.100000
	pigment { color rgbt <0,1,0,0> }
	no_shadow
}

// particle -1
sphere {
	<27.437298, 33.942272, 51.594196> 0.100000
	pigment { color rgbt <0,1,0,0> }
	no_shadow
}
sphere {
	0, 1
	scale<0.080000,0.200000,0.300000>
	matrix <0.913589, 0.170893, -0.368987,
		-0.347511, 0.799328, -0.490215,
		0.211168, 0.576082, 0.789644,
		27.500648, 34.115097, 51.831089>
	pigment { color rgbt <0,1,1,0> }
	no_shadow
}
cylinder {
	<27.580421, 34.343452, 51.036491>,  <27.352831, 33.711838, 51.278339>, 0.130000
	pigment { color rgbt <0,1,0,0> }
	no_shadow
}

// nucleotide -1

// particle -1
sphere {
	<27.580421, 34.343452, 51.036491> 0.250000
	pigment { color rgbt <0,1,0,0> }
	no_shadow
}
cylinder {
	<27.720673, 34.325493, 51.410667>,  <27.804823, 34.314716, 51.635174>, 0.100000
	pigment { color rgbt <0,1,0,0> }
	no_shadow
}
cylinder {
	<27.720673, 34.325493, 51.410667>,  <27.580421, 34.343452, 51.036491>, 0.100000
	pigment { color rgbt <0,1,0,0> }
	no_shadow
}

// particle -1
sphere {
	<27.720673, 34.325493, 51.410667> 0.100000
	pigment { color rgbt <0,1,0,0> }
	no_shadow
}
sphere {
	0, 1
	scale<0.080000,0.200000,0.300000>
	matrix <0.911078, 0.247573, -0.329613,
		-0.216789, 0.967828, 0.127716,
		0.350628, -0.044903, 0.935438,
		27.825861, 34.312023, 51.691299>
	pigment { color rgbt <0,1,1,0> }
	no_shadow
}
cylinder {
	<27.975939, 34.963882, 51.083569>,  <27.580421, 34.343452, 51.036491>, 0.130000
	pigment { color rgbt <0,1,0,0> }
	no_shadow
}

// nucleotide -1

// particle -1
sphere {
	<27.975939, 34.963882, 51.083569> 0.250000
	pigment { color rgbt <0,1,0,0> }
	no_shadow
}
cylinder {
	<28.100227, 34.736782, 51.388493>,  <28.174801, 34.600521, 51.571445>, 0.100000
	pigment { color rgbt <0,1,0,0> }
	no_shadow
}
cylinder {
	<28.100227, 34.736782, 51.388493>,  <27.975939, 34.963882, 51.083569>, 0.100000
	pigment { color rgbt <0,1,0,0> }
	no_shadow
}

// particle -1
sphere {
	<28.100227, 34.736782, 51.388493> 0.100000
	pigment { color rgbt <0,1,0,0> }
	no_shadow
}
sphere {
	0, 1
	scale<0.080000,0.200000,0.300000>
	matrix <0.949497, 0.148553, -0.276381,
		0.043673, 0.809686, 0.585237,
		0.310721, -0.567751, 0.762307,
		28.193443, 34.566456, 51.617184>
	pigment { color rgbt <0,1,1,0> }
	no_shadow
}
cylinder {
	<28.331064, 35.384457, 51.512409>,  <27.975939, 34.963882, 51.083569>, 0.130000
	pigment { color rgbt <0,1,0,0> }
	no_shadow
}

// nucleotide -1

// particle -1
sphere {
	<28.331064, 35.384457, 51.512409> 0.250000
	pigment { color rgbt <0,1,0,0> }
	no_shadow
}
cylinder {
	<28.459606, 35.015865, 51.599686>,  <28.536732, 34.794708, 51.652050>, 0.100000
	pigment { color rgbt <0,1,0,0> }
	no_shadow
}
cylinder {
	<28.459606, 35.015865, 51.599686>,  <28.331064, 35.384457, 51.512409>, 0.100000
	pigment { color rgbt <0,1,0,0> }
	no_shadow
}

// particle -1
sphere {
	<28.459606, 35.015865, 51.599686> 0.100000
	pigment { color rgbt <0,1,0,0> }
	no_shadow
}
sphere {
	0, 1
	scale<0.080000,0.200000,0.300000>
	matrix <0.932969, 0.268627, -0.239600,
		0.162175, 0.280558, 0.946037,
		0.321353, -0.921481, 0.218187,
		28.556011, 34.739422, 51.665142>
	pigment { color rgbt <0,1,1,0> }
	no_shadow
}
cylinder {
	<28.942493, 35.451290, 51.673100>,  <28.331064, 35.384457, 51.512409>, 0.130000
	pigment { color rgbt <0,1,0,0> }
	no_shadow
}

// nucleotide -1

// particle -1
sphere {
	<28.942493, 35.451290, 51.673100> 0.250000
	pigment { color rgbt <0,1,0,0> }
	no_shadow
}
cylinder {
	<28.925493, 35.054901, 51.622227>,  <28.915293, 34.817070, 51.591702>, 0.100000
	pigment { color rgbt <0,1,0,0> }
	no_shadow
}
cylinder {
	<28.925493, 35.054901, 51.622227>,  <28.942493, 35.451290, 51.673100>, 0.100000
	pigment { color rgbt <0,1,0,0> }
	no_shadow
}

// particle -1
sphere {
	<28.925493, 35.054901, 51.622227> 0.100000
	pigment { color rgbt <0,1,0,0> }
	no_shadow
}
sphere {
	0, 1
	scale<0.080000,0.200000,0.300000>
	matrix <0.912869, 0.013216, -0.408038,
		0.406033, -0.133446, 0.904063,
		-0.042503, -0.990968, -0.127185,
		28.912743, 34.757610, 51.584072>
	pigment { color rgbt <0,1,1,0> }
	no_shadow
}
cylinder {
	<29.538052, 35.169586, 51.995087>,  <28.942493, 35.451290, 51.673100>, 0.130000
	pigment { color rgbt <0,1,0,0> }
	no_shadow
}

// nucleotide -1

// particle -1
sphere {
	<29.538052, 35.169586, 51.995087> 0.250000
	pigment { color rgbt <0,1,0,0> }
	no_shadow
}
cylinder {
	<29.459272, 34.904087, 51.706463>,  <29.412004, 34.744785, 51.533287>, 0.100000
	pigment { color rgbt <0,1,0,0> }
	no_shadow
}
cylinder {
	<29.459272, 34.904087, 51.706463>,  <29.538052, 35.169586, 51.995087>, 0.100000
	pigment { color rgbt <0,1,0,0> }
	no_shadow
}

// particle -1
sphere {
	<29.459272, 34.904087, 51.706463> 0.100000
	pigment { color rgbt <0,1,0,0> }
	no_shadow
}
sphere {
	0, 1
	scale<0.080000,0.200000,0.300000>
	matrix <0.980066, -0.152885, -0.126870,
		-0.026106, -0.732163, 0.680629,
		-0.196948, -0.663750, -0.721560,
		29.400188, 34.704964, 51.489994>
	pigment { color rgbt <0,1,1,0> }
	no_shadow
}
cylinder {
	<30.042891, 34.527538, 52.137012>,  <29.538052, 35.169586, 51.995087>, 0.130000
	pigment { color rgbt <0,1,0,0> }
	no_shadow
}

// nucleotide -1

// particle -1
sphere {
	<30.042891, 34.527538, 52.137012> 0.250000
	pigment { color rgbt <0,1,0,0> }
	no_shadow
}
cylinder {
	<29.893314, 34.515621, 51.766224>,  <29.803568, 34.508469, 51.543751>, 0.100000
	pigment { color rgbt <0,1,0,0> }
	no_shadow
}
cylinder {
	<29.893314, 34.515621, 51.766224>,  <30.042891, 34.527538, 52.137012>, 0.100000
	pigment { color rgbt <0,1,0,0> }
	no_shadow
}

// particle -1
sphere {
	<29.893314, 34.515621, 51.766224> 0.100000
	pigment { color rgbt <0,1,0,0> }
	no_shadow
}
sphere {
	0, 1
	scale<0.080000,0.200000,0.300000>
	matrix <0.922113, -0.119041, -0.368153,
		-0.099379, -0.992442, 0.071988,
		-0.373940, -0.029795, -0.926974,
		29.781132, 34.506683, 51.488132>
	pigment { color rgbt <0,1,1,0> }
	no_shadow
}
cylinder {
	<30.513653, 34.097332, 51.861534>,  <30.042891, 34.527538, 52.137012>, 0.130000
	pigment { color rgbt <0,1,0,0> }
	no_shadow
}

// nucleotide -1

// particle -1
sphere {
	<30.513653, 34.097332, 51.861534> 0.250000
	pigment { color rgbt <0,1,0,0> }
	no_shadow
}
cylinder {
	<30.324774, 34.264206, 51.550926>,  <30.211447, 34.364330, 51.364559>, 0.100000
	pigment { color rgbt <0,1,0,0> }
	no_shadow
}
cylinder {
	<30.324774, 34.264206, 51.550926>,  <30.513653, 34.097332, 51.861534>, 0.100000
	pigment { color rgbt <0,1,0,0> }
	no_shadow
}

// particle -1
sphere {
	<30.324774, 34.264206, 51.550926> 0.100000
	pigment { color rgbt <0,1,0,0> }
	no_shadow
}
sphere {
	0, 1
	scale<0.080000,0.200000,0.300000>
	matrix <0.825008, -0.101114, -0.556002,
		-0.310473, -0.903180, -0.296434,
		-0.472196, 0.417184, -0.776523,
		30.183115, 34.389362, 51.317970>
	pigment { color rgbt <0,1,1,0> }
	no_shadow
}
cylinder {
	<30.754751, 33.718006, 51.301716>,  <30.513653, 34.097332, 51.861534>, 0.130000
	pigment { color rgbt <0,1,0,0> }
	no_shadow
}

// nucleotide -1

// particle -1
sphere {
	<30.754751, 33.718006, 51.301716> 0.250000
	pigment { color rgbt <0,1,0,0> }
	no_shadow
}
cylinder {
	<30.593407, 34.034554, 51.117962>,  <30.496601, 34.224483, 51.007710>, 0.100000
	pigment { color rgbt <0,1,0,0> }
	no_shadow
}
cylinder {
	<30.593407, 34.034554, 51.117962>,  <30.754751, 33.718006, 51.301716>, 0.100000
	pigment { color rgbt <0,1,0,0> }
	no_shadow
}

// particle -1
sphere {
	<30.593407, 34.034554, 51.117962> 0.100000
	pigment { color rgbt <0,1,0,0> }
	no_shadow
}
sphere {
	0, 1
	scale<0.080000,0.200000,0.300000>
	matrix <0.721149, -0.034103, -0.691940,
		-0.563246, -0.610388, -0.556938,
		-0.403359, 0.791368, -0.459389,
		30.472399, 34.271965, 50.980145>
	pigment { color rgbt <0,1,1,0> }
	no_shadow
}
cylinder {
	<30.605440, 33.568909, 50.658802>,  <30.754751, 33.718006, 51.301716>, 0.130000
	pigment { color rgbt <0,1,0,0> }
	no_shadow
}

// nucleotide -1

// particle -1
sphere {
	<30.605440, 33.568909, 50.658802> 0.250000
	pigment { color rgbt <0,1,0,0> }
	no_shadow
}
cylinder {
	<30.676449, 33.962296, 50.673145>,  <30.719053, 34.198326, 50.681751>, 0.100000
	pigment { color rgbt <0,1,0,0> }
	no_shadow
}
cylinder {
	<30.676449, 33.962296, 50.673145>,  <30.605440, 33.568909, 50.658802>, 0.100000
	pigment { color rgbt <0,1,0,0> }
	no_shadow
}

// particle -1
sphere {
	<30.676449, 33.962296, 50.673145> 0.100000
	pigment { color rgbt <0,1,0,0> }
	no_shadow
}
sphere {
	0, 1
	scale<0.080000,0.200000,0.300000>
	matrix <0.818063, -0.127213, -0.560882,
		-0.547045, 0.128904, -0.827119,
		0.177520, 0.983463, 0.035860,
		30.729706, 34.257336, 50.683903>
	pigment { color rgbt <0,1,1,0> }
	no_shadow
}
cylinder {
	<30.848721, 33.820229, 49.929943>,  <30.605440, 33.568909, 50.658802>, 0.130000
	pigment { color rgbt <0,1,0,0> }
	no_shadow
}

// nucleotide -1

// particle -1
sphere {
	<30.848721, 33.820229, 49.929943> 0.250000
	pigment { color rgbt <0,1,0,0> }
	no_shadow
}
cylinder {
	<30.940662, 34.153992, 50.130314>,  <30.995827, 34.354248, 50.250538>, 0.100000
	pigment { color rgbt <0,1,0,0> }
	no_shadow
}
cylinder {
	<30.940662, 34.153992, 50.130314>,  <30.848721, 33.820229, 49.929943>, 0.100000
	pigment { color rgbt <0,1,0,0> }
	no_shadow
}

// particle -1
sphere {
	<30.940662, 34.153992, 50.130314> 0.100000
	pigment { color rgbt <0,1,0,0> }
	no_shadow
}
sphere {
	0, 1
	scale<0.080000,0.200000,0.300000>
	matrix <0.661657, 0.243480, -0.709174,
		-0.713706, 0.494452, -0.496126,
		0.229855, 0.834407, 0.500931,
		31.009619, 34.404312, 50.280594>
	pigment { color rgbt <0,1,1,0> }
	no_shadow
}
cylinder {
	<30.730780, 34.365925, 49.452766>,  <30.848721, 33.820229, 49.929943>, 0.130000
	pigment { color rgbt <0,1,0,0> }
	no_shadow
}

// nucleotide -1

// particle -1
sphere {
	<30.730780, 34.365925, 49.452766> 0.250000
	pigment { color rgbt <0,1,0,0> }
	no_shadow
}
cylinder {
	<30.959249, 34.540474, 49.730858>,  <31.096331, 34.645203, 49.897713>, 0.100000
	pigment { color rgbt <0,1,0,0> }
	no_shadow
}
cylinder {
	<30.959249, 34.540474, 49.730858>,  <30.730780, 34.365925, 49.452766>, 0.100000
	pigment { color rgbt <0,1,0,0> }
	no_shadow
}

// particle -1
sphere {
	<30.959249, 34.540474, 49.730858> 0.100000
	pigment { color rgbt <0,1,0,0> }
	no_shadow
}
sphere {
	0, 1
	scale<0.080000,0.200000,0.300000>
	matrix <0.646905, 0.282036, -0.708498,
		-0.505245, 0.854423, -0.121197,
		0.571175, 0.436369, 0.695228,
		31.130602, 34.671383, 49.939426>
	pigment { color rgbt <0,1,1,0> }
	no_shadow
}
cylinder {
	<30.855764, 35.028370, 49.134415>,  <30.730780, 34.365925, 49.452766>, 0.130000
	pigment { color rgbt <0,1,0,0> }
	no_shadow
}

// nucleotide -1

// particle -1
sphere {
	<30.855764, 35.028370, 49.134415> 0.250000
	pigment { color rgbt <0,1,0,0> }
	no_shadow
}
cylinder {
	<31.129250, 34.936157, 49.411369>,  <31.293341, 34.880829, 49.577541>, 0.100000
	pigment { color rgbt <0,1,0,0> }
	no_shadow
}
cylinder {
	<31.129250, 34.936157, 49.411369>,  <30.855764, 35.028370, 49.134415>, 0.100000
	pigment { color rgbt <0,1,0,0> }
	no_shadow
}

// particle -1
sphere {
	<31.129250, 34.936157, 49.411369> 0.100000
	pigment { color rgbt <0,1,0,0> }
	no_shadow
}
sphere {
	0, 1
	scale<0.080000,0.200000,0.300000>
	matrix <0.728972, 0.259582, -0.633417,
		-0.033710, 0.937803, 0.345528,
		0.683713, -0.230528, 0.692382,
		31.334364, 34.867001, 49.619083>
	pigment { color rgbt <0,1,1,0> }
	no_shadow
}
// strand 2

// nucleotide -1

// particle -1
sphere {
	<23.700195, 34.826580, 35.067783> 0.250000
	pigment { color rgbt <0,0,1,0> }
	no_shadow
}
cylinder {
	<24.080521, 34.871601, 34.952343>,  <24.308716, 34.898613, 34.883080>, 0.100000
	pigment { color rgbt <0,0,1,0> }
	no_shadow
}
cylinder {
	<24.080521, 34.871601, 34.952343>,  <23.700195, 34.826580, 35.067783>, 0.100000
	pigment { color rgbt <0,0,1,0> }
	no_shadow
}

// particle -1
sphere {
	<24.080521, 34.871601, 34.952343> 0.100000
	pigment { color rgbt <0,0,1,0> }
	no_shadow
}
sphere {
	0, 1
	scale<0.080000,0.200000,0.300000>
	matrix <-0.028828, 0.959766, 0.279317,
		0.308425, -0.257258, 0.915801,
		0.950812, 0.112549, -0.288600,
		24.365765, 34.905365, 34.865765>
	pigment { color rgbt <0,1,1,0> }
	no_shadow
}
cylinder {
	<24.137152, 35.144814, 35.633595>,  <23.700195, 34.826580, 35.067783>, 0.130000
