// switches for output
#declare DRAW_BASES = 1; // possible values are 0, 1; only relevant for DNA ribbons
#declare DRAW_BASES_TYPE = 3; // possible values are 1, 2, 3; only relevant for DNA ribbons
#declare DRAW_FOG = 0; // set to 1 to enable fog

#include "colors.inc"

#include "transforms.inc"
background { rgb <1, 1, 1>}

#default {
   normal{
       ripples 0.25
       frequency 0.20
       turbulence 0.2
       lambda 5
   }
	finish {
		phong 0.1
		phong_size 40.
	}
}

// original window dimensions: 1024x640


// camera settings

camera {
	sky <0, 0.179814, -0.983701>
	up <0, 0.179814, -0.983701>
	right 1.6 * <1, 0, 0>
	location <35, 92.5046, 58.4545>
	look_at <35, 26.874, 46.4577>
	direction <0, -65.6306, -11.9968>
	angle 67.0682
}


# declare cpy_camera_pos = <35, 92.5046, 58.4545>;
# if (DRAW_FOG = 1)
fog {
	fog_type 2
	up vnormalize(cpy_camera_pos)
	color rgbt<1,1,1,0.3>
	distance 1e-5
	fog_alt 3e-3
	fog_offset 56
}
# end


// LIGHTS

# declare lum = 6;
global_settings {
	ambient_light rgb lum * <0.05, 0.05, 0.05>
	max_trace_level 15
}# declare cpy_direct_light_amount = 0.25;
light_source
{	1000 * <-1, -1.16351, -0.803887>,
	rgb lum * cpy_direct_light_amount
	parallel
}

light_source
{	1000 * <1, 1.16351, 0.803887>,
	rgb lum * cpy_direct_light_amount
	parallel
}

// strand 0

// nucleotide -1

// particle -1
sphere {
	<40.295235, 34.075916, 49.087868> 0.250000
	pigment { color rgbt <1,0,0,0> }
	no_shadow
}
cylinder {
	<40.215054, 33.727448, 49.267151>,  <40.166946, 33.518368, 49.374722>, 0.100000
	pigment { color rgbt <1,0,0,0> }
	no_shadow
}
cylinder {
	<40.215054, 33.727448, 49.267151>,  <40.295235, 34.075916, 49.087868>, 0.100000
	pigment { color rgbt <1,0,0,0> }
	no_shadow
}

// particle -1
sphere {
	<40.215054, 33.727448, 49.267151> 0.100000
	pigment { color rgbt <1,0,0,0> }
	no_shadow
}
sphere {
	0, 1
	scale<0.080000,0.200000,0.300000>
	matrix <0.678396, 0.206638, 0.705038,
		-0.706822, 0.445386, 0.549576,
		-0.200451, -0.871167, 0.448204,
		40.154919, 33.466099, 49.401611>
	pigment { color rgbt <0,1,1,0> }
	no_shadow
}
cylinder {
	<40.333084, 34.142334, 49.896172>,  <40.295235, 34.075916, 49.087868>, 0.130000
	pigment { color rgbt <1,0,0,0> }
	no_shadow
}

// nucleotide -1

// particle -1
sphere {
	<40.333084, 34.142334, 49.896172> 0.250000
	pigment { color rgbt <1,0,0,0> }
	no_shadow
}
cylinder {
	<40.437805, 33.765377, 49.812889>,  <40.500637, 33.539204, 49.762920>, 0.100000
	pigment { color rgbt <1,0,0,0> }
	no_shadow
}
cylinder {
	<40.437805, 33.765377, 49.812889>,  <40.333084, 34.142334, 49.896172>, 0.100000
	pigment { color rgbt <1,0,0,0> }
	no_shadow
}

// particle -1
sphere {
	<40.437805, 33.765377, 49.812889> 0.100000
	pigment { color rgbt <1,0,0,0> }
	no_shadow
}
sphere {
	0, 1
	scale<0.080000,0.200000,0.300000>
	matrix <0.737874, 0.056392, 0.672578,
		-0.622092, -0.329718, 0.710132,
		0.261806, -0.942394, -0.208209,
		40.516346, 33.482658, 49.750427>
	pigment { color rgbt <0,1,1,0> }
	no_shadow
}
cylinder {
	<40.555641, 33.920143, 50.479233>,  <40.333084, 34.142334, 49.896172>, 0.130000
	pigment { color rgbt <1,0,0,0> }
	no_shadow
}

// nucleotide -1

// particle -1
sphere {
	<40.555641, 33.920143, 50.479233> 0.250000
	pigment { color rgbt <1,0,0,0> }
	no_shadow
}
cylinder {
	<40.708641, 33.642189, 50.235649>,  <40.800442, 33.475418, 50.089500>, 0.100000
	pigment { color rgbt <1,0,0,0> }
	no_shadow
}
cylinder {
	<40.708641, 33.642189, 50.235649>,  <40.555641, 33.920143, 50.479233>, 0.100000
	pigment { color rgbt <1,0,0,0> }
	no_shadow
}

// particle -1
sphere {
	<40.708641, 33.642189, 50.235649> 0.100000
	pigment { color rgbt <1,0,0,0> }
	no_shadow
}
sphere {
	0, 1
	scale<0.080000,0.200000,0.300000>
	matrix <0.830561, -0.030157, 0.556111,
		-0.404797, -0.718489, 0.565609,
		0.382503, -0.694884, -0.608956,
		40.823391, 33.433723, 50.052963>
	pigment { color rgbt <0,1,1,0> }
	no_shadow
}
cylinder {
	<40.751659, 33.261585, 50.913418>,  <40.555641, 33.920143, 50.479233>, 0.130000
	pigment { color rgbt <1,0,0,0> }
	no_shadow
}

// nucleotide -1

// particle -1
sphere {
	<40.751659, 33.261585, 50.913418> 0.250000
	pigment { color rgbt <1,0,0,0> }
	no_shadow
}
cylinder {
	<40.985092, 33.249496, 50.588821>,  <41.125153, 33.242245, 50.394062>, 0.100000
	pigment { color rgbt <1,0,0,0> }
	no_shadow
}
cylinder {
	<40.985092, 33.249496, 50.588821>,  <40.751659, 33.261585, 50.913418>, 0.100000
	pigment { color rgbt <1,0,0,0> }
	no_shadow
}

// particle -1
sphere {
	<40.985092, 33.249496, 50.588821> 0.100000
	pigment { color rgbt <1,0,0,0> }
	no_shadow
}
sphere {
	0, 1
	scale<0.080000,0.200000,0.300000>
	matrix <0.805215, -0.107866, 0.583090,
		-0.105149, -0.993706, -0.038622,
		0.583586, -0.030212, -0.811489,
		41.160168, 33.240429, 50.345375>
	pigment { color rgbt <0,1,1,0> }
	no_shadow
}
cylinder {
	<41.221630, 32.848957, 51.098976>,  <40.751659, 33.261585, 50.913418>, 0.130000
	pigment { color rgbt <1,0,0,0> }
	no_shadow
}

// nucleotide -1

// particle -1
sphere {
	<41.221630, 32.848957, 51.098976> 0.250000
	pigment { color rgbt <1,0,0,0> }
	no_shadow
}
cylinder {
	<41.391083, 32.989346, 50.764946>,  <41.492756, 33.073578, 50.564526>, 0.100000
	pigment { color rgbt <1,0,0,0> }
	no_shadow
}
cylinder {
	<41.391083, 32.989346, 50.764946>,  <41.221630, 32.848957, 51.098976>, 0.100000
	pigment { color rgbt <1,0,0,0> }
	no_shadow
}

// particle -1
sphere {
	<41.391083, 32.989346, 50.764946> 0.100000
	pigment { color rgbt <1,0,0,0> }
	no_shadow
}
sphere {
	0, 1
	scale<0.080000,0.200000,0.300000>
	matrix <0.904693, -0.210203, 0.370601,
		-0.045465, -0.912487, -0.406571,
		0.423631, 0.350973, -0.835077,
		41.518173, 33.094639, 50.514423>
	pigment { color rgbt <0,1,1,0> }
	no_shadow
}
cylinder {
	<41.915665, 32.376614, 50.937447>,  <41.221630, 32.848957, 51.098976>, 0.130000
	pigment { color rgbt <1,0,0,0> }
	no_shadow
}

// nucleotide -1

// particle -1
sphere {
	<41.915665, 32.376614, 50.937447> 0.250000
	pigment { color rgbt <1,0,0,0> }
	no_shadow
}
cylinder {
	<41.955757, 32.723812, 50.742908>,  <41.979813, 32.932133, 50.626186>, 0.100000
	pigment { color rgbt <1,0,0,0> }
	no_shadow
}
cylinder {
	<41.955757, 32.723812, 50.742908>,  <41.915665, 32.376614, 50.937447>, 0.100000
	pigment { color rgbt <1,0,0,0> }
	no_shadow
}

// particle -1
sphere {
	<41.955757, 32.723812, 50.742908> 0.100000
	pigment { color rgbt <1,0,0,0> }
	no_shadow
}
sphere {
	0, 1
	scale<0.080000,0.200000,0.300000>
	matrix <0.965828, 0.032549, 0.257132,
		0.239020, -0.495500, -0.835075,
		0.100228, 0.867998, -0.486347,
		41.985825, 32.984211, 50.597004>
	pigment { color rgbt <0,1,1,0> }
	no_shadow
}
cylinder {
	<42.547890, 32.282864, 50.554852>,  <41.915665, 32.376614, 50.937447>, 0.130000
	pigment { color rgbt <1,0,0,0> }
	no_shadow
}

// nucleotide -1

// particle -1
sphere {
	<42.547890, 32.282864, 50.554852> 0.250000
	pigment { color rgbt <1,0,0,0> }
	no_shadow
}
cylinder {
	<42.487625, 32.678165, 50.565105>,  <42.451466, 32.915344, 50.571259>, 0.100000
	pigment { color rgbt <1,0,0,0> }
	no_shadow
}
cylinder {
	<42.487625, 32.678165, 50.565105>,  <42.547890, 32.282864, 50.554852>, 0.100000
	pigment { color rgbt <1,0,0,0> }
	no_shadow
}

// particle -1
sphere {
	<42.487625, 32.678165, 50.565105> 0.100000
	pigment { color rgbt <1,0,0,0> }
	no_shadow
}
sphere {
	0, 1
	scale<0.080000,0.200000,0.300000>
	matrix <0.987935, 0.149574, 0.040150,
		0.035845, 0.031370, -0.998865,
		-0.150664, 0.988253, 0.025630,
		42.442425, 32.974640, 50.572796>
	pigment { color rgbt <0,1,1,0> }
	no_shadow
}
cylinder {
	<43.185272, 32.545937, 50.385788>,  <42.547890, 32.282864, 50.554852>, 0.130000
	pigment { color rgbt <1,0,0,0> }
	no_shadow
}

// nucleotide -1

// particle -1
sphere {
	<43.185272, 32.545937, 50.385788> 0.250000
	pigment { color rgbt <1,0,0,0> }
	no_shadow
}
cylinder {
	<43.005566, 32.849190, 50.574848>,  <42.897743, 33.031143, 50.688286>, 0.100000
	pigment { color rgbt <1,0,0,0> }
	no_shadow
}
cylinder {
	<43.005566, 32.849190, 50.574848>,  <43.185272, 32.545937, 50.385788>, 0.100000
	pigment { color rgbt <1,0,0,0> }
	no_shadow
}

// particle -1
sphere {
	<43.005566, 32.849190, 50.574848> 0.100000
	pigment { color rgbt <1,0,0,0> }
	no_shadow
}
sphere {
	0, 1
	scale<0.080000,0.200000,0.300000>
	matrix <0.891247, 0.343623, 0.295976,
		0.061975, 0.554220, -0.830060,
		-0.449264, 0.758131, 0.472651,
		42.870785, 33.076630, 50.716644>
	pigment { color rgbt <0,1,1,0> }
	no_shadow
}
cylinder {
	<43.697449, 33.118042, 50.398869>,  <43.185272, 32.545937, 50.385788>, 0.130000
	pigment { color rgbt <1,0,0,0> }
	no_shadow
}

// nucleotide -1

// particle -1
sphere {
	<43.697449, 33.118042, 50.398869> 0.250000
	pigment { color rgbt <1,0,0,0> }
	no_shadow
}
cylinder {
	<43.429253, 33.199444, 50.684254>,  <43.268337, 33.248283, 50.855484>, 0.100000
	pigment { color rgbt <1,0,0,0> }
	no_shadow
}
cylinder {
	<43.429253, 33.199444, 50.684254>,  <43.697449, 33.118042, 50.398869>, 0.100000
	pigment { color rgbt <1,0,0,0> }
	no_shadow
}

// particle -1
sphere {
	<43.429253, 33.199444, 50.684254> 0.100000
	pigment { color rgbt <1,0,0,0> }
	no_shadow
}
sphere {
	0, 1
	scale<0.080000,0.200000,0.300000>
	matrix <0.727622, 0.368252, 0.578754,
		-0.144959, 0.907181, -0.394980,
		-0.670487, 0.203501, 0.713466,
		43.228107, 33.260494, 50.898293>
	pigment { color rgbt <0,1,1,0> }
	no_shadow
}
cylinder {
	<43.656071, 33.815609, 50.377136>,  <43.697449, 33.118042, 50.398869>, 0.130000
	pigment { color rgbt <1,0,0,0> }
	no_shadow
}

// nucleotide -1

// particle -1
sphere {
	<43.656071, 33.815609, 50.377136> 0.250000
	pigment { color rgbt <1,0,0,0> }
	no_shadow
}
cylinder {
	<43.531075, 33.693279, 50.736874>,  <43.456078, 33.619881, 50.952717>, 0.100000
	pigment { color rgbt <1,0,0,0> }
	no_shadow
}
cylinder {
	<43.531075, 33.693279, 50.736874>,  <43.656071, 33.815609, 50.377136>, 0.100000
	pigment { color rgbt <1,0,0,0> }
	no_shadow
}

// particle -1
sphere {
	<43.531075, 33.693279, 50.736874> 0.100000
	pigment { color rgbt <1,0,0,0> }
	no_shadow
}
sphere {
	0, 1
	scale<0.080000,0.200000,0.300000>
	matrix <0.863225, 0.303734, 0.403223,
		-0.396478, 0.902339, 0.169084,
		-0.312487, -0.305827, 0.899345,
		43.437328, 33.601532, 51.006676>
	pigment { color rgbt <0,1,1,0> }
	no_shadow
}
cylinder {
	<43.816269, 34.419388, 50.809120>,  <43.656071, 33.815609, 50.377136>, 0.130000
	pigment { color rgbt <1,0,0,0> }
	no_shadow
}

// nucleotide -1

// particle -1
sphere {
	<43.816269, 34.419388, 50.809120> 0.250000
	pigment { color rgbt <1,0,0,0> }
	no_shadow
}
cylinder {
	<43.790070, 34.116409, 51.068958>,  <43.774349, 33.934620, 51.224861>, 0.100000
	pigment { color rgbt <1,0,0,0> }
	no_shadow
}
cylinder {
	<43.790070, 34.116409, 51.068958>,  <43.816269, 34.419388, 50.809120>, 0.100000
	pigment { color rgbt <1,0,0,0> }
	no_shadow
}

// particle -1
sphere {
	<43.790070, 34.116409, 51.068958> 0.100000
	pigment { color rgbt <1,0,0,0> }
	no_shadow
}
sphere {
	0, 1
	scale<0.080000,0.200000,0.300000>
	matrix <0.740272, 0.399641, 0.540633,
		-0.669109, 0.516291, 0.534543,
		-0.065499, -0.757450, 0.649599,
		43.770420, 33.889175, 51.263840>
	pigment { color rgbt <0,1,1,0> }
	no_shadow
}
cylinder {
	<43.998135, 34.754192, 51.401497>,  <43.816269, 34.419388, 50.809120>, 0.130000
	pigment { color rgbt <1,0,0,0> }
	no_shadow
}

// nucleotide -1

// particle -1
sphere {
	<43.998135, 34.754192, 51.401497> 0.250000
	pigment { color rgbt <1,0,0,0> }
	no_shadow
}
cylinder {
	<44.062077, 34.368313, 51.485210>,  <44.100441, 34.136784, 51.535439>, 0.100000
	pigment { color rgbt <1,0,0,0> }
	no_shadow
}
cylinder {
	<44.062077, 34.368313, 51.485210>,  <43.998135, 34.754192, 51.401497>, 0.100000
	pigment { color rgbt <1,0,0,0> }
	no_shadow
}

// particle -1
sphere {
	<44.062077, 34.368313, 51.485210> 0.100000
	pigment { color rgbt <1,0,0,0> }
	no_shadow
}
sphere {
	0, 1
	scale<0.080000,0.200000,0.300000>
	matrix <0.754764, 0.256092, 0.603944,
		-0.636221, 0.061418, 0.769058,
		0.159857, -0.964699, 0.209287,
		44.110035, 34.078903, 51.547997>
	pigment { color rgbt <0,1,1,0> }
	no_shadow
}
cylinder {
	<44.155186, 34.711460, 52.082478>,  <43.998135, 34.754192, 51.401497>, 0.130000
	pigment { color rgbt <1,0,0,0> }
	no_shadow
}

// nucleotide -1

// particle -1
sphere {
	<44.155186, 34.711460, 52.082478> 0.250000
	pigment { color rgbt <1,0,0,0> }
	no_shadow
}
cylinder {
	<44.295685, 34.355145, 51.967159>,  <44.379986, 34.141354, 51.897968>, 0.100000
	pigment { color rgbt <1,0,0,0> }
	no_shadow
}
cylinder {
	<44.295685, 34.355145, 51.967159>,  <44.155186, 34.711460, 52.082478>, 0.100000
	pigment { color rgbt <1,0,0,0> }
	no_shadow
}

// particle -1
sphere {
	<44.295685, 34.355145, 51.967159> 0.100000
	pigment { color rgbt <1,0,0,0> }
	no_shadow
}
sphere {
	0, 1
	scale<0.080000,0.200000,0.300000>
	matrix <0.748265, 0.081990, 0.658314,
		-0.562781, -0.446957, 0.695346,
		0.351250, -0.890790, -0.288300,
		44.401058, 34.087906, 51.880669>
	pigment { color rgbt <0,1,1,0> }
	no_shadow
}
cylinder {
	<44.395283, 34.317066, 52.692875>,  <44.155186, 34.711460, 52.082478>, 0.130000
	pigment { color rgbt <1,0,0,0> }
	no_shadow
}

// nucleotide -1

// particle -1
sphere {
	<44.395283, 34.317066, 52.692875> 0.250000
	pigment { color rgbt <1,0,0,0> }
	no_shadow
}
cylinder {
	<44.600529, 34.200756, 52.369846>,  <44.723675, 34.130970, 52.176029>, 0.100000
	pigment { color rgbt <1,0,0,0> }
	no_shadow
}
cylinder {
	<44.600529, 34.200756, 52.369846>,  <44.395283, 34.317066, 52.692875>, 0.100000
	pigment { color rgbt <1,0,0,0> }
	no_shadow
}

// particle -1
sphere {
	<44.600529, 34.200756, 52.369846> 0.100000
	pigment { color rgbt <1,0,0,0> }
	no_shadow
}
sphere {
	0, 1
	scale<0.080000,0.200000,0.300000>
	matrix <0.840811, -0.018798, 0.541002,
		-0.172489, -0.956607, 0.234841,
		0.513112, -0.290774, -0.807568,
		44.754463, 34.113525, 52.127575>
	pigment { color rgbt <0,1,1,0> }
	no_shadow
}
cylinder {
	<44.976475, 33.817951, 52.991810>,  <44.395283, 34.317066, 52.692875>, 0.130000
	pigment { color rgbt <1,0,0,0> }
	no_shadow
}

// nucleotide -1

// particle -1
sphere {
	<44.976475, 33.817951, 52.991810> 0.250000
	pigment { color rgbt <1,0,0,0> }
	no_shadow
}
cylinder {
	<45.083115, 33.909096, 52.617214>,  <45.147099, 33.963783, 52.392456>, 0.100000
	pigment { color rgbt <1,0,0,0> }
	no_shadow
}
cylinder {
	<45.083115, 33.909096, 52.617214>,  <44.976475, 33.817951, 52.991810>, 0.100000
	pigment { color rgbt <1,0,0,0> }
	no_shadow
}

// particle -1
sphere {
	<45.083115, 33.909096, 52.617214> 0.100000
	pigment { color rgbt <1,0,0,0> }
	no_shadow
}
sphere {
	0, 1
	scale<0.080000,0.200000,0.300000>
	matrix <0.961815, -0.125351, 0.243307,
		-0.061950, -0.965592, -0.252576,
		0.266596, 0.227859, -0.936486,
		45.163094, 33.977455, 52.336269>
	pigment { color rgbt <0,1,1,0> }
	no_shadow
}
cylinder {
	<45.386822, 33.249714, 52.704227>,  <44.976475, 33.817951, 52.991810>, 0.130000
	pigment { color rgbt <1,0,0,0> }
	no_shadow
}

// nucleotide -1

// particle -1
sphere {
	<45.386822, 33.249714, 52.704227> 0.250000
	pigment { color rgbt <1,0,0,0> }
	no_shadow
}
cylinder {
	<45.478313, 33.582111, 52.501392>,  <45.533207, 33.781551, 52.379692>, 0.100000
	pigment { color rgbt <1,0,0,0> }
	no_shadow
}
cylinder {
	<45.478313, 33.582111, 52.501392>,  <45.386822, 33.249714, 52.704227>, 0.100000
	pigment { color rgbt <1,0,0,0> }
	no_shadow
}

// particle -1
sphere {
	<45.478313, 33.582111, 52.501392> 0.100000
	pigment { color rgbt <1,0,0,0> }
	no_shadow
}
sphere {
	0, 1
	scale<0.080000,0.200000,0.300000>
	matrix <0.955789, -0.092813, 0.279021,
		0.184801, -0.548486, -0.815483,
		0.228727, 0.830993, -0.507085,
		45.546932, 33.831409, 52.349266>
	pigment { color rgbt <0,1,1,0> }
	no_shadow
}
cylinder {
	<46.010677, 33.107578, 52.368572>,  <45.386822, 33.249714, 52.704227>, 0.130000
	pigment { color rgbt <1,0,0,0> }
	no_shadow
}

// nucleotide -1

// particle -1
sphere {
	<46.010677, 33.107578, 52.368572> 0.250000
	pigment { color rgbt <1,0,0,0> }
	no_shadow
}
cylinder {
	<46.009819, 33.507175, 52.350647>,  <46.009304, 33.746933, 52.339893>, 0.100000
	pigment { color rgbt <1,0,0,0> }
	no_shadow
}
cylinder {
	<46.009819, 33.507175, 52.350647>,  <46.010677, 33.107578, 52.368572>, 0.100000
	pigment { color rgbt <1,0,0,0> }
	no_shadow
}

// particle -1
sphere {
	<46.009819, 33.507175, 52.350647> 0.100000
	pigment { color rgbt <1,0,0,0> }
	no_shadow
}
sphere {
	0, 1
	scale<0.080000,0.200000,0.300000>
	matrix <0.975392, 0.011973, 0.220151,
		0.220466, -0.043233, -0.974436,
		-0.002149, 0.998993, -0.044809,
		46.009174, 33.806873, 52.337204>
	pigment { color rgbt <0,1,1,0> }
	no_shadow
}
cylinder {
	<46.682041, 33.187622, 52.413944>,  <46.010677, 33.107578, 52.368572>, 0.130000
	pigment { color rgbt <1,0,0,0> }
	no_shadow
}

// nucleotide -1

// particle -1
sphere {
	<46.682041, 33.187622, 52.413944> 0.250000
	pigment { color rgbt <1,0,0,0> }
	no_shadow
}
cylinder {
	<46.582905, 33.574638, 52.394203>,  <46.523422, 33.806850, 52.382359>, 0.100000
	pigment { color rgbt <1,0,0,0> }
	no_shadow
}
cylinder {
	<46.582905, 33.574638, 52.394203>,  <46.682041, 33.187622, 52.413944>, 0.100000
	pigment { color rgbt <1,0,0,0> }
	no_shadow
}

// particle -1
sphere {
	<46.582905, 33.574638, 52.394203> 0.100000
	pigment { color rgbt <1,0,0,0> }
	no_shadow
}
sphere {
	0, 1
	scale<0.080000,0.200000,0.300000>
	matrix <0.964732, 0.251141, 0.078867,
		0.088702, -0.028067, -0.995663,
		-0.247839, 0.967543, -0.049354,
		46.508553, 33.864902, 52.379398>
	pigment { color rgbt <0,1,1,0> }
	no_shadow
}
cylinder {
	<47.067657, 33.604580, 51.834824>,  <46.682041, 33.187622, 52.413944>, 0.130000
	pigment { color rgbt <1,0,0,0> }
	no_shadow
}

// nucleotide -1

// particle -1
sphere {
	<47.067657, 33.604580, 51.834824> 0.250000
	pigment { color rgbt <1,0,0,0> }
	no_shadow
}
cylinder {
	<46.965427, 33.849426, 52.134155>,  <46.904087, 33.996334, 52.313755>, 0.100000
	pigment { color rgbt <1,0,0,0> }
	no_shadow
}
cylinder {
	<46.965427, 33.849426, 52.134155>,  <47.067657, 33.604580, 51.834824>, 0.100000
	pigment { color rgbt <1,0,0,0> }
	no_shadow
}

// particle -1
sphere {
	<46.965427, 33.849426, 52.134155> 0.100000
	pigment { color rgbt <1,0,0,0> }
	no_shadow
}
sphere {
	0, 1
	scale<0.080000,0.200000,0.300000>
	matrix <0.943318, 0.327406, 0.054365,
		-0.211731, 0.719809, -0.661094,
		-0.255579, 0.612111, 0.748331,
		46.888752, 34.033058, 52.358654>
	pigment { color rgbt <0,1,1,0> }
	no_shadow
}
cylinder {
	<47.507389, 34.240612, 51.600353>,  <47.067657, 33.604580, 51.834824>, 0.130000
	pigment { color rgbt <1,0,0,0> }
	no_shadow
}

// nucleotide -1

// particle -1
sphere {
	<47.507389, 34.240612, 51.600353> 0.250000
	pigment { color rgbt <1,0,0,0> }
	no_shadow
}
cylinder {
	<47.379543, 34.325066, 51.969845>,  <47.302834, 34.375736, 52.191540>, 0.100000
	pigment { color rgbt <1,0,0,0> }
	no_shadow
}
cylinder {
	<47.379543, 34.325066, 51.969845>,  <47.507389, 34.240612, 51.600353>, 0.100000
	pigment { color rgbt <1,0,0,0> }
	no_shadow
}

// particle -1
sphere {
	<47.379543, 34.325066, 51.969845> 0.100000
	pigment { color rgbt <1,0,0,0> }
	no_shadow
}
sphere {
	0, 1
	scale<0.080000,0.200000,0.300000>
	matrix <0.865085, 0.462779, 0.193553,
		-0.386616, 0.860964, -0.330560,
		-0.319618, 0.211132, 0.923725,
		47.283657, 34.388405, 52.246964>
	pigment { color rgbt <0,1,1,0> }
	no_shadow
}
cylinder {
	<47.633736, 35.005981, 51.622040>,  <47.507389, 34.240612, 51.600353>, 0.130000
	pigment { color rgbt <1,0,0,0> }
	no_shadow
}

// nucleotide -1

// particle -1
sphere {
	<47.633736, 35.005981, 51.622040> 0.250000
	pigment { color rgbt <1,0,0,0> }
	no_shadow
}
cylinder {
	<47.648071, 34.799812, 51.964516>,  <47.656673, 34.676113, 52.170002>, 0.100000
	pigment { color rgbt <1,0,0,0> }
	no_shadow
}
cylinder {
	<47.648071, 34.799812, 51.964516>,  <47.633736, 35.005981, 51.622040>, 0.100000
	pigment { color rgbt <1,0,0,0> }
	no_shadow
}

// particle -1
sphere {
	<47.648071, 34.799812, 51.964516> 0.100000
	pigment { color rgbt <1,0,0,0> }
	no_shadow
}
sphere {
	0, 1
	scale<0.080000,0.200000,0.300000>
	matrix <0.819311, 0.505718, 0.270144,
		-0.572228, 0.691804, 0.440411,
		0.035837, -0.515418, 0.856189,
		47.658821, 34.645187, 52.221371>
	pigment { color rgbt <0,1,1,0> }
	no_shadow
}
// strand 1

// nucleotide -1

// particle -1
sphere {
	<24.582069, 35.385559, 52.202595> 0.250000
	pigment { color rgbt <0,1,0,0> }
	no_shadow
}
cylinder {
	<24.546139, 35.042065, 52.000805>,  <24.524580, 34.835968, 51.879730>, 0.100000
	pigment { color rgbt <0,1,0,0> }
	no_shadow
}
cylinder {
	<24.546139, 35.042065, 52.000805>,  <24.582069, 35.385559, 52.202595>, 0.100000
	pigment { color rgbt <0,1,0,0> }
	no_shadow
}

// particle -1
sphere {
	<24.546139, 35.042065, 52.000805> 0.100000
	pigment { color rgbt <0,1,0,0> }
	no_shadow
}
sphere {
	0, 1
	scale<0.080000,0.200000,0.300000>
	matrix <0.920127, 0.122304, -0.372032,
		0.381178, -0.497600, 0.779165,
		-0.089828, -0.858741, -0.504475,
		24.519190, 34.784443, 51.849461>
	pigment { color rgbt <0,1,1,0> }
	no_shadow
}
cylinder {
	<25.036226, 34.931515, 52.528236>,  <24.582069, 35.385559, 52.202595>, 0.130000
	pigment { color rgbt <0,1,0,0> }
	no_shadow
}

// nucleotide -1

// particle -1
sphere {
	<25.036226, 34.931515, 52.528236> 0.250000
	pigment { color rgbt <0,1,0,0> }
	no_shadow
}
cylinder {
	<24.997787, 34.812740, 52.148216>,  <24.974724, 34.741478, 51.920204>, 0.100000
	pigment { color rgbt <0,1,0,0> }
	no_shadow
}
cylinder {
	<24.997787, 34.812740, 52.148216>,  <25.036226, 34.931515, 52.528236>, 0.100000
	pigment { color rgbt <0,1,0,0> }
	no_shadow
}

// particle -1
sphere {
	<24.997787, 34.812740, 52.148216> 0.100000
	pigment { color rgbt <0,1,0,0> }
	no_shadow
}
sphere {
	0, 1
	scale<0.080000,0.200000,0.300000>
	matrix <0.994679, -0.064273, -0.080523,
		-0.037153, -0.952733, 0.301529,
		-0.096098, -0.296933, -0.950051,
		24.968958, 34.723660, 51.863201>
	pigment { color rgbt <0,1,1,0> }
	no_shadow
}
cylinder {
	<25.512325, 34.287186, 52.431839>,  <25.036226, 34.931515, 52.528236>, 0.130000
	pigment { color rgbt <0,1,0,0> }
	no_shadow
}

// nucleotide -1

// particle -1
sphere {
	<25.512325, 34.287186, 52.431839> 0.250000
	pigment { color rgbt <0,1,0,0> }
	no_shadow
}
cylinder {
	<25.452532, 34.435558, 52.065220>,  <25.416656, 34.524582, 51.845249>, 0.100000
	pigment { color rgbt <0,1,0,0> }
	no_shadow
}
cylinder {
	<25.452532, 34.435558, 52.065220>,  <25.512325, 34.287186, 52.431839>, 0.100000
	pigment { color rgbt <0,1,0,0> }
	no_shadow
}

// particle -1
sphere {
	<25.452532, 34.435558, 52.065220> 0.100000
	pigment { color rgbt <0,1,0,0> }
	no_shadow
}
sphere {
	0, 1
	scale<0.080000,0.200000,0.300000>
	matrix <0.975356, -0.096819, -0.198256,
		-0.162280, -0.923598, -0.347320,
		-0.149482, 0.370934, -0.916550,
		25.407686, 34.546837, 51.790257>
	pigment { color rgbt <0,1,1,0> }
	no_shadow
}
cylinder {
	<25.918999, 33.925026, 52.036766>,  <25.512325, 34.287186, 52.431839>, 0.130000
	pigment { color rgbt <0,1,0,0> }
	no_shadow
}

// nucleotide -1

// particle -1
sphere {
	<25.918999, 33.925026, 52.036766> 0.250000
	pigment { color rgbt <0,1,0,0> }
	no_shadow
}
cylinder {
	<25.844517, 34.252060, 51.818821>,  <25.799828, 34.448280, 51.688053>, 0.100000
	pigment { color rgbt <0,1,0,0> }
	no_shadow
}
cylinder {
	<25.844517, 34.252060, 51.818821>,  <25.918999, 33.925026, 52.036766>, 0.100000
	pigment { color rgbt <0,1,0,0> }
	no_shadow
}

// particle -1
sphere {
	<25.844517, 34.252060, 51.818821> 0.100000
	pigment { color rgbt <0,1,0,0> }
	no_shadow
}
sphere {
	0, 1
	scale<0.080000,0.200000,0.300000>
	matrix <0.960856, 0.035744, -0.274732,
		-0.205142, -0.574691, -0.792242,
		-0.186203, 0.817590, -0.544863,
		25.788656, 34.497337, 51.655361>
	pigment { color rgbt <0,1,1,0> }
	no_shadow
}
cylinder {
	<26.216921, 33.727558, 51.490540>,  <25.918999, 33.925026, 52.036766>, 0.130000
	pigment { color rgbt <0,1,0,0> }
	no_shadow
}

// nucleotide -1

// particle -1
sphere {
	<26.216921, 33.727558, 51.490540> 0.250000
	pigment { color rgbt <0,1,0,0> }
	no_shadow
}
cylinder {
	<26.180456, 34.122360, 51.437614>,  <26.158577, 34.359241, 51.405857>, 0.100000
	pigment { color rgbt <0,1,0,0> }
	no_shadow
}
cylinder {
	<26.180456, 34.122360, 51.437614>,  <26.216921, 33.727558, 51.490540>, 0.100000
	pigment { color rgbt <0,1,0,0> }
	no_shadow
}

// particle -1
sphere {
	<26.180456, 34.122360, 51.437614> 0.100000
	pigment { color rgbt <0,1,0,0> }
	no_shadow
}
sphere {
	0, 1
	scale<0.080000,0.200000,0.300000>
	matrix <0.846008, 0.006668, -0.533129,
		-0.525320, -0.160541, -0.835623,
		-0.091161, 0.987007, -0.132316,
		26.153109, 34.418461, 51.397919>
	pigment { color rgbt <0,1,1,0> }
	no_shadow
}
cylinder {
	<26.240641, 33.854687, 50.794048>,  <26.216921, 33.727558, 51.490540>, 0.130000
	pigment { color rgbt <0,1,0,0> }
	no_shadow
}

// nucleotide -1

// particle -1
sphere {
	<26.240641, 33.854687, 50.794048> 0.250000
	pigment { color rgbt <0,1,0,0> }
	no_shadow
}
cylinder {
	<26.350945, 34.195515, 50.972012>,  <26.417126, 34.400009, 51.078789>, 0.100000
	pigment { color rgbt <0,1,0,0> }
	no_shadow
}
cylinder {
	<26.350945, 34.195515, 50.972012>,  <26.240641, 33.854687, 50.794048>, 0.100000
	pigment { color rgbt <0,1,0,0> }
	no_shadow
}

// particle -1
sphere {
	<26.350945, 34.195515, 50.972012> 0.100000
	pigment { color rgbt <0,1,0,0> }
	no_shadow
}
sphere {
	0, 1
	scale<0.080000,0.200000,0.300000>
	matrix <0.867814, -0.021651, -0.496418,
		-0.413349, 0.522985, -0.745405,
		0.275758, 0.852067, 0.444904,
		26.433672, 34.451134, 51.105484>
	pigment { color rgbt <0,1,1,0> }
	no_shadow
}
cylinder {
	<26.555172, 34.433750, 50.265972>,  <26.240641, 33.854687, 50.794048>, 0.130000
	pigment { color rgbt <0,1,0,0> }
	no_shadow
}

// nucleotide -1

// particle -1
sphere {
	<26.555172, 34.433750, 50.265972> 0.250000
	pigment { color rgbt <0,1,0,0> }
	no_shadow
}
cylinder {
	<26.674948, 34.539299, 50.632732>,  <26.746813, 34.602631, 50.852787>, 0.100000
	pigment { color rgbt <0,1,0,0> }
	no_shadow
}
cylinder {
	<26.674948, 34.539299, 50.632732>,  <26.555172, 34.433750, 50.265972>, 0.100000
	pigment { color rgbt <0,1,0,0> }
	no_shadow
}

// particle -1
sphere {
	<26.674948, 34.539299, 50.632732> 0.100000
	pigment { color rgbt <0,1,0,0> }
	no_shadow
}
sphere {
	0, 1
	scale<0.080000,0.200000,0.300000>
	matrix <0.885579, 0.280782, -0.370015,
		-0.355087, 0.922784, -0.149607,
		0.299437, 0.263876, 0.916901,
		26.764778, 34.618462, 50.907803>
	pigment { color rgbt <0,1,1,0> }
	no_shadow
}
cylinder {
	<26.983700, 34.983124, 50.098946>,  <26.555172, 34.433750, 50.265972>, 0.130000
	pigment { color rgbt <0,1,0,0> }
	no_shadow
}

// nucleotide -1

// particle -1
sphere {
	<26.983700, 34.983124, 50.098946> 0.250000
	pigment { color rgbt <0,1,0,0> }
	no_shadow
}
cylinder {
	<27.071268, 34.871391, 50.472908>,  <27.123810, 34.804352, 50.697285>, 0.100000
	pigment { color rgbt <0,1,0,0> }
	no_shadow
}
cylinder {
	<27.071268, 34.871391, 50.472908>,  <26.983700, 34.983124, 50.098946>, 0.100000
	pigment { color rgbt <0,1,0,0> }
	no_shadow
}

// particle -1
sphere {
	<27.071268, 34.871391, 50.472908> 0.100000
	pigment { color rgbt <0,1,0,0> }
	no_shadow
}
sphere {
	0, 1
	scale<0.080000,0.200000,0.300000>
	matrix <0.974793, 0.020361, -0.222178,
		0.043026, 0.959979, 0.276749,
		0.218922, -0.279333, 0.934905,
		27.136944, 34.787590, 50.753380>
	pigment { color rgbt <0,1,1,0> }
	no_shadow
}
cylinder {
	<27.596180, 35.427456, 50.233959>,  <26.983700, 34.983124, 50.098946>, 0.130000
	pigment { color rgbt <0,1,0,0> }
	no_shadow
}

// nucleotide -1

// particle -1
sphere {
	<27.596180, 35.427456, 50.233959> 0.250000
	pigment { color rgbt <0,1,0,0> }
	no_shadow
}
cylinder {
	<27.593700, 35.143162, 50.515335>,  <27.592213, 34.972588, 50.684158>, 0.100000
	pigment { color rgbt <0,1,0,0> }
	no_shadow
}
cylinder {
	<27.593700, 35.143162, 50.515335>,  <27.596180, 35.427456, 50.233959>, 0.100000
	pigment { color rgbt <0,1,0,0> }
	no_shadow
}

// particle -1
sphere {
	<27.593700, 35.143162, 50.515335> 0.100000
	pigment { color rgbt <0,1,0,0> }
	no_shadow
}
sphere {
	0, 1
	scale<0.080000,0.200000,0.300000>
	matrix <0.996436, 0.054786, 0.064137,
		-0.084122, 0.701327, 0.707859,
		-0.006200, -0.710732, 0.703436,
		27.591841, 34.929943, 50.726364>
	pigment { color rgbt <0,1,1,0> }
	no_shadow
}
cylinder {
	<27.972490, 35.695065, 50.806072>,  <27.596180, 35.427456, 50.233959>, 0.130000
	pigment { color rgbt <0,1,0,0> }
	no_shadow
}

// nucleotide -1

// particle -1
sphere {
	<27.972490, 35.695065, 50.806072> 0.250000
	pigment { color rgbt <0,1,0,0> }
	no_shadow
}
cylinder {
	<27.978806, 35.295170, 50.799393>,  <27.982594, 35.055233, 50.795383>, 0.100000
	pigment { color rgbt <0,1,0,0> }
	no_shadow
}
cylinder {
	<27.978806, 35.295170, 50.799393>,  <27.972490, 35.695065, 50.806072>, 0.100000
	pigment { color rgbt <0,1,0,0> }
	no_shadow
}

// particle -1
sphere {
	<27.978806, 35.295170, 50.799393> 0.100000
	pigment { color rgbt <0,1,0,0> }
	no_shadow
}
sphere {
	0, 1
	scale<0.080000,0.200000,0.300000>
	matrix <0.997907, 0.014705, 0.062974,
		-0.062712, -0.017659, 0.997876,
		0.015786, -0.999736, -0.016699,
		27.983541, 34.995251, 50.794384>
	pigment { color rgbt <0,1,1,0> }
	no_shadow
}
cylinder {
	<28.474037, 35.641357, 51.182335>,  <27.972490, 35.695065, 50.806072>, 0.130000
	pigment { color rgbt <0,1,0,0> }
	no_shadow
}

// nucleotide -1

// particle -1
sphere {
	<28.474037, 35.641357, 51.182335> 0.250000
	pigment { color rgbt <0,1,0,0> }
	no_shadow
}
cylinder {
	<28.450741, 35.282696, 51.006779>,  <28.436764, 35.067501, 50.901443>, 0.100000
	pigment { color rgbt <0,1,0,0> }
	no_shadow
}
cylinder {
	<28.450741, 35.282696, 51.006779>,  <28.474037, 35.641357, 51.182335>, 0.100000
	pigment { color rgbt <0,1,0,0> }
	no_shadow
}

// particle -1
sphere {
	<28.450741, 35.282696, 51.006779> 0.100000
	pigment { color rgbt <0,1,0,0> }
	no_shadow
}
sphere {
	0, 1
	scale<0.080000,0.200000,0.300000>
	matrix <0.989655, -0.109599, 0.092585,
		-0.131118, -0.428957, 0.893758,
		-0.058240, -0.896652, -0.438889,
		28.433270, 35.013699, 50.875111>
	pigment { color rgbt <0,1,1,0> }
	no_shadow
}
cylinder {
	<28.840717, 35.225124, 51.612411>,  <28.474037, 35.641357, 51.182335>, 0.130000
	pigment { color rgbt <0,1,0,0> }
	no_shadow
}

// nucleotide -1

// particle -1
sphere {
	<28.840717, 35.225124, 51.612411> 0.250000
	pigment { color rgbt <0,1,0,0> }
	no_shadow
}
cylinder {
	<28.821833, 35.048130, 51.254200>,  <28.810503, 34.941933, 51.039272>, 0.100000
	pigment { color rgbt <0,1,0,0> }
	no_shadow
}
cylinder {
	<28.821833, 35.048130, 51.254200>,  <28.840717, 35.225124, 51.612411>, 0.100000
	pigment { color rgbt <0,1,0,0> }
	no_shadow
}

// particle -1
sphere {
	<28.821833, 35.048130, 51.254200> 0.100000
	pigment { color rgbt <0,1,0,0> }
	no_shadow
}
sphere {
	0, 1
	scale<0.080000,0.200000,0.300000>
	matrix <0.996454, -0.083374, -0.011334,
		-0.069649, -0.892889, 0.444857,
		-0.047210, -0.442490, -0.895530,
		28.807671, 34.915382, 50.985542>
	pigment { color rgbt <0,1,1,0> }
	no_shadow
}
cylinder {
	<29.247225, 34.642956, 51.619228>,  <28.840717, 35.225124, 51.612411>, 0.130000
	pigment { color rgbt <0,1,0,0> }
	no_shadow
}

// nucleotide -1

// particle -1
sphere {
	<29.247225, 34.642956, 51.619228> 0.250000
	pigment { color rgbt <0,1,0,0> }
	no_shadow
}
cylinder {
	<29.235319, 34.748436, 51.233570>,  <29.228176, 34.811726, 51.002174>, 0.100000
	pigment { color rgbt <0,1,0,0> }
	no_shadow
}
cylinder {
	<29.235319, 34.748436, 51.233570>,  <29.247225, 34.642956, 51.619228>, 0.100000
	pigment { color rgbt <0,1,0,0> }
	no_shadow
}

// particle -1
sphere {
	<29.235319, 34.748436, 51.233570> 0.100000
	pigment { color rgbt <0,1,0,0> }
	no_shadow
}
sphere {
	0, 1
	scale<0.080000,0.200000,0.300000>
	matrix <0.997874, -0.048113, -0.043963,
		-0.057981, -0.963403, -0.261710,
		-0.029763, 0.263703, -0.964145,
		29.226391, 34.827545, 50.944328>
	pigment { color rgbt <0,1,1,0> }
	no_shadow
}
cylinder {
	<29.767107, 34.120625, 51.426823>,  <29.247225, 34.642956, 51.619228>, 0.130000
	pigment { color rgbt <0,1,0,0> }
	no_shadow
}

// nucleotide -1

// particle -1
sphere {
	<29.767107, 34.120625, 51.426823> 0.250000
	pigment { color rgbt <0,1,0,0> }
	no_shadow
}
cylinder {
	<29.718884, 34.392853, 51.137745>,  <29.689949, 34.556190, 50.964298>, 0.100000
	pigment { color rgbt <0,1,0,0> }
	no_shadow
}
cylinder {
	<29.718884, 34.392853, 51.137745>,  <29.767107, 34.120625, 51.426823>, 0.100000
	pigment { color rgbt <0,1,0,0> }
	no_shadow
}

// particle -1
sphere {
	<29.718884, 34.392853, 51.137745> 0.100000
	pigment { color rgbt <0,1,0,0> }
	no_shadow
}
sphere {
	0, 1
	scale<0.080000,0.200000,0.300000>
	matrix <0.986049, -0.002071, -0.166442,
		-0.114773, -0.732677, -0.670829,
		-0.120560, 0.680573, -0.722693,
		29.682716, 34.597023, 50.920937>
	pigment { color rgbt <0,1,1,0> }
	no_shadow
}
cylinder {
	<30.346973, 33.998753, 51.015121>,  <29.767107, 34.120625, 51.426823>, 0.130000
	pigment { color rgbt <0,1,0,0> }
	no_shadow
}

// nucleotide -1

// particle -1
sphere {
	<30.346973, 33.998753, 51.015121> 0.250000
	pigment { color rgbt <0,1,0,0> }
	no_shadow
}
cylinder {
	<30.230246, 34.359684, 50.888229>,  <30.160208, 34.576244, 50.812092>, 0.100000
	pigment { color rgbt <0,1,0,0> }
	no_shadow
}
cylinder {
	<30.230246, 34.359684, 50.888229>,  <30.346973, 33.998753, 51.015121>, 0.100000
	pigment { color rgbt <0,1,0,0> }
	no_shadow
}

// particle -1
sphere {
	<30.230246, 34.359684, 50.888229> 0.100000
	pigment { color rgbt <0,1,0,0> }
	no_shadow
}
sphere {
	0, 1
	scale<0.080000,0.200000,0.300000>
	matrix <0.955118, 0.257266, -0.146848,
		-0.050893, -0.345847, -0.936910,
		-0.291822, 0.902333, -0.317232,
		30.142698, 34.630383, 50.793060>
	pigment { color rgbt <0,1,1,0> }
	no_shadow
}
cylinder {
	<30.706936, 34.174271, 50.337219>,  <30.346973, 33.998753, 51.015121>, 0.130000
	pigment { color rgbt <0,1,0,0> }
	no_shadow
}

// nucleotide -1

// particle -1
sphere {
	<30.706936, 34.174271, 50.337219> 0.250000
	pigment { color rgbt <0,1,0,0> }
	no_shadow
}
cylinder {
	<30.581694, 34.527058, 50.478130>,  <30.506548, 34.738731, 50.562675>, 0.100000
	pigment { color rgbt <0,1,0,0> }
	no_shadow
}
cylinder {
	<30.581694, 34.527058, 50.478130>,  <30.706936, 34.174271, 50.337219>, 0.100000
	pigment { color rgbt <0,1,0,0> }
	no_shadow
}

// particle -1
sphere {
	<30.581694, 34.527058, 50.478130> 0.100000
	pigment { color rgbt <0,1,0,0> }
	no_shadow
}
sphere {
	0, 1
	scale<0.080000,0.200000,0.300000>
	matrix <0.885383, 0.405270, -0.227715,
		-0.343604, 0.240601, -0.907771,
		-0.313104, 0.881968, 0.352277,
		30.487762, 34.791649, 50.583813>
	pigment { color rgbt <0,1,1,0> }
	no_shadow
}
cylinder {
	<30.826714, 34.568279, 49.804668>,  <30.706936, 34.174271, 50.337219>, 0.130000
	pigment { color rgbt <0,1,0,0> }
	no_shadow
}

// nucleotide -1

// particle -1
sphere {
	<30.826714, 34.568279, 49.804668> 0.250000
	pigment { color rgbt <0,1,0,0> }
	no_shadow
}
cylinder {
	<30.822842, 34.748810, 50.161591>,  <30.820518, 34.857128, 50.375744>, 0.100000
	pigment { color rgbt <0,1,0,0> }
	no_shadow
}
cylinder {
	<30.822842, 34.748810, 50.161591>,  <30.826714, 34.568279, 49.804668>, 0.100000
	pigment { color rgbt <0,1,0,0> }
	no_shadow
}

// particle -1
sphere {
	<30.822842, 34.748810, 50.161591> 0.100000
	pigment { color rgbt <0,1,0,0> }
	no_shadow
}
sphere {
	0, 1
	scale<0.080000,0.200000,0.300000>
	matrix <0.885228, 0.418880, -0.202263,
		-0.465056, 0.787938, -0.403578,
		-0.009680, 0.451323, 0.892308,
		30.819937, 34.884205, 50.429283>
	pigment { color rgbt <0,1,1,0> }
	no_shadow
}
cylinder {
	<31.091932, 35.247059, 49.651890>,  <30.826714, 34.568279, 49.804668>, 0.130000
	pigment { color rgbt <0,1,0,0> }
	no_shadow
}

// nucleotide -1

// particle -1
sphere {
	<31.091932, 35.247059, 49.651890> 0.250000
	pigment { color rgbt <0,1,0,0> }
	no_shadow
}
cylinder {
	<31.121244, 35.202042, 50.048267>,  <31.138832, 35.175030, 50.286095>, 0.100000
	pigment { color rgbt <0,1,0,0> }
	no_shadow
}
cylinder {
	<31.121244, 35.202042, 50.048267>,  <31.091932, 35.247059, 49.651890>, 0.100000
	pigment { color rgbt <0,1,0,0> }
	no_shadow
}

// particle -1
sphere {
	<31.121244, 35.202042, 50.048267> 0.100000
	pigment { color rgbt <0,1,0,0> }
	no_shadow
}
sphere {
	0, 1
	scale<0.080000,0.200000,0.300000>
	matrix <0.994951, 0.076577, -0.064879,
		-0.068581, 0.990691, 0.117589,
		0.073279, -0.112545, 0.990941,
		31.143229, 35.168278, 50.345551>
	pigment { color rgbt <0,1,1,0> }
	no_shadow
}
cylinder {
	<31.600264, 35.807800, 49.821476>,  <31.091932, 35.247059, 49.651890>, 0.130000
	pigment { color rgbt <0,1,0,0> }
	no_shadow
}

// nucleotide -1

// particle -1
sphere {
	<31.600264, 35.807800, 49.821476> 0.250000
	pigment { color rgbt <0,1,0,0> }
	no_shadow
}
cylinder {
	<31.564777, 35.541721, 50.118027>,  <31.543486, 35.382072, 50.295956>, 0.100000
	pigment { color rgbt <0,1,0,0> }
	no_shadow
}
cylinder {
	<31.564777, 35.541721, 50.118027>,  <31.600264, 35.807800, 49.821476>, 0.100000
	pigment { color rgbt <0,1,0,0> }
	no_shadow
}

// particle -1
sphere {
	<31.564777, 35.541721, 50.118027> 0.100000
	pigment { color rgbt <0,1,0,0> }
	no_shadow
}
sphere {
	0, 1
	scale<0.080000,0.200000,0.300000>
	matrix <0.993971, -0.107266, 0.022695,
		0.064427, 0.738918, 0.670708,
		-0.088714, -0.665202, 0.741375,
		31.538164, 35.342159, 50.340439>
	pigment { color rgbt <0,1,1,0> }
	no_shadow
}
cylinder {
	<32.110630, 36.028759, 50.359982>,  <31.600264, 35.807800, 49.821476>, 0.130000
	pigment { color rgbt <0,1,0,0> }
	no_shadow
}

// nucleotide -1

// particle -1
sphere {
	<32.110630, 36.028759, 50.359982> 0.250000
	pigment { color rgbt <0,1,0,0> }
	no_shadow
}
cylinder {
	<32.018398, 35.643551, 50.415737>,  <31.963060, 35.412426, 50.449192>, 0.100000
	pigment { color rgbt <0,1,0,0> }
	no_shadow
}
cylinder {
	<32.018398, 35.643551, 50.415737>,  <32.110630, 36.028759, 50.359982>, 0.100000
	pigment { color rgbt <0,1,0,0> }
	no_shadow
}

// particle -1
sphere {
	<32.018398, 35.643551, 50.415737> 0.100000
	pigment { color rgbt <0,1,0,0> }
	no_shadow
}
sphere {
	0, 1
	scale<0.080000,0.200000,0.300000>
	matrix <0.966885, -0.210648, 0.144084,
		-0.109392, 0.168000, 0.979699,
		-0.230578, -0.963018, 0.139393,
		31.949224, 35.354645, 50.457554>
	pigment { color rgbt <0,1,1,0> }
	no_shadow
}
cylinder {
	<32.449322, 35.898487, 50.965549>,  <32.110630, 36.028759, 50.359982>, 0.130000
	pigment { color rgbt <0,1,0,0> }
	no_shadow
}

// nucleotide -1

// particle -1
sphere {
	<32.449322, 35.898487, 50.965549> 0.250000
	pigment { color rgbt <0,1,0,0> }
	no_shadow
}
cylinder {
	<32.394199, 35.554279, 50.769382>,  <32.361126, 35.347755, 50.651680>, 0.100000
	pigment { color rgbt <0,1,0,0> }
	no_shadow
}
cylinder {
	<32.394199, 35.554279, 50.769382>,  <32.449322, 35.898487, 50.965549>, 0.100000
	pigment { color rgbt <0,1,0,0> }
	no_shadow
}

// particle -1
sphere {
	<32.394199, 35.554279, 50.769382> 0.100000
	pigment { color rgbt <0,1,0,0> }
	no_shadow
}
sphere {
	0, 1
	scale<0.080000,0.200000,0.300000>
	matrix <0.989048, -0.145981, -0.021767,
		-0.052861, -0.488048, 0.871215,
		-0.137804, -0.860523, -0.490419,
		32.352859, 35.296124, 50.622257>
	pigment { color rgbt <0,1,1,0> }
	no_shadow
}
// strand 2

// nucleotide -1

// particle -1
sphere {
	<24.242599, 34.532772, 34.782234> 0.250000
	pigment { color rgbt <0,0,1,0> }
	no_shadow
}
cylinder {
	<24.420830, 34.855423, 34.937572>,  <24.527769, 35.049015, 35.030777>, 0.100000
	pigment { color rgbt <0,0,1,0> }
	no_shadow
}
cylinder {
	<24.420830, 34.855423, 34.937572>,  <24.242599, 34.532772, 34.782234>, 0.100000
	pigment { color rgbt <0,0,1,0> }
	no_shadow
}

// particle -1
sphere {
	<24.420830, 34.855423, 34.937572> 0.100000
	pigment { color rgbt <0,0,1,0> }
	no_shadow
}
sphere {
	0, 1
	scale<0.080000,0.200000,0.300000>
	matrix <0.608803, -0.591061, 0.529155,
		0.656369, 0.000648, -0.754440,
		0.445577, 0.806626, 0.388349,
		24.554502, 35.097412, 35.054077>
	pigment { color rgbt <0,1,1,0> }
	no_shadow
}
cylinder {
	<24.905291, 34.383095, 34.755032>,  <24.242599, 34.532772, 34.782234>, 0.130000
