// switches for output
#declare DRAW_BASES = 1; // possible values are 0, 1; only relevant for DNA ribbons
#declare DRAW_BASES_TYPE = 3; // possible values are 1, 2, 3; only relevant for DNA ribbons
#declare DRAW_FOG = 0; // set to 1 to enable fog

#include "colors.inc"

#include "transforms.inc"
background { rgb <1, 1, 1>}

#default {
   normal{
       ripples 0.25
       frequency 0.20
       turbulence 0.2
       lambda 5
   }
	finish {
		phong 0.1
		phong_size 40.
	}
}

// original window dimensions: 1024x640


// camera settings

camera {
	sky <0, 0.179814, -0.983701>
	up <0, 0.179814, -0.983701>
	right 1.6 * <1, 0, 0>
	location <35, 92.5046, 58.4545>
	look_at <35, 26.874, 46.4577>
	direction <0, -65.6306, -11.9968>
	angle 67.0682
}


# declare cpy_camera_pos = <35, 92.5046, 58.4545>;
# if (DRAW_FOG = 1)
fog {
	fog_type 2
	up vnormalize(cpy_camera_pos)
	color rgbt<1,1,1,0.3>
	distance 1e-5
	fog_alt 3e-3
	fog_offset 56
}
# end


// LIGHTS

# declare lum = 6;
global_settings {
	ambient_light rgb lum * <0.05, 0.05, 0.05>
	max_trace_level 15
}# declare cpy_direct_light_amount = 0.25;
light_source
{	1000 * <-1, -1.16351, -0.803887>,
	rgb lum * cpy_direct_light_amount
	parallel
}

light_source
{	1000 * <1, 1.16351, 0.803887>,
	rgb lum * cpy_direct_light_amount
	parallel
}

// strand 0

// nucleotide -1

// particle -1
sphere {
	<40.870686, 34.377552, 48.207779> 0.250000
	pigment { color rgbt <1,0,0,0> }
	no_shadow
}
cylinder {
	<40.768177, 34.763805, 48.190426>,  <40.706673, 34.995556, 48.180016>, 0.100000
	pigment { color rgbt <1,0,0,0> }
	no_shadow
}
cylinder {
	<40.768177, 34.763805, 48.190426>,  <40.870686, 34.377552, 48.207779>, 0.100000
	pigment { color rgbt <1,0,0,0> }
	no_shadow
}

// particle -1
sphere {
	<40.768177, 34.763805, 48.190426> 0.100000
	pigment { color rgbt <1,0,0,0> }
	no_shadow
}
sphere {
	0, 1
	scale<0.080000,0.200000,0.300000>
	matrix <0.766773, 0.230417, 0.599138,
		0.588542, 0.120278, -0.799469,
		-0.256274, 0.965630, -0.043384,
		40.691296, 35.053493, 48.177410>
	pigment { color rgbt <0,1,1,0> }
	no_shadow
}
cylinder {
	<41.460110, 34.604565, 48.029598>,  <40.870686, 34.377552, 48.207779>, 0.130000
	pigment { color rgbt <1,0,0,0> }
	no_shadow
}

// nucleotide -1

// particle -1
sphere {
	<41.460110, 34.604565, 48.029598> 0.250000
	pigment { color rgbt <1,0,0,0> }
	no_shadow
}
cylinder {
	<41.219780, 34.864067, 48.216412>,  <41.075584, 35.019768, 48.328499>, 0.100000
	pigment { color rgbt <1,0,0,0> }
	no_shadow
}
cylinder {
	<41.219780, 34.864067, 48.216412>,  <41.460110, 34.604565, 48.029598>, 0.100000
	pigment { color rgbt <1,0,0,0> }
	no_shadow
}

// particle -1
sphere {
	<41.219780, 34.864067, 48.216412> 0.100000
	pigment { color rgbt <1,0,0,0> }
	no_shadow
}
sphere {
	0, 1
	scale<0.080000,0.200000,0.300000>
	matrix <0.775791, 0.332332, 0.536381,
		0.192772, 0.684592, -0.702975,
		-0.600823, 0.648760, 0.467036,
		41.039532, 35.058697, 48.356522>
	pigment { color rgbt <0,1,1,0> }
	no_shadow
}
cylinder {
	<41.708889, 35.232677, 48.024605>,  <41.460110, 34.604565, 48.029598>, 0.130000
	pigment { color rgbt <1,0,0,0> }
	no_shadow
}

// nucleotide -1

// particle -1
sphere {
	<41.708889, 35.232677, 48.024605> 0.250000
	pigment { color rgbt <1,0,0,0> }
	no_shadow
}
cylinder {
	<41.472103, 35.270573, 48.344753>,  <41.330032, 35.293308, 48.536842>, 0.100000
	pigment { color rgbt <1,0,0,0> }
	no_shadow
}
cylinder {
	<41.472103, 35.270573, 48.344753>,  <41.708889, 35.232677, 48.024605>, 0.100000
	pigment { color rgbt <1,0,0,0> }
	no_shadow
}

// particle -1
sphere {
	<41.472103, 35.270573, 48.344753> 0.100000
	pigment { color rgbt <1,0,0,0> }
	no_shadow
}
sphere {
	0, 1
	scale<0.080000,0.200000,0.300000>
	matrix <0.779277, 0.320699, 0.538405,
		-0.205671, 0.942431, -0.263671,
		-0.591969, 0.094738, 0.800373,
		41.294514, 35.298992, 48.584866>
	pigment { color rgbt <0,1,1,0> }
	no_shadow
}
cylinder {
	<41.964176, 35.798218, 48.291927>,  <41.708889, 35.232677, 48.024605>, 0.130000
	pigment { color rgbt <1,0,0,0> }
	no_shadow
}

// nucleotide -1

// particle -1
sphere {
	<41.964176, 35.798218, 48.291927> 0.250000
	pigment { color rgbt <1,0,0,0> }
	no_shadow
}
cylinder {
	<41.763554, 35.617901, 48.587288>,  <41.643181, 35.509712, 48.764503>, 0.100000
	pigment { color rgbt <1,0,0,0> }
	no_shadow
}
cylinder {
	<41.763554, 35.617901, 48.587288>,  <41.964176, 35.798218, 48.291927>, 0.100000
	pigment { color rgbt <1,0,0,0> }
	no_shadow
}

// particle -1
sphere {
	<41.763554, 35.617901, 48.587288> 0.100000
	pigment { color rgbt <1,0,0,0> }
	no_shadow
}
sphere {
	0, 1
	scale<0.080000,0.200000,0.300000>
	matrix <0.788687, 0.112526, 0.604409,
		-0.355552, 0.885508, 0.299097,
		-0.501553, -0.450792, 0.738397,
		41.613087, 35.482662, 48.808807>
	pigment { color rgbt <0,1,1,0> }
	no_shadow
}
cylinder {
	<42.136761, 36.246021, 48.822037>,  <41.964176, 35.798218, 48.291927>, 0.130000
	pigment { color rgbt <1,0,0,0> }
	no_shadow
}

// nucleotide -1

// particle -1
sphere {
	<42.136761, 36.246021, 48.822037> 0.250000
	pigment { color rgbt <1,0,0,0> }
	no_shadow
}
cylinder {
	<42.049496, 35.887188, 48.975735>,  <41.997139, 35.671886, 49.067955>, 0.100000
	pigment { color rgbt <1,0,0,0> }
	no_shadow
}
cylinder {
	<42.049496, 35.887188, 48.975735>,  <42.136761, 36.246021, 48.822037>, 0.100000
	pigment { color rgbt <1,0,0,0> }
	no_shadow
}

// particle -1
sphere {
	<42.049496, 35.887188, 48.975735> 0.100000
	pigment { color rgbt <1,0,0,0> }
	no_shadow
}
sphere {
	0, 1
	scale<0.080000,0.200000,0.300000>
	matrix <0.886347, -0.017366, 0.462696,
		-0.408405, 0.441515, 0.798918,
		-0.218161, -0.897086, 0.384243,
		41.984047, 35.618061, 49.091007>
	pigment { color rgbt <0,1,1,0> }
	no_shadow
}
cylinder {
	<42.261364, 36.344376, 49.540951>,  <42.136761, 36.246021, 48.822037>, 0.130000
	pigment { color rgbt <1,0,0,0> }
	no_shadow
}

// nucleotide -1

// particle -1
sphere {
	<42.261364, 36.344376, 49.540951> 0.250000
	pigment { color rgbt <1,0,0,0> }
	no_shadow
}
cylinder {
	<42.272591, 35.948116, 49.487553>,  <42.279327, 35.710361, 49.455513>, 0.100000
	pigment { color rgbt <1,0,0,0> }
	no_shadow
}
cylinder {
	<42.272591, 35.948116, 49.487553>,  <42.261364, 36.344376, 49.540951>, 0.100000
	pigment { color rgbt <1,0,0,0> }
	no_shadow
}

// particle -1
sphere {
	<42.272591, 35.948116, 49.487553> 0.100000
	pigment { color rgbt <1,0,0,0> }
	no_shadow
}
sphere {
	0, 1
	scale<0.080000,0.200000,0.300000>
	matrix <0.890439, -0.035910, 0.453684,
		-0.454237, -0.131597, 0.881108,
		0.028062, -0.990653, -0.133491,
		42.281010, 35.650921, 49.447506>
	pigment { color rgbt <0,1,1,0> }
	no_shadow
}
cylinder {
	<42.454380, 36.101654, 50.166687>,  <42.261364, 36.344376, 49.540951>, 0.130000
	pigment { color rgbt <1,0,0,0> }
	no_shadow
}

// nucleotide -1

// particle -1
sphere {
	<42.454380, 36.101654, 50.166687> 0.250000
	pigment { color rgbt <1,0,0,0> }
	no_shadow
}
cylinder {
	<42.540604, 35.774361, 49.953510>,  <42.592339, 35.577984, 49.825603>, 0.100000
	pigment { color rgbt <1,0,0,0> }
	no_shadow
}
cylinder {
	<42.540604, 35.774361, 49.953510>,  <42.454380, 36.101654, 50.166687>, 0.100000
	pigment { color rgbt <1,0,0,0> }
	no_shadow
}

// particle -1
sphere {
	<42.540604, 35.774361, 49.953510> 0.100000
	pigment { color rgbt <1,0,0,0> }
	no_shadow
}
sphere {
	0, 1
	scale<0.080000,0.200000,0.300000>
	matrix <0.806006, -0.159016, 0.570147,
		-0.551259, -0.552460, 0.625221,
		0.215563, -0.818231, -0.532945,
		42.605274, 35.528893, 49.793625>
	pigment { color rgbt <0,1,1,0> }
	no_shadow
}
cylinder {
	<42.660740, 35.645367, 50.688248>,  <42.454380, 36.101654, 50.166687>, 0.130000
	pigment { color rgbt <1,0,0,0> }
	no_shadow
}

// nucleotide -1

// particle -1
sphere {
	<42.660740, 35.645367, 50.688248> 0.250000
	pigment { color rgbt <1,0,0,0> }
	no_shadow
}
cylinder {
	<42.810230, 35.522472, 50.338177>,  <42.899925, 35.448734, 50.128136>, 0.100000
	pigment { color rgbt <1,0,0,0> }
	no_shadow
}
cylinder {
	<42.810230, 35.522472, 50.338177>,  <42.660740, 35.645367, 50.688248>, 0.100000
	pigment { color rgbt <1,0,0,0> }
	no_shadow
}

// particle -1
sphere {
	<42.810230, 35.522472, 50.338177> 0.100000
	pigment { color rgbt <1,0,0,0> }
	no_shadow
}
sphere {
	0, 1
	scale<0.080000,0.200000,0.300000>
	matrix <0.822280, -0.326832, 0.465870,
		-0.429169, -0.893749, 0.130489,
		0.373723, -0.307236, -0.875179,
		42.922348, 35.430302, 50.075623>
	pigment { color rgbt <0,1,1,0> }
	no_shadow
}
cylinder {
	<42.977257, 35.019699, 50.863098>,  <42.660740, 35.645367, 50.688248>, 0.130000
	pigment { color rgbt <1,0,0,0> }
	no_shadow
}

// nucleotide -1

// particle -1
sphere {
	<42.977257, 35.019699, 50.863098> 0.250000
	pigment { color rgbt <1,0,0,0> }
	no_shadow
}
cylinder {
	<43.155491, 35.135433, 50.524220>,  <43.262432, 35.204876, 50.320892>, 0.100000
	pigment { color rgbt <1,0,0,0> }
	no_shadow
}
cylinder {
	<43.155491, 35.135433, 50.524220>,  <42.977257, 35.019699, 50.863098>, 0.100000
	pigment { color rgbt <1,0,0,0> }
	no_shadow
}

// particle -1
sphere {
	<43.155491, 35.135433, 50.524220> 0.100000
	pigment { color rgbt <1,0,0,0> }
	no_shadow
}
sphere {
	0, 1
	scale<0.080000,0.200000,0.300000>
	matrix <0.894761, -0.113035, 0.432003,
		0.029232, -0.950530, -0.309255,
		0.445588, 0.289338, -0.847192,
		43.289165, 35.222233, 50.270061>
	pigment { color rgbt <0,1,1,0> }
	no_shadow
}
cylinder {
	<43.552353, 34.556416, 50.678173>,  <42.977257, 35.019699, 50.863098>, 0.130000
	pigment { color rgbt <1,0,0,0> }
	no_shadow
}

// nucleotide -1

// particle -1
sphere {
	<43.552353, 34.556416, 50.678173> 0.250000
	pigment { color rgbt <1,0,0,0> }
	no_shadow
}
cylinder {
	<43.627159, 34.913380, 50.513912>,  <43.672043, 35.127556, 50.415356>, 0.100000
	pigment { color rgbt <1,0,0,0> }
	no_shadow
}
cylinder {
	<43.627159, 34.913380, 50.513912>,  <43.552353, 34.556416, 50.678173>, 0.100000
	pigment { color rgbt <1,0,0,0> }
	no_shadow
}

// particle -1
sphere {
	<43.627159, 34.913380, 50.513912> 0.100000
	pigment { color rgbt <1,0,0,0> }
	no_shadow
}
sphere {
	0, 1
	scale<0.080000,0.200000,0.300000>
	matrix <0.943716, -0.047119, 0.327383,
		0.272809, -0.448764, -0.850991,
		0.187016, 0.892407, -0.410651,
		43.683266, 35.181103, 50.390717>
	pigment { color rgbt <0,1,1,0> }
	no_shadow
}
cylinder {
	<44.062572, 34.440601, 50.209328>,  <43.552353, 34.556416, 50.678173>, 0.130000
	pigment { color rgbt <1,0,0,0> }
	no_shadow
}

// nucleotide -1

// particle -1
sphere {
	<44.062572, 34.440601, 50.209328> 0.250000
	pigment { color rgbt <1,0,0,0> }
	no_shadow
}
cylinder {
	<44.092972, 34.838726, 50.233231>,  <44.111210, 35.077602, 50.247574>, 0.100000
	pigment { color rgbt <1,0,0,0> }
	no_shadow
}
cylinder {
	<44.092972, 34.838726, 50.233231>,  <44.062572, 34.440601, 50.209328>, 0.100000
	pigment { color rgbt <1,0,0,0> }
	no_shadow
}

// particle -1
sphere {
	<44.092972, 34.838726, 50.233231> 0.100000
	pigment { color rgbt <1,0,0,0> }
	no_shadow
}
sphere {
	0, 1
	scale<0.080000,0.200000,0.300000>
	matrix <0.980955, -0.085376, 0.174466,
		0.178751, 0.045362, -0.982848,
		0.075998, 0.995316, 0.059759,
		44.115772, 35.137321, 50.251160>
	pigment { color rgbt <0,1,1,0> }
	no_shadow
}
cylinder {
	<44.714958, 34.601418, 49.864449>,  <44.062572, 34.440601, 50.209328>, 0.130000
	pigment { color rgbt <1,0,0,0> }
	no_shadow
}

// nucleotide -1

// particle -1
sphere {
	<44.714958, 34.601418, 49.864449> 0.250000
	pigment { color rgbt <1,0,0,0> }
	no_shadow
}
cylinder {
	<44.616314, 34.919743, 50.085667>,  <44.557125, 35.110737, 50.218399>, 0.100000
	pigment { color rgbt <1,0,0,0> }
	no_shadow
}
cylinder {
	<44.616314, 34.919743, 50.085667>,  <44.714958, 34.601418, 49.864449>, 0.100000
	pigment { color rgbt <1,0,0,0> }
	no_shadow
}

// particle -1
sphere {
	<44.616314, 34.919743, 50.085667> 0.100000
	pigment { color rgbt <1,0,0,0> }
	no_shadow
}
sphere {
	0, 1
	scale<0.080000,0.200000,0.300000>
	matrix <0.906411, -0.012527, 0.422211,
		0.342930, 0.605410, -0.718247,
		-0.246613, 0.795815, 0.553046,
		44.542332, 35.158485, 50.251579>
	pigment { color rgbt <0,1,1,0> }
	no_shadow
}
cylinder {
	<45.301476, 35.031700, 49.716309>,  <44.714958, 34.601418, 49.864449>, 0.130000
	pigment { color rgbt <1,0,0,0> }
	no_shadow
}

// nucleotide -1

// particle -1
sphere {
	<45.301476, 35.031700, 49.716309> 0.250000
	pigment { color rgbt <1,0,0,0> }
	no_shadow
}
cylinder {
	<45.145691, 35.180126, 50.053505>,  <45.052219, 35.269180, 50.255821>, 0.100000
	pigment { color rgbt <1,0,0,0> }
	no_shadow
}
cylinder {
	<45.145691, 35.180126, 50.053505>,  <45.301476, 35.031700, 49.716309>, 0.100000
	pigment { color rgbt <1,0,0,0> }
	no_shadow
}

// particle -1
sphere {
	<45.145691, 35.180126, 50.053505> 0.100000
	pigment { color rgbt <1,0,0,0> }
	no_shadow
}
sphere {
	0, 1
	scale<0.080000,0.200000,0.300000>
	matrix <0.921032, 0.161077, 0.354619,
		-0.004201, 0.914531, -0.404493,
		-0.389465, 0.371062, 0.842989,
		45.028851, 35.291443, 50.306400>
	pigment { color rgbt <0,1,1,0> }
	no_shadow
}
cylinder {
	<45.601067, 35.714279, 49.769295>,  <45.301476, 35.031700, 49.716309>, 0.130000
	pigment { color rgbt <1,0,0,0> }
	no_shadow
}

// nucleotide -1

// particle -1
sphere {
	<45.601067, 35.714279, 49.769295> 0.250000
	pigment { color rgbt <1,0,0,0> }
	no_shadow
}
cylinder {
	<45.492527, 35.608852, 50.139572>,  <45.427402, 35.545597, 50.361736>, 0.100000
	pigment { color rgbt <1,0,0,0> }
	no_shadow
}
cylinder {
	<45.492527, 35.608852, 50.139572>,  <45.601067, 35.714279, 49.769295>, 0.100000
	pigment { color rgbt <1,0,0,0> }
	no_shadow
}

// particle -1
sphere {
	<45.492527, 35.608852, 50.139572> 0.100000
	pigment { color rgbt <1,0,0,0> }
	no_shadow
}
sphere {
	0, 1
	scale<0.080000,0.200000,0.300000>
	matrix <0.928996, 0.179758, 0.323502,
		-0.251665, 0.947744, 0.196077,
		-0.271351, -0.263568, 0.925689,
		45.411121, 35.529781, 50.417278>
	pigment { color rgbt <0,1,1,0> }
	no_shadow
}
cylinder {
	<45.933731, 36.148468, 50.137630>,  <45.601067, 35.714279, 49.769295>, 0.130000
	pigment { color rgbt <1,0,0,0> }
	no_shadow
}

// nucleotide -1

// particle -1
sphere {
	<45.933731, 36.148468, 50.137630> 0.250000
	pigment { color rgbt <1,0,0,0> }
	no_shadow
}
cylinder {
	<45.853703, 35.862209, 50.405312>,  <45.805687, 35.690456, 50.565918>, 0.100000
	pigment { color rgbt <1,0,0,0> }
	no_shadow
}
cylinder {
	<45.853703, 35.862209, 50.405312>,  <45.933731, 36.148468, 50.137630>, 0.100000
	pigment { color rgbt <1,0,0,0> }
	no_shadow
}

// particle -1
sphere {
	<45.853703, 35.862209, 50.405312> 0.100000
	pigment { color rgbt <1,0,0,0> }
	no_shadow
}
sphere {
	0, 1
	scale<0.080000,0.200000,0.300000>
	matrix <0.927560, 0.081665, 0.364642,
		-0.315603, 0.693676, 0.647463,
		-0.200069, -0.715643, 0.669199,
		45.793682, 35.647518, 50.606071>
	pigment { color rgbt <0,1,1,0> }
	no_shadow
}
cylinder {
	<46.140102, 36.388298, 50.750759>,  <45.933731, 36.148468, 50.137630>, 0.130000
	pigment { color rgbt <1,0,0,0> }
	no_shadow
}

// nucleotide -1

// particle -1
sphere {
	<46.140102, 36.388298, 50.750759> 0.250000
	pigment { color rgbt <1,0,0,0> }
	no_shadow
}
cylinder {
	<46.136059, 35.995426, 50.825825>,  <46.133633, 35.759701, 50.870865>, 0.100000
	pigment { color rgbt <1,0,0,0> }
	no_shadow
}
cylinder {
	<46.136059, 35.995426, 50.825825>,  <46.140102, 36.388298, 50.750759>, 0.100000
	pigment { color rgbt <1,0,0,0> }
	no_shadow
}

// particle -1
sphere {
	<46.136059, 35.995426, 50.825825> 0.100000
	pigment { color rgbt <1,0,0,0> }
	no_shadow
}
sphere {
	0, 1
	scale<0.080000,0.200000,0.300000>
	matrix <0.819901, 0.099291, 0.563830,
		-0.572416, 0.159565, 0.804288,
		-0.010109, -0.982181, 0.187663,
		46.133026, 35.700771, 50.882122>
	pigment { color rgbt <0,1,1,0> }
	no_shadow
}
cylinder {
	<46.342167, 36.397190, 51.502281>,  <46.140102, 36.388298, 50.750759>, 0.130000
	pigment { color rgbt <1,0,0,0> }
	no_shadow
}

// nucleotide -1

// particle -1
sphere {
	<46.342167, 36.397190, 51.502281> 0.250000
	pigment { color rgbt <1,0,0,0> }
	no_shadow
}
cylinder {
	<46.377434, 36.026310, 51.356667>,  <46.398594, 35.803783, 51.269299>, 0.100000
	pigment { color rgbt <1,0,0,0> }
	no_shadow
}
cylinder {
	<46.377434, 36.026310, 51.356667>,  <46.342167, 36.397190, 51.502281>, 0.100000
	pigment { color rgbt <1,0,0,0> }
	no_shadow
}

// particle -1
sphere {
	<46.377434, 36.026310, 51.356667> 0.100000
	pigment { color rgbt <1,0,0,0> }
	no_shadow
}
sphere {
	0, 1
	scale<0.080000,0.200000,0.300000>
	matrix <0.796457, -0.153864, 0.584792,
		-0.598233, -0.341501, 0.724910,
		0.088169, -0.927202, -0.364037,
		46.403885, 35.748150, 51.247456>
	pigment { color rgbt <0,1,1,0> }
	no_shadow
}
cylinder {
	<46.376167, 35.918217, 52.049702>,  <46.342167, 36.397190, 51.502281>, 0.130000
	pigment { color rgbt <1,0,0,0> }
	no_shadow
}

// nucleotide -1

// particle -1
sphere {
	<46.376167, 35.918217, 52.049702> 0.250000
	pigment { color rgbt <1,0,0,0> }
	no_shadow
}
cylinder {
	<46.537975, 35.724678, 51.739281>,  <46.635059, 35.608555, 51.553028>, 0.100000
	pigment { color rgbt <1,0,0,0> }
	no_shadow
}
cylinder {
	<46.537975, 35.724678, 51.739281>,  <46.376167, 35.918217, 52.049702>, 0.100000
	pigment { color rgbt <1,0,0,0> }
	no_shadow
}

// particle -1
sphere {
	<46.537975, 35.724678, 51.739281> 0.100000
	pigment { color rgbt <1,0,0,0> }
	no_shadow
}
sphere {
	0, 1
	scale<0.080000,0.200000,0.300000>
	matrix <0.847384, -0.120854, 0.517044,
		-0.343957, -0.866770, 0.361113,
		0.404516, -0.483843, -0.776056,
		46.659328, 35.579525, 51.506462>
	pigment { color rgbt <0,1,1,0> }
	no_shadow
}
cylinder {
	<46.734093, 35.429199, 52.397671>,  <46.376167, 35.918217, 52.049702>, 0.130000
	pigment { color rgbt <1,0,0,0> }
	no_shadow
}

// nucleotide -1

// particle -1
sphere {
	<46.734093, 35.429199, 52.397671> 0.250000
	pigment { color rgbt <1,0,0,0> }
	no_shadow
}
cylinder {
	<46.881973, 35.454628, 52.026882>,  <46.970703, 35.469883, 51.804409>, 0.100000
	pigment { color rgbt <1,0,0,0> }
	no_shadow
}
cylinder {
	<46.881973, 35.454628, 52.026882>,  <46.734093, 35.429199, 52.397671>, 0.100000
	pigment { color rgbt <1,0,0,0> }
	no_shadow
}

// particle -1
sphere {
	<46.881973, 35.454628, 52.026882> 0.100000
	pigment { color rgbt <1,0,0,0> }
	no_shadow
}
sphere {
	0, 1
	scale<0.080000,0.200000,0.300000>
	matrix <0.928328, -0.067206, 0.365637,
		-0.039055, -0.995712, -0.083860,
		0.369705, 0.063570, -0.926972,
		46.992886, 35.473698, 51.748791>
	pigment { color rgbt <0,1,1,0> }
	no_shadow
}
cylinder {
	<47.325237, 34.986969, 52.411434>,  <46.734093, 35.429199, 52.397671>, 0.130000
	pigment { color rgbt <1,0,0,0> }
	no_shadow
}

// nucleotide -1

// particle -1
sphere {
	<47.325237, 34.986969, 52.411434> 0.250000
	pigment { color rgbt <1,0,0,0> }
	no_shadow
}
cylinder {
	<47.399475, 35.166859, 52.061966>,  <47.444019, 35.274792, 51.852283>, 0.100000
	pigment { color rgbt <1,0,0,0> }
	no_shadow
}
cylinder {
	<47.399475, 35.166859, 52.061966>,  <47.325237, 34.986969, 52.411434>, 0.100000
	pigment { color rgbt <1,0,0,0> }
	no_shadow
}

// particle -1
sphere {
	<47.399475, 35.166859, 52.061966> 0.100000
	pigment { color rgbt <1,0,0,0> }
	no_shadow
}
sphere {
	0, 1
	scale<0.080000,0.200000,0.300000>
	matrix <0.969824, 0.059214, 0.236504,
		0.158095, -0.891204, -0.425160,
		0.185598, 0.449721, -0.873673,
		47.455154, 35.301773, 51.799866>
	pigment { color rgbt <0,1,1,0> }
	no_shadow
}
cylinder {
	<47.867378, 34.589207, 52.113750>,  <47.325237, 34.986969, 52.411434>, 0.130000
	pigment { color rgbt <1,0,0,0> }
	no_shadow
}

// nucleotide -1

// particle -1
sphere {
	<47.867378, 34.589207, 52.113750> 0.250000
	pigment { color rgbt <1,0,0,0> }
	no_shadow
}
cylinder {
	<47.866722, 34.959496, 51.962471>,  <47.866329, 35.181667, 51.871704>, 0.100000
	pigment { color rgbt <1,0,0,0> }
	no_shadow
}
cylinder {
	<47.866722, 34.959496, 51.962471>,  <47.867378, 34.589207, 52.113750>, 0.100000
	pigment { color rgbt <1,0,0,0> }
	no_shadow
}

// particle -1
sphere {
	<47.866722, 34.959496, 51.962471> 0.100000
	pigment { color rgbt <1,0,0,0> }
	no_shadow
}
sphere {
	0, 1
	scale<0.080000,0.200000,0.300000>
	matrix <0.948338, 0.121423, 0.293105,
		0.317256, -0.358181, -0.878097,
		-0.001637, 0.925723, -0.378199,
		47.866230, 35.237213, 51.849010>
	pigment { color rgbt <0,1,1,0> }
	no_shadow
}
// strand 1

// nucleotide -1

// particle -1
sphere {
	<24.393480, 34.657181, 52.015602> 0.250000
	pigment { color rgbt <0,1,0,0> }
	no_shadow
}
cylinder {
	<24.462324, 35.024975, 51.874222>,  <24.503632, 35.245651, 51.789394>, 0.100000
	pigment { color rgbt <0,1,0,0> }
	no_shadow
}
cylinder {
	<24.462324, 35.024975, 51.874222>,  <24.393480, 34.657181, 52.015602>, 0.100000
	pigment { color rgbt <0,1,0,0> }
	no_shadow
}

// particle -1
sphere {
	<24.462324, 35.024975, 51.874222> 0.100000
	pigment { color rgbt <0,1,0,0> }
	no_shadow
}
sphere {
	0, 1
	scale<0.080000,0.200000,0.300000>
	matrix <0.923374, -0.275579, -0.267276,
		-0.343159, -0.280363, -0.896459,
		0.172111, 0.919485, -0.353447,
		24.513958, 35.300819, 51.768188>
	pigment { color rgbt <0,1,1,0> }
	no_shadow
}
cylinder {
	<24.716841, 34.498501, 51.429123>,  <24.393480, 34.657181, 52.015602>, 0.130000
	pigment { color rgbt <0,1,0,0> }
	no_shadow
}

// nucleotide -1

// particle -1
sphere {
	<24.716841, 34.498501, 51.429123> 0.250000
	pigment { color rgbt <0,1,0,0> }
	no_shadow
}
cylinder {
	<24.822445, 34.879963, 51.486862>,  <24.885807, 35.108841, 51.521507>, 0.100000
	pigment { color rgbt <0,1,0,0> }
	no_shadow
}
cylinder {
	<24.822445, 34.879963, 51.486862>,  <24.716841, 34.498501, 51.429123>, 0.100000
	pigment { color rgbt <0,1,0,0> }
	no_shadow
}

// particle -1
sphere {
	<24.822445, 34.879963, 51.486862> 0.100000
	pigment { color rgbt <0,1,0,0> }
	no_shadow
}
sphere {
	0, 1
	scale<0.080000,0.200000,0.300000>
	matrix <0.912311, -0.198336, -0.358262,
		-0.313030, 0.226275, -0.922394,
		0.264010, 0.953657, 0.144348,
		24.901648, 35.166061, 51.530167>
	pigment { color rgbt <0,1,1,0> }
	no_shadow
}
cylinder {
	<25.043211, 34.680420, 50.786469>,  <24.716841, 34.498501, 51.429123>, 0.130000
	pigment { color rgbt <0,1,0,0> }
	no_shadow
}

// nucleotide -1

// particle -1
sphere {
	<25.043211, 34.680420, 50.786469> 0.250000
	pigment { color rgbt <0,1,0,0> }
	no_shadow
}
cylinder {
	<25.204187, 34.920738, 51.062756>,  <25.300774, 35.064930, 51.228527>, 0.100000
	pigment { color rgbt <0,1,0,0> }
	no_shadow
}
cylinder {
	<25.204187, 34.920738, 51.062756>,  <25.043211, 34.680420, 50.786469>, 0.100000
	pigment { color rgbt <0,1,0,0> }
	no_shadow
}

// particle -1
sphere {
	<25.204187, 34.920738, 51.062756> 0.100000
	pigment { color rgbt <0,1,0,0> }
	no_shadow
}
sphere {
	0, 1
	scale<0.080000,0.200000,0.300000>
	matrix <0.913841, -0.308308, -0.264274,
		0.054180, 0.737560, -0.673105,
		0.402442, 0.600792, 0.690716,
		25.324921, 35.100975, 51.269970>
	pigment { color rgbt <0,1,1,0> }
	no_shadow
}
cylinder {
	<25.524788, 35.030243, 50.412357>,  <25.043211, 34.680420, 50.786469>, 0.130000
	pigment { color rgbt <0,1,0,0> }
	no_shadow
}

// nucleotide -1

// particle -1
sphere {
	<25.524788, 35.030243, 50.412357> 0.250000
	pigment { color rgbt <0,1,0,0> }
	no_shadow
}
cylinder {
	<25.658499, 35.112488, 50.780266>,  <25.738726, 35.161835, 51.001011>, 0.100000
	pigment { color rgbt <0,1,0,0> }
	no_shadow
}
cylinder {
	<25.658499, 35.112488, 50.780266>,  <25.524788, 35.030243, 50.412357>, 0.100000
	pigment { color rgbt <0,1,0,0> }
	no_shadow
}

// particle -1
sphere {
	<25.658499, 35.112488, 50.780266> 0.100000
	pigment { color rgbt <0,1,0,0> }
	no_shadow
}
sphere {
	0, 1
	scale<0.080000,0.200000,0.300000>
	matrix <0.941978, -0.041215, -0.333135,
		-0.030589, 0.977765, -0.207460,
		0.334278, 0.205613, 0.919773,
		25.758781, 35.174171, 51.056198>
	pigment { color rgbt <0,1,1,0> }
	no_shadow
}
cylinder {
	<26.063736, 35.559185, 50.350887>,  <25.524788, 35.030243, 50.412357>, 0.130000
	pigment { color rgbt <0,1,0,0> }
	no_shadow
}

// nucleotide -1

// particle -1
sphere {
	<26.063736, 35.559185, 50.350887> 0.250000
	pigment { color rgbt <0,1,0,0> }
	no_shadow
}
cylinder {
	<26.118130, 35.365433, 50.696575>,  <26.150766, 35.249180, 50.903988>, 0.100000
	pigment { color rgbt <0,1,0,0> }
	no_shadow
}
cylinder {
	<26.118130, 35.365433, 50.696575>,  <26.063736, 35.559185, 50.350887>, 0.100000
	pigment { color rgbt <0,1,0,0> }
	no_shadow
}

// particle -1
sphere {
	<26.118130, 35.365433, 50.696575> 0.100000
	pigment { color rgbt <0,1,0,0> }
	no_shadow
}
sphere {
	0, 1
	scale<0.080000,0.200000,0.300000>
	matrix <0.968101, -0.120335, -0.219773,
		0.210450, 0.866542, 0.452567,
		0.135982, -0.484381, 0.864224,
		26.158924, 35.220119, 50.955841>
	pigment { color rgbt <0,1,1,0> }
	no_shadow
}
cylinder {
	<26.645908, 35.796227, 50.615555>,  <26.063736, 35.559185, 50.350887>, 0.130000
	pigment { color rgbt <0,1,0,0> }
	no_shadow
}

// nucleotide -1

// particle -1
sphere {
	<26.645908, 35.796227, 50.615555> 0.250000
	pigment { color rgbt <0,1,0,0> }
	no_shadow
}
cylinder {
	<26.622919, 35.441383, 50.798740>,  <26.609125, 35.228477, 50.908653>, 0.100000
	pigment { color rgbt <0,1,0,0> }
	no_shadow
}
cylinder {
	<26.622919, 35.441383, 50.798740>,  <26.645908, 35.796227, 50.615555>, 0.100000
	pigment { color rgbt <0,1,0,0> }
	no_shadow
}

// particle -1
sphere {
	<26.622919, 35.441383, 50.798740> 0.100000
	pigment { color rgbt <0,1,0,0> }
	no_shadow
}
sphere {
	0, 1
	scale<0.080000,0.200000,0.300000>
	matrix <0.944351, -0.197123, -0.263330,
		0.323878, 0.417347, 0.849072,
		-0.057472, -0.887110, 0.457967,
		26.605677, 35.175251, 50.936131>
	pigment { color rgbt <0,1,1,0> }
	no_shadow
}
cylinder {
	<27.344812, 35.749035, 51.036232>,  <26.645908, 35.796227, 50.615555>, 0.130000
	pigment { color rgbt <0,1,0,0> }
	no_shadow
}

// nucleotide -1

// particle -1
sphere {
	<27.344812, 35.749035, 51.036232> 0.250000
	pigment { color rgbt <0,1,0,0> }
	no_shadow
}
cylinder {
	<27.181938, 35.385460, 51.000374>,  <27.084213, 35.167316, 50.978859>, 0.100000
	pigment { color rgbt <0,1,0,0> }
	no_shadow
}
cylinder {
	<27.181938, 35.385460, 51.000374>,  <27.344812, 35.749035, 51.036232>, 0.100000
	pigment { color rgbt <0,1,0,0> }
	no_shadow
}

// particle -1
sphere {
	<27.181938, 35.385460, 51.000374> 0.100000
	pigment { color rgbt <0,1,0,0> }
	no_shadow
}
sphere {
	0, 1
	scale<0.080000,0.200000,0.300000>
	matrix <0.901904, -0.384654, -0.196498,
		0.144122, -0.160862, 0.976398,
		-0.407184, -0.908936, -0.089645,
		27.059782, 35.112778, 50.973480>
	pigment { color rgbt <0,1,1,0> }
	no_shadow
}
cylinder {
	<27.716581, 35.315189, 51.537678>,  <27.344812, 35.749035, 51.036232>, 0.130000
	pigment { color rgbt <0,1,0,0> }
	no_shadow
}

// nucleotide -1

// particle -1
sphere {
	<27.716581, 35.315189, 51.537678> 0.250000
	pigment { color rgbt <0,1,0,0> }
	no_shadow
}
cylinder {
	<27.563347, 35.091846, 51.243336>,  <27.471407, 34.957840, 51.066730>, 0.100000
	pigment { color rgbt <0,1,0,0> }
	no_shadow
}
cylinder {
	<27.563347, 35.091846, 51.243336>,  <27.716581, 35.315189, 51.537678>, 0.100000
	pigment { color rgbt <0,1,0,0> }
	no_shadow
}

// particle -1
sphere {
	<27.563347, 35.091846, 51.243336> 0.100000
	pigment { color rgbt <0,1,0,0> }
	no_shadow
}
sphere {
	0, 1
	scale<0.080000,0.200000,0.300000>
	matrix <0.887025, -0.444651, -0.124389,
		-0.257743, -0.700370, 0.665620,
		-0.383087, -0.558361, -0.735852,
		27.448421, 34.924339, 51.022579>
	pigment { color rgbt <0,1,1,0> }
	no_shadow
}
cylinder {
	<28.049969, 34.683868, 51.656361>,  <27.716581, 35.315189, 51.537678>, 0.130000
	pigment { color rgbt <0,1,0,0> }
	no_shadow
}

// nucleotide -1

// particle -1
sphere {
	<28.049969, 34.683868, 51.656361> 0.250000
	pigment { color rgbt <0,1,0,0> }
	no_shadow
}
cylinder {
	<27.893066, 34.698109, 51.288692>,  <27.798925, 34.706654, 51.068092>, 0.100000
	pigment { color rgbt <0,1,0,0> }
	no_shadow
}
cylinder {
	<27.893066, 34.698109, 51.288692>,  <28.049969, 34.683868, 51.656361>, 0.100000
	pigment { color rgbt <0,1,0,0> }
	no_shadow
}

// particle -1
sphere {
	<27.893066, 34.698109, 51.288692> 0.100000
	pigment { color rgbt <0,1,0,0> }
	no_shadow
}
sphere {
	0, 1
	scale<0.080000,0.200000,0.300000>
	matrix <0.748132, -0.569043, -0.341304,
		-0.535196, -0.821537, 0.196577,
		-0.392254, 0.035599, -0.919168,
		27.775391, 34.708790, 51.012943>
	pigment { color rgbt <0,1,1,0> }
	no_shadow
}
cylinder {
	<28.078707, 33.975796, 51.347401>,  <28.049969, 34.683868, 51.656361>, 0.130000
	pigment { color rgbt <0,1,0,0> }
	no_shadow
}

// nucleotide -1

// particle -1
sphere {
	<28.078707, 33.975796, 51.347401> 0.250000
	pigment { color rgbt <0,1,0,0> }
	no_shadow
}
cylinder {
	<28.020264, 34.227371, 51.041962>,  <27.985199, 34.378319, 50.858696>, 0.100000
	pigment { color rgbt <0,1,0,0> }
	no_shadow
}
cylinder {
	<28.020264, 34.227371, 51.041962>,  <28.078707, 33.975796, 51.347401>, 0.100000
	pigment { color rgbt <0,1,0,0> }
	no_shadow
}

// particle -1
sphere {
	<28.020264, 34.227371, 51.041962> 0.100000
	pigment { color rgbt <0,1,0,0> }
	no_shadow
}
sphere {
	0, 1
	scale<0.080000,0.200000,0.300000>
	matrix <0.751701, -0.431214, -0.498999,
		-0.643116, -0.646907, -0.409772,
		-0.146106, 0.628940, -0.763601,
		27.976431, 34.416054, 50.812881>
	pigment { color rgbt <0,1,1,0> }
	no_shadow
}
cylinder {
	<28.046997, 33.531784, 50.733711>,  <28.078707, 33.975796, 51.347401>, 0.130000
	pigment { color rgbt <0,1,0,0> }
	no_shadow
}

// nucleotide -1

// particle -1
sphere {
	<28.046997, 33.531784, 50.733711> 0.250000
	pigment { color rgbt <0,1,0,0> }
	no_shadow
}
cylinder {
	<28.128021, 33.902107, 50.606056>,  <28.176636, 34.124302, 50.529465>, 0.100000
	pigment { color rgbt <0,1,0,0> }
	no_shadow
}
cylinder {
	<28.128021, 33.902107, 50.606056>,  <28.046997, 33.531784, 50.733711>, 0.100000
	pigment { color rgbt <0,1,0,0> }
	no_shadow
}

// particle -1
sphere {
	<28.128021, 33.902107, 50.606056> 0.100000
	pigment { color rgbt <0,1,0,0> }
	no_shadow
}
sphere {
	0, 1
	scale<0.080000,0.200000,0.300000>
	matrix <0.663430, -0.369445, -0.650670,
		-0.720298, -0.079923, -0.689044,
		0.202560, 0.925809, -0.319134,
		28.188789, 34.179852, 50.510315>
	pigment { color rgbt <0,1,1,0> }
	no_shadow
}
cylinder {
	<28.255285, 33.413776, 50.037811>,  <28.046997, 33.531784, 50.733711>, 0.130000
	pigment { color rgbt <0,1,0,0> }
	no_shadow
}

// nucleotide -1

// particle -1
sphere {
	<28.255285, 33.413776, 50.037811> 0.250000
	pigment { color rgbt <0,1,0,0> }
	no_shadow
}
cylinder {
	<28.381756, 33.778297, 50.143311>,  <28.457638, 33.997009, 50.206608>, 0.100000
	pigment { color rgbt <0,1,0,0> }
	no_shadow
}
cylinder {
	<28.381756, 33.778297, 50.143311>,  <28.255285, 33.413776, 50.037811>, 0.100000
	pigment { color rgbt <0,1,0,0> }
	no_shadow
}

// particle -1
sphere {
	<28.381756, 33.778297, 50.143311> 0.100000
	pigment { color rgbt <0,1,0,0> }
	no_shadow
}
sphere {
	0, 1
	scale<0.080000,0.200000,0.300000>
	matrix <0.767808, -0.082512, -0.635345,
		-0.557229, 0.403385, -0.725793,
		0.316176, 0.911303, 0.263744,
		28.476608, 34.051689, 50.222435>
	pigment { color rgbt <0,1,1,0> }
	no_shadow
}
cylinder {
	<28.419243, 33.809765, 49.402397>,  <28.255285, 33.413776, 50.037811>, 0.130000
	pigment { color rgbt <0,1,0,0> }
	no_shadow
}

// nucleotide -1

// particle -1
sphere {
	<28.419243, 33.809765, 49.402397> 0.250000
	pigment { color rgbt <0,1,0,0> }
	no_shadow
}
cylinder {
	<28.616943, 33.988831, 49.700474>,  <28.735563, 34.096268, 49.879322>, 0.100000
	pigment { color rgbt <0,1,0,0> }
	no_shadow
}
cylinder {
	<28.616943, 33.988831, 49.700474>,  <28.419243, 33.809765, 49.402397>, 0.100000
	pigment { color rgbt <0,1,0,0> }
	no_shadow
}

// particle -1
sphere {
	<28.616943, 33.988831, 49.700474> 0.100000
	pigment { color rgbt <0,1,0,0> }
	no_shadow
}
sphere {
	0, 1
	scale<0.080000,0.200000,0.300000>
	matrix <0.804177, 0.090130, -0.587517,
		-0.330174, 0.889649, -0.315453,
		0.494252, 0.447663, 0.745194,
		28.765219, 34.123131, 49.924030>
	pigment { color rgbt <0,1,1,0> }
	no_shadow
}
cylinder {
	<28.671764, 34.449371, 49.090111>,  <28.419243, 33.809765, 49.402397>, 0.130000
	pigment { color rgbt <0,1,0,0> }
	no_shadow
}

// nucleotide -1

// particle -1
sphere {
	<28.671764, 34.449371, 49.090111> 0.250000
	pigment { color rgbt <0,1,0,0> }
	no_shadow
}
cylinder {
	<28.881960, 34.391994, 49.425560>,  <29.008078, 34.357567, 49.626827>, 0.100000
	pigment { color rgbt <0,1,0,0> }
	no_shadow
}
cylinder {
	<28.881960, 34.391994, 49.425560>,  <28.671764, 34.449371, 49.090111>, 0.100000
	pigment { color rgbt <0,1,0,0> }
	no_shadow
}

// particle -1
sphere {
	<28.881960, 34.391994, 49.425560> 0.100000
	pigment { color rgbt <0,1,0,0> }
	no_shadow
}
sphere {
	0, 1
	scale<0.080000,0.200000,0.300000>
	matrix <0.845455, 0.198345, -0.495847,
		-0.095209, 0.969579, 0.225504,
		0.525490, -0.143444, 0.838620,
		29.039608, 34.348961, 49.677147>
	pigment { color rgbt <0,1,1,0> }
	no_shadow
}
cylinder {
	<29.256222, 34.873486, 48.992359>,  <28.671764, 34.449371, 49.090111>, 0.130000
	pigment { color rgbt <0,1,0,0> }
	no_shadow
}

// nucleotide -1

// particle -1
sphere {
	<29.256222, 34.873486, 48.992359> 0.250000
	pigment { color rgbt <0,1,0,0> }
	no_shadow
}
cylinder {
	<29.389814, 34.618931, 49.270485>,  <29.469971, 34.466198, 49.437363>, 0.100000
	pigment { color rgbt <0,1,0,0> }
	no_shadow
}
cylinder {
	<29.389814, 34.618931, 49.270485>,  <29.256222, 34.873486, 48.992359>, 0.100000
	pigment { color rgbt <0,1,0,0> }
	no_shadow
}

// particle -1
sphere {
	<29.389814, 34.618931, 49.270485> 0.100000
	pigment { color rgbt <0,1,0,0> }
	no_shadow
}
sphere {
	0, 1
	scale<0.080000,0.200000,0.300000>
	matrix <0.924405, 0.076981, -0.373564,
		0.184206, 0.767517, 0.613991,
		0.333983, -0.636389, 0.695316,
		29.490009, 34.428013, 49.479080>
	pigment { color rgbt <0,1,1,0> }
	no_shadow
}
cylinder {
	<29.807199, 35.236713, 49.265987>,  <29.256222, 34.873486, 48.992359>, 0.130000
	pigment { color rgbt <0,1,0,0> }
	no_shadow
}

// nucleotide -1

// particle -1
sphere {
	<29.807199, 35.236713, 49.265987> 0.250000
	pigment { color rgbt <0,1,0,0> }
	no_shadow
}
cylinder {
	<29.847494, 34.857689, 49.387299>,  <29.871672, 34.630276, 49.460087>, 0.100000
	pigment { color rgbt <0,1,0,0> }
	no_shadow
}
cylinder {
	<29.847494, 34.857689, 49.387299>,  <29.807199, 35.236713, 49.265987>, 0.100000
	pigment { color rgbt <0,1,0,0> }
	no_shadow
}

// particle -1
sphere {
	<29.847494, 34.857689, 49.387299> 0.100000
	pigment { color rgbt <0,1,0,0> }
	no_shadow
}
sphere {
	0, 1
	scale<0.080000,0.200000,0.300000>
	matrix <0.986985, 0.056774, -0.150459,
		0.125351, 0.314488, 0.940949,
		0.100738, -0.947562, 0.303278,
		29.877716, 34.573421, 49.478283>
	pigment { color rgbt <0,1,1,0> }
	no_shadow
}
cylinder {
	<30.218149, 35.174492, 49.904739>,  <29.807199, 35.236713, 49.265987>, 0.130000
	pigment { color rgbt <0,1,0,0> }
	no_shadow
}

// nucleotide -1

// particle -1
sphere {
	<30.218149, 35.174492, 49.904739> 0.250000
	pigment { color rgbt <0,1,0,0> }
	no_shadow
}
cylinder {
	<30.249662, 34.829960, 49.703976>,  <30.268570, 34.623241, 49.583519>, 0.100000
	pigment { color rgbt <0,1,0,0> }
	no_shadow
}
cylinder {
	<30.249662, 34.829960, 49.703976>,  <30.218149, 35.174492, 49.904739>, 0.100000
	pigment { color rgbt <0,1,0,0> }
	no_shadow
}

// particle -1
sphere {
	<30.249662, 34.829960, 49.703976> 0.100000
	pigment { color rgbt <0,1,0,0> }
	no_shadow
}
sphere {
	0, 1
	scale<0.080000,0.200000,0.300000>
	matrix <0.984042, 0.147770, -0.099127,
		0.159547, -0.486086, 0.859224,
		0.078784, -0.861327, -0.501905,
		30.273298, 34.571560, 49.553406>
	pigment { color rgbt <0,1,1,0> }
	no_shadow
}
cylinder {
	<30.906376, 35.090080, 49.957867>,  <30.218149, 35.174492, 49.904739>, 0.130000
	pigment { color rgbt <0,1,0,0> }
	no_shadow
}

// nucleotide -1

// particle -1
sphere {
	<30.906376, 35.090080, 49.957867> 0.250000
	pigment { color rgbt <0,1,0,0> }
	no_shadow
}
cylinder {
	<30.811096, 34.787006, 49.714828>,  <30.753929, 34.605164, 49.569004>, 0.100000
	pigment { color rgbt <0,1,0,0> }
	no_shadow
}
cylinder {
	<30.811096, 34.787006, 49.714828>,  <30.906376, 35.090080, 49.957867>, 0.100000
	pigment { color rgbt <0,1,0,0> }
	no_shadow
}

// particle -1
sphere {
	<30.811096, 34.787006, 49.714828> 0.100000
	pigment { color rgbt <0,1,0,0> }
	no_shadow
}
sphere {
	0, 1
	scale<0.080000,0.200000,0.300000>
	matrix <0.966339, -0.122277, -0.226354,
		0.097209, -0.641064, 0.761307,
		-0.238198, -0.757684, -0.607599,
		30.739637, 34.559700, 49.532547>
	pigment { color rgbt <0,1,1,0> }
	no_shadow
}
cylinder {
	<31.287804, 34.406662, 50.223747>,  <30.906376, 35.090080, 49.957867>, 0.130000
	pigment { color rgbt <0,1,0,0> }
	no_shadow
}

// nucleotide -1

// particle -1
sphere {
	<31.287804, 34.406662, 50.223747> 0.250000
	pigment { color rgbt <0,1,0,0> }
	no_shadow
}
cylinder {
	<31.205656, 34.402889, 49.832291>,  <31.156368, 34.400623, 49.597416>, 0.100000
	pigment { color rgbt <0,1,0,0> }
	no_shadow
}
cylinder {
	<31.205656, 34.402889, 49.832291>,  <31.287804, 34.406662, 50.223747>, 0.100000
	pigment { color rgbt <0,1,0,0> }
	no_shadow
}

// particle -1
sphere {
	<31.205656, 34.402889, 49.832291> 0.100000
	pigment { color rgbt <0,1,0,0> }
	no_shadow
}
sphere {
	0, 1
	scale<0.080000,0.200000,0.300000>
	matrix <0.949711, -0.243433, -0.196950,
		-0.236375, -0.969872, 0.058952,
		-0.205367, -0.009434, -0.978640,
		31.144045, 34.400059, 49.538700>
	pigment { color rgbt <0,1,1,0> }
	no_shadow
}
cylinder {
	<31.543016, 33.690250, 49.938511>,  <31.287804, 34.406662, 50.223747>, 0.130000
	pigment { color rgbt <0,1,0,0> }
	no_shadow
}

// nucleotide -1

// particle -1
sphere {
	<31.543016, 33.690250, 49.938511> 0.250000
	pigment { color rgbt <0,1,0,0> }
	no_shadow
}
cylinder {
	<31.509949, 33.963657, 49.648418>,  <31.490108, 34.127701, 49.474361>, 0.100000
	pigment { color rgbt <0,1,0,0> }
	no_shadow
}
cylinder {
	<31.509949, 33.963657, 49.648418>,  <31.543016, 33.690250, 49.938511>, 0.100000
	pigment { color rgbt <0,1,0,0> }
	no_shadow
}

// particle -1
sphere {
	<31.509949, 33.963657, 49.648418> 0.100000
	pigment { color rgbt <0,1,0,0> }
	no_shadow
}
sphere {
	0, 1
	scale<0.080000,0.200000,0.300000>
	matrix <0.990937, -0.020932, -0.132684,
		-0.105873, -0.729632, -0.675595,
		-0.082669, 0.683520, -0.725236,
		31.485147, 34.168713, 49.430847>
	pigment { color rgbt <0,1,1,0> }
	no_shadow
}
cylinder {
	<31.813133, 33.322136, 49.371349>,  <31.543016, 33.690250, 49.938511>, 0.130000
	pigment { color rgbt <0,1,0,0> }
	no_shadow
}

// nucleotide -1

// particle -1
sphere {
	<31.813133, 33.322136, 49.371349> 0.250000
	pigment { color rgbt <0,1,0,0> }
	no_shadow
}
cylinder {
	<31.845268, 33.717873, 49.322781>,  <31.864550, 33.955315, 49.293640>, 0.100000
	pigment { color rgbt <0,1,0,0> }
	no_shadow
}
cylinder {
	<31.845268, 33.717873, 49.322781>,  <31.813133, 33.322136, 49.371349>, 0.100000
	pigment { color rgbt <0,1,0,0> }
	no_shadow
}

// particle -1
sphere {
	<31.845268, 33.717873, 49.322781> 0.100000
	pigment { color rgbt <0,1,0,0> }
	no_shadow
}
sphere {
	0, 1
	scale<0.080000,0.200000,0.300000>
	matrix <0.976987, -0.102303, -0.187162,
		-0.197590, -0.103592, -0.974796,
		0.080336, 0.989345, -0.121423,
		31.869370, 34.014675, 49.286354>
	pigment { color rgbt <0,1,1,0> }
	no_shadow
}
// strand 2

// nucleotide -1

// particle -1
sphere {
	<24.275324, 34.574463, 35.070427> 0.250000
	pigment { color rgbt <0,0,1,0> }
	no_shadow
}
cylinder {
	<24.415184, 34.914745, 35.227425>,  <24.499100, 35.118916, 35.321621>, 0.100000
	pigment { color rgbt <0,0,1,0> }
	no_shadow
}
cylinder {
	<24.415184, 34.914745, 35.227425>,  <24.275324, 34.574463, 35.070427>, 0.100000
	pigment { color rgbt <0,0,1,0> }
	no_shadow
}

// particle -1
sphere {
	<24.415184, 34.914745, 35.227425> 0.100000
	pigment { color rgbt <0,0,1,0> }
	no_shadow
}
sphere {
	0, 1
	scale<0.080000,0.200000,0.300000>
	matrix <0.304429, -0.499364, 0.811146,
		0.886041, -0.164132, -0.433581,
		0.349650, 0.850703, 0.392491,
		24.520079, 35.169956, 35.345173>
	pigment { color rgbt <0,1,1,0> }
	no_shadow
}
cylinder {
	<25.017017, 34.609188, 35.185085>,  <24.275324, 34.574463, 35.070427>, 0.130000
