// switches for output
#declare DRAW_BASES = 1; // possible values are 0, 1; only relevant for DNA ribbons
#declare DRAW_BASES_TYPE = 3; // possible values are 1, 2, 3; only relevant for DNA ribbons
#declare DRAW_FOG = 0; // set to 1 to enable fog

#include "colors.inc"

#include "transforms.inc"
background { rgb <1, 1, 1>}

#default {
   normal{
       ripples 0.25
       frequency 0.20
       turbulence 0.2
       lambda 5
   }
	finish {
		phong 0.1
		phong_size 40.
	}
}

// original window dimensions: 1024x640


// camera settings

camera {
	sky <0, 0.179814, -0.983701>
	up <0, 0.179814, -0.983701>
	right 1.6 * <1, 0, 0>
	location <35, 92.5046, 58.4545>
	look_at <35, 26.874, 46.4577>
	direction <0, -65.6306, -11.9968>
	angle 67.0682
}


# declare cpy_camera_pos = <35, 92.5046, 58.4545>;
# if (DRAW_FOG = 1)
fog {
	fog_type 2
	up vnormalize(cpy_camera_pos)
	color rgbt<1,1,1,0.3>
	distance 1e-5
	fog_alt 3e-3
	fog_offset 56
}
# end


// LIGHTS

# declare lum = 6;
global_settings {
	ambient_light rgb lum * <0.05, 0.05, 0.05>
	max_trace_level 15
}# declare cpy_direct_light_amount = 0.25;
light_source
{	1000 * <-1, -1.16351, -0.803887>,
	rgb lum * cpy_direct_light_amount
	parallel
}

light_source
{	1000 * <1, 1.16351, 0.803887>,
	rgb lum * cpy_direct_light_amount
	parallel
}

// strand 0

// nucleotide -1

// particle -1
sphere {
	<41.126034, 34.467838, 47.415752> 0.250000
	pigment { color rgbt <1,0,0,0> }
	no_shadow
}
cylinder {
	<40.968452, 34.359409, 47.767052>,  <40.873901, 34.294353, 47.977833>, 0.100000
	pigment { color rgbt <1,0,0,0> }
	no_shadow
}
cylinder {
	<40.968452, 34.359409, 47.767052>,  <41.126034, 34.467838, 47.415752>, 0.100000
	pigment { color rgbt <1,0,0,0> }
	no_shadow
}

// particle -1
sphere {
	<40.968452, 34.359409, 47.767052> 0.100000
	pigment { color rgbt <1,0,0,0> }
	no_shadow
}
sphere {
	0, 1
	scale<0.080000,0.200000,0.300000>
	matrix <0.762770, 0.436699, 0.476945,
		-0.512816, 0.857796, 0.034725,
		-0.393957, -0.271072, 0.878247,
		40.850266, 34.278088, 48.030525>
	pigment { color rgbt <0,1,1,0> }
	no_shadow
}
cylinder {
	<41.147938, 35.047119, 47.795456>,  <41.126034, 34.467838, 47.415752>, 0.130000
	pigment { color rgbt <1,0,0,0> }
	no_shadow
}

// nucleotide -1

// particle -1
sphere {
	<41.147938, 35.047119, 47.795456> 0.250000
	pigment { color rgbt <1,0,0,0> }
	no_shadow
}
cylinder {
	<41.142120, 34.752964, 48.066452>,  <41.138630, 34.576469, 48.229050>, 0.100000
	pigment { color rgbt <1,0,0,0> }
	no_shadow
}
cylinder {
	<41.142120, 34.752964, 48.066452>,  <41.147938, 35.047119, 47.795456>, 0.100000
	pigment { color rgbt <1,0,0,0> }
	no_shadow
}

// particle -1
sphere {
	<41.142120, 34.752964, 48.066452> 0.100000
	pigment { color rgbt <1,0,0,0> }
	no_shadow
}
sphere {
	0, 1
	scale<0.080000,0.200000,0.300000>
	matrix <0.748150, 0.441518, 0.495311,
		-0.663370, 0.514062, 0.543764,
		-0.014539, -0.735392, 0.677486,
		41.137760, 34.532345, 48.269699>
	pigment { color rgbt <0,1,1,0> }
	no_shadow
}
cylinder {
	<41.064068, 35.334175, 48.505383>,  <41.147938, 35.047119, 47.795456>, 0.130000
	pigment { color rgbt <1,0,0,0> }
	no_shadow
}

// nucleotide -1

// particle -1
sphere {
	<41.064068, 35.334175, 48.505383> 0.250000
	pigment { color rgbt <1,0,0,0> }
	no_shadow
}
cylinder {
	<41.202312, 34.961384, 48.549141>,  <41.285259, 34.737709, 48.575394>, 0.100000
	pigment { color rgbt <1,0,0,0> }
	no_shadow
}
cylinder {
	<41.202312, 34.961384, 48.549141>,  <41.064068, 35.334175, 48.505383>, 0.100000
	pigment { color rgbt <1,0,0,0> }
	no_shadow
}

// particle -1
sphere {
	<41.202312, 34.961384, 48.549141> 0.100000
	pigment { color rgbt <1,0,0,0> }
	no_shadow
}
sphere {
	0, 1
	scale<0.080000,0.200000,0.300000>
	matrix <0.812199, 0.355485, 0.462561,
		-0.469986, -0.071016, 0.879812,
		0.345610, -0.931980, 0.109394,
		41.305996, 34.681789, 48.581959>
	pigment { color rgbt <0,1,1,0> }
	no_shadow
}
cylinder {
	<41.268749, 35.387531, 49.182095>,  <41.064068, 35.334175, 48.505383>, 0.130000
	pigment { color rgbt <1,0,0,0> }
	no_shadow
}

// nucleotide -1

// particle -1
sphere {
	<41.268749, 35.387531, 49.182095> 0.250000
	pigment { color rgbt <1,0,0,0> }
	no_shadow
}
cylinder {
	<41.460026, 35.091110, 48.993553>,  <41.574791, 34.913258, 48.880428>, 0.100000
	pigment { color rgbt <1,0,0,0> }
	no_shadow
}
cylinder {
	<41.460026, 35.091110, 48.993553>,  <41.268749, 35.387531, 49.182095>, 0.100000
	pigment { color rgbt <1,0,0,0> }
	no_shadow
}

// particle -1
sphere {
	<41.460026, 35.091110, 48.993553> 0.100000
	pigment { color rgbt <1,0,0,0> }
	no_shadow
}
sphere {
	0, 1
	scale<0.080000,0.200000,0.300000>
	matrix <0.863880, 0.300163, 0.404492,
		-0.158267, -0.600618, 0.783715,
		0.478187, -0.741054, -0.471356,
		41.603481, 34.868793, 48.852146>
	pigment { color rgbt <0,1,1,0> }
	no_shadow
}
cylinder {
	<41.764114, 35.230442, 49.669796>,  <41.268749, 35.387531, 49.182095>, 0.130000
	pigment { color rgbt <1,0,0,0> }
	no_shadow
}

// nucleotide -1

// particle -1
sphere {
	<41.764114, 35.230442, 49.669796> 0.250000
	pigment { color rgbt <1,0,0,0> }
	no_shadow
}
cylinder {
	<41.901203, 35.045654, 49.342594>,  <41.983456, 34.934784, 49.146275>, 0.100000
	pigment { color rgbt <1,0,0,0> }
	no_shadow
}
cylinder {
	<41.901203, 35.045654, 49.342594>,  <41.764114, 35.230442, 49.669796>, 0.100000
	pigment { color rgbt <1,0,0,0> }
	no_shadow
}

// particle -1
sphere {
	<41.901203, 35.045654, 49.342594> 0.100000
	pigment { color rgbt <1,0,0,0> }
	no_shadow
}
sphere {
	0, 1
	scale<0.080000,0.200000,0.300000>
	matrix <0.929228, 0.294725, 0.222874,
		0.138125, -0.836495, 0.530282,
		0.342720, -0.461968, -0.818003,
		42.004021, 34.907063, 49.097195>
	pigment { color rgbt <0,1,1,0> }
	no_shadow
}
cylinder {
	<42.273228, 34.745373, 49.858852>,  <41.764114, 35.230442, 49.669796>, 0.130000
	pigment { color rgbt <1,0,0,0> }
	no_shadow
}

// nucleotide -1

// particle -1
sphere {
	<42.273228, 34.745373, 49.858852> 0.250000
	pigment { color rgbt <1,0,0,0> }
	no_shadow
}
cylinder {
	<42.370731, 34.818607, 49.477894>,  <42.429234, 34.862549, 49.249317>, 0.100000
	pigment { color rgbt <1,0,0,0> }
	no_shadow
}
cylinder {
	<42.370731, 34.818607, 49.477894>,  <42.273228, 34.745373, 49.858852>, 0.100000
	pigment { color rgbt <1,0,0,0> }
	no_shadow
}

// particle -1
sphere {
	<42.370731, 34.818607, 49.477894> 0.100000
	pigment { color rgbt <1,0,0,0> }
	no_shadow
}
sphere {
	0, 1
	scale<0.080000,0.200000,0.300000>
	matrix <0.903236, 0.314775, 0.291686,
		0.353196, -0.931341, -0.088643,
		0.243756, 0.183087, -0.952398,
		42.443859, 34.873535, 49.192173>
	pigment { color rgbt <0,1,1,0> }
	no_shadow
}
cylinder {
	<42.799427, 34.264297, 49.593754>,  <42.273228, 34.745373, 49.858852>, 0.130000
	pigment { color rgbt <1,0,0,0> }
	no_shadow
}

// nucleotide -1

// particle -1
sphere {
	<42.799427, 34.264297, 49.593754> 0.250000
	pigment { color rgbt <1,0,0,0> }
	no_shadow
}
cylinder {
	<42.839542, 34.566799, 49.335136>,  <42.863609, 34.748299, 49.179966>, 0.100000
	pigment { color rgbt <1,0,0,0> }
	no_shadow
}
cylinder {
	<42.839542, 34.566799, 49.335136>,  <42.799427, 34.264297, 49.593754>, 0.100000
	pigment { color rgbt <1,0,0,0> }
	no_shadow
}

// particle -1
sphere {
	<42.839542, 34.566799, 49.335136> 0.100000
	pigment { color rgbt <1,0,0,0> }
	no_shadow
}
sphere {
	0, 1
	scale<0.080000,0.200000,0.300000>
	matrix <0.879688, 0.236210, 0.412739,
		0.464857, -0.610151, -0.641579,
		0.100286, 0.756254, -0.646547,
		42.869629, 34.793674, 49.141171>
	pigment { color rgbt <0,1,1,0> }
	no_shadow
}
cylinder {
	<43.339333, 34.041183, 49.192547>,  <42.799427, 34.264297, 49.593754>, 0.130000
	pigment { color rgbt <1,0,0,0> }
	no_shadow
}

// nucleotide -1

// particle -1
sphere {
	<43.339333, 34.041183, 49.192547> 0.250000
	pigment { color rgbt <1,0,0,0> }
	no_shadow
}
cylinder {
	<43.293045, 34.437065, 49.158836>,  <43.265274, 34.674595, 49.138611>, 0.100000
	pigment { color rgbt <1,0,0,0> }
	no_shadow
}
cylinder {
	<43.293045, 34.437065, 49.158836>,  <43.339333, 34.041183, 49.192547>, 0.100000
	pigment { color rgbt <1,0,0,0> }
	no_shadow
}

// particle -1
sphere {
	<43.293045, 34.437065, 49.158836> 0.100000
	pigment { color rgbt <1,0,0,0> }
	no_shadow
}
sphere {
	0, 1
	scale<0.080000,0.200000,0.300000>
	matrix <0.829028, 0.142968, 0.540623,
		0.547104, -0.007308, -0.837033,
		-0.115718, 0.989700, -0.084277,
		43.258331, 34.733974, 49.133553>
	pigment { color rgbt <0,1,1,0> }
	no_shadow
}
cylinder {
	<44.085705, 34.318630, 48.933945>,  <43.339333, 34.041183, 49.192547>, 0.130000
	pigment { color rgbt <1,0,0,0> }
	no_shadow
}

// nucleotide -1

// particle -1
sphere {
	<44.085705, 34.318630, 48.933945> 0.250000
	pigment { color rgbt <1,0,0,0> }
	no_shadow
}
cylinder {
	<43.890568, 34.630238, 49.091496>,  <43.773487, 34.817204, 49.186028>, 0.100000
	pigment { color rgbt <1,0,0,0> }
	no_shadow
}
cylinder {
	<43.890568, 34.630238, 49.091496>,  <44.085705, 34.318630, 48.933945>, 0.100000
	pigment { color rgbt <1,0,0,0> }
	no_shadow
}

// particle -1
sphere {
	<43.890568, 34.630238, 49.091496> 0.100000
	pigment { color rgbt <1,0,0,0> }
	no_shadow
}
sphere {
	0, 1
	scale<0.080000,0.200000,0.300000>
	matrix <0.822548, 0.259154, 0.506214,
		0.292275, 0.570937, -0.767207,
		-0.487842, 0.779018, 0.393879,
		43.744217, 34.863945, 49.209660>
	pigment { color rgbt <0,1,1,0> }
	no_shadow
}
cylinder {
	<44.528461, 34.841545, 48.808426>,  <44.085705, 34.318630, 48.933945>, 0.130000
	pigment { color rgbt <1,0,0,0> }
	no_shadow
}

// nucleotide -1

// particle -1
sphere {
	<44.528461, 34.841545, 48.808426> 0.250000
	pigment { color rgbt <1,0,0,0> }
	no_shadow
}
cylinder {
	<44.279823, 34.947590, 49.103271>,  <44.130642, 35.011215, 49.280178>, 0.100000
	pigment { color rgbt <1,0,0,0> }
	no_shadow
}
cylinder {
	<44.279823, 34.947590, 49.103271>,  <44.528461, 34.841545, 48.808426>, 0.100000
	pigment { color rgbt <1,0,0,0> }
	no_shadow
}

// particle -1
sphere {
	<44.279823, 34.947590, 49.103271> 0.100000
	pigment { color rgbt <1,0,0,0> }
	no_shadow
}
sphere {
	0, 1
	scale<0.080000,0.200000,0.300000>
	matrix <0.773583, 0.355806, 0.524377,
		-0.123253, 0.896169, -0.426250,
		-0.621593, 0.265109, 0.737116,
		44.093346, 35.027122, 49.324406>
	pigment { color rgbt <0,1,1,0> }
	no_shadow
}
cylinder {
	<44.705154, 35.410034, 49.068027>,  <44.528461, 34.841545, 48.808426>, 0.130000
	pigment { color rgbt <1,0,0,0> }
	no_shadow
}

// nucleotide -1

// particle -1
sphere {
	<44.705154, 35.410034, 49.068027> 0.250000
	pigment { color rgbt <1,0,0,0> }
	no_shadow
}
cylinder {
	<44.493366, 35.314362, 49.393593>,  <44.366291, 35.256958, 49.588932>, 0.100000
	pigment { color rgbt <1,0,0,0> }
	no_shadow
}
cylinder {
	<44.493366, 35.314362, 49.393593>,  <44.705154, 35.410034, 49.068027>, 0.100000
	pigment { color rgbt <1,0,0,0> }
	no_shadow
}

// particle -1
sphere {
	<44.493366, 35.314362, 49.393593> 0.100000
	pigment { color rgbt <1,0,0,0> }
	no_shadow
}
sphere {
	0, 1
	scale<0.080000,0.200000,0.300000>
	matrix <0.786477, 0.221229, 0.576638,
		-0.317982, 0.945436, 0.070978,
		-0.529472, -0.239183, 0.813911,
		44.334526, 35.242607, 49.637768>
	pigment { color rgbt <0,1,1,0> }
	no_shadow
}
cylinder {
	<44.745716, 35.944778, 49.554302>,  <44.705154, 35.410034, 49.068027>, 0.130000
	pigment { color rgbt <1,0,0,0> }
	no_shadow
}

// nucleotide -1

// particle -1
sphere {
	<44.745716, 35.944778, 49.554302> 0.250000
	pigment { color rgbt <1,0,0,0> }
	no_shadow
}
cylinder {
	<44.648289, 35.621780, 49.769199>,  <44.589832, 35.427982, 49.898136>, 0.100000
	pigment { color rgbt <1,0,0,0> }
	no_shadow
}
cylinder {
	<44.648289, 35.621780, 49.769199>,  <44.745716, 35.944778, 49.554302>, 0.100000
	pigment { color rgbt <1,0,0,0> }
	no_shadow
}

// particle -1
sphere {
	<44.648289, 35.621780, 49.769199> 0.100000
	pigment { color rgbt <1,0,0,0> }
	no_shadow
}
sphere {
	0, 1
	scale<0.080000,0.200000,0.300000>
	matrix <0.753367, 0.191344, 0.629146,
		-0.610829, 0.557982, 0.561732,
		-0.243568, -0.807492, 0.537244,
		44.575218, 35.379532, 49.930374>
	pigment { color rgbt <0,1,1,0> }
	no_shadow
}
cylinder {
	<44.688709, 36.255390, 50.244976>,  <44.745716, 35.944778, 49.554302>, 0.130000
	pigment { color rgbt <1,0,0,0> }
	no_shadow
}

// nucleotide -1

// particle -1
sphere {
	<44.688709, 36.255390, 50.244976> 0.250000
	pigment { color rgbt <1,0,0,0> }
	no_shadow
}
cylinder {
	<44.764740, 35.863384, 50.268471>,  <44.810356, 35.628181, 50.282570>, 0.100000
	pigment { color rgbt <1,0,0,0> }
	no_shadow
}
cylinder {
	<44.764740, 35.863384, 50.268471>,  <44.688709, 36.255390, 50.244976>, 0.100000
	pigment { color rgbt <1,0,0,0> }
	no_shadow
}

// particle -1
sphere {
	<44.764740, 35.863384, 50.268471> 0.100000
	pigment { color rgbt <1,0,0,0> }
	no_shadow
}
sphere {
	0, 1
	scale<0.080000,0.200000,0.300000>
	matrix <0.821604, 0.191532, 0.536919,
		-0.537437, -0.053792, 0.841586,
		0.190073, -0.980011, 0.058740,
		44.821762, 35.569382, 50.286095>
	pigment { color rgbt <0,1,1,0> }
	no_shadow
}
cylinder {
	<44.811958, 36.167091, 50.928234>,  <44.688709, 36.255390, 50.244976>, 0.130000
	pigment { color rgbt <1,0,0,0> }
	no_shadow
}

// nucleotide -1

// particle -1
sphere {
	<44.811958, 36.167091, 50.928234> 0.250000
	pigment { color rgbt <1,0,0,0> }
	no_shadow
}
cylinder {
	<44.983219, 35.841915, 50.770344>,  <45.085976, 35.646809, 50.675610>, 0.100000
	pigment { color rgbt <1,0,0,0> }
	no_shadow
}
cylinder {
	<44.983219, 35.841915, 50.770344>,  <44.811958, 36.167091, 50.928234>, 0.100000
	pigment { color rgbt <1,0,0,0> }
	no_shadow
}

// particle -1
sphere {
	<44.983219, 35.841915, 50.770344> 0.100000
	pigment { color rgbt <1,0,0,0> }
	no_shadow
}
sphere {
	0, 1
	scale<0.080000,0.200000,0.300000>
	matrix <0.746992, 0.072541, 0.660863,
		-0.508610, -0.577808, 0.638321,
		0.428157, -0.812942, -0.394723,
		45.111668, 35.598034, 50.651928>
	pigment { color rgbt <0,1,1,0> }
	no_shadow
}
cylinder {
	<44.727016, 35.686749, 51.421539>,  <44.811958, 36.167091, 50.928234>, 0.130000
	pigment { color rgbt <1,0,0,0> }
	no_shadow
}

// nucleotide -1

// particle -1
sphere {
	<44.727016, 35.686749, 51.421539> 0.250000
	pigment { color rgbt <1,0,0,0> }
	no_shadow
}
cylinder {
	<45.031139, 35.577606, 51.185749>,  <45.213615, 35.512119, 51.044277>, 0.100000
	pigment { color rgbt <1,0,0,0> }
	no_shadow
}
cylinder {
	<45.031139, 35.577606, 51.185749>,  <44.727016, 35.686749, 51.421539>, 0.100000
	pigment { color rgbt <1,0,0,0> }
	no_shadow
}

// particle -1
sphere {
	<45.031139, 35.577606, 51.185749> 0.100000
	pigment { color rgbt <1,0,0,0> }
	no_shadow
}
sphere {
	0, 1
	scale<0.080000,0.200000,0.300000>
	matrix <0.623121, 0.050106, 0.780519,
		-0.183435, -0.960748, 0.208121,
		0.760310, -0.272859, -0.589472,
		45.259232, 35.495747, 51.008907>
	pigment { color rgbt <0,1,1,0> }
	no_shadow
}
cylinder {
	<45.070141, 35.372490, 51.913467>,  <44.727016, 35.686749, 51.421539>, 0.130000
	pigment { color rgbt <1,0,0,0> }
	no_shadow
}

// nucleotide -1

// particle -1
sphere {
	<45.070141, 35.372490, 51.913467> 0.250000
	pigment { color rgbt <1,0,0,0> }
	no_shadow
}
cylinder {
	<45.343266, 35.420830, 51.625256>,  <45.507141, 35.449833, 51.452328>, 0.100000
	pigment { color rgbt <1,0,0,0> }
	no_shadow
}
cylinder {
	<45.343266, 35.420830, 51.625256>,  <45.070141, 35.372490, 51.913467>, 0.100000
	pigment { color rgbt <1,0,0,0> }
	no_shadow
}

// particle -1
sphere {
	<45.343266, 35.420830, 51.625256> 0.100000
	pigment { color rgbt <1,0,0,0> }
	no_shadow
}
sphere {
	0, 1
	scale<0.080000,0.200000,0.300000>
	matrix <0.723608, 0.024195, 0.689786,
		0.100792, -0.992376, -0.070926,
		0.682811, 0.120848, -0.720531,
		45.548107, 35.457085, 51.409096>
	pigment { color rgbt <0,1,1,0> }
	no_shadow
}
cylinder {
	<45.593102, 34.941483, 52.085316>,  <45.070141, 35.372490, 51.913467>, 0.130000
	pigment { color rgbt <1,0,0,0> }
	no_shadow
}

// nucleotide -1

// particle -1
sphere {
	<45.593102, 34.941483, 52.085316> 0.250000
	pigment { color rgbt <1,0,0,0> }
	no_shadow
}
cylinder {
	<45.779980, 35.194096, 51.837803>,  <45.892105, 35.345665, 51.689297>, 0.100000
	pigment { color rgbt <1,0,0,0> }
	no_shadow
}
cylinder {
	<45.779980, 35.194096, 51.837803>,  <45.593102, 34.941483, 52.085316>, 0.100000
	pigment { color rgbt <1,0,0,0> }
	no_shadow
}

// particle -1
sphere {
	<45.779980, 35.194096, 51.837803> 0.100000
	pigment { color rgbt <1,0,0,0> }
	no_shadow
}
sphere {
	0, 1
	scale<0.080000,0.200000,0.300000>
	matrix <0.802436, -0.008997, 0.596670,
		0.371252, -0.775293, -0.510972,
		0.467192, 0.631537, -0.618783,
		45.920135, 35.383556, 51.652168>
	pigment { color rgbt <0,1,1,0> }
	no_shadow
}
cylinder {
	<46.126656, 34.576260, 51.760376>,  <45.593102, 34.941483, 52.085316>, 0.130000
	pigment { color rgbt <1,0,0,0> }
	no_shadow
}

// nucleotide -1

// particle -1
sphere {
	<46.126656, 34.576260, 51.760376> 0.250000
	pigment { color rgbt <1,0,0,0> }
	no_shadow
}
cylinder {
	<46.221607, 34.964725, 51.751492>,  <46.278580, 35.197803, 51.746159>, 0.100000
	pigment { color rgbt <1,0,0,0> }
	no_shadow
}
cylinder {
	<46.221607, 34.964725, 51.751492>,  <46.126656, 34.576260, 51.760376>, 0.100000
	pigment { color rgbt <1,0,0,0> }
	no_shadow
}

// particle -1
sphere {
	<46.221607, 34.964725, 51.751492> 0.100000
	pigment { color rgbt <1,0,0,0> }
	no_shadow
}
sphere {
	0, 1
	scale<0.080000,0.200000,0.300000>
	matrix <0.870503, -0.202518, 0.448566,
		0.431131, -0.125821, -0.893474,
		0.237383, 0.971162, -0.022216,
		46.292824, 35.256073, 51.744827>
	pigment { color rgbt <0,1,1,0> }
	no_shadow
}
cylinder {
	<46.839180, 34.529694, 51.727459>,  <46.126656, 34.576260, 51.760376>, 0.130000
	pigment { color rgbt <1,0,0,0> }
	no_shadow
}

// nucleotide -1

// particle -1
sphere {
	<46.839180, 34.529694, 51.727459> 0.250000
	pigment { color rgbt <1,0,0,0> }
	no_shadow
}
cylinder {
	<46.794888, 34.919926, 51.803337>,  <46.768311, 35.154064, 51.848862>, 0.100000
	pigment { color rgbt <1,0,0,0> }
	no_shadow
}
cylinder {
	<46.794888, 34.919926, 51.803337>,  <46.839180, 34.529694, 51.727459>, 0.100000
	pigment { color rgbt <1,0,0,0> }
	no_shadow
}

// particle -1
sphere {
	<46.794888, 34.919926, 51.803337> 0.100000
	pigment { color rgbt <1,0,0,0> }
	no_shadow
}
sphere {
	0, 1
	scale<0.080000,0.200000,0.300000>
	matrix <0.893542, 0.014164, 0.448756,
		0.435111, 0.219189, -0.873290,
		-0.110732, 0.975580, 0.189691,
		46.761669, 35.212601, 51.860245>
	pigment { color rgbt <0,1,1,0> }
	no_shadow
}
cylinder {
	<47.442146, 34.804131, 51.494953>,  <46.839180, 34.529694, 51.727459>, 0.130000
	pigment { color rgbt <1,0,0,0> }
	no_shadow
}

// nucleotide -1

// particle -1
sphere {
	<47.442146, 34.804131, 51.494953> 0.250000
	pigment { color rgbt <1,0,0,0> }
	no_shadow
}
cylinder {
	<47.292706, 35.026863, 51.791698>,  <47.203041, 35.160503, 51.969746>, 0.100000
	pigment { color rgbt <1,0,0,0> }
	no_shadow
}
cylinder {
	<47.292706, 35.026863, 51.791698>,  <47.442146, 34.804131, 51.494953>, 0.100000
	pigment { color rgbt <1,0,0,0> }
	no_shadow
}

// particle -1
sphere {
	<47.292706, 35.026863, 51.791698> 0.100000
	pigment { color rgbt <1,0,0,0> }
	no_shadow
}
sphere {
	0, 1
	scale<0.080000,0.200000,0.300000>
	matrix <0.872655, -0.060156, 0.484618,
		0.314480, 0.828442, -0.463451,
		-0.373598, 0.556835, 0.741862,
		47.180626, 35.193913, 52.014256>
	pigment { color rgbt <0,1,1,0> }
	no_shadow
}
cylinder {
	<48.066185, 35.062012, 51.732880>,  <47.442146, 34.804131, 51.494953>, 0.130000
	pigment { color rgbt <1,0,0,0> }
	no_shadow
}

// nucleotide -1

// particle -1
sphere {
	<48.066185, 35.062012, 51.732880> 0.250000
	pigment { color rgbt <1,0,0,0> }
	no_shadow
}
cylinder {
	<47.811028, 35.165119, 52.023163>,  <47.657932, 35.226986, 52.197330>, 0.100000
	pigment { color rgbt <1,0,0,0> }
	no_shadow
}
cylinder {
	<47.811028, 35.165119, 52.023163>,  <48.066185, 35.062012, 51.732880>, 0.100000
	pigment { color rgbt <1,0,0,0> }
	no_shadow
}

// particle -1
sphere {
	<47.811028, 35.165119, 52.023163> 0.100000
	pigment { color rgbt <1,0,0,0> }
	no_shadow
}
sphere {
	0, 1
	scale<0.080000,0.200000,0.300000>
	matrix <0.757286, 0.038599, 0.651941,
		0.140041, 0.965435, -0.219829,
		-0.637892, 0.257772, 0.725705,
		47.619659, 35.242451, 52.240875>
	pigment { color rgbt <0,1,1,0> }
	no_shadow
}
// strand 1

// nucleotide -1

// particle -1
sphere {
	<24.119871, 34.552200, 52.318104> 0.250000
	pigment { color rgbt <0,1,0,0> }
	no_shadow
}
cylinder {
	<24.208139, 34.905994, 52.153675>,  <24.261101, 35.118271, 52.055016>, 0.100000
	pigment { color rgbt <0,1,0,0> }
	no_shadow
}
cylinder {
	<24.208139, 34.905994, 52.153675>,  <24.119871, 34.552200, 52.318104>, 0.100000
	pigment { color rgbt <0,1,0,0> }
	no_shadow
}

// particle -1
sphere {
	<24.208139, 34.905994, 52.153675> 0.100000
	pigment { color rgbt <0,1,0,0> }
	no_shadow
}
sphere {
	0, 1
	scale<0.080000,0.200000,0.300000>
	matrix <0.716717, -0.432908, -0.546724,
		-0.661529, -0.173978, -0.729459,
		0.220671, 0.884490, -0.411074,
		24.274340, 35.171341, 52.030354>
	pigment { color rgbt <0,1,1,0> }
	no_shadow
}
cylinder {
	<24.443813, 34.498959, 51.696564>,  <24.119871, 34.552200, 52.318104>, 0.130000
	pigment { color rgbt <0,1,0,0> }
	no_shadow
}

// nucleotide -1

// particle -1
sphere {
	<24.443813, 34.498959, 51.696564> 0.250000
	pigment { color rgbt <0,1,0,0> }
	no_shadow
}
cylinder {
	<24.562635, 34.866962, 51.798809>,  <24.633928, 35.087765, 51.860157>, 0.100000
	pigment { color rgbt <0,1,0,0> }
	no_shadow
}
cylinder {
	<24.562635, 34.866962, 51.798809>,  <24.443813, 34.498959, 51.696564>, 0.100000
	pigment { color rgbt <0,1,0,0> }
	no_shadow
}

// particle -1
sphere {
	<24.562635, 34.866962, 51.798809> 0.100000
	pigment { color rgbt <0,1,0,0> }
	no_shadow
}
sphere {
	0, 1
	scale<0.080000,0.200000,0.300000>
	matrix <0.823219, -0.111119, -0.556743,
		-0.483806, 0.375810, -0.790379,
		0.297056, 0.920010, 0.255614,
		24.651752, 35.142967, 51.875492>
	pigment { color rgbt <0,1,1,0> }
	no_shadow
}
cylinder {
	<24.590504, 34.696362, 51.076477>,  <24.443813, 34.498959, 51.696564>, 0.130000
	pigment { color rgbt <0,1,0,0> }
	no_shadow
}

// nucleotide -1

// particle -1
sphere {
	<24.590504, 34.696362, 51.076477> 0.250000
	pigment { color rgbt <0,1,0,0> }
	no_shadow
}
cylinder {
	<24.763329, 34.966518, 51.315529>,  <24.867023, 35.128613, 51.458961>, 0.100000
	pigment { color rgbt <0,1,0,0> }
	no_shadow
}
cylinder {
	<24.763329, 34.966518, 51.315529>,  <24.590504, 34.696362, 51.076477>, 0.100000
	pigment { color rgbt <0,1,0,0> }
	no_shadow
}

// particle -1
sphere {
	<24.763329, 34.966518, 51.315529> 0.100000
	pigment { color rgbt <0,1,0,0> }
	no_shadow
}
sphere {
	0, 1
	scale<0.080000,0.200000,0.300000>
	matrix <0.804260, 0.011261, -0.594170,
		-0.408028, 0.737372, -0.538326,
		0.432063, 0.675393, 0.597634,
		24.892948, 35.169136, 51.494820>
	pigment { color rgbt <0,1,1,0> }
	no_shadow
}
cylinder {
	<24.841837, 35.178341, 50.604465>,  <24.590504, 34.696362, 51.076477>, 0.130000
	pigment { color rgbt <0,1,0,0> }
	no_shadow
}

// nucleotide -1

// particle -1
sphere {
	<24.841837, 35.178341, 50.604465> 0.250000
	pigment { color rgbt <0,1,0,0> }
	no_shadow
}
cylinder {
	<25.069523, 35.198013, 50.932751>,  <25.206135, 35.209816, 51.129723>, 0.100000
	pigment { color rgbt <0,1,0,0> }
	no_shadow
}
cylinder {
	<25.069523, 35.198013, 50.932751>,  <24.841837, 35.178341, 50.604465>, 0.100000
	pigment { color rgbt <0,1,0,0> }
	no_shadow
}

// particle -1
sphere {
	<25.069523, 35.198013, 50.932751> 0.100000
	pigment { color rgbt <0,1,0,0> }
	no_shadow
}
sphere {
	0, 1
	scale<0.080000,0.200000,0.300000>
	matrix <0.810356, -0.202296, -0.549908,
		0.138982, 0.978089, -0.155004,
		0.569216, 0.049182, 0.820716,
		25.240288, 35.212769, 51.178967>
	pigment { color rgbt <0,1,1,0> }
	no_shadow
}
cylinder {
	<25.462250, 35.554886, 50.369694>,  <24.841837, 35.178341, 50.604465>, 0.130000
	pigment { color rgbt <0,1,0,0> }
	no_shadow
}

// nucleotide -1

// particle -1
sphere {
	<25.462250, 35.554886, 50.369694> 0.250000
	pigment { color rgbt <0,1,0,0> }
	no_shadow
}
cylinder {
	<25.560402, 35.396599, 50.723686>,  <25.619293, 35.301628, 50.936081>, 0.100000
	pigment { color rgbt <0,1,0,0> }
	no_shadow
}
cylinder {
	<25.560402, 35.396599, 50.723686>,  <25.462250, 35.554886, 50.369694>, 0.100000
	pigment { color rgbt <0,1,0,0> }
	no_shadow
}

// particle -1
sphere {
	<25.560402, 35.396599, 50.723686> 0.100000
	pigment { color rgbt <0,1,0,0> }
	no_shadow
}
sphere {
	0, 1
	scale<0.080000,0.200000,0.300000>
	matrix <0.945147, -0.105378, -0.309179,
		0.215606, 0.912307, 0.348152,
		0.245379, -0.395716, 0.884985,
		25.634016, 35.277885, 50.989182>
	pigment { color rgbt <0,1,1,0> }
	no_shadow
}
cylinder {
	<26.125725, 35.860931, 50.503483>,  <25.462250, 35.554886, 50.369694>, 0.130000
	pigment { color rgbt <0,1,0,0> }
	no_shadow
}

// nucleotide -1

// particle -1
sphere {
	<26.125725, 35.860931, 50.503483> 0.250000
	pigment { color rgbt <0,1,0,0> }
	no_shadow
}
cylinder {
	<26.109842, 35.512516, 50.699326>,  <26.100313, 35.303467, 50.816830>, 0.100000
	pigment { color rgbt <0,1,0,0> }
	no_shadow
}
cylinder {
	<26.109842, 35.512516, 50.699326>,  <26.125725, 35.860931, 50.503483>, 0.100000
	pigment { color rgbt <0,1,0,0> }
	no_shadow
}

// particle -1
sphere {
	<26.109842, 35.512516, 50.699326> 0.100000
	pigment { color rgbt <0,1,0,0> }
	no_shadow
}
sphere {
	0, 1
	scale<0.080000,0.200000,0.300000>
	matrix <0.929138, -0.212448, -0.302603,
		0.367595, 0.442897, 0.817751,
		-0.039707, -0.871039, 0.489607,
		26.097931, 35.251205, 50.846207>
	pigment { color rgbt <0,1,1,0> }
	no_shadow
}
cylinder {
	<26.762165, 35.809341, 50.878719>,  <26.125725, 35.860931, 50.503483>, 0.130000
	pigment { color rgbt <0,1,0,0> }
	no_shadow
}

// nucleotide -1

// particle -1
sphere {
	<26.762165, 35.809341, 50.878719> 0.250000
	pigment { color rgbt <0,1,0,0> }
	no_shadow
}
cylinder {
	<26.638685, 35.431744, 50.925343>,  <26.564598, 35.205185, 50.953316>, 0.100000
	pigment { color rgbt <0,1,0,0> }
	no_shadow
}
cylinder {
	<26.638685, 35.431744, 50.925343>,  <26.762165, 35.809341, 50.878719>, 0.100000
	pigment { color rgbt <0,1,0,0> }
	no_shadow
}

// particle -1
sphere {
	<26.638685, 35.431744, 50.925343> 0.100000
	pigment { color rgbt <0,1,0,0> }
	no_shadow
}
sphere {
	0, 1
	scale<0.080000,0.200000,0.300000>
	matrix <0.871863, -0.329816, -0.362046,
		0.380211, -0.010139, 0.924844,
		-0.308699, -0.943991, 0.116560,
		26.546076, 35.148548, 50.960312>
	pigment { color rgbt <0,1,1,0> }
	no_shadow
}
cylinder {
	<27.277317, 35.421867, 51.197041>,  <26.762165, 35.809341, 50.878719>, 0.130000
	pigment { color rgbt <0,1,0,0> }
	no_shadow
}

// nucleotide -1

// particle -1
sphere {
	<27.277317, 35.421867, 51.197041> 0.250000
	pigment { color rgbt <0,1,0,0> }
	no_shadow
}
cylinder {
	<27.060699, 35.152676, 50.995518>,  <26.930729, 34.991161, 50.874603>, 0.100000
	pigment { color rgbt <0,1,0,0> }
	no_shadow
}
cylinder {
	<27.060699, 35.152676, 50.995518>,  <27.277317, 35.421867, 51.197041>, 0.100000
	pigment { color rgbt <0,1,0,0> }
	no_shadow
}

// particle -1
sphere {
	<27.060699, 35.152676, 50.995518> 0.100000
	pigment { color rgbt <0,1,0,0> }
	no_shadow
}
sphere {
	0, 1
	scale<0.080000,0.200000,0.300000>
	matrix <0.840667, -0.431629, -0.327070,
		0.002653, -0.600660, 0.799500,
		-0.541545, -0.672981, -0.503810,
		26.898235, 34.950783, 50.844376>
	pigment { color rgbt <0,1,1,0> }
	no_shadow
}
cylinder {
	<27.676950, 34.707981, 51.200958>,  <27.277317, 35.421867, 51.197041>, 0.130000
	pigment { color rgbt <0,1,0,0> }
	no_shadow
}

// nucleotide -1

// particle -1
sphere {
	<27.676950, 34.707981, 51.200958> 0.250000
	pigment { color rgbt <0,1,0,0> }
	no_shadow
}
cylinder {
	<27.418724, 34.671150, 50.897705>,  <27.263788, 34.649052, 50.715752>, 0.100000
	pigment { color rgbt <0,1,0,0> }
	no_shadow
}
cylinder {
	<27.418724, 34.671150, 50.897705>,  <27.676950, 34.707981, 51.200958>, 0.100000
	pigment { color rgbt <0,1,0,0> }
	no_shadow
}

// particle -1
sphere {
	<27.418724, 34.671150, 50.897705> 0.100000
	pigment { color rgbt <0,1,0,0> }
	no_shadow
}
sphere {
	0, 1
	scale<0.080000,0.200000,0.300000>
	matrix <0.641647, -0.603751, -0.473047,
		-0.414169, -0.791837, 0.448841,
		-0.645564, -0.092076, -0.758135,
		27.225056, 34.643528, 50.670265>
	pigment { color rgbt <0,1,1,0> }
	no_shadow
}
cylinder {
	<27.650061, 33.936760, 50.991352>,  <27.676950, 34.707981, 51.200958>, 0.130000
	pigment { color rgbt <0,1,0,0> }
	no_shadow
}

// nucleotide -1

// particle -1
sphere {
	<27.650061, 33.936760, 50.991352> 0.250000
	pigment { color rgbt <0,1,0,0> }
	no_shadow
}
cylinder {
	<27.533901, 34.161953, 50.681843>,  <27.464205, 34.297070, 50.496136>, 0.100000
	pigment { color rgbt <0,1,0,0> }
	no_shadow
}
cylinder {
	<27.533901, 34.161953, 50.681843>,  <27.650061, 33.936760, 50.991352>, 0.100000
	pigment { color rgbt <0,1,0,0> }
	no_shadow
}

// particle -1
sphere {
	<27.533901, 34.161953, 50.681843> 0.100000
	pigment { color rgbt <0,1,0,0> }
	no_shadow
}
sphere {
	0, 1
	scale<0.080000,0.200000,0.300000>
	matrix <0.657550, -0.470062, -0.588787,
		-0.695195, -0.679777, -0.233680,
		-0.290399, 0.562978, -0.773772,
		27.446781, 34.330845, 50.449711>
	pigment { color rgbt <0,1,1,0> }
	no_shadow
}
cylinder {
	<27.810505, 33.543262, 50.360416>,  <27.650061, 33.936760, 50.991352>, 0.130000
	pigment { color rgbt <0,1,0,0> }
	no_shadow
}

// nucleotide -1

// particle -1
sphere {
	<27.810505, 33.543262, 50.360416> 0.250000
	pigment { color rgbt <0,1,0,0> }
	no_shadow
}
cylinder {
	<27.745392, 33.901707, 50.195255>,  <27.706324, 34.116772, 50.096161>, 0.100000
	pigment { color rgbt <0,1,0,0> }
	no_shadow
}
cylinder {
	<27.745392, 33.901707, 50.195255>,  <27.810505, 33.543262, 50.360416>, 0.100000
	pigment { color rgbt <0,1,0,0> }
	no_shadow
}

// particle -1
sphere {
	<27.745392, 33.901707, 50.195255> 0.100000
	pigment { color rgbt <0,1,0,0> }
	no_shadow
}
sphere {
	0, 1
	scale<0.080000,0.200000,0.300000>
	matrix <0.794806, -0.128866, -0.593024,
		-0.584624, -0.424711, -0.691257,
		-0.162784, 0.896111, -0.412901,
		27.696556, 34.170540, 50.071384>
	pigment { color rgbt <0,1,1,0> }
	no_shadow
}
cylinder {
	<27.884253, 33.425468, 49.616970>,  <27.810505, 33.543262, 50.360416>, 0.130000
	pigment { color rgbt <0,1,0,0> }
	no_shadow
}

// nucleotide -1

// particle -1
sphere {
	<27.884253, 33.425468, 49.616970> 0.250000
	pigment { color rgbt <0,1,0,0> }
	no_shadow
}
cylinder {
	<27.960737, 33.808125, 49.704853>,  <28.006628, 34.037720, 49.757584>, 0.100000
	pigment { color rgbt <0,1,0,0> }
	no_shadow
}
cylinder {
	<27.960737, 33.808125, 49.704853>,  <27.884253, 33.425468, 49.616970>, 0.100000
	pigment { color rgbt <0,1,0,0> }
	no_shadow
}

// particle -1
sphere {
	<27.960737, 33.808125, 49.704853> 0.100000
	pigment { color rgbt <0,1,0,0> }
	no_shadow
}
sphere {
	0, 1
	scale<0.080000,0.200000,0.300000>
	matrix <0.873409, -0.063690, -0.482804,
		-0.447878, 0.284215, -0.847719,
		0.191212, 0.956643, 0.219710,
		28.018101, 34.095116, 49.770767>
	pigment { color rgbt <0,1,1,0> }
	no_shadow
}
cylinder {
	<28.192522, 33.726788, 49.035595>,  <27.884253, 33.425468, 49.616970>, 0.130000
	pigment { color rgbt <0,1,0,0> }
	no_shadow
}

// nucleotide -1

// particle -1
sphere {
	<28.192522, 33.726788, 49.035595> 0.250000
	pigment { color rgbt <0,1,0,0> }
	no_shadow
}
cylinder {
	<28.321360, 33.981075, 49.316200>,  <28.398663, 34.133648, 49.484562>, 0.100000
	pigment { color rgbt <0,1,0,0> }
	no_shadow
}
cylinder {
	<28.321360, 33.981075, 49.316200>,  <28.192522, 33.726788, 49.035595>, 0.100000
	pigment { color rgbt <0,1,0,0> }
	no_shadow
}

// particle -1
sphere {
	<28.321360, 33.981075, 49.316200> 0.100000
	pigment { color rgbt <0,1,0,0> }
	no_shadow
}
sphere {
	0, 1
	scale<0.080000,0.200000,0.300000>
	matrix <0.899368, 0.025917, -0.436423,
		-0.295623, 0.771487, -0.563396,
		0.322093, 0.635717, 0.701512,
		28.417988, 34.171791, 49.526653>
	pigment { color rgbt <0,1,1,0> }
	no_shadow
}
cylinder {
	<28.574371, 34.201710, 48.661644>,  <28.192522, 33.726788, 49.035595>, 0.130000
	pigment { color rgbt <0,1,0,0> }
	no_shadow
}

// nucleotide -1

// particle -1
sphere {
	<28.574371, 34.201710, 48.661644> 0.250000
	pigment { color rgbt <0,1,0,0> }
	no_shadow
}
cylinder {
	<28.697285, 34.249275, 49.039307>,  <28.771032, 34.277817, 49.265903>, 0.100000
	pigment { color rgbt <0,1,0,0> }
	no_shadow
}
cylinder {
	<28.697285, 34.249275, 49.039307>,  <28.574371, 34.201710, 48.661644>, 0.100000
	pigment { color rgbt <0,1,0,0> }
	no_shadow
}

// particle -1
sphere {
	<28.697285, 34.249275, 49.039307> 0.100000
	pigment { color rgbt <0,1,0,0> }
	no_shadow
}
sphere {
	0, 1
	scale<0.080000,0.200000,0.300000>
	matrix <0.927700, 0.183614, -0.325051,
		-0.212015, 0.975779, -0.053899,
		0.307281, 0.118918, 0.944159,
		28.789469, 34.284950, 49.322556>
	pigment { color rgbt <0,1,1,0> }
	no_shadow
}
cylinder {
	<29.154705, 34.590405, 48.627468>,  <28.574371, 34.201710, 48.661644>, 0.130000
	pigment { color rgbt <0,1,0,0> }
	no_shadow
}

// nucleotide -1

// particle -1
sphere {
	<29.154705, 34.590405, 48.627468> 0.250000
	pigment { color rgbt <0,1,0,0> }
	no_shadow
}
cylinder {
	<29.219145, 34.464798, 49.001728>,  <29.257809, 34.389435, 49.226284>, 0.100000
	pigment { color rgbt <0,1,0,0> }
	no_shadow
}
cylinder {
	<29.219145, 34.464798, 49.001728>,  <29.154705, 34.590405, 48.627468>, 0.100000
	pigment { color rgbt <0,1,0,0> }
	no_shadow
}

// particle -1
sphere {
	<29.219145, 34.464798, 49.001728> 0.100000
	pigment { color rgbt <0,1,0,0> }
	no_shadow
}
sphere {
	0, 1
	scale<0.080000,0.200000,0.300000>
	matrix <0.984997, 0.110588, -0.132483,
		-0.061871, 0.942957, 0.327116,
		0.161101, -0.314012, 0.935651,
		29.267475, 34.370594, 49.282425>
	pigment { color rgbt <0,1,1,0> }
	no_shadow
}
cylinder {
	<29.580017, 35.100479, 48.901253>,  <29.154705, 34.590405, 48.627468>, 0.130000
	pigment { color rgbt <0,1,0,0> }
	no_shadow
}

// nucleotide -1

// particle -1
sphere {
	<29.580017, 35.100479, 48.901253> 0.250000
	pigment { color rgbt <0,1,0,0> }
	no_shadow
}
cylinder {
	<29.620674, 34.773911, 49.128628>,  <29.645069, 34.577969, 49.265053>, 0.100000
	pigment { color rgbt <0,1,0,0> }
	no_shadow
}
cylinder {
	<29.620674, 34.773911, 49.128628>,  <29.580017, 35.100479, 48.901253>, 0.100000
	pigment { color rgbt <0,1,0,0> }
	no_shadow
}

// particle -1
sphere {
	<29.620674, 34.773911, 49.128628> 0.100000
	pigment { color rgbt <0,1,0,0> }
	no_shadow
}
sphere {
	0, 1
	scale<0.080000,0.200000,0.300000>
	matrix <0.994165, 0.104112, -0.028237,
		-0.036127, 0.567987, 0.822244,
		0.101644, -0.816426, 0.568434,
		29.651167, 34.528984, 49.299156>
	pigment { color rgbt <0,1,1,0> }
	no_shadow
}
cylinder {
	<30.299814, 35.170212, 49.344315>,  <29.580017, 35.100479, 48.901253>, 0.130000
	pigment { color rgbt <0,1,0,0> }
	no_shadow
}

// nucleotide -1

// particle -1
sphere {
	<30.299814, 35.170212, 49.344315> 0.250000
	pigment { color rgbt <0,1,0,0> }
	no_shadow
}
cylinder {
	<30.251472, 34.779560, 49.415398>,  <30.222467, 34.545170, 49.458050>, 0.100000
	pigment { color rgbt <0,1,0,0> }
	no_shadow
}
cylinder {
	<30.251472, 34.779560, 49.415398>,  <30.299814, 35.170212, 49.344315>, 0.100000
	pigment { color rgbt <0,1,0,0> }
	no_shadow
}

// particle -1
sphere {
	<30.251472, 34.779560, 49.415398> 0.100000
	pigment { color rgbt <0,1,0,0> }
	no_shadow
}
sphere {
	0, 1
	scale<0.080000,0.200000,0.300000>
	matrix <0.987041, -0.137266, -0.083110,
		0.105561, 0.165363, 0.980567,
		-0.120856, -0.976634, 0.177710,
		30.215216, 34.486568, 49.468712>
	pigment { color rgbt <0,1,1,0> }
	no_shadow
}
cylinder {
	<30.790730, 34.979649, 49.916985>,  <30.299814, 35.170212, 49.344315>, 0.130000
	pigment { color rgbt <0,1,0,0> }
	no_shadow
}

// nucleotide -1

// particle -1
sphere {
	<30.790730, 34.979649, 49.916985> 0.250000
	pigment { color rgbt <0,1,0,0> }
	no_shadow
}
cylinder {
	<30.683739, 34.672611, 49.684002>,  <30.619545, 34.488388, 49.544212>, 0.100000
	pigment { color rgbt <0,1,0,0> }
	no_shadow
}
cylinder {
	<30.683739, 34.672611, 49.684002>,  <30.790730, 34.979649, 49.916985>, 0.100000
	pigment { color rgbt <0,1,0,0> }
	no_shadow
}

// particle -1
sphere {
	<30.683739, 34.672611, 49.684002> 0.100000
	pigment { color rgbt <0,1,0,0> }
	no_shadow
}
sphere {
	0, 1
	scale<0.080000,0.200000,0.300000>
	matrix <0.963564, -0.213328, -0.161355,
		-0.000399, -0.604391, 0.796687,
		-0.267477, -0.767595, -0.582455,
		30.603495, 34.442333, 49.509266>
	pigment { color rgbt <0,1,1,0> }
	no_shadow
}
cylinder {
	<31.084257, 34.405121, 50.134777>,  <30.790730, 34.979649, 49.916985>, 0.130000
	pigment { color rgbt <0,1,0,0> }
	no_shadow
}

// nucleotide -1

// particle -1
sphere {
	<31.084257, 34.405121, 50.134777> 0.250000
	pigment { color rgbt <0,1,0,0> }
	no_shadow
}
cylinder {
	<31.017687, 34.343616, 49.745182>,  <30.977745, 34.306713, 49.511425>, 0.100000
	pigment { color rgbt <0,1,0,0> }
	no_shadow
}
cylinder {
	<31.017687, 34.343616, 49.745182>,  <31.084257, 34.405121, 50.134777>, 0.100000
	pigment { color rgbt <0,1,0,0> }
	no_shadow
}

// particle -1
sphere {
	<31.017687, 34.343616, 49.745182> 0.100000
	pigment { color rgbt <0,1,0,0> }
	no_shadow
}
sphere {
	0, 1
	scale<0.080000,0.200000,0.300000>
	matrix <0.909711, -0.405035, -0.091501,
		-0.380431, -0.901279, 0.207288,
		-0.166427, -0.153763, -0.973991,
		30.967758, 34.297489, 49.452984>
	pigment { color rgbt <0,1,1,0> }
	no_shadow
}
cylinder {
	<31.440334, 33.855927, 50.058910>,  <31.084257, 34.405121, 50.134777>, 0.130000
	pigment { color rgbt <0,1,0,0> }
	no_shadow
}

// nucleotide -1

// particle -1
sphere {
	<31.440334, 33.855927, 50.058910> 0.250000
	pigment { color rgbt <0,1,0,0> }
	no_shadow
}
cylinder {
	<31.366985, 33.955208, 49.678432>,  <31.322975, 34.014778, 49.450146>, 0.100000
	pigment { color rgbt <0,1,0,0> }
	no_shadow
}
cylinder {
	<31.366985, 33.955208, 49.678432>,  <31.440334, 33.855927, 50.058910>, 0.100000
	pigment { color rgbt <0,1,0,0> }
	no_shadow
}

// particle -1
sphere {
	<31.366985, 33.955208, 49.678432> 0.100000
	pigment { color rgbt <0,1,0,0> }
	no_shadow
}
sphere {
	0, 1
	scale<0.080000,0.200000,0.300000>
	matrix <0.933002, -0.260843, -0.247930,
		-0.309649, -0.932929, -0.183744,
		-0.183373, 0.248205, -0.951193,
		31.311974, 34.029671, 49.393074>
	pigment { color rgbt <0,1,1,0> }
	no_shadow
}
cylinder {
	<31.813530, 33.353027, 49.554966>,  <31.440334, 33.855927, 50.058910>, 0.130000
	pigment { color rgbt <0,1,0,0> }
	no_shadow
}

// nucleotide -1

// particle -1
sphere {
	<31.813530, 33.353027, 49.554966> 0.250000
	pigment { color rgbt <0,1,0,0> }
	no_shadow
}
cylinder {
	<31.738375, 33.672897, 49.326855>,  <31.693281, 33.864819, 49.189987>, 0.100000
	pigment { color rgbt <0,1,0,0> }
	no_shadow
}
cylinder {
	<31.738375, 33.672897, 49.326855>,  <31.813530, 33.353027, 49.554966>, 0.100000
	pigment { color rgbt <0,1,0,0> }
	no_shadow
}

// particle -1
sphere {
	<31.738375, 33.672897, 49.326855> 0.100000
	pigment { color rgbt <0,1,0,0> }
	no_shadow
}
sphere {
	0, 1
	scale<0.080000,0.200000,0.300000>
	matrix <0.766349, -0.243805, -0.594363,
		-0.614334, -0.548705, -0.567023,
		-0.187887, 0.799676, -0.570278,
		31.682009, 33.912800, 49.155773>
	pigment { color rgbt <0,1,1,0> }
	no_shadow
}
// strand 2

// nucleotide -1

// particle -1
sphere {
	<24.640242, 34.934303, 34.975075> 0.250000
	pigment { color rgbt <0,0,1,0> }
	no_shadow
}
cylinder {
	<24.508907, 35.185150, 35.257614>,  <24.430107, 35.335659, 35.427135>, 0.100000
	pigment { color rgbt <0,0,1,0> }
	no_shadow
}
cylinder {
	<24.508907, 35.185150, 35.257614>,  <24.640242, 34.934303, 34.975075>, 0.100000
	pigment { color rgbt <0,0,1,0> }
	no_shadow
}

// particle -1
sphere {
	<24.508907, 35.185150, 35.257614> 0.100000
	pigment { color rgbt <0,0,1,0> }
	no_shadow
}
sphere {
	0, 1
	scale<0.080000,0.200000,0.300000>
	matrix <0.876192, -0.077113, 0.475753,
		0.352820, 0.775100, -0.524154,
		-0.328337, 0.627115, 0.706344,
		24.410406, 35.373283, 35.469517>
	pigment { color rgbt <0,1,1,0> }
	no_shadow
}
cylinder {
	<25.178535, 35.213161, 35.140106>,  <24.640242, 34.934303, 34.975075>, 0.130000
	pigment { color rgbt <0,0,1,0> }
