// switches for output
#declare DRAW_BASES = 1; // possible values are 0, 1; only relevant for DNA ribbons
#declare DRAW_BASES_TYPE = 3; // possible values are 1, 2, 3; only relevant for DNA ribbons
#declare DRAW_FOG = 0; // set to 1 to enable fog

#include "colors.inc"

#include "transforms.inc"
background { rgb <1, 1, 1>}

#default {
   normal{
       ripples 0.25
       frequency 0.20
       turbulence 0.2
       lambda 5
   }
	finish {
		phong 0.1
		phong_size 40.
	}
}

// original window dimensions: 1024x640


// camera settings

camera {
	sky <0, 0.179814, -0.983701>
	up <0, 0.179814, -0.983701>
	right 1.6 * <1, 0, 0>
	location <35, 92.5046, 58.4545>
	look_at <35, 26.874, 46.4577>
	direction <0, -65.6306, -11.9968>
	angle 67.0682
}


# declare cpy_camera_pos = <35, 92.5046, 58.4545>;
# if (DRAW_FOG = 1)
fog {
	fog_type 2
	up vnormalize(cpy_camera_pos)
	color rgbt<1,1,1,0.3>
	distance 1e-5
	fog_alt 3e-3
	fog_offset 56
}
# end


// LIGHTS

# declare lum = 6;
global_settings {
	ambient_light rgb lum * <0.05, 0.05, 0.05>
	max_trace_level 15
}# declare cpy_direct_light_amount = 0.25;
light_source
{	1000 * <-1, -1.16351, -0.803887>,
	rgb lum * cpy_direct_light_amount
	parallel
}

light_source
{	1000 * <1, 1.16351, 0.803887>,
	rgb lum * cpy_direct_light_amount
	parallel
}

// strand 0

// nucleotide -1

// particle -1
sphere {
	<40.532742, 34.673706, 49.420612> 0.250000
	pigment { color rgbt <1,0,0,0> }
	no_shadow
}
cylinder {
	<40.352753, 34.953960, 49.642109>,  <40.244759, 35.122112, 49.775005>, 0.100000
	pigment { color rgbt <1,0,0,0> }
	no_shadow
}
cylinder {
	<40.352753, 34.953960, 49.642109>,  <40.532742, 34.673706, 49.420612>, 0.100000
	pigment { color rgbt <1,0,0,0> }
	no_shadow
}

// particle -1
sphere {
	<40.352753, 34.953960, 49.642109> 0.100000
	pigment { color rgbt <1,0,0,0> }
	no_shadow
}
sphere {
	0, 1
	scale<0.080000,0.200000,0.300000>
	matrix <0.893041, 0.353446, 0.278485,
		-0.000598, 0.619822, -0.784742,
		-0.449975, 0.700640, 0.553737,
		40.217758, 35.164154, 49.808231>
	pigment { color rgbt <0,1,1,0> }
	no_shadow
}
cylinder {
	<40.928963, 35.196556, 49.219604>,  <40.532742, 34.673706, 49.420612>, 0.130000
	pigment { color rgbt <1,0,0,0> }
	no_shadow
}

// nucleotide -1

// particle -1
sphere {
	<40.928963, 35.196556, 49.219604> 0.250000
	pigment { color rgbt <1,0,0,0> }
	no_shadow
}
cylinder {
	<40.741478, 35.272736, 49.564636>,  <40.628986, 35.318443, 49.771656>, 0.100000
	pigment { color rgbt <1,0,0,0> }
	no_shadow
}
cylinder {
	<40.741478, 35.272736, 49.564636>,  <40.928963, 35.196556, 49.219604>, 0.100000
	pigment { color rgbt <1,0,0,0> }
	no_shadow
}

// particle -1
sphere {
	<40.741478, 35.272736, 49.564636> 0.100000
	pigment { color rgbt <1,0,0,0> }
	no_shadow
}
sphere {
	0, 1
	scale<0.080000,0.200000,0.300000>
	matrix <0.843153, 0.387675, 0.372560,
		-0.263447, 0.901908, -0.342282,
		-0.468709, 0.190447, 0.862578,
		40.600864, 35.329868, 49.823410>
	pigment { color rgbt <0,1,1,0> }
	no_shadow
}
cylinder {
	<41.222809, 35.923866, 49.355568>,  <40.928963, 35.196556, 49.219604>, 0.130000
	pigment { color rgbt <1,0,0,0> }
	no_shadow
}

// nucleotide -1

// particle -1
sphere {
	<41.222809, 35.923866, 49.355568> 0.250000
	pigment { color rgbt <1,0,0,0> }
	no_shadow
}
cylinder {
	<41.088818, 35.731426, 49.679626>,  <41.008423, 35.615963, 49.874062>, 0.100000
	pigment { color rgbt <1,0,0,0> }
	no_shadow
}
cylinder {
	<41.088818, 35.731426, 49.679626>,  <41.222809, 35.923866, 49.355568>, 0.100000
	pigment { color rgbt <1,0,0,0> }
	no_shadow
}

// particle -1
sphere {
	<41.088818, 35.731426, 49.679626> 0.100000
	pigment { color rgbt <1,0,0,0> }
	no_shadow
}
sphere {
	0, 1
	scale<0.080000,0.200000,0.300000>
	matrix <0.868812, 0.175029, 0.463174,
		-0.364632, 0.859014, 0.359357,
		-0.334975, -0.481102, 0.810143,
		40.988323, 35.587097, 49.922668>
	pigment { color rgbt <0,1,1,0> }
	no_shadow
}
cylinder {
	<41.466808, 36.287144, 49.942074>,  <41.222809, 35.923866, 49.355568>, 0.130000
	pigment { color rgbt <1,0,0,0> }
	no_shadow
}

// nucleotide -1

// particle -1
sphere {
	<41.466808, 36.287144, 49.942074> 0.250000
	pigment { color rgbt <1,0,0,0> }
	no_shadow
}
cylinder {
	<41.396194, 35.922253, 50.089954>,  <41.353825, 35.703320, 50.178684>, 0.100000
	pigment { color rgbt <1,0,0,0> }
	no_shadow
}
cylinder {
	<41.396194, 35.922253, 50.089954>,  <41.466808, 36.287144, 49.942074>, 0.100000
	pigment { color rgbt <1,0,0,0> }
	no_shadow
}

// particle -1
sphere {
	<41.396194, 35.922253, 50.089954> 0.100000
	pigment { color rgbt <1,0,0,0> }
	no_shadow
}
sphere {
	0, 1
	scale<0.080000,0.200000,0.300000>
	matrix <0.813504, 0.076226, 0.576542,
		-0.554116, 0.402539, 0.728641,
		-0.176539, -0.912224, 0.369705,
		41.343231, 35.648586, 50.200867>
	pigment { color rgbt <0,1,1,0> }
	no_shadow
}
cylinder {
	<41.586090, 36.323925, 50.769794>,  <41.466808, 36.287144, 49.942074>, 0.130000
	pigment { color rgbt <1,0,0,0> }
	no_shadow
}

// nucleotide -1

// particle -1
sphere {
	<41.586090, 36.323925, 50.769794> 0.250000
	pigment { color rgbt <1,0,0,0> }
	no_shadow
}
cylinder {
	<41.608746, 35.937836, 50.667709>,  <41.622337, 35.706181, 50.606457>, 0.100000
	pigment { color rgbt <1,0,0,0> }
	no_shadow
}
cylinder {
	<41.608746, 35.937836, 50.667709>,  <41.586090, 36.323925, 50.769794>, 0.100000
	pigment { color rgbt <1,0,0,0> }
	no_shadow
}

// particle -1
sphere {
	<41.608746, 35.937836, 50.667709> 0.100000
	pigment { color rgbt <1,0,0,0> }
	no_shadow
}
sphere {
	0, 1
	scale<0.080000,0.200000,0.300000>
	matrix <0.859216, -0.083065, 0.504825,
		-0.508468, -0.247876, 0.824632,
		0.056636, -0.965224, -0.255215,
		41.625736, 35.648270, 50.591145>
	pigment { color rgbt <0,1,1,0> }
	no_shadow
}
cylinder {
	<41.876911, 35.963791, 51.401497>,  <41.586090, 36.323925, 50.769794>, 0.130000
	pigment { color rgbt <1,0,0,0> }
	no_shadow
}

// nucleotide -1

// particle -1
sphere {
	<41.876911, 35.963791, 51.401497> 0.250000
	pigment { color rgbt <1,0,0,0> }
	no_shadow
}
cylinder {
	<41.935493, 35.711796, 51.096428>,  <41.970642, 35.560600, 50.913387>, 0.100000
	pigment { color rgbt <1,0,0,0> }
	no_shadow
}
cylinder {
	<41.935493, 35.711796, 51.096428>,  <41.876911, 35.963791, 51.401497>, 0.100000
	pigment { color rgbt <1,0,0,0> }
	no_shadow
}

// particle -1
sphere {
	<41.935493, 35.711796, 51.096428> 0.100000
	pigment { color rgbt <1,0,0,0> }
	no_shadow
}
sphere {
	0, 1
	scale<0.080000,0.200000,0.300000>
	matrix <0.887112, -0.257499, 0.383050,
		-0.437703, -0.732677, 0.521154,
		0.146455, -0.629984, -0.762674,
		41.979431, 35.522800, 50.867626>
	pigment { color rgbt <0,1,1,0> }
	no_shadow
}
cylinder {
	<42.094719, 35.285091, 51.684856>,  <41.876911, 35.963791, 51.401497>, 0.130000
	pigment { color rgbt <1,0,0,0> }
	no_shadow
}

// nucleotide -1

// particle -1
sphere {
	<42.094719, 35.285091, 51.684856> 0.250000
	pigment { color rgbt <1,0,0,0> }
	no_shadow
}
cylinder {
	<42.225964, 35.292740, 51.307079>,  <42.304710, 35.297329, 51.080414>, 0.100000
	pigment { color rgbt <1,0,0,0> }
	no_shadow
}
cylinder {
	<42.225964, 35.292740, 51.307079>,  <42.094719, 35.285091, 51.684856>, 0.100000
	pigment { color rgbt <1,0,0,0> }
	no_shadow
}

// particle -1
sphere {
	<42.225964, 35.292740, 51.307079> 0.100000
	pigment { color rgbt <1,0,0,0> }
	no_shadow
}
sphere {
	0, 1
	scale<0.080000,0.200000,0.300000>
	matrix <0.921588, -0.225995, 0.315598,
		-0.207406, -0.973941, -0.091771,
		0.328114, 0.019118, -0.944445,
		42.324398, 35.298473, 51.023746>
	pigment { color rgbt <0,1,1,0> }
	no_shadow
}
cylinder {
	<42.540676, 34.748722, 51.697823>,  <42.094719, 35.285091, 51.684856>, 0.130000
	pigment { color rgbt <1,0,0,0> }
	no_shadow
}

// nucleotide -1

// particle -1
sphere {
	<42.540676, 34.748722, 51.697823> 0.250000
	pigment { color rgbt <1,0,0,0> }
	no_shadow
}
cylinder {
	<42.665588, 34.919502, 51.358364>,  <42.740536, 35.021969, 51.154690>, 0.100000
	pigment { color rgbt <1,0,0,0> }
	no_shadow
}
cylinder {
	<42.665588, 34.919502, 51.358364>,  <42.540676, 34.748722, 51.697823>, 0.100000
	pigment { color rgbt <1,0,0,0> }
	no_shadow
}

// particle -1
sphere {
	<42.665588, 34.919502, 51.358364> 0.100000
	pigment { color rgbt <1,0,0,0> }
	no_shadow
}
sphere {
	0, 1
	scale<0.080000,0.200000,0.300000>
	matrix <0.941617, -0.020775, 0.336044,
		0.125843, -0.904037, -0.408510,
		0.312283, 0.426949, -0.848642,
		42.759274, 35.047588, 51.103771>
	pigment { color rgbt <0,1,1,0> }
	no_shadow
}
cylinder {
	<43.108212, 34.364868, 51.521736>,  <42.540676, 34.748722, 51.697823>, 0.130000
	pigment { color rgbt <1,0,0,0> }
	no_shadow
}

// nucleotide -1

// particle -1
sphere {
	<43.108212, 34.364868, 51.521736> 0.250000
	pigment { color rgbt <1,0,0,0> }
	no_shadow
}
cylinder {
	<43.131020, 34.712906, 51.325905>,  <43.144703, 34.921726, 51.208405>, 0.100000
	pigment { color rgbt <1,0,0,0> }
	no_shadow
}
cylinder {
	<43.131020, 34.712906, 51.325905>,  <43.108212, 34.364868, 51.521736>, 0.100000
	pigment { color rgbt <1,0,0,0> }
	no_shadow
}

// particle -1
sphere {
	<43.131020, 34.712906, 51.325905> 0.100000
	pigment { color rgbt <1,0,0,0> }
	no_shadow
}
sphere {
	0, 1
	scale<0.080000,0.200000,0.300000>
	matrix <0.964705, 0.078261, 0.251434,
		0.257086, -0.486637, -0.834920,
		0.057016, 0.870092, -0.489581,
		43.148125, 34.973934, 51.179031>
	pigment { color rgbt <0,1,1,0> }
	no_shadow
}
cylinder {
	<43.739483, 34.296597, 51.178196>,  <43.108212, 34.364868, 51.521736>, 0.130000
	pigment { color rgbt <1,0,0,0> }
	no_shadow
}

// nucleotide -1

// particle -1
sphere {
	<43.739483, 34.296597, 51.178196> 0.250000
	pigment { color rgbt <1,0,0,0> }
	no_shadow
}
cylinder {
	<43.665672, 34.686230, 51.230511>,  <43.621384, 34.920010, 51.261898>, 0.100000
	pigment { color rgbt <1,0,0,0> }
	no_shadow
}
cylinder {
	<43.665672, 34.686230, 51.230511>,  <43.739483, 34.296597, 51.178196>, 0.100000
	pigment { color rgbt <1,0,0,0> }
	no_shadow
}

// particle -1
sphere {
	<43.665672, 34.686230, 51.230511> 0.100000
	pigment { color rgbt <1,0,0,0> }
	no_shadow
}
sphere {
	0, 1
	scale<0.080000,0.200000,0.300000>
	matrix <0.929641, 0.129809, 0.344845,
		0.318932, 0.185216, -0.929504,
		-0.184529, 0.974087, 0.130784,
		43.610313, 34.978455, 51.269745>
	pigment { color rgbt <0,1,1,0> }
	no_shadow
}
cylinder {
	<44.313202, 34.614346, 50.819332>,  <43.739483, 34.296597, 51.178196>, 0.130000
	pigment { color rgbt <1,0,0,0> }
	no_shadow
}

// nucleotide -1

// particle -1
sphere {
	<44.313202, 34.614346, 50.819332> 0.250000
	pigment { color rgbt <1,0,0,0> }
	no_shadow
}
cylinder {
	<44.171040, 34.899326, 51.061359>,  <44.085743, 35.070312, 51.206577>, 0.100000
	pigment { color rgbt <1,0,0,0> }
	no_shadow
}
cylinder {
	<44.171040, 34.899326, 51.061359>,  <44.313202, 34.614346, 50.819332>, 0.100000
	pigment { color rgbt <1,0,0,0> }
	no_shadow
}

// particle -1
sphere {
	<44.171040, 34.899326, 51.061359> 0.100000
	pigment { color rgbt <1,0,0,0> }
	no_shadow
}
sphere {
	0, 1
	scale<0.080000,0.200000,0.300000>
	matrix <0.902557, 0.093244, 0.420352,
		0.243060, 0.695503, -0.676164,
		-0.355404, 0.712447, 0.605067,
		44.064419, 35.113060, 51.242878>
	pigment { color rgbt <0,1,1,0> }
	no_shadow
}
cylinder {
	<44.752003, 35.214886, 50.805416>,  <44.313202, 34.614346, 50.819332>, 0.130000
	pigment { color rgbt <1,0,0,0> }
	no_shadow
}

// nucleotide -1

// particle -1
sphere {
	<44.752003, 35.214886, 50.805416> 0.250000
	pigment { color rgbt <1,0,0,0> }
	no_shadow
}
cylinder {
	<44.569195, 35.237255, 51.160496>,  <44.459511, 35.250675, 51.373543>, 0.100000
	pigment { color rgbt <1,0,0,0> }
	no_shadow
}
cylinder {
	<44.569195, 35.237255, 51.160496>,  <44.752003, 35.214886, 50.805416>, 0.100000
	pigment { color rgbt <1,0,0,0> }
	no_shadow
}

// particle -1
sphere {
	<44.569195, 35.237255, 51.160496> 0.100000
	pigment { color rgbt <1,0,0,0> }
	no_shadow
}
sphere {
	0, 1
	scale<0.080000,0.200000,0.300000>
	matrix <0.877132, 0.193916, 0.439360,
		-0.147570, 0.979423, -0.137672,
		-0.457016, 0.055920, 0.887699,
		44.432091, 35.254032, 51.426804>
	pigment { color rgbt <0,1,1,0> }
	no_shadow
}
cylinder {
	<44.991116, 35.735706, 51.043407>,  <44.752003, 35.214886, 50.805416>, 0.130000
	pigment { color rgbt <1,0,0,0> }
	no_shadow
}

// nucleotide -1

// particle -1
sphere {
	<44.991116, 35.735706, 51.043407> 0.250000
	pigment { color rgbt <1,0,0,0> }
	no_shadow
}
cylinder {
	<44.865379, 35.544678, 51.371582>,  <44.789936, 35.430061, 51.568485>, 0.100000
	pigment { color rgbt <1,0,0,0> }
	no_shadow
}
cylinder {
	<44.865379, 35.544678, 51.371582>,  <44.991116, 35.735706, 51.043407>, 0.100000
	pigment { color rgbt <1,0,0,0> }
	no_shadow
}

// particle -1
sphere {
	<44.865379, 35.544678, 51.371582> 0.100000
	pigment { color rgbt <1,0,0,0> }
	no_shadow
}
sphere {
	0, 1
	scale<0.080000,0.200000,0.300000>
	matrix <0.843664, 0.255686, 0.472076,
		-0.435223, 0.840566, 0.322536,
		-0.314343, -0.477571, 0.820436,
		44.771076, 35.401405, 51.617714>
	pigment { color rgbt <0,1,1,0> }
	no_shadow
}
cylinder {
	<45.110668, 36.272469, 51.520271>,  <44.991116, 35.735706, 51.043407>, 0.130000
	pigment { color rgbt <1,0,0,0> }
	no_shadow
}

// nucleotide -1

// particle -1
sphere {
	<45.110668, 36.272469, 51.520271> 0.250000
	pigment { color rgbt <1,0,0,0> }
	no_shadow
}
cylinder {
	<45.077866, 35.915756, 51.698257>,  <45.058182, 35.701729, 51.805050>, 0.100000
	pigment { color rgbt <1,0,0,0> }
	no_shadow
}
cylinder {
	<45.077866, 35.915756, 51.698257>,  <45.110668, 36.272469, 51.520271>, 0.100000
	pigment { color rgbt <1,0,0,0> }
	no_shadow
}

// particle -1
sphere {
	<45.077866, 35.915756, 51.698257> 0.100000
	pigment { color rgbt <1,0,0,0> }
	no_shadow
}
sphere {
	0, 1
	scale<0.080000,0.200000,0.300000>
	matrix <0.909378, 0.115732, 0.399548,
		-0.407807, 0.437410, 0.801477,
		-0.082010, -0.891784, 0.444967,
		45.053261, 35.648220, 51.831749>
	pigment { color rgbt <0,1,1,0> }
	no_shadow
}
cylinder {
	<45.217003, 36.342251, 52.281460>,  <45.110668, 36.272469, 51.520271>, 0.130000
	pigment { color rgbt <1,0,0,0> }
	no_shadow
}

// nucleotide -1

// particle -1
sphere {
	<45.217003, 36.342251, 52.281460> 0.250000
	pigment { color rgbt <1,0,0,0> }
	no_shadow
}
cylinder {
	<45.267124, 35.947559, 52.240139>,  <45.297199, 35.710747, 52.215347>, 0.100000
	pigment { color rgbt <1,0,0,0> }
	no_shadow
}
cylinder {
	<45.267124, 35.947559, 52.240139>,  <45.217003, 36.342251, 52.281460>, 0.100000
	pigment { color rgbt <1,0,0,0> }
	no_shadow
}

// particle -1
sphere {
	<45.267124, 35.947559, 52.240139> 0.100000
	pigment { color rgbt <1,0,0,0> }
	no_shadow
}
sphere {
	0, 1
	scale<0.080000,0.200000,0.300000>
	matrix <0.929927, 0.080528, 0.358820,
		-0.345738, -0.141028, 0.927673,
		0.125308, -0.986725, -0.103304,
		45.304718, 35.651543, 52.209148>
	pigment { color rgbt <0,1,1,0> }
	no_shadow
}
cylinder {
	<45.715031, 36.188614, 52.746487>,  <45.217003, 36.342251, 52.281460>, 0.130000
	pigment { color rgbt <1,0,0,0> }
	no_shadow
}

// nucleotide -1

// particle -1
sphere {
	<45.715031, 36.188614, 52.746487> 0.250000
	pigment { color rgbt <1,0,0,0> }
	no_shadow
}
cylinder {
	<45.713638, 35.855759, 52.524662>,  <45.712803, 35.656044, 52.391567>, 0.100000
	pigment { color rgbt <1,0,0,0> }
	no_shadow
}
cylinder {
	<45.713638, 35.855759, 52.524662>,  <45.715031, 36.188614, 52.746487>, 0.100000
	pigment { color rgbt <1,0,0,0> }
	no_shadow
}

// particle -1
sphere {
	<45.713638, 35.855759, 52.524662> 0.100000
	pigment { color rgbt <1,0,0,0> }
	no_shadow
}
sphere {
	0, 1
	scale<0.080000,0.200000,0.300000>
	matrix <0.898278, -0.246286, 0.363921,
		-0.439413, -0.496881, 0.748349,
		-0.003482, -0.832138, -0.554558,
		45.712593, 35.606117, 52.358295>
	pigment { color rgbt <0,1,1,0> }
	no_shadow
}
cylinder {
	<46.060276, 35.658600, 53.157574>,  <45.715031, 36.188614, 52.746487>, 0.130000
	pigment { color rgbt <1,0,0,0> }
	no_shadow
}

// nucleotide -1

// particle -1
sphere {
	<46.060276, 35.658600, 53.157574> 0.250000
	pigment { color rgbt <1,0,0,0> }
	no_shadow
}
cylinder {
	<46.084419, 35.566299, 52.769119>,  <46.098907, 35.510918, 52.536045>, 0.100000
	pigment { color rgbt <1,0,0,0> }
	no_shadow
}
cylinder {
	<46.084419, 35.566299, 52.769119>,  <46.060276, 35.658600, 53.157574>, 0.100000
	pigment { color rgbt <1,0,0,0> }
	no_shadow
}

// particle -1
sphere {
	<46.084419, 35.566299, 52.769119> 0.100000
	pigment { color rgbt <1,0,0,0> }
	no_shadow
}
sphere {
	0, 1
	scale<0.080000,0.200000,0.300000>
	matrix <0.909947, -0.387202, 0.148563,
		-0.410308, -0.892652, 0.186601,
		0.060362, -0.230754, -0.971138,
		46.102528, 35.497074, 52.477779>
	pigment { color rgbt <0,1,1,0> }
	no_shadow
}
cylinder {
	<46.480846, 35.152206, 53.180145>,  <46.060276, 35.658600, 53.157574>, 0.130000
	pigment { color rgbt <1,0,0,0> }
	no_shadow
}

// nucleotide -1

// particle -1
sphere {
	<46.480846, 35.152206, 53.180145> 0.250000
	pigment { color rgbt <1,0,0,0> }
	no_shadow
}
cylinder {
	<46.470757, 35.239571, 52.789932>,  <46.464703, 35.291988, 52.555805>, 0.100000
	pigment { color rgbt <1,0,0,0> }
	no_shadow
}
cylinder {
	<46.470757, 35.239571, 52.789932>,  <46.480846, 35.152206, 53.180145>, 0.100000
	pigment { color rgbt <1,0,0,0> }
	no_shadow
}

// particle -1
sphere {
	<46.470757, 35.239571, 52.789932> 0.100000
	pigment { color rgbt <1,0,0,0> }
	no_shadow
}
sphere {
	0, 1
	scale<0.080000,0.200000,0.300000>
	matrix <0.970463, -0.228855, -0.076331,
		-0.239926, -0.948642, -0.206189,
		-0.025223, 0.218413, -0.975530,
		46.463188, 35.305096, 52.497272>
	pigment { color rgbt <0,1,1,0> }
	no_shadow
}
cylinder {
	<46.802517, 34.612045, 52.763363>,  <46.480846, 35.152206, 53.180145>, 0.130000
	pigment { color rgbt <1,0,0,0> }
	no_shadow
}

// nucleotide -1

// particle -1
sphere {
	<46.802517, 34.612045, 52.763363> 0.250000
	pigment { color rgbt <1,0,0,0> }
	no_shadow
}
cylinder {
	<46.841671, 34.940514, 52.538471>,  <46.865162, 35.137592, 52.403534>, 0.100000
	pigment { color rgbt <1,0,0,0> }
	no_shadow
}
cylinder {
	<46.841671, 34.940514, 52.538471>,  <46.802517, 34.612045, 52.763363>, 0.100000
	pigment { color rgbt <1,0,0,0> }
	no_shadow
}

// particle -1
sphere {
	<46.841671, 34.940514, 52.538471> 0.100000
	pigment { color rgbt <1,0,0,0> }
	no_shadow
}
sphere {
	0, 1
	scale<0.080000,0.200000,0.300000>
	matrix <0.995111, -0.088210, 0.044415,
		-0.013122, -0.563830, -0.825786,
		0.097886, 0.821167, -0.562231,
		46.871037, 35.186863, 52.369801>
	pigment { color rgbt <0,1,1,0> }
	no_shadow
}
cylinder {
	<47.316975, 34.450939, 52.234318>,  <46.802517, 34.612045, 52.763363>, 0.130000
	pigment { color rgbt <1,0,0,0> }
	no_shadow
}

// nucleotide -1

// particle -1
sphere {
	<47.316975, 34.450939, 52.234318> 0.250000
	pigment { color rgbt <1,0,0,0> }
	no_shadow
}
cylinder {
	<47.296604, 34.849804, 52.256535>,  <47.284382, 35.089123, 52.269863>, 0.100000
	pigment { color rgbt <1,0,0,0> }
	no_shadow
}
cylinder {
	<47.296604, 34.849804, 52.256535>,  <47.316975, 34.450939, 52.234318>, 0.100000
	pigment { color rgbt <1,0,0,0> }
	no_shadow
}

// particle -1
sphere {
	<47.296604, 34.849804, 52.256535> 0.100000
	pigment { color rgbt <1,0,0,0> }
	no_shadow
}
sphere {
	0, 1
	scale<0.080000,0.200000,0.300000>
	matrix <0.998608, 0.050076, 0.016551,
		0.013723, 0.056303, -0.998319,
		-0.050923, 0.997157, 0.055538,
		47.281326, 35.148952, 52.273197>
	pigment { color rgbt <0,1,1,0> }
	no_shadow
}
cylinder {
	<47.764679, 34.623772, 51.744125>,  <47.316975, 34.450939, 52.234318>, 0.130000
	pigment { color rgbt <1,0,0,0> }
	no_shadow
}

// nucleotide -1

// particle -1
sphere {
	<47.764679, 34.623772, 51.744125> 0.250000
	pigment { color rgbt <1,0,0,0> }
	no_shadow
}
cylinder {
	<47.734566, 34.935993, 51.992340>,  <47.716499, 35.123325, 52.141270>, 0.100000
	pigment { color rgbt <1,0,0,0> }
	no_shadow
}
cylinder {
	<47.734566, 34.935993, 51.992340>,  <47.764679, 34.623772, 51.744125>, 0.100000
	pigment { color rgbt <1,0,0,0> }
	no_shadow
}

// particle -1
sphere {
	<47.734566, 34.935993, 51.992340> 0.100000
	pigment { color rgbt <1,0,0,0> }
	no_shadow
}
sphere {
	0, 1
	scale<0.080000,0.200000,0.300000>
	matrix <0.947260, -0.138417, 0.289032,
		0.311499, 0.609568, -0.728969,
		-0.075283, 0.780556, 0.620536,
		47.711983, 35.170158, 52.178501>
	pigment { color rgbt <0,1,1,0> }
	no_shadow
}
// strand 1

// nucleotide -1

// particle -1
sphere {
	<23.963737, 34.815075, 51.528751> 0.250000
	pigment { color rgbt <0,1,0,0> }
	no_shadow
}
cylinder {
	<24.236568, 35.006012, 51.750351>,  <24.400267, 35.120575, 51.883312>, 0.100000
	pigment { color rgbt <0,1,0,0> }
	no_shadow
}
cylinder {
	<24.236568, 35.006012, 51.750351>,  <23.963737, 34.815075, 51.528751>, 0.100000
	pigment { color rgbt <0,1,0,0> }
	no_shadow
}

// particle -1
sphere {
	<24.236568, 35.006012, 51.750351> 0.100000
	pigment { color rgbt <0,1,0,0> }
	no_shadow
}
sphere {
	0, 1
	scale<0.080000,0.200000,0.300000>
	matrix <0.720067, -0.306233, -0.622676,
		-0.127577, 0.823630, -0.552592,
		0.682076, 0.477342, 0.554000,
		24.441191, 35.149216, 51.916550>
	pigment { color rgbt <0,1,1,0> }
	no_shadow
}
cylinder {
	<24.461155, 35.181068, 51.014912>,  <23.963737, 34.815075, 51.528751>, 0.130000
	pigment { color rgbt <0,1,0,0> }
	no_shadow
}

// nucleotide -1

// particle -1
sphere {
	<24.461155, 35.181068, 51.014912> 0.250000
	pigment { color rgbt <0,1,0,0> }
	no_shadow
}
cylinder {
	<24.663446, 35.150303, 51.358616>,  <24.784821, 35.131844, 51.564838>, 0.100000
	pigment { color rgbt <0,1,0,0> }
	no_shadow
}
cylinder {
	<24.663446, 35.150303, 51.358616>,  <24.461155, 35.181068, 51.014912>, 0.100000
	pigment { color rgbt <0,1,0,0> }
	no_shadow
}

// particle -1
sphere {
	<24.663446, 35.150303, 51.358616> 0.100000
	pigment { color rgbt <0,1,0,0> }
	no_shadow
}
sphere {
	0, 1
	scale<0.080000,0.200000,0.300000>
	matrix <0.852837, -0.105547, -0.511399,
		0.130026, 0.991435, 0.012216,
		0.505729, -0.076913, 0.859257,
		24.815165, 35.127228, 51.616394>
	pigment { color rgbt <0,1,1,0> }
	no_shadow
}
cylinder {
	<25.007137, 35.684479, 51.002712>,  <24.461155, 35.181068, 51.014912>, 0.130000
	pigment { color rgbt <0,1,0,0> }
	no_shadow
}

// nucleotide -1

// particle -1
sphere {
	<25.007137, 35.684479, 51.002712> 0.250000
	pigment { color rgbt <0,1,0,0> }
	no_shadow
}
cylinder {
	<25.130661, 35.437386, 51.292000>,  <25.204775, 35.289131, 51.465572>, 0.100000
	pigment { color rgbt <0,1,0,0> }
	no_shadow
}
cylinder {
	<25.130661, 35.437386, 51.292000>,  <25.007137, 35.684479, 51.002712>, 0.100000
	pigment { color rgbt <0,1,0,0> }
	no_shadow
}

// particle -1
sphere {
	<25.130661, 35.437386, 51.292000> 0.100000
	pigment { color rgbt <0,1,0,0> }
	no_shadow
}
sphere {
	0, 1
	scale<0.080000,0.200000,0.300000>
	matrix <0.878270, -0.106655, -0.466118,
		0.365071, 0.779121, 0.509601,
		0.308811, -0.617734, 0.723216,
		25.223305, 35.252064, 51.508965>
	pigment { color rgbt <0,1,1,0> }
	no_shadow
}
cylinder {
	<25.730171, 35.924725, 51.125305>,  <25.007137, 35.684479, 51.002712>, 0.130000
	pigment { color rgbt <0,1,0,0> }
	no_shadow
}

// nucleotide -1

// particle -1
sphere {
	<25.730171, 35.924725, 51.125305> 0.250000
	pigment { color rgbt <0,1,0,0> }
	no_shadow
}
cylinder {
	<25.707964, 35.551682, 51.267941>,  <25.694639, 35.327854, 51.353519>, 0.100000
	pigment { color rgbt <0,1,0,0> }
	no_shadow
}
cylinder {
	<25.707964, 35.551682, 51.267941>,  <25.730171, 35.924725, 51.125305>, 0.100000
	pigment { color rgbt <0,1,0,0> }
	no_shadow
}

// particle -1
sphere {
	<25.707964, 35.551682, 51.267941> 0.100000
	pigment { color rgbt <0,1,0,0> }
	no_shadow
}
sphere {
	0, 1
	scale<0.080000,0.200000,0.300000>
	matrix <0.895145, -0.204700, -0.395998,
		0.442305, 0.297209, 0.846188,
		-0.055520, -0.932612, 0.356584,
		25.691307, 35.271896, 51.374916>
	pigment { color rgbt <0,1,1,0> }
	no_shadow
}
cylinder {
	<26.306229, 35.881821, 51.368187>,  <25.730171, 35.924725, 51.125305>, 0.130000
	pigment { color rgbt <0,1,0,0> }
	no_shadow
}

// nucleotide -1

// particle -1
sphere {
	<26.306229, 35.881821, 51.368187> 0.250000
	pigment { color rgbt <0,1,0,0> }
	no_shadow
}
cylinder {
	<26.209332, 35.496445, 51.413979>,  <26.151194, 35.265221, 51.441452>, 0.100000
	pigment { color rgbt <0,1,0,0> }
	no_shadow
}
cylinder {
	<26.209332, 35.496445, 51.413979>,  <26.306229, 35.881821, 51.368187>, 0.100000
	pigment { color rgbt <0,1,0,0> }
	no_shadow
}

// particle -1
sphere {
	<26.209332, 35.496445, 51.413979> 0.100000
	pigment { color rgbt <0,1,0,0> }
	no_shadow
}
sphere {
	0, 1
	scale<0.080000,0.200000,0.300000>
	matrix <0.952814, -0.258481, -0.159163,
		0.182934, 0.070519, 0.980593,
		-0.242241, -0.963439, 0.114476,
		26.136660, 35.207413, 51.448322>
	pigment { color rgbt <0,1,1,0> }
	no_shadow
}
cylinder {
	<26.668497, 35.576286, 52.008778>,  <26.306229, 35.881821, 51.368187>, 0.130000
	pigment { color rgbt <0,1,0,0> }
	no_shadow
}

// nucleotide -1

// particle -1
sphere {
	<26.668497, 35.576286, 52.008778> 0.250000
	pigment { color rgbt <0,1,0,0> }
	no_shadow
}
cylinder {
	<26.581223, 35.272903, 51.763130>,  <26.528858, 35.090874, 51.615742>, 0.100000
	pigment { color rgbt <0,1,0,0> }
	no_shadow
}
cylinder {
	<26.581223, 35.272903, 51.763130>,  <26.668497, 35.576286, 52.008778>, 0.100000
	pigment { color rgbt <0,1,0,0> }
	no_shadow
}

// particle -1
sphere {
	<26.581223, 35.272903, 51.763130> 0.100000
	pigment { color rgbt <0,1,0,0> }
	no_shadow
}
sphere {
	0, 1
	scale<0.080000,0.200000,0.300000>
	matrix <0.975745, -0.181027, -0.123092,
		-0.017813, -0.626079, 0.779556,
		-0.218186, -0.758455, -0.614118,
		26.515766, 35.045368, 51.578896>
	pigment { color rgbt <0,1,1,0> }
	no_shadow
}
cylinder {
	<27.069523, 34.956108, 52.213070>,  <26.668497, 35.576286, 52.008778>, 0.130000
	pigment { color rgbt <0,1,0,0> }
	no_shadow
}

// nucleotide -1

// particle -1
sphere {
	<27.069523, 34.956108, 52.213070> 0.250000
	pigment { color rgbt <0,1,0,0> }
	no_shadow
}
cylinder {
	<27.003109, 34.951607, 51.818649>,  <26.963261, 34.948906, 51.581997>, 0.100000
	pigment { color rgbt <0,1,0,0> }
	no_shadow
}
cylinder {
	<27.003109, 34.951607, 51.818649>,  <27.069523, 34.956108, 52.213070>, 0.100000
	pigment { color rgbt <0,1,0,0> }
	no_shadow
}

// particle -1
sphere {
	<27.003109, 34.951607, 51.818649> 0.100000
	pigment { color rgbt <0,1,0,0> }
	no_shadow
}
sphere {
	0, 1
	scale<0.080000,0.200000,0.300000>
	matrix <0.982692, -0.085189, -0.164496,
		-0.082150, -0.996301, 0.025203,
		-0.166035, -0.011254, -0.986056,
		26.953299, 34.948231, 51.522831>
	pigment { color rgbt <0,1,1,0> }
	no_shadow
}
cylinder {
	<27.606207, 34.411873, 52.009201>,  <27.069523, 34.956108, 52.213070>, 0.130000
	pigment { color rgbt <0,1,0,0> }
	no_shadow
}

// nucleotide -1

// particle -1
sphere {
	<27.606207, 34.411873, 52.009201> 0.250000
	pigment { color rgbt <0,1,0,0> }
	no_shadow
}
cylinder {
	<27.481447, 34.594921, 51.676140>,  <27.406591, 34.704750, 51.476303>, 0.100000
	pigment { color rgbt <0,1,0,0> }
	no_shadow
}
cylinder {
	<27.481447, 34.594921, 51.676140>,  <27.606207, 34.411873, 52.009201>, 0.100000
	pigment { color rgbt <0,1,0,0> }
	no_shadow
}

// particle -1
sphere {
	<27.481447, 34.594921, 51.676140> 0.100000
	pigment { color rgbt <0,1,0,0> }
	no_shadow
}
sphere {
	0, 1
	scale<0.080000,0.200000,0.300000>
	matrix <0.895408, -0.151511, -0.418676,
		-0.317749, -0.876144, -0.362500,
		-0.311898, 0.457619, -0.832649,
		27.387878, 34.732208, 51.426346>
	pigment { color rgbt <0,1,1,0> }
	no_shadow
}
cylinder {
	<27.750198, 33.963699, 51.479839>,  <27.606207, 34.411873, 52.009201>, 0.130000
	pigment { color rgbt <0,1,0,0> }
	no_shadow
}

// nucleotide -1

// particle -1
sphere {
	<27.750198, 33.963699, 51.479839> 0.250000
	pigment { color rgbt <0,1,0,0> }
	no_shadow
}
cylinder {
	<27.723400, 34.326622, 51.313801>,  <27.707321, 34.544376, 51.214180>, 0.100000
	pigment { color rgbt <0,1,0,0> }
	no_shadow
}
cylinder {
	<27.723400, 34.326622, 51.313801>,  <27.750198, 33.963699, 51.479839>, 0.100000
	pigment { color rgbt <0,1,0,0> }
	no_shadow
}

// particle -1
sphere {
	<27.723400, 34.326622, 51.313801> 0.100000
	pigment { color rgbt <0,1,0,0> }
	no_shadow
}
sphere {
	0, 1
	scale<0.080000,0.200000,0.300000>
	matrix <0.901874, -0.122881, -0.414154,
		-0.426773, -0.402108, -0.810046,
		-0.066995, 0.907309, -0.415093,
		27.703302, 34.598816, 51.189274>
	pigment { color rgbt <0,1,1,0> }
	no_shadow
}
cylinder {
	<28.165577, 33.894360, 50.936428>,  <27.750198, 33.963699, 51.479839>, 0.130000
	pigment { color rgbt <0,1,0,0> }
	no_shadow
}

// nucleotide -1

// particle -1
sphere {
	<28.165577, 33.894360, 50.936428> 0.250000
	pigment { color rgbt <0,1,0,0> }
	no_shadow
}
cylinder {
	<28.101471, 34.288559, 50.914097>,  <28.063007, 34.525078, 50.900700>, 0.100000
	pigment { color rgbt <0,1,0,0> }
	no_shadow
}
cylinder {
	<28.101471, 34.288559, 50.914097>,  <28.165577, 33.894360, 50.936428>, 0.100000
	pigment { color rgbt <0,1,0,0> }
	no_shadow
}

// particle -1
sphere {
	<28.101471, 34.288559, 50.914097> 0.100000
	pigment { color rgbt <0,1,0,0> }
	no_shadow
}
sphere {
	0, 1
	scale<0.080000,0.200000,0.300000>
	matrix <0.861827, 0.112131, -0.494653,
		-0.481217, -0.127389, -0.867296,
		-0.160264, 0.985494, -0.055828,
		28.053392, 34.584206, 50.897350>
	pigment { color rgbt <0,1,1,0> }
	no_shadow
}
cylinder {
	<28.303162, 34.146557, 50.221809>,  <28.165577, 33.894360, 50.936428>, 0.130000
	pigment { color rgbt <0,1,0,0> }
	no_shadow
}

// nucleotide -1

// particle -1
sphere {
	<28.303162, 34.146557, 50.221809> 0.250000
	pigment { color rgbt <0,1,0,0> }
	no_shadow
}
cylinder {
	<28.338634, 34.488255, 50.426708>,  <28.359919, 34.693275, 50.549648>, 0.100000
	pigment { color rgbt <0,1,0,0> }
	no_shadow
}
cylinder {
	<28.338634, 34.488255, 50.426708>,  <28.303162, 34.146557, 50.221809>, 0.100000
	pigment { color rgbt <0,1,0,0> }
	no_shadow
}

// particle -1
sphere {
	<28.338634, 34.488255, 50.426708> 0.100000
	pigment { color rgbt <0,1,0,0> }
	no_shadow
}
sphere {
	0, 1
	scale<0.080000,0.200000,0.300000>
	matrix <0.811817, 0.235992, -0.534099,
		-0.577139, 0.463217, -0.672563,
		0.088684, 0.854247, 0.512247,
		28.365240, 34.744530, 50.580383>
	pigment { color rgbt <0,1,1,0> }
	no_shadow
}
cylinder {
	<28.543596, 34.721645, 49.717026>,  <28.303162, 34.146557, 50.221809>, 0.130000
	pigment { color rgbt <0,1,0,0> }
	no_shadow
}

// nucleotide -1

// particle -1
sphere {
	<28.543596, 34.721645, 49.717026> 0.250000
	pigment { color rgbt <0,1,0,0> }
	no_shadow
}
cylinder {
	<28.621082, 34.834084, 50.092995>,  <28.667574, 34.901546, 50.318577>, 0.100000
	pigment { color rgbt <0,1,0,0> }
	no_shadow
}
cylinder {
	<28.621082, 34.834084, 50.092995>,  <28.543596, 34.721645, 49.717026>, 0.100000
	pigment { color rgbt <0,1,0,0> }
	no_shadow
}

// particle -1
sphere {
	<28.621082, 34.834084, 50.092995> 0.100000
	pigment { color rgbt <0,1,0,0> }
	no_shadow
}
sphere {
	0, 1
	scale<0.080000,0.200000,0.300000>
	matrix <0.910030, 0.306426, -0.279193,
		-0.366497, 0.909445, -0.196442,
		0.193716, 0.281092, 0.939926,
		28.679197, 34.918411, 50.374973>
	pigment { color rgbt <0,1,1,0> }
	no_shadow
}
cylinder {
	<28.937593, 35.318409, 49.603714>,  <28.543596, 34.721645, 49.717026>, 0.130000
	pigment { color rgbt <0,1,0,0> }
	no_shadow
}

// nucleotide -1

// particle -1
sphere {
	<28.937593, 35.318409, 49.603714> 0.250000
	pigment { color rgbt <0,1,0,0> }
	no_shadow
}
cylinder {
	<29.006184, 35.231812, 49.988155>,  <29.047338, 35.179852, 50.218822>, 0.100000
	pigment { color rgbt <0,1,0,0> }
	no_shadow
}
cylinder {
	<29.006184, 35.231812, 49.988155>,  <28.937593, 35.318409, 49.603714>, 0.100000
	pigment { color rgbt <0,1,0,0> }
	no_shadow
}

// particle -1
sphere {
	<29.006184, 35.231812, 49.988155> 0.100000
	pigment { color rgbt <0,1,0,0> }
	no_shadow
}
sphere {
	0, 1
	scale<0.080000,0.200000,0.300000>
	matrix <0.975093, 0.176595, -0.134194,
		-0.140675, 0.960180, 0.241382,
		0.171477, -0.216492, 0.961107,
		29.057627, 35.166862, 50.276489>
	pigment { color rgbt <0,1,1,0> }
	no_shadow
}
cylinder {
	<29.317404, 35.953728, 49.920193>,  <28.937593, 35.318409, 49.603714>, 0.130000
	pigment { color rgbt <0,1,0,0> }
	no_shadow
}

// nucleotide -1

// particle -1
sphere {
	<29.317404, 35.953728, 49.920193> 0.250000
	pigment { color rgbt <0,1,0,0> }
	no_shadow
}
cylinder {
	<29.411310, 35.642498, 50.153255>,  <29.467653, 35.455761, 50.293095>, 0.100000
	pigment { color rgbt <0,1,0,0> }
	no_shadow
}
cylinder {
	<29.411310, 35.642498, 50.153255>,  <29.317404, 35.953728, 49.920193>, 0.100000
	pigment { color rgbt <0,1,0,0> }
	no_shadow
}

// particle -1
sphere {
	<29.411310, 35.642498, 50.153255> 0.100000
	pigment { color rgbt <0,1,0,0> }
	no_shadow
}
sphere {
	0, 1
	scale<0.080000,0.200000,0.300000>
	matrix <0.971559, 0.206907, -0.115163,
		-0.030951, 0.593122, 0.804517,
		0.234765, -0.778072, 0.582657,
		29.481739, 35.409077, 50.328053>
	pigment { color rgbt <0,1,1,0> }
	no_shadow
}
cylinder {
	<29.816198, 36.203545, 50.269833>,  <29.317404, 35.953728, 49.920193>, 0.130000
	pigment { color rgbt <0,1,0,0> }
	no_shadow
}

// nucleotide -1

// particle -1
sphere {
	<29.816198, 36.203545, 50.269833> 0.250000
	pigment { color rgbt <0,1,0,0> }
	no_shadow
}
cylinder {
	<29.870205, 35.808361, 50.300072>,  <29.902609, 35.571251, 50.318214>, 0.100000
	pigment { color rgbt <0,1,0,0> }
	no_shadow
}
cylinder {
	<29.870205, 35.808361, 50.300072>,  <29.816198, 36.203545, 50.269833>, 0.100000
	pigment { color rgbt <0,1,0,0> }
	no_shadow
}

// particle -1
sphere {
	<29.870205, 35.808361, 50.300072> 0.100000
	pigment { color rgbt <0,1,0,0> }
	no_shadow
}
sphere {
	0, 1
	scale<0.080000,0.200000,0.300000>
	matrix <0.965265, 0.113923, -0.235127,
		0.223682, 0.104719, 0.969020,
		0.135016, -0.987955, 0.075599,
		29.910709, 35.511974, 50.322750>
	pigment { color rgbt <0,1,1,0> }
	no_shadow
}
cylinder {
	<30.392258, 36.227760, 50.572521>,  <29.816198, 36.203545, 50.269833>, 0.130000
	pigment { color rgbt <0,1,0,0> }
	no_shadow
}

// nucleotide -1

// particle -1
sphere {
	<30.392258, 36.227760, 50.572521> 0.250000
	pigment { color rgbt <0,1,0,0> }
	no_shadow
}
cylinder {
	<30.385178, 35.851467, 50.437042>,  <30.380930, 35.625690, 50.355755>, 0.100000
	pigment { color rgbt <0,1,0,0> }
	no_shadow
}
cylinder {
	<30.385178, 35.851467, 50.437042>,  <30.392258, 36.227760, 50.572521>, 0.100000
	pigment { color rgbt <0,1,0,0> }
	no_shadow
}

// particle -1
sphere {
	<30.385178, 35.851467, 50.437042> 0.100000
	pigment { color rgbt <0,1,0,0> }
	no_shadow
}
sphere {
	0, 1
	scale<0.080000,0.200000,0.300000>
	matrix <0.928460, 0.110236, -0.354697,
		0.371011, -0.320744, 0.871478,
		-0.017699, -0.940729, -0.338697,
		30.379868, 35.569248, 50.335434>
	pigment { color rgbt <0,1,1,0> }
	no_shadow
}
cylinder {
	<30.951134, 35.875526, 50.801659>,  <30.392258, 36.227760, 50.572521>, 0.130000
	pigment { color rgbt <0,1,0,0> }
	no_shadow
}

// nucleotide -1

// particle -1
sphere {
	<30.951134, 35.875526, 50.801659> 0.250000
	pigment { color rgbt <0,1,0,0> }
	no_shadow
}
cylinder {
	<30.836784, 35.647339, 50.493671>,  <30.768175, 35.510426, 50.308880>, 0.100000
	pigment { color rgbt <0,1,0,0> }
	no_shadow
}
cylinder {
	<30.836784, 35.647339, 50.493671>,  <30.951134, 35.875526, 50.801659>, 0.100000
	pigment { color rgbt <0,1,0,0> }
	no_shadow
}

// particle -1
sphere {
	<30.836784, 35.647339, 50.493671> 0.100000
	pigment { color rgbt <0,1,0,0> }
	no_shadow
}
sphere {
	0, 1
	scale<0.080000,0.200000,0.300000>
	matrix <0.928791, 0.032805, -0.369147,
		0.235845, -0.820665, 0.520467,
		-0.285872, -0.570467, -0.769964,
		30.751022, 35.476200, 50.262684>
	pigment { color rgbt <0,1,1,0> }
	no_shadow
}
cylinder {
	<31.376612, 35.203487, 50.784584>,  <30.951134, 35.875526, 50.801659>, 0.130000
	pigment { color rgbt <0,1,0,0> }
	no_shadow
}

// nucleotide -1

// particle -1
sphere {
	<31.376612, 35.203487, 50.784584> 0.250000
	pigment { color rgbt <0,1,0,0> }
	no_shadow
}
cylinder {
	<31.252342, 35.280514, 50.412262>,  <31.177780, 35.326729, 50.188869>, 0.100000
	pigment { color rgbt <0,1,0,0> }
	no_shadow
}
cylinder {
	<31.252342, 35.280514, 50.412262>,  <31.376612, 35.203487, 50.784584>, 0.100000
	pigment { color rgbt <0,1,0,0> }
	no_shadow
}

// particle -1
sphere {
	<31.252342, 35.280514, 50.412262> 0.100000
	pigment { color rgbt <0,1,0,0> }
	no_shadow
}
sphere {
	0, 1
	scale<0.080000,0.200000,0.300000>
	matrix <0.920796, -0.181992, -0.344985,
		-0.235832, -0.964260, -0.120775,
		-0.310675, 0.192568, -0.930805,
		31.159140, 35.338284, 50.133018>
	pigment { color rgbt <0,1,1,0> }
	no_shadow
}
cylinder {
	<31.954285, 34.881603, 50.416451>,  <31.376612, 35.203487, 50.784584>, 0.130000
	pigment { color rgbt <0,1,0,0> }
	no_shadow
}

// nucleotide -1

// particle -1
sphere {
	<31.954285, 34.881603, 50.416451> 0.250000
	pigment { color rgbt <0,1,0,0> }
	no_shadow
}
cylinder {
	<31.746265, 35.033512, 50.110424>,  <31.621454, 35.124657, 49.926807>, 0.100000
	pigment { color rgbt <0,1,0,0> }
	no_shadow
}
cylinder {
	<31.746265, 35.033512, 50.110424>,  <31.954285, 34.881603, 50.416451>, 0.100000
	pigment { color rgbt <0,1,0,0> }
	no_shadow
}

// particle -1
sphere {
	<31.746265, 35.033512, 50.110424> 0.100000
	pigment { color rgbt <0,1,0,0> }
	no_shadow
}
sphere {
	0, 1
	scale<0.080000,0.200000,0.300000>
	matrix <0.836110, 0.043289, -0.546851,
		-0.174563, -0.924065, -0.340047,
		-0.520046, 0.379777, -0.765063,
		31.590252, 35.147446, 49.880905>
	pigment { color rgbt <0,1,1,0> }
	no_shadow
}
cylinder {
	<32.066994, 34.544632, 49.742126>,  <31.954285, 34.881603, 50.416451>, 0.130000
	pigment { color rgbt <0,1,0,0> }
	no_shadow
}

// nucleotide -1

// particle -1
sphere {
	<32.066994, 34.544632, 49.742126> 0.250000
	pigment { color rgbt <0,1,0,0> }
	no_shadow
}
cylinder {
	<32.002117, 34.934120, 49.678177>,  <31.963192, 35.167812, 49.639809>, 0.100000
	pigment { color rgbt <0,1,0,0> }
	no_shadow
}
cylinder {
	<32.002117, 34.934120, 49.678177>,  <32.066994, 34.544632, 49.742126>, 0.100000
	pigment { color rgbt <0,1,0,0> }
	no_shadow
}

// particle -1
sphere {
	<32.002117, 34.934120, 49.678177> 0.100000
	pigment { color rgbt <0,1,0,0> }
	no_shadow
}
sphere {
	0, 1
	scale<0.080000,0.200000,0.300000>
	matrix <0.930194, 0.096802, -0.354074,
		-0.329294, -0.206138, -0.921451,
		-0.162187, 0.973723, -0.159872,
		31.953461, 35.226238, 49.630215>
	pigment { color rgbt <0,1,1,0> }
	no_shadow
}
cylinder {
	<32.351479, 34.642204, 49.119831>,  <32.066994, 34.544632, 49.742126>, 0.130000
	pigment { color rgbt <0,1,0,0> }
	no_shadow
}

// nucleotide -1

// particle -1
sphere {
	<32.351479, 34.642204, 49.119831> 0.250000
	pigment { color rgbt <0,1,0,0> }
	no_shadow
}
cylinder {
	<32.332748, 35.013325, 49.267879>,  <32.321510, 35.235996, 49.356709>, 0.100000
	pigment { color rgbt <0,1,0,0> }
	no_shadow
}
cylinder {
	<32.332748, 35.013325, 49.267879>,  <32.351479, 34.642204, 49.119831>, 0.100000
	pigment { color rgbt <0,1,0,0> }
	no_shadow
}

// particle -1
sphere {
	<32.332748, 35.013325, 49.267879> 0.100000
	pigment { color rgbt <0,1,0,0> }
	no_shadow
}
sphere {
	0, 1
	scale<0.080000,0.200000,0.300000>
	matrix <0.964863, 0.137916, -0.223648,
		-0.258547, 0.346644, -0.901660,
		-0.046827, 0.927802, 0.370122,
		32.318699, 35.291664, 49.378918>
	pigment { color rgbt <0,1,1,0> }
	no_shadow
}
// strand 2

// nucleotide -1

// particle -1
sphere {
	<23.868982, 35.107204, 35.234959> 0.250000
	pigment { color rgbt <0,0,1,0> }
	no_shadow
}
cylinder {
	<24.225664, 34.956764, 35.134232>,  <24.439674, 34.866501, 35.073795>, 0.100000
	pigment { color rgbt <0,0,1,0> }
	no_shadow
}
cylinder {
	<24.225664, 34.956764, 35.134232>,  <23.868982, 35.107204, 35.234959>, 0.100000
	pigment { color rgbt <0,0,1,0> }
	no_shadow
}

// particle -1
sphere {
	<24.225664, 34.956764, 35.134232> 0.100000
	pigment { color rgbt <0,0,1,0> }
	no_shadow
}
sphere {
	0, 1
	scale<0.080000,0.200000,0.300000>
	matrix <0.256408, -0.038712, 0.965793,
		-0.372983, -0.925770, 0.061915,
		0.891706, -0.376100, -0.251814,
		24.493176, 34.843933, 35.058689>
	pigment { color rgbt <0,1,1,0> }
	no_shadow
}
cylinder {
	<24.073614, 34.522514, 35.778599>,  <23.868982, 35.107204, 35.234959>, 0.130000
