// switches for output
#declare DRAW_BASES = 1; // possible values are 0, 1; only relevant for DNA ribbons
#declare DRAW_BASES_TYPE = 3; // possible values are 1, 2, 3; only relevant for DNA ribbons
#declare DRAW_FOG = 0; // set to 1 to enable fog

#include "colors.inc"

#include "transforms.inc"
background { rgb <1, 1, 1>}

#default {
   normal{
       ripples 0.25
       frequency 0.20
       turbulence 0.2
       lambda 5
   }
	finish {
		phong 0.1
		phong_size 40.
	}
}

// original window dimensions: 1024x640


// camera settings

camera {
	sky <0, 0.179814, -0.983701>
	up <0, 0.179814, -0.983701>
	right 1.6 * <1, 0, 0>
	location <35, 92.5046, 58.4545>
	look_at <35, 26.874, 46.4577>
	direction <0, -65.6306, -11.9968>
	angle 67.0682
}


# declare cpy_camera_pos = <35, 92.5046, 58.4545>;
# if (DRAW_FOG = 1)
fog {
	fog_type 2
	up vnormalize(cpy_camera_pos)
	color rgbt<1,1,1,0.3>
	distance 1e-5
	fog_alt 3e-3
	fog_offset 56
}
# end


// LIGHTS

# declare lum = 6;
global_settings {
	ambient_light rgb lum * <0.05, 0.05, 0.05>
	max_trace_level 15
}# declare cpy_direct_light_amount = 0.25;
light_source
{	1000 * <-1, -1.16351, -0.803887>,
	rgb lum * cpy_direct_light_amount
	parallel
}

light_source
{	1000 * <1, 1.16351, 0.803887>,
	rgb lum * cpy_direct_light_amount
	parallel
}

// strand 0

// nucleotide -1

// particle -1
sphere {
	<39.956608, 33.986931, 50.378906> 0.250000
	pigment { color rgbt <1,0,0,0> }
	no_shadow
}
cylinder {
	<39.984329, 33.886631, 49.992680>,  <40.000961, 33.826450, 49.760944>, 0.100000
	pigment { color rgbt <1,0,0,0> }
	no_shadow
}
cylinder {
	<39.984329, 33.886631, 49.992680>,  <39.956608, 33.986931, 50.378906>, 0.100000
	pigment { color rgbt <1,0,0,0> }
	no_shadow
}

// particle -1
sphere {
	<39.984329, 33.886631, 49.992680> 0.100000
	pigment { color rgbt <1,0,0,0> }
	no_shadow
}
sphere {
	0, 1
	scale<0.080000,0.200000,0.300000>
	matrix <0.963147, -0.235340, 0.130246,
		-0.259896, -0.939010, 0.225200,
		0.069304, -0.250751, -0.965568,
		40.005119, 33.811405, 49.703011>
	pigment { color rgbt <0,1,1,0> }
	no_shadow
}
cylinder {
	<40.147396, 33.319908, 50.254871>,  <39.956608, 33.986931, 50.378906>, 0.130000
	pigment { color rgbt <1,0,0,0> }
	no_shadow
}

// nucleotide -1

// particle -1
sphere {
	<40.147396, 33.319908, 50.254871> 0.250000
	pigment { color rgbt <1,0,0,0> }
	no_shadow
}
cylinder {
	<40.270523, 33.502655, 49.921040>,  <40.344398, 33.612305, 49.720741>, 0.100000
	pigment { color rgbt <1,0,0,0> }
	no_shadow
}
cylinder {
	<40.270523, 33.502655, 49.921040>,  <40.147396, 33.319908, 50.254871>, 0.100000
	pigment { color rgbt <1,0,0,0> }
	no_shadow
}

// particle -1
sphere {
	<40.270523, 33.502655, 49.921040> 0.100000
	pigment { color rgbt <1,0,0,0> }
	no_shadow
}
sphere {
	0, 1
	scale<0.080000,0.200000,0.300000>
	matrix <0.951199, -0.167754, 0.258996,
		-0.021675, -0.873571, -0.486213,
		0.307816, 0.456872, -0.834576,
		40.362869, 33.639717, 49.670666>
	pigment { color rgbt <0,1,1,0> }
	no_shadow
}
cylinder {
	<40.714020, 32.883186, 49.963482>,  <40.147396, 33.319908, 50.254871>, 0.130000
	pigment { color rgbt <1,0,0,0> }
	no_shadow
}

// nucleotide -1

// particle -1
sphere {
	<40.714020, 32.883186, 49.963482> 0.250000
	pigment { color rgbt <1,0,0,0> }
	no_shadow
}
cylinder {
	<40.748417, 33.241222, 49.788475>,  <40.769054, 33.456043, 49.683472>, 0.100000
	pigment { color rgbt <1,0,0,0> }
	no_shadow
}
cylinder {
	<40.748417, 33.241222, 49.788475>,  <40.714020, 32.883186, 49.963482>, 0.100000
	pigment { color rgbt <1,0,0,0> }
	no_shadow
}

// particle -1
sphere {
	<40.748417, 33.241222, 49.788475> 0.100000
	pigment { color rgbt <1,0,0,0> }
	no_shadow
}
sphere {
	0, 1
	scale<0.080000,0.200000,0.300000>
	matrix <0.975542, 0.013519, 0.219395,
		0.202293, -0.445684, -0.872034,
		0.085992, 0.895088, -0.437518,
		40.774216, 33.509750, 49.657219>
	pigment { color rgbt <0,1,1,0> }
	no_shadow
}
cylinder {
	<41.262478, 32.876087, 49.353146>,  <40.714020, 32.883186, 49.963482>, 0.130000
	pigment { color rgbt <1,0,0,0> }
	no_shadow
}

// nucleotide -1

// particle -1
sphere {
	<41.262478, 32.876087, 49.353146> 0.250000
	pigment { color rgbt <1,0,0,0> }
	no_shadow
}
cylinder {
	<41.231689, 33.247566, 49.498253>,  <41.213219, 33.470451, 49.585320>, 0.100000
	pigment { color rgbt <1,0,0,0> }
	no_shadow
}
cylinder {
	<41.231689, 33.247566, 49.498253>,  <41.262478, 32.876087, 49.353146>, 0.100000
	pigment { color rgbt <1,0,0,0> }
	no_shadow
}

// particle -1
sphere {
	<41.231689, 33.247566, 49.498253> 0.100000
	pigment { color rgbt <1,0,0,0> }
	no_shadow
}
sphere {
	0, 1
	scale<0.080000,0.200000,0.300000>
	matrix <0.993314, 0.040026, 0.108285,
		0.086044, 0.368682, -0.925565,
		-0.076969, 0.928694, 0.362773,
		41.208599, 33.526173, 49.607086>
	pigment { color rgbt <0,1,1,0> }
	no_shadow
}
cylinder {
	<41.713276, 33.271992, 48.919956>,  <41.262478, 32.876087, 49.353146>, 0.130000
	pigment { color rgbt <1,0,0,0> }
	no_shadow
}

// nucleotide -1

// particle -1
sphere {
	<41.713276, 33.271992, 48.919956> 0.250000
	pigment { color rgbt <1,0,0,0> }
	no_shadow
}
cylinder {
	<41.664619, 33.536762, 49.215809>,  <41.635426, 33.695625, 49.393322>, 0.100000
	pigment { color rgbt <1,0,0,0> }
	no_shadow
}
cylinder {
	<41.664619, 33.536762, 49.215809>,  <41.713276, 33.271992, 48.919956>, 0.100000
	pigment { color rgbt <1,0,0,0> }
	no_shadow
}

// particle -1
sphere {
	<41.664619, 33.536762, 49.215809> 0.100000
	pigment { color rgbt <1,0,0,0> }
	no_shadow
}
sphere {
	0, 1
	scale<0.080000,0.200000,0.300000>
	matrix <0.977110, 0.210879, -0.028029,
		-0.174526, 0.719293, -0.672427,
		-0.121639, 0.661927, 0.739633,
		41.628128, 33.735340, 49.437698>
	pigment { color rgbt <0,1,1,0> }
	no_shadow
}
cylinder {
	<42.074913, 33.863720, 48.666321>,  <41.713276, 33.271992, 48.919956>, 0.130000
	pigment { color rgbt <1,0,0,0> }
	no_shadow
}

// nucleotide -1

// particle -1
sphere {
	<42.074913, 33.863720, 48.666321> 0.250000
	pigment { color rgbt <1,0,0,0> }
	no_shadow
}
cylinder {
	<42.030384, 33.916100, 49.060368>,  <42.003666, 33.947529, 49.296795>, 0.100000
	pigment { color rgbt <1,0,0,0> }
	no_shadow
}
cylinder {
	<42.030384, 33.916100, 49.060368>,  <42.074913, 33.863720, 48.666321>, 0.100000
	pigment { color rgbt <1,0,0,0> }
	no_shadow
}

// particle -1
sphere {
	<42.030384, 33.916100, 49.060368> 0.100000
	pigment { color rgbt <1,0,0,0> }
	no_shadow
}
sphere {
	0, 1
	scale<0.080000,0.200000,0.300000>
	matrix <0.992340, -0.038783, 0.117291,
		0.053565, 0.990630, -0.125630,
		-0.111320, 0.130950, 0.985119,
		41.996986, 33.955383, 49.355904>
	pigment { color rgbt <0,1,1,0> }
	no_shadow
}
cylinder {
	<42.380196, 34.470425, 48.860577>,  <42.074913, 33.863720, 48.666321>, 0.130000
	pigment { color rgbt <1,0,0,0> }
	no_shadow
}

// nucleotide -1

// particle -1
sphere {
	<42.380196, 34.470425, 48.860577> 0.250000
	pigment { color rgbt <1,0,0,0> }
	no_shadow
}
cylinder {
	<42.372707, 34.264904, 49.203659>,  <42.368214, 34.141590, 49.409508>, 0.100000
	pigment { color rgbt <1,0,0,0> }
	no_shadow
}
cylinder {
	<42.372707, 34.264904, 49.203659>,  <42.380196, 34.470425, 48.860577>, 0.100000
	pigment { color rgbt <1,0,0,0> }
	no_shadow
}

// particle -1
sphere {
	<42.372707, 34.264904, 49.203659> 0.100000
	pigment { color rgbt <1,0,0,0> }
	no_shadow
}
sphere {
	0, 1
	scale<0.080000,0.200000,0.300000>
	matrix <0.974213, 0.183548, 0.131221,
		-0.224852, 0.838042, 0.497120,
		-0.018724, -0.513806, 0.857702,
		42.367092, 34.110764, 49.460968>
	pigment { color rgbt <0,1,1,0> }
	no_shadow
}
cylinder {
	<42.645145, 34.954662, 49.422844>,  <42.380196, 34.470425, 48.860577>, 0.130000
	pigment { color rgbt <1,0,0,0> }
	no_shadow
}

// nucleotide -1

// particle -1
sphere {
	<42.645145, 34.954662, 49.422844> 0.250000
	pigment { color rgbt <1,0,0,0> }
	no_shadow
}
cylinder {
	<42.704006, 34.579777, 49.549316>,  <42.739323, 34.354843, 49.625198>, 0.100000
	pigment { color rgbt <1,0,0,0> }
	no_shadow
}
cylinder {
	<42.704006, 34.579777, 49.549316>,  <42.645145, 34.954662, 49.422844>, 0.100000
	pigment { color rgbt <1,0,0,0> }
	no_shadow
}

// particle -1
sphere {
	<42.704006, 34.579777, 49.549316> 0.100000
	pigment { color rgbt <1,0,0,0> }
	no_shadow
}
sphere {
	0, 1
	scale<0.080000,0.200000,0.300000>
	matrix <0.884266, 0.267883, 0.382508,
		-0.443192, 0.223300, 0.868169,
		0.147154, -0.937217, 0.316180,
		42.748154, 34.298611, 49.644169>
	pigment { color rgbt <0,1,1,0> }
	no_shadow
}
cylinder {
	<42.943081, 35.058643, 50.052418>,  <42.645145, 34.954662, 49.422844>, 0.130000
	pigment { color rgbt <1,0,0,0> }
	no_shadow
}

// nucleotide -1

// particle -1
sphere {
	<42.943081, 35.058643, 50.052418> 0.250000
	pigment { color rgbt <1,0,0,0> }
	no_shadow
}
cylinder {
	<43.040318, 34.682056, 49.959003>,  <43.098660, 34.456104, 49.902954>, 0.100000
	pigment { color rgbt <1,0,0,0> }
	no_shadow
}
cylinder {
	<43.040318, 34.682056, 49.959003>,  <42.943081, 35.058643, 50.052418>, 0.100000
	pigment { color rgbt <1,0,0,0> }
	no_shadow
}

// particle -1
sphere {
	<43.040318, 34.682056, 49.959003> 0.100000
	pigment { color rgbt <1,0,0,0> }
	no_shadow
}
sphere {
	0, 1
	scale<0.080000,0.200000,0.300000>
	matrix <0.947260, 0.178584, 0.266094,
		-0.208813, -0.285907, 0.935230,
		0.243095, -0.941470, -0.233538,
		43.113247, 34.399616, 49.888943>
	pigment { color rgbt <0,1,1,0> }
	no_shadow
}
cylinder {
	<43.363426, 34.854214, 50.594048>,  <42.943081, 35.058643, 50.052418>, 0.130000
	pigment { color rgbt <1,0,0,0> }
	no_shadow
}

// nucleotide -1

// particle -1
sphere {
	<43.363426, 34.854214, 50.594048> 0.250000
	pigment { color rgbt <1,0,0,0> }
	no_shadow
}
cylinder {
	<43.450493, 34.575775, 50.320385>,  <43.502735, 34.408710, 50.156189>, 0.100000
	pigment { color rgbt <1,0,0,0> }
	no_shadow
}
cylinder {
	<43.450493, 34.575775, 50.320385>,  <43.363426, 34.854214, 50.594048>, 0.100000
	pigment { color rgbt <1,0,0,0> }
	no_shadow
}

// particle -1
sphere {
	<43.450493, 34.575775, 50.320385> 0.100000
	pigment { color rgbt <1,0,0,0> }
	no_shadow
}
sphere {
	0, 1
	scale<0.080000,0.200000,0.300000>
	matrix <0.957008, 0.014532, 0.289697,
		-0.191715, -0.717800, 0.669335,
		0.217671, -0.696098, -0.684154,
		43.515793, 34.366947, 50.115139>
	pigment { color rgbt <0,1,1,0> }
	no_shadow
}
cylinder {
	<43.735203, 34.372803, 50.980427>,  <43.363426, 34.854214, 50.594048>, 0.130000
	pigment { color rgbt <1,0,0,0> }
	no_shadow
}

// nucleotide -1

// particle -1
sphere {
	<43.735203, 34.372803, 50.980427> 0.250000
	pigment { color rgbt <1,0,0,0> }
	no_shadow
}
cylinder {
	<43.839848, 34.292000, 50.602909>,  <43.902634, 34.243519, 50.376396>, 0.100000
	pigment { color rgbt <1,0,0,0> }
	no_shadow
}
cylinder {
	<43.839848, 34.292000, 50.602909>,  <43.735203, 34.372803, 50.980427>, 0.100000
	pigment { color rgbt <1,0,0,0> }
	no_shadow
}

// particle -1
sphere {
	<43.839848, 34.292000, 50.602909> 0.100000
	pigment { color rgbt <1,0,0,0> }
	no_shadow
}
sphere {
	0, 1
	scale<0.080000,0.200000,0.300000>
	matrix <0.951462, -0.110260, 0.287337,
		-0.162109, -0.973157, 0.163361,
		0.261612, -0.202012, -0.943796,
		43.918331, 34.231396, 50.319771>
	pigment { color rgbt <0,1,1,0> }
	no_shadow
}
cylinder {
	<44.137215, 33.778931, 50.935326>,  <43.735203, 34.372803, 50.980427>, 0.130000
	pigment { color rgbt <1,0,0,0> }
	no_shadow
}

// nucleotide -1

// particle -1
sphere {
	<44.137215, 33.778931, 50.935326> 0.250000
	pigment { color rgbt <1,0,0,0> }
	no_shadow
}
cylinder {
	<44.229034, 34.009975, 50.621979>,  <44.284126, 34.148602, 50.433971>, 0.100000
	pigment { color rgbt <1,0,0,0> }
	no_shadow
}
cylinder {
	<44.229034, 34.009975, 50.621979>,  <44.137215, 33.778931, 50.935326>, 0.100000
	pigment { color rgbt <1,0,0,0> }
	no_shadow
}

// particle -1
sphere {
	<44.229034, 34.009975, 50.621979> 0.100000
	pigment { color rgbt <1,0,0,0> }
	no_shadow
}
sphere {
	0, 1
	scale<0.080000,0.200000,0.300000>
	matrix <0.971521, -0.087380, 0.220254,
		0.058771, -0.811620, -0.581223,
		0.229550, 0.577614, -0.783370,
		44.297901, 34.183258, 50.386967>
	pigment { color rgbt <0,1,1,0> }
	no_shadow
}
cylinder {
	<44.767906, 33.495480, 50.761097>,  <44.137215, 33.778931, 50.935326>, 0.130000
	pigment { color rgbt <1,0,0,0> }
	no_shadow
}

// nucleotide -1

// particle -1
sphere {
	<44.767906, 33.495480, 50.761097> 0.250000
	pigment { color rgbt <1,0,0,0> }
	no_shadow
}
cylinder {
	<44.766823, 33.830719, 50.542892>,  <44.766174, 34.031864, 50.411968>, 0.100000
	pigment { color rgbt <1,0,0,0> }
	no_shadow
}
cylinder {
	<44.766823, 33.830719, 50.542892>,  <44.767906, 33.495480, 50.761097>, 0.100000
	pigment { color rgbt <1,0,0,0> }
	no_shadow
}

// particle -1
sphere {
	<44.766823, 33.830719, 50.542892> 0.100000
	pigment { color rgbt <1,0,0,0> }
	no_shadow
}
sphere {
	0, 1
	scale<0.080000,0.200000,0.300000>
	matrix <0.987515, 0.088160, 0.130545,
		0.157502, -0.538349, -0.827873,
		-0.002707, 0.838098, -0.545513,
		44.766010, 34.082150, 50.379238>
	pigment { color rgbt <0,1,1,0> }
	no_shadow
}
cylinder {
	<45.377975, 33.417267, 50.277794>,  <44.767906, 33.495480, 50.761097>, 0.130000
	pigment { color rgbt <1,0,0,0> }
	no_shadow
}

// nucleotide -1

// particle -1
sphere {
	<45.377975, 33.417267, 50.277794> 0.250000
	pigment { color rgbt <1,0,0,0> }
	no_shadow
}
cylinder {
	<45.279934, 33.804073, 50.305523>,  <45.221107, 34.036156, 50.322159>, 0.100000
	pigment { color rgbt <1,0,0,0> }
	no_shadow
}
cylinder {
	<45.279934, 33.804073, 50.305523>,  <45.377975, 33.417267, 50.277794>, 0.100000
	pigment { color rgbt <1,0,0,0> }
	no_shadow
}

// particle -1
sphere {
	<45.279934, 33.804073, 50.305523> 0.100000
	pigment { color rgbt <1,0,0,0> }
	no_shadow
}
sphere {
	0, 1
	scale<0.080000,0.200000,0.300000>
	matrix <0.968407, 0.247593, -0.029747,
		-0.045929, 0.059838, -0.997151,
		-0.245108, 0.967014, 0.069319,
		45.206402, 34.094177, 50.326317>
	pigment { color rgbt <0,1,1,0> }
	no_shadow
}
cylinder {
	<45.786545, 33.666786, 49.733509>,  <45.377975, 33.417267, 50.277794>, 0.130000
	pigment { color rgbt <1,0,0,0> }
	no_shadow
}

// nucleotide -1

// particle -1
sphere {
	<45.786545, 33.666786, 49.733509> 0.250000
	pigment { color rgbt <1,0,0,0> }
	no_shadow
}
cylinder {
	<45.709206, 33.982487, 49.966644>,  <45.662800, 34.171909, 50.106525>, 0.100000
	pigment { color rgbt <1,0,0,0> }
	no_shadow
}
cylinder {
	<45.709206, 33.982487, 49.966644>,  <45.786545, 33.666786, 49.733509>, 0.100000
	pigment { color rgbt <1,0,0,0> }
	no_shadow
}

// particle -1
sphere {
	<45.709206, 33.982487, 49.966644> 0.100000
	pigment { color rgbt <1,0,0,0> }
	no_shadow
}
sphere {
	0, 1
	scale<0.080000,0.200000,0.300000>
	matrix <0.972455, 0.232980, 0.007112,
		-0.130175, 0.568155, -0.812561,
		-0.193352, 0.789253, 0.582834,
		45.651199, 34.219261, 50.141495>
	pigment { color rgbt <0,1,1,0> }
	no_shadow
}
cylinder {
	<46.226418, 34.345188, 49.552498>,  <45.786545, 33.666786, 49.733509>, 0.130000
	pigment { color rgbt <1,0,0,0> }
	no_shadow
}

// nucleotide -1

// particle -1
sphere {
	<46.226418, 34.345188, 49.552498> 0.250000
	pigment { color rgbt <1,0,0,0> }
	no_shadow
}
cylinder {
	<46.127052, 34.385464, 49.937862>,  <46.067432, 34.409630, 50.169079>, 0.100000
	pigment { color rgbt <1,0,0,0> }
	no_shadow
}
cylinder {
	<46.127052, 34.385464, 49.937862>,  <46.226418, 34.345188, 49.552498>, 0.100000
	pigment { color rgbt <1,0,0,0> }
	no_shadow
}

// particle -1
sphere {
	<46.127052, 34.385464, 49.937862> 0.100000
	pigment { color rgbt <1,0,0,0> }
	no_shadow
}
sphere {
	0, 1
	scale<0.080000,0.200000,0.300000>
	matrix <0.924077, 0.322879, 0.204526,
		-0.290472, 0.941069, -0.173247,
		-0.248411, 0.100685, 0.963408,
		46.052528, 34.415668, 50.226883>
	pigment { color rgbt <0,1,1,0> }
	no_shadow
}
cylinder {
	<46.593132, 34.880909, 49.711918>,  <46.226418, 34.345188, 49.552498>, 0.130000
	pigment { color rgbt <1,0,0,0> }
	no_shadow
}

// nucleotide -1

// particle -1
sphere {
	<46.593132, 34.880909, 49.711918> 0.250000
	pigment { color rgbt <1,0,0,0> }
	no_shadow
}
cylinder {
	<46.494862, 34.719299, 50.064373>,  <46.435898, 34.622334, 50.275845>, 0.100000
	pigment { color rgbt <1,0,0,0> }
	no_shadow
}
cylinder {
	<46.494862, 34.719299, 50.064373>,  <46.593132, 34.880909, 49.711918>, 0.100000
	pigment { color rgbt <1,0,0,0> }
	no_shadow
}

// particle -1
sphere {
	<46.494862, 34.719299, 50.064373> 0.100000
	pigment { color rgbt <1,0,0,0> }
	no_shadow
}
sphere {
	0, 1
	scale<0.080000,0.200000,0.300000>
	matrix <0.908365, 0.221374, 0.354777,
		-0.338400, 0.887557, 0.312615,
		-0.245680, -0.404025, 0.881139,
		46.421158, 34.598091, 50.328716>
	pigment { color rgbt <0,1,1,0> }
	no_shadow
}
cylinder {
	<46.837112, 35.398983, 50.198452>,  <46.593132, 34.880909, 49.711918>, 0.130000
	pigment { color rgbt <1,0,0,0> }
	no_shadow
}

// nucleotide -1

// particle -1
sphere {
	<46.837112, 35.398983, 50.198452> 0.250000
	pigment { color rgbt <1,0,0,0> }
	no_shadow
}
cylinder {
	<46.811695, 35.068138, 50.421822>,  <46.796444, 34.869629, 50.555843>, 0.100000
	pigment { color rgbt <1,0,0,0> }
	no_shadow
}
cylinder {
	<46.811695, 35.068138, 50.421822>,  <46.837112, 35.398983, 50.198452>, 0.100000
	pigment { color rgbt <1,0,0,0> }
	no_shadow
}

// particle -1
sphere {
	<46.811695, 35.068138, 50.421822> 0.100000
	pigment { color rgbt <1,0,0,0> }
	no_shadow
}
sphere {
	0, 1
	scale<0.080000,0.200000,0.300000>
	matrix <0.829562, 0.267289, 0.490288,
		-0.554787, 0.494406, 0.669160,
		-0.063542, -0.827115, 0.558429,
		46.792633, 34.820004, 50.589352>
	pigment { color rgbt <0,1,1,0> }
	no_shadow
}
cylinder {
	<46.868484, 35.634155, 50.858227>,  <46.837112, 35.398983, 50.198452>, 0.130000
	pigment { color rgbt <1,0,0,0> }
	no_shadow
}

// nucleotide -1

// particle -1
sphere {
	<46.868484, 35.634155, 50.858227> 0.250000
	pigment { color rgbt <1,0,0,0> }
	no_shadow
}
cylinder {
	<46.992508, 35.255840, 50.896908>,  <47.066921, 35.028851, 50.920116>, 0.100000
	pigment { color rgbt <1,0,0,0> }
	no_shadow
}
cylinder {
	<46.992508, 35.255840, 50.896908>,  <46.868484, 35.634155, 50.858227>, 0.100000
	pigment { color rgbt <1,0,0,0> }
	no_shadow
}

// particle -1
sphere {
	<46.992508, 35.255840, 50.896908> 0.100000
	pigment { color rgbt <1,0,0,0> }
	no_shadow
}
sphere {
	0, 1
	scale<0.080000,0.200000,0.300000>
	matrix <0.746394, 0.305163, 0.591415,
		-0.588861, -0.111199, 0.800548,
		0.310062, -0.945786, 0.096700,
		47.085526, 34.972103, 50.925919>
	pigment { color rgbt <0,1,1,0> }
	no_shadow
}
cylinder {
	<47.159798, 35.644550, 51.559353>,  <46.868484, 35.634155, 50.858227>, 0.130000
	pigment { color rgbt <1,0,0,0> }
	no_shadow
}

// nucleotide -1

// particle -1
sphere {
	<47.159798, 35.644550, 51.559353> 0.250000
	pigment { color rgbt <1,0,0,0> }
	no_shadow
}
cylinder {
	<47.291191, 35.327316, 51.354172>,  <47.370026, 35.136978, 51.231064>, 0.100000
	pigment { color rgbt <1,0,0,0> }
	no_shadow
}
cylinder {
	<47.291191, 35.327316, 51.354172>,  <47.159798, 35.644550, 51.559353>, 0.100000
	pigment { color rgbt <1,0,0,0> }
	no_shadow
}

// particle -1
sphere {
	<47.291191, 35.327316, 51.354172> 0.100000
	pigment { color rgbt <1,0,0,0> }
	no_shadow
}
sphere {
	0, 1
	scale<0.080000,0.200000,0.300000>
	matrix <0.897697, 0.093290, 0.430625,
		-0.293668, -0.601929, 0.742591,
		0.328482, -0.793082, -0.512953,
		47.389736, 35.089390, 51.200287>
	pigment { color rgbt <0,1,1,0> }
	no_shadow
}
cylinder {
	<47.489765, 35.243446, 52.104309>,  <47.159798, 35.644550, 51.559353>, 0.130000
	pigment { color rgbt <1,0,0,0> }
	no_shadow
}

// nucleotide -1

// particle -1
sphere {
	<47.489765, 35.243446, 52.104309> 0.250000
	pigment { color rgbt <1,0,0,0> }
	no_shadow
}
cylinder {
	<47.657562, 35.161816, 51.750500>,  <47.758240, 35.112835, 51.538216>, 0.100000
	pigment { color rgbt <1,0,0,0> }
	no_shadow
}
cylinder {
	<47.657562, 35.161816, 51.750500>,  <47.489765, 35.243446, 52.104309>, 0.100000
	pigment { color rgbt <1,0,0,0> }
	no_shadow
}

// particle -1
sphere {
	<47.657562, 35.161816, 51.750500> 0.100000
	pigment { color rgbt <1,0,0,0> }
	no_shadow
}
sphere {
	0, 1
	scale<0.080000,0.200000,0.300000>
	matrix <0.879259, 0.333585, 0.340035,
		0.225668, -0.920365, 0.319377,
		0.419496, -0.204080, -0.884519,
		47.783409, 35.100590, 51.485146>
	pigment { color rgbt <0,1,1,0> }
	no_shadow
}
// strand 1

// nucleotide -1

// particle -1
sphere {
	<24.228014, 34.506844, 52.080231> 0.250000
	pigment { color rgbt <0,1,0,0> }
	no_shadow
}
cylinder {
	<24.229494, 34.896957, 51.991856>,  <24.230383, 35.131023, 51.938831>, 0.100000
	pigment { color rgbt <0,1,0,0> }
	no_shadow
}
cylinder {
	<24.229494, 34.896957, 51.991856>,  <24.228014, 34.506844, 52.080231>, 0.100000
	pigment { color rgbt <0,1,0,0> }
	no_shadow
}

// particle -1
sphere {
	<24.229494, 34.896957, 51.991856> 0.100000
	pigment { color rgbt <0,1,0,0> }
	no_shadow
}
sphere {
	0, 1
	scale<0.080000,0.200000,0.300000>
	matrix <0.900788, -0.099196, -0.422779,
		-0.434244, -0.197457, -0.878887,
		0.003702, 0.975280, -0.220942,
		24.230604, 35.189541, 51.925571>
	pigment { color rgbt <0,1,1,0> }
	no_shadow
}
cylinder {
	<24.424658, 34.534462, 51.393158>,  <24.228014, 34.506844, 52.080231>, 0.130000
	pigment { color rgbt <0,1,0,0> }
	no_shadow
}

// nucleotide -1

// particle -1
sphere {
	<24.424658, 34.534462, 51.393158> 0.250000
	pigment { color rgbt <0,1,0,0> }
	no_shadow
}
cylinder {
	<24.544508, 34.873672, 51.568012>,  <24.616417, 35.077198, 51.672924>, 0.100000
	pigment { color rgbt <0,1,0,0> }
	no_shadow
}
cylinder {
	<24.544508, 34.873672, 51.568012>,  <24.424658, 34.534462, 51.393158>, 0.100000
	pigment { color rgbt <0,1,0,0> }
	no_shadow
}

// particle -1
sphere {
	<24.544508, 34.873672, 51.568012> 0.100000
	pigment { color rgbt <0,1,0,0> }
	no_shadow
}
sphere {
	0, 1
	scale<0.080000,0.200000,0.300000>
	matrix <0.905359, -0.108214, -0.410628,
		-0.300918, 0.518795, -0.800188,
		0.299623, 0.848022, 0.437132,
		24.634396, 35.128078, 51.699150>
	pigment { color rgbt <0,1,1,0> }
	no_shadow
}
cylinder {
	<24.786190, 34.959843, 50.923836>,  <24.424658, 34.534462, 51.393158>, 0.130000
	pigment { color rgbt <0,1,0,0> }
	no_shadow
}

// nucleotide -1

// particle -1
sphere {
	<24.786190, 34.959843, 50.923836> 0.250000
	pigment { color rgbt <0,1,0,0> }
	no_shadow
}
cylinder {
	<24.919918, 35.073441, 51.283298>,  <25.000154, 35.141598, 51.498974>, 0.100000
	pigment { color rgbt <0,1,0,0> }
	no_shadow
}
cylinder {
	<24.919918, 35.073441, 51.283298>,  <24.786190, 34.959843, 50.923836>, 0.100000
	pigment { color rgbt <0,1,0,0> }
	no_shadow
}

// particle -1
sphere {
	<24.919918, 35.073441, 51.283298> 0.100000
	pigment { color rgbt <0,1,0,0> }
	no_shadow
}
sphere {
	0, 1
	scale<0.080000,0.200000,0.300000>
	matrix <0.942069, -0.128137, -0.309977,
		0.027120, 0.950226, -0.310380,
		0.334320, 0.283993, 0.898654,
		25.020214, 35.158638, 51.552895>
	pigment { color rgbt <0,1,1,0> }
	no_shadow
}
cylinder {
	<25.459827, 35.469765, 50.810261>,  <24.786190, 34.959843, 50.923836>, 0.130000
	pigment { color rgbt <0,1,0,0> }
	no_shadow
}

// nucleotide -1

// particle -1
sphere {
	<25.459827, 35.469765, 50.810261> 0.250000
	pigment { color rgbt <0,1,0,0> }
	no_shadow
}
cylinder {
	<25.463383, 35.358833, 51.194553>,  <25.465517, 35.292274, 51.425129>, 0.100000
	pigment { color rgbt <0,1,0,0> }
	no_shadow
}
cylinder {
	<25.463383, 35.358833, 51.194553>,  <25.459827, 35.469765, 50.810261>, 0.100000
	pigment { color rgbt <0,1,0,0> }
	no_shadow
}

// particle -1
sphere {
	<25.463383, 35.358833, 51.194553> 0.100000
	pigment { color rgbt <0,1,0,0> }
	no_shadow
}
sphere {
	0, 1
	scale<0.080000,0.200000,0.300000>
	matrix <0.999531, 0.030608, -0.000413,
		-0.029292, 0.960286, 0.277474,
		0.008889, -0.277332, 0.960733,
		25.466049, 35.275635, 51.482773>
	pigment { color rgbt <0,1,1,0> }
	no_shadow
}
cylinder {
	<26.096376, 35.884548, 51.095490>,  <25.459827, 35.469765, 50.810261>, 0.130000
	pigment { color rgbt <0,1,0,0> }
	no_shadow
}

// nucleotide -1

// particle -1
sphere {
	<26.096376, 35.884548, 51.095490> 0.250000
	pigment { color rgbt <0,1,0,0> }
	no_shadow
}
cylinder {
	<26.022551, 35.608047, 51.374950>,  <25.978254, 35.442146, 51.542625>, 0.100000
	pigment { color rgbt <0,1,0,0> }
	no_shadow
}
cylinder {
	<26.022551, 35.608047, 51.374950>,  <26.096376, 35.884548, 51.095490>, 0.100000
	pigment { color rgbt <0,1,0,0> }
	no_shadow
}

// particle -1
sphere {
	<26.022551, 35.608047, 51.374950> 0.100000
	pigment { color rgbt <0,1,0,0> }
	no_shadow
}
sphere {
	0, 1
	scale<0.080000,0.200000,0.300000>
	matrix <0.978136, -0.059867, 0.199165,
		-0.095847, 0.720133, 0.687184,
		-0.184565, -0.691249, 0.698649,
		25.967180, 35.400673, 51.584545>
	pigment { color rgbt <0,1,1,0> }
	no_shadow
}
cylinder {
	<26.356777, 36.155018, 51.718555>,  <26.096376, 35.884548, 51.095490>, 0.130000
	pigment { color rgbt <0,1,0,0> }
	no_shadow
}

// nucleotide -1

// particle -1
sphere {
	<26.356777, 36.155018, 51.718555> 0.250000
	pigment { color rgbt <0,1,0,0> }
	no_shadow
}
cylinder {
	<26.338512, 35.755791, 51.701725>,  <26.327553, 35.516254, 51.691628>, 0.100000
	pigment { color rgbt <0,1,0,0> }
	no_shadow
}
cylinder {
	<26.338512, 35.755791, 51.701725>,  <26.356777, 36.155018, 51.718555>, 0.100000
	pigment { color rgbt <0,1,0,0> }
	no_shadow
}

// particle -1
sphere {
	<26.338512, 35.755791, 51.701725> 0.100000
	pigment { color rgbt <0,1,0,0> }
	no_shadow
}
sphere {
	0, 1
	scale<0.080000,0.200000,0.300000>
	matrix <0.989786, -0.050896, 0.133166,
		-0.135051, -0.035567, 0.990200,
		-0.045661, -0.998070, -0.042078,
		26.324814, 35.456371, 51.689102>
	pigment { color rgbt <0,1,1,0> }
	no_shadow
}
cylinder {
	<26.684301, 35.932442, 52.301865>,  <26.356777, 36.155018, 51.718555>, 0.130000
	pigment { color rgbt <0,1,0,0> }
	no_shadow
}

// nucleotide -1

// particle -1
sphere {
	<26.684301, 35.932442, 52.301865> 0.250000
	pigment { color rgbt <0,1,0,0> }
	no_shadow
}
cylinder {
	<26.700266, 35.640537, 52.028851>,  <26.709845, 35.465397, 51.865040>, 0.100000
	pigment { color rgbt <0,1,0,0> }
	no_shadow
}
cylinder {
	<26.700266, 35.640537, 52.028851>,  <26.684301, 35.932442, 52.301865>, 0.100000
	pigment { color rgbt <0,1,0,0> }
	no_shadow
}

// particle -1
sphere {
	<26.700266, 35.640537, 52.028851> 0.100000
	pigment { color rgbt <0,1,0,0> }
	no_shadow
}
sphere {
	0, 1
	scale<0.080000,0.200000,0.300000>
	matrix <0.996193, -0.023920, 0.083827,
		-0.077501, -0.683286, 0.726026,
		0.039911, -0.729759, -0.682538,
		26.712238, 35.421608, 51.824089>
	pigment { color rgbt <0,1,1,0> }
	no_shadow
}
cylinder {
	<27.265450, 35.663177, 52.423771>,  <26.684301, 35.932442, 52.301865>, 0.130000
	pigment { color rgbt <0,1,0,0> }
	no_shadow
}

// nucleotide -1

// particle -1
sphere {
	<27.265450, 35.663177, 52.423771> 0.250000
	pigment { color rgbt <0,1,0,0> }
	no_shadow
}
cylinder {
	<27.202917, 35.431522, 52.103733>,  <27.165398, 35.292530, 51.911709>, 0.100000
	pigment { color rgbt <0,1,0,0> }
	no_shadow
}
cylinder {
	<27.202917, 35.431522, 52.103733>,  <27.265450, 35.663177, 52.423771>, 0.100000
	pigment { color rgbt <0,1,0,0> }
	no_shadow
}

// particle -1
sphere {
	<27.202917, 35.431522, 52.103733> 0.100000
	pigment { color rgbt <0,1,0,0> }
	no_shadow
}
sphere {
	0, 1
	scale<0.080000,0.200000,0.300000>
	matrix <0.982637, -0.173144, -0.066672,
		-0.099920, -0.796629, 0.596152,
		-0.156333, -0.579140, -0.800098,
		27.156017, 35.257782, 51.863705>
	pigment { color rgbt <0,1,1,0> }
	no_shadow
}
cylinder {
	<27.814705, 35.123924, 52.522377>,  <27.265450, 35.663177, 52.423771>, 0.130000
	pigment { color rgbt <0,1,0,0> }
	no_shadow
}

// nucleotide -1

// particle -1
sphere {
	<27.814705, 35.123924, 52.522377> 0.250000
	pigment { color rgbt <0,1,0,0> }
	no_shadow
}
cylinder {
	<27.710300, 35.120041, 52.136261>,  <27.647657, 35.117710, 51.904591>, 0.100000
	pigment { color rgbt <0,1,0,0> }
	no_shadow
}
cylinder {
	<27.710300, 35.120041, 52.136261>,  <27.814705, 35.123924, 52.522377>, 0.100000
	pigment { color rgbt <0,1,0,0> }
	no_shadow
}

// particle -1
sphere {
	<27.710300, 35.120041, 52.136261> 0.100000
	pigment { color rgbt <0,1,0,0> }
	no_shadow
}
sphere {
	0, 1
	scale<0.080000,0.200000,0.300000>
	matrix <0.955611, -0.144170, -0.256947,
		-0.136670, -0.989505, 0.046910,
		-0.261013, -0.009711, -0.965286,
		27.631996, 35.117126, 51.846676>
	pigment { color rgbt <0,1,1,0> }
	no_shadow
}
cylinder {
	<28.116827, 34.494091, 52.188595>,  <27.814705, 35.123924, 52.522377>, 0.130000
	pigment { color rgbt <0,1,0,0> }
	no_shadow
}

// nucleotide -1

// particle -1
sphere {
	<28.116827, 34.494091, 52.188595> 0.250000
	pigment { color rgbt <0,1,0,0> }
	no_shadow
}
cylinder {
	<28.064676, 34.747822, 51.883797>,  <28.033386, 34.900059, 51.700920>, 0.100000
	pigment { color rgbt <0,1,0,0> }
	no_shadow
}
cylinder {
	<28.064676, 34.747822, 51.883797>,  <28.116827, 34.494091, 52.188595>, 0.100000
	pigment { color rgbt <0,1,0,0> }
	no_shadow
}

// particle -1
sphere {
	<28.064676, 34.747822, 51.883797> 0.100000
	pigment { color rgbt <0,1,0,0> }
	no_shadow
}
sphere {
	0, 1
	scale<0.080000,0.200000,0.300000>
	matrix <0.925630, -0.197514, -0.322796,
		-0.355262, -0.747409, -0.561399,
		-0.130377, 0.634325, -0.761993,
		28.025564, 34.938118, 51.655197>
	pigment { color rgbt <0,1,1,0> }
	no_shadow
}
cylinder {
	<28.309296, 34.159153, 51.563004>,  <28.116827, 34.494091, 52.188595>, 0.130000
	pigment { color rgbt <0,1,0,0> }
	no_shadow
}

// nucleotide -1

// particle -1
sphere {
	<28.309296, 34.159153, 51.563004> 0.250000
	pigment { color rgbt <0,1,0,0> }
	no_shadow
}
cylinder {
	<28.325171, 34.550823, 51.483356>,  <28.334696, 34.785824, 51.435570>, 0.100000
	pigment { color rgbt <0,1,0,0> }
	no_shadow
}
cylinder {
	<28.325171, 34.550823, 51.483356>,  <28.309296, 34.159153, 51.563004>, 0.100000
	pigment { color rgbt <0,1,0,0> }
	no_shadow
}

// particle -1
sphere {
	<28.325171, 34.550823, 51.483356> 0.100000
	pigment { color rgbt <0,1,0,0> }
	no_shadow
}
sphere {
	0, 1
	scale<0.080000,0.200000,0.300000>
	matrix <0.920290, -0.113444, -0.374428,
		-0.389218, -0.168386, -0.905624,
		0.039689, 0.979171, -0.199119,
		28.337078, 34.844574, 51.423622>
	pigment { color rgbt <0,1,1,0> }
	no_shadow
}
cylinder {
	<28.688173, 34.238522, 50.891632>,  <28.309296, 34.159153, 51.563004>, 0.130000
	pigment { color rgbt <0,1,0,0> }
	no_shadow
}

// nucleotide -1

// particle -1
sphere {
	<28.688173, 34.238522, 50.891632> 0.250000
	pigment { color rgbt <0,1,0,0> }
	no_shadow
}
cylinder {
	<28.722839, 34.601208, 51.056728>,  <28.743639, 34.818821, 51.155785>, 0.100000
	pigment { color rgbt <0,1,0,0> }
	no_shadow
}
cylinder {
	<28.722839, 34.601208, 51.056728>,  <28.688173, 34.238522, 50.891632>, 0.100000
	pigment { color rgbt <0,1,0,0> }
	no_shadow
}

// particle -1
sphere {
	<28.722839, 34.601208, 51.056728> 0.100000
	pigment { color rgbt <0,1,0,0> }
	no_shadow
}
sphere {
	0, 1
	scale<0.080000,0.200000,0.300000>
	matrix <0.987989, -0.025023, -0.152486,
		-0.127933, 0.421000, -0.897994,
		0.086666, 0.906716, 0.412742,
		28.748838, 34.873222, 51.180550>
	pigment { color rgbt <0,1,1,0> }
	no_shadow
}
cylinder {
	<28.892548, 34.752380, 50.284344>,  <28.688173, 34.238522, 50.891632>, 0.130000
	pigment { color rgbt <0,1,0,0> }
	no_shadow
}

// nucleotide -1

// particle -1
sphere {
	<28.892548, 34.752380, 50.284344> 0.250000
	pigment { color rgbt <0,1,0,0> }
	no_shadow
}
cylinder {
	<28.997704, 34.888943, 50.645306>,  <29.060797, 34.970879, 50.861881>, 0.100000
	pigment { color rgbt <0,1,0,0> }
	no_shadow
}
cylinder {
	<28.997704, 34.888943, 50.645306>,  <28.892548, 34.752380, 50.284344>, 0.100000
	pigment { color rgbt <0,1,0,0> }
	no_shadow
}

// particle -1
sphere {
	<28.997704, 34.888943, 50.645306> 0.100000
	pigment { color rgbt <0,1,0,0> }
	no_shadow
}
sphere {
	0, 1
	scale<0.080000,0.200000,0.300000>
	matrix <0.954943, 0.041456, -0.293880,
		-0.137742, 0.939001, -0.315125,
		0.262890, 0.341406, 0.902403,
		29.076571, 34.991364, 50.916027>
	pigment { color rgbt <0,1,1,0> }
	no_shadow
}
cylinder {
	<29.273748, 35.311249, 50.150467>,  <28.892548, 34.752380, 50.284344>, 0.130000
	pigment { color rgbt <0,1,0,0> }
	no_shadow
}

// nucleotide -1

// particle -1
sphere {
	<29.273748, 35.311249, 50.150467> 0.250000
	pigment { color rgbt <0,1,0,0> }
	no_shadow
}
cylinder {
	<29.369900, 35.213711, 50.526287>,  <29.427591, 35.155190, 50.751781>, 0.100000
	pigment { color rgbt <0,1,0,0> }
	no_shadow
}
cylinder {
	<29.369900, 35.213711, 50.526287>,  <29.273748, 35.311249, 50.150467>, 0.100000
	pigment { color rgbt <0,1,0,0> }
	no_shadow
}

// particle -1
sphere {
	<29.369900, 35.213711, 50.526287> 0.100000
	pigment { color rgbt <0,1,0,0> }
	no_shadow
}
sphere {
	0, 1
	scale<0.080000,0.200000,0.300000>
	matrix <0.970037, 0.095555, -0.223378,
		-0.035310, 0.965096, 0.259503,
		0.240378, -0.243840, 0.939553,
		29.442013, 35.140560, 50.808151>
	pigment { color rgbt <0,1,1,0> }
	no_shadow
}
cylinder {
	<29.731411, 35.820843, 50.340626>,  <29.273748, 35.311249, 50.150467>, 0.130000
	pigment { color rgbt <0,1,0,0> }
	no_shadow
}

// nucleotide -1

// particle -1
sphere {
	<29.731411, 35.820843, 50.340626> 0.250000
	pigment { color rgbt <0,1,0,0> }
	no_shadow
}
cylinder {
	<29.813944, 35.510414, 50.579002>,  <29.863464, 35.324158, 50.722027>, 0.100000
	pigment { color rgbt <0,1,0,0> }
	no_shadow
}
cylinder {
	<29.813944, 35.510414, 50.579002>,  <29.731411, 35.820843, 50.340626>, 0.100000
	pigment { color rgbt <0,1,0,0> }
	no_shadow
}

// particle -1
sphere {
	<29.813944, 35.510414, 50.579002> 0.100000
	pigment { color rgbt <0,1,0,0> }
	no_shadow
}
sphere {
	0, 1
	scale<0.080000,0.200000,0.300000>
	matrix <0.962233, 0.050398, -0.267522,
		0.177581, 0.628633, 0.757156,
		0.206332, -0.776067, 0.595942,
		29.875843, 35.277596, 50.757786>
	pigment { color rgbt <0,1,1,0> }
	no_shadow
}
cylinder {
	<30.364664, 36.008228, 50.660816>,  <29.731411, 35.820843, 50.340626>, 0.130000
	pigment { color rgbt <0,1,0,0> }
	no_shadow
}

// nucleotide -1

// particle -1
sphere {
	<30.364664, 36.008228, 50.660816> 0.250000
	pigment { color rgbt <0,1,0,0> }
	no_shadow
}
cylinder {
	<30.349394, 35.614052, 50.727077>,  <30.340233, 35.377544, 50.766834>, 0.100000
	pigment { color rgbt <0,1,0,0> }
	no_shadow
}
cylinder {
	<30.349394, 35.614052, 50.727077>,  <30.364664, 36.008228, 50.660816>, 0.100000
	pigment { color rgbt <0,1,0,0> }
	no_shadow
}

// particle -1
sphere {
	<30.349394, 35.614052, 50.727077> 0.100000
	pigment { color rgbt <0,1,0,0> }
	no_shadow
}
sphere {
	0, 1
	scale<0.080000,0.200000,0.300000>
	matrix <0.926384, -0.097053, -0.363860,
		0.374641, 0.139573, 0.916604,
		-0.038174, -0.985444, 0.165658,
		30.337942, 35.318420, 50.776775>
	pigment { color rgbt <0,1,1,0> }
	no_shadow
}
cylinder {
	<31.040287, 35.788288, 50.768730>,  <30.364664, 36.008228, 50.660816>, 0.130000
	pigment { color rgbt <0,1,0,0> }
	no_shadow
}

// nucleotide -1

// particle -1
sphere {
	<31.040287, 35.788288, 50.768730> 0.250000
	pigment { color rgbt <0,1,0,0> }
	no_shadow
}
cylinder {
	<30.883562, 35.429482, 50.686913>,  <30.789526, 35.214195, 50.637821>, 0.100000
	pigment { color rgbt <0,1,0,0> }
	no_shadow
}
cylinder {
	<30.883562, 35.429482, 50.686913>,  <31.040287, 35.788288, 50.768730>, 0.100000
	pigment { color rgbt <0,1,0,0> }
	no_shadow
}

// particle -1
sphere {
	<30.883562, 35.429482, 50.686913> 0.100000
	pigment { color rgbt <0,1,0,0> }
	no_shadow
}
sphere {
	0, 1
	scale<0.080000,0.200000,0.300000>
	matrix <0.866954, -0.285537, -0.408484,
		0.308013, -0.337380, 0.889552,
		-0.391814, -0.897019, -0.204544,
		30.766018, 35.160378, 50.625549>
	pigment { color rgbt <0,1,1,0> }
	no_shadow
}
cylinder {
	<31.478098, 35.267479, 51.073975>,  <31.040287, 35.788288, 50.768730>, 0.130000
	pigment { color rgbt <0,1,0,0> }
	no_shadow
}

// nucleotide -1

// particle -1
sphere {
	<31.478098, 35.267479, 51.073975> 0.250000
	pigment { color rgbt <0,1,0,0> }
	no_shadow
}
cylinder {
	<31.303288, 35.088509, 50.761868>,  <31.198402, 34.981129, 50.574604>, 0.100000
	pigment { color rgbt <0,1,0,0> }
	no_shadow
}
cylinder {
	<31.303288, 35.088509, 50.761868>,  <31.478098, 35.267479, 51.073975>, 0.100000
	pigment { color rgbt <0,1,0,0> }
	no_shadow
}

// particle -1
sphere {
	<31.303288, 35.088509, 50.761868> 0.100000
	pigment { color rgbt <0,1,0,0> }
	no_shadow
}
sphere {
	0, 1
	scale<0.080000,0.200000,0.300000>
	matrix <0.884204, -0.372753, -0.281493,
		-0.164901, -0.812937, 0.558517,
		-0.437025, -0.447425, -0.780270,
		31.172180, 34.954281, 50.527786>
	pigment { color rgbt <0,1,1,0> }
	no_shadow
}
cylinder {
	<31.914515, 34.742390, 50.963154>,  <31.478098, 35.267479, 51.073975>, 0.130000
	pigment { color rgbt <0,1,0,0> }
	no_shadow
}

// nucleotide -1

// particle -1
sphere {
	<31.914515, 34.742390, 50.963154> 0.250000
	pigment { color rgbt <0,1,0,0> }
	no_shadow
}
cylinder {
	<31.713667, 34.757027, 50.617546>,  <31.593159, 34.765808, 50.410179>, 0.100000
	pigment { color rgbt <0,1,0,0> }
	no_shadow
}
cylinder {
	<31.713667, 34.757027, 50.617546>,  <31.914515, 34.742390, 50.963154>, 0.100000
	pigment { color rgbt <0,1,0,0> }
	no_shadow
}

// particle -1
sphere {
	<31.713667, 34.757027, 50.617546> 0.100000
	pigment { color rgbt <0,1,0,0> }
	no_shadow
}
sphere {
	0, 1
	scale<0.080000,0.200000,0.300000>
	matrix <0.717758, -0.539672, -0.439975,
		-0.482389, -0.841080, 0.244714,
		-0.502120, 0.036594, -0.864024,
		31.563030, 34.768005, 50.358337>
	pigment { color rgbt <0,1,1,0> }
	no_shadow
}
cylinder {
	<32.120659, 34.247723, 50.629787>,  <31.914515, 34.742390, 50.963154>, 0.130000
	pigment { color rgbt <0,1,0,0> }
	no_shadow
}

// nucleotide -1

// particle -1
sphere {
	<32.120659, 34.247723, 50.629787> 0.250000
	pigment { color rgbt <0,1,0,0> }
	no_shadow
}
cylinder {
	<31.972349, 34.440784, 50.312405>,  <31.883364, 34.556622, 50.121975>, 0.100000
	pigment { color rgbt <0,1,0,0> }
	no_shadow
}
cylinder {
	<31.972349, 34.440784, 50.312405>,  <32.120659, 34.247723, 50.629787>, 0.100000
	pigment { color rgbt <0,1,0,0> }
	no_shadow
}

// particle -1
sphere {
	<31.972349, 34.440784, 50.312405> 0.100000
	pigment { color rgbt <0,1,0,0> }
	no_shadow
}
sphere {
	0, 1
	scale<0.080000,0.200000,0.300000>
	matrix <0.752178, -0.345069, -0.561386,
		-0.544752, -0.804968, -0.235099,
		-0.370773, 0.482653, -0.793457,
		31.861116, 34.585579, 50.074368>
	pigment { color rgbt <0,1,1,0> }
	no_shadow
}
cylinder {
	<32.171833, 33.778908, 50.029755>,  <32.120659, 34.247723, 50.629787>, 0.130000
	pigment { color rgbt <0,1,0,0> }
	no_shadow
}

// nucleotide -1

// particle -1
sphere {
	<32.171833, 33.778908, 50.029755> 0.250000
	pigment { color rgbt <0,1,0,0> }
	no_shadow
}
cylinder {
	<32.180218, 34.158653, 49.904366>,  <32.185249, 34.386501, 49.829132>, 0.100000
	pigment { color rgbt <0,1,0,0> }
	no_shadow
}
cylinder {
	<32.180218, 34.158653, 49.904366>,  <32.171833, 33.778908, 50.029755>, 0.100000
	pigment { color rgbt <0,1,0,0> }
	no_shadow
}

// particle -1
sphere {
	<32.180218, 34.158653, 49.904366> 0.100000
	pigment { color rgbt <0,1,0,0> }
	no_shadow
}
sphere {
	0, 1
	scale<0.080000,0.200000,0.300000>
	matrix <0.793444, -0.206562, -0.572519,
		-0.608282, -0.236719, -0.757600,
		0.020966, 0.949366, -0.313471,
		32.186508, 34.443462, 49.810326>
	pigment { color rgbt <0,1,1,0> }
	no_shadow
}
// strand 2

// nucleotide -1

// particle -1
sphere {
	<24.598587, 35.045620, 34.672642> 0.250000
	pigment { color rgbt <0,0,1,0> }
	no_shadow
}
cylinder {
	<24.344158, 34.761757, 34.793835>,  <24.191502, 34.591438, 34.866550>, 0.100000
	pigment { color rgbt <0,0,1,0> }
	no_shadow
}
cylinder {
	<24.344158, 34.761757, 34.793835>,  <24.598587, 35.045620, 34.672642>, 0.100000
	pigment { color rgbt <0,0,1,0> }
	no_shadow
}

// particle -1
sphere {
	<24.344158, 34.761757, 34.793835> 0.100000
	pigment { color rgbt <0,0,1,0> }
	no_shadow
}
sphere {
	0, 1
	scale<0.080000,0.200000,0.300000>
	matrix <0.463197, -0.037118, 0.885478,
		-0.617141, 0.703567, 0.352321,
		-0.636071, -0.709658, 0.302983,
		24.153337, 34.548859, 34.884731>
	pigment { color rgbt <0,1,1,0> }
	no_shadow
}
cylinder {
	<24.418072, 35.231789, 35.293877>,  <24.598587, 35.045620, 34.672642>, 0.130000
