// switches for output
#declare DRAW_BASES = 1; // possible values are 0, 1; only relevant for DNA ribbons
#declare DRAW_BASES_TYPE = 3; // possible values are 1, 2, 3; only relevant for DNA ribbons
#declare DRAW_FOG = 0; // set to 1 to enable fog

#include "colors.inc"

#include "transforms.inc"
background { rgb <1, 1, 1>}

#default {
   normal{
       ripples 0.25
       frequency 0.20
       turbulence 0.2
       lambda 5
   }
	finish {
		phong 0.1
		phong_size 40.
	}
}

// original window dimensions: 1024x640


// camera settings

camera {
	sky <0, 0.179814, -0.983701>
	up <0, 0.179814, -0.983701>
	right 1.6 * <1, 0, 0>
	location <35, 92.5046, 58.4545>
	look_at <35, 26.874, 46.4577>
	direction <0, -65.6306, -11.9968>
	angle 67.0682
}


# declare cpy_camera_pos = <35, 92.5046, 58.4545>;
# if (DRAW_FOG = 1)
fog {
	fog_type 2
	up vnormalize(cpy_camera_pos)
	color rgbt<1,1,1,0.3>
	distance 1e-5
	fog_alt 3e-3
	fog_offset 56
}
# end


// LIGHTS

# declare lum = 6;
global_settings {
	ambient_light rgb lum * <0.05, 0.05, 0.05>
	max_trace_level 15
}# declare cpy_direct_light_amount = 0.25;
light_source
{	1000 * <-1, -1.16351, -0.803887>,
	rgb lum * cpy_direct_light_amount
	parallel
}

light_source
{	1000 * <1, 1.16351, 0.803887>,
	rgb lum * cpy_direct_light_amount
	parallel
}

// strand 0

// nucleotide -1

// particle -1
sphere {
	<40.950378, 35.393784, 47.204678> 0.250000
	pigment { color rgbt <1,0,0,0> }
	no_shadow
}
cylinder {
	<40.850262, 35.365833, 47.590935>,  <40.790192, 35.349064, 47.822689>, 0.100000
	pigment { color rgbt <1,0,0,0> }
	no_shadow
}
cylinder {
	<40.850262, 35.365833, 47.590935>,  <40.950378, 35.393784, 47.204678>, 0.100000
	pigment { color rgbt <1,0,0,0> }
	no_shadow
}

// particle -1
sphere {
	<40.850262, 35.365833, 47.590935> 0.100000
	pigment { color rgbt <1,0,0,0> }
	no_shadow
}
sphere {
	0, 1
	scale<0.080000,0.200000,0.300000>
	matrix <0.953692, 0.154052, 0.258341,
		-0.166811, 0.985589, 0.028080,
		-0.250292, -0.069874, 0.965646,
		40.775173, 35.344872, 47.880627>
	pigment { color rgbt <0,1,1,0> }
	no_shadow
}
cylinder {
	<41.208096, 36.013794, 47.565121>,  <40.950378, 35.393784, 47.204678>, 0.130000
	pigment { color rgbt <1,0,0,0> }
	no_shadow
}

// nucleotide -1

// particle -1
sphere {
	<41.208096, 36.013794, 47.565121> 0.250000
	pigment { color rgbt <1,0,0,0> }
	no_shadow
}
cylinder {
	<41.167999, 35.748104, 47.861435>,  <41.143944, 35.588692, 48.039223>, 0.100000
	pigment { color rgbt <1,0,0,0> }
	no_shadow
}
cylinder {
	<41.167999, 35.748104, 47.861435>,  <41.208096, 36.013794, 47.565121>, 0.100000
	pigment { color rgbt <1,0,0,0> }
	no_shadow
}

// particle -1
sphere {
	<41.167999, 35.748104, 47.861435> 0.100000
	pigment { color rgbt <1,0,0,0> }
	no_shadow
}
sphere {
	0, 1
	scale<0.080000,0.200000,0.300000>
	matrix <0.943985, 0.171777, 0.281755,
		-0.314397, 0.727533, 0.609796,
		-0.100237, -0.664221, 0.740786,
		41.137928, 35.548840, 48.083672>
	pigment { color rgbt <0,1,1,0> }
	no_shadow
}
cylinder {
	<41.615429, 36.315281, 48.167465>,  <41.208096, 36.013794, 47.565121>, 0.130000
	pigment { color rgbt <1,0,0,0> }
	no_shadow
}

// nucleotide -1

// particle -1
sphere {
	<41.615429, 36.315281, 48.167465> 0.250000
	pigment { color rgbt <1,0,0,0> }
	no_shadow
}
cylinder {
	<41.568760, 35.930027, 48.264427>,  <41.540756, 35.698875, 48.322605>, 0.100000
	pigment { color rgbt <1,0,0,0> }
	no_shadow
}
cylinder {
	<41.568760, 35.930027, 48.264427>,  <41.615429, 36.315281, 48.167465>, 0.100000
	pigment { color rgbt <1,0,0,0> }
	no_shadow
}

// particle -1
sphere {
	<41.568760, 35.930027, 48.264427> 0.100000
	pigment { color rgbt <1,0,0,0> }
	no_shadow
}
sphere {
	0, 1
	scale<0.080000,0.200000,0.300000>
	matrix <0.877865, 0.014132, 0.478701,
		-0.464479, 0.268648, 0.843853,
		-0.116676, -0.963135, 0.242401,
		41.533756, 35.641087, 48.337147>
	pigment { color rgbt <0,1,1,0> }
	no_shadow
}
cylinder {
	<41.583401, 36.213417, 48.817898>,  <41.615429, 36.315281, 48.167465>, 0.130000
	pigment { color rgbt <1,0,0,0> }
	no_shadow
}

// nucleotide -1

// particle -1
sphere {
	<41.583401, 36.213417, 48.817898> 0.250000
	pigment { color rgbt <1,0,0,0> }
	no_shadow
}
cylinder {
	<41.700790, 35.846298, 48.710926>,  <41.771225, 35.626026, 48.646744>, 0.100000
	pigment { color rgbt <1,0,0,0> }
	no_shadow
}
cylinder {
	<41.700790, 35.846298, 48.710926>,  <41.583401, 36.213417, 48.817898>, 0.100000
	pigment { color rgbt <1,0,0,0> }
	no_shadow
}

// particle -1
sphere {
	<41.700790, 35.846298, 48.710926> 0.100000
	pigment { color rgbt <1,0,0,0> }
	no_shadow
}
sphere {
	0, 1
	scale<0.080000,0.200000,0.300000>
	matrix <0.730664, 0.034954, 0.681842,
		-0.616446, -0.395503, 0.680861,
		0.293469, -0.917799, -0.267432,
		41.788830, 35.570957, 48.630695>
	pigment { color rgbt <0,1,1,0> }
	no_shadow
}
cylinder {
	<41.823433, 35.887081, 49.425297>,  <41.583401, 36.213417, 48.817898>, 0.130000
	pigment { color rgbt <1,0,0,0> }
	no_shadow
}

// nucleotide -1

// particle -1
sphere {
	<41.823433, 35.887081, 49.425297> 0.250000
	pigment { color rgbt <1,0,0,0> }
	no_shadow
}
cylinder {
	<41.996655, 35.653687, 49.150486>,  <42.100590, 35.513649, 48.985600>, 0.100000
	pigment { color rgbt <1,0,0,0> }
	no_shadow
}
cylinder {
	<41.996655, 35.653687, 49.150486>,  <41.823433, 35.887081, 49.425297>, 0.100000
	pigment { color rgbt <1,0,0,0> }
	no_shadow
}

// particle -1
sphere {
	<41.996655, 35.653687, 49.150486> 0.100000
	pigment { color rgbt <1,0,0,0> }
	no_shadow
}
sphere {
	0, 1
	scale<0.080000,0.200000,0.300000>
	matrix <0.891627, 0.165562, 0.421414,
		-0.132146, -0.795065, 0.591953,
		0.433057, -0.583490, -0.687024,
		42.126572, 35.478638, 48.944378>
	pigment { color rgbt <0,1,1,0> }
	no_shadow
}
cylinder {
	<42.174355, 35.327522, 49.765514>,  <41.823433, 35.887081, 49.425297>, 0.130000
	pigment { color rgbt <1,0,0,0> }
	no_shadow
}

// nucleotide -1

// particle -1
sphere {
	<42.174355, 35.327522, 49.765514> 0.250000
	pigment { color rgbt <1,0,0,0> }
	no_shadow
}
cylinder {
	<42.356495, 35.332451, 49.409424>,  <42.465778, 35.335407, 49.195770>, 0.100000
	pigment { color rgbt <1,0,0,0> }
	no_shadow
}
cylinder {
	<42.356495, 35.332451, 49.409424>,  <42.174355, 35.327522, 49.765514>, 0.100000
	pigment { color rgbt <1,0,0,0> }
	no_shadow
}

// particle -1
sphere {
	<42.356495, 35.332451, 49.409424> 0.100000
	pigment { color rgbt <1,0,0,0> }
	no_shadow
}
sphere {
	0, 1
	scale<0.080000,0.200000,0.300000>
	matrix <0.885991, -0.104658, 0.451738,
		-0.087600, -0.994432, -0.058579,
		0.455353, 0.012328, -0.890226,
		42.493099, 35.336147, 49.142357>
	pigment { color rgbt <0,1,1,0> }
	no_shadow
}
cylinder {
	<42.588482, 34.892822, 49.960285>,  <42.174355, 35.327522, 49.765514>, 0.130000
	pigment { color rgbt <1,0,0,0> }
	no_shadow
}

// nucleotide -1

// particle -1
sphere {
	<42.588482, 34.892822, 49.960285> 0.250000
	pigment { color rgbt <1,0,0,0> }
	no_shadow
}
cylinder {
	<42.770855, 35.037460, 49.634983>,  <42.880280, 35.124245, 49.439804>, 0.100000
	pigment { color rgbt <1,0,0,0> }
	no_shadow
}
cylinder {
	<42.770855, 35.037460, 49.634983>,  <42.588482, 34.892822, 49.960285>, 0.100000
	pigment { color rgbt <1,0,0,0> }
	no_shadow
}

// particle -1
sphere {
	<42.770855, 35.037460, 49.634983> 0.100000
	pigment { color rgbt <1,0,0,0> }
	no_shadow
}
sphere {
	0, 1
	scale<0.080000,0.200000,0.300000>
	matrix <0.890015, -0.186180, 0.416186,
		-0.000920, -0.913557, -0.406709,
		0.455930, 0.361594, -0.813251,
		42.907635, 35.145939, 49.391006>
	pigment { color rgbt <0,1,1,0> }
	no_shadow
}
cylinder {
	<43.104660, 34.362087, 49.684849>,  <42.588482, 34.892822, 49.960285>, 0.130000
	pigment { color rgbt <1,0,0,0> }
	no_shadow
}

// nucleotide -1

// particle -1
sphere {
	<43.104660, 34.362087, 49.684849> 0.250000
	pigment { color rgbt <1,0,0,0> }
	no_shadow
}
cylinder {
	<43.201050, 34.734150, 49.574032>,  <43.258884, 34.957386, 49.507542>, 0.100000
	pigment { color rgbt <1,0,0,0> }
	no_shadow
}
cylinder {
	<43.201050, 34.734150, 49.574032>,  <43.104660, 34.362087, 49.684849>, 0.100000
	pigment { color rgbt <1,0,0,0> }
	no_shadow
}

// particle -1
sphere {
	<43.201050, 34.734150, 49.574032> 0.100000
	pigment { color rgbt <1,0,0,0> }
	no_shadow
}
sphere {
	0, 1
	scale<0.080000,0.200000,0.300000>
	matrix <0.851946, -0.065995, 0.519455,
		0.464889, -0.361195, -0.808342,
		0.240971, 0.930152, -0.277038,
		43.273342, 35.013195, 49.490921>
	pigment { color rgbt <0,1,1,0> }
	no_shadow
}
cylinder {
	<43.842491, 34.363304, 49.588036>,  <43.104660, 34.362087, 49.684849>, 0.130000
	pigment { color rgbt <1,0,0,0> }
	no_shadow
}

// nucleotide -1

// particle -1
sphere {
	<43.842491, 34.363304, 49.588036> 0.250000
	pigment { color rgbt <1,0,0,0> }
	no_shadow
}
cylinder {
	<43.778103, 34.758011, 49.580330>,  <43.739471, 34.994835, 49.575706>, 0.100000
	pigment { color rgbt <1,0,0,0> }
	no_shadow
}
cylinder {
	<43.778103, 34.758011, 49.580330>,  <43.842491, 34.363304, 49.588036>, 0.100000
	pigment { color rgbt <1,0,0,0> }
	no_shadow
}

// particle -1
sphere {
	<43.778103, 34.758011, 49.580330> 0.100000
	pigment { color rgbt <1,0,0,0> }
	no_shadow
}
sphere {
	0, 1
	scale<0.080000,0.200000,0.300000>
	matrix <0.922269, 0.157342, 0.353077,
		0.351437, 0.039067, -0.935396,
		-0.160970, 0.986771, -0.019266,
		43.729813, 35.054043, 49.574551>
	pigment { color rgbt <0,1,1,0> }
	no_shadow
}
cylinder {
	<44.340019, 34.700359, 49.149883>,  <43.842491, 34.363304, 49.588036>, 0.130000
	pigment { color rgbt <1,0,0,0> }
	no_shadow
}

// nucleotide -1

// particle -1
sphere {
	<44.340019, 34.700359, 49.149883> 0.250000
	pigment { color rgbt <1,0,0,0> }
	no_shadow
}
cylinder {
	<44.217766, 34.986645, 49.401070>,  <44.144413, 35.158417, 49.551781>, 0.100000
	pigment { color rgbt <1,0,0,0> }
	no_shadow
}
cylinder {
	<44.217766, 34.986645, 49.401070>,  <44.340019, 34.700359, 49.149883>, 0.100000
	pigment { color rgbt <1,0,0,0> }
	no_shadow
}

// particle -1
sphere {
	<44.217766, 34.986645, 49.401070> 0.100000
	pigment { color rgbt <1,0,0,0> }
	no_shadow
}
sphere {
	0, 1
	scale<0.080000,0.200000,0.300000>
	matrix <0.936620, 0.107368, 0.333489,
		0.171260, 0.690090, -0.703168,
		-0.305635, 0.715715, 0.627965,
		44.126076, 35.201359, 49.589458>
	pigment { color rgbt <0,1,1,0> }
	no_shadow
}
cylinder {
	<44.928833, 35.113964, 49.119419>,  <44.340019, 34.700359, 49.149883>, 0.130000
	pigment { color rgbt <1,0,0,0> }
	no_shadow
}

// nucleotide -1

// particle -1
sphere {
	<44.928833, 35.113964, 49.119419> 0.250000
	pigment { color rgbt <1,0,0,0> }
	no_shadow
}
cylinder {
	<44.732170, 35.227745, 49.448627>,  <44.614174, 35.296013, 49.646152>, 0.100000
	pigment { color rgbt <1,0,0,0> }
	no_shadow
}
cylinder {
	<44.732170, 35.227745, 49.448627>,  <44.928833, 35.113964, 49.119419>, 0.100000
	pigment { color rgbt <1,0,0,0> }
	no_shadow
}

// particle -1
sphere {
	<44.732170, 35.227745, 49.448627> 0.100000
	pigment { color rgbt <1,0,0,0> }
	no_shadow
}
sphere {
	0, 1
	scale<0.080000,0.200000,0.300000>
	matrix <0.870115, 0.197692, 0.451462,
		-0.034283, 0.938085, -0.344705,
		-0.491655, 0.284455, 0.823019,
		44.584675, 35.313080, 49.695534>
	pigment { color rgbt <0,1,1,0> }
	no_shadow
}
cylinder {
	<45.316807, 35.666695, 49.290447>,  <44.928833, 35.113964, 49.119419>, 0.130000
	pigment { color rgbt <1,0,0,0> }
	no_shadow
}

// nucleotide -1

// particle -1
sphere {
	<45.316807, 35.666695, 49.290447> 0.250000
	pigment { color rgbt <1,0,0,0> }
	no_shadow
}
cylinder {
	<45.120640, 35.588707, 49.630207>,  <45.002937, 35.541916, 49.834061>, 0.100000
	pigment { color rgbt <1,0,0,0> }
	no_shadow
}
cylinder {
	<45.120640, 35.588707, 49.630207>,  <45.316807, 35.666695, 49.290447>, 0.100000
	pigment { color rgbt <1,0,0,0> }
	no_shadow
}

// particle -1
sphere {
	<45.120640, 35.588707, 49.630207> 0.100000
	pigment { color rgbt <1,0,0,0> }
	no_shadow
}
sphere {
	0, 1
	scale<0.080000,0.200000,0.300000>
	matrix <0.864545, 0.013919, 0.502362,
		-0.109767, 0.980711, 0.161731,
		-0.490421, -0.194967, 0.849397,
		44.973515, 35.530216, 49.885025>
	pigment { color rgbt <0,1,1,0> }
	no_shadow
}
cylinder {
	<45.542511, 36.087677, 49.818775>,  <45.316807, 35.666695, 49.290447>, 0.130000
	pigment { color rgbt <1,0,0,0> }
	no_shadow
}

// nucleotide -1

// particle -1
sphere {
	<45.542511, 36.087677, 49.818775> 0.250000
	pigment { color rgbt <1,0,0,0> }
	no_shadow
}
cylinder {
	<45.370564, 35.796162, 50.031975>,  <45.267395, 35.621254, 50.159893>, 0.100000
	pigment { color rgbt <1,0,0,0> }
	no_shadow
}
cylinder {
	<45.370564, 35.796162, 50.031975>,  <45.542511, 36.087677, 49.818775>, 0.100000
	pigment { color rgbt <1,0,0,0> }
	no_shadow
}

// particle -1
sphere {
	<45.370564, 35.796162, 50.031975> 0.100000
	pigment { color rgbt <1,0,0,0> }
	no_shadow
}
sphere {
	0, 1
	scale<0.080000,0.200000,0.300000>
	matrix <0.829819, -0.086246, 0.551328,
		-0.355830, 0.679290, 0.641833,
		-0.429867, -0.728785, 0.532998,
		45.241604, 35.577526, 50.191875>
	pigment { color rgbt <0,1,1,0> }
	no_shadow
}
cylinder {
	<45.530884, 36.257744, 50.516644>,  <45.542511, 36.087677, 49.818775>, 0.130000
	pigment { color rgbt <1,0,0,0> }
	no_shadow
}

// nucleotide -1

// particle -1
sphere {
	<45.530884, 36.257744, 50.516644> 0.250000
	pigment { color rgbt <1,0,0,0> }
	no_shadow
}
cylinder {
	<45.479553, 35.862156, 50.546219>,  <45.448753, 35.624802, 50.563965>, 0.100000
	pigment { color rgbt <1,0,0,0> }
	no_shadow
}
cylinder {
	<45.479553, 35.862156, 50.546219>,  <45.530884, 36.257744, 50.516644>, 0.100000
	pigment { color rgbt <1,0,0,0> }
	no_shadow
}

// particle -1
sphere {
	<45.479553, 35.862156, 50.546219> 0.100000
	pigment { color rgbt <1,0,0,0> }
	no_shadow
}
sphere {
	0, 1
	scale<0.080000,0.200000,0.300000>
	matrix <0.700591, -0.037636, 0.712570,
		-0.701928, 0.143242, 0.697695,
		-0.128329, -0.988972, 0.073936,
		45.441055, 35.565464, 50.568401>
	pigment { color rgbt <0,1,1,0> }
	no_shadow
}
cylinder {
	<45.543617, 36.126972, 51.187809>,  <45.530884, 36.257744, 50.516644>, 0.130000
	pigment { color rgbt <1,0,0,0> }
	no_shadow
}

// nucleotide -1

// particle -1
sphere {
	<45.543617, 36.126972, 51.187809> 0.250000
	pigment { color rgbt <1,0,0,0> }
	no_shadow
}
cylinder {
	<45.598347, 35.751785, 51.060375>,  <45.631184, 35.526672, 50.983917>, 0.100000
	pigment { color rgbt <1,0,0,0> }
	no_shadow
}
cylinder {
	<45.598347, 35.751785, 51.060375>,  <45.543617, 36.126972, 51.187809>, 0.100000
	pigment { color rgbt <1,0,0,0> }
	no_shadow
}

// particle -1
sphere {
	<45.598347, 35.751785, 51.060375> 0.100000
	pigment { color rgbt <1,0,0,0> }
	no_shadow
}
sphere {
	0, 1
	scale<0.080000,0.200000,0.300000>
	matrix <0.739614, -0.117215, 0.662745,
		-0.658977, -0.326305, 0.677698,
		0.136821, -0.937969, -0.318582,
		45.639393, 35.470394, 50.964802>
	pigment { color rgbt <0,1,1,0> }
	no_shadow
}
cylinder {
	<45.520470, 35.745029, 51.777763>,  <45.543617, 36.126972, 51.187809>, 0.130000
	pigment { color rgbt <1,0,0,0> }
	no_shadow
}

// nucleotide -1

// particle -1
sphere {
	<45.520470, 35.745029, 51.777763> 0.250000
	pigment { color rgbt <1,0,0,0> }
	no_shadow
}
cylinder {
	<45.714470, 35.509411, 51.519215>,  <45.830872, 35.368038, 51.364086>, 0.100000
	pigment { color rgbt <1,0,0,0> }
	no_shadow
}
cylinder {
	<45.714470, 35.509411, 51.519215>,  <45.520470, 35.745029, 51.777763>, 0.100000
	pigment { color rgbt <1,0,0,0> }
	no_shadow
}

// particle -1
sphere {
	<45.714470, 35.509411, 51.519215> 0.100000
	pigment { color rgbt <1,0,0,0> }
	no_shadow
}
sphere {
	0, 1
	scale<0.080000,0.200000,0.300000>
	matrix <0.611656, -0.299758, 0.732135,
		-0.625019, -0.750443, 0.214913,
		0.485004, -0.589051, -0.646367,
		45.859970, 35.332695, 51.325306>
	pigment { color rgbt <0,1,1,0> }
	no_shadow
}
cylinder {
	<45.570801, 35.182636, 52.138924>,  <45.520470, 35.745029, 51.777763>, 0.130000
	pigment { color rgbt <1,0,0,0> }
	no_shadow
}

// nucleotide -1

// particle -1
sphere {
	<45.570801, 35.182636, 52.138924> 0.250000
	pigment { color rgbt <1,0,0,0> }
	no_shadow
}
cylinder {
	<45.843258, 35.152103, 51.847660>,  <46.006733, 35.133785, 51.672901>, 0.100000
	pigment { color rgbt <1,0,0,0> }
	no_shadow
}
cylinder {
	<45.843258, 35.152103, 51.847660>,  <45.570801, 35.182636, 52.138924>, 0.100000
	pigment { color rgbt <1,0,0,0> }
	no_shadow
}

// particle -1
sphere {
	<45.843258, 35.152103, 51.847660> 0.100000
	pigment { color rgbt <1,0,0,0> }
	no_shadow
}
sphere {
	0, 1
	scale<0.080000,0.200000,0.300000>
	matrix <0.705428, -0.197838, 0.680611,
		-0.195958, -0.977264, -0.080965,
		0.681155, -0.076256, -0.728157,
		46.047600, 35.129204, 51.629211>
	pigment { color rgbt <0,1,1,0> }
	no_shadow
}
cylinder {
	<45.989944, 34.648499, 52.281086>,  <45.570801, 35.182636, 52.138924>, 0.130000
	pigment { color rgbt <1,0,0,0> }
	no_shadow
}

// nucleotide -1

// particle -1
sphere {
	<45.989944, 34.648499, 52.281086> 0.250000
	pigment { color rgbt <1,0,0,0> }
	no_shadow
}
cylinder {
	<46.209881, 34.875847, 52.036259>,  <46.341843, 35.012257, 51.889362>, 0.100000
	pigment { color rgbt <1,0,0,0> }
	no_shadow
}
cylinder {
	<46.209881, 34.875847, 52.036259>,  <45.989944, 34.648499, 52.281086>, 0.100000
	pigment { color rgbt <1,0,0,0> }
	no_shadow
}

// particle -1
sphere {
	<46.209881, 34.875847, 52.036259> 0.100000
	pigment { color rgbt <1,0,0,0> }
	no_shadow
}
sphere {
	0, 1
	scale<0.080000,0.200000,0.300000>
	matrix <0.809540, -0.182136, 0.558096,
		0.205728, -0.802357, -0.560267,
		0.549838, 0.568374, -0.612069,
		46.374832, 35.046360, 51.852638>
	pigment { color rgbt <0,1,1,0> }
	no_shadow
}
cylinder {
	<46.656639, 34.345146, 52.231823>,  <45.989944, 34.648499, 52.281086>, 0.130000
	pigment { color rgbt <1,0,0,0> }
	no_shadow
}

// nucleotide -1

// particle -1
sphere {
	<46.656639, 34.345146, 52.231823> 0.250000
	pigment { color rgbt <1,0,0,0> }
	no_shadow
}
cylinder {
	<46.720177, 34.715015, 52.093407>,  <46.758301, 34.936935, 52.010357>, 0.100000
	pigment { color rgbt <1,0,0,0> }
	no_shadow
}
cylinder {
	<46.720177, 34.715015, 52.093407>,  <46.656639, 34.345146, 52.231823>, 0.100000
	pigment { color rgbt <1,0,0,0> }
	no_shadow
}

// particle -1
sphere {
	<46.720177, 34.715015, 52.093407> 0.100000
	pigment { color rgbt <1,0,0,0> }
	no_shadow
}
sphere {
	0, 1
	scale<0.080000,0.200000,0.300000>
	matrix <0.933682, -0.026755, 0.357102,
		0.320945, -0.379819, -0.867601,
		0.158847, 0.924674, -0.346044,
		46.767830, 34.992416, 51.989594>
	pigment { color rgbt <0,1,1,0> }
	no_shadow
}
cylinder {
	<47.337315, 34.362862, 51.918854>,  <46.656639, 34.345146, 52.231823>, 0.130000
	pigment { color rgbt <1,0,0,0> }
	no_shadow
}

// nucleotide -1

// particle -1
sphere {
	<47.337315, 34.362862, 51.918854> 0.250000
	pigment { color rgbt <1,0,0,0> }
	no_shadow
}
cylinder {
	<47.266117, 34.741306, 52.027077>,  <47.223400, 34.968372, 52.092010>, 0.100000
	pigment { color rgbt <1,0,0,0> }
	no_shadow
}
cylinder {
	<47.266117, 34.741306, 52.027077>,  <47.337315, 34.362862, 51.918854>, 0.100000
	pigment { color rgbt <1,0,0,0> }
	no_shadow
}

// particle -1
sphere {
	<47.266117, 34.741306, 52.027077> 0.100000
	pigment { color rgbt <1,0,0,0> }
	no_shadow
}
sphere {
	0, 1
	scale<0.080000,0.200000,0.300000>
	matrix <0.878393, 0.028829, 0.477068,
		0.443558, 0.322568, -0.836186,
		-0.177993, 0.946107, 0.270554,
		47.212719, 35.025139, 52.108242>
	pigment { color rgbt <0,1,1,0> }
	no_shadow
}
cylinder {
	<47.907177, 34.756897, 51.670479>,  <47.337315, 34.362862, 51.918854>, 0.130000
	pigment { color rgbt <1,0,0,0> }
	no_shadow
}

// nucleotide -1

// particle -1
sphere {
	<47.907177, 34.756897, 51.670479> 0.250000
	pigment { color rgbt <1,0,0,0> }
	no_shadow
}
cylinder {
	<47.756424, 34.992645, 51.956303>,  <47.665970, 35.134094, 52.127796>, 0.100000
	pigment { color rgbt <1,0,0,0> }
	no_shadow
}
cylinder {
	<47.756424, 34.992645, 51.956303>,  <47.907177, 34.756897, 51.670479>, 0.100000
	pigment { color rgbt <1,0,0,0> }
	no_shadow
}

// particle -1
sphere {
	<47.756424, 34.992645, 51.956303> 0.100000
	pigment { color rgbt <1,0,0,0> }
	no_shadow
}
sphere {
	0, 1
	scale<0.080000,0.200000,0.300000>
	matrix <0.926034, 0.256772, 0.276639,
		-0.020435, 0.765968, -0.642554,
		-0.376887, 0.589373, 0.714560,
		47.643356, 35.169456, 52.170670>
	pigment { color rgbt <0,1,1,0> }
	no_shadow
}
// strand 1

// nucleotide -1

// particle -1
sphere {
	<24.307219, 34.995270, 52.347755> 0.250000
	pigment { color rgbt <0,1,0,0> }
	no_shadow
}
cylinder {
	<24.364006, 34.971848, 51.952499>,  <24.398079, 34.957794, 51.715347>, 0.100000
	pigment { color rgbt <0,1,0,0> }
	no_shadow
}
cylinder {
	<24.364006, 34.971848, 51.952499>,  <24.307219, 34.995270, 52.347755>, 0.100000
	pigment { color rgbt <0,1,0,0> }
	no_shadow
}

// particle -1
sphere {
	<24.364006, 34.971848, 51.952499> 0.100000
	pigment { color rgbt <0,1,0,0> }
	no_shadow
}
sphere {
	0, 1
	scale<0.080000,0.200000,0.300000>
	matrix <0.953384, -0.260442, 0.152408,
		-0.266278, -0.963712, 0.018856,
		0.141966, -0.058560, -0.988138,
		24.406595, 34.954281, 51.656059>
	pigment { color rgbt <0,1,1,0> }
	no_shadow
}
cylinder {
	<24.718456, 34.359947, 52.208221>,  <24.307219, 34.995270, 52.347755>, 0.130000
	pigment { color rgbt <0,1,0,0> }
	no_shadow
}

// nucleotide -1

// particle -1
sphere {
	<24.718456, 34.359947, 52.208221> 0.250000
	pigment { color rgbt <0,1,0,0> }
	no_shadow
}
cylinder {
	<24.758171, 34.620953, 51.907722>,  <24.782000, 34.777557, 51.727425>, 0.100000
	pigment { color rgbt <0,1,0,0> }
	no_shadow
}
cylinder {
	<24.758171, 34.620953, 51.907722>,  <24.718456, 34.359947, 52.208221>, 0.100000
	pigment { color rgbt <0,1,0,0> }
	no_shadow
}

// particle -1
sphere {
	<24.758171, 34.620953, 51.907722> 0.100000
	pigment { color rgbt <0,1,0,0> }
	no_shadow
}
sphere {
	0, 1
	scale<0.080000,0.200000,0.300000>
	matrix <0.985085, -0.171081, -0.018405,
		-0.140534, -0.738214, -0.659766,
		0.099286, 0.652512, -0.751246,
		24.787956, 34.816708, 51.682350>
	pigment { color rgbt <0,1,1,0> }
	no_shadow
}
cylinder {
	<25.220463, 33.955746, 51.853386>,  <24.718456, 34.359947, 52.208221>, 0.130000
	pigment { color rgbt <0,1,0,0> }
	no_shadow
}

// nucleotide -1

// particle -1
sphere {
	<25.220463, 33.955746, 51.853386> 0.250000
	pigment { color rgbt <0,1,0,0> }
	no_shadow
}
cylinder {
	<25.215548, 34.324577, 51.698666>,  <25.212599, 34.545876, 51.605831>, 0.100000
	pigment { color rgbt <0,1,0,0> }
	no_shadow
}
cylinder {
	<25.215548, 34.324577, 51.698666>,  <25.220463, 33.955746, 51.853386>, 0.100000
	pigment { color rgbt <0,1,0,0> }
	no_shadow
}

// particle -1
sphere {
	<25.215548, 34.324577, 51.698666> 0.100000
	pigment { color rgbt <0,1,0,0> }
	no_shadow
}
sphere {
	0, 1
	scale<0.080000,0.200000,0.300000>
	matrix <0.963556, -0.092462, -0.251021,
		-0.267226, -0.375792, -0.887339,
		-0.012287, 0.922080, -0.386805,
		25.211861, 34.601200, 51.582623>
	pigment { color rgbt <0,1,1,0> }
	no_shadow
}
cylinder {
	<25.641951, 33.896103, 51.277630>,  <25.220463, 33.955746, 51.853386>, 0.130000
	pigment { color rgbt <0,1,0,0> }
	no_shadow
}

// nucleotide -1

// particle -1
sphere {
	<25.641951, 33.896103, 51.277630> 0.250000
	pigment { color rgbt <0,1,0,0> }
	no_shadow
}
cylinder {
	<25.625515, 34.290539, 51.342041>,  <25.615654, 34.527203, 51.380688>, 0.100000
	pigment { color rgbt <0,1,0,0> }
	no_shadow
}
cylinder {
	<25.625515, 34.290539, 51.342041>,  <25.641951, 33.896103, 51.277630>, 0.100000
	pigment { color rgbt <0,1,0,0> }
	no_shadow
}

// particle -1
sphere {
	<25.625515, 34.290539, 51.342041> 0.100000
	pigment { color rgbt <0,1,0,0> }
	no_shadow
}
sphere {
	0, 1
	scale<0.080000,0.200000,0.300000>
	matrix <0.920765, 0.099949, -0.377096,
		-0.387947, 0.132777, -0.912068,
		-0.041091, 0.986094, 0.161032,
		25.613188, 34.586369, 51.390350>
	pigment { color rgbt <0,1,1,0> }
	no_shadow
}
cylinder {
	<25.697487, 34.313850, 50.621998>,  <25.641951, 33.896103, 51.277630>, 0.130000
	pigment { color rgbt <0,1,0,0> }
	no_shadow
}

// nucleotide -1

// particle -1
sphere {
	<25.697487, 34.313850, 50.621998> 0.250000
	pigment { color rgbt <0,1,0,0> }
	no_shadow
}
cylinder {
	<25.820053, 34.517570, 50.943672>,  <25.893593, 34.639801, 51.136677>, 0.100000
	pigment { color rgbt <0,1,0,0> }
	no_shadow
}
cylinder {
	<25.820053, 34.517570, 50.943672>,  <25.697487, 34.313850, 50.621998>, 0.100000
	pigment { color rgbt <0,1,0,0> }
	no_shadow
}

// particle -1
sphere {
	<25.820053, 34.517570, 50.943672> 0.100000
	pigment { color rgbt <0,1,0,0> }
	no_shadow
}
sphere {
	0, 1
	scale<0.080000,0.200000,0.300000>
	matrix <0.951515, -0.139926, -0.273935,
		-0.026989, 0.849137, -0.527483,
		0.306417, 0.509301, 0.804190,
		25.911978, 34.670361, 51.184929>
	pigment { color rgbt <0,1,1,0> }
	no_shadow
}
cylinder {
	<26.293957, 34.514187, 50.398727>,  <25.697487, 34.313850, 50.621998>, 0.130000
	pigment { color rgbt <0,1,0,0> }
	no_shadow
}

// nucleotide -1

// particle -1
sphere {
	<26.293957, 34.514187, 50.398727> 0.250000
	pigment { color rgbt <0,1,0,0> }
	no_shadow
}
cylinder {
	<26.364889, 34.611057, 50.780285>,  <26.407448, 34.669178, 51.009220>, 0.100000
	pigment { color rgbt <0,1,0,0> }
	no_shadow
}
cylinder {
	<26.364889, 34.611057, 50.780285>,  <26.293957, 34.514187, 50.398727>, 0.100000
	pigment { color rgbt <0,1,0,0> }
	no_shadow
}

// particle -1
sphere {
	<26.364889, 34.611057, 50.780285> 0.100000
	pigment { color rgbt <0,1,0,0> }
	no_shadow
}
sphere {
	0, 1
	scale<0.080000,0.200000,0.300000>
	matrix <0.982945, -0.091564, -0.159484,
		0.048719, 0.965902, -0.254284,
		0.177329, 0.242177, 0.953889,
		26.418087, 34.683712, 51.066452>
	pigment { color rgbt <0,1,1,0> }
	no_shadow
}
cylinder {
	<26.834805, 35.096485, 50.433235>,  <26.293957, 34.514187, 50.398727>, 0.130000
	pigment { color rgbt <0,1,0,0> }
	no_shadow
}

// nucleotide -1

// particle -1
sphere {
	<26.834805, 35.096485, 50.433235> 0.250000
	pigment { color rgbt <0,1,0,0> }
	no_shadow
}
cylinder {
	<26.841581, 34.915436, 50.789852>,  <26.845648, 34.806805, 51.003822>, 0.100000
	pigment { color rgbt <0,1,0,0> }
	no_shadow
}
cylinder {
	<26.841581, 34.915436, 50.789852>,  <26.834805, 35.096485, 50.433235>, 0.100000
	pigment { color rgbt <0,1,0,0> }
	no_shadow
}

// particle -1
sphere {
	<26.841581, 34.915436, 50.789852> 0.100000
	pigment { color rgbt <0,1,0,0> }
	no_shadow
}
sphere {
	0, 1
	scale<0.080000,0.200000,0.300000>
	matrix <0.942169, -0.291264, -0.165779,
		0.334709, 0.842789, 0.421517,
		0.016944, -0.452628, 0.891538,
		26.846664, 34.779648, 51.057312>
	pigment { color rgbt <0,1,1,0> }
	no_shadow
}
cylinder {
	<27.486483, 35.293522, 50.691704>,  <26.834805, 35.096485, 50.433235>, 0.130000
	pigment { color rgbt <0,1,0,0> }
	no_shadow
}

// nucleotide -1

// particle -1
sphere {
	<27.486483, 35.293522, 50.691704> 0.250000
	pigment { color rgbt <0,1,0,0> }
	no_shadow
}
cylinder {
	<27.372017, 34.978558, 50.910095>,  <27.303337, 34.789577, 51.041130>, 0.100000
	pigment { color rgbt <0,1,0,0> }
	no_shadow
}
cylinder {
	<27.372017, 34.978558, 50.910095>,  <27.486483, 35.293522, 50.691704>, 0.100000
	pigment { color rgbt <0,1,0,0> }
	no_shadow
}

// particle -1
sphere {
	<27.372017, 34.978558, 50.910095> 0.100000
	pigment { color rgbt <0,1,0,0> }
	no_shadow
}
sphere {
	0, 1
	scale<0.080000,0.200000,0.300000>
	matrix <0.957245, -0.260117, 0.126577,
		0.042351, 0.558860, 0.828180,
		-0.286162, -0.787410, 0.545982,
		27.286169, 34.742336, 51.073891>
	pigment { color rgbt <0,1,1,0> }
	no_shadow
}
cylinder {
	<27.851532, 35.223175, 51.318321>,  <27.486483, 35.293522, 50.691704>, 0.130000
	pigment { color rgbt <0,1,0,0> }
	no_shadow
}

// nucleotide -1

// particle -1
sphere {
	<27.851532, 35.223175, 51.318321> 0.250000
	pigment { color rgbt <0,1,0,0> }
	no_shadow
}
cylinder {
	<27.729887, 34.848213, 51.250454>,  <27.656900, 34.623238, 51.209732>, 0.100000
	pigment { color rgbt <0,1,0,0> }
	no_shadow
}
cylinder {
	<27.729887, 34.848213, 51.250454>,  <27.851532, 35.223175, 51.318321>, 0.100000
	pigment { color rgbt <0,1,0,0> }
	no_shadow
}

// particle -1
sphere {
	<27.729887, 34.848213, 51.250454> 0.100000
	pigment { color rgbt <0,1,0,0> }
	no_shadow
}
sphere {
	0, 1
	scale<0.080000,0.200000,0.300000>
	matrix <0.945691, -0.318535, 0.064837,
		-0.114825, -0.140740, 0.983366,
		-0.304111, -0.937405, -0.169672,
		27.638653, 34.566990, 51.199551>
	pigment { color rgbt <0,1,1,0> }
	no_shadow
}
cylinder {
	<28.215054, 34.793076, 51.861950>,  <27.851532, 35.223175, 51.318321>, 0.130000
	pigment { color rgbt <0,1,0,0> }
	no_shadow
}

// nucleotide -1

// particle -1
sphere {
	<28.215054, 34.793076, 51.861950> 0.250000
	pigment { color rgbt <0,1,0,0> }
	no_shadow
}
cylinder {
	<28.122532, 34.561996, 51.548832>,  <28.067019, 34.423347, 51.360962>, 0.100000
	pigment { color rgbt <0,1,0,0> }
	no_shadow
}
cylinder {
	<28.122532, 34.561996, 51.548832>,  <28.215054, 34.793076, 51.861950>, 0.100000
	pigment { color rgbt <0,1,0,0> }
	no_shadow
}

// particle -1
sphere {
	<28.122532, 34.561996, 51.548832> 0.100000
	pigment { color rgbt <0,1,0,0> }
	no_shadow
}
sphere {
	0, 1
	scale<0.080000,0.200000,0.300000>
	matrix <0.930064, -0.367378, -0.003697,
		-0.285446, -0.728903, 0.622271,
		-0.231303, -0.577696, -0.782793,
		28.053141, 34.388687, 51.313995>
	pigment { color rgbt <0,1,1,0> }
	no_shadow
}
cylinder {
	<28.662891, 34.071617, 51.967674>,  <28.215054, 34.793076, 51.861950>, 0.130000
	pigment { color rgbt <0,1,0,0> }
	no_shadow
}

// nucleotide -1

// particle -1
sphere {
	<28.662891, 34.071617, 51.967674> 0.250000
	pigment { color rgbt <0,1,0,0> }
	no_shadow
}
cylinder {
	<28.512829, 34.074184, 51.596897>,  <28.422791, 34.075726, 51.374432>, 0.100000
	pigment { color rgbt <0,1,0,0> }
	no_shadow
}
cylinder {
	<28.512829, 34.074184, 51.596897>,  <28.662891, 34.071617, 51.967674>, 0.100000
	pigment { color rgbt <0,1,0,0> }
	no_shadow
}

// particle -1
sphere {
	<28.512829, 34.074184, 51.596897> 0.100000
	pigment { color rgbt <0,1,0,0> }
	no_shadow
}
sphere {
	0, 1
	scale<0.080000,0.200000,0.300000>
	matrix <0.878358, -0.317088, -0.357691,
		-0.296218, -0.948374, 0.113319,
		-0.375157, 0.006420, -0.926939,
		28.400282, 34.076111, 51.318817>
	pigment { color rgbt <0,1,1,0> }
	no_shadow
}
cylinder {
	<28.765610, 33.381565, 51.818588>,  <28.662891, 34.071617, 51.967674>, 0.130000
	pigment { color rgbt <0,1,0,0> }
	no_shadow
}

// nucleotide -1

// particle -1
sphere {
	<28.765610, 33.381565, 51.818588> 0.250000
	pigment { color rgbt <0,1,0,0> }
	no_shadow
}
cylinder {
	<28.731115, 33.618919, 51.498474>,  <28.710419, 33.761330, 51.306404>, 0.100000
	pigment { color rgbt <0,1,0,0> }
	no_shadow
}
cylinder {
	<28.731115, 33.618919, 51.498474>,  <28.765610, 33.381565, 51.818588>, 0.100000
	pigment { color rgbt <0,1,0,0> }
	no_shadow
}

// particle -1
sphere {
	<28.731115, 33.618919, 51.498474> 0.100000
	pigment { color rgbt <0,1,0,0> }
	no_shadow
}
sphere {
	0, 1
	scale<0.080000,0.200000,0.300000>
	matrix <0.898859, -0.300096, -0.319366,
		-0.429669, -0.746888, -0.507487,
		-0.086236, 0.593381, -0.800289,
		28.705244, 33.796932, 51.258389>
	pigment { color rgbt <0,1,1,0> }
	no_shadow
}
cylinder {
	<28.884937, 32.926819, 51.236294>,  <28.765610, 33.381565, 51.818588>, 0.130000
	pigment { color rgbt <0,1,0,0> }
	no_shadow
}

// nucleotide -1

// particle -1
sphere {
	<28.884937, 32.926819, 51.236294> 0.250000
	pigment { color rgbt <0,1,0,0> }
	no_shadow
}
cylinder {
	<28.988035, 33.306087, 51.161945>,  <29.049894, 33.533649, 51.117336>, 0.100000
	pigment { color rgbt <0,1,0,0> }
	no_shadow
}
cylinder {
	<28.988035, 33.306087, 51.161945>,  <28.884937, 32.926819, 51.236294>, 0.100000
	pigment { color rgbt <0,1,0,0> }
	no_shadow
}

// particle -1
sphere {
	<28.988035, 33.306087, 51.161945> 0.100000
	pigment { color rgbt <0,1,0,0> }
	no_shadow
}
sphere {
	0, 1
	scale<0.080000,0.200000,0.300000>
	matrix <0.894566, -0.306869, -0.324935,
		-0.365130, -0.082520, -0.927292,
		0.257744, 0.948168, -0.185867,
		29.065359, 33.590538, 51.106186>
	pigment { color rgbt <0,1,1,0> }
	no_shadow
}
cylinder {
	<29.499777, 32.807446, 50.821522>,  <28.884937, 32.926819, 51.236294>, 0.130000
	pigment { color rgbt <0,1,0,0> }
	no_shadow
}

// nucleotide -1

// particle -1
sphere {
	<29.499777, 32.807446, 50.821522> 0.250000
	pigment { color rgbt <0,1,0,0> }
	no_shadow
}
cylinder {
	<29.508930, 33.205284, 50.862015>,  <29.514421, 33.443989, 50.886311>, 0.100000
	pigment { color rgbt <0,1,0,0> }
	no_shadow
}
cylinder {
	<29.508930, 33.205284, 50.862015>,  <29.499777, 32.807446, 50.821522>, 0.100000
	pigment { color rgbt <0,1,0,0> }
	no_shadow
}

// particle -1
sphere {
	<29.508930, 33.205284, 50.862015> 0.100000
	pigment { color rgbt <0,1,0,0> }
	no_shadow
}
sphere {
	0, 1
	scale<0.080000,0.200000,0.300000>
	matrix <0.931888, 0.015447, -0.362417,
		-0.362024, 0.102631, -0.926502,
		0.022884, 0.994600, 0.101232,
		29.515795, 33.503662, 50.892384>
	pigment { color rgbt <0,1,1,0> }
	no_shadow
}
cylinder {
	<29.847088, 33.048119, 50.180367>,  <29.499777, 32.807446, 50.821522>, 0.130000
	pigment { color rgbt <0,1,0,0> }
	no_shadow
}

// nucleotide -1

// particle -1
sphere {
	<29.847088, 33.048119, 50.180367> 0.250000
	pigment { color rgbt <0,1,0,0> }
	no_shadow
}
cylinder {
	<29.879299, 33.338333, 50.453747>,  <29.898626, 33.512463, 50.617775>, 0.100000
	pigment { color rgbt <0,1,0,0> }
	no_shadow
}
cylinder {
	<29.879299, 33.338333, 50.453747>,  <29.847088, 33.048119, 50.180367>, 0.100000
	pigment { color rgbt <0,1,0,0> }
	no_shadow
}

// particle -1
sphere {
	<29.879299, 33.338333, 50.453747> 0.100000
	pigment { color rgbt <0,1,0,0> }
	no_shadow
}
sphere {
	0, 1
	scale<0.080000,0.200000,0.300000>
	matrix <0.969164, 0.103213, -0.223760,
		-0.232887, 0.680399, -0.694853,
		0.080528, 0.725538, 0.683455,
		29.903458, 33.555996, 50.658783>
	pigment { color rgbt <0,1,1,0> }
	no_shadow
}
cylinder {
	<30.091816, 33.626427, 49.790253>,  <29.847088, 33.048119, 50.180367>, 0.130000
	pigment { color rgbt <0,1,0,0> }
	no_shadow
}

// nucleotide -1

// particle -1
sphere {
	<30.091816, 33.626427, 49.790253> 0.250000
	pigment { color rgbt <0,1,0,0> }
	no_shadow
}
cylinder {
	<30.158188, 33.718250, 50.173870>,  <30.198011, 33.773342, 50.404041>, 0.100000
	pigment { color rgbt <0,1,0,0> }
	no_shadow
}
cylinder {
	<30.158188, 33.718250, 50.173870>,  <30.091816, 33.626427, 49.790253>, 0.100000
	pigment { color rgbt <0,1,0,0> }
	no_shadow
}

// particle -1
sphere {
	<30.158188, 33.718250, 50.173870> 0.100000
	pigment { color rgbt <0,1,0,0> }
	no_shadow
}
sphere {
	0, 1
	scale<0.080000,0.200000,0.300000>
	matrix <0.928478, 0.291308, -0.230366,
		-0.332260, 0.928679, -0.164801,
		0.165928, 0.229555, 0.959047,
		30.207966, 33.787117, 50.461586>
	pigment { color rgbt <0,1,1,0> }
	no_shadow
}
cylinder {
	<30.686598, 34.090401, 49.751678>,  <30.091816, 33.626427, 49.790253>, 0.130000
	pigment { color rgbt <0,1,0,0> }
	no_shadow
}

// nucleotide -1

// particle -1
sphere {
	<30.686598, 34.090401, 49.751678> 0.250000
	pigment { color rgbt <0,1,0,0> }
	no_shadow
}
cylinder {
	<30.679588, 33.969414, 50.132877>,  <30.675383, 33.896820, 50.361595>, 0.100000
	pigment { color rgbt <0,1,0,0> }
	no_shadow
}
cylinder {
	<30.679588, 33.969414, 50.132877>,  <30.686598, 34.090401, 49.751678>, 0.100000
	pigment { color rgbt <0,1,0,0> }
	no_shadow
}

// particle -1
sphere {
	<30.679588, 33.969414, 50.132877> 0.100000
	pigment { color rgbt <0,1,0,0> }
	no_shadow
}
sphere {
	0, 1
	scale<0.080000,0.200000,0.300000>
	matrix <0.993024, 0.105893, 0.051867,
		-0.116604, 0.947259, 0.298503,
		-0.017522, -0.302469, 0.952998,
		30.674332, 33.878674, 50.418777>
	pigment { color rgbt <0,1,1,0> }
	no_shadow
}
cylinder {
	<31.200302, 34.498547, 50.055534>,  <30.686598, 34.090401, 49.751678>, 0.130000
	pigment { color rgbt <0,1,0,0> }
	no_shadow
}

// nucleotide -1

// particle -1
sphere {
	<31.200302, 34.498547, 50.055534> 0.250000
	pigment { color rgbt <0,1,0,0> }
	no_shadow
}
cylinder {
	<31.168940, 34.207817, 50.328468>,  <31.150122, 34.033379, 50.492229>, 0.100000
	pigment { color rgbt <0,1,0,0> }
	no_shadow
}
cylinder {
	<31.168940, 34.207817, 50.328468>,  <31.200302, 34.498547, 50.055534>, 0.100000
	pigment { color rgbt <0,1,0,0> }
	no_shadow
}

// particle -1
sphere {
	<31.168940, 34.207817, 50.328468> 0.100000
	pigment { color rgbt <0,1,0,0> }
	no_shadow
}
sphere {
	0, 1
	scale<0.080000,0.200000,0.300000>
	matrix <0.996346, -0.033873, 0.078404,
		-0.033873, 0.685991, 0.726821,
		-0.078404, -0.726821, 0.682337,
		31.145418, 33.989769, 50.533169>
	pigment { color rgbt <0,1,1,0> }
	no_shadow
}
cylinder {
	<31.788767, 34.598179, 50.475101>,  <31.200302, 34.498547, 50.055534>, 0.130000
	pigment { color rgbt <0,1,0,0> }
	no_shadow
}

// nucleotide -1

// particle -1
sphere {
	<31.788767, 34.598179, 50.475101> 0.250000
	pigment { color rgbt <0,1,0,0> }
	no_shadow
}
cylinder {
	<31.676525, 34.219810, 50.540203>,  <31.609180, 33.992790, 50.579266>, 0.100000
	pigment { color rgbt <0,1,0,0> }
	no_shadow
}
cylinder {
	<31.676525, 34.219810, 50.540203>,  <31.788767, 34.598179, 50.475101>, 0.100000
	pigment { color rgbt <0,1,0,0> }
	no_shadow
}

// particle -1
sphere {
	<31.676525, 34.219810, 50.540203> 0.100000
	pigment { color rgbt <0,1,0,0> }
	no_shadow
}
sphere {
	0, 1
	scale<0.080000,0.200000,0.300000>
	matrix <0.953477, -0.255248, 0.160405,
		-0.110188, 0.200192, 0.973541,
		-0.280606, -0.945924, 0.162753,
		31.592344, 33.936035, 50.589027>
	pigment { color rgbt <0,1,1,0> }
	no_shadow
}
cylinder {
	<32.173717, 34.517380, 51.005199>,  <31.788767, 34.598179, 50.475101>, 0.130000
	pigment { color rgbt <0,1,0,0> }
	no_shadow
}

// nucleotide -1

// particle -1
sphere {
	<32.173717, 34.517380, 51.005199> 0.250000
	pigment { color rgbt <0,1,0,0> }
	no_shadow
}
cylinder {
	<32.089355, 34.150845, 50.869057>,  <32.038738, 33.930923, 50.787369>, 0.100000
	pigment { color rgbt <0,1,0,0> }
	no_shadow
}
cylinder {
	<32.089355, 34.150845, 50.869057>,  <32.173717, 34.517380, 51.005199>, 0.100000
	pigment { color rgbt <0,1,0,0> }
	no_shadow
}

// particle -1
sphere {
	<32.089355, 34.150845, 50.869057> 0.100000
	pigment { color rgbt <0,1,0,0> }
	no_shadow
}
sphere {
	0, 1
	scale<0.080000,0.200000,0.300000>
	matrix <0.954610, -0.267995, 0.129997,
		-0.210336, -0.297495, 0.931266,
		-0.210901, -0.916338, -0.340360,
		32.026085, 33.875942, 50.766949>
	pigment { color rgbt <0,1,1,0> }
	no_shadow
}
cylinder {
	<32.463123, 33.968044, 51.530636>,  <32.173717, 34.517380, 51.005199>, 0.130000
	pigment { color rgbt <0,1,0,0> }
	no_shadow
}

// nucleotide -1

// particle -1
sphere {
	<32.463123, 33.968044, 51.530636> 0.250000
	pigment { color rgbt <0,1,0,0> }
	no_shadow
}
cylinder {
	<32.423317, 33.795166, 51.172127>,  <32.399433, 33.691441, 50.957020>, 0.100000
	pigment { color rgbt <0,1,0,0> }
	no_shadow
}
cylinder {
	<32.423317, 33.795166, 51.172127>,  <32.463123, 33.968044, 51.530636>, 0.100000
	pigment { color rgbt <0,1,0,0> }
	no_shadow
}

// particle -1
sphere {
	<32.423317, 33.795166, 51.172127> 0.100000
	pigment { color rgbt <0,1,0,0> }
	no_shadow
}
sphere {
	0, 1
	scale<0.080000,0.200000,0.300000>
	matrix <0.972852, -0.231400, 0.003564,
		-0.208938, -0.871586, 0.443490,
		-0.099517, -0.432195, -0.896272,
		32.393463, 33.665508, 50.903244>
	pigment { color rgbt <0,1,1,0> }
	no_shadow
}
// strand 2

// nucleotide -1

// particle -1
sphere {
	<24.068359, 34.732174, 35.323841> 0.250000
	pigment { color rgbt <0,0,1,0> }
	no_shadow
}
cylinder {
	<24.116985, 34.815041, 34.935551>,  <24.146162, 34.864761, 34.702576>, 0.100000
	pigment { color rgbt <0,0,1,0> }
	no_shadow
}
cylinder {
	<24.116985, 34.815041, 34.935551>,  <24.068359, 34.732174, 35.323841>, 0.100000
	pigment { color rgbt <0,0,1,0> }
	no_shadow
}

// particle -1
sphere {
	<24.116985, 34.815041, 34.935551> 0.100000
	pigment { color rgbt <0,0,1,0> }
	no_shadow
}
sphere {
	0, 1
	scale<0.080000,0.200000,0.300000>
	matrix <0.989938, 0.046045, 0.133799,
		0.072416, -0.977221, -0.199488,
		0.121566, 0.207170, -0.970723,
		24.153456, 34.877193, 34.644333>
	pigment { color rgbt <0,1,1,0> }
	no_shadow
}
cylinder {
	<23.958040, 33.935909, 35.081715>,  <24.068359, 34.732174, 35.323841>, 0.130000
