// switches for output
#declare DRAW_BASES = 1; // possible values are 0, 1; only relevant for DNA ribbons
#declare DRAW_BASES_TYPE = 3; // possible values are 1, 2, 3; only relevant for DNA ribbons
#declare DRAW_FOG = 0; // set to 1 to enable fog

#include "colors.inc"

#include "transforms.inc"
background { rgb <1, 1, 1>}

#default {
   normal{
       ripples 0.25
       frequency 0.20
       turbulence 0.2
       lambda 5
   }
	finish {
		phong 0.1
		phong_size 40.
	}
}

// original window dimensions: 1024x640


// camera settings

camera {
	sky <0, 0.179814, -0.983701>
	up <0, 0.179814, -0.983701>
	right 1.6 * <1, 0, 0>
	location <35, 92.5046, 58.4545>
	look_at <35, 26.874, 46.4577>
	direction <0, -65.6306, -11.9968>
	angle 67.0682
}


# declare cpy_camera_pos = <35, 92.5046, 58.4545>;
# if (DRAW_FOG = 1)
fog {
	fog_type 2
	up vnormalize(cpy_camera_pos)
	color rgbt<1,1,1,0.3>
	distance 1e-5
	fog_alt 3e-3
	fog_offset 56
}
# end


// LIGHTS

# declare lum = 6;
global_settings {
	ambient_light rgb lum * <0.05, 0.05, 0.05>
	max_trace_level 15
}# declare cpy_direct_light_amount = 0.25;
light_source
{	1000 * <-1, -1.16351, -0.803887>,
	rgb lum * cpy_direct_light_amount
	parallel
}

light_source
{	1000 * <1, 1.16351, 0.803887>,
	rgb lum * cpy_direct_light_amount
	parallel
}

// strand 0

// nucleotide -1

// particle -1
sphere {
	<41.475464, 36.294044, 48.548122> 0.250000
	pigment { color rgbt <1,0,0,0> }
	no_shadow
}
cylinder {
	<41.262493, 35.980598, 48.676174>,  <41.134712, 35.792530, 48.753006>, 0.100000
	pigment { color rgbt <1,0,0,0> }
	no_shadow
}
cylinder {
	<41.262493, 35.980598, 48.676174>,  <41.475464, 36.294044, 48.548122>, 0.100000
	pigment { color rgbt <1,0,0,0> }
	no_shadow
}

// particle -1
sphere {
	<41.262493, 35.980598, 48.676174> 0.100000
	pigment { color rgbt <1,0,0,0> }
	no_shadow
}
sphere {
	0, 1
	scale<0.080000,0.200000,0.300000>
	matrix <0.820227, -0.384143, 0.423865,
		-0.209171, 0.488251, 0.847265,
		-0.532423, -0.783610, 0.320125,
		41.102768, 35.745514, 48.772213>
	pigment { color rgbt <0,1,1,0> }
	no_shadow
}
cylinder {
	<41.538105, 36.227409, 49.326927>,  <41.475464, 36.294044, 48.548122>, 0.130000
	pigment { color rgbt <1,0,0,0> }
	no_shadow
}

// nucleotide -1

// particle -1
sphere {
	<41.538105, 36.227409, 49.326927> 0.250000
	pigment { color rgbt <1,0,0,0> }
	no_shadow
}
cylinder {
	<41.444172, 35.863159, 49.190922>,  <41.387814, 35.644608, 49.109318>, 0.100000
	pigment { color rgbt <1,0,0,0> }
	no_shadow
}
cylinder {
	<41.444172, 35.863159, 49.190922>,  <41.538105, 36.227409, 49.326927>, 0.100000
	pigment { color rgbt <1,0,0,0> }
	no_shadow
}

// particle -1
sphere {
	<41.444172, 35.863159, 49.190922> 0.100000
	pigment { color rgbt <1,0,0,0> }
	no_shadow
}
sphere {
	0, 1
	scale<0.080000,0.200000,0.300000>
	matrix <0.848100, -0.362862, 0.386079,
		-0.474952, -0.197699, 0.857517,
		-0.234833, -0.910630, -0.340011,
		41.373722, 35.589970, 49.088917>
	pigment { color rgbt <0,1,1,0> }
	no_shadow
}
cylinder {
	<41.656132, 35.751251, 49.900288>,  <41.538105, 36.227409, 49.326927>, 0.130000
	pigment { color rgbt <1,0,0,0> }
	no_shadow
}

// nucleotide -1

// particle -1
sphere {
	<41.656132, 35.751251, 49.900288> 0.250000
	pigment { color rgbt <1,0,0,0> }
	no_shadow
}
cylinder {
	<41.654510, 35.521854, 49.572605>,  <41.653538, 35.384216, 49.375996>, 0.100000
	pigment { color rgbt <1,0,0,0> }
	no_shadow
}
cylinder {
	<41.654510, 35.521854, 49.572605>,  <41.656132, 35.751251, 49.900288>, 0.100000
	pigment { color rgbt <1,0,0,0> }
	no_shadow
}

// particle -1
sphere {
	<41.654510, 35.521854, 49.572605> 0.100000
	pigment { color rgbt <1,0,0,0> }
	no_shadow
}
sphere {
	0, 1
	scale<0.080000,0.200000,0.300000>
	matrix <0.616790, -0.646253, 0.449364,
		-0.787118, -0.503453, 0.356344,
		-0.004055, -0.573491, -0.819202,
		41.653294, 35.349808, 49.326843>
	pigment { color rgbt <0,1,1,0> }
	no_shadow
}
cylinder {
	<41.674889, 35.179054, 50.168552>,  <41.656132, 35.751251, 49.900288>, 0.130000
	pigment { color rgbt <1,0,0,0> }
	no_shadow
}

// nucleotide -1

// particle -1
sphere {
	<41.674889, 35.179054, 50.168552> 0.250000
	pigment { color rgbt <1,0,0,0> }
	no_shadow
}
cylinder {
	<41.809418, 35.099213, 49.800411>,  <41.890137, 35.051308, 49.579529>, 0.100000
	pigment { color rgbt <1,0,0,0> }
	no_shadow
}
cylinder {
	<41.809418, 35.099213, 49.800411>,  <41.674889, 35.179054, 50.168552>, 0.100000
	pigment { color rgbt <1,0,0,0> }
	no_shadow
}

// particle -1
sphere {
	<41.809418, 35.099213, 49.800411> 0.100000
	pigment { color rgbt <1,0,0,0> }
	no_shadow
}
sphere {
	0, 1
	scale<0.080000,0.200000,0.300000>
	matrix <0.829512, -0.399895, 0.389863,
		-0.445862, -0.894562, 0.031081,
		0.336327, -0.199608, -0.920348,
		41.910316, 35.039330, 49.524307>
	pigment { color rgbt <0,1,1,0> }
	no_shadow
}
cylinder {
	<41.865162, 34.511475, 50.153835>,  <41.674889, 35.179054, 50.168552>, 0.130000
	pigment { color rgbt <1,0,0,0> }
	no_shadow
}

// nucleotide -1

// particle -1
sphere {
	<41.865162, 34.511475, 50.153835> 0.250000
	pigment { color rgbt <1,0,0,0> }
	no_shadow
}
cylinder {
	<42.061344, 34.649441, 49.833714>,  <42.179054, 34.732220, 49.641640>, 0.100000
	pigment { color rgbt <1,0,0,0> }
	no_shadow
}
cylinder {
	<42.061344, 34.649441, 49.833714>,  <41.865162, 34.511475, 50.153835>, 0.100000
	pigment { color rgbt <1,0,0,0> }
	no_shadow
}

// particle -1
sphere {
	<42.061344, 34.649441, 49.833714> 0.100000
	pigment { color rgbt <1,0,0,0> }
	no_shadow
}
sphere {
	0, 1
	scale<0.080000,0.200000,0.300000>
	matrix <0.824786, -0.480245, 0.298483,
		-0.281394, -0.806474, -0.520016,
		0.490454, 0.344911, -0.800307,
		42.208481, 34.752914, 49.593620>
	pigment { color rgbt <0,1,1,0> }
	no_shadow
}
cylinder {
	<42.073505, 33.909405, 49.817787>,  <41.865162, 34.511475, 50.153835>, 0.130000
	pigment { color rgbt <1,0,0,0> }
	no_shadow
}

// nucleotide -1

// particle -1
sphere {
	<42.073505, 33.909405, 49.817787> 0.250000
	pigment { color rgbt <1,0,0,0> }
	no_shadow
}
cylinder {
	<42.327961, 34.190212, 49.689732>,  <42.480637, 34.358696, 49.612900>, 0.100000
	pigment { color rgbt <1,0,0,0> }
	no_shadow
}
cylinder {
	<42.327961, 34.190212, 49.689732>,  <42.073505, 33.909405, 49.817787>, 0.100000
	pigment { color rgbt <1,0,0,0> }
	no_shadow
}

// particle -1
sphere {
	<42.327961, 34.190212, 49.689732> 0.100000
	pigment { color rgbt <1,0,0,0> }
	no_shadow
}
sphere {
	0, 1
	scale<0.080000,0.200000,0.300000>
	matrix <0.771559, -0.581218, 0.258617,
		-0.004514, -0.411522, -0.911389,
		0.636142, 0.702023, -0.320137,
		42.518803, 34.400818, 49.593689>
	pigment { color rgbt <0,1,1,0> }
	no_shadow
}
cylinder {
	<42.671906, 33.518253, 49.578075>,  <42.073505, 33.909405, 49.817787>, 0.130000
	pigment { color rgbt <1,0,0,0> }
	no_shadow
}

// nucleotide -1

// particle -1
sphere {
	<42.671906, 33.518253, 49.578075> 0.250000
	pigment { color rgbt <1,0,0,0> }
	no_shadow
}
cylinder {
	<42.785591, 33.894619, 49.651733>,  <42.853802, 34.120438, 49.695927>, 0.100000
	pigment { color rgbt <1,0,0,0> }
	no_shadow
}
cylinder {
	<42.785591, 33.894619, 49.651733>,  <42.671906, 33.518253, 49.578075>, 0.100000
	pigment { color rgbt <1,0,0,0> }
	no_shadow
}

// particle -1
sphere {
	<42.785591, 33.894619, 49.651733> 0.100000
	pigment { color rgbt <1,0,0,0> }
	no_shadow
}
sphere {
	0, 1
	scale<0.080000,0.200000,0.300000>
	matrix <0.766953, -0.338374, 0.545240,
		0.575331, -0.013737, -0.817805,
		0.284214, 0.940911, 0.184141,
		42.870857, 34.176891, 49.706974>
	pigment { color rgbt <0,1,1,0> }
	no_shadow
}
cylinder {
	<43.307041, 33.467461, 49.451252>,  <42.671906, 33.518253, 49.578075>, 0.130000
	pigment { color rgbt <1,0,0,0> }
	no_shadow
}

// nucleotide -1

// particle -1
sphere {
	<43.307041, 33.467461, 49.451252> 0.250000
	pigment { color rgbt <1,0,0,0> }
	no_shadow
}
cylinder {
	<43.256821, 33.812019, 49.648117>,  <43.226688, 34.018757, 49.766235>, 0.100000
	pigment { color rgbt <1,0,0,0> }
	no_shadow
}
cylinder {
	<43.256821, 33.812019, 49.648117>,  <43.307041, 33.467461, 49.451252>, 0.100000
	pigment { color rgbt <1,0,0,0> }
	no_shadow
}

// particle -1
sphere {
	<43.256821, 33.812019, 49.648117> 0.100000
	pigment { color rgbt <1,0,0,0> }
	no_shadow
}
sphere {
	0, 1
	scale<0.080000,0.200000,0.300000>
	matrix <0.884039, -0.127997, 0.449547,
		0.450235, 0.491537, -0.745439,
		-0.125555, 0.861399, 0.492167,
		43.219154, 34.070438, 49.795769>
	pigment { color rgbt <0,1,1,0> }
	no_shadow
}
cylinder {
	<43.999729, 33.742378, 49.504971>,  <43.307041, 33.467461, 49.451252>, 0.130000
	pigment { color rgbt <1,0,0,0> }
	no_shadow
}

// nucleotide -1

// particle -1
sphere {
	<43.999729, 33.742378, 49.504971> 0.250000
	pigment { color rgbt <1,0,0,0> }
	no_shadow
}
cylinder {
	<43.782799, 33.919941, 49.790298>,  <43.652641, 34.026478, 49.961494>, 0.100000
	pigment { color rgbt <1,0,0,0> }
	no_shadow
}
cylinder {
	<43.782799, 33.919941, 49.790298>,  <43.999729, 33.742378, 49.504971>, 0.100000
	pigment { color rgbt <1,0,0,0> }
	no_shadow
}

// particle -1
sphere {
	<43.782799, 33.919941, 49.790298> 0.100000
	pigment { color rgbt <1,0,0,0> }
	no_shadow
}
sphere {
	0, 1
	scale<0.080000,0.200000,0.300000>
	matrix <0.792040, -0.013096, 0.610328,
		0.280272, 0.895976, -0.344492,
		-0.542328, 0.443909, 0.713320,
		43.620102, 34.053112, 50.004295>
	pigment { color rgbt <0,1,1,0> }
	no_shadow
}
cylinder {
	<44.354984, 34.337536, 49.742886>,  <43.999729, 33.742378, 49.504971>, 0.130000
	pigment { color rgbt <1,0,0,0> }
	no_shadow
}

// nucleotide -1

// particle -1
sphere {
	<44.354984, 34.337536, 49.742886> 0.250000
	pigment { color rgbt <1,0,0,0> }
	no_shadow
}
cylinder {
	<44.118233, 34.225220, 50.045101>,  <43.976181, 34.157829, 50.226429>, 0.100000
	pigment { color rgbt <1,0,0,0> }
	no_shadow
}
cylinder {
	<44.118233, 34.225220, 50.045101>,  <44.354984, 34.337536, 49.742886>, 0.100000
	pigment { color rgbt <1,0,0,0> }
	no_shadow
}

// particle -1
sphere {
	<44.118233, 34.225220, 50.045101> 0.100000
	pigment { color rgbt <1,0,0,0> }
	no_shadow
}
sphere {
	0, 1
	scale<0.080000,0.200000,0.300000>
	matrix <0.730157, 0.210239, 0.650131,
		-0.341392, 0.936460, 0.080583,
		-0.591880, -0.280788, 0.755537,
		43.940670, 34.140984, 50.271763>
	pigment { color rgbt <0,1,1,0> }
	no_shadow
}
cylinder {
	<44.486168, 34.725899, 50.176601>,  <44.354984, 34.337536, 49.742886>, 0.130000
	pigment { color rgbt <1,0,0,0> }
	no_shadow
}

// nucleotide -1

// particle -1
sphere {
	<44.486168, 34.725899, 50.176601> 0.250000
	pigment { color rgbt <1,0,0,0> }
	no_shadow
}
cylinder {
	<44.303253, 34.452892, 50.404659>,  <44.193504, 34.289089, 50.541496>, 0.100000
	pigment { color rgbt <1,0,0,0> }
	no_shadow
}
cylinder {
	<44.303253, 34.452892, 50.404659>,  <44.486168, 34.725899, 50.176601>, 0.100000
	pigment { color rgbt <1,0,0,0> }
	no_shadow
}

// particle -1
sphere {
	<44.303253, 34.452892, 50.404659> 0.100000
	pigment { color rgbt <1,0,0,0> }
	no_shadow
}
sphere {
	0, 1
	scale<0.080000,0.200000,0.300000>
	matrix <0.730230, 0.077758, 0.678762,
		-0.507597, 0.726726, 0.462833,
		-0.457285, -0.682512, 0.570147,
		44.166069, 34.248138, 50.575703>
	pigment { color rgbt <0,1,1,0> }
	no_shadow
}
cylinder {
	<44.577927, 34.979755, 50.698830>,  <44.486168, 34.725899, 50.176601>, 0.130000
	pigment { color rgbt <1,0,0,0> }
	no_shadow
}

// nucleotide -1

// particle -1
sphere {
	<44.577927, 34.979755, 50.698830> 0.250000
	pigment { color rgbt <1,0,0,0> }
	no_shadow
}
cylinder {
	<44.486126, 34.602333, 50.794353>,  <44.431046, 34.375881, 50.851669>, 0.100000
	pigment { color rgbt <1,0,0,0> }
	no_shadow
}
cylinder {
	<44.486126, 34.602333, 50.794353>,  <44.577927, 34.979755, 50.698830>, 0.100000
	pigment { color rgbt <1,0,0,0> }
	no_shadow
}

// particle -1
sphere {
	<44.486126, 34.602333, 50.794353> 0.100000
	pigment { color rgbt <1,0,0,0> }
	no_shadow
}
sphere {
	0, 1
	scale<0.080000,0.200000,0.300000>
	matrix <0.778080, -0.030456, 0.627426,
		-0.584739, 0.329809, 0.741152,
		-0.229503, -0.943556, 0.238810,
		44.417274, 34.319267, 50.865997>
	pigment { color rgbt <0,1,1,0> }
	no_shadow
}
cylinder {
	<44.503521, 35.012177, 51.379879>,  <44.577927, 34.979755, 50.698830>, 0.130000
	pigment { color rgbt <1,0,0,0> }
	no_shadow
}

// nucleotide -1

// particle -1
sphere {
	<44.503521, 35.012177, 51.379879> 0.250000
	pigment { color rgbt <1,0,0,0> }
	no_shadow
}
cylinder {
	<44.558266, 34.621273, 51.315083>,  <44.591110, 34.386730, 51.276203>, 0.100000
	pigment { color rgbt <1,0,0,0> }
	no_shadow
}
cylinder {
	<44.558266, 34.621273, 51.315083>,  <44.503521, 35.012177, 51.379879>, 0.100000
	pigment { color rgbt <1,0,0,0> }
	no_shadow
}

// particle -1
sphere {
	<44.558266, 34.621273, 51.315083> 0.100000
	pigment { color rgbt <1,0,0,0> }
	no_shadow
}
sphere {
	0, 1
	scale<0.080000,0.200000,0.300000>
	matrix <0.885129, 0.047217, 0.462944,
		-0.444765, -0.206745, 0.871459,
		0.136859, -0.977255, -0.161996,
		44.599323, 34.328098, 51.266483>
	pigment { color rgbt <0,1,1,0> }
	no_shadow
}
cylinder {
	<44.648396, 34.640713, 52.059719>,  <44.503521, 35.012177, 51.379879>, 0.130000
	pigment { color rgbt <1,0,0,0> }
	no_shadow
}

// nucleotide -1

// particle -1
sphere {
	<44.648396, 34.640713, 52.059719> 0.250000
	pigment { color rgbt <1,0,0,0> }
	no_shadow
}
cylinder {
	<44.801552, 34.424770, 51.759865>,  <44.893444, 34.295204, 51.579952>, 0.100000
	pigment { color rgbt <1,0,0,0> }
	no_shadow
}
cylinder {
	<44.801552, 34.424770, 51.759865>,  <44.648396, 34.640713, 52.059719>, 0.100000
	pigment { color rgbt <1,0,0,0> }
	no_shadow
}

// particle -1
sphere {
	<44.801552, 34.424770, 51.759865> 0.100000
	pigment { color rgbt <1,0,0,0> }
	no_shadow
}
sphere {
	0, 1
	scale<0.080000,0.200000,0.300000>
	matrix <0.877124, -0.042215, 0.478405,
		-0.289915, -0.840700, 0.457355,
		0.382888, -0.539854, -0.749636,
		44.916420, 34.262814, 51.534973>
	pigment { color rgbt <0,1,1,0> }
	no_shadow
}
cylinder {
	<45.056534, 34.254234, 52.436897>,  <44.648396, 34.640713, 52.059719>, 0.130000
	pigment { color rgbt <1,0,0,0> }
	no_shadow
}

// nucleotide -1

// particle -1
sphere {
	<45.056534, 34.254234, 52.436897> 0.250000
	pigment { color rgbt <1,0,0,0> }
	no_shadow
}
cylinder {
	<45.209507, 34.167545, 52.077614>,  <45.301289, 34.115532, 51.862045>, 0.100000
	pigment { color rgbt <1,0,0,0> }
	no_shadow
}
cylinder {
	<45.209507, 34.167545, 52.077614>,  <45.056534, 34.254234, 52.436897>, 0.100000
	pigment { color rgbt <1,0,0,0> }
	no_shadow
}

// particle -1
sphere {
	<45.209507, 34.167545, 52.077614> 0.100000
	pigment { color rgbt <1,0,0,0> }
	no_shadow
}
sphere {
	0, 1
	scale<0.080000,0.200000,0.300000>
	matrix <0.919075, -0.010856, 0.393933,
		-0.095124, -0.976174, 0.195030,
		0.382430, -0.216720, -0.898209,
		45.324234, 34.102528, 51.808151>
	pigment { color rgbt <0,1,1,0> }
	no_shadow
}
cylinder {
	<45.545895, 33.816254, 52.585026>,  <45.056534, 34.254234, 52.436897>, 0.130000
	pigment { color rgbt <1,0,0,0> }
	no_shadow
}

// nucleotide -1

// particle -1
sphere {
	<45.545895, 33.816254, 52.585026> 0.250000
	pigment { color rgbt <1,0,0,0> }
	no_shadow
}
cylinder {
	<45.649456, 33.946697, 52.221352>,  <45.711594, 34.024963, 52.003147>, 0.100000
	pigment { color rgbt <1,0,0,0> }
	no_shadow
}
cylinder {
	<45.649456, 33.946697, 52.221352>,  <45.545895, 33.816254, 52.585026>, 0.100000
	pigment { color rgbt <1,0,0,0> }
	no_shadow
}

// particle -1
sphere {
	<45.649456, 33.946697, 52.221352> 0.100000
	pigment { color rgbt <1,0,0,0> }
	no_shadow
}
sphere {
	0, 1
	scale<0.080000,0.200000,0.300000>
	matrix <0.965436, -0.058051, 0.254094,
		0.030084, -0.943547, -0.329870,
		0.258899, 0.326112, -0.909187,
		45.727127, 34.044533, 51.948597>
	pigment { color rgbt <0,1,1,0> }
	no_shadow
}
cylinder {
	<46.226242, 33.496578, 52.363197>,  <45.545895, 33.816254, 52.585026>, 0.130000
	pigment { color rgbt <1,0,0,0> }
	no_shadow
}

// nucleotide -1

// particle -1
sphere {
	<46.226242, 33.496578, 52.363197> 0.250000
	pigment { color rgbt <1,0,0,0> }
	no_shadow
}
cylinder {
	<46.201977, 33.840065, 52.159660>,  <46.187420, 34.046158, 52.037540>, 0.100000
	pigment { color rgbt <1,0,0,0> }
	no_shadow
}
cylinder {
	<46.201977, 33.840065, 52.159660>,  <46.226242, 33.496578, 52.363197>, 0.100000
	pigment { color rgbt <1,0,0,0> }
	no_shadow
}

// particle -1
sphere {
	<46.201977, 33.840065, 52.159660> 0.100000
	pigment { color rgbt <1,0,0,0> }
	no_shadow
}
sphere {
	0, 1
	scale<0.080000,0.200000,0.300000>
	matrix <0.967995, 0.174984, 0.179905,
		0.243527, -0.481642, -0.841853,
		-0.060661, 0.858721, -0.508840,
		46.183777, 34.097683, 52.007008>
	pigment { color rgbt <0,1,1,0> }
	no_shadow
}
cylinder {
	<46.835365, 33.568039, 52.121407>,  <46.226242, 33.496578, 52.363197>, 0.130000
	pigment { color rgbt <1,0,0,0> }
	no_shadow
}

// nucleotide -1

// particle -1
sphere {
	<46.835365, 33.568039, 52.121407> 0.250000
	pigment { color rgbt <1,0,0,0> }
	no_shadow
}
cylinder {
	<46.696102, 33.939480, 52.070049>,  <46.612545, 34.162346, 52.039234>, 0.100000
	pigment { color rgbt <1,0,0,0> }
	no_shadow
}
cylinder {
	<46.696102, 33.939480, 52.070049>,  <46.835365, 33.568039, 52.121407>, 0.100000
	pigment { color rgbt <1,0,0,0> }
	no_shadow
}

// particle -1
sphere {
	<46.696102, 33.939480, 52.070049> 0.100000
	pigment { color rgbt <1,0,0,0> }
	no_shadow
}
sphere {
	0, 1
	scale<0.080000,0.200000,0.300000>
	matrix <0.916664, 0.365906, 0.160751,
		0.196255, -0.061731, -0.978608,
		-0.348155, 0.928602, -0.128397,
		46.591656, 34.218060, 52.031528>
	pigment { color rgbt <0,1,1,0> }
	no_shadow
}
cylinder {
	<47.336945, 33.876812, 51.737610>,  <46.835365, 33.568039, 52.121407>, 0.130000
	pigment { color rgbt <1,0,0,0> }
	no_shadow
}

// nucleotide -1

// particle -1
sphere {
	<47.336945, 33.876812, 51.737610> 0.250000
	pigment { color rgbt <1,0,0,0> }
	no_shadow
}
cylinder {
	<47.135109, 34.169655, 51.920650>,  <47.014008, 34.345360, 52.030476>, 0.100000
	pigment { color rgbt <1,0,0,0> }
	no_shadow
}
cylinder {
	<47.135109, 34.169655, 51.920650>,  <47.336945, 33.876812, 51.737610>, 0.100000
	pigment { color rgbt <1,0,0,0> }
	no_shadow
}

// particle -1
sphere {
	<47.135109, 34.169655, 51.920650> 0.100000
	pigment { color rgbt <1,0,0,0> }
	no_shadow
}
sphere {
	0, 1
	scale<0.080000,0.200000,0.300000>
	matrix <0.862015, 0.397638, 0.314348,
		0.048176, 0.553079, -0.831735,
		-0.504589, 0.732112, 0.457605,
		46.983734, 34.389290, 52.057934>
	pigment { color rgbt <0,1,1,0> }
	no_shadow
}
cylinder {
	<47.658504, 34.575249, 51.531780>,  <47.336945, 33.876812, 51.737610>, 0.130000
	pigment { color rgbt <1,0,0,0> }
	no_shadow
}

// nucleotide -1

// particle -1
sphere {
	<47.658504, 34.575249, 51.531780> 0.250000
	pigment { color rgbt <1,0,0,0> }
	no_shadow
}
cylinder {
	<47.452747, 34.668896, 51.861771>,  <47.329292, 34.725082, 52.059765>, 0.100000
	pigment { color rgbt <1,0,0,0> }
	no_shadow
}
cylinder {
	<47.452747, 34.668896, 51.861771>,  <47.658504, 34.575249, 51.531780>, 0.100000
	pigment { color rgbt <1,0,0,0> }
	no_shadow
}

// particle -1
sphere {
	<47.452747, 34.668896, 51.861771> 0.100000
	pigment { color rgbt <1,0,0,0> }
	no_shadow
}
sphere {
	0, 1
	scale<0.080000,0.200000,0.300000>
	matrix <0.785104, 0.515567, 0.343223,
		-0.344978, 0.824246, -0.449009,
		-0.514394, 0.234114, 0.824978,
		47.298428, 34.739128, 52.109264>
	pigment { color rgbt <0,1,1,0> }
	no_shadow
}
cylinder {
	<47.834660, 35.219200, 51.602917>,  <47.658504, 34.575249, 51.531780>, 0.130000
	pigment { color rgbt <1,0,0,0> }
	no_shadow
}

// nucleotide -1

// particle -1
sphere {
	<47.834660, 35.219200, 51.602917> 0.250000
	pigment { color rgbt <1,0,0,0> }
	no_shadow
}
cylinder {
	<47.699059, 35.104614, 51.961361>,  <47.617699, 35.035862, 52.176426>, 0.100000
	pigment { color rgbt <1,0,0,0> }
	no_shadow
}
cylinder {
	<47.699059, 35.104614, 51.961361>,  <47.834660, 35.219200, 51.602917>, 0.100000
	pigment { color rgbt <1,0,0,0> }
	no_shadow
}

// particle -1
sphere {
	<47.699059, 35.104614, 51.961361> 0.100000
	pigment { color rgbt <1,0,0,0> }
	no_shadow
}
sphere {
	0, 1
	scale<0.080000,0.200000,0.300000>
	matrix <0.822875, 0.371420, 0.430028,
		-0.456024, 0.883166, 0.109818,
		-0.338998, -0.286469, 0.896111,
		47.597359, 35.018673, 52.230194>
	pigment { color rgbt <0,1,1,0> }
	no_shadow
}
// strand 1

// nucleotide -1

// particle -1
sphere {
	<24.153809, 34.538200, 52.152901> 0.250000
	pigment { color rgbt <0,1,0,0> }
	no_shadow
}
cylinder {
	<24.263697, 34.921375, 52.186077>,  <24.329630, 35.151279, 52.205982>, 0.100000
	pigment { color rgbt <0,1,0,0> }
	no_shadow
}
cylinder {
	<24.263697, 34.921375, 52.186077>,  <24.153809, 34.538200, 52.152901>, 0.100000
	pigment { color rgbt <0,1,0,0> }
	no_shadow
}

// particle -1
sphere {
	<24.263697, 34.921375, 52.186077> 0.100000
	pigment { color rgbt <0,1,0,0> }
	no_shadow
}
sphere {
	0, 1
	scale<0.080000,0.200000,0.300000>
	matrix <0.815795, -0.186560, -0.547424,
		-0.508927, 0.218048, -0.832735,
		0.274720, 0.957941, 0.082937,
		24.346113, 35.208759, 52.210957>
	pigment { color rgbt <0,1,1,0> }
	no_shadow
}
cylinder {
	<24.536642, 34.637840, 51.531517>,  <24.153809, 34.538200, 52.152901>, 0.130000
	pigment { color rgbt <0,1,0,0> }
	no_shadow
}

// nucleotide -1

// particle -1
sphere {
	<24.536642, 34.637840, 51.531517> 0.250000
	pigment { color rgbt <0,1,0,0> }
	no_shadow
}
cylinder {
	<24.633610, 34.941673, 51.772938>,  <24.691790, 35.123974, 51.917789>, 0.100000
	pigment { color rgbt <0,1,0,0> }
	no_shadow
}
cylinder {
	<24.633610, 34.941673, 51.772938>,  <24.536642, 34.637840, 51.531517>, 0.100000
	pigment { color rgbt <0,1,0,0> }
	no_shadow
}

// particle -1
sphere {
	<24.633610, 34.941673, 51.772938> 0.100000
	pigment { color rgbt <0,1,0,0> }
	no_shadow
}
sphere {
	0, 1
	scale<0.080000,0.200000,0.300000>
	matrix <0.958824, -0.092700, -0.268448,
		-0.147958, 0.643776, -0.750774,
		0.242417, 0.759578, 0.603552,
		24.706335, 35.169548, 51.954002>
	pigment { color rgbt <0,1,1,0> }
	no_shadow
}
cylinder {
	<25.087513, 34.967007, 51.182472>,  <24.536642, 34.637840, 51.531517>, 0.130000
	pigment { color rgbt <0,1,0,0> }
	no_shadow
}

// nucleotide -1

// particle -1
sphere {
	<25.087513, 34.967007, 51.182472> 0.250000
	pigment { color rgbt <0,1,0,0> }
	no_shadow
}
cylinder {
	<25.137037, 35.100880, 51.556137>,  <25.166752, 35.181202, 51.780334>, 0.100000
	pigment { color rgbt <0,1,0,0> }
	no_shadow
}
cylinder {
	<25.137037, 35.100880, 51.556137>,  <25.087513, 34.967007, 51.182472>, 0.100000
	pigment { color rgbt <0,1,0,0> }
	no_shadow
}

// particle -1
sphere {
	<25.137037, 35.100880, 51.556137> 0.100000
	pigment { color rgbt <0,1,0,0> }
	no_shadow
}
sphere {
	0, 1
	scale<0.080000,0.200000,0.300000>
	matrix <0.981042, 0.100160, -0.165906,
		-0.149091, 0.936994, -0.315935,
		0.123809, 0.334680, 0.934163,
		25.174179, 35.201283, 51.836388>
	pigment { color rgbt <0,1,1,0> }
	no_shadow
}
cylinder {
	<25.472565, 35.534500, 51.148640>,  <25.087513, 34.967007, 51.182472>, 0.130000
	pigment { color rgbt <0,1,0,0> }
	no_shadow
}

// nucleotide -1

// particle -1
sphere {
	<25.472565, 35.534500, 51.148640> 0.250000
	pigment { color rgbt <0,1,0,0> }
	no_shadow
}
cylinder {
	<25.550602, 35.428497, 51.526360>,  <25.597425, 35.364895, 51.752991>, 0.100000
	pigment { color rgbt <0,1,0,0> }
	no_shadow
}
cylinder {
	<25.550602, 35.428497, 51.526360>,  <25.472565, 35.534500, 51.148640>, 0.100000
	pigment { color rgbt <0,1,0,0> }
	no_shadow
}

// particle -1
sphere {
	<25.550602, 35.428497, 51.526360> 0.100000
	pigment { color rgbt <0,1,0,0> }
	no_shadow
}
sphere {
	0, 1
	scale<0.080000,0.200000,0.300000>
	matrix <0.976890, -0.033216, -0.211148,
		0.087322, 0.963674, 0.252403,
		0.195094, -0.265008, 0.944304,
		25.609131, 35.348995, 51.809650>
	pigment { color rgbt <0,1,1,0> }
	no_shadow
}
cylinder {
	<26.069433, 35.892750, 51.389114>,  <25.472565, 35.534500, 51.148640>, 0.130000
	pigment { color rgbt <0,1,0,0> }
	no_shadow
}

// nucleotide -1

// particle -1
sphere {
	<26.069433, 35.892750, 51.389114> 0.250000
	pigment { color rgbt <0,1,0,0> }
	no_shadow
}
cylinder {
	<26.062048, 35.611397, 51.673340>,  <26.057617, 35.442585, 51.843876>, 0.100000
	pigment { color rgbt <0,1,0,0> }
	no_shadow
}
cylinder {
	<26.062048, 35.611397, 51.673340>,  <26.069433, 35.892750, 51.389114>, 0.100000
	pigment { color rgbt <0,1,0,0> }
	no_shadow
}

// particle -1
sphere {
	<26.062048, 35.611397, 51.673340> 0.100000
	pigment { color rgbt <0,1,0,0> }
	no_shadow
}
sphere {
	0, 1
	scale<0.080000,0.200000,0.300000>
	matrix <0.997009, -0.066300, -0.039723,
		0.075051, 0.707708, 0.702507,
		-0.018464, -0.703387, 0.710567,
		26.056509, 35.400379, 51.886509>
	pigment { color rgbt <0,1,1,0> }
	no_shadow
}
cylinder {
	<26.627474, 36.117401, 51.906364>,  <26.069433, 35.892750, 51.389114>, 0.130000
	pigment { color rgbt <0,1,0,0> }
	no_shadow
}

// nucleotide -1

// particle -1
sphere {
	<26.627474, 36.117401, 51.906364> 0.250000
	pigment { color rgbt <0,1,0,0> }
	no_shadow
}
cylinder {
	<26.557787, 35.723618, 51.897522>,  <26.515974, 35.487347, 51.892216>, 0.100000
	pigment { color rgbt <0,1,0,0> }
	no_shadow
}
cylinder {
	<26.557787, 35.723618, 51.897522>,  <26.627474, 36.117401, 51.906364>, 0.100000
	pigment { color rgbt <0,1,0,0> }
	no_shadow
}

// particle -1
sphere {
	<26.557787, 35.723618, 51.897522> 0.100000
	pigment { color rgbt <0,1,0,0> }
	no_shadow
}
sphere {
	0, 1
	scale<0.080000,0.200000,0.300000>
	matrix <0.983099, -0.172607, -0.061014,
		0.056250, -0.032361, 0.997892,
		-0.174217, -0.984459, -0.022105,
		26.505522, 35.428280, 51.890892>
	pigment { color rgbt <0,1,1,0> }
	no_shadow
}
cylinder {
	<27.169029, 35.809402, 52.269222>,  <26.627474, 36.117401, 51.906364>, 0.130000
	pigment { color rgbt <0,1,0,0> }
	no_shadow
}

// nucleotide -1

// particle -1
sphere {
	<27.169029, 35.809402, 52.269222> 0.250000
	pigment { color rgbt <0,1,0,0> }
	no_shadow
}
cylinder {
	<27.056005, 35.477905, 52.075996>,  <26.988192, 35.279007, 51.960060>, 0.100000
	pigment { color rgbt <0,1,0,0> }
	no_shadow
}
cylinder {
	<27.056005, 35.477905, 52.075996>,  <27.169029, 35.809402, 52.269222>, 0.100000
	pigment { color rgbt <0,1,0,0> }
	no_shadow
}

// particle -1
sphere {
	<27.056005, 35.477905, 52.075996> 0.100000
	pigment { color rgbt <0,1,0,0> }
	no_shadow
}
sphere {
	0, 1
	scale<0.080000,0.200000,0.300000>
	matrix <0.948119, -0.317777, -0.009405,
		-0.145712, -0.460659, 0.875535,
		-0.282557, -0.828741, -0.483064,
		26.971239, 35.229282, 51.931076>
	pigment { color rgbt <0,1,1,0> }
	no_shadow
}
cylinder {
	<27.572762, 35.269302, 52.620426>,  <27.169029, 35.809402, 52.269222>, 0.130000
	pigment { color rgbt <0,1,0,0> }
	no_shadow
}

// nucleotide -1

// particle -1
sphere {
	<27.572762, 35.269302, 52.620426> 0.250000
	pigment { color rgbt <0,1,0,0> }
	no_shadow
}
cylinder {
	<27.453114, 35.139774, 52.261391>,  <27.381325, 35.062057, 52.045971>, 0.100000
	pigment { color rgbt <0,1,0,0> }
	no_shadow
}
cylinder {
	<27.453114, 35.139774, 52.261391>,  <27.572762, 35.269302, 52.620426>, 0.100000
	pigment { color rgbt <0,1,0,0> }
	no_shadow
}

// particle -1
sphere {
	<27.453114, 35.139774, 52.261391> 0.100000
	pigment { color rgbt <0,1,0,0> }
	no_shadow
}
sphere {
	0, 1
	scale<0.080000,0.200000,0.300000>
	matrix <0.930303, -0.308231, -0.198822,
		-0.212281, -0.894501, 0.393453,
		-0.299120, -0.323824, -0.897588,
		27.363377, 35.042625, 51.992115>
	pigment { color rgbt <0,1,1,0> }
	no_shadow
}
cylinder {
	<27.928610, 34.574806, 52.532944>,  <27.572762, 35.269302, 52.620426>, 0.130000
	pigment { color rgbt <0,1,0,0> }
	no_shadow
}

// nucleotide -1

// particle -1
sphere {
	<27.928610, 34.574806, 52.532944> 0.250000
	pigment { color rgbt <0,1,0,0> }
	no_shadow
}
cylinder {
	<27.816931, 34.725479, 52.179638>,  <27.749924, 34.815884, 51.967655>, 0.100000
	pigment { color rgbt <0,1,0,0> }
	no_shadow
}
cylinder {
	<27.816931, 34.725479, 52.179638>,  <27.928610, 34.574806, 52.532944>, 0.100000
	pigment { color rgbt <0,1,0,0> }
	no_shadow
}

// particle -1
sphere {
	<27.816931, 34.725479, 52.179638> 0.100000
	pigment { color rgbt <0,1,0,0> }
	no_shadow
}
sphere {
	0, 1
	scale<0.080000,0.200000,0.300000>
	matrix <0.950160, -0.024513, -0.310798,
		-0.138723, -0.926019, -0.351063,
		-0.279199, 0.376681, -0.883266,
		27.733171, 34.838482, 51.914658>
	pigment { color rgbt <0,1,1,0> }
	no_shadow
}
cylinder {
	<27.975788, 34.005764, 52.010460>,  <27.928610, 34.574806, 52.532944>, 0.130000
	pigment { color rgbt <0,1,0,0> }
	no_shadow
}

// nucleotide -1

// particle -1
sphere {
	<27.975788, 34.005764, 52.010460> 0.250000
	pigment { color rgbt <0,1,0,0> }
	no_shadow
}
cylinder {
	<28.000500, 34.366623, 51.839664>,  <28.015326, 34.583138, 51.737186>, 0.100000
	pigment { color rgbt <0,1,0,0> }
	no_shadow
}
cylinder {
	<28.000500, 34.366623, 51.839664>,  <27.975788, 34.005764, 52.010460>, 0.100000
	pigment { color rgbt <0,1,0,0> }
	no_shadow
}

// particle -1
sphere {
	<28.000500, 34.366623, 51.839664> 0.100000
	pigment { color rgbt <0,1,0,0> }
	no_shadow
}
sphere {
	0, 1
	scale<0.080000,0.200000,0.300000>
	matrix <0.867962, -0.259772, -0.423273,
		-0.492773, -0.344459, -0.799076,
		0.061778, 0.902146, -0.426986,
		28.019033, 34.637268, 51.711567>
	pigment { color rgbt <0,1,1,0> }
	no_shadow
}
cylinder {
	<28.377813, 33.919369, 51.389359>,  <27.975788, 34.005764, 52.010460>, 0.130000
	pigment { color rgbt <0,1,0,0> }
	no_shadow
}

// nucleotide -1

// particle -1
sphere {
	<28.377813, 33.919369, 51.389359> 0.250000
	pigment { color rgbt <0,1,0,0> }
	no_shadow
}
cylinder {
	<28.386990, 34.315090, 51.446980>,  <28.392494, 34.552525, 51.481552>, 0.100000
	pigment { color rgbt <0,1,0,0> }
	no_shadow
}
cylinder {
	<28.386990, 34.315090, 51.446980>,  <28.377813, 33.919369, 51.389359>, 0.100000
	pigment { color rgbt <0,1,0,0> }
	no_shadow
}

// particle -1
sphere {
	<28.386990, 34.315090, 51.446980> 0.100000
	pigment { color rgbt <0,1,0,0> }
	no_shadow
}
sphere {
	0, 1
	scale<0.080000,0.200000,0.300000>
	matrix <0.974864, 0.009806, -0.222584,
		-0.221616, 0.145541, -0.964212,
		0.022940, 0.989304, 0.144056,
		28.393871, 34.611881, 51.490196>
	pigment { color rgbt <0,1,1,0> }
	no_shadow
}
cylinder {
	<28.862698, 34.075596, 50.870991>,  <28.377813, 33.919369, 51.389359>, 0.130000
	pigment { color rgbt <0,1,0,0> }
	no_shadow
}

// nucleotide -1

// particle -1
sphere {
	<28.862698, 34.075596, 50.870991> 0.250000
	pigment { color rgbt <0,1,0,0> }
	no_shadow
}
cylinder {
	<28.855145, 34.407398, 51.094261>,  <28.850613, 34.606480, 51.228222>, 0.100000
	pigment { color rgbt <0,1,0,0> }
	no_shadow
}
cylinder {
	<28.855145, 34.407398, 51.094261>,  <28.862698, 34.075596, 50.870991>, 0.100000
	pigment { color rgbt <0,1,0,0> }
	no_shadow
}

// particle -1
sphere {
	<28.855145, 34.407398, 51.094261> 0.100000
	pigment { color rgbt <0,1,0,0> }
	no_shadow
}
sphere {
	0, 1
	scale<0.080000,0.200000,0.300000>
	matrix <0.975023, 0.138845, -0.173357,
		-0.221301, 0.540961, -0.811411,
		-0.018881, 0.829508, 0.558176,
		28.849480, 34.656250, 51.261715>
	pigment { color rgbt <0,1,1,0> }
	no_shadow
}
cylinder {
	<29.283785, 34.605839, 50.562233>,  <28.862698, 34.075596, 50.870991>, 0.130000
	pigment { color rgbt <0,1,0,0> }
	no_shadow
}

// nucleotide -1

// particle -1
sphere {
	<29.283785, 34.605839, 50.562233> 0.250000
	pigment { color rgbt <0,1,0,0> }
	no_shadow
}
cylinder {
	<29.268995, 34.764210, 50.929249>,  <29.260122, 34.859230, 51.149460>, 0.100000
	pigment { color rgbt <0,1,0,0> }
	no_shadow
}
cylinder {
	<29.268995, 34.764210, 50.929249>,  <29.283785, 34.605839, 50.562233>, 0.100000
	pigment { color rgbt <0,1,0,0> }
	no_shadow
}

// particle -1
sphere {
	<29.268995, 34.764210, 50.929249> 0.100000
	pigment { color rgbt <0,1,0,0> }
	no_shadow
}
sphere {
	0, 1
	scale<0.080000,0.200000,0.300000>
	matrix <0.926313, 0.358068, -0.117181,
		-0.374936, 0.845595, -0.379989,
		-0.036974, 0.395924, 0.917539,
		29.257902, 34.882988, 51.204510>
	pigment { color rgbt <0,1,1,0> }
	no_shadow
}
cylinder {
	<29.483473, 35.333637, 50.519787>,  <29.283785, 34.605839, 50.562233>, 0.130000
	pigment { color rgbt <0,1,0,0> }
	no_shadow
}

// nucleotide -1

// particle -1
sphere {
	<29.483473, 35.333637, 50.519787> 0.250000
	pigment { color rgbt <0,1,0,0> }
	no_shadow
}
cylinder {
	<29.543486, 35.183723, 50.885742>,  <29.579494, 35.093777, 51.105316>, 0.100000
	pigment { color rgbt <0,1,0,0> }
	no_shadow
}
cylinder {
	<29.543486, 35.183723, 50.885742>,  <29.483473, 35.333637, 50.519787>, 0.100000
	pigment { color rgbt <0,1,0,0> }
	no_shadow
}

// particle -1
sphere {
	<29.543486, 35.183723, 50.885742> 0.100000
	pigment { color rgbt <0,1,0,0> }
	no_shadow
}
sphere {
	0, 1
	scale<0.080000,0.200000,0.300000>
	matrix <0.983709, 0.149277, -0.100169,
		-0.099031, 0.915016, 0.391074,
		0.150034, -0.374783, 0.914892,
		29.588495, 35.071289, 51.160210>
	pigment { color rgbt <0,1,1,0> }
	no_shadow
}
cylinder {
	<30.068228, 35.693851, 50.827946>,  <29.483473, 35.333637, 50.519787>, 0.130000
	pigment { color rgbt <0,1,0,0> }
	no_shadow
}

// nucleotide -1

// particle -1
sphere {
	<30.068228, 35.693851, 50.827946> 0.250000
	pigment { color rgbt <0,1,0,0> }
	no_shadow
}
cylinder {
	<30.055174, 35.365150, 51.055508>,  <30.047342, 35.167931, 51.192043>, 0.100000
	pigment { color rgbt <0,1,0,0> }
	no_shadow
}
cylinder {
	<30.055174, 35.365150, 51.055508>,  <30.068228, 35.693851, 50.827946>, 0.100000
	pigment { color rgbt <0,1,0,0> }
	no_shadow
}

// particle -1
sphere {
	<30.055174, 35.365150, 51.055508> 0.100000
	pigment { color rgbt <0,1,0,0> }
	no_shadow
}
sphere {
	0, 1
	scale<0.080000,0.200000,0.300000>
	matrix <0.996859, -0.067858, -0.040835,
		0.072161, 0.565783, 0.821390,
		-0.032634, -0.821757, 0.568903,
		30.045383, 35.118622, 51.226177>
	pigment { color rgbt <0,1,1,0> }
	no_shadow
}
cylinder {
	<30.494888, 35.883144, 51.436661>,  <30.068228, 35.693851, 50.827946>, 0.130000
	pigment { color rgbt <0,1,0,0> }
	no_shadow
}

// nucleotide -1

// particle -1
sphere {
	<30.494888, 35.883144, 51.436661> 0.250000
	pigment { color rgbt <0,1,0,0> }
	no_shadow
}
cylinder {
	<30.477005, 35.483818, 51.421921>,  <30.466274, 35.244221, 51.413078>, 0.100000
	pigment { color rgbt <0,1,0,0> }
	no_shadow
}
cylinder {
	<30.477005, 35.483818, 51.421921>,  <30.494888, 35.883144, 51.436661>, 0.100000
	pigment { color rgbt <0,1,0,0> }
	no_shadow
}

// particle -1
sphere {
	<30.477005, 35.483818, 51.421921> 0.100000
	pigment { color rgbt <0,1,0,0> }
	no_shadow
}
sphere {
	0, 1
	scale<0.080000,0.200000,0.300000>
	matrix <0.990964, -0.039652, -0.128129,
		0.126453, -0.042241, 0.991073,
		-0.044710, -0.998320, -0.036845,
		30.463593, 35.184322, 51.410866>
	pigment { color rgbt <0,1,1,0> }
	no_shadow
}
cylinder {
	<31.094423, 35.651379, 51.956566>,  <30.494888, 35.883144, 51.436661>, 0.130000
	pigment { color rgbt <0,1,0,0> }
	no_shadow
}

// nucleotide -1

// particle -1
sphere {
	<31.094423, 35.651379, 51.956566> 0.250000
	pigment { color rgbt <0,1,0,0> }
	no_shadow
}
cylinder {
	<31.008089, 35.346661, 51.712246>,  <30.956289, 35.163830, 51.565655>, 0.100000
	pigment { color rgbt <0,1,0,0> }
	no_shadow
}
cylinder {
	<31.008089, 35.346661, 51.712246>,  <31.094423, 35.651379, 51.956566>, 0.100000
	pigment { color rgbt <0,1,0,0> }
	no_shadow
}

// particle -1
sphere {
	<31.008089, 35.346661, 51.712246> 0.100000
	pigment { color rgbt <0,1,0,0> }
	no_shadow
}
sphere {
	0, 1
	scale<0.080000,0.200000,0.300000>
	matrix <0.962603, -0.270907, -0.002270,
		-0.163741, -0.588448, 0.791782,
		-0.215835, -0.761800, -0.610800,
		30.943338, 35.118122, 51.529007>
	pigment { color rgbt <0,1,1,0> }
	no_shadow
}
cylinder {
	<31.394983, 35.125103, 52.219143>,  <31.094423, 35.651379, 51.956566>, 0.130000
	pigment { color rgbt <0,1,0,0> }
	no_shadow
}

// nucleotide -1

// particle -1
sphere {
	<31.394983, 35.125103, 52.219143> 0.250000
	pigment { color rgbt <0,1,0,0> }
	no_shadow
}
cylinder {
	<31.346878, 34.991817, 51.845081>,  <31.318014, 34.911846, 51.620644>, 0.100000
	pigment { color rgbt <0,1,0,0> }
	no_shadow
}
cylinder {
	<31.346878, 34.991817, 51.845081>,  <31.394983, 35.125103, 52.219143>, 0.100000
	pigment { color rgbt <0,1,0,0> }
	no_shadow
}

// particle -1
sphere {
	<31.346878, 34.991817, 51.845081> 0.100000
	pigment { color rgbt <0,1,0,0> }
	no_shadow
}
sphere {
	0, 1
	scale<0.080000,0.200000,0.300000>
	matrix <0.899376, -0.435390, 0.039477,
		-0.420310, -0.836303, 0.352046,
		-0.120263, -0.333214, -0.935150,
		31.310799, 34.891853, 51.564537>
	pigment { color rgbt <0,1,1,0> }
	no_shadow
}
cylinder {
	<31.623968, 34.432159, 52.152599>,  <31.394983, 35.125103, 52.219143>, 0.130000
	pigment { color rgbt <0,1,0,0> }
	no_shadow
}

// nucleotide -1

// particle -1
sphere {
	<31.623968, 34.432159, 52.152599> 0.250000
	pigment { color rgbt <0,1,0,0> }
	no_shadow
}
cylinder {
	<31.638235, 34.559158, 51.773563>,  <31.646795, 34.635357, 51.546143>, 0.100000
	pigment { color rgbt <0,1,0,0> }
	no_shadow
}
cylinder {
	<31.638235, 34.559158, 51.773563>,  <31.623968, 34.432159, 52.152599>, 0.100000
	pigment { color rgbt <0,1,0,0> }
	no_shadow
}

// particle -1
sphere {
	<31.638235, 34.559158, 51.773563> 0.100000
	pigment { color rgbt <0,1,0,0> }
	no_shadow
}
sphere {
	0, 1
	scale<0.080000,0.200000,0.300000>
	matrix <0.864519, -0.485465, -0.130117,
		-0.501333, -0.814567, -0.291796,
		0.035668, 0.317495, -0.947589,
		31.648935, 34.654408, 51.489288>
	pigment { color rgbt <0,1,1,0> }
	no_shadow
}
cylinder {
	<31.764549, 33.863461, 51.795380>,  <31.623968, 34.432159, 52.152599>, 0.130000
	pigment { color rgbt <0,1,0,0> }
	no_shadow
}

// nucleotide -1

// particle -1
sphere {
	<31.764549, 33.863461, 51.795380> 0.250000
	pigment { color rgbt <0,1,0,0> }
	no_shadow
}
cylinder {
	<31.866465, 34.164764, 51.552834>,  <31.927614, 34.345547, 51.407307>, 0.100000
	pigment { color rgbt <0,1,0,0> }
	no_shadow
}
cylinder {
	<31.866465, 34.164764, 51.552834>,  <31.764549, 33.863461, 51.795380>, 0.100000
	pigment { color rgbt <0,1,0,0> }
	no_shadow
}

// particle -1
sphere {
	<31.866465, 34.164764, 51.552834> 0.100000
	pigment { color rgbt <0,1,0,0> }
	no_shadow
}
sphere {
	0, 1
	scale<0.080000,0.200000,0.300000>
	matrix <0.904121, -0.407989, -0.126925,
		-0.343000, -0.515892, -0.784988,
		0.254787, 0.753260, -0.606369,
		31.942902, 34.390743, 51.370922>
	pigment { color rgbt <0,1,1,0> }
	no_shadow
}
cylinder {
	<32.101292, 33.482941, 51.359348>,  <31.764549, 33.863461, 51.795380>, 0.130000
	pigment { color rgbt <0,1,0,0> }
	no_shadow
}

// nucleotide -1

// particle -1
sphere {
	<32.101292, 33.482941, 51.359348> 0.250000
	pigment { color rgbt <0,1,0,0> }
	no_shadow
}
cylinder {
	<32.224728, 33.861279, 51.319061>,  <32.298790, 34.088284, 51.294891>, 0.100000
	pigment { color rgbt <0,1,0,0> }
	no_shadow
}
cylinder {
	<32.224728, 33.861279, 51.319061>,  <32.101292, 33.482941, 51.359348>, 0.100000
	pigment { color rgbt <0,1,0,0> }
	no_shadow
}

// particle -1
sphere {
	<32.224728, 33.861279, 51.319061> 0.100000
	pigment { color rgbt <0,1,0,0> }
	no_shadow
}
sphere {
	0, 1
	scale<0.080000,0.200000,0.300000>
	matrix <0.950807, -0.303702, 0.061076,
		0.027181, -0.114608, -0.993039,
		0.308588, 0.945849, -0.100715,
		32.317303, 34.145035, 51.288845>
	pigment { color rgbt <0,1,1,0> }
	no_shadow
}
// strand 2

// nucleotide -1

// particle -1
sphere {
	<24.043116, 34.740337, 34.920135> 0.250000
	pigment { color rgbt <0,0,1,0> }
	no_shadow
}
cylinder {
	<24.184387, 35.114159, 34.937450>,  <24.269150, 35.338451, 34.947838>, 0.100000
	pigment { color rgbt <0,0,1,0> }
	no_shadow
}
cylinder {
	<24.184387, 35.114159, 34.937450>,  <24.043116, 34.740337, 34.920135>, 0.100000
	pigment { color rgbt <0,0,1,0> }
	no_shadow
}

// particle -1
sphere {
	<24.184387, 35.114159, 34.937450> 0.100000
	pigment { color rgbt <0,0,1,0> }
	no_shadow
}
sphere {
	0, 1
	scale<0.080000,0.200000,0.300000>
	matrix <0.834683, -0.335658, 0.436622,
		0.422576, -0.118073, -0.898603,
		0.353177, 0.934554, 0.043288,
		24.290340, 35.394524, 34.950436>
	pigment { color rgbt <0,1,1,0> }
	no_shadow
}
cylinder {
	<24.722326, 34.570312, 34.582222>,  <24.043116, 34.740337, 34.920135>, 0.130000
