// switches for output
#declare DRAW_BASES = 1; // possible values are 0, 1; only relevant for DNA ribbons
#declare DRAW_BASES_TYPE = 3; // possible values are 1, 2, 3; only relevant for DNA ribbons
#declare DRAW_FOG = 0; // set to 1 to enable fog

#include "colors.inc"

#include "transforms.inc"
background { rgb <1, 1, 1>}

#default {
   normal{
       ripples 0.25
       frequency 0.20
       turbulence 0.2
       lambda 5
   }
	finish {
		phong 0.1
		phong_size 40.
	}
}

// original window dimensions: 1024x640


// camera settings

camera {
	sky <0, 0.179814, -0.983701>
	up <0, 0.179814, -0.983701>
	right 1.6 * <1, 0, 0>
	location <35, 92.5046, 58.4545>
	look_at <35, 26.874, 46.4577>
	direction <0, -65.6306, -11.9968>
	angle 67.0682
}


# declare cpy_camera_pos = <35, 92.5046, 58.4545>;
# if (DRAW_FOG = 1)
fog {
	fog_type 2
	up vnormalize(cpy_camera_pos)
	color rgbt<1,1,1,0.3>
	distance 1e-5
	fog_alt 3e-3
	fog_offset 56
}
# end


// LIGHTS

# declare lum = 6;
global_settings {
	ambient_light rgb lum * <0.05, 0.05, 0.05>
	max_trace_level 15
}# declare cpy_direct_light_amount = 0.25;
light_source
{	1000 * <-1, -1.16351, -0.803887>,
	rgb lum * cpy_direct_light_amount
	parallel
}

light_source
{	1000 * <1, 1.16351, 0.803887>,
	rgb lum * cpy_direct_light_amount
	parallel
}

// strand 0

// nucleotide -1

// particle -1
sphere {
	<39.814514, 34.817608, 50.814449> 0.250000
	pigment { color rgbt <1,0,0,0> }
	no_shadow
}
cylinder {
	<39.803444, 35.216980, 50.794956>,  <39.796803, 35.456604, 50.783260>, 0.100000
	pigment { color rgbt <1,0,0,0> }
	no_shadow
}
cylinder {
	<39.803444, 35.216980, 50.794956>,  <39.814514, 34.817608, 50.814449>, 0.100000
	pigment { color rgbt <1,0,0,0> }
	no_shadow
}

// particle -1
sphere {
	<39.803444, 35.216980, 50.794956> 0.100000
	pigment { color rgbt <1,0,0,0> }
	no_shadow
}
sphere {
	0, 1
	scale<0.080000,0.200000,0.300000>
	matrix <0.983352, 0.018432, -0.180772,
		-0.179590, -0.052927, -0.982317,
		-0.027673, 0.998428, -0.048735,
		39.795143, 35.516510, 50.780334>
	pigment { color rgbt <0,1,1,0> }
	no_shadow
}
cylinder {
	<40.275440, 35.126083, 50.233974>,  <39.814514, 34.817608, 50.814449>, 0.130000
	pigment { color rgbt <1,0,0,0> }
	no_shadow
}

// nucleotide -1

// particle -1
sphere {
	<40.275440, 35.126083, 50.233974> 0.250000
	pigment { color rgbt <1,0,0,0> }
	no_shadow
}
cylinder {
	<40.224293, 35.413609, 50.507313>,  <40.193604, 35.586124, 50.671314>, 0.100000
	pigment { color rgbt <1,0,0,0> }
	no_shadow
}
cylinder {
	<40.224293, 35.413609, 50.507313>,  <40.275440, 35.126083, 50.233974>, 0.100000
	pigment { color rgbt <1,0,0,0> }
	no_shadow
}

// particle -1
sphere {
	<40.224293, 35.413609, 50.507313> 0.100000
	pigment { color rgbt <1,0,0,0> }
	no_shadow
}
sphere {
	0, 1
	scale<0.080000,0.200000,0.300000>
	matrix <0.984029, 0.177982, -0.003092,
		-0.123845, 0.672033, -0.730092,
		-0.127865, 0.718815, 0.683342,
		40.185932, 35.629253, 50.712315>
	pigment { color rgbt <0,1,1,0> }
	no_shadow
}
cylinder {
	<40.619331, 35.730301, 49.912689>,  <40.275440, 35.126083, 50.233974>, 0.130000
	pigment { color rgbt <1,0,0,0> }
	no_shadow
}

// nucleotide -1

// particle -1
sphere {
	<40.619331, 35.730301, 49.912689> 0.250000
	pigment { color rgbt <1,0,0,0> }
	no_shadow
}
cylinder {
	<40.592247, 35.779804, 50.308689>,  <40.575996, 35.809505, 50.546288>, 0.100000
	pigment { color rgbt <1,0,0,0> }
	no_shadow
}
cylinder {
	<40.592247, 35.779804, 50.308689>,  <40.619331, 35.730301, 49.912689>, 0.100000
	pigment { color rgbt <1,0,0,0> }
	no_shadow
}

// particle -1
sphere {
	<40.592247, 35.779804, 50.308689> 0.100000
	pigment { color rgbt <1,0,0,0> }
	no_shadow
}
sphere {
	0, 1
	scale<0.080000,0.200000,0.300000>
	matrix <0.981361, 0.187129, 0.043730,
		-0.179846, 0.974508, -0.134126,
		-0.067714, 0.123761, 0.989999,
		40.571934, 35.816933, 50.605690>
	pigment { color rgbt <0,1,1,0> }
	no_shadow
}
cylinder {
	<41.102276, 36.370720, 50.096832>,  <40.619331, 35.730301, 49.912689>, 0.130000
	pigment { color rgbt <1,0,0,0> }
	no_shadow
}

// nucleotide -1

// particle -1
sphere {
	<41.102276, 36.370720, 50.096832> 0.250000
	pigment { color rgbt <1,0,0,0> }
	no_shadow
}
cylinder {
	<41.049889, 36.165054, 50.435886>,  <41.018456, 36.041653, 50.639317>, 0.100000
	pigment { color rgbt <1,0,0,0> }
	no_shadow
}
cylinder {
	<41.049889, 36.165054, 50.435886>,  <41.102276, 36.370720, 50.096832>, 0.100000
	pigment { color rgbt <1,0,0,0> }
	no_shadow
}

// particle -1
sphere {
	<41.049889, 36.165054, 50.435886> 0.100000
	pigment { color rgbt <1,0,0,0> }
	no_shadow
}
sphere {
	0, 1
	scale<0.080000,0.200000,0.300000>
	matrix <0.981363, 0.054030, 0.184410,
		-0.140615, 0.855986, 0.497509,
		-0.130972, -0.514168, 0.847631,
		41.010597, 36.010803, 50.690174>
	pigment { color rgbt <0,1,1,0> }
	no_shadow
}
cylinder {
	<41.442902, 36.767494, 50.613976>,  <41.102276, 36.370720, 50.096832>, 0.130000
	pigment { color rgbt <1,0,0,0> }
	no_shadow
}

// nucleotide -1

// particle -1
sphere {
	<41.442902, 36.767494, 50.613976> 0.250000
	pigment { color rgbt <1,0,0,0> }
	no_shadow
}
cylinder {
	<41.428661, 36.393959, 50.756340>,  <41.420116, 36.169838, 50.841759>, 0.100000
	pigment { color rgbt <1,0,0,0> }
	no_shadow
}
cylinder {
	<41.428661, 36.393959, 50.756340>,  <41.442902, 36.767494, 50.613976>, 0.100000
	pigment { color rgbt <1,0,0,0> }
	no_shadow
}

// particle -1
sphere {
	<41.428661, 36.393959, 50.756340> 0.100000
	pigment { color rgbt <1,0,0,0> }
	no_shadow
}
sphere {
	0, 1
	scale<0.080000,0.200000,0.300000>
	matrix <0.996034, -0.004095, 0.088882,
		-0.081544, 0.357662, 0.930284,
		-0.035599, -0.933842, 0.355910,
		41.417980, 36.113808, 50.863113>
	pigment { color rgbt <0,1,1,0> }
	no_shadow
}
cylinder {
	<42.086258, 36.737236, 50.840347>,  <41.442902, 36.767494, 50.613976>, 0.130000
	pigment { color rgbt <1,0,0,0> }
	no_shadow
}

// nucleotide -1

// particle -1
sphere {
	<42.086258, 36.737236, 50.840347> 0.250000
	pigment { color rgbt <1,0,0,0> }
	no_shadow
}
cylinder {
	<42.002434, 36.361717, 50.949707>,  <41.952141, 36.136406, 51.015324>, 0.100000
	pigment { color rgbt <1,0,0,0> }
	no_shadow
}
cylinder {
	<42.002434, 36.361717, 50.949707>,  <42.086258, 36.737236, 50.840347>, 0.100000
	pigment { color rgbt <1,0,0,0> }
	no_shadow
}

// particle -1
sphere {
	<42.002434, 36.361717, 50.949707> 0.100000
	pigment { color rgbt <1,0,0,0> }
	no_shadow
}
sphere {
	0, 1
	scale<0.080000,0.200000,0.300000>
	matrix <0.932619, -0.107894, 0.344356,
		-0.293781, 0.327140, 0.898149,
		-0.209558, -0.938796, 0.273400,
		41.939568, 36.080078, 51.031727>
	pigment { color rgbt <0,1,1,0> }
	no_shadow
}
cylinder {
	<42.291508, 36.580910, 51.593670>,  <42.086258, 36.737236, 50.840347>, 0.130000
	pigment { color rgbt <1,0,0,0> }
	no_shadow
}

// nucleotide -1

// particle -1
sphere {
	<42.291508, 36.580910, 51.593670> 0.250000
	pigment { color rgbt <1,0,0,0> }
	no_shadow
}
cylinder {
	<42.275879, 36.240726, 51.383831>,  <42.266502, 36.036617, 51.257927>, 0.100000
	pigment { color rgbt <1,0,0,0> }
	no_shadow
}
cylinder {
	<42.275879, 36.240726, 51.383831>,  <42.291508, 36.580910, 51.593670>, 0.100000
	pigment { color rgbt <1,0,0,0> }
	no_shadow
}

// particle -1
sphere {
	<42.275879, 36.240726, 51.383831> 0.100000
	pigment { color rgbt <1,0,0,0> }
	no_shadow
}
sphere {
	0, 1
	scale<0.080000,0.200000,0.300000>
	matrix <0.946407, -0.199939, 0.253651,
		-0.320606, -0.486570, 0.812688,
		-0.039068, -0.850455, -0.524595,
		42.264160, 35.985588, 51.226452>
	pigment { color rgbt <0,1,1,0> }
	no_shadow
}
cylinder {
	<42.595268, 36.110252, 52.099941>,  <42.291508, 36.580910, 51.593670>, 0.130000
	pigment { color rgbt <1,0,0,0> }
	no_shadow
}

// nucleotide -1

// particle -1
sphere {
	<42.595268, 36.110252, 52.099941> 0.250000
	pigment { color rgbt <1,0,0,0> }
	no_shadow
}
cylinder {
	<42.626438, 35.950401, 51.734596>,  <42.645142, 35.854488, 51.515388>, 0.100000
	pigment { color rgbt <1,0,0,0> }
	no_shadow
}
cylinder {
	<42.626438, 35.950401, 51.734596>,  <42.595268, 36.110252, 52.099941>, 0.100000
	pigment { color rgbt <1,0,0,0> }
	no_shadow
}

// particle -1
sphere {
	<42.626438, 35.950401, 51.734596> 0.100000
	pigment { color rgbt <1,0,0,0> }
	no_shadow
}
sphere {
	0, 1
	scale<0.080000,0.200000,0.300000>
	matrix <0.894038, -0.377390, 0.241399,
		-0.441162, -0.835388, 0.327876,
		0.077924, -0.399630, -0.913359,
		42.649815, 35.830513, 51.460590>
	pigment { color rgbt <0,1,1,0> }
	no_shadow
}
cylinder {
	<42.847897, 35.472595, 52.212711>,  <42.595268, 36.110252, 52.099941>, 0.130000
	pigment { color rgbt <1,0,0,0> }
	no_shadow
}

// nucleotide -1

// particle -1
sphere {
	<42.847897, 35.472595, 52.212711> 0.250000
	pigment { color rgbt <1,0,0,0> }
	no_shadow
}
cylinder {
	<42.925396, 35.558846, 51.829887>,  <42.971897, 35.610596, 51.600193>, 0.100000
	pigment { color rgbt <1,0,0,0> }
	no_shadow
}
cylinder {
	<42.925396, 35.558846, 51.829887>,  <42.847897, 35.472595, 52.212711>, 0.100000
	pigment { color rgbt <1,0,0,0> }
	no_shadow
}

// particle -1
sphere {
	<42.925396, 35.558846, 51.829887> 0.100000
	pigment { color rgbt <1,0,0,0> }
	no_shadow
}
sphere {
	0, 1
	scale<0.080000,0.200000,0.300000>
	matrix <0.955374, -0.263204, 0.134109,
		-0.222985, -0.940335, -0.256997,
		0.193750, 0.215624, -0.957062,
		42.983521, 35.623531, 51.542770>
	pigment { color rgbt <0,1,1,0> }
	no_shadow
}
cylinder {
	<43.470699, 35.134129, 52.096996>,  <42.847897, 35.472595, 52.212711>, 0.130000
	pigment { color rgbt <1,0,0,0> }
	no_shadow
}

// nucleotide -1

// particle -1
sphere {
	<43.470699, 35.134129, 52.096996> 0.250000
	pigment { color rgbt <1,0,0,0> }
	no_shadow
}
cylinder {
	<43.455044, 35.384209, 51.785202>,  <43.445652, 35.534256, 51.598125>, 0.100000
	pigment { color rgbt <1,0,0,0> }
	no_shadow
}
cylinder {
	<43.455044, 35.384209, 51.785202>,  <43.470699, 35.134129, 52.096996>, 0.100000
	pigment { color rgbt <1,0,0,0> }
	no_shadow
}

// particle -1
sphere {
	<43.455044, 35.384209, 51.785202> 0.100000
	pigment { color rgbt <1,0,0,0> }
	no_shadow
}
sphere {
	0, 1
	scale<0.080000,0.200000,0.300000>
	matrix <0.988021, -0.092319, -0.123657,
		-0.149271, -0.774988, -0.614094,
		-0.039140, 0.625197, -0.779485,
		43.443302, 35.571766, 51.551357>
	pigment { color rgbt <0,1,1,0> }
	no_shadow
}
cylinder {
	<43.814102, 34.800594, 51.702869>,  <43.470699, 35.134129, 52.096996>, 0.130000
	pigment { color rgbt <1,0,0,0> }
	no_shadow
}

// nucleotide -1

// particle -1
sphere {
	<43.814102, 34.800594, 51.702869> 0.250000
	pigment { color rgbt <1,0,0,0> }
	no_shadow
}
cylinder {
	<43.805828, 35.159771, 51.527016>,  <43.800861, 35.375275, 51.421505>, 0.100000
	pigment { color rgbt <1,0,0,0> }
	no_shadow
}
cylinder {
	<43.805828, 35.159771, 51.527016>,  <43.814102, 34.800594, 51.702869>, 0.100000
	pigment { color rgbt <1,0,0,0> }
	no_shadow
}

// particle -1
sphere {
	<43.805828, 35.159771, 51.527016> 0.100000
	pigment { color rgbt <1,0,0,0> }
	no_shadow
}
sphere {
	0, 1
	scale<0.080000,0.200000,0.300000>
	matrix <0.934496, -0.138934, -0.327743,
		-0.355374, -0.417615, -0.836246,
		-0.020687, 0.897939, -0.439633,
		43.799622, 35.429153, 51.395126>
	pigment { color rgbt <0,1,1,0> }
	no_shadow
}
cylinder {
	<44.046024, 34.685669, 51.088654>,  <43.814102, 34.800594, 51.702869>, 0.130000
	pigment { color rgbt <1,0,0,0> }
	no_shadow
}

// nucleotide -1

// particle -1
sphere {
	<44.046024, 34.685669, 51.088654> 0.250000
	pigment { color rgbt <1,0,0,0> }
	no_shadow
}
cylinder {
	<44.105930, 35.075531, 51.155132>,  <44.141872, 35.309448, 51.195019>, 0.100000
	pigment { color rgbt <1,0,0,0> }
	no_shadow
}
cylinder {
	<44.105930, 35.075531, 51.155132>,  <44.046024, 34.685669, 51.088654>, 0.100000
	pigment { color rgbt <1,0,0,0> }
	no_shadow
}

// particle -1
sphere {
	<44.105930, 35.075531, 51.155132> 0.100000
	pigment { color rgbt <1,0,0,0> }
	no_shadow
}
sphere {
	0, 1
	scale<0.080000,0.200000,0.300000>
	matrix <0.934572, -0.084681, -0.345550,
		-0.322718, 0.207070, -0.923566,
		0.149761, 0.974654, 0.166194,
		44.150860, 35.367928, 51.204990>
	pigment { color rgbt <0,1,1,0> }
	no_shadow
}
cylinder {
	<44.636982, 34.700554, 50.662998>,  <44.046024, 34.685669, 51.088654>, 0.130000
	pigment { color rgbt <1,0,0,0> }
	no_shadow
}

// nucleotide -1

// particle -1
sphere {
	<44.636982, 34.700554, 50.662998> 0.250000
	pigment { color rgbt <1,0,0,0> }
	no_shadow
}
cylinder {
	<44.644661, 35.047546, 50.861839>,  <44.649269, 35.255741, 50.981144>, 0.100000
	pigment { color rgbt <1,0,0,0> }
	no_shadow
}
cylinder {
	<44.644661, 35.047546, 50.861839>,  <44.636982, 34.700554, 50.662998>, 0.100000
	pigment { color rgbt <1,0,0,0> }
	no_shadow
}

// particle -1
sphere {
	<44.644661, 35.047546, 50.861839> 0.100000
	pigment { color rgbt <1,0,0,0> }
	no_shadow
}
sphere {
	0, 1
	scale<0.080000,0.200000,0.300000>
	matrix <0.995189, 0.031193, -0.092871,
		-0.096069, 0.496495, -0.862707,
		0.019199, 0.867479, 0.497104,
		44.650421, 35.307789, 51.010971>
	pigment { color rgbt <0,1,1,0> }
	no_shadow
}
cylinder {
	<45.175076, 35.180069, 50.324322>,  <44.636982, 34.700554, 50.662998>, 0.130000
	pigment { color rgbt <1,0,0,0> }
	no_shadow
}

// nucleotide -1

// particle -1
sphere {
	<45.175076, 35.180069, 50.324322> 0.250000
	pigment { color rgbt <1,0,0,0> }
	no_shadow
}
cylinder {
	<45.129162, 35.333954, 50.690670>,  <45.101612, 35.426285, 50.910480>, 0.100000
	pigment { color rgbt <1,0,0,0> }
	no_shadow
}
cylinder {
	<45.129162, 35.333954, 50.690670>,  <45.175076, 35.180069, 50.324322>, 0.100000
	pigment { color rgbt <1,0,0,0> }
	no_shadow
}

// particle -1
sphere {
	<45.129162, 35.333954, 50.690670> 0.100000
	pigment { color rgbt <1,0,0,0> }
	no_shadow
}
sphere {
	0, 1
	scale<0.080000,0.200000,0.300000>
	matrix <0.993123, 0.023049, 0.114784,
		0.023049, 0.922751, -0.384708,
		-0.114784, 0.384708, 0.915874,
		45.094727, 35.449368, 50.965431>
	pigment { color rgbt <0,1,1,0> }
	no_shadow
}
cylinder {
	<45.619820, 35.803383, 50.352287>,  <45.175076, 35.180069, 50.324322>, 0.130000
	pigment { color rgbt <1,0,0,0> }
	no_shadow
}

// nucleotide -1

// particle -1
sphere {
	<45.619820, 35.803383, 50.352287> 0.250000
	pigment { color rgbt <1,0,0,0> }
	no_shadow
}
cylinder {
	<45.569908, 35.667725, 50.725254>,  <45.539963, 35.586330, 50.949036>, 0.100000
	pigment { color rgbt <1,0,0,0> }
	no_shadow
}
cylinder {
	<45.569908, 35.667725, 50.725254>,  <45.619820, 35.803383, 50.352287>, 0.100000
	pigment { color rgbt <1,0,0,0> }
	no_shadow
}

// particle -1
sphere {
	<45.569908, 35.667725, 50.725254> 0.100000
	pigment { color rgbt <1,0,0,0> }
	no_shadow
}
sphere {
	0, 1
	scale<0.080000,0.200000,0.300000>
	matrix <0.991632, -0.011246, 0.128608,
		-0.033131, 0.940666, 0.337714,
		-0.124775, -0.339148, 0.932421,
		45.532475, 35.565979, 51.004982>
	pigment { color rgbt <0,1,1,0> }
	no_shadow
}
cylinder {
	<45.973419, 36.151917, 50.730289>,  <45.619820, 35.803383, 50.352287>, 0.130000
	pigment { color rgbt <1,0,0,0> }
	no_shadow
}

// nucleotide -1

// particle -1
sphere {
	<45.973419, 36.151917, 50.730289> 0.250000
	pigment { color rgbt <1,0,0,0> }
	no_shadow
}
cylinder {
	<45.921486, 35.847450, 50.984459>,  <45.890324, 35.664768, 51.136963>, 0.100000
	pigment { color rgbt <1,0,0,0> }
	no_shadow
}
cylinder {
	<45.921486, 35.847450, 50.984459>,  <45.973419, 36.151917, 50.730289>, 0.100000
	pigment { color rgbt <1,0,0,0> }
	no_shadow
}

// particle -1
sphere {
	<45.921486, 35.847450, 50.984459> 0.100000
	pigment { color rgbt <1,0,0,0> }
	no_shadow
}
sphere {
	0, 1
	scale<0.080000,0.200000,0.300000>
	matrix <0.975519, 0.016660, 0.219284,
		-0.177498, 0.648341, 0.740371,
		-0.129836, -0.761168, 0.635425,
		45.882534, 35.619099, 51.175087>
	pigment { color rgbt <0,1,1,0> }
	no_shadow
}
cylinder {
	<46.386131, 36.305653, 51.204819>,  <45.973419, 36.151917, 50.730289>, 0.130000
	pigment { color rgbt <1,0,0,0> }
	no_shadow
}

// nucleotide -1

// particle -1
sphere {
	<46.386131, 36.305653, 51.204819> 0.250000
	pigment { color rgbt <1,0,0,0> }
	no_shadow
}
cylinder {
	<46.332737, 35.919968, 51.296444>,  <46.300701, 35.688557, 51.351421>, 0.100000
	pigment { color rgbt <1,0,0,0> }
	no_shadow
}
cylinder {
	<46.332737, 35.919968, 51.296444>,  <46.386131, 36.305653, 51.204819>, 0.100000
	pigment { color rgbt <1,0,0,0> }
	no_shadow
}

// particle -1
sphere {
	<46.332737, 35.919968, 51.296444> 0.100000
	pigment { color rgbt <1,0,0,0> }
	no_shadow
}
sphere {
	0, 1
	scale<0.080000,0.200000,0.300000>
	matrix <0.938729, -0.048906, 0.341169,
		-0.317758, 0.260572, 0.911664,
		-0.133485, -0.964215, 0.229067,
		46.292690, 35.630703, 51.365166>
	pigment { color rgbt <0,1,1,0> }
	no_shadow
}
cylinder {
	<46.639137, 36.241795, 51.937927>,  <46.386131, 36.305653, 51.204819>, 0.130000
	pigment { color rgbt <1,0,0,0> }
	no_shadow
}

// nucleotide -1

// particle -1
sphere {
	<46.639137, 36.241795, 51.937927> 0.250000
	pigment { color rgbt <1,0,0,0> }
	no_shadow
}
cylinder {
	<46.655407, 35.883202, 51.761444>,  <46.665169, 35.668045, 51.655556>, 0.100000
	pigment { color rgbt <1,0,0,0> }
	no_shadow
}
cylinder {
	<46.655407, 35.883202, 51.761444>,  <46.639137, 36.241795, 51.937927>, 0.100000
	pigment { color rgbt <1,0,0,0> }
	no_shadow
}

// particle -1
sphere {
	<46.655407, 35.883202, 51.761444> 0.100000
	pigment { color rgbt <1,0,0,0> }
	no_shadow
}
sphere {
	0, 1
	scale<0.080000,0.200000,0.300000>
	matrix <0.903520, -0.155536, 0.399325,
		-0.426611, -0.414879, 0.803666,
		0.040673, -0.896484, -0.441204,
		46.667610, 35.614258, 51.629082>
	pigment { color rgbt <0,1,1,0> }
	no_shadow
}
cylinder {
	<46.981739, 35.771900, 52.385647>,  <46.639137, 36.241795, 51.937927>, 0.130000
	pigment { color rgbt <1,0,0,0> }
	no_shadow
}

// nucleotide -1

// particle -1
sphere {
	<46.981739, 35.771900, 52.385647> 0.250000
	pigment { color rgbt <1,0,0,0> }
	no_shadow
}
cylinder {
	<47.011723, 35.545223, 52.057442>,  <47.029713, 35.409218, 51.860519>, 0.100000
	pigment { color rgbt <1,0,0,0> }
	no_shadow
}
cylinder {
	<47.011723, 35.545223, 52.057442>,  <46.981739, 35.771900, 52.385647>, 0.100000
	pigment { color rgbt <1,0,0,0> }
	no_shadow
}

// particle -1
sphere {
	<47.011723, 35.545223, 52.057442> 0.100000
	pigment { color rgbt <1,0,0,0> }
	no_shadow
}
sphere {
	0, 1
	scale<0.080000,0.200000,0.300000>
	matrix <0.958453, -0.186158, 0.216132,
		-0.275225, -0.802625, 0.529191,
		0.074960, -0.566690, -0.820514,
		47.034210, 35.375217, 51.811287>
	pigment { color rgbt <0,1,1,0> }
	no_shadow
}
cylinder {
	<47.410065, 35.167057, 52.543079>,  <46.981739, 35.771900, 52.385647>, 0.130000
	pigment { color rgbt <1,0,0,0> }
	no_shadow
}

// nucleotide -1

// particle -1
sphere {
	<47.410065, 35.167057, 52.543079> 0.250000
	pigment { color rgbt <1,0,0,0> }
	no_shadow
}
cylinder {
	<47.406349, 35.248158, 52.151405>,  <47.404121, 35.296818, 51.916401>, 0.100000
	pigment { color rgbt <1,0,0,0> }
	no_shadow
}
cylinder {
	<47.406349, 35.248158, 52.151405>,  <47.410065, 35.167057, 52.543079>, 0.100000
	pigment { color rgbt <1,0,0,0> }
	no_shadow
}

// particle -1
sphere {
	<47.406349, 35.248158, 52.151405> 0.100000
	pigment { color rgbt <1,0,0,0> }
	no_shadow
}
sphere {
	0, 1
	scale<0.080000,0.200000,0.300000>
	matrix <0.996339, -0.081344, -0.026291,
		-0.084981, -0.975846, -0.201251,
		-0.009286, 0.202749, -0.979187,
		47.403564, 35.308983, 51.857651>
	pigment { color rgbt <0,1,1,0> }
	no_shadow
}
cylinder {
	<47.836197, 34.613182, 52.196800>,  <47.410065, 35.167057, 52.543079>, 0.130000
	pigment { color rgbt <1,0,0,0> }
	no_shadow
}

// nucleotide -1

// particle -1
sphere {
	<47.836197, 34.613182, 52.196800> 0.250000
	pigment { color rgbt <1,0,0,0> }
	no_shadow
}
cylinder {
	<47.820362, 34.936619, 51.961987>,  <47.810860, 35.130680, 51.821098>, 0.100000
	pigment { color rgbt <1,0,0,0> }
	no_shadow
}
cylinder {
	<47.820362, 34.936619, 51.961987>,  <47.836197, 34.613182, 52.196800>, 0.100000
	pigment { color rgbt <1,0,0,0> }
	no_shadow
}

// particle -1
sphere {
	<47.820362, 34.936619, 51.961987> 0.100000
	pigment { color rgbt <1,0,0,0> }
	no_shadow
}
sphere {
	0, 1
	scale<0.080000,0.200000,0.300000>
	matrix <0.988030, -0.055984, -0.143743,
		-0.149094, -0.585703, -0.796695,
		-0.039589, 0.808590, -0.587039,
		47.808487, 35.179195, 51.785873>
	pigment { color rgbt <0,1,1,0> }
	no_shadow
}
// strand 1

// nucleotide -1

// particle -1
sphere {
	<24.113232, 35.206570, 51.484035> 0.250000
	pigment { color rgbt <0,1,0,0> }
	no_shadow
}
cylinder {
	<24.234591, 35.048634, 51.830917>,  <24.307405, 34.953873, 52.039047>, 0.100000
	pigment { color rgbt <0,1,0,0> }
	no_shadow
}
cylinder {
	<24.234591, 35.048634, 51.830917>,  <24.113232, 35.206570, 51.484035>, 0.100000
	pigment { color rgbt <0,1,0,0> }
	no_shadow
}

// particle -1
sphere {
	<24.234591, 35.048634, 51.830917> 0.100000
	pigment { color rgbt <0,1,0,0> }
	no_shadow
}
sphere {
	0, 1
	scale<0.080000,0.200000,0.300000>
	matrix <0.898679, 0.421101, -0.122678,
		-0.316744, 0.816562, 0.482596,
		0.303396, -0.394841, 0.867209,
		24.325609, 34.930180, 52.091080>
	pigment { color rgbt <0,1,1,0> }
	no_shadow
}
cylinder {
	<24.452055, 35.711311, 51.886288>,  <24.113232, 35.206570, 51.484035>, 0.130000
	pigment { color rgbt <0,1,0,0> }
	no_shadow
}

// nucleotide -1

// particle -1
sphere {
	<24.452055, 35.711311, 51.886288> 0.250000
	pigment { color rgbt <0,1,0,0> }
	no_shadow
}
cylinder {
	<24.604353, 35.363705, 52.012680>,  <24.695732, 35.155140, 52.088516>, 0.100000
	pigment { color rgbt <0,1,0,0> }
	no_shadow
}
cylinder {
	<24.604353, 35.363705, 52.012680>,  <24.452055, 35.711311, 51.886288>, 0.100000
	pigment { color rgbt <0,1,0,0> }
	no_shadow
}

// particle -1
sphere {
	<24.604353, 35.363705, 52.012680> 0.100000
	pigment { color rgbt <0,1,0,0> }
	no_shadow
}
sphere {
	0, 1
	scale<0.080000,0.200000,0.300000>
	matrix <0.920513, 0.323806, -0.218644,
		0.087691, 0.374109, 0.923230,
		0.380744, -0.869018, 0.315977,
		24.718576, 35.103001, 52.107471>
	pigment { color rgbt <0,1,1,0> }
	no_shadow
}
cylinder {
	<25.083752, 35.912174, 52.161362>,  <24.452055, 35.711311, 51.886288>, 0.130000
	pigment { color rgbt <0,1,0,0> }
	no_shadow
}

// nucleotide -1

// particle -1
sphere {
	<25.083752, 35.912174, 52.161362> 0.250000
	pigment { color rgbt <0,1,0,0> }
	no_shadow
}
cylinder {
	<25.163664, 35.520939, 52.137943>,  <25.211611, 35.286198, 52.123890>, 0.100000
	pigment { color rgbt <0,1,0,0> }
	no_shadow
}
cylinder {
	<25.163664, 35.520939, 52.137943>,  <25.083752, 35.912174, 52.161362>, 0.100000
	pigment { color rgbt <0,1,0,0> }
	no_shadow
}

// particle -1
sphere {
	<25.163664, 35.520939, 52.137943> 0.100000
	pigment { color rgbt <0,1,0,0> }
	no_shadow
}
sphere {
	0, 1
	scale<0.080000,0.200000,0.300000>
	matrix <0.976244, 0.193575, 0.097347,
		-0.083880, -0.076607, 0.993527,
		0.199779, -0.978090, -0.058550,
		25.223598, 35.227512, 52.120377>
	pigment { color rgbt <0,1,1,0> }
	no_shadow
}
cylinder {
	<25.498505, 35.846767, 52.746189>,  <25.083752, 35.912174, 52.161362>, 0.130000
	pigment { color rgbt <0,1,0,0> }
	no_shadow
}

// nucleotide -1

// particle -1
sphere {
	<25.498505, 35.846767, 52.746189> 0.250000
	pigment { color rgbt <0,1,0,0> }
	no_shadow
}
cylinder {
	<25.530504, 35.524746, 52.511074>,  <25.549704, 35.331535, 52.370007>, 0.100000
	pigment { color rgbt <0,1,0,0> }
	no_shadow
}
cylinder {
	<25.530504, 35.524746, 52.511074>,  <25.498505, 35.846767, 52.746189>, 0.100000
	pigment { color rgbt <0,1,0,0> }
	no_shadow
}

// particle -1
sphere {
	<25.530504, 35.524746, 52.511074> 0.100000
	pigment { color rgbt <0,1,0,0> }
	no_shadow
}
sphere {
	0, 1
	scale<0.080000,0.200000,0.300000>
	matrix <0.996506, 0.078798, 0.027700,
		0.024017, -0.587948, 0.808542,
		0.079997, -0.805052, -0.587786,
		25.554504, 35.283230, 52.334740>
	pigment { color rgbt <0,1,1,0> }
	no_shadow
}
cylinder {
	<26.057304, 35.473583, 53.076012>,  <25.498505, 35.846767, 52.746189>, 0.130000
	pigment { color rgbt <0,1,0,0> }
	no_shadow
}

// nucleotide -1

// particle -1
sphere {
	<26.057304, 35.473583, 53.076012> 0.250000
	pigment { color rgbt <0,1,0,0> }
	no_shadow
}
cylinder {
	<26.033745, 35.318008, 52.708260>,  <26.019609, 35.224663, 52.487610>, 0.100000
	pigment { color rgbt <0,1,0,0> }
	no_shadow
}
cylinder {
	<26.033745, 35.318008, 52.708260>,  <26.057304, 35.473583, 53.076012>, 0.100000
	pigment { color rgbt <0,1,0,0> }
	no_shadow
}

// particle -1
sphere {
	<26.033745, 35.318008, 52.708260> 0.100000
	pigment { color rgbt <0,1,0,0> }
	no_shadow
}
sphere {
	0, 1
	scale<0.080000,0.200000,0.300000>
	matrix <0.997397, 0.015462, -0.070438,
		0.041611, -0.921136, 0.387011,
		-0.058899, -0.388934, -0.919381,
		26.016075, 35.201328, 52.432446>
	pigment { color rgbt <0,1,1,0> }
	no_shadow
}
cylinder {
	<26.498716, 34.891880, 53.003284>,  <26.057304, 35.473583, 53.076012>, 0.130000
	pigment { color rgbt <0,1,0,0> }
	no_shadow
}

// nucleotide -1

// particle -1
sphere {
	<26.498716, 34.891880, 53.003284> 0.250000
	pigment { color rgbt <0,1,0,0> }
	no_shadow
}
cylinder {
	<26.455139, 35.022598, 52.627766>,  <26.428993, 35.101028, 52.402454>, 0.100000
	pigment { color rgbt <0,1,0,0> }
	no_shadow
}
cylinder {
	<26.455139, 35.022598, 52.627766>,  <26.498716, 34.891880, 53.003284>, 0.100000
	pigment { color rgbt <0,1,0,0> }
	no_shadow
}

// particle -1
sphere {
	<26.455139, 35.022598, 52.627766> 0.100000
	pigment { color rgbt <0,1,0,0> }
	no_shadow
}
sphere {
	0, 1
	scale<0.080000,0.200000,0.300000>
	matrix <0.994027, 0.041975, -0.100743,
		0.006484, -0.944163, -0.329414,
		-0.108945, 0.326793, -0.938796,
		26.422455, 35.120636, 52.346127>
	pigment { color rgbt <0,1,1,0> }
	no_shadow
}
cylinder {
	<27.068167, 34.637806, 52.701012>,  <26.498716, 34.891880, 53.003284>, 0.130000
	pigment { color rgbt <0,1,0,0> }
	no_shadow
}

// nucleotide -1

// particle -1
sphere {
	<27.068167, 34.637806, 52.701012> 0.250000
	pigment { color rgbt <0,1,0,0> }
	no_shadow
}
cylinder {
	<26.946243, 34.882549, 52.409061>,  <26.873089, 35.029396, 52.233891>, 0.100000
	pigment { color rgbt <0,1,0,0> }
	no_shadow
}
cylinder {
	<26.946243, 34.882549, 52.409061>,  <27.068167, 34.637806, 52.701012>, 0.100000
	pigment { color rgbt <0,1,0,0> }
	no_shadow
}

// particle -1
sphere {
	<26.946243, 34.882549, 52.409061> 0.100000
	pigment { color rgbt <0,1,0,0> }
	no_shadow
}
sphere {
	0, 1
	scale<0.080000,0.200000,0.300000>
	matrix <0.952388, 0.190265, -0.238234,
		-0.006897, -0.767739, -0.640725,
		-0.304809, 0.611862, -0.729874,
		26.854801, 35.066109, 52.190098>
	pigment { color rgbt <0,1,1,0> }
	no_shadow
}
cylinder {
	<27.546675, 34.531693, 52.125008>,  <27.068167, 34.637806, 52.701012>, 0.130000
	pigment { color rgbt <0,1,0,0> }
	no_shadow
}

// nucleotide -1

// particle -1
sphere {
	<27.546675, 34.531693, 52.125008> 0.250000
	pigment { color rgbt <0,1,0,0> }
	no_shadow
}
cylinder {
	<27.355515, 34.873295, 52.042751>,  <27.240818, 35.078255, 51.993397>, 0.100000
	pigment { color rgbt <0,1,0,0> }
	no_shadow
}
cylinder {
	<27.355515, 34.873295, 52.042751>,  <27.546675, 34.531693, 52.125008>, 0.100000
	pigment { color rgbt <0,1,0,0> }
	no_shadow
}

// particle -1
sphere {
	<27.355515, 34.873295, 52.042751> 0.100000
	pigment { color rgbt <0,1,0,0> }
	no_shadow
}
sphere {
	0, 1
	scale<0.080000,0.200000,0.300000>
	matrix <0.855009, 0.398565, -0.331821,
		-0.201415, -0.334402, -0.920656,
		-0.477902, 0.854003, -0.205639,
		27.212143, 35.129498, 51.981060>
	pigment { color rgbt <0,1,1,0> }
	no_shadow
}
cylinder {
	<27.483150, 34.649582, 51.348045>,  <27.546675, 34.531693, 52.125008>, 0.130000
	pigment { color rgbt <0,1,0,0> }
	no_shadow
}

// nucleotide -1

// particle -1
sphere {
	<27.483150, 34.649582, 51.348045> 0.250000
	pigment { color rgbt <0,1,0,0> }
	no_shadow
}
cylinder {
	<27.495190, 34.991325, 51.555573>,  <27.502413, 35.196369, 51.680088>, 0.100000
	pigment { color rgbt <0,1,0,0> }
	no_shadow
}
cylinder {
	<27.495190, 34.991325, 51.555573>,  <27.483150, 34.649582, 51.348045>, 0.100000
	pigment { color rgbt <0,1,0,0> }
	no_shadow
}

// particle -1
sphere {
	<27.495190, 34.991325, 51.555573> 0.100000
	pigment { color rgbt <0,1,0,0> }
	no_shadow
}
sphere {
	0, 1
	scale<0.080000,0.200000,0.300000>
	matrix <0.864259, 0.238512, -0.442910,
		-0.502146, 0.461723, -0.731205,
		0.030100, 0.854356, 0.518816,
		27.504219, 35.247631, 51.711216>
	pigment { color rgbt <0,1,1,0> }
	no_shadow
}
cylinder {
	<27.844658, 35.129940, 50.791573>,  <27.483150, 34.649582, 51.348045>, 0.130000
	pigment { color rgbt <0,1,0,0> }
	no_shadow
}

// nucleotide -1

// particle -1
sphere {
	<27.844658, 35.129940, 50.791573> 0.250000
	pigment { color rgbt <0,1,0,0> }
	no_shadow
}
cylinder {
	<27.882929, 35.263840, 51.166546>,  <27.905891, 35.344181, 51.391529>, 0.100000
	pigment { color rgbt <0,1,0,0> }
	no_shadow
}
cylinder {
	<27.882929, 35.263840, 51.166546>,  <27.844658, 35.129940, 50.791573>, 0.100000
	pigment { color rgbt <0,1,0,0> }
	no_shadow
}

// particle -1
sphere {
	<27.882929, 35.263840, 51.166546> 0.100000
	pigment { color rgbt <0,1,0,0> }
	no_shadow
}
sphere {
	0, 1
	scale<0.080000,0.200000,0.300000>
	matrix <0.948954, 0.253680, -0.187439,
		-0.300555, 0.907517, -0.293394,
		0.095676, 0.334753, 0.937436,
		27.911633, 35.364265, 51.447777>
	pigment { color rgbt <0,1,1,0> }
	no_shadow
}
cylinder {
	<28.052397, 35.836666, 50.759686>,  <27.844658, 35.129940, 50.791573>, 0.130000
	pigment { color rgbt <0,1,0,0> }
	no_shadow
}

// nucleotide -1

// particle -1
sphere {
	<28.052397, 35.836666, 50.759686> 0.250000
	pigment { color rgbt <0,1,0,0> }
	no_shadow
}
cylinder {
	<28.161770, 35.732227, 51.129997>,  <28.227394, 35.669563, 51.352184>, 0.100000
	pigment { color rgbt <0,1,0,0> }
	no_shadow
}
cylinder {
	<28.161770, 35.732227, 51.129997>,  <28.052397, 35.836666, 50.759686>, 0.100000
	pigment { color rgbt <0,1,0,0> }
	no_shadow
}

// particle -1
sphere {
	<28.161770, 35.732227, 51.129997> 0.100000
	pigment { color rgbt <0,1,0,0> }
	no_shadow
}
sphere {
	0, 1
	scale<0.080000,0.200000,0.300000>
	matrix <0.944000, 0.257609, -0.206160,
		-0.184661, 0.930305, 0.316912,
		0.273430, -0.261095, 0.925778,
		28.243799, 35.653900, 51.407730>
	pigment { color rgbt <0,1,1,0> }
	no_shadow
}
cylinder {
	<28.437719, 36.400322, 51.012043>,  <28.052397, 35.836666, 50.759686>, 0.130000
	pigment { color rgbt <0,1,0,0> }
	no_shadow
}

// nucleotide -1

// particle -1
sphere {
	<28.437719, 36.400322, 51.012043> 0.250000
	pigment { color rgbt <0,1,0,0> }
	no_shadow
}
cylinder {
	<28.558294, 36.085552, 51.227406>,  <28.630640, 35.896690, 51.356625>, 0.100000
	pigment { color rgbt <0,1,0,0> }
	no_shadow
}
cylinder {
	<28.558294, 36.085552, 51.227406>,  <28.437719, 36.400322, 51.012043>, 0.100000
	pigment { color rgbt <0,1,0,0> }
	no_shadow
}

// particle -1
sphere {
	<28.558294, 36.085552, 51.227406> 0.100000
	pigment { color rgbt <0,1,0,0> }
	no_shadow
}
sphere {
	0, 1
	scale<0.080000,0.200000,0.300000>
	matrix <0.953399, 0.241133, -0.181344,
		0.012876, 0.567983, 0.822940,
		0.301438, -0.786925, 0.538409,
		28.648726, 35.849476, 51.388927>
	pigment { color rgbt <0,1,1,0> }
	no_shadow
}
cylinder {
	<29.099955, 36.511494, 51.157890>,  <28.437719, 36.400322, 51.012043>, 0.130000
	pigment { color rgbt <0,1,0,0> }
	no_shadow
}

// nucleotide -1

// particle -1
sphere {
	<29.099955, 36.511494, 51.157890> 0.250000
	pigment { color rgbt <0,1,0,0> }
	no_shadow
}
cylinder {
	<29.133707, 36.133209, 51.283440>,  <29.153959, 35.906239, 51.358768>, 0.100000
	pigment { color rgbt <0,1,0,0> }
	no_shadow
}
cylinder {
	<29.133707, 36.133209, 51.283440>,  <29.099955, 36.511494, 51.157890>, 0.100000
	pigment { color rgbt <0,1,0,0> }
	no_shadow
}

// particle -1
sphere {
	<29.133707, 36.133209, 51.283440> 0.100000
	pigment { color rgbt <0,1,0,0> }
	no_shadow
}
sphere {
	0, 1
	scale<0.080000,0.200000,0.300000>
	matrix <0.968925, 0.004368, -0.247318,
		0.232519, 0.324992, 0.916687,
		0.084381, -0.945707, 0.313877,
		29.159021, 35.849499, 51.377602>
	pigment { color rgbt <0,1,1,0> }
	no_shadow
}
cylinder {
	<29.742683, 36.424065, 51.542858>,  <29.099955, 36.511494, 51.157890>, 0.130000
	pigment { color rgbt <0,1,0,0> }
	no_shadow
}

// nucleotide -1

// particle -1
sphere {
	<29.742683, 36.424065, 51.542858> 0.250000
	pigment { color rgbt <0,1,0,0> }
	no_shadow
}
cylinder {
	<29.624985, 36.073757, 51.389786>,  <29.554365, 35.863571, 51.297943>, 0.100000
	pigment { color rgbt <0,1,0,0> }
	no_shadow
}
cylinder {
	<29.624985, 36.073757, 51.389786>,  <29.742683, 36.424065, 51.542858>, 0.100000
	pigment { color rgbt <0,1,0,0> }
	no_shadow
}

// particle -1
sphere {
	<29.624985, 36.073757, 51.389786> 0.100000
	pigment { color rgbt <0,1,0,0> }
	no_shadow
}
sphere {
	0, 1
	scale<0.080000,0.200000,0.300000>
	matrix <0.915258, -0.142927, -0.376663,
		0.275175, -0.461083, 0.843612,
		-0.294248, -0.875771, -0.382680,
		29.536711, 35.811028, 51.274982>
	pigment { color rgbt <0,1,1,0> }
	no_shadow
}
cylinder {
	<30.216400, 36.069748, 51.715752>,  <29.742683, 36.424065, 51.542858>, 0.130000
	pigment { color rgbt <0,1,0,0> }
	no_shadow
}

// nucleotide -1

// particle -1
sphere {
	<30.216400, 36.069748, 51.715752> 0.250000
	pigment { color rgbt <0,1,0,0> }
	no_shadow
}
cylinder {
	<30.051521, 35.859695, 51.417938>,  <29.952593, 35.733665, 51.239250>, 0.100000
	pigment { color rgbt <0,1,0,0> }
	no_shadow
}
cylinder {
	<30.051521, 35.859695, 51.417938>,  <30.216400, 36.069748, 51.715752>, 0.100000
	pigment { color rgbt <0,1,0,0> }
	no_shadow
}

// particle -1
sphere {
	<30.051521, 35.859695, 51.417938> 0.100000
	pigment { color rgbt <0,1,0,0> }
	no_shadow
}
sphere {
	0, 1
	scale<0.080000,0.200000,0.300000>
	matrix <0.910022, -0.276931, -0.308496,
		-0.044186, -0.804706, 0.592028,
		-0.412199, -0.525127, -0.744536,
		29.927862, 35.702156, 51.194576>
	pigment { color rgbt <0,1,1,0> }
	no_shadow
}
cylinder {
	<30.688105, 35.474655, 51.715946>,  <30.216400, 36.069748, 51.715752>, 0.130000
	pigment { color rgbt <0,1,0,0> }
	no_shadow
}

// nucleotide -1

// particle -1
sphere {
	<30.688105, 35.474655, 51.715946> 0.250000
	pigment { color rgbt <0,1,0,0> }
	no_shadow
}
cylinder {
	<30.496756, 35.488167, 51.364944>,  <30.381947, 35.496273, 51.154343>, 0.100000
	pigment { color rgbt <0,1,0,0> }
	no_shadow
}
cylinder {
	<30.496756, 35.488167, 51.364944>,  <30.688105, 35.474655, 51.715946>, 0.100000
	pigment { color rgbt <0,1,0,0> }
	no_shadow
}

// particle -1
sphere {
	<30.496756, 35.488167, 51.364944> 0.100000
	pigment { color rgbt <0,1,0,0> }
	no_shadow
}
sphere {
	0, 1
	scale<0.080000,0.200000,0.300000>
	matrix <0.865316, -0.152131, -0.477581,
		-0.149616, -0.987784, 0.043567,
		-0.478375, 0.033754, -0.877507,
		30.353245, 35.498299, 51.101692>
	pigment { color rgbt <0,1,1,0> }
	no_shadow
}
cylinder {
	<30.769958, 34.803497, 51.338657>,  <30.688105, 35.474655, 51.715946>, 0.130000
	pigment { color rgbt <0,1,0,0> }
	no_shadow
}

// nucleotide -1

// particle -1
sphere {
	<30.769958, 34.803497, 51.338657> 0.250000
	pigment { color rgbt <0,1,0,0> }
	no_shadow
}
cylinder {
	<30.694136, 35.078438, 51.058193>,  <30.648642, 35.243401, 50.889915>, 0.100000
	pigment { color rgbt <0,1,0,0> }
	no_shadow
}
cylinder {
	<30.694136, 35.078438, 51.058193>,  <30.769958, 34.803497, 51.338657>, 0.100000
	pigment { color rgbt <0,1,0,0> }
	no_shadow
}

// particle -1
sphere {
	<30.694136, 35.078438, 51.058193> 0.100000
	pigment { color rgbt <0,1,0,0> }
	no_shadow
}
sphere {
	0, 1
	scale<0.080000,0.200000,0.300000>
	matrix <0.819800, -0.282210, -0.498281,
		-0.540366, -0.669262, -0.509993,
		-0.189556, 0.687347, -0.701158,
		30.637268, 35.284641, 50.847847>
	pigment { color rgbt <0,1,1,0> }
	no_shadow
}
cylinder {
	<31.169359, 34.569145, 50.868786>,  <30.769958, 34.803497, 51.338657>, 0.130000
	pigment { color rgbt <0,1,0,0> }
	no_shadow
}

// nucleotide -1

// particle -1
sphere {
	<31.169359, 34.569145, 50.868786> 0.250000
	pigment { color rgbt <0,1,0,0> }
	no_shadow
}
cylinder {
	<31.066221, 34.918427, 50.703362>,  <31.004337, 35.127995, 50.604107>, 0.100000
	pigment { color rgbt <0,1,0,0> }
	no_shadow
}
cylinder {
	<31.066221, 34.918427, 50.703362>,  <31.169359, 34.569145, 50.868786>, 0.100000
	pigment { color rgbt <0,1,0,0> }
	no_shadow
}

// particle -1
sphere {
	<31.066221, 34.918427, 50.703362> 0.100000
	pigment { color rgbt <0,1,0,0> }
	no_shadow
}
sphere {
	0, 1
	scale<0.080000,0.200000,0.300000>
	matrix <0.817497, -0.030979, -0.575099,
		-0.514989, -0.486375, -0.705851,
		-0.257847, 0.873201, -0.413564,
		30.988867, 35.180386, 50.579292>
	pigment { color rgbt <0,1,1,0> }
	no_shadow
}
cylinder {
	<31.111708, 34.463570, 50.173534>,  <31.169359, 34.569145, 50.868786>, 0.130000
	pigment { color rgbt <0,1,0,0> }
	no_shadow
}

// nucleotide -1

// particle -1
sphere {
	<31.111708, 34.463570, 50.173534> 0.250000
	pigment { color rgbt <0,1,0,0> }
	no_shadow
}
cylinder {
	<31.193321, 34.854855, 50.188904>,  <31.242289, 35.089626, 50.198124>, 0.100000
	pigment { color rgbt <0,1,0,0> }
	no_shadow
}
cylinder {
	<31.193321, 34.854855, 50.188904>,  <31.111708, 34.463570, 50.173534>, 0.100000
	pigment { color rgbt <0,1,0,0> }
	no_shadow
}

// particle -1
sphere {
	<31.193321, 34.854855, 50.188904> 0.100000
	pigment { color rgbt <0,1,0,0> }
	no_shadow
}
sphere {
	0, 1
	scale<0.080000,0.200000,0.300000>
	matrix <0.840301, -0.154861, -0.519532,
		-0.502260, 0.138289, -0.853587,
		0.204033, 0.978210, 0.038424,
		31.254532, 35.148319, 50.200432>
	pigment { color rgbt <0,1,1,0> }
	no_shadow
}
cylinder {
	<31.458174, 34.517761, 49.602379>,  <31.111708, 34.463570, 50.173534>, 0.130000
	pigment { color rgbt <0,1,0,0> }
	no_shadow
}

// nucleotide -1

// particle -1
sphere {
	<31.458174, 34.517761, 49.602379> 0.250000
	pigment { color rgbt <0,1,0,0> }
	no_shadow
}
cylinder {
	<31.535761, 34.865261, 49.784657>,  <31.582314, 35.073761, 49.894024>, 0.100000
	pigment { color rgbt <0,1,0,0> }
	no_shadow
}
cylinder {
	<31.535761, 34.865261, 49.784657>,  <31.458174, 34.517761, 49.602379>, 0.100000
	pigment { color rgbt <0,1,0,0> }
	no_shadow
}

// particle -1
sphere {
	<31.535761, 34.865261, 49.784657> 0.100000
	pigment { color rgbt <0,1,0,0> }
	no_shadow
}
sphere {
	0, 1
	scale<0.080000,0.200000,0.300000>
	matrix <0.799816, 0.128928, -0.586235,
		-0.568041, 0.478180, -0.669831,
		0.193966, 0.868747, 0.455692,
		31.593950, 35.125885, 49.921364>
	pigment { color rgbt <0,1,1,0> }
	no_shadow
}
cylinder {
	<31.628448, 35.034828, 49.033722>,  <31.458174, 34.517761, 49.602379>, 0.130000
	pigment { color rgbt <0,1,0,0> }
	no_shadow
}

// nucleotide -1

// particle -1
sphere {
	<31.628448, 35.034828, 49.033722> 0.250000
	pigment { color rgbt <0,1,0,0> }
	no_shadow
}
cylinder {
	<31.800589, 35.205814, 49.351734>,  <31.903873, 35.308407, 49.542542>, 0.100000
	pigment { color rgbt <0,1,0,0> }
	no_shadow
}
cylinder {
	<31.800589, 35.205814, 49.351734>,  <31.628448, 35.034828, 49.033722>, 0.100000
	pigment { color rgbt <0,1,0,0> }
	no_shadow
}

// particle -1
sphere {
	<31.800589, 35.205814, 49.351734> 0.100000
	pigment { color rgbt <0,1,0,0> }
	no_shadow
}
sphere {
	0, 1
	scale<0.080000,0.200000,0.300000>
	matrix <0.870686, 0.035764, -0.490537,
		-0.238122, 0.903323, -0.356800,
		0.430353, 0.427468, 0.795027,
		31.929695, 35.334053, 49.590240>
	pigment { color rgbt <0,1,1,0> }
	no_shadow
}
// strand 2

// nucleotide -1

// particle -1
sphere {
	<24.093115, 34.843678, 34.388538> 0.250000
	pigment { color rgbt <0,0,1,0> }
	no_shadow
}
cylinder {
	<24.105639, 34.944458, 34.775433>,  <24.113153, 35.004925, 35.007568>, 0.100000
	pigment { color rgbt <0,0,1,0> }
	no_shadow
}
cylinder {
	<24.105639, 34.944458, 34.775433>,  <24.093115, 34.843678, 34.388538>, 0.100000
	pigment { color rgbt <0,0,1,0> }
	no_shadow
}

// particle -1
sphere {
	<24.105639, 34.944458, 34.775433> 0.100000
	pigment { color rgbt <0,0,1,0> }
	no_shadow
}
sphere {
	0, 1
	scale<0.080000,0.200000,0.300000>
	matrix <0.943756, 0.311231, -0.111623,
		-0.329156, 0.916327, -0.228036,
		0.031311, 0.251951, 0.967233,
		24.115032, 35.020042, 35.065601>
	pigment { color rgbt <0,1,1,0> }
	no_shadow
}
cylinder {
	<24.157232, 35.552155, 34.368034>,  <24.093115, 34.843678, 34.388538>, 0.130000
