// switches for output
#declare DRAW_BASES = 1; // possible values are 0, 1; only relevant for DNA ribbons
#declare DRAW_BASES_TYPE = 3; // possible values are 1, 2, 3; only relevant for DNA ribbons
#declare DRAW_FOG = 0; // set to 1 to enable fog

#include "colors.inc"

#include "transforms.inc"
background { rgb <1, 1, 1>}

#default {
   normal{
       ripples 0.25
       frequency 0.20
       turbulence 0.2
       lambda 5
   }
	finish {
		phong 0.1
		phong_size 40.
	}
}

// original window dimensions: 1024x640


// camera settings

camera {
	sky <0, 0.179814, -0.983701>
	up <0, 0.179814, -0.983701>
	right 1.6 * <1, 0, 0>
	location <35, 92.5046, 58.4545>
	look_at <35, 26.874, 46.4577>
	direction <0, -65.6306, -11.9968>
	angle 67.0682
}


# declare cpy_camera_pos = <35, 92.5046, 58.4545>;
# if (DRAW_FOG = 1)
fog {
	fog_type 2
	up vnormalize(cpy_camera_pos)
	color rgbt<1,1,1,0.3>
	distance 1e-5
	fog_alt 3e-3
	fog_offset 56
}
# end


// LIGHTS

# declare lum = 6;
global_settings {
	ambient_light rgb lum * <0.05, 0.05, 0.05>
	max_trace_level 15
}# declare cpy_direct_light_amount = 0.25;
light_source
{	1000 * <-1, -1.16351, -0.803887>,
	rgb lum * cpy_direct_light_amount
	parallel
}

light_source
{	1000 * <1, 1.16351, 0.803887>,
	rgb lum * cpy_direct_light_amount
	parallel
}

// strand 0

// nucleotide -1

// particle -1
sphere {
	<40.764637, 31.490095, 48.930981> 0.250000
	pigment { color rgbt <1,0,0,0> }
	no_shadow
}
cylinder {
	<40.692364, 31.771242, 49.206177>,  <40.649002, 31.939930, 49.371296>, 0.100000
	pigment { color rgbt <1,0,0,0> }
	no_shadow
}
cylinder {
	<40.692364, 31.771242, 49.206177>,  <40.764637, 31.490095, 48.930981>, 0.100000
	pigment { color rgbt <1,0,0,0> }
	no_shadow
}

// particle -1
sphere {
	<40.692364, 31.771242, 49.206177> 0.100000
	pigment { color rgbt <1,0,0,0> }
	no_shadow
}
sphere {
	0, 1
	scale<0.080000,0.200000,0.300000>
	matrix <0.982292, 0.164203, 0.090218,
		-0.049559, 0.692110, -0.720088,
		-0.180681, 0.702866, 0.687992,
		40.638161, 31.982101, 49.412575>
	pigment { color rgbt <0,1,1,0> }
	no_shadow
}
cylinder {
	<41.246326, 32.059845, 48.809711>,  <40.764637, 31.490095, 48.930981>, 0.130000
	pigment { color rgbt <1,0,0,0> }
	no_shadow
}

// nucleotide -1

// particle -1
sphere {
	<41.246326, 32.059845, 48.809711> 0.250000
	pigment { color rgbt <1,0,0,0> }
	no_shadow
}
cylinder {
	<41.105137, 32.144855, 49.174183>,  <41.020424, 32.195862, 49.392864>, 0.100000
	pigment { color rgbt <1,0,0,0> }
	no_shadow
}
cylinder {
	<41.105137, 32.144855, 49.174183>,  <41.246326, 32.059845, 48.809711>, 0.100000
	pigment { color rgbt <1,0,0,0> }
	no_shadow
}

// particle -1
sphere {
	<41.105137, 32.144855, 49.174183> 0.100000
	pigment { color rgbt <1,0,0,0> }
	no_shadow
}
sphere {
	0, 1
	scale<0.080000,0.200000,0.300000>
	matrix <0.920792, 0.251662, 0.298006,
		-0.165975, 0.944193, -0.284521,
		-0.352978, 0.212524, 0.911175,
		40.999245, 32.208614, 49.447536>
	pigment { color rgbt <0,1,1,0> }
	no_shadow
}
cylinder {
	<41.623837, 32.733219, 48.993587>,  <41.246326, 32.059845, 48.809711>, 0.130000
	pigment { color rgbt <1,0,0,0> }
	no_shadow
}

// nucleotide -1

// particle -1
sphere {
	<41.623837, 32.733219, 48.993587> 0.250000
	pigment { color rgbt <1,0,0,0> }
	no_shadow
}
cylinder {
	<41.478413, 32.570053, 49.328594>,  <41.391159, 32.472153, 49.529598>, 0.100000
	pigment { color rgbt <1,0,0,0> }
	no_shadow
}
cylinder {
	<41.478413, 32.570053, 49.328594>,  <41.623837, 32.733219, 48.993587>, 0.100000
	pigment { color rgbt <1,0,0,0> }
	no_shadow
}

// particle -1
sphere {
	<41.478413, 32.570053, 49.328594> 0.100000
	pigment { color rgbt <1,0,0,0> }
	no_shadow
}
sphere {
	0, 1
	scale<0.080000,0.200000,0.300000>
	matrix <0.815153, 0.295897, 0.497967,
		-0.450947, 0.863742, 0.224937,
		-0.363557, -0.407915, 0.837516,
		41.369347, 32.447678, 49.579849>
	pigment { color rgbt <0,1,1,0> }
	no_shadow
}
cylinder {
	<41.775429, 33.191341, 49.543175>,  <41.623837, 32.733219, 48.993587>, 0.130000
	pigment { color rgbt <1,0,0,0> }
	no_shadow
}

// nucleotide -1

// particle -1
sphere {
	<41.775429, 33.191341, 49.543175> 0.250000
	pigment { color rgbt <1,0,0,0> }
	no_shadow
}
cylinder {
	<41.683594, 32.878925, 49.775475>,  <41.628494, 32.691475, 49.914856>, 0.100000
	pigment { color rgbt <1,0,0,0> }
	no_shadow
}
cylinder {
	<41.683594, 32.878925, 49.775475>,  <41.775429, 33.191341, 49.543175>, 0.100000
	pigment { color rgbt <1,0,0,0> }
	no_shadow
}

// particle -1
sphere {
	<41.683594, 32.878925, 49.775475> 0.100000
	pigment { color rgbt <1,0,0,0> }
	no_shadow
}
sphere {
	0, 1
	scale<0.080000,0.200000,0.300000>
	matrix <0.743713, 0.244127, 0.622328,
		-0.627840, 0.574787, 0.524821,
		-0.229583, -0.781039, 0.580750,
		41.614719, 32.644615, 49.949699>
	pigment { color rgbt <0,1,1,0> }
	no_shadow
}
cylinder {
	<41.716476, 33.468235, 50.234352>,  <41.775429, 33.191341, 49.543175>, 0.130000
	pigment { color rgbt <1,0,0,0> }
	no_shadow
}

// nucleotide -1

// particle -1
sphere {
	<41.716476, 33.468235, 50.234352> 0.250000
	pigment { color rgbt <1,0,0,0> }
	no_shadow
}
cylinder {
	<41.800800, 33.078613, 50.267265>,  <41.851395, 32.844841, 50.287014>, 0.100000
	pigment { color rgbt <1,0,0,0> }
	no_shadow
}
cylinder {
	<41.800800, 33.078613, 50.267265>,  <41.716476, 33.468235, 50.234352>, 0.100000
	pigment { color rgbt <1,0,0,0> }
	no_shadow
}

// particle -1
sphere {
	<41.800800, 33.078613, 50.267265> 0.100000
	pigment { color rgbt <1,0,0,0> }
	no_shadow
}
sphere {
	0, 1
	scale<0.080000,0.200000,0.300000>
	matrix <0.778423, 0.218194, 0.588600,
		-0.591283, -0.060034, 0.804226,
		0.210813, -0.974057, 0.082282,
		41.864044, 32.786396, 50.291950>
	pigment { color rgbt <0,1,1,0> }
	no_shadow
}
cylinder {
	<41.681255, 33.230564, 51.005936>,  <41.716476, 33.468235, 50.234352>, 0.130000
	pigment { color rgbt <1,0,0,0> }
	no_shadow
}

// nucleotide -1

// particle -1
sphere {
	<41.681255, 33.230564, 51.005936> 0.250000
	pigment { color rgbt <1,0,0,0> }
	no_shadow
}
cylinder {
	<41.915611, 32.996513, 50.781662>,  <42.056225, 32.856083, 50.647099>, 0.100000
	pigment { color rgbt <1,0,0,0> }
	no_shadow
}
cylinder {
	<41.915611, 32.996513, 50.781662>,  <41.681255, 33.230564, 51.005936>, 0.100000
	pigment { color rgbt <1,0,0,0> }
	no_shadow
}

// particle -1
sphere {
	<41.915611, 32.996513, 50.781662> 0.100000
	pigment { color rgbt <1,0,0,0> }
	no_shadow
}
sphere {
	0, 1
	scale<0.080000,0.200000,0.300000>
	matrix <0.758391, 0.152038, 0.633820,
		-0.285621, -0.796561, 0.532833,
		0.585887, -0.585128, -0.560679,
		42.091377, 32.820976, 50.613457>
	pigment { color rgbt <0,1,1,0> }
	no_shadow
}
cylinder {
	<41.946552, 32.874199, 51.526859>,  <41.681255, 33.230564, 51.005936>, 0.130000
	pigment { color rgbt <1,0,0,0> }
	no_shadow
}

// nucleotide -1

// particle -1
sphere {
	<41.946552, 32.874199, 51.526859> 0.250000
	pigment { color rgbt <1,0,0,0> }
	no_shadow
}
cylinder {
	<42.181042, 32.846485, 51.203987>,  <42.321735, 32.829857, 51.010265>, 0.100000
	pigment { color rgbt <1,0,0,0> }
	no_shadow
}
cylinder {
	<42.181042, 32.846485, 51.203987>,  <41.946552, 32.874199, 51.526859>, 0.100000
	pigment { color rgbt <1,0,0,0> }
	no_shadow
}

// particle -1
sphere {
	<42.181042, 32.846485, 51.203987> 0.100000
	pigment { color rgbt <1,0,0,0> }
	no_shadow
}
sphere {
	0, 1
	scale<0.080000,0.200000,0.300000>
	matrix <0.806667, 0.142175, 0.573651,
		0.075017, -0.987414, 0.139235,
		0.586226, -0.069283, -0.807179,
		42.356911, 32.825699, 50.961834>
	pigment { color rgbt <0,1,1,0> }
	no_shadow
}
cylinder {
	<42.479599, 32.326122, 51.690044>,  <41.946552, 32.874199, 51.526859>, 0.130000
	pigment { color rgbt <1,0,0,0> }
	no_shadow
}

// nucleotide -1

// particle -1
sphere {
	<42.479599, 32.326122, 51.690044> 0.250000
	pigment { color rgbt <1,0,0,0> }
	no_shadow
}
cylinder {
	<42.650562, 32.512917, 51.380402>,  <42.753139, 32.624992, 51.194614>, 0.100000
	pigment { color rgbt <1,0,0,0> }
	no_shadow
}
cylinder {
	<42.650562, 32.512917, 51.380402>,  <42.479599, 32.326122, 51.690044>, 0.100000
	pigment { color rgbt <1,0,0,0> }
	no_shadow
}

// particle -1
sphere {
	<42.650562, 32.512917, 51.380402> 0.100000
	pigment { color rgbt <1,0,0,0> }
	no_shadow
}
sphere {
	0, 1
	scale<0.080000,0.200000,0.300000>
	matrix <0.824073, 0.150887, 0.546019,
		0.371788, -0.871294, -0.320344,
		0.427407, 0.466990, -0.774108,
		42.778786, 32.653015, 51.148170>
	pigment { color rgbt <0,1,1,0> }
	no_shadow
}
cylinder {
	<43.171162, 32.075424, 51.621155>,  <42.479599, 32.326122, 51.690044>, 0.130000
	pigment { color rgbt <1,0,0,0> }
	no_shadow
}

// nucleotide -1

// particle -1
sphere {
	<43.171162, 32.075424, 51.621155> 0.250000
	pigment { color rgbt <1,0,0,0> }
	no_shadow
}
cylinder {
	<43.203938, 32.419044, 51.419041>,  <43.223602, 32.625217, 51.297771>, 0.100000
	pigment { color rgbt <1,0,0,0> }
	no_shadow
}
cylinder {
	<43.203938, 32.419044, 51.419041>,  <43.171162, 32.075424, 51.621155>, 0.100000
	pigment { color rgbt <1,0,0,0> }
	no_shadow
}

// particle -1
sphere {
	<43.203938, 32.419044, 51.419041> 0.100000
	pigment { color rgbt <1,0,0,0> }
	no_shadow
}
sphere {
	0, 1
	scale<0.080000,0.200000,0.300000>
	matrix <0.897550, 0.156777, 0.412099,
		0.433233, -0.487284, -0.758198,
		0.081941, 0.859055, -0.505283,
		43.228519, 32.676762, 51.267456>
	pigment { color rgbt <0,1,1,0> }
	no_shadow
}
cylinder {
	<43.989025, 32.116512, 51.446487>,  <43.171162, 32.075424, 51.621155>, 0.130000
	pigment { color rgbt <1,0,0,0> }
	no_shadow
}

// nucleotide -1

// particle -1
sphere {
	<43.989025, 32.116512, 51.446487> 0.250000
	pigment { color rgbt <1,0,0,0> }
	no_shadow
}
cylinder {
	<43.850693, 32.489433, 51.404114>,  <43.767693, 32.713184, 51.378689>, 0.100000
	pigment { color rgbt <1,0,0,0> }
	no_shadow
}
cylinder {
	<43.850693, 32.489433, 51.404114>,  <43.989025, 32.116512, 51.446487>, 0.100000
	pigment { color rgbt <1,0,0,0> }
	no_shadow
}

// particle -1
sphere {
	<43.850693, 32.489433, 51.404114> 0.100000
	pigment { color rgbt <1,0,0,0> }
	no_shadow
}
sphere {
	0, 1
	scale<0.080000,0.200000,0.300000>
	matrix <0.842700, 0.358259, 0.401880,
		0.412625, 0.049710, -0.909544,
		-0.345830, 0.932298, -0.105935,
		43.746944, 32.769123, 51.372334>
	pigment { color rgbt <0,1,1,0> }
	no_shadow
}
cylinder {
	<44.552353, 32.504547, 51.253941>,  <43.989025, 32.116512, 51.446487>, 0.130000
	pigment { color rgbt <1,0,0,0> }
	no_shadow
}

// nucleotide -1

// particle -1
sphere {
	<44.552353, 32.504547, 51.253941> 0.250000
	pigment { color rgbt <1,0,0,0> }
	no_shadow
}
cylinder {
	<44.308861, 32.801163, 51.366776>,  <44.162766, 32.979130, 51.434475>, 0.100000
	pigment { color rgbt <1,0,0,0> }
	no_shadow
}
cylinder {
	<44.308861, 32.801163, 51.366776>,  <44.552353, 32.504547, 51.253941>, 0.100000
	pigment { color rgbt <1,0,0,0> }
	no_shadow
}

// particle -1
sphere {
	<44.308861, 32.801163, 51.366776> 0.100000
	pigment { color rgbt <1,0,0,0> }
	no_shadow
}
sphere {
	0, 1
	scale<0.080000,0.200000,0.300000>
	matrix <0.792858, 0.581435, 0.182511,
		-0.028675, 0.334752, -0.941870,
		-0.608732, 0.741535, 0.282083,
		44.126240, 33.023624, 51.451401>
	pigment { color rgbt <0,1,1,0> }
	no_shadow
}
cylinder {
	<44.752682, 33.142643, 50.900013>,  <44.552353, 32.504547, 51.253941>, 0.130000
	pigment { color rgbt <1,0,0,0> }
	no_shadow
}

// nucleotide -1

// particle -1
sphere {
	<44.752682, 33.142643, 50.900013> 0.250000
	pigment { color rgbt <1,0,0,0> }
	no_shadow
}
cylinder {
	<44.555016, 33.273766, 51.222092>,  <44.436417, 33.352440, 51.415340>, 0.100000
	pigment { color rgbt <1,0,0,0> }
	no_shadow
}
cylinder {
	<44.555016, 33.273766, 51.222092>,  <44.752682, 33.142643, 50.900013>, 0.100000
	pigment { color rgbt <1,0,0,0> }
	no_shadow
}

// particle -1
sphere {
	<44.555016, 33.273766, 51.222092> 0.100000
	pigment { color rgbt <1,0,0,0> }
	no_shadow
}
sphere {
	0, 1
	scale<0.080000,0.200000,0.300000>
	matrix <0.661682, 0.742568, 0.103777,
		-0.563897, 0.584069, -0.583852,
		-0.494163, 0.327805, 0.805200,
		44.406765, 33.372108, 51.463650>
	pigment { color rgbt <0,1,1,0> }
	no_shadow
}
cylinder {
	<44.560051, 34.011444, 50.939823>,  <44.752682, 33.142643, 50.900013>, 0.130000
	pigment { color rgbt <1,0,0,0> }
	no_shadow
}

// nucleotide -1

// particle -1
sphere {
	<44.560051, 34.011444, 50.939823> 0.250000
	pigment { color rgbt <1,0,0,0> }
	no_shadow
}
cylinder {
	<44.529316, 33.921352, 51.328331>,  <44.510876, 33.867298, 51.561436>, 0.100000
	pigment { color rgbt <1,0,0,0> }
	no_shadow
}
cylinder {
	<44.529316, 33.921352, 51.328331>,  <44.560051, 34.011444, 50.939823>, 0.100000
	pigment { color rgbt <1,0,0,0> }
	no_shadow
}

// particle -1
sphere {
	<44.529316, 33.921352, 51.328331> 0.100000
	pigment { color rgbt <1,0,0,0> }
	no_shadow
}
sphere {
	0, 1
	scale<0.080000,0.200000,0.300000>
	matrix <0.679201, 0.701338, 0.216360,
		-0.729920, 0.676313, 0.099086,
		-0.076834, -0.225225, 0.971273,
		44.506268, 33.853786, 51.619713>
	pigment { color rgbt <0,1,1,0> }
	no_shadow
}
cylinder {
	<44.506042, 34.711311, 51.347057>,  <44.560051, 34.011444, 50.939823>, 0.130000
	pigment { color rgbt <1,0,0,0> }
	no_shadow
}

// nucleotide -1

// particle -1
sphere {
	<44.506042, 34.711311, 51.347057> 0.250000
	pigment { color rgbt <1,0,0,0> }
	no_shadow
}
cylinder {
	<44.608742, 34.431370, 51.613674>,  <44.670361, 34.263405, 51.773643>, 0.100000
	pigment { color rgbt <1,0,0,0> }
	no_shadow
}
cylinder {
	<44.608742, 34.431370, 51.613674>,  <44.506042, 34.711311, 51.347057>, 0.100000
	pigment { color rgbt <1,0,0,0> }
	no_shadow
}

// particle -1
sphere {
	<44.608742, 34.431370, 51.613674> 0.100000
	pigment { color rgbt <1,0,0,0> }
	no_shadow
}
sphere {
	0, 1
	scale<0.080000,0.200000,0.300000>
	matrix <0.721097, 0.597912, 0.350030,
		-0.643506, 0.390775, 0.658175,
		0.256748, -0.699854, 0.666546,
		44.685764, 34.221413, 51.813637>
	pigment { color rgbt <0,1,1,0> }
	no_shadow
}
cylinder {
	<44.788601, 35.159420, 51.719540>,  <44.506042, 34.711311, 51.347057>, 0.130000
	pigment { color rgbt <1,0,0,0> }
	no_shadow
}

// nucleotide -1

// particle -1
sphere {
	<44.788601, 35.159420, 51.719540> 0.250000
	pigment { color rgbt <1,0,0,0> }
	no_shadow
}
cylinder {
	<44.930523, 34.800396, 51.824223>,  <45.015678, 34.584980, 51.887032>, 0.100000
	pigment { color rgbt <1,0,0,0> }
	no_shadow
}
cylinder {
	<44.930523, 34.800396, 51.824223>,  <44.788601, 35.159420, 51.719540>, 0.100000
	pigment { color rgbt <1,0,0,0> }
	no_shadow
}

// particle -1
sphere {
	<44.930523, 34.800396, 51.824223> 0.100000
	pigment { color rgbt <1,0,0,0> }
	no_shadow
}
sphere {
	0, 1
	scale<0.080000,0.200000,0.300000>
	matrix <0.871028, 0.419057, 0.256321,
		-0.339736, 0.137013, 0.930487,
		0.354808, -0.897562, 0.261711,
		45.036964, 34.531128, 51.902737>
	pigment { color rgbt <0,1,1,0> }
	no_shadow
}
cylinder {
	<45.048203, 35.211113, 52.380226>,  <44.788601, 35.159420, 51.719540>, 0.130000
	pigment { color rgbt <1,0,0,0> }
	no_shadow
}

// nucleotide -1

// particle -1
sphere {
	<45.048203, 35.211113, 52.380226> 0.250000
	pigment { color rgbt <1,0,0,0> }
	no_shadow
}
cylinder {
	<45.225601, 34.883575, 52.234455>,  <45.332039, 34.687054, 52.146992>, 0.100000
	pigment { color rgbt <1,0,0,0> }
	no_shadow
}
cylinder {
	<45.225601, 34.883575, 52.234455>,  <45.048203, 35.211113, 52.380226>, 0.100000
	pigment { color rgbt <1,0,0,0> }
	no_shadow
}

// particle -1
sphere {
	<45.225601, 34.883575, 52.234455> 0.100000
	pigment { color rgbt <1,0,0,0> }
	no_shadow
}
sphere {
	0, 1
	scale<0.080000,0.200000,0.300000>
	matrix <0.894757, 0.428151, 0.126868,
		0.052144, -0.382338, 0.922550,
		0.443497, -0.818843, -0.364426,
		45.358650, 34.637924, 52.125126>
	pigment { color rgbt <0,1,1,0> }
	no_shadow
}
cylinder {
	<45.592224, 35.159145, 52.828148>,  <45.048203, 35.211113, 52.380226>, 0.130000
	pigment { color rgbt <1,0,0,0> }
	no_shadow
}

// nucleotide -1

// particle -1
sphere {
	<45.592224, 35.159145, 52.828148> 0.250000
	pigment { color rgbt <1,0,0,0> }
	no_shadow
}
cylinder {
	<45.697151, 34.927761, 52.519196>,  <45.760109, 34.788933, 52.333824>, 0.100000
	pigment { color rgbt <1,0,0,0> }
	no_shadow
}
cylinder {
	<45.697151, 34.927761, 52.519196>,  <45.592224, 35.159145, 52.828148>, 0.100000
	pigment { color rgbt <1,0,0,0> }
	no_shadow
}

// particle -1
sphere {
	<45.697151, 34.927761, 52.519196> 0.100000
	pigment { color rgbt <1,0,0,0> }
	no_shadow
}
sphere {
	0, 1
	scale<0.080000,0.200000,0.300000>
	matrix <0.900627, 0.434164, -0.019283,
		0.346495, -0.690571, 0.634864,
		0.262319, -0.578457, -0.772383,
		45.775848, 34.754223, 52.287479>
	pigment { color rgbt <0,1,1,0> }
	no_shadow
}
cylinder {
	<46.229916, 34.839966, 53.069004>,  <45.592224, 35.159145, 52.828148>, 0.130000
	pigment { color rgbt <1,0,0,0> }
	no_shadow
}

// nucleotide -1

// particle -1
sphere {
	<46.229916, 34.839966, 53.069004> 0.250000
	pigment { color rgbt <1,0,0,0> }
	no_shadow
}
cylinder {
	<46.225880, 34.829548, 52.669159>,  <46.223457, 34.823296, 52.429253>, 0.100000
	pigment { color rgbt <1,0,0,0> }
	no_shadow
}
cylinder {
	<46.225880, 34.829548, 52.669159>,  <46.229916, 34.839966, 53.069004>, 0.100000
	pigment { color rgbt <1,0,0,0> }
	no_shadow
}

// particle -1
sphere {
	<46.225880, 34.829548, 52.669159> 0.100000
	pigment { color rgbt <1,0,0,0> }
	no_shadow
}
sphere {
	0, 1
	scale<0.080000,0.200000,0.300000>
	matrix <0.953655, 0.300395, -0.017452,
		0.300732, -0.953459, 0.021807,
		-0.010089, -0.026044, -0.999610,
		46.222855, 34.821735, 52.369274>
	pigment { color rgbt <0,1,1,0> }
	no_shadow
}
cylinder {
	<46.953278, 34.590843, 52.875191>,  <46.229916, 34.839966, 53.069004>, 0.130000
	pigment { color rgbt <1,0,0,0> }
	no_shadow
}

// nucleotide -1

// particle -1
sphere {
	<46.953278, 34.590843, 52.875191> 0.250000
	pigment { color rgbt <1,0,0,0> }
	no_shadow
}
cylinder {
	<46.806198, 34.757751, 52.542763>,  <46.717953, 34.857895, 52.343304>, 0.100000
	pigment { color rgbt <1,0,0,0> }
	no_shadow
}
cylinder {
	<46.806198, 34.757751, 52.542763>,  <46.953278, 34.590843, 52.875191>, 0.100000
	pigment { color rgbt <1,0,0,0> }
	no_shadow
}

// particle -1
sphere {
	<46.806198, 34.757751, 52.542763> 0.100000
	pigment { color rgbt <1,0,0,0> }
	no_shadow
}
sphere {
	0, 1
	scale<0.080000,0.200000,0.300000>
	matrix <0.920888, 0.287807, -0.262930,
		0.129476, -0.862005, -0.490086,
		-0.367697, 0.417271, -0.831074,
		46.695889, 34.882935, 52.293442>
	pigment { color rgbt <0,1,1,0> }
	no_shadow
}
cylinder {
	<47.447647, 34.385479, 52.313221>,  <46.953278, 34.590843, 52.875191>, 0.130000
	pigment { color rgbt <1,0,0,0> }
	no_shadow
}

// nucleotide -1

// particle -1
sphere {
	<47.447647, 34.385479, 52.313221> 0.250000
	pigment { color rgbt <1,0,0,0> }
	no_shadow
}
cylinder {
	<47.255486, 34.719742, 52.206718>,  <47.140190, 34.920300, 52.142815>, 0.100000
	pigment { color rgbt <1,0,0,0> }
	no_shadow
}
cylinder {
	<47.255486, 34.719742, 52.206718>,  <47.447647, 34.385479, 52.313221>, 0.100000
	pigment { color rgbt <1,0,0,0> }
	no_shadow
}

// particle -1
sphere {
	<47.255486, 34.719742, 52.206718> 0.100000
	pigment { color rgbt <1,0,0,0> }
	no_shadow
}
sphere {
	0, 1
	scale<0.080000,0.200000,0.300000>
	matrix <0.870741, 0.418090, -0.258867,
		-0.105003, -0.356204, -0.928490,
		-0.480402, 0.835655, -0.266261,
		47.111366, 34.970440, 52.126839>
	pigment { color rgbt <0,1,1,0> }
	no_shadow
}
cylinder {
	<47.728870, 34.545597, 51.708675>,  <47.447647, 34.385479, 52.313221>, 0.130000
	pigment { color rgbt <1,0,0,0> }
	no_shadow
}

// nucleotide -1

// particle -1
sphere {
	<47.728870, 34.545597, 51.708675> 0.250000
	pigment { color rgbt <1,0,0,0> }
	no_shadow
}
cylinder {
	<47.580029, 34.897194, 51.827953>,  <47.490723, 35.108150, 51.899521>, 0.100000
	pigment { color rgbt <1,0,0,0> }
	no_shadow
}
cylinder {
	<47.580029, 34.897194, 51.827953>,  <47.728870, 34.545597, 51.708675>, 0.100000
	pigment { color rgbt <1,0,0,0> }
	no_shadow
}

// particle -1
sphere {
	<47.580029, 34.897194, 51.827953> 0.100000
	pigment { color rgbt <1,0,0,0> }
	no_shadow
}
sphere {
	0, 1
	scale<0.080000,0.200000,0.300000>
	matrix <0.819134, 0.462066, -0.339872,
		-0.436530, 0.117795, -0.891945,
		-0.372103, 0.878987, 0.298196,
		47.468399, 35.160889, 51.917412>
	pigment { color rgbt <0,1,1,0> }
	no_shadow
}
// strand 1

// nucleotide -1

// particle -1
sphere {
	<24.377731, 35.289669, 52.089798> 0.250000
	pigment { color rgbt <0,1,0,0> }
	no_shadow
}
cylinder {
	<24.390823, 35.023186, 51.791779>,  <24.398678, 34.863297, 51.612968>, 0.100000
	pigment { color rgbt <0,1,0,0> }
	no_shadow
}
cylinder {
	<24.390823, 35.023186, 51.791779>,  <24.377731, 35.289669, 52.089798>, 0.100000
	pigment { color rgbt <0,1,0,0> }
	no_shadow
}

// particle -1
sphere {
	<24.390823, 35.023186, 51.791779> 0.100000
	pigment { color rgbt <0,1,0,0> }
	no_shadow
}
sphere {
	0, 1
	scale<0.080000,0.200000,0.300000>
	matrix <0.852175, -0.370903, 0.369092,
		-0.522233, -0.646989, 0.555588,
		0.032729, -0.666210, -0.745046,
		24.400642, 34.823322, 51.568264>
	pigment { color rgbt <0,1,1,0> }
	no_shadow
}
cylinder {
	<24.588318, 34.649426, 52.428696>,  <24.377731, 35.289669, 52.089798>, 0.130000
	pigment { color rgbt <0,1,0,0> }
	no_shadow
}

// nucleotide -1

// particle -1
sphere {
	<24.588318, 34.649426, 52.428696> 0.250000
	pigment { color rgbt <0,1,0,0> }
	no_shadow
}
cylinder {
	<24.667404, 34.631676, 52.036995>,  <24.714855, 34.621025, 51.801975>, 0.100000
	pigment { color rgbt <0,1,0,0> }
	no_shadow
}
cylinder {
	<24.667404, 34.631676, 52.036995>,  <24.588318, 34.649426, 52.428696>, 0.100000
	pigment { color rgbt <0,1,0,0> }
	no_shadow
}

// particle -1
sphere {
	<24.667404, 34.631676, 52.036995> 0.100000
	pigment { color rgbt <0,1,0,0> }
	no_shadow
}
sphere {
	0, 1
	scale<0.080000,0.200000,0.300000>
	matrix <0.826915, -0.528923, 0.190925,
		-0.526421, -0.847510, -0.067886,
		0.197717, -0.044372, -0.979254,
		24.726719, 34.618362, 51.743217>
	pigment { color rgbt <0,1,1,0> }
	no_shadow
}
cylinder {
	<24.896530, 33.998550, 52.298771>,  <24.588318, 34.649426, 52.428696>, 0.130000
	pigment { color rgbt <0,1,0,0> }
	no_shadow
}

// nucleotide -1

// particle -1
sphere {
	<24.896530, 33.998550, 52.298771> 0.250000
	pigment { color rgbt <0,1,0,0> }
	no_shadow
}
cylinder {
	<24.995070, 34.185993, 51.959423>,  <25.054193, 34.298458, 51.755814>, 0.100000
	pigment { color rgbt <0,1,0,0> }
	no_shadow
}
cylinder {
	<24.995070, 34.185993, 51.959423>,  <24.896530, 33.998550, 52.298771>, 0.100000
	pigment { color rgbt <0,1,0,0> }
	no_shadow
}

// particle -1
sphere {
	<24.995070, 34.185993, 51.959423> 0.100000
	pigment { color rgbt <0,1,0,0> }
	no_shadow
}
sphere {
	0, 1
	scale<0.080000,0.200000,0.300000>
	matrix <0.891665, -0.452608, 0.008920,
		-0.379796, -0.758655, -0.529337,
		0.246349, 0.468604, -0.848365,
		25.068974, 34.326572, 51.704914>
	pigment { color rgbt <0,1,1,0> }
	no_shadow
}
cylinder {
	<25.198309, 33.457031, 51.874466>,  <24.896530, 33.998550, 52.298771>, 0.130000
	pigment { color rgbt <0,1,0,0> }
	no_shadow
}

// nucleotide -1

// particle -1
sphere {
	<25.198309, 33.457031, 51.874466> 0.250000
	pigment { color rgbt <0,1,0,0> }
	no_shadow
}
cylinder {
	<25.331455, 33.807030, 51.733852>,  <25.411343, 34.017029, 51.649483>, 0.100000
	pigment { color rgbt <0,1,0,0> }
	no_shadow
}
cylinder {
	<25.331455, 33.807030, 51.733852>,  <25.198309, 33.457031, 51.874466>, 0.100000
	pigment { color rgbt <0,1,0,0> }
	no_shadow
}

// particle -1
sphere {
	<25.331455, 33.807030, 51.733852> 0.100000
	pigment { color rgbt <0,1,0,0> }
	no_shadow
}
sphere {
	0, 1
	scale<0.080000,0.200000,0.300000>
	matrix <0.942263, -0.294157, 0.160039,
		0.036628, -0.384509, -0.922394,
		0.332865, 0.875000, -0.351534,
		25.431314, 34.069530, 51.628391>
	pigment { color rgbt <0,1,1,0> }
	no_shadow
}
cylinder {
	<25.623322, 33.242123, 51.423794>,  <25.198309, 33.457031, 51.874466>, 0.130000
	pigment { color rgbt <0,1,0,0> }
	no_shadow
}

// nucleotide -1

// particle -1
sphere {
	<25.623322, 33.242123, 51.423794> 0.250000
	pigment { color rgbt <0,1,0,0> }
	no_shadow
}
cylinder {
	<25.739616, 33.616920, 51.501259>,  <25.809393, 33.841801, 51.547737>, 0.100000
	pigment { color rgbt <0,1,0,0> }
	no_shadow
}
cylinder {
	<25.739616, 33.616920, 51.501259>,  <25.623322, 33.242123, 51.423794>, 0.100000
	pigment { color rgbt <0,1,0,0> }
	no_shadow
}

// particle -1
sphere {
	<25.739616, 33.616920, 51.501259> 0.100000
	pigment { color rgbt <0,1,0,0> }
	no_shadow
}
sphere {
	0, 1
	scale<0.080000,0.200000,0.300000>
	matrix <0.883017, -0.340705, 0.322802,
		0.368446, 0.077152, -0.926442,
		0.290739, 0.936999, 0.193658,
		25.826838, 33.898022, 51.559357>
	pigment { color rgbt <0,1,1,0> }
	no_shadow
}
cylinder {
	<26.252710, 33.269516, 51.231663>,  <25.623322, 33.242123, 51.423794>, 0.130000
	pigment { color rgbt <0,1,0,0> }
	no_shadow
}

// nucleotide -1

// particle -1
sphere {
	<26.252710, 33.269516, 51.231663> 0.250000
	pigment { color rgbt <0,1,0,0> }
	no_shadow
}
cylinder {
	<26.287577, 33.601208, 51.452492>,  <26.308496, 33.800220, 51.584988>, 0.100000
	pigment { color rgbt <0,1,0,0> }
	no_shadow
}
cylinder {
	<26.287577, 33.601208, 51.452492>,  <26.252710, 33.269516, 51.231663>, 0.100000
	pigment { color rgbt <0,1,0,0> }
	no_shadow
}

// particle -1
sphere {
	<26.287577, 33.601208, 51.452492> 0.100000
	pigment { color rgbt <0,1,0,0> }
	no_shadow
}
sphere {
	0, 1
	scale<0.080000,0.200000,0.300000>
	matrix <0.900271, -0.302839, 0.312730,
		0.426513, 0.469756, -0.772927,
		0.087165, 0.829227, 0.552073,
		26.313726, 33.849976, 51.618114>
	pigment { color rgbt <0,1,1,0> }
	no_shadow
}
cylinder {
	<26.795113, 33.541096, 51.043850>,  <26.252710, 33.269516, 51.231663>, 0.130000
	pigment { color rgbt <0,1,0,0> }
	no_shadow
}

// nucleotide -1

// particle -1
sphere {
	<26.795113, 33.541096, 51.043850> 0.250000
	pigment { color rgbt <0,1,0,0> }
	no_shadow
}
cylinder {
	<26.742088, 33.705849, 51.404469>,  <26.710274, 33.804699, 51.620838>, 0.100000
	pigment { color rgbt <0,1,0,0> }
	no_shadow
}
cylinder {
	<26.742088, 33.705849, 51.404469>,  <26.795113, 33.541096, 51.043850>, 0.100000
	pigment { color rgbt <0,1,0,0> }
	no_shadow
}

// particle -1
sphere {
	<26.742088, 33.705849, 51.404469> 0.100000
	pigment { color rgbt <0,1,0,0> }
	no_shadow
}
sphere {
	0, 1
	scale<0.080000,0.200000,0.300000>
	matrix <0.949214, -0.209097, 0.235098,
		0.285342, 0.886924, -0.363244,
		-0.132560, 0.411880, 0.901545,
		26.702320, 33.829414, 51.674931>
	pigment { color rgbt <0,1,1,0> }
	no_shadow
}
cylinder {
	<27.300777, 34.125092, 51.152542>,  <26.795113, 33.541096, 51.043850>, 0.130000
	pigment { color rgbt <0,1,0,0> }
	no_shadow
}

// nucleotide -1

// particle -1
sphere {
	<27.300777, 34.125092, 51.152542> 0.250000
	pigment { color rgbt <0,1,0,0> }
	no_shadow
}
cylinder {
	<27.174833, 33.990601, 51.507576>,  <27.099266, 33.909904, 51.720596>, 0.100000
	pigment { color rgbt <0,1,0,0> }
	no_shadow
}
cylinder {
	<27.174833, 33.990601, 51.507576>,  <27.300777, 34.125092, 51.152542>, 0.100000
	pigment { color rgbt <0,1,0,0> }
	no_shadow
}

// particle -1
sphere {
	<27.174833, 33.990601, 51.507576> 0.100000
	pigment { color rgbt <0,1,0,0> }
	no_shadow
}
sphere {
	0, 1
	scale<0.080000,0.200000,0.300000>
	matrix <0.948092, -0.155297, 0.277497,
		0.044537, 0.928887, 0.367675,
		-0.314862, -0.336231, 0.887587,
		27.080374, 33.889732, 51.773853>
	pigment { color rgbt <0,1,1,0> }
	no_shadow
}
cylinder {
	<27.574579, 34.589775, 51.696453>,  <27.300777, 34.125092, 51.152542>, 0.130000
	pigment { color rgbt <0,1,0,0> }
	no_shadow
}

// nucleotide -1

// particle -1
sphere {
	<27.574579, 34.589775, 51.696453> 0.250000
	pigment { color rgbt <0,1,0,0> }
	no_shadow
}
cylinder {
	<27.486177, 34.234711, 51.858055>,  <27.433136, 34.021671, 51.955017>, 0.100000
	pigment { color rgbt <0,1,0,0> }
	no_shadow
}
cylinder {
	<27.486177, 34.234711, 51.858055>,  <27.574579, 34.589775, 51.696453>, 0.100000
	pigment { color rgbt <0,1,0,0> }
	no_shadow
}

// particle -1
sphere {
	<27.486177, 34.234711, 51.858055> 0.100000
	pigment { color rgbt <0,1,0,0> }
	no_shadow
}
sphere {
	0, 1
	scale<0.080000,0.200000,0.300000>
	matrix <0.971351, -0.163235, 0.172717,
		-0.087366, 0.430601, 0.898304,
		-0.221007, -0.887658, 0.404004,
		27.419876, 33.968414, 51.979256>
	pigment { color rgbt <0,1,1,0> }
	no_shadow
}
cylinder {
	<27.956150, 34.551823, 52.209972>,  <27.574579, 34.589775, 51.696453>, 0.130000
	pigment { color rgbt <0,1,0,0> }
	no_shadow
}

// nucleotide -1

// particle -1
sphere {
	<27.956150, 34.551823, 52.209972> 0.250000
	pigment { color rgbt <0,1,0,0> }
	no_shadow
}
cylinder {
	<27.840712, 34.169872, 52.181931>,  <27.771448, 33.940701, 52.165104>, 0.100000
	pigment { color rgbt <0,1,0,0> }
	no_shadow
}
cylinder {
	<27.840712, 34.169872, 52.181931>,  <27.956150, 34.551823, 52.209972>, 0.100000
	pigment { color rgbt <0,1,0,0> }
	no_shadow
}

// particle -1
sphere {
	<27.840712, 34.169872, 52.181931> 0.100000
	pigment { color rgbt <0,1,0,0> }
	no_shadow
}
sphere {
	0, 1
	scale<0.080000,0.200000,0.300000>
	matrix <0.921726, -0.296898, 0.249546,
		-0.259101, 0.007398, 0.965822,
		-0.288597, -0.954880, -0.070108,
		27.754133, 33.883408, 52.160900>
	pigment { color rgbt <0,1,1,0> }
	no_shadow
}
cylinder {
	<28.069447, 34.230709, 52.942387>,  <27.956150, 34.551823, 52.209972>, 0.130000
	pigment { color rgbt <0,1,0,0> }
	no_shadow
}

// nucleotide -1

// particle -1
sphere {
	<28.069447, 34.230709, 52.942387> 0.250000
	pigment { color rgbt <0,1,0,0> }
	no_shadow
}
cylinder {
	<28.094210, 33.966755, 52.642860>,  <28.109068, 33.808384, 52.463146>, 0.100000
	pigment { color rgbt <0,1,0,0> }
	no_shadow
}
cylinder {
	<28.094210, 33.966755, 52.642860>,  <28.069447, 34.230709, 52.942387>, 0.100000
	pigment { color rgbt <0,1,0,0> }
	no_shadow
}

// particle -1
sphere {
	<28.094210, 33.966755, 52.642860> 0.100000
	pigment { color rgbt <0,1,0,0> }
	no_shadow
}
sphere {
	0, 1
	scale<0.080000,0.200000,0.300000>
	matrix <0.977951, -0.109820, 0.177629,
		-0.199449, -0.743298, 0.638536,
		0.061908, -0.659884, -0.748812,
		28.112782, 33.768791, 52.418217>
	pigment { color rgbt <0,1,1,0> }
	no_shadow
}
cylinder {
	<28.559141, 33.850079, 53.178696>,  <28.069447, 34.230709, 52.942387>, 0.130000
	pigment { color rgbt <0,1,0,0> }
	no_shadow
}

// nucleotide -1

// particle -1
sphere {
	<28.559141, 33.850079, 53.178696> 0.250000
	pigment { color rgbt <0,1,0,0> }
	no_shadow
}
cylinder {
	<28.536543, 33.719986, 52.801117>,  <28.522984, 33.641930, 52.574570>, 0.100000
	pigment { color rgbt <0,1,0,0> }
	no_shadow
}
cylinder {
	<28.536543, 33.719986, 52.801117>,  <28.559141, 33.850079, 53.178696>, 0.100000
	pigment { color rgbt <0,1,0,0> }
	no_shadow
}

// particle -1
sphere {
	<28.536543, 33.719986, 52.801117> 0.100000
	pigment { color rgbt <0,1,0,0> }
	no_shadow
}
sphere {
	0, 1
	scale<0.080000,0.200000,0.300000>
	matrix <0.947491, -0.315527, 0.052005,
		-0.314754, -0.891442, 0.325977,
		-0.056495, -0.325229, -0.943946,
		28.519594, 33.622417, 52.517933>
	pigment { color rgbt <0,1,1,0> }
	no_shadow
}
cylinder {
	<28.972322, 33.272705, 53.203762>,  <28.559141, 33.850079, 53.178696>, 0.130000
	pigment { color rgbt <0,1,0,0> }
	no_shadow
}

// nucleotide -1

// particle -1
sphere {
	<28.972322, 33.272705, 53.203762> 0.250000
	pigment { color rgbt <0,1,0,0> }
	no_shadow
}
cylinder {
	<28.947878, 33.335770, 52.809521>,  <28.933210, 33.373608, 52.572975>, 0.100000
	pigment { color rgbt <0,1,0,0> }
	no_shadow
}
cylinder {
	<28.947878, 33.335770, 52.809521>,  <28.972322, 33.272705, 53.203762>, 0.100000
	pigment { color rgbt <0,1,0,0> }
	no_shadow
}

// particle -1
sphere {
	<28.947878, 33.335770, 52.809521> 0.100000
	pigment { color rgbt <0,1,0,0> }
	no_shadow
}
sphere {
	0, 1
	scale<0.080000,0.200000,0.300000>
	matrix <0.909380, -0.398254, -0.120092,
		-0.411453, -0.903624, -0.119036,
		-0.061112, 0.157661, -0.985601,
		28.929544, 33.383068, 52.513840>
	pigment { color rgbt <0,1,1,0> }
	no_shadow
}
cylinder {
	<29.295567, 32.682720, 52.981491>,  <28.972322, 33.272705, 53.203762>, 0.130000
	pigment { color rgbt <0,1,0,0> }
	no_shadow
}

// nucleotide -1

// particle -1
sphere {
	<29.295567, 32.682720, 52.981491> 0.250000
	pigment { color rgbt <0,1,0,0> }
	no_shadow
}
cylinder {
	<29.314581, 32.960495, 52.694302>,  <29.325991, 33.127159, 52.521988>, 0.100000
	pigment { color rgbt <0,1,0,0> }
	no_shadow
}
cylinder {
	<29.314581, 32.960495, 52.694302>,  <29.295567, 32.682720, 52.981491>, 0.100000
	pigment { color rgbt <0,1,0,0> }
	no_shadow
}

// particle -1
sphere {
	<29.314581, 32.960495, 52.694302> 0.100000
	pigment { color rgbt <0,1,0,0> }
	no_shadow
}
sphere {
	0, 1
	scale<0.080000,0.200000,0.300000>
	matrix <0.893811, -0.350457, -0.279789,
		-0.445917, -0.628436, -0.637359,
		0.047537, 0.694441, -0.717978,
		29.328842, 33.168827, 52.478909>
	pigment { color rgbt <0,1,1,0> }
	no_shadow
}
cylinder {
	<29.769508, 32.478188, 52.391552>,  <29.295567, 32.682720, 52.981491>, 0.130000
	pigment { color rgbt <0,1,0,0> }
	no_shadow
}

// nucleotide -1

// particle -1
sphere {
	<29.769508, 32.478188, 52.391552> 0.250000
	pigment { color rgbt <0,1,0,0> }
	no_shadow
}
cylinder {
	<29.751377, 32.873001, 52.329952>,  <29.740498, 33.109890, 52.292992>, 0.100000
	pigment { color rgbt <0,1,0,0> }
	no_shadow
}
cylinder {
	<29.751377, 32.873001, 52.329952>,  <29.769508, 32.478188, 52.391552>, 0.100000
	pigment { color rgbt <0,1,0,0> }
	no_shadow
}

// particle -1
sphere {
	<29.751377, 32.873001, 52.329952> 0.100000
	pigment { color rgbt <0,1,0,0> }
	no_shadow
}
sphere {
	0, 1
	scale<0.080000,0.200000,0.300000>
	matrix <0.935574, -0.012099, -0.352924,
		-0.350210, -0.160071, -0.922892,
		-0.045327, 0.987031, -0.153996,
		29.737780, 33.169109, 52.283752>
	pigment { color rgbt <0,1,1,0> }
	no_shadow
}
cylinder {
	<30.004112, 32.600471, 51.715527>,  <29.769508, 32.478188, 52.391552>, 0.130000
	pigment { color rgbt <0,1,0,0> }
	no_shadow
}

// nucleotide -1

// particle -1
sphere {
	<30.004112, 32.600471, 51.715527> 0.250000
	pigment { color rgbt <0,1,0,0> }
	no_shadow
}
cylinder {
	<30.051815, 32.953529, 51.897392>,  <30.080437, 33.165363, 52.006512>, 0.100000
	pigment { color rgbt <0,1,0,0> }
	no_shadow
}
cylinder {
	<30.051815, 32.953529, 51.897392>,  <30.004112, 32.600471, 51.715527>, 0.100000
	pigment { color rgbt <0,1,0,0> }
	no_shadow
}

// particle -1
sphere {
	<30.051815, 32.953529, 51.897392> 0.100000
	pigment { color rgbt <0,1,0,0> }
	no_shadow
}
sphere {
	0, 1
	scale<0.080000,0.200000,0.300000>
	matrix <0.922002, 0.071448, -0.380537,
		-0.368362, 0.464587, -0.805275,
		0.119257, 0.882640, 0.454669,
		30.087593, 33.218323, 52.033794>
	pigment { color rgbt <0,1,1,0> }
	no_shadow
}
cylinder {
	<30.467010, 32.994747, 51.253109>,  <30.004112, 32.600471, 51.715527>, 0.130000
	pigment { color rgbt <0,1,0,0> }
	no_shadow
}

// nucleotide -1

// particle -1
sphere {
	<30.467010, 32.994747, 51.253109> 0.250000
	pigment { color rgbt <0,1,0,0> }
	no_shadow
}
cylinder {
	<30.527935, 33.218811, 51.578815>,  <30.564489, 33.353249, 51.774239>, 0.100000
	pigment { color rgbt <0,1,0,0> }
	no_shadow
}
cylinder {
	<30.527935, 33.218811, 51.578815>,  <30.467010, 32.994747, 51.253109>, 0.100000
	pigment { color rgbt <0,1,0,0> }
	no_shadow
}

// particle -1
sphere {
	<30.527935, 33.218811, 51.578815> 0.100000
	pigment { color rgbt <0,1,0,0> }
	no_shadow
}
sphere {
	0, 1
	scale<0.080000,0.200000,0.300000>
	matrix <0.927065, 0.204590, -0.314155,
		-0.342566, 0.802726, -0.488139,
		0.152312, 0.560156, 0.814264,
		30.573629, 33.386856, 51.823093>
	pigment { color rgbt <0,1,1,0> }
	no_shadow
}
cylinder {
	<30.909597, 33.593197, 51.027893>,  <30.467010, 32.994747, 51.253109>, 0.130000
	pigment { color rgbt <0,1,0,0> }
	no_shadow
}

// nucleotide -1

// particle -1
sphere {
	<30.909597, 33.593197, 51.027893> 0.250000
	pigment { color rgbt <0,1,0,0> }
	no_shadow
}
cylinder {
	<30.947886, 33.598652, 51.426018>,  <30.970860, 33.601925, 51.664894>, 0.100000
	pigment { color rgbt <0,1,0,0> }
	no_shadow
}
cylinder {
	<30.947886, 33.598652, 51.426018>,  <30.909597, 33.593197, 51.027893>, 0.100000
	pigment { color rgbt <0,1,0,0> }
	no_shadow
}

// particle -1
sphere {
	<30.947886, 33.598652, 51.426018> 0.100000
	pigment { color rgbt <0,1,0,0> }
	no_shadow
}
sphere {
	0, 1
	scale<0.080000,0.200000,0.300000>
	matrix <0.978694, 0.181178, -0.096607,
		-0.181647, 0.983356, 0.003993,
		0.095722, 0.013641, 0.995315,
		30.976603, 33.602745, 51.724613>
	pigment { color rgbt <0,1,1,0> }
	no_shadow
}
cylinder {
	<31.326242, 34.254456, 51.272049>,  <30.909597, 33.593197, 51.027893>, 0.130000
	pigment { color rgbt <0,1,0,0> }
	no_shadow
}

// nucleotide -1

// particle -1
sphere {
	<31.326242, 34.254456, 51.272049> 0.250000
	pigment { color rgbt <0,1,0,0> }
	no_shadow
}
cylinder {
	<31.381689, 33.969933, 51.547680>,  <31.414957, 33.799221, 51.713058>, 0.100000
	pigment { color rgbt <0,1,0,0> }
	no_shadow
}
cylinder {
	<31.381689, 33.969933, 51.547680>,  <31.326242, 34.254456, 51.272049>, 0.100000
	pigment { color rgbt <0,1,0,0> }
	no_shadow
}

// particle -1
sphere {
	<31.381689, 33.969933, 51.547680> 0.100000
	pigment { color rgbt <0,1,0,0> }
	no_shadow
}
sphere {
	0, 1
	scale<0.080000,0.200000,0.300000>
	matrix <0.987811, 0.149059, -0.044840,
		-0.070819, 0.686897, 0.723296,
		0.138615, -0.711304, 0.689081,
		31.423273, 33.756542, 51.754402>
	pigment { color rgbt <0,1,1,0> }
	no_shadow
}
cylinder {
	<31.885578, 34.528122, 51.707771>,  <31.326242, 34.254456, 51.272049>, 0.130000
	pigment { color rgbt <0,1,0,0> }
	no_shadow
}

// nucleotide -1

// particle -1
sphere {
	<31.885578, 34.528122, 51.707771> 0.250000
	pigment { color rgbt <0,1,0,0> }
	no_shadow
}
cylinder {
	<31.862139, 34.132797, 51.764057>,  <31.848076, 33.895603, 51.797829>, 0.100000
	pigment { color rgbt <0,1,0,0> }
	no_shadow
}
cylinder {
	<31.862139, 34.132797, 51.764057>,  <31.885578, 34.528122, 51.707771>, 0.100000
	pigment { color rgbt <0,1,0,0> }
	no_shadow
}

// particle -1
sphere {
	<31.862139, 34.132797, 51.764057> 0.100000
	pigment { color rgbt <0,1,0,0> }
	no_shadow
}
sphere {
	0, 1
	scale<0.080000,0.200000,0.300000>
	matrix <0.998278, -0.057658, 0.010749,
		-0.002510, 0.141099, 0.989992,
		-0.058598, -0.988315, 0.140711,
		31.844559, 33.836304, 51.806271>
	pigment { color rgbt <0,1,1,0> }
	no_shadow
}
cylinder {
	<32.274796, 34.322418, 52.270107>,  <31.885578, 34.528122, 51.707771>, 0.130000
	pigment { color rgbt <0,1,0,0> }
	no_shadow
}

// nucleotide -1

// particle -1
sphere {
	<32.274796, 34.322418, 52.270107> 0.250000
	pigment { color rgbt <0,1,0,0> }
	no_shadow
}
cylinder {
	<32.254436, 33.993984, 52.042694>,  <32.242222, 33.796925, 51.906246>, 0.100000
	pigment { color rgbt <0,1,0,0> }
	no_shadow
}
cylinder {
	<32.254436, 33.993984, 52.042694>,  <32.274796, 34.322418, 52.270107>, 0.100000
	pigment { color rgbt <0,1,0,0> }
	no_shadow
}

// particle -1
sphere {
	<32.254436, 33.993984, 52.042694> 0.100000
	pigment { color rgbt <0,1,0,0> }
	no_shadow
}
sphere {
	0, 1
	scale<0.080000,0.200000,0.300000>
	matrix <0.994885, 0.008051, -0.100688,
		0.087250, -0.570748, 0.816476,
		-0.050894, -0.821086, -0.568532,
		32.239170, 33.747658, 51.872135>
	pigment { color rgbt <0,1,1,0> }
	no_shadow
}
// strand 2

// nucleotide -1

// particle -1
sphere {
	<24.050552, 35.221107, 35.075878> 0.250000
	pigment { color rgbt <0,0,1,0> }
	no_shadow
}
cylinder {
	<24.249432, 34.889164, 34.974586>,  <24.368759, 34.689999, 34.913811>, 0.100000
	pigment { color rgbt <0,0,1,0> }
	no_shadow
}
cylinder {
	<24.249432, 34.889164, 34.974586>,  <24.050552, 35.221107, 35.075878>, 0.100000
	pigment { color rgbt <0,0,1,0> }
	no_shadow
}

// particle -1
sphere {
	<24.249432, 34.889164, 34.974586> 0.100000
	pigment { color rgbt <0,0,1,0> }
	no_shadow
}
sphere {
	0, 1
	scale<0.080000,0.200000,0.300000>
	matrix <0.753926, 0.268775, 0.599462,
		-0.429409, -0.488968, 0.759288,
		0.497196, -0.829862, -0.253232,
		24.398590, 34.640205, 34.898617>
	pigment { color rgbt <0,1,1,0> }
	no_shadow
}
cylinder {
	<24.175594, 34.815460, 35.598568>,  <24.050552, 35.221107, 35.075878>, 0.130000
	pigment { color rgbt <0,0,1,0> }
	no_shadow
