// switches for output
#declare DRAW_BASES = 1; // possible values are 0, 1; only relevant for DNA ribbons
#declare DRAW_BASES_TYPE = 3; // possible values are 1, 2, 3; only relevant for DNA ribbons
#declare DRAW_FOG = 0; // set to 1 to enable fog

#include "colors.inc"

#include "transforms.inc"
background { rgb <1, 1, 1>}

#default {
   normal{
       ripples 0.25
       frequency 0.20
       turbulence 0.2
       lambda 5
   }
	finish {
		phong 0.1
		phong_size 40.
	}
}

// original window dimensions: 1024x640


// camera settings

camera {
	sky <0, 0.179814, -0.983701>
	up <0, 0.179814, -0.983701>
	right 1.6 * <1, 0, 0>
	location <35, 92.5046, 58.4545>
	look_at <35, 26.874, 46.4577>
	direction <0, -65.6306, -11.9968>
	angle 67.0682
}


# declare cpy_camera_pos = <35, 92.5046, 58.4545>;
# if (DRAW_FOG = 1)
fog {
	fog_type 2
	up vnormalize(cpy_camera_pos)
	color rgbt<1,1,1,0.3>
	distance 1e-5
	fog_alt 3e-3
	fog_offset 56
}
# end


// LIGHTS

# declare lum = 6;
global_settings {
	ambient_light rgb lum * <0.05, 0.05, 0.05>
	max_trace_level 15
}# declare cpy_direct_light_amount = 0.25;
light_source
{	1000 * <-1, -1.16351, -0.803887>,
	rgb lum * cpy_direct_light_amount
	parallel
}

light_source
{	1000 * <1, 1.16351, 0.803887>,
	rgb lum * cpy_direct_light_amount
	parallel
}

// strand 0

// nucleotide -1

// particle -1
sphere {
	<40.188072, 33.149441, 49.644936> 0.250000
	pigment { color rgbt <1,0,0,0> }
	no_shadow
}
cylinder {
	<40.097855, 33.394573, 49.947872>,  <40.043724, 33.541653, 50.129635>, 0.100000
	pigment { color rgbt <1,0,0,0> }
	no_shadow
}
cylinder {
	<40.097855, 33.394573, 49.947872>,  <40.188072, 33.149441, 49.644936>, 0.100000
	pigment { color rgbt <1,0,0,0> }
	no_shadow
}

// particle -1
sphere {
	<40.097855, 33.394573, 49.947872> 0.100000
	pigment { color rgbt <1,0,0,0> }
	no_shadow
}
sphere {
	0, 1
	scale<0.080000,0.200000,0.300000>
	matrix <0.960226, 0.271182, 0.066527,
		-0.164608, 0.742227, -0.649617,
		-0.225543, 0.612829, 0.757345,
		40.030193, 33.578423, 50.175076>
	pigment { color rgbt <0,1,1,0> }
	no_shadow
}
cylinder {
	<40.536053, 33.732998, 49.448246>,  <40.188072, 33.149441, 49.644936>, 0.130000
	pigment { color rgbt <1,0,0,0> }
	no_shadow
}

// nucleotide -1

// particle -1
sphere {
	<40.536053, 33.732998, 49.448246> 0.250000
	pigment { color rgbt <1,0,0,0> }
	no_shadow
}
cylinder {
	<40.456356, 33.755428, 49.839584>,  <40.408539, 33.768887, 50.074387>, 0.100000
	pigment { color rgbt <1,0,0,0> }
	no_shadow
}
cylinder {
	<40.456356, 33.755428, 49.839584>,  <40.536053, 33.732998, 49.448246>, 0.100000
	pigment { color rgbt <1,0,0,0> }
	no_shadow
}

// particle -1
sphere {
	<40.456356, 33.755428, 49.839584> 0.100000
	pigment { color rgbt <1,0,0,0> }
	no_shadow
}
sphere {
	0, 1
	scale<0.080000,0.200000,0.300000>
	matrix <0.895278, 0.416373, 0.158463,
		-0.398470, 0.907463, -0.133162,
		-0.199244, 0.056074, 0.978344,
		40.396584, 33.772251, 50.133087>
	pigment { color rgbt <0,1,1,0> }
	no_shadow
}
cylinder {
	<40.528858, 34.431606, 49.648643>,  <40.536053, 33.732998, 49.448246>, 0.130000
	pigment { color rgbt <1,0,0,0> }
	no_shadow
}

// nucleotide -1

// particle -1
sphere {
	<40.528858, 34.431606, 49.648643> 0.250000
	pigment { color rgbt <1,0,0,0> }
	no_shadow
}
cylinder {
	<40.622269, 34.204102, 49.964104>,  <40.678314, 34.067596, 50.153381>, 0.100000
	pigment { color rgbt <1,0,0,0> }
	no_shadow
}
cylinder {
	<40.622269, 34.204102, 49.964104>,  <40.528858, 34.431606, 49.648643>, 0.100000
	pigment { color rgbt <1,0,0,0> }
	no_shadow
}

// particle -1
sphere {
	<40.622269, 34.204102, 49.964104> 0.100000
	pigment { color rgbt <1,0,0,0> }
	no_shadow
}
sphere {
	0, 1
	scale<0.080000,0.200000,0.300000>
	matrix <0.920776, 0.389997, 0.008614,
		-0.312472, 0.724162, 0.614777,
		0.233523, -0.568764, 0.788654,
		40.692326, 34.033474, 50.200699>
	pigment { color rgbt <0,1,1,0> }
	no_shadow
}
cylinder {
	<40.901306, 34.832474, 50.015800>,  <40.528858, 34.431606, 49.648643>, 0.130000
	pigment { color rgbt <1,0,0,0> }
	no_shadow
}

// nucleotide -1

// particle -1
sphere {
	<40.901306, 34.832474, 50.015800> 0.250000
	pigment { color rgbt <1,0,0,0> }
	no_shadow
}
cylinder {
	<40.993954, 34.496948, 50.212875>,  <41.049541, 34.295631, 50.331120>, 0.100000
	pigment { color rgbt <1,0,0,0> }
	no_shadow
}
cylinder {
	<40.993954, 34.496948, 50.212875>,  <40.901306, 34.832474, 50.015800>, 0.100000
	pigment { color rgbt <1,0,0,0> }
	no_shadow
}

// particle -1
sphere {
	<40.993954, 34.496948, 50.212875> 0.100000
	pigment { color rgbt <1,0,0,0> }
	no_shadow
}
sphere {
	0, 1
	scale<0.080000,0.200000,0.300000>
	matrix <0.839639, 0.428145, 0.334212,
		-0.491284, 0.336271, 0.803468,
		0.231615, -0.838817, 0.492687,
		41.063438, 34.245304, 50.360683>
	pigment { color rgbt <0,1,1,0> }
	no_shadow
}
cylinder {
	<41.142307, 34.990814, 50.741570>,  <40.901306, 34.832474, 50.015800>, 0.130000
	pigment { color rgbt <1,0,0,0> }
	no_shadow
}

// nucleotide -1

// particle -1
sphere {
	<41.142307, 34.990814, 50.741570> 0.250000
	pigment { color rgbt <1,0,0,0> }
	no_shadow
}
cylinder {
	<41.291840, 34.629761, 50.656239>,  <41.381557, 34.413128, 50.605042>, 0.100000
	pigment { color rgbt <1,0,0,0> }
	no_shadow
}
cylinder {
	<41.291840, 34.629761, 50.656239>,  <41.142307, 34.990814, 50.741570>, 0.100000
	pigment { color rgbt <1,0,0,0> }
	no_shadow
}

// particle -1
sphere {
	<41.291840, 34.629761, 50.656239> 0.100000
	pigment { color rgbt <1,0,0,0> }
	no_shadow
}
sphere {
	0, 1
	scale<0.080000,0.200000,0.300000>
	matrix <0.916097, 0.323381, 0.237047,
		-0.144980, -0.284043, 0.947787,
		0.373828, -0.902632, -0.213327,
		41.403988, 34.358971, 50.592239>
	pigment { color rgbt <0,1,1,0> }
	no_shadow
}
cylinder {
	<41.753338, 34.937988, 51.273163>,  <41.142307, 34.990814, 50.741570>, 0.130000
	pigment { color rgbt <1,0,0,0> }
	no_shadow
}

// nucleotide -1

// particle -1
sphere {
	<41.753338, 34.937988, 51.273163> 0.250000
	pigment { color rgbt <1,0,0,0> }
	no_shadow
}
cylinder {
	<41.815197, 34.648304, 51.004356>,  <41.852310, 34.474495, 50.843071>, 0.100000
	pigment { color rgbt <1,0,0,0> }
	no_shadow
}
cylinder {
	<41.815197, 34.648304, 51.004356>,  <41.753338, 34.937988, 51.273163>, 0.100000
	pigment { color rgbt <1,0,0,0> }
	no_shadow
}

// particle -1
sphere {
	<41.815197, 34.648304, 51.004356> 0.100000
	pigment { color rgbt <1,0,0,0> }
	no_shadow
}
sphere {
	0, 1
	scale<0.080000,0.200000,0.300000>
	matrix <0.967977, -0.025083, 0.249782,
		-0.197751, -0.689125, 0.697138,
		0.154645, -0.724208, -0.672017,
		41.861591, 34.431042, 50.802750>
	pigment { color rgbt <0,1,1,0> }
	no_shadow
}
cylinder {
	<42.213192, 34.322815, 51.630302>,  <41.753338, 34.937988, 51.273163>, 0.130000
	pigment { color rgbt <1,0,0,0> }
	no_shadow
}

// nucleotide -1

// particle -1
sphere {
	<42.213192, 34.322815, 51.630302> 0.250000
	pigment { color rgbt <1,0,0,0> }
	no_shadow
}
cylinder {
	<42.251354, 34.328159, 51.232162>,  <42.274254, 34.331367, 50.993279>, 0.100000
	pigment { color rgbt <1,0,0,0> }
	no_shadow
}
cylinder {
	<42.251354, 34.328159, 51.232162>,  <42.213192, 34.322815, 51.630302>, 0.100000
	pigment { color rgbt <1,0,0,0> }
	no_shadow
}

// particle -1
sphere {
	<42.251354, 34.328159, 51.232162> 0.100000
	pigment { color rgbt <1,0,0,0> }
	no_shadow
}
sphere {
	0, 1
	scale<0.080000,0.200000,0.300000>
	matrix <0.995249, -0.020795, 0.095120,
		-0.019427, -0.999695, -0.015286,
		0.095409, 0.013365, -0.995349,
		42.279976, 34.332169, 50.933559>
	pigment { color rgbt <0,1,1,0> }
	no_shadow
}
cylinder {
	<42.602573, 33.760220, 51.426208>,  <42.213192, 34.322815, 51.630302>, 0.130000
	pigment { color rgbt <1,0,0,0> }
	no_shadow
}

// nucleotide -1

// particle -1
sphere {
	<42.602573, 33.760220, 51.426208> 0.250000
	pigment { color rgbt <1,0,0,0> }
	no_shadow
}
cylinder {
	<42.629032, 34.032097, 51.134007>,  <42.644909, 34.195225, 50.958687>, 0.100000
	pigment { color rgbt <1,0,0,0> }
	no_shadow
}
cylinder {
	<42.629032, 34.032097, 51.134007>,  <42.602573, 33.760220, 51.426208>, 0.100000
	pigment { color rgbt <1,0,0,0> }
	no_shadow
}

// particle -1
sphere {
	<42.629032, 34.032097, 51.134007> 0.100000
	pigment { color rgbt <1,0,0,0> }
	no_shadow
}
sphere {
	0, 1
	scale<0.080000,0.200000,0.300000>
	matrix <0.997512, -0.027175, 0.065045,
		0.024360, -0.732988, -0.679805,
		0.066150, 0.679698, -0.730503,
		42.648876, 34.236008, 50.914856>
	pigment { color rgbt <0,1,1,0> }
	no_shadow
}
cylinder {
	<43.362446, 33.628162, 51.134510>,  <42.602573, 33.760220, 51.426208>, 0.130000
	pigment { color rgbt <1,0,0,0> }
	no_shadow
}

// nucleotide -1

// particle -1
sphere {
	<43.362446, 33.628162, 51.134510> 0.250000
	pigment { color rgbt <1,0,0,0> }
	no_shadow
}
cylinder {
	<43.274170, 33.980942, 50.967918>,  <43.221203, 34.192612, 50.867962>, 0.100000
	pigment { color rgbt <1,0,0,0> }
	no_shadow
}
cylinder {
	<43.274170, 33.980942, 50.967918>,  <43.362446, 33.628162, 51.134510>, 0.100000
	pigment { color rgbt <1,0,0,0> }
	no_shadow
}

// particle -1
sphere {
	<43.274170, 33.980942, 50.967918> 0.100000
	pigment { color rgbt <1,0,0,0> }
	no_shadow
}
sphere {
	0, 1
	scale<0.080000,0.200000,0.300000>
	matrix <0.975118, 0.208687, -0.074791,
		0.020952, -0.422623, -0.906064,
		-0.220692, 0.881952, -0.416479,
		43.207962, 34.245529, 50.842976>
	pigment { color rgbt <0,1,1,0> }
	no_shadow
}
cylinder {
	<43.894096, 33.780720, 50.585182>,  <43.362446, 33.628162, 51.134510>, 0.130000
	pigment { color rgbt <1,0,0,0> }
	no_shadow
}

// nucleotide -1

// particle -1
sphere {
	<43.894096, 33.780720, 50.585182> 0.250000
	pigment { color rgbt <1,0,0,0> }
	no_shadow
}
cylinder {
	<43.737747, 34.135639, 50.683098>,  <43.643940, 34.348591, 50.741848>, 0.100000
	pigment { color rgbt <1,0,0,0> }
	no_shadow
}
cylinder {
	<43.737747, 34.135639, 50.683098>,  <43.894096, 33.780720, 50.585182>, 0.100000
	pigment { color rgbt <1,0,0,0> }
	no_shadow
}

// particle -1
sphere {
	<43.737747, 34.135639, 50.683098> 0.100000
	pigment { color rgbt <1,0,0,0> }
	no_shadow
}
sphere {
	0, 1
	scale<0.080000,0.200000,0.300000>
	matrix <0.914017, 0.405539, -0.010514,
		-0.108600, 0.219631, -0.969520,
		-0.390869, 0.887299, 0.244789,
		43.620487, 34.401829, 50.756535>
	pigment { color rgbt <0,1,1,0> }
	no_shadow
}
cylinder {
	<44.339653, 34.174915, 50.249050>,  <43.894096, 33.780720, 50.585182>, 0.130000
	pigment { color rgbt <1,0,0,0> }
	no_shadow
}

// nucleotide -1

// particle -1
sphere {
	<44.339653, 34.174915, 50.249050> 0.250000
	pigment { color rgbt <1,0,0,0> }
	no_shadow
}
cylinder {
	<44.145157, 34.396046, 50.519741>,  <44.028458, 34.528725, 50.682156>, 0.100000
	pigment { color rgbt <1,0,0,0> }
	no_shadow
}
cylinder {
	<44.145157, 34.396046, 50.519741>,  <44.339653, 34.174915, 50.249050>, 0.100000
	pigment { color rgbt <1,0,0,0> }
	no_shadow
}

// particle -1
sphere {
	<44.145157, 34.396046, 50.519741> 0.100000
	pigment { color rgbt <1,0,0,0> }
	no_shadow
}
sphere {
	0, 1
	scale<0.080000,0.200000,0.300000>
	matrix <0.863144, 0.424580, 0.273340,
		-0.136215, 0.717019, -0.683615,
		-0.486239, 0.552825, 0.676724,
		43.999287, 34.561893, 50.722759>
	pigment { color rgbt <0,1,1,0> }
	no_shadow
}
cylinder {
	<44.688515, 34.727127, 50.183117>,  <44.339653, 34.174915, 50.249050>, 0.130000
	pigment { color rgbt <1,0,0,0> }
	no_shadow
}

// nucleotide -1

// particle -1
sphere {
	<44.688515, 34.727127, 50.183117> 0.250000
	pigment { color rgbt <1,0,0,0> }
	no_shadow
}
cylinder {
	<44.498432, 34.788719, 50.529636>,  <44.384384, 34.825676, 50.737549>, 0.100000
	pigment { color rgbt <1,0,0,0> }
	no_shadow
}
cylinder {
	<44.498432, 34.788719, 50.529636>,  <44.688515, 34.727127, 50.183117>, 0.100000
	pigment { color rgbt <1,0,0,0> }
	no_shadow
}

// particle -1
sphere {
	<44.498432, 34.788719, 50.529636> 0.100000
	pigment { color rgbt <1,0,0,0> }
	no_shadow
}
sphere {
	0, 1
	scale<0.080000,0.200000,0.300000>
	matrix <0.818771, 0.437892, 0.371301,
		-0.322170, 0.885742, -0.334167,
		-0.475206, 0.153984, 0.866295,
		44.355869, 34.834915, 50.789524>
	pigment { color rgbt <0,1,1,0> }
	no_shadow
}
cylinder {
	<44.925144, 35.354290, 50.526455>,  <44.688515, 34.727127, 50.183117>, 0.130000
	pigment { color rgbt <1,0,0,0> }
	no_shadow
}

// nucleotide -1

// particle -1
sphere {
	<44.925144, 35.354290, 50.526455> 0.250000
	pigment { color rgbt <1,0,0,0> }
	no_shadow
}
cylinder {
	<44.773342, 35.192738, 50.859406>,  <44.682262, 35.095806, 51.059177>, 0.100000
	pigment { color rgbt <1,0,0,0> }
	no_shadow
}
cylinder {
	<44.773342, 35.192738, 50.859406>,  <44.925144, 35.354290, 50.526455>, 0.100000
	pigment { color rgbt <1,0,0,0> }
	no_shadow
}

// particle -1
sphere {
	<44.773342, 35.192738, 50.859406> 0.100000
	pigment { color rgbt <1,0,0,0> }
	no_shadow
}
sphere {
	0, 1
	scale<0.080000,0.200000,0.300000>
	matrix <0.780077, 0.344054, 0.522596,
		-0.497449, 0.847649, 0.184487,
		-0.379504, -0.403879, 0.832381,
		44.659492, 35.071575, 51.109119>
	pigment { color rgbt <0,1,1,0> }
	no_shadow
}
cylinder {
	<44.824566, 35.851940, 51.058109>,  <44.925144, 35.354290, 50.526455>, 0.130000
	pigment { color rgbt <1,0,0,0> }
	no_shadow
}

// nucleotide -1

// particle -1
sphere {
	<44.824566, 35.851940, 51.058109> 0.250000
	pigment { color rgbt <1,0,0,0> }
	no_shadow
}
cylinder {
	<44.894379, 35.498680, 51.232273>,  <44.936264, 35.286724, 51.336773>, 0.100000
	pigment { color rgbt <1,0,0,0> }
	no_shadow
}
cylinder {
	<44.894379, 35.498680, 51.232273>,  <44.824566, 35.851940, 51.058109>, 0.100000
	pigment { color rgbt <1,0,0,0> }
	no_shadow
}

// particle -1
sphere {
	<44.894379, 35.498680, 51.232273> 0.100000
	pigment { color rgbt <1,0,0,0> }
	no_shadow
}
sphere {
	0, 1
	scale<0.080000,0.200000,0.300000>
	matrix <0.857218, 0.353852, 0.374120,
		-0.484476, 0.307947, 0.818811,
		0.174529, -0.883152, 0.435410,
		44.946739, 35.233734, 51.362896>
	pigment { color rgbt <0,1,1,0> }
	no_shadow
}
cylinder {
	<45.166256, 36.042236, 51.542015>,  <44.824566, 35.851940, 51.058109>, 0.130000
	pigment { color rgbt <1,0,0,0> }
	no_shadow
}

// nucleotide -1

// particle -1
sphere {
	<45.166256, 36.042236, 51.542015> 0.250000
	pigment { color rgbt <1,0,0,0> }
	no_shadow
}
cylinder {
	<45.232944, 35.648453, 51.564072>,  <45.272957, 35.412182, 51.577305>, 0.100000
	pigment { color rgbt <1,0,0,0> }
	no_shadow
}
cylinder {
	<45.232944, 35.648453, 51.564072>,  <45.166256, 36.042236, 51.542015>, 0.100000
	pigment { color rgbt <1,0,0,0> }
	no_shadow
}

// particle -1
sphere {
	<45.232944, 35.648453, 51.564072> 0.100000
	pigment { color rgbt <1,0,0,0> }
	no_shadow
}
sphere {
	0, 1
	scale<0.080000,0.200000,0.300000>
	matrix <0.846381, 0.171583, 0.504182,
		-0.505809, -0.037386, 0.861835,
		0.166725, -0.984460, 0.055145,
		45.282963, 35.353115, 51.580616>
	pigment { color rgbt <0,1,1,0> }
	no_shadow
}
cylinder {
	<45.368279, 35.790508, 52.255737>,  <45.166256, 36.042236, 51.542015>, 0.130000
	pigment { color rgbt <1,0,0,0> }
	no_shadow
}

// nucleotide -1

// particle -1
sphere {
	<45.368279, 35.790508, 52.255737> 0.250000
	pigment { color rgbt <1,0,0,0> }
	no_shadow
}
cylinder {
	<45.515759, 35.506020, 52.016331>,  <45.604248, 35.335327, 51.872684>, 0.100000
	pigment { color rgbt <1,0,0,0> }
	no_shadow
}
cylinder {
	<45.515759, 35.506020, 52.016331>,  <45.368279, 35.790508, 52.255737>, 0.100000
	pigment { color rgbt <1,0,0,0> }
	no_shadow
}

// particle -1
sphere {
	<45.515759, 35.506020, 52.016331> 0.100000
	pigment { color rgbt <1,0,0,0> }
	no_shadow
}
sphere {
	0, 1
	scale<0.080000,0.200000,0.300000>
	matrix <0.887772, 0.078568, 0.453528,
		-0.275534, -0.698566, 0.660369,
		0.368703, -0.711219, -0.598519,
		45.626369, 35.292652, 51.836777>
	pigment { color rgbt <0,1,1,0> }
	no_shadow
}
cylinder {
	<45.760178, 35.265495, 52.749901>,  <45.368279, 35.790508, 52.255737>, 0.130000
	pigment { color rgbt <1,0,0,0> }
	no_shadow
}

// nucleotide -1

// particle -1
sphere {
	<45.760178, 35.265495, 52.749901> 0.250000
	pigment { color rgbt <1,0,0,0> }
	no_shadow
}
cylinder {
	<45.885319, 35.232273, 52.371433>,  <45.960403, 35.212341, 52.144352>, 0.100000
	pigment { color rgbt <1,0,0,0> }
	no_shadow
}
cylinder {
	<45.885319, 35.232273, 52.371433>,  <45.760178, 35.265495, 52.749901>, 0.100000
	pigment { color rgbt <1,0,0,0> }
	no_shadow
}

// particle -1
sphere {
	<45.885319, 35.232273, 52.371433> 0.100000
	pigment { color rgbt <1,0,0,0> }
	no_shadow
}
sphere {
	0, 1
	scale<0.080000,0.200000,0.300000>
	matrix <0.949483, 0.001512, 0.313815,
		-0.024632, -0.996544, 0.079331,
		0.312850, -0.083053, -0.946164,
		45.979176, 35.207359, 52.087585>
	pigment { color rgbt <0,1,1,0> }
	no_shadow
}
cylinder {
	<46.216091, 34.720943, 52.778797>,  <45.760178, 35.265495, 52.749901>, 0.130000
	pigment { color rgbt <1,0,0,0> }
	no_shadow
}

// nucleotide -1

// particle -1
sphere {
	<46.216091, 34.720943, 52.778797> 0.250000
	pigment { color rgbt <1,0,0,0> }
	no_shadow
}
cylinder {
	<46.291061, 34.926361, 52.443859>,  <46.336044, 35.049610, 52.242897>, 0.100000
	pigment { color rgbt <1,0,0,0> }
	no_shadow
}
cylinder {
	<46.291061, 34.926361, 52.443859>,  <46.216091, 34.720943, 52.778797>, 0.100000
	pigment { color rgbt <1,0,0,0> }
	no_shadow
}

// particle -1
sphere {
	<46.291061, 34.926361, 52.443859> 0.100000
	pigment { color rgbt <1,0,0,0> }
	no_shadow
}
sphere {
	0, 1
	scale<0.080000,0.200000,0.300000>
	matrix <0.958560, 0.090578, 0.270107,
		0.214557, -0.853268, -0.475288,
		0.187423, 0.513545, -0.837343,
		46.347290, 35.080425, 52.192657>
	pigment { color rgbt <0,1,1,0> }
	no_shadow
}
cylinder {
	<46.842304, 34.392498, 52.662907>,  <46.216091, 34.720943, 52.778797>, 0.130000
	pigment { color rgbt <1,0,0,0> }
	no_shadow
}

// nucleotide -1

// particle -1
sphere {
	<46.842304, 34.392498, 52.662907> 0.250000
	pigment { color rgbt <1,0,0,0> }
	no_shadow
}
cylinder {
	<46.808083, 34.710728, 52.422993>,  <46.787548, 34.901665, 52.279045>, 0.100000
	pigment { color rgbt <1,0,0,0> }
	no_shadow
}
cylinder {
	<46.808083, 34.710728, 52.422993>,  <46.842304, 34.392498, 52.662907>, 0.100000
	pigment { color rgbt <1,0,0,0> }
	no_shadow
}

// particle -1
sphere {
	<46.808083, 34.710728, 52.422993> 0.100000
	pigment { color rgbt <1,0,0,0> }
	no_shadow
}
sphere {
	0, 1
	scale<0.080000,0.200000,0.300000>
	matrix <0.993245, 0.115462, 0.011474,
		0.078381, -0.594751, -0.800080,
		-0.085555, 0.795575, -0.599784,
		46.782417, 34.949402, 52.243057>
	pigment { color rgbt <0,1,1,0> }
	no_shadow
}
cylinder {
	<47.337921, 34.329121, 52.094154>,  <46.842304, 34.392498, 52.662907>, 0.130000
	pigment { color rgbt <1,0,0,0> }
	no_shadow
}

// nucleotide -1

// particle -1
sphere {
	<47.337921, 34.329121, 52.094154> 0.250000
	pigment { color rgbt <1,0,0,0> }
	no_shadow
}
cylinder {
	<47.259453, 34.718121, 52.144367>,  <47.212372, 34.951519, 52.174496>, 0.100000
	pigment { color rgbt <1,0,0,0> }
	no_shadow
}
cylinder {
	<47.259453, 34.718121, 52.144367>,  <47.337921, 34.329121, 52.094154>, 0.100000
	pigment { color rgbt <1,0,0,0> }
	no_shadow
}

// particle -1
sphere {
	<47.259453, 34.718121, 52.144367> 0.100000
	pigment { color rgbt <1,0,0,0> }
	no_shadow
}
sphere {
	0, 1
	scale<0.080000,0.200000,0.300000>
	matrix <0.978080, 0.203181, -0.045579,
		-0.069832, 0.113840, -0.991042,
		-0.196172, 0.972501, 0.125533,
		47.200600, 35.009872, 52.182026>
	pigment { color rgbt <0,1,1,0> }
	no_shadow
}
cylinder {
	<47.836033, 34.670761, 51.633858>,  <47.337921, 34.329121, 52.094154>, 0.130000
	pigment { color rgbt <1,0,0,0> }
	no_shadow
}

// nucleotide -1

// particle -1
sphere {
	<47.836033, 34.670761, 51.633858> 0.250000
	pigment { color rgbt <1,0,0,0> }
	no_shadow
}
cylinder {
	<47.723511, 34.959225, 51.887093>,  <47.655998, 35.132301, 52.039036>, 0.100000
	pigment { color rgbt <1,0,0,0> }
	no_shadow
}
cylinder {
	<47.723511, 34.959225, 51.887093>,  <47.836033, 34.670761, 51.633858>, 0.100000
	pigment { color rgbt <1,0,0,0> }
	no_shadow
}

// particle -1
sphere {
	<47.723511, 34.959225, 51.887093> 0.100000
	pigment { color rgbt <1,0,0,0> }
	no_shadow
}
sphere {
	0, 1
	scale<0.080000,0.200000,0.300000>
	matrix <0.915055, 0.400294, -0.049390,
		-0.289041, 0.565419, -0.772501,
		-0.281301, 0.721156, 0.633090,
		47.639122, 35.175571, 52.077019>
	pigment { color rgbt <0,1,1,0> }
	no_shadow
}
// strand 1

// nucleotide -1

// particle -1
sphere {
	<24.159775, 34.924595, 51.701736> 0.250000
	pigment { color rgbt <0,1,0,0> }
	no_shadow
}
cylinder {
	<24.356384, 34.999302, 52.041977>,  <24.474350, 35.044128, 52.246120>, 0.100000
	pigment { color rgbt <0,1,0,0> }
	no_shadow
}
cylinder {
	<24.356384, 34.999302, 52.041977>,  <24.159775, 34.924595, 51.701736>, 0.100000
	pigment { color rgbt <0,1,0,0> }
	no_shadow
}

// particle -1
sphere {
	<24.356384, 34.999302, 52.041977> 0.100000
	pigment { color rgbt <0,1,0,0> }
	no_shadow
}
sphere {
	0, 1
	scale<0.080000,0.200000,0.300000>
	matrix <0.870056, -0.147414, -0.470395,
		0.037535, 0.971281, -0.234958,
		0.491522, 0.186770, 0.850602,
		24.503841, 35.055332, 52.297157>
	pigment { color rgbt <0,1,1,0> }
	no_shadow
}
cylinder {
	<24.844679, 35.392670, 51.568813>,  <24.159775, 34.924595, 51.701736>, 0.130000
	pigment { color rgbt <0,1,0,0> }
	no_shadow
}

// nucleotide -1

// particle -1
sphere {
	<24.844679, 35.392670, 51.568813> 0.250000
	pigment { color rgbt <0,1,0,0> }
	no_shadow
}
cylinder {
	<24.894156, 35.177986, 51.902676>,  <24.923841, 35.049175, 52.102993>, 0.100000
	pigment { color rgbt <0,1,0,0> }
	no_shadow
}
cylinder {
	<24.894156, 35.177986, 51.902676>,  <24.844679, 35.392670, 51.568813>, 0.100000
	pigment { color rgbt <0,1,0,0> }
	no_shadow
}

// particle -1
sphere {
	<24.894156, 35.177986, 51.902676> 0.100000
	pigment { color rgbt <0,1,0,0> }
	no_shadow
}
sphere {
	0, 1
	scale<0.080000,0.200000,0.300000>
	matrix <0.900762, -0.292161, -0.321356,
		0.416327, 0.791575, 0.447305,
		0.123692, -0.536704, 0.834655,
		24.931263, 35.016975, 52.153072>
	pigment { color rgbt <0,1,1,0> }
	no_shadow
}
cylinder {
	<25.503757, 35.459377, 51.703030>,  <24.844679, 35.392670, 51.568813>, 0.130000
	pigment { color rgbt <0,1,0,0> }
	no_shadow
}

// nucleotide -1

// particle -1
sphere {
	<25.503757, 35.459377, 51.703030> 0.250000
	pigment { color rgbt <0,1,0,0> }
	no_shadow
}
cylinder {
	<25.417198, 35.120991, 51.897972>,  <25.365263, 34.917961, 52.014938>, 0.100000
	pigment { color rgbt <0,1,0,0> }
	no_shadow
}
cylinder {
	<25.417198, 35.120991, 51.897972>,  <25.503757, 35.459377, 51.703030>, 0.100000
	pigment { color rgbt <0,1,0,0> }
	no_shadow
}

// particle -1
sphere {
	<25.417198, 35.120991, 51.897972> 0.100000
	pigment { color rgbt <0,1,0,0> }
	no_shadow
}
sphere {
	0, 1
	scale<0.080000,0.200000,0.300000>
	matrix <0.866005, -0.396811, -0.304264,
		0.450785, 0.356212, 0.818478,
		-0.216398, -0.845964, 0.487357,
		25.352278, 34.867203, 52.044178>
	pigment { color rgbt <0,1,1,0> }
	no_shadow
}
cylinder {
	<26.083147, 35.313484, 52.042633>,  <25.503757, 35.459377, 51.703030>, 0.130000
	pigment { color rgbt <0,1,0,0> }
	no_shadow
}

// nucleotide -1

// particle -1
sphere {
	<26.083147, 35.313484, 52.042633> 0.250000
	pigment { color rgbt <0,1,0,0> }
	no_shadow
}
cylinder {
	<25.889139, 34.963974, 52.056904>,  <25.772736, 34.754269, 52.065464>, 0.100000
	pigment { color rgbt <0,1,0,0> }
	no_shadow
}
cylinder {
	<25.889139, 34.963974, 52.056904>,  <26.083147, 35.313484, 52.042633>, 0.100000
	pigment { color rgbt <0,1,0,0> }
	no_shadow
}

// particle -1
sphere {
	<25.889139, 34.963974, 52.056904> 0.100000
	pigment { color rgbt <0,1,0,0> }
	no_shadow
}
sphere {
	0, 1
	scale<0.080000,0.200000,0.300000>
	matrix <0.785343, -0.453150, -0.421770,
		0.384698, -0.176550, 0.906000,
		-0.485018, -0.873776, 0.035673,
		25.743633, 34.701839, 52.067604>
	pigment { color rgbt <0,1,1,0> }
	no_shadow
}
cylinder {
	<26.550547, 34.928932, 52.254658>,  <26.083147, 35.313484, 52.042633>, 0.130000
	pigment { color rgbt <0,1,0,0> }
	no_shadow
}

// nucleotide -1

// particle -1
sphere {
	<26.550547, 34.928932, 52.254658> 0.250000
	pigment { color rgbt <0,1,0,0> }
	no_shadow
}
cylinder {
	<26.290176, 34.661888, 52.110104>,  <26.133955, 34.501663, 52.023373>, 0.100000
	pigment { color rgbt <0,1,0,0> }
	no_shadow
}
cylinder {
	<26.290176, 34.661888, 52.110104>,  <26.550547, 34.928932, 52.254658>, 0.100000
	pigment { color rgbt <0,1,0,0> }
	no_shadow
}

// particle -1
sphere {
	<26.290176, 34.661888, 52.110104> 0.100000
	pigment { color rgbt <0,1,0,0> }
	no_shadow
}
sphere {
	0, 1
	scale<0.080000,0.200000,0.300000>
	matrix <0.736271, -0.439227, -0.514766,
		0.184932, -0.601150, 0.777444,
		-0.650926, -0.667606, -0.361382,
		26.094898, 34.461605, 52.001690>
	pigment { color rgbt <0,1,1,0> }
	no_shadow
}
cylinder {
	<26.871138, 34.422005, 52.308304>,  <26.550547, 34.928932, 52.254658>, 0.130000
	pigment { color rgbt <0,1,0,0> }
	no_shadow
}

// nucleotide -1

// particle -1
sphere {
	<26.871138, 34.422005, 52.308304> 0.250000
	pigment { color rgbt <0,1,0,0> }
	no_shadow
}
cylinder {
	<26.589630, 34.308216, 52.047909>,  <26.420725, 34.239944, 51.891670>, 0.100000
	pigment { color rgbt <0,1,0,0> }
	no_shadow
}
cylinder {
	<26.589630, 34.308216, 52.047909>,  <26.871138, 34.422005, 52.308304>, 0.100000
	pigment { color rgbt <0,1,0,0> }
	no_shadow
}

// particle -1
sphere {
	<26.589630, 34.308216, 52.047909> 0.100000
	pigment { color rgbt <0,1,0,0> }
	no_shadow
}
sphere {
	0, 1
	scale<0.080000,0.200000,0.300000>
	matrix <0.702777, -0.412887, -0.579335,
		-0.103980, -0.865217, 0.490497,
		-0.703770, -0.284471, -0.650986,
		26.378498, 34.222874, 51.852612>
	pigment { color rgbt <0,1,1,0> }
	no_shadow
}
cylinder {
	<27.034649, 33.746662, 52.164917>,  <26.871138, 34.422005, 52.308304>, 0.130000
	pigment { color rgbt <0,1,0,0> }
	no_shadow
}

// nucleotide -1

// particle -1
sphere {
	<27.034649, 33.746662, 52.164917> 0.250000
	pigment { color rgbt <0,1,0,0> }
	no_shadow
}
cylinder {
	<26.827972, 33.871941, 51.846184>,  <26.703966, 33.947105, 51.654945>, 0.100000
	pigment { color rgbt <0,1,0,0> }
	no_shadow
}
cylinder {
	<26.827972, 33.871941, 51.846184>,  <27.034649, 33.746662, 52.164917>, 0.100000
	pigment { color rgbt <0,1,0,0> }
	no_shadow
}

// particle -1
sphere {
	<26.827972, 33.871941, 51.846184> 0.100000
	pigment { color rgbt <0,1,0,0> }
	no_shadow
}
sphere {
	0, 1
	scale<0.080000,0.200000,0.300000>
	matrix <0.763837, -0.251796, -0.594266,
		-0.386759, -0.915701, -0.109128,
		-0.516692, 0.313194, -0.796831,
		26.672964, 33.965897, 51.607136>
	pigment { color rgbt <0,1,1,0> }
	no_shadow
}
cylinder {
	<27.159286, 33.247955, 51.596085>,  <27.034649, 33.746662, 52.164917>, 0.130000
	pigment { color rgbt <0,1,0,0> }
	no_shadow
}

// nucleotide -1

// particle -1
sphere {
	<27.159286, 33.247955, 51.596085> 0.250000
	pigment { color rgbt <0,1,0,0> }
	no_shadow
}
cylinder {
	<27.039419, 33.594200, 51.435627>,  <26.967499, 33.801949, 51.339352>, 0.100000
	pigment { color rgbt <0,1,0,0> }
	no_shadow
}
cylinder {
	<27.039419, 33.594200, 51.435627>,  <27.159286, 33.247955, 51.596085>, 0.100000
	pigment { color rgbt <0,1,0,0> }
	no_shadow
}

// particle -1
sphere {
	<27.039419, 33.594200, 51.435627> 0.100000
	pigment { color rgbt <0,1,0,0> }
	no_shadow
}
sphere {
	0, 1
	scale<0.080000,0.200000,0.300000>
	matrix <0.869988, 0.075370, -0.487278,
		-0.391560, -0.495009, -0.775659,
		-0.299669, 0.865612, -0.401140,
		26.949518, 33.853886, 51.315285>
	pigment { color rgbt <0,1,1,0> }
	no_shadow
}
cylinder {
	<27.176208, 33.143188, 50.943558>,  <27.159286, 33.247955, 51.596085>, 0.130000
	pigment { color rgbt <0,1,0,0> }
	no_shadow
}

// nucleotide -1

// particle -1
sphere {
	<27.176208, 33.143188, 50.943558> 0.250000
	pigment { color rgbt <0,1,0,0> }
	no_shadow
}
cylinder {
	<27.237865, 33.536949, 50.977482>,  <27.274858, 33.773205, 50.997837>, 0.100000
	pigment { color rgbt <0,1,0,0> }
	no_shadow
}
cylinder {
	<27.237865, 33.536949, 50.977482>,  <27.176208, 33.143188, 50.943558>, 0.100000
	pigment { color rgbt <0,1,0,0> }
	no_shadow
}

// particle -1
sphere {
	<27.237865, 33.536949, 50.977482> 0.100000
	pigment { color rgbt <0,1,0,0> }
	no_shadow
}
sphere {
	0, 1
	scale<0.080000,0.200000,0.300000>
	matrix <0.819051, -0.079294, -0.568214,
		-0.552626, 0.157052, -0.818498,
		0.154141, 0.984402, 0.084813,
		27.284107, 33.832272, 51.002926>
	pigment { color rgbt <0,1,1,0> }
	no_shadow
}
cylinder {
	<27.375429, 33.330154, 50.300781>,  <27.176208, 33.143188, 50.943558>, 0.130000
	pigment { color rgbt <0,1,0,0> }
	no_shadow
}

// nucleotide -1

// particle -1
sphere {
	<27.375429, 33.330154, 50.300781> 0.250000
	pigment { color rgbt <0,1,0,0> }
	no_shadow
}
cylinder {
	<27.509052, 33.625366, 50.535294>,  <27.589226, 33.802494, 50.675999>, 0.100000
	pigment { color rgbt <0,1,0,0> }
	no_shadow
}
cylinder {
	<27.509052, 33.625366, 50.535294>,  <27.375429, 33.330154, 50.300781>, 0.100000
	pigment { color rgbt <0,1,0,0> }
	no_shadow
}

// particle -1
sphere {
	<27.509052, 33.625366, 50.535294> 0.100000
	pigment { color rgbt <0,1,0,0> }
	no_shadow
}
sphere {
	0, 1
	scale<0.080000,0.200000,0.300000>
	matrix <0.856746, 0.021543, -0.515288,
		-0.392927, 0.674426, -0.625106,
		0.334057, 0.738028, 0.586277,
		27.609270, 33.846775, 50.711178>
	pigment { color rgbt <0,1,1,0> }
	no_shadow
}
cylinder {
	<27.612026, 33.871590, 49.837925>,  <27.375429, 33.330154, 50.300781>, 0.130000
	pigment { color rgbt <0,1,0,0> }
	no_shadow
}

// nucleotide -1

// particle -1
sphere {
	<27.612026, 33.871590, 49.837925> 0.250000
	pigment { color rgbt <0,1,0,0> }
	no_shadow
}
cylinder {
	<27.801407, 33.931580, 50.185108>,  <27.915035, 33.967571, 50.393417>, 0.100000
	pigment { color rgbt <0,1,0,0> }
	no_shadow
}
cylinder {
	<27.801407, 33.931580, 50.185108>,  <27.612026, 33.871590, 49.837925>, 0.100000
	pigment { color rgbt <0,1,0,0> }
	no_shadow
}

// particle -1
sphere {
	<27.801407, 33.931580, 50.185108> 0.100000
	pigment { color rgbt <0,1,0,0> }
	no_shadow
}
sphere {
	0, 1
	scale<0.080000,0.200000,0.300000>
	matrix <0.850362, 0.179061, -0.494794,
		-0.229621, 0.972341, -0.042752,
		0.473453, 0.149970, 0.867958,
		27.943443, 33.976570, 50.445496>
	pigment { color rgbt <0,1,1,0> }
	no_shadow
}
cylinder {
	<28.126499, 34.392887, 49.647404>,  <27.612026, 33.871590, 49.837925>, 0.130000
	pigment { color rgbt <0,1,0,0> }
	no_shadow
}

// nucleotide -1

// particle -1
sphere {
	<28.126499, 34.392887, 49.647404> 0.250000
	pigment { color rgbt <0,1,0,0> }
	no_shadow
}
cylinder {
	<28.261351, 34.303566, 50.013241>,  <28.342262, 34.249973, 50.232742>, 0.100000
	pigment { color rgbt <0,1,0,0> }
	no_shadow
}
cylinder {
	<28.261351, 34.303566, 50.013241>,  <28.126499, 34.392887, 49.647404>, 0.100000
	pigment { color rgbt <0,1,0,0> }
	no_shadow
}

// particle -1
sphere {
	<28.261351, 34.303566, 50.013241> 0.100000
	pigment { color rgbt <0,1,0,0> }
	no_shadow
}
sphere {
	0, 1
	scale<0.080000,0.200000,0.300000>
	matrix <0.940553, 0.122471, -0.316797,
		-0.041270, 0.967026, 0.251313,
		0.337130, -0.223299, 0.914593,
		28.362490, 34.236576, 50.287621>
	pigment { color rgbt <0,1,1,0> }
	no_shadow
}
cylinder {
	<28.510283, 35.028240, 50.024536>,  <28.126499, 34.392887, 49.647404>, 0.130000
	pigment { color rgbt <0,1,0,0> }
	no_shadow
}

// nucleotide -1

// particle -1
sphere {
	<28.510283, 35.028240, 50.024536> 0.250000
	pigment { color rgbt <0,1,0,0> }
	no_shadow
}
cylinder {
	<28.643887, 34.666031, 50.129204>,  <28.724049, 34.448704, 50.192005>, 0.100000
	pigment { color rgbt <0,1,0,0> }
	no_shadow
}
cylinder {
	<28.643887, 34.666031, 50.129204>,  <28.510283, 35.028240, 50.024536>, 0.100000
	pigment { color rgbt <0,1,0,0> }
	no_shadow
}

// particle -1
sphere {
	<28.643887, 34.666031, 50.129204> 0.100000
	pigment { color rgbt <0,1,0,0> }
	no_shadow
}
sphere {
	0, 1
	scale<0.080000,0.200000,0.300000>
	matrix <0.926767, 0.264878, -0.266353,
		0.171879, 0.331467, 0.927679,
		0.334008, -0.905522, 0.261665,
		28.744089, 34.394375, 50.207703>
	pigment { color rgbt <0,1,1,0> }
	no_shadow
}
cylinder {
	<29.178452, 35.225384, 50.299820>,  <28.510283, 35.028240, 50.024536>, 0.130000
	pigment { color rgbt <0,1,0,0> }
	no_shadow
}

// nucleotide -1

// particle -1
sphere {
	<29.178452, 35.225384, 50.299820> 0.250000
	pigment { color rgbt <0,1,0,0> }
	no_shadow
}
cylinder {
	<29.206509, 34.827080, 50.276035>,  <29.223343, 34.588097, 50.261765>, 0.100000
	pigment { color rgbt <0,1,0,0> }
	no_shadow
}
cylinder {
	<29.206509, 34.827080, 50.276035>,  <29.178452, 35.225384, 50.299820>, 0.100000
	pigment { color rgbt <0,1,0,0> }
	no_shadow
}

// particle -1
sphere {
	<29.206509, 34.827080, 50.276035> 0.100000
	pigment { color rgbt <0,1,0,0> }
	no_shadow
}
sphere {
	0, 1
	scale<0.080000,0.200000,0.300000>
	matrix <0.985250, 0.078482, -0.152059,
		0.156081, -0.047915, 0.986581,
		0.070143, -0.995763, -0.059458,
		29.227551, 34.528351, 50.258198>
	pigment { color rgbt <0,1,1,0> }
	no_shadow
}
cylinder {
	<29.816435, 35.037846, 50.617886>,  <29.178452, 35.225384, 50.299820>, 0.130000
	pigment { color rgbt <0,1,0,0> }
	no_shadow
}

// nucleotide -1

// particle -1
sphere {
	<29.816435, 35.037846, 50.617886> 0.250000
	pigment { color rgbt <0,1,0,0> }
	no_shadow
}
cylinder {
	<29.750429, 34.690773, 50.430313>,  <29.710827, 34.482529, 50.317768>, 0.100000
	pigment { color rgbt <0,1,0,0> }
	no_shadow
}
cylinder {
	<29.750429, 34.690773, 50.430313>,  <29.816435, 35.037846, 50.617886>, 0.100000
	pigment { color rgbt <0,1,0,0> }
	no_shadow
}

// particle -1
sphere {
	<29.750429, 34.690773, 50.430313> 0.100000
	pigment { color rgbt <0,1,0,0> }
	no_shadow
}
sphere {
	0, 1
	scale<0.080000,0.200000,0.300000>
	matrix <0.980130, -0.091200, -0.176147,
		0.110072, -0.488683, 0.865490,
		-0.165013, -0.867681, -0.468935,
		29.700926, 34.430470, 50.289631>
	pigment { color rgbt <0,1,1,0> }
	no_shadow
}
cylinder {
	<30.314276, 34.565311, 50.860889>,  <29.816435, 35.037846, 50.617886>, 0.130000
	pigment { color rgbt <0,1,0,0> }
	no_shadow
}

// nucleotide -1

// particle -1
sphere {
	<30.314276, 34.565311, 50.860889> 0.250000
	pigment { color rgbt <0,1,0,0> }
	no_shadow
}
cylinder {
	<30.183273, 34.432137, 50.507191>,  <30.104671, 34.352234, 50.294971>, 0.100000
	pigment { color rgbt <0,1,0,0> }
	no_shadow
}
cylinder {
	<30.183273, 34.432137, 50.507191>,  <30.314276, 34.565311, 50.860889>, 0.100000
	pigment { color rgbt <0,1,0,0> }
	no_shadow
}

// particle -1
sphere {
	<30.183273, 34.432137, 50.507191> 0.100000
	pigment { color rgbt <0,1,0,0> }
	no_shadow
}
sphere {
	0, 1
	scale<0.080000,0.200000,0.300000>
	matrix <0.944803, -0.124582, -0.303029,
		-0.009273, -0.934684, 0.355360,
		-0.327508, -0.332935, -0.884247,
		30.085020, 34.332256, 50.241917>
	pigment { color rgbt <0,1,1,0> }
	no_shadow
}
cylinder {
	<30.661680, 33.970989, 50.783661>,  <30.314276, 34.565311, 50.860889>, 0.130000
	pigment { color rgbt <0,1,0,0> }
	no_shadow
}

// nucleotide -1

// particle -1
sphere {
	<30.661680, 33.970989, 50.783661> 0.250000
	pigment { color rgbt <0,1,0,0> }
	no_shadow
}
cylinder {
	<30.551603, 34.101383, 50.421886>,  <30.485558, 34.179619, 50.204823>, 0.100000
	pigment { color rgbt <0,1,0,0> }
	no_shadow
}
cylinder {
	<30.551603, 34.101383, 50.421886>,  <30.661680, 33.970989, 50.783661>, 0.100000
	pigment { color rgbt <0,1,0,0> }
	no_shadow
}

// particle -1
sphere {
	<30.551603, 34.101383, 50.421886> 0.100000
	pigment { color rgbt <0,1,0,0> }
	no_shadow
}
sphere {
	0, 1
	scale<0.080000,0.200000,0.300000>
	matrix <0.934521, -0.130154, -0.331256,
		-0.225699, -0.936374, -0.268819,
		-0.275191, 0.325981, -0.904437,
		30.469046, 34.199177, 50.150555>
	pigment { color rgbt <0,1,1,0> }
	no_shadow
}
cylinder {
	<31.152084, 33.833775, 50.403271>,  <30.661680, 33.970989, 50.783661>, 0.130000
	pigment { color rgbt <0,1,0,0> }
	no_shadow
}

// nucleotide -1

// particle -1
sphere {
	<31.152084, 33.833775, 50.403271> 0.250000
	pigment { color rgbt <0,1,0,0> }
	no_shadow
}
cylinder {
	<30.986465, 34.066963, 50.123638>,  <30.887094, 34.206875, 49.955860>, 0.100000
	pigment { color rgbt <0,1,0,0> }
	no_shadow
}
cylinder {
	<30.986465, 34.066963, 50.123638>,  <31.152084, 33.833775, 50.403271>, 0.100000
	pigment { color rgbt <0,1,0,0> }
	no_shadow
}

// particle -1
sphere {
	<30.986465, 34.066963, 50.123638> 0.100000
	pigment { color rgbt <0,1,0,0> }
	no_shadow
}
sphere {
	0, 1
	scale<0.080000,0.200000,0.300000>
	matrix <0.841322, -0.048082, -0.538390,
		-0.347479, -0.811069, -0.470558,
		-0.414046, 0.582971, -0.699078,
		30.862251, 34.241856, 49.913914>
	pigment { color rgbt <0,1,1,0> }
	no_shadow
}
cylinder {
	<31.506058, 33.606983, 49.791630>,  <31.152084, 33.833775, 50.403271>, 0.130000
	pigment { color rgbt <0,1,0,0> }
	no_shadow
}

// nucleotide -1

// particle -1
sphere {
	<31.506058, 33.606983, 49.791630> 0.250000
	pigment { color rgbt <0,1,0,0> }
	no_shadow
}
cylinder {
	<31.354826, 33.950886, 49.654297>,  <31.264088, 34.157227, 49.571896>, 0.100000
	pigment { color rgbt <0,1,0,0> }
	no_shadow
}
cylinder {
	<31.354826, 33.950886, 49.654297>,  <31.506058, 33.606983, 49.791630>, 0.100000
	pigment { color rgbt <0,1,0,0> }
	no_shadow
}

// particle -1
sphere {
	<31.354826, 33.950886, 49.654297> 0.100000
	pigment { color rgbt <0,1,0,0> }
	no_shadow
}
sphere {
	0, 1
	scale<0.080000,0.200000,0.300000>
	matrix <0.721933, 0.041645, -0.690708,
		-0.579543, -0.509004, -0.636431,
		-0.378077, 0.859756, -0.343332,
		31.241404, 34.208813, 49.551296>
	pigment { color rgbt <0,1,1,0> }
	no_shadow
}
cylinder {
	<31.504993, 33.542969, 49.049500>,  <31.506058, 33.606983, 49.791630>, 0.130000
	pigment { color rgbt <0,1,0,0> }
	no_shadow
}

// nucleotide -1

// particle -1
sphere {
	<31.504993, 33.542969, 49.049500> 0.250000
	pigment { color rgbt <0,1,0,0> }
	no_shadow
}
cylinder {
	<31.522692, 33.932892, 49.136951>,  <31.533312, 34.166843, 49.189423>, 0.100000
	pigment { color rgbt <0,1,0,0> }
	no_shadow
}
cylinder {
	<31.522692, 33.932892, 49.136951>,  <31.504993, 33.542969, 49.049500>, 0.100000
	pigment { color rgbt <0,1,0,0> }
	no_shadow
}

// particle -1
sphere {
	<31.522692, 33.932892, 49.136951> 0.100000
	pigment { color rgbt <0,1,0,0> }
	no_shadow
}
sphere {
	0, 1
	scale<0.080000,0.200000,0.300000>
	matrix <0.690732, 0.128254, -0.711647,
		-0.721756, 0.182502, -0.667653,
		0.044248, 0.974805, 0.218628,
		31.535967, 34.225334, 49.202541>
	pigment { color rgbt <0,1,1,0> }
	no_shadow
}
cylinder {
	<31.533058, 33.944653, 48.397221>,  <31.504993, 33.542969, 49.049500>, 0.130000
	pigment { color rgbt <0,1,0,0> }
	no_shadow
}

// nucleotide -1

// particle -1
sphere {
	<31.533058, 33.944653, 48.397221> 0.250000
	pigment { color rgbt <0,1,0,0> }
	no_shadow
}
cylinder {
	<31.679726, 34.199776, 48.668148>,  <31.767727, 34.352848, 48.830704>, 0.100000
	pigment { color rgbt <0,1,0,0> }
	no_shadow
}
cylinder {
	<31.679726, 34.199776, 48.668148>,  <31.533058, 33.944653, 48.397221>, 0.100000
	pigment { color rgbt <0,1,0,0> }
	no_shadow
}

// particle -1
sphere {
	<31.679726, 34.199776, 48.668148> 0.100000
	pigment { color rgbt <0,1,0,0> }
	no_shadow
}
sphere {
	0, 1
	scale<0.080000,0.200000,0.300000>
	matrix <0.723321, 0.262432, -0.638699,
		-0.585116, 0.724107, -0.365115,
		0.366668, 0.637808, 0.677315,
		31.789726, 34.391117, 48.871342>
	pigment { color rgbt <0,1,1,0> }
	no_shadow
}
// strand 2

// nucleotide -1

// particle -1
sphere {
	<24.646538, 35.337791, 34.990231> 0.250000
	pigment { color rgbt <0,0,1,0> }
	no_shadow
}
cylinder {
	<24.392324, 35.031460, 35.029438>,  <24.239796, 34.847660, 35.052963>, 0.100000
	pigment { color rgbt <0,0,1,0> }
	no_shadow
}
cylinder {
	<24.392324, 35.031460, 35.029438>,  <24.646538, 35.337791, 34.990231>, 0.100000
	pigment { color rgbt <0,0,1,0> }
	no_shadow
}

// particle -1
sphere {
	<24.392324, 35.031460, 35.029438> 0.100000
	pigment { color rgbt <0,0,1,0> }
	no_shadow
}
sphere {
	0, 1
	scale<0.080000,0.200000,0.300000>
	matrix <0.531324, -0.341709, 0.775197,
		-0.560170, 0.544746, 0.624069,
		-0.635535, -0.765825, 0.098021,
		24.201664, 34.801712, 35.058846>
	pigment { color rgbt <0,1,1,0> }
	no_shadow
}
cylinder {
	<24.128857, 35.242279, 35.691380>,  <24.646538, 35.337791, 34.990231>, 0.130000
