// switches for output
#declare DRAW_BASES = 1; // possible values are 0, 1; only relevant for DNA ribbons
#declare DRAW_BASES_TYPE = 3; // possible values are 1, 2, 3; only relevant for DNA ribbons
#declare DRAW_FOG = 0; // set to 1 to enable fog

#include "colors.inc"

#include "transforms.inc"
background { rgb <1, 1, 1>}

#default {
   normal{
       ripples 0.25
       frequency 0.20
       turbulence 0.2
       lambda 5
   }
	finish {
		phong 0.1
		phong_size 40.
	}
}

// original window dimensions: 1024x640


// camera settings

camera {
	sky <0, 0.179814, -0.983701>
	up <0, 0.179814, -0.983701>
	right 1.6 * <1, 0, 0>
	location <35, 94.9851, 44.8844>
	look_at <35, 29.7336, 32.9568>
	direction <0, -65.2515, -11.9276>
	angle 67.0682
}


# declare cpy_camera_pos = <35, 94.9851, 44.8844>;
# if (DRAW_FOG = 1)
fog {
	fog_type 2
	up vnormalize(cpy_camera_pos)
	color rgbt<1,1,1,0.3>
	distance 1e-5
	fog_alt 3e-3
	fog_offset 56
}
# end


// LIGHTS

# declare lum = 6;
global_settings {
	ambient_light rgb lum * <0.05, 0.05, 0.05>
	max_trace_level 15
}# declare cpy_direct_light_amount = 0.25;
light_source
{	1000 * <-1, -1.16352, -0.803886>,
	rgb lum * cpy_direct_light_amount
	parallel
}

light_source
{	1000 * <1, 1.16352, 0.803886>,
	rgb lum * cpy_direct_light_amount
	parallel
}

// strand 0

// nucleotide -1

// particle -1
sphere {
	<39.805519, 34.341454, 50.109550> 0.250000
	pigment { color rgbt <1,0,0,0> }
	no_shadow
}
cylinder {
	<39.842907, 34.398853, 49.715458>,  <39.865341, 34.433292, 49.479004>, 0.100000
	pigment { color rgbt <1,0,0,0> }
	no_shadow
}
cylinder {
	<39.842907, 34.398853, 49.715458>,  <39.805519, 34.341454, 50.109550>, 0.100000
	pigment { color rgbt <1,0,0,0> }
	no_shadow
}

// particle -1
sphere {
	<39.842907, 34.398853, 49.715458> 0.100000
	pigment { color rgbt <1,0,0,0> }
	no_shadow
}
sphere {
	0, 1
	scale<0.080000,0.200000,0.300000>
	matrix <0.876773, -0.480726, 0.013163,
		-0.471735, -0.865050, -0.170746,
		0.093469, 0.143495, -0.985227,
		39.870949, 34.441902, 49.419891>
	pigment { color rgbt <0,1,1,0> }
	no_shadow
}
cylinder {
	<40.036976, 33.841732, 49.681362>,  <39.805519, 34.341454, 50.109550>, 0.130000
	pigment { color rgbt <1,0,0,0> }
	no_shadow
}

// nucleotide -1

// particle -1
sphere {
	<40.036976, 33.841732, 49.681362> 0.250000
	pigment { color rgbt <1,0,0,0> }
	no_shadow
}
cylinder {
	<40.187618, 34.161137, 49.493511>,  <40.278004, 34.352779, 49.380802>, 0.100000
	pigment { color rgbt <1,0,0,0> }
	no_shadow
}
cylinder {
	<40.187618, 34.161137, 49.493511>,  <40.036976, 33.841732, 49.681362>, 0.100000
	pigment { color rgbt <1,0,0,0> }
	no_shadow
}

// particle -1
sphere {
	<40.187618, 34.161137, 49.493511> 0.100000
	pigment { color rgbt <1,0,0,0> }
	no_shadow
}
sphere {
	0, 1
	scale<0.080000,0.200000,0.300000>
	matrix <0.908191, -0.418200, 0.017227,
		-0.182643, -0.432999, -0.882697,
		0.376603, 0.798511, -0.469627,
		40.300598, 34.400688, 49.352623>
	pigment { color rgbt <0,1,1,0> }
	no_shadow
}
cylinder {
	<40.552025, 33.614162, 49.327812>,  <40.036976, 33.841732, 49.681362>, 0.130000
	pigment { color rgbt <1,0,0,0> }
	no_shadow
}

// nucleotide -1

// particle -1
sphere {
	<40.552025, 33.614162, 49.327812> 0.250000
	pigment { color rgbt <1,0,0,0> }
	no_shadow
}
cylinder {
	<40.632919, 34.005535, 49.344639>,  <40.681454, 34.240360, 49.354736>, 0.100000
	pigment { color rgbt <1,0,0,0> }
	no_shadow
}
cylinder {
	<40.632919, 34.005535, 49.344639>,  <40.552025, 33.614162, 49.327812>, 0.100000
	pigment { color rgbt <1,0,0,0> }
	no_shadow
}

// particle -1
sphere {
	<40.632919, 34.005535, 49.344639> 0.100000
	pigment { color rgbt <1,0,0,0> }
	no_shadow
}
sphere {
	0, 1
	scale<0.080000,0.200000,0.300000>
	matrix <0.928222, -0.205196, 0.310320,
		0.312260, -0.023709, -0.949701,
		0.202232, 0.978434, 0.042067,
		40.693588, 34.299065, 49.357258>
	pigment { color rgbt <0,1,1,0> }
	no_shadow
}
cylinder {
	<41.255287, 33.724190, 48.967144>,  <40.552025, 33.614162, 49.327812>, 0.130000
	pigment { color rgbt <1,0,0,0> }
	no_shadow
}

// nucleotide -1

// particle -1
sphere {
	<41.255287, 33.724190, 48.967144> 0.250000
	pigment { color rgbt <1,0,0,0> }
	no_shadow
}
cylinder {
	<41.184551, 34.037098, 49.206070>,  <41.142109, 34.224842, 49.349426>, 0.100000
	pigment { color rgbt <1,0,0,0> }
	no_shadow
}
cylinder {
	<41.184551, 34.037098, 49.206070>,  <41.255287, 33.724190, 48.967144>, 0.100000
	pigment { color rgbt <1,0,0,0> }
	no_shadow
}

// particle -1
sphere {
	<41.184551, 34.037098, 49.206070> 0.100000
	pigment { color rgbt <1,0,0,0> }
	no_shadow
}
sphere {
	0, 1
	scale<0.080000,0.200000,0.300000>
	matrix <0.922051, -0.080629, 0.378578,
		0.344311, 0.617701, -0.707033,
		-0.176841, 0.782269, 0.597313,
		41.131500, 34.271778, 49.385265>
	pigment { color rgbt <0,1,1,0> }
	no_shadow
}
cylinder {
	<41.789669, 34.105057, 48.854092>,  <41.255287, 33.724190, 48.967144>, 0.130000
	pigment { color rgbt <1,0,0,0> }
	no_shadow
}

// nucleotide -1

// particle -1
sphere {
	<41.789669, 34.105057, 48.854092> 0.250000
	pigment { color rgbt <1,0,0,0> }
	no_shadow
}
cylinder {
	<41.660431, 34.282566, 49.188438>,  <41.582890, 34.389072, 49.389046>, 0.100000
	pigment { color rgbt <1,0,0,0> }
	no_shadow
}
cylinder {
	<41.660431, 34.282566, 49.188438>,  <41.789669, 34.105057, 48.854092>, 0.100000
	pigment { color rgbt <1,0,0,0> }
	no_shadow
}

// particle -1
sphere {
	<41.660431, 34.282566, 49.188438> 0.100000
	pigment { color rgbt <1,0,0,0> }
	no_shadow
}
sphere {
	0, 1
	scale<0.080000,0.200000,0.300000>
	matrix <0.925672, -0.035513, 0.376657,
		0.196834, 0.895435, -0.399315,
		-0.323091, 0.443773, 0.835869,
		41.563503, 34.415699, 49.439198>
	pigment { color rgbt <0,1,1,0> }
	no_shadow
}
cylinder {
	<42.283543, 34.688648, 49.076588>,  <41.789669, 34.105057, 48.854092>, 0.130000
	pigment { color rgbt <1,0,0,0> }
	no_shadow
}

// nucleotide -1

// particle -1
sphere {
	<42.283543, 34.688648, 49.076588> 0.250000
	pigment { color rgbt <1,0,0,0> }
	no_shadow
}
cylinder {
	<42.097965, 34.577175, 49.412945>,  <41.986618, 34.510292, 49.614758>, 0.100000
	pigment { color rgbt <1,0,0,0> }
	no_shadow
}
cylinder {
	<42.097965, 34.577175, 49.412945>,  <42.283543, 34.688648, 49.076588>, 0.100000
	pigment { color rgbt <1,0,0,0> }
	no_shadow
}

// particle -1
sphere {
	<42.097965, 34.577175, 49.412945> 0.100000
	pigment { color rgbt <1,0,0,0> }
	no_shadow
}
sphere {
	0, 1
	scale<0.080000,0.200000,0.300000>
	matrix <0.880962, -0.045401, 0.471003,
		-0.093084, 0.959309, 0.266575,
		-0.463941, -0.278685, 0.840889,
		41.958782, 34.493568, 49.665211>
	pigment { color rgbt <0,1,1,0> }
	no_shadow
}
cylinder {
	<42.285046, 35.245724, 49.564583>,  <42.283543, 34.688648, 49.076588>, 0.130000
	pigment { color rgbt <1,0,0,0> }
	no_shadow
}

// nucleotide -1

// particle -1
sphere {
	<42.285046, 35.245724, 49.564583> 0.250000
	pigment { color rgbt <1,0,0,0> }
	no_shadow
}
cylinder {
	<42.254925, 34.915668, 49.788540>,  <42.236855, 34.717636, 49.922913>, 0.100000
	pigment { color rgbt <1,0,0,0> }
	no_shadow
}
cylinder {
	<42.254925, 34.915668, 49.788540>,  <42.285046, 35.245724, 49.564583>, 0.100000
	pigment { color rgbt <1,0,0,0> }
	no_shadow
}

// particle -1
sphere {
	<42.254925, 34.915668, 49.788540> 0.100000
	pigment { color rgbt <1,0,0,0> }
	no_shadow
}
sphere {
	0, 1
	scale<0.080000,0.200000,0.300000>
	matrix <0.892312, 0.194868, 0.407192,
		-0.445094, 0.530261, 0.721606,
		-0.075300, -0.825136, 0.559893,
		42.232334, 34.668129, 49.956509>
	pigment { color rgbt <0,1,1,0> }
	no_shadow
}
cylinder {
	<42.616451, 35.487827, 50.136169>,  <42.285046, 35.245724, 49.564583>, 0.130000
	pigment { color rgbt <1,0,0,0> }
	no_shadow
}

// nucleotide -1

// particle -1
sphere {
	<42.616451, 35.487827, 50.136169> 0.250000
	pigment { color rgbt <1,0,0,0> }
	no_shadow
}
cylinder {
	<42.573589, 35.107216, 50.251484>,  <42.547874, 34.878849, 50.320675>, 0.100000
	pigment { color rgbt <1,0,0,0> }
	no_shadow
}
cylinder {
	<42.573589, 35.107216, 50.251484>,  <42.616451, 35.487827, 50.136169>, 0.100000
	pigment { color rgbt <1,0,0,0> }
	no_shadow
}

// particle -1
sphere {
	<42.573589, 35.107216, 50.251484> 0.100000
	pigment { color rgbt <1,0,0,0> }
	no_shadow
}
sphere {
	0, 1
	scale<0.080000,0.200000,0.300000>
	matrix <0.827356, 0.075463, 0.556586,
		-0.551363, 0.298158, 0.779167,
		-0.107152, -0.951529, 0.288290,
		42.541443, 34.821758, 50.337971>
	pigment { color rgbt <0,1,1,0> }
	no_shadow
}
cylinder {
	<42.781597, 35.419838, 50.949989>,  <42.616451, 35.487827, 50.136169>, 0.130000
	pigment { color rgbt <1,0,0,0> }
	no_shadow
}

// nucleotide -1

// particle -1
sphere {
	<42.781597, 35.419838, 50.949989> 0.250000
	pigment { color rgbt <1,0,0,0> }
	no_shadow
}
cylinder {
	<42.846569, 35.071033, 50.765289>,  <42.885551, 34.861752, 50.654469>, 0.100000
	pigment { color rgbt <1,0,0,0> }
	no_shadow
}
cylinder {
	<42.846569, 35.071033, 50.765289>,  <42.781597, 35.419838, 50.949989>, 0.100000
	pigment { color rgbt <1,0,0,0> }
	no_shadow
}

// particle -1
sphere {
	<42.846569, 35.071033, 50.765289> 0.100000
	pigment { color rgbt <1,0,0,0> }
	no_shadow
}
sphere {
	0, 1
	scale<0.080000,0.200000,0.300000>
	matrix <0.870247, -0.093961, 0.483571,
		-0.465066, -0.480383, 0.743604,
		0.162430, -0.872011, -0.461749,
		42.895298, 34.809429, 50.626766>
	pigment { color rgbt <0,1,1,0> }
	no_shadow
}
cylinder {
	<42.923969, 34.899448, 51.506699>,  <42.781597, 35.419838, 50.949989>, 0.130000
	pigment { color rgbt <1,0,0,0> }
	no_shadow
}

// nucleotide -1

// particle -1
sphere {
	<42.923969, 34.899448, 51.506699> 0.250000
	pigment { color rgbt <1,0,0,0> }
	no_shadow
}
cylinder {
	<43.091072, 34.814957, 51.153233>,  <43.191334, 34.764259, 50.941154>, 0.100000
	pigment { color rgbt <1,0,0,0> }
	no_shadow
}
cylinder {
	<43.091072, 34.814957, 51.153233>,  <42.923969, 34.899448, 51.506699>, 0.100000
	pigment { color rgbt <1,0,0,0> }
	no_shadow
}

// particle -1
sphere {
	<43.091072, 34.814957, 51.153233> 0.100000
	pigment { color rgbt <1,0,0,0> }
	no_shadow
}
sphere {
	0, 1
	scale<0.080000,0.200000,0.300000>
	matrix <0.891399, -0.092849, 0.443607,
		-0.175751, -0.973016, 0.149504,
		0.417756, -0.211233, -0.883663,
		43.216400, 34.751587, 50.888134>
	pigment { color rgbt <0,1,1,0> }
	no_shadow
}
cylinder {
	<43.399178, 34.468842, 51.722298>,  <42.923969, 34.899448, 51.506699>, 0.130000
	pigment { color rgbt <1,0,0,0> }
	no_shadow
}

// nucleotide -1

// particle -1
sphere {
	<43.399178, 34.468842, 51.722298> 0.250000
	pigment { color rgbt <1,0,0,0> }
	no_shadow
}
cylinder {
	<43.512253, 34.553207, 51.348003>,  <43.580097, 34.603825, 51.123428>, 0.100000
	pigment { color rgbt <1,0,0,0> }
	no_shadow
}
cylinder {
	<43.512253, 34.553207, 51.348003>,  <43.399178, 34.468842, 51.722298>, 0.100000
	pigment { color rgbt <1,0,0,0> }
	no_shadow
}

// particle -1
sphere {
	<43.512253, 34.553207, 51.348003> 0.100000
	pigment { color rgbt <1,0,0,0> }
	no_shadow
}
sphere {
	0, 1
	scale<0.080000,0.200000,0.300000>
	matrix <0.958211, -0.106625, 0.265449,
		-0.043787, -0.971673, -0.232239,
		0.282692, 0.210910, -0.935736,
		43.597061, 34.616482, 51.067284>
	pigment { color rgbt <0,1,1,0> }
	no_shadow
}
cylinder {
	<43.970741, 33.979355, 51.563133>,  <43.399178, 34.468842, 51.722298>, 0.130000
	pigment { color rgbt <1,0,0,0> }
	no_shadow
}

// nucleotide -1

// particle -1
sphere {
	<43.970741, 33.979355, 51.563133> 0.250000
	pigment { color rgbt <1,0,0,0> }
	no_shadow
}
cylinder {
	<44.008839, 34.268852, 51.289749>,  <44.031696, 34.442551, 51.125717>, 0.100000
	pigment { color rgbt <1,0,0,0> }
	no_shadow
}
cylinder {
	<44.008839, 34.268852, 51.289749>,  <43.970741, 33.979355, 51.563133>, 0.100000
	pigment { color rgbt <1,0,0,0> }
	no_shadow
}

// particle -1
sphere {
	<44.008839, 34.268852, 51.289749> 0.100000
	pigment { color rgbt <1,0,0,0> }
	no_shadow
}
sphere {
	0, 1
	scale<0.080000,0.200000,0.300000>
	matrix <0.985716, 0.027227, 0.166203,
		0.138897, -0.689529, -0.710815,
		0.095248, 0.723746, -0.683461,
		44.037415, 34.485977, 51.084709>
	pigment { color rgbt <0,1,1,0> }
	no_shadow
}
cylinder {
	<44.532810, 33.792061, 51.156494>,  <43.970741, 33.979355, 51.563133>, 0.130000
	pigment { color rgbt <1,0,0,0> }
	no_shadow
}

// nucleotide -1

// particle -1
sphere {
	<44.532810, 33.792061, 51.156494> 0.250000
	pigment { color rgbt <1,0,0,0> }
	no_shadow
}
cylinder {
	<44.483654, 34.179283, 51.069077>,  <44.454159, 34.411617, 51.016624>, 0.100000
	pigment { color rgbt <1,0,0,0> }
	no_shadow
}
cylinder {
	<44.483654, 34.179283, 51.069077>,  <44.532810, 33.792061, 51.156494>, 0.100000
	pigment { color rgbt <1,0,0,0> }
	no_shadow
}

// particle -1
sphere {
	<44.483654, 34.179283, 51.069077> 0.100000
	pigment { color rgbt <1,0,0,0> }
	no_shadow
}
sphere {
	0, 1
	scale<0.080000,0.200000,0.300000>
	matrix <0.983788, 0.147813, 0.101548,
		0.130608, -0.202521, -0.970529,
		-0.122892, 0.968058, -0.218543,
		44.446785, 34.469700, 51.003513>
	pigment { color rgbt <0,1,1,0> }
	no_shadow
}
cylinder {
	<45.170784, 33.911037, 50.758560>,  <44.532810, 33.792061, 51.156494>, 0.130000
	pigment { color rgbt <1,0,0,0> }
	no_shadow
}

// nucleotide -1

// particle -1
sphere {
	<45.170784, 33.911037, 50.758560> 0.250000
	pigment { color rgbt <1,0,0,0> }
	no_shadow
}
cylinder {
	<45.053787, 34.283421, 50.845974>,  <44.983589, 34.506851, 50.898422>, 0.100000
	pigment { color rgbt <1,0,0,0> }
	no_shadow
}
cylinder {
	<45.053787, 34.283421, 50.845974>,  <45.170784, 33.911037, 50.758560>, 0.100000
	pigment { color rgbt <1,0,0,0> }
	no_shadow
}

// particle -1
sphere {
	<45.053787, 34.283421, 50.845974> 0.100000
	pigment { color rgbt <1,0,0,0> }
	no_shadow
}
sphere {
	0, 1
	scale<0.080000,0.200000,0.300000>
	matrix <0.953969, 0.268232, 0.134147,
		0.066267, 0.247716, -0.966564,
		-0.292493, 0.930961, 0.218538,
		44.966038, 34.562710, 50.911537>
	pigment { color rgbt <0,1,1,0> }
	no_shadow
}
cylinder {
	<45.529110, 34.362507, 50.224762>,  <45.170784, 33.911037, 50.758560>, 0.130000
	pigment { color rgbt <1,0,0,0> }
	no_shadow
}

// nucleotide -1

// particle -1
sphere {
	<45.529110, 34.362507, 50.224762> 0.250000
	pigment { color rgbt <1,0,0,0> }
	no_shadow
}
cylinder {
	<45.424561, 34.629227, 50.503918>,  <45.361832, 34.789261, 50.671413>, 0.100000
	pigment { color rgbt <1,0,0,0> }
	no_shadow
}
cylinder {
	<45.424561, 34.629227, 50.503918>,  <45.529110, 34.362507, 50.224762>, 0.100000
	pigment { color rgbt <1,0,0,0> }
	no_shadow
}

// particle -1
sphere {
	<45.424561, 34.629227, 50.503918> 0.100000
	pigment { color rgbt <1,0,0,0> }
	no_shadow
}
sphere {
	0, 1
	scale<0.080000,0.200000,0.300000>
	matrix <0.964106, 0.215347, 0.155324,
		-0.046719, 0.713442, -0.699156,
		-0.261376, 0.666803, 0.697894,
		45.346149, 34.829269, 50.713287>
	pigment { color rgbt <0,1,1,0> }
	no_shadow
}
cylinder {
	<45.810703, 35.102203, 50.033474>,  <45.529110, 34.362507, 50.224762>, 0.130000
	pigment { color rgbt <1,0,0,0> }
	no_shadow
}

// nucleotide -1

// particle -1
sphere {
	<45.810703, 35.102203, 50.033474> 0.250000
	pigment { color rgbt <1,0,0,0> }
	no_shadow
}
cylinder {
	<45.761379, 35.058697, 50.428028>,  <45.731785, 35.032593, 50.664761>, 0.100000
	pigment { color rgbt <1,0,0,0> }
	no_shadow
}
cylinder {
	<45.761379, 35.058697, 50.428028>,  <45.810703, 35.102203, 50.033474>, 0.100000
	pigment { color rgbt <1,0,0,0> }
	no_shadow
}

// particle -1
sphere {
	<45.761379, 35.058697, 50.428028> 0.100000
	pigment { color rgbt <1,0,0,0> }
	no_shadow
}
sphere {
	0, 1
	scale<0.080000,0.200000,0.300000>
	matrix <0.938210, 0.311097, 0.151592,
		-0.323350, 0.944134, 0.063680,
		-0.123313, -0.108763, 0.986390,
		45.724384, 35.026070, 50.723946>
	pigment { color rgbt <0,1,1,0> }
	no_shadow
}
cylinder {
	<46.245274, 35.591881, 50.227760>,  <45.810703, 35.102203, 50.033474>, 0.130000
	pigment { color rgbt <1,0,0,0> }
	no_shadow
}

// nucleotide -1

// particle -1
sphere {
	<46.245274, 35.591881, 50.227760> 0.250000
	pigment { color rgbt <1,0,0,0> }
	no_shadow
}
cylinder {
	<46.146259, 35.383778, 50.554699>,  <46.086849, 35.258915, 50.750862>, 0.100000
	pigment { color rgbt <1,0,0,0> }
	no_shadow
}
cylinder {
	<46.146259, 35.383778, 50.554699>,  <46.245274, 35.591881, 50.227760>, 0.100000
	pigment { color rgbt <1,0,0,0> }
	no_shadow
}

// particle -1
sphere {
	<46.146259, 35.383778, 50.554699> 0.100000
	pigment { color rgbt <1,0,0,0> }
	no_shadow
}
sphere {
	0, 1
	scale<0.080000,0.200000,0.300000>
	matrix <0.918625, 0.142136, 0.368680,
		-0.307984, 0.842097, 0.442741,
		-0.247534, -0.520260, 0.817347,
		46.071999, 35.227699, 50.799904>
	pigment { color rgbt <0,1,1,0> }
	no_shadow
}
cylinder {
	<46.607677, 35.960217, 50.755238>,  <46.245274, 35.591881, 50.227760>, 0.130000
	pigment { color rgbt <1,0,0,0> }
	no_shadow
}

// nucleotide -1

// particle -1
sphere {
	<46.607677, 35.960217, 50.755238> 0.250000
	pigment { color rgbt <1,0,0,0> }
	no_shadow
}
cylinder {
	<46.520821, 35.593777, 50.890064>,  <46.468708, 35.373913, 50.970963>, 0.100000
	pigment { color rgbt <1,0,0,0> }
	no_shadow
}
cylinder {
	<46.520821, 35.593777, 50.890064>,  <46.607677, 35.960217, 50.755238>, 0.100000
	pigment { color rgbt <1,0,0,0> }
	no_shadow
}

// particle -1
sphere {
	<46.520821, 35.593777, 50.890064> 0.100000
	pigment { color rgbt <1,0,0,0> }
	no_shadow
}
sphere {
	0, 1
	scale<0.080000,0.200000,0.300000>
	matrix <0.880002, -0.034278, 0.473732,
		-0.422431, 0.399486, 0.813611,
		-0.217139, -0.916098, 0.337068,
		46.455681, 35.318947, 50.991184>
	pigment { color rgbt <0,1,1,0> }
	no_shadow
}
cylinder {
	<46.814014, 36.036545, 51.456387>,  <46.607677, 35.960217, 50.755238>, 0.130000
	pigment { color rgbt <1,0,0,0> }
	no_shadow
}

// nucleotide -1

// particle -1
sphere {
	<46.814014, 36.036545, 51.456387> 0.250000
	pigment { color rgbt <1,0,0,0> }
	no_shadow
}
cylinder {
	<46.808609, 35.658905, 51.324638>,  <46.805367, 35.432320, 51.245590>, 0.100000
	pigment { color rgbt <1,0,0,0> }
	no_shadow
}
cylinder {
	<46.808609, 35.658905, 51.324638>,  <46.814014, 36.036545, 51.456387>, 0.100000
	pigment { color rgbt <1,0,0,0> }
	no_shadow
}

// particle -1
sphere {
	<46.808609, 35.658905, 51.324638> 0.100000
	pigment { color rgbt <1,0,0,0> }
	no_shadow
}
sphere {
	0, 1
	scale<0.080000,0.200000,0.300000>
	matrix <0.823367, -0.197407, 0.532068,
		-0.567347, -0.264009, 0.780010,
		-0.013509, -0.944102, -0.329375,
		46.804558, 35.375675, 51.225826>
	pigment { color rgbt <0,1,1,0> }
	no_shadow
}
cylinder {
	<46.982632, 35.545887, 52.048843>,  <46.814014, 36.036545, 51.456387>, 0.130000
	pigment { color rgbt <1,0,0,0> }
	no_shadow
}

// nucleotide -1

// particle -1
sphere {
	<46.982632, 35.545887, 52.048843> 0.250000
	pigment { color rgbt <1,0,0,0> }
	no_shadow
}
cylinder {
	<47.095959, 35.357220, 51.714832>,  <47.163956, 35.244019, 51.514427>, 0.100000
	pigment { color rgbt <1,0,0,0> }
	no_shadow
}
cylinder {
	<47.095959, 35.357220, 51.714832>,  <46.982632, 35.545887, 52.048843>, 0.100000
	pigment { color rgbt <1,0,0,0> }
	no_shadow
}

// particle -1
sphere {
	<47.095959, 35.357220, 51.714832> 0.100000
	pigment { color rgbt <1,0,0,0> }
	no_shadow
}
sphere {
	0, 1
	scale<0.080000,0.200000,0.300000>
	matrix <0.859175, -0.262012, 0.439509,
		-0.426087, -0.841952, 0.331010,
		0.283317, -0.471665, -0.835024,
		47.180954, 35.215721, 51.464325>
	pigment { color rgbt <0,1,1,0> }
	no_shadow
}
cylinder {
	<47.231133, 35.063484, 52.332050>,  <46.982632, 35.545887, 52.048843>, 0.130000
	pigment { color rgbt <1,0,0,0> }
	no_shadow
}

// nucleotide -1

// particle -1
sphere {
	<47.231133, 35.063484, 52.332050> 0.250000
	pigment { color rgbt <1,0,0,0> }
	no_shadow
}
cylinder {
	<47.407887, 35.073162, 51.973354>,  <47.513939, 35.078968, 51.758137>, 0.100000
	pigment { color rgbt <1,0,0,0> }
	no_shadow
}
cylinder {
	<47.407887, 35.073162, 51.973354>,  <47.231133, 35.063484, 52.332050>, 0.100000
	pigment { color rgbt <1,0,0,0> }
	no_shadow
}

// particle -1
sphere {
	<47.407887, 35.073162, 51.973354> 0.100000
	pigment { color rgbt <1,0,0,0> }
	no_shadow
}
sphere {
	0, 1
	scale<0.080000,0.200000,0.300000>
	matrix <0.885239, -0.173575, 0.431537,
		-0.145210, -0.984523, -0.098120,
		0.441889, 0.024196, -0.896743,
		47.540455, 35.080421, 51.704330>
	pigment { color rgbt <0,1,1,0> }
	no_shadow
}
// strand 1

// nucleotide -1

// particle -1
sphere {
	<24.097742, 35.276058, 51.488495> 0.250000
	pigment { color rgbt <0,1,0,0> }
	no_shadow
}
cylinder {
	<24.240858, 34.991051, 51.729923>,  <24.326727, 34.820045, 51.874783>, 0.100000
	pigment { color rgbt <0,1,0,0> }
	no_shadow
}
cylinder {
	<24.240858, 34.991051, 51.729923>,  <24.097742, 35.276058, 51.488495>, 0.100000
	pigment { color rgbt <0,1,0,0> }
	no_shadow
}

// particle -1
sphere {
	<24.240858, 34.991051, 51.729923> 0.100000
	pigment { color rgbt <0,1,0,0> }
	no_shadow
}
sphere {
	0, 1
	scale<0.080000,0.200000,0.300000>
	matrix <0.931266, 0.224649, -0.286840,
		0.068788, 0.664716, 0.743923,
		0.357789, -0.712521, 0.603574,
		24.348194, 34.777294, 51.910995>
	pigment { color rgbt <0,1,1,0> }
	no_shadow
}
cylinder {
	<24.644598, 35.593582, 51.864830>,  <24.097742, 35.276058, 51.488495>, 0.130000
	pigment { color rgbt <0,1,0,0> }
	no_shadow
}

// nucleotide -1

// particle -1
sphere {
	<24.644598, 35.593582, 51.864830> 0.250000
	pigment { color rgbt <0,1,0,0> }
	no_shadow
}
cylinder {
	<24.695385, 35.198254, 51.898548>,  <24.725857, 34.961056, 51.918777>, 0.100000
	pigment { color rgbt <0,1,0,0> }
	no_shadow
}
cylinder {
	<24.695385, 35.198254, 51.898548>,  <24.644598, 35.593582, 51.864830>, 0.100000
	pigment { color rgbt <0,1,0,0> }
	no_shadow
}

// particle -1
sphere {
	<24.695385, 35.198254, 51.898548> 0.100000
	pigment { color rgbt <0,1,0,0> }
	no_shadow
}
sphere {
	0, 1
	scale<0.080000,0.200000,0.300000>
	matrix <0.976433, 0.109581, -0.185931,
		0.174522, 0.105915, 0.978940,
		0.126966, -0.988319, 0.084295,
		24.733475, 34.901756, 51.923836>
	pigment { color rgbt <0,1,1,0> }
	no_shadow
}
cylinder {
	<25.254839, 35.603233, 52.221252>,  <24.644598, 35.593582, 51.864830>, 0.130000
	pigment { color rgbt <0,1,0,0> }
	no_shadow
}

// nucleotide -1

// particle -1
sphere {
	<25.254839, 35.603233, 52.221252> 0.250000
	pigment { color rgbt <0,1,0,0> }
	no_shadow
}
cylinder {
	<25.227087, 35.227192, 52.087753>,  <25.210436, 35.001568, 52.007652>, 0.100000
	pigment { color rgbt <0,1,0,0> }
	no_shadow
}
cylinder {
	<25.227087, 35.227192, 52.087753>,  <25.254839, 35.603233, 52.221252>, 0.100000
	pigment { color rgbt <0,1,0,0> }
	no_shadow
}

// particle -1
sphere {
	<25.227087, 35.227192, 52.087753> 0.100000
	pigment { color rgbt <0,1,0,0> }
	no_shadow
}
sphere {
	0, 1
	scale<0.080000,0.200000,0.300000>
	matrix <0.991493, -0.028048, -0.127101,
		0.110127, -0.339730, 0.934053,
		-0.069378, -0.940105, -0.333751,
		25.206274, 34.945160, 51.987629>
	pigment { color rgbt <0,1,1,0> }
	no_shadow
}
cylinder {
	<25.704027, 35.110462, 52.579445>,  <25.254839, 35.603233, 52.221252>, 0.130000
	pigment { color rgbt <0,1,0,0> }
	no_shadow
}

// nucleotide -1

// particle -1
sphere {
	<25.704027, 35.110462, 52.579445> 0.250000
	pigment { color rgbt <0,1,0,0> }
	no_shadow
}
cylinder {
	<25.648710, 34.932518, 52.225502>,  <25.615520, 34.825752, 52.013134>, 0.100000
	pigment { color rgbt <0,1,0,0> }
	no_shadow
}
cylinder {
	<25.648710, 34.932518, 52.225502>,  <25.704027, 35.110462, 52.579445>, 0.100000
	pigment { color rgbt <0,1,0,0> }
	no_shadow
}

// particle -1
sphere {
	<25.648710, 34.932518, 52.225502> 0.100000
	pigment { color rgbt <0,1,0,0> }
	no_shadow
}
sphere {
	0, 1
	scale<0.080000,0.200000,0.300000>
	matrix <0.982754, -0.172380, -0.066927,
		-0.122758, -0.878854, 0.461027,
		-0.138291, -0.444860, -0.884859,
		25.607224, 34.799061, 51.960045>
	pigment { color rgbt <0,1,1,0> }
	no_shadow
}
cylinder {
	<26.143045, 34.457455, 52.600666>,  <25.704027, 35.110462, 52.579445>, 0.130000
	pigment { color rgbt <0,1,0,0> }
	no_shadow
}

// nucleotide -1

// particle -1
sphere {
	<26.143045, 34.457455, 52.600666> 0.250000
	pigment { color rgbt <0,1,0,0> }
	no_shadow
}
cylinder {
	<26.071188, 34.521866, 52.212482>,  <26.028072, 34.560513, 51.979572>, 0.100000
	pigment { color rgbt <0,1,0,0> }
	no_shadow
}
cylinder {
	<26.071188, 34.521866, 52.212482>,  <26.143045, 34.457455, 52.600666>, 0.100000
	pigment { color rgbt <0,1,0,0> }
	no_shadow
}

// particle -1
sphere {
	<26.071188, 34.521866, 52.212482> 0.100000
	pigment { color rgbt <0,1,0,0> }
	no_shadow
}
sphere {
	0, 1
	scale<0.080000,0.200000,0.300000>
	matrix <0.966601, -0.154403, -0.204552,
		-0.182782, -0.974797, -0.127915,
		-0.179646, 0.161032, -0.970462,
		26.017294, 34.570175, 51.921345>
	pigment { color rgbt <0,1,1,0> }
	no_shadow
}
cylinder {
	<26.587856, 33.942566, 52.205925>,  <26.143045, 34.457455, 52.600666>, 0.130000
	pigment { color rgbt <0,1,0,0> }
	no_shadow
}

// nucleotide -1

// particle -1
sphere {
	<26.587856, 33.942566, 52.205925> 0.250000
	pigment { color rgbt <0,1,0,0> }
	no_shadow
}
cylinder {
	<26.521263, 34.247734, 51.956051>,  <26.481306, 34.430836, 51.806126>, 0.100000
	pigment { color rgbt <0,1,0,0> }
	no_shadow
}
cylinder {
	<26.521263, 34.247734, 51.956051>,  <26.587856, 33.942566, 52.205925>, 0.100000
	pigment { color rgbt <0,1,0,0> }
	no_shadow
}

// particle -1
sphere {
	<26.521263, 34.247734, 51.956051> 0.100000
	pigment { color rgbt <0,1,0,0> }
	no_shadow
}
sphere {
	0, 1
	scale<0.080000,0.200000,0.300000>
	matrix <0.974054, 0.028749, -0.224484,
		-0.153305, -0.645850, -0.747914,
		-0.166484, 0.762923, -0.624685,
		26.471317, 34.476612, 51.768646>
	pigment { color rgbt <0,1,1,0> }
	no_shadow
}
cylinder {
	<27.044146, 33.813824, 51.694298>,  <26.587856, 33.942566, 52.205925>, 0.130000
	pigment { color rgbt <0,1,0,0> }
	no_shadow
}

// nucleotide -1

// particle -1
sphere {
	<27.044146, 33.813824, 51.694298> 0.250000
	pigment { color rgbt <0,1,0,0> }
	no_shadow
}
cylinder {
	<26.955994, 34.188408, 51.585133>,  <26.903103, 34.413158, 51.519634>, 0.100000
	pigment { color rgbt <0,1,0,0> }
	no_shadow
}
cylinder {
	<26.955994, 34.188408, 51.585133>,  <27.044146, 33.813824, 51.694298>, 0.100000
	pigment { color rgbt <0,1,0,0> }
	no_shadow
}

// particle -1
sphere {
	<26.955994, 34.188408, 51.585133> 0.100000
	pigment { color rgbt <0,1,0,0> }
	no_shadow
}
sphere {
	0, 1
	scale<0.080000,0.200000,0.300000>
	matrix <0.927335, 0.114393, -0.356320,
		-0.302459, -0.331607, -0.893619,
		-0.220382, 0.936457, -0.272911,
		26.889879, 34.469345, 51.503258>
	pigment { color rgbt <0,1,1,0> }
	no_shadow
}
cylinder {
	<27.207067, 33.961315, 50.979237>,  <27.044146, 33.813824, 51.694298>, 0.130000
	pigment { color rgbt <0,1,0,0> }
	no_shadow
}

// nucleotide -1

// particle -1
sphere {
	<27.207067, 33.961315, 50.979237> 0.250000
	pigment { color rgbt <0,1,0,0> }
	no_shadow
}
cylinder {
	<27.244402, 34.311840, 51.168285>,  <27.266802, 34.522156, 51.281715>, 0.100000
	pigment { color rgbt <0,1,0,0> }
	no_shadow
}
cylinder {
	<27.244402, 34.311840, 51.168285>,  <27.207067, 33.961315, 50.979237>, 0.100000
	pigment { color rgbt <0,1,0,0> }
	no_shadow
}

// particle -1
sphere {
	<27.244402, 34.311840, 51.168285> 0.100000
	pigment { color rgbt <0,1,0,0> }
	no_shadow
}
sphere {
	0, 1
	scale<0.080000,0.200000,0.300000>
	matrix <0.929749, 0.093098, -0.356229,
		-0.356167, 0.472666, -0.806060,
		0.093335, 0.876310, 0.472620,
		27.272402, 34.574734, 51.310070>
	pigment { color rgbt <0,1,1,0> }
	no_shadow
}
cylinder {
	<27.869316, 34.237400, 50.600262>,  <27.207067, 33.961315, 50.979237>, 0.130000
	pigment { color rgbt <0,1,0,0> }
	no_shadow
}

// nucleotide -1

// particle -1
sphere {
	<27.869316, 34.237400, 50.600262> 0.250000
	pigment { color rgbt <0,1,0,0> }
	no_shadow
}
cylinder {
	<27.798286, 34.467777, 50.919449>,  <27.755669, 34.606003, 51.110962>, 0.100000
	pigment { color rgbt <0,1,0,0> }
	no_shadow
}
cylinder {
	<27.798286, 34.467777, 50.919449>,  <27.869316, 34.237400, 50.600262>, 0.100000
	pigment { color rgbt <0,1,0,0> }
	no_shadow
}

// particle -1
sphere {
	<27.798286, 34.467777, 50.919449> 0.100000
	pigment { color rgbt <0,1,0,0> }
	no_shadow
}
sphere {
	0, 1
	scale<0.080000,0.200000,0.300000>
	matrix <0.950207, 0.311338, -0.013262,
		-0.256077, 0.755883, -0.602549,
		-0.177572, 0.575943, 0.797971,
		27.745014, 34.640560, 51.158840>
	pigment { color rgbt <0,1,1,0> }
	no_shadow
}
cylinder {
	<28.220800, 34.787823, 50.357605>,  <27.869316, 34.237400, 50.600262>, 0.130000
	pigment { color rgbt <0,1,0,0> }
	no_shadow
}

// nucleotide -1

// particle -1
sphere {
	<28.220800, 34.787823, 50.357605> 0.250000
	pigment { color rgbt <0,1,0,0> }
	no_shadow
}
cylinder {
	<28.189373, 34.834995, 50.753567>,  <28.170517, 34.863300, 50.991146>, 0.100000
	pigment { color rgbt <0,1,0,0> }
	no_shadow
}
cylinder {
	<28.189373, 34.834995, 50.753567>,  <28.220800, 34.787823, 50.357605>, 0.100000
	pigment { color rgbt <0,1,0,0> }
	no_shadow
}

// particle -1
sphere {
	<28.189373, 34.834995, 50.753567> 0.100000
	pigment { color rgbt <0,1,0,0> }
	no_shadow
}
sphere {
	0, 1
	scale<0.080000,0.200000,0.300000>
	matrix <0.905833, 0.423089, 0.021492,
		-0.416284, 0.898380, -0.140073,
		-0.078571, 0.117936, 0.989908,
		28.165802, 34.870377, 51.050541>
	pigment { color rgbt <0,1,1,0> }
	no_shadow
}
cylinder {
	<28.463202, 35.429508, 50.409954>,  <28.220800, 34.787823, 50.357605>, 0.130000
	pigment { color rgbt <0,1,0,0> }
	no_shadow
}

// nucleotide -1

// particle -1
sphere {
	<28.463202, 35.429508, 50.409954> 0.250000
	pigment { color rgbt <0,1,0,0> }
	no_shadow
}
cylinder {
	<28.503433, 35.249752, 50.765015>,  <28.527573, 35.141899, 50.978050>, 0.100000
	pigment { color rgbt <0,1,0,0> }
	no_shadow
}
cylinder {
	<28.503433, 35.249752, 50.765015>,  <28.463202, 35.429508, 50.409954>, 0.100000
	pigment { color rgbt <0,1,0,0> }
	no_shadow
}

// particle -1
sphere {
	<28.503433, 35.249752, 50.765015> 0.100000
	pigment { color rgbt <0,1,0,0> }
	no_shadow
}
sphere {
	0, 1
	scale<0.080000,0.200000,0.300000>
	matrix <0.967779, 0.251192, 0.017511,
		-0.230841, 0.857293, 0.460175,
		0.100580, -0.449390, 0.887656,
		28.533607, 35.114937, 51.031311>
	pigment { color rgbt <0,1,1,0> }
	no_shadow
}
cylinder {
	<28.931700, 35.876850, 50.670490>,  <28.463202, 35.429508, 50.409954>, 0.130000
	pigment { color rgbt <0,1,0,0> }
	no_shadow
}

// nucleotide -1

// particle -1
sphere {
	<28.931700, 35.876850, 50.670490> 0.250000
	pigment { color rgbt <0,1,0,0> }
	no_shadow
}
cylinder {
	<28.987303, 35.557755, 50.905197>,  <29.020664, 35.366299, 51.046021>, 0.100000
	pigment { color rgbt <0,1,0,0> }
	no_shadow
}
cylinder {
	<28.987303, 35.557755, 50.905197>,  <28.931700, 35.876850, 50.670490>, 0.100000
	pigment { color rgbt <0,1,0,0> }
	no_shadow
}

// particle -1
sphere {
	<28.987303, 35.557755, 50.905197> 0.100000
	pigment { color rgbt <0,1,0,0> }
	no_shadow
}
sphere {
	0, 1
	scale<0.080000,0.200000,0.300000>
	matrix <0.982408, 0.036472, -0.183153,
		0.124708, 0.601900, 0.788774,
		0.139008, -0.797738, 0.586763,
		29.029005, 35.318432, 51.081226>
	pigment { color rgbt <0,1,1,0> }
	no_shadow
}
cylinder {
	<29.533026, 36.032578, 51.085548>,  <28.931700, 35.876850, 50.670490>, 0.130000
	pigment { color rgbt <0,1,0,0> }
	no_shadow
}

// nucleotide -1

// particle -1
sphere {
	<29.533026, 36.032578, 51.085548> 0.250000
	pigment { color rgbt <0,1,0,0> }
	no_shadow
}
cylinder {
	<29.502514, 35.633854, 51.095005>,  <29.484207, 35.394619, 51.100681>, 0.100000
	pigment { color rgbt <0,1,0,0> }
	no_shadow
}
cylinder {
	<29.502514, 35.633854, 51.095005>,  <29.533026, 36.032578, 51.085548>, 0.100000
	pigment { color rgbt <0,1,0,0> }
	no_shadow
}

// particle -1
sphere {
	<29.502514, 35.633854, 51.095005> 0.100000
	pigment { color rgbt <0,1,0,0> }
	no_shadow
}
sphere {
	0, 1
	scale<0.080000,0.200000,0.300000>
	matrix <0.993140, -0.073851, 0.090654,
		-0.088618, 0.030399, 0.995602,
		-0.076282, -0.996806, 0.023646,
		29.479630, 35.334812, 51.102100>
	pigment { color rgbt <0,1,1,0> }
	no_shadow
}
cylinder {
	<30.117334, 35.830265, 51.508190>,  <29.533026, 36.032578, 51.085548>, 0.130000
	pigment { color rgbt <0,1,0,0> }
	no_shadow
}

// nucleotide -1

// particle -1
sphere {
	<30.117334, 35.830265, 51.508190> 0.250000
	pigment { color rgbt <0,1,0,0> }
	no_shadow
}
cylinder {
	<30.015707, 35.483353, 51.336945>,  <29.954731, 35.275208, 51.234200>, 0.100000
	pigment { color rgbt <0,1,0,0> }
	no_shadow
}
cylinder {
	<30.015707, 35.483353, 51.336945>,  <30.117334, 35.830265, 51.508190>, 0.100000
	pigment { color rgbt <0,1,0,0> }
	no_shadow
}

// particle -1
sphere {
	<30.015707, 35.483353, 51.336945> 0.100000
	pigment { color rgbt <0,1,0,0> }
	no_shadow
}
sphere {
	0, 1
	scale<0.080000,0.200000,0.300000>
	matrix <0.952842, -0.300395, 0.043068,
		-0.165954, -0.396978, 0.902700,
		-0.254070, -0.867278, -0.428109,
		29.939486, 35.223167, 51.208511>
	pigment { color rgbt <0,1,1,0> }
	no_shadow
}
cylinder {
	<30.527281, 35.280979, 51.844765>,  <30.117334, 35.830265, 51.508190>, 0.130000
	pigment { color rgbt <0,1,0,0> }
	no_shadow
}

// nucleotide -1

// particle -1
sphere {
	<30.527281, 35.280979, 51.844765> 0.250000
	pigment { color rgbt <0,1,0,0> }
	no_shadow
}
cylinder {
	<30.432219, 35.135422, 51.484520>,  <30.375181, 35.048088, 51.268372>, 0.100000
	pigment { color rgbt <0,1,0,0> }
	no_shadow
}
cylinder {
	<30.432219, 35.135422, 51.484520>,  <30.527281, 35.280979, 51.844765>, 0.100000
	pigment { color rgbt <0,1,0,0> }
	no_shadow
}

// particle -1
sphere {
	<30.432219, 35.135422, 51.484520> 0.100000
	pigment { color rgbt <0,1,0,0> }
	no_shadow
}
sphere {
	0, 1
	scale<0.080000,0.200000,0.300000>
	matrix <0.939114, -0.322953, -0.117325,
		-0.248161, -0.873659, 0.418492,
		-0.237655, -0.363896, -0.900611,
		30.360922, 35.026253, 51.214336>
	pigment { color rgbt <0,1,1,0> }
	no_shadow
}
cylinder {
	<30.893505, 34.667522, 51.748184>,  <30.527281, 35.280979, 51.844765>, 0.130000
	pigment { color rgbt <0,1,0,0> }
	no_shadow
}

// nucleotide -1

// particle -1
sphere {
	<30.893505, 34.667522, 51.748184> 0.250000
	pigment { color rgbt <0,1,0,0> }
	no_shadow
}
cylinder {
	<30.781393, 34.769646, 51.378048>,  <30.714125, 34.830921, 51.155964>, 0.100000
	pigment { color rgbt <0,1,0,0> }
	no_shadow
}
cylinder {
	<30.781393, 34.769646, 51.378048>,  <30.893505, 34.667522, 51.748184>, 0.100000
	pigment { color rgbt <0,1,0,0> }
	no_shadow
}

// particle -1
sphere {
	<30.781393, 34.769646, 51.378048> 0.100000
	pigment { color rgbt <0,1,0,0> }
	no_shadow
}
sphere {
	0, 1
	scale<0.080000,0.200000,0.300000>
	matrix <0.927440, -0.176605, -0.329644,
		-0.247582, -0.950593, -0.187287,
		-0.280281, 0.255311, -0.925343,
		30.697309, 34.846241, 51.100445>
	pigment { color rgbt <0,1,1,0> }
	no_shadow
}
cylinder {
	<31.105444, 34.232590, 51.386314>,  <30.893505, 34.667522, 51.748184>, 0.130000
	pigment { color rgbt <0,1,0,0> }
	no_shadow
}

// nucleotide -1

// particle -1
sphere {
	<31.105444, 34.232590, 51.386314> 0.250000
	pigment { color rgbt <0,1,0,0> }
	no_shadow
}
cylinder {
	<31.024181, 34.482197, 51.084496>,  <30.975424, 34.631962, 50.903404>, 0.100000
	pigment { color rgbt <0,1,0,0> }
	no_shadow
}
cylinder {
	<31.024181, 34.482197, 51.084496>,  <31.105444, 34.232590, 51.386314>, 0.100000
	pigment { color rgbt <0,1,0,0> }
	no_shadow
}

// particle -1
sphere {
	<31.024181, 34.482197, 51.084496> 0.100000
	pigment { color rgbt <0,1,0,0> }
	no_shadow
}
sphere {
	0, 1
	scale<0.080000,0.200000,0.300000>
	matrix <0.887230, -0.208656, -0.411443,
		-0.414186, -0.753041, -0.511253,
		-0.203157, 0.624013, -0.754543,
		30.963234, 34.669399, 50.858131>
	pigment { color rgbt <0,1,1,0> }
	no_shadow
}
cylinder {
	<31.241899, 33.832737, 50.831223>,  <31.105444, 34.232590, 51.386314>, 0.130000
	pigment { color rgbt <0,1,0,0> }
	no_shadow
}

// nucleotide -1

// particle -1
sphere {
	<31.241899, 33.832737, 50.831223> 0.250000
	pigment { color rgbt <0,1,0,0> }
	no_shadow
}
cylinder {
	<31.248806, 34.213589, 50.709141>,  <31.252951, 34.442101, 50.635891>, 0.100000
	pigment { color rgbt <0,1,0,0> }
	no_shadow
}
cylinder {
	<31.248806, 34.213589, 50.709141>,  <31.241899, 33.832737, 50.831223>, 0.100000
	pigment { color rgbt <0,1,0,0> }
	no_shadow
}

// particle -1
sphere {
	<31.248806, 34.213589, 50.709141> 0.100000
	pigment { color rgbt <0,1,0,0> }
	no_shadow
}
sphere {
	0, 1
	scale<0.080000,0.200000,0.300000>
	matrix <0.813923, -0.190676, -0.548792,
		-0.580716, -0.238937, -0.778253,
		0.017267, 0.952130, -0.305205,
		31.253986, 34.499229, 50.617580>
	pigment { color rgbt <0,1,1,0> }
	no_shadow
}
cylinder {
	<31.231295, 33.786713, 50.130024>,  <31.241899, 33.832737, 50.831223>, 0.130000
	pigment { color rgbt <0,1,0,0> }
	no_shadow
}

// nucleotide -1

// particle -1
sphere {
	<31.231295, 33.786713, 50.130024> 0.250000
	pigment { color rgbt <0,1,0,0> }
	no_shadow
}
cylinder {
	<31.391375, 34.141075, 50.223839>,  <31.487423, 34.353691, 50.280128>, 0.100000
	pigment { color rgbt <0,1,0,0> }
	no_shadow
}
cylinder {
	<31.391375, 34.141075, 50.223839>,  <31.231295, 33.786713, 50.130024>, 0.100000
	pigment { color rgbt <0,1,0,0> }
	no_shadow
}

// particle -1
sphere {
	<31.391375, 34.141075, 50.223839> 0.100000
	pigment { color rgbt <0,1,0,0> }
	no_shadow
}
sphere {
	0, 1
	scale<0.080000,0.200000,0.300000>
	matrix <0.827986, -0.239846, -0.506865,
		-0.392781, 0.397045, -0.829505,
		0.400201, 0.885906, 0.234541,
		31.511435, 34.406845, 50.294201>
	pigment { color rgbt <0,1,1,0> }
	no_shadow
}
cylinder {
	<31.514425, 34.048748, 49.501465>,  <31.231295, 33.786713, 50.130024>, 0.130000
	pigment { color rgbt <0,1,0,0> }
	no_shadow
}

// nucleotide -1

// particle -1
sphere {
	<31.514425, 34.048748, 49.501465> 0.250000
	pigment { color rgbt <0,1,0,0> }
	no_shadow
}
cylinder {
	<31.698593, 34.253109, 49.791843>,  <31.809093, 34.375725, 49.966068>, 0.100000
	pigment { color rgbt <0,1,0,0> }
	no_shadow
}
cylinder {
	<31.698593, 34.253109, 49.791843>,  <31.514425, 34.048748, 49.501465>, 0.100000
	pigment { color rgbt <0,1,0,0> }
	no_shadow
}

// particle -1
sphere {
	<31.698593, 34.253109, 49.791843> 0.100000
	pigment { color rgbt <0,1,0,0> }
	no_shadow
}
sphere {
	0, 1
	scale<0.080000,0.200000,0.300000>
	matrix <0.869828, -0.096381, -0.483848,
		-0.177230, 0.854221, -0.488770,
		0.460422, 0.510899, 0.725944,
		31.836720, 34.406380, 50.009628>
	pigment { color rgbt <0,1,1,0> }
	no_shadow
}
cylinder {
	<31.874609, 34.636013, 49.217861>,  <31.514425, 34.048748, 49.501465>, 0.130000
	pigment { color rgbt <0,1,0,0> }
	no_shadow
}

// nucleotide -1

// particle -1
sphere {
	<31.874609, 34.636013, 49.217861> 0.250000
	pigment { color rgbt <0,1,0,0> }
	no_shadow
}
cylinder {
	<32.059673, 34.572674, 49.566772>,  <32.170712, 34.534672, 49.776119>, 0.100000
	pigment { color rgbt <0,1,0,0> }
	no_shadow
}
cylinder {
	<32.059673, 34.572674, 49.566772>,  <31.874609, 34.636013, 49.217861>, 0.100000
	pigment { color rgbt <0,1,0,0> }
	no_shadow
}

// particle -1
sphere {
	<32.059673, 34.572674, 49.566772> 0.100000
	pigment { color rgbt <0,1,0,0> }
	no_shadow
}
sphere {
	0, 1
	scale<0.080000,0.200000,0.300000>
	matrix <0.880880, -0.028847, -0.472459,
		0.099976, 0.986962, 0.126140,
		0.462661, -0.158348, 0.872279,
		32.198471, 34.525169, 49.828457>
	pigment { color rgbt <0,1,1,0> }
	no_shadow
}
// strand 2

// nucleotide -1

// particle -1
sphere {
	<23.899504, 35.183289, 34.753452> 0.250000
	pigment { color rgbt <0,0,1,0> }
	no_shadow
}
cylinder {
	<24.187904, 35.052097, 34.997612>,  <24.360945, 34.973385, 35.144108>, 0.100000
	pigment { color rgbt <0,0,1,0> }
	no_shadow
}
cylinder {
	<24.187904, 35.052097, 34.997612>,  <23.899504, 35.183289, 34.753452>, 0.100000
	pigment { color rgbt <0,0,1,0> }
	no_shadow
}

// particle -1
sphere {
	<24.187904, 35.052097, 34.997612> 0.100000
	pigment { color rgbt <0,0,1,0> }
	no_shadow
}
sphere {
	0, 1
	scale<0.080000,0.200000,0.300000>
	matrix <-0.452740, -0.889841, 0.056652,
		0.524580, -0.317199, -0.790063,
		0.721001, -0.327975, 0.610402,
		24.404205, 34.953705, 35.180733>
	pigment { color rgbt <0,1,1,0> }
	no_shadow
}
cylinder {
	<24.114002, 34.507118, 34.642963>,  <23.899504, 35.183289, 34.753452>, 0.130000
