// switches for output
#declare DRAW_BASES = 1; // possible values are 0, 1; only relevant for DNA ribbons
#declare DRAW_BASES_TYPE = 3; // possible values are 1, 2, 3; only relevant for DNA ribbons
#declare DRAW_FOG = 0; // set to 1 to enable fog

#include "colors.inc"

#include "transforms.inc"
background { rgb <1, 1, 1>}

#default {
   normal{
       ripples 0.25
       frequency 0.20
       turbulence 0.2
       lambda 5
   }
	finish {
		phong 0.1
		phong_size 40.
	}
}

// original window dimensions: 1024x640


// camera settings

camera {
	sky <0, 0.179814, -0.983701>
	up <0, 0.179814, -0.983701>
	right 1.6 * <1, 0, 0>
	location <35, 94.9851, 44.8844>
	look_at <35, 29.7336, 32.9568>
	direction <0, -65.2515, -11.9276>
	angle 67.0682
}


# declare cpy_camera_pos = <35, 94.9851, 44.8844>;
# if (DRAW_FOG = 1)
fog {
	fog_type 2
	up vnormalize(cpy_camera_pos)
	color rgbt<1,1,1,0.3>
	distance 1e-5
	fog_alt 3e-3
	fog_offset 56
}
# end


// LIGHTS

# declare lum = 6;
global_settings {
	ambient_light rgb lum * <0.05, 0.05, 0.05>
	max_trace_level 15
}# declare cpy_direct_light_amount = 0.25;
light_source
{	1000 * <-1, -1.16352, -0.803886>,
	rgb lum * cpy_direct_light_amount
	parallel
}

light_source
{	1000 * <1, 1.16352, 0.803886>,
	rgb lum * cpy_direct_light_amount
	parallel
}

// strand 0

// nucleotide -1

// particle -1
sphere {
	<24.089489, 35.124359, 35.069031> 0.250000
	pigment { color rgbt <1,0,0,0> }
	no_shadow
}
cylinder {
	<24.414974, 34.991970, 34.877895>,  <24.610266, 34.912537, 34.763214>, 0.100000
	pigment { color rgbt <1,0,0,0> }
	no_shadow
}
cylinder {
	<24.414974, 34.991970, 34.877895>,  <24.089489, 35.124359, 35.069031>, 0.100000
	pigment { color rgbt <1,0,0,0> }
	no_shadow
}

// particle -1
sphere {
	<24.414974, 34.991970, 34.877895> 0.100000
	pigment { color rgbt <1,0,0,0> }
	no_shadow
}
sphere {
	0, 1
	scale<0.080000,0.200000,0.300000>
	matrix <0.149897, 0.913742, -0.377632,
		0.561606, 0.235658, 0.793135,
		0.813713, -0.330969, -0.477839,
		24.659088, 34.892681, 34.734543>
	pigment { color rgbt <0,1,1,0> }
	no_shadow
}
cylinder {
	<24.153063, 35.490257, 35.720646>,  <24.089489, 35.124359, 35.069031>, 0.130000
	pigment { color rgbt <1,0,0,0> }
	no_shadow
}

// nucleotide -1

// particle -1
sphere {
	<24.153063, 35.490257, 35.720646> 0.250000
	pigment { color rgbt <1,0,0,0> }
	no_shadow
}
cylinder {
	<24.496279, 35.356506, 35.876572>,  <24.702209, 35.276257, 35.970127>, 0.100000
	pigment { color rgbt <1,0,0,0> }
	no_shadow
}
cylinder {
	<24.496279, 35.356506, 35.876572>,  <24.153063, 35.490257, 35.720646>, 0.100000
	pigment { color rgbt <1,0,0,0> }
	no_shadow
}

// particle -1
sphere {
	<24.496279, 35.356506, 35.876572> 0.100000
	pigment { color rgbt <1,0,0,0> }
	no_shadow
}
sphere {
	0, 1
	scale<0.080000,0.200000,0.300000>
	matrix <0.151430, 0.889987, 0.430107,
		-0.490747, -0.310021, 0.814281,
		0.858042, -0.334381, 0.389812,
		24.753691, 35.256191, 35.993515>
	pigment { color rgbt <0,1,1,0> }
	no_shadow
}
cylinder {
	<24.175051, 35.635487, 36.413872>,  <24.153063, 35.490257, 35.720646>, 0.130000
	pigment { color rgbt <1,0,0,0> }
	no_shadow
}

// nucleotide -1

// particle -1
sphere {
	<24.175051, 35.635487, 36.413872> 0.250000
	pigment { color rgbt <1,0,0,0> }
	no_shadow
}
cylinder {
	<24.543699, 35.609425, 36.260838>,  <24.764889, 35.593788, 36.169018>, 0.100000
	pigment { color rgbt <1,0,0,0> }
	no_shadow
}
cylinder {
	<24.543699, 35.609425, 36.260838>,  <24.175051, 35.635487, 36.413872>, 0.100000
	pigment { color rgbt <1,0,0,0> }
	no_shadow
}

// particle -1
sphere {
	<24.543699, 35.609425, 36.260838> 0.100000
	pigment { color rgbt <1,0,0,0> }
	no_shadow
}
sphere {
	0, 1
	scale<0.080000,0.200000,0.300000>
	matrix <0.238633, 0.872562, 0.426250,
		0.306058, -0.484138, 0.819719,
		0.921620, -0.065155, -0.382586,
		24.820185, 35.589878, 36.146061>
	pigment { color rgbt <0,1,1,0> }
	no_shadow
}
cylinder {
	<24.772425, 35.532219, 36.838673>,  <24.175051, 35.635487, 36.413872>, 0.130000
	pigment { color rgbt <1,0,0,0> }
	no_shadow
}

// nucleotide -1

// particle -1
sphere {
	<24.772425, 35.532219, 36.838673> 0.250000
	pigment { color rgbt <1,0,0,0> }
	no_shadow
}
cylinder {
	<24.940458, 35.729713, 36.534107>,  <25.041279, 35.848209, 36.351368>, 0.100000
	pigment { color rgbt <1,0,0,0> }
	no_shadow
}
cylinder {
	<24.940458, 35.729713, 36.534107>,  <24.772425, 35.532219, 36.838673>, 0.100000
	pigment { color rgbt <1,0,0,0> }
	no_shadow
}

// particle -1
sphere {
	<24.940458, 35.729713, 36.534107> 0.100000
	pigment { color rgbt <1,0,0,0> }
	no_shadow
}
sphere {
	0, 1
	scale<0.080000,0.200000,0.300000>
	matrix <0.560110, 0.519086, 0.645621,
		0.714006, -0.697692, -0.058487,
		0.420085, 0.493737, -0.761415,
		25.066484, 35.877834, 36.305683>
	pigment { color rgbt <0,1,1,0> }
	no_shadow
}
cylinder {
	<25.431761, 35.347900, 36.737984>,  <24.772425, 35.532219, 36.838673>, 0.130000
	pigment { color rgbt <1,0,0,0> }
	no_shadow
}

// nucleotide -1

// particle -1
sphere {
	<25.431761, 35.347900, 36.737984> 0.250000
	pigment { color rgbt <1,0,0,0> }
	no_shadow
}
cylinder {
	<25.374254, 35.737534, 36.668133>,  <25.339750, 35.971313, 36.626221>, 0.100000
	pigment { color rgbt <1,0,0,0> }
	no_shadow
}
cylinder {
	<25.374254, 35.737534, 36.668133>,  <25.431761, 35.347900, 36.737984>, 0.100000
	pigment { color rgbt <1,0,0,0> }
	no_shadow
}

// particle -1
sphere {
	<25.374254, 35.737534, 36.668133> 0.100000
	pigment { color rgbt <1,0,0,0> }
	no_shadow
}
sphere {
	0, 1
	scale<0.080000,0.200000,0.300000>
	matrix <0.644688, 0.226065, 0.730255,
		0.750806, -0.007594, -0.660479,
		-0.143765, 0.974083, -0.174626,
		25.331125, 36.029758, 36.615746>
	pigment { color rgbt <0,1,1,0> }
	no_shadow
}
cylinder {
	<25.991259, 35.470009, 37.049156>,  <25.431761, 35.347900, 36.737984>, 0.130000
	pigment { color rgbt <1,0,0,0> }
	no_shadow
}

// nucleotide -1

// particle -1
sphere {
	<25.991259, 35.470009, 37.049156> 0.250000
	pigment { color rgbt <1,0,0,0> }
	no_shadow
}
cylinder {
	<25.806829, 35.820194, 36.991226>,  <25.696173, 36.030304, 36.956467>, 0.100000
	pigment { color rgbt <1,0,0,0> }
	no_shadow
}
cylinder {
	<25.806829, 35.820194, 36.991226>,  <25.991259, 35.470009, 37.049156>, 0.100000
	pigment { color rgbt <1,0,0,0> }
	no_shadow
}

// particle -1
sphere {
	<25.806829, 35.820194, 36.991226> 0.100000
	pigment { color rgbt <1,0,0,0> }
	no_shadow
}
sphere {
	0, 1
	scale<0.080000,0.200000,0.300000>
	matrix <0.671598, 0.450953, 0.587875,
		0.579973, 0.173788, -0.795882,
		-0.461071, 0.875465, -0.144825,
		25.668509, 36.082832, 36.947777>
	pigment { color rgbt <0,1,1,0> }
	no_shadow
}
cylinder {
	<26.451548, 34.889362, 36.817467>,  <25.991259, 35.470009, 37.049156>, 0.130000
	pigment { color rgbt <1,0,0,0> }
	no_shadow
}

// nucleotide -1

// particle -1
sphere {
	<26.451548, 34.889362, 36.817467> 0.250000
	pigment { color rgbt <1,0,0,0> }
	no_shadow
}
cylinder {
	<26.772896, 34.655514, 36.772182>,  <26.965704, 34.515205, 36.745010>, 0.100000
	pigment { color rgbt <1,0,0,0> }
	no_shadow
}
cylinder {
	<26.772896, 34.655514, 36.772182>,  <26.451548, 34.889362, 36.817467>, 0.100000
	pigment { color rgbt <1,0,0,0> }
	no_shadow
}

// particle -1
sphere {
	<26.772896, 34.655514, 36.772182> 0.100000
	pigment { color rgbt <1,0,0,0> }
	no_shadow
}
sphere {
	0, 1
	scale<0.080000,0.200000,0.300000>
	matrix <-0.489310, -0.756448, 0.434008,
		-0.339369, -0.293273, -0.893767,
		0.803371, -0.584618, -0.113213,
		27.013906, 34.480129, 36.738220>
	pigment { color rgbt <0,1,1,0> }
	no_shadow
}
cylinder {
	<26.223465, 34.243664, 36.663414>,  <26.451548, 34.889362, 36.817467>, 0.130000
	pigment { color rgbt <1,0,0,0> }
	no_shadow
}

// nucleotide -1

// particle -1
sphere {
	<26.223465, 34.243664, 36.663414> 0.250000
	pigment { color rgbt <1,0,0,0> }
	no_shadow
}
cylinder {
	<26.588789, 34.108772, 36.754757>,  <26.807983, 34.027840, 36.809563>, 0.100000
	pigment { color rgbt <1,0,0,0> }
	no_shadow
}
cylinder {
	<26.588789, 34.108772, 36.754757>,  <26.223465, 34.243664, 36.663414>, 0.100000
	pigment { color rgbt <1,0,0,0> }
	no_shadow
}

// particle -1
sphere {
	<26.588789, 34.108772, 36.754757> 0.100000
	pigment { color rgbt <1,0,0,0> }
	no_shadow
}
sphere {
	0, 1
	scale<0.080000,0.200000,0.300000>
	matrix <-0.407251, -0.761251, 0.504623,
		0.003664, -0.553874, -0.832592,
		0.913309, -0.337225, 0.228355,
		26.862782, 34.007607, 36.823265>
	pigment { color rgbt <0,1,1,0> }
	no_shadow
}
cylinder {
	<26.463312, 33.512150, 36.465511>,  <26.223465, 34.243664, 36.663414>, 0.130000
	pigment { color rgbt <1,0,0,0> }
	no_shadow
}

// nucleotide -1

// particle -1
sphere {
	<26.463312, 33.512150, 36.465511> 0.250000
	pigment { color rgbt <1,0,0,0> }
	no_shadow
}
cylinder {
	<26.661535, 33.622910, 36.794815>,  <26.780468, 33.689365, 36.992397>, 0.100000
	pigment { color rgbt <1,0,0,0> }
	no_shadow
}
cylinder {
	<26.661535, 33.622910, 36.794815>,  <26.463312, 33.512150, 36.465511>, 0.100000
	pigment { color rgbt <1,0,0,0> }
	no_shadow
}

// particle -1
sphere {
	<26.661535, 33.622910, 36.794815> 0.100000
	pigment { color rgbt <1,0,0,0> }
	no_shadow
}
sphere {
	0, 1
	scale<0.080000,0.200000,0.300000>
	matrix <-0.375164, -0.786614, 0.490398,
		0.783375, -0.551876, -0.285930,
		0.495556, 0.276895, 0.823258,
		26.810202, 33.705978, 37.041794>
	pigment { color rgbt <0,1,1,0> }
	no_shadow
}
cylinder {
	<26.825161, 33.007519, 36.711430>,  <26.463312, 33.512150, 36.465511>, 0.130000
	pigment { color rgbt <1,0,0,0> }
	no_shadow
}

// nucleotide -1

// particle -1
sphere {
	<26.825161, 33.007519, 36.711430> 0.250000
	pigment { color rgbt <1,0,0,0> }
	no_shadow
}
cylinder {
	<26.789570, 33.214104, 37.052101>,  <26.768215, 33.338055, 37.256504>, 0.100000
	pigment { color rgbt <1,0,0,0> }
	no_shadow
}
cylinder {
	<26.789570, 33.214104, 37.052101>,  <26.825161, 33.007519, 36.711430>, 0.100000
	pigment { color rgbt <1,0,0,0> }
	no_shadow
}

// particle -1
sphere {
	<26.789570, 33.214104, 37.052101> 0.100000
	pigment { color rgbt <1,0,0,0> }
	no_shadow
}
sphere {
	0, 1
	scale<0.080000,0.200000,0.300000>
	matrix <-0.235022, -0.841810, 0.485922,
		0.967909, -0.156927, 0.196281,
		-0.088977, 0.516459, 0.851677,
		26.762877, 33.369041, 37.307606>
	pigment { color rgbt <0,1,1,0> }
	no_shadow
}
cylinder {
	<27.021238, 32.511932, 37.216640>,  <26.825161, 33.007519, 36.711430>, 0.130000
	pigment { color rgbt <1,0,0,0> }
	no_shadow
}

// nucleotide -1

// particle -1
sphere {
	<27.021238, 32.511932, 37.216640> 0.250000
	pigment { color rgbt <1,0,0,0> }
	no_shadow
}
cylinder {
	<26.818451, 32.791302, 37.418705>,  <26.696777, 32.958923, 37.539944>, 0.100000
	pigment { color rgbt <1,0,0,0> }
	no_shadow
}
cylinder {
	<26.818451, 32.791302, 37.418705>,  <27.021238, 32.511932, 37.216640>, 0.100000
	pigment { color rgbt <1,0,0,0> }
	no_shadow
}

// particle -1
sphere {
	<26.818451, 32.791302, 37.418705> 0.100000
	pigment { color rgbt <1,0,0,0> }
	no_shadow
}
sphere {
	0, 1
	scale<0.080000,0.200000,0.300000>
	matrix <-0.532311, -0.714633, 0.453813,
		0.677958, -0.038834, 0.734074,
		-0.506970, 0.698422, 0.505162,
		26.666359, 33.000828, 37.570255>
	pigment { color rgbt <0,1,1,0> }
	no_shadow
}
cylinder {
	<27.056564, 32.329197, 37.896614>,  <27.021238, 32.511932, 37.216640>, 0.130000
	pigment { color rgbt <1,0,0,0> }
	no_shadow
}

// nucleotide -1

// particle -1
sphere {
	<27.056564, 32.329197, 37.896614> 0.250000
	pigment { color rgbt <1,0,0,0> }
	no_shadow
}
cylinder {
	<26.728979, 32.541458, 37.809238>,  <26.532429, 32.668816, 37.756813>, 0.100000
	pigment { color rgbt <1,0,0,0> }
	no_shadow
}
cylinder {
	<26.728979, 32.541458, 37.809238>,  <27.056564, 32.329197, 37.896614>, 0.100000
	pigment { color rgbt <1,0,0,0> }
	no_shadow
}

// particle -1
sphere {
	<26.728979, 32.541458, 37.809238> 0.100000
	pigment { color rgbt <1,0,0,0> }
	no_shadow
}
sphere {
	0, 1
	scale<0.080000,0.200000,0.300000>
	matrix <-0.571335, -0.718396, 0.396842,
		0.053661, 0.449798, 0.891517,
		-0.818961, 0.530649, -0.218436,
		26.483292, 32.700653, 37.743710>
	pigment { color rgbt <0,1,1,0> }
	no_shadow
}
cylinder {
	<26.284971, 31.991465, 38.132427>,  <27.056564, 32.329197, 37.896614>, 0.130000
	pigment { color rgbt <1,0,0,0> }
	no_shadow
}

// nucleotide -1

// particle -1
sphere {
	<26.284971, 31.991465, 38.132427> 0.250000
	pigment { color rgbt <1,0,0,0> }
	no_shadow
}
cylinder {
	<26.299662, 32.269829, 38.419304>,  <26.308475, 32.436848, 38.591431>, 0.100000
	pigment { color rgbt <1,0,0,0> }
	no_shadow
}
cylinder {
	<26.299662, 32.269829, 38.419304>,  <26.284971, 31.991465, 38.132427>, 0.100000
	pigment { color rgbt <1,0,0,0> }
	no_shadow
}

// particle -1
sphere {
	<26.299662, 32.269829, 38.419304> 0.100000
	pigment { color rgbt <1,0,0,0> }
	no_shadow
}
sphere {
	0, 1
	scale<0.080000,0.200000,0.300000>
	matrix <0.104341, 0.711081, -0.695325,
		-0.993863, 0.100368, -0.046498,
		0.036724, 0.695910, 0.717189,
		26.310678, 32.478603, 38.634460>
	pigment { color rgbt <0,1,1,0> }
	no_shadow
}
cylinder {
	<25.893164, 32.544041, 37.928062>,  <26.284971, 31.991465, 38.132427>, 0.130000
	pigment { color rgbt <1,0,0,0> }
	no_shadow
}

// nucleotide -1

// particle -1
sphere {
	<25.893164, 32.544041, 37.928062> 0.250000
	pigment { color rgbt <1,0,0,0> }
	no_shadow
}
cylinder {
	<26.172670, 32.674866, 38.182545>,  <26.340374, 32.753361, 38.335236>, 0.100000
	pigment { color rgbt <1,0,0,0> }
	no_shadow
}
cylinder {
	<26.172670, 32.674866, 38.182545>,  <25.893164, 32.544041, 37.928062>, 0.100000
	pigment { color rgbt <1,0,0,0> }
	no_shadow
}

// particle -1
sphere {
	<26.172670, 32.674866, 38.182545> 0.100000
	pigment { color rgbt <1,0,0,0> }
	no_shadow
}
sphere {
	0, 1
	scale<0.080000,0.200000,0.300000>
	matrix <0.214825, 0.752365, -0.622733,
		-0.682333, 0.571817, 0.455464,
		0.698764, 0.327067, 0.636204,
		26.382299, 32.772987, 38.373405>
	pigment { color rgbt <0,1,1,0> }
	no_shadow
}
cylinder {
	<25.729479, 33.246857, 38.003658>,  <25.893164, 32.544041, 37.928062>, 0.130000
	pigment { color rgbt <1,0,0,0> }
	no_shadow
}

// nucleotide -1

// particle -1
sphere {
	<25.729479, 33.246857, 38.003658> 0.250000
	pigment { color rgbt <1,0,0,0> }
	no_shadow
}
cylinder {
	<26.113518, 33.167881, 38.082890>,  <26.343941, 33.120495, 38.130428>, 0.100000
	pigment { color rgbt <1,0,0,0> }
	no_shadow
}
cylinder {
	<26.113518, 33.167881, 38.082890>,  <25.729479, 33.246857, 38.003658>, 0.100000
	pigment { color rgbt <1,0,0,0> }
	no_shadow
}

// particle -1
sphere {
	<26.113518, 33.167881, 38.082890> 0.100000
	pigment { color rgbt <1,0,0,0> }
	no_shadow
}
sphere {
	0, 1
	scale<0.080000,0.200000,0.300000>
	matrix <0.278929, 0.727502, -0.626849,
		-0.020340, 0.657085, 0.753542,
		0.960096, -0.197435, 0.198077,
		26.401546, 33.108650, 38.142311>
	pigment { color rgbt <0,1,1,0> }
	no_shadow
}
cylinder {
	<26.068054, 33.844891, 38.315426>,  <25.729479, 33.246857, 38.003658>, 0.130000
	pigment { color rgbt <1,0,0,0> }
	no_shadow
}

// nucleotide -1

// particle -1
sphere {
	<26.068054, 33.844891, 38.315426> 0.250000
	pigment { color rgbt <1,0,0,0> }
	no_shadow
}
cylinder {
	<26.284258, 33.588165, 38.097828>,  <26.413980, 33.434132, 37.967270>, 0.100000
	pigment { color rgbt <1,0,0,0> }
	no_shadow
}
cylinder {
	<26.284258, 33.588165, 38.097828>,  <26.068054, 33.844891, 38.315426>, 0.100000
	pigment { color rgbt <1,0,0,0> }
	no_shadow
}

// particle -1
sphere {
	<26.284258, 33.588165, 38.097828> 0.100000
	pigment { color rgbt <1,0,0,0> }
	no_shadow
}
sphere {
	0, 1
	scale<0.080000,0.200000,0.300000>
	matrix <0.367361, 0.761725, -0.533686,
		0.756898, 0.088622, 0.647496,
		0.540510, -0.641811, -0.543992,
		26.446411, 33.395622, 37.934631>
	pigment { color rgbt <0,1,1,0> }
	no_shadow
}
cylinder {
	<26.677776, 34.136288, 38.364048>,  <26.068054, 33.844891, 38.315426>, 0.130000
	pigment { color rgbt <1,0,0,0> }
	no_shadow
}

// nucleotide -1

// particle -1
sphere {
	<26.677776, 34.136288, 38.364048> 0.250000
	pigment { color rgbt <1,0,0,0> }
	no_shadow
}
cylinder {
	<26.673292, 33.903187, 38.039021>,  <26.670603, 33.763325, 37.844002>, 0.100000
	pigment { color rgbt <1,0,0,0> }
	no_shadow
}
cylinder {
	<26.673292, 33.903187, 38.039021>,  <26.677776, 34.136288, 38.364048>, 0.100000
	pigment { color rgbt <1,0,0,0> }
	no_shadow
}

// particle -1
sphere {
	<26.673292, 33.903187, 38.039021> 0.100000
	pigment { color rgbt <1,0,0,0> }
	no_shadow
}
sphere {
	0, 1
	scale<0.080000,0.200000,0.300000>
	matrix <0.500677, 0.700150, -0.509032,
		0.865562, -0.412542, 0.283922,
		-0.011209, -0.582752, -0.812573,
		26.669930, 33.728363, 37.795250>
	pigment { color rgbt <0,1,1,0> }
	no_shadow
}
cylinder {
	<27.319578, 34.299229, 38.091351>,  <26.677776, 34.136288, 38.364048>, 0.130000
	pigment { color rgbt <1,0,0,0> }
	no_shadow
}

// nucleotide -1

// particle -1
sphere {
	<27.319578, 34.299229, 38.091351> 0.250000
	pigment { color rgbt <1,0,0,0> }
	no_shadow
}
cylinder {
	<27.123180, 34.117664, 37.793926>,  <27.005342, 34.008724, 37.615471>, 0.100000
	pigment { color rgbt <1,0,0,0> }
	no_shadow
}
cylinder {
	<27.123180, 34.117664, 37.793926>,  <27.319578, 34.299229, 38.091351>, 0.100000
	pigment { color rgbt <1,0,0,0> }
	no_shadow
}

// particle -1
sphere {
	<27.123180, 34.117664, 37.793926> 0.100000
	pigment { color rgbt <1,0,0,0> }
	no_shadow
}
sphere {
	0, 1
	scale<0.080000,0.200000,0.300000>
	matrix <0.436761, 0.610249, -0.660935,
		0.753768, -0.649274, -0.101374,
		-0.490992, -0.453916, -0.743564,
		26.975883, 33.981491, 37.570858>
	pigment { color rgbt <0,1,1,0> }
	no_shadow
}
cylinder {
	<27.709206, 33.839260, 37.654903>,  <27.319578, 34.299229, 38.091351>, 0.130000
	pigment { color rgbt <1,0,0,0> }
	no_shadow
}

// nucleotide -1

// particle -1
sphere {
	<27.709206, 33.839260, 37.654903> 0.250000
	pigment { color rgbt <1,0,0,0> }
	no_shadow
}
cylinder {
	<27.409170, 34.041756, 37.484684>,  <27.229149, 34.163254, 37.382553>, 0.100000
	pigment { color rgbt <1,0,0,0> }
	no_shadow
}
cylinder {
	<27.409170, 34.041756, 37.484684>,  <27.709206, 33.839260, 37.654903>, 0.100000
	pigment { color rgbt <1,0,0,0> }
	no_shadow
}

// particle -1
sphere {
	<27.409170, 34.041756, 37.484684> 0.100000
	pigment { color rgbt <1,0,0,0> }
	no_shadow
}
sphere {
	0, 1
	scale<0.080000,0.200000,0.300000>
	matrix <0.661100, 0.591169, -0.462024,
		0.017675, -0.627887, -0.778103,
		-0.750090, 0.506237, -0.425545,
		27.184143, 34.193626, 37.357021>
	pigment { color rgbt <0,1,1,0> }
	no_shadow
}
cylinder {
	<27.788157, 33.967636, 36.892826>,  <27.709206, 33.839260, 37.654903>, 0.130000
	pigment { color rgbt <1,0,0,0> }
	no_shadow
}

// nucleotide -1

// particle -1
sphere {
	<27.788157, 33.967636, 36.892826> 0.250000
	pigment { color rgbt <1,0,0,0> }
	no_shadow
}
cylinder {
	<27.555456, 34.251553, 37.051704>,  <27.415836, 34.421902, 37.147030>, 0.100000
	pigment { color rgbt <1,0,0,0> }
	no_shadow
}
cylinder {
	<27.555456, 34.251553, 37.051704>,  <27.788157, 33.967636, 36.892826>, 0.100000
	pigment { color rgbt <1,0,0,0> }
	no_shadow
}

// particle -1
sphere {
	<27.555456, 34.251553, 37.051704> 0.100000
	pigment { color rgbt <1,0,0,0> }
	no_shadow
}
sphere {
	0, 1
	scale<0.080000,0.200000,0.300000>
	matrix <0.723903, 0.674481, -0.145048,
		-0.370853, 0.203148, -0.906200,
		-0.581749, 0.709793, 0.397193,
		27.380932, 34.464489, 37.170864>
	pigment { color rgbt <0,1,1,0> }
	no_shadow
}
cylinder {
	<27.682568, 34.498035, 36.450817>,  <27.788157, 33.967636, 36.892826>, 0.130000
	pigment { color rgbt <1,0,0,0> }
	no_shadow
}

// nucleotide -1

// particle -1
sphere {
	<27.682568, 34.498035, 36.450817> 0.250000
	pigment { color rgbt <1,0,0,0> }
	no_shadow
}
cylinder {
	<27.655273, 34.763191, 36.749058>,  <27.638897, 34.922283, 36.928001>, 0.100000
	pigment { color rgbt <1,0,0,0> }
	no_shadow
}
cylinder {
	<27.655273, 34.763191, 36.749058>,  <27.682568, 34.498035, 36.450817>, 0.100000
	pigment { color rgbt <1,0,0,0> }
	no_shadow
}

// particle -1
sphere {
	<27.655273, 34.763191, 36.749058> 0.100000
	pigment { color rgbt <1,0,0,0> }
	no_shadow
}
sphere {
	0, 1
	scale<0.080000,0.200000,0.300000>
	matrix <0.820550, 0.462388, -0.335998,
		-0.567487, 0.588878, -0.575484,
		-0.068235, 0.662887, 0.745603,
		27.634804, 34.962059, 36.972740>
	pigment { color rgbt <0,1,1,0> }
	no_shadow
}
cylinder {
	<27.629955, 35.249310, 36.213638>,  <27.682568, 34.498035, 36.450817>, 0.130000
	pigment { color rgbt <1,0,0,0> }
	no_shadow
}

// nucleotide -1

// particle -1
sphere {
	<27.629955, 35.249310, 36.213638> 0.250000
	pigment { color rgbt <1,0,0,0> }
	no_shadow
}
cylinder {
	<27.798666, 35.228153, 36.575699>,  <27.899893, 35.215458, 36.792934>, 0.100000
	pigment { color rgbt <1,0,0,0> }
	no_shadow
}
cylinder {
	<27.798666, 35.228153, 36.575699>,  <27.629955, 35.249310, 36.213638>, 0.100000
	pigment { color rgbt <1,0,0,0> }
	no_shadow
}

// particle -1
sphere {
	<27.798666, 35.228153, 36.575699> 0.100000
	pigment { color rgbt <1,0,0,0> }
	no_shadow
}
sphere {
	0, 1
	scale<0.080000,0.200000,0.300000>
	matrix <0.844126, 0.387335, -0.370706,
		-0.330990, 0.920420, 0.208020,
		0.421779, -0.052895, 0.905154,
		27.925200, 35.212284, 36.847244>
	pigment { color rgbt <0,1,1,0> }
	no_shadow
}
cylinder {
	<28.169905, 35.531193, 35.669762>,  <27.629955, 35.249310, 36.213638>, 0.130000
	pigment { color rgbt <1,0,0,0> }
	no_shadow
}

// nucleotide -1

// particle -1
sphere {
	<28.169905, 35.531193, 35.669762> 0.250000
	pigment { color rgbt <1,0,0,0> }
	no_shadow
}
cylinder {
	<28.542452, 35.593403, 35.538086>,  <28.765980, 35.630730, 35.459080>, 0.100000
	pigment { color rgbt <1,0,0,0> }
	no_shadow
}
cylinder {
	<28.542452, 35.593403, 35.538086>,  <28.169905, 35.531193, 35.669762>, 0.100000
	pigment { color rgbt <1,0,0,0> }
	no_shadow
}

// particle -1
sphere {
	<28.542452, 35.593403, 35.538086> 0.100000
	pigment { color rgbt <1,0,0,0> }
	no_shadow
}
sphere {
	0, 1
	scale<0.080000,0.200000,0.300000>
	matrix <0.349304, -0.126784, 0.928392,
		0.102651, -0.979663, -0.172408,
		0.931370, 0.155523, -0.329186,
		28.821863, 35.640060, 35.439331>
	pigment { color rgbt <0,1,1,0> }
	no_shadow
}
cylinder {
	<28.715471, 35.019840, 35.753094>,  <28.169905, 35.531193, 35.669762>, 0.130000
	pigment { color rgbt <1,0,0,0> }
	no_shadow
}

// nucleotide -1

// particle -1
sphere {
	<28.715471, 35.019840, 35.753094> 0.250000
	pigment { color rgbt <1,0,0,0> }
	no_shadow
}
cylinder {
	<28.904652, 35.368164, 35.806774>,  <29.018160, 35.577160, 35.838982>, 0.100000
	pigment { color rgbt <1,0,0,0> }
	no_shadow
}
cylinder {
	<28.904652, 35.368164, 35.806774>,  <28.715471, 35.019840, 35.753094>, 0.100000
	pigment { color rgbt <1,0,0,0> }
	no_shadow
}

// particle -1
sphere {
	<28.904652, 35.368164, 35.806774> 0.100000
	pigment { color rgbt <1,0,0,0> }
	no_shadow
}
sphere {
	0, 1
	scale<0.080000,0.200000,0.300000>
	matrix <0.301262, -0.302958, 0.904133,
		0.827985, -0.387180, -0.405626,
		0.472950, 0.870809, 0.134202,
		29.046537, 35.629406, 35.847034>
	pigment { color rgbt <0,1,1,0> }
	no_shadow
}
cylinder {
	<29.423559, 34.773457, 35.847694>,  <28.715471, 35.019840, 35.753094>, 0.130000
	pigment { color rgbt <1,0,0,0> }
	no_shadow
}

// nucleotide -1

// particle -1
sphere {
	<29.423559, 34.773457, 35.847694> 0.250000
	pigment { color rgbt <1,0,0,0> }
	no_shadow
}
cylinder {
	<29.312277, 35.095272, 36.057575>,  <29.245506, 35.288361, 36.183506>, 0.100000
	pigment { color rgbt <1,0,0,0> }
	no_shadow
}
cylinder {
	<29.312277, 35.095272, 36.057575>,  <29.423559, 34.773457, 35.847694>, 0.100000
	pigment { color rgbt <1,0,0,0> }
	no_shadow
}

// particle -1
sphere {
	<29.312277, 35.095272, 36.057575> 0.100000
	pigment { color rgbt <1,0,0,0> }
	no_shadow
}
sphere {
	0, 1
	scale<0.080000,0.200000,0.300000>
	matrix <0.241251, -0.470232, 0.848928,
		0.929730, 0.362764, -0.063274,
		-0.278207, 0.804539, 0.524706,
		29.228815, 35.336636, 36.214989>
	pigment { color rgbt <0,1,1,0> }
	no_shadow
}
cylinder {
	<29.968187, 34.985397, 36.424572>,  <29.423559, 34.773457, 35.847694>, 0.130000
	pigment { color rgbt <1,0,0,0> }
	no_shadow
}

// nucleotide -1

// particle -1
sphere {
	<29.968187, 34.985397, 36.424572> 0.250000
	pigment { color rgbt <1,0,0,0> }
	no_shadow
}
cylinder {
	<29.600735, 35.118065, 36.510468>,  <29.380264, 35.197666, 36.562004>, 0.100000
	pigment { color rgbt <1,0,0,0> }
	no_shadow
}
cylinder {
	<29.600735, 35.118065, 36.510468>,  <29.968187, 34.985397, 36.424572>, 0.100000
	pigment { color rgbt <1,0,0,0> }
	no_shadow
}

// particle -1
sphere {
	<29.600735, 35.118065, 36.510468> 0.100000
	pigment { color rgbt <1,0,0,0> }
	no_shadow
}
sphere {
	0, 1
	scale<0.080000,0.200000,0.300000>
	matrix <0.107322, -0.313603, 0.943470,
		0.380265, 0.889746, 0.252490,
		-0.918630, 0.331671, 0.214742,
		29.325146, 35.217567, 36.574890>
	pigment { color rgbt <0,1,1,0> }
	no_shadow
}
cylinder {
	<30.022905, 35.344631, 37.047615>,  <29.968187, 34.985397, 36.424572>, 0.130000
	pigment { color rgbt <1,0,0,0> }
	no_shadow
}

// nucleotide -1

// particle -1
sphere {
	<30.022905, 35.344631, 37.047615> 0.250000
	pigment { color rgbt <1,0,0,0> }
	no_shadow
}
cylinder {
	<29.641588, 35.230183, 37.008904>,  <29.412798, 35.161514, 36.985676>, 0.100000
	pigment { color rgbt <1,0,0,0> }
	no_shadow
}
cylinder {
	<29.641588, 35.230183, 37.008904>,  <30.022905, 35.344631, 37.047615>, 0.100000
	pigment { color rgbt <1,0,0,0> }
	no_shadow
}

// particle -1
sphere {
	<29.641588, 35.230183, 37.008904> 0.100000
	pigment { color rgbt <1,0,0,0> }
	no_shadow
}
sphere {
	0, 1
	scale<0.080000,0.200000,0.300000>
	matrix <0.025613, -0.395837, 0.917963,
		-0.300960, 0.872609, 0.384677,
		-0.953293, -0.286123, -0.096780,
		29.355600, 35.144344, 36.979870>
	pigment { color rgbt <0,1,1,0> }
	no_shadow
}
cylinder {
	<29.776329, 36.011669, 37.425335>,  <30.022905, 35.344631, 37.047615>, 0.130000
	pigment { color rgbt <1,0,0,0> }
	no_shadow
}

// nucleotide -1

// particle -1
sphere {
	<29.776329, 36.011669, 37.425335> 0.250000
	pigment { color rgbt <1,0,0,0> }
	no_shadow
}
cylinder {
	<29.977865, 36.270096, 37.654678>,  <30.098787, 36.425152, 37.792286>, 0.100000
	pigment { color rgbt <1,0,0,0> }
	no_shadow
}
cylinder {
	<29.977865, 36.270096, 37.654678>,  <29.776329, 36.011669, 37.425335>, 0.100000
	pigment { color rgbt <1,0,0,0> }
	no_shadow
}

// particle -1
sphere {
	<29.977865, 36.270096, 37.654678> 0.100000
	pigment { color rgbt <1,0,0,0> }
	no_shadow
}
sphere {
	0, 1
	scale<0.080000,0.200000,0.300000>
	matrix <-0.112078, -0.609260, 0.785010,
		0.856494, -0.459781, -0.234561,
		0.503842, 0.646067, 0.573359,
		30.129017, 36.463917, 37.826687>
	pigment { color rgbt <0,1,1,0> }
	no_shadow
}
cylinder {
	<30.495550, 35.785255, 37.715927>,  <29.776329, 36.011669, 37.425335>, 0.130000
	pigment { color rgbt <1,0,0,0> }
	no_shadow
}

// nucleotide -1

// particle -1
sphere {
	<30.495550, 35.785255, 37.715927> 0.250000
	pigment { color rgbt <1,0,0,0> }
	no_shadow
}
cylinder {
	<30.274918, 36.026379, 37.946541>,  <30.142538, 36.171051, 38.084908>, 0.100000
	pigment { color rgbt <1,0,0,0> }
	no_shadow
}
cylinder {
	<30.274918, 36.026379, 37.946541>,  <30.495550, 35.785255, 37.715927>, 0.100000
	pigment { color rgbt <1,0,0,0> }
	no_shadow
}

// particle -1
sphere {
	<30.274918, 36.026379, 37.946541> 0.100000
	pigment { color rgbt <1,0,0,0> }
	no_shadow
}
sphere {
	0, 1
	scale<0.080000,0.200000,0.300000>
	matrix <-0.027951, -0.704152, 0.709499,
		0.833654, 0.375230, 0.405244,
		-0.551579, 0.602804, 0.576531,
		30.109444, 36.207218, 38.119499>
	pigment { color rgbt <0,1,1,0> }
	no_shadow
}
cylinder {
	<30.831013, 35.840279, 38.331596>,  <30.495550, 35.785255, 37.715927>, 0.130000
	pigment { color rgbt <1,0,0,0> }
	no_shadow
}

// nucleotide -1

// particle -1
sphere {
	<30.831013, 35.840279, 38.331596> 0.250000
	pigment { color rgbt <1,0,0,0> }
	no_shadow
}
cylinder {
	<30.432753, 35.842770, 38.368771>,  <30.193796, 35.844265, 38.391075>, 0.100000
	pigment { color rgbt <1,0,0,0> }
	no_shadow
}
cylinder {
	<30.432753, 35.842770, 38.368771>,  <30.831013, 35.840279, 38.331596>, 0.100000
	pigment { color rgbt <1,0,0,0> }
	no_shadow
}

// particle -1
sphere {
	<30.432753, 35.842770, 38.368771> 0.100000
	pigment { color rgbt <1,0,0,0> }
	no_shadow
}
sphere {
	0, 1
	scale<0.080000,0.200000,0.300000>
	matrix <0.045644, -0.837128, 0.545099,
		0.081195, 0.546971, 0.833205,
		-0.995652, 0.006228, 0.092937,
		30.134056, 35.844639, 38.396652>
	pigment { color rgbt <0,1,1,0> }
	no_shadow
}
cylinder {
	<30.656981, 35.678581, 38.961819>,  <30.831013, 35.840279, 38.331596>, 0.130000
	pigment { color rgbt <1,0,0,0> }
	no_shadow
}

// nucleotide -1

// particle -1
sphere {
	<30.656981, 35.678581, 38.961819> 0.250000
	pigment { color rgbt <1,0,0,0> }
	no_shadow
}
cylinder {
	<30.331802, 35.567101, 38.757290>,  <30.136696, 35.500210, 38.634575>, 0.100000
	pigment { color rgbt <1,0,0,0> }
	no_shadow
}
cylinder {
	<30.331802, 35.567101, 38.757290>,  <30.656981, 35.678581, 38.961819>, 0.100000
	pigment { color rgbt <1,0,0,0> }
	no_shadow
}

// particle -1
sphere {
	<30.331802, 35.567101, 38.757290> 0.100000
	pigment { color rgbt <1,0,0,0> }
	no_shadow
}
sphere {
	0, 1
	scale<0.080000,0.200000,0.300000>
	matrix <0.118049, -0.938678, 0.323958,
		-0.570252, 0.202999, 0.795993,
		-0.812943, -0.278704, -0.511319,
		30.087919, 35.483490, 38.603893>
	pigment { color rgbt <0,1,1,0> }
	no_shadow
}
cylinder {
	<30.161839, 35.500015, 39.437172>,  <30.656981, 35.678581, 38.961819>, 0.130000
	pigment { color rgbt <1,0,0,0> }
	no_shadow
}

// nucleotide -1

// particle -1
sphere {
	<30.161839, 35.500015, 39.437172> 0.250000
	pigment { color rgbt <1,0,0,0> }
	no_shadow
}
cylinder {
	<30.061302, 35.316742, 39.096138>,  <30.000980, 35.206779, 38.891518>, 0.100000
	pigment { color rgbt <1,0,0,0> }
	no_shadow
}
cylinder {
	<30.061302, 35.316742, 39.096138>,  <30.161839, 35.500015, 39.437172>, 0.100000
	pigment { color rgbt <1,0,0,0> }
	no_shadow
}

// particle -1
sphere {
	<30.061302, 35.316742, 39.096138> 0.100000
	pigment { color rgbt <1,0,0,0> }
	no_shadow
}
sphere {
	0, 1
	scale<0.080000,0.200000,0.300000>
	matrix <0.108714, -0.888648, 0.445517,
		-0.961773, 0.019290, 0.273166,
		-0.251343, -0.458183, -0.852581,
		29.985899, 35.179287, 38.840363>
	pigment { color rgbt <0,1,1,0> }
	no_shadow
}
cylinder {
	<29.921862, 34.860523, 39.663700>,  <30.161839, 35.500015, 39.437172>, 0.130000
	pigment { color rgbt <1,0,0,0> }
	no_shadow
}

// nucleotide -1

// particle -1
sphere {
	<29.921862, 34.860523, 39.663700> 0.250000
	pigment { color rgbt <1,0,0,0> }
	no_shadow
}
cylinder {
	<29.989555, 34.795132, 39.274929>,  <30.030172, 34.755898, 39.041668>, 0.100000
	pigment { color rgbt <1,0,0,0> }
	no_shadow
}
cylinder {
	<29.989555, 34.795132, 39.274929>,  <29.921862, 34.860523, 39.663700>, 0.100000
	pigment { color rgbt <1,0,0,0> }
	no_shadow
}

// particle -1
sphere {
	<29.989555, 34.795132, 39.274929> 0.100000
	pigment { color rgbt <1,0,0,0> }
	no_shadow
}
sphere {
	0, 1
	scale<0.080000,0.200000,0.300000>
	matrix <0.297959, -0.931516, 0.208563,
		-0.939457, -0.324890, -0.108935,
		0.169234, -0.163477, -0.971923,
		30.040325, 34.746090, 38.983353>
	pigment { color rgbt <0,1,1,0> }
	no_shadow
}
cylinder {
	<30.479633, 34.607025, 39.530319>,  <29.921862, 34.860523, 39.663700>, 0.130000
	pigment { color rgbt <1,0,0,0> }
	no_shadow
}

// nucleotide -1

// particle -1
sphere {
	<30.479633, 34.607025, 39.530319> 0.250000
	pigment { color rgbt <1,0,0,0> }
	no_shadow
}
cylinder {
	<30.234411, 34.293274, 39.492550>,  <30.087278, 34.105022, 39.469887>, 0.100000
	pigment { color rgbt <1,0,0,0> }
	no_shadow
}
cylinder {
	<30.234411, 34.293274, 39.492550>,  <30.479633, 34.607025, 39.530319>, 0.100000
	pigment { color rgbt <1,0,0,0> }
	no_shadow
}

// particle -1
sphere {
	<30.234411, 34.293274, 39.492550> 0.100000
	pigment { color rgbt <1,0,0,0> }
	no_shadow
}
sphere {
	0, 1
	scale<0.080000,0.200000,0.300000>
	matrix <-0.415901, 0.422034, -0.805552,
		0.671707, -0.454576, -0.584953,
		-0.613055, -0.784378, -0.094424,
		30.050495, 34.057961, 39.464222>
	pigment { color rgbt <0,1,1,0> }
	no_shadow
}
cylinder {
	<30.530420, 34.220989, 38.855556>,  <30.479633, 34.607025, 39.530319>, 0.130000
	pigment { color rgbt <1,0,0,0> }
	no_shadow
}

// nucleotide -1

// particle -1
sphere {
	<30.530420, 34.220989, 38.855556> 0.250000
	pigment { color rgbt <1,0,0,0> }
	no_shadow
}
cylinder {
	<30.157902, 34.282433, 38.987671>,  <29.934391, 34.319298, 39.066940>, 0.100000
	pigment { color rgbt <1,0,0,0> }
	no_shadow
}
cylinder {
	<30.157902, 34.282433, 38.987671>,  <30.530420, 34.220989, 38.855556>, 0.100000
	pigment { color rgbt <1,0,0,0> }
	no_shadow
}

// particle -1
sphere {
	<30.157902, 34.282433, 38.987671> 0.100000
	pigment { color rgbt <1,0,0,0> }
	no_shadow
}
sphere {
	0, 1
	scale<0.080000,0.200000,0.300000>
	matrix <-0.233646, 0.443741, -0.865161,
		-0.279456, -0.882893, -0.377365,
		-0.931297, 0.153604, 0.330291,
		29.878513, 34.328514, 39.086758>
	pigment { color rgbt <0,1,1,0> }
	no_shadow
}
cylinder {
	<30.134897, 34.374866, 38.253986>,  <30.530420, 34.220989, 38.855556>, 0.130000
	pigment { color rgbt <1,0,0,0> }
	no_shadow
}

// nucleotide -1

// particle -1
sphere {
	<30.134897, 34.374866, 38.253986> 0.250000
	pigment { color rgbt <1,0,0,0> }
	no_shadow
}
cylinder {
	<29.918409, 34.544880, 38.544209>,  <29.788517, 34.646889, 38.718342>, 0.100000
	pigment { color rgbt <1,0,0,0> }
	no_shadow
}
cylinder {
	<29.918409, 34.544880, 38.544209>,  <30.134897, 34.374866, 38.253986>, 0.100000
	pigment { color rgbt <1,0,0,0> }
	no_shadow
}

// particle -1
sphere {
	<29.918409, 34.544880, 38.544209> 0.100000
	pigment { color rgbt <1,0,0,0> }
	no_shadow
}
sphere {
	0, 1
	scale<0.080000,0.200000,0.300000>
	matrix <-0.200965, 0.772467, -0.602418,
		-0.816513, -0.471852, -0.332659,
		-0.541220, 0.425029, 0.725556,
		29.756042, 34.672390, 38.761875>
	pigment { color rgbt <0,1,1,0> }
	no_shadow
}
cylinder {
	<29.451256, 34.525265, 37.885735>,  <30.134897, 34.374866, 38.253986>, 0.130000
	pigment { color rgbt <1,0,0,0> }
	no_shadow
}

// nucleotide -1

// particle -1
sphere {
	<29.451256, 34.525265, 37.885735> 0.250000
	pigment { color rgbt <1,0,0,0> }
	no_shadow
}
cylinder {
	<29.581110, 34.746681, 38.192513>,  <29.659023, 34.879532, 38.376579>, 0.100000
	pigment { color rgbt <1,0,0,0> }
	no_shadow
}
cylinder {
	<29.581110, 34.746681, 38.192513>,  <29.451256, 34.525265, 37.885735>, 0.100000
	pigment { color rgbt <1,0,0,0> }
	no_shadow
}

// particle -1
sphere {
	<29.581110, 34.746681, 38.192513> 0.100000
	pigment { color rgbt <1,0,0,0> }
	no_shadow
}
sphere {
	0, 1
	scale<0.080000,0.200000,0.300000>
	matrix <-0.309293, 0.828411, -0.466983,
		-0.893840, -0.085612, 0.440137,
		0.324635, 0.553539, 0.766946,
		29.678501, 34.912743, 38.422596>
	pigment { color rgbt <0,1,1,0> }
	no_shadow
}
cylinder {
	<29.047232, 35.119537, 37.947323>,  <29.451256, 34.525265, 37.885735>, 0.130000
	pigment { color rgbt <1,0,0,0> }
	no_shadow
}

// nucleotide -1

// particle -1
sphere {
	<29.047232, 35.119537, 37.947323> 0.250000
	pigment { color rgbt <1,0,0,0> }
	no_shadow
}
cylinder {
	<29.363369, 35.239437, 38.161053>,  <29.553051, 35.311378, 38.289291>, 0.100000
	pigment { color rgbt <1,0,0,0> }
	no_shadow
}
cylinder {
	<29.363369, 35.239437, 38.161053>,  <29.047232, 35.119537, 37.947323>, 0.100000
	pigment { color rgbt <1,0,0,0> }
	no_shadow
}

// particle -1
sphere {
	<29.363369, 35.239437, 38.161053> 0.100000
	pigment { color rgbt <1,0,0,0> }
	no_shadow
}
sphere {
	0, 1
	scale<0.080000,0.200000,0.300000>
	matrix <-0.232167, 0.953626, -0.191563,
		-0.566970, 0.027348, 0.823285,
		0.790344, 0.299750, 0.534328,
		29.600471, 35.329361, 38.321350>
	pigment { color rgbt <0,1,1,0> }
	no_shadow
}
cylinder {
	<28.821339, 35.676483, 38.285042>,  <29.047232, 35.119537, 37.947323>, 0.130000
	pigment { color rgbt <1,0,0,0> }
	no_shadow
}

// nucleotide -1

// particle -1
sphere {
	<28.821339, 35.676483, 38.285042> 0.250000
	pigment { color rgbt <1,0,0,0> }
	no_shadow
}
cylinder {
	<29.220079, 35.699818, 38.263573>,  <29.459324, 35.713818, 38.250690>, 0.100000
	pigment { color rgbt <1,0,0,0> }
	no_shadow
}
cylinder {
	<29.220079, 35.699818, 38.263573>,  <28.821339, 35.676483, 38.285042>, 0.100000
	pigment { color rgbt <1,0,0,0> }
	no_shadow
}

// particle -1
sphere {
	<29.220079, 35.699818, 38.263573> 0.100000
	pigment { color rgbt <1,0,0,0> }
	no_shadow
}
sphere {
	0, 1
	scale<0.080000,0.200000,0.300000>
	matrix <-0.072903, 0.940512, -0.331848,
		0.031124, 0.334716, 0.941805,
		0.996853, 0.058332, -0.053674,
		29.519135, 35.717316, 38.247471>
	pigment { color rgbt <0,1,1,0> }
	no_shadow
}
cylinder {
	<29.028191, 36.461926, 38.623787>,  <28.821339, 35.676483, 38.285042>, 0.130000
	pigment { color rgbt <1,0,0,0> }
	no_shadow
}

// nucleotide -1

// particle -1
sphere {
	<29.028191, 36.461926, 38.623787> 0.250000
	pigment { color rgbt <1,0,0,0> }
	no_shadow
}
cylinder {
	<29.280222, 36.268429, 38.380806>,  <29.431440, 36.152328, 38.235020>, 0.100000
	pigment { color rgbt <1,0,0,0> }
	no_shadow
}
cylinder {
	<29.280222, 36.268429, 38.380806>,  <29.028191, 36.461926, 38.623787>, 0.100000
	pigment { color rgbt <1,0,0,0> }
	no_shadow
}

// particle -1
sphere {
	<29.280222, 36.268429, 38.380806> 0.100000
	pigment { color rgbt <1,0,0,0> }
	no_shadow
}
sphere {
	0, 1
	scale<0.080000,0.200000,0.300000>
	matrix <0.146210, 0.842169, -0.519012,
		0.762644, 0.238202, 0.601360,
		0.630077, -0.483746, -0.607448,
		29.469246, 36.123306, 38.198570>
	pigment { color rgbt <0,1,1,0> }
	no_shadow
}
cylinder {
	<29.033691, 36.742310, 39.263504>,  <29.028191, 36.461926, 38.623787>, 0.130000
	pigment { color rgbt <1,0,0,0> }
	no_shadow
}

// nucleotide -1

// particle -1
sphere {
	<29.033691, 36.742310, 39.263504> 0.250000
	pigment { color rgbt <1,0,0,0> }
	no_shadow
}
cylinder {
	<28.939714, 36.416504, 39.475681>,  <28.883327, 36.221020, 39.602985>, 0.100000
	pigment { color rgbt <1,0,0,0> }
	no_shadow
}
cylinder {
	<28.939714, 36.416504, 39.475681>,  <29.033691, 36.742310, 39.263504>, 0.100000
	pigment { color rgbt <1,0,0,0> }
	no_shadow
}

// particle -1
sphere {
	<28.939714, 36.416504, 39.475681> 0.100000
	pigment { color rgbt <1,0,0,0> }
	no_shadow
}
sphere {
	0, 1
	scale<0.080000,0.200000,0.300000>
	matrix <0.949800, -0.308366, -0.052826,
		0.206597, 0.491399, 0.846076,
		-0.234942, -0.814516, 0.530439,
		28.869232, 36.172150, 39.634811>
	pigment { color rgbt <0,1,1,0> }
	no_shadow
}
cylinder {
	<29.588076, 36.636475, 39.688602>,  <29.033691, 36.742310, 39.263504>, 0.130000
	pigment { color rgbt <1,0,0,0> }
	no_shadow
}

// nucleotide -1

// particle -1
sphere {
	<29.588076, 36.636475, 39.688602> 0.250000
	pigment { color rgbt <1,0,0,0> }
	no_shadow
}
cylinder {
	<29.388927, 36.291641, 39.650772>,  <29.269440, 36.084743, 39.628075>, 0.100000
	pigment { color rgbt <1,0,0,0> }
	no_shadow
}
cylinder {
	<29.388927, 36.291641, 39.650772>,  <29.588076, 36.636475, 39.688602>, 0.100000
	pigment { color rgbt <1,0,0,0> }
	no_shadow
}

// particle -1
sphere {
	<29.388927, 36.291641, 39.650772> 0.100000
	pigment { color rgbt <1,0,0,0> }
	no_shadow
}
sphere {
	0, 1
	scale<0.080000,0.200000,0.300000>
	matrix <0.866223, -0.489000, -0.102652,
		0.042249, -0.133028, 0.990211,
		-0.497869, -0.862080, -0.094572,
		29.239567, 36.033016, 39.622402>
	pigment { color rgbt <0,1,1,0> }
	no_shadow
}
cylinder {
	<29.727453, 36.227428, 40.383648>,  <29.588076, 36.636475, 39.688602>, 0.130000
	pigment { color rgbt <1,0,0,0> }
	no_shadow
}

// nucleotide -1

// particle -1
sphere {
	<29.727453, 36.227428, 40.383648> 0.250000
	pigment { color rgbt <1,0,0,0> }
	no_shadow
}
cylinder {
	<29.657602, 36.056618, 40.028763>,  <29.615692, 35.954132, 39.815830>, 0.100000
	pigment { color rgbt <1,0,0,0> }
	no_shadow
}
cylinder {
	<29.657602, 36.056618, 40.028763>,  <29.727453, 36.227428, 40.383648>, 0.100000
	pigment { color rgbt <1,0,0,0> }
	no_shadow
}

// particle -1
sphere {
	<29.657602, 36.056618, 40.028763> 0.100000
	pigment { color rgbt <1,0,0,0> }
	no_shadow
}
sphere {
	0, 1
	scale<0.080000,0.200000,0.300000>
	matrix <0.914285, -0.404799, 0.014880,
