// switches for output
#declare DRAW_BASES = 1; // possible values are 0, 1; only relevant for DNA ribbons
#declare DRAW_BASES_TYPE = 3; // possible values are 1, 2, 3; only relevant for DNA ribbons
#declare DRAW_FOG = 0; // set to 1 to enable fog

#include "colors.inc"

#include "transforms.inc"
background { rgb <1, 1, 1>}

#default {
   normal{
       ripples 0.25
       frequency 0.20
       turbulence 0.2
       lambda 5
   }
	finish {
		phong 0.1
		phong_size 40.
	}
}

// original window dimensions: 1024x640


// camera settings

camera {
	sky <0, 0.179814, -0.983701>
	up <0, 0.179814, -0.983701>
	right 1.6 * <1, 0, 0>
	location <35, 94.9851, 44.8844>
	look_at <35, 29.7336, 32.9568>
	direction <0, -65.2515, -11.9276>
	angle 67.0682
}


# declare cpy_camera_pos = <35, 94.9851, 44.8844>;
# if (DRAW_FOG = 1)
fog {
	fog_type 2
	up vnormalize(cpy_camera_pos)
	color rgbt<1,1,1,0.3>
	distance 1e-5
	fog_alt 3e-3
	fog_offset 56
}
# end


// LIGHTS

# declare lum = 6;
global_settings {
	ambient_light rgb lum * <0.05, 0.05, 0.05>
	max_trace_level 15
}# declare cpy_direct_light_amount = 0.25;
light_source
{	1000 * <-1, -1.16352, -0.803886>,
	rgb lum * cpy_direct_light_amount
	parallel
}

light_source
{	1000 * <1, 1.16352, 0.803886>,
	rgb lum * cpy_direct_light_amount
	parallel
}

// strand 0

// nucleotide -1

// particle -1
sphere {
	<24.649677, 35.039650, 34.980808> 0.250000
	pigment { color rgbt <1,0,0,0> }
	no_shadow
}
cylinder {
	<24.403006, 35.101997, 35.289459>,  <24.255003, 35.139404, 35.474651>, 0.100000
	pigment { color rgbt <1,0,0,0> }
	no_shadow
}
cylinder {
	<24.403006, 35.101997, 35.289459>,  <24.649677, 35.039650, 34.980808>, 0.100000
	pigment { color rgbt <1,0,0,0> }
	no_shadow
}

// particle -1
sphere {
	<24.403006, 35.101997, 35.289459> 0.100000
	pigment { color rgbt <1,0,0,0> }
	no_shadow
}
sphere {
	0, 1
	scale<0.080000,0.200000,0.300000>
	matrix <-0.038503, -0.985002, 0.168193,
		0.786272, 0.074012, 0.613432,
		-0.616680, 0.155865, 0.771629,
		24.218002, 35.148758, 35.520947>
	pigment { color rgbt <0,1,1,0> }
	no_shadow
}
cylinder {
	<25.311628, 35.120296, 35.230755>,  <24.649677, 35.039650, 34.980808>, 0.130000
	pigment { color rgbt <1,0,0,0> }
	no_shadow
}

// nucleotide -1

// particle -1
sphere {
	<25.311628, 35.120296, 35.230755> 0.250000
	pigment { color rgbt <1,0,0,0> }
	no_shadow
}
cylinder {
	<25.115490, 35.386730, 35.005939>,  <24.997807, 35.546589, 34.871048>, 0.100000
	pigment { color rgbt <1,0,0,0> }
	no_shadow
}
cylinder {
	<25.115490, 35.386730, 35.005939>,  <25.311628, 35.120296, 35.230755>, 0.100000
	pigment { color rgbt <1,0,0,0> }
	no_shadow
}

// particle -1
sphere {
	<25.115490, 35.386730, 35.005939> 0.100000
	pigment { color rgbt <1,0,0,0> }
	no_shadow
}
sphere {
	0, 1
	scale<0.080000,0.200000,0.300000>
	matrix <0.749160, 0.651665, 0.118707,
		0.445333, -0.362852, -0.818546,
		-0.490345, 0.666086, -0.562042,
		24.968386, 35.586555, 34.837326>
	pigment { color rgbt <0,1,1,0> }
	no_shadow
}
cylinder {
	<25.854496, 35.450146, 34.843170>,  <25.311628, 35.120296, 35.230755>, 0.130000
	pigment { color rgbt <1,0,0,0> }
	no_shadow
}

// nucleotide -1

// particle -1
sphere {
	<25.854496, 35.450146, 34.843170> 0.250000
	pigment { color rgbt <1,0,0,0> }
	no_shadow
}
cylinder {
	<25.540379, 35.696743, 34.820339>,  <25.351908, 35.844700, 34.806641>, 0.100000
	pigment { color rgbt <1,0,0,0> }
	no_shadow
}
cylinder {
	<25.540379, 35.696743, 34.820339>,  <25.854496, 35.450146, 34.843170>, 0.100000
	pigment { color rgbt <1,0,0,0> }
	no_shadow
}

// particle -1
sphere {
	<25.540379, 35.696743, 34.820339> 0.100000
	pigment { color rgbt <1,0,0,0> }
	no_shadow
}
sphere {
	0, 1
	scale<0.080000,0.200000,0.300000>
	matrix <0.616203, 0.769309, -0.168694,
		-0.060087, -0.167646, -0.984014,
		-0.785292, 0.616489, -0.057078,
		25.304790, 35.881691, 34.803215>
	pigment { color rgbt <0,1,1,0> }
	no_shadow
}
cylinder {
	<25.746529, 35.905548, 34.130943>,  <25.854496, 35.450146, 34.843170>, 0.130000
	pigment { color rgbt <1,0,0,0> }
	no_shadow
}

// nucleotide -1

// particle -1
sphere {
	<25.746529, 35.905548, 34.130943> 0.250000
	pigment { color rgbt <1,0,0,0> }
	no_shadow
}
cylinder {
	<25.691282, 36.030350, 34.506939>,  <25.658134, 36.105232, 34.732536>, 0.100000
	pigment { color rgbt <1,0,0,0> }
	no_shadow
}
cylinder {
	<25.691282, 36.030350, 34.506939>,  <25.746529, 35.905548, 34.130943>, 0.100000
	pigment { color rgbt <1,0,0,0> }
	no_shadow
}

// particle -1
sphere {
	<25.691282, 36.030350, 34.506939> 0.100000
	pigment { color rgbt <1,0,0,0> }
	no_shadow
}
sphere {
	0, 1
	scale<0.080000,0.200000,0.300000>
	matrix <0.699507, 0.702621, -0.130433,
		-0.701151, 0.639513, -0.315293,
		-0.138118, 0.312003, 0.939988,
		25.649847, 36.123951, 34.788937>
	pigment { color rgbt <0,1,1,0> }
	no_shadow
}
cylinder {
	<25.503471, 36.527069, 34.247589>,  <25.746529, 35.905548, 34.130943>, 0.130000
	pigment { color rgbt <1,0,0,0> }
	no_shadow
}

// nucleotide -1

// particle -1
sphere {
	<25.503471, 36.527069, 34.247589> 0.250000
	pigment { color rgbt <1,0,0,0> }
	no_shadow
}
cylinder {
	<25.765049, 36.429352, 34.533997>,  <25.921995, 36.370720, 34.705841>, 0.100000
	pigment { color rgbt <1,0,0,0> }
	no_shadow
}
cylinder {
	<25.765049, 36.429352, 34.533997>,  <25.503471, 36.527069, 34.247589>, 0.100000
	pigment { color rgbt <1,0,0,0> }
	no_shadow
}

// particle -1
sphere {
	<25.765049, 36.429352, 34.533997> 0.100000
	pigment { color rgbt <1,0,0,0> }
	no_shadow
}
sphere {
	0, 1
	scale<0.080000,0.200000,0.300000>
	matrix <0.683555, 0.596368, -0.420829,
		-0.324203, 0.764635, 0.556979,
		0.653945, -0.244292, 0.716015,
		25.961233, 36.356064, 34.748802>
	pigment { color rgbt <0,1,1,0> }
	no_shadow
}
cylinder {
	<26.000275, 37.158604, 34.286209>,  <25.503471, 36.527069, 34.247589>, 0.130000
	pigment { color rgbt <1,0,0,0> }
	no_shadow
}

// nucleotide -1

// particle -1
sphere {
	<26.000275, 37.158604, 34.286209> 0.250000
	pigment { color rgbt <1,0,0,0> }
	no_shadow
}
cylinder {
	<26.148443, 36.839542, 34.476589>,  <26.237345, 36.648106, 34.590816>, 0.100000
	pigment { color rgbt <1,0,0,0> }
	no_shadow
}
cylinder {
	<26.148443, 36.839542, 34.476589>,  <26.000275, 37.158604, 34.286209>, 0.100000
	pigment { color rgbt <1,0,0,0> }
	no_shadow
}

// particle -1
sphere {
	<26.148443, 36.839542, 34.476589> 0.100000
	pigment { color rgbt <1,0,0,0> }
	no_shadow
}
sphere {
	0, 1
	scale<0.080000,0.200000,0.300000>
	matrix <0.920575, 0.246960, -0.302577,
		0.123811, 0.550232, 0.825782,
		0.370423, -0.797656, 0.475953,
		26.259569, 36.600246, 34.619373>
	pigment { color rgbt <0,1,1,0> }
	no_shadow
}
cylinder {
	<26.694031, 37.367832, 34.472267>,  <26.000275, 37.158604, 34.286209>, 0.130000
	pigment { color rgbt <1,0,0,0> }
	no_shadow
}

// nucleotide -1

// particle -1
sphere {
	<26.694031, 37.367832, 34.472267> 0.250000
	pigment { color rgbt <1,0,0,0> }
	no_shadow
}
cylinder {
	<26.714867, 36.968426, 34.478535>,  <26.727369, 36.728783, 34.482296>, 0.100000
	pigment { color rgbt <1,0,0,0> }
	no_shadow
}
cylinder {
	<26.714867, 36.968426, 34.478535>,  <26.694031, 37.367832, 34.472267>, 0.100000
	pigment { color rgbt <1,0,0,0> }
	no_shadow
}

// particle -1
sphere {
	<26.714867, 36.968426, 34.478535> 0.100000
	pigment { color rgbt <1,0,0,0> }
	no_shadow
}
sphere {
	0, 1
	scale<0.080000,0.200000,0.300000>
	matrix <0.932375, 0.043007, -0.358924,
		0.357719, 0.033310, 0.933235,
		0.052091, -0.998519, 0.015674,
		26.730494, 36.668869, 34.483238>
	pigment { color rgbt <0,1,1,0> }
	no_shadow
}
cylinder {
	<27.395769, 37.261814, 34.822056>,  <26.694031, 37.367832, 34.472267>, 0.130000
	pigment { color rgbt <1,0,0,0> }
	no_shadow
}

// nucleotide -1

// particle -1
sphere {
	<27.395769, 37.261814, 34.822056> 0.250000
	pigment { color rgbt <1,0,0,0> }
	no_shadow
}
cylinder {
	<27.265825, 36.949501, 34.608574>,  <27.187859, 36.762112, 34.480484>, 0.100000
	pigment { color rgbt <1,0,0,0> }
	no_shadow
}
cylinder {
	<27.265825, 36.949501, 34.608574>,  <27.395769, 37.261814, 34.822056>, 0.100000
	pigment { color rgbt <1,0,0,0> }
	no_shadow
}

// particle -1
sphere {
	<27.265825, 36.949501, 34.608574> 0.100000
	pigment { color rgbt <1,0,0,0> }
	no_shadow
}
sphere {
	0, 1
	scale<0.080000,0.200000,0.300000>
	matrix <0.857517, -0.005148, -0.514430,
		0.398913, -0.624777, 0.671210,
		-0.324859, -0.780787, -0.533703,
		27.168367, 36.715263, 34.448463>
	pigment { color rgbt <0,1,1,0> }
	no_shadow
}
cylinder {
	<27.971272, 36.894070, 34.806782>,  <27.395769, 37.261814, 34.822056>, 0.130000
	pigment { color rgbt <1,0,0,0> }
	no_shadow
}

// nucleotide -1

// particle -1
sphere {
	<27.971272, 36.894070, 34.806782> 0.250000
	pigment { color rgbt <1,0,0,0> }
	no_shadow
}
cylinder {
	<27.739758, 36.786770, 34.498741>,  <27.600849, 36.722389, 34.313919>, 0.100000
	pigment { color rgbt <1,0,0,0> }
	no_shadow
}
cylinder {
	<27.739758, 36.786770, 34.498741>,  <27.971272, 36.894070, 34.806782>, 0.100000
	pigment { color rgbt <1,0,0,0> }
	no_shadow
}

// particle -1
sphere {
	<27.739758, 36.786770, 34.498741> 0.100000
	pigment { color rgbt <1,0,0,0> }
	no_shadow
}
sphere {
	0, 1
	scale<0.080000,0.200000,0.300000>
	matrix <0.805304, -0.039286, -0.591560,
		0.128429, -0.962549, 0.238757,
		-0.578785, -0.268245, -0.770099,
		27.566122, 36.706295, 34.267712>
	pigment { color rgbt <0,1,1,0> }
	no_shadow
}
cylinder {
	<28.198475, 36.230267, 34.525639>,  <27.971272, 36.894070, 34.806782>, 0.130000
	pigment { color rgbt <1,0,0,0> }
	no_shadow
}

// nucleotide -1

// particle -1
sphere {
	<28.198475, 36.230267, 34.525639> 0.250000
	pigment { color rgbt <1,0,0,0> }
	no_shadow
}
cylinder {
	<28.013695, 36.455280, 34.251366>,  <27.902826, 36.590290, 34.086803>, 0.100000
	pigment { color rgbt <1,0,0,0> }
	no_shadow
}
cylinder {
	<28.013695, 36.455280, 34.251366>,  <28.198475, 36.230267, 34.525639>, 0.100000
	pigment { color rgbt <1,0,0,0> }
	no_shadow
}

// particle -1
sphere {
	<28.013695, 36.455280, 34.251366> 0.100000
	pigment { color rgbt <1,0,0,0> }
	no_shadow
}
sphere {
	0, 1
	scale<0.080000,0.200000,0.300000>
	matrix <0.764372, -0.139588, -0.629484,
		-0.449820, -0.814905, -0.365503,
		-0.461950, 0.562535, -0.685680,
		27.875111, 36.624043, 34.045662>
	pigment { color rgbt <0,1,1,0> }
	no_shadow
}
cylinder {
	<28.408302, 35.906273, 33.877007>,  <28.198475, 36.230267, 34.525639>, 0.130000
	pigment { color rgbt <1,0,0,0> }
	no_shadow
}

// nucleotide -1

// particle -1
sphere {
	<28.408302, 35.906273, 33.877007> 0.250000
	pigment { color rgbt <1,0,0,0> }
	no_shadow
}
cylinder {
	<28.232733, 36.238518, 33.739937>,  <28.127390, 36.437866, 33.657696>, 0.100000
	pigment { color rgbt <1,0,0,0> }
	no_shadow
}
cylinder {
	<28.232733, 36.238518, 33.739937>,  <28.408302, 35.906273, 33.877007>, 0.100000
	pigment { color rgbt <1,0,0,0> }
	no_shadow
}

// particle -1
sphere {
	<28.232733, 36.238518, 33.739937> 0.100000
	pigment { color rgbt <1,0,0,0> }
	no_shadow
}
sphere {
	0, 1
	scale<0.080000,0.200000,0.300000>
	matrix <0.683306, 0.060917, -0.727587,
		-0.583470, -0.553505, -0.594302,
		-0.438926, 0.830615, -0.342670,
		28.101055, 36.487701, 33.637135>
	pigment { color rgbt <0,1,1,0> }
	no_shadow
}
cylinder {
	<28.362011, 35.916588, 33.111382>,  <28.408302, 35.906273, 33.877007>, 0.130000
	pigment { color rgbt <1,0,0,0> }
	no_shadow
}

// nucleotide -1

// particle -1
sphere {
	<28.362011, 35.916588, 33.111382> 0.250000
	pigment { color rgbt <1,0,0,0> }
	no_shadow
}
cylinder {
	<28.376421, 36.290554, 33.252594>,  <28.385067, 36.514935, 33.337322>, 0.100000
	pigment { color rgbt <1,0,0,0> }
	no_shadow
}
cylinder {
	<28.376421, 36.290554, 33.252594>,  <28.362011, 35.916588, 33.111382>, 0.100000
	pigment { color rgbt <1,0,0,0> }
	no_shadow
}

// particle -1
sphere {
	<28.376421, 36.290554, 33.252594> 0.100000
	pigment { color rgbt <1,0,0,0> }
	no_shadow
}
sphere {
	0, 1
	scale<0.080000,0.200000,0.300000>
	matrix <0.801270, 0.184086, -0.569279,
		-0.597217, 0.303379, -0.742491,
		0.036025, 0.934919, 0.353028,
		28.387228, 36.571030, 33.358501>
	pigment { color rgbt <0,1,1,0> }
	no_shadow
}
cylinder {
	<28.937128, 36.246445, 32.783974>,  <28.362011, 35.916588, 33.111382>, 0.130000
	pigment { color rgbt <1,0,0,0> }
	no_shadow
}

// nucleotide -1

// particle -1
sphere {
	<28.937128, 36.246445, 32.783974> 0.250000
	pigment { color rgbt <1,0,0,0> }
	no_shadow
}
cylinder {
	<28.985277, 36.611809, 32.628437>,  <29.014166, 36.831028, 32.535114>, 0.100000
	pigment { color rgbt <1,0,0,0> }
	no_shadow
}
cylinder {
	<28.985277, 36.611809, 32.628437>,  <28.937128, 36.246445, 32.783974>, 0.100000
	pigment { color rgbt <1,0,0,0> }
	no_shadow
}

// particle -1
sphere {
	<28.985277, 36.611809, 32.628437> 0.100000
	pigment { color rgbt <1,0,0,0> }
	no_shadow
}
sphere {
	0, 1
	scale<0.080000,0.200000,0.300000>
	matrix <-0.765375, 0.334842, 0.549619,
		0.632227, 0.231456, 0.739403,
		0.120371, 0.913406, -0.388847,
		29.021389, 36.885830, 32.511784>
	pigment { color rgbt <0,1,1,0> }
	no_shadow
}
cylinder {
	<29.309963, 36.764385, 33.252045>,  <28.937128, 36.246445, 32.783974>, 0.130000
	pigment { color rgbt <1,0,0,0> }
	no_shadow
}

// nucleotide -1

// particle -1
sphere {
	<29.309963, 36.764385, 33.252045> 0.250000
	pigment { color rgbt <1,0,0,0> }
	no_shadow
}
cylinder {
	<29.037941, 36.931778, 33.011246>,  <28.874727, 37.032215, 32.866768>, 0.100000
	pigment { color rgbt <1,0,0,0> }
	no_shadow
}
cylinder {
	<29.037941, 36.931778, 33.011246>,  <29.309963, 36.764385, 33.252045>, 0.100000
	pigment { color rgbt <1,0,0,0> }
	no_shadow
}

// particle -1
sphere {
	<29.037941, 36.931778, 33.011246> 0.100000
	pigment { color rgbt <1,0,0,0> }
	no_shadow
}
sphere {
	0, 1
	scale<0.080000,0.200000,0.300000>
	matrix <-0.666682, -0.011325, 0.745256,
		0.305060, 0.908154, 0.286697,
		-0.680054, 0.418484, -0.601995,
		28.833925, 37.057323, 32.830647>
	pigment { color rgbt <0,1,1,0> }
	no_shadow
}
cylinder {
	<28.873756, 37.126583, 33.754181>,  <29.309963, 36.764385, 33.252045>, 0.130000
	pigment { color rgbt <1,0,0,0> }
	no_shadow
}

// nucleotide -1

// particle -1
sphere {
	<28.873756, 37.126583, 33.754181> 0.250000
	pigment { color rgbt <1,0,0,0> }
	no_shadow
}
cylinder {
	<28.671707, 37.115227, 33.409149>,  <28.550478, 37.108414, 33.202129>, 0.100000
	pigment { color rgbt <1,0,0,0> }
	no_shadow
}
cylinder {
	<28.671707, 37.115227, 33.409149>,  <28.873756, 37.126583, 33.754181>, 0.100000
	pigment { color rgbt <1,0,0,0> }
	no_shadow
}

// particle -1
sphere {
	<28.671707, 37.115227, 33.409149> 0.100000
	pigment { color rgbt <1,0,0,0> }
	no_shadow
}
sphere {
	0, 1
	scale<0.080000,0.200000,0.300000>
	matrix <-0.853771, -0.129707, 0.504234,
		-0.126197, 0.991146, 0.041281,
		-0.505124, -0.028388, -0.862580,
		28.520170, 37.106709, 33.150375>
	pigment { color rgbt <0,1,1,0> }
	no_shadow
}
cylinder {
	<28.244442, 37.656067, 33.577057>,  <28.873756, 37.126583, 33.754181>, 0.130000
	pigment { color rgbt <1,0,0,0> }
	no_shadow
}

// nucleotide -1

// particle -1
sphere {
	<28.244442, 37.656067, 33.577057> 0.250000
	pigment { color rgbt <1,0,0,0> }
	no_shadow
}
cylinder {
	<28.212914, 37.306213, 33.385723>,  <28.193996, 37.096302, 33.270924>, 0.100000
	pigment { color rgbt <1,0,0,0> }
	no_shadow
}
cylinder {
	<28.212914, 37.306213, 33.385723>,  <28.244442, 37.656067, 33.577057>, 0.100000
	pigment { color rgbt <1,0,0,0> }
	no_shadow
}

// particle -1
sphere {
	<28.212914, 37.306213, 33.385723> 0.100000
	pigment { color rgbt <1,0,0,0> }
	no_shadow
}
sphere {
	0, 1
	scale<0.080000,0.200000,0.300000>
	matrix <-0.790849, -0.237259, 0.564151,
		-0.606914, 0.422755, -0.673003,
		-0.078821, -0.874635, -0.478331,
		28.189266, 37.043823, 33.242226>
	pigment { color rgbt <0,1,1,0> }
	no_shadow
}
cylinder {
	<27.583324, 37.595009, 33.173012>,  <28.244442, 37.656067, 33.577057>, 0.130000
	pigment { color rgbt <1,0,0,0> }
	no_shadow
}

// nucleotide -1

// particle -1
sphere {
	<27.583324, 37.595009, 33.173012> 0.250000
	pigment { color rgbt <1,0,0,0> }
	no_shadow
}
cylinder {
	<27.727209, 37.247192, 33.308369>,  <27.813540, 37.038502, 33.389584>, 0.100000
	pigment { color rgbt <1,0,0,0> }
	no_shadow
}
cylinder {
	<27.727209, 37.247192, 33.308369>,  <27.583324, 37.595009, 33.173012>, 0.100000
	pigment { color rgbt <1,0,0,0> }
	no_shadow
}

// particle -1
sphere {
	<27.727209, 37.247192, 33.308369> 0.100000
	pigment { color rgbt <1,0,0,0> }
	no_shadow
}
sphere {
	0, 1
	scale<0.080000,0.200000,0.300000>
	matrix <-0.805683, -0.106537, 0.582688,
		-0.470618, -0.482236, -0.738895,
		0.359713, -0.869539, 0.338391,
		27.835123, 36.986332, 33.409885>
	pigment { color rgbt <0,1,1,0> }
	no_shadow
}
cylinder {
	<27.044859, 37.197678, 33.155563>,  <27.583324, 37.595009, 33.173012>, 0.130000
	pigment { color rgbt <1,0,0,0> }
	no_shadow
}

// nucleotide -1

// particle -1
sphere {
	<27.044859, 37.197678, 33.155563> 0.250000
	pigment { color rgbt <1,0,0,0> }
	no_shadow
}
cylinder {
	<27.304663, 36.987720, 33.375610>,  <27.460545, 36.861748, 33.507637>, 0.100000
	pigment { color rgbt <1,0,0,0> }
	no_shadow
}
cylinder {
	<27.304663, 36.987720, 33.375610>,  <27.044859, 37.197678, 33.155563>, 0.100000
	pigment { color rgbt <1,0,0,0> }
	no_shadow
}

// particle -1
sphere {
	<27.304663, 36.987720, 33.375610> 0.100000
	pigment { color rgbt <1,0,0,0> }
	no_shadow
}
sphere {
	0, 1
	scale<0.080000,0.200000,0.300000>
	matrix <-0.749583, -0.320683, 0.579040,
		-0.127516, -0.788452, -0.601733,
		0.649511, -0.524886, 0.550118,
		27.499516, 36.830254, 33.540646>
	pigment { color rgbt <0,1,1,0> }
	no_shadow
}
cylinder {
	<26.793709, 36.499481, 33.284115>,  <27.044859, 37.197678, 33.155563>, 0.130000
	pigment { color rgbt <1,0,0,0> }
	no_shadow
}

// nucleotide -1

// particle -1
sphere {
	<26.793709, 36.499481, 33.284115> 0.250000
	pigment { color rgbt <1,0,0,0> }
	no_shadow
}
cylinder {
	<27.060129, 36.526722, 33.581230>,  <27.219980, 36.543064, 33.759499>, 0.100000
	pigment { color rgbt <1,0,0,0> }
	no_shadow
}
cylinder {
	<27.060129, 36.526722, 33.581230>,  <26.793709, 36.499481, 33.284115>, 0.100000
	pigment { color rgbt <1,0,0,0> }
	no_shadow
}

// particle -1
sphere {
	<27.060129, 36.526722, 33.581230> 0.100000
	pigment { color rgbt <1,0,0,0> }
	no_shadow
}
sphere {
	0, 1
	scale<0.080000,0.200000,0.300000>
	matrix <-0.627121, -0.488038, 0.607073,
		0.403853, -0.870161, -0.282351,
		0.666049, 0.068099, 0.742792,
		27.259945, 36.547153, 33.804070>
	pigment { color rgbt <0,1,1,0> }
	no_shadow
}
cylinder {
	<26.906710, 35.823784, 33.554928>,  <26.793709, 36.499481, 33.284115>, 0.130000
	pigment { color rgbt <1,0,0,0> }
	no_shadow
}

// nucleotide -1

// particle -1
sphere {
	<26.906710, 35.823784, 33.554928> 0.250000
	pigment { color rgbt <1,0,0,0> }
	no_shadow
}
cylinder {
	<26.962563, 36.088818, 33.849270>,  <26.996075, 36.247837, 34.025875>, 0.100000
	pigment { color rgbt <1,0,0,0> }
	no_shadow
}
cylinder {
	<26.962563, 36.088818, 33.849270>,  <26.906710, 35.823784, 33.554928>, 0.100000
	pigment { color rgbt <1,0,0,0> }
	no_shadow
}

// particle -1
sphere {
	<26.962563, 36.088818, 33.849270> 0.100000
	pigment { color rgbt <1,0,0,0> }
	no_shadow
}
sphere {
	0, 1
	scale<0.080000,0.200000,0.300000>
	matrix <-0.777911, -0.386395, 0.495533,
		0.612664, -0.641623, 0.461479,
		0.139633, 0.662585, 0.735856,
		27.004452, 36.287594, 34.070026>
	pigment { color rgbt <0,1,1,0> }
	no_shadow
}
cylinder {
	<26.996237, 35.530090, 34.269062>,  <26.906710, 35.823784, 33.554928>, 0.130000
	pigment { color rgbt <1,0,0,0> }
	no_shadow
}

// nucleotide -1

// particle -1
sphere {
	<26.996237, 35.530090, 34.269062> 0.250000
	pigment { color rgbt <1,0,0,0> }
	no_shadow
}
cylinder {
	<26.826355, 35.892162, 34.262527>,  <26.724426, 36.109406, 34.258606>, 0.100000
	pigment { color rgbt <1,0,0,0> }
	no_shadow
}
cylinder {
	<26.826355, 35.892162, 34.262527>,  <26.996237, 35.530090, 34.269062>, 0.100000
	pigment { color rgbt <1,0,0,0> }
	no_shadow
}

// particle -1
sphere {
	<26.826355, 35.892162, 34.262527> 0.100000
	pigment { color rgbt <1,0,0,0> }
	no_shadow
}
sphere {
	0, 1
	scale<0.080000,0.200000,0.300000>
	matrix <-0.835005, -0.384675, 0.393437,
		0.349847, 0.180738, 0.919206,
		-0.424705, 0.905185, -0.016340,
		26.698944, 36.163719, 34.257626>
	pigment { color rgbt <0,1,1,0> }
	no_shadow
}
cylinder {
	<26.914900, 35.680317, 34.886131>,  <26.996237, 35.530090, 34.269062>, 0.130000
	pigment { color rgbt <1,0,0,0> }
	no_shadow
}

// nucleotide -1

// particle -1
sphere {
	<26.914900, 35.680317, 34.886131> 0.250000
	pigment { color rgbt <1,0,0,0> }
	no_shadow
}
cylinder {
	<26.646673, 35.910397, 34.698734>,  <26.485737, 36.048443, 34.586296>, 0.100000
	pigment { color rgbt <1,0,0,0> }
	no_shadow
}
cylinder {
	<26.646673, 35.910397, 34.698734>,  <26.914900, 35.680317, 34.886131>, 0.100000
	pigment { color rgbt <1,0,0,0> }
	no_shadow
}

// particle -1
sphere {
	<26.646673, 35.910397, 34.698734> 0.100000
	pigment { color rgbt <1,0,0,0> }
	no_shadow
}
sphere {
	0, 1
	scale<0.080000,0.200000,0.300000>
	matrix <-0.704926, -0.297289, 0.643972,
		0.231133, 0.762080, 0.604824,
		-0.670565, 0.575199, -0.468497,
		26.445503, 36.082954, 34.558186>
	pigment { color rgbt <0,1,1,0> }
	no_shadow
}
cylinder {
	<26.400040, 35.679832, 35.381760>,  <26.914900, 35.680317, 34.886131>, 0.130000
	pigment { color rgbt <1,0,0,0> }
	no_shadow
}

// nucleotide -1

// particle -1
sphere {
	<26.400040, 35.679832, 35.381760> 0.250000
	pigment { color rgbt <1,0,0,0> }
	no_shadow
}
cylinder {
	<26.223560, 35.824581, 35.053276>,  <26.117672, 35.911430, 34.856186>, 0.100000
	pigment { color rgbt <1,0,0,0> }
	no_shadow
}
cylinder {
	<26.223560, 35.824581, 35.053276>,  <26.400040, 35.679832, 35.381760>, 0.100000
	pigment { color rgbt <1,0,0,0> }
	no_shadow
}

// particle -1
sphere {
	<26.223560, 35.824581, 35.053276> 0.100000
	pigment { color rgbt <1,0,0,0> }
	no_shadow
}
sphere {
	0, 1
	scale<0.080000,0.200000,0.300000>
	matrix <-0.886143, -0.320224, 0.334973,
		-0.141754, 0.875502, 0.461953,
		-0.441198, 0.361873, -0.821214,
		26.091200, 35.933144, 34.806911>
	pigment { color rgbt <0,1,1,0> }
	no_shadow
}
cylinder {
	<26.618694, 35.764160, 36.106087>,  <26.400040, 35.679832, 35.381760>, 0.130000
	pigment { color rgbt <1,0,0,0> }
	no_shadow
}

// nucleotide -1

// particle -1
sphere {
	<26.618694, 35.764160, 36.106087> 0.250000
	pigment { color rgbt <1,0,0,0> }
	no_shadow
}
cylinder {
	<26.756399, 35.388641, 36.101379>,  <26.839022, 35.163330, 36.098557>, 0.100000
	pigment { color rgbt <1,0,0,0> }
	no_shadow
}
cylinder {
	<26.756399, 35.388641, 36.101379>,  <26.618694, 35.764160, 36.106087>, 0.100000
	pigment { color rgbt <1,0,0,0> }
	no_shadow
}

// particle -1
sphere {
	<26.756399, 35.388641, 36.101379> 0.100000
	pigment { color rgbt <1,0,0,0> }
	no_shadow
}
sphere {
	0, 1
	scale<0.080000,0.200000,0.300000>
	matrix <-0.169319, -0.074410, 0.982748,
		-0.923480, -0.336330, -0.184573,
		0.344262, -0.938800, -0.011769,
		26.859678, 35.107002, 36.097847>
	pigment { color rgbt <0,1,1,0> }
	no_shadow
}
cylinder {
	<26.117668, 35.259979, 36.410244>,  <26.618694, 35.764160, 36.106087>, 0.130000
	pigment { color rgbt <1,0,0,0> }
	no_shadow
}

// nucleotide -1

// particle -1
sphere {
	<26.117668, 35.259979, 36.410244> 0.250000
	pigment { color rgbt <1,0,0,0> }
	no_shadow
}
cylinder {
	<26.487394, 35.110950, 36.443291>,  <26.709230, 35.021534, 36.463120>, 0.100000
	pigment { color rgbt <1,0,0,0> }
	no_shadow
}
cylinder {
	<26.487394, 35.110950, 36.443291>,  <26.117668, 35.259979, 36.410244>, 0.100000
	pigment { color rgbt <1,0,0,0> }
	no_shadow
}

// particle -1
sphere {
	<26.487394, 35.110950, 36.443291> 0.100000
	pigment { color rgbt <1,0,0,0> }
	no_shadow
}
sphere {
	0, 1
	scale<0.080000,0.200000,0.300000>
	matrix <-0.157098, -0.174180, 0.972102,
		-0.347790, -0.911509, -0.219529,
		0.924317, -0.372575, 0.082618,
		26.764690, 34.999180, 36.468075>
	pigment { color rgbt <0,1,1,0> }
	no_shadow
}
cylinder {
	<25.952942, 34.712673, 36.847736>,  <26.117668, 35.259979, 36.410244>, 0.130000
	pigment { color rgbt <1,0,0,0> }
	no_shadow
}

// nucleotide -1

// particle -1
sphere {
	<25.952942, 34.712673, 36.847736> 0.250000
	pigment { color rgbt <1,0,0,0> }
	no_shadow
}
cylinder {
	<26.351305, 34.720879, 36.812531>,  <26.590322, 34.725803, 36.791409>, 0.100000
	pigment { color rgbt <1,0,0,0> }
	no_shadow
}
cylinder {
	<26.351305, 34.720879, 36.812531>,  <25.952942, 34.712673, 36.847736>, 0.100000
	pigment { color rgbt <1,0,0,0> }
	no_shadow
}

// particle -1
sphere {
	<26.351305, 34.720879, 36.812531> 0.100000
	pigment { color rgbt <1,0,0,0> }
	no_shadow
}
sphere {
	0, 1
	scale<0.080000,0.200000,0.300000>
	matrix <0.089148, -0.382556, 0.919622,
		-0.014804, -0.923705, -0.382819,
		0.995908, 0.020513, -0.088010,
		26.650078, 34.727032, 36.786129>
	pigment { color rgbt <0,1,1,0> }
	no_shadow
}
cylinder {
	<26.194059, 34.046932, 36.966434>,  <25.952942, 34.712673, 36.847736>, 0.130000
	pigment { color rgbt <1,0,0,0> }
	no_shadow
}

// nucleotide -1

// particle -1
sphere {
	<26.194059, 34.046932, 36.966434> 0.250000
	pigment { color rgbt <1,0,0,0> }
	no_shadow
}
cylinder {
	<26.464933, 34.324570, 37.064129>,  <26.627459, 34.491154, 37.122746>, 0.100000
	pigment { color rgbt <1,0,0,0> }
	no_shadow
}
cylinder {
	<26.464933, 34.324570, 37.064129>,  <26.194059, 34.046932, 36.966434>, 0.100000
	pigment { color rgbt <1,0,0,0> }
	no_shadow
}

// particle -1
sphere {
	<26.464933, 34.324570, 37.064129> 0.100000
	pigment { color rgbt <1,0,0,0> }
	no_shadow
}
sphere {
	0, 1
	scale<0.080000,0.200000,0.300000>
	matrix <0.023591, -0.352242, 0.935612,
		0.735434, -0.627821, -0.254907,
		0.677186, 0.694094, 0.244240,
		26.668089, 34.532799, 37.137402>
	pigment { color rgbt <0,1,1,0> }
	no_shadow
}
cylinder {
	<26.343060, 34.117420, 37.658154>,  <26.194059, 34.046932, 36.966434>, 0.130000
	pigment { color rgbt <1,0,0,0> }
	no_shadow
}

// nucleotide -1

// particle -1
sphere {
	<26.343060, 34.117420, 37.658154> 0.250000
	pigment { color rgbt <1,0,0,0> }
	no_shadow
}
cylinder {
	<26.421585, 34.457607, 37.853363>,  <26.468700, 34.661720, 37.970490>, 0.100000
	pigment { color rgbt <1,0,0,0> }
	no_shadow
}
cylinder {
	<26.421585, 34.457607, 37.853363>,  <26.343060, 34.117420, 37.658154>, 0.100000
	pigment { color rgbt <1,0,0,0> }
	no_shadow
}

// particle -1
sphere {
	<26.421585, 34.457607, 37.853363> 0.100000
	pigment { color rgbt <1,0,0,0> }
	no_shadow
}
sphere {
	0, 1
	scale<0.080000,0.200000,0.300000>
	matrix <0.762484, -0.445334, 0.469358,
		0.616506, 0.279966, -0.735894,
		0.196314, 0.850469, 0.488021,
		26.480478, 34.712749, 37.999767>
	pigment { color rgbt <0,1,1,0> }
	no_shadow
}
cylinder {
	<26.636026, 33.333576, 37.923203>,  <26.343060, 34.117420, 37.658154>, 0.130000
	pigment { color rgbt <1,0,0,0> }
	no_shadow
}

// nucleotide -1

// particle -1
sphere {
	<26.636026, 33.333576, 37.923203> 0.250000
	pigment { color rgbt <1,0,0,0> }
	no_shadow
}
cylinder {
	<26.630955, 32.933609, 37.922958>,  <26.627913, 32.693630, 37.922810>, 0.100000
	pigment { color rgbt <1,0,0,0> }
	no_shadow
}
cylinder {
	<26.630955, 32.933609, 37.922958>,  <26.636026, 33.333576, 37.923203>, 0.100000
	pigment { color rgbt <1,0,0,0> }
	no_shadow
}

// particle -1
sphere {
	<26.630955, 32.933609, 37.922958> 0.100000
	pigment { color rgbt <1,0,0,0> }
	no_shadow
}
sphere {
	0, 1
	scale<0.080000,0.200000,0.300000>
	matrix <-0.914325, 0.011345, 0.404823,
		-0.404783, 0.005696, -0.914395,
		-0.012680, -0.999919, -0.000615,
		26.627151, 32.633633, 37.922775>
	pigment { color rgbt <0,1,1,0> }
	no_shadow
}
cylinder {
	<26.871819, 33.510094, 37.230892>,  <26.636026, 33.333576, 37.923203>, 0.130000
	pigment { color rgbt <1,0,0,0> }
	no_shadow
}

// nucleotide -1

// particle -1
sphere {
	<26.871819, 33.510094, 37.230892> 0.250000
	pigment { color rgbt <1,0,0,0> }
	no_shadow
}
cylinder {
	<26.981476, 33.894691, 37.223217>,  <27.047270, 34.125450, 37.218613>, 0.100000
	pigment { color rgbt <1,0,0,0> }
	no_shadow
}
cylinder {
	<26.981476, 33.894691, 37.223217>,  <26.871819, 33.510094, 37.230892>, 0.100000
	pigment { color rgbt <1,0,0,0> }
	no_shadow
}

// particle -1
sphere {
	<26.981476, 33.894691, 37.223217> 0.100000
	pigment { color rgbt <1,0,0,0> }
	no_shadow
}
sphere {
	0, 1
	scale<0.080000,0.200000,0.300000>
	matrix <-0.305039, 0.105860, 0.946438,
		0.912029, -0.253605, 0.322315,
		0.274142, 0.961498, -0.019188,
		27.063719, 34.183140, 37.217461>
	pigment { color rgbt <0,1,1,0> }
	no_shadow
}
cylinder {
	<27.531597, 33.669956, 37.741131>,  <26.871819, 33.510094, 37.230892>, 0.130000
	pigment { color rgbt <1,0,0,0> }
	no_shadow
}

// nucleotide -1

// particle -1
sphere {
	<27.531597, 33.669956, 37.741131> 0.250000
	pigment { color rgbt <1,0,0,0> }
	no_shadow
}
cylinder {
	<27.271614, 33.967541, 37.679066>,  <27.115625, 34.146091, 37.641827>, 0.100000
	pigment { color rgbt <1,0,0,0> }
	no_shadow
}
cylinder {
	<27.271614, 33.967541, 37.679066>,  <27.531597, 33.669956, 37.741131>, 0.100000
	pigment { color rgbt <1,0,0,0> }
	no_shadow
}

// particle -1
sphere {
	<27.271614, 33.967541, 37.679066> 0.100000
	pigment { color rgbt <1,0,0,0> }
	no_shadow
}
sphere {
	0, 1
	scale<0.080000,0.200000,0.300000>
	matrix <-0.163313, 0.062664, 0.984582,
		0.742217, 0.665275, 0.080770,
		-0.649956, 0.743964, -0.155158,
		27.076628, 34.190731, 37.632519>
	pigment { color rgbt <0,1,1,0> }
	no_shadow
}
cylinder {
	<27.434448, 34.079109, 38.342678>,  <27.531597, 33.669956, 37.741131>, 0.130000
	pigment { color rgbt <1,0,0,0> }
	no_shadow
}

// nucleotide -1

// particle -1
sphere {
	<27.434448, 34.079109, 38.342678> 0.250000
	pigment { color rgbt <1,0,0,0> }
	no_shadow
}
cylinder {
	<27.090721, 34.189651, 38.170536>,  <26.884485, 34.255978, 38.067253>, 0.100000
	pigment { color rgbt <1,0,0,0> }
	no_shadow
}
cylinder {
	<27.090721, 34.189651, 38.170536>,  <27.434448, 34.079109, 38.342678>, 0.100000
	pigment { color rgbt <1,0,0,0> }
	no_shadow
}

// particle -1
sphere {
	<27.090721, 34.189651, 38.170536> 0.100000
	pigment { color rgbt <1,0,0,0> }
	no_shadow
}
sphere {
	0, 1
	scale<0.080000,0.200000,0.300000>
	matrix <-0.373705, 0.235191, 0.897234,
		0.349171, 0.931833, -0.098828,
		-0.859316, 0.276356, -0.430353,
		26.832926, 34.272560, 38.041431>
	pigment { color rgbt <0,1,1,0> }
	no_shadow
}
cylinder {
	<27.299875, 34.802505, 38.473366>,  <27.434448, 34.079109, 38.342678>, 0.130000
	pigment { color rgbt <1,0,0,0> }
	no_shadow
}

// nucleotide -1

// particle -1
sphere {
	<27.299875, 34.802505, 38.473366> 0.250000
	pigment { color rgbt <1,0,0,0> }
	no_shadow
}
cylinder {
	<26.989660, 34.555851, 38.419254>,  <26.803532, 34.407856, 38.386787>, 0.100000
	pigment { color rgbt <1,0,0,0> }
	no_shadow
}
cylinder {
	<26.989660, 34.555851, 38.419254>,  <27.299875, 34.802505, 38.473366>, 0.100000
	pigment { color rgbt <1,0,0,0> }
	no_shadow
}

// particle -1
sphere {
	<26.989660, 34.555851, 38.419254> 0.100000
	pigment { color rgbt <1,0,0,0> }
	no_shadow
}
sphere {
	0, 1
	scale<0.080000,0.200000,0.300000>
	matrix <-0.299455, 0.170686, 0.938719,
		-0.555762, 0.768519, -0.317029,
		-0.775536, -0.616640, -0.135276,
		26.757000, 34.370857, 38.378670>
	pigment { color rgbt <0,1,1,0> }
	no_shadow
}
cylinder {
	<26.630878, 35.086094, 38.688499>,  <27.299875, 34.802505, 38.473366>, 0.130000
	pigment { color rgbt <1,0,0,0> }
	no_shadow
}

// nucleotide -1

// particle -1
sphere {
	<26.630878, 35.086094, 38.688499> 0.250000
	pigment { color rgbt <1,0,0,0> }
	no_shadow
}
cylinder {
	<26.645153, 34.688251, 38.727451>,  <26.653717, 34.449547, 38.750820>, 0.100000
	pigment { color rgbt <1,0,0,0> }
	no_shadow
}
cylinder {
	<26.645153, 34.688251, 38.727451>,  <26.630878, 35.086094, 38.688499>, 0.100000
	pigment { color rgbt <1,0,0,0> }
	no_shadow
}

// particle -1
sphere {
	<26.645153, 34.688251, 38.727451> 0.100000
	pigment { color rgbt <1,0,0,0> }
	no_shadow
}
sphere {
	0, 1
	scale<0.080000,0.200000,0.300000>
	matrix <-0.494464, 0.067104, 0.866604,
		-0.868465, -0.079074, -0.489403,
		0.035685, -0.994608, 0.097377,
		26.655859, 34.389870, 38.756664>
	pigment { color rgbt <0,1,1,0> }
	no_shadow
}
cylinder {
	<25.966667, 34.712490, 38.867916>,  <26.630878, 35.086094, 38.688499>, 0.130000
	pigment { color rgbt <1,0,0,0> }
	no_shadow
}

// nucleotide -1

// particle -1
sphere {
	<25.966667, 34.712490, 38.867916> 0.250000
	pigment { color rgbt <1,0,0,0> }
	no_shadow
}
cylinder {
	<26.256044, 34.472702, 39.004898>,  <26.429670, 34.328831, 39.087086>, 0.100000
	pigment { color rgbt <1,0,0,0> }
	no_shadow
}
cylinder {
	<26.256044, 34.472702, 39.004898>,  <25.966667, 34.712490, 38.867916>, 0.100000
	pigment { color rgbt <1,0,0,0> }
	no_shadow
}

// particle -1
sphere {
	<26.256044, 34.472702, 39.004898> 0.100000
	pigment { color rgbt <1,0,0,0> }
	no_shadow
}
sphere {
	0, 1
	scale<0.080000,0.200000,0.300000>
	matrix <-0.467576, -0.060490, 0.881881,
		-0.507943, -0.798111, -0.324057,
		0.723441, -0.599467, 0.342452,
		26.473076, 34.292862, 39.107635>
	pigment { color rgbt <0,1,1,0> }
	no_shadow
}
cylinder {
	<26.004566, 34.634258, 38.107838>,  <25.966667, 34.712490, 38.867916>, 0.130000
	pigment { color rgbt <1,0,0,0> }
	no_shadow
}

// nucleotide -1

// particle -1
sphere {
	<26.004566, 34.634258, 38.107838> 0.250000
	pigment { color rgbt <1,0,0,0> }
	no_shadow
}
cylinder {
	<26.404434, 34.625462, 38.102486>,  <26.644354, 34.620186, 38.099274>, 0.100000
	pigment { color rgbt <1,0,0,0> }
	no_shadow
}
cylinder {
	<26.404434, 34.625462, 38.102486>,  <26.004566, 34.634258, 38.107838>, 0.100000
	pigment { color rgbt <1,0,0,0> }
	no_shadow
}

// particle -1
sphere {
	<26.404434, 34.625462, 38.102486> 0.100000
	pigment { color rgbt <1,0,0,0> }
	no_shadow
}
sphere {
	0, 1
	scale<0.080000,0.200000,0.300000>
	matrix <-0.014020, -0.029285, -0.999473,
		0.021584, 0.999329, -0.029584,
		0.999669, -0.021988, -0.013379,
		26.704334, 34.618866, 38.098473>
	pigment { color rgbt <0,1,1,0> }
	no_shadow
}
cylinder {
	<26.174492, 35.123684, 37.542130>,  <26.004566, 34.634258, 38.107838>, 0.130000
	pigment { color rgbt <1,0,0,0> }
	no_shadow
}

// nucleotide -1

// particle -1
sphere {
	<26.174492, 35.123684, 37.542130> 0.250000
	pigment { color rgbt <1,0,0,0> }
	no_shadow
}
cylinder {
	<26.450279, 34.835537, 37.572330>,  <26.615751, 34.662647, 37.590450>, 0.100000
	pigment { color rgbt <1,0,0,0> }
	no_shadow
}
cylinder {
	<26.450279, 34.835537, 37.572330>,  <26.174492, 35.123684, 37.542130>, 0.100000
	pigment { color rgbt <1,0,0,0> }
	no_shadow
}

// particle -1
sphere {
	<26.450279, 34.835537, 37.572330> 0.100000
	pigment { color rgbt <1,0,0,0> }
	no_shadow
}
sphere {
	0, 1
	scale<0.080000,0.200000,0.300000>
	matrix <0.076529, -0.031211, -0.996579,
		0.720260, 0.692890, 0.033610,
		0.689470, -0.720368, 0.075506,
		26.657120, 34.619427, 37.594982>
	pigment { color rgbt <0,1,1,0> }
	no_shadow
}
cylinder {
	<26.844427, 35.391586, 37.766781>,  <26.174492, 35.123684, 37.542130>, 0.130000
	pigment { color rgbt <1,0,0,0> }
	no_shadow
}

// nucleotide -1

// particle -1
sphere {
	<26.844427, 35.391586, 37.766781> 0.250000
	pigment { color rgbt <1,0,0,0> }
	no_shadow
}
cylinder {
	<26.987177, 35.020691, 37.721390>,  <27.072826, 34.798153, 37.694157>, 0.100000
	pigment { color rgbt <1,0,0,0> }
	no_shadow
}
cylinder {
	<26.987177, 35.020691, 37.721390>,  <26.844427, 35.391586, 37.766781>, 0.100000
	pigment { color rgbt <1,0,0,0> }
	no_shadow
}

// particle -1
sphere {
	<26.987177, 35.020691, 37.721390> 0.100000
	pigment { color rgbt <1,0,0,0> }
	no_shadow
}
sphere {
	0, 1
	scale<0.080000,0.200000,0.300000>
	matrix <0.252425, 0.212675, -0.943955,
		0.899400, 0.308231, 0.309956,
		0.356876, -0.927234, -0.113475,
		27.094240, 34.742519, 37.687347>
	pigment { color rgbt <0,1,1,0> }
	no_shadow
}
cylinder {
	<27.431198, 35.443943, 37.483166>,  <26.844427, 35.391586, 37.766781>, 0.130000
	pigment { color rgbt <1,0,0,0> }
	no_shadow
}

// nucleotide -1

// particle -1
sphere {
	<27.431198, 35.443943, 37.483166> 0.250000
	pigment { color rgbt <1,0,0,0> }
	no_shadow
}
cylinder {
	<27.302937, 35.084488, 37.363411>,  <27.225981, 34.868816, 37.291557>, 0.100000
	pigment { color rgbt <1,0,0,0> }
	no_shadow
}
cylinder {
	<27.302937, 35.084488, 37.363411>,  <27.431198, 35.443943, 37.483166>, 0.100000
	pigment { color rgbt <1,0,0,0> }
	no_shadow
}

// particle -1
sphere {
	<27.302937, 35.084488, 37.363411> 0.100000
	pigment { color rgbt <1,0,0,0> }
	no_shadow
}
sphere {
	0, 1
	scale<0.080000,0.200000,0.300000>
	matrix <0.288311, 0.208482, -0.934565,
		0.902252, -0.385988, 0.192236,
		-0.320653, -0.898637, -0.299388,
		27.206741, 34.814896, 37.273594>
	pigment { color rgbt <0,1,1,0> }
	no_shadow
}
cylinder {
	<27.923536, 34.949997, 37.056095>,  <27.431198, 35.443943, 37.483166>, 0.130000
	pigment { color rgbt <1,0,0,0> }
	no_shadow
}

// nucleotide -1

// particle -1
sphere {
	<27.923536, 34.949997, 37.056095> 0.250000
	pigment { color rgbt <1,0,0,0> }
	no_shadow
}
cylinder {
	<27.548037, 34.837189, 36.976887>,  <27.322737, 34.769505, 36.929363>, 0.100000
	pigment { color rgbt <1,0,0,0> }
	no_shadow
}
cylinder {
	<27.548037, 34.837189, 36.976887>,  <27.923536, 34.949997, 37.056095>, 0.100000
	pigment { color rgbt <1,0,0,0> }
	no_shadow
}

// particle -1
sphere {
	<27.548037, 34.837189, 36.976887> 0.100000
	pigment { color rgbt <1,0,0,0> }
	no_shadow
}
sphere {
	0, 1
	scale<0.080000,0.200000,0.300000>
	matrix <0.214724, -0.029285, -0.976236,
		0.269522, -0.958961, 0.088049,
		-0.938750, -0.282023, -0.198019,
		27.266411, 34.752583, 36.917480>
	pigment { color rgbt <0,1,1,0> }
	no_shadow
}
cylinder {
	<27.993910, 34.580471, 36.481121>,  <27.923536, 34.949997, 37.056095>, 0.130000
	pigment { color rgbt <1,0,0,0> }
	no_shadow
}

// nucleotide -1

// particle -1
sphere {
	<27.993910, 34.580471, 36.481121> 0.250000
	pigment { color rgbt <1,0,0,0> }
	no_shadow
}
cylinder {
	<27.620922, 34.724567, 36.491898>,  <27.397129, 34.811028, 36.498363>, 0.100000
	pigment { color rgbt <1,0,0,0> }
	no_shadow
}
cylinder {
	<27.620922, 34.724567, 36.491898>,  <27.993910, 34.580471, 36.481121>, 0.100000
	pigment { color rgbt <1,0,0,0> }
	no_shadow
}

// particle -1
sphere {
	<27.620922, 34.724567, 36.491898> 0.100000
	pigment { color rgbt <1,0,0,0> }
	no_shadow
}
sphere {
	0, 1
	scale<0.080000,0.200000,0.300000>
	matrix <0.062589, 0.234567, -0.970083,
		-0.355786, -0.902886, -0.241274,
		-0.932469, 0.360243, 0.026945,
		27.341181, 34.832642, 36.499981>
	pigment { color rgbt <0,1,1,0> }
	no_shadow
}
cylinder {
	<27.584627, 34.370468, 35.913239>,  <27.993910, 34.580471, 36.481121>, 0.130000
	pigment { color rgbt <1,0,0,0> }
	no_shadow
}

// nucleotide -1

// particle -1
sphere {
	<27.584627, 34.370468, 35.913239> 0.250000
	pigment { color rgbt <1,0,0,0> }
	no_shadow
}
cylinder {
	<27.414736, 34.725357, 35.985283>,  <27.312801, 34.938290, 36.028511>, 0.100000
	pigment { color rgbt <1,0,0,0> }
	no_shadow
}
cylinder {
	<27.414736, 34.725357, 35.985283>,  <27.584627, 34.370468, 35.913239>, 0.100000
	pigment { color rgbt <1,0,0,0> }
	no_shadow
}

// particle -1
sphere {
	<27.414736, 34.725357, 35.985283> 0.100000
	pigment { color rgbt <1,0,0,0> }
	no_shadow
}
sphere {
	0, 1
	scale<0.080000,0.200000,0.300000>
	matrix <0.096157, 0.242036, -0.965491,
		-0.900199, -0.392753, -0.188112,
		-0.424729, 0.887222, 0.180115,
		27.287317, 34.991524, 36.039318>
	pigment { color rgbt <0,1,1,0> }
	no_shadow
}
cylinder {
	<27.087849, 34.429901, 35.530354>,  <27.584627, 34.370468, 35.913239>, 0.130000
	pigment { color rgbt <1,0,0,0> }
	no_shadow
}

// nucleotide -1

// particle -1
sphere {
	<27.087849, 34.429901, 35.530354> 0.250000
	pigment { color rgbt <1,0,0,0> }
	no_shadow
}
cylinder {
	<27.270405, 34.773197, 35.624275>,  <27.379938, 34.979176, 35.680630>, 0.100000
	pigment { color rgbt <1,0,0,0> }
	no_shadow
}
cylinder {
	<27.270405, 34.773197, 35.624275>,  <27.087849, 34.429901, 35.530354>, 0.100000
	pigment { color rgbt <1,0,0,0> }
	no_shadow
}

// particle -1
sphere {
	<27.270405, 34.773197, 35.624275> 0.100000
	pigment { color rgbt <1,0,0,0> }
	no_shadow
}
sphere {
	0, 1
	scale<0.080000,0.200000,0.300000>
	matrix <0.075566, 0.225549, -0.971297,
