// switches for output
#declare DRAW_BASES = 1; // possible values are 0, 1; only relevant for DNA ribbons
#declare DRAW_BASES_TYPE = 3; // possible values are 1, 2, 3; only relevant for DNA ribbons
#declare DRAW_FOG = 0; // set to 1 to enable fog

#include "colors.inc"

#include "transforms.inc"
background { rgb <1, 1, 1>}

#default {
   normal{
       ripples 0.25
       frequency 0.20
       turbulence 0.2
       lambda 5
   }
	finish {
		phong 0.1
		phong_size 40.
	}
}

// original window dimensions: 1024x640


// camera settings

camera {
	sky <0, 0.179814, -0.983701>
	up <0, 0.179814, -0.983701>
	right 1.6 * <1, 0, 0>
	location <35, 94.9851, 44.8844>
	look_at <35, 29.7336, 32.9568>
	direction <0, -65.2515, -11.9276>
	angle 67.0682
}


# declare cpy_camera_pos = <35, 94.9851, 44.8844>;
# if (DRAW_FOG = 1)
fog {
	fog_type 2
	up vnormalize(cpy_camera_pos)
	color rgbt<1,1,1,0.3>
	distance 1e-5
	fog_alt 3e-3
	fog_offset 56
}
# end


// LIGHTS

# declare lum = 6;
global_settings {
	ambient_light rgb lum * <0.05, 0.05, 0.05>
	max_trace_level 15
}# declare cpy_direct_light_amount = 0.25;
light_source
{	1000 * <-1, -1.16352, -0.803886>,
	rgb lum * cpy_direct_light_amount
	parallel
}

light_source
{	1000 * <1, 1.16352, 0.803886>,
	rgb lum * cpy_direct_light_amount
	parallel
}

// strand 0

// nucleotide -1

// particle -1
sphere {
	<24.088514, 35.021080, 35.316067> 0.250000
	pigment { color rgbt <1,0,0,0> }
	no_shadow
}
cylinder {
	<24.263866, 34.994766, 34.957516>,  <24.369078, 34.978977, 34.742386>, 0.100000
	pigment { color rgbt <1,0,0,0> }
	no_shadow
}
cylinder {
	<24.263866, 34.994766, 34.957516>,  <24.088514, 35.021080, 35.316067>, 0.100000
	pigment { color rgbt <1,0,0,0> }
	no_shadow
}

// particle -1
sphere {
	<24.263866, 34.994766, 34.957516> 0.100000
	pigment { color rgbt <1,0,0,0> }
	no_shadow
}
sphere {
	0, 1
	scale<0.080000,0.200000,0.300000>
	matrix <0.868139, 0.289218, 0.403345,
		0.232716, -0.955000, 0.183895,
		0.438381, -0.065782, -0.896379,
		24.395380, 34.975033, 34.688602>
	pigment { color rgbt <0,1,1,0> }
	no_shadow
}
cylinder {
	<24.694006, 34.552334, 35.491245>,  <24.088514, 35.021080, 35.316067>, 0.130000
	pigment { color rgbt <1,0,0,0> }
	no_shadow
}

// nucleotide -1

// particle -1
sphere {
	<24.694006, 34.552334, 35.491245> 0.250000
	pigment { color rgbt <1,0,0,0> }
	no_shadow
}
cylinder {
	<24.734350, 34.804214, 35.183140>,  <24.758556, 34.955341, 34.998276>, 0.100000
	pigment { color rgbt <1,0,0,0> }
	no_shadow
}
cylinder {
	<24.734350, 34.804214, 35.183140>,  <24.694006, 34.552334, 35.491245>, 0.100000
	pigment { color rgbt <1,0,0,0> }
	no_shadow
}

// particle -1
sphere {
	<24.734350, 34.804214, 35.183140> 0.100000
	pigment { color rgbt <1,0,0,0> }
	no_shadow
}
sphere {
	0, 1
	scale<0.080000,0.200000,0.300000>
	matrix <0.913322, 0.248426, 0.322687,
		0.394550, -0.736044, -0.550063,
		0.100862, 0.629701, -0.770262,
		24.764608, 34.993126, 34.952061>
	pigment { color rgbt <0,1,1,0> }
	no_shadow
}
cylinder {
	<25.310612, 34.383579, 34.959953>,  <24.694006, 34.552334, 35.491245>, 0.130000
	pigment { color rgbt <1,0,0,0> }
	no_shadow
}

// nucleotide -1

// particle -1
sphere {
	<25.310612, 34.383579, 34.959953> 0.250000
	pigment { color rgbt <1,0,0,0> }
	no_shadow
}
cylinder {
	<25.209394, 34.768532, 34.999542>,  <25.148664, 34.999504, 35.023296>, 0.100000
	pigment { color rgbt <1,0,0,0> }
	no_shadow
}
cylinder {
	<25.209394, 34.768532, 34.999542>,  <25.310612, 34.383579, 34.959953>, 0.100000
	pigment { color rgbt <1,0,0,0> }
	no_shadow
}

// particle -1
sphere {
	<25.209394, 34.768532, 34.999542> 0.100000
	pigment { color rgbt <1,0,0,0> }
	no_shadow
}
sphere {
	0, 1
	scale<0.080000,0.200000,0.300000>
	matrix <0.913863, 0.204196, 0.350940,
		0.317529, 0.179247, -0.931153,
		-0.253043, 0.962380, 0.098969,
		25.133482, 35.057247, 35.029232>
	pigment { color rgbt <0,1,1,0> }
	no_shadow
}
cylinder {
	<25.978827, 34.656822, 35.125221>,  <25.310612, 34.383579, 34.959953>, 0.130000
	pigment { color rgbt <1,0,0,0> }
	no_shadow
}

// nucleotide -1

// particle -1
sphere {
	<25.978827, 34.656822, 35.125221> 0.250000
	pigment { color rgbt <1,0,0,0> }
	no_shadow
}
cylinder {
	<25.672035, 34.887169, 35.238445>,  <25.487961, 35.025375, 35.306381>, 0.100000
	pigment { color rgbt <1,0,0,0> }
	no_shadow
}
cylinder {
	<25.672035, 34.887169, 35.238445>,  <25.978827, 34.656822, 35.125221>, 0.100000
	pigment { color rgbt <1,0,0,0> }
	no_shadow
}

// particle -1
sphere {
	<25.672035, 34.887169, 35.238445> 0.100000
	pigment { color rgbt <1,0,0,0> }
	no_shadow
}
sphere {
	0, 1
	scale<0.080000,0.200000,0.300000>
	matrix <0.570293, 0.409550, 0.712064,
		0.294123, 0.707567, -0.642527,
		-0.766979, 0.575863, 0.283063,
		25.441942, 35.059929, 35.323364>
	pigment { color rgbt <0,1,1,0> }
	no_shadow
}
cylinder {
	<26.072945, 34.541229, 35.867027>,  <25.978827, 34.656822, 35.125221>, 0.130000
	pigment { color rgbt <1,0,0,0> }
	no_shadow
}

// nucleotide -1

// particle -1
sphere {
	<26.072945, 34.541229, 35.867027> 0.250000
	pigment { color rgbt <1,0,0,0> }
	no_shadow
}
cylinder {
	<26.018333, 34.194611, 35.675003>,  <25.985567, 33.986641, 35.559788>, 0.100000
	pigment { color rgbt <1,0,0,0> }
	no_shadow
}
cylinder {
	<26.018333, 34.194611, 35.675003>,  <26.072945, 34.541229, 35.867027>, 0.100000
	pigment { color rgbt <1,0,0,0> }
	no_shadow
}

// particle -1
sphere {
	<26.018333, 34.194611, 35.675003> 0.100000
	pigment { color rgbt <1,0,0,0> }
	no_shadow
}
sphere {
	0, 1
	scale<0.080000,0.200000,0.300000>
	matrix <0.016862, -0.486564, 0.873482,
		-0.990493, 0.111161, 0.081042,
		-0.136529, -0.866544, -0.480064,
		25.977375, 33.934647, 35.530983>
	pigment { color rgbt <0,1,1,0> }
	no_shadow
}
cylinder {
	<25.563683, 34.036606, 36.086620>,  <26.072945, 34.541229, 35.867027>, 0.130000
	pigment { color rgbt <1,0,0,0> }
	no_shadow
}

// nucleotide -1

// particle -1
sphere {
	<25.563683, 34.036606, 36.086620> 0.250000
	pigment { color rgbt <1,0,0,0> }
	no_shadow
}
cylinder {
	<25.869925, 33.835091, 35.926598>,  <26.053669, 33.714180, 35.830585>, 0.100000
	pigment { color rgbt <1,0,0,0> }
	no_shadow
}
cylinder {
	<25.869925, 33.835091, 35.926598>,  <25.563683, 34.036606, 36.086620>, 0.100000
	pigment { color rgbt <1,0,0,0> }
	no_shadow
}

// particle -1
sphere {
	<25.869925, 33.835091, 35.926598> 0.100000
	pigment { color rgbt <1,0,0,0> }
	no_shadow
}
sphere {
	0, 1
	scale<0.080000,0.200000,0.300000>
	matrix <0.075399, -0.547309, 0.833528,
		-0.638879, -0.668316, -0.381036,
		0.765604, -0.503793, -0.400054,
		26.099606, 33.683952, 35.806580>
	pigment { color rgbt <0,1,1,0> }
	no_shadow
}
cylinder {
	<25.459452, 33.301292, 36.164364>,  <25.563683, 34.036606, 36.086620>, 0.130000
	pigment { color rgbt <1,0,0,0> }
	no_shadow
}

// nucleotide -1

// particle -1
sphere {
	<25.459452, 33.301292, 36.164364> 0.250000
	pigment { color rgbt <1,0,0,0> }
	no_shadow
}
cylinder {
	<25.853672, 33.354153, 36.121990>,  <26.090204, 33.385868, 36.096565>, 0.100000
	pigment { color rgbt <1,0,0,0> }
	no_shadow
}
cylinder {
	<25.853672, 33.354153, 36.121990>,  <25.459452, 33.301292, 36.164364>, 0.100000
	pigment { color rgbt <1,0,0,0> }
	no_shadow
}

// particle -1
sphere {
	<25.853672, 33.354153, 36.121990> 0.100000
	pigment { color rgbt <1,0,0,0> }
	no_shadow
}
sphere {
	0, 1
	scale<0.080000,0.200000,0.300000>
	matrix <0.167274, -0.661402, 0.731141,
		0.026558, -0.738298, -0.673952,
		0.985553, 0.132152, -0.105933,
		26.149338, 33.393799, 36.090210>
	pigment { color rgbt <0,1,1,0> }
	no_shadow
}
cylinder {
	<25.835773, 32.659924, 35.977020>,  <25.459452, 33.301292, 36.164364>, 0.130000
	pigment { color rgbt <1,0,0,0> }
	no_shadow
}

// nucleotide -1

// particle -1
sphere {
	<25.835773, 32.659924, 35.977020> 0.250000
	pigment { color rgbt <1,0,0,0> }
	no_shadow
}
cylinder {
	<26.076406, 32.888824, 36.199955>,  <26.220785, 33.026165, 36.333717>, 0.100000
	pigment { color rgbt <1,0,0,0> }
	no_shadow
}
cylinder {
	<26.076406, 32.888824, 36.199955>,  <25.835773, 32.659924, 35.977020>, 0.100000
	pigment { color rgbt <1,0,0,0> }
	no_shadow
}

// particle -1
sphere {
	<26.076406, 32.888824, 36.199955> 0.100000
	pigment { color rgbt <1,0,0,0> }
	no_shadow
}
sphere {
	0, 1
	scale<0.080000,0.200000,0.300000>
	matrix <0.035025, -0.715932, 0.697291,
		0.798044, -0.399956, -0.450735,
		0.601581, 0.572255, 0.557336,
		26.256882, 33.060501, 36.367157>
	pigment { color rgbt <0,1,1,0> }
	no_shadow
}
cylinder {
	<26.456785, 32.282261, 36.104034>,  <25.835773, 32.659924, 35.977020>, 0.130000
	pigment { color rgbt <1,0,0,0> }
	no_shadow
}

// nucleotide -1

// particle -1
sphere {
	<26.456785, 32.282261, 36.104034> 0.250000
	pigment { color rgbt <1,0,0,0> }
	no_shadow
}
cylinder {
	<26.401415, 32.552753, 36.393463>,  <26.368193, 32.715050, 36.567120>, 0.100000
	pigment { color rgbt <1,0,0,0> }
	no_shadow
}
cylinder {
	<26.401415, 32.552753, 36.393463>,  <26.456785, 32.282261, 36.104034>, 0.100000
	pigment { color rgbt <1,0,0,0> }
	no_shadow
}

// particle -1
sphere {
	<26.401415, 32.552753, 36.393463> 0.100000
	pigment { color rgbt <1,0,0,0> }
	no_shadow
}
sphere {
	0, 1
	scale<0.080000,0.200000,0.300000>
	matrix <-0.031536, -0.733243, 0.679235,
		0.989871, 0.071204, 0.122825,
		-0.138425, 0.676229, 0.723570,
		26.359888, 32.755623, 36.610535>
	pigment { color rgbt <0,1,1,0> }
	no_shadow
}
cylinder {
	<26.938770, 32.142212, 36.671532>,  <26.456785, 32.282261, 36.104034>, 0.130000
	pigment { color rgbt <1,0,0,0> }
	no_shadow
}

// nucleotide -1

// particle -1
sphere {
	<26.938770, 32.142212, 36.671532> 0.250000
	pigment { color rgbt <1,0,0,0> }
	no_shadow
}
cylinder {
	<26.649076, 32.342148, 36.861538>,  <26.475260, 32.462109, 36.975540>, 0.100000
	pigment { color rgbt <1,0,0,0> }
	no_shadow
}
cylinder {
	<26.649076, 32.342148, 36.861538>,  <26.938770, 32.142212, 36.671532>, 0.100000
	pigment { color rgbt <1,0,0,0> }
	no_shadow
}

// particle -1
sphere {
	<26.649076, 32.342148, 36.861538> 0.100000
	pigment { color rgbt <1,0,0,0> }
	no_shadow
}
sphere {
	0, 1
	scale<0.080000,0.200000,0.300000>
	matrix <0.092090, -0.612595, 0.785014,
		0.683375, 0.612280, 0.397633,
		-0.724237, 0.499840, 0.475017,
		26.431805, 32.492100, 37.004044>
	pigment { color rgbt <0,1,1,0> }
	no_shadow
}
cylinder {
	<27.195393, 32.185383, 37.334457>,  <26.938770, 32.142212, 36.671532>, 0.130000
	pigment { color rgbt <1,0,0,0> }
	no_shadow
}

// nucleotide -1

// particle -1
sphere {
	<27.195393, 32.185383, 37.334457> 0.250000
	pigment { color rgbt <1,0,0,0> }
	no_shadow
}
cylinder {
	<26.809519, 32.283085, 37.373890>,  <26.577993, 32.341705, 37.397549>, 0.100000
	pigment { color rgbt <1,0,0,0> }
	no_shadow
}
cylinder {
	<26.809519, 32.283085, 37.373890>,  <27.195393, 32.185383, 37.334457>, 0.100000
	pigment { color rgbt <1,0,0,0> }
	no_shadow
}

// particle -1
sphere {
	<26.809519, 32.283085, 37.373890> 0.100000
	pigment { color rgbt <1,0,0,0> }
	no_shadow
}
sphere {
	0, 1
	scale<0.080000,0.200000,0.300000>
	matrix <-0.091094, -0.660547, 0.745238,
		0.247151, 0.709940, 0.659470,
		-0.964686, 0.244260, 0.098584,
		26.520113, 32.356361, 37.403465>
	pigment { color rgbt <0,1,1,0> }
	no_shadow
}
cylinder {
	<27.113653, 32.420055, 38.048447>,  <27.195393, 32.185383, 37.334457>, 0.130000
	pigment { color rgbt <1,0,0,0> }
	no_shadow
}

// nucleotide -1

// particle -1
sphere {
	<27.113653, 32.420055, 38.048447> 0.250000
	pigment { color rgbt <1,0,0,0> }
	no_shadow
}
cylinder {
	<26.760824, 32.292923, 37.909348>,  <26.549126, 32.216644, 37.825886>, 0.100000
	pigment { color rgbt <1,0,0,0> }
	no_shadow
}
cylinder {
	<26.760824, 32.292923, 37.909348>,  <27.113653, 32.420055, 38.048447>, 0.100000
	pigment { color rgbt <1,0,0,0> }
	no_shadow
}

// particle -1
sphere {
	<26.760824, 32.292923, 37.909348> 0.100000
	pigment { color rgbt <1,0,0,0> }
	no_shadow
}
sphere {
	0, 1
	scale<0.080000,0.200000,0.300000>
	matrix <0.043572, -0.790023, 0.611527,
		-0.469092, 0.524260, 0.710707,
		-0.882074, -0.317829, -0.347751,
		26.496202, 32.197575, 37.805023>
	pigment { color rgbt <0,1,1,0> }
	no_shadow
}
cylinder {
	<26.616295, 32.265675, 38.592152>,  <27.113653, 32.420055, 38.048447>, 0.130000
	pigment { color rgbt <1,0,0,0> }
	no_shadow
}

// nucleotide -1

// particle -1
sphere {
	<26.616295, 32.265675, 38.592152> 0.250000
	pigment { color rgbt <1,0,0,0> }
	no_shadow
}
cylinder {
	<26.498226, 32.046204, 38.279274>,  <26.427385, 31.914522, 38.091549>, 0.100000
	pigment { color rgbt <1,0,0,0> }
	no_shadow
}
cylinder {
	<26.498226, 32.046204, 38.279274>,  <26.616295, 32.265675, 38.592152>, 0.100000
	pigment { color rgbt <1,0,0,0> }
	no_shadow
}

// particle -1
sphere {
	<26.498226, 32.046204, 38.279274> 0.100000
	pigment { color rgbt <1,0,0,0> }
	no_shadow
}
sphere {
	0, 1
	scale<0.080000,0.200000,0.300000>
	matrix <-0.208324, -0.762016, 0.613134,
		-0.932456, 0.343929, 0.110624,
		-0.295172, -0.548675, -0.782195,
		26.409676, 31.881601, 38.044617>
	pigment { color rgbt <0,1,1,0> }
	no_shadow
}
cylinder {
	<25.927860, 32.139126, 38.536179>,  <26.616295, 32.265675, 38.592152>, 0.130000
	pigment { color rgbt <1,0,0,0> }
	no_shadow
}

// nucleotide -1

// particle -1
sphere {
	<25.927860, 32.139126, 38.536179> 0.250000
	pigment { color rgbt <1,0,0,0> }
	no_shadow
}
cylinder {
	<26.113018, 31.829113, 38.364109>,  <26.224113, 31.643105, 38.260868>, 0.100000
	pigment { color rgbt <1,0,0,0> }
	no_shadow
}
cylinder {
	<26.113018, 31.829113, 38.364109>,  <25.927860, 32.139126, 38.536179>, 0.100000
	pigment { color rgbt <1,0,0,0> }
	no_shadow
}

// particle -1
sphere {
	<26.113018, 31.829113, 38.364109> 0.100000
	pigment { color rgbt <1,0,0,0> }
	no_shadow
}
sphere {
	0, 1
	scale<0.080000,0.200000,0.300000>
	matrix <-0.419210, -0.619006, 0.664149,
		-0.781019, -0.127097, -0.611437,
		0.462895, -0.775034, -0.430175,
		26.251886, 31.596603, 38.235058>
	pigment { color rgbt <0,1,1,0> }
	no_shadow
}
cylinder {
	<25.488867, 31.629829, 38.057697>,  <25.927860, 32.139126, 38.536179>, 0.130000
	pigment { color rgbt <1,0,0,0> }
	no_shadow
}

// nucleotide -1

// particle -1
sphere {
	<25.488867, 31.629829, 38.057697> 0.250000
	pigment { color rgbt <1,0,0,0> }
	no_shadow
}
cylinder {
	<25.794538, 31.464128, 38.255455>,  <25.977942, 31.364708, 38.374111>, 0.100000
	pigment { color rgbt <1,0,0,0> }
	no_shadow
}
cylinder {
	<25.794538, 31.464128, 38.255455>,  <25.488867, 31.629829, 38.057697>, 0.100000
	pigment { color rgbt <1,0,0,0> }
	no_shadow
}

// particle -1
sphere {
	<25.794538, 31.464128, 38.255455> 0.100000
	pigment { color rgbt <1,0,0,0> }
	no_shadow
}
sphere {
	0, 1
	scale<0.080000,0.200000,0.300000>
	matrix <-0.642281, -0.559083, 0.524310,
		0.059210, -0.718206, -0.693307,
		0.764179, -0.414254, 0.494393,
		26.023792, 31.339853, 38.403774>
	pigment { color rgbt <0,1,1,0> }
	no_shadow
}
cylinder {
	<25.321693, 31.915951, 37.457443>,  <25.488867, 31.629829, 38.057697>, 0.130000
	pigment { color rgbt <1,0,0,0> }
	no_shadow
}

// nucleotide -1

// particle -1
sphere {
	<25.321693, 31.915951, 37.457443> 0.250000
	pigment { color rgbt <1,0,0,0> }
	no_shadow
}
cylinder {
	<25.673613, 32.035568, 37.605244>,  <25.884764, 32.107338, 37.693924>, 0.100000
	pigment { color rgbt <1,0,0,0> }
	no_shadow
}
cylinder {
	<25.673613, 32.035568, 37.605244>,  <25.321693, 31.915951, 37.457443>, 0.100000
	pigment { color rgbt <1,0,0,0> }
	no_shadow
}

// particle -1
sphere {
	<25.673613, 32.035568, 37.605244> 0.100000
	pigment { color rgbt <1,0,0,0> }
	no_shadow
}
sphere {
	0, 1
	scale<0.080000,0.200000,0.300000>
	matrix <0.016759, 0.757329, -0.652819,
		-0.475054, 0.580540, 0.661284,
		0.879797, 0.299042, 0.369501,
		25.937551, 32.125282, 37.716095>
	pigment { color rgbt <0,1,1,0> }
	no_shadow
}
cylinder {
	<25.276712, 32.727329, 37.514153>,  <25.321693, 31.915951, 37.457443>, 0.130000
	pigment { color rgbt <1,0,0,0> }
	no_shadow
}

// nucleotide -1

// particle -1
sphere {
	<25.276712, 32.727329, 37.514153> 0.250000
	pigment { color rgbt <1,0,0,0> }
	no_shadow
}
cylinder {
	<25.661427, 32.617805, 37.514587>,  <25.892254, 32.552090, 37.514847>, 0.100000
	pigment { color rgbt <1,0,0,0> }
	no_shadow
}
cylinder {
	<25.661427, 32.617805, 37.514587>,  <25.276712, 32.727329, 37.514153>, 0.100000
	pigment { color rgbt <1,0,0,0> }
	no_shadow
}

// particle -1
sphere {
	<25.661427, 32.617805, 37.514587> 0.100000
	pigment { color rgbt <1,0,0,0> }
	no_shadow
}
sphere {
	0, 1
	scale<0.080000,0.200000,0.300000>
	matrix <0.220064, 0.770623, -0.598090,
		0.162926, 0.575472, 0.801428,
		0.961783, -0.273810, 0.001086,
		25.949961, 32.535664, 37.514912>
	pigment { color rgbt <0,1,1,0> }
	no_shadow
}
cylinder {
	<25.600609, 33.277615, 37.564598>,  <25.276712, 32.727329, 37.514153>, 0.130000
	pigment { color rgbt <1,0,0,0> }
	no_shadow
}

// nucleotide -1

// particle -1
sphere {
	<25.600609, 33.277615, 37.564598> 0.250000
	pigment { color rgbt <1,0,0,0> }
	no_shadow
}
cylinder {
	<25.880812, 33.042366, 37.402908>,  <26.048933, 32.901215, 37.305893>, 0.100000
	pigment { color rgbt <1,0,0,0> }
	no_shadow
}
cylinder {
	<25.880812, 33.042366, 37.402908>,  <25.600609, 33.277615, 37.564598>, 0.100000
	pigment { color rgbt <1,0,0,0> }
	no_shadow
}

// particle -1
sphere {
	<25.880812, 33.042366, 37.402908> 0.100000
	pigment { color rgbt <1,0,0,0> }
	no_shadow
}
sphere {
	0, 1
	scale<0.080000,0.200000,0.300000>
	matrix <0.222147, 0.717988, -0.659654,
		0.678190, 0.372293, 0.633606,
		0.700506, -0.588124, -0.404229,
		26.090963, 32.865929, 37.281639>
	pigment { color rgbt <0,1,1,0> }
	no_shadow
}
cylinder {
	<26.167377, 33.708118, 37.483963>,  <25.600609, 33.277615, 37.564598>, 0.130000
	pigment { color rgbt <1,0,0,0> }
	no_shadow
}

// nucleotide -1

// particle -1
sphere {
	<26.167377, 33.708118, 37.483963> 0.250000
	pigment { color rgbt <1,0,0,0> }
	no_shadow
}
cylinder {
	<26.227997, 33.407234, 37.227459>,  <26.264368, 33.226704, 37.073555>, 0.100000
	pigment { color rgbt <1,0,0,0> }
	no_shadow
}
cylinder {
	<26.227997, 33.407234, 37.227459>,  <26.167377, 33.708118, 37.483963>, 0.100000
	pigment { color rgbt <1,0,0,0> }
	no_shadow
}

// particle -1
sphere {
	<26.227997, 33.407234, 37.227459> 0.100000
	pigment { color rgbt <1,0,0,0> }
	no_shadow
}
sphere {
	0, 1
	scale<0.080000,0.200000,0.300000>
	matrix <0.353698, 0.647069, -0.675426,
		0.923001, -0.124453, 0.364117,
		0.151550, -0.752206, -0.641264,
		26.273462, 33.181572, 37.035080>
	pigment { color rgbt <0,1,1,0> }
	no_shadow
}
cylinder {
	<26.904293, 33.792183, 37.137589>,  <26.167377, 33.708118, 37.483963>, 0.130000
	pigment { color rgbt <1,0,0,0> }
	no_shadow
}

// nucleotide -1

// particle -1
sphere {
	<26.904293, 33.792183, 37.137589> 0.250000
	pigment { color rgbt <1,0,0,0> }
	no_shadow
}
cylinder {
	<26.650270, 33.581654, 36.911427>,  <26.497856, 33.455338, 36.775730>, 0.100000
	pigment { color rgbt <1,0,0,0> }
	no_shadow
}
cylinder {
	<26.650270, 33.581654, 36.911427>,  <26.904293, 33.792183, 37.137589>, 0.100000
	pigment { color rgbt <1,0,0,0> }
	no_shadow
}

// particle -1
sphere {
	<26.650270, 33.581654, 36.911427> 0.100000
	pigment { color rgbt <1,0,0,0> }
	no_shadow
}
sphere {
	0, 1
	scale<0.080000,0.200000,0.300000>
	matrix <0.152442, 0.632167, -0.759689,
		0.757275, -0.568636, -0.321227,
		-0.635055, -0.526325, -0.565408,
		26.459753, 33.423756, 36.741806>
	pigment { color rgbt <0,1,1,0> }
	no_shadow
}
cylinder {
	<27.250185, 33.708614, 36.503956>,  <26.904293, 33.792183, 37.137589>, 0.130000
	pigment { color rgbt <1,0,0,0> }
	no_shadow
}

// nucleotide -1

// particle -1
sphere {
	<27.250185, 33.708614, 36.503956> 0.250000
	pigment { color rgbt <1,0,0,0> }
	no_shadow
}
cylinder {
	<26.857609, 33.667072, 36.439472>,  <26.622063, 33.642147, 36.400780>, 0.100000
	pigment { color rgbt <1,0,0,0> }
	no_shadow
}
cylinder {
	<26.857609, 33.667072, 36.439472>,  <27.250185, 33.708614, 36.503956>, 0.100000
	pigment { color rgbt <1,0,0,0> }
	no_shadow
}

// particle -1
sphere {
	<26.857609, 33.667072, 36.439472> 0.100000
	pigment { color rgbt <1,0,0,0> }
	no_shadow
}
sphere {
	0, 1
	scale<0.080000,0.200000,0.300000>
	matrix <0.053117, 0.660547, -0.748903,
		0.184264, -0.743567, -0.642771,
		-0.981440, -0.103854, -0.161212,
		26.563177, 33.635918, 36.391109>
	pigment { color rgbt <0,1,1,0> }
	no_shadow
}
cylinder {
	<27.046833, 33.603756, 35.786980>,  <27.250185, 33.708614, 36.503956>, 0.130000
	pigment { color rgbt <1,0,0,0> }
	no_shadow
}

// nucleotide -1

// particle -1
sphere {
	<27.046833, 33.603756, 35.786980> 0.250000
	pigment { color rgbt <1,0,0,0> }
	no_shadow
}
cylinder {
	<26.719492, 33.768066, 35.947758>,  <26.523087, 33.866653, 36.044224>, 0.100000
	pigment { color rgbt <1,0,0,0> }
	no_shadow
}
cylinder {
	<26.719492, 33.768066, 35.947758>,  <27.046833, 33.603756, 35.786980>, 0.100000
	pigment { color rgbt <1,0,0,0> }
	no_shadow
}

// particle -1
sphere {
	<26.719492, 33.768066, 35.947758> 0.100000
	pigment { color rgbt <1,0,0,0> }
	no_shadow
}
sphere {
	0, 1
	scale<0.080000,0.200000,0.300000>
	matrix <-0.006157, 0.693069, -0.720845,
		-0.574681, -0.592381, -0.564647,
		-0.818354, 0.410780, 0.401940,
		26.473986, 33.891300, 36.068340>
	pigment { color rgbt <0,1,1,0> }
	no_shadow
}
cylinder {
	<26.735409, 33.509289, 35.158298>,  <27.046833, 33.603756, 35.786980>, 0.130000
	pigment { color rgbt <1,0,0,0> }
	no_shadow
}

// nucleotide -1

// particle -1
sphere {
	<26.735409, 33.509289, 35.158298> 0.250000
	pigment { color rgbt <1,0,0,0> }
	no_shadow
}
cylinder {
	<26.806215, 33.652756, 34.791687>,  <26.848700, 33.738838, 34.571720>, 0.100000
	pigment { color rgbt <1,0,0,0> }
	no_shadow
}
cylinder {
	<26.806215, 33.652756, 34.791687>,  <26.735409, 33.509289, 35.158298>, 0.100000
	pigment { color rgbt <1,0,0,0> }
	no_shadow
}

// particle -1
sphere {
	<26.806215, 33.652756, 34.791687> 0.100000
	pigment { color rgbt <1,0,0,0> }
	no_shadow
}
sphere {
	0, 1
	scale<0.080000,0.200000,0.300000>
	matrix <0.001734, -0.931345, -0.364133,
		-0.984206, 0.062869, -0.165486,
		0.177017, 0.358669, -0.916527,
		26.859320, 33.760357, 34.516727>
	pigment { color rgbt <0,1,1,0> }
	no_shadow
}
cylinder {
	<26.024479, 33.471737, 34.757057>,  <26.735409, 33.509289, 35.158298>, 0.130000
	pigment { color rgbt <1,0,0,0> }
	no_shadow
}

// nucleotide -1

// particle -1
sphere {
	<26.024479, 33.471737, 34.757057> 0.250000
	pigment { color rgbt <1,0,0,0> }
	no_shadow
}
cylinder {
	<26.361025, 33.436069, 34.543831>,  <26.562952, 33.414669, 34.415894>, 0.100000
	pigment { color rgbt <1,0,0,0> }
	no_shadow
}
cylinder {
	<26.361025, 33.436069, 34.543831>,  <26.024479, 33.471737, 34.757057>, 0.100000
	pigment { color rgbt <1,0,0,0> }
	no_shadow
}

// particle -1
sphere {
	<26.361025, 33.436069, 34.543831> 0.100000
	pigment { color rgbt <1,0,0,0> }
	no_shadow
}
sphere {
	0, 1
	scale<0.080000,0.200000,0.300000>
	matrix <-0.313676, -0.883751, -0.347264,
		-0.440131, 0.459384, -0.771525,
		0.841363, -0.089167, -0.533064,
		26.613434, 33.409321, 34.383911>
	pigment { color rgbt <0,1,1,0> }
	no_shadow
}
cylinder {
	<25.834288, 33.305115, 34.101032>,  <26.024479, 33.471737, 34.757057>, 0.130000
	pigment { color rgbt <1,0,0,0> }
	no_shadow
}

// nucleotide -1

// particle -1
sphere {
	<25.834288, 33.305115, 34.101032> 0.250000
	pigment { color rgbt <1,0,0,0> }
	no_shadow
}
cylinder {
	<26.205219, 33.159061, 34.133869>,  <26.427778, 33.071430, 34.153572>, 0.100000
	pigment { color rgbt <1,0,0,0> }
	no_shadow
}
cylinder {
	<26.205219, 33.159061, 34.133869>,  <25.834288, 33.305115, 34.101032>, 0.100000
	pigment { color rgbt <1,0,0,0> }
	no_shadow
}

// particle -1
sphere {
	<26.205219, 33.159061, 34.133869> 0.100000
	pigment { color rgbt <1,0,0,0> }
	no_shadow
}
sphere {
	0, 1
	scale<0.080000,0.200000,0.300000>
	matrix <-0.337904, -0.911172, -0.235766,
		0.160890, 0.190892, -0.968336,
		0.927327, -0.365137, 0.082096,
		26.483418, 33.049519, 34.158497>
	pigment { color rgbt <0,1,1,0> }
	no_shadow
}
cylinder {
	<26.097965, 33.036591, 33.438503>,  <25.834288, 33.305115, 34.101032>, 0.130000
	pigment { color rgbt <1,0,0,0> }
	no_shadow
}

// nucleotide -1

// particle -1
sphere {
	<26.097965, 33.036591, 33.438503> 0.250000
	pigment { color rgbt <1,0,0,0> }
	no_shadow
}
cylinder {
	<26.281410, 32.852612, 33.742641>,  <26.391478, 32.742222, 33.925125>, 0.100000
	pigment { color rgbt <1,0,0,0> }
	no_shadow
}
cylinder {
	<26.281410, 32.852612, 33.742641>,  <26.097965, 33.036591, 33.438503>, 0.100000
	pigment { color rgbt <1,0,0,0> }
	no_shadow
}

// particle -1
sphere {
	<26.281410, 32.852612, 33.742641> 0.100000
	pigment { color rgbt <1,0,0,0> }
	no_shadow
}
sphere {
	0, 1
	scale<0.080000,0.200000,0.300000>
	matrix <-0.332751, -0.882263, -0.332999,
		0.823986, -0.100288, -0.557665,
		0.458611, -0.459950, 0.760343,
		26.418993, 32.714626, 33.970745>
	pigment { color rgbt <0,1,1,0> }
	no_shadow
}
cylinder {
	<26.566431, 32.528587, 33.176678>,  <26.097965, 33.036591, 33.438503>, 0.130000
	pigment { color rgbt <1,0,0,0> }
	no_shadow
}

// nucleotide -1

// particle -1
sphere {
	<26.566431, 32.528587, 33.176678> 0.250000
	pigment { color rgbt <1,0,0,0> }
	no_shadow
}
cylinder {
	<26.429674, 32.416634, 33.535515>,  <26.347620, 32.349461, 33.750816>, 0.100000
	pigment { color rgbt <1,0,0,0> }
	no_shadow
}
cylinder {
	<26.429674, 32.416634, 33.535515>,  <26.566431, 32.528587, 33.176678>, 0.100000
	pigment { color rgbt <1,0,0,0> }
	no_shadow
}

// particle -1
sphere {
	<26.429674, 32.416634, 33.535515> 0.100000
	pigment { color rgbt <1,0,0,0> }
	no_shadow
}
sphere {
	0, 1
	scale<0.080000,0.200000,0.300000>
	matrix <-0.281304, -0.880365, -0.381872,
		0.896648, -0.382915, 0.222257,
		-0.341892, -0.279883, 0.897093,
		26.327106, 32.332668, 33.804642>
	pigment { color rgbt <0,1,1,0> }
	no_shadow
}
cylinder {
	<26.371899, 31.785519, 33.253113>,  <26.566431, 32.528587, 33.176678>, 0.130000
	pigment { color rgbt <1,0,0,0> }
	no_shadow
}

// nucleotide -1

// particle -1
sphere {
	<26.371899, 31.785519, 33.253113> 0.250000
	pigment { color rgbt <1,0,0,0> }
	no_shadow
}
cylinder {
	<26.536926, 32.036652, 33.517117>,  <26.635942, 32.187332, 33.675518>, 0.100000
	pigment { color rgbt <1,0,0,0> }
	no_shadow
}
cylinder {
	<26.536926, 32.036652, 33.517117>,  <26.371899, 31.785519, 33.253113>, 0.100000
	pigment { color rgbt <1,0,0,0> }
	no_shadow
}

// particle -1
sphere {
	<26.536926, 32.036652, 33.517117> 0.100000
	pigment { color rgbt <1,0,0,0> }
	no_shadow
}
sphere {
	0, 1
	scale<0.080000,0.200000,0.300000>
	matrix <0.618791, -0.724879, 0.302735,
		0.668494, 0.283509, -0.687559,
		0.412569, 0.627832, 0.660010,
		26.660698, 32.225002, 33.715118>
	pigment { color rgbt <0,1,1,0> }
	no_shadow
}
cylinder {
	<27.098045, 31.961746, 33.144699>,  <26.371899, 31.785519, 33.253113>, 0.130000
	pigment { color rgbt <1,0,0,0> }
	no_shadow
}

// nucleotide -1

// particle -1
sphere {
	<27.098045, 31.961746, 33.144699> 0.250000
	pigment { color rgbt <1,0,0,0> }
	no_shadow
}
cylinder {
	<27.050541, 31.985172, 33.541176>,  <27.022038, 31.999228, 33.779064>, 0.100000
	pigment { color rgbt <1,0,0,0> }
	no_shadow
}
cylinder {
	<27.050541, 31.985172, 33.541176>,  <27.098045, 31.961746, 33.144699>, 0.100000
	pigment { color rgbt <1,0,0,0> }
	no_shadow
}

// particle -1
sphere {
	<27.050541, 31.985172, 33.541176> 0.100000
	pigment { color rgbt <1,0,0,0> }
	no_shadow
}
sphere {
	0, 1
	scale<0.080000,0.200000,0.300000>
	matrix <0.534998, -0.837185, 0.113568,
		0.836464, 0.543775, 0.068092,
		-0.118761, 0.058566, 0.991194,
		27.014912, 32.002743, 33.838535>
	pigment { color rgbt <0,1,1,0> }
	no_shadow
}
cylinder {
	<27.717888, 31.712833, 33.582752>,  <27.098045, 31.961746, 33.144699>, 0.130000
	pigment { color rgbt <1,0,0,0> }
	no_shadow
}

// nucleotide -1

// particle -1
sphere {
	<27.717888, 31.712833, 33.582752> 0.250000
	pigment { color rgbt <1,0,0,0> }
	no_shadow
}
cylinder {
	<27.388166, 31.694376, 33.808456>,  <27.190334, 31.683302, 33.943878>, 0.100000
	pigment { color rgbt <1,0,0,0> }
	no_shadow
}
cylinder {
	<27.388166, 31.694376, 33.808456>,  <27.717888, 31.712833, 33.582752>, 0.100000
	pigment { color rgbt <1,0,0,0> }
	no_shadow
}

// particle -1
sphere {
	<27.388166, 31.694376, 33.808456> 0.100000
	pigment { color rgbt <1,0,0,0> }
	no_shadow
}
sphere {
	0, 1
	scale<0.080000,0.200000,0.300000>
	matrix <0.334278, -0.844062, 0.419306,
		0.456926, 0.534257, 0.711188,
		-0.824304, -0.046143, 0.564264,
		27.140875, 31.680532, 33.977737>
	pigment { color rgbt <0,1,1,0> }
	no_shadow
}
cylinder {
	<28.011005, 31.522326, 34.351578>,  <27.717888, 31.712833, 33.582752>, 0.130000
	pigment { color rgbt <1,0,0,0> }
	no_shadow
}

// nucleotide -1

// particle -1
sphere {
	<28.011005, 31.522326, 34.351578> 0.250000
	pigment { color rgbt <1,0,0,0> }
	no_shadow
}
cylinder {
	<27.625799, 31.421038, 34.314743>,  <27.394676, 31.360266, 34.292645>, 0.100000
	pigment { color rgbt <1,0,0,0> }
	no_shadow
}
cylinder {
	<27.625799, 31.421038, 34.314743>,  <28.011005, 31.522326, 34.351578>, 0.100000
	pigment { color rgbt <1,0,0,0> }
	no_shadow
}

// particle -1
sphere {
	<27.625799, 31.421038, 34.314743> 0.100000
	pigment { color rgbt <1,0,0,0> }
	no_shadow
}
sphere {
	0, 1
	scale<0.080000,0.200000,0.300000>
	matrix <0.197164, -0.895189, 0.399702,
		-0.183646, 0.366764, 0.912008,
		-0.963016, -0.253219, -0.092085,
		27.336895, 31.345072, 34.287117>
	pigment { color rgbt <0,1,1,0> }
	no_shadow
}
cylinder {
	<27.982252, 31.233301, 35.046551>,  <28.011005, 31.522326, 34.351578>, 0.130000
	pigment { color rgbt <1,0,0,0> }
	no_shadow
}

// nucleotide -1

// particle -1
sphere {
	<27.982252, 31.233301, 35.046551> 0.250000
	pigment { color rgbt <1,0,0,0> }
	no_shadow
}
cylinder {
	<27.691957, 31.146786, 34.785316>,  <27.517780, 31.094877, 34.628574>, 0.100000
	pigment { color rgbt <1,0,0,0> }
	no_shadow
}
cylinder {
	<27.691957, 31.146786, 34.785316>,  <27.982252, 31.233301, 35.046551>, 0.100000
	pigment { color rgbt <1,0,0,0> }
	no_shadow
}

// particle -1
sphere {
	<27.691957, 31.146786, 34.785316> 0.100000
	pigment { color rgbt <1,0,0,0> }
	no_shadow
}
sphere {
	0, 1
	scale<0.080000,0.200000,0.300000>
	matrix <0.140112, -0.975867, 0.167487,
		-0.673555, 0.030045, 0.738526,
		-0.725736, -0.216288, -0.653090,
		27.474237, 31.081900, 34.589390>
	pigment { color rgbt <0,1,1,0> }
	no_shadow
}
cylinder {
	<27.518095, 30.756641, 35.291889>,  <27.982252, 31.233301, 35.046551>, 0.130000
	pigment { color rgbt <1,0,0,0> }
	no_shadow
}

// nucleotide -1

// particle -1
sphere {
	<27.518095, 30.756641, 35.291889> 0.250000
	pigment { color rgbt <1,0,0,0> }
	no_shadow
}
cylinder {
	<27.532322, 30.707409, 34.895187>,  <27.540857, 30.677870, 34.657166>, 0.100000
	pigment { color rgbt <1,0,0,0> }
	no_shadow
}
cylinder {
	<27.532322, 30.707409, 34.895187>,  <27.518095, 30.756641, 35.291889>, 0.100000
	pigment { color rgbt <1,0,0,0> }
	no_shadow
}

// particle -1
sphere {
	<27.532322, 30.707409, 34.895187> 0.100000
	pigment { color rgbt <1,0,0,0> }
	no_shadow
}
sphere {
	0, 1
	scale<0.080000,0.200000,0.300000>
	matrix <0.071542, -0.989527, 0.125368,
		-0.996803, -0.075412, -0.026390,
		0.035568, -0.123080, -0.991760,
		27.542992, 30.670485, 34.597660>
	pigment { color rgbt <0,1,1,0> }
	no_shadow
}
cylinder {
	<26.879486, 30.339994, 35.029930>,  <27.518095, 30.756641, 35.291889>, 0.130000
	pigment { color rgbt <1,0,0,0> }
	no_shadow
}

// nucleotide -1

// particle -1
sphere {
	<26.879486, 30.339994, 35.029930> 0.250000
	pigment { color rgbt <1,0,0,0> }
	no_shadow
}
cylinder {
	<27.235287, 30.291075, 34.853828>,  <27.448767, 30.261723, 34.748165>, 0.100000
	pigment { color rgbt <1,0,0,0> }
	no_shadow
}
cylinder {
	<27.235287, 30.291075, 34.853828>,  <26.879486, 30.339994, 35.029930>, 0.100000
	pigment { color rgbt <1,0,0,0> }
	no_shadow
}

// particle -1
sphere {
	<27.235287, 30.291075, 34.853828> 0.100000
	pigment { color rgbt <1,0,0,0> }
	no_shadow
}
sphere {
	0, 1
	scale<0.080000,0.200000,0.300000>
	matrix <-0.094453, -0.991919, 0.084713,
		-0.447060, -0.033768, -0.893866,
		0.889503, -0.122300, -0.440257,
		27.502138, 30.254385, 34.721752>
	pigment { color rgbt <0,1,1,0> }
	no_shadow
}
cylinder {
	<26.810446, 29.937334, 34.266846>,  <26.879486, 30.339994, 35.029930>, 0.130000
	pigment { color rgbt <1,0,0,0> }
	no_shadow
}

// nucleotide -1

// particle -1
sphere {
	<26.810446, 29.937334, 34.266846> 0.250000
	pigment { color rgbt <1,0,0,0> }
	no_shadow
}
cylinder {
	<27.159241, 29.893669, 34.457726>,  <27.368517, 29.867470, 34.572254>, 0.100000
	pigment { color rgbt <1,0,0,0> }
	no_shadow
}
cylinder {
	<27.159241, 29.893669, 34.457726>,  <26.810446, 29.937334, 34.266846>, 0.100000
	pigment { color rgbt <1,0,0,0> }
	no_shadow
}

// particle -1
sphere {
	<27.159241, 29.893669, 34.457726> 0.100000
	pigment { color rgbt <1,0,0,0> }
	no_shadow
}
sphere {
	0, 1
	scale<0.080000,0.200000,0.300000>
	matrix <-0.141447, -0.989424, 0.032126,
		0.468648, -0.095512, -0.878206,
		0.871987, -0.109164, 0.477202,
		27.420837, 29.860920, 34.600887>
	pigment { color rgbt <0,1,1,0> }
	no_shadow
}
cylinder {
	<26.490513, 30.521385, 33.920845>,  <26.810446, 29.937334, 34.266846>, 0.130000
	pigment { color rgbt <1,0,0,0> }
	no_shadow
}

// nucleotide -1

// particle -1
sphere {
	<26.490513, 30.521385, 33.920845> 0.250000
	pigment { color rgbt <1,0,0,0> }
	no_shadow
}
cylinder {
	<26.707432, 30.713516, 34.196583>,  <26.837584, 30.828794, 34.362026>, 0.100000
	pigment { color rgbt <1,0,0,0> }
	no_shadow
}
cylinder {
	<26.707432, 30.713516, 34.196583>,  <26.490513, 30.521385, 33.920845>, 0.100000
	pigment { color rgbt <1,0,0,0> }
	no_shadow
}

// particle -1
sphere {
	<26.707432, 30.713516, 34.196583> 0.100000
	pigment { color rgbt <1,0,0,0> }
	no_shadow
}
sphere {
	0, 1
	scale<0.080000,0.200000,0.300000>
	matrix <-0.270533, 0.876598, -0.397979,
		-0.795442, 0.029331, 0.605319,
		0.542295, 0.480328, 0.689348,
		26.870121, 30.857615, 34.403389>
	pigment { color rgbt <0,1,1,0> }
	no_shadow
}
cylinder {
	<26.082399, 31.128107, 34.196739>,  <26.490513, 30.521385, 33.920845>, 0.130000
	pigment { color rgbt <1,0,0,0> }
	no_shadow
}

// nucleotide -1

// particle -1
sphere {
	<26.082399, 31.128107, 34.196739> 0.250000
	pigment { color rgbt <1,0,0,0> }
	no_shadow
}
cylinder {
	<26.472706, 31.195734, 34.252308>,  <26.706890, 31.236311, 34.285648>, 0.100000
	pigment { color rgbt <1,0,0,0> }
	no_shadow
}
cylinder {
	<26.472706, 31.195734, 34.252308>,  <26.082399, 31.128107, 34.196739>, 0.100000
	pigment { color rgbt <1,0,0,0> }
	no_shadow
}

// particle -1
sphere {
	<26.472706, 31.195734, 34.252308> 0.100000
	pigment { color rgbt <1,0,0,0> }
	no_shadow
}
sphere {
	0, 1
	scale<0.080000,0.200000,0.300000>
	matrix <-0.146155, 0.976031, -0.161253,
		-0.162856, 0.137041, 0.977086,
		0.975765, 0.169067, 0.138923,
		26.765436, 31.246454, 34.293983>
	pigment { color rgbt <0,1,1,0> }
	no_shadow
}
cylinder {
	<26.048864, 31.638790, 34.652351>,  <26.082399, 31.128107, 34.196739>, 0.130000
	pigment { color rgbt <1,0,0,0> }
	no_shadow
}

// nucleotide -1

// particle -1
sphere {
	<26.048864, 31.638790, 34.652351> 0.250000
	pigment { color rgbt <1,0,0,0> }
	no_shadow
}
cylinder {
	<26.382347, 31.642323, 34.431496>,  <26.582438, 31.644442, 34.298985>, 0.100000
	pigment { color rgbt <1,0,0,0> }
	no_shadow
}
cylinder {
	<26.382347, 31.642323, 34.431496>,  <26.048864, 31.638790, 34.652351>, 0.100000
	pigment { color rgbt <1,0,0,0> }
	no_shadow
}

// particle -1
sphere {
	<26.382347, 31.642323, 34.431496> 0.100000
	pigment { color rgbt <1,0,0,0> }
	no_shadow
}
sphere {
	0, 1
	scale<0.080000,0.200000,0.300000>
	matrix <-0.073945, 0.992652, -0.095781,
		0.547234, 0.120681, 0.828234,
		0.833707, 0.008829, -0.552137,
		26.632460, 31.644972, 34.265854>
	pigment { color rgbt <0,1,1,0> }
	no_shadow
}
cylinder {
	<26.547630, 32.056931, 34.983055>,  <26.048864, 31.638790, 34.652351>, 0.130000
	pigment { color rgbt <1,0,0,0> }
	no_shadow
}

// nucleotide -1

// particle -1
sphere {
	<26.547630, 32.056931, 34.983055> 0.250000
	pigment { color rgbt <1,0,0,0> }
	no_shadow
}
cylinder {
	<26.644970, 32.043278, 34.595322>,  <26.703373, 32.035088, 34.362682>, 0.100000
	pigment { color rgbt <1,0,0,0> }
	no_shadow
}
cylinder {
	<26.644970, 32.043278, 34.595322>,  <26.547630, 32.056931, 34.983055>, 0.100000
	pigment { color rgbt <1,0,0,0> }
	no_shadow
}

// particle -1
sphere {
	<26.644970, 32.043278, 34.595322> 0.100000
	pigment { color rgbt <1,0,0,0> }
	no_shadow
}
sphere {
	0, 1
	scale<0.080000,0.200000,0.300000>
	matrix <0.104311, 0.994506, -0.008832,
		0.964314, -0.098964, 0.245573,
		0.243350, -0.034133, -0.969338,
		26.717976, 32.033039, 34.304520>
	pigment { color rgbt <0,1,1,0> }
	no_shadow
}
cylinder {
	<27.284405, 32.243755, 34.813553>,  <26.547630, 32.056931, 34.983055>, 0.130000
	pigment { color rgbt <1,0,0,0> }
	no_shadow
}

// nucleotide -1

// particle -1
sphere {
	<27.284405, 32.243755, 34.813553> 0.250000
	pigment { color rgbt <1,0,0,0> }
	no_shadow
}
cylinder {
	<27.036587, 32.370579, 34.526321>,  <26.887896, 32.446671, 34.353981>, 0.100000
	pigment { color rgbt <1,0,0,0> }
	no_shadow
}
cylinder {
	<27.036587, 32.370579, 34.526321>,  <27.284405, 32.243755, 34.813553>, 0.100000
	pigment { color rgbt <1,0,0,0> }
	no_shadow
}

// particle -1
sphere {
	<27.036587, 32.370579, 34.526321> 0.100000
	pigment { color rgbt <1,0,0,0> }
	no_shadow
}
sphere {
	0, 1
	scale<0.080000,0.200000,0.300000>
	matrix <0.322112, 0.936916, 0.135766,
		0.715828, -0.147190, -0.682587,
		-0.619543, 0.317055, -0.718082,
		26.850723, 32.465694, 34.310898>
	pigment { color rgbt <0,1,1,0> }
	no_shadow
}
cylinder {
	<27.684658, 32.545605, 34.415840>,  <27.284405, 32.243755, 34.813553>, 0.130000
	pigment { color rgbt <1,0,0,0> }
	no_shadow
}

// nucleotide -1

// particle -1
sphere {
	<27.684658, 32.545605, 34.415840> 0.250000
	pigment { color rgbt <1,0,0,0> }
	no_shadow
}
cylinder {
	<27.317327, 32.696312, 34.367313>,  <27.096930, 32.786736, 34.338196>, 0.100000
	pigment { color rgbt <1,0,0,0> }
	no_shadow
}
cylinder {
	<27.317327, 32.696312, 34.367313>,  <27.684658, 32.545605, 34.415840>, 0.100000
	pigment { color rgbt <1,0,0,0> }
	no_shadow
}

// particle -1
sphere {
	<27.317327, 32.696312, 34.367313> 0.100000
	pigment { color rgbt <1,0,0,0> }
	no_shadow
}
sphere {
	0, 1
	scale<0.080000,0.200000,0.300000>
	matrix <0.382064, 0.923852, -0.022908,
		0.103451, -0.067390, -0.992349,
		-0.918328, 0.376771, -0.121321,
		27.041830, 32.809341, 34.330917>
	pigment { color rgbt <0,1,1,0> }
	no_shadow
}
cylinder {
	<27.625900, 33.025642, 33.766586>,  <27.684658, 32.545605, 34.415840>, 0.130000
	pigment { color rgbt <1,0,0,0> }
	no_shadow
}

// nucleotide -1

// particle -1
sphere {
	<27.625900, 33.025642, 33.766586> 0.250000
	pigment { color rgbt <1,0,0,0> }
	no_shadow
}
cylinder {
	<27.344614, 33.119759, 34.034950>,  <27.175842, 33.176228, 34.195969>, 0.100000
	pigment { color rgbt <1,0,0,0> }
	no_shadow
}
cylinder {
	<27.344614, 33.119759, 34.034950>,  <27.625900, 33.025642, 33.766586>, 0.100000
	pigment { color rgbt <1,0,0,0> }
	no_shadow
}

// particle -1
sphere {
	<27.344614, 33.119759, 34.034950> 0.100000
	pigment { color rgbt <1,0,0,0> }
	no_shadow
}
sphere {
	0, 1
	scale<0.080000,0.200000,0.300000>
	matrix <0.338382, 0.940683, 0.024775,
		-0.625287, 0.244447, -0.741122,
		-0.703217, 0.235291, 0.670913,
		27.133650, 33.190346, 34.236225>
	pigment { color rgbt <0,1,1,0> }
	no_shadow
}
cylinder {
	<27.322321, 33.637066, 33.570210>,  <27.625900, 33.025642, 33.766586>, 0.130000
	pigment { color rgbt <1,0,0,0> }
	no_shadow
}

// nucleotide -1

// particle -1
sphere {
	<27.322321, 33.637066, 33.570210> 0.250000
	pigment { color rgbt <1,0,0,0> }
	no_shadow
}
cylinder {
	<27.267876, 33.596825, 33.964439>,  <27.235209, 33.572678, 34.200977>, 0.100000
	pigment { color rgbt <1,0,0,0> }
	no_shadow
}
cylinder {
	<27.267876, 33.596825, 33.964439>,  <27.322321, 33.637066, 33.570210>, 0.100000
	pigment { color rgbt <1,0,0,0> }
	no_shadow
}

// particle -1
sphere {
	<27.267876, 33.596825, 33.964439> 0.100000
	pigment { color rgbt <1,0,0,0> }
	no_shadow
}
sphere {
	0, 1
	scale<0.080000,0.200000,0.300000>
	matrix <0.395238, 0.906717, 0.147144,
