// switches for output
#declare DRAW_BASES = 1; // possible values are 0, 1; only relevant for DNA ribbons
#declare DRAW_BASES_TYPE = 3; // possible values are 1, 2, 3; only relevant for DNA ribbons
#declare DRAW_FOG = 0; // set to 1 to enable fog

#include "colors.inc"

#include "transforms.inc"
background { rgb <1, 1, 1>}

#default {
   normal{
       ripples 0.25
       frequency 0.20
       turbulence 0.2
       lambda 5
   }
	finish {
		phong 0.1
		phong_size 40.
	}
}

// original window dimensions: 1024x640


// camera settings

camera {
	sky <0, 0.179814, -0.983701>
	up <0, 0.179814, -0.983701>
	right 1.6 * <1, 0, 0>
	location <35, 94.9851, 44.8844>
	look_at <35, 29.7336, 32.9568>
	direction <0, -65.2515, -11.9276>
	angle 67.0682
}


# declare cpy_camera_pos = <35, 94.9851, 44.8844>;
# if (DRAW_FOG = 1)
fog {
	fog_type 2
	up vnormalize(cpy_camera_pos)
	color rgbt<1,1,1,0.3>
	distance 1e-5
	fog_alt 3e-3
	fog_offset 56
}
# end


// LIGHTS

# declare lum = 6;
global_settings {
	ambient_light rgb lum * <0.05, 0.05, 0.05>
	max_trace_level 15
}# declare cpy_direct_light_amount = 0.25;
light_source
{	1000 * <-1, -1.16352, -0.803886>,
	rgb lum * cpy_direct_light_amount
	parallel
}

light_source
{	1000 * <1, 1.16352, 0.803886>,
	rgb lum * cpy_direct_light_amount
	parallel
}

// strand 0

// nucleotide -1

// particle -1
sphere {
	<24.262226, 35.519615, 35.110283> 0.250000
	pigment { color rgbt <1,0,0,0> }
	no_shadow
}
cylinder {
	<24.236427, 35.123360, 35.158401>,  <24.220947, 34.885605, 35.187275>, 0.100000
	pigment { color rgbt <1,0,0,0> }
	no_shadow
}
cylinder {
	<24.236427, 35.123360, 35.158401>,  <24.262226, 35.519615, 35.110283>, 0.100000
	pigment { color rgbt <1,0,0,0> }
	no_shadow
}

// particle -1
sphere {
	<24.236427, 35.123360, 35.158401> 0.100000
	pigment { color rgbt <1,0,0,0> }
	no_shadow
}
sphere {
	0, 1
	scale<0.080000,0.200000,0.300000>
	matrix <0.497608, -0.136420, -0.856607,
		0.865001, 0.004612, 0.501750,
		-0.064498, -0.990640, 0.120299,
		24.217077, 34.826168, 35.194492>
	pigment { color rgbt <0,1,1,0> }
	no_shadow
}
cylinder {
	<24.120224, 35.669601, 34.410240>,  <24.262226, 35.519615, 35.110283>, 0.130000
	pigment { color rgbt <1,0,0,0> }
	no_shadow
}

// nucleotide -1

// particle -1
sphere {
	<24.120224, 35.669601, 34.410240> 0.250000
	pigment { color rgbt <1,0,0,0> }
	no_shadow
}
cylinder {
	<24.363695, 35.858780, 34.665058>,  <24.509779, 35.972286, 34.817951>, 0.100000
	pigment { color rgbt <1,0,0,0> }
	no_shadow
}
cylinder {
	<24.363695, 35.858780, 34.665058>,  <24.120224, 35.669601, 34.410240>, 0.100000
	pigment { color rgbt <1,0,0,0> }
	no_shadow
}

// particle -1
sphere {
	<24.363695, 35.858780, 34.665058> 0.100000
	pigment { color rgbt <1,0,0,0> }
	no_shadow
}
sphere {
	0, 1
	scale<0.080000,0.200000,0.300000>
	matrix <-0.130261, -0.732453, 0.668240,
		0.782650, -0.489726, -0.384223,
		0.608680, 0.472948, 0.637047,
		24.546299, 36.000664, 34.856171>
	pigment { color rgbt <0,1,1,0> }
	no_shadow
}
cylinder {
	<24.796385, 35.397717, 34.627213>,  <24.120224, 35.669601, 34.410240>, 0.130000
	pigment { color rgbt <1,0,0,0> }
	no_shadow
}

// nucleotide -1

// particle -1
sphere {
	<24.796385, 35.397717, 34.627213> 0.250000
	pigment { color rgbt <1,0,0,0> }
	no_shadow
}
cylinder {
	<24.727461, 35.618011, 34.953892>,  <24.686106, 35.750187, 35.149899>, 0.100000
	pigment { color rgbt <1,0,0,0> }
	no_shadow
}
cylinder {
	<24.727461, 35.618011, 34.953892>,  <24.796385, 35.397717, 34.627213>, 0.100000
	pigment { color rgbt <1,0,0,0> }
	no_shadow
}

// particle -1
sphere {
	<24.727461, 35.618011, 34.953892> 0.100000
	pigment { color rgbt <1,0,0,0> }
	no_shadow
}
sphere {
	0, 1
	scale<0.080000,0.200000,0.300000>
	matrix <0.207046, -0.790329, 0.576639,
		0.963037, 0.268455, 0.022154,
		-0.172311, 0.550738, 0.816698,
		24.675768, 35.783234, 35.198902>
	pigment { color rgbt <0,1,1,0> }
	no_shadow
}
cylinder {
	<25.403431, 35.402157, 35.101360>,  <24.796385, 35.397717, 34.627213>, 0.130000
	pigment { color rgbt <1,0,0,0> }
	no_shadow
}

// nucleotide -1

// particle -1
sphere {
	<25.403431, 35.402157, 35.101360> 0.250000
	pigment { color rgbt <1,0,0,0> }
	no_shadow
}
cylinder {
	<25.048601, 35.453434, 35.278748>,  <24.835703, 35.484200, 35.385181>, 0.100000
	pigment { color rgbt <1,0,0,0> }
	no_shadow
}
cylinder {
	<25.048601, 35.453434, 35.278748>,  <25.403431, 35.402157, 35.101360>, 0.100000
	pigment { color rgbt <1,0,0,0> }
	no_shadow
}

// particle -1
sphere {
	<25.048601, 35.453434, 35.278748> 0.100000
	pigment { color rgbt <1,0,0,0> }
	no_shadow
}
sphere {
	0, 1
	scale<0.080000,0.200000,0.300000>
	matrix <0.210902, -0.742012, 0.636348,
		0.410635, 0.658016, 0.631184,
		-0.887074, 0.128189, 0.443473,
		24.782478, 35.491890, 35.411789>
	pigment { color rgbt <0,1,1,0> }
	no_shadow
}
cylinder {
	<25.753330, 35.225037, 34.465660>,  <25.403431, 35.402157, 35.101360>, 0.130000
	pigment { color rgbt <1,0,0,0> }
	no_shadow
}

// nucleotide -1

// particle -1
sphere {
	<25.753330, 35.225037, 34.465660> 0.250000
	pigment { color rgbt <1,0,0,0> }
	no_shadow
}
cylinder {
	<25.511803, 35.524933, 34.573952>,  <25.366886, 35.704872, 34.638927>, 0.100000
	pigment { color rgbt <1,0,0,0> }
	no_shadow
}
cylinder {
	<25.511803, 35.524933, 34.573952>,  <25.753330, 35.225037, 34.465660>, 0.100000
	pigment { color rgbt <1,0,0,0> }
	no_shadow
}

// particle -1
sphere {
	<25.511803, 35.524933, 34.573952> 0.100000
	pigment { color rgbt <1,0,0,0> }
	no_shadow
}
sphere {
	0, 1
	scale<0.080000,0.200000,0.300000>
	matrix <-0.482079, -0.072988, -0.873082,
		-0.634827, -0.657692, 0.405506,
		-0.603817, 0.749742, 0.270724,
		25.330658, 35.749855, 34.655170>
	pigment { color rgbt <0,1,1,0> }
	no_shadow
}
cylinder {
	<26.499090, 35.619484, 34.480625>,  <25.753330, 35.225037, 34.465660>, 0.130000
	pigment { color rgbt <1,0,0,0> }
	no_shadow
}

// nucleotide -1

// particle -1
sphere {
	<26.499090, 35.619484, 34.480625> 0.250000
	pigment { color rgbt <1,0,0,0> }
	no_shadow
}
cylinder {
	<26.751263, 35.383114, 34.279285>,  <26.902567, 35.241291, 34.158482>, 0.100000
	pigment { color rgbt <1,0,0,0> }
	no_shadow
}
cylinder {
	<26.751263, 35.383114, 34.279285>,  <26.499090, 35.619484, 34.480625>, 0.100000
	pigment { color rgbt <1,0,0,0> }
	no_shadow
}

// particle -1
sphere {
	<26.751263, 35.383114, 34.279285> 0.100000
	pigment { color rgbt <1,0,0,0> }
	no_shadow
}
sphere {
	0, 1
	scale<0.080000,0.200000,0.300000>
	matrix <-0.715475, -0.693866, -0.081518,
		-0.301084, 0.411524, -0.860231,
		0.630432, -0.590930, -0.503347,
		26.940392, 35.205833, 34.128281>
	pigment { color rgbt <0,1,1,0> }
	no_shadow
}
cylinder {
	<27.082869, 35.151093, 34.663486>,  <26.499090, 35.619484, 34.480625>, 0.130000
	pigment { color rgbt <1,0,0,0> }
	no_shadow
}

// nucleotide -1

// particle -1
sphere {
	<27.082869, 35.151093, 34.663486> 0.250000
	pigment { color rgbt <1,0,0,0> }
	no_shadow
}
cylinder {
	<27.404125, 35.252804, 34.879005>,  <27.596880, 35.313831, 35.008316>, 0.100000
	pigment { color rgbt <1,0,0,0> }
	no_shadow
}
cylinder {
	<27.404125, 35.252804, 34.879005>,  <27.082869, 35.151093, 34.663486>, 0.100000
	pigment { color rgbt <1,0,0,0> }
	no_shadow
}

// particle -1
sphere {
	<27.404125, 35.252804, 34.879005> 0.100000
	pigment { color rgbt <1,0,0,0> }
	no_shadow
}
sphere {
	0, 1
	scale<0.080000,0.200000,0.300000>
	matrix <0.429131, 0.380439, -0.819215,
		-0.413290, 0.889161, 0.196427,
		0.803143, 0.254280, 0.538799,
		27.645067, 35.329086, 35.040646>
	pigment { color rgbt <0,1,1,0> }
	no_shadow
}
cylinder {
	<27.199179, 35.921329, 34.722218>,  <27.082869, 35.151093, 34.663486>, 0.130000
	pigment { color rgbt <1,0,0,0> }
	no_shadow
}

// nucleotide -1

// particle -1
sphere {
	<27.199179, 35.921329, 34.722218> 0.250000
	pigment { color rgbt <1,0,0,0> }
	no_shadow
}
cylinder {
	<27.508497, 35.667797, 34.715672>,  <27.694088, 35.515678, 34.711742>, 0.100000
	pigment { color rgbt <1,0,0,0> }
	no_shadow
}
cylinder {
	<27.508497, 35.667797, 34.715672>,  <27.199179, 35.921329, 34.722218>, 0.100000
	pigment { color rgbt <1,0,0,0> }
	no_shadow
}

// particle -1
sphere {
	<27.508497, 35.667797, 34.715672> 0.100000
	pigment { color rgbt <1,0,0,0> }
	no_shadow
}
sphere {
	0, 1
	scale<0.080000,0.200000,0.300000>
	matrix <0.293971, 0.381287, -0.876471,
		0.561780, 0.672959, 0.481176,
		0.773295, -0.633835, -0.016369,
		27.740486, 35.477646, 34.710762>
	pigment { color rgbt <0,1,1,0> }
	no_shadow
}
cylinder {
	<27.811142, 36.291462, 34.573967>,  <27.199179, 35.921329, 34.722218>, 0.130000
	pigment { color rgbt <1,0,0,0> }
	no_shadow
}

// nucleotide -1

// particle -1
sphere {
	<27.811142, 36.291462, 34.573967> 0.250000
	pigment { color rgbt <1,0,0,0> }
	no_shadow
}
cylinder {
	<27.895096, 35.921406, 34.447441>,  <27.945469, 35.699371, 34.371525>, 0.100000
	pigment { color rgbt <1,0,0,0> }
	no_shadow
}
cylinder {
	<27.895096, 35.921406, 34.447441>,  <27.811142, 36.291462, 34.573967>, 0.100000
	pigment { color rgbt <1,0,0,0> }
	no_shadow
}

// particle -1
sphere {
	<27.895096, 35.921406, 34.447441> 0.100000
	pigment { color rgbt <1,0,0,0> }
	no_shadow
}
sphere {
	0, 1
	scale<0.080000,0.200000,0.300000>
	matrix <0.278119, 0.366649, -0.887817,
		0.937336, 0.098365, 0.334254,
		0.209884, -0.925145, -0.316316,
		27.958061, 35.643864, 34.352547>
	pigment { color rgbt <0,1,1,0> }
	no_shadow
}
cylinder {
	<28.510080, 36.337555, 34.259197>,  <27.811142, 36.291462, 34.573967>, 0.130000
	pigment { color rgbt <1,0,0,0> }
	no_shadow
}

// nucleotide -1

// particle -1
sphere {
	<28.510080, 36.337555, 34.259197> 0.250000
	pigment { color rgbt <1,0,0,0> }
	no_shadow
}
cylinder {
	<28.306852, 36.021030, 34.123142>,  <28.184916, 35.831116, 34.041512>, 0.100000
	pigment { color rgbt <1,0,0,0> }
	no_shadow
}
cylinder {
	<28.306852, 36.021030, 34.123142>,  <28.510080, 36.337555, 34.259197>, 0.100000
	pigment { color rgbt <1,0,0,0> }
	no_shadow
}

// particle -1
sphere {
	<28.306852, 36.021030, 34.123142> 0.100000
	pigment { color rgbt <1,0,0,0> }
	no_shadow
}
sphere {
	0, 1
	scale<0.080000,0.200000,0.300000>
	matrix <0.394115, 0.137550, -0.908710,
		0.765859, -0.595738, 0.241983,
		-0.508068, -0.791313, -0.340134,
		28.154432, 35.783638, 34.021103>
	pigment { color rgbt <0,1,1,0> }
	no_shadow
}
cylinder {
	<28.980646, 36.065971, 33.632641>,  <28.510080, 36.337555, 34.259197>, 0.130000
	pigment { color rgbt <1,0,0,0> }
	no_shadow
}

// nucleotide -1

// particle -1
sphere {
	<28.980646, 36.065971, 33.632641> 0.250000
	pigment { color rgbt <1,0,0,0> }
	no_shadow
}
cylinder {
	<28.618149, 35.900326, 33.598633>,  <28.400650, 35.800938, 33.578228>, 0.100000
	pigment { color rgbt <1,0,0,0> }
	no_shadow
}
cylinder {
	<28.618149, 35.900326, 33.598633>,  <28.980646, 36.065971, 33.632641>, 0.100000
	pigment { color rgbt <1,0,0,0> }
	no_shadow
}

// particle -1
sphere {
	<28.618149, 35.900326, 33.598633> 0.100000
	pigment { color rgbt <1,0,0,0> }
	no_shadow
}
sphere {
	0, 1
	scale<0.080000,0.200000,0.300000>
	matrix <-0.034390, 0.272659, -0.961496,
		0.421355, -0.868425, -0.261337,
		-0.906243, -0.414119, -0.085021,
		28.346275, 35.776089, 33.573128>
	pigment { color rgbt <0,1,1,0> }
	no_shadow
}
cylinder {
	<28.810879, 35.653996, 32.948254>,  <28.980646, 36.065971, 33.632641>, 0.130000
	pigment { color rgbt <1,0,0,0> }
	no_shadow
}

// nucleotide -1

// particle -1
sphere {
	<28.810879, 35.653996, 32.948254> 0.250000
	pigment { color rgbt <1,0,0,0> }
	no_shadow
}
cylinder {
	<28.465637, 35.818661, 33.065273>,  <28.258492, 35.917461, 33.135487>, 0.100000
	pigment { color rgbt <1,0,0,0> }
	no_shadow
}
cylinder {
	<28.465637, 35.818661, 33.065273>,  <28.810879, 35.653996, 32.948254>, 0.100000
	pigment { color rgbt <1,0,0,0> }
	no_shadow
}

// particle -1
sphere {
	<28.465637, 35.818661, 33.065273> 0.100000
	pigment { color rgbt <1,0,0,0> }
	no_shadow
}
sphere {
	0, 1
	scale<0.080000,0.200000,0.300000>
	matrix <-0.221997, 0.211047, -0.951933,
		-0.453617, -0.886563, -0.090768,
		-0.863105, 0.411662, 0.292549,
		28.206705, 35.942158, 33.153038>
	pigment { color rgbt <0,1,1,0> }
	no_shadow
}
cylinder {
	<28.888889, 36.068916, 32.340927>,  <28.810879, 35.653996, 32.948254>, 0.130000
	pigment { color rgbt <1,0,0,0> }
	no_shadow
}

// nucleotide -1

// particle -1
sphere {
	<28.888889, 36.068916, 32.340927> 0.250000
	pigment { color rgbt <1,0,0,0> }
	no_shadow
}
cylinder {
	<28.590494, 35.883030, 32.150120>,  <28.411457, 35.771500, 32.035637>, 0.100000
	pigment { color rgbt <1,0,0,0> }
	no_shadow
}
cylinder {
	<28.590494, 35.883030, 32.150120>,  <28.888889, 36.068916, 32.340927>, 0.100000
	pigment { color rgbt <1,0,0,0> }
	no_shadow
}

// particle -1
sphere {
	<28.590494, 35.883030, 32.150120> 0.100000
	pigment { color rgbt <1,0,0,0> }
	no_shadow
}
sphere {
	0, 1
	scale<0.080000,0.200000,0.300000>
	matrix <-0.496440, -0.089402, 0.863455,
		-0.443906, 0.880936, -0.164010,
		-0.745986, -0.464714, -0.477018,
		28.366699, 35.743614, 32.007015>
	pigment { color rgbt <0,1,1,0> }
	no_shadow
}
cylinder {
	<28.363403, 36.508186, 32.652905>,  <28.888889, 36.068916, 32.340927>, 0.130000
	pigment { color rgbt <1,0,0,0> }
	no_shadow
}

// nucleotide -1

// particle -1
sphere {
	<28.363403, 36.508186, 32.652905> 0.250000
	pigment { color rgbt <1,0,0,0> }
	no_shadow
}
cylinder {
	<28.270033, 36.136765, 32.537464>,  <28.214010, 35.913910, 32.468201>, 0.100000
	pigment { color rgbt <1,0,0,0> }
	no_shadow
}
cylinder {
	<28.270033, 36.136765, 32.537464>,  <28.363403, 36.508186, 32.652905>, 0.100000
	pigment { color rgbt <1,0,0,0> }
	no_shadow
}

// particle -1
sphere {
	<28.270033, 36.136765, 32.537464> 0.100000
	pigment { color rgbt <1,0,0,0> }
	no_shadow
}
sphere {
	0, 1
	scale<0.080000,0.200000,0.300000>
	matrix <-0.481221, -0.147589, 0.864086,
		-0.844949, 0.340582, -0.412390,
		-0.233428, -0.928559, -0.288601,
		28.200005, 35.858196, 32.450886>
	pigment { color rgbt <0,1,1,0> }
	no_shadow
}
cylinder {
	<27.693302, 36.401028, 32.956177>,  <28.363403, 36.508186, 32.652905>, 0.130000
	pigment { color rgbt <1,0,0,0> }
	no_shadow
}

// nucleotide -1

// particle -1
sphere {
	<27.693302, 36.401028, 32.956177> 0.250000
	pigment { color rgbt <1,0,0,0> }
	no_shadow
}
cylinder {
	<27.882742, 36.059479, 32.869820>,  <27.996405, 35.854549, 32.818005>, 0.100000
	pigment { color rgbt <1,0,0,0> }
	no_shadow
}
cylinder {
	<27.882742, 36.059479, 32.869820>,  <27.693302, 36.401028, 32.956177>, 0.100000
	pigment { color rgbt <1,0,0,0> }
	no_shadow
}

// particle -1
sphere {
	<27.882742, 36.059479, 32.869820> 0.100000
	pigment { color rgbt <1,0,0,0> }
	no_shadow
}
sphere {
	0, 1
	scale<0.080000,0.200000,0.300000>
	matrix <-0.259759, -0.369643, 0.892127,
		-0.841565, -0.366428, -0.396862,
		0.473597, -0.853871, -0.215896,
		28.024820, 35.803318, 32.805050>
	pigment { color rgbt <0,1,1,0> }
	no_shadow
}
cylinder {
	<27.154346, 35.860214, 33.048061>,  <27.693302, 36.401028, 32.956177>, 0.130000
	pigment { color rgbt <1,0,0,0> }
	no_shadow
}

// nucleotide -1

// particle -1
sphere {
	<27.154346, 35.860214, 33.048061> 0.250000
	pigment { color rgbt <1,0,0,0> }
	no_shadow
}
cylinder {
	<27.537626, 35.748219, 33.071587>,  <27.767593, 35.681023, 33.085701>, 0.100000
	pigment { color rgbt <1,0,0,0> }
	no_shadow
}
cylinder {
	<27.537626, 35.748219, 33.071587>,  <27.154346, 35.860214, 33.048061>, 0.100000
	pigment { color rgbt <1,0,0,0> }
	no_shadow
}

// particle -1
sphere {
	<27.537626, 35.748219, 33.071587> 0.100000
	pigment { color rgbt <1,0,0,0> }
	no_shadow
}
sphere {
	0, 1
	scale<0.080000,0.200000,0.300000>
	matrix <-0.153380, -0.329182, 0.931726,
		-0.241514, -0.901801, -0.358367,
		0.958199, -0.279991, 0.058816,
		27.825087, 35.664223, 33.089233>
	pigment { color rgbt <0,1,1,0> }
	no_shadow
}
cylinder {
	<27.235352, 35.196754, 33.384296>,  <27.154346, 35.860214, 33.048061>, 0.130000
	pigment { color rgbt <1,0,0,0> }
	no_shadow
}

// nucleotide -1

// particle -1
sphere {
	<27.235352, 35.196754, 33.384296> 0.250000
	pigment { color rgbt <1,0,0,0> }
	no_shadow
}
cylinder {
	<27.596453, 35.363636, 33.426208>,  <27.813114, 35.463764, 33.451355>, 0.100000
	pigment { color rgbt <1,0,0,0> }
	no_shadow
}
cylinder {
	<27.596453, 35.363636, 33.426208>,  <27.235352, 35.196754, 33.384296>, 0.100000
	pigment { color rgbt <1,0,0,0> }
	no_shadow
}

// particle -1
sphere {
	<27.596453, 35.363636, 33.426208> 0.100000
	pigment { color rgbt <1,0,0,0> }
	no_shadow
}
sphere {
	0, 1
	scale<0.080000,0.200000,0.300000>
	matrix <0.082113, -0.406240, 0.910070,
		0.422247, -0.812966, -0.400992,
		0.902755, 0.417201, 0.104778,
		27.867279, 35.488796, 33.457642>
	pigment { color rgbt <0,1,1,0> }
	no_shadow
}
cylinder {
	<27.639462, 34.645073, 33.576691>,  <27.235352, 35.196754, 33.384296>, 0.130000
	pigment { color rgbt <1,0,0,0> }
	no_shadow
}

// nucleotide -1

// particle -1
sphere {
	<27.639462, 34.645073, 33.576691> 0.250000
	pigment { color rgbt <1,0,0,0> }
	no_shadow
}
cylinder {
	<27.816679, 34.982677, 33.697590>,  <27.923010, 35.185242, 33.770130>, 0.100000
	pigment { color rgbt <1,0,0,0> }
	no_shadow
}
cylinder {
	<27.816679, 34.982677, 33.697590>,  <27.639462, 34.645073, 33.576691>, 0.100000
	pigment { color rgbt <1,0,0,0> }
	no_shadow
}

// particle -1
sphere {
	<27.816679, 34.982677, 33.697590> 0.100000
	pigment { color rgbt <1,0,0,0> }
	no_shadow
}
sphere {
	0, 1
	scale<0.080000,0.200000,0.300000>
	matrix <0.098531, -0.380941, 0.919334,
		0.891069, -0.377524, -0.251935,
		0.443043, 0.844014, 0.302247,
		27.949593, 35.235882, 33.788265>
	pigment { color rgbt <0,1,1,0> }
	no_shadow
}
cylinder {
	<28.272396, 34.443890, 33.961494>,  <27.639462, 34.645073, 33.576691>, 0.130000
	pigment { color rgbt <1,0,0,0> }
	no_shadow
}

// nucleotide -1

// particle -1
sphere {
	<28.272396, 34.443890, 33.961494> 0.250000
	pigment { color rgbt <1,0,0,0> }
	no_shadow
}
cylinder {
	<28.163034, 34.807678, 34.086792>,  <28.097418, 35.025951, 34.161968>, 0.100000
	pigment { color rgbt <1,0,0,0> }
	no_shadow
}
cylinder {
	<28.163034, 34.807678, 34.086792>,  <28.272396, 34.443890, 33.961494>, 0.100000
	pigment { color rgbt <1,0,0,0> }
	no_shadow
}

// particle -1
sphere {
	<28.163034, 34.807678, 34.086792> 0.100000
	pigment { color rgbt <1,0,0,0> }
	no_shadow
}
sphere {
	0, 1
	scale<0.080000,0.200000,0.300000>
	matrix <-0.011391, -0.328687, 0.944370,
		0.961832, 0.254625, 0.100224,
		-0.273403, 0.909467, 0.313242,
		28.081013, 35.080517, 34.180763>
	pigment { color rgbt <0,1,1,0> }
	no_shadow
}
cylinder {
	<28.634596, 34.623550, 34.603268>,  <28.272396, 34.443890, 33.961494>, 0.130000
	pigment { color rgbt <1,0,0,0> }
	no_shadow
}

// nucleotide -1

// particle -1
sphere {
	<28.634596, 34.623550, 34.603268> 0.250000
	pigment { color rgbt <1,0,0,0> }
	no_shadow
}
cylinder {
	<28.325743, 34.876934, 34.623413>,  <28.140430, 35.028965, 34.635502>, 0.100000
	pigment { color rgbt <1,0,0,0> }
	no_shadow
}
cylinder {
	<28.325743, 34.876934, 34.623413>,  <28.634596, 34.623550, 34.603268>, 0.100000
	pigment { color rgbt <1,0,0,0> }
	no_shadow
}

// particle -1
sphere {
	<28.325743, 34.876934, 34.623413> 0.100000
	pigment { color rgbt <1,0,0,0> }
	no_shadow
}
sphere {
	0, 1
	scale<0.080000,0.200000,0.300000>
	matrix <-0.158981, -0.269302, 0.949843,
		0.615254, 0.725397, 0.308645,
		-0.772132, 0.633463, 0.050365,
		28.094103, 35.066975, 34.638523>
	pigment { color rgbt <0,1,1,0> }
	no_shadow
}
cylinder {
	<28.634239, 35.106777, 35.248100>,  <28.634596, 34.623550, 34.603268>, 0.130000
	pigment { color rgbt <1,0,0,0> }
	no_shadow
}

// nucleotide -1

// particle -1
sphere {
	<28.634239, 35.106777, 35.248100> 0.250000
	pigment { color rgbt <1,0,0,0> }
	no_shadow
}
cylinder {
	<28.254450, 35.046795, 35.137817>,  <28.026577, 35.010807, 35.071648>, 0.100000
	pigment { color rgbt <1,0,0,0> }
	no_shadow
}
cylinder {
	<28.254450, 35.046795, 35.137817>,  <28.634239, 35.106777, 35.248100>, 0.100000
	pigment { color rgbt <1,0,0,0> }
	no_shadow
}

// particle -1
sphere {
	<28.254450, 35.046795, 35.137817> 0.100000
	pigment { color rgbt <1,0,0,0> }
	no_shadow
}
sphere {
	0, 1
	scale<0.080000,0.200000,0.300000>
	matrix <-0.231951, -0.256491, 0.938302,
		-0.211418, 0.954843, 0.208750,
		-0.949474, -0.149954, -0.275704,
		27.969608, 35.001808, 35.055107>
	pigment { color rgbt <0,1,1,0> }
	no_shadow
}
cylinder {
	<28.058252, 35.436325, 35.525654>,  <28.634239, 35.106777, 35.248100>, 0.130000
	pigment { color rgbt <1,0,0,0> }
	no_shadow
}

// nucleotide -1

// particle -1
sphere {
	<28.058252, 35.436325, 35.525654> 0.250000
	pigment { color rgbt <1,0,0,0> }
	no_shadow
}
cylinder {
	<27.968122, 35.046616, 35.527580>,  <27.914045, 34.812790, 35.528736>, 0.100000
	pigment { color rgbt <1,0,0,0> }
	no_shadow
}
cylinder {
	<27.968122, 35.046616, 35.527580>,  <28.058252, 35.436325, 35.525654>, 0.100000
	pigment { color rgbt <1,0,0,0> }
	no_shadow
}

// particle -1
sphere {
	<27.968122, 35.046616, 35.527580> 0.100000
	pigment { color rgbt <1,0,0,0> }
	no_shadow
}
sphere {
	0, 1
	scale<0.080000,0.200000,0.300000>
	matrix <-0.345890, 0.084616, 0.934452,
		-0.910818, 0.208887, -0.356057,
		-0.225323, -0.974272, 0.004818,
		27.900526, 34.754333, 35.529026>
	pigment { color rgbt <0,1,1,0> }
	no_shadow
}
cylinder {
	<27.342175, 35.293427, 35.728958>,  <28.058252, 35.436325, 35.525654>, 0.130000
	pigment { color rgbt <1,0,0,0> }
	no_shadow
}

// nucleotide -1

// particle -1
sphere {
	<27.342175, 35.293427, 35.728958> 0.250000
	pigment { color rgbt <1,0,0,0> }
	no_shadow
}
cylinder {
	<27.564535, 34.973186, 35.818405>,  <27.697952, 34.781040, 35.872074>, 0.100000
	pigment { color rgbt <1,0,0,0> }
	no_shadow
}
cylinder {
	<27.564535, 34.973186, 35.818405>,  <27.342175, 35.293427, 35.728958>, 0.100000
	pigment { color rgbt <1,0,0,0> }
	no_shadow
}

// particle -1
sphere {
	<27.564535, 34.973186, 35.818405> 0.100000
	pigment { color rgbt <1,0,0,0> }
	no_shadow
}
sphere {
	0, 1
	scale<0.080000,0.200000,0.300000>
	matrix <-0.173518, 0.151327, 0.973135,
		-0.812936, -0.579770, -0.054797,
		0.555902, -0.800604, 0.223619,
		27.731306, 34.733006, 35.885490>
	pigment { color rgbt <0,1,1,0> }
	no_shadow
}
cylinder {
	<27.078451, 34.875984, 36.305832>,  <27.342175, 35.293427, 35.728958>, 0.130000
	pigment { color rgbt <1,0,0,0> }
	no_shadow
}

// nucleotide -1

// particle -1
sphere {
	<27.078451, 34.875984, 36.305832> 0.250000
	pigment { color rgbt <1,0,0,0> }
	no_shadow
}
cylinder {
	<27.461288, 34.761295, 36.322639>,  <27.690990, 34.692482, 36.332726>, 0.100000
	pigment { color rgbt <1,0,0,0> }
	no_shadow
}
cylinder {
	<27.461288, 34.761295, 36.322639>,  <27.078451, 34.875984, 36.305832>, 0.100000
	pigment { color rgbt <1,0,0,0> }
	no_shadow
}

// particle -1
sphere {
	<27.461288, 34.761295, 36.322639> 0.100000
	pigment { color rgbt <1,0,0,0> }
	no_shadow
}
sphere {
	0, 1
	scale<0.080000,0.200000,0.300000>
	matrix <-0.126183, -0.281807, 0.951138,
		-0.260864, -0.915630, -0.305894,
		0.957093, -0.286716, 0.042024,
		27.748417, 34.675282, 36.335247>
	pigment { color rgbt <0,1,1,0> }
	no_shadow
}
cylinder {
	<27.231518, 34.176964, 36.559757>,  <27.078451, 34.875984, 36.305832>, 0.130000
	pigment { color rgbt <1,0,0,0> }
	no_shadow
}

// nucleotide -1

// particle -1
sphere {
	<27.231518, 34.176964, 36.559757> 0.250000
	pigment { color rgbt <1,0,0,0> }
	no_shadow
}
cylinder {
	<27.528353, 34.423664, 36.664772>,  <27.706453, 34.571686, 36.727779>, 0.100000
	pigment { color rgbt <1,0,0,0> }
	no_shadow
}
cylinder {
	<27.528353, 34.423664, 36.664772>,  <27.231518, 34.176964, 36.559757>, 0.100000
	pigment { color rgbt <1,0,0,0> }
	no_shadow
}

// particle -1
sphere {
	<27.528353, 34.423664, 36.664772> 0.100000
	pigment { color rgbt <1,0,0,0> }
	no_shadow
}
sphere {
	0, 1
	scale<0.080000,0.200000,0.300000>
	matrix <-0.131058, -0.250607, 0.959177,
		0.657366, -0.746201, -0.105143,
		0.742088, 0.616750, 0.262536,
		27.750978, 34.608688, 36.743534>
	pigment { color rgbt <0,1,1,0> }
	no_shadow
}
cylinder {
	<27.479580, 33.829216, 37.093563>,  <27.231518, 34.176964, 36.559757>, 0.130000
	pigment { color rgbt <1,0,0,0> }
	no_shadow
}

// nucleotide -1

// particle -1
sphere {
	<27.479580, 33.829216, 37.093563> 0.250000
	pigment { color rgbt <1,0,0,0> }
	no_shadow
}
cylinder {
	<27.564718, 34.219746, 37.109032>,  <27.615801, 34.454063, 37.118313>, 0.100000
	pigment { color rgbt <1,0,0,0> }
	no_shadow
}
cylinder {
	<27.564718, 34.219746, 37.109032>,  <27.479580, 33.829216, 37.093563>, 0.100000
	pigment { color rgbt <1,0,0,0> }
	no_shadow
}

// particle -1
sphere {
	<27.564718, 34.219746, 37.109032> 0.100000
	pigment { color rgbt <1,0,0,0> }
	no_shadow
}
sphere {
	0, 1
	scale<0.080000,0.200000,0.300000>
	matrix <-0.098821, -0.017862, 0.994945,
		0.972076, -0.215589, 0.092679,
		0.212844, 0.976321, 0.038667,
		27.628572, 34.512642, 37.120632>
	pigment { color rgbt <0,1,1,0> }
	no_shadow
}
cylinder {
	<27.372833, 34.323399, 37.639904>,  <27.479580, 33.829216, 37.093563>, 0.130000
	pigment { color rgbt <1,0,0,0> }
	no_shadow
}

// nucleotide -1

// particle -1
sphere {
	<27.372833, 34.323399, 37.639904> 0.250000
	pigment { color rgbt <1,0,0,0> }
	no_shadow
}
cylinder {
	<27.506899, 34.630283, 37.421162>,  <27.587337, 34.814415, 37.289917>, 0.100000
	pigment { color rgbt <1,0,0,0> }
	no_shadow
}
cylinder {
	<27.506899, 34.630283, 37.421162>,  <27.372833, 34.323399, 37.639904>, 0.100000
	pigment { color rgbt <1,0,0,0> }
	no_shadow
}

// particle -1
sphere {
	<27.506899, 34.630283, 37.421162> 0.100000
	pigment { color rgbt <1,0,0,0> }
	no_shadow
}
sphere {
	0, 1
	scale<0.080000,0.200000,0.300000>
	matrix <0.866051, -0.022339, 0.499456,
		0.370973, -0.641004, -0.671932,
		0.335163, 0.767212, -0.546855,
		27.607449, 34.860447, 37.257107>
	pigment { color rgbt <0,1,1,0> }
	no_shadow
}
cylinder {
	<27.624020, 34.640053, 38.277351>,  <27.372833, 34.323399, 37.639904>, 0.130000
	pigment { color rgbt <1,0,0,0> }
	no_shadow
}

// nucleotide -1

// particle -1
sphere {
	<27.624020, 34.640053, 38.277351> 0.250000
	pigment { color rgbt <1,0,0,0> }
	no_shadow
}
cylinder {
	<27.655130, 34.681854, 38.673943>,  <27.673798, 34.706936, 38.911896>, 0.100000
	pigment { color rgbt <1,0,0,0> }
	no_shadow
}
cylinder {
	<27.655130, 34.681854, 38.673943>,  <27.624020, 34.640053, 38.277351>, 0.100000
	pigment { color rgbt <1,0,0,0> }
	no_shadow
}

// particle -1
sphere {
	<27.655130, 34.681854, 38.673943> 0.100000
	pigment { color rgbt <1,0,0,0> }
	no_shadow
}
sphere {
	0, 1
	scale<0.080000,0.200000,0.300000>
	matrix <-0.959977, -0.260542, 0.102770,
		0.269062, -0.959790, 0.080061,
		0.077778, 0.104509, 0.991478,
		27.678463, 34.713207, 38.971386>
	pigment { color rgbt <0,1,1,0> }
	no_shadow
}
cylinder {
	<27.410223, 33.997955, 38.595108>,  <27.624020, 34.640053, 38.277351>, 0.130000
	pigment { color rgbt <1,0,0,0> }
	no_shadow
}

// nucleotide -1

// particle -1
sphere {
	<27.410223, 33.997955, 38.595108> 0.250000
	pigment { color rgbt <1,0,0,0> }
	no_shadow
}
cylinder {
	<27.345617, 34.328358, 38.811119>,  <27.306854, 34.526600, 38.940723>, 0.100000
	pigment { color rgbt <1,0,0,0> }
	no_shadow
}
cylinder {
	<27.345617, 34.328358, 38.811119>,  <27.410223, 33.997955, 38.595108>, 0.100000
	pigment { color rgbt <1,0,0,0> }
	no_shadow
}

// particle -1
sphere {
	<27.345617, 34.328358, 38.811119> 0.100000
	pigment { color rgbt <1,0,0,0> }
	no_shadow
}
sphere {
	0, 1
	scale<0.080000,0.200000,0.300000>
	matrix <-0.951818, -0.274931, 0.135852,
		0.260684, -0.492063, 0.830613,
		-0.161514, 0.826007, 0.540024,
		27.297163, 34.576160, 38.973125>
	pigment { color rgbt <0,1,1,0> }
	no_shadow
}
cylinder {
	<27.235125, 33.793167, 39.305229>,  <27.410223, 33.997955, 38.595108>, 0.130000
	pigment { color rgbt <1,0,0,0> }
	no_shadow
}

// nucleotide -1

// particle -1
sphere {
	<27.235125, 33.793167, 39.305229> 0.250000
	pigment { color rgbt <1,0,0,0> }
	no_shadow
}
cylinder {
	<27.098238, 34.161808, 39.231972>,  <27.016106, 34.382992, 39.188019>, 0.100000
	pigment { color rgbt <1,0,0,0> }
	no_shadow
}
cylinder {
	<27.098238, 34.161808, 39.231972>,  <27.235125, 33.793167, 39.305229>, 0.100000
	pigment { color rgbt <1,0,0,0> }
	no_shadow
}

// particle -1
sphere {
	<27.098238, 34.161808, 39.231972> 0.100000
	pigment { color rgbt <1,0,0,0> }
	no_shadow
}
sphere {
	0, 1
	scale<0.080000,0.200000,0.300000>
	matrix <-0.938673, -0.326560, 0.110689,
		0.042205, 0.209787, 0.976836,
		-0.342216, 0.921601, -0.183139,
		26.995573, 34.438290, 39.177029>
	pigment { color rgbt <0,1,1,0> }
	no_shadow
}
cylinder {
	<26.701756, 33.863148, 39.703026>,  <27.235125, 33.793167, 39.305229>, 0.130000
	pigment { color rgbt <1,0,0,0> }
	no_shadow
}

// nucleotide -1

// particle -1
sphere {
	<26.701756, 33.863148, 39.703026> 0.250000
	pigment { color rgbt <1,0,0,0> }
	no_shadow
}
cylinder {
	<26.605112, 34.134117, 39.425114>,  <26.547127, 34.296700, 39.258366>, 0.100000
	pigment { color rgbt <1,0,0,0> }
	no_shadow
}
cylinder {
	<26.605112, 34.134117, 39.425114>,  <26.701756, 33.863148, 39.703026>, 0.100000
	pigment { color rgbt <1,0,0,0> }
	no_shadow
}

// particle -1
sphere {
	<26.605112, 34.134117, 39.425114> 0.100000
	pigment { color rgbt <1,0,0,0> }
	no_shadow
}
sphere {
	0, 1
	scale<0.080000,0.200000,0.300000>
	matrix <-0.932245, -0.360775, -0.027578,
		-0.269342, 0.641046, 0.718689,
		-0.241606, 0.677423, -0.694784,
		26.532631, 34.337345, 39.216679>
	pigment { color rgbt <0,1,1,0> }
	no_shadow
}
cylinder {
	<26.110044, 34.339386, 39.947853>,  <26.701756, 33.863148, 39.703026>, 0.130000
	pigment { color rgbt <1,0,0,0> }
	no_shadow
}

// nucleotide -1

// particle -1
sphere {
	<26.110044, 34.339386, 39.947853> 0.250000
	pigment { color rgbt <1,0,0,0> }
	no_shadow
}
cylinder {
	<26.138042, 34.281605, 39.553040>,  <26.154842, 34.246937, 39.316151>, 0.100000
	pigment { color rgbt <1,0,0,0> }
	no_shadow
}
cylinder {
	<26.138042, 34.281605, 39.553040>,  <26.110044, 34.339386, 39.947853>, 0.100000
	pigment { color rgbt <1,0,0,0> }
	no_shadow
}

// particle -1
sphere {
	<26.138042, 34.281605, 39.553040> 0.100000
	pigment { color rgbt <1,0,0,0> }
	no_shadow
}
sphere {
	0, 1
	scale<0.080000,0.200000,0.300000>
	matrix <-0.988204, -0.145152, -0.048836,
		-0.136215, 0.978807, -0.152910,
		0.069996, -0.144454, -0.987032,
		26.159040, 34.238270, 39.256931>
	pigment { color rgbt <0,1,1,0> }
	no_shadow
}
cylinder {
	<25.583420, 34.798161, 39.593868>,  <26.110044, 34.339386, 39.947853>, 0.130000
	pigment { color rgbt <1,0,0,0> }
	no_shadow
}

// nucleotide -1

// particle -1
sphere {
	<25.583420, 34.798161, 39.593868> 0.250000
	pigment { color rgbt <1,0,0,0> }
	no_shadow
}
cylinder {
	<25.676119, 34.477829, 39.372971>,  <25.731739, 34.285629, 39.240433>, 0.100000
	pigment { color rgbt <1,0,0,0> }
	no_shadow
}
cylinder {
	<25.676119, 34.477829, 39.372971>,  <25.583420, 34.798161, 39.593868>, 0.100000
	pigment { color rgbt <1,0,0,0> }
	no_shadow
}

// particle -1
sphere {
	<25.676119, 34.477829, 39.372971> 0.100000
	pigment { color rgbt <1,0,0,0> }
	no_shadow
}
sphere {
	0, 1
	scale<0.080000,0.200000,0.300000>
	matrix <-0.970152, -0.148607, -0.191626,
		0.071392, 0.580167, -0.811363,
		0.231750, -0.800826, -0.552241,
		25.745644, 34.237579, 39.207298>
	pigment { color rgbt <0,1,1,0> }
	no_shadow
}
cylinder {
	<25.366873, 34.827919, 38.911324>,  <25.583420, 34.798161, 39.593868>, 0.130000
	pigment { color rgbt <1,0,0,0> }
	no_shadow
}

// nucleotide -1

// particle -1
sphere {
	<25.366873, 34.827919, 38.911324> 0.250000
	pigment { color rgbt <1,0,0,0> }
	no_shadow
}
cylinder {
	<25.385508, 34.438568, 39.001099>,  <25.396688, 34.204960, 39.054966>, 0.100000
	pigment { color rgbt <1,0,0,0> }
	no_shadow
}
cylinder {
	<25.385508, 34.438568, 39.001099>,  <25.366873, 34.827919, 38.911324>, 0.100000
	pigment { color rgbt <1,0,0,0> }
	no_shadow
}

// particle -1
sphere {
	<25.385508, 34.438568, 39.001099> 0.100000
	pigment { color rgbt <1,0,0,0> }
	no_shadow
}
sphere {
	0, 1
	scale<0.080000,0.200000,0.300000>
	matrix <-0.881090, -0.145901, -0.449882,
		0.470650, -0.176794, -0.864426,
		0.046585, -0.973374, 0.224439,
		25.399483, 34.146557, 39.068432>
	pigment { color rgbt <0,1,1,0> }
	no_shadow
}
cylinder {
	<25.343676, 34.382942, 38.268776>,  <25.366873, 34.827919, 38.911324>, 0.130000
	pigment { color rgbt <1,0,0,0> }
	no_shadow
}

// nucleotide -1

// particle -1
sphere {
	<25.343676, 34.382942, 38.268776> 0.250000
	pigment { color rgbt <1,0,0,0> }
	no_shadow
}
cylinder {
	<25.212954, 34.221684, 38.610691>,  <25.134520, 34.124928, 38.815842>, 0.100000
	pigment { color rgbt <1,0,0,0> }
	no_shadow
}
cylinder {
	<25.212954, 34.221684, 38.610691>,  <25.343676, 34.382942, 38.268776>, 0.100000
	pigment { color rgbt <1,0,0,0> }
	no_shadow
}

// particle -1
sphere {
	<25.212954, 34.221684, 38.610691> 0.100000
	pigment { color rgbt <1,0,0,0> }
	no_shadow
}
sphere {
	0, 1
	scale<0.080000,0.200000,0.300000>
	matrix <-0.840294, -0.290007, -0.458041,
		0.432555, -0.867966, -0.243988,
		-0.326806, -0.403150, 0.854791,
		25.114912, 34.100739, 38.867130>
	pigment { color rgbt <0,1,1,0> }
	no_shadow
}
cylinder {
	<26.025520, 34.472485, 38.031013>,  <25.343676, 34.382942, 38.268776>, 0.130000
	pigment { color rgbt <1,0,0,0> }
	no_shadow
}

// nucleotide -1

// particle -1
sphere {
	<26.025520, 34.472485, 38.031013> 0.250000
	pigment { color rgbt <1,0,0,0> }
	no_shadow
}
cylinder {
	<26.067930, 34.450901, 38.428173>,  <26.093376, 34.437950, 38.666470>, 0.100000
	pigment { color rgbt <1,0,0,0> }
	no_shadow
}
cylinder {
	<26.067930, 34.450901, 38.428173>,  <26.025520, 34.472485, 38.031013>, 0.100000
	pigment { color rgbt <1,0,0,0> }
	no_shadow
}

// particle -1
sphere {
	<26.067930, 34.450901, 38.428173> 0.100000
	pigment { color rgbt <1,0,0,0> }
	no_shadow
}
sphere {
	0, 1
	scale<0.080000,0.200000,0.300000>
	matrix <0.779383, 0.624606, -0.049284,
		-0.617511, 0.779074, 0.108277,
		0.106026, -0.053956, 0.992898,
		26.099739, 34.434715, 38.726044>
	pigment { color rgbt <0,1,1,0> }
	no_shadow
}
cylinder {
	<26.198767, 35.150135, 38.275066>,  <26.025520, 34.472485, 38.031013>, 0.130000
	pigment { color rgbt <1,0,0,0> }
	no_shadow
}

// nucleotide -1

// particle -1
sphere {
	<26.198767, 35.150135, 38.275066> 0.250000
	pigment { color rgbt <1,0,0,0> }
	no_shadow
}
cylinder {
	<26.314131, 34.903366, 38.567978>,  <26.383348, 34.755306, 38.743725>, 0.100000
	pigment { color rgbt <1,0,0,0> }
	no_shadow
}
cylinder {
	<26.314131, 34.903366, 38.567978>,  <26.198767, 35.150135, 38.275066>, 0.100000
	pigment { color rgbt <1,0,0,0> }
	no_shadow
}

// particle -1
sphere {
	<26.314131, 34.903366, 38.567978> 0.100000
	pigment { color rgbt <1,0,0,0> }
	no_shadow
}
sphere {
	0, 1
	scale<0.080000,0.200000,0.300000>
	matrix <0.842620, 0.526753, 0.111902,
		-0.454764, 0.584757, 0.671750,
		0.288411, -0.616920, 0.732277,
		26.400654, 34.718288, 38.787663>
	pigment { color rgbt <0,1,1,0> }
	no_shadow
}
cylinder {
	<26.461901, 35.530254, 38.884014>,  <26.198767, 35.150135, 38.275066>, 0.130000
	pigment { color rgbt <1,0,0,0> }
	no_shadow
}

// nucleotide -1

// particle -1
sphere {
	<26.461901, 35.530254, 38.884014> 0.250000
	pigment { color rgbt <1,0,0,0> }
	no_shadow
}
cylinder {
	<26.623413, 35.171005, 38.953686>,  <26.720322, 34.955456, 38.995491>, 0.100000
	pigment { color rgbt <1,0,0,0> }
	no_shadow
}
cylinder {
	<26.623413, 35.171005, 38.953686>,  <26.461901, 35.530254, 38.884014>, 0.100000
	pigment { color rgbt <1,0,0,0> }
	no_shadow
}

// particle -1
sphere {
	<26.623413, 35.171005, 38.953686> 0.100000
	pigment { color rgbt <1,0,0,0> }
	no_shadow
}
sphere {
	0, 1
	scale<0.080000,0.200000,0.300000>
	matrix <0.821793, 0.439738, 0.362334,
		-0.402014, -0.003163, 0.915628,
		0.403783, -0.898120, 0.174181,
		26.744549, 34.901569, 39.005939>
	pigment { color rgbt <0,1,1,0> }
	no_shadow
}
cylinder {
	<26.606262, 35.556992, 39.472374>,  <26.461901, 35.530254, 38.884014>, 0.130000
	pigment { color rgbt <1,0,0,0> }
	no_shadow
}

// nucleotide -1

// particle -1
sphere {
	<26.606262, 35.556992, 39.472374> 0.250000
	pigment { color rgbt <1,0,0,0> }
	no_shadow
}
cylinder {
	<26.861303, 35.312134, 39.285294>,  <27.014328, 35.165218, 39.173046>, 0.100000
	pigment { color rgbt <1,0,0,0> }
	no_shadow
}
cylinder {
	<26.861303, 35.312134, 39.285294>,  <26.606262, 35.556992, 39.472374>, 0.100000
	pigment { color rgbt <1,0,0,0> }
	no_shadow
}

// particle -1
sphere {
	<26.861303, 35.312134, 39.285294> 0.100000
	pigment { color rgbt <1,0,0,0> }
	no_shadow
}
sphere {
	0, 1
	scale<0.080000,0.200000,0.300000>
	matrix <0.769767, 0.482374, 0.418059,
		-0.030306, -0.626576, 0.778771,
		0.637605, -0.612143, -0.467699,
		27.052586, 35.128490, 39.144985>
	pigment { color rgbt <0,1,1,0> }
	no_shadow
}
cylinder {
	<27.057087, 35.465778, 39.981663>,  <26.606262, 35.556992, 39.472374>, 0.130000
	pigment { color rgbt <1,0,0,0> }
	no_shadow
}

// nucleotide -1

// particle -1
sphere {
	<27.057087, 35.465778, 39.981663> 0.250000
	pigment { color rgbt <1,0,0,0> }
	no_shadow
}
cylinder {
	<27.257732, 35.315037, 39.670185>,  <27.378119, 35.224590, 39.483299>, 0.100000
	pigment { color rgbt <1,0,0,0> }
	no_shadow
}
cylinder {
	<27.257732, 35.315037, 39.670185>,  <27.057087, 35.465778, 39.981663>, 0.100000
	pigment { color rgbt <1,0,0,0> }
	no_shadow
}

// particle -1
sphere {
	<27.257732, 35.315037, 39.670185> 0.100000
	pigment { color rgbt <1,0,0,0> }
	no_shadow
}
sphere {
	0, 1
	scale<0.080000,0.200000,0.300000>
	matrix <0.843499, 0.412920, 0.343522,
		0.192080, -0.829143, 0.525002,
		0.501613, -0.376854, -0.778695,
		27.408216, 35.201981, 39.436577>
	pigment { color rgbt <0,1,1,0> }
	no_shadow
}
cylinder {
	<27.591442, 34.830875, 40.066624>,  <27.057087, 35.465778, 39.981663>, 0.130000
	pigment { color rgbt <1,0,0,0> }
	no_shadow
}

// nucleotide -1

// particle -1
sphere {
	<27.591442, 34.830875, 40.066624> 0.250000
	pigment { color rgbt <1,0,0,0> }
	no_shadow
}
cylinder {
	<27.679873, 35.120975, 39.805813>,  <27.732931, 35.295036, 39.649326>, 0.100000
	pigment { color rgbt <1,0,0,0> }
	no_shadow
}
cylinder {
	<27.679873, 35.120975, 39.805813>,  <27.591442, 34.830875, 40.066624>, 0.100000
	pigment { color rgbt <1,0,0,0> }
	no_shadow
}

// particle -1
sphere {
	<27.679873, 35.120975, 39.805813> 0.100000
	pigment { color rgbt <1,0,0,0> }
	no_shadow
}
sphere {
	0, 1
	scale<0.080000,0.200000,0.300000>
	matrix <0.696884, 0.350236, 0.625849,
		0.682260, -0.592747, -0.427987,
		0.221074, 0.725249, -0.652028,
		27.746195, 35.338551, 39.610203>
	pigment { color rgbt <0,1,1,0> }
	no_shadow
}
cylinder {
	<28.392881, 34.732807, 40.022133>,  <27.591442, 34.830875, 40.066624>, 0.130000
	pigment { color rgbt <1,0,0,0> }
	no_shadow
}

// nucleotide -1

// particle -1
sphere {
	<28.392881, 34.732807, 40.022133> 0.250000
	pigment { color rgbt <1,0,0,0> }
	no_shadow
}
cylinder {
	<28.274874, 35.098206, 39.910065>,  <28.204069, 35.317444, 39.842823>, 0.100000
	pigment { color rgbt <1,0,0,0> }
	no_shadow
}
cylinder {
	<28.274874, 35.098206, 39.910065>,  <28.392881, 34.732807, 40.022133>, 0.100000
	pigment { color rgbt <1,0,0,0> }
	no_shadow
}

// particle -1
sphere {
	<28.274874, 35.098206, 39.910065> 0.100000
	pigment { color rgbt <1,0,0,0> }
	no_shadow
}
sphere {
	0, 1
	scale<0.080000,0.200000,0.300000>
	matrix <0.637010, 0.406590, 0.654907,
		0.712167, 0.014738, -0.701856,
		-0.295020, 0.913492, -0.280171,
		28.186367, 35.372253, 39.826012>
	pigment { color rgbt <0,1,1,0> }
	no_shadow
}
cylinder {
	<29.045572, 35.060024, 39.838310>,  <28.392881, 34.732807, 40.022133>, 0.130000
	pigment { color rgbt <1,0,0,0> }
	no_shadow
}

// nucleotide -1

// particle -1
sphere {
	<29.045572, 35.060024, 39.838310> 0.250000
	pigment { color rgbt <1,0,0,0> }
	no_shadow
}
cylinder {
	<28.761959, 35.301758, 39.983665>,  <28.591791, 35.446800, 40.070877>, 0.100000
	pigment { color rgbt <1,0,0,0> }
	no_shadow
}
cylinder {
	<28.761959, 35.301758, 39.983665>,  <29.045572, 35.060024, 39.838310>, 0.100000
	pigment { color rgbt <1,0,0,0> }
	no_shadow
}

// particle -1
sphere {
	<28.761959, 35.301758, 39.983665> 0.100000
	pigment { color rgbt <1,0,0,0> }
	no_shadow
}
sphere {
	0, 1
	scale<0.080000,0.200000,0.300000>
	matrix <0.641559, 0.338931, 0.688133,
