// switches for output
#declare DRAW_BASES = 1; // possible values are 0, 1; only relevant for DNA ribbons
#declare DRAW_BASES_TYPE = 3; // possible values are 1, 2, 3; only relevant for DNA ribbons
#declare DRAW_FOG = 0; // set to 1 to enable fog

#include "colors.inc"

#include "transforms.inc"
background { rgb <1, 1, 1>}

#default {
   normal{
       ripples 0.25
       frequency 0.20
       turbulence 0.2
       lambda 5
   }
	finish {
		phong 0.1
		phong_size 40.
	}
}

// original window dimensions: 1024x640


// camera settings

camera {
	sky <0, 0.179814, -0.983701>
	up <0, 0.179814, -0.983701>
	right 1.6 * <1, 0, 0>
	location <35, 94.9851, 44.8844>
	look_at <35, 29.7336, 32.9568>
	direction <0, -65.2515, -11.9276>
	angle 67.0682
}


# declare cpy_camera_pos = <35, 94.9851, 44.8844>;
# if (DRAW_FOG = 1)
fog {
	fog_type 2
	up vnormalize(cpy_camera_pos)
	color rgbt<1,1,1,0.3>
	distance 1e-5
	fog_alt 3e-3
	fog_offset 56
}
# end


// LIGHTS

# declare lum = 6;
global_settings {
	ambient_light rgb lum * <0.05, 0.05, 0.05>
	max_trace_level 15
}# declare cpy_direct_light_amount = 0.25;
light_source
{	1000 * <-1, -1.16352, -0.803886>,
	rgb lum * cpy_direct_light_amount
	parallel
}

light_source
{	1000 * <1, 1.16352, 0.803886>,
	rgb lum * cpy_direct_light_amount
	parallel
}

// strand 0

// nucleotide -1

// particle -1
sphere {
	<24.222794, 35.364220, 34.965519> 0.250000
	pigment { color rgbt <1,0,0,0> }
	no_shadow
}
cylinder {
	<24.147583, 34.974678, 34.914516>,  <24.102457, 34.740952, 34.883915>, 0.100000
	pigment { color rgbt <1,0,0,0> }
	no_shadow
}
cylinder {
	<24.147583, 34.974678, 34.914516>,  <24.222794, 35.364220, 34.965519>, 0.100000
	pigment { color rgbt <1,0,0,0> }
	no_shadow
}

// particle -1
sphere {
	<24.147583, 34.974678, 34.914516> 0.100000
	pigment { color rgbt <1,0,0,0> }
	no_shadow
}
sphere {
	0, 1
	scale<0.080000,0.200000,0.300000>
	matrix <-0.062182, -0.117757, 0.991094,
		-0.980194, 0.194279, -0.038415,
		-0.188025, -0.973853, -0.127505,
		24.091175, 34.682522, 34.876266>
	pigment { color rgbt <0,1,1,0> }
	no_shadow
}
cylinder {
	<24.873705, 35.391659, 35.249084>,  <24.222794, 35.364220, 34.965519>, 0.130000
	pigment { color rgbt <1,0,0,0> }
	no_shadow
}

// nucleotide -1

// particle -1
sphere {
	<24.873705, 35.391659, 35.249084> 0.250000
	pigment { color rgbt <1,0,0,0> }
	no_shadow
}
cylinder {
	<24.602617, 35.648201, 35.105221>,  <24.439964, 35.802128, 35.018902>, 0.100000
	pigment { color rgbt <1,0,0,0> }
	no_shadow
}
cylinder {
	<24.602617, 35.648201, 35.105221>,  <24.873705, 35.391659, 35.249084>, 0.100000
	pigment { color rgbt <1,0,0,0> }
	no_shadow
}

// particle -1
sphere {
	<24.602617, 35.648201, 35.105221> 0.100000
	pigment { color rgbt <1,0,0,0> }
	no_shadow
}
sphere {
	0, 1
	scale<0.080000,0.200000,0.300000>
	matrix <0.538381, 0.765949, 0.351379,
		0.500839, 0.044504, -0.864395,
		-0.677721, 0.641359, -0.359657,
		24.399302, 35.840611, 34.997322>
	pigment { color rgbt <0,1,1,0> }
	no_shadow
}
cylinder {
	<25.228144, 35.939037, 34.859577>,  <24.873705, 35.391659, 35.249084>, 0.130000
	pigment { color rgbt <1,0,0,0> }
	no_shadow
}

// nucleotide -1

// particle -1
sphere {
	<25.228144, 35.939037, 34.859577> 0.250000
	pigment { color rgbt <1,0,0,0> }
	no_shadow
}
cylinder {
	<24.895668, 36.063778, 35.043697>,  <24.696182, 36.138622, 35.154167>, 0.100000
	pigment { color rgbt <1,0,0,0> }
	no_shadow
}
cylinder {
	<24.895668, 36.063778, 35.043697>,  <25.228144, 35.939037, 34.859577>, 0.100000
	pigment { color rgbt <1,0,0,0> }
	no_shadow
}

// particle -1
sphere {
	<24.895668, 36.063778, 35.043697> 0.100000
	pigment { color rgbt <1,0,0,0> }
	no_shadow
}
sphere {
	0, 1
	scale<0.080000,0.200000,0.300000>
	matrix <0.517385, 0.736958, 0.434978,
		-0.203570, 0.599699, -0.773899,
		-0.831187, 0.311856, 0.460298,
		24.646313, 36.157333, 35.181786>
	pigment { color rgbt <0,1,1,0> }
	no_shadow
}
cylinder {
	<25.008661, 36.741882, 34.824051>,  <25.228144, 35.939037, 34.859577>, 0.130000
	pigment { color rgbt <1,0,0,0> }
	no_shadow
}

// nucleotide -1

// particle -1
sphere {
	<25.008661, 36.741882, 34.824051> 0.250000
	pigment { color rgbt <1,0,0,0> }
	no_shadow
}
cylinder {
	<24.920013, 36.551186, 35.164310>,  <24.866825, 36.436768, 35.368465>, 0.100000
	pigment { color rgbt <1,0,0,0> }
	no_shadow
}
cylinder {
	<24.920013, 36.551186, 35.164310>,  <25.008661, 36.741882, 34.824051>, 0.100000
	pigment { color rgbt <1,0,0,0> }
	no_shadow
}

// particle -1
sphere {
	<24.920013, 36.551186, 35.164310> 0.100000
	pigment { color rgbt <1,0,0,0> }
	no_shadow
}
sphere {
	0, 1
	scale<0.080000,0.200000,0.300000>
	matrix <0.525929, 0.676150, 0.515966,
		-0.821148, 0.561728, 0.100885,
		-0.221619, -0.476742, 0.850648,
		24.853527, 36.408161, 35.419506>
	pigment { color rgbt <0,1,1,0> }
	no_shadow
}
cylinder {
	<24.689638, 37.158466, 35.301884>,  <25.008661, 36.741882, 34.824051>, 0.130000
	pigment { color rgbt <1,0,0,0> }
	no_shadow
}

// nucleotide -1

// particle -1
sphere {
	<24.689638, 37.158466, 35.301884> 0.250000
	pigment { color rgbt <1,0,0,0> }
	no_shadow
}
cylinder {
	<24.889614, 36.888275, 35.518692>,  <25.009600, 36.726162, 35.648777>, 0.100000
	pigment { color rgbt <1,0,0,0> }
	no_shadow
}
cylinder {
	<24.889614, 36.888275, 35.518692>,  <24.689638, 37.158466, 35.301884>, 0.100000
	pigment { color rgbt <1,0,0,0> }
	no_shadow
}

// particle -1
sphere {
	<24.889614, 36.888275, 35.518692> 0.100000
	pigment { color rgbt <1,0,0,0> }
	no_shadow
}
sphere {
	0, 1
	scale<0.080000,0.200000,0.300000>
	matrix <0.431343, 0.736906, 0.520493,
		-0.751003, -0.026416, 0.659770,
		0.499938, -0.675479, 0.542024,
		25.039595, 36.685631, 35.681297>
	pigment { color rgbt <0,1,1,0> }
	no_shadow
}
cylinder {
	<24.651314, 37.259602, 36.040882>,  <24.689638, 37.158466, 35.301884>, 0.130000
	pigment { color rgbt <1,0,0,0> }
	no_shadow
}

// nucleotide -1

// particle -1
sphere {
	<24.651314, 37.259602, 36.040882> 0.250000
	pigment { color rgbt <1,0,0,0> }
	no_shadow
}
cylinder {
	<25.028690, 37.152870, 35.962173>,  <25.255117, 37.088833, 35.914948>, 0.100000
	pigment { color rgbt <1,0,0,0> }
	no_shadow
}
cylinder {
	<25.028690, 37.152870, 35.962173>,  <24.651314, 37.259602, 36.040882>, 0.100000
	pigment { color rgbt <1,0,0,0> }
	no_shadow
}

// particle -1
sphere {
	<25.028690, 37.152870, 35.962173> 0.100000
	pigment { color rgbt <1,0,0,0> }
	no_shadow
}
sphere {
	0, 1
	scale<0.080000,0.200000,0.300000>
	matrix <0.323741, 0.869392, 0.373296,
		0.071467, -0.415887, 0.906604,
		0.943443, -0.266826, -0.196772,
		25.311724, 37.072823, 35.903141>
	pigment { color rgbt <0,1,1,0> }
	no_shadow
}
cylinder {
	<25.031918, 37.361259, 36.580341>,  <24.651314, 37.259602, 36.040882>, 0.130000
	pigment { color rgbt <1,0,0,0> }
	no_shadow
}

// nucleotide -1

// particle -1
sphere {
	<25.031918, 37.361259, 36.580341> 0.250000
	pigment { color rgbt <1,0,0,0> }
	no_shadow
}
cylinder {
	<25.295471, 37.374237, 36.279724>,  <25.453604, 37.382023, 36.099354>, 0.100000
	pigment { color rgbt <1,0,0,0> }
	no_shadow
}
cylinder {
	<25.295471, 37.374237, 36.279724>,  <25.031918, 37.361259, 36.580341>, 0.100000
	pigment { color rgbt <1,0,0,0> }
	no_shadow
}

// particle -1
sphere {
	<25.295471, 37.374237, 36.279724> 0.100000
	pigment { color rgbt <1,0,0,0> }
	no_shadow
}
sphere {
	0, 1
	scale<0.080000,0.200000,0.300000>
	matrix <0.258388, 0.928521, 0.266617,
		0.706476, -0.369860, 0.603404,
		0.658884, 0.032446, -0.751545,
		25.493135, 37.383972, 36.054260>
	pigment { color rgbt <0,1,1,0> }
	no_shadow
}
cylinder {
	<25.733906, 37.416294, 36.917011>,  <25.031918, 37.361259, 36.580341>, 0.130000
	pigment { color rgbt <1,0,0,0> }
	no_shadow
}

// nucleotide -1

// particle -1
sphere {
	<25.733906, 37.416294, 36.917011> 0.250000
	pigment { color rgbt <1,0,0,0> }
	no_shadow
}
cylinder {
	<25.687275, 37.559025, 36.546265>,  <25.659296, 37.644665, 36.323814>, 0.100000
	pigment { color rgbt <1,0,0,0> }
	no_shadow
}
cylinder {
	<25.687275, 37.559025, 36.546265>,  <25.733906, 37.416294, 36.917011>, 0.100000
	pigment { color rgbt <1,0,0,0> }
	no_shadow
}

// particle -1
sphere {
	<25.687275, 37.559025, 36.546265> 0.100000
	pigment { color rgbt <1,0,0,0> }
	no_shadow
}
sphere {
	0, 1
	scale<0.080000,0.200000,0.300000>
	matrix <0.313441, 0.898757, 0.306580,
		0.942425, -0.254779, -0.216618,
		-0.116577, 0.356825, -0.926869,
		25.652302, 37.666073, 36.268204>
	pigment { color rgbt <0,1,1,0> }
	no_shadow
}
cylinder {
	<26.182739, 37.809635, 36.863705>,  <25.733906, 37.416294, 36.917011>, 0.130000
	pigment { color rgbt <1,0,0,0> }
	no_shadow
}

// nucleotide -1

// particle -1
sphere {
	<26.182739, 37.809635, 36.863705> 0.250000
	pigment { color rgbt <1,0,0,0> }
	no_shadow
}
cylinder {
	<25.988598, 37.947132, 36.542141>,  <25.872112, 38.029629, 36.349201>, 0.100000
	pigment { color rgbt <1,0,0,0> }
	no_shadow
}
cylinder {
	<25.988598, 37.947132, 36.542141>,  <26.182739, 37.809635, 36.863705>, 0.100000
	pigment { color rgbt <1,0,0,0> }
	no_shadow
}

// particle -1
sphere {
	<25.988598, 37.947132, 36.542141> 0.100000
	pigment { color rgbt <1,0,0,0> }
	no_shadow
}
sphere {
	0, 1
	scale<0.080000,0.200000,0.300000>
	matrix <0.310753, 0.927258, 0.208867,
		0.817229, -0.148444, -0.556867,
		-0.485354, 0.343740, -0.803912,
		25.842991, 38.050255, 36.300968>
	pigment { color rgbt <0,1,1,0> }
	no_shadow
}
cylinder {
	<26.593172, 38.237061, 36.530197>,  <26.182739, 37.809635, 36.863705>, 0.130000
	pigment { color rgbt <1,0,0,0> }
	no_shadow
}

// nucleotide -1

// particle -1
sphere {
	<26.593172, 38.237061, 36.530197> 0.250000
	pigment { color rgbt <1,0,0,0> }
	no_shadow
}
cylinder {
	<26.246128, 38.347969, 36.365093>,  <26.037901, 38.414513, 36.266029>, 0.100000
	pigment { color rgbt <1,0,0,0> }
	no_shadow
}
cylinder {
	<26.246128, 38.347969, 36.365093>,  <26.593172, 38.237061, 36.530197>, 0.100000
	pigment { color rgbt <1,0,0,0> }
	no_shadow
}

// particle -1
sphere {
	<26.246128, 38.347969, 36.365093> 0.100000
	pigment { color rgbt <1,0,0,0> }
	no_shadow
}
sphere {
	0, 1
	scale<0.080000,0.200000,0.300000>
	matrix <0.254181, 0.960755, 0.111093,
		0.427367, -0.008531, -0.904038,
		-0.867611, 0.277267, -0.412764,
		25.985846, 38.431149, 36.241264>
	pigment { color rgbt <0,1,1,0> }
	no_shadow
}
cylinder {
	<26.789236, 38.742325, 36.109245>,  <26.593172, 38.237061, 36.530197>, 0.130000
	pigment { color rgbt <1,0,0,0> }
	no_shadow
}

// nucleotide -1

// particle -1
sphere {
	<26.789236, 38.742325, 36.109245> 0.250000
	pigment { color rgbt <1,0,0,0> }
	no_shadow
}
cylinder {
	<26.396269, 38.797501, 36.159565>,  <26.160488, 38.830605, 36.189758>, 0.100000
	pigment { color rgbt <1,0,0,0> }
	no_shadow
}
cylinder {
	<26.396269, 38.797501, 36.159565>,  <26.789236, 38.742325, 36.109245>, 0.100000
	pigment { color rgbt <1,0,0,0> }
	no_shadow
}

// particle -1
sphere {
	<26.396269, 38.797501, 36.159565> 0.100000
	pigment { color rgbt <1,0,0,0> }
	no_shadow
}
sphere {
	0, 1
	scale<0.080000,0.200000,0.300000>
	matrix <0.164283, 0.958845, 0.231576,
		-0.088682, 0.248172, -0.964648,
		-0.982419, 0.137939, 0.125803,
		26.101543, 38.838882, 36.197308>
	pigment { color rgbt <0,1,1,0> }
	no_shadow
}
cylinder {
	<26.665749, 39.371559, 35.832726>,  <26.789236, 38.742325, 36.109245>, 0.130000
	pigment { color rgbt <1,0,0,0> }
	no_shadow
}

// nucleotide -1

// particle -1
sphere {
	<26.665749, 39.371559, 35.832726> 0.250000
	pigment { color rgbt <1,0,0,0> }
	no_shadow
}
cylinder {
	<26.399342, 39.276878, 36.115681>,  <26.239498, 39.220070, 36.285454>, 0.100000
	pigment { color rgbt <1,0,0,0> }
	no_shadow
}
cylinder {
	<26.399342, 39.276878, 36.115681>,  <26.665749, 39.371559, 35.832726>, 0.100000
	pigment { color rgbt <1,0,0,0> }
	no_shadow
}

// particle -1
sphere {
	<26.399342, 39.276878, 36.115681> 0.100000
	pigment { color rgbt <1,0,0,0> }
	no_shadow
}
sphere {
	0, 1
	scale<0.080000,0.200000,0.300000>
	matrix <0.223049, 0.841737, 0.491659,
		-0.711807, 0.485235, -0.507816,
		-0.666018, -0.236698, 0.707386,
		26.199535, 39.205868, 36.327896>
	pigment { color rgbt <0,1,1,0> }
	no_shadow
}
cylinder {
	<26.546270, 39.609058, 36.540279>,  <26.665749, 39.371559, 35.832726>, 0.130000
	pigment { color rgbt <1,0,0,0> }
	no_shadow
}

// nucleotide -1

// particle -1
sphere {
	<26.546270, 39.609058, 36.540279> 0.250000
	pigment { color rgbt <1,0,0,0> }
	no_shadow
}
cylinder {
	<26.212358, 39.819115, 36.474098>,  <26.012012, 39.945148, 36.434391>, 0.100000
	pigment { color rgbt <1,0,0,0> }
	no_shadow
}
cylinder {
	<26.212358, 39.819115, 36.474098>,  <26.546270, 39.609058, 36.540279>, 0.100000
	pigment { color rgbt <1,0,0,0> }
	no_shadow
}

// particle -1
sphere {
	<26.212358, 39.819115, 36.474098> 0.100000
	pigment { color rgbt <1,0,0,0> }
	no_shadow
}
sphere {
	0, 1
	scale<0.080000,0.200000,0.300000>
	matrix <-0.546757, -0.826041, 0.136794,
		-0.064834, 0.204655, 0.976685,
		-0.834778, 0.525140, -0.165451,
		25.961926, 39.976658, 36.424461>
	pigment { color rgbt <0,1,1,0> }
	no_shadow
}
cylinder {
	<26.056087, 39.416035, 37.081940>,  <26.546270, 39.609058, 36.540279>, 0.130000
	pigment { color rgbt <1,0,0,0> }
	no_shadow
}

// nucleotide -1

// particle -1
sphere {
	<26.056087, 39.416035, 37.081940> 0.250000
	pigment { color rgbt <1,0,0,0> }
	no_shadow
}
cylinder {
	<25.896698, 39.519085, 36.729839>,  <25.801064, 39.580914, 36.518578>, 0.100000
	pigment { color rgbt <1,0,0,0> }
	no_shadow
}
cylinder {
	<25.896698, 39.519085, 36.729839>,  <26.056087, 39.416035, 37.081940>, 0.100000
	pigment { color rgbt <1,0,0,0> }
	no_shadow
}

// particle -1
sphere {
	<25.896698, 39.519085, 36.729839> 0.100000
	pigment { color rgbt <1,0,0,0> }
	no_shadow
}
sphere {
	0, 1
	scale<0.080000,0.200000,0.300000>
	matrix <-0.529341, -0.848365, -0.008669,
		-0.749010, 0.462500, 0.474424,
		-0.398476, 0.257625, -0.880254,
		25.777155, 39.596371, 36.465763>
	pigment { color rgbt <0,1,1,0> }
	no_shadow
}
cylinder {
	<25.281172, 39.194935, 36.959965>,  <26.056087, 39.416035, 37.081940>, 0.130000
	pigment { color rgbt <1,0,0,0> }
	no_shadow
}

// nucleotide -1

// particle -1
sphere {
	<25.281172, 39.194935, 36.959965> 0.250000
	pigment { color rgbt <1,0,0,0> }
	no_shadow
}
cylinder {
	<25.463783, 39.249664, 36.608315>,  <25.573351, 39.282501, 36.397324>, 0.100000
	pigment { color rgbt <1,0,0,0> }
	no_shadow
}
cylinder {
	<25.463783, 39.249664, 36.608315>,  <25.281172, 39.194935, 36.959965>, 0.100000
	pigment { color rgbt <1,0,0,0> }
	no_shadow
}

// particle -1
sphere {
	<25.463783, 39.249664, 36.608315> 0.100000
	pigment { color rgbt <1,0,0,0> }
	no_shadow
}
sphere {
	0, 1
	scale<0.080000,0.200000,0.300000>
	matrix <-0.274696, -0.918154, -0.285544,
		-0.846240, 0.371852, -0.381581,
		0.456530, 0.136820, -0.879125,
		25.600742, 39.290710, 36.344578>
	pigment { color rgbt <0,1,1,0> }
	no_shadow
}
cylinder {
	<24.824768, 38.930283, 36.337448>,  <25.281172, 39.194935, 36.959965>, 0.130000
	pigment { color rgbt <1,0,0,0> }
	no_shadow
}

// nucleotide -1

// particle -1
sphere {
	<24.824768, 38.930283, 36.337448> 0.250000
	pigment { color rgbt <1,0,0,0> }
	no_shadow
}
cylinder {
	<25.219694, 38.917728, 36.275192>,  <25.456650, 38.910194, 36.237839>, 0.100000
	pigment { color rgbt <1,0,0,0> }
	no_shadow
}
cylinder {
	<25.219694, 38.917728, 36.275192>,  <24.824768, 38.930283, 36.337448>, 0.100000
	pigment { color rgbt <1,0,0,0> }
	no_shadow
}

// particle -1
sphere {
	<25.219694, 38.917728, 36.275192> 0.100000
	pigment { color rgbt <1,0,0,0> }
	no_shadow
}
sphere {
	0, 1
	scale<0.080000,0.200000,0.300000>
	matrix <-0.081267, -0.942028, -0.325544,
		-0.136399, 0.334063, -0.932629,
		0.987315, -0.031388, -0.155640,
		25.515888, 38.908314, 36.228500>
	pigment { color rgbt <0,1,1,0> }
	no_shadow
}
cylinder {
	<24.867405, 38.677582, 35.674892>,  <24.824768, 38.930283, 36.337448>, 0.130000
	pigment { color rgbt <1,0,0,0> }
	no_shadow
}

// nucleotide -1

// particle -1
sphere {
	<24.867405, 38.677582, 35.674892> 0.250000
	pigment { color rgbt <1,0,0,0> }
	no_shadow
}
cylinder {
	<25.227211, 38.622932, 35.840885>,  <25.443094, 38.590141, 35.940479>, 0.100000
	pigment { color rgbt <1,0,0,0> }
	no_shadow
}
cylinder {
	<25.227211, 38.622932, 35.840885>,  <24.867405, 38.677582, 35.674892>, 0.100000
	pigment { color rgbt <1,0,0,0> }
	no_shadow
}

// particle -1
sphere {
	<25.227211, 38.622932, 35.840885> 0.100000
	pigment { color rgbt <1,0,0,0> }
	no_shadow
}
sphere {
	0, 1
	scale<0.080000,0.200000,0.300000>
	matrix <0.015244, -0.939452, -0.342342,
		0.436624, 0.314268, -0.842968,
		0.899515, -0.136624, 0.414977,
		25.497066, 38.581944, 35.965378>
	pigment { color rgbt <0,1,1,0> }
	no_shadow
}
cylinder {
	<25.150131, 38.257008, 35.218201>,  <24.867405, 38.677582, 35.674892>, 0.130000
	pigment { color rgbt <1,0,0,0> }
	no_shadow
}

// nucleotide -1

// particle -1
sphere {
	<25.150131, 38.257008, 35.218201> 0.250000
	pigment { color rgbt <1,0,0,0> }
	no_shadow
}
cylinder {
	<25.375090, 38.215996, 35.546394>,  <25.510065, 38.191391, 35.743313>, 0.100000
	pigment { color rgbt <1,0,0,0> }
	no_shadow
}
cylinder {
	<25.375090, 38.215996, 35.546394>,  <25.150131, 38.257008, 35.218201>, 0.100000
	pigment { color rgbt <1,0,0,0> }
	no_shadow
}

// particle -1
sphere {
	<25.375090, 38.215996, 35.546394> 0.100000
	pigment { color rgbt <1,0,0,0> }
	no_shadow
}
sphere {
	0, 1
	scale<0.080000,0.200000,0.300000>
	matrix <0.061466, -0.984354, -0.165135,
		0.824580, 0.143303, -0.547296,
		0.562397, -0.102527, 0.820486,
		25.543808, 38.185238, 35.792542>
	pigment { color rgbt <0,1,1,0> }
	no_shadow
}
cylinder {
	<25.727461, 37.782784, 35.057117>,  <25.150131, 38.257008, 35.218201>, 0.130000
	pigment { color rgbt <1,0,0,0> }
	no_shadow
}

// nucleotide -1

// particle -1
sphere {
	<25.727461, 37.782784, 35.057117> 0.250000
	pigment { color rgbt <1,0,0,0> }
	no_shadow
}
cylinder {
	<25.862307, 37.778282, 35.433678>,  <25.943214, 37.775581, 35.659615>, 0.100000
	pigment { color rgbt <1,0,0,0> }
	no_shadow
}
cylinder {
	<25.862307, 37.778282, 35.433678>,  <25.727461, 37.782784, 35.057117>, 0.100000
	pigment { color rgbt <1,0,0,0> }
	no_shadow
}

// particle -1
sphere {
	<25.862307, 37.778282, 35.433678> 0.100000
	pigment { color rgbt <1,0,0,0> }
	no_shadow
}
sphere {
	0, 1
	scale<0.080000,0.200000,0.300000>
	matrix <-0.029801, -0.999555, -0.001276,
		0.940992, -0.027624, -0.337301,
		0.337115, -0.011253, 0.941396,
		25.963442, 37.774906, 35.716095>
	pigment { color rgbt <0,1,1,0> }
	no_shadow
}
cylinder {
	<26.241570, 37.387554, 35.099983>,  <25.727461, 37.782784, 35.057117>, 0.130000
	pigment { color rgbt <1,0,0,0> }
	no_shadow
}

// nucleotide -1

// particle -1
sphere {
	<26.241570, 37.387554, 35.099983> 0.250000
	pigment { color rgbt <1,0,0,0> }
	no_shadow
}
cylinder {
	<26.072783, 37.383507, 35.462605>,  <25.971510, 37.381077, 35.680176>, 0.100000
	pigment { color rgbt <1,0,0,0> }
	no_shadow
}
cylinder {
	<26.072783, 37.383507, 35.462605>,  <26.241570, 37.387554, 35.099983>, 0.100000
	pigment { color rgbt <1,0,0,0> }
	no_shadow
}

// particle -1
sphere {
	<26.072783, 37.383507, 35.462605> 0.100000
	pigment { color rgbt <1,0,0,0> }
	no_shadow
}
sphere {
	0, 1
	scale<0.080000,0.200000,0.300000>
	matrix <-0.206162, -0.972670, -0.106817,
		0.882859, -0.231970, 0.408350,
		-0.421968, -0.010119, 0.906554,
		25.946192, 37.380470, 35.734570>
	pigment { color rgbt <0,1,1,0> }
	no_shadow
}
cylinder {
	<26.518801, 36.780170, 35.423653>,  <26.241570, 37.387554, 35.099983>, 0.130000
	pigment { color rgbt <1,0,0,0> }
	no_shadow
}

// nucleotide -1

// particle -1
sphere {
	<26.518801, 36.780170, 35.423653> 0.250000
	pigment { color rgbt <1,0,0,0> }
	no_shadow
}
cylinder {
	<26.159029, 36.868324, 35.574627>,  <25.943167, 36.921215, 35.665211>, 0.100000
	pigment { color rgbt <1,0,0,0> }
	no_shadow
}
cylinder {
	<26.159029, 36.868324, 35.574627>,  <26.518801, 36.780170, 35.423653>, 0.100000
	pigment { color rgbt <1,0,0,0> }
	no_shadow
}

// particle -1
sphere {
	<26.159029, 36.868324, 35.574627> 0.100000
	pigment { color rgbt <1,0,0,0> }
	no_shadow
}
sphere {
	0, 1
	scale<0.080000,0.200000,0.300000>
	matrix <-0.283824, -0.951218, -0.120945,
		0.332373, -0.215907, 0.918102,
		-0.899429, 0.220381, 0.377439,
		25.889200, 36.934437, 35.687859>
	pigment { color rgbt <0,1,1,0> }
	no_shadow
}
cylinder {
	<26.249966, 36.180367, 35.895725>,  <26.518801, 36.780170, 35.423653>, 0.130000
	pigment { color rgbt <1,0,0,0> }
	no_shadow
}

// nucleotide -1

// particle -1
sphere {
	<26.249966, 36.180367, 35.895725> 0.250000
	pigment { color rgbt <1,0,0,0> }
	no_shadow
}
cylinder {
	<25.951746, 36.408585, 35.757954>,  <25.772814, 36.545517, 35.675289>, 0.100000
	pigment { color rgbt <1,0,0,0> }
	no_shadow
}
cylinder {
	<25.951746, 36.408585, 35.757954>,  <26.249966, 36.180367, 35.895725>, 0.100000
	pigment { color rgbt <1,0,0,0> }
	no_shadow
}

// particle -1
sphere {
	<25.951746, 36.408585, 35.757954> 0.100000
	pigment { color rgbt <1,0,0,0> }
	no_shadow
}
sphere {
	0, 1
	scale<0.080000,0.200000,0.300000>
	matrix <-0.553080, -0.818032, -0.157882,
		-0.371837, 0.072790, 0.925440,
		-0.745547, 0.570548, -0.344433,
		25.728083, 36.579750, 35.654625>
	pigment { color rgbt <0,1,1,0> }
	no_shadow
}
cylinder {
	<25.634649, 36.035629, 36.305828>,  <26.249966, 36.180367, 35.895725>, 0.130000
	pigment { color rgbt <1,0,0,0> }
	no_shadow
}

// nucleotide -1

// particle -1
sphere {
	<25.634649, 36.035629, 36.305828> 0.250000
	pigment { color rgbt <1,0,0,0> }
	no_shadow
}
cylinder {
	<25.574322, 36.149662, 35.927204>,  <25.538126, 36.218082, 35.700027>, 0.100000
	pigment { color rgbt <1,0,0,0> }
	no_shadow
}
cylinder {
	<25.574322, 36.149662, 35.927204>,  <25.634649, 36.035629, 36.305828>, 0.100000
	pigment { color rgbt <1,0,0,0> }
	no_shadow
}

// particle -1
sphere {
	<25.574322, 36.149662, 35.927204> 0.100000
	pigment { color rgbt <1,0,0,0> }
	no_shadow
}
sphere {
	0, 1
	scale<0.080000,0.200000,0.300000>
	matrix <-0.397744, -0.894093, -0.205908,
		-0.905016, 0.345434, 0.248237,
		-0.150819, 0.285084, -0.946562,
		25.529076, 36.235188, 35.643234>
	pigment { color rgbt <0,1,1,0> }
	no_shadow
}
cylinder {
	<26.405952, 36.068359, 36.623299>,  <25.634649, 36.035629, 36.305828>, 0.130000
	pigment { color rgbt <1,0,0,0> }
	no_shadow
}

// nucleotide -1

// particle -1
sphere {
	<26.405952, 36.068359, 36.623299> 0.250000
	pigment { color rgbt <1,0,0,0> }
	no_shadow
}
cylinder {
	<26.675674, 36.207439, 36.883888>,  <26.837507, 36.290890, 37.040241>, 0.100000
	pigment { color rgbt <1,0,0,0> }
	no_shadow
}
cylinder {
	<26.675674, 36.207439, 36.883888>,  <26.405952, 36.068359, 36.623299>, 0.100000
	pigment { color rgbt <1,0,0,0> }
	no_shadow
}

// particle -1
sphere {
	<26.675674, 36.207439, 36.883888> 0.100000
	pigment { color rgbt <1,0,0,0> }
	no_shadow
}
sphere {
	0, 1
	scale<0.080000,0.200000,0.300000>
	matrix <0.468971, 0.479836, -0.741501,
		-0.570423, 0.805519, 0.160492,
		0.674303, 0.347703, 0.651474,
		26.877966, 36.311749, 37.079330>
	pigment { color rgbt <0,1,1,0> }
	no_shadow
}
cylinder {
	<26.523216, 36.833778, 36.595718>,  <26.405952, 36.068359, 36.623299>, 0.130000
	pigment { color rgbt <1,0,0,0> }
	no_shadow
}

// nucleotide -1

// particle -1
sphere {
	<26.523216, 36.833778, 36.595718> 0.250000
	pigment { color rgbt <1,0,0,0> }
	no_shadow
}
cylinder {
	<26.874834, 36.692230, 36.723503>,  <27.085806, 36.607304, 36.800175>, 0.100000
	pigment { color rgbt <1,0,0,0> }
	no_shadow
}
cylinder {
	<26.874834, 36.692230, 36.723503>,  <26.523216, 36.833778, 36.595718>, 0.100000
	pigment { color rgbt <1,0,0,0> }
	no_shadow
}

// particle -1
sphere {
	<26.874834, 36.692230, 36.723503> 0.100000
	pigment { color rgbt <1,0,0,0> }
	no_shadow
}
sphere {
	0, 1
	scale<0.080000,0.200000,0.300000>
	matrix <0.441097, 0.349492, -0.826613,
		0.180861, 0.867545, 0.463309,
		0.879046, -0.353866, 0.319462,
		27.138548, 36.586071, 36.819344>
	pigment { color rgbt <0,1,1,0> }
	no_shadow
}
cylinder {
	<27.057848, 37.441868, 36.693481>,  <26.523216, 36.833778, 36.595718>, 0.130000
	pigment { color rgbt <1,0,0,0> }
	no_shadow
}

// nucleotide -1

// particle -1
sphere {
	<27.057848, 37.441868, 36.693481> 0.250000
	pigment { color rgbt <1,0,0,0> }
	no_shadow
}
cylinder {
	<27.268900, 37.104843, 36.650230>,  <27.395531, 36.902626, 36.624279>, 0.100000
	pigment { color rgbt <1,0,0,0> }
	no_shadow
}
cylinder {
	<27.268900, 37.104843, 36.650230>,  <27.057848, 37.441868, 36.693481>, 0.100000
	pigment { color rgbt <1,0,0,0> }
	no_shadow
}

// particle -1
sphere {
	<27.268900, 37.104843, 36.650230> 0.100000
	pigment { color rgbt <1,0,0,0> }
	no_shadow
}
sphere {
	0, 1
	scale<0.080000,0.200000,0.300000>
	matrix <0.436072, 0.377886, -0.816727,
		0.729005, 0.383779, 0.566803,
		0.527630, -0.842565, -0.108125,
		27.427189, 36.852074, 36.617794>
	pigment { color rgbt <0,1,1,0> }
	no_shadow
}
cylinder {
	<27.769367, 37.629997, 36.466858>,  <27.057848, 37.441868, 36.693481>, 0.130000
	pigment { color rgbt <1,0,0,0> }
	no_shadow
}

// nucleotide -1

// particle -1
sphere {
	<27.769367, 37.629997, 36.466858> 0.250000
	pigment { color rgbt <1,0,0,0> }
	no_shadow
}
cylinder {
	<27.655554, 37.257889, 36.374226>,  <27.587267, 37.034622, 36.318645>, 0.100000
	pigment { color rgbt <1,0,0,0> }
	no_shadow
}
cylinder {
	<27.655554, 37.257889, 36.374226>,  <27.769367, 37.629997, 36.466858>, 0.100000
	pigment { color rgbt <1,0,0,0> }
	no_shadow
}

// particle -1
sphere {
	<27.655554, 37.257889, 36.374226> 0.100000
	pigment { color rgbt <1,0,0,0> }
	no_shadow
}
sphere {
	0, 1
	scale<0.080000,0.200000,0.300000>
	matrix <0.228907, 0.168649, -0.958728,
		0.930937, -0.325799, 0.164960,
		-0.284532, -0.930275, -0.231579,
		27.570194, 36.978806, 36.304752>
	pigment { color rgbt <0,1,1,0> }
	no_shadow
}
cylinder {
	<28.479418, 37.653461, 36.282700>,  <27.769367, 37.629997, 36.466858>, 0.130000
	pigment { color rgbt <1,0,0,0> }
	no_shadow
}

// nucleotide -1

// particle -1
sphere {
	<28.479418, 37.653461, 36.282700> 0.250000
	pigment { color rgbt <1,0,0,0> }
	no_shadow
}
cylinder {
	<28.269709, 37.652111, 35.942081>,  <28.143883, 37.651302, 35.737709>, 0.100000
	pigment { color rgbt <1,0,0,0> }
	no_shadow
}
cylinder {
	<28.269709, 37.652111, 35.942081>,  <28.479418, 37.653461, 36.282700>, 0.100000
	pigment { color rgbt <1,0,0,0> }
	no_shadow
}

// particle -1
sphere {
	<28.269709, 37.652111, 35.942081> 0.100000
	pigment { color rgbt <1,0,0,0> }
	no_shadow
}
sphere {
	0, 1
	scale<0.080000,0.200000,0.300000>
	matrix <-0.198009, -0.972099, 0.125763,
		-0.828209, 0.234547, 0.508976,
		-0.524273, -0.003377, -0.851544,
		28.112427, 37.651096, 35.686619>
	pigment { color rgbt <0,1,1,0> }
	no_shadow
}
cylinder {
	<28.237780, 37.112976, 36.780682>,  <28.479418, 37.653461, 36.282700>, 0.130000
	pigment { color rgbt <1,0,0,0> }
	no_shadow
}

// nucleotide -1

// particle -1
sphere {
	<28.237780, 37.112976, 36.780682> 0.250000
	pigment { color rgbt <1,0,0,0> }
	no_shadow
}
cylinder {
	<28.343096, 36.727108, 36.784504>,  <28.406286, 36.495586, 36.786797>, 0.100000
	pigment { color rgbt <1,0,0,0> }
	no_shadow
}
cylinder {
	<28.343096, 36.727108, 36.784504>,  <28.237780, 37.112976, 36.780682>, 0.100000
	pigment { color rgbt <1,0,0,0> }
	no_shadow
}

// particle -1
sphere {
	<28.343096, 36.727108, 36.784504> 0.100000
	pigment { color rgbt <1,0,0,0> }
	no_shadow
}
sphere {
	0, 1
	scale<0.080000,0.200000,0.300000>
	matrix <0.268191, 0.063673, -0.961259,
		0.926689, 0.255654, 0.275480,
		0.263291, -0.964669, 0.009559,
		28.422083, 36.437706, 36.787373>
	pigment { color rgbt <0,1,1,0> }
	no_shadow
}
cylinder {
	<28.951590, 37.045517, 36.494770>,  <28.237780, 37.112976, 36.780682>, 0.130000
	pigment { color rgbt <1,0,0,0> }
	no_shadow
}

// nucleotide -1

// particle -1
sphere {
	<28.951590, 37.045517, 36.494770> 0.250000
	pigment { color rgbt <1,0,0,0> }
	no_shadow
}
cylinder {
	<28.728979, 36.718376, 36.436264>,  <28.595413, 36.522091, 36.401161>, 0.100000
	pigment { color rgbt <1,0,0,0> }
	no_shadow
}
cylinder {
	<28.728979, 36.718376, 36.436264>,  <28.951590, 37.045517, 36.494770>, 0.100000
	pigment { color rgbt <1,0,0,0> }
	no_shadow
}

// particle -1
sphere {
	<28.728979, 36.718376, 36.436264> 0.100000
	pigment { color rgbt <1,0,0,0> }
	no_shadow
}
sphere {
	0, 1
	scale<0.080000,0.200000,0.300000>
	matrix <0.336896, -0.061215, -0.939550,
		0.759460, -0.572161, 0.309600,
		-0.556526, -0.817853, -0.146268,
		28.562021, 36.473019, 36.392384>
	pigment { color rgbt <0,1,1,0> }
	no_shadow
}
cylinder {
	<29.335699, 36.599415, 36.272068>,  <28.951590, 37.045517, 36.494770>, 0.130000
	pigment { color rgbt <1,0,0,0> }
	no_shadow
}

// nucleotide -1

// particle -1
sphere {
	<29.335699, 36.599415, 36.272068> 0.250000
	pigment { color rgbt <1,0,0,0> }
	no_shadow
}
cylinder {
	<28.965429, 36.538998, 36.133324>,  <28.743267, 36.502747, 36.050076>, 0.100000
	pigment { color rgbt <1,0,0,0> }
	no_shadow
}
cylinder {
	<28.965429, 36.538998, 36.133324>,  <29.335699, 36.599415, 36.272068>, 0.100000
	pigment { color rgbt <1,0,0,0> }
	no_shadow
}

// particle -1
sphere {
	<28.965429, 36.538998, 36.133324> 0.100000
	pigment { color rgbt <1,0,0,0> }
	no_shadow
}
sphere {
	0, 1
	scale<0.080000,0.200000,0.300000>
	matrix <0.358316, -0.055807, -0.931931,
		0.121404, -0.986951, 0.105780,
		-0.925673, -0.151043, -0.346865,
		28.687727, 36.493687, 36.029263>
	pigment { color rgbt <0,1,1,0> }
	no_shadow
}
cylinder {
	<29.330055, 36.052910, 35.960171>,  <29.335699, 36.599415, 36.272068>, 0.130000
	pigment { color rgbt <1,0,0,0> }
	no_shadow
}

// nucleotide -1

// particle -1
sphere {
	<29.330055, 36.052910, 35.960171> 0.250000
	pigment { color rgbt <1,0,0,0> }
	no_shadow
}
cylinder {
	<29.038700, 36.271828, 35.795288>,  <28.863886, 36.403179, 35.696358>, 0.100000
	pigment { color rgbt <1,0,0,0> }
	no_shadow
}
cylinder {
	<29.038700, 36.271828, 35.795288>,  <29.330055, 36.052910, 35.960171>, 0.100000
	pigment { color rgbt <1,0,0,0> }
	no_shadow
}

// particle -1
sphere {
	<29.038700, 36.271828, 35.795288> 0.100000
	pigment { color rgbt <1,0,0,0> }
	no_shadow
}
sphere {
	0, 1
	scale<0.080000,0.200000,0.300000>
	matrix <0.386679, -0.168290, -0.906729,
		-0.565623, -0.819842, -0.089048,
		-0.728389, 0.547300, -0.412204,
		28.820183, 36.436016, 35.671627>
	pigment { color rgbt <0,1,1,0> }
	no_shadow
}
cylinder {
	<29.058710, 35.670708, 35.350513>,  <29.330055, 36.052910, 35.960171>, 0.130000
	pigment { color rgbt <1,0,0,0> }
	no_shadow
}

// nucleotide -1

// particle -1
sphere {
	<29.058710, 35.670708, 35.350513> 0.250000
	pigment { color rgbt <1,0,0,0> }
	no_shadow
}
cylinder {
	<29.032267, 36.069813, 35.354671>,  <29.016401, 36.309277, 35.357166>, 0.100000
	pigment { color rgbt <1,0,0,0> }
	no_shadow
}
cylinder {
	<29.032267, 36.069813, 35.354671>,  <29.058710, 35.670708, 35.350513>, 0.100000
	pigment { color rgbt <1,0,0,0> }
	no_shadow
}

// particle -1
sphere {
	<29.032267, 36.069813, 35.354671> 0.100000
	pigment { color rgbt <1,0,0,0> }
	no_shadow
}
sphere {
	0, 1
	scale<0.080000,0.200000,0.300000>
	matrix <0.350897, 0.033001, -0.935833,
		-0.934078, -0.058217, -0.352292,
		-0.066108, 0.997759, 0.010397,
		29.012434, 36.369141, 35.357792>
	pigment { color rgbt <0,1,1,0> }
	no_shadow
}
cylinder {
	<28.733971, 35.826336, 34.788040>,  <29.058710, 35.670708, 35.350513>, 0.130000
	pigment { color rgbt <1,0,0,0> }
	no_shadow
}

// nucleotide -1

// particle -1
sphere {
	<28.733971, 35.826336, 34.788040> 0.250000
	pigment { color rgbt <1,0,0,0> }
	no_shadow
}
cylinder {
	<28.938568, 36.157532, 34.879959>,  <29.061327, 36.356251, 34.935112>, 0.100000
	pigment { color rgbt <1,0,0,0> }
	no_shadow
}
cylinder {
	<28.938568, 36.157532, 34.879959>,  <28.733971, 35.826336, 34.788040>, 0.100000
	pigment { color rgbt <1,0,0,0> }
	no_shadow
}

// particle -1
sphere {
	<28.938568, 36.157532, 34.879959> 0.100000
	pigment { color rgbt <1,0,0,0> }
	no_shadow
}
sphere {
	0, 1
	scale<0.080000,0.200000,0.300000>
	matrix <0.114861, 0.199148, -0.973215,
		-0.851577, 0.524186, 0.006758,
		0.511492, 0.827991, 0.229798,
		29.092016, 36.405930, 34.948898>
	pigment { color rgbt <0,1,1,0> }
	no_shadow
}
cylinder {
	<28.510153, 36.515606, 34.313755>,  <28.733971, 35.826336, 34.788040>, 0.130000
	pigment { color rgbt <1,0,0,0> }
	no_shadow
}

// nucleotide -1

// particle -1
sphere {
	<28.510153, 36.515606, 34.313755> 0.250000
	pigment { color rgbt <1,0,0,0> }
	no_shadow
}
cylinder {
	<28.894142, 36.554714, 34.418747>,  <29.124535, 36.578178, 34.481743>, 0.100000
	pigment { color rgbt <1,0,0,0> }
	no_shadow
}
cylinder {
	<28.894142, 36.554714, 34.418747>,  <28.510153, 36.515606, 34.313755>, 0.100000
	pigment { color rgbt <1,0,0,0> }
	no_shadow
}

// particle -1
sphere {
	<28.894142, 36.554714, 34.418747> 0.100000
	pigment { color rgbt <1,0,0,0> }
	no_shadow
}
sphere {
	0, 1
	scale<0.080000,0.200000,0.300000>
	matrix <0.247193, 0.144978, -0.958059,
		-0.131720, 0.984593, 0.115007,
		0.959972, 0.097766, 0.262481,
		29.182133, 36.584045, 34.497490>
	pigment { color rgbt <0,1,1,0> }
	no_shadow
}
cylinder {
	<28.194189, 37.101978, 34.734516>,  <28.510153, 36.515606, 34.313755>, 0.130000
	pigment { color rgbt <1,0,0,0> }
	no_shadow
}

// nucleotide -1

// particle -1
sphere {
	<28.194189, 37.101978, 34.734516> 0.250000
	pigment { color rgbt <1,0,0,0> }
	no_shadow
}
cylinder {
	<28.344320, 36.796913, 34.945221>,  <28.434399, 36.613873, 35.071644>, 0.100000
	pigment { color rgbt <1,0,0,0> }
	no_shadow
}
cylinder {
	<28.344320, 36.796913, 34.945221>,  <28.194189, 37.101978, 34.734516>, 0.100000
	pigment { color rgbt <1,0,0,0> }
	no_shadow
}

// particle -1
sphere {
	<28.344320, 36.796913, 34.945221> 0.100000
	pigment { color rgbt <1,0,0,0> }
	no_shadow
}
sphere {
	0, 1
	scale<0.080000,0.200000,0.300000>
	matrix <-0.631991, 0.205147, 0.747330,
		-0.678024, -0.613401, -0.404998,
		0.375329, -0.762663, 0.526758,
		28.456919, 36.568115, 35.103249>
	pigment { color rgbt <0,1,1,0> }
	no_shadow
}
cylinder {
	<27.730930, 37.042465, 35.237530>,  <28.194189, 37.101978, 34.734516>, 0.130000
	pigment { color rgbt <1,0,0,0> }
	no_shadow
}

// nucleotide -1

// particle -1
sphere {
	<27.730930, 37.042465, 35.237530> 0.250000
	pigment { color rgbt <1,0,0,0> }
	no_shadow
}
cylinder {
	<28.058687, 36.853188, 35.366947>,  <28.255342, 36.739620, 35.444595>, 0.100000
	pigment { color rgbt <1,0,0,0> }
	no_shadow
}
cylinder {
	<28.058687, 36.853188, 35.366947>,  <27.730930, 37.042465, 35.237530>, 0.100000
	pigment { color rgbt <1,0,0,0> }
	no_shadow
}

// particle -1
sphere {
	<28.058687, 36.853188, 35.366947> 0.100000
	pigment { color rgbt <1,0,0,0> }
	no_shadow
}
sphere {
	0, 1
	scale<0.080000,0.200000,0.300000>
	matrix <-0.394676, -0.056382, 0.917089,
		-0.415724, -0.879150, -0.232959,
		0.819393, -0.473199, 0.323540,
		28.304504, 36.711227, 35.464008>
	pigment { color rgbt <0,1,1,0> }
	no_shadow
}
cylinder {
	<27.518534, 36.448822, 35.475464>,  <27.730930, 37.042465, 35.237530>, 0.130000
	pigment { color rgbt <1,0,0,0> }
	no_shadow
}

// nucleotide -1

// particle -1
sphere {
	<27.518534, 36.448822, 35.475464> 0.250000
	pigment { color rgbt <1,0,0,0> }
	no_shadow
}
cylinder {
	<27.870970, 36.469936, 35.663460>,  <28.082432, 36.482605, 35.776257>, 0.100000
	pigment { color rgbt <1,0,0,0> }
	no_shadow
}
cylinder {
	<27.870970, 36.469936, 35.663460>,  <27.518534, 36.448822, 35.475464>, 0.100000
	pigment { color rgbt <1,0,0,0> }
	no_shadow
}

// particle -1
sphere {
	<27.870970, 36.469936, 35.663460> 0.100000
	pigment { color rgbt <1,0,0,0> }
	no_shadow
}
sphere {
	0, 1
	scale<0.080000,0.200000,0.300000>
	matrix <-0.449437, -0.215949, 0.866817,
		0.147254, -0.974977, -0.166545,
		0.881091, 0.052790, 0.469990,
		28.135298, 36.485771, 35.804459>
	pigment { color rgbt <0,1,1,0> }
	no_shadow
}
cylinder {
	<27.578268, 35.891754, 35.884460>,  <27.518534, 36.448822, 35.475464>, 0.130000
	pigment { color rgbt <1,0,0,0> }
	no_shadow
}

// nucleotide -1

// particle -1
sphere {
	<27.578268, 35.891754, 35.884460> 0.250000
	pigment { color rgbt <1,0,0,0> }
	no_shadow
}
cylinder {
	<27.785128, 36.204967, 36.022690>,  <27.909243, 36.392895, 36.105629>, 0.100000
	pigment { color rgbt <1,0,0,0> }
	no_shadow
}
cylinder {
	<27.785128, 36.204967, 36.022690>,  <27.578268, 35.891754, 35.884460>, 0.100000
	pigment { color rgbt <1,0,0,0> }
	no_shadow
}

// particle -1
sphere {
	<27.785128, 36.204967, 36.022690> 0.100000
	pigment { color rgbt <1,0,0,0> }
	no_shadow
}
sphere {
	0, 1
	scale<0.080000,0.200000,0.300000>
	matrix <-0.333256, -0.187680, 0.923968,
		0.788351, -0.592994, 0.163890,
		0.517149, 0.783029, 0.345576,
		27.940271, 36.439877, 36.126362>
	pigment { color rgbt <0,1,1,0> }
	no_shadow
}
cylinder {
	<28.062113, 35.727810, 36.379639>,  <27.578268, 35.891754, 35.884460>, 0.130000
	pigment { color rgbt <1,0,0,0> }
	no_shadow
}

// nucleotide -1

// particle -1
sphere {
	<28.062113, 35.727810, 36.379639> 0.250000
	pigment { color rgbt <1,0,0,0> }
	no_shadow
}
cylinder {
	<27.875807, 36.074413, 36.451443>,  <27.764023, 36.282375, 36.494526>, 0.100000
	pigment { color rgbt <1,0,0,0> }
	no_shadow
}
cylinder {
	<27.875807, 36.074413, 36.451443>,  <28.062113, 35.727810, 36.379639>, 0.100000
	pigment { color rgbt <1,0,0,0> }
	no_shadow
}

// particle -1
sphere {
	<27.875807, 36.074413, 36.451443> 0.100000
	pigment { color rgbt <1,0,0,0> }
	no_shadow
}
sphere {
	0, 1
	scale<0.080000,0.200000,0.300000>
	matrix <-0.345629, -0.364885, 0.864523,
		0.814619, 0.340618, 0.469441,
		-0.465764, 0.866509, 0.179515,
		27.736078, 36.334366, 36.505299>
	pigment { color rgbt <0,1,1,0> }
	no_shadow
}
cylinder {
	<28.269529, 35.951706, 37.139511>,  <28.062113, 35.727810, 36.379639>, 0.130000
	pigment { color rgbt <1,0,0,0> }
	no_shadow
}

// nucleotide -1

// particle -1
sphere {
	<28.269529, 35.951706, 37.139511> 0.250000
	pigment { color rgbt <1,0,0,0> }
	no_shadow
}
cylinder {
	<27.925333, 36.127869, 37.037067>,  <27.718815, 36.233566, 36.975601>, 0.100000
	pigment { color rgbt <1,0,0,0> }
	no_shadow
}
cylinder {
	<27.925333, 36.127869, 37.037067>,  <28.269529, 35.951706, 37.139511>, 0.100000
	pigment { color rgbt <1,0,0,0> }
	no_shadow
}

// particle -1
sphere {
	<27.925333, 36.127869, 37.037067> 0.100000
	pigment { color rgbt <1,0,0,0> }
	no_shadow
}
sphere {
	0, 1
	scale<0.080000,0.200000,0.300000>
	matrix <-0.403217, -0.281457, 0.870745,
		0.311397, 0.852540, 0.419771,
		-0.860493, 0.440406, -0.256114,
		27.667185, 36.259991, 36.960232>
	pigment { color rgbt <0,1,1,0> }
	no_shadow
}
cylinder {
	<28.069052, 36.553478, 37.563046>,  <28.269529, 35.951706, 37.139511>, 0.130000
	pigment { color rgbt <1,0,0,0> }
	no_shadow
}

// nucleotide -1

// particle -1
sphere {
	<28.069052, 36.553478, 37.563046> 0.250000
	pigment { color rgbt <1,0,0,0> }
	no_shadow
}
cylinder {
	<27.766537, 36.342377, 37.408379>,  <27.585028, 36.215717, 37.315578>, 0.100000
	pigment { color rgbt <1,0,0,0> }
	no_shadow
}
cylinder {
	<27.766537, 36.342377, 37.408379>,  <28.069052, 36.553478, 37.563046>, 0.100000
	pigment { color rgbt <1,0,0,0> }
	no_shadow
}

// particle -1
sphere {
	<27.766537, 36.342377, 37.408379> 0.100000
	pigment { color rgbt <1,0,0,0> }
	no_shadow
}
sphere {
	0, 1
	scale<0.080000,0.200000,0.300000>
	matrix <-0.411251, -0.076165, 0.908334,
		-0.508824, 0.845978, -0.159435,
		-0.756287, -0.527750, -0.386664,
		27.539650, 36.184052, 37.292381>
	pigment { color rgbt <0,1,1,0> }
	no_shadow
}
cylinder {
	<27.492023, 36.854622, 37.647678>,  <28.069052, 36.553478, 37.563046>, 0.130000
	pigment { color rgbt <1,0,0,0> }
	no_shadow
}

// nucleotide -1

// particle -1
sphere {
	<27.492023, 36.854622, 37.647678> 0.250000
	pigment { color rgbt <1,0,0,0> }
	no_shadow
}
cylinder {
	<27.429285, 36.459824, 37.633656>,  <27.391642, 36.222942, 37.625244>, 0.100000
	pigment { color rgbt <1,0,0,0> }
	no_shadow
}
cylinder {
	<27.429285, 36.459824, 37.633656>,  <27.492023, 36.854622, 37.647678>, 0.100000
	pigment { color rgbt <1,0,0,0> }
	no_shadow
}

// particle -1
sphere {
	<27.429285, 36.459824, 37.633656> 0.100000
	pigment { color rgbt <1,0,0,0> }
	no_shadow
}
sphere {
	0, 1
	scale<0.080000,0.200000,0.300000>
	matrix <-0.293081, 0.012621, 0.956004,
