// switches for output
#declare DRAW_BASES = 1; // possible values are 0, 1; only relevant for DNA ribbons
#declare DRAW_BASES_TYPE = 3; // possible values are 1, 2, 3; only relevant for DNA ribbons
#declare DRAW_FOG = 0; // set to 1 to enable fog

#include "colors.inc"

#include "transforms.inc"
background { rgb <1, 1, 1>}

#default {
   normal{
       ripples 0.25
       frequency 0.20
       turbulence 0.2
       lambda 5
   }
	finish {
		phong 0.1
		phong_size 40.
	}
}

// original window dimensions: 1024x640


// camera settings

camera {
	sky <0, 0.179814, -0.983701>
	up <0, 0.179814, -0.983701>
	right 1.6 * <1, 0, 0>
	location <35, 94.9851, 44.8844>
	look_at <35, 29.7336, 32.9568>
	direction <0, -65.2515, -11.9276>
	angle 67.0682
}


# declare cpy_camera_pos = <35, 94.9851, 44.8844>;
# if (DRAW_FOG = 1)
fog {
	fog_type 2
	up vnormalize(cpy_camera_pos)
	color rgbt<1,1,1,0.3>
	distance 1e-5
	fog_alt 3e-3
	fog_offset 56
}
# end


// LIGHTS

# declare lum = 6;
global_settings {
	ambient_light rgb lum * <0.05, 0.05, 0.05>
	max_trace_level 15
}# declare cpy_direct_light_amount = 0.25;
light_source
{	1000 * <-1, -1.16352, -0.803886>,
	rgb lum * cpy_direct_light_amount
	parallel
}

light_source
{	1000 * <1, 1.16352, 0.803886>,
	rgb lum * cpy_direct_light_amount
	parallel
}

// strand 0

// nucleotide -1

// particle -1
sphere {
	<24.121008, 35.537167, 35.583141> 0.250000
	pigment { color rgbt <1,0,0,0> }
	no_shadow
}
cylinder {
	<24.181860, 35.226200, 35.339016>,  <24.218372, 35.039619, 35.192539>, 0.100000
	pigment { color rgbt <1,0,0,0> }
	no_shadow
}
cylinder {
	<24.181860, 35.226200, 35.339016>,  <24.121008, 35.537167, 35.583141>, 0.100000
	pigment { color rgbt <1,0,0,0> }
	no_shadow
}

// particle -1
sphere {
	<24.181860, 35.226200, 35.339016> 0.100000
	pigment { color rgbt <1,0,0,0> }
	no_shadow
}
sphere {
	0, 1
	scale<0.080000,0.200000,0.300000>
	matrix <0.986877, 0.085670, 0.136869,
		-0.054118, -0.623129, 0.780244,
		0.152131, -0.777413, -0.610316,
		24.227499, 34.992977, 35.155922>
	pigment { color rgbt <0,1,1,0> }
	no_shadow
}
cylinder {
	<24.609711, 35.011421, 35.824642>,  <24.121008, 35.537167, 35.583141>, 0.130000
	pigment { color rgbt <1,0,0,0> }
	no_shadow
}

// nucleotide -1

// particle -1
sphere {
	<24.609711, 35.011421, 35.824642> 0.250000
	pigment { color rgbt <1,0,0,0> }
	no_shadow
}
cylinder {
	<24.606491, 35.050129, 35.426533>,  <24.604559, 35.073353, 35.187668>, 0.100000
	pigment { color rgbt <1,0,0,0> }
	no_shadow
}
cylinder {
	<24.606491, 35.050129, 35.426533>,  <24.609711, 35.011421, 35.824642>, 0.100000
	pigment { color rgbt <1,0,0,0> }
	no_shadow
}

// particle -1
sphere {
	<24.606491, 35.050129, 35.426533> 0.100000
	pigment { color rgbt <1,0,0,0> }
	no_shadow
}
sphere {
	0, 1
	scale<0.080000,0.200000,0.300000>
	matrix <0.972500, 0.232436, 0.014736,
		0.232764, -0.967786, -0.095975,
		-0.008047, 0.096766, -0.995275,
		24.604076, 35.079159, 35.127949>
	pigment { color rgbt <0,1,1,0> }
	no_shadow
}
cylinder {
	<25.062828, 34.505943, 35.518276>,  <24.609711, 35.011421, 35.824642>, 0.130000
	pigment { color rgbt <1,0,0,0> }
	no_shadow
}

// nucleotide -1

// particle -1
sphere {
	<25.062828, 34.505943, 35.518276> 0.250000
	pigment { color rgbt <1,0,0,0> }
	no_shadow
}
cylinder {
	<25.028969, 34.848148, 35.313950>,  <25.008654, 35.053471, 35.191353>, 0.100000
	pigment { color rgbt <1,0,0,0> }
	no_shadow
}
cylinder {
	<25.028969, 34.848148, 35.313950>,  <25.062828, 34.505943, 35.518276>, 0.100000
	pigment { color rgbt <1,0,0,0> }
	no_shadow
}

// particle -1
sphere {
	<25.028969, 34.848148, 35.313950> 0.100000
	pigment { color rgbt <1,0,0,0> }
	no_shadow
}
sphere {
	0, 1
	scale<0.080000,0.200000,0.300000>
	matrix <0.958321, 0.210291, 0.193390,
		0.272868, -0.473161, -0.837653,
		-0.084646, 0.855510, -0.510821,
		25.003574, 35.104801, 35.160702>
	pigment { color rgbt <0,1,1,0> }
	no_shadow
}
cylinder {
	<25.703945, 34.566917, 35.349224>,  <25.062828, 34.505943, 35.518276>, 0.130000
	pigment { color rgbt <1,0,0,0> }
	no_shadow
}

// nucleotide -1

// particle -1
sphere {
	<25.703945, 34.566917, 35.349224> 0.250000
	pigment { color rgbt <1,0,0,0> }
	no_shadow
}
cylinder {
	<25.556219, 34.938538, 35.340572>,  <25.467583, 35.161510, 35.335381>, 0.100000
	pigment { color rgbt <1,0,0,0> }
	no_shadow
}
cylinder {
	<25.556219, 34.938538, 35.340572>,  <25.703945, 34.566917, 35.349224>, 0.100000
	pigment { color rgbt <1,0,0,0> }
	no_shadow
}

// particle -1
sphere {
	<25.556219, 34.938538, 35.340572> 0.100000
	pigment { color rgbt <1,0,0,0> }
	no_shadow
}
sphere {
	0, 1
	scale<0.080000,0.200000,0.300000>
	matrix <0.928515, 0.367945, -0.049765,
		-0.038276, -0.038462, -0.998527,
		-0.369317, 0.929052, -0.021629,
		25.445423, 35.217255, 35.334084>
	pigment { color rgbt <0,1,1,0> }
	no_shadow
}
cylinder {
	<26.091333, 35.189861, 35.503502>,  <25.703945, 34.566917, 35.349224>, 0.130000
	pigment { color rgbt <1,0,0,0> }
	no_shadow
}

// nucleotide -1

// particle -1
sphere {
	<26.091333, 35.189861, 35.503502> 0.250000
	pigment { color rgbt <1,0,0,0> }
	no_shadow
}
cylinder {
	<25.875576, 35.221504, 35.838833>,  <25.746120, 35.240490, 36.040031>, 0.100000
	pigment { color rgbt <1,0,0,0> }
	no_shadow
}
cylinder {
	<25.875576, 35.221504, 35.838833>,  <26.091333, 35.189861, 35.503502>, 0.100000
	pigment { color rgbt <1,0,0,0> }
	no_shadow
}

// particle -1
sphere {
	<25.875576, 35.221504, 35.838833> 0.100000
	pigment { color rgbt <1,0,0,0> }
	no_shadow
}
sphere {
	0, 1
	scale<0.080000,0.200000,0.300000>
	matrix <0.796383, -0.275494, 0.538403,
		0.273545, 0.958042, 0.085602,
		-0.539395, 0.079105, 0.838329,
		25.713757, 35.245235, 36.090332>
	pigment { color rgbt <0,1,1,0> }
	no_shadow
}
cylinder {
	<26.403383, 35.650444, 35.992393>,  <26.091333, 35.189861, 35.503502>, 0.130000
	pigment { color rgbt <1,0,0,0> }
	no_shadow
}

// nucleotide -1

// particle -1
sphere {
	<26.403383, 35.650444, 35.992393> 0.250000
	pigment { color rgbt <1,0,0,0> }
	no_shadow
}
cylinder {
	<26.168129, 35.385567, 36.178123>,  <26.026976, 35.226639, 36.289562>, 0.100000
	pigment { color rgbt <1,0,0,0> }
	no_shadow
}
cylinder {
	<26.168129, 35.385567, 36.178123>,  <26.403383, 35.650444, 35.992393>, 0.100000
	pigment { color rgbt <1,0,0,0> }
	no_shadow
}

// particle -1
sphere {
	<26.168129, 35.385567, 36.178123> 0.100000
	pigment { color rgbt <1,0,0,0> }
	no_shadow
}
sphere {
	0, 1
	scale<0.080000,0.200000,0.300000>
	matrix <0.727929, -0.183230, 0.660716,
		-0.352442, 0.726587, 0.589793,
		-0.588136, -0.662192, 0.464326,
		25.991688, 35.186909, 36.317421>
	pigment { color rgbt <0,1,1,0> }
	no_shadow
}
cylinder {
	<26.498373, 35.679260, 36.729481>,  <26.403383, 35.650444, 35.992393>, 0.130000
	pigment { color rgbt <1,0,0,0> }
	no_shadow
}

// nucleotide -1

// particle -1
sphere {
	<26.498373, 35.679260, 36.729481> 0.250000
	pigment { color rgbt <1,0,0,0> }
	no_shadow
}
cylinder {
	<26.332350, 35.318127, 36.684536>,  <26.232737, 35.101448, 36.657570>, 0.100000
	pigment { color rgbt <1,0,0,0> }
	no_shadow
}
cylinder {
	<26.332350, 35.318127, 36.684536>,  <26.498373, 35.679260, 36.729481>, 0.100000
	pigment { color rgbt <1,0,0,0> }
	no_shadow
}

// particle -1
sphere {
	<26.332350, 35.318127, 36.684536> 0.100000
	pigment { color rgbt <1,0,0,0> }
	no_shadow
}
sphere {
	0, 1
	scale<0.080000,0.200000,0.300000>
	matrix <0.716338, -0.400439, 0.571410,
		-0.560881, 0.156675, 0.812936,
		-0.415057, -0.902830, -0.112366,
		26.207832, 35.047279, 36.650826>
	pigment { color rgbt <0,1,1,0> }
	no_shadow
}
cylinder {
	<26.457176, 35.372715, 37.365257>,  <26.498373, 35.679260, 36.729481>, 0.130000
	pigment { color rgbt <1,0,0,0> }
	no_shadow
}

// nucleotide -1

// particle -1
sphere {
	<26.457176, 35.372715, 37.365257> 0.250000
	pigment { color rgbt <1,0,0,0> }
	no_shadow
}
cylinder {
	<26.487823, 35.044254, 37.139038>,  <26.506212, 34.847179, 37.003307>, 0.100000
	pigment { color rgbt <1,0,0,0> }
	no_shadow
}
cylinder {
	<26.487823, 35.044254, 37.139038>,  <26.457176, 35.372715, 37.365257>, 0.100000
	pigment { color rgbt <1,0,0,0> }
	no_shadow
}

// particle -1
sphere {
	<26.487823, 35.044254, 37.139038> 0.100000
	pigment { color rgbt <1,0,0,0> }
	no_shadow
}
sphere {
	0, 1
	scale<0.080000,0.200000,0.300000>
	matrix <0.705027, -0.356461, 0.613084,
		-0.705030, -0.445695, 0.551624,
		0.076616, -0.821152, -0.565543,
		26.510809, 34.797909, 36.969376>
	pigment { color rgbt <0,1,1,0> }
	no_shadow
}
cylinder {
	<26.326424, 34.724632, 37.784195>,  <26.457176, 35.372715, 37.365257>, 0.130000
	pigment { color rgbt <1,0,0,0> }
	no_shadow
}

// nucleotide -1

// particle -1
sphere {
	<26.326424, 34.724632, 37.784195> 0.250000
	pigment { color rgbt <1,0,0,0> }
	no_shadow
}
cylinder {
	<26.570652, 34.624222, 37.483746>,  <26.717190, 34.563976, 37.303474>, 0.100000
	pigment { color rgbt <1,0,0,0> }
	no_shadow
}
cylinder {
	<26.570652, 34.624222, 37.483746>,  <26.326424, 34.724632, 37.784195>, 0.100000
	pigment { color rgbt <1,0,0,0> }
	no_shadow
}

// particle -1
sphere {
	<26.570652, 34.624222, 37.483746> 0.100000
	pigment { color rgbt <1,0,0,0> }
	no_shadow
}
sphere {
	0, 1
	scale<0.080000,0.200000,0.300000>
	matrix <0.677965, -0.324551, 0.659568,
		-0.409346, -0.911951, -0.027976,
		0.610572, -0.251024, -0.751124,
		26.753824, 34.548916, 37.258408>
	pigment { color rgbt <0,1,1,0> }
	no_shadow
}
cylinder {
	<26.719790, 34.116470, 38.011166>,  <26.326424, 34.724632, 37.784195>, 0.130000
	pigment { color rgbt <1,0,0,0> }
	no_shadow
}

// nucleotide -1

// particle -1
sphere {
	<26.719790, 34.116470, 38.011166> 0.250000
	pigment { color rgbt <1,0,0,0> }
	no_shadow
}
cylinder {
	<26.929790, 34.261303, 37.703068>,  <27.055792, 34.348202, 37.518211>, 0.100000
	pigment { color rgbt <1,0,0,0> }
	no_shadow
}
cylinder {
	<26.929790, 34.261303, 37.703068>,  <26.719790, 34.116470, 38.011166>, 0.100000
	pigment { color rgbt <1,0,0,0> }
	no_shadow
}

// particle -1
sphere {
	<26.929790, 34.261303, 37.703068> 0.100000
	pigment { color rgbt <1,0,0,0> }
	no_shadow
}
sphere {
	0, 1
	scale<0.080000,0.200000,0.300000>
	matrix <0.850909, -0.204108, 0.484039,
		0.018049, -0.909526, -0.415256,
		0.525003, 0.362081, -0.770240,
		27.087292, 34.369926, 37.471996>
	pigment { color rgbt <0,1,1,0> }
	no_shadow
}
cylinder {
	<27.181643, 33.621315, 38.009312>,  <26.719790, 34.116470, 38.011166>, 0.130000
	pigment { color rgbt <1,0,0,0> }
	no_shadow
}

// nucleotide -1

// particle -1
sphere {
	<27.181643, 33.621315, 38.009312> 0.250000
	pigment { color rgbt <1,0,0,0> }
	no_shadow
}
cylinder {
	<27.336275, 33.927929, 37.804184>,  <27.429054, 34.111897, 37.681107>, 0.100000
	pigment { color rgbt <1,0,0,0> }
	no_shadow
}
cylinder {
	<27.336275, 33.927929, 37.804184>,  <27.181643, 33.621315, 38.009312>, 0.100000
	pigment { color rgbt <1,0,0,0> }
	no_shadow
}

// particle -1
sphere {
	<27.336275, 33.927929, 37.804184> 0.100000
	pigment { color rgbt <1,0,0,0> }
	no_shadow
}
sphere {
	0, 1
	scale<0.080000,0.200000,0.300000>
	matrix <0.922187, -0.328003, 0.204900,
		-0.011142, -0.552123, -0.833688,
		0.386582, 0.766534, -0.512815,
		27.452250, 34.157890, 37.650341>
	pigment { color rgbt <0,1,1,0> }
	no_shadow
}
cylinder {
	<27.862453, 33.308556, 37.893967>,  <27.181643, 33.621315, 38.009312>, 0.130000
	pigment { color rgbt <1,0,0,0> }
	no_shadow
}

// nucleotide -1

// particle -1
sphere {
	<27.862453, 33.308556, 37.893967> 0.250000
	pigment { color rgbt <1,0,0,0> }
	no_shadow
}
cylinder {
	<27.896919, 33.695267, 37.797707>,  <27.917599, 33.927296, 37.739952>, 0.100000
	pigment { color rgbt <1,0,0,0> }
	no_shadow
}
cylinder {
	<27.896919, 33.695267, 37.797707>,  <27.862453, 33.308556, 37.893967>, 0.100000
	pigment { color rgbt <1,0,0,0> }
	no_shadow
}

// particle -1
sphere {
	<27.896919, 33.695267, 37.797707> 0.100000
	pigment { color rgbt <1,0,0,0> }
	no_shadow
}
sphere {
	0, 1
	scale<0.080000,0.200000,0.300000>
	matrix <0.995184, -0.072192, 0.066306,
		0.046730, -0.245203, -0.968345,
		0.086165, 0.966780, -0.240649,
		27.922770, 33.985302, 37.725513>
	pigment { color rgbt <0,1,1,0> }
	no_shadow
}
cylinder {
	<28.282413, 33.347641, 37.220619>,  <27.862453, 33.308556, 37.893967>, 0.130000
	pigment { color rgbt <1,0,0,0> }
	no_shadow
}

// nucleotide -1

// particle -1
sphere {
	<28.282413, 33.347641, 37.220619> 0.250000
	pigment { color rgbt <1,0,0,0> }
	no_shadow
}
cylinder {
	<28.310419, 33.665977, 37.461197>,  <28.327223, 33.856979, 37.605541>, 0.100000
	pigment { color rgbt <1,0,0,0> }
	no_shadow
}
cylinder {
	<28.310419, 33.665977, 37.461197>,  <28.282413, 33.347641, 37.220619>, 0.100000
	pigment { color rgbt <1,0,0,0> }
	no_shadow
}

// particle -1
sphere {
	<28.310419, 33.665977, 37.461197> 0.100000
	pigment { color rgbt <1,0,0,0> }
	no_shadow
}
sphere {
	0, 1
	scale<0.080000,0.200000,0.300000>
	matrix <0.988179, -0.137762, 0.067254,
		0.136379, 0.589622, -0.796082,
		0.070016, 0.795844, 0.601441,
		28.331425, 33.904732, 37.641628>
	pigment { color rgbt <0,1,1,0> }
	no_shadow
}
cylinder {
	<28.669815, 33.870770, 36.893887>,  <28.282413, 33.347641, 37.220619>, 0.130000
	pigment { color rgbt <1,0,0,0> }
	no_shadow
}

// nucleotide -1

// particle -1
sphere {
	<28.669815, 33.870770, 36.893887> 0.250000
	pigment { color rgbt <1,0,0,0> }
	no_shadow
}
cylinder {
	<28.706526, 33.918453, 37.289333>,  <28.728552, 33.947063, 37.526604>, 0.100000
	pigment { color rgbt <1,0,0,0> }
	no_shadow
}
cylinder {
	<28.706526, 33.918453, 37.289333>,  <28.669815, 33.870770, 36.893887>, 0.100000
	pigment { color rgbt <1,0,0,0> }
	no_shadow
}

// particle -1
sphere {
	<28.706526, 33.918453, 37.289333> 0.100000
	pigment { color rgbt <1,0,0,0> }
	no_shadow
}
sphere {
	0, 1
	scale<0.080000,0.200000,0.300000>
	matrix <0.986024, -0.149507, -0.073510,
		0.139043, 0.981549, -0.131261,
		0.091778, 0.119205, 0.988619,
		28.734058, 33.954216, 37.585918>
	pigment { color rgbt <0,1,1,0> }
	no_shadow
}
cylinder {
	<29.213747, 34.301392, 37.104610>,  <28.669815, 33.870770, 36.893887>, 0.130000
	pigment { color rgbt <1,0,0,0> }
	no_shadow
}

// nucleotide -1

// particle -1
sphere {
	<29.213747, 34.301392, 37.104610> 0.250000
	pigment { color rgbt <1,0,0,0> }
	no_shadow
}
cylinder {
	<29.160233, 34.051285, 37.412151>,  <29.128124, 33.901218, 37.596676>, 0.100000
	pigment { color rgbt <1,0,0,0> }
	no_shadow
}
cylinder {
	<29.160233, 34.051285, 37.412151>,  <29.213747, 34.301392, 37.104610>, 0.100000
	pigment { color rgbt <1,0,0,0> }
	no_shadow
}

// particle -1
sphere {
	<29.160233, 34.051285, 37.412151> 0.100000
	pigment { color rgbt <1,0,0,0> }
	no_shadow
}
sphere {
	0, 1
	scale<0.080000,0.200000,0.300000>
	matrix <0.990467, -0.058691, 0.124618,
		-0.032795, 0.778197, 0.627163,
		-0.133787, -0.625271, 0.768854,
		29.120096, 33.863705, 37.642807>
	pigment { color rgbt <0,1,1,0> }
	no_shadow
}
cylinder {
	<28.700033, 34.723286, 37.015388>,  <29.213747, 34.301392, 37.104610>, 0.130000
	pigment { color rgbt <1,0,0,0> }
	no_shadow
}

// nucleotide -1

// particle -1
sphere {
	<28.700033, 34.723286, 37.015388> 0.250000
	pigment { color rgbt <1,0,0,0> }
	no_shadow
}
cylinder {
	<29.022919, 34.736122, 36.779636>,  <29.216650, 34.743824, 36.638184>, 0.100000
	pigment { color rgbt <1,0,0,0> }
	no_shadow
}
cylinder {
	<29.022919, 34.736122, 36.779636>,  <28.700033, 34.723286, 37.015388>, 0.100000
	pigment { color rgbt <1,0,0,0> }
	no_shadow
}

// particle -1
sphere {
	<29.022919, 34.736122, 36.779636> 0.100000
	pigment { color rgbt <1,0,0,0> }
	no_shadow
}
sphere {
	0, 1
	scale<0.080000,0.200000,0.300000>
	matrix <0.587546, 0.051890, 0.807525,
		0.056505, -0.998137, 0.023026,
		0.807216, 0.032100, -0.589384,
		29.265083, 34.745750, 36.602821>
	pigment { color rgbt <0,1,1,0> }
	no_shadow
}
cylinder {
	<28.031761, 35.059486, 36.891254>,  <28.700033, 34.723286, 37.015388>, 0.130000
	pigment { color rgbt <1,0,0,0> }
	no_shadow
}

// nucleotide -1

// particle -1
sphere {
	<28.031761, 35.059486, 36.891254> 0.250000
	pigment { color rgbt <1,0,0,0> }
	no_shadow
}
cylinder {
	<27.881048, 34.771252, 37.124081>,  <27.790621, 34.598312, 37.263775>, 0.100000
	pigment { color rgbt <1,0,0,0> }
	no_shadow
}
cylinder {
	<27.881048, 34.771252, 37.124081>,  <28.031761, 35.059486, 36.891254>, 0.100000
	pigment { color rgbt <1,0,0,0> }
	no_shadow
}

// particle -1
sphere {
	<27.881048, 34.771252, 37.124081> 0.100000
	pigment { color rgbt <1,0,0,0> }
	no_shadow
}
sphere {
	0, 1
	scale<0.080000,0.200000,0.300000>
	matrix <-0.877028, 0.075301, -0.474501,
		0.298088, -0.689268, -0.660344,
		-0.376782, -0.720583, 0.582061,
		27.768013, 34.555077, 37.298698>
	pigment { color rgbt <0,1,1,0> }
	no_shadow
}
cylinder {
	<27.789761, 34.631325, 36.446030>,  <28.031761, 35.059486, 36.891254>, 0.130000
	pigment { color rgbt <1,0,0,0> }
	no_shadow
}

// nucleotide -1

// particle -1
sphere {
	<27.789761, 34.631325, 36.446030> 0.250000
	pigment { color rgbt <1,0,0,0> }
	no_shadow
}
cylinder {
	<27.573946, 34.549850, 36.772812>,  <27.444458, 34.500965, 36.968880>, 0.100000
	pigment { color rgbt <1,0,0,0> }
	no_shadow
}
cylinder {
	<27.573946, 34.549850, 36.772812>,  <27.789761, 34.631325, 36.446030>, 0.100000
	pigment { color rgbt <1,0,0,0> }
	no_shadow
}

// particle -1
sphere {
	<27.573946, 34.549850, 36.772812> 0.100000
	pigment { color rgbt <1,0,0,0> }
	no_shadow
}
sphere {
	0, 1
	scale<0.080000,0.200000,0.300000>
	matrix <-0.832530, -0.015782, -0.553755,
		0.125684, -0.978910, -0.161057,
		-0.539535, -0.203683, 0.816955,
		27.412086, 34.488747, 37.017899>
	pigment { color rgbt <0,1,1,0> }
	no_shadow
}
cylinder {
	<27.369310, 34.162098, 36.234970>,  <27.789761, 34.631325, 36.446030>, 0.130000
	pigment { color rgbt <1,0,0,0> }
	no_shadow
}

// nucleotide -1

// particle -1
sphere {
	<27.369310, 34.162098, 36.234970> 0.250000
	pigment { color rgbt <1,0,0,0> }
	no_shadow
}
cylinder {
	<27.179981, 34.300892, 36.558838>,  <27.066383, 34.384167, 36.753159>, 0.100000
	pigment { color rgbt <1,0,0,0> }
	no_shadow
}
cylinder {
	<27.179981, 34.300892, 36.558838>,  <27.369310, 34.162098, 36.234970>, 0.100000
	pigment { color rgbt <1,0,0,0> }
	no_shadow
}

// particle -1
sphere {
	<27.179981, 34.300892, 36.558838> 0.100000
	pigment { color rgbt <1,0,0,0> }
	no_shadow
}
sphere {
	0, 1
	scale<0.080000,0.200000,0.300000>
	matrix <-0.880547, -0.160748, -0.445867,
		-0.024558, -0.923991, 0.381624,
		-0.473323, 0.346987, 0.809670,
		27.037985, 34.404987, 36.801739>
	pigment { color rgbt <0,1,1,0> }
	no_shadow
}
cylinder {
	<26.779253, 33.772335, 36.228420>,  <27.369310, 34.162098, 36.234970>, 0.130000
	pigment { color rgbt <1,0,0,0> }
	no_shadow
}

// nucleotide -1

// particle -1
sphere {
	<26.779253, 33.772335, 36.228420> 0.250000
	pigment { color rgbt <1,0,0,0> }
	no_shadow
}
cylinder {
	<26.705782, 34.097012, 36.450203>,  <26.661699, 34.291817, 36.583271>, 0.100000
	pigment { color rgbt <1,0,0,0> }
	no_shadow
}
cylinder {
	<26.705782, 34.097012, 36.450203>,  <26.779253, 33.772335, 36.228420>, 0.100000
	pigment { color rgbt <1,0,0,0> }
	no_shadow
}

// particle -1
sphere {
	<26.705782, 34.097012, 36.450203> 0.100000
	pigment { color rgbt <1,0,0,0> }
	no_shadow
}
sphere {
	0, 1
	scale<0.080000,0.200000,0.300000>
	matrix <-0.942186, 0.015444, -0.334734,
		-0.280263, -0.583886, 0.761925,
		-0.183679, 0.811689, 0.554457,
		26.650679, 34.340519, 36.616539>
	pigment { color rgbt <0,1,1,0> }
	no_shadow
}
cylinder {
	<26.110413, 33.911373, 36.110886>,  <26.779253, 33.772335, 36.228420>, 0.130000
	pigment { color rgbt <1,0,0,0> }
	no_shadow
}

// nucleotide -1

// particle -1
sphere {
	<26.110413, 33.911373, 36.110886> 0.250000
	pigment { color rgbt <1,0,0,0> }
	no_shadow
}
cylinder {
	<26.163137, 34.143139, 36.432606>,  <26.194773, 34.282200, 36.625637>, 0.100000
	pigment { color rgbt <1,0,0,0> }
	no_shadow
}
cylinder {
	<26.163137, 34.143139, 36.432606>,  <26.110413, 33.911373, 36.110886>, 0.100000
	pigment { color rgbt <1,0,0,0> }
	no_shadow
}

// particle -1
sphere {
	<26.163137, 34.143139, 36.432606> 0.100000
	pigment { color rgbt <1,0,0,0> }
	no_shadow
}
sphere {
	0, 1
	scale<0.080000,0.200000,0.300000>
	matrix <-0.879364, 0.442857, -0.174919,
		-0.457542, -0.684218, 0.567892,
		0.131812, 0.579416, 0.804303,
		26.202681, 34.316963, 36.673897>
	pigment { color rgbt <0,1,1,0> }
	no_shadow
}
cylinder {
	<25.541407, 33.939789, 36.583313>,  <26.110413, 33.911373, 36.110886>, 0.130000
	pigment { color rgbt <1,0,0,0> }
	no_shadow
}

// nucleotide -1

// particle -1
sphere {
	<25.541407, 33.939789, 36.583313> 0.250000
	pigment { color rgbt <1,0,0,0> }
	no_shadow
}
cylinder {
	<25.760647, 34.269852, 36.638012>,  <25.892191, 34.467888, 36.670830>, 0.100000
	pigment { color rgbt <1,0,0,0> }
	no_shadow
}
cylinder {
	<25.760647, 34.269852, 36.638012>,  <25.541407, 33.939789, 36.583313>, 0.100000
	pigment { color rgbt <1,0,0,0> }
	no_shadow
}

// particle -1
sphere {
	<25.760647, 34.269852, 36.638012> 0.100000
	pigment { color rgbt <1,0,0,0> }
	no_shadow
}
sphere {
	0, 1
	scale<0.080000,0.200000,0.300000>
	matrix <-0.822782, 0.561309, -0.089227,
		-0.150382, -0.063605, 0.986580,
		0.548101, 0.825159, 0.136744,
		25.925077, 34.517399, 36.679035>
	pigment { color rgbt <0,1,1,0> }
	no_shadow
}
cylinder {
	<25.168373, 34.459373, 37.015839>,  <25.541407, 33.939789, 36.583313>, 0.130000
	pigment { color rgbt <1,0,0,0> }
	no_shadow
}

// nucleotide -1

// particle -1
sphere {
	<25.168373, 34.459373, 37.015839> 0.250000
	pigment { color rgbt <1,0,0,0> }
	no_shadow
}
cylinder {
	<25.427479, 34.646744, 36.775513>,  <25.582943, 34.759167, 36.631317>, 0.100000
	pigment { color rgbt <1,0,0,0> }
	no_shadow
}
cylinder {
	<25.427479, 34.646744, 36.775513>,  <25.168373, 34.459373, 37.015839>, 0.100000
	pigment { color rgbt <1,0,0,0> }
	no_shadow
}

// particle -1
sphere {
	<25.427479, 34.646744, 36.775513> 0.100000
	pigment { color rgbt <1,0,0,0> }
	no_shadow
}
sphere {
	0, 1
	scale<0.080000,0.200000,0.300000>
	matrix <-0.748978, 0.535861, -0.389724,
		0.139400, 0.702449, 0.697949,
		0.647765, 0.468421, -0.600818,
		25.621809, 34.787270, 36.595268>
	pigment { color rgbt <0,1,1,0> }
	no_shadow
}
cylinder {
	<25.030058, 35.108147, 37.143959>,  <25.168373, 34.459373, 37.015839>, 0.130000
	pigment { color rgbt <1,0,0,0> }
	no_shadow
}

// nucleotide -1

// particle -1
sphere {
	<25.030058, 35.108147, 37.143959> 0.250000
	pigment { color rgbt <1,0,0,0> }
	no_shadow
}
cylinder {
	<25.200262, 35.059875, 36.785210>,  <25.302385, 35.030914, 36.569962>, 0.100000
	pigment { color rgbt <1,0,0,0> }
	no_shadow
}
cylinder {
	<25.200262, 35.059875, 36.785210>,  <25.030058, 35.108147, 37.143959>, 0.100000
	pigment { color rgbt <1,0,0,0> }
	no_shadow
}

// particle -1
sphere {
	<25.200262, 35.059875, 36.785210> 0.100000
	pigment { color rgbt <1,0,0,0> }
	no_shadow
}
sphere {
	0, 1
	scale<0.080000,0.200000,0.300000>
	matrix <-0.615398, 0.688046, -0.384549,
		0.663494, 0.715563, 0.218508,
		0.425512, -0.120676, -0.896870,
		25.327915, 35.023674, 36.516148>
	pigment { color rgbt <0,1,1,0> }
	no_shadow
}
cylinder {
	<24.920876, 35.713955, 36.810490>,  <25.030058, 35.108147, 37.143959>, 0.130000
	pigment { color rgbt <1,0,0,0> }
	no_shadow
}

// nucleotide -1

// particle -1
sphere {
	<24.920876, 35.713955, 36.810490> 0.250000
	pigment { color rgbt <1,0,0,0> }
	no_shadow
}
cylinder {
	<25.040201, 35.510994, 36.487118>,  <25.111797, 35.389217, 36.293095>, 0.100000
	pigment { color rgbt <1,0,0,0> }
	no_shadow
}
cylinder {
	<25.040201, 35.510994, 36.487118>,  <24.920876, 35.713955, 36.810490>, 0.100000
	pigment { color rgbt <1,0,0,0> }
	no_shadow
}

// particle -1
sphere {
	<25.040201, 35.510994, 36.487118> 0.100000
	pigment { color rgbt <1,0,0,0> }
	no_shadow
}
sphere {
	0, 1
	scale<0.080000,0.200000,0.300000>
	matrix <-0.344839, 0.732485, -0.586985,
		0.889997, 0.453884, 0.043541,
		0.298316, -0.507400, -0.808426,
		25.129696, 35.358772, 36.244591>
	pigment { color rgbt <0,1,1,0> }
	no_shadow
}
cylinder {
	<24.875076, 36.297390, 37.265877>,  <24.920876, 35.713955, 36.810490>, 0.130000
	pigment { color rgbt <1,0,0,0> }
	no_shadow
}

// nucleotide -1

// particle -1
sphere {
	<24.875076, 36.297390, 37.265877> 0.250000
	pigment { color rgbt <1,0,0,0> }
	no_shadow
}
cylinder {
	<24.693491, 36.378494, 36.918819>,  <24.584539, 36.427155, 36.710587>, 0.100000
	pigment { color rgbt <1,0,0,0> }
	no_shadow
}
cylinder {
	<24.693491, 36.378494, 36.918819>,  <24.875076, 36.297390, 37.265877>, 0.100000
	pigment { color rgbt <1,0,0,0> }
	no_shadow
}

// particle -1
sphere {
	<24.693491, 36.378494, 36.918819> 0.100000
	pigment { color rgbt <1,0,0,0> }
	no_shadow
}
sphere {
	0, 1
	scale<0.080000,0.200000,0.300000>
	matrix <0.845599, 0.404975, -0.347790,
		0.280857, -0.891563, -0.355296,
		-0.453962, 0.202759, -0.867644,
		24.557302, 36.439323, 36.658527>
	pigment { color rgbt <0,1,1,0> }
	no_shadow
}
cylinder {
	<25.565216, 36.217381, 36.966328>,  <24.875076, 36.297390, 37.265877>, 0.130000
	pigment { color rgbt <1,0,0,0> }
	no_shadow
}

// nucleotide -1

// particle -1
sphere {
	<25.565216, 36.217381, 36.966328> 0.250000
	pigment { color rgbt <1,0,0,0> }
	no_shadow
}
cylinder {
	<25.257355, 36.349800, 36.747955>,  <25.072638, 36.429253, 36.616932>, 0.100000
	pigment { color rgbt <1,0,0,0> }
	no_shadow
}
cylinder {
	<25.257355, 36.349800, 36.747955>,  <25.565216, 36.217381, 36.966328>, 0.100000
	pigment { color rgbt <1,0,0,0> }
	no_shadow
}

// particle -1
sphere {
	<25.257355, 36.349800, 36.747955> 0.100000
	pigment { color rgbt <1,0,0,0> }
	no_shadow
}
sphere {
	0, 1
	scale<0.080000,0.200000,0.300000>
	matrix <0.634129, 0.495824, -0.593329,
		0.074267, -0.802850, -0.591538,
		-0.769653, 0.331046, -0.545933,
		25.026459, 36.449116, 36.584175>
	pigment { color rgbt <0,1,1,0> }
	no_shadow
}
cylinder {
	<25.747885, 36.984077, 36.728790>,  <25.565216, 36.217381, 36.966328>, 0.130000
	pigment { color rgbt <1,0,0,0> }
	no_shadow
}

// nucleotide -1

// particle -1
sphere {
	<25.747885, 36.984077, 36.728790> 0.250000
	pigment { color rgbt <1,0,0,0> }
	no_shadow
}
cylinder {
	<25.685740, 37.072929, 37.113815>,  <25.648453, 37.126240, 37.344830>, 0.100000
	pigment { color rgbt <1,0,0,0> }
	no_shadow
}
cylinder {
	<25.685740, 37.072929, 37.113815>,  <25.747885, 36.984077, 36.728790>, 0.100000
	pigment { color rgbt <1,0,0,0> }
	no_shadow
}

// particle -1
sphere {
	<25.685740, 37.072929, 37.113815> 0.100000
	pigment { color rgbt <1,0,0,0> }
	no_shadow
}
sphere {
	0, 1
	scale<0.080000,0.200000,0.300000>
	matrix <-0.145268, -0.968936, 0.200151,
		0.977118, -0.108732, 0.182807,
		-0.155365, 0.222127, 0.962560,
		25.639130, 37.139568, 37.402584>
	pigment { color rgbt <0,1,1,0> }
	no_shadow
}
cylinder {
	<26.171110, 36.561317, 37.207428>,  <25.747885, 36.984077, 36.728790>, 0.130000
	pigment { color rgbt <1,0,0,0> }
	no_shadow
}

// nucleotide -1

// particle -1
sphere {
	<26.171110, 36.561317, 37.207428> 0.250000
	pigment { color rgbt <1,0,0,0> }
	no_shadow
}
cylinder {
	<25.816353, 36.641155, 37.374081>,  <25.603498, 36.689056, 37.474072>, 0.100000
	pigment { color rgbt <1,0,0,0> }
	no_shadow
}
cylinder {
	<25.816353, 36.641155, 37.374081>,  <26.171110, 36.561317, 37.207428>, 0.100000
	pigment { color rgbt <1,0,0,0> }
	no_shadow
}

// particle -1
sphere {
	<25.816353, 36.641155, 37.374081> 0.100000
	pigment { color rgbt <1,0,0,0> }
	no_shadow
}
sphere {
	0, 1
	scale<0.080000,0.200000,0.300000>
	matrix <-0.003200, -0.904487, 0.426490,
		0.461965, 0.376918, 0.802821,
		-0.886892, 0.199592, 0.416635,
		25.550285, 36.701035, 37.499073>
	pigment { color rgbt <0,1,1,0> }
	no_shadow
}
cylinder {
	<26.750429, 36.510193, 37.785999>,  <26.171110, 36.561317, 37.207428>, 0.130000
	pigment { color rgbt <1,0,0,0> }
	no_shadow
}

// nucleotide -1

// particle -1
sphere {
	<26.750429, 36.510193, 37.785999> 0.250000
	pigment { color rgbt <1,0,0,0> }
	no_shadow
}
cylinder {
	<26.943785, 36.665356, 38.099907>,  <27.059797, 36.758453, 38.288254>, 0.100000
	pigment { color rgbt <1,0,0,0> }
	no_shadow
}
cylinder {
	<26.943785, 36.665356, 38.099907>,  <26.750429, 36.510193, 37.785999>, 0.100000
	pigment { color rgbt <1,0,0,0> }
	no_shadow
}

// particle -1
sphere {
	<26.943785, 36.665356, 38.099907> 0.100000
	pigment { color rgbt <1,0,0,0> }
	no_shadow
}
sphere {
	0, 1
	scale<0.080000,0.200000,0.300000>
	matrix <0.853536, -0.009713, -0.520943,
		-0.194454, 0.921648, -0.335786,
		0.483388, 0.387905, 0.784771,
		27.088800, 36.781727, 38.335339>
	pigment { color rgbt <0,1,1,0> }
	no_shadow
}
cylinder {
	<27.178787, 37.181057, 37.581261>,  <26.750429, 36.510193, 37.785999>, 0.130000
	pigment { color rgbt <1,0,0,0> }
	no_shadow
}

// nucleotide -1

// particle -1
sphere {
	<27.178787, 37.181057, 37.581261> 0.250000
	pigment { color rgbt <1,0,0,0> }
	no_shadow
}
cylinder {
	<27.311102, 36.955261, 37.883766>,  <27.390491, 36.819782, 38.065269>, 0.100000
	pigment { color rgbt <1,0,0,0> }
	no_shadow
}
cylinder {
	<27.311102, 36.955261, 37.883766>,  <27.178787, 37.181057, 37.581261>, 0.100000
	pigment { color rgbt <1,0,0,0> }
	no_shadow
}

// particle -1
sphere {
	<27.311102, 36.955261, 37.883766> 0.100000
	pigment { color rgbt <1,0,0,0> }
	no_shadow
}
sphere {
	0, 1
	scale<0.080000,0.200000,0.300000>
	matrix <0.855255, -0.159415, -0.493077,
		0.398896, 0.809901, 0.430049,
		0.330787, -0.564488, 0.756262,
		27.410337, 36.785915, 38.110645>
	pigment { color rgbt <0,1,1,0> }
	no_shadow
}
cylinder {
	<27.887878, 37.474998, 37.823650>,  <27.178787, 37.181057, 37.581261>, 0.130000
	pigment { color rgbt <1,0,0,0> }
	no_shadow
}

// nucleotide -1

// particle -1
sphere {
	<27.887878, 37.474998, 37.823650> 0.250000
	pigment { color rgbt <1,0,0,0> }
	no_shadow
}
cylinder {
	<27.848957, 37.082359, 37.889370>,  <27.825605, 36.846775, 37.928802>, 0.100000
	pigment { color rgbt <1,0,0,0> }
	no_shadow
}
cylinder {
	<27.848957, 37.082359, 37.889370>,  <27.887878, 37.474998, 37.823650>, 0.100000
	pigment { color rgbt <1,0,0,0> }
	no_shadow
}

// particle -1
sphere {
	<27.848957, 37.082359, 37.889370> 0.100000
	pigment { color rgbt <1,0,0,0> }
	no_shadow
}
sphere {
	0, 1
	scale<0.080000,0.200000,0.300000>
	matrix <0.861837, -0.165668, -0.479366,
		0.497765, 0.094958, 0.862098,
		-0.097302, -0.981599, 0.164302,
		27.819767, 36.787880, 37.938660>
	pigment { color rgbt <0,1,1,0> }
	no_shadow
}
cylinder {
	<28.522541, 37.683846, 38.024460>,  <27.887878, 37.474998, 37.823650>, 0.130000
	pigment { color rgbt <1,0,0,0> }
	no_shadow
}

// nucleotide -1

// particle -1
sphere {
	<28.522541, 37.683846, 38.024460> 0.250000
	pigment { color rgbt <1,0,0,0> }
	no_shadow
}
cylinder {
	<28.331118, 37.336460, 38.076229>,  <28.216263, 37.128029, 38.107288>, 0.100000
	pigment { color rgbt <1,0,0,0> }
	no_shadow
}
cylinder {
	<28.331118, 37.336460, 38.076229>,  <28.522541, 37.683846, 38.024460>, 0.100000
	pigment { color rgbt <1,0,0,0> }
	no_shadow
}

// particle -1
sphere {
	<28.331118, 37.336460, 38.076229> 0.100000
	pigment { color rgbt <1,0,0,0> }
	no_shadow
}
sphere {
	0, 1
	scale<0.080000,0.200000,0.300000>
	matrix <0.846361, -0.417006, 0.331329,
		-0.233778, 0.268097, 0.934597,
		-0.478561, -0.868464, 0.129420,
		28.187550, 37.075920, 38.115055>
	pigment { color rgbt <0,1,1,0> }
	no_shadow
}
cylinder {
	<28.606428, 37.377029, 38.781670>,  <28.522541, 37.683846, 38.024460>, 0.130000
	pigment { color rgbt <1,0,0,0> }
	no_shadow
}

// nucleotide -1

// particle -1
sphere {
	<28.606428, 37.377029, 38.781670> 0.250000
	pigment { color rgbt <1,0,0,0> }
	no_shadow
}
cylinder {
	<28.552362, 37.089058, 38.509365>,  <28.519924, 36.916275, 38.345982>, 0.100000
	pigment { color rgbt <1,0,0,0> }
	no_shadow
}
cylinder {
	<28.552362, 37.089058, 38.509365>,  <28.606428, 37.377029, 38.781670>, 0.100000
	pigment { color rgbt <1,0,0,0> }
	no_shadow
}

// particle -1
sphere {
	<28.552362, 37.089058, 38.509365> 0.100000
	pigment { color rgbt <1,0,0,0> }
	no_shadow
}
sphere {
	0, 1
	scale<0.080000,0.200000,0.300000>
	matrix <0.779240, -0.501598, 0.375746,
		-0.611977, -0.479686, 0.628797,
		-0.135163, -0.719931, -0.680757,
		28.511814, 36.873077, 38.305138>
	pigment { color rgbt <0,1,1,0> }
	no_shadow
}
cylinder {
	<28.412970, 36.690731, 39.162971>,  <28.606428, 37.377029, 38.781670>, 0.130000
	pigment { color rgbt <1,0,0,0> }
	no_shadow
}

// nucleotide -1

// particle -1
sphere {
	<28.412970, 36.690731, 39.162971> 0.250000
	pigment { color rgbt <1,0,0,0> }
	no_shadow
}
cylinder {
	<28.595093, 36.652584, 38.808887>,  <28.704367, 36.629696, 38.596436>, 0.100000
	pigment { color rgbt <1,0,0,0> }
	no_shadow
}
cylinder {
	<28.595093, 36.652584, 38.808887>,  <28.412970, 36.690731, 39.162971>, 0.100000
	pigment { color rgbt <1,0,0,0> }
	no_shadow
}

// particle -1
sphere {
	<28.595093, 36.652584, 38.808887> 0.100000
	pigment { color rgbt <1,0,0,0> }
	no_shadow
}
sphere {
	0, 1
	scale<0.080000,0.200000,0.300000>
	matrix <0.750219, -0.494305, 0.439128,
		-0.479440, -0.864042, -0.153521,
		0.455311, -0.095360, -0.885211,
		28.731686, 36.623974, 38.543324>
	pigment { color rgbt <0,1,1,0> }
	no_shadow
}
cylinder {
	<28.748806, 36.057201, 39.175301>,  <28.412970, 36.690731, 39.162971>, 0.130000
	pigment { color rgbt <1,0,0,0> }
	no_shadow
}

// nucleotide -1

// particle -1
sphere {
	<28.748806, 36.057201, 39.175301> 0.250000
	pigment { color rgbt <1,0,0,0> }
	no_shadow
}
cylinder {
	<28.926369, 36.266682, 38.884460>,  <29.032906, 36.392372, 38.709953>, 0.100000
	pigment { color rgbt <1,0,0,0> }
	no_shadow
}
cylinder {
	<28.926369, 36.266682, 38.884460>,  <28.748806, 36.057201, 39.175301>, 0.100000
	pigment { color rgbt <1,0,0,0> }
	no_shadow
}

// particle -1
sphere {
	<28.926369, 36.266682, 38.884460> 0.100000
	pigment { color rgbt <1,0,0,0> }
	no_shadow
}
sphere {
	0, 1
	scale<0.080000,0.200000,0.300000>
	matrix <0.896038, -0.252258, 0.365351,
		0.007918, -0.813695, -0.581238,
		0.443906, 0.523704, -0.727105,
		29.059540, 36.423794, 38.666328>
	pigment { color rgbt <0,1,1,0> }
	no_shadow
}
cylinder {
	<29.422554, 35.878857, 39.069782>,  <28.748806, 36.057201, 39.175301>, 0.130000
	pigment { color rgbt <1,0,0,0> }
	no_shadow
}

// nucleotide -1

// particle -1
sphere {
	<29.422554, 35.878857, 39.069782> 0.250000
	pigment { color rgbt <1,0,0,0> }
	no_shadow
}
cylinder {
	<29.420938, 36.258533, 38.943916>,  <29.419970, 36.486340, 38.868397>, 0.100000
	pigment { color rgbt <1,0,0,0> }
	no_shadow
}
cylinder {
	<29.420938, 36.258533, 38.943916>,  <29.422554, 35.878857, 39.069782>, 0.100000
	pigment { color rgbt <1,0,0,0> }
	no_shadow
}

// particle -1
sphere {
	<29.420938, 36.258533, 38.943916> 0.100000
	pigment { color rgbt <1,0,0,0> }
	no_shadow
}
sphere {
	0, 1
	scale<0.080000,0.200000,0.300000>
	matrix <0.971883, 0.077808, 0.222239,
		0.235431, -0.304917, -0.922821,
		-0.004038, 0.949195, -0.314662,
		29.419727, 36.543293, 38.849518>
	pigment { color rgbt <0,1,1,0> }
	no_shadow
}
cylinder {
	<29.815508, 36.035892, 38.451309>,  <29.422554, 35.878857, 39.069782>, 0.130000
	pigment { color rgbt <1,0,0,0> }
	no_shadow
}

// nucleotide -1

// particle -1
sphere {
	<29.815508, 36.035892, 38.451309> 0.250000
	pigment { color rgbt <1,0,0,0> }
	no_shadow
}
cylinder {
	<29.810369, 36.333141, 38.718922>,  <29.807287, 36.511490, 38.879490>, 0.100000
	pigment { color rgbt <1,0,0,0> }
	no_shadow
}
cylinder {
	<29.810369, 36.333141, 38.718922>,  <29.815508, 36.035892, 38.451309>, 0.100000
	pigment { color rgbt <1,0,0,0> }
	no_shadow
}

// particle -1
sphere {
	<29.810369, 36.333141, 38.718922> 0.100000
	pigment { color rgbt <1,0,0,0> }
	no_shadow
}
sphere {
	0, 1
	scale<0.080000,0.200000,0.300000>
	matrix <0.995019, -0.056645, 0.082022,
		0.098850, 0.666753, -0.738694,
		-0.012845, 0.743123, 0.669032,
		29.806517, 36.556080, 38.919632>
	pigment { color rgbt <0,1,1,0> }
	no_shadow
}
cylinder {
	<30.430252, 36.390034, 38.394703>,  <29.815508, 36.035892, 38.451309>, 0.130000
	pigment { color rgbt <1,0,0,0> }
	no_shadow
}

// nucleotide -1

// particle -1
sphere {
	<30.430252, 36.390034, 38.394703> 0.250000
	pigment { color rgbt <1,0,0,0> }
	no_shadow
}
cylinder {
	<30.333807, 36.565475, 38.740997>,  <30.275940, 36.670742, 38.948772>, 0.100000
	pigment { color rgbt <1,0,0,0> }
	no_shadow
}
cylinder {
	<30.333807, 36.565475, 38.740997>,  <30.430252, 36.390034, 38.394703>, 0.100000
	pigment { color rgbt <1,0,0,0> }
	no_shadow
}

// particle -1
sphere {
	<30.333807, 36.565475, 38.740997> 0.100000
	pigment { color rgbt <1,0,0,0> }
	no_shadow
}
sphere {
	0, 1
	scale<0.080000,0.200000,0.300000>
	matrix <0.951176, -0.070318, 0.300532,
		0.192691, 0.895925, -0.400235,
		-0.241111, 0.438603, 0.865732,
		30.261475, 36.697056, 39.000717>
	pigment { color rgbt <0,1,1,0> }
	no_shadow
}
cylinder {
	<31.062040, 36.451111, 38.527504>,  <30.430252, 36.390034, 38.394703>, 0.130000
	pigment { color rgbt <1,0,0,0> }
	no_shadow
}

// nucleotide -1

// particle -1
sphere {
	<31.062040, 36.451111, 38.527504> 0.250000
	pigment { color rgbt <1,0,0,0> }
	no_shadow
}
cylinder {
	<30.855556, 36.582047, 38.844078>,  <30.731667, 36.660610, 39.034023>, 0.100000
	pigment { color rgbt <1,0,0,0> }
	no_shadow
}
cylinder {
	<30.855556, 36.582047, 38.844078>,  <31.062040, 36.451111, 38.527504>, 0.100000
	pigment { color rgbt <1,0,0,0> }
	no_shadow
}

// particle -1
sphere {
	<30.855556, 36.582047, 38.844078> 0.100000
	pigment { color rgbt <1,0,0,0> }
	no_shadow
}
sphere {
	0, 1
	scale<0.080000,0.200000,0.300000>
	matrix <0.813351, -0.102122, 0.572741,
		0.268305, 0.939371, -0.213528,
		-0.516210, 0.327342, 0.791438,
		30.700693, 36.680248, 39.081509>
	pigment { color rgbt <0,1,1,0> }
	no_shadow
}
cylinder {
	<31.435930, 36.963676, 38.849403>,  <31.062040, 36.451111, 38.527504>, 0.130000
	pigment { color rgbt <1,0,0,0> }
	no_shadow
}

// nucleotide -1

// particle -1
sphere {
	<31.435930, 36.963676, 38.849403> 0.250000
	pigment { color rgbt <1,0,0,0> }
	no_shadow
}
cylinder {
	<31.224262, 36.744522, 39.108570>,  <31.097261, 36.613029, 39.264072>, 0.100000
	pigment { color rgbt <1,0,0,0> }
	no_shadow
}
cylinder {
	<31.224262, 36.744522, 39.108570>,  <31.435930, 36.963676, 38.849403>, 0.100000
	pigment { color rgbt <1,0,0,0> }
	no_shadow
}

// particle -1
sphere {
	<31.224262, 36.744522, 39.108570> 0.100000
	pigment { color rgbt <1,0,0,0> }
	no_shadow
}
sphere {
	0, 1
	scale<0.080000,0.200000,0.300000>
	matrix <0.789012, -0.036810, 0.613274,
		-0.312154, 0.835743, 0.451767,
		-0.529169, -0.547885, 0.647921,
		31.065512, 36.580158, 39.302948>
	pigment { color rgbt <0,1,1,0> }
	no_shadow
}
cylinder {
	<31.487345, 37.334286, 39.514141>,  <31.435930, 36.963676, 38.849403>, 0.130000
	pigment { color rgbt <1,0,0,0> }
	no_shadow
}

// nucleotide -1

// particle -1
sphere {
	<31.487345, 37.334286, 39.514141> 0.250000
	pigment { color rgbt <1,0,0,0> }
	no_shadow
}
cylinder {
	<31.426655, 36.952972, 39.618629>,  <31.390242, 36.724186, 39.681324>, 0.100000
	pigment { color rgbt <1,0,0,0> }
	no_shadow
}
cylinder {
	<31.426655, 36.952972, 39.618629>,  <31.487345, 37.334286, 39.514141>, 0.100000
	pigment { color rgbt <1,0,0,0> }
	no_shadow
}

// particle -1
sphere {
	<31.426655, 36.952972, 39.618629> 0.100000
	pigment { color rgbt <1,0,0,0> }
	no_shadow
}
sphere {
	0, 1
	scale<0.080000,0.200000,0.300000>
	matrix <0.853338, 0.007037, 0.521311,
		-0.498793, 0.302007, 0.812402,
		-0.151723, -0.953280, 0.261224,
		31.381138, 36.666988, 39.696995>
	pigment { color rgbt <0,1,1,0> }
	no_shadow
}
cylinder {
	<31.733459, 38.078079, 39.742710>,  <31.487345, 37.334286, 39.514141>, 0.130000
	pigment { color rgbt <1,0,0,0> }
	no_shadow
}

// nucleotide -1

// particle -1
sphere {
	<31.733459, 38.078079, 39.742710> 0.250000
	pigment { color rgbt <1,0,0,0> }
	no_shadow
}
cylinder {
	<31.694595, 38.242821, 40.105133>,  <31.671276, 38.341667, 40.322586>, 0.100000
	pigment { color rgbt <1,0,0,0> }
	no_shadow
}
cylinder {
	<31.694595, 38.242821, 40.105133>,  <31.733459, 38.078079, 39.742710>, 0.100000
	pigment { color rgbt <1,0,0,0> }
	no_shadow
}

// particle -1
sphere {
	<31.694595, 38.242821, 40.105133> 0.100000
	pigment { color rgbt <1,0,0,0> }
	no_shadow
}
sphere {
	0, 1
	scale<0.080000,0.200000,0.300000>
	matrix <0.300425, 0.880033, -0.367813,
