// switches for output
#declare DRAW_BASES = 1; // possible values are 0, 1; only relevant for DNA ribbons
#declare DRAW_BASES_TYPE = 3; // possible values are 1, 2, 3; only relevant for DNA ribbons
#declare DRAW_FOG = 0; // set to 1 to enable fog

#include "colors.inc"

#include "transforms.inc"
background { rgb <1, 1, 1>}

#default {
   normal{
       ripples 0.25
       frequency 0.20
       turbulence 0.2
       lambda 5
   }
	finish {
		phong 0.1
		phong_size 40.
	}
}

// original window dimensions: 1024x640


// camera settings

camera {
	sky <0, 0.179814, -0.983701>
	up <0, 0.179814, -0.983701>
	right 1.6 * <1, 0, 0>
	location <35, 94.9851, 44.8844>
	look_at <35, 29.7336, 32.9568>
	direction <0, -65.2515, -11.9276>
	angle 67.0682
}


# declare cpy_camera_pos = <35, 94.9851, 44.8844>;
# if (DRAW_FOG = 1)
fog {
	fog_type 2
	up vnormalize(cpy_camera_pos)
	color rgbt<1,1,1,0.3>
	distance 1e-5
	fog_alt 3e-3
	fog_offset 56
}
# end


// LIGHTS

# declare lum = 6;
global_settings {
	ambient_light rgb lum * <0.05, 0.05, 0.05>
	max_trace_level 15
}# declare cpy_direct_light_amount = 0.25;
light_source
{	1000 * <-1, -1.16352, -0.803886>,
	rgb lum * cpy_direct_light_amount
	parallel
}

light_source
{	1000 * <1, 1.16352, 0.803886>,
	rgb lum * cpy_direct_light_amount
	parallel
}

// strand 0

// nucleotide -1

// particle -1
sphere {
	<24.072208, 34.775501, 34.714367> 0.250000
	pigment { color rgbt <1,0,0,0> }
	no_shadow
}
cylinder {
	<24.261021, 34.983494, 34.999126>,  <24.374308, 35.108288, 35.169983>, 0.100000
	pigment { color rgbt <1,0,0,0> }
	no_shadow
}
cylinder {
	<24.261021, 34.983494, 34.999126>,  <24.072208, 34.775501, 34.714367>, 0.100000
	pigment { color rgbt <1,0,0,0> }
	no_shadow
}

// particle -1
sphere {
	<24.261021, 34.983494, 34.999126> 0.100000
	pigment { color rgbt <1,0,0,0> }
	no_shadow
}
sphere {
	0, 1
	scale<0.080000,0.200000,0.300000>
	matrix <0.725433, 0.229750, -0.648816,
		-0.500932, 0.822699, -0.268763,
		0.472032, 0.519983, 0.711901,
		24.402630, 35.139488, 35.212696>
	pigment { color rgbt <0,1,1,0> }
	no_shadow
}
cylinder {
	<24.362509, 35.278145, 34.443481>,  <24.072208, 34.775501, 34.714367>, 0.130000
	pigment { color rgbt <1,0,0,0> }
	no_shadow
}

// nucleotide -1

// particle -1
sphere {
	<24.362509, 35.278145, 34.443481> 0.250000
	pigment { color rgbt <1,0,0,0> }
	no_shadow
}
cylinder {
	<24.595842, 35.279224, 34.768372>,  <24.735844, 35.279873, 34.963306>, 0.100000
	pigment { color rgbt <1,0,0,0> }
	no_shadow
}
cylinder {
	<24.595842, 35.279224, 34.768372>,  <24.362509, 35.278145, 34.443481>, 0.100000
	pigment { color rgbt <1,0,0,0> }
	no_shadow
}

// particle -1
sphere {
	<24.595842, 35.279224, 34.768372> 0.100000
	pigment { color rgbt <1,0,0,0> }
	no_shadow
}
sphere {
	0, 1
	scale<0.080000,0.200000,0.300000>
	matrix <0.742972, 0.402290, -0.534935,
		-0.328197, 0.915508, 0.232661,
		0.583335, 0.002704, 0.812227,
		24.770844, 35.280037, 35.012039>
	pigment { color rgbt <0,1,1,0> }
	no_shadow
}
cylinder {
	<24.738907, 35.971729, 34.625572>,  <24.362509, 35.278145, 34.443481>, 0.130000
	pigment { color rgbt <1,0,0,0> }
	no_shadow
}

// nucleotide -1

// particle -1
sphere {
	<24.738907, 35.971729, 34.625572> 0.250000
	pigment { color rgbt <1,0,0,0> }
	no_shadow
}
cylinder {
	<24.937380, 35.643654, 34.739475>,  <25.056463, 35.446808, 34.807816>, 0.100000
	pigment { color rgbt <1,0,0,0> }
	no_shadow
}
cylinder {
	<24.937380, 35.643654, 34.739475>,  <24.738907, 35.971729, 34.625572>, 0.100000
	pigment { color rgbt <1,0,0,0> }
	no_shadow
}

// particle -1
sphere {
	<24.937380, 35.643654, 34.739475> 0.100000
	pigment { color rgbt <1,0,0,0> }
	no_shadow
}
sphere {
	0, 1
	scale<0.080000,0.200000,0.300000>
	matrix <0.821884, 0.338008, -0.458538,
		0.279839, 0.461556, 0.841817,
		0.496182, -0.820193, 0.284758,
		25.086235, 35.397594, 34.824902>
	pigment { color rgbt <0,1,1,0> }
	no_shadow
}
cylinder {
	<25.374516, 36.131504, 34.864265>,  <24.738907, 35.971729, 34.625572>, 0.130000
	pigment { color rgbt <1,0,0,0> }
	no_shadow
}

// nucleotide -1

// particle -1
sphere {
	<25.374516, 36.131504, 34.864265> 0.250000
	pigment { color rgbt <1,0,0,0> }
	no_shadow
}
cylinder {
	<25.405916, 35.745102, 34.765736>,  <25.424757, 35.513260, 34.706619>, 0.100000
	pigment { color rgbt <1,0,0,0> }
	no_shadow
}
cylinder {
	<25.405916, 35.745102, 34.765736>,  <25.374516, 36.131504, 34.864265>, 0.100000
	pigment { color rgbt <1,0,0,0> }
	no_shadow
}

// particle -1
sphere {
	<25.405916, 35.745102, 34.765736> 0.100000
	pigment { color rgbt <1,0,0,0> }
	no_shadow
}
sphere {
	0, 1
	scale<0.080000,0.200000,0.300000>
	matrix <0.910930, 0.169892, -0.375957,
		0.405024, -0.194867, 0.893299,
		0.078502, -0.966004, -0.246320,
		25.429466, 35.455299, 34.691841>
	pigment { color rgbt <0,1,1,0> }
	no_shadow
}
cylinder {
	<26.014717, 35.794804, 35.169441>,  <25.374516, 36.131504, 34.864265>, 0.130000
	pigment { color rgbt <1,0,0,0> }
	no_shadow
}

// nucleotide -1

// particle -1
sphere {
	<26.014717, 35.794804, 35.169441> 0.250000
	pigment { color rgbt <1,0,0,0> }
	no_shadow
}
cylinder {
	<25.898796, 35.605091, 34.836918>,  <25.829245, 35.491264, 34.637405>, 0.100000
	pigment { color rgbt <1,0,0,0> }
	no_shadow
}
cylinder {
	<25.898796, 35.605091, 34.836918>,  <26.014717, 35.794804, 35.169441>, 0.100000
	pigment { color rgbt <1,0,0,0> }
	no_shadow
}

// particle -1
sphere {
	<25.898796, 35.605091, 34.836918> 0.100000
	pigment { color rgbt <1,0,0,0> }
	no_shadow
}
sphere {
	0, 1
	scale<0.080000,0.200000,0.300000>
	matrix <0.872064, 0.227042, -0.433540,
		0.394361, -0.850595, 0.347803,
		-0.289801, -0.474278, -0.831310,
		25.811855, 35.462807, 34.587524>
	pigment { color rgbt <0,1,1,0> }
	no_shadow
}
cylinder {
	<26.655031, 35.415257, 34.974766>,  <26.014717, 35.794804, 35.169441>, 0.130000
	pigment { color rgbt <1,0,0,0> }
	no_shadow
}

// nucleotide -1

// particle -1
sphere {
	<26.655031, 35.415257, 34.974766> 0.250000
	pigment { color rgbt <1,0,0,0> }
	no_shadow
}
cylinder {
	<26.421179, 35.448948, 34.652000>,  <26.280869, 35.469162, 34.458340>, 0.100000
	pigment { color rgbt <1,0,0,0> }
	no_shadow
}
cylinder {
	<26.421179, 35.448948, 34.652000>,  <26.655031, 35.415257, 34.974766>, 0.100000
	pigment { color rgbt <1,0,0,0> }
	no_shadow
}

// particle -1
sphere {
	<26.421179, 35.448948, 34.652000> 0.100000
	pigment { color rgbt <1,0,0,0> }
	no_shadow
}
sphere {
	0, 1
	scale<0.080000,0.200000,0.300000>
	matrix <0.771481, 0.365485, -0.520805,
		0.251047, -0.926998, -0.278657,
		-0.584630, 0.084232, -0.806916,
		26.245790, 35.474216, 34.409927>
	pigment { color rgbt <0,1,1,0> }
	no_shadow
}
cylinder {
	<27.102655, 35.155468, 34.467579>,  <26.655031, 35.415257, 34.974766>, 0.130000
	pigment { color rgbt <1,0,0,0> }
	no_shadow
}

// nucleotide -1

// particle -1
sphere {
	<27.102655, 35.155468, 34.467579> 0.250000
	pigment { color rgbt <1,0,0,0> }
	no_shadow
}
cylinder {
	<26.800528, 35.340401, 34.281788>,  <26.619251, 35.451359, 34.170311>, 0.100000
	pigment { color rgbt <1,0,0,0> }
	no_shadow
}
cylinder {
	<26.800528, 35.340401, 34.281788>,  <27.102655, 35.155468, 34.467579>, 0.100000
	pigment { color rgbt <1,0,0,0> }
	no_shadow
}

// particle -1
sphere {
	<26.800528, 35.340401, 34.281788> 0.100000
	pigment { color rgbt <1,0,0,0> }
	no_shadow
}
sphere {
	0, 1
	scale<0.080000,0.200000,0.300000>
	matrix <0.628868, 0.311861, -0.712227,
		-0.184429, -0.830057, -0.526299,
		-0.755322, 0.462328, -0.464480,
		26.573931, 35.479099, 34.142445>
	pigment { color rgbt <0,1,1,0> }
	no_shadow
}
cylinder {
	<26.968307, 34.941879, 33.723816>,  <27.102655, 35.155468, 34.467579>, 0.130000
	pigment { color rgbt <1,0,0,0> }
	no_shadow
}

// nucleotide -1

// particle -1
sphere {
	<26.968307, 34.941879, 33.723816> 0.250000
	pigment { color rgbt <1,0,0,0> }
	no_shadow
}
cylinder {
	<26.889952, 35.320736, 33.825439>,  <26.842937, 35.548050, 33.886414>, 0.100000
	pigment { color rgbt <1,0,0,0> }
	no_shadow
}
cylinder {
	<26.889952, 35.320736, 33.825439>,  <26.968307, 34.941879, 33.723816>, 0.100000
	pigment { color rgbt <1,0,0,0> }
	no_shadow
}

// particle -1
sphere {
	<26.889952, 35.320736, 33.825439> 0.100000
	pigment { color rgbt <1,0,0,0> }
	no_shadow
}
sphere {
	0, 1
	scale<0.080000,0.200000,0.300000>
	matrix <0.731338, 0.313699, -0.605588,
		-0.653277, 0.067175, -0.754133,
		-0.195890, 0.947143, 0.254060,
		26.831184, 35.604877, 33.901657>
	pigment { color rgbt <0,1,1,0> }
	no_shadow
}
cylinder {
	<26.734779, 35.348663, 33.107872>,  <26.968307, 34.941879, 33.723816>, 0.130000
	pigment { color rgbt <1,0,0,0> }
	no_shadow
}

// nucleotide -1

// particle -1
sphere {
	<26.734779, 35.348663, 33.107872> 0.250000
	pigment { color rgbt <1,0,0,0> }
	no_shadow
}
cylinder {
	<26.884056, 35.608135, 33.373184>,  <26.973623, 35.763817, 33.532372>, 0.100000
	pigment { color rgbt <1,0,0,0> }
	no_shadow
}
cylinder {
	<26.884056, 35.608135, 33.373184>,  <26.734779, 35.348663, 33.107872>, 0.100000
	pigment { color rgbt <1,0,0,0> }
	no_shadow
}

// particle -1
sphere {
	<26.884056, 35.608135, 33.373184> 0.100000
	pigment { color rgbt <1,0,0,0> }
	no_shadow
}
sphere {
	0, 1
	scale<0.080000,0.200000,0.300000>
	matrix <0.631426, 0.346213, -0.693857,
		-0.679727, 0.677757, -0.280387,
		0.373193, 0.648677, 0.663284,
		26.996014, 35.802738, 33.572170>
	pigment { color rgbt <0,1,1,0> }
	no_shadow
}
cylinder {
	<26.882057, 35.929131, 32.697166>,  <26.734779, 35.348663, 33.107872>, 0.130000
	pigment { color rgbt <1,0,0,0> }
	no_shadow
}

// nucleotide -1

// particle -1
sphere {
	<26.882057, 35.929131, 32.697166> 0.250000
	pigment { color rgbt <1,0,0,0> }
	no_shadow
}
cylinder {
	<27.081715, 35.978672, 33.040215>,  <27.201509, 36.008396, 33.246044>, 0.100000
	pigment { color rgbt <1,0,0,0> }
	no_shadow
}
cylinder {
	<27.081715, 35.978672, 33.040215>,  <26.882057, 35.929131, 32.697166>, 0.100000
	pigment { color rgbt <1,0,0,0> }
	no_shadow
}

// particle -1
sphere {
	<27.081715, 35.978672, 33.040215> 0.100000
	pigment { color rgbt <1,0,0,0> }
	no_shadow
}
sphere {
	0, 1
	scale<0.080000,0.200000,0.300000>
	matrix <0.831700, 0.209267, -0.514278,
		-0.243165, 0.969984, 0.001448,
		0.499145, 0.123851, 0.857622,
		27.231459, 36.015827, 33.297501>
	pigment { color rgbt <0,1,1,0> }
	no_shadow
}
cylinder {
	<27.250584, 36.610115, 32.645344>,  <26.882057, 35.929131, 32.697166>, 0.130000
	pigment { color rgbt <1,0,0,0> }
	no_shadow
}

// nucleotide -1

// particle -1
sphere {
	<27.250584, 36.610115, 32.645344> 0.250000
	pigment { color rgbt <1,0,0,0> }
	no_shadow
}
cylinder {
	<27.434200, 36.368042, 32.905506>,  <27.544371, 36.222797, 33.061604>, 0.100000
	pigment { color rgbt <1,0,0,0> }
	no_shadow
}
cylinder {
	<27.434200, 36.368042, 32.905506>,  <27.250584, 36.610115, 32.645344>, 0.100000
	pigment { color rgbt <1,0,0,0> }
	no_shadow
}

// particle -1
sphere {
	<27.434200, 36.368042, 32.905506> 0.100000
	pigment { color rgbt <1,0,0,0> }
	no_shadow
}
sphere {
	0, 1
	scale<0.080000,0.200000,0.300000>
	matrix <0.869215, 0.154559, -0.469657,
		0.183702, 0.780938, 0.596983,
		0.459042, -0.605184, 0.650410,
		27.571913, 36.186485, 33.100628>
	pigment { color rgbt <0,1,1,0> }
	no_shadow
}
cylinder {
	<27.925652, 36.830357, 32.904186>,  <27.250584, 36.610115, 32.645344>, 0.130000
	pigment { color rgbt <1,0,0,0> }
	no_shadow
}

// nucleotide -1

// particle -1
sphere {
	<27.925652, 36.830357, 32.904186> 0.250000
	pigment { color rgbt <1,0,0,0> }
	no_shadow
}
cylinder {
	<27.964266, 36.432362, 32.914627>,  <27.987434, 36.193565, 32.920891>, 0.100000
	pigment { color rgbt <1,0,0,0> }
	no_shadow
}
cylinder {
	<27.964266, 36.432362, 32.914627>,  <27.925652, 36.830357, 32.904186>, 0.100000
	pigment { color rgbt <1,0,0,0> }
	no_shadow
}

// particle -1
sphere {
	<27.964266, 36.432362, 32.914627> 0.100000
	pigment { color rgbt <1,0,0,0> }
	no_shadow
}
sphere {
	0, 1
	scale<0.080000,0.200000,0.300000>
	matrix <0.919810, 0.079161, -0.384295,
		0.380303, 0.061107, 0.922841,
		0.096536, -0.994987, 0.026101,
		27.993227, 36.133865, 32.922459>
	pigment { color rgbt <0,1,1,0> }
	no_shadow
}
cylinder {
	<28.707558, 37.112442, 32.642841>,  <27.925652, 36.830357, 32.904186>, 0.130000
	pigment { color rgbt <1,0,0,0> }
	no_shadow
}

// nucleotide -1

// particle -1
sphere {
	<28.707558, 37.112442, 32.642841> 0.250000
	pigment { color rgbt <1,0,0,0> }
	no_shadow
}
cylinder {
	<28.926050, 36.823368, 32.812244>,  <29.057146, 36.649925, 32.913887>, 0.100000
	pigment { color rgbt <1,0,0,0> }
	no_shadow
}
cylinder {
	<28.926050, 36.823368, 32.812244>,  <28.707558, 37.112442, 32.642841>, 0.100000
	pigment { color rgbt <1,0,0,0> }
	no_shadow
}

// particle -1
sphere {
	<28.926050, 36.823368, 32.812244> 0.100000
	pigment { color rgbt <1,0,0,0> }
	no_shadow
}
sphere {
	0, 1
	scale<0.080000,0.200000,0.300000>
	matrix <-0.833294, -0.520227, 0.187042,
		0.085151, -0.455079, -0.886370,
		0.546233, -0.722680, 0.423512,
		29.089920, 36.606564, 32.939297>
	pigment { color rgbt <0,1,1,0> }
	no_shadow
}
cylinder {
	<28.593529, 36.480038, 32.320282>,  <28.707558, 37.112442, 32.642841>, 0.130000
	pigment { color rgbt <1,0,0,0> }
	no_shadow
}

// nucleotide -1

// particle -1
sphere {
	<28.593529, 36.480038, 32.320282> 0.250000
	pigment { color rgbt <1,0,0,0> }
	no_shadow
}
cylinder {
	<28.708326, 36.402035, 32.695431>,  <28.777205, 36.355232, 32.920521>, 0.100000
	pigment { color rgbt <1,0,0,0> }
	no_shadow
}
cylinder {
	<28.708326, 36.402035, 32.695431>,  <28.593529, 36.480038, 32.320282>, 0.100000
	pigment { color rgbt <1,0,0,0> }
	no_shadow
}

// particle -1
sphere {
	<28.708326, 36.402035, 32.695431> 0.100000
	pigment { color rgbt <1,0,0,0> }
	no_shadow
}
sphere {
	0, 1
	scale<0.080000,0.200000,0.300000>
	matrix <-0.845925, -0.511002, 0.152607,
		0.449495, -0.837167, -0.311618,
		0.286995, -0.195010, 0.937873,
		28.794424, 36.343533, 32.976791>
	pigment { color rgbt <0,1,1,0> }
	no_shadow
}
cylinder {
	<28.480688, 35.721821, 32.552864>,  <28.593529, 36.480038, 32.320282>, 0.130000
	pigment { color rgbt <1,0,0,0> }
	no_shadow
}

// nucleotide -1

// particle -1
sphere {
	<28.480688, 35.721821, 32.552864> 0.250000
	pigment { color rgbt <1,0,0,0> }
	no_shadow
}
cylinder {
	<28.496033, 35.957478, 32.875710>,  <28.505239, 36.098873, 33.069416>, 0.100000
	pigment { color rgbt <1,0,0,0> }
	no_shadow
}
cylinder {
	<28.496033, 35.957478, 32.875710>,  <28.480688, 35.721821, 32.552864>, 0.100000
	pigment { color rgbt <1,0,0,0> }
	no_shadow
}

// particle -1
sphere {
	<28.496033, 35.957478, 32.875710> 0.100000
	pigment { color rgbt <1,0,0,0> }
	no_shadow
}
sphere {
	0, 1
	scale<0.080000,0.200000,0.300000>
	matrix <-0.852340, -0.402302, 0.334169,
		0.521579, -0.700757, 0.486719,
		0.038363, 0.589146, 0.807115,
		28.507542, 36.134220, 33.117844>
	pigment { color rgbt <0,1,1,0> }
	no_shadow
}
cylinder {
	<28.435534, 35.295197, 33.265282>,  <28.480688, 35.721821, 32.552864>, 0.130000
	pigment { color rgbt <1,0,0,0> }
	no_shadow
}

// nucleotide -1

// particle -1
sphere {
	<28.435534, 35.295197, 33.265282> 0.250000
	pigment { color rgbt <1,0,0,0> }
	no_shadow
}
cylinder {
	<28.302782, 35.669579, 33.312340>,  <28.223131, 35.894207, 33.340572>, 0.100000
	pigment { color rgbt <1,0,0,0> }
	no_shadow
}
cylinder {
	<28.302782, 35.669579, 33.312340>,  <28.435534, 35.295197, 33.265282>, 0.100000
	pigment { color rgbt <1,0,0,0> }
	no_shadow
}

// particle -1
sphere {
	<28.302782, 35.669579, 33.312340> 0.100000
	pigment { color rgbt <1,0,0,0> }
	no_shadow
}
sphere {
	0, 1
	scale<0.080000,0.200000,0.300000>
	matrix <-0.882965, -0.352112, 0.310468,
		0.332008, -0.000836, 0.943276,
		-0.331879, 0.935957, 0.117642,
		28.203218, 35.950367, 33.347633>
	pigment { color rgbt <0,1,1,0> }
	no_shadow
}
cylinder {
	<28.234612, 35.535393, 34.011017>,  <28.435534, 35.295197, 33.265282>, 0.130000
	pigment { color rgbt <1,0,0,0> }
	no_shadow
}

// nucleotide -1

// particle -1
sphere {
	<28.234612, 35.535393, 34.011017> 0.250000
	pigment { color rgbt <1,0,0,0> }
	no_shadow
}
cylinder {
	<28.041002, 35.748554, 33.733387>,  <27.924837, 35.876453, 33.566811>, 0.100000
	pigment { color rgbt <1,0,0,0> }
	no_shadow
}
cylinder {
	<28.041002, 35.748554, 33.733387>,  <28.234612, 35.535393, 34.011017>, 0.100000
	pigment { color rgbt <1,0,0,0> }
	no_shadow
}

// particle -1
sphere {
	<28.041002, 35.748554, 33.733387> 0.100000
	pigment { color rgbt <1,0,0,0> }
	no_shadow
}
sphere {
	0, 1
	scale<0.080000,0.200000,0.300000>
	matrix <-0.854901, -0.118730, 0.505021,
		0.186722, 0.837803, 0.513050,
		-0.484023, 0.532906, -0.694070,
		27.895796, 35.908424, 33.525166>
	pigment { color rgbt <0,1,1,0> }
	no_shadow
}
cylinder {
	<27.870283, 36.161190, 34.365528>,  <28.234612, 35.535393, 34.011017>, 0.130000
	pigment { color rgbt <1,0,0,0> }
	no_shadow
}

// nucleotide -1

// particle -1
sphere {
	<27.870283, 36.161190, 34.365528> 0.250000
	pigment { color rgbt <1,0,0,0> }
	no_shadow
}
cylinder {
	<27.657122, 36.124035, 34.029102>,  <27.529224, 36.101742, 33.827248>, 0.100000
	pigment { color rgbt <1,0,0,0> }
	no_shadow
}
cylinder {
	<27.657122, 36.124035, 34.029102>,  <27.870283, 36.161190, 34.365528>, 0.100000
	pigment { color rgbt <1,0,0,0> }
	no_shadow
}

// particle -1
sphere {
	<27.657122, 36.124035, 34.029102> 0.100000
	pigment { color rgbt <1,0,0,0> }
	no_shadow
}
sphere {
	0, 1
	scale<0.080000,0.200000,0.300000>
	matrix <-0.842605, -0.032975, 0.537522,
		-0.077664, 0.995130, -0.060696,
		-0.532903, -0.092889, -0.841063,
		27.497252, 36.096169, 33.776783>
	pigment { color rgbt <0,1,1,0> }
	no_shadow
}
cylinder {
	<27.284809, 36.662262, 34.483540>,  <27.870283, 36.161190, 34.365528>, 0.130000
	pigment { color rgbt <1,0,0,0> }
	no_shadow
}

// nucleotide -1

// particle -1
sphere {
	<27.284809, 36.662262, 34.483540> 0.250000
	pigment { color rgbt <1,0,0,0> }
	no_shadow
}
cylinder {
	<27.201548, 36.399208, 34.193935>,  <27.151590, 36.241375, 34.020172>, 0.100000
	pigment { color rgbt <1,0,0,0> }
	no_shadow
}
cylinder {
	<27.201548, 36.399208, 34.193935>,  <27.284809, 36.662262, 34.483540>, 0.100000
	pigment { color rgbt <1,0,0,0> }
	no_shadow
}

// particle -1
sphere {
	<27.201548, 36.399208, 34.193935> 0.100000
	pigment { color rgbt <1,0,0,0> }
	no_shadow
}
sphere {
	0, 1
	scale<0.080000,0.200000,0.300000>
	matrix <-0.892802, -0.174570, 0.415247,
		-0.399471, 0.732832, -0.550800,
		-0.208153, -0.657634, -0.724009,
		27.139101, 36.201920, 33.976734>
	pigment { color rgbt <0,1,1,0> }
	no_shadow
}
cylinder {
	<26.671774, 36.838211, 34.288540>,  <27.284809, 36.662262, 34.483540>, 0.130000
	pigment { color rgbt <1,0,0,0> }
	no_shadow
}

// nucleotide -1

// particle -1
sphere {
	<26.671774, 36.838211, 34.288540> 0.250000
	pigment { color rgbt <1,0,0,0> }
	no_shadow
}
cylinder {
	<26.727524, 36.459648, 34.172001>,  <26.760973, 36.232510, 34.102077>, 0.100000
	pigment { color rgbt <1,0,0,0> }
	no_shadow
}
cylinder {
	<26.727524, 36.459648, 34.172001>,  <26.671774, 36.838211, 34.288540>, 0.100000
	pigment { color rgbt <1,0,0,0> }
	no_shadow
}

// particle -1
sphere {
	<26.727524, 36.459648, 34.172001> 0.100000
	pigment { color rgbt <1,0,0,0> }
	no_shadow
}
sphere {
	0, 1
	scale<0.080000,0.200000,0.300000>
	matrix <-0.868898, -0.258004, 0.422435,
		-0.474965, 0.194273, -0.858293,
		0.139375, -0.946410, -0.291346,
		26.769337, 36.175724, 34.084599>
	pigment { color rgbt <0,1,1,0> }
	no_shadow
}
cylinder {
	<26.127163, 36.551605, 33.861305>,  <26.671774, 36.838211, 34.288540>, 0.130000
	pigment { color rgbt <1,0,0,0> }
	no_shadow
}

// nucleotide -1

// particle -1
sphere {
	<26.127163, 36.551605, 33.861305> 0.250000
	pigment { color rgbt <1,0,0,0> }
	no_shadow
}
cylinder {
	<26.293192, 36.245098, 34.057487>,  <26.392809, 36.061192, 34.175198>, 0.100000
	pigment { color rgbt <1,0,0,0> }
	no_shadow
}
cylinder {
	<26.293192, 36.245098, 34.057487>,  <26.127163, 36.551605, 33.861305>, 0.100000
	pigment { color rgbt <1,0,0,0> }
	no_shadow
}

// particle -1
sphere {
	<26.293192, 36.245098, 34.057487> 0.100000
	pigment { color rgbt <1,0,0,0> }
	no_shadow
}
sphere {
	0, 1
	scale<0.080000,0.200000,0.300000>
	matrix <-0.861629, -0.158016, 0.482313,
		-0.292081, -0.622785, -0.725828,
		0.415070, -0.766270, 0.490457,
		26.417713, 36.015217, 34.204624>
	pigment { color rgbt <0,1,1,0> }
	no_shadow
}
cylinder {
	<25.777458, 36.128765, 33.374527>,  <26.127163, 36.551605, 33.861305>, 0.130000
	pigment { color rgbt <1,0,0,0> }
	no_shadow
}

// nucleotide -1

// particle -1
sphere {
	<25.777458, 36.128765, 33.374527> 0.250000
	pigment { color rgbt <1,0,0,0> }
	no_shadow
}
cylinder {
	<26.022387, 35.910370, 33.603252>,  <26.169342, 35.779335, 33.740486>, 0.100000
	pigment { color rgbt <1,0,0,0> }
	no_shadow
}
cylinder {
	<26.022387, 35.910370, 33.603252>,  <25.777458, 36.128765, 33.374527>, 0.100000
	pigment { color rgbt <1,0,0,0> }
	no_shadow
}

// particle -1
sphere {
	<26.022387, 35.910370, 33.603252> 0.100000
	pigment { color rgbt <1,0,0,0> }
	no_shadow
}
sphere {
	0, 1
	scale<0.080000,0.200000,0.300000>
	matrix <-0.781892, -0.311081, 0.540253,
		-0.117090, -0.777901, -0.617382,
		0.612319, -0.545984, 0.571810,
		26.206081, 35.746574, 33.774796>
	pigment { color rgbt <0,1,1,0> }
	no_shadow
}
cylinder {
	<25.533773, 35.542233, 33.301884>,  <25.777458, 36.128765, 33.374527>, 0.130000
	pigment { color rgbt <1,0,0,0> }
	no_shadow
}

// nucleotide -1

// particle -1
sphere {
	<25.533773, 35.542233, 33.301884> 0.250000
	pigment { color rgbt <1,0,0,0> }
	no_shadow
}
cylinder {
	<25.766670, 35.507652, 33.625244>,  <25.906408, 35.486904, 33.819260>, 0.100000
	pigment { color rgbt <1,0,0,0> }
	no_shadow
}
cylinder {
	<25.766670, 35.507652, 33.625244>,  <25.533773, 35.542233, 33.301884>, 0.100000
	pigment { color rgbt <1,0,0,0> }
	no_shadow
}

// particle -1
sphere {
	<25.766670, 35.507652, 33.625244> 0.100000
	pigment { color rgbt <1,0,0,0> }
	no_shadow
}
sphere {
	0, 1
	scale<0.080000,0.200000,0.300000>
	matrix <-0.751276, -0.437286, 0.494334,
		0.310768, -0.895158, -0.319556,
		0.582244, -0.086451, 0.808405,
		25.941343, 35.481716, 33.867767>
	pigment { color rgbt <0,1,1,0> }
	no_shadow
}
cylinder {
	<25.571733, 34.842480, 33.497074>,  <25.533773, 35.542233, 33.301884>, 0.130000
	pigment { color rgbt <1,0,0,0> }
	no_shadow
}

// nucleotide -1

// particle -1
sphere {
	<25.571733, 34.842480, 33.497074> 0.250000
	pigment { color rgbt <1,0,0,0> }
	no_shadow
}
cylinder {
	<25.617064, 35.088158, 33.809464>,  <25.644262, 35.235565, 33.996899>, 0.100000
	pigment { color rgbt <1,0,0,0> }
	no_shadow
}
cylinder {
	<25.617064, 35.088158, 33.809464>,  <25.571733, 34.842480, 33.497074>, 0.100000
	pigment { color rgbt <1,0,0,0> }
	no_shadow
}

// particle -1
sphere {
	<25.617064, 35.088158, 33.809464> 0.100000
	pigment { color rgbt <1,0,0,0> }
	no_shadow
}
sphere {
	0, 1
	scale<0.080000,0.200000,0.300000>
	matrix <-0.884152, -0.296240, 0.361272,
		0.453248, -0.731442, 0.509470,
		0.113325, 0.614195, 0.780976,
		25.651060, 35.272415, 34.043755>
	pigment { color rgbt <0,1,1,0> }
	no_shadow
}
cylinder {
	<25.537258, 34.390644, 34.121601>,  <25.571733, 34.842480, 33.497074>, 0.130000
	pigment { color rgbt <1,0,0,0> }
	no_shadow
}

// nucleotide -1

// particle -1
sphere {
	<25.537258, 34.390644, 34.121601> 0.250000
	pigment { color rgbt <1,0,0,0> }
	no_shadow
}
cylinder {
	<25.463415, 34.768822, 34.228970>,  <25.419109, 34.995728, 34.293392>, 0.100000
	pigment { color rgbt <1,0,0,0> }
	no_shadow
}
cylinder {
	<25.463415, 34.768822, 34.228970>,  <25.537258, 34.390644, 34.121601>, 0.100000
	pigment { color rgbt <1,0,0,0> }
	no_shadow
}

// particle -1
sphere {
	<25.463415, 34.768822, 34.228970> 0.100000
	pigment { color rgbt <1,0,0,0> }
	no_shadow
}
sphere {
	0, 1
	scale<0.080000,0.200000,0.300000>
	matrix <-0.787133, -0.305772, 0.535654,
		0.588508, -0.112397, 0.800641,
		-0.184608, 0.945447, 0.268420,
		25.408033, 35.052456, 34.309494>
	pigment { color rgbt <0,1,1,0> }
	no_shadow
}
cylinder {
	<25.787451, 33.855362, 33.628651>,  <25.537258, 34.390644, 34.121601>, 0.130000
	pigment { color rgbt <1,0,0,0> }
	no_shadow
}

// nucleotide -1

// particle -1
sphere {
	<25.787451, 33.855362, 33.628651> 0.250000
	pigment { color rgbt <1,0,0,0> }
	no_shadow
}
cylinder {
	<25.427845, 33.840511, 33.454113>,  <25.212082, 33.831600, 33.349392>, 0.100000
	pigment { color rgbt <1,0,0,0> }
	no_shadow
}
cylinder {
	<25.427845, 33.840511, 33.454113>,  <25.787451, 33.855362, 33.628651>, 0.100000
	pigment { color rgbt <1,0,0,0> }
	no_shadow
}

// particle -1
sphere {
	<25.427845, 33.840511, 33.454113> 0.100000
	pigment { color rgbt <1,0,0,0> }
	no_shadow
}
sphere {
	0, 1
	scale<0.080000,0.200000,0.300000>
	matrix <0.437918, -0.079030, -0.895534,
		-0.001234, -0.996180, 0.087309,
		-0.899014, -0.037130, -0.436343,
		25.158140, 33.829372, 33.323212>
	pigment { color rgbt <0,1,1,0> }
	no_shadow
}
cylinder {
	<25.551136, 33.145435, 33.278488>,  <25.787451, 33.855362, 33.628651>, 0.130000
	pigment { color rgbt <1,0,0,0> }
	no_shadow
}

// nucleotide -1

// particle -1
sphere {
	<25.551136, 33.145435, 33.278488> 0.250000
	pigment { color rgbt <1,0,0,0> }
	no_shadow
}
cylinder {
	<25.396851, 33.472717, 33.107956>,  <25.304279, 33.669086, 33.005638>, 0.100000
	pigment { color rgbt <1,0,0,0> }
	no_shadow
}
cylinder {
	<25.396851, 33.472717, 33.107956>,  <25.551136, 33.145435, 33.278488>, 0.100000
	pigment { color rgbt <1,0,0,0> }
	no_shadow
}

// particle -1
sphere {
	<25.396851, 33.472717, 33.107956> 0.100000
	pigment { color rgbt <1,0,0,0> }
	no_shadow
}
sphere {
	0, 1
	scale<0.080000,0.200000,0.300000>
	matrix <0.454253, -0.233783, -0.859651,
		-0.803043, -0.525243, -0.281500,
		-0.385715, 0.818209, -0.426330,
		25.281136, 33.718182, 32.980057>
	pigment { color rgbt <0,1,1,0> }
	no_shadow
}
cylinder {
	<25.220768, 32.875591, 32.655663>,  <25.551136, 33.145435, 33.278488>, 0.130000
	pigment { color rgbt <1,0,0,0> }
	no_shadow
}

// nucleotide -1

// particle -1
sphere {
	<25.220768, 32.875591, 32.655663> 0.250000
	pigment { color rgbt <1,0,0,0> }
	no_shadow
}
cylinder {
	<25.291910, 33.264503, 32.594959>,  <25.334595, 33.497852, 32.558537>, 0.100000
	pigment { color rgbt <1,0,0,0> }
	no_shadow
}
cylinder {
	<25.291910, 33.264503, 32.594959>,  <25.220768, 32.875591, 32.655663>, 0.100000
	pigment { color rgbt <1,0,0,0> }
	no_shadow
}

// particle -1
sphere {
	<25.291910, 33.264503, 32.594959> 0.100000
	pigment { color rgbt <1,0,0,0> }
	no_shadow
}
sphere {
	0, 1
	scale<0.080000,0.200000,0.300000>
	matrix <0.282168, -0.198131, -0.938683,
		-0.942735, 0.124126, -0.309586,
		0.177854, 0.972284, -0.151761,
		25.345266, 33.556190, 32.549431>
	pigment { color rgbt <0,1,1,0> }
	no_shadow
}
cylinder {
	<24.992109, 32.965073, 31.979309>,  <25.220768, 32.875591, 32.655663>, 0.130000
	pigment { color rgbt <1,0,0,0> }
	no_shadow
}

// nucleotide -1

// particle -1
sphere {
	<24.992109, 32.965073, 31.979309> 0.250000
	pigment { color rgbt <1,0,0,0> }
	no_shadow
}
cylinder {
	<25.200634, 33.306175, 31.992235>,  <25.325748, 33.510838, 31.999990>, 0.100000
	pigment { color rgbt <1,0,0,0> }
	no_shadow
}
cylinder {
	<25.200634, 33.306175, 31.992235>,  <24.992109, 32.965073, 31.979309>, 0.100000
	pigment { color rgbt <1,0,0,0> }
	no_shadow
}

// particle -1
sphere {
	<25.200634, 33.306175, 31.992235> 0.100000
	pigment { color rgbt <1,0,0,0> }
	no_shadow
}
sphere {
	0, 1
	scale<0.080000,0.200000,0.300000>
	matrix <0.384388, -0.200841, -0.901060,
		-0.761891, 0.482156, -0.432489,
		0.521313, 0.852753, 0.032316,
		25.357029, 33.562000, 32.001930>
	pigment { color rgbt <0,1,1,0> }
	no_shadow
}
cylinder {
	<25.412287, 32.954723, 31.422640>,  <24.992109, 32.965073, 31.979309>, 0.130000
	pigment { color rgbt <1,0,0,0> }
	no_shadow
}

// nucleotide -1

// particle -1
sphere {
	<25.412287, 32.954723, 31.422640> 0.250000
	pigment { color rgbt <1,0,0,0> }
	no_shadow
}
cylinder {
	<25.505913, 33.332214, 31.516104>,  <25.562088, 33.558708, 31.572182>, 0.100000
	pigment { color rgbt <1,0,0,0> }
	no_shadow
}
cylinder {
	<25.505913, 33.332214, 31.516104>,  <25.412287, 32.954723, 31.422640>, 0.100000
	pigment { color rgbt <1,0,0,0> }
	no_shadow
}

// particle -1
sphere {
	<25.505913, 33.332214, 31.516104> 0.100000
	pigment { color rgbt <1,0,0,0> }
	no_shadow
}
sphere {
	0, 1
	scale<0.080000,0.200000,0.300000>
	matrix <0.671531, 0.016859, -0.740785,
		-0.703037, 0.330300, -0.629794,
		0.234064, 0.943725, 0.233659,
		25.576132, 33.615334, 31.586201>
	pigment { color rgbt <0,1,1,0> }
	no_shadow
}
cylinder {
	<25.330091, 33.446579, 30.857431>,  <25.412287, 32.954723, 31.422640>, 0.130000
	pigment { color rgbt <1,0,0,0> }
	no_shadow
}

// nucleotide -1

// particle -1
sphere {
	<25.330091, 33.446579, 30.857431> 0.250000
	pigment { color rgbt <1,0,0,0> }
	no_shadow
}
cylinder {
	<25.620728, 33.577991, 31.098806>,  <25.795109, 33.656837, 31.243631>, 0.100000
	pigment { color rgbt <1,0,0,0> }
	no_shadow
}
cylinder {
	<25.620728, 33.577991, 31.098806>,  <25.330091, 33.446579, 30.857431>, 0.100000
	pigment { color rgbt <1,0,0,0> }
	no_shadow
}

// particle -1
sphere {
	<25.620728, 33.577991, 31.098806> 0.100000
	pigment { color rgbt <1,0,0,0> }
	no_shadow
}
sphere {
	0, 1
	scale<0.080000,0.200000,0.300000>
	matrix <0.604581, 0.111546, -0.788695,
		-0.326421, 0.937883, -0.117575,
		0.726589, 0.328530, 0.603437,
		25.838705, 33.676552, 31.279839>
	pigment { color rgbt <0,1,1,0> }
	no_shadow
}
cylinder {
	<25.504667, 34.054695, 30.647112>,  <25.330091, 33.446579, 30.857431>, 0.130000
	pigment { color rgbt <1,0,0,0> }
	no_shadow
}

// nucleotide -1

// particle -1
sphere {
	<25.504667, 34.054695, 30.647112> 0.250000
	pigment { color rgbt <1,0,0,0> }
	no_shadow
}
cylinder {
	<25.811550, 33.883698, 30.838377>,  <25.995680, 33.781097, 30.953136>, 0.100000
	pigment { color rgbt <1,0,0,0> }
	no_shadow
}
cylinder {
	<25.811550, 33.883698, 30.838377>,  <25.504667, 34.054695, 30.647112>, 0.100000
	pigment { color rgbt <1,0,0,0> }
	no_shadow
}

// particle -1
sphere {
	<25.811550, 33.883698, 30.838377> 0.100000
	pigment { color rgbt <1,0,0,0> }
	no_shadow
}
sphere {
	0, 1
	scale<0.080000,0.200000,0.300000>
	matrix <0.570159, 0.113085, -0.813714,
		0.293785, 0.896917, 0.330500,
		0.767208, -0.427494, 0.478163,
		26.041712, 33.755447, 30.981827>
	pigment { color rgbt <0,1,1,0> }
	no_shadow
}
cylinder {
	<26.185120, 34.492588, 30.569866>,  <25.504667, 34.054695, 30.647112>, 0.130000
	pigment { color rgbt <1,0,0,0> }
	no_shadow
}

// nucleotide -1

// particle -1
sphere {
	<26.185120, 34.492588, 30.569866> 0.250000
	pigment { color rgbt <1,0,0,0> }
	no_shadow
}
cylinder {
	<26.245319, 34.099384, 30.611897>,  <26.281439, 33.863461, 30.637115>, 0.100000
	pigment { color rgbt <1,0,0,0> }
	no_shadow
}
cylinder {
	<26.245319, 34.099384, 30.611897>,  <26.185120, 34.492588, 30.569866>, 0.100000
	pigment { color rgbt <1,0,0,0> }
	no_shadow
}

// particle -1
sphere {
	<26.245319, 34.099384, 30.611897> 0.100000
	pigment { color rgbt <1,0,0,0> }
	no_shadow
}
sphere {
	0, 1
	scale<0.080000,0.200000,0.300000>
	matrix <0.531539, -0.009157, -0.846985,
		0.833556, 0.183323, 0.521130,
		0.150500, -0.983010, 0.105076,
		26.290470, 33.804482, 30.643419>
	pigment { color rgbt <0,1,1,0> }
	no_shadow
}
cylinder {
	<26.825279, 34.395477, 30.283998>,  <26.185120, 34.492588, 30.569866>, 0.130000
	pigment { color rgbt <1,0,0,0> }
	no_shadow
}

// nucleotide -1

// particle -1
sphere {
	<26.825279, 34.395477, 30.283998> 0.250000
	pigment { color rgbt <1,0,0,0> }
	no_shadow
}
cylinder {
	<26.691294, 34.019562, 30.311127>,  <26.610903, 33.794014, 30.327404>, 0.100000
	pigment { color rgbt <1,0,0,0> }
	no_shadow
}
cylinder {
	<26.691294, 34.019562, 30.311127>,  <26.825279, 34.395477, 30.283998>, 0.100000
	pigment { color rgbt <1,0,0,0> }
	no_shadow
}

// particle -1
sphere {
	<26.691294, 34.019562, 30.311127> 0.100000
	pigment { color rgbt <1,0,0,0> }
	no_shadow
}
sphere {
	0, 1
	scale<0.080000,0.200000,0.300000>
	matrix <0.536594, -0.249430, -0.806134,
		0.774512, -0.233632, 0.587833,
		-0.334962, -0.939788, 0.067821,
		26.590805, 33.737625, 30.331472>
	pigment { color rgbt <0,1,1,0> }
	no_shadow
}
cylinder {
	<27.545422, 34.111034, 30.023392>,  <26.825279, 34.395477, 30.283998>, 0.130000
	pigment { color rgbt <1,0,0,0> }
	no_shadow
}

// nucleotide -1

// particle -1
sphere {
	<27.545422, 34.111034, 30.023392> 0.250000
	pigment { color rgbt <1,0,0,0> }
	no_shadow
}
cylinder {
	<27.797018, 34.416718, 29.966322>,  <27.947975, 34.600128, 29.932079>, 0.100000
	pigment { color rgbt <1,0,0,0> }
	no_shadow
}
cylinder {
	<27.797018, 34.416718, 29.966322>,  <27.545422, 34.111034, 30.023392>, 0.100000
	pigment { color rgbt <1,0,0,0> }
	no_shadow
}

// particle -1
sphere {
	<27.797018, 34.416718, 29.966322> 0.100000
	pigment { color rgbt <1,0,0,0> }
	no_shadow
}
sphere {
	0, 1
	scale<0.080000,0.200000,0.300000>
	matrix <0.096203, 0.105601, 0.989744,
		0.771437, -0.636266, -0.007097,
		0.628991, 0.764209, -0.142675,
		27.985716, 34.645981, 29.923519>
	pigment { color rgbt <0,1,1,0> }
	no_shadow
}
cylinder {
	<27.043451, 34.413235, 29.507578>,  <27.545422, 34.111034, 30.023392>, 0.130000
	pigment { color rgbt <1,0,0,0> }
	no_shadow
}

// nucleotide -1

// particle -1
sphere {
	<27.043451, 34.413235, 29.507578> 0.250000
	pigment { color rgbt <1,0,0,0> }
	no_shadow
}
cylinder {
	<27.390078, 34.381542, 29.310484>,  <27.598053, 34.362526, 29.192228>, 0.100000
	pigment { color rgbt <1,0,0,0> }
	no_shadow
}
cylinder {
	<27.390078, 34.381542, 29.310484>,  <27.043451, 34.413235, 29.507578>, 0.100000
	pigment { color rgbt <1,0,0,0> }
	no_shadow
}

// particle -1
sphere {
	<27.390078, 34.381542, 29.310484> 0.100000
	pigment { color rgbt <1,0,0,0> }
	no_shadow
}
sphere {
	0, 1
	scale<0.080000,0.200000,0.300000>
	matrix <0.346137, 0.806666, 0.479040,
		0.359518, -0.585673, 0.726453,
		0.866566, -0.079229, -0.492734,
		27.650047, 34.357773, 29.162664>
	pigment { color rgbt <0,1,1,0> }
	no_shadow
}
cylinder {
	<26.673801, 33.795471, 29.181170>,  <27.043451, 34.413235, 29.507578>, 0.130000
	pigment { color rgbt <1,0,0,0> }
	no_shadow
}

// nucleotide -1

// particle -1
sphere {
	<26.673801, 33.795471, 29.181170> 0.250000
	pigment { color rgbt <1,0,0,0> }
	no_shadow
}
cylinder {
	<26.774990, 33.408970, 29.200592>,  <26.835703, 33.177071, 29.212246>, 0.100000
	pigment { color rgbt <1,0,0,0> }
	no_shadow
}
cylinder {
	<26.774990, 33.408970, 29.200592>,  <26.673801, 33.795471, 29.181170>, 0.100000
	pigment { color rgbt <1,0,0,0> }
	no_shadow
}

// particle -1
sphere {
	<26.774990, 33.408970, 29.200592> 0.100000
	pigment { color rgbt <1,0,0,0> }
	no_shadow
}
sphere {
	0, 1
	scale<0.080000,0.200000,0.300000>
	matrix <-0.053011, 0.036270, 0.997935,
		-0.966020, -0.255025, -0.042047,
		0.252974, -0.966254, 0.048557,
		26.850882, 33.119095, 29.215158>
	pigment { color rgbt <0,1,1,0> }
	no_shadow
}
cylinder {
	<26.119665, 33.458363, 29.536701>,  <26.673801, 33.795471, 29.181170>, 0.130000
	pigment { color rgbt <1,0,0,0> }
	no_shadow
}

// nucleotide -1

// particle -1
sphere {
	<26.119665, 33.458363, 29.536701> 0.250000
	pigment { color rgbt <1,0,0,0> }
	no_shadow
}
cylinder {
	<26.459501, 33.253590, 29.587488>,  <26.663403, 33.130726, 29.617960>, 0.100000
	pigment { color rgbt <1,0,0,0> }
	no_shadow
}
cylinder {
	<26.459501, 33.253590, 29.587488>,  <26.119665, 33.458363, 29.536701>, 0.100000
	pigment { color rgbt <1,0,0,0> }
	no_shadow
}

// particle -1
sphere {
	<26.459501, 33.253590, 29.587488> 0.100000
	pigment { color rgbt <1,0,0,0> }
	no_shadow
}
sphere {
	0, 1
	scale<0.080000,0.200000,0.300000>
	matrix <-0.145292, 0.004261, 0.989380,
		-0.507036, -0.859016, -0.070759,
		0.849591, -0.511931, 0.126969,
		26.714378, 33.100010, 29.625578>
	pigment { color rgbt <0,1,1,0> }
	no_shadow
}
cylinder {
	<26.022980, 32.939503, 30.039404>,  <26.119665, 33.458363, 29.536701>, 0.130000
	pigment { color rgbt <1,0,0,0> }
	no_shadow
}

// nucleotide -1

// particle -1
sphere {
	<26.022980, 32.939503, 30.039404> 0.250000
	pigment { color rgbt <1,0,0,0> }
	no_shadow
}
cylinder {
	<26.419147, 32.981411, 30.075388>,  <26.656849, 33.006554, 30.096979>, 0.100000
	pigment { color rgbt <1,0,0,0> }
	no_shadow
}
cylinder {
	<26.419147, 32.981411, 30.075388>,  <26.022980, 32.939503, 30.039404>, 0.100000
	pigment { color rgbt <1,0,0,0> }
	no_shadow
}

// particle -1
sphere {
	<26.419147, 32.981411, 30.075388> 0.100000
	pigment { color rgbt <1,0,0,0> }
	no_shadow
}
sphere {
	0, 1
	scale<0.080000,0.200000,0.300000>
	matrix <-0.104915, 0.147299, 0.983512,
		0.089786, -0.983528, 0.156879,
		0.990420, 0.104765, 0.089961,
		26.716274, 33.012840, 30.102377>
	pigment { color rgbt <0,1,1,0> }
	no_shadow
}
cylinder {
	<26.302591, 32.426777, 30.562527>,  <26.022980, 32.939503, 30.039404>, 0.130000
	pigment { color rgbt <1,0,0,0> }
	no_shadow
}

// nucleotide -1

// particle -1
sphere {
	<26.302591, 32.426777, 30.562527> 0.250000
	pigment { color rgbt <1,0,0,0> }
	no_shadow
}
cylinder {
	<26.443462, 32.796459, 30.503445>,  <26.527985, 33.018269, 30.467997>, 0.100000
	pigment { color rgbt <1,0,0,0> }
	no_shadow
}
cylinder {
	<26.443462, 32.796459, 30.503445>,  <26.302591, 32.426777, 30.562527>, 0.100000
	pigment { color rgbt <1,0,0,0> }
	no_shadow
}

// particle -1
sphere {
	<26.443462, 32.796459, 30.503445> 0.100000
	pigment { color rgbt <1,0,0,0> }
	no_shadow
}
sphere {
	0, 1
	scale<0.080000,0.200000,0.300000>
	matrix <-0.147488, 0.210644, 0.966373,
		0.924240, -0.318548, 0.210492,
		0.352175, 0.924206, -0.147704,
		26.549114, 33.073719, 30.459133>
	pigment { color rgbt <0,1,1,0> }
	no_shadow
}
cylinder {
	<26.804922, 32.608593, 30.943672>,  <26.302591, 32.426777, 30.562527>, 0.130000
	pigment { color rgbt <1,0,0,0> }
	no_shadow
}

// nucleotide -1

// particle -1
sphere {
	<26.804922, 32.608593, 30.943672> 0.250000
	pigment { color rgbt <1,0,0,0> }
	no_shadow
}
cylinder {
	<26.639055, 32.964500, 30.867401>,  <26.539536, 33.178047, 30.821638>, 0.100000
	pigment { color rgbt <1,0,0,0> }
	no_shadow
}
cylinder {
	<26.639055, 32.964500, 30.867401>,  <26.804922, 32.608593, 30.943672>, 0.100000
	pigment { color rgbt <1,0,0,0> }
	no_shadow
}

// particle -1
sphere {
	<26.639055, 32.964500, 30.867401> 0.100000
	pigment { color rgbt <1,0,0,0> }
	no_shadow
}
sphere {
	0, 1
	scale<0.080000,0.200000,0.300000>
	matrix <-0.020431, 0.200385, 0.979504,
		0.909744, 0.410063, -0.064914,
		-0.414666, 0.889772, -0.190677,
		26.514656, 33.231434, 30.810198>
	pigment { color rgbt <0,1,1,0> }
	no_shadow
}
cylinder {
	<26.950716, 33.028667, 31.468019>,  <26.804922, 32.608593, 30.943672>, 0.130000
	pigment { color rgbt <1,0,0,0> }
	no_shadow
}

// nucleotide -1

// particle -1
sphere {
	<26.950716, 33.028667, 31.468019> 0.250000
	pigment { color rgbt <1,0,0,0> }
	no_shadow
}
cylinder {
	<26.680479, 33.273857, 31.304150>,  <26.518337, 33.420971, 31.205828>, 0.100000
	pigment { color rgbt <1,0,0,0> }
	no_shadow
}
cylinder {
	<26.680479, 33.273857, 31.304150>,  <26.950716, 33.028667, 31.468019>, 0.100000
	pigment { color rgbt <1,0,0,0> }
	no_shadow
}

// particle -1
sphere {
	<26.680479, 33.273857, 31.304150> 0.100000
	pigment { color rgbt <1,0,0,0> }
	no_shadow
}
sphere {
	0, 1
	scale<0.080000,0.200000,0.300000>
	matrix <-0.421926, 0.134232, 0.896638,
		0.604612, 0.778614, 0.167946,
		-0.675591, 0.612979, -0.409676,
		26.477802, 33.457752, 31.181248>
	pigment { color rgbt <0,1,1,0> }
	no_shadow
}
cylinder {
	<26.987537, 33.711712, 31.743235>,  <26.950716, 33.028667, 31.468019>, 0.130000
	pigment { color rgbt <1,0,0,0> }
	no_shadow
}

// nucleotide -1

// particle -1
sphere {
	<26.987537, 33.711712, 31.743235> 0.250000
	pigment { color rgbt <1,0,0,0> }
	no_shadow
}
cylinder {
	<26.605158, 33.637623, 31.652145>,  <26.375731, 33.593170, 31.597492>, 0.100000
	pigment { color rgbt <1,0,0,0> }
	no_shadow
}
cylinder {
	<26.605158, 33.637623, 31.652145>,  <26.987537, 33.711712, 31.743235>, 0.100000
	pigment { color rgbt <1,0,0,0> }
	no_shadow
}

// particle -1
sphere {
	<26.605158, 33.637623, 31.652145> 0.100000
	pigment { color rgbt <1,0,0,0> }
	no_shadow
}
sphere {
	0, 1
	scale<0.080000,0.200000,0.300000>
	matrix <-0.287425, 0.433130, 0.854275,
