// switches for output
#declare DRAW_BASES = 1; // possible values are 0, 1; only relevant for DNA ribbons
#declare DRAW_BASES_TYPE = 3; // possible values are 1, 2, 3; only relevant for DNA ribbons
#declare DRAW_FOG = 0; // set to 1 to enable fog

#include "colors.inc"

#include "transforms.inc"
background { rgb <1, 1, 1>}

#default {
   normal{
       ripples 0.25
       frequency 0.20
       turbulence 0.2
       lambda 5
   }
	finish {
		phong 0.1
		phong_size 40.
	}
}

// original window dimensions: 1024x640


// camera settings

camera {
	sky <0, 0.179814, -0.983701>
	up <0, 0.179814, -0.983701>
	right 1.6 * <1, 0, 0>
	location <35, 94.9851, 44.8844>
	look_at <35, 29.7336, 32.9568>
	direction <0, -65.2515, -11.9276>
	angle 67.0682
}


# declare cpy_camera_pos = <35, 94.9851, 44.8844>;
# if (DRAW_FOG = 1)
fog {
	fog_type 2
	up vnormalize(cpy_camera_pos)
	color rgbt<1,1,1,0.3>
	distance 1e-5
	fog_alt 3e-3
	fog_offset 56
}
# end


// LIGHTS

# declare lum = 6;
global_settings {
	ambient_light rgb lum * <0.05, 0.05, 0.05>
	max_trace_level 15
}# declare cpy_direct_light_amount = 0.25;
light_source
{	1000 * <-1, -1.16352, -0.803886>,
	rgb lum * cpy_direct_light_amount
	parallel
}

light_source
{	1000 * <1, 1.16352, 0.803886>,
	rgb lum * cpy_direct_light_amount
	parallel
}

// strand 0

// nucleotide -1

// particle -1
sphere {
	<24.454313, 35.173271, 35.046490> 0.250000
	pigment { color rgbt <1,0,0,0> }
	no_shadow
}
cylinder {
	<24.239412, 34.949680, 35.299126>,  <24.110472, 34.815525, 35.450706>, 0.100000
	pigment { color rgbt <1,0,0,0> }
	no_shadow
}
cylinder {
	<24.239412, 34.949680, 35.299126>,  <24.454313, 35.173271, 35.046490>, 0.100000
	pigment { color rgbt <1,0,0,0> }
	no_shadow
}

// particle -1
sphere {
	<24.239412, 34.949680, 35.299126> 0.100000
	pigment { color rgbt <1,0,0,0> }
	no_shadow
}
sphere {
	0, 1
	scale<0.080000,0.200000,0.300000>
	matrix <0.674136, 0.165424, 0.719844,
		-0.506854, 0.812517, 0.287950,
		-0.537252, -0.558974, 0.631593,
		24.078238, 34.781990, 35.488602>
	pigment { color rgbt <0,1,1,0> }
	no_shadow
}
cylinder {
	<24.508568, 35.571964, 35.768887>,  <24.454313, 35.173271, 35.046490>, 0.130000
	pigment { color rgbt <1,0,0,0> }
	no_shadow
}

// nucleotide -1

// particle -1
sphere {
	<24.508568, 35.571964, 35.768887> 0.250000
	pigment { color rgbt <1,0,0,0> }
	no_shadow
}
cylinder {
	<24.414433, 35.183331, 35.779034>,  <24.357952, 34.950150, 35.785122>, 0.100000
	pigment { color rgbt <1,0,0,0> }
	no_shadow
}
cylinder {
	<24.414433, 35.183331, 35.779034>,  <24.508568, 35.571964, 35.768887>, 0.100000
	pigment { color rgbt <1,0,0,0> }
	no_shadow
}

// particle -1
sphere {
	<24.414433, 35.183331, 35.779034> 0.100000
	pigment { color rgbt <1,0,0,0> }
	no_shadow
}
sphere {
	0, 1
	scale<0.080000,0.200000,0.300000>
	matrix <0.702310, -0.151958, 0.695463,
		-0.671845, 0.181485, 0.718114,
		-0.235339, -0.971582, 0.025367,
		24.343830, 34.891857, 35.786644>
	pigment { color rgbt <0,1,1,0> }
	no_shadow
}
cylinder {
	<24.441919, 35.331223, 36.579243>,  <24.508568, 35.571964, 35.768887>, 0.130000
	pigment { color rgbt <1,0,0,0> }
	no_shadow
}

// nucleotide -1

// particle -1
sphere {
	<24.441919, 35.331223, 36.579243> 0.250000
	pigment { color rgbt <1,0,0,0> }
	no_shadow
}
cylinder {
	<24.503767, 35.013039, 36.344860>,  <24.540876, 34.822128, 36.204231>, 0.100000
	pigment { color rgbt <1,0,0,0> }
	no_shadow
}
cylinder {
	<24.503767, 35.013039, 36.344860>,  <24.441919, 35.331223, 36.579243>, 0.100000
	pigment { color rgbt <1,0,0,0> }
	no_shadow
}

// particle -1
sphere {
	<24.503767, 35.013039, 36.344860> 0.100000
	pigment { color rgbt <1,0,0,0> }
	no_shadow
}
sphere {
	0, 1
	scale<0.080000,0.200000,0.300000>
	matrix <0.717123, -0.317595, 0.620378,
		-0.679579, -0.516124, 0.521333,
		0.154620, -0.795455, -0.585955,
		24.550154, 34.774403, 36.169075>
	pigment { color rgbt <0,1,1,0> }
	no_shadow
}
cylinder {
	<24.641846, 34.853657, 37.043083>,  <24.441919, 35.331223, 36.579243>, 0.130000
	pigment { color rgbt <1,0,0,0> }
	no_shadow
}

// nucleotide -1

// particle -1
sphere {
	<24.641846, 34.853657, 37.043083> 0.250000
	pigment { color rgbt <1,0,0,0> }
	no_shadow
}
cylinder {
	<24.772932, 34.683395, 36.705700>,  <24.851583, 34.581238, 36.503269>, 0.100000
	pigment { color rgbt <1,0,0,0> }
	no_shadow
}
cylinder {
	<24.772932, 34.683395, 36.705700>,  <24.641846, 34.853657, 37.043083>, 0.100000
	pigment { color rgbt <1,0,0,0> }
	no_shadow
}

// particle -1
sphere {
	<24.772932, 34.683395, 36.705700> 0.100000
	pigment { color rgbt <1,0,0,0> }
	no_shadow
}
sphere {
	0, 1
	scale<0.080000,0.200000,0.300000>
	matrix <0.636107, -0.560682, 0.530099,
		-0.698549, -0.710252, 0.087015,
		0.327715, -0.425651, -0.843459,
		24.871246, 34.555698, 36.452663>
	pigment { color rgbt <0,1,1,0> }
	no_shadow
}
cylinder {
	<24.588972, 34.030083, 37.072727>,  <24.641846, 34.853657, 37.043083>, 0.130000
	pigment { color rgbt <1,0,0,0> }
	no_shadow
}

// nucleotide -1

// particle -1
sphere {
	<24.588972, 34.030083, 37.072727> 0.250000
	pigment { color rgbt <1,0,0,0> }
	no_shadow
}
cylinder {
	<24.865181, 34.159294, 36.813858>,  <25.030907, 34.236820, 36.658535>, 0.100000
	pigment { color rgbt <1,0,0,0> }
	no_shadow
}
cylinder {
	<24.865181, 34.159294, 36.813858>,  <24.588972, 34.030083, 37.072727>, 0.100000
	pigment { color rgbt <1,0,0,0> }
	no_shadow
}

// particle -1
sphere {
	<24.865181, 34.159294, 36.813858> 0.100000
	pigment { color rgbt <1,0,0,0> }
	no_shadow
}
sphere {
	0, 1
	scale<0.080000,0.200000,0.300000>
	matrix <0.670882, -0.620471, 0.406120,
		-0.270364, -0.714611, -0.645162,
		0.690522, 0.323027, -0.647172,
		25.072338, 34.256203, 36.619705>
	pigment { color rgbt <0,1,1,0> }
	no_shadow
}
cylinder {
	<24.745235, 33.452251, 36.642960>,  <24.588972, 34.030083, 37.072727>, 0.130000
	pigment { color rgbt <1,0,0,0> }
	no_shadow
}

// nucleotide -1

// particle -1
sphere {
	<24.745235, 33.452251, 36.642960> 0.250000
	pigment { color rgbt <1,0,0,0> }
	no_shadow
}
cylinder {
	<25.050125, 33.711159, 36.640045>,  <25.233059, 33.866505, 36.638298>, 0.100000
	pigment { color rgbt <1,0,0,0> }
	no_shadow
}
cylinder {
	<25.050125, 33.711159, 36.640045>,  <24.745235, 33.452251, 36.642960>, 0.100000
	pigment { color rgbt <1,0,0,0> }
	no_shadow
}

// particle -1
sphere {
	<25.050125, 33.711159, 36.640045> 0.100000
	pigment { color rgbt <1,0,0,0> }
	no_shadow
}
sphere {
	0, 1
	scale<0.080000,0.200000,0.300000>
	matrix <0.545592, -0.636347, 0.545337,
		0.348346, -0.419644, -0.838185,
		0.762224, 0.647273, -0.007286,
		25.278791, 33.905342, 36.637859>
	pigment { color rgbt <0,1,1,0> }
	no_shadow
}
cylinder {
	<25.348551, 33.090397, 36.526546>,  <24.745235, 33.452251, 36.642960>, 0.130000
	pigment { color rgbt <1,0,0,0> }
	no_shadow
}

// nucleotide -1

// particle -1
sphere {
	<25.348551, 33.090397, 36.526546> 0.250000
	pigment { color rgbt <1,0,0,0> }
	no_shadow
}
cylinder {
	<25.500736, 33.425747, 36.682686>,  <25.592047, 33.626957, 36.776371>, 0.100000
	pigment { color rgbt <1,0,0,0> }
	no_shadow
}
cylinder {
	<25.500736, 33.425747, 36.682686>,  <25.348551, 33.090397, 36.526546>, 0.100000
	pigment { color rgbt <1,0,0,0> }
	no_shadow
}

// particle -1
sphere {
	<25.500736, 33.425747, 36.682686> 0.100000
	pigment { color rgbt <1,0,0,0> }
	no_shadow
}
sphere {
	0, 1
	scale<0.080000,0.200000,0.300000>
	matrix <0.723748, -0.532690, 0.438668,
		0.575705, 0.115618, -0.809442,
		0.380464, 0.838375, 0.390351,
		25.614876, 33.677261, 36.799789>
	pigment { color rgbt <0,1,1,0> }
	no_shadow
}
cylinder {
	<26.070614, 32.948883, 36.460213>,  <25.348551, 33.090397, 36.526546>, 0.130000
	pigment { color rgbt <1,0,0,0> }
	no_shadow
}

// nucleotide -1

// particle -1
sphere {
	<26.070614, 32.948883, 36.460213> 0.250000
	pigment { color rgbt <1,0,0,0> }
	no_shadow
}
cylinder {
	<26.056749, 33.221619, 36.752487>,  <26.048431, 33.385258, 36.927853>, 0.100000
	pigment { color rgbt <1,0,0,0> }
	no_shadow
}
cylinder {
	<26.056749, 33.221619, 36.752487>,  <26.070614, 32.948883, 36.460213>, 0.100000
	pigment { color rgbt <1,0,0,0> }
	no_shadow
}

// particle -1
sphere {
	<26.056749, 33.221619, 36.752487> 0.100000
	pigment { color rgbt <1,0,0,0> }
	no_shadow
}
sphere {
	0, 1
	scale<0.080000,0.200000,0.300000>
	matrix <0.747791, -0.467355, 0.471581,
		0.663029, 0.562744, -0.493672,
		-0.034659, 0.681835, 0.730684,
		26.046352, 33.426170, 36.971691>
	pigment { color rgbt <0,1,1,0> }
	no_shadow
}
cylinder {
	<26.868694, 33.136108, 36.609585>,  <26.070614, 32.948883, 36.460213>, 0.130000
	pigment { color rgbt <1,0,0,0> }
	no_shadow
}

// nucleotide -1

// particle -1
sphere {
	<26.868694, 33.136108, 36.609585> 0.250000
	pigment { color rgbt <1,0,0,0> }
	no_shadow
}
cylinder {
	<26.654736, 33.193535, 36.942638>,  <26.526360, 33.227993, 37.142471>, 0.100000
	pigment { color rgbt <1,0,0,0> }
	no_shadow
}
cylinder {
	<26.654736, 33.193535, 36.942638>,  <26.868694, 33.136108, 36.609585>, 0.100000
	pigment { color rgbt <1,0,0,0> }
	no_shadow
}

// particle -1
sphere {
	<26.654736, 33.193535, 36.942638> 0.100000
	pigment { color rgbt <1,0,0,0> }
	no_shadow
}
sphere {
	0, 1
	scale<0.080000,0.200000,0.300000>
	matrix <0.587691, -0.644799, 0.488726,
		0.607044, 0.750748, 0.260528,
		-0.534898, 0.143569, 0.832630,
		26.494267, 33.236607, 37.192429>
	pigment { color rgbt <0,1,1,0> }
	no_shadow
}
cylinder {
	<27.380714, 33.227501, 37.120598>,  <26.868694, 33.136108, 36.609585>, 0.130000
	pigment { color rgbt <1,0,0,0> }
	no_shadow
}

// nucleotide -1

// particle -1
sphere {
	<27.380714, 33.227501, 37.120598> 0.250000
	pigment { color rgbt <1,0,0,0> }
	no_shadow
}
cylinder {
	<27.062346, 33.118763, 37.336971>,  <26.871325, 33.053520, 37.466797>, 0.100000
	pigment { color rgbt <1,0,0,0> }
	no_shadow
}
cylinder {
	<27.062346, 33.118763, 37.336971>,  <27.380714, 33.227501, 37.120598>, 0.100000
	pigment { color rgbt <1,0,0,0> }
	no_shadow
}

// particle -1
sphere {
	<27.062346, 33.118763, 37.336971> 0.100000
	pigment { color rgbt <1,0,0,0> }
	no_shadow
}
sphere {
	0, 1
	scale<0.080000,0.200000,0.300000>
	matrix <0.486644, -0.818791, 0.304564,
		0.360121, 0.505652, 0.783983,
		-0.795922, -0.271840, 0.540936,
		26.823568, 33.037212, 37.499252>
	pigment { color rgbt <0,1,1,0> }
	no_shadow
}
cylinder {
	<27.710308, 32.885258, 37.720284>,  <27.380714, 33.227501, 37.120598>, 0.130000
	pigment { color rgbt <1,0,0,0> }
	no_shadow
}

// nucleotide -1

// particle -1
sphere {
	<27.710308, 32.885258, 37.720284> 0.250000
	pigment { color rgbt <1,0,0,0> }
	no_shadow
}
cylinder {
	<27.337748, 32.771503, 37.629406>,  <27.114212, 32.703251, 37.574879>, 0.100000
	pigment { color rgbt <1,0,0,0> }
	no_shadow
}
cylinder {
	<27.337748, 32.771503, 37.629406>,  <27.710308, 32.885258, 37.720284>, 0.100000
	pigment { color rgbt <1,0,0,0> }
	no_shadow
}

// particle -1
sphere {
	<27.337748, 32.771503, 37.629406> 0.100000
	pigment { color rgbt <1,0,0,0> }
	no_shadow
}
sphere {
	0, 1
	scale<0.080000,0.200000,0.300000>
	matrix <0.304101, -0.950974, -0.056307,
		-0.200039, -0.121533, 0.972221,
		-0.931401, -0.284390, -0.227190,
		27.058327, 32.686188, 37.561249>
	pigment { color rgbt <0,1,1,0> }
	no_shadow
}
cylinder {
	<27.451059, 32.215717, 38.113983>,  <27.710308, 32.885258, 37.720284>, 0.130000
	pigment { color rgbt <1,0,0,0> }
	no_shadow
}

// nucleotide -1

// particle -1
sphere {
	<27.451059, 32.215717, 38.113983> 0.250000
	pigment { color rgbt <1,0,0,0> }
	no_shadow
}
cylinder {
	<27.265003, 32.234932, 37.760410>,  <27.153370, 32.246460, 37.548267>, 0.100000
	pigment { color rgbt <1,0,0,0> }
	no_shadow
}
cylinder {
	<27.265003, 32.234932, 37.760410>,  <27.451059, 32.215717, 38.113983>, 0.100000
	pigment { color rgbt <1,0,0,0> }
	no_shadow
}

// particle -1
sphere {
	<27.265003, 32.234932, 37.760410> 0.100000
	pigment { color rgbt <1,0,0,0> }
	no_shadow
}
sphere {
	0, 1
	scale<0.080000,0.200000,0.300000>
	matrix <0.096139, -0.989879, -0.104383,
		-0.880002, -0.133533, 0.455813,
		-0.465139, 0.048036, -0.883933,
		27.125462, 32.249344, 37.495232>
	pigment { color rgbt <0,1,1,0> }
	no_shadow
}
cylinder {
	<28.059008, 31.670948, 37.848122>,  <27.451059, 32.215717, 38.113983>, 0.130000
	pigment { color rgbt <1,0,0,0> }
	no_shadow
}

// nucleotide -1

// particle -1
sphere {
	<28.059008, 31.670948, 37.848122> 0.250000
	pigment { color rgbt <1,0,0,0> }
	no_shadow
}
cylinder {
	<27.792486, 31.389500, 37.749367>,  <27.632572, 31.220631, 37.690113>, 0.100000
	pigment { color rgbt <1,0,0,0> }
	no_shadow
}
cylinder {
	<27.792486, 31.389500, 37.749367>,  <28.059008, 31.670948, 37.848122>, 0.100000
	pigment { color rgbt <1,0,0,0> }
	no_shadow
}

// particle -1
sphere {
	<27.792486, 31.389500, 37.749367> 0.100000
	pigment { color rgbt <1,0,0,0> }
	no_shadow
}
sphere {
	0, 1
	scale<0.080000,0.200000,0.300000>
	matrix <-0.682565, 0.708819, -0.177993,
		0.300237, 0.049917, -0.952558,
		-0.666306, -0.703622, -0.246886,
		27.592594, 31.178413, 37.675301>
	pigment { color rgbt <0,1,1,0> }
	no_shadow
}
cylinder {
	<27.706741, 32.053677, 37.398949>,  <28.059008, 31.670948, 37.848122>, 0.130000
	pigment { color rgbt <1,0,0,0> }
	no_shadow
}

// nucleotide -1

// particle -1
sphere {
	<27.706741, 32.053677, 37.398949> 0.250000
	pigment { color rgbt <1,0,0,0> }
	no_shadow
}
cylinder {
	<27.463314, 31.771608, 37.544483>,  <27.317257, 31.602367, 37.631805>, 0.100000
	pigment { color rgbt <1,0,0,0> }
	no_shadow
}
cylinder {
	<27.463314, 31.771608, 37.544483>,  <27.706741, 32.053677, 37.398949>, 0.100000
	pigment { color rgbt <1,0,0,0> }
	no_shadow
}

// particle -1
sphere {
	<27.463314, 31.771608, 37.544483> 0.100000
	pigment { color rgbt <1,0,0,0> }
	no_shadow
}
sphere {
	0, 1
	scale<0.080000,0.200000,0.300000>
	matrix <-0.781854, 0.611162, -0.123233,
		-0.135463, -0.359463, -0.923275,
		-0.608568, -0.705172, 0.363837,
		27.280745, 31.560057, 37.653633>
	pigment { color rgbt <0,1,1,0> }
	no_shadow
}
cylinder {
	<27.081379, 31.847742, 36.916824>,  <27.706741, 32.053677, 37.398949>, 0.130000
	pigment { color rgbt <1,0,0,0> }
	no_shadow
}

// nucleotide -1

// particle -1
sphere {
	<27.081379, 31.847742, 36.916824> 0.250000
	pigment { color rgbt <1,0,0,0> }
	no_shadow
}
cylinder {
	<27.019526, 31.868433, 37.311470>,  <26.982414, 31.880848, 37.548260>, 0.100000
	pigment { color rgbt <1,0,0,0> }
	no_shadow
}
cylinder {
	<27.019526, 31.868433, 37.311470>,  <27.081379, 31.847742, 36.916824>, 0.100000
	pigment { color rgbt <1,0,0,0> }
	no_shadow
}

// particle -1
sphere {
	<27.019526, 31.868433, 37.311470> 0.100000
	pigment { color rgbt <1,0,0,0> }
	no_shadow
}
sphere {
	0, 1
	scale<0.080000,0.200000,0.300000>
	matrix <-0.573072, 0.808768, -0.132222,
		-0.804784, -0.585848, -0.095419,
		-0.154634, 0.051728, 0.986617,
		26.973135, 31.883951, 37.607456>
	pigment { color rgbt <0,1,1,0> }
	no_shadow
}
cylinder {
	<26.301573, 31.775221, 37.107773>,  <27.081379, 31.847742, 36.916824>, 0.130000
	pigment { color rgbt <1,0,0,0> }
	no_shadow
}

// nucleotide -1

// particle -1
sphere {
	<26.301573, 31.775221, 37.107773> 0.250000
	pigment { color rgbt <1,0,0,0> }
	no_shadow
}
cylinder {
	<26.493870, 31.971039, 37.398766>,  <26.609249, 32.088528, 37.573360>, 0.100000
	pigment { color rgbt <1,0,0,0> }
	no_shadow
}
cylinder {
	<26.493870, 31.971039, 37.398766>,  <26.301573, 31.775221, 37.107773>, 0.100000
	pigment { color rgbt <1,0,0,0> }
	no_shadow
}

// particle -1
sphere {
	<26.493870, 31.971039, 37.398766> 0.100000
	pigment { color rgbt <1,0,0,0> }
	no_shadow
}
sphere {
	0, 1
	scale<0.080000,0.200000,0.300000>
	matrix <-0.592723, 0.792822, -0.141822,
		-0.646193, -0.363016, 0.671308,
		0.480744, 0.489544, 0.727484,
		26.638092, 32.117901, 37.617012>
	pigment { color rgbt <0,1,1,0> }
	no_shadow
}
cylinder {
	<25.875023, 32.083054, 37.667034>,  <26.301573, 31.775221, 37.107773>, 0.130000
	pigment { color rgbt <1,0,0,0> }
	no_shadow
}

// nucleotide -1

// particle -1
sphere {
	<25.875023, 32.083054, 37.667034> 0.250000
	pigment { color rgbt <1,0,0,0> }
	no_shadow
}
cylinder {
	<26.214903, 32.293911, 37.671669>,  <26.418831, 32.420425, 37.674450>, 0.100000
	pigment { color rgbt <1,0,0,0> }
	no_shadow
}
cylinder {
	<26.214903, 32.293911, 37.671669>,  <25.875023, 32.083054, 37.667034>, 0.100000
	pigment { color rgbt <1,0,0,0> }
	no_shadow
}

// particle -1
sphere {
	<26.214903, 32.293911, 37.671669> 0.100000
	pigment { color rgbt <1,0,0,0> }
	no_shadow
}
sphere {
	0, 1
	scale<0.080000,0.200000,0.300000>
	matrix <-0.521060, 0.842851, -0.134533,
		-0.080686, 0.108274, 0.990842,
		0.849698, 0.527143, 0.011589,
		26.469812, 32.452053, 37.675144>
	pigment { color rgbt <0,1,1,0> }
	no_shadow
}
cylinder {
	<25.773510, 32.647930, 38.134186>,  <25.875023, 32.083054, 37.667034>, 0.130000
	pigment { color rgbt <1,0,0,0> }
	no_shadow
}

// nucleotide -1

// particle -1
sphere {
	<25.773510, 32.647930, 38.134186> 0.250000
	pigment { color rgbt <1,0,0,0> }
	no_shadow
}
cylinder {
	<26.104929, 32.769440, 37.946045>,  <26.303780, 32.842346, 37.833160>, 0.100000
	pigment { color rgbt <1,0,0,0> }
	no_shadow
}
cylinder {
	<26.104929, 32.769440, 37.946045>,  <25.773510, 32.647930, 38.134186>, 0.100000
	pigment { color rgbt <1,0,0,0> }
	no_shadow
}

// particle -1
sphere {
	<26.104929, 32.769440, 37.946045> 0.100000
	pigment { color rgbt <1,0,0,0> }
	no_shadow
}
sphere {
	0, 1
	scale<0.080000,0.200000,0.300000>
	matrix <-0.424014, 0.889028, -0.172745,
		0.365682, 0.342564, 0.865405,
		0.828546, 0.303775, -0.470354,
		26.353493, 32.860573, 37.804939>
	pigment { color rgbt <0,1,1,0> }
	no_shadow
}
cylinder {
	<25.969069, 33.344265, 38.366879>,  <25.773510, 32.647930, 38.134186>, 0.130000
	pigment { color rgbt <1,0,0,0> }
	no_shadow
}

// nucleotide -1

// particle -1
sphere {
	<25.969069, 33.344265, 38.366879> 0.250000
	pigment { color rgbt <1,0,0,0> }
	no_shadow
}
cylinder {
	<26.100101, 33.288902, 37.993027>,  <26.178720, 33.255684, 37.768715>, 0.100000
	pigment { color rgbt <1,0,0,0> }
	no_shadow
}
cylinder {
	<26.100101, 33.288902, 37.993027>,  <25.969069, 33.344265, 38.366879>, 0.100000
	pigment { color rgbt <1,0,0,0> }
	no_shadow
}

// particle -1
sphere {
	<26.100101, 33.288902, 37.993027> 0.100000
	pigment { color rgbt <1,0,0,0> }
	no_shadow
}
sphere {
	0, 1
	scale<0.080000,0.200000,0.300000>
	matrix <-0.511372, 0.805827, -0.298564,
		0.794474, 0.575749, 0.193198,
		0.327582, -0.138405, -0.934630,
		26.198376, 33.247379, 37.712639>
	pigment { color rgbt <0,1,1,0> }
	no_shadow
}
cylinder {
	<26.220221, 33.977085, 38.084362>,  <25.969069, 33.344265, 38.366879>, 0.130000
	pigment { color rgbt <1,0,0,0> }
	no_shadow
}

// nucleotide -1

// particle -1
sphere {
	<26.220221, 33.977085, 38.084362> 0.250000
	pigment { color rgbt <1,0,0,0> }
	no_shadow
}
cylinder {
	<26.116100, 33.761017, 37.764248>,  <26.053629, 33.631378, 37.572178>, 0.100000
	pigment { color rgbt <1,0,0,0> }
	no_shadow
}
cylinder {
	<26.116100, 33.761017, 37.764248>,  <26.220221, 33.977085, 38.084362>, 0.100000
	pigment { color rgbt <1,0,0,0> }
	no_shadow
}

// particle -1
sphere {
	<26.116100, 33.761017, 37.764248> 0.100000
	pigment { color rgbt <1,0,0,0> }
	no_shadow
}
sphere {
	0, 1
	scale<0.080000,0.200000,0.300000>
	matrix <-0.438982, 0.804450, -0.400194,
		0.859964, 0.247142, -0.446522,
		-0.260300, -0.540167, -0.800289,
		26.038010, 33.598969, 37.524162>
	pigment { color rgbt <0,1,1,0> }
	no_shadow
}
cylinder {
	<26.632040, 34.150837, 37.393444>,  <26.220221, 33.977085, 38.084362>, 0.130000
	pigment { color rgbt <1,0,0,0> }
	no_shadow
}

// nucleotide -1

// particle -1
sphere {
	<26.632040, 34.150837, 37.393444> 0.250000
	pigment { color rgbt <1,0,0,0> }
	no_shadow
}
cylinder {
	<26.245401, 34.048450, 37.388245>,  <26.013418, 33.987019, 37.385124>, 0.100000
	pigment { color rgbt <1,0,0,0> }
	no_shadow
}
cylinder {
	<26.245401, 34.048450, 37.388245>,  <26.632040, 34.150837, 37.393444>, 0.100000
	pigment { color rgbt <1,0,0,0> }
	no_shadow
}

// particle -1
sphere {
	<26.245401, 34.048450, 37.388245> 0.100000
	pigment { color rgbt <1,0,0,0> }
	no_shadow
}
sphere {
	0, 1
	scale<0.080000,0.200000,0.300000>
	matrix <-0.240823, 0.924428, -0.295699,
		0.087708, -0.282691, -0.955193,
		-0.966598, -0.255967, -0.013002,
		25.955421, 33.971661, 37.384346>
	pigment { color rgbt <0,1,1,0> }
	no_shadow
}
cylinder {
	<26.027050, 34.743496, 37.390800>,  <26.632040, 34.150837, 37.393444>, 0.130000
	pigment { color rgbt <1,0,0,0> }
	no_shadow
}

// nucleotide -1

// particle -1
sphere {
	<26.027050, 34.743496, 37.390800> 0.250000
	pigment { color rgbt <1,0,0,0> }
	no_shadow
}
cylinder {
	<25.908638, 34.413937, 37.197487>,  <25.837591, 34.216202, 37.081497>, 0.100000
	pigment { color rgbt <1,0,0,0> }
	no_shadow
}
cylinder {
	<25.908638, 34.413937, 37.197487>,  <26.027050, 34.743496, 37.390800>, 0.100000
	pigment { color rgbt <1,0,0,0> }
	no_shadow
}

// particle -1
sphere {
	<25.908638, 34.413937, 37.197487> 0.100000
	pigment { color rgbt <1,0,0,0> }
	no_shadow
}
sphere {
	0, 1
	scale<0.080000,0.200000,0.300000>
	matrix <-0.596676, 0.554605, -0.579992,
		0.745884, 0.116669, -0.655779,
		-0.296032, -0.823894, -0.483285,
		25.819828, 34.166767, 37.052502>
	pigment { color rgbt <0,1,1,0> }
	no_shadow
}
cylinder {
	<26.170486, 34.844589, 36.561680>,  <26.027050, 34.743496, 37.390800>, 0.130000
	pigment { color rgbt <1,0,0,0> }
	no_shadow
}

// nucleotide -1

// particle -1
sphere {
	<26.170486, 34.844589, 36.561680> 0.250000
	pigment { color rgbt <1,0,0,0> }
	no_shadow
}
cylinder {
	<25.896200, 34.557777, 36.611740>,  <25.731628, 34.385689, 36.641777>, 0.100000
	pigment { color rgbt <1,0,0,0> }
	no_shadow
}
cylinder {
	<25.896200, 34.557777, 36.611740>,  <26.170486, 34.844589, 36.561680>, 0.100000
	pigment { color rgbt <1,0,0,0> }
	no_shadow
}

// particle -1
sphere {
	<25.896200, 34.557777, 36.611740> 0.100000
	pigment { color rgbt <1,0,0,0> }
	no_shadow
}
sphere {
	0, 1
	scale<0.080000,0.200000,0.300000>
	matrix <-0.582096, 0.436987, -0.685716,
		0.436987, -0.543059, -0.717028,
		0.685716, 0.717028, -0.125154,
		25.690485, 34.342670, 36.649288>
	pigment { color rgbt <0,1,1,0> }
	no_shadow
}
cylinder {
	<26.125381, 34.548595, 35.935890>,  <26.170486, 34.844589, 36.561680>, 0.130000
	pigment { color rgbt <1,0,0,0> }
	no_shadow
}

// nucleotide -1

// particle -1
sphere {
	<26.125381, 34.548595, 35.935890> 0.250000
	pigment { color rgbt <1,0,0,0> }
	no_shadow
}
cylinder {
	<25.786705, 34.523403, 36.147228>,  <25.583500, 34.508286, 36.274033>, 0.100000
	pigment { color rgbt <1,0,0,0> }
	no_shadow
}
cylinder {
	<25.786705, 34.523403, 36.147228>,  <26.125381, 34.548595, 35.935890>, 0.100000
	pigment { color rgbt <1,0,0,0> }
	no_shadow
}

// particle -1
sphere {
	<25.786705, 34.523403, 36.147228> 0.100000
	pigment { color rgbt <1,0,0,0> }
	no_shadow
}
sphere {
	0, 1
	scale<0.080000,0.200000,0.300000>
	matrix <-0.481246, 0.514224, -0.709912,
		-0.226974, -0.855340, -0.465700,
		-0.846691, -0.062985, 0.528344,
		25.532698, 34.504509, 36.305733>
	pigment { color rgbt <0,1,1,0> }
	no_shadow
}
cylinder {
	<25.639729, 34.271988, 35.470074>,  <26.125381, 34.548595, 35.935890>, 0.130000
	pigment { color rgbt <1,0,0,0> }
	no_shadow
}

// nucleotide -1

// particle -1
sphere {
	<25.639729, 34.271988, 35.470074> 0.250000
	pigment { color rgbt <1,0,0,0> }
	no_shadow
}
cylinder {
	<25.460838, 34.481953, 35.759750>,  <25.353504, 34.607933, 35.933556>, 0.100000
	pigment { color rgbt <1,0,0,0> }
	no_shadow
}
cylinder {
	<25.460838, 34.481953, 35.759750>,  <25.639729, 34.271988, 35.470074>, 0.100000
	pigment { color rgbt <1,0,0,0> }
	no_shadow
}

// particle -1
sphere {
	<25.460838, 34.481953, 35.759750> 0.100000
	pigment { color rgbt <1,0,0,0> }
	no_shadow
}
sphere {
	0, 1
	scale<0.080000,0.200000,0.300000>
	matrix <-0.364429, 0.632481, -0.683491,
		-0.816812, -0.569590, -0.091566,
		-0.447224, 0.524914, 0.724193,
		25.326672, 34.639427, 35.977009>
	pigment { color rgbt <0,1,1,0> }
	no_shadow
}
cylinder {
	<25.216396, 33.987465, 34.867985>,  <25.639729, 34.271988, 35.470074>, 0.130000
	pigment { color rgbt <1,0,0,0> }
	no_shadow
}

// nucleotide -1

// particle -1
sphere {
	<25.216396, 33.987465, 34.867985> 0.250000
	pigment { color rgbt <1,0,0,0> }
	no_shadow
}
cylinder {
	<25.050821, 34.178223, 34.557831>,  <24.951477, 34.292679, 34.371738>, 0.100000
	pigment { color rgbt <1,0,0,0> }
	no_shadow
}
cylinder {
	<25.050821, 34.178223, 34.557831>,  <25.216396, 33.987465, 34.867985>, 0.100000
	pigment { color rgbt <1,0,0,0> }
	no_shadow
}

// particle -1
sphere {
	<25.050821, 34.178223, 34.557831> 0.100000
	pigment { color rgbt <1,0,0,0> }
	no_shadow
}
sphere {
	0, 1
	scale<0.080000,0.200000,0.300000>
	matrix <0.772555, 0.634561, -0.022144,
		0.481471, -0.608197, -0.631097,
		-0.413937, 0.476895, -0.775388,
		24.926640, 34.321293, 34.325214>
	pigment { color rgbt <0,1,1,0> }
	no_shadow
}
cylinder {
	<25.605452, 33.953793, 34.387062>,  <25.216396, 33.987465, 34.867985>, 0.130000
	pigment { color rgbt <1,0,0,0> }
	no_shadow
}

// nucleotide -1

// particle -1
sphere {
	<25.605452, 33.953793, 34.387062> 0.250000
	pigment { color rgbt <1,0,0,0> }
	no_shadow
}
cylinder {
	<25.412365, 34.303860, 34.373985>,  <25.296513, 34.513901, 34.366138>, 0.100000
	pigment { color rgbt <1,0,0,0> }
	no_shadow
}
cylinder {
	<25.412365, 34.303860, 34.373985>,  <25.605452, 33.953793, 34.387062>, 0.100000
	pigment { color rgbt <1,0,0,0> }
	no_shadow
}

// particle -1
sphere {
	<25.412365, 34.303860, 34.373985> 0.100000
	pigment { color rgbt <1,0,0,0> }
	no_shadow
}
sphere {
	0, 1
	scale<0.080000,0.200000,0.300000>
	matrix <0.875344, 0.480968, -0.049429,
		-0.027536, -0.052474, -0.998242,
		-0.482717, 0.875166, -0.032689,
		25.267550, 34.566410, 34.364178>
	pigment { color rgbt <0,1,1,0> }
	no_shadow
}
cylinder {
	<25.735245, 34.375656, 33.816044>,  <25.605452, 33.953793, 34.387062>, 0.130000
	pigment { color rgbt <1,0,0,0> }
	no_shadow
}

// nucleotide -1

// particle -1
sphere {
	<25.735245, 34.375656, 33.816044> 0.250000
	pigment { color rgbt <1,0,0,0> }
	no_shadow
}
cylinder {
	<25.638607, 34.620331, 34.117367>,  <25.580626, 34.767136, 34.298161>, 0.100000
	pigment { color rgbt <1,0,0,0> }
	no_shadow
}
cylinder {
	<25.638607, 34.620331, 34.117367>,  <25.735245, 34.375656, 33.816044>, 0.100000
	pigment { color rgbt <1,0,0,0> }
	no_shadow
}

// particle -1
sphere {
	<25.638607, 34.620331, 34.117367> 0.100000
	pigment { color rgbt <1,0,0,0> }
	no_shadow
}
sphere {
	0, 1
	scale<0.080000,0.200000,0.300000>
	matrix <0.829756, 0.532724, -0.166462,
		-0.503127, 0.584845, -0.636254,
		-0.241593, 0.611688, 0.753307,
		25.566130, 34.803837, 34.343357>
	pigment { color rgbt <0,1,1,0> }
	no_shadow
}
cylinder {
	<26.078581, 35.027737, 33.701180>,  <25.735245, 34.375656, 33.816044>, 0.130000
	pigment { color rgbt <1,0,0,0> }
	no_shadow
}

// nucleotide -1

// particle -1
sphere {
	<26.078581, 35.027737, 33.701180> 0.250000
	pigment { color rgbt <1,0,0,0> }
	no_shadow
}
cylinder {
	<25.984196, 35.028904, 34.089882>,  <25.927565, 35.029606, 34.323105>, 0.100000
	pigment { color rgbt <1,0,0,0> }
	no_shadow
}
cylinder {
	<25.984196, 35.028904, 34.089882>,  <26.078581, 35.027737, 33.701180>, 0.100000
	pigment { color rgbt <1,0,0,0> }
	no_shadow
}

// particle -1
sphere {
	<25.984196, 35.028904, 34.089882> 0.100000
	pigment { color rgbt <1,0,0,0> }
	no_shadow
}
sphere {
	0, 1
	scale<0.080000,0.200000,0.300000>
	matrix <0.872737, 0.440432, 0.210592,
		-0.427378, 0.897781, -0.106474,
		-0.235961, 0.002921, 0.971758,
		25.913408, 35.029781, 34.381409>
	pigment { color rgbt <0,1,1,0> }
	no_shadow
}
cylinder {
	<25.962179, 35.716900, 33.958973>,  <26.078581, 35.027737, 33.701180>, 0.130000
	pigment { color rgbt <1,0,0,0> }
	no_shadow
}

// nucleotide -1

// particle -1
sphere {
	<25.962179, 35.716900, 33.958973> 0.250000
	pigment { color rgbt <1,0,0,0> }
	no_shadow
}
cylinder {
	<26.114250, 35.454010, 34.219288>,  <26.205492, 35.296276, 34.375477>, 0.100000
	pigment { color rgbt <1,0,0,0> }
	no_shadow
}
cylinder {
	<26.114250, 35.454010, 34.219288>,  <25.962179, 35.716900, 33.958973>, 0.100000
	pigment { color rgbt <1,0,0,0> }
	no_shadow
}

// particle -1
sphere {
	<26.114250, 35.454010, 34.219288> 0.100000
	pigment { color rgbt <1,0,0,0> }
	no_shadow
}
sphere {
	0, 1
	scale<0.080000,0.200000,0.300000>
	matrix <0.758362, 0.624299, 0.187451,
		-0.529482, 0.422266, 0.735758,
		0.380178, -0.657223, 0.650786,
		26.228304, 35.256844, 34.414524>
	pigment { color rgbt <0,1,1,0> }
	no_shadow
}
cylinder {
	<25.962873, 35.915417, 34.670933>,  <25.962179, 35.716900, 33.958973>, 0.130000
	pigment { color rgbt <1,0,0,0> }
	no_shadow
}

// nucleotide -1

// particle -1
sphere {
	<25.962873, 35.915417, 34.670933> 0.250000
	pigment { color rgbt <1,0,0,0> }
	no_shadow
}
cylinder {
	<26.280016, 35.682255, 34.599823>,  <26.470301, 35.542358, 34.557156>, 0.100000
	pigment { color rgbt <1,0,0,0> }
	no_shadow
}
cylinder {
	<26.280016, 35.682255, 34.599823>,  <25.962873, 35.915417, 34.670933>, 0.100000
	pigment { color rgbt <1,0,0,0> }
	no_shadow
}

// particle -1
sphere {
	<26.280016, 35.682255, 34.599823> 0.100000
	pigment { color rgbt <1,0,0,0> }
	no_shadow
}
sphere {
	0, 1
	scale<0.080000,0.200000,0.300000>
	matrix <0.599367, 0.693129, 0.400415,
		-0.110183, -0.424022, 0.898924,
		0.792855, -0.582904, -0.177774,
		26.517872, 35.507385, 34.546490>
	pigment { color rgbt <0,1,1,0> }
	no_shadow
}
cylinder {
	<26.274361, 35.754852, 35.308407>,  <25.962873, 35.915417, 34.670933>, 0.130000
	pigment { color rgbt <1,0,0,0> }
	no_shadow
}

// nucleotide -1

// particle -1
sphere {
	<26.274361, 35.754852, 35.308407> 0.250000
	pigment { color rgbt <1,0,0,0> }
	no_shadow
}
cylinder {
	<26.555866, 35.767078, 35.024498>,  <26.724770, 35.774414, 34.854153>, 0.100000
	pigment { color rgbt <1,0,0,0> }
	no_shadow
}
cylinder {
	<26.555866, 35.767078, 35.024498>,  <26.274361, 35.754852, 35.308407>, 0.100000
	pigment { color rgbt <1,0,0,0> }
	no_shadow
}

// particle -1
sphere {
	<26.555866, 35.767078, 35.024498> 0.100000
	pigment { color rgbt <1,0,0,0> }
	no_shadow
}
sphere {
	0, 1
	scale<0.080000,0.200000,0.300000>
	matrix <0.542601, 0.621775, 0.564783,
		0.458583, -0.782599, 0.420999,
		0.703765, 0.030565, -0.709775,
		26.766996, 35.776249, 34.811565>
	pigment { color rgbt <0,1,1,0> }
	no_shadow
}
cylinder {
	<26.852076, 35.645897, 35.693291>,  <26.274361, 35.754852, 35.308407>, 0.130000
	pigment { color rgbt <1,0,0,0> }
	no_shadow
}

// nucleotide -1

// particle -1
sphere {
	<26.852076, 35.645897, 35.693291> 0.250000
	pigment { color rgbt <1,0,0,0> }
	no_shadow
}
cylinder {
	<26.945656, 35.828438, 35.349892>,  <27.001804, 35.937962, 35.143852>, 0.100000
	pigment { color rgbt <1,0,0,0> }
	no_shadow
}
cylinder {
	<26.945656, 35.828438, 35.349892>,  <26.852076, 35.645897, 35.693291>, 0.100000
	pigment { color rgbt <1,0,0,0> }
	no_shadow
}

// particle -1
sphere {
	<26.945656, 35.828438, 35.349892> 0.100000
	pigment { color rgbt <1,0,0,0> }
	no_shadow
}
sphere {
	0, 1
	scale<0.080000,0.200000,0.300000>
	matrix <0.506570, 0.696458, 0.508264,
		0.829851, -0.553797, -0.068235,
		0.233952, 0.456349, -0.858494,
		27.015841, 35.965343, 35.092342>
	pigment { color rgbt <0,1,1,0> }
	no_shadow
}
cylinder {
	<27.446966, 35.950119, 35.790489>,  <26.852076, 35.645897, 35.693291>, 0.130000
	pigment { color rgbt <1,0,0,0> }
	no_shadow
}

// nucleotide -1

// particle -1
sphere {
	<27.446966, 35.950119, 35.790489> 0.250000
	pigment { color rgbt <1,0,0,0> }
	no_shadow
}
cylinder {
	<27.336651, 36.164276, 35.471169>,  <27.270462, 36.292770, 35.279575>, 0.100000
	pigment { color rgbt <1,0,0,0> }
	no_shadow
}
cylinder {
	<27.336651, 36.164276, 35.471169>,  <27.446966, 35.950119, 35.790489>, 0.100000
	pigment { color rgbt <1,0,0,0> }
	no_shadow
}

// particle -1
sphere {
	<27.336651, 36.164276, 35.471169> 0.100000
	pigment { color rgbt <1,0,0,0> }
	no_shadow
}
sphere {
	0, 1
	scale<0.080000,0.200000,0.300000>
	matrix <0.403194, 0.818354, 0.409551,
		0.872568, -0.208922, -0.441561,
		-0.275789, 0.535395, -0.798306,
		27.253914, 36.324894, 35.231678>
	pigment { color rgbt <0,1,1,0> }
	no_shadow
}
cylinder {
	<27.833433, 36.557285, 35.747478>,  <27.446966, 35.950119, 35.790489>, 0.130000
	pigment { color rgbt <1,0,0,0> }
	no_shadow
}

// nucleotide -1

// particle -1
sphere {
	<27.833433, 36.557285, 35.747478> 0.250000
	pigment { color rgbt <1,0,0,0> }
	no_shadow
}
cylinder {
	<27.533304, 36.690907, 35.519295>,  <27.353228, 36.771080, 35.382385>, 0.100000
	pigment { color rgbt <1,0,0,0> }
	no_shadow
}
cylinder {
	<27.533304, 36.690907, 35.519295>,  <27.833433, 36.557285, 35.747478>, 0.100000
	pigment { color rgbt <1,0,0,0> }
	no_shadow
}

// particle -1
sphere {
	<27.533304, 36.690907, 35.519295> 0.100000
	pigment { color rgbt <1,0,0,0> }
	no_shadow
}
sphere {
	0, 1
	scale<0.080000,0.200000,0.300000>
	matrix <0.247774, 0.942134, 0.225812,
		0.612885, 0.028086, -0.789674,
		-0.750321, 0.334057, -0.570460,
		27.308208, 36.791122, 35.348156>
	pigment { color rgbt <0,1,1,0> }
	no_shadow
}
cylinder {
	<27.876392, 37.185070, 36.101711>,  <27.833433, 36.557285, 35.747478>, 0.130000
	pigment { color rgbt <1,0,0,0> }
	no_shadow
}

// nucleotide -1

// particle -1
sphere {
	<27.876392, 37.185070, 36.101711> 0.250000
	pigment { color rgbt <1,0,0,0> }
	no_shadow
}
cylinder {
	<27.711256, 37.165741, 35.737904>,  <27.612175, 37.154144, 35.519619>, 0.100000
	pigment { color rgbt <1,0,0,0> }
	no_shadow
}
cylinder {
	<27.711256, 37.165741, 35.737904>,  <27.876392, 37.185070, 36.101711>, 0.100000
	pigment { color rgbt <1,0,0,0> }
	no_shadow
}

// particle -1
sphere {
	<27.711256, 37.165741, 35.737904> 0.100000
	pigment { color rgbt <1,0,0,0> }
	no_shadow
}
sphere {
	0, 1
	scale<0.080000,0.200000,0.300000>
	matrix <-0.022097, 0.998829, -0.043038,
		0.910535, 0.002330, -0.413425,
		-0.412841, -0.048323, -0.909520,
		27.587404, 37.151245, 35.465046>
	pigment { color rgbt <0,1,1,0> }
	no_shadow
}
cylinder {
	<27.022522, 37.187897, 36.265293>,  <27.876392, 37.185070, 36.101711>, 0.130000
	pigment { color rgbt <1,0,0,0> }
	no_shadow
}

// nucleotide -1

// particle -1
sphere {
	<27.022522, 37.187897, 36.265293> 0.250000
	pigment { color rgbt <1,0,0,0> }
	no_shadow
}
cylinder {
	<27.304703, 37.160545, 36.547474>,  <27.474010, 37.144135, 36.716782>, 0.100000
	pigment { color rgbt <1,0,0,0> }
	no_shadow
}
cylinder {
	<27.304703, 37.160545, 36.547474>,  <27.022522, 37.187897, 36.265293>, 0.100000
	pigment { color rgbt <1,0,0,0> }
	no_shadow
}

// particle -1
sphere {
	<27.304703, 37.160545, 36.547474> 0.100000
	pigment { color rgbt <1,0,0,0> }
	no_shadow
}
sphere {
	0, 1
	scale<0.080000,0.200000,0.300000>
	matrix <0.338246, -0.842192, -0.419884,
		0.622838, 0.534824, -0.570996,
		0.705452, -0.068383, 0.705451,
		27.516338, 37.140030, 36.759109>
	pigment { color rgbt <0,1,1,0> }
	no_shadow
}
cylinder {
	<26.772226, 37.126152, 35.622547>,  <27.022522, 37.187897, 36.265293>, 0.130000
	pigment { color rgbt <1,0,0,0> }
	no_shadow
}

// nucleotide -1

// particle -1
sphere {
	<26.772226, 37.126152, 35.622547> 0.250000
	pigment { color rgbt <1,0,0,0> }
	no_shadow
}
cylinder {
	<27.024754, 37.290306, 35.359329>,  <27.176270, 37.388798, 35.201401>, 0.100000
	pigment { color rgbt <1,0,0,0> }
	no_shadow
}
cylinder {
	<27.024754, 37.290306, 35.359329>,  <26.772226, 37.126152, 35.622547>, 0.100000
	pigment { color rgbt <1,0,0,0> }
	no_shadow
}

// particle -1
sphere {
	<27.024754, 37.290306, 35.359329> 0.100000
	pigment { color rgbt <1,0,0,0> }
	no_shadow
}
sphere {
	0, 1
	scale<0.080000,0.200000,0.300000>
	matrix <-0.158395, -0.762393, -0.627430,
		-0.759176, 0.500338, -0.416309,
		0.631318, 0.410389, -0.658041,
		27.214149, 37.413422, 35.161919>
	pigment { color rgbt <0,1,1,0> }
	no_shadow
}
cylinder {
	<26.404953, 37.116165, 34.869389>,  <26.772226, 37.126152, 35.622547>, 0.130000
	pigment { color rgbt <1,0,0,0> }
	no_shadow
}

// nucleotide -1

// particle -1
sphere {
	<26.404953, 37.116165, 34.869389> 0.250000
	pigment { color rgbt <1,0,0,0> }
	no_shadow
}
cylinder {
	<26.799467, 37.051052, 34.880283>,  <27.036175, 37.011986, 34.886822>, 0.100000
	pigment { color rgbt <1,0,0,0> }
	no_shadow
}
cylinder {
	<26.799467, 37.051052, 34.880283>,  <26.404953, 37.116165, 34.869389>, 0.100000
	pigment { color rgbt <1,0,0,0> }
	no_shadow
}

// particle -1
sphere {
	<26.799467, 37.051052, 34.880283> 0.100000
	pigment { color rgbt <1,0,0,0> }
	no_shadow
}
sphere {
	0, 1
	scale<0.080000,0.200000,0.300000>
	matrix <-0.131211, -0.873464, -0.468876,
		0.100119, 0.458871, -0.882844,
		0.986286, -0.162782, 0.027242,
		27.095352, 37.002216, 34.888454>
	pigment { color rgbt <0,1,1,0> }
	no_shadow
}
cylinder {
	<26.827370, 36.997795, 34.208553>,  <26.404953, 37.116165, 34.869389>, 0.130000
	pigment { color rgbt <1,0,0,0> }
	no_shadow
}

// nucleotide -1

// particle -1
sphere {
	<26.827370, 36.997795, 34.208553> 0.250000
	pigment { color rgbt <1,0,0,0> }
	no_shadow
}
cylinder {
	<26.992886, 36.798504, 34.513329>,  <27.092196, 36.678928, 34.696194>, 0.100000
	pigment { color rgbt <1,0,0,0> }
	no_shadow
}
cylinder {
	<26.992886, 36.798504, 34.513329>,  <26.827370, 36.997795, 34.208553>, 0.100000
	pigment { color rgbt <1,0,0,0> }
	no_shadow
}

// particle -1
sphere {
	<26.992886, 36.798504, 34.513329> 0.100000
	pigment { color rgbt <1,0,0,0> }
	no_shadow
}
sphere {
	0, 1
	scale<0.080000,0.200000,0.300000>
	matrix <-0.032978, -0.844602, -0.534378,
		0.909775, 0.195993, -0.365918,
		0.413789, -0.498231, 0.761934,
		27.117022, 36.649036, 34.741909>
	pigment { color rgbt <0,1,1,0> }
	no_shadow
}
cylinder {
	<27.297277, 36.511780, 33.918667>,  <26.827370, 36.997795, 34.208553>, 0.130000
	pigment { color rgbt <1,0,0,0> }
	no_shadow
}

// nucleotide -1

// particle -1
sphere {
	<27.297277, 36.511780, 33.918667> 0.250000
	pigment { color rgbt <1,0,0,0> }
	no_shadow
}
cylinder {
	<27.229605, 36.364403, 34.284317>,  <27.189001, 36.275974, 34.503708>, 0.100000
	pigment { color rgbt <1,0,0,0> }
	no_shadow
}
cylinder {
	<27.229605, 36.364403, 34.284317>,  <27.297277, 36.511780, 33.918667>, 0.100000
	pigment { color rgbt <1,0,0,0> }
	no_shadow
}

// particle -1
sphere {
	<27.229605, 36.364403, 34.284317> 0.100000
	pigment { color rgbt <1,0,0,0> }
	no_shadow
}
sphere {
	0, 1
	scale<0.080000,0.200000,0.300000>
	matrix <-0.163245, -0.904209, -0.394662,
		0.971972, -0.215996, 0.092828,
		-0.169181, -0.368446, 0.914125,
		27.178850, 36.253868, 34.558556>
	pigment { color rgbt <0,1,1,0> }
	no_shadow
}
cylinder {
	<27.668568, 35.915073, 33.892895>,  <27.297277, 36.511780, 33.918667>, 0.130000
	pigment { color rgbt <1,0,0,0> }
	no_shadow
}

// nucleotide -1

// particle -1
sphere {
	<27.668568, 35.915073, 33.892895> 0.250000
	pigment { color rgbt <1,0,0,0> }
	no_shadow
}
cylinder {
	<27.405634, 35.855877, 34.188465>,  <27.247873, 35.820358, 34.365807>, 0.100000
	pigment { color rgbt <1,0,0,0> }
	no_shadow
}
cylinder {
	<27.405634, 35.855877, 34.188465>,  <27.668568, 35.915073, 33.892895>, 0.100000
	pigment { color rgbt <1,0,0,0> }
	no_shadow
}

// particle -1
sphere {
	<27.405634, 35.855877, 34.188465> 0.100000
	pigment { color rgbt <1,0,0,0> }
	no_shadow
}
sphere {
	0, 1
	scale<0.080000,0.200000,0.300000>
	matrix <-0.137578, -0.940484, -0.310744,
		0.740934, -0.305923, 0.597853,
		-0.657335, -0.147990, 0.738925,
		27.208433, 35.811481, 34.410141>
	pigment { color rgbt <0,1,1,0> }
	no_shadow
}
cylinder {
	<27.728668, 35.396805, 34.387188>,  <27.668568, 35.915073, 33.892895>, 0.130000
	pigment { color rgbt <1,0,0,0> }
	no_shadow
}

// nucleotide -1

// particle -1
sphere {
	<27.728668, 35.396805, 34.387188> 0.250000
	pigment { color rgbt <1,0,0,0> }
	no_shadow
}
cylinder {
	<27.329945, 35.428596, 34.384167>,  <27.090712, 35.447670, 34.382355>, 0.100000
	pigment { color rgbt <1,0,0,0> }
	no_shadow
}
cylinder {
	<27.329945, 35.428596, 34.384167>,  <27.728668, 35.396805, 34.387188>, 0.100000
	pigment { color rgbt <1,0,0,0> }
	no_shadow
}

// particle -1
sphere {
	<27.329945, 35.428596, 34.384167> 0.100000
	pigment { color rgbt <1,0,0,0> }
	no_shadow
}
sphere {
	0, 1
	scale<0.080000,0.200000,0.300000>
