// switches for output
#declare DRAW_BASES = 1; // possible values are 0, 1; only relevant for DNA ribbons
#declare DRAW_BASES_TYPE = 3; // possible values are 1, 2, 3; only relevant for DNA ribbons
#declare DRAW_FOG = 0; // set to 1 to enable fog

#include "colors.inc"

#include "transforms.inc"
background { rgb <1, 1, 1>}

#default {
   normal{
       ripples 0.25
       frequency 0.20
       turbulence 0.2
       lambda 5
   }
	finish {
		phong 0.1
		phong_size 40.
	}
}

// original window dimensions: 1024x640


// camera settings

camera {
	sky <0, 0.179814, -0.983701>
	up <0, 0.179814, -0.983701>
	right 1.6 * <1, 0, 0>
	location <35, 94.9851, 44.8844>
	look_at <35, 29.7336, 32.9568>
	direction <0, -65.2515, -11.9276>
	angle 67.0682
}


# declare cpy_camera_pos = <35, 94.9851, 44.8844>;
# if (DRAW_FOG = 1)
fog {
	fog_type 2
	up vnormalize(cpy_camera_pos)
	color rgbt<1,1,1,0.3>
	distance 1e-5
	fog_alt 3e-3
	fog_offset 56
}
# end


// LIGHTS

# declare lum = 6;
global_settings {
	ambient_light rgb lum * <0.05, 0.05, 0.05>
	max_trace_level 15
}# declare cpy_direct_light_amount = 0.25;
light_source
{	1000 * <-1, -1.16352, -0.803886>,
	rgb lum * cpy_direct_light_amount
	parallel
}

light_source
{	1000 * <1, 1.16352, 0.803886>,
	rgb lum * cpy_direct_light_amount
	parallel
}

// strand 0

// nucleotide -1

// particle -1
sphere {
	<23.996168, 34.870819, 34.696686> 0.250000
	pigment { color rgbt <1,0,0,0> }
	no_shadow
}
cylinder {
	<24.264326, 34.986618, 34.969967>,  <24.425220, 35.056095, 35.133934>, 0.100000
	pigment { color rgbt <1,0,0,0> }
	no_shadow
}
cylinder {
	<24.264326, 34.986618, 34.969967>,  <23.996168, 34.870819, 34.696686>, 0.100000
	pigment { color rgbt <1,0,0,0> }
	no_shadow
}

// particle -1
sphere {
	<24.264326, 34.986618, 34.969967> 0.100000
	pigment { color rgbt <1,0,0,0> }
	no_shadow
}
sphere {
	0, 1
	scale<0.080000,0.200000,0.300000>
	matrix <0.466560, -0.880420, -0.084752,
		0.576970, 0.375573, -0.725293,
		0.670393, 0.289493, 0.683203,
		24.465445, 35.073467, 35.174927>
	pigment { color rgbt <0,1,1,0> }
	no_shadow
}
cylinder {
	<24.699652, 34.778770, 34.379078>,  <23.996168, 34.870819, 34.696686>, 0.130000
	pigment { color rgbt <1,0,0,0> }
	no_shadow
}

// nucleotide -1

// particle -1
sphere {
	<24.699652, 34.778770, 34.379078> 0.250000
	pigment { color rgbt <1,0,0,0> }
	no_shadow
}
cylinder {
	<24.663366, 34.759331, 34.776955>,  <24.641596, 34.747665, 35.015682>, 0.100000
	pigment { color rgbt <1,0,0,0> }
	no_shadow
}
cylinder {
	<24.663366, 34.759331, 34.776955>,  <24.699652, 34.778770, 34.379078>, 0.100000
	pigment { color rgbt <1,0,0,0> }
	no_shadow
}

// particle -1
sphere {
	<24.663366, 34.759331, 34.776955> 0.100000
	pigment { color rgbt <1,0,0,0> }
	no_shadow
}
sphere {
	0, 1
	scale<0.080000,0.200000,0.300000>
	matrix <0.591172, -0.806415, 0.014512,
		0.801428, 0.589349, 0.101882,
		-0.090712, -0.048600, 0.994691,
		24.636152, 34.744751, 35.075363>
	pigment { color rgbt <0,1,1,0> }
	no_shadow
}
cylinder {
	<25.403687, 34.773544, 34.698547>,  <24.699652, 34.778770, 34.379078>, 0.130000
	pigment { color rgbt <1,0,0,0> }
	no_shadow
}

// nucleotide -1

// particle -1
sphere {
	<25.403687, 34.773544, 34.698547> 0.250000
	pigment { color rgbt <1,0,0,0> }
	no_shadow
}
cylinder {
	<25.119564, 34.594215, 34.915611>,  <24.949091, 34.486618, 35.045849>, 0.100000
	pigment { color rgbt <1,0,0,0> }
	no_shadow
}
cylinder {
	<25.119564, 34.594215, 34.915611>,  <25.403687, 34.773544, 34.698547>, 0.100000
	pigment { color rgbt <1,0,0,0> }
	no_shadow
}

// particle -1
sphere {
	<25.119564, 34.594215, 34.915611> 0.100000
	pigment { color rgbt <1,0,0,0> }
	no_shadow
}
sphere {
	0, 1
	scale<0.080000,0.200000,0.300000>
	matrix <0.625869, -0.755043, 0.195441,
		0.322112, 0.478456, 0.816899,
		-0.710304, -0.448318, 0.542660,
		24.906473, 34.459721, 35.078407>
	pigment { color rgbt <0,1,1,0> }
	no_shadow
}
cylinder {
	<25.605112, 34.727779, 35.458664>,  <25.403687, 34.773544, 34.698547>, 0.130000
	pigment { color rgbt <1,0,0,0> }
	no_shadow
}

// nucleotide -1

// particle -1
sphere {
	<25.605112, 34.727779, 35.458664> 0.250000
	pigment { color rgbt <1,0,0,0> }
	no_shadow
}
cylinder {
	<25.361773, 34.430153, 35.348194>,  <25.215769, 34.251575, 35.281910>, 0.100000
	pigment { color rgbt <1,0,0,0> }
	no_shadow
}
cylinder {
	<25.361773, 34.430153, 35.348194>,  <25.605112, 34.727779, 35.458664>, 0.100000
	pigment { color rgbt <1,0,0,0> }
	no_shadow
}

// particle -1
sphere {
	<25.361773, 34.430153, 35.348194> 0.100000
	pigment { color rgbt <1,0,0,0> }
	no_shadow
}
sphere {
	0, 1
	scale<0.080000,0.200000,0.300000>
	matrix <0.673645, -0.668075, 0.316034,
		-0.419658, 0.006213, 0.907661,
		-0.608349, -0.744068, -0.276178,
		25.179268, 34.206932, 35.265339>
	pigment { color rgbt <0,1,1,0> }
	no_shadow
}
cylinder {
	<26.169315, 35.306862, 35.490871>,  <25.605112, 34.727779, 35.458664>, 0.130000
	pigment { color rgbt <1,0,0,0> }
	no_shadow
}

// nucleotide -1

// particle -1
sphere {
	<26.169315, 35.306862, 35.490871> 0.250000
	pigment { color rgbt <1,0,0,0> }
	no_shadow
}
cylinder {
	<25.951992, 35.636757, 35.553646>,  <25.821598, 35.834694, 35.591312>, 0.100000
	pigment { color rgbt <1,0,0,0> }
	no_shadow
}
cylinder {
	<25.951992, 35.636757, 35.553646>,  <26.169315, 35.306862, 35.490871>, 0.100000
	pigment { color rgbt <1,0,0,0> }
	no_shadow
}

// particle -1
sphere {
	<25.951992, 35.636757, 35.553646> 0.100000
	pigment { color rgbt <1,0,0,0> }
	no_shadow
}
sphere {
	0, 1
	scale<0.080000,0.200000,0.300000>
	matrix <0.598743, 0.511683, -0.616188,
		-0.588494, -0.240814, -0.771805,
		-0.543306, 0.824736, 0.156937,
		25.789000, 35.884178, 35.600727>
	pigment { color rgbt <0,1,1,0> }
	no_shadow
}
cylinder {
	<25.890059, 35.545818, 34.806190>,  <26.169315, 35.306862, 35.490871>, 0.130000
	pigment { color rgbt <1,0,0,0> }
	no_shadow
}

// nucleotide -1

// particle -1
sphere {
	<25.890059, 35.545818, 34.806190> 0.250000
	pigment { color rgbt <1,0,0,0> }
	no_shadow
}
cylinder {
	<25.950930, 35.842945, 35.066978>,  <25.987452, 36.021221, 35.223450>, 0.100000
	pigment { color rgbt <1,0,0,0> }
	no_shadow
}
cylinder {
	<25.950930, 35.842945, 35.066978>,  <25.890059, 35.545818, 34.806190>, 0.100000
	pigment { color rgbt <1,0,0,0> }
	no_shadow
}

// particle -1
sphere {
	<25.950930, 35.842945, 35.066978> 0.100000
	pigment { color rgbt <1,0,0,0> }
	no_shadow
}
sphere {
	0, 1
	scale<0.080000,0.200000,0.300000>
	matrix <0.481326, 0.520446, -0.705310,
		-0.863231, 0.421142, -0.278337,
		0.152176, 0.742816, 0.651971,
		25.996582, 36.065788, 35.262569>
	pigment { color rgbt <0,1,1,0> }
	no_shadow
}
cylinder {
	<25.232740, 35.874321, 34.780590>,  <25.890059, 35.545818, 34.806190>, 0.130000
	pigment { color rgbt <1,0,0,0> }
	no_shadow
}

// nucleotide -1

// particle -1
sphere {
	<25.232740, 35.874321, 34.780590> 0.250000
	pigment { color rgbt <1,0,0,0> }
	no_shadow
}
cylinder {
	<25.462454, 36.084194, 35.031956>,  <25.600281, 36.210117, 35.182777>, 0.100000
	pigment { color rgbt <1,0,0,0> }
	no_shadow
}
cylinder {
	<25.462454, 36.084194, 35.031956>,  <25.232740, 35.874321, 34.780590>, 0.100000
	pigment { color rgbt <1,0,0,0> }
	no_shadow
}

// particle -1
sphere {
	<25.462454, 36.084194, 35.031956> 0.100000
	pigment { color rgbt <1,0,0,0> }
	no_shadow
}
sphere {
	0, 1
	scale<0.080000,0.200000,0.300000>
	matrix <0.246852, 0.620909, -0.744000,
		-0.780554, 0.582392, 0.227058,
		0.574282, 0.524682, 0.628418,
		25.634739, 36.241600, 35.220482>
	pigment { color rgbt <0,1,1,0> }
	no_shadow
}
cylinder {
	<25.492161, 36.448986, 34.496655>,  <25.232740, 35.874321, 34.780590>, 0.130000
	pigment { color rgbt <1,0,0,0> }
	no_shadow
}

// nucleotide -1

// particle -1
sphere {
	<25.492161, 36.448986, 34.496655> 0.250000
	pigment { color rgbt <1,0,0,0> }
	no_shadow
}
cylinder {
	<25.782555, 36.491909, 34.768368>,  <25.956791, 36.517662, 34.931396>, 0.100000
	pigment { color rgbt <1,0,0,0> }
	no_shadow
}
cylinder {
	<25.782555, 36.491909, 34.768368>,  <25.492161, 36.448986, 34.496655>, 0.100000
	pigment { color rgbt <1,0,0,0> }
	no_shadow
}

// particle -1
sphere {
	<25.782555, 36.491909, 34.768368> 0.100000
	pigment { color rgbt <1,0,0,0> }
	no_shadow
}
sphere {
	0, 1
	scale<0.080000,0.200000,0.300000>
	matrix <0.544158, 0.514356, -0.662820,
		-0.420521, 0.850837, 0.315022,
		0.725985, 0.107308, 0.679287,
		26.000351, 36.524101, 34.972153>
	pigment { color rgbt <0,1,1,0> }
	no_shadow
}
cylinder {
	<25.759775, 37.053013, 34.314419>,  <25.492161, 36.448986, 34.496655>, 0.130000
	pigment { color rgbt <1,0,0,0> }
	no_shadow
}

// nucleotide -1

// particle -1
sphere {
	<25.759775, 37.053013, 34.314419> 0.250000
	pigment { color rgbt <1,0,0,0> }
	no_shadow
}
cylinder {
	<26.041975, 36.921448, 34.565525>,  <26.211294, 36.842510, 34.716190>, 0.100000
	pigment { color rgbt <1,0,0,0> }
	no_shadow
}
cylinder {
	<26.041975, 36.921448, 34.565525>,  <25.759775, 37.053013, 34.314419>, 0.100000
	pigment { color rgbt <1,0,0,0> }
	no_shadow
}

// particle -1
sphere {
	<26.041975, 36.921448, 34.565525> 0.100000
	pigment { color rgbt <1,0,0,0> }
	no_shadow
}
sphere {
	0, 1
	scale<0.080000,0.200000,0.300000>
	matrix <0.697345, 0.480172, -0.532114,
		-0.126416, 0.813174, 0.568126,
		0.705499, -0.328912, 0.627764,
		26.253624, 36.822773, 34.753853>
	pigment { color rgbt <0,1,1,0> }
	no_shadow
}
cylinder {
	<26.219244, 37.661327, 34.439251>,  <25.759775, 37.053013, 34.314419>, 0.130000
	pigment { color rgbt <1,0,0,0> }
	no_shadow
}

// nucleotide -1

// particle -1
sphere {
	<26.219244, 37.661327, 34.439251> 0.250000
	pigment { color rgbt <1,0,0,0> }
	no_shadow
}
cylinder {
	<26.436247, 37.337395, 34.528568>,  <26.566448, 37.143036, 34.582161>, 0.100000
	pigment { color rgbt <1,0,0,0> }
	no_shadow
}
cylinder {
	<26.436247, 37.337395, 34.528568>,  <26.219244, 37.661327, 34.439251>, 0.100000
	pigment { color rgbt <1,0,0,0> }
	no_shadow
}

// particle -1
sphere {
	<26.436247, 37.337395, 34.528568> 0.100000
	pigment { color rgbt <1,0,0,0> }
	no_shadow
}
sphere {
	0, 1
	scale<0.080000,0.200000,0.300000>
	matrix <0.704314, 0.293611, -0.646323,
		0.457848, 0.507908, 0.729660,
		0.542509, -0.809828, 0.223298,
		26.598999, 37.094448, 34.595558>
	pigment { color rgbt <0,1,1,0> }
	no_shadow
}
cylinder {
	<26.816805, 37.941071, 34.616409>,  <26.219244, 37.661327, 34.439251>, 0.130000
	pigment { color rgbt <1,0,0,0> }
	no_shadow
}

// nucleotide -1

// particle -1
sphere {
	<26.816805, 37.941071, 34.616409> 0.250000
	pigment { color rgbt <1,0,0,0> }
	no_shadow
}
cylinder {
	<26.887163, 37.561760, 34.510712>,  <26.929379, 37.334171, 34.447292>, 0.100000
	pigment { color rgbt <1,0,0,0> }
	no_shadow
}
cylinder {
	<26.887163, 37.561760, 34.510712>,  <26.816805, 37.941071, 34.616409>, 0.100000
	pigment { color rgbt <1,0,0,0> }
	no_shadow
}

// particle -1
sphere {
	<26.887163, 37.561760, 34.510712> 0.100000
	pigment { color rgbt <1,0,0,0> }
	no_shadow
}
sphere {
	0, 1
	scale<0.080000,0.200000,0.300000>
	matrix <0.724309, 0.306456, -0.617625,
		0.666661, -0.082758, 0.740752,
		0.175895, -0.948280, -0.264245,
		26.939932, 37.277275, 34.431438>
	pigment { color rgbt <0,1,1,0> }
	no_shadow
}
cylinder {
	<27.541451, 37.919216, 34.614426>,  <26.816805, 37.941071, 34.616409>, 0.130000
	pigment { color rgbt <1,0,0,0> }
	no_shadow
}

// nucleotide -1

// particle -1
sphere {
	<27.541451, 37.919216, 34.614426> 0.250000
	pigment { color rgbt <1,0,0,0> }
	no_shadow
}
cylinder {
	<27.394983, 37.620415, 34.392467>,  <27.307102, 37.441135, 34.259293>, 0.100000
	pigment { color rgbt <1,0,0,0> }
	no_shadow
}
cylinder {
	<27.394983, 37.620415, 34.392467>,  <27.541451, 37.919216, 34.614426>, 0.100000
	pigment { color rgbt <1,0,0,0> }
	no_shadow
}

// particle -1
sphere {
	<27.394983, 37.620415, 34.392467> 0.100000
	pigment { color rgbt <1,0,0,0> }
	no_shadow
}
sphere {
	0, 1
	scale<0.080000,0.200000,0.300000>
	matrix <0.772639, 0.088270, -0.628679,
		0.518605, -0.658938, 0.544840,
		-0.366167, -0.747001, -0.554898,
		27.285133, 37.396313, 34.225998>
	pigment { color rgbt <0,1,1,0> }
	no_shadow
}
cylinder {
	<27.892647, 37.273937, 34.571953>,  <27.541451, 37.919216, 34.614426>, 0.130000
	pigment { color rgbt <1,0,0,0> }
	no_shadow
}

// nucleotide -1

// particle -1
sphere {
	<27.892647, 37.273937, 34.571953> 0.250000
	pigment { color rgbt <1,0,0,0> }
	no_shadow
}
cylinder {
	<27.727606, 37.421040, 34.238602>,  <27.628580, 37.509300, 34.038593>, 0.100000
	pigment { color rgbt <1,0,0,0> }
	no_shadow
}
cylinder {
	<27.727606, 37.421040, 34.238602>,  <27.892647, 37.273937, 34.571953>, 0.100000
	pigment { color rgbt <1,0,0,0> }
	no_shadow
}

// particle -1
sphere {
	<27.727606, 37.421040, 34.238602> 0.100000
	pigment { color rgbt <1,0,0,0> }
	no_shadow
}
sphere {
	0, 1
	scale<0.080000,0.200000,0.300000>
	matrix <0.891685, -0.023908, -0.452025,
		-0.186160, -0.929614, -0.318059,
		-0.412604, 0.367758, -0.833374,
		27.603825, 37.531368, 33.988590>
	pigment { color rgbt <0,1,1,0> }
	no_shadow
}
cylinder {
	<28.281143, 37.149506, 33.916859>,  <27.892647, 37.273937, 34.571953>, 0.130000
	pigment { color rgbt <1,0,0,0> }
	no_shadow
}

// nucleotide -1

// particle -1
sphere {
	<28.281143, 37.149506, 33.916859> 0.250000
	pigment { color rgbt <1,0,0,0> }
	no_shadow
}
cylinder {
	<27.976610, 36.962612, 34.096664>,  <27.793890, 36.850475, 34.204548>, 0.100000
	pigment { color rgbt <1,0,0,0> }
	no_shadow
}
cylinder {
	<27.976610, 36.962612, 34.096664>,  <28.281143, 37.149506, 33.916859>, 0.100000
	pigment { color rgbt <1,0,0,0> }
	no_shadow
}

// particle -1
sphere {
	<27.976610, 36.962612, 34.096664> 0.100000
	pigment { color rgbt <1,0,0,0> }
	no_shadow
}
sphere {
	0, 1
	scale<0.080000,0.200000,0.300000>
	matrix <-0.193085, -0.498464, -0.845134,
		0.618945, -0.730222, 0.289279,
		-0.761331, -0.467237, 0.449517,
		27.748211, 36.822441, 34.231518>
	pigment { color rgbt <0,1,1,0> }
	no_shadow
}
cylinder {
	<28.299561, 36.336857, 33.974323>,  <28.281143, 37.149506, 33.916859>, 0.130000
	pigment { color rgbt <1,0,0,0> }
	no_shadow
}

// nucleotide -1

// particle -1
sphere {
	<28.299561, 36.336857, 33.974323> 0.250000
	pigment { color rgbt <1,0,0,0> }
	no_shadow
}
cylinder {
	<27.942762, 36.514702, 33.941685>,  <27.728683, 36.621410, 33.922100>, 0.100000
	pigment { color rgbt <1,0,0,0> }
	no_shadow
}
cylinder {
	<27.942762, 36.514702, 33.941685>,  <28.299561, 36.336857, 33.974323>, 0.100000
	pigment { color rgbt <1,0,0,0> }
	no_shadow
}

// particle -1
sphere {
	<27.942762, 36.514702, 33.941685> 0.100000
	pigment { color rgbt <1,0,0,0> }
	no_shadow
}
sphere {
	0, 1
	scale<0.080000,0.200000,0.300000>
	matrix <-0.115483, -0.398650, -0.909803,
		-0.437046, -0.802116, 0.406940,
		-0.891994, 0.444621, -0.081598,
		27.675163, 36.648087, 33.917206>
	pigment { color rgbt <0,1,1,0> }
	no_shadow
}
cylinder {
	<27.837511, 35.797649, 33.836437>,  <28.299561, 36.336857, 33.974323>, 0.130000
	pigment { color rgbt <1,0,0,0> }
	no_shadow
}

// nucleotide -1

// particle -1
sphere {
	<27.837511, 35.797649, 33.836437> 0.250000
	pigment { color rgbt <1,0,0,0> }
	no_shadow
}
cylinder {
	<27.663017, 36.123615, 33.683800>,  <27.558321, 36.319195, 33.592216>, 0.100000
	pigment { color rgbt <1,0,0,0> }
	no_shadow
}
cylinder {
	<27.663017, 36.123615, 33.683800>,  <27.837511, 35.797649, 33.836437>, 0.100000
	pigment { color rgbt <1,0,0,0> }
	no_shadow
}

// particle -1
sphere {
	<27.663017, 36.123615, 33.683800> 0.100000
	pigment { color rgbt <1,0,0,0> }
	no_shadow
}
sphere {
	0, 1
	scale<0.080000,0.200000,0.300000>
	matrix <-0.368364, -0.548634, -0.750539,
		-0.820981, -0.186845, 0.539517,
		-0.436232, 0.814917, -0.381591,
		27.532148, 36.368092, 33.569321>
	pigment { color rgbt <0,1,1,0> }
	no_shadow
}
cylinder {
	<27.144987, 36.006233, 34.077816>,  <27.837511, 35.797649, 33.836437>, 0.130000
	pigment { color rgbt <1,0,0,0> }
	no_shadow
}

// nucleotide -1

// particle -1
sphere {
	<27.144987, 36.006233, 34.077816> 0.250000
	pigment { color rgbt <1,0,0,0> }
	no_shadow
}
cylinder {
	<27.094727, 36.380882, 34.208626>,  <27.064571, 36.605671, 34.287109>, 0.100000
	pigment { color rgbt <1,0,0,0> }
	no_shadow
}
cylinder {
	<27.094727, 36.380882, 34.208626>,  <27.144987, 36.006233, 34.077816>, 0.100000
	pigment { color rgbt <1,0,0,0> }
	no_shadow
}

// particle -1
sphere {
	<27.094727, 36.380882, 34.208626> 0.100000
	pigment { color rgbt <1,0,0,0> }
	no_shadow
}
sphere {
	0, 1
	scale<0.080000,0.200000,0.300000>
	matrix <-0.462686, -0.346914, 0.815826,
		0.877572, -0.048800, 0.476954,
		-0.125650, 0.936626, 0.327021,
		27.057032, 36.661869, 34.306732>
	pigment { color rgbt <0,1,1,0> }
	no_shadow
}
cylinder {
	<27.331949, 36.062103, 34.858200>,  <27.144987, 36.006233, 34.077816>, 0.130000
	pigment { color rgbt <1,0,0,0> }
	no_shadow
}

// nucleotide -1

// particle -1
sphere {
	<27.331949, 36.062103, 34.858200> 0.250000
	pigment { color rgbt <1,0,0,0> }
	no_shadow
}
cylinder {
	<27.112583, 36.382484, 34.762100>,  <26.980963, 36.574711, 34.704441>, 0.100000
	pigment { color rgbt <1,0,0,0> }
	no_shadow
}
cylinder {
	<27.112583, 36.382484, 34.762100>,  <27.331949, 36.062103, 34.858200>, 0.100000
	pigment { color rgbt <1,0,0,0> }
	no_shadow
}

// particle -1
sphere {
	<27.112583, 36.382484, 34.762100> 0.100000
	pigment { color rgbt <1,0,0,0> }
	no_shadow
}
sphere {
	0, 1
	scale<0.080000,0.200000,0.300000>
	matrix <-0.563328, -0.141550, 0.814018,
		0.617980, 0.581759, 0.528826,
		-0.548418, 0.800949, -0.240247,
		26.948057, 36.622768, 34.690025>
	pigment { color rgbt <0,1,1,0> }
	no_shadow
}
cylinder {
	<27.236986, 36.406536, 35.471565>,  <27.331949, 36.062103, 34.858200>, 0.130000
	pigment { color rgbt <1,0,0,0> }
	no_shadow
}

// nucleotide -1

// particle -1
sphere {
	<27.236986, 36.406536, 35.471565> 0.250000
	pigment { color rgbt <1,0,0,0> }
	no_shadow
}
cylinder {
	<26.923761, 36.510769, 35.245678>,  <26.735826, 36.573307, 35.110146>, 0.100000
	pigment { color rgbt <1,0,0,0> }
	no_shadow
}
cylinder {
	<26.923761, 36.510769, 35.245678>,  <27.236986, 36.406536, 35.471565>, 0.100000
	pigment { color rgbt <1,0,0,0> }
	no_shadow
}

// particle -1
sphere {
	<26.923761, 36.510769, 35.245678> 0.100000
	pigment { color rgbt <1,0,0,0> }
	no_shadow
}
sphere {
	0, 1
	scale<0.080000,0.200000,0.300000>
	matrix <-0.605828, -0.114218, 0.787354,
		0.140669, 0.958672, 0.247308,
		-0.783061, 0.260582, -0.564723,
		26.688843, 36.588943, 35.076260>
	pigment { color rgbt <0,1,1,0> }
	no_shadow
}
cylinder {
	<26.887552, 36.798050, 35.905087>,  <27.236986, 36.406536, 35.471565>, 0.130000
	pigment { color rgbt <1,0,0,0> }
	no_shadow
}

// nucleotide -1

// particle -1
sphere {
	<26.887552, 36.798050, 35.905087> 0.250000
	pigment { color rgbt <1,0,0,0> }
	no_shadow
}
cylinder {
	<26.634516, 36.700462, 35.611065>,  <26.482693, 36.641911, 35.434650>, 0.100000
	pigment { color rgbt <1,0,0,0> }
	no_shadow
}
cylinder {
	<26.634516, 36.700462, 35.611065>,  <26.887552, 36.798050, 35.905087>, 0.100000
	pigment { color rgbt <1,0,0,0> }
	no_shadow
}

// particle -1
sphere {
	<26.634516, 36.700462, 35.611065> 0.100000
	pigment { color rgbt <1,0,0,0> }
	no_shadow
}
sphere {
	0, 1
	scale<0.080000,0.200000,0.300000>
	matrix <-0.748879, -0.049344, 0.660868,
		-0.197502, 0.968527, -0.151489,
		-0.632593, -0.243970, -0.735054,
		26.444738, 36.627270, 35.390549>
	pigment { color rgbt <0,1,1,0> }
	no_shadow
}
cylinder {
	<26.154402, 37.056747, 36.082012>,  <26.887552, 36.798050, 35.905087>, 0.130000
	pigment { color rgbt <1,0,0,0> }
	no_shadow
}

// nucleotide -1

// particle -1
sphere {
	<26.154402, 37.056747, 36.082012> 0.250000
	pigment { color rgbt <1,0,0,0> }
	no_shadow
}
cylinder {
	<26.112467, 36.751980, 35.826359>,  <26.087307, 36.569118, 35.672966>, 0.100000
	pigment { color rgbt <1,0,0,0> }
	no_shadow
}
cylinder {
	<26.112467, 36.751980, 35.826359>,  <26.154402, 37.056747, 36.082012>, 0.100000
	pigment { color rgbt <1,0,0,0> }
	no_shadow
}

// particle -1
sphere {
	<26.112467, 36.751980, 35.826359> 0.100000
	pigment { color rgbt <1,0,0,0> }
	no_shadow
}
sphere {
	0, 1
	scale<0.080000,0.200000,0.300000>
	matrix <-0.738696, -0.370625, 0.562997,
		-0.665836, 0.531146, -0.523971,
		-0.104837, -0.761919, -0.639131,
		26.081017, 36.523403, 35.634621>
	pigment { color rgbt <0,1,1,0> }
	no_shadow
}
cylinder {
	<25.479464, 37.010506, 36.022312>,  <26.154402, 37.056747, 36.082012>, 0.130000
	pigment { color rgbt <1,0,0,0> }
	no_shadow
}

// nucleotide -1

// particle -1
sphere {
	<25.479464, 37.010506, 36.022312> 0.250000
	pigment { color rgbt <1,0,0,0> }
	no_shadow
}
cylinder {
	<25.610971, 36.645351, 35.925518>,  <25.689877, 36.426258, 35.867443>, 0.100000
	pigment { color rgbt <1,0,0,0> }
	no_shadow
}
cylinder {
	<25.610971, 36.645351, 35.925518>,  <25.479464, 37.010506, 36.022312>, 0.100000
	pigment { color rgbt <1,0,0,0> }
	no_shadow
}

// particle -1
sphere {
	<25.610971, 36.645351, 35.925518> 0.100000
	pigment { color rgbt <1,0,0,0> }
	no_shadow
}
sphere {
	0, 1
	scale<0.080000,0.200000,0.300000>
	matrix <-0.665305, -0.405731, 0.626699,
		-0.670284, -0.045044, -0.740736,
		0.328769, -0.912882, -0.241987,
		25.709602, 36.371487, 35.852921>
	pigment { color rgbt <0,1,1,0> }
	no_shadow
}
cylinder {
	<24.862040, 36.587757, 35.888771>,  <25.479464, 37.010506, 36.022312>, 0.130000
	pigment { color rgbt <1,0,0,0> }
	no_shadow
}

// nucleotide -1

// particle -1
sphere {
	<24.862040, 36.587757, 35.888771> 0.250000
	pigment { color rgbt <1,0,0,0> }
	no_shadow
}
cylinder {
	<25.170973, 36.380650, 36.035965>,  <25.356333, 36.256386, 36.124283>, 0.100000
	pigment { color rgbt <1,0,0,0> }
	no_shadow
}
cylinder {
	<25.170973, 36.380650, 36.035965>,  <24.862040, 36.587757, 35.888771>, 0.100000
	pigment { color rgbt <1,0,0,0> }
	no_shadow
}

// particle -1
sphere {
	<25.170973, 36.380650, 36.035965> 0.100000
	pigment { color rgbt <1,0,0,0> }
	no_shadow
}
sphere {
	0, 1
	scale<0.080000,0.200000,0.300000>
	matrix <-0.604011, -0.419266, 0.677781,
		-0.196648, -0.745743, -0.636550,
		0.772335, -0.517767, 0.367989,
		25.402674, 36.225319, 36.146362>
	pigment { color rgbt <0,1,1,0> }
	no_shadow
}
cylinder {
	<24.701818, 35.847996, 35.923756>,  <24.862040, 36.587757, 35.888771>, 0.130000
	pigment { color rgbt <1,0,0,0> }
	no_shadow
}

// nucleotide -1

// particle -1
sphere {
	<24.701818, 35.847996, 35.923756> 0.250000
	pigment { color rgbt <1,0,0,0> }
	no_shadow
}
cylinder {
	<24.970490, 35.944389, 36.203976>,  <25.131693, 36.002224, 36.372108>, 0.100000
	pigment { color rgbt <1,0,0,0> }
	no_shadow
}
cylinder {
	<24.970490, 35.944389, 36.203976>,  <24.701818, 35.847996, 35.923756>, 0.100000
	pigment { color rgbt <1,0,0,0> }
	no_shadow
}

// particle -1
sphere {
	<24.970490, 35.944389, 36.203976> 0.100000
	pigment { color rgbt <1,0,0,0> }
	no_shadow
}
sphere {
	0, 1
	scale<0.080000,0.200000,0.300000>
	matrix <-0.591942, -0.394041, 0.703091,
		0.445479, -0.886938, -0.122021,
		0.671679, 0.240983, 0.700553,
		25.171993, 36.016685, 36.414143>
	pigment { color rgbt <0,1,1,0> }
	no_shadow
}
cylinder {
	<24.844252, 34.979549, 35.946354>,  <24.701818, 35.847996, 35.923756>, 0.130000
	pigment { color rgbt <1,0,0,0> }
	no_shadow
}

// nucleotide -1

// particle -1
sphere {
	<24.844252, 34.979549, 35.946354> 0.250000
	pigment { color rgbt <1,0,0,0> }
	no_shadow
}
cylinder {
	<24.850042, 34.827312, 36.316204>,  <24.853516, 34.735970, 36.538116>, 0.100000
	pigment { color rgbt <1,0,0,0> }
	no_shadow
}
cylinder {
	<24.850042, 34.827312, 36.316204>,  <24.844252, 34.979549, 35.946354>, 0.100000
	pigment { color rgbt <1,0,0,0> }
	no_shadow
}

// particle -1
sphere {
	<24.850042, 34.827312, 36.316204> 0.100000
	pigment { color rgbt <1,0,0,0> }
	no_shadow
}
sphere {
	0, 1
	scale<0.080000,0.200000,0.300000>
	matrix <0.601813, -0.735161, -0.312025,
		0.798506, 0.560971, 0.218404,
		0.014475, -0.380592, 0.924630,
		24.854385, 34.713135, 36.593594>
	pigment { color rgbt <0,1,1,0> }
	no_shadow
}
cylinder {
	<25.532736, 34.782413, 36.265228>,  <24.844252, 34.979549, 35.946354>, 0.130000
	pigment { color rgbt <1,0,0,0> }
	no_shadow
}

// nucleotide -1

// particle -1
sphere {
	<25.532736, 34.782413, 36.265228> 0.250000
	pigment { color rgbt <1,0,0,0> }
	no_shadow
}
cylinder {
	<25.276335, 34.522762, 36.429058>,  <25.122494, 34.366970, 36.527355>, 0.100000
	pigment { color rgbt <1,0,0,0> }
	no_shadow
}
cylinder {
	<25.276335, 34.522762, 36.429058>,  <25.532736, 34.782413, 36.265228>, 0.100000
	pigment { color rgbt <1,0,0,0> }
	no_shadow
}

// particle -1
sphere {
	<25.276335, 34.522762, 36.429058> 0.100000
	pigment { color rgbt <1,0,0,0> }
	no_shadow
}
sphere {
	0, 1
	scale<0.080000,0.200000,0.300000>
	matrix <0.567432, -0.760110, -0.316629,
		0.516853, 0.029445, 0.855568,
		-0.641002, -0.649127, 0.409573,
		25.084034, 34.328026, 36.551929>
	pigment { color rgbt <0,1,1,0> }
	no_shadow
}
cylinder {
	<25.409227, 34.048431, 36.019539>,  <25.532736, 34.782413, 36.265228>, 0.130000
	pigment { color rgbt <1,0,0,0> }
	no_shadow
}

// nucleotide -1

// particle -1
sphere {
	<25.409227, 34.048431, 36.019539> 0.250000
	pigment { color rgbt <1,0,0,0> }
	no_shadow
}
cylinder {
	<25.772068, 34.180775, 35.915459>,  <25.989773, 34.260181, 35.853012>, 0.100000
	pigment { color rgbt <1,0,0,0> }
	no_shadow
}
cylinder {
	<25.772068, 34.180775, 35.915459>,  <25.409227, 34.048431, 36.019539>, 0.100000
	pigment { color rgbt <1,0,0,0> }
	no_shadow
}

// particle -1
sphere {
	<25.772068, 34.180775, 35.915459> 0.100000
	pigment { color rgbt <1,0,0,0> }
	no_shadow
}
sphere {
	0, 1
	scale<0.080000,0.200000,0.300000>
	matrix <0.319629, -0.139226, 0.937259,
		0.273870, -0.933355, -0.232043,
		0.907101, 0.330854, -0.260197,
		26.044199, 34.280029, 35.837399>
	pigment { color rgbt <0,1,1,0> }
	no_shadow
}
cylinder {
	<25.840551, 34.158119, 36.676830>,  <25.409227, 34.048431, 36.019539>, 0.130000
	pigment { color rgbt <1,0,0,0> }
	no_shadow
}

// nucleotide -1

// particle -1
sphere {
	<25.840551, 34.158119, 36.676830> 0.250000
	pigment { color rgbt <1,0,0,0> }
	no_shadow
}
cylinder {
	<25.934166, 33.927902, 36.363403>,  <25.990335, 33.789772, 36.175346>, 0.100000
	pigment { color rgbt <1,0,0,0> }
	no_shadow
}
cylinder {
	<25.934166, 33.927902, 36.363403>,  <25.840551, 34.158119, 36.676830>, 0.100000
	pigment { color rgbt <1,0,0,0> }
	no_shadow
}

// particle -1
sphere {
	<25.934166, 33.927902, 36.363403> 0.100000
	pigment { color rgbt <1,0,0,0> }
	no_shadow
}
sphere {
	0, 1
	scale<0.080000,0.200000,0.300000>
	matrix <-0.215857, -0.816598, 0.535326,
		-0.947962, 0.043853, -0.315348,
		0.234037, -0.575539, -0.783570,
		26.004377, 33.755241, 36.128334>
	pigment { color rgbt <0,1,1,0> }
	no_shadow
}
cylinder {
	<25.300539, 33.609825, 36.583275>,  <25.840551, 34.158119, 36.676830>, 0.130000
	pigment { color rgbt <1,0,0,0> }
	no_shadow
}

// nucleotide -1

// particle -1
sphere {
	<25.300539, 33.609825, 36.583275> 0.250000
	pigment { color rgbt <1,0,0,0> }
	no_shadow
}
cylinder {
	<25.655878, 33.490620, 36.443546>,  <25.869081, 33.419098, 36.359707>, 0.100000
	pigment { color rgbt <1,0,0,0> }
	no_shadow
}
cylinder {
	<25.655878, 33.490620, 36.443546>,  <25.300539, 33.609825, 36.583275>, 0.100000
	pigment { color rgbt <1,0,0,0> }
	no_shadow
}

// particle -1
sphere {
	<25.655878, 33.490620, 36.443546> 0.100000
	pigment { color rgbt <1,0,0,0> }
	no_shadow
}
sphere {
	0, 1
	scale<0.080000,0.200000,0.300000>
	matrix <-0.111011, -0.877596, 0.466371,
		-0.445549, -0.375521, -0.812693,
		0.888349, -0.298009, -0.349325,
		25.922382, 33.401218, 36.338749>
	pigment { color rgbt <0,1,1,0> }
	no_shadow
}
cylinder {
	<25.245049, 32.816753, 36.524849>,  <25.300539, 33.609825, 36.583275>, 0.130000
	pigment { color rgbt <1,0,0,0> }
	no_shadow
}

// nucleotide -1

// particle -1
sphere {
	<25.245049, 32.816753, 36.524849> 0.250000
	pigment { color rgbt <1,0,0,0> }
	no_shadow
}
cylinder {
	<25.618153, 32.960918, 36.527920>,  <25.842016, 33.047417, 36.529762>, 0.100000
	pigment { color rgbt <1,0,0,0> }
	no_shadow
}
cylinder {
	<25.618153, 32.960918, 36.527920>,  <25.245049, 32.816753, 36.524849>, 0.100000
	pigment { color rgbt <1,0,0,0> }
	no_shadow
}

// particle -1
sphere {
	<25.618153, 32.960918, 36.527920> 0.100000
	pigment { color rgbt <1,0,0,0> }
	no_shadow
}
sphere {
	0, 1
	scale<0.080000,0.200000,0.300000>
	matrix <0.330671, -0.863888, 0.379939,
		0.143565, -0.351855, -0.924980,
		0.932762, 0.360410, 0.007676,
		25.897982, 33.069042, 36.530224>
	pigment { color rgbt <0,1,1,0> }
	no_shadow
}
cylinder {
	<25.710154, 32.387264, 36.009857>,  <25.245049, 32.816753, 36.524849>, 0.130000
	pigment { color rgbt <1,0,0,0> }
	no_shadow
}

// nucleotide -1

// particle -1
sphere {
	<25.710154, 32.387264, 36.009857> 0.250000
	pigment { color rgbt <1,0,0,0> }
	no_shadow
}
cylinder {
	<25.917572, 32.517986, 36.325912>,  <26.042023, 32.596420, 36.515545>, 0.100000
	pigment { color rgbt <1,0,0,0> }
	no_shadow
}
cylinder {
	<25.917572, 32.517986, 36.325912>,  <25.710154, 32.387264, 36.009857>, 0.100000
	pigment { color rgbt <1,0,0,0> }
	no_shadow
}

// particle -1
sphere {
	<25.917572, 32.517986, 36.325912> 0.100000
	pigment { color rgbt <1,0,0,0> }
	no_shadow
}
sphere {
	0, 1
	scale<0.080000,0.200000,0.300000>
	matrix <0.293972, -0.935886, 0.194158,
		0.802927, 0.131598, -0.581369,
		0.518544, 0.326801, 0.790135,
		26.073135, 32.616028, 36.562954>
	pigment { color rgbt <0,1,1,0> }
	no_shadow
}
cylinder {
	<26.454884, 32.157063, 35.912861>,  <25.710154, 32.387264, 36.009857>, 0.130000
	pigment { color rgbt <1,0,0,0> }
	no_shadow
}

// nucleotide -1

// particle -1
sphere {
	<26.454884, 32.157063, 35.912861> 0.250000
	pigment { color rgbt <1,0,0,0> }
	no_shadow
}
cylinder {
	<26.270550, 32.142887, 36.267570>,  <26.159950, 32.134380, 36.480396>, 0.100000
	pigment { color rgbt <1,0,0,0> }
	no_shadow
}
cylinder {
	<26.270550, 32.142887, 36.267570>,  <26.454884, 32.157063, 35.912861>, 0.100000
	pigment { color rgbt <1,0,0,0> }
	no_shadow
}

// particle -1
sphere {
	<26.270550, 32.142887, 36.267570> 0.100000
	pigment { color rgbt <1,0,0,0> }
	no_shadow
}
sphere {
	0, 1
	scale<0.080000,0.200000,0.300000>
	matrix <0.141051, -0.989427, 0.033755,
		0.876206, 0.140637, 0.460960,
		-0.460834, -0.035442, 0.886779,
		26.132299, 32.132256, 36.533604>
	pigment { color rgbt <0,1,1,0> }
	no_shadow
}
cylinder {
	<26.689367, 31.543159, 36.050339>,  <26.454884, 32.157063, 35.912861>, 0.130000
	pigment { color rgbt <1,0,0,0> }
	no_shadow
}

// nucleotide -1

// particle -1
sphere {
	<26.689367, 31.543159, 36.050339> 0.250000
	pigment { color rgbt <1,0,0,0> }
	no_shadow
}
cylinder {
	<26.413986, 31.575912, 36.338596>,  <26.248756, 31.595564, 36.511551>, 0.100000
	pigment { color rgbt <1,0,0,0> }
	no_shadow
}
cylinder {
	<26.413986, 31.575912, 36.338596>,  <26.689367, 31.543159, 36.050339>, 0.100000
	pigment { color rgbt <1,0,0,0> }
	no_shadow
}

// particle -1
sphere {
	<26.413986, 31.575912, 36.338596> 0.100000
	pigment { color rgbt <1,0,0,0> }
	no_shadow
}
sphere {
	0, 1
	scale<0.080000,0.200000,0.300000>
	matrix <-0.107607, -0.994142, 0.010160,
		0.717252, -0.070551, 0.693233,
		-0.688455, 0.081884, 0.720642,
		26.207449, 31.600477, 36.554790>
	pigment { color rgbt <0,1,1,0> }
	no_shadow
}
cylinder {
	<26.887489, 31.117918, 36.559586>,  <26.689367, 31.543159, 36.050339>, 0.130000
	pigment { color rgbt <1,0,0,0> }
	no_shadow
}

// nucleotide -1

// particle -1
sphere {
	<26.887489, 31.117918, 36.559586> 0.250000
	pigment { color rgbt <1,0,0,0> }
	no_shadow
}
cylinder {
	<26.493074, 31.180037, 36.583626>,  <26.256426, 31.217308, 36.598049>, 0.100000
	pigment { color rgbt <1,0,0,0> }
	no_shadow
}
cylinder {
	<26.493074, 31.180037, 36.583626>,  <26.887489, 31.117918, 36.559586>, 0.100000
	pigment { color rgbt <1,0,0,0> }
	no_shadow
}

// particle -1
sphere {
	<26.493074, 31.180037, 36.583626> 0.100000
	pigment { color rgbt <1,0,0,0> }
	no_shadow
}
sphere {
	0, 1
	scale<0.080000,0.200000,0.300000>
	matrix <-0.158728, -0.985661, -0.057249,
		0.050347, -0.065989, 0.996549,
		-0.986038, 0.155298, 0.060100,
		26.197264, 31.226625, 36.601654>
	pigment { color rgbt <0,1,1,0> }
	no_shadow
}
cylinder {
	<26.634785, 30.699659, 37.121349>,  <26.887489, 31.117918, 36.559586>, 0.130000
	pigment { color rgbt <1,0,0,0> }
	no_shadow
}

// nucleotide -1

// particle -1
sphere {
	<26.634785, 30.699659, 37.121349> 0.250000
	pigment { color rgbt <1,0,0,0> }
	no_shadow
}
cylinder {
	<26.384672, 30.777103, 36.818951>,  <26.234604, 30.823570, 36.637512>, 0.100000
	pigment { color rgbt <1,0,0,0> }
	no_shadow
}
cylinder {
	<26.384672, 30.777103, 36.818951>,  <26.634785, 30.699659, 37.121349>, 0.100000
	pigment { color rgbt <1,0,0,0> }
	no_shadow
}

// particle -1
sphere {
	<26.384672, 30.777103, 36.818951> 0.100000
	pigment { color rgbt <1,0,0,0> }
	no_shadow
}
sphere {
	0, 1
	scale<0.080000,0.200000,0.300000>
	matrix <-0.193798, -0.976914, -0.089900,
		-0.755953, 0.090298, 0.648368,
		-0.625282, 0.193612, -0.756001,
		26.197088, 30.835188, 36.592152>
	pigment { color rgbt <0,1,1,0> }
	no_shadow
}
cylinder {
	<26.050121, 30.139303, 36.931133>,  <26.634785, 30.699659, 37.121349>, 0.130000
	pigment { color rgbt <1,0,0,0> }
	no_shadow
}

// nucleotide -1

// particle -1
sphere {
	<26.050121, 30.139303, 36.931133> 0.250000
	pigment { color rgbt <1,0,0,0> }
	no_shadow
}
cylinder {
	<26.291868, 30.139654, 37.249817>,  <26.436916, 30.139864, 37.441025>, 0.100000
	pigment { color rgbt <1,0,0,0> }
	no_shadow
}
cylinder {
	<26.291868, 30.139654, 37.249817>,  <26.050121, 30.139303, 36.931133>, 0.100000
	pigment { color rgbt <1,0,0,0> }
	no_shadow
}

// particle -1
sphere {
	<26.291868, 30.139654, 37.249817> 0.100000
	pigment { color rgbt <1,0,0,0> }
	no_shadow
}
sphere {
	0, 1
	scale<0.080000,0.200000,0.300000>
	matrix <0.693026, 0.492715, -0.526257,
		-0.393010, 0.870190, 0.297173,
		0.604365, 0.000876, 0.796707,
		26.473177, 30.139917, 37.488831>
	pigment { color rgbt <0,1,1,0> }
	no_shadow
}
cylinder {
	<25.570789, 29.893606, 36.342659>,  <26.050121, 30.139303, 36.931133>, 0.130000
	pigment { color rgbt <1,0,0,0> }
	no_shadow
}

// nucleotide -1

// particle -1
sphere {
	<25.570789, 29.893606, 36.342659> 0.250000
	pigment { color rgbt <1,0,0,0> }
	no_shadow
}
cylinder {
	<25.307497, 30.143690, 36.174923>,  <25.149521, 30.293739, 36.074284>, 0.100000
	pigment { color rgbt <1,0,0,0> }
	no_shadow
}
cylinder {
	<25.307497, 30.143690, 36.174923>,  <25.570789, 29.893606, 36.342659>, 0.100000
	pigment { color rgbt <1,0,0,0> }
	no_shadow
}

// particle -1
sphere {
	<25.307497, 30.143690, 36.174923> 0.100000
	pigment { color rgbt <1,0,0,0> }
	no_shadow
}
sphere {
	0, 1
	scale<0.080000,0.200000,0.300000>
	matrix <0.223887, 0.694400, 0.683874,
		0.718752, 0.356264, -0.597052,
		-0.658233, 0.625208, -0.419338,
		25.110027, 30.331253, 36.049122>
	pigment { color rgbt <0,1,1,0> }
	no_shadow
}
cylinder {
	<25.602190, 30.477673, 35.883621>,  <25.570789, 29.893606, 36.342659>, 0.130000
	pigment { color rgbt <1,0,0,0> }
	no_shadow
}

// nucleotide -1

// particle -1
sphere {
	<25.602190, 30.477673, 35.883621> 0.250000
	pigment { color rgbt <1,0,0,0> }
	no_shadow
}
cylinder {
	<25.623457, 30.475313, 36.283047>,  <25.636217, 30.473898, 36.522701>, 0.100000
	pigment { color rgbt <1,0,0,0> }
	no_shadow
}
cylinder {
	<25.623457, 30.475313, 36.283047>,  <25.602190, 30.477673, 35.883621>, 0.100000
	pigment { color rgbt <1,0,0,0> }
	no_shadow
}

// particle -1
sphere {
	<25.623457, 30.475313, 36.283047> 0.100000
	pigment { color rgbt <1,0,0,0> }
	no_shadow
}
sphere {
	0, 1
	scale<0.080000,0.200000,0.300000>
	matrix <-0.054798, 0.998459, 0.008815,
		-0.997081, -0.055188, 0.052761,
		0.053166, -0.005898, 0.998568,
		25.639408, 30.473543, 36.582619>
	pigment { color rgbt <0,1,1,0> }
	no_shadow
}
cylinder {
	<25.148809, 31.047760, 36.100689>,  <25.602190, 30.477673, 35.883621>, 0.130000
	pigment { color rgbt <1,0,0,0> }
	no_shadow
}

// nucleotide -1

// particle -1
sphere {
	<25.148809, 31.047760, 36.100689> 0.250000
	pigment { color rgbt <1,0,0,0> }
	no_shadow
}
cylinder {
	<25.413702, 30.971172, 36.390457>,  <25.572638, 30.925219, 36.564320>, 0.100000
	pigment { color rgbt <1,0,0,0> }
	no_shadow
}
cylinder {
	<25.413702, 30.971172, 36.390457>,  <25.148809, 31.047760, 36.100689>, 0.100000
	pigment { color rgbt <1,0,0,0> }
	no_shadow
}

// particle -1
sphere {
	<25.413702, 30.971172, 36.390457> 0.100000
	pigment { color rgbt <1,0,0,0> }
	no_shadow
}
sphere {
	0, 1
	scale<0.080000,0.200000,0.300000>
	matrix <0.058385, 0.977047, 0.204869,
		-0.747021, -0.093375, 0.658210,
		0.662231, -0.191471, 0.724423,
		25.612371, 30.913731, 36.607784>
	pigment { color rgbt <0,1,1,0> }
	no_shadow
}
cylinder {
	<24.928120, 31.301588, 36.758881>,  <25.148809, 31.047760, 36.100689>, 0.130000
	pigment { color rgbt <1,0,0,0> }
	no_shadow
}

// nucleotide -1

// particle -1
sphere {
	<24.928120, 31.301588, 36.758881> 0.250000
	pigment { color rgbt <1,0,0,0> }
	no_shadow
}
cylinder {
	<25.327776, 31.293760, 36.744289>,  <25.567570, 31.289064, 36.735535>, 0.100000
	pigment { color rgbt <1,0,0,0> }
	no_shadow
}
cylinder {
	<25.327776, 31.293760, 36.744289>,  <24.928120, 31.301588, 36.758881>, 0.100000
	pigment { color rgbt <1,0,0,0> }
	no_shadow
}

// particle -1
sphere {
	<25.327776, 31.293760, 36.744289> 0.100000
	pigment { color rgbt <1,0,0,0> }
	no_shadow
}
sphere {
	0, 1
	scale<0.080000,0.200000,0.300000>
	matrix <0.027810, 0.970033, 0.241376,
		0.030657, -0.242184, 0.969746,
		0.999143, -0.019569, -0.036473,
		25.627520, 31.287889, 36.733349>
	pigment { color rgbt <0,1,1,0> }
	no_shadow
}
cylinder {
	<25.120834, 31.709459, 37.293747>,  <24.928120, 31.301588, 36.758881>, 0.130000
	pigment { color rgbt <1,0,0,0> }
	no_shadow
}

// nucleotide -1

// particle -1
sphere {
	<25.120834, 31.709459, 37.293747> 0.250000
	pigment { color rgbt <1,0,0,0> }
	no_shadow
}
cylinder {
	<25.458496, 31.693390, 37.079910>,  <25.661093, 31.683748, 36.951607>, 0.100000
	pigment { color rgbt <1,0,0,0> }
	no_shadow
}
cylinder {
	<25.458496, 31.693390, 37.079910>,  <25.120834, 31.709459, 37.293747>, 0.100000
	pigment { color rgbt <1,0,0,0> }
	no_shadow
}

// particle -1
sphere {
	<25.458496, 31.693390, 37.079910> 0.100000
	pigment { color rgbt <1,0,0,0> }
	no_shadow
}
sphere {
	0, 1
	scale<0.080000,0.200000,0.300000>
	matrix <0.076005, 0.996084, 0.045162,
		0.530687, -0.078756, 0.843901,
		0.844153, -0.040174, -0.534595,
		25.711742, 31.681337, 36.919533>
	pigment { color rgbt <0,1,1,0> }
	no_shadow
}
cylinder {
	<25.697998, 32.047764, 37.730572>,  <25.120834, 31.709459, 37.293747>, 0.130000
	pigment { color rgbt <1,0,0,0> }
	no_shadow
}

// nucleotide -1

// particle -1
sphere {
	<25.697998, 32.047764, 37.730572> 0.250000
	pigment { color rgbt <1,0,0,0> }
	no_shadow
}
cylinder {
	<25.807594, 32.078625, 37.347118>,  <25.873352, 32.097141, 37.117046>, 0.100000
	pigment { color rgbt <1,0,0,0> }
	no_shadow
}
cylinder {
	<25.807594, 32.078625, 37.347118>,  <25.697998, 32.047764, 37.730572>, 0.100000
	pigment { color rgbt <1,0,0,0> }
	no_shadow
}

// particle -1
sphere {
	<25.807594, 32.078625, 37.347118> 0.100000
	pigment { color rgbt <1,0,0,0> }
	no_shadow
}
sphere {
	0, 1
	scale<0.080000,0.200000,0.300000>
	matrix <-0.035898, 0.996903, 0.069970,
		0.961063, 0.015242, 0.275910,
		0.273989, 0.077150, -0.958633,
		25.889791, 32.101768, 37.059528>
	pigment { color rgbt <0,1,1,0> }
	no_shadow
}
cylinder {
	<25.979746, 32.265102, 38.325577>,  <25.697998, 32.047764, 37.730572>, 0.130000
	pigment { color rgbt <1,0,0,0> }
	no_shadow
}

// nucleotide -1

// particle -1
sphere {
	<25.979746, 32.265102, 38.325577> 0.250000
	pigment { color rgbt <1,0,0,0> }
	no_shadow
}
cylinder {
	<26.268509, 32.072392, 38.524265>,  <26.441767, 31.956764, 38.643478>, 0.100000
	pigment { color rgbt <1,0,0,0> }
	no_shadow
}
cylinder {
	<26.268509, 32.072392, 38.524265>,  <25.979746, 32.265102, 38.325577>, 0.100000
	pigment { color rgbt <1,0,0,0> }
	no_shadow
}

// particle -1
sphere {
	<26.268509, 32.072392, 38.524265> 0.100000
	pigment { color rgbt <1,0,0,0> }
	no_shadow
}
sphere {
	0, 1
	scale<0.080000,0.200000,0.300000>
	matrix <0.578392, 0.814167, -0.050930,
