// switches for output
#declare DRAW_BASES = 1; // possible values are 0, 1; only relevant for DNA ribbons
#declare DRAW_BASES_TYPE = 3; // possible values are 1, 2, 3; only relevant for DNA ribbons
#declare DRAW_FOG = 0; // set to 1 to enable fog

#include "colors.inc"

#include "transforms.inc"
background { rgb <1, 1, 1>}

#default {
   normal{
       ripples 0.25
       frequency 0.20
       turbulence 0.2
       lambda 5
   }
	finish {
		phong 0.1
		phong_size 40.
	}
}

// original window dimensions: 1024x640


// camera settings

camera {
	sky <0, 0.179814, -0.983701>
	up <0, 0.179814, -0.983701>
	right 1.6 * <1, 0, 0>
	location <35, 94.9851, 44.8844>
	look_at <35, 29.7336, 32.9568>
	direction <0, -65.2515, -11.9276>
	angle 67.0682
}


# declare cpy_camera_pos = <35, 94.9851, 44.8844>;
# if (DRAW_FOG = 1)
fog {
	fog_type 2
	up vnormalize(cpy_camera_pos)
	color rgbt<1,1,1,0.3>
	distance 1e-5
	fog_alt 3e-3
	fog_offset 56
}
# end


// LIGHTS

# declare lum = 6;
global_settings {
	ambient_light rgb lum * <0.05, 0.05, 0.05>
	max_trace_level 15
}# declare cpy_direct_light_amount = 0.25;
light_source
{	1000 * <-1, -1.16352, -0.803886>,
	rgb lum * cpy_direct_light_amount
	parallel
}

light_source
{	1000 * <1, 1.16352, 0.803886>,
	rgb lum * cpy_direct_light_amount
	parallel
}

// strand 0

// nucleotide -1

// particle -1
sphere {
	<23.968384, 34.663807, 34.640598> 0.250000
	pigment { color rgbt <1,0,0,0> }
	no_shadow
}
cylinder {
	<24.275030, 34.915958, 34.689457>,  <24.459019, 35.067249, 34.718773>, 0.100000
	pigment { color rgbt <1,0,0,0> }
	no_shadow
}
cylinder {
	<24.275030, 34.915958, 34.689457>,  <23.968384, 34.663807, 34.640598>, 0.100000
	pigment { color rgbt <1,0,0,0> }
	no_shadow
}

// particle -1
sphere {
	<24.275030, 34.915958, 34.689457> 0.100000
	pigment { color rgbt <1,0,0,0> }
	no_shadow
}
sphere {
	0, 1
	scale<0.080000,0.200000,0.300000>
	matrix <0.612224, -0.660240, -0.435045,
		-0.193596, 0.408296, -0.892085,
		0.766617, 0.630379, 0.122149,
		24.505014, 35.105072, 34.726101>
	pigment { color rgbt <0,1,1,0> }
	no_shadow
}
cylinder {
	<24.403496, 34.015194, 34.714184>,  <23.968384, 34.663807, 34.640598>, 0.130000
	pigment { color rgbt <1,0,0,0> }
	no_shadow
}

// nucleotide -1

// particle -1
sphere {
	<24.403496, 34.015194, 34.714184> 0.250000
	pigment { color rgbt <1,0,0,0> }
	no_shadow
}
cylinder {
	<24.336628, 33.985806, 34.320908>,  <24.296507, 33.968174, 34.084942>, 0.100000
	pigment { color rgbt <1,0,0,0> }
	no_shadow
}
cylinder {
	<24.336628, 33.985806, 34.320908>,  <24.403496, 34.015194, 34.714184>, 0.100000
	pigment { color rgbt <1,0,0,0> }
	no_shadow
}

// particle -1
sphere {
	<24.336628, 33.985806, 34.320908> 0.100000
	pigment { color rgbt <1,0,0,0> }
	no_shadow
}
sphere {
	0, 1
	scale<0.080000,0.200000,0.300000>
	matrix <0.607261, 0.777940, -0.161381,
		0.776717, -0.624029, -0.085431,
		-0.167166, -0.073469, -0.983187,
		24.286478, 33.963764, 34.025951>
	pigment { color rgbt <0,1,1,0> }
	no_shadow
}
cylinder {
	<25.027817, 33.967102, 34.290340>,  <24.403496, 34.015194, 34.714184>, 0.130000
	pigment { color rgbt <1,0,0,0> }
	no_shadow
}

// nucleotide -1

// particle -1
sphere {
	<25.027817, 33.967102, 34.290340> 0.250000
	pigment { color rgbt <1,0,0,0> }
	no_shadow
}
cylinder {
	<24.726309, 34.151489, 34.103004>,  <24.545404, 34.262123, 33.990604>, 0.100000
	pigment { color rgbt <1,0,0,0> }
	no_shadow
}
cylinder {
	<24.726309, 34.151489, 34.103004>,  <25.027817, 33.967102, 34.290340>, 0.100000
	pigment { color rgbt <1,0,0,0> }
	no_shadow
}

// particle -1
sphere {
	<24.726309, 34.151489, 34.103004> 0.100000
	pigment { color rgbt <1,0,0,0> }
	no_shadow
}
sphere {
	0, 1
	scale<0.080000,0.200000,0.300000>
	matrix <0.584079, 0.796561, -0.156017,
		0.301140, -0.391147, -0.869666,
		-0.753767, 0.460971, -0.468338,
		24.500179, 34.289780, 33.962502>
	pigment { color rgbt <0,1,1,0> }
	no_shadow
}
cylinder {
	<25.088537, 34.116722, 33.552368>,  <25.027817, 33.967102, 34.290340>, 0.130000
	pigment { color rgbt <1,0,0,0> }
	no_shadow
}

// nucleotide -1

// particle -1
sphere {
	<25.088537, 34.116722, 33.552368> 0.250000
	pigment { color rgbt <1,0,0,0> }
	no_shadow
}
cylinder {
	<24.889069, 34.400417, 33.751690>,  <24.769386, 34.570633, 33.871284>, 0.100000
	pigment { color rgbt <1,0,0,0> }
	no_shadow
}
cylinder {
	<24.889069, 34.400417, 33.751690>,  <25.088537, 34.116722, 33.552368>, 0.100000
	pigment { color rgbt <1,0,0,0> }
	no_shadow
}

// particle -1
sphere {
	<24.889069, 34.400417, 33.751690> 0.100000
	pigment { color rgbt <1,0,0,0> }
	no_shadow
}
sphere {
	0, 1
	scale<0.080000,0.200000,0.300000>
	matrix <0.726383, 0.655622, -0.206222,
		-0.472962, 0.259125, -0.842117,
		-0.498674, 0.709235, 0.498308,
		24.739466, 34.613186, 33.901184>
	pigment { color rgbt <0,1,1,0> }
	no_shadow
}
cylinder {
	<24.970604, 33.340031, 33.541607>,  <25.088537, 34.116722, 33.552368>, 0.130000
	pigment { color rgbt <1,0,0,0> }
	no_shadow
}

// nucleotide -1

// particle -1
sphere {
	<24.970604, 33.340031, 33.541607> 0.250000
	pigment { color rgbt <1,0,0,0> }
	no_shadow
}
cylinder {
	<25.028955, 32.969883, 33.401657>,  <25.063967, 32.747795, 33.317688>, 0.100000
	pigment { color rgbt <1,0,0,0> }
	no_shadow
}
cylinder {
	<25.028955, 32.969883, 33.401657>,  <24.970604, 33.340031, 33.541607>, 0.100000
	pigment { color rgbt <1,0,0,0> }
	no_shadow
}

// particle -1
sphere {
	<25.028955, 32.969883, 33.401657> 0.100000
	pigment { color rgbt <1,0,0,0> }
	no_shadow
}
sphere {
	0, 1
	scale<0.080000,0.200000,0.300000>
	matrix <-0.962078, -0.215094, 0.167751,
		-0.230489, 0.312141, -0.921652,
		0.145880, -0.925367, -0.349880,
		25.072720, 32.692272, 33.296692>
	pigment { color rgbt <0,1,1,0> }
	no_shadow
}
cylinder {
	<24.835926, 33.780663, 32.899895>,  <24.970604, 33.340031, 33.541607>, 0.130000
	pigment { color rgbt <1,0,0,0> }
	no_shadow
}

// nucleotide -1

// particle -1
sphere {
	<24.835926, 33.780663, 32.899895> 0.250000
	pigment { color rgbt <1,0,0,0> }
	no_shadow
}
cylinder {
	<24.826218, 34.112350, 32.676537>,  <24.820393, 34.311363, 32.542522>, 0.100000
	pigment { color rgbt <1,0,0,0> }
	no_shadow
}
cylinder {
	<24.826218, 34.112350, 32.676537>,  <24.835926, 33.780663, 32.899895>, 0.100000
	pigment { color rgbt <1,0,0,0> }
	no_shadow
}

// particle -1
sphere {
	<24.826218, 34.112350, 32.676537> 0.100000
	pigment { color rgbt <1,0,0,0> }
	no_shadow
}
sphere {
	0, 1
	scale<0.080000,0.200000,0.300000>
	matrix <0.324696, -0.521742, -0.788897,
		-0.945507, -0.200457, -0.256580,
		-0.024271, 0.829218, -0.558398,
		24.818935, 34.361115, 32.509018>
	pigment { color rgbt <0,1,1,0> }
	no_shadow
}
cylinder {
	<24.398966, 33.905956, 32.176468>,  <24.835926, 33.780663, 32.899895>, 0.130000
	pigment { color rgbt <1,0,0,0> }
	no_shadow
}

// nucleotide -1

// particle -1
sphere {
	<24.398966, 33.905956, 32.176468> 0.250000
	pigment { color rgbt <1,0,0,0> }
	no_shadow
}
cylinder {
	<24.763197, 34.071217, 32.171551>,  <24.981735, 34.170372, 32.168598>, 0.100000
	pigment { color rgbt <1,0,0,0> }
	no_shadow
}
cylinder {
	<24.763197, 34.071217, 32.171551>,  <24.398966, 33.905956, 32.176468>, 0.100000
	pigment { color rgbt <1,0,0,0> }
	no_shadow
}

// particle -1
sphere {
	<24.763197, 34.071217, 32.171551> 0.100000
	pigment { color rgbt <1,0,0,0> }
	no_shadow
}
sphere {
	0, 1
	scale<0.080000,0.200000,0.300000>
	matrix <0.208190, -0.484138, -0.849863,
		-0.357077, 0.771308, -0.526860,
		0.910579, 0.413153, -0.012296,
		25.036371, 34.195164, 32.167862>
	pigment { color rgbt <0,1,1,0> }
	no_shadow
}
cylinder {
	<24.592451, 34.063293, 31.552111>,  <24.398966, 33.905956, 32.176468>, 0.130000
	pigment { color rgbt <1,0,0,0> }
	no_shadow
}

// nucleotide -1

// particle -1
sphere {
	<24.592451, 34.063293, 31.552111> 0.250000
	pigment { color rgbt <1,0,0,0> }
	no_shadow
}
cylinder {
	<24.944096, 34.022354, 31.738310>,  <25.155083, 33.997791, 31.850029>, 0.100000
	pigment { color rgbt <1,0,0,0> }
	no_shadow
}
cylinder {
	<24.944096, 34.022354, 31.738310>,  <24.592451, 34.063293, 31.552111>, 0.100000
	pigment { color rgbt <1,0,0,0> }
	no_shadow
}

// particle -1
sphere {
	<24.944096, 34.022354, 31.738310> 0.100000
	pigment { color rgbt <1,0,0,0> }
	no_shadow
}
sphere {
	0, 1
	scale<0.080000,0.200000,0.300000>
	matrix <0.315314, -0.607495, -0.729059,
		0.357408, 0.787702, -0.501782,
		0.879111, -0.102352, 0.465497,
		25.207829, 33.991650, 31.877958>
	pigment { color rgbt <0,1,1,0> }
	no_shadow
}
cylinder {
	<25.090403, 34.011730, 31.071518>,  <24.592451, 34.063293, 31.552111>, 0.130000
	pigment { color rgbt <1,0,0,0> }
	no_shadow
}

// nucleotide -1

// particle -1
sphere {
	<25.090403, 34.011730, 31.071518> 0.250000
	pigment { color rgbt <1,0,0,0> }
	no_shadow
}
cylinder {
	<25.272722, 33.857117, 31.392227>,  <25.382114, 33.764347, 31.584652>, 0.100000
	pigment { color rgbt <1,0,0,0> }
	no_shadow
}
cylinder {
	<25.272722, 33.857117, 31.392227>,  <25.090403, 34.011730, 31.071518>, 0.100000
	pigment { color rgbt <1,0,0,0> }
	no_shadow
}

// particle -1
sphere {
	<25.272722, 33.857117, 31.392227> 0.100000
	pigment { color rgbt <1,0,0,0> }
	no_shadow
}
sphere {
	0, 1
	scale<0.080000,0.200000,0.300000>
	matrix <0.401596, -0.714576, -0.572802,
		0.794335, 0.583070, -0.170472,
		0.455799, -0.386535, 0.801772,
		25.409462, 33.741158, 31.632759>
	pigment { color rgbt <0,1,1,0> }
	no_shadow
}
cylinder {
	<25.832613, 33.875244, 30.736713>,  <25.090403, 34.011730, 31.071518>, 0.130000
	pigment { color rgbt <1,0,0,0> }
	no_shadow
}

// nucleotide -1

// particle -1
sphere {
	<25.832613, 33.875244, 30.736713> 0.250000
	pigment { color rgbt <1,0,0,0> }
	no_shadow
}
cylinder {
	<25.807365, 33.683910, 31.087076>,  <25.792217, 33.569111, 31.297295>, 0.100000
	pigment { color rgbt <1,0,0,0> }
	no_shadow
}
cylinder {
	<25.807365, 33.683910, 31.087076>,  <25.832613, 33.875244, 30.736713>, 0.100000
	pigment { color rgbt <1,0,0,0> }
	no_shadow
}

// particle -1
sphere {
	<25.807365, 33.683910, 31.087076> 0.100000
	pigment { color rgbt <1,0,0,0> }
	no_shadow
}
sphere {
	0, 1
	scale<0.080000,0.200000,0.300000>
	matrix <0.576892, -0.733661, -0.359079,
		0.814378, 0.482641, 0.322251,
		-0.063117, -0.478331, 0.875909,
		25.788431, 33.540413, 31.349850>
	pigment { color rgbt <0,1,1,0> }
	no_shadow
}
cylinder {
	<26.561052, 33.726395, 30.928917>,  <25.832613, 33.875244, 30.736713>, 0.130000
	pigment { color rgbt <1,0,0,0> }
	no_shadow
}

// nucleotide -1

// particle -1
sphere {
	<26.561052, 33.726395, 30.928917> 0.250000
	pigment { color rgbt <1,0,0,0> }
	no_shadow
}
cylinder {
	<26.310713, 33.474152, 31.112505>,  <26.160509, 33.322807, 31.222658>, 0.100000
	pigment { color rgbt <1,0,0,0> }
	no_shadow
}
cylinder {
	<26.310713, 33.474152, 31.112505>,  <26.561052, 33.726395, 30.928917>, 0.100000
	pigment { color rgbt <1,0,0,0> }
	no_shadow
}

// particle -1
sphere {
	<26.310713, 33.474152, 31.112505> 0.100000
	pigment { color rgbt <1,0,0,0> }
	no_shadow
}
sphere {
	0, 1
	scale<0.080000,0.200000,0.300000>
	matrix <0.451108, -0.772716, -0.446555,
		0.636252, -0.072431, 0.768073,
		-0.625847, -0.630606, 0.458968,
		26.122959, 33.284969, 31.250195>
	pigment { color rgbt <0,1,1,0> }
	no_shadow
}
cylinder {
	<26.836302, 33.102421, 31.289288>,  <26.561052, 33.726395, 30.928917>, 0.130000
	pigment { color rgbt <1,0,0,0> }
	no_shadow
}

// nucleotide -1

// particle -1
sphere {
	<26.836302, 33.102421, 31.289288> 0.250000
	pigment { color rgbt <1,0,0,0> }
	no_shadow
}
cylinder {
	<26.467501, 32.997803, 31.175091>,  <26.246220, 32.935032, 31.106573>, 0.100000
	pigment { color rgbt <1,0,0,0> }
	no_shadow
}
cylinder {
	<26.467501, 32.997803, 31.175091>,  <26.836302, 33.102421, 31.289288>, 0.100000
	pigment { color rgbt <1,0,0,0> }
	no_shadow
}

// particle -1
sphere {
	<26.467501, 32.997803, 31.175091> 0.100000
	pigment { color rgbt <1,0,0,0> }
	no_shadow
}
sphere {
	0, 1
	scale<0.080000,0.200000,0.300000>
	matrix <0.385684, -0.555593, -0.736589,
		0.034032, -0.789248, 0.613131,
		-0.922003, -0.261543, -0.285492,
		26.190899, 32.919338, 31.089443>
	pigment { color rgbt <0,1,1,0> }
	no_shadow
}
cylinder {
	<26.817793, 32.360077, 31.336441>,  <26.836302, 33.102421, 31.289288>, 0.130000
	pigment { color rgbt <1,0,0,0> }
	no_shadow
}

// nucleotide -1

// particle -1
sphere {
	<26.817793, 32.360077, 31.336441> 0.250000
	pigment { color rgbt <1,0,0,0> }
	no_shadow
}
cylinder {
	<26.587030, 32.540215, 31.063864>,  <26.448572, 32.648296, 30.900318>, 0.100000
	pigment { color rgbt <1,0,0,0> }
	no_shadow
}
cylinder {
	<26.587030, 32.540215, 31.063864>,  <26.817793, 32.360077, 31.336441>, 0.100000
	pigment { color rgbt <1,0,0,0> }
	no_shadow
}

// particle -1
sphere {
	<26.587030, 32.540215, 31.063864> 0.100000
	pigment { color rgbt <1,0,0,0> }
	no_shadow
}
sphere {
	0, 1
	scale<0.080000,0.200000,0.300000>
	matrix <0.565309, -0.382046, -0.731072,
		-0.589580, -0.806987, -0.034181,
		-0.576907, 0.450348, -0.681443,
		26.413958, 32.675320, 30.859430>
	pigment { color rgbt <0,1,1,0> }
	no_shadow
}
cylinder {
	<26.453037, 31.948296, 30.853878>,  <26.817793, 32.360077, 31.336441>, 0.130000
	pigment { color rgbt <1,0,0,0> }
	no_shadow
}

// nucleotide -1

// particle -1
sphere {
	<26.453037, 31.948296, 30.853878> 0.250000
	pigment { color rgbt <1,0,0,0> }
	no_shadow
}
cylinder {
	<26.558384, 32.292278, 30.679010>,  <26.621592, 32.498669, 30.574091>, 0.100000
	pigment { color rgbt <1,0,0,0> }
	no_shadow
}
cylinder {
	<26.558384, 32.292278, 30.679010>,  <26.453037, 31.948296, 30.853878>, 0.100000
	pigment { color rgbt <1,0,0,0> }
	no_shadow
}

// particle -1
sphere {
	<26.558384, 32.292278, 30.679010> 0.100000
	pigment { color rgbt <1,0,0,0> }
	no_shadow
}
sphere {
	0, 1
	scale<0.080000,0.200000,0.300000>
	matrix <0.676472, -0.487708, -0.551839,
		-0.687766, -0.150395, -0.710182,
		0.263368, 0.859955, -0.437167,
		26.637394, 32.550266, 30.547861>
	pigment { color rgbt <0,1,1,0> }
	no_shadow
}
cylinder {
	<25.941746, 32.418621, 30.609449>,  <26.453037, 31.948296, 30.853878>, 0.130000
	pigment { color rgbt <1,0,0,0> }
	no_shadow
}

// nucleotide -1

// particle -1
sphere {
	<25.941746, 32.418621, 30.609449> 0.250000
	pigment { color rgbt <1,0,0,0> }
	no_shadow
}
cylinder {
	<26.094875, 32.329098, 30.967970>,  <26.186754, 32.275383, 31.183083>, 0.100000
	pigment { color rgbt <1,0,0,0> }
	no_shadow
}
cylinder {
	<26.094875, 32.329098, 30.967970>,  <25.941746, 32.418621, 30.609449>, 0.100000
	pigment { color rgbt <1,0,0,0> }
	no_shadow
}

// particle -1
sphere {
	<26.094875, 32.329098, 30.967970> 0.100000
	pigment { color rgbt <1,0,0,0> }
	no_shadow
}
sphere {
	0, 1
	scale<0.080000,0.200000,0.300000>
	matrix <-0.480057, 0.780739, 0.399989,
		-0.789297, -0.583402, 0.191447,
		0.382825, -0.223805, 0.896302,
		26.209723, 32.261955, 31.236860>
	pigment { color rgbt <0,1,1,0> }
	no_shadow
}
cylinder {
	<25.342445, 32.284767, 31.130951>,  <25.941746, 32.418621, 30.609449>, 0.130000
	pigment { color rgbt <1,0,0,0> }
	no_shadow
}

// nucleotide -1

// particle -1
sphere {
	<25.342445, 32.284767, 31.130951> 0.250000
	pigment { color rgbt <1,0,0,0> }
	no_shadow
}
cylinder {
	<25.673374, 32.459808, 31.271830>,  <25.871931, 32.564835, 31.356358>, 0.100000
	pigment { color rgbt <1,0,0,0> }
	no_shadow
}
cylinder {
	<25.673374, 32.459808, 31.271830>,  <25.342445, 32.284767, 31.130951>, 0.100000
	pigment { color rgbt <1,0,0,0> }
	no_shadow
}

// particle -1
sphere {
	<25.673374, 32.459808, 31.271830> 0.100000
	pigment { color rgbt <1,0,0,0> }
	no_shadow
}
sphere {
	0, 1
	scale<0.080000,0.200000,0.300000>
	matrix <-0.548657, 0.763990, 0.339550,
		-0.120486, -0.474152, 0.872160,
		0.827320, 0.437605, 0.352197,
		25.921570, 32.591091, 31.377489>
	pigment { color rgbt <0,1,1,0> }
	no_shadow
}
cylinder {
	<25.288454, 32.502647, 31.820625>,  <25.342445, 32.284767, 31.130951>, 0.130000
	pigment { color rgbt <1,0,0,0> }
	no_shadow
}

// nucleotide -1

// particle -1
sphere {
	<25.288454, 32.502647, 31.820625> 0.250000
	pigment { color rgbt <1,0,0,0> }
	no_shadow
}
cylinder {
	<25.565983, 32.753616, 31.679228>,  <25.732500, 32.904198, 31.594389>, 0.100000
	pigment { color rgbt <1,0,0,0> }
	no_shadow
}
cylinder {
	<25.565983, 32.753616, 31.679228>,  <25.288454, 32.502647, 31.820625>, 0.100000
	pigment { color rgbt <1,0,0,0> }
	no_shadow
}

// particle -1
sphere {
	<25.565983, 32.753616, 31.679228> 0.100000
	pigment { color rgbt <1,0,0,0> }
	no_shadow
}
sphere {
	0, 1
	scale<0.080000,0.200000,0.300000>
	matrix <-0.426365, 0.753472, 0.500493,
		0.580367, -0.196535, 0.790284,
		0.693821, 0.627418, -0.353495,
		25.774130, 32.941841, 31.573179>
	pigment { color rgbt <0,1,1,0> }
	no_shadow
}
cylinder {
	<25.575855, 32.788109, 32.421780>,  <25.288454, 32.502647, 31.820625>, 0.130000
	pigment { color rgbt <1,0,0,0> }
	no_shadow
}

// nucleotide -1

// particle -1
sphere {
	<25.575855, 32.788109, 32.421780> 0.250000
	pigment { color rgbt <1,0,0,0> }
	no_shadow
}
cylinder {
	<25.667114, 33.035751, 32.121208>,  <25.721869, 33.184338, 31.940865>, 0.100000
	pigment { color rgbt <1,0,0,0> }
	no_shadow
}
cylinder {
	<25.667114, 33.035751, 32.121208>,  <25.575855, 32.788109, 32.421780>, 0.100000
	pigment { color rgbt <1,0,0,0> }
	no_shadow
}

// particle -1
sphere {
	<25.667114, 33.035751, 32.121208> 0.100000
	pigment { color rgbt <1,0,0,0> }
	no_shadow
}
sphere {
	0, 1
	scale<0.080000,0.200000,0.300000>
	matrix <-0.447383, 0.752145, 0.483865,
		0.864753, 0.225787, 0.448578,
		0.228146, 0.619110, -0.751433,
		25.735558, 33.221485, 31.895779>
	pigment { color rgbt <0,1,1,0> }
	no_shadow
}
cylinder {
	<26.105764, 33.285454, 32.646046>,  <25.575855, 32.788109, 32.421780>, 0.130000
	pigment { color rgbt <1,0,0,0> }
	no_shadow
}

// nucleotide -1

// particle -1
sphere {
	<26.105764, 33.285454, 32.646046> 0.250000
	pigment { color rgbt <1,0,0,0> }
	no_shadow
}
cylinder {
	<25.888826, 33.416256, 32.336483>,  <25.758663, 33.494740, 32.150745>, 0.100000
	pigment { color rgbt <1,0,0,0> }
	no_shadow
}
cylinder {
	<25.888826, 33.416256, 32.336483>,  <26.105764, 33.285454, 32.646046>, 0.100000
	pigment { color rgbt <1,0,0,0> }
	no_shadow
}

// particle -1
sphere {
	<25.888826, 33.416256, 32.336483> 0.100000
	pigment { color rgbt <1,0,0,0> }
	no_shadow
}
sphere {
	0, 1
	scale<0.080000,0.200000,0.300000>
	matrix <-0.217179, 0.835266, 0.505137,
		0.811599, 0.442035, -0.381984,
		-0.542347, 0.327010, -0.773902,
		25.726122, 33.514359, 32.104313>
	pigment { color rgbt <0,1,1,0> }
	no_shadow
}
cylinder {
	<26.259123, 34.003910, 32.666584>,  <26.105764, 33.285454, 32.646046>, 0.130000
	pigment { color rgbt <1,0,0,0> }
	no_shadow
}

// nucleotide -1

// particle -1
sphere {
	<26.259123, 34.003910, 32.666584> 0.250000
	pigment { color rgbt <1,0,0,0> }
	no_shadow
}
cylinder {
	<25.949493, 33.975281, 32.414970>,  <25.763716, 33.958103, 32.264000>, 0.100000
	pigment { color rgbt <1,0,0,0> }
	no_shadow
}
cylinder {
	<25.949493, 33.975281, 32.414970>,  <26.259123, 34.003910, 32.666584>, 0.100000
	pigment { color rgbt <1,0,0,0> }
	no_shadow
}

// particle -1
sphere {
	<25.949493, 33.975281, 32.414970> 0.100000
	pigment { color rgbt <1,0,0,0> }
	no_shadow
}
sphere {
	0, 1
	scale<0.080000,0.200000,0.300000>
	matrix <-0.485002, 0.705666, 0.516535,
		0.406920, 0.704920, -0.580951,
		-0.774073, -0.071574, -0.629037,
		25.717272, 33.953808, 32.226261>
	pigment { color rgbt <0,1,1,0> }
	no_shadow
}
cylinder {
	<26.102579, 34.652805, 32.163235>,  <26.259123, 34.003910, 32.666584>, 0.130000
	pigment { color rgbt <1,0,0,0> }
	no_shadow
}

// nucleotide -1

// particle -1
sphere {
	<26.102579, 34.652805, 32.163235> 0.250000
	pigment { color rgbt <1,0,0,0> }
	no_shadow
}
cylinder {
	<25.813816, 34.431705, 32.329762>,  <25.640558, 34.299046, 32.429676>, 0.100000
	pigment { color rgbt <1,0,0,0> }
	no_shadow
}
cylinder {
	<25.813816, 34.431705, 32.329762>,  <26.102579, 34.652805, 32.163235>, 0.100000
	pigment { color rgbt <1,0,0,0> }
	no_shadow
}

// particle -1
sphere {
	<25.813816, 34.431705, 32.329762> 0.100000
	pigment { color rgbt <1,0,0,0> }
	no_shadow
}
sphere {
	0, 1
	scale<0.080000,0.200000,0.300000>
	matrix <-0.312404, 0.797155, 0.516669,
		-0.617456, 0.242929, -0.748154,
		-0.721908, -0.552747, 0.416316,
		25.597244, 34.265881, 32.454655>
	pigment { color rgbt <0,1,1,0> }
	no_shadow
}
cylinder {
	<26.287258, 35.347279, 31.880428>,  <26.102579, 34.652805, 32.163235>, 0.130000
	pigment { color rgbt <1,0,0,0> }
	no_shadow
}

// nucleotide -1

// particle -1
sphere {
	<26.287258, 35.347279, 31.880428> 0.250000
	pigment { color rgbt <1,0,0,0> }
	no_shadow
}
cylinder {
	<26.494194, 35.474323, 32.198292>,  <26.618355, 35.550549, 32.389011>, 0.100000
	pigment { color rgbt <1,0,0,0> }
	no_shadow
}
cylinder {
	<26.494194, 35.474323, 32.198292>,  <26.287258, 35.347279, 31.880428>, 0.100000
	pigment { color rgbt <1,0,0,0> }
	no_shadow
}

// particle -1
sphere {
	<26.494194, 35.474323, 32.198292> 0.100000
	pigment { color rgbt <1,0,0,0> }
	no_shadow
}
sphere {
	0, 1
	scale<0.080000,0.200000,0.300000>
	matrix <0.530962, -0.847367, -0.006990,
		0.671149, 0.425551, -0.607014,
		0.517338, 0.317610, 0.794660,
		26.649395, 35.569607, 32.436691>
	pigment { color rgbt <0,1,1,0> }
	no_shadow
}
cylinder {
	<27.140120, 35.520565, 31.873953>,  <26.287258, 35.347279, 31.880428>, 0.130000
	pigment { color rgbt <1,0,0,0> }
	no_shadow
}

// nucleotide -1

// particle -1
sphere {
	<27.140120, 35.520565, 31.873953> 0.250000
	pigment { color rgbt <1,0,0,0> }
	no_shadow
}
cylinder {
	<26.978161, 35.355286, 32.200222>,  <26.880985, 35.256119, 32.395985>, 0.100000
	pigment { color rgbt <1,0,0,0> }
	no_shadow
}
cylinder {
	<26.978161, 35.355286, 32.200222>,  <27.140120, 35.520565, 31.873953>, 0.100000
	pigment { color rgbt <1,0,0,0> }
	no_shadow
}

// particle -1
sphere {
	<26.978161, 35.355286, 32.200222> 0.100000
	pigment { color rgbt <1,0,0,0> }
	no_shadow
}
sphere {
	0, 1
	scale<0.080000,0.200000,0.300000>
	matrix <0.432999, -0.872350, -0.226975,
		0.805338, 0.261283, 0.532129,
		-0.404898, -0.413203, 0.815672,
		26.856691, 35.231323, 32.444923>
	pigment { color rgbt <0,1,1,0> }
	no_shadow
}
cylinder {
	<27.686426, 35.022041, 31.999681>,  <27.140120, 35.520565, 31.873953>, 0.130000
	pigment { color rgbt <1,0,0,0> }
	no_shadow
}

// nucleotide -1

// particle -1
sphere {
	<27.686426, 35.022041, 31.999681> 0.250000
	pigment { color rgbt <1,0,0,0> }
	no_shadow
}
cylinder {
	<27.328314, 34.925243, 32.149300>,  <27.113447, 34.867165, 32.239071>, 0.100000
	pigment { color rgbt <1,0,0,0> }
	no_shadow
}
cylinder {
	<27.328314, 34.925243, 32.149300>,  <27.686426, 35.022041, 31.999681>, 0.100000
	pigment { color rgbt <1,0,0,0> }
	no_shadow
}

// particle -1
sphere {
	<27.328314, 34.925243, 32.149300> 0.100000
	pigment { color rgbt <1,0,0,0> }
	no_shadow
}
sphere {
	0, 1
	scale<0.080000,0.200000,0.300000>
	matrix <0.246246, -0.968493, -0.037192,
		0.371262, 0.058811, 0.926664,
		-0.895281, -0.241995, 0.374046,
		27.059731, 34.852646, 32.261513>
	pigment { color rgbt <0,1,1,0> }
	no_shadow
}
cylinder {
	<28.000113, 34.873955, 32.586498>,  <27.686426, 35.022041, 31.999681>, 0.130000
	pigment { color rgbt <1,0,0,0> }
	no_shadow
}

// nucleotide -1

// particle -1
sphere {
	<28.000113, 34.873955, 32.586498> 0.250000
	pigment { color rgbt <1,0,0,0> }
	no_shadow
}
cylinder {
	<28.370119, 34.727322, 32.546577>,  <28.592123, 34.639343, 32.522625>, 0.100000
	pigment { color rgbt <1,0,0,0> }
	no_shadow
}
cylinder {
	<28.370119, 34.727322, 32.546577>,  <28.000113, 34.873955, 32.586498>, 0.100000
	pigment { color rgbt <1,0,0,0> }
	no_shadow
}

// particle -1
sphere {
	<28.370119, 34.727322, 32.546577> 0.100000
	pigment { color rgbt <1,0,0,0> }
	no_shadow
}
sphere {
	0, 1
	scale<0.080000,0.200000,0.300000>
	matrix <-0.326861, -0.901780, 0.282762,
		-0.193659, -0.228937, -0.953983,
		0.925018, -0.366580, -0.099807,
		28.647625, 34.617348, 32.516636>
	pigment { color rgbt <0,1,1,0> }
	no_shadow
}
cylinder {
	<28.005997, 34.363670, 32.148113>,  <28.000113, 34.873955, 32.586498>, 0.130000
	pigment { color rgbt <1,0,0,0> }
	no_shadow
}

// nucleotide -1

// particle -1
sphere {
	<28.005997, 34.363670, 32.148113> 0.250000
	pigment { color rgbt <1,0,0,0> }
	no_shadow
}
cylinder {
	<28.324127, 34.295593, 32.380833>,  <28.515005, 34.254749, 32.520466>, 0.100000
	pigment { color rgbt <1,0,0,0> }
	no_shadow
}
cylinder {
	<28.324127, 34.295593, 32.380833>,  <28.005997, 34.363670, 32.148113>, 0.100000
	pigment { color rgbt <1,0,0,0> }
	no_shadow
}

// particle -1
sphere {
	<28.324127, 34.295593, 32.380833> 0.100000
	pigment { color rgbt <1,0,0,0> }
	no_shadow
}
sphere {
	0, 1
	scale<0.080000,0.200000,0.300000>
	matrix <-0.274892, -0.956677, 0.095934,
		0.540266, -0.236231, -0.807655,
		0.795328, -0.170188, 0.581798,
		28.562725, 34.244537, 32.555374>
	pigment { color rgbt <0,1,1,0> }
	no_shadow
}
cylinder {
	<28.354645, 33.731857, 31.864594>,  <28.005997, 34.363670, 32.148113>, 0.130000
	pigment { color rgbt <1,0,0,0> }
	no_shadow
}

// nucleotide -1

// particle -1
sphere {
	<28.354645, 33.731857, 31.864594> 0.250000
	pigment { color rgbt <1,0,0,0> }
	no_shadow
}
cylinder {
	<28.431242, 33.806931, 32.249947>,  <28.477201, 33.851974, 32.481159>, 0.100000
	pigment { color rgbt <1,0,0,0> }
	no_shadow
}
cylinder {
	<28.431242, 33.806931, 32.249947>,  <28.354645, 33.731857, 31.864594>, 0.100000
	pigment { color rgbt <1,0,0,0> }
	no_shadow
}

// particle -1
sphere {
	<28.431242, 33.806931, 32.249947> 0.100000
	pigment { color rgbt <1,0,0,0> }
	no_shadow
}
sphere {
	0, 1
	scale<0.080000,0.200000,0.300000>
	matrix <-0.440165, -0.860885, 0.255209,
		0.877260, -0.472918, -0.082243,
		0.191495, 0.187684, 0.963382,
		28.488691, 33.863235, 32.538960>
	pigment { color rgbt <0,1,1,0> }
	no_shadow
}
cylinder {
	<28.393101, 33.130501, 32.127914>,  <28.354645, 33.731857, 31.864594>, 0.130000
	pigment { color rgbt <1,0,0,0> }
	no_shadow
}

// nucleotide -1

// particle -1
sphere {
	<28.393101, 33.130501, 32.127914> 0.250000
	pigment { color rgbt <1,0,0,0> }
	no_shadow
}
cylinder {
	<28.363342, 33.342621, 32.465729>,  <28.345488, 33.469894, 32.668419>, 0.100000
	pigment { color rgbt <1,0,0,0> }
	no_shadow
}
cylinder {
	<28.363342, 33.342621, 32.465729>,  <28.393101, 33.130501, 32.127914>, 0.100000
	pigment { color rgbt <1,0,0,0> }
	no_shadow
}

// particle -1
sphere {
	<28.363342, 33.342621, 32.465729> 0.100000
	pigment { color rgbt <1,0,0,0> }
	no_shadow
}
sphere {
	0, 1
	scale<0.080000,0.200000,0.300000>
	matrix <-0.331830, -0.811791, 0.480505,
		0.940401, -0.244497, 0.236362,
		-0.074395, 0.530299, 0.844540,
		28.341024, 33.501709, 32.719090>
	pigment { color rgbt <0,1,1,0> }
	no_shadow
}
cylinder {
	<28.672405, 32.767315, 32.718529>,  <28.393101, 33.130501, 32.127914>, 0.130000
	pigment { color rgbt <1,0,0,0> }
	no_shadow
}

// nucleotide -1

// particle -1
sphere {
	<28.672405, 32.767315, 32.718529> 0.250000
	pigment { color rgbt <1,0,0,0> }
	no_shadow
}
cylinder {
	<28.385847, 33.017742, 32.841702>,  <28.213913, 33.167999, 32.915604>, 0.100000
	pigment { color rgbt <1,0,0,0> }
	no_shadow
}
cylinder {
	<28.385847, 33.017742, 32.841702>,  <28.672405, 32.767315, 32.718529>, 0.100000
	pigment { color rgbt <1,0,0,0> }
	no_shadow
}

// particle -1
sphere {
	<28.385847, 33.017742, 32.841702> 0.100000
	pigment { color rgbt <1,0,0,0> }
	no_shadow
}
sphere {
	0, 1
	scale<0.080000,0.200000,0.300000>
	matrix <-0.533335, -0.775951, 0.336828,
		0.449816, 0.077071, 0.889790,
		-0.716393, 0.626067, 0.307931,
		28.170929, 33.205563, 32.934082>
	pigment { color rgbt <0,1,1,0> }
	no_shadow
}
cylinder {
	<28.600559, 32.608429, 33.424480>,  <28.672405, 32.767315, 32.718529>, 0.130000
	pigment { color rgbt <1,0,0,0> }
	no_shadow
}

// nucleotide -1

// particle -1
sphere {
	<28.600559, 32.608429, 33.424480> 0.250000
	pigment { color rgbt <1,0,0,0> }
	no_shadow
}
cylinder {
	<28.265825, 32.792114, 33.305264>,  <28.064985, 32.902325, 33.233734>, 0.100000
	pigment { color rgbt <1,0,0,0> }
	no_shadow
}
cylinder {
	<28.265825, 32.792114, 33.305264>,  <28.600559, 32.608429, 33.424480>, 0.100000
	pigment { color rgbt <1,0,0,0> }
	no_shadow
}

// particle -1
sphere {
	<28.265825, 32.792114, 33.305264> 0.100000
	pigment { color rgbt <1,0,0,0> }
	no_shadow
}
sphere {
	0, 1
	scale<0.080000,0.200000,0.300000>
	matrix <-0.539859, -0.782596, 0.309994,
		-0.090892, 0.420314, 0.902815,
		-0.836834, 0.459216, -0.298042,
		28.014774, 32.929878, 33.215851>
	pigment { color rgbt <0,1,1,0> }
	no_shadow
}
cylinder {
	<28.127689, 32.487206, 33.949753>,  <28.600559, 32.608429, 33.424480>, 0.130000
	pigment { color rgbt <1,0,0,0> }
	no_shadow
}

// nucleotide -1

// particle -1
sphere {
	<28.127689, 32.487206, 33.949753> 0.250000
	pigment { color rgbt <1,0,0,0> }
	no_shadow
}
cylinder {
	<27.913269, 32.572872, 33.623127>,  <27.784616, 32.624271, 33.427151>, 0.100000
	pigment { color rgbt <1,0,0,0> }
	no_shadow
}
cylinder {
	<27.913269, 32.572872, 33.623127>,  <28.127689, 32.487206, 33.949753>, 0.100000
	pigment { color rgbt <1,0,0,0> }
	no_shadow
}

// particle -1
sphere {
	<27.913269, 32.572872, 33.623127> 0.100000
	pigment { color rgbt <1,0,0,0> }
	no_shadow
}
sphere {
	0, 1
	scale<0.080000,0.200000,0.300000>
	matrix <-0.673975, -0.691038, 0.261197,
		-0.508338, 0.690361, 0.514777,
		-0.536050, 0.214170, -0.816567,
		27.752455, 32.637123, 33.378159>
	pigment { color rgbt <0,1,1,0> }
	no_shadow
}
cylinder {
	<27.492374, 32.703918, 34.235653>,  <28.127689, 32.487206, 33.949753>, 0.130000
	pigment { color rgbt <1,0,0,0> }
	no_shadow
}

// nucleotide -1

// particle -1
sphere {
	<27.492374, 32.703918, 34.235653> 0.250000
	pigment { color rgbt <1,0,0,0> }
	no_shadow
}
cylinder {
	<27.461460, 32.549786, 33.867840>,  <27.442911, 32.457306, 33.647152>, 0.100000
	pigment { color rgbt <1,0,0,0> }
	no_shadow
}
cylinder {
	<27.461460, 32.549786, 33.867840>,  <27.492374, 32.703918, 34.235653>, 0.100000
	pigment { color rgbt <1,0,0,0> }
	no_shadow
}

// particle -1
sphere {
	<27.461460, 32.549786, 33.867840> 0.100000
	pigment { color rgbt <1,0,0,0> }
	no_shadow
}
sphere {
	0, 1
	scale<0.080000,0.200000,0.300000>
	matrix <-0.644926, -0.684028, 0.340845,
		-0.760327, 0.619377, -0.195642,
		-0.077287, -0.385329, -0.919537,
		27.438274, 32.434185, 33.591980>
	pigment { color rgbt <0,1,1,0> }
	no_shadow
}
cylinder {
	<26.821224, 32.675282, 34.038403>,  <27.492374, 32.703918, 34.235653>, 0.130000
	pigment { color rgbt <1,0,0,0> }
	no_shadow
}

// nucleotide -1

// particle -1
sphere {
	<26.821224, 32.675282, 34.038403> 0.250000
	pigment { color rgbt <1,0,0,0> }
	no_shadow
}
cylinder {
	<27.010239, 32.389957, 33.831367>,  <27.123648, 32.218761, 33.707146>, 0.100000
	pigment { color rgbt <1,0,0,0> }
	no_shadow
}
cylinder {
	<27.010239, 32.389957, 33.831367>,  <26.821224, 32.675282, 34.038403>, 0.100000
	pigment { color rgbt <1,0,0,0> }
	no_shadow
}

// particle -1
sphere {
	<27.010239, 32.389957, 33.831367> 0.100000
	pigment { color rgbt <1,0,0,0> }
	no_shadow
}
sphere {
	0, 1
	scale<0.080000,0.200000,0.300000>
	matrix <-0.704030, -0.658805, 0.265175,
		-0.530141, 0.239091, -0.813502,
		0.472538, -0.713310, -0.517587,
		27.152000, 32.175964, 33.676090>
	pigment { color rgbt <0,1,1,0> }
	no_shadow
}
cylinder {
	<26.242462, 32.364410, 33.733315>,  <26.821224, 32.675282, 34.038403>, 0.130000
	pigment { color rgbt <1,0,0,0> }
	no_shadow
}

// nucleotide -1

// particle -1
sphere {
	<26.242462, 32.364410, 33.733315> 0.250000
	pigment { color rgbt <1,0,0,0> }
	no_shadow
}
cylinder {
	<26.551764, 32.110779, 33.731667>,  <26.737345, 31.958599, 33.730679>, 0.100000
	pigment { color rgbt <1,0,0,0> }
	no_shadow
}
cylinder {
	<26.551764, 32.110779, 33.731667>,  <26.242462, 32.364410, 33.733315>, 0.100000
	pigment { color rgbt <1,0,0,0> }
	no_shadow
}

// particle -1
sphere {
	<26.551764, 32.110779, 33.731667> 0.100000
	pigment { color rgbt <1,0,0,0> }
	no_shadow
}
sphere {
	0, 1
	scale<0.080000,0.200000,0.300000>
	matrix <-0.567296, -0.694682, 0.442258,
		-0.283292, -0.339640, -0.896878,
		0.773254, -0.634084, -0.004122,
		26.783739, 31.920553, 33.730431>
	pigment { color rgbt <0,1,1,0> }
	no_shadow
}
cylinder {
	<25.982113, 31.639921, 33.753571>,  <26.242462, 32.364410, 33.733315>, 0.130000
	pigment { color rgbt <1,0,0,0> }
	no_shadow
}

// nucleotide -1

// particle -1
sphere {
	<25.982113, 31.639921, 33.753571> 0.250000
	pigment { color rgbt <1,0,0,0> }
	no_shadow
}
cylinder {
	<26.355951, 31.626776, 33.895248>,  <26.580254, 31.618889, 33.980255>, 0.100000
	pigment { color rgbt <1,0,0,0> }
	no_shadow
}
cylinder {
	<26.355951, 31.626776, 33.895248>,  <25.982113, 31.639921, 33.753571>, 0.100000
	pigment { color rgbt <1,0,0,0> }
	no_shadow
}

// particle -1
sphere {
	<26.355951, 31.626776, 33.895248> 0.100000
	pigment { color rgbt <1,0,0,0> }
	no_shadow
}
sphere {
	0, 1
	scale<0.080000,0.200000,0.300000>
	matrix <-0.251070, -0.766298, 0.591397,
		0.251982, -0.641644, -0.724429,
		0.934596, -0.032861, 0.354191,
		26.636330, 31.616917, 34.001507>
	pigment { color rgbt <0,1,1,0> }
	no_shadow
}
cylinder {
	<25.543056, 31.245726, 34.219818>,  <25.982113, 31.639921, 33.753571>, 0.130000
	pigment { color rgbt <1,0,0,0> }
	no_shadow
}

// nucleotide -1

// particle -1
sphere {
	<25.543056, 31.245726, 34.219818> 0.250000
	pigment { color rgbt <1,0,0,0> }
	no_shadow
}
cylinder {
	<25.738312, 30.903770, 34.149517>,  <25.855465, 30.698597, 34.107334>, 0.100000
	pigment { color rgbt <1,0,0,0> }
	no_shadow
}
cylinder {
	<25.738312, 30.903770, 34.149517>,  <25.543056, 31.245726, 34.219818>, 0.100000
	pigment { color rgbt <1,0,0,0> }
	no_shadow
}

// particle -1
sphere {
	<25.738312, 30.903770, 34.149517> 0.100000
	pigment { color rgbt <1,0,0,0> }
	no_shadow
}
sphere {
	0, 1
	scale<0.080000,0.200000,0.300000>
	matrix <0.846858, 0.512648, -0.141505,
		0.211071, -0.079767, 0.974211,
		0.488139, -0.854886, -0.175757,
		25.884754, 30.647305, 34.096790>
	pigment { color rgbt <0,1,1,0> }
	no_shadow
}
cylinder {
	<26.219959, 31.208061, 34.675373>,  <25.543056, 31.245726, 34.219818>, 0.130000
	pigment { color rgbt <1,0,0,0> }
	no_shadow
}

// nucleotide -1

// particle -1
sphere {
	<26.219959, 31.208061, 34.675373> 0.250000
	pigment { color rgbt <1,0,0,0> }
	no_shadow
}
cylinder {
	<26.273876, 30.990143, 34.344307>,  <26.306227, 30.859392, 34.145668>, 0.100000
	pigment { color rgbt <1,0,0,0> }
	no_shadow
}
cylinder {
	<26.273876, 30.990143, 34.344307>,  <26.219959, 31.208061, 34.675373>, 0.100000
	pigment { color rgbt <1,0,0,0> }
	no_shadow
}

// particle -1
sphere {
	<26.273876, 30.990143, 34.344307> 0.100000
	pigment { color rgbt <1,0,0,0> }
	no_shadow
}
sphere {
	0, 1
	scale<0.080000,0.200000,0.300000>
	matrix <0.812202, 0.539216, -0.222654,
		0.567591, -0.642220, 0.515165,
		0.134793, -0.544794, -0.827666,
		26.314314, 30.826704, 34.096008>
	pigment { color rgbt <0,1,1,0> }
	no_shadow
}
cylinder {
	<26.971853, 30.873995, 34.595894>,  <26.219959, 31.208061, 34.675373>, 0.130000
	pigment { color rgbt <1,0,0,0> }
	no_shadow
}

// nucleotide -1

// particle -1
sphere {
	<26.971853, 30.873995, 34.595894> 0.250000
	pigment { color rgbt <1,0,0,0> }
	no_shadow
}
cylinder {
	<26.791721, 30.892818, 34.239246>,  <26.683641, 30.904112, 34.025257>, 0.100000
	pigment { color rgbt <1,0,0,0> }
	no_shadow
}
cylinder {
	<26.791721, 30.892818, 34.239246>,  <26.971853, 30.873995, 34.595894>, 0.100000
	pigment { color rgbt <1,0,0,0> }
	no_shadow
}

// particle -1
sphere {
	<26.791721, 30.892818, 34.239246> 0.100000
	pigment { color rgbt <1,0,0,0> }
	no_shadow
}
sphere {
	0, 1
	scale<0.080000,0.200000,0.300000>
	matrix <0.709182, 0.625561, -0.325170,
		0.542462, -0.778755, -0.315081,
		-0.450330, 0.047057, -0.891622,
		26.656622, 30.906935, 33.971760>
	pigment { color rgbt <0,1,1,0> }
	no_shadow
}
cylinder {
	<27.517515, 31.260750, 34.298931>,  <26.971853, 30.873995, 34.595894>, 0.130000
	pigment { color rgbt <1,0,0,0> }
	no_shadow
}

// nucleotide -1

// particle -1
sphere {
	<27.517515, 31.260750, 34.298931> 0.250000
	pigment { color rgbt <1,0,0,0> }
	no_shadow
}
cylinder {
	<27.252197, 31.241304, 34.000221>,  <27.093006, 31.229637, 33.820995>, 0.100000
	pigment { color rgbt <1,0,0,0> }
	no_shadow
}
cylinder {
	<27.252197, 31.241304, 34.000221>,  <27.517515, 31.260750, 34.298931>, 0.100000
	pigment { color rgbt <1,0,0,0> }
	no_shadow
}

// particle -1
sphere {
	<27.252197, 31.241304, 34.000221> 0.100000
	pigment { color rgbt <1,0,0,0> }
	no_shadow
}
sphere {
	0, 1
	scale<0.080000,0.200000,0.300000>
	matrix <0.485438, 0.731512, -0.478790,
		0.569554, -0.680093, -0.461608,
		-0.663293, -0.048615, -0.746779,
		27.053209, 31.226721, 33.776188>
	pigment { color rgbt <0,1,1,0> }
	no_shadow
}
cylinder {
	<27.847036, 31.158518, 33.673347>,  <27.517515, 31.260750, 34.298931>, 0.130000
	pigment { color rgbt <1,0,0,0> }
	no_shadow
}

// nucleotide -1

// particle -1
sphere {
	<27.847036, 31.158518, 33.673347> 0.250000
	pigment { color rgbt <1,0,0,0> }
	no_shadow
}
cylinder {
	<27.511576, 31.375893, 33.658707>,  <27.310299, 31.506317, 33.649921>, 0.100000
	pigment { color rgbt <1,0,0,0> }
	no_shadow
}
cylinder {
	<27.511576, 31.375893, 33.658707>,  <27.847036, 31.158518, 33.673347>, 0.100000
	pigment { color rgbt <1,0,0,0> }
	no_shadow
}

// particle -1
sphere {
	<27.511576, 31.375893, 33.658707> 0.100000
	pigment { color rgbt <1,0,0,0> }
	no_shadow
}
sphere {
	0, 1
	scale<0.080000,0.200000,0.300000>
	matrix <0.523593, 0.785864, -0.329040,
		-0.150045, -0.295117, -0.943606,
		-0.838652, 0.543437, -0.036606,
		27.259979, 31.538923, 33.647724>
	pigment { color rgbt <0,1,1,0> }
	no_shadow
}
cylinder {
	<27.745668, 31.297625, 32.957870>,  <27.847036, 31.158518, 33.673347>, 0.130000
	pigment { color rgbt <1,0,0,0> }
	no_shadow
}

// nucleotide -1

// particle -1
sphere {
	<27.745668, 31.297625, 32.957870> 0.250000
	pigment { color rgbt <1,0,0,0> }
	no_shadow
}
cylinder {
	<27.552416, 31.558327, 33.191727>,  <27.436464, 31.714748, 33.332039>, 0.100000
	pigment { color rgbt <1,0,0,0> }
	no_shadow
}
cylinder {
	<27.552416, 31.558327, 33.191727>,  <27.745668, 31.297625, 32.957870>, 0.100000
	pigment { color rgbt <1,0,0,0> }
	no_shadow
}

// particle -1
sphere {
	<27.552416, 31.558327, 33.191727> 0.100000
	pigment { color rgbt <1,0,0,0> }
	no_shadow
}
sphere {
	0, 1
	scale<0.080000,0.200000,0.300000>
	matrix <0.438854, 0.758066, -0.482434,
		-0.757621, 0.023491, -0.652272,
		-0.483133, 0.651754, 0.584636,
		27.407476, 31.753853, 33.367119>
	pigment { color rgbt <0,1,1,0> }
	no_shadow
}
cylinder {
	<27.569752, 31.783066, 32.475517>,  <27.745668, 31.297625, 32.957870>, 0.130000
	pigment { color rgbt <1,0,0,0> }
	no_shadow
}

// nucleotide -1

// particle -1
sphere {
	<27.569752, 31.783066, 32.475517> 0.250000
	pigment { color rgbt <1,0,0,0> }
	no_shadow
}
cylinder {
	<27.551210, 31.950586, 32.838276>,  <27.540087, 32.051098, 33.055931>, 0.100000
	pigment { color rgbt <1,0,0,0> }
	no_shadow
}
cylinder {
	<27.551210, 31.950586, 32.838276>,  <27.569752, 31.783066, 32.475517>, 0.100000
	pigment { color rgbt <1,0,0,0> }
	no_shadow
}

// particle -1
sphere {
	<27.551210, 31.950586, 32.838276> 0.100000
	pigment { color rgbt <1,0,0,0> }
	no_shadow
}
sphere {
	0, 1
	scale<0.080000,0.200000,0.300000>
	matrix <0.542361, 0.772952, -0.329226,
		-0.838866, 0.476604, -0.262969,
		-0.046352, 0.418800, 0.906895,
		27.537304, 32.076225, 33.110344>
	pigment { color rgbt <0,1,1,0> }
	no_shadow
}
cylinder {
	<27.297440, 32.410393, 32.605957>,  <27.569752, 31.783066, 32.475517>, 0.130000
	pigment { color rgbt <1,0,0,0> }
	no_shadow
}

// nucleotide -1

// particle -1
sphere {
	<27.297440, 32.410393, 32.605957> 0.250000
	pigment { color rgbt <1,0,0,0> }
	no_shadow
}
cylinder {
	<27.203423, 32.448044, 32.992924>,  <27.147013, 32.470634, 33.225105>, 0.100000
	pigment { color rgbt <1,0,0,0> }
	no_shadow
}
cylinder {
	<27.203423, 32.448044, 32.992924>,  <27.297440, 32.410393, 32.605957>, 0.100000
	pigment { color rgbt <1,0,0,0> }
	no_shadow
}

// particle -1
sphere {
	<27.203423, 32.448044, 32.992924> 0.100000
	pigment { color rgbt <1,0,0,0> }
	no_shadow
}
sphere {
	0, 1
	scale<0.080000,0.200000,0.300000>
