// switches for output
#declare DRAW_BASES = 1; // possible values are 0, 1; only relevant for DNA ribbons
#declare DRAW_BASES_TYPE = 3; // possible values are 1, 2, 3; only relevant for DNA ribbons
#declare DRAW_FOG = 0; // set to 1 to enable fog

#include "colors.inc"

#include "transforms.inc"
background { rgb <1, 1, 1>}

#default {
   normal{
       ripples 0.25
       frequency 0.20
       turbulence 0.2
       lambda 5
   }
	finish {
		phong 0.1
		phong_size 40.
	}
}

// original window dimensions: 1024x640


// camera settings

camera {
	sky <0, 0.179814, -0.983701>
	up <0, 0.179814, -0.983701>
	right 1.6 * <1, 0, 0>
	location <35, 94.9851, 44.8844>
	look_at <35, 29.7336, 32.9568>
	direction <0, -65.2515, -11.9276>
	angle 67.0682
}


# declare cpy_camera_pos = <35, 94.9851, 44.8844>;
# if (DRAW_FOG = 1)
fog {
	fog_type 2
	up vnormalize(cpy_camera_pos)
	color rgbt<1,1,1,0.3>
	distance 1e-5
	fog_alt 3e-3
	fog_offset 56
}
# end


// LIGHTS

# declare lum = 6;
global_settings {
	ambient_light rgb lum * <0.05, 0.05, 0.05>
	max_trace_level 15
}# declare cpy_direct_light_amount = 0.25;
light_source
{	1000 * <-1, -1.16352, -0.803886>,
	rgb lum * cpy_direct_light_amount
	parallel
}

light_source
{	1000 * <1, 1.16352, 0.803886>,
	rgb lum * cpy_direct_light_amount
	parallel
}

// strand 0

// nucleotide -1

// particle -1
sphere {
	<23.954248, 34.915962, 34.673935> 0.250000
	pigment { color rgbt <1,0,0,0> }
	no_shadow
}
cylinder {
	<24.253016, 34.927826, 34.939636>,  <24.432276, 34.934944, 35.099056>, 0.100000
	pigment { color rgbt <1,0,0,0> }
	no_shadow
}
cylinder {
	<24.253016, 34.927826, 34.939636>,  <23.954248, 34.915962, 34.673935>, 0.100000
	pigment { color rgbt <1,0,0,0> }
	no_shadow
}

// particle -1
sphere {
	<24.253016, 34.927826, 34.939636> 0.100000
	pigment { color rgbt <1,0,0,0> }
	no_shadow
}
sphere {
	0, 1
	scale<0.080000,0.200000,0.300000>
	matrix <0.407685, -0.809620, -0.422266,
		0.525270, 0.586205, -0.616811,
		0.746916, 0.029661, 0.664256,
		24.477091, 34.936726, 35.138912>
	pigment { color rgbt <0,1,1,0> }
	no_shadow
}
cylinder {
	<24.584852, 35.113472, 34.332306>,  <23.954248, 34.915962, 34.673935>, 0.130000
	pigment { color rgbt <1,0,0,0> }
	no_shadow
}

// nucleotide -1

// particle -1
sphere {
	<24.584852, 35.113472, 34.332306> 0.250000
	pigment { color rgbt <1,0,0,0> }
	no_shadow
}
cylinder {
	<24.581154, 34.855186, 34.637718>,  <24.578936, 34.700214, 34.820965>, 0.100000
	pigment { color rgbt <1,0,0,0> }
	no_shadow
}
cylinder {
	<24.581154, 34.855186, 34.637718>,  <24.584852, 35.113472, 34.332306>, 0.100000
	pigment { color rgbt <1,0,0,0> }
	no_shadow
}

// particle -1
sphere {
	<24.581154, 34.855186, 34.637718> 0.100000
	pigment { color rgbt <1,0,0,0> }
	no_shadow
}
sphere {
	0, 1
	scale<0.080000,0.200000,0.300000>
	matrix <0.369620, -0.711689, -0.597395,
		0.929137, 0.276693, 0.245245,
		-0.009244, -0.645709, 0.763528,
		24.578381, 34.661472, 34.866776>
	pigment { color rgbt <0,1,1,0> }
	no_shadow
}
cylinder {
	<25.207731, 34.805420, 34.361156>,  <24.584852, 35.113472, 34.332306>, 0.130000
	pigment { color rgbt <1,0,0,0> }
	no_shadow
}

// nucleotide -1

// particle -1
sphere {
	<25.207731, 34.805420, 34.361156> 0.250000
	pigment { color rgbt <1,0,0,0> }
	no_shadow
}
cylinder {
	<24.906574, 34.582336, 34.500938>,  <24.725880, 34.448486, 34.584808>, 0.100000
	pigment { color rgbt <1,0,0,0> }
	no_shadow
}
cylinder {
	<24.906574, 34.582336, 34.500938>,  <25.207731, 34.805420, 34.361156>, 0.100000
	pigment { color rgbt <1,0,0,0> }
	no_shadow
}

// particle -1
sphere {
	<24.906574, 34.582336, 34.500938> 0.100000
	pigment { color rgbt <1,0,0,0> }
	no_shadow
}
sphere {
	0, 1
	scale<0.080000,0.200000,0.300000>
	matrix <0.297185, -0.761838, -0.575573,
		0.587229, -0.329491, 0.739323,
		-0.752890, -0.557708, 0.349453,
		24.680708, 34.415024, 34.605774>
	pigment { color rgbt <0,1,1,0> }
	no_shadow
}
cylinder {
	<25.456169, 34.098125, 34.378189>,  <25.207731, 34.805420, 34.361156>, 0.130000
	pigment { color rgbt <1,0,0,0> }
	no_shadow
}

// nucleotide -1

// particle -1
sphere {
	<25.456169, 34.098125, 34.378189> 0.250000
	pigment { color rgbt <1,0,0,0> }
	no_shadow
}
cylinder {
	<25.056377, 34.095722, 34.390842>,  <24.816502, 34.094280, 34.398434>, 0.100000
	pigment { color rgbt <1,0,0,0> }
	no_shadow
}
cylinder {
	<25.056377, 34.095722, 34.390842>,  <25.456169, 34.098125, 34.378189>, 0.100000
	pigment { color rgbt <1,0,0,0> }
	no_shadow
}

// particle -1
sphere {
	<25.056377, 34.095722, 34.390842> 0.100000
	pigment { color rgbt <1,0,0,0> }
	no_shadow
}
sphere {
	0, 1
	scale<0.080000,0.200000,0.300000>
	matrix <-0.024375, -0.500652, -0.865305,
		0.021037, -0.865628, 0.500246,
		-0.999482, -0.006010, 0.031631,
		24.756533, 34.093918, 34.400333>
	pigment { color rgbt <0,1,1,0> }
	no_shadow
}
cylinder {
	<26.101587, 34.326527, 33.951187>,  <25.456169, 34.098125, 34.378189>, 0.130000
	pigment { color rgbt <1,0,0,0> }
	no_shadow
}

// nucleotide -1

// particle -1
sphere {
	<26.101587, 34.326527, 33.951187> 0.250000
	pigment { color rgbt <1,0,0,0> }
	no_shadow
}
cylinder {
	<26.436094, 34.233421, 33.752602>,  <26.636799, 34.177559, 33.633450>, 0.100000
	pigment { color rgbt <1,0,0,0> }
	no_shadow
}
cylinder {
	<26.436094, 34.233421, 33.752602>,  <26.101587, 34.326527, 33.951187>, 0.100000
	pigment { color rgbt <1,0,0,0> }
	no_shadow
}

// particle -1
sphere {
	<26.436094, 34.233421, 33.752602> 0.100000
	pigment { color rgbt <1,0,0,0> }
	no_shadow
}
sphere {
	0, 1
	scale<0.080000,0.200000,0.300000>
	matrix <-0.531091, -0.569026, -0.627815,
		-0.136365, 0.788689, -0.599479,
		0.836270, -0.232766, -0.496461,
		26.686975, 34.163593, 33.603664>
	pigment { color rgbt <0,1,1,0> }
	no_shadow
}
cylinder {
	<26.119242, 34.426628, 33.195679>,  <26.101587, 34.326527, 33.951187>, 0.130000
	pigment { color rgbt <1,0,0,0> }
	no_shadow
}

// nucleotide -1

// particle -1
sphere {
	<26.119242, 34.426628, 33.195679> 0.250000
	pigment { color rgbt <1,0,0,0> }
	no_shadow
}
cylinder {
	<26.387032, 34.130165, 33.215633>,  <26.547705, 33.952286, 33.227608>, 0.100000
	pigment { color rgbt <1,0,0,0> }
	no_shadow
}
cylinder {
	<26.387032, 34.130165, 33.215633>,  <26.119242, 34.426628, 33.195679>, 0.100000
	pigment { color rgbt <1,0,0,0> }
	no_shadow
}

// particle -1
sphere {
	<26.387032, 34.130165, 33.215633> 0.100000
	pigment { color rgbt <1,0,0,0> }
	no_shadow
}
sphere {
	0, 1
	scale<0.080000,0.200000,0.300000>
	matrix <-0.436297, -0.446675, -0.781106,
		0.601208, 0.501163, -0.622403,
		0.669473, -0.741159, 0.049888,
		26.587873, 33.907818, 33.230598>
	pigment { color rgbt <0,1,1,0> }
	no_shadow
}
cylinder {
	<26.163326, 34.226219, 32.512283>,  <26.119242, 34.426628, 33.195679>, 0.130000
	pigment { color rgbt <1,0,0,0> }
	no_shadow
}

// nucleotide -1

// particle -1
sphere {
	<26.163326, 34.226219, 32.512283> 0.250000
	pigment { color rgbt <1,0,0,0> }
	no_shadow
}
cylinder {
	<26.261261, 33.930721, 32.763458>,  <26.320023, 33.753422, 32.914162>, 0.100000
	pigment { color rgbt <1,0,0,0> }
	no_shadow
}
cylinder {
	<26.261261, 33.930721, 32.763458>,  <26.163326, 34.226219, 32.512283>, 0.100000
	pigment { color rgbt <1,0,0,0> }
	no_shadow
}

// particle -1
sphere {
	<26.261261, 33.930721, 32.763458> 0.100000
	pigment { color rgbt <1,0,0,0> }
	no_shadow
}
sphere {
	0, 1
	scale<0.080000,0.200000,0.300000>
	matrix <-0.396219, -0.667337, -0.630612,
		0.884909, -0.094401, -0.456096,
		0.244839, -0.738749, 0.627936,
		26.334713, 33.709095, 32.951839>
	pigment { color rgbt <0,1,1,0> }
	no_shadow
}
cylinder {
	<26.391569, 33.735924, 32.087944>,  <26.163326, 34.226219, 32.512283>, 0.130000
	pigment { color rgbt <1,0,0,0> }
	no_shadow
}

// nucleotide -1

// particle -1
sphere {
	<26.391569, 33.735924, 32.087944> 0.250000
	pigment { color rgbt <1,0,0,0> }
	no_shadow
}
cylinder {
	<26.347773, 33.517170, 32.419949>,  <26.321495, 33.385918, 32.619152>, 0.100000
	pigment { color rgbt <1,0,0,0> }
	no_shadow
}
cylinder {
	<26.347773, 33.517170, 32.419949>,  <26.391569, 33.735924, 32.087944>, 0.100000
	pigment { color rgbt <1,0,0,0> }
	no_shadow
}

// particle -1
sphere {
	<26.347773, 33.517170, 32.419949> 0.100000
	pigment { color rgbt <1,0,0,0> }
	no_shadow
}
sphere {
	0, 1
	scale<0.080000,0.200000,0.300000>
	matrix <-0.266126, -0.788422, -0.554588,
		0.957700, -0.281610, -0.059218,
		-0.109489, -0.546888, 0.830015,
		26.314926, 33.353104, 32.668953>
	pigment { color rgbt <0,1,1,0> }
	no_shadow
}
cylinder {
	<26.604485, 33.156765, 31.945385>,  <26.391569, 33.735924, 32.087944>, 0.130000
	pigment { color rgbt <1,0,0,0> }
	no_shadow
}

// nucleotide -1

// particle -1
sphere {
	<26.604485, 33.156765, 31.945385> 0.250000
	pigment { color rgbt <1,0,0,0> }
	no_shadow
}
cylinder {
	<26.350662, 33.082809, 32.245560>,  <26.198368, 33.038437, 32.425663>, 0.100000
	pigment { color rgbt <1,0,0,0> }
	no_shadow
}
cylinder {
	<26.350662, 33.082809, 32.245560>,  <26.604485, 33.156765, 31.945385>, 0.100000
	pigment { color rgbt <1,0,0,0> }
	no_shadow
}

// particle -1
sphere {
	<26.350662, 33.082809, 32.245560> 0.100000
	pigment { color rgbt <1,0,0,0> }
	no_shadow
}
sphere {
	0, 1
	scale<0.080000,0.200000,0.300000>
	matrix <-0.337633, -0.807099, -0.484351,
		0.695229, -0.560719, 0.449723,
		-0.634556, -0.184893, 0.750436,
		26.160295, 33.027340, 32.470692>
	pigment { color rgbt <0,1,1,0> }
	no_shadow
}
cylinder {
	<26.680458, 32.451622, 32.070210>,  <26.604485, 33.156765, 31.945385>, 0.130000
	pigment { color rgbt <1,0,0,0> }
	no_shadow
}

// nucleotide -1

// particle -1
sphere {
	<26.680458, 32.451622, 32.070210> 0.250000
	pigment { color rgbt <1,0,0,0> }
	no_shadow
}
cylinder {
	<26.318626, 32.543358, 32.213955>,  <26.101528, 32.598400, 32.300201>, 0.100000
	pigment { color rgbt <1,0,0,0> }
	no_shadow
}
cylinder {
	<26.318626, 32.543358, 32.213955>,  <26.680458, 32.451622, 32.070210>, 0.100000
	pigment { color rgbt <1,0,0,0> }
	no_shadow
}

// particle -1
sphere {
	<26.318626, 32.543358, 32.213955> 0.100000
	pigment { color rgbt <1,0,0,0> }
	no_shadow
}
sphere {
	0, 1
	scale<0.080000,0.200000,0.300000>
	matrix <-0.419183, -0.631978, -0.651835,
		0.077615, -0.740274, 0.667810,
		-0.904578, 0.229343, 0.359361,
		26.047253, 32.612160, 32.321762>
	pigment { color rgbt <0,1,1,0> }
	no_shadow
}
cylinder {
	<26.346626, 31.858721, 32.126144>,  <26.680458, 32.451622, 32.070210>, 0.130000
	pigment { color rgbt <1,0,0,0> }
	no_shadow
}

// nucleotide -1

// particle -1
sphere {
	<26.346626, 31.858721, 32.126144> 0.250000
	pigment { color rgbt <1,0,0,0> }
	no_shadow
}
cylinder {
	<26.035736, 32.109852, 32.142883>,  <25.849201, 32.260532, 32.152927>, 0.100000
	pigment { color rgbt <1,0,0,0> }
	no_shadow
}
cylinder {
	<26.035736, 32.109852, 32.142883>,  <26.346626, 31.858721, 32.126144>, 0.100000
	pigment { color rgbt <1,0,0,0> }
	no_shadow
}

// particle -1
sphere {
	<26.035736, 32.109852, 32.142883> 0.100000
	pigment { color rgbt <1,0,0,0> }
	no_shadow
}
sphere {
	0, 1
	scale<0.080000,0.200000,0.300000>
	matrix <-0.441808, -0.497166, -0.746747,
		-0.448024, -0.598880, 0.663790,
		-0.777226, 0.627829, 0.041847,
		25.802568, 32.298199, 32.155437>
	pigment { color rgbt <0,1,1,0> }
	no_shadow
}
cylinder {
	<25.585934, 31.518959, 32.197659>,  <26.346626, 31.858721, 32.126144>, 0.130000
	pigment { color rgbt <1,0,0,0> }
	no_shadow
}

// nucleotide -1

// particle -1
sphere {
	<25.585934, 31.518959, 32.197659> 0.250000
	pigment { color rgbt <1,0,0,0> }
	no_shadow
}
cylinder {
	<25.583017, 31.877880, 32.021118>,  <25.581268, 32.093231, 31.915194>, 0.100000
	pigment { color rgbt <1,0,0,0> }
	no_shadow
}
cylinder {
	<25.583017, 31.877880, 32.021118>,  <25.585934, 31.518959, 32.197659>, 0.100000
	pigment { color rgbt <1,0,0,0> }
	no_shadow
}

// particle -1
sphere {
	<25.583017, 31.877880, 32.021118> 0.100000
	pigment { color rgbt <1,0,0,0> }
	no_shadow
}
sphere {
	0, 1
	scale<0.080000,0.200000,0.300000>
	matrix <-0.355035, -0.414934, -0.837723,
		-0.934825, 0.150590, 0.321599,
		-0.007290, 0.897303, -0.441355,
		25.580830, 32.147072, 31.888712>
	pigment { color rgbt <0,1,1,0> }
	no_shadow
}
cylinder {
	<24.958366, 31.641788, 31.813745>,  <25.585934, 31.518959, 32.197659>, 0.130000
	pigment { color rgbt <1,0,0,0> }
	no_shadow
}

// nucleotide -1

// particle -1
sphere {
	<24.958366, 31.641788, 31.813745> 0.250000
	pigment { color rgbt <1,0,0,0> }
	no_shadow
}
cylinder {
	<25.223562, 31.895012, 31.653902>,  <25.382679, 32.046947, 31.557997>, 0.100000
	pigment { color rgbt <1,0,0,0> }
	no_shadow
}
cylinder {
	<25.223562, 31.895012, 31.653902>,  <24.958366, 31.641788, 31.813745>, 0.100000
	pigment { color rgbt <1,0,0,0> }
	no_shadow
}

// particle -1
sphere {
	<25.223562, 31.895012, 31.653902> 0.100000
	pigment { color rgbt <1,0,0,0> }
	no_shadow
}
sphere {
	0, 1
	scale<0.080000,0.200000,0.300000>
	matrix <-0.148535, -0.411937, -0.899024,
		-0.733747, 0.655398, -0.179078,
		0.662988, 0.633057, -0.399607,
		25.422459, 32.084930, 31.534019>
	pigment { color rgbt <0,1,1,0> }
	no_shadow
}
cylinder {
	<24.684261, 31.853739, 31.084127>,  <24.958366, 31.641788, 31.813745>, 0.130000
	pigment { color rgbt <1,0,0,0> }
	no_shadow
}

// nucleotide -1

// particle -1
sphere {
	<24.684261, 31.853739, 31.084127> 0.250000
	pigment { color rgbt <1,0,0,0> }
	no_shadow
}
cylinder {
	<25.059204, 31.990273, 31.111992>,  <25.284170, 32.072193, 31.128710>, 0.100000
	pigment { color rgbt <1,0,0,0> }
	no_shadow
}
cylinder {
	<25.059204, 31.990273, 31.111992>,  <24.684261, 31.853739, 31.084127>, 0.100000
	pigment { color rgbt <1,0,0,0> }
	no_shadow
}

// particle -1
sphere {
	<25.059204, 31.990273, 31.111992> 0.100000
	pigment { color rgbt <1,0,0,0> }
	no_shadow
}
sphere {
	0, 1
	scale<0.080000,0.200000,0.300000>
	matrix <0.156525, -0.234012, -0.959551,
		-0.311224, 0.910347, -0.272780,
		0.937358, 0.341332, 0.069662,
		25.340412, 32.092670, 31.132891>
	pigment { color rgbt <0,1,1,0> }
	no_shadow
}
cylinder {
	<24.958529, 32.510227, 30.947104>,  <24.684261, 31.853739, 31.084127>, 0.130000
	pigment { color rgbt <1,0,0,0> }
	no_shadow
}

// nucleotide -1

// particle -1
sphere {
	<24.958529, 32.510227, 30.947104> 0.250000
	pigment { color rgbt <1,0,0,0> }
	no_shadow
}
cylinder {
	<24.930590, 32.348782, 31.312008>,  <24.913826, 32.251915, 31.530951>, 0.100000
	pigment { color rgbt <1,0,0,0> }
	no_shadow
}
cylinder {
	<24.930590, 32.348782, 31.312008>,  <24.958529, 32.510227, 30.947104>, 0.100000
	pigment { color rgbt <1,0,0,0> }
	no_shadow
}

// particle -1
sphere {
	<24.930590, 32.348782, 31.312008> 0.100000
	pigment { color rgbt <1,0,0,0> }
	no_shadow
}
sphere {
	0, 1
	scale<0.080000,0.200000,0.300000>
	matrix <0.783800, 0.543486, 0.300467,
		-0.617073, 0.736015, 0.278394,
		-0.069845, -0.403616, 0.912259,
		24.909636, 32.227695, 31.585686>
	pigment { color rgbt <0,1,1,0> }
	no_shadow
}
cylinder {
	<24.986111, 33.021233, 31.519056>,  <24.958529, 32.510227, 30.947104>, 0.130000
	pigment { color rgbt <1,0,0,0> }
	no_shadow
}

// nucleotide -1

// particle -1
sphere {
	<24.986111, 33.021233, 31.519056> 0.250000
	pigment { color rgbt <1,0,0,0> }
	no_shadow
}
cylinder {
	<25.080679, 32.676712, 31.698950>,  <25.137419, 32.469997, 31.806887>, 0.100000
	pigment { color rgbt <1,0,0,0> }
	no_shadow
}
cylinder {
	<25.080679, 32.676712, 31.698950>,  <24.986111, 33.021233, 31.519056>, 0.100000
	pigment { color rgbt <1,0,0,0> }
	no_shadow
}

// particle -1
sphere {
	<25.080679, 32.676712, 31.698950> 0.100000
	pigment { color rgbt <1,0,0,0> }
	no_shadow
}
sphere {
	0, 1
	scale<0.080000,0.200000,0.300000>
	matrix <0.623923, 0.489395, 0.609272,
		-0.744866, 0.136557, 0.653090,
		0.236418, -0.861304, 0.449735,
		25.151604, 32.418320, 31.833870>
	pigment { color rgbt <0,1,1,0> }
	no_shadow
}
cylinder {
	<24.781847, 33.086651, 32.243988>,  <24.986111, 33.021233, 31.519056>, 0.130000
	pigment { color rgbt <1,0,0,0> }
	no_shadow
}

// nucleotide -1

// particle -1
sphere {
	<24.781847, 33.086651, 32.243988> 0.250000
	pigment { color rgbt <1,0,0,0> }
	no_shadow
}
cylinder {
	<25.108505, 32.856106, 32.232033>,  <25.304501, 32.717777, 32.224861>, 0.100000
	pigment { color rgbt <1,0,0,0> }
	no_shadow
}
cylinder {
	<25.108505, 32.856106, 32.232033>,  <24.781847, 33.086651, 32.243988>, 0.100000
	pigment { color rgbt <1,0,0,0> }
	no_shadow
}

// particle -1
sphere {
	<25.108505, 32.856106, 32.232033> 0.100000
	pigment { color rgbt <1,0,0,0> }
	no_shadow
}
sphere {
	0, 1
	scale<0.080000,0.200000,0.300000>
	matrix <0.425112, 0.565699, 0.706587,
		-0.390345, -0.589736, 0.706995,
		0.816646, -0.576365, -0.029886,
		25.353498, 32.683197, 32.223068>
	pigment { color rgbt <0,1,1,0> }
	no_shadow
}
cylinder {
	<24.930241, 32.875614, 32.951748>,  <24.781847, 33.086651, 32.243988>, 0.130000
	pigment { color rgbt <1,0,0,0> }
	no_shadow
}

// nucleotide -1

// particle -1
sphere {
	<24.930241, 32.875614, 32.951748> 0.250000
	pigment { color rgbt <1,0,0,0> }
	no_shadow
}
cylinder {
	<25.277723, 32.784195, 32.775970>,  <25.486214, 32.729343, 32.670506>, 0.100000
	pigment { color rgbt <1,0,0,0> }
	no_shadow
}
cylinder {
	<25.277723, 32.784195, 32.775970>,  <24.930241, 32.875614, 32.951748>, 0.100000
	pigment { color rgbt <1,0,0,0> }
	no_shadow
}

// particle -1
sphere {
	<25.277723, 32.784195, 32.775970> 0.100000
	pigment { color rgbt <1,0,0,0> }
	no_shadow
}
sphere {
	0, 1
	scale<0.080000,0.200000,0.300000>
	matrix <0.494138, 0.338542, 0.800760,
		-0.034243, -0.912773, 0.407029,
		0.868709, -0.228549, -0.439443,
		25.538336, 32.715630, 32.644138>
	pigment { color rgbt <0,1,1,0> }
	no_shadow
}
cylinder {
	<25.454880, 32.718555, 33.487129>,  <24.930241, 32.875614, 32.951748>, 0.130000
	pigment { color rgbt <1,0,0,0> }
	no_shadow
}

// nucleotide -1

// particle -1
sphere {
	<25.454880, 32.718555, 33.487129> 0.250000
	pigment { color rgbt <1,0,0,0> }
	no_shadow
}
cylinder {
	<25.694868, 32.805058, 33.179035>,  <25.838861, 32.856960, 32.994179>, 0.100000
	pigment { color rgbt <1,0,0,0> }
	no_shadow
}
cylinder {
	<25.694868, 32.805058, 33.179035>,  <25.454880, 32.718555, 33.487129>, 0.100000
	pigment { color rgbt <1,0,0,0> }
	no_shadow
}

// particle -1
sphere {
	<25.694868, 32.805058, 33.179035> 0.100000
	pigment { color rgbt <1,0,0,0> }
	no_shadow
}
sphere {
	0, 1
	scale<0.080000,0.200000,0.300000>
	matrix <0.566696, 0.564703, 0.599972,
		0.564703, -0.796457, 0.216255,
		-0.599972, -0.216255, 0.770239,
		25.874859, 32.869934, 32.947964>
	pigment { color rgbt <0,1,1,0> }
	no_shadow
}
cylinder {
	<26.146675, 32.670101, 33.773144>,  <25.454880, 32.718555, 33.487129>, 0.130000
	pigment { color rgbt <1,0,0,0> }
	no_shadow
}

// nucleotide -1

// particle -1
sphere {
	<26.146675, 32.670101, 33.773144> 0.250000
	pigment { color rgbt <1,0,0,0> }
	no_shadow
}
cylinder {
	<26.201380, 32.890732, 33.444012>,  <26.234203, 33.023109, 33.246532>, 0.100000
	pigment { color rgbt <1,0,0,0> }
	no_shadow
}
cylinder {
	<26.201380, 32.890732, 33.444012>,  <26.146675, 32.670101, 33.773144>, 0.100000
	pigment { color rgbt <1,0,0,0> }
	no_shadow
}

// particle -1
sphere {
	<26.201380, 32.890732, 33.444012> 0.100000
	pigment { color rgbt <1,0,0,0> }
	no_shadow
}
sphere {
	0, 1
	scale<0.080000,0.200000,0.300000>
	matrix <0.489285, 0.684631, 0.540260,
		0.861334, -0.476487, -0.176248,
		0.136762, 0.551580, -0.822834,
		26.242409, 33.056206, 33.197163>
	pigment { color rgbt <0,1,1,0> }
	no_shadow
}
cylinder {
	<26.816345, 32.692833, 33.845600>,  <26.146675, 32.670101, 33.773144>, 0.130000
	pigment { color rgbt <1,0,0,0> }
	no_shadow
}

// nucleotide -1

// particle -1
sphere {
	<26.816345, 32.692833, 33.845600> 0.250000
	pigment { color rgbt <1,0,0,0> }
	no_shadow
}
cylinder {
	<26.613997, 32.979668, 33.653816>,  <26.492586, 33.151768, 33.538746>, 0.100000
	pigment { color rgbt <1,0,0,0> }
	no_shadow
}
cylinder {
	<26.613997, 32.979668, 33.653816>,  <26.816345, 32.692833, 33.845600>, 0.100000
	pigment { color rgbt <1,0,0,0> }
	no_shadow
}

// particle -1
sphere {
	<26.613997, 32.979668, 33.653816> 0.100000
	pigment { color rgbt <1,0,0,0> }
	no_shadow
}
sphere {
	0, 1
	scale<0.080000,0.200000,0.300000>
	matrix <0.494938, 0.696520, 0.519515,
		0.706491, 0.025505, -0.707262,
		-0.505873, 0.717084, -0.479462,
		26.462234, 33.194794, 33.509979>
	pigment { color rgbt <0,1,1,0> }
	no_shadow
}
cylinder {
	<27.289520, 33.174995, 33.698994>,  <26.816345, 32.692833, 33.845600>, 0.130000
	pigment { color rgbt <1,0,0,0> }
	no_shadow
}

// nucleotide -1

// particle -1
sphere {
	<27.289520, 33.174995, 33.698994> 0.250000
	pigment { color rgbt <1,0,0,0> }
	no_shadow
}
cylinder {
	<26.925283, 33.340279, 33.695339>,  <26.706741, 33.439449, 33.693146>, 0.100000
	pigment { color rgbt <1,0,0,0> }
	no_shadow
}
cylinder {
	<26.925283, 33.340279, 33.695339>,  <27.289520, 33.174995, 33.698994>, 0.100000
	pigment { color rgbt <1,0,0,0> }
	no_shadow
}

// particle -1
sphere {
	<26.925283, 33.340279, 33.695339> 0.100000
	pigment { color rgbt <1,0,0,0> }
	no_shadow
}
sphere {
	0, 1
	scale<0.080000,0.200000,0.300000>
	matrix <0.357718, 0.799003, 0.483355,
		0.207027, 0.436870, -0.875377,
		-0.910592, 0.413205, -0.009139,
		26.652105, 33.464241, 33.692596>
	pigment { color rgbt <0,1,1,0> }
	no_shadow
}
cylinder {
	<27.252811, 33.796886, 33.530388>,  <27.289520, 33.174995, 33.698994>, 0.130000
	pigment { color rgbt <1,0,0,0> }
	no_shadow
}

// nucleotide -1

// particle -1
sphere {
	<27.252811, 33.796886, 33.530388> 0.250000
	pigment { color rgbt <1,0,0,0> }
	no_shadow
}
cylinder {
	<26.927782, 33.788914, 33.763397>,  <26.732765, 33.784130, 33.903202>, 0.100000
	pigment { color rgbt <1,0,0,0> }
	no_shadow
}
cylinder {
	<26.927782, 33.788914, 33.763397>,  <27.252811, 33.796886, 33.530388>, 0.100000
	pigment { color rgbt <1,0,0,0> }
	no_shadow
}

// particle -1
sphere {
	<26.927782, 33.788914, 33.763397> 0.100000
	pigment { color rgbt <1,0,0,0> }
	no_shadow
}
sphere {
	0, 1
	scale<0.080000,0.200000,0.300000>
	matrix <0.368808, 0.756317, 0.540338,
		-0.451341, 0.653902, -0.607210,
		-0.812571, -0.019933, 0.582521,
		26.684011, 33.782932, 33.938152>
	pigment { color rgbt <0,1,1,0> }
	no_shadow
}
cylinder {
	<27.981043, 33.811630, 33.524628>,  <27.252811, 33.796886, 33.530388>, 0.130000
	pigment { color rgbt <1,0,0,0> }
	no_shadow
}

// nucleotide -1

// particle -1
sphere {
	<27.981043, 33.811630, 33.524628> 0.250000
	pigment { color rgbt <1,0,0,0> }
	no_shadow
}
cylinder {
	<27.907869, 34.202770, 33.565319>,  <27.863966, 34.437454, 33.589733>, 0.100000
	pigment { color rgbt <1,0,0,0> }
	no_shadow
}
cylinder {
	<27.907869, 34.202770, 33.565319>,  <27.981043, 33.811630, 33.524628>, 0.100000
	pigment { color rgbt <1,0,0,0> }
	no_shadow
}

// particle -1
sphere {
	<27.907869, 34.202770, 33.565319> 0.100000
	pigment { color rgbt <1,0,0,0> }
	no_shadow
}
sphere {
	0, 1
	scale<0.080000,0.200000,0.300000>
	matrix <0.784485, 0.207557, -0.584384,
		-0.592553, -0.027097, -0.805076,
		-0.182934, 0.977848, 0.101731,
		27.852989, 34.496124, 33.595837>
	pigment { color rgbt <0,1,1,0> }
	no_shadow
}
cylinder {
	<28.128164, 34.096958, 32.782913>,  <27.981043, 33.811630, 33.524628>, 0.130000
	pigment { color rgbt <1,0,0,0> }
	no_shadow
}

// nucleotide -1

// particle -1
sphere {
	<28.128164, 34.096958, 32.782913> 0.250000
	pigment { color rgbt <1,0,0,0> }
	no_shadow
}
cylinder {
	<28.167145, 34.382385, 33.060425>,  <28.190533, 34.553642, 33.226933>, 0.100000
	pigment { color rgbt <1,0,0,0> }
	no_shadow
}
cylinder {
	<28.167145, 34.382385, 33.060425>,  <28.128164, 34.096958, 32.782913>, 0.100000
	pigment { color rgbt <1,0,0,0> }
	no_shadow
}

// particle -1
sphere {
	<28.167145, 34.382385, 33.060425> 0.100000
	pigment { color rgbt <1,0,0,0> }
	no_shadow
}
sphere {
	0, 1
	scale<0.080000,0.200000,0.300000>
	matrix <0.927046, 0.188517, -0.324109,
		-0.362062, 0.674747, -0.643139,
		0.097449, 0.713567, 0.693776,
		28.196379, 34.596455, 33.268559>
	pigment { color rgbt <0,1,1,0> }
	no_shadow
}
cylinder {
	<28.227001, 34.788540, 32.356659>,  <28.128164, 34.096958, 32.782913>, 0.130000
	pigment { color rgbt <1,0,0,0> }
	no_shadow
}

// nucleotide -1

// particle -1
sphere {
	<28.227001, 34.788540, 32.356659> 0.250000
	pigment { color rgbt <1,0,0,0> }
	no_shadow
}
cylinder {
	<28.375963, 34.841915, 32.724030>,  <28.465340, 34.873940, 32.944450>, 0.100000
	pigment { color rgbt <1,0,0,0> }
	no_shadow
}
cylinder {
	<28.375963, 34.841915, 32.724030>,  <28.227001, 34.788540, 32.356659>, 0.100000
	pigment { color rgbt <1,0,0,0> }
	no_shadow
}

// particle -1
sphere {
	<28.375963, 34.841915, 32.724030> 0.100000
	pigment { color rgbt <1,0,0,0> }
	no_shadow
}
sphere {
	0, 1
	scale<0.080000,0.200000,0.300000>
	matrix <0.907752, 0.153572, -0.390387,
		-0.193137, 0.979086, -0.063938,
		0.372404, 0.133438, 0.918428,
		28.487684, 34.881947, 32.999557>
	pigment { color rgbt <0,1,1,0> }
	no_shadow
}
cylinder {
	<28.638651, 35.393219, 32.259235>,  <28.227001, 34.788540, 32.356659>, 0.130000
	pigment { color rgbt <1,0,0,0> }
	no_shadow
}

// nucleotide -1

// particle -1
sphere {
	<28.638651, 35.393219, 32.259235> 0.250000
	pigment { color rgbt <1,0,0,0> }
	no_shadow
}
cylinder {
	<28.792715, 35.224449, 32.587536>,  <28.885153, 35.123188, 32.784515>, 0.100000
	pigment { color rgbt <1,0,0,0> }
	no_shadow
}
cylinder {
	<28.792715, 35.224449, 32.587536>,  <28.638651, 35.393219, 32.259235>, 0.100000
	pigment { color rgbt <1,0,0,0> }
	no_shadow
}

// particle -1
sphere {
	<28.792715, 35.224449, 32.587536> 0.100000
	pigment { color rgbt <1,0,0,0> }
	no_shadow
}
sphere {
	0, 1
	scale<0.080000,0.200000,0.300000>
	matrix <0.913955, 0.051210, -0.402572,
		0.127825, 0.905183, 0.405345,
		0.385159, -0.421926, 0.820750,
		28.908262, 35.097870, 32.833759>
	pigment { color rgbt <0,1,1,0> }
	no_shadow
}
cylinder {
	<29.293694, 35.676056, 32.452122>,  <28.638651, 35.393219, 32.259235>, 0.130000
	pigment { color rgbt <1,0,0,0> }
	no_shadow
}

// nucleotide -1

// particle -1
sphere {
	<29.293694, 35.676056, 32.452122> 0.250000
	pigment { color rgbt <1,0,0,0> }
	no_shadow
}
cylinder {
	<29.691759, 35.701954, 32.481655>,  <29.930599, 35.717495, 32.499374>, 0.100000
	pigment { color rgbt <1,0,0,0> }
	no_shadow
}
cylinder {
	<29.691759, 35.701954, 32.481655>,  <29.293694, 35.676056, 32.452122>, 0.100000
	pigment { color rgbt <1,0,0,0> }
	no_shadow
}

// particle -1
sphere {
	<29.691759, 35.701954, 32.481655> 0.100000
	pigment { color rgbt <1,0,0,0> }
	no_shadow
}
sphere {
	0, 1
	scale<0.080000,0.200000,0.300000>
	matrix <-0.063200, 0.997733, -0.023103,
		-0.075166, 0.018325, 0.997003,
		0.995166, 0.064747, 0.073838,
		29.990309, 35.721378, 32.503807>
	pigment { color rgbt <0,1,1,0> }
	no_shadow
}
cylinder {
	<29.793661, 36.099331, 32.213284>,  <29.293694, 35.676056, 32.452122>, 0.130000
	pigment { color rgbt <1,0,0,0> }
	no_shadow
}

// nucleotide -1

// particle -1
sphere {
	<29.793661, 36.099331, 32.213284> 0.250000
	pigment { color rgbt <1,0,0,0> }
	no_shadow
}
cylinder {
	<29.964880, 36.320641, 31.927441>,  <30.067612, 36.453426, 31.755936>, 0.100000
	pigment { color rgbt <1,0,0,0> }
	no_shadow
}
cylinder {
	<29.964880, 36.320641, 31.927441>,  <29.793661, 36.099331, 32.213284>, 0.100000
	pigment { color rgbt <1,0,0,0> }
	no_shadow
}

// particle -1
sphere {
	<29.964880, 36.320641, 31.927441> 0.100000
	pigment { color rgbt <1,0,0,0> }
	no_shadow
}
sphere {
	0, 1
	scale<0.080000,0.200000,0.300000>
	matrix <-0.903746, 0.266047, -0.335355,
		0.004573, 0.789368, 0.613903,
		0.428046, 0.553278, -0.714605,
		30.093294, 36.486626, 31.713058>
	pigment { color rgbt <0,1,1,0> }
	no_shadow
}
cylinder {
	<29.782200, 36.740131, 32.377518>,  <29.793661, 36.099331, 32.213284>, 0.130000
	pigment { color rgbt <1,0,0,0> }
	no_shadow
}

// nucleotide -1

// particle -1
sphere {
	<29.782200, 36.740131, 32.377518> 0.250000
	pigment { color rgbt <1,0,0,0> }
	no_shadow
}
cylinder {
	<29.792801, 36.727726, 31.977850>,  <29.799162, 36.720284, 31.738050>, 0.100000
	pigment { color rgbt <1,0,0,0> }
	no_shadow
}
cylinder {
	<29.792801, 36.727726, 31.977850>,  <29.782200, 36.740131, 32.377518>, 0.100000
	pigment { color rgbt <1,0,0,0> }
	no_shadow
}

// particle -1
sphere {
	<29.792801, 36.727726, 31.977850> 0.100000
	pigment { color rgbt <1,0,0,0> }
	no_shadow
}
sphere {
	0, 1
	scale<0.080000,0.200000,0.300000>
	matrix <-0.867558, 0.495851, -0.038402,
		0.496629, 0.867854, -0.013765,
		0.026502, -0.031014, -0.999168,
		29.800751, 36.718422, 31.678101>
	pigment { color rgbt <0,1,1,0> }
	no_shadow
}
cylinder {
	<30.503643, 36.896862, 32.586498>,  <29.782200, 36.740131, 32.377518>, 0.130000
	pigment { color rgbt <1,0,0,0> }
	no_shadow
}

// nucleotide -1

// particle -1
sphere {
	<30.503643, 36.896862, 32.586498> 0.250000
	pigment { color rgbt <1,0,0,0> }
	no_shadow
}
cylinder {
	<30.811453, 36.981270, 32.827599>,  <30.996140, 37.031914, 32.972260>, 0.100000
	pigment { color rgbt <1,0,0,0> }
	no_shadow
}
cylinder {
	<30.811453, 36.981270, 32.827599>,  <30.503643, 36.896862, 32.586498>, 0.100000
	pigment { color rgbt <1,0,0,0> }
	no_shadow
}

// particle -1
sphere {
	<30.811453, 36.981270, 32.827599> 0.100000
	pigment { color rgbt <1,0,0,0> }
	no_shadow
}
sphere {
	0, 1
	scale<0.080000,0.200000,0.300000>
	matrix <-0.638536, 0.239205, 0.731473,
		0.010174, -0.947762, 0.318816,
		0.769525, 0.211017, 0.602747,
		31.042311, 37.044575, 33.008423>
	pigment { color rgbt <0,1,1,0> }
	no_shadow
}
cylinder {
	<30.409807, 36.646725, 33.391521>,  <30.503643, 36.896862, 32.586498>, 0.130000
	pigment { color rgbt <1,0,0,0> }
	no_shadow
}

// nucleotide -1

// particle -1
sphere {
	<30.409807, 36.646725, 33.391521> 0.250000
	pigment { color rgbt <1,0,0,0> }
	no_shadow
}
cylinder {
	<30.642431, 36.968311, 33.341835>,  <30.782005, 37.161263, 33.312023>, 0.100000
	pigment { color rgbt <1,0,0,0> }
	no_shadow
}
cylinder {
	<30.642431, 36.968311, 33.341835>,  <30.409807, 36.646725, 33.391521>, 0.100000
	pigment { color rgbt <1,0,0,0> }
	no_shadow
}

// particle -1
sphere {
	<30.642431, 36.968311, 33.341835> 0.100000
	pigment { color rgbt <1,0,0,0> }
	no_shadow
}
sphere {
	0, 1
	scale<0.080000,0.200000,0.300000>
	matrix <-0.480623, 0.462756, 0.744889,
		0.656348, -0.373493, 0.655523,
		0.581558, 0.803965, -0.124219,
		30.816898, 37.209499, 33.304569>
	pigment { color rgbt <0,1,1,0> }
	no_shadow
}
cylinder {
	<30.646236, 36.821655, 34.048458>,  <30.409807, 36.646725, 33.391521>, 0.130000
	pigment { color rgbt <1,0,0,0> }
	no_shadow
}

// nucleotide -1

// particle -1
sphere {
	<30.646236, 36.821655, 34.048458> 0.250000
	pigment { color rgbt <1,0,0,0> }
	no_shadow
}
cylinder {
	<30.700949, 37.155628, 33.835224>,  <30.733776, 37.356010, 33.707283>, 0.100000
	pigment { color rgbt <1,0,0,0> }
	no_shadow
}
cylinder {
	<30.700949, 37.155628, 33.835224>,  <30.646236, 36.821655, 34.048458>, 0.100000
	pigment { color rgbt <1,0,0,0> }
	no_shadow
}

// particle -1
sphere {
	<30.700949, 37.155628, 33.835224> 0.100000
	pigment { color rgbt <1,0,0,0> }
	no_shadow
}
sphere {
	0, 1
	scale<0.080000,0.200000,0.300000>
	matrix <-0.577854, 0.504348, 0.641652,
		0.804596, 0.220279, 0.551455,
		0.136783, 0.834931, -0.533086,
		30.741983, 37.406109, 33.675297>
	pigment { color rgbt <0,1,1,0> }
	no_shadow
}
cylinder {
	<30.843880, 37.405247, 34.448700>,  <30.646236, 36.821655, 34.048458>, 0.130000
	pigment { color rgbt <1,0,0,0> }
	no_shadow
}

// nucleotide -1

// particle -1
sphere {
	<30.843880, 37.405247, 34.448700> 0.250000
	pigment { color rgbt <1,0,0,0> }
	no_shadow
}
cylinder {
	<30.662420, 37.556442, 34.125881>,  <30.553545, 37.647160, 33.932190>, 0.100000
	pigment { color rgbt <1,0,0,0> }
	no_shadow
}
cylinder {
	<30.662420, 37.556442, 34.125881>,  <30.843880, 37.405247, 34.448700>, 0.100000
	pigment { color rgbt <1,0,0,0> }
	no_shadow
}

// particle -1
sphere {
	<30.662420, 37.556442, 34.125881> 0.100000
	pigment { color rgbt <1,0,0,0> }
	no_shadow
}
sphere {
	0, 1
	scale<0.080000,0.200000,0.300000>
	matrix <-0.699548, 0.410012, 0.585254,
		0.552119, 0.830069, 0.078420,
		-0.453649, 0.377988, -0.807049,
		30.526325, 37.669838, 33.883766>
	pigment { color rgbt <0,1,1,0> }
	no_shadow
}
cylinder {
	<30.519529, 38.044266, 34.664928>,  <30.843880, 37.405247, 34.448700>, 0.130000
	pigment { color rgbt <1,0,0,0> }
	no_shadow
}

// nucleotide -1

// particle -1
sphere {
	<30.519529, 38.044266, 34.664928> 0.250000
	pigment { color rgbt <1,0,0,0> }
	no_shadow
}
cylinder {
	<30.333218, 37.934887, 34.328293>,  <30.221432, 37.869259, 34.126312>, 0.100000
	pigment { color rgbt <1,0,0,0> }
	no_shadow
}
cylinder {
	<30.333218, 37.934887, 34.328293>,  <30.519529, 38.044266, 34.664928>, 0.100000
	pigment { color rgbt <1,0,0,0> }
	no_shadow
}

// particle -1
sphere {
	<30.333218, 37.934887, 34.328293> 0.100000
	pigment { color rgbt <1,0,0,0> }
	no_shadow
}
sphere {
	0, 1
	scale<0.080000,0.200000,0.300000>
	matrix <-0.875829, 0.278290, 0.394307,
		0.126386, 0.920752, -0.369111,
		-0.465778, -0.273444, -0.841593,
		30.193483, 37.852856, 34.075813>
	pigment { color rgbt <0,1,1,0> }
	no_shadow
}
cylinder {
	<29.855543, 38.046200, 35.022743>,  <30.519529, 38.044266, 34.664928>, 0.130000
	pigment { color rgbt <1,0,0,0> }
	no_shadow
}

// nucleotide -1

// particle -1
sphere {
	<29.855543, 38.046200, 35.022743> 0.250000
	pigment { color rgbt <1,0,0,0> }
	no_shadow
}
cylinder {
	<29.657278, 38.299698, 34.785194>,  <29.538319, 38.451797, 34.642666>, 0.100000
	pigment { color rgbt <1,0,0,0> }
	no_shadow
}
cylinder {
	<29.657278, 38.299698, 34.785194>,  <29.855543, 38.046200, 35.022743>, 0.100000
	pigment { color rgbt <1,0,0,0> }
	no_shadow
}

// particle -1
sphere {
	<29.657278, 38.299698, 34.785194> 0.100000
	pigment { color rgbt <1,0,0,0> }
	no_shadow
}
sphere {
	0, 1
	scale<0.080000,0.200000,0.300000>
	matrix <0.550419, -0.299712, -0.779238,
		-0.671831, -0.713116, -0.200271,
		-0.495663, 0.633749, -0.593869,
		29.508579, 38.489822, 34.607033>
	pigment { color rgbt <0,1,1,0> }
	no_shadow
}
cylinder {
	<29.410864, 37.845108, 34.452885>,  <29.855543, 38.046200, 35.022743>, 0.130000
	pigment { color rgbt <1,0,0,0> }
	no_shadow
}

// nucleotide -1

// particle -1
sphere {
	<29.410864, 37.845108, 34.452885> 0.250000
	pigment { color rgbt <1,0,0,0> }
	no_shadow
}
cylinder {
	<29.592205, 38.183285, 34.339958>,  <29.701010, 38.386192, 34.272202>, 0.100000
	pigment { color rgbt <1,0,0,0> }
	no_shadow
}
cylinder {
	<29.592205, 38.183285, 34.339958>,  <29.410864, 37.845108, 34.452885>, 0.100000
	pigment { color rgbt <1,0,0,0> }
	no_shadow
}

// particle -1
sphere {
	<29.592205, 38.183285, 34.339958> 0.100000
	pigment { color rgbt <1,0,0,0> }
	no_shadow
}
sphere {
	0, 1
	scale<0.080000,0.200000,0.300000>
	matrix <0.567217, -0.517969, -0.640291,
		-0.687558, 0.130144, -0.714371,
		0.453352, 0.845441, -0.282314,
		29.728210, 38.436916, 34.255264>
	pigment { color rgbt <0,1,1,0> }
	no_shadow
}
cylinder {
	<29.333622, 37.717651, 33.790478>,  <29.410864, 37.845108, 34.452885>, 0.130000
	pigment { color rgbt <1,0,0,0> }
	no_shadow
}

// nucleotide -1

// particle -1
sphere {
	<29.333622, 37.717651, 33.790478> 0.250000
	pigment { color rgbt <1,0,0,0> }
	no_shadow
}
cylinder {
	<29.611956, 37.998810, 33.849472>,  <29.778955, 38.167503, 33.884869>, 0.100000
	pigment { color rgbt <1,0,0,0> }
	no_shadow
}
cylinder {
	<29.611956, 37.998810, 33.849472>,  <29.333622, 37.717651, 33.790478>, 0.100000
	pigment { color rgbt <1,0,0,0> }
	no_shadow
}

// particle -1
sphere {
	<29.611956, 37.998810, 33.849472> 0.100000
	pigment { color rgbt <1,0,0,0> }
	no_shadow
}
sphere {
	0, 1
	scale<0.080000,0.200000,0.300000>
	matrix <0.610341, -0.470487, -0.637280,
		-0.378550, 0.533459, -0.756387,
		0.695833, 0.702896, 0.147489,
		29.820705, 38.209679, 33.893719>
	pigment { color rgbt <0,1,1,0> }
	no_shadow
}
cylinder {
	<29.672668, 37.890953, 32.996704>,  <29.333622, 37.717651, 33.790478>, 0.130000
	pigment { color rgbt <1,0,0,0> }
	no_shadow
}

// nucleotide -1

// particle -1
sphere {
	<29.672668, 37.890953, 32.996704> 0.250000
	pigment { color rgbt <1,0,0,0> }
	no_shadow
}
cylinder {
	<29.865902, 37.961601, 33.339733>,  <29.981842, 38.003990, 33.545551>, 0.100000
	pigment { color rgbt <1,0,0,0> }
	no_shadow
}
cylinder {
	<29.865902, 37.961601, 33.339733>,  <29.672668, 37.890953, 32.996704>, 0.100000
	pigment { color rgbt <1,0,0,0> }
	no_shadow
}

// particle -1
sphere {
	<29.865902, 37.961601, 33.339733> 0.100000
	pigment { color rgbt <1,0,0,0> }
	no_shadow
}
sphere {
	0, 1
	scale<0.080000,0.200000,0.300000>
	matrix <0.851107, -0.324642, -0.412582,
		0.205536, 0.929201, -0.307150,
		0.483085, 0.176617, 0.857575,
		30.010828, 38.014587, 33.597004>
	pigment { color rgbt <0,1,1,0> }
	no_shadow
}
cylinder {
	<30.190201, 38.341827, 32.822689>,  <29.672668, 37.890953, 32.996704>, 0.130000
	pigment { color rgbt <1,0,0,0> }
	no_shadow
}

// nucleotide -1

// particle -1
sphere {
	<30.190201, 38.341827, 32.822689> 0.250000
	pigment { color rgbt <1,0,0,0> }
	no_shadow
}
cylinder {
	<30.301655, 38.143230, 33.151531>,  <30.368526, 38.024075, 33.348839>, 0.100000
	pigment { color rgbt <1,0,0,0> }
	no_shadow
}
cylinder {
	<30.301655, 38.143230, 33.151531>,  <30.190201, 38.341827, 32.822689>, 0.100000
	pigment { color rgbt <1,0,0,0> }
	no_shadow
}

// particle -1
sphere {
	<30.301655, 38.143230, 33.151531> 0.100000
	pigment { color rgbt <1,0,0,0> }
	no_shadow
}
sphere {
	0, 1
	scale<0.080000,0.200000,0.300000>
	matrix <0.791355, -0.366333, -0.489447,
		0.544170, 0.786956, 0.290825,
		0.278634, -0.496488, 0.822109,
		30.385244, 37.994286, 33.398163>
	pigment { color rgbt <0,1,1,0> }
	no_shadow
}
cylinder {
	<30.890694, 38.519779, 33.038158>,  <30.190201, 38.341827, 32.822689>, 0.130000
	pigment { color rgbt <1,0,0,0> }
	no_shadow
}

// nucleotide -1

// particle -1
sphere {
	<30.890694, 38.519779, 33.038158> 0.250000
	pigment { color rgbt <1,0,0,0> }
	no_shadow
}
cylinder {
	<30.831594, 38.160858, 33.204540>,  <30.796135, 37.945507, 33.304371>, 0.100000
	pigment { color rgbt <1,0,0,0> }
	no_shadow
}
cylinder {
	<30.831594, 38.160858, 33.204540>,  <30.890694, 38.519779, 33.038158>, 0.100000
	pigment { color rgbt <1,0,0,0> }
	no_shadow
}

// particle -1
sphere {
	<30.831594, 38.160858, 33.204540> 0.100000
	pigment { color rgbt <1,0,0,0> }
	no_shadow
}
sphere {
	0, 1
	scale<0.080000,0.200000,0.300000>
	matrix <0.848702, -0.330969, -0.412511,
		0.507815, 0.292076, 0.810441,
		-0.147746, -0.897302, 0.415957,
		30.787271, 37.891666, 33.329327>
	pigment { color rgbt <0,1,1,0> }
	no_shadow
}
cylinder {
	<31.530262, 38.323776, 33.166069>,  <30.890694, 38.519779, 33.038158>, 0.130000
	pigment { color rgbt <1,0,0,0> }
	no_shadow
}

// nucleotide -1

// particle -1
sphere {
	<31.530262, 38.323776, 33.166069> 0.250000
	pigment { color rgbt <1,0,0,0> }
	no_shadow
}
cylinder {
	<31.328890, 37.980724, 33.208084>,  <31.208067, 37.774895, 33.233295>, 0.100000
	pigment { color rgbt <1,0,0,0> }
	no_shadow
}
cylinder {
	<31.328890, 37.980724, 33.208084>,  <31.530262, 38.323776, 33.166069>, 0.100000
	pigment { color rgbt <1,0,0,0> }
	no_shadow
}

// particle -1
sphere {
	<31.328890, 37.980724, 33.208084> 0.100000
	pigment { color rgbt <1,0,0,0> }
	no_shadow
}
sphere {
	0, 1
	scale<0.080000,0.200000,0.300000>
	matrix <0.816890, -0.512041, -0.265528,
		0.281509, -0.047868, 0.958364,
		-0.503432, -0.857626, 0.105041,
		31.177860, 37.723438, 33.239597>
	pigment { color rgbt <0,1,1,0> }
	no_shadow
}
cylinder {
	<31.932083, 37.980667, 33.528564>,  <31.530262, 38.323776, 33.166069>, 0.130000
	pigment { color rgbt <1,0,0,0> }
	no_shadow
}

// nucleotide -1

// particle -1
sphere {
	<31.932083, 37.980667, 33.528564> 0.250000
	pigment { color rgbt <1,0,0,0> }
	no_shadow
}
cylinder {
	<31.697859, 37.725098, 33.329006>,  <31.557323, 37.571758, 33.209270>, 0.100000
	pigment { color rgbt <1,0,0,0> }
	no_shadow
}
cylinder {
	<31.697859, 37.725098, 33.329006>,  <31.932083, 37.980667, 33.528564>, 0.100000
	pigment { color rgbt <1,0,0,0> }
	no_shadow
}

// particle -1
sphere {
	<31.697859, 37.725098, 33.329006> 0.100000
	pigment { color rgbt <1,0,0,0> }
	no_shadow
}
sphere {
	0, 1
	scale<0.080000,0.200000,0.300000>
	matrix <0.810165, -0.440435, -0.386846,
