// switches for output
#declare DRAW_BASES = 1; // possible values are 0, 1; only relevant for DNA ribbons
#declare DRAW_BASES_TYPE = 3; // possible values are 1, 2, 3; only relevant for DNA ribbons
#declare DRAW_FOG = 0; // set to 1 to enable fog

#include "colors.inc"

#include "transforms.inc"
background { rgb <1, 1, 1>}

#default {
   normal{
       ripples 0.25
       frequency 0.20
       turbulence 0.2
       lambda 5
   }
	finish {
		phong 0.1
		phong_size 40.
	}
}

// original window dimensions: 1024x640


// camera settings

camera {
	sky <0, 0.179814, -0.983701>
	up <0, 0.179814, -0.983701>
	right 1.6 * <1, 0, 0>
	location <35, 94.9851, 44.8844>
	look_at <35, 29.7336, 32.9568>
	direction <0, -65.2515, -11.9276>
	angle 67.0682
}


# declare cpy_camera_pos = <35, 94.9851, 44.8844>;
# if (DRAW_FOG = 1)
fog {
	fog_type 2
	up vnormalize(cpy_camera_pos)
	color rgbt<1,1,1,0.3>
	distance 1e-5
	fog_alt 3e-3
	fog_offset 56
}
# end


// LIGHTS

# declare lum = 6;
global_settings {
	ambient_light rgb lum * <0.05, 0.05, 0.05>
	max_trace_level 15
}# declare cpy_direct_light_amount = 0.25;
light_source
{	1000 * <-1, -1.16352, -0.803886>,
	rgb lum * cpy_direct_light_amount
	parallel
}

light_source
{	1000 * <1, 1.16352, 0.803886>,
	rgb lum * cpy_direct_light_amount
	parallel
}

// strand 0

// nucleotide -1

// particle -1
sphere {
	<24.069324, 35.227970, 35.473598> 0.250000
	pigment { color rgbt <1,0,0,0> }
	no_shadow
}
cylinder {
	<24.404781, 35.133591, 35.277229>,  <24.606056, 35.076962, 35.159409>, 0.100000
	pigment { color rgbt <1,0,0,0> }
	no_shadow
}
cylinder {
	<24.404781, 35.133591, 35.277229>,  <24.069324, 35.227970, 35.473598>, 0.100000
	pigment { color rgbt <1,0,0,0> }
	no_shadow
}

// particle -1
sphere {
	<24.404781, 35.133591, 35.277229> 0.100000
	pigment { color rgbt <1,0,0,0> }
	no_shadow
}
sphere {
	0, 1
	scale<0.080000,0.200000,0.300000>
	matrix <0.149720, 0.966444, -0.208732,
		0.523699, 0.101551, 0.845829,
		0.838644, -0.235950, -0.490922,
		24.656374, 35.062805, 35.129951>
	pigment { color rgbt <0,1,1,0> }
	no_shadow
}
cylinder {
	<24.622234, 35.448193, 35.824646>,  <24.069324, 35.227970, 35.473598>, 0.130000
	pigment { color rgbt <1,0,0,0> }
	no_shadow
}

// nucleotide -1

// particle -1
sphere {
	<24.622234, 35.448193, 35.824646> 0.250000
	pigment { color rgbt <1,0,0,0> }
	no_shadow
}
cylinder {
	<24.698090, 35.468636, 35.432438>,  <24.743603, 35.480900, 35.197113>, 0.100000
	pigment { color rgbt <1,0,0,0> }
	no_shadow
}
cylinder {
	<24.698090, 35.468636, 35.432438>,  <24.622234, 35.448193, 35.824646>, 0.100000
	pigment { color rgbt <1,0,0,0> }
	no_shadow
}

// particle -1
sphere {
	<24.698090, 35.468636, 35.432438> 0.100000
	pigment { color rgbt <1,0,0,0> }
	no_shadow
}
sphere {
	0, 1
	scale<0.080000,0.200000,0.300000>
	matrix <0.145607, 0.986139, 0.079557,
		0.970998, -0.157858, 0.179568,
		0.189637, 0.051103, -0.980523,
		24.754980, 35.483967, 35.138279>
	pigment { color rgbt <0,1,1,0> }
	no_shadow
}
cylinder {
	<25.226908, 35.781044, 35.579071>,  <24.622234, 35.448193, 35.824646>, 0.130000
	pigment { color rgbt <1,0,0,0> }
	no_shadow
}

// nucleotide -1

// particle -1
sphere {
	<25.226908, 35.781044, 35.579071> 0.250000
	pigment { color rgbt <1,0,0,0> }
	no_shadow
}
cylinder {
	<24.986109, 35.853348, 35.267963>,  <24.841629, 35.896729, 35.081299>, 0.100000
	pigment { color rgbt <1,0,0,0> }
	no_shadow
}
cylinder {
	<24.986109, 35.853348, 35.267963>,  <25.226908, 35.781044, 35.579071>, 0.100000
	pigment { color rgbt <1,0,0,0> }
	no_shadow
}

// particle -1
sphere {
	<24.986109, 35.853348, 35.267963> 0.100000
	pigment { color rgbt <1,0,0,0> }
	no_shadow
}
sphere {
	0, 1
	scale<0.080000,0.200000,0.300000>
	matrix <0.015831, 0.976550, 0.214706,
		0.798340, 0.116940, -0.590744,
		-0.601999, 0.180761, -0.777768,
		24.805510, 35.907578, 35.034634>
	pigment { color rgbt <0,1,1,0> }
	no_shadow
}
cylinder {
	<25.534042, 36.388523, 35.369720>,  <25.226908, 35.781044, 35.579071>, 0.130000
	pigment { color rgbt <1,0,0,0> }
	no_shadow
}

// nucleotide -1

// particle -1
sphere {
	<25.534042, 36.388523, 35.369720> 0.250000
	pigment { color rgbt <1,0,0,0> }
	no_shadow
}
cylinder {
	<25.159634, 36.369408, 35.230247>,  <24.934988, 36.357941, 35.146564>, 0.100000
	pigment { color rgbt <1,0,0,0> }
	no_shadow
}
cylinder {
	<25.159634, 36.369408, 35.230247>,  <25.534042, 36.388523, 35.369720>, 0.100000
	pigment { color rgbt <1,0,0,0> }
	no_shadow
}

// particle -1
sphere {
	<25.159634, 36.369408, 35.230247> 0.100000
	pigment { color rgbt <1,0,0,0> }
	no_shadow
}
sphere {
	0, 1
	scale<0.080000,0.200000,0.300000>
	matrix <-0.096284, 0.987711, 0.123107,
		0.338511, 0.148803, -0.929122,
		-0.936023, -0.047787, -0.348679,
		24.878826, 36.355072, 35.125645>
	pigment { color rgbt <0,1,1,0> }
	no_shadow
}
cylinder {
	<25.429255, 36.985878, 34.768307>,  <25.534042, 36.388523, 35.369720>, 0.130000
	pigment { color rgbt <1,0,0,0> }
	no_shadow
}

// nucleotide -1

// particle -1
sphere {
	<25.429255, 36.985878, 34.768307> 0.250000
	pigment { color rgbt <1,0,0,0> }
	no_shadow
}
cylinder {
	<25.085371, 36.940083, 34.967422>,  <24.879042, 36.912605, 35.086891>, 0.100000
	pigment { color rgbt <1,0,0,0> }
	no_shadow
}
cylinder {
	<25.085371, 36.940083, 34.967422>,  <25.429255, 36.985878, 34.768307>, 0.100000
	pigment { color rgbt <1,0,0,0> }
	no_shadow
}

// particle -1
sphere {
	<25.085371, 36.940083, 34.967422> 0.100000
	pigment { color rgbt <1,0,0,0> }
	no_shadow
}
sphere {
	0, 1
	scale<0.080000,0.200000,0.300000>
	matrix <-0.098249, 0.993423, 0.058807,
		-0.501246, 0.001650, -0.865303,
		-0.859709, -0.114492, 0.497787,
		24.827457, 36.905735, 35.116760>
	pigment { color rgbt <0,1,1,0> }
	no_shadow
}
cylinder {
	<24.890715, 37.496784, 34.463634>,  <25.429255, 36.985878, 34.768307>, 0.130000
	pigment { color rgbt <1,0,0,0> }
	no_shadow
}

// nucleotide -1

// particle -1
sphere {
	<24.890715, 37.496784, 34.463634> 0.250000
	pigment { color rgbt <1,0,0,0> }
	no_shadow
}
cylinder {
	<24.800407, 37.425629, 34.846756>,  <24.746223, 37.382935, 35.076630>, 0.100000
	pigment { color rgbt <1,0,0,0> }
	no_shadow
}
cylinder {
	<24.800407, 37.425629, 34.846756>,  <24.890715, 37.496784, 34.463634>, 0.100000
	pigment { color rgbt <1,0,0,0> }
	no_shadow
}

// particle -1
sphere {
	<24.800407, 37.425629, 34.846756> 0.100000
	pigment { color rgbt <1,0,0,0> }
	no_shadow
}
sphere {
	0, 1
	scale<0.080000,0.200000,0.300000>
	matrix <-0.175203, 0.974570, 0.139707,
		-0.958297, -0.136268, -0.251194,
		-0.225769, -0.177890, 0.957801,
		24.732677, 37.372261, 35.134098>
	pigment { color rgbt <0,1,1,0> }
	no_shadow
}
cylinder {
	<24.327690, 37.891518, 34.646370>,  <24.890715, 37.496784, 34.463634>, 0.130000
	pigment { color rgbt <1,0,0,0> }
	no_shadow
}

// nucleotide -1

// particle -1
sphere {
	<24.327690, 37.891518, 34.646370> 0.250000
	pigment { color rgbt <1,0,0,0> }
	no_shadow
}
cylinder {
	<24.578167, 37.847980, 34.955185>,  <24.728453, 37.821857, 35.140472>, 0.100000
	pigment { color rgbt <1,0,0,0> }
	no_shadow
}
cylinder {
	<24.578167, 37.847980, 34.955185>,  <24.327690, 37.891518, 34.646370>, 0.100000
	pigment { color rgbt <1,0,0,0> }
	no_shadow
}

// particle -1
sphere {
	<24.578167, 37.847980, 34.955185> 0.100000
	pigment { color rgbt <1,0,0,0> }
	no_shadow
}
sphere {
	0, 1
	scale<0.080000,0.200000,0.300000>
	matrix <0.081897, 0.993912, 0.073703,
		-0.775356, 0.017075, 0.631293,
		0.626191, -0.108847, 0.772034,
		24.766024, 37.815327, 35.186794>
	pigment { color rgbt <0,1,1,0> }
	no_shadow
}
cylinder {
	<24.041723, 38.263783, 35.252663>,  <24.327690, 37.891518, 34.646370>, 0.130000
	pigment { color rgbt <1,0,0,0> }
	no_shadow
}

// nucleotide -1

// particle -1
sphere {
	<24.041723, 38.263783, 35.252663> 0.250000
	pigment { color rgbt <1,0,0,0> }
	no_shadow
}
cylinder {
	<24.441557, 38.252842, 35.256226>,  <24.681458, 38.246277, 35.258362>, 0.100000
	pigment { color rgbt <1,0,0,0> }
	no_shadow
}
cylinder {
	<24.441557, 38.252842, 35.256226>,  <24.041723, 38.263783, 35.252663>, 0.100000
	pigment { color rgbt <1,0,0,0> }
	no_shadow
}

// particle -1
sphere {
	<24.441557, 38.252842, 35.256226> 0.100000
	pigment { color rgbt <1,0,0,0> }
	no_shadow
}
sphere {
	0, 1
	scale<0.080000,0.200000,0.300000>
	matrix <0.026781, 0.997914, 0.058744,
		-0.010494, -0.058481, 0.998233,
		0.999586, -0.027350, 0.008905,
		24.741432, 38.244637, 35.258896>
	pigment { color rgbt <0,1,1,0> }
	no_shadow
}
cylinder {
	<24.365814, 38.515915, 35.902645>,  <24.041723, 38.263783, 35.252663>, 0.130000
	pigment { color rgbt <1,0,0,0> }
	no_shadow
}

// nucleotide -1

// particle -1
sphere {
	<24.365814, 38.515915, 35.902645> 0.250000
	pigment { color rgbt <1,0,0,0> }
	no_shadow
}
cylinder {
	<24.653000, 38.564445, 35.628475>,  <24.825312, 38.593563, 35.463974>, 0.100000
	pigment { color rgbt <1,0,0,0> }
	no_shadow
}
cylinder {
	<24.653000, 38.564445, 35.628475>,  <24.365814, 38.515915, 35.902645>, 0.100000
	pigment { color rgbt <1,0,0,0> }
	no_shadow
}

// particle -1
sphere {
	<24.653000, 38.564445, 35.628475> 0.100000
	pigment { color rgbt <1,0,0,0> }
	no_shadow
}
sphere {
	0, 1
	scale<0.080000,0.200000,0.300000>
	matrix <0.129938, 0.944023, 0.303211,
		0.683847, -0.306757, 0.662007,
		0.717962, 0.121330, -0.685426,
		24.868389, 38.600845, 35.422848>
	pigment { color rgbt <0,1,1,0> }
	no_shadow
}
cylinder {
	<24.934591, 38.970211, 36.187553>,  <24.365814, 38.515915, 35.902645>, 0.130000
	pigment { color rgbt <1,0,0,0> }
	no_shadow
}

// nucleotide -1

// particle -1
sphere {
	<24.934591, 38.970211, 36.187553> 0.250000
	pigment { color rgbt <1,0,0,0> }
	no_shadow
}
cylinder {
	<24.967897, 38.988464, 35.789360>,  <24.987881, 38.999416, 35.550446>, 0.100000
	pigment { color rgbt <1,0,0,0> }
	no_shadow
}
cylinder {
	<24.967897, 38.988464, 35.789360>,  <24.934591, 38.970211, 36.187553>, 0.100000
	pigment { color rgbt <1,0,0,0> }
	no_shadow
}

// particle -1
sphere {
	<24.967897, 38.988464, 35.789360> 0.100000
	pigment { color rgbt <1,0,0,0> }
	no_shadow
}
sphere {
	0, 1
	scale<0.080000,0.200000,0.300000>
	matrix <0.109234, 0.992514, 0.054631,
		0.990522, -0.113290, 0.077659,
		0.083267, 0.045630, -0.995482,
		24.992878, 39.002151, 35.490715>
	pigment { color rgbt <0,1,1,0> }
	no_shadow
}
cylinder {
	<25.557968, 39.354511, 36.052383>,  <24.934591, 38.970211, 36.187553>, 0.130000
	pigment { color rgbt <1,0,0,0> }
	no_shadow
}

// nucleotide -1

// particle -1
sphere {
	<25.557968, 39.354511, 36.052383> 0.250000
	pigment { color rgbt <1,0,0,0> }
	no_shadow
}
cylinder {
	<25.324455, 39.349522, 35.727657>,  <25.184347, 39.346527, 35.532822>, 0.100000
	pigment { color rgbt <1,0,0,0> }
	no_shadow
}
cylinder {
	<25.324455, 39.349522, 35.727657>,  <25.557968, 39.354511, 36.052383>, 0.100000
	pigment { color rgbt <1,0,0,0> }
	no_shadow
}

// particle -1
sphere {
	<25.324455, 39.349522, 35.727657> 0.100000
	pigment { color rgbt <1,0,0,0> }
	no_shadow
}
sphere {
	0, 1
	scale<0.080000,0.200000,0.300000>
	matrix <-0.008785, 0.999920, -0.009046,
		0.811861, 0.001851, -0.583848,
		-0.583785, -0.012473, -0.811813,
		25.149321, 39.345779, 35.484112>
	pigment { color rgbt <0,1,1,0> }
	no_shadow
}
cylinder {
	<25.949764, 39.707836, 35.446999>,  <25.557968, 39.354511, 36.052383>, 0.130000
	pigment { color rgbt <1,0,0,0> }
	no_shadow
}

// nucleotide -1

// particle -1
sphere {
	<25.949764, 39.707836, 35.446999> 0.250000
	pigment { color rgbt <1,0,0,0> }
	no_shadow
}
cylinder {
	<25.549986, 39.721081, 35.448204>,  <25.310118, 39.729027, 35.448925>, 0.100000
	pigment { color rgbt <1,0,0,0> }
	no_shadow
}
cylinder {
	<25.549986, 39.721081, 35.448204>,  <25.949764, 39.707836, 35.446999>, 0.100000
	pigment { color rgbt <1,0,0,0> }
	no_shadow
}

// particle -1
sphere {
	<25.549986, 39.721081, 35.448204> 0.100000
	pigment { color rgbt <1,0,0,0> }
	no_shadow
}
sphere {
	0, 1
	scale<0.080000,0.200000,0.300000>
	matrix <0.033083, 0.999418, -0.008353,
		-0.003286, -0.008248, -0.999961,
		-0.999447, 0.033109, 0.003012,
		25.250153, 39.731014, 35.449108>
	pigment { color rgbt <0,1,1,0> }
	no_shadow
}
cylinder {
	<25.633463, 40.048927, 34.875122>,  <25.949764, 39.707836, 35.446999>, 0.130000
	pigment { color rgbt <1,0,0,0> }
	no_shadow
}

// nucleotide -1

// particle -1
sphere {
	<25.633463, 40.048927, 34.875122> 0.250000
	pigment { color rgbt <1,0,0,0> }
	no_shadow
}
cylinder {
	<25.361830, 40.122742, 35.159317>,  <25.198849, 40.167030, 35.329834>, 0.100000
	pigment { color rgbt <1,0,0,0> }
	no_shadow
}
cylinder {
	<25.361830, 40.122742, 35.159317>,  <25.633463, 40.048927, 34.875122>, 0.100000
	pigment { color rgbt <1,0,0,0> }
	no_shadow
}

// particle -1
sphere {
	<25.361830, 40.122742, 35.159317> 0.100000
	pigment { color rgbt <1,0,0,0> }
	no_shadow
}
sphere {
	0, 1
	scale<0.080000,0.200000,0.300000>
	matrix <0.092814, 0.981703, -0.166268,
		-0.728169, -0.046967, -0.683787,
		-0.679084, 0.184536, 0.710486,
		25.158104, 40.178104, 35.372463>
	pigment { color rgbt <0,1,1,0> }
	no_shadow
}
cylinder {
	<25.164219, 40.574982, 34.631886>,  <25.633463, 40.048927, 34.875122>, 0.130000
	pigment { color rgbt <1,0,0,0> }
	no_shadow
}

// nucleotide -1

// particle -1
sphere {
	<25.164219, 40.574982, 34.631886> 0.250000
	pigment { color rgbt <1,0,0,0> }
	no_shadow
}
cylinder {
	<25.215517, 40.573063, 35.028580>,  <25.246296, 40.571911, 35.266594>, 0.100000
	pigment { color rgbt <1,0,0,0> }
	no_shadow
}
cylinder {
	<25.215517, 40.573063, 35.028580>,  <25.164219, 40.574982, 34.631886>, 0.100000
	pigment { color rgbt <1,0,0,0> }
	no_shadow
}

// particle -1
sphere {
	<25.215517, 40.573063, 35.028580> 0.100000
	pigment { color rgbt <1,0,0,0> }
	no_shadow
}
sphere {
	0, 1
	scale<0.080000,0.200000,0.300000>
	matrix <0.341520, 0.939039, -0.039623,
		-0.931084, 0.343778, 0.122064,
		0.128245, -0.004795, 0.991731,
		25.253990, 40.571625, 35.326099>
	pigment { color rgbt <0,1,1,0> }
	no_shadow
}
cylinder {
	<24.545233, 40.187351, 35.001659>,  <25.164219, 40.574982, 34.631886>, 0.130000
	pigment { color rgbt <1,0,0,0> }
	no_shadow
}

// nucleotide -1

// particle -1
sphere {
	<24.545233, 40.187351, 35.001659> 0.250000
	pigment { color rgbt <1,0,0,0> }
	no_shadow
}
cylinder {
	<24.597626, 40.299068, 34.621166>,  <24.629061, 40.366100, 34.392872>, 0.100000
	pigment { color rgbt <1,0,0,0> }
	no_shadow
}
cylinder {
	<24.597626, 40.299068, 34.621166>,  <24.545233, 40.187351, 35.001659>, 0.100000
	pigment { color rgbt <1,0,0,0> }
	no_shadow
}

// particle -1
sphere {
	<24.597626, 40.299068, 34.621166> 0.100000
	pigment { color rgbt <1,0,0,0> }
	no_shadow
}
sphere {
	0, 1
	scale<0.080000,0.200000,0.300000>
	matrix <-0.236727, 0.940552, 0.243562,
		0.962707, 0.193280, 0.189312,
		0.130982, 0.279294, -0.951230,
		24.636921, 40.382858, 34.335796>
	pigment { color rgbt <0,1,1,0> }
	no_shadow
}
cylinder {
	<24.106735, 39.743519, 34.953224>,  <24.545233, 40.187351, 35.001659>, 0.130000
	pigment { color rgbt <1,0,0,0> }
	no_shadow
}

// nucleotide -1

// particle -1
sphere {
	<24.106735, 39.743519, 34.953224> 0.250000
	pigment { color rgbt <1,0,0,0> }
	no_shadow
}
cylinder {
	<24.506069, 39.757107, 34.971863>,  <24.745670, 39.765259, 34.983047>, 0.100000
	pigment { color rgbt <1,0,0,0> }
	no_shadow
}
cylinder {
	<24.506069, 39.757107, 34.971863>,  <24.106735, 39.743519, 34.953224>, 0.100000
	pigment { color rgbt <1,0,0,0> }
	no_shadow
}

// particle -1
sphere {
	<24.506069, 39.757107, 34.971863> 0.100000
	pigment { color rgbt <1,0,0,0> }
	no_shadow
}
sphere {
	0, 1
	scale<0.080000,0.200000,0.300000>
	matrix <0.036532, -0.997804, -0.055258,
		0.044616, 0.056868, -0.997384,
		0.998336, 0.033971, 0.046595,
		24.805571, 39.767300, 34.985840>
	pigment { color rgbt <0,1,1,0> }
	no_shadow
}
cylinder {
	<24.324520, 39.295677, 34.440529>,  <24.106735, 39.743519, 34.953224>, 0.130000
	pigment { color rgbt <1,0,0,0> }
	no_shadow
}

// nucleotide -1

// particle -1
sphere {
	<24.324520, 39.295677, 34.440529> 0.250000
	pigment { color rgbt <1,0,0,0> }
	no_shadow
}
cylinder {
	<24.593390, 39.331066, 34.734562>,  <24.754711, 39.352299, 34.910984>, 0.100000
	pigment { color rgbt <1,0,0,0> }
	no_shadow
}
cylinder {
	<24.593390, 39.331066, 34.734562>,  <24.324520, 39.295677, 34.440529>, 0.100000
	pigment { color rgbt <1,0,0,0> }
	no_shadow
}

// particle -1
sphere {
	<24.593390, 39.331066, 34.734562> 0.100000
	pigment { color rgbt <1,0,0,0> }
	no_shadow
}
sphere {
	0, 1
	scale<0.080000,0.200000,0.300000>
	matrix <0.244893, -0.963519, -0.107973,
		0.698718, 0.252594, -0.669320,
		0.672176, 0.088469, 0.735087,
		24.795042, 39.357609, 34.955090>
	pigment { color rgbt <0,1,1,0> }
	no_shadow
}
cylinder {
	<25.041079, 39.035564, 34.199562>,  <24.324520, 39.295677, 34.440529>, 0.130000
	pigment { color rgbt <1,0,0,0> }
	no_shadow
}

// nucleotide -1

// particle -1
sphere {
	<25.041079, 39.035564, 34.199562> 0.250000
	pigment { color rgbt <1,0,0,0> }
	no_shadow
}
cylinder {
	<25.056681, 39.023464, 34.599075>,  <25.066042, 39.016205, 34.838783>, 0.100000
	pigment { color rgbt <1,0,0,0> }
	no_shadow
}
cylinder {
	<25.056681, 39.023464, 34.599075>,  <25.041079, 39.035564, 34.199562>, 0.100000
	pigment { color rgbt <1,0,0,0> }
	no_shadow
}

// particle -1
sphere {
	<25.056681, 39.023464, 34.599075> 0.100000
	pigment { color rgbt <1,0,0,0> }
	no_shadow
}
sphere {
	0, 1
	scale<0.080000,0.200000,0.300000>
	matrix <0.433810, -0.899920, -0.044200,
		0.900160, 0.435005, -0.021976,
		0.039004, -0.030253, 0.998781,
		25.068382, 39.014389, 34.898708>
	pigment { color rgbt <0,1,1,0> }
	no_shadow
}
cylinder {
	<25.675741, 38.561436, 34.448986>,  <25.041079, 39.035564, 34.199562>, 0.130000
	pigment { color rgbt <1,0,0,0> }
	no_shadow
}

// nucleotide -1

// particle -1
sphere {
	<25.675741, 38.561436, 34.448986> 0.250000
	pigment { color rgbt <1,0,0,0> }
	no_shadow
}
cylinder {
	<25.408361, 38.574532, 34.746201>,  <25.247934, 38.582390, 34.924530>, 0.100000
	pigment { color rgbt <1,0,0,0> }
	no_shadow
}
cylinder {
	<25.408361, 38.574532, 34.746201>,  <25.675741, 38.561436, 34.448986>, 0.100000
	pigment { color rgbt <1,0,0,0> }
	no_shadow
}

// particle -1
sphere {
	<25.408361, 38.574532, 34.746201> 0.100000
	pigment { color rgbt <1,0,0,0> }
	no_shadow
}
sphere {
	0, 1
	scale<0.080000,0.200000,0.300000>
	matrix <0.247853, -0.932120, 0.264048,
		0.701246, 0.360666, 0.614958,
		-0.668448, 0.032744, 0.743038,
		25.207827, 38.584354, 34.969112>
	pigment { color rgbt <0,1,1,0> }
	no_shadow
}
cylinder {
	<25.972467, 38.215496, 34.969501>,  <25.675741, 38.561436, 34.448986>, 0.130000
	pigment { color rgbt <1,0,0,0> }
	no_shadow
}

// nucleotide -1

// particle -1
sphere {
	<25.972467, 38.215496, 34.969501> 0.250000
	pigment { color rgbt <1,0,0,0> }
	no_shadow
}
cylinder {
	<25.578043, 38.229385, 35.034592>,  <25.341389, 38.237720, 35.073647>, 0.100000
	pigment { color rgbt <1,0,0,0> }
	no_shadow
}
cylinder {
	<25.578043, 38.229385, 35.034592>,  <25.972467, 38.215496, 34.969501>, 0.100000
	pigment { color rgbt <1,0,0,0> }
	no_shadow
}

// particle -1
sphere {
	<25.578043, 38.229385, 35.034592> 0.100000
	pigment { color rgbt <1,0,0,0> }
	no_shadow
}
sphere {
	0, 1
	scale<0.080000,0.200000,0.300000>
	matrix <0.007220, -0.968131, 0.250339,
		0.166237, 0.248024, 0.954384,
		-0.986059, 0.034725, 0.162730,
		25.282225, 38.239803, 35.083412>
	pigment { color rgbt <0,1,1,0> }
	no_shadow
}
cylinder {
	<25.863569, 37.799934, 35.452126>,  <25.972467, 38.215496, 34.969501>, 0.130000
	pigment { color rgbt <1,0,0,0> }
	no_shadow
}

// nucleotide -1

// particle -1
sphere {
	<25.863569, 37.799934, 35.452126> 0.250000
	pigment { color rgbt <1,0,0,0> }
	no_shadow
}
cylinder {
	<25.519068, 37.795280, 35.248909>,  <25.312366, 37.792488, 35.126980>, 0.100000
	pigment { color rgbt <1,0,0,0> }
	no_shadow
}
cylinder {
	<25.519068, 37.795280, 35.248909>,  <25.863569, 37.799934, 35.452126>, 0.100000
	pigment { color rgbt <1,0,0,0> }
	no_shadow
}

// particle -1
sphere {
	<25.519068, 37.795280, 35.248909> 0.100000
	pigment { color rgbt <1,0,0,0> }
	no_shadow
}
sphere {
	0, 1
	scale<0.080000,0.200000,0.300000>
	matrix <-0.149237, -0.949863, 0.274752,
		-0.485764, 0.312450, 0.816338,
		-0.861256, -0.011637, -0.508039,
		25.260691, 37.791790, 35.096497>
	pigment { color rgbt <0,1,1,0> }
	no_shadow
}
cylinder {
	<25.259665, 37.658031, 35.911449>,  <25.863569, 37.799934, 35.452126>, 0.130000
	pigment { color rgbt <1,0,0,0> }
	no_shadow
}

// nucleotide -1

// particle -1
sphere {
	<25.259665, 37.658031, 35.911449> 0.250000
	pigment { color rgbt <1,0,0,0> }
	no_shadow
}
cylinder {
	<25.238897, 37.543476, 35.528767>,  <25.226437, 37.474743, 35.299156>, 0.100000
	pigment { color rgbt <1,0,0,0> }
	no_shadow
}
cylinder {
	<25.238897, 37.543476, 35.528767>,  <25.259665, 37.658031, 35.911449>, 0.100000
	pigment { color rgbt <1,0,0,0> }
	no_shadow
}

// particle -1
sphere {
	<25.238897, 37.543476, 35.528767> 0.100000
	pigment { color rgbt <1,0,0,0> }
	no_shadow
}
sphere {
	0, 1
	scale<0.080000,0.200000,0.300000>
	matrix <-0.053463, -0.955826, 0.289031,
		-0.997219, 0.066154, 0.034314,
		-0.051919, -0.286392, -0.956705,
		25.223322, 37.457558, 35.241756>
	pigment { color rgbt <0,1,1,0> }
	no_shadow
}
cylinder {
	<24.772404, 37.869019, 36.563019>,  <25.259665, 37.658031, 35.911449>, 0.130000
	pigment { color rgbt <1,0,0,0> }
	no_shadow
}

// nucleotide -1

// particle -1
sphere {
	<24.772404, 37.869019, 36.563019> 0.250000
	pigment { color rgbt <1,0,0,0> }
	no_shadow
}
cylinder {
	<24.707697, 37.747616, 36.938618>,  <24.668873, 37.674774, 37.163979>, 0.100000
	pigment { color rgbt <1,0,0,0> }
	no_shadow
}
cylinder {
	<24.707697, 37.747616, 36.938618>,  <24.772404, 37.869019, 36.563019>, 0.100000
	pigment { color rgbt <1,0,0,0> }
	no_shadow
}

// particle -1
sphere {
	<24.707697, 37.747616, 36.938618> 0.100000
	pigment { color rgbt <1,0,0,0> }
	no_shadow
}
sphere {
	0, 1
	scale<0.080000,0.200000,0.300000>
	matrix <0.933917, 0.260307, 0.245030,
		-0.318795, 0.916583, 0.241341,
		-0.161767, -0.303507, 0.938997,
		24.659166, 37.656563, 37.220318>
	pigment { color rgbt <0,1,1,0> }
	no_shadow
}
cylinder {
	<24.799885, 38.487019, 36.939274>,  <24.772404, 37.869019, 36.563019>, 0.130000
	pigment { color rgbt <1,0,0,0> }
	no_shadow
}

// nucleotide -1

// particle -1
sphere {
	<24.799885, 38.487019, 36.939274> 0.250000
	pigment { color rgbt <1,0,0,0> }
	no_shadow
}
cylinder {
	<24.945362, 38.140396, 37.075981>,  <25.032648, 37.932423, 37.158005>, 0.100000
	pigment { color rgbt <1,0,0,0> }
	no_shadow
}
cylinder {
	<24.945362, 38.140396, 37.075981>,  <24.799885, 38.487019, 36.939274>, 0.100000
	pigment { color rgbt <1,0,0,0> }
	no_shadow
}

// particle -1
sphere {
	<24.945362, 38.140396, 37.075981> 0.100000
	pigment { color rgbt <1,0,0,0> }
	no_shadow
}
sphere {
	0, 1
	scale<0.080000,0.200000,0.300000>
	matrix <0.930882, 0.351663, -0.098956,
		-0.034435, 0.354132, 0.934561,
		0.363694, -0.866559, 0.341765,
		25.054470, 37.880428, 37.178509>
	pigment { color rgbt <0,1,1,0> }
	no_shadow
}
cylinder {
	<25.075308, 38.675617, 37.557190>,  <24.799885, 38.487019, 36.939274>, 0.130000
	pigment { color rgbt <1,0,0,0> }
	no_shadow
}

// nucleotide -1

// particle -1
sphere {
	<25.075308, 38.675617, 37.557190> 0.250000
	pigment { color rgbt <1,0,0,0> }
	no_shadow
}
cylinder {
	<25.240747, 38.384380, 37.338531>,  <25.340012, 38.209637, 37.207336>, 0.100000
	pigment { color rgbt <1,0,0,0> }
	no_shadow
}
cylinder {
	<25.240747, 38.384380, 37.338531>,  <25.075308, 38.675617, 37.557190>, 0.100000
	pigment { color rgbt <1,0,0,0> }
	no_shadow
}

// particle -1
sphere {
	<25.240747, 38.384380, 37.338531> 0.100000
	pigment { color rgbt <1,0,0,0> }
	no_shadow
}
sphere {
	0, 1
	scale<0.080000,0.200000,0.300000>
	matrix <0.823212, 0.555532, -0.117077,
		0.388922, -0.401582, 0.829139,
		0.413597, -0.728091, -0.546645,
		25.364826, 38.165955, 37.174538>
	pigment { color rgbt <0,1,1,0> }
	no_shadow
}
cylinder {
	<25.705502, 38.335880, 37.821194>,  <25.075308, 38.675617, 37.557190>, 0.130000
	pigment { color rgbt <1,0,0,0> }
	no_shadow
}

// nucleotide -1

// particle -1
sphere {
	<25.705502, 38.335880, 37.821194> 0.250000
	pigment { color rgbt <1,0,0,0> }
	no_shadow
}
cylinder {
	<25.672443, 38.380478, 37.425064>,  <25.652609, 38.407238, 37.187386>, 0.100000
	pigment { color rgbt <1,0,0,0> }
	no_shadow
}
cylinder {
	<25.672443, 38.380478, 37.425064>,  <25.705502, 38.335880, 37.821194>, 0.100000
	pigment { color rgbt <1,0,0,0> }
	no_shadow
}

// particle -1
sphere {
	<25.672443, 38.380478, 37.425064> 0.100000
	pigment { color rgbt <1,0,0,0> }
	no_shadow
}
sphere {
	0, 1
	scale<0.080000,0.200000,0.300000>
	matrix <0.677809, 0.734772, 0.026158,
		0.730578, -0.669088, -0.136300,
		-0.082647, 0.111496, -0.990322,
		25.647650, 38.413925, 37.127968>
	pigment { color rgbt <0,1,1,0> }
	no_shadow
}
cylinder {
	<26.460016, 38.443645, 37.583141>,  <25.705502, 38.335880, 37.821194>, 0.130000
	pigment { color rgbt <1,0,0,0> }
	no_shadow
}

// nucleotide -1

// particle -1
sphere {
	<26.460016, 38.443645, 37.583141> 0.250000
	pigment { color rgbt <1,0,0,0> }
	no_shadow
}
cylinder {
	<26.202669, 38.547756, 37.295158>,  <26.048262, 38.610222, 37.122368>, 0.100000
	pigment { color rgbt <1,0,0,0> }
	no_shadow
}
cylinder {
	<26.202669, 38.547756, 37.295158>,  <26.460016, 38.443645, 37.583141>, 0.100000
	pigment { color rgbt <1,0,0,0> }
	no_shadow
}

// particle -1
sphere {
	<26.202669, 38.547756, 37.295158> 0.100000
	pigment { color rgbt <1,0,0,0> }
	no_shadow
}
sphere {
	0, 1
	scale<0.080000,0.200000,0.300000>
	matrix <0.592584, 0.764716, -0.253087,
		0.484687, -0.589461, -0.646231,
		-0.643368, 0.260279, -0.719953,
		26.009659, 38.625839, 37.079174>
	pigment { color rgbt <0,1,1,0> }
	no_shadow
}
cylinder {
	<26.814131, 38.956062, 37.396046>,  <26.460016, 38.443645, 37.583141>, 0.130000
	pigment { color rgbt <1,0,0,0> }
	no_shadow
}

// nucleotide -1

// particle -1
sphere {
	<26.814131, 38.956062, 37.396046> 0.250000
	pigment { color rgbt <1,0,0,0> }
	no_shadow
}
cylinder {
	<26.494104, 38.965057, 37.156250>,  <26.302090, 38.970455, 37.012371>, 0.100000
	pigment { color rgbt <1,0,0,0> }
	no_shadow
}
cylinder {
	<26.494104, 38.965057, 37.156250>,  <26.814131, 38.956062, 37.396046>, 0.100000
	pigment { color rgbt <1,0,0,0> }
	no_shadow
}

// particle -1
sphere {
	<26.494104, 38.965057, 37.156250> 0.100000
	pigment { color rgbt <1,0,0,0> }
	no_shadow
}
sphere {
	0, 1
	scale<0.080000,0.200000,0.300000>
	matrix <0.236430, 0.930237, -0.280642,
		0.551360, -0.366270, -0.749566,
		-0.800064, 0.022485, -0.599492,
		26.254086, 38.971802, 36.976402>
	pigment { color rgbt <0,1,1,0> }
	no_shadow
}
cylinder {
	<27.047543, 38.957527, 36.637383>,  <26.814131, 38.956062, 37.396046>, 0.130000
	pigment { color rgbt <1,0,0,0> }
	no_shadow
}

// nucleotide -1

// particle -1
sphere {
	<27.047543, 38.957527, 36.637383> 0.250000
	pigment { color rgbt <1,0,0,0> }
	no_shadow
}
cylinder {
	<26.710979, 39.162144, 36.707081>,  <26.509041, 39.284912, 36.748901>, 0.100000
	pigment { color rgbt <1,0,0,0> }
	no_shadow
}
cylinder {
	<26.710979, 39.162144, 36.707081>,  <27.047543, 38.957527, 36.637383>, 0.100000
	pigment { color rgbt <1,0,0,0> }
	no_shadow
}

// particle -1
sphere {
	<26.710979, 39.162144, 36.707081> 0.100000
	pigment { color rgbt <1,0,0,0> }
	no_shadow
}
sphere {
	0, 1
	scale<0.080000,0.200000,0.300000>
	matrix <0.471259, 0.852368, -0.226679,
		-0.264477, -0.108615, -0.958256,
		-0.841407, 0.511539, 0.174246,
		26.458557, 39.315605, 36.759354>
	pigment { color rgbt <0,1,1,0> }
	no_shadow
}
cylinder {
	<27.028563, 39.450195, 36.187183>,  <27.047543, 38.957527, 36.637383>, 0.130000
	pigment { color rgbt <1,0,0,0> }
	no_shadow
}

// nucleotide -1

// particle -1
sphere {
	<27.028563, 39.450195, 36.187183> 0.250000
	pigment { color rgbt <1,0,0,0> }
	no_shadow
}
cylinder {
	<26.786129, 39.605736, 36.464733>,  <26.640669, 39.699059, 36.631264>, 0.100000
	pigment { color rgbt <1,0,0,0> }
	no_shadow
}
cylinder {
	<26.786129, 39.605736, 36.464733>,  <27.028563, 39.450195, 36.187183>, 0.100000
	pigment { color rgbt <1,0,0,0> }
	no_shadow
}

// particle -1
sphere {
	<26.786129, 39.605736, 36.464733> 0.100000
	pigment { color rgbt <1,0,0,0> }
	no_shadow
}
sphere {
	0, 1
	scale<0.080000,0.200000,0.300000>
	matrix <0.360306, 0.911939, -0.196336,
		-0.709113, 0.131009, -0.692817,
		-0.606085, 0.388850, 0.693870,
		26.604303, 39.722389, 36.672894>
	pigment { color rgbt <0,1,1,0> }
	no_shadow
}
cylinder {
	<26.679064, 39.842358, 35.812721>,  <27.028563, 39.450195, 36.187183>, 0.130000
	pigment { color rgbt <1,0,0,0> }
	no_shadow
}

// nucleotide -1

// particle -1
sphere {
	<26.679064, 39.842358, 35.812721> 0.250000
	pigment { color rgbt <1,0,0,0> }
	no_shadow
}
cylinder {
	<26.736237, 39.953476, 36.192699>,  <26.770540, 40.020145, 36.420689>, 0.100000
	pigment { color rgbt <1,0,0,0> }
	no_shadow
}
cylinder {
	<26.736237, 39.953476, 36.192699>,  <26.679064, 39.842358, 35.812721>, 0.100000
	pigment { color rgbt <1,0,0,0> }
	no_shadow
}

// particle -1
sphere {
	<26.736237, 39.953476, 36.192699> 0.100000
	pigment { color rgbt <1,0,0,0> }
	no_shadow
}
sphere {
	0, 1
	scale<0.080000,0.200000,0.300000>
	matrix <0.249603, 0.918663, -0.306198,
		-0.957742, 0.280875, 0.061967,
		0.142930, 0.277792, 0.949949,
		26.779116, 40.036812, 36.477684>
	pigment { color rgbt <0,1,1,0> }
	no_shadow
}
cylinder {
	<26.530752, 40.462193, 35.764111>,  <26.679064, 39.842358, 35.812721>, 0.130000
	pigment { color rgbt <1,0,0,0> }
	no_shadow
}

// nucleotide -1

// particle -1
sphere {
	<26.530752, 40.462193, 35.764111> 0.250000
	pigment { color rgbt <1,0,0,0> }
	no_shadow
}
cylinder {
	<26.734447, 40.467514, 36.108318>,  <26.856665, 40.470707, 36.314842>, 0.100000
	pigment { color rgbt <1,0,0,0> }
	no_shadow
}
cylinder {
	<26.734447, 40.467514, 36.108318>,  <26.530752, 40.462193, 35.764111>, 0.100000
	pigment { color rgbt <1,0,0,0> }
	no_shadow
}

// particle -1
sphere {
	<26.734447, 40.467514, 36.108318> 0.100000
	pigment { color rgbt <1,0,0,0> }
	no_shadow
}
sphere {
	0, 1
	scale<0.080000,0.200000,0.300000>
	matrix <0.143869, 0.984495, -0.100361,
		-0.848516, 0.174910, 0.499426,
		0.509236, 0.013306, 0.860524,
		26.887218, 40.471504, 36.366474>
	pigment { color rgbt <0,1,1,0> }
	no_shadow
}
cylinder {
	<26.221521, 40.983589, 36.239025>,  <26.530752, 40.462193, 35.764111>, 0.130000
	pigment { color rgbt <1,0,0,0> }
	no_shadow
}

// nucleotide -1

// particle -1
sphere {
	<26.221521, 40.983589, 36.239025> 0.250000
	pigment { color rgbt <1,0,0,0> }
	no_shadow
}
cylinder {
	<26.592762, 40.915443, 36.371449>,  <26.815506, 40.874557, 36.450905>, 0.100000
	pigment { color rgbt <1,0,0,0> }
	no_shadow
}
cylinder {
	<26.592762, 40.915443, 36.371449>,  <26.221521, 40.983589, 36.239025>, 0.100000
	pigment { color rgbt <1,0,0,0> }
	no_shadow
}

// particle -1
sphere {
	<26.592762, 40.915443, 36.371449> 0.100000
	pigment { color rgbt <1,0,0,0> }
	no_shadow
}
sphere {
	0, 1
	scale<0.080000,0.200000,0.300000>
	matrix <0.259527, 0.933575, -0.247151,
		-0.266966, 0.315301, 0.910667,
		0.928103, -0.170362, 0.331062,
		26.871193, 40.864334, 36.470768>
	pigment { color rgbt <0,1,1,0> }
	no_shadow
}
cylinder {
	<26.428080, 41.464943, 36.539566>,  <26.221521, 40.983589, 36.239025>, 0.130000
	pigment { color rgbt <1,0,0,0> }
	no_shadow
}

// nucleotide -1

// particle -1
sphere {
	<26.428080, 41.464943, 36.539566> 0.250000
	pigment { color rgbt <1,0,0,0> }
	no_shadow
}
cylinder {
	<26.796951, 41.325207, 36.473171>,  <27.018274, 41.241367, 36.433334>, 0.100000
	pigment { color rgbt <1,0,0,0> }
	no_shadow
}
cylinder {
	<26.796951, 41.325207, 36.473171>,  <26.428080, 41.464943, 36.539566>, 0.100000
	pigment { color rgbt <1,0,0,0> }
	no_shadow
}

// particle -1
sphere {
	<26.796951, 41.325207, 36.473171> 0.100000
	pigment { color rgbt <1,0,0,0> }
	no_shadow
}
sphere {
	0, 1
	scale<0.080000,0.200000,0.300000>
	matrix <0.274012, 0.892989, -0.357054,
		0.272959, 0.283784, 0.919217,
		0.922177, -0.349337, -0.165989,
		27.073605, 41.220406, 36.423374>
	pigment { color rgbt <0,1,1,0> }
	no_shadow
}
cylinder {
	<26.956646, 42.046783, 36.743073>,  <26.428080, 41.464943, 36.539566>, 0.130000
	pigment { color rgbt <1,0,0,0> }
	no_shadow
}

// nucleotide -1

// particle -1
sphere {
	<26.956646, 42.046783, 36.743073> 0.250000
	pigment { color rgbt <1,0,0,0> }
	no_shadow
}
cylinder {
	<27.115557, 41.773720, 36.497749>,  <27.210903, 41.609882, 36.350555>, 0.100000
	pigment { color rgbt <1,0,0,0> }
	no_shadow
}
cylinder {
	<27.115557, 41.773720, 36.497749>,  <26.956646, 42.046783, 36.743073>, 0.100000
	pigment { color rgbt <1,0,0,0> }
	no_shadow
}

// particle -1
sphere {
	<27.115557, 41.773720, 36.497749> 0.100000
	pigment { color rgbt <1,0,0,0> }
	no_shadow
}
sphere {
	0, 1
	scale<0.080000,0.200000,0.300000>
	matrix <0.434331, 0.728590, -0.529635,
		0.808411, -0.055968, 0.585951,
		0.397276, -0.682660, -0.613309,
		27.234739, 41.568920, 36.313755>
	pigment { color rgbt <0,1,1,0> }
	no_shadow
}
cylinder {
	<27.532463, 42.532242, 36.498325>,  <26.956646, 42.046783, 36.743073>, 0.130000
	pigment { color rgbt <1,0,0,0> }
	no_shadow
}

// nucleotide -1

// particle -1
sphere {
	<27.532463, 42.532242, 36.498325> 0.250000
	pigment { color rgbt <1,0,0,0> }
	no_shadow
}
cylinder {
	<27.755535, 42.453384, 36.175804>,  <27.889378, 42.406071, 35.982292>, 0.100000
	pigment { color rgbt <1,0,0,0> }
	no_shadow
}
cylinder {
	<27.755535, 42.453384, 36.175804>,  <27.532463, 42.532242, 36.498325>, 0.100000
	pigment { color rgbt <1,0,0,0> }
	no_shadow
}

// particle -1
sphere {
	<27.755535, 42.453384, 36.175804> 0.100000
	pigment { color rgbt <1,0,0,0> }
	no_shadow
}
sphere {
	0, 1
	scale<0.080000,0.200000,0.300000>
	matrix <0.197408, -0.912013, 0.359532,
		-0.806240, -0.359675, -0.469692,
		0.557680, -0.197148, -0.806304,
		27.922838, 42.394241, 35.933914>
	pigment { color rgbt <0,1,1,0> }
	no_shadow
}
cylinder {
	<27.212233, 42.026798, 35.967319>,  <27.532463, 42.532242, 36.498325>, 0.130000
	pigment { color rgbt <1,0,0,0> }
	no_shadow
}

// nucleotide -1

// particle -1
sphere {
	<27.212233, 42.026798, 35.967319> 0.250000
	pigment { color rgbt <1,0,0,0> }
	no_shadow
}
cylinder {
	<27.606348, 42.027817, 36.035671>,  <27.842817, 42.028427, 36.076683>, 0.100000
	pigment { color rgbt <1,0,0,0> }
	no_shadow
}
cylinder {
	<27.606348, 42.027817, 36.035671>,  <27.212233, 42.026798, 35.967319>, 0.100000
	pigment { color rgbt <1,0,0,0> }
	no_shadow
}

// particle -1
sphere {
	<27.606348, 42.027817, 36.035671> 0.100000
	pigment { color rgbt <1,0,0,0> }
	no_shadow
}
sphere {
	0, 1
	scale<0.080000,0.200000,0.300000>
	matrix <-0.060936, -0.928937, 0.365187,
		0.159669, -0.370228, -0.915116,
		0.985288, 0.002545, 0.170883,
		27.901934, 42.028580, 36.086937>
	pigment { color rgbt <0,1,1,0> }
	no_shadow
}
cylinder {
	<27.465414, 41.450584, 35.654449>,  <27.212233, 42.026798, 35.967319>, 0.130000
	pigment { color rgbt <1,0,0,0> }
	no_shadow
}

// nucleotide -1

// particle -1
sphere {
	<27.465414, 41.450584, 35.654449> 0.250000
	pigment { color rgbt <1,0,0,0> }
	no_shadow
}
cylinder {
	<27.694048, 41.551796, 35.966671>,  <27.831228, 41.612522, 36.154003>, 0.100000
	pigment { color rgbt <1,0,0,0> }
	no_shadow
}
cylinder {
	<27.694048, 41.551796, 35.966671>,  <27.465414, 41.450584, 35.654449>, 0.100000
	pigment { color rgbt <1,0,0,0> }
	no_shadow
}

// particle -1
sphere {
	<27.694048, 41.551796, 35.966671> 0.100000
	pigment { color rgbt <1,0,0,0> }
	no_shadow
}
sphere {
	0, 1
	scale<0.080000,0.200000,0.300000>
	matrix <-0.225633, -0.866129, 0.445993,
		0.788913, -0.431041, -0.437973,
		0.571582, 0.253029, 0.780557,
		27.865522, 41.627705, 36.200840>
	pigment { color rgbt <0,1,1,0> }
	no_shadow
}
cylinder {
	<28.012918, 41.080753, 35.786919>,  <27.465414, 41.450584, 35.654449>, 0.130000
	pigment { color rgbt <1,0,0,0> }
	no_shadow
}

// nucleotide -1

// particle -1
sphere {
	<28.012918, 41.080753, 35.786919> 0.250000
	pigment { color rgbt <1,0,0,0> }
	no_shadow
}
cylinder {
	<27.839630, 41.236061, 36.112267>,  <27.735657, 41.329247, 36.307476>, 0.100000
	pigment { color rgbt <1,0,0,0> }
	no_shadow
}
cylinder {
	<27.839630, 41.236061, 36.112267>,  <28.012918, 41.080753, 35.786919>, 0.100000
	pigment { color rgbt <1,0,0,0> }
	no_shadow
}

// particle -1
sphere {
	<27.839630, 41.236061, 36.112267> 0.100000
	pigment { color rgbt <1,0,0,0> }
	no_shadow
}
sphere {
	0, 1
	scale<0.080000,0.200000,0.300000>
	matrix <-0.373641, -0.898617, 0.229957,
		0.820191, -0.204286, 0.534372,
		-0.433219, 0.388272, 0.813367,
		27.709665, 41.352543, 36.356277>
	pigment { color rgbt <0,1,1,0> }
	no_shadow
}
cylinder {
	<28.197500, 40.623619, 36.246506>,  <28.012918, 41.080753, 35.786919>, 0.130000
	pigment { color rgbt <1,0,0,0> }
	no_shadow
}

// nucleotide -1

// particle -1
sphere {
	<28.197500, 40.623619, 36.246506> 0.250000
	pigment { color rgbt <1,0,0,0> }
	no_shadow
}
cylinder {
	<27.874382, 40.835670, 36.349602>,  <27.680511, 40.962902, 36.411457>, 0.100000
	pigment { color rgbt <1,0,0,0> }
	no_shadow
}
cylinder {
	<27.874382, 40.835670, 36.349602>,  <28.197500, 40.623619, 36.246506>, 0.100000
	pigment { color rgbt <1,0,0,0> }
	no_shadow
}

// particle -1
sphere {
	<27.874382, 40.835670, 36.349602> 0.100000
	pigment { color rgbt <1,0,0,0> }
	no_shadow
}
sphere {
	0, 1
	scale<0.080000,0.200000,0.300000>
	matrix <-0.382097, -0.803855, 0.455872,
		0.448855, 0.269771, 0.851911,
		-0.807794, 0.530133, 0.257736,
		27.632044, 40.994709, 36.426922>
	pigment { color rgbt <0,1,1,0> }
	no_shadow
}
cylinder {
	<28.096991, 40.618843, 37.026703>,  <28.197500, 40.623619, 36.246506>, 0.130000
	pigment { color rgbt <1,0,0,0> }
	no_shadow
}

// nucleotide -1

// particle -1
sphere {
	<28.096991, 40.618843, 37.026703> 0.250000
	pigment { color rgbt <1,0,0,0> }
	no_shadow
}
cylinder {
	<27.741158, 40.686817, 36.857105>,  <27.527658, 40.727600, 36.755348>, 0.100000
	pigment { color rgbt <1,0,0,0> }
	no_shadow
}
cylinder {
	<27.741158, 40.686817, 36.857105>,  <28.096991, 40.618843, 37.026703>, 0.100000
	pigment { color rgbt <1,0,0,0> }
	no_shadow
}

// particle -1
sphere {
	<27.741158, 40.686817, 36.857105> 0.100000
	pigment { color rgbt <1,0,0,0> }
	no_shadow
}
sphere {
	0, 1
	scale<0.080000,0.200000,0.300000>
	matrix <-0.366821, -0.818892, 0.441428,
		-0.272192, 0.548215, 0.790805,
		-0.889581, 0.169931, -0.423993,
		27.474283, 40.737797, 36.729908>
	pigment { color rgbt <0,1,1,0> }
	no_shadow
}
cylinder {
	<27.553440, 40.514278, 37.601955>,  <28.096991, 40.618843, 37.026703>, 0.130000
	pigment { color rgbt <1,0,0,0> }
	no_shadow
}

// nucleotide -1

// particle -1
sphere {
	<27.553440, 40.514278, 37.601955> 0.250000
	pigment { color rgbt <1,0,0,0> }
	no_shadow
}
cylinder {
	<27.394413, 40.496532, 37.235355>,  <27.298996, 40.485886, 37.015396>, 0.100000
	pigment { color rgbt <1,0,0,0> }
	no_shadow
}
cylinder {
	<27.394413, 40.496532, 37.235355>,  <27.553440, 40.514278, 37.601955>, 0.100000
	pigment { color rgbt <1,0,0,0> }
	no_shadow
}

// particle -1
sphere {
	<27.394413, 40.496532, 37.235355> 0.100000
	pigment { color rgbt <1,0,0,0> }
	no_shadow
}
sphere {
	0, 1
	scale<0.080000,0.200000,0.300000>
	matrix <-0.679606, -0.656860, 0.326604,
		-0.616502, 0.752706, 0.230995,
		-0.397568, -0.044366, -0.916500,
		27.275143, 40.483223, 36.960407>
	pigment { color rgbt <0,1,1,0> }
	no_shadow
}
cylinder {
	<27.566069, 41.051155, 38.123913>,  <27.553440, 40.514278, 37.601955>, 0.130000
	pigment { color rgbt <1,0,0,0> }
	no_shadow
}

// nucleotide -1

// particle -1
sphere {
	<27.566069, 41.051155, 38.123913> 0.250000
	pigment { color rgbt <1,0,0,0> }
	no_shadow
}
cylinder {
	<27.760290, 40.761391, 38.319653>,  <27.876823, 40.587532, 38.437096>, 0.100000
	pigment { color rgbt <1,0,0,0> }
	no_shadow
}
cylinder {
	<27.760290, 40.761391, 38.319653>,  <27.566069, 41.051155, 38.123913>, 0.100000
	pigment { color rgbt <1,0,0,0> }
	no_shadow
}

// particle -1
sphere {
	<27.760290, 40.761391, 38.319653> 0.100000
	pigment { color rgbt <1,0,0,0> }
	no_shadow
}
sphere {
	0, 1
	scale<0.080000,0.200000,0.300000>
	matrix <0.863554, 0.310331, -0.397452,
		0.136057, 0.615568, 0.776251,
