// switches for output
#declare DRAW_BASES = 1; // possible values are 0, 1; only relevant for DNA ribbons
#declare DRAW_BASES_TYPE = 3; // possible values are 1, 2, 3; only relevant for DNA ribbons
#declare DRAW_FOG = 0; // set to 1 to enable fog

#include "colors.inc"

#include "transforms.inc"
background { rgb <1, 1, 1>}

#default {
   normal{
       ripples 0.25
       frequency 0.20
       turbulence 0.2
       lambda 5
   }
	finish {
		phong 0.1
		phong_size 40.
	}
}

// original window dimensions: 1024x640


// camera settings

camera {
	sky <0, 0.179814, -0.983701>
	up <0, 0.179814, -0.983701>
	right 1.6 * <1, 0, 0>
	location <35, 94.9851, 44.8844>
	look_at <35, 29.7336, 32.9568>
	direction <0, -65.2515, -11.9276>
	angle 67.0682
}


# declare cpy_camera_pos = <35, 94.9851, 44.8844>;
# if (DRAW_FOG = 1)
fog {
	fog_type 2
	up vnormalize(cpy_camera_pos)
	color rgbt<1,1,1,0.3>
	distance 1e-5
	fog_alt 3e-3
	fog_offset 56
}
# end


// LIGHTS

# declare lum = 6;
global_settings {
	ambient_light rgb lum * <0.05, 0.05, 0.05>
	max_trace_level 15
}# declare cpy_direct_light_amount = 0.25;
light_source
{	1000 * <-1, -1.16352, -0.803886>,
	rgb lum * cpy_direct_light_amount
	parallel
}

light_source
{	1000 * <1, 1.16352, 0.803886>,
	rgb lum * cpy_direct_light_amount
	parallel
}

// strand 0

// nucleotide -1

// particle -1
sphere {
	<24.486401, 35.143047, 35.341103> 0.250000
	pigment { color rgbt <1,0,0,0> }
	no_shadow
}
cylinder {
	<24.423321, 34.978222, 34.982140>,  <24.385473, 34.879326, 34.766762>, 0.100000
	pigment { color rgbt <1,0,0,0> }
	no_shadow
}
cylinder {
	<24.423321, 34.978222, 34.982140>,  <24.486401, 35.143047, 35.341103>, 0.100000
	pigment { color rgbt <1,0,0,0> }
	no_shadow
}

// particle -1
sphere {
	<24.423321, 34.978222, 34.982140> 0.100000
	pigment { color rgbt <1,0,0,0> }
	no_shadow
}
sphere {
	0, 1
	scale<0.080000,0.200000,0.300000>
	matrix <0.921014, -0.389165, 0.016845,
		-0.356180, -0.823867, 0.440884,
		-0.157698, -0.412061, -0.897406,
		24.376011, 34.854603, 34.712917>
	pigment { color rgbt <0,1,1,0> }
	no_shadow
}
cylinder {
	<24.343512, 34.479622, 35.362328>,  <24.486401, 35.143047, 35.341103>, 0.130000
	pigment { color rgbt <1,0,0,0> }
	no_shadow
}

// nucleotide -1

// particle -1
sphere {
	<24.343512, 34.479622, 35.362328> 0.250000
	pigment { color rgbt <1,0,0,0> }
	no_shadow
}
cylinder {
	<24.570982, 34.613537, 35.061787>,  <24.707464, 34.693886, 34.881462>, 0.100000
	pigment { color rgbt <1,0,0,0> }
	no_shadow
}
cylinder {
	<24.570982, 34.613537, 35.061787>,  <24.343512, 34.479622, 35.362328>, 0.100000
	pigment { color rgbt <1,0,0,0> }
	no_shadow
}

// particle -1
sphere {
	<24.570982, 34.613537, 35.061787> 0.100000
	pigment { color rgbt <1,0,0,0> }
	no_shadow
}
sphere {
	0, 1
	scale<0.080000,0.200000,0.300000>
	matrix <0.736681, -0.613645, 0.284150,
		-0.365933, -0.715095, -0.595594,
		0.568678, 0.334783, -0.751349,
		24.741585, 34.713970, 34.836380>
	pigment { color rgbt <0,1,1,0> }
	no_shadow
}
cylinder {
	<24.373528, 33.956863, 34.899178>,  <24.343512, 34.479622, 35.362328>, 0.130000
	pigment { color rgbt <1,0,0,0> }
	no_shadow
}

// nucleotide -1

// particle -1
sphere {
	<24.373528, 33.956863, 34.899178> 0.250000
	pigment { color rgbt <1,0,0,0> }
	no_shadow
}
cylinder {
	<24.689928, 34.200371, 34.923546>,  <24.879768, 34.346478, 34.938168>, 0.100000
	pigment { color rgbt <1,0,0,0> }
	no_shadow
}
cylinder {
	<24.689928, 34.200371, 34.923546>,  <24.373528, 33.956863, 34.899178>, 0.100000
	pigment { color rgbt <1,0,0,0> }
	no_shadow
}

// particle -1
sphere {
	<24.689928, 34.200371, 34.923546> 0.100000
	pigment { color rgbt <1,0,0,0> }
	no_shadow
}
sphere {
	0, 1
	scale<0.080000,0.200000,0.300000>
	matrix <0.589669, -0.785131, 0.189369,
		0.163112, -0.113869, -0.980014,
		0.791003, 0.608772, 0.060919,
		24.927229, 34.383003, 34.941822>
	pigment { color rgbt <0,1,1,0> }
	no_shadow
}
cylinder {
	<24.808577, 33.484787, 34.732201>,  <24.373528, 33.956863, 34.899178>, 0.130000
	pigment { color rgbt <1,0,0,0> }
	no_shadow
}

// nucleotide -1

// particle -1
sphere {
	<24.808577, 33.484787, 34.732201> 0.250000
	pigment { color rgbt <1,0,0,0> }
	no_shadow
}
cylinder {
	<25.050142, 33.768574, 34.877495>,  <25.195082, 33.938847, 34.964672>, 0.100000
	pigment { color rgbt <1,0,0,0> }
	no_shadow
}
cylinder {
	<25.050142, 33.768574, 34.877495>,  <24.808577, 33.484787, 34.732201>, 0.100000
	pigment { color rgbt <1,0,0,0> }
	no_shadow
}

// particle -1
sphere {
	<25.050142, 33.768574, 34.877495> 0.100000
	pigment { color rgbt <1,0,0,0> }
	no_shadow
}
sphere {
	0, 1
	scale<0.080000,0.200000,0.300000>
	matrix <0.650142, -0.702115, 0.290431,
		0.461087, 0.060761, -0.885272,
		0.603916, 0.709466, 0.363240,
		25.231318, 33.981415, 34.986465>
	pigment { color rgbt <0,1,1,0> }
	no_shadow
}
cylinder {
	<25.409372, 33.067924, 34.875999>,  <24.808577, 33.484787, 34.732201>, 0.130000
	pigment { color rgbt <1,0,0,0> }
	no_shadow
}

// nucleotide -1

// particle -1
sphere {
	<25.409372, 33.067924, 34.875999> 0.250000
	pigment { color rgbt <1,0,0,0> }
	no_shadow
}
cylinder {
	<25.591387, 33.417519, 34.944225>,  <25.700596, 33.627274, 34.985161>, 0.100000
	pigment { color rgbt <1,0,0,0> }
	no_shadow
}
cylinder {
	<25.591387, 33.417519, 34.944225>,  <25.409372, 33.067924, 34.875999>, 0.100000
	pigment { color rgbt <1,0,0,0> }
	no_shadow
}

// particle -1
sphere {
	<25.591387, 33.417519, 34.944225> 0.100000
	pigment { color rgbt <1,0,0,0> }
	no_shadow
}
sphere {
	0, 1
	scale<0.080000,0.200000,0.300000>
	matrix <0.872385, -0.475949, 0.111430,
		0.178568, 0.098093, -0.979026,
		0.455036, 0.873986, 0.170564,
		25.727898, 33.679714, 34.995396>
	pigment { color rgbt <0,1,1,0> }
	no_shadow
}
cylinder {
	<26.015934, 32.698177, 34.907585>,  <25.409372, 33.067924, 34.875999>, 0.130000
	pigment { color rgbt <1,0,0,0> }
	no_shadow
}

// nucleotide -1

// particle -1
sphere {
	<26.015934, 32.698177, 34.907585> 0.250000
	pigment { color rgbt <1,0,0,0> }
	no_shadow
}
cylinder {
	<26.086754, 33.074657, 35.022690>,  <26.129246, 33.300545, 35.091751>, 0.100000
	pigment { color rgbt <1,0,0,0> }
	no_shadow
}
cylinder {
	<26.086754, 33.074657, 35.022690>,  <26.015934, 32.698177, 34.907585>, 0.100000
	pigment { color rgbt <1,0,0,0> }
	no_shadow
}

// particle -1
sphere {
	<26.086754, 33.074657, 35.022690> 0.100000
	pigment { color rgbt <1,0,0,0> }
	no_shadow
}
sphere {
	0, 1
	scale<0.080000,0.200000,0.300000>
	matrix <0.904530, -0.270844, 0.329346,
		0.387916, 0.201975, -0.899293,
		0.177048, 0.941196, 0.287757,
		26.139868, 33.357018, 35.109016>
	pigment { color rgbt <0,1,1,0> }
	no_shadow
}
cylinder {
	<26.735994, 32.871307, 34.770664>,  <26.015934, 32.698177, 34.907585>, 0.130000
	pigment { color rgbt <1,0,0,0> }
	no_shadow
}

// nucleotide -1

// particle -1
sphere {
	<26.735994, 32.871307, 34.770664> 0.250000
	pigment { color rgbt <1,0,0,0> }
	no_shadow
}
cylinder {
	<26.599550, 33.116863, 35.055416>,  <26.517683, 33.264198, 35.226269>, 0.100000
	pigment { color rgbt <1,0,0,0> }
	no_shadow
}
cylinder {
	<26.599550, 33.116863, 35.055416>,  <26.735994, 32.871307, 34.770664>, 0.100000
	pigment { color rgbt <1,0,0,0> }
	no_shadow
}

// particle -1
sphere {
	<26.599550, 33.116863, 35.055416> 0.100000
	pigment { color rgbt <1,0,0,0> }
	no_shadow
}
sphere {
	0, 1
	scale<0.080000,0.200000,0.300000>
	matrix <0.898375, -0.010020, 0.439114,
		0.276702, 0.789325, -0.548089,
		-0.341112, 0.613893, 0.711883,
		26.497217, 33.301033, 35.268982>
	pigment { color rgbt <0,1,1,0> }
	no_shadow
}
cylinder {
	<27.108643, 33.383713, 34.628071>,  <26.735994, 32.871307, 34.770664>, 0.130000
	pigment { color rgbt <1,0,0,0> }
	no_shadow
}

// nucleotide -1

// particle -1
sphere {
	<27.108643, 33.383713, 34.628071> 0.250000
	pigment { color rgbt <1,0,0,0> }
	no_shadow
}
cylinder {
	<27.012774, 33.305767, 35.008511>,  <26.955252, 33.258999, 35.236774>, 0.100000
	pigment { color rgbt <1,0,0,0> }
	no_shadow
}
cylinder {
	<27.012774, 33.305767, 35.008511>,  <27.108643, 33.383713, 34.628071>, 0.100000
	pigment { color rgbt <1,0,0,0> }
	no_shadow
}

// particle -1
sphere {
	<27.012774, 33.305767, 35.008511> 0.100000
	pigment { color rgbt <1,0,0,0> }
	no_shadow
}
sphere {
	0, 1
	scale<0.080000,0.200000,0.300000>
	matrix <0.968449, 0.020924, 0.248332,
		-0.068290, 0.980608, 0.183697,
		-0.239673, -0.194860, 0.951098,
		26.940872, 33.247311, 35.293839>
	pigment { color rgbt <0,1,1,0> }
	no_shadow
}
cylinder {
	<27.575342, 33.847874, 35.054333>,  <27.108643, 33.383713, 34.628071>, 0.130000
	pigment { color rgbt <1,0,0,0> }
	no_shadow
}

// nucleotide -1

// particle -1
sphere {
	<27.575342, 33.847874, 35.054333> 0.250000
	pigment { color rgbt <1,0,0,0> }
	no_shadow
}
cylinder {
	<27.438368, 33.575314, 35.313076>,  <27.356182, 33.411777, 35.468323>, 0.100000
	pigment { color rgbt <1,0,0,0> }
	no_shadow
}
cylinder {
	<27.438368, 33.575314, 35.313076>,  <27.575342, 33.847874, 35.054333>, 0.100000
	pigment { color rgbt <1,0,0,0> }
	no_shadow
}

// particle -1
sphere {
	<27.438368, 33.575314, 35.313076> 0.100000
	pigment { color rgbt <1,0,0,0> }
	no_shadow
}
sphere {
	0, 1
	scale<0.080000,0.200000,0.300000>
	matrix <0.921855, -0.110722, 0.371381,
		-0.181438, 0.723486, 0.666069,
		-0.342438, -0.681402, 0.646860,
		27.335636, 33.370892, 35.507133>
	pigment { color rgbt <0,1,1,0> }
	no_shadow
}
cylinder {
	<27.784206, 34.089725, 35.640991>,  <27.575342, 33.847874, 35.054333>, 0.130000
	pigment { color rgbt <1,0,0,0> }
	no_shadow
}

// nucleotide -1

// particle -1
sphere {
	<27.784206, 34.089725, 35.640991> 0.250000
	pigment { color rgbt <1,0,0,0> }
	no_shadow
}
cylinder {
	<27.706333, 33.703445, 35.709728>,  <27.659609, 33.471680, 35.750969>, 0.100000
	pigment { color rgbt <1,0,0,0> }
	no_shadow
}
cylinder {
	<27.706333, 33.703445, 35.709728>,  <27.784206, 34.089725, 35.640991>, 0.100000
	pigment { color rgbt <1,0,0,0> }
	no_shadow
}

// particle -1
sphere {
	<27.706333, 33.703445, 35.709728> 0.100000
	pigment { color rgbt <1,0,0,0> }
	no_shadow
}
sphere {
	0, 1
	scale<0.080000,0.200000,0.300000>
	matrix <0.895327, -0.103403, 0.433241,
		-0.400611, 0.238200, 0.884744,
		-0.194683, -0.965696, 0.171842,
		27.647928, 33.413738, 35.761280>
	pigment { color rgbt <0,1,1,0> }
	no_shadow
}
cylinder {
	<27.636946, 33.852398, 36.376053>,  <27.784206, 34.089725, 35.640991>, 0.130000
	pigment { color rgbt <1,0,0,0> }
	no_shadow
}

// nucleotide -1

// particle -1
sphere {
	<27.636946, 33.852398, 36.376053> 0.250000
	pigment { color rgbt <1,0,0,0> }
	no_shadow
}
cylinder {
	<27.860462, 33.645981, 36.116375>,  <27.994572, 33.522129, 35.960567>, 0.100000
	pigment { color rgbt <1,0,0,0> }
	no_shadow
}
cylinder {
	<27.860462, 33.645981, 36.116375>,  <27.636946, 33.852398, 36.376053>, 0.100000
	pigment { color rgbt <1,0,0,0> }
	no_shadow
}

// particle -1
sphere {
	<27.860462, 33.645981, 36.116375> 0.100000
	pigment { color rgbt <1,0,0,0> }
	no_shadow
}
sphere {
	0, 1
	scale<0.080000,0.200000,0.300000>
	matrix <0.785928, 0.079659, 0.613165,
		-0.264706, -0.852849, 0.450087,
		0.558791, -0.516045, -0.649192,
		28.028099, 33.491169, 35.921616>
	pigment { color rgbt <0,1,1,0> }
	no_shadow
}
cylinder {
	<27.970129, 33.190865, 36.672997>,  <27.636946, 33.852398, 36.376053>, 0.130000
	pigment { color rgbt <1,0,0,0> }
	no_shadow
}

// nucleotide -1

// particle -1
sphere {
	<27.970129, 33.190865, 36.672997> 0.250000
	pigment { color rgbt <1,0,0,0> }
	no_shadow
}
cylinder {
	<28.129253, 33.445354, 36.408585>,  <28.224728, 33.598049, 36.249939>, 0.100000
	pigment { color rgbt <1,0,0,0> }
	no_shadow
}
cylinder {
	<28.129253, 33.445354, 36.408585>,  <27.970129, 33.190865, 36.672997>, 0.100000
	pigment { color rgbt <1,0,0,0> }
	no_shadow
}

// particle -1
sphere {
	<28.129253, 33.445354, 36.408585> 0.100000
	pigment { color rgbt <1,0,0,0> }
	no_shadow
}
sphere {
	0, 1
	scale<0.080000,0.200000,0.300000>
	matrix <0.575330, 0.388238, 0.719907,
		0.714663, -0.666696, -0.211597,
		0.397809, 0.636229, -0.661030,
		28.248596, 33.636223, 36.210274>
	pigment { color rgbt <0,1,1,0> }
	no_shadow
}
cylinder {
	<28.517649, 32.749672, 37.061481>,  <27.970129, 33.190865, 36.672997>, 0.130000
	pigment { color rgbt <1,0,0,0> }
	no_shadow
}

// nucleotide -1

// particle -1
sphere {
	<28.517649, 32.749672, 37.061481> 0.250000
	pigment { color rgbt <1,0,0,0> }
	no_shadow
}
cylinder {
	<28.658768, 32.435600, 36.857906>,  <28.743439, 32.247158, 36.735760>, 0.100000
	pigment { color rgbt <1,0,0,0> }
	no_shadow
}
cylinder {
	<28.658768, 32.435600, 36.857906>,  <28.517649, 32.749672, 37.061481>, 0.100000
	pigment { color rgbt <1,0,0,0> }
	no_shadow
}

// particle -1
sphere {
	<28.658768, 32.435600, 36.857906> 0.100000
	pigment { color rgbt <1,0,0,0> }
	no_shadow
}
sphere {
	0, 1
	scale<0.080000,0.200000,0.300000>
	matrix <0.912632, 0.408776, 0.001989,
		0.206482, -0.465179, 0.860798,
		0.352800, -0.785182, -0.508942,
		28.764608, 32.200047, 36.705223>
	pigment { color rgbt <0,1,1,0> }
	no_shadow
}
cylinder {
	<29.116209, 32.721428, 36.644737>,  <28.517649, 32.749672, 37.061481>, 0.130000
	pigment { color rgbt <1,0,0,0> }
	no_shadow
}

// nucleotide -1

// particle -1
sphere {
	<29.116209, 32.721428, 36.644737> 0.250000
	pigment { color rgbt <1,0,0,0> }
	no_shadow
}
cylinder {
	<28.968994, 32.411564, 36.439037>,  <28.880665, 32.225647, 36.315617>, 0.100000
	pigment { color rgbt <1,0,0,0> }
	no_shadow
}
cylinder {
	<28.968994, 32.411564, 36.439037>,  <29.116209, 32.721428, 36.644737>, 0.100000
	pigment { color rgbt <1,0,0,0> }
	no_shadow
}

// particle -1
sphere {
	<28.968994, 32.411564, 36.439037> 0.100000
	pigment { color rgbt <1,0,0,0> }
	no_shadow
}
sphere {
	0, 1
	scale<0.080000,0.200000,0.300000>
	matrix <-0.759608, 0.569456, -0.314191,
		0.536232, 0.274993, -0.798019,
		-0.368036, -0.774661, -0.514247,
		28.858583, 32.179165, 36.284763>
	pigment { color rgbt <0,1,1,0> }
	no_shadow
}
cylinder {
	<28.916269, 32.971672, 36.014061>,  <29.116209, 32.721428, 36.644737>, 0.130000
	pigment { color rgbt <1,0,0,0> }
	no_shadow
}

// nucleotide -1

// particle -1
sphere {
	<28.916269, 32.971672, 36.014061> 0.250000
	pigment { color rgbt <1,0,0,0> }
	no_shadow
}
cylinder {
	<28.702574, 32.645241, 36.102253>,  <28.574356, 32.449383, 36.155167>, 0.100000
	pigment { color rgbt <1,0,0,0> }
	no_shadow
}
cylinder {
	<28.702574, 32.645241, 36.102253>,  <28.916269, 32.971672, 36.014061>, 0.100000
	pigment { color rgbt <1,0,0,0> }
	no_shadow
}

// particle -1
sphere {
	<28.702574, 32.645241, 36.102253> 0.100000
	pigment { color rgbt <1,0,0,0> }
	no_shadow
}
sphere {
	0, 1
	scale<0.080000,0.200000,0.300000>
	matrix <-0.830165, 0.457306, -0.318899,
		0.159420, -0.353399, -0.921789,
		-0.534238, -0.816076, 0.220476,
		28.542303, 32.400417, 36.168396>
	pigment { color rgbt <0,1,1,0> }
	no_shadow
}
cylinder {
	<28.528889, 32.559532, 35.427151>,  <28.916269, 32.971672, 36.014061>, 0.130000
	pigment { color rgbt <1,0,0,0> }
	no_shadow
}

// nucleotide -1

// particle -1
sphere {
	<28.528889, 32.559532, 35.427151> 0.250000
	pigment { color rgbt <1,0,0,0> }
	no_shadow
}
cylinder {
	<28.349661, 32.544373, 35.784428>,  <28.242125, 32.535275, 35.998795>, 0.100000
	pigment { color rgbt <1,0,0,0> }
	no_shadow
}
cylinder {
	<28.349661, 32.544373, 35.784428>,  <28.528889, 32.559532, 35.427151>, 0.100000
	pigment { color rgbt <1,0,0,0> }
	no_shadow
}

// particle -1
sphere {
	<28.349661, 32.544373, 35.784428> 0.100000
	pigment { color rgbt <1,0,0,0> }
	no_shadow
}
sphere {
	0, 1
	scale<0.080000,0.200000,0.300000>
	matrix <-0.749352, 0.560793, -0.352112,
		-0.487552, -0.827088, -0.279675,
		-0.448068, -0.037902, 0.893196,
		28.215240, 32.533001, 36.052387>
	pigment { color rgbt <0,1,1,0> }
	no_shadow
}
cylinder {
	<27.967327, 32.112621, 35.424950>,  <28.528889, 32.559532, 35.427151>, 0.130000
	pigment { color rgbt <1,0,0,0> }
	no_shadow
}

// nucleotide -1

// particle -1
sphere {
	<27.967327, 32.112621, 35.424950> 0.250000
	pigment { color rgbt <1,0,0,0> }
	no_shadow
}
cylinder {
	<27.942234, 32.444683, 35.646545>,  <27.927177, 32.643921, 35.779503>, 0.100000
	pigment { color rgbt <1,0,0,0> }
	no_shadow
}
cylinder {
	<27.942234, 32.444683, 35.646545>,  <27.967327, 32.112621, 35.424950>, 0.100000
	pigment { color rgbt <1,0,0,0> }
	no_shadow
}

// particle -1
sphere {
	<27.942234, 32.444683, 35.646545> 0.100000
	pigment { color rgbt <1,0,0,0> }
	no_shadow
}
sphere {
	0, 1
	scale<0.080000,0.200000,0.300000>
	matrix <-0.896993, 0.196469, -0.395984,
		-0.437571, -0.521765, 0.732321,
		-0.062732, 0.830158, 0.553988,
		27.923414, 32.693729, 35.812740>
	pigment { color rgbt <0,1,1,0> }
	no_shadow
}
cylinder {
	<27.367872, 32.138519, 35.802292>,  <27.967327, 32.112621, 35.424950>, 0.130000
	pigment { color rgbt <1,0,0,0> }
	no_shadow
}

// nucleotide -1

// particle -1
sphere {
	<27.367872, 32.138519, 35.802292> 0.250000
	pigment { color rgbt <1,0,0,0> }
	no_shadow
}
cylinder {
	<27.464174, 32.526192, 35.823166>,  <27.521955, 32.758797, 35.835690>, 0.100000
	pigment { color rgbt <1,0,0,0> }
	no_shadow
}
cylinder {
	<27.464174, 32.526192, 35.823166>,  <27.367872, 32.138519, 35.802292>, 0.100000
	pigment { color rgbt <1,0,0,0> }
	no_shadow
}

// particle -1
sphere {
	<27.464174, 32.526192, 35.823166> 0.100000
	pigment { color rgbt <1,0,0,0> }
	no_shadow
}
sphere {
	0, 1
	scale<0.080000,0.200000,0.300000>
	matrix <-0.904563, 0.243543, -0.349933,
		-0.351858, 0.037046, 0.935320,
		0.240754, 0.969182, 0.052182,
		27.536400, 32.816948, 35.838821>
	pigment { color rgbt <0,1,1,0> }
	no_shadow
}
cylinder {
	<26.885723, 32.500854, 36.326576>,  <27.367872, 32.138519, 35.802292>, 0.130000
	pigment { color rgbt <1,0,0,0> }
	no_shadow
}

// nucleotide -1

// particle -1
sphere {
	<26.885723, 32.500854, 36.326576> 0.250000
	pigment { color rgbt <1,0,0,0> }
	no_shadow
}
cylinder {
	<27.032841, 32.772705, 36.072701>,  <27.121111, 32.935814, 35.920376>, 0.100000
	pigment { color rgbt <1,0,0,0> }
	no_shadow
}
cylinder {
	<27.032841, 32.772705, 36.072701>,  <26.885723, 32.500854, 36.326576>, 0.100000
	pigment { color rgbt <1,0,0,0> }
	no_shadow
}

// particle -1
sphere {
	<27.032841, 32.772705, 36.072701> 0.100000
	pigment { color rgbt <1,0,0,0> }
	no_shadow
}
sphere {
	0, 1
	scale<0.080000,0.200000,0.300000>
	matrix <-0.929396, 0.291300, -0.226644,
		0.030852, 0.673239, 0.738782,
		0.367793, 0.679628, -0.634692,
		27.143179, 32.976593, 35.882294>
	pigment { color rgbt <0,1,1,0> }
	no_shadow
}
cylinder {
	<26.581100, 33.107304, 36.527157>,  <26.885723, 32.500854, 36.326576>, 0.130000
	pigment { color rgbt <1,0,0,0> }
	no_shadow
}

// nucleotide -1

// particle -1
sphere {
	<26.581100, 33.107304, 36.527157> 0.250000
	pigment { color rgbt <1,0,0,0> }
	no_shadow
}
cylinder {
	<26.679882, 33.138859, 36.140831>,  <26.739151, 33.157791, 35.909035>, 0.100000
	pigment { color rgbt <1,0,0,0> }
	no_shadow
}
cylinder {
	<26.679882, 33.138859, 36.140831>,  <26.581100, 33.107304, 36.527157>, 0.100000
	pigment { color rgbt <1,0,0,0> }
	no_shadow
}

// particle -1
sphere {
	<26.679882, 33.138859, 36.140831> 0.100000
	pigment { color rgbt <1,0,0,0> }
	no_shadow
}
sphere {
	0, 1
	scale<0.080000,0.200000,0.300000>
	matrix <-0.960123, 0.154724, -0.232860,
		0.131063, 0.984803, 0.113955,
		0.246953, 0.078892, -0.965811,
		26.753967, 33.162525, 35.851089>
	pigment { color rgbt <0,1,1,0> }
	no_shadow
}
cylinder {
	<26.472075, 32.509460, 36.948532>,  <26.581100, 33.107304, 36.527157>, 0.130000
	pigment { color rgbt <1,0,0,0> }
	no_shadow
}

// nucleotide -1

// particle -1
sphere {
	<26.472075, 32.509460, 36.948532> 0.250000
	pigment { color rgbt <1,0,0,0> }
	no_shadow
}
cylinder {
	<26.642252, 32.266457, 37.216839>,  <26.744358, 32.120655, 37.377823>, 0.100000
	pigment { color rgbt <1,0,0,0> }
	no_shadow
}
cylinder {
	<26.642252, 32.266457, 37.216839>,  <26.472075, 32.509460, 36.948532>, 0.100000
	pigment { color rgbt <1,0,0,0> }
	no_shadow
}

// particle -1
sphere {
	<26.642252, 32.266457, 37.216839> 0.100000
	pigment { color rgbt <1,0,0,0> }
	no_shadow
}
sphere {
	0, 1
	scale<0.080000,0.200000,0.300000>
	matrix <0.890538, 0.149127, -0.429770,
		0.161061, 0.780186, 0.604457,
		0.425442, -0.607512, 0.670767,
		26.769884, 32.084202, 37.418068>
	pigment { color rgbt <0,1,1,0> }
	no_shadow
}
cylinder {
	<26.882792, 32.935299, 37.220215>,  <26.472075, 32.509460, 36.948532>, 0.130000
	pigment { color rgbt <1,0,0,0> }
	no_shadow
}

// nucleotide -1

// particle -1
sphere {
	<26.882792, 32.935299, 37.220215> 0.250000
	pigment { color rgbt <1,0,0,0> }
	no_shadow
}
cylinder {
	<26.998316, 32.554249, 37.258358>,  <27.067631, 32.325619, 37.281246>, 0.100000
	pigment { color rgbt <1,0,0,0> }
	no_shadow
}
cylinder {
	<26.998316, 32.554249, 37.258358>,  <26.882792, 32.935299, 37.220215>, 0.100000
	pigment { color rgbt <1,0,0,0> }
	no_shadow
}

// particle -1
sphere {
	<26.998316, 32.554249, 37.258358> 0.100000
	pigment { color rgbt <1,0,0,0> }
	no_shadow
}
sphere {
	0, 1
	scale<0.080000,0.200000,0.300000>
	matrix <0.941171, 0.264252, -0.210639,
		0.175460, 0.150585, 0.972902,
		0.288810, -0.952625, 0.095361,
		27.084959, 32.268459, 37.286964>
	pigment { color rgbt <0,1,1,0> }
	no_shadow
}
cylinder {
	<27.369745, 32.845161, 37.740929>,  <26.882792, 32.935299, 37.220215>, 0.130000
	pigment { color rgbt <1,0,0,0> }
	no_shadow
}

// nucleotide -1

// particle -1
sphere {
	<27.369745, 32.845161, 37.740929> 0.250000
	pigment { color rgbt <1,0,0,0> }
	no_shadow
}
cylinder {
	<27.409859, 32.556122, 37.467350>,  <27.433928, 32.382698, 37.303204>, 0.100000
	pigment { color rgbt <1,0,0,0> }
	no_shadow
}
cylinder {
	<27.409859, 32.556122, 37.467350>,  <27.369745, 32.845161, 37.740929>, 0.100000
	pigment { color rgbt <1,0,0,0> }
	no_shadow
}

// particle -1
sphere {
	<27.409859, 32.556122, 37.467350> 0.100000
	pigment { color rgbt <1,0,0,0> }
	no_shadow
}
sphere {
	0, 1
	scale<0.080000,0.200000,0.300000>
	matrix <0.924355, 0.321997, -0.204662,
		0.368119, -0.611688, 0.700233,
		0.100284, -0.722603, -0.683950,
		27.439943, 32.339340, 37.262165>
	pigment { color rgbt <0,1,1,0> }
	no_shadow
}
cylinder {
	<28.066645, 32.565334, 37.907970>,  <27.369745, 32.845161, 37.740929>, 0.130000
	pigment { color rgbt <1,0,0,0> }
	no_shadow
}

// nucleotide -1

// particle -1
sphere {
	<28.066645, 32.565334, 37.907970> 0.250000
	pigment { color rgbt <1,0,0,0> }
	no_shadow
}
cylinder {
	<27.958208, 32.573181, 37.523029>,  <27.893147, 32.577888, 37.292065>, 0.100000
	pigment { color rgbt <1,0,0,0> }
	no_shadow
}
cylinder {
	<27.958208, 32.573181, 37.523029>,  <28.066645, 32.565334, 37.907970>, 0.100000
	pigment { color rgbt <1,0,0,0> }
	no_shadow
}

// particle -1
sphere {
	<27.958208, 32.573181, 37.523029> 0.100000
	pigment { color rgbt <1,0,0,0> }
	no_shadow
}
sphere {
	0, 1
	scale<0.080000,0.200000,0.300000>
	matrix <0.909450, 0.332713, -0.249405,
		0.315295, -0.942824, -0.108034,
		-0.271090, 0.019615, -0.962354,
		27.876881, 32.579067, 37.234322>
	pigment { color rgbt <0,1,1,0> }
	no_shadow
}
cylinder {
	<28.657623, 32.977921, 38.090714>,  <28.066645, 32.565334, 37.907970>, 0.130000
	pigment { color rgbt <1,0,0,0> }
	no_shadow
}

// nucleotide -1

// particle -1
sphere {
	<28.657623, 32.977921, 38.090714> 0.250000
	pigment { color rgbt <1,0,0,0> }
	no_shadow
}
cylinder {
	<28.949568, 33.023521, 37.821106>,  <29.124735, 33.050880, 37.659340>, 0.100000
	pigment { color rgbt <1,0,0,0> }
	no_shadow
}
cylinder {
	<28.949568, 33.023521, 37.821106>,  <28.657623, 32.977921, 38.090714>, 0.100000
	pigment { color rgbt <1,0,0,0> }
	no_shadow
}

// particle -1
sphere {
	<28.949568, 33.023521, 37.821106> 0.100000
	pigment { color rgbt <1,0,0,0> }
	no_shadow
}
sphere {
	0, 1
	scale<0.080000,0.200000,0.300000>
	matrix <0.660133, -0.373632, 0.651632,
		-0.177551, -0.920545, -0.347954,
		0.729863, 0.113998, -0.674021,
		29.168528, 33.057720, 37.618900>
	pigment { color rgbt <0,1,1,0> }
	no_shadow
}
cylinder {
	<29.078373, 32.334076, 37.881142>,  <28.657623, 32.977921, 38.090714>, 0.130000
	pigment { color rgbt <1,0,0,0> }
	no_shadow
}

// nucleotide -1

// particle -1
sphere {
	<29.078373, 32.334076, 37.881142> 0.250000
	pigment { color rgbt <1,0,0,0> }
	no_shadow
}
cylinder {
	<29.296654, 32.666096, 37.835148>,  <29.427622, 32.865307, 37.807552>, 0.100000
	pigment { color rgbt <1,0,0,0> }
	no_shadow
}
cylinder {
	<29.296654, 32.666096, 37.835148>,  <29.078373, 32.334076, 37.881142>, 0.100000
	pigment { color rgbt <1,0,0,0> }
	no_shadow
}

// particle -1
sphere {
	<29.296654, 32.666096, 37.835148> 0.100000
	pigment { color rgbt <1,0,0,0> }
	no_shadow
}
sphere {
	0, 1
	scale<0.080000,0.200000,0.300000>
	matrix <0.555743, -0.255787, 0.791026,
		0.627183, -0.495565, -0.600880,
		0.545702, 0.830053, -0.114981,
		29.460365, 32.915112, 37.800655>
	pigment { color rgbt <0,1,1,0> }
	no_shadow
}
cylinder {
	<28.645704, 31.793772, 38.176563>,  <29.078373, 32.334076, 37.881142>, 0.130000
	pigment { color rgbt <1,0,0,0> }
	no_shadow
}

// nucleotide -1

// particle -1
sphere {
	<28.645704, 31.793772, 38.176563> 0.250000
	pigment { color rgbt <1,0,0,0> }
	no_shadow
}
cylinder {
	<28.935616, 31.610798, 38.382648>,  <29.109562, 31.501013, 38.506298>, 0.100000
	pigment { color rgbt <1,0,0,0> }
	no_shadow
}
cylinder {
	<28.935616, 31.610798, 38.382648>,  <28.645704, 31.793772, 38.176563>, 0.100000
	pigment { color rgbt <1,0,0,0> }
	no_shadow
}

// particle -1
sphere {
	<28.935616, 31.610798, 38.382648> 0.100000
	pigment { color rgbt <1,0,0,0> }
	no_shadow
}
sphere {
	0, 1
	scale<0.080000,0.200000,0.300000>
	matrix <-0.651473, -0.211646, 0.728552,
		-0.224222, -0.863689, -0.451404,
		0.724780, -0.457435, 0.515215,
		29.153049, 31.473566, 38.537212>
	pigment { color rgbt <0,1,1,0> }
	no_shadow
}
cylinder {
	<28.387062, 31.166050, 38.409603>,  <28.645704, 31.793772, 38.176563>, 0.130000
	pigment { color rgbt <1,0,0,0> }
	no_shadow
}

// nucleotide -1

// particle -1
sphere {
	<28.387062, 31.166050, 38.409603> 0.250000
	pigment { color rgbt <1,0,0,0> }
	no_shadow
}
cylinder {
	<28.683943, 31.263376, 38.659382>,  <28.862070, 31.321772, 38.809250>, 0.100000
	pigment { color rgbt <1,0,0,0> }
	no_shadow
}
cylinder {
	<28.683943, 31.263376, 38.659382>,  <28.387062, 31.166050, 38.409603>, 0.100000
	pigment { color rgbt <1,0,0,0> }
	no_shadow
}

// particle -1
sphere {
	<28.683943, 31.263376, 38.659382> 0.100000
	pigment { color rgbt <1,0,0,0> }
	no_shadow
}
sphere {
	0, 1
	scale<0.080000,0.200000,0.300000>
	matrix <-0.512533, -0.394263, 0.762802,
		0.431799, -0.886202, -0.167915,
		0.742199, 0.243315, 0.624450,
		28.906603, 31.336370, 38.846718>
	pigment { color rgbt <0,1,1,0> }
	no_shadow
}
cylinder {
	<28.562212, 30.571558, 38.840321>,  <28.387062, 31.166050, 38.409603>, 0.130000
	pigment { color rgbt <1,0,0,0> }
	no_shadow
}

// nucleotide -1

// particle -1
sphere {
	<28.562212, 30.571558, 38.840321> 0.250000
	pigment { color rgbt <1,0,0,0> }
	no_shadow
}
cylinder {
	<28.701601, 30.852612, 39.088474>,  <28.785234, 31.021244, 39.237366>, 0.100000
	pigment { color rgbt <1,0,0,0> }
	no_shadow
}
cylinder {
	<28.701601, 30.852612, 39.088474>,  <28.562212, 30.571558, 38.840321>, 0.100000
	pigment { color rgbt <1,0,0,0> }
	no_shadow
}

// particle -1
sphere {
	<28.701601, 30.852612, 39.088474> 0.100000
	pigment { color rgbt <1,0,0,0> }
	no_shadow
}
sphere {
	0, 1
	scale<0.080000,0.200000,0.300000>
	matrix <-0.574463, -0.362895, 0.733689,
		0.740647, -0.612058, 0.277177,
		0.348473, 0.702633, 0.620382,
		28.806143, 31.063402, 39.274590>
	pigment { color rgbt <0,1,1,0> }
	no_shadow
}
cylinder {
	<28.770596, 30.206066, 39.473404>,  <28.562212, 30.571558, 38.840321>, 0.130000
	pigment { color rgbt <1,0,0,0> }
	no_shadow
}

// nucleotide -1

// particle -1
sphere {
	<28.770596, 30.206066, 39.473404> 0.250000
	pigment { color rgbt <1,0,0,0> }
	no_shadow
}
cylinder {
	<28.683563, 30.594179, 39.515759>,  <28.631344, 30.827047, 39.541172>, 0.100000
	pigment { color rgbt <1,0,0,0> }
	no_shadow
}
cylinder {
	<28.683563, 30.594179, 39.515759>,  <28.770596, 30.206066, 39.473404>, 0.100000
	pigment { color rgbt <1,0,0,0> }
	no_shadow
}

// particle -1
sphere {
	<28.683563, 30.594179, 39.515759> 0.100000
	pigment { color rgbt <1,0,0,0> }
	no_shadow
}
sphere {
	0, 1
	scale<0.080000,0.200000,0.300000>
	matrix <-0.686876, -0.229290, 0.689658,
		0.693441, 0.077327, 0.716352,
		-0.217581, 0.970282, 0.105885,
		28.618288, 30.885263, 39.547523>
	pigment { color rgbt <0,1,1,0> }
	no_shadow
}
cylinder {
	<28.801884, 30.356522, 40.186619>,  <28.770596, 30.206066, 39.473404>, 0.130000
	pigment { color rgbt <1,0,0,0> }
	no_shadow
}

// nucleotide -1

// particle -1
sphere {
	<28.801884, 30.356522, 40.186619> 0.250000
	pigment { color rgbt <1,0,0,0> }
	no_shadow
}
cylinder {
	<28.571966, 30.621943, 39.995075>,  <28.434015, 30.781195, 39.880150>, 0.100000
	pigment { color rgbt <1,0,0,0> }
	no_shadow
}
cylinder {
	<28.571966, 30.621943, 39.995075>,  <28.801884, 30.356522, 40.186619>, 0.100000
	pigment { color rgbt <1,0,0,0> }
	no_shadow
}

// particle -1
sphere {
	<28.571966, 30.621943, 39.995075> 0.100000
	pigment { color rgbt <1,0,0,0> }
	no_shadow
}
sphere {
	0, 1
	scale<0.080000,0.200000,0.300000>
	matrix <-0.781096, -0.270460, 0.562797,
		0.243933, 0.697529, 0.673758,
		-0.574792, 0.663554, -0.478863,
		28.399529, 30.821009, 39.851418>
	pigment { color rgbt <0,1,1,0> }
	no_shadow
}
cylinder {
	<28.454582, 30.799812, 40.641880>,  <28.801884, 30.356522, 40.186619>, 0.130000
	pigment { color rgbt <1,0,0,0> }
	no_shadow
}

// nucleotide -1

// particle -1
sphere {
	<28.454582, 30.799812, 40.641880> 0.250000
	pigment { color rgbt <1,0,0,0> }
	no_shadow
}
cylinder {
	<28.243879, 30.766876, 40.303474>,  <28.117458, 30.747114, 40.100430>, 0.100000
	pigment { color rgbt <1,0,0,0> }
	no_shadow
}
cylinder {
	<28.243879, 30.766876, 40.303474>,  <28.454582, 30.799812, 40.641880>, 0.100000
	pigment { color rgbt <1,0,0,0> }
	no_shadow
}

// particle -1
sphere {
	<28.243879, 30.766876, 40.303474> 0.100000
	pigment { color rgbt <1,0,0,0> }
	no_shadow
}
sphere {
	0, 1
	scale<0.080000,0.200000,0.300000>
	matrix <-0.820601, -0.210307, 0.531399,
		-0.221680, 0.974162, 0.043211,
		-0.526757, -0.082342, -0.846018,
		28.085852, 30.742174, 40.049667>
	pigment { color rgbt <0,1,1,0> }
	no_shadow
}
cylinder {
	<27.917547, 31.209717, 40.726860>,  <28.454582, 30.799812, 40.641880>, 0.130000
	pigment { color rgbt <1,0,0,0> }
	no_shadow
}

// nucleotide -1

// particle -1
sphere {
	<27.917547, 31.209717, 40.726860> 0.250000
	pigment { color rgbt <1,0,0,0> }
	no_shadow
}
cylinder {
	<27.775757, 30.979681, 40.431938>,  <27.690681, 30.841660, 40.254986>, 0.100000
	pigment { color rgbt <1,0,0,0> }
	no_shadow
}
cylinder {
	<27.775757, 30.979681, 40.431938>,  <27.917547, 31.209717, 40.726860>, 0.100000
	pigment { color rgbt <1,0,0,0> }
	no_shadow
}

// particle -1
sphere {
	<27.775757, 30.979681, 40.431938> 0.100000
	pigment { color rgbt <1,0,0,0> }
	no_shadow
}
sphere {
	0, 1
	scale<0.080000,0.200000,0.300000>
	matrix <-0.833611, -0.162848, 0.527800,
		-0.423601, 0.801717, -0.421677,
		-0.354477, -0.575091, -0.737303,
		27.669415, 30.807154, 40.210747>
	pigment { color rgbt <0,1,1,0> }
	no_shadow
}
cylinder {
	<27.316952, 31.371309, 40.636044>,  <27.917547, 31.209717, 40.726860>, 0.130000
	pigment { color rgbt <1,0,0,0> }
	no_shadow
}

// nucleotide -1

// particle -1
sphere {
	<27.316952, 31.371309, 40.636044> 0.250000
	pigment { color rgbt <1,0,0,0> }
	no_shadow
}
cylinder {
	<27.307779, 31.006197, 40.472919>,  <27.302277, 30.787130, 40.375046>, 0.100000
	pigment { color rgbt <1,0,0,0> }
	no_shadow
}
cylinder {
	<27.307779, 31.006197, 40.472919>,  <27.316952, 31.371309, 40.636044>, 0.100000
	pigment { color rgbt <1,0,0,0> }
	no_shadow
}

// particle -1
sphere {
	<27.307779, 31.006197, 40.472919> 0.100000
	pigment { color rgbt <1,0,0,0> }
	no_shadow
}
sphere {
	0, 1
	scale<0.080000,0.200000,0.300000>
	matrix <-0.756478, -0.250850, 0.603999,
		-0.653616, 0.322349, -0.684746,
		-0.022930, -0.912779, -0.407809,
		27.300900, 30.732363, 40.350578>
	pigment { color rgbt <0,1,1,0> }
	no_shadow
}
cylinder {
	<26.673883, 31.285425, 40.196625>,  <27.316952, 31.371309, 40.636044>, 0.130000
	pigment { color rgbt <1,0,0,0> }
	no_shadow
}

// nucleotide -1

// particle -1
sphere {
	<26.673883, 31.285425, 40.196625> 0.250000
	pigment { color rgbt <1,0,0,0> }
	no_shadow
}
cylinder {
	<26.528141, 30.914829, 40.234283>,  <26.440695, 30.692472, 40.256878>, 0.100000
	pigment { color rgbt <1,0,0,0> }
	no_shadow
}
cylinder {
	<26.528141, 30.914829, 40.234283>,  <26.673883, 31.285425, 40.196625>, 0.100000
	pigment { color rgbt <1,0,0,0> }
	no_shadow
}

// particle -1
sphere {
	<26.528141, 30.914829, 40.234283> 0.100000
	pigment { color rgbt <1,0,0,0> }
	no_shadow
}
sphere {
	0, 1
	scale<0.080000,0.200000,0.300000>
	matrix <0.530539, -0.123424, 0.838627,
		-0.765357, 0.355509, 0.536509,
		-0.364357, -0.926488, 0.094148,
		26.418835, 30.636883, 40.262527>
	pigment { color rgbt <0,1,1,0> }
	no_shadow
}
cylinder {
	<26.574066, 31.037354, 40.874363>,  <26.673883, 31.285425, 40.196625>, 0.130000
	pigment { color rgbt <1,0,0,0> }
	no_shadow
}

// nucleotide -1

// particle -1
sphere {
	<26.574066, 31.037354, 40.874363> 0.250000
	pigment { color rgbt <1,0,0,0> }
	no_shadow
}
cylinder {
	<26.633488, 30.689150, 40.686684>,  <26.669140, 30.480227, 40.574078>, 0.100000
	pigment { color rgbt <1,0,0,0> }
	no_shadow
}
cylinder {
	<26.633488, 30.689150, 40.686684>,  <26.574066, 31.037354, 40.874363>, 0.100000
	pigment { color rgbt <1,0,0,0> }
	no_shadow
}

// particle -1
sphere {
	<26.633488, 30.689150, 40.686684> 0.100000
	pigment { color rgbt <1,0,0,0> }
	no_shadow
}
sphere {
	0, 1
	scale<0.080000,0.200000,0.300000>
	matrix <0.638550, -0.277847, 0.717673,
		-0.755106, -0.406217, 0.514590,
		0.148554, -0.870511, -0.469194,
		26.678055, 30.427998, 40.545925>
	pigment { color rgbt <0,1,1,0> }
	no_shadow
}
cylinder {
	<26.494997, 30.351768, 41.362869>,  <26.574066, 31.037354, 40.874363>, 0.130000
	pigment { color rgbt <1,0,0,0> }
	no_shadow
}

// nucleotide -1

// particle -1
sphere {
	<26.494997, 30.351768, 41.362869> 0.250000
	pigment { color rgbt <1,0,0,0> }
	no_shadow
}
cylinder {
	<26.765419, 30.264610, 41.081310>,  <26.927671, 30.212315, 40.912376>, 0.100000
	pigment { color rgbt <1,0,0,0> }
	no_shadow
}
cylinder {
	<26.765419, 30.264610, 41.081310>,  <26.494997, 30.351768, 41.362869>, 0.100000
	pigment { color rgbt <1,0,0,0> }
	no_shadow
}

// particle -1
sphere {
	<26.765419, 30.264610, 41.081310> 0.100000
	pigment { color rgbt <1,0,0,0> }
	no_shadow
}
sphere {
	0, 1
	scale<0.080000,0.200000,0.300000>
	matrix <0.631266, -0.321462, 0.705808,
		-0.380071, -0.921511, -0.079773,
		0.676053, -0.217899, -0.703897,
		26.968235, 30.199242, 40.870140>
	pigment { color rgbt <0,1,1,0> }
	no_shadow
}
cylinder {
	<26.931812, 29.705839, 41.051193>,  <26.494997, 30.351768, 41.362869>, 0.130000
	pigment { color rgbt <1,0,0,0> }
	no_shadow
}

// nucleotide -1

// particle -1
sphere {
	<26.931812, 29.705839, 41.051193> 0.250000
	pigment { color rgbt <1,0,0,0> }
	no_shadow
}
cylinder {
	<27.197580, 29.408457, 41.020679>,  <27.357040, 29.230026, 41.002373>, 0.100000
	pigment { color rgbt <1,0,0,0> }
	no_shadow
}
cylinder {
	<27.197580, 29.408457, 41.020679>,  <26.931812, 29.705839, 41.051193>, 0.100000
	pigment { color rgbt <1,0,0,0> }
	no_shadow
}

// particle -1
sphere {
	<27.197580, 29.408457, 41.020679> 0.100000
	pigment { color rgbt <1,0,0,0> }
	no_shadow
}
sphere {
	0, 1
	scale<0.080000,0.200000,0.300000>
	matrix <-0.704637, -0.657181, 0.267581,
		-0.249065, -0.124036, -0.960511,
		0.664419, -0.743457, -0.076280,
		27.396906, 29.185419, 40.997795>
	pigment { color rgbt <0,1,1,0> }
	no_shadow
}
cylinder {
	<26.757973, 29.437969, 40.343391>,  <26.931812, 29.705839, 41.051193>, 0.130000
	pigment { color rgbt <1,0,0,0> }
	no_shadow
}

// nucleotide -1

// particle -1
sphere {
	<26.757973, 29.437969, 40.343391> 0.250000
	pigment { color rgbt <1,0,0,0> }
	no_shadow
}
cylinder {
	<26.892618, 29.809473, 40.405491>,  <26.973406, 30.032375, 40.442749>, 0.100000
	pigment { color rgbt <1,0,0,0> }
	no_shadow
}
cylinder {
	<26.892618, 29.809473, 40.405491>,  <26.757973, 29.437969, 40.343391>, 0.100000
	pigment { color rgbt <1,0,0,0> }
	no_shadow
}

// particle -1
sphere {
	<26.892618, 29.809473, 40.405491> 0.100000
	pigment { color rgbt <1,0,0,0> }
	no_shadow
}
sphere {
	0, 1
	scale<0.080000,0.200000,0.300000>
	matrix <0.602684, -0.085821, -0.793352,
		-0.723509, 0.360615, -0.588636,
		0.336611, 0.928758, 0.155245,
		26.993601, 30.088100, 40.452065>
	pigment { color rgbt <0,1,1,0> }
	no_shadow
}
cylinder {
	<27.067354, 29.669794, 39.719410>,  <26.757973, 29.437969, 40.343391>, 0.130000
	pigment { color rgbt <1,0,0,0> }
	no_shadow
}

// nucleotide -1

// particle -1
sphere {
	<27.067354, 29.669794, 39.719410> 0.250000
	pigment { color rgbt <1,0,0,0> }
	no_shadow
}
cylinder {
	<27.156294, 30.000835, 39.925568>,  <27.209658, 30.199461, 40.049263>, 0.100000
	pigment { color rgbt <1,0,0,0> }
	no_shadow
}
cylinder {
	<27.156294, 30.000835, 39.925568>,  <27.067354, 29.669794, 39.719410>, 0.100000
	pigment { color rgbt <1,0,0,0> }
	no_shadow
}

// particle -1
sphere {
	<27.156294, 30.000835, 39.925568> 0.100000
	pigment { color rgbt <1,0,0,0> }
	no_shadow
}
sphere {
	0, 1
	scale<0.080000,0.200000,0.300000>
	matrix <0.375140, 0.415310, -0.828726,
		-0.899906, 0.377612, -0.218124,
		0.222348, 0.827603, 0.515397,
		27.222998, 30.249117, 40.080185>
	pigment { color rgbt <0,1,1,0> }
	no_shadow
}
cylinder {
	<27.015074, 30.163504, 39.313698>,  <27.067354, 29.669794, 39.719410>, 0.130000
	pigment { color rgbt <1,0,0,0> }
	no_shadow
}

// nucleotide -1

// particle -1
sphere {
	<27.015074, 30.163504, 39.313698> 0.250000
	pigment { color rgbt <1,0,0,0> }
	no_shadow
}
cylinder {
	<27.248640, 30.344067, 39.583595>,  <27.388779, 30.452404, 39.745533>, 0.100000
	pigment { color rgbt <1,0,0,0> }
	no_shadow
}
cylinder {
	<27.248640, 30.344067, 39.583595>,  <27.015074, 30.163504, 39.313698>, 0.100000
	pigment { color rgbt <1,0,0,0> }
	no_shadow
}

// particle -1
sphere {
	<27.248640, 30.344067, 39.583595> 0.100000
	pigment { color rgbt <1,0,0,0> }
	no_shadow
}
sphere {
	0, 1
	scale<0.080000,0.200000,0.300000>
	matrix <0.492581, 0.463661, -0.736466,
		-0.645297, 0.762398, 0.048384,
		0.583914, 0.451406, 0.674742,
		27.423815, 30.479488, 39.786018>
	pigment { color rgbt <0,1,1,0> }
	no_shadow
}
cylinder {
	<27.166521, 30.762096, 39.007729>,  <27.015074, 30.163504, 39.313698>, 0.130000
	pigment { color rgbt <1,0,0,0> }
	no_shadow
}

// nucleotide -1

// particle -1
sphere {
	<27.166521, 30.762096, 39.007729> 0.250000
	pigment { color rgbt <1,0,0,0> }
	no_shadow
}
cylinder {
	<27.455013, 30.720074, 39.281601>,  <27.628109, 30.694860, 39.445923>, 0.100000
	pigment { color rgbt <1,0,0,0> }
	no_shadow
}
cylinder {
	<27.455013, 30.720074, 39.281601>,  <27.166521, 30.762096, 39.007729>, 0.100000
	pigment { color rgbt <1,0,0,0> }
	no_shadow
}

// particle -1
sphere {
	<27.455013, 30.720074, 39.281601> 0.100000
	pigment { color rgbt <1,0,0,0> }
	no_shadow
}
sphere {
	0, 1
	scale<0.080000,0.200000,0.300000>
	matrix <0.581476, 0.628989, -0.516003,
		-0.376446, 0.770283, 0.514736,
		0.721231, -0.105059, 0.684681,
		27.671383, 30.688557, 39.487003>
	pigment { color rgbt <0,1,1,0> }
	no_shadow
}
cylinder {
	<27.540918, 31.364424, 39.104748>,  <27.166521, 30.762096, 39.007729>, 0.130000
	pigment { color rgbt <1,0,0,0> }
	no_shadow
}

// nucleotide -1

// particle -1
sphere {
	<27.540918, 31.364424, 39.104748> 0.250000
	pigment { color rgbt <1,0,0,0> }
	no_shadow
}
cylinder {
	<27.823738, 31.113541, 39.235401>,  <27.993431, 30.963011, 39.313793>, 0.100000
	pigment { color rgbt <1,0,0,0> }
	no_shadow
}
cylinder {
	<27.823738, 31.113541, 39.235401>,  <27.540918, 31.364424, 39.104748>, 0.100000
	pigment { color rgbt <1,0,0,0> }
	no_shadow
}

// particle -1
sphere {
	<27.823738, 31.113541, 39.235401> 0.100000
	pigment { color rgbt <1,0,0,0> }
	no_shadow
}
sphere {
	0, 1
	scale<0.080000,0.200000,0.300000>
	matrix <0.659441, 0.417983, -0.624842,
