// switches for output
#declare DRAW_BASES = 1; // possible values are 0, 1; only relevant for DNA ribbons
#declare DRAW_BASES_TYPE = 3; // possible values are 1, 2, 3; only relevant for DNA ribbons
#declare DRAW_FOG = 0; // set to 1 to enable fog

#include "colors.inc"

#include "transforms.inc"
background { rgb <1, 1, 1>}

#default {
   normal{
       ripples 0.25
       frequency 0.20
       turbulence 0.2
       lambda 5
   }
	finish {
		phong 0.1
		phong_size 40.
	}
}

// original window dimensions: 1024x640


// camera settings

camera {
	sky <0, 0.179814, -0.983701>
	up <0, 0.179814, -0.983701>
	right 1.6 * <1, 0, 0>
	location <35, 94.9851, 44.8844>
	look_at <35, 29.7336, 32.9568>
	direction <0, -65.2515, -11.9276>
	angle 67.0682
}


# declare cpy_camera_pos = <35, 94.9851, 44.8844>;
# if (DRAW_FOG = 1)
fog {
	fog_type 2
	up vnormalize(cpy_camera_pos)
	color rgbt<1,1,1,0.3>
	distance 1e-5
	fog_alt 3e-3
	fog_offset 56
}
# end


// LIGHTS

# declare lum = 6;
global_settings {
	ambient_light rgb lum * <0.05, 0.05, 0.05>
	max_trace_level 15
}# declare cpy_direct_light_amount = 0.25;
light_source
{	1000 * <-1, -1.16352, -0.803886>,
	rgb lum * cpy_direct_light_amount
	parallel
}

light_source
{	1000 * <1, 1.16352, 0.803886>,
	rgb lum * cpy_direct_light_amount
	parallel
}

// strand 0

// nucleotide -1

// particle -1
sphere {
	<24.669315, 35.101921, 35.224731> 0.250000
	pigment { color rgbt <1,0,0,0> }
	no_shadow
}
cylinder {
	<24.333479, 35.012238, 35.026814>,  <24.131977, 34.958427, 34.908062>, 0.100000
	pigment { color rgbt <1,0,0,0> }
	no_shadow
}
cylinder {
	<24.333479, 35.012238, 35.026814>,  <24.669315, 35.101921, 35.224731>, 0.100000
	pigment { color rgbt <1,0,0,0> }
	no_shadow
}

// particle -1
sphere {
	<24.333479, 35.012238, 35.026814> 0.100000
	pigment { color rgbt <1,0,0,0> }
	no_shadow
}
sphere {
	0, 1
	scale<0.080000,0.200000,0.300000>
	matrix <-0.168060, 0.973370, -0.155906,
		0.516572, -0.047742, -0.854912,
		-0.839589, -0.224213, -0.494792,
		24.081602, 34.944973, 34.878376>
	pigment { color rgbt <0,1,1,0> }
	no_shadow
}
cylinder {
	<24.544306, 34.952972, 34.473076>,  <24.669315, 35.101921, 35.224731>, 0.130000
	pigment { color rgbt <1,0,0,0> }
	no_shadow
}

// nucleotide -1

// particle -1
sphere {
	<24.544306, 34.952972, 34.473076> 0.250000
	pigment { color rgbt <1,0,0,0> }
	no_shadow
}
cylinder {
	<24.563911, 34.615349, 34.259476>,  <24.575676, 34.412773, 34.131317>, 0.100000
	pigment { color rgbt <1,0,0,0> }
	no_shadow
}
cylinder {
	<24.563911, 34.615349, 34.259476>,  <24.544306, 34.952972, 34.473076>, 0.100000
	pigment { color rgbt <1,0,0,0> }
	no_shadow
}

// particle -1
sphere {
	<24.563911, 34.615349, 34.259476> 0.100000
	pigment { color rgbt <1,0,0,0> }
	no_shadow
}
sphere {
	0, 1
	scale<0.080000,0.200000,0.300000>
	matrix <0.934652, 0.227273, -0.273447,
		0.352170, -0.485698, 0.800046,
		0.049016, -0.844064, -0.533998,
		24.578617, 34.362129, 34.099277>
	pigment { color rgbt <0,1,1,0> }
	no_shadow
}
cylinder {
	<24.657675, 35.621212, 34.714725>,  <24.544306, 34.952972, 34.473076>, 0.130000
	pigment { color rgbt <1,0,0,0> }
	no_shadow
}

// nucleotide -1

// particle -1
sphere {
	<24.657675, 35.621212, 34.714725> 0.250000
	pigment { color rgbt <1,0,0,0> }
	no_shadow
}
cylinder {
	<24.511238, 35.956100, 34.552223>,  <24.423376, 36.157032, 34.454723>, 0.100000
	pigment { color rgbt <1,0,0,0> }
	no_shadow
}
cylinder {
	<24.511238, 35.956100, 34.552223>,  <24.657675, 35.621212, 34.714725>, 0.100000
	pigment { color rgbt <1,0,0,0> }
	no_shadow
}

// particle -1
sphere {
	<24.511238, 35.956100, 34.552223> 0.100000
	pigment { color rgbt <1,0,0,0> }
	no_shadow
}
sphere {
	0, 1
	scale<0.080000,0.200000,0.300000>
	matrix <-0.832891, -0.100072, 0.544315,
		0.415055, 0.537636, 0.733946,
		-0.366090, 0.837217, -0.406257,
		24.401411, 36.207264, 34.430347>
	pigment { color rgbt <0,1,1,0> }
	no_shadow
}
cylinder {
	<24.323311, 36.151928, 35.199108>,  <24.657675, 35.621212, 34.714725>, 0.130000
	pigment { color rgbt <1,0,0,0> }
	no_shadow
}

// nucleotide -1

// particle -1
sphere {
	<24.323311, 36.151928, 35.199108> 0.250000
	pigment { color rgbt <1,0,0,0> }
	no_shadow
}
cylinder {
	<24.158327, 36.263256, 34.852139>,  <24.059338, 36.330051, 34.643959>, 0.100000
	pigment { color rgbt <1,0,0,0> }
	no_shadow
}
cylinder {
	<24.158327, 36.263256, 34.852139>,  <24.323311, 36.151928, 35.199108>, 0.100000
	pigment { color rgbt <1,0,0,0> }
	no_shadow
}

// particle -1
sphere {
	<24.158327, 36.263256, 34.852139> 0.100000
	pigment { color rgbt <1,0,0,0> }
	no_shadow
}
sphere {
	0, 1
	scale<0.080000,0.200000,0.300000>
	matrix <-0.891003, 0.075045, 0.447751,
		0.189712, 0.957553, 0.217028,
		-0.412458, 0.278317, -0.867420,
		24.034590, 36.346752, 34.591911>
	pigment { color rgbt <0,1,1,0> }
	no_shadow
}
cylinder {
	<24.979410, 36.558464, 35.349800>,  <24.323311, 36.151928, 35.199108>, 0.130000
	pigment { color rgbt <1,0,0,0> }
	no_shadow
}

// nucleotide -1

// particle -1
sphere {
	<24.979410, 36.558464, 35.349800> 0.250000
	pigment { color rgbt <1,0,0,0> }
	no_shadow
}
cylinder {
	<25.078421, 36.764763, 35.677883>,  <25.137827, 36.888542, 35.874733>, 0.100000
	pigment { color rgbt <1,0,0,0> }
	no_shadow
}
cylinder {
	<25.078421, 36.764763, 35.677883>,  <24.979410, 36.558464, 35.349800>, 0.100000
	pigment { color rgbt <1,0,0,0> }
	no_shadow
}

// particle -1
sphere {
	<25.078421, 36.764763, 35.677883> 0.100000
	pigment { color rgbt <1,0,0,0> }
	no_shadow
}
sphere {
	0, 1
	scale<0.080000,0.200000,0.300000>
	matrix <-0.259577, 0.850904, -0.456708,
		-0.933462, -0.099860, 0.344495,
		0.247526, 0.515743, 0.820208,
		25.152678, 36.919487, 35.923946>
	pigment { color rgbt <0,1,1,0> }
	no_shadow
}
cylinder {
	<24.500362, 37.088341, 35.669567>,  <24.979410, 36.558464, 35.349800>, 0.130000
	pigment { color rgbt <1,0,0,0> }
	no_shadow
}

// nucleotide -1

// particle -1
sphere {
	<24.500362, 37.088341, 35.669567> 0.250000
	pigment { color rgbt <1,0,0,0> }
	no_shadow
}
cylinder {
	<24.895121, 37.152153, 35.679237>,  <25.131975, 37.190441, 35.685040>, 0.100000
	pigment { color rgbt <1,0,0,0> }
	no_shadow
}
cylinder {
	<24.895121, 37.152153, 35.679237>,  <24.500362, 37.088341, 35.669567>, 0.100000
	pigment { color rgbt <1,0,0,0> }
	no_shadow
}

// particle -1
sphere {
	<24.895121, 37.152153, 35.679237> 0.100000
	pigment { color rgbt <1,0,0,0> }
	no_shadow
}
sphere {
	0, 1
	scale<0.080000,0.200000,0.300000>
	matrix <-0.129017, 0.870221, -0.475468,
		-0.096891, 0.466119, 0.879400,
		0.986897, 0.159526, 0.024179,
		25.191191, 37.200012, 35.686493>
	pigment { color rgbt <0,1,1,0> }
	no_shadow
}
cylinder {
	<24.511671, 37.724648, 35.936543>,  <24.500362, 37.088341, 35.669567>, 0.130000
	pigment { color rgbt <1,0,0,0> }
	no_shadow
}

// nucleotide -1

// particle -1
sphere {
	<24.511671, 37.724648, 35.936543> 0.250000
	pigment { color rgbt <1,0,0,0> }
	no_shadow
}
cylinder {
	<24.848577, 37.661144, 35.730480>,  <25.050722, 37.623043, 35.606842>, 0.100000
	pigment { color rgbt <1,0,0,0> }
	no_shadow
}
cylinder {
	<24.848577, 37.661144, 35.730480>,  <24.511671, 37.724648, 35.936543>, 0.100000
	pigment { color rgbt <1,0,0,0> }
	no_shadow
}

// particle -1
sphere {
	<24.848577, 37.661144, 35.730480> 0.100000
	pigment { color rgbt <1,0,0,0> }
	no_shadow
}
sphere {
	0, 1
	scale<0.080000,0.200000,0.300000>
	matrix <-0.164286, 0.834587, -0.525809,
		0.513417, 0.527504, 0.676862,
		0.842267, -0.158761, -0.515152,
		25.101257, 37.613518, 35.575935>
	pigment { color rgbt <0,1,1,0> }
	no_shadow
}
cylinder {
	<24.838366, 38.411037, 35.958977>,  <24.511671, 37.724648, 35.936543>, 0.130000
	pigment { color rgbt <1,0,0,0> }
	no_shadow
}

// nucleotide -1

// particle -1
sphere {
	<24.838366, 38.411037, 35.958977> 0.250000
	pigment { color rgbt <1,0,0,0> }
	no_shadow
}
cylinder {
	<25.017723, 38.210018, 35.663303>,  <25.125338, 38.089405, 35.485901>, 0.100000
	pigment { color rgbt <1,0,0,0> }
	no_shadow
}
cylinder {
	<25.017723, 38.210018, 35.663303>,  <24.838366, 38.411037, 35.958977>, 0.100000
	pigment { color rgbt <1,0,0,0> }
	no_shadow
}

// particle -1
sphere {
	<25.017723, 38.210018, 35.663303> 0.100000
	pigment { color rgbt <1,0,0,0> }
	no_shadow
}
sphere {
	0, 1
	scale<0.080000,0.200000,0.300000>
	matrix <0.042937, 0.838132, -0.543775,
		0.892805, 0.212086, 0.397389,
		0.448392, -0.502548, -0.739182,
		25.152241, 38.059254, 35.441547>
	pigment { color rgbt <0,1,1,0> }
	no_shadow
}
cylinder {
	<25.362455, 38.878494, 35.706501>,  <24.838366, 38.411037, 35.958977>, 0.130000
	pigment { color rgbt <1,0,0,0> }
	no_shadow
}

// nucleotide -1

// particle -1
sphere {
	<25.362455, 38.878494, 35.706501> 0.250000
	pigment { color rgbt <1,0,0,0> }
	no_shadow
}
cylinder {
	<25.304379, 38.625359, 35.402283>,  <25.269533, 38.473476, 35.219749>, 0.100000
	pigment { color rgbt <1,0,0,0> }
	no_shadow
}
cylinder {
	<25.304379, 38.625359, 35.402283>,  <25.362455, 38.878494, 35.706501>, 0.100000
	pigment { color rgbt <1,0,0,0> }
	no_shadow
}

// particle -1
sphere {
	<25.304379, 38.625359, 35.402283> 0.100000
	pigment { color rgbt <1,0,0,0> }
	no_shadow
}
sphere {
	0, 1
	scale<0.080000,0.200000,0.300000>
	matrix <0.229237, 0.726260, -0.648072,
		0.962481, -0.268441, 0.039623,
		-0.145193, -0.632840, -0.760548,
		25.260820, 38.435505, 35.174118>
	pigment { color rgbt <0,1,1,0> }
	no_shadow
}
cylinder {
	<25.936501, 38.922333, 35.295147>,  <25.362455, 38.878494, 35.706501>, 0.130000
	pigment { color rgbt <1,0,0,0> }
	no_shadow
}

// nucleotide -1

// particle -1
sphere {
	<25.936501, 38.922333, 35.295147> 0.250000
	pigment { color rgbt <1,0,0,0> }
	no_shadow
}
cylinder {
	<25.653296, 38.758003, 35.065384>,  <25.483374, 38.659405, 34.927525>, 0.100000
	pigment { color rgbt <1,0,0,0> }
	no_shadow
}
cylinder {
	<25.653296, 38.758003, 35.065384>,  <25.936501, 38.922333, 35.295147>, 0.100000
	pigment { color rgbt <1,0,0,0> }
	no_shadow
}

// particle -1
sphere {
	<25.653296, 38.758003, 35.065384> 0.100000
	pigment { color rgbt <1,0,0,0> }
	no_shadow
}
sphere {
	0, 1
	scale<0.080000,0.200000,0.300000>
	matrix <0.156116, 0.702200, -0.694653,
		0.688717, -0.581504, -0.433039,
		-0.708024, -0.410815, -0.574399,
		25.440893, 38.634754, 34.893063>
	pigment { color rgbt <0,1,1,0> }
	no_shadow
}
cylinder {
	<26.279112, 38.780045, 34.672665>,  <25.936501, 38.922333, 35.295147>, 0.130000
	pigment { color rgbt <1,0,0,0> }
	no_shadow
}

// nucleotide -1

// particle -1
sphere {
	<26.279112, 38.780045, 34.672665> 0.250000
	pigment { color rgbt <1,0,0,0> }
	no_shadow
}
cylinder {
	<25.886356, 38.822830, 34.610111>,  <25.650703, 38.848503, 34.572578>, 0.100000
	pigment { color rgbt <1,0,0,0> }
	no_shadow
}
cylinder {
	<25.886356, 38.822830, 34.610111>,  <26.279112, 38.780045, 34.672665>, 0.100000
	pigment { color rgbt <1,0,0,0> }
	no_shadow
}

// particle -1
sphere {
	<25.886356, 38.822830, 34.610111> 0.100000
	pigment { color rgbt <1,0,0,0> }
	no_shadow
}
sphere {
	0, 1
	scale<0.080000,0.200000,0.300000>
	matrix <0.189466, 0.559929, -0.806586,
		0.001288, -0.821606, -0.570053,
		-0.981887, 0.106967, -0.156387,
		25.591791, 38.854919, 34.563194>
	pigment { color rgbt <0,1,1,0> }
	no_shadow
}
cylinder {
	<26.118427, 38.517704, 34.054554>,  <26.279112, 38.780045, 34.672665>, 0.130000
	pigment { color rgbt <1,0,0,0> }
	no_shadow
}

// nucleotide -1

// particle -1
sphere {
	<26.118427, 38.517704, 34.054554> 0.250000
	pigment { color rgbt <1,0,0,0> }
	no_shadow
}
cylinder {
	<25.895889, 38.829269, 34.170330>,  <25.762367, 39.016209, 34.239796>, 0.100000
	pigment { color rgbt <1,0,0,0> }
	no_shadow
}
cylinder {
	<25.895889, 38.829269, 34.170330>,  <26.118427, 38.517704, 34.054554>, 0.100000
	pigment { color rgbt <1,0,0,0> }
	no_shadow
}

// particle -1
sphere {
	<25.895889, 38.829269, 34.170330> 0.100000
	pigment { color rgbt <1,0,0,0> }
	no_shadow
}
sphere {
	0, 1
	scale<0.080000,0.200000,0.300000>
	matrix <0.395709, 0.554635, -0.731980,
		-0.730682, -0.292699, -0.616791,
		-0.556343, 0.778914, 0.289438,
		25.728987, 39.062943, 34.257160>
	pigment { color rgbt <0,1,1,0> }
	no_shadow
}
cylinder {
	<26.479628, 39.146511, 34.022427>,  <26.118427, 38.517704, 34.054554>, 0.130000
	pigment { color rgbt <1,0,0,0> }
	no_shadow
}

// nucleotide -1

// particle -1
sphere {
	<26.479628, 39.146511, 34.022427> 0.250000
	pigment { color rgbt <1,0,0,0> }
	no_shadow
}
cylinder {
	<26.693979, 39.467304, 33.916859>,  <26.822590, 39.659779, 33.853519>, 0.100000
	pigment { color rgbt <1,0,0,0> }
	no_shadow
}
cylinder {
	<26.693979, 39.467304, 33.916859>,  <26.479628, 39.146511, 34.022427>, 0.100000
	pigment { color rgbt <1,0,0,0> }
	no_shadow
}

// particle -1
sphere {
	<26.693979, 39.467304, 33.916859> 0.100000
	pigment { color rgbt <1,0,0,0> }
	no_shadow
}
sphere {
	0, 1
	scale<0.080000,0.200000,0.300000>
	matrix <0.335920, -0.489313, -0.804817,
		-0.774590, 0.342630, -0.531616,
		0.535881, 0.801984, -0.263920,
		26.854744, 39.707901, 33.837681>
	pigment { color rgbt <0,1,1,0> }
	no_shadow
}
cylinder {
	<25.839451, 39.709835, 33.941257>,  <26.479628, 39.146511, 34.022427>, 0.130000
	pigment { color rgbt <1,0,0,0> }
	no_shadow
}

// nucleotide -1

// particle -1
sphere {
	<25.839451, 39.709835, 33.941257> 0.250000
	pigment { color rgbt <1,0,0,0> }
	no_shadow
}
cylinder {
	<25.554750, 39.660652, 33.664623>,  <25.383930, 39.631142, 33.498642>, 0.100000
	pigment { color rgbt <1,0,0,0> }
	no_shadow
}
cylinder {
	<25.554750, 39.660652, 33.664623>,  <25.839451, 39.709835, 33.941257>, 0.100000
	pigment { color rgbt <1,0,0,0> }
	no_shadow
}

// particle -1
sphere {
	<25.554750, 39.660652, 33.664623> 0.100000
	pigment { color rgbt <1,0,0,0> }
	no_shadow
}
sphere {
	0, 1
	scale<0.080000,0.200000,0.300000>
	matrix <-0.314231, -0.824821, 0.470031,
		-0.628230, 0.551862, 0.548430,
		-0.711749, -0.122954, -0.691589,
		25.341227, 39.623768, 33.457146>
	pigment { color rgbt <0,1,1,0> }
	no_shadow
}
cylinder {
	<25.156664, 39.835239, 34.385239>,  <25.839451, 39.709835, 33.941257>, 0.130000
	pigment { color rgbt <1,0,0,0> }
	no_shadow
}

// nucleotide -1

// particle -1
sphere {
	<25.156664, 39.835239, 34.385239> 0.250000
	pigment { color rgbt <1,0,0,0> }
	no_shadow
}
cylinder {
	<25.193804, 39.600197, 34.063717>,  <25.216087, 39.459171, 33.870804>, 0.100000
	pigment { color rgbt <1,0,0,0> }
	no_shadow
}
cylinder {
	<25.193804, 39.600197, 34.063717>,  <25.156664, 39.835239, 34.385239>, 0.100000
	pigment { color rgbt <1,0,0,0> }
	no_shadow
}

// particle -1
sphere {
	<25.193804, 39.600197, 34.063717> 0.100000
	pigment { color rgbt <1,0,0,0> }
	no_shadow
}
sphere {
	0, 1
	scale<0.080000,0.200000,0.300000>
	matrix <-0.152230, -0.806177, 0.571755,
		-0.983974, 0.069275, -0.164304,
		0.092850, -0.587604, -0.803803,
		25.221659, 39.423916, 33.822575>
	pigment { color rgbt <0,1,1,0> }
	no_shadow
}
cylinder {
	<24.554138, 39.380020, 34.277279>,  <25.156664, 39.835239, 34.385239>, 0.130000
	pigment { color rgbt <1,0,0,0> }
	no_shadow
}

// nucleotide -1

// particle -1
sphere {
	<24.554138, 39.380020, 34.277279> 0.250000
	pigment { color rgbt <1,0,0,0> }
	no_shadow
}
cylinder {
	<24.892963, 39.202938, 34.159637>,  <25.096258, 39.096687, 34.089054>, 0.100000
	pigment { color rgbt <1,0,0,0> }
	no_shadow
}
cylinder {
	<24.892963, 39.202938, 34.159637>,  <24.554138, 39.380020, 34.277279>, 0.100000
	pigment { color rgbt <1,0,0,0> }
	no_shadow
}

// particle -1
sphere {
	<24.892963, 39.202938, 34.159637> 0.100000
	pigment { color rgbt <1,0,0,0> }
	no_shadow
}
sphere {
	0, 1
	scale<0.080000,0.200000,0.300000>
	matrix <-0.118108, -0.696304, 0.707963,
		-0.518202, -0.564955, -0.642101,
		0.847064, -0.442704, -0.294101,
		25.147083, 39.070126, 34.071407>
	pigment { color rgbt <0,1,1,0> }
	no_shadow
}
cylinder {
	<24.448423, 38.726635, 33.967682>,  <24.554138, 39.380020, 34.277279>, 0.130000
	pigment { color rgbt <1,0,0,0> }
	no_shadow
}

// nucleotide -1

// particle -1
sphere {
	<24.448423, 38.726635, 33.967682> 0.250000
	pigment { color rgbt <1,0,0,0> }
	no_shadow
}
cylinder {
	<24.802244, 38.758621, 34.151497>,  <25.014536, 38.777813, 34.261787>, 0.100000
	pigment { color rgbt <1,0,0,0> }
	no_shadow
}
cylinder {
	<24.802244, 38.758621, 34.151497>,  <24.448423, 38.726635, 33.967682>, 0.100000
	pigment { color rgbt <1,0,0,0> }
	no_shadow
}

// particle -1
sphere {
	<24.802244, 38.758621, 34.151497> 0.100000
	pigment { color rgbt <1,0,0,0> }
	no_shadow
}
sphere {
	0, 1
	scale<0.080000,0.200000,0.300000>
	matrix <-0.287018, -0.683289, 0.671369,
		0.367684, -0.725756, -0.581453,
		0.884550, 0.079965, 0.459539,
		25.067610, 38.782612, 34.289360>
	pigment { color rgbt <0,1,1,0> }
	no_shadow
}
cylinder {
	<24.608747, 38.061569, 34.122715>,  <24.448423, 38.726635, 33.967682>, 0.130000
	pigment { color rgbt <1,0,0,0> }
	no_shadow
}

// nucleotide -1

// particle -1
sphere {
	<24.608747, 38.061569, 34.122715> 0.250000
	pigment { color rgbt <1,0,0,0> }
	no_shadow
}
cylinder {
	<24.887915, 38.231918, 34.353035>,  <25.055416, 38.334126, 34.491226>, 0.100000
	pigment { color rgbt <1,0,0,0> }
	no_shadow
}
cylinder {
	<24.887915, 38.231918, 34.353035>,  <24.608747, 38.061569, 34.122715>, 0.100000
	pigment { color rgbt <1,0,0,0> }
	no_shadow
}

// particle -1
sphere {
	<24.887915, 38.231918, 34.353035> 0.100000
	pigment { color rgbt <1,0,0,0> }
	no_shadow
}
sphere {
	0, 1
	scale<0.080000,0.200000,0.300000>
	matrix <-0.158541, -0.692171, 0.704105,
		0.698407, -0.582697, -0.415562,
		0.697920, 0.425868, 0.575799,
		25.097290, 38.359680, 34.525776>
	pigment { color rgbt <0,1,1,0> }
	no_shadow
}
cylinder {
	<24.970217, 37.600121, 34.191704>,  <24.608747, 38.061569, 34.122715>, 0.130000
	pigment { color rgbt <1,0,0,0> }
	no_shadow
}

// nucleotide -1

// particle -1
sphere {
	<24.970217, 37.600121, 34.191704> 0.250000
	pigment { color rgbt <1,0,0,0> }
	no_shadow
}
cylinder {
	<25.066019, 37.836014, 34.500210>,  <25.123501, 37.977551, 34.685314>, 0.100000
	pigment { color rgbt <1,0,0,0> }
	no_shadow
}
cylinder {
	<25.066019, 37.836014, 34.500210>,  <24.970217, 37.600121, 34.191704>, 0.100000
	pigment { color rgbt <1,0,0,0> }
	no_shadow
}

// particle -1
sphere {
	<25.066019, 37.836014, 34.500210> 0.100000
	pigment { color rgbt <1,0,0,0> }
	no_shadow
}
sphere {
	0, 1
	scale<0.080000,0.200000,0.300000>
	matrix <0.139252, -0.807039, 0.573844,
		0.960857, -0.030038, -0.275410,
		0.239504, 0.589734, 0.771266,
		25.137871, 38.012936, 34.731590>
	pigment { color rgbt <0,1,1,0> }
	no_shadow
}
cylinder {
	<25.725241, 37.384090, 34.470734>,  <24.970217, 37.600121, 34.191704>, 0.130000
	pigment { color rgbt <1,0,0,0> }
	no_shadow
}

// nucleotide -1

// particle -1
sphere {
	<25.725241, 37.384090, 34.470734> 0.250000
	pigment { color rgbt <1,0,0,0> }
	no_shadow
}
cylinder {
	<25.550007, 37.589497, 34.765862>,  <25.444866, 37.712742, 34.942940>, 0.100000
	pigment { color rgbt <1,0,0,0> }
	no_shadow
}
cylinder {
	<25.550007, 37.589497, 34.765862>,  <25.725241, 37.384090, 34.470734>, 0.100000
	pigment { color rgbt <1,0,0,0> }
	no_shadow
}

// particle -1
sphere {
	<25.550007, 37.589497, 34.765862> 0.100000
	pigment { color rgbt <1,0,0,0> }
	no_shadow
}
sphere {
	0, 1
	scale<0.080000,0.200000,0.300000>
	matrix <0.259561, -0.713555, 0.650744,
		0.860646, 0.476589, 0.179307,
		-0.438083, 0.513519, 0.737822,
		25.418581, 37.743553, 34.987209>
	pigment { color rgbt <0,1,1,0> }
	no_shadow
}
cylinder {
	<25.714106, 37.011723, 35.048336>,  <25.725241, 37.384090, 34.470734>, 0.130000
	pigment { color rgbt <1,0,0,0> }
	no_shadow
}

// nucleotide -1

// particle -1
sphere {
	<25.714106, 37.011723, 35.048336> 0.250000
	pigment { color rgbt <1,0,0,0> }
	no_shadow
}
cylinder {
	<25.754608, 36.709404, 34.789566>,  <25.778910, 36.528011, 34.634304>, 0.100000
	pigment { color rgbt <1,0,0,0> }
	no_shadow
}
cylinder {
	<25.754608, 36.709404, 34.789566>,  <25.714106, 37.011723, 35.048336>, 0.100000
	pigment { color rgbt <1,0,0,0> }
	no_shadow
}

// particle -1
sphere {
	<25.754608, 36.709404, 34.789566> 0.100000
	pigment { color rgbt <1,0,0,0> }
	no_shadow
}
sphere {
	0, 1
	scale<0.080000,0.200000,0.300000>
	matrix <0.979453, -0.038268, 0.198008,
		-0.174410, -0.653686, 0.736394,
		0.101255, -0.755798, -0.646929,
		25.784985, 36.482666, 34.595486>
	pigment { color rgbt <0,1,1,0> }
	no_shadow
}
cylinder {
	<26.247927, 37.467403, 34.966339>,  <25.714106, 37.011723, 35.048336>, 0.130000
	pigment { color rgbt <1,0,0,0> }
	no_shadow
}

// nucleotide -1

// particle -1
sphere {
	<26.247927, 37.467403, 34.966339> 0.250000
	pigment { color rgbt <1,0,0,0> }
	no_shadow
}
cylinder {
	<25.896473, 37.507179, 35.153149>,  <25.685600, 37.531044, 35.265236>, 0.100000
	pigment { color rgbt <1,0,0,0> }
	no_shadow
}
cylinder {
	<25.896473, 37.507179, 35.153149>,  <26.247927, 37.467403, 34.966339>, 0.100000
	pigment { color rgbt <1,0,0,0> }
	no_shadow
}

// particle -1
sphere {
	<25.896473, 37.507179, 35.153149> 0.100000
	pigment { color rgbt <1,0,0,0> }
	no_shadow
}
sphere {
	0, 1
	scale<0.080000,0.200000,0.300000>
	matrix <0.219523, -0.784461, 0.580027,
		0.424037, 0.612155, 0.667427,
		-0.878637, 0.099437, 0.467022,
		25.632881, 37.537010, 35.293255>
	pigment { color rgbt <0,1,1,0> }
	no_shadow
}
cylinder {
	<26.471605, 37.433323, 35.642235>,  <26.247927, 37.467403, 34.966339>, 0.130000
	pigment { color rgbt <1,0,0,0> }
	no_shadow
}

// nucleotide -1

// particle -1
sphere {
	<26.471605, 37.433323, 35.642235> 0.250000
	pigment { color rgbt <1,0,0,0> }
	no_shadow
}
cylinder {
	<26.079294, 37.355362, 35.638424>,  <25.843908, 37.308586, 35.636139>, 0.100000
	pigment { color rgbt <1,0,0,0> }
	no_shadow
}
cylinder {
	<26.079294, 37.355362, 35.638424>,  <26.471605, 37.433323, 35.642235>, 0.100000
	pigment { color rgbt <1,0,0,0> }
	no_shadow
}

// particle -1
sphere {
	<26.079294, 37.355362, 35.638424> 0.100000
	pigment { color rgbt <1,0,0,0> }
	no_shadow
}
sphere {
	0, 1
	scale<0.080000,0.200000,0.300000>
	matrix <0.164481, -0.851980, 0.497068,
		-0.104995, 0.485946, 0.867660,
		-0.980776, -0.194903, -0.009524,
		25.785061, 37.296890, 35.635567>
	pigment { color rgbt <0,1,1,0> }
	no_shadow
}
cylinder {
	<26.123196, 37.392647, 36.339607>,  <26.471605, 37.433323, 35.642235>, 0.130000
	pigment { color rgbt <1,0,0,0> }
	no_shadow
}

// nucleotide -1

// particle -1
sphere {
	<26.123196, 37.392647, 36.339607> 0.250000
	pigment { color rgbt <1,0,0,0> }
	no_shadow
}
cylinder {
	<25.961212, 37.169865, 36.049557>,  <25.864021, 37.036194, 35.875526>, 0.100000
	pigment { color rgbt <1,0,0,0> }
	no_shadow
}
cylinder {
	<25.961212, 37.169865, 36.049557>,  <26.123196, 37.392647, 36.339607>, 0.100000
	pigment { color rgbt <1,0,0,0> }
	no_shadow
}

// particle -1
sphere {
	<25.961212, 37.169865, 36.049557> 0.100000
	pigment { color rgbt <1,0,0,0> }
	no_shadow
}
sphere {
	0, 1
	scale<0.080000,0.200000,0.300000>
	matrix <0.179215, -0.826032, 0.534372,
		-0.896598, 0.086447, 0.434325,
		-0.404961, -0.556954, -0.725126,
		25.839724, 37.002777, 35.832020>
	pigment { color rgbt <0,1,1,0> }
	no_shadow
}
cylinder {
	<25.754101, 36.950840, 36.652386>,  <26.123196, 37.392647, 36.339607>, 0.130000
	pigment { color rgbt <1,0,0,0> }
	no_shadow
}

// nucleotide -1

// particle -1
sphere {
	<25.754101, 36.950840, 36.652386> 0.250000
	pigment { color rgbt <1,0,0,0> }
	no_shadow
}
cylinder {
	<25.777077, 36.753723, 36.305088>,  <25.790863, 36.635452, 36.096710>, 0.100000
	pigment { color rgbt <1,0,0,0> }
	no_shadow
}
cylinder {
	<25.777077, 36.753723, 36.305088>,  <25.754101, 36.950840, 36.652386>, 0.100000
	pigment { color rgbt <1,0,0,0> }
	no_shadow
}

// particle -1
sphere {
	<25.777077, 36.753723, 36.305088> 0.100000
	pigment { color rgbt <1,0,0,0> }
	no_shadow
}
sphere {
	0, 1
	scale<0.080000,0.200000,0.300000>
	matrix <0.103353, -0.862076, 0.496129,
		-0.992985, -0.118234, 0.001413,
		0.057441, -0.492795, -0.868248,
		25.794310, 36.605885, 36.044613>
	pigment { color rgbt <0,1,1,0> }
	no_shadow
}
cylinder {
	<25.164890, 36.385399, 36.547050>,  <25.754101, 36.950840, 36.652386>, 0.130000
	pigment { color rgbt <1,0,0,0> }
	no_shadow
}

// nucleotide -1

// particle -1
sphere {
	<25.164890, 36.385399, 36.547050> 0.250000
	pigment { color rgbt <1,0,0,0> }
	no_shadow
}
cylinder {
	<25.494217, 36.276176, 36.348019>,  <25.691813, 36.210644, 36.228600>, 0.100000
	pigment { color rgbt <1,0,0,0> }
	no_shadow
}
cylinder {
	<25.494217, 36.276176, 36.348019>,  <25.164890, 36.385399, 36.547050>, 0.100000
	pigment { color rgbt <1,0,0,0> }
	no_shadow
}

// particle -1
sphere {
	<25.494217, 36.276176, 36.348019> 0.100000
	pigment { color rgbt <1,0,0,0> }
	no_shadow
}
sphere {
	0, 1
	scale<0.080000,0.200000,0.300000>
	matrix <0.158448, -0.731248, 0.663454,
		-0.545016, -0.625074, -0.558784,
		0.823317, -0.273055, -0.497583,
		25.741213, 36.194260, 36.198742>
	pigment { color rgbt <0,1,1,0> }
	no_shadow
}
cylinder {
	<25.103819, 35.787941, 36.238861>,  <25.164890, 36.385399, 36.547050>, 0.130000
	pigment { color rgbt <1,0,0,0> }
	no_shadow
}

// nucleotide -1

// particle -1
sphere {
	<25.103819, 35.787941, 36.238861> 0.250000
	pigment { color rgbt <1,0,0,0> }
	no_shadow
}
cylinder {
	<25.461605, 35.881954, 36.391014>,  <25.676277, 35.938362, 36.482307>, 0.100000
	pigment { color rgbt <1,0,0,0> }
	no_shadow
}
cylinder {
	<25.461605, 35.881954, 36.391014>,  <25.103819, 35.787941, 36.238861>, 0.100000
	pigment { color rgbt <1,0,0,0> }
	no_shadow
}

// particle -1
sphere {
	<25.461605, 35.881954, 36.391014> 0.100000
	pigment { color rgbt <1,0,0,0> }
	no_shadow
}
sphere {
	0, 1
	scale<0.080000,0.200000,0.300000>
	matrix <-0.046369, -0.797369, 0.601708,
		0.444728, -0.555844, -0.702320,
		0.894464, 0.235030, 0.380387,
		25.729944, 35.952465, 36.505131>
	pigment { color rgbt <0,1,1,0> }
	no_shadow
}
cylinder {
	<25.518660, 35.191814, 36.212296>,  <25.103819, 35.787941, 36.238861>, 0.130000
	pigment { color rgbt <1,0,0,0> }
	no_shadow
}

// nucleotide -1

// particle -1
sphere {
	<25.518660, 35.191814, 36.212296> 0.250000
	pigment { color rgbt <1,0,0,0> }
	no_shadow
}
cylinder {
	<25.647532, 35.417721, 36.516201>,  <25.724855, 35.553265, 36.698544>, 0.100000
	pigment { color rgbt <1,0,0,0> }
	no_shadow
}
cylinder {
	<25.647532, 35.417721, 36.516201>,  <25.518660, 35.191814, 36.212296>, 0.100000
	pigment { color rgbt <1,0,0,0> }
	no_shadow
}

// particle -1
sphere {
	<25.647532, 35.417721, 36.516201> 0.100000
	pigment { color rgbt <1,0,0,0> }
	no_shadow
}
sphere {
	0, 1
	scale<0.080000,0.200000,0.300000>
	matrix <0.038480, -0.809706, 0.585573,
		0.945896, -0.159424, -0.282603,
		0.322180, 0.564765, 0.759763,
		25.744186, 35.587151, 36.744129>
	pigment { color rgbt <0,1,1,0> }
	no_shadow
}
cylinder {
	<26.145788, 34.840042, 36.582352>,  <25.518660, 35.191814, 36.212296>, 0.130000
	pigment { color rgbt <1,0,0,0> }
	no_shadow
}

// nucleotide -1

// particle -1
sphere {
	<26.145788, 34.840042, 36.582352> 0.250000
	pigment { color rgbt <1,0,0,0> }
	no_shadow
}
cylinder {
	<25.925055, 35.061523, 36.831795>,  <25.792614, 35.194412, 36.981461>, 0.100000
	pigment { color rgbt <1,0,0,0> }
	no_shadow
}
cylinder {
	<25.925055, 35.061523, 36.831795>,  <26.145788, 34.840042, 36.582352>, 0.100000
	pigment { color rgbt <1,0,0,0> }
	no_shadow
}

// particle -1
sphere {
	<25.925055, 35.061523, 36.831795> 0.100000
	pigment { color rgbt <1,0,0,0> }
	no_shadow
}
sphere {
	0, 1
	scale<0.080000,0.200000,0.300000>
	matrix <-0.278807, -0.827241, 0.487790,
		0.785968, 0.095312, 0.610877,
		-0.551835, 0.553704, 0.623611,
		25.759504, 35.227634, 37.018879>
	pigment { color rgbt <0,1,1,0> }
	no_shadow
}
cylinder {
	<26.318645, 34.648102, 37.266056>,  <26.145788, 34.840042, 36.582352>, 0.130000
	pigment { color rgbt <1,0,0,0> }
	no_shadow
}

// nucleotide -1

// particle -1
sphere {
	<26.318645, 34.648102, 37.266056> 0.250000
	pigment { color rgbt <1,0,0,0> }
	no_shadow
}
cylinder {
	<25.951256, 34.806004, 37.275612>,  <25.730822, 34.900745, 37.281345>, 0.100000
	pigment { color rgbt <1,0,0,0> }
	no_shadow
}
cylinder {
	<25.951256, 34.806004, 37.275612>,  <26.318645, 34.648102, 37.266056>, 0.100000
	pigment { color rgbt <1,0,0,0> }
	no_shadow
}

// particle -1
sphere {
	<25.951256, 34.806004, 37.275612> 0.100000
	pigment { color rgbt <1,0,0,0> }
	no_shadow
}
sphere {
	0, 1
	scale<0.080000,0.200000,0.300000>
	matrix <-0.285300, -0.703213, 0.651226,
		0.273876, 0.591318, 0.758508,
		-0.918475, 0.394758, 0.023890,
		25.675713, 34.924431, 37.282780>
	pigment { color rgbt <0,1,1,0> }
	no_shadow
}
cylinder {
	<26.128912, 34.676105, 38.022530>,  <26.318645, 34.648102, 37.266056>, 0.130000
	pigment { color rgbt <1,0,0,0> }
	no_shadow
}

// nucleotide -1

// particle -1
sphere {
	<26.128912, 34.676105, 38.022530> 0.250000
	pigment { color rgbt <1,0,0,0> }
	no_shadow
}
cylinder {
	<25.804390, 34.647369, 37.790451>,  <25.609676, 34.630127, 37.651203>, 0.100000
	pigment { color rgbt <1,0,0,0> }
	no_shadow
}
cylinder {
	<25.804390, 34.647369, 37.790451>,  <26.128912, 34.676105, 38.022530>, 0.100000
	pigment { color rgbt <1,0,0,0> }
	no_shadow
}

// particle -1
sphere {
	<25.804390, 34.647369, 37.790451> 0.100000
	pigment { color rgbt <1,0,0,0> }
	no_shadow
}
sphere {
	0, 1
	scale<0.080000,0.200000,0.300000>
	matrix <-0.408215, -0.640808, 0.650173,
		-0.418503, 0.764332, 0.490563,
		-0.811305, -0.071844, -0.580192,
		25.560999, 34.625816, 37.616394>
	pigment { color rgbt <0,1,1,0> }
	no_shadow
}
cylinder {
	<25.536205, 34.682171, 38.416729>,  <26.128912, 34.676105, 38.022530>, 0.130000
	pigment { color rgbt <1,0,0,0> }
	no_shadow
}

// nucleotide -1

// particle -1
sphere {
	<25.536205, 34.682171, 38.416729> 0.250000
	pigment { color rgbt <1,0,0,0> }
	no_shadow
}
cylinder {
	<25.385630, 34.522812, 38.082169>,  <25.295284, 34.427197, 37.881432>, 0.100000
	pigment { color rgbt <1,0,0,0> }
	no_shadow
}
cylinder {
	<25.385630, 34.522812, 38.082169>,  <25.536205, 34.682171, 38.416729>, 0.100000
	pigment { color rgbt <1,0,0,0> }
	no_shadow
}

// particle -1
sphere {
	<25.385630, 34.522812, 38.082169> 0.100000
	pigment { color rgbt <1,0,0,0> }
	no_shadow
}
sphere {
	0, 1
	scale<0.080000,0.200000,0.300000>
	matrix <-0.402672, -0.742716, 0.535003,
		-0.834356, 0.538192, 0.119162,
		-0.376437, -0.398400, -0.836405,
		25.272699, 34.403294, 37.831245>
	pigment { color rgbt <0,1,1,0> }
	no_shadow
}
cylinder {
	<24.763811, 34.687263, 38.459156>,  <25.536205, 34.682171, 38.416729>, 0.130000
	pigment { color rgbt <1,0,0,0> }
	no_shadow
}

// nucleotide -1

// particle -1
sphere {
	<24.763811, 34.687263, 38.459156> 0.250000
	pigment { color rgbt <1,0,0,0> }
	no_shadow
}
cylinder {
	<24.875189, 34.412594, 38.190544>,  <24.942015, 34.247795, 38.029377>, 0.100000
	pigment { color rgbt <1,0,0,0> }
	no_shadow
}
cylinder {
	<24.875189, 34.412594, 38.190544>,  <24.763811, 34.687263, 38.459156>, 0.100000
	pigment { color rgbt <1,0,0,0> }
	no_shadow
}

// particle -1
sphere {
	<24.875189, 34.412594, 38.190544> 0.100000
	pigment { color rgbt <1,0,0,0> }
	no_shadow
}
sphere {
	0, 1
	scale<0.080000,0.200000,0.300000>
	matrix <-0.462110, -0.708715, 0.533082,
		-0.841976, 0.161889, -0.514653,
		0.278442, -0.686669, -0.671532,
		24.958721, 34.206593, 37.989086>
	pigment { color rgbt <0,1,1,0> }
	no_shadow
}
cylinder {
	<24.154533, 34.231152, 38.419178>,  <24.763811, 34.687263, 38.459156>, 0.130000
	pigment { color rgbt <1,0,0,0> }
	no_shadow
}

// nucleotide -1

// particle -1
sphere {
	<24.154533, 34.231152, 38.419178> 0.250000
	pigment { color rgbt <1,0,0,0> }
	no_shadow
}
cylinder {
	<24.465244, 34.020332, 38.281284>,  <24.651670, 33.893841, 38.198547>, 0.100000
	pigment { color rgbt <1,0,0,0> }
	no_shadow
}
cylinder {
	<24.465244, 34.020332, 38.281284>,  <24.154533, 34.231152, 38.419178>, 0.100000
	pigment { color rgbt <1,0,0,0> }
	no_shadow
}

// particle -1
sphere {
	<24.465244, 34.020332, 38.281284> 0.100000
	pigment { color rgbt <1,0,0,0> }
	no_shadow
}
sphere {
	0, 1
	scale<0.080000,0.200000,0.300000>
	matrix <-0.394754, -0.833979, 0.385550,
		-0.490701, -0.163402, -0.855869,
		0.776777, -0.527047, -0.344731,
		24.698277, 33.862217, 38.177864>
	pigment { color rgbt <0,1,1,0> }
	no_shadow
}
cylinder {
	<23.904156, 33.562950, 38.142036>,  <24.154533, 34.231152, 38.419178>, 0.130000
	pigment { color rgbt <1,0,0,0> }
	no_shadow
}

// nucleotide -1

// particle -1
sphere {
	<23.904156, 33.562950, 38.142036> 0.250000
	pigment { color rgbt <1,0,0,0> }
	no_shadow
}
cylinder {
	<24.283480, 33.541580, 38.267162>,  <24.511074, 33.528759, 38.342239>, 0.100000
	pigment { color rgbt <1,0,0,0> }
	no_shadow
}
cylinder {
	<24.283480, 33.541580, 38.267162>,  <23.904156, 33.562950, 38.142036>, 0.100000
	pigment { color rgbt <1,0,0,0> }
	no_shadow
}

// particle -1
sphere {
	<24.283480, 33.541580, 38.267162> 0.100000
	pigment { color rgbt <1,0,0,0> }
	no_shadow
}
sphere {
	0, 1
	scale<0.080000,0.200000,0.300000>
	matrix <-0.204930, -0.855724, 0.475121,
		0.242302, -0.514668, -0.822439,
		0.948311, -0.053420, 0.312815,
		24.567972, 33.525555, 38.361008>
	pigment { color rgbt <0,1,1,0> }
	no_shadow
}
cylinder {
	<24.116112, 33.467762, 38.787090>,  <23.904156, 33.562950, 38.142036>, 0.130000
	pigment { color rgbt <1,0,0,0> }
	no_shadow
}

// nucleotide -1

// particle -1
sphere {
	<24.116112, 33.467762, 38.787090> 0.250000
	pigment { color rgbt <1,0,0,0> }
	no_shadow
}
cylinder {
	<24.293791, 33.166332, 38.980919>,  <24.400398, 32.985474, 39.097214>, 0.100000
	pigment { color rgbt <1,0,0,0> }
	no_shadow
}
cylinder {
	<24.293791, 33.166332, 38.980919>,  <24.116112, 33.467762, 38.787090>, 0.100000
	pigment { color rgbt <1,0,0,0> }
	no_shadow
}

// particle -1
sphere {
	<24.293791, 33.166332, 38.980919> 0.100000
	pigment { color rgbt <1,0,0,0> }
	no_shadow
}
sphere {
	0, 1
	scale<0.080000,0.200000,0.300000>
	matrix <0.694372, -0.052211, -0.717720,
		0.566158, 0.655281, 0.500072,
		0.444199, -0.753579, 0.484568,
		24.427050, 32.940258, 39.126289>
	pigment { color rgbt <0,1,1,0> }
	no_shadow
}
cylinder {
	<24.883156, 33.579987, 39.020763>,  <24.116112, 33.467762, 38.787090>, 0.130000
	pigment { color rgbt <1,0,0,0> }
	no_shadow
}

// nucleotide -1

// particle -1
sphere {
	<24.883156, 33.579987, 39.020763> 0.250000
	pigment { color rgbt <1,0,0,0> }
	no_shadow
}
cylinder {
	<24.789213, 33.210789, 38.898834>,  <24.732847, 32.989269, 38.825676>, 0.100000
	pigment { color rgbt <1,0,0,0> }
	no_shadow
}
cylinder {
	<24.789213, 33.210789, 38.898834>,  <24.883156, 33.579987, 39.020763>, 0.100000
	pigment { color rgbt <1,0,0,0> }
	no_shadow
}

// particle -1
sphere {
	<24.789213, 33.210789, 38.898834> 0.100000
	pigment { color rgbt <1,0,0,0> }
	no_shadow
}
sphere {
	0, 1
	scale<0.080000,0.200000,0.300000>
	matrix <0.668883, 0.074082, -0.739667,
		0.705293, -0.377606, 0.599980,
		-0.234855, -0.922998, -0.304824,
		24.718758, 32.933887, 38.807388>
	pigment { color rgbt <0,1,1,0> }
	no_shadow
}
cylinder {
	<25.496010, 33.336990, 38.889606>,  <24.883156, 33.579987, 39.020763>, 0.130000
	pigment { color rgbt <1,0,0,0> }
	no_shadow
}

// nucleotide -1

// particle -1
sphere {
	<25.496010, 33.336990, 38.889606> 0.250000
	pigment { color rgbt <1,0,0,0> }
	no_shadow
}
cylinder {
	<25.178082, 33.176937, 38.707111>,  <24.987324, 33.080906, 38.597614>, 0.100000
	pigment { color rgbt <1,0,0,0> }
	no_shadow
}
cylinder {
	<25.178082, 33.176937, 38.707111>,  <25.496010, 33.336990, 38.889606>, 0.100000
	pigment { color rgbt <1,0,0,0> }
	no_shadow
}

// particle -1
sphere {
	<25.178082, 33.176937, 38.707111> 0.100000
	pigment { color rgbt <1,0,0,0> }
	no_shadow
}
sphere {
	0, 1
	scale<0.080000,0.200000,0.300000>
	matrix <0.284935, 0.417720, -0.862741,
		0.535791, -0.815723, -0.218001,
		-0.794821, -0.400133, -0.456238,
		24.939634, 33.056896, 38.570240>
	pigment { color rgbt <0,1,1,0> }
	no_shadow
}
cylinder {
	<25.732416, 32.924080, 38.304615>,  <25.496010, 33.336990, 38.889606>, 0.130000
	pigment { color rgbt <1,0,0,0> }
	no_shadow
}

// nucleotide -1

// particle -1
sphere {
	<25.732416, 32.924080, 38.304615> 0.250000
	pigment { color rgbt <1,0,0,0> }
	no_shadow
}
cylinder {
	<25.393557, 33.136620, 38.304352>,  <25.190241, 33.264145, 38.304195>, 0.100000
	pigment { color rgbt <1,0,0,0> }
	no_shadow
}
cylinder {
	<25.393557, 33.136620, 38.304352>,  <25.732416, 32.924080, 38.304615>, 0.100000
	pigment { color rgbt <1,0,0,0> }
	no_shadow
}

// particle -1
sphere {
	<25.393557, 33.136620, 38.304352> 0.100000
	pigment { color rgbt <1,0,0,0> }
	no_shadow
}
sphere {
	0, 1
	scale<0.080000,0.200000,0.300000>
	matrix <0.407348, 0.648653, -0.642897,
		-0.341180, -0.544898, -0.765952,
		-0.847150, 0.531353, -0.000655,
		25.139412, 33.296024, 38.304153>
	pigment { color rgbt <0,1,1,0> }
	no_shadow
}
cylinder {
	<25.716070, 33.256607, 37.644783>,  <25.732416, 32.924080, 38.304615>, 0.130000
	pigment { color rgbt <1,0,0,0> }
	no_shadow
}

// nucleotide -1

// particle -1
sphere {
	<25.716070, 33.256607, 37.644783> 0.250000
	pigment { color rgbt <1,0,0,0> }
	no_shadow
}
cylinder {
	<25.386694, 33.432049, 37.788769>,  <25.189068, 33.537312, 37.875160>, 0.100000
	pigment { color rgbt <1,0,0,0> }
	no_shadow
}
cylinder {
	<25.386694, 33.432049, 37.788769>,  <25.716070, 33.256607, 37.644783>, 0.100000
	pigment { color rgbt <1,0,0,0> }
	no_shadow
}

// particle -1
sphere {
	<25.386694, 33.432049, 37.788769> 0.100000
	pigment { color rgbt <1,0,0,0> }
	no_shadow
}
sphere {
	0, 1
	scale<0.080000,0.200000,0.300000>
	matrix <0.060590, 0.698753, -0.712792,
		-0.564162, -0.565130, -0.601955,
		-0.823438, 0.438602, 0.359968,
		25.139662, 33.563629, 37.896759>
	pigment { color rgbt <0,1,1,0> }
	no_shadow
}
cylinder {
	<25.312754, 33.380203, 36.996319>,  <25.716070, 33.256607, 37.644783>, 0.130000
	pigment { color rgbt <1,0,0,0> }
	no_shadow
}

// nucleotide -1

// particle -1
sphere {
	<25.312754, 33.380203, 36.996319> 0.250000
	pigment { color rgbt <1,0,0,0> }
	no_shadow
}
cylinder {
	<25.173710, 33.609772, 37.292908>,  <25.090284, 33.747513, 37.470860>, 0.100000
	pigment { color rgbt <1,0,0,0> }
	no_shadow
}
cylinder {
	<25.173710, 33.609772, 37.292908>,  <25.312754, 33.380203, 36.996319>, 0.100000
	pigment { color rgbt <1,0,0,0> }
	no_shadow
}

// particle -1
sphere {
	<25.173710, 33.609772, 37.292908> 0.100000
	pigment { color rgbt <1,0,0,0> }
	no_shadow
}
sphere {
	0, 1
	scale<0.080000,0.200000,0.300000>
	matrix <0.045645, 0.800205, -0.597988,
		-0.936528, -0.174022, -0.304356,
		-0.347610, 0.573924, 0.741470,
		25.069427, 33.781948, 37.515350>
	pigment { color rgbt <0,1,1,0> }
	no_shadow
}
cylinder {
	<24.708096, 33.760700, 36.756569>,  <25.312754, 33.380203, 36.996319>, 0.130000
	pigment { color rgbt <1,0,0,0> }
	no_shadow
}

// nucleotide -1

// particle -1
sphere {
	<24.708096, 33.760700, 36.756569> 0.250000
	pigment { color rgbt <1,0,0,0> }
	no_shadow
}
cylinder {
	<24.914875, 33.947803, 37.043335>,  <25.038942, 34.060066, 37.215393>, 0.100000
	pigment { color rgbt <1,0,0,0> }
	no_shadow
}
cylinder {
	<24.914875, 33.947803, 37.043335>,  <24.708096, 33.760700, 36.756569>, 0.100000
	pigment { color rgbt <1,0,0,0> }
	no_shadow
}

// particle -1
sphere {
	<24.914875, 33.947803, 37.043335> 0.100000
	pigment { color rgbt <1,0,0,0> }
	no_shadow
}
sphere {
	0, 1
	scale<0.080000,0.200000,0.300000>
	matrix <0.428140, 0.583940, -0.689717,
		-0.741256, 0.663488, 0.101601,
		0.516948, 0.467758, 0.716915,
		25.069960, 34.088131, 37.258408>
	pigment { color rgbt <0,1,1,0> }
	no_shadow
}
cylinder {
	<24.563286, 34.405678, 36.824966>,  <24.708096, 33.760700, 36.756569>, 0.130000
	pigment { color rgbt <1,0,0,0> }
	no_shadow
}

// nucleotide -1

// particle -1
sphere {
	<24.563286, 34.405678, 36.824966> 0.250000
	pigment { color rgbt <1,0,0,0> }
	no_shadow
}
cylinder {
	<24.942165, 34.391899, 36.952480>,  <25.169493, 34.383633, 37.028988>, 0.100000
	pigment { color rgbt <1,0,0,0> }
	no_shadow
}
cylinder {
	<24.942165, 34.391899, 36.952480>,  <24.563286, 34.405678, 36.824966>, 0.100000
	pigment { color rgbt <1,0,0,0> }
	no_shadow
}

// particle -1
sphere {
	<24.942165, 34.391899, 36.952480> 0.100000
	pigment { color rgbt <1,0,0,0> }
	no_shadow
}
sphere {
	0, 1
	scale<0.080000,0.200000,0.300000>
