// switches for output
#declare DRAW_BASES = 1; // possible values are 0, 1; only relevant for DNA ribbons
#declare DRAW_BASES_TYPE = 3; // possible values are 1, 2, 3; only relevant for DNA ribbons
#declare DRAW_FOG = 0; // set to 1 to enable fog

#include "colors.inc"

#include "transforms.inc"
background { rgb <1, 1, 1>}

#default {
   normal{
       ripples 0.25
       frequency 0.20
       turbulence 0.2
       lambda 5
   }
	finish {
		phong 0.1
		phong_size 40.
	}
}

// original window dimensions: 1024x640


// camera settings

camera {
	sky <0, 0.179814, -0.983701>
	up <0, 0.179814, -0.983701>
	right 1.6 * <1, 0, 0>
	location <35, 94.9851, 44.8844>
	look_at <35, 29.7336, 32.9568>
	direction <0, -65.2515, -11.9276>
	angle 67.0682
}


# declare cpy_camera_pos = <35, 94.9851, 44.8844>;
# if (DRAW_FOG = 1)
fog {
	fog_type 2
	up vnormalize(cpy_camera_pos)
	color rgbt<1,1,1,0.3>
	distance 1e-5
	fog_alt 3e-3
	fog_offset 56
}
# end


// LIGHTS

# declare lum = 6;
global_settings {
	ambient_light rgb lum * <0.05, 0.05, 0.05>
	max_trace_level 15
}# declare cpy_direct_light_amount = 0.25;
light_source
{	1000 * <-1, -1.16352, -0.803886>,
	rgb lum * cpy_direct_light_amount
	parallel
}

light_source
{	1000 * <1, 1.16352, 0.803886>,
	rgb lum * cpy_direct_light_amount
	parallel
}

// strand 0

// nucleotide -1

// particle -1
sphere {
	<24.330256, 34.735882, 35.182014> 0.250000
	pigment { color rgbt <1,0,0,0> }
	no_shadow
}
cylinder {
	<24.444086, 35.108326, 35.090759>,  <24.512384, 35.331791, 35.036007>, 0.100000
	pigment { color rgbt <1,0,0,0> }
	no_shadow
}
cylinder {
	<24.444086, 35.108326, 35.090759>,  <24.330256, 34.735882, 35.182014>, 0.100000
	pigment { color rgbt <1,0,0,0> }
	no_shadow
}

// particle -1
sphere {
	<24.444086, 35.108326, 35.090759> 0.100000
	pigment { color rgbt <1,0,0,0> }
	no_shadow
}
sphere {
	0, 1
	scale<0.080000,0.200000,0.300000>
	matrix <0.675243, -0.363616, -0.641740,
		-0.680487, 0.028574, -0.732203,
		0.284578, 0.931111, -0.228141,
		24.529459, 35.387661, 35.022316>
	pigment { color rgbt <0,1,1,0> }
	no_shadow
}
cylinder {
	<24.337376, 34.965927, 34.383942>,  <24.330256, 34.735882, 35.182014>, 0.130000
	pigment { color rgbt <1,0,0,0> }
	no_shadow
}

// nucleotide -1

// particle -1
sphere {
	<24.337376, 34.965927, 34.383942> 0.250000
	pigment { color rgbt <1,0,0,0> }
	no_shadow
}
cylinder {
	<24.617786, 35.138538, 34.611042>,  <24.786034, 35.242104, 34.747303>, 0.100000
	pigment { color rgbt <1,0,0,0> }
	no_shadow
}
cylinder {
	<24.617786, 35.138538, 34.611042>,  <24.337376, 34.965927, 34.383942>, 0.100000
	pigment { color rgbt <1,0,0,0> }
	no_shadow
}

// particle -1
sphere {
	<24.617786, 35.138538, 34.611042> 0.100000
	pigment { color rgbt <1,0,0,0> }
	no_shadow
}
sphere {
	0, 1
	scale<0.080000,0.200000,0.300000>
	matrix <0.710576, -0.490041, -0.504918,
		0.060339, 0.757395, -0.650164,
		0.701029, 0.431525, 0.567755,
		24.828094, 35.267994, 34.781368>
	pigment { color rgbt <0,1,1,0> }
	no_shadow
}
cylinder {
	<25.002739, 35.392818, 34.093979>,  <24.337376, 34.965927, 34.383942>, 0.130000
	pigment { color rgbt <1,0,0,0> }
	no_shadow
}

// nucleotide -1

// particle -1
sphere {
	<25.002739, 35.392818, 34.093979> 0.250000
	pigment { color rgbt <1,0,0,0> }
	no_shadow
}
cylinder {
	<25.072935, 35.163887, 34.414391>,  <25.115053, 35.026527, 34.606636>, 0.100000
	pigment { color rgbt <1,0,0,0> }
	no_shadow
}
cylinder {
	<25.072935, 35.163887, 34.414391>,  <25.002739, 35.392818, 34.093979>, 0.100000
	pigment { color rgbt <1,0,0,0> }
	no_shadow
}

// particle -1
sphere {
	<25.072935, 35.163887, 34.414391> 0.100000
	pigment { color rgbt <1,0,0,0> }
	no_shadow
}
sphere {
	0, 1
	scale<0.080000,0.200000,0.300000>
	matrix <0.707730, -0.492251, -0.506762,
		0.684341, 0.655840, 0.318671,
		0.175489, -0.572331, 0.801025,
		25.125582, 34.992188, 34.654697>
	pigment { color rgbt <0,1,1,0> }
	no_shadow
}
cylinder {
	<25.725416, 35.473763, 34.253960>,  <25.002739, 35.392818, 34.093979>, 0.130000
	pigment { color rgbt <1,0,0,0> }
	no_shadow
}

// nucleotide -1

// particle -1
sphere {
	<25.725416, 35.473763, 34.253960> 0.250000
	pigment { color rgbt <1,0,0,0> }
	no_shadow
}
cylinder {
	<25.607939, 35.137730, 34.436390>,  <25.537453, 34.936111, 34.545849>, 0.100000
	pigment { color rgbt <1,0,0,0> }
	no_shadow
}
cylinder {
	<25.607939, 35.137730, 34.436390>,  <25.725416, 35.473763, 34.253960>, 0.100000
	pigment { color rgbt <1,0,0,0> }
	no_shadow
}

// particle -1
sphere {
	<25.607939, 35.137730, 34.436390> 0.100000
	pigment { color rgbt <1,0,0,0> }
	no_shadow
}
sphere {
	0, 1
	scale<0.080000,0.200000,0.300000>
	matrix <0.872556, -0.430451, -0.230993,
		0.390373, 0.330114, 0.859438,
		-0.293692, -0.840081, 0.456079,
		25.519831, 34.885704, 34.573215>
	pigment { color rgbt <0,1,1,0> }
	no_shadow
}
cylinder {
	<26.200853, 34.984051, 33.800220>,  <25.725416, 35.473763, 34.253960>, 0.130000
	pigment { color rgbt <1,0,0,0> }
	no_shadow
}

// nucleotide -1

// particle -1
sphere {
	<26.200853, 34.984051, 33.800220> 0.250000
	pigment { color rgbt <1,0,0,0> }
	no_shadow
}
cylinder {
	<26.469156, 35.087776, 33.522274>,  <26.630138, 35.150009, 33.355507>, 0.100000
	pigment { color rgbt <1,0,0,0> }
	no_shadow
}
cylinder {
	<26.469156, 35.087776, 33.522274>,  <26.200853, 34.984051, 33.800220>, 0.100000
	pigment { color rgbt <1,0,0,0> }
	no_shadow
}

// particle -1
sphere {
	<26.469156, 35.087776, 33.522274> 0.100000
	pigment { color rgbt <1,0,0,0> }
	no_shadow
}
sphere {
	0, 1
	scale<0.080000,0.200000,0.300000>
	matrix <0.457171, -0.882292, 0.112053,
		-0.584020, -0.392834, -0.710354,
		0.670757, 0.259312, -0.694868,
		26.670383, 35.165569, 33.313812>
	pigment { color rgbt <0,1,1,0> }
	no_shadow
}
cylinder {
	<26.318619, 34.485989, 33.178764>,  <26.200853, 34.984051, 33.800220>, 0.130000
	pigment { color rgbt <1,0,0,0> }
	no_shadow
}

// nucleotide -1

// particle -1
sphere {
	<26.318619, 34.485989, 33.178764> 0.250000
	pigment { color rgbt <1,0,0,0> }
	no_shadow
}
cylinder {
	<26.661713, 34.687733, 33.218582>,  <26.867569, 34.808781, 33.242474>, 0.100000
	pigment { color rgbt <1,0,0,0> }
	no_shadow
}
cylinder {
	<26.661713, 34.687733, 33.218582>,  <26.318619, 34.485989, 33.178764>, 0.100000
	pigment { color rgbt <1,0,0,0> }
	no_shadow
}

// particle -1
sphere {
	<26.661713, 34.687733, 33.218582> 0.100000
	pigment { color rgbt <1,0,0,0> }
	no_shadow
}
sphere {
	0, 1
	scale<0.080000,0.200000,0.300000>
	matrix <0.512198, -0.855010, -0.081308,
		0.044107, 0.120730, -0.991705,
		0.857734, 0.504363, 0.099549,
		26.919033, 34.839043, 33.248447>
	pigment { color rgbt <0,1,1,0> }
	no_shadow
}
cylinder {
	<26.767847, 34.441574, 32.586056>,  <26.318619, 34.485989, 33.178764>, 0.130000
	pigment { color rgbt <1,0,0,0> }
	no_shadow
}

// nucleotide -1

// particle -1
sphere {
	<26.767847, 34.441574, 32.586056> 0.250000
	pigment { color rgbt <1,0,0,0> }
	no_shadow
}
cylinder {
	<26.965994, 34.479298, 32.931477>,  <27.084881, 34.501930, 33.138729>, 0.100000
	pigment { color rgbt <1,0,0,0> }
	no_shadow
}
cylinder {
	<26.965994, 34.479298, 32.931477>,  <26.767847, 34.441574, 32.586056>, 0.100000
	pigment { color rgbt <1,0,0,0> }
	no_shadow
}

// particle -1
sphere {
	<26.965994, 34.479298, 32.931477> 0.100000
	pigment { color rgbt <1,0,0,0> }
	no_shadow
}
sphere {
	0, 1
	scale<0.080000,0.200000,0.300000>
	matrix <0.514046, -0.833178, -0.203888,
		0.700264, 0.544904, -0.461205,
		0.495365, 0.094305, 0.863551,
		27.114603, 34.507587, 33.190540>
	pigment { color rgbt <0,1,1,0> }
	no_shadow
}
cylinder {
	<27.598993, 34.546558, 32.595757>,  <26.767847, 34.441574, 32.586056>, 0.130000
	pigment { color rgbt <1,0,0,0> }
	no_shadow
}

// nucleotide -1

// particle -1
sphere {
	<27.598993, 34.546558, 32.595757> 0.250000
	pigment { color rgbt <1,0,0,0> }
	no_shadow
}
cylinder {
	<27.476221, 34.311909, 32.895535>,  <27.402557, 34.171120, 33.075401>, 0.100000
	pigment { color rgbt <1,0,0,0> }
	no_shadow
}
cylinder {
	<27.476221, 34.311909, 32.895535>,  <27.598993, 34.546558, 32.595757>, 0.100000
	pigment { color rgbt <1,0,0,0> }
	no_shadow
}

// particle -1
sphere {
	<27.476221, 34.311909, 32.895535> 0.100000
	pigment { color rgbt <1,0,0,0> }
	no_shadow
}
sphere {
	0, 1
	scale<0.080000,0.200000,0.300000>
	matrix <0.578337, -0.740347, -0.342654,
		0.755857, 0.328258, 0.566504,
		-0.306930, -0.586628, 0.749441,
		27.384142, 34.135921, 33.120365>
	pigment { color rgbt <0,1,1,0> }
	no_shadow
}
cylinder {
	<28.165428, 34.306248, 32.947720>,  <27.598993, 34.546558, 32.595757>, 0.130000
	pigment { color rgbt <1,0,0,0> }
	no_shadow
}

// nucleotide -1

// particle -1
sphere {
	<28.165428, 34.306248, 32.947720> 0.250000
	pigment { color rgbt <1,0,0,0> }
	no_shadow
}
cylinder {
	<27.859104, 34.051888, 32.986019>,  <27.675310, 33.899273, 33.008999>, 0.100000
	pigment { color rgbt <1,0,0,0> }
	no_shadow
}
cylinder {
	<27.859104, 34.051888, 32.986019>,  <28.165428, 34.306248, 32.947720>, 0.100000
	pigment { color rgbt <1,0,0,0> }
	no_shadow
}

// particle -1
sphere {
	<27.859104, 34.051888, 32.986019> 0.100000
	pigment { color rgbt <1,0,0,0> }
	no_shadow
}
sphere {
	0, 1
	scale<0.080000,0.200000,0.300000>
	matrix <0.573357, -0.742603, -0.346125,
		0.291202, -0.210169, 0.933290,
		-0.765809, -0.635900, 0.095746,
		27.629362, 33.861118, 33.014744>
	pigment { color rgbt <0,1,1,0> }
	no_shadow
}
cylinder {
	<28.388981, 33.801456, 33.367493>,  <28.165428, 34.306248, 32.947720>, 0.130000
	pigment { color rgbt <1,0,0,0> }
	no_shadow
}

// nucleotide -1

// particle -1
sphere {
	<28.388981, 33.801456, 33.367493> 0.250000
	pigment { color rgbt <1,0,0,0> }
	no_shadow
}
cylinder {
	<28.081442, 33.629524, 33.178127>,  <27.896919, 33.526367, 33.064507>, 0.100000
	pigment { color rgbt <1,0,0,0> }
	no_shadow
}
cylinder {
	<28.081442, 33.629524, 33.178127>,  <28.388981, 33.801456, 33.367493>, 0.100000
	pigment { color rgbt <1,0,0,0> }
	no_shadow
}

// particle -1
sphere {
	<28.081442, 33.629524, 33.178127> 0.100000
	pigment { color rgbt <1,0,0,0> }
	no_shadow
}
sphere {
	0, 1
	scale<0.080000,0.200000,0.300000>
	matrix <0.554369, -0.817038, -0.158508,
		-0.318666, -0.384314, 0.866461,
		-0.768848, -0.429828, -0.473414,
		27.850788, 33.500576, 33.036102>
	pigment { color rgbt <0,1,1,0> }
	no_shadow
}
cylinder {
	<28.271894, 33.091526, 33.675949>,  <28.388981, 33.801456, 33.367493>, 0.130000
	pigment { color rgbt <1,0,0,0> }
	no_shadow
}

// nucleotide -1

// particle -1
sphere {
	<28.271894, 33.091526, 33.675949> 0.250000
	pigment { color rgbt <1,0,0,0> }
	no_shadow
}
cylinder {
	<28.128122, 33.117538, 33.303589>,  <28.041859, 33.133144, 33.080173>, 0.100000
	pigment { color rgbt <1,0,0,0> }
	no_shadow
}
cylinder {
	<28.128122, 33.117538, 33.303589>,  <28.271894, 33.091526, 33.675949>, 0.100000
	pigment { color rgbt <1,0,0,0> }
	no_shadow
}

// particle -1
sphere {
	<28.128122, 33.117538, 33.303589> 0.100000
	pigment { color rgbt <1,0,0,0> }
	no_shadow
}
sphere {
	0, 1
	scale<0.080000,0.200000,0.300000>
	matrix <0.684331, -0.659844, -0.310318,
		-0.634430, -0.748584, 0.192667,
		-0.359429, 0.065027, -0.930904,
		28.020294, 33.137047, 33.024319>
	pigment { color rgbt <0,1,1,0> }
	no_shadow
}
cylinder {
	<28.109249, 32.466442, 33.378315>,  <28.271894, 33.091526, 33.675949>, 0.130000
	pigment { color rgbt <1,0,0,0> }
	no_shadow
}

// nucleotide -1

// particle -1
sphere {
	<28.109249, 32.466442, 33.378315> 0.250000
	pigment { color rgbt <1,0,0,0> }
	no_shadow
}
cylinder {
	<28.244436, 32.729813, 33.109318>,  <28.325548, 32.887836, 32.947918>, 0.100000
	pigment { color rgbt <1,0,0,0> }
	no_shadow
}
cylinder {
	<28.244436, 32.729813, 33.109318>,  <28.109249, 32.466442, 33.378315>, 0.100000
	pigment { color rgbt <1,0,0,0> }
	no_shadow
}

// particle -1
sphere {
	<28.244436, 32.729813, 33.109318> 0.100000
	pigment { color rgbt <1,0,0,0> }
	no_shadow
}
sphere {
	0, 1
	scale<0.080000,0.200000,0.300000>
	matrix <0.846476, -0.525001, -0.088616,
		-0.411408, -0.539302, -0.734777,
		0.337967, 0.658428, -0.672496,
		28.345827, 32.927341, 32.907570>
	pigment { color rgbt <0,1,1,0> }
	no_shadow
}
cylinder {
	<28.329077, 32.101376, 32.765778>,  <28.109249, 32.466442, 33.378315>, 0.130000
	pigment { color rgbt <1,0,0,0> }
	no_shadow
}

// nucleotide -1

// particle -1
sphere {
	<28.329077, 32.101376, 32.765778> 0.250000
	pigment { color rgbt <1,0,0,0> }
	no_shadow
}
cylinder {
	<28.521709, 32.447426, 32.821831>,  <28.637289, 32.655056, 32.855461>, 0.100000
	pigment { color rgbt <1,0,0,0> }
	no_shadow
}
cylinder {
	<28.521709, 32.447426, 32.821831>,  <28.329077, 32.101376, 32.765778>, 0.100000
	pigment { color rgbt <1,0,0,0> }
	no_shadow
}

// particle -1
sphere {
	<28.521709, 32.447426, 32.821831> 0.100000
	pigment { color rgbt <1,0,0,0> }
	no_shadow
}
sphere {
	0, 1
	scale<0.080000,0.200000,0.300000>
	matrix <0.869634, -0.491547, 0.046020,
		0.108694, 0.099701, -0.989063,
		0.481583, 0.865125, 0.140132,
		28.666183, 32.706963, 32.863869>
	pigment { color rgbt <0,1,1,0> }
	no_shadow
}
cylinder {
	<28.863325, 32.306194, 32.235065>,  <28.329077, 32.101376, 32.765778>, 0.130000
	pigment { color rgbt <1,0,0,0> }
	no_shadow
}

// nucleotide -1

// particle -1
sphere {
	<28.863325, 32.306194, 32.235065> 0.250000
	pigment { color rgbt <1,0,0,0> }
	no_shadow
}
cylinder {
	<28.953386, 32.451721, 32.596603>,  <29.007423, 32.539036, 32.813526>, 0.100000
	pigment { color rgbt <1,0,0,0> }
	no_shadow
}
cylinder {
	<28.953386, 32.451721, 32.596603>,  <28.863325, 32.306194, 32.235065>, 0.100000
	pigment { color rgbt <1,0,0,0> }
	no_shadow
}

// particle -1
sphere {
	<28.953386, 32.451721, 32.596603> 0.100000
	pigment { color rgbt <1,0,0,0> }
	no_shadow
}
sphere {
	0, 1
	scale<0.080000,0.200000,0.300000>
	matrix <0.857826, -0.513896, -0.006833,
		0.461998, 0.776883, -0.427796,
		0.225151, 0.363818, 0.903849,
		29.020931, 32.560867, 32.867760>
	pigment { color rgbt <0,1,1,0> }
	no_shadow
}
cylinder {
	<28.760149, 33.069916, 32.285645>,  <28.863325, 32.306194, 32.235065>, 0.130000
	pigment { color rgbt <1,0,0,0> }
	no_shadow
}

// nucleotide -1

// particle -1
sphere {
	<28.760149, 33.069916, 32.285645> 0.250000
	pigment { color rgbt <1,0,0,0> }
	no_shadow
}
cylinder {
	<28.489244, 32.775696, 32.278908>,  <28.326702, 32.599163, 32.274868>, 0.100000
	pigment { color rgbt <1,0,0,0> }
	no_shadow
}
cylinder {
	<28.489244, 32.775696, 32.278908>,  <28.760149, 33.069916, 32.285645>, 0.100000
	pigment { color rgbt <1,0,0,0> }
	no_shadow
}

// particle -1
sphere {
	<28.489244, 32.775696, 32.278908> 0.100000
	pigment { color rgbt <1,0,0,0> }
	no_shadow
}
sphere {
	0, 1
	scale<0.080000,0.200000,0.300000>
	matrix <-0.670448, 0.607569, 0.425863,
		-0.303012, 0.299711, -0.904631,
		-0.677262, -0.735549, -0.016840,
		28.286066, 32.555031, 32.273857>
	pigment { color rgbt <0,1,1,0> }
	no_shadow
}
cylinder {
	<28.146881, 33.146389, 31.787004>,  <28.760149, 33.069916, 32.285645>, 0.130000
	pigment { color rgbt <1,0,0,0> }
	no_shadow
}

// nucleotide -1

// particle -1
sphere {
	<28.146881, 33.146389, 31.787004> 0.250000
	pigment { color rgbt <1,0,0,0> }
	no_shadow
}
cylinder {
	<28.089846, 32.968338, 32.140621>,  <28.055624, 32.861507, 32.352791>, 0.100000
	pigment { color rgbt <1,0,0,0> }
	no_shadow
}
cylinder {
	<28.089846, 32.968338, 32.140621>,  <28.146881, 33.146389, 31.787004>, 0.100000
	pigment { color rgbt <1,0,0,0> }
	no_shadow
}

// particle -1
sphere {
	<28.089846, 32.968338, 32.140621> 0.100000
	pigment { color rgbt <1,0,0,0> }
	no_shadow
}
sphere {
	0, 1
	scale<0.080000,0.200000,0.300000>
	matrix <-0.606487, 0.745143, 0.277371,
		-0.782203, -0.496609, -0.376216,
		-0.142590, -0.445130, 0.884040,
		28.047070, 32.834801, 32.405834>
	pigment { color rgbt <0,1,1,0> }
	no_shadow
}
cylinder {
	<27.413301, 33.048771, 31.865065>,  <28.146881, 33.146389, 31.787004>, 0.130000
	pigment { color rgbt <1,0,0,0> }
	no_shadow
}

// nucleotide -1

// particle -1
sphere {
	<27.413301, 33.048771, 31.865065> 0.250000
	pigment { color rgbt <1,0,0,0> }
	no_shadow
}
cylinder {
	<27.605511, 33.083160, 32.214169>,  <27.720837, 33.103794, 32.423630>, 0.100000
	pigment { color rgbt <1,0,0,0> }
	no_shadow
}
cylinder {
	<27.605511, 33.083160, 32.214169>,  <27.413301, 33.048771, 31.865065>, 0.100000
	pigment { color rgbt <1,0,0,0> }
	no_shadow
}

// particle -1
sphere {
	<27.605511, 33.083160, 32.214169> 0.100000
	pigment { color rgbt <1,0,0,0> }
	no_shadow
}
sphere {
	0, 1
	scale<0.080000,0.200000,0.300000>
	matrix <-0.726126, 0.597059, 0.340973,
		-0.491772, -0.797577, 0.349331,
		0.480523, 0.085977, 0.872758,
		27.749668, 33.108955, 32.475994>
	pigment { color rgbt <0,1,1,0> }
	no_shadow
}
cylinder {
	<26.853807, 33.066650, 32.330021>,  <27.413301, 33.048771, 31.865065>, 0.130000
	pigment { color rgbt <1,0,0,0> }
	no_shadow
}

// nucleotide -1

// particle -1
sphere {
	<26.853807, 33.066650, 32.330021> 0.250000
	pigment { color rgbt <1,0,0,0> }
	no_shadow
}
cylinder {
	<27.170212, 33.183613, 32.544983>,  <27.360054, 33.253792, 32.673958>, 0.100000
	pigment { color rgbt <1,0,0,0> }
	no_shadow
}
cylinder {
	<27.170212, 33.183613, 32.544983>,  <26.853807, 33.066650, 32.330021>, 0.100000
	pigment { color rgbt <1,0,0,0> }
	no_shadow
}

// particle -1
sphere {
	<27.170212, 33.183613, 32.544983> 0.100000
	pigment { color rgbt <1,0,0,0> }
	no_shadow
}
sphere {
	0, 1
	scale<0.080000,0.200000,0.300000>
	matrix <-0.588848, 0.602232, 0.539050,
		-0.166019, -0.742842, 0.648554,
		0.791009, 0.292407, 0.537403,
		27.407515, 33.271336, 32.706203>
	pigment { color rgbt <0,1,1,0> }
	no_shadow
}
cylinder {
	<26.650635, 32.969891, 33.067432>,  <26.853807, 33.066650, 32.330021>, 0.130000
	pigment { color rgbt <1,0,0,0> }
	no_shadow
}

// nucleotide -1

// particle -1
sphere {
	<26.650635, 32.969891, 33.067432> 0.250000
	pigment { color rgbt <1,0,0,0> }
	no_shadow
}
cylinder {
	<26.921347, 33.261353, 33.025410>,  <27.083773, 33.436230, 33.000195>, 0.100000
	pigment { color rgbt <1,0,0,0> }
	no_shadow
}
cylinder {
	<26.921347, 33.261353, 33.025410>,  <26.650635, 32.969891, 33.067432>, 0.100000
	pigment { color rgbt <1,0,0,0> }
	no_shadow
}

// particle -1
sphere {
	<26.921347, 33.261353, 33.025410> 0.100000
	pigment { color rgbt <1,0,0,0> }
	no_shadow
}
sphere {
	0, 1
	scale<0.080000,0.200000,0.300000>
	matrix <-0.565067, 0.605623, 0.560285,
		0.471880, -0.319823, 0.821610,
		0.676778, 0.728652, -0.105060,
		27.124380, 33.479950, 32.993893>
	pigment { color rgbt <0,1,1,0> }
	no_shadow
}
cylinder {
	<26.751989, 33.254128, 33.707317>,  <26.650635, 32.969891, 33.067432>, 0.130000
	pigment { color rgbt <1,0,0,0> }
	no_shadow
}

// nucleotide -1

// particle -1
sphere {
	<26.751989, 33.254128, 33.707317> 0.250000
	pigment { color rgbt <1,0,0,0> }
	no_shadow
}
cylinder {
	<26.849813, 33.524189, 33.428936>,  <26.908508, 33.686226, 33.261906>, 0.100000
	pigment { color rgbt <1,0,0,0> }
	no_shadow
}
cylinder {
	<26.849813, 33.524189, 33.428936>,  <26.751989, 33.254128, 33.707317>, 0.100000
	pigment { color rgbt <1,0,0,0> }
	no_shadow
}

// particle -1
sphere {
	<26.849813, 33.524189, 33.428936> 0.100000
	pigment { color rgbt <1,0,0,0> }
	no_shadow
}
sphere {
	0, 1
	scale<0.080000,0.200000,0.300000>
	matrix <-0.613863, 0.663402, 0.427867,
		0.750575, 0.322582, 0.576695,
		0.244558, 0.675158, -0.695955,
		26.923182, 33.726738, 33.220150>
	pigment { color rgbt <0,1,1,0> }
	no_shadow
}
cylinder {
	<27.095314, 33.858242, 34.024967>,  <26.751989, 33.254128, 33.707317>, 0.130000
	pigment { color rgbt <1,0,0,0> }
	no_shadow
}

// nucleotide -1

// particle -1
sphere {
	<27.095314, 33.858242, 34.024967> 0.250000
	pigment { color rgbt <1,0,0,0> }
	no_shadow
}
cylinder {
	<26.872593, 33.924171, 33.699318>,  <26.738960, 33.963730, 33.503929>, 0.100000
	pigment { color rgbt <1,0,0,0> }
	no_shadow
}
cylinder {
	<26.872593, 33.924171, 33.699318>,  <27.095314, 33.858242, 34.024967>, 0.100000
	pigment { color rgbt <1,0,0,0> }
	no_shadow
}

// particle -1
sphere {
	<26.872593, 33.924171, 33.699318> 0.100000
	pigment { color rgbt <1,0,0,0> }
	no_shadow
}
sphere {
	0, 1
	scale<0.080000,0.200000,0.300000>
	matrix <-0.376363, 0.823672, 0.424163,
		0.740487, 0.542583, -0.396589,
		-0.556804, 0.164826, -0.814127,
		26.705551, 33.973618, 33.455078>
	pigment { color rgbt <0,1,1,0> }
	no_shadow
}
cylinder {
	<27.650000, 33.412865, 34.285820>,  <27.095314, 33.858242, 34.024967>, 0.130000
	pigment { color rgbt <1,0,0,0> }
	no_shadow
}

// nucleotide -1

// particle -1
sphere {
	<27.650000, 33.412865, 34.285820> 0.250000
	pigment { color rgbt <1,0,0,0> }
	no_shadow
}
cylinder {
	<27.610727, 33.036385, 34.156513>,  <27.587164, 32.810497, 34.078930>, 0.100000
	pigment { color rgbt <1,0,0,0> }
	no_shadow
}
cylinder {
	<27.610727, 33.036385, 34.156513>,  <27.650000, 33.412865, 34.285820>, 0.100000
	pigment { color rgbt <1,0,0,0> }
	no_shadow
}

// particle -1
sphere {
	<27.610727, 33.036385, 34.156513> 0.100000
	pigment { color rgbt <1,0,0,0> }
	no_shadow
}
sphere {
	0, 1
	scale<0.080000,0.200000,0.300000>
	matrix <-0.451354, -0.247393, 0.857366,
		-0.886927, 0.230088, -0.400525,
		-0.098183, -0.941199, -0.323271,
		27.581272, 32.754025, 34.059532>
	pigment { color rgbt <0,1,1,0> }
	no_shadow
}
cylinder {
	<27.060312, 32.981457, 34.603920>,  <27.650000, 33.412865, 34.285820>, 0.130000
	pigment { color rgbt <1,0,0,0> }
	no_shadow
}

// nucleotide -1

// particle -1
sphere {
	<27.060312, 32.981457, 34.603920> 0.250000
	pigment { color rgbt <1,0,0,0> }
	no_shadow
}
cylinder {
	<27.265997, 32.662872, 34.476654>,  <27.389408, 32.471722, 34.400295>, 0.100000
	pigment { color rgbt <1,0,0,0> }
	no_shadow
}
cylinder {
	<27.265997, 32.662872, 34.476654>,  <27.060312, 32.981457, 34.603920>, 0.100000
	pigment { color rgbt <1,0,0,0> }
	no_shadow
}

// particle -1
sphere {
	<27.265997, 32.662872, 34.476654> 0.100000
	pigment { color rgbt <1,0,0,0> }
	no_shadow
}
sphere {
	0, 1
	scale<0.080000,0.200000,0.300000>
	matrix <-0.366521, -0.539457, 0.758056,
		-0.775404, -0.273184, -0.569315,
		0.514209, -0.796465, -0.318169,
		27.420259, 32.423931, 34.381203>
	pigment { color rgbt <0,1,1,0> }
	no_shadow
}
cylinder {
	<26.626160, 32.480217, 34.376995>,  <27.060312, 32.981457, 34.603920>, 0.130000
	pigment { color rgbt <1,0,0,0> }
	no_shadow
}

// nucleotide -1

// particle -1
sphere {
	<26.626160, 32.480217, 34.376995> 0.250000
	pigment { color rgbt <1,0,0,0> }
	no_shadow
}
cylinder {
	<26.965662, 32.365585, 34.554752>,  <27.169363, 32.296806, 34.661407>, 0.100000
	pigment { color rgbt <1,0,0,0> }
	no_shadow
}
cylinder {
	<26.965662, 32.365585, 34.554752>,  <26.626160, 32.480217, 34.376995>, 0.100000
	pigment { color rgbt <1,0,0,0> }
	no_shadow
}

// particle -1
sphere {
	<26.965662, 32.365585, 34.554752> 0.100000
	pigment { color rgbt <1,0,0,0> }
	no_shadow
}
sphere {
	0, 1
	scale<0.080000,0.200000,0.300000>
	matrix <-0.516416, -0.268516, 0.813150,
		-0.113701, -0.919659, -0.375897,
		0.848755, -0.286576, 0.444397,
		27.220289, 32.279613, 34.688072>
	pigment { color rgbt <0,1,1,0> }
	no_shadow
}
cylinder {
	<26.572784, 31.779537, 34.805206>,  <26.626160, 32.480217, 34.376995>, 0.130000
	pigment { color rgbt <1,0,0,0> }
	no_shadow
}

// nucleotide -1

// particle -1
sphere {
	<26.572784, 31.779537, 34.805206> 0.250000
	pigment { color rgbt <1,0,0,0> }
	no_shadow
}
cylinder {
	<26.888794, 31.972462, 34.956593>,  <27.078400, 32.088215, 35.047424>, 0.100000
	pigment { color rgbt <1,0,0,0> }
	no_shadow
}
cylinder {
	<26.888794, 31.972462, 34.956593>,  <26.572784, 31.779537, 34.805206>, 0.100000
	pigment { color rgbt <1,0,0,0> }
	no_shadow
}

// particle -1
sphere {
	<26.888794, 31.972462, 34.956593> 0.100000
	pigment { color rgbt <1,0,0,0> }
	no_shadow
}
sphere {
	0, 1
	scale<0.080000,0.200000,0.300000>
	matrix <-0.245644, -0.316576, 0.916209,
		0.561712, -0.816795, -0.131625,
		0.790025, 0.482313, 0.378465,
		27.125801, 32.117157, 35.070133>
	pigment { color rgbt <0,1,1,0> }
	no_shadow
}
cylinder {
	<27.011547, 31.250494, 35.279148>,  <26.572784, 31.779537, 34.805206>, 0.130000
	pigment { color rgbt <1,0,0,0> }
	no_shadow
}

// nucleotide -1

// particle -1
sphere {
	<27.011547, 31.250494, 35.279148> 0.250000
	pigment { color rgbt <1,0,0,0> }
	no_shadow
}
cylinder {
	<27.081213, 31.635164, 35.363857>,  <27.123013, 31.865967, 35.414684>, 0.100000
	pigment { color rgbt <1,0,0,0> }
	no_shadow
}
cylinder {
	<27.081213, 31.635164, 35.363857>,  <27.011547, 31.250494, 35.279148>, 0.100000
	pigment { color rgbt <1,0,0,0> }
	no_shadow
}

// particle -1
sphere {
	<27.081213, 31.635164, 35.363857> 0.100000
	pigment { color rgbt <1,0,0,0> }
	no_shadow
}
sphere {
	0, 1
	scale<0.080000,0.200000,0.300000>
	matrix <-0.384321, -0.131620, 0.913769,
		0.906623, -0.240532, 0.346669,
		0.174162, 0.961676, 0.211772,
		27.133461, 31.923668, 35.427387>
	pigment { color rgbt <0,1,1,0> }
	no_shadow
}
cylinder {
	<27.518654, 31.347111, 35.818100>,  <27.011547, 31.250494, 35.279148>, 0.130000
	pigment { color rgbt <1,0,0,0> }
	no_shadow
}

// nucleotide -1

// particle -1
sphere {
	<27.518654, 31.347111, 35.818100> 0.250000
	pigment { color rgbt <1,0,0,0> }
	no_shadow
}
cylinder {
	<27.236937, 31.630821, 35.806107>,  <27.067905, 31.801046, 35.798912>, 0.100000
	pigment { color rgbt <1,0,0,0> }
	no_shadow
}
cylinder {
	<27.236937, 31.630821, 35.806107>,  <27.518654, 31.347111, 35.818100>, 0.100000
	pigment { color rgbt <1,0,0,0> }
	no_shadow
}

// particle -1
sphere {
	<27.236937, 31.630821, 35.806107> 0.100000
	pigment { color rgbt <1,0,0,0> }
	no_shadow
}
sphere {
	0, 1
	scale<0.080000,0.200000,0.300000>
	matrix <-0.356212, -0.316548, 0.879153,
		0.614070, 0.629863, 0.475595,
		-0.704295, 0.709274, -0.029983,
		27.025648, 31.843603, 35.797112>
	pigment { color rgbt <0,1,1,0> }
	no_shadow
}
cylinder {
	<27.568802, 31.664955, 36.422852>,  <27.518654, 31.347111, 35.818100>, 0.130000
	pigment { color rgbt <1,0,0,0> }
	no_shadow
}

// nucleotide -1

// particle -1
sphere {
	<27.568802, 31.664955, 36.422852> 0.250000
	pigment { color rgbt <1,0,0,0> }
	no_shadow
}
cylinder {
	<27.200211, 31.699041, 36.271267>,  <26.979055, 31.719492, 36.180317>, 0.100000
	pigment { color rgbt <1,0,0,0> }
	no_shadow
}
cylinder {
	<27.200211, 31.699041, 36.271267>,  <27.568802, 31.664955, 36.422852>, 0.100000
	pigment { color rgbt <1,0,0,0> }
	no_shadow
}

// particle -1
sphere {
	<27.200211, 31.699041, 36.271267> 0.100000
	pigment { color rgbt <1,0,0,0> }
	no_shadow
}
sphere {
	0, 1
	scale<0.080000,0.200000,0.300000>
	matrix <-0.380517, -0.393943, 0.836669,
		-0.077994, 0.915176, 0.395436,
		-0.921479, 0.085215, -0.378965,
		26.923767, 31.724606, 36.157578>
	pigment { color rgbt <0,1,1,0> }
	no_shadow
}
cylinder {
	<27.205053, 31.526255, 36.971405>,  <27.568802, 31.664955, 36.422852>, 0.130000
	pigment { color rgbt <1,0,0,0> }
	no_shadow
}

// nucleotide -1

// particle -1
sphere {
	<27.205053, 31.526255, 36.971405> 0.250000
	pigment { color rgbt <1,0,0,0> }
	no_shadow
}
cylinder {
	<26.943277, 31.490339, 36.671101>,  <26.786213, 31.468790, 36.490917>, 0.100000
	pigment { color rgbt <1,0,0,0> }
	no_shadow
}
cylinder {
	<26.943277, 31.490339, 36.671101>,  <27.205053, 31.526255, 36.971405>, 0.100000
	pigment { color rgbt <1,0,0,0> }
	no_shadow
}

// particle -1
sphere {
	<26.943277, 31.490339, 36.671101> 0.100000
	pigment { color rgbt <1,0,0,0> }
	no_shadow
}
sphere {
	0, 1
	scale<0.080000,0.200000,0.300000>
	matrix <-0.544850, -0.632454, 0.550583,
		-0.524260, 0.769376, 0.364980,
		-0.654439, -0.089789, -0.750765,
		26.746946, 31.463402, 36.445869>
	pigment { color rgbt <0,1,1,0> }
	no_shadow
}
cylinder {
	<26.518471, 31.728178, 37.157280>,  <27.205053, 31.526255, 36.971405>, 0.130000
	pigment { color rgbt <1,0,0,0> }
	no_shadow
}

// nucleotide -1

// particle -1
sphere {
	<26.518471, 31.728178, 37.157280> 0.250000
	pigment { color rgbt <1,0,0,0> }
	no_shadow
}
cylinder {
	<26.474064, 31.476452, 36.849609>,  <26.447420, 31.325417, 36.665005>, 0.100000
	pigment { color rgbt <1,0,0,0> }
	no_shadow
}
cylinder {
	<26.474064, 31.476452, 36.849609>,  <26.518471, 31.728178, 37.157280>, 0.100000
	pigment { color rgbt <1,0,0,0> }
	no_shadow
}

// particle -1
sphere {
	<26.474064, 31.476452, 36.849609> 0.100000
	pigment { color rgbt <1,0,0,0> }
	no_shadow
}
sphere {
	0, 1
	scale<0.080000,0.200000,0.300000>
	matrix <-0.624383, -0.557977, 0.546633,
		-0.773189, 0.540948, -0.330989,
		-0.111015, -0.629315, -0.769180,
		26.440760, 31.287657, 36.618855>
	pigment { color rgbt <0,1,1,0> }
	no_shadow
}
cylinder {
	<25.876318, 31.413258, 37.223289>,  <26.518471, 31.728178, 37.157280>, 0.130000
	pigment { color rgbt <1,0,0,0> }
	no_shadow
}

// nucleotide -1

// particle -1
sphere {
	<25.876318, 31.413258, 37.223289> 0.250000
	pigment { color rgbt <1,0,0,0> }
	no_shadow
}
cylinder {
	<26.053349, 31.151981, 36.977535>,  <26.159567, 30.995216, 36.830082>, 0.100000
	pigment { color rgbt <1,0,0,0> }
	no_shadow
}
cylinder {
	<26.053349, 31.151981, 36.977535>,  <25.876318, 31.413258, 37.223289>, 0.100000
	pigment { color rgbt <1,0,0,0> }
	no_shadow
}

// particle -1
sphere {
	<26.053349, 31.151981, 36.977535> 0.100000
	pigment { color rgbt <1,0,0,0> }
	no_shadow
}
sphere {
	0, 1
	scale<0.080000,0.200000,0.300000>
	matrix <-0.570212, -0.733777, 0.369363,
		-0.692085, 0.186857, -0.697211,
		0.442579, -0.653188, -0.614385,
		26.186121, 30.956024, 36.793221>
	pigment { color rgbt <0,1,1,0> }
	no_shadow
}
cylinder {
	<25.439119, 31.150312, 36.706676>,  <25.876318, 31.413258, 37.223289>, 0.130000
	pigment { color rgbt <1,0,0,0> }
	no_shadow
}

// nucleotide -1

// particle -1
sphere {
	<25.439119, 31.150312, 36.706676> 0.250000
	pigment { color rgbt <1,0,0,0> }
	no_shadow
}
cylinder {
	<25.729794, 30.898903, 36.817593>,  <25.904198, 30.748058, 36.884140>, 0.100000
	pigment { color rgbt <1,0,0,0> }
	no_shadow
}
cylinder {
	<25.729794, 30.898903, 36.817593>,  <25.439119, 31.150312, 36.706676>, 0.100000
	pigment { color rgbt <1,0,0,0> }
	no_shadow
}

// particle -1
sphere {
	<25.729794, 30.898903, 36.817593> 0.100000
	pigment { color rgbt <1,0,0,0> }
	no_shadow
}
sphere {
	0, 1
	scale<0.080000,0.200000,0.300000>
	matrix <-0.686106, -0.643765, 0.338859,
		-0.034472, -0.436492, -0.899047,
		0.726685, -0.628523, 0.277288,
		25.947800, 30.710346, 36.900780>
	pigment { color rgbt <0,1,1,0> }
	no_shadow
}
cylinder {
	<25.183538, 30.584190, 36.567886>,  <25.439119, 31.150312, 36.706676>, 0.130000
	pigment { color rgbt <1,0,0,0> }
	no_shadow
}

// nucleotide -1

// particle -1
sphere {
	<25.183538, 30.584190, 36.567886> 0.250000
	pigment { color rgbt <1,0,0,0> }
	no_shadow
}
cylinder {
	<25.488497, 30.466400, 36.798378>,  <25.671471, 30.395727, 36.936672>, 0.100000
	pigment { color rgbt <1,0,0,0> }
	no_shadow
}
cylinder {
	<25.488497, 30.466400, 36.798378>,  <25.183538, 30.584190, 36.567886>, 0.100000
	pigment { color rgbt <1,0,0,0> }
	no_shadow
}

// particle -1
sphere {
	<25.488497, 30.466400, 36.798378> 0.100000
	pigment { color rgbt <1,0,0,0> }
	no_shadow
}
sphere {
	0, 1
	scale<0.080000,0.200000,0.300000>
	matrix <-0.579470, -0.707033, 0.405363,
		0.288045, -0.642954, -0.709676,
		0.762394, -0.294474, 0.576230,
		25.717215, 30.378057, 36.971249>
	pigment { color rgbt <0,1,1,0> }
	no_shadow
}
cylinder {
	<25.204760, 29.880117, 36.389992>,  <25.183538, 30.584190, 36.567886>, 0.130000
	pigment { color rgbt <1,0,0,0> }
	no_shadow
}

// nucleotide -1

// particle -1
sphere {
	<25.204760, 29.880117, 36.389992> 0.250000
	pigment { color rgbt <1,0,0,0> }
	no_shadow
}
cylinder {
	<25.349895, 29.954666, 36.755199>,  <25.436977, 29.999395, 36.974323>, 0.100000
	pigment { color rgbt <1,0,0,0> }
	no_shadow
}
cylinder {
	<25.349895, 29.954666, 36.755199>,  <25.204760, 29.880117, 36.389992>, 0.100000
	pigment { color rgbt <1,0,0,0> }
	no_shadow
}

// particle -1
sphere {
	<25.349895, 29.954666, 36.755199> 0.100000
	pigment { color rgbt <1,0,0,0> }
	no_shadow
}
sphere {
	0, 1
	scale<0.080000,0.200000,0.300000>
	matrix <-0.543538, -0.753524, 0.369822,
		0.756910, -0.630449, -0.172109,
		0.362842, 0.186374, 0.913023,
		25.458748, 30.010578, 37.029106>
	pigment { color rgbt <0,1,1,0> }
	no_shadow
}
cylinder {
	<25.360147, 29.269686, 36.627861>,  <25.204760, 29.880117, 36.389992>, 0.130000
	pigment { color rgbt <1,0,0,0> }
	no_shadow
}

// nucleotide -1

// particle -1
sphere {
	<25.360147, 29.269686, 36.627861> 0.250000
	pigment { color rgbt <1,0,0,0> }
	no_shadow
}
cylinder {
	<25.280613, 29.466768, 36.966732>,  <25.232891, 29.585018, 37.170055>, 0.100000
	pigment { color rgbt <1,0,0,0> }
	no_shadow
}
cylinder {
	<25.280613, 29.466768, 36.966732>,  <25.360147, 29.269686, 36.627861>, 0.100000
	pigment { color rgbt <1,0,0,0> }
	no_shadow
}

// particle -1
sphere {
	<25.280613, 29.466768, 36.966732> 0.100000
	pigment { color rgbt <1,0,0,0> }
	no_shadow
}
sphere {
	0, 1
	scale<0.080000,0.200000,0.300000>
	matrix <-0.606229, -0.741041, 0.288695,
		0.770032, -0.456178, 0.446040,
		-0.198837, 0.492707, 0.847174,
		25.220963, 29.614580, 37.220882>
	pigment { color rgbt <0,1,1,0> }
	no_shadow
}
cylinder {
	<24.821054, 28.858124, 37.005032>,  <25.360147, 29.269686, 36.627861>, 0.130000
	pigment { color rgbt <1,0,0,0> }
	no_shadow
}

// nucleotide -1

// particle -1
sphere {
	<24.821054, 28.858124, 37.005032> 0.250000
	pigment { color rgbt <1,0,0,0> }
	no_shadow
}
cylinder {
	<25.073935, 28.559977, 37.089649>,  <25.225662, 28.381088, 37.140419>, 0.100000
	pigment { color rgbt <1,0,0,0> }
	no_shadow
}
cylinder {
	<25.073935, 28.559977, 37.089649>,  <24.821054, 28.858124, 37.005032>, 0.100000
	pigment { color rgbt <1,0,0,0> }
	no_shadow
}

// particle -1
sphere {
	<25.073935, 28.559977, 37.089649> 0.100000
	pigment { color rgbt <1,0,0,0> }
	no_shadow
}
sphere {
	0, 1
	scale<0.080000,0.200000,0.300000>
	matrix <-0.500673, -0.601374, -0.622636,
		0.591312, 0.287714, -0.753373,
		0.632200, -0.745366, 0.211549,
		25.263594, 28.336367, 37.153114>
	pigment { color rgbt <0,1,1,0> }
	no_shadow
}
cylinder {
	<24.505590, 29.161154, 37.645973>,  <24.821054, 28.858124, 37.005032>, 0.130000
	pigment { color rgbt <1,0,0,0> }
	no_shadow
}

// nucleotide -1

// particle -1
sphere {
	<24.505590, 29.161154, 37.645973> 0.250000
	pigment { color rgbt <1,0,0,0> }
	no_shadow
}
cylinder {
	<24.843084, 29.144604, 37.860039>,  <25.045580, 29.134674, 37.988480>, 0.100000
	pigment { color rgbt <1,0,0,0> }
	no_shadow
}
cylinder {
	<24.843084, 29.144604, 37.860039>,  <24.505590, 29.161154, 37.645973>, 0.100000
	pigment { color rgbt <1,0,0,0> }
	no_shadow
}

// particle -1
sphere {
	<24.843084, 29.144604, 37.860039> 0.100000
	pigment { color rgbt <1,0,0,0> }
	no_shadow
}
sphere {
	0, 1
	scale<0.080000,0.200000,0.300000>
	matrix <0.350880, 0.797019, -0.491573,
		-0.406196, 0.602535, 0.686991,
		0.843735, -0.041376, 0.535164,
		25.096205, 29.132191, 38.020588>
	pigment { color rgbt <0,1,1,0> }
	no_shadow
}
cylinder {
	<24.634634, 29.766403, 37.867344>,  <24.505590, 29.161154, 37.645973>, 0.130000
	pigment { color rgbt <1,0,0,0> }
	no_shadow
}

// nucleotide -1

// particle -1
sphere {
	<24.634634, 29.766403, 37.867344> 0.250000
	pigment { color rgbt <1,0,0,0> }
	no_shadow
}
cylinder {
	<24.985474, 29.580902, 37.817337>,  <25.195978, 29.469601, 37.787334>, 0.100000
	pigment { color rgbt <1,0,0,0> }
	no_shadow
}
cylinder {
	<24.985474, 29.580902, 37.817337>,  <24.634634, 29.766403, 37.867344>, 0.100000
	pigment { color rgbt <1,0,0,0> }
	no_shadow
}

// particle -1
sphere {
	<24.985474, 29.580902, 37.817337> 0.100000
	pigment { color rgbt <1,0,0,0> }
	no_shadow
}
sphere {
	0, 1
	scale<0.080000,0.200000,0.300000>
	matrix <0.363529, 0.811077, -0.458258,
		0.313917, 0.356491, 0.879983,
		0.877099, -0.463754, -0.125016,
		25.248604, 29.441776, 37.779831>
	pigment { color rgbt <0,1,1,0> }
	no_shadow
}
cylinder {
	<25.276981, 30.263994, 38.029903>,  <24.634634, 29.766403, 37.867344>, 0.130000
	pigment { color rgbt <1,0,0,0> }
	no_shadow
}

// nucleotide -1

// particle -1
sphere {
	<25.276981, 30.263994, 38.029903> 0.250000
	pigment { color rgbt <1,0,0,0> }
	no_shadow
}
cylinder {
	<25.387964, 29.962427, 37.791702>,  <25.454554, 29.781487, 37.648781>, 0.100000
	pigment { color rgbt <1,0,0,0> }
	no_shadow
}
cylinder {
	<25.387964, 29.962427, 37.791702>,  <25.276981, 30.263994, 38.029903>, 0.100000
	pigment { color rgbt <1,0,0,0> }
	no_shadow
}

// particle -1
sphere {
	<25.387964, 29.962427, 37.791702> 0.100000
	pigment { color rgbt <1,0,0,0> }
	no_shadow
}
sphere {
	0, 1
	scale<0.080000,0.200000,0.300000>
	matrix <0.510117, 0.640853, -0.573662,
		0.814125, -0.144610, 0.562396,
		0.277456, -0.753920, -0.595502,
		25.471201, 29.736252, 37.613052>
	pigment { color rgbt <0,1,1,0> }
	no_shadow
}
cylinder {
	<25.953386, 30.105886, 38.189770>,  <25.276981, 30.263994, 38.029903>, 0.130000
	pigment { color rgbt <1,0,0,0> }
	no_shadow
}

// nucleotide -1

// particle -1
sphere {
	<25.953386, 30.105886, 38.189770> 0.250000
	pigment { color rgbt <1,0,0,0> }
	no_shadow
}
cylinder {
	<25.856697, 30.030691, 37.808987>,  <25.798683, 29.985573, 37.580517>, 0.100000
	pigment { color rgbt <1,0,0,0> }
	no_shadow
}
cylinder {
	<25.856697, 30.030691, 37.808987>,  <25.953386, 30.105886, 38.189770>, 0.100000
	pigment { color rgbt <1,0,0,0> }
	no_shadow
}

// particle -1
sphere {
	<25.856697, 30.030691, 37.808987> 0.100000
	pigment { color rgbt <1,0,0,0> }
	no_shadow
}
sphere {
	0, 1
	scale<0.080000,0.200000,0.300000>
	matrix <0.655708, 0.691523, -0.303057,
		0.715275, -0.697464, -0.043890,
		-0.241722, -0.187990, -0.951961,
		25.784180, 29.974295, 37.523399>
	pigment { color rgbt <0,1,1,0> }
	no_shadow
}
cylinder {
	<26.515306, 29.841261, 37.809128>,  <25.953386, 30.105886, 38.189770>, 0.130000
	pigment { color rgbt <1,0,0,0> }
	no_shadow
}

// nucleotide -1

// particle -1
sphere {
	<26.515306, 29.841261, 37.809128> 0.250000
	pigment { color rgbt <1,0,0,0> }
	no_shadow
}
cylinder {
	<26.276716, 30.005970, 37.533546>,  <26.133562, 30.104795, 37.368198>, 0.100000
	pigment { color rgbt <1,0,0,0> }
	no_shadow
}
cylinder {
	<26.276716, 30.005970, 37.533546>,  <26.515306, 29.841261, 37.809128>, 0.100000
	pigment { color rgbt <1,0,0,0> }
	no_shadow
}

// particle -1
sphere {
	<26.276716, 30.005970, 37.533546> 0.100000
	pigment { color rgbt <1,0,0,0> }
	no_shadow
}
sphere {
	0, 1
	scale<0.080000,0.200000,0.300000>
	matrix <0.753966, 0.581801, -0.305029,
		0.275231, -0.701391, -0.657494,
		-0.596475, 0.411775, -0.688955,
		26.097775, 30.129503, 37.326859>
	pigment { color rgbt <0,1,1,0> }
	no_shadow
}
cylinder {
	<26.969475, 29.990610, 37.264412>,  <26.515306, 29.841261, 37.809128>, 0.130000
	pigment { color rgbt <1,0,0,0> }
	no_shadow
}

// nucleotide -1

// particle -1
sphere {
	<26.969475, 29.990610, 37.264412> 0.250000
	pigment { color rgbt <1,0,0,0> }
	no_shadow
}
cylinder {
	<26.656607, 30.228733, 37.190853>,  <26.468885, 30.371607, 37.146717>, 0.100000
	pigment { color rgbt <1,0,0,0> }
	no_shadow
}
cylinder {
	<26.656607, 30.228733, 37.190853>,  <26.969475, 29.990610, 37.264412>, 0.100000
	pigment { color rgbt <1,0,0,0> }
	no_shadow
}

// particle -1
sphere {
	<26.656607, 30.228733, 37.190853> 0.100000
	pigment { color rgbt <1,0,0,0> }
	no_shadow
}
sphere {
	0, 1
	scale<0.080000,0.200000,0.300000>
	matrix <0.618883, 0.708185, -0.339791,
		-0.072050, -0.379583, -0.922348,
		-0.782171, 0.595308, -0.183892,
		26.421955, 30.407326, 37.135685>
	pigment { color rgbt <0,1,1,0> }
	no_shadow
}
cylinder {
	<27.148712, 30.318634, 36.654381>,  <26.969475, 29.990610, 37.264412>, 0.130000
	pigment { color rgbt <1,0,0,0> }
	no_shadow
}

// nucleotide -1

// particle -1
sphere {
	<27.148712, 30.318634, 36.654381> 0.250000
	pigment { color rgbt <1,0,0,0> }
	no_shadow
}
cylinder {
	<26.876062, 30.560822, 36.818722>,  <26.712473, 30.706133, 36.917324>, 0.100000
	pigment { color rgbt <1,0,0,0> }
	no_shadow
}
cylinder {
	<26.876062, 30.560822, 36.818722>,  <27.148712, 30.318634, 36.654381>, 0.100000
	pigment { color rgbt <1,0,0,0> }
	no_shadow
}

// particle -1
sphere {
	<26.876062, 30.560822, 36.818722> 0.100000
	pigment { color rgbt <1,0,0,0> }
	no_shadow
}
sphere {
	0, 1
	scale<0.080000,0.200000,0.300000>
	matrix <0.570118, 0.791430, -0.220464,
