// switches for output
#declare DRAW_BASES = 1; // possible values are 0, 1; only relevant for DNA ribbons
#declare DRAW_BASES_TYPE = 3; // possible values are 1, 2, 3; only relevant for DNA ribbons
#declare DRAW_FOG = 0; // set to 1 to enable fog

#include "colors.inc"

#include "transforms.inc"
background { rgb <1, 1, 1>}

#default {
   normal{
       ripples 0.25
       frequency 0.20
       turbulence 0.2
       lambda 5
   }
	finish {
		phong 0.1
		phong_size 40.
	}
}

// original window dimensions: 1024x640


// camera settings

camera {
	sky <0, 0.179814, -0.983701>
	up <0, 0.179814, -0.983701>
	right 1.6 * <1, 0, 0>
	location <35, 94.9851, 44.8844>
	look_at <35, 29.7336, 32.9568>
	direction <0, -65.2515, -11.9276>
	angle 67.0682
}


# declare cpy_camera_pos = <35, 94.9851, 44.8844>;
# if (DRAW_FOG = 1)
fog {
	fog_type 2
	up vnormalize(cpy_camera_pos)
	color rgbt<1,1,1,0.3>
	distance 1e-5
	fog_alt 3e-3
	fog_offset 56
}
# end


// LIGHTS

# declare lum = 6;
global_settings {
	ambient_light rgb lum * <0.05, 0.05, 0.05>
	max_trace_level 15
}# declare cpy_direct_light_amount = 0.25;
light_source
{	1000 * <-1, -1.16352, -0.803886>,
	rgb lum * cpy_direct_light_amount
	parallel
}

light_source
{	1000 * <1, 1.16352, 0.803886>,
	rgb lum * cpy_direct_light_amount
	parallel
}

// strand 0

// nucleotide -1

// particle -1
sphere {
	<24.013830, 34.605934, 34.999325> 0.250000
	pigment { color rgbt <1,0,0,0> }
	no_shadow
}
cylinder {
	<24.276894, 34.904583, 35.039391>,  <24.434732, 35.083775, 35.063431>, 0.100000
	pigment { color rgbt <1,0,0,0> }
	no_shadow
}
cylinder {
	<24.276894, 34.904583, 35.039391>,  <24.013830, 34.605934, 34.999325>, 0.100000
	pigment { color rgbt <1,0,0,0> }
	no_shadow
}

// particle -1
sphere {
	<24.276894, 34.904583, 35.039391> 0.100000
	pigment { color rgbt <1,0,0,0> }
	no_shadow
}
sphere {
	0, 1
	scale<0.080000,0.200000,0.300000>
	matrix <0.753212, -0.649546, -0.103734,
		-0.012389, 0.143667, -0.989549,
		0.657661, 0.746625, 0.100164,
		24.474192, 35.128571, 35.069439>
	pigment { color rgbt <0,1,1,0> }
	no_shadow
}
cylinder {
	<24.635553, 34.296242, 34.612785>,  <24.013830, 34.605934, 34.999325>, 0.130000
	pigment { color rgbt <1,0,0,0> }
	no_shadow
}

// nucleotide -1

// particle -1
sphere {
	<24.635553, 34.296242, 34.612785> 0.250000
	pigment { color rgbt <1,0,0,0> }
	no_shadow
}
cylinder {
	<24.747000, 34.597752, 34.850842>,  <24.813868, 34.778660, 34.993675>, 0.100000
	pigment { color rgbt <1,0,0,0> }
	no_shadow
}
cylinder {
	<24.747000, 34.597752, 34.850842>,  <24.635553, 34.296242, 34.612785>, 0.100000
	pigment { color rgbt <1,0,0,0> }
	no_shadow
}

// particle -1
sphere {
	<24.747000, 34.597752, 34.850842> 0.100000
	pigment { color rgbt <1,0,0,0> }
	no_shadow
}
sphere {
	0, 1
	scale<0.080000,0.200000,0.300000>
	matrix <0.931024, -0.364081, 0.025265,
		0.235724, 0.547050, -0.803225,
		0.278618, 0.753778, 0.595140,
		24.830585, 34.823883, 35.029385>
	pigment { color rgbt <0,1,1,0> }
	no_shadow
}
cylinder {
	<25.292622, 34.808048, 34.354805>,  <24.635553, 34.296242, 34.612785>, 0.130000
	pigment { color rgbt <1,0,0,0> }
	no_shadow
}

// nucleotide -1

// particle -1
sphere {
	<25.292622, 34.808048, 34.354805> 0.250000
	pigment { color rgbt <1,0,0,0> }
	no_shadow
}
cylinder {
	<25.256184, 34.772442, 34.751549>,  <25.234320, 34.751080, 34.989594>, 0.100000
	pigment { color rgbt <1,0,0,0> }
	no_shadow
}
cylinder {
	<25.256184, 34.772442, 34.751549>,  <25.292622, 34.808048, 34.354805>, 0.100000
	pigment { color rgbt <1,0,0,0> }
	no_shadow
}

// particle -1
sphere {
	<25.256184, 34.772442, 34.751549> 0.100000
	pigment { color rgbt <1,0,0,0> }
	no_shadow
}
sphere {
	0, 1
	scale<0.080000,0.200000,0.300000>
	matrix <0.915311, -0.399856, 0.048182,
		0.392311, 0.912245, 0.117900,
		-0.091096, -0.089013, 0.991856,
		25.228855, 34.745739, 35.049107>
	pigment { color rgbt <0,1,1,0> }
	no_shadow
}
cylinder {
	<25.490414, 35.444698, 34.052040>,  <25.292622, 34.808048, 34.354805>, 0.130000
	pigment { color rgbt <1,0,0,0> }
	no_shadow
}

// nucleotide -1

// particle -1
sphere {
	<25.490414, 35.444698, 34.052040> 0.250000
	pigment { color rgbt <1,0,0,0> }
	no_shadow
}
cylinder {
	<25.866978, 35.573715, 34.091454>,  <26.092916, 35.651127, 34.115101>, 0.100000
	pigment { color rgbt <1,0,0,0> }
	no_shadow
}
cylinder {
	<25.866978, 35.573715, 34.091454>,  <25.490414, 35.444698, 34.052040>, 0.100000
	pigment { color rgbt <1,0,0,0> }
	no_shadow
}

// particle -1
sphere {
	<25.866978, 35.573715, 34.091454> 0.100000
	pigment { color rgbt <1,0,0,0> }
	no_shadow
}
sphere {
	0, 1
	scale<0.080000,0.200000,0.300000>
	matrix <-0.327698, 0.943888, 0.041103,
		-0.079751, -0.070986, 0.994284,
		0.941411, 0.322546, 0.098538,
		26.149401, 35.670479, 34.121014>
	pigment { color rgbt <0,1,1,0> }
	no_shadow
}
cylinder {
	<25.648682, 35.985847, 34.556667>,  <25.490414, 35.444698, 34.052040>, 0.130000
	pigment { color rgbt <1,0,0,0> }
	no_shadow
}

// nucleotide -1

// particle -1
sphere {
	<25.648682, 35.985847, 34.556667> 0.250000
	pigment { color rgbt <1,0,0,0> }
	no_shadow
}
cylinder {
	<25.987539, 36.064503, 34.359211>,  <26.190853, 36.111698, 34.240738>, 0.100000
	pigment { color rgbt <1,0,0,0> }
	no_shadow
}
cylinder {
	<25.987539, 36.064503, 34.359211>,  <25.648682, 35.985847, 34.556667>, 0.100000
	pigment { color rgbt <1,0,0,0> }
	no_shadow
}

// particle -1
sphere {
	<25.987539, 36.064503, 34.359211> 0.100000
	pigment { color rgbt <1,0,0,0> }
	no_shadow
}
sphere {
	0, 1
	scale<0.080000,0.200000,0.300000>
	matrix <-0.208845, 0.977458, 0.030970,
		0.488600, 0.076858, 0.869116,
		0.847145, 0.196643, -0.493637,
		26.241682, 36.123497, 34.211121>
	pigment { color rgbt <0,1,1,0> }
	no_shadow
}
cylinder {
	<26.042366, 36.420166, 34.993660>,  <25.648682, 35.985847, 34.556667>, 0.130000
	pigment { color rgbt <1,0,0,0> }
	no_shadow
}

// nucleotide -1

// particle -1
sphere {
	<26.042366, 36.420166, 34.993660> 0.250000
	pigment { color rgbt <1,0,0,0> }
	no_shadow
}
cylinder {
	<26.060469, 36.475174, 34.597874>,  <26.071329, 36.508179, 34.360401>, 0.100000
	pigment { color rgbt <1,0,0,0> }
	no_shadow
}
cylinder {
	<26.060469, 36.475174, 34.597874>,  <26.042366, 36.420166, 34.993660>, 0.100000
	pigment { color rgbt <1,0,0,0> }
	no_shadow
}

// particle -1
sphere {
	<26.060469, 36.475174, 34.597874> 0.100000
	pigment { color rgbt <1,0,0,0> }
	no_shadow
}
sphere {
	0, 1
	scale<0.080000,0.200000,0.300000>
	matrix <-0.304967, 0.945099, 0.117404,
		0.951287, 0.296442, 0.084708,
		0.045254, 0.137518, -0.989465,
		26.074045, 36.516430, 34.301033>
	pigment { color rgbt <0,1,1,0> }
	no_shadow
}
cylinder {
	<26.166767, 37.037628, 34.689209>,  <26.042366, 36.420166, 34.993660>, 0.130000
	pigment { color rgbt <1,0,0,0> }
	no_shadow
}

// nucleotide -1

// particle -1
sphere {
	<26.166767, 37.037628, 34.689209> 0.250000
	pigment { color rgbt <1,0,0,0> }
	no_shadow
}
cylinder {
	<26.547628, 37.050545, 34.810776>,  <26.776146, 37.058292, 34.883717>, 0.100000
	pigment { color rgbt <1,0,0,0> }
	no_shadow
}
cylinder {
	<26.547628, 37.050545, 34.810776>,  <26.166767, 37.037628, 34.689209>, 0.100000
	pigment { color rgbt <1,0,0,0> }
	no_shadow
}

// particle -1
sphere {
	<26.547628, 37.050545, 34.810776> 0.100000
	pigment { color rgbt <1,0,0,0> }
	no_shadow
}
sphere {
	0, 1
	scale<0.080000,0.200000,0.300000>
	matrix <0.018617, 0.986430, -0.163122,
		-0.305056, 0.160975, 0.938631,
		0.952153, 0.032287, 0.303913,
		26.833275, 37.060230, 34.901951>
	pigment { color rgbt <0,1,1,0> }
	no_shadow
}
cylinder {
	<26.333584, 37.573677, 35.139942>,  <26.166767, 37.037628, 34.689209>, 0.130000
	pigment { color rgbt <1,0,0,0> }
	no_shadow
}

// nucleotide -1

// particle -1
sphere {
	<26.333584, 37.573677, 35.139942> 0.250000
	pigment { color rgbt <1,0,0,0> }
	no_shadow
}
cylinder {
	<26.702755, 37.500046, 35.004696>,  <26.924257, 37.455868, 34.923546>, 0.100000
	pigment { color rgbt <1,0,0,0> }
	no_shadow
}
cylinder {
	<26.702755, 37.500046, 35.004696>,  <26.333584, 37.573677, 35.139942>, 0.100000
	pigment { color rgbt <1,0,0,0> }
	no_shadow
}

// particle -1
sphere {
	<26.702755, 37.500046, 35.004696> 0.100000
	pigment { color rgbt <1,0,0,0> }
	no_shadow
}
sphere {
	0, 1
	scale<0.080000,0.200000,0.300000>
	matrix <0.130475, 0.975861, -0.175135,
		0.362194, 0.117520, 0.924664,
		0.922925, -0.184078, -0.338118,
		26.979633, 37.444824, 34.903259>
	pigment { color rgbt <0,1,1,0> }
	no_shadow
}
cylinder {
	<26.705122, 37.914688, 35.495110>,  <26.333584, 37.573677, 35.139942>, 0.130000
	pigment { color rgbt <1,0,0,0> }
	no_shadow
}

// nucleotide -1

// particle -1
sphere {
	<26.705122, 37.914688, 35.495110> 0.250000
	pigment { color rgbt <1,0,0,0> }
	no_shadow
}
cylinder {
	<26.919523, 37.859596, 35.161949>,  <27.048164, 37.826542, 34.962051>, 0.100000
	pigment { color rgbt <1,0,0,0> }
	no_shadow
}
cylinder {
	<26.919523, 37.859596, 35.161949>,  <26.705122, 37.914688, 35.495110>, 0.100000
	pigment { color rgbt <1,0,0,0> }
	no_shadow
}

// particle -1
sphere {
	<26.919523, 37.859596, 35.161949> 0.100000
	pigment { color rgbt <1,0,0,0> }
	no_shadow
}
sphere {
	0, 1
	scale<0.080000,0.200000,0.300000>
	matrix <0.109600, 0.989605, -0.093106,
		0.837070, -0.041381, 0.545529,
		0.536006, -0.137726, -0.832904,
		27.080324, 37.818279, 34.912079>
	pigment { color rgbt <0,1,1,0> }
	no_shadow
}
cylinder {
	<27.283110, 38.328445, 35.568645>,  <26.705122, 37.914688, 35.495110>, 0.130000
	pigment { color rgbt <1,0,0,0> }
	no_shadow
}

// nucleotide -1

// particle -1
sphere {
	<27.283110, 38.328445, 35.568645> 0.250000
	pigment { color rgbt <1,0,0,0> }
	no_shadow
}
cylinder {
	<27.300348, 38.258556, 35.175175>,  <27.310692, 38.216621, 34.939095>, 0.100000
	pigment { color rgbt <1,0,0,0> }
	no_shadow
}
cylinder {
	<27.300348, 38.258556, 35.175175>,  <27.283110, 38.328445, 35.568645>, 0.100000
	pigment { color rgbt <1,0,0,0> }
	no_shadow
}

// particle -1
sphere {
	<27.300348, 38.258556, 35.175175> 0.100000
	pigment { color rgbt <1,0,0,0> }
	no_shadow
}
sphere {
	0, 1
	scale<0.080000,0.200000,0.300000>
	matrix <0.355681, 0.922763, -0.148321,
		0.933613, -0.343483, 0.101911,
		0.043094, -0.174722, -0.983674,
		27.313276, 38.206139, 34.880074>
	pigment { color rgbt <0,1,1,0> }
	no_shadow
}
cylinder {
	<27.900875, 38.609188, 35.374165>,  <27.283110, 38.328445, 35.568645>, 0.130000
	pigment { color rgbt <1,0,0,0> }
	no_shadow
}

// nucleotide -1

// particle -1
sphere {
	<27.900875, 38.609188, 35.374165> 0.250000
	pigment { color rgbt <1,0,0,0> }
	no_shadow
}
cylinder {
	<27.693630, 38.584446, 35.032936>,  <27.569283, 38.569599, 34.828197>, 0.100000
	pigment { color rgbt <1,0,0,0> }
	no_shadow
}
cylinder {
	<27.693630, 38.584446, 35.032936>,  <27.900875, 38.609188, 35.374165>, 0.100000
	pigment { color rgbt <1,0,0,0> }
	no_shadow
}

// particle -1
sphere {
	<27.693630, 38.584446, 35.032936> 0.100000
	pigment { color rgbt <1,0,0,0> }
	no_shadow
}
sphere {
	0, 1
	scale<0.080000,0.200000,0.300000>
	matrix <0.299416, 0.921155, -0.248642,
		0.801192, -0.384248, -0.458743,
		-0.518114, -0.061856, -0.853072,
		27.538197, 38.565887, 34.777016>
	pigment { color rgbt <0,1,1,0> }
	no_shadow
}
cylinder {
	<28.336830, 38.837223, 34.739861>,  <27.900875, 38.609188, 35.374165>, 0.130000
	pigment { color rgbt <1,0,0,0> }
	no_shadow
}

// nucleotide -1

// particle -1
sphere {
	<28.336830, 38.837223, 34.739861> 0.250000
	pigment { color rgbt <1,0,0,0> }
	no_shadow
}
cylinder {
	<27.946453, 38.898960, 34.678265>,  <27.712227, 38.936001, 34.641308>, 0.100000
	pigment { color rgbt <1,0,0,0> }
	no_shadow
}
cylinder {
	<27.946453, 38.898960, 34.678265>,  <28.336830, 38.837223, 34.739861>, 0.100000
	pigment { color rgbt <1,0,0,0> }
	no_shadow
}

// particle -1
sphere {
	<27.946453, 38.898960, 34.678265> 0.100000
	pigment { color rgbt <1,0,0,0> }
	no_shadow
}
sphere {
	0, 1
	scale<0.080000,0.200000,0.300000>
	matrix <0.200333, 0.913522, -0.354041,
		0.086031, -0.376373, -0.922465,
		-0.975943, 0.154342, -0.153992,
		27.653669, 38.945263, 34.632069>
	pigment { color rgbt <0,1,1,0> }
	no_shadow
}
cylinder {
	<28.313814, 39.401726, 34.163021>,  <28.336830, 38.837223, 34.739861>, 0.130000
	pigment { color rgbt <1,0,0,0> }
	no_shadow
}

// nucleotide -1

// particle -1
sphere {
	<28.313814, 39.401726, 34.163021> 0.250000
	pigment { color rgbt <1,0,0,0> }
	no_shadow
}
cylinder {
	<27.964130, 39.395088, 34.357128>,  <27.754320, 39.391106, 34.473591>, 0.100000
	pigment { color rgbt <1,0,0,0> }
	no_shadow
}
cylinder {
	<27.964130, 39.395088, 34.357128>,  <28.313814, 39.401726, 34.163021>, 0.100000
	pigment { color rgbt <1,0,0,0> }
	no_shadow
}

// particle -1
sphere {
	<27.964130, 39.395088, 34.357128> 0.100000
	pigment { color rgbt <1,0,0,0> }
	no_shadow
}
sphere {
	0, 1
	scale<0.080000,0.200000,0.300000>
	matrix <-0.215883, 0.908478, -0.357858,
		-0.434914, -0.417604, -0.797783,
		-0.874211, -0.016590, 0.485263,
		27.701868, 39.390110, 34.502708>
	pigment { color rgbt <0,1,1,0> }
	no_shadow
}
cylinder {
	<27.597754, 39.550110, 33.776871>,  <28.313814, 39.401726, 34.163021>, 0.130000
	pigment { color rgbt <1,0,0,0> }
	no_shadow
}

// nucleotide -1

// particle -1
sphere {
	<27.597754, 39.550110, 33.776871> 0.250000
	pigment { color rgbt <1,0,0,0> }
	no_shadow
}
cylinder {
	<27.615898, 39.679619, 34.154888>,  <27.626785, 39.757324, 34.381699>, 0.100000
	pigment { color rgbt <1,0,0,0> }
	no_shadow
}
cylinder {
	<27.615898, 39.679619, 34.154888>,  <27.597754, 39.550110, 33.776871>, 0.100000
	pigment { color rgbt <1,0,0,0> }
	no_shadow
}

// particle -1
sphere {
	<27.615898, 39.679619, 34.154888> 0.100000
	pigment { color rgbt <1,0,0,0> }
	no_shadow
}
sphere {
	0, 1
	scale<0.080000,0.200000,0.300000>
	matrix <-0.281089, 0.911936, -0.298934,
		-0.958609, -0.252082, 0.132376,
		0.045362, 0.323770, 0.945048,
		27.629507, 39.776749, 34.438404>
	pigment { color rgbt <0,1,1,0> }
	no_shadow
}
cylinder {
	<26.933569, 39.843460, 34.030708>,  <27.597754, 39.550110, 33.776871>, 0.130000
	pigment { color rgbt <1,0,0,0> }
	no_shadow
}

// nucleotide -1

// particle -1
sphere {
	<26.933569, 39.843460, 34.030708> 0.250000
	pigment { color rgbt <1,0,0,0> }
	no_shadow
}
cylinder {
	<27.212860, 40.016731, 34.258686>,  <27.380434, 40.120693, 34.395473>, 0.100000
	pigment { color rgbt <1,0,0,0> }
	no_shadow
}
cylinder {
	<27.212860, 40.016731, 34.258686>,  <26.933569, 39.843460, 34.030708>, 0.100000
	pigment { color rgbt <1,0,0,0> }
	no_shadow
}

// particle -1
sphere {
	<27.212860, 40.016731, 34.258686> 0.100000
	pigment { color rgbt <1,0,0,0> }
	no_shadow
}
sphere {
	0, 1
	scale<0.080000,0.200000,0.300000>
	matrix <-0.331641, 0.901293, -0.278721,
		-0.634423, 0.005593, 0.772966,
		0.698228, 0.433174, 0.569946,
		27.422329, 40.146683, 34.429668>
	pigment { color rgbt <0,1,1,0> }
	no_shadow
}
cylinder {
	<26.829653, 39.154713, 33.788502>,  <26.933569, 39.843460, 34.030708>, 0.130000
	pigment { color rgbt <1,0,0,0> }
	no_shadow
}

// nucleotide -1

// particle -1
sphere {
	<26.829653, 39.154713, 33.788502> 0.250000
	pigment { color rgbt <1,0,0,0> }
	no_shadow
}
cylinder {
	<27.127058, 39.012314, 34.014938>,  <27.305500, 38.926872, 34.150799>, 0.100000
	pigment { color rgbt <1,0,0,0> }
	no_shadow
}
cylinder {
	<27.127058, 39.012314, 34.014938>,  <26.829653, 39.154713, 33.788502>, 0.100000
	pigment { color rgbt <1,0,0,0> }
	no_shadow
}

// particle -1
sphere {
	<27.127058, 39.012314, 34.014938> 0.100000
	pigment { color rgbt <1,0,0,0> }
	no_shadow
}
sphere {
	0, 1
	scale<0.080000,0.200000,0.300000>
	matrix <-0.478917, -0.874280, 0.079207,
		0.466721, -0.330000, -0.820531,
		0.743512, -0.355999, 0.566087,
		27.350111, 38.905514, 34.184765>
	pigment { color rgbt <0,1,1,0> }
	no_shadow
}
cylinder {
	<26.829369, 38.485912, 33.655010>,  <26.829653, 39.154713, 33.788502>, 0.130000
	pigment { color rgbt <1,0,0,0> }
	no_shadow
}

// nucleotide -1

// particle -1
sphere {
	<26.829369, 38.485912, 33.655010> 0.250000
	pigment { color rgbt <1,0,0,0> }
	no_shadow
}
cylinder {
	<27.069202, 38.486694, 33.975132>,  <27.213102, 38.487164, 34.167206>, 0.100000
	pigment { color rgbt <1,0,0,0> }
	no_shadow
}
cylinder {
	<27.069202, 38.486694, 33.975132>,  <26.829369, 38.485912, 33.655010>, 0.100000
	pigment { color rgbt <1,0,0,0> }
	no_shadow
}

// particle -1
sphere {
	<27.069202, 38.486694, 33.975132> 0.100000
	pigment { color rgbt <1,0,0,0> }
	no_shadow
}
sphere {
	0, 1
	scale<0.080000,0.200000,0.300000>
	matrix <-0.369138, -0.886597, 0.278717,
		0.710095, -0.462539, -0.530870,
		0.599585, 0.001951, 0.800309,
		27.249079, 38.487278, 34.215225>
	pigment { color rgbt <0,1,1,0> }
	no_shadow
}
cylinder {
	<27.228817, 37.910343, 33.599415>,  <26.829369, 38.485912, 33.655010>, 0.130000
	pigment { color rgbt <1,0,0,0> }
	no_shadow
}

// nucleotide -1

// particle -1
sphere {
	<27.228817, 37.910343, 33.599415> 0.250000
	pigment { color rgbt <1,0,0,0> }
	no_shadow
}
cylinder {
	<27.254608, 38.001232, 33.988098>,  <27.270082, 38.055767, 34.221306>, 0.100000
	pigment { color rgbt <1,0,0,0> }
	no_shadow
}
cylinder {
	<27.254608, 38.001232, 33.988098>,  <27.228817, 37.910343, 33.599415>, 0.100000
	pigment { color rgbt <1,0,0,0> }
	no_shadow
}

// particle -1
sphere {
	<27.254608, 38.001232, 33.988098> 0.100000
	pigment { color rgbt <1,0,0,0> }
	no_shadow
}
sphere {
	0, 1
	scale<0.080000,0.200000,0.300000>
	matrix <-0.069253, -0.970365, 0.231507,
		0.995513, -0.082221, -0.046832,
		0.064479, 0.227225, 0.971705,
		27.273952, 38.069401, 34.279610>
	pigment { color rgbt <0,1,1,0> }
	no_shadow
}
cylinder {
	<27.885658, 37.533485, 33.966614>,  <27.228817, 37.910343, 33.599415>, 0.130000
	pigment { color rgbt <1,0,0,0> }
	no_shadow
}

// nucleotide -1

// particle -1
sphere {
	<27.885658, 37.533485, 33.966614> 0.250000
	pigment { color rgbt <1,0,0,0> }
	no_shadow
}
cylinder {
	<27.613903, 37.629990, 34.243809>,  <27.450850, 37.687893, 34.410126>, 0.100000
	pigment { color rgbt <1,0,0,0> }
	no_shadow
}
cylinder {
	<27.613903, 37.629990, 34.243809>,  <27.885658, 37.533485, 33.966614>, 0.100000
	pigment { color rgbt <1,0,0,0> }
	no_shadow
}

// particle -1
sphere {
	<27.613903, 37.629990, 34.243809> 0.100000
	pigment { color rgbt <1,0,0,0> }
	no_shadow
}
sphere {
	0, 1
	scale<0.080000,0.200000,0.300000>
	matrix <-0.009390, -0.947184, 0.320554,
		0.733721, 0.211272, 0.645769,
		-0.679386, 0.241261, 0.692985,
		27.410088, 37.702370, 34.451706>
	pigment { color rgbt <0,1,1,0> }
	no_shadow
}
cylinder {
	<28.124746, 37.134548, 34.460789>,  <27.885658, 37.533485, 33.966614>, 0.130000
	pigment { color rgbt <1,0,0,0> }
	no_shadow
}

// nucleotide -1

// particle -1
sphere {
	<28.124746, 37.134548, 34.460789> 0.250000
	pigment { color rgbt <1,0,0,0> }
	no_shadow
}
cylinder {
	<27.756512, 37.231594, 34.583202>,  <27.535570, 37.289822, 34.656651>, 0.100000
	pigment { color rgbt <1,0,0,0> }
	no_shadow
}
cylinder {
	<27.756512, 37.231594, 34.583202>,  <28.124746, 37.134548, 34.460789>, 0.100000
	pigment { color rgbt <1,0,0,0> }
	no_shadow
}

// particle -1
sphere {
	<27.756512, 37.231594, 34.583202> 0.100000
	pigment { color rgbt <1,0,0,0> }
	no_shadow
}
sphere {
	0, 1
	scale<0.080000,0.200000,0.300000>
	matrix <-0.087890, -0.892231, 0.442943,
		0.380518, 0.380871, 0.842700,
		-0.920588, 0.242613, 0.306035,
		27.480335, 37.304379, 34.675014>
	pigment { color rgbt <0,1,1,0> }
	no_shadow
}
cylinder {
	<28.121721, 37.050854, 35.117523>,  <28.124746, 37.134548, 34.460789>, 0.130000
	pigment { color rgbt <1,0,0,0> }
	no_shadow
}

// nucleotide -1

// particle -1
sphere {
	<28.121721, 37.050854, 35.117523> 0.250000
	pigment { color rgbt <1,0,0,0> }
	no_shadow
}
cylinder {
	<27.739605, 37.010826, 35.006237>,  <27.510334, 36.986809, 34.939465>, 0.100000
	pigment { color rgbt <1,0,0,0> }
	no_shadow
}
cylinder {
	<27.739605, 37.010826, 35.006237>,  <28.121721, 37.050854, 35.117523>, 0.100000
	pigment { color rgbt <1,0,0,0> }
	no_shadow
}

// particle -1
sphere {
	<27.739605, 37.010826, 35.006237> 0.100000
	pigment { color rgbt <1,0,0,0> }
	no_shadow
}
sphere {
	0, 1
	scale<0.080000,0.200000,0.300000>
	matrix <-0.051449, -0.870366, 0.489710,
		-0.291153, 0.482130, 0.826305,
		-0.955292, -0.100068, -0.278215,
		27.453018, 36.980804, 34.922771>
	pigment { color rgbt <0,1,1,0> }
	no_shadow
}
cylinder {
	<27.883659, 36.881927, 35.772873>,  <28.121721, 37.050854, 35.117523>, 0.130000
	pigment { color rgbt <1,0,0,0> }
	no_shadow
}

// nucleotide -1

// particle -1
sphere {
	<27.883659, 36.881927, 35.772873> 0.250000
	pigment { color rgbt <1,0,0,0> }
	no_shadow
}
cylinder {
	<27.691998, 36.772339, 35.439323>,  <27.577000, 36.706585, 35.239193>, 0.100000
	pigment { color rgbt <1,0,0,0> }
	no_shadow
}
cylinder {
	<27.691998, 36.772339, 35.439323>,  <27.883659, 36.881927, 35.772873>, 0.100000
	pigment { color rgbt <1,0,0,0> }
	no_shadow
}

// particle -1
sphere {
	<27.691998, 36.772339, 35.439323> 0.100000
	pigment { color rgbt <1,0,0,0> }
	no_shadow
}
sphere {
	0, 1
	scale<0.080000,0.200000,0.300000>
	matrix <0.017326, -0.952806, 0.303086,
		-0.877558, 0.130778, 0.461290,
		-0.479157, -0.273968, -0.833877,
		27.548250, 36.690147, 35.189159>
	pigment { color rgbt <0,1,1,0> }
	no_shadow
}
cylinder {
	<27.279854, 36.496983, 35.879440>,  <27.883659, 36.881927, 35.772873>, 0.130000
	pigment { color rgbt <1,0,0,0> }
	no_shadow
}

// nucleotide -1

// particle -1
sphere {
	<27.279854, 36.496983, 35.879440> 0.250000
	pigment { color rgbt <1,0,0,0> }
	no_shadow
}
cylinder {
	<27.421444, 36.377747, 35.524849>,  <27.506399, 36.306206, 35.312096>, 0.100000
	pigment { color rgbt <1,0,0,0> }
	no_shadow
}
cylinder {
	<27.421444, 36.377747, 35.524849>,  <27.279854, 36.496983, 35.879440>, 0.100000
	pigment { color rgbt <1,0,0,0> }
	no_shadow
}

// particle -1
sphere {
	<27.421444, 36.377747, 35.524849> 0.100000
	pigment { color rgbt <1,0,0,0> }
	no_shadow
}
sphere {
	0, 1
	scale<0.080000,0.200000,0.300000>
	matrix <-0.056869, -0.952953, 0.297736,
		-0.933523, -0.054979, -0.354276,
		0.353977, -0.298091, -0.886477,
		27.527637, 36.288319, 35.258907>
	pigment { color rgbt <0,1,1,0> }
	no_shadow
}
cylinder {
	<26.795071, 36.184341, 35.361073>,  <27.279854, 36.496983, 35.879440>, 0.130000
	pigment { color rgbt <1,0,0,0> }
	no_shadow
}

// nucleotide -1

// particle -1
sphere {
	<26.795071, 36.184341, 35.361073> 0.250000
	pigment { color rgbt <1,0,0,0> }
	no_shadow
}
cylinder {
	<27.164909, 36.032459, 35.373371>,  <27.386812, 35.941330, 35.380749>, 0.100000
	pigment { color rgbt <1,0,0,0> }
	no_shadow
}
cylinder {
	<27.164909, 36.032459, 35.373371>,  <26.795071, 36.184341, 35.361073>, 0.100000
	pigment { color rgbt <1,0,0,0> }
	no_shadow
}

// particle -1
sphere {
	<27.164909, 36.032459, 35.373371> 0.100000
	pigment { color rgbt <1,0,0,0> }
	no_shadow
}
sphere {
	0, 1
	scale<0.080000,0.200000,0.300000>
	matrix <-0.371484, -0.880812, 0.293548,
		-0.084378, -0.282836, -0.955450,
		0.924597, -0.379703, 0.030748,
		27.442289, 35.918549, 35.382595>
	pigment { color rgbt <0,1,1,0> }
	no_shadow
}
cylinder {
	<26.832487, 35.752563, 34.902870>,  <26.795071, 36.184341, 35.361073>, 0.130000
	pigment { color rgbt <1,0,0,0> }
	no_shadow
}

// nucleotide -1

// particle -1
sphere {
	<26.832487, 35.752563, 34.902870> 0.250000
	pigment { color rgbt <1,0,0,0> }
	no_shadow
}
cylinder {
	<27.075148, 35.686821, 35.213989>,  <27.220743, 35.647377, 35.400661>, 0.100000
	pigment { color rgbt <1,0,0,0> }
	no_shadow
}
cylinder {
	<27.075148, 35.686821, 35.213989>,  <26.832487, 35.752563, 34.902870>, 0.100000
	pigment { color rgbt <1,0,0,0> }
	no_shadow
}

// particle -1
sphere {
	<27.075148, 35.686821, 35.213989> 0.100000
	pigment { color rgbt <1,0,0,0> }
	no_shadow
}
sphere {
	0, 1
	scale<0.080000,0.200000,0.300000>
	matrix <-0.396374, -0.910637, 0.116733,
		0.689104, -0.379114, -0.617583,
		0.606649, -0.164353, 0.777795,
		27.257143, 35.637516, 35.447327>
	pigment { color rgbt <0,1,1,0> }
	no_shadow
}
cylinder {
	<26.710340, 35.138306, 34.945076>,  <26.832487, 35.752563, 34.902870>, 0.130000
	pigment { color rgbt <1,0,0,0> }
	no_shadow
}

// nucleotide -1

// particle -1
sphere {
	<26.710340, 35.138306, 34.945076> 0.250000
	pigment { color rgbt <1,0,0,0> }
	no_shadow
}
cylinder {
	<26.892925, 35.177795, 35.298775>,  <27.002476, 35.201488, 35.510994>, 0.100000
	pigment { color rgbt <1,0,0,0> }
	no_shadow
}
cylinder {
	<26.892925, 35.177795, 35.298775>,  <26.710340, 35.138306, 34.945076>, 0.100000
	pigment { color rgbt <1,0,0,0> }
	no_shadow
}

// particle -1
sphere {
	<26.892925, 35.177795, 35.298775> 0.100000
	pigment { color rgbt <1,0,0,0> }
	no_shadow
}
sphere {
	0, 1
	scale<0.080000,0.200000,0.300000>
	matrix <-0.448558, -0.832753, 0.324528,
		0.768398, -0.544772, -0.335838,
		0.456464, 0.098724, 0.884248,
		27.029865, 35.207413, 35.564049>
	pigment { color rgbt <0,1,1,0> }
	no_shadow
}
cylinder {
	<27.220509, 34.517429, 35.027138>,  <26.710340, 35.138306, 34.945076>, 0.130000
	pigment { color rgbt <1,0,0,0> }
	no_shadow
}

// nucleotide -1

// particle -1
sphere {
	<27.220509, 34.517429, 35.027138> 0.250000
	pigment { color rgbt <1,0,0,0> }
	no_shadow
}
cylinder {
	<27.077513, 34.669441, 35.368378>,  <26.991714, 34.760647, 35.573120>, 0.100000
	pigment { color rgbt <1,0,0,0> }
	no_shadow
}
cylinder {
	<27.077513, 34.669441, 35.368378>,  <27.220509, 34.517429, 35.027138>, 0.100000
	pigment { color rgbt <1,0,0,0> }
	no_shadow
}

// particle -1
sphere {
	<27.077513, 34.669441, 35.368378> 0.100000
	pigment { color rgbt <1,0,0,0> }
	no_shadow
}
sphere {
	0, 1
	scale<0.080000,0.200000,0.300000>
	matrix <-0.261065, -0.917712, 0.299414,
		0.896686, -0.115677, 0.427285,
		-0.357490, 0.380030, 0.853099,
		26.970266, 34.783451, 35.624306>
	pigment { color rgbt <0,1,1,0> }
	no_shadow
}
cylinder {
	<27.581951, 34.186409, 35.579372>,  <27.220509, 34.517429, 35.027138>, 0.130000
	pigment { color rgbt <1,0,0,0> }
	no_shadow
}

// nucleotide -1

// particle -1
sphere {
	<27.581951, 34.186409, 35.579372> 0.250000
	pigment { color rgbt <1,0,0,0> }
	no_shadow
}
cylinder {
	<27.221914, 34.312885, 35.699272>,  <27.005892, 34.388771, 35.771214>, 0.100000
	pigment { color rgbt <1,0,0,0> }
	no_shadow
}
cylinder {
	<27.221914, 34.312885, 35.699272>,  <27.581951, 34.186409, 35.579372>, 0.100000
	pigment { color rgbt <1,0,0,0> }
	no_shadow
}

// particle -1
sphere {
	<27.221914, 34.312885, 35.699272> 0.100000
	pigment { color rgbt <1,0,0,0> }
	no_shadow
}
sphere {
	0, 1
	scale<0.080000,0.200000,0.300000>
	matrix <-0.212301, -0.919080, 0.331994,
		0.380472, 0.235188, 0.894387,
		-0.900094, 0.316194, 0.299754,
		26.951885, 34.407742, 35.789200>
	pigment { color rgbt <0,1,1,0> }
	no_shadow
}
cylinder {
	<27.473274, 33.974648, 36.353630>,  <27.581951, 34.186409, 35.579372>, 0.130000
	pigment { color rgbt <1,0,0,0> }
	no_shadow
}

// nucleotide -1

// particle -1
sphere {
	<27.473274, 33.974648, 36.353630> 0.250000
	pigment { color rgbt <1,0,0,0> }
	no_shadow
}
cylinder {
	<27.123489, 34.048489, 36.174191>,  <26.913618, 34.092793, 36.066528>, 0.100000
	pigment { color rgbt <1,0,0,0> }
	no_shadow
}
cylinder {
	<27.123489, 34.048489, 36.174191>,  <27.473274, 33.974648, 36.353630>, 0.100000
	pigment { color rgbt <1,0,0,0> }
	no_shadow
}

// particle -1
sphere {
	<27.123489, 34.048489, 36.174191> 0.100000
	pigment { color rgbt <1,0,0,0> }
	no_shadow
}
sphere {
	0, 1
	scale<0.080000,0.200000,0.300000>
	matrix <-0.387612, -0.821935, 0.417348,
		-0.291678, 0.538837, 0.790303,
		-0.874461, 0.184600, -0.448600,
		26.861151, 34.103870, 36.039612>
	pigment { color rgbt <0,1,1,0> }
	no_shadow
}
cylinder {
	<26.964437, 33.649597, 36.871189>,  <27.473274, 33.974648, 36.353630>, 0.130000
	pigment { color rgbt <1,0,0,0> }
	no_shadow
}

// nucleotide -1

// particle -1
sphere {
	<26.964437, 33.649597, 36.871189> 0.250000
	pigment { color rgbt <1,0,0,0> }
	no_shadow
}
cylinder {
	<26.785780, 33.650185, 36.513306>,  <26.678585, 33.650536, 36.298576>, 0.100000
	pigment { color rgbt <1,0,0,0> }
	no_shadow
}
cylinder {
	<26.785780, 33.650185, 36.513306>,  <26.964437, 33.649597, 36.871189>, 0.100000
	pigment { color rgbt <1,0,0,0> }
	no_shadow
}

// particle -1
sphere {
	<26.785780, 33.650185, 36.513306> 0.100000
	pigment { color rgbt <1,0,0,0> }
	no_shadow
}
sphere {
	0, 1
	scale<0.080000,0.200000,0.300000>
	matrix <-0.432253, -0.875906, 0.214350,
		-0.783368, 0.482480, 0.391851,
		-0.446644, 0.001464, -0.894710,
		26.651787, 33.650623, 36.244892>
	pigment { color rgbt <0,1,1,0> }
	no_shadow
}
cylinder {
	<26.219370, 33.451977, 37.002365>,  <26.964437, 33.649597, 36.871189>, 0.130000
	pigment { color rgbt <1,0,0,0> }
	no_shadow
}

// nucleotide -1

// particle -1
sphere {
	<26.219370, 33.451977, 37.002365> 0.250000
	pigment { color rgbt <1,0,0,0> }
	no_shadow
}
cylinder {
	<26.300835, 33.401299, 36.614040>,  <26.349712, 33.370892, 36.381046>, 0.100000
	pigment { color rgbt <1,0,0,0> }
	no_shadow
}
cylinder {
	<26.300835, 33.401299, 36.614040>,  <26.219370, 33.451977, 37.002365>, 0.100000
	pigment { color rgbt <1,0,0,0> }
	no_shadow
}

// particle -1
sphere {
	<26.300835, 33.401299, 36.614040> 0.100000
	pigment { color rgbt <1,0,0,0> }
	no_shadow
}
sphere {
	0, 1
	scale<0.080000,0.200000,0.300000>
	matrix <-0.504196, -0.863561, 0.006930,
		-0.839231, 0.488067, -0.239754,
		0.203660, -0.126699, -0.970809,
		26.361933, 33.363289, 36.322796>
	pigment { color rgbt <0,1,1,0> }
	no_shadow
}
cylinder {
	<25.552378, 33.220047, 36.680653>,  <26.219370, 33.451977, 37.002365>, 0.130000
	pigment { color rgbt <1,0,0,0> }
	no_shadow
}

// nucleotide -1

// particle -1
sphere {
	<25.552378, 33.220047, 36.680653> 0.250000
	pigment { color rgbt <1,0,0,0> }
	no_shadow
}
cylinder {
	<25.876842, 33.079357, 36.493763>,  <26.071522, 32.994942, 36.381630>, 0.100000
	pigment { color rgbt <1,0,0,0> }
	no_shadow
}
cylinder {
	<25.876842, 33.079357, 36.493763>,  <25.552378, 33.220047, 36.680653>, 0.100000
	pigment { color rgbt <1,0,0,0> }
	no_shadow
}

// particle -1
sphere {
	<25.876842, 33.079357, 36.493763> 0.100000
	pigment { color rgbt <1,0,0,0> }
	no_shadow
}
sphere {
	0, 1
	scale<0.080000,0.200000,0.300000>
	matrix <-0.437199, -0.895337, -0.085019,
		-0.388421, 0.273236, -0.880040,
		0.811163, -0.351729, -0.467226,
		26.120192, 32.973839, 36.353596>
	pigment { color rgbt <0,1,1,0> }
	no_shadow
}
cylinder {
	<25.391029, 33.072224, 35.982414>,  <25.552378, 33.220047, 36.680653>, 0.130000
	pigment { color rgbt <1,0,0,0> }
	no_shadow
}

// nucleotide -1

// particle -1
sphere {
	<25.391029, 33.072224, 35.982414> 0.250000
	pigment { color rgbt <1,0,0,0> }
	no_shadow
}
cylinder {
	<25.717426, 32.851902, 36.052578>,  <25.913265, 32.719707, 36.094677>, 0.100000
	pigment { color rgbt <1,0,0,0> }
	no_shadow
}
cylinder {
	<25.717426, 32.851902, 36.052578>,  <25.391029, 33.072224, 35.982414>, 0.100000
	pigment { color rgbt <1,0,0,0> }
	no_shadow
}

// particle -1
sphere {
	<25.717426, 32.851902, 36.052578> 0.100000
	pigment { color rgbt <1,0,0,0> }
	no_shadow
}
sphere {
	0, 1
	scale<0.080000,0.200000,0.300000>
	matrix <-0.503129, -0.826143, -0.253672,
		0.284637, 0.118741, -0.951253,
		0.815992, -0.550807, 0.175409,
		25.962223, 32.686661, 36.105202>
	pigment { color rgbt <0,1,1,0> }
	no_shadow
}
cylinder {
	<25.442595, 32.681999, 35.386875>,  <25.391029, 33.072224, 35.982414>, 0.130000
	pigment { color rgbt <1,0,0,0> }
	no_shadow
}

// nucleotide -1

// particle -1
sphere {
	<25.442595, 32.681999, 35.386875> 0.250000
	pigment { color rgbt <1,0,0,0> }
	no_shadow
}
cylinder {
	<25.656910, 32.493786, 35.667309>,  <25.785500, 32.380856, 35.835571>, 0.100000
	pigment { color rgbt <1,0,0,0> }
	no_shadow
}
cylinder {
	<25.656910, 32.493786, 35.667309>,  <25.442595, 32.681999, 35.386875>, 0.100000
	pigment { color rgbt <1,0,0,0> }
	no_shadow
}

// particle -1
sphere {
	<25.656910, 32.493786, 35.667309> 0.100000
	pigment { color rgbt <1,0,0,0> }
	no_shadow
}
sphere {
	0, 1
	scale<0.080000,0.200000,0.300000>
	matrix <-0.655695, -0.755005, -0.005623,
		0.531971, -0.456687, -0.713053,
		0.535791, -0.470536, 0.701088,
		25.817648, 32.352627, 35.877636>
	pigment { color rgbt <0,1,1,0> }
	no_shadow
}
cylinder {
	<25.649485, 32.065441, 35.145500>,  <25.442595, 32.681999, 35.386875>, 0.130000
	pigment { color rgbt <1,0,0,0> }
	no_shadow
}

// nucleotide -1

// particle -1
sphere {
	<25.649485, 32.065441, 35.145500> 0.250000
	pigment { color rgbt <1,0,0,0> }
	no_shadow
}
cylinder {
	<25.629498, 32.039726, 35.544170>,  <25.617506, 32.024296, 35.783375>, 0.100000
	pigment { color rgbt <1,0,0,0> }
	no_shadow
}
cylinder {
	<25.629498, 32.039726, 35.544170>,  <25.649485, 32.065441, 35.145500>, 0.100000
	pigment { color rgbt <1,0,0,0> }
	no_shadow
}

// particle -1
sphere {
	<25.629498, 32.039726, 35.544170> 0.100000
	pigment { color rgbt <1,0,0,0> }
	no_shadow
}
sphere {
	0, 1
	scale<0.080000,0.200000,0.300000>
	matrix <-0.580584, -0.810125, -0.081361,
		0.812666, -0.582722, 0.003152,
		-0.049965, -0.064289, 0.996679,
		25.614508, 32.020439, 35.843174>
	pigment { color rgbt <0,1,1,0> }
	no_shadow
}
cylinder {
	<25.149414, 31.498465, 35.024433>,  <25.649485, 32.065441, 35.145500>, 0.130000
	pigment { color rgbt <1,0,0,0> }
	no_shadow
}

// nucleotide -1

// particle -1
sphere {
	<25.149414, 31.498465, 35.024433> 0.250000
	pigment { color rgbt <1,0,0,0> }
	no_shadow
}
cylinder {
	<25.367004, 31.198309, 35.174637>,  <25.497559, 31.018215, 35.264759>, 0.100000
	pigment { color rgbt <1,0,0,0> }
	no_shadow
}
cylinder {
	<25.367004, 31.198309, 35.174637>,  <25.149414, 31.498465, 35.024433>, 0.100000
	pigment { color rgbt <1,0,0,0> }
	no_shadow
}

// particle -1
sphere {
	<25.367004, 31.198309, 35.174637> 0.100000
	pigment { color rgbt <1,0,0,0> }
	no_shadow
}
sphere {
	0, 1
	scale<0.080000,0.200000,0.300000>
	matrix <0.640330, 0.660440, 0.392168,
		-0.542280, 0.027120, 0.839760,
		0.543976, -0.750389, 0.375509,
		25.530197, 30.973192, 35.287289>
	pigment { color rgbt <0,1,1,0> }
	no_shadow
}
cylinder {
	<25.098770, 31.449080, 35.725994>,  <25.149414, 31.498465, 35.024433>, 0.130000
	pigment { color rgbt <1,0,0,0> }
	no_shadow
}

// nucleotide -1

// particle -1
sphere {
	<25.098770, 31.449080, 35.725994> 0.250000
	pigment { color rgbt <1,0,0,0> }
	no_shadow
}
cylinder {
	<25.452606, 31.289225, 35.629837>,  <25.664907, 31.193312, 35.572144>, 0.100000
	pigment { color rgbt <1,0,0,0> }
	no_shadow
}
cylinder {
	<25.452606, 31.289225, 35.629837>,  <25.098770, 31.449080, 35.725994>, 0.100000
	pigment { color rgbt <1,0,0,0> }
	no_shadow
}

// particle -1
sphere {
	<25.452606, 31.289225, 35.629837> 0.100000
	pigment { color rgbt <1,0,0,0> }
	no_shadow
}
sphere {
	0, 1
	scale<0.080000,0.200000,0.300000>
	matrix <0.452359, 0.609863, 0.650722,
		-0.113449, -0.684365, 0.720260,
		0.884591, -0.399640, -0.240390,
		25.717983, 31.169333, 35.557720>
	pigment { color rgbt <0,1,1,0> }
	no_shadow
}
cylinder {
	<25.424416, 31.130178, 36.312630>,  <25.098770, 31.449080, 35.725994>, 0.130000
	pigment { color rgbt <1,0,0,0> }
	no_shadow
}

// nucleotide -1

// particle -1
sphere {
	<25.424416, 31.130178, 36.312630> 0.250000
	pigment { color rgbt <1,0,0,0> }
	no_shadow
}
cylinder {
	<25.655771, 31.293428, 36.030098>,  <25.794584, 31.391378, 35.860580>, 0.100000
	pigment { color rgbt <1,0,0,0> }
	no_shadow
}
cylinder {
	<25.655771, 31.293428, 36.030098>,  <25.424416, 31.130178, 36.312630>, 0.100000
	pigment { color rgbt <1,0,0,0> }
	no_shadow
}

// particle -1
sphere {
	<25.655771, 31.293428, 36.030098> 0.100000
	pigment { color rgbt <1,0,0,0> }
	no_shadow
}
sphere {
	0, 1
	scale<0.080000,0.200000,0.300000>
	matrix <0.256106, 0.731230, 0.632228,
		0.774519, -0.546567, 0.318410,
		0.578386, 0.408126, -0.706330,
		25.829288, 31.415865, 35.818199>
	pigment { color rgbt <0,1,1,0> }
	no_shadow
}
cylinder {
	<25.888323, 31.507870, 36.742466>,  <25.424416, 31.130178, 36.312630>, 0.130000
	pigment { color rgbt <1,0,0,0> }
	no_shadow
}

// nucleotide -1

// particle -1
sphere {
	<25.888323, 31.507870, 36.742466> 0.250000
	pigment { color rgbt <1,0,0,0> }
	no_shadow
}
cylinder {
	<25.928856, 31.638889, 36.366711>,  <25.953175, 31.717501, 36.141258>, 0.100000
	pigment { color rgbt <1,0,0,0> }
	no_shadow
}
cylinder {
	<25.928856, 31.638889, 36.366711>,  <25.888323, 31.507870, 36.742466>, 0.100000
	pigment { color rgbt <1,0,0,0> }
	no_shadow
}

// particle -1
sphere {
	<25.928856, 31.638889, 36.366711> 0.100000
	pigment { color rgbt <1,0,0,0> }
	no_shadow
}
sphere {
	0, 1
	scale<0.080000,0.200000,0.300000>
	matrix <0.347314, 0.873188, 0.341931,
		0.932258, -0.360910, -0.025281,
		0.101331, 0.327548, -0.939385,
		25.959255, 31.737154, 36.084896>
	pigment { color rgbt <0,1,1,0> }
	no_shadow
}
cylinder {
	<26.620176, 31.801847, 36.729046>,  <25.888323, 31.507870, 36.742466>, 0.130000
	pigment { color rgbt <1,0,0,0> }
	no_shadow
}

// nucleotide -1

// particle -1
sphere {
	<26.620176, 31.801847, 36.729046> 0.250000
	pigment { color rgbt <1,0,0,0> }
	no_shadow
}
cylinder {
	<26.380070, 31.944271, 36.442577>,  <26.236006, 32.029724, 36.270699>, 0.100000
	pigment { color rgbt <1,0,0,0> }
	no_shadow
}
cylinder {
	<26.380070, 31.944271, 36.442577>,  <26.620176, 31.801847, 36.729046>, 0.100000
	pigment { color rgbt <1,0,0,0> }
	no_shadow
}

// particle -1
sphere {
	<26.380070, 31.944271, 36.442577> 0.100000
	pigment { color rgbt <1,0,0,0> }
	no_shadow
}
sphere {
	0, 1
	scale<0.080000,0.200000,0.300000>
	matrix <0.406944, 0.906834, 0.109768,
		0.688531, -0.225550, -0.689240,
		-0.600268, 0.356061, -0.716170,
		26.199989, 32.051090, 36.227726>
	pigment { color rgbt <0,1,1,0> }
	no_shadow
}
cylinder {
	<27.058065, 32.052269, 36.277901>,  <26.620176, 31.801847, 36.729046>, 0.130000
	pigment { color rgbt <1,0,0,0> }
	no_shadow
}

// nucleotide -1

// particle -1
sphere {
	<27.058065, 32.052269, 36.277901> 0.250000
	pigment { color rgbt <1,0,0,0> }
	no_shadow
}
cylinder {
	<26.719917, 32.247517, 36.191097>,  <26.517029, 32.364666, 36.139015>, 0.100000
	pigment { color rgbt <1,0,0,0> }
	no_shadow
}
cylinder {
	<26.719917, 32.247517, 36.191097>,  <27.058065, 32.052269, 36.277901>, 0.100000
	pigment { color rgbt <1,0,0,0> }
	no_shadow
}

// particle -1
sphere {
	<26.719917, 32.247517, 36.191097> 0.100000
	pigment { color rgbt <1,0,0,0> }
	no_shadow
}
sphere {
	0, 1
	scale<0.080000,0.200000,0.300000>
	matrix <0.448416, 0.869217, 0.208292,
		0.290299, 0.078773, -0.953688,
		-0.845370, 0.488116, -0.217010,
		26.466307, 32.393951, 36.125996>
	pigment { color rgbt <0,1,1,0> }
	no_shadow
}
cylinder {
	<27.187506, 32.491676, 35.737049>,  <27.058065, 32.052269, 36.277901>, 0.130000
	pigment { color rgbt <1,0,0,0> }
	no_shadow
}

// nucleotide -1

// particle -1
sphere {
	<27.187506, 32.491676, 35.737049> 0.250000
	pigment { color rgbt <1,0,0,0> }
	no_shadow
}
cylinder {
	<26.884649, 32.638992, 35.952866>,  <26.702936, 32.727383, 36.082355>, 0.100000
	pigment { color rgbt <1,0,0,0> }
	no_shadow
}
cylinder {
	<26.884649, 32.638992, 35.952866>,  <27.187506, 32.491676, 35.737049>, 0.100000
	pigment { color rgbt <1,0,0,0> }
	no_shadow
}

// particle -1
sphere {
	<26.884649, 32.638992, 35.952866> 0.100000
	pigment { color rgbt <1,0,0,0> }
	no_shadow
}
sphere {
	0, 1
	scale<0.080000,0.200000,0.300000>
	matrix <0.526201, 0.833268, 0.169639,
		-0.387107, 0.412348, -0.824693,
		-0.757140, 0.368286, 0.539541,
		26.657507, 32.749477, 36.114727>
	pigment { color rgbt <0,1,1,0> }
	no_shadow
}
cylinder {
	<26.851360, 33.189354, 35.528904>,  <27.187506, 32.491676, 35.737049>, 0.130000
	pigment { color rgbt <1,0,0,0> }
	no_shadow
}

// nucleotide -1

// particle -1
sphere {
	<26.851360, 33.189354, 35.528904> 0.250000
	pigment { color rgbt <1,0,0,0> }
	no_shadow
}
cylinder {
	<26.809950, 33.158337, 35.925545>,  <26.785103, 33.139725, 36.163528>, 0.100000
	pigment { color rgbt <1,0,0,0> }
	no_shadow
}
cylinder {
	<26.809950, 33.158337, 35.925545>,  <26.851360, 33.189354, 35.528904>, 0.100000
	pigment { color rgbt <1,0,0,0> }
	no_shadow
}

// particle -1
sphere {
	<26.809950, 33.158337, 35.925545> 0.100000
	pigment { color rgbt <1,0,0,0> }
	no_shadow
}
sphere {
	0, 1
	scale<0.080000,0.200000,0.300000>
	matrix <0.507884, 0.853063, 0.119738,
