// switches for output
#declare DRAW_BASES = 1; // possible values are 0, 1; only relevant for DNA ribbons
#declare DRAW_BASES_TYPE = 3; // possible values are 1, 2, 3; only relevant for DNA ribbons
#declare DRAW_FOG = 0; // set to 1 to enable fog

#include "colors.inc"

#include "transforms.inc"
background { rgb <1, 1, 1>}

#default {
   normal{
       ripples 0.25
       frequency 0.20
       turbulence 0.2
       lambda 5
   }
	finish {
		phong 0.1
		phong_size 40.
	}
}

// original window dimensions: 1024x640


// camera settings

camera {
	sky <0, 0.179814, -0.983701>
	up <0, 0.179814, -0.983701>
	right 1.6 * <1, 0, 0>
	location <35, 94.9851, 44.8844>
	look_at <35, 29.7336, 32.9568>
	direction <0, -65.2515, -11.9276>
	angle 67.0682
}


# declare cpy_camera_pos = <35, 94.9851, 44.8844>;
# if (DRAW_FOG = 1)
fog {
	fog_type 2
	up vnormalize(cpy_camera_pos)
	color rgbt<1,1,1,0.3>
	distance 1e-5
	fog_alt 3e-3
	fog_offset 56
}
# end


// LIGHTS

# declare lum = 6;
global_settings {
	ambient_light rgb lum * <0.05, 0.05, 0.05>
	max_trace_level 15
}# declare cpy_direct_light_amount = 0.25;
light_source
{	1000 * <-1, -1.16352, -0.803886>,
	rgb lum * cpy_direct_light_amount
	parallel
}

light_source
{	1000 * <1, 1.16352, 0.803886>,
	rgb lum * cpy_direct_light_amount
	parallel
}

// strand 0

// nucleotide -1

// particle -1
sphere {
	<24.027842, 35.138355, 35.229034> 0.250000
	pigment { color rgbt <1,0,0,0> }
	no_shadow
}
cylinder {
	<24.357176, 34.916943, 35.279182>,  <24.554777, 34.784096, 35.309273>, 0.100000
	pigment { color rgbt <1,0,0,0> }
	no_shadow
}
cylinder {
	<24.357176, 34.916943, 35.279182>,  <24.027842, 35.138355, 35.229034>, 0.100000
	pigment { color rgbt <1,0,0,0> }
	no_shadow
}

// particle -1
sphere {
	<24.357176, 34.916943, 35.279182> 0.100000
	pigment { color rgbt <1,0,0,0> }
	no_shadow
}
sphere {
	0, 1
	scale<0.080000,0.200000,0.300000>
	matrix <0.508239, 0.620763, -0.596948,
		0.252604, 0.555208, 0.792424,
		0.823337, -0.553532, 0.125371,
		24.604177, 34.750881, 35.316795>
	pigment { color rgbt <0,1,1,0> }
	no_shadow
}
cylinder {
	<24.650389, 35.469425, 35.615940>,  <24.027842, 35.138355, 35.229034>, 0.130000
	pigment { color rgbt <1,0,0,0> }
	no_shadow
}

// nucleotide -1

// particle -1
sphere {
	<24.650389, 35.469425, 35.615940> 0.250000
	pigment { color rgbt <1,0,0,0> }
	no_shadow
}
cylinder {
	<24.810863, 35.213280, 35.353954>,  <24.907148, 35.059593, 35.196762>, 0.100000
	pigment { color rgbt <1,0,0,0> }
	no_shadow
}
cylinder {
	<24.810863, 35.213280, 35.353954>,  <24.650389, 35.469425, 35.615940>, 0.100000
	pigment { color rgbt <1,0,0,0> }
	no_shadow
}

// particle -1
sphere {
	<24.810863, 35.213280, 35.353954> 0.100000
	pigment { color rgbt <1,0,0,0> }
	no_shadow
}
sphere {
	0, 1
	scale<0.080000,0.200000,0.300000>
	matrix <0.574060, 0.732963, -0.364993,
		0.713795, -0.229559, 0.661664,
		0.401188, -0.640365, -0.654966,
		24.931219, 35.021172, 35.157463>
	pigment { color rgbt <0,1,1,0> }
	no_shadow
}
cylinder {
	<25.370245, 35.619976, 35.677891>,  <24.650389, 35.469425, 35.615940>, 0.130000
	pigment { color rgbt <1,0,0,0> }
	no_shadow
}

// nucleotide -1

// particle -1
sphere {
	<25.370245, 35.619976, 35.677891> 0.250000
	pigment { color rgbt <1,0,0,0> }
	no_shadow
}
cylinder {
	<25.296623, 35.463512, 35.317200>,  <25.252451, 35.369633, 35.100784>, 0.100000
	pigment { color rgbt <1,0,0,0> }
	no_shadow
}
cylinder {
	<25.296623, 35.463512, 35.317200>,  <25.370245, 35.619976, 35.677891>, 0.100000
	pigment { color rgbt <1,0,0,0> }
	no_shadow
}

// particle -1
sphere {
	<25.296623, 35.463512, 35.317200> 0.100000
	pigment { color rgbt <1,0,0,0> }
	no_shadow
}
sphere {
	0, 1
	scale<0.080000,0.200000,0.300000>
	matrix <0.493767, 0.756451, -0.428925,
		0.849894, -0.524189, 0.053917,
		-0.184052, -0.391163, -0.901729,
		25.241407, 35.346165, 35.046680>
	pigment { color rgbt <0,1,1,0> }
	no_shadow
}
cylinder {
	<25.948425, 35.458618, 35.196926>,  <25.370245, 35.619976, 35.677891>, 0.130000
	pigment { color rgbt <1,0,0,0> }
	no_shadow
}

// nucleotide -1

// particle -1
sphere {
	<25.948425, 35.458618, 35.196926> 0.250000
	pigment { color rgbt <1,0,0,0> }
	no_shadow
}
cylinder {
	<25.628689, 35.578129, 34.988392>,  <25.436848, 35.649834, 34.863274>, 0.100000
	pigment { color rgbt <1,0,0,0> }
	no_shadow
}
cylinder {
	<25.628689, 35.578129, 34.988392>,  <25.948425, 35.458618, 35.196926>, 0.100000
	pigment { color rgbt <1,0,0,0> }
	no_shadow
}

// particle -1
sphere {
	<25.628689, 35.578129, 34.988392> 0.100000
	pigment { color rgbt <1,0,0,0> }
	no_shadow
}
sphere {
	0, 1
	scale<0.080000,0.200000,0.300000>
	matrix <0.466084, 0.855880, -0.224131,
		0.379234, -0.422143, -0.823394,
		-0.799342, 0.298773, -0.521333,
		25.388885, 35.667759, 34.831993>
	pigment { color rgbt <0,1,1,0> }
	no_shadow
}
cylinder {
	<26.635590, 35.404366, 35.035004>,  <25.948425, 35.458618, 35.196926>, 0.130000
	pigment { color rgbt <1,0,0,0> }
	no_shadow
}

// nucleotide -1

// particle -1
sphere {
	<26.635590, 35.404366, 35.035004> 0.250000
	pigment { color rgbt <1,0,0,0> }
	no_shadow
}
cylinder {
	<26.977259, 35.485638, 35.226463>,  <27.182261, 35.534401, 35.341339>, 0.100000
	pigment { color rgbt <1,0,0,0> }
	no_shadow
}
cylinder {
	<26.977259, 35.485638, 35.226463>,  <26.635590, 35.404366, 35.035004>, 0.100000
	pigment { color rgbt <1,0,0,0> }
	no_shadow
}

// particle -1
sphere {
	<26.977259, 35.485638, 35.226463> 0.100000
	pigment { color rgbt <1,0,0,0> }
	no_shadow
}
sphere {
	0, 1
	scale<0.080000,0.200000,0.300000>
	matrix <-0.477251, 0.671782, 0.566517,
		-0.206440, -0.712339, 0.670788,
		0.854175, 0.203182, 0.478647,
		27.233511, 35.546593, 35.370056>
	pigment { color rgbt <0,1,1,0> }
	no_shadow
}
cylinder {
	<26.583824, 35.196697, 35.769466>,  <26.635590, 35.404366, 35.035004>, 0.130000
	pigment { color rgbt <1,0,0,0> }
	no_shadow
}

// nucleotide -1

// particle -1
sphere {
	<26.583824, 35.196697, 35.769466> 0.250000
	pigment { color rgbt <1,0,0,0> }
	no_shadow
}
cylinder {
	<26.839312, 35.498493, 35.709084>,  <26.992603, 35.679569, 35.672855>, 0.100000
	pigment { color rgbt <1,0,0,0> }
	no_shadow
}
cylinder {
	<26.839312, 35.498493, 35.709084>,  <26.583824, 35.196697, 35.769466>, 0.100000
	pigment { color rgbt <1,0,0,0> }
	no_shadow
}

// particle -1
sphere {
	<26.839312, 35.498493, 35.709084> 0.100000
	pigment { color rgbt <1,0,0,0> }
	no_shadow
}
sphere {
	0, 1
	scale<0.080000,0.200000,0.300000>
	matrix <-0.555920, 0.588142, 0.587404,
		0.531970, -0.291269, 0.795092,
		0.638719, 0.754488, -0.150951,
		27.030928, 35.724838, 35.663799>
	pigment { color rgbt <0,1,1,0> }
	no_shadow
}
cylinder {
	<27.154633, 35.234715, 36.333969>,  <26.583824, 35.196697, 35.769466>, 0.130000
	pigment { color rgbt <1,0,0,0> }
	no_shadow
}

// nucleotide -1

// particle -1
sphere {
	<27.154633, 35.234715, 36.333969> 0.250000
	pigment { color rgbt <1,0,0,0> }
	no_shadow
}
cylinder {
	<27.439154, 35.049770, 36.545734>,  <27.609867, 34.938805, 36.672794>, 0.100000
	pigment { color rgbt <1,0,0,0> }
	no_shadow
}
cylinder {
	<27.439154, 35.049770, 36.545734>,  <27.154633, 35.234715, 36.333969>, 0.100000
	pigment { color rgbt <1,0,0,0> }
	no_shadow
}

// particle -1
sphere {
	<27.439154, 35.049770, 36.545734> 0.100000
	pigment { color rgbt <1,0,0,0> }
	no_shadow
}
sphere {
	0, 1
	scale<0.080000,0.200000,0.300000>
	matrix <0.177083, 0.846778, 0.501606,
		-0.680213, -0.263044, 0.684191,
		0.711303, -0.462358, 0.529409,
		27.652544, 34.911064, 36.704556>
	pigment { color rgbt <0,1,1,0> }
	no_shadow
}
cylinder {
	<26.992992, 35.048546, 37.067780>,  <27.154633, 35.234715, 36.333969>, 0.130000
	pigment { color rgbt <1,0,0,0> }
	no_shadow
}

// nucleotide -1

// particle -1
sphere {
	<26.992992, 35.048546, 37.067780> 0.250000
	pigment { color rgbt <1,0,0,0> }
	no_shadow
}
cylinder {
	<27.389589, 35.091869, 37.038902>,  <27.627548, 35.117863, 37.021576>, 0.100000
	pigment { color rgbt <1,0,0,0> }
	no_shadow
}
cylinder {
	<27.389589, 35.091869, 37.038902>,  <26.992992, 35.048546, 37.067780>, 0.100000
	pigment { color rgbt <1,0,0,0> }
	no_shadow
}

// particle -1
sphere {
	<27.389589, 35.091869, 37.038902> 0.100000
	pigment { color rgbt <1,0,0,0> }
	no_shadow
}
sphere {
	0, 1
	scale<0.080000,0.200000,0.300000>
	matrix <-0.012804, 0.633090, 0.773972,
		0.129537, -0.766463, 0.629090,
		0.991492, 0.108313, -0.072194,
		27.687037, 35.124363, 37.017242>
	pigment { color rgbt <0,1,1,0> }
	no_shadow
}
cylinder {
	<27.247768, 34.856289, 37.782066>,  <26.992992, 35.048546, 37.067780>, 0.130000
	pigment { color rgbt <1,0,0,0> }
	no_shadow
}

// nucleotide -1

// particle -1
sphere {
	<27.247768, 34.856289, 37.782066> 0.250000
	pigment { color rgbt <1,0,0,0> }
	no_shadow
}
cylinder {
	<27.525295, 35.070068, 37.588997>,  <27.691811, 35.198338, 37.473156>, 0.100000
	pigment { color rgbt <1,0,0,0> }
	no_shadow
}
cylinder {
	<27.525295, 35.070068, 37.588997>,  <27.247768, 34.856289, 37.782066>, 0.100000
	pigment { color rgbt <1,0,0,0> }
	no_shadow
}

// particle -1
sphere {
	<27.525295, 35.070068, 37.588997> 0.100000
	pigment { color rgbt <1,0,0,0> }
	no_shadow
}
sphere {
	0, 1
	scale<0.080000,0.200000,0.300000>
	matrix <0.097670, 0.594217, 0.798353,
		0.713498, -0.601054, 0.360077,
		0.693817, 0.534454, -0.482677,
		27.733440, 35.230404, 37.444195>
	pigment { color rgbt <0,1,1,0> }
	no_shadow
}
cylinder {
	<27.758661, 35.004318, 38.287266>,  <27.247768, 34.856289, 37.782066>, 0.130000
	pigment { color rgbt <1,0,0,0> }
	no_shadow
}

// nucleotide -1

// particle -1
sphere {
	<27.758661, 35.004318, 38.287266> 0.250000
	pigment { color rgbt <1,0,0,0> }
	no_shadow
}
cylinder {
	<27.801399, 35.289722, 38.010288>,  <27.827042, 35.460964, 37.844101>, 0.100000
	pigment { color rgbt <1,0,0,0> }
	no_shadow
}
cylinder {
	<27.801399, 35.289722, 38.010288>,  <27.758661, 35.004318, 38.287266>, 0.100000
	pigment { color rgbt <1,0,0,0> }
	no_shadow
}

// particle -1
sphere {
	<27.801399, 35.289722, 38.010288> 0.100000
	pigment { color rgbt <1,0,0,0> }
	no_shadow
}
sphere {
	0, 1
	scale<0.080000,0.200000,0.300000>
	matrix <0.091193, 0.686467, 0.721420,
		0.990085, -0.140227, 0.008279,
		0.106846, 0.713512, -0.692449,
		27.833452, 35.503777, 37.802555>
	pigment { color rgbt <0,1,1,0> }
	no_shadow
}
cylinder {
	<28.316698, 35.470665, 38.618279>,  <27.758661, 35.004318, 38.287266>, 0.130000
	pigment { color rgbt <1,0,0,0> }
	no_shadow
}

// nucleotide -1

// particle -1
sphere {
	<28.316698, 35.470665, 38.618279> 0.250000
	pigment { color rgbt <1,0,0,0> }
	no_shadow
}
cylinder {
	<28.143202, 35.698208, 38.338776>,  <28.039104, 35.834736, 38.171074>, 0.100000
	pigment { color rgbt <1,0,0,0> }
	no_shadow
}
cylinder {
	<28.143202, 35.698208, 38.338776>,  <28.316698, 35.470665, 38.618279>, 0.100000
	pigment { color rgbt <1,0,0,0> }
	no_shadow
}

// particle -1
sphere {
	<28.143202, 35.698208, 38.338776> 0.100000
	pigment { color rgbt <1,0,0,0> }
	no_shadow
}
sphere {
	0, 1
	scale<0.080000,0.200000,0.300000>
	matrix <-0.108824, 0.736756, 0.667344,
		0.894442, 0.365496, -0.257654,
		-0.433739, 0.568862, -0.698760,
		28.013081, 35.868866, 38.129147>
	pigment { color rgbt <0,1,1,0> }
	no_shadow
}
cylinder {
	<28.648842, 36.126808, 38.550407>,  <28.316698, 35.470665, 38.618279>, 0.130000
	pigment { color rgbt <1,0,0,0> }
	no_shadow
}

// nucleotide -1

// particle -1
sphere {
	<28.648842, 36.126808, 38.550407> 0.250000
	pigment { color rgbt <1,0,0,0> }
	no_shadow
}
cylinder {
	<28.260908, 36.148876, 38.455429>,  <28.028149, 36.162117, 38.398441>, 0.100000
	pigment { color rgbt <1,0,0,0> }
	no_shadow
}
cylinder {
	<28.260908, 36.148876, 38.455429>,  <28.648842, 36.126808, 38.550407>, 0.100000
	pigment { color rgbt <1,0,0,0> }
	no_shadow
}

// particle -1
sphere {
	<28.260908, 36.148876, 38.455429> 0.100000
	pigment { color rgbt <1,0,0,0> }
	no_shadow
}
sphere {
	0, 1
	scale<0.080000,0.200000,0.300000>
	matrix <-0.143290, 0.658988, 0.738379,
		0.197213, 0.750127, -0.631202,
		-0.969832, 0.055173, -0.237447,
		27.969959, 36.165428, 38.384193>
	pigment { color rgbt <0,1,1,0> }
	no_shadow
}
cylinder {
	<28.428411, 36.832008, 38.296310>,  <28.648842, 36.126808, 38.550407>, 0.130000
	pigment { color rgbt <1,0,0,0> }
	no_shadow
}

// nucleotide -1

// particle -1
sphere {
	<28.428411, 36.832008, 38.296310> 0.250000
	pigment { color rgbt <1,0,0,0> }
	no_shadow
}
cylinder {
	<28.161125, 36.624630, 38.509739>,  <28.000753, 36.500202, 38.637798>, 0.100000
	pigment { color rgbt <1,0,0,0> }
	no_shadow
}
cylinder {
	<28.161125, 36.624630, 38.509739>,  <28.428411, 36.832008, 38.296310>, 0.100000
	pigment { color rgbt <1,0,0,0> }
	no_shadow
}

// particle -1
sphere {
	<28.161125, 36.624630, 38.509739> 0.100000
	pigment { color rgbt <1,0,0,0> }
	no_shadow
}
sphere {
	0, 1
	scale<0.080000,0.200000,0.300000>
	matrix <-0.169093, 0.804267, 0.569703,
		-0.724498, 0.290460, -0.625088,
		-0.668214, -0.518447, 0.533576,
		27.960661, 36.469097, 38.669811>
	pigment { color rgbt <0,1,1,0> }
	no_shadow
}
cylinder {
	<28.084822, 37.225014, 38.821907>,  <28.428411, 36.832008, 38.296310>, 0.130000
	pigment { color rgbt <1,0,0,0> }
	no_shadow
}

// nucleotide -1

// particle -1
sphere {
	<28.084822, 37.225014, 38.821907> 0.250000
	pigment { color rgbt <1,0,0,0> }
	no_shadow
}
cylinder {
	<27.961592, 37.326424, 38.455124>,  <27.887653, 37.387272, 38.235054>, 0.100000
	pigment { color rgbt <1,0,0,0> }
	no_shadow
}
cylinder {
	<27.961592, 37.326424, 38.455124>,  <28.084822, 37.225014, 38.821907>, 0.100000
	pigment { color rgbt <1,0,0,0> }
	no_shadow
}

// particle -1
sphere {
	<27.961592, 37.326424, 38.455124> 0.100000
	pigment { color rgbt <1,0,0,0> }
	no_shadow
}
sphere {
	0, 1
	scale<0.080000,0.200000,0.300000>
	matrix <-0.113030, -0.966765, -0.229325,
		-0.944624, 0.032995, 0.326493,
		-0.308075, 0.253529, -0.916958,
		27.869169, 37.402481, 38.180035>
	pigment { color rgbt <0,1,1,0> }
	no_shadow
}
cylinder {
	<27.272770, 36.924328, 38.660454>,  <28.084822, 37.225014, 38.821907>, 0.130000
	pigment { color rgbt <1,0,0,0> }
	no_shadow
}

// nucleotide -1

// particle -1
sphere {
	<27.272770, 36.924328, 38.660454> 0.250000
	pigment { color rgbt <1,0,0,0> }
	no_shadow
}
cylinder {
	<27.553112, 36.932499, 38.375252>,  <27.721317, 36.937401, 38.204128>, 0.100000
	pigment { color rgbt <1,0,0,0> }
	no_shadow
}
cylinder {
	<27.553112, 36.932499, 38.375252>,  <27.272770, 36.924328, 38.660454>, 0.100000
	pigment { color rgbt <1,0,0,0> }
	no_shadow
}

// particle -1
sphere {
	<27.553112, 36.932499, 38.375252> 0.100000
	pigment { color rgbt <1,0,0,0> }
	no_shadow
}
sphere {
	0, 1
	scale<0.080000,0.200000,0.300000>
	matrix <-0.146873, -0.974037, -0.172282,
		-0.698017, 0.225467, -0.679659,
		0.700856, 0.020432, -0.713010,
		27.763369, 36.938629, 38.161350>
	pigment { color rgbt <0,1,1,0> }
	no_shadow
}
cylinder {
	<27.041691, 36.556602, 38.032265>,  <27.272770, 36.924328, 38.660454>, 0.130000
	pigment { color rgbt <1,0,0,0> }
	no_shadow
}

// nucleotide -1

// particle -1
sphere {
	<27.041691, 36.556602, 38.032265> 0.250000
	pigment { color rgbt <1,0,0,0> }
	no_shadow
}
cylinder {
	<27.439417, 36.551411, 37.989998>,  <27.678053, 36.548294, 37.964638>, 0.100000
	pigment { color rgbt <1,0,0,0> }
	no_shadow
}
cylinder {
	<27.439417, 36.551411, 37.989998>,  <27.041691, 36.556602, 38.032265>, 0.100000
	pigment { color rgbt <1,0,0,0> }
	no_shadow
}

// particle -1
sphere {
	<27.439417, 36.551411, 37.989998> 0.100000
	pigment { color rgbt <1,0,0,0> }
	no_shadow
}
sphere {
	0, 1
	scale<0.080000,0.200000,0.300000>
	matrix <-0.049987, -0.933256, -0.355716,
		-0.093992, 0.358977, -0.928602,
		0.994317, -0.012984, -0.105663,
		27.737713, 36.547516, 37.958298>
	pigment { color rgbt <0,1,1,0> }
	no_shadow
}
cylinder {
	<27.321898, 36.515202, 37.249451>,  <27.041691, 36.556602, 38.032265>, 0.130000
	pigment { color rgbt <1,0,0,0> }
	no_shadow
}

// nucleotide -1

// particle -1
sphere {
	<27.321898, 36.515202, 37.249451> 0.250000
	pigment { color rgbt <1,0,0,0> }
	no_shadow
}
cylinder {
	<27.552734, 36.332554, 37.520290>,  <27.691236, 36.222965, 37.682793>, 0.100000
	pigment { color rgbt <1,0,0,0> }
	no_shadow
}
cylinder {
	<27.552734, 36.332554, 37.520290>,  <27.321898, 36.515202, 37.249451>, 0.100000
	pigment { color rgbt <1,0,0,0> }
	no_shadow
}

// particle -1
sphere {
	<27.552734, 36.332554, 37.520290> 0.100000
	pigment { color rgbt <1,0,0,0> }
	no_shadow
}
sphere {
	0, 1
	scale<0.080000,0.200000,0.300000>
	matrix <-0.027250, -0.839394, -0.542840,
		0.816225, 0.294817, -0.496849,
		0.577091, -0.456619, 0.677101,
		27.725863, 36.195568, 37.723419>
	pigment { color rgbt <0,1,1,0> }
	no_shadow
}
cylinder {
	<27.921780, 36.515987, 36.966717>,  <27.321898, 36.515202, 37.249451>, 0.130000
	pigment { color rgbt <1,0,0,0> }
	no_shadow
}

// nucleotide -1

// particle -1
sphere {
	<27.921780, 36.515987, 36.966717> 0.250000
	pigment { color rgbt <1,0,0,0> }
	no_shadow
}
cylinder {
	<27.897202, 36.199139, 37.209621>,  <27.882456, 36.009029, 37.355366>, 0.100000
	pigment { color rgbt <1,0,0,0> }
	no_shadow
}
cylinder {
	<27.897202, 36.199139, 37.209621>,  <27.921780, 36.515987, 36.966717>, 0.100000
	pigment { color rgbt <1,0,0,0> }
	no_shadow
}

// particle -1
sphere {
	<27.897202, 36.199139, 37.209621> 0.100000
	pigment { color rgbt <1,0,0,0> }
	no_shadow
}
sphere {
	0, 1
	scale<0.080000,0.200000,0.300000>
	matrix <0.133990, -0.609449, -0.781421,
		0.989076, 0.033353, 0.143584,
		-0.061444, -0.792123, 0.607261,
		27.878769, 35.961502, 37.391800>
	pigment { color rgbt <0,1,1,0> }
	no_shadow
}
cylinder {
	<28.618862, 36.091450, 36.923416>,  <27.921780, 36.515987, 36.966717>, 0.130000
	pigment { color rgbt <1,0,0,0> }
	no_shadow
}

// nucleotide -1

// particle -1
sphere {
	<28.618862, 36.091450, 36.923416> 0.250000
	pigment { color rgbt <1,0,0,0> }
	no_shadow
}
cylinder {
	<28.352272, 35.831177, 37.068977>,  <28.192318, 35.675014, 37.156315>, 0.100000
	pigment { color rgbt <1,0,0,0> }
	no_shadow
}
cylinder {
	<28.352272, 35.831177, 37.068977>,  <28.618862, 36.091450, 36.923416>, 0.100000
	pigment { color rgbt <1,0,0,0> }
	no_shadow
}

// particle -1
sphere {
	<28.352272, 35.831177, 37.068977> 0.100000
	pigment { color rgbt <1,0,0,0> }
	no_shadow
}
sphere {
	0, 1
	scale<0.080000,0.200000,0.300000>
	matrix <0.239176, -0.648928, -0.722280,
		0.706118, -0.394346, 0.588122,
		-0.666477, -0.650680, 0.363901,
		28.152328, 35.635971, 37.178146>
	pigment { color rgbt <0,1,1,0> }
	no_shadow
}
cylinder {
	<28.930477, 35.381824, 37.102333>,  <28.618862, 36.091450, 36.923416>, 0.130000
	pigment { color rgbt <1,0,0,0> }
	no_shadow
}

// nucleotide -1

// particle -1
sphere {
	<28.930477, 35.381824, 37.102333> 0.250000
	pigment { color rgbt <1,0,0,0> }
	no_shadow
}
cylinder {
	<28.537460, 35.335251, 37.044289>,  <28.301651, 35.307308, 37.009460>, 0.100000
	pigment { color rgbt <1,0,0,0> }
	no_shadow
}
cylinder {
	<28.537460, 35.335251, 37.044289>,  <28.930477, 35.381824, 37.102333>, 0.100000
	pigment { color rgbt <1,0,0,0> }
	no_shadow
}

// particle -1
sphere {
	<28.537460, 35.335251, 37.044289> 0.100000
	pigment { color rgbt <1,0,0,0> }
	no_shadow
}
sphere {
	0, 1
	scale<0.080000,0.200000,0.300000>
	matrix <0.178211, -0.812970, -0.554364,
		-0.053428, -0.570546, 0.819526,
		-0.982541, -0.116430, -0.145113,
		28.242699, 35.300323, 37.000755>
	pigment { color rgbt <0,1,1,0> }
	no_shadow
}
cylinder {
	<28.727669, 34.671642, 37.285141>,  <28.930477, 35.381824, 37.102333>, 0.130000
	pigment { color rgbt <1,0,0,0> }
	no_shadow
}

// nucleotide -1

// particle -1
sphere {
	<28.727669, 34.671642, 37.285141> 0.250000
	pigment { color rgbt <1,0,0,0> }
	no_shadow
}
cylinder {
	<28.480455, 34.810558, 37.003029>,  <28.332127, 34.893909, 36.833759>, 0.100000
	pigment { color rgbt <1,0,0,0> }
	no_shadow
}
cylinder {
	<28.480455, 34.810558, 37.003029>,  <28.727669, 34.671642, 37.285141>, 0.100000
	pigment { color rgbt <1,0,0,0> }
	no_shadow
}

// particle -1
sphere {
	<28.480455, 34.810558, 37.003029> 0.100000
	pigment { color rgbt <1,0,0,0> }
	no_shadow
}
sphere {
	0, 1
	scale<0.080000,0.200000,0.300000>
	matrix <0.221416, -0.783922, -0.580036,
		-0.754327, -0.514643, 0.407594,
		-0.618033, 0.347289, -0.705284,
		28.295046, 34.914745, 36.791443>
	pigment { color rgbt <0,1,1,0> }
	no_shadow
}
cylinder {
	<28.266073, 34.120567, 37.082363>,  <28.727669, 34.671642, 37.285141>, 0.130000
	pigment { color rgbt <1,0,0,0> }
	no_shadow
}

// nucleotide -1

// particle -1
sphere {
	<28.266073, 34.120567, 37.082363> 0.250000
	pigment { color rgbt <1,0,0,0> }
	no_shadow
}
cylinder {
	<28.326540, 34.364120, 36.770874>,  <28.362820, 34.510250, 36.583981>, 0.100000
	pigment { color rgbt <1,0,0,0> }
	no_shadow
}
cylinder {
	<28.326540, 34.364120, 36.770874>,  <28.266073, 34.120567, 37.082363>, 0.100000
	pigment { color rgbt <1,0,0,0> }
	no_shadow
}

// particle -1
sphere {
	<28.326540, 34.364120, 36.770874> 0.100000
	pigment { color rgbt <1,0,0,0> }
	no_shadow
}
sphere {
	0, 1
	scale<0.080000,0.200000,0.300000>
	matrix <0.347246, -0.770281, -0.534872,
		-0.925511, -0.189555, -0.327871,
		0.151165, 0.608881, -0.778725,
		28.371889, 34.546783, 36.537258>
	pigment { color rgbt <0,1,1,0> }
	no_shadow
}
cylinder {
	<27.915020, 33.825241, 36.545628>,  <28.266073, 34.120567, 37.082363>, 0.130000
	pigment { color rgbt <1,0,0,0> }
	no_shadow
}

// nucleotide -1

// particle -1
sphere {
	<27.915020, 33.825241, 36.545628> 0.250000
	pigment { color rgbt <1,0,0,0> }
	no_shadow
}
cylinder {
	<28.206825, 34.042583, 36.379459>,  <28.381908, 34.172989, 36.279758>, 0.100000
	pigment { color rgbt <1,0,0,0> }
	no_shadow
}
cylinder {
	<28.206825, 34.042583, 36.379459>,  <27.915020, 33.825241, 36.545628>, 0.100000
	pigment { color rgbt <1,0,0,0> }
	no_shadow
}

// particle -1
sphere {
	<28.206825, 34.042583, 36.379459> 0.100000
	pigment { color rgbt <1,0,0,0> }
	no_shadow
}
sphere {
	0, 1
	scale<0.080000,0.200000,0.300000>
	matrix <0.287057, -0.794520, -0.535104,
		-0.620813, 0.271116, -0.735587,
		0.729514, 0.543354, -0.415423,
		28.425680, 34.205589, 36.254833>
	pigment { color rgbt <0,1,1,0> }
	no_shadow
}
cylinder {
	<28.085245, 33.424152, 36.027054>,  <27.915020, 33.825241, 36.545628>, 0.130000
	pigment { color rgbt <1,0,0,0> }
	no_shadow
}

// nucleotide -1

// particle -1
sphere {
	<28.085245, 33.424152, 36.027054> 0.250000
	pigment { color rgbt <1,0,0,0> }
	no_shadow
}
cylinder {
	<28.407106, 33.661568, 36.020782>,  <28.600224, 33.804016, 36.017021>, 0.100000
	pigment { color rgbt <1,0,0,0> }
	no_shadow
}
cylinder {
	<28.407106, 33.661568, 36.020782>,  <28.085245, 33.424152, 36.027054>, 0.100000
	pigment { color rgbt <1,0,0,0> }
	no_shadow
}

// particle -1
sphere {
	<28.407106, 33.661568, 36.020782> 0.100000
	pigment { color rgbt <1,0,0,0> }
	no_shadow
}
sphere {
	0, 1
	scale<0.080000,0.200000,0.300000>
	matrix <0.486734, -0.674519, -0.555081,
		-0.340034, 0.439018, -0.831649,
		0.804653, 0.593538, -0.015675,
		28.648502, 33.839630, 36.016079>
	pigment { color rgbt <0,1,1,0> }
	no_shadow
}
cylinder {
	<28.302980, 33.679623, 35.320881>,  <28.085245, 33.424152, 36.027054>, 0.130000
	pigment { color rgbt <1,0,0,0> }
	no_shadow
}

// nucleotide -1

// particle -1
sphere {
	<28.302980, 33.679623, 35.320881> 0.250000
	pigment { color rgbt <1,0,0,0> }
	no_shadow
}
cylinder {
	<28.605780, 33.650963, 35.580673>,  <28.787458, 33.633766, 35.736549>, 0.100000
	pigment { color rgbt <1,0,0,0> }
	no_shadow
}
cylinder {
	<28.605780, 33.650963, 35.580673>,  <28.302980, 33.679623, 35.320881>, 0.100000
	pigment { color rgbt <1,0,0,0> }
	no_shadow
}

// particle -1
sphere {
	<28.605780, 33.650963, 35.580673> 0.100000
	pigment { color rgbt <1,0,0,0> }
	no_shadow
}
sphere {
	0, 1
	scale<0.080000,0.200000,0.300000>
	matrix <0.401117, -0.733687, -0.548460,
		0.515808, 0.675700, -0.526661,
		0.756999, -0.071647, 0.649476,
		28.832880, 33.629467, 35.775517>
	pigment { color rgbt <0,1,1,0> }
	no_shadow
}
cylinder {
	<28.967953, 33.586235, 34.983978>,  <28.302980, 33.679623, 35.320881>, 0.130000
	pigment { color rgbt <1,0,0,0> }
	no_shadow
}

// nucleotide -1

// particle -1
sphere {
	<28.967953, 33.586235, 34.983978> 0.250000
	pigment { color rgbt <1,0,0,0> }
	no_shadow
}
cylinder {
	<29.007833, 33.422321, 35.346664>,  <29.031761, 33.323975, 35.564278>, 0.100000
	pigment { color rgbt <1,0,0,0> }
	no_shadow
}
cylinder {
	<29.007833, 33.422321, 35.346664>,  <28.967953, 33.586235, 34.983978>, 0.100000
	pigment { color rgbt <1,0,0,0> }
	no_shadow
}

// particle -1
sphere {
	<29.007833, 33.422321, 35.346664> 0.100000
	pigment { color rgbt <1,0,0,0> }
	no_shadow
}
sphere {
	0, 1
	scale<0.080000,0.200000,0.300000>
	matrix <0.351356, -0.838057, -0.417384,
		0.930918, 0.360195, 0.060424,
		0.099701, -0.409781, 0.906719,
		29.037745, 33.299385, 35.618679>
	pigment { color rgbt <0,1,1,0> }
	no_shadow
}
cylinder {
	<29.622557, 33.417038, 34.971130>,  <28.967953, 33.586235, 34.983978>, 0.130000
	pigment { color rgbt <1,0,0,0> }
	no_shadow
}

// nucleotide -1

// particle -1
sphere {
	<29.622557, 33.417038, 34.971130> 0.250000
	pigment { color rgbt <1,0,0,0> }
	no_shadow
}
cylinder {
	<29.422285, 33.182571, 35.225918>,  <29.302122, 33.041889, 35.378788>, 0.100000
	pigment { color rgbt <1,0,0,0> }
	no_shadow
}
cylinder {
	<29.422285, 33.182571, 35.225918>,  <29.622557, 33.417038, 34.971130>, 0.100000
	pigment { color rgbt <1,0,0,0> }
	no_shadow
}

// particle -1
sphere {
	<29.422285, 33.182571, 35.225918> 0.100000
	pigment { color rgbt <1,0,0,0> }
	no_shadow
}
sphere {
	0, 1
	scale<0.080000,0.200000,0.300000>
	matrix <0.384767, -0.809850, -0.442828,
		0.775420, 0.023369, 0.631014,
		-0.500678, -0.586171, 0.636966,
		29.272081, 33.006721, 35.417007>
	pigment { color rgbt <0,1,1,0> }
	no_shadow
}
cylinder {
	<30.074881, 33.104950, 35.503826>,  <29.622557, 33.417038, 34.971130>, 0.130000
	pigment { color rgbt <1,0,0,0> }
	no_shadow
}

// nucleotide -1

// particle -1
sphere {
	<30.074881, 33.104950, 35.503826> 0.250000
	pigment { color rgbt <1,0,0,0> }
	no_shadow
}
cylinder {
	<29.748451, 32.888351, 35.423027>,  <29.552593, 32.758392, 35.374550>, 0.100000
	pigment { color rgbt <1,0,0,0> }
	no_shadow
}
cylinder {
	<29.748451, 32.888351, 35.423027>,  <30.074881, 33.104950, 35.503826>, 0.100000
	pigment { color rgbt <1,0,0,0> }
	no_shadow
}

// particle -1
sphere {
	<29.748451, 32.888351, 35.423027> 0.100000
	pigment { color rgbt <1,0,0,0> }
	no_shadow
}
sphere {
	0, 1
	scale<0.080000,0.200000,0.300000>
	matrix <0.577721, -0.774116, -0.258811,
		-0.016220, -0.327904, 0.944572,
		-0.816073, -0.541501, -0.201993,
		29.503630, 32.725903, 35.362431>
	pigment { color rgbt <0,1,1,0> }
	no_shadow
}
cylinder {
	<30.271048, 32.347290, 35.709396>,  <30.074881, 33.104950, 35.503826>, 0.130000
	pigment { color rgbt <1,0,0,0> }
	no_shadow
}

// nucleotide -1

// particle -1
sphere {
	<30.271048, 32.347290, 35.709396> 0.250000
	pigment { color rgbt <1,0,0,0> }
	no_shadow
}
cylinder {
	<29.967995, 32.333241, 35.448704>,  <29.786163, 32.324810, 35.292286>, 0.100000
	pigment { color rgbt <1,0,0,0> }
	no_shadow
}
cylinder {
	<29.967995, 32.333241, 35.448704>,  <30.271048, 32.347290, 35.709396>, 0.100000
	pigment { color rgbt <1,0,0,0> }
	no_shadow
}

// particle -1
sphere {
	<29.967995, 32.333241, 35.448704> 0.100000
	pigment { color rgbt <1,0,0,0> }
	no_shadow
}
sphere {
	0, 1
	scale<0.080000,0.200000,0.300000>
	matrix <0.481186, -0.704701, -0.521399,
		-0.440965, -0.708635, 0.550806,
		-0.757635, -0.035121, -0.651734,
		29.740704, 32.322704, 35.253185>
	pigment { color rgbt <0,1,1,0> }
	no_shadow
}
cylinder {
	<29.915255, 31.690708, 35.636822>,  <30.271048, 32.347290, 35.709396>, 0.130000
	pigment { color rgbt <1,0,0,0> }
	no_shadow
}

// nucleotide -1

// particle -1
sphere {
	<29.915255, 31.690708, 35.636822> 0.250000
	pigment { color rgbt <1,0,0,0> }
	no_shadow
}
cylinder {
	<29.886108, 31.892788, 35.292854>,  <29.868620, 32.014034, 35.086472>, 0.100000
	pigment { color rgbt <1,0,0,0> }
	no_shadow
}
cylinder {
	<29.886108, 31.892788, 35.292854>,  <29.915255, 31.690708, 35.636822>, 0.100000
	pigment { color rgbt <1,0,0,0> }
	no_shadow
}

// particle -1
sphere {
	<29.886108, 31.892788, 35.292854> 0.100000
	pigment { color rgbt <1,0,0,0> }
	no_shadow
}
sphere {
	0, 1
	scale<0.080000,0.200000,0.300000>
	matrix <0.514066, -0.719829, -0.466457,
		-0.854650, -0.476045, -0.207254,
		-0.072867, 0.505200, -0.859921,
		29.864248, 32.044350, 35.034878>
	pigment { color rgbt <0,1,1,0> }
	no_shadow
}
cylinder {
	<29.854687, 31.184538, 35.054962>,  <29.915255, 31.690708, 35.636822>, 0.130000
	pigment { color rgbt <1,0,0,0> }
	no_shadow
}

// nucleotide -1

// particle -1
sphere {
	<29.854687, 31.184538, 35.054962> 0.250000
	pigment { color rgbt <1,0,0,0> }
	no_shadow
}
cylinder {
	<30.023537, 31.517586, 34.911541>,  <30.124846, 31.717415, 34.825489>, 0.100000
	pigment { color rgbt <1,0,0,0> }
	no_shadow
}
cylinder {
	<30.023537, 31.517586, 34.911541>,  <29.854687, 31.184538, 35.054962>, 0.100000
	pigment { color rgbt <1,0,0,0> }
	no_shadow
}

// particle -1
sphere {
	<30.023537, 31.517586, 34.911541> 0.100000
	pigment { color rgbt <1,0,0,0> }
	no_shadow
}
sphere {
	0, 1
	scale<0.080000,0.200000,0.300000>
	matrix <0.684961, -0.552026, -0.475495,
		-0.593835, -0.044876, -0.803334,
		0.422123, 0.832618, -0.358551,
		30.150173, 31.767372, 34.803974>
	pigment { color rgbt <0,1,1,0> }
	no_shadow
}
cylinder {
	<30.008251, 31.136583, 34.260468>,  <29.854687, 31.184538, 35.054962>, 0.130000
	pigment { color rgbt <1,0,0,0> }
	no_shadow
}

// nucleotide -1

// particle -1
sphere {
	<30.008251, 31.136583, 34.260468> 0.250000
	pigment { color rgbt <1,0,0,0> }
	no_shadow
}
cylinder {
	<30.234709, 31.429230, 34.412373>,  <30.370584, 31.604816, 34.503517>, 0.100000
	pigment { color rgbt <1,0,0,0> }
	no_shadow
}
cylinder {
	<30.234709, 31.429230, 34.412373>,  <30.008251, 31.136583, 34.260468>, 0.100000
	pigment { color rgbt <1,0,0,0> }
	no_shadow
}

// particle -1
sphere {
	<30.234709, 31.429230, 34.412373> 0.100000
	pigment { color rgbt <1,0,0,0> }
	no_shadow
}
sphere {
	0, 1
	scale<0.080000,0.200000,0.300000>
	matrix <0.814012, -0.423629, -0.397395,
		-0.129861, 0.534115, -0.835378,
		0.566145, 0.731614, 0.379763,
		30.404552, 31.648714, 34.526302>
	pigment { color rgbt <0,1,1,0> }
	no_shadow
}
cylinder {
	<30.307484, 31.551195, 33.763897>,  <30.008251, 31.136583, 34.260468>, 0.130000
	pigment { color rgbt <1,0,0,0> }
	no_shadow
}

// nucleotide -1

// particle -1
sphere {
	<30.307484, 31.551195, 33.763897> 0.250000
	pigment { color rgbt <1,0,0,0> }
	no_shadow
}
cylinder {
	<30.562860, 31.595942, 34.068497>,  <30.716087, 31.622789, 34.251255>, 0.100000
	pigment { color rgbt <1,0,0,0> }
	no_shadow
}
cylinder {
	<30.562860, 31.595942, 34.068497>,  <30.307484, 31.551195, 33.763897>, 0.100000
	pigment { color rgbt <1,0,0,0> }
	no_shadow
}

// particle -1
sphere {
	<30.562860, 31.595942, 34.068497> 0.100000
	pigment { color rgbt <1,0,0,0> }
	no_shadow
}
sphere {
	0, 1
	scale<0.080000,0.200000,0.300000>
	matrix <0.766925, -0.175952, -0.617144,
		0.064949, 0.978022, -0.198128,
		0.638441, 0.111866, 0.761498,
		30.754393, 31.629501, 34.296947>
	pigment { color rgbt <0,1,1,0> }
	no_shadow
}
cylinder {
	<30.875864, 31.800249, 33.472210>,  <30.307484, 31.551195, 33.763897>, 0.130000
	pigment { color rgbt <1,0,0,0> }
	no_shadow
}

// nucleotide -1

// particle -1
sphere {
	<30.875864, 31.800249, 33.472210> 0.250000
	pigment { color rgbt <1,0,0,0> }
	no_shadow
}
cylinder {
	<31.017757, 31.685001, 33.827999>,  <31.102894, 31.615852, 34.041473>, 0.100000
	pigment { color rgbt <1,0,0,0> }
	no_shadow
}
cylinder {
	<31.017757, 31.685001, 33.827999>,  <30.875864, 31.800249, 33.472210>, 0.100000
	pigment { color rgbt <1,0,0,0> }
	no_shadow
}

// particle -1
sphere {
	<31.017757, 31.685001, 33.827999> 0.100000
	pigment { color rgbt <1,0,0,0> }
	no_shadow
}
sphere {
	0, 1
	scale<0.080000,0.200000,0.300000>
	matrix <0.868178, -0.251605, -0.427741,
		0.347035, 0.923950, 0.160885,
		0.354731, -0.288118, 0.889468,
		31.124176, 31.598566, 34.094841>
	pigment { color rgbt <0,1,1,0> }
	no_shadow
}
cylinder {
	<31.622135, 32.048309, 33.547062>,  <30.875864, 31.800249, 33.472210>, 0.130000
	pigment { color rgbt <1,0,0,0> }
	no_shadow
}

// nucleotide -1

// particle -1
sphere {
	<31.622135, 32.048309, 33.547062> 0.250000
	pigment { color rgbt <1,0,0,0> }
	no_shadow
}
cylinder {
	<31.544598, 31.721304, 33.763985>,  <31.498075, 31.525101, 33.894138>, 0.100000
	pigment { color rgbt <1,0,0,0> }
	no_shadow
}
cylinder {
	<31.544598, 31.721304, 33.763985>,  <31.622135, 32.048309, 33.547062>, 0.100000
	pigment { color rgbt <1,0,0,0> }
	no_shadow
}

// particle -1
sphere {
	<31.544598, 31.721304, 33.763985> 0.100000
	pigment { color rgbt <1,0,0,0> }
	no_shadow
}
sphere {
	0, 1
	scale<0.080000,0.200000,0.300000>
	matrix <0.757515, -0.475988, -0.446773,
		0.623374, 0.324199, 0.711548,
		-0.193845, -0.817515, 0.542304,
		31.486444, 31.476049, 33.926678>
	pigment { color rgbt <0,1,1,0> }
	no_shadow
}
cylinder {
	<32.247360, 31.733797, 33.688095>,  <31.622135, 32.048309, 33.547062>, 0.130000
	pigment { color rgbt <1,0,0,0> }
	no_shadow
}

// nucleotide -1

// particle -1
sphere {
	<32.247360, 31.733797, 33.688095> 0.250000
	pigment { color rgbt <1,0,0,0> }
	no_shadow
}
cylinder {
	<31.958725, 31.461571, 33.738914>,  <31.785543, 31.298235, 33.769405>, 0.100000
	pigment { color rgbt <1,0,0,0> }
	no_shadow
}
cylinder {
	<31.958725, 31.461571, 33.738914>,  <32.247360, 31.733797, 33.688095>, 0.100000
	pigment { color rgbt <1,0,0,0> }
	no_shadow
}

// particle -1
sphere {
	<31.958725, 31.461571, 33.738914> 0.100000
	pigment { color rgbt <1,0,0,0> }
	no_shadow
}
sphere {
	0, 1
	scale<0.080000,0.200000,0.300000>
	matrix <0.569859, -0.688073, -0.449240,
		0.393158, -0.251765, 0.884331,
		-0.721587, -0.680566, 0.127051,
		31.742249, 31.257401, 33.777031>
	pigment { color rgbt <0,1,1,0> }
	no_shadow
}
cylinder {
	<32.486191, 31.186481, 34.165283>,  <32.247360, 31.733797, 33.688095>, 0.130000
	pigment { color rgbt <1,0,0,0> }
	no_shadow
}

// nucleotide -1

// particle -1
sphere {
	<32.486191, 31.186481, 34.165283> 0.250000
	pigment { color rgbt <1,0,0,0> }
	no_shadow
}
cylinder {
	<32.205799, 31.066099, 33.906654>,  <32.037563, 30.993870, 33.751476>, 0.100000
	pigment { color rgbt <1,0,0,0> }
	no_shadow
}
cylinder {
	<32.205799, 31.066099, 33.906654>,  <32.486191, 31.186481, 34.165283>, 0.100000
	pigment { color rgbt <1,0,0,0> }
	no_shadow
}

// particle -1
sphere {
	<32.205799, 31.066099, 33.906654> 0.100000
	pigment { color rgbt <1,0,0,0> }
	no_shadow
}
sphere {
	0, 1
	scale<0.080000,0.200000,0.300000>
	matrix <0.539435, -0.816782, -0.204639,
		-0.466521, -0.492231, 0.734892,
		-0.700976, -0.300958, -0.646573,
		31.995506, 30.975811, 33.712681>
	pigment { color rgbt <0,1,1,0> }
	no_shadow
}
cylinder {
	<32.326893, 30.507004, 34.355946>,  <32.486191, 31.186481, 34.165283>, 0.130000
	pigment { color rgbt <1,0,0,0> }
	no_shadow
}

// nucleotide -1

// particle -1
sphere {
	<32.326893, 30.507004, 34.355946> 0.250000
	pigment { color rgbt <1,0,0,0> }
	no_shadow
}
cylinder {
	<32.257397, 30.575089, 33.967957>,  <32.215698, 30.615940, 33.735165>, 0.100000
	pigment { color rgbt <1,0,0,0> }
	no_shadow
}
cylinder {
	<32.257397, 30.575089, 33.967957>,  <32.326893, 30.507004, 34.355946>, 0.100000
	pigment { color rgbt <1,0,0,0> }
	no_shadow
}

// particle -1
sphere {
	<32.257397, 30.575089, 33.967957> 0.100000
	pigment { color rgbt <1,0,0,0> }
	no_shadow
}
sphere {
	0, 1
	scale<0.080000,0.200000,0.300000>
	matrix <0.523790, -0.818103, -0.237385,
		-0.833941, -0.549304, 0.052982,
		-0.173742, 0.170214, -0.969970,
		32.205273, 30.626152, 33.676964>
	pigment { color rgbt <0,1,1,0> }
	no_shadow
}
cylinder {
	<31.593708, 30.564209, 34.668388>,  <32.326893, 30.507004, 34.355946>, 0.130000
	pigment { color rgbt <1,0,0,0> }
	no_shadow
}

// nucleotide -1

// particle -1
sphere {
	<31.593708, 30.564209, 34.668388> 0.250000
	pigment { color rgbt <1,0,0,0> }
	no_shadow
}
cylinder {
	<31.580357, 30.922092, 34.490227>,  <31.572346, 31.136822, 34.383331>, 0.100000
	pigment { color rgbt <1,0,0,0> }
	no_shadow
}
cylinder {
	<31.580357, 30.922092, 34.490227>,  <31.593708, 30.564209, 34.668388>, 0.100000
	pigment { color rgbt <1,0,0,0> }
	no_shadow
}

// particle -1
sphere {
	<31.580357, 30.922092, 34.490227> 0.100000
	pigment { color rgbt <1,0,0,0> }
	no_shadow
}
sphere {
	0, 1
	scale<0.080000,0.200000,0.300000>
	matrix <-0.642793, 0.322036, 0.695061,
		0.765312, 0.309500, 0.564364,
		-0.033377, 0.894708, -0.445402,
		31.570343, 31.190504, 34.356606>
	pigment { color rgbt <0,1,1,0> }
	no_shadow
}
cylinder {
	<31.568232, 31.203173, 35.199936>,  <31.593708, 30.564209, 34.668388>, 0.130000
	pigment { color rgbt <1,0,0,0> }
	no_shadow
}

// nucleotide -1

// particle -1
sphere {
	<31.568232, 31.203173, 35.199936> 0.250000
	pigment { color rgbt <1,0,0,0> }
	no_shadow
}
cylinder {
	<31.430986, 31.345692, 34.852299>,  <31.348639, 31.431204, 34.643715>, 0.100000
	pigment { color rgbt <1,0,0,0> }
	no_shadow
}
cylinder {
	<31.430986, 31.345692, 34.852299>,  <31.568232, 31.203173, 35.199936>, 0.100000
	pigment { color rgbt <1,0,0,0> }
	no_shadow
}

// particle -1
sphere {
	<31.430986, 31.345692, 34.852299> 0.100000
	pigment { color rgbt <1,0,0,0> }
	no_shadow
}
sphere {
	0, 1
	scale<0.080000,0.200000,0.300000>
	matrix <-0.726203, 0.486213, 0.486031,
		0.595736, 0.797903, 0.091918,
		-0.343115, 0.356297, -0.869094,
		31.328053, 31.452581, 34.591572>
	pigment { color rgbt <0,1,1,0> }
	no_shadow
}
cylinder {
	<31.574636, 31.929178, 35.195309>,  <31.568232, 31.203173, 35.199936>, 0.130000
	pigment { color rgbt <1,0,0,0> }
	no_shadow
}

// nucleotide -1

// particle -1
sphere {
	<31.574636, 31.929178, 35.195309> 0.250000
	pigment { color rgbt <1,0,0,0> }
	no_shadow
}
cylinder {
	<31.302273, 31.829863, 34.919712>,  <31.138855, 31.770273, 34.754353>, 0.100000
	pigment { color rgbt <1,0,0,0> }
	no_shadow
}
cylinder {
	<31.302273, 31.829863, 34.919712>,  <31.574636, 31.929178, 35.195309>, 0.100000
	pigment { color rgbt <1,0,0,0> }
	no_shadow
}

// particle -1
sphere {
	<31.302273, 31.829863, 34.919712> 0.100000
	pigment { color rgbt <1,0,0,0> }
	no_shadow
}
sphere {
	0, 1
	scale<0.080000,0.200000,0.300000>
	matrix <-0.608378, 0.715511, 0.343396,
		0.407724, 0.652991, -0.638251,
		-0.680910, -0.248287, -0.688996,
		31.098000, 31.755377, 34.713013>
	pigment { color rgbt <0,1,1,0> }
	no_shadow
}
cylinder {
	<31.236734, 32.530365, 34.945408>,  <31.574636, 31.929178, 35.195309>, 0.130000
	pigment { color rgbt <1,0,0,0> }
	no_shadow
}

// nucleotide -1

// particle -1
sphere {
	<31.236734, 32.530365, 34.945408> 0.250000
	pigment { color rgbt <1,0,0,0> }
	no_shadow
}
cylinder {
	<30.980368, 32.249035, 34.822411>,  <30.826548, 32.080235, 34.748611>, 0.100000
	pigment { color rgbt <1,0,0,0> }
	no_shadow
}
cylinder {
	<30.980368, 32.249035, 34.822411>,  <31.236734, 32.530365, 34.945408>, 0.100000
	pigment { color rgbt <1,0,0,0> }
	no_shadow
}

// particle -1
sphere {
	<30.980368, 32.249035, 34.822411> 0.100000
	pigment { color rgbt <1,0,0,0> }
	no_shadow
}
sphere {
	0, 1
	scale<0.080000,0.200000,0.300000>
	matrix <-0.763159, 0.626912, 0.156746,
		0.082528, 0.335129, -0.938551,
		-0.640919, -0.703328, -0.307494,
		30.788092, 32.038036, 34.730164>
	pigment { color rgbt <0,1,1,0> }
	no_shadow
}
cylinder {
	<30.762808, 32.714600, 34.316605>,  <31.236734, 32.530365, 34.945408>, 0.130000
	pigment { color rgbt <1,0,0,0> }
	no_shadow
}

// nucleotide -1

// particle -1
sphere {
	<30.762808, 32.714600, 34.316605> 0.250000
	pigment { color rgbt <1,0,0,0> }
	no_shadow
}
cylinder {
	<30.605883, 32.452797, 34.575127>,  <30.511726, 32.295715, 34.730240>, 0.100000
	pigment { color rgbt <1,0,0,0> }
	no_shadow
}
cylinder {
	<30.605883, 32.452797, 34.575127>,  <30.762808, 32.714600, 34.316605>, 0.100000
	pigment { color rgbt <1,0,0,0> }
	no_shadow
}

// particle -1
sphere {
	<30.605883, 32.452797, 34.575127> 0.100000
	pigment { color rgbt <1,0,0,0> }
	no_shadow
}
sphere {
	0, 1
	scale<0.080000,0.200000,0.300000>
