// switches for output
#declare DRAW_BASES = 1; // possible values are 0, 1; only relevant for DNA ribbons
#declare DRAW_BASES_TYPE = 3; // possible values are 1, 2, 3; only relevant for DNA ribbons
#declare DRAW_FOG = 0; // set to 1 to enable fog

#include "colors.inc"

#include "transforms.inc"
background { rgb <1, 1, 1>}

#default {
   normal{
       ripples 0.25
       frequency 0.20
       turbulence 0.2
       lambda 5
   }
	finish {
		phong 0.1
		phong_size 40.
	}
}

// original window dimensions: 1024x640


// camera settings

camera {
	sky <0, 0.179814, -0.983701>
	up <0, 0.179814, -0.983701>
	right 1.6 * <1, 0, 0>
	location <35, 94.9851, 44.8844>
	look_at <35, 29.7336, 32.9568>
	direction <0, -65.2515, -11.9276>
	angle 67.0682
}


# declare cpy_camera_pos = <35, 94.9851, 44.8844>;
# if (DRAW_FOG = 1)
fog {
	fog_type 2
	up vnormalize(cpy_camera_pos)
	color rgbt<1,1,1,0.3>
	distance 1e-5
	fog_alt 3e-3
	fog_offset 56
}
# end


// LIGHTS

# declare lum = 6;
global_settings {
	ambient_light rgb lum * <0.05, 0.05, 0.05>
	max_trace_level 15
}# declare cpy_direct_light_amount = 0.25;
light_source
{	1000 * <-1, -1.16352, -0.803886>,
	rgb lum * cpy_direct_light_amount
	parallel
}

light_source
{	1000 * <1, 1.16352, 0.803886>,
	rgb lum * cpy_direct_light_amount
	parallel
}

// strand 0

// nucleotide -1

// particle -1
sphere {
	<24.309017, 35.420033, 35.430092> 0.250000
	pigment { color rgbt <1,0,0,0> }
	no_shadow
}
cylinder {
	<24.386431, 35.200214, 35.104996>,  <24.432878, 35.068325, 34.909939>, 0.100000
	pigment { color rgbt <1,0,0,0> }
	no_shadow
}
cylinder {
	<24.386431, 35.200214, 35.104996>,  <24.309017, 35.420033, 35.430092>, 0.100000
	pigment { color rgbt <1,0,0,0> }
	no_shadow
}

// particle -1
sphere {
	<24.386431, 35.200214, 35.104996> 0.100000
	pigment { color rgbt <1,0,0,0> }
	no_shadow
}
sphere {
	0, 1
	scale<0.080000,0.200000,0.300000>
	matrix <0.693050, 0.662928, -0.283212,
		0.694425, -0.508457, 0.509162,
		0.193536, -0.549544, -0.812739,
		24.444492, 35.035351, 34.861176>
	pigment { color rgbt <0,1,1,0> }
	no_shadow
}
cylinder {
	<25.059799, 35.450916, 35.350945>,  <24.309017, 35.420033, 35.430092>, 0.130000
	pigment { color rgbt <1,0,0,0> }
	no_shadow
}

// nucleotide -1

// particle -1
sphere {
	<25.059799, 35.450916, 35.350945> 0.250000
	pigment { color rgbt <1,0,0,0> }
	no_shadow
}
cylinder {
	<24.916843, 35.347370, 34.992001>,  <24.831070, 35.285244, 34.776634>, 0.100000
	pigment { color rgbt <1,0,0,0> }
	no_shadow
}
cylinder {
	<24.916843, 35.347370, 34.992001>,  <25.059799, 35.450916, 35.350945>, 0.100000
	pigment { color rgbt <1,0,0,0> }
	no_shadow
}

// particle -1
sphere {
	<24.916843, 35.347370, 34.992001> 0.100000
	pigment { color rgbt <1,0,0,0> }
	no_shadow
}
sphere {
	0, 1
	scale<0.080000,0.200000,0.300000>
	matrix <0.512943, 0.748536, -0.420219,
		0.780489, -0.610478, -0.134736,
		-0.357390, -0.258864, -0.897363,
		24.809626, 35.269711, 34.722790>
	pigment { color rgbt <0,1,1,0> }
	no_shadow
}
cylinder {
	<25.594210, 35.297268, 34.894516>,  <25.059799, 35.450916, 35.350945>, 0.130000
	pigment { color rgbt <1,0,0,0> }
	no_shadow
}

// nucleotide -1

// particle -1
sphere {
	<25.594210, 35.297268, 34.894516> 0.250000
	pigment { color rgbt <1,0,0,0> }
	no_shadow
}
cylinder {
	<25.281166, 35.410564, 34.672779>,  <25.093340, 35.478542, 34.539738>, 0.100000
	pigment { color rgbt <1,0,0,0> }
	no_shadow
}
cylinder {
	<25.281166, 35.410564, 34.672779>,  <25.594210, 35.297268, 34.894516>, 0.100000
	pigment { color rgbt <1,0,0,0> }
	no_shadow
}

// particle -1
sphere {
	<25.281166, 35.410564, 34.672779> 0.100000
	pigment { color rgbt <1,0,0,0> }
	no_shadow
}
sphere {
	0, 1
	scale<0.080000,0.200000,0.300000>
	matrix <0.558616, 0.712514, -0.424584,
		0.274719, -0.641949, -0.715843,
		-0.782610, 0.283240, -0.554344,
		25.046383, 35.495537, 34.506477>
	pigment { color rgbt <0,1,1,0> }
	no_shadow
}
cylinder {
	<26.180006, 35.619347, 34.759644>,  <25.594210, 35.297268, 34.894516>, 0.130000
	pigment { color rgbt <1,0,0,0> }
	no_shadow
}

// nucleotide -1

// particle -1
sphere {
	<26.180006, 35.619347, 34.759644> 0.250000
	pigment { color rgbt <1,0,0,0> }
	no_shadow
}
cylinder {
	<26.199898, 35.926834, 34.504585>,  <26.211832, 36.111328, 34.351551>, 0.100000
	pigment { color rgbt <1,0,0,0> }
	no_shadow
}
cylinder {
	<26.199898, 35.926834, 34.504585>,  <26.180006, 35.619347, 34.759644>, 0.100000
	pigment { color rgbt <1,0,0,0> }
	no_shadow
}

// particle -1
sphere {
	<26.199898, 35.926834, 34.504585> 0.100000
	pigment { color rgbt <1,0,0,0> }
	no_shadow
}
sphere {
	0, 1
	scale<0.080000,0.200000,0.300000>
	matrix <0.510217, -0.568400, -0.645446,
		-0.858607, -0.293243, -0.420479,
		0.049728, 0.768720, -0.637649,
		26.214817, 36.157452, 34.313290>
	pigment { color rgbt <0,1,1,0> }
	no_shadow
}
cylinder {
	<25.911013, 35.505836, 34.074825>,  <26.180006, 35.619347, 34.759644>, 0.130000
	pigment { color rgbt <1,0,0,0> }
	no_shadow
}

// nucleotide -1

// particle -1
sphere {
	<25.911013, 35.505836, 34.074825> 0.250000
	pigment { color rgbt <1,0,0,0> }
	no_shadow
}
cylinder {
	<26.231834, 35.744076, 34.092590>,  <26.424328, 35.887020, 34.103249>, 0.100000
	pigment { color rgbt <1,0,0,0> }
	no_shadow
}
cylinder {
	<26.231834, 35.744076, 34.092590>,  <25.911013, 35.505836, 34.074825>, 0.100000
	pigment { color rgbt <1,0,0,0> }
	no_shadow
}

// particle -1
sphere {
	<26.231834, 35.744076, 34.092590> 0.100000
	pigment { color rgbt <1,0,0,0> }
	no_shadow
}
sphere {
	0, 1
	scale<0.080000,0.200000,0.300000>
	matrix <0.547617, -0.703691, -0.452697,
		-0.238370, 0.387411, -0.890558,
		0.802057, 0.595594, 0.044415,
		26.472452, 35.922752, 34.105915>
	pigment { color rgbt <0,1,1,0> }
	no_shadow
}
cylinder {
	<26.156500, 35.946495, 33.419521>,  <25.911013, 35.505836, 34.074825>, 0.130000
	pigment { color rgbt <1,0,0,0> }
	no_shadow
}

// nucleotide -1

// particle -1
sphere {
	<26.156500, 35.946495, 33.419521> 0.250000
	pigment { color rgbt <1,0,0,0> }
	no_shadow
}
cylinder {
	<26.399910, 35.743847, 33.663826>,  <26.545956, 35.622257, 33.810410>, 0.100000
	pigment { color rgbt <1,0,0,0> }
	no_shadow
}
cylinder {
	<26.399910, 35.743847, 33.663826>,  <26.156500, 35.946495, 33.419521>, 0.100000
	pigment { color rgbt <1,0,0,0> }
	no_shadow
}

// particle -1
sphere {
	<26.399910, 35.743847, 33.663826> 0.100000
	pigment { color rgbt <1,0,0,0> }
	no_shadow
}
sphere {
	0, 1
	scale<0.080000,0.200000,0.300000>
	matrix <0.125383, -0.698622, -0.704419,
		0.783568, 0.505235, -0.361606,
		0.608523, -0.506621, 0.610766,
		26.582466, 35.591862, 33.847057>
	pigment { color rgbt <0,1,1,0> }
	no_shadow
}
cylinder {
	<26.757515, 35.766251, 33.151402>,  <26.156500, 35.946495, 33.419521>, 0.130000
	pigment { color rgbt <1,0,0,0> }
	no_shadow
}

// nucleotide -1

// particle -1
sphere {
	<26.757515, 35.766251, 33.151402> 0.250000
	pigment { color rgbt <1,0,0,0> }
	no_shadow
}
cylinder {
	<26.742605, 35.471367, 33.421257>,  <26.733660, 35.294437, 33.583172>, 0.100000
	pigment { color rgbt <1,0,0,0> }
	no_shadow
}
cylinder {
	<26.742605, 35.471367, 33.421257>,  <26.757515, 35.766251, 33.151402>, 0.100000
	pigment { color rgbt <1,0,0,0> }
	no_shadow
}

// particle -1
sphere {
	<26.742605, 35.471367, 33.421257> 0.100000
	pigment { color rgbt <1,0,0,0> }
	no_shadow
}
sphere {
	0, 1
	scale<0.080000,0.200000,0.300000>
	matrix <0.366011, -0.638266, -0.677239,
		0.929864, 0.221682, 0.293616,
		-0.037273, -0.737206, 0.674639,
		26.731422, 35.250206, 33.623650>
	pigment { color rgbt <0,1,1,0> }
	no_shadow
}
cylinder {
	<27.411234, 35.600796, 33.303921>,  <26.757515, 35.766251, 33.151402>, 0.130000
	pigment { color rgbt <1,0,0,0> }
	no_shadow
}

// nucleotide -1

// particle -1
sphere {
	<27.411234, 35.600796, 33.303921> 0.250000
	pigment { color rgbt <1,0,0,0> }
	no_shadow
}
cylinder {
	<27.160572, 35.289303, 33.315819>,  <27.010176, 35.102409, 33.322956>, 0.100000
	pigment { color rgbt <1,0,0,0> }
	no_shadow
}
cylinder {
	<27.160572, 35.289303, 33.315819>,  <27.411234, 35.600796, 33.303921>, 0.100000
	pigment { color rgbt <1,0,0,0> }
	no_shadow
}

// particle -1
sphere {
	<27.160572, 35.289303, 33.315819> 0.100000
	pigment { color rgbt <1,0,0,0> }
	no_shadow
}
sphere {
	0, 1
	scale<0.080000,0.200000,0.300000>
	matrix <0.633956, -0.531609, -0.561687,
		0.453215, -0.333126, 0.826815,
		-0.626655, -0.778729, 0.029746,
		26.972576, 35.055683, 33.324741>
	pigment { color rgbt <0,1,1,0> }
	no_shadow
}
cylinder {
	<27.920961, 35.105934, 33.398022>,  <27.411234, 35.600796, 33.303921>, 0.130000
	pigment { color rgbt <1,0,0,0> }
	no_shadow
}

// nucleotide -1

// particle -1
sphere {
	<27.920961, 35.105934, 33.398022> 0.250000
	pigment { color rgbt <1,0,0,0> }
	no_shadow
}
cylinder {
	<27.592524, 34.906712, 33.286491>,  <27.395462, 34.787178, 33.219574>, 0.100000
	pigment { color rgbt <1,0,0,0> }
	no_shadow
}
cylinder {
	<27.592524, 34.906712, 33.286491>,  <27.920961, 35.105934, 33.398022>, 0.100000
	pigment { color rgbt <1,0,0,0> }
	no_shadow
}

// particle -1
sphere {
	<27.592524, 34.906712, 33.286491> 0.100000
	pigment { color rgbt <1,0,0,0> }
	no_shadow
}
sphere {
	0, 1
	scale<0.080000,0.200000,0.300000>
	matrix <0.562111, -0.620672, -0.546623,
		0.099191, -0.605560, 0.789594,
		-0.821092, -0.498059, -0.278827,
		27.346195, 34.757294, 33.202843>
	pigment { color rgbt <0,1,1,0> }
	no_shadow
}
cylinder {
	<28.085739, 34.395805, 33.514252>,  <27.920961, 35.105934, 33.398022>, 0.130000
	pigment { color rgbt <1,0,0,0> }
	no_shadow
}

// nucleotide -1

// particle -1
sphere {
	<28.085739, 34.395805, 33.514252> 0.250000
	pigment { color rgbt <1,0,0,0> }
	no_shadow
}
cylinder {
	<27.800543, 34.431389, 33.236050>,  <27.629425, 34.452740, 33.069126>, 0.100000
	pigment { color rgbt <1,0,0,0> }
	no_shadow
}
cylinder {
	<27.800543, 34.431389, 33.236050>,  <28.085739, 34.395805, 33.514252>, 0.100000
	pigment { color rgbt <1,0,0,0> }
	no_shadow
}

// particle -1
sphere {
	<27.800543, 34.431389, 33.236050> 0.100000
	pigment { color rgbt <1,0,0,0> }
	no_shadow
}
sphere {
	0, 1
	scale<0.080000,0.200000,0.300000>
	matrix <0.510530, -0.614065, -0.601899,
		-0.480629, -0.784226, 0.392408,
		-0.712990, 0.088954, -0.695509,
		27.586645, 34.458076, 33.027397>
	pigment { color rgbt <0,1,1,0> }
	no_shadow
}
cylinder {
	<28.103233, 33.769569, 33.245304>,  <28.085739, 34.395805, 33.514252>, 0.130000
	pigment { color rgbt <1,0,0,0> }
	no_shadow
}

// nucleotide -1

// particle -1
sphere {
	<28.103233, 33.769569, 33.245304> 0.250000
	pigment { color rgbt <1,0,0,0> }
	no_shadow
}
cylinder {
	<27.911264, 33.974220, 32.960232>,  <27.796083, 34.097012, 32.789188>, 0.100000
	pigment { color rgbt <1,0,0,0> }
	no_shadow
}
cylinder {
	<27.911264, 33.974220, 32.960232>,  <28.103233, 33.769569, 33.245304>, 0.100000
	pigment { color rgbt <1,0,0,0> }
	no_shadow
}

// particle -1
sphere {
	<27.911264, 33.974220, 32.960232> 0.100000
	pigment { color rgbt <1,0,0,0> }
	no_shadow
}
sphere {
	0, 1
	scale<0.080000,0.200000,0.300000>
	matrix <0.411245, -0.586376, -0.697883,
		-0.774954, -0.628015, 0.071010,
		-0.479920, 0.511625, -0.712683,
		27.767288, 34.127708, 32.746426>
	pigment { color rgbt <0,1,1,0> }
	no_shadow
}
cylinder {
	<27.956488, 33.252342, 32.590256>,  <28.103233, 33.769569, 33.245304>, 0.130000
	pigment { color rgbt <1,0,0,0> }
	no_shadow
}

// nucleotide -1

// particle -1
sphere {
	<27.956488, 33.252342, 32.590256> 0.250000
	pigment { color rgbt <1,0,0,0> }
	no_shadow
}
cylinder {
	<27.955318, 33.637814, 32.483433>,  <27.954617, 33.869095, 32.419338>, 0.100000
	pigment { color rgbt <1,0,0,0> }
	no_shadow
}
cylinder {
	<27.955318, 33.637814, 32.483433>,  <27.956488, 33.252342, 32.590256>, 0.100000
	pigment { color rgbt <1,0,0,0> }
	no_shadow
}

// particle -1
sphere {
	<27.955318, 33.637814, 32.483433> 0.100000
	pigment { color rgbt <1,0,0,0> }
	no_shadow
}
sphere {
	0, 1
	scale<0.080000,0.200000,0.300000>
	matrix <0.456724, -0.236292, -0.857654,
		-0.889604, -0.124478, -0.439443,
		-0.002922, 0.963676, -0.267058,
		27.954441, 33.926918, 32.403316>
	pigment { color rgbt <0,1,1,0> }
	no_shadow
}
cylinder {
	<27.562407, 33.346249, 31.937635>,  <27.956488, 33.252342, 32.590256>, 0.130000
	pigment { color rgbt <1,0,0,0> }
	no_shadow
}

// nucleotide -1

// particle -1
sphere {
	<27.562407, 33.346249, 31.937635> 0.250000
	pigment { color rgbt <1,0,0,0> }
	no_shadow
}
cylinder {
	<27.858210, 33.606495, 32.006721>,  <28.035690, 33.762642, 32.048172>, 0.100000
	pigment { color rgbt <1,0,0,0> }
	no_shadow
}
cylinder {
	<27.858210, 33.606495, 32.006721>,  <27.562407, 33.346249, 31.937635>, 0.100000
	pigment { color rgbt <1,0,0,0> }
	no_shadow
}

// particle -1
sphere {
	<27.858210, 33.606495, 32.006721> 0.100000
	pigment { color rgbt <1,0,0,0> }
	no_shadow
}
sphere {
	0, 1
	scale<0.080000,0.200000,0.300000>
	matrix <0.455073, -0.294129, -0.840474,
		-0.496024, 0.700134, -0.513588,
		0.739506, 0.650615, 0.172717,
		28.080061, 33.801678, 32.058537>
	pigment { color rgbt <0,1,1,0> }
	no_shadow
}
cylinder {
	<27.848448, 33.927383, 31.443205>,  <27.562407, 33.346249, 31.937635>, 0.130000
	pigment { color rgbt <1,0,0,0> }
	no_shadow
}

// nucleotide -1

// particle -1
sphere {
	<27.848448, 33.927383, 31.443205> 0.250000
	pigment { color rgbt <1,0,0,0> }
	no_shadow
}
cylinder {
	<28.150972, 33.805634, 31.674843>,  <28.332487, 33.732582, 31.813826>, 0.100000
	pigment { color rgbt <1,0,0,0> }
	no_shadow
}
cylinder {
	<28.150972, 33.805634, 31.674843>,  <27.848448, 33.927383, 31.443205>, 0.100000
	pigment { color rgbt <1,0,0,0> }
	no_shadow
}

// particle -1
sphere {
	<28.150972, 33.805634, 31.674843> 0.100000
	pigment { color rgbt <1,0,0,0> }
	no_shadow
}
sphere {
	0, 1
	scale<0.080000,0.200000,0.300000>
	matrix <0.505868, -0.289212, -0.812683,
		0.414841, 0.907586, -0.064760,
		0.756309, -0.304374, 0.579096,
		28.377865, 33.714321, 31.848572>
	pigment { color rgbt <0,1,1,0> }
	no_shadow
}
cylinder {
	<27.883373, 34.564686, 31.141546>,  <27.848448, 33.927383, 31.443205>, 0.130000
	pigment { color rgbt <1,0,0,0> }
	no_shadow
}

// nucleotide -1

// particle -1
sphere {
	<27.883373, 34.564686, 31.141546> 0.250000
	pigment { color rgbt <1,0,0,0> }
	no_shadow
}
cylinder {
	<28.228945, 34.584167, 31.342047>,  <28.436289, 34.595856, 31.462347>, 0.100000
	pigment { color rgbt <1,0,0,0> }
	no_shadow
}
cylinder {
	<28.228945, 34.584167, 31.342047>,  <27.883373, 34.564686, 31.141546>, 0.100000
	pigment { color rgbt <1,0,0,0> }
	no_shadow
}

// particle -1
sphere {
	<28.228945, 34.584167, 31.342047> 0.100000
	pigment { color rgbt <1,0,0,0> }
	no_shadow
}
sphere {
	0, 1
	scale<0.080000,0.200000,0.300000>
	matrix <-0.480375, 0.378537, 0.791170,
		-0.151211, -0.924304, 0.350425,
		0.863930, 0.048702, 0.501251,
		28.488125, 34.598778, 31.492422>
	pigment { color rgbt <0,1,1,0> }
	no_shadow
}
cylinder {
	<27.936073, 35.014248, 31.705439>,  <27.883373, 34.564686, 31.141546>, 0.130000
	pigment { color rgbt <1,0,0,0> }
	no_shadow
}

// nucleotide -1

// particle -1
sphere {
	<27.936073, 35.014248, 31.705439> 0.250000
	pigment { color rgbt <1,0,0,0> }
	no_shadow
}
cylinder {
	<27.862391, 34.669395, 31.894245>,  <27.818180, 34.462482, 32.007530>, 0.100000
	pigment { color rgbt <1,0,0,0> }
	no_shadow
}
cylinder {
	<27.862391, 34.669395, 31.894245>,  <27.936073, 35.014248, 31.705439>, 0.100000
	pigment { color rgbt <1,0,0,0> }
	no_shadow
}

// particle -1
sphere {
	<27.862391, 34.669395, 31.894245> 0.100000
	pigment { color rgbt <1,0,0,0> }
	no_shadow
}
sphere {
	0, 1
	scale<0.080000,0.200000,0.300000>
	matrix <-0.681347, 0.458129, 0.570863,
		-0.708402, -0.216448, -0.671801,
		-0.184209, -0.862130, 0.472016,
		27.807127, 34.410755, 32.035851>
	pigment { color rgbt <0,1,1,0> }
	no_shadow
}
cylinder {
	<27.168690, 34.722183, 31.739435>,  <27.936073, 35.014248, 31.705439>, 0.130000
	pigment { color rgbt <1,0,0,0> }
	no_shadow
}

// nucleotide -1

// particle -1
sphere {
	<27.168690, 34.722183, 31.739435> 0.250000
	pigment { color rgbt <1,0,0,0> }
	no_shadow
}
cylinder {
	<27.346460, 34.550823, 32.054131>,  <27.453123, 34.448006, 32.242947>, 0.100000
	pigment { color rgbt <1,0,0,0> }
	no_shadow
}
cylinder {
	<27.346460, 34.550823, 32.054131>,  <27.168690, 34.722183, 31.739435>, 0.100000
	pigment { color rgbt <1,0,0,0> }
	no_shadow
}

// particle -1
sphere {
	<27.346460, 34.550823, 32.054131> 0.100000
	pigment { color rgbt <1,0,0,0> }
	no_shadow
}
sphere {
	0, 1
	scale<0.080000,0.200000,0.300000>
	matrix <-0.696069, 0.387684, 0.604309,
		-0.563892, -0.816196, -0.125899,
		0.444425, -0.428399, 0.786740,
		27.479788, 34.422302, 32.290154>
	pigment { color rgbt <0,1,1,0> }
	no_shadow
}
cylinder {
	<26.622883, 34.394341, 32.165558>,  <27.168690, 34.722183, 31.739435>, 0.130000
	pigment { color rgbt <1,0,0,0> }
	no_shadow
}

// nucleotide -1

// particle -1
sphere {
	<26.622883, 34.394341, 32.165558> 0.250000
	pigment { color rgbt <1,0,0,0> }
	no_shadow
}
cylinder {
	<26.935564, 34.448994, 32.408958>,  <27.123173, 34.481785, 32.554996>, 0.100000
	pigment { color rgbt <1,0,0,0> }
	no_shadow
}
cylinder {
	<26.935564, 34.448994, 32.408958>,  <26.622883, 34.394341, 32.165558>, 0.100000
	pigment { color rgbt <1,0,0,0> }
	no_shadow
}

// particle -1
sphere {
	<26.935564, 34.448994, 32.408958> 0.100000
	pigment { color rgbt <1,0,0,0> }
	no_shadow
}
sphere {
	0, 1
	scale<0.080000,0.200000,0.300000>
	matrix <-0.617114, 0.310358, 0.723082,
		-0.090053, -0.940749, 0.326928,
		0.781704, 0.136636, 0.608498,
		27.170074, 34.489986, 32.591507>
	pigment { color rgbt <0,1,1,0> }
	no_shadow
}
cylinder {
	<26.564058, 33.899521, 32.701481>,  <26.622883, 34.394341, 32.165558>, 0.130000
	pigment { color rgbt <1,0,0,0> }
	no_shadow
}

// nucleotide -1

// particle -1
sphere {
	<26.564058, 33.899521, 32.701481> 0.250000
	pigment { color rgbt <1,0,0,0> }
	no_shadow
}
cylinder {
	<26.779911, 34.208282, 32.835922>,  <26.909424, 34.393539, 32.916588>, 0.100000
	pigment { color rgbt <1,0,0,0> }
	no_shadow
}
cylinder {
	<26.779911, 34.208282, 32.835922>,  <26.564058, 33.899521, 32.701481>, 0.100000
	pigment { color rgbt <1,0,0,0> }
	no_shadow
}

// particle -1
sphere {
	<26.779911, 34.208282, 32.835922> 0.100000
	pigment { color rgbt <1,0,0,0> }
	no_shadow
}
sphere {
	0, 1
	scale<0.080000,0.200000,0.300000>
	matrix <-0.682106, 0.166849, 0.711964,
		0.493486, -0.613459, 0.616555,
		0.539632, 0.771900, 0.336106,
		26.941801, 34.439854, 32.936752>
	pigment { color rgbt <0,1,1,0> }
	no_shadow
}
cylinder {
	<26.210815, 34.015930, 33.405987>,  <26.564058, 33.899521, 32.701481>, 0.130000
	pigment { color rgbt <1,0,0,0> }
	no_shadow
}

// nucleotide -1

// particle -1
sphere {
	<26.210815, 34.015930, 33.405987> 0.250000
	pigment { color rgbt <1,0,0,0> }
	no_shadow
}
cylinder {
	<26.460478, 34.326450, 33.370689>,  <26.610275, 34.512764, 33.349510>, 0.100000
	pigment { color rgbt <1,0,0,0> }
	no_shadow
}
cylinder {
	<26.460478, 34.326450, 33.370689>,  <26.210815, 34.015930, 33.405987>, 0.100000
	pigment { color rgbt <1,0,0,0> }
	no_shadow
}

// particle -1
sphere {
	<26.460478, 34.326450, 33.370689> 0.100000
	pigment { color rgbt <1,0,0,0> }
	no_shadow
}
sphere {
	0, 1
	scale<0.080000,0.200000,0.300000>
	matrix <-0.556049, 0.520708, 0.647821,
		0.548853, -0.355274, 0.756664,
		0.624155, 0.776302, -0.088243,
		26.647724, 34.559341, 33.344219>
	pigment { color rgbt <0,1,1,0> }
	no_shadow
}
cylinder {
	<26.667816, 34.122581, 34.084641>,  <26.210815, 34.015930, 33.405987>, 0.130000
	pigment { color rgbt <1,0,0,0> }
	no_shadow
}

// nucleotide -1

// particle -1
sphere {
	<26.667816, 34.122581, 34.084641> 0.250000
	pigment { color rgbt <1,0,0,0> }
	no_shadow
}
cylinder {
	<26.588770, 34.477970, 33.918961>,  <26.541342, 34.691204, 33.819553>, 0.100000
	pigment { color rgbt <1,0,0,0> }
	no_shadow
}
cylinder {
	<26.588770, 34.477970, 33.918961>,  <26.667816, 34.122581, 34.084641>, 0.100000
	pigment { color rgbt <1,0,0,0> }
	no_shadow
}

// particle -1
sphere {
	<26.588770, 34.477970, 33.918961> 0.100000
	pigment { color rgbt <1,0,0,0> }
	no_shadow
}
sphere {
	0, 1
	scale<0.080000,0.200000,0.300000>
	matrix <-0.603299, 0.222809, 0.765759,
		0.772644, 0.401215, 0.491984,
		-0.197615, 0.888472, -0.414204,
		26.529486, 34.744511, 33.794701>
	pigment { color rgbt <0,1,1,0> }
	no_shadow
}
cylinder {
	<26.750786, 33.477970, 33.886898>,  <26.667816, 34.122581, 34.084641>, 0.130000
	pigment { color rgbt <1,0,0,0> }
	no_shadow
}

// nucleotide -1

// particle -1
sphere {
	<26.750786, 33.477970, 33.886898> 0.250000
	pigment { color rgbt <1,0,0,0> }
	no_shadow
}
cylinder {
	<26.806049, 33.332405, 33.518444>,  <26.839207, 33.245068, 33.297371>, 0.100000
	pigment { color rgbt <1,0,0,0> }
	no_shadow
}
cylinder {
	<26.806049, 33.332405, 33.518444>,  <26.750786, 33.477970, 33.886898>, 0.100000
	pigment { color rgbt <1,0,0,0> }
	no_shadow
}

// particle -1
sphere {
	<26.806049, 33.332405, 33.518444> 0.100000
	pigment { color rgbt <1,0,0,0> }
	no_shadow
}
sphere {
	0, 1
	scale<0.080000,0.200000,0.300000>
	matrix <0.549574, -0.745559, 0.376976,
		-0.823943, -0.558311, 0.096992,
		0.138157, -0.363911, -0.921131,
		26.847496, 33.223232, 33.242104>
	pigment { color rgbt <0,1,1,0> }
	no_shadow
}
cylinder {
	<26.454308, 32.726360, 33.649284>,  <26.750786, 33.477970, 33.886898>, 0.130000
	pigment { color rgbt <1,0,0,0> }
	no_shadow
}

// nucleotide -1

// particle -1
sphere {
	<26.454308, 32.726360, 33.649284> 0.250000
	pigment { color rgbt <1,0,0,0> }
	no_shadow
}
cylinder {
	<26.801912, 32.811749, 33.470734>,  <27.010475, 32.862980, 33.363605>, 0.100000
	pigment { color rgbt <1,0,0,0> }
	no_shadow
}
cylinder {
	<26.801912, 32.811749, 33.470734>,  <26.454308, 32.726360, 33.649284>, 0.100000
	pigment { color rgbt <1,0,0,0> }
	no_shadow
}

// particle -1
sphere {
	<26.801912, 32.811749, 33.470734> 0.100000
	pigment { color rgbt <1,0,0,0> }
	no_shadow
}
sphere {
	0, 1
	scale<0.080000,0.200000,0.300000>
	matrix <0.368487, -0.881271, 0.295938,
		-0.330202, -0.421657, -0.844495,
		0.869013, 0.213466, -0.446373,
		27.062616, 32.875790, 33.336823>
	pigment { color rgbt <0,1,1,0> }
	no_shadow
}
cylinder {
	<26.535076, 32.249516, 33.228230>,  <26.454308, 32.726360, 33.649284>, 0.130000
	pigment { color rgbt <1,0,0,0> }
	no_shadow
}

// nucleotide -1

// particle -1
sphere {
	<26.535076, 32.249516, 33.228230> 0.250000
	pigment { color rgbt <1,0,0,0> }
	no_shadow
}
cylinder {
	<26.913980, 32.361889, 33.289902>,  <27.141323, 32.429314, 33.326904>, 0.100000
	pigment { color rgbt <1,0,0,0> }
	no_shadow
}
cylinder {
	<26.913980, 32.361889, 33.289902>,  <26.535076, 32.249516, 33.228230>, 0.100000
	pigment { color rgbt <1,0,0,0> }
	no_shadow
}

// particle -1
sphere {
	<26.913980, 32.361889, 33.289902> 0.100000
	pigment { color rgbt <1,0,0,0> }
	no_shadow
}
sphere {
	0, 1
	scale<0.080000,0.200000,0.300000>
	matrix <0.253584, -0.951288, 0.175346,
		0.195935, -0.126999, -0.972358,
		0.947262, 0.280931, 0.154185,
		27.198158, 32.446167, 33.336159>
	pigment { color rgbt <0,1,1,0> }
	no_shadow
}
cylinder {
	<26.967894, 31.830000, 32.761147>,  <26.535076, 32.249516, 33.228230>, 0.130000
	pigment { color rgbt <1,0,0,0> }
	no_shadow
}

// nucleotide -1

// particle -1
sphere {
	<26.967894, 31.830000, 32.761147> 0.250000
	pigment { color rgbt <1,0,0,0> }
	no_shadow
}
cylinder {
	<27.165758, 31.936491, 33.092068>,  <27.284477, 32.000385, 33.290619>, 0.100000
	pigment { color rgbt <1,0,0,0> }
	no_shadow
}
cylinder {
	<27.165758, 31.936491, 33.092068>,  <26.967894, 31.830000, 32.761147>, 0.100000
	pigment { color rgbt <1,0,0,0> }
	no_shadow
}

// particle -1
sphere {
	<27.165758, 31.936491, 33.092068> 0.100000
	pigment { color rgbt <1,0,0,0> }
	no_shadow
}
sphere {
	0, 1
	scale<0.080000,0.200000,0.300000>
	matrix <0.185882, -0.962306, 0.198530,
		0.848974, 0.055575, -0.525504,
		0.494663, 0.266229, 0.827303,
		27.314157, 32.016361, 33.340260>
	pigment { color rgbt <0,1,1,0> }
	no_shadow
}
cylinder {
	<27.649765, 31.654432, 32.670517>,  <26.967894, 31.830000, 32.761147>, 0.130000
	pigment { color rgbt <1,0,0,0> }
	no_shadow
}

// nucleotide -1

// particle -1
sphere {
	<27.649765, 31.654432, 32.670517> 0.250000
	pigment { color rgbt <1,0,0,0> }
	no_shadow
}
cylinder {
	<27.559137, 31.659327, 33.060085>,  <27.504761, 31.662264, 33.293827>, 0.100000
	pigment { color rgbt <1,0,0,0> }
	no_shadow
}
cylinder {
	<27.559137, 31.659327, 33.060085>,  <27.649765, 31.654432, 32.670517>, 0.100000
	pigment { color rgbt <1,0,0,0> }
	no_shadow
}

// particle -1
sphere {
	<27.559137, 31.659327, 33.060085> 0.100000
	pigment { color rgbt <1,0,0,0> }
	no_shadow
}
sphere {
	0, 1
	scale<0.080000,0.200000,0.300000>
	matrix <0.154153, -0.986868, 0.048260,
		0.961719, 0.161067, 0.221705,
		-0.226566, 0.012236, 0.973919,
		27.491167, 31.662998, 33.352261>
	pigment { color rgbt <0,1,1,0> }
	no_shadow
}
cylinder {
	<28.204565, 31.291185, 33.138199>,  <27.649765, 31.654432, 32.670517>, 0.130000
	pigment { color rgbt <1,0,0,0> }
	no_shadow
}

// nucleotide -1

// particle -1
sphere {
	<28.204565, 31.291185, 33.138199> 0.250000
	pigment { color rgbt <1,0,0,0> }
	no_shadow
}
cylinder {
	<27.851877, 31.278952, 33.326511>,  <27.640265, 31.271612, 33.439499>, 0.100000
	pigment { color rgbt <1,0,0,0> }
	no_shadow
}
cylinder {
	<27.851877, 31.278952, 33.326511>,  <28.204565, 31.291185, 33.138199>, 0.100000
	pigment { color rgbt <1,0,0,0> }
	no_shadow
}

// particle -1
sphere {
	<27.851877, 31.278952, 33.326511> 0.100000
	pigment { color rgbt <1,0,0,0> }
	no_shadow
}
sphere {
	0, 1
	scale<0.080000,0.200000,0.300000>
	matrix <0.125151, -0.977307, 0.170903,
		0.454874, 0.209607, 0.865537,
		-0.881718, -0.030584, 0.470784,
		27.587362, 31.269777, 33.467747>
	pigment { color rgbt <0,1,1,0> }
	no_shadow
}
cylinder {
	<28.231373, 30.796087, 33.599205>,  <28.204565, 31.291185, 33.138199>, 0.130000
	pigment { color rgbt <1,0,0,0> }
	no_shadow
}

// nucleotide -1

// particle -1
sphere {
	<28.231373, 30.796087, 33.599205> 0.250000
	pigment { color rgbt <1,0,0,0> }
	no_shadow
}
cylinder {
	<27.834181, 30.843060, 33.604813>,  <27.595865, 30.871243, 33.608177>, 0.100000
	pigment { color rgbt <1,0,0,0> }
	no_shadow
}
cylinder {
	<27.834181, 30.843060, 33.604813>,  <28.231373, 30.796087, 33.599205>, 0.100000
	pigment { color rgbt <1,0,0,0> }
	no_shadow
}

// particle -1
sphere {
	<27.834181, 30.843060, 33.604813> 0.100000
	pigment { color rgbt <1,0,0,0> }
	no_shadow
}
sphere {
	0, 1
	scale<0.080000,0.200000,0.300000>
	matrix <-0.110910, -0.965813, 0.234316,
		0.041055, 0.231117, 0.972060,
		-0.992982, 0.117431, 0.014018,
		27.536285, 30.878288, 33.609016>
	pigment { color rgbt <0,1,1,0> }
	no_shadow
}
cylinder {
	<27.996035, 30.404659, 34.198711>,  <28.231373, 30.796087, 33.599205>, 0.130000
	pigment { color rgbt <1,0,0,0> }
	no_shadow
}

// nucleotide -1

// particle -1
sphere {
	<27.996035, 30.404659, 34.198711> 0.250000
	pigment { color rgbt <1,0,0,0> }
	no_shadow
}
cylinder {
	<27.707087, 30.418573, 33.922459>,  <27.533718, 30.426922, 33.756706>, 0.100000
	pigment { color rgbt <1,0,0,0> }
	no_shadow
}
cylinder {
	<27.707087, 30.418573, 33.922459>,  <27.996035, 30.404659, 34.198711>, 0.100000
	pigment { color rgbt <1,0,0,0> }
	no_shadow
}

// particle -1
sphere {
	<27.707087, 30.418573, 33.922459> 0.100000
	pigment { color rgbt <1,0,0,0> }
	no_shadow
}
sphere {
	0, 1
	scale<0.080000,0.200000,0.300000>
	matrix <-0.332302, -0.893319, 0.302582,
		-0.606429, 0.448075, 0.656866,
		-0.722371, 0.034783, -0.690630,
		27.490376, 30.429008, 33.715271>
	pigment { color rgbt <0,1,1,0> }
	no_shadow
}
cylinder {
	<27.471275, 30.160288, 34.491470>,  <27.996035, 30.404659, 34.198711>, 0.130000
	pigment { color rgbt <1,0,0,0> }
	no_shadow
}

// nucleotide -1

// particle -1
sphere {
	<27.471275, 30.160288, 34.491470> 0.250000
	pigment { color rgbt <1,0,0,0> }
	no_shadow
}
cylinder {
	<27.359402, 30.086050, 34.114677>,  <27.292276, 30.041508, 33.888603>, 0.100000
	pigment { color rgbt <1,0,0,0> }
	no_shadow
}
cylinder {
	<27.359402, 30.086050, 34.114677>,  <27.471275, 30.160288, 34.491470>, 0.100000
	pigment { color rgbt <1,0,0,0> }
	no_shadow
}

// particle -1
sphere {
	<27.359402, 30.086050, 34.114677> 0.100000
	pigment { color rgbt <1,0,0,0> }
	no_shadow
}
sphere {
	0, 1
	scale<0.080000,0.200000,0.300000>
	matrix <-0.298988, -0.915513, 0.269150,
		-0.912350, 0.356919, 0.200566,
		-0.279686, -0.185592, -0.941983,
		27.275496, 30.030373, 33.832081>
	pigment { color rgbt <0,1,1,0> }
	no_shadow
}
cylinder {
	<26.770735, 29.868364, 34.489044>,  <27.471275, 30.160288, 34.491470>, 0.130000
	pigment { color rgbt <1,0,0,0> }
	no_shadow
}

// nucleotide -1

// particle -1
sphere {
	<26.770735, 29.868364, 34.489044> 0.250000
	pigment { color rgbt <1,0,0,0> }
	no_shadow
}
cylinder {
	<26.981684, 29.761272, 34.166504>,  <27.108253, 29.697018, 33.972980>, 0.100000
	pigment { color rgbt <1,0,0,0> }
	no_shadow
}
cylinder {
	<26.981684, 29.761272, 34.166504>,  <26.770735, 29.868364, 34.489044>, 0.100000
	pigment { color rgbt <1,0,0,0> }
	no_shadow
}

// particle -1
sphere {
	<26.981684, 29.761272, 34.166504> 0.100000
	pigment { color rgbt <1,0,0,0> }
	no_shadow
}
sphere {
	0, 1
	scale<0.080000,0.200000,0.300000>
	matrix <-0.237509, -0.957674, 0.162636,
		-0.815762, 0.105746, -0.568639,
		0.527372, -0.267730, -0.806350,
		27.139894, 29.680954, 33.924599>
	pigment { color rgbt <0,1,1,0> }
	no_shadow
}
cylinder {
	<26.400494, 29.525137, 33.858295>,  <26.770735, 29.868364, 34.489044>, 0.130000
	pigment { color rgbt <1,0,0,0> }
	no_shadow
}

// nucleotide -1

// particle -1
sphere {
	<26.400494, 29.525137, 33.858295> 0.250000
	pigment { color rgbt <1,0,0,0> }
	no_shadow
}
cylinder {
	<26.769394, 29.385801, 33.925362>,  <26.990734, 29.302200, 33.965603>, 0.100000
	pigment { color rgbt <1,0,0,0> }
	no_shadow
}
cylinder {
	<26.769394, 29.385801, 33.925362>,  <26.400494, 29.525137, 33.858295>, 0.100000
	pigment { color rgbt <1,0,0,0> }
	no_shadow
}

// particle -1
sphere {
	<26.769394, 29.385801, 33.925362> 0.100000
	pigment { color rgbt <1,0,0,0> }
	no_shadow
}
sphere {
	0, 1
	scale<0.080000,0.200000,0.300000>
	matrix <-0.383633, -0.878176, 0.285714,
		0.047717, -0.327823, -0.943533,
		0.922252, -0.348337, 0.167667,
		27.046070, 29.281300, 33.975662>
	pigment { color rgbt <0,1,1,0> }
	no_shadow
}
cylinder {
	<26.470869, 28.850191, 33.502682>,  <26.400494, 29.525137, 33.858295>, 0.130000
	pigment { color rgbt <1,0,0,0> }
	no_shadow
}

// nucleotide -1

// particle -1
sphere {
	<26.470869, 28.850191, 33.502682> 0.250000
	pigment { color rgbt <1,0,0,0> }
	no_shadow
}
cylinder {
	<26.767122, 28.849073, 33.771442>,  <26.944874, 28.848402, 33.932697>, 0.100000
	pigment { color rgbt <1,0,0,0> }
	no_shadow
}
cylinder {
	<26.767122, 28.849073, 33.771442>,  <26.470869, 28.850191, 33.502682>, 0.100000
	pigment { color rgbt <1,0,0,0> }
	no_shadow
}

// particle -1
sphere {
	<26.767122, 28.849073, 33.771442> 0.100000
	pigment { color rgbt <1,0,0,0> }
	no_shadow
}
sphere {
	0, 1
	scale<0.080000,0.200000,0.300000>
	matrix <-0.207186, -0.952213, 0.224421,
		0.639168, -0.305423, -0.705820,
		0.740634, -0.002793, 0.671903,
		26.989313, 28.848236, 33.973015>
	pigment { color rgbt <0,1,1,0> }
	no_shadow
}
cylinder {
	<26.862865, 28.339058, 33.390282>,  <26.470869, 28.850191, 33.502682>, 0.130000
	pigment { color rgbt <1,0,0,0> }
	no_shadow
}

// nucleotide -1

// particle -1
sphere {
	<26.862865, 28.339058, 33.390282> 0.250000
	pigment { color rgbt <1,0,0,0> }
	no_shadow
}
cylinder {
	<26.960600, 28.390371, 33.774750>,  <27.019241, 28.421160, 34.005428>, 0.100000
	pigment { color rgbt <1,0,0,0> }
	no_shadow
}
cylinder {
	<26.960600, 28.390371, 33.774750>,  <26.862865, 28.339058, 33.390282>, 0.100000
	pigment { color rgbt <1,0,0,0> }
	no_shadow
}

// particle -1
sphere {
	<26.960600, 28.390371, 33.774750> 0.100000
	pigment { color rgbt <1,0,0,0> }
	no_shadow
}
sphere {
	0, 1
	scale<0.080000,0.200000,0.300000>
	matrix <0.068246, -0.991028, 0.114920,
		0.967286, 0.037517, -0.250898,
		0.244336, 0.128283, 0.961168,
		27.033901, 28.428856, 34.063099>
	pigment { color rgbt <0,1,1,0> }
	no_shadow
}
cylinder {
	<27.449268, 27.956177, 33.518604>,  <26.862865, 28.339058, 33.390282>, 0.130000
	pigment { color rgbt <1,0,0,0> }
	no_shadow
}

// nucleotide -1

// particle -1
sphere {
	<27.449268, 27.956177, 33.518604> 0.250000
	pigment { color rgbt <1,0,0,0> }
	no_shadow
}
cylinder {
	<27.255283, 27.964426, 33.868320>,  <27.138893, 27.969376, 34.078152>, 0.100000
	pigment { color rgbt <1,0,0,0> }
	no_shadow
}
cylinder {
	<27.255283, 27.964426, 33.868320>,  <27.449268, 27.956177, 33.518604>, 0.100000
	pigment { color rgbt <1,0,0,0> }
	no_shadow
}

// particle -1
sphere {
	<27.255283, 27.964426, 33.868320> 0.100000
	pigment { color rgbt <1,0,0,0> }
	no_shadow
}
sphere {
	0, 1
	scale<0.080000,0.200000,0.300000>
	matrix <0.234995, -0.959881, 0.152991,
		0.842371, 0.279649, 0.460660,
		-0.484963, 0.020622, 0.874292,
		27.109795, 27.970613, 34.130608>
	pigment { color rgbt <0,1,1,0> }
	no_shadow
}
cylinder {
	<27.090721, 27.387922, 33.921940>,  <27.449268, 27.956177, 33.518604>, 0.130000
	pigment { color rgbt <1,0,0,0> }
	no_shadow
}

// nucleotide -1

// particle -1
sphere {
	<27.090721, 27.387922, 33.921940> 0.250000
	pigment { color rgbt <1,0,0,0> }
	no_shadow
}
cylinder {
	<26.941988, 27.184534, 34.232605>,  <26.852749, 27.062502, 34.419003>, 0.100000
	pigment { color rgbt <1,0,0,0> }
	no_shadow
}
cylinder {
	<26.941988, 27.184534, 34.232605>,  <27.090721, 27.387922, 33.921940>, 0.100000
	pigment { color rgbt <1,0,0,0> }
	no_shadow
}

// particle -1
sphere {
	<26.941988, 27.184534, 34.232605> 0.100000
	pigment { color rgbt <1,0,0,0> }
	no_shadow
}
sphere {
	0, 1
	scale<0.080000,0.200000,0.300000>
	matrix <-0.055390, 0.847309, 0.528204,
		-0.926646, 0.153384, -0.343220,
		-0.371831, -0.508469, 0.776660,
		26.830439, 27.031994, 34.465603>
	pigment { color rgbt <0,1,1,0> }
	no_shadow
}
cylinder {
	<26.388918, 27.610033, 34.289532>,  <27.090721, 27.387922, 33.921940>, 0.130000
	pigment { color rgbt <1,0,0,0> }
	no_shadow
}

// nucleotide -1

// particle -1
sphere {
	<26.388918, 27.610033, 34.289532> 0.250000
	pigment { color rgbt <1,0,0,0> }
	no_shadow
}
cylinder {
	<26.671223, 27.442596, 34.518154>,  <26.840607, 27.342134, 34.655327>, 0.100000
	pigment { color rgbt <1,0,0,0> }
	no_shadow
}
cylinder {
	<26.671223, 27.442596, 34.518154>,  <26.388918, 27.610033, 34.289532>, 0.100000
	pigment { color rgbt <1,0,0,0> }
	no_shadow
}

// particle -1
sphere {
	<26.671223, 27.442596, 34.518154> 0.100000
	pigment { color rgbt <1,0,0,0> }
	no_shadow
}
sphere {
	0, 1
	scale<0.080000,0.200000,0.300000>
	matrix <0.119024, 0.865369, 0.486795,
		-0.698378, -0.275533, 0.660568,
		0.705763, -0.418590, 0.571560,
		26.882952, 27.317020, 34.689621>
	pigment { color rgbt <0,1,1,0> }
	no_shadow
}
cylinder {
	<26.328131, 27.668528, 35.006187>,  <26.388918, 27.610033, 34.289532>, 0.130000
	pigment { color rgbt <1,0,0,0> }
	no_shadow
}

// nucleotide -1

// particle -1
sphere {
	<26.328131, 27.668528, 35.006187> 0.250000
	pigment { color rgbt <1,0,0,0> }
	no_shadow
}
cylinder {
	<26.701420, 27.694994, 34.864925>,  <26.925392, 27.710873, 34.780167>, 0.100000
	pigment { color rgbt <1,0,0,0> }
	no_shadow
}
cylinder {
	<26.701420, 27.694994, 34.864925>,  <26.328131, 27.668528, 35.006187>, 0.100000
	pigment { color rgbt <1,0,0,0> }
	no_shadow
}

// particle -1
sphere {
	<26.701420, 27.694994, 34.864925> 0.100000
	pigment { color rgbt <1,0,0,0> }
	no_shadow
}
sphere {
	0, 1
	scale<0.080000,0.200000,0.300000>
	matrix <-0.101033, 0.991563, -0.081212,
		0.344806, 0.111469, 0.932032,
		0.933221, 0.066164, -0.353158,
		26.981386, 27.714844, 34.758976>
	pigment { color rgbt <0,1,1,0> }
	no_shadow
}
cylinder {
	<26.754667, 28.388432, 35.276497>,  <26.328131, 27.668528, 35.006187>, 0.130000
	pigment { color rgbt <1,0,0,0> }
	no_shadow
}

// nucleotide -1

// particle -1
sphere {
	<26.754667, 28.388432, 35.276497> 0.250000
	pigment { color rgbt <1,0,0,0> }
	no_shadow
}
cylinder {
	<26.925638, 28.251310, 34.941883>,  <27.028221, 28.169039, 34.741116>, 0.100000
	pigment { color rgbt <1,0,0,0> }
	no_shadow
}
cylinder {
	<26.925638, 28.251310, 34.941883>,  <26.754667, 28.388432, 35.276497>, 0.100000
	pigment { color rgbt <1,0,0,0> }
	no_shadow
}

// particle -1
sphere {
	<26.925638, 28.251310, 34.941883> 0.100000
	pigment { color rgbt <1,0,0,0> }
	no_shadow
}
sphere {
	0, 1
	scale<0.080000,0.200000,0.300000>
	matrix <0.262102, 0.932568, -0.248233,
		0.865222, -0.113157, 0.488453,
		0.427426, -0.342801, -0.836537,
		27.053865, 28.148470, 34.690922>
	pigment { color rgbt <0,1,1,0> }
	no_shadow
}
cylinder {
	<27.481451, 28.617313, 35.256157>,  <26.754667, 28.388432, 35.276497>, 0.130000
	pigment { color rgbt <1,0,0,0> }
	no_shadow
}

// nucleotide -1

// particle -1
sphere {
	<27.481451, 28.617313, 35.256157> 0.250000
	pigment { color rgbt <1,0,0,0> }
	no_shadow
}
cylinder {
	<27.386190, 28.555662, 34.872589>,  <27.329035, 28.518671, 34.642448>, 0.100000
	pigment { color rgbt <1,0,0,0> }
	no_shadow
}
cylinder {
	<27.386190, 28.555662, 34.872589>,  <27.481451, 28.617313, 35.256157>, 0.100000
	pigment { color rgbt <1,0,0,0> }
	no_shadow
}

// particle -1
sphere {
	<27.386190, 28.555662, 34.872589> 0.100000
	pigment { color rgbt <1,0,0,0> }
	no_shadow
}
sphere {
	0, 1
	scale<0.080000,0.200000,0.300000>
	matrix <0.267320, 0.938791, -0.217283,
		0.933715, -0.308085, -0.182371,
		-0.238149, -0.154129, -0.958921,
		27.314745, 28.509424, 34.584911>
	pigment { color rgbt <0,1,1,0> }
	no_shadow
}
cylinder {
	<28.061361, 28.820597, 34.760567>,  <27.481451, 28.617313, 35.256157>, 0.130000
	pigment { color rgbt <1,0,0,0> }
	no_shadow
}

// nucleotide -1

// particle -1
sphere {
	<28.061361, 28.820597, 34.760567> 0.250000
	pigment { color rgbt <1,0,0,0> }
	no_shadow
}
cylinder {
	<27.739304, 28.841450, 34.524254>,  <27.546068, 28.853962, 34.382465>, 0.100000
	pigment { color rgbt <1,0,0,0> }
	no_shadow
}
cylinder {
	<27.739304, 28.841450, 34.524254>,  <28.061361, 28.820597, 34.760567>, 0.100000
	pigment { color rgbt <1,0,0,0> }
	no_shadow
}

// particle -1
sphere {
	<27.739304, 28.841450, 34.524254> 0.100000
	pigment { color rgbt <1,0,0,0> }
	no_shadow
}
sphere {
	0, 1
	scale<0.080000,0.200000,0.300000>
	matrix <0.276353, 0.914358, -0.295937,
		0.524758, -0.401537, -0.750597,
		-0.805144, 0.052134, -0.590783,
		27.497761, 28.857090, 34.347019>
	pigment { color rgbt <0,1,1,0> }
	no_shadow
}
cylinder {
	<28.258337, 29.011913, 34.005234>,  <28.061361, 28.820597, 34.760567>, 0.130000
	pigment { color rgbt <1,0,0,0> }
	no_shadow
}

// nucleotide -1

// particle -1
sphere {
	<28.258337, 29.011913, 34.005234> 0.250000
	pigment { color rgbt <1,0,0,0> }
	no_shadow
}
cylinder {
	<27.882471, 29.128042, 34.077614>,  <27.656952, 29.197720, 34.121040>, 0.100000
	pigment { color rgbt <1,0,0,0> }
	no_shadow
}
cylinder {
	<27.882471, 29.128042, 34.077614>,  <28.258337, 29.011913, 34.005234>, 0.100000
	pigment { color rgbt <1,0,0,0> }
	no_shadow
}

// particle -1
sphere {
	<27.882471, 29.128042, 34.077614> 0.100000
	pigment { color rgbt <1,0,0,0> }
	no_shadow
}
sphere {
	0, 1
	scale<0.080000,0.200000,0.300000>
	matrix <0.225665, 0.923582, -0.309953,
		-0.257110, -0.250418, -0.933373,
		-0.939665, 0.290321, 0.180951,
		27.600571, 29.215139, 34.131901>
	pigment { color rgbt <0,1,1,0> }
	no_shadow
}
cylinder {
	<28.058260, 29.463354, 33.401260>,  <28.258337, 29.011913, 34.005234>, 0.130000
	pigment { color rgbt <1,0,0,0> }
	no_shadow
}

// nucleotide -1

// particle -1
sphere {
	<28.058260, 29.463354, 33.401260> 0.250000
	pigment { color rgbt <1,0,0,0> }
	no_shadow
}
cylinder {
	<27.683836, 29.415625, 33.268864>,  <27.459183, 29.386988, 33.189426>, 0.100000
	pigment { color rgbt <1,0,0,0> }
	no_shadow
}
cylinder {
	<27.683836, 29.415625, 33.268864>,  <28.058260, 29.463354, 33.401260>, 0.100000
	pigment { color rgbt <1,0,0,0> }
	no_shadow
}

// particle -1
sphere {
	<27.683836, 29.415625, 33.268864> 0.100000
	pigment { color rgbt <1,0,0,0> }
	no_shadow
}
sphere {
	0, 1
	scale<0.080000,0.200000,0.300000>
	matrix <-0.257523, 0.873353, 0.413444,
