// switches for output
#declare DRAW_BASES = 1; // possible values are 0, 1; only relevant for DNA ribbons
#declare DRAW_BASES_TYPE = 3; // possible values are 1, 2, 3; only relevant for DNA ribbons
#declare DRAW_FOG = 0; // set to 1 to enable fog

#include "colors.inc"

#include "transforms.inc"
background { rgb <1, 1, 1>}

#default {
   normal{
       ripples 0.25
       frequency 0.20
       turbulence 0.2
       lambda 5
   }
	finish {
		phong 0.1
		phong_size 40.
	}
}

// original window dimensions: 1024x640


// camera settings

camera {
	sky <0, 0.179814, -0.983701>
	up <0, 0.179814, -0.983701>
	right 1.6 * <1, 0, 0>
	location <35, 94.9851, 44.8844>
	look_at <35, 29.7336, 32.9568>
	direction <0, -65.2515, -11.9276>
	angle 67.0682
}


# declare cpy_camera_pos = <35, 94.9851, 44.8844>;
# if (DRAW_FOG = 1)
fog {
	fog_type 2
	up vnormalize(cpy_camera_pos)
	color rgbt<1,1,1,0.3>
	distance 1e-5
	fog_alt 3e-3
	fog_offset 56
}
# end


// LIGHTS

# declare lum = 6;
global_settings {
	ambient_light rgb lum * <0.05, 0.05, 0.05>
	max_trace_level 15
}# declare cpy_direct_light_amount = 0.25;
light_source
{	1000 * <-1, -1.16352, -0.803886>,
	rgb lum * cpy_direct_light_amount
	parallel
}

light_source
{	1000 * <1, 1.16352, 0.803886>,
	rgb lum * cpy_direct_light_amount
	parallel
}

// strand 0

// nucleotide -1

// particle -1
sphere {
	<24.331026, 34.882725, 35.372272> 0.250000
	pigment { color rgbt <1,0,0,0> }
	no_shadow
}
cylinder {
	<24.453667, 34.932369, 34.994789>,  <24.527250, 34.962154, 34.768299>, 0.100000
	pigment { color rgbt <1,0,0,0> }
	no_shadow
}
cylinder {
	<24.453667, 34.932369, 34.994789>,  <24.331026, 34.882725, 35.372272>, 0.100000
	pigment { color rgbt <1,0,0,0> }
	no_shadow
}

// particle -1
sphere {
	<24.453667, 34.932369, 34.994789> 0.100000
	pigment { color rgbt <1,0,0,0> }
	no_shadow
}
sphere {
	0, 1
	scale<0.080000,0.200000,0.300000>
	matrix <0.743434, 0.587911, 0.318852,
		0.594392, -0.799347, 0.087984,
		0.306601, 0.124113, -0.943712,
		24.545647, 34.969604, 34.711678>
	pigment { color rgbt <0,1,1,0> }
	no_shadow
}
cylinder {
	<25.016333, 34.664230, 35.283253>,  <24.331026, 34.882725, 35.372272>, 0.130000
	pigment { color rgbt <1,0,0,0> }
	no_shadow
}

// nucleotide -1

// particle -1
sphere {
	<25.016333, 34.664230, 35.283253> 0.250000
	pigment { color rgbt <1,0,0,0> }
	no_shadow
}
cylinder {
	<24.932606, 34.928040, 34.994469>,  <24.882370, 35.086323, 34.821198>, 0.100000
	pigment { color rgbt <1,0,0,0> }
	no_shadow
}
cylinder {
	<24.932606, 34.928040, 34.994469>,  <25.016333, 34.664230, 35.283253>, 0.100000
	pigment { color rgbt <1,0,0,0> }
	no_shadow
}

// particle -1
sphere {
	<24.932606, 34.928040, 34.994469> 0.100000
	pigment { color rgbt <1,0,0,0> }
	no_shadow
}
sphere {
	0, 1
	scale<0.080000,0.200000,0.300000>
	matrix <0.766018, 0.569494, 0.298148,
		0.607784, -0.490624, -0.624408,
		-0.209318, 0.659518, -0.721957,
		24.869810, 35.125896, 34.777882>
	pigment { color rgbt <0,1,1,0> }
	no_shadow
}
cylinder {
	<25.413845, 34.885265, 34.548378>,  <25.016333, 34.664230, 35.283253>, 0.130000
	pigment { color rgbt <1,0,0,0> }
	no_shadow
}

// nucleotide -1

// particle -1
sphere {
	<25.413845, 34.885265, 34.548378> 0.250000
	pigment { color rgbt <1,0,0,0> }
	no_shadow
}
cylinder {
	<25.232767, 35.220402, 34.670418>,  <25.124121, 35.421486, 34.743641>, 0.100000
	pigment { color rgbt <1,0,0,0> }
	no_shadow
}
cylinder {
	<25.232767, 35.220402, 34.670418>,  <25.413845, 34.885265, 34.548378>, 0.100000
	pigment { color rgbt <1,0,0,0> }
	no_shadow
}

// particle -1
sphere {
	<25.232767, 35.220402, 34.670418> 0.100000
	pigment { color rgbt <1,0,0,0> }
	no_shadow
}
sphere {
	0, 1
	scale<0.080000,0.200000,0.300000>
	matrix <0.840395, 0.286561, 0.460020,
		0.297996, 0.464653, -0.833844,
		-0.452697, 0.837843, 0.305098,
		25.096958, 35.471756, 34.761948>
	pigment { color rgbt <0,1,1,0> }
	no_shadow
}
cylinder {
	<25.843634, 35.489246, 34.298454>,  <25.413845, 34.885265, 34.548378>, 0.130000
	pigment { color rgbt <1,0,0,0> }
	no_shadow
}

// nucleotide -1

// particle -1
sphere {
	<25.843634, 35.489246, 34.298454> 0.250000
	pigment { color rgbt <1,0,0,0> }
	no_shadow
}
cylinder {
	<25.641155, 35.533031, 34.640633>,  <25.519669, 35.559303, 34.845940>, 0.100000
	pigment { color rgbt <1,0,0,0> }
	no_shadow
}
cylinder {
	<25.641155, 35.533031, 34.640633>,  <25.843634, 35.489246, 34.298454>, 0.100000
	pigment { color rgbt <1,0,0,0> }
	no_shadow
}

// particle -1
sphere {
	<25.641155, 35.533031, 34.640633> 0.100000
	pigment { color rgbt <1,0,0,0> }
	no_shadow
}
sphere {
	0, 1
	scale<0.080000,0.200000,0.300000>
	matrix <0.835973, 0.306033, 0.455514,
		-0.211932, 0.945707, -0.246420,
		-0.506196, 0.109463, 0.855444,
		25.489296, 35.565868, 34.897266>
	pigment { color rgbt <0,1,1,0> }
	no_shadow
}
cylinder {
	<25.833473, 36.166199, 34.563644>,  <25.843634, 35.489246, 34.298454>, 0.130000
	pigment { color rgbt <1,0,0,0> }
	no_shadow
}

// nucleotide -1

// particle -1
sphere {
	<25.833473, 36.166199, 34.563644> 0.250000
	pigment { color rgbt <1,0,0,0> }
	no_shadow
}
cylinder {
	<25.851301, 35.876263, 34.838634>,  <25.861998, 35.702301, 35.003628>, 0.100000
	pigment { color rgbt <1,0,0,0> }
	no_shadow
}
cylinder {
	<25.851301, 35.876263, 34.838634>,  <25.833473, 36.166199, 34.563644>, 0.100000
	pigment { color rgbt <1,0,0,0> }
	no_shadow
}

// particle -1
sphere {
	<25.851301, 35.876263, 34.838634> 0.100000
	pigment { color rgbt <1,0,0,0> }
	no_shadow
}
sphere {
	0, 1
	scale<0.080000,0.200000,0.300000>
	matrix <0.874508, 0.360991, 0.323915,
		-0.482958, 0.586766, 0.649967,
		0.044570, -0.724839, 0.687475,
		25.864672, 35.658810, 35.044876>
	pigment { color rgbt <0,1,1,0> }
	no_shadow
}
cylinder {
	<25.841270, 36.315243, 35.372982>,  <25.833473, 36.166199, 34.563644>, 0.130000
	pigment { color rgbt <1,0,0,0> }
	no_shadow
}

// nucleotide -1

// particle -1
sphere {
	<25.841270, 36.315243, 35.372982> 0.250000
	pigment { color rgbt <1,0,0,0> }
	no_shadow
}
cylinder {
	<26.030479, 35.974747, 35.282082>,  <26.144005, 35.770451, 35.227539>, 0.100000
	pigment { color rgbt <1,0,0,0> }
	no_shadow
}
cylinder {
	<26.030479, 35.974747, 35.282082>,  <25.841270, 36.315243, 35.372982>, 0.100000
	pigment { color rgbt <1,0,0,0> }
	no_shadow
}

// particle -1
sphere {
	<26.030479, 35.974747, 35.282082> 0.100000
	pigment { color rgbt <1,0,0,0> }
	no_shadow
}
sphere {
	0, 1
	scale<0.080000,0.200000,0.300000>
	matrix <0.781703, 0.286493, 0.553951,
		-0.406437, -0.439676, 0.800933,
		0.473021, -0.851238, -0.227254,
		26.172386, 35.719376, 35.213905>
	pigment { color rgbt <0,1,1,0> }
	no_shadow
}
cylinder {
	<26.142035, 36.013382, 36.075062>,  <25.841270, 36.315243, 35.372982>, 0.130000
	pigment { color rgbt <1,0,0,0> }
	no_shadow
}

// nucleotide -1

// particle -1
sphere {
	<26.142035, 36.013382, 36.075062> 0.250000
	pigment { color rgbt <1,0,0,0> }
	no_shadow
}
cylinder {
	<26.316757, 35.930050, 35.725021>,  <26.421591, 35.880051, 35.514999>, 0.100000
	pigment { color rgbt <1,0,0,0> }
	no_shadow
}
cylinder {
	<26.316757, 35.930050, 35.725021>,  <26.142035, 36.013382, 36.075062>, 0.100000
	pigment { color rgbt <1,0,0,0> }
	no_shadow
}

// particle -1
sphere {
	<26.316757, 35.930050, 35.725021> 0.100000
	pigment { color rgbt <1,0,0,0> }
	no_shadow
}
sphere {
	0, 1
	scale<0.080000,0.200000,0.300000>
	matrix <0.878347, 0.308770, 0.364921,
		0.194179, -0.928040, 0.317861,
		0.436807, -0.208332, -0.875099,
		26.447800, 35.867550, 35.462490>
	pigment { color rgbt <0,1,1,0> }
	no_shadow
}
cylinder {
	<26.665892, 35.442841, 36.211288>,  <26.142035, 36.013382, 36.075062>, 0.130000
	pigment { color rgbt <1,0,0,0> }
	no_shadow
}

// nucleotide -1

// particle -1
sphere {
	<26.665892, 35.442841, 36.211288> 0.250000
	pigment { color rgbt <1,0,0,0> }
	no_shadow
}
cylinder {
	<26.767414, 35.679337, 35.905083>,  <26.828327, 35.821236, 35.721359>, 0.100000
	pigment { color rgbt <1,0,0,0> }
	no_shadow
}
cylinder {
	<26.767414, 35.679337, 35.905083>,  <26.665892, 35.442841, 36.211288>, 0.100000
	pigment { color rgbt <1,0,0,0> }
	no_shadow
}

// particle -1
sphere {
	<26.767414, 35.679337, 35.905083> 0.100000
	pigment { color rgbt <1,0,0,0> }
	no_shadow
}
sphere {
	0, 1
	scale<0.080000,0.200000,0.300000>
	matrix <0.895020, 0.156548, 0.417650,
		0.366772, -0.791155, -0.489441,
		0.253805, 0.591242, -0.765517,
		26.843555, 35.856709, 35.675426>
	pigment { color rgbt <0,1,1,0> }
	no_shadow
}
cylinder {
	<27.436359, 35.385159, 36.196651>,  <26.665892, 35.442841, 36.211288>, 0.130000
	pigment { color rgbt <1,0,0,0> }
	no_shadow
}

// nucleotide -1

// particle -1
sphere {
	<27.436359, 35.385159, 36.196651> 0.250000
	pigment { color rgbt <1,0,0,0> }
	no_shadow
}
cylinder {
	<27.332153, 35.718040, 36.000870>,  <27.269630, 35.917770, 35.883400>, 0.100000
	pigment { color rgbt <1,0,0,0> }
	no_shadow
}
cylinder {
	<27.332153, 35.718040, 36.000870>,  <27.436359, 35.385159, 36.196651>, 0.100000
	pigment { color rgbt <1,0,0,0> }
	no_shadow
}

// particle -1
sphere {
	<27.332153, 35.718040, 36.000870> 0.100000
	pigment { color rgbt <1,0,0,0> }
	no_shadow
}
sphere {
	0, 1
	scale<0.080000,0.200000,0.300000>
	matrix <0.826837, 0.454055, 0.331926,
		0.498470, -0.318227, -0.806386,
		-0.260516, 0.832205, -0.489455,
		27.253998, 35.967701, 35.854034>
	pigment { color rgbt <0,1,1,0> }
	no_shadow
}
cylinder {
	<27.974070, 35.694115, 35.781059>,  <27.436359, 35.385159, 36.196651>, 0.130000
	pigment { color rgbt <1,0,0,0> }
	no_shadow
}

// nucleotide -1

// particle -1
sphere {
	<27.974070, 35.694115, 35.781059> 0.250000
	pigment { color rgbt <1,0,0,0> }
	no_shadow
}
cylinder {
	<27.727797, 36.003567, 35.840973>,  <27.580032, 36.189240, 35.876919>, 0.100000
	pigment { color rgbt <1,0,0,0> }
	no_shadow
}
cylinder {
	<27.727797, 36.003567, 35.840973>,  <27.974070, 35.694115, 35.781059>, 0.100000
	pigment { color rgbt <1,0,0,0> }
	no_shadow
}

// particle -1
sphere {
	<27.727797, 36.003567, 35.840973> 0.100000
	pigment { color rgbt <1,0,0,0> }
	no_shadow
}
sphere {
	0, 1
	scale<0.080000,0.200000,0.300000>
	matrix <0.761065, 0.534531, 0.367500,
		0.204246, 0.340256, -0.917883,
		-0.615681, 0.773630, 0.149781,
		27.543093, 36.235657, 35.885906>
	pigment { color rgbt <0,1,1,0> }
	no_shadow
}
cylinder {
	<28.397766, 36.238560, 35.598217>,  <27.974070, 35.694115, 35.781059>, 0.130000
	pigment { color rgbt <1,0,0,0> }
	no_shadow
}

// nucleotide -1

// particle -1
sphere {
	<28.397766, 36.238560, 35.598217> 0.250000
	pigment { color rgbt <1,0,0,0> }
	no_shadow
}
cylinder {
	<28.103407, 36.404251, 35.812458>,  <27.926792, 36.503666, 35.941002>, 0.100000
	pigment { color rgbt <1,0,0,0> }
	no_shadow
}
cylinder {
	<28.103407, 36.404251, 35.812458>,  <28.397766, 36.238560, 35.598217>, 0.100000
	pigment { color rgbt <1,0,0,0> }
	no_shadow
}

// particle -1
sphere {
	<28.103407, 36.404251, 35.812458> 0.100000
	pigment { color rgbt <1,0,0,0> }
	no_shadow
}
sphere {
	0, 1
	scale<0.080000,0.200000,0.300000>
	matrix <0.672897, 0.359472, 0.646521,
		0.075268, 0.836181, -0.543265,
		-0.735897, 0.414224, 0.535607,
		27.882637, 36.528519, 35.973141>
	pigment { color rgbt <0,1,1,0> }
	no_shadow
}
cylinder {
	<28.552521, 36.939957, 35.668522>,  <28.397766, 36.238560, 35.598217>, 0.130000
	pigment { color rgbt <1,0,0,0> }
	no_shadow
}

// nucleotide -1

// particle -1
sphere {
	<28.552521, 36.939957, 35.668522> 0.250000
	pigment { color rgbt <1,0,0,0> }
	no_shadow
}
cylinder {
	<28.325363, 36.812527, 35.972103>,  <28.189070, 36.736069, 36.154251>, 0.100000
	pigment { color rgbt <1,0,0,0> }
	no_shadow
}
cylinder {
	<28.325363, 36.812527, 35.972103>,  <28.552521, 36.939957, 35.668522>, 0.100000
	pigment { color rgbt <1,0,0,0> }
	no_shadow
}

// particle -1
sphere {
	<28.325363, 36.812527, 35.972103> 0.100000
	pigment { color rgbt <1,0,0,0> }
	no_shadow
}
sphere {
	0, 1
	scale<0.080000,0.200000,0.300000>
	matrix <0.611368, 0.454117, 0.648079,
		-0.551115, 0.832038, -0.063124,
		-0.567892, -0.318574, 0.758953,
		28.154995, 36.716953, 36.199787>
	pigment { color rgbt <0,1,1,0> }
	no_shadow
}
cylinder {
	<28.297756, 37.589634, 36.053059>,  <28.552521, 36.939957, 35.668522>, 0.130000
	pigment { color rgbt <1,0,0,0> }
	no_shadow
}

// nucleotide -1

// particle -1
sphere {
	<28.297756, 37.589634, 36.053059> 0.250000
	pigment { color rgbt <1,0,0,0> }
	no_shadow
}
cylinder {
	<28.276449, 37.261120, 36.280270>,  <28.263664, 37.064011, 36.416595>, 0.100000
	pigment { color rgbt <1,0,0,0> }
	no_shadow
}
cylinder {
	<28.276449, 37.261120, 36.280270>,  <28.297756, 37.589634, 36.053059>, 0.100000
	pigment { color rgbt <1,0,0,0> }
	no_shadow
}

// particle -1
sphere {
	<28.276449, 37.261120, 36.280270> 0.100000
	pigment { color rgbt <1,0,0,0> }
	no_shadow
}
sphere {
	0, 1
	scale<0.080000,0.200000,0.300000>
	matrix <0.376555, 0.510325, 0.773159,
		-0.924862, 0.255080, 0.282073,
		-0.053269, -0.821281, 0.568032,
		28.260469, 37.014736, 36.450680>
	pigment { color rgbt <0,1,1,0> }
	no_shadow
}
cylinder {
	<27.849457, 37.654892, 36.569332>,  <28.297756, 37.589634, 36.053059>, 0.130000
	pigment { color rgbt <1,0,0,0> }
	no_shadow
}

// nucleotide -1

// particle -1
sphere {
	<27.849457, 37.654892, 36.569332> 0.250000
	pigment { color rgbt <1,0,0,0> }
	no_shadow
}
cylinder {
	<28.149248, 37.419247, 36.690151>,  <28.329123, 37.277859, 36.762642>, 0.100000
	pigment { color rgbt <1,0,0,0> }
	no_shadow
}
cylinder {
	<28.149248, 37.419247, 36.690151>,  <27.849457, 37.654892, 36.569332>, 0.100000
	pigment { color rgbt <1,0,0,0> }
	no_shadow
}

// particle -1
sphere {
	<28.149248, 37.419247, 36.690151> 0.100000
	pigment { color rgbt <1,0,0,0> }
	no_shadow
}
sphere {
	0, 1
	scale<0.080000,0.200000,0.300000>
	matrix <0.153029, 0.598053, 0.786712,
		-0.644101, -0.543400, 0.538377,
		0.749477, -0.589109, 0.302050,
		28.374092, 37.242516, 36.780766>
	pigment { color rgbt <0,1,1,0> }
	no_shadow
}
cylinder {
	<27.796537, 37.320152, 37.305412>,  <27.849457, 37.654892, 36.569332>, 0.130000
	pigment { color rgbt <1,0,0,0> }
	no_shadow
}

// nucleotide -1

// particle -1
sphere {
	<27.796537, 37.320152, 37.305412> 0.250000
	pigment { color rgbt <1,0,0,0> }
	no_shadow
}
cylinder {
	<28.174131, 37.386517, 37.191315>,  <28.400688, 37.426334, 37.122856>, 0.100000
	pigment { color rgbt <1,0,0,0> }
	no_shadow
}
cylinder {
	<28.174131, 37.386517, 37.191315>,  <27.796537, 37.320152, 37.305412>, 0.100000
	pigment { color rgbt <1,0,0,0> }
	no_shadow
}

// particle -1
sphere {
	<28.174131, 37.386517, 37.191315> 0.100000
	pigment { color rgbt <1,0,0,0> }
	no_shadow
}
sphere {
	0, 1
	scale<0.080000,0.200000,0.300000>
	matrix <0.228580, 0.294653, 0.927863,
		0.237991, -0.941091, 0.240224,
		0.943987, 0.165913, -0.285239,
		28.457327, 37.436291, 37.105743>
	pigment { color rgbt <0,1,1,0> }
	no_shadow
}
cylinder {
	<27.526939, 36.614700, 37.004211>,  <27.796537, 37.320152, 37.305412>, 0.130000
	pigment { color rgbt <1,0,0,0> }
	no_shadow
}

// nucleotide -1

// particle -1
sphere {
	<27.526939, 36.614700, 37.004211> 0.250000
	pigment { color rgbt <1,0,0,0> }
	no_shadow
}
cylinder {
	<27.676794, 36.792858, 36.678936>,  <27.766706, 36.899754, 36.483772>, 0.100000
	pigment { color rgbt <1,0,0,0> }
	no_shadow
}
cylinder {
	<27.676794, 36.792858, 36.678936>,  <27.526939, 36.614700, 37.004211>, 0.100000
	pigment { color rgbt <1,0,0,0> }
	no_shadow
}

// particle -1
sphere {
	<27.676794, 36.792858, 36.678936> 0.100000
	pigment { color rgbt <1,0,0,0> }
	no_shadow
}
sphere {
	0, 1
	scale<0.080000,0.200000,0.300000>
	matrix <-0.828723, -0.232443, -0.509106,
		-0.415773, 0.864635, 0.282028,
		0.374635, 0.445395, -0.813186,
		27.789185, 36.926476, 36.434978>
	pigment { color rgbt <0,1,1,0> }
	no_shadow
}
cylinder {
	<27.019573, 37.140644, 36.699768>,  <27.526939, 36.614700, 37.004211>, 0.130000
	pigment { color rgbt <1,0,0,0> }
	no_shadow
}

// nucleotide -1

// particle -1
sphere {
	<27.019573, 37.140644, 36.699768> 0.250000
	pigment { color rgbt <1,0,0,0> }
	no_shadow
}
cylinder {
	<27.275290, 36.946262, 36.461388>,  <27.428719, 36.829632, 36.318359>, 0.100000
	pigment { color rgbt <1,0,0,0> }
	no_shadow
}
cylinder {
	<27.275290, 36.946262, 36.461388>,  <27.019573, 37.140644, 36.699768>, 0.100000
	pigment { color rgbt <1,0,0,0> }
	no_shadow
}

// particle -1
sphere {
	<27.275290, 36.946262, 36.461388> 0.100000
	pigment { color rgbt <1,0,0,0> }
	no_shadow
}
sphere {
	0, 1
	scale<0.080000,0.200000,0.300000>
	matrix <-0.767851, -0.361725, -0.528735,
		0.041374, 0.795613, -0.604390,
		0.639291, -0.485957, -0.595946,
		27.467077, 36.800476, 36.282604>
	pigment { color rgbt <0,1,1,0> }
	no_shadow
}
cylinder {
	<26.762321, 37.319305, 36.025635>,  <27.019573, 37.140644, 36.699768>, 0.130000
	pigment { color rgbt <1,0,0,0> }
	no_shadow
}

// nucleotide -1

// particle -1
sphere {
	<26.762321, 37.319305, 36.025635> 0.250000
	pigment { color rgbt <1,0,0,0> }
	no_shadow
}
cylinder {
	<26.981794, 36.987347, 35.985184>,  <27.113478, 36.788174, 35.960915>, 0.100000
	pigment { color rgbt <1,0,0,0> }
	no_shadow
}
cylinder {
	<26.981794, 36.987347, 35.985184>,  <26.762321, 37.319305, 36.025635>, 0.100000
	pigment { color rgbt <1,0,0,0> }
	no_shadow
}

// particle -1
sphere {
	<26.981794, 36.987347, 35.985184> 0.100000
	pigment { color rgbt <1,0,0,0> }
	no_shadow
}
sphere {
	0, 1
	scale<0.080000,0.200000,0.300000>
	matrix <-0.639551, -0.338747, -0.690091,
		0.538446, 0.443315, -0.716623,
		0.548681, -0.829893, -0.101125,
		27.146399, 36.738380, 35.954845>
	pigment { color rgbt <0,1,1,0> }
	no_shadow
}
cylinder {
	<26.737755, 37.100243, 35.385189>,  <26.762321, 37.319305, 36.025635>, 0.130000
	pigment { color rgbt <1,0,0,0> }
	no_shadow
}

// nucleotide -1

// particle -1
sphere {
	<26.737755, 37.100243, 35.385189> 0.250000
	pigment { color rgbt <1,0,0,0> }
	no_shadow
}
cylinder {
	<26.886789, 36.755398, 35.522556>,  <26.976210, 36.548489, 35.604977>, 0.100000
	pigment { color rgbt <1,0,0,0> }
	no_shadow
}
cylinder {
	<26.886789, 36.755398, 35.522556>,  <26.737755, 37.100243, 35.385189>, 0.100000
	pigment { color rgbt <1,0,0,0> }
	no_shadow
}

// particle -1
sphere {
	<26.886789, 36.755398, 35.522556> 0.100000
	pigment { color rgbt <1,0,0,0> }
	no_shadow
}
sphere {
	0, 1
	scale<0.080000,0.200000,0.300000>
	matrix <-0.542157, -0.502560, -0.673423,
		0.753158, 0.064720, -0.654648,
		0.372584, -0.862116, 0.343419,
		26.998564, 36.496761, 35.625584>
	pigment { color rgbt <0,1,1,0> }
	no_shadow
}
cylinder {
	<27.042374, 36.726875, 34.757683>,  <26.737755, 37.100243, 35.385189>, 0.130000
	pigment { color rgbt <1,0,0,0> }
	no_shadow
}

// nucleotide -1

// particle -1
sphere {
	<27.042374, 36.726875, 34.757683> 0.250000
	pigment { color rgbt <1,0,0,0> }
	no_shadow
}
cylinder {
	<26.959660, 36.470680, 35.053524>,  <26.910030, 36.316963, 35.231030>, 0.100000
	pigment { color rgbt <1,0,0,0> }
	no_shadow
}
cylinder {
	<26.959660, 36.470680, 35.053524>,  <27.042374, 36.726875, 34.757683>, 0.100000
	pigment { color rgbt <1,0,0,0> }
	no_shadow
}

// particle -1
sphere {
	<26.959660, 36.470680, 35.053524> 0.100000
	pigment { color rgbt <1,0,0,0> }
	no_shadow
}
sphere {
	0, 1
	scale<0.080000,0.200000,0.300000>
	matrix <-0.407876, -0.630691, -0.660202,
		0.889313, -0.438188, -0.130822,
		-0.206785, -0.640485, 0.739608,
		26.897625, 36.278534, 35.275406>
	pigment { color rgbt <0,1,1,0> }
	no_shadow
}
cylinder {
	<27.750780, 36.625118, 34.499409>,  <27.042374, 36.726875, 34.757683>, 0.130000
	pigment { color rgbt <1,0,0,0> }
	no_shadow
}

// nucleotide -1

// particle -1
sphere {
	<27.750780, 36.625118, 34.499409> 0.250000
	pigment { color rgbt <1,0,0,0> }
	no_shadow
}
cylinder {
	<27.889296, 36.328568, 34.729347>,  <27.972404, 36.150639, 34.867310>, 0.100000
	pigment { color rgbt <1,0,0,0> }
	no_shadow
}
cylinder {
	<27.889296, 36.328568, 34.729347>,  <27.750780, 36.625118, 34.499409>, 0.100000
	pigment { color rgbt <1,0,0,0> }
	no_shadow
}

// particle -1
sphere {
	<27.889296, 36.328568, 34.729347> 0.100000
	pigment { color rgbt <1,0,0,0> }
	no_shadow
}
sphere {
	0, 1
	scale<0.080000,0.200000,0.300000>
	matrix <0.618597, -0.280220, -0.734040,
		0.705281, 0.609789, 0.361573,
		0.346290, -0.741373, 0.574848,
		27.993183, 36.106155, 34.901802>
	pigment { color rgbt <0,1,1,0> }
	no_shadow
}
cylinder {
	<28.516418, 36.601276, 34.529949>,  <27.750780, 36.625118, 34.499409>, 0.130000
	pigment { color rgbt <1,0,0,0> }
	no_shadow
}

// nucleotide -1

// particle -1
sphere {
	<28.516418, 36.601276, 34.529949> 0.250000
	pigment { color rgbt <1,0,0,0> }
	no_shadow
}
cylinder {
	<28.363924, 36.235283, 34.582802>,  <28.272427, 36.015686, 34.614513>, 0.100000
	pigment { color rgbt <1,0,0,0> }
	no_shadow
}
cylinder {
	<28.363924, 36.235283, 34.582802>,  <28.516418, 36.601276, 34.529949>, 0.100000
	pigment { color rgbt <1,0,0,0> }
	no_shadow
}

// particle -1
sphere {
	<28.363924, 36.235283, 34.582802> 0.100000
	pigment { color rgbt <1,0,0,0> }
	no_shadow
}
sphere {
	0, 1
	scale<0.080000,0.200000,0.300000>
	matrix <0.517146, -0.329540, -0.789913,
		0.766301, -0.232815, 0.598815,
		-0.381237, -0.914987, 0.132127,
		28.249554, 35.960789, 34.622440>
	pigment { color rgbt <0,1,1,0> }
	no_shadow
}
cylinder {
	<28.989155, 36.010765, 34.678619>,  <28.516418, 36.601276, 34.529949>, 0.130000
	pigment { color rgbt <1,0,0,0> }
	no_shadow
}

// nucleotide -1

// particle -1
sphere {
	<28.989155, 36.010765, 34.678619> 0.250000
	pigment { color rgbt <1,0,0,0> }
	no_shadow
}
cylinder {
	<28.672613, 35.885838, 34.468395>,  <28.482689, 35.810883, 34.342258>, 0.100000
	pigment { color rgbt <1,0,0,0> }
	no_shadow
}
cylinder {
	<28.672613, 35.885838, 34.468395>,  <28.989155, 36.010765, 34.678619>, 0.100000
	pigment { color rgbt <1,0,0,0> }
	no_shadow
}

// particle -1
sphere {
	<28.672613, 35.885838, 34.468395> 0.100000
	pigment { color rgbt <1,0,0,0> }
	no_shadow
}
sphere {
	0, 1
	scale<0.080000,0.200000,0.300000>
	matrix <0.611202, -0.384731, -0.691675,
		0.013820, -0.868586, 0.495346,
		-0.791354, -0.312316, -0.525564,
		28.435207, 35.792145, 34.310726>
	pigment { color rgbt <0,1,1,0> }
	no_shadow
}
cylinder {
	<29.074064, 35.291779, 34.505432>,  <28.989155, 36.010765, 34.678619>, 0.130000
	pigment { color rgbt <1,0,0,0> }
	no_shadow
}

// nucleotide -1

// particle -1
sphere {
	<29.074064, 35.291779, 34.505432> 0.250000
	pigment { color rgbt <1,0,0,0> }
	no_shadow
}
cylinder {
	<28.814817, 35.418858, 34.228588>,  <28.659269, 35.495106, 34.062481>, 0.100000
	pigment { color rgbt <1,0,0,0> }
	no_shadow
}
cylinder {
	<28.814817, 35.418858, 34.228588>,  <29.074064, 35.291779, 34.505432>, 0.100000
	pigment { color rgbt <1,0,0,0> }
	no_shadow
}

// particle -1
sphere {
	<28.814817, 35.418858, 34.228588> 0.100000
	pigment { color rgbt <1,0,0,0> }
	no_shadow
}
sphere {
	0, 1
	scale<0.080000,0.200000,0.300000>
	matrix <0.543138, -0.444211, -0.712515,
		-0.533805, -0.837703, 0.115348,
		-0.648115, 0.317695, -0.692111,
		28.620382, 35.514164, 34.020954>
	pigment { color rgbt <0,1,1,0> }
	no_shadow
}
cylinder {
	<28.712505, 34.830685, 34.083820>,  <29.074064, 35.291779, 34.505432>, 0.130000
	pigment { color rgbt <1,0,0,0> }
	no_shadow
}

// nucleotide -1

// particle -1
sphere {
	<28.712505, 34.830685, 34.083820> 0.250000
	pigment { color rgbt <1,0,0,0> }
	no_shadow
}
cylinder {
	<28.822792, 35.159061, 33.883808>,  <28.888964, 35.356087, 33.763802>, 0.100000
	pigment { color rgbt <1,0,0,0> }
	no_shadow
}
cylinder {
	<28.822792, 35.159061, 33.883808>,  <28.712505, 34.830685, 34.083820>, 0.100000
	pigment { color rgbt <1,0,0,0> }
	no_shadow
}

// particle -1
sphere {
	<28.822792, 35.159061, 33.883808> 0.100000
	pigment { color rgbt <1,0,0,0> }
	no_shadow
}
sphere {
	0, 1
	scale<0.080000,0.200000,0.300000>
	matrix <0.465197, -0.569177, -0.677959,
		-0.841172, -0.045687, -0.538834,
		0.275718, 0.820945, -0.500030,
		28.905508, 35.405346, 33.733799>
	pigment { color rgbt <0,1,1,0> }
	no_shadow
}
cylinder {
	<28.507881, 34.742191, 33.376026>,  <28.712505, 34.830685, 34.083820>, 0.130000
	pigment { color rgbt <1,0,0,0> }
	no_shadow
}

// nucleotide -1

// particle -1
sphere {
	<28.507881, 34.742191, 33.376026> 0.250000
	pigment { color rgbt <1,0,0,0> }
	no_shadow
}
cylinder {
	<28.816813, 34.994736, 33.404022>,  <29.002171, 35.146263, 33.420818>, 0.100000
	pigment { color rgbt <1,0,0,0> }
	no_shadow
}
cylinder {
	<28.816813, 34.994736, 33.404022>,  <28.507881, 34.742191, 33.376026>, 0.100000
	pigment { color rgbt <1,0,0,0> }
	no_shadow
}

// particle -1
sphere {
	<28.816813, 34.994736, 33.404022> 0.100000
	pigment { color rgbt <1,0,0,0> }
	no_shadow
}
sphere {
	0, 1
	scale<0.080000,0.200000,0.300000>
	matrix <0.482315, -0.511145, -0.711410,
		-0.413379, 0.583198, -0.699284,
		0.772328, 0.631357, 0.069989,
		29.048512, 35.184143, 33.425018>
	pigment { color rgbt <0,1,1,0> }
	no_shadow
}
cylinder {
	<28.720327, 35.298790, 32.755127>,  <28.507881, 34.742191, 33.376026>, 0.130000
	pigment { color rgbt <1,0,0,0> }
	no_shadow
}

// nucleotide -1

// particle -1
sphere {
	<28.720327, 35.298790, 32.755127> 0.250000
	pigment { color rgbt <1,0,0,0> }
	no_shadow
}
cylinder {
	<29.004696, 35.123196, 32.974903>,  <29.175316, 35.017838, 33.106770>, 0.100000
	pigment { color rgbt <1,0,0,0> }
	no_shadow
}
cylinder {
	<29.004696, 35.123196, 32.974903>,  <28.720327, 35.298790, 32.755127>, 0.100000
	pigment { color rgbt <1,0,0,0> }
	no_shadow
}

// particle -1
sphere {
	<29.004696, 35.123196, 32.974903> 0.100000
	pigment { color rgbt <1,0,0,0> }
	no_shadow
}
sphere {
	0, 1
	scale<0.080000,0.200000,0.300000>
	matrix <0.260394, -0.561428, -0.785489,
		0.653290, 0.701490, -0.284821,
		0.710920, -0.438987, 0.549439,
		29.217972, 34.991501, 33.139736>
	pigment { color rgbt <0,1,1,0> }
	no_shadow
}
cylinder {
	<29.447002, 35.309586, 32.320866>,  <28.720327, 35.298790, 32.755127>, 0.130000
	pigment { color rgbt <1,0,0,0> }
	no_shadow
}

// nucleotide -1

// particle -1
sphere {
	<29.447002, 35.309586, 32.320866> 0.250000
	pigment { color rgbt <1,0,0,0> }
	no_shadow
}
cylinder {
	<29.444294, 35.025158, 32.602100>,  <29.442669, 34.854500, 32.770844>, 0.100000
	pigment { color rgbt <1,0,0,0> }
	no_shadow
}
cylinder {
	<29.444294, 35.025158, 32.602100>,  <29.447002, 35.309586, 32.320866>, 0.100000
	pigment { color rgbt <1,0,0,0> }
	no_shadow
}

// particle -1
sphere {
	<29.444294, 35.025158, 32.602100> 0.100000
	pigment { color rgbt <1,0,0,0> }
	no_shadow
}
sphere {
	0, 1
	scale<0.080000,0.200000,0.300000>
	matrix <0.417648, -0.640856, -0.644107,
		0.908584, 0.289282, 0.301316,
		-0.006772, -0.711070, 0.703089,
		29.442263, 34.811836, 32.813026>
	pigment { color rgbt <0,1,1,0> }
	no_shadow
}
cylinder {
	<30.182621, 35.056915, 32.327770>,  <29.447002, 35.309586, 32.320866>, 0.130000
	pigment { color rgbt <1,0,0,0> }
	no_shadow
}

// nucleotide -1

// particle -1
sphere {
	<30.182621, 35.056915, 32.327770> 0.250000
	pigment { color rgbt <1,0,0,0> }
	no_shadow
}
cylinder {
	<29.957840, 34.782604, 32.512775>,  <29.822971, 34.618019, 32.623779>, 0.100000
	pigment { color rgbt <1,0,0,0> }
	no_shadow
}
cylinder {
	<29.957840, 34.782604, 32.512775>,  <30.182621, 35.056915, 32.327770>, 0.100000
	pigment { color rgbt <1,0,0,0> }
	no_shadow
}

// particle -1
sphere {
	<29.957840, 34.782604, 32.512775> 0.100000
	pigment { color rgbt <1,0,0,0> }
	no_shadow
}
sphere {
	0, 1
	scale<0.080000,0.200000,0.300000>
	matrix <0.453892, -0.723100, -0.520681,
		0.691514, -0.082667, 0.717617,
		-0.561952, -0.685779, 0.462512,
		29.789255, 34.576870, 32.651527>
	pigment { color rgbt <0,1,1,0> }
	no_shadow
}
cylinder {
	<30.618208, 34.479103, 32.466995>,  <30.182621, 35.056915, 32.327770>, 0.130000
	pigment { color rgbt <1,0,0,0> }
	no_shadow
}

// nucleotide -1

// particle -1
sphere {
	<30.618208, 34.479103, 32.466995> 0.250000
	pigment { color rgbt <1,0,0,0> }
	no_shadow
}
cylinder {
	<30.241077, 34.346058, 32.458599>,  <30.014799, 34.266232, 32.453560>, 0.100000
	pigment { color rgbt <1,0,0,0> }
	no_shadow
}
cylinder {
	<30.241077, 34.346058, 32.458599>,  <30.618208, 34.479103, 32.466995>, 0.100000
	pigment { color rgbt <1,0,0,0> }
	no_shadow
}

// particle -1
sphere {
	<30.241077, 34.346058, 32.458599> 0.100000
	pigment { color rgbt <1,0,0,0> }
	no_shadow
}
sphere {
	0, 1
	scale<0.080000,0.200000,0.300000>
	matrix <0.264243, -0.707662, -0.655279,
		0.203101, -0.623363, 0.755095,
		-0.942829, -0.332617, -0.020993,
		29.958229, 34.246273, 32.452301>
	pigment { color rgbt <0,1,1,0> }
	no_shadow
}
cylinder {
	<30.631334, 33.768795, 32.533489>,  <30.618208, 34.479103, 32.466995>, 0.130000
	pigment { color rgbt <1,0,0,0> }
	no_shadow
}

// nucleotide -1

// particle -1
sphere {
	<30.631334, 33.768795, 32.533489> 0.250000
	pigment { color rgbt <1,0,0,0> }
	no_shadow
}
cylinder {
	<30.319998, 33.887119, 32.311974>,  <30.133196, 33.958115, 32.179066>, 0.100000
	pigment { color rgbt <1,0,0,0> }
	no_shadow
}
cylinder {
	<30.319998, 33.887119, 32.311974>,  <30.631334, 33.768795, 32.533489>, 0.100000
	pigment { color rgbt <1,0,0,0> }
	no_shadow
}

// particle -1
sphere {
	<30.319998, 33.887119, 32.311974> 0.100000
	pigment { color rgbt <1,0,0,0> }
	no_shadow
}
sphere {
	0, 1
	scale<0.080000,0.200000,0.300000>
	matrix <0.283401, -0.621545, -0.730319,
		-0.560234, -0.725384, 0.399946,
		-0.778346, 0.295804, -0.553785,
		30.086494, 33.975861, 32.145836>
	pigment { color rgbt <0,1,1,0> }
	no_shadow
}
cylinder {
	<30.267826, 33.207878, 32.451077>,  <30.631334, 33.768795, 32.533489>, 0.130000
	pigment { color rgbt <1,0,0,0> }
	no_shadow
}

// nucleotide -1

// particle -1
sphere {
	<30.267826, 33.207878, 32.451077> 0.250000
	pigment { color rgbt <1,0,0,0> }
	no_shadow
}
cylinder {
	<30.196941, 33.470615, 32.157913>,  <30.154411, 33.628258, 31.982016>, 0.100000
	pigment { color rgbt <1,0,0,0> }
	no_shadow
}
cylinder {
	<30.196941, 33.470615, 32.157913>,  <30.267826, 33.207878, 32.451077>, 0.100000
	pigment { color rgbt <1,0,0,0> }
	no_shadow
}

// particle -1
sphere {
	<30.196941, 33.470615, 32.157913> 0.100000
	pigment { color rgbt <1,0,0,0> }
	no_shadow
}
sphere {
	0, 1
	scale<0.080000,0.200000,0.300000>
	matrix <0.052425, -0.737336, -0.673489,
		-0.982776, -0.157772, 0.096228,
		-0.177210, 0.656844, -0.732907,
		30.143778, 33.667667, 31.938042>
	pigment { color rgbt <0,1,1,0> }
	no_shadow
}
cylinder {
	<29.747015, 32.903221, 32.005726>,  <30.267826, 33.207878, 32.451077>, 0.130000
	pigment { color rgbt <1,0,0,0> }
	no_shadow
}

// nucleotide -1

// particle -1
sphere {
	<29.747015, 32.903221, 32.005726> 0.250000
	pigment { color rgbt <1,0,0,0> }
	no_shadow
}
cylinder {
	<29.922859, 33.185337, 31.783266>,  <30.028366, 33.354607, 31.649790>, 0.100000
	pigment { color rgbt <1,0,0,0> }
	no_shadow
}
cylinder {
	<29.922859, 33.185337, 31.783266>,  <29.747015, 32.903221, 32.005726>, 0.100000
	pigment { color rgbt <1,0,0,0> }
	no_shadow
}

// particle -1
sphere {
	<29.922859, 33.185337, 31.783266> 0.100000
	pigment { color rgbt <1,0,0,0> }
	no_shadow
}
sphere {
	0, 1
	scale<0.080000,0.200000,0.300000>
	matrix <-0.059226, -0.595083, -0.801479,
		-0.896234, 0.385277, -0.219832,
		0.439609, 0.705293, -0.556152,
		30.054743, 33.396927, 31.616421>
	pigment { color rgbt <0,1,1,0> }
	no_shadow
}
cylinder {
	<29.363224, 32.953495, 31.365681>,  <29.747015, 32.903221, 32.005726>, 0.130000
	pigment { color rgbt <1,0,0,0> }
	no_shadow
}

// nucleotide -1

// particle -1
sphere {
	<29.363224, 32.953495, 31.365681> 0.250000
	pigment { color rgbt <1,0,0,0> }
	no_shadow
}
cylinder {
	<29.715818, 33.108971, 31.258423>,  <29.927376, 33.202255, 31.194069>, 0.100000
	pigment { color rgbt <1,0,0,0> }
	no_shadow
}
cylinder {
	<29.715818, 33.108971, 31.258423>,  <29.363224, 32.953495, 31.365681>, 0.100000
	pigment { color rgbt <1,0,0,0> }
	no_shadow
}

// particle -1
sphere {
	<29.715818, 33.108971, 31.258423> 0.100000
	pigment { color rgbt <1,0,0,0> }
	no_shadow
}
sphere {
	0, 1
	scale<0.080000,0.200000,0.300000>
	matrix <-0.002660, -0.563755, -0.825938,
		-0.472201, 0.728767, -0.495908,
		0.881487, 0.388689, -0.268144,
		29.980265, 33.225578, 31.177980>
	pigment { color rgbt <0,1,1,0> }
	no_shadow
}
cylinder {
	<29.407515, 33.238617, 30.610128>,  <29.363224, 32.953495, 31.365681>, 0.130000
	pigment { color rgbt <1,0,0,0> }
	no_shadow
}

// nucleotide -1

// particle -1
sphere {
	<29.407515, 33.238617, 30.610128> 0.250000
	pigment { color rgbt <1,0,0,0> }
	no_shadow
}
cylinder {
	<29.766552, 33.115055, 30.735928>,  <29.981974, 33.040920, 30.811407>, 0.100000
	pigment { color rgbt <1,0,0,0> }
	no_shadow
}
cylinder {
	<29.766552, 33.115055, 30.735928>,  <29.407515, 33.238617, 30.610128>, 0.100000
	pigment { color rgbt <1,0,0,0> }
	no_shadow
}

// particle -1
sphere {
	<29.766552, 33.115055, 30.735928> 0.100000
	pigment { color rgbt <1,0,0,0> }
	no_shadow
}
sphere {
	0, 1
	scale<0.080000,0.200000,0.300000>
	matrix <0.075237, -0.595607, -0.799745,
		0.434360, 0.741506, -0.511371,
		0.897592, -0.308903, 0.314497,
		30.035830, 33.022385, 30.830276>
	pigment { color rgbt <0,1,1,0> }
	no_shadow
}
cylinder {
	<29.478539, 32.869942, 29.909088>,  <29.407515, 33.238617, 30.610128>, 0.130000
	pigment { color rgbt <1,0,0,0> }
	no_shadow
}

// nucleotide -1

// particle -1
sphere {
	<29.478539, 32.869942, 29.909088> 0.250000
	pigment { color rgbt <1,0,0,0> }
	no_shadow
}
cylinder {
	<29.820723, 32.685345, 29.815098>,  <30.026033, 32.574589, 29.758703>, 0.100000
	pigment { color rgbt <1,0,0,0> }
	no_shadow
}
cylinder {
	<29.820723, 32.685345, 29.815098>,  <29.478539, 32.869942, 29.909088>, 0.100000
	pigment { color rgbt <1,0,0,0> }
	no_shadow
}

// particle -1
sphere {
	<29.820723, 32.685345, 29.815098> 0.100000
	pigment { color rgbt <1,0,0,0> }
	no_shadow
}
sphere {
	0, 1
	scale<0.080000,0.200000,0.300000>
	matrix <0.473949, 0.514818, 0.714377,
		-0.208705, -0.722490, 0.659129,
		0.855462, -0.461488, -0.234978,
		30.077360, 32.546898, 29.744604>
	pigment { color rgbt <0,1,1,0> }
	no_shadow
}
cylinder {
	<29.902555, 32.406609, 30.442734>,  <29.478539, 32.869942, 29.909088>, 0.130000
	pigment { color rgbt <1,0,0,0> }
	no_shadow
}

// nucleotide -1

// particle -1
sphere {
	<29.902555, 32.406609, 30.442734> 0.250000
	pigment { color rgbt <1,0,0,0> }
	no_shadow
}
cylinder {
	<30.120285, 32.628681, 30.191183>,  <30.250923, 32.761925, 30.040253>, 0.100000
	pigment { color rgbt <1,0,0,0> }
	no_shadow
}
cylinder {
	<30.120285, 32.628681, 30.191183>,  <29.902555, 32.406609, 30.442734>, 0.100000
	pigment { color rgbt <1,0,0,0> }
	no_shadow
}

// particle -1
sphere {
	<30.120285, 32.628681, 30.191183> 0.100000
	pigment { color rgbt <1,0,0,0> }
	no_shadow
}
sphere {
	0, 1
	scale<0.080000,0.200000,0.300000>
	matrix <0.323003, 0.553156, 0.767912,
		0.774198, -0.621121, 0.121769,
		0.544323, 0.555183, -0.628876,
		30.283583, 32.795235, 30.002520>
	pigment { color rgbt <0,1,1,0> }
	no_shadow
}
cylinder {
	<30.720041, 32.485119, 30.447596>,  <29.902555, 32.406609, 30.442734>, 0.130000
	pigment { color rgbt <1,0,0,0> }
	no_shadow
}

// nucleotide -1

// particle -1
sphere {
	<30.720041, 32.485119, 30.447596> 0.250000
	pigment { color rgbt <1,0,0,0> }
	no_shadow
}
cylinder {
	<30.501419, 32.802887, 30.341637>,  <30.370247, 32.993549, 30.278061>, 0.100000
	pigment { color rgbt <1,0,0,0> }
	no_shadow
}
cylinder {
	<30.501419, 32.802887, 30.341637>,  <30.720041, 32.485119, 30.447596>, 0.100000
	pigment { color rgbt <1,0,0,0> }
	no_shadow
}

// particle -1
sphere {
	<30.501419, 32.802887, 30.341637> 0.100000
	pigment { color rgbt <1,0,0,0> }
	no_shadow
}
sphere {
	0, 1
	scale<0.080000,0.200000,0.300000>
	matrix <0.221415, 0.442154, 0.869181,
		0.807623, 0.416402, -0.417558,
		-0.546553, 0.794424, -0.264896,
		30.337454, 33.041214, 30.262167>
	pigment { color rgbt <0,1,1,0> }
	no_shadow
}
cylinder {
	<31.084391, 32.952095, 30.611427>,  <30.720041, 32.485119, 30.447596>, 0.130000
	pigment { color rgbt <1,0,0,0> }
	no_shadow
}

// nucleotide -1

// particle -1
sphere {
	<31.084391, 32.952095, 30.611427> 0.250000
	pigment { color rgbt <1,0,0,0> }
	no_shadow
}
cylinder {
	<30.700283, 33.061356, 30.634296>,  <30.469818, 33.126911, 30.648018>, 0.100000
	pigment { color rgbt <1,0,0,0> }
	no_shadow
}
cylinder {
	<30.700283, 33.061356, 30.634296>,  <31.084391, 32.952095, 30.611427>, 0.100000
	pigment { color rgbt <1,0,0,0> }
	no_shadow
}

// particle -1
sphere {
	<30.700283, 33.061356, 30.634296> 0.100000
	pigment { color rgbt <1,0,0,0> }
	no_shadow
}
sphere {
	0, 1
	scale<0.080000,0.200000,0.300000>
	matrix <0.199938, 0.530462, 0.823793,
		0.194690, 0.802496, -0.564000,
		-0.960271, 0.273150, 0.057173,
		30.412201, 33.143299, 30.651449>
	pigment { color rgbt <0,1,1,0> }
	no_shadow
}
cylinder {
	<31.177090, 33.599857, 30.759846>,  <31.084391, 32.952095, 30.611427>, 0.130000
	pigment { color rgbt <1,0,0,0> }
	no_shadow
}

// nucleotide -1

// particle -1
sphere {
	<31.177090, 33.599857, 30.759846> 0.250000
	pigment { color rgbt <1,0,0,0> }
	no_shadow
}
cylinder {
	<30.797129, 33.524872, 30.859880>,  <30.569153, 33.479881, 30.919901>, 0.100000
	pigment { color rgbt <1,0,0,0> }
	no_shadow
}
cylinder {
	<30.797129, 33.524872, 30.859880>,  <31.177090, 33.599857, 30.759846>, 0.100000
	pigment { color rgbt <1,0,0,0> }
	no_shadow
}

// particle -1
sphere {
	<30.797129, 33.524872, 30.859880> 0.100000
	pigment { color rgbt <1,0,0,0> }
	no_shadow
}
sphere {
	0, 1
	scale<0.080000,0.200000,0.300000>
	matrix <0.040672, 0.719209, 0.693602,
		-0.309892, 0.669025, -0.675553,
		-0.949901, -0.187465, 0.250088,
		30.512157, 33.468632, 30.934906>
	pigment { color rgbt <0,1,1,0> }
	no_shadow
}
cylinder {
	<30.744144, 34.212723, 30.902536>,  <31.177090, 33.599857, 30.759846>, 0.130000
	pigment { color rgbt <1,0,0,0> }
	no_shadow
}

// nucleotide -1

// particle -1
sphere {
	<30.744144, 34.212723, 30.902536> 0.250000
	pigment { color rgbt <1,0,0,0> }
	no_shadow
}
cylinder {
	<30.519102, 33.964783, 31.121355>,  <30.384077, 33.816021, 31.252647>, 0.100000
	pigment { color rgbt <1,0,0,0> }
	no_shadow
}
cylinder {
	<30.519102, 33.964783, 31.121355>,  <30.744144, 34.212723, 30.902536>, 0.100000
	pigment { color rgbt <1,0,0,0> }
	no_shadow
}

// particle -1
sphere {
	<30.519102, 33.964783, 31.121355> 0.100000
	pigment { color rgbt <1,0,0,0> }
	no_shadow
}
sphere {
	0, 1
	scale<0.080000,0.200000,0.300000>
	matrix <-0.142085, 0.724356, 0.674626,
		-0.814423, 0.301822, -0.495599,
		-0.562607, -0.619848, 0.547048,
		30.350319, 33.778828, 31.285469>
	pigment { color rgbt <0,1,1,0> }
	no_shadow
}
cylinder {
	<30.035425, 34.503471, 30.933601>,  <30.744144, 34.212723, 30.902536>, 0.130000
	pigment { color rgbt <1,0,0,0> }
	no_shadow
}

// nucleotide -1

// particle -1
sphere {
	<30.035425, 34.503471, 30.933601> 0.250000
	pigment { color rgbt <1,0,0,0> }
	no_shadow
}
cylinder {
	<30.118479, 34.261566, 31.241146>,  <30.168310, 34.116421, 31.425673>, 0.100000
	pigment { color rgbt <1,0,0,0> }
	no_shadow
}
cylinder {
	<30.118479, 34.261566, 31.241146>,  <30.035425, 34.503471, 30.933601>, 0.100000
	pigment { color rgbt <1,0,0,0> }
	no_shadow
}

// particle -1
sphere {
	<30.118479, 34.261566, 31.241146> 0.100000
	pigment { color rgbt <1,0,0,0> }
	no_shadow
}
sphere {
	0, 1
	scale<0.080000,0.200000,0.300000>
	matrix <-0.298299, 0.709407, 0.638560,
		-0.931615, -0.361936, -0.033105,
		0.207633, -0.604767, 0.768860,
		30.180769, 34.080135, 31.471804>
	pigment { color rgbt <0,1,1,0> }
	no_shadow
}
cylinder {
	<29.445894, 34.409161, 31.270597>,  <30.035425, 34.503471, 30.933601>, 0.130000
	pigment { color rgbt <1,0,0,0> }
	no_shadow
}

// nucleotide -1

// particle -1
sphere {
	<29.445894, 34.409161, 31.270597> 0.250000
	pigment { color rgbt <1,0,0,0> }
	no_shadow
}
cylinder {
	<29.775703, 34.381943, 31.495287>,  <29.973589, 34.365612, 31.630100>, 0.100000
	pigment { color rgbt <1,0,0,0> }
	no_shadow
}
cylinder {
	<29.775703, 34.381943, 31.495287>,  <29.445894, 34.409161, 31.270597>, 0.100000
	pigment { color rgbt <1,0,0,0> }
	no_shadow
}

// particle -1
sphere {
	<29.775703, 34.381943, 31.495287> 0.100000
	pigment { color rgbt <1,0,0,0> }
	no_shadow
}
sphere {
	0, 1
	scale<0.080000,0.200000,0.300000>
	matrix <-0.402939, 0.626354, 0.667324,
