// switches for output
#declare DRAW_BASES = 1; // possible values are 0, 1; only relevant for DNA ribbons
#declare DRAW_BASES_TYPE = 3; // possible values are 1, 2, 3; only relevant for DNA ribbons
#declare DRAW_FOG = 0; // set to 1 to enable fog

#include "colors.inc"

#include "transforms.inc"
background { rgb <1, 1, 1>}

#default {
   normal{
       ripples 0.25
       frequency 0.20
       turbulence 0.2
       lambda 5
   }
	finish {
		phong 0.1
		phong_size 40.
	}
}

// original window dimensions: 1024x640


// camera settings

camera {
	sky <0, 0.179814, -0.983701>
	up <0, 0.179814, -0.983701>
	right 1.6 * <1, 0, 0>
	location <35, 94.9851, 44.8844>
	look_at <35, 29.7336, 32.9568>
	direction <0, -65.2515, -11.9276>
	angle 67.0682
}


# declare cpy_camera_pos = <35, 94.9851, 44.8844>;
# if (DRAW_FOG = 1)
fog {
	fog_type 2
	up vnormalize(cpy_camera_pos)
	color rgbt<1,1,1,0.3>
	distance 1e-5
	fog_alt 3e-3
	fog_offset 56
}
# end


// LIGHTS

# declare lum = 6;
global_settings {
	ambient_light rgb lum * <0.05, 0.05, 0.05>
	max_trace_level 15
}# declare cpy_direct_light_amount = 0.25;
light_source
{	1000 * <-1, -1.16352, -0.803886>,
	rgb lum * cpy_direct_light_amount
	parallel
}

light_source
{	1000 * <1, 1.16352, 0.803886>,
	rgb lum * cpy_direct_light_amount
	parallel
}

// strand 0

// nucleotide -1

// particle -1
sphere {
	<24.076811, 35.313633, 35.293221> 0.250000
	pigment { color rgbt <1,0,0,0> }
	no_shadow
}
cylinder {
	<24.331518, 35.010403, 35.236866>,  <24.484343, 34.828465, 35.203053>, 0.100000
	pigment { color rgbt <1,0,0,0> }
	no_shadow
}
cylinder {
	<24.331518, 35.010403, 35.236866>,  <24.076811, 35.313633, 35.293221>, 0.100000
	pigment { color rgbt <1,0,0,0> }
	no_shadow
}

// particle -1
sphere {
	<24.331518, 35.010403, 35.236866> 0.100000
	pigment { color rgbt <1,0,0,0> }
	no_shadow
}
sphere {
	0, 1
	scale<0.080000,0.200000,0.300000>
	matrix <0.769717, 0.635723, 0.058244,
		0.045408, -0.145527, 0.988312,
		0.636768, -0.758075, -0.140882,
		24.522549, 34.782982, 35.194603>
	pigment { color rgbt <0,1,1,0> }
	no_shadow
}
cylinder {
	<24.707880, 35.504284, 35.748081>,  <24.076811, 35.313633, 35.293221>, 0.130000
	pigment { color rgbt <1,0,0,0> }
	no_shadow
}

// nucleotide -1

// particle -1
sphere {
	<24.707880, 35.504284, 35.748081> 0.250000
	pigment { color rgbt <1,0,0,0> }
	no_shadow
}
cylinder {
	<24.830524, 35.215347, 35.500141>,  <24.904112, 35.041985, 35.351376>, 0.100000
	pigment { color rgbt <1,0,0,0> }
	no_shadow
}
cylinder {
	<24.830524, 35.215347, 35.500141>,  <24.707880, 35.504284, 35.748081>, 0.100000
	pigment { color rgbt <1,0,0,0> }
	no_shadow
}

// particle -1
sphere {
	<24.830524, 35.215347, 35.500141> 0.100000
	pigment { color rgbt <1,0,0,0> }
	no_shadow
}
sphere {
	0, 1
	scale<0.080000,0.200000,0.300000>
	matrix <0.947346, 0.294753, 0.125120,
		0.092325, -0.625579, 0.774679,
		0.306611, -0.722338, -0.619853,
		24.922508, 34.998646, 35.314186>
	pigment { color rgbt <0,1,1,0> }
	no_shadow
}
cylinder {
	<25.377779, 35.296761, 35.987030>,  <24.707880, 35.504284, 35.748081>, 0.130000
	pigment { color rgbt <1,0,0,0> }
	no_shadow
}

// nucleotide -1

// particle -1
sphere {
	<25.377779, 35.296761, 35.987030> 0.250000
	pigment { color rgbt <1,0,0,0> }
	no_shadow
}
cylinder {
	<25.388887, 35.217133, 35.595192>,  <25.395552, 35.169357, 35.360088>, 0.100000
	pigment { color rgbt <1,0,0,0> }
	no_shadow
}
cylinder {
	<25.388887, 35.217133, 35.595192>,  <25.377779, 35.296761, 35.987030>, 0.100000
	pigment { color rgbt <1,0,0,0> }
	no_shadow
}

// particle -1
sphere {
	<25.388887, 35.217133, 35.595192> 0.100000
	pigment { color rgbt <1,0,0,0> }
	no_shadow
}
sphere {
	0, 1
	scale<0.080000,0.200000,0.300000>
	matrix <0.965303, 0.259889, -0.025447,
		0.259651, -0.944896, 0.199381,
		0.027772, -0.199070, -0.979592,
		25.397219, 35.157413, 35.301315>
	pigment { color rgbt <0,1,1,0> }
	no_shadow
}
cylinder {
	<26.079639, 35.108456, 35.822220>,  <25.377779, 35.296761, 35.987030>, 0.130000
	pigment { color rgbt <1,0,0,0> }
	no_shadow
}

// nucleotide -1

// particle -1
sphere {
	<26.079639, 35.108456, 35.822220> 0.250000
	pigment { color rgbt <1,0,0,0> }
	no_shadow
}
cylinder {
	<25.921465, 35.206348, 35.468105>,  <25.826561, 35.265083, 35.255634>, 0.100000
	pigment { color rgbt <1,0,0,0> }
	no_shadow
}
cylinder {
	<25.921465, 35.206348, 35.468105>,  <26.079639, 35.108456, 35.822220>, 0.100000
	pigment { color rgbt <1,0,0,0> }
	no_shadow
}

// particle -1
sphere {
	<25.921465, 35.206348, 35.468105> 0.100000
	pigment { color rgbt <1,0,0,0> }
	no_shadow
}
sphere {
	0, 1
	scale<0.080000,0.200000,0.300000>
	matrix <0.909955, 0.235499, -0.341353,
		0.124946, -0.940557, -0.315819,
		-0.395437, 0.244730, -0.885289,
		25.802834, 35.279766, 35.202518>
	pigment { color rgbt <0,1,1,0> }
	no_shadow
}
cylinder {
	<26.470127, 34.761795, 35.272404>,  <26.079639, 35.108456, 35.822220>, 0.130000
	pigment { color rgbt <1,0,0,0> }
	no_shadow
}

// nucleotide -1

// particle -1
sphere {
	<26.470127, 34.761795, 35.272404> 0.250000
	pigment { color rgbt <1,0,0,0> }
	no_shadow
}
cylinder {
	<26.300966, 35.118389, 35.207405>,  <26.199469, 35.332344, 35.168404>, 0.100000
	pigment { color rgbt <1,0,0,0> }
	no_shadow
}
cylinder {
	<26.300966, 35.118389, 35.207405>,  <26.470127, 34.761795, 35.272404>, 0.100000
	pigment { color rgbt <1,0,0,0> }
	no_shadow
}

// particle -1
sphere {
	<26.300966, 35.118389, 35.207405> 0.100000
	pigment { color rgbt <1,0,0,0> }
	no_shadow
}
sphere {
	0, 1
	scale<0.080000,0.200000,0.300000>
	matrix <0.904840, 0.405708, -0.129093,
		-0.049158, -0.201630, -0.978227,
		-0.422904, 0.891485, -0.162500,
		26.174095, 35.385834, 35.158653>
	pigment { color rgbt <0,1,1,0> }
	no_shadow
}
cylinder {
	<26.582279, 34.995941, 34.492733>,  <26.470127, 34.761795, 35.272404>, 0.130000
	pigment { color rgbt <1,0,0,0> }
	no_shadow
}

// nucleotide -1

// particle -1
sphere {
	<26.582279, 34.995941, 34.492733> 0.250000
	pigment { color rgbt <1,0,0,0> }
	no_shadow
}
cylinder {
	<26.555044, 35.273941, 34.779045>,  <26.538704, 35.440742, 34.950832>, 0.100000
	pigment { color rgbt <1,0,0,0> }
	no_shadow
}
cylinder {
	<26.555044, 35.273941, 34.779045>,  <26.582279, 34.995941, 34.492733>, 0.100000
	pigment { color rgbt <1,0,0,0> }
	no_shadow
}

// particle -1
sphere {
	<26.555044, 35.273941, 34.779045> 0.100000
	pigment { color rgbt <1,0,0,0> }
	no_shadow
}
sphere {
	0, 1
	scale<0.080000,0.200000,0.300000>
	matrix <0.980591, 0.178836, -0.080369,
		-0.183864, 0.696415, -0.693686,
		-0.068085, 0.694999, 0.715780,
		26.534618, 35.482441, 34.993778>
	pigment { color rgbt <0,1,1,0> }
	no_shadow
}
cylinder {
	<26.847677, 35.662258, 34.316860>,  <26.582279, 34.995941, 34.492733>, 0.130000
	pigment { color rgbt <1,0,0,0> }
	no_shadow
}

// nucleotide -1

// particle -1
sphere {
	<26.847677, 35.662258, 34.316860> 0.250000
	pigment { color rgbt <1,0,0,0> }
	no_shadow
}
cylinder {
	<26.864267, 35.653896, 34.716427>,  <26.874222, 35.648880, 34.956169>, 0.100000
	pigment { color rgbt <1,0,0,0> }
	no_shadow
}
cylinder {
	<26.864267, 35.653896, 34.716427>,  <26.847677, 35.662258, 34.316860>, 0.100000
	pigment { color rgbt <1,0,0,0> }
	no_shadow
}

// particle -1
sphere {
	<26.864267, 35.653896, 34.716427> 0.100000
	pigment { color rgbt <1,0,0,0> }
	no_shadow
}
sphere {
	0, 1
	scale<0.080000,0.200000,0.300000>
	matrix <0.972382, 0.230674, -0.035545,
		-0.229682, 0.972807, 0.029892,
		0.041474, -0.020902, 0.998921,
		26.876709, 35.647625, 35.016102>
	pigment { color rgbt <0,1,1,0> }
	no_shadow
}
cylinder {
	<27.332115, 36.233238, 34.434464>,  <26.847677, 35.662258, 34.316860>, 0.130000
	pigment { color rgbt <1,0,0,0> }
	no_shadow
}

// nucleotide -1

// particle -1
sphere {
	<27.332115, 36.233238, 34.434464> 0.250000
	pigment { color rgbt <1,0,0,0> }
	no_shadow
}
cylinder {
	<27.328621, 35.993721, 34.754807>,  <27.326525, 35.850010, 34.947014>, 0.100000
	pigment { color rgbt <1,0,0,0> }
	no_shadow
}
cylinder {
	<27.328621, 35.993721, 34.754807>,  <27.332115, 36.233238, 34.434464>, 0.100000
	pigment { color rgbt <1,0,0,0> }
	no_shadow
}

// particle -1
sphere {
	<27.328621, 35.993721, 34.754807> 0.100000
	pigment { color rgbt <1,0,0,0> }
	no_shadow
}
sphere {
	0, 1
	scale<0.080000,0.200000,0.300000>
	matrix <0.998894, 0.031773, 0.034652,
		-0.046194, 0.800274, 0.597852,
		-0.008736, -0.598792, 0.800857,
		27.326000, 35.814083, 34.995064>
	pigment { color rgbt <0,1,1,0> }
	no_shadow
}
cylinder {
	<27.725437, 36.535233, 34.940975>,  <27.332115, 36.233238, 34.434464>, 0.130000
	pigment { color rgbt <1,0,0,0> }
	no_shadow
}

// nucleotide -1

// particle -1
sphere {
	<27.725437, 36.535233, 34.940975> 0.250000
	pigment { color rgbt <1,0,0,0> }
	no_shadow
}
cylinder {
	<27.745089, 36.139973, 34.999146>,  <27.756880, 35.902817, 35.034046>, 0.100000
	pigment { color rgbt <1,0,0,0> }
	no_shadow
}
cylinder {
	<27.745089, 36.139973, 34.999146>,  <27.725437, 36.535233, 34.940975>, 0.100000
	pigment { color rgbt <1,0,0,0> }
	no_shadow
}

// particle -1
sphere {
	<27.745089, 36.139973, 34.999146> 0.100000
	pigment { color rgbt <1,0,0,0> }
	no_shadow
}
sphere {
	0, 1
	scale<0.080000,0.200000,0.300000>
	matrix <0.997167, 0.056830, 0.049280,
		-0.056961, 0.142591, 0.988141,
		0.049129, -0.988149, 0.145424,
		27.759827, 35.843529, 35.042774>
	pigment { color rgbt <0,1,1,0> }
	no_shadow
}
cylinder {
	<28.326187, 36.473732, 35.242573>,  <27.725437, 36.535233, 34.940975>, 0.130000
	pigment { color rgbt <1,0,0,0> }
	no_shadow
}

// nucleotide -1

// particle -1
sphere {
	<28.326187, 36.473732, 35.242573> 0.250000
	pigment { color rgbt <1,0,0,0> }
	no_shadow
}
cylinder {
	<28.261349, 36.085018, 35.174034>,  <28.222446, 35.851791, 35.132912>, 0.100000
	pigment { color rgbt <1,0,0,0> }
	no_shadow
}
cylinder {
	<28.261349, 36.085018, 35.174034>,  <28.326187, 36.473732, 35.242573>, 0.100000
	pigment { color rgbt <1,0,0,0> }
	no_shadow
}

// particle -1
sphere {
	<28.261349, 36.085018, 35.174034> 0.100000
	pigment { color rgbt <1,0,0,0> }
	no_shadow
}
sphere {
	0, 1
	scale<0.080000,0.200000,0.300000>
	matrix <0.986774, -0.159891, -0.026681,
		-0.001468, -0.173401, 0.984850,
		-0.162095, -0.971785, -0.171343,
		28.212721, 35.793484, 35.122631>
	pigment { color rgbt <0,1,1,0> }
	no_shadow
}
cylinder {
	<28.634773, 36.074150, 35.832039>,  <28.326187, 36.473732, 35.242573>, 0.130000
	pigment { color rgbt <1,0,0,0> }
	no_shadow
}

// nucleotide -1

// particle -1
sphere {
	<28.634773, 36.074150, 35.832039> 0.250000
	pigment { color rgbt <1,0,0,0> }
	no_shadow
}
cylinder {
	<28.580860, 35.838425, 35.513405>,  <28.548512, 35.696991, 35.322224>, 0.100000
	pigment { color rgbt <1,0,0,0> }
	no_shadow
}
cylinder {
	<28.580860, 35.838425, 35.513405>,  <28.634773, 36.074150, 35.832039>, 0.100000
	pigment { color rgbt <1,0,0,0> }
	no_shadow
}

// particle -1
sphere {
	<28.580860, 35.838425, 35.513405> 0.100000
	pigment { color rgbt <1,0,0,0> }
	no_shadow
}
sphere {
	0, 1
	scale<0.080000,0.200000,0.300000>
	matrix <0.977186, -0.212220, -0.008341,
		-0.164136, -0.779535, 0.604470,
		-0.134783, -0.589311, -0.796584,
		28.540424, 35.661633, 35.274429>
	pigment { color rgbt <0,1,1,0> }
	no_shadow
}
cylinder {
	<29.168940, 35.467613, 35.816521>,  <28.634773, 36.074150, 35.832039>, 0.130000
	pigment { color rgbt <1,0,0,0> }
	no_shadow
}

// nucleotide -1

// particle -1
sphere {
	<29.168940, 35.467613, 35.816521> 0.250000
	pigment { color rgbt <1,0,0,0> }
	no_shadow
}
cylinder {
	<29.060598, 35.529697, 35.436512>,  <28.995594, 35.566948, 35.208508>, 0.100000
	pigment { color rgbt <1,0,0,0> }
	no_shadow
}
cylinder {
	<29.060598, 35.529697, 35.436512>,  <29.168940, 35.467613, 35.816521>, 0.100000
	pigment { color rgbt <1,0,0,0> }
	no_shadow
}

// particle -1
sphere {
	<29.060598, 35.529697, 35.436512> 0.100000
	pigment { color rgbt <1,0,0,0> }
	no_shadow
}
sphere {
	0, 1
	scale<0.080000,0.200000,0.300000>
	matrix <0.956980, -0.063273, -0.283172,
		-0.104061, -0.985854, -0.131392,
		-0.270852, 0.155206, -0.950026,
		28.979343, 35.576260, 35.151505>
	pigment { color rgbt <0,1,1,0> }
	no_shadow
}
cylinder {
	<29.448582, 34.911793, 35.415211>,  <29.168940, 35.467613, 35.816521>, 0.130000
	pigment { color rgbt <1,0,0,0> }
	no_shadow
}

// nucleotide -1

// particle -1
sphere {
	<29.448582, 34.911793, 35.415211> 0.250000
	pigment { color rgbt <1,0,0,0> }
	no_shadow
}
cylinder {
	<29.400164, 35.248760, 35.205189>,  <29.371113, 35.450939, 35.079174>, 0.100000
	pigment { color rgbt <1,0,0,0> }
	no_shadow
}
cylinder {
	<29.400164, 35.248760, 35.205189>,  <29.448582, 34.911793, 35.415211>, 0.100000
	pigment { color rgbt <1,0,0,0> }
	no_shadow
}

// particle -1
sphere {
	<29.400164, 35.248760, 35.205189> 0.100000
	pigment { color rgbt <1,0,0,0> }
	no_shadow
}
sphere {
	0, 1
	scale<0.080000,0.200000,0.300000>
	matrix <0.981476, 0.022436, -0.190269,
		-0.148505, -0.538361, -0.829526,
		-0.121045, 0.842416, -0.525056,
		29.363850, 35.501484, 35.047672>
	pigment { color rgbt <0,1,1,0> }
	no_shadow
}
cylinder {
	<29.681740, 34.836487, 34.805229>,  <29.448582, 34.911793, 35.415211>, 0.130000
	pigment { color rgbt <1,0,0,0> }
	no_shadow
}

// nucleotide -1

// particle -1
sphere {
	<29.681740, 34.836487, 34.805229> 0.250000
	pigment { color rgbt <1,0,0,0> }
	no_shadow
}
cylinder {
	<29.706137, 35.225124, 34.896698>,  <29.720776, 35.458305, 34.951580>, 0.100000
	pigment { color rgbt <1,0,0,0> }
	no_shadow
}
cylinder {
	<29.706137, 35.225124, 34.896698>,  <29.681740, 34.836487, 34.805229>, 0.100000
	pigment { color rgbt <1,0,0,0> }
	no_shadow
}

// particle -1
sphere {
	<29.706137, 35.225124, 34.896698> 0.100000
	pigment { color rgbt <1,0,0,0> }
	no_shadow
}
sphere {
	0, 1
	scale<0.080000,0.200000,0.300000>
	matrix <0.990323, -0.030293, -0.135437,
		-0.124662, 0.234717, -0.964037,
		0.060993, 0.971592, 0.228669,
		29.724434, 35.516602, 34.965298>
	pigment { color rgbt <0,1,1,0> }
	no_shadow
}
cylinder {
	<29.837978, 35.344048, 34.363434>,  <29.681740, 34.836487, 34.805229>, 0.130000
	pigment { color rgbt <1,0,0,0> }
	no_shadow
}

// nucleotide -1

// particle -1
sphere {
	<29.837978, 35.344048, 34.363434> 0.250000
	pigment { color rgbt <1,0,0,0> }
	no_shadow
}
cylinder {
	<29.565601, 35.052151, 34.388081>,  <29.402176, 34.877014, 34.402870>, 0.100000
	pigment { color rgbt <1,0,0,0> }
	no_shadow
}
cylinder {
	<29.565601, 35.052151, 34.388081>,  <29.837978, 35.344048, 34.363434>, 0.100000
	pigment { color rgbt <1,0,0,0> }
	no_shadow
}

// particle -1
sphere {
	<29.565601, 35.052151, 34.388081> 0.100000
	pigment { color rgbt <1,0,0,0> }
	no_shadow
}
sphere {
	0, 1
	scale<0.080000,0.200000,0.300000>
	matrix <-0.709714, 0.678319, 0.190235,
		-0.180620, 0.085807, -0.979803,
		-0.680942, -0.729740, 0.061620,
		29.361319, 34.833229, 34.406567>
	pigment { color rgbt <0,1,1,0> }
	no_shadow
}
cylinder {
	<29.090271, 35.343136, 34.129971>,  <29.837978, 35.344048, 34.363434>, 0.130000
	pigment { color rgbt <1,0,0,0> }
	no_shadow
}

// nucleotide -1

// particle -1
sphere {
	<29.090271, 35.343136, 34.129971> 0.250000
	pigment { color rgbt <1,0,0,0> }
	no_shadow
}
cylinder {
	<29.038418, 35.267208, 34.519260>,  <29.007307, 35.221653, 34.752834>, 0.100000
	pigment { color rgbt <1,0,0,0> }
	no_shadow
}
cylinder {
	<29.038418, 35.267208, 34.519260>,  <29.090271, 35.343136, 34.129971>, 0.100000
	pigment { color rgbt <1,0,0,0> }
	no_shadow
}

// particle -1
sphere {
	<29.038418, 35.267208, 34.519260> 0.100000
	pigment { color rgbt <1,0,0,0> }
	no_shadow
}
sphere {
	0, 1
	scale<0.080000,0.200000,0.300000>
	matrix <-0.939419, 0.337605, -0.059283,
		-0.317313, -0.921950, -0.222081,
		-0.129631, -0.189816, 0.973224,
		28.999529, 35.210262, 34.811226>
	pigment { color rgbt <0,1,1,0> }
	no_shadow
}
cylinder {
	<28.482042, 34.908203, 34.206196>,  <29.090271, 35.343136, 34.129971>, 0.130000
	pigment { color rgbt <1,0,0,0> }
	no_shadow
}

// nucleotide -1

// particle -1
sphere {
	<28.482042, 34.908203, 34.206196> 0.250000
	pigment { color rgbt <1,0,0,0> }
	no_shadow
}
cylinder {
	<28.502821, 35.112404, 34.549519>,  <28.515287, 35.234924, 34.755512>, 0.100000
	pigment { color rgbt <1,0,0,0> }
	no_shadow
}
cylinder {
	<28.502821, 35.112404, 34.549519>,  <28.482042, 34.908203, 34.206196>, 0.100000
	pigment { color rgbt <1,0,0,0> }
	no_shadow
}

// particle -1
sphere {
	<28.502821, 35.112404, 34.549519> 0.100000
	pigment { color rgbt <1,0,0,0> }
	no_shadow
}
sphere {
	0, 1
	scale<0.080000,0.200000,0.300000>
	matrix <-0.997075, 0.074763, 0.015876,
		-0.056065, -0.856619, 0.512894,
		0.051946, 0.510504, 0.858305,
		28.518404, 35.265556, 34.807011>
	pigment { color rgbt <0,1,1,0> }
	no_shadow
}
cylinder {
	<27.917427, 34.645580, 34.564987>,  <28.482042, 34.908203, 34.206196>, 0.130000
	pigment { color rgbt <1,0,0,0> }
	no_shadow
}

// nucleotide -1

// particle -1
sphere {
	<27.917427, 34.645580, 34.564987> 0.250000
	pigment { color rgbt <1,0,0,0> }
	no_shadow
}
cylinder {
	<28.020918, 34.978622, 34.760876>,  <28.083012, 35.178448, 34.878410>, 0.100000
	pigment { color rgbt <1,0,0,0> }
	no_shadow
}
cylinder {
	<28.020918, 34.978622, 34.760876>,  <27.917427, 34.645580, 34.564987>, 0.100000
	pigment { color rgbt <1,0,0,0> }
	no_shadow
}

// particle -1
sphere {
	<28.020918, 34.978622, 34.760876> 0.100000
	pigment { color rgbt <1,0,0,0> }
	no_shadow
}
sphere {
	0, 1
	scale<0.080000,0.200000,0.300000>
	matrix <-0.943875, 0.110144, 0.311397,
		0.205331, -0.542804, 0.814373,
		0.258725, 0.832606, 0.489723,
		28.098536, 35.228405, 34.907795>
	pigment { color rgbt <0,1,1,0> }
	no_shadow
}
cylinder {
	<27.616114, 34.571781, 35.231270>,  <27.917427, 34.645580, 34.564987>, 0.130000
	pigment { color rgbt <1,0,0,0> }
	no_shadow
}

// nucleotide -1

// particle -1
sphere {
	<27.616114, 34.571781, 35.231270> 0.250000
	pigment { color rgbt <1,0,0,0> }
	no_shadow
}
cylinder {
	<27.677385, 34.966358, 35.207710>,  <27.714149, 35.203106, 35.193573>, 0.100000
	pigment { color rgbt <1,0,0,0> }
	no_shadow
}
cylinder {
	<27.677385, 34.966358, 35.207710>,  <27.616114, 34.571781, 35.231270>, 0.100000
	pigment { color rgbt <1,0,0,0> }
	no_shadow
}

// particle -1
sphere {
	<27.677385, 34.966358, 35.207710> 0.100000
	pigment { color rgbt <1,0,0,0> }
	no_shadow
}
sphere {
	0, 1
	scale<0.080000,0.200000,0.300000>
	matrix <-0.919059, 0.164113, 0.358325,
		0.363133, -0.000753, 0.931737,
		0.153180, 0.986441, -0.058903,
		27.723339, 35.262291, 35.190041>
	pigment { color rgbt <0,1,1,0> }
	no_shadow
}
cylinder {
	<27.451696, 34.965431, 35.951111>,  <27.616114, 34.571781, 35.231270>, 0.130000
	pigment { color rgbt <1,0,0,0> }
	no_shadow
}

// nucleotide -1

// particle -1
sphere {
	<27.451696, 34.965431, 35.951111> 0.250000
	pigment { color rgbt <1,0,0,0> }
	no_shadow
}
cylinder {
	<27.424242, 35.227051, 35.649776>,  <27.407768, 35.384022, 35.468975>, 0.100000
	pigment { color rgbt <1,0,0,0> }
	no_shadow
}
cylinder {
	<27.424242, 35.227051, 35.649776>,  <27.451696, 34.965431, 35.951111>, 0.100000
	pigment { color rgbt <1,0,0,0> }
	no_shadow
}

// particle -1
sphere {
	<27.424242, 35.227051, 35.649776> 0.100000
	pigment { color rgbt <1,0,0,0> }
	no_shadow
}
sphere {
	0, 1
	scale<0.080000,0.200000,0.300000>
	matrix <-0.871845, 0.327732, 0.363976,
		0.484949, 0.681771, 0.547734,
		-0.068638, 0.654049, -0.753332,
		27.403650, 35.423267, 35.423779>
	pigment { color rgbt <0,1,1,0> }
	no_shadow
}
cylinder {
	<27.475767, 35.787922, 36.105968>,  <27.451696, 34.965431, 35.951111>, 0.130000
	pigment { color rgbt <1,0,0,0> }
	no_shadow
}

// nucleotide -1

// particle -1
sphere {
	<27.475767, 35.787922, 36.105968> 0.250000
	pigment { color rgbt <1,0,0,0> }
	no_shadow
}
cylinder {
	<27.223686, 35.762676, 35.796425>,  <27.072437, 35.747528, 35.610699>, 0.100000
	pigment { color rgbt <1,0,0,0> }
	no_shadow
}
cylinder {
	<27.223686, 35.762676, 35.796425>,  <27.475767, 35.787922, 36.105968>, 0.100000
	pigment { color rgbt <1,0,0,0> }
	no_shadow
}

// particle -1
sphere {
	<27.223686, 35.762676, 35.796425> 0.100000
	pigment { color rgbt <1,0,0,0> }
	no_shadow
}
sphere {
	0, 1
	scale<0.080000,0.200000,0.300000>
	matrix <-0.719330, 0.422616, 0.551326,
		0.292249, 0.904108, -0.311735,
		-0.630203, -0.063116, -0.773861,
		27.034626, 35.743740, 35.564266>
	pigment { color rgbt <0,1,1,0> }
	no_shadow
}
cylinder {
	<27.377905, 36.162384, 36.775703>,  <27.475767, 35.787922, 36.105968>, 0.130000
	pigment { color rgbt <1,0,0,0> }
	no_shadow
}

// nucleotide -1

// particle -1
sphere {
	<27.377905, 36.162384, 36.775703> 0.250000
	pigment { color rgbt <1,0,0,0> }
	no_shadow
}
cylinder {
	<27.016283, 36.323303, 36.833458>,  <26.799311, 36.419853, 36.868111>, 0.100000
	pigment { color rgbt <1,0,0,0> }
	no_shadow
}
cylinder {
	<27.016283, 36.323303, 36.833458>,  <27.377905, 36.162384, 36.775703>, 0.100000
	pigment { color rgbt <1,0,0,0> }
	no_shadow
}

// particle -1
sphere {
	<27.016283, 36.323303, 36.833458> 0.100000
	pigment { color rgbt <1,0,0,0> }
	no_shadow
}
sphere {
	0, 1
	scale<0.080000,0.200000,0.300000>
	matrix <0.427420, 0.850433, 0.306718,
		0.000600, 0.339003, -0.940785,
		-0.904053, 0.402294, 0.144387,
		26.745068, 36.443993, 36.876774>
	pigment { color rgbt <0,1,1,0> }
	no_shadow
}
cylinder {
	<27.204605, 36.800838, 36.273907>,  <27.377905, 36.162384, 36.775703>, 0.130000
	pigment { color rgbt <1,0,0,0> }
	no_shadow
}

// nucleotide -1

// particle -1
sphere {
	<27.204605, 36.800838, 36.273907> 0.250000
	pigment { color rgbt <1,0,0,0> }
	no_shadow
}
cylinder {
	<27.045561, 36.821415, 36.640350>,  <26.950134, 36.833759, 36.860218>, 0.100000
	pigment { color rgbt <1,0,0,0> }
	no_shadow
}
cylinder {
	<27.045561, 36.821415, 36.640350>,  <27.204605, 36.800838, 36.273907>, 0.100000
	pigment { color rgbt <1,0,0,0> }
	no_shadow
}

// particle -1
sphere {
	<27.045561, 36.821415, 36.640350> 0.100000
	pigment { color rgbt <1,0,0,0> }
	no_shadow
}
sphere {
	0, 1
	scale<0.080000,0.200000,0.300000>
	matrix <0.574578, 0.792390, 0.204886,
		-0.715378, 0.607842, -0.344619,
		-0.397611, 0.051440, 0.916111,
		26.926277, 36.836845, 36.915184>
	pigment { color rgbt <0,1,1,0> }
	no_shadow
}
cylinder {
	<26.963936, 37.411873, 36.246574>,  <27.204605, 36.800838, 36.273907>, 0.130000
	pigment { color rgbt <1,0,0,0> }
	no_shadow
}

// nucleotide -1

// particle -1
sphere {
	<26.963936, 37.411873, 36.246574> 0.250000
	pigment { color rgbt <1,0,0,0> }
	no_shadow
}
cylinder {
	<27.045019, 37.308243, 36.624313>,  <27.093668, 37.246063, 36.850956>, 0.100000
	pigment { color rgbt <1,0,0,0> }
	no_shadow
}
cylinder {
	<27.045019, 37.308243, 36.624313>,  <26.963936, 37.411873, 36.246574>, 0.100000
	pigment { color rgbt <1,0,0,0> }
	no_shadow
}

// particle -1
sphere {
	<27.045019, 37.308243, 36.624313> 0.100000
	pigment { color rgbt <1,0,0,0> }
	no_shadow
}
sphere {
	0, 1
	scale<0.080000,0.200000,0.300000>
	matrix <0.541634, 0.833081, 0.112289,
		-0.815808, 0.488728, 0.309196,
		0.202707, -0.259078, 0.944346,
		27.105831, 37.230518, 36.907616>
	pigment { color rgbt <0,1,1,0> }
	no_shadow
}
cylinder {
	<26.839174, 37.945442, 36.658161>,  <26.963936, 37.411873, 36.246574>, 0.130000
	pigment { color rgbt <1,0,0,0> }
	no_shadow
}

// nucleotide -1

// particle -1
sphere {
	<26.839174, 37.945442, 36.658161> 0.250000
	pigment { color rgbt <1,0,0,0> }
	no_shadow
}
cylinder {
	<27.144955, 37.705124, 36.751671>,  <27.328423, 37.560932, 36.807777>, 0.100000
	pigment { color rgbt <1,0,0,0> }
	no_shadow
}
cylinder {
	<27.144955, 37.705124, 36.751671>,  <26.839174, 37.945442, 36.658161>, 0.100000
	pigment { color rgbt <1,0,0,0> }
	no_shadow
}

// particle -1
sphere {
	<27.144955, 37.705124, 36.751671> 0.100000
	pigment { color rgbt <1,0,0,0> }
	no_shadow
}
sphere {
	0, 1
	scale<0.080000,0.200000,0.300000>
	matrix <0.622346, 0.782361, -0.024431,
		-0.168218, 0.164165, 0.971984,
		0.764453, -0.600800, 0.233774,
		27.374290, 37.524883, 36.821804>
	pigment { color rgbt <0,1,1,0> }
	no_shadow
}
cylinder {
	<27.162464, 38.207691, 37.358994>,  <26.839174, 37.945442, 36.658161>, 0.130000
	pigment { color rgbt <1,0,0,0> }
	no_shadow
}

// nucleotide -1

// particle -1
sphere {
	<27.162464, 38.207691, 37.358994> 0.250000
	pigment { color rgbt <1,0,0,0> }
	no_shadow
}
cylinder {
	<27.437153, 38.024513, 37.133179>,  <27.601965, 37.914608, 36.997688>, 0.100000
	pigment { color rgbt <1,0,0,0> }
	no_shadow
}
cylinder {
	<27.437153, 38.024513, 37.133179>,  <27.162464, 38.207691, 37.358994>, 0.100000
	pigment { color rgbt <1,0,0,0> }
	no_shadow
}

// particle -1
sphere {
	<27.437153, 38.024513, 37.133179> 0.100000
	pigment { color rgbt <1,0,0,0> }
	no_shadow
}
sphere {
	0, 1
	scale<0.080000,0.200000,0.300000>
	matrix <0.610109, 0.785313, 0.105122,
		0.395198, -0.416619, 0.818686,
		0.686721, -0.457944, -0.564537,
		27.643169, 37.887131, 36.963818>
	pigment { color rgbt <0,1,1,0> }
	no_shadow
}
cylinder {
	<27.778404, 38.232571, 37.696301>,  <27.162464, 38.207691, 37.358994>, 0.130000
	pigment { color rgbt <1,0,0,0> }
	no_shadow
}

// nucleotide -1

// particle -1
sphere {
	<27.778404, 38.232571, 37.696301> 0.250000
	pigment { color rgbt <1,0,0,0> }
	no_shadow
}
cylinder {
	<27.934557, 38.234756, 37.328045>,  <28.028250, 38.236069, 37.107094>, 0.100000
	pigment { color rgbt <1,0,0,0> }
	no_shadow
}
cylinder {
	<27.934557, 38.234756, 37.328045>,  <27.778404, 38.232571, 37.696301>, 0.100000
	pigment { color rgbt <1,0,0,0> }
	no_shadow
}

// particle -1
sphere {
	<27.934557, 38.234756, 37.328045> 0.100000
	pigment { color rgbt <1,0,0,0> }
	no_shadow
}
sphere {
	0, 1
	scale<0.080000,0.200000,0.300000>
	matrix <0.425846, 0.885507, 0.185827,
		0.816245, -0.464593, 0.343362,
		0.390384, 0.005460, -0.920636,
		28.051672, 38.236393, 37.051853>
	pigment { color rgbt <0,1,1,0> }
	no_shadow
}
cylinder {
	<28.481457, 38.309479, 37.758640>,  <27.778404, 38.232571, 37.696301>, 0.130000
	pigment { color rgbt <1,0,0,0> }
	no_shadow
}

// nucleotide -1

// particle -1
sphere {
	<28.481457, 38.309479, 37.758640> 0.250000
	pigment { color rgbt <1,0,0,0> }
	no_shadow
}
cylinder {
	<28.388191, 38.436268, 37.390911>,  <28.332232, 38.512341, 37.170273>, 0.100000
	pigment { color rgbt <1,0,0,0> }
	no_shadow
}
cylinder {
	<28.388191, 38.436268, 37.390911>,  <28.481457, 38.309479, 37.758640>, 0.100000
	pigment { color rgbt <1,0,0,0> }
	no_shadow
}

// particle -1
sphere {
	<28.388191, 38.436268, 37.390911> 0.100000
	pigment { color rgbt <1,0,0,0> }
	no_shadow
}
sphere {
	0, 1
	scale<0.080000,0.200000,0.300000>
	matrix <0.651912, 0.752434, 0.094092,
		0.721558, -0.577381, -0.382081,
		-0.233163, 0.316976, -0.919326,
		28.318243, 38.531361, 37.115112>
	pigment { color rgbt <0,1,1,0> }
	no_shadow
}
cylinder {
	<29.112486, 38.467873, 37.450195>,  <28.481457, 38.309479, 37.758640>, 0.130000
	pigment { color rgbt <1,0,0,0> }
	no_shadow
}

// nucleotide -1

// particle -1
sphere {
	<29.112486, 38.467873, 37.450195> 0.250000
	pigment { color rgbt <1,0,0,0> }
	no_shadow
}
cylinder {
	<28.841923, 38.683323, 37.249256>,  <28.679585, 38.812592, 37.128693>, 0.100000
	pigment { color rgbt <1,0,0,0> }
	no_shadow
}
cylinder {
	<28.841923, 38.683323, 37.249256>,  <29.112486, 38.467873, 37.450195>, 0.100000
	pigment { color rgbt <1,0,0,0> }
	no_shadow
}

// particle -1
sphere {
	<28.841923, 38.683323, 37.249256> 0.100000
	pigment { color rgbt <1,0,0,0> }
	no_shadow
}
sphere {
	0, 1
	scale<0.080000,0.200000,0.300000>
	matrix <0.591584, 0.803612, 0.065083,
		0.438751, -0.253161, -0.862210,
		-0.676406, 0.538625, -0.502352,
		28.639002, 38.844910, 37.098549>
	pigment { color rgbt <0,1,1,0> }
	no_shadow
}
cylinder {
	<29.466219, 38.750927, 36.867332>,  <29.112486, 38.467873, 37.450195>, 0.130000
	pigment { color rgbt <1,0,0,0> }
	no_shadow
}

// nucleotide -1

// particle -1
sphere {
	<29.466219, 38.750927, 36.867332> 0.250000
	pigment { color rgbt <1,0,0,0> }
	no_shadow
}
cylinder {
	<29.138103, 38.962639, 36.954044>,  <28.941235, 39.089664, 37.006073>, 0.100000
	pigment { color rgbt <1,0,0,0> }
	no_shadow
}
cylinder {
	<29.138103, 38.962639, 36.954044>,  <29.466219, 38.750927, 36.867332>, 0.100000
	pigment { color rgbt <1,0,0,0> }
	no_shadow
}

// particle -1
sphere {
	<29.138103, 38.962639, 36.954044> 0.100000
	pigment { color rgbt <1,0,0,0> }
	no_shadow
}
sphere {
	0, 1
	scale<0.080000,0.200000,0.300000>
	matrix <0.538456, 0.842432, -0.019335,
		-0.192857, 0.100867, -0.976029,
		-0.820287, 0.529277, 0.216781,
		28.892017, 39.121422, 37.019077>
	pigment { color rgbt <0,1,1,0> }
	no_shadow
}
cylinder {
	<29.369839, 39.305241, 36.436127>,  <29.466219, 38.750927, 36.867332>, 0.130000
	pigment { color rgbt <1,0,0,0> }
	no_shadow
}

// nucleotide -1

// particle -1
sphere {
	<29.369839, 39.305241, 36.436127> 0.250000
	pigment { color rgbt <1,0,0,0> }
	no_shadow
}
cylinder {
	<29.185112, 39.426071, 36.769707>,  <29.074276, 39.498569, 36.969856>, 0.100000
	pigment { color rgbt <1,0,0,0> }
	no_shadow
}
cylinder {
	<29.185112, 39.426071, 36.769707>,  <29.369839, 39.305241, 36.436127>, 0.100000
	pigment { color rgbt <1,0,0,0> }
	no_shadow
}

// particle -1
sphere {
	<29.185112, 39.426071, 36.769707> 0.100000
	pigment { color rgbt <1,0,0,0> }
	no_shadow
}
sphere {
	0, 1
	scale<0.080000,0.200000,0.300000>
	matrix <0.613242, 0.788037, 0.054150,
		-0.640828, 0.536423, -0.549172,
		-0.461815, 0.302074, 0.833953,
		29.046568, 39.516693, 37.019894>
	pigment { color rgbt <0,1,1,0> }
	no_shadow
}
cylinder {
	<29.316919, 40.071030, 36.400558>,  <29.369839, 39.305241, 36.436127>, 0.130000
	pigment { color rgbt <1,0,0,0> }
	no_shadow
}

// nucleotide -1

// particle -1
sphere {
	<29.316919, 40.071030, 36.400558> 0.250000
	pigment { color rgbt <1,0,0,0> }
	no_shadow
}
cylinder {
	<29.291224, 39.976364, 36.788345>,  <29.275806, 39.919563, 37.021015>, 0.100000
	pigment { color rgbt <1,0,0,0> }
	no_shadow
}
cylinder {
	<29.291224, 39.976364, 36.788345>,  <29.316919, 40.071030, 36.400558>, 0.100000
	pigment { color rgbt <1,0,0,0> }
	no_shadow
}

// particle -1
sphere {
	<29.291224, 39.976364, 36.788345> 0.100000
	pigment { color rgbt <1,0,0,0> }
	no_shadow
}
sphere {
	0, 1
	scale<0.080000,0.200000,0.300000>
	matrix <0.435826, 0.867276, 0.240599,
		-0.897735, 0.437975, 0.047431,
		-0.064240, -0.236666, 0.969465,
		29.271952, 39.905365, 37.079185>
	pigment { color rgbt <0,1,1,0> }
	no_shadow
}
cylinder {
	<29.051039, 40.683239, 36.746593>,  <29.316919, 40.071030, 36.400558>, 0.130000
	pigment { color rgbt <1,0,0,0> }
	no_shadow
}

// nucleotide -1

// particle -1
sphere {
	<29.051039, 40.683239, 36.746593> 0.250000
	pigment { color rgbt <1,0,0,0> }
	no_shadow
}
cylinder {
	<29.235916, 40.458557, 37.021072>,  <29.346842, 40.323746, 37.185760>, 0.100000
	pigment { color rgbt <1,0,0,0> }
	no_shadow
}
cylinder {
	<29.235916, 40.458557, 37.021072>,  <29.051039, 40.683239, 36.746593>, 0.100000
	pigment { color rgbt <1,0,0,0> }
	no_shadow
}

// particle -1
sphere {
	<29.235916, 40.458557, 37.021072> 0.100000
	pigment { color rgbt <1,0,0,0> }
	no_shadow
}
sphere {
	0, 1
	scale<0.080000,0.200000,0.300000>
	matrix <0.601876, 0.766984, 0.222444,
		-0.651248, 0.310191, 0.692574,
		0.462193, -0.561709, 0.686193,
		29.374575, 40.290043, 37.226929>
	pigment { color rgbt <0,1,1,0> }
	no_shadow
}
cylinder {
	<28.992531, 41.083069, 37.436806>,  <29.051039, 40.683239, 36.746593>, 0.130000
	pigment { color rgbt <1,0,0,0> }
	no_shadow
}

// nucleotide -1

// particle -1
sphere {
	<28.992531, 41.083069, 37.436806> 0.250000
	pigment { color rgbt <1,0,0,0> }
	no_shadow
}
cylinder {
	<29.302925, 40.832401, 37.465458>,  <29.489162, 40.681999, 37.482651>, 0.100000
	pigment { color rgbt <1,0,0,0> }
	no_shadow
}
cylinder {
	<29.302925, 40.832401, 37.465458>,  <28.992531, 41.083069, 37.436806>, 0.100000
	pigment { color rgbt <1,0,0,0> }
	no_shadow
}

// particle -1
sphere {
	<29.302925, 40.832401, 37.465458> 0.100000
	pigment { color rgbt <1,0,0,0> }
	no_shadow
}
sphere {
	0, 1
	scale<0.080000,0.200000,0.300000>
	matrix <0.569131, 0.744605, 0.348788,
		-0.271913, -0.229886, 0.934460,
		0.775985, -0.626670, 0.071632,
		29.535721, 40.644402, 37.486946>
	pigment { color rgbt <0,1,1,0> }
	no_shadow
}
cylinder {
	<29.275801, 41.087017, 38.150341>,  <28.992531, 41.083069, 37.436806>, 0.130000
	pigment { color rgbt <1,0,0,0> }
	no_shadow
}

// nucleotide -1

// particle -1
sphere {
	<29.275801, 41.087017, 38.150341> 0.250000
	pigment { color rgbt <1,0,0,0> }
	no_shadow
}
cylinder {
	<29.572256, 40.957825, 37.914917>,  <29.750130, 40.880310, 37.773663>, 0.100000
	pigment { color rgbt <1,0,0,0> }
	no_shadow
}
cylinder {
	<29.572256, 40.957825, 37.914917>,  <29.275801, 41.087017, 38.150341>, 0.100000
	pigment { color rgbt <1,0,0,0> }
	no_shadow
}

// particle -1
sphere {
	<29.572256, 40.957825, 37.914917> 0.100000
	pigment { color rgbt <1,0,0,0> }
	no_shadow
}
sphere {
	0, 1
	scale<0.080000,0.200000,0.300000>
	matrix <0.608735, 0.693003, 0.386249,
		0.283119, -0.644538, 0.710221,
		0.741138, -0.322982, -0.588556,
		29.794598, 40.860931, 37.738350>
	pigment { color rgbt <0,1,1,0> }
	no_shadow
}
cylinder {
	<29.976175, 41.506241, 38.352753>,  <29.275801, 41.087017, 38.150341>, 0.130000
	pigment { color rgbt <1,0,0,0> }
	no_shadow
}

// nucleotide -1

// particle -1
sphere {
	<29.976175, 41.506241, 38.352753> 0.250000
	pigment { color rgbt <1,0,0,0> }
	no_shadow
}
cylinder {
	<30.359314, 41.472717, 38.242840>,  <30.589197, 41.452602, 38.176891>, 0.100000
	pigment { color rgbt <1,0,0,0> }
	no_shadow
}
cylinder {
	<30.359314, 41.472717, 38.242840>,  <29.976175, 41.506241, 38.352753>, 0.100000
	pigment { color rgbt <1,0,0,0> }
	no_shadow
}

// particle -1
sphere {
	<30.359314, 41.472717, 38.242840> 0.100000
	pigment { color rgbt <1,0,0,0> }
	no_shadow
}
sphere {
	0, 1
	scale<0.080000,0.200000,0.300000>
	matrix <-0.232354, -0.788497, -0.569459,
		-0.168935, 0.609301, -0.774734,
		0.957848, -0.083811, -0.274779,
		30.646667, 41.447575, 38.160408>
	pigment { color rgbt <0,1,1,0> }
	no_shadow
}
cylinder {
	<30.083723, 41.621395, 37.622414>,  <29.976175, 41.506241, 38.352753>, 0.130000
	pigment { color rgbt <1,0,0,0> }
	no_shadow
}

// nucleotide -1

// particle -1
sphere {
	<30.083723, 41.621395, 37.622414> 0.250000
	pigment { color rgbt <1,0,0,0> }
	no_shadow
}
cylinder {
	<30.344946, 41.371754, 37.794003>,  <30.501678, 41.221970, 37.896957>, 0.100000
	pigment { color rgbt <1,0,0,0> }
	no_shadow
}
cylinder {
	<30.344946, 41.371754, 37.794003>,  <30.083723, 41.621395, 37.622414>, 0.100000
	pigment { color rgbt <1,0,0,0> }
	no_shadow
}

// particle -1
sphere {
	<30.344946, 41.371754, 37.794003> 0.100000
	pigment { color rgbt <1,0,0,0> }
	no_shadow
}
sphere {
	0, 1
	scale<0.080000,0.200000,0.300000>
	matrix <-0.438106, -0.773377, -0.458204,
		0.617722, 0.111298, -0.778481,
		0.653056, -0.624100, 0.428972,
		30.540863, 41.184525, 37.922695>
	pigment { color rgbt <0,1,1,0> }
	no_shadow
}
cylinder {
	<30.414234, 41.150822, 37.158520>,  <30.083723, 41.621395, 37.622414>, 0.130000
	pigment { color rgbt <1,0,0,0> }
	no_shadow
}

// nucleotide -1

// particle -1
sphere {
	<30.414234, 41.150822, 37.158520> 0.250000
	pigment { color rgbt <1,0,0,0> }
	no_shadow
}
cylinder {
	<30.387995, 40.981934, 37.520168>,  <30.372252, 40.880600, 37.737156>, 0.100000
	pigment { color rgbt <1,0,0,0> }
	no_shadow
}
cylinder {
	<30.387995, 40.981934, 37.520168>,  <30.414234, 41.150822, 37.158520>, 0.100000
	pigment { color rgbt <1,0,0,0> }
	no_shadow
}

// particle -1
sphere {
	<30.387995, 40.981934, 37.520168> 0.100000
	pigment { color rgbt <1,0,0,0> }
	no_shadow
}
sphere {
	0, 1
	scale<0.080000,0.200000,0.300000>
	matrix <-0.488458, -0.776501, -0.398063,
		0.870118, -0.467735, -0.155301,
		-0.065597, -0.422220, 0.904117,
		30.368315, 40.855267, 37.791405>
	pigment { color rgbt <0,1,1,0> }
	no_shadow
}
cylinder {
	<30.592089, 40.408768, 37.077145>,  <30.414234, 41.150822, 37.158520>, 0.130000
	pigment { color rgbt <1,0,0,0> }
	no_shadow
}

// nucleotide -1

// particle -1
sphere {
	<30.592089, 40.408768, 37.077145> 0.250000
	pigment { color rgbt <1,0,0,0> }
	no_shadow
}
cylinder {
	<30.366859, 40.495781, 37.396049>,  <30.231722, 40.547989, 37.587395>, 0.100000
	pigment { color rgbt <1,0,0,0> }
	no_shadow
}
cylinder {
	<30.366859, 40.495781, 37.396049>,  <30.592089, 40.408768, 37.077145>, 0.100000
	pigment { color rgbt <1,0,0,0> }
	no_shadow
}

// particle -1
sphere {
	<30.366859, 40.495781, 37.396049> 0.100000
	pigment { color rgbt <1,0,0,0> }
	no_shadow
}
sphere {
	0, 1
	scale<0.080000,0.200000,0.300000>
	matrix <-0.601854, -0.769057, -0.215230,
		0.566322, -0.601026, 0.563956,
		-0.563073, 0.217530, 0.797264,
		30.197937, 40.561039, 37.635227>
	pigment { color rgbt <0,1,1,0> }
	no_shadow
}
cylinder {
	<30.549210, 39.847797, 37.609653>,  <30.592089, 40.408768, 37.077145>, 0.130000
	pigment { color rgbt <1,0,0,0> }
	no_shadow
}

// nucleotide -1

// particle -1
sphere {
	<30.549210, 39.847797, 37.609653> 0.250000
	pigment { color rgbt <1,0,0,0> }
	no_shadow
}
cylinder {
	<30.225914, 40.082485, 37.589638>,  <30.031937, 40.223297, 37.577629>, 0.100000
	pigment { color rgbt <1,0,0,0> }
	no_shadow
}
cylinder {
	<30.225914, 40.082485, 37.589638>,  <30.549210, 39.847797, 37.609653>, 0.100000
	pigment { color rgbt <1,0,0,0> }
	no_shadow
}

// particle -1
sphere {
	<30.225914, 40.082485, 37.589638> 0.100000
	pigment { color rgbt <1,0,0,0> }
	no_shadow
}
sphere {
	0, 1
	scale<0.080000,0.200000,0.300000>
	matrix <-0.585669, -0.809788, -0.035140,
		-0.061140, 0.000906, 0.998129,
		-0.808241, 0.586721, -0.050041,
		29.983442, 40.258503, 37.574627>
	pigment { color rgbt <0,1,1,0> }
	no_shadow
}
cylinder {
	<29.985600, 39.746857, 38.192574>,  <30.549210, 39.847797, 37.609653>, 0.130000
	pigment { color rgbt <1,0,0,0> }
	no_shadow
}

// nucleotide -1

// particle -1
sphere {
	<29.985600, 39.746857, 38.192574> 0.250000
	pigment { color rgbt <1,0,0,0> }
	no_shadow
}
cylinder {
	<29.795071, 39.891834, 37.872135>,  <29.680754, 39.978821, 37.679871>, 0.100000
	pigment { color rgbt <1,0,0,0> }
	no_shadow
}
cylinder {
	<29.795071, 39.891834, 37.872135>,  <29.985600, 39.746857, 38.192574>, 0.100000
	pigment { color rgbt <1,0,0,0> }
	no_shadow
}

// particle -1
sphere {
	<29.795071, 39.891834, 37.872135> 0.100000
	pigment { color rgbt <1,0,0,0> }
	no_shadow
}
sphere {
	0, 1
	scale<0.080000,0.200000,0.300000>
	matrix <-0.702357, -0.704953, 0.098669,
		-0.528973, 0.609653, 0.590349,
		-0.476322, 0.362442, -0.801095,
		29.652174, 40.000568, 37.631805>
	pigment { color rgbt <0,1,1,0> }
	no_shadow
}
cylinder {
	<29.146589, 39.788082, 38.369518>,  <29.985600, 39.746857, 38.192574>, 0.130000
	pigment { color rgbt <1,0,0,0> }
	no_shadow
}

// nucleotide -1

// particle -1
sphere {
	<29.146589, 39.788082, 38.369518> 0.250000
	pigment { color rgbt <1,0,0,0> }
	no_shadow
}
cylinder {
	<29.190487, 39.804459, 37.972271>,  <29.216825, 39.814285, 37.733925>, 0.100000
	pigment { color rgbt <1,0,0,0> }
	no_shadow
}
cylinder {
	<29.190487, 39.804459, 37.972271>,  <29.146589, 39.788082, 38.369518>, 0.100000
	pigment { color rgbt <1,0,0,0> }
	no_shadow
}

// particle -1
sphere {
	<29.190487, 39.804459, 37.972271> 0.100000
	pigment { color rgbt <1,0,0,0> }
	no_shadow
}
sphere {
	0, 1
	scale<0.080000,0.200000,0.300000>
	matrix <-0.731971, -0.672622, -0.108615,
		-0.672439, 0.738853, -0.043848,
		0.109744, 0.040941, -0.993116,
		29.223410, 39.816742, 37.674335>
	pigment { color rgbt <0,1,1,0> }
	no_shadow
}
cylinder {
	<28.566837, 39.394154, 38.240910>,  <29.146589, 39.788082, 38.369518>, 0.130000
	pigment { color rgbt <1,0,0,0> }
	no_shadow
}

// nucleotide -1

// particle -1
sphere {
	<28.566837, 39.394154, 38.240910> 0.250000
	pigment { color rgbt <1,0,0,0> }
	no_shadow
}
cylinder {
	<28.731003, 39.449844, 37.880424>,  <28.829502, 39.483257, 37.664135>, 0.100000
	pigment { color rgbt <1,0,0,0> }
	no_shadow
}
cylinder {
	<28.731003, 39.449844, 37.880424>,  <28.566837, 39.394154, 38.240910>, 0.100000
	pigment { color rgbt <1,0,0,0> }
	no_shadow
}

// particle -1
sphere {
	<28.731003, 39.449844, 37.880424> 0.100000
	pigment { color rgbt <1,0,0,0> }
	no_shadow
}
sphere {
	0, 1
	scale<0.080000,0.200000,0.300000>
	matrix <-0.641945, -0.657799, -0.393963,
