// switches for output
#declare DRAW_BASES = 1; // possible values are 0, 1; only relevant for DNA ribbons
#declare DRAW_BASES_TYPE = 3; // possible values are 1, 2, 3; only relevant for DNA ribbons
#declare DRAW_FOG = 0; // set to 1 to enable fog

#include "colors.inc"

#include "transforms.inc"
background { rgb <1, 1, 1>}

#default {
   normal{
       ripples 0.25
       frequency 0.20
       turbulence 0.2
       lambda 5
   }
	finish {
		phong 0.1
		phong_size 40.
	}
}

// original window dimensions: 1024x640


// camera settings

camera {
	sky <0, 0.179814, -0.983701>
	up <0, 0.179814, -0.983701>
	right 1.6 * <1, 0, 0>
	location <35, 94.9851, 44.8844>
	look_at <35, 29.7336, 32.9568>
	direction <0, -65.2515, -11.9276>
	angle 67.0682
}


# declare cpy_camera_pos = <35, 94.9851, 44.8844>;
# if (DRAW_FOG = 1)
fog {
	fog_type 2
	up vnormalize(cpy_camera_pos)
	color rgbt<1,1,1,0.3>
	distance 1e-5
	fog_alt 3e-3
	fog_offset 56
}
# end


// LIGHTS

# declare lum = 6;
global_settings {
	ambient_light rgb lum * <0.05, 0.05, 0.05>
	max_trace_level 15
}# declare cpy_direct_light_amount = 0.25;
light_source
{	1000 * <-1, -1.16352, -0.803886>,
	rgb lum * cpy_direct_light_amount
	parallel
}

light_source
{	1000 * <1, 1.16352, 0.803886>,
	rgb lum * cpy_direct_light_amount
	parallel
}

// strand 0

// nucleotide -1

// particle -1
sphere {
	<24.016899, 34.970810, 35.125843> 0.250000
	pigment { color rgbt <1,0,0,0> }
	no_shadow
}
cylinder {
	<24.374842, 35.060844, 35.280022>,  <24.589607, 35.114864, 35.372528>, 0.100000
	pigment { color rgbt <1,0,0,0> }
	no_shadow
}
cylinder {
	<24.374842, 35.060844, 35.280022>,  <24.016899, 34.970810, 35.125843>, 0.100000
	pigment { color rgbt <1,0,0,0> }
	no_shadow
}

// particle -1
sphere {
	<24.374842, 35.060844, 35.280022> 0.100000
	pigment { color rgbt <1,0,0,0> }
	no_shadow
}
sphere {
	0, 1
	scale<0.080000,0.200000,0.300000>
	matrix <0.211857, -0.974256, 0.077088,
		0.392873, 0.012676, -0.919505,
		0.894856, 0.225089, 0.385445,
		24.643299, 35.128372, 35.395657>
	pigment { color rgbt <0,1,1,0> }
	no_shadow
}
cylinder {
	<24.500710, 34.711346, 34.759865>,  <24.016899, 34.970810, 35.125843>, 0.130000
	pigment { color rgbt <1,0,0,0> }
	no_shadow
}

// nucleotide -1

// particle -1
sphere {
	<24.500710, 34.711346, 34.759865> 0.250000
	pigment { color rgbt <1,0,0,0> }
	no_shadow
}
cylinder {
	<24.675503, 34.745281, 35.118050>,  <24.780378, 34.765640, 35.332958>, 0.100000
	pigment { color rgbt <1,0,0,0> }
	no_shadow
}
cylinder {
	<24.675503, 34.745281, 35.118050>,  <24.500710, 34.711346, 34.759865>, 0.100000
	pigment { color rgbt <1,0,0,0> }
	no_shadow
}

// particle -1
sphere {
	<24.675503, 34.745281, 35.118050> 0.100000
	pigment { color rgbt <1,0,0,0> }
	no_shadow
}
sphere {
	0, 1
	scale<0.080000,0.200000,0.300000>
	matrix <0.180917, -0.983486, 0.004889,
		0.881087, 0.159867, -0.445115,
		0.436983, 0.084837, 0.895460,
		24.806599, 34.770733, 35.386688>
	pigment { color rgbt <0,1,1,0> }
	no_shadow
}
cylinder {
	<25.046312, 34.187386, 34.799595>,  <24.500710, 34.711346, 34.759865>, 0.130000
	pigment { color rgbt <1,0,0,0> }
	no_shadow
}

// nucleotide -1

// particle -1
sphere {
	<25.046312, 34.187386, 34.799595> 0.250000
	pigment { color rgbt <1,0,0,0> }
	no_shadow
}
cylinder {
	<25.025660, 34.275791, 35.189156>,  <25.013268, 34.328835, 35.422894>, 0.100000
	pigment { color rgbt <1,0,0,0> }
	no_shadow
}
cylinder {
	<25.025660, 34.275791, 35.189156>,  <25.046312, 34.187386, 34.799595>, 0.100000
	pigment { color rgbt <1,0,0,0> }
	no_shadow
}

// particle -1
sphere {
	<25.025660, 34.275791, 35.189156> 0.100000
	pigment { color rgbt <1,0,0,0> }
	no_shadow
}
sphere {
	0, 1
	scale<0.080000,0.200000,0.300000>
	matrix <0.291581, -0.929375, 0.226369,
		0.955151, 0.295660, -0.016458,
		-0.051632, 0.221015, 0.973903,
		25.010170, 34.342094, 35.481327>
	pigment { color rgbt <0,1,1,0> }
	no_shadow
}
cylinder {
	<25.694510, 33.950867, 35.171989>,  <25.046312, 34.187386, 34.799595>, 0.130000
	pigment { color rgbt <1,0,0,0> }
	no_shadow
}

// nucleotide -1

// particle -1
sphere {
	<25.694510, 33.950867, 35.171989> 0.250000
	pigment { color rgbt <1,0,0,0> }
	no_shadow
}
cylinder {
	<25.376799, 33.914871, 35.412331>,  <25.186172, 33.893272, 35.556534>, 0.100000
	pigment { color rgbt <1,0,0,0> }
	no_shadow
}
cylinder {
	<25.376799, 33.914871, 35.412331>,  <25.694510, 33.950867, 35.171989>, 0.100000
	pigment { color rgbt <1,0,0,0> }
	no_shadow
}

// particle -1
sphere {
	<25.376799, 33.914871, 35.412331> 0.100000
	pigment { color rgbt <1,0,0,0> }
	no_shadow
}
sphere {
	0, 1
	scale<0.080000,0.200000,0.300000>
	matrix <0.262481, -0.942739, 0.205784,
		0.547928, 0.321162, 0.772418,
		-0.794279, -0.089990, 0.600852,
		25.138515, 33.887875, 35.592587>
	pigment { color rgbt <0,1,1,0> }
	no_shadow
}
cylinder {
	<26.287842, 33.642254, 35.110847>,  <25.694510, 33.950867, 35.171989>, 0.130000
	pigment { color rgbt <1,0,0,0> }
	no_shadow
}

// nucleotide -1

// particle -1
sphere {
	<26.287842, 33.642254, 35.110847> 0.250000
	pigment { color rgbt <1,0,0,0> }
	no_shadow
}
cylinder {
	<26.500366, 33.519249, 34.795090>,  <26.627880, 33.445446, 34.605637>, 0.100000
	pigment { color rgbt <1,0,0,0> }
	no_shadow
}
cylinder {
	<26.500366, 33.519249, 34.795090>,  <26.287842, 33.642254, 35.110847>, 0.100000
	pigment { color rgbt <1,0,0,0> }
	no_shadow
}

// particle -1
sphere {
	<26.500366, 33.519249, 34.795090> 0.100000
	pigment { color rgbt <1,0,0,0> }
	no_shadow
}
sphere {
	0, 1
	scale<0.080000,0.200000,0.300000>
	matrix <0.132809, -0.890039, 0.436110,
		-0.836703, -0.336548, -0.432046,
		0.531309, -0.307515, -0.789395,
		26.659760, 33.426994, 34.558270>
	pigment { color rgbt <0,1,1,0> }
	no_shadow
}
cylinder {
	<26.181568, 32.905865, 35.023190>,  <26.287842, 33.642254, 35.110847>, 0.130000
	pigment { color rgbt <1,0,0,0> }
	no_shadow
}

// nucleotide -1

// particle -1
sphere {
	<26.181568, 32.905865, 35.023190> 0.250000
	pigment { color rgbt <1,0,0,0> }
	no_shadow
}
cylinder {
	<26.495274, 32.932007, 34.776402>,  <26.683496, 32.947693, 34.628326>, 0.100000
	pigment { color rgbt <1,0,0,0> }
	no_shadow
}
cylinder {
	<26.495274, 32.932007, 34.776402>,  <26.181568, 32.905865, 35.023190>, 0.100000
	pigment { color rgbt <1,0,0,0> }
	no_shadow
}

// particle -1
sphere {
	<26.495274, 32.932007, 34.776402> 0.100000
	pigment { color rgbt <1,0,0,0> }
	no_shadow
}
sphere {
	0, 1
	scale<0.080000,0.200000,0.300000>
	matrix <0.258838, -0.938227, 0.229635,
		-0.563854, -0.339791, -0.752736,
		0.784265, 0.065356, -0.616974,
		26.730553, 32.951614, 34.591309>
	pigment { color rgbt <0,1,1,0> }
	no_shadow
}
cylinder {
	<26.325811, 32.371689, 34.493759>,  <26.181568, 32.905865, 35.023190>, 0.130000
	pigment { color rgbt <1,0,0,0> }
	no_shadow
}

// nucleotide -1

// particle -1
sphere {
	<26.325811, 32.371689, 34.493759> 0.250000
	pigment { color rgbt <1,0,0,0> }
	no_shadow
}
cylinder {
	<26.687399, 32.502178, 34.604336>,  <26.904350, 32.580471, 34.670681>, 0.100000
	pigment { color rgbt <1,0,0,0> }
	no_shadow
}
cylinder {
	<26.687399, 32.502178, 34.604336>,  <26.325811, 32.371689, 34.493759>, 0.100000
	pigment { color rgbt <1,0,0,0> }
	no_shadow
}

// particle -1
sphere {
	<26.687399, 32.502178, 34.604336> 0.100000
	pigment { color rgbt <1,0,0,0> }
	no_shadow
}
sphere {
	0, 1
	scale<0.080000,0.200000,0.300000>
	matrix <0.312270, -0.945291, 0.094402,
		0.292116, 0.000989, -0.956382,
		0.903966, 0.326226, 0.276444,
		26.958590, 32.600044, 34.687267>
	pigment { color rgbt <0,1,1,0> }
	no_shadow
}
cylinder {
	<26.808319, 32.022465, 34.091187>,  <26.325811, 32.371689, 34.493759>, 0.130000
	pigment { color rgbt <1,0,0,0> }
	no_shadow
}

// nucleotide -1

// particle -1
sphere {
	<26.808319, 32.022465, 34.091187> 0.250000
	pigment { color rgbt <1,0,0,0> }
	no_shadow
}
cylinder {
	<26.983974, 32.130833, 34.433826>,  <27.089369, 32.195854, 34.639408>, 0.100000
	pigment { color rgbt <1,0,0,0> }
	no_shadow
}
cylinder {
	<26.983974, 32.130833, 34.433826>,  <26.808319, 32.022465, 34.091187>, 0.100000
	pigment { color rgbt <1,0,0,0> }
	no_shadow
}

// particle -1
sphere {
	<26.983974, 32.130833, 34.433826> 0.100000
	pigment { color rgbt <1,0,0,0> }
	no_shadow
}
sphere {
	0, 1
	scale<0.080000,0.200000,0.300000>
	matrix <0.309463, -0.940716, 0.138874,
		0.843439, 0.204100, -0.496944,
		0.439140, 0.270918, 0.856598,
		27.115717, 32.212109, 34.690807>
	pigment { color rgbt <0,1,1,0> }
	no_shadow
}
cylinder {
	<27.398539, 31.615616, 34.090302>,  <26.808319, 32.022465, 34.091187>, 0.130000
	pigment { color rgbt <1,0,0,0> }
	no_shadow
}

// nucleotide -1

// particle -1
sphere {
	<27.398539, 31.615616, 34.090302> 0.250000
	pigment { color rgbt <1,0,0,0> }
	no_shadow
}
cylinder {
	<27.331385, 31.727619, 34.468384>,  <27.291092, 31.794821, 34.695232>, 0.100000
	pigment { color rgbt <1,0,0,0> }
	no_shadow
}
cylinder {
	<27.331385, 31.727619, 34.468384>,  <27.398539, 31.615616, 34.090302>, 0.100000
	pigment { color rgbt <1,0,0,0> }
	no_shadow
}

// particle -1
sphere {
	<27.331385, 31.727619, 34.468384> 0.100000
	pigment { color rgbt <1,0,0,0> }
	no_shadow
}
sphere {
	0, 1
	scale<0.080000,0.200000,0.300000>
	matrix <0.310019, -0.895169, 0.320249,
		0.935790, 0.346797, 0.063478,
		-0.167885, 0.280006, 0.945204,
		27.281019, 31.811621, 34.751945>
	pigment { color rgbt <0,1,1,0> }
	no_shadow
}
cylinder {
	<27.949961, 31.253517, 34.516964>,  <27.398539, 31.615616, 34.090302>, 0.130000
	pigment { color rgbt <1,0,0,0> }
	no_shadow
}

// nucleotide -1

// particle -1
sphere {
	<27.949961, 31.253517, 34.516964> 0.250000
	pigment { color rgbt <1,0,0,0> }
	no_shadow
}
cylinder {
	<27.667929, 31.343153, 34.786079>,  <27.498711, 31.396935, 34.947548>, 0.100000
	pigment { color rgbt <1,0,0,0> }
	no_shadow
}
cylinder {
	<27.667929, 31.343153, 34.786079>,  <27.949961, 31.253517, 34.516964>, 0.100000
	pigment { color rgbt <1,0,0,0> }
	no_shadow
}

// particle -1
sphere {
	<27.667929, 31.343153, 34.786079> 0.100000
	pigment { color rgbt <1,0,0,0> }
	no_shadow
}
sphere {
	0, 1
	scale<0.080000,0.200000,0.300000>
	matrix <-0.014719, -0.953176, 0.302056,
		0.708977, 0.203071, 0.675362,
		-0.705078, 0.224092, 0.672791,
		27.456406, 31.410381, 34.987915>
	pigment { color rgbt <0,1,1,0> }
	no_shadow
}
cylinder {
	<28.145914, 30.861221, 35.123280>,  <27.949961, 31.253517, 34.516964>, 0.130000
	pigment { color rgbt <1,0,0,0> }
	no_shadow
}

// nucleotide -1

// particle -1
sphere {
	<28.145914, 30.861221, 35.123280> 0.250000
	pigment { color rgbt <1,0,0,0> }
	no_shadow
}
cylinder {
	<27.774103, 30.977499, 35.214035>,  <27.551016, 31.047266, 35.268486>, 0.100000
	pigment { color rgbt <1,0,0,0> }
	no_shadow
}
cylinder {
	<27.774103, 30.977499, 35.214035>,  <28.145914, 30.861221, 35.123280>, 0.100000
	pigment { color rgbt <1,0,0,0> }
	no_shadow
}

// particle -1
sphere {
	<27.774103, 30.977499, 35.214035> 0.100000
	pigment { color rgbt <1,0,0,0> }
	no_shadow
}
sphere {
	0, 1
	scale<0.080000,0.200000,0.300000>
	matrix <-0.228802, -0.937173, 0.263356,
		0.289186, 0.192885, 0.937639,
		-0.929527, 0.290693, 0.226885,
		27.495245, 31.064707, 35.282101>
	pigment { color rgbt <0,1,1,0> }
	no_shadow
}
cylinder {
	<27.818213, 30.714396, 35.914909>,  <28.145914, 30.861221, 35.123280>, 0.130000
	pigment { color rgbt <1,0,0,0> }
	no_shadow
}

// nucleotide -1

// particle -1
sphere {
	<27.818213, 30.714396, 35.914909> 0.250000
	pigment { color rgbt <1,0,0,0> }
	no_shadow
}
cylinder {
	<27.582642, 30.689369, 35.592606>,  <27.441299, 30.674355, 35.399223>, 0.100000
	pigment { color rgbt <1,0,0,0> }
	no_shadow
}
cylinder {
	<27.582642, 30.689369, 35.592606>,  <27.818213, 30.714396, 35.914909>, 0.100000
	pigment { color rgbt <1,0,0,0> }
	no_shadow
}

// particle -1
sphere {
	<27.582642, 30.689369, 35.592606> 0.100000
	pigment { color rgbt <1,0,0,0> }
	no_shadow
}
sphere {
	0, 1
	scale<0.080000,0.200000,0.300000>
	matrix <-0.084241, -0.986816, 0.138194,
		-0.803784, 0.149264, 0.575891,
		-0.588926, -0.062565, -0.805761,
		27.405964, 30.670599, 35.350876>
	pigment { color rgbt <0,1,1,0> }
	no_shadow
}
cylinder {
	<27.329515, 30.268267, 36.095459>,  <27.818213, 30.714396, 35.914909>, 0.130000
	pigment { color rgbt <1,0,0,0> }
	no_shadow
}

// nucleotide -1

// particle -1
sphere {
	<27.329515, 30.268267, 36.095459> 0.250000
	pigment { color rgbt <1,0,0,0> }
	no_shadow
}
cylinder {
	<27.350111, 30.258955, 35.696098>,  <27.362469, 30.253368, 35.456482>, 0.100000
	pigment { color rgbt <1,0,0,0> }
	no_shadow
}
cylinder {
	<27.350111, 30.258955, 35.696098>,  <27.329515, 30.268267, 36.095459>, 0.100000
	pigment { color rgbt <1,0,0,0> }
	no_shadow
}

// particle -1
sphere {
	<27.350111, 30.258955, 35.696098> 0.100000
	pigment { color rgbt <1,0,0,0> }
	no_shadow
}
sphere {
	0, 1
	scale<0.080000,0.200000,0.300000>
	matrix <0.374556, -0.926301, 0.040916,
		-0.925774, -0.376064, -0.038968,
		0.051483, -0.023284, -0.998402,
		27.365559, 30.251970, 35.396576>
	pigment { color rgbt <0,1,1,0> }
	no_shadow
}
cylinder {
	<27.180204, 29.799343, 35.508289>,  <27.329515, 30.268267, 36.095459>, 0.130000
	pigment { color rgbt <1,0,0,0> }
	no_shadow
}

// nucleotide -1

// particle -1
sphere {
	<27.180204, 29.799343, 35.508289> 0.250000
	pigment { color rgbt <1,0,0,0> }
	no_shadow
}
cylinder {
	<26.851688, 29.920115, 35.701916>,  <26.654579, 29.992577, 35.818092>, 0.100000
	pigment { color rgbt <1,0,0,0> }
	no_shadow
}
cylinder {
	<26.851688, 29.920115, 35.701916>,  <27.180204, 29.799343, 35.508289>, 0.100000
	pigment { color rgbt <1,0,0,0> }
	no_shadow
}

// particle -1
sphere {
	<26.851688, 29.920115, 35.701916> 0.100000
	pigment { color rgbt <1,0,0,0> }
	no_shadow
}
sphere {
	0, 1
	scale<0.080000,0.200000,0.300000>
	matrix <0.198281, 0.946651, -0.254042,
		-0.534948, -0.112660, -0.837340,
		-0.821289, 0.301927, 0.484070,
		26.605301, 30.010693, 35.847137>
	pigment { color rgbt <0,1,1,0> }
	no_shadow
}
cylinder {
	<26.812624, 30.279541, 35.033371>,  <27.180204, 29.799343, 35.508289>, 0.130000
	pigment { color rgbt <1,0,0,0> }
	no_shadow
}

// nucleotide -1

// particle -1
sphere {
	<26.812624, 30.279541, 35.033371> 0.250000
	pigment { color rgbt <1,0,0,0> }
	no_shadow
}
cylinder {
	<26.766781, 30.372210, 35.419777>,  <26.739275, 30.427811, 35.651623>, 0.100000
	pigment { color rgbt <1,0,0,0> }
	no_shadow
}
cylinder {
	<26.766781, 30.372210, 35.419777>,  <26.812624, 30.279541, 35.033371>, 0.100000
	pigment { color rgbt <1,0,0,0> }
	no_shadow
}

// particle -1
sphere {
	<26.766781, 30.372210, 35.419777> 0.100000
	pigment { color rgbt <1,0,0,0> }
	no_shadow
}
sphere {
	0, 1
	scale<0.080000,0.200000,0.300000>
	matrix <0.137230, 0.966796, -0.215578,
		-0.983887, 0.107861, -0.142593,
		-0.114606, 0.231672, 0.966020,
		26.732399, 30.441711, 35.709583>
	pigment { color rgbt <0,1,1,0> }
	no_shadow
}
cylinder {
	<26.248602, 30.701609, 35.250618>,  <26.812624, 30.279541, 35.033371>, 0.130000
	pigment { color rgbt <1,0,0,0> }
	no_shadow
}

// nucleotide -1

// particle -1
sphere {
	<26.248602, 30.701609, 35.250618> 0.250000
	pigment { color rgbt <1,0,0,0> }
	no_shadow
}
cylinder {
	<26.604280, 30.758728, 35.424484>,  <26.817688, 30.792999, 35.528805>, 0.100000
	pigment { color rgbt <1,0,0,0> }
	no_shadow
}
cylinder {
	<26.604280, 30.758728, 35.424484>,  <26.248602, 30.701609, 35.250618>, 0.100000
	pigment { color rgbt <1,0,0,0> }
	no_shadow
}

// particle -1
sphere {
	<26.604280, 30.758728, 35.424484> 0.100000
	pigment { color rgbt <1,0,0,0> }
	no_shadow
}
sphere {
	0, 1
	scale<0.080000,0.200000,0.300000>
	matrix <0.033371, 0.927272, -0.372897,
		-0.456307, 0.346085, 0.819762,
		0.889197, 0.142799, 0.434670,
		26.871040, 30.801567, 35.554886>
	pigment { color rgbt <0,1,1,0> }
	no_shadow
}
cylinder {
	<26.266113, 31.311712, 35.626137>,  <26.248602, 30.701609, 35.250618>, 0.130000
	pigment { color rgbt <1,0,0,0> }
	no_shadow
}

// nucleotide -1

// particle -1
sphere {
	<26.266113, 31.311712, 35.626137> 0.250000
	pigment { color rgbt <1,0,0,0> }
	no_shadow
}
cylinder {
	<26.642916, 31.235157, 35.515869>,  <26.868998, 31.189224, 35.449707>, 0.100000
	pigment { color rgbt <1,0,0,0> }
	no_shadow
}
cylinder {
	<26.642916, 31.235157, 35.515869>,  <26.266113, 31.311712, 35.626137>, 0.100000
	pigment { color rgbt <1,0,0,0> }
	no_shadow
}

// particle -1
sphere {
	<26.642916, 31.235157, 35.515869> 0.100000
	pigment { color rgbt <1,0,0,0> }
	no_shadow
}
sphere {
	0, 1
	scale<0.080000,0.200000,0.300000>
	matrix <0.092071, 0.937308, -0.336120,
		0.322716, 0.291246, 0.900572,
		0.942007, -0.191388, -0.275669,
		26.925518, 31.177740, 35.433167>
	pigment { color rgbt <0,1,1,0> }
	no_shadow
}
cylinder {
	<26.654480, 31.709427, 35.983852>,  <26.266113, 31.311712, 35.626137>, 0.130000
	pigment { color rgbt <1,0,0,0> }
	no_shadow
}

// nucleotide -1

// particle -1
sphere {
	<26.654480, 31.709427, 35.983852> 0.250000
	pigment { color rgbt <1,0,0,0> }
	no_shadow
}
cylinder {
	<26.877010, 31.631699, 35.660683>,  <27.010529, 31.585062, 35.466782>, 0.100000
	pigment { color rgbt <1,0,0,0> }
	no_shadow
}
cylinder {
	<26.877010, 31.631699, 35.660683>,  <26.654480, 31.709427, 35.983852>, 0.100000
	pigment { color rgbt <1,0,0,0> }
	no_shadow
}

// particle -1
sphere {
	<26.877010, 31.631699, 35.660683> 0.100000
	pigment { color rgbt <1,0,0,0> }
	no_shadow
}
sphere {
	0, 1
	scale<0.080000,0.200000,0.300000>
	matrix <0.055950, 0.978826, -0.196899,
		0.829079, 0.064337, 0.555418,
		0.556325, -0.194320, -0.807924,
		27.043907, 31.573402, 35.418304>
	pigment { color rgbt <0,1,1,0> }
	no_shadow
}
cylinder {
	<27.179008, 32.220490, 35.999619>,  <26.654480, 31.709427, 35.983852>, 0.130000
	pigment { color rgbt <1,0,0,0> }
	no_shadow
}

// nucleotide -1

// particle -1
sphere {
	<27.179008, 32.220490, 35.999619> 0.250000
	pigment { color rgbt <1,0,0,0> }
	no_shadow
}
cylinder {
	<27.205425, 32.097969, 35.619762>,  <27.221275, 32.024456, 35.391850>, 0.100000
	pigment { color rgbt <1,0,0,0> }
	no_shadow
}
cylinder {
	<27.205425, 32.097969, 35.619762>,  <27.179008, 32.220490, 35.999619>, 0.100000
	pigment { color rgbt <1,0,0,0> }
	no_shadow
}

// particle -1
sphere {
	<27.205425, 32.097969, 35.619762> 0.100000
	pigment { color rgbt <1,0,0,0> }
	no_shadow
}
sphere {
	0, 1
	scale<0.080000,0.200000,0.300000>
	matrix <0.098254, 0.949090, -0.299290,
		0.992968, -0.073541, 0.092774,
		0.066041, -0.306301, -0.949641,
		27.225237, 32.006077, 35.334869>
	pigment { color rgbt <0,1,1,0> }
	no_shadow
}
cylinder {
	<27.790148, 32.568741, 35.718025>,  <27.179008, 32.220490, 35.999619>, 0.130000
	pigment { color rgbt <1,0,0,0> }
	no_shadow
}

// nucleotide -1

// particle -1
sphere {
	<27.790148, 32.568741, 35.718025> 0.250000
	pigment { color rgbt <1,0,0,0> }
	no_shadow
}
cylinder {
	<27.553759, 32.444386, 35.420277>,  <27.411924, 32.369770, 35.241627>, 0.100000
	pigment { color rgbt <1,0,0,0> }
	no_shadow
}
cylinder {
	<27.553759, 32.444386, 35.420277>,  <27.790148, 32.568741, 35.718025>, 0.100000
	pigment { color rgbt <1,0,0,0> }
	no_shadow
}

// particle -1
sphere {
	<27.553759, 32.444386, 35.420277> 0.100000
	pigment { color rgbt <1,0,0,0> }
	no_shadow
}
sphere {
	0, 1
	scale<0.080000,0.200000,0.300000>
	matrix <-0.105756, 0.944648, -0.310574,
		0.799727, -0.104819, -0.591142,
		-0.590975, -0.310891, -0.744375,
		27.376467, 32.351116, 35.196964>
	pigment { color rgbt <0,1,1,0> }
	no_shadow
}
cylinder {
	<28.020975, 32.947590, 35.229477>,  <27.790148, 32.568741, 35.718025>, 0.130000
	pigment { color rgbt <1,0,0,0> }
	no_shadow
}

// nucleotide -1

// particle -1
sphere {
	<28.020975, 32.947590, 35.229477> 0.250000
	pigment { color rgbt <1,0,0,0> }
	no_shadow
}
cylinder {
	<27.656752, 32.817669, 35.127193>,  <27.438217, 32.739716, 35.065823>, 0.100000
	pigment { color rgbt <1,0,0,0> }
	no_shadow
}
cylinder {
	<27.656752, 32.817669, 35.127193>,  <28.020975, 32.947590, 35.229477>, 0.100000
	pigment { color rgbt <1,0,0,0> }
	no_shadow
}

// particle -1
sphere {
	<27.656752, 32.817669, 35.127193> 0.100000
	pigment { color rgbt <1,0,0,0> }
	no_shadow
}
sphere {
	0, 1
	scale<0.080000,0.200000,0.300000>
	matrix <-0.212627, 0.898474, -0.384101,
		0.354508, -0.295375, -0.887174,
		-0.910557, -0.324804, -0.255712,
		27.383585, 32.720226, 35.050480>
	pigment { color rgbt <0,1,1,0> }
	no_shadow
}
cylinder {
	<27.972864, 33.001835, 34.440197>,  <28.020975, 32.947590, 35.229477>, 0.130000
	pigment { color rgbt <1,0,0,0> }
	no_shadow
}

// nucleotide -1

// particle -1
sphere {
	<27.972864, 33.001835, 34.440197> 0.250000
	pigment { color rgbt <1,0,0,0> }
	no_shadow
}
cylinder {
	<27.663986, 33.049038, 34.689930>,  <27.478659, 33.077362, 34.839767>, 0.100000
	pigment { color rgbt <1,0,0,0> }
	no_shadow
}
cylinder {
	<27.663986, 33.049038, 34.689930>,  <27.972864, 33.001835, 34.440197>, 0.100000
	pigment { color rgbt <1,0,0,0> }
	no_shadow
}

// particle -1
sphere {
	<27.663986, 33.049038, 34.689930> 0.100000
	pigment { color rgbt <1,0,0,0> }
	no_shadow
}
sphere {
	0, 1
	scale<0.080000,0.200000,0.300000>
	matrix <-0.062419, 0.963758, -0.259373,
		-0.632312, -0.239257, -0.736843,
		-0.772195, 0.118011, 0.624330,
		27.432327, 33.084442, 34.877228>
	pigment { color rgbt <0,1,1,0> }
	no_shadow
}
cylinder {
	<27.764505, 33.370113, 33.797768>,  <27.972864, 33.001835, 34.440197>, 0.130000
	pigment { color rgbt <1,0,0,0> }
	no_shadow
}

// nucleotide -1

// particle -1
sphere {
	<27.764505, 33.370113, 33.797768> 0.250000
	pigment { color rgbt <1,0,0,0> }
	no_shadow
}
cylinder {
	<27.657150, 33.724606, 33.646736>,  <27.592737, 33.937302, 33.556118>, 0.100000
	pigment { color rgbt <1,0,0,0> }
	no_shadow
}
cylinder {
	<27.657150, 33.724606, 33.646736>,  <27.764505, 33.370113, 33.797768>, 0.100000
	pigment { color rgbt <1,0,0,0> }
	no_shadow
}

// particle -1
sphere {
	<27.657150, 33.724606, 33.646736> 0.100000
	pigment { color rgbt <1,0,0,0> }
	no_shadow
}
sphere {
	0, 1
	scale<0.080000,0.200000,0.300000>
	matrix <0.949143, 0.176301, -0.260855,
		-0.164609, -0.428390, -0.888474,
		-0.268387, 0.886228, -0.377583,
		27.576633, 33.990475, 33.533463>
	pigment { color rgbt <0,1,1,0> }
	no_shadow
}
cylinder {
	<27.760900, 33.330101, 33.046455>,  <27.764505, 33.370113, 33.797768>, 0.130000
	pigment { color rgbt <1,0,0,0> }
	no_shadow
}

// nucleotide -1

// particle -1
sphere {
	<27.760900, 33.330101, 33.046455> 0.250000
	pigment { color rgbt <1,0,0,0> }
	no_shadow
}
cylinder {
	<27.859793, 33.688145, 33.194866>,  <27.919128, 33.902969, 33.283913>, 0.100000
	pigment { color rgbt <1,0,0,0> }
	no_shadow
}
cylinder {
	<27.859793, 33.688145, 33.194866>,  <27.760900, 33.330101, 33.046455>, 0.100000
	pigment { color rgbt <1,0,0,0> }
	no_shadow
}

// particle -1
sphere {
	<27.859793, 33.688145, 33.194866> 0.100000
	pigment { color rgbt <1,0,0,0> }
	no_shadow
}
sphere {
	0, 1
	scale<0.080000,0.200000,0.300000>
	matrix <0.901732, -0.072401, -0.426190,
		-0.354624, 0.439932, -0.825047,
		0.247229, 0.895108, 0.371026,
		27.933962, 33.956676, 33.306175>
	pigment { color rgbt <0,1,1,0> }
	no_shadow
}
cylinder {
	<28.029079, 33.729618, 32.536766>,  <27.760900, 33.330101, 33.046455>, 0.130000
	pigment { color rgbt <1,0,0,0> }
	no_shadow
}

// nucleotide -1

// particle -1
sphere {
	<28.029079, 33.729618, 32.536766> 0.250000
	pigment { color rgbt <1,0,0,0> }
	no_shadow
}
cylinder {
	<28.195078, 33.868324, 32.873226>,  <28.294678, 33.951550, 33.075104>, 0.100000
	pigment { color rgbt <1,0,0,0> }
	no_shadow
}
cylinder {
	<28.195078, 33.868324, 32.873226>,  <28.029079, 33.729618, 32.536766>, 0.100000
	pigment { color rgbt <1,0,0,0> }
	no_shadow
}

// particle -1
sphere {
	<28.195078, 33.868324, 32.873226> 0.100000
	pigment { color rgbt <1,0,0,0> }
	no_shadow
}
sphere {
	0, 1
	scale<0.080000,0.200000,0.300000>
	matrix <0.904993, -0.062187, -0.420857,
		-0.093631, 0.935888, -0.339629,
		0.414995, 0.346767, 0.841149,
		28.319576, 33.972355, 33.125572>
	pigment { color rgbt <0,1,1,0> }
	no_shadow
}
cylinder {
	<28.562002, 34.214142, 32.316982>,  <28.029079, 33.729618, 32.536766>, 0.130000
	pigment { color rgbt <1,0,0,0> }
	no_shadow
}

// nucleotide -1

// particle -1
sphere {
	<28.562002, 34.214142, 32.316982> 0.250000
	pigment { color rgbt <1,0,0,0> }
	no_shadow
}
cylinder {
	<28.648226, 34.114868, 32.694752>,  <28.699961, 34.055302, 32.921413>, 0.100000
	pigment { color rgbt <1,0,0,0> }
	no_shadow
}
cylinder {
	<28.648226, 34.114868, 32.694752>,  <28.562002, 34.214142, 32.316982>, 0.100000
	pigment { color rgbt <1,0,0,0> }
	no_shadow
}

// particle -1
sphere {
	<28.648226, 34.114868, 32.694752> 0.100000
	pigment { color rgbt <1,0,0,0> }
	no_shadow
}
sphere {
	0, 1
	scale<0.080000,0.200000,0.300000>
	matrix <0.967739, 0.183492, -0.172661,
		-0.130442, 0.951175, 0.279733,
		0.215559, -0.248186, 0.944425,
		28.712894, 34.040413, 32.978081>
	pigment { color rgbt <0,1,1,0> }
	no_shadow
}
cylinder {
	<28.868572, 34.740273, 32.581814>,  <28.562002, 34.214142, 32.316982>, 0.130000
	pigment { color rgbt <1,0,0,0> }
	no_shadow
}

// nucleotide -1

// particle -1
sphere {
	<28.868572, 34.740273, 32.581814> 0.250000
	pigment { color rgbt <1,0,0,0> }
	no_shadow
}
cylinder {
	<28.978056, 34.394325, 32.750141>,  <29.043747, 34.186756, 32.851139>, 0.100000
	pigment { color rgbt <1,0,0,0> }
	no_shadow
}
cylinder {
	<28.978056, 34.394325, 32.750141>,  <28.868572, 34.740273, 32.581814>, 0.100000
	pigment { color rgbt <1,0,0,0> }
	no_shadow
}

// particle -1
sphere {
	<28.978056, 34.394325, 32.750141> 0.100000
	pigment { color rgbt <1,0,0,0> }
	no_shadow
}
sphere {
	0, 1
	scale<0.080000,0.200000,0.300000>
	matrix <0.957695, 0.204628, -0.202354,
		0.088897, 0.458405, 0.884286,
		0.273710, -0.864865, 0.420822,
		29.060169, 34.134865, 32.876389>
	pigment { color rgbt <0,1,1,0> }
	no_shadow
}
cylinder {
	<29.408623, 34.793556, 33.054962>,  <28.868572, 34.740273, 32.581814>, 0.130000
	pigment { color rgbt <1,0,0,0> }
	no_shadow
}

// nucleotide -1

// particle -1
sphere {
	<29.408623, 34.793556, 33.054962> 0.250000
	pigment { color rgbt <1,0,0,0> }
	no_shadow
}
cylinder {
	<29.418436, 34.422844, 32.905037>,  <29.424324, 34.200417, 32.815083>, 0.100000
	pigment { color rgbt <1,0,0,0> }
	no_shadow
}
cylinder {
	<29.418436, 34.422844, 32.905037>,  <29.408623, 34.793556, 33.054962>, 0.100000
	pigment { color rgbt <1,0,0,0> }
	no_shadow
}

// particle -1
sphere {
	<29.418436, 34.422844, 32.905037> 0.100000
	pigment { color rgbt <1,0,0,0> }
	no_shadow
}
sphere {
	0, 1
	scale<0.080000,0.200000,0.300000>
	matrix <0.962227, 0.123580, -0.242583,
		0.271139, -0.354700, 0.894803,
		0.024535, -0.926777, -0.374809,
		29.425797, 34.144810, 32.792595>
	pigment { color rgbt <0,1,1,0> }
	no_shadow
}
cylinder {
	<29.922476, 34.408508, 33.449570>,  <29.408623, 34.793556, 33.054962>, 0.130000
	pigment { color rgbt <1,0,0,0> }
	no_shadow
}

// nucleotide -1

// particle -1
sphere {
	<29.922476, 34.408508, 33.449570> 0.250000
	pigment { color rgbt <1,0,0,0> }
	no_shadow
}
cylinder {
	<29.891556, 34.204494, 33.106899>,  <29.873005, 34.082085, 32.901299>, 0.100000
	pigment { color rgbt <1,0,0,0> }
	no_shadow
}
cylinder {
	<29.891556, 34.204494, 33.106899>,  <29.922476, 34.408508, 33.449570>, 0.100000
	pigment { color rgbt <1,0,0,0> }
	no_shadow
}

// particle -1
sphere {
	<29.891556, 34.204494, 33.106899> 0.100000
	pigment { color rgbt <1,0,0,0> }
	no_shadow
}
sphere {
	0, 1
	scale<0.080000,0.200000,0.300000>
	matrix <0.990064, 0.061969, -0.126228,
		0.117468, -0.857919, 0.500177,
		-0.077298, -0.510035, -0.856673,
		29.868366, 34.051483, 32.849895>
	pigment { color rgbt <0,1,1,0> }
	no_shadow
}
cylinder {
	<30.388708, 33.894798, 33.462486>,  <29.922476, 34.408508, 33.449570>, 0.130000
	pigment { color rgbt <1,0,0,0> }
	no_shadow
}

// nucleotide -1

// particle -1
sphere {
	<30.388708, 33.894798, 33.462486> 0.250000
	pigment { color rgbt <1,0,0,0> }
	no_shadow
}
cylinder {
	<30.318899, 33.982098, 33.078423>,  <30.277014, 34.034477, 32.847984>, 0.100000
	pigment { color rgbt <1,0,0,0> }
	no_shadow
}
cylinder {
	<30.318899, 33.982098, 33.078423>,  <30.388708, 33.894798, 33.462486>, 0.100000
	pigment { color rgbt <1,0,0,0> }
	no_shadow
}

// particle -1
sphere {
	<30.318899, 33.982098, 33.078423> 0.100000
	pigment { color rgbt <1,0,0,0> }
	no_shadow
}
sphere {
	0, 1
	scale<0.080000,0.200000,0.300000>
	matrix <0.982833, -0.020650, -0.183340,
		-0.059842, -0.975674, -0.210901,
		-0.174525, 0.218251, -0.960160,
		30.266542, 34.047573, 32.790375>
	pigment { color rgbt <0,1,1,0> }
	no_shadow
}
cylinder {
	<30.543808, 33.290482, 32.956776>,  <30.388708, 33.894798, 33.462486>, 0.130000
	pigment { color rgbt <1,0,0,0> }
	no_shadow
}

// nucleotide -1

// particle -1
sphere {
	<30.543808, 33.290482, 32.956776> 0.250000
	pigment { color rgbt <1,0,0,0> }
	no_shadow
}
cylinder {
	<30.574757, 33.619656, 32.731640>,  <30.593327, 33.817162, 32.596558>, 0.100000
	pigment { color rgbt <1,0,0,0> }
	no_shadow
}
cylinder {
	<30.574757, 33.619656, 32.731640>,  <30.543808, 33.290482, 32.956776>, 0.100000
	pigment { color rgbt <1,0,0,0> }
	no_shadow
}

// particle -1
sphere {
	<30.574757, 33.619656, 32.731640> 0.100000
	pigment { color rgbt <1,0,0,0> }
	no_shadow
}
sphere {
	0, 1
	scale<0.080000,0.200000,0.300000>
	matrix <0.892175, -0.309131, -0.329335,
		-0.445013, -0.476674, -0.758119,
		0.077373, 0.822934, -0.562844,
		30.597969, 33.866535, 32.562786>
	pigment { color rgbt <0,1,1,0> }
	no_shadow
}
cylinder {
	<30.672571, 33.084412, 32.299202>,  <30.543808, 33.290482, 32.956776>, 0.130000
	pigment { color rgbt <1,0,0,0> }
	no_shadow
}

// nucleotide -1

// particle -1
sphere {
	<30.672571, 33.084412, 32.299202> 0.250000
	pigment { color rgbt <1,0,0,0> }
	no_shadow
}
cylinder {
	<30.816486, 33.448895, 32.379452>,  <30.902836, 33.667583, 32.427601>, 0.100000
	pigment { color rgbt <1,0,0,0> }
	no_shadow
}
cylinder {
	<30.816486, 33.448895, 32.379452>,  <30.672571, 33.084412, 32.299202>, 0.100000
	pigment { color rgbt <1,0,0,0> }
	no_shadow
}

// particle -1
sphere {
	<30.816486, 33.448895, 32.379452> 0.100000
	pigment { color rgbt <1,0,0,0> }
	no_shadow
}
sphere {
	0, 1
	scale<0.080000,0.200000,0.300000>
	matrix <0.904340, -0.287652, -0.315318,
		-0.229610, 0.294884, -0.927536,
		0.359790, 0.911208, 0.200628,
		30.924423, 33.722256, 32.439640>
	pigment { color rgbt <0,1,1,0> }
	no_shadow
}
cylinder {
	<31.109083, 33.359161, 31.727409>,  <30.672571, 33.084412, 32.299202>, 0.130000
	pigment { color rgbt <1,0,0,0> }
	no_shadow
}

// nucleotide -1

// particle -1
sphere {
	<31.109083, 33.359161, 31.727409> 0.250000
	pigment { color rgbt <1,0,0,0> }
	no_shadow
}
cylinder {
	<31.233355, 33.568058, 32.045086>,  <31.307917, 33.693398, 32.235691>, 0.100000
	pigment { color rgbt <1,0,0,0> }
	no_shadow
}
cylinder {
	<31.233355, 33.568058, 32.045086>,  <31.109083, 33.359161, 31.727409>, 0.100000
	pigment { color rgbt <1,0,0,0> }
	no_shadow
}

// particle -1
sphere {
	<31.233355, 33.568058, 32.045086> 0.100000
	pigment { color rgbt <1,0,0,0> }
	no_shadow
}
sphere {
	0, 1
	scale<0.080000,0.200000,0.300000>
	matrix <0.943798, -0.268646, -0.192548,
		0.112801, 0.809379, -0.576353,
		0.310679, 0.522241, 0.794193,
		31.326559, 33.724731, 32.283344>
	pigment { color rgbt <0,1,1,0> }
	no_shadow
}
cylinder {
	<31.692276, 33.756802, 31.452677>,  <31.109083, 33.359161, 31.727409>, 0.130000
	pigment { color rgbt <1,0,0,0> }
	no_shadow
}

// nucleotide -1

// particle -1
sphere {
	<31.692276, 33.756802, 31.452677> 0.250000
	pigment { color rgbt <1,0,0,0> }
	no_shadow
}
cylinder {
	<31.732264, 33.707672, 31.847630>,  <31.756256, 33.678196, 32.084602>, 0.100000
	pigment { color rgbt <1,0,0,0> }
	no_shadow
}
cylinder {
	<31.732264, 33.707672, 31.847630>,  <31.692276, 33.756802, 31.452677>, 0.100000
	pigment { color rgbt <1,0,0,0> }
	no_shadow
}

// particle -1
sphere {
	<31.732264, 33.707672, 31.847630> 0.100000
	pigment { color rgbt <1,0,0,0> }
	no_shadow
}
sphere {
	0, 1
	scale<0.080000,0.200000,0.300000>
	matrix <0.908592, -0.393201, -0.140901,
		0.405545, 0.911213, 0.072285,
		0.099969, -0.122819, 0.987381,
		31.762255, 33.670826, 32.143845>
	pigment { color rgbt <0,1,1,0> }
	no_shadow
}
cylinder {
	<32.341328, 34.116508, 31.851204>,  <31.692276, 33.756802, 31.452677>, 0.130000
	pigment { color rgbt <1,0,0,0> }
	no_shadow
}

// nucleotide -1

// particle -1
sphere {
	<32.341328, 34.116508, 31.851204> 0.250000
	pigment { color rgbt <1,0,0,0> }
	no_shadow
}
cylinder {
	<32.198090, 33.782337, 32.017979>,  <32.112148, 33.581837, 32.118042>, 0.100000
	pigment { color rgbt <1,0,0,0> }
	no_shadow
}
cylinder {
	<32.198090, 33.782337, 32.017979>,  <32.341328, 34.116508, 31.851204>, 0.100000
	pigment { color rgbt <1,0,0,0> }
	no_shadow
}

// particle -1
sphere {
	<32.198090, 33.782337, 32.017979> 0.100000
	pigment { color rgbt <1,0,0,0> }
	no_shadow
}
sphere {
	0, 1
	scale<0.080000,0.200000,0.300000>
	matrix <0.868053, -0.462349, -0.180881,
		0.343883, 0.297151, 0.890756,
		-0.358091, -0.835425, 0.416936,
		32.090664, 33.531708, 32.143059>
	pigment { color rgbt <0,1,1,0> }
	no_shadow
}
cylinder {
	<32.782104, 33.815262, 32.244972>,  <32.341328, 34.116508, 31.851204>, 0.130000
	pigment { color rgbt <1,0,0,0> }
	no_shadow
}

// nucleotide -1

// particle -1
sphere {
	<32.782104, 33.815262, 32.244972> 0.250000
	pigment { color rgbt <1,0,0,0> }
	no_shadow
}
cylinder {
	<32.555416, 33.492512, 32.178299>,  <32.419403, 33.298862, 32.138294>, 0.100000
	pigment { color rgbt <1,0,0,0> }
	no_shadow
}
cylinder {
	<32.555416, 33.492512, 32.178299>,  <32.782104, 33.815262, 32.244972>, 0.100000
	pigment { color rgbt <1,0,0,0> }
	no_shadow
}

// particle -1
sphere {
	<32.555416, 33.492512, 32.178299> 0.100000
	pigment { color rgbt <1,0,0,0> }
	no_shadow
}
sphere {
	0, 1
	scale<0.080000,0.200000,0.300000>
	matrix <0.823094, -0.563444, -0.071046,
		-0.036590, -0.177456, 0.983449,
		-0.566725, -0.806871, -0.166679,
		32.385399, 33.250450, 32.128296>
	pigment { color rgbt <0,1,1,0> }
	no_shadow
}
cylinder {
	<32.794800, 33.275562, 32.716152>,  <32.782104, 33.815262, 32.244972>, 0.130000
	pigment { color rgbt <1,0,0,0> }
	no_shadow
}

// nucleotide -1

// particle -1
sphere {
	<32.794800, 33.275562, 32.716152> 0.250000
	pigment { color rgbt <1,0,0,0> }
	no_shadow
}
cylinder {
	<32.714516, 33.085835, 32.373287>,  <32.666344, 32.971996, 32.167568>, 0.100000
	pigment { color rgbt <1,0,0,0> }
	no_shadow
}
cylinder {
	<32.714516, 33.085835, 32.373287>,  <32.794800, 33.275562, 32.716152>, 0.100000
	pigment { color rgbt <1,0,0,0> }
	no_shadow
}

// particle -1
sphere {
	<32.714516, 33.085835, 32.373287> 0.100000
	pigment { color rgbt <1,0,0,0> }
	no_shadow
}
sphere {
	0, 1
	scale<0.080000,0.200000,0.300000>
	matrix <0.882589, -0.467271, 0.051907,
		-0.425150, -0.746108, 0.512416,
		-0.200709, -0.474321, -0.857167,
		32.654305, 32.943539, 32.116138>
	pigment { color rgbt <0,1,1,0> }
	no_shadow
}
cylinder {
	<32.576786, 33.029858, 33.341427>,  <32.794800, 33.275562, 32.716152>, 0.130000
	pigment { color rgbt <1,0,0,0> }
	no_shadow
}

// nucleotide -1

// particle -1
sphere {
	<32.576786, 33.029858, 33.341427> 0.250000
	pigment { color rgbt <1,0,0,0> }
	no_shadow
}
cylinder {
	<32.640896, 33.251026, 33.668499>,  <32.679363, 33.383728, 33.864742>, 0.100000
	pigment { color rgbt <1,0,0,0> }
	no_shadow
}
cylinder {
	<32.640896, 33.251026, 33.668499>,  <32.576786, 33.029858, 33.341427>, 0.100000
	pigment { color rgbt <1,0,0,0> }
	no_shadow
}

// particle -1
sphere {
	<32.640896, 33.251026, 33.668499> 0.100000
	pigment { color rgbt <1,0,0,0> }
	no_shadow
}
sphere {
	0, 1
	scale<0.080000,0.200000,0.300000>
	matrix <-0.969436, 0.244068, 0.024980,
		-0.185757, -0.796689, 0.575135,
		0.160274, 0.552917, 0.817677,
		32.688976, 33.416901, 33.913803>
	pigment { color rgbt <0,1,1,0> }
	no_shadow
}
cylinder {
	<31.921408, 32.770859, 33.092323>,  <32.576786, 33.029858, 33.341427>, 0.130000
	pigment { color rgbt <1,0,0,0> }
	no_shadow
}

// nucleotide -1

// particle -1
sphere {
	<31.921408, 32.770859, 33.092323> 0.250000
	pigment { color rgbt <1,0,0,0> }
	no_shadow
}
cylinder {
	<32.033882, 33.069649, 32.851337>,  <32.101368, 33.248924, 32.706745>, 0.100000
	pigment { color rgbt <1,0,0,0> }
	no_shadow
}
cylinder {
	<32.033882, 33.069649, 32.851337>,  <31.921408, 32.770859, 33.092323>, 0.100000
	pigment { color rgbt <1,0,0,0> }
	no_shadow
}

// particle -1
sphere {
	<32.033882, 33.069649, 32.851337> 0.100000
	pigment { color rgbt <1,0,0,0> }
	no_shadow
}
sphere {
	0, 1
	scale<0.080000,0.200000,0.300000>
	matrix <-0.878863, 0.452568, 0.150940,
		0.385403, 0.487038, 0.783747,
		0.281185, 0.746979, -0.602460,
		32.118237, 33.293743, 32.670601>
	pigment { color rgbt <0,1,1,0> }
	no_shadow
}
cylinder {
	<31.863489, 33.463295, 33.423077>,  <31.921408, 32.770859, 33.092323>, 0.130000
	pigment { color rgbt <1,0,0,0> }
	no_shadow
}

// nucleotide -1

// particle -1
sphere {
	<31.863489, 33.463295, 33.423077> 0.250000
	pigment { color rgbt <1,0,0,0> }
	no_shadow
}
cylinder {
	<31.833212, 33.529705, 33.029793>,  <31.815046, 33.569553, 32.793823>, 0.100000
	pigment { color rgbt <1,0,0,0> }
	no_shadow
}
cylinder {
	<31.833212, 33.529705, 33.029793>,  <31.863489, 33.463295, 33.423077>, 0.100000
	pigment { color rgbt <1,0,0,0> }
	no_shadow
}

// particle -1
sphere {
	<31.833212, 33.529705, 33.029793> 0.100000
	pigment { color rgbt <1,0,0,0> }
	no_shadow
}
sphere {
	0, 1
	scale<0.080000,0.200000,0.300000>
	matrix <-0.775719, 0.609749, 0.162684,
		0.626523, 0.775010, 0.082638,
		-0.075694, 0.166029, -0.983212,
		31.810503, 33.579514, 32.734829>
	pigment { color rgbt <0,1,1,0> }
	no_shadow
}
cylinder {
	<31.720303, 34.187263, 33.389732>,  <31.863489, 33.463295, 33.423077>, 0.130000
	pigment { color rgbt <1,0,0,0> }
	no_shadow
}

// nucleotide -1

// particle -1
sphere {
	<31.720303, 34.187263, 33.389732> 0.250000
	pigment { color rgbt <1,0,0,0> }
	no_shadow
}
cylinder {
	<31.595934, 34.028393, 33.044346>,  <31.521313, 33.933071, 32.837112>, 0.100000
	pigment { color rgbt <1,0,0,0> }
	no_shadow
}
cylinder {
	<31.595934, 34.028393, 33.044346>,  <31.720303, 34.187263, 33.389732>, 0.100000
	pigment { color rgbt <1,0,0,0> }
	no_shadow
}

// particle -1
sphere {
	<31.595934, 34.028393, 33.044346> 0.100000
	pigment { color rgbt <1,0,0,0> }
	no_shadow
}
sphere {
	0, 1
	scale<0.080000,0.200000,0.300000>
	matrix <-0.737958, 0.673409, -0.044028,
		0.598955, 0.623515, -0.502476,
		-0.310919, -0.397177, -0.863470,
		31.502659, 33.909241, 32.785305>
	pigment { color rgbt <0,1,1,0> }
	no_shadow
}
cylinder {
	<31.534954, 34.695904, 32.894794>,  <31.720303, 34.187263, 33.389732>, 0.130000
	pigment { color rgbt <1,0,0,0> }
	no_shadow
}

// nucleotide -1

// particle -1
sphere {
	<31.534954, 34.695904, 32.894794> 0.250000
	pigment { color rgbt <1,0,0,0> }
	no_shadow
}
cylinder {
	<31.325682, 34.374878, 32.780128>,  <31.200117, 34.182262, 32.711330>, 0.100000
	pigment { color rgbt <1,0,0,0> }
	no_shadow
}
cylinder {
	<31.325682, 34.374878, 32.780128>,  <31.534954, 34.695904, 32.894794>, 0.100000
	pigment { color rgbt <1,0,0,0> }
	no_shadow
}

// particle -1
sphere {
	<31.325682, 34.374878, 32.780128> 0.100000
	pigment { color rgbt <1,0,0,0> }
	no_shadow
}
sphere {
	0, 1
	scale<0.080000,0.200000,0.300000>
	matrix <-0.814331, 0.569975, -0.109518,
		0.251287, 0.176142, -0.951750,
		-0.523183, -0.802560, -0.286665,
		31.168726, 34.134109, 32.694130>
	pigment { color rgbt <0,1,1,0> }
	no_shadow
}
cylinder {
	<31.238960, 34.757050, 32.177486>,  <31.534954, 34.695904, 32.894794>, 0.130000
	pigment { color rgbt <1,0,0,0> }
	no_shadow
}

// nucleotide -1

// particle -1
sphere {
	<31.238960, 34.757050, 32.177486> 0.250000
	pigment { color rgbt <1,0,0,0> }
	no_shadow
}
cylinder {
	<31.007164, 34.561695, 32.438461>,  <30.868086, 34.444481, 32.595047>, 0.100000
	pigment { color rgbt <1,0,0,0> }
	no_shadow
}
cylinder {
	<31.007164, 34.561695, 32.438461>,  <31.238960, 34.757050, 32.177486>, 0.100000
	pigment { color rgbt <1,0,0,0> }
	no_shadow
}

// particle -1
sphere {
	<31.007164, 34.561695, 32.438461> 0.100000
	pigment { color rgbt <1,0,0,0> }
	no_shadow
}
sphere {
	0, 1
	scale<0.080000,0.200000,0.300000>
	matrix <-0.765485, 0.600912, -0.230081,
