// switches for output
#declare DRAW_BASES = 1; // possible values are 0, 1; only relevant for DNA ribbons
#declare DRAW_BASES_TYPE = 3; // possible values are 1, 2, 3; only relevant for DNA ribbons
#declare DRAW_FOG = 0; // set to 1 to enable fog

#include "colors.inc"

#include "transforms.inc"
background { rgb <1, 1, 1>}

#default {
   normal{
       ripples 0.25
       frequency 0.20
       turbulence 0.2
       lambda 5
   }
	finish {
		phong 0.1
		phong_size 40.
	}
}

// original window dimensions: 1024x640


// camera settings

camera {
	sky <0, 0.179814, -0.983701>
	up <0, 0.179814, -0.983701>
	right 1.6 * <1, 0, 0>
	location <35, 94.9851, 44.8844>
	look_at <35, 29.7336, 32.9568>
	direction <0, -65.2515, -11.9276>
	angle 67.0682
}


# declare cpy_camera_pos = <35, 94.9851, 44.8844>;
# if (DRAW_FOG = 1)
fog {
	fog_type 2
	up vnormalize(cpy_camera_pos)
	color rgbt<1,1,1,0.3>
	distance 1e-5
	fog_alt 3e-3
	fog_offset 56
}
# end


// LIGHTS

# declare lum = 6;
global_settings {
	ambient_light rgb lum * <0.05, 0.05, 0.05>
	max_trace_level 15
}# declare cpy_direct_light_amount = 0.25;
light_source
{	1000 * <-1, -1.16352, -0.803886>,
	rgb lum * cpy_direct_light_amount
	parallel
}

light_source
{	1000 * <1, 1.16352, 0.803886>,
	rgb lum * cpy_direct_light_amount
	parallel
}

// strand 0

// nucleotide -1

// particle -1
sphere {
	<24.585438, 34.156254, 35.066925> 0.250000
	pigment { color rgbt <1,0,0,0> }
	no_shadow
}
cylinder {
	<24.291025, 34.425632, 35.094433>,  <24.114378, 34.587261, 35.110939>, 0.100000
	pigment { color rgbt <1,0,0,0> }
	no_shadow
}
cylinder {
	<24.291025, 34.425632, 35.094433>,  <24.585438, 34.156254, 35.066925>, 0.100000
	pigment { color rgbt <1,0,0,0> }
	no_shadow
}

// particle -1
sphere {
	<24.291025, 34.425632, 35.094433> 0.100000
	pigment { color rgbt <1,0,0,0> }
	no_shadow
}
sphere {
	0, 1
	scale<0.080000,0.200000,0.300000>
	matrix <0.416847, 0.530925, -0.737806,
		-0.533384, -0.514381, -0.671501,
		-0.736030, 0.673447, 0.068769,
		24.070217, 34.627666, 35.115063>
	pigment { color rgbt <0,1,1,0> }
	no_shadow
}
cylinder {
	<24.145309, 34.220287, 34.393860>,  <24.585438, 34.156254, 35.066925>, 0.130000
	pigment { color rgbt <1,0,0,0> }
	no_shadow
}

// nucleotide -1

// particle -1
sphere {
	<24.145309, 34.220287, 34.393860> 0.250000
	pigment { color rgbt <1,0,0,0> }
	no_shadow
}
cylinder {
	<24.187428, 34.550732, 34.615295>,  <24.212698, 34.748997, 34.748158>, 0.100000
	pigment { color rgbt <1,0,0,0> }
	no_shadow
}
cylinder {
	<24.187428, 34.550732, 34.615295>,  <24.145309, 34.220287, 34.393860>, 0.100000
	pigment { color rgbt <1,0,0,0> }
	no_shadow
}

// particle -1
sphere {
	<24.187428, 34.550732, 34.615295> 0.100000
	pigment { color rgbt <1,0,0,0> }
	no_shadow
}
sphere {
	0, 1
	scale<0.080000,0.200000,0.300000>
	matrix <0.529244, 0.424746, -0.734501,
		-0.841911, 0.370323, -0.392489,
		0.105295, 0.826107, 0.553589,
		24.219015, 34.798565, 34.781372>
	pigment { color rgbt <0,1,1,0> }
	no_shadow
}
cylinder {
	<23.848864, 34.830727, 33.967442>,  <24.145309, 34.220287, 34.393860>, 0.130000
	pigment { color rgbt <1,0,0,0> }
	no_shadow
}

// nucleotide -1

// particle -1
sphere {
	<23.848864, 34.830727, 33.967442> 0.250000
	pigment { color rgbt <1,0,0,0> }
	no_shadow
}
cylinder {
	<24.147339, 34.834431, 34.233711>,  <24.326424, 34.836655, 34.393471>, 0.100000
	pigment { color rgbt <1,0,0,0> }
	no_shadow
}
cylinder {
	<24.147339, 34.834431, 34.233711>,  <23.848864, 34.830727, 33.967442>, 0.100000
	pigment { color rgbt <1,0,0,0> }
	no_shadow
}

// particle -1
sphere {
	<24.147339, 34.834431, 34.233711> 0.100000
	pigment { color rgbt <1,0,0,0> }
	no_shadow
}
sphere {
	0, 1
	scale<0.080000,0.200000,0.300000>
	matrix <0.656018, 0.159990, -0.737593,
		-0.113334, 0.987075, 0.113305,
		0.746187, 0.009264, 0.665672,
		24.371195, 34.837212, 34.433414>
	pigment { color rgbt <0,1,1,0> }
	no_shadow
}
cylinder {
	<24.293800, 35.430080, 33.916588>,  <23.848864, 34.830727, 33.967442>, 0.130000
	pigment { color rgbt <1,0,0,0> }
	no_shadow
}

// nucleotide -1

// particle -1
sphere {
	<24.293800, 35.430080, 33.916588> 0.250000
	pigment { color rgbt <1,0,0,0> }
	no_shadow
}
cylinder {
	<24.505951, 35.119591, 34.052925>,  <24.633242, 34.933296, 34.134727>, 0.100000
	pigment { color rgbt <1,0,0,0> }
	no_shadow
}
cylinder {
	<24.505951, 35.119591, 34.052925>,  <24.293800, 35.430080, 33.916588>, 0.100000
	pigment { color rgbt <1,0,0,0> }
	no_shadow
}

// particle -1
sphere {
	<24.505951, 35.119591, 34.052925> 0.100000
	pigment { color rgbt <1,0,0,0> }
	no_shadow
}
sphere {
	0, 1
	scale<0.080000,0.200000,0.300000>
	matrix <0.649361, 0.113503, -0.751962,
		0.545007, 0.620152, 0.564250,
		0.530375, -0.776227, 0.340843,
		24.665064, 34.886723, 34.155178>
	pigment { color rgbt <0,1,1,0> }
	no_shadow
}
cylinder {
	<24.966200, 35.654297, 33.905170>,  <24.293800, 35.430080, 33.916588>, 0.130000
	pigment { color rgbt <1,0,0,0> }
	no_shadow
}

// nucleotide -1

// particle -1
sphere {
	<24.966200, 35.654297, 33.905170> 0.250000
	pigment { color rgbt <1,0,0,0> }
	no_shadow
}
cylinder {
	<24.987234, 35.256664, 33.867149>,  <24.999855, 35.018085, 33.844337>, 0.100000
	pigment { color rgbt <1,0,0,0> }
	no_shadow
}
cylinder {
	<24.987234, 35.256664, 33.867149>,  <24.966200, 35.654297, 33.905170>, 0.100000
	pigment { color rgbt <1,0,0,0> }
	no_shadow
}

// particle -1
sphere {
	<24.987234, 35.256664, 33.867149> 0.100000
	pigment { color rgbt <1,0,0,0> }
	no_shadow
}
sphere {
	0, 1
	scale<0.080000,0.200000,0.300000>
	matrix <0.737848, 0.102818, -0.667090,
		0.672915, -0.035055, 0.738888,
		0.052586, -0.994082, -0.095053,
		25.003010, 34.958439, 33.838634>
	pigment { color rgbt <0,1,1,0> }
	no_shadow
}
cylinder {
	<25.583694, 35.523933, 34.152016>,  <24.966200, 35.654297, 33.905170>, 0.130000
	pigment { color rgbt <1,0,0,0> }
	no_shadow
}

// nucleotide -1

// particle -1
sphere {
	<25.583694, 35.523933, 34.152016> 0.250000
	pigment { color rgbt <1,0,0,0> }
	no_shadow
}
cylinder {
	<25.464777, 35.248806, 33.887131>,  <25.393427, 35.083729, 33.728199>, 0.100000
	pigment { color rgbt <1,0,0,0> }
	no_shadow
}
cylinder {
	<25.464777, 35.248806, 33.887131>,  <25.583694, 35.523933, 34.152016>, 0.100000
	pigment { color rgbt <1,0,0,0> }
	no_shadow
}

// particle -1
sphere {
	<25.464777, 35.248806, 33.887131> 0.100000
	pigment { color rgbt <1,0,0,0> }
	no_shadow
}
sphere {
	0, 1
	scale<0.080000,0.200000,0.300000>
	matrix <0.801807, 0.196706, -0.564281,
		0.518383, -0.698721, 0.493018,
		-0.297296, -0.687819, -0.662208,
		25.375587, 35.042461, 33.688469>
	pigment { color rgbt <0,1,1,0> }
	no_shadow
}
cylinder {
	<26.104927, 34.960445, 34.091038>,  <25.583694, 35.523933, 34.152016>, 0.130000
	pigment { color rgbt <1,0,0,0> }
	no_shadow
}

// nucleotide -1

// particle -1
sphere {
	<26.104927, 34.960445, 34.091038> 0.250000
	pigment { color rgbt <1,0,0,0> }
	no_shadow
}
cylinder {
	<25.914505, 35.019127, 33.744202>,  <25.800253, 35.054337, 33.536098>, 0.100000
	pigment { color rgbt <1,0,0,0> }
	no_shadow
}
cylinder {
	<25.914505, 35.019127, 33.744202>,  <26.104927, 34.960445, 34.091038>, 0.100000
	pigment { color rgbt <1,0,0,0> }
	no_shadow
}

// particle -1
sphere {
	<25.914505, 35.019127, 33.744202> 0.100000
	pigment { color rgbt <1,0,0,0> }
	no_shadow
}
sphere {
	0, 1
	scale<0.080000,0.200000,0.300000>
	matrix <0.877238, 0.148577, -0.456485,
		0.061863, -0.977959, -0.199424,
		-0.476054, 0.146702, -0.867094,
		25.771688, 35.063137, 33.484074>
	pigment { color rgbt <0,1,1,0> }
	no_shadow
}
cylinder {
	<26.687672, 35.419540, 33.855774>,  <26.104927, 34.960445, 34.091038>, 0.130000
	pigment { color rgbt <1,0,0,0> }
	no_shadow
}

// nucleotide -1

// particle -1
sphere {
	<26.687672, 35.419540, 33.855774> 0.250000
	pigment { color rgbt <1,0,0,0> }
	no_shadow
}
cylinder {
	<26.985506, 35.679996, 33.914574>,  <27.164207, 35.836269, 33.949852>, 0.100000
	pigment { color rgbt <1,0,0,0> }
	no_shadow
}
cylinder {
	<26.985506, 35.679996, 33.914574>,  <26.687672, 35.419540, 33.855774>, 0.100000
	pigment { color rgbt <1,0,0,0> }
	no_shadow
}

// particle -1
sphere {
	<26.985506, 35.679996, 33.914574> 0.100000
	pigment { color rgbt <1,0,0,0> }
	no_shadow
}
sphere {
	0, 1
	scale<0.080000,0.200000,0.300000>
	matrix <-0.520160, 0.427947, 0.739118,
		0.418355, -0.626805, 0.657339,
		0.744589, 0.651134, 0.147005,
		27.208881, 35.875340, 33.958675>
	pigment { color rgbt <0,1,1,0> }
	no_shadow
}
cylinder {
	<26.867504, 35.459583, 34.595322>,  <26.687672, 35.419540, 33.855774>, 0.130000
	pigment { color rgbt <1,0,0,0> }
	no_shadow
}

// nucleotide -1

// particle -1
sphere {
	<26.867504, 35.459583, 34.595322> 0.250000
	pigment { color rgbt <1,0,0,0> }
	no_shadow
}
cylinder {
	<27.067236, 35.791733, 34.496414>,  <27.187075, 35.991024, 34.437069>, 0.100000
	pigment { color rgbt <1,0,0,0> }
	no_shadow
}
cylinder {
	<27.067236, 35.791733, 34.496414>,  <26.867504, 35.459583, 34.595322>, 0.100000
	pigment { color rgbt <1,0,0,0> }
	no_shadow
}

// particle -1
sphere {
	<27.067236, 35.791733, 34.496414> 0.100000
	pigment { color rgbt <1,0,0,0> }
	no_shadow
}
sphere {
	0, 1
	scale<0.080000,0.200000,0.300000>
	matrix <-0.528458, 0.518057, 0.672569,
		0.686586, -0.205161, 0.697501,
		0.499331, 0.830377, -0.247272,
		27.217035, 36.040844, 34.422234>
	pigment { color rgbt <0,1,1,0> }
	no_shadow
}
cylinder {
	<27.147612, 35.682999, 35.214409>,  <26.867504, 35.459583, 34.595322>, 0.130000
	pigment { color rgbt <1,0,0,0> }
	no_shadow
}

// nucleotide -1

// particle -1
sphere {
	<27.147612, 35.682999, 35.214409> 0.250000
	pigment { color rgbt <1,0,0,0> }
	no_shadow
}
cylinder {
	<27.121719, 35.990341, 34.959709>,  <27.106184, 36.174747, 34.806889>, 0.100000
	pigment { color rgbt <1,0,0,0> }
	no_shadow
}
cylinder {
	<27.121719, 35.990341, 34.959709>,  <27.147612, 35.682999, 35.214409>, 0.100000
	pigment { color rgbt <1,0,0,0> }
	no_shadow
}

// particle -1
sphere {
	<27.121719, 35.990341, 34.959709> 0.100000
	pigment { color rgbt <1,0,0,0> }
	no_shadow
}
sphere {
	0, 1
	scale<0.080000,0.200000,0.300000>
	matrix <-0.463705, 0.541848, 0.700984,
		0.883622, 0.340638, 0.321213,
		-0.064733, 0.768353, -0.636745,
		27.102299, 36.220848, 34.768684>
	pigment { color rgbt <0,1,1,0> }
	no_shadow
}
cylinder {
	<27.562227, 36.263397, 35.505024>,  <27.147612, 35.682999, 35.214409>, 0.130000
	pigment { color rgbt <1,0,0,0> }
	no_shadow
}

// nucleotide -1

// particle -1
sphere {
	<27.562227, 36.263397, 35.505024> 0.250000
	pigment { color rgbt <1,0,0,0> }
	no_shadow
}
cylinder {
	<27.283024, 36.392494, 35.249332>,  <27.115501, 36.469952, 35.095917>, 0.100000
	pigment { color rgbt <1,0,0,0> }
	no_shadow
}
cylinder {
	<27.283024, 36.392494, 35.249332>,  <27.562227, 36.263397, 35.505024>, 0.100000
	pigment { color rgbt <1,0,0,0> }
	no_shadow
}

// particle -1
sphere {
	<27.283024, 36.392494, 35.249332> 0.100000
	pigment { color rgbt <1,0,0,0> }
	no_shadow
}
sphere {
	0, 1
	scale<0.080000,0.200000,0.300000>
	matrix <-0.458499, 0.484268, 0.745160,
		0.550054, 0.813217, -0.190048,
		-0.698011, 0.322742, -0.639233,
		27.073620, 36.489315, 35.057564>
	pigment { color rgbt <0,1,1,0> }
	no_shadow
}
cylinder {
	<27.513439, 36.908619, 35.908581>,  <27.562227, 36.263397, 35.505024>, 0.130000
	pigment { color rgbt <1,0,0,0> }
	no_shadow
}

// nucleotide -1

// particle -1
sphere {
	<27.513439, 36.908619, 35.908581> 0.250000
	pigment { color rgbt <1,0,0,0> }
	no_shadow
}
cylinder {
	<27.529011, 37.185863, 36.196491>,  <27.538353, 37.352211, 36.369236>, 0.100000
	pigment { color rgbt <1,0,0,0> }
	no_shadow
}
cylinder {
	<27.529011, 37.185863, 36.196491>,  <27.513439, 36.908619, 35.908581>, 0.100000
	pigment { color rgbt <1,0,0,0> }
	no_shadow
}

// particle -1
sphere {
	<27.529011, 37.185863, 36.196491> 0.100000
	pigment { color rgbt <1,0,0,0> }
	no_shadow
}
sphere {
	0, 1
	scale<0.080000,0.200000,0.300000>
	matrix <-0.609160, 0.587454, -0.532750,
		-0.792091, -0.417719, 0.445087,
		0.038929, 0.693116, 0.719775,
		27.540689, 37.393799, 36.412422>
	pigment { color rgbt <0,1,1,0> }
	no_shadow
}
cylinder {
	<26.806847, 37.129562, 36.106136>,  <27.513439, 36.908619, 35.908581>, 0.130000
	pigment { color rgbt <1,0,0,0> }
	no_shadow
}

// nucleotide -1

// particle -1
sphere {
	<26.806847, 37.129562, 36.106136> 0.250000
	pigment { color rgbt <1,0,0,0> }
	no_shadow
}
cylinder {
	<27.070204, 37.420937, 36.181927>,  <27.228218, 37.595760, 36.227402>, 0.100000
	pigment { color rgbt <1,0,0,0> }
	no_shadow
}
cylinder {
	<27.070204, 37.420937, 36.181927>,  <26.806847, 37.129562, 36.106136>, 0.100000
	pigment { color rgbt <1,0,0,0> }
	no_shadow
}

// particle -1
sphere {
	<27.070204, 37.420937, 36.181927> 0.100000
	pigment { color rgbt <1,0,0,0> }
	no_shadow
}
sphere {
	0, 1
	scale<0.080000,0.200000,0.300000>
	matrix <-0.588533, 0.655161, -0.473702,
		-0.469200, 0.200366, 0.860061,
		0.658392, 0.728435, 0.189479,
		27.267721, 37.639465, 36.238770>
	pigment { color rgbt <0,1,1,0> }
	no_shadow
}
cylinder {
	<26.169895, 36.837833, 36.014328>,  <26.806847, 37.129562, 36.106136>, 0.130000
	pigment { color rgbt <1,0,0,0> }
	no_shadow
}

// nucleotide -1

// particle -1
sphere {
	<26.169895, 36.837833, 36.014328> 0.250000
	pigment { color rgbt <1,0,0,0> }
	no_shadow
}
cylinder {
	<26.158590, 37.168598, 35.789680>,  <26.151808, 37.367058, 35.654892>, 0.100000
	pigment { color rgbt <1,0,0,0> }
	no_shadow
}
cylinder {
	<26.158590, 37.168598, 35.789680>,  <26.169895, 36.837833, 36.014328>, 0.100000
	pigment { color rgbt <1,0,0,0> }
	no_shadow
}

// particle -1
sphere {
	<26.158590, 37.168598, 35.789680> 0.100000
	pigment { color rgbt <1,0,0,0> }
	no_shadow
}
sphere {
	0, 1
	scale<0.080000,0.200000,0.300000>
	matrix <0.598392, -0.436052, -0.672150,
		-0.800705, -0.355060, -0.482497,
		-0.028260, 0.826917, -0.561614,
		26.150112, 37.416672, 35.621197>
	pigment { color rgbt <0,1,1,0> }
	no_shadow
}
cylinder {
	<25.894415, 36.708515, 35.374634>,  <26.169895, 36.837833, 36.014328>, 0.130000
	pigment { color rgbt <1,0,0,0> }
	no_shadow
}

// nucleotide -1

// particle -1
sphere {
	<25.894415, 36.708515, 35.374634> 0.250000
	pigment { color rgbt <1,0,0,0> }
	no_shadow
}
cylinder {
	<26.179546, 36.988884, 35.364948>,  <26.350626, 37.157104, 35.359138>, 0.100000
	pigment { color rgbt <1,0,0,0> }
	no_shadow
}
cylinder {
	<26.179546, 36.988884, 35.364948>,  <25.894415, 36.708515, 35.374634>, 0.100000
	pigment { color rgbt <1,0,0,0> }
	no_shadow
}

// particle -1
sphere {
	<26.179546, 36.988884, 35.364948> 0.100000
	pigment { color rgbt <1,0,0,0> }
	no_shadow
}
sphere {
	0, 1
	scale<0.080000,0.200000,0.300000>
	matrix <0.506364, -0.538240, -0.673716,
		-0.485254, 0.467982, -0.738594,
		0.712828, 0.700921, -0.024214,
		26.393394, 37.199162, 35.357685>
	pigment { color rgbt <0,1,1,0> }
	no_shadow
}
cylinder {
	<26.061533, 36.725834, 34.735210>,  <25.894415, 36.708515, 35.374634>, 0.130000
	pigment { color rgbt <1,0,0,0> }
	no_shadow
}

// nucleotide -1

// particle -1
sphere {
	<26.061533, 36.725834, 34.735210> 0.250000
	pigment { color rgbt <1,0,0,0> }
	no_shadow
}
cylinder {
	<26.374048, 36.904690, 34.909409>,  <26.561558, 37.012001, 35.013927>, 0.100000
	pigment { color rgbt <1,0,0,0> }
	no_shadow
}
cylinder {
	<26.374048, 36.904690, 34.909409>,  <26.061533, 36.725834, 34.735210>, 0.100000
	pigment { color rgbt <1,0,0,0> }
	no_shadow
}

// particle -1
sphere {
	<26.374048, 36.904690, 34.909409> 0.100000
	pigment { color rgbt <1,0,0,0> }
	no_shadow
}
sphere {
	0, 1
	scale<0.080000,0.200000,0.300000>
	matrix <0.613922, -0.424601, -0.665443,
		-0.112633, 0.787263, -0.606243,
		0.781290, 0.447137, 0.435494,
		26.608435, 37.038830, 35.040058>
	pigment { color rgbt <0,1,1,0> }
	no_shadow
}
cylinder {
	<26.314579, 37.222015, 34.297218>,  <26.061533, 36.725834, 34.735210>, 0.130000
	pigment { color rgbt <1,0,0,0> }
	no_shadow
}

// nucleotide -1

// particle -1
sphere {
	<26.314579, 37.222015, 34.297218> 0.250000
	pigment { color rgbt <1,0,0,0> }
	no_shadow
}
cylinder {
	<26.577820, 37.041542, 34.538326>,  <26.735764, 36.933258, 34.682991>, 0.100000
	pigment { color rgbt <1,0,0,0> }
	no_shadow
}
cylinder {
	<26.577820, 37.041542, 34.538326>,  <26.314579, 37.222015, 34.297218>, 0.100000
	pigment { color rgbt <1,0,0,0> }
	no_shadow
}

// particle -1
sphere {
	<26.577820, 37.041542, 34.538326> 0.100000
	pigment { color rgbt <1,0,0,0> }
	no_shadow
}
sphere {
	0, 1
	scale<0.080000,0.200000,0.300000>
	matrix <0.492460, -0.347650, -0.797886,
		0.569548, 0.821931, -0.006598,
		0.658101, -0.451186, 0.602772,
		26.775249, 36.906185, 34.719158>
	pigment { color rgbt <0,1,1,0> }
	no_shadow
}
cylinder {
	<26.896677, 37.182247, 33.967049>,  <26.314579, 37.222015, 34.297218>, 0.130000
	pigment { color rgbt <1,0,0,0> }
	no_shadow
}

// nucleotide -1

// particle -1
sphere {
	<26.896677, 37.182247, 33.967049> 0.250000
	pigment { color rgbt <1,0,0,0> }
	no_shadow
}
cylinder {
	<27.007324, 36.901337, 34.229435>,  <27.073711, 36.732788, 34.386868>, 0.100000
	pigment { color rgbt <1,0,0,0> }
	no_shadow
}
cylinder {
	<27.007324, 36.901337, 34.229435>,  <26.896677, 37.182247, 33.967049>, 0.100000
	pigment { color rgbt <1,0,0,0> }
	no_shadow
}

// particle -1
sphere {
	<27.007324, 36.901337, 34.229435> 0.100000
	pigment { color rgbt <1,0,0,0> }
	no_shadow
}
sphere {
	0, 1
	scale<0.080000,0.200000,0.300000>
	matrix <0.579226, -0.422822, -0.696935,
		0.766799, 0.572734, 0.289819,
		0.276616, -0.702280, 0.655962,
		27.090309, 36.690651, 34.426224>
	pigment { color rgbt <0,1,1,0> }
	no_shadow
}
cylinder {
	<27.779863, 37.147732, 33.902672>,  <26.896677, 37.182247, 33.967049>, 0.130000
	pigment { color rgbt <1,0,0,0> }
	no_shadow
}

// nucleotide -1

// particle -1
sphere {
	<27.779863, 37.147732, 33.902672> 0.250000
	pigment { color rgbt <1,0,0,0> }
	no_shadow
}
cylinder {
	<27.608591, 36.823994, 34.063480>,  <27.505829, 36.629749, 34.159966>, 0.100000
	pigment { color rgbt <1,0,0,0> }
	no_shadow
}
cylinder {
	<27.608591, 36.823994, 34.063480>,  <27.779863, 37.147732, 33.902672>, 0.100000
	pigment { color rgbt <1,0,0,0> }
	no_shadow
}

// particle -1
sphere {
	<27.608591, 36.823994, 34.063480> 0.100000
	pigment { color rgbt <1,0,0,0> }
	no_shadow
}
sphere {
	0, 1
	scale<0.080000,0.200000,0.300000>
	matrix <0.554206, -0.586563, -0.590593,
		0.713806, -0.030075, 0.699697,
		-0.428179, -0.809345, 0.402024,
		27.480137, 36.581188, 34.184086>
	pigment { color rgbt <0,1,1,0> }
	no_shadow
}
cylinder {
	<28.296453, 36.648289, 34.168674>,  <27.779863, 37.147732, 33.902672>, 0.130000
	pigment { color rgbt <1,0,0,0> }
	no_shadow
}

// nucleotide -1

// particle -1
sphere {
	<28.296453, 36.648289, 34.168674> 0.250000
	pigment { color rgbt <1,0,0,0> }
	no_shadow
}
cylinder {
	<27.968765, 36.430779, 34.095798>,  <27.772152, 36.300274, 34.052074>, 0.100000
	pigment { color rgbt <1,0,0,0> }
	no_shadow
}
cylinder {
	<27.968765, 36.430779, 34.095798>,  <28.296453, 36.648289, 34.168674>, 0.100000
	pigment { color rgbt <1,0,0,0> }
	no_shadow
}

// particle -1
sphere {
	<27.968765, 36.430779, 34.095798> 0.100000
	pigment { color rgbt <1,0,0,0> }
	no_shadow
}
sphere {
	0, 1
	scale<0.080000,0.200000,0.300000>
	matrix <0.523564, -0.579534, -0.624517,
		0.234010, -0.607003, 0.759465,
		-0.819219, -0.543771, -0.182189,
		27.723000, 36.267647, 34.041142>
	pigment { color rgbt <0,1,1,0> }
	no_shadow
}
cylinder {
	<28.376507, 36.006119, 34.239536>,  <28.296453, 36.648289, 34.168674>, 0.130000
	pigment { color rgbt <1,0,0,0> }
	no_shadow
}

// nucleotide -1

// particle -1
sphere {
	<28.376507, 36.006119, 34.239536> 0.250000
	pigment { color rgbt <1,0,0,0> }
	no_shadow
}
cylinder {
	<28.093815, 36.028290, 33.957413>,  <27.924200, 36.041592, 33.788139>, 0.100000
	pigment { color rgbt <1,0,0,0> }
	no_shadow
}
cylinder {
	<28.093815, 36.028290, 33.957413>,  <28.376507, 36.006119, 34.239536>, 0.100000
	pigment { color rgbt <1,0,0,0> }
	no_shadow
}

// particle -1
sphere {
	<28.093815, 36.028290, 33.957413> 0.100000
	pigment { color rgbt <1,0,0,0> }
	no_shadow
}
sphere {
	0, 1
	scale<0.080000,0.200000,0.300000>
	matrix <0.552032, -0.580315, -0.598745,
		-0.442486, -0.812504, 0.379531,
		-0.706730, 0.055423, -0.705309,
		27.881796, 36.044918, 33.745819>
	pigment { color rgbt <0,1,1,0> }
	no_shadow
}
cylinder {
	<28.333670, 35.340256, 34.064007>,  <28.376507, 36.006119, 34.239536>, 0.130000
	pigment { color rgbt <1,0,0,0> }
	no_shadow
}

// nucleotide -1

// particle -1
sphere {
	<28.333670, 35.340256, 34.064007> 0.250000
	pigment { color rgbt <1,0,0,0> }
	no_shadow
}
cylinder {
	<28.240118, 35.577774, 33.756058>,  <28.183987, 35.720287, 33.571289>, 0.100000
	pigment { color rgbt <1,0,0,0> }
	no_shadow
}
cylinder {
	<28.240118, 35.577774, 33.756058>,  <28.333670, 35.340256, 34.064007>, 0.100000
	pigment { color rgbt <1,0,0,0> }
	no_shadow
}

// particle -1
sphere {
	<28.240118, 35.577774, 33.756058> 0.100000
	pigment { color rgbt <1,0,0,0> }
	no_shadow
}
sphere {
	0, 1
	scale<0.080000,0.200000,0.300000>
	matrix <0.496057, -0.608141, -0.619752,
		-0.836199, -0.526847, -0.152328,
		-0.233878, 0.593799, -0.769873,
		28.169954, 35.755913, 33.525097>
	pigment { color rgbt <0,1,1,0> }
	no_shadow
}
cylinder {
	<28.038490, 34.957222, 33.489639>,  <28.333670, 35.340256, 34.064007>, 0.130000
	pigment { color rgbt <1,0,0,0> }
	no_shadow
}

// nucleotide -1

// particle -1
sphere {
	<28.038490, 34.957222, 33.489639> 0.250000
	pigment { color rgbt <1,0,0,0> }
	no_shadow
}
cylinder {
	<28.212770, 35.291088, 33.354881>,  <28.317339, 35.491405, 33.274025>, 0.100000
	pigment { color rgbt <1,0,0,0> }
	no_shadow
}
cylinder {
	<28.212770, 35.291088, 33.354881>,  <28.038490, 34.957222, 33.489639>, 0.100000
	pigment { color rgbt <1,0,0,0> }
	no_shadow
}

// particle -1
sphere {
	<28.212770, 35.291088, 33.354881> 0.100000
	pigment { color rgbt <1,0,0,0> }
	no_shadow
}
sphere {
	0, 1
	scale<0.080000,0.200000,0.300000>
	matrix <0.499294, -0.535551, -0.681095,
		-0.748912, 0.128543, -0.650083,
		0.435703, 0.834663, -0.336899,
		28.343481, 35.541489, 33.253811>
	pigment { color rgbt <0,1,1,0> }
	no_shadow
}
cylinder {
	<27.920675, 35.091942, 32.750626>,  <28.038490, 34.957222, 33.489639>, 0.130000
	pigment { color rgbt <1,0,0,0> }
	no_shadow
}

// nucleotide -1

// particle -1
sphere {
	<27.920675, 35.091942, 32.750626> 0.250000
	pigment { color rgbt <1,0,0,0> }
	no_shadow
}
cylinder {
	<28.275621, 35.221081, 32.882290>,  <28.488590, 35.298565, 32.961288>, 0.100000
	pigment { color rgbt <1,0,0,0> }
	no_shadow
}
cylinder {
	<28.275621, 35.221081, 32.882290>,  <27.920675, 35.091942, 32.750626>, 0.100000
	pigment { color rgbt <1,0,0,0> }
	no_shadow
}

// particle -1
sphere {
	<28.275621, 35.221081, 32.882290> 0.100000
	pigment { color rgbt <1,0,0,0> }
	no_shadow
}
sphere {
	0, 1
	scale<0.080000,0.200000,0.300000>
	matrix <0.437816, -0.366197, -0.821107,
		-0.144558, 0.872735, -0.466301,
		0.887367, 0.322851, 0.329161,
		28.541832, 35.317936, 32.981037>
	pigment { color rgbt <0,1,1,0> }
	no_shadow
}
cylinder {
	<28.205568, 35.480995, 32.235447>,  <27.920675, 35.091942, 32.750626>, 0.130000
	pigment { color rgbt <1,0,0,0> }
	no_shadow
}

// nucleotide -1

// particle -1
sphere {
	<28.205568, 35.480995, 32.235447> 0.250000
	pigment { color rgbt <1,0,0,0> }
	no_shadow
}
cylinder {
	<28.505526, 35.349995, 32.465370>,  <28.685499, 35.271393, 32.603325>, 0.100000
	pigment { color rgbt <1,0,0,0> }
	no_shadow
}
cylinder {
	<28.505526, 35.349995, 32.465370>,  <28.205568, 35.480995, 32.235447>, 0.100000
	pigment { color rgbt <1,0,0,0> }
	no_shadow
}

// particle -1
sphere {
	<28.505526, 35.349995, 32.465370> 0.100000
	pigment { color rgbt <1,0,0,0> }
	no_shadow
}
sphere {
	0, 1
	scale<0.080000,0.200000,0.300000>
	matrix <0.393822, -0.477154, -0.785639,
		0.531570, 0.815517, -0.228837,
		0.749892, -0.327501, 0.574809,
		28.730494, 35.251743, 32.637814>
	pigment { color rgbt <0,1,1,0> }
	no_shadow
}
cylinder {
	<28.715771, 35.602161, 31.860260>,  <28.205568, 35.480995, 32.235447>, 0.130000
	pigment { color rgbt <1,0,0,0> }
	no_shadow
}

// nucleotide -1

// particle -1
sphere {
	<28.715771, 35.602161, 31.860260> 0.250000
	pigment { color rgbt <1,0,0,0> }
	no_shadow
}
cylinder {
	<28.897373, 35.338196, 32.099724>,  <29.006334, 35.179817, 32.243401>, 0.100000
	pigment { color rgbt <1,0,0,0> }
	no_shadow
}
cylinder {
	<28.897373, 35.338196, 32.099724>,  <28.715771, 35.602161, 31.860260>, 0.100000
	pigment { color rgbt <1,0,0,0> }
	no_shadow
}

// particle -1
sphere {
	<28.897373, 35.338196, 32.099724> 0.100000
	pigment { color rgbt <1,0,0,0> }
	no_shadow
}
sphere {
	0, 1
	scale<0.080000,0.200000,0.300000>
	matrix <0.355023, -0.482270, -0.800858,
		0.817213, 0.576132, 0.015331,
		0.454007, -0.659914, 0.598657,
		29.033575, 35.140221, 32.279320>
	pigment { color rgbt <0,1,1,0> }
	no_shadow
}
cylinder {
	<29.439852, 35.493893, 31.656162>,  <28.715771, 35.602161, 31.860260>, 0.130000
	pigment { color rgbt <1,0,0,0> }
	no_shadow
}

// nucleotide -1

// particle -1
sphere {
	<29.439852, 35.493893, 31.656162> 0.250000
	pigment { color rgbt <1,0,0,0> }
	no_shadow
}
cylinder {
	<29.351652, 35.156754, 31.852522>,  <29.298733, 34.954468, 31.970337>, 0.100000
	pigment { color rgbt <1,0,0,0> }
	no_shadow
}
cylinder {
	<29.351652, 35.156754, 31.852522>,  <29.439852, 35.493893, 31.656162>, 0.100000
	pigment { color rgbt <1,0,0,0> }
	no_shadow
}

// particle -1
sphere {
	<29.351652, 35.156754, 31.852522> 0.100000
	pigment { color rgbt <1,0,0,0> }
	no_shadow
}
sphere {
	0, 1
	scale<0.080000,0.200000,0.300000>
	matrix <0.429916, -0.535742, -0.726742,
		0.875530, 0.050799, 0.480486,
		-0.220499, -0.842853, 0.490897,
		29.285503, 34.903896, 31.999790>
	pigment { color rgbt <0,1,1,0> }
	no_shadow
}
cylinder {
	<30.067513, 35.034061, 31.788725>,  <29.439852, 35.493893, 31.656162>, 0.130000
	pigment { color rgbt <1,0,0,0> }
	no_shadow
}

// nucleotide -1

// particle -1
sphere {
	<30.067513, 35.034061, 31.788725> 0.250000
	pigment { color rgbt <1,0,0,0> }
	no_shadow
}
cylinder {
	<29.710279, 34.858822, 31.747797>,  <29.495939, 34.753677, 31.723240>, 0.100000
	pigment { color rgbt <1,0,0,0> }
	no_shadow
}
cylinder {
	<29.710279, 34.858822, 31.747797>,  <30.067513, 35.034061, 31.788725>, 0.100000
	pigment { color rgbt <1,0,0,0> }
	no_shadow
}

// particle -1
sphere {
	<29.710279, 34.858822, 31.747797> 0.100000
	pigment { color rgbt <1,0,0,0> }
	no_shadow
}
sphere {
	0, 1
	scale<0.080000,0.200000,0.300000>
	matrix <0.379826, -0.612356, -0.693363,
		0.241104, -0.658096, 0.713287,
		-0.893085, -0.438098, -0.102320,
		29.442354, 34.727394, 31.717100>
	pigment { color rgbt <0,1,1,0> }
	no_shadow
}
cylinder {
	<30.148371, 34.424961, 32.018318>,  <30.067513, 35.034061, 31.788725>, 0.130000
	pigment { color rgbt <1,0,0,0> }
	no_shadow
}

// nucleotide -1

// particle -1
sphere {
	<30.148371, 34.424961, 32.018318> 0.250000
	pigment { color rgbt <1,0,0,0> }
	no_shadow
}
cylinder {
	<29.829330, 34.397846, 31.778572>,  <29.637905, 34.381577, 31.634726>, 0.100000
	pigment { color rgbt <1,0,0,0> }
	no_shadow
}
cylinder {
	<29.829330, 34.397846, 31.778572>,  <30.148371, 34.424961, 32.018318>, 0.100000
	pigment { color rgbt <1,0,0,0> }
	no_shadow
}

// particle -1
sphere {
	<29.829330, 34.397846, 31.778572> 0.100000
	pigment { color rgbt <1,0,0,0> }
	no_shadow
}
sphere {
	0, 1
	scale<0.080000,0.200000,0.300000>
	matrix <0.443248, -0.739803, -0.506184,
		-0.409099, -0.669400, 0.620115,
		-0.797602, -0.067786, -0.599363,
		29.590050, 34.377510, 31.598763>
	pigment { color rgbt <0,1,1,0> }
	no_shadow
}
cylinder {
	<29.798628, 33.813530, 32.123898>,  <30.148371, 34.424961, 32.018318>, 0.130000
	pigment { color rgbt <1,0,0,0> }
	no_shadow
}

// nucleotide -1

// particle -1
sphere {
	<29.798628, 33.813530, 32.123898> 0.250000
	pigment { color rgbt <1,0,0,0> }
	no_shadow
}
cylinder {
	<29.777061, 33.949696, 31.748405>,  <29.764122, 34.031395, 31.523109>, 0.100000
	pigment { color rgbt <1,0,0,0> }
	no_shadow
}
cylinder {
	<29.777061, 33.949696, 31.748405>,  <29.798628, 33.813530, 32.123898>, 0.100000
	pigment { color rgbt <1,0,0,0> }
	no_shadow
}

// particle -1
sphere {
	<29.777061, 33.949696, 31.748405> 0.100000
	pigment { color rgbt <1,0,0,0> }
	no_shadow
}
sphere {
	0, 1
	scale<0.080000,0.200000,0.300000>
	matrix <0.512071, -0.797646, -0.318661,
		-0.857249, -0.497878, -0.131307,
		-0.053918, 0.340410, -0.938730,
		29.760885, 34.051819, 31.466787>
	pigment { color rgbt <0,1,1,0> }
	no_shadow
}
cylinder {
	<29.790426, 33.141762, 31.681242>,  <29.798628, 33.813530, 32.123898>, 0.130000
	pigment { color rgbt <1,0,0,0> }
	no_shadow
}

// nucleotide -1

// particle -1
sphere {
	<29.790426, 33.141762, 31.681242> 0.250000
	pigment { color rgbt <1,0,0,0> }
	no_shadow
}
cylinder {
	<29.846392, 33.427967, 31.407463>,  <29.879971, 33.599689, 31.243196>, 0.100000
	pigment { color rgbt <1,0,0,0> }
	no_shadow
}
cylinder {
	<29.846392, 33.427967, 31.407463>,  <29.790426, 33.141762, 31.681242>, 0.100000
	pigment { color rgbt <1,0,0,0> }
	no_shadow
}

// particle -1
sphere {
	<29.846392, 33.427967, 31.407463> 0.100000
	pigment { color rgbt <1,0,0,0> }
	no_shadow
}
sphere {
	0, 1
	scale<0.080000,0.200000,0.300000>
	matrix <0.538753, -0.634979, -0.553667,
		-0.830764, -0.291281, -0.474328,
		0.139916, 0.715512, -0.684446,
		29.888367, 33.642620, 31.202129>
	pigment { color rgbt <0,1,1,0> }
	no_shadow
}
cylinder {
	<29.511248, 32.839832, 31.047644>,  <29.790426, 33.141762, 31.681242>, 0.130000
	pigment { color rgbt <1,0,0,0> }
	no_shadow
}

// nucleotide -1

// particle -1
sphere {
	<29.511248, 32.839832, 31.047644> 0.250000
	pigment { color rgbt <1,0,0,0> }
	no_shadow
}
cylinder {
	<29.812737, 33.100536, 31.013927>,  <29.993629, 33.256958, 30.993698>, 0.100000
	pigment { color rgbt <1,0,0,0> }
	no_shadow
}
cylinder {
	<29.812737, 33.100536, 31.013927>,  <29.511248, 32.839832, 31.047644>, 0.100000
	pigment { color rgbt <1,0,0,0> }
	no_shadow
}

// particle -1
sphere {
	<29.812737, 33.100536, 31.013927> 0.100000
	pigment { color rgbt <1,0,0,0> }
	no_shadow
}
sphere {
	0, 1
	scale<0.080000,0.200000,0.300000>
	matrix <0.498942, -0.650980, -0.572086,
		-0.427738, 0.389137, -0.815851,
		0.753722, 0.651765, -0.084292,
		30.038853, 33.296066, 30.988640>
	pigment { color rgbt <0,1,1,0> }
	no_shadow
}
cylinder {
	<29.738272, 32.844788, 30.333700>,  <29.511248, 32.839832, 31.047644>, 0.130000
	pigment { color rgbt <1,0,0,0> }
	no_shadow
}

// nucleotide -1

// particle -1
sphere {
	<29.738272, 32.844788, 30.333700> 0.250000
	pigment { color rgbt <1,0,0,0> }
	no_shadow
}
cylinder {
	<30.058027, 32.997375, 30.519373>,  <30.249880, 33.088928, 30.630777>, 0.100000
	pigment { color rgbt <1,0,0,0> }
	no_shadow
}
cylinder {
	<30.058027, 32.997375, 30.519373>,  <29.738272, 32.844788, 30.333700>, 0.100000
	pigment { color rgbt <1,0,0,0> }
	no_shadow
}

// particle -1
sphere {
	<30.058027, 32.997375, 30.519373> 0.100000
	pigment { color rgbt <1,0,0,0> }
	no_shadow
}
sphere {
	0, 1
	scale<0.080000,0.200000,0.300000>
	matrix <0.595165, -0.608489, -0.524900,
		0.082218, 0.695863, -0.713452,
		0.799387, 0.381465, 0.464182,
		30.297844, 33.111816, 30.658628>
	pigment { color rgbt <0,1,1,0> }
	no_shadow
}
cylinder {
	<30.189116, 32.909126, 29.797375>,  <29.738272, 32.844788, 30.333700>, 0.130000
	pigment { color rgbt <1,0,0,0> }
	no_shadow
}

// nucleotide -1

// particle -1
sphere {
	<30.189116, 32.909126, 29.797375> 0.250000
	pigment { color rgbt <1,0,0,0> }
	no_shadow
}
cylinder {
	<30.404200, 32.927635, 30.134119>,  <30.533251, 32.938740, 30.336164>, 0.100000
	pigment { color rgbt <1,0,0,0> }
	no_shadow
}
cylinder {
	<30.404200, 32.927635, 30.134119>,  <30.189116, 32.909126, 29.797375>, 0.100000
	pigment { color rgbt <1,0,0,0> }
	no_shadow
}

// particle -1
sphere {
	<30.404200, 32.927635, 30.134119> 0.100000
	pigment { color rgbt <1,0,0,0> }
	no_shadow
}
sphere {
	0, 1
	scale<0.080000,0.200000,0.300000>
	matrix <0.642941, -0.668442, -0.373915,
		0.545431, 0.742323, -0.389181,
		0.537710, 0.046276, 0.841859,
		30.565514, 32.941517, 30.386677>
	pigment { color rgbt <0,1,1,0> }
	no_shadow
}
cylinder {
	<30.910770, 32.994854, 29.530210>,  <30.189116, 32.909126, 29.797375>, 0.130000
	pigment { color rgbt <1,0,0,0> }
	no_shadow
}

// nucleotide -1

// particle -1
sphere {
	<30.910770, 32.994854, 29.530210> 0.250000
	pigment { color rgbt <1,0,0,0> }
	no_shadow
}
cylinder {
	<30.805641, 32.819862, 29.874195>,  <30.742563, 32.714867, 30.080585>, 0.100000
	pigment { color rgbt <1,0,0,0> }
	no_shadow
}
cylinder {
	<30.805641, 32.819862, 29.874195>,  <30.910770, 32.994854, 29.530210>, 0.100000
	pigment { color rgbt <1,0,0,0> }
	no_shadow
}

// particle -1
sphere {
	<30.805641, 32.819862, 29.874195> 0.100000
	pigment { color rgbt <1,0,0,0> }
	no_shadow
}
sphere {
	0, 1
	scale<0.080000,0.200000,0.300000>
	matrix <0.505280, -0.821711, -0.263598,
		0.821959, 0.365243, 0.437014,
		-0.262822, -0.437481, 0.859963,
		30.726795, 32.688618, 30.132183>
	pigment { color rgbt <0,1,1,0> }
	no_shadow
}
cylinder {
	<31.418909, 32.614330, 29.840570>,  <30.910770, 32.994854, 29.530210>, 0.130000
	pigment { color rgbt <1,0,0,0> }
	no_shadow
}

// nucleotide -1

// particle -1
sphere {
	<31.418909, 32.614330, 29.840570> 0.250000
	pigment { color rgbt <1,0,0,0> }
	no_shadow
}
cylinder {
	<31.088362, 32.433601, 29.975014>,  <30.890034, 32.325165, 30.055679>, 0.100000
	pigment { color rgbt <1,0,0,0> }
	no_shadow
}
cylinder {
	<31.088362, 32.433601, 29.975014>,  <31.418909, 32.614330, 29.840570>, 0.100000
	pigment { color rgbt <1,0,0,0> }
	no_shadow
}

// particle -1
sphere {
	<31.088362, 32.433601, 29.975014> 0.100000
	pigment { color rgbt <1,0,0,0> }
	no_shadow
}
sphere {
	0, 1
	scale<0.080000,0.200000,0.300000>
	matrix <0.366869, -0.884769, -0.287386,
		0.427227, -0.114179, 0.896906,
		-0.826369, -0.451826, 0.336108,
		30.840450, 32.298054, 30.075846>
	pigment { color rgbt <0,1,1,0> }
	no_shadow
}
cylinder {
	<31.600042, 32.040192, 30.291054>,  <31.418909, 32.614330, 29.840570>, 0.130000
	pigment { color rgbt <1,0,0,0> }
	no_shadow
}

// nucleotide -1

// particle -1
sphere {
	<31.600042, 32.040192, 30.291054> 0.250000
	pigment { color rgbt <1,0,0,0> }
	no_shadow
}
cylinder {
	<31.260250, 32.001816, 30.083525>,  <31.056374, 31.978790, 29.959007>, 0.100000
	pigment { color rgbt <1,0,0,0> }
	no_shadow
}
cylinder {
	<31.260250, 32.001816, 30.083525>,  <31.600042, 32.040192, 30.291054>, 0.100000
	pigment { color rgbt <1,0,0,0> }
	no_shadow
}

// particle -1
sphere {
	<31.260250, 32.001816, 30.083525> 0.100000
	pigment { color rgbt <1,0,0,0> }
	no_shadow
}
sphere {
	0, 1
	scale<0.080000,0.200000,0.300000>
	matrix <0.362064, -0.821262, -0.440951,
		-0.383783, -0.562427, 0.732384,
		-0.849482, -0.095941, -0.518821,
		31.005405, 31.973034, 29.927879>
	pigment { color rgbt <0,1,1,0> }
	no_shadow
}
cylinder {
	<31.285793, 31.976252, 30.925602>,  <31.600042, 32.040192, 30.291054>, 0.130000
	pigment { color rgbt <1,0,0,0> }
	no_shadow
}

// nucleotide -1

// particle -1
sphere {
	<31.285793, 31.976252, 30.925602> 0.250000
	pigment { color rgbt <1,0,0,0> }
	no_shadow
}
cylinder {
	<31.087814, 32.313793, 31.008488>,  <30.969027, 32.516319, 31.058220>, 0.100000
	pigment { color rgbt <1,0,0,0> }
	no_shadow
}
cylinder {
	<31.087814, 32.313793, 31.008488>,  <31.285793, 31.976252, 30.925602>, 0.100000
	pigment { color rgbt <1,0,0,0> }
	no_shadow
}

// particle -1
sphere {
	<31.087814, 32.313793, 31.008488> 0.100000
	pigment { color rgbt <1,0,0,0> }
	no_shadow
}
sphere {
	0, 1
	scale<0.080000,0.200000,0.300000>
	matrix <-0.856977, -0.513467, 0.044075,
		0.143591, -0.155763, 0.977302,
		-0.494947, 0.843854, 0.207215,
		30.939331, 32.566948, 31.070652>
	pigment { color rgbt <0,1,1,0> }
	no_shadow
}
cylinder {
	<31.045458, 32.171238, 31.646704>,  <31.285793, 31.976252, 30.925602>, 0.130000
	pigment { color rgbt <1,0,0,0> }
	no_shadow
}

// nucleotide -1

// particle -1
sphere {
	<31.045458, 32.171238, 31.646704> 0.250000
	pigment { color rgbt <1,0,0,0> }
	no_shadow
}
cylinder {
	<30.785242, 32.375656, 31.421982>,  <30.629112, 32.498306, 31.287149>, 0.100000
	pigment { color rgbt <1,0,0,0> }
	no_shadow
}
cylinder {
	<30.785242, 32.375656, 31.421982>,  <31.045458, 32.171238, 31.646704>, 0.100000
	pigment { color rgbt <1,0,0,0> }
	no_shadow
}

// particle -1
sphere {
	<30.785242, 32.375656, 31.421982> 0.100000
	pigment { color rgbt <1,0,0,0> }
	no_shadow
}
sphere {
	0, 1
	scale<0.080000,0.200000,0.300000>
	matrix <-0.758847, -0.467362, 0.453568,
		-0.030771, 0.721389, 0.691846,
		-0.650541, 0.511048, -0.561805,
		30.590080, 32.528969, 31.253441>
	pigment { color rgbt <0,1,1,0> }
	no_shadow
}
cylinder {
	<31.149858, 32.936024, 31.497185>,  <31.045458, 32.171238, 31.646704>, 0.130000
	pigment { color rgbt <1,0,0,0> }
	no_shadow
}

// nucleotide -1

// particle -1
sphere {
	<31.149858, 32.936024, 31.497185> 0.250000
	pigment { color rgbt <1,0,0,0> }
	no_shadow
}
cylinder {
	<30.950285, 32.937168, 31.150532>,  <30.830540, 32.937855, 30.942539>, 0.100000
	pigment { color rgbt <1,0,0,0> }
	no_shadow
}
cylinder {
	<30.950285, 32.937168, 31.150532>,  <31.149858, 32.936024, 31.497185>, 0.100000
	pigment { color rgbt <1,0,0,0> }
	no_shadow
}

// particle -1
sphere {
	<30.950285, 32.937168, 31.150532> 0.100000
	pigment { color rgbt <1,0,0,0> }
	no_shadow
}
sphere {
	0, 1
	scale<0.080000,0.200000,0.300000>
	matrix <-0.398843, 0.887045, 0.232544,
		0.769408, 0.461675, -0.441439,
		-0.498936, 0.002856, -0.866634,
		30.800604, 32.938026, 30.890541>
	pigment { color rgbt <0,1,1,0> }
	no_shadow
}
cylinder {
	<31.259222, 33.641773, 31.291435>,  <31.149858, 32.936024, 31.497185>, 0.130000
	pigment { color rgbt <1,0,0,0> }
	no_shadow
}

// nucleotide -1

// particle -1
sphere {
	<31.259222, 33.641773, 31.291435> 0.250000
	pigment { color rgbt <1,0,0,0> }
	no_shadow
}
cylinder {
	<30.946333, 33.479919, 31.101952>,  <30.758598, 33.382809, 30.988262>, 0.100000
	pigment { color rgbt <1,0,0,0> }
	no_shadow
}
cylinder {
	<30.946333, 33.479919, 31.101952>,  <31.259222, 33.641773, 31.291435>, 0.100000
	pigment { color rgbt <1,0,0,0> }
	no_shadow
}

// particle -1
sphere {
	<30.946333, 33.479919, 31.101952> 0.100000
	pigment { color rgbt <1,0,0,0> }
	no_shadow
}
sphere {
	0, 1
	scale<0.080000,0.200000,0.300000>
	matrix <-0.492271, 0.867466, 0.071909,
		0.381830, 0.289442, -0.877741,
		-0.782224, -0.404630, -0.473709,
		30.711666, 33.358532, 30.959839>
	pigment { color rgbt <0,1,1,0> }
	no_shadow
}
cylinder {
	<30.987343, 34.159668, 30.830629>,  <31.259222, 33.641773, 31.291435>, 0.130000
	pigment { color rgbt <1,0,0,0> }
	no_shadow
}

// nucleotide -1

// particle -1
sphere {
	<30.987343, 34.159668, 30.830629> 0.250000
	pigment { color rgbt <1,0,0,0> }
	no_shadow
}
cylinder {
	<30.701719, 33.884022, 30.880009>,  <30.530344, 33.718636, 30.909636>, 0.100000
	pigment { color rgbt <1,0,0,0> }
	no_shadow
}
cylinder {
	<30.701719, 33.884022, 30.880009>,  <30.987343, 34.159668, 30.830629>, 0.100000
	pigment { color rgbt <1,0,0,0> }
	no_shadow
}

// particle -1
sphere {
	<30.701719, 33.884022, 30.880009> 0.100000
	pigment { color rgbt <1,0,0,0> }
	no_shadow
}
sphere {
	0, 1
	scale<0.080000,0.200000,0.300000>
	matrix <-0.630231, 0.709521, 0.315262,
		-0.304840, 0.147315, -0.940942,
		-0.714060, -0.689114, 0.123448,
		30.487501, 33.677288, 30.917044>
	pigment { color rgbt <0,1,1,0> }
	no_shadow
}
cylinder {
	<30.459776, 34.411331, 30.489805>,  <30.987343, 34.159668, 30.830629>, 0.130000
	pigment { color rgbt <1,0,0,0> }
	no_shadow
}

// nucleotide -1

// particle -1
sphere {
	<30.459776, 34.411331, 30.489805> 0.250000
	pigment { color rgbt <1,0,0,0> }
	no_shadow
}
cylinder {
	<30.338352, 34.158546, 30.775036>,  <30.265499, 34.006878, 30.946175>, 0.100000
	pigment { color rgbt <1,0,0,0> }
	no_shadow
}
cylinder {
	<30.338352, 34.158546, 30.775036>,  <30.459776, 34.411331, 30.489805>, 0.100000
	pigment { color rgbt <1,0,0,0> }
	no_shadow
}

// particle -1
sphere {
	<30.338352, 34.158546, 30.775036> 0.100000
	pigment { color rgbt <1,0,0,0> }
	no_shadow
}
sphere {
	0, 1
	scale<0.080000,0.200000,0.300000>
	matrix <-0.508979, 0.740218, 0.439338,
