// switches for output
#declare DRAW_BASES = 1; // possible values are 0, 1; only relevant for DNA ribbons
#declare DRAW_BASES_TYPE = 3; // possible values are 1, 2, 3; only relevant for DNA ribbons
#declare DRAW_FOG = 0; // set to 1 to enable fog

#include "colors.inc"

#include "transforms.inc"
background { rgb <1, 1, 1>}

#default {
   normal{
       ripples 0.25
       frequency 0.20
       turbulence 0.2
       lambda 5
   }
	finish {
		phong 0.1
		phong_size 40.
	}
}

// original window dimensions: 1024x640


// camera settings

camera {
	sky <0, 0.179814, -0.983701>
	up <0, 0.179814, -0.983701>
	right 1.6 * <1, 0, 0>
	location <35, 94.9851, 44.8844>
	look_at <35, 29.7336, 32.9568>
	direction <0, -65.2515, -11.9276>
	angle 67.0682
}


# declare cpy_camera_pos = <35, 94.9851, 44.8844>;
# if (DRAW_FOG = 1)
fog {
	fog_type 2
	up vnormalize(cpy_camera_pos)
	color rgbt<1,1,1,0.3>
	distance 1e-5
	fog_alt 3e-3
	fog_offset 56
}
# end


// LIGHTS

# declare lum = 6;
global_settings {
	ambient_light rgb lum * <0.05, 0.05, 0.05>
	max_trace_level 15
}# declare cpy_direct_light_amount = 0.25;
light_source
{	1000 * <-1, -1.16352, -0.803886>,
	rgb lum * cpy_direct_light_amount
	parallel
}

light_source
{	1000 * <1, 1.16352, 0.803886>,
	rgb lum * cpy_direct_light_amount
	parallel
}

// strand 0

// nucleotide -1

// particle -1
sphere {
	<23.792175, 34.712906, 35.207100> 0.250000
	pigment { color rgbt <1,0,0,0> }
	no_shadow
}
cylinder {
	<24.184872, 34.788902, 35.203426>,  <24.420490, 34.834499, 35.201221>, 0.100000
	pigment { color rgbt <1,0,0,0> }
	no_shadow
}
cylinder {
	<24.184872, 34.788902, 35.203426>,  <23.792175, 34.712906, 35.207100>, 0.100000
	pigment { color rgbt <1,0,0,0> }
	no_shadow
}

// particle -1
sphere {
	<24.184872, 34.788902, 35.203426> 0.100000
	pigment { color rgbt <1,0,0,0> }
	no_shadow
}
sphere {
	0, 1
	scale<0.080000,0.200000,0.300000>
	matrix <0.160108, -0.799328, 0.579172,
		0.102702, -0.570068, -0.815154,
		0.981742, 0.189995, -0.009180,
		24.479395, 34.845901, 35.200672>
	pigment { color rgbt <0,1,1,0> }
	no_shadow
}
cylinder {
	<24.263752, 34.170265, 34.944290>,  <23.792175, 34.712906, 35.207100>, 0.130000
	pigment { color rgbt <1,0,0,0> }
	no_shadow
}

// nucleotide -1

// particle -1
sphere {
	<24.263752, 34.170265, 34.944290> 0.250000
	pigment { color rgbt <1,0,0,0> }
	no_shadow
}
cylinder {
	<24.421928, 34.396946, 35.233418>,  <24.516834, 34.532955, 35.406895>, 0.100000
	pigment { color rgbt <1,0,0,0> }
	no_shadow
}
cylinder {
	<24.421928, 34.396946, 35.233418>,  <24.263752, 34.170265, 34.944290>, 0.100000
	pigment { color rgbt <1,0,0,0> }
	no_shadow
}

// particle -1
sphere {
	<24.421928, 34.396946, 35.233418> 0.100000
	pigment { color rgbt <1,0,0,0> }
	no_shadow
}
sphere {
	0, 1
	scale<0.080000,0.200000,0.300000>
	matrix <0.065419, -0.802347, 0.593262,
		0.916158, -0.187315, -0.354354,
		0.395442, 0.566704, 0.722823,
		24.540562, 34.566956, 35.450264>
	pigment { color rgbt <0,1,1,0> }
	no_shadow
}
cylinder {
	<24.192001, 33.416859, 34.724632>,  <24.263752, 34.170265, 34.944290>, 0.130000
	pigment { color rgbt <1,0,0,0> }
	no_shadow
}

// nucleotide -1

// particle -1
sphere {
	<24.192001, 33.416859, 34.724632> 0.250000
	pigment { color rgbt <1,0,0,0> }
	no_shadow
}
cylinder {
	<24.585960, 33.464172, 34.775200>,  <24.822336, 33.492561, 34.805538>, 0.100000
	pigment { color rgbt <1,0,0,0> }
	no_shadow
}
cylinder {
	<24.585960, 33.464172, 34.775200>,  <24.192001, 33.416859, 34.724632>, 0.100000
	pigment { color rgbt <1,0,0,0> }
	no_shadow
}

// particle -1
sphere {
	<24.585960, 33.464172, 34.775200> 0.100000
	pigment { color rgbt <1,0,0,0> }
	no_shadow
}
sphere {
	0, 1
	scale<0.080000,0.200000,0.300000>
	matrix <-0.154289, 0.268459, 0.950855,
		0.078535, -0.956001, 0.282655,
		0.984899, 0.118286, 0.126417,
		24.881430, 33.499657, 34.813126>
	pigment { color rgbt <0,1,1,0> }
	no_shadow
}
cylinder {
	<24.422132, 32.929699, 35.243649>,  <24.192001, 33.416859, 34.724632>, 0.130000
	pigment { color rgbt <1,0,0,0> }
	no_shadow
}

// nucleotide -1

// particle -1
sphere {
	<24.422132, 32.929699, 35.243649> 0.250000
	pigment { color rgbt <1,0,0,0> }
	no_shadow
}
cylinder {
	<24.647745, 33.259422, 35.224094>,  <24.783113, 33.457256, 35.212364>, 0.100000
	pigment { color rgbt <1,0,0,0> }
	no_shadow
}
cylinder {
	<24.647745, 33.259422, 35.224094>,  <24.422132, 32.929699, 35.243649>, 0.100000
	pigment { color rgbt <1,0,0,0> }
	no_shadow
}

// particle -1
sphere {
	<24.647745, 33.259422, 35.224094> 0.100000
	pigment { color rgbt <1,0,0,0> }
	no_shadow
}
sphere {
	0, 1
	scale<0.080000,0.200000,0.300000>
	matrix <-0.191313, 0.188035, 0.963350,
		0.803285, -0.534009, 0.263758,
		0.564033, 0.824304, -0.048883,
		24.816956, 33.506714, 35.209431>
	pigment { color rgbt <0,1,1,0> }
	no_shadow
}
cylinder {
	<25.003359, 32.918957, 35.781448>,  <24.422132, 32.929699, 35.243649>, 0.130000
	pigment { color rgbt <1,0,0,0> }
	no_shadow
}

// nucleotide -1

// particle -1
sphere {
	<25.003359, 32.918957, 35.781448> 0.250000
	pigment { color rgbt <1,0,0,0> }
	no_shadow
}
cylinder {
	<24.794914, 33.249321, 35.695362>,  <24.669847, 33.447540, 35.643711>, 0.100000
	pigment { color rgbt <1,0,0,0> }
	no_shadow
}
cylinder {
	<24.794914, 33.249321, 35.695362>,  <25.003359, 32.918957, 35.781448>, 0.100000
	pigment { color rgbt <1,0,0,0> }
	no_shadow
}

// particle -1
sphere {
	<24.794914, 33.249321, 35.695362> 0.100000
	pigment { color rgbt <1,0,0,0> }
	no_shadow
}
sphere {
	0, 1
	scale<0.080000,0.200000,0.300000>
	matrix <-0.165194, 0.149791, 0.974820,
		0.837348, 0.543544, 0.058376,
		-0.521113, 0.825907, -0.215217,
		24.638580, 33.497093, 35.630798>
	pigment { color rgbt <0,1,1,0> }
	no_shadow
}
cylinder {
	<25.305246, 33.635559, 36.018520>,  <25.003359, 32.918957, 35.781448>, 0.130000
	pigment { color rgbt <1,0,0,0> }
	no_shadow
}

// nucleotide -1

// particle -1
sphere {
	<25.305246, 33.635559, 36.018520> 0.250000
	pigment { color rgbt <1,0,0,0> }
	no_shadow
}
cylinder {
	<24.905674, 33.620548, 36.029308>,  <24.665930, 33.611542, 36.035782>, 0.100000
	pigment { color rgbt <1,0,0,0> }
	no_shadow
}
cylinder {
	<24.905674, 33.620548, 36.029308>,  <25.305246, 33.635559, 36.018520>, 0.100000
	pigment { color rgbt <1,0,0,0> }
	no_shadow
}

// particle -1
sphere {
	<24.905674, 33.620548, 36.029308> 0.100000
	pigment { color rgbt <1,0,0,0> }
	no_shadow
}
sphere {
	0, 1
	scale<0.080000,0.200000,0.300000>
	matrix <0.017739, 0.227572, 0.973599,
		-0.042674, 0.973038, -0.226664,
		-0.998931, -0.037526, 0.026972,
		24.605995, 33.609291, 36.037399>
	pigment { color rgbt <0,1,1,0> }
	no_shadow
}
cylinder {
	<25.476742, 34.046219, 36.736576>,  <25.305246, 33.635559, 36.018520>, 0.130000
	pigment { color rgbt <1,0,0,0> }
	no_shadow
}

// nucleotide -1

// particle -1
sphere {
	<25.476742, 34.046219, 36.736576> 0.250000
	pigment { color rgbt <1,0,0,0> }
	no_shadow
}
cylinder {
	<25.339773, 33.670879, 36.755573>,  <25.257593, 33.445675, 36.766972>, 0.100000
	pigment { color rgbt <1,0,0,0> }
	no_shadow
}
cylinder {
	<25.339773, 33.670879, 36.755573>,  <25.476742, 34.046219, 36.736576>, 0.100000
	pigment { color rgbt <1,0,0,0> }
	no_shadow
}

// particle -1
sphere {
	<25.339773, 33.670879, 36.755573> 0.100000
	pigment { color rgbt <1,0,0,0> }
	no_shadow
}
sphere {
	0, 1
	scale<0.080000,0.200000,0.300000>
	matrix <0.526176, -0.149641, 0.837106,
		-0.778388, 0.311632, 0.544976,
		-0.342420, -0.938346, 0.047495,
		25.237047, 33.389374, 36.769821>
	pigment { color rgbt <0,1,1,0> }
	no_shadow
}
cylinder {
	<25.886641, 33.434345, 36.908157>,  <25.476742, 34.046219, 36.736576>, 0.130000
	pigment { color rgbt <1,0,0,0> }
	no_shadow
}

// nucleotide -1

// particle -1
sphere {
	<25.886641, 33.434345, 36.908157> 0.250000
	pigment { color rgbt <1,0,0,0> }
	no_shadow
}
cylinder {
	<26.201958, 33.675453, 36.957573>,  <26.391148, 33.820118, 36.987221>, 0.100000
	pigment { color rgbt <1,0,0,0> }
	no_shadow
}
cylinder {
	<26.201958, 33.675453, 36.957573>,  <25.886641, 33.434345, 36.908157>, 0.100000
	pigment { color rgbt <1,0,0,0> }
	no_shadow
}

// particle -1
sphere {
	<26.201958, 33.675453, 36.957573> 0.100000
	pigment { color rgbt <1,0,0,0> }
	no_shadow
}
sphere {
	0, 1
	scale<0.080000,0.200000,0.300000>
	matrix <-0.612444, 0.749322, 0.251850,
		0.059241, -0.274190, 0.959849,
		0.788291, 0.602774, 0.123536,
		26.438444, 33.856285, 36.994633>
	pigment { color rgbt <0,1,1,0> }
	no_shadow
}
cylinder {
	<25.798058, 33.687828, 37.620972>,  <25.886641, 33.434345, 36.908157>, 0.130000
	pigment { color rgbt <1,0,0,0> }
	no_shadow
}

// nucleotide -1

// particle -1
sphere {
	<25.798058, 33.687828, 37.620972> 0.250000
	pigment { color rgbt <1,0,0,0> }
	no_shadow
}
cylinder {
	<26.034670, 33.958027, 37.444885>,  <26.176638, 34.120148, 37.339233>, 0.100000
	pigment { color rgbt <1,0,0,0> }
	no_shadow
}
cylinder {
	<26.034670, 33.958027, 37.444885>,  <25.798058, 33.687828, 37.620972>, 0.100000
	pigment { color rgbt <1,0,0,0> }
	no_shadow
}

// particle -1
sphere {
	<26.034670, 33.958027, 37.444885> 0.100000
	pigment { color rgbt <1,0,0,0> }
	no_shadow
}
sphere {
	0, 1
	scale<0.080000,0.200000,0.300000>
	matrix <-0.581352, 0.735644, 0.347645,
		0.558675, 0.050276, 0.827861,
		0.591533, 0.675500, -0.440214,
		26.212130, 34.160675, 37.312820>
	pigment { color rgbt <0,1,1,0> }
	no_shadow
}
cylinder {
	<25.961914, 34.112251, 38.117470>,  <25.798058, 33.687828, 37.620972>, 0.130000
	pigment { color rgbt <1,0,0,0> }
	no_shadow
}

// nucleotide -1

// particle -1
sphere {
	<25.961914, 34.112251, 38.117470> 0.250000
	pigment { color rgbt <1,0,0,0> }
	no_shadow
}
cylinder {
	<26.033939, 34.336620, 37.794250>,  <26.077154, 34.471241, 37.600319>, 0.100000
	pigment { color rgbt <1,0,0,0> }
	no_shadow
}
cylinder {
	<26.033939, 34.336620, 37.794250>,  <25.961914, 34.112251, 38.117470>, 0.100000
	pigment { color rgbt <1,0,0,0> }
	no_shadow
}

// particle -1
sphere {
	<26.033939, 34.336620, 37.794250> 0.100000
	pigment { color rgbt <1,0,0,0> }
	no_shadow
}
sphere {
	0, 1
	scale<0.080000,0.200000,0.300000>
	matrix <-0.537431, 0.744129, 0.396787,
		0.823860, 0.362825, 0.435446,
		0.180064, 0.560919, -0.808052,
		26.087959, 34.504894, 37.551834>
	pigment { color rgbt <0,1,1,0> }
	no_shadow
}
cylinder {
	<26.229870, 34.664371, 38.443798>,  <25.961914, 34.112251, 38.117470>, 0.130000
	pigment { color rgbt <1,0,0,0> }
	no_shadow
}

// nucleotide -1

// particle -1
sphere {
	<26.229870, 34.664371, 38.443798> 0.250000
	pigment { color rgbt <1,0,0,0> }
	no_shadow
}
cylinder {
	<26.109358, 34.793697, 38.084976>,  <26.037050, 34.871292, 37.869682>, 0.100000
	pigment { color rgbt <1,0,0,0> }
	no_shadow
}
cylinder {
	<26.109358, 34.793697, 38.084976>,  <26.229870, 34.664371, 38.443798>, 0.100000
	pigment { color rgbt <1,0,0,0> }
	no_shadow
}

// particle -1
sphere {
	<26.109358, 34.793697, 38.084976> 0.100000
	pigment { color rgbt <1,0,0,0> }
	no_shadow
}
sphere {
	0, 1
	scale<0.080000,0.200000,0.300000>
	matrix <-0.576066, 0.687960, 0.441428,
		0.759854, 0.649753, -0.021019,
		-0.301280, 0.323313, -0.897050,
		26.018974, 34.890690, 37.815861>
	pigment { color rgbt <0,1,1,0> }
	no_shadow
}
cylinder {
	<26.085730, 35.332104, 38.501137>,  <26.229870, 34.664371, 38.443798>, 0.130000
	pigment { color rgbt <1,0,0,0> }
	no_shadow
}

// nucleotide -1

// particle -1
sphere {
	<26.085730, 35.332104, 38.501137> 0.250000
	pigment { color rgbt <1,0,0,0> }
	no_shadow
}
cylinder {
	<26.406179, 35.107418, 38.583775>,  <26.598450, 34.972607, 38.633358>, 0.100000
	pigment { color rgbt <1,0,0,0> }
	no_shadow
}
cylinder {
	<26.406179, 35.107418, 38.583775>,  <26.085730, 35.332104, 38.501137>, 0.100000
	pigment { color rgbt <1,0,0,0> }
	no_shadow
}

// particle -1
sphere {
	<26.406179, 35.107418, 38.583775> 0.100000
	pigment { color rgbt <1,0,0,0> }
	no_shadow
}
sphere {
	0, 1
	scale<0.080000,0.200000,0.300000>
	matrix <0.538883, 0.827173, 0.159341,
		-0.260389, -0.016324, 0.965366,
		0.801126, -0.561710, 0.206590,
		26.646517, 34.938904, 38.645752>
	pigment { color rgbt <0,1,1,0> }
	no_shadow
}
cylinder {
	<25.425911, 35.556484, 38.924442>,  <26.085730, 35.332104, 38.501137>, 0.130000
	pigment { color rgbt <1,0,0,0> }
	no_shadow
}

// nucleotide -1

// particle -1
sphere {
	<25.425911, 35.556484, 38.924442> 0.250000
	pigment { color rgbt <1,0,0,0> }
	no_shadow
}
cylinder {
	<25.265068, 35.782112, 38.635960>,  <25.168562, 35.917488, 38.462872>, 0.100000
	pigment { color rgbt <1,0,0,0> }
	no_shadow
}
cylinder {
	<25.265068, 35.782112, 38.635960>,  <25.425911, 35.556484, 38.924442>, 0.100000
	pigment { color rgbt <1,0,0,0> }
	no_shadow
}

// particle -1
sphere {
	<25.265068, 35.782112, 38.635960> 0.100000
	pigment { color rgbt <1,0,0,0> }
	no_shadow
}
sphere {
	0, 1
	scale<0.080000,0.200000,0.300000>
	matrix <0.345343, -0.636078, -0.690031,
		-0.847966, -0.526531, 0.060977,
		-0.402109, 0.564065, -0.721207,
		25.144436, 35.951332, 38.419598>
	pigment { color rgbt <0,1,1,0> }
	no_shadow
}
cylinder {
	<25.155609, 35.134861, 38.417225>,  <25.425911, 35.556484, 38.924442>, 0.130000
	pigment { color rgbt <1,0,0,0> }
	no_shadow
}

// nucleotide -1

// particle -1
sphere {
	<25.155609, 35.134861, 38.417225> 0.250000
	pigment { color rgbt <1,0,0,0> }
	no_shadow
}
cylinder {
	<25.237452, 35.467480, 38.210663>,  <25.286556, 35.667049, 38.086727>, 0.100000
	pigment { color rgbt <1,0,0,0> }
	no_shadow
}
cylinder {
	<25.237452, 35.467480, 38.210663>,  <25.155609, 35.134861, 38.417225>, 0.100000
	pigment { color rgbt <1,0,0,0> }
	no_shadow
}

// particle -1
sphere {
	<25.237452, 35.467480, 38.210663> 0.100000
	pigment { color rgbt <1,0,0,0> }
	no_shadow
}
sphere {
	0, 1
	scale<0.080000,0.200000,0.300000>
	matrix <0.362699, -0.554415, -0.749048,
		-0.909167, -0.034038, -0.415037,
		0.204607, 0.831544, -0.516401,
		25.298834, 35.716942, 38.055744>
	pigment { color rgbt <0,1,1,0> }
	no_shadow
}
cylinder {
	<24.819546, 35.071098, 37.670441>,  <25.155609, 35.134861, 38.417225>, 0.130000
	pigment { color rgbt <1,0,0,0> }
	no_shadow
}

// nucleotide -1

// particle -1
sphere {
	<24.819546, 35.071098, 37.670441> 0.250000
	pigment { color rgbt <1,0,0,0> }
	no_shadow
}
cylinder {
	<25.113562, 35.342297, 37.673012>,  <25.289970, 35.505016, 37.674557>, 0.100000
	pigment { color rgbt <1,0,0,0> }
	no_shadow
}
cylinder {
	<25.113562, 35.342297, 37.673012>,  <24.819546, 35.071098, 37.670441>, 0.100000
	pigment { color rgbt <1,0,0,0> }
	no_shadow
}

// particle -1
sphere {
	<25.113562, 35.342297, 37.673012> 0.100000
	pigment { color rgbt <1,0,0,0> }
	no_shadow
}
sphere {
	0, 1
	scale<0.080000,0.200000,0.300000>
	matrix <0.405006, -0.431433, -0.806124,
		-0.543774, 0.595137, -0.591711,
		0.735038, 0.677996, 0.006432,
		25.334072, 35.545696, 37.674942>
	pigment { color rgbt <0,1,1,0> }
	no_shadow
}
cylinder {
	<25.045841, 35.307495, 36.976379>,  <24.819546, 35.071098, 37.670441>, 0.130000
	pigment { color rgbt <1,0,0,0> }
	no_shadow
}

// nucleotide -1

// particle -1
sphere {
	<25.045841, 35.307495, 36.976379> 0.250000
	pigment { color rgbt <1,0,0,0> }
	no_shadow
}
cylinder {
	<25.367702, 35.331200, 37.212692>,  <25.560820, 35.345425, 37.354481>, 0.100000
	pigment { color rgbt <1,0,0,0> }
	no_shadow
}
cylinder {
	<25.367702, 35.331200, 37.212692>,  <25.045841, 35.307495, 36.976379>, 0.100000
	pigment { color rgbt <1,0,0,0> }
	no_shadow
}

// particle -1
sphere {
	<25.367702, 35.331200, 37.212692> 0.100000
	pigment { color rgbt <1,0,0,0> }
	no_shadow
}
sphere {
	0, 1
	scale<0.080000,0.200000,0.300000>
	matrix <0.483817, -0.642213, -0.594544,
		0.344171, 0.764232, -0.545432,
		0.804653, 0.059264, 0.590780,
		25.609098, 35.348980, 37.389927>
	pigment { color rgbt <0,1,1,0> }
	no_shadow
}
cylinder {
	<25.732821, 35.375778, 36.614628>,  <25.045841, 35.307495, 36.976379>, 0.130000
	pigment { color rgbt <1,0,0,0> }
	no_shadow
}

// nucleotide -1

// particle -1
sphere {
	<25.732821, 35.375778, 36.614628> 0.250000
	pigment { color rgbt <1,0,0,0> }
	no_shadow
}
cylinder {
	<25.813580, 35.224731, 36.976101>,  <25.862036, 35.134102, 37.192986>, 0.100000
	pigment { color rgbt <1,0,0,0> }
	no_shadow
}
cylinder {
	<25.813580, 35.224731, 36.976101>,  <25.732821, 35.375778, 36.614628>, 0.100000
	pigment { color rgbt <1,0,0,0> }
	no_shadow
}

// particle -1
sphere {
	<25.813580, 35.224731, 36.976101> 0.100000
	pigment { color rgbt <1,0,0,0> }
	no_shadow
}
sphere {
	0, 1
	scale<0.080000,0.200000,0.300000>
	matrix <0.496244, -0.756037, -0.426790,
		0.844381, 0.534615, 0.034746,
		0.201899, -0.377616, 0.903683,
		25.874149, 35.111446, 37.247208>
	pigment { color rgbt <0,1,1,0> }
	no_shadow
}
cylinder {
	<26.401817, 35.379593, 36.673851>,  <25.732821, 35.375778, 36.614628>, 0.130000
	pigment { color rgbt <1,0,0,0> }
	no_shadow
}

// nucleotide -1

// particle -1
sphere {
	<26.401817, 35.379593, 36.673851> 0.250000
	pigment { color rgbt <1,0,0,0> }
	no_shadow
}
cylinder {
	<26.272602, 35.087231, 36.914326>,  <26.195074, 34.911816, 37.058613>, 0.100000
	pigment { color rgbt <1,0,0,0> }
	no_shadow
}
cylinder {
	<26.272602, 35.087231, 36.914326>,  <26.401817, 35.379593, 36.673851>, 0.100000
	pigment { color rgbt <1,0,0,0> }
	no_shadow
}

// particle -1
sphere {
	<26.272602, 35.087231, 36.914326> 0.100000
	pigment { color rgbt <1,0,0,0> }
	no_shadow
}
sphere {
	0, 1
	scale<0.080000,0.200000,0.300000>
	matrix <0.733901, -0.594548, -0.328485,
		0.597526, 0.335100, 0.728471,
		-0.323036, -0.730904, 0.601189,
		26.175692, 34.867958, 37.094681>
	pigment { color rgbt <0,1,1,0> }
	no_shadow
}
cylinder {
	<26.969671, 35.040161, 36.726833>,  <26.401817, 35.379593, 36.673851>, 0.130000
	pigment { color rgbt <1,0,0,0> }
	no_shadow
}

// nucleotide -1

// particle -1
sphere {
	<26.969671, 35.040161, 36.726833> 0.250000
	pigment { color rgbt <1,0,0,0> }
	no_shadow
}
cylinder {
	<26.741894, 34.761120, 36.900764>,  <26.605227, 34.593693, 37.005123>, 0.100000
	pigment { color rgbt <1,0,0,0> }
	no_shadow
}
cylinder {
	<26.741894, 34.761120, 36.900764>,  <26.969671, 35.040161, 36.726833>, 0.100000
	pigment { color rgbt <1,0,0,0> }
	no_shadow
}

// particle -1
sphere {
	<26.741894, 34.761120, 36.900764> 0.100000
	pigment { color rgbt <1,0,0,0> }
	no_shadow
}
sphere {
	0, 1
	scale<0.080000,0.200000,0.300000>
	matrix <0.696526, -0.690397, -0.195459,
		0.436559, 0.191568, 0.879044,
		-0.569445, -0.697606, 0.434831,
		26.571060, 34.551838, 37.031216>
	pigment { color rgbt <0,1,1,0> }
	no_shadow
}
cylinder {
	<27.433516, 34.683094, 37.198147>,  <26.969671, 35.040161, 36.726833>, 0.130000
	pigment { color rgbt <1,0,0,0> }
	no_shadow
}

// nucleotide -1

// particle -1
sphere {
	<27.433516, 34.683094, 37.198147> 0.250000
	pigment { color rgbt <1,0,0,0> }
	no_shadow
}
cylinder {
	<27.130072, 34.429550, 37.137833>,  <26.948006, 34.277424, 37.101643>, 0.100000
	pigment { color rgbt <1,0,0,0> }
	no_shadow
}
cylinder {
	<27.130072, 34.429550, 37.137833>,  <27.433516, 34.683094, 37.198147>, 0.100000
	pigment { color rgbt <1,0,0,0> }
	no_shadow
}

// particle -1
sphere {
	<27.130072, 34.429550, 37.137833> 0.100000
	pigment { color rgbt <1,0,0,0> }
	no_shadow
}
sphere {
	0, 1
	scale<0.080000,0.200000,0.300000>
	matrix <0.649321, -0.716384, -0.255296,
		0.053798, -0.291580, 0.955032,
		-0.758609, -0.633857, -0.150789,
		26.902489, 34.239391, 37.092594>
	pigment { color rgbt <0,1,1,0> }
	no_shadow
}
cylinder {
	<27.542341, 33.988785, 37.579212>,  <27.433516, 34.683094, 37.198147>, 0.130000
	pigment { color rgbt <1,0,0,0> }
	no_shadow
}

// nucleotide -1

// particle -1
sphere {
	<27.542341, 33.988785, 37.579212> 0.250000
	pigment { color rgbt <1,0,0,0> }
	no_shadow
}
cylinder {
	<27.339211, 33.907520, 37.244347>,  <27.217333, 33.858761, 37.043427>, 0.100000
	pigment { color rgbt <1,0,0,0> }
	no_shadow
}
cylinder {
	<27.339211, 33.907520, 37.244347>,  <27.542341, 33.988785, 37.579212>, 0.100000
	pigment { color rgbt <1,0,0,0> }
	no_shadow
}

// particle -1
sphere {
	<27.339211, 33.907520, 37.244347> 0.100000
	pigment { color rgbt <1,0,0,0> }
	no_shadow
}
sphere {
	0, 1
	scale<0.080000,0.200000,0.300000>
	matrix <0.595209, -0.785277, -0.170488,
		-0.622767, -0.584864, 0.519706,
		-0.507826, -0.203160, -0.837161,
		27.186863, 33.846573, 36.993198>
	pigment { color rgbt <0,1,1,0> }
	no_shadow
}
cylinder {
	<27.668499, 34.262058, 38.143242>,  <27.542341, 33.988785, 37.579212>, 0.130000
	pigment { color rgbt <1,0,0,0> }
	no_shadow
}

// nucleotide -1

// particle -1
sphere {
	<27.668499, 34.262058, 38.143242> 0.250000
	pigment { color rgbt <1,0,0,0> }
	no_shadow
}
cylinder {
	<27.406271, 34.248756, 38.445004>,  <27.248934, 34.240776, 38.626060>, 0.100000
	pigment { color rgbt <1,0,0,0> }
	no_shadow
}
cylinder {
	<27.406271, 34.248756, 38.445004>,  <27.668499, 34.262058, 38.143242>, 0.100000
	pigment { color rgbt <1,0,0,0> }
	no_shadow
}

// particle -1
sphere {
	<27.406271, 34.248756, 38.445004> 0.100000
	pigment { color rgbt <1,0,0,0> }
	no_shadow
}
sphere {
	0, 1
	scale<0.080000,0.200000,0.300000>
	matrix <0.755108, -0.020706, 0.655273,
		-0.006168, 0.999233, 0.038683,
		-0.655572, -0.033252, 0.754401,
		27.209599, 34.238781, 38.671322>
	pigment { color rgbt <0,1,1,0> }
	no_shadow
}
cylinder {
	<28.363096, 34.609272, 37.910419>,  <27.668499, 34.262058, 38.143242>, 0.130000
	pigment { color rgbt <1,0,0,0> }
	no_shadow
}

// nucleotide -1

// particle -1
sphere {
	<28.363096, 34.609272, 37.910419> 0.250000
	pigment { color rgbt <1,0,0,0> }
	no_shadow
}
cylinder {
	<28.456259, 34.421467, 38.251080>,  <28.512156, 34.308784, 38.455475>, 0.100000
	pigment { color rgbt <1,0,0,0> }
	no_shadow
}
cylinder {
	<28.456259, 34.421467, 38.251080>,  <28.363096, 34.609272, 37.910419>, 0.100000
	pigment { color rgbt <1,0,0,0> }
	no_shadow
}

// particle -1
sphere {
	<28.456259, 34.421467, 38.251080> 0.100000
	pigment { color rgbt <1,0,0,0> }
	no_shadow
}
sphere {
	0, 1
	scale<0.080000,0.200000,0.300000>
	matrix <0.697579, 0.690834, 0.190082,
		-0.677597, 0.549825, 0.488421,
		0.232906, -0.469512, 0.851654,
		28.526131, 34.280613, 38.506577>
	pigment { color rgbt <0,1,1,0> }
	no_shadow
}
cylinder {
	<28.298800, 34.985352, 38.575333>,  <28.363096, 34.609272, 37.910419>, 0.130000
	pigment { color rgbt <1,0,0,0> }
	no_shadow
}

// nucleotide -1

// particle -1
sphere {
	<28.298800, 34.985352, 38.575333> 0.250000
	pigment { color rgbt <1,0,0,0> }
	no_shadow
}
cylinder {
	<28.603731, 34.726662, 38.565521>,  <28.786690, 34.571449, 38.559635>, 0.100000
	pigment { color rgbt <1,0,0,0> }
	no_shadow
}
cylinder {
	<28.603731, 34.726662, 38.565521>,  <28.298800, 34.985352, 38.575333>, 0.100000
	pigment { color rgbt <1,0,0,0> }
	no_shadow
}

// particle -1
sphere {
	<28.603731, 34.726662, 38.565521> 0.100000
	pigment { color rgbt <1,0,0,0> }
	no_shadow
}
sphere {
	0, 1
	scale<0.080000,0.200000,0.300000>
	matrix <0.646539, 0.762714, -0.015962,
		0.029034, -0.003692, 0.999572,
		0.762328, -0.646725, -0.024532,
		28.832430, 34.532642, 38.558163>
	pigment { color rgbt <0,1,1,0> }
	no_shadow
}
cylinder {
	<28.657614, 35.115192, 39.194221>,  <28.298800, 34.985352, 38.575333>, 0.130000
	pigment { color rgbt <1,0,0,0> }
	no_shadow
}

// nucleotide -1

// particle -1
sphere {
	<28.657614, 35.115192, 39.194221> 0.250000
	pigment { color rgbt <1,0,0,0> }
	no_shadow
}
cylinder {
	<28.826538, 34.983082, 38.856564>,  <28.927893, 34.903816, 38.653969>, 0.100000
	pigment { color rgbt <1,0,0,0> }
	no_shadow
}
cylinder {
	<28.826538, 34.983082, 38.856564>,  <28.657614, 35.115192, 39.194221>, 0.100000
	pigment { color rgbt <1,0,0,0> }
	no_shadow
}

// particle -1
sphere {
	<28.826538, 34.983082, 38.856564> 0.100000
	pigment { color rgbt <1,0,0,0> }
	no_shadow
}
sphere {
	0, 1
	scale<0.080000,0.200000,0.300000>
	matrix <0.474650, 0.873952, -0.104479,
		0.772245, -0.356549, 0.525842,
		0.422309, -0.330274, -0.844141,
		28.953230, 34.883999, 38.603321>
	pigment { color rgbt <0,1,1,0> }
	no_shadow
}
cylinder {
	<29.352058, 35.284336, 39.298176>,  <28.657614, 35.115192, 39.194221>, 0.130000
	pigment { color rgbt <1,0,0,0> }
	no_shadow
}

// nucleotide -1

// particle -1
sphere {
	<29.352058, 35.284336, 39.298176> 0.250000
	pigment { color rgbt <1,0,0,0> }
	no_shadow
}
cylinder {
	<29.276926, 35.259480, 38.906082>,  <29.231846, 35.244564, 38.670826>, 0.100000
	pigment { color rgbt <1,0,0,0> }
	no_shadow
}
cylinder {
	<29.276926, 35.259480, 38.906082>,  <29.352058, 35.284336, 39.298176>, 0.100000
	pigment { color rgbt <1,0,0,0> }
	no_shadow
}

// particle -1
sphere {
	<29.276926, 35.259480, 38.906082> 0.100000
	pigment { color rgbt <1,0,0,0> }
	no_shadow
}
sphere {
	0, 1
	scale<0.080000,0.200000,0.300000>
	matrix <0.494675, 0.856198, -0.149066,
		0.848537, -0.512896, -0.130082,
		-0.187832, -0.062140, -0.980234,
		29.220577, 35.240837, 38.612011>
	pigment { color rgbt <0,1,1,0> }
	no_shadow
}
cylinder {
	<29.823977, 35.657387, 39.041466>,  <29.352058, 35.284336, 39.298176>, 0.130000
	pigment { color rgbt <1,0,0,0> }
	no_shadow
}

// nucleotide -1

// particle -1
sphere {
	<29.823977, 35.657387, 39.041466> 0.250000
	pigment { color rgbt <1,0,0,0> }
	no_shadow
}
cylinder {
	<29.583590, 35.651394, 38.721813>,  <29.439358, 35.647800, 38.530022>, 0.100000
	pigment { color rgbt <1,0,0,0> }
	no_shadow
}
cylinder {
	<29.583590, 35.651394, 38.721813>,  <29.823977, 35.657387, 39.041466>, 0.100000
	pigment { color rgbt <1,0,0,0> }
	no_shadow
}

// particle -1
sphere {
	<29.583590, 35.651394, 38.721813> 0.100000
	pigment { color rgbt <1,0,0,0> }
	no_shadow
}
sphere {
	0, 1
	scale<0.080000,0.200000,0.300000>
	matrix <0.347751, 0.895331, -0.278300,
		0.719659, -0.445149, -0.532854,
		-0.600965, -0.014981, -0.799135,
		29.403299, 35.646900, 38.482071>
	pigment { color rgbt <0,1,1,0> }
	no_shadow
}
cylinder {
	<30.182329, 35.745110, 38.354717>,  <29.823977, 35.657387, 39.041466>, 0.130000
	pigment { color rgbt <1,0,0,0> }
	no_shadow
}

// nucleotide -1

// particle -1
sphere {
	<30.182329, 35.745110, 38.354717> 0.250000
	pigment { color rgbt <1,0,0,0> }
	no_shadow
}
cylinder {
	<29.808416, 35.876339, 38.300240>,  <29.584068, 35.955074, 38.267551>, 0.100000
	pigment { color rgbt <1,0,0,0> }
	no_shadow
}
cylinder {
	<29.808416, 35.876339, 38.300240>,  <30.182329, 35.745110, 38.354717>, 0.100000
	pigment { color rgbt <1,0,0,0> }
	no_shadow
}

// particle -1
sphere {
	<29.808416, 35.876339, 38.300240> 0.100000
	pigment { color rgbt <1,0,0,0> }
	no_shadow
}
sphere {
	0, 1
	scale<0.080000,0.200000,0.300000>
	matrix <0.355184, 0.858072, -0.370886,
		-0.004813, -0.395072, -0.918638,
		-0.934784, 0.328071, -0.136194,
		29.527981, 35.974758, 38.259380>
	pigment { color rgbt <0,1,1,0> }
	no_shadow
}
cylinder {
	<30.143438, 36.154442, 37.763245>,  <30.182329, 35.745110, 38.354717>, 0.130000
	pigment { color rgbt <1,0,0,0> }
	no_shadow
}

// nucleotide -1

// particle -1
sphere {
	<30.143438, 36.154442, 37.763245> 0.250000
	pigment { color rgbt <1,0,0,0> }
	no_shadow
}
cylinder {
	<29.849949, 36.296448, 37.994976>,  <29.673855, 36.381649, 38.134014>, 0.100000
	pigment { color rgbt <1,0,0,0> }
	no_shadow
}
cylinder {
	<29.849949, 36.296448, 37.994976>,  <30.143438, 36.154442, 37.763245>, 0.100000
	pigment { color rgbt <1,0,0,0> }
	no_shadow
}

// particle -1
sphere {
	<29.849949, 36.296448, 37.994976> 0.100000
	pigment { color rgbt <1,0,0,0> }
	no_shadow
}
sphere {
	0, 1
	scale<0.080000,0.200000,0.300000>
	matrix <0.286745, 0.934782, -0.209668,
		-0.615978, 0.012281, -0.787668,
		-0.733722, 0.355011, 0.579327,
		29.629831, 36.402950, 38.168774>
	pigment { color rgbt <0,1,1,0> }
	no_shadow
}
cylinder {
	<29.686235, 36.463860, 37.278217>,  <30.143438, 36.154442, 37.763245>, 0.130000
	pigment { color rgbt <1,0,0,0> }
	no_shadow
}

// nucleotide -1

// particle -1
sphere {
	<29.686235, 36.463860, 37.278217> 0.250000
	pigment { color rgbt <1,0,0,0> }
	no_shadow
}
cylinder {
	<29.758020, 36.614803, 37.641621>,  <29.801092, 36.705368, 37.859665>, 0.100000
	pigment { color rgbt <1,0,0,0> }
	no_shadow
}
cylinder {
	<29.758020, 36.614803, 37.641621>,  <29.686235, 36.463860, 37.278217>, 0.100000
	pigment { color rgbt <1,0,0,0> }
	no_shadow
}

// particle -1
sphere {
	<29.758020, 36.614803, 37.641621> 0.100000
	pigment { color rgbt <1,0,0,0> }
	no_shadow
}
sphere {
	0, 1
	scale<0.080000,0.200000,0.300000>
	matrix <0.256204, 0.873708, -0.413513,
		-0.949817, 0.306975, 0.060118,
		0.179464, 0.377359, 0.908511,
		29.811859, 36.728012, 37.914173>
	pigment { color rgbt <0,1,1,0> }
	no_shadow
}
cylinder {
	<29.552965, 37.064255, 37.089268>,  <29.686235, 36.463860, 37.278217>, 0.130000
	pigment { color rgbt <1,0,0,0> }
	no_shadow
}

// nucleotide -1

// particle -1
sphere {
	<29.552965, 37.064255, 37.089268> 0.250000
	pigment { color rgbt <1,0,0,0> }
	no_shadow
}
cylinder {
	<29.753756, 37.151344, 37.424080>,  <29.874229, 37.203598, 37.624966>, 0.100000
	pigment { color rgbt <1,0,0,0> }
	no_shadow
}
cylinder {
	<29.753756, 37.151344, 37.424080>,  <29.552965, 37.064255, 37.089268>, 0.100000
	pigment { color rgbt <1,0,0,0> }
	no_shadow
}

// particle -1
sphere {
	<29.753756, 37.151344, 37.424080> 0.100000
	pigment { color rgbt <1,0,0,0> }
	no_shadow
}
sphere {
	0, 1
	scale<0.080000,0.200000,0.300000>
	matrix <0.392091, 0.805338, -0.444629,
		-0.770897, 0.551385, 0.318893,
		0.501978, 0.217728, 0.837026,
		29.904348, 37.216663, 37.675186>
	pigment { color rgbt <0,1,1,0> }
	no_shadow
}
cylinder {
	<29.534983, 37.732018, 36.984074>,  <29.552965, 37.064255, 37.089268>, 0.130000
	pigment { color rgbt <1,0,0,0> }
	no_shadow
}

// nucleotide -1

// particle -1
sphere {
	<29.534983, 37.732018, 36.984074> 0.250000
	pigment { color rgbt <1,0,0,0> }
	no_shadow
}
cylinder {
	<29.823626, 37.661839, 37.251953>,  <29.996811, 37.619732, 37.412682>, 0.100000
	pigment { color rgbt <1,0,0,0> }
	no_shadow
}
cylinder {
	<29.823626, 37.661839, 37.251953>,  <29.534983, 37.732018, 36.984074>, 0.100000
	pigment { color rgbt <1,0,0,0> }
	no_shadow
}

// particle -1
sphere {
	<29.823626, 37.661839, 37.251953> 0.100000
	pigment { color rgbt <1,0,0,0> }
	no_shadow
}
sphere {
	0, 1
	scale<0.080000,0.200000,0.300000>
	matrix <0.555411, 0.724196, -0.408729,
		-0.413283, 0.666901, 0.620032,
		0.721606, -0.175451, 0.669702,
		30.040108, 37.609203, 37.452866>
	pigment { color rgbt <0,1,1,0> }
	no_shadow
}
cylinder {
	<29.777960, 38.377785, 37.262146>,  <29.534983, 37.732018, 36.984074>, 0.130000
	pigment { color rgbt <1,0,0,0> }
	no_shadow
}

// nucleotide -1

// particle -1
sphere {
	<29.777960, 38.377785, 37.262146> 0.250000
	pigment { color rgbt <1,0,0,0> }
	no_shadow
}
cylinder {
	<30.087242, 38.134399, 37.333614>,  <30.272812, 37.988369, 37.376495>, 0.100000
	pigment { color rgbt <1,0,0,0> }
	no_shadow
}
cylinder {
	<30.087242, 38.134399, 37.333614>,  <29.777960, 38.377785, 37.262146>, 0.100000
	pigment { color rgbt <1,0,0,0> }
	no_shadow
}

// particle -1
sphere {
	<30.087242, 38.134399, 37.333614> 0.100000
	pigment { color rgbt <1,0,0,0> }
	no_shadow
}
sphere {
	0, 1
	scale<0.080000,0.200000,0.300000>
	matrix <0.627060, 0.691557, -0.358531,
		0.094596, 0.389254, 0.916260,
		0.773206, -0.608466, 0.178667,
		30.319204, 37.951859, 37.387215>
	pigment { color rgbt <0,1,1,0> }
	no_shadow
}
cylinder {
	<30.269680, 38.862057, 37.401905>,  <29.777960, 38.377785, 37.262146>, 0.130000
	pigment { color rgbt <1,0,0,0> }
	no_shadow
}

// nucleotide -1

// particle -1
sphere {
	<30.269680, 38.862057, 37.401905> 0.250000
	pigment { color rgbt <1,0,0,0> }
	no_shadow
}
cylinder {
	<30.490547, 38.533749, 37.343323>,  <30.623068, 38.336765, 37.308174>, 0.100000
	pigment { color rgbt <1,0,0,0> }
	no_shadow
}
cylinder {
	<30.490547, 38.533749, 37.343323>,  <30.269680, 38.862057, 37.401905>, 0.100000
	pigment { color rgbt <1,0,0,0> }
	no_shadow
}

// particle -1
sphere {
	<30.490547, 38.533749, 37.343323> 0.100000
	pigment { color rgbt <1,0,0,0> }
	no_shadow
}
sphere {
	0, 1
	scale<0.080000,0.200000,0.300000>
	matrix <0.688669, 0.548020, -0.474773,
		0.469939, 0.161294, 0.867837,
		0.552170, -0.820767, -0.146458,
		30.656199, 38.287518, 37.299385>
	pigment { color rgbt <0,1,1,0> }
	no_shadow
}
cylinder {
	<30.982346, 38.970753, 37.641960>,  <30.269680, 38.862057, 37.401905>, 0.130000
	pigment { color rgbt <1,0,0,0> }
	no_shadow
}

// nucleotide -1

// particle -1
sphere {
	<30.982346, 38.970753, 37.641960> 0.250000
	pigment { color rgbt <1,0,0,0> }
	no_shadow
}
cylinder {
	<30.998053, 38.679066, 37.368698>,  <31.007477, 38.504055, 37.204742>, 0.100000
	pigment { color rgbt <1,0,0,0> }
	no_shadow
}
cylinder {
	<30.998053, 38.679066, 37.368698>,  <30.982346, 38.970753, 37.641960>, 0.100000
	pigment { color rgbt <1,0,0,0> }
	no_shadow
}

// particle -1
sphere {
	<30.998053, 38.679066, 37.368698> 0.100000
	pigment { color rgbt <1,0,0,0> }
	no_shadow
}
sphere {
	0, 1
	scale<0.080000,0.200000,0.300000>
	matrix <0.526177, 0.596306, -0.606265,
		0.849468, -0.335652, 0.407114,
		0.039270, -0.729217, -0.683155,
		31.009834, 38.460300, 37.163754>
	pigment { color rgbt <0,1,1,0> }
	no_shadow
}
cylinder {
	<31.677359, 38.882252, 37.544147>,  <30.982346, 38.970753, 37.641960>, 0.130000
	pigment { color rgbt <1,0,0,0> }
	no_shadow
}

// nucleotide -1

// particle -1
sphere {
	<31.677359, 38.882252, 37.544147> 0.250000
	pigment { color rgbt <1,0,0,0> }
	no_shadow
}
cylinder {
	<31.413260, 38.812988, 37.251823>,  <31.254801, 38.771431, 37.076427>, 0.100000
	pigment { color rgbt <1,0,0,0> }
	no_shadow
}
cylinder {
	<31.413260, 38.812988, 37.251823>,  <31.677359, 38.882252, 37.544147>, 0.100000
	pigment { color rgbt <1,0,0,0> }
	no_shadow
}

// particle -1
sphere {
	<31.413260, 38.812988, 37.251823> 0.100000
	pigment { color rgbt <1,0,0,0> }
	no_shadow
}
sphere {
	0, 1
	scale<0.080000,0.200000,0.300000>
	matrix <0.536020, 0.572941, -0.620017,
		0.526075, -0.801096, -0.285466,
		-0.660248, -0.173160, -0.730813,
		31.215185, 38.761040, 37.032581>
	pigment { color rgbt <0,1,1,0> }
	no_shadow
}
cylinder {
	<31.962208, 38.837440, 36.840652>,  <31.677359, 38.882252, 37.544147>, 0.130000
	pigment { color rgbt <1,0,0,0> }
	no_shadow
}

// nucleotide -1

// particle -1
sphere {
	<31.962208, 38.837440, 36.840652> 0.250000
	pigment { color rgbt <1,0,0,0> }
	no_shadow
}
cylinder {
	<32.053253, 38.448692, 36.864853>,  <32.107880, 38.215443, 36.879372>, 0.100000
	pigment { color rgbt <1,0,0,0> }
	no_shadow
}
cylinder {
	<32.053253, 38.448692, 36.864853>,  <31.962208, 38.837440, 36.840652>, 0.100000
	pigment { color rgbt <1,0,0,0> }
	no_shadow
}

// particle -1
sphere {
	<32.053253, 38.448692, 36.864853> 0.100000
	pigment { color rgbt <1,0,0,0> }
	no_shadow
}
sphere {
	0, 1
	scale<0.080000,0.200000,0.300000>
	matrix <-0.973702, -0.226537, 0.024212,
		-0.009826, -0.064417, -0.997875,
		0.227615, -0.971870, 0.060496,
		32.121536, 38.157131, 36.883003>
	pigment { color rgbt <0,1,1,0> }
	no_shadow
}
cylinder {
	<31.455700, 38.424160, 36.439423>,  <31.962208, 38.837440, 36.840652>, 0.130000
	pigment { color rgbt <1,0,0,0> }
	no_shadow
}

// nucleotide -1

// particle -1
sphere {
	<31.455700, 38.424160, 36.439423> 0.250000
	pigment { color rgbt <1,0,0,0> }
	no_shadow
}
cylinder {
	<31.591871, 38.234291, 36.764088>,  <31.673574, 38.120369, 36.958885>, 0.100000
	pigment { color rgbt <1,0,0,0> }
	no_shadow
}
cylinder {
	<31.591871, 38.234291, 36.764088>,  <31.455700, 38.424160, 36.439423>, 0.100000
	pigment { color rgbt <1,0,0,0> }
	no_shadow
}

// particle -1
sphere {
	<31.591871, 38.234291, 36.764088> 0.100000
	pigment { color rgbt <1,0,0,0> }
	no_shadow
}
sphere {
	0, 1
	scale<0.080000,0.200000,0.300000>
	matrix <-0.938314, -0.227154, 0.260707,
		0.060620, -0.850343, -0.522725,
		0.340429, -0.474676, 0.811659,
		31.694000, 38.091888, 37.007584>
	pigment { color rgbt <0,1,1,0> }
	no_shadow
}
cylinder {
	<31.167923, 37.683117, 36.512333>,  <31.455700, 38.424160, 36.439423>, 0.130000
	pigment { color rgbt <1,0,0,0> }
	no_shadow
}

// nucleotide -1

// particle -1
sphere {
	<31.167923, 37.683117, 36.512333> 0.250000
	pigment { color rgbt <1,0,0,0> }
	no_shadow
}
cylinder {
	<31.244329, 37.856304, 36.864708>,  <31.290174, 37.960217, 37.076134>, 0.100000
	pigment { color rgbt <1,0,0,0> }
	no_shadow
}
cylinder {
	<31.244329, 37.856304, 36.864708>,  <31.167923, 37.683117, 36.512333>, 0.100000
	pigment { color rgbt <1,0,0,0> }
	no_shadow
}

// particle -1
sphere {
	<31.244329, 37.856304, 36.864708> 0.100000
	pigment { color rgbt <1,0,0,0> }
	no_shadow
}
sphere {
	0, 1
	scale<0.080000,0.200000,0.300000>
	matrix <-0.867200, -0.346018, 0.358102,
		0.459867, -0.832352, 0.309376,
		0.191017, 0.432970, 0.880937,
		31.301634, 37.986195, 37.128990>
	pigment { color rgbt <0,1,1,0> }
	no_shadow
}
cylinder {
	<31.266315, 37.172581, 37.077934>,  <31.167923, 37.683117, 36.512333>, 0.130000
	pigment { color rgbt <1,0,0,0> }
	no_shadow
}

// nucleotide -1

// particle -1
sphere {
	<31.266315, 37.172581, 37.077934> 0.250000
	pigment { color rgbt <1,0,0,0> }
	no_shadow
}
cylinder {
	<31.090281, 37.522774, 37.157780>,  <30.984659, 37.732891, 37.205685>, 0.100000
	pigment { color rgbt <1,0,0,0> }
	no_shadow
}
cylinder {
	<31.090281, 37.522774, 37.157780>,  <31.266315, 37.172581, 37.077934>, 0.100000
	pigment { color rgbt <1,0,0,0> }
	no_shadow
}

// particle -1
sphere {
	<31.090281, 37.522774, 37.157780> 0.100000
	pigment { color rgbt <1,0,0,0> }
	no_shadow
}
sphere {
	0, 1
	scale<0.080000,0.200000,0.300000>
	matrix <-0.802808, -0.483198, 0.349313,
		0.402271, -0.006520, 0.915498,
		-0.440089, 0.875487, 0.199611,
		30.958254, 37.785419, 37.217663>
	pigment { color rgbt <0,1,1,0> }
	no_shadow
}
cylinder {
	<31.298288, 37.279655, 37.761299>,  <31.266315, 37.172581, 37.077934>, 0.130000
	pigment { color rgbt <1,0,0,0> }
	no_shadow
}

// nucleotide -1

// particle -1
sphere {
	<31.298288, 37.279655, 37.761299> 0.250000
	pigment { color rgbt <1,0,0,0> }
	no_shadow
}
cylinder {
	<30.985229, 37.498428, 37.642414>,  <30.797394, 37.629692, 37.571083>, 0.100000
	pigment { color rgbt <1,0,0,0> }
	no_shadow
}
cylinder {
	<30.985229, 37.498428, 37.642414>,  <31.298288, 37.279655, 37.761299>, 0.100000
	pigment { color rgbt <1,0,0,0> }
	no_shadow
}

// particle -1
sphere {
	<30.985229, 37.498428, 37.642414> 0.100000
	pigment { color rgbt <1,0,0,0> }
	no_shadow
}
sphere {
	0, 1
	scale<0.080000,0.200000,0.300000>
	matrix <-0.609786, -0.577764, 0.542539,
		0.125010, 0.605853, 0.785694,
		-0.782645, 0.546929, -0.297214,
		30.750437, 37.662506, 37.553249>
	pigment { color rgbt <0,1,1,0> }
	no_shadow
}
cylinder {
	<31.014519, 37.557434, 38.402649>,  <31.298288, 37.279655, 37.761299>, 0.130000
	pigment { color rgbt <1,0,0,0> }
	no_shadow
}

// nucleotide -1

// particle -1
sphere {
	<31.014519, 37.557434, 38.402649> 0.250000
	pigment { color rgbt <1,0,0,0> }
	no_shadow
}
cylinder {
	<30.723740, 37.547176, 38.128166>,  <30.549273, 37.541019, 37.963474>, 0.100000
	pigment { color rgbt <1,0,0,0> }
	no_shadow
}
cylinder {
	<30.723740, 37.547176, 38.128166>,  <31.014519, 37.557434, 38.402649>, 0.100000
	pigment { color rgbt <1,0,0,0> }
	no_shadow
}

// particle -1
sphere {
	<30.723740, 37.547176, 38.128166> 0.100000
	pigment { color rgbt <1,0,0,0> }
	no_shadow
}
sphere {
	0, 1
	scale<0.080000,0.200000,0.300000>
	matrix <-0.569896, -0.534965, 0.623724,
		-0.383096, 0.844485, 0.374276,
		-0.726950, -0.025648, -0.686211,
		30.505655, 37.539482, 37.922302>
	pigment { color rgbt <0,1,1,0> }
	no_shadow
}
cylinder {
	<30.361841, 37.837700, 38.678341>,  <31.014519, 37.557434, 38.402649>, 0.130000
	pigment { color rgbt <1,0,0,0> }
	no_shadow
}

// nucleotide -1

// particle -1
sphere {
	<30.361841, 37.837700, 38.678341> 0.250000
	pigment { color rgbt <1,0,0,0> }
	no_shadow
}
cylinder {
	<30.227207, 37.599457, 38.386600>,  <30.146427, 37.456509, 38.211555>, 0.100000
	pigment { color rgbt <1,0,0,0> }
	no_shadow
}
cylinder {
	<30.227207, 37.599457, 38.386600>,  <30.361841, 37.837700, 38.678341>, 0.100000
	pigment { color rgbt <1,0,0,0> }
	no_shadow
}

// particle -1
sphere {
	<30.227207, 37.599457, 38.386600> 0.100000
	pigment { color rgbt <1,0,0,0> }
	no_shadow
}
sphere {
	0, 1
	scale<0.080000,0.200000,0.300000>
	matrix <-0.641848, -0.421629, 0.640515,
