// switches for output
#declare DRAW_BASES = 1; // possible values are 0, 1; only relevant for DNA ribbons
#declare DRAW_BASES_TYPE = 3; // possible values are 1, 2, 3; only relevant for DNA ribbons
#declare DRAW_FOG = 0; // set to 1 to enable fog

#include "colors.inc"

#include "transforms.inc"
background { rgb <1, 1, 1>}

#default {
   normal{
       ripples 0.25
       frequency 0.20
       turbulence 0.2
       lambda 5
   }
	finish {
		phong 0.1
		phong_size 40.
	}
}

// original window dimensions: 1024x640


// camera settings

camera {
	sky <0, 0.179814, -0.983701>
	up <0, 0.179814, -0.983701>
	right 1.6 * <1, 0, 0>
	location <35, 94.9851, 44.8844>
	look_at <35, 29.7336, 32.9568>
	direction <0, -65.2515, -11.9276>
	angle 67.0682
}


# declare cpy_camera_pos = <35, 94.9851, 44.8844>;
# if (DRAW_FOG = 1)
fog {
	fog_type 2
	up vnormalize(cpy_camera_pos)
	color rgbt<1,1,1,0.3>
	distance 1e-5
	fog_alt 3e-3
	fog_offset 56
}
# end


// LIGHTS

# declare lum = 6;
global_settings {
	ambient_light rgb lum * <0.05, 0.05, 0.05>
	max_trace_level 15
}# declare cpy_direct_light_amount = 0.25;
light_source
{	1000 * <-1, -1.16352, -0.803886>,
	rgb lum * cpy_direct_light_amount
	parallel
}

light_source
{	1000 * <1, 1.16352, 0.803886>,
	rgb lum * cpy_direct_light_amount
	parallel
}

// strand 0

// nucleotide -1

// particle -1
sphere {
	<24.363640, 35.334324, 34.320030> 0.250000
	pigment { color rgbt <1,0,0,0> }
	no_shadow
}
cylinder {
	<24.210749, 35.429722, 34.677135>,  <24.119015, 35.486961, 34.891399>, 0.100000
	pigment { color rgbt <1,0,0,0> }
	no_shadow
}
cylinder {
	<24.210749, 35.429722, 34.677135>,  <24.363640, 35.334324, 34.320030>, 0.100000
	pigment { color rgbt <1,0,0,0> }
	no_shadow
}

// particle -1
sphere {
	<24.210749, 35.429722, 34.677135> 0.100000
	pigment { color rgbt <1,0,0,0> }
	no_shadow
}
sphere {
	0, 1
	scale<0.080000,0.200000,0.300000>
	matrix <0.911725, 0.254708, 0.322305,
		-0.150527, 0.937148, -0.314795,
		-0.382229, 0.238490, 0.892762,
		24.096081, 35.501270, 34.944965>
	pigment { color rgbt <0,1,1,0> }
	no_shadow
}
cylinder {
	<24.335896, 36.144924, 34.503082>,  <24.363640, 35.334324, 34.320030>, 0.130000
	pigment { color rgbt <1,0,0,0> }
	no_shadow
}

// nucleotide -1

// particle -1
sphere {
	<24.335896, 36.144924, 34.503082> 0.250000
	pigment { color rgbt <1,0,0,0> }
	no_shadow
}
cylinder {
	<24.406309, 35.866676, 34.781685>,  <24.448557, 35.699726, 34.948849>, 0.100000
	pigment { color rgbt <1,0,0,0> }
	no_shadow
}
cylinder {
	<24.406309, 35.866676, 34.781685>,  <24.335896, 36.144924, 34.503082>, 0.100000
	pigment { color rgbt <1,0,0,0> }
	no_shadow
}

// particle -1
sphere {
	<24.406309, 35.866676, 34.781685> 0.100000
	pigment { color rgbt <1,0,0,0> }
	no_shadow
}
sphere {
	0, 1
	scale<0.080000,0.200000,0.300000>
	matrix <0.940834, 0.327020, 0.088822,
		-0.289559, 0.639665, 0.712028,
		0.176032, -0.695619, 0.696511,
		24.459118, 35.657990, 34.990639>
	pigment { color rgbt <0,1,1,0> }
	no_shadow
}
cylinder {
	<24.436926, 36.331894, 35.234055>,  <24.335896, 36.144924, 34.503082>, 0.130000
	pigment { color rgbt <1,0,0,0> }
	no_shadow
}

// nucleotide -1

// particle -1
sphere {
	<24.436926, 36.331894, 35.234055> 0.250000
	pigment { color rgbt <1,0,0,0> }
	no_shadow
}
cylinder {
	<24.633286, 36.005531, 35.111870>,  <24.751102, 35.809711, 35.038559>, 0.100000
	pigment { color rgbt <1,0,0,0> }
	no_shadow
}
cylinder {
	<24.633286, 36.005531, 35.111870>,  <24.436926, 36.331894, 35.234055>, 0.100000
	pigment { color rgbt <1,0,0,0> }
	no_shadow
}

// particle -1
sphere {
	<24.633286, 36.005531, 35.111870> 0.100000
	pigment { color rgbt <1,0,0,0> }
	no_shadow
}
sphere {
	0, 1
	scale<0.080000,0.200000,0.300000>
	matrix <0.814407, 0.554296, -0.171749,
		0.309448, -0.164458, 0.936587,
		0.490901, -0.815911, -0.305462,
		24.780556, 35.760757, 35.020233>
	pigment { color rgbt <0,1,1,0> }
	no_shadow
}
cylinder {
	<25.123768, 36.487846, 35.464405>,  <24.436926, 36.331894, 35.234055>, 0.130000
	pigment { color rgbt <1,0,0,0> }
	no_shadow
}

// nucleotide -1

// particle -1
sphere {
	<25.123768, 36.487846, 35.464405> 0.250000
	pigment { color rgbt <1,0,0,0> }
	no_shadow
}
cylinder {
	<25.127235, 36.227203, 35.161003>,  <25.129316, 36.070816, 34.978962>, 0.100000
	pigment { color rgbt <1,0,0,0> }
	no_shadow
}
cylinder {
	<25.127235, 36.227203, 35.161003>,  <25.123768, 36.487846, 35.464405>, 0.100000
	pigment { color rgbt <1,0,0,0> }
	no_shadow
}

// particle -1
sphere {
	<25.127235, 36.227203, 35.161003> 0.100000
	pigment { color rgbt <1,0,0,0> }
	no_shadow
}
sphere {
	0, 1
	scale<0.080000,0.200000,0.300000>
	matrix <0.905317, 0.327237, -0.270771,
		0.424648, -0.684340, 0.592750,
		0.008670, -0.651610, -0.758505,
		25.129837, 36.031719, 34.933453>
	pigment { color rgbt <0,1,1,0> }
	no_shadow
}
cylinder {
	<25.789709, 36.124153, 35.568176>,  <25.123768, 36.487846, 35.464405>, 0.130000
	pigment { color rgbt <1,0,0,0> }
	no_shadow
}

// nucleotide -1

// particle -1
sphere {
	<25.789709, 36.124153, 35.568176> 0.250000
	pigment { color rgbt <1,0,0,0> }
	no_shadow
}
cylinder {
	<25.667084, 36.155888, 35.188763>,  <25.593508, 36.174927, 34.961113>, 0.100000
	pigment { color rgbt <1,0,0,0> }
	no_shadow
}
cylinder {
	<25.667084, 36.155888, 35.188763>,  <25.789709, 36.124153, 35.568176>, 0.100000
	pigment { color rgbt <1,0,0,0> }
	no_shadow
}

// particle -1
sphere {
	<25.667084, 36.155888, 35.188763> 0.100000
	pigment { color rgbt <1,0,0,0> }
	no_shadow
}
sphere {
	0, 1
	scale<0.080000,0.200000,0.300000>
	matrix <0.799215, 0.562703, -0.211238,
		0.516986, -0.822844, -0.235910,
		-0.306563, 0.079336, -0.948538,
		25.575115, 36.179688, 34.904202>
	pigment { color rgbt <0,1,1,0> }
	no_shadow
}
cylinder {
	<26.425528, 36.185238, 35.192722>,  <25.789709, 36.124153, 35.568176>, 0.130000
	pigment { color rgbt <1,0,0,0> }
	no_shadow
}

// nucleotide -1

// particle -1
sphere {
	<26.425528, 36.185238, 35.192722> 0.250000
	pigment { color rgbt <1,0,0,0> }
	no_shadow
}
cylinder {
	<26.122234, 36.325508, 34.972862>,  <25.940258, 36.409672, 34.840946>, 0.100000
	pigment { color rgbt <1,0,0,0> }
	no_shadow
}
cylinder {
	<26.122234, 36.325508, 34.972862>,  <26.425528, 36.185238, 35.192722>, 0.100000
	pigment { color rgbt <1,0,0,0> }
	no_shadow
}

// particle -1
sphere {
	<26.122234, 36.325508, 34.972862> 0.100000
	pigment { color rgbt <1,0,0,0> }
	no_shadow
}
sphere {
	0, 1
	scale<0.080000,0.200000,0.300000>
	matrix <0.566164, 0.772216, -0.288342,
		0.323332, -0.529821, -0.784057,
		-0.758231, 0.350674, -0.549648,
		25.894766, 36.430710, 34.807968>
	pigment { color rgbt <0,1,1,0> }
	no_shadow
}
cylinder {
	<26.562597, 36.133553, 34.471088>,  <26.425528, 36.185238, 35.192722>, 0.130000
	pigment { color rgbt <1,0,0,0> }
	no_shadow
}

// nucleotide -1

// particle -1
sphere {
	<26.562597, 36.133553, 34.471088> 0.250000
	pigment { color rgbt <1,0,0,0> }
	no_shadow
}
cylinder {
	<26.288956, 36.423981, 34.498875>,  <26.124771, 36.598236, 34.515549>, 0.100000
	pigment { color rgbt <1,0,0,0> }
	no_shadow
}
cylinder {
	<26.288956, 36.423981, 34.498875>,  <26.562597, 36.133553, 34.471088>, 0.100000
	pigment { color rgbt <1,0,0,0> }
	no_shadow
}

// particle -1
sphere {
	<26.288956, 36.423981, 34.498875> 0.100000
	pigment { color rgbt <1,0,0,0> }
	no_shadow
}
sphere {
	0, 1
	scale<0.080000,0.200000,0.300000>
	matrix <0.602683, 0.616345, -0.506845,
		-0.410820, -0.304869, -0.859233,
		-0.684106, 0.726067, 0.069468,
		26.083723, 36.641800, 34.519714>
	pigment { color rgbt <0,1,1,0> }
	no_shadow
}
cylinder {
	<27.252798, 36.581612, 34.383324>,  <26.562597, 36.133553, 34.471088>, 0.130000
	pigment { color rgbt <1,0,0,0> }
	no_shadow
}

// nucleotide -1

// particle -1
sphere {
	<27.252798, 36.581612, 34.383324> 0.250000
	pigment { color rgbt <1,0,0,0> }
	no_shadow
}
cylinder {
	<27.584391, 36.600105, 34.160381>,  <27.783346, 36.611202, 34.026615>, 0.100000
	pigment { color rgbt <1,0,0,0> }
	no_shadow
}
cylinder {
	<27.584391, 36.600105, 34.160381>,  <27.252798, 36.581612, 34.383324>, 0.100000
	pigment { color rgbt <1,0,0,0> }
	no_shadow
}

// particle -1
sphere {
	<27.584391, 36.600105, 34.160381> 0.100000
	pigment { color rgbt <1,0,0,0> }
	no_shadow
}
sphere {
	0, 1
	scale<0.080000,0.200000,0.300000>
	matrix <0.054950, 0.985021, 0.163446,
		0.556569, -0.166121, 0.814024,
		0.828982, 0.046238, -0.557360,
		27.833086, 36.613976, 33.993172>
	pigment { color rgbt <0,1,1,0> }
	no_shadow
}
cylinder {
	<27.774414, 36.901302, 34.797821>,  <27.252798, 36.581612, 34.383324>, 0.130000
	pigment { color rgbt <1,0,0,0> }
	no_shadow
}

// nucleotide -1

// particle -1
sphere {
	<27.774414, 36.901302, 34.797821> 0.250000
	pigment { color rgbt <1,0,0,0> }
	no_shadow
}
cylinder {
	<27.826569, 36.958740, 34.405418>,  <27.857861, 36.993202, 34.169975>, 0.100000
	pigment { color rgbt <1,0,0,0> }
	no_shadow
}
cylinder {
	<27.826569, 36.958740, 34.405418>,  <27.774414, 36.901302, 34.797821>, 0.100000
	pigment { color rgbt <1,0,0,0> }
	no_shadow
}

// particle -1
sphere {
	<27.826569, 36.958740, 34.405418> 0.100000
	pigment { color rgbt <1,0,0,0> }
	no_shadow
}
sphere {
	0, 1
	scale<0.080000,0.200000,0.300000>
	matrix <-0.076079, 0.987988, 0.134504,
		0.988542, 0.057098, 0.139734,
		0.130375, 0.143593, -0.981012,
		27.865685, 37.001820, 34.111115>
	pigment { color rgbt <0,1,1,0> }
	no_shadow
}
cylinder {
	<28.236143, 37.378563, 34.773315>,  <27.774414, 36.901302, 34.797821>, 0.130000
	pigment { color rgbt <1,0,0,0> }
	no_shadow
}

// nucleotide -1

// particle -1
sphere {
	<28.236143, 37.378563, 34.773315> 0.250000
	pigment { color rgbt <1,0,0,0> }
	no_shadow
}
cylinder {
	<28.066980, 37.397701, 34.411350>,  <27.965483, 37.409184, 34.194172>, 0.100000
	pigment { color rgbt <1,0,0,0> }
	no_shadow
}
cylinder {
	<28.066980, 37.397701, 34.411350>,  <28.236143, 37.378563, 34.773315>, 0.100000
	pigment { color rgbt <1,0,0,0> }
	no_shadow
}

// particle -1
sphere {
	<28.066980, 37.397701, 34.411350> 0.100000
	pigment { color rgbt <1,0,0,0> }
	no_shadow
}
sphere {
	0, 1
	scale<0.080000,0.200000,0.300000>
	matrix <0.005130, 0.998715, 0.050408,
		0.906158, 0.016676, -0.422610,
		-0.422908, 0.047846, -0.904909,
		27.940107, 37.412056, 34.139877>
	pigment { color rgbt <0,1,1,0> }
	no_shadow
}
cylinder {
	<28.732431, 37.749336, 34.419586>,  <28.236143, 37.378563, 34.773315>, 0.130000
	pigment { color rgbt <1,0,0,0> }
	no_shadow
}

// nucleotide -1

// particle -1
sphere {
	<28.732431, 37.749336, 34.419586> 0.250000
	pigment { color rgbt <1,0,0,0> }
	no_shadow
}
cylinder {
	<28.374723, 37.794041, 34.246246>,  <28.160099, 37.820862, 34.142242>, 0.100000
	pigment { color rgbt <1,0,0,0> }
	no_shadow
}
cylinder {
	<28.374723, 37.794041, 34.246246>,  <28.732431, 37.749336, 34.419586>, 0.100000
	pigment { color rgbt <1,0,0,0> }
	no_shadow
}

// particle -1
sphere {
	<28.374723, 37.794041, 34.246246> 0.100000
	pigment { color rgbt <1,0,0,0> }
	no_shadow
}
sphere {
	0, 1
	scale<0.080000,0.200000,0.300000>
	matrix <0.173937, 0.978985, -0.106462,
		0.412347, -0.170582, -0.894914,
		-0.894268, 0.111760, -0.433352,
		28.106443, 37.827568, 34.116241>
	pigment { color rgbt <0,1,1,0> }
	no_shadow
}
cylinder {
	<28.757042, 38.415661, 34.059994>,  <28.732431, 37.749336, 34.419586>, 0.130000
	pigment { color rgbt <1,0,0,0> }
	no_shadow
}

// nucleotide -1

// particle -1
sphere {
	<28.757042, 38.415661, 34.059994> 0.250000
	pigment { color rgbt <1,0,0,0> }
	no_shadow
}
cylinder {
	<28.363535, 38.351753, 34.027306>,  <28.127432, 38.313408, 34.007694>, 0.100000
	pigment { color rgbt <1,0,0,0> }
	no_shadow
}
cylinder {
	<28.363535, 38.351753, 34.027306>,  <28.757042, 38.415661, 34.059994>, 0.100000
	pigment { color rgbt <1,0,0,0> }
	no_shadow
}

// particle -1
sphere {
	<28.363535, 38.351753, 34.027306> 0.100000
	pigment { color rgbt <1,0,0,0> }
	no_shadow
}
sphere {
	0, 1
	scale<0.080000,0.200000,0.300000>
	matrix <-0.136363, 0.961553, -0.238372,
		0.116663, -0.223358, -0.967730,
		-0.983766, -0.159772, -0.081720,
		28.068405, 38.303822, 34.002789>
	pigment { color rgbt <0,1,1,0> }
	no_shadow
}
cylinder {
	<28.506701, 38.700470, 34.606880>,  <28.757042, 38.415661, 34.059994>, 0.130000
	pigment { color rgbt <1,0,0,0> }
	no_shadow
}

// nucleotide -1

// particle -1
sphere {
	<28.506701, 38.700470, 34.606880> 0.250000
	pigment { color rgbt <1,0,0,0> }
	no_shadow
}
cylinder {
	<28.424103, 38.498936, 34.942383>,  <28.374544, 38.378017, 35.143684>, 0.100000
	pigment { color rgbt <1,0,0,0> }
	no_shadow
}
cylinder {
	<28.424103, 38.498936, 34.942383>,  <28.506701, 38.700470, 34.606880>, 0.100000
	pigment { color rgbt <1,0,0,0> }
	no_shadow
}

// particle -1
sphere {
	<28.424103, 38.498936, 34.942383> 0.100000
	pigment { color rgbt <1,0,0,0> }
	no_shadow
}
sphere {
	0, 1
	scale<0.080000,0.200000,0.300000>
	matrix <0.177070, 0.823835, 0.538463,
		-0.962293, 0.259707, -0.080903,
		-0.206493, -0.503833, 0.838757,
		28.362154, 38.347786, 35.194012>
	pigment { color rgbt <0,1,1,0> }
	no_shadow
}
cylinder {
	<28.128120, 39.103916, 34.185390>,  <28.506701, 38.700470, 34.606880>, 0.130000
	pigment { color rgbt <1,0,0,0> }
	no_shadow
}

// nucleotide -1

// particle -1
sphere {
	<28.128120, 39.103916, 34.185390> 0.250000
	pigment { color rgbt <1,0,0,0> }
	no_shadow
}
cylinder {
	<27.895884, 39.102623, 33.859715>,  <27.756542, 39.101849, 33.664310>, 0.100000
	pigment { color rgbt <1,0,0,0> }
	no_shadow
}
cylinder {
	<27.895884, 39.102623, 33.859715>,  <28.128120, 39.103916, 34.185390>, 0.100000
	pigment { color rgbt <1,0,0,0> }
	no_shadow
}

// particle -1
sphere {
	<27.895884, 39.102623, 33.859715> 0.100000
	pigment { color rgbt <1,0,0,0> }
	no_shadow
}
sphere {
	0, 1
	scale<0.080000,0.200000,0.300000>
	matrix <-0.179143, -0.974980, 0.131614,
		-0.794242, 0.222270, 0.565487,
		-0.580592, -0.003230, -0.814188,
		27.721706, 39.101654, 33.615459>
	pigment { color rgbt <0,1,1,0> }
	no_shadow
}
cylinder {
	<27.491085, 38.851841, 34.325226>,  <28.128120, 39.103916, 34.185390>, 0.130000
	pigment { color rgbt <1,0,0,0> }
	no_shadow
}

// nucleotide -1

// particle -1
sphere {
	<27.491085, 38.851841, 34.325226> 0.250000
	pigment { color rgbt <1,0,0,0> }
	no_shadow
}
cylinder {
	<27.627270, 38.760933, 33.960274>,  <27.708981, 38.706387, 33.741302>, 0.100000
	pigment { color rgbt <1,0,0,0> }
	no_shadow
}
cylinder {
	<27.627270, 38.760933, 33.960274>,  <27.491085, 38.851841, 34.325226>, 0.100000
	pigment { color rgbt <1,0,0,0> }
	no_shadow
}

// particle -1
sphere {
	<27.627270, 38.760933, 33.960274> 0.100000
	pigment { color rgbt <1,0,0,0> }
	no_shadow
}
sphere {
	0, 1
	scale<0.080000,0.200000,0.300000>
	matrix <-0.158578, -0.970327, 0.182534,
		-0.926789, 0.082537, -0.366400,
		0.340462, -0.227273, -0.912378,
		27.729408, 38.692753, 33.686562>
	pigment { color rgbt <0,1,1,0> }
	no_shadow
}
cylinder {
	<26.983311, 38.436821, 34.000462>,  <27.491085, 38.851841, 34.325226>, 0.130000
	pigment { color rgbt <1,0,0,0> }
	no_shadow
}

// nucleotide -1

// particle -1
sphere {
	<26.983311, 38.436821, 34.000462> 0.250000
	pigment { color rgbt <1,0,0,0> }
	no_shadow
}
cylinder {
	<27.351618, 38.342354, 33.876259>,  <27.572603, 38.285675, 33.801739>, 0.100000
	pigment { color rgbt <1,0,0,0> }
	no_shadow
}
cylinder {
	<27.351618, 38.342354, 33.876259>,  <26.983311, 38.436821, 34.000462>, 0.100000
	pigment { color rgbt <1,0,0,0> }
	no_shadow
}

// particle -1
sphere {
	<27.351618, 38.342354, 33.876259> 0.100000
	pigment { color rgbt <1,0,0,0> }
	no_shadow
}
sphere {
	0, 1
	scale<0.080000,0.200000,0.300000>
	matrix <-0.215643, -0.971403, 0.099366,
		-0.325090, -0.024536, -0.945365,
		0.920769, -0.236164, -0.310502,
		27.627848, 38.271503, 33.783108>
	pigment { color rgbt <0,1,1,0> }
	no_shadow
}
cylinder {
	<26.977556, 37.871876, 33.413044>,  <26.983311, 38.436821, 34.000462>, 0.130000
	pigment { color rgbt <1,0,0,0> }
	no_shadow
}

// nucleotide -1

// particle -1
sphere {
	<26.977556, 37.871876, 33.413044> 0.250000
	pigment { color rgbt <1,0,0,0> }
	no_shadow
}
cylinder {
	<27.331663, 37.846672, 33.597363>,  <27.544127, 37.831551, 33.707954>, 0.100000
	pigment { color rgbt <1,0,0,0> }
	no_shadow
}
cylinder {
	<27.331663, 37.846672, 33.597363>,  <26.977556, 37.871876, 33.413044>, 0.100000
	pigment { color rgbt <1,0,0,0> }
	no_shadow
}

// particle -1
sphere {
	<27.331663, 37.846672, 33.597363> 0.100000
	pigment { color rgbt <1,0,0,0> }
	no_shadow
}
sphere {
	0, 1
	scale<0.080000,0.200000,0.300000>
	matrix <-0.062440, -0.997912, -0.016501,
		0.460876, -0.014165, -0.887352,
		0.885265, -0.063011, 0.460798,
		27.597242, 37.827770, 33.735603>
	pigment { color rgbt <0,1,1,0> }
	no_shadow
}
cylinder {
	<27.485960, 37.484440, 32.896217>,  <26.977556, 37.871876, 33.413044>, 0.130000
	pigment { color rgbt <1,0,0,0> }
	no_shadow
}

// nucleotide -1

// particle -1
sphere {
	<27.485960, 37.484440, 32.896217> 0.250000
	pigment { color rgbt <1,0,0,0> }
	no_shadow
}
cylinder {
	<27.638140, 37.470036, 33.265858>,  <27.729448, 37.461391, 33.487640>, 0.100000
	pigment { color rgbt <1,0,0,0> }
	no_shadow
}
cylinder {
	<27.638140, 37.470036, 33.265858>,  <27.485960, 37.484440, 32.896217>, 0.100000
	pigment { color rgbt <1,0,0,0> }
	no_shadow
}

// particle -1
sphere {
	<27.638140, 37.470036, 33.265858> 0.100000
	pigment { color rgbt <1,0,0,0> }
	no_shadow
}
sphere {
	0, 1
	scale<0.080000,0.200000,0.300000>
	matrix <0.229227, -0.964387, -0.131955,
		0.895942, 0.262032, -0.358646,
		0.380450, -0.036013, 0.924100,
		27.752275, 37.459232, 33.543087>
	pigment { color rgbt <0,1,1,0> }
	no_shadow
}
cylinder {
	<28.191431, 37.214813, 32.831921>,  <27.485960, 37.484440, 32.896217>, 0.130000
	pigment { color rgbt <1,0,0,0> }
	no_shadow
}

// nucleotide -1

// particle -1
sphere {
	<28.191431, 37.214813, 32.831921> 0.250000
	pigment { color rgbt <1,0,0,0> }
	no_shadow
}
cylinder {
	<28.081049, 37.152401, 33.211288>,  <28.014820, 37.114956, 33.438911>, 0.100000
	pigment { color rgbt <1,0,0,0> }
	no_shadow
}
cylinder {
	<28.081049, 37.152401, 33.211288>,  <28.191431, 37.214813, 32.831921>, 0.100000
	pigment { color rgbt <1,0,0,0> }
	no_shadow
}

// particle -1
sphere {
	<28.081049, 37.152401, 33.211288> 0.100000
	pigment { color rgbt <1,0,0,0> }
	no_shadow
}
sphere {
	0, 1
	scale<0.080000,0.200000,0.300000>
	matrix <0.409183, -0.911927, -0.030965,
		0.869723, 0.379533, 0.315494,
		-0.275955, -0.156026, 0.948422,
		27.998262, 37.105595, 33.495815>
	pigment { color rgbt <0,1,1,0> }
	no_shadow
}
cylinder {
	<28.697222, 36.839195, 33.081249>,  <28.191431, 37.214813, 32.831921>, 0.130000
	pigment { color rgbt <1,0,0,0> }
	no_shadow
}

// nucleotide -1

// particle -1
sphere {
	<28.697222, 36.839195, 33.081249> 0.250000
	pigment { color rgbt <1,0,0,0> }
	no_shadow
}
cylinder {
	<28.436472, 36.748383, 33.370667>,  <28.280022, 36.693897, 33.544319>, 0.100000
	pigment { color rgbt <1,0,0,0> }
	no_shadow
}
cylinder {
	<28.436472, 36.748383, 33.370667>,  <28.697222, 36.839195, 33.081249>, 0.100000
	pigment { color rgbt <1,0,0,0> }
	no_shadow
}

// particle -1
sphere {
	<28.436472, 36.748383, 33.370667> 0.100000
	pigment { color rgbt <1,0,0,0> }
	no_shadow
}
sphere {
	0, 1
	scale<0.080000,0.200000,0.300000>
	matrix <0.497851, -0.847841, 0.182508,
		0.572018, 0.479190, 0.665712,
		-0.651874, -0.227028, 0.723546,
		28.240910, 36.680275, 33.587730>
	pigment { color rgbt <0,1,1,0> }
	no_shadow
}
cylinder {
	<29.081604, 36.554752, 33.624962>,  <28.697222, 36.839195, 33.081249>, 0.130000
	pigment { color rgbt <1,0,0,0> }
	no_shadow
}

// nucleotide -1

// particle -1
sphere {
	<29.081604, 36.554752, 33.624962> 0.250000
	pigment { color rgbt <1,0,0,0> }
	no_shadow
}
cylinder {
	<28.702024, 36.429379, 33.639137>,  <28.474276, 36.354156, 33.647644>, 0.100000
	pigment { color rgbt <1,0,0,0> }
	no_shadow
}
cylinder {
	<28.702024, 36.429379, 33.639137>,  <29.081604, 36.554752, 33.624962>, 0.100000
	pigment { color rgbt <1,0,0,0> }
	no_shadow
}

// particle -1
sphere {
	<28.702024, 36.429379, 33.639137> 0.100000
	pigment { color rgbt <1,0,0,0> }
	no_shadow
}
sphere {
	0, 1
	scale<0.080000,0.200000,0.300000>
	matrix <0.315228, -0.938351, 0.141877,
		-0.011214, 0.145806, 0.989250,
		-0.948950, -0.313430, 0.035439,
		28.417339, 36.335350, 33.649769>
	pigment { color rgbt <0,1,1,0> }
	no_shadow
}
cylinder {
	<28.815552, 36.124977, 34.290054>,  <29.081604, 36.554752, 33.624962>, 0.130000
	pigment { color rgbt <1,0,0,0> }
	no_shadow
}

// nucleotide -1

// particle -1
sphere {
	<28.815552, 36.124977, 34.290054> 0.250000
	pigment { color rgbt <1,0,0,0> }
	no_shadow
}
cylinder {
	<28.687271, 36.032825, 33.922562>,  <28.610302, 35.977535, 33.702065>, 0.100000
	pigment { color rgbt <1,0,0,0> }
	no_shadow
}
cylinder {
	<28.687271, 36.032825, 33.922562>,  <28.815552, 36.124977, 34.290054>, 0.100000
	pigment { color rgbt <1,0,0,0> }
	no_shadow
}

// particle -1
sphere {
	<28.687271, 36.032825, 33.922562> 0.100000
	pigment { color rgbt <1,0,0,0> }
	no_shadow
}
sphere {
	0, 1
	scale<0.080000,0.200000,0.300000>
	matrix <0.460654, -0.885465, 0.061235,
		-0.827615, -0.403581, 0.390097,
		-0.320704, -0.230378, -0.918735,
		28.591061, 35.963711, 33.646942>
	pigment { color rgbt <0,1,1,0> }
	no_shadow
}
cylinder {
	<29.580576, 36.322514, 34.244438>,  <28.815552, 36.124977, 34.290054>, 0.130000
	pigment { color rgbt <1,0,0,0> }
	no_shadow
}

// nucleotide -1

// particle -1
sphere {
	<29.580576, 36.322514, 34.244438> 0.250000
	pigment { color rgbt <1,0,0,0> }
	no_shadow
}
cylinder {
	<29.959957, 36.204239, 34.198811>,  <30.187586, 36.133274, 34.171432>, 0.100000
	pigment { color rgbt <1,0,0,0> }
	no_shadow
}
cylinder {
	<29.959957, 36.204239, 34.198811>,  <29.580576, 36.322514, 34.244438>, 0.100000
	pigment { color rgbt <1,0,0,0> }
	no_shadow
}

// particle -1
sphere {
	<29.959957, 36.204239, 34.198811> 0.100000
	pigment { color rgbt <1,0,0,0> }
	no_shadow
}
sphere {
	0, 1
	scale<0.080000,0.200000,0.300000>
	matrix <-0.087087, 0.102917, -0.990870,
		0.304723, 0.949726, 0.071862,
		0.948451, -0.295683, -0.114070,
		30.244492, 36.115536, 34.164589>
	pigment { color rgbt <0,1,1,0> }
	no_shadow
}
cylinder {
	<29.928297, 36.777458, 33.761742>,  <29.580576, 36.322514, 34.244438>, 0.130000
	pigment { color rgbt <1,0,0,0> }
	no_shadow
}

// nucleotide -1

// particle -1
sphere {
	<29.928297, 36.777458, 33.761742> 0.250000
	pigment { color rgbt <1,0,0,0> }
	no_shadow
}
cylinder {
	<30.157116, 36.449970, 33.741898>,  <30.294407, 36.253479, 33.729992>, 0.100000
	pigment { color rgbt <1,0,0,0> }
	no_shadow
}
cylinder {
	<30.157116, 36.449970, 33.741898>,  <29.928297, 36.777458, 33.761742>, 0.100000
	pigment { color rgbt <1,0,0,0> }
	no_shadow
}

// particle -1
sphere {
	<30.157116, 36.449970, 33.741898> 0.100000
	pigment { color rgbt <1,0,0,0> }
	no_shadow
}
sphere {
	0, 1
	scale<0.080000,0.200000,0.300000>
	matrix <-0.094924, -0.006000, -0.995466,
		0.814709, 0.574164, -0.081149,
		0.572047, -0.818719, -0.049614,
		30.328730, 36.204353, 33.727013>
	pigment { color rgbt <0,1,1,0> }
	no_shadow
}
cylinder {
	<30.464163, 36.757332, 33.221222>,  <29.928297, 36.777458, 33.761742>, 0.130000
	pigment { color rgbt <1,0,0,0> }
	no_shadow
}

// nucleotide -1

// particle -1
sphere {
	<30.464163, 36.757332, 33.221222> 0.250000
	pigment { color rgbt <1,0,0,0> }
	no_shadow
}
cylinder {
	<30.436396, 36.366188, 33.300182>,  <30.419735, 36.131500, 33.347561>, 0.100000
	pigment { color rgbt <1,0,0,0> }
	no_shadow
}
cylinder {
	<30.436396, 36.366188, 33.300182>,  <30.464163, 36.757332, 33.221222>, 0.100000
	pigment { color rgbt <1,0,0,0> }
	no_shadow
}

// particle -1
sphere {
	<30.436396, 36.366188, 33.300182> 0.100000
	pigment { color rgbt <1,0,0,0> }
	no_shadow
}
sphere {
	0, 1
	scale<0.080000,0.200000,0.300000>
	matrix <0.046566, -0.200841, -0.978517,
		0.996500, -0.058733, 0.059477,
		-0.069417, -0.977862, 0.197403,
		30.415571, 36.072830, 33.359402>
	pigment { color rgbt <0,1,1,0> }
	no_shadow
}
cylinder {
	<30.943922, 36.481056, 32.805004>,  <30.464163, 36.757332, 33.221222>, 0.130000
	pigment { color rgbt <1,0,0,0> }
	no_shadow
}

// nucleotide -1

// particle -1
sphere {
	<30.943922, 36.481056, 32.805004> 0.250000
	pigment { color rgbt <1,0,0,0> }
	no_shadow
}
cylinder {
	<30.707846, 36.171223, 32.895947>,  <30.566200, 35.985321, 32.950512>, 0.100000
	pigment { color rgbt <1,0,0,0> }
	no_shadow
}
cylinder {
	<30.707846, 36.171223, 32.895947>,  <30.943922, 36.481056, 32.805004>, 0.100000
	pigment { color rgbt <1,0,0,0> }
	no_shadow
}

// particle -1
sphere {
	<30.707846, 36.171223, 32.895947> 0.100000
	pigment { color rgbt <1,0,0,0> }
	no_shadow
}
sphere {
	0, 1
	scale<0.080000,0.200000,0.300000>
	matrix <-0.071876, -0.230094, -0.970510,
		0.804057, -0.589129, 0.080126,
		-0.590192, -0.774586, 0.227353,
		30.530788, 35.938847, 32.964153>
	pigment { color rgbt <0,1,1,0> }
	no_shadow
}
cylinder {
	<31.103756, 35.952862, 32.428562>,  <30.943922, 36.481056, 32.805004>, 0.130000
	pigment { color rgbt <1,0,0,0> }
	no_shadow
}

// nucleotide -1

// particle -1
sphere {
	<31.103756, 35.952862, 32.428562> 0.250000
	pigment { color rgbt <1,0,0,0> }
	no_shadow
}
cylinder {
	<30.714857, 35.898804, 32.504948>,  <30.481518, 35.866371, 32.550777>, 0.100000
	pigment { color rgbt <1,0,0,0> }
	no_shadow
}
cylinder {
	<30.714857, 35.898804, 32.504948>,  <31.103756, 35.952862, 32.428562>, 0.100000
	pigment { color rgbt <1,0,0,0> }
	no_shadow
}

// particle -1
sphere {
	<30.714857, 35.898804, 32.504948> 0.100000
	pigment { color rgbt <1,0,0,0> }
	no_shadow
}
sphere {
	0, 1
	scale<0.080000,0.200000,0.300000>
	matrix <-0.141079, -0.312465, -0.939395,
		0.186623, -0.940267, 0.284728,
		-0.972249, -0.135143, 0.190965,
		30.423182, 35.858261, 32.562237>
	pigment { color rgbt <0,1,1,0> }
	no_shadow
}
cylinder {
	<30.892075, 35.380501, 31.965702>,  <31.103756, 35.952862, 32.428562>, 0.130000
	pigment { color rgbt <1,0,0,0> }
	no_shadow
}

// nucleotide -1

// particle -1
sphere {
	<30.892075, 35.380501, 31.965702> 0.250000
	pigment { color rgbt <1,0,0,0> }
	no_shadow
}
cylinder {
	<30.575018, 35.602867, 32.065842>,  <30.384783, 35.736286, 32.125927>, 0.100000
	pigment { color rgbt <1,0,0,0> }
	no_shadow
}
cylinder {
	<30.575018, 35.602867, 32.065842>,  <30.892075, 35.380501, 31.965702>, 0.100000
	pigment { color rgbt <1,0,0,0> }
	no_shadow
}

// particle -1
sphere {
	<30.575018, 35.602867, 32.065842> 0.100000
	pigment { color rgbt <1,0,0,0> }
	no_shadow
}
sphere {
	0, 1
	scale<0.080000,0.200000,0.300000>
	matrix <-0.381027, -0.131123, -0.915219,
		-0.475957, -0.820832, 0.315752,
		-0.792643, 0.555914, 0.250350,
		30.337225, 35.769642, 32.140945>
	pigment { color rgbt <0,1,1,0> }
	no_shadow
}
cylinder {
	<30.308571, 35.015675, 31.828623>,  <30.892075, 35.380501, 31.965702>, 0.130000
	pigment { color rgbt <1,0,0,0> }
	no_shadow
}

// nucleotide -1

// particle -1
sphere {
	<30.308571, 35.015675, 31.828623> 0.250000
	pigment { color rgbt <1,0,0,0> }
	no_shadow
}
cylinder {
	<30.211170, 35.403355, 31.813864>,  <30.152729, 35.635963, 31.805008>, 0.100000
	pigment { color rgbt <1,0,0,0> }
	no_shadow
}
cylinder {
	<30.211170, 35.403355, 31.813864>,  <30.308571, 35.015675, 31.828623>, 0.100000
	pigment { color rgbt <1,0,0,0> }
	no_shadow
}

// particle -1
sphere {
	<30.211170, 35.403355, 31.813864> 0.100000
	pigment { color rgbt <1,0,0,0> }
	no_shadow
}
sphere {
	0, 1
	scale<0.080000,0.200000,0.300000>
	matrix <-0.287423, -0.108441, -0.951645,
		-0.926334, -0.221121, 0.304975,
		-0.243501, 0.969198, -0.036897,
		30.138121, 35.694115, 31.802795>
	pigment { color rgbt <0,1,1,0> }
	no_shadow
}
cylinder {
	<29.482895, 35.262726, 31.742119>,  <30.308571, 35.015675, 31.828623>, 0.130000
	pigment { color rgbt <1,0,0,0> }
	no_shadow
}

// nucleotide -1

// particle -1
sphere {
	<29.482895, 35.262726, 31.742119> 0.250000
	pigment { color rgbt <1,0,0,0> }
	no_shadow
}
cylinder {
	<29.749517, 35.504482, 31.567574>,  <29.909491, 35.649536, 31.462847>, 0.100000
	pigment { color rgbt <1,0,0,0> }
	no_shadow
}
cylinder {
	<29.749517, 35.504482, 31.567574>,  <29.482895, 35.262726, 31.742119>, 0.100000
	pigment { color rgbt <1,0,0,0> }
	no_shadow
}

// particle -1
sphere {
	<29.749517, 35.504482, 31.567574> 0.100000
	pigment { color rgbt <1,0,0,0> }
	no_shadow
}
sphere {
	0, 1
	scale<0.080000,0.200000,0.300000>
	matrix <-0.290720, -0.328255, -0.898738,
		-0.686430, 0.725918, -0.043091,
		0.666555, 0.604393, -0.436363,
		29.949484, 35.685799, 31.436665>
	pigment { color rgbt <0,1,1,0> }
	no_shadow
}
cylinder {
	<29.124931, 35.542416, 31.214495>,  <29.482895, 35.262726, 31.742119>, 0.130000
	pigment { color rgbt <1,0,0,0> }
	no_shadow
}

// nucleotide -1

// particle -1
sphere {
	<29.124931, 35.542416, 31.214495> 0.250000
	pigment { color rgbt <1,0,0,0> }
	no_shadow
}
cylinder {
	<29.512180, 35.581169, 31.122099>,  <29.744530, 35.604424, 31.066662>, 0.100000
	pigment { color rgbt <1,0,0,0> }
	no_shadow
}
cylinder {
	<29.512180, 35.581169, 31.122099>,  <29.124931, 35.542416, 31.214495>, 0.100000
	pigment { color rgbt <1,0,0,0> }
	no_shadow
}

// particle -1
sphere {
	<29.512180, 35.581169, 31.122099> 0.100000
	pigment { color rgbt <1,0,0,0> }
	no_shadow
}
sphere {
	0, 1
	scale<0.080000,0.200000,0.300000>
	matrix <-0.182539, -0.358604, -0.915469,
		-0.171531, 0.928448, -0.329486,
		0.968120, 0.096888, -0.230989,
		29.802616, 35.610237, 31.052803>
	pigment { color rgbt <0,1,1,0> }
	no_shadow
}
cylinder {
	<29.211519, 35.778244, 30.543827>,  <29.124931, 35.542416, 31.214495>, 0.130000
	pigment { color rgbt <1,0,0,0> }
	no_shadow
}

// nucleotide -1

// particle -1
sphere {
	<29.211519, 35.778244, 30.543827> 0.250000
	pigment { color rgbt <1,0,0,0> }
	no_shadow
}
cylinder {
	<29.572668, 35.612335, 30.589058>,  <29.789358, 35.512791, 30.616196>, 0.100000
	pigment { color rgbt <1,0,0,0> }
	no_shadow
}
cylinder {
	<29.572668, 35.612335, 30.589058>,  <29.211519, 35.778244, 30.543827>, 0.100000
	pigment { color rgbt <1,0,0,0> }
	no_shadow
}

// particle -1
sphere {
	<29.572668, 35.612335, 30.589058> 0.100000
	pigment { color rgbt <1,0,0,0> }
	no_shadow
}
sphere {
	0, 1
	scale<0.080000,0.200000,0.300000>
	matrix <-0.045826, -0.354382, -0.933977,
		0.427456, 0.838082, -0.338969,
		0.902874, -0.414768, 0.113076,
		29.843531, 35.487904, 30.622980>
	pigment { color rgbt <0,1,1,0> }
	no_shadow
}
cylinder {
	<29.622000, 36.001148, 29.952856>,  <29.211519, 35.778244, 30.543827>, 0.130000
	pigment { color rgbt <1,0,0,0> }
	no_shadow
}

// nucleotide -1

// particle -1
sphere {
	<29.622000, 36.001148, 29.952856> 0.250000
	pigment { color rgbt <1,0,0,0> }
	no_shadow
}
cylinder {
	<29.771416, 35.659729, 30.098143>,  <29.861065, 35.454876, 30.185314>, 0.100000
	pigment { color rgbt <1,0,0,0> }
	no_shadow
}
cylinder {
	<29.771416, 35.659729, 30.098143>,  <29.622000, 36.001148, 29.952856>, 0.100000
	pigment { color rgbt <1,0,0,0> }
	no_shadow
}

// particle -1
sphere {
	<29.771416, 35.659729, 30.098143> 0.100000
	pigment { color rgbt <1,0,0,0> }
	no_shadow
}
sphere {
	0, 1
	scale<0.080000,0.200000,0.300000>
	matrix <0.018152, -0.384759, -0.922839,
		0.927437, 0.351309, -0.128229,
		0.373539, -0.853547, 0.363216,
		29.883478, 35.403664, 30.207108>
	pigment { color rgbt <0,1,1,0> }
	no_shadow
}
cylinder {
	<30.244051, 35.898262, 29.611858>,  <29.622000, 36.001148, 29.952856>, 0.130000
	pigment { color rgbt <1,0,0,0> }
	no_shadow
}

// nucleotide -1

// particle -1
sphere {
	<30.244051, 35.898262, 29.611858> 0.250000
	pigment { color rgbt <1,0,0,0> }
	no_shadow
}
cylinder {
	<30.127621, 35.538906, 29.743414>,  <30.057762, 35.323292, 29.822348>, 0.100000
	pigment { color rgbt <1,0,0,0> }
	no_shadow
}
cylinder {
	<30.127621, 35.538906, 29.743414>,  <30.244051, 35.898262, 29.611858>, 0.100000
	pigment { color rgbt <1,0,0,0> }
	no_shadow
}

// particle -1
sphere {
	<30.127621, 35.538906, 29.743414> 0.100000
	pigment { color rgbt <1,0,0,0> }
	no_shadow
}
sphere {
	0, 1
	scale<0.080000,0.200000,0.300000>
	matrix <0.010257, -0.346687, -0.937925,
		0.956645, -0.269634, 0.110128,
		-0.291076, -0.898390, 0.328891,
		30.040298, 35.269390, 29.842081>
	pigment { color rgbt <0,1,1,0> }
	no_shadow
}
cylinder {
	<30.568283, 35.348202, 29.220947>,  <30.244051, 35.898262, 29.611858>, 0.130000
	pigment { color rgbt <1,0,0,0> }
	no_shadow
}

// nucleotide -1

// particle -1
sphere {
	<30.568283, 35.348202, 29.220947> 0.250000
	pigment { color rgbt <1,0,0,0> }
	no_shadow
}
cylinder {
	<30.222479, 35.206261, 29.363327>,  <30.014996, 35.121098, 29.448755>, 0.100000
	pigment { color rgbt <1,0,0,0> }
	no_shadow
}
cylinder {
	<30.222479, 35.206261, 29.363327>,  <30.568283, 35.348202, 29.220947>, 0.100000
	pigment { color rgbt <1,0,0,0> }
	no_shadow
}

// particle -1
sphere {
	<30.222479, 35.206261, 29.363327> 0.100000
	pigment { color rgbt <1,0,0,0> }
	no_shadow
}
sphere {
	0, 1
	scale<0.080000,0.200000,0.300000>
	matrix <-0.148967, -0.495481, -0.855749,
		0.480030, -0.792830, 0.375488,
		-0.864511, -0.354851, 0.355951,
		29.963125, 35.099804, 29.470112>
	pigment { color rgbt <0,1,1,0> }
	no_shadow
}
cylinder {
	<30.473166, 34.688931, 28.923668>,  <30.568283, 35.348202, 29.220947>, 0.130000
	pigment { color rgbt <1,0,0,0> }
	no_shadow
}

// nucleotide -1

// particle -1
sphere {
	<30.473166, 34.688931, 28.923668> 0.250000
	pigment { color rgbt <1,0,0,0> }
	no_shadow
}
cylinder {
	<30.109623, 34.791843, 29.054991>,  <29.891499, 34.853592, 29.133785>, 0.100000
	pigment { color rgbt <1,0,0,0> }
	no_shadow
}
cylinder {
	<30.109623, 34.791843, 29.054991>,  <30.473166, 34.688931, 28.923668>, 0.100000
	pigment { color rgbt <1,0,0,0> }
	no_shadow
}

// particle -1
sphere {
	<30.109623, 34.791843, 29.054991> 0.100000
	pigment { color rgbt <1,0,0,0> }
	no_shadow
}
sphere {
	0, 1
	scale<0.080000,0.200000,0.300000>
	matrix <-0.410216, -0.408807, -0.815230,
		-0.075531, -0.875604, 0.477088,
		-0.908855, 0.257284, 0.328309,
		29.836966, 34.869030, 29.153484>
	pigment { color rgbt <0,1,1,0> }
	no_shadow
}
cylinder {
	<30.012850, 34.050446, 29.034361>,  <30.473166, 34.688931, 28.923668>, 0.130000
	pigment { color rgbt <1,0,0,0> }
	no_shadow
}

// nucleotide -1

// particle -1
sphere {
	<30.012850, 34.050446, 29.034361> 0.250000
	pigment { color rgbt <1,0,0,0> }
	no_shadow
}
cylinder {
	<29.791348, 34.373249, 28.952288>,  <29.658447, 34.566929, 28.903044>, 0.100000
	pigment { color rgbt <1,0,0,0> }
	no_shadow
}
cylinder {
	<29.791348, 34.373249, 28.952288>,  <30.012850, 34.050446, 29.034361>, 0.100000
	pigment { color rgbt <1,0,0,0> }
	no_shadow
}

// particle -1
sphere {
	<29.791348, 34.373249, 28.952288> 0.100000
	pigment { color rgbt <1,0,0,0> }
	no_shadow
}
sphere {
	0, 1
	scale<0.080000,0.200000,0.300000>
	matrix <-0.502969, -0.520553, -0.689962,
		-0.663610, -0.278869, 0.694157,
		-0.553754, 0.807005, -0.205181,
		29.625221, 34.615349, 28.890734>
	pigment { color rgbt <0,1,1,0> }
	no_shadow
}
cylinder {
	<29.278465, 33.759094, 28.976259>,  <30.012850, 34.050446, 29.034361>, 0.130000
	pigment { color rgbt <1,0,0,0> }
	no_shadow
}

// nucleotide -1

// particle -1
sphere {
	<29.278465, 33.759094, 28.976259> 0.250000
	pigment { color rgbt <1,0,0,0> }
	no_shadow
}
cylinder {
	<29.360689, 34.064053, 28.730820>,  <29.410025, 34.247028, 28.583557>, 0.100000
	pigment { color rgbt <1,0,0,0> }
	no_shadow
}
cylinder {
	<29.360689, 34.064053, 28.730820>,  <29.278465, 33.759094, 28.976259>, 0.100000
	pigment { color rgbt <1,0,0,0> }
	no_shadow
}

// particle -1
sphere {
	<29.360689, 34.064053, 28.730820> 0.100000
	pigment { color rgbt <1,0,0,0> }
	no_shadow
}
sphere {
	0, 1
	scale<0.080000,0.200000,0.300000>
	matrix <-0.386722, -0.512677, -0.766556,
		-0.898994, 0.394866, 0.189448,
		0.205561, 0.762393, -0.613597,
		29.422358, 34.292770, 28.546740>
	pigment { color rgbt <0,1,1,0> }
	no_shadow
}
cylinder {
	<29.328016, 34.179451, 29.594215>,  <29.278465, 33.759094, 28.976259>, 0.130000
	pigment { color rgbt <1,0,0,0> }
	no_shadow
}

// nucleotide -1

// particle -1
sphere {
	<29.328016, 34.179451, 29.594215> 0.250000
	pigment { color rgbt <1,0,0,0> }
	no_shadow
}
cylinder {
	<29.639118, 34.430721, 29.603117>,  <29.825779, 34.581482, 29.608458>, 0.100000
	pigment { color rgbt <1,0,0,0> }
	no_shadow
}
cylinder {
	<29.639118, 34.430721, 29.603117>,  <29.328016, 34.179451, 29.594215>, 0.100000
	pigment { color rgbt <1,0,0,0> }
	no_shadow
}

// particle -1
sphere {
	<29.639118, 34.430721, 29.603117> 0.100000
	pigment { color rgbt <1,0,0,0> }
	no_shadow
}
sphere {
	0, 1
	scale<0.080000,0.200000,0.300000>
	matrix <-0.131290, 0.127723, 0.983082,
		0.614707, -0.767516, 0.181811,
		0.777752, 0.628177, 0.022255,
		29.872444, 34.619175, 29.609793>
	pigment { color rgbt <0,1,1,0> }
	no_shadow
}
cylinder {
	<29.667000, 34.073864, 30.213495>,  <29.328016, 34.179451, 29.594215>, 0.130000
	pigment { color rgbt <1,0,0,0> }
	no_shadow
}

// nucleotide -1

// particle -1
sphere {
	<29.667000, 34.073864, 30.213495> 0.250000
	pigment { color rgbt <1,0,0,0> }
	no_shadow
}
cylinder {
	<29.794167, 34.441338, 30.119730>,  <29.870466, 34.661823, 30.063471>, 0.100000
	pigment { color rgbt <1,0,0,0> }
	no_shadow
}
cylinder {
	<29.794167, 34.441338, 30.119730>,  <29.667000, 34.073864, 30.213495>, 0.100000
	pigment { color rgbt <1,0,0,0> }
	no_shadow
}

// particle -1
sphere {
	<29.794167, 34.441338, 30.119730> 0.100000
	pigment { color rgbt <1,0,0,0> }
	no_shadow
}
sphere {
	0, 1
	scale<0.080000,0.200000,0.300000>
	matrix <0.002712, 0.246360, 0.969175,
		0.948115, -0.308753, 0.075831,
		0.317917, 0.918683, -0.234415,
		29.889542, 34.716942, 30.049406>
	pigment { color rgbt <0,1,1,0> }
	no_shadow
}
cylinder {
	<30.303001, 34.212330, 30.606401>,  <29.667000, 34.073864, 30.213495>, 0.130000
	pigment { color rgbt <1,0,0,0> }
	no_shadow
}

// nucleotide -1

// particle -1
sphere {
	<30.303001, 34.212330, 30.606401> 0.250000
	pigment { color rgbt <1,0,0,0> }
	no_shadow
}
cylinder {
	<30.170542, 34.571747, 30.491186>,  <30.091066, 34.787395, 30.422056>, 0.100000
	pigment { color rgbt <1,0,0,0> }
	no_shadow
}
cylinder {
	<30.170542, 34.571747, 30.491186>,  <30.303001, 34.212330, 30.606401>, 0.100000
	pigment { color rgbt <1,0,0,0> }
	no_shadow
}

// particle -1
sphere {
	<30.170542, 34.571747, 30.491186> 0.100000
	pigment { color rgbt <1,0,0,0> }
	no_shadow
}
sphere {
	0, 1
	scale<0.080000,0.200000,0.300000>
	matrix <0.138293, 0.348183, 0.927170,
		0.933390, 0.267196, -0.239562,
		-0.331147, 0.898541, -0.288039,
		30.071198, 34.841309, 30.404774>
	pigment { color rgbt <0,1,1,0> }
	no_shadow
}
cylinder {
	<30.747335, 34.649273, 30.956219>,  <30.303001, 34.212330, 30.606401>, 0.130000
	pigment { color rgbt <1,0,0,0> }
	no_shadow
}

// nucleotide -1

// particle -1
sphere {
	<30.747335, 34.649273, 30.956219> 0.250000
	pigment { color rgbt <1,0,0,0> }
	no_shadow
}
cylinder {
	<30.451727, 34.903301, 30.866302>,  <30.274363, 35.055717, 30.812353>, 0.100000
	pigment { color rgbt <1,0,0,0> }
	no_shadow
}
cylinder {
	<30.451727, 34.903301, 30.866302>,  <30.747335, 34.649273, 30.956219>, 0.100000
	pigment { color rgbt <1,0,0,0> }
	no_shadow
}

// particle -1
sphere {
	<30.451727, 34.903301, 30.866302> 0.100000
	pigment { color rgbt <1,0,0,0> }
	no_shadow
}
sphere {
	0, 1
	scale<0.080000,0.200000,0.300000>
	matrix <0.136612, 0.468015, 0.873098,
		0.659688, 0.614526, -0.432631,
		-0.739019, 0.635075, -0.224791,
		30.230021, 35.093822, 30.798864>
	pigment { color rgbt <0,1,1,0> }
	no_shadow
}
cylinder {
	<30.890913, 35.346222, 30.858782>,  <30.747335, 34.649273, 30.956219>, 0.130000
	pigment { color rgbt <1,0,0,0> }
	no_shadow
}

// nucleotide -1

// particle -1
sphere {
	<30.890913, 35.346222, 30.858782> 0.250000
	pigment { color rgbt <1,0,0,0> }
	no_shadow
}
cylinder {
	<30.525589, 35.277885, 31.006660>,  <30.306395, 35.236881, 31.095388>, 0.100000
	pigment { color rgbt <1,0,0,0> }
	no_shadow
}
cylinder {
	<30.525589, 35.277885, 31.006660>,  <30.890913, 35.346222, 30.858782>, 0.100000
	pigment { color rgbt <1,0,0,0> }
	no_shadow
}

// particle -1
sphere {
	<30.525589, 35.277885, 31.006660> 0.100000
	pigment { color rgbt <1,0,0,0> }
	no_shadow
}
sphere {
	0, 1
	scale<0.080000,0.200000,0.300000>
