// switches for output
#declare DRAW_BASES = 1; // possible values are 0, 1; only relevant for DNA ribbons
#declare DRAW_BASES_TYPE = 3; // possible values are 1, 2, 3; only relevant for DNA ribbons
#declare DRAW_FOG = 0; // set to 1 to enable fog

#include "colors.inc"

#include "transforms.inc"
background { rgb <1, 1, 1>}

#default {
   normal{
       ripples 0.25
       frequency 0.20
       turbulence 0.2
       lambda 5
   }
	finish {
		phong 0.1
		phong_size 40.
	}
}

// original window dimensions: 1024x640


// camera settings

camera {
	sky <0, 0.179814, -0.983701>
	up <0, 0.179814, -0.983701>
	right 1.6 * <1, 0, 0>
	location <35, 94.9851, 44.8844>
	look_at <35, 29.7336, 32.9568>
	direction <0, -65.2515, -11.9276>
	angle 67.0682
}


# declare cpy_camera_pos = <35, 94.9851, 44.8844>;
# if (DRAW_FOG = 1)
fog {
	fog_type 2
	up vnormalize(cpy_camera_pos)
	color rgbt<1,1,1,0.3>
	distance 1e-5
	fog_alt 3e-3
	fog_offset 56
}
# end


// LIGHTS

# declare lum = 6;
global_settings {
	ambient_light rgb lum * <0.05, 0.05, 0.05>
	max_trace_level 15
}# declare cpy_direct_light_amount = 0.25;
light_source
{	1000 * <-1, -1.16352, -0.803886>,
	rgb lum * cpy_direct_light_amount
	parallel
}

light_source
{	1000 * <1, 1.16352, 0.803886>,
	rgb lum * cpy_direct_light_amount
	parallel
}

// strand 0

// nucleotide -1

// particle -1
sphere {
	<23.997147, 34.886978, 34.983551> 0.250000
	pigment { color rgbt <1,0,0,0> }
	no_shadow
}
cylinder {
	<24.386585, 34.919479, 34.898224>,  <24.620249, 34.938980, 34.847027>, 0.100000
	pigment { color rgbt <1,0,0,0> }
	no_shadow
}
cylinder {
	<24.386585, 34.919479, 34.898224>,  <23.997147, 34.886978, 34.983551>, 0.100000
	pigment { color rgbt <1,0,0,0> }
	no_shadow
}

// particle -1
sphere {
	<24.386585, 34.919479, 34.898224> 0.100000
	pigment { color rgbt <1,0,0,0> }
	no_shadow
}
sphere {
	0, 1
	scale<0.080000,0.200000,0.300000>
	matrix <0.135463, -0.957829, 0.253402,
		-0.183735, -0.275608, -0.943547,
		0.973597, 0.081257, -0.213321,
		24.678665, 34.943855, 34.834229>
	pigment { color rgbt <0,1,1,0> }
	no_shadow
}
cylinder {
	<24.166759, 34.317322, 34.429306>,  <23.997147, 34.886978, 34.983551>, 0.130000
	pigment { color rgbt <1,0,0,0> }
	no_shadow
}

// nucleotide -1

// particle -1
sphere {
	<24.166759, 34.317322, 34.429306> 0.250000
	pigment { color rgbt <1,0,0,0> }
	no_shadow
}
cylinder {
	<24.485746, 34.455647, 34.627079>,  <24.677139, 34.538639, 34.745743>, 0.100000
	pigment { color rgbt <1,0,0,0> }
	no_shadow
}
cylinder {
	<24.485746, 34.455647, 34.627079>,  <24.166759, 34.317322, 34.429306>, 0.100000
	pigment { color rgbt <1,0,0,0> }
	no_shadow
}

// particle -1
sphere {
	<24.485746, 34.455647, 34.627079> 0.100000
	pigment { color rgbt <1,0,0,0> }
	no_shadow
}
sphere {
	0, 1
	scale<0.080000,0.200000,0.300000>
	matrix <0.162369, -0.912228, 0.376133,
		0.581103, -0.219674, -0.783622,
		0.797469, 0.345808, 0.494430,
		24.724987, 34.559387, 34.775410>
	pigment { color rgbt <0,1,1,0> }
	no_shadow
}
cylinder {
	<24.818628, 34.384830, 34.037594>,  <24.166759, 34.317322, 34.429306>, 0.130000
	pigment { color rgbt <1,0,0,0> }
	no_shadow
}

// nucleotide -1

// particle -1
sphere {
	<24.818628, 34.384830, 34.037594> 0.250000
	pigment { color rgbt <1,0,0,0> }
	no_shadow
}
cylinder {
	<24.695587, 34.465755, 33.665691>,  <24.621763, 34.514309, 33.442551>, 0.100000
	pigment { color rgbt <1,0,0,0> }
	no_shadow
}
cylinder {
	<24.695587, 34.465755, 33.665691>,  <24.818628, 34.384830, 34.037594>, 0.100000
	pigment { color rgbt <1,0,0,0> }
	no_shadow
}

// particle -1
sphere {
	<24.695587, 34.465755, 33.665691> 0.100000
	pigment { color rgbt <1,0,0,0> }
	no_shadow
}
sphere {
	0, 1
	scale<0.080000,0.200000,0.300000>
	matrix <0.924774, 0.293593, -0.242068,
		0.223998, -0.934277, -0.277402,
		-0.307602, 0.202312, -0.929759,
		24.603306, 34.526447, 33.386765>
	pigment { color rgbt <0,1,1,0> }
	no_shadow
}
cylinder {
	<25.398968, 34.722240, 33.792587>,  <24.818628, 34.384830, 34.037594>, 0.130000
	pigment { color rgbt <1,0,0,0> }
	no_shadow
}

// nucleotide -1

// particle -1
sphere {
	<25.398968, 34.722240, 33.792587> 0.250000
	pigment { color rgbt <1,0,0,0> }
	no_shadow
}
cylinder {
	<25.183935, 34.696625, 33.456276>,  <25.054916, 34.681255, 33.254490>, 0.100000
	pigment { color rgbt <1,0,0,0> }
	no_shadow
}
cylinder {
	<25.183935, 34.696625, 33.456276>,  <25.398968, 34.722240, 33.792587>, 0.100000
	pigment { color rgbt <1,0,0,0> }
	no_shadow
}

// particle -1
sphere {
	<25.183935, 34.696625, 33.456276> 0.100000
	pigment { color rgbt <1,0,0,0> }
	no_shadow
}
sphere {
	0, 1
	scale<0.080000,0.200000,0.300000>
	matrix <0.764100, 0.384680, -0.517854,
		0.356590, -0.920826, -0.157869,
		-0.537583, -0.064034, -0.840776,
		25.022661, 34.677414, 33.204044>
	pigment { color rgbt <0,1,1,0> }
	no_shadow
}
cylinder {
	<25.738436, 34.410015, 33.246151>,  <25.398968, 34.722240, 33.792587>, 0.130000
	pigment { color rgbt <1,0,0,0> }
	no_shadow
}

// nucleotide -1

// particle -1
sphere {
	<25.738436, 34.410015, 33.246151> 0.250000
	pigment { color rgbt <1,0,0,0> }
	no_shadow
}
cylinder {
	<25.465231, 34.645653, 33.073425>,  <25.301308, 34.787037, 32.969791>, 0.100000
	pigment { color rgbt <1,0,0,0> }
	no_shadow
}
cylinder {
	<25.465231, 34.645653, 33.073425>,  <25.738436, 34.410015, 33.246151>, 0.100000
	pigment { color rgbt <1,0,0,0> }
	no_shadow
}

// particle -1
sphere {
	<25.465231, 34.645653, 33.073425> 0.100000
	pigment { color rgbt <1,0,0,0> }
	no_shadow
}
sphere {
	0, 1
	scale<0.080000,0.200000,0.300000>
	matrix <0.708745, 0.391631, -0.586775,
		-0.176556, -0.706819, -0.685007,
		-0.683014, 0.589095, -0.431810,
		25.260326, 34.822380, 32.943882>
	pigment { color rgbt <0,1,1,0> }
	no_shadow
}
cylinder {
	<26.505417, 34.348354, 33.069130>,  <25.738436, 34.410015, 33.246151>, 0.130000
	pigment { color rgbt <1,0,0,0> }
	no_shadow
}

// nucleotide -1

// particle -1
sphere {
	<26.505417, 34.348354, 33.069130> 0.250000
	pigment { color rgbt <1,0,0,0> }
	no_shadow
}
cylinder {
	<26.845310, 34.445297, 32.881847>,  <27.049246, 34.503464, 32.769478>, 0.100000
	pigment { color rgbt <1,0,0,0> }
	no_shadow
}
cylinder {
	<26.845310, 34.445297, 32.881847>,  <26.505417, 34.348354, 33.069130>, 0.100000
	pigment { color rgbt <1,0,0,0> }
	no_shadow
}

// particle -1
sphere {
	<26.845310, 34.445297, 32.881847> 0.100000
	pigment { color rgbt <1,0,0,0> }
	no_shadow
}
sphere {
	0, 1
	scale<0.080000,0.200000,0.300000>
	matrix <-0.065515, 0.929734, 0.362358,
		0.523127, -0.277233, 0.805903,
		0.849733, 0.242358, -0.468206,
		27.100229, 34.518005, 32.741386>
	pigment { color rgbt <0,1,1,0> }
	no_shadow
}
cylinder {
	<26.794214, 34.778309, 33.444168>,  <26.505417, 34.348354, 33.069130>, 0.130000
	pigment { color rgbt <1,0,0,0> }
	no_shadow
}

// nucleotide -1

// particle -1
sphere {
	<26.794214, 34.778309, 33.444168> 0.250000
	pigment { color rgbt <1,0,0,0> }
	no_shadow
}
cylinder {
	<26.978178, 34.878338, 33.103359>,  <27.088556, 34.938354, 32.898872>, 0.100000
	pigment { color rgbt <1,0,0,0> }
	no_shadow
}
cylinder {
	<26.978178, 34.878338, 33.103359>,  <26.794214, 34.778309, 33.444168>, 0.100000
	pigment { color rgbt <1,0,0,0> }
	no_shadow
}

// particle -1
sphere {
	<26.978178, 34.878338, 33.103359> 0.100000
	pigment { color rgbt <1,0,0,0> }
	no_shadow
}
sphere {
	0, 1
	scale<0.080000,0.200000,0.300000>
	matrix <-0.065460, 0.966461, 0.248331,
		0.885549, -0.058437, 0.460856,
		0.459911, 0.250077, -0.852023,
		27.116152, 34.953362, 32.847752>
	pigment { color rgbt <0,1,1,0> }
	no_shadow
}
cylinder {
	<27.399324, 35.194462, 33.476280>,  <26.794214, 34.778309, 33.444168>, 0.130000
	pigment { color rgbt <1,0,0,0> }
	no_shadow
}

// nucleotide -1

// particle -1
sphere {
	<27.399324, 35.194462, 33.476280> 0.250000
	pigment { color rgbt <1,0,0,0> }
	no_shadow
}
cylinder {
	<27.231716, 35.281742, 33.123734>,  <27.131151, 35.334110, 32.912205>, 0.100000
	pigment { color rgbt <1,0,0,0> }
	no_shadow
}
cylinder {
	<27.231716, 35.281742, 33.123734>,  <27.399324, 35.194462, 33.476280>, 0.100000
	pigment { color rgbt <1,0,0,0> }
	no_shadow
}

// particle -1
sphere {
	<27.231716, 35.281742, 33.123734> 0.100000
	pigment { color rgbt <1,0,0,0> }
	no_shadow
}
sphere {
	0, 1
	scale<0.080000,0.200000,0.300000>
	matrix <0.150059, 0.973989, 0.169788,
		0.895491, -0.061113, -0.440863,
		-0.419020, 0.218199, -0.881369,
		27.106010, 35.347202, 32.859322>
	pigment { color rgbt <0,1,1,0> }
	no_shadow
}
cylinder {
	<27.874723, 35.695194, 33.290234>,  <27.399324, 35.194462, 33.476280>, 0.130000
	pigment { color rgbt <1,0,0,0> }
	no_shadow
}

// nucleotide -1

// particle -1
sphere {
	<27.874723, 35.695194, 33.290234> 0.250000
	pigment { color rgbt <1,0,0,0> }
	no_shadow
}
cylinder {
	<27.536499, 35.741211, 33.081696>,  <27.333565, 35.768822, 32.956573>, 0.100000
	pigment { color rgbt <1,0,0,0> }
	no_shadow
}
cylinder {
	<27.536499, 35.741211, 33.081696>,  <27.874723, 35.695194, 33.290234>, 0.100000
	pigment { color rgbt <1,0,0,0> }
	no_shadow
}

// particle -1
sphere {
	<27.536499, 35.741211, 33.081696> 0.100000
	pigment { color rgbt <1,0,0,0> }
	no_shadow
}
sphere {
	0, 1
	scale<0.080000,0.200000,0.300000>
	matrix <0.056503, 0.990307, 0.126880,
		0.530883, 0.077827, -0.843863,
		-0.845559, 0.115040, -0.521340,
		27.282831, 35.775723, 32.925293>
	pigment { color rgbt <0,1,1,0> }
	no_shadow
}
cylinder {
	<27.954252, 36.276089, 32.904526>,  <27.874723, 35.695194, 33.290234>, 0.130000
	pigment { color rgbt <1,0,0,0> }
	no_shadow
}

// nucleotide -1

// particle -1
sphere {
	<27.954252, 36.276089, 32.904526> 0.250000
	pigment { color rgbt <1,0,0,0> }
	no_shadow
}
cylinder {
	<27.562910, 36.201164, 32.939705>,  <27.328104, 36.156208, 32.960812>, 0.100000
	pigment { color rgbt <1,0,0,0> }
	no_shadow
}
cylinder {
	<27.562910, 36.201164, 32.939705>,  <27.954252, 36.276089, 32.904526>, 0.100000
	pigment { color rgbt <1,0,0,0> }
	no_shadow
}

// particle -1
sphere {
	<27.562910, 36.201164, 32.939705> 0.100000
	pigment { color rgbt <1,0,0,0> }
	no_shadow
}
sphere {
	0, 1
	scale<0.080000,0.200000,0.300000>
	matrix <-0.169513, 0.969223, 0.178525,
		-0.118685, 0.159752, -0.979996,
		-0.978355, -0.187310, 0.087952,
		27.269403, 36.144970, 32.966091>
	pigment { color rgbt <0,1,1,0> }
	no_shadow
}
cylinder {
	<27.597464, 36.819080, 32.476814>,  <27.954252, 36.276089, 32.904526>, 0.130000
	pigment { color rgbt <1,0,0,0> }
	no_shadow
}

// nucleotide -1

// particle -1
sphere {
	<27.597464, 36.819080, 32.476814> 0.250000
	pigment { color rgbt <1,0,0,0> }
	no_shadow
}
cylinder {
	<27.355001, 36.670734, 32.758247>,  <27.209524, 36.581726, 32.927109>, 0.100000
	pigment { color rgbt <1,0,0,0> }
	no_shadow
}
cylinder {
	<27.355001, 36.670734, 32.758247>,  <27.597464, 36.819080, 32.476814>, 0.100000
	pigment { color rgbt <1,0,0,0> }
	no_shadow
}

// particle -1
sphere {
	<27.355001, 36.670734, 32.758247> 0.100000
	pigment { color rgbt <1,0,0,0> }
	no_shadow
}
sphere {
	0, 1
	scale<0.080000,0.200000,0.300000>
	matrix <-0.107919, 0.914799, 0.389226,
		-0.787990, 0.160002, -0.594535,
		-0.606156, -0.370868, 0.703585,
		27.173155, 36.559475, 32.969322>
	pigment { color rgbt <0,1,1,0> }
	no_shadow
}
cylinder {
	<27.002260, 37.297829, 32.461658>,  <27.597464, 36.819080, 32.476814>, 0.130000
	pigment { color rgbt <1,0,0,0> }
	no_shadow
}

// nucleotide -1

// particle -1
sphere {
	<27.002260, 37.297829, 32.461658> 0.250000
	pigment { color rgbt <1,0,0,0> }
	no_shadow
}
cylinder {
	<27.082039, 37.104145, 32.802425>,  <27.129906, 36.987934, 33.006886>, 0.100000
	pigment { color rgbt <1,0,0,0> }
	no_shadow
}
cylinder {
	<27.082039, 37.104145, 32.802425>,  <27.002260, 37.297829, 32.461658>, 0.100000
	pigment { color rgbt <1,0,0,0> }
	no_shadow
}

// particle -1
sphere {
	<27.082039, 37.104145, 32.802425> 0.100000
	pigment { color rgbt <1,0,0,0> }
	no_shadow
}
sphere {
	0, 1
	scale<0.080000,0.200000,0.300000>
	matrix <-0.070933, 0.859967, 0.505396,
		-0.977338, -0.161228, 0.137171,
		0.199447, -0.484212, 0.851915,
		27.141872, 36.958881, 33.057999>
	pigment { color rgbt <0,1,1,0> }
	no_shadow
}
cylinder {
	<26.990952, 37.981396, 32.898064>,  <27.002260, 37.297829, 32.461658>, 0.130000
	pigment { color rgbt <1,0,0,0> }
	no_shadow
}

// nucleotide -1

// particle -1
sphere {
	<26.990952, 37.981396, 32.898064> 0.250000
	pigment { color rgbt <1,0,0,0> }
	no_shadow
}
cylinder {
	<26.828562, 37.963966, 33.263203>,  <26.731129, 37.953510, 33.482285>, 0.100000
	pigment { color rgbt <1,0,0,0> }
	no_shadow
}
cylinder {
	<26.828562, 37.963966, 33.263203>,  <26.990952, 37.981396, 32.898064>, 0.100000
	pigment { color rgbt <1,0,0,0> }
	no_shadow
}

// particle -1
sphere {
	<26.828562, 37.963966, 33.263203> 0.100000
	pigment { color rgbt <1,0,0,0> }
	no_shadow
}
sphere {
	0, 1
	scale<0.080000,0.200000,0.300000>
	matrix <-0.013384, -0.998472, -0.053609,
		0.913787, -0.033982, 0.404770,
		-0.405973, -0.043570, 0.912846,
		26.706770, 37.950897, 33.537056>
	pigment { color rgbt <0,1,1,0> }
	no_shadow
}
cylinder {
	<27.316660, 37.542458, 33.365017>,  <26.990952, 37.981396, 32.898064>, 0.130000
	pigment { color rgbt <1,0,0,0> }
	no_shadow
}

// nucleotide -1

// particle -1
sphere {
	<27.316660, 37.542458, 33.365017> 0.250000
	pigment { color rgbt <1,0,0,0> }
	no_shadow
}
cylinder {
	<26.930431, 37.575264, 33.463768>,  <26.698694, 37.594948, 33.523018>, 0.100000
	pigment { color rgbt <1,0,0,0> }
	no_shadow
}
cylinder {
	<26.930431, 37.575264, 33.463768>,  <27.316660, 37.542458, 33.365017>, 0.100000
	pigment { color rgbt <1,0,0,0> }
	no_shadow
}

// particle -1
sphere {
	<26.930431, 37.575264, 33.463768> 0.100000
	pigment { color rgbt <1,0,0,0> }
	no_shadow
}
sphere {
	0, 1
	scale<0.080000,0.200000,0.300000>
	matrix <-0.125711, -0.977946, -0.166787,
		0.227750, -0.192080, 0.954587,
		-0.965571, 0.082016, 0.246873,
		26.640760, 37.599869, 33.537830>
	pigment { color rgbt <0,1,1,0> }
	no_shadow
}
cylinder {
	<27.183062, 36.918560, 33.883190>,  <27.316660, 37.542458, 33.365017>, 0.130000
	pigment { color rgbt <1,0,0,0> }
	no_shadow
}

// nucleotide -1

// particle -1
sphere {
	<27.183062, 36.918560, 33.883190> 0.250000
	pigment { color rgbt <1,0,0,0> }
	no_shadow
}
cylinder {
	<26.901854, 37.071911, 33.643597>,  <26.733130, 37.163921, 33.499840>, 0.100000
	pigment { color rgbt <1,0,0,0> }
	no_shadow
}
cylinder {
	<26.901854, 37.071911, 33.643597>,  <27.183062, 36.918560, 33.883190>, 0.100000
	pigment { color rgbt <1,0,0,0> }
	no_shadow
}

// particle -1
sphere {
	<26.901854, 37.071911, 33.643597> 0.100000
	pigment { color rgbt <1,0,0,0> }
	no_shadow
}
sphere {
	0, 1
	scale<0.080000,0.200000,0.300000>
	matrix <-0.181056, -0.910989, -0.370565,
		-0.687736, -0.152064, 0.709856,
		-0.703020, 0.383375, -0.598988,
		26.690948, 37.186924, 33.463902>
	pigment { color rgbt <0,1,1,0> }
	no_shadow
}
cylinder {
	<26.554111, 36.587177, 34.003353>,  <27.183062, 36.918560, 33.883190>, 0.130000
	pigment { color rgbt <1,0,0,0> }
	no_shadow
}

// nucleotide -1

// particle -1
sphere {
	<26.554111, 36.587177, 34.003353> 0.250000
	pigment { color rgbt <1,0,0,0> }
	no_shadow
}
cylinder {
	<26.594614, 36.693405, 33.619850>,  <26.618916, 36.757141, 33.389748>, 0.100000
	pigment { color rgbt <1,0,0,0> }
	no_shadow
}
cylinder {
	<26.594614, 36.693405, 33.619850>,  <26.554111, 36.587177, 34.003353>, 0.100000
	pigment { color rgbt <1,0,0,0> }
	no_shadow
}

// particle -1
sphere {
	<26.594614, 36.693405, 33.619850> 0.100000
	pigment { color rgbt <1,0,0,0> }
	no_shadow
}
sphere {
	0, 1
	scale<0.080000,0.200000,0.300000>
	matrix <0.072190, -0.963135, -0.259153,
		-0.992238, -0.042972, -0.116693,
		0.101255, 0.265565, -0.958761,
		26.624990, 36.773075, 33.332222>
	pigment { color rgbt <0,1,1,0> }
	no_shadow
}
cylinder {
	<26.168461, 36.130054, 33.665028>,  <26.554111, 36.587177, 34.003353>, 0.130000
	pigment { color rgbt <1,0,0,0> }
	no_shadow
}

// nucleotide -1

// particle -1
sphere {
	<26.168461, 36.130054, 33.665028> 0.250000
	pigment { color rgbt <1,0,0,0> }
	no_shadow
}
cylinder {
	<26.470816, 36.260315, 33.437840>,  <26.652229, 36.338470, 33.301529>, 0.100000
	pigment { color rgbt <1,0,0,0> }
	no_shadow
}
cylinder {
	<26.470816, 36.260315, 33.437840>,  <26.168461, 36.130054, 33.665028>, 0.100000
	pigment { color rgbt <1,0,0,0> }
	no_shadow
}

// particle -1
sphere {
	<26.470816, 36.260315, 33.437840> 0.100000
	pigment { color rgbt <1,0,0,0> }
	no_shadow
}
sphere {
	0, 1
	scale<0.080000,0.200000,0.300000>
	matrix <0.189283, -0.939173, -0.286576,
		-0.626742, 0.109113, -0.771550,
		0.755888, 0.325650, -0.567966,
		26.697582, 36.358009, 33.267448>
	pigment { color rgbt <0,1,1,0> }
	no_shadow
}
cylinder {
	<25.954693, 35.887691, 32.998058>,  <26.168461, 36.130054, 33.665028>, 0.130000
	pigment { color rgbt <1,0,0,0> }
	no_shadow
}

// nucleotide -1

// particle -1
sphere {
	<25.954693, 35.887691, 32.998058> 0.250000
	pigment { color rgbt <1,0,0,0> }
	no_shadow
}
cylinder {
	<26.341421, 35.988518, 32.981457>,  <26.573458, 36.049015, 32.971497>, 0.100000
	pigment { color rgbt <1,0,0,0> }
	no_shadow
}
cylinder {
	<26.341421, 35.988518, 32.981457>,  <25.954693, 35.887691, 32.998058>, 0.100000
	pigment { color rgbt <1,0,0,0> }
	no_shadow
}

// particle -1
sphere {
	<26.341421, 35.988518, 32.981457> 0.100000
	pigment { color rgbt <1,0,0,0> }
	no_shadow
}
sphere {
	0, 1
	scale<0.080000,0.200000,0.300000>
	matrix <0.173753, -0.767934, -0.616512,
		-0.187272, 0.588845, -0.786251,
		0.966819, 0.252069, -0.041499,
		26.631466, 36.064140, 32.969006>
	pigment { color rgbt <0,1,1,0> }
	no_shadow
}
cylinder {
	<26.136833, 35.913059, 32.345757>,  <25.954693, 35.887691, 32.998058>, 0.130000
	pigment { color rgbt <1,0,0,0> }
	no_shadow
}

// nucleotide -1

// particle -1
sphere {
	<26.136833, 35.913059, 32.345757> 0.250000
	pigment { color rgbt <1,0,0,0> }
	no_shadow
}
cylinder {
	<26.486454, 35.874233, 32.536171>,  <26.696226, 35.850937, 32.650417>, 0.100000
	pigment { color rgbt <1,0,0,0> }
	no_shadow
}
cylinder {
	<26.486454, 35.874233, 32.536171>,  <26.136833, 35.913059, 32.345757>, 0.100000
	pigment { color rgbt <1,0,0,0> }
	no_shadow
}

// particle -1
sphere {
	<26.486454, 35.874233, 32.536171> 0.100000
	pigment { color rgbt <1,0,0,0> }
	no_shadow
}
sphere {
	0, 1
	scale<0.080000,0.200000,0.300000>
	matrix <0.207929, -0.810819, -0.547118,
		0.439084, 0.577191, -0.688517,
		0.874054, -0.097068, 0.476032,
		26.748671, 35.845112, 32.678982>
	pigment { color rgbt <0,1,1,0> }
	no_shadow
}
cylinder {
	<26.573254, 35.782795, 31.742153>,  <26.136833, 35.913059, 32.345757>, 0.130000
	pigment { color rgbt <1,0,0,0> }
	no_shadow
}

// nucleotide -1

// particle -1
sphere {
	<26.573254, 35.782795, 31.742153> 0.250000
	pigment { color rgbt <1,0,0,0> }
	no_shadow
}
cylinder {
	<26.728109, 35.625347, 32.075665>,  <26.821022, 35.530880, 32.275772>, 0.100000
	pigment { color rgbt <1,0,0,0> }
	no_shadow
}
cylinder {
	<26.728109, 35.625347, 32.075665>,  <26.573254, 35.782795, 31.742153>, 0.100000
	pigment { color rgbt <1,0,0,0> }
	no_shadow
}

// particle -1
sphere {
	<26.728109, 35.625347, 32.075665> 0.100000
	pigment { color rgbt <1,0,0,0> }
	no_shadow
}
sphere {
	0, 1
	scale<0.080000,0.200000,0.300000>
	matrix <0.145525, -0.866875, -0.476813,
		0.910465, 0.305928, -0.278319,
		0.387138, -0.393619, 0.833779,
		26.844252, 35.507263, 32.325798>
	pigment { color rgbt <0,1,1,0> }
	no_shadow
}
cylinder {
	<27.123333, 35.257305, 31.642733>,  <26.573254, 35.782795, 31.742153>, 0.130000
	pigment { color rgbt <1,0,0,0> }
	no_shadow
}

// nucleotide -1

// particle -1
sphere {
	<27.123333, 35.257305, 31.642733> 0.250000
	pigment { color rgbt <1,0,0,0> }
	no_shadow
}
cylinder {
	<26.947657, 35.144482, 31.983921>,  <26.842251, 35.076786, 32.188633>, 0.100000
	pigment { color rgbt <1,0,0,0> }
	no_shadow
}
cylinder {
	<26.947657, 35.144482, 31.983921>,  <27.123333, 35.257305, 31.642733>, 0.100000
	pigment { color rgbt <1,0,0,0> }
	no_shadow
}

// particle -1
sphere {
	<26.947657, 35.144482, 31.983921> 0.100000
	pigment { color rgbt <1,0,0,0> }
	no_shadow
}
sphere {
	0, 1
	scale<0.080000,0.200000,0.300000>
	matrix <0.121716, -0.959364, -0.254569,
		0.890111, -0.007985, 0.455674,
		-0.439190, -0.282057, 0.852969,
		26.815899, 35.059864, 32.239811>
	pigment { color rgbt <0,1,1,0> }
	no_shadow
}
cylinder {
	<27.759684, 35.163967, 31.752085>,  <27.123333, 35.257305, 31.642733>, 0.130000
	pigment { color rgbt <1,0,0,0> }
	no_shadow
}

// nucleotide -1

// particle -1
sphere {
	<27.759684, 35.163967, 31.752085> 0.250000
	pigment { color rgbt <1,0,0,0> }
	no_shadow
}
cylinder {
	<27.565889, 35.095352, 32.095211>,  <27.449614, 35.054184, 32.301086>, 0.100000
	pigment { color rgbt <1,0,0,0> }
	no_shadow
}
cylinder {
	<27.565889, 35.095352, 32.095211>,  <27.759684, 35.163967, 31.752085>, 0.100000
	pigment { color rgbt <1,0,0,0> }
	no_shadow
}

// particle -1
sphere {
	<27.565889, 35.095352, 32.095211> 0.100000
	pigment { color rgbt <1,0,0,0> }
	no_shadow
}
sphere {
	0, 1
	scale<0.080000,0.200000,0.300000>
	matrix <0.315322, -0.948913, -0.011666,
		0.815995, 0.264836, 0.513822,
		-0.484483, -0.171539, 0.857817,
		27.420544, 35.043892, 32.352554>
	pigment { color rgbt <0,1,1,0> }
	no_shadow
}
cylinder {
	<28.248247, 34.821617, 32.221931>,  <27.759684, 35.163967, 31.752085>, 0.130000
	pigment { color rgbt <1,0,0,0> }
	no_shadow
}

// nucleotide -1

// particle -1
sphere {
	<28.248247, 34.821617, 32.221931> 0.250000
	pigment { color rgbt <1,0,0,0> }
	no_shadow
}
cylinder {
	<27.888922, 34.736538, 32.375706>,  <27.673326, 34.685490, 32.467972>, 0.100000
	pigment { color rgbt <1,0,0,0> }
	no_shadow
}
cylinder {
	<27.888922, 34.736538, 32.375706>,  <28.248247, 34.821617, 32.221931>, 0.100000
	pigment { color rgbt <1,0,0,0> }
	no_shadow
}

// particle -1
sphere {
	<27.888922, 34.736538, 32.375706> 0.100000
	pigment { color rgbt <1,0,0,0> }
	no_shadow
}
sphere {
	0, 1
	scale<0.080000,0.200000,0.300000>
	matrix <0.235064, -0.971912, 0.011531,
		0.371184, 0.100725, 0.923080,
		-0.898314, -0.212703, 0.384434,
		27.619427, 34.672726, 32.491035>
	pigment { color rgbt <0,1,1,0> }
	no_shadow
}
cylinder {
	<28.318899, 34.468132, 32.881672>,  <28.248247, 34.821617, 32.221931>, 0.130000
	pigment { color rgbt <1,0,0,0> }
	no_shadow
}

// nucleotide -1

// particle -1
sphere {
	<28.318899, 34.468132, 32.881672> 0.250000
	pigment { color rgbt <1,0,0,0> }
	no_shadow
}
cylinder {
	<27.971100, 34.381241, 32.704231>,  <27.762421, 34.329105, 32.597767>, 0.100000
	pigment { color rgbt <1,0,0,0> }
	no_shadow
}
cylinder {
	<27.971100, 34.381241, 32.704231>,  <28.318899, 34.468132, 32.881672>, 0.100000
	pigment { color rgbt <1,0,0,0> }
	no_shadow
}

// particle -1
sphere {
	<27.971100, 34.381241, 32.704231> 0.100000
	pigment { color rgbt <1,0,0,0> }
	no_shadow
}
sphere {
	0, 1
	scale<0.080000,0.200000,0.300000>
	matrix <0.278405, -0.957382, -0.076881,
		-0.407994, -0.190349, 0.892921,
		-0.869500, -0.217227, -0.443600,
		27.710249, 34.316074, 32.571152>
	pigment { color rgbt <0,1,1,0> }
	no_shadow
}
cylinder {
	<28.074852, 33.876312, 33.182228>,  <28.318899, 34.468132, 32.881672>, 0.130000
	pigment { color rgbt <1,0,0,0> }
	no_shadow
}

// nucleotide -1

// particle -1
sphere {
	<28.074852, 33.876312, 33.182228> 0.250000
	pigment { color rgbt <1,0,0,0> }
	no_shadow
}
cylinder {
	<27.928238, 33.871643, 32.810097>,  <27.840269, 33.868843, 32.586819>, 0.100000
	pigment { color rgbt <1,0,0,0> }
	no_shadow
}
cylinder {
	<27.928238, 33.871643, 32.810097>,  <28.074852, 33.876312, 33.182228>, 0.100000
	pigment { color rgbt <1,0,0,0> }
	no_shadow
}

// particle -1
sphere {
	<27.928238, 33.871643, 32.810097> 0.100000
	pigment { color rgbt <1,0,0,0> }
	no_shadow
}
sphere {
	0, 1
	scale<0.080000,0.200000,0.300000>
	matrix <0.393845, -0.907862, -0.143777,
		-0.842935, -0.419106, 0.337359,
		-0.366533, -0.011672, -0.930332,
		27.818277, 33.868141, 32.530998>
	pigment { color rgbt <0,1,1,0> }
	no_shadow
}
cylinder {
	<28.519112, 33.855991, 33.720295>,  <28.074852, 33.876312, 33.182228>, 0.130000
	pigment { color rgbt <1,0,0,0> }
	no_shadow
}

// nucleotide -1

// particle -1
sphere {
	<28.519112, 33.855991, 33.720295> 0.250000
	pigment { color rgbt <1,0,0,0> }
	no_shadow
}
cylinder {
	<28.595110, 33.503040, 33.548103>,  <28.640709, 33.291271, 33.444786>, 0.100000
	pigment { color rgbt <1,0,0,0> }
	no_shadow
}
cylinder {
	<28.595110, 33.503040, 33.548103>,  <28.519112, 33.855991, 33.720295>, 0.100000
	pigment { color rgbt <1,0,0,0> }
	no_shadow
}

// particle -1
sphere {
	<28.595110, 33.503040, 33.548103> 0.100000
	pigment { color rgbt <1,0,0,0> }
	no_shadow
}
sphere {
	0, 1
	scale<0.080000,0.200000,0.300000>
	matrix <0.284120, -0.370290, 0.884399,
		-0.939775, -0.290339, 0.180348,
		0.189995, -0.882376, -0.430481,
		28.652109, 33.238327, 33.418961>
	pigment { color rgbt <0,1,1,0> }
	no_shadow
}
cylinder {
	<27.992220, 33.338051, 33.902359>,  <28.519112, 33.855991, 33.720295>, 0.130000
	pigment { color rgbt <1,0,0,0> }
	no_shadow
}

// nucleotide -1

// particle -1
sphere {
	<27.992220, 33.338051, 33.902359> 0.250000
	pigment { color rgbt <1,0,0,0> }
	no_shadow
}
cylinder {
	<28.359022, 33.195023, 33.831657>,  <28.579103, 33.109203, 33.789238>, 0.100000
	pigment { color rgbt <1,0,0,0> }
	no_shadow
}
cylinder {
	<28.359022, 33.195023, 33.831657>,  <27.992220, 33.338051, 33.902359>, 0.100000
	pigment { color rgbt <1,0,0,0> }
	no_shadow
}

// particle -1
sphere {
	<28.359022, 33.195023, 33.831657> 0.100000
	pigment { color rgbt <1,0,0,0> }
	no_shadow
}
sphere {
	0, 1
	scale<0.080000,0.200000,0.300000>
	matrix <0.063562, -0.306469, 0.949756,
		-0.393781, -0.882165, -0.258306,
		0.917004, -0.357577, -0.176754,
		28.634123, 33.087749, 33.778633>
	pigment { color rgbt <0,1,1,0> }
	no_shadow
}
cylinder {
	<28.003265, 32.647018, 34.031647>,  <27.992220, 33.338051, 33.902359>, 0.130000
	pigment { color rgbt <1,0,0,0> }
	no_shadow
}

// nucleotide -1

// particle -1
sphere {
	<28.003265, 32.647018, 34.031647> 0.250000
	pigment { color rgbt <1,0,0,0> }
	no_shadow
}
cylinder {
	<28.377338, 32.777317, 34.087246>,  <28.601782, 32.855495, 34.120605>, 0.100000
	pigment { color rgbt <1,0,0,0> }
	no_shadow
}
cylinder {
	<28.377338, 32.777317, 34.087246>,  <28.003265, 32.647018, 34.031647>, 0.100000
	pigment { color rgbt <1,0,0,0> }
	no_shadow
}

// particle -1
sphere {
	<28.377338, 32.777317, 34.087246> 0.100000
	pigment { color rgbt <1,0,0,0> }
	no_shadow
}
sphere {
	0, 1
	scale<0.080000,0.200000,0.300000>
	matrix <-0.041328, -0.289410, 0.956312,
		0.351746, -0.900071, -0.257189,
		0.935182, 0.325750, 0.138997,
		28.657894, 32.875042, 34.128944>
	pigment { color rgbt <0,1,1,0> }
	no_shadow
}
cylinder {
	<28.439167, 32.104969, 34.420540>,  <28.003265, 32.647018, 34.031647>, 0.130000
	pigment { color rgbt <1,0,0,0> }
	no_shadow
}

// nucleotide -1

// particle -1
sphere {
	<28.439167, 32.104969, 34.420540> 0.250000
	pigment { color rgbt <1,0,0,0> }
	no_shadow
}
cylinder {
	<28.608915, 32.465431, 34.455929>,  <28.710764, 32.681709, 34.477161>, 0.100000
	pigment { color rgbt <1,0,0,0> }
	no_shadow
}
cylinder {
	<28.608915, 32.465431, 34.455929>,  <28.439167, 32.104969, 34.420540>, 0.100000
	pigment { color rgbt <1,0,0,0> }
	no_shadow
}

// particle -1
sphere {
	<28.608915, 32.465431, 34.455929> 0.100000
	pigment { color rgbt <1,0,0,0> }
	no_shadow
}
sphere {
	0, 1
	scale<0.080000,0.200000,0.300000>
	matrix <0.258670, -0.214290, 0.941897,
		0.867754, -0.376829, -0.324041,
		0.424373, 0.901155, 0.088477,
		28.736227, 32.735779, 34.482471>
	pigment { color rgbt <0,1,1,0> }
	no_shadow
}
cylinder {
	<28.946058, 31.957766, 34.909908>,  <28.439167, 32.104969, 34.420540>, 0.130000
	pigment { color rgbt <1,0,0,0> }
	no_shadow
}

// nucleotide -1

// particle -1
sphere {
	<28.946058, 31.957766, 34.909908> 0.250000
	pigment { color rgbt <1,0,0,0> }
	no_shadow
}
cylinder {
	<28.956112, 32.357395, 34.923885>,  <28.962145, 32.597172, 34.932270>, 0.100000
	pigment { color rgbt <1,0,0,0> }
	no_shadow
}
cylinder {
	<28.956112, 32.357395, 34.923885>,  <28.946058, 31.957766, 34.909908>, 0.100000
	pigment { color rgbt <1,0,0,0> }
	no_shadow
}

// particle -1
sphere {
	<28.956112, 32.357395, 34.923885> 0.100000
	pigment { color rgbt <1,0,0,0> }
	no_shadow
}
sphere {
	0, 1
	scale<0.080000,0.200000,0.300000>
	matrix <0.309534, -0.041014, 0.950004,
		0.950556, -0.013061, -0.310278,
		0.025134, 0.999073, 0.034943,
		28.963652, 32.657116, 34.934368>
	pigment { color rgbt <0,1,1,0> }
	no_shadow
}
cylinder {
	<29.543211, 32.218330, 35.314938>,  <28.946058, 31.957766, 34.909908>, 0.130000
	pigment { color rgbt <1,0,0,0> }
	no_shadow
}

// nucleotide -1

// particle -1
sphere {
	<29.543211, 32.218330, 35.314938> 0.250000
	pigment { color rgbt <1,0,0,0> }
	no_shadow
}
cylinder {
	<29.322573, 32.551430, 35.334023>,  <29.190189, 32.751289, 35.345474>, 0.100000
	pigment { color rgbt <1,0,0,0> }
	no_shadow
}
cylinder {
	<29.322573, 32.551430, 35.334023>,  <29.543211, 32.218330, 35.314938>, 0.100000
	pigment { color rgbt <1,0,0,0> }
	no_shadow
}

// particle -1
sphere {
	<29.322573, 32.551430, 35.334023> 0.100000
	pigment { color rgbt <1,0,0,0> }
	no_shadow
}
sphere {
	0, 1
	scale<0.080000,0.200000,0.300000>
	matrix <0.308764, 0.150714, 0.939122,
		0.774860, 0.532746, -0.340255,
		-0.551595, 0.832747, 0.047711,
		29.157095, 32.801254, 35.348335>
	pigment { color rgbt <0,1,1,0> }
	no_shadow
}
cylinder {
	<29.986256, 32.661846, 35.718193>,  <29.543211, 32.218330, 35.314938>, 0.130000
	pigment { color rgbt <1,0,0,0> }
	no_shadow
}

// nucleotide -1

// particle -1
sphere {
	<29.986256, 32.661846, 35.718193> 0.250000
	pigment { color rgbt <1,0,0,0> }
	no_shadow
}
cylinder {
	<29.600126, 32.765785, 35.728191>,  <29.368448, 32.828148, 35.734192>, 0.100000
	pigment { color rgbt <1,0,0,0> }
	no_shadow
}
cylinder {
	<29.600126, 32.765785, 35.728191>,  <29.986256, 32.661846, 35.718193>, 0.100000
	pigment { color rgbt <1,0,0,0> }
	no_shadow
}

// particle -1
sphere {
	<29.600126, 32.765785, 35.728191> 0.100000
	pigment { color rgbt <1,0,0,0> }
	no_shadow
}
sphere {
	0, 1
	scale<0.080000,0.200000,0.300000>
	matrix <0.035238, 0.034824, 0.998772,
		0.258661, 0.965021, -0.042773,
		-0.965325, 0.259851, 0.024998,
		29.310528, 32.843739, 35.735691>
	pigment { color rgbt <0,1,1,0> }
	no_shadow
}
cylinder {
	<29.877598, 33.282673, 36.203247>,  <29.986256, 32.661846, 35.718193>, 0.130000
	pigment { color rgbt <1,0,0,0> }
	no_shadow
}

// nucleotide -1

// particle -1
sphere {
	<29.877598, 33.282673, 36.203247> 0.250000
	pigment { color rgbt <1,0,0,0> }
	no_shadow
}
cylinder {
	<29.525230, 33.099712, 36.154648>,  <29.313810, 32.989937, 36.125488>, 0.100000
	pigment { color rgbt <1,0,0,0> }
	no_shadow
}
cylinder {
	<29.525230, 33.099712, 36.154648>,  <29.877598, 33.282673, 36.203247>, 0.100000
	pigment { color rgbt <1,0,0,0> }
	no_shadow
}

// particle -1
sphere {
	<29.525230, 33.099712, 36.154648> 0.100000
	pigment { color rgbt <1,0,0,0> }
	no_shadow
}
sphere {
	0, 1
	scale<0.080000,0.200000,0.300000>
	matrix <-0.103518, -0.064275, 0.992548,
		-0.461806, 0.886932, 0.009271,
		-0.880919, -0.457405, -0.121496,
		29.260954, 32.962490, 36.118198>
	pigment { color rgbt <0,1,1,0> }
	no_shadow
}
cylinder {
	<29.412878, 33.705936, 36.613934>,  <29.877598, 33.282673, 36.203247>, 0.130000
	pigment { color rgbt <1,0,0,0> }
	no_shadow
}

// nucleotide -1

// particle -1
sphere {
	<29.412878, 33.705936, 36.613934> 0.250000
	pigment { color rgbt <1,0,0,0> }
	no_shadow
}
cylinder {
	<29.189100, 33.379017, 36.558739>,  <29.054834, 33.182865, 36.525623>, 0.100000
	pigment { color rgbt <1,0,0,0> }
	no_shadow
}
cylinder {
	<29.189100, 33.379017, 36.558739>,  <29.412878, 33.705936, 36.613934>, 0.100000
	pigment { color rgbt <1,0,0,0> }
	no_shadow
}

// particle -1
sphere {
	<29.189100, 33.379017, 36.558739> 0.100000
	pigment { color rgbt <1,0,0,0> }
	no_shadow
}
sphere {
	0, 1
	scale<0.080000,0.200000,0.300000>
	matrix <-0.140978, -0.070221, 0.987519,
		-0.816792, 0.571913, -0.075937,
		-0.559443, -0.817303, -0.137984,
		29.021267, 33.133827, 36.517345>
	pigment { color rgbt <0,1,1,0> }
	no_shadow
}
cylinder {
	<28.754860, 33.827534, 36.900883>,  <29.412878, 33.705936, 36.613934>, 0.130000
	pigment { color rgbt <1,0,0,0> }
	no_shadow
}

// nucleotide -1

// particle -1
sphere {
	<28.754860, 33.827534, 36.900883> 0.250000
	pigment { color rgbt <1,0,0,0> }
	no_shadow
}
cylinder {
	<28.844887, 33.438171, 36.883831>,  <28.898903, 33.204552, 36.873600>, 0.100000
	pigment { color rgbt <1,0,0,0> }
	no_shadow
}
cylinder {
	<28.844887, 33.438171, 36.883831>,  <28.754860, 33.827534, 36.900883>, 0.100000
	pigment { color rgbt <1,0,0,0> }
	no_shadow
}

// particle -1
sphere {
	<28.844887, 33.438171, 36.883831> 0.100000
	pigment { color rgbt <1,0,0,0> }
	no_shadow
}
sphere {
	0, 1
	scale<0.080000,0.200000,0.300000>
	matrix <0.072682, -0.026854, 0.996993,
		-0.971628, -0.227489, 0.064706,
		0.225067, -0.973410, -0.042627,
		28.912407, 33.146149, 36.871044>
	pigment { color rgbt <0,1,1,0> }
	no_shadow
}
cylinder {
	<28.605701, 33.599514, 37.498558>,  <28.754860, 33.827534, 36.900883>, 0.130000
	pigment { color rgbt <1,0,0,0> }
	no_shadow
}

// nucleotide -1

// particle -1
sphere {
	<28.605701, 33.599514, 37.498558> 0.250000
	pigment { color rgbt <1,0,0,0> }
	no_shadow
}
cylinder {
	<28.841043, 33.306789, 37.360985>,  <28.982248, 33.131153, 37.278442>, 0.100000
	pigment { color rgbt <1,0,0,0> }
	no_shadow
}
cylinder {
	<28.841043, 33.306789, 37.360985>,  <28.605701, 33.599514, 37.498558>, 0.100000
	pigment { color rgbt <1,0,0,0> }
	no_shadow
}

// particle -1
sphere {
	<28.841043, 33.306789, 37.360985> 0.100000
	pigment { color rgbt <1,0,0,0> }
	no_shadow
}
sphere {
	0, 1
	scale<0.080000,0.200000,0.300000>
	matrix <0.184176, -0.292875, 0.938245,
		-0.787348, -0.615365, -0.037532,
		0.588355, -0.731813, -0.343930,
		29.017550, 33.087246, 37.257805>
	pigment { color rgbt <0,1,1,0> }
	no_shadow
}
cylinder {
	<29.022556, 33.027527, 37.817806>,  <28.605701, 33.599514, 37.498558>, 0.130000
	pigment { color rgbt <1,0,0,0> }
	no_shadow
}

// nucleotide -1

// particle -1
sphere {
	<29.022556, 33.027527, 37.817806> 0.250000
	pigment { color rgbt <1,0,0,0> }
	no_shadow
}
cylinder {
	<28.685741, 32.835831, 37.718769>,  <28.483652, 32.720814, 37.659348>, 0.100000
	pigment { color rgbt <1,0,0,0> }
	no_shadow
}
cylinder {
	<28.685741, 32.835831, 37.718769>,  <29.022556, 33.027527, 37.817806>, 0.100000
	pigment { color rgbt <1,0,0,0> }
	no_shadow
}

// particle -1
sphere {
	<28.685741, 32.835831, 37.718769> 0.100000
	pigment { color rgbt <1,0,0,0> }
	no_shadow
}
sphere {
	0, 1
	scale<0.080000,0.200000,0.300000>
	matrix <0.339693, -0.114558, -0.933534,
		0.419021, -0.870177, 0.259256,
		-0.842039, -0.479238, -0.247590,
		28.433130, 32.692059, 37.644493>
	pigment { color rgbt <0,1,1,0> }
	no_shadow
}
cylinder {
	<29.203306, 32.414440, 37.395042>,  <29.022556, 33.027527, 37.817806>, 0.130000
	pigment { color rgbt <1,0,0,0> }
	no_shadow
}

// nucleotide -1

// particle -1
sphere {
	<29.203306, 32.414440, 37.395042> 0.250000
	pigment { color rgbt <1,0,0,0> }
	no_shadow
}
cylinder {
	<28.841824, 32.569263, 37.321827>,  <28.624935, 32.662159, 37.277897>, 0.100000
	pigment { color rgbt <1,0,0,0> }
	no_shadow
}
cylinder {
	<28.841824, 32.569263, 37.321827>,  <29.203306, 32.414440, 37.395042>, 0.100000
	pigment { color rgbt <1,0,0,0> }
	no_shadow
}

// particle -1
sphere {
	<28.841824, 32.569263, 37.321827> 0.100000
	pigment { color rgbt <1,0,0,0> }
	no_shadow
}
sphere {
	0, 1
	scale<0.080000,0.200000,0.300000>
	matrix <0.251679, 0.134380, -0.958436,
		-0.346375, -0.912210, -0.218855,
		-0.903704, 0.387060, -0.183038,
		28.570713, 32.685383, 37.266914>
	pigment { color rgbt <0,1,1,0> }
	no_shadow
}
cylinder {
	<28.747860, 31.921923, 36.978760>,  <29.203306, 32.414440, 37.395042>, 0.130000
	pigment { color rgbt <1,0,0,0> }
	no_shadow
}

// nucleotide -1

// particle -1
sphere {
	<28.747860, 31.921923, 36.978760> 0.250000
	pigment { color rgbt <1,0,0,0> }
	no_shadow
}
cylinder {
	<28.679790, 32.312687, 36.927090>,  <28.638948, 32.547146, 36.896088>, 0.100000
	pigment { color rgbt <1,0,0,0> }
	no_shadow
}
cylinder {
	<28.679790, 32.312687, 36.927090>,  <28.747860, 31.921923, 36.978760>, 0.100000
	pigment { color rgbt <1,0,0,0> }
	no_shadow
}

// particle -1
sphere {
	<28.679790, 32.312687, 36.927090> 0.100000
	pigment { color rgbt <1,0,0,0> }
	no_shadow
}
sphere {
	0, 1
	scale<0.080000,0.200000,0.300000>
	matrix <0.113565, -0.110768, -0.987336,
		-0.978848, -0.182689, -0.092093,
		-0.170175, 0.976911, -0.129172,
		28.628738, 32.605759, 36.888336>
	pigment { color rgbt <0,1,1,0> }
	no_shadow
}
cylinder {
	<28.355516, 32.047092, 36.391315>,  <28.747860, 31.921923, 36.978760>, 0.130000
	pigment { color rgbt <1,0,0,0> }
	no_shadow
}

// nucleotide -1

// particle -1
sphere {
	<28.355516, 32.047092, 36.391315> 0.250000
	pigment { color rgbt <1,0,0,0> }
	no_shadow
}
cylinder {
	<28.549353, 32.393589, 36.439964>,  <28.665653, 32.601486, 36.469154>, 0.100000
	pigment { color rgbt <1,0,0,0> }
	no_shadow
}
cylinder {
	<28.549353, 32.393589, 36.439964>,  <28.355516, 32.047092, 36.391315>, 0.100000
	pigment { color rgbt <1,0,0,0> }
	no_shadow
}

// particle -1
sphere {
	<28.549353, 32.393589, 36.439964> 0.100000
	pigment { color rgbt <1,0,0,0> }
	no_shadow
}
sphere {
	0, 1
	scale<0.080000,0.200000,0.300000>
	matrix <0.228858, 0.008648, -0.973422,
		-0.844274, 0.499544, -0.194056,
		0.484589, 0.866245, 0.121626,
		28.694729, 32.653461, 36.476452>
	pigment { color rgbt <0,1,1,0> }
	no_shadow
}
cylinder {
	<28.080166, 32.489090, 35.901249>,  <28.355516, 32.047092, 36.391315>, 0.130000
	pigment { color rgbt <1,0,0,0> }
	no_shadow
}

// nucleotide -1

// particle -1
sphere {
	<28.080166, 32.489090, 35.901249> 0.250000
	pigment { color rgbt <1,0,0,0> }
	no_shadow
}
cylinder {
	<28.431604, 32.656944, 35.992439>,  <28.642467, 32.757656, 36.047153>, 0.100000
	pigment { color rgbt <1,0,0,0> }
	no_shadow
}
cylinder {
	<28.431604, 32.656944, 35.992439>,  <28.080166, 32.489090, 35.901249>, 0.100000
	pigment { color rgbt <1,0,0,0> }
	no_shadow
}

// particle -1
sphere {
	<28.431604, 32.656944, 35.992439> 0.100000
	pigment { color rgbt <1,0,0,0> }
	no_shadow
}
sphere {
	0, 1
	scale<0.080000,0.200000,0.300000>
	matrix <0.119162, 0.269648, -0.955558,
		-0.462458, 0.866717, 0.186907,
		0.878597, 0.419633, 0.227980,
		28.695183, 32.782833, 36.060833>
	pigment { color rgbt <0,1,1,0> }
	no_shadow
}
cylinder {
	<28.128607, 33.301167, 35.743923>,  <28.080166, 32.489090, 35.901249>, 0.130000
	pigment { color rgbt <1,0,0,0> }
	no_shadow
}

// nucleotide -1

// particle -1
sphere {
	<28.128607, 33.301167, 35.743923> 0.250000
	pigment { color rgbt <1,0,0,0> }
	no_shadow
}
cylinder {
	<28.491529, 33.133591, 35.729568>,  <28.709282, 33.033047, 35.720955>, 0.100000
	pigment { color rgbt <1,0,0,0> }
	no_shadow
}
cylinder {
	<28.491529, 33.133591, 35.729568>,  <28.128607, 33.301167, 35.743923>, 0.100000
	pigment { color rgbt <1,0,0,0> }
	no_shadow
}

// particle -1
sphere {
	<28.491529, 33.133591, 35.729568> 0.100000
	pigment { color rgbt <1,0,0,0> }
	no_shadow
}
sphere {
	0, 1
	scale<0.080000,0.200000,0.300000>
	matrix <0.027484, 0.144259, -0.989158,
		0.419573, 0.896482, 0.142401,
		0.907306, -0.418938, -0.035888,
		28.763721, 33.007908, 35.718803>
	pigment { color rgbt <0,1,1,0> }
	no_shadow
}
cylinder {
	<28.412798, 33.797127, 35.273323>,  <28.128607, 33.301167, 35.743923>, 0.130000
	pigment { color rgbt <1,0,0,0> }
	no_shadow
}

// nucleotide -1

// particle -1
sphere {
	<28.412798, 33.797127, 35.273323> 0.250000
	pigment { color rgbt <1,0,0,0> }
	no_shadow
}
cylinder {
	<28.608046, 33.449051, 35.300190>,  <28.725195, 33.240204, 35.316311>, 0.100000
	pigment { color rgbt <1,0,0,0> }
	no_shadow
}
cylinder {
	<28.608046, 33.449051, 35.300190>,  <28.412798, 33.797127, 35.273323>, 0.100000
	pigment { color rgbt <1,0,0,0> }
	no_shadow
}

// particle -1
sphere {
	<28.608046, 33.449051, 35.300190> 0.100000
	pigment { color rgbt <1,0,0,0> }
	no_shadow
}
sphere {
	0, 1
	scale<0.080000,0.200000,0.300000>
