// switches for output
#declare DRAW_BASES = 1; // possible values are 0, 1; only relevant for DNA ribbons
#declare DRAW_BASES_TYPE = 3; // possible values are 1, 2, 3; only relevant for DNA ribbons
#declare DRAW_FOG = 0; // set to 1 to enable fog

#include "colors.inc"

#include "transforms.inc"
background { rgb <1, 1, 1>}

#default {
   normal{
       ripples 0.25
       frequency 0.20
       turbulence 0.2
       lambda 5
   }
	finish {
		phong 0.1
		phong_size 40.
	}
}

// original window dimensions: 1024x640


// camera settings

camera {
	sky <0, 0.179814, -0.983701>
	up <0, 0.179814, -0.983701>
	right 1.6 * <1, 0, 0>
	location <35, 94.9851, 44.8844>
	look_at <35, 29.7336, 32.9568>
	direction <0, -65.2515, -11.9276>
	angle 67.0682
}


# declare cpy_camera_pos = <35, 94.9851, 44.8844>;
# if (DRAW_FOG = 1)
fog {
	fog_type 2
	up vnormalize(cpy_camera_pos)
	color rgbt<1,1,1,0.3>
	distance 1e-5
	fog_alt 3e-3
	fog_offset 56
}
# end


// LIGHTS

# declare lum = 6;
global_settings {
	ambient_light rgb lum * <0.05, 0.05, 0.05>
	max_trace_level 15
}# declare cpy_direct_light_amount = 0.25;
light_source
{	1000 * <-1, -1.16352, -0.803886>,
	rgb lum * cpy_direct_light_amount
	parallel
}

light_source
{	1000 * <1, 1.16352, 0.803886>,
	rgb lum * cpy_direct_light_amount
	parallel
}

// strand 0

// nucleotide -1

// particle -1
sphere {
	<24.697203, 35.011127, 35.002220> 0.250000
	pigment { color rgbt <1,0,0,0> }
	no_shadow
}
cylinder {
	<24.328003, 35.079754, 34.864445>,  <24.106483, 35.120930, 34.781780>, 0.100000
	pigment { color rgbt <1,0,0,0> }
	no_shadow
}
cylinder {
	<24.328003, 35.079754, 34.864445>,  <24.697203, 35.011127, 35.002220>, 0.100000
	pigment { color rgbt <1,0,0,0> }
	no_shadow
}

// particle -1
sphere {
	<24.328003, 35.079754, 34.864445> 0.100000
	pigment { color rgbt <1,0,0,0> }
	no_shadow
}
sphere {
	0, 1
	scale<0.080000,0.200000,0.300000>
	matrix <-0.306960, 0.211520, 0.927920,
		0.232051, 0.962198, -0.142570,
		-0.922999, 0.171562, -0.344440,
		24.051104, 35.131222, 34.761112>
	pigment { color rgbt <0,1,1,0> }
	no_shadow
}
cylinder {
	<24.393082, 35.661377, 35.273041>,  <24.697203, 35.011127, 35.002220>, 0.130000
	pigment { color rgbt <1,0,0,0> }
	no_shadow
}

// nucleotide -1

// particle -1
sphere {
	<24.393082, 35.661377, 35.273041> 0.250000
	pigment { color rgbt <1,0,0,0> }
	no_shadow
}
cylinder {
	<24.095448, 35.409946, 35.182503>,  <23.916866, 35.259090, 35.128181>, 0.100000
	pigment { color rgbt <1,0,0,0> }
	no_shadow
}
cylinder {
	<24.095448, 35.409946, 35.182503>,  <24.393082, 35.661377, 35.273041>, 0.100000
	pigment { color rgbt <1,0,0,0> }
	no_shadow
}

// particle -1
sphere {
	<24.095448, 35.409946, 35.182503> 0.100000
	pigment { color rgbt <1,0,0,0> }
	no_shadow
}
sphere {
	0, 1
	scale<0.080000,0.200000,0.300000>
	matrix <-0.385276, 0.126947, 0.914028,
		-0.545801, 0.767319, -0.336634,
		-0.744086, -0.628575, -0.226342,
		23.872221, 35.221375, 35.114601>
	pigment { color rgbt <0,1,1,0> }
	no_shadow
}
cylinder {
	<24.667326, 36.290318, 35.579414>,  <24.393082, 35.661377, 35.273041>, 0.130000
	pigment { color rgbt <1,0,0,0> }
	no_shadow
}

// nucleotide -1

// particle -1
sphere {
	<24.667326, 36.290318, 35.579414> 0.250000
	pigment { color rgbt <1,0,0,0> }
	no_shadow
}
cylinder {
	<24.384666, 36.543186, 35.706539>,  <24.215071, 36.694908, 35.782814>, 0.100000
	pigment { color rgbt <1,0,0,0> }
	no_shadow
}
cylinder {
	<24.384666, 36.543186, 35.706539>,  <24.667326, 36.290318, 35.579414>, 0.100000
	pigment { color rgbt <1,0,0,0> }
	no_shadow
}

// particle -1
sphere {
	<24.384666, 36.543186, 35.706539> 0.100000
	pigment { color rgbt <1,0,0,0> }
	no_shadow
}
sphere {
	0, 1
	scale<0.080000,0.200000,0.300000>
	matrix <0.216189, -0.234781, 0.947703,
		0.673728, 0.738401, 0.029239,
		-0.706649, 0.632173, 0.317813,
		24.172672, 36.732838, 35.801884>
	pigment { color rgbt <0,1,1,0> }
	no_shadow
}
cylinder {
	<24.895203, 36.833591, 36.139622>,  <24.667326, 36.290318, 35.579414>, 0.130000
	pigment { color rgbt <1,0,0,0> }
	no_shadow
}

// nucleotide -1

// particle -1
sphere {
	<24.895203, 36.833591, 36.139622> 0.250000
	pigment { color rgbt <1,0,0,0> }
	no_shadow
}
cylinder {
	<24.498095, 36.811028, 36.182003>,  <24.259830, 36.797489, 36.207432>, 0.100000
	pigment { color rgbt <1,0,0,0> }
	no_shadow
}
cylinder {
	<24.498095, 36.811028, 36.182003>,  <24.895203, 36.833591, 36.139622>, 0.100000
	pigment { color rgbt <1,0,0,0> }
	no_shadow
}

// particle -1
sphere {
	<24.498095, 36.811028, 36.182003> 0.100000
	pigment { color rgbt <1,0,0,0> }
	no_shadow
}
sphere {
	0, 1
	scale<0.080000,0.200000,0.300000>
	matrix <0.112571, -0.131201, 0.984944,
		-0.041664, 0.989749, 0.136603,
		-0.992770, -0.056414, 0.105951,
		24.200264, 36.794102, 36.213787>
	pigment { color rgbt <0,1,1,0> }
	no_shadow
}
cylinder {
	<25.549639, 37.017159, 35.905804>,  <24.895203, 36.833591, 36.139622>, 0.130000
	pigment { color rgbt <1,0,0,0> }
	no_shadow
}

// nucleotide -1

// particle -1
sphere {
	<25.549639, 37.017159, 35.905804> 0.250000
	pigment { color rgbt <1,0,0,0> }
	no_shadow
}
cylinder {
	<25.759571, 37.223301, 35.634815>,  <25.885530, 37.346985, 35.472221>, 0.100000
	pigment { color rgbt <1,0,0,0> }
	no_shadow
}
cylinder {
	<25.759571, 37.223301, 35.634815>,  <25.549639, 37.017159, 35.905804>, 0.100000
	pigment { color rgbt <1,0,0,0> }
	no_shadow
}

// particle -1
sphere {
	<25.759571, 37.223301, 35.634815> 0.100000
	pigment { color rgbt <1,0,0,0> }
	no_shadow
}
sphere {
	0, 1
	scale<0.080000,0.200000,0.300000>
	matrix <0.831546, -0.140345, 0.537434,
		0.181888, -0.845409, -0.502196,
		0.524832, 0.515352, -0.677469,
		25.917021, 37.377907, 35.431576>
	pigment { color rgbt <0,1,1,0> }
	no_shadow
}
cylinder {
	<26.207682, 36.630238, 35.590527>,  <25.549639, 37.017159, 35.905804>, 0.130000
	pigment { color rgbt <1,0,0,0> }
	no_shadow
}

// nucleotide -1

// particle -1
sphere {
	<26.207682, 36.630238, 35.590527> 0.250000
	pigment { color rgbt <1,0,0,0> }
	no_shadow
}
cylinder {
	<26.191347, 37.022194, 35.668644>,  <26.181547, 37.257370, 35.715515>, 0.100000
	pigment { color rgbt <1,0,0,0> }
	no_shadow
}
cylinder {
	<26.191347, 37.022194, 35.668644>,  <26.207682, 36.630238, 35.590527>, 0.100000
	pigment { color rgbt <1,0,0,0> }
	no_shadow
}

// particle -1
sphere {
	<26.191347, 37.022194, 35.668644> 0.100000
	pigment { color rgbt <1,0,0,0> }
	no_shadow
}
sphere {
	0, 1
	scale<0.080000,0.200000,0.300000>
	matrix <0.704432, -0.110383, 0.701135,
		0.708596, 0.166204, -0.685761,
		-0.040835, 0.979894, 0.195297,
		26.179096, 37.316162, 35.727234>
	pigment { color rgbt <0,1,1,0> }
	no_shadow
}
cylinder {
	<26.689457, 36.738678, 34.938789>,  <26.207682, 36.630238, 35.590527>, 0.130000
	pigment { color rgbt <1,0,0,0> }
	no_shadow
}

// nucleotide -1

// particle -1
sphere {
	<26.689457, 36.738678, 34.938789> 0.250000
	pigment { color rgbt <1,0,0,0> }
	no_shadow
}
cylinder {
	<27.071068, 36.793465, 34.832150>,  <27.300034, 36.826336, 34.768166>, 0.100000
	pigment { color rgbt <1,0,0,0> }
	no_shadow
}
cylinder {
	<27.071068, 36.793465, 34.832150>,  <26.689457, 36.738678, 34.938789>, 0.100000
	pigment { color rgbt <1,0,0,0> }
	no_shadow
}

// particle -1
sphere {
	<27.071068, 36.793465, 34.832150> 0.100000
	pigment { color rgbt <1,0,0,0> }
	no_shadow
}
sphere {
	0, 1
	scale<0.080000,0.200000,0.300000>
	matrix <-0.117757, -0.646680, -0.753617,
		-0.275623, 0.750364, -0.600821,
		0.954026, 0.136964, -0.266601,
		27.357275, 36.834553, 34.752171>
	pigment { color rgbt <0,1,1,0> }
	no_shadow
}
cylinder {
	<26.755539, 36.852734, 34.220795>,  <26.689457, 36.738678, 34.938789>, 0.130000
	pigment { color rgbt <1,0,0,0> }
	no_shadow
}

// nucleotide -1

// particle -1
sphere {
	<26.755539, 36.852734, 34.220795> 0.250000
	pigment { color rgbt <1,0,0,0> }
	no_shadow
}
cylinder {
	<27.075001, 36.657562, 34.361691>,  <27.266678, 36.540459, 34.446228>, 0.100000
	pigment { color rgbt <1,0,0,0> }
	no_shadow
}
cylinder {
	<27.075001, 36.657562, 34.361691>,  <26.755539, 36.852734, 34.220795>, 0.100000
	pigment { color rgbt <1,0,0,0> }
	no_shadow
}

// particle -1
sphere {
	<27.075001, 36.657562, 34.361691> 0.100000
	pigment { color rgbt <1,0,0,0> }
	no_shadow
}
sphere {
	0, 1
	scale<0.080000,0.200000,0.300000>
	matrix <-0.131130, -0.712356, -0.689459,
		0.587329, 0.504451, -0.632909,
		0.798655, -0.487932, 0.352239,
		27.314598, 36.511181, 34.467361>
	pigment { color rgbt <0,1,1,0> }
	no_shadow
}
cylinder {
	<27.102495, 36.757786, 33.593151>,  <26.755539, 36.852734, 34.220795>, 0.130000
	pigment { color rgbt <1,0,0,0> }
	no_shadow
}

// nucleotide -1

// particle -1
sphere {
	<27.102495, 36.757786, 33.593151> 0.250000
	pigment { color rgbt <1,0,0,0> }
	no_shadow
}
cylinder {
	<27.188217, 36.473881, 33.861572>,  <27.239651, 36.303539, 34.022625>, 0.100000
	pigment { color rgbt <1,0,0,0> }
	no_shadow
}
cylinder {
	<27.188217, 36.473881, 33.861572>,  <27.102495, 36.757786, 33.593151>, 0.100000
	pigment { color rgbt <1,0,0,0> }
	no_shadow
}

// particle -1
sphere {
	<27.188217, 36.473881, 33.861572> 0.100000
	pigment { color rgbt <1,0,0,0> }
	no_shadow
}
sphere {
	0, 1
	scale<0.080000,0.200000,0.300000>
	matrix <-0.313551, -0.700646, -0.640922,
		0.925073, -0.073059, -0.372696,
		0.214303, -0.709759, 0.671056,
		27.252508, 36.260952, 34.062889>
	pigment { color rgbt <0,1,1,0> }
	no_shadow
}
cylinder {
	<27.481920, 36.265598, 33.314011>,  <27.102495, 36.757786, 33.593151>, 0.130000
	pigment { color rgbt <1,0,0,0> }
	no_shadow
}

// nucleotide -1

// particle -1
sphere {
	<27.481920, 36.265598, 33.314011> 0.250000
	pigment { color rgbt <1,0,0,0> }
	no_shadow
}
cylinder {
	<27.344534, 36.054459, 33.624729>,  <27.262102, 35.927776, 33.811161>, 0.100000
	pigment { color rgbt <1,0,0,0> }
	no_shadow
}
cylinder {
	<27.344534, 36.054459, 33.624729>,  <27.481920, 36.265598, 33.314011>, 0.100000
	pigment { color rgbt <1,0,0,0> }
	no_shadow
}

// particle -1
sphere {
	<27.344534, 36.054459, 33.624729> 0.100000
	pigment { color rgbt <1,0,0,0> }
	no_shadow
}
sphere {
	0, 1
	scale<0.080000,0.200000,0.300000>
	matrix <-0.387909, -0.673528, -0.629195,
		0.855311, -0.517432, 0.026577,
		-0.343466, -0.527849, 0.776793,
		27.241493, 35.896103, 33.857765>
	pigment { color rgbt <0,1,1,0> }
	no_shadow
}
cylinder {
	<27.788877, 35.595467, 33.201149>,  <27.481920, 36.265598, 33.314011>, 0.130000
	pigment { color rgbt <1,0,0,0> }
	no_shadow
}

// nucleotide -1

// particle -1
sphere {
	<27.788877, 35.595467, 33.201149> 0.250000
	pigment { color rgbt <1,0,0,0> }
	no_shadow
}
cylinder {
	<27.447596, 35.586189, 33.409573>,  <27.242826, 35.580624, 33.534626>, 0.100000
	pigment { color rgbt <1,0,0,0> }
	no_shadow
}
cylinder {
	<27.447596, 35.586189, 33.409573>,  <27.788877, 35.595467, 33.201149>, 0.100000
	pigment { color rgbt <1,0,0,0> }
	no_shadow
}

// particle -1
sphere {
	<27.447596, 35.586189, 33.409573> 0.100000
	pigment { color rgbt <1,0,0,0> }
	no_shadow
}
sphere {
	0, 1
	scale<0.080000,0.200000,0.300000>
	matrix <-0.327915, -0.753032, -0.570450,
		0.405606, -0.657575, 0.634885,
		-0.853203, -0.023190, 0.521063,
		27.191635, 35.579231, 33.565891>
	pigment { color rgbt <0,1,1,0> }
	no_shadow
}
cylinder {
	<27.653715, 34.905972, 33.405804>,  <27.788877, 35.595467, 33.201149>, 0.130000
	pigment { color rgbt <1,0,0,0> }
	no_shadow
}

// nucleotide -1

// particle -1
sphere {
	<27.653715, 34.905972, 33.405804> 0.250000
	pigment { color rgbt <1,0,0,0> }
	no_shadow
}
cylinder {
	<27.309654, 35.097961, 33.336796>,  <27.103218, 35.213154, 33.295391>, 0.100000
	pigment { color rgbt <1,0,0,0> }
	no_shadow
}
cylinder {
	<27.309654, 35.097961, 33.336796>,  <27.653715, 34.905972, 33.405804>, 0.100000
	pigment { color rgbt <1,0,0,0> }
	no_shadow
}

// particle -1
sphere {
	<27.309654, 35.097961, 33.336796> 0.100000
	pigment { color rgbt <1,0,0,0> }
	no_shadow
}
sphere {
	0, 1
	scale<0.080000,0.200000,0.300000>
	matrix <-0.268974, -0.714258, -0.646134,
		-0.433349, -0.509371, 0.743471,
		-0.860152, 0.479976, -0.172515,
		27.051609, 35.241955, 33.285042>
	pigment { color rgbt <0,1,1,0> }
	no_shadow
}
cylinder {
	<27.082491, 34.390205, 33.446384>,  <27.653715, 34.905972, 33.405804>, 0.130000
	pigment { color rgbt <1,0,0,0> }
	no_shadow
}

// nucleotide -1

// particle -1
sphere {
	<27.082491, 34.390205, 33.446384> 0.250000
	pigment { color rgbt <1,0,0,0> }
	no_shadow
}
cylinder {
	<27.004301, 34.708553, 33.217167>,  <26.957388, 34.899563, 33.079636>, 0.100000
	pigment { color rgbt <1,0,0,0> }
	no_shadow
}
cylinder {
	<27.004301, 34.708553, 33.217167>,  <27.082491, 34.390205, 33.446384>, 0.100000
	pigment { color rgbt <1,0,0,0> }
	no_shadow
}

// particle -1
sphere {
	<27.004301, 34.708553, 33.217167> 0.100000
	pigment { color rgbt <1,0,0,0> }
	no_shadow
}
sphere {
	0, 1
	scale<0.080000,0.200000,0.300000>
	matrix <-0.487616, -0.585841, -0.647318,
		-0.850894, 0.152889, 0.502598,
		-0.195475, 0.795874, -0.573040,
		26.945658, 34.947315, 33.045254>
	pigment { color rgbt <0,1,1,0> }
	no_shadow
}
cylinder {
	<26.297518, 34.553528, 33.353783>,  <27.082491, 34.390205, 33.446384>, 0.130000
	pigment { color rgbt <1,0,0,0> }
	no_shadow
}

// nucleotide -1

// particle -1
sphere {
	<26.297518, 34.553528, 33.353783> 0.250000
	pigment { color rgbt <1,0,0,0> }
	no_shadow
}
cylinder {
	<26.515244, 34.671585, 33.039684>,  <26.645880, 34.742420, 32.851227>, 0.100000
	pigment { color rgbt <1,0,0,0> }
	no_shadow
}
cylinder {
	<26.515244, 34.671585, 33.039684>,  <26.297518, 34.553528, 33.353783>, 0.100000
	pigment { color rgbt <1,0,0,0> }
	no_shadow
}

// particle -1
sphere {
	<26.515244, 34.671585, 33.039684> 0.100000
	pigment { color rgbt <1,0,0,0> }
	no_shadow
}
sphere {
	0, 1
	scale<0.080000,0.200000,0.300000>
	matrix <-0.666547, -0.416190, -0.618466,
		-0.509347, 0.860044, -0.029813,
		0.544316, 0.295142, -0.785246,
		26.678539, 34.760128, 32.804111>
	pigment { color rgbt <0,1,1,0> }
	no_shadow
}
cylinder {
	<25.912571, 35.127464, 32.961491>,  <26.297518, 34.553528, 33.353783>, 0.130000
	pigment { color rgbt <1,0,0,0> }
	no_shadow
}

// nucleotide -1

// particle -1
sphere {
	<25.912571, 35.127464, 32.961491> 0.250000
	pigment { color rgbt <1,0,0,0> }
	no_shadow
}
cylinder {
	<26.161625, 34.961739, 32.695957>,  <26.311058, 34.862305, 32.536636>, 0.100000
	pigment { color rgbt <1,0,0,0> }
	no_shadow
}
cylinder {
	<26.161625, 34.961739, 32.695957>,  <25.912571, 35.127464, 32.961491>, 0.100000
	pigment { color rgbt <1,0,0,0> }
	no_shadow
}

// particle -1
sphere {
	<26.161625, 34.961739, 32.695957> 0.100000
	pigment { color rgbt <1,0,0,0> }
	no_shadow
}
sphere {
	0, 1
	scale<0.080000,0.200000,0.300000>
	matrix <-0.759576, -0.116112, -0.639971,
		0.188069, 0.902697, -0.386997,
		0.622635, -0.414312, -0.663830,
		26.348415, 34.837444, 32.496807>
	pigment { color rgbt <0,1,1,0> }
	no_shadow
}
cylinder {
	<26.159061, 35.626362, 33.350010>,  <25.912571, 35.127464, 32.961491>, 0.130000
	pigment { color rgbt <1,0,0,0> }
	no_shadow
}

// nucleotide -1

// particle -1
sphere {
	<26.159061, 35.626362, 33.350010> 0.250000
	pigment { color rgbt <1,0,0,0> }
	no_shadow
}
cylinder {
	<26.447632, 35.370857, 33.456993>,  <26.620773, 35.217556, 33.521183>, 0.100000
	pigment { color rgbt <1,0,0,0> }
	no_shadow
}
cylinder {
	<26.447632, 35.370857, 33.456993>,  <26.159061, 35.626362, 33.350010>, 0.100000
	pigment { color rgbt <1,0,0,0> }
	no_shadow
}

// particle -1
sphere {
	<26.447632, 35.370857, 33.456993> 0.100000
	pigment { color rgbt <1,0,0,0> }
	no_shadow
}
sphere {
	0, 1
	scale<0.080000,0.200000,0.300000>
	matrix <0.266661, 0.612688, 0.743980,
		-0.639093, -0.465404, 0.612340,
		0.721424, -0.638759, 0.267459,
		26.664059, 35.179230, 33.537231>
	pigment { color rgbt <0,1,1,0> }
	no_shadow
}
cylinder {
	<26.040833, 35.457043, 34.159771>,  <26.159061, 35.626362, 33.350010>, 0.130000
	pigment { color rgbt <1,0,0,0> }
	no_shadow
}

// nucleotide -1

// particle -1
sphere {
	<26.040833, 35.457043, 34.159771> 0.250000
	pigment { color rgbt <1,0,0,0> }
	no_shadow
}
cylinder {
	<26.412174, 35.450619, 34.011230>,  <26.634979, 35.446762, 33.922108>, 0.100000
	pigment { color rgbt <1,0,0,0> }
	no_shadow
}
cylinder {
	<26.412174, 35.450619, 34.011230>,  <26.040833, 35.457043, 34.159771>, 0.100000
	pigment { color rgbt <1,0,0,0> }
	no_shadow
}

// particle -1
sphere {
	<26.412174, 35.450619, 34.011230> 0.100000
	pigment { color rgbt <1,0,0,0> }
	no_shadow
}
sphere {
	0, 1
	scale<0.080000,0.200000,0.300000>
	matrix <0.305062, 0.603706, 0.736530,
		0.212353, -0.797045, 0.565354,
		0.928356, -0.016063, -0.371347,
		26.690681, 35.445801, 33.899826>
	pigment { color rgbt <0,1,1,0> }
	no_shadow
}
cylinder {
	<26.519926, 35.258270, 34.690437>,  <26.040833, 35.457043, 34.159771>, 0.130000
	pigment { color rgbt <1,0,0,0> }
	no_shadow
}

// nucleotide -1

// particle -1
sphere {
	<26.519926, 35.258270, 34.690437> 0.250000
	pigment { color rgbt <1,0,0,0> }
	no_shadow
}
cylinder {
	<26.748140, 35.449181, 34.423096>,  <26.885069, 35.563725, 34.262691>, 0.100000
	pigment { color rgbt <1,0,0,0> }
	no_shadow
}
cylinder {
	<26.748140, 35.449181, 34.423096>,  <26.519926, 35.258270, 34.690437>, 0.100000
	pigment { color rgbt <1,0,0,0> }
	no_shadow
}

// particle -1
sphere {
	<26.748140, 35.449181, 34.423096> 0.100000
	pigment { color rgbt <1,0,0,0> }
	no_shadow
}
sphere {
	0, 1
	scale<0.080000,0.200000,0.300000>
	matrix <0.425035, 0.524752, 0.737551,
		0.702735, -0.704872, 0.096530,
		0.570534, 0.477274, -0.668357,
		26.919300, 35.592361, 34.222588>
	pigment { color rgbt <0,1,1,0> }
	no_shadow
}
cylinder {
	<27.244650, 35.234035, 34.952847>,  <26.519926, 35.258270, 34.690437>, 0.130000
	pigment { color rgbt <1,0,0,0> }
	no_shadow
}

// nucleotide -1

// particle -1
sphere {
	<27.244650, 35.234035, 34.952847> 0.250000
	pigment { color rgbt <1,0,0,0> }
	no_shadow
}
cylinder {
	<27.211803, 35.562664, 34.727184>,  <27.192097, 35.759842, 34.591785>, 0.100000
	pigment { color rgbt <1,0,0,0> }
	no_shadow
}
cylinder {
	<27.211803, 35.562664, 34.727184>,  <27.244650, 35.234035, 34.952847>, 0.100000
	pigment { color rgbt <1,0,0,0> }
	no_shadow
}

// particle -1
sphere {
	<27.211803, 35.562664, 34.727184> 0.100000
	pigment { color rgbt <1,0,0,0> }
	no_shadow
}
sphere {
	0, 1
	scale<0.080000,0.200000,0.300000>
	matrix <0.529254, 0.515600, 0.673830,
		0.844481, -0.243250, -0.477160,
		-0.082115, 0.821576, -0.564155,
		27.187168, 35.809135, 34.557938>
	pigment { color rgbt <0,1,1,0> }
	no_shadow
}
cylinder {
	<27.929379, 35.515240, 34.782970>,  <27.244650, 35.234035, 34.952847>, 0.130000
	pigment { color rgbt <1,0,0,0> }
	no_shadow
}

// nucleotide -1

// particle -1
sphere {
	<27.929379, 35.515240, 34.782970> 0.250000
	pigment { color rgbt <1,0,0,0> }
	no_shadow
}
cylinder {
	<27.647087, 35.798050, 34.801163>,  <27.477713, 35.967735, 34.812077>, 0.100000
	pigment { color rgbt <1,0,0,0> }
	no_shadow
}
cylinder {
	<27.647087, 35.798050, 34.801163>,  <27.929379, 35.515240, 34.782970>, 0.100000
	pigment { color rgbt <1,0,0,0> }
	no_shadow
}

// particle -1
sphere {
	<27.647087, 35.798050, 34.801163> 0.100000
	pigment { color rgbt <1,0,0,0> }
	no_shadow
}
sphere {
	0, 1
	scale<0.080000,0.200000,0.300000>
	matrix <0.571377, 0.530025, 0.626579,
		0.418899, 0.468181, -0.778029,
		-0.705728, 0.707022, 0.045481,
		27.435369, 36.010155, 34.814808>
	pigment { color rgbt <0,1,1,0> }
	no_shadow
}
cylinder {
	<28.264528, 36.121605, 34.720608>,  <27.929379, 35.515240, 34.782970>, 0.130000
	pigment { color rgbt <1,0,0,0> }
	no_shadow
}

// nucleotide -1

// particle -1
sphere {
	<28.264528, 36.121605, 34.720608> 0.250000
	pigment { color rgbt <1,0,0,0> }
	no_shadow
}
cylinder {
	<27.914995, 36.197823, 34.899544>,  <27.705275, 36.243553, 35.006905>, 0.100000
	pigment { color rgbt <1,0,0,0> }
	no_shadow
}
cylinder {
	<27.914995, 36.197823, 34.899544>,  <28.264528, 36.121605, 34.720608>, 0.100000
	pigment { color rgbt <1,0,0,0> }
	no_shadow
}

// particle -1
sphere {
	<27.914995, 36.197823, 34.899544> 0.100000
	pigment { color rgbt <1,0,0,0> }
	no_shadow
}
sphere {
	0, 1
	scale<0.080000,0.200000,0.300000>
	matrix <0.482721, 0.450237, 0.751177,
		-0.058275, 0.872342, -0.485411,
		-0.873833, 0.190543, 0.447335,
		27.652845, 36.254986, 35.033745>
	pigment { color rgbt <0,1,1,0> }
	no_shadow
}
cylinder {
	<28.250820, 36.818218, 34.874115>,  <28.264528, 36.121605, 34.720608>, 0.130000
	pigment { color rgbt <1,0,0,0> }
	no_shadow
}

// nucleotide -1

// particle -1
sphere {
	<28.250820, 36.818218, 34.874115> 0.250000
	pigment { color rgbt <1,0,0,0> }
	no_shadow
}
cylinder {
	<28.092279, 36.597477, 35.167606>,  <27.997154, 36.465031, 35.343700>, 0.100000
	pigment { color rgbt <1,0,0,0> }
	no_shadow
}
cylinder {
	<28.092279, 36.597477, 35.167606>,  <28.250820, 36.818218, 34.874115>, 0.100000
	pigment { color rgbt <1,0,0,0> }
	no_shadow
}

// particle -1
sphere {
	<28.092279, 36.597477, 35.167606> 0.100000
	pigment { color rgbt <1,0,0,0> }
	no_shadow
}
sphere {
	0, 1
	scale<0.080000,0.200000,0.300000>
	matrix <0.792352, 0.198089, 0.577009,
		-0.463771, 0.810071, 0.358751,
		-0.396353, -0.551857, 0.733729,
		27.973373, 36.431919, 35.387726>
	pigment { color rgbt <0,1,1,0> }
	no_shadow
}
cylinder {
	<28.040056, 37.279739, 35.517384>,  <28.250820, 36.818218, 34.874115>, 0.130000
	pigment { color rgbt <1,0,0,0> }
	no_shadow
}

// nucleotide -1

// particle -1
sphere {
	<28.040056, 37.279739, 35.517384> 0.250000
	pigment { color rgbt <1,0,0,0> }
	no_shadow
}
cylinder {
	<28.122501, 36.898216, 35.604805>,  <28.171968, 36.669300, 35.657257>, 0.100000
	pigment { color rgbt <1,0,0,0> }
	no_shadow
}
cylinder {
	<28.122501, 36.898216, 35.604805>,  <28.040056, 37.279739, 35.517384>, 0.100000
	pigment { color rgbt <1,0,0,0> }
	no_shadow
}

// particle -1
sphere {
	<28.122501, 36.898216, 35.604805> 0.100000
	pigment { color rgbt <1,0,0,0> }
	no_shadow
}
sphere {
	0, 1
	scale<0.080000,0.200000,0.300000>
	matrix <0.698716, 0.299822, 0.649540,
		-0.685064, 0.018829, 0.728239,
		0.206112, -0.953809, 0.218553,
		28.184336, 36.612072, 35.670372>
	pigment { color rgbt <0,1,1,0> }
	no_shadow
}
cylinder {
	<28.207821, 37.147675, 36.264969>,  <28.040056, 37.279739, 35.517384>, 0.130000
	pigment { color rgbt <1,0,0,0> }
	no_shadow
}

// nucleotide -1

// particle -1
sphere {
	<28.207821, 37.147675, 36.264969> 0.250000
	pigment { color rgbt <1,0,0,0> }
	no_shadow
}
cylinder {
	<28.352354, 36.821651, 36.083809>,  <28.439074, 36.626038, 35.975113>, 0.100000
	pigment { color rgbt <1,0,0,0> }
	no_shadow
}
cylinder {
	<28.352354, 36.821651, 36.083809>,  <28.207821, 37.147675, 36.264969>, 0.100000
	pigment { color rgbt <1,0,0,0> }
	no_shadow
}

// particle -1
sphere {
	<28.352354, 36.821651, 36.083809> 0.100000
	pigment { color rgbt <1,0,0,0> }
	no_shadow
}
sphere {
	0, 1
	scale<0.080000,0.200000,0.300000>
	matrix <0.749281, -0.035300, 0.661311,
		-0.554993, -0.578306, 0.597951,
		0.361333, -0.815056, -0.452904,
		28.460754, 36.577133, 35.947937>
	pigment { color rgbt <0,1,1,0> }
	no_shadow
}
cylinder {
	<28.669388, 36.806595, 36.739292>,  <28.207821, 37.147675, 36.264969>, 0.130000
	pigment { color rgbt <1,0,0,0> }
	no_shadow
}

// nucleotide -1

// particle -1
sphere {
	<28.669388, 36.806595, 36.739292> 0.250000
	pigment { color rgbt <1,0,0,0> }
	no_shadow
}
cylinder {
	<28.732912, 36.620251, 36.391098>,  <28.771027, 36.508446, 36.182182>, 0.100000
	pigment { color rgbt <1,0,0,0> }
	no_shadow
}
cylinder {
	<28.732912, 36.620251, 36.391098>,  <28.669388, 36.806595, 36.739292>, 0.100000
	pigment { color rgbt <1,0,0,0> }
	no_shadow
}

// particle -1
sphere {
	<28.732912, 36.620251, 36.391098> 0.100000
	pigment { color rgbt <1,0,0,0> }
	no_shadow
}
sphere {
	0, 1
	scale<0.080000,0.200000,0.300000>
	matrix <0.852897, -0.379396, 0.358644,
		-0.497338, -0.799395, 0.337078,
		0.158813, -0.465860, -0.870490,
		28.780556, 36.480492, 36.129951>
	pigment { color rgbt <0,1,1,0> }
	no_shadow
}
cylinder {
	<28.884413, 37.412956, 36.433712>,  <28.669388, 36.806595, 36.739292>, 0.130000
	pigment { color rgbt <1,0,0,0> }
	no_shadow
}

// nucleotide -1

// particle -1
sphere {
	<28.884413, 37.412956, 36.433712> 0.250000
	pigment { color rgbt <1,0,0,0> }
	no_shadow
}
cylinder {
	<28.872549, 37.805614, 36.509064>,  <28.865431, 38.041210, 36.554276>, 0.100000
	pigment { color rgbt <1,0,0,0> }
	no_shadow
}
cylinder {
	<28.872549, 37.805614, 36.509064>,  <28.884413, 37.412956, 36.433712>, 0.100000
	pigment { color rgbt <1,0,0,0> }
	no_shadow
}

// particle -1
sphere {
	<28.872549, 37.805614, 36.509064> 0.100000
	pigment { color rgbt <1,0,0,0> }
	no_shadow
}
sphere {
	0, 1
	scale<0.080000,0.200000,0.300000>
	matrix <0.736759, -0.105893, 0.667812,
		0.675505, 0.158596, -0.720097,
		-0.029659, 0.981649, 0.188378,
		28.863651, 38.100109, 36.565578>
	pigment { color rgbt <0,1,1,0> }
	no_shadow
}
cylinder {
	<29.553904, 37.788261, 36.458389>,  <28.884413, 37.412956, 36.433712>, 0.130000
	pigment { color rgbt <1,0,0,0> }
	no_shadow
}

// nucleotide -1

// particle -1
sphere {
	<29.553904, 37.788261, 36.458389> 0.250000
	pigment { color rgbt <1,0,0,0> }
	no_shadow
}
cylinder {
	<29.319456, 37.994320, 36.708538>,  <29.178787, 38.117954, 36.858627>, 0.100000
	pigment { color rgbt <1,0,0,0> }
	no_shadow
}
cylinder {
	<29.319456, 37.994320, 36.708538>,  <29.553904, 37.788261, 36.458389>, 0.100000
	pigment { color rgbt <1,0,0,0> }
	no_shadow
}

// particle -1
sphere {
	<29.319456, 37.994320, 36.708538> 0.100000
	pigment { color rgbt <1,0,0,0> }
	no_shadow
}
sphere {
	0, 1
	scale<0.080000,0.200000,0.300000>
	matrix <0.755500, 0.068636, 0.651543,
		0.292717, 0.854349, -0.429422,
		-0.586120, 0.515146, 0.625370,
		29.143620, 38.148865, 36.896149>
	pigment { color rgbt <0,1,1,0> }
	no_shadow
}
cylinder {
	<29.720976, 38.497936, 36.650845>,  <29.553904, 37.788261, 36.458389>, 0.130000
	pigment { color rgbt <1,0,0,0> }
	no_shadow
}

// nucleotide -1

// particle -1
sphere {
	<29.720976, 38.497936, 36.650845> 0.250000
	pigment { color rgbt <1,0,0,0> }
	no_shadow
}
cylinder {
	<29.530857, 38.264103, 36.913860>,  <29.416786, 38.123802, 37.071671>, 0.100000
	pigment { color rgbt <1,0,0,0> }
	no_shadow
}
cylinder {
	<29.530857, 38.264103, 36.913860>,  <29.720976, 38.497936, 36.650845>, 0.100000
	pigment { color rgbt <1,0,0,0> }
	no_shadow
}

// particle -1
sphere {
	<29.530857, 38.264103, 36.913860> 0.100000
	pigment { color rgbt <1,0,0,0> }
	no_shadow
}
sphere {
	0, 1
	scale<0.080000,0.200000,0.300000>
	matrix <0.865273, -0.175211, 0.469684,
		-0.159362, 0.792188, 0.589102,
		-0.475295, -0.584584, 0.657537,
		29.388269, 38.088726, 37.111122>
	pigment { color rgbt <0,1,1,0> }
	no_shadow
}
cylinder {
	<30.315109, 38.596535, 37.070274>,  <29.720976, 38.497936, 36.650845>, 0.130000
	pigment { color rgbt <1,0,0,0> }
	no_shadow
}

// nucleotide -1

// particle -1
sphere {
	<30.315109, 38.596535, 37.070274> 0.250000
	pigment { color rgbt <1,0,0,0> }
	no_shadow
}
cylinder {
	<30.513094, 38.252327, 37.022064>,  <30.631886, 38.045803, 36.993137>, 0.100000
	pigment { color rgbt <1,0,0,0> }
	no_shadow
}
cylinder {
	<30.513094, 38.252327, 37.022064>,  <30.315109, 38.596535, 37.070274>, 0.100000
	pigment { color rgbt <1,0,0,0> }
	no_shadow
}

// particle -1
sphere {
	<30.513094, 38.252327, 37.022064> 0.100000
	pigment { color rgbt <1,0,0,0> }
	no_shadow
}
sphere {
	0, 1
	scale<0.080000,0.200000,0.300000>
	matrix <0.534776, 0.192358, 0.822808,
		-0.684856, -0.471711, 0.555393,
		0.494962, -0.860516, -0.120523,
		30.661583, 37.994171, 36.985909>
	pigment { color rgbt <0,1,1,0> }
	no_shadow
}
cylinder {
	<30.299129, 38.211205, 37.666325>,  <30.315109, 38.596535, 37.070274>, 0.130000
	pigment { color rgbt <1,0,0,0> }
	no_shadow
}

// nucleotide -1

// particle -1
sphere {
	<30.299129, 38.211205, 37.666325> 0.250000
	pigment { color rgbt <1,0,0,0> }
	no_shadow
}
cylinder {
	<30.635439, 38.174805, 37.452850>,  <30.837225, 38.152966, 37.324764>, 0.100000
	pigment { color rgbt <1,0,0,0> }
	no_shadow
}
cylinder {
	<30.635439, 38.174805, 37.452850>,  <30.299129, 38.211205, 37.666325>, 0.100000
	pigment { color rgbt <1,0,0,0> }
	no_shadow
}

// particle -1
sphere {
	<30.635439, 38.174805, 37.452850> 0.100000
	pigment { color rgbt <1,0,0,0> }
	no_shadow
}
sphere {
	0, 1
	scale<0.080000,0.200000,0.300000>
	matrix <0.538996, 0.233293, 0.809356,
		0.050851, -0.968139, 0.245196,
		0.840772, -0.091004, -0.533686,
		30.887671, 38.147503, 37.292744>
	pigment { color rgbt <0,1,1,0> }
	no_shadow
}
cylinder {
	<30.742760, 37.780594, 38.039612>,  <30.299129, 38.211205, 37.666325>, 0.130000
	pigment { color rgbt <1,0,0,0> }
	no_shadow
}

// nucleotide -1

// particle -1
sphere {
	<30.742760, 37.780594, 38.039612> 0.250000
	pigment { color rgbt <1,0,0,0> }
	no_shadow
}
cylinder {
	<30.967926, 38.031292, 37.824089>,  <31.103025, 38.181709, 37.694775>, 0.100000
	pigment { color rgbt <1,0,0,0> }
	no_shadow
}
cylinder {
	<30.967926, 38.031292, 37.824089>,  <30.742760, 37.780594, 38.039612>, 0.100000
	pigment { color rgbt <1,0,0,0> }
	no_shadow
}

// particle -1
sphere {
	<30.967926, 38.031292, 37.824089> 0.100000
	pigment { color rgbt <1,0,0,0> }
	no_shadow
}
sphere {
	0, 1
	scale<0.080000,0.200000,0.300000>
	matrix <0.347584, 0.411948, 0.842309,
		0.749874, -0.661432, 0.014046,
		0.562916, 0.626744, -0.538812,
		31.136801, 38.219315, 37.662445>
	pigment { color rgbt <0,1,1,0> }
	no_shadow
}
cylinder {
	<31.466114, 37.792622, 38.311287>,  <30.742760, 37.780594, 38.039612>, 0.130000
	pigment { color rgbt <1,0,0,0> }
	no_shadow
}

// nucleotide -1

// particle -1
sphere {
	<31.466114, 37.792622, 38.311287> 0.250000
	pigment { color rgbt <1,0,0,0> }
	no_shadow
}
cylinder {
	<31.376696, 38.133667, 38.122364>,  <31.323046, 38.338295, 38.009010>, 0.100000
	pigment { color rgbt <1,0,0,0> }
	no_shadow
}
cylinder {
	<31.376696, 38.133667, 38.122364>,  <31.466114, 37.792622, 38.311287>, 0.100000
	pigment { color rgbt <1,0,0,0> }
	no_shadow
}

// particle -1
sphere {
	<31.376696, 38.133667, 38.122364> 0.100000
	pigment { color rgbt <1,0,0,0> }
	no_shadow
}
sphere {
	0, 1
	scale<0.080000,0.200000,0.300000>
	matrix <0.277812, 0.520207, 0.807592,
		0.934264, 0.049319, -0.353156,
		-0.223544, 0.852615, -0.472309,
		31.309633, 38.389450, 37.980671>
	pigment { color rgbt <0,1,1,0> }
	no_shadow
}
cylinder {
	<32.023407, 38.271084, 38.549236>,  <31.466114, 37.792622, 38.311287>, 0.130000
	pigment { color rgbt <1,0,0,0> }
	no_shadow
}

// nucleotide -1

// particle -1
sphere {
	<32.023407, 38.271084, 38.549236> 0.250000
	pigment { color rgbt <1,0,0,0> }
	no_shadow
}
cylinder {
	<31.786509, 38.538227, 38.368919>,  <31.644369, 38.698513, 38.260731>, 0.100000
	pigment { color rgbt <1,0,0,0> }
	no_shadow
}
cylinder {
	<31.786509, 38.538227, 38.368919>,  <32.023407, 38.271084, 38.549236>, 0.100000
	pigment { color rgbt <1,0,0,0> }
	no_shadow
}

// particle -1
sphere {
	<31.786509, 38.538227, 38.368919> 0.100000
	pigment { color rgbt <1,0,0,0> }
	no_shadow
}
sphere {
	0, 1
	scale<0.080000,0.200000,0.300000>
	matrix <0.301401, 0.702466, 0.644748,
		0.747264, 0.245981, -0.617325,
		-0.592245, 0.667859, -0.450788,
		31.608835, 38.738586, 38.233685>
	pigment { color rgbt <0,1,1,0> }
	no_shadow
}
cylinder {
	<32.428787, 38.969753, 38.534031>,  <32.023407, 38.271084, 38.549236>, 0.130000
	pigment { color rgbt <1,0,0,0> }
	no_shadow
}

// nucleotide -1

// particle -1
sphere {
	<32.428787, 38.969753, 38.534031> 0.250000
	pigment { color rgbt <1,0,0,0> }
	no_shadow
}
cylinder {
	<32.047722, 39.065823, 38.459469>,  <31.819082, 39.123463, 38.414734>, 0.100000
	pigment { color rgbt <1,0,0,0> }
	no_shadow
}
cylinder {
	<32.047722, 39.065823, 38.459469>,  <32.428787, 38.969753, 38.534031>, 0.100000
	pigment { color rgbt <1,0,0,0> }
	no_shadow
}

// particle -1
sphere {
	<32.047722, 39.065823, 38.459469> 0.100000
	pigment { color rgbt <1,0,0,0> }
	no_shadow
}
sphere {
	0, 1
	scale<0.080000,0.200000,0.300000>
	matrix <0.082147, 0.793667, 0.602780,
		0.292711, 0.558936, -0.775829,
		-0.952666, 0.240172, -0.186401,
		31.761923, 39.137875, 38.403549>
	pigment { color rgbt <0,1,1,0> }
	no_shadow
}
cylinder {
	<32.611656, 39.288021, 39.132694>,  <32.428787, 38.969753, 38.534031>, 0.130000
	pigment { color rgbt <1,0,0,0> }
	no_shadow
}

// nucleotide -1

// particle -1
sphere {
	<32.611656, 39.288021, 39.132694> 0.250000
	pigment { color rgbt <1,0,0,0> }
	no_shadow
}
cylinder {
	<32.539558, 39.333176, 39.523544>,  <32.496300, 39.360268, 39.758053>, 0.100000
	pigment { color rgbt <1,0,0,0> }
	no_shadow
}
cylinder {
	<32.539558, 39.333176, 39.523544>,  <32.611656, 39.288021, 39.132694>, 0.100000
	pigment { color rgbt <1,0,0,0> }
	no_shadow
}

// particle -1
sphere {
	<32.539558, 39.333176, 39.523544> 0.100000
	pigment { color rgbt <1,0,0,0> }
	no_shadow
}
sphere {
	0, 1
	scale<0.080000,0.200000,0.300000>
	matrix <0.933090, -0.294684, 0.206167,
		0.311217, 0.948903, -0.052221,
		-0.180244, 0.112890, 0.977122,
		32.485485, 39.367043, 39.816681>
	pigment { color rgbt <0,1,1,0> }
	no_shadow
}
cylinder {
	<32.550648, 39.943619, 39.638428>,  <32.611656, 39.288021, 39.132694>, 0.130000
	pigment { color rgbt <1,0,0,0> }
	no_shadow
}

// nucleotide -1

// particle -1
sphere {
	<32.550648, 39.943619, 39.638428> 0.250000
	pigment { color rgbt <1,0,0,0> }
	no_shadow
}
cylinder {
	<32.598778, 39.547241, 39.662270>,  <32.627655, 39.309414, 39.676575>, 0.100000
	pigment { color rgbt <1,0,0,0> }
	no_shadow
}
cylinder {
	<32.598778, 39.547241, 39.662270>,  <32.550648, 39.943619, 39.638428>, 0.100000
	pigment { color rgbt <1,0,0,0> }
	no_shadow
}

// particle -1
sphere {
	<32.598778, 39.547241, 39.662270> 0.100000
	pigment { color rgbt <1,0,0,0> }
	no_shadow
}
sphere {
	0, 1
	scale<0.080000,0.200000,0.300000>
	matrix <-0.960460, -0.131385, -0.245469,
		0.251078, -0.027714, -0.967570,
		0.120321, -0.990944, 0.059606,
		32.634872, 39.249958, 39.680153>
	pigment { color rgbt <0,1,1,0> }
	no_shadow
}
cylinder {
	<31.851080, 40.057037, 39.420071>,  <32.550648, 39.943619, 39.638428>, 0.130000
	pigment { color rgbt <1,0,0,0> }
	no_shadow
}

// nucleotide -1

// particle -1
sphere {
	<31.851080, 40.057037, 39.420071> 0.250000
	pigment { color rgbt <1,0,0,0> }
	no_shadow
}
cylinder {
	<31.470530, 40.075176, 39.298203>,  <31.242199, 40.086060, 39.225082>, 0.100000
	pigment { color rgbt <1,0,0,0> }
	no_shadow
}
cylinder {
	<31.470530, 40.075176, 39.298203>,  <31.851080, 40.057037, 39.420071>, 0.100000
	pigment { color rgbt <1,0,0,0> }
	no_shadow
}

// particle -1
sphere {
	<31.470530, 40.075176, 39.298203> 0.100000
	pigment { color rgbt <1,0,0,0> }
	no_shadow
}
sphere {
	0, 1
	scale<0.080000,0.200000,0.300000>
	matrix <0.173657, -0.737982, -0.652094,
		-0.254412, -0.673296, 0.694224,
		-0.951377, 0.045344, -0.304674,
		31.185116, 40.088779, 39.206799>
	pigment { color rgbt <0,1,1,0> }
	no_shadow
}
cylinder {
	<31.358351, 39.415005, 39.515858>,  <31.851080, 40.057037, 39.420071>, 0.130000
	pigment { color rgbt <1,0,0,0> }
	no_shadow
}

// nucleotide -1

// particle -1
sphere {
	<31.358351, 39.415005, 39.515858> 0.250000
	pigment { color rgbt <1,0,0,0> }
	no_shadow
}
cylinder {
	<31.247181, 39.636562, 39.201923>,  <31.180479, 39.769497, 39.013565>, 0.100000
	pigment { color rgbt <1,0,0,0> }
	no_shadow
}
cylinder {
	<31.247181, 39.636562, 39.201923>,  <31.358351, 39.415005, 39.515858>, 0.100000
	pigment { color rgbt <1,0,0,0> }
	no_shadow
}

// particle -1
sphere {
	<31.247181, 39.636562, 39.201923> 0.100000
	pigment { color rgbt <1,0,0,0> }
	no_shadow
}
sphere {
	0, 1
	scale<0.080000,0.200000,0.300000>
	matrix <0.066086, -0.804062, -0.590862,
		-0.958327, -0.216082, 0.186865,
		-0.277926, 0.553890, -0.784834,
		31.163803, 39.802731, 38.966473>
	pigment { color rgbt <0,1,1,0> }
	no_shadow
}
cylinder {
	<30.692766, 39.191082, 39.015724>,  <31.358351, 39.415005, 39.515858>, 0.130000
	pigment { color rgbt <1,0,0,0> }
	no_shadow
}

// nucleotide -1

// particle -1
sphere {
	<30.692766, 39.191082, 39.015724> 0.250000
	pigment { color rgbt <1,0,0,0> }
	no_shadow
}
cylinder {
	<30.996206, 39.372234, 38.828354>,  <31.178270, 39.480927, 38.715931>, 0.100000
	pigment { color rgbt <1,0,0,0> }
	no_shadow
}
cylinder {
	<30.996206, 39.372234, 38.828354>,  <30.692766, 39.191082, 39.015724>, 0.100000
	pigment { color rgbt <1,0,0,0> }
	no_shadow
}

// particle -1
sphere {
	<30.996206, 39.372234, 38.828354> 0.100000
	pigment { color rgbt <1,0,0,0> }
	no_shadow
}
sphere {
	0, 1
	scale<0.080000,0.200000,0.300000>
	matrix <-0.036488, -0.688281, -0.724526,
		-0.650535, 0.566717, -0.505605,
		0.758600, 0.452880, -0.468429,
		31.223785, 39.508099, 38.687824>
	pigment { color rgbt <0,1,1,0> }
	no_shadow
}
cylinder {
	<30.501453, 39.285961, 38.356133>,  <30.692766, 39.191082, 39.015724>, 0.130000
	pigment { color rgbt <1,0,0,0> }
	no_shadow
}

// nucleotide -1

// particle -1
sphere {
	<30.501453, 39.285961, 38.356133> 0.250000
	pigment { color rgbt <1,0,0,0> }
	no_shadow
}
cylinder {
	<30.900831, 39.268166, 38.369591>,  <31.140457, 39.257488, 38.377666>, 0.100000
	pigment { color rgbt <1,0,0,0> }
	no_shadow
}
cylinder {
	<30.900831, 39.268166, 38.369591>,  <30.501453, 39.285961, 38.356133>, 0.100000
	pigment { color rgbt <1,0,0,0> }
	no_shadow
}

// particle -1
sphere {
	<30.900831, 39.268166, 38.369591> 0.100000
	pigment { color rgbt <1,0,0,0> }
	no_shadow
}
sphere {
	0, 1
	scale<0.080000,0.200000,0.300000>
	matrix <-0.001407, -0.623073, -0.782162,
		0.055758, 0.780897, -0.622166,
		0.998443, -0.044487, 0.033642,
		31.200365, 39.254818, 38.379684>
	pigment { color rgbt <0,1,1,0> }
	no_shadow
}
cylinder {
	<30.706873, 39.540981, 37.737930>,  <30.501453, 39.285961, 38.356133>, 0.130000
	pigment { color rgbt <1,0,0,0> }
	no_shadow
}

// nucleotide -1

// particle -1
sphere {
	<30.706873, 39.540981, 37.737930> 0.250000
	pigment { color rgbt <1,0,0,0> }
	no_shadow
}
cylinder {
	<30.982037, 39.296104, 37.893879>,  <31.147135, 39.149178, 37.987446>, 0.100000
	pigment { color rgbt <1,0,0,0> }
	no_shadow
}
cylinder {
	<30.982037, 39.296104, 37.893879>,  <30.706873, 39.540981, 37.737930>, 0.100000
	pigment { color rgbt <1,0,0,0> }
	no_shadow
}

// particle -1
sphere {
	<30.982037, 39.296104, 37.893879> 0.100000
	pigment { color rgbt <1,0,0,0> }
	no_shadow
}
sphere {
	0, 1
	scale<0.080000,0.200000,0.300000>
	matrix <-0.021106, -0.553806, -0.832378,
		0.725489, 0.564373, -0.393890,
		0.687910, -0.612195, 0.389868,
		31.188410, 39.112446, 38.010838>
	pigment { color rgbt <0,1,1,0> }
	no_shadow
}
cylinder {
	<31.281261, 39.504581, 37.305096>,  <30.706873, 39.540981, 37.737930>, 0.130000
	pigment { color rgbt <1,0,0,0> }
	no_shadow
}

// nucleotide -1

// particle -1
sphere {
	<31.281261, 39.504581, 37.305096> 0.250000
	pigment { color rgbt <1,0,0,0> }
	no_shadow
}
cylinder {
	<31.271706, 39.160511, 37.508873>,  <31.265972, 38.954071, 37.631138>, 0.100000
	pigment { color rgbt <1,0,0,0> }
	no_shadow
}
cylinder {
	<31.271706, 39.160511, 37.508873>,  <31.281261, 39.504581, 37.305096>, 0.100000
	pigment { color rgbt <1,0,0,0> }
	no_shadow
}

// particle -1
sphere {
	<31.271706, 39.160511, 37.508873> 0.100000
	pigment { color rgbt <1,0,0,0> }
	no_shadow
}
sphere {
	0, 1
	scale<0.080000,0.200000,0.300000>
	matrix <-0.129961, -0.502592, -0.854699,
		0.991231, -0.086628, -0.099781,
		-0.023892, -0.860172, 0.509443,
		31.264538, 38.902458, 37.661705>
	pigment { color rgbt <0,1,1,0> }
	no_shadow
}
cylinder {
	<31.793127, 39.171803, 37.028294>,  <31.281261, 39.504581, 37.305096>, 0.130000
	pigment { color rgbt <1,0,0,0> }
	no_shadow
}

// nucleotide -1

// particle -1
sphere {
	<31.793127, 39.171803, 37.028294> 0.250000
	pigment { color rgbt <1,0,0,0> }
	no_shadow
}
cylinder {
	<31.519365, 38.919231, 37.174107>,  <31.355108, 38.767689, 37.261597>, 0.100000
	pigment { color rgbt <1,0,0,0> }
	no_shadow
}
cylinder {
	<31.519365, 38.919231, 37.174107>,  <31.793127, 39.171803, 37.028294>, 0.100000
	pigment { color rgbt <1,0,0,0> }
	no_shadow
}

// particle -1
sphere {
	<31.519365, 38.919231, 37.174107> 0.100000
	pigment { color rgbt <1,0,0,0> }
	no_shadow
}
sphere {
	0, 1
	scale<0.080000,0.200000,0.300000>
	matrix <-0.123272, -0.392567, -0.911425,
