// switches for output
#declare DRAW_BASES = 1; // possible values are 0, 1; only relevant for DNA ribbons
#declare DRAW_BASES_TYPE = 3; // possible values are 1, 2, 3; only relevant for DNA ribbons
#declare DRAW_FOG = 0; // set to 1 to enable fog

#include "colors.inc"

#include "transforms.inc"
background { rgb <1, 1, 1>}

#default {
   normal{
       ripples 0.25
       frequency 0.20
       turbulence 0.2
       lambda 5
   }
	finish {
		phong 0.1
		phong_size 40.
	}
}

// original window dimensions: 1024x640


// camera settings

camera {
	sky <0, 0.179814, -0.983701>
	up <0, 0.179814, -0.983701>
	right 1.6 * <1, 0, 0>
	location <35, 94.9851, 44.8844>
	look_at <35, 29.7336, 32.9568>
	direction <0, -65.2515, -11.9276>
	angle 67.0682
}


# declare cpy_camera_pos = <35, 94.9851, 44.8844>;
# if (DRAW_FOG = 1)
fog {
	fog_type 2
	up vnormalize(cpy_camera_pos)
	color rgbt<1,1,1,0.3>
	distance 1e-5
	fog_alt 3e-3
	fog_offset 56
}
# end


// LIGHTS

# declare lum = 6;
global_settings {
	ambient_light rgb lum * <0.05, 0.05, 0.05>
	max_trace_level 15
}# declare cpy_direct_light_amount = 0.25;
light_source
{	1000 * <-1, -1.16352, -0.803886>,
	rgb lum * cpy_direct_light_amount
	parallel
}

light_source
{	1000 * <1, 1.16352, 0.803886>,
	rgb lum * cpy_direct_light_amount
	parallel
}

// strand 0

// nucleotide -1

// particle -1
sphere {
	<24.070292, 34.896702, 35.143291> 0.250000
	pigment { color rgbt <1,0,0,0> }
	no_shadow
}
cylinder {
	<24.356392, 34.819874, 34.874508>,  <24.528051, 34.773777, 34.713238>, 0.100000
	pigment { color rgbt <1,0,0,0> }
	no_shadow
}
cylinder {
	<24.356392, 34.819874, 34.874508>,  <24.070292, 34.896702, 35.143291>, 0.100000
	pigment { color rgbt <1,0,0,0> }
	no_shadow
}

// particle -1
sphere {
	<24.356392, 34.819874, 34.874508> 0.100000
	pigment { color rgbt <1,0,0,0> }
	no_shadow
}
sphere {
	0, 1
	scale<0.080000,0.200000,0.300000>
	matrix <0.675416, -0.057025, 0.735229,
		-0.179535, -0.979723, 0.088941,
		0.715249, -0.192072, -0.671958,
		24.570967, 34.762253, 34.672920>
	pigment { color rgbt <0,1,1,0> }
	no_shadow
}
cylinder {
	<24.401209, 34.382561, 35.416862>,  <24.070292, 34.896702, 35.143291>, 0.130000
	pigment { color rgbt <1,0,0,0> }
	no_shadow
}

// nucleotide -1

// particle -1
sphere {
	<24.401209, 34.382561, 35.416862> 0.250000
	pigment { color rgbt <1,0,0,0> }
	no_shadow
}
cylinder {
	<24.652248, 34.580692, 35.176605>,  <24.802872, 34.699570, 35.032452>, 0.100000
	pigment { color rgbt <1,0,0,0> }
	no_shadow
}
cylinder {
	<24.652248, 34.580692, 35.176605>,  <24.401209, 34.382561, 35.416862>, 0.100000
	pigment { color rgbt <1,0,0,0> }
	no_shadow
}

// particle -1
sphere {
	<24.652248, 34.580692, 35.176605> 0.100000
	pigment { color rgbt <1,0,0,0> }
	no_shadow
}
sphere {
	0, 1
	scale<0.080000,0.200000,0.300000>
	matrix <0.769569, -0.277925, 0.574910,
		0.117834, -0.823049, -0.555612,
		0.627598, 0.495326, -0.600644,
		24.840528, 34.729290, 34.996410>
	pigment { color rgbt <0,1,1,0> }
	no_shadow
}
cylinder {
	<25.101543, 34.004887, 35.490089>,  <24.401209, 34.382561, 35.416862>, 0.130000
	pigment { color rgbt <1,0,0,0> }
	no_shadow
}

// nucleotide -1

// particle -1
sphere {
	<25.101543, 34.004887, 35.490089> 0.250000
	pigment { color rgbt <1,0,0,0> }
	no_shadow
}
cylinder {
	<25.189144, 34.378330, 35.376656>,  <25.241705, 34.602394, 35.308594>, 0.100000
	pigment { color rgbt <1,0,0,0> }
	no_shadow
}
cylinder {
	<25.189144, 34.378330, 35.376656>,  <25.101543, 34.004887, 35.490089>, 0.100000
	pigment { color rgbt <1,0,0,0> }
	no_shadow
}

// particle -1
sphere {
	<25.189144, 34.378330, 35.376656> 0.100000
	pigment { color rgbt <1,0,0,0> }
	no_shadow
}
sphere {
	0, 1
	scale<0.080000,0.200000,0.300000>
	matrix <0.820524, -0.018943, 0.571298,
		0.527995, -0.357804, -0.770193,
		0.219002, 0.933605, -0.283585,
		25.254845, 34.658413, 35.291580>
	pigment { color rgbt <0,1,1,0> }
	no_shadow
}
cylinder {
	<25.911341, 34.037838, 35.331642>,  <25.101543, 34.004887, 35.490089>, 0.130000
	pigment { color rgbt <1,0,0,0> }
	no_shadow
}

// nucleotide -1

// particle -1
sphere {
	<25.911341, 34.037838, 35.331642> 0.250000
	pigment { color rgbt <1,0,0,0> }
	no_shadow
}
cylinder {
	<25.739891, 34.384487, 35.433811>,  <25.637020, 34.592476, 35.495113>, 0.100000
	pigment { color rgbt <1,0,0,0> }
	no_shadow
}
cylinder {
	<25.739891, 34.384487, 35.433811>,  <25.911341, 34.037838, 35.331642>, 0.100000
	pigment { color rgbt <1,0,0,0> }
	no_shadow
}

// particle -1
sphere {
	<25.739891, 34.384487, 35.433811> 0.100000
	pigment { color rgbt <1,0,0,0> }
	no_shadow
}
sphere {
	0, 1
	scale<0.080000,0.200000,0.300000>
	matrix <0.821174, 0.255792, 0.510141,
		0.376767, 0.428403, -0.821290,
		-0.428626, 0.866626, 0.255419,
		25.611303, 34.644474, 35.510437>
	pigment { color rgbt <0,1,1,0> }
	no_shadow
}
cylinder {
	<26.277283, 34.605026, 35.053032>,  <25.911341, 34.037838, 35.331642>, 0.130000
	pigment { color rgbt <1,0,0,0> }
	no_shadow
}

// nucleotide -1

// particle -1
sphere {
	<26.277283, 34.605026, 35.053032> 0.250000
	pigment { color rgbt <1,0,0,0> }
	no_shadow
}
cylinder {
	<26.110317, 34.752815, 35.385120>,  <26.010138, 34.841488, 35.584373>, 0.100000
	pigment { color rgbt <1,0,0,0> }
	no_shadow
}
cylinder {
	<26.110317, 34.752815, 35.385120>,  <26.277283, 34.605026, 35.053032>, 0.100000
	pigment { color rgbt <1,0,0,0> }
	no_shadow
}

// particle -1
sphere {
	<26.110317, 34.752815, 35.385120> 0.100000
	pigment { color rgbt <1,0,0,0> }
	no_shadow
}
sphere {
	0, 1
	scale<0.080000,0.200000,0.300000>
	matrix <0.898287, 0.305794, 0.315549,
		-0.137291, 0.877487, -0.459530,
		-0.417412, 0.369468, 0.830217,
		25.985094, 34.863655, 35.634186>
	pigment { color rgbt <0,1,1,0> }
	no_shadow
}
cylinder {
	<26.436178, 35.416065, 35.179520>,  <26.277283, 34.605026, 35.053032>, 0.130000
	pigment { color rgbt <1,0,0,0> }
	no_shadow
}

// nucleotide -1

// particle -1
sphere {
	<26.436178, 35.416065, 35.179520> 0.250000
	pigment { color rgbt <1,0,0,0> }
	no_shadow
}
cylinder {
	<26.362886, 35.188564, 35.500256>,  <26.318911, 35.052063, 35.692699>, 0.100000
	pigment { color rgbt <1,0,0,0> }
	no_shadow
}
cylinder {
	<26.362886, 35.188564, 35.500256>,  <26.436178, 35.416065, 35.179520>, 0.100000
	pigment { color rgbt <1,0,0,0> }
	no_shadow
}

// particle -1
sphere {
	<26.362886, 35.188564, 35.500256> 0.100000
	pigment { color rgbt <1,0,0,0> }
	no_shadow
}
sphere {
	0, 1
	scale<0.080000,0.200000,0.300000>
	matrix <0.850506, 0.317343, 0.419443,
		-0.493017, 0.758828, 0.425576,
		-0.183231, -0.568748, 0.801843,
		26.307917, 35.017941, 35.740810>
	pigment { color rgbt <0,1,1,0> }
	no_shadow
}
cylinder {
	<26.299652, 35.517845, 35.872578>,  <26.436178, 35.416065, 35.179520>, 0.130000
	pigment { color rgbt <1,0,0,0> }
	no_shadow
}

// nucleotide -1

// particle -1
sphere {
	<26.299652, 35.517845, 35.872578> 0.250000
	pigment { color rgbt <1,0,0,0> }
	no_shadow
}
cylinder {
	<26.512993, 35.180336, 35.896549>,  <26.640997, 34.977833, 35.910931>, 0.100000
	pigment { color rgbt <1,0,0,0> }
	no_shadow
}
cylinder {
	<26.512993, 35.180336, 35.896549>,  <26.299652, 35.517845, 35.872578>, 0.100000
	pigment { color rgbt <1,0,0,0> }
	no_shadow
}

// particle -1
sphere {
	<26.512993, 35.180336, 35.896549> 0.100000
	pigment { color rgbt <1,0,0,0> }
	no_shadow
}
sphere {
	0, 1
	scale<0.080000,0.200000,0.300000>
	matrix <0.739131, 0.499317, 0.452071,
		-0.411365, -0.196818, 0.889967,
		0.533351, -0.843769, 0.059927,
		26.672998, 34.927204, 35.914528>
	pigment { color rgbt <0,1,1,0> }
	no_shadow
}
cylinder {
	<26.495930, 35.436005, 36.534817>,  <26.299652, 35.517845, 35.872578>, 0.130000
	pigment { color rgbt <1,0,0,0> }
	no_shadow
}

// nucleotide -1

// particle -1
sphere {
	<26.495930, 35.436005, 36.534817> 0.250000
	pigment { color rgbt <1,0,0,0> }
	no_shadow
}
cylinder {
	<26.761951, 35.277229, 36.281788>,  <26.921564, 35.181965, 36.129971>, 0.100000
	pigment { color rgbt <1,0,0,0> }
	no_shadow
}
cylinder {
	<26.761951, 35.277229, 36.281788>,  <26.495930, 35.436005, 36.534817>, 0.100000
	pigment { color rgbt <1,0,0,0> }
	no_shadow
}

// particle -1
sphere {
	<26.761951, 35.277229, 36.281788> 0.100000
	pigment { color rgbt <1,0,0,0> }
	no_shadow
}
sphere {
	0, 1
	scale<0.080000,0.200000,0.300000>
	matrix <0.673367, 0.685009, 0.278099,
		0.322927, -0.610902, 0.722853,
		0.665052, -0.396940, -0.632570,
		26.961468, 35.158146, 36.092018>
	pigment { color rgbt <0,1,1,0> }
	no_shadow
}
cylinder {
	<27.018326, 35.520451, 36.980549>,  <26.495930, 35.436005, 36.534817>, 0.130000
	pigment { color rgbt <1,0,0,0> }
	no_shadow
}

// nucleotide -1

// particle -1
sphere {
	<27.018326, 35.520451, 36.980549> 0.250000
	pigment { color rgbt <1,0,0,0> }
	no_shadow
}
cylinder {
	<27.181606, 35.479862, 36.617653>,  <27.279575, 35.455509, 36.399918>, 0.100000
	pigment { color rgbt <1,0,0,0> }
	no_shadow
}
cylinder {
	<27.181606, 35.479862, 36.617653>,  <27.018326, 35.520451, 36.980549>, 0.100000
	pigment { color rgbt <1,0,0,0> }
	no_shadow
}

// particle -1
sphere {
	<27.181606, 35.479862, 36.617653> 0.100000
	pigment { color rgbt <1,0,0,0> }
	no_shadow
}
sphere {
	0, 1
	scale<0.080000,0.200000,0.300000>
	matrix <0.545561, 0.823928, 0.153318,
		0.731940, -0.557536, 0.391686,
		0.408201, -0.101469, -0.907235,
		27.304066, 35.449421, 36.345482>
	pigment { color rgbt <0,1,1,0> }
	no_shadow
}
cylinder {
	<27.804958, 35.539963, 36.989941>,  <27.018326, 35.520451, 36.980549>, 0.130000
	pigment { color rgbt <1,0,0,0> }
	no_shadow
}

// nucleotide -1

// particle -1
sphere {
	<27.804958, 35.539963, 36.989941> 0.250000
	pigment { color rgbt <1,0,0,0> }
	no_shadow
}
cylinder {
	<27.735847, 35.627247, 36.605747>,  <27.694382, 35.679615, 36.375229>, 0.100000
	pigment { color rgbt <1,0,0,0> }
	no_shadow
}
cylinder {
	<27.735847, 35.627247, 36.605747>,  <27.804958, 35.539963, 36.989941>, 0.100000
	pigment { color rgbt <1,0,0,0> }
	no_shadow
}

// particle -1
sphere {
	<27.735847, 35.627247, 36.605747> 0.100000
	pigment { color rgbt <1,0,0,0> }
	no_shadow
}
sphere {
	0, 1
	scale<0.080000,0.200000,0.300000>
	matrix <0.725033, 0.688226, 0.025933,
		0.666690, -0.691903, -0.277117,
		-0.172776, 0.218208, -0.960486,
		27.684015, 35.692711, 36.317600>
	pigment { color rgbt <0,1,1,0> }
	no_shadow
}
cylinder {
	<28.494343, 35.468445, 36.485958>,  <27.804958, 35.539963, 36.989941>, 0.130000
	pigment { color rgbt <1,0,0,0> }
	no_shadow
}

// nucleotide -1

// particle -1
sphere {
	<28.494343, 35.468445, 36.485958> 0.250000
	pigment { color rgbt <1,0,0,0> }
	no_shadow
}
cylinder {
	<28.230263, 35.715221, 36.314602>,  <28.071815, 35.863289, 36.211788>, 0.100000
	pigment { color rgbt <1,0,0,0> }
	no_shadow
}
cylinder {
	<28.230263, 35.715221, 36.314602>,  <28.494343, 35.468445, 36.485958>, 0.100000
	pigment { color rgbt <1,0,0,0> }
	no_shadow
}

// particle -1
sphere {
	<28.230263, 35.715221, 36.314602> 0.100000
	pigment { color rgbt <1,0,0,0> }
	no_shadow
}
sphere {
	0, 1
	scale<0.080000,0.200000,0.300000>
	matrix <0.720504, 0.681310, -0.129194,
		0.212160, -0.393950, -0.894311,
		-0.660199, 0.616945, -0.428389,
		28.032204, 35.900303, 36.186085>
	pigment { color rgbt <0,1,1,0> }
	no_shadow
}
cylinder {
	<28.845219, 35.706070, 36.031921>,  <28.494343, 35.468445, 36.485958>, 0.130000
	pigment { color rgbt <1,0,0,0> }
	no_shadow
}

// nucleotide -1

// particle -1
sphere {
	<28.845219, 35.706070, 36.031921> 0.250000
	pigment { color rgbt <1,0,0,0> }
	no_shadow
}
cylinder {
	<28.563625, 35.981895, 36.099934>,  <28.394670, 36.147392, 36.140739>, 0.100000
	pigment { color rgbt <1,0,0,0> }
	no_shadow
}
cylinder {
	<28.563625, 35.981895, 36.099934>,  <28.845219, 35.706070, 36.031921>, 0.100000
	pigment { color rgbt <1,0,0,0> }
	no_shadow
}

// particle -1
sphere {
	<28.563625, 35.981895, 36.099934> 0.100000
	pigment { color rgbt <1,0,0,0> }
	no_shadow
}
sphere {
	0, 1
	scale<0.080000,0.200000,0.300000>
	matrix <0.658649, 0.723440, -0.206924,
		-0.265692, -0.033682, -0.963470,
		-0.703982, 0.689566, 0.170027,
		28.352430, 36.188766, 36.150940>
	pigment { color rgbt <0,1,1,0> }
	no_shadow
}
cylinder {
	<28.691185, 36.162281, 35.420059>,  <28.845219, 35.706070, 36.031921>, 0.130000
	pigment { color rgbt <1,0,0,0> }
	no_shadow
}

// nucleotide -1

// particle -1
sphere {
	<28.691185, 36.162281, 35.420059> 0.250000
	pigment { color rgbt <1,0,0,0> }
	no_shadow
}
cylinder {
	<28.610350, 36.369431, 35.752556>,  <28.561848, 36.493721, 35.952053>, 0.100000
	pigment { color rgbt <1,0,0,0> }
	no_shadow
}
cylinder {
	<28.610350, 36.369431, 35.752556>,  <28.691185, 36.162281, 35.420059>, 0.100000
	pigment { color rgbt <1,0,0,0> }
	no_shadow
}

// particle -1
sphere {
	<28.610350, 36.369431, 35.752556> 0.100000
	pigment { color rgbt <1,0,0,0> }
	no_shadow
}
sphere {
	0, 1
	scale<0.080000,0.200000,0.300000>
	matrix <0.667977, 0.693586, -0.269715,
		-0.716218, 0.500746, -0.486092,
		-0.202088, 0.517872, 0.831245,
		28.549723, 36.524792, 36.001930>
	pigment { color rgbt <0,1,1,0> }
	no_shadow
}
cylinder {
	<28.433079, 36.848618, 35.277275>,  <28.691185, 36.162281, 35.420059>, 0.130000
	pigment { color rgbt <1,0,0,0> }
	no_shadow
}

// nucleotide -1

// particle -1
sphere {
	<28.433079, 36.848618, 35.277275> 0.250000
	pigment { color rgbt <1,0,0,0> }
	no_shadow
}
cylinder {
	<28.628389, 36.829216, 35.625809>,  <28.745577, 36.817574, 35.834930>, 0.100000
	pigment { color rgbt <1,0,0,0> }
	no_shadow
}
cylinder {
	<28.628389, 36.829216, 35.625809>,  <28.433079, 36.848618, 35.277275>, 0.100000
	pigment { color rgbt <1,0,0,0> }
	no_shadow
}

// particle -1
sphere {
	<28.628389, 36.829216, 35.625809> 0.100000
	pigment { color rgbt <1,0,0,0> }
	no_shadow
}
sphere {
	0, 1
	scale<0.080000,0.200000,0.300000>
	matrix <0.610927, 0.731988, -0.301599,
		-0.623179, 0.679588, 0.387049,
		0.488279, -0.048508, 0.871339,
		28.774874, 36.814663, 35.887211>
	pigment { color rgbt <0,1,1,0> }
	no_shadow
}
cylinder {
	<28.232656, 37.460476, 35.791477>,  <28.433079, 36.848618, 35.277275>, 0.130000
	pigment { color rgbt <1,0,0,0> }
	no_shadow
}

// nucleotide -1

// particle -1
sphere {
	<28.232656, 37.460476, 35.791477> 0.250000
	pigment { color rgbt <1,0,0,0> }
	no_shadow
}
cylinder {
	<28.605822, 37.334606, 35.721447>,  <28.829721, 37.259087, 35.679428>, 0.100000
	pigment { color rgbt <1,0,0,0> }
	no_shadow
}
cylinder {
	<28.605822, 37.334606, 35.721447>,  <28.232656, 37.460476, 35.791477>, 0.100000
	pigment { color rgbt <1,0,0,0> }
	no_shadow
}

// particle -1
sphere {
	<28.605822, 37.334606, 35.721447> 0.100000
	pigment { color rgbt <1,0,0,0> }
	no_shadow
}
sphere {
	0, 1
	scale<0.080000,0.200000,0.300000>
	matrix <0.146070, 0.775081, -0.614747,
		0.329140, 0.547934, 0.769049,
		0.932915, -0.314672, -0.175073,
		28.885696, 37.240204, 35.668926>
	pigment { color rgbt <0,1,1,0> }
	no_shadow
}
cylinder {
	<27.514467, 37.061050, 35.891937>,  <28.232656, 37.460476, 35.791477>, 0.130000
	pigment { color rgbt <1,0,0,0> }
	no_shadow
}

// nucleotide -1

// particle -1
sphere {
	<27.514467, 37.061050, 35.891937> 0.250000
	pigment { color rgbt <1,0,0,0> }
	no_shadow
}
cylinder {
	<27.773428, 36.757057, 35.914906>,  <27.928804, 36.574661, 35.928688>, 0.100000
	pigment { color rgbt <1,0,0,0> }
	no_shadow
}
cylinder {
	<27.773428, 36.757057, 35.914906>,  <27.514467, 37.061050, 35.891937>, 0.100000
	pigment { color rgbt <1,0,0,0> }
	no_shadow
}

// particle -1
sphere {
	<27.773428, 36.757057, 35.914906> 0.100000
	pigment { color rgbt <1,0,0,0> }
	no_shadow
}
sphere {
	0, 1
	scale<0.080000,0.200000,0.300000>
	matrix <-0.754287, -0.649698, -0.094568,
		0.109177, 0.017912, -0.993861,
		0.647404, -0.759981, 0.057421,
		27.967649, 36.529064, 35.932133>
	pigment { color rgbt <0,1,1,0> }
	no_shadow
}
cylinder {
	<27.376421, 36.595619, 35.357327>,  <27.514467, 37.061050, 35.891937>, 0.130000
	pigment { color rgbt <1,0,0,0> }
	no_shadow
}

// nucleotide -1

// particle -1
sphere {
	<27.376421, 36.595619, 35.357327> 0.250000
	pigment { color rgbt <1,0,0,0> }
	no_shadow
}
cylinder {
	<27.578451, 36.365551, 35.614723>,  <27.699669, 36.227512, 35.769161>, 0.100000
	pigment { color rgbt <1,0,0,0> }
	no_shadow
}
cylinder {
	<27.578451, 36.365551, 35.614723>,  <27.376421, 36.595619, 35.357327>, 0.100000
	pigment { color rgbt <1,0,0,0> }
	no_shadow
}

// particle -1
sphere {
	<27.578451, 36.365551, 35.614723> 0.100000
	pigment { color rgbt <1,0,0,0> }
	no_shadow
}
sphere {
	0, 1
	scale<0.080000,0.200000,0.300000>
	matrix <-0.661812, -0.736672, -0.138997,
		0.553987, -0.355665, -0.752729,
		0.505078, -0.575167, 0.643490,
		27.729975, 36.193001, 35.807770>
	pigment { color rgbt <0,1,1,0> }
	no_shadow
}
cylinder {
	<27.391520, 35.935688, 35.080154>,  <27.376421, 36.595619, 35.357327>, 0.130000
	pigment { color rgbt <1,0,0,0> }
	no_shadow
}

// nucleotide -1

// particle -1
sphere {
	<27.391520, 35.935688, 35.080154> 0.250000
	pigment { color rgbt <1,0,0,0> }
	no_shadow
}
cylinder {
	<27.479593, 35.857025, 35.462326>,  <27.532438, 35.809830, 35.691628>, 0.100000
	pigment { color rgbt <1,0,0,0> }
	no_shadow
}
cylinder {
	<27.479593, 35.857025, 35.462326>,  <27.391520, 35.935688, 35.080154>, 0.100000
	pigment { color rgbt <1,0,0,0> }
	no_shadow
}

// particle -1
sphere {
	<27.479593, 35.857025, 35.462326> 0.100000
	pigment { color rgbt <1,0,0,0> }
	no_shadow
}
sphere {
	0, 1
	scale<0.080000,0.200000,0.300000>
	matrix <-0.584716, -0.810603, -0.032091,
		0.780785, -0.551589, -0.293470,
		0.220186, -0.196653, 0.955430,
		27.545649, 35.798031, 35.748955>
	pigment { color rgbt <0,1,1,0> }
	no_shadow
}
cylinder {
	<27.811033, 35.382988, 35.088474>,  <27.391520, 35.935688, 35.080154>, 0.130000
	pigment { color rgbt <1,0,0,0> }
	no_shadow
}

// nucleotide -1

// particle -1
sphere {
	<27.811033, 35.382988, 35.088474> 0.250000
	pigment { color rgbt <1,0,0,0> }
	no_shadow
}
cylinder {
	<27.640558, 35.393017, 35.450188>,  <27.538273, 35.399036, 35.667217>, 0.100000
	pigment { color rgbt <1,0,0,0> }
	no_shadow
}
cylinder {
	<27.640558, 35.393017, 35.450188>,  <27.811033, 35.382988, 35.088474>, 0.100000
	pigment { color rgbt <1,0,0,0> }
	no_shadow
}

// particle -1
sphere {
	<27.640558, 35.393017, 35.450188> 0.100000
	pigment { color rgbt <1,0,0,0> }
	no_shadow
}
sphere {
	0, 1
	scale<0.080000,0.200000,0.300000>
	matrix <-0.234653, -0.968466, -0.083734,
		0.873672, -0.247880, 0.418632,
		-0.426187, 0.025077, 0.904287,
		27.512703, 35.400539, 35.721474>
	pigment { color rgbt <0,1,1,0> }
	no_shadow
}
cylinder {
	<27.989786, 34.805744, 35.492908>,  <27.811033, 35.382988, 35.088474>, 0.130000
	pigment { color rgbt <1,0,0,0> }
	no_shadow
}

// nucleotide -1

// particle -1
sphere {
	<27.989786, 34.805744, 35.492908> 0.250000
	pigment { color rgbt <1,0,0,0> }
	no_shadow
}
cylinder {
	<27.664696, 34.898327, 35.706787>,  <27.469643, 34.953876, 35.835114>, 0.100000
	pigment { color rgbt <1,0,0,0> }
	no_shadow
}
cylinder {
	<27.664696, 34.898327, 35.706787>,  <27.989786, 34.805744, 35.492908>, 0.100000
	pigment { color rgbt <1,0,0,0> }
	no_shadow
}

// particle -1
sphere {
	<27.664696, 34.898327, 35.706787> 0.100000
	pigment { color rgbt <1,0,0,0> }
	no_shadow
}
sphere {
	0, 1
	scale<0.080000,0.200000,0.300000>
	matrix <-0.241577, -0.968973, 0.052261,
		0.530207, -0.086697, 0.843424,
		-0.812724, 0.231461, 0.534701,
		27.420879, 34.967766, 35.867199>
	pigment { color rgbt <0,1,1,0> }
	no_shadow
}
cylinder {
	<27.933916, 34.374855, 36.124676>,  <27.989786, 34.805744, 35.492908>, 0.130000
	pigment { color rgbt <1,0,0,0> }
	no_shadow
}

// nucleotide -1

// particle -1
sphere {
	<27.933916, 34.374855, 36.124676> 0.250000
	pigment { color rgbt <1,0,0,0> }
	no_shadow
}
cylinder {
	<27.570761, 34.509403, 36.024597>,  <27.352867, 34.590134, 35.964550>, 0.100000
	pigment { color rgbt <1,0,0,0> }
	no_shadow
}
cylinder {
	<27.570761, 34.509403, 36.024597>,  <27.933916, 34.374855, 36.124676>, 0.100000
	pigment { color rgbt <1,0,0,0> }
	no_shadow
}

// particle -1
sphere {
	<27.570761, 34.509403, 36.024597> 0.100000
	pigment { color rgbt <1,0,0,0> }
	no_shadow
}
sphere {
	0, 1
	scale<0.080000,0.200000,0.300000>
	matrix <-0.311193, -0.940650, -0.135409,
		-0.280892, -0.045077, 0.958680,
		-0.907887, 0.336370, -0.250193,
		27.298395, 34.610313, 35.949539>
	pigment { color rgbt <0,1,1,0> }
	no_shadow
}
cylinder {
	<28.040390, 33.987350, 36.842564>,  <27.933916, 34.374855, 36.124676>, 0.130000
	pigment { color rgbt <1,0,0,0> }
	no_shadow
}

// nucleotide -1

// particle -1
sphere {
	<28.040390, 33.987350, 36.842564> 0.250000
	pigment { color rgbt <1,0,0,0> }
	no_shadow
}
cylinder {
	<28.317003, 33.701973, 36.887783>,  <28.482971, 33.530746, 36.914917>, 0.100000
	pigment { color rgbt <1,0,0,0> }
	no_shadow
}
cylinder {
	<28.317003, 33.701973, 36.887783>,  <28.040390, 33.987350, 36.842564>, 0.100000
	pigment { color rgbt <1,0,0,0> }
	no_shadow
}

// particle -1
sphere {
	<28.317003, 33.701973, 36.887783> 0.100000
	pigment { color rgbt <1,0,0,0> }
	no_shadow
}
sphere {
	0, 1
	scale<0.080000,0.200000,0.300000>
	matrix <0.631456, 0.673072, 0.385017,
		-0.350780, -0.194864, 0.915959,
		0.691532, -0.713444, 0.113052,
		28.524464, 33.487938, 36.921700>
	pigment { color rgbt <0,1,1,0> }
	no_shadow
}
cylinder {
	<28.356838, 34.137581, 37.417774>,  <28.040390, 33.987350, 36.842564>, 0.130000
	pigment { color rgbt <1,0,0,0> }
	no_shadow
}

// nucleotide -1

// particle -1
sphere {
	<28.356838, 34.137581, 37.417774> 0.250000
	pigment { color rgbt <1,0,0,0> }
	no_shadow
}
cylinder {
	<28.654257, 33.923882, 37.256920>,  <28.832708, 33.795662, 37.160408>, 0.100000
	pigment { color rgbt <1,0,0,0> }
	no_shadow
}
cylinder {
	<28.654257, 33.923882, 37.256920>,  <28.356838, 34.137581, 37.417774>, 0.100000
	pigment { color rgbt <1,0,0,0> }
	no_shadow
}

// particle -1
sphere {
	<28.654257, 33.923882, 37.256920> 0.100000
	pigment { color rgbt <1,0,0,0> }
	no_shadow
}
sphere {
	0, 1
	scale<0.080000,0.200000,0.300000>
	matrix <0.667649, 0.626581, 0.402045,
		0.037176, -0.567424, 0.822586,
		0.743547, -0.534253, -0.402134,
		28.877321, 33.763607, 37.136280>
	pigment { color rgbt <0,1,1,0> }
	no_shadow
}
cylinder {
	<28.380383, 34.688583, 36.968220>,  <28.356838, 34.137581, 37.417774>, 0.130000
	pigment { color rgbt <1,0,0,0> }
	no_shadow
}

// nucleotide -1

// particle -1
sphere {
	<28.380383, 34.688583, 36.968220> 0.250000
	pigment { color rgbt <1,0,0,0> }
	no_shadow
}
cylinder {
	<28.556337, 34.346977, 36.857109>,  <28.661911, 34.142014, 36.790443>, 0.100000
	pigment { color rgbt <1,0,0,0> }
	no_shadow
}
cylinder {
	<28.556337, 34.346977, 36.857109>,  <28.380383, 34.688583, 36.968220>, 0.100000
	pigment { color rgbt <1,0,0,0> }
	no_shadow
}

// particle -1
sphere {
	<28.556337, 34.346977, 36.857109> 0.100000
	pigment { color rgbt <1,0,0,0> }
	no_shadow
}
sphere {
	0, 1
	scale<0.080000,0.200000,0.300000>
	matrix <-0.557341, -0.017075, -0.830108,
		0.704181, 0.519970, -0.483488,
		0.439887, -0.854014, -0.277777,
		28.688303, 34.090775, 36.773777>
	pigment { color rgbt <0,1,1,0> }
	no_shadow
}
cylinder {
	<28.775307, 34.721237, 36.304008>,  <28.380383, 34.688583, 36.968220>, 0.130000
	pigment { color rgbt <1,0,0,0> }
	no_shadow
}

// nucleotide -1

// particle -1
sphere {
	<28.775307, 34.721237, 36.304008> 0.250000
	pigment { color rgbt <1,0,0,0> }
	no_shadow
}
cylinder {
	<28.605341, 34.372604, 36.401821>,  <28.503361, 34.163425, 36.460506>, 0.100000
	pigment { color rgbt <1,0,0,0> }
	no_shadow
}
cylinder {
	<28.605341, 34.372604, 36.401821>,  <28.775307, 34.721237, 36.304008>, 0.100000
	pigment { color rgbt <1,0,0,0> }
	no_shadow
}

// particle -1
sphere {
	<28.605341, 34.372604, 36.401821> 0.100000
	pigment { color rgbt <1,0,0,0> }
	no_shadow
}
sphere {
	0, 1
	scale<0.080000,0.200000,0.300000>
	matrix <-0.494976, -0.002467, -0.868903,
		0.757923, -0.490245, -0.430364,
		-0.424914, -0.871581, 0.244529,
		28.477867, 34.111130, 36.475182>
	pigment { color rgbt <0,1,1,0> }
	no_shadow
}
cylinder {
	<29.511156, 34.553741, 36.418640>,  <28.775307, 34.721237, 36.304008>, 0.130000
	pigment { color rgbt <1,0,0,0> }
	no_shadow
}

// nucleotide -1

// particle -1
sphere {
	<29.511156, 34.553741, 36.418640> 0.250000
	pigment { color rgbt <1,0,0,0> }
	no_shadow
}
cylinder {
	<29.787045, 34.587280, 36.706322>,  <29.952578, 34.607403, 36.878929>, 0.100000
	pigment { color rgbt <1,0,0,0> }
	no_shadow
}
cylinder {
	<29.787045, 34.587280, 36.706322>,  <29.511156, 34.553741, 36.418640>, 0.100000
	pigment { color rgbt <1,0,0,0> }
	no_shadow
}

// particle -1
sphere {
	<29.787045, 34.587280, 36.706322> 0.100000
	pigment { color rgbt <1,0,0,0> }
	no_shadow
}
sphere {
	0, 1
	scale<0.080000,0.200000,0.300000>
	matrix <0.253069, 0.902714, -0.347941,
		-0.678410, 0.421991, 0.601402,
		0.689722, 0.083850, 0.719203,
		29.993961, 34.612434, 36.922081>
	pigment { color rgbt <0,1,1,0> }
	no_shadow
}
cylinder {
	<29.516699, 35.252792, 36.582092>,  <29.511156, 34.553741, 36.418640>, 0.130000
	pigment { color rgbt <1,0,0,0> }
	no_shadow
}

// nucleotide -1

// particle -1
sphere {
	<29.516699, 35.252792, 36.582092> 0.250000
	pigment { color rgbt <1,0,0,0> }
	no_shadow
}
cylinder {
	<29.883743, 35.110714, 36.653446>,  <30.103970, 35.025467, 36.696259>, 0.100000
	pigment { color rgbt <1,0,0,0> }
	no_shadow
}
cylinder {
	<29.883743, 35.110714, 36.653446>,  <29.516699, 35.252792, 36.582092>, 0.100000
	pigment { color rgbt <1,0,0,0> }
	no_shadow
}

// particle -1
sphere {
	<29.883743, 35.110714, 36.653446> 0.100000
	pigment { color rgbt <1,0,0,0> }
	no_shadow
}
sphere {
	0, 1
	scale<0.080000,0.200000,0.300000>
	matrix <0.396539, 0.848885, -0.349502,
		-0.027286, 0.391444, 0.919797,
		0.917612, -0.355199, 0.178385,
		30.159027, 35.004154, 36.706963>
	pigment { color rgbt <0,1,1,0> }
	no_shadow
}
cylinder {
	<29.964981, 35.771931, 36.824150>,  <29.516699, 35.252792, 36.582092>, 0.130000
	pigment { color rgbt <1,0,0,0> }
	no_shadow
}

// nucleotide -1

// particle -1
sphere {
	<29.964981, 35.771931, 36.824150> 0.250000
	pigment { color rgbt <1,0,0,0> }
	no_shadow
}
cylinder {
	<30.213451, 35.518921, 36.639084>,  <30.362534, 35.367115, 36.528046>, 0.100000
	pigment { color rgbt <1,0,0,0> }
	no_shadow
}
cylinder {
	<30.213451, 35.518921, 36.639084>,  <29.964981, 35.771931, 36.824150>, 0.100000
	pigment { color rgbt <1,0,0,0> }
	no_shadow
}

// particle -1
sphere {
	<30.213451, 35.518921, 36.639084> 0.100000
	pigment { color rgbt <1,0,0,0> }
	no_shadow
}
sphere {
	0, 1
	scale<0.080000,0.200000,0.300000>
	matrix <0.453026, 0.771567, -0.446601,
		0.639462, 0.067818, 0.765826,
		0.621173, -0.632523, -0.462664,
		30.399803, 35.329163, 36.500286>
	pigment { color rgbt <0,1,1,0> }
	no_shadow
}
cylinder {
	<30.554773, 36.078415, 37.070801>,  <29.964981, 35.771931, 36.824150>, 0.130000
	pigment { color rgbt <1,0,0,0> }
	no_shadow
}

// nucleotide -1

// particle -1
sphere {
	<30.554773, 36.078415, 37.070801> 0.250000
	pigment { color rgbt <1,0,0,0> }
	no_shadow
}
cylinder {
	<30.592974, 35.853180, 36.742455>,  <30.615894, 35.718040, 36.545448>, 0.100000
	pigment { color rgbt <1,0,0,0> }
	no_shadow
}
cylinder {
	<30.592974, 35.853180, 36.742455>,  <30.554773, 36.078415, 37.070801>, 0.100000
	pigment { color rgbt <1,0,0,0> }
	no_shadow
}

// particle -1
sphere {
	<30.592974, 35.853180, 36.742455> 0.100000
	pigment { color rgbt <1,0,0,0> }
	no_shadow
}
sphere {
	0, 1
	scale<0.080000,0.200000,0.300000>
	matrix <0.278716, 0.806772, -0.520995,
		0.955613, -0.179031, 0.233989,
		0.095502, -0.563087, -0.820861,
		30.621624, 35.684254, 36.496197>
	pigment { color rgbt <0,1,1,0> }
	no_shadow
}
cylinder {
	<31.161697, 36.179813, 36.727997>,  <30.554773, 36.078415, 37.070801>, 0.130000
	pigment { color rgbt <1,0,0,0> }
	no_shadow
}

// nucleotide -1

// particle -1
sphere {
	<31.161697, 36.179813, 36.727997> 0.250000
	pigment { color rgbt <1,0,0,0> }
	no_shadow
}
cylinder {
	<30.965773, 36.054188, 36.402679>,  <30.848217, 35.978813, 36.207489>, 0.100000
	pigment { color rgbt <1,0,0,0> }
	no_shadow
}
cylinder {
	<30.965773, 36.054188, 36.402679>,  <31.161697, 36.179813, 36.727997>, 0.100000
	pigment { color rgbt <1,0,0,0> }
	no_shadow
}

// particle -1
sphere {
	<30.965773, 36.054188, 36.402679> 0.100000
	pigment { color rgbt <1,0,0,0> }
	no_shadow
}
sphere {
	0, 1
	scale<0.080000,0.200000,0.300000>
	matrix <0.377699, 0.764334, -0.522626,
		0.785768, -0.563168, -0.255756,
		-0.489809, -0.314064, -0.813297,
		30.818829, 35.959969, 36.158691>
	pigment { color rgbt <0,1,1,0> }
	no_shadow
}
cylinder {
	<31.615959, 36.043808, 36.007584>,  <31.161697, 36.179813, 36.727997>, 0.130000
	pigment { color rgbt <1,0,0,0> }
	no_shadow
}

// nucleotide -1

// particle -1
sphere {
	<31.615959, 36.043808, 36.007584> 0.250000
	pigment { color rgbt <1,0,0,0> }
	no_shadow
}
cylinder {
	<31.235708, 36.160728, 35.965889>,  <31.007557, 36.230881, 35.940872>, 0.100000
	pigment { color rgbt <1,0,0,0> }
	no_shadow
}
cylinder {
	<31.235708, 36.160728, 35.965889>,  <31.615959, 36.043808, 36.007584>, 0.100000
	pigment { color rgbt <1,0,0,0> }
	no_shadow
}

// particle -1
sphere {
	<31.235708, 36.160728, 35.965889> 0.100000
	pigment { color rgbt <1,0,0,0> }
	no_shadow
}
sphere {
	0, 1
	scale<0.080000,0.200000,0.300000>
	matrix <0.309849, 0.875371, -0.371106,
		-0.017231, -0.385081, -0.922722,
		-0.950629, 0.292299, -0.104234,
		30.950520, 36.248417, 35.934620>
	pigment { color rgbt <0,1,1,0> }
	no_shadow
}
cylinder {
	<31.790459, 36.647713, 35.837967>,  <31.615959, 36.043808, 36.007584>, 0.130000
	pigment { color rgbt <1,0,0,0> }
	no_shadow
}

// nucleotide -1

// particle -1
sphere {
	<31.790459, 36.647713, 35.837967> 0.250000
	pigment { color rgbt <1,0,0,0> }
	no_shadow
}
cylinder {
	<31.414608, 36.613083, 35.705540>,  <31.189098, 36.592304, 35.626083>, 0.100000
	pigment { color rgbt <1,0,0,0> }
	no_shadow
}
cylinder {
	<31.414608, 36.613083, 35.705540>,  <31.790459, 36.647713, 35.837967>, 0.100000
	pigment { color rgbt <1,0,0,0> }
	no_shadow
}

// particle -1
sphere {
	<31.414608, 36.613083, 35.705540> 0.100000
	pigment { color rgbt <1,0,0,0> }
	no_shadow
}
sphere {
	0, 1
	scale<0.080000,0.200000,0.300000>
	matrix <0.107041, 0.844566, -0.524643,
		0.325030, -0.528406, -0.784310,
		-0.939626, -0.086571, -0.331071,
		31.132721, 36.587112, 35.606220>
	pigment { color rgbt <0,1,1,0> }
	no_shadow
}
cylinder {
	<31.769577, 36.586456, 35.102856>,  <31.790459, 36.647713, 35.837967>, 0.130000
	pigment { color rgbt <1,0,0,0> }
	no_shadow
}

// nucleotide -1

// particle -1
sphere {
	<31.769577, 36.586456, 35.102856> 0.250000
	pigment { color rgbt <1,0,0,0> }
	no_shadow
}
cylinder {
	<31.411108, 36.728218, 35.209641>,  <31.196026, 36.813274, 35.273712>, 0.100000
	pigment { color rgbt <1,0,0,0> }
	no_shadow
}
cylinder {
	<31.411108, 36.728218, 35.209641>,  <31.769577, 36.586456, 35.102856>, 0.100000
	pigment { color rgbt <1,0,0,0> }
	no_shadow
}

// particle -1
sphere {
	<31.411108, 36.728218, 35.209641> 0.100000
	pigment { color rgbt <1,0,0,0> }
	no_shadow
}
sphere {
	0, 1
	scale<0.080000,0.200000,0.300000>
	matrix <0.158013, 0.817143, -0.554355,
		-0.414616, -0.454614, -0.788302,
		-0.896172, 0.354407, 0.266966,
		31.142256, 36.834541, 35.289730>
	pigment { color rgbt <0,1,1,0> }
	no_shadow
}
cylinder {
	<31.438593, 36.718639, 34.481636>,  <31.769577, 36.586456, 35.102856>, 0.130000
	pigment { color rgbt <1,0,0,0> }
	no_shadow
}

// nucleotide -1

// particle -1
sphere {
	<31.438593, 36.718639, 34.481636> 0.250000
	pigment { color rgbt <1,0,0,0> }
	no_shadow
}
cylinder {
	<31.278803, 36.954189, 34.762676>,  <31.182928, 37.095520, 34.931301>, 0.100000
	pigment { color rgbt <1,0,0,0> }
	no_shadow
}
cylinder {
	<31.278803, 36.954189, 34.762676>,  <31.438593, 36.718639, 34.481636>, 0.100000
	pigment { color rgbt <1,0,0,0> }
	no_shadow
}

// particle -1
sphere {
	<31.278803, 36.954189, 34.762676> 0.100000
	pigment { color rgbt <1,0,0,0> }
	no_shadow
}
sphere {
	0, 1
	scale<0.080000,0.200000,0.300000>
	matrix <0.209206, 0.804743, -0.555538,
		-0.892554, -0.074936, -0.444671,
		-0.399475, 0.588875, 0.702599,
		31.158960, 37.130852, 34.973457>
	pigment { color rgbt <0,1,1,0> }
	no_shadow
}
cylinder {
	<31.577982, 37.142925, 33.879589>,  <31.438593, 36.718639, 34.481636>, 0.130000
	pigment { color rgbt <1,0,0,0> }
	no_shadow
}

// nucleotide -1

// particle -1
sphere {
	<31.577982, 37.142925, 33.879589> 0.250000
	pigment { color rgbt <1,0,0,0> }
	no_shadow
}
cylinder {
	<31.804192, 37.471561, 33.850830>,  <31.939917, 37.668743, 33.833576>, 0.100000
	pigment { color rgbt <1,0,0,0> }
	no_shadow
}
cylinder {
	<31.804192, 37.471561, 33.850830>,  <31.577982, 37.142925, 33.879589>, 0.100000
	pigment { color rgbt <1,0,0,0> }
	no_shadow
}

// particle -1
sphere {
	<31.804192, 37.471561, 33.850830> 0.100000
	pigment { color rgbt <1,0,0,0> }
	no_shadow
}
sphere {
	0, 1
	scale<0.080000,0.200000,0.300000>
	matrix <-0.791351, 0.516018, -0.327854,
		-0.232264, 0.242303, 0.941989,
		0.565524, 0.821593, -0.071894,
		31.973848, 37.718040, 33.829262>
	pigment { color rgbt <0,1,1,0> }
	no_shadow
}
cylinder {
	<31.238710, 37.657082, 34.200943>,  <31.577982, 37.142925, 33.879589>, 0.130000
	pigment { color rgbt <1,0,0,0> }
	no_shadow
}

// nucleotide -1

// particle -1
sphere {
	<31.238710, 37.657082, 34.200943> 0.250000
	pigment { color rgbt <1,0,0,0> }
	no_shadow
}
cylinder {
	<31.461336, 37.871418, 33.946976>,  <31.594912, 38.000019, 33.794598>, 0.100000
	pigment { color rgbt <1,0,0,0> }
	no_shadow
}
cylinder {
	<31.461336, 37.871418, 33.946976>,  <31.238710, 37.657082, 34.200943>, 0.100000
	pigment { color rgbt <1,0,0,0> }
	no_shadow
}

// particle -1
sphere {
	<31.461336, 37.871418, 33.946976> 0.100000
	pigment { color rgbt <1,0,0,0> }
	no_shadow
}
sphere {
	0, 1
	scale<0.080000,0.200000,0.300000>
	matrix <-0.825738, 0.441056, -0.351606,
		0.091628, 0.719963, 0.687937,
		0.556562, 0.535838, -0.634914,
		31.628305, 38.032169, 33.756500>
	pigment { color rgbt <0,1,1,0> }
	no_shadow
}
cylinder {
	<31.114157, 38.363571, 34.337376>,  <31.238710, 37.657082, 34.200943>, 0.130000
	pigment { color rgbt <1,0,0,0> }
	no_shadow
}

// nucleotide -1

// particle -1
sphere {
	<31.114157, 38.363571, 34.337376> 0.250000
	pigment { color rgbt <1,0,0,0> }
	no_shadow
}
cylinder {
	<31.275547, 38.374058, 33.971531>,  <31.372381, 38.380348, 33.752022>, 0.100000
	pigment { color rgbt <1,0,0,0> }
	no_shadow
}
cylinder {
	<31.275547, 38.374058, 33.971531>,  <31.114157, 38.363571, 34.337376>, 0.100000
	pigment { color rgbt <1,0,0,0> }
	no_shadow
}

// particle -1
sphere {
	<31.275547, 38.374058, 33.971531> 0.100000
	pigment { color rgbt <1,0,0,0> }
	no_shadow
}
sphere {
	0, 1
	scale<0.080000,0.200000,0.300000>
	matrix <-0.701661, 0.650428, -0.290888,
		0.587264, 0.759116, 0.280828,
		0.403475, 0.026218, -0.914615,
		31.396589, 38.381924, 33.697147>
	pigment { color rgbt <0,1,1,0> }
	no_shadow
}
cylinder {
	<31.436581, 38.269691, 35.047604>,  <31.114157, 38.363571, 34.337376>, 0.130000
	pigment { color rgbt <1,0,0,0> }
	no_shadow
}

// nucleotide -1

// particle -1
sphere {
	<31.436581, 38.269691, 35.047604> 0.250000
	pigment { color rgbt <1,0,0,0> }
	no_shadow
}
cylinder {
	<31.075224, 38.136982, 34.938931>,  <30.858410, 38.057358, 34.873726>, 0.100000
	pigment { color rgbt <1,0,0,0> }
	no_shadow
}
cylinder {
	<31.075224, 38.136982, 34.938931>,  <31.436581, 38.269691, 35.047604>, 0.100000
	pigment { color rgbt <1,0,0,0> }
	no_shadow
}

// particle -1
sphere {
	<31.075224, 38.136982, 34.938931> 0.100000
	pigment { color rgbt <1,0,0,0> }
	no_shadow
}
sphere {
	0, 1
	scale<0.080000,0.200000,0.300000>
	matrix <0.178484, -0.866993, 0.465260,
		-0.389911, 0.371819, 0.842449,
		-0.903390, -0.331773, -0.271686,
		30.804207, 38.037449, 34.857426>
	pigment { color rgbt <0,1,1,0> }
	no_shadow
}
cylinder {
	<31.092842, 38.089493, 35.606087>,  <31.436581, 38.269691, 35.047604>, 0.130000
	pigment { color rgbt <1,0,0,0> }
	no_shadow
}

// nucleotide -1

// particle -1
sphere {
	<31.092842, 38.089493, 35.606087> 0.250000
	pigment { color rgbt <1,0,0,0> }
	no_shadow
}
cylinder {
	<30.944180, 37.873924, 35.303711>,  <30.854982, 37.744583, 35.122288>, 0.100000
	pigment { color rgbt <1,0,0,0> }
	no_shadow
}
cylinder {
	<30.944180, 37.873924, 35.303711>,  <31.092842, 38.089493, 35.606087>, 0.100000
	pigment { color rgbt <1,0,0,0> }
	no_shadow
}

// particle -1
sphere {
	<30.944180, 37.873924, 35.303711> 0.100000
	pigment { color rgbt <1,0,0,0> }
	no_shadow
}
sphere {
	0, 1
	scale<0.080000,0.200000,0.300000>
	matrix <0.016336, -0.817931, 0.575084,
		-0.928227, 0.201384, 0.312791,
		-0.371654, -0.538919, -0.755936,
		30.832684, 37.712250, 35.076931>
	pigment { color rgbt <0,1,1,0> }
	no_shadow
}
cylinder {
	<30.547962, 37.792110, 35.905704>,  <31.092842, 38.089493, 35.606087>, 0.130000
	pigment { color rgbt <1,0,0,0> }
	no_shadow
}

// nucleotide -1

// particle -1
sphere {
	<30.547962, 37.792110, 35.905704> 0.250000
	pigment { color rgbt <1,0,0,0> }
	no_shadow
}
cylinder {
	<30.696678, 37.588718, 35.595036>,  <30.785908, 37.466682, 35.408634>, 0.100000
	pigment { color rgbt <1,0,0,0> }
	no_shadow
}
cylinder {
	<30.696678, 37.588718, 35.595036>,  <30.547962, 37.792110, 35.905704>, 0.100000
	pigment { color rgbt <1,0,0,0> }
	no_shadow
}

// particle -1
sphere {
	<30.696678, 37.588718, 35.595036> 0.100000
	pigment { color rgbt <1,0,0,0> }
	no_shadow
}
sphere {
	0, 1
	scale<0.080000,0.200000,0.300000>
	matrix <-0.294179, -0.858062, 0.420939,
		-0.880474, 0.071982, -0.468599,
		0.371786, -0.508477, -0.776676,
		30.808216, 37.436176, 35.362034>
	pigment { color rgbt <0,1,1,0> }
	no_shadow
}
cylinder {
	<30.012934, 37.301689, 35.689018>,  <30.547962, 37.792110, 35.905704>, 0.130000
	pigment { color rgbt <1,0,0,0> }
	no_shadow
}

// nucleotide -1

// particle -1
sphere {
	<30.012934, 37.301689, 35.689018> 0.250000
	pigment { color rgbt <1,0,0,0> }
	no_shadow
}
cylinder {
	<30.356407, 37.158737, 35.542080>,  <30.562490, 37.072968, 35.453918>, 0.100000
	pigment { color rgbt <1,0,0,0> }
	no_shadow
}
cylinder {
	<30.356407, 37.158737, 35.542080>,  <30.012934, 37.301689, 35.689018>, 0.100000
	pigment { color rgbt <1,0,0,0> }
	no_shadow
}

// particle -1
sphere {
	<30.356407, 37.158737, 35.542080> 0.100000
	pigment { color rgbt <1,0,0,0> }
	no_shadow
}
sphere {
	0, 1
	scale<0.080000,0.200000,0.300000>
	matrix <-0.273672, -0.925754, 0.260926,
		-0.433322, -0.123521, -0.892734,
		0.858683, -0.357381, -0.367345,
		30.614012, 37.051521, 35.431877>
	pigment { color rgbt <0,1,1,0> }
	no_shadow
}
cylinder {
	<29.726711, 36.640007, 35.459133>,  <30.012934, 37.301689, 35.689018>, 0.130000
	pigment { color rgbt <1,0,0,0> }
	no_shadow
}

// nucleotide -1

// particle -1
sphere {
	<29.726711, 36.640007, 35.459133> 0.250000
	pigment { color rgbt <1,0,0,0> }
	no_shadow
}
cylinder {
	<30.126501, 36.628929, 35.465851>,  <30.366375, 36.622284, 35.469883>, 0.100000
	pigment { color rgbt <1,0,0,0> }
	no_shadow
}
cylinder {
	<30.126501, 36.628929, 35.465851>,  <29.726711, 36.640007, 35.459133>, 0.100000
	pigment { color rgbt <1,0,0,0> }
	no_shadow
}

// particle -1
sphere {
	<30.126501, 36.628929, 35.465851> 0.100000
	pigment { color rgbt <1,0,0,0> }
	no_shadow
}
sphere {
	0, 1
	scale<0.080000,0.200000,0.300000>
	matrix <-0.032166, -0.909338, 0.414813,
		0.003784, -0.415136, -0.909751,
		0.999475, -0.027693, 0.016794,
		30.426344, 36.620621, 35.470890>
	pigment { color rgbt <0,1,1,0> }
	no_shadow
}
cylinder {
	<29.910297, 35.960278, 35.266293>,  <29.726711, 36.640007, 35.459133>, 0.130000
	pigment { color rgbt <1,0,0,0> }
	no_shadow
}

// nucleotide -1

// particle -1
sphere {
	<29.910297, 35.960278, 35.266293> 0.250000
	pigment { color rgbt <1,0,0,0> }
	no_shadow
}
cylinder {
	<30.231813, 36.100029, 35.458900>,  <30.424723, 36.183880, 35.574463>, 0.100000
	pigment { color rgbt <1,0,0,0> }
	no_shadow
}
cylinder {
	<30.231813, 36.100029, 35.458900>,  <29.910297, 35.960278, 35.266293>, 0.100000
	pigment { color rgbt <1,0,0,0> }
	no_shadow
}

// particle -1
sphere {
	<30.231813, 36.100029, 35.458900> 0.100000
	pigment { color rgbt <1,0,0,0> }
	no_shadow
}
sphere {
	0, 1
	scale<0.080000,0.200000,0.300000>
	matrix <0.055727, -0.850045, 0.523754,
