// switches for output
#declare DRAW_BASES = 1; // possible values are 0, 1; only relevant for DNA ribbons
#declare DRAW_BASES_TYPE = 3; // possible values are 1, 2, 3; only relevant for DNA ribbons
#declare DRAW_FOG = 0; // set to 1 to enable fog

#include "colors.inc"

#include "transforms.inc"
background { rgb <1, 1, 1>}

#default {
   normal{
       ripples 0.25
       frequency 0.20
       turbulence 0.2
       lambda 5
   }
	finish {
		phong 0.1
		phong_size 40.
	}
}

// original window dimensions: 1024x640


// camera settings

camera {
	sky <0, 0.179814, -0.983701>
	up <0, 0.179814, -0.983701>
	right 1.6 * <1, 0, 0>
	location <35, 94.9851, 44.8844>
	look_at <35, 29.7336, 32.9568>
	direction <0, -65.2515, -11.9276>
	angle 67.0682
}


# declare cpy_camera_pos = <35, 94.9851, 44.8844>;
# if (DRAW_FOG = 1)
fog {
	fog_type 2
	up vnormalize(cpy_camera_pos)
	color rgbt<1,1,1,0.3>
	distance 1e-5
	fog_alt 3e-3
	fog_offset 56
}
# end


// LIGHTS

# declare lum = 6;
global_settings {
	ambient_light rgb lum * <0.05, 0.05, 0.05>
	max_trace_level 15
}# declare cpy_direct_light_amount = 0.25;
light_source
{	1000 * <-1, -1.16352, -0.803886>,
	rgb lum * cpy_direct_light_amount
	parallel
}

light_source
{	1000 * <1, 1.16352, 0.803886>,
	rgb lum * cpy_direct_light_amount
	parallel
}

// strand 0

// nucleotide -1

// particle -1
sphere {
	<24.312159, 34.874630, 34.532562> 0.250000
	pigment { color rgbt <1,0,0,0> }
	no_shadow
}
cylinder {
	<24.320932, 35.007980, 34.909576>,  <24.326197, 35.087990, 35.135784>, 0.100000
	pigment { color rgbt <1,0,0,0> }
	no_shadow
}
cylinder {
	<24.320932, 35.007980, 34.909576>,  <24.312159, 34.874630, 34.532562>, 0.100000
	pigment { color rgbt <1,0,0,0> }
	no_shadow
}

// particle -1
sphere {
	<24.320932, 35.007980, 34.909576> 0.100000
	pigment { color rgbt <1,0,0,0> }
	no_shadow
}
sphere {
	0, 1
	scale<0.080000,0.200000,0.300000>
	matrix <0.024767, -0.942656, 0.332844,
		0.999453, 0.016043, -0.028935,
		0.021936, 0.333379, 0.942538,
		24.327513, 35.107994, 35.192337>
	pigment { color rgbt <0,1,1,0> }
	no_shadow
}
cylinder {
	<24.754240, 34.452881, 34.744129>,  <24.312159, 34.874630, 34.532562>, 0.130000
	pigment { color rgbt <1,0,0,0> }
	no_shadow
}

// nucleotide -1

// particle -1
sphere {
	<24.754240, 34.452881, 34.744129> 0.250000
	pigment { color rgbt <1,0,0,0> }
	no_shadow
}
cylinder {
	<24.548204, 34.592335, 35.057343>,  <24.424583, 34.676006, 35.245270>, 0.100000
	pigment { color rgbt <1,0,0,0> }
	no_shadow
}
cylinder {
	<24.548204, 34.592335, 35.057343>,  <24.754240, 34.452881, 34.744129>, 0.100000
	pigment { color rgbt <1,0,0,0> }
	no_shadow
}

// particle -1
sphere {
	<24.548204, 34.592335, 35.057343> 0.100000
	pigment { color rgbt <1,0,0,0> }
	no_shadow
}
sphere {
	0, 1
	scale<0.080000,0.200000,0.300000>
	matrix <-0.110673, -0.932948, 0.342577,
		0.849963, 0.089797, 0.519134,
		-0.515087, 0.348632, 0.783033,
		24.393679, 34.696926, 35.292252>
	pigment { color rgbt <0,1,1,0> }
	no_shadow
}
cylinder {
	<25.348867, 34.795044, 34.761734>,  <24.754240, 34.452881, 34.744129>, 0.130000
	pigment { color rgbt <1,0,0,0> }
	no_shadow
}

// nucleotide -1

// particle -1
sphere {
	<25.348867, 34.795044, 34.761734> 0.250000
	pigment { color rgbt <1,0,0,0> }
	no_shadow
}
cylinder {
	<25.532585, 34.503059, 34.964199>,  <25.642817, 34.327869, 35.085678>, 0.100000
	pigment { color rgbt <1,0,0,0> }
	no_shadow
}
cylinder {
	<25.532585, 34.503059, 34.964199>,  <25.348867, 34.795044, 34.761734>, 0.100000
	pigment { color rgbt <1,0,0,0> }
	no_shadow
}

// particle -1
sphere {
	<25.532585, 34.503059, 34.964199> 0.100000
	pigment { color rgbt <1,0,0,0> }
	no_shadow
}
sphere {
	0, 1
	scale<0.080000,0.200000,0.300000>
	matrix <0.235898, -0.449123, -0.861766,
		0.856388, 0.515206, -0.034082,
		0.459294, -0.729966, 0.506160,
		25.670374, 34.284069, 35.116047>
	pigment { color rgbt <0,1,1,0> }
	no_shadow
}
cylinder {
	<25.865017, 34.598110, 34.349979>,  <25.348867, 34.795044, 34.761734>, 0.130000
	pigment { color rgbt <1,0,0,0> }
	no_shadow
}

// nucleotide -1

// particle -1
sphere {
	<25.865017, 34.598110, 34.349979> 0.250000
	pigment { color rgbt <1,0,0,0> }
	no_shadow
}
cylinder {
	<25.769640, 34.273991, 34.564106>,  <25.712414, 34.079517, 34.692581>, 0.100000
	pigment { color rgbt <1,0,0,0> }
	no_shadow
}
cylinder {
	<25.769640, 34.273991, 34.564106>,  <25.865017, 34.598110, 34.349979>, 0.100000
	pigment { color rgbt <1,0,0,0> }
	no_shadow
}

// particle -1
sphere {
	<25.769640, 34.273991, 34.564106> 0.100000
	pigment { color rgbt <1,0,0,0> }
	no_shadow
}
sphere {
	0, 1
	scale<0.080000,0.200000,0.300000>
	matrix <0.229830, -0.582636, -0.779559,
		0.943569, -0.062849, 0.325156,
		-0.238443, -0.810299, 0.535313,
		25.698107, 34.030899, 34.724701>
	pigment { color rgbt <0,1,1,0> }
	no_shadow
}
cylinder {
	<26.389299, 34.842796, 33.795666>,  <25.865017, 34.598110, 34.349979>, 0.130000
	pigment { color rgbt <1,0,0,0> }
	no_shadow
}

// nucleotide -1

// particle -1
sphere {
	<26.389299, 34.842796, 33.795666> 0.250000
	pigment { color rgbt <1,0,0,0> }
	no_shadow
}
cylinder {
	<26.692066, 34.935242, 33.551155>,  <26.873726, 34.990707, 33.404449>, 0.100000
	pigment { color rgbt <1,0,0,0> }
	no_shadow
}
cylinder {
	<26.692066, 34.935242, 33.551155>,  <26.389299, 34.842796, 33.795666>, 0.100000
	pigment { color rgbt <1,0,0,0> }
	no_shadow
}

// particle -1
sphere {
	<26.692066, 34.935242, 33.551155> 0.100000
	pigment { color rgbt <1,0,0,0> }
	no_shadow
}
sphere {
	0, 1
	scale<0.080000,0.200000,0.300000>
	matrix <-0.538909, 0.749848, -0.383803,
		0.369666, 0.619932, 0.692120,
		0.756917, 0.231111, -0.611281,
		26.919142, 35.004574, 33.367771>
	pigment { color rgbt <0,1,1,0> }
	no_shadow
}
cylinder {
	<26.585737, 35.525227, 33.955719>,  <26.389299, 34.842796, 33.795666>, 0.130000
	pigment { color rgbt <1,0,0,0> }
	no_shadow
}

// nucleotide -1

// particle -1
sphere {
	<26.585737, 35.525227, 33.955719> 0.250000
	pigment { color rgbt <1,0,0,0> }
	no_shadow
}
cylinder {
	<26.667891, 35.431580, 33.575611>,  <26.717182, 35.375393, 33.347546>, 0.100000
	pigment { color rgbt <1,0,0,0> }
	no_shadow
}
cylinder {
	<26.667891, 35.431580, 33.575611>,  <26.585737, 35.525227, 33.955719>, 0.100000
	pigment { color rgbt <1,0,0,0> }
	no_shadow
}

// particle -1
sphere {
	<26.667891, 35.431580, 33.575611> 0.100000
	pigment { color rgbt <1,0,0,0> }
	no_shadow
}
sphere {
	0, 1
	scale<0.080000,0.200000,0.300000>
	matrix <-0.602734, 0.734720, -0.311284,
		0.771057, 0.636690, 0.009790,
		0.205385, -0.234117, -0.950266,
		26.729506, 35.361343, 33.290531>
	pigment { color rgbt <0,1,1,0> }
	no_shadow
}
cylinder {
	<26.695110, 36.104061, 33.634693>,  <26.585737, 35.525227, 33.955719>, 0.130000
	pigment { color rgbt <1,0,0,0> }
	no_shadow
}

// nucleotide -1

// particle -1
sphere {
	<26.695110, 36.104061, 33.634693> 0.250000
	pigment { color rgbt <1,0,0,0> }
	no_shadow
}
cylinder {
	<26.576534, 35.855732, 33.344395>,  <26.505388, 35.706734, 33.170216>, 0.100000
	pigment { color rgbt <1,0,0,0> }
	no_shadow
}
cylinder {
	<26.576534, 35.855732, 33.344395>,  <26.695110, 36.104061, 33.634693>, 0.100000
	pigment { color rgbt <1,0,0,0> }
	no_shadow
}

// particle -1
sphere {
	<26.576534, 35.855732, 33.344395> 0.100000
	pigment { color rgbt <1,0,0,0> }
	no_shadow
}
sphere {
	0, 1
	scale<0.080000,0.200000,0.300000>
	matrix <-0.612714, 0.706529, -0.354117,
		0.732603, 0.339699, -0.589829,
		-0.296438, -0.620823, -0.725743,
		26.487602, 35.669483, 33.126671>
	pigment { color rgbt <0,1,1,0> }
	no_shadow
}
cylinder {
	<27.409634, 35.938179, 33.473988>,  <26.695110, 36.104061, 33.634693>, 0.130000
	pigment { color rgbt <1,0,0,0> }
	no_shadow
}

// nucleotide -1

// particle -1
sphere {
	<27.409634, 35.938179, 33.473988> 0.250000
	pigment { color rgbt <1,0,0,0> }
	no_shadow
}
cylinder {
	<27.139589, 35.803661, 33.211346>,  <26.977562, 35.722950, 33.053761>, 0.100000
	pigment { color rgbt <1,0,0,0> }
	no_shadow
}
cylinder {
	<27.139589, 35.803661, 33.211346>,  <27.409634, 35.938179, 33.473988>, 0.100000
	pigment { color rgbt <1,0,0,0> }
	no_shadow
}

// particle -1
sphere {
	<27.139589, 35.803661, 33.211346> 0.100000
	pigment { color rgbt <1,0,0,0> }
	no_shadow
}
sphere {
	0, 1
	scale<0.080000,0.200000,0.300000>
	matrix <-0.471216, 0.881398, 0.033066,
		0.567611, 0.331726, -0.753509,
		-0.675110, -0.336297, -0.656605,
		26.937056, 35.702774, 33.014362>
	pigment { color rgbt <0,1,1,0> }
	no_shadow
}
cylinder {
	<27.318127, 36.527840, 33.087700>,  <27.409634, 35.938179, 33.473988>, 0.130000
	pigment { color rgbt <1,0,0,0> }
	no_shadow
}

// nucleotide -1

// particle -1
sphere {
	<27.318127, 36.527840, 33.087700> 0.250000
	pigment { color rgbt <1,0,0,0> }
	no_shadow
}
cylinder {
	<27.018406, 36.283100, 32.986355>,  <26.838573, 36.136257, 32.925549>, 0.100000
	pigment { color rgbt <1,0,0,0> }
	no_shadow
}
cylinder {
	<27.018406, 36.283100, 32.986355>,  <27.318127, 36.527840, 33.087700>, 0.100000
	pigment { color rgbt <1,0,0,0> }
	no_shadow
}

// particle -1
sphere {
	<27.018406, 36.283100, 32.986355> 0.100000
	pigment { color rgbt <1,0,0,0> }
	no_shadow
}
sphere {
	0, 1
	scale<0.080000,0.200000,0.300000>
	matrix <-0.612821, 0.785649, -0.084890,
		0.250991, 0.091655, -0.963640,
		-0.749302, -0.611846, -0.253359,
		26.793615, 36.099545, 32.910347>
	pigment { color rgbt <0,1,1,0> }
	no_shadow
}
cylinder {
	<27.128466, 36.762119, 32.429817>,  <27.318127, 36.527840, 33.087700>, 0.130000
	pigment { color rgbt <1,0,0,0> }
	no_shadow
}

// nucleotide -1

// particle -1
sphere {
	<27.128466, 36.762119, 32.429817> 0.250000
	pigment { color rgbt <1,0,0,0> }
	no_shadow
}
cylinder {
	<26.824570, 36.566387, 32.601093>,  <26.642233, 36.448948, 32.703861>, 0.100000
	pigment { color rgbt <1,0,0,0> }
	no_shadow
}
cylinder {
	<26.824570, 36.566387, 32.601093>,  <27.128466, 36.762119, 32.429817>, 0.100000
	pigment { color rgbt <1,0,0,0> }
	no_shadow
}

// particle -1
sphere {
	<26.824570, 36.566387, 32.601093> 0.100000
	pigment { color rgbt <1,0,0,0> }
	no_shadow
}
sphere {
	0, 1
	scale<0.080000,0.200000,0.300000>
	matrix <-0.594926, 0.788881, -0.154045,
		-0.262414, -0.371777, -0.890461,
		-0.759738, -0.489335, 0.428193,
		26.596647, 36.419586, 32.729549>
	pigment { color rgbt <0,1,1,0> }
	no_shadow
}
cylinder {
	<26.532883, 36.994659, 32.080673>,  <27.128466, 36.762119, 32.429817>, 0.130000
	pigment { color rgbt <1,0,0,0> }
	no_shadow
}

// nucleotide -1

// particle -1
sphere {
	<26.532883, 36.994659, 32.080673> 0.250000
	pigment { color rgbt <1,0,0,0> }
	no_shadow
}
cylinder {
	<26.380924, 36.856659, 32.423988>,  <26.289749, 36.773861, 32.629978>, 0.100000
	pigment { color rgbt <1,0,0,0> }
	no_shadow
}
cylinder {
	<26.380924, 36.856659, 32.423988>,  <26.532883, 36.994659, 32.080673>, 0.100000
	pigment { color rgbt <1,0,0,0> }
	no_shadow
}

// particle -1
sphere {
	<26.380924, 36.856659, 32.423988> 0.100000
	pigment { color rgbt <1,0,0,0> }
	no_shadow
}
sphere {
	0, 1
	scale<0.080000,0.200000,0.300000>
	matrix <-0.600558, 0.797699, 0.054826,
		-0.703569, -0.494622, -0.510235,
		-0.379896, -0.344999, 0.858286,
		26.266956, 36.753159, 32.681473>
	pigment { color rgbt <0,1,1,0> }
	no_shadow
}
cylinder {
	<25.838701, 37.080761, 32.053947>,  <26.532883, 36.994659, 32.080673>, 0.130000
	pigment { color rgbt <1,0,0,0> }
	no_shadow
}

// nucleotide -1

// particle -1
sphere {
	<25.838701, 37.080761, 32.053947> 0.250000
	pigment { color rgbt <1,0,0,0> }
	no_shadow
}
cylinder {
	<25.932953, 37.074310, 32.442631>,  <25.989504, 37.070438, 32.675842>, 0.100000
	pigment { color rgbt <1,0,0,0> }
	no_shadow
}
cylinder {
	<25.932953, 37.074310, 32.442631>,  <25.838701, 37.080761, 32.053947>, 0.100000
	pigment { color rgbt <1,0,0,0> }
	no_shadow
}

// particle -1
sphere {
	<25.932953, 37.074310, 32.442631> 0.100000
	pigment { color rgbt <1,0,0,0> }
	no_shadow
}
sphere {
	0, 1
	scale<0.080000,0.200000,0.300000>
	matrix <-0.487288, 0.863132, 0.132491,
		-0.840850, -0.504721, 0.195520,
		0.235631, -0.016131, 0.971709,
		26.003643, 37.069469, 32.734142>
	pigment { color rgbt <0,1,1,0> }
	no_shadow
}
cylinder {
	<25.271482, 37.187374, 32.374073>,  <25.838701, 37.080761, 32.053947>, 0.130000
	pigment { color rgbt <1,0,0,0> }
	no_shadow
}

// nucleotide -1

// particle -1
sphere {
	<25.271482, 37.187374, 32.374073> 0.250000
	pigment { color rgbt <1,0,0,0> }
	no_shadow
}
cylinder {
	<25.577364, 37.299828, 32.606003>,  <25.760893, 37.367302, 32.745159>, 0.100000
	pigment { color rgbt <1,0,0,0> }
	no_shadow
}
cylinder {
	<25.577364, 37.299828, 32.606003>,  <25.271482, 37.187374, 32.374073>, 0.100000
	pigment { color rgbt <1,0,0,0> }
	no_shadow
}

// particle -1
sphere {
	<25.577364, 37.299828, 32.606003> 0.100000
	pigment { color rgbt <1,0,0,0> }
	no_shadow
}
sphere {
	0, 1
	scale<0.080000,0.200000,0.300000>
	matrix <-0.379772, 0.923557, 0.053065,
		-0.520578, -0.260778, 0.813015,
		0.764704, 0.281136, 0.579820,
		25.806776, 37.384167, 32.779949>
	pigment { color rgbt <0,1,1,0> }
	no_shadow
}
cylinder {
	<25.583345, 37.780540, 32.602684>,  <25.271482, 37.187374, 32.374073>, 0.130000
	pigment { color rgbt <1,0,0,0> }
	no_shadow
}

// nucleotide -1

// particle -1
sphere {
	<25.583345, 37.780540, 32.602684> 0.250000
	pigment { color rgbt <1,0,0,0> }
	no_shadow
}
cylinder {
	<25.333614, 37.537636, 32.799232>,  <25.183777, 37.391891, 32.917164>, 0.100000
	pigment { color rgbt <1,0,0,0> }
	no_shadow
}
cylinder {
	<25.333614, 37.537636, 32.799232>,  <25.583345, 37.780540, 32.602684>, 0.100000
	pigment { color rgbt <1,0,0,0> }
	no_shadow
}

// particle -1
sphere {
	<25.333614, 37.537636, 32.799232> 0.100000
	pigment { color rgbt <1,0,0,0> }
	no_shadow
}
sphere {
	0, 1
	scale<0.080000,0.200000,0.300000>
	matrix <0.747910, -0.646257, 0.151600,
		0.225495, 0.462152, 0.857652,
		-0.624326, -0.607262, 0.491376,
		25.146317, 37.355457, 32.946644>
	pigment { color rgbt <0,1,1,0> }
	no_shadow
}
cylinder {
	<25.865734, 37.669113, 33.294147>,  <25.583345, 37.780540, 32.602684>, 0.130000
	pigment { color rgbt <1,0,0,0> }
	no_shadow
}

// nucleotide -1

// particle -1
sphere {
	<25.865734, 37.669113, 33.294147> 0.250000
	pigment { color rgbt <1,0,0,0> }
	no_shadow
}
cylinder {
	<25.649601, 37.371876, 33.136238>,  <25.519920, 37.193531, 33.041492>, 0.100000
	pigment { color rgbt <1,0,0,0> }
	no_shadow
}
cylinder {
	<25.649601, 37.371876, 33.136238>,  <25.865734, 37.669113, 33.294147>, 0.100000
	pigment { color rgbt <1,0,0,0> }
	no_shadow
}

// particle -1
sphere {
	<25.649601, 37.371876, 33.136238> 0.100000
	pigment { color rgbt <1,0,0,0> }
	no_shadow
}
sphere {
	0, 1
	scale<0.080000,0.200000,0.300000>
	matrix <0.766284, -0.628375, 0.133988,
		-0.347632, -0.230110, 0.908956,
		-0.540333, -0.743098, -0.394773,
		25.487501, 37.148945, 33.017807>
	pigment { color rgbt <0,1,1,0> }
	no_shadow
}
cylinder {
	<25.944138, 37.071323, 33.744350>,  <25.865734, 37.669113, 33.294147>, 0.130000
	pigment { color rgbt <1,0,0,0> }
	no_shadow
}

// nucleotide -1

// particle -1
sphere {
	<25.944138, 37.071323, 33.744350> 0.250000
	pigment { color rgbt <1,0,0,0> }
	no_shadow
}
cylinder {
	<25.844255, 36.956409, 33.374462>,  <25.784327, 36.887463, 33.152527>, 0.100000
	pigment { color rgbt <1,0,0,0> }
	no_shadow
}
cylinder {
	<25.844255, 36.956409, 33.374462>,  <25.944138, 37.071323, 33.744350>, 0.100000
	pigment { color rgbt <1,0,0,0> }
	no_shadow
}

// particle -1
sphere {
	<25.844255, 36.956409, 33.374462> 0.100000
	pigment { color rgbt <1,0,0,0> }
	no_shadow
}
sphere {
	0, 1
	scale<0.080000,0.200000,0.300000>
	matrix <0.646992, -0.760020, 0.061408,
		-0.720450, -0.582956, 0.375651,
		-0.249704, -0.287285, -0.924724,
		25.769344, 36.870224, 33.097046>
	pigment { color rgbt <0,1,1,0> }
	no_shadow
}
cylinder {
	<25.619236, 36.319851, 33.703590>,  <25.944138, 37.071323, 33.744350>, 0.130000
	pigment { color rgbt <1,0,0,0> }
	no_shadow
}

// nucleotide -1

// particle -1
sphere {
	<25.619236, 36.319851, 33.703590> 0.250000
	pigment { color rgbt <1,0,0,0> }
	no_shadow
}
cylinder {
	<25.794420, 36.417088, 33.357388>,  <25.899530, 36.475430, 33.149666>, 0.100000
	pigment { color rgbt <1,0,0,0> }
	no_shadow
}
cylinder {
	<25.794420, 36.417088, 33.357388>,  <25.619236, 36.319851, 33.703590>, 0.100000
	pigment { color rgbt <1,0,0,0> }
	no_shadow
}

// particle -1
sphere {
	<25.794420, 36.417088, 33.357388> 0.100000
	pigment { color rgbt <1,0,0,0> }
	no_shadow
}
sphere {
	0, 1
	scale<0.080000,0.200000,0.300000>
	matrix <0.492423, -0.870343, 0.004726,
		-0.752138, -0.428264, -0.500878,
		0.437960, 0.243089, -0.865505,
		25.925808, 36.490013, 33.097736>
	pigment { color rgbt <0,1,1,0> }
	no_shadow
}
cylinder {
	<25.581345, 35.699203, 33.144596>,  <25.619236, 36.319851, 33.703590>, 0.130000
	pigment { color rgbt <1,0,0,0> }
	no_shadow
}

// nucleotide -1

// particle -1
sphere {
	<25.581345, 35.699203, 33.144596> 0.250000
	pigment { color rgbt <1,0,0,0> }
	no_shadow
}
cylinder {
	<25.899603, 35.908180, 33.021961>,  <26.090559, 36.033566, 32.948380>, 0.100000
	pigment { color rgbt <1,0,0,0> }
	no_shadow
}
cylinder {
	<25.899603, 35.908180, 33.021961>,  <25.581345, 35.699203, 33.144596>, 0.100000
	pigment { color rgbt <1,0,0,0> }
	no_shadow
}

// particle -1
sphere {
	<25.899603, 35.908180, 33.021961> 0.100000
	pigment { color rgbt <1,0,0,0> }
	no_shadow
}
sphere {
	0, 1
	scale<0.080000,0.200000,0.300000>
	matrix <0.476091, -0.852261, -0.216767,
		-0.374545, 0.026505, -0.926830,
		0.795647, 0.522444, -0.306591,
		26.138296, 36.064915, 32.929985>
	pigment { color rgbt <0,1,1,0> }
	no_shadow
}
cylinder {
	<25.715162, 35.352482, 32.543377>,  <25.581345, 35.699203, 33.144596>, 0.130000
	pigment { color rgbt <1,0,0,0> }
	no_shadow
}

// nucleotide -1

// particle -1
sphere {
	<25.715162, 35.352482, 32.543377> 0.250000
	pigment { color rgbt <1,0,0,0> }
	no_shadow
}
cylinder {
	<26.033569, 35.579224, 32.628258>,  <26.224613, 35.715267, 32.679188>, 0.100000
	pigment { color rgbt <1,0,0,0> }
	no_shadow
}
cylinder {
	<26.033569, 35.579224, 32.628258>,  <25.715162, 35.352482, 32.543377>, 0.100000
	pigment { color rgbt <1,0,0,0> }
	no_shadow
}

// particle -1
sphere {
	<26.033569, 35.579224, 32.628258> 0.100000
	pigment { color rgbt <1,0,0,0> }
	no_shadow
}
sphere {
	0, 1
	scale<0.080000,0.200000,0.300000>
	matrix <0.601998, -0.705050, -0.374836,
		-0.062864, 0.426122, -0.902479,
		0.796019, 0.566854, 0.212202,
		26.272375, 35.749279, 32.691917>
	pigment { color rgbt <0,1,1,0> }
	no_shadow
}
cylinder {
	<26.158369, 35.273895, 32.025822>,  <25.715162, 35.352482, 32.543377>, 0.130000
	pigment { color rgbt <1,0,0,0> }
	no_shadow
}

// nucleotide -1

// particle -1
sphere {
	<26.158369, 35.273895, 32.025822> 0.250000
	pigment { color rgbt <1,0,0,0> }
	no_shadow
}
cylinder {
	<26.374544, 35.399548, 32.338039>,  <26.504250, 35.474937, 32.525372>, 0.100000
	pigment { color rgbt <1,0,0,0> }
	no_shadow
}
cylinder {
	<26.374544, 35.399548, 32.338039>,  <26.158369, 35.273895, 32.025822>, 0.100000
	pigment { color rgbt <1,0,0,0> }
	no_shadow
}

// particle -1
sphere {
	<26.374544, 35.399548, 32.338039> 0.100000
	pigment { color rgbt <1,0,0,0> }
	no_shadow
}
sphere {
	0, 1
	scale<0.080000,0.200000,0.300000>
	matrix <0.687447, -0.699742, -0.194367,
		0.485123, 0.641626, -0.594114,
		0.540437, 0.314130, 0.780545,
		26.536674, 35.493786, 32.572205>
	pigment { color rgbt <0,1,1,0> }
	no_shadow
}
cylinder {
	<26.865456, 34.915401, 32.033394>,  <26.158369, 35.273895, 32.025822>, 0.130000
	pigment { color rgbt <1,0,0,0> }
	no_shadow
}

// nucleotide -1

// particle -1
sphere {
	<26.865456, 34.915401, 32.033394> 0.250000
	pigment { color rgbt <1,0,0,0> }
	no_shadow
}
cylinder {
	<26.856186, 35.065769, 32.403938>,  <26.850624, 35.155991, 32.626266>, 0.100000
	pigment { color rgbt <1,0,0,0> }
	no_shadow
}
cylinder {
	<26.856186, 35.065769, 32.403938>,  <26.865456, 34.915401, 32.033394>, 0.100000
	pigment { color rgbt <1,0,0,0> }
	no_shadow
}

// particle -1
sphere {
	<26.856186, 35.065769, 32.403938> 0.100000
	pigment { color rgbt <1,0,0,0> }
	no_shadow
}
sphere {
	0, 1
	scale<0.080000,0.200000,0.300000>
	matrix <0.746431, -0.609911, 0.266176,
		0.665060, 0.697635, -0.266462,
		-0.023176, 0.375918, 0.926363,
		26.849234, 35.178543, 32.681847>
	pigment { color rgbt <0,1,1,0> }
	no_shadow
}
cylinder {
	<27.603605, 35.000809, 32.294380>,  <26.865456, 34.915401, 32.033394>, 0.130000
	pigment { color rgbt <1,0,0,0> }
	no_shadow
}

// nucleotide -1

// particle -1
sphere {
	<27.603605, 35.000809, 32.294380> 0.250000
	pigment { color rgbt <1,0,0,0> }
	no_shadow
}
cylinder {
	<27.344587, 34.975143, 32.598106>,  <27.189177, 34.959743, 32.780342>, 0.100000
	pigment { color rgbt <1,0,0,0> }
	no_shadow
}
cylinder {
	<27.344587, 34.975143, 32.598106>,  <27.603605, 35.000809, 32.294380>, 0.100000
	pigment { color rgbt <1,0,0,0> }
	no_shadow
}

// particle -1
sphere {
	<27.344587, 34.975143, 32.598106> 0.100000
	pigment { color rgbt <1,0,0,0> }
	no_shadow
}
sphere {
	0, 1
	scale<0.080000,0.200000,0.300000>
	matrix <0.590528, -0.672039, 0.446810,
		0.481622, 0.737730, 0.473069,
		-0.647546, -0.064167, 0.759320,
		27.150324, 34.955894, 32.825901>
	pigment { color rgbt <0,1,1,0> }
	no_shadow
}
cylinder {
	<27.972855, 35.205696, 32.929897>,  <27.603605, 35.000809, 32.294380>, 0.130000
	pigment { color rgbt <1,0,0,0> }
	no_shadow
}

// nucleotide -1

// particle -1
sphere {
	<27.972855, 35.205696, 32.929897> 0.250000
	pigment { color rgbt <1,0,0,0> }
	no_shadow
}
cylinder {
	<27.667385, 34.948872, 32.956886>,  <27.484102, 34.794777, 32.973080>, 0.100000
	pigment { color rgbt <1,0,0,0> }
	no_shadow
}
cylinder {
	<27.667385, 34.948872, 32.956886>,  <27.972855, 35.205696, 32.929897>, 0.100000
	pigment { color rgbt <1,0,0,0> }
	no_shadow
}

// particle -1
sphere {
	<27.667385, 34.948872, 32.956886> 0.100000
	pigment { color rgbt <1,0,0,0> }
	no_shadow
}
sphere {
	0, 1
	scale<0.080000,0.200000,0.300000>
	matrix <0.624842, -0.708783, 0.327413,
		-0.162394, 0.292200, 0.942469,
		-0.763676, -0.642064, 0.067477,
		27.438282, 34.756252, 32.977131>
	pigment { color rgbt <0,1,1,0> }
	no_shadow
}
cylinder {
	<27.911463, 34.861916, 33.557381>,  <27.972855, 35.205696, 32.929897>, 0.130000
	pigment { color rgbt <1,0,0,0> }
	no_shadow
}

// nucleotide -1

// particle -1
sphere {
	<27.911463, 34.861916, 33.557381> 0.250000
	pigment { color rgbt <1,0,0,0> }
	no_shadow
}
cylinder {
	<27.724058, 34.610054, 33.309498>,  <27.611614, 34.458939, 33.160770>, 0.100000
	pigment { color rgbt <1,0,0,0> }
	no_shadow
}
cylinder {
	<27.724058, 34.610054, 33.309498>,  <27.911463, 34.861916, 33.557381>, 0.100000
	pigment { color rgbt <1,0,0,0> }
	no_shadow
}

// particle -1
sphere {
	<27.724058, 34.610054, 33.309498> 0.100000
	pigment { color rgbt <1,0,0,0> }
	no_shadow
}
sphere {
	0, 1
	scale<0.080000,0.200000,0.300000>
	matrix <0.647526, -0.721932, 0.243977,
		-0.601004, -0.286967, 0.745952,
		-0.468513, -0.629654, -0.619703,
		27.583504, 34.421158, 33.123589>
	pigment { color rgbt <0,1,1,0> }
	no_shadow
}
cylinder {
	<28.080070, 34.246861, 33.800587>,  <27.911463, 34.861916, 33.557381>, 0.130000
	pigment { color rgbt <1,0,0,0> }
	no_shadow
}

// nucleotide -1

// particle -1
sphere {
	<28.080070, 34.246861, 33.800587> 0.250000
	pigment { color rgbt <1,0,0,0> }
	no_shadow
}
cylinder {
	<27.898663, 34.113716, 33.469883>,  <27.789818, 34.033829, 33.271461>, 0.100000
	pigment { color rgbt <1,0,0,0> }
	no_shadow
}
cylinder {
	<27.898663, 34.113716, 33.469883>,  <28.080070, 34.246861, 33.800587>, 0.100000
	pigment { color rgbt <1,0,0,0> }
	no_shadow
}

// particle -1
sphere {
	<27.898663, 34.113716, 33.469883> 0.100000
	pigment { color rgbt <1,0,0,0> }
	no_shadow
}
sphere {
	0, 1
	scale<0.080000,0.200000,0.300000>
	matrix <0.208104, -0.941547, 0.264919,
		-0.866610, -0.051905, 0.496279,
		-0.453519, -0.332859, -0.826756,
		27.762608, 34.013859, 33.221855>
	pigment { color rgbt <0,1,1,0> }
	no_shadow
}
cylinder {
	<27.487082, 33.757893, 33.846119>,  <28.080070, 34.246861, 33.800587>, 0.130000
	pigment { color rgbt <1,0,0,0> }
	no_shadow
}

// nucleotide -1

// particle -1
sphere {
	<27.487082, 33.757893, 33.846119> 0.250000
	pigment { color rgbt <1,0,0,0> }
	no_shadow
}
cylinder {
	<27.741970, 33.707298, 33.542027>,  <27.894903, 33.676941, 33.359570>, 0.100000
	pigment { color rgbt <1,0,0,0> }
	no_shadow
}
cylinder {
	<27.741970, 33.707298, 33.542027>,  <27.487082, 33.757893, 33.846119>, 0.100000
	pigment { color rgbt <1,0,0,0> }
	no_shadow
}

// particle -1
sphere {
	<27.741970, 33.707298, 33.542027> 0.100000
	pigment { color rgbt <1,0,0,0> }
	no_shadow
}
sphere {
	0, 1
	scale<0.080000,0.200000,0.300000>
	matrix <0.188038, -0.931109, 0.312534,
		-0.747389, -0.342105, -0.569538,
		0.637221, -0.126490, -0.760230,
		27.933136, 33.669350, 33.313957>
	pigment { color rgbt <0,1,1,0> }
	no_shadow
}
cylinder {
	<27.290710, 33.203926, 33.338200>,  <27.487082, 33.757893, 33.846119>, 0.130000
	pigment { color rgbt <1,0,0,0> }
	no_shadow
}

// nucleotide -1

// particle -1
sphere {
	<27.290710, 33.203926, 33.338200> 0.250000
	pigment { color rgbt <1,0,0,0> }
	no_shadow
}
cylinder {
	<27.686405, 33.253910, 33.368641>,  <27.923822, 33.283901, 33.386906>, 0.100000
	pigment { color rgbt <1,0,0,0> }
	no_shadow
}
cylinder {
	<27.686405, 33.253910, 33.368641>,  <27.290710, 33.203926, 33.338200>, 0.100000
	pigment { color rgbt <1,0,0,0> }
	no_shadow
}

// particle -1
sphere {
	<27.686405, 33.253910, 33.368641> 0.100000
	pigment { color rgbt <1,0,0,0> }
	no_shadow
}
sphere {
	0, 1
	scale<0.080000,0.200000,0.300000>
	matrix <0.106707, -0.972061, 0.209071,
		0.100104, -0.198701, -0.974934,
		0.989238, 0.124961, 0.076105,
		27.983177, 33.291397, 33.391472>
	pigment { color rgbt <0,1,1,0> }
	no_shadow
}
cylinder {
	<27.656605, 32.848579, 32.892456>,  <27.290710, 33.203926, 33.338200>, 0.130000
	pigment { color rgbt <1,0,0,0> }
	no_shadow
}

// nucleotide -1

// particle -1
sphere {
	<27.656605, 32.848579, 32.892456> 0.250000
	pigment { color rgbt <1,0,0,0> }
	no_shadow
}
cylinder {
	<27.896635, 32.873482, 33.211464>,  <28.040653, 32.888424, 33.402866>, 0.100000
	pigment { color rgbt <1,0,0,0> }
	no_shadow
}
cylinder {
	<27.896635, 32.873482, 33.211464>,  <27.656605, 32.848579, 32.892456>, 0.100000
	pigment { color rgbt <1,0,0,0> }
	no_shadow
}

// particle -1
sphere {
	<27.896635, 32.873482, 33.211464> 0.100000
	pigment { color rgbt <1,0,0,0> }
	no_shadow
}
sphere {
	0, 1
	scale<0.080000,0.200000,0.300000>
	matrix <0.029591, -0.998012, 0.055641,
		0.799396, -0.009789, -0.600725,
		0.600076, 0.062256, 0.797517,
		28.076658, 32.892159, 33.450718>
	pigment { color rgbt <0,1,1,0> }
	no_shadow
}
cylinder {
	<28.218758, 32.445564, 32.722260>,  <27.656605, 32.848579, 32.892456>, 0.130000
	pigment { color rgbt <1,0,0,0> }
	no_shadow
}

// nucleotide -1

// particle -1
sphere {
	<28.218758, 32.445564, 32.722260> 0.250000
	pigment { color rgbt <1,0,0,0> }
	no_shadow
}
cylinder {
	<28.144791, 32.460392, 33.115082>,  <28.100410, 32.469288, 33.350777>, 0.100000
	pigment { color rgbt <1,0,0,0> }
	no_shadow
}
cylinder {
	<28.144791, 32.460392, 33.115082>,  <28.218758, 32.445564, 32.722260>, 0.100000
	pigment { color rgbt <1,0,0,0> }
	no_shadow
}

// particle -1
sphere {
	<28.144791, 32.460392, 33.115082> 0.100000
	pigment { color rgbt <1,0,0,0> }
	no_shadow
}
sphere {
	0, 1
	scale<0.080000,0.200000,0.300000>
	matrix <-0.064248, -0.997607, 0.025556,
		0.980652, -0.058370, 0.186857,
		-0.184918, 0.037066, 0.982055,
		28.089315, 32.471512, 33.409698>
	pigment { color rgbt <0,1,1,0> }
	no_shadow
}
cylinder {
	<28.620003, 31.892620, 33.146126>,  <28.218758, 32.445564, 32.722260>, 0.130000
	pigment { color rgbt <1,0,0,0> }
	no_shadow
}

// nucleotide -1

// particle -1
sphere {
	<28.620003, 31.892620, 33.146126> 0.250000
	pigment { color rgbt <1,0,0,0> }
	no_shadow
}
cylinder {
	<28.267038, 31.999241, 33.301201>,  <28.055260, 32.063213, 33.394245>, 0.100000
	pigment { color rgbt <1,0,0,0> }
	no_shadow
}
cylinder {
	<28.267038, 31.999241, 33.301201>,  <28.620003, 31.892620, 33.146126>, 0.100000
	pigment { color rgbt <1,0,0,0> }
	no_shadow
}

// particle -1
sphere {
	<28.267038, 31.999241, 33.301201> 0.100000
	pigment { color rgbt <1,0,0,0> }
	no_shadow
}
sphere {
	0, 1
	scale<0.080000,0.200000,0.300000>
	matrix <-0.317199, -0.945637, -0.071802,
		0.347477, -0.186334, 0.918988,
		-0.882409, 0.266553, 0.387692,
		28.002316, 32.079208, 33.417507>
	pigment { color rgbt <0,1,1,0> }
	no_shadow
}
cylinder {
	<28.988680, 32.379593, 33.426308>,  <28.620003, 31.892620, 33.146126>, 0.130000
	pigment { color rgbt <1,0,0,0> }
	no_shadow
}

// nucleotide -1

// particle -1
sphere {
	<28.988680, 32.379593, 33.426308> 0.250000
	pigment { color rgbt <1,0,0,0> }
	no_shadow
}
cylinder {
	<29.170763, 32.675610, 33.228268>,  <29.280012, 32.853218, 33.109444>, 0.100000
	pigment { color rgbt <1,0,0,0> }
	no_shadow
}
cylinder {
	<29.170763, 32.675610, 33.228268>,  <28.988680, 32.379593, 33.426308>, 0.100000
	pigment { color rgbt <1,0,0,0> }
	no_shadow
}

// particle -1
sphere {
	<29.170763, 32.675610, 33.228268> 0.100000
	pigment { color rgbt <1,0,0,0> }
	no_shadow
}
sphere {
	0, 1
	scale<0.080000,0.200000,0.300000>
	matrix <0.484225, 0.260877, 0.835146,
		0.747204, -0.619905, -0.239593,
		0.455206, 0.740041, -0.495102,
		29.307325, 32.897621, 33.079739>
	pigment { color rgbt <0,1,1,0> }
	no_shadow
}
cylinder {
	<29.413141, 32.852585, 33.883713>,  <28.988680, 32.379593, 33.426308>, 0.130000
	pigment { color rgbt <1,0,0,0> }
	no_shadow
}

// nucleotide -1

// particle -1
sphere {
	<29.413141, 32.852585, 33.883713> 0.250000
	pigment { color rgbt <1,0,0,0> }
	no_shadow
}
cylinder {
	<29.782595, 32.966492, 33.986328>,  <30.004267, 33.034836, 34.047897>, 0.100000
	pigment { color rgbt <1,0,0,0> }
	no_shadow
}
cylinder {
	<29.782595, 32.966492, 33.986328>,  <29.413141, 32.852585, 33.883713>, 0.100000
	pigment { color rgbt <1,0,0,0> }
	no_shadow
}

// particle -1
sphere {
	<29.782595, 32.966492, 33.986328> 0.100000
	pigment { color rgbt <1,0,0,0> }
	no_shadow
}
sphere {
	0, 1
	scale<0.080000,0.200000,0.300000>
	matrix <-0.377590, 0.561142, 0.736577,
		0.065798, -0.777193, 0.625813,
		0.923632, 0.284766, 0.256538,
		30.059685, 33.051922, 34.063290>
	pigment { color rgbt <0,1,1,0> }
	no_shadow
}
cylinder {
	<29.402300, 32.836178, 34.565311>,  <29.413141, 32.852585, 33.883713>, 0.130000
	pigment { color rgbt <1,0,0,0> }
	no_shadow
}

// nucleotide -1

// particle -1
sphere {
	<29.402300, 32.836178, 34.565311> 0.250000
	pigment { color rgbt <1,0,0,0> }
	no_shadow
}
cylinder {
	<29.683966, 33.099014, 34.457699>,  <29.852966, 33.256718, 34.393131>, 0.100000
	pigment { color rgbt <1,0,0,0> }
	no_shadow
}
cylinder {
	<29.683966, 33.099014, 34.457699>,  <29.402300, 32.836178, 34.565311>, 0.100000
	pigment { color rgbt <1,0,0,0> }
	no_shadow
}

// particle -1
sphere {
	<29.683966, 33.099014, 34.457699> 0.100000
	pigment { color rgbt <1,0,0,0> }
	no_shadow
}
sphere {
	0, 1
	scale<0.080000,0.200000,0.300000>
	matrix <-0.385763, 0.672151, 0.631981,
		0.596100, -0.341238, 0.726789,
		0.704168, 0.657092, -0.269032,
		29.895216, 33.296143, 34.376987>
	pigment { color rgbt <0,1,1,0> }
	no_shadow
}
cylinder {
	<29.607426, 33.067646, 35.172115>,  <29.402300, 32.836178, 34.565311>, 0.130000
	pigment { color rgbt <1,0,0,0> }
	no_shadow
}

// nucleotide -1

// particle -1
sphere {
	<29.607426, 33.067646, 35.172115> 0.250000
	pigment { color rgbt <1,0,0,0> }
	no_shadow
}
cylinder {
	<29.718962, 33.331993, 34.893402>,  <29.785883, 33.490601, 34.726173>, 0.100000
	pigment { color rgbt <1,0,0,0> }
	no_shadow
}
cylinder {
	<29.718962, 33.331993, 34.893402>,  <29.607426, 33.067646, 35.172115>, 0.100000
	pigment { color rgbt <1,0,0,0> }
	no_shadow
}

// particle -1
sphere {
	<29.718962, 33.331993, 34.893402> 0.100000
	pigment { color rgbt <1,0,0,0> }
	no_shadow
}
sphere {
	0, 1
	scale<0.080000,0.200000,0.300000>
	matrix <-0.249847, 0.750497, 0.611826,
		0.927268, 0.003488, 0.374382,
		0.278839, 0.660864, -0.696783,
		29.802614, 33.530251, 34.684368>
	pigment { color rgbt <0,1,1,0> }
	no_shadow
}
cylinder {
	<30.163258, 33.478977, 35.434933>,  <29.607426, 33.067646, 35.172115>, 0.130000
	pigment { color rgbt <1,0,0,0> }
	no_shadow
}

// nucleotide -1

// particle -1
sphere {
	<30.163258, 33.478977, 35.434933> 0.250000
	pigment { color rgbt <1,0,0,0> }
	no_shadow
}
cylinder {
	<29.941273, 33.676727, 35.167316>,  <29.808083, 33.795376, 35.006748>, 0.100000
	pigment { color rgbt <1,0,0,0> }
	no_shadow
}
cylinder {
	<29.941273, 33.676727, 35.167316>,  <30.163258, 33.478977, 35.434933>, 0.100000
	pigment { color rgbt <1,0,0,0> }
	no_shadow
}

// particle -1
sphere {
	<29.941273, 33.676727, 35.167316> 0.100000
	pigment { color rgbt <1,0,0,0> }
	no_shadow
}
sphere {
	0, 1
	scale<0.080000,0.200000,0.300000>
	matrix <-0.019092, 0.796471, 0.604376,
		0.831656, 0.348179, -0.432573,
		-0.554963, 0.494374, -0.669037,
		29.774784, 33.825039, 34.966606>
	pigment { color rgbt <0,1,1,0> }
	no_shadow
}
cylinder {
	<30.398724, 34.102104, 35.198055>,  <30.163258, 33.478977, 35.434933>, 0.130000
	pigment { color rgbt <1,0,0,0> }
	no_shadow
}

// nucleotide -1

// particle -1
sphere {
	<30.398724, 34.102104, 35.198055> 0.250000
	pigment { color rgbt <1,0,0,0> }
	no_shadow
}
cylinder {
	<30.002630, 34.153801, 35.177139>,  <29.764975, 34.184818, 35.164589>, 0.100000
	pigment { color rgbt <1,0,0,0> }
	no_shadow
}
cylinder {
	<30.002630, 34.153801, 35.177139>,  <30.398724, 34.102104, 35.198055>, 0.100000
	pigment { color rgbt <1,0,0,0> }
	no_shadow
}

// particle -1
sphere {
	<30.002630, 34.153801, 35.177139> 0.100000
	pigment { color rgbt <1,0,0,0> }
	no_shadow
}
sphere {
	0, 1
	scale<0.080000,0.200000,0.300000>
	matrix <0.086229, 0.862459, 0.498727,
		0.109552, 0.489347, -0.865181,
		-0.990234, 0.129240, -0.052289,
		29.705561, 34.192574, 35.161453>
	pigment { color rgbt <0,1,1,0> }
	no_shadow
}
cylinder {
	<30.251360, 34.747089, 34.827698>,  <30.398724, 34.102104, 35.198055>, 0.130000
	pigment { color rgbt <1,0,0,0> }
	no_shadow
}

// nucleotide -1

// particle -1
sphere {
	<30.251360, 34.747089, 34.827698> 0.250000
	pigment { color rgbt <1,0,0,0> }
	no_shadow
}
cylinder {
	<29.954630, 34.648834, 35.077290>,  <29.776592, 34.589882, 35.227047>, 0.100000
	pigment { color rgbt <1,0,0,0> }
	no_shadow
}
cylinder {
	<29.954630, 34.648834, 35.077290>,  <30.251360, 34.747089, 34.827698>, 0.100000
	pigment { color rgbt <1,0,0,0> }
	no_shadow
}

// particle -1
sphere {
	<29.954630, 34.648834, 35.077290> 0.100000
	pigment { color rgbt <1,0,0,0> }
	no_shadow
}
sphere {
	0, 1
	scale<0.080000,0.200000,0.300000>
	matrix <-0.058004, 0.950513, 0.305223,
		-0.668078, 0.190229, -0.719364,
		-0.741827, -0.245639, 0.623983,
		29.732082, 34.575142, 35.264484>
	pigment { color rgbt <0,1,1,0> }
	no_shadow
}
cylinder {
	<29.486465, 34.995369, 34.725666>,  <30.251360, 34.747089, 34.827698>, 0.130000
	pigment { color rgbt <1,0,0,0> }
	no_shadow
}

// nucleotide -1

// particle -1
sphere {
	<29.486465, 34.995369, 34.725666> 0.250000
	pigment { color rgbt <1,0,0,0> }
	no_shadow
}
cylinder {
	<29.570948, 34.949329, 35.113922>,  <29.621637, 34.921703, 35.346874>, 0.100000
	pigment { color rgbt <1,0,0,0> }
	no_shadow
}
cylinder {
	<29.570948, 34.949329, 35.113922>,  <29.486465, 34.995369, 34.725666>, 0.100000
	pigment { color rgbt <1,0,0,0> }
	no_shadow
}

// particle -1
sphere {
	<29.570948, 34.949329, 35.113922> 0.100000
	pigment { color rgbt <1,0,0,0> }
	no_shadow
}
sphere {
	0, 1
	scale<0.080000,0.200000,0.300000>
	matrix <0.002079, 0.993093, 0.117312,
		-0.977439, -0.022759, 0.209986,
		0.211206, -0.115102, 0.970641,
		29.634310, 34.914799, 35.405113>
	pigment { color rgbt <0,1,1,0> }
	no_shadow
}
cylinder {
	<29.676924, 34.663708, 33.994789>,  <29.486465, 34.995369, 34.725666>, 0.130000
	pigment { color rgbt <1,0,0,0> }
	no_shadow
}

// nucleotide -1

// particle -1
sphere {
	<29.676924, 34.663708, 33.994789> 0.250000
	pigment { color rgbt <1,0,0,0> }
	no_shadow
}
cylinder {
	<29.714369, 34.390030, 34.284096>,  <29.736835, 34.225822, 34.457680>, 0.100000
	pigment { color rgbt <1,0,0,0> }
	no_shadow
}
cylinder {
	<29.714369, 34.390030, 34.284096>,  <29.676924, 34.663708, 33.994789>, 0.100000
	pigment { color rgbt <1,0,0,0> }
	no_shadow
}

// particle -1
sphere {
	<29.714369, 34.390030, 34.284096> 0.100000
	pigment { color rgbt <1,0,0,0> }
	no_shadow
}
sphere {
	0, 1
	scale<0.080000,0.200000,0.300000>
	matrix <0.427855, -0.628309, -0.649745,
		0.898987, 0.370276, 0.233920,
		0.093611, -0.684196, 0.723266,
		29.742453, 34.184772, 34.501076>
	pigment { color rgbt <0,1,1,0> }
	no_shadow
}
cylinder {
	<30.236362, 34.344189, 33.739796>,  <29.676924, 34.663708, 33.994789>, 0.130000
	pigment { color rgbt <1,0,0,0> }
	no_shadow
}

// nucleotide -1

// particle -1
sphere {
	<30.236362, 34.344189, 33.739796> 0.250000
	pigment { color rgbt <1,0,0,0> }
	no_shadow
}
cylinder {
	<30.116413, 34.117504, 34.046761>,  <30.044443, 33.981495, 34.230938>, 0.100000
	pigment { color rgbt <1,0,0,0> }
	no_shadow
}
cylinder {
	<30.116413, 34.117504, 34.046761>,  <30.236362, 34.344189, 33.739796>, 0.100000
	pigment { color rgbt <1,0,0,0> }
	no_shadow
}

// particle -1
sphere {
	<30.116413, 34.117504, 34.046761> 0.100000
	pigment { color rgbt <1,0,0,0> }
	no_shadow
}
sphere {
	0, 1
	scale<0.080000,0.200000,0.300000>
	matrix <0.475510, -0.786169, -0.394751,
		0.827024, 0.246537, 0.505224,
		-0.299871, -0.566707, 0.767411,
		30.026451, 33.947491, 34.276985>
	pigment { color rgbt <0,1,1,0> }
	no_shadow
}
cylinder {
	<30.878920, 34.117020, 34.145256>,  <30.236362, 34.344189, 33.739796>, 0.130000
	pigment { color rgbt <1,0,0,0> }
	no_shadow
}

// nucleotide -1

// particle -1
sphere {
	<30.878920, 34.117020, 34.145256> 0.250000
	pigment { color rgbt <1,0,0,0> }
	no_shadow
}
cylinder {
	<30.571352, 33.864403, 34.185078>,  <30.386810, 33.712833, 34.208973>, 0.100000
	pigment { color rgbt <1,0,0,0> }
	no_shadow
}
cylinder {
	<30.571352, 33.864403, 34.185078>,  <30.878920, 34.117020, 34.145256>, 0.100000
	pigment { color rgbt <1,0,0,0> }
	no_shadow
}

// particle -1
sphere {
	<30.571352, 33.864403, 34.185078> 0.100000
	pigment { color rgbt <1,0,0,0> }
	no_shadow
}
sphere {
	0, 1
	scale<0.080000,0.200000,0.300000>
	matrix <0.539710, -0.724655, -0.428472,
		0.342744, -0.275728, 0.898054,
		-0.768921, -0.631545, 0.099558,
		30.340675, 33.674938, 34.214947>
	pigment { color rgbt <0,1,1,0> }
	no_shadow
}
cylinder {
	<31.195448, 33.487545, 34.573284>,  <30.878920, 34.117020, 34.145256>, 0.130000
	pigment { color rgbt <1,0,0,0> }
	no_shadow
}

// nucleotide -1

// particle -1
sphere {
	<31.195448, 33.487545, 34.573284> 0.250000
	pigment { color rgbt <1,0,0,0> }
	no_shadow
}
cylinder {
	<30.858538, 33.348145, 34.408787>,  <30.656391, 33.264503, 34.310089>, 0.100000
	pigment { color rgbt <1,0,0,0> }
	no_shadow
}
cylinder {
	<30.858538, 33.348145, 34.408787>,  <31.195448, 33.487545, 34.573284>, 0.100000
	pigment { color rgbt <1,0,0,0> }
	no_shadow
}

// particle -1
sphere {
	<30.858538, 33.348145, 34.408787> 0.100000
	pigment { color rgbt <1,0,0,0> }
	no_shadow
}
sphere {
	0, 1
	scale<0.080000,0.200000,0.300000>
	matrix <0.534391, -0.639907, -0.552218,
		-0.070708, -0.684884, 0.725213,
		-0.842274, -0.348501, -0.411243,
		30.605856, 33.243595, 34.285416>
	pigment { color rgbt <0,1,1,0> }
	no_shadow
}
cylinder {
	<31.162506, 32.718472, 34.560875>,  <31.195448, 33.487545, 34.573284>, 0.130000
	pigment { color rgbt <1,0,0,0> }
	no_shadow
}

// nucleotide -1

// particle -1
sphere {
	<31.162506, 32.718472, 34.560875> 0.250000
	pigment { color rgbt <1,0,0,0> }
	no_shadow
}
cylinder {
	<30.948210, 32.840134, 34.245796>,  <30.819632, 32.913132, 34.056747>, 0.100000
	pigment { color rgbt <1,0,0,0> }
	no_shadow
}
cylinder {
	<30.948210, 32.840134, 34.245796>,  <31.162506, 32.718472, 34.560875>, 0.100000
	pigment { color rgbt <1,0,0,0> }
	no_shadow
}

// particle -1
sphere {
	<30.948210, 32.840134, 34.245796> 0.100000
	pigment { color rgbt <1,0,0,0> }
	no_shadow
}
sphere {
	0, 1
	scale<0.080000,0.200000,0.300000>
	matrix <0.452866, -0.683852, -0.572065,
