// switches for output
#declare DRAW_BASES = 1; // possible values are 0, 1; only relevant for DNA ribbons
#declare DRAW_BASES_TYPE = 3; // possible values are 1, 2, 3; only relevant for DNA ribbons
#declare DRAW_FOG = 0; // set to 1 to enable fog

#include "colors.inc"

#include "transforms.inc"
background { rgb <1, 1, 1>}

#default {
   normal{
       ripples 0.25
       frequency 0.20
       turbulence 0.2
       lambda 5
   }
	finish {
		phong 0.1
		phong_size 40.
	}
}

// original window dimensions: 1024x640


// camera settings

camera {
	sky <0, 0.179814, -0.983701>
	up <0, 0.179814, -0.983701>
	right 1.6 * <1, 0, 0>
	location <35, 94.9851, 44.8844>
	look_at <35, 29.7336, 32.9568>
	direction <0, -65.2515, -11.9276>
	angle 67.0682
}


# declare cpy_camera_pos = <35, 94.9851, 44.8844>;
# if (DRAW_FOG = 1)
fog {
	fog_type 2
	up vnormalize(cpy_camera_pos)
	color rgbt<1,1,1,0.3>
	distance 1e-5
	fog_alt 3e-3
	fog_offset 56
}
# end


// LIGHTS

# declare lum = 6;
global_settings {
	ambient_light rgb lum * <0.05, 0.05, 0.05>
	max_trace_level 15
}# declare cpy_direct_light_amount = 0.25;
light_source
{	1000 * <-1, -1.16352, -0.803886>,
	rgb lum * cpy_direct_light_amount
	parallel
}

light_source
{	1000 * <1, 1.16352, 0.803886>,
	rgb lum * cpy_direct_light_amount
	parallel
}

// strand 0

// nucleotide -1

// particle -1
sphere {
	<24.322567, 34.374390, 35.002384> 0.250000
	pigment { color rgbt <1,0,0,0> }
	no_shadow
}
cylinder {
	<24.298187, 34.759674, 34.897682>,  <24.283560, 34.990845, 34.834862>, 0.100000
	pigment { color rgbt <1,0,0,0> }
	no_shadow
}
cylinder {
	<24.298187, 34.759674, 34.897682>,  <24.322567, 34.374390, 35.002384>, 0.100000
	pigment { color rgbt <1,0,0,0> }
	no_shadow
}

// particle -1
sphere {
	<24.298187, 34.759674, 34.897682> 0.100000
	pigment { color rgbt <1,0,0,0> }
	no_shadow
}
sphere {
	0, 1
	scale<0.080000,0.200000,0.300000>
	matrix <-0.998004, -0.063149, 0.000014,
		-0.016516, 0.261232, 0.965135,
		-0.060951, 0.963208, -0.261753,
		24.279902, 35.048637, 34.819157>
	pigment { color rgbt <0,1,1,0> }
	no_shadow
}
cylinder {
	<24.423429, 33.982109, 35.619865>,  <24.322567, 34.374390, 35.002384>, 0.130000
	pigment { color rgbt <1,0,0,0> }
	no_shadow
}

// nucleotide -1

// particle -1
sphere {
	<24.423429, 33.982109, 35.619865> 0.250000
	pigment { color rgbt <1,0,0,0> }
	no_shadow
}
cylinder {
	<24.459803, 34.009022, 36.017300>,  <24.481627, 34.025169, 36.255760>, 0.100000
	pigment { color rgbt <1,0,0,0> }
	no_shadow
}
cylinder {
	<24.459803, 34.009022, 36.017300>,  <24.423429, 33.982109, 35.619865>, 0.100000
	pigment { color rgbt <1,0,0,0> }
	no_shadow
}

// particle -1
sphere {
	<24.459803, 34.009022, 36.017300> 0.100000
	pigment { color rgbt <1,0,0,0> }
	no_shadow
}
sphere {
	0, 1
	scale<0.080000,0.200000,0.300000>
	matrix <0.972783, -0.219529, -0.074165,
		0.213130, 0.973283, -0.085409,
		0.090933, 0.067278, 0.993582,
		24.487083, 34.029205, 36.315372>
	pigment { color rgbt <0,1,1,0> }
	no_shadow
}
cylinder {
	<25.002016, 34.378723, 35.759979>,  <24.423429, 33.982109, 35.619865>, 0.130000
	pigment { color rgbt <1,0,0,0> }
	no_shadow
}

// nucleotide -1

// particle -1
sphere {
	<25.002016, 34.378723, 35.759979> 0.250000
	pigment { color rgbt <1,0,0,0> }
	no_shadow
}
cylinder {
	<24.911846, 34.096474, 36.028690>,  <24.857744, 33.927124, 36.189915>, 0.100000
	pigment { color rgbt <1,0,0,0> }
	no_shadow
}
cylinder {
	<24.911846, 34.096474, 36.028690>,  <25.002016, 34.378723, 35.759979>, 0.100000
	pigment { color rgbt <1,0,0,0> }
	no_shadow
}

// particle -1
sphere {
	<24.911846, 34.096474, 36.028690> 0.100000
	pigment { color rgbt <1,0,0,0> }
	no_shadow
}
sphere {
	0, 1
	scale<0.080000,0.200000,0.300000>
	matrix <0.963882, -0.261906, 0.048344,
		0.141829, 0.658408, 0.739177,
		-0.225425, -0.705623, 0.671773,
		24.844219, 33.884789, 36.230221>
	pigment { color rgbt <0,1,1,0> }
	no_shadow
}
cylinder {
	<25.230513, 34.153713, 35.156635>,  <25.002016, 34.378723, 35.759979>, 0.130000
	pigment { color rgbt <1,0,0,0> }
	no_shadow
}

// nucleotide -1

// particle -1
sphere {
	<25.230513, 34.153713, 35.156635> 0.250000
	pigment { color rgbt <1,0,0,0> }
	no_shadow
}
cylinder {
	<25.403545, 33.915653, 34.885735>,  <25.507364, 33.772820, 34.723194>, 0.100000
	pigment { color rgbt <1,0,0,0> }
	no_shadow
}
cylinder {
	<25.403545, 33.915653, 34.885735>,  <25.230513, 34.153713, 35.156635>, 0.100000
	pigment { color rgbt <1,0,0,0> }
	no_shadow
}

// particle -1
sphere {
	<25.403545, 33.915653, 34.885735> 0.100000
	pigment { color rgbt <1,0,0,0> }
	no_shadow
}
sphere {
	0, 1
	scale<0.080000,0.200000,0.300000>
	matrix <0.833058, -0.023435, 0.552690,
		-0.344803, -0.803275, 0.485655,
		0.432580, -0.595147, -0.677254,
		25.533319, 33.737110, 34.682560>
	pigment { color rgbt <0,1,1,0> }
	no_shadow
}
cylinder {
	<25.535748, 33.549026, 35.428711>,  <25.230513, 34.153713, 35.156635>, 0.130000
	pigment { color rgbt <1,0,0,0> }
	no_shadow
}

// nucleotide -1

// particle -1
sphere {
	<25.535748, 33.549026, 35.428711> 0.250000
	pigment { color rgbt <1,0,0,0> }
	no_shadow
}
cylinder {
	<25.753912, 33.621956, 35.101471>,  <25.884811, 33.665714, 34.905128>, 0.100000
	pigment { color rgbt <1,0,0,0> }
	no_shadow
}
cylinder {
	<25.753912, 33.621956, 35.101471>,  <25.535748, 33.549026, 35.428711>, 0.100000
	pigment { color rgbt <1,0,0,0> }
	no_shadow
}

// particle -1
sphere {
	<25.753912, 33.621956, 35.101471> 0.100000
	pigment { color rgbt <1,0,0,0> }
	no_shadow
}
sphere {
	0, 1
	scale<0.080000,0.200000,0.300000>
	matrix <0.835222, -0.199983, 0.512260,
		-0.070206, -0.962685, -0.261358,
		0.545413, 0.182328, -0.818096,
		25.917536, 33.676655, 34.856041>
	pigment { color rgbt <0,1,1,0> }
	no_shadow
}
cylinder {
	<25.906076, 32.911938, 35.265385>,  <25.535748, 33.549026, 35.428711>, 0.130000
	pigment { color rgbt <1,0,0,0> }
	no_shadow
}

// nucleotide -1

// particle -1
sphere {
	<25.906076, 32.911938, 35.265385> 0.250000
	pigment { color rgbt <1,0,0,0> }
	no_shadow
}
cylinder {
	<26.114836, 33.226883, 35.134129>,  <26.240091, 33.415852, 35.055374>, 0.100000
	pigment { color rgbt <1,0,0,0> }
	no_shadow
}
cylinder {
	<26.114836, 33.226883, 35.134129>,  <25.906076, 32.911938, 35.265385>, 0.100000
	pigment { color rgbt <1,0,0,0> }
	no_shadow
}

// particle -1
sphere {
	<26.114836, 33.226883, 35.134129> 0.100000
	pigment { color rgbt <1,0,0,0> }
	no_shadow
}
sphere {
	0, 1
	scale<0.080000,0.200000,0.300000>
	matrix <0.826768, -0.372238, 0.421775,
		0.209946, -0.491418, -0.845240,
		0.521899, 0.787367, -0.328139,
		26.271406, 33.463093, 35.035686>
	pigment { color rgbt <0,1,1,0> }
	no_shadow
}
cylinder {
	<26.511591, 32.695221, 34.845474>,  <25.906076, 32.911938, 35.265385>, 0.130000
	pigment { color rgbt <1,0,0,0> }
	no_shadow
}

// nucleotide -1

// particle -1
sphere {
	<26.511591, 32.695221, 34.845474> 0.250000
	pigment { color rgbt <1,0,0,0> }
	no_shadow
}
cylinder {
	<26.585791, 33.047287, 35.020245>,  <26.630310, 33.258526, 35.125107>, 0.100000
	pigment { color rgbt <1,0,0,0> }
	no_shadow
}
cylinder {
	<26.585791, 33.047287, 35.020245>,  <26.511591, 32.695221, 34.845474>, 0.100000
	pigment { color rgbt <1,0,0,0> }
	no_shadow
}

// particle -1
sphere {
	<26.585791, 33.047287, 35.020245> 0.100000
	pigment { color rgbt <1,0,0,0> }
	no_shadow
}
sphere {
	0, 1
	scale<0.080000,0.200000,0.300000>
	matrix <0.732663, -0.420190, 0.535392,
		0.654825, 0.220808, -0.722806,
		0.185497, 0.880162, 0.436929,
		26.641439, 33.311337, 35.151321>
	pigment { color rgbt <0,1,1,0> }
	no_shadow
}
cylinder {
	<27.238182, 32.728748, 34.975769>,  <26.511591, 32.695221, 34.845474>, 0.130000
	pigment { color rgbt <1,0,0,0> }
	no_shadow
}

// nucleotide -1

// particle -1
sphere {
	<27.238182, 32.728748, 34.975769> 0.250000
	pigment { color rgbt <1,0,0,0> }
	no_shadow
}
cylinder {
	<27.055368, 32.978512, 35.229141>,  <26.945681, 33.128372, 35.381165>, 0.100000
	pigment { color rgbt <1,0,0,0> }
	no_shadow
}
cylinder {
	<27.055368, 32.978512, 35.229141>,  <27.238182, 32.728748, 34.975769>, 0.100000
	pigment { color rgbt <1,0,0,0> }
	no_shadow
}

// particle -1
sphere {
	<27.055368, 32.978512, 35.229141> 0.100000
	pigment { color rgbt <1,0,0,0> }
	no_shadow
}
sphere {
	0, 1
	scale<0.080000,0.200000,0.300000>
	matrix <0.453218, -0.449282, 0.769896,
		0.765319, 0.638949, -0.077657,
		-0.457034, 0.624412, 0.633427,
		26.918259, 33.165836, 35.419170>
	pigment { color rgbt <0,1,1,0> }
	no_shadow
}
cylinder {
	<27.763573, 32.841393, 35.458698>,  <27.238182, 32.728748, 34.975769>, 0.130000
	pigment { color rgbt <1,0,0,0> }
	no_shadow
}

// nucleotide -1

// particle -1
sphere {
	<27.763573, 32.841393, 35.458698> 0.250000
	pigment { color rgbt <1,0,0,0> }
	no_shadow
}
cylinder {
	<27.410246, 32.951302, 35.610619>,  <27.198250, 33.017246, 35.701771>, 0.100000
	pigment { color rgbt <1,0,0,0> }
	no_shadow
}
cylinder {
	<27.410246, 32.951302, 35.610619>,  <27.763573, 32.841393, 35.458698>, 0.100000
	pigment { color rgbt <1,0,0,0> }
	no_shadow
}

// particle -1
sphere {
	<27.410246, 32.951302, 35.610619> 0.100000
	pigment { color rgbt <1,0,0,0> }
	no_shadow
}
sphere {
	0, 1
	scale<0.080000,0.200000,0.300000>
	matrix <0.238871, -0.433301, 0.869017,
		0.403348, 0.858343, 0.317109,
		-0.883318, 0.274768, 0.379804,
		27.145250, 33.033733, 35.724560>
	pigment { color rgbt <0,1,1,0> }
	no_shadow
}
cylinder {
	<27.976957, 32.962215, 36.106762>,  <27.763573, 32.841393, 35.458698>, 0.130000
	pigment { color rgbt <1,0,0,0> }
	no_shadow
}

// nucleotide -1

// particle -1
sphere {
	<27.976957, 32.962215, 36.106762> 0.250000
	pigment { color rgbt <1,0,0,0> }
	no_shadow
}
cylinder {
	<27.579439, 32.943447, 36.147091>,  <27.340927, 32.932186, 36.171288>, 0.100000
	pigment { color rgbt <1,0,0,0> }
	no_shadow
}
cylinder {
	<27.579439, 32.943447, 36.147091>,  <27.976957, 32.962215, 36.106762>, 0.100000
	pigment { color rgbt <1,0,0,0> }
	no_shadow
}

// particle -1
sphere {
	<27.579439, 32.943447, 36.147091> 0.100000
	pigment { color rgbt <1,0,0,0> }
	no_shadow
}
sphere {
	0, 1
	scale<0.080000,0.200000,0.300000>
	matrix <0.106375, -0.665397, 0.738872,
		0.032421, 0.745014, 0.666260,
		-0.993797, -0.046919, 0.100824,
		27.281300, 32.929371, 36.177338>
	pigment { color rgbt <0,1,1,0> }
	no_shadow
}
cylinder {
	<27.833290, 32.992420, 36.763569>,  <27.976957, 32.962215, 36.106762>, 0.130000
	pigment { color rgbt <1,0,0,0> }
	no_shadow
}

// nucleotide -1

// particle -1
sphere {
	<27.833290, 32.992420, 36.763569> 0.250000
	pigment { color rgbt <1,0,0,0> }
	no_shadow
}
cylinder {
	<27.502876, 32.813202, 36.626793>,  <27.304628, 32.705669, 36.544727>, 0.100000
	pigment { color rgbt <1,0,0,0> }
	no_shadow
}
cylinder {
	<27.502876, 32.813202, 36.626793>,  <27.833290, 32.992420, 36.763569>, 0.100000
	pigment { color rgbt <1,0,0,0> }
	no_shadow
}

// particle -1
sphere {
	<27.502876, 32.813202, 36.626793> 0.100000
	pigment { color rgbt <1,0,0,0> }
	no_shadow
}
sphere {
	0, 1
	scale<0.080000,0.200000,0.300000>
	matrix <0.055728, -0.668630, 0.741504,
		-0.560859, 0.593452, 0.577280,
		-0.826034, -0.448050, -0.341935,
		27.255066, 32.678787, 36.524212>
	pigment { color rgbt <0,1,1,0> }
	no_shadow
}
cylinder {
	<27.550457, 32.710129, 37.259129>,  <27.833290, 32.992420, 36.763569>, 0.130000
	pigment { color rgbt <1,0,0,0> }
	no_shadow
}

// nucleotide -1

// particle -1
sphere {
	<27.550457, 32.710129, 37.259129> 0.250000
	pigment { color rgbt <1,0,0,0> }
	no_shadow
}
cylinder {
	<27.370214, 32.481419, 36.984894>,  <27.262070, 32.344193, 36.820354>, 0.100000
	pigment { color rgbt <1,0,0,0> }
	no_shadow
}
cylinder {
	<27.370214, 32.481419, 36.984894>,  <27.550457, 32.710129, 37.259129>, 0.100000
	pigment { color rgbt <1,0,0,0> }
	no_shadow
}

// particle -1
sphere {
	<27.370214, 32.481419, 36.984894> 0.100000
	pigment { color rgbt <1,0,0,0> }
	no_shadow
}
sphere {
	0, 1
	scale<0.080000,0.200000,0.300000>
	matrix <-0.008034, -0.765342, 0.643573,
		-0.892687, 0.295505, 0.340273,
		-0.450605, -0.571776, -0.685586,
		27.235033, 32.309887, 36.779217>
	pigment { color rgbt <0,1,1,0> }
	no_shadow
}
cylinder {
	<27.630180, 32.067177, 37.705273>,  <27.550457, 32.710129, 37.259129>, 0.130000
	pigment { color rgbt <1,0,0,0> }
	no_shadow
}

// nucleotide -1

// particle -1
sphere {
	<27.630180, 32.067177, 37.705273> 0.250000
	pigment { color rgbt <1,0,0,0> }
	no_shadow
}
cylinder {
	<27.469696, 31.717613, 37.595505>,  <27.373405, 31.507874, 37.529644>, 0.100000
	pigment { color rgbt <1,0,0,0> }
	no_shadow
}
cylinder {
	<27.469696, 31.717613, 37.595505>,  <27.630180, 32.067177, 37.705273>, 0.100000
	pigment { color rgbt <1,0,0,0> }
	no_shadow
}

// particle -1
sphere {
	<27.469696, 31.717613, 37.595505> 0.100000
	pigment { color rgbt <1,0,0,0> }
	no_shadow
}
sphere {
	0, 1
	scale<0.080000,0.200000,0.300000>
	matrix <-0.559257, 0.470977, -0.682211,
		0.725440, -0.120236, -0.677702,
		-0.401209, -0.873913, -0.274423,
		27.349333, 31.455439, 37.513176>
	pigment { color rgbt <0,1,1,0> }
	no_shadow
}
cylinder {
	<27.718920, 31.748346, 36.949268>,  <27.630180, 32.067177, 37.705273>, 0.130000
	pigment { color rgbt <1,0,0,0> }
	no_shadow
}

// nucleotide -1

// particle -1
sphere {
	<27.718920, 31.748346, 36.949268> 0.250000
	pigment { color rgbt <1,0,0,0> }
	no_shadow
}
cylinder {
	<27.346308, 31.688025, 37.081638>,  <27.122742, 31.651833, 37.161060>, 0.100000
	pigment { color rgbt <1,0,0,0> }
	no_shadow
}
cylinder {
	<27.346308, 31.688025, 37.081638>,  <27.718920, 31.748346, 36.949268>, 0.100000
	pigment { color rgbt <1,0,0,0> }
	no_shadow
}

// particle -1
sphere {
	<27.346308, 31.688025, 37.081638> 0.100000
	pigment { color rgbt <1,0,0,0> }
	no_shadow
}
sphere {
	0, 1
	scale<0.080000,0.200000,0.300000>
	matrix <-0.351230, 0.609027, -0.711142,
		-0.094303, -0.778681, -0.620292,
		-0.931528, -0.150802, 0.330929,
		27.066849, 31.642784, 37.180916>
	pigment { color rgbt <0,1,1,0> }
	no_shadow
}
cylinder {
	<27.316572, 31.414789, 36.405357>,  <27.718920, 31.748346, 36.949268>, 0.130000
	pigment { color rgbt <1,0,0,0> }
	no_shadow
}

// nucleotide -1

// particle -1
sphere {
	<27.316572, 31.414789, 36.405357> 0.250000
	pigment { color rgbt <1,0,0,0> }
	no_shadow
}
cylinder {
	<27.107315, 31.631945, 36.668140>,  <26.981760, 31.762238, 36.825809>, 0.100000
	pigment { color rgbt <1,0,0,0> }
	no_shadow
}
cylinder {
	<27.107315, 31.631945, 36.668140>,  <27.316572, 31.414789, 36.405357>, 0.100000
	pigment { color rgbt <1,0,0,0> }
	no_shadow
}

// particle -1
sphere {
	<27.107315, 31.631945, 36.668140> 0.100000
	pigment { color rgbt <1,0,0,0> }
	no_shadow
}
sphere {
	0, 1
	scale<0.080000,0.200000,0.300000>
	matrix <-0.247599, 0.640788, -0.726695,
		-0.815486, -0.542826, -0.200805,
		-0.523143, 0.542890, 0.656957,
		26.950373, 31.794811, 36.865227>
	pigment { color rgbt <0,1,1,0> }
	no_shadow
}
cylinder {
	<26.699770, 31.622072, 36.067268>,  <27.316572, 31.414789, 36.405357>, 0.130000
	pigment { color rgbt <1,0,0,0> }
	no_shadow
}

// nucleotide -1

// particle -1
sphere {
	<26.699770, 31.622072, 36.067268> 0.250000
	pigment { color rgbt <1,0,0,0> }
	no_shadow
}
cylinder {
	<26.773035, 31.884430, 36.360188>,  <26.816994, 32.041843, 36.535938>, 0.100000
	pigment { color rgbt <1,0,0,0> }
	no_shadow
}
cylinder {
	<26.773035, 31.884430, 36.360188>,  <26.699770, 31.622072, 36.067268>, 0.100000
	pigment { color rgbt <1,0,0,0> }
	no_shadow
}

// particle -1
sphere {
	<26.773035, 31.884430, 36.360188> 0.100000
	pigment { color rgbt <1,0,0,0> }
	no_shadow
}
sphere {
	0, 1
	scale<0.080000,0.200000,0.300000>
	matrix <-0.171909, 0.754787, -0.633043,
		-0.967935, -0.009937, 0.251004,
		0.183164, 0.655894, 0.732293,
		26.827984, 32.081200, 36.579876>
	pigment { color rgbt <0,1,1,0> }
	no_shadow
}
cylinder {
	<26.149542, 32.163315, 36.129620>,  <26.699770, 31.622072, 36.067268>, 0.130000
	pigment { color rgbt <1,0,0,0> }
	no_shadow
}

// nucleotide -1

// particle -1
sphere {
	<26.149542, 32.163315, 36.129620> 0.250000
	pigment { color rgbt <1,0,0,0> }
	no_shadow
}
cylinder {
	<26.484575, 32.341545, 36.256058>,  <26.685595, 32.448483, 36.331921>, 0.100000
	pigment { color rgbt <1,0,0,0> }
	no_shadow
}
cylinder {
	<26.484575, 32.341545, 36.256058>,  <26.149542, 32.163315, 36.129620>, 0.100000
	pigment { color rgbt <1,0,0,0> }
	no_shadow
}

// particle -1
sphere {
	<26.484575, 32.341545, 36.256058> 0.100000
	pigment { color rgbt <1,0,0,0> }
	no_shadow
}
sphere {
	0, 1
	scale<0.080000,0.200000,0.300000>
	matrix <-0.203223, 0.791198, -0.576807,
		-0.507105, 0.418886, 0.753246,
		0.837583, 0.445579, 0.316093,
		26.735849, 32.475220, 36.350887>
	pigment { color rgbt <0,1,1,0> }
	no_shadow
}
cylinder {
	<25.962133, 32.835190, 36.300293>,  <26.149542, 32.163315, 36.129620>, 0.130000
	pigment { color rgbt <1,0,0,0> }
	no_shadow
}

// nucleotide -1

// particle -1
sphere {
	<25.962133, 32.835190, 36.300293> 0.250000
	pigment { color rgbt <1,0,0,0> }
	no_shadow
}
cylinder {
	<26.359287, 32.861969, 36.260899>,  <26.597580, 32.878036, 36.237263>, 0.100000
	pigment { color rgbt <1,0,0,0> }
	no_shadow
}
cylinder {
	<26.359287, 32.861969, 36.260899>,  <25.962133, 32.835190, 36.300293>, 0.100000
	pigment { color rgbt <1,0,0,0> }
	no_shadow
}

// particle -1
sphere {
	<26.359287, 32.861969, 36.260899> 0.100000
	pigment { color rgbt <1,0,0,0> }
	no_shadow
}
sphere {
	0, 1
	scale<0.080000,0.200000,0.300000>
	matrix <-0.105065, 0.881784, -0.459802,
		0.056057, 0.466878, 0.882543,
		0.992884, 0.066950, -0.098483,
		26.657152, 32.882053, 36.231354>
	pigment { color rgbt <0,1,1,0> }
	no_shadow
}
cylinder {
	<26.033054, 33.492523, 36.310028>,  <25.962133, 32.835190, 36.300293>, 0.130000
	pigment { color rgbt <1,0,0,0> }
	no_shadow
}

// nucleotide -1

// particle -1
sphere {
	<26.033054, 33.492523, 36.310028> 0.250000
	pigment { color rgbt <1,0,0,0> }
	no_shadow
}
cylinder {
	<26.364563, 33.352066, 36.135746>,  <26.563469, 33.267792, 36.031178>, 0.100000
	pigment { color rgbt <1,0,0,0> }
	no_shadow
}
cylinder {
	<26.364563, 33.352066, 36.135746>,  <26.033054, 33.492523, 36.310028>, 0.100000
	pigment { color rgbt <1,0,0,0> }
	no_shadow
}

// particle -1
sphere {
	<26.364563, 33.352066, 36.135746> 0.100000
	pigment { color rgbt <1,0,0,0> }
	no_shadow
}
sphere {
	0, 1
	scale<0.080000,0.200000,0.300000>
	matrix <0.017911, 0.794862, -0.606526,
		0.559302, 0.494867, 0.665048,
		0.828771, -0.351143, -0.435704,
		26.613194, 33.246723, 36.005035>
	pigment { color rgbt <0,1,1,0> }
	no_shadow
}
cylinder {
	<26.436712, 34.085629, 36.177628>,  <26.033054, 33.492523, 36.310028>, 0.130000
	pigment { color rgbt <1,0,0,0> }
	no_shadow
}

// nucleotide -1

// particle -1
sphere {
	<26.436712, 34.085629, 36.177628> 0.250000
	pigment { color rgbt <1,0,0,0> }
	no_shadow
}
cylinder {
	<26.565617, 33.785858, 35.946281>,  <26.642960, 33.605995, 35.807472>, 0.100000
	pigment { color rgbt <1,0,0,0> }
	no_shadow
}
cylinder {
	<26.565617, 33.785858, 35.946281>,  <26.436712, 34.085629, 36.177628>, 0.100000
	pigment { color rgbt <1,0,0,0> }
	no_shadow
}

// particle -1
sphere {
	<26.565617, 33.785858, 35.946281> 0.100000
	pigment { color rgbt <1,0,0,0> }
	no_shadow
}
sphere {
	0, 1
	scale<0.080000,0.200000,0.300000>
	matrix <-0.039454, 0.599799, -0.799177,
		0.945828, 0.280364, 0.163725,
		0.322263, -0.749424, -0.578368,
		26.662296, 33.561031, 35.772770>
	pigment { color rgbt <0,1,1,0> }
	no_shadow
}
cylinder {
	<26.797462, 34.366928, 35.618240>,  <26.436712, 34.085629, 36.177628>, 0.130000
	pigment { color rgbt <1,0,0,0> }
	no_shadow
}

// nucleotide -1

// particle -1
sphere {
	<26.797462, 34.366928, 35.618240> 0.250000
	pigment { color rgbt <1,0,0,0> }
	no_shadow
}
cylinder {
	<26.622784, 34.026329, 35.502144>,  <26.517977, 33.821968, 35.432487>, 0.100000
	pigment { color rgbt <1,0,0,0> }
	no_shadow
}
cylinder {
	<26.622784, 34.026329, 35.502144>,  <26.797462, 34.366928, 35.618240>, 0.100000
	pigment { color rgbt <1,0,0,0> }
	no_shadow
}

// particle -1
sphere {
	<26.622784, 34.026329, 35.502144> 0.100000
	pigment { color rgbt <1,0,0,0> }
	no_shadow
}
sphere {
	0, 1
	scale<0.080000,0.200000,0.300000>
	matrix <-0.104667, 0.368531, -0.923704,
		0.893500, -0.372999, -0.250060,
		-0.436696, -0.851502, -0.290242,
		26.491776, 33.770878, 35.415070>
	pigment { color rgbt <0,1,1,0> }
	no_shadow
}
cylinder {
	<27.167439, 34.198589, 35.026508>,  <26.797462, 34.366928, 35.618240>, 0.130000
	pigment { color rgbt <1,0,0,0> }
	no_shadow
}

// nucleotide -1

// particle -1
sphere {
	<27.167439, 34.198589, 35.026508> 0.250000
	pigment { color rgbt <1,0,0,0> }
	no_shadow
}
cylinder {
	<26.797682, 34.046387, 35.037239>,  <26.575829, 33.955067, 35.043678>, 0.100000
	pigment { color rgbt <1,0,0,0> }
	no_shadow
}
cylinder {
	<26.797682, 34.046387, 35.037239>,  <27.167439, 34.198589, 35.026508>, 0.100000
	pigment { color rgbt <1,0,0,0> }
	no_shadow
}

// particle -1
sphere {
	<26.797682, 34.046387, 35.037239> 0.100000
	pigment { color rgbt <1,0,0,0> }
	no_shadow
}
sphere {
	0, 1
	scale<0.080000,0.200000,0.300000>
	matrix <-0.162403, 0.328955, -0.930276,
		0.345164, -0.864289, -0.365878,
		-0.924385, -0.380517, 0.026820,
		26.520365, 33.932236, 35.045288>
	pigment { color rgbt <0,1,1,0> }
	no_shadow
}
cylinder {
	<26.984291, 33.979332, 34.352417>,  <27.167439, 34.198589, 35.026508>, 0.130000
	pigment { color rgbt <1,0,0,0> }
	no_shadow
}

// nucleotide -1

// particle -1
sphere {
	<26.984291, 33.979332, 34.352417> 0.250000
	pigment { color rgbt <1,0,0,0> }
	no_shadow
}
cylinder {
	<26.627590, 34.079342, 34.503288>,  <26.413570, 34.139347, 34.593811>, 0.100000
	pigment { color rgbt <1,0,0,0> }
	no_shadow
}
cylinder {
	<26.627590, 34.079342, 34.503288>,  <26.984291, 33.979332, 34.352417>, 0.100000
	pigment { color rgbt <1,0,0,0> }
	no_shadow
}

// particle -1
sphere {
	<26.627590, 34.079342, 34.503288> 0.100000
	pigment { color rgbt <1,0,0,0> }
	no_shadow
}
sphere {
	0, 1
	scale<0.080000,0.200000,0.300000>
	matrix <-0.297126, 0.305154, -0.904764,
		-0.341315, -0.918894, -0.197831,
		-0.891751, 0.250029, 0.377181,
		26.360065, 34.154350, 34.616444>
	pigment { color rgbt <0,1,1,0> }
	no_shadow
}
cylinder {
	<27.667582, 33.809731, 34.699120>,  <26.984291, 33.979332, 34.352417>, 0.130000
	pigment { color rgbt <1,0,0,0> }
	no_shadow
}

// nucleotide -1

// particle -1
sphere {
	<27.667582, 33.809731, 34.699120> 0.250000
	pigment { color rgbt <1,0,0,0> }
	no_shadow
}
cylinder {
	<27.993624, 33.864937, 34.924171>,  <28.189249, 33.898060, 35.059204>, 0.100000
	pigment { color rgbt <1,0,0,0> }
	no_shadow
}
cylinder {
	<27.993624, 33.864937, 34.924171>,  <27.667582, 33.809731, 34.699120>, 0.100000
	pigment { color rgbt <1,0,0,0> }
	no_shadow
}

// particle -1
sphere {
	<27.993624, 33.864937, 34.924171> 0.100000
	pigment { color rgbt <1,0,0,0> }
	no_shadow
}
sphere {
	0, 1
	scale<0.080000,0.200000,0.300000>
	matrix <0.571426, -0.031811, -0.820037,
		-0.095283, 0.989919, -0.104797,
		0.815103, 0.138020, 0.562634,
		28.238155, 33.906342, 35.092960>
	pigment { color rgbt <0,1,1,0> }
	no_shadow
}
cylinder {
	<28.053839, 34.385223, 34.429718>,  <27.667582, 33.809731, 34.699120>, 0.130000
	pigment { color rgbt <1,0,0,0> }
	no_shadow
}

// nucleotide -1

// particle -1
sphere {
	<28.053839, 34.385223, 34.429718> 0.250000
	pigment { color rgbt <1,0,0,0> }
	no_shadow
}
cylinder {
	<28.282700, 34.119743, 34.622444>,  <28.420015, 33.960457, 34.738079>, 0.100000
	pigment { color rgbt <1,0,0,0> }
	no_shadow
}
cylinder {
	<28.282700, 34.119743, 34.622444>,  <28.053839, 34.385223, 34.429718>, 0.100000
	pigment { color rgbt <1,0,0,0> }
	no_shadow
}

// particle -1
sphere {
	<28.282700, 34.119743, 34.622444> 0.100000
	pigment { color rgbt <1,0,0,0> }
	no_shadow
}
sphere {
	0, 1
	scale<0.080000,0.200000,0.300000>
	matrix <0.554610, -0.119687, -0.823458,
		0.604196, 0.738362, 0.299615,
		0.572150, -0.663699, 0.481817,
		28.454344, 33.920635, 34.766991>
	pigment { color rgbt <0,1,1,0> }
	no_shadow
}
cylinder {
	<28.855499, 34.534267, 34.392860>,  <28.053839, 34.385223, 34.429718>, 0.130000
	pigment { color rgbt <1,0,0,0> }
	no_shadow
}

// nucleotide -1

// particle -1
sphere {
	<28.855499, 34.534267, 34.392860> 0.250000
	pigment { color rgbt <1,0,0,0> }
	no_shadow
}
cylinder {
	<28.743515, 34.151588, 34.424721>,  <28.676325, 33.921982, 34.443836>, 0.100000
	pigment { color rgbt <1,0,0,0> }
	no_shadow
}
cylinder {
	<28.743515, 34.151588, 34.424721>,  <28.855499, 34.534267, 34.392860>, 0.100000
	pigment { color rgbt <1,0,0,0> }
	no_shadow
}

// particle -1
sphere {
	<28.743515, 34.151588, 34.424721> 0.100000
	pigment { color rgbt <1,0,0,0> }
	no_shadow
}
sphere {
	0, 1
	scale<0.080000,0.200000,0.300000>
	matrix <0.421146, -0.196956, -0.885350,
		0.862703, -0.214318, 0.458051,
		-0.279963, -0.956701, 0.079655,
		28.659527, 33.864578, 34.448616>
	pigment { color rgbt <0,1,1,0> }
	no_shadow
}
cylinder {
	<29.352539, 34.042442, 34.413151>,  <28.855499, 34.534267, 34.392860>, 0.130000
	pigment { color rgbt <1,0,0,0> }
	no_shadow
}

// nucleotide -1

// particle -1
sphere {
	<29.352539, 34.042442, 34.413151> 0.250000
	pigment { color rgbt <1,0,0,0> }
	no_shadow
}
cylinder {
	<29.032082, 33.884502, 34.233257>,  <28.839808, 33.789738, 34.125320>, 0.100000
	pigment { color rgbt <1,0,0,0> }
	no_shadow
}
cylinder {
	<29.032082, 33.884502, 34.233257>,  <29.352539, 34.042442, 34.413151>, 0.100000
	pigment { color rgbt <1,0,0,0> }
	no_shadow
}

// particle -1
sphere {
	<29.032082, 33.884502, 34.233257> 0.100000
	pigment { color rgbt <1,0,0,0> }
	no_shadow
}
sphere {
	0, 1
	scale<0.080000,0.200000,0.300000>
	matrix <0.503959, -0.039793, -0.862811,
		0.322788, -0.917882, 0.230870,
		-0.801146, -0.394853, -0.449730,
		28.791739, 33.766045, 34.098339>
	pigment { color rgbt <0,1,1,0> }
	no_shadow
}
cylinder {
	<29.372065, 33.292286, 34.073021>,  <29.352539, 34.042442, 34.413151>, 0.130000
	pigment { color rgbt <1,0,0,0> }
	no_shadow
}

// nucleotide -1

// particle -1
sphere {
	<29.372065, 33.292286, 34.073021> 0.250000
	pigment { color rgbt <1,0,0,0> }
	no_shadow
}
cylinder {
	<29.178402, 33.595238, 33.897762>,  <29.062204, 33.777008, 33.792606>, 0.100000
	pigment { color rgbt <1,0,0,0> }
	no_shadow
}
cylinder {
	<29.178402, 33.595238, 33.897762>,  <29.372065, 33.292286, 34.073021>, 0.100000
	pigment { color rgbt <1,0,0,0> }
	no_shadow
}

// particle -1
sphere {
	<29.178402, 33.595238, 33.897762> 0.100000
	pigment { color rgbt <1,0,0,0> }
	no_shadow
}
sphere {
	0, 1
	scale<0.080000,0.200000,0.300000>
	matrix <0.488514, -0.181458, -0.853479,
		-0.725910, -0.627260, -0.282134,
		-0.484158, 0.757375, -0.438148,
		29.033154, 33.822449, 33.766319>
	pigment { color rgbt <0,1,1,0> }
	no_shadow
}
cylinder {
	<29.775171, 32.886444, 33.650532>,  <29.372065, 33.292286, 34.073021>, 0.130000
	pigment { color rgbt <1,0,0,0> }
	no_shadow
}

// nucleotide -1

// particle -1
sphere {
	<29.775171, 32.886444, 33.650532> 0.250000
	pigment { color rgbt <1,0,0,0> }
	no_shadow
}
cylinder {
	<29.960800, 32.551754, 33.534233>,  <30.072178, 32.350941, 33.464455>, 0.100000
	pigment { color rgbt <1,0,0,0> }
	no_shadow
}
cylinder {
	<29.960800, 32.551754, 33.534233>,  <29.775171, 32.886444, 33.650532>, 0.100000
	pigment { color rgbt <1,0,0,0> }
	no_shadow
}

// particle -1
sphere {
	<29.960800, 32.551754, 33.534233> 0.100000
	pigment { color rgbt <1,0,0,0> }
	no_shadow
}
sphere {
	0, 1
	scale<0.080000,0.200000,0.300000>
	matrix <-0.593564, -0.050103, -0.803226,
		0.657509, 0.545332, -0.519899,
		0.464073, -0.836721, -0.290746,
		30.100021, 32.300739, 33.447010>
	pigment { color rgbt <0,1,1,0> }
	no_shadow
}
cylinder {
	<30.308182, 32.613277, 32.999138>,  <29.775171, 32.886444, 33.650532>, 0.130000
	pigment { color rgbt <1,0,0,0> }
	no_shadow
}

// nucleotide -1

// particle -1
sphere {
	<30.308182, 32.613277, 32.999138> 0.250000
	pigment { color rgbt <1,0,0,0> }
	no_shadow
}
cylinder {
	<30.460196, 32.251793, 33.078014>,  <30.551403, 32.034904, 33.125340>, 0.100000
	pigment { color rgbt <1,0,0,0> }
	no_shadow
}
cylinder {
	<30.460196, 32.251793, 33.078014>,  <30.308182, 32.613277, 32.999138>, 0.100000
	pigment { color rgbt <1,0,0,0> }
	no_shadow
}

// particle -1
sphere {
	<30.460196, 32.251793, 33.078014> 0.100000
	pigment { color rgbt <1,0,0,0> }
	no_shadow
}
sphere {
	0, 1
	scale<0.080000,0.200000,0.300000>
	matrix <-0.556521, -0.393678, -0.731644,
		0.738823, 0.168309, -0.652544,
		0.380034, -0.903709, 0.197190,
		30.574205, 31.980680, 33.137173>
	pigment { color rgbt <0,1,1,0> }
	no_shadow
}
cylinder {
	<30.526873, 32.267540, 32.319496>,  <30.308182, 32.613277, 32.999138>, 0.130000
	pigment { color rgbt <1,0,0,0> }
	no_shadow
}

// nucleotide -1

// particle -1
sphere {
	<30.526873, 32.267540, 32.319496> 0.250000
	pigment { color rgbt <1,0,0,0> }
	no_shadow
}
cylinder {
	<30.481123, 31.966640, 32.579048>,  <30.453672, 31.786102, 32.734779>, 0.100000
	pigment { color rgbt <1,0,0,0> }
	no_shadow
}
cylinder {
	<30.481123, 31.966640, 32.579048>,  <30.526873, 32.267540, 32.319496>, 0.100000
	pigment { color rgbt <1,0,0,0> }
	no_shadow
}

// particle -1
sphere {
	<30.481123, 31.966640, 32.579048> 0.100000
	pigment { color rgbt <1,0,0,0> }
	no_shadow
}
sphere {
	0, 1
	scale<0.080000,0.200000,0.300000>
	matrix <-0.573022, -0.483604, -0.661644,
		0.811519, -0.447499, -0.375740,
		-0.114376, -0.752244, 0.648881,
		30.446810, 31.740967, 32.773712>
	pigment { color rgbt <0,1,1,0> }
	no_shadow
}
cylinder {
	<30.691401, 31.671797, 31.956402>,  <30.526873, 32.267540, 32.319496>, 0.130000
	pigment { color rgbt <1,0,0,0> }
	no_shadow
}

// nucleotide -1

// particle -1
sphere {
	<30.691401, 31.671797, 31.956402> 0.250000
	pigment { color rgbt <1,0,0,0> }
	no_shadow
}
cylinder {
	<30.443966, 31.575115, 32.255447>,  <30.295506, 31.517107, 32.434875>, 0.100000
	pigment { color rgbt <1,0,0,0> }
	no_shadow
}
cylinder {
	<30.443966, 31.575115, 32.255447>,  <30.691401, 31.671797, 31.956402>, 0.100000
	pigment { color rgbt <1,0,0,0> }
	no_shadow
}

// particle -1
sphere {
	<30.443966, 31.575115, 32.255447> 0.100000
	pigment { color rgbt <1,0,0,0> }
	no_shadow
}
sphere {
	0, 1
	scale<0.080000,0.200000,0.300000>
	matrix <-0.650612, -0.375898, -0.659853,
		0.440516, -0.894584, 0.075270,
		-0.618587, -0.241704, 0.747616,
		30.258390, 31.502604, 32.479733>
	pigment { color rgbt <0,1,1,0> }
	no_shadow
}
cylinder {
	<30.593950, 30.977619, 31.896929>,  <30.691401, 31.671797, 31.956402>, 0.130000
	pigment { color rgbt <1,0,0,0> }
	no_shadow
}

// nucleotide -1

// particle -1
sphere {
	<30.593950, 30.977619, 31.896929> 0.250000
	pigment { color rgbt <1,0,0,0> }
	no_shadow
}
cylinder {
	<30.282219, 31.129902, 32.096012>,  <30.095181, 31.221272, 32.215462>, 0.100000
	pigment { color rgbt <1,0,0,0> }
	no_shadow
}
cylinder {
	<30.282219, 31.129902, 32.096012>,  <30.593950, 30.977619, 31.896929>, 0.100000
	pigment { color rgbt <1,0,0,0> }
	no_shadow
}

// particle -1
sphere {
	<30.282219, 31.129902, 32.096012> 0.100000
	pigment { color rgbt <1,0,0,0> }
	no_shadow
}
sphere {
	0, 1
	scale<0.080000,0.200000,0.300000>
	matrix <-0.621460, -0.367885, -0.691699,
		-0.080236, -0.848364, 0.523297,
		-0.779326, 0.380707, 0.497707,
		30.048422, 31.244114, 32.245323>
	pigment { color rgbt <0,1,1,0> }
	no_shadow
}
cylinder {
	<30.057974, 30.468197, 31.965801>,  <30.593950, 30.977619, 31.896929>, 0.130000
	pigment { color rgbt <1,0,0,0> }
	no_shadow
}

// nucleotide -1

// particle -1
sphere {
	<30.057974, 30.468197, 31.965801> 0.250000
	pigment { color rgbt <1,0,0,0> }
	no_shadow
}
cylinder {
	<29.850512, 30.810007, 31.954636>,  <29.726034, 31.015095, 31.947935>, 0.100000
	pigment { color rgbt <1,0,0,0> }
	no_shadow
}
cylinder {
	<29.850512, 30.810007, 31.954636>,  <30.057974, 30.468197, 31.965801>, 0.100000
	pigment { color rgbt <1,0,0,0> }
	no_shadow
}

// particle -1
sphere {
	<29.850512, 30.810007, 31.954636> 0.100000
	pigment { color rgbt <1,0,0,0> }
	no_shadow
}
sphere {
	0, 1
	scale<0.080000,0.200000,0.300000>
	matrix <-0.485667, -0.321333, -0.812941,
		-0.703651, -0.408078, 0.581677,
		-0.518655, 0.854528, -0.027916,
		29.694916, 31.066366, 31.946260>
	pigment { color rgbt <0,1,1,0> }
	no_shadow
}
cylinder {
	<29.305901, 30.359085, 31.920902>,  <30.057974, 30.468197, 31.965801>, 0.130000
	pigment { color rgbt <1,0,0,0> }
	no_shadow
}

// nucleotide -1

// particle -1
sphere {
	<29.305901, 30.359085, 31.920902> 0.250000
	pigment { color rgbt <1,0,0,0> }
	no_shadow
}
cylinder {
	<29.387468, 30.717863, 31.763979>,  <29.436409, 30.933130, 31.669825>, 0.100000
	pigment { color rgbt <1,0,0,0> }
	no_shadow
}
cylinder {
	<29.387468, 30.717863, 31.763979>,  <29.305901, 30.359085, 31.920902>, 0.100000
	pigment { color rgbt <1,0,0,0> }
	no_shadow
}

// particle -1
sphere {
	<29.387468, 30.717863, 31.763979> 0.100000
	pigment { color rgbt <1,0,0,0> }
	no_shadow
}
sphere {
	0, 1
	scale<0.080000,0.200000,0.300000>
	matrix <-0.636398, -0.183059, -0.749324,
		-0.743919, 0.402465, 0.533486,
		0.203917, 0.896945, -0.392309,
		29.448643, 30.986946, 31.646286>
	pigment { color rgbt <0,1,1,0> }
	no_shadow
}
cylinder {
	<28.648872, 30.603529, 31.805529>,  <29.305901, 30.359085, 31.920902>, 0.130000
	pigment { color rgbt <1,0,0,0> }
	no_shadow
}

// nucleotide -1

// particle -1
sphere {
	<28.648872, 30.603529, 31.805529> 0.250000
	pigment { color rgbt <1,0,0,0> }
	no_shadow
}
cylinder {
	<28.648510, 30.250925, 31.616661>,  <28.648293, 30.039364, 31.503342>, 0.100000
	pigment { color rgbt <1,0,0,0> }
	no_shadow
}
cylinder {
	<28.648510, 30.250925, 31.616661>,  <28.648872, 30.603529, 31.805529>, 0.100000
	pigment { color rgbt <1,0,0,0> }
	no_shadow
}

// particle -1
sphere {
	<28.648510, 30.250925, 31.616661> 0.100000
	pigment { color rgbt <1,0,0,0> }
	no_shadow
}
sphere {
	0, 1
	scale<0.080000,0.200000,0.300000>
	matrix <-0.614645, 0.372938, -0.695074,
		0.788803, 0.289586, -0.542153,
		-0.000906, -0.881508, -0.472168,
		28.648239, 29.986473, 31.475010>
	pigment { color rgbt <0,1,1,0> }
	no_shadow
}
cylinder {
	<28.979673, 30.573954, 31.070349>,  <28.648872, 30.603529, 31.805529>, 0.130000
	pigment { color rgbt <1,0,0,0> }
	no_shadow
}

// nucleotide -1

// particle -1
sphere {
	<28.979673, 30.573954, 31.070349> 0.250000
	pigment { color rgbt <1,0,0,0> }
	no_shadow
}
cylinder {
	<28.692989, 30.296721, 31.101234>,  <28.520979, 30.130381, 31.119766>, 0.100000
	pigment { color rgbt <1,0,0,0> }
	no_shadow
}
cylinder {
	<28.692989, 30.296721, 31.101234>,  <28.979673, 30.573954, 31.070349>, 0.100000
	pigment { color rgbt <1,0,0,0> }
	no_shadow
}

// particle -1
sphere {
	<28.692989, 30.296721, 31.101234> 0.100000
	pigment { color rgbt <1,0,0,0> }
	no_shadow
}
sphere {
	0, 1
	scale<0.080000,0.200000,0.300000>
	matrix <-0.518196, 0.455205, -0.724059,
		0.466688, -0.558949, -0.685404,
		-0.716711, -0.693083, 0.077206,
		28.477976, 30.088797, 31.124399>
	pigment { color rgbt <0,1,1,0> }
	no_shadow
}
cylinder {
	<29.313169, 31.343685, 31.113964>,  <28.979673, 30.573954, 31.070349>, 0.130000
	pigment { color rgbt <1,0,0,0> }
	no_shadow
}

// nucleotide -1

// particle -1
sphere {
	<29.313169, 31.343685, 31.113964> 0.250000
	pigment { color rgbt <1,0,0,0> }
	no_shadow
}
cylinder {
	<29.037506, 31.281122, 31.396975>,  <28.872108, 31.243584, 31.566780>, 0.100000
	pigment { color rgbt <1,0,0,0> }
	no_shadow
}
cylinder {
	<29.037506, 31.281122, 31.396975>,  <29.313169, 31.343685, 31.113964>, 0.100000
	pigment { color rgbt <1,0,0,0> }
	no_shadow
}

// particle -1
sphere {
	<29.037506, 31.281122, 31.396975> 0.100000
	pigment { color rgbt <1,0,0,0> }
	no_shadow
}
sphere {
	0, 1
	scale<0.080000,0.200000,0.300000>
	matrix <0.638764, 0.329867, 0.695103,
		-0.342109, 0.930980, -0.127424,
		-0.689161, -0.156408, 0.707527,
		28.830757, 31.234200, 31.609232>
	pigment { color rgbt <0,1,1,0> }
	no_shadow
}
cylinder {
	<29.218109, 31.991444, 31.437748>,  <29.313169, 31.343685, 31.113964>, 0.130000
	pigment { color rgbt <1,0,0,0> }
	no_shadow
}

// nucleotide -1

// particle -1
sphere {
	<29.218109, 31.991444, 31.437748> 0.250000
	pigment { color rgbt <1,0,0,0> }
	no_shadow
}
cylinder {
	<29.188046, 31.654993, 31.651983>,  <29.170008, 31.453123, 31.780525>, 0.100000
	pigment { color rgbt <1,0,0,0> }
	no_shadow
}
cylinder {
	<29.188046, 31.654993, 31.651983>,  <29.218109, 31.991444, 31.437748>, 0.100000
	pigment { color rgbt <1,0,0,0> }
	no_shadow
}

// particle -1
sphere {
	<29.188046, 31.654993, 31.651983> 0.100000
	pigment { color rgbt <1,0,0,0> }
	no_shadow
}
sphere {
	0, 1
	scale<0.080000,0.200000,0.300000>
	matrix <0.770741, 0.291792, 0.566405,
		-0.632700, 0.455372, 0.626361,
		-0.075158, -0.841127, 0.535591,
		29.165499, 31.402655, 31.812660>
	pigment { color rgbt <0,1,1,0> }
	no_shadow
}
cylinder {
	<29.205421, 32.162674, 32.140865>,  <29.218109, 31.991444, 31.437748>, 0.130000
	pigment { color rgbt <1,0,0,0> }
	no_shadow
}

// nucleotide -1

// particle -1
sphere {
	<29.205421, 32.162674, 32.140865> 0.250000
	pigment { color rgbt <1,0,0,0> }
	no_shadow
}
cylinder {
	<29.332401, 31.783842, 32.121845>,  <29.408590, 31.556543, 32.110432>, 0.100000
	pigment { color rgbt <1,0,0,0> }
	no_shadow
}
cylinder {
	<29.332401, 31.783842, 32.121845>,  <29.205421, 32.162674, 32.140865>, 0.100000
	pigment { color rgbt <1,0,0,0> }
	no_shadow
}

// particle -1
sphere {
	<29.332401, 31.783842, 32.121845> 0.100000
	pigment { color rgbt <1,0,0,0> }
	no_shadow
}
sphere {
	0, 1
	scale<0.080000,0.200000,0.300000>
	matrix <0.642072, 0.177773, 0.745748,
		-0.697832, -0.267269, 0.664529,
		0.317451, -0.947082, -0.047550,
		29.427637, 31.499718, 32.107582>
	pigment { color rgbt <0,1,1,0> }
	no_shadow
}
cylinder {
	<28.998636, 31.789364, 32.802280>,  <29.205421, 32.162674, 32.140865>, 0.130000
	pigment { color rgbt <1,0,0,0> }
	no_shadow
}

// nucleotide -1

// particle -1
sphere {
	<28.998636, 31.789364, 32.802280> 0.250000
	pigment { color rgbt <1,0,0,0> }
	no_shadow
}
cylinder {
	<29.318598, 31.617966, 32.634209>,  <29.510574, 31.515127, 32.533367>, 0.100000
	pigment { color rgbt <1,0,0,0> }
	no_shadow
}
cylinder {
	<29.318598, 31.617966, 32.634209>,  <28.998636, 31.789364, 32.802280>, 0.100000
	pigment { color rgbt <1,0,0,0> }
	no_shadow
}

// particle -1
sphere {
	<29.318598, 31.617966, 32.634209> 0.100000
	pigment { color rgbt <1,0,0,0> }
	no_shadow
}
sphere {
	0, 1
	scale<0.080000,0.200000,0.300000>
	matrix <0.531798, 0.181642, 0.827162,
		-0.278113, -0.885098, 0.373169,
		0.799902, -0.428495, -0.420176,
		29.558569, 31.489418, 32.508156>
	pigment { color rgbt <0,1,1,0> }
	no_shadow
}
cylinder {
	<29.319231, 31.402418, 33.363342>,  <28.998636, 31.789364, 32.802280>, 0.130000
	pigment { color rgbt <1,0,0,0> }
	no_shadow
}

// nucleotide -1

// particle -1
sphere {
	<29.319231, 31.402418, 33.363342> 0.250000
	pigment { color rgbt <1,0,0,0> }
	no_shadow
}
cylinder {
	<29.600693, 31.460278, 33.085075>,  <29.769569, 31.494993, 32.918118>, 0.100000
	pigment { color rgbt <1,0,0,0> }
	no_shadow
}
cylinder {
	<29.600693, 31.460278, 33.085075>,  <29.319231, 31.402418, 33.363342>, 0.100000
	pigment { color rgbt <1,0,0,0> }
	no_shadow
}

// particle -1
sphere {
	<29.600693, 31.460278, 33.085075> 0.100000
	pigment { color rgbt <1,0,0,0> }
	no_shadow
}
sphere {
	0, 1
	scale<0.080000,0.200000,0.300000>
	matrix <0.648143, 0.270547, 0.711839,
		0.291174, -0.951778, 0.096621,
		0.703654, 0.144645, -0.695665,
		29.811789, 31.503672, 32.876377>
	pigment { color rgbt <0,1,1,0> }
	no_shadow
}
cylinder {
	<29.948971, 31.057417, 33.442940>,  <29.319231, 31.402418, 33.363342>, 0.130000
	pigment { color rgbt <1,0,0,0> }
	no_shadow
}

// nucleotide -1

// particle -1
sphere {
	<29.948971, 31.057417, 33.442940> 0.250000
	pigment { color rgbt <1,0,0,0> }
	no_shadow
}
cylinder {
	<30.025986, 31.404806, 33.260212>,  <30.072195, 31.613239, 33.150578>, 0.100000
	pigment { color rgbt <1,0,0,0> }
	no_shadow
}
cylinder {
	<30.025986, 31.404806, 33.260212>,  <29.948971, 31.057417, 33.442940>, 0.100000
	pigment { color rgbt <1,0,0,0> }
	no_shadow
}

// particle -1
sphere {
	<30.025986, 31.404806, 33.260212> 0.100000
	pigment { color rgbt <1,0,0,0> }
	no_shadow
}
sphere {
	0, 1
	scale<0.080000,0.200000,0.300000>
