// switches for output
#declare DRAW_BASES = 1; // possible values are 0, 1; only relevant for DNA ribbons
#declare DRAW_BASES_TYPE = 3; // possible values are 1, 2, 3; only relevant for DNA ribbons
#declare DRAW_FOG = 0; // set to 1 to enable fog

#include "colors.inc"

#include "transforms.inc"
background { rgb <1, 1, 1>}

#default {
   normal{
       ripples 0.25
       frequency 0.20
       turbulence 0.2
       lambda 5
   }
	finish {
		phong 0.1
		phong_size 40.
	}
}

// original window dimensions: 1024x640


// camera settings

camera {
	sky <0, 0.179814, -0.983701>
	up <0, 0.179814, -0.983701>
	right 1.6 * <1, 0, 0>
	location <35, 94.9851, 44.8844>
	look_at <35, 29.7336, 32.9568>
	direction <0, -65.2515, -11.9276>
	angle 67.0682
}


# declare cpy_camera_pos = <35, 94.9851, 44.8844>;
# if (DRAW_FOG = 1)
fog {
	fog_type 2
	up vnormalize(cpy_camera_pos)
	color rgbt<1,1,1,0.3>
	distance 1e-5
	fog_alt 3e-3
	fog_offset 56
}
# end


// LIGHTS

# declare lum = 6;
global_settings {
	ambient_light rgb lum * <0.05, 0.05, 0.05>
	max_trace_level 15
}# declare cpy_direct_light_amount = 0.25;
light_source
{	1000 * <-1, -1.16352, -0.803886>,
	rgb lum * cpy_direct_light_amount
	parallel
}

light_source
{	1000 * <1, 1.16352, 0.803886>,
	rgb lum * cpy_direct_light_amount
	parallel
}

// strand 0

// nucleotide -1

// particle -1
sphere {
	<24.558817, 34.934338, 34.838100> 0.250000
	pigment { color rgbt <1,0,0,0> }
	no_shadow
}
cylinder {
	<24.195564, 35.062500, 34.945904>,  <23.977613, 35.139397, 35.010586>, 0.100000
	pigment { color rgbt <1,0,0,0> }
	no_shadow
}
cylinder {
	<24.195564, 35.062500, 34.945904>,  <24.558817, 34.934338, 34.838100>, 0.100000
	pigment { color rgbt <1,0,0,0> }
	no_shadow
}

// particle -1
sphere {
	<24.195564, 35.062500, 34.945904> 0.100000
	pigment { color rgbt <1,0,0,0> }
	no_shadow
}
sphere {
	0, 1
	scale<0.080000,0.200000,0.300000>
	matrix <0.351439, 0.233468, 0.906633,
		0.227571, 0.918058, -0.324624,
		-0.908131, 0.320409, 0.269511,
		23.923124, 35.158623, 35.026756>
	pigment { color rgbt <0,1,1,0> }
	no_shadow
}
cylinder {
	<25.250486, 34.867500, 34.889938>,  <24.558817, 34.934338, 34.838100>, 0.130000
	pigment { color rgbt <1,0,0,0> }
	no_shadow
}

// nucleotide -1

// particle -1
sphere {
	<25.250486, 34.867500, 34.889938> 0.250000
	pigment { color rgbt <1,0,0,0> }
	no_shadow
}
cylinder {
	<24.979240, 34.580677, 34.825447>,  <24.816494, 34.408585, 34.786755>, 0.100000
	pigment { color rgbt <1,0,0,0> }
	no_shadow
}
cylinder {
	<24.979240, 34.580677, 34.825447>,  <25.250486, 34.867500, 34.889938>, 0.100000
	pigment { color rgbt <1,0,0,0> }
	no_shadow
}

// particle -1
sphere {
	<24.979240, 34.580677, 34.825447> 0.100000
	pigment { color rgbt <1,0,0,0> }
	no_shadow
}
sphere {
	0, 1
	scale<0.080000,0.200000,0.300000>
	matrix <0.519367, -0.622739, 0.585196,
		-0.520020, 0.313093, 0.794702,
		-0.678113, -0.717055, -0.161226,
		24.775806, 34.365559, 34.777081>
	pigment { color rgbt <0,1,1,0> }
	no_shadow
}
cylinder {
	<24.909122, 34.696636, 35.500256>,  <25.250486, 34.867500, 34.889938>, 0.130000
	pigment { color rgbt <1,0,0,0> }
	no_shadow
}

// nucleotide -1

// particle -1
sphere {
	<24.909122, 34.696636, 35.500256> 0.250000
	pigment { color rgbt <1,0,0,0> }
	no_shadow
}
cylinder {
	<24.878963, 34.376175, 35.262779>,  <24.860868, 34.183899, 35.120293>, 0.100000
	pigment { color rgbt <1,0,0,0> }
	no_shadow
}
cylinder {
	<24.878963, 34.376175, 35.262779>,  <24.909122, 34.696636, 35.500256>, 0.100000
	pigment { color rgbt <1,0,0,0> }
	no_shadow
}

// particle -1
sphere {
	<24.878963, 34.376175, 35.262779> 0.100000
	pigment { color rgbt <1,0,0,0> }
	no_shadow
}
sphere {
	0, 1
	scale<0.080000,0.200000,0.300000>
	matrix <0.602238, -0.511120, 0.613242,
		-0.794748, -0.311306, 0.521022,
		-0.075399, -0.801152, -0.593692,
		24.856344, 34.135830, 35.084671>
	pigment { color rgbt <0,1,1,0> }
	no_shadow
}
cylinder {
	<24.702492, 34.121063, 35.867142>,  <24.909122, 34.696636, 35.500256>, 0.130000
	pigment { color rgbt <1,0,0,0> }
	no_shadow
}

// nucleotide -1

// particle -1
sphere {
	<24.702492, 34.121063, 35.867142> 0.250000
	pigment { color rgbt <1,0,0,0> }
	no_shadow
}
cylinder {
	<24.895584, 33.961025, 35.555527>,  <25.011440, 33.865002, 35.368557>, 0.100000
	pigment { color rgbt <1,0,0,0> }
	no_shadow
}
cylinder {
	<24.895584, 33.961025, 35.555527>,  <24.702492, 34.121063, 35.867142>, 0.100000
	pigment { color rgbt <1,0,0,0> }
	no_shadow
}

// particle -1
sphere {
	<24.895584, 33.961025, 35.555527> 0.100000
	pigment { color rgbt <1,0,0,0> }
	no_shadow
}
sphere {
	0, 1
	scale<0.080000,0.200000,0.300000>
	matrix <0.610700, -0.483793, 0.626890,
		-0.627707, -0.778375, 0.010797,
		0.482731, -0.400097, -0.779033,
		25.040403, 33.840996, 35.321815>
	pigment { color rgbt <0,1,1,0> }
	no_shadow
}
cylinder {
	<24.676346, 33.497074, 36.032806>,  <24.702492, 34.121063, 35.867142>, 0.130000
	pigment { color rgbt <1,0,0,0> }
	no_shadow
}

// nucleotide -1

// particle -1
sphere {
	<24.676346, 33.497074, 36.032806> 0.250000
	pigment { color rgbt <1,0,0,0> }
	no_shadow
}
cylinder {
	<25.001501, 33.554787, 35.807098>,  <25.196594, 33.589417, 35.671673>, 0.100000
	pigment { color rgbt <1,0,0,0> }
	no_shadow
}
cylinder {
	<25.001501, 33.554787, 35.807098>,  <24.676346, 33.497074, 36.032806>, 0.100000
	pigment { color rgbt <1,0,0,0> }
	no_shadow
}

// particle -1
sphere {
	<25.001501, 33.554787, 35.807098> 0.100000
	pigment { color rgbt <1,0,0,0> }
	no_shadow
}
sphere {
	0, 1
	scale<0.080000,0.200000,0.300000>
	matrix <0.551228, -0.503407, 0.665379,
		-0.188052, -0.851917, -0.488746,
		0.812886, 0.144285, -0.564268,
		25.245367, 33.598072, 35.637817>
	pigment { color rgbt <0,1,1,0> }
	no_shadow
}
cylinder {
	<25.149080, 32.857315, 35.925854>,  <24.676346, 33.497074, 36.032806>, 0.130000
	pigment { color rgbt <1,0,0,0> }
	no_shadow
}

// nucleotide -1

// particle -1
sphere {
	<25.149080, 32.857315, 35.925854> 0.250000
	pigment { color rgbt <1,0,0,0> }
	no_shadow
}
cylinder {
	<25.396252, 33.157925, 35.833435>,  <25.544554, 33.338291, 35.777985>, 0.100000
	pigment { color rgbt <1,0,0,0> }
	no_shadow
}
cylinder {
	<25.396252, 33.157925, 35.833435>,  <25.149080, 32.857315, 35.925854>, 0.100000
	pigment { color rgbt <1,0,0,0> }
	no_shadow
}

// particle -1
sphere {
	<25.396252, 33.157925, 35.833435> 0.100000
	pigment { color rgbt <1,0,0,0> }
	no_shadow
}
sphere {
	0, 1
	scale<0.080000,0.200000,0.300000>
	matrix <0.752248, -0.479645, 0.451733,
		0.228668, -0.452940, -0.861717,
		0.617927, 0.751522, -0.231044,
		25.581629, 33.383381, 35.764122>
	pigment { color rgbt <0,1,1,0> }
	no_shadow
}
cylinder {
	<25.822632, 32.548565, 36.060867>,  <25.149080, 32.857315, 35.925854>, 0.130000
	pigment { color rgbt <1,0,0,0> }
	no_shadow
}

// nucleotide -1

// particle -1
sphere {
	<25.822632, 32.548565, 36.060867> 0.250000
	pigment { color rgbt <1,0,0,0> }
	no_shadow
}
cylinder {
	<26.193104, 32.692867, 36.104771>,  <26.415386, 32.779449, 36.131115>, 0.100000
	pigment { color rgbt <1,0,0,0> }
	no_shadow
}
cylinder {
	<26.193104, 32.692867, 36.104771>,  <25.822632, 32.548565, 36.060867>, 0.100000
	pigment { color rgbt <1,0,0,0> }
	no_shadow
}

// particle -1
sphere {
	<26.193104, 32.692867, 36.104771> 0.100000
	pigment { color rgbt <1,0,0,0> }
	no_shadow
}
sphere {
	0, 1
	scale<0.080000,0.200000,0.300000>
	matrix <-0.301650, 0.534160, 0.789734,
		0.226271, -0.764545, 0.603550,
		0.926180, 0.360754, 0.109760,
		26.470957, 32.801094, 36.137699>
	pigment { color rgbt <0,1,1,0> }
	no_shadow
}
cylinder {
	<25.854239, 32.623425, 36.760036>,  <25.822632, 32.548565, 36.060867>, 0.130000
	pigment { color rgbt <1,0,0,0> }
	no_shadow
}

// nucleotide -1

// particle -1
sphere {
	<25.854239, 32.623425, 36.760036> 0.250000
	pigment { color rgbt <1,0,0,0> }
	no_shadow
}
cylinder {
	<26.133083, 32.857700, 36.594627>,  <26.300390, 32.998264, 36.495380>, 0.100000
	pigment { color rgbt <1,0,0,0> }
	no_shadow
}
cylinder {
	<26.133083, 32.857700, 36.594627>,  <25.854239, 32.623425, 36.760036>, 0.100000
	pigment { color rgbt <1,0,0,0> }
	no_shadow
}

// particle -1
sphere {
	<26.133083, 32.857700, 36.594627> 0.100000
	pigment { color rgbt <1,0,0,0> }
	no_shadow
}
sphere {
	0, 1
	scale<0.080000,0.200000,0.300000>
	matrix <-0.229528, 0.728730, 0.645189,
		0.679227, -0.354855, 0.642439,
		0.697113, 0.585688, -0.413524,
		26.342216, 33.033405, 36.470570>
	pigment { color rgbt <0,1,1,0> }
	no_shadow
}
cylinder {
	<26.073975, 32.943230, 37.344501>,  <25.854239, 32.623425, 36.760036>, 0.130000
	pigment { color rgbt <1,0,0,0> }
	no_shadow
}

// nucleotide -1

// particle -1
sphere {
	<26.073975, 32.943230, 37.344501> 0.250000
	pigment { color rgbt <1,0,0,0> }
	no_shadow
}
cylinder {
	<26.177790, 33.170494, 37.032135>,  <26.240080, 33.306850, 36.844715>, 0.100000
	pigment { color rgbt <1,0,0,0> }
	no_shadow
}
cylinder {
	<26.177790, 33.170494, 37.032135>,  <26.073975, 32.943230, 37.344501>, 0.100000
	pigment { color rgbt <1,0,0,0> }
	no_shadow
}

// particle -1
sphere {
	<26.177790, 33.170494, 37.032135> 0.100000
	pigment { color rgbt <1,0,0,0> }
	no_shadow
}
sphere {
	0, 1
	scale<0.080000,0.200000,0.300000>
	matrix <-0.246342, 0.820828, 0.515321,
		0.933785, 0.058627, 0.352999,
		0.259540, 0.568158, -0.780920,
		26.255651, 33.340942, 36.797859>
	pigment { color rgbt <0,1,1,0> }
	no_shadow
}
cylinder {
	<26.454672, 33.432297, 37.617882>,  <26.073975, 32.943230, 37.344501>, 0.130000
	pigment { color rgbt <1,0,0,0> }
	no_shadow
}

// nucleotide -1

// particle -1
sphere {
	<26.454672, 33.432297, 37.617882> 0.250000
	pigment { color rgbt <1,0,0,0> }
	no_shadow
}
cylinder {
	<26.296625, 33.574802, 37.279190>,  <26.201797, 33.660305, 37.075974>, 0.100000
	pigment { color rgbt <1,0,0,0> }
	no_shadow
}
cylinder {
	<26.296625, 33.574802, 37.279190>,  <26.454672, 33.432297, 37.617882>, 0.100000
	pigment { color rgbt <1,0,0,0> }
	no_shadow
}

// particle -1
sphere {
	<26.296625, 33.574802, 37.279190> 0.100000
	pigment { color rgbt <1,0,0,0> }
	no_shadow
}
sphere {
	0, 1
	scale<0.080000,0.200000,0.300000>
	matrix <-0.318539, 0.811411, 0.490047,
		0.861635, 0.463344, -0.207118,
		-0.395118, 0.356266, -0.846733,
		26.178089, 33.681683, 37.025169>
	pigment { color rgbt <0,1,1,0> }
	no_shadow
}
cylinder {
	<26.580095, 34.178986, 37.738476>,  <26.454672, 33.432297, 37.617882>, 0.130000
	pigment { color rgbt <1,0,0,0> }
	no_shadow
}

// nucleotide -1

// particle -1
sphere {
	<26.580095, 34.178986, 37.738476> 0.250000
	pigment { color rgbt <1,0,0,0> }
	no_shadow
}
cylinder {
	<26.314461, 34.144417, 37.441418>,  <26.155079, 34.123676, 37.263184>, 0.100000
	pigment { color rgbt <1,0,0,0> }
	no_shadow
}
cylinder {
	<26.314461, 34.144417, 37.441418>,  <26.580095, 34.178986, 37.738476>, 0.100000
	pigment { color rgbt <1,0,0,0> }
	no_shadow
}

// particle -1
sphere {
	<26.314461, 34.144417, 37.441418> 0.100000
	pigment { color rgbt <1,0,0,0> }
	no_shadow
}
sphere {
	0, 1
	scale<0.080000,0.200000,0.300000>
	matrix <-0.428394, 0.858055, 0.283231,
		0.612753, 0.506234, -0.606845,
		-0.664088, -0.086419, -0.742644,
		26.115234, 34.118492, 37.218624>
	pigment { color rgbt <0,1,1,0> }
	no_shadow
}
cylinder {
	<26.561222, 34.864002, 37.310711>,  <26.580095, 34.178986, 37.738476>, 0.130000
	pigment { color rgbt <1,0,0,0> }
	no_shadow
}

// nucleotide -1

// particle -1
sphere {
	<26.561222, 34.864002, 37.310711> 0.250000
	pigment { color rgbt <1,0,0,0> }
	no_shadow
}
cylinder {
	<26.231903, 34.637039, 37.304668>,  <26.034311, 34.500862, 37.301044>, 0.100000
	pigment { color rgbt <1,0,0,0> }
	no_shadow
}
cylinder {
	<26.231903, 34.637039, 37.304668>,  <26.561222, 34.864002, 37.310711>, 0.100000
	pigment { color rgbt <1,0,0,0> }
	no_shadow
}

// particle -1
sphere {
	<26.231903, 34.637039, 37.304668> 0.100000
	pigment { color rgbt <1,0,0,0> }
	no_shadow
}
sphere {
	0, 1
	scale<0.080000,0.200000,0.300000>
	matrix <-0.559394, 0.806584, 0.191052,
		-0.096218, 0.165744, -0.981464,
		-0.823299, -0.567407, -0.015108,
		25.984913, 34.466816, 37.300137>
	pigment { color rgbt <0,1,1,0> }
	no_shadow
}
cylinder {
	<26.179142, 35.366570, 37.820000>,  <26.561222, 34.864002, 37.310711>, 0.130000
	pigment { color rgbt <1,0,0,0> }
	no_shadow
}

// nucleotide -1

// particle -1
sphere {
	<26.179142, 35.366570, 37.820000> 0.250000
	pigment { color rgbt <1,0,0,0> }
	no_shadow
}
cylinder {
	<25.840498, 35.482182, 37.641243>,  <25.637312, 35.551548, 37.533989>, 0.100000
	pigment { color rgbt <1,0,0,0> }
	no_shadow
}
cylinder {
	<25.840498, 35.482182, 37.641243>,  <26.179142, 35.366570, 37.820000>, 0.100000
	pigment { color rgbt <1,0,0,0> }
	no_shadow
}

// particle -1
sphere {
	<25.840498, 35.482182, 37.641243> 0.100000
	pigment { color rgbt <1,0,0,0> }
	no_shadow
}
sphere {
	0, 1
	scale<0.080000,0.200000,0.300000>
	matrix <0.098834, -0.739704, -0.665635,
		-0.522954, -0.607703, 0.597676,
		-0.846611, 0.289026, -0.446893,
		25.586515, 35.568890, 37.507175>
	pigment { color rgbt <0,1,1,0> }
	no_shadow
}
cylinder {
	<25.751619, 34.778179, 37.916290>,  <26.179142, 35.366570, 37.820000>, 0.130000
	pigment { color rgbt <1,0,0,0> }
	no_shadow
}

// nucleotide -1

// particle -1
sphere {
	<25.751619, 34.778179, 37.916290> 0.250000
	pigment { color rgbt <1,0,0,0> }
	no_shadow
}
cylinder {
	<25.673592, 35.014919, 37.603455>,  <25.626774, 35.156963, 37.415752>, 0.100000
	pigment { color rgbt <1,0,0,0> }
	no_shadow
}
cylinder {
	<25.673592, 35.014919, 37.603455>,  <25.751619, 34.778179, 37.916290>, 0.100000
	pigment { color rgbt <1,0,0,0> }
	no_shadow
}

// particle -1
sphere {
	<25.673592, 35.014919, 37.603455> 0.100000
	pigment { color rgbt <1,0,0,0> }
	no_shadow
}
sphere {
	0, 1
	scale<0.080000,0.200000,0.300000>
	matrix <0.015990, -0.795382, -0.605897,
		-0.980659, -0.130699, 0.145692,
		-0.195071, 0.591849, -0.782088,
		25.615070, 35.192474, 37.368828>
	pigment { color rgbt <0,1,1,0> }
	no_shadow
}
cylinder {
	<25.117828, 34.389339, 37.659618>,  <25.751619, 34.778179, 37.916290>, 0.130000
	pigment { color rgbt <1,0,0,0> }
	no_shadow
}

// nucleotide -1

// particle -1
sphere {
	<25.117828, 34.389339, 37.659618> 0.250000
	pigment { color rgbt <1,0,0,0> }
	no_shadow
}
cylinder {
	<25.341034, 34.588707, 37.394230>,  <25.474958, 34.708328, 37.234997>, 0.100000
	pigment { color rgbt <1,0,0,0> }
	no_shadow
}
cylinder {
	<25.341034, 34.588707, 37.394230>,  <25.117828, 34.389339, 37.659618>, 0.100000
	pigment { color rgbt <1,0,0,0> }
	no_shadow
}

// particle -1
sphere {
	<25.341034, 34.588707, 37.394230> 0.100000
	pigment { color rgbt <1,0,0,0> }
	no_shadow
}
sphere {
	0, 1
	scale<0.080000,0.200000,0.300000>
	matrix <0.082368, -0.828846, -0.553381,
		-0.825733, 0.254147, -0.503563,
		0.558016, 0.498422, -0.663471,
		25.508438, 34.738232, 37.195187>
	pigment { color rgbt <0,1,1,0> }
	no_shadow
}
cylinder {
	<24.815800, 34.337509, 36.910114>,  <25.117828, 34.389339, 37.659618>, 0.130000
	pigment { color rgbt <1,0,0,0> }
	no_shadow
}

// nucleotide -1

// particle -1
sphere {
	<24.815800, 34.337509, 36.910114> 0.250000
	pigment { color rgbt <1,0,0,0> }
	no_shadow
}
cylinder {
	<25.210073, 34.383438, 36.959496>,  <25.446638, 34.410995, 36.989124>, 0.100000
	pigment { color rgbt <1,0,0,0> }
	no_shadow
}
cylinder {
	<25.210073, 34.383438, 36.959496>,  <24.815800, 34.337509, 36.910114>, 0.100000
	pigment { color rgbt <1,0,0,0> }
	no_shadow
}

// particle -1
sphere {
	<25.210073, 34.383438, 36.959496> 0.100000
	pigment { color rgbt <1,0,0,0> }
	no_shadow
}
sphere {
	0, 1
	scale<0.080000,0.200000,0.300000>
	matrix <0.162521, -0.841857, -0.514650,
		0.044836, 0.527347, -0.848467,
		0.985686, 0.114819, 0.123450,
		25.505779, 34.417885, 36.996532>
	pigment { color rgbt <0,1,1,0> }
	no_shadow
}
cylinder {
	<25.217394, 34.071030, 36.356644>,  <24.815800, 34.337509, 36.910114>, 0.130000
	pigment { color rgbt <1,0,0,0> }
	no_shadow
}

// nucleotide -1

// particle -1
sphere {
	<25.217394, 34.071030, 36.356644> 0.250000
	pigment { color rgbt <1,0,0,0> }
	no_shadow
}
cylinder {
	<25.536718, 34.108978, 36.594532>,  <25.728313, 34.131748, 36.737267>, 0.100000
	pigment { color rgbt <1,0,0,0> }
	no_shadow
}
cylinder {
	<25.536718, 34.108978, 36.594532>,  <25.217394, 34.071030, 36.356644>, 0.100000
	pigment { color rgbt <1,0,0,0> }
	no_shadow
}

// particle -1
sphere {
	<25.536718, 34.108978, 36.594532> 0.100000
	pigment { color rgbt <1,0,0,0> }
	no_shadow
}
sphere {
	0, 1
	scale<0.080000,0.200000,0.300000>
	matrix <0.330392, -0.894633, -0.300787,
		0.503524, 0.436614, -0.745541,
		0.798314, 0.094867, 0.594723,
		25.776213, 34.137440, 36.772949>
	pigment { color rgbt <0,1,1,0> }
	no_shadow
}
cylinder {
	<25.865721, 34.184566, 35.871819>,  <25.217394, 34.071030, 36.356644>, 0.130000
	pigment { color rgbt <1,0,0,0> }
	no_shadow
}

// nucleotide -1

// particle -1
sphere {
	<25.865721, 34.184566, 35.871819> 0.250000
	pigment { color rgbt <1,0,0,0> }
	no_shadow
}
cylinder {
	<25.981964, 34.045441, 36.228374>,  <26.051710, 33.961964, 36.442307>, 0.100000
	pigment { color rgbt <1,0,0,0> }
	no_shadow
}
cylinder {
	<25.981964, 34.045441, 36.228374>,  <25.865721, 34.184566, 35.871819>, 0.100000
	pigment { color rgbt <1,0,0,0> }
	no_shadow
}

// particle -1
sphere {
	<25.981964, 34.045441, 36.228374> 0.100000
	pigment { color rgbt <1,0,0,0> }
	no_shadow
}
sphere {
	0, 1
	scale<0.080000,0.200000,0.300000>
	matrix <0.492753, -0.744165, -0.451013,
		0.820209, 0.570302, -0.044874,
		0.290607, -0.347814, 0.891388,
		26.069147, 33.941097, 36.495792>
	pigment { color rgbt <0,1,1,0> }
	no_shadow
}
cylinder {
	<26.591167, 34.083023, 35.813736>,  <25.865721, 34.184566, 35.871819>, 0.130000
	pigment { color rgbt <1,0,0,0> }
	no_shadow
}

// nucleotide -1

// particle -1
sphere {
	<26.591167, 34.083023, 35.813736> 0.250000
	pigment { color rgbt <1,0,0,0> }
	no_shadow
}
cylinder {
	<26.504421, 33.847069, 36.124863>,  <26.452374, 33.705494, 36.311539>, 0.100000
	pigment { color rgbt <1,0,0,0> }
	no_shadow
}
cylinder {
	<26.504421, 33.847069, 36.124863>,  <26.591167, 34.083023, 35.813736>, 0.100000
	pigment { color rgbt <1,0,0,0> }
	no_shadow
}

// particle -1
sphere {
	<26.504421, 33.847069, 36.124863> 0.100000
	pigment { color rgbt <1,0,0,0> }
	no_shadow
}
sphere {
	0, 1
	scale<0.080000,0.200000,0.300000>
	matrix <0.411776, -0.777703, -0.474993,
		0.885104, 0.217276, 0.411559,
		-0.216866, -0.589889, 0.777818,
		26.439362, 33.670101, 36.358208>
	pigment { color rgbt <0,1,1,0> }
	no_shadow
}
cylinder {
	<27.242622, 33.790016, 35.957832>,  <26.591167, 34.083023, 35.813736>, 0.130000
	pigment { color rgbt <1,0,0,0> }
	no_shadow
}

// nucleotide -1

// particle -1
sphere {
	<27.242622, 33.790016, 35.957832> 0.250000
	pigment { color rgbt <1,0,0,0> }
	no_shadow
}
cylinder {
	<26.963486, 33.562809, 36.132359>,  <26.796003, 33.426483, 36.237072>, 0.100000
	pigment { color rgbt <1,0,0,0> }
	no_shadow
}
cylinder {
	<26.963486, 33.562809, 36.132359>,  <27.242622, 33.790016, 35.957832>, 0.100000
	pigment { color rgbt <1,0,0,0> }
	no_shadow
}

// particle -1
sphere {
	<26.963486, 33.562809, 36.132359> 0.100000
	pigment { color rgbt <1,0,0,0> }
	no_shadow
}
sphere {
	0, 1
	scale<0.080000,0.200000,0.300000>
	matrix <0.407345, -0.815795, -0.410547,
		0.589140, -0.108768, 0.800677,
		-0.697842, -0.568022, 0.436311,
		26.754133, 33.392403, 36.263252>
	pigment { color rgbt <0,1,1,0> }
	no_shadow
}
cylinder {
	<27.576628, 33.212650, 36.242229>,  <27.242622, 33.790016, 35.957832>, 0.130000
	pigment { color rgbt <1,0,0,0> }
	no_shadow
}

// nucleotide -1

// particle -1
sphere {
	<27.576628, 33.212650, 36.242229> 0.250000
	pigment { color rgbt <1,0,0,0> }
	no_shadow
}
cylinder {
	<27.195869, 33.133205, 36.148895>,  <26.967415, 33.085537, 36.092896>, 0.100000
	pigment { color rgbt <1,0,0,0> }
	no_shadow
}
cylinder {
	<27.195869, 33.133205, 36.148895>,  <27.576628, 33.212650, 36.242229>, 0.100000
	pigment { color rgbt <1,0,0,0> }
	no_shadow
}

// particle -1
sphere {
	<27.195869, 33.133205, 36.148895> 0.100000
	pigment { color rgbt <1,0,0,0> }
	no_shadow
}
sphere {
	0, 1
	scale<0.080000,0.200000,0.300000>
	matrix <0.280266, -0.872155, -0.400994,
		-0.123861, -0.447100, 0.885867,
		-0.951898, -0.198611, -0.233333,
		26.910299, 33.073624, 36.078896>
	pigment { color rgbt <0,1,1,0> }
	no_shadow
}
cylinder {
	<27.409687, 32.459732, 36.417484>,  <27.576628, 33.212650, 36.242229>, 0.130000
	pigment { color rgbt <1,0,0,0> }
	no_shadow
}

// nucleotide -1

// particle -1
sphere {
	<27.409687, 32.459732, 36.417484> 0.250000
	pigment { color rgbt <1,0,0,0> }
	no_shadow
}
cylinder {
	<27.165268, 32.613503, 36.140694>,  <27.018618, 32.705765, 35.974617>, 0.100000
	pigment { color rgbt <1,0,0,0> }
	no_shadow
}
cylinder {
	<27.165268, 32.613503, 36.140694>,  <27.409687, 32.459732, 36.417484>, 0.100000
	pigment { color rgbt <1,0,0,0> }
	no_shadow
}

// particle -1
sphere {
	<27.165268, 32.613503, 36.140694> 0.100000
	pigment { color rgbt <1,0,0,0> }
	no_shadow
}
sphere {
	0, 1
	scale<0.080000,0.200000,0.300000>
	matrix <0.262850, -0.726026, -0.635450,
		-0.746683, -0.570174, 0.342585,
		-0.611043, 0.384431, -0.691982,
		26.981955, 32.728832, 35.933098>
	pigment { color rgbt <0,1,1,0> }
	no_shadow
}
cylinder {
	<27.016712, 31.880322, 36.052959>,  <27.409687, 32.459732, 36.417484>, 0.130000
	pigment { color rgbt <1,0,0,0> }
	no_shadow
}

// nucleotide -1

// particle -1
sphere {
	<27.016712, 31.880322, 36.052959> 0.250000
	pigment { color rgbt <1,0,0,0> }
	no_shadow
}
cylinder {
	<26.999596, 32.208248, 35.824547>,  <26.989326, 32.405003, 35.687500>, 0.100000
	pigment { color rgbt <1,0,0,0> }
	no_shadow
}
cylinder {
	<26.999596, 32.208248, 35.824547>,  <27.016712, 31.880322, 36.052959>, 0.100000
	pigment { color rgbt <1,0,0,0> }
	no_shadow
}

// particle -1
sphere {
	<26.999596, 32.208248, 35.824547> 0.100000
	pigment { color rgbt <1,0,0,0> }
	no_shadow
}
sphere {
	0, 1
	scale<0.080000,0.200000,0.300000>
	matrix <0.150502, -0.559741, -0.814886,
		-0.987683, -0.120809, -0.099433,
		-0.042789, 0.819814, -0.571029,
		26.986759, 32.454193, 35.653236>
	pigment { color rgbt <0,1,1,0> }
	no_shadow
}
cylinder {
	<26.432291, 31.729490, 35.464275>,  <27.016712, 31.880322, 36.052959>, 0.130000
	pigment { color rgbt <1,0,0,0> }
	no_shadow
}

// nucleotide -1

// particle -1
sphere {
	<26.432291, 31.729490, 35.464275> 0.250000
	pigment { color rgbt <1,0,0,0> }
	no_shadow
}
cylinder {
	<26.718657, 31.982876, 35.346844>,  <26.890476, 32.134907, 35.276386>, 0.100000
	pigment { color rgbt <1,0,0,0> }
	no_shadow
}
cylinder {
	<26.718657, 31.982876, 35.346844>,  <26.432291, 31.729490, 35.464275>, 0.100000
	pigment { color rgbt <1,0,0,0> }
	no_shadow
}

// particle -1
sphere {
	<26.718657, 31.982876, 35.346844> 0.100000
	pigment { color rgbt <1,0,0,0> }
	no_shadow
}
sphere {
	0, 1
	scale<0.080000,0.200000,0.300000>
	matrix <0.226350, -0.608354, -0.760704,
		-0.660478, 0.478149, -0.578915,
		0.715915, 0.633466, -0.293576,
		26.933432, 32.172916, 35.258770>
	pigment { color rgbt <0,1,1,0> }
	no_shadow
}
cylinder {
	<26.408949, 31.650667, 34.734669>,  <26.432291, 31.729490, 35.464275>, 0.130000
	pigment { color rgbt <1,0,0,0> }
	no_shadow
}

// nucleotide -1

// particle -1
sphere {
	<26.408949, 31.650667, 34.734669> 0.250000
	pigment { color rgbt <1,0,0,0> }
	no_shadow
}
cylinder {
	<26.766935, 31.800293, 34.831921>,  <26.981728, 31.890068, 34.890270>, 0.100000
	pigment { color rgbt <1,0,0,0> }
	no_shadow
}
cylinder {
	<26.766935, 31.800293, 34.831921>,  <26.408949, 31.650667, 34.734669>, 0.100000
	pigment { color rgbt <1,0,0,0> }
	no_shadow
}

// particle -1
sphere {
	<26.766935, 31.800293, 34.831921> 0.100000
	pigment { color rgbt <1,0,0,0> }
	no_shadow
}
sphere {
	0, 1
	scale<0.080000,0.200000,0.300000>
	matrix <0.436130, -0.618793, -0.653365,
		-0.093953, 0.690776, -0.716939,
		0.894966, 0.374064, 0.243131,
		27.035425, 31.912512, 34.904861>
	pigment { color rgbt <0,1,1,0> }
	no_shadow
}
cylinder {
	<26.757433, 31.717388, 34.143799>,  <26.408949, 31.650667, 34.734669>, 0.130000
	pigment { color rgbt <1,0,0,0> }
	no_shadow
}

// nucleotide -1

// particle -1
sphere {
	<26.757433, 31.717388, 34.143799> 0.250000
	pigment { color rgbt <1,0,0,0> }
	no_shadow
}
cylinder {
	<27.044197, 31.696714, 34.421898>,  <27.216255, 31.684311, 34.588757>, 0.100000
	pigment { color rgbt <1,0,0,0> }
	no_shadow
}
cylinder {
	<27.044197, 31.696714, 34.421898>,  <26.757433, 31.717388, 34.143799>, 0.100000
	pigment { color rgbt <1,0,0,0> }
	no_shadow
}

// particle -1
sphere {
	<27.044197, 31.696714, 34.421898> 0.100000
	pigment { color rgbt <1,0,0,0> }
	no_shadow
}
sphere {
	0, 1
	scale<0.080000,0.200000,0.300000>
	matrix <0.561235, -0.548825, -0.619521,
		0.413589, 0.834338, -0.364451,
		0.716909, -0.051685, 0.695248,
		27.259270, 31.681210, 34.630474>
	pigment { color rgbt <0,1,1,0> }
	no_shadow
}
cylinder {
	<27.477041, 31.829082, 33.965832>,  <26.757433, 31.717388, 34.143799>, 0.130000
	pigment { color rgbt <1,0,0,0> }
	no_shadow
}

// nucleotide -1

// particle -1
sphere {
	<27.477041, 31.829082, 33.965832> 0.250000
	pigment { color rgbt <1,0,0,0> }
	no_shadow
}
cylinder {
	<27.553768, 31.625383, 34.301422>,  <27.599804, 31.503164, 34.502777>, 0.100000
	pigment { color rgbt <1,0,0,0> }
	no_shadow
}
cylinder {
	<27.553768, 31.625383, 34.301422>,  <27.477041, 31.829082, 33.965832>, 0.100000
	pigment { color rgbt <1,0,0,0> }
	no_shadow
}

// particle -1
sphere {
	<27.553768, 31.625383, 34.301422> 0.100000
	pigment { color rgbt <1,0,0,0> }
	no_shadow
}
sphere {
	0, 1
	scale<0.080000,0.200000,0.300000>
	matrix <0.704847, -0.523368, -0.478829,
		0.682933, 0.683195, 0.258549,
		0.191817, -0.509246, 0.838973,
		27.611313, 31.472610, 34.553116>
	pigment { color rgbt <0,1,1,0> }
	no_shadow
}
cylinder {
	<28.171326, 32.011284, 34.290276>,  <27.477041, 31.829082, 33.965832>, 0.130000
	pigment { color rgbt <1,0,0,0> }
	no_shadow
}

// nucleotide -1

// particle -1
sphere {
	<28.171326, 32.011284, 34.290276> 0.250000
	pigment { color rgbt <1,0,0,0> }
	no_shadow
}
cylinder {
	<28.083830, 31.638712, 34.406612>,  <28.031332, 31.415169, 34.476414>, 0.100000
	pigment { color rgbt <1,0,0,0> }
	no_shadow
}
cylinder {
	<28.083830, 31.638712, 34.406612>,  <28.171326, 32.011284, 34.290276>, 0.100000
	pigment { color rgbt <1,0,0,0> }
	no_shadow
}

// particle -1
sphere {
	<28.083830, 31.638712, 34.406612> 0.100000
	pigment { color rgbt <1,0,0,0> }
	no_shadow
}
sphere {
	0, 1
	scale<0.080000,0.200000,0.300000>
	matrix <0.920440, -0.295907, -0.255402,
		0.323951, 0.211835, 0.922053,
		-0.218739, -0.931432, 0.290841,
		28.018208, 31.359282, 34.493866>
	pigment { color rgbt <0,1,1,0> }
	no_shadow
}
cylinder {
	<28.391470, 31.907221, 33.598392>,  <28.171326, 32.011284, 34.290276>, 0.130000
	pigment { color rgbt <1,0,0,0> }
	no_shadow
}

// nucleotide -1

// particle -1
sphere {
	<28.391470, 31.907221, 33.598392> 0.250000
	pigment { color rgbt <1,0,0,0> }
	no_shadow
}
cylinder {
	<28.098774, 32.035194, 33.357662>,  <27.923157, 32.111980, 33.213223>, 0.100000
	pigment { color rgbt <1,0,0,0> }
	no_shadow
}
cylinder {
	<28.098774, 32.035194, 33.357662>,  <28.391470, 31.907221, 33.598392>, 0.100000
	pigment { color rgbt <1,0,0,0> }
	no_shadow
}

// particle -1
sphere {
	<28.098774, 32.035194, 33.357662> 0.100000
	pigment { color rgbt <1,0,0,0> }
	no_shadow
}
sphere {
	0, 1
	scale<0.080000,0.200000,0.300000>
	matrix <0.076346, -0.838956, -0.538818,
		-0.677296, -0.440221, 0.589471,
		-0.731739, 0.319935, -0.601830,
		27.879251, 32.131176, 33.177113>
	pigment { color rgbt <0,1,1,0> }
	no_shadow
}
cylinder {
	<28.813370, 32.431133, 33.303638>,  <28.391470, 31.907221, 33.598392>, 0.130000
	pigment { color rgbt <1,0,0,0> }
	no_shadow
}

// nucleotide -1

// particle -1
sphere {
	<28.813370, 32.431133, 33.303638> 0.250000
	pigment { color rgbt <1,0,0,0> }
	no_shadow
}
cylinder {
	<28.424385, 32.507706, 33.250458>,  <28.190994, 32.553650, 33.218548>, 0.100000
	pigment { color rgbt <1,0,0,0> }
	no_shadow
}
cylinder {
	<28.424385, 32.507706, 33.250458>,  <28.813370, 32.431133, 33.303638>, 0.100000
	pigment { color rgbt <1,0,0,0> }
	no_shadow
}

// particle -1
sphere {
	<28.424385, 32.507706, 33.250458> 0.100000
	pigment { color rgbt <1,0,0,0> }
	no_shadow
}
sphere {
	0, 1
	scale<0.080000,0.200000,0.300000>
	matrix <0.232849, 0.822653, -0.518674,
		0.010084, -0.535348, -0.844572,
		-0.972461, 0.191427, -0.132950,
		28.132647, 32.565132, 33.210571>
	pigment { color rgbt <0,1,1,0> }
	no_shadow
}
cylinder {
	<28.610619, 32.627960, 32.623245>,  <28.813370, 32.431133, 33.303638>, 0.130000
	pigment { color rgbt <1,0,0,0> }
	no_shadow
}

// nucleotide -1

// particle -1
sphere {
	<28.610619, 32.627960, 32.623245> 0.250000
	pigment { color rgbt <1,0,0,0> }
	no_shadow
}
cylinder {
	<28.380436, 32.809570, 32.895336>,  <28.242327, 32.918537, 33.058590>, 0.100000
	pigment { color rgbt <1,0,0,0> }
	no_shadow
}
cylinder {
	<28.380436, 32.809570, 32.895336>,  <28.610619, 32.627960, 32.623245>, 0.100000
	pigment { color rgbt <1,0,0,0> }
	no_shadow
}

// particle -1
sphere {
	<28.380436, 32.809570, 32.895336> 0.100000
	pigment { color rgbt <1,0,0,0> }
	no_shadow
}
sphere {
	0, 1
	scale<0.080000,0.200000,0.300000>
	matrix <0.339083, 0.889342, -0.306746,
		-0.744226, 0.054135, -0.665731,
		-0.575457, 0.454026, 0.680228,
		28.207798, 32.945778, 33.099403>
	pigment { color rgbt <0,1,1,0> }
	no_shadow
}
cylinder {
	<28.496662, 32.406586, 31.915442>,  <28.610619, 32.627960, 32.623245>, 0.130000
	pigment { color rgbt <1,0,0,0> }
	no_shadow
}

// nucleotide -1

// particle -1
sphere {
	<28.496662, 32.406586, 31.915442> 0.250000
	pigment { color rgbt <1,0,0,0> }
	no_shadow
}
cylinder {
	<28.519239, 32.038620, 31.760223>,  <28.532785, 31.817842, 31.667093>, 0.100000
	pigment { color rgbt <1,0,0,0> }
	no_shadow
}
cylinder {
	<28.519239, 32.038620, 31.760223>,  <28.496662, 32.406586, 31.915442>, 0.100000
	pigment { color rgbt <1,0,0,0> }
	no_shadow
}

// particle -1
sphere {
	<28.519239, 32.038620, 31.760223> 0.100000
	pigment { color rgbt <1,0,0,0> }
	no_shadow
}
sphere {
	0, 1
	scale<0.080000,0.200000,0.300000>
	matrix <-0.992440, -0.094120, 0.078767,
		-0.108982, 0.380667, -0.918268,
		0.056443, -0.919910, -0.388047,
		28.536173, 31.762648, 31.643810>
	pigment { color rgbt <0,1,1,0> }
	no_shadow
}
cylinder {
	<27.923338, 32.340881, 31.446354>,  <28.496662, 32.406586, 31.915442>, 0.130000
	pigment { color rgbt <1,0,0,0> }
	no_shadow
}

// nucleotide -1

// particle -1
sphere {
	<27.923338, 32.340881, 31.446354> 0.250000
	pigment { color rgbt <1,0,0,0> }
	no_shadow
}
cylinder {
	<28.019703, 31.959644, 31.519640>,  <28.077522, 31.730902, 31.563612>, 0.100000
	pigment { color rgbt <1,0,0,0> }
	no_shadow
}
cylinder {
	<28.019703, 31.959644, 31.519640>,  <27.923338, 32.340881, 31.446354>, 0.100000
	pigment { color rgbt <1,0,0,0> }
	no_shadow
}

// particle -1
sphere {
	<28.019703, 31.959644, 31.519640> 0.100000
	pigment { color rgbt <1,0,0,0> }
	no_shadow
}
sphere {
	0, 1
	scale<0.080000,0.200000,0.300000>
	matrix <-0.956797, -0.201567, 0.209549,
		-0.162790, -0.225784, -0.960480,
		0.240914, -0.953096, 0.183216,
		28.091976, 31.673716, 31.574604>
	pigment { color rgbt <0,1,1,0> }
	no_shadow
}
cylinder {
	<27.504469, 31.891731, 30.930872>,  <27.923338, 32.340881, 31.446354>, 0.130000
	pigment { color rgbt <1,0,0,0> }
	no_shadow
}

// nucleotide -1

// particle -1
sphere {
	<27.504469, 31.891731, 30.930872> 0.250000
	pigment { color rgbt <1,0,0,0> }
	no_shadow
}
cylinder {
	<27.615654, 31.650543, 31.229980>,  <27.682365, 31.505831, 31.409447>, 0.100000
	pigment { color rgbt <1,0,0,0> }
	no_shadow
}
cylinder {
	<27.615654, 31.650543, 31.229980>,  <27.504469, 31.891731, 30.930872>, 0.100000
	pigment { color rgbt <1,0,0,0> }
	no_shadow
}

// particle -1
sphere {
	<27.615654, 31.650543, 31.229980> 0.100000
	pigment { color rgbt <1,0,0,0> }
	no_shadow
}
sphere {
	0, 1
	scale<0.080000,0.200000,0.300000>
	matrix <-0.958782, -0.221919, 0.177454,
		0.058945, -0.766276, -0.639802,
		0.277962, -0.602970, 0.747773,
		27.699043, 31.469652, 31.454311>
	pigment { color rgbt <0,1,1,0> }
	no_shadow
}
cylinder {
	<27.111404, 31.154921, 30.848352>,  <27.504469, 31.891731, 30.930872>, 0.130000
	pigment { color rgbt <1,0,0,0> }
	no_shadow
}

// nucleotide -1

// particle -1
sphere {
	<27.111404, 31.154921, 30.848352> 0.250000
	pigment { color rgbt <1,0,0,0> }
	no_shadow
}
cylinder {
	<27.200588, 31.257053, 31.224670>,  <27.254099, 31.318333, 31.450460>, 0.100000
	pigment { color rgbt <1,0,0,0> }
	no_shadow
}
cylinder {
	<27.200588, 31.257053, 31.224670>,  <27.111404, 31.154921, 30.848352>, 0.100000
	pigment { color rgbt <1,0,0,0> }
	no_shadow
}

// particle -1
sphere {
	<27.200588, 31.257053, 31.224670> 0.100000
	pigment { color rgbt <1,0,0,0> }
	no_shadow
}
sphere {
	0, 1
	scale<0.080000,0.200000,0.300000>
	matrix <-0.960665, -0.106359, 0.256537,
		0.165564, -0.960986, 0.221575,
		0.222962, 0.255333, 0.940794,
		27.267477, 31.333652, 31.506908>
	pigment { color rgbt <0,1,1,0> }
	no_shadow
}
cylinder {
	<26.578426, 31.400349, 31.298246>,  <27.111404, 31.154921, 30.848352>, 0.130000
	pigment { color rgbt <1,0,0,0> }
	no_shadow
}

// nucleotide -1

// particle -1
sphere {
	<26.578426, 31.400349, 31.298246> 0.250000
	pigment { color rgbt <1,0,0,0> }
	no_shadow
}
cylinder {
	<26.548460, 31.077097, 31.531935>,  <26.530481, 30.883146, 31.672148>, 0.100000
	pigment { color rgbt <1,0,0,0> }
	no_shadow
}
cylinder {
	<26.548460, 31.077097, 31.531935>,  <26.578426, 31.400349, 31.298246>, 0.100000
	pigment { color rgbt <1,0,0,0> }
	no_shadow
}

// particle -1
sphere {
	<26.548460, 31.077097, 31.531935> 0.100000
	pigment { color rgbt <1,0,0,0> }
	no_shadow
}
sphere {
	0, 1
	scale<0.080000,0.200000,0.300000>
	matrix <0.700102, 0.374576, 0.607907,
		-0.710102, 0.454557, 0.537711,
		-0.074915, -0.808128, 0.584223,
		26.525986, 30.834658, 31.707201>
	pigment { color rgbt <0,1,1,0> }
	no_shadow
}
cylinder {
	<26.403778, 31.563967, 32.059124>,  <26.578426, 31.400349, 31.298246>, 0.130000
	pigment { color rgbt <1,0,0,0> }
	no_shadow
}

// nucleotide -1

// particle -1
sphere {
	<26.403778, 31.563967, 32.059124> 0.250000
	pigment { color rgbt <1,0,0,0> }
	no_shadow
}
cylinder {
	<26.624371, 31.238913, 31.983770>,  <26.756727, 31.043880, 31.938559>, 0.100000
	pigment { color rgbt <1,0,0,0> }
	no_shadow
}
cylinder {
	<26.624371, 31.238913, 31.983770>,  <26.403778, 31.563967, 32.059124>, 0.100000
	pigment { color rgbt <1,0,0,0> }
	no_shadow
}

// particle -1
sphere {
	<26.624371, 31.238913, 31.983770> 0.100000
	pigment { color rgbt <1,0,0,0> }
	no_shadow
}
sphere {
	0, 1
	scale<0.080000,0.200000,0.300000>
	matrix <0.779018, 0.420943, 0.464690,
		-0.298324, -0.403025, 0.865201,
		0.551482, -0.812636, -0.188386,
		26.789816, 30.995121, 31.927254>
	pigment { color rgbt <0,1,1,0> }
	no_shadow
}
cylinder {
	<26.755016, 31.221199, 32.652443>,  <26.403778, 31.563967, 32.059124>, 0.130000
	pigment { color rgbt <1,0,0,0> }
	no_shadow
}

// nucleotide -1

// particle -1
sphere {
	<26.755016, 31.221199, 32.652443> 0.250000
	pigment { color rgbt <1,0,0,0> }
	no_shadow
}
cylinder {
	<26.969919, 31.080965, 32.345604>,  <27.098862, 30.996824, 32.161499>, 0.100000
	pigment { color rgbt <1,0,0,0> }
	no_shadow
}
cylinder {
	<26.969919, 31.080965, 32.345604>,  <26.755016, 31.221199, 32.652443>, 0.100000
	pigment { color rgbt <1,0,0,0> }
	no_shadow
}

// particle -1
sphere {
	<26.969919, 31.080965, 32.345604> 0.100000
	pigment { color rgbt <1,0,0,0> }
	no_shadow
}
sphere {
	0, 1
	scale<0.080000,0.200000,0.300000>
	matrix <0.824239, 0.411101, 0.389392,
		0.178840, -0.841478, 0.509834,
		0.537258, -0.350586, -0.767100,
		27.131096, 30.975790, 32.115475>
	pigment { color rgbt <0,1,1,0> }
	no_shadow
}
cylinder {
	<27.500305, 31.002344, 32.884445>,  <26.755016, 31.221199, 32.652443>, 0.130000
	pigment { color rgbt <1,0,0,0> }
	no_shadow
}

// nucleotide -1

// particle -1
sphere {
	<27.500305, 31.002344, 32.884445> 0.250000
	pigment { color rgbt <1,0,0,0> }
	no_shadow
}
cylinder {
	<27.494478, 31.055023, 32.487972>,  <27.490982, 31.086632, 32.250088>, 0.100000
	pigment { color rgbt <1,0,0,0> }
	no_shadow
}
cylinder {
	<27.494478, 31.055023, 32.487972>,  <27.500305, 31.002344, 32.884445>, 0.100000
	pigment { color rgbt <1,0,0,0> }
	no_shadow
}

// particle -1
sphere {
	<27.494478, 31.055023, 32.487972> 0.100000
	pigment { color rgbt <1,0,0,0> }
	no_shadow
}
sphere {
	0, 1
	scale<0.080000,0.200000,0.300000>
	matrix <0.900547, 0.432501, 0.044233,
		0.434513, -0.891963, -0.124901,
		-0.014566, 0.131699, -0.991183,
		27.490108, 31.094532, 32.190617>
	pigment { color rgbt <0,1,1,0> }
	no_shadow
}
cylinder {
	<28.077883, 30.741217, 32.531212>,  <27.500305, 31.002344, 32.884445>, 0.130000
	pigment { color rgbt <1,0,0,0> }
	no_shadow
}

// nucleotide -1

// particle -1
sphere {
	<28.077883, 30.741217, 32.531212> 0.250000
	pigment { color rgbt <1,0,0,0> }
	no_shadow
}
cylinder {
	<27.969069, 30.950085, 32.207893>,  <27.903780, 31.075405, 32.013905>, 0.100000
	pigment { color rgbt <1,0,0,0> }
	no_shadow
}
cylinder {
	<27.969069, 30.950085, 32.207893>,  <28.077883, 30.741217, 32.531212>, 0.100000
	pigment { color rgbt <1,0,0,0> }
	no_shadow
}

// particle -1
sphere {
	<27.969069, 30.950085, 32.207893> 0.100000
	pigment { color rgbt <1,0,0,0> }
	no_shadow
}
sphere {
	0, 1
	scale<0.080000,0.200000,0.300000>
	matrix <0.962287, 0.147917, -0.228308,
		0.000344, -0.839917, -0.542715,
		-0.272036, 0.522169, -0.808292,
		27.887457, 31.106735, 31.965406>
	pigment { color rgbt <0,1,1,0> }
	no_shadow
}
cylinder {
	<28.412811, 30.525934, 32.019779>,  <28.077883, 30.741217, 32.531212>, 0.130000
	pigment { color rgbt <1,0,0,0> }
	no_shadow
}

// nucleotide -1

// particle -1
sphere {
	<28.412811, 30.525934, 32.019779> 0.250000
	pigment { color rgbt <1,0,0,0> }
	no_shadow
}
cylinder {
	<28.316324, 30.879417, 31.859344>,  <28.258432, 31.091507, 31.763083>, 0.100000
	pigment { color rgbt <1,0,0,0> }
	no_shadow
}
cylinder {
	<28.316324, 30.879417, 31.859344>,  <28.412811, 30.525934, 32.019779>, 0.100000
	pigment { color rgbt <1,0,0,0> }
	no_shadow
}

// particle -1
sphere {
	<28.316324, 30.879417, 31.859344> 0.100000
	pigment { color rgbt <1,0,0,0> }
	no_shadow
}
sphere {
	0, 1
	scale<0.080000,0.200000,0.300000>
	matrix <0.962003, 0.163256, -0.218855,
		-0.127924, -0.438640, -0.889511,
		-0.241217, 0.883709, -0.401089,
		28.243959, 31.144529, 31.739017>
	pigment { color rgbt <0,1,1,0> }
	no_shadow
}
cylinder {
	<28.772287, 30.524683, 31.381037>,  <28.412811, 30.525934, 32.019779>, 0.130000
	pigment { color rgbt <1,0,0,0> }
	no_shadow
}

// nucleotide -1

// particle -1
sphere {
	<28.772287, 30.524683, 31.381037> 0.250000
	pigment { color rgbt <1,0,0,0> }
	no_shadow
}
cylinder {
	<28.687574, 30.899038, 31.493650>,  <28.636745, 31.123652, 31.561218>, 0.100000
	pigment { color rgbt <1,0,0,0> }
	no_shadow
}
cylinder {
	<28.687574, 30.899038, 31.493650>,  <28.772287, 30.524683, 31.381037>, 0.100000
	pigment { color rgbt <1,0,0,0> }
	no_shadow
}

// particle -1
sphere {
	<28.687574, 30.899038, 31.493650> 0.100000
	pigment { color rgbt <1,0,0,0> }
	no_shadow
}
sphere {
	0, 1
	scale<0.080000,0.200000,0.300000>
	matrix <0.960359, 0.252716, -0.117662,
		-0.181267, 0.245455, -0.952310,
		-0.211784, 0.935888, 0.281534,
		28.624039, 31.179804, 31.578110>
	pigment { color rgbt <0,1,1,0> }
	no_shadow
}
cylinder {
	<29.153170, 30.976847, 30.941326>,  <28.772287, 30.524683, 31.381037>, 0.130000
	pigment { color rgbt <1,0,0,0> }
	no_shadow
}

// nucleotide -1

// particle -1
sphere {
	<29.153170, 30.976847, 30.941326> 0.250000
	pigment { color rgbt <1,0,0,0> }
	no_shadow
}
cylinder {
	<29.086048, 31.185198, 31.276115>,  <29.045776, 31.310209, 31.476990>, 0.100000
	pigment { color rgbt <1,0,0,0> }
	no_shadow
}
cylinder {
	<29.086048, 31.185198, 31.276115>,  <29.153170, 30.976847, 30.941326>, 0.100000
	pigment { color rgbt <1,0,0,0> }
	no_shadow
}

// particle -1
sphere {
	<29.086048, 31.185198, 31.276115> 0.100000
	pigment { color rgbt <1,0,0,0> }
	no_shadow
}
sphere {
	0, 1
	scale<0.080000,0.200000,0.300000>
	matrix <0.953864, 0.300205, 0.004409,
