// switches for output
#declare DRAW_BASES = 1; // possible values are 0, 1; only relevant for DNA ribbons
#declare DRAW_BASES_TYPE = 3; // possible values are 1, 2, 3; only relevant for DNA ribbons
#declare DRAW_FOG = 0; // set to 1 to enable fog

#include "colors.inc"

#include "transforms.inc"
background { rgb <1, 1, 1>}

#default {
   normal{
       ripples 0.25
       frequency 0.20
       turbulence 0.2
       lambda 5
   }
	finish {
		phong 0.1
		phong_size 40.
	}
}

// original window dimensions: 1024x640


// camera settings

camera {
	sky <0, 0.179814, -0.983701>
	up <0, 0.179814, -0.983701>
	right 1.6 * <1, 0, 0>
	location <35, 94.9851, 44.8844>
	look_at <35, 29.7336, 32.9568>
	direction <0, -65.2515, -11.9276>
	angle 67.0682
}


# declare cpy_camera_pos = <35, 94.9851, 44.8844>;
# if (DRAW_FOG = 1)
fog {
	fog_type 2
	up vnormalize(cpy_camera_pos)
	color rgbt<1,1,1,0.3>
	distance 1e-5
	fog_alt 3e-3
	fog_offset 56
}
# end


// LIGHTS

# declare lum = 6;
global_settings {
	ambient_light rgb lum * <0.05, 0.05, 0.05>
	max_trace_level 15
}# declare cpy_direct_light_amount = 0.25;
light_source
{	1000 * <-1, -1.16352, -0.803886>,
	rgb lum * cpy_direct_light_amount
	parallel
}

light_source
{	1000 * <1, 1.16352, 0.803886>,
	rgb lum * cpy_direct_light_amount
	parallel
}

// strand 0

// nucleotide -1

// particle -1
sphere {
	<24.469637, 35.542221, 34.680733> 0.250000
	pigment { color rgbt <1,0,0,0> }
	no_shadow
}
cylinder {
	<24.329601, 35.218376, 34.869186>,  <24.245579, 35.024071, 34.982258>, 0.100000
	pigment { color rgbt <1,0,0,0> }
	no_shadow
}
cylinder {
	<24.329601, 35.218376, 34.869186>,  <24.469637, 35.542221, 34.680733>, 0.100000
	pigment { color rgbt <1,0,0,0> }
	no_shadow
}

// particle -1
sphere {
	<24.329601, 35.218376, 34.869186> 0.100000
	pigment { color rgbt <1,0,0,0> }
	no_shadow
}
sphere {
	0, 1
	scale<0.080000,0.200000,0.300000>
	matrix <-0.713928, 0.556232, 0.425339,
		-0.606418, -0.187448, -0.772736,
		-0.350091, -0.809611, 0.471133,
		24.224573, 34.975494, 35.010525>
	pigment { color rgbt <0,1,1,0> }
	no_shadow
}
cylinder {
	<24.690262, 35.990559, 34.181248>,  <24.469637, 35.542221, 34.680733>, 0.130000
	pigment { color rgbt <1,0,0,0> }
	no_shadow
}

// nucleotide -1

// particle -1
sphere {
	<24.690262, 35.990559, 34.181248> 0.250000
	pigment { color rgbt <1,0,0,0> }
	no_shadow
}
cylinder {
	<24.797125, 36.251251, 34.465183>,  <24.861242, 36.407665, 34.635544>, 0.100000
	pigment { color rgbt <1,0,0,0> }
	no_shadow
}
cylinder {
	<24.797125, 36.251251, 34.465183>,  <24.690262, 35.990559, 34.181248>, 0.100000
	pigment { color rgbt <1,0,0,0> }
	no_shadow
}

// particle -1
sphere {
	<24.797125, 36.251251, 34.465183> 0.100000
	pigment { color rgbt <1,0,0,0> }
	no_shadow
}
sphere {
	0, 1
	scale<0.080000,0.200000,0.300000>
	matrix <0.936632, -0.002404, -0.350307,
		-0.226599, 0.758449, -0.611071,
		0.267159, 0.651728, 0.709843,
		24.877272, 36.446770, 34.678135>
	pigment { color rgbt <0,1,1,0> }
	no_shadow
}
cylinder {
	<24.945763, 36.616638, 33.905315>,  <24.690262, 35.990559, 34.181248>, 0.130000
	pigment { color rgbt <1,0,0,0> }
	no_shadow
}

// nucleotide -1

// particle -1
sphere {
	<24.945763, 36.616638, 33.905315> 0.250000
	pigment { color rgbt <1,0,0,0> }
	no_shadow
}
cylinder {
	<25.129688, 36.556820, 34.255447>,  <25.240044, 36.520927, 34.465527>, 0.100000
	pigment { color rgbt <1,0,0,0> }
	no_shadow
}
cylinder {
	<25.129688, 36.556820, 34.255447>,  <24.945763, 36.616638, 33.905315>, 0.100000
	pigment { color rgbt <1,0,0,0> }
	no_shadow
}

// particle -1
sphere {
	<25.129688, 36.556820, 34.255447> 0.100000
	pigment { color rgbt <1,0,0,0> }
	no_shadow
}
sphere {
	0, 1
	scale<0.080000,0.200000,0.300000>
	matrix <0.887014, 0.030526, -0.460733,
		0.042180, 0.988284, 0.146684,
		0.459813, -0.149545, 0.875333,
		25.267632, 36.511955, 34.518047>
	pigment { color rgbt <0,1,1,0> }
	no_shadow
}
cylinder {
	<25.436720, 37.229633, 33.912861>,  <24.945763, 36.616638, 33.905315>, 0.130000
	pigment { color rgbt <1,0,0,0> }
	no_shadow
}

// nucleotide -1

// particle -1
sphere {
	<25.436720, 37.229633, 33.912861> 0.250000
	pigment { color rgbt <1,0,0,0> }
	no_shadow
}
cylinder {
	<25.589851, 36.975952, 34.181553>,  <25.681730, 36.823742, 34.342770>, 0.100000
	pigment { color rgbt <1,0,0,0> }
	no_shadow
}
cylinder {
	<25.589851, 36.975952, 34.181553>,  <25.436720, 37.229633, 33.912861>, 0.100000
	pigment { color rgbt <1,0,0,0> }
	no_shadow
}

// particle -1
sphere {
	<25.589851, 36.975952, 34.181553> 0.100000
	pigment { color rgbt <1,0,0,0> }
	no_shadow
}
sphere {
	0, 1
	scale<0.080000,0.200000,0.300000>
	matrix <0.915877, 0.355694, -0.186149,
		-0.120875, 0.686488, 0.717024,
		0.382831, -0.634205, 0.671733,
		25.704700, 36.785690, 34.383072>
	pigment { color rgbt <0,1,1,0> }
	no_shadow
}
cylinder {
	<25.831171, 37.523914, 34.572289>,  <25.436720, 37.229633, 33.912861>, 0.130000
	pigment { color rgbt <1,0,0,0> }
	no_shadow
}

// nucleotide -1

// particle -1
sphere {
	<25.831171, 37.523914, 34.572289> 0.250000
	pigment { color rgbt <1,0,0,0> }
	no_shadow
}
cylinder {
	<25.960569, 37.178303, 34.417984>,  <26.038208, 36.970936, 34.325401>, 0.100000
	pigment { color rgbt <1,0,0,0> }
	no_shadow
}
cylinder {
	<25.960569, 37.178303, 34.417984>,  <25.831171, 37.523914, 34.572289>, 0.100000
	pigment { color rgbt <1,0,0,0> }
	no_shadow
}

// particle -1
sphere {
	<25.960569, 37.178303, 34.417984> 0.100000
	pigment { color rgbt <1,0,0,0> }
	no_shadow
}
sphere {
	0, 1
	scale<0.080000,0.200000,0.300000>
	matrix <0.865529, 0.434944, -0.248361,
		0.382373, -0.253539, 0.888543,
		0.323497, -0.864026, -0.385756,
		26.057619, 36.919094, 34.302258>
	pigment { color rgbt <0,1,1,0> }
	no_shadow
}
cylinder {
	<26.518419, 37.187519, 34.898968>,  <25.831171, 37.523914, 34.572289>, 0.130000
	pigment { color rgbt <1,0,0,0> }
	no_shadow
}

// nucleotide -1

// particle -1
sphere {
	<26.518419, 37.187519, 34.898968> 0.250000
	pigment { color rgbt <1,0,0,0> }
	no_shadow
}
cylinder {
	<26.458504, 37.056656, 34.525761>,  <26.422554, 36.978138, 34.301834>, 0.100000
	pigment { color rgbt <1,0,0,0> }
	no_shadow
}
cylinder {
	<26.458504, 37.056656, 34.525761>,  <26.518419, 37.187519, 34.898968>, 0.100000
	pigment { color rgbt <1,0,0,0> }
	no_shadow
}

// particle -1
sphere {
	<26.458504, 37.056656, 34.525761> 0.100000
	pigment { color rgbt <1,0,0,0> }
	no_shadow
}
sphere {
	0, 1
	scale<0.080000,0.200000,0.300000>
	matrix <0.949420, 0.215809, -0.228096,
		0.275979, -0.919996, 0.278288,
		-0.149790, -0.327162, -0.933021,
		26.413567, 36.958508, 34.245853>
	pigment { color rgbt <0,1,1,0> }
	no_shadow
}
cylinder {
	<26.300894, 36.555771, 34.924068>,  <26.518419, 37.187519, 34.898968>, 0.130000
	pigment { color rgbt <1,0,0,0> }
	no_shadow
}

// nucleotide -1

// particle -1
sphere {
	<26.300894, 36.555771, 34.924068> 0.250000
	pigment { color rgbt <1,0,0,0> }
	no_shadow
}
cylinder {
	<26.210787, 36.295635, 34.633877>,  <26.156723, 36.139553, 34.459763>, 0.100000
	pigment { color rgbt <1,0,0,0> }
	no_shadow
}
cylinder {
	<26.210787, 36.295635, 34.633877>,  <26.300894, 36.555771, 34.924068>, 0.100000
	pigment { color rgbt <1,0,0,0> }
	no_shadow
}

// particle -1
sphere {
	<26.210787, 36.295635, 34.633877> 0.100000
	pigment { color rgbt <1,0,0,0> }
	no_shadow
}
sphere {
	0, 1
	scale<0.080000,0.200000,0.300000>
	matrix <0.315220, -0.753217, 0.577322,
		-0.921895, -0.098632, 0.374676,
		-0.225270, -0.650335, -0.725478,
		26.143206, 36.100536, 34.416233>
	pigment { color rgbt <0,1,1,0> }
	no_shadow
}
cylinder {
	<25.830025, 35.951504, 35.063366>,  <26.300894, 36.555771, 34.924068>, 0.130000
	pigment { color rgbt <1,0,0,0> }
	no_shadow
}

// nucleotide -1

// particle -1
sphere {
	<25.830025, 35.951504, 35.063366> 0.250000
	pigment { color rgbt <1,0,0,0> }
	no_shadow
}
cylinder {
	<26.056395, 35.826813, 34.758064>,  <26.192217, 35.751999, 34.574883>, 0.100000
	pigment { color rgbt <1,0,0,0> }
	no_shadow
}
cylinder {
	<26.056395, 35.826813, 34.758064>,  <25.830025, 35.951504, 35.063366>, 0.100000
	pigment { color rgbt <1,0,0,0> }
	no_shadow
}

// particle -1
sphere {
	<26.056395, 35.826813, 34.758064> 0.100000
	pigment { color rgbt <1,0,0,0> }
	no_shadow
}
sphere {
	0, 1
	scale<0.080000,0.200000,0.300000>
	matrix <0.164590, -0.864410, 0.475084,
		-0.807860, -0.394486, -0.437885,
		0.565927, -0.311730, -0.763251,
		26.226171, 35.733295, 34.529087>
	pigment { color rgbt <0,1,1,0> }
	no_shadow
}
cylinder {
	<25.471636, 35.282608, 34.768764>,  <25.830025, 35.951504, 35.063366>, 0.130000
	pigment { color rgbt <1,0,0,0> }
	no_shadow
}

// nucleotide -1

// particle -1
sphere {
	<25.471636, 35.282608, 34.768764> 0.250000
	pigment { color rgbt <1,0,0,0> }
	no_shadow
}
cylinder {
	<25.817038, 35.260555, 34.568237>,  <26.024279, 35.247322, 34.447922>, 0.100000
	pigment { color rgbt <1,0,0,0> }
	no_shadow
}
cylinder {
	<25.817038, 35.260555, 34.568237>,  <25.471636, 35.282608, 34.768764>, 0.100000
	pigment { color rgbt <1,0,0,0> }
	no_shadow
}

// particle -1
sphere {
	<25.817038, 35.260555, 34.568237> 0.100000
	pigment { color rgbt <1,0,0,0> }
	no_shadow
}
sphere {
	0, 1
	scale<0.080000,0.200000,0.300000>
	matrix <0.067336, -0.972504, 0.222940,
		-0.499828, -0.226266, -0.836048,
		0.863503, -0.055136, -0.501320,
		26.076088, 35.244015, 34.417843>
	pigment { color rgbt <0,1,1,0> }
	no_shadow
}
cylinder {
	<25.478367, 34.752197, 34.303894>,  <25.471636, 35.282608, 34.768764>, 0.130000
	pigment { color rgbt <1,0,0,0> }
	no_shadow
}

// nucleotide -1

// particle -1
sphere {
	<25.478367, 34.752197, 34.303894> 0.250000
	pigment { color rgbt <1,0,0,0> }
	no_shadow
}
cylinder {
	<25.874931, 34.803410, 34.314594>,  <26.112869, 34.834137, 34.321014>, 0.100000
	pigment { color rgbt <1,0,0,0> }
	no_shadow
}
cylinder {
	<25.874931, 34.803410, 34.314594>,  <25.478367, 34.752197, 34.303894>, 0.100000
	pigment { color rgbt <1,0,0,0> }
	no_shadow
}

// particle -1
sphere {
	<25.874931, 34.803410, 34.314594> 0.100000
	pigment { color rgbt <1,0,0,0> }
	no_shadow
}
sphere {
	0, 1
	scale<0.080000,0.200000,0.300000>
	matrix <0.130279, -0.984751, -0.115296,
		0.011579, 0.117791, -0.992971,
		0.991410, 0.128029, 0.026748,
		26.172354, 34.841820, 34.322620>
	pigment { color rgbt <0,1,1,0> }
	no_shadow
}
cylinder {
	<25.678890, 34.415215, 33.764904>,  <25.478367, 34.752197, 34.303894>, 0.130000
	pigment { color rgbt <1,0,0,0> }
	no_shadow
}

// nucleotide -1

// particle -1
sphere {
	<25.678890, 34.415215, 33.764904> 0.250000
	pigment { color rgbt <1,0,0,0> }
	no_shadow
}
cylinder {
	<25.981134, 34.440792, 34.025661>,  <26.162481, 34.456139, 34.182114>, 0.100000
	pigment { color rgbt <1,0,0,0> }
	no_shadow
}
cylinder {
	<25.981134, 34.440792, 34.025661>,  <25.678890, 34.415215, 33.764904>, 0.100000
	pigment { color rgbt <1,0,0,0> }
	no_shadow
}

// particle -1
sphere {
	<25.981134, 34.440792, 34.025661> 0.100000
	pigment { color rgbt <1,0,0,0> }
	no_shadow
}
sphere {
	0, 1
	scale<0.080000,0.200000,0.300000>
	matrix <0.092589, -0.995658, -0.009654,
		0.648444, 0.067652, -0.758250,
		0.755611, 0.063946, 0.651892,
		26.207817, 34.459976, 34.221230>
	pigment { color rgbt <0,1,1,0> }
	no_shadow
}
cylinder {
	<26.003408, 33.819679, 33.688309>,  <25.678890, 34.415215, 33.764904>, 0.130000
	pigment { color rgbt <1,0,0,0> }
	no_shadow
}

// nucleotide -1

// particle -1
sphere {
	<26.003408, 33.819679, 33.688309> 0.250000
	pigment { color rgbt <1,0,0,0> }
	no_shadow
}
cylinder {
	<26.120773, 33.921490, 34.056900>,  <26.191193, 33.982578, 34.278053>, 0.100000
	pigment { color rgbt <1,0,0,0> }
	no_shadow
}
cylinder {
	<26.120773, 33.921490, 34.056900>,  <26.003408, 33.819679, 33.688309>, 0.100000
	pigment { color rgbt <1,0,0,0> }
	no_shadow
}

// particle -1
sphere {
	<26.120773, 33.921490, 34.056900> 0.100000
	pigment { color rgbt <1,0,0,0> }
	no_shadow
}
sphere {
	0, 1
	scale<0.080000,0.200000,0.300000>
	matrix <0.163806, -0.963035, 0.213850,
		0.941848, 0.088197, -0.324260,
		0.293413, 0.254530, 0.921479,
		26.208797, 33.997849, 34.333344>
	pigment { color rgbt <0,1,1,0> }
	no_shadow
}
cylinder {
	<26.701952, 33.674412, 33.732235>,  <26.003408, 33.819679, 33.688309>, 0.130000
	pigment { color rgbt <1,0,0,0> }
	no_shadow
}

// nucleotide -1

// particle -1
sphere {
	<26.701952, 33.674412, 33.732235> 0.250000
	pigment { color rgbt <1,0,0,0> }
	no_shadow
}
cylinder {
	<26.450525, 33.649639, 34.042351>,  <26.299669, 33.634773, 34.228420>, 0.100000
	pigment { color rgbt <1,0,0,0> }
	no_shadow
}
cylinder {
	<26.450525, 33.649639, 34.042351>,  <26.701952, 33.674412, 33.732235>, 0.100000
	pigment { color rgbt <1,0,0,0> }
	no_shadow
}

// particle -1
sphere {
	<26.450525, 33.649639, 34.042351> 0.100000
	pigment { color rgbt <1,0,0,0> }
	no_shadow
}
sphere {
	0, 1
	scale<0.080000,0.200000,0.300000>
	matrix <0.003990, -0.997068, -0.076416,
		0.777746, -0.044939, 0.626970,
		-0.628566, -0.061934, 0.775287,
		26.261955, 33.631058, 34.274937>
	pigment { color rgbt <0,1,1,0> }
	no_shadow
}
cylinder {
	<26.918629, 33.110237, 34.080315>,  <26.701952, 33.674412, 33.732235>, 0.130000
	pigment { color rgbt <1,0,0,0> }
	no_shadow
}

// nucleotide -1

// particle -1
sphere {
	<26.918629, 33.110237, 34.080315> 0.250000
	pigment { color rgbt <1,0,0,0> }
	no_shadow
}
cylinder {
	<26.527859, 33.140949, 34.160030>,  <26.293396, 33.159378, 34.207859>, 0.100000
	pigment { color rgbt <1,0,0,0> }
	no_shadow
}
cylinder {
	<26.527859, 33.140949, 34.160030>,  <26.918629, 33.110237, 34.080315>, 0.100000
	pigment { color rgbt <1,0,0,0> }
	no_shadow
}

// particle -1
sphere {
	<26.527859, 33.140949, 34.160030> 0.100000
	pigment { color rgbt <1,0,0,0> }
	no_shadow
}
sphere {
	0, 1
	scale<0.080000,0.200000,0.300000>
	matrix <-0.091646, -0.993573, -0.066433,
		0.192912, -0.083164, 0.977685,
		-0.976927, 0.076785, 0.199294,
		26.234781, 33.163986, 34.219818>
	pigment { color rgbt <0,1,1,0> }
	no_shadow
}
cylinder {
	<26.545713, 33.297276, 34.687714>,  <26.918629, 33.110237, 34.080315>, 0.130000
	pigment { color rgbt <1,0,0,0> }
	no_shadow
}

// nucleotide -1

// particle -1
sphere {
	<26.545713, 33.297276, 34.687714> 0.250000
	pigment { color rgbt <1,0,0,0> }
	no_shadow
}
cylinder {
	<26.766197, 33.554745, 34.475357>,  <26.898487, 33.709229, 34.347942>, 0.100000
	pigment { color rgbt <1,0,0,0> }
	no_shadow
}
cylinder {
	<26.766197, 33.554745, 34.475357>,  <26.545713, 33.297276, 34.687714>, 0.100000
	pigment { color rgbt <1,0,0,0> }
	no_shadow
}

// particle -1
sphere {
	<26.766197, 33.554745, 34.475357> 0.100000
	pigment { color rgbt <1,0,0,0> }
	no_shadow
}
sphere {
	0, 1
	scale<0.080000,0.200000,0.300000>
	matrix <-0.466203, 0.765293, 0.443826,
		0.691970, 0.002864, 0.721921,
		0.551210, 0.643675, -0.530895,
		26.931561, 33.747849, 34.316090>
	pigment { color rgbt <0,1,1,0> }
	no_shadow
}
cylinder {
	<26.822353, 33.822868, 35.189495>,  <26.545713, 33.297276, 34.687714>, 0.130000
	pigment { color rgbt <1,0,0,0> }
	no_shadow
}

// nucleotide -1

// particle -1
sphere {
	<26.822353, 33.822868, 35.189495> 0.250000
	pigment { color rgbt <1,0,0,0> }
	no_shadow
}
cylinder {
	<26.802206, 33.972843, 34.819221>,  <26.790117, 34.062828, 34.597057>, 0.100000
	pigment { color rgbt <1,0,0,0> }
	no_shadow
}
cylinder {
	<26.802206, 33.972843, 34.819221>,  <26.822353, 33.822868, 35.189495>, 0.100000
	pigment { color rgbt <1,0,0,0> }
	no_shadow
}

// particle -1
sphere {
	<26.802206, 33.972843, 34.819221> 0.100000
	pigment { color rgbt <1,0,0,0> }
	no_shadow
}
sphere {
	0, 1
	scale<0.080000,0.200000,0.300000>
	matrix <-0.375370, 0.851796, 0.365432,
		0.925505, 0.365880, 0.097833,
		-0.050370, 0.374933, -0.925682,
		26.787094, 34.085323, 34.541515>
	pigment { color rgbt <0,1,1,0> }
	no_shadow
}
cylinder {
	<27.082508, 34.545311, 35.129414>,  <26.822353, 33.822868, 35.189495>, 0.130000
	pigment { color rgbt <1,0,0,0> }
	no_shadow
}

// nucleotide -1

// particle -1
sphere {
	<27.082508, 34.545311, 35.129414> 0.250000
	pigment { color rgbt <1,0,0,0> }
	no_shadow
}
cylinder {
	<26.865154, 34.516315, 34.794872>,  <26.734743, 34.498920, 34.594147>, 0.100000
	pigment { color rgbt <1,0,0,0> }
	no_shadow
}
cylinder {
	<26.865154, 34.516315, 34.794872>,  <27.082508, 34.545311, 35.129414>, 0.100000
	pigment { color rgbt <1,0,0,0> }
	no_shadow
}

// particle -1
sphere {
	<26.865154, 34.516315, 34.794872> 0.100000
	pigment { color rgbt <1,0,0,0> }
	no_shadow
}
sphere {
	0, 1
	scale<0.080000,0.200000,0.300000>
	matrix <-0.242385, 0.967382, 0.073637,
		0.803732, 0.242731, -0.543228,
		-0.543383, -0.072486, -0.836350,
		26.702139, 34.494568, 34.543968>
	pigment { color rgbt <0,1,1,0> }
	no_shadow
}
cylinder {
	<27.471516, 34.966297, 34.516640>,  <27.082508, 34.545311, 35.129414>, 0.130000
	pigment { color rgbt <1,0,0,0> }
	no_shadow
}

// nucleotide -1

// particle -1
sphere {
	<27.471516, 34.966297, 34.516640> 0.250000
	pigment { color rgbt <1,0,0,0> }
	no_shadow
}
cylinder {
	<27.080097, 34.932026, 34.441696>,  <26.845245, 34.911465, 34.396732>, 0.100000
	pigment { color rgbt <1,0,0,0> }
	no_shadow
}
cylinder {
	<27.080097, 34.932026, 34.441696>,  <27.471516, 34.966297, 34.516640>, 0.100000
	pigment { color rgbt <1,0,0,0> }
	no_shadow
}

// particle -1
sphere {
	<27.080097, 34.932026, 34.441696> 0.100000
	pigment { color rgbt <1,0,0,0> }
	no_shadow
}
sphere {
	0, 1
	scale<0.080000,0.200000,0.300000>
	matrix <-0.026353, 0.954007, -0.298623,
		0.204325, -0.287279, -0.935800,
		-0.978549, -0.085678, -0.187357,
		26.786533, 34.906322, 34.385490>
	pigment { color rgbt <0,1,1,0> }
	no_shadow
}
cylinder {
	<27.307007, 35.258896, 33.902119>,  <27.471516, 34.966297, 34.516640>, 0.130000
	pigment { color rgbt <1,0,0,0> }
	no_shadow
}

// nucleotide -1

// particle -1
sphere {
	<27.307007, 35.258896, 33.902119> 0.250000
	pigment { color rgbt <1,0,0,0> }
	no_shadow
}
cylinder {
	<26.932989, 35.243053, 34.043041>,  <26.708578, 35.233547, 34.127594>, 0.100000
	pigment { color rgbt <1,0,0,0> }
	no_shadow
}
cylinder {
	<26.932989, 35.243053, 34.043041>,  <27.307007, 35.258896, 33.902119>, 0.100000
	pigment { color rgbt <1,0,0,0> }
	no_shadow
}

// particle -1
sphere {
	<26.932989, 35.243053, 34.043041> 0.100000
	pigment { color rgbt <1,0,0,0> }
	no_shadow
}
sphere {
	0, 1
	scale<0.080000,0.200000,0.300000>
	matrix <-0.179898, 0.909307, -0.375231,
		-0.305493, -0.414238, -0.857369,
		-0.935046, -0.039609, 0.352307,
		26.652475, 35.231171, 34.148735>
	pigment { color rgbt <0,1,1,0> }
	no_shadow
}
cylinder {
	<26.773825, 35.440044, 33.376038>,  <27.307007, 35.258896, 33.902119>, 0.130000
	pigment { color rgbt <1,0,0,0> }
	no_shadow
}

// nucleotide -1

// particle -1
sphere {
	<26.773825, 35.440044, 33.376038> 0.250000
	pigment { color rgbt <1,0,0,0> }
	no_shadow
}
cylinder {
	<26.628134, 35.529091, 33.737762>,  <26.540718, 35.582520, 33.954796>, 0.100000
	pigment { color rgbt <1,0,0,0> }
	no_shadow
}
cylinder {
	<26.628134, 35.529091, 33.737762>,  <26.773825, 35.440044, 33.376038>, 0.100000
	pigment { color rgbt <1,0,0,0> }
	no_shadow
}

// particle -1
sphere {
	<26.628134, 35.529091, 33.737762> 0.100000
	pigment { color rgbt <1,0,0,0> }
	no_shadow
}
sphere {
	0, 1
	scale<0.080000,0.200000,0.300000>
	matrix <-0.226038, 0.920847, -0.317723,
		-0.903462, -0.320134, -0.285081,
		-0.364230, 0.222611, 0.904313,
		26.518866, 35.595875, 34.009056>
	pigment { color rgbt <0,1,1,0> }
	no_shadow
}
cylinder {
	<26.061007, 35.621601, 33.350128>,  <26.773825, 35.440044, 33.376038>, 0.130000
	pigment { color rgbt <1,0,0,0> }
	no_shadow
}

// nucleotide -1

// particle -1
sphere {
	<26.061007, 35.621601, 33.350128> 0.250000
	pigment { color rgbt <1,0,0,0> }
	no_shadow
}
cylinder {
	<26.231539, 35.802521, 33.663475>,  <26.333858, 35.911072, 33.851482>, 0.100000
	pigment { color rgbt <1,0,0,0> }
	no_shadow
}
cylinder {
	<26.231539, 35.802521, 33.663475>,  <26.061007, 35.621601, 33.350128>, 0.100000
	pigment { color rgbt <1,0,0,0> }
	no_shadow
}

// particle -1
sphere {
	<26.231539, 35.802521, 33.663475> 0.100000
	pigment { color rgbt <1,0,0,0> }
	no_shadow
}
sphere {
	0, 1
	scale<0.080000,0.200000,0.300000>
	matrix <-0.302467, 0.887449, -0.347776,
		-0.852500, -0.088677, 0.515151,
		0.426331, 0.452295, 0.783372,
		26.359438, 35.938210, 33.898487>
	pigment { color rgbt <0,1,1,0> }
	no_shadow
}
cylinder {
	<25.672503, 36.089828, 33.800819>,  <26.061007, 35.621601, 33.350128>, 0.130000
	pigment { color rgbt <1,0,0,0> }
	no_shadow
}

// nucleotide -1

// particle -1
sphere {
	<25.672503, 36.089828, 33.800819> 0.250000
	pigment { color rgbt <1,0,0,0> }
	no_shadow
}
cylinder {
	<26.044533, 36.236774, 33.801598>,  <26.267752, 36.324940, 33.802067>, 0.100000
	pigment { color rgbt <1,0,0,0> }
	no_shadow
}
cylinder {
	<26.044533, 36.236774, 33.801598>,  <25.672503, 36.089828, 33.800819>, 0.100000
	pigment { color rgbt <1,0,0,0> }
	no_shadow
}

// particle -1
sphere {
	<26.044533, 36.236774, 33.801598> 0.100000
	pigment { color rgbt <1,0,0,0> }
	no_shadow
}
sphere {
	0, 1
	scale<0.080000,0.200000,0.300000>
	matrix <-0.363652, 0.921413, -0.136952,
		-0.052107, 0.126667, 0.990576,
		0.930076, 0.367361, 0.001949,
		26.323555, 36.346981, 33.802181>
	pigment { color rgbt <0,1,1,0> }
	no_shadow
}
cylinder {
	<25.707125, 36.440304, 33.169121>,  <25.672503, 36.089828, 33.800819>, 0.130000
	pigment { color rgbt <1,0,0,0> }
	no_shadow
}

// nucleotide -1

// particle -1
sphere {
	<25.707125, 36.440304, 33.169121> 0.250000
	pigment { color rgbt <1,0,0,0> }
	no_shadow
}
cylinder {
	<25.652451, 36.679897, 32.853516>,  <25.619646, 36.823654, 32.664154>, 0.100000
	pigment { color rgbt <1,0,0,0> }
	no_shadow
}
cylinder {
	<25.652451, 36.679897, 32.853516>,  <25.707125, 36.440304, 33.169121>, 0.100000
	pigment { color rgbt <1,0,0,0> }
	no_shadow
}

// particle -1
sphere {
	<25.652451, 36.679897, 32.853516> 0.100000
	pigment { color rgbt <1,0,0,0> }
	no_shadow
}
sphere {
	0, 1
	scale<0.080000,0.200000,0.300000>
	matrix <-0.033512, 0.793232, 0.607996,
		0.990047, 0.109546, -0.088351,
		-0.136686, 0.598984, -0.789009,
		25.611444, 36.859592, 32.616814>
	pigment { color rgbt <0,1,1,0> }
	no_shadow
}
cylinder {
	<26.220985, 36.937149, 33.006668>,  <25.707125, 36.440304, 33.169121>, 0.130000
	pigment { color rgbt <1,0,0,0> }
	no_shadow
}

// nucleotide -1

// particle -1
sphere {
	<26.220985, 36.937149, 33.006668> 0.250000
	pigment { color rgbt <1,0,0,0> }
	no_shadow
}
cylinder {
	<25.850946, 37.056831, 32.913143>,  <25.628923, 37.128639, 32.857029>, 0.100000
	pigment { color rgbt <1,0,0,0> }
	no_shadow
}
cylinder {
	<25.850946, 37.056831, 32.913143>,  <26.220985, 36.937149, 33.006668>, 0.100000
	pigment { color rgbt <1,0,0,0> }
	no_shadow
}

// particle -1
sphere {
	<25.850946, 37.056831, 32.913143> 0.100000
	pigment { color rgbt <1,0,0,0> }
	no_shadow
}
sphere {
	0, 1
	scale<0.080000,0.200000,0.300000>
	matrix <0.060434, 0.723902, 0.687250,
		0.374886, 0.621644, -0.687763,
		-0.925099, 0.299205, -0.233813,
		25.573418, 37.146591, 32.842999>
	pigment { color rgbt <0,1,1,0> }
	no_shadow
}
cylinder {
	<26.408688, 37.657555, 33.127262>,  <26.220985, 36.937149, 33.006668>, 0.130000
	pigment { color rgbt <1,0,0,0> }
	no_shadow
}

// nucleotide -1

// particle -1
sphere {
	<26.408688, 37.657555, 33.127262> 0.250000
	pigment { color rgbt <1,0,0,0> }
	no_shadow
}
cylinder {
	<26.441132, 37.880753, 33.457611>,  <26.460598, 38.014671, 33.655819>, 0.100000
	pigment { color rgbt <1,0,0,0> }
	no_shadow
}
cylinder {
	<26.441132, 37.880753, 33.457611>,  <26.408688, 37.657555, 33.127262>, 0.100000
	pigment { color rgbt <1,0,0,0> }
	no_shadow
}

// particle -1
sphere {
	<26.441132, 37.880753, 33.457611> 0.100000
	pigment { color rgbt <1,0,0,0> }
	no_shadow
}
sphere {
	0, 1
	scale<0.080000,0.200000,0.300000>
	matrix <0.870098, -0.443804, 0.214401,
		0.486159, 0.701199, -0.521507,
		0.081109, 0.557995, 0.825871,
		26.465464, 38.048153, 33.705372>
	pigment { color rgbt <0,1,1,0> }
	no_shadow
}
cylinder {
	<27.026134, 37.895199, 33.130688>,  <26.408688, 37.657555, 33.127262>, 0.130000
	pigment { color rgbt <1,0,0,0> }
	no_shadow
}

// nucleotide -1

// particle -1
sphere {
	<27.026134, 37.895199, 33.130688> 0.250000
	pigment { color rgbt <1,0,0,0> }
	no_shadow
}
cylinder {
	<26.915159, 37.938656, 33.512520>,  <26.848574, 37.964729, 33.741619>, 0.100000
	pigment { color rgbt <1,0,0,0> }
	no_shadow
}
cylinder {
	<26.915159, 37.938656, 33.512520>,  <27.026134, 37.895199, 33.130688>, 0.100000
	pigment { color rgbt <1,0,0,0> }
	no_shadow
}

// particle -1
sphere {
	<26.915159, 37.938656, 33.512520> 0.100000
	pigment { color rgbt <1,0,0,0> }
	no_shadow
}
sphere {
	0, 1
	scale<0.080000,0.200000,0.300000>
	matrix <0.876233, -0.378866, 0.297785,
		0.394010, 0.919053, 0.009915,
		-0.277437, 0.108642, 0.954581,
		26.831928, 37.971249, 33.798893>
	pigment { color rgbt <0,1,1,0> }
	no_shadow
}
cylinder {
	<27.578857, 38.160480, 33.614262>,  <27.026134, 37.895199, 33.130688>, 0.130000
	pigment { color rgbt <1,0,0,0> }
	no_shadow
}

// nucleotide -1

// particle -1
sphere {
	<27.578857, 38.160480, 33.614262> 0.250000
	pigment { color rgbt <1,0,0,0> }
	no_shadow
}
cylinder {
	<27.322590, 37.936386, 33.824280>,  <27.168829, 37.801929, 33.950291>, 0.100000
	pigment { color rgbt <1,0,0,0> }
	no_shadow
}
cylinder {
	<27.322590, 37.936386, 33.824280>,  <27.578857, 38.160480, 33.614262>, 0.100000
	pigment { color rgbt <1,0,0,0> }
	no_shadow
}

// particle -1
sphere {
	<27.322590, 37.936386, 33.824280> 0.100000
	pigment { color rgbt <1,0,0,0> }
	no_shadow
}
sphere {
	0, 1
	scale<0.080000,0.200000,0.300000>
	matrix <0.761029, -0.372618, 0.531028,
		-0.101859, 0.739791, 0.665082,
		-0.640671, -0.560237, 0.525048,
		27.130388, 37.768314, 33.981792>
	pigment { color rgbt <0,1,1,0> }
	no_shadow
}
cylinder {
	<27.649727, 38.204060, 34.363411>,  <27.578857, 38.160480, 33.614262>, 0.130000
	pigment { color rgbt <1,0,0,0> }
	no_shadow
}

// nucleotide -1

// particle -1
sphere {
	<27.649727, 38.204060, 34.363411> 0.250000
	pigment { color rgbt <1,0,0,0> }
	no_shadow
}
cylinder {
	<27.475061, 37.844624, 34.346115>,  <27.370262, 37.628963, 34.335739>, 0.100000
	pigment { color rgbt <1,0,0,0> }
	no_shadow
}
cylinder {
	<27.475061, 37.844624, 34.346115>,  <27.649727, 38.204060, 34.363411>, 0.100000
	pigment { color rgbt <1,0,0,0> }
	no_shadow
}

// particle -1
sphere {
	<27.475061, 37.844624, 34.346115> 0.100000
	pigment { color rgbt <1,0,0,0> }
	no_shadow
}
sphere {
	0, 1
	scale<0.080000,0.200000,0.300000>
	matrix <0.675630, -0.359294, 0.643763,
		-0.594011, 0.251896, 0.764002,
		-0.436663, -0.898585, -0.043236,
		27.344063, 37.575047, 34.333145>
	pigment { color rgbt <0,1,1,0> }
	no_shadow
}
cylinder {
	<27.515791, 38.799274, 34.633362>,  <27.649727, 38.204060, 34.363411>, 0.130000
	pigment { color rgbt <1,0,0,0> }
	no_shadow
}

// nucleotide -1

// particle -1
sphere {
	<27.515791, 38.799274, 34.633362> 0.250000
	pigment { color rgbt <1,0,0,0> }
	no_shadow
}
cylinder {
	<27.627520, 38.808533, 35.017330>,  <27.694557, 38.814087, 35.247711>, 0.100000
	pigment { color rgbt <1,0,0,0> }
	no_shadow
}
cylinder {
	<27.627520, 38.808533, 35.017330>,  <27.515791, 38.799274, 34.633362>, 0.100000
	pigment { color rgbt <1,0,0,0> }
	no_shadow
}

// particle -1
sphere {
	<27.627520, 38.808533, 35.017330> 0.100000
	pigment { color rgbt <1,0,0,0> }
	no_shadow
}
sphere {
	0, 1
	scale<0.080000,0.200000,0.300000>
	matrix <-0.774305, 0.596626, 0.210922,
		-0.567830, -0.802185, 0.184575,
		0.279321, 0.023149, 0.959919,
		27.711315, 38.815479, 35.305305>
	pigment { color rgbt <0,1,1,0> }
	no_shadow
}
cylinder {
	<27.083965, 38.560738, 35.033634>,  <27.515791, 38.799274, 34.633362>, 0.130000
	pigment { color rgbt <1,0,0,0> }
	no_shadow
}

// nucleotide -1

// particle -1
sphere {
	<27.083965, 38.560738, 35.033634> 0.250000
	pigment { color rgbt <1,0,0,0> }
	no_shadow
}
cylinder {
	<27.262844, 38.863491, 35.224270>,  <27.370171, 39.045143, 35.338654>, 0.100000
	pigment { color rgbt <1,0,0,0> }
	no_shadow
}
cylinder {
	<27.262844, 38.863491, 35.224270>,  <27.083965, 38.560738, 35.033634>, 0.100000
	pigment { color rgbt <1,0,0,0> }
	no_shadow
}

// particle -1
sphere {
	<27.262844, 38.863491, 35.224270> 0.100000
	pigment { color rgbt <1,0,0,0> }
	no_shadow
}
sphere {
	0, 1
	scale<0.080000,0.200000,0.300000>
	matrix <-0.870297, 0.491167, 0.036586,
		-0.206395, -0.431139, 0.878362,
		0.447196, 0.756885, 0.476594,
		27.397003, 39.090557, 35.367249>
	pigment { color rgbt <0,1,1,0> }
	no_shadow
}
cylinder {
	<26.424088, 38.701626, 35.418079>,  <27.083965, 38.560738, 35.033634>, 0.130000
	pigment { color rgbt <1,0,0,0> }
	no_shadow
}

// nucleotide -1

// particle -1
sphere {
	<26.424088, 38.701626, 35.418079> 0.250000
	pigment { color rgbt <1,0,0,0> }
	no_shadow
}
cylinder {
	<26.695656, 38.993748, 35.448334>,  <26.858597, 39.169022, 35.466488>, 0.100000
	pigment { color rgbt <1,0,0,0> }
	no_shadow
}
cylinder {
	<26.695656, 38.993748, 35.448334>,  <26.424088, 38.701626, 35.418079>, 0.100000
	pigment { color rgbt <1,0,0,0> }
	no_shadow
}

// particle -1
sphere {
	<26.695656, 38.993748, 35.448334> 0.100000
	pigment { color rgbt <1,0,0,0> }
	no_shadow
}
sphere {
	0, 1
	scale<0.080000,0.200000,0.300000>
	matrix <-0.733824, 0.678297, 0.037611,
		-0.023838, -0.081041, 0.996426,
		0.678921, 0.730305, 0.075640,
		26.899332, 39.212841, 35.471027>
	pigment { color rgbt <0,1,1,0> }
	no_shadow
}
cylinder {
	<26.183508, 39.094837, 35.971134>,  <26.424088, 38.701626, 35.418079>, 0.130000
	pigment { color rgbt <1,0,0,0> }
	no_shadow
}

// nucleotide -1

// particle -1
sphere {
	<26.183508, 39.094837, 35.971134> 0.250000
	pigment { color rgbt <1,0,0,0> }
	no_shadow
}
cylinder {
	<26.385328, 39.316849, 35.706596>,  <26.506420, 39.450054, 35.547874>, 0.100000
	pigment { color rgbt <1,0,0,0> }
	no_shadow
}
cylinder {
	<26.385328, 39.316849, 35.706596>,  <26.183508, 39.094837, 35.971134>, 0.100000
	pigment { color rgbt <1,0,0,0> }
	no_shadow
}

// particle -1
sphere {
	<26.385328, 39.316849, 35.706596> 0.100000
	pigment { color rgbt <1,0,0,0> }
	no_shadow
}
sphere {
	0, 1
	scale<0.080000,0.200000,0.300000>
	matrix <-0.826275, 0.532565, -0.183426,
		0.250400, 0.638997, 0.727312,
		0.504549, 0.555029, -0.661341,
		26.536694, 39.483356, 35.508194>
	pigment { color rgbt <0,1,1,0> }
	no_shadow
}
cylinder {
	<26.091976, 39.715664, 36.195148>,  <26.183508, 39.094837, 35.971134>, 0.130000
	pigment { color rgbt <1,0,0,0> }
	no_shadow
}

// nucleotide -1

// particle -1
sphere {
	<26.091976, 39.715664, 36.195148> 0.250000
	pigment { color rgbt <1,0,0,0> }
	no_shadow
}
cylinder {
	<26.184641, 39.765339, 35.809216>,  <26.240240, 39.795143, 35.577656>, 0.100000
	pigment { color rgbt <1,0,0,0> }
	no_shadow
}
cylinder {
	<26.184641, 39.765339, 35.809216>,  <26.091976, 39.715664, 36.195148>, 0.100000
	pigment { color rgbt <1,0,0,0> }
	no_shadow
}

// particle -1
sphere {
	<26.184641, 39.765339, 35.809216> 0.100000
	pigment { color rgbt <1,0,0,0> }
	no_shadow
}
sphere {
	0, 1
	scale<0.080000,0.200000,0.300000>
	matrix <-0.824314, 0.551726, -0.126906,
		0.516566, 0.824727, 0.230185,
		0.231662, 0.124190, -0.964837,
		26.254139, 39.802597, 35.519764>
	pigment { color rgbt <0,1,1,0> }
	no_shadow
}
cylinder {
	<26.073147, 40.462700, 35.928852>,  <26.091976, 39.715664, 36.195148>, 0.130000
	pigment { color rgbt <1,0,0,0> }
	no_shadow
}

// nucleotide -1

// particle -1
sphere {
	<26.073147, 40.462700, 35.928852> 0.250000
	pigment { color rgbt <1,0,0,0> }
	no_shadow
}
cylinder {
	<25.981440, 40.162350, 35.681103>,  <25.926416, 39.982140, 35.532452>, 0.100000
	pigment { color rgbt <1,0,0,0> }
	no_shadow
}
cylinder {
	<25.981440, 40.162350, 35.681103>,  <26.073147, 40.462700, 35.928852>, 0.100000
	pigment { color rgbt <1,0,0,0> }
	no_shadow
}

// particle -1
sphere {
	<25.981440, 40.162350, 35.681103> 0.100000
	pigment { color rgbt <1,0,0,0> }
	no_shadow
}
sphere {
	0, 1
	scale<0.080000,0.200000,0.300000>
	matrix <-0.906348, 0.396711, -0.145446,
		0.354924, 0.528021, -0.771507,
		-0.229267, -0.750876, -0.619373,
		25.912661, 39.937088, 35.495289>
	pigment { color rgbt <0,1,1,0> }
	no_shadow
}
cylinder {
	<26.000557, 40.622444, 35.137871>,  <26.073147, 40.462700, 35.928852>, 0.130000
	pigment { color rgbt <1,0,0,0> }
	no_shadow
}

// nucleotide -1

// particle -1
sphere {
	<26.000557, 40.622444, 35.137871> 0.250000
	pigment { color rgbt <1,0,0,0> }
	no_shadow
}
cylinder {
	<25.774523, 40.337555, 35.304447>,  <25.638903, 40.166622, 35.404392>, 0.100000
	pigment { color rgbt <1,0,0,0> }
	no_shadow
}
cylinder {
	<25.774523, 40.337555, 35.304447>,  <26.000557, 40.622444, 35.137871>, 0.100000
	pigment { color rgbt <1,0,0,0> }
	no_shadow
}

// particle -1
sphere {
	<25.774523, 40.337555, 35.304447> 0.100000
	pigment { color rgbt <1,0,0,0> }
	no_shadow
}
sphere {
	0, 1
	scale<0.080000,0.200000,0.300000>
	matrix <-0.805486, 0.585480, -0.091680,
		-0.178519, -0.387242, -0.904530,
		-0.565087, -0.712220, 0.416438,
		25.604998, 40.123890, 35.429379>
	pigment { color rgbt <0,1,1,0> }
	no_shadow
}
cylinder {
	<25.229130, 40.839905, 35.092369>,  <26.000557, 40.622444, 35.137871>, 0.130000
	pigment { color rgbt <1,0,0,0> }
	no_shadow
}

// nucleotide -1

// particle -1
sphere {
	<25.229130, 40.839905, 35.092369> 0.250000
	pigment { color rgbt <1,0,0,0> }
	no_shadow
}
cylinder {
	<25.400639, 40.483318, 35.033794>,  <25.503544, 40.269367, 34.998650>, 0.100000
	pigment { color rgbt <1,0,0,0> }
	no_shadow
}
cylinder {
	<25.400639, 40.483318, 35.033794>,  <25.229130, 40.839905, 35.092369>, 0.100000
	pigment { color rgbt <1,0,0,0> }
	no_shadow
}

// particle -1
sphere {
	<25.400639, 40.483318, 35.033794> 0.100000
	pigment { color rgbt <1,0,0,0> }
	no_shadow
}
sphere {
	0, 1
	scale<0.080000,0.200000,0.300000>
	matrix <-0.528598, -0.116116, -0.840893,
		0.732624, 0.437958, -0.521014,
		0.428774, -0.891465, -0.146435,
		25.529270, 40.215878, 34.989864>
	pigment { color rgbt <0,1,1,0> }
	no_shadow
}
cylinder {
	<25.536148, 40.862179, 34.451035>,  <25.229130, 40.839905, 35.092369>, 0.130000
	pigment { color rgbt <1,0,0,0> }
	no_shadow
}

// nucleotide -1

// particle -1
sphere {
	<25.536148, 40.862179, 34.451035> 0.250000
	pigment { color rgbt <1,0,0,0> }
	no_shadow
}
cylinder {
	<25.524010, 40.464088, 34.488152>,  <25.516727, 40.225235, 34.510422>, 0.100000
	pigment { color rgbt <1,0,0,0> }
	no_shadow
}
cylinder {
	<25.524010, 40.464088, 34.488152>,  <25.536148, 40.862179, 34.451035>, 0.100000
	pigment { color rgbt <1,0,0,0> }
	no_shadow
}

// particle -1
sphere {
	<25.524010, 40.464088, 34.488152> 0.100000
	pigment { color rgbt <1,0,0,0> }
	no_shadow
}
sphere {
	0, 1
	scale<0.080000,0.200000,0.300000>
	matrix <-0.264447, -0.081532, -0.960948,
		0.963923, -0.053699, -0.260710,
		-0.030346, -0.995223, 0.092791,
		25.514906, 40.165520, 34.515987>
	pigment { color rgbt <0,1,1,0> }
	no_shadow
}
cylinder {
	<25.833874, 40.604668, 33.819546>,  <25.536148, 40.862179, 34.451035>, 0.130000
	pigment { color rgbt <1,0,0,0> }
	no_shadow
}

// nucleotide -1

// particle -1
sphere {
	<25.833874, 40.604668, 33.819546> 0.250000
	pigment { color rgbt <1,0,0,0> }
	no_shadow
}
cylinder {
	<25.628864, 40.299038, 33.976265>,  <25.505859, 40.115658, 34.070297>, 0.100000
	pigment { color rgbt <1,0,0,0> }
	no_shadow
}
cylinder {
	<25.628864, 40.299038, 33.976265>,  <25.833874, 40.604668, 33.819546>, 0.100000
	pigment { color rgbt <1,0,0,0> }
	no_shadow
}

// particle -1
sphere {
	<25.628864, 40.299038, 33.976265> 0.100000
	pigment { color rgbt <1,0,0,0> }
	no_shadow
}
sphere {
	0, 1
	scale<0.080000,0.200000,0.300000>
	matrix <-0.402940, -0.188915, -0.895517,
		0.758262, -0.616842, -0.211055,
		-0.512521, -0.764079, 0.391797,
		25.475107, 40.069813, 34.093803>
	pigment { color rgbt <0,1,1,0> }
	no_shadow
}
cylinder {
	<25.989107, 40.065075, 33.471767>,  <25.833874, 40.604668, 33.819546>, 0.130000
	pigment { color rgbt <1,0,0,0> }
	no_shadow
}

// nucleotide -1

// particle -1
sphere {
	<25.989107, 40.065075, 33.471767> 0.250000
	pigment { color rgbt <1,0,0,0> }
	no_shadow
}
cylinder {
	<25.627113, 40.024914, 33.637138>,  <25.409916, 40.000816, 33.736362>, 0.100000
	pigment { color rgbt <1,0,0,0> }
	no_shadow
}
cylinder {
	<25.627113, 40.024914, 33.637138>,  <25.989107, 40.065075, 33.471767>, 0.100000
	pigment { color rgbt <1,0,0,0> }
	no_shadow
}

// particle -1
sphere {
	<25.627113, 40.024914, 33.637138> 0.100000
	pigment { color rgbt <1,0,0,0> }
	no_shadow
}
sphere {
	0, 1
	scale<0.080000,0.200000,0.300000>
	matrix <-0.368951, -0.298656, -0.880159,
		0.211841, -0.949065, 0.233237,
		-0.904985, -0.100401, 0.413426,
		25.355618, 39.994793, 33.761166>
	pigment { color rgbt <0,1,1,0> }
	no_shadow
}
cylinder {
	<25.946537, 39.773590, 34.220139>,  <25.989107, 40.065075, 33.471767>, 0.130000
	pigment { color rgbt <1,0,0,0> }
	no_shadow
}

// nucleotide -1

// particle -1
sphere {
	<25.946537, 39.773590, 34.220139> 0.250000
	pigment { color rgbt <1,0,0,0> }
	no_shadow
}
cylinder {
	<26.055531, 39.979198, 34.545479>,  <26.120926, 40.102562, 34.740685>, 0.100000
	pigment { color rgbt <1,0,0,0> }
	no_shadow
}
cylinder {
	<26.055531, 39.979198, 34.545479>,  <25.946537, 39.773590, 34.220139>, 0.100000
	pigment { color rgbt <1,0,0,0> }
	no_shadow
}

// particle -1
sphere {
	<26.055531, 39.979198, 34.545479> 0.100000
	pigment { color rgbt <1,0,0,0> }
	no_shadow
}
sphere {
	0, 1
	scale<0.080000,0.200000,0.300000>
	matrix <0.786251, -0.606202, 0.119702,
		0.554584, 0.606882, -0.569326,
		0.272481, 0.514018, 0.813351,
		26.137276, 40.133404, 34.789486>
	pigment { color rgbt <0,1,1,0> }
	no_shadow
}
cylinder {
	<26.667953, 39.920670, 34.289425>,  <25.946537, 39.773590, 34.220139>, 0.130000
	pigment { color rgbt <1,0,0,0> }
	no_shadow
}

// nucleotide -1

// particle -1
sphere {
	<26.667953, 39.920670, 34.289425> 0.250000
	pigment { color rgbt <1,0,0,0> }
	no_shadow
}
cylinder {
	<26.552395, 39.928886, 34.672279>,  <26.483059, 39.933815, 34.901993>, 0.100000
	pigment { color rgbt <1,0,0,0> }
	no_shadow
}
cylinder {
	<26.552395, 39.928886, 34.672279>,  <26.667953, 39.920670, 34.289425>, 0.100000
	pigment { color rgbt <1,0,0,0> }
	no_shadow
}

// particle -1
sphere {
	<26.552395, 39.928886, 34.672279> 0.100000
	pigment { color rgbt <1,0,0,0> }
	no_shadow
}
sphere {
	0, 1
	scale<0.080000,0.200000,0.300000>
	matrix <0.869779, -0.412118, 0.271373,
		0.400028, 0.910899, 0.101195,
		-0.288897, 0.020539, 0.957140,
		26.465725, 39.935047, 34.959423>
	pigment { color rgbt <0,1,1,0> }
	no_shadow
}
cylinder {
	<27.149521, 40.151058, 34.583172>,  <26.667953, 39.920670, 34.289425>, 0.130000
	pigment { color rgbt <1,0,0,0> }
	no_shadow
}

// nucleotide -1

// particle -1
sphere {
	<27.149521, 40.151058, 34.583172> 0.250000
	pigment { color rgbt <1,0,0,0> }
	no_shadow
}
cylinder {
	<26.956810, 39.951977, 34.871666>,  <26.841183, 39.832527, 35.044762>, 0.100000
	pigment { color rgbt <1,0,0,0> }
	no_shadow
}
cylinder {
	<26.956810, 39.951977, 34.871666>,  <27.149521, 40.151058, 34.583172>, 0.100000
	pigment { color rgbt <1,0,0,0> }
	no_shadow
}

// particle -1
sphere {
	<26.956810, 39.951977, 34.871666> 0.100000
	pigment { color rgbt <1,0,0,0> }
	no_shadow
}
sphere {
	0, 1
	scale<0.080000,0.200000,0.300000>
	matrix <0.855262, -0.446301, 0.263330,
		0.190830, 0.743713, 0.640683,
		-0.481779, -0.497701, 0.721237,
		26.812277, 39.802666, 35.088036>
	pigment { color rgbt <0,1,1,0> }
	no_shadow
}
cylinder {
	<27.309090, 40.344624, 35.412285>,  <27.149521, 40.151058, 34.583172>, 0.130000
	pigment { color rgbt <1,0,0,0> }
	no_shadow
}

// nucleotide -1

// particle -1
sphere {
	<27.309090, 40.344624, 35.412285> 0.250000
	pigment { color rgbt <1,0,0,0> }
	no_shadow
}
cylinder {
	<27.241211, 39.981785, 35.258209>,  <27.200483, 39.764080, 35.165764>, 0.100000
	pigment { color rgbt <1,0,0,0> }
	no_shadow
}
cylinder {
	<27.241211, 39.981785, 35.258209>,  <27.309090, 40.344624, 35.412285>, 0.100000
	pigment { color rgbt <1,0,0,0> }
	no_shadow
}

// particle -1
sphere {
	<27.241211, 39.981785, 35.258209> 0.100000
	pigment { color rgbt <1,0,0,0> }
	no_shadow
}
sphere {
	0, 1
	scale<0.080000,0.200000,0.300000>
	matrix <0.897329, -0.303819, 0.320146,
