// switches for output
#declare DRAW_BASES = 1; // possible values are 0, 1; only relevant for DNA ribbons
#declare DRAW_BASES_TYPE = 3; // possible values are 1, 2, 3; only relevant for DNA ribbons
#declare DRAW_FOG = 0; // set to 1 to enable fog

#include "colors.inc"

#include "transforms.inc"
background { rgb <1, 1, 1>}

#default {
   normal{
       ripples 0.25
       frequency 0.20
       turbulence 0.2
       lambda 5
   }
	finish {
		phong 0.1
		phong_size 40.
	}
}

// original window dimensions: 1024x640


// camera settings

camera {
	sky <0, 0.179814, -0.983701>
	up <0, 0.179814, -0.983701>
	right 1.6 * <1, 0, 0>
	location <35, 94.9851, 44.8844>
	look_at <35, 29.7336, 32.9568>
	direction <0, -65.2515, -11.9276>
	angle 67.0682
}


# declare cpy_camera_pos = <35, 94.9851, 44.8844>;
# if (DRAW_FOG = 1)
fog {
	fog_type 2
	up vnormalize(cpy_camera_pos)
	color rgbt<1,1,1,0.3>
	distance 1e-5
	fog_alt 3e-3
	fog_offset 56
}
# end


// LIGHTS

# declare lum = 6;
global_settings {
	ambient_light rgb lum * <0.05, 0.05, 0.05>
	max_trace_level 15
}# declare cpy_direct_light_amount = 0.25;
light_source
{	1000 * <-1, -1.16352, -0.803886>,
	rgb lum * cpy_direct_light_amount
	parallel
}

light_source
{	1000 * <1, 1.16352, 0.803886>,
	rgb lum * cpy_direct_light_amount
	parallel
}

// strand 0

// nucleotide -1

// particle -1
sphere {
	<24.608032, 35.200024, 34.722034> 0.250000
	pigment { color rgbt <1,0,0,0> }
	no_shadow
}
cylinder {
	<24.464386, 34.933720, 34.983658>,  <24.378199, 34.773937, 35.140633>, 0.100000
	pigment { color rgbt <1,0,0,0> }
	no_shadow
}
cylinder {
	<24.464386, 34.933720, 34.983658>,  <24.608032, 35.200024, 34.722034>, 0.100000
	pigment { color rgbt <1,0,0,0> }
	no_shadow
}

// particle -1
sphere {
	<24.464386, 34.933720, 34.983658> 0.100000
	pigment { color rgbt <1,0,0,0> }
	no_shadow
}
sphere {
	0, 1
	scale<0.080000,0.200000,0.300000>
	matrix <-0.825234, 0.553845, 0.110657,
		-0.435920, -0.500013, -0.748305,
		-0.359115, -0.665764, 0.654059,
		24.356651, 34.733990, 35.179874>
	pigment { color rgbt <0,1,1,0> }
	no_shadow
}
cylinder {
	<24.358746, 35.573051, 35.293076>,  <24.608032, 35.200024, 34.722034>, 0.130000
	pigment { color rgbt <1,0,0,0> }
	no_shadow
}

// nucleotide -1

// particle -1
sphere {
	<24.358746, 35.573051, 35.293076> 0.250000
	pigment { color rgbt <1,0,0,0> }
	no_shadow
}
cylinder {
	<24.383900, 35.970474, 35.255348>,  <24.398993, 36.208927, 35.232712>, 0.100000
	pigment { color rgbt <1,0,0,0> }
	no_shadow
}
cylinder {
	<24.383900, 35.970474, 35.255348>,  <24.358746, 35.573051, 35.293076>, 0.100000
	pigment { color rgbt <1,0,0,0> }
	no_shadow
}

// particle -1
sphere {
	<24.383900, 35.970474, 35.255348> 0.100000
	pigment { color rgbt <1,0,0,0> }
	no_shadow
}
sphere {
	0, 1
	scale<0.080000,0.200000,0.300000>
	matrix <0.711482, 0.021648, 0.702370,
		0.699885, -0.111275, -0.705535,
		0.062883, 0.993554, -0.094322,
		24.402765, 36.268539, 35.227051>
	pigment { color rgbt <0,1,1,0> }
	no_shadow
}
cylinder {
	<24.971155, 35.759804, 35.281490>,  <24.358746, 35.573051, 35.293076>, 0.130000
	pigment { color rgbt <1,0,0,0> }
	no_shadow
}

// nucleotide -1

// particle -1
sphere {
	<24.971155, 35.759804, 35.281490> 0.250000
	pigment { color rgbt <1,0,0,0> }
	no_shadow
}
cylinder {
	<24.814888, 36.107040, 35.403996>,  <24.721128, 36.315384, 35.477497>, 0.100000
	pigment { color rgbt <1,0,0,0> }
	no_shadow
}
cylinder {
	<24.814888, 36.107040, 35.403996>,  <24.971155, 35.759804, 35.281490>, 0.100000
	pigment { color rgbt <1,0,0,0> }
	no_shadow
}

// particle -1
sphere {
	<24.814888, 36.107040, 35.403996> 0.100000
	pigment { color rgbt <1,0,0,0> }
	no_shadow
}
sphere {
	0, 1
	scale<0.080000,0.200000,0.300000>
	matrix <0.627051, 0.007378, 0.778944,
		0.673934, 0.496350, -0.547220,
		-0.390666, 0.868091, 0.306264,
		24.697689, 36.367466, 35.495876>
	pigment { color rgbt <0,1,1,0> }
	no_shadow
}
cylinder {
	<25.438139, 36.271996, 35.269367>,  <24.971155, 35.759804, 35.281490>, 0.130000
	pigment { color rgbt <1,0,0,0> }
	no_shadow
}

// nucleotide -1

// particle -1
sphere {
	<25.438139, 36.271996, 35.269367> 0.250000
	pigment { color rgbt <1,0,0,0> }
	no_shadow
}
cylinder {
	<25.178675, 36.359341, 35.560997>,  <25.022995, 36.411747, 35.735977>, 0.100000
	pigment { color rgbt <1,0,0,0> }
	no_shadow
}
cylinder {
	<25.178675, 36.359341, 35.560997>,  <25.438139, 36.271996, 35.269367>, 0.100000
	pigment { color rgbt <1,0,0,0> }
	no_shadow
}

// particle -1
sphere {
	<25.178675, 36.359341, 35.560997> 0.100000
	pigment { color rgbt <1,0,0,0> }
	no_shadow
}
sphere {
	0, 1
	scale<0.080000,0.200000,0.300000>
	matrix <0.760859, 0.208969, 0.614350,
		-0.018202, 0.953231, -0.301695,
		-0.648662, 0.218365, 0.729078,
		24.984076, 36.424850, 35.779720>
	pigment { color rgbt <0,1,1,0> }
	no_shadow
}
cylinder {
	<25.612320, 36.926300, 35.683338>,  <25.438139, 36.271996, 35.269367>, 0.130000
	pigment { color rgbt <1,0,0,0> }
	no_shadow
}

// nucleotide -1

// particle -1
sphere {
	<25.612320, 36.926300, 35.683338> 0.250000
	pigment { color rgbt <1,0,0,0> }
	no_shadow
}
cylinder {
	<25.388103, 36.700977, 35.926147>,  <25.253574, 36.565784, 36.071835>, 0.100000
	pigment { color rgbt <1,0,0,0> }
	no_shadow
}
cylinder {
	<25.388103, 36.700977, 35.926147>,  <25.612320, 36.926300, 35.683338>, 0.100000
	pigment { color rgbt <1,0,0,0> }
	no_shadow
}

// particle -1
sphere {
	<25.388103, 36.700977, 35.926147> 0.100000
	pigment { color rgbt <1,0,0,0> }
	no_shadow
}
sphere {
	0, 1
	scale<0.080000,0.200000,0.300000>
	matrix <0.708431, 0.053426, 0.703756,
		-0.428861, 0.824519, 0.369116,
		-0.560539, -0.563306, 0.607027,
		25.219942, 36.531986, 36.108257>
	pigment { color rgbt <0,1,1,0> }
	no_shadow
}
cylinder {
	<26.274500, 36.906773, 35.572468>,  <25.612320, 36.926300, 35.683338>, 0.130000
	pigment { color rgbt <1,0,0,0> }
	no_shadow
}

// nucleotide -1

// particle -1
sphere {
	<26.274500, 36.906773, 35.572468> 0.250000
	pigment { color rgbt <1,0,0,0> }
	no_shadow
}
cylinder {
	<26.372108, 37.262814, 35.418495>,  <26.430674, 37.476437, 35.326111>, 0.100000
	pigment { color rgbt <1,0,0,0> }
	no_shadow
}
cylinder {
	<26.372108, 37.262814, 35.418495>,  <26.274500, 36.906773, 35.572468>, 0.100000
	pigment { color rgbt <1,0,0,0> }
	no_shadow
}

// particle -1
sphere {
	<26.372108, 37.262814, 35.418495> 0.100000
	pigment { color rgbt <1,0,0,0> }
	no_shadow
}
sphere {
	0, 1
	scale<0.080000,0.200000,0.300000>
	matrix <0.114094, -0.420522, -0.900080,
		-0.963035, 0.175719, -0.204171,
		0.244020, 0.890103, -0.384929,
		26.445314, 37.529846, 35.303017>
	pigment { color rgbt <0,1,1,0> }
	no_shadow
}
cylinder {
	<26.031126, 36.966785, 34.939182>,  <26.274500, 36.906773, 35.572468>, 0.130000
	pigment { color rgbt <1,0,0,0> }
	no_shadow
}

// nucleotide -1

// particle -1
sphere {
	<26.031126, 36.966785, 34.939182> 0.250000
	pigment { color rgbt <1,0,0,0> }
	no_shadow
}
cylinder {
	<26.323397, 37.239231, 34.920433>,  <26.498758, 37.402699, 34.909184>, 0.100000
	pigment { color rgbt <1,0,0,0> }
	no_shadow
}
cylinder {
	<26.323397, 37.239231, 34.920433>,  <26.031126, 36.966785, 34.939182>, 0.100000
	pigment { color rgbt <1,0,0,0> }
	no_shadow
}

// particle -1
sphere {
	<26.323397, 37.239231, 34.920433> 0.100000
	pigment { color rgbt <1,0,0,0> }
	no_shadow
}
sphere {
	0, 1
	scale<0.080000,0.200000,0.300000>
	matrix <0.411905, -0.494545, -0.765349,
		-0.544472, 0.539914, -0.641906,
		0.730674, 0.681115, -0.046873,
		26.542599, 37.443565, 34.906372>
	pigment { color rgbt <0,1,1,0> }
	no_shadow
}
cylinder {
	<26.069750, 37.167648, 34.258377>,  <26.031126, 36.966785, 34.939182>, 0.130000
	pigment { color rgbt <1,0,0,0> }
	no_shadow
}

// nucleotide -1

// particle -1
sphere {
	<26.069750, 37.167648, 34.258377> 0.250000
	pigment { color rgbt <1,0,0,0> }
	no_shadow
}
cylinder {
	<26.411251, 37.157696, 34.466412>,  <26.616152, 37.151726, 34.591232>, 0.100000
	pigment { color rgbt <1,0,0,0> }
	no_shadow
}
cylinder {
	<26.411251, 37.157696, 34.466412>,  <26.069750, 37.167648, 34.258377>, 0.100000
	pigment { color rgbt <1,0,0,0> }
	no_shadow
}

// particle -1
sphere {
	<26.411251, 37.157696, 34.466412> 0.100000
	pigment { color rgbt <1,0,0,0> }
	no_shadow
}
sphere {
	0, 1
	scale<0.080000,0.200000,0.300000>
	matrix <0.446654, -0.478345, -0.756099,
		0.267589, 0.877819, -0.397278,
		0.853754, -0.024878, 0.520082,
		26.667377, 37.150234, 34.622437>
	pigment { color rgbt <0,1,1,0> }
	no_shadow
}
cylinder {
	<26.537594, 37.416058, 33.865421>,  <26.069750, 37.167648, 34.258377>, 0.130000
	pigment { color rgbt <1,0,0,0> }
	no_shadow
}

// nucleotide -1

// particle -1
sphere {
	<26.537594, 37.416058, 33.865421> 0.250000
	pigment { color rgbt <1,0,0,0> }
	no_shadow
}
cylinder {
	<26.763380, 37.208473, 34.122189>,  <26.898851, 37.083923, 34.276249>, 0.100000
	pigment { color rgbt <1,0,0,0> }
	no_shadow
}
cylinder {
	<26.763380, 37.208473, 34.122189>,  <26.537594, 37.416058, 33.865421>, 0.100000
	pigment { color rgbt <1,0,0,0> }
	no_shadow
}

// particle -1
sphere {
	<26.763380, 37.208473, 34.122189> 0.100000
	pigment { color rgbt <1,0,0,0> }
	no_shadow
}
sphere {
	0, 1
	scale<0.080000,0.200000,0.300000>
	matrix <0.227949, -0.649415, -0.725465,
		0.793359, 0.555824, -0.248276,
		0.564465, -0.518960, 0.641919,
		26.932720, 37.052784, 34.314766>
	pigment { color rgbt <0,1,1,0> }
	no_shadow
}
cylinder {
	<27.248114, 37.199421, 33.488388>,  <26.537594, 37.416058, 33.865421>, 0.130000
	pigment { color rgbt <1,0,0,0> }
	no_shadow
}

// nucleotide -1

// particle -1
sphere {
	<27.248114, 37.199421, 33.488388> 0.250000
	pigment { color rgbt <1,0,0,0> }
	no_shadow
}
cylinder {
	<27.222078, 36.958130, 33.806351>,  <27.206457, 36.813354, 33.997128>, 0.100000
	pigment { color rgbt <1,0,0,0> }
	no_shadow
}
cylinder {
	<27.222078, 36.958130, 33.806351>,  <27.248114, 37.199421, 33.488388>, 0.100000
	pigment { color rgbt <1,0,0,0> }
	no_shadow
}

// particle -1
sphere {
	<27.222078, 36.958130, 33.806351> 0.100000
	pigment { color rgbt <1,0,0,0> }
	no_shadow
}
sphere {
	0, 1
	scale<0.080000,0.200000,0.300000>
	matrix <0.301538, -0.771248, -0.560582,
		0.951230, 0.203209, 0.232094,
		-0.065086, -0.603228, 0.794909,
		27.202553, 36.777161, 34.044823>
	pigment { color rgbt <0,1,1,0> }
	no_shadow
}
cylinder {
	<27.919138, 36.876030, 33.385933>,  <27.248114, 37.199421, 33.488388>, 0.130000
	pigment { color rgbt <1,0,0,0> }
	no_shadow
}

// nucleotide -1

// particle -1
sphere {
	<27.919138, 36.876030, 33.385933> 0.250000
	pigment { color rgbt <1,0,0,0> }
	no_shadow
}
cylinder {
	<27.635675, 36.681732, 33.590622>,  <27.465599, 36.565155, 33.713436>, 0.100000
	pigment { color rgbt <1,0,0,0> }
	no_shadow
}
cylinder {
	<27.635675, 36.681732, 33.590622>,  <27.919138, 36.876030, 33.385933>, 0.100000
	pigment { color rgbt <1,0,0,0> }
	no_shadow
}

// particle -1
sphere {
	<27.635675, 36.681732, 33.590622> 0.100000
	pigment { color rgbt <1,0,0,0> }
	no_shadow
}
sphere {
	0, 1
	scale<0.080000,0.200000,0.300000>
	matrix <0.125315, -0.800402, -0.586219,
		0.694337, -0.351300, 0.628080,
		-0.708655, -0.485741, 0.511726,
		27.423079, 36.536011, 33.744141>
	pigment { color rgbt <0,1,1,0> }
	no_shadow
}
cylinder {
	<28.094658, 36.150024, 33.588520>,  <27.919138, 36.876030, 33.385933>, 0.130000
	pigment { color rgbt <1,0,0,0> }
	no_shadow
}

// nucleotide -1

// particle -1
sphere {
	<28.094658, 36.150024, 33.588520> 0.250000
	pigment { color rgbt <1,0,0,0> }
	no_shadow
}
cylinder {
	<27.694883, 36.154644, 33.575897>,  <27.455019, 36.157413, 33.568321>, 0.100000
	pigment { color rgbt <1,0,0,0> }
	no_shadow
}
cylinder {
	<27.694883, 36.154644, 33.575897>,  <28.094658, 36.150024, 33.588520>, 0.100000
	pigment { color rgbt <1,0,0,0> }
	no_shadow
}

// particle -1
sphere {
	<27.694883, 36.154644, 33.575897> 0.100000
	pigment { color rgbt <1,0,0,0> }
	no_shadow
}
sphere {
	0, 1
	scale<0.080000,0.200000,0.300000>
	matrix <0.009016, -0.812582, -0.582778,
		-0.032376, -0.582733, 0.812018,
		-0.999435, 0.011547, -0.031562,
		27.395052, 36.158108, 33.566429>
	pigment { color rgbt <0,1,1,0> }
	no_shadow
}
cylinder {
	<27.690165, 36.026546, 33.001606>,  <28.094658, 36.150024, 33.588520>, 0.130000
	pigment { color rgbt <1,0,0,0> }
	no_shadow
}

// nucleotide -1

// particle -1
sphere {
	<27.690165, 36.026546, 33.001606> 0.250000
	pigment { color rgbt <1,0,0,0> }
	no_shadow
}
cylinder {
	<27.581816, 35.816963, 32.678596>,  <27.516806, 35.691212, 32.484791>, 0.100000
	pigment { color rgbt <1,0,0,0> }
	no_shadow
}
cylinder {
	<27.581816, 35.816963, 32.678596>,  <27.690165, 36.026546, 33.001606>, 0.100000
	pigment { color rgbt <1,0,0,0> }
	no_shadow
}

// particle -1
sphere {
	<27.581816, 35.816963, 32.678596> 0.100000
	pigment { color rgbt <1,0,0,0> }
	no_shadow
}
sphere {
	0, 1
	scale<0.080000,0.200000,0.300000>
	matrix <-0.705629, 0.678680, -0.203668,
		0.654764, 0.514644, -0.553557,
		-0.270872, -0.523960, -0.807523,
		27.500553, 35.659775, 32.436340>
	pigment { color rgbt <0,1,1,0> }
	no_shadow
}
cylinder {
	<27.395113, 35.306633, 33.246902>,  <27.690165, 36.026546, 33.001606>, 0.130000
	pigment { color rgbt <1,0,0,0> }
	no_shadow
}

// nucleotide -1

// particle -1
sphere {
	<27.395113, 35.306633, 33.246902> 0.250000
	pigment { color rgbt <1,0,0,0> }
	no_shadow
}
cylinder {
	<27.067644, 35.227482, 33.462540>,  <26.871162, 35.179993, 33.591923>, 0.100000
	pigment { color rgbt <1,0,0,0> }
	no_shadow
}
cylinder {
	<27.067644, 35.227482, 33.462540>,  <27.395113, 35.306633, 33.246902>, 0.100000
	pigment { color rgbt <1,0,0,0> }
	no_shadow
}

// particle -1
sphere {
	<27.067644, 35.227482, 33.462540> 0.100000
	pigment { color rgbt <1,0,0,0> }
	no_shadow
}
sphere {
	0, 1
	scale<0.080000,0.200000,0.300000>
	matrix <-0.050540, 0.959943, 0.275599,
		-0.572034, 0.198379, -0.795878,
		-0.818671, -0.197876, 0.539094,
		26.822042, 35.168118, 33.624268>
	pigment { color rgbt <0,1,1,0> }
	no_shadow
}
cylinder {
	<26.756588, 35.789227, 33.147625>,  <27.395113, 35.306633, 33.246902>, 0.130000
	pigment { color rgbt <1,0,0,0> }
	no_shadow
}

// nucleotide -1

// particle -1
sphere {
	<26.756588, 35.789227, 33.147625> 0.250000
	pigment { color rgbt <1,0,0,0> }
	no_shadow
}
cylinder {
	<26.802195, 35.647625, 33.518932>,  <26.829559, 35.562664, 33.741714>, 0.100000
	pigment { color rgbt <1,0,0,0> }
	no_shadow
}
cylinder {
	<26.802195, 35.647625, 33.518932>,  <26.756588, 35.789227, 33.147625>, 0.100000
	pigment { color rgbt <1,0,0,0> }
	no_shadow
}

// particle -1
sphere {
	<26.802195, 35.647625, 33.518932> 0.100000
	pigment { color rgbt <1,0,0,0> }
	no_shadow
}
sphere {
	0, 1
	scale<0.080000,0.200000,0.300000>
	matrix <0.148637, 0.929922, 0.336382,
		-0.982297, 0.099621, 0.158646,
		0.114018, -0.354008, 0.928266,
		26.836399, 35.541424, 33.797413>
	pigment { color rgbt <0,1,1,0> }
	no_shadow
}
cylinder {
	<26.222816, 36.007359, 33.737343>,  <26.756588, 35.789227, 33.147625>, 0.130000
	pigment { color rgbt <1,0,0,0> }
	no_shadow
}

// nucleotide -1

// particle -1
sphere {
	<26.222816, 36.007359, 33.737343> 0.250000
	pigment { color rgbt <1,0,0,0> }
	no_shadow
}
cylinder {
	<26.599220, 35.935719, 33.852184>,  <26.825062, 35.892735, 33.921089>, 0.100000
	pigment { color rgbt <1,0,0,0> }
	no_shadow
}
cylinder {
	<26.599220, 35.935719, 33.852184>,  <26.222816, 36.007359, 33.737343>, 0.100000
	pigment { color rgbt <1,0,0,0> }
	no_shadow
}

// particle -1
sphere {
	<26.599220, 35.935719, 33.852184> 0.100000
	pigment { color rgbt <1,0,0,0> }
	no_shadow
}
sphere {
	0, 1
	scale<0.080000,0.200000,0.300000>
	matrix <0.099356, 0.957291, 0.271518,
		-0.323467, -0.226975, 0.918614,
		0.941009, -0.179097, 0.287101,
		26.881523, 35.881989, 33.938316>
	pigment { color rgbt <0,1,1,0> }
	no_shadow
}
cylinder {
	<26.457701, 35.937313, 34.479233>,  <26.222816, 36.007359, 33.737343>, 0.130000
	pigment { color rgbt <1,0,0,0> }
	no_shadow
}

// nucleotide -1

// particle -1
sphere {
	<26.457701, 35.937313, 34.479233> 0.250000
	pigment { color rgbt <1,0,0,0> }
	no_shadow
}
cylinder {
	<26.792946, 36.064548, 34.301971>,  <26.994093, 36.140892, 34.195614>, 0.100000
	pigment { color rgbt <1,0,0,0> }
	no_shadow
}
cylinder {
	<26.792946, 36.064548, 34.301971>,  <26.457701, 35.937313, 34.479233>, 0.100000
	pigment { color rgbt <1,0,0,0> }
	no_shadow
}

// particle -1
sphere {
	<26.792946, 36.064548, 34.301971> 0.100000
	pigment { color rgbt <1,0,0,0> }
	no_shadow
}
sphere {
	0, 1
	scale<0.080000,0.200000,0.300000>
	matrix <0.018504, 0.795340, 0.605882,
		0.545185, -0.515997, 0.660697,
		0.838112, 0.318092, -0.443155,
		27.044380, 36.159977, 34.169025>
	pigment { color rgbt <0,1,1,0> }
	no_shadow
}
cylinder {
	<27.091942, 36.020306, 35.033253>,  <26.457701, 35.937313, 34.479233>, 0.130000
	pigment { color rgbt <1,0,0,0> }
	no_shadow
}

// nucleotide -1

// particle -1
sphere {
	<27.091942, 36.020306, 35.033253> 0.250000
	pigment { color rgbt <1,0,0,0> }
	no_shadow
}
cylinder {
	<27.116005, 36.271217, 34.722664>,  <27.130444, 36.421764, 34.536312>, 0.100000
	pigment { color rgbt <1,0,0,0> }
	no_shadow
}
cylinder {
	<27.116005, 36.271217, 34.722664>,  <27.091942, 36.020306, 35.033253>, 0.100000
	pigment { color rgbt <1,0,0,0> }
	no_shadow
}

// particle -1
sphere {
	<27.116005, 36.271217, 34.722664> 0.100000
	pigment { color rgbt <1,0,0,0> }
	no_shadow
}
sphere {
	0, 1
	scale<0.080000,0.200000,0.300000>
	matrix <0.047761, 0.775179, 0.629934,
		0.997046, -0.074980, 0.016673,
		0.060157, 0.627276, -0.776470,
		27.134052, 36.459400, 34.489723>
	pigment { color rgbt <0,1,1,0> }
	no_shadow
}
cylinder {
	<27.659161, 36.417461, 35.154484>,  <27.091942, 36.020306, 35.033253>, 0.130000
	pigment { color rgbt <1,0,0,0> }
	no_shadow
}

// nucleotide -1

// particle -1
sphere {
	<27.659161, 36.417461, 35.154484> 0.250000
	pigment { color rgbt <1,0,0,0> }
	no_shadow
}
cylinder {
	<27.425610, 36.614178, 34.896111>,  <27.285479, 36.732208, 34.741085>, 0.100000
	pigment { color rgbt <1,0,0,0> }
	no_shadow
}
cylinder {
	<27.425610, 36.614178, 34.896111>,  <27.659161, 36.417461, 35.154484>, 0.100000
	pigment { color rgbt <1,0,0,0> }
	no_shadow
}

// particle -1
sphere {
	<27.425610, 36.614178, 34.896111> 0.100000
	pigment { color rgbt <1,0,0,0> }
	no_shadow
}
sphere {
	0, 1
	scale<0.080000,0.200000,0.300000>
	matrix <-0.095951, 0.748259, 0.656431,
		0.806152, 0.445254, -0.389703,
		-0.583878, 0.491791, -0.645933,
		27.250446, 36.761715, 34.702332>
	pigment { color rgbt <0,1,1,0> }
	no_shadow
}
cylinder {
	<27.810534, 37.089260, 35.288483>,  <27.659161, 36.417461, 35.154484>, 0.130000
	pigment { color rgbt <1,0,0,0> }
	no_shadow
}

// nucleotide -1

// particle -1
sphere {
	<27.810534, 37.089260, 35.288483> 0.250000
	pigment { color rgbt <1,0,0,0> }
	no_shadow
}
cylinder {
	<27.458073, 37.100250, 35.099670>,  <27.246595, 37.106842, 34.986382>, 0.100000
	pigment { color rgbt <1,0,0,0> }
	no_shadow
}
cylinder {
	<27.458073, 37.100250, 35.099670>,  <27.810534, 37.089260, 35.288483>, 0.100000
	pigment { color rgbt <1,0,0,0> }
	no_shadow
}

// particle -1
sphere {
	<27.458073, 37.100250, 35.099670> 0.100000
	pigment { color rgbt <1,0,0,0> }
	no_shadow
}
sphere {
	0, 1
	scale<0.080000,0.200000,0.300000>
	matrix <-0.307214, 0.725613, 0.615716,
		0.359428, 0.687555, -0.630936,
		-0.881153, 0.027473, -0.472032,
		27.193727, 37.108494, 34.958061>
	pigment { color rgbt <0,1,1,0> }
	no_shadow
}
cylinder {
	<27.580395, 37.822235, 35.320965>,  <27.810534, 37.089260, 35.288483>, 0.130000
	pigment { color rgbt <1,0,0,0> }
	no_shadow
}

// nucleotide -1

// particle -1
sphere {
	<27.580395, 37.822235, 35.320965> 0.250000
	pigment { color rgbt <1,0,0,0> }
	no_shadow
}
cylinder {
	<27.252708, 37.605133, 35.246883>,  <27.056097, 37.474873, 35.202435>, 0.100000
	pigment { color rgbt <1,0,0,0> }
	no_shadow
}
cylinder {
	<27.252708, 37.605133, 35.246883>,  <27.580395, 37.822235, 35.320965>, 0.100000
	pigment { color rgbt <1,0,0,0> }
	no_shadow
}

// particle -1
sphere {
	<27.252708, 37.605133, 35.246883> 0.100000
	pigment { color rgbt <1,0,0,0> }
	no_shadow
}
sphere {
	0, 1
	scale<0.080000,0.200000,0.300000>
	matrix <-0.516551, 0.558075, 0.649405,
		-0.249112, 0.627669, -0.737546,
		-0.819218, -0.542755, -0.185200,
		27.006943, 37.442307, 35.191322>
	pigment { color rgbt <0,1,1,0> }
	no_shadow
}
cylinder {
	<27.921492, 38.374435, 35.505962>,  <27.580395, 37.822235, 35.320965>, 0.130000
	pigment { color rgbt <1,0,0,0> }
	no_shadow
}

// nucleotide -1

// particle -1
sphere {
	<27.921492, 38.374435, 35.505962> 0.250000
	pigment { color rgbt <1,0,0,0> }
	no_shadow
}
cylinder {
	<28.018335, 38.572586, 35.839664>,  <28.076441, 38.691479, 36.039886>, 0.100000
	pigment { color rgbt <1,0,0,0> }
	no_shadow
}
cylinder {
	<28.018335, 38.572586, 35.839664>,  <27.921492, 38.374435, 35.505962>, 0.100000
	pigment { color rgbt <1,0,0,0> }
	no_shadow
}

// particle -1
sphere {
	<28.018335, 38.572586, 35.839664> 0.100000
	pigment { color rgbt <1,0,0,0> }
	no_shadow
}
sphere {
	0, 1
	scale<0.080000,0.200000,0.300000>
	matrix <0.508440, -0.797100, 0.325763,
		0.826361, 0.345298, -0.444856,
		0.242110, 0.495380, 0.834255,
		28.090969, 38.721199, 36.089943>
	pigment { color rgbt <0,1,1,0> }
	no_shadow
}
cylinder {
	<28.605011, 38.097889, 35.732273>,  <27.921492, 38.374435, 35.505962>, 0.130000
	pigment { color rgbt <1,0,0,0> }
	no_shadow
}

// nucleotide -1

// particle -1
sphere {
	<28.605011, 38.097889, 35.732273> 0.250000
	pigment { color rgbt <1,0,0,0> }
	no_shadow
}
cylinder {
	<28.463156, 38.291626, 36.052185>,  <28.378042, 38.407867, 36.244133>, 0.100000
	pigment { color rgbt <1,0,0,0> }
	no_shadow
}
cylinder {
	<28.463156, 38.291626, 36.052185>,  <28.605011, 38.097889, 35.732273>, 0.100000
	pigment { color rgbt <1,0,0,0> }
	no_shadow
}

// particle -1
sphere {
	<28.463156, 38.291626, 36.052185> 0.100000
	pigment { color rgbt <1,0,0,0> }
	no_shadow
}
sphere {
	0, 1
	scale<0.080000,0.200000,0.300000>
	matrix <0.338634, -0.730769, 0.592708,
		0.871527, 0.481029, 0.095144,
		-0.354638, 0.484342, 0.799778,
		28.356764, 38.436928, 36.292118>
	pigment { color rgbt <0,1,1,0> }
	no_shadow
}
cylinder {
	<29.113455, 38.329296, 36.125637>,  <28.605011, 38.097889, 35.732273>, 0.130000
	pigment { color rgbt <1,0,0,0> }
	no_shadow
}

// nucleotide -1

// particle -1
sphere {
	<29.113455, 38.329296, 36.125637> 0.250000
	pigment { color rgbt <1,0,0,0> }
	no_shadow
}
cylinder {
	<28.777615, 38.236065, 36.321903>,  <28.576111, 38.180126, 36.439663>, 0.100000
	pigment { color rgbt <1,0,0,0> }
	no_shadow
}
cylinder {
	<28.777615, 38.236065, 36.321903>,  <29.113455, 38.329296, 36.125637>, 0.100000
	pigment { color rgbt <1,0,0,0> }
	no_shadow
}

// particle -1
sphere {
	<28.777615, 38.236065, 36.321903> 0.100000
	pigment { color rgbt <1,0,0,0> }
	no_shadow
}
sphere {
	0, 1
	scale<0.080000,0.200000,0.300000>
	matrix <0.500694, -0.682353, 0.532635,
		0.210662, 0.692871, 0.689602,
		-0.839599, -0.233074, 0.490662,
		28.525734, 38.166142, 36.469101>
	pigment { color rgbt <0,1,1,0> }
	no_shadow
}
cylinder {
	<29.094471, 38.515114, 36.842823>,  <29.113455, 38.329296, 36.125637>, 0.130000
	pigment { color rgbt <1,0,0,0> }
	no_shadow
}

// nucleotide -1

// particle -1
sphere {
	<29.094471, 38.515114, 36.842823> 0.250000
	pigment { color rgbt <1,0,0,0> }
	no_shadow
}
cylinder {
	<28.875814, 38.188869, 36.766975>,  <28.744621, 37.993122, 36.721466>, 0.100000
	pigment { color rgbt <1,0,0,0> }
	no_shadow
}
cylinder {
	<28.875814, 38.188869, 36.766975>,  <29.094471, 38.515114, 36.842823>, 0.100000
	pigment { color rgbt <1,0,0,0> }
	no_shadow
}

// particle -1
sphere {
	<28.875814, 38.188869, 36.766975> 0.100000
	pigment { color rgbt <1,0,0,0> }
	no_shadow
}
sphere {
	0, 1
	scale<0.080000,0.200000,0.300000>
	matrix <0.617365, -0.545541, 0.566786,
		-0.565723, 0.192765, 0.801747,
		-0.546642, -0.815615, -0.189618,
		28.711823, 37.944183, 36.710091>
	pigment { color rgbt <0,1,1,0> }
	no_shadow
}
cylinder {
	<28.924305, 38.156918, 37.549088>,  <29.094471, 38.515114, 36.842823>, 0.130000
	pigment { color rgbt <1,0,0,0> }
	no_shadow
}

// nucleotide -1

// particle -1
sphere {
	<28.924305, 38.156918, 37.549088> 0.250000
	pigment { color rgbt <1,0,0,0> }
	no_shadow
}
cylinder {
	<28.920286, 37.894794, 37.246967>,  <28.917875, 37.737522, 37.065697>, 0.100000
	pigment { color rgbt <1,0,0,0> }
	no_shadow
}
cylinder {
	<28.920286, 37.894794, 37.246967>,  <28.924305, 38.156918, 37.549088>, 0.100000
	pigment { color rgbt <1,0,0,0> }
	no_shadow
}

// particle -1
sphere {
	<28.920286, 37.894794, 37.246967> 0.100000
	pigment { color rgbt <1,0,0,0> }
	no_shadow
}
sphere {
	0, 1
	scale<0.080000,0.200000,0.300000>
	matrix <0.494076, -0.659944, 0.566006,
		-0.869361, -0.367487, 0.330402,
		-0.010047, -0.655307, -0.755296,
		28.917273, 37.698204, 37.020378>
	pigment { color rgbt <0,1,1,0> }
	no_shadow
}
cylinder {
	<28.612528, 37.471542, 37.756039>,  <28.924305, 38.156918, 37.549088>, 0.130000
	pigment { color rgbt <1,0,0,0> }
	no_shadow
}

// nucleotide -1

// particle -1
sphere {
	<28.612528, 37.471542, 37.756039> 0.250000
	pigment { color rgbt <1,0,0,0> }
	no_shadow
}
cylinder {
	<28.917345, 37.459049, 37.497330>,  <29.100235, 37.451553, 37.342106>, 0.100000
	pigment { color rgbt <1,0,0,0> }
	no_shadow
}
cylinder {
	<28.917345, 37.459049, 37.497330>,  <28.612528, 37.471542, 37.756039>, 0.100000
	pigment { color rgbt <1,0,0,0> }
	no_shadow
}

// particle -1
sphere {
	<28.917345, 37.459049, 37.497330> 0.100000
	pigment { color rgbt <1,0,0,0> }
	no_shadow
}
sphere {
	0, 1
	scale<0.080000,0.200000,0.300000>
	matrix <0.487860, -0.629076, 0.605190,
		-0.425770, -0.776716, -0.464147,
		0.762045, -0.031232, -0.646771,
		29.145958, 37.449680, 37.303299>
	pigment { color rgbt <0,1,1,0> }
	no_shadow
}
cylinder {
	<28.736467, 36.782455, 37.448563>,  <28.612528, 37.471542, 37.756039>, 0.130000
	pigment { color rgbt <1,0,0,0> }
	no_shadow
}

// nucleotide -1

// particle -1
sphere {
	<28.736467, 36.782455, 37.448563> 0.250000
	pigment { color rgbt <1,0,0,0> }
	no_shadow
}
cylinder {
	<29.074488, 36.990005, 37.500183>,  <29.277300, 37.114536, 37.531155>, 0.100000
	pigment { color rgbt <1,0,0,0> }
	no_shadow
}
cylinder {
	<29.074488, 36.990005, 37.500183>,  <28.736467, 36.782455, 37.448563>, 0.100000
	pigment { color rgbt <1,0,0,0> }
	no_shadow
}

// particle -1
sphere {
	<29.074488, 36.990005, 37.500183> 0.100000
	pigment { color rgbt <1,0,0,0> }
	no_shadow
}
sphere {
	0, 1
	scale<0.080000,0.200000,0.300000>
	matrix <0.324013, -0.688945, 0.648360,
		0.425325, -0.506086, -0.750317,
		0.845053, 0.518876, 0.129047,
		29.328003, 37.145668, 37.538898>
	pigment { color rgbt <0,1,1,0> }
	no_shadow
}
cylinder {
	<29.248980, 36.422596, 37.140846>,  <28.736467, 36.782455, 37.448563>, 0.130000
	pigment { color rgbt <1,0,0,0> }
	no_shadow
}

// nucleotide -1

// particle -1
sphere {
	<29.248980, 36.422596, 37.140846> 0.250000
	pigment { color rgbt <1,0,0,0> }
	no_shadow
}
cylinder {
	<29.399401, 36.642387, 37.439285>,  <29.489653, 36.774261, 37.618347>, 0.100000
	pigment { color rgbt <1,0,0,0> }
	no_shadow
}
cylinder {
	<29.399401, 36.642387, 37.439285>,  <29.248980, 36.422596, 37.140846>, 0.100000
	pigment { color rgbt <1,0,0,0> }
	no_shadow
}

// particle -1
sphere {
	<29.399401, 36.642387, 37.439285> 0.100000
	pigment { color rgbt <1,0,0,0> }
	no_shadow
}
sphere {
	0, 1
	scale<0.080000,0.200000,0.300000>
	matrix <0.270756, -0.835218, 0.478646,
		0.886158, 0.022014, -0.462860,
		0.376052, 0.549478, 0.746096,
		29.512217, 36.807232, 37.663113>
	pigment { color rgbt <0,1,1,0> }
	no_shadow
}
cylinder {
	<29.416340, 35.952236, 37.469707>,  <29.248980, 36.422596, 37.140846>, 0.130000
	pigment { color rgbt <1,0,0,0> }
	no_shadow
}

// nucleotide -1

// particle -1
sphere {
	<29.416340, 35.952236, 37.469707> 0.250000
	pigment { color rgbt <1,0,0,0> }
	no_shadow
}
cylinder {
	<29.521469, 36.224926, 37.742817>,  <29.584547, 36.388538, 37.906681>, 0.100000
	pigment { color rgbt <1,0,0,0> }
	no_shadow
}
cylinder {
	<29.521469, 36.224926, 37.742817>,  <29.416340, 35.952236, 37.469707>, 0.100000
	pigment { color rgbt <1,0,0,0> }
	no_shadow
}

// particle -1
sphere {
	<29.521469, 36.224926, 37.742817> 0.100000
	pigment { color rgbt <1,0,0,0> }
	no_shadow
}
sphere {
	0, 1
	scale<0.080000,0.200000,0.300000>
	matrix <0.200596, -0.730796, 0.652456,
		0.943762, -0.034517, -0.328819,
		0.262821, 0.681723, 0.682773,
		29.600315, 36.429443, 37.947647>
	pigment { color rgbt <0,1,1,0> }
	no_shadow
}
cylinder {
	<28.884809, 35.362808, 37.631008>,  <29.416340, 35.952236, 37.469707>, 0.130000
	pigment { color rgbt <1,0,0,0> }
	no_shadow
}

// nucleotide -1

// particle -1
sphere {
	<28.884809, 35.362808, 37.631008> 0.250000
	pigment { color rgbt <1,0,0,0> }
	no_shadow
}
cylinder {
	<29.028591, 35.137028, 37.928246>,  <29.114861, 35.001560, 38.106586>, 0.100000
	pigment { color rgbt <1,0,0,0> }
	no_shadow
}
cylinder {
	<29.028591, 35.137028, 37.928246>,  <28.884809, 35.362808, 37.631008>, 0.100000
	pigment { color rgbt <1,0,0,0> }
	no_shadow
}

// particle -1
sphere {
	<29.028591, 35.137028, 37.928246> 0.100000
	pigment { color rgbt <1,0,0,0> }
	no_shadow
}
sphere {
	0, 1
	scale<0.080000,0.200000,0.300000>
	matrix <-0.309843, 0.678944, 0.665607,
		-0.880221, -0.469498, 0.069158,
		0.359456, -0.564453, 0.743091,
		29.136429, 34.967693, 38.151173>
	pigment { color rgbt <0,1,1,0> }
	no_shadow
}
cylinder {
	<28.378479, 35.182064, 38.157116>,  <28.884809, 35.362808, 37.631008>, 0.130000
	pigment { color rgbt <1,0,0,0> }
	no_shadow
}

// nucleotide -1

// particle -1
sphere {
	<28.378479, 35.182064, 38.157116> 0.250000
	pigment { color rgbt <1,0,0,0> }
	no_shadow
}
cylinder {
	<28.724237, 35.171261, 38.357952>,  <28.931692, 35.164780, 38.478455>, 0.100000
	pigment { color rgbt <1,0,0,0> }
	no_shadow
}
cylinder {
	<28.724237, 35.171261, 38.357952>,  <28.378479, 35.182064, 38.157116>, 0.100000
	pigment { color rgbt <1,0,0,0> }
	no_shadow
}

// particle -1
sphere {
	<28.724237, 35.171261, 38.357952> 0.100000
	pigment { color rgbt <1,0,0,0> }
	no_shadow
}
sphere {
	0, 1
	scale<0.080000,0.200000,0.300000>
	matrix <-0.338991, 0.706182, 0.621604,
		-0.371356, -0.707514, 0.601264,
		0.864395, -0.027013, 0.502086,
		28.983557, 35.163158, 38.508579>
	pigment { color rgbt <0,1,1,0> }
	no_shadow
}
cylinder {
	<28.219145, 35.190628, 38.869736>,  <28.378479, 35.182064, 38.157116>, 0.130000
	pigment { color rgbt <1,0,0,0> }
	no_shadow
}

// nucleotide -1

// particle -1
sphere {
	<28.219145, 35.190628, 38.869736> 0.250000
	pigment { color rgbt <1,0,0,0> }
	no_shadow
}
cylinder {
	<28.599611, 35.314072, 38.867004>,  <28.827890, 35.388138, 38.865364>, 0.100000
	pigment { color rgbt <1,0,0,0> }
	no_shadow
}
cylinder {
	<28.599611, 35.314072, 38.867004>,  <28.219145, 35.190628, 38.869736>, 0.100000
	pigment { color rgbt <1,0,0,0> }
	no_shadow
}

// particle -1
sphere {
	<28.599611, 35.314072, 38.867004> 0.100000
	pigment { color rgbt <1,0,0,0> }
	no_shadow
}
sphere {
	0, 1
	scale<0.080000,0.200000,0.300000>
	matrix <-0.220968, 0.696169, 0.683024,
		0.215539, -0.648160, 0.730364,
		0.951166, 0.308605, -0.006829,
		28.884960, 35.406654, 38.864956>
	pigment { color rgbt <0,1,1,0> }
	no_shadow
}
cylinder {
	<28.349155, 35.381298, 39.568680>,  <28.219145, 35.190628, 38.869736>, 0.130000
	pigment { color rgbt <1,0,0,0> }
	no_shadow
}

// nucleotide -1

// particle -1
sphere {
	<28.349155, 35.381298, 39.568680> 0.250000
	pigment { color rgbt <1,0,0,0> }
	no_shadow
}
cylinder {
	<28.648512, 35.568886, 39.381069>,  <28.828125, 35.681438, 39.268501>, 0.100000
	pigment { color rgbt <1,0,0,0> }
	no_shadow
}
cylinder {
	<28.648512, 35.568886, 39.381069>,  <28.349155, 35.381298, 39.568680>, 0.100000
	pigment { color rgbt <1,0,0,0> }
	no_shadow
}

// particle -1
sphere {
	<28.648512, 35.568886, 39.381069> 0.100000
	pigment { color rgbt <1,0,0,0> }
	no_shadow
}
sphere {
	0, 1
	scale<0.080000,0.200000,0.300000>
	matrix <-0.066282, 0.756493, 0.650635,
		0.659937, -0.455842, 0.597236,
		0.748391, 0.468964, -0.469024,
		28.873028, 35.709576, 39.240360>
	pigment { color rgbt <0,1,1,0> }
	no_shadow
}
cylinder {
	<28.763668, 35.610249, 40.128387>,  <28.349155, 35.381298, 39.568680>, 0.130000
	pigment { color rgbt <1,0,0,0> }
	no_shadow
}

// nucleotide -1

// particle -1
sphere {
	<28.763668, 35.610249, 40.128387> 0.250000
	pigment { color rgbt <1,0,0,0> }
	no_shadow
}
cylinder {
	<28.791927, 35.851780, 39.810799>,  <28.808884, 35.996700, 39.620243>, 0.100000
	pigment { color rgbt <1,0,0,0> }
	no_shadow
}
cylinder {
	<28.791927, 35.851780, 39.810799>,  <28.763668, 35.610249, 40.128387>, 0.100000
	pigment { color rgbt <1,0,0,0> }
	no_shadow
}

// particle -1
sphere {
	<28.791927, 35.851780, 39.810799> 0.100000
	pigment { color rgbt <1,0,0,0> }
	no_shadow
}
sphere {
	0, 1
	scale<0.080000,0.200000,0.300000>
	matrix <-0.110732, 0.795793, 0.595358,
		0.991336, 0.045857, 0.123086,
		0.070650, 0.603829, -0.793976,
		28.813122, 36.032928, 39.572605>
	pigment { color rgbt <0,1,1,0> }
	no_shadow
}
cylinder {
	<29.269066, 36.200039, 40.149956>,  <28.763668, 35.610249, 40.128387>, 0.130000
	pigment { color rgbt <1,0,0,0> }
	no_shadow
}

// nucleotide -1

// particle -1
sphere {
	<29.269066, 36.200039, 40.149956> 0.250000
	pigment { color rgbt <1,0,0,0> }
	no_shadow
}
cylinder {
	<29.026499, 36.356522, 39.873055>,  <28.880959, 36.450413, 39.706913>, 0.100000
	pigment { color rgbt <1,0,0,0> }
	no_shadow
}
cylinder {
	<29.026499, 36.356522, 39.873055>,  <29.269066, 36.200039, 40.149956>, 0.100000
	pigment { color rgbt <1,0,0,0> }
	no_shadow
}

// particle -1
sphere {
	<29.026499, 36.356522, 39.873055> 0.100000
	pigment { color rgbt <1,0,0,0> }
	no_shadow
}
sphere {
	0, 1
	scale<0.080000,0.200000,0.300000>
	matrix <-0.072335, 0.839847, 0.537982,
		0.791848, 0.376316, -0.481002,
		-0.606420, 0.391207, -0.692252,
		28.844572, 36.473885, 39.665379>
	pigment { color rgbt <0,1,1,0> }
	no_shadow
}
cylinder {
	<29.610853, 36.888557, 39.846016>,  <29.269066, 36.200039, 40.149956>, 0.130000
	pigment { color rgbt <1,0,0,0> }
	no_shadow
}

// nucleotide -1

// particle -1
sphere {
	<29.610853, 36.888557, 39.846016> 0.250000
	pigment { color rgbt <1,0,0,0> }
	no_shadow
}
cylinder {
	<29.213675, 36.903446, 39.800995>,  <28.975367, 36.912380, 39.773983>, 0.100000
	pigment { color rgbt <1,0,0,0> }
	no_shadow
}
cylinder {
	<29.213675, 36.903446, 39.800995>,  <29.610853, 36.888557, 39.846016>, 0.100000
	pigment { color rgbt <1,0,0,0> }
	no_shadow
}

// particle -1
sphere {
	<29.213675, 36.903446, 39.800995> 0.100000
	pigment { color rgbt <1,0,0,0> }
	no_shadow
}
sphere {
	0, 1
	scale<0.080000,0.200000,0.300000>
	matrix <-0.006271, 0.931616, 0.363391,
		0.118381, 0.361534, -0.924813,
		-0.992948, 0.037219, -0.112553,
		28.915791, 36.914612, 39.767227>
	pigment { color rgbt <0,1,1,0> }
	no_shadow
}
cylinder {
	<29.294756, 37.557247, 39.351494>,  <29.610853, 36.888557, 39.846016>, 0.130000
	pigment { color rgbt <1,0,0,0> }
	no_shadow
}

// nucleotide -1

// particle -1
sphere {
	<29.294756, 37.557247, 39.351494> 0.250000
	pigment { color rgbt <1,0,0,0> }
	no_shadow
}
cylinder {
	<29.105450, 37.390415, 39.661865>,  <28.991867, 37.290318, 39.848087>, 0.100000
	pigment { color rgbt <1,0,0,0> }
	no_shadow
}
cylinder {
	<29.105450, 37.390415, 39.661865>,  <29.294756, 37.557247, 39.351494>, 0.100000
	pigment { color rgbt <1,0,0,0> }
	no_shadow
}

// particle -1
sphere {
	<29.105450, 37.390415, 39.661865> 0.100000
	pigment { color rgbt <1,0,0,0> }
	no_shadow
}
sphere {
	0, 1
	scale<0.080000,0.200000,0.300000>
	matrix <0.025451, 0.873977, 0.485300,
		-0.880553, 0.249423, -0.403006,
		-0.473264, -0.417075, 0.775932,
		28.963470, 37.265293, 39.894646>
	pigment { color rgbt <0,1,1,0> }
	no_shadow
}
cylinder {
	<29.464705, 36.871788, 38.756424>,  <29.294756, 37.557247, 39.351494>, 0.130000
	pigment { color rgbt <1,0,0,0> }
	no_shadow
}

// nucleotide -1

// particle -1
sphere {
	<29.464705, 36.871788, 38.756424> 0.250000
	pigment { color rgbt <1,0,0,0> }
	no_shadow
}
cylinder {
	<29.347242, 36.587765, 39.012421>,  <29.276766, 36.417351, 39.166019>, 0.100000
	pigment { color rgbt <1,0,0,0> }
	no_shadow
}
cylinder {
	<29.347242, 36.587765, 39.012421>,  <29.464705, 36.871788, 38.756424>, 0.100000
	pigment { color rgbt <1,0,0,0> }
	no_shadow
}

// particle -1
sphere {
	<29.347242, 36.587765, 39.012421> 0.100000
	pigment { color rgbt <1,0,0,0> }
	no_shadow
}
sphere {
	0, 1
	scale<0.080000,0.200000,0.300000>
	matrix <0.065814, -0.682940, -0.727503,
		0.953644, -0.171513, 0.247279,
		-0.293653, -0.710054, 0.639994,
		29.259146, 36.374748, 39.204418>
	pigment { color rgbt <0,1,1,0> }
	no_shadow
}
cylinder {
	<29.780130, 36.320312, 38.525681>,  <29.464705, 36.871788, 38.756424>, 0.130000
	pigment { color rgbt <1,0,0,0> }
	no_shadow
}

// nucleotide -1

// particle -1
sphere {
	<29.780130, 36.320312, 38.525681> 0.250000
	pigment { color rgbt <1,0,0,0> }
	no_shadow
}
cylinder {
	<29.504889, 36.154190, 38.763683>,  <29.339745, 36.054516, 38.906487>, 0.100000
	pigment { color rgbt <1,0,0,0> }
	no_shadow
}
cylinder {
	<29.504889, 36.154190, 38.763683>,  <29.780130, 36.320312, 38.525681>, 0.100000
	pigment { color rgbt <1,0,0,0> }
	no_shadow
}

// particle -1
sphere {
	<29.504889, 36.154190, 38.763683> 0.100000
	pigment { color rgbt <1,0,0,0> }
	no_shadow
}
sphere {
	0, 1
	scale<0.080000,0.200000,0.300000>
	matrix <0.123451, -0.875056, -0.468014,
		0.715034, -0.248588, 0.653399,
		-0.688103, -0.415309, 0.595006,
		29.298458, 36.029598, 38.942184>
	pigment { color rgbt <0,1,1,0> }
	no_shadow
}
cylinder {
	<30.097301, 35.762741, 38.857430>,  <29.780130, 36.320312, 38.525681>, 0.130000
	pigment { color rgbt <1,0,0,0> }
	no_shadow
}

// nucleotide -1

// particle -1
sphere {
	<30.097301, 35.762741, 38.857430> 0.250000
	pigment { color rgbt <1,0,0,0> }
	no_shadow
}
cylinder {
	<29.706814, 35.676838, 38.845608>,  <29.472521, 35.625298, 38.838512>, 0.100000
	pigment { color rgbt <1,0,0,0> }
	no_shadow
}
cylinder {
	<29.706814, 35.676838, 38.845608>,  <30.097301, 35.762741, 38.857430>, 0.100000
	pigment { color rgbt <1,0,0,0> }
	no_shadow
}

// particle -1
sphere {
	<29.706814, 35.676838, 38.845608> 0.100000
	pigment { color rgbt <1,0,0,0> }
	no_shadow
}
sphere {
	0, 1
	scale<0.080000,0.200000,0.300000>
	matrix <0.202157, -0.852639, -0.481809,
		0.078270, -0.476326, 0.875778,
		-0.976220, -0.214755, -0.029557,
		29.413948, 35.612411, 38.836742>
	pigment { color rgbt <0,1,1,0> }
	no_shadow
}
cylinder {
	<30.109055, 35.123695, 39.133934>,  <30.097301, 35.762741, 38.857430>, 0.130000
	pigment { color rgbt <1,0,0,0> }
	no_shadow
}

// nucleotide -1

// particle -1
sphere {
	<30.109055, 35.123695, 39.133934> 0.250000
	pigment { color rgbt <1,0,0,0> }
	no_shadow
}
cylinder {
	<29.772362, 35.160755, 38.921177>,  <29.570347, 35.182991, 38.793522>, 0.100000
	pigment { color rgbt <1,0,0,0> }
	no_shadow
}
cylinder {
	<29.772362, 35.160755, 38.921177>,  <30.109055, 35.123695, 39.133934>, 0.100000
	pigment { color rgbt <1,0,0,0> }
	no_shadow
}

// particle -1
sphere {
	<29.772362, 35.160755, 38.921177> 0.100000
	pigment { color rgbt <1,0,0,0> }
	no_shadow
}
sphere {
	0, 1
	scale<0.080000,0.200000,0.300000>
	matrix <0.235753, -0.823208, -0.516477,
		-0.485705, -0.560129, 0.671078,
		-0.841731, 0.092647, -0.531889,
		29.519842, 35.188549, 38.761612>
	pigment { color rgbt <0,1,1,0> }
	no_shadow
}
cylinder {
	<29.701193, 34.487679, 39.203484>,  <30.109055, 35.123695, 39.133934>, 0.130000
	pigment { color rgbt <1,0,0,0> }
	no_shadow
}

// nucleotide -1

// particle -1
sphere {
	<29.701193, 34.487679, 39.203484> 0.250000
	pigment { color rgbt <1,0,0,0> }
	no_shadow
}
cylinder {
	<29.567101, 34.641682, 38.859531>,  <29.486645, 34.734081, 38.653160>, 0.100000
	pigment { color rgbt <1,0,0,0> }
	no_shadow
}
cylinder {
	<29.567101, 34.641682, 38.859531>,  <29.701193, 34.487679, 39.203484>, 0.100000
	pigment { color rgbt <1,0,0,0> }
	no_shadow
}

// particle -1
sphere {
	<29.567101, 34.641682, 38.859531> 0.100000
	pigment { color rgbt <1,0,0,0> }
	no_shadow
}
sphere {
	0, 1
	scale<0.080000,0.200000,0.300000>
	matrix <0.041910, -0.905693, -0.421857,
