// switches for output
#declare DRAW_BASES = 1; // possible values are 0, 1; only relevant for DNA ribbons
#declare DRAW_BASES_TYPE = 3; // possible values are 1, 2, 3; only relevant for DNA ribbons
#declare DRAW_FOG = 0; // set to 1 to enable fog

#include "colors.inc"

#include "transforms.inc"
background { rgb <1, 1, 1>}

#default {
   normal{
       ripples 0.25
       frequency 0.20
       turbulence 0.2
       lambda 5
   }
	finish {
		phong 0.1
		phong_size 40.
	}
}

// original window dimensions: 1024x640


// camera settings

camera {
	sky <0, 0.179814, -0.983701>
	up <0, 0.179814, -0.983701>
	right 1.6 * <1, 0, 0>
	location <35, 94.9851, 44.8844>
	look_at <35, 29.7336, 32.9568>
	direction <0, -65.2515, -11.9276>
	angle 67.0682
}


# declare cpy_camera_pos = <35, 94.9851, 44.8844>;
# if (DRAW_FOG = 1)
fog {
	fog_type 2
	up vnormalize(cpy_camera_pos)
	color rgbt<1,1,1,0.3>
	distance 1e-5
	fog_alt 3e-3
	fog_offset 56
}
# end


// LIGHTS

# declare lum = 6;
global_settings {
	ambient_light rgb lum * <0.05, 0.05, 0.05>
	max_trace_level 15
}# declare cpy_direct_light_amount = 0.25;
light_source
{	1000 * <-1, -1.16352, -0.803886>,
	rgb lum * cpy_direct_light_amount
	parallel
}

light_source
{	1000 * <1, 1.16352, 0.803886>,
	rgb lum * cpy_direct_light_amount
	parallel
}

// strand 0

// nucleotide -1

// particle -1
sphere {
	<23.807541, 34.912567, 35.165264> 0.250000
	pigment { color rgbt <1,0,0,0> }
	no_shadow
}
cylinder {
	<24.116297, 35.140507, 35.052509>,  <24.301550, 35.277271, 34.984856>, 0.100000
	pigment { color rgbt <1,0,0,0> }
	no_shadow
}
cylinder {
	<24.116297, 35.140507, 35.052509>,  <23.807541, 34.912567, 35.165264>, 0.100000
	pigment { color rgbt <1,0,0,0> }
	no_shadow
}

// particle -1
sphere {
	<24.116297, 35.140507, 35.052509> 0.100000
	pigment { color rgbt <1,0,0,0> }
	no_shadow
}
sphere {
	0, 1
	scale<0.080000,0.200000,0.300000>
	matrix <0.367480, -0.038103, 0.929251,
		0.518792, -0.820866, -0.238819,
		0.771890, 0.569849, -0.281884,
		24.347864, 35.311462, 34.967945>
	pigment { color rgbt <0,1,1,0> }
	no_shadow
}
cylinder {
	<24.499565, 34.546165, 35.311443>,  <23.807541, 34.912567, 35.165264>, 0.130000
	pigment { color rgbt <1,0,0,0> }
	no_shadow
}

// nucleotide -1

// particle -1
sphere {
	<24.499565, 34.546165, 35.311443> 0.250000
	pigment { color rgbt <1,0,0,0> }
	no_shadow
}
cylinder {
	<24.513618, 34.945904, 35.308060>,  <24.522051, 35.185745, 35.306030>, 0.100000
	pigment { color rgbt <1,0,0,0> }
	no_shadow
}
cylinder {
	<24.513618, 34.945904, 35.308060>,  <24.499565, 34.546165, 35.311443>, 0.100000
	pigment { color rgbt <1,0,0,0> }
	no_shadow
}

// particle -1
sphere {
	<24.513618, 34.945904, 35.308060> 0.100000
	pigment { color rgbt <1,0,0,0> }
	no_shadow
}
sphere {
	0, 1
	scale<0.080000,0.200000,0.300000>
	matrix <0.463686, -0.008803, 0.885956,
		0.885303, -0.035048, -0.463693,
		0.035133, 0.999347, -0.008458,
		24.524158, 35.245708, 35.305523>
	pigment { color rgbt <0,1,1,0> }
	no_shadow
}
cylinder {
	<24.732021, 34.637772, 35.912010>,  <24.499565, 34.546165, 35.311443>, 0.130000
	pigment { color rgbt <1,0,0,0> }
	no_shadow
}

// nucleotide -1

// particle -1
sphere {
	<24.732021, 34.637772, 35.912010> 0.250000
	pigment { color rgbt <1,0,0,0> }
	no_shadow
}
cylinder {
	<24.720516, 35.016151, 35.782799>,  <24.713614, 35.243179, 35.705273>, 0.100000
	pigment { color rgbt <1,0,0,0> }
	no_shadow
}
cylinder {
	<24.720516, 35.016151, 35.782799>,  <24.732021, 34.637772, 35.912010>, 0.100000
	pigment { color rgbt <1,0,0,0> }
	no_shadow
}

// particle -1
sphere {
	<24.720516, 35.016151, 35.782799> 0.100000
	pigment { color rgbt <1,0,0,0> }
	no_shadow
}
sphere {
	0, 1
	scale<0.080000,0.200000,0.300000>
	matrix <0.412484, 0.305593, 0.858178,
		0.910511, -0.108559, -0.398981,
		-0.028763, 0.945953, -0.323025,
		24.711887, 35.299938, 35.685890>
	pigment { color rgbt <0,1,1,0> }
	no_shadow
}
cylinder {
	<25.217094, 34.903358, 36.350159>,  <24.732021, 34.637772, 35.912010>, 0.130000
	pigment { color rgbt <1,0,0,0> }
	no_shadow
}

// nucleotide -1

// particle -1
sphere {
	<25.217094, 34.903358, 36.350159> 0.250000
	pigment { color rgbt <1,0,0,0> }
	no_shadow
}
cylinder {
	<25.018221, 35.248375, 36.312557>,  <24.898897, 35.455383, 36.289997>, 0.100000
	pigment { color rgbt <1,0,0,0> }
	no_shadow
}
cylinder {
	<25.018221, 35.248375, 36.312557>,  <25.217094, 34.903358, 36.350159>, 0.100000
	pigment { color rgbt <1,0,0,0> }
	no_shadow
}

// particle -1
sphere {
	<25.018221, 35.248375, 36.312557> 0.100000
	pigment { color rgbt <1,0,0,0> }
	no_shadow
}
sphere {
	0, 1
	scale<0.080000,0.200000,0.300000>
	matrix <0.539571, 0.392212, 0.745005,
		0.679465, 0.319681, -0.660402,
		-0.497182, 0.862539, -0.094004,
		24.869066, 35.507137, 36.284355>
	pigment { color rgbt <0,1,1,0> }
	no_shadow
}
cylinder {
	<25.716125, 35.339481, 36.824486>,  <25.217094, 34.903358, 36.350159>, 0.130000
	pigment { color rgbt <1,0,0,0> }
	no_shadow
}

// nucleotide -1

// particle -1
sphere {
	<25.716125, 35.339481, 36.824486> 0.250000
	pigment { color rgbt <1,0,0,0> }
	no_shadow
}
cylinder {
	<25.394171, 35.563457, 36.745876>,  <25.200998, 35.697842, 36.698711>, 0.100000
	pigment { color rgbt <1,0,0,0> }
	no_shadow
}
cylinder {
	<25.394171, 35.563457, 36.745876>,  <25.716125, 35.339481, 36.824486>, 0.100000
	pigment { color rgbt <1,0,0,0> }
	no_shadow
}

// particle -1
sphere {
	<25.394171, 35.563457, 36.745876> 0.100000
	pigment { color rgbt <1,0,0,0> }
	no_shadow
}
sphere {
	0, 1
	scale<0.080000,0.200000,0.300000>
	matrix <-0.511096, -0.822388, -0.249915,
		-0.301556, -0.100711, 0.948115,
		-0.804887, 0.559941, -0.196523,
		25.152704, 35.731441, 36.686920>
	pigment { color rgbt <0,1,1,0> }
	no_shadow
}
cylinder {
	<26.380394, 35.490009, 36.682461>,  <25.716125, 35.339481, 36.824486>, 0.130000
	pigment { color rgbt <1,0,0,0> }
	no_shadow
}

// nucleotide -1

// particle -1
sphere {
	<26.380394, 35.490009, 36.682461> 0.250000
	pigment { color rgbt <1,0,0,0> }
	no_shadow
}
cylinder {
	<26.574682, 35.704773, 36.406548>,  <26.691256, 35.833630, 36.240997>, 0.100000
	pigment { color rgbt <1,0,0,0> }
	no_shadow
}
cylinder {
	<26.574682, 35.704773, 36.406548>,  <26.380394, 35.490009, 36.682461>, 0.100000
	pigment { color rgbt <1,0,0,0> }
	no_shadow
}

// particle -1
sphere {
	<26.574682, 35.704773, 36.406548> 0.100000
	pigment { color rgbt <1,0,0,0> }
	no_shadow
}
sphere {
	0, 1
	scale<0.080000,0.200000,0.300000>
	matrix <-0.070094, -0.762661, -0.642989,
		-0.871299, 0.360664, -0.332807,
		0.485722, 0.536907, -0.689786,
		26.720398, 35.865845, 36.199612>
	pigment { color rgbt <0,1,1,0> }
	no_shadow
}
cylinder {
	<26.111671, 35.413155, 36.077927>,  <26.380394, 35.490009, 36.682461>, 0.130000
	pigment { color rgbt <1,0,0,0> }
	no_shadow
}

// nucleotide -1

// particle -1
sphere {
	<26.111671, 35.413155, 36.077927> 0.250000
	pigment { color rgbt <1,0,0,0> }
	no_shadow
}
cylinder {
	<26.479727, 35.509033, 35.954060>,  <26.700560, 35.566559, 35.879738>, 0.100000
	pigment { color rgbt <1,0,0,0> }
	no_shadow
}
cylinder {
	<26.479727, 35.509033, 35.954060>,  <26.111671, 35.413155, 36.077927>, 0.100000
	pigment { color rgbt <1,0,0,0> }
	no_shadow
}

// particle -1
sphere {
	<26.479727, 35.509033, 35.954060> 0.100000
	pigment { color rgbt <1,0,0,0> }
	no_shadow
}
sphere {
	0, 1
	scale<0.080000,0.200000,0.300000>
	matrix <0.003758, -0.796146, -0.605092,
		-0.391580, 0.555604, -0.733464,
		0.920137, 0.239698, -0.309667,
		26.755768, 35.580944, 35.861160>
	pigment { color rgbt <0,1,1,0> }
	no_shadow
}
cylinder {
	<26.123827, 35.363277, 35.328281>,  <26.111671, 35.413155, 36.077927>, 0.130000
	pigment { color rgbt <1,0,0,0> }
	no_shadow
}

// nucleotide -1

// particle -1
sphere {
	<26.123827, 35.363277, 35.328281> 0.250000
	pigment { color rgbt <1,0,0,0> }
	no_shadow
}
cylinder {
	<26.485102, 35.305946, 35.490128>,  <26.701866, 35.271549, 35.587234>, 0.100000
	pigment { color rgbt <1,0,0,0> }
	no_shadow
}
cylinder {
	<26.485102, 35.305946, 35.490128>,  <26.123827, 35.363277, 35.328281>, 0.100000
	pigment { color rgbt <1,0,0,0> }
	no_shadow
}

// particle -1
sphere {
	<26.485102, 35.305946, 35.490128> 0.100000
	pigment { color rgbt <1,0,0,0> }
	no_shadow
}
sphere {
	0, 1
	scale<0.080000,0.200000,0.300000>
	matrix <0.115792, -0.826315, -0.551177,
		0.413340, 0.544666, -0.729719,
		0.903185, -0.143328, 0.404617,
		26.756058, 35.262947, 35.611511>
	pigment { color rgbt <0,1,1,0> }
	no_shadow
}
cylinder {
	<26.728525, 35.275864, 34.776070>,  <26.123827, 35.363277, 35.328281>, 0.130000
	pigment { color rgbt <1,0,0,0> }
	no_shadow
}

// nucleotide -1

// particle -1
sphere {
	<26.728525, 35.275864, 34.776070> 0.250000
	pigment { color rgbt <1,0,0,0> }
	no_shadow
}
cylinder {
	<26.804621, 35.093819, 35.124020>,  <26.850279, 34.984592, 35.332790>, 0.100000
	pigment { color rgbt <1,0,0,0> }
	no_shadow
}
cylinder {
	<26.804621, 35.093819, 35.124020>,  <26.728525, 35.275864, 34.776070>, 0.100000
	pigment { color rgbt <1,0,0,0> }
	no_shadow
}

// particle -1
sphere {
	<26.804621, 35.093819, 35.124020> 0.100000
	pigment { color rgbt <1,0,0,0> }
	no_shadow
}
sphere {
	0, 1
	scale<0.080000,0.200000,0.300000>
	matrix <0.236533, -0.838705, -0.490536,
		0.952817, 0.299074, -0.051906,
		0.190240, -0.455114, 0.869874,
		26.861692, 34.957283, 35.384983>
	pigment { color rgbt <0,1,1,0> }
	no_shadow
}
cylinder {
	<27.377703, 34.989632, 34.696148>,  <26.728525, 35.275864, 34.776070>, 0.130000
	pigment { color rgbt <1,0,0,0> }
	no_shadow
}

// nucleotide -1

// particle -1
sphere {
	<27.377703, 34.989632, 34.696148> 0.250000
	pigment { color rgbt <1,0,0,0> }
	no_shadow
}
cylinder {
	<27.229443, 34.775829, 34.999969>,  <27.140488, 34.647549, 35.182262>, 0.100000
	pigment { color rgbt <1,0,0,0> }
	no_shadow
}
cylinder {
	<27.229443, 34.775829, 34.999969>,  <27.377703, 34.989632, 34.696148>, 0.100000
	pigment { color rgbt <1,0,0,0> }
	no_shadow
}

// particle -1
sphere {
	<27.229443, 34.775829, 34.999969> 0.100000
	pigment { color rgbt <1,0,0,0> }
	no_shadow
}
sphere {
	0, 1
	scale<0.080000,0.200000,0.300000>
	matrix <0.364657, -0.835884, -0.410271,
		0.854193, 0.124911, 0.504730,
		-0.370648, -0.534504, 0.759556,
		27.118248, 34.615479, 35.227837>
	pigment { color rgbt <0,1,1,0> }
	no_shadow
}
cylinder {
	<27.891190, 34.389740, 34.751301>,  <27.377703, 34.989632, 34.696148>, 0.130000
	pigment { color rgbt <1,0,0,0> }
	no_shadow
}

// nucleotide -1

// particle -1
sphere {
	<27.891190, 34.389740, 34.751301> 0.250000
	pigment { color rgbt <1,0,0,0> }
	no_shadow
}
cylinder {
	<27.550188, 34.298416, 34.939392>,  <27.345587, 34.243622, 35.052246>, 0.100000
	pigment { color rgbt <1,0,0,0> }
	no_shadow
}
cylinder {
	<27.550188, 34.298416, 34.939392>,  <27.891190, 34.389740, 34.751301>, 0.100000
	pigment { color rgbt <1,0,0,0> }
	no_shadow
}

// particle -1
sphere {
	<27.550188, 34.298416, 34.939392> 0.100000
	pigment { color rgbt <1,0,0,0> }
	no_shadow
}
sphere {
	0, 1
	scale<0.080000,0.200000,0.300000>
	matrix <0.074058, -0.943254, -0.323709,
		0.517446, -0.241140, 0.821036,
		-0.852505, -0.228306, 0.470225,
		27.294437, 34.229923, 35.080460>
	pigment { color rgbt <0,1,1,0> }
	no_shadow
}
cylinder {
	<27.997656, 33.845219, 35.214588>,  <27.891190, 34.389740, 34.751301>, 0.130000
	pigment { color rgbt <1,0,0,0> }
	no_shadow
}

// nucleotide -1

// particle -1
sphere {
	<27.997656, 33.845219, 35.214588> 0.250000
	pigment { color rgbt <1,0,0,0> }
	no_shadow
}
cylinder {
	<27.626673, 33.837090, 35.065235>,  <27.404083, 33.832211, 34.975624>, 0.100000
	pigment { color rgbt <1,0,0,0> }
	no_shadow
}
cylinder {
	<27.626673, 33.837090, 35.065235>,  <27.997656, 33.845219, 35.214588>, 0.100000
	pigment { color rgbt <1,0,0,0> }
	no_shadow
}

// particle -1
sphere {
	<27.626673, 33.837090, 35.065235> 0.100000
	pigment { color rgbt <1,0,0,0> }
	no_shadow
}
sphere {
	0, 1
	scale<0.080000,0.200000,0.300000>
	matrix <0.135980, -0.948489, -0.286144,
		-0.348331, -0.316158, 0.882445,
		-0.927456, -0.020322, -0.373379,
		27.348436, 33.830994, 34.953220>
	pigment { color rgbt <0,1,1,0> }
	no_shadow
}
cylinder {
	<27.767876, 33.191753, 34.890152>,  <27.997656, 33.845219, 35.214588>, 0.130000
	pigment { color rgbt <1,0,0,0> }
	no_shadow
}

// nucleotide -1

// particle -1
sphere {
	<27.767876, 33.191753, 34.890152> 0.250000
	pigment { color rgbt <1,0,0,0> }
	no_shadow
}
cylinder {
	<27.666183, 33.176834, 35.276722>,  <27.605167, 33.167881, 35.508663>, 0.100000
	pigment { color rgbt <1,0,0,0> }
	no_shadow
}
cylinder {
	<27.666183, 33.176834, 35.276722>,  <27.767876, 33.191753, 34.890152>, 0.100000
	pigment { color rgbt <1,0,0,0> }
	no_shadow
}

// particle -1
sphere {
	<27.666183, 33.176834, 35.276722> 0.100000
	pigment { color rgbt <1,0,0,0> }
	no_shadow
}
sphere {
	0, 1
	scale<0.080000,0.200000,0.300000>
	matrix <-0.952931, -0.161018, -0.256895,
		0.165194, -0.986246, 0.005390,
		-0.254230, -0.037301, 0.966424,
		27.589914, 33.165646, 35.566650>
	pigment { color rgbt <0,1,1,0> }
	no_shadow
}
cylinder {
	<27.295559, 33.280571, 34.227158>,  <27.767876, 33.191753, 34.890152>, 0.130000
	pigment { color rgbt <1,0,0,0> }
	no_shadow
}

// nucleotide -1

// particle -1
sphere {
	<27.295559, 33.280571, 34.227158> 0.250000
	pigment { color rgbt <1,0,0,0> }
	no_shadow
}
cylinder {
	<27.122778, 33.120499, 34.550457>,  <27.019110, 33.024456, 34.744438>, 0.100000
	pigment { color rgbt <1,0,0,0> }
	no_shadow
}
cylinder {
	<27.122778, 33.120499, 34.550457>,  <27.295559, 33.280571, 34.227158>, 0.100000
	pigment { color rgbt <1,0,0,0> }
	no_shadow
}

// particle -1
sphere {
	<27.122778, 33.120499, 34.550457> 0.100000
	pigment { color rgbt <1,0,0,0> }
	no_shadow
}
sphere {
	0, 1
	scale<0.080000,0.200000,0.300000>
	matrix <-0.055224, 0.906223, 0.419178,
		-0.900203, 0.136431, -0.413547,
		-0.431954, -0.400183, 0.808251,
		26.993191, 33.000443, 34.792931>
	pigment { color rgbt <0,1,1,0> }
	no_shadow
}
cylinder {
	<26.678198, 33.753300, 34.426197>,  <27.295559, 33.280571, 34.227158>, 0.130000
	pigment { color rgbt <1,0,0,0> }
	no_shadow
}

// nucleotide -1

// particle -1
sphere {
	<26.678198, 33.753300, 34.426197> 0.250000
	pigment { color rgbt <1,0,0,0> }
	no_shadow
}
cylinder {
	<26.798046, 33.530037, 34.735699>,  <26.869955, 33.396080, 34.921398>, 0.100000
	pigment { color rgbt <1,0,0,0> }
	no_shadow
}
cylinder {
	<26.798046, 33.530037, 34.735699>,  <26.678198, 33.753300, 34.426197>, 0.100000
	pigment { color rgbt <1,0,0,0> }
	no_shadow
}

// particle -1
sphere {
	<26.798046, 33.530037, 34.735699> 0.100000
	pigment { color rgbt <1,0,0,0> }
	no_shadow
}
sphere {
	0, 1
	scale<0.080000,0.200000,0.300000>
	matrix <-0.206347, 0.753902, 0.623741,
		-0.931477, -0.346546, 0.110709,
		0.299619, -0.558155, 0.773751,
		26.887932, 33.362591, 34.967823>
	pigment { color rgbt <0,1,1,0> }
	no_shadow
}
cylinder {
	<26.182369, 33.732643, 34.951115>,  <26.678198, 33.753300, 34.426197>, 0.130000
	pigment { color rgbt <1,0,0,0> }
	no_shadow
}

// nucleotide -1

// particle -1
sphere {
	<26.182369, 33.732643, 34.951115> 0.250000
	pigment { color rgbt <1,0,0,0> }
	no_shadow
}
cylinder {
	<26.568077, 33.732822, 35.057083>,  <26.799501, 33.732929, 35.120663>, 0.100000
	pigment { color rgbt <1,0,0,0> }
	no_shadow
}
cylinder {
	<26.568077, 33.732822, 35.057083>,  <26.182369, 33.732643, 34.951115>, 0.100000
	pigment { color rgbt <1,0,0,0> }
	no_shadow
}

// particle -1
sphere {
	<26.568077, 33.732822, 35.057083> 0.100000
	pigment { color rgbt <1,0,0,0> }
	no_shadow
}
sphere {
	0, 1
	scale<0.080000,0.200000,0.300000>
	matrix <-0.081995, 0.951395, 0.296857,
		-0.251912, -0.307972, 0.917439,
		0.964270, 0.000444, 0.264920,
		26.857359, 33.732956, 35.136559>
	pigment { color rgbt <0,1,1,0> }
	no_shadow
}
cylinder {
	<26.235441, 33.853802, 35.689423>,  <26.182369, 33.732643, 34.951115>, 0.130000
	pigment { color rgbt <1,0,0,0> }
	no_shadow
}

// nucleotide -1

// particle -1
sphere {
	<26.235441, 33.853802, 35.689423> 0.250000
	pigment { color rgbt <1,0,0,0> }
	no_shadow
}
cylinder {
	<26.577677, 33.957794, 35.510368>,  <26.783018, 34.020191, 35.402935>, 0.100000
	pigment { color rgbt <1,0,0,0> }
	no_shadow
}
cylinder {
	<26.577677, 33.957794, 35.510368>,  <26.235441, 33.853802, 35.689423>, 0.100000
	pigment { color rgbt <1,0,0,0> }
	no_shadow
}

// particle -1
sphere {
	<26.577677, 33.957794, 35.510368> 0.100000
	pigment { color rgbt <1,0,0,0> }
	no_shadow
}
sphere {
	0, 1
	scale<0.080000,0.200000,0.300000>
	matrix <0.111794, 0.751529, 0.650159,
		0.505444, -0.606311, 0.613933,
		0.855587, 0.259986, -0.447637,
		26.834352, 34.035789, 35.376076>
	pigment { color rgbt <0,1,1,0> }
	no_shadow
}
cylinder {
	<26.651119, 34.027912, 36.265411>,  <26.235441, 33.853802, 35.689423>, 0.130000
	pigment { color rgbt <1,0,0,0> }
	no_shadow
}

// nucleotide -1

// particle -1
sphere {
	<26.651119, 34.027912, 36.265411> 0.250000
	pigment { color rgbt <1,0,0,0> }
	no_shadow
}
cylinder {
	<26.790436, 34.215725, 35.940887>,  <26.874025, 34.328415, 35.746174>, 0.100000
	pigment { color rgbt <1,0,0,0> }
	no_shadow
}
cylinder {
	<26.790436, 34.215725, 35.940887>,  <26.651119, 34.027912, 36.265411>, 0.100000
	pigment { color rgbt <1,0,0,0> }
	no_shadow
}

// particle -1
sphere {
	<26.790436, 34.215725, 35.940887> 0.100000
	pigment { color rgbt <1,0,0,0> }
	no_shadow
}
sphere {
	0, 1
	scale<0.080000,0.200000,0.300000>
	matrix <0.065210, 0.851272, 0.520657,
		0.935115, -0.234246, 0.265873,
		0.348292, 0.469536, -0.811312,
		26.894924, 34.356586, 35.697495>
	pigment { color rgbt <0,1,1,0> }
	no_shadow
}
cylinder {
	<27.308529, 34.401028, 36.459038>,  <26.651119, 34.027912, 36.265411>, 0.130000
	pigment { color rgbt <1,0,0,0> }
	no_shadow
}

// nucleotide -1

// particle -1
sphere {
	<27.308529, 34.401028, 36.459038> 0.250000
	pigment { color rgbt <1,0,0,0> }
	no_shadow
}
cylinder {
	<27.166273, 34.578251, 36.129864>,  <27.080919, 34.684586, 35.932358>, 0.100000
	pigment { color rgbt <1,0,0,0> }
	no_shadow
}
cylinder {
	<27.166273, 34.578251, 36.129864>,  <27.308529, 34.401028, 36.459038>, 0.100000
	pigment { color rgbt <1,0,0,0> }
	no_shadow
}

// particle -1
sphere {
	<27.166273, 34.578251, 36.129864> 0.100000
	pigment { color rgbt <1,0,0,0> }
	no_shadow
}
sphere {
	0, 1
	scale<0.080000,0.200000,0.300000>
	matrix <0.292300, 0.889057, 0.352334,
		0.887740, -0.115241, -0.445688,
		-0.355639, 0.443055, -0.822936,
		27.059582, 34.711166, 35.882984>
	pigment { color rgbt <0,1,1,0> }
	no_shadow
}
cylinder {
	<27.833488, 34.862850, 36.282013>,  <27.308529, 34.401028, 36.459038>, 0.130000
	pigment { color rgbt <1,0,0,0> }
	no_shadow
}

// nucleotide -1

// particle -1
sphere {
	<27.833488, 34.862850, 36.282013> 0.250000
	pigment { color rgbt <1,0,0,0> }
	no_shadow
}
cylinder {
	<27.513884, 34.989613, 36.077602>,  <27.322121, 35.065670, 35.954956>, 0.100000
	pigment { color rgbt <1,0,0,0> }
	no_shadow
}
cylinder {
	<27.513884, 34.989613, 36.077602>,  <27.833488, 34.862850, 36.282013>, 0.100000
	pigment { color rgbt <1,0,0,0> }
	no_shadow
}

// particle -1
sphere {
	<27.513884, 34.989613, 36.077602> 0.100000
	pigment { color rgbt <1,0,0,0> }
	no_shadow
}
sphere {
	0, 1
	scale<0.080000,0.200000,0.300000>
	matrix <0.038477, 0.875057, 0.482488,
		0.600081, 0.365851, -0.711375,
		-0.799013, 0.316904, -0.511029,
		27.274179, 35.084682, 35.924294>
	pigment { color rgbt <0,1,1,0> }
	no_shadow
}
cylinder {
	<27.937851, 35.321110, 35.809784>,  <27.833488, 34.862850, 36.282013>, 0.130000
	pigment { color rgbt <1,0,0,0> }
	no_shadow
}

// nucleotide -1

// particle -1
sphere {
	<27.937851, 35.321110, 35.809784> 0.250000
	pigment { color rgbt <1,0,0,0> }
	no_shadow
}
cylinder {
	<27.589933, 35.359745, 36.003330>,  <27.381184, 35.382927, 36.119457>, 0.100000
	pigment { color rgbt <1,0,0,0> }
	no_shadow
}
cylinder {
	<27.589933, 35.359745, 36.003330>,  <27.937851, 35.321110, 35.809784>, 0.100000
	pigment { color rgbt <1,0,0,0> }
	no_shadow
}

// particle -1
sphere {
	<27.589933, 35.359745, 36.003330> 0.100000
	pigment { color rgbt <1,0,0,0> }
	no_shadow
}
sphere {
	0, 1
	scale<0.080000,0.200000,0.300000>
	matrix <0.351612, 0.809324, 0.470493,
		-0.346160, 0.579366, -0.737908,
		-0.869794, 0.096592, 0.483868,
		27.328995, 35.388721, 36.148491>
	pigment { color rgbt <0,1,1,0> }
	no_shadow
}
cylinder {
	<27.719223, 35.960960, 35.682003>,  <27.937851, 35.321110, 35.809784>, 0.130000
	pigment { color rgbt <1,0,0,0> }
	no_shadow
}

// nucleotide -1

// particle -1
sphere {
	<27.719223, 35.960960, 35.682003> 0.250000
	pigment { color rgbt <1,0,0,0> }
	no_shadow
}
cylinder {
	<27.661537, 35.760918, 36.023552>,  <27.626926, 35.640892, 36.228481>, 0.100000
	pigment { color rgbt <1,0,0,0> }
	no_shadow
}
cylinder {
	<27.661537, 35.760918, 36.023552>,  <27.719223, 35.960960, 35.682003>, 0.100000
	pigment { color rgbt <1,0,0,0> }
	no_shadow
}

// particle -1
sphere {
	<27.661537, 35.760918, 36.023552> 0.100000
	pigment { color rgbt <1,0,0,0> }
	no_shadow
}
sphere {
	0, 1
	scale<0.080000,0.200000,0.300000>
	matrix <0.223465, 0.824140, 0.520439,
		-0.963984, 0.265864, -0.007094,
		-0.144213, -0.500110, 0.853870,
		27.618273, 35.610886, 36.279713>
	pigment { color rgbt <0,1,1,0> }
	no_shadow
}
cylinder {
	<27.381126, 36.479568, 36.092155>,  <27.719223, 35.960960, 35.682003>, 0.130000
	pigment { color rgbt <1,0,0,0> }
	no_shadow
}

// nucleotide -1

// particle -1
sphere {
	<27.381126, 36.479568, 36.092155> 0.250000
	pigment { color rgbt <1,0,0,0> }
	no_shadow
}
cylinder {
	<27.608425, 36.255539, 36.333290>,  <27.744804, 36.121120, 36.477970>, 0.100000
	pigment { color rgbt <1,0,0,0> }
	no_shadow
}
cylinder {
	<27.608425, 36.255539, 36.333290>,  <27.381126, 36.479568, 36.092155>, 0.100000
	pigment { color rgbt <1,0,0,0> }
	no_shadow
}

// particle -1
sphere {
	<27.608425, 36.255539, 36.333290> 0.100000
	pigment { color rgbt <1,0,0,0> }
	no_shadow
}
sphere {
	0, 1
	scale<0.080000,0.200000,0.300000>
	matrix <0.415793, 0.827644, 0.376990,
		-0.710077, 0.036432, 0.703181,
		0.568249, -0.560070, 0.602839,
		27.778900, 36.087517, 36.514141>
	pigment { color rgbt <0,1,1,0> }
	no_shadow
}
cylinder {
	<27.265766, 36.792969, 36.775951>,  <27.381126, 36.479568, 36.092155>, 0.130000
	pigment { color rgbt <1,0,0,0> }
	no_shadow
}

// nucleotide -1

// particle -1
sphere {
	<27.265766, 36.792969, 36.775951> 0.250000
	pigment { color rgbt <1,0,0,0> }
	no_shadow
}
cylinder {
	<27.615891, 36.606140, 36.725880>,  <27.825966, 36.494041, 36.695839>, 0.100000
	pigment { color rgbt <1,0,0,0> }
	no_shadow
}
cylinder {
	<27.615891, 36.606140, 36.725880>,  <27.265766, 36.792969, 36.775951>, 0.100000
	pigment { color rgbt <1,0,0,0> }
	no_shadow
}

// particle -1
sphere {
	<27.615891, 36.606140, 36.725880> 0.100000
	pigment { color rgbt <1,0,0,0> }
	no_shadow
}
sphere {
	0, 1
	scale<0.080000,0.200000,0.300000>
	matrix <0.480468, 0.810849, 0.334176,
		-0.054586, -0.352652, 0.934161,
		0.875312, -0.467076, -0.125177,
		27.878485, 36.466019, 36.688328>
	pigment { color rgbt <0,1,1,0> }
	no_shadow
}
cylinder {
	<27.573763, 36.816654, 37.312496>,  <27.265766, 36.792969, 36.775951>, 0.130000
	pigment { color rgbt <1,0,0,0> }
	no_shadow
}

// nucleotide -1

// particle -1
sphere {
	<27.573763, 36.816654, 37.312496> 0.250000
	pigment { color rgbt <1,0,0,0> }
	no_shadow
}
cylinder {
	<27.850863, 36.778393, 37.026573>,  <28.017122, 36.755436, 36.855019>, 0.100000
	pigment { color rgbt <1,0,0,0> }
	no_shadow
}
cylinder {
	<27.850863, 36.778393, 37.026573>,  <27.573763, 36.816654, 37.312496>, 0.100000
	pigment { color rgbt <1,0,0,0> }
	no_shadow
}

// particle -1
sphere {
	<27.850863, 36.778393, 37.026573> 0.100000
	pigment { color rgbt <1,0,0,0> }
	no_shadow
}
sphere {
	0, 1
	scale<0.080000,0.200000,0.300000>
	matrix <0.439567, 0.841776, 0.313358,
		0.571732, -0.531284, 0.625188,
		0.692750, -0.095655, -0.714806,
		28.058687, 36.749695, 36.812130>
	pigment { color rgbt <0,1,1,0> }
	no_shadow
}
cylinder {
	<28.238489, 37.190838, 37.518311>,  <27.573763, 36.816654, 37.312496>, 0.130000
	pigment { color rgbt <1,0,0,0> }
	no_shadow
}

// nucleotide -1

// particle -1
sphere {
	<28.238489, 37.190838, 37.518311> 0.250000
	pigment { color rgbt <1,0,0,0> }
	no_shadow
}
cylinder {
	<28.282486, 37.304573, 37.137352>,  <28.308884, 37.372814, 36.908779>, 0.100000
	pigment { color rgbt <1,0,0,0> }
	no_shadow
}
cylinder {
	<28.282486, 37.304573, 37.137352>,  <28.238489, 37.190838, 37.518311>, 0.100000
	pigment { color rgbt <1,0,0,0> }
	no_shadow
}

// particle -1
sphere {
	<28.282486, 37.304573, 37.137352> 0.100000
	pigment { color rgbt <1,0,0,0> }
	no_shadow
}
sphere {
	0, 1
	scale<0.080000,0.200000,0.300000>
	matrix <0.481804, 0.822848, 0.301307,
		0.869348, -0.492009, -0.046486,
		0.109994, 0.284338, -0.952393,
		28.315485, 37.389874, 36.851635>
	pigment { color rgbt <0,1,1,0> }
	no_shadow
}
cylinder {
	<28.933928, 37.430508, 37.326916>,  <28.238489, 37.190838, 37.518311>, 0.130000
	pigment { color rgbt <1,0,0,0> }
	no_shadow
}

// nucleotide -1

// particle -1
sphere {
	<28.933928, 37.430508, 37.326916> 0.250000
	pigment { color rgbt <1,0,0,0> }
	no_shadow
}
cylinder {
	<28.678137, 37.615345, 37.081139>,  <28.524662, 37.726246, 36.933674>, 0.100000
	pigment { color rgbt <1,0,0,0> }
	no_shadow
}
cylinder {
	<28.678137, 37.615345, 37.081139>,  <28.933928, 37.430508, 37.326916>, 0.100000
	pigment { color rgbt <1,0,0,0> }
	no_shadow
}

// particle -1
sphere {
	<28.678137, 37.615345, 37.081139> 0.100000
	pigment { color rgbt <1,0,0,0> }
	no_shadow
}
sphere {
	0, 1
	scale<0.080000,0.200000,0.300000>
	matrix <0.453432, 0.872101, 0.183955,
		0.620861, -0.160974, -0.767215,
		-0.639477, 0.462091, -0.614444,
		28.486294, 37.753971, 36.896805>
	pigment { color rgbt <0,1,1,0> }
	no_shadow
}
cylinder {
	<29.643215, 36.968090, 37.245132>,  <28.933928, 37.430508, 37.326916>, 0.130000
	pigment { color rgbt <1,0,0,0> }
	no_shadow
}

// nucleotide -1

// particle -1
sphere {
	<29.643215, 36.968090, 37.245132> 0.250000
	pigment { color rgbt <1,0,0,0> }
	no_shadow
}
cylinder {
	<29.706964, 37.020855, 36.853786>,  <29.745214, 37.052513, 36.618980>, 0.100000
	pigment { color rgbt <1,0,0,0> }
	no_shadow
}
cylinder {
	<29.706964, 37.020855, 36.853786>,  <29.643215, 36.968090, 37.245132>, 0.100000
	pigment { color rgbt <1,0,0,0> }
	no_shadow
}

// particle -1
sphere {
	<29.706964, 37.020855, 36.853786> 0.100000
	pigment { color rgbt <1,0,0,0> }
	no_shadow
}
sphere {
	0, 1
	scale<0.080000,0.200000,0.300000>
	matrix <0.828625, 0.520837, 0.205204,
		0.536638, -0.843403, -0.026297,
		0.159374, 0.131911, -0.978366,
		29.754776, 37.060429, 36.560276>
	pigment { color rgbt <0,1,1,0> }
	no_shadow
}
cylinder {
	<30.213306, 36.662743, 37.112698>,  <29.643215, 36.968090, 37.245132>, 0.130000
	pigment { color rgbt <1,0,0,0> }
	no_shadow
}

// nucleotide -1

// particle -1
sphere {
	<30.213306, 36.662743, 37.112698> 0.250000
	pigment { color rgbt <1,0,0,0> }
	no_shadow
}
cylinder {
	<30.134512, 36.971180, 36.870502>,  <30.087234, 37.156242, 36.725185>, 0.100000
	pigment { color rgbt <1,0,0,0> }
	no_shadow
}
cylinder {
	<30.134512, 36.971180, 36.870502>,  <30.213306, 36.662743, 37.112698>, 0.100000
	pigment { color rgbt <1,0,0,0> }
	no_shadow
}

// particle -1
sphere {
	<30.134512, 36.971180, 36.870502> 0.100000
	pigment { color rgbt <1,0,0,0> }
	no_shadow
}
sphere {
	0, 1
	scale<0.080000,0.200000,0.300000>
	matrix <0.885728, 0.404752, 0.227292,
		0.420335, -0.491524, -0.762707,
		-0.196988, 0.771090, -0.605488,
		30.075417, 37.202507, 36.688854>
	pigment { color rgbt <0,1,1,0> }
	no_shadow
}
cylinder {
	<30.801914, 36.756618, 36.726963>,  <30.213306, 36.662743, 37.112698>, 0.130000
	pigment { color rgbt <1,0,0,0> }
	no_shadow
}

// nucleotide -1

// particle -1
sphere {
	<30.801914, 36.756618, 36.726963> 0.250000
	pigment { color rgbt <1,0,0,0> }
	no_shadow
}
cylinder {
	<30.621988, 37.108261, 36.790009>,  <30.514032, 37.319244, 36.827835>, 0.100000
	pigment { color rgbt <1,0,0,0> }
	no_shadow
}
cylinder {
	<30.621988, 37.108261, 36.790009>,  <30.801914, 36.756618, 36.726963>, 0.100000
	pigment { color rgbt <1,0,0,0> }
	no_shadow
}

// particle -1
sphere {
	<30.621988, 37.108261, 36.790009> 0.100000
	pigment { color rgbt <1,0,0,0> }
	no_shadow
}
sphere {
	0, 1
	scale<0.080000,0.200000,0.300000>
	matrix <0.869501, 0.390729, 0.302159,
		0.204045, 0.272961, -0.940137,
		-0.449816, 0.879104, 0.157614,
		30.487043, 37.371994, 36.837292>
	pigment { color rgbt <0,1,1,0> }
	no_shadow
}
cylinder {
	<31.177732, 37.325008, 36.390312>,  <30.801914, 36.756618, 36.726963>, 0.130000
	pigment { color rgbt <1,0,0,0> }
	no_shadow
}

// nucleotide -1

// particle -1
sphere {
	<31.177732, 37.325008, 36.390312> 0.250000
	pigment { color rgbt <1,0,0,0> }
	no_shadow
}
cylinder {
	<30.973942, 37.514622, 36.677567>,  <30.851667, 37.628391, 36.849918>, 0.100000
	pigment { color rgbt <1,0,0,0> }
	no_shadow
}
cylinder {
	<30.973942, 37.514622, 36.677567>,  <31.177732, 37.325008, 36.390312>, 0.100000
	pigment { color rgbt <1,0,0,0> }
	no_shadow
}

// particle -1
sphere {
	<30.973942, 37.514622, 36.677567> 0.100000
	pigment { color rgbt <1,0,0,0> }
	no_shadow
}
sphere {
	0, 1
	scale<0.080000,0.200000,0.300000>
	matrix <0.814421, 0.535042, 0.224607,
		-0.277763, 0.699300, -0.658656,
		-0.509476, 0.474036, 0.718139,
		30.821098, 37.656834, 36.893009>
	pigment { color rgbt <0,1,1,0> }
	no_shadow
}
cylinder {
	<31.111296, 38.104137, 36.286583>,  <31.177732, 37.325008, 36.390312>, 0.130000
	pigment { color rgbt <1,0,0,0> }
	no_shadow
}

// nucleotide -1

// particle -1
sphere {
	<31.111296, 38.104137, 36.286583> 0.250000
	pigment { color rgbt <1,0,0,0> }
	no_shadow
}
cylinder {
	<31.111269, 37.979568, 36.666691>,  <31.111254, 37.904827, 36.894756>, 0.100000
	pigment { color rgbt <1,0,0,0> }
	no_shadow
}
cylinder {
	<31.111269, 37.979568, 36.666691>,  <31.111296, 38.104137, 36.286583>, 0.100000
	pigment { color rgbt <1,0,0,0> }
	no_shadow
}

// particle -1
sphere {
	<31.111269, 37.979568, 36.666691> 0.100000
	pigment { color rgbt <1,0,0,0> }
	no_shadow
}
sphere {
	0, 1
	scale<0.080000,0.200000,0.300000>
	matrix <0.928879, 0.351946, 0.115402,
		-0.370383, 0.882695, 0.289250,
		-0.000065, -0.311421, 0.950272,
		31.111250, 37.886143, 36.951771>
	pigment { color rgbt <0,1,1,0> }
	no_shadow
}
cylinder {
	<31.422382, 38.655937, 36.723282>,  <31.111296, 38.104137, 36.286583>, 0.130000
	pigment { color rgbt <1,0,0,0> }
	no_shadow
}

// nucleotide -1

// particle -1
sphere {
	<31.422382, 38.655937, 36.723282> 0.250000
	pigment { color rgbt <1,0,0,0> }
	no_shadow
}
cylinder {
	<31.467838, 38.338284, 36.962093>,  <31.495111, 38.147690, 37.105381>, 0.100000
	pigment { color rgbt <1,0,0,0> }
	no_shadow
}
cylinder {
	<31.467838, 38.338284, 36.962093>,  <31.422382, 38.655937, 36.723282>, 0.100000
	pigment { color rgbt <1,0,0,0> }
	no_shadow
}

// particle -1
sphere {
	<31.467838, 38.338284, 36.962093> 0.100000
	pigment { color rgbt <1,0,0,0> }
	no_shadow
}
sphere {
	0, 1
	scale<0.080000,0.200000,0.300000>
	matrix <0.869879, 0.369847, 0.326379,
		-0.479996, 0.482250, 0.732829,
		0.113639, -0.794134, 0.597024,
		31.501930, 38.100044, 37.141201>
	pigment { color rgbt <0,1,1,0> }
	no_shadow
}
cylinder {
	<31.715977, 38.843822, 37.330257>,  <31.422382, 38.655937, 36.723282>, 0.130000
	pigment { color rgbt <1,0,0,0> }
	no_shadow
}

// nucleotide -1

// particle -1
sphere {
	<31.715977, 38.843822, 37.330257> 0.250000
	pigment { color rgbt <1,0,0,0> }
	no_shadow
}
cylinder {
	<31.827065, 38.461926, 37.287663>,  <31.893717, 38.232788, 37.262108>, 0.100000
	pigment { color rgbt <1,0,0,0> }
	no_shadow
}
cylinder {
	<31.827065, 38.461926, 37.287663>,  <31.715977, 38.843822, 37.330257>, 0.100000
	pigment { color rgbt <1,0,0,0> }
	no_shadow
}

// particle -1
sphere {
	<31.827065, 38.461926, 37.287663> 0.100000
	pigment { color rgbt <1,0,0,0> }
	no_shadow
}
sphere {
	0, 1
	scale<0.080000,0.200000,0.300000>
	matrix <0.949342, 0.255792, 0.182538,
		-0.147039, -0.151784, 0.977415,
		0.277721, -0.954742, -0.106484,
		31.910381, 38.175503, 37.255718>
	pigment { color rgbt <0,1,1,0> }
	no_shadow
}
cylinder {
	<32.391785, 38.750507, 37.739746>,  <31.715977, 38.843822, 37.330257>, 0.130000
	pigment { color rgbt <1,0,0,0> }
	no_shadow
}

// nucleotide -1

// particle -1
sphere {
	<32.391785, 38.750507, 37.739746> 0.250000
	pigment { color rgbt <1,0,0,0> }
	no_shadow
}
cylinder {
	<32.388519, 38.448643, 37.477322>,  <32.386559, 38.267525, 37.319866>, 0.100000
	pigment { color rgbt <1,0,0,0> }
	no_shadow
}
cylinder {
	<32.388519, 38.448643, 37.477322>,  <32.391785, 38.750507, 37.739746>, 0.100000
	pigment { color rgbt <1,0,0,0> }
	no_shadow
}

// particle -1
sphere {
	<32.388519, 38.448643, 37.477322> 0.100000
	pigment { color rgbt <1,0,0,0> }
	no_shadow
}
sphere {
	0, 1
	scale<0.080000,0.200000,0.300000>
	matrix <0.999037, 0.022132, -0.037894,
		0.043117, -0.655743, 0.753752,
		-0.008167, -0.754660, -0.656066,
		32.386070, 38.222244, 37.280502>
	pigment { color rgbt <0,1,1,0> }
	no_shadow
}
cylinder {
	<33.020596, 38.279099, 37.986401>,  <32.391785, 38.750507, 37.739746>, 0.130000
	pigment { color rgbt <1,0,0,0> }
	no_shadow
}

// nucleotide -1

// particle -1
sphere {
	<33.020596, 38.279099, 37.986401> 0.250000
	pigment { color rgbt <1,0,0,0> }
	no_shadow
}
cylinder {
	<33.350166, 38.118404, 37.826523>,  <33.547909, 38.021988, 37.730598>, 0.100000
	pigment { color rgbt <1,0,0,0> }
	no_shadow
}
cylinder {
	<33.350166, 38.118404, 37.826523>,  <33.020596, 38.279099, 37.986401>, 0.100000
	pigment { color rgbt <1,0,0,0> }
	no_shadow
}

// particle -1
sphere {
	<33.350166, 38.118404, 37.826523> 0.100000
	pigment { color rgbt <1,0,0,0> }
	no_shadow
}
sphere {
	0, 1
	scale<0.080000,0.200000,0.300000>
	matrix <-0.551342, -0.405192, -0.729275,
		0.131025, 0.821235, -0.555342,
		0.823926, -0.401737, -0.399691,
		33.597343, 37.997883, 37.706615>
	pigment { color rgbt <0,1,1,0> }
	no_shadow
}
cylinder {
	<32.980152, 38.449467, 37.295498>,  <33.020596, 38.279099, 37.986401>, 0.130000
	pigment { color rgbt <1,0,0,0> }
	no_shadow
}

// nucleotide -1

// particle -1
sphere {
	<32.980152, 38.449467, 37.295498> 0.250000
	pigment { color rgbt <1,0,0,0> }
	no_shadow
}
cylinder {
	<33.161743, 38.098061, 37.354980>,  <33.270699, 37.887215, 37.390671>, 0.100000
	pigment { color rgbt <1,0,0,0> }
	no_shadow
}
cylinder {
	<33.161743, 38.098061, 37.354980>,  <32.980152, 38.449467, 37.295498>, 0.100000
	pigment { color rgbt <1,0,0,0> }
	no_shadow
}

// particle -1
sphere {
	<33.161743, 38.098061, 37.354980> 0.100000
	pigment { color rgbt <1,0,0,0> }
	no_shadow
}
sphere {
	0, 1
	scale<0.080000,0.200000,0.300000>
	matrix <-0.656621, -0.442673, -0.610646,
		0.602291, 0.179575, -0.777816,
		0.453975, -0.878518, 0.148705,
		33.297935, 37.834507, 37.399593>
	pigment { color rgbt <0,1,1,0> }
	no_shadow
}
cylinder {
	<32.987938, 37.926525, 36.672630>,  <32.980152, 38.449467, 37.295498>, 0.130000
	pigment { color rgbt <1,0,0,0> }
	no_shadow
}

// nucleotide -1

// particle -1
sphere {
	<32.987938, 37.926525, 36.672630> 0.250000
	pigment { color rgbt <1,0,0,0> }
	no_shadow
}
cylinder {
	<32.893169, 37.820656, 37.046543>,  <32.836308, 37.757133, 37.270889>, 0.100000
	pigment { color rgbt <1,0,0,0> }
	no_shadow
}
cylinder {
	<32.893169, 37.820656, 37.046543>,  <32.987938, 37.926525, 36.672630>, 0.100000
	pigment { color rgbt <1,0,0,0> }
	no_shadow
}

// particle -1
sphere {
	<32.893169, 37.820656, 37.046543> 0.100000
	pigment { color rgbt <1,0,0,0> }
	no_shadow
}
sphere {
	0, 1
	scale<0.080000,0.200000,0.300000>
	matrix <-0.932937, -0.206509, -0.294927,
		0.271100, -0.941967, -0.197995,
		-0.236923, -0.264672, 0.934781,
		32.822094, 37.741253, 37.326977>
	pigment { color rgbt <0,1,1,0> }
	no_shadow
}
cylinder {
	<32.586948, 37.200005, 36.736935>,  <32.987938, 37.926525, 36.672630>, 0.130000
	pigment { color rgbt <1,0,0,0> }
	no_shadow
}

// nucleotide -1

// particle -1
sphere {
	<32.586948, 37.200005, 36.736935> 0.250000
	pigment { color rgbt <1,0,0,0> }
	no_shadow
}
cylinder {
	<32.511200, 37.445850, 37.043240>,  <32.465752, 37.593357, 37.227020>, 0.100000
	pigment { color rgbt <1,0,0,0> }
	no_shadow
}
cylinder {
	<32.511200, 37.445850, 37.043240>,  <32.586948, 37.200005, 36.736935>, 0.100000
	pigment { color rgbt <1,0,0,0> }
	no_shadow
}

// particle -1
sphere {
	<32.511200, 37.445850, 37.043240> 0.100000
	pigment { color rgbt <1,0,0,0> }
	no_shadow
}
sphere {
	0, 1
	scale<0.080000,0.200000,0.300000>
	matrix <-0.956960, -0.290196, -0.003736,
		0.219924, -0.733510, 0.643115,
		-0.189370, 0.614613, 0.765761,
		32.454388, 37.630234, 37.272968>
	pigment { color rgbt <0,1,1,0> }
	no_shadow
}
cylinder {
	<32.085739, 36.876511, 37.118969>,  <32.586948, 37.200005, 36.736935>, 0.130000
	pigment { color rgbt <1,0,0,0> }
	no_shadow
}

// nucleotide -1

// particle -1
sphere {
	<32.085739, 36.876511, 37.118969> 0.250000
	pigment { color rgbt <1,0,0,0> }
	no_shadow
}
cylinder {
	<32.043518, 37.264336, 37.207344>,  <32.018185, 37.497028, 37.260368>, 0.100000
	pigment { color rgbt <1,0,0,0> }
	no_shadow
}
cylinder {
	<32.043518, 37.264336, 37.207344>,  <32.085739, 36.876511, 37.118969>, 0.100000
	pigment { color rgbt <1,0,0,0> }
	no_shadow
}

// particle -1
sphere {
	<32.043518, 37.264336, 37.207344> 0.100000
	pigment { color rgbt <1,0,0,0> }
	no_shadow
}
sphere {
	0, 1
	scale<0.080000,0.200000,0.300000>
	matrix <-0.993249, -0.113542, 0.023739,
		0.048103, -0.216943, 0.974998,
		-0.105554, 0.969558, 0.220941,
		32.011852, 37.555202, 37.273624>
	pigment { color rgbt <0,1,1,0> }
	no_shadow
}
cylinder {
	<31.662292, 36.959801, 37.695126>,  <32.085739, 36.876511, 37.118969>, 0.130000
	pigment { color rgbt <1,0,0,0> }
	no_shadow
}

// nucleotide -1

// particle -1
sphere {
	<31.662292, 36.959801, 37.695126> 0.250000
	pigment { color rgbt <1,0,0,0> }
	no_shadow
}
cylinder {
	<31.609489, 37.324123, 37.538662>,  <31.577808, 37.542717, 37.444782>, 0.100000
	pigment { color rgbt <1,0,0,0> }
	no_shadow
}
cylinder {
	<31.609489, 37.324123, 37.538662>,  <31.662292, 36.959801, 37.695126>, 0.100000
	pigment { color rgbt <1,0,0,0> }
	no_shadow
}

// particle -1
sphere {
	<31.609489, 37.324123, 37.538662> 0.100000
	pigment { color rgbt <1,0,0,0> }
	no_shadow
}
sphere {
	0, 1
	scale<0.080000,0.200000,0.300000>
	matrix <-0.991229, -0.118790, 0.057918,
		0.006286, 0.395376, 0.918498,
		-0.132008, 0.910805, -0.391162,
		31.569887, 37.597366, 37.421314>
	pigment { color rgbt <0,1,1,0> }
	no_shadow
}
cylinder {
	<31.120125, 37.247536, 38.088203>,  <31.662292, 36.959801, 37.695126>, 0.130000
	pigment { color rgbt <1,0,0,0> }
	no_shadow
}

// nucleotide -1

// particle -1
sphere {
	<31.120125, 37.247536, 38.088203> 0.250000
	pigment { color rgbt <1,0,0,0> }
	no_shadow
}
cylinder {
	<31.121098, 37.474312, 37.758701>,  <31.121681, 37.610378, 37.561001>, 0.100000
	pigment { color rgbt <1,0,0,0> }
	no_shadow
}
cylinder {
	<31.121098, 37.474312, 37.758701>,  <31.120125, 37.247536, 38.088203>, 0.100000
	pigment { color rgbt <1,0,0,0> }
	no_shadow
}

// particle -1
sphere {
	<31.121098, 37.474312, 37.758701> 0.100000
	pigment { color rgbt <1,0,0,0> }
	no_shadow
}
sphere {
	0, 1
	scale<0.080000,0.200000,0.300000>
	matrix <-0.986352, -0.134260, -0.095315,
		-0.164636, 0.812741, 0.558880,
		0.002431, 0.566945, -0.823752,
		31.121826, 37.644394, 37.511574>
	pigment { color rgbt <0,1,1,0> }
	no_shadow
}
cylinder {
	<30.753147, 37.892731, 38.191418>,  <31.120125, 37.247536, 38.088203>, 0.130000
	pigment { color rgbt <1,0,0,0> }
	no_shadow
}

// nucleotide -1

// particle -1
sphere {
	<30.753147, 37.892731, 38.191418> 0.250000
	pigment { color rgbt <1,0,0,0> }
	no_shadow
}
cylinder {
	<30.755379, 37.747402, 37.818760>,  <30.756718, 37.660206, 37.595165>, 0.100000
	pigment { color rgbt <1,0,0,0> }
	no_shadow
}
cylinder {
	<30.755379, 37.747402, 37.818760>,  <30.753147, 37.892731, 38.191418>, 0.100000
	pigment { color rgbt <1,0,0,0> }
	no_shadow
}

// particle -1
sphere {
	<30.755379, 37.747402, 37.818760> 0.100000
	pigment { color rgbt <1,0,0,0> }
	no_shadow
}
sphere {
	0, 1
	scale<0.080000,0.200000,0.300000>
	matrix <-0.993804, -0.105442, 0.035170,
