// switches for output
#declare DRAW_BASES = 1; // possible values are 0, 1; only relevant for DNA ribbons
#declare DRAW_BASES_TYPE = 3; // possible values are 1, 2, 3; only relevant for DNA ribbons
#declare DRAW_FOG = 0; // set to 1 to enable fog

#include "colors.inc"

#include "transforms.inc"
background { rgb <1, 1, 1>}

#default {
   normal{
       ripples 0.25
       frequency 0.20
       turbulence 0.2
       lambda 5
   }
	finish {
		phong 0.1
		phong_size 40.
	}
}

// original window dimensions: 1024x640


// camera settings

camera {
	sky <0, 0.179814, -0.983701>
	up <0, 0.179814, -0.983701>
	right 1.6 * <1, 0, 0>
	location <35, 94.9851, 44.8844>
	look_at <35, 29.7336, 32.9568>
	direction <0, -65.2515, -11.9276>
	angle 67.0682
}


# declare cpy_camera_pos = <35, 94.9851, 44.8844>;
# if (DRAW_FOG = 1)
fog {
	fog_type 2
	up vnormalize(cpy_camera_pos)
	color rgbt<1,1,1,0.3>
	distance 1e-5
	fog_alt 3e-3
	fog_offset 56
}
# end


// LIGHTS

# declare lum = 6;
global_settings {
	ambient_light rgb lum * <0.05, 0.05, 0.05>
	max_trace_level 15
}# declare cpy_direct_light_amount = 0.25;
light_source
{	1000 * <-1, -1.16352, -0.803886>,
	rgb lum * cpy_direct_light_amount
	parallel
}

light_source
{	1000 * <1, 1.16352, 0.803886>,
	rgb lum * cpy_direct_light_amount
	parallel
}

// strand 0

// nucleotide -1

// particle -1
sphere {
	<24.796255, 35.355415, 34.842800> 0.250000
	pigment { color rgbt <1,0,0,0> }
	no_shadow
}
cylinder {
	<24.452236, 35.193165, 34.966599>,  <24.245825, 35.095814, 35.040878>, 0.100000
	pigment { color rgbt <1,0,0,0> }
	no_shadow
}
cylinder {
	<24.452236, 35.193165, 34.966599>,  <24.796255, 35.355415, 34.842800>, 0.100000
	pigment { color rgbt <1,0,0,0> }
	no_shadow
}

// particle -1
sphere {
	<24.452236, 35.193165, 34.966599> 0.100000
	pigment { color rgbt <1,0,0,0> }
	no_shadow
}
sphere {
	0, 1
	scale<0.080000,0.200000,0.300000>
	matrix <0.510173, -0.676307, 0.531349,
		-0.006217, 0.614880, 0.788596,
		-0.860049, -0.405624, 0.309491,
		24.194221, 35.071476, 35.059444>
	pigment { color rgbt <0,1,1,0> }
	no_shadow
}
cylinder {
	<24.762674, 35.314835, 35.567112>,  <24.796255, 35.355415, 34.842800>, 0.130000
	pigment { color rgbt <1,0,0,0> }
	no_shadow
}

// nucleotide -1

// particle -1
sphere {
	<24.762674, 35.314835, 35.567112> 0.250000
	pigment { color rgbt <1,0,0,0> }
	no_shadow
}
cylinder {
	<24.573233, 35.005173, 35.399120>,  <24.459568, 34.819374, 35.298325>, 0.100000
	pigment { color rgbt <1,0,0,0> }
	no_shadow
}
cylinder {
	<24.573233, 35.005173, 35.399120>,  <24.762674, 35.314835, 35.567112>, 0.100000
	pigment { color rgbt <1,0,0,0> }
	no_shadow
}

// particle -1
sphere {
	<24.573233, 35.005173, 35.399120> 0.100000
	pigment { color rgbt <1,0,0,0> }
	no_shadow
}
sphere {
	0, 1
	scale<0.080000,0.200000,0.300000>
	matrix <0.586403, -0.632961, 0.505462,
		-0.657137, -0.006889, 0.753740,
		-0.473606, -0.774153, -0.419982,
		24.431150, 34.772926, 35.273125>
	pigment { color rgbt <0,1,1,0> }
	no_shadow
}
cylinder {
	<24.839813, 34.701015, 36.050053>,  <24.762674, 35.314835, 35.567112>, 0.130000
	pigment { color rgbt <1,0,0,0> }
	no_shadow
}

// nucleotide -1

// particle -1
sphere {
	<24.839813, 34.701015, 36.050053> 0.250000
	pigment { color rgbt <1,0,0,0> }
	no_shadow
}
cylinder {
	<24.787676, 34.586685, 35.670303>,  <24.756393, 34.518085, 35.442455>, 0.100000
	pigment { color rgbt <1,0,0,0> }
	no_shadow
}
cylinder {
	<24.787676, 34.586685, 35.670303>,  <24.839813, 34.701015, 36.050053>, 0.100000
	pigment { color rgbt <1,0,0,0> }
	no_shadow
}

// particle -1
sphere {
	<24.787676, 34.586685, 35.670303> 0.100000
	pigment { color rgbt <1,0,0,0> }
	no_shadow
}
sphere {
	0, 1
	scale<0.080000,0.200000,0.300000>
	matrix <0.519152, -0.835457, 0.180256,
		-0.844684, -0.469374, 0.257287,
		-0.130345, -0.285830, -0.949374,
		24.748571, 34.500935, 35.385490>
	pigment { color rgbt <0,1,1,0> }
	no_shadow
}
cylinder {
	<25.457396, 34.972179, 35.627850>,  <24.839813, 34.701015, 36.050053>, 0.130000
	pigment { color rgbt <1,0,0,0> }
	no_shadow
}

// nucleotide -1

// particle -1
sphere {
	<25.457396, 34.972179, 35.627850> 0.250000
	pigment { color rgbt <1,0,0,0> }
	no_shadow
}
cylinder {
	<25.554300, 35.145973, 35.974842>,  <25.612444, 35.250248, 36.183037>, 0.100000
	pigment { color rgbt <1,0,0,0> }
	no_shadow
}
cylinder {
	<25.554300, 35.145973, 35.974842>,  <25.457396, 34.972179, 35.627850>, 0.100000
	pigment { color rgbt <1,0,0,0> }
	no_shadow
}

// particle -1
sphere {
	<25.554300, 35.145973, 35.974842> 0.100000
	pigment { color rgbt <1,0,0,0> }
	no_shadow
}
sphere {
	0, 1
	scale<0.080000,0.200000,0.300000>
	matrix <0.876961, 0.284413, -0.387360,
		-0.415027, 0.854594, -0.312124,
		0.242263, 0.434485, 0.867486,
		25.626980, 35.276318, 36.235088>
	pigment { color rgbt <0,1,1,0> }
	no_shadow
}
cylinder {
	<25.815096, 35.474079, 35.479073>,  <25.457396, 34.972179, 35.627850>, 0.130000
	pigment { color rgbt <1,0,0,0> }
	no_shadow
}

// nucleotide -1

// particle -1
sphere {
	<25.815096, 35.474079, 35.479073> 0.250000
	pigment { color rgbt <1,0,0,0> }
	no_shadow
}
cylinder {
	<25.918486, 35.430965, 35.863068>,  <25.980520, 35.405098, 36.093464>, 0.100000
	pigment { color rgbt <1,0,0,0> }
	no_shadow
}
cylinder {
	<25.918486, 35.430965, 35.863068>,  <25.815096, 35.474079, 35.479073>, 0.100000
	pigment { color rgbt <1,0,0,0> }
	no_shadow
}

// particle -1
sphere {
	<25.918486, 35.430965, 35.863068> 0.100000
	pigment { color rgbt <1,0,0,0> }
	no_shadow
}
sphere {
	0, 1
	scale<0.080000,0.200000,0.300000>
	matrix <0.940638, 0.254377, -0.224707,
		-0.219979, 0.961080, 0.167135,
		0.258477, -0.107782, 0.959986,
		25.996029, 35.398632, 36.151062>
	pigment { color rgbt <0,1,1,0> }
	no_shadow
}
cylinder {
	<25.875648, 36.070068, 35.910515>,  <25.815096, 35.474079, 35.479073>, 0.130000
	pigment { color rgbt <1,0,0,0> }
	no_shadow
}

// nucleotide -1

// particle -1
sphere {
	<25.875648, 36.070068, 35.910515> 0.250000
	pigment { color rgbt <1,0,0,0> }
	no_shadow
}
cylinder {
	<26.116888, 35.770290, 36.019768>,  <26.261631, 35.590424, 36.085320>, 0.100000
	pigment { color rgbt <1,0,0,0> }
	no_shadow
}
cylinder {
	<26.116888, 35.770290, 36.019768>,  <25.875648, 36.070068, 35.910515>, 0.100000
	pigment { color rgbt <1,0,0,0> }
	no_shadow
}

// particle -1
sphere {
	<26.116888, 35.770290, 36.019768> 0.100000
	pigment { color rgbt <1,0,0,0> }
	no_shadow
}
sphere {
	0, 1
	scale<0.080000,0.200000,0.300000>
	matrix <0.780366, 0.483418, -0.396656,
		0.165237, 0.452365, 0.876392,
		0.603097, -0.749449, 0.273132,
		26.297817, 35.545456, 36.101707>
	pigment { color rgbt <0,1,1,0> }
	no_shadow
}
cylinder {
	<26.550056, 36.342945, 35.969780>,  <25.875648, 36.070068, 35.910515>, 0.130000
	pigment { color rgbt <1,0,0,0> }
	no_shadow
}

// nucleotide -1

// particle -1
sphere {
	<26.550056, 36.342945, 35.969780> 0.250000
	pigment { color rgbt <1,0,0,0> }
	no_shadow
}
cylinder {
	<26.633940, 35.952003, 35.958481>,  <26.684271, 35.717438, 35.951702>, 0.100000
	pigment { color rgbt <1,0,0,0> }
	no_shadow
}
cylinder {
	<26.633940, 35.952003, 35.958481>,  <26.550056, 36.342945, 35.969780>, 0.100000
	pigment { color rgbt <1,0,0,0> }
	no_shadow
}

// particle -1
sphere {
	<26.633940, 35.952003, 35.958481> 0.100000
	pigment { color rgbt <1,0,0,0> }
	no_shadow
}
sphere {
	0, 1
	scale<0.080000,0.200000,0.300000>
	matrix <0.778843, 0.184441, -0.599487,
		0.591122, 0.103718, 0.799886,
		0.209709, -0.977356, -0.028247,
		26.696852, 35.658798, 35.950008>
	pigment { color rgbt <0,1,1,0> }
	no_shadow
}
cylinder {
	<27.204794, 36.292191, 36.301716>,  <26.550056, 36.342945, 35.969780>, 0.130000
	pigment { color rgbt <1,0,0,0> }
	no_shadow
}

// nucleotide -1

// particle -1
sphere {
	<27.204794, 36.292191, 36.301716> 0.250000
	pigment { color rgbt <1,0,0,0> }
	no_shadow
}
cylinder {
	<27.201323, 36.000919, 36.027584>,  <27.199240, 35.826157, 35.863106>, 0.100000
	pigment { color rgbt <1,0,0,0> }
	no_shadow
}
cylinder {
	<27.201323, 36.000919, 36.027584>,  <27.204794, 36.292191, 36.301716>, 0.100000
	pigment { color rgbt <1,0,0,0> }
	no_shadow
}

// particle -1
sphere {
	<27.201323, 36.000919, 36.027584> 0.100000
	pigment { color rgbt <1,0,0,0> }
	no_shadow
}
sphere {
	0, 1
	scale<0.080000,0.200000,0.300000>
	matrix <0.761265, 0.439579, -0.476703,
		0.648383, -0.525856, 0.550522,
		-0.008679, -0.728179, -0.685332,
		27.198719, 35.782467, 35.821983>
	pigment { color rgbt <0,1,1,0> }
	no_shadow
}
cylinder {
	<27.824230, 36.160732, 36.332493>,  <27.204794, 36.292191, 36.301716>, 0.130000
	pigment { color rgbt <1,0,0,0> }
	no_shadow
}

// nucleotide -1

// particle -1
sphere {
	<27.824230, 36.160732, 36.332493> 0.250000
	pigment { color rgbt <1,0,0,0> }
	no_shadow
}
cylinder {
	<27.661707, 36.052868, 35.983276>,  <27.564194, 35.988152, 35.773746>, 0.100000
	pigment { color rgbt <1,0,0,0> }
	no_shadow
}
cylinder {
	<27.661707, 36.052868, 35.983276>,  <27.824230, 36.160732, 36.332493>, 0.100000
	pigment { color rgbt <1,0,0,0> }
	no_shadow
}

// particle -1
sphere {
	<27.661707, 36.052868, 35.983276> 0.100000
	pigment { color rgbt <1,0,0,0> }
	no_shadow
}
sphere {
	0, 1
	scale<0.080000,0.200000,0.300000>
	matrix <0.747978, 0.450637, -0.487293,
		0.524827, -0.851005, 0.018602,
		-0.406307, -0.269659, -0.873040,
		27.539814, 35.971970, 35.721363>
	pigment { color rgbt <0,1,1,0> }
	no_shadow
}
cylinder {
	<28.430498, 35.939297, 35.938736>,  <27.824230, 36.160732, 36.332493>, 0.130000
	pigment { color rgbt <1,0,0,0> }
	no_shadow
}

// nucleotide -1

// particle -1
sphere {
	<28.430498, 35.939297, 35.938736> 0.250000
	pigment { color rgbt <1,0,0,0> }
	no_shadow
}
cylinder {
	<28.146276, 36.044933, 35.677856>,  <27.975742, 36.108315, 35.521328>, 0.100000
	pigment { color rgbt <1,0,0,0> }
	no_shadow
}
cylinder {
	<28.146276, 36.044933, 35.677856>,  <28.430498, 35.939297, 35.938736>, 0.100000
	pigment { color rgbt <1,0,0,0> }
	no_shadow
}

// particle -1
sphere {
	<28.146276, 36.044933, 35.677856> 0.100000
	pigment { color rgbt <1,0,0,0> }
	no_shadow
}
sphere {
	0, 1
	scale<0.080000,0.200000,0.300000>
	matrix <0.685706, 0.467834, -0.557619,
		0.157856, -0.843436, -0.513514,
		-0.710555, 0.264096, -0.652200,
		27.933109, 36.124161, 35.482197>
	pigment { color rgbt <0,1,1,0> }
	no_shadow
}
cylinder {
	<28.720337, 35.885387, 35.290226>,  <28.430498, 35.939297, 35.938736>, 0.130000
	pigment { color rgbt <1,0,0,0> }
	no_shadow
}

// nucleotide -1

// particle -1
sphere {
	<28.720337, 35.885387, 35.290226> 0.250000
	pigment { color rgbt <1,0,0,0> }
	no_shadow
}
cylinder {
	<28.416435, 36.137890, 35.227875>,  <28.234095, 36.289391, 35.190464>, 0.100000
	pigment { color rgbt <1,0,0,0> }
	no_shadow
}
cylinder {
	<28.416435, 36.137890, 35.227875>,  <28.720337, 35.885387, 35.290226>, 0.100000
	pigment { color rgbt <1,0,0,0> }
	no_shadow
}

// particle -1
sphere {
	<28.416435, 36.137890, 35.227875> 0.100000
	pigment { color rgbt <1,0,0,0> }
	no_shadow
}
sphere {
	0, 1
	scale<0.080000,0.200000,0.300000>
	matrix <0.581350, 0.552109, -0.597669,
		-0.291220, -0.544697, -0.786445,
		-0.759752, 0.631253, -0.155874,
		28.188509, 36.327267, 35.181114>
	pigment { color rgbt <0,1,1,0> }
	no_shadow
}
cylinder {
	<28.698671, 36.222038, 34.717484>,  <28.720337, 35.885387, 35.290226>, 0.130000
	pigment { color rgbt <1,0,0,0> }
	no_shadow
}

// nucleotide -1

// particle -1
sphere {
	<28.698671, 36.222038, 34.717484> 0.250000
	pigment { color rgbt <1,0,0,0> }
	no_shadow
}
cylinder {
	<28.619770, 36.589233, 34.855118>,  <28.572430, 36.809551, 34.937698>, 0.100000
	pigment { color rgbt <1,0,0,0> }
	no_shadow
}
cylinder {
	<28.619770, 36.589233, 34.855118>,  <28.698671, 36.222038, 34.717484>, 0.100000
	pigment { color rgbt <1,0,0,0> }
	no_shadow
}

// particle -1
sphere {
	<28.619770, 36.589233, 34.855118> 0.100000
	pigment { color rgbt <1,0,0,0> }
	no_shadow
}
sphere {
	0, 1
	scale<0.080000,0.200000,0.300000>
	matrix <0.932220, 0.067013, 0.355634,
		0.303409, 0.390910, -0.868984,
		-0.197254, 0.917986, 0.344082,
		28.560595, 36.864628, 34.958344>
	pigment { color rgbt <0,1,1,0> }
	no_shadow
}
cylinder {
	<29.290325, 36.640980, 34.352844>,  <28.698671, 36.222038, 34.717484>, 0.130000
	pigment { color rgbt <1,0,0,0> }
	no_shadow
}

// nucleotide -1

// particle -1
sphere {
	<29.290325, 36.640980, 34.352844> 0.250000
	pigment { color rgbt <1,0,0,0> }
	no_shadow
}
cylinder {
	<29.128584, 36.704960, 34.713047>,  <29.031540, 36.743347, 34.929169>, 0.100000
	pigment { color rgbt <1,0,0,0> }
	no_shadow
}
cylinder {
	<29.128584, 36.704960, 34.713047>,  <29.290325, 36.640980, 34.352844>, 0.100000
	pigment { color rgbt <1,0,0,0> }
	no_shadow
}

// particle -1
sphere {
	<29.128584, 36.704960, 34.713047> 0.100000
	pigment { color rgbt <1,0,0,0> }
	no_shadow
}
sphere {
	0, 1
	scale<0.080000,0.200000,0.300000>
	matrix <0.909923, -0.029131, 0.413753,
		0.092411, 0.986696, -0.133760,
		-0.404352, 0.159947, 0.900509,
		29.007278, 36.752945, 34.983200>
	pigment { color rgbt <0,1,1,0> }
	no_shadow
}
cylinder {
	<29.079176, 37.233360, 34.802940>,  <29.290325, 36.640980, 34.352844>, 0.130000
	pigment { color rgbt <1,0,0,0> }
	no_shadow
}

// nucleotide -1

// particle -1
sphere {
	<29.079176, 37.233360, 34.802940> 0.250000
	pigment { color rgbt <1,0,0,0> }
	no_shadow
}
cylinder {
	<28.762440, 37.477638, 34.800499>,  <28.572397, 37.624207, 34.799034>, 0.100000
	pigment { color rgbt <1,0,0,0> }
	no_shadow
}
cylinder {
	<28.762440, 37.477638, 34.800499>,  <29.079176, 37.233360, 34.802940>, 0.100000
	pigment { color rgbt <1,0,0,0> }
	no_shadow
}

// particle -1
sphere {
	<28.762440, 37.477638, 34.800499> 0.100000
	pigment { color rgbt <1,0,0,0> }
	no_shadow
}
sphere {
	0, 1
	scale<0.080000,0.200000,0.300000>
	matrix <-0.607807, -0.787040, 0.105541,
		0.059646, 0.087284, 0.994396,
		-0.791842, 0.610696, -0.006108,
		28.524887, 37.660847, 34.798668>
	pigment { color rgbt <0,1,1,0> }
	no_shadow
}
cylinder {
	<28.666098, 37.280632, 35.408024>,  <29.079176, 37.233360, 34.802940>, 0.130000
	pigment { color rgbt <1,0,0,0> }
	no_shadow
}

// nucleotide -1

// particle -1
sphere {
	<28.666098, 37.280632, 35.408024> 0.250000
	pigment { color rgbt <1,0,0,0> }
	no_shadow
}
cylinder {
	<28.423920, 37.326546, 35.092999>,  <28.278612, 37.354095, 34.903984>, 0.100000
	pigment { color rgbt <1,0,0,0> }
	no_shadow
}
cylinder {
	<28.423920, 37.326546, 35.092999>,  <28.666098, 37.280632, 35.408024>, 0.100000
	pigment { color rgbt <1,0,0,0> }
	no_shadow
}

// particle -1
sphere {
	<28.423920, 37.326546, 35.092999> 0.100000
	pigment { color rgbt <1,0,0,0> }
	no_shadow
}
sphere {
	0, 1
	scale<0.080000,0.200000,0.300000>
	matrix <-0.522259, -0.803999, 0.284309,
		-0.600568, 0.583447, 0.546725,
		-0.605445, 0.114785, -0.787566,
		28.242287, 37.360981, 34.856728>
	pigment { color rgbt <0,1,1,0> }
	no_shadow
}
cylinder {
	<27.891258, 37.225132, 35.571411>,  <28.666098, 37.280632, 35.408024>, 0.130000
	pigment { color rgbt <1,0,0,0> }
	no_shadow
}

// nucleotide -1

// particle -1
sphere {
	<27.891258, 37.225132, 35.571411> 0.250000
	pigment { color rgbt <1,0,0,0> }
	no_shadow
}
cylinder {
	<27.969542, 37.113441, 35.195381>,  <28.016512, 37.046429, 34.969765>, 0.100000
	pigment { color rgbt <1,0,0,0> }
	no_shadow
}
cylinder {
	<27.969542, 37.113441, 35.195381>,  <27.891258, 37.225132, 35.571411>, 0.100000
	pigment { color rgbt <1,0,0,0> }
	no_shadow
}

// particle -1
sphere {
	<27.969542, 37.113441, 35.195381> 0.100000
	pigment { color rgbt <1,0,0,0> }
	no_shadow
}
sphere {
	0, 1
	scale<0.080000,0.200000,0.300000>
	matrix <-0.592595, -0.797465, 0.113498,
		-0.781364, 0.534868, -0.321536,
		0.195708, -0.279224, -0.940070,
		28.028254, 37.029675, 34.913361>
	pigment { color rgbt <0,1,1,0> }
	no_shadow
}
cylinder {
	<27.240442, 37.143406, 35.091835>,  <27.891258, 37.225132, 35.571411>, 0.130000
	pigment { color rgbt <1,0,0,0> }
	no_shadow
}

// nucleotide -1

// particle -1
sphere {
	<27.240442, 37.143406, 35.091835> 0.250000
	pigment { color rgbt <1,0,0,0> }
	no_shadow
}
cylinder {
	<27.532356, 36.871555, 35.062119>,  <27.707504, 36.708447, 35.044289>, 0.100000
	pigment { color rgbt <1,0,0,0> }
	no_shadow
}
cylinder {
	<27.532356, 36.871555, 35.062119>,  <27.240442, 37.143406, 35.091835>, 0.100000
	pigment { color rgbt <1,0,0,0> }
	no_shadow
}

// particle -1
sphere {
	<27.532356, 36.871555, 35.062119> 0.100000
	pigment { color rgbt <1,0,0,0> }
	no_shadow
}
sphere {
	0, 1
	scale<0.080000,0.200000,0.300000>
	matrix <-0.632892, -0.712677, 0.302553,
		-0.258570, -0.173780, -0.950233,
		0.729787, -0.679626, -0.074293,
		27.751293, 36.667667, 35.039829>
	pigment { color rgbt <0,1,1,0> }
	no_shadow
}
cylinder {
	<26.987160, 36.515430, 34.683655>,  <27.240442, 37.143406, 35.091835>, 0.130000
	pigment { color rgbt <1,0,0,0> }
	no_shadow
}

// nucleotide -1

// particle -1
sphere {
	<26.987160, 36.515430, 34.683655> 0.250000
	pigment { color rgbt <1,0,0,0> }
	no_shadow
}
cylinder {
	<27.285315, 36.387794, 34.917774>,  <27.464207, 36.311211, 35.058247>, 0.100000
	pigment { color rgbt <1,0,0,0> }
	no_shadow
}
cylinder {
	<27.285315, 36.387794, 34.917774>,  <26.987160, 36.515430, 34.683655>, 0.100000
	pigment { color rgbt <1,0,0,0> }
	no_shadow
}

// particle -1
sphere {
	<27.285315, 36.387794, 34.917774> 0.100000
	pigment { color rgbt <1,0,0,0> }
	no_shadow
}
sphere {
	0, 1
	scale<0.080000,0.200000,0.300000>
	matrix <-0.582296, -0.739101, 0.338616,
		0.324548, -0.593219, -0.736722,
		0.745386, -0.319093, 0.585303,
		27.508930, 36.292065, 35.093365>
	pigment { color rgbt <0,1,1,0> }
	no_shadow
}
cylinder {
	<27.043444, 35.837246, 34.496521>,  <26.987160, 36.515430, 34.683655>, 0.130000
	pigment { color rgbt <1,0,0,0> }
	no_shadow
}

// nucleotide -1

// particle -1
sphere {
	<27.043444, 35.837246, 34.496521> 0.250000
	pigment { color rgbt <1,0,0,0> }
	no_shadow
}
cylinder {
	<27.192984, 35.888355, 34.863979>,  <27.282707, 35.919022, 35.084454>, 0.100000
	pigment { color rgbt <1,0,0,0> }
	no_shadow
}
cylinder {
	<27.192984, 35.888355, 34.863979>,  <27.043444, 35.837246, 34.496521>, 0.100000
	pigment { color rgbt <1,0,0,0> }
	no_shadow
}

// particle -1
sphere {
	<27.192984, 35.888355, 34.863979> 0.100000
	pigment { color rgbt <1,0,0,0> }
	no_shadow
}
sphere {
	0, 1
	scale<0.080000,0.200000,0.300000>
	matrix <-0.639457, -0.681920, 0.355078,
		0.671812, -0.720180, -0.173230,
		0.373849, 0.127772, 0.918647,
		27.305138, 35.926685, 35.139572>
	pigment { color rgbt <0,1,1,0> }
	no_shadow
}
cylinder {
	<26.800306, 35.267544, 34.706615>,  <27.043444, 35.837246, 34.496521>, 0.130000
	pigment { color rgbt <1,0,0,0> }
	no_shadow
}

// nucleotide -1

// particle -1
sphere {
	<26.800306, 35.267544, 34.706615> 0.250000
	pigment { color rgbt <1,0,0,0> }
	no_shadow
}
cylinder {
	<26.942938, 35.416508, 35.049347>,  <27.028517, 35.505886, 35.254986>, 0.100000
	pigment { color rgbt <1,0,0,0> }
	no_shadow
}
cylinder {
	<26.942938, 35.416508, 35.049347>,  <26.800306, 35.267544, 34.706615>, 0.100000
	pigment { color rgbt <1,0,0,0> }
	no_shadow
}

// particle -1
sphere {
	<26.942938, 35.416508, 35.049347> 0.100000
	pigment { color rgbt <1,0,0,0> }
	no_shadow
}
sphere {
	0, 1
	scale<0.080000,0.200000,0.300000>
	matrix <-0.650975, -0.558798, 0.513786,
		0.670136, -0.740982, 0.043174,
		0.356581, 0.372411, 0.856831,
		27.049911, 35.528233, 35.306396>
	pigment { color rgbt <0,1,1,0> }
	no_shadow
}
cylinder {
	<27.024818, 34.669346, 35.067238>,  <26.800306, 35.267544, 34.706615>, 0.130000
	pigment { color rgbt <1,0,0,0> }
	no_shadow
}

// nucleotide -1

// particle -1
sphere {
	<27.024818, 34.669346, 35.067238> 0.250000
	pigment { color rgbt <1,0,0,0> }
	no_shadow
}
cylinder {
	<26.937305, 34.994614, 35.282974>,  <26.884798, 35.189774, 35.412415>, 0.100000
	pigment { color rgbt <1,0,0,0> }
	no_shadow
}
cylinder {
	<26.937305, 34.994614, 35.282974>,  <27.024818, 34.669346, 35.067238>, 0.100000
	pigment { color rgbt <1,0,0,0> }
	no_shadow
}

// particle -1
sphere {
	<26.937305, 34.994614, 35.282974> 0.100000
	pigment { color rgbt <1,0,0,0> }
	no_shadow
}
sphere {
	0, 1
	scale<0.080000,0.200000,0.300000>
	matrix <-0.562588, -0.556732, 0.611182,
		0.797263, -0.169709, 0.579285,
		-0.218783, 0.813172, 0.539338,
		26.871670, 35.238564, 35.444775>
	pigment { color rgbt <0,1,1,0> }
	no_shadow
}
cylinder {
	<26.898909, 34.422348, 35.727982>,  <27.024818, 34.669346, 35.067238>, 0.130000
	pigment { color rgbt <1,0,0,0> }
	no_shadow
}

// nucleotide -1

// particle -1
sphere {
	<26.898909, 34.422348, 35.727982> 0.250000
	pigment { color rgbt <1,0,0,0> }
	no_shadow
}
cylinder {
	<26.843527, 34.808701, 35.815521>,  <26.810297, 35.040512, 35.868046>, 0.100000
	pigment { color rgbt <1,0,0,0> }
	no_shadow
}
cylinder {
	<26.843527, 34.808701, 35.815521>,  <26.898909, 34.422348, 35.727982>, 0.100000
	pigment { color rgbt <1,0,0,0> }
	no_shadow
}

// particle -1
sphere {
	<26.843527, 34.808701, 35.815521> 0.100000
	pigment { color rgbt <1,0,0,0> }
	no_shadow
}
sphere {
	0, 1
	scale<0.080000,0.200000,0.300000>
	matrix <-0.609648, -0.257272, 0.749760,
		0.780487, -0.029616, 0.624470,
		-0.138454, 0.965885, 0.218852,
		26.801991, 35.098465, 35.881176>
	pigment { color rgbt <0,1,1,0> }
	no_shadow
}
cylinder {
	<26.980827, 34.491993, 36.468025>,  <26.898909, 34.422348, 35.727982>, 0.130000
	pigment { color rgbt <1,0,0,0> }
	no_shadow
}

// nucleotide -1

// particle -1
sphere {
	<26.980827, 34.491993, 36.468025> 0.250000
	pigment { color rgbt <1,0,0,0> }
	no_shadow
}
cylinder {
	<26.759674, 34.805622, 36.355206>,  <26.626982, 34.993801, 36.287514>, 0.100000
	pigment { color rgbt <1,0,0,0> }
	no_shadow
}
cylinder {
	<26.759674, 34.805622, 36.355206>,  <26.980827, 34.491993, 36.468025>, 0.100000
	pigment { color rgbt <1,0,0,0> }
	no_shadow
}

// particle -1
sphere {
	<26.759674, 34.805622, 36.355206> 0.100000
	pigment { color rgbt <1,0,0,0> }
	no_shadow
}
sphere {
	0, 1
	scale<0.080000,0.200000,0.300000>
	matrix <-0.653424, -0.197921, 0.730661,
		0.517067, 0.588267, 0.621758,
		-0.552883, 0.784072, -0.282049,
		26.593809, 35.040844, 36.270592>
	pigment { color rgbt <0,1,1,0> }
	no_shadow
}
cylinder {
	<27.044928, 34.376625, 37.080891>,  <26.980827, 34.491993, 36.468025>, 0.130000
	pigment { color rgbt <1,0,0,0> }
	no_shadow
}

// nucleotide -1

// particle -1
sphere {
	<27.044928, 34.376625, 37.080891> 0.250000
	pigment { color rgbt <1,0,0,0> }
	no_shadow
}
cylinder {
	<27.308571, 34.659611, 36.978851>,  <27.466757, 34.829403, 36.917629>, 0.100000
	pigment { color rgbt <1,0,0,0> }
	no_shadow
}
cylinder {
	<27.308571, 34.659611, 36.978851>,  <27.044928, 34.376625, 37.080891>, 0.100000
	pigment { color rgbt <1,0,0,0> }
	no_shadow
}

// particle -1
sphere {
	<27.308571, 34.659611, 36.978851> 0.100000
	pigment { color rgbt <1,0,0,0> }
	no_shadow
}
sphere {
	0, 1
	scale<0.080000,0.200000,0.300000>
	matrix <0.742229, -0.557298, 0.372177,
		0.121136, -0.434644, -0.892418,
		0.659107, 0.707463, -0.255096,
		27.506304, 34.871849, 36.902321>
	pigment { color rgbt <0,1,1,0> }
	no_shadow
}
cylinder {
	<27.533331, 34.046322, 36.771442>,  <27.044928, 34.376625, 37.080891>, 0.130000
	pigment { color rgbt <1,0,0,0> }
	no_shadow
}

// nucleotide -1

// particle -1
sphere {
	<27.533331, 34.046322, 36.771442> 0.250000
	pigment { color rgbt <1,0,0,0> }
	no_shadow
}
cylinder {
	<27.659653, 34.385178, 36.942383>,  <27.735445, 34.588490, 37.044949>, 0.100000
	pigment { color rgbt <1,0,0,0> }
	no_shadow
}
cylinder {
	<27.659653, 34.385178, 36.942383>,  <27.533331, 34.046322, 36.771442>, 0.100000
	pigment { color rgbt <1,0,0,0> }
	no_shadow
}

// particle -1
sphere {
	<27.659653, 34.385178, 36.942383> 0.100000
	pigment { color rgbt <1,0,0,0> }
	no_shadow
}
sphere {
	0, 1
	scale<0.080000,0.200000,0.300000>
	matrix <0.638927, -0.522844, 0.564276,
		0.701457, 0.094847, -0.706373,
		0.315803, 0.847135, 0.427353,
		27.754395, 34.639317, 37.070587>
	pigment { color rgbt <0,1,1,0> }
	no_shadow
}
cylinder {
	<28.091589, 33.640785, 36.489552>,  <27.533331, 34.046322, 36.771442>, 0.130000
	pigment { color rgbt <1,0,0,0> }
	no_shadow
}

// nucleotide -1

// particle -1
sphere {
	<28.091589, 33.640785, 36.489552> 0.250000
	pigment { color rgbt <1,0,0,0> }
	no_shadow
}
cylinder {
	<27.992100, 33.262741, 36.574318>,  <27.932405, 33.035915, 36.625179>, 0.100000
	pigment { color rgbt <1,0,0,0> }
	no_shadow
}
cylinder {
	<27.992100, 33.262741, 36.574318>,  <28.091589, 33.640785, 36.489552>, 0.100000
	pigment { color rgbt <1,0,0,0> }
	no_shadow
}

// particle -1
sphere {
	<27.992100, 33.262741, 36.574318> 0.100000
	pigment { color rgbt <1,0,0,0> }
	no_shadow
}
sphere {
	0, 1
	scale<0.080000,0.200000,0.300000>
	matrix <0.857742, -0.113295, 0.501440,
		-0.449905, 0.306490, 0.838838,
		-0.248722, -0.945107, 0.211918,
		27.917482, 32.979210, 36.637894>
	pigment { color rgbt <0,1,1,0> }
	no_shadow
}
cylinder {
	<28.697689, 33.878815, 36.757587>,  <28.091589, 33.640785, 36.489552>, 0.130000
	pigment { color rgbt <1,0,0,0> }
	no_shadow
}

// nucleotide -1

// particle -1
sphere {
	<28.697689, 33.878815, 36.757587> 0.250000
	pigment { color rgbt <1,0,0,0> }
	no_shadow
}
cylinder {
	<29.072676, 34.017849, 36.750233>,  <29.297668, 34.101269, 36.745819>, 0.100000
	pigment { color rgbt <1,0,0,0> }
	no_shadow
}
cylinder {
	<29.072676, 34.017849, 36.750233>,  <28.697689, 33.878815, 36.757587>, 0.100000
	pigment { color rgbt <1,0,0,0> }
	no_shadow
}

// particle -1
sphere {
	<29.072676, 34.017849, 36.750233> 0.100000
	pigment { color rgbt <1,0,0,0> }
	no_shadow
}
sphere {
	0, 1
	scale<0.080000,0.200000,0.300000>
	matrix <0.326718, -0.860512, 0.390863,
		0.120032, -0.372431, -0.920265,
		0.937469, 0.347583, -0.018391,
		29.353916, 34.122124, 36.744717>
	pigment { color rgbt <0,1,1,0> }
	no_shadow
}
cylinder {
	<29.211369, 33.424995, 36.442661>,  <28.697689, 33.878815, 36.757587>, 0.130000
	pigment { color rgbt <1,0,0,0> }
	no_shadow
}

// nucleotide -1

// particle -1
sphere {
	<29.211369, 33.424995, 36.442661> 0.250000
	pigment { color rgbt <1,0,0,0> }
	no_shadow
}
cylinder {
	<29.453314, 33.648781, 36.669338>,  <29.598480, 33.783054, 36.805344>, 0.100000
	pigment { color rgbt <1,0,0,0> }
	no_shadow
}
cylinder {
	<29.453314, 33.648781, 36.669338>,  <29.211369, 33.424995, 36.442661>, 0.100000
	pigment { color rgbt <1,0,0,0> }
	no_shadow
}

// particle -1
sphere {
	<29.453314, 33.648781, 36.669338> 0.100000
	pigment { color rgbt <1,0,0,0> }
	no_shadow
}
sphere {
	0, 1
	scale<0.080000,0.200000,0.300000>
	matrix <0.336271, -0.824513, 0.455083,
		0.721848, -0.084700, -0.686849,
		0.604861, 0.559468, 0.566691,
		29.634771, 33.816620, 36.839344>
	pigment { color rgbt <0,1,1,0> }
	no_shadow
}
cylinder {
	<29.761431, 33.029060, 36.511616>,  <29.211369, 33.424995, 36.442661>, 0.130000
	pigment { color rgbt <1,0,0,0> }
	no_shadow
}

// nucleotide -1

// particle -1
sphere {
	<29.761431, 33.029060, 36.511616> 0.250000
	pigment { color rgbt <1,0,0,0> }
	no_shadow
}
cylinder {
	<29.800945, 33.285629, 36.815937>,  <29.824654, 33.439571, 36.998528>, 0.100000
	pigment { color rgbt <1,0,0,0> }
	no_shadow
}
cylinder {
	<29.800945, 33.285629, 36.815937>,  <29.761431, 33.029060, 36.511616>, 0.100000
	pigment { color rgbt <1,0,0,0> }
	no_shadow
}

// particle -1
sphere {
	<29.800945, 33.285629, 36.815937> 0.100000
	pigment { color rgbt <1,0,0,0> }
	no_shadow
}
sphere {
	0, 1
	scale<0.080000,0.200000,0.300000>
	matrix <0.318158, -0.744768, 0.586597,
		0.942877, 0.184107, -0.277646,
		0.098785, 0.641424, 0.760800,
		29.830582, 33.478058, 37.044178>
	pigment { color rgbt <0,1,1,0> }
	no_shadow
}
cylinder {
	<30.303776, 32.759953, 36.844250>,  <29.761431, 33.029060, 36.511616>, 0.130000
	pigment { color rgbt <1,0,0,0> }
	no_shadow
}

// nucleotide -1

// particle -1
sphere {
	<30.303776, 32.759953, 36.844250> 0.250000
	pigment { color rgbt <1,0,0,0> }
	no_shadow
}
cylinder {
	<30.173321, 33.020763, 37.118038>,  <30.095049, 33.177250, 37.282310>, 0.100000
	pigment { color rgbt <1,0,0,0> }
	no_shadow
}
cylinder {
	<30.173321, 33.020763, 37.118038>,  <30.303776, 32.759953, 36.844250>, 0.100000
	pigment { color rgbt <1,0,0,0> }
	no_shadow
}

// particle -1
sphere {
	<30.173321, 33.020763, 37.118038> 0.100000
	pigment { color rgbt <1,0,0,0> }
	no_shadow
}
sphere {
	0, 1
	scale<0.080000,0.200000,0.300000>
	matrix <0.169273, -0.672075, 0.720876,
		0.930044, 0.350966, 0.108818,
		-0.326136, 0.652027, 0.684468,
		30.075480, 33.216370, 37.323380>
	pigment { color rgbt <0,1,1,0> }
	no_shadow
}
cylinder {
	<30.771723, 32.657139, 37.472939>,  <30.303776, 32.759953, 36.844250>, 0.130000
	pigment { color rgbt <1,0,0,0> }
	no_shadow
}

// nucleotide -1

// particle -1
sphere {
	<30.771723, 32.657139, 37.472939> 0.250000
	pigment { color rgbt <1,0,0,0> }
	no_shadow
}
cylinder {
	<30.425104, 32.827866, 37.576416>,  <30.217133, 32.930302, 37.638500>, 0.100000
	pigment { color rgbt <1,0,0,0> }
	no_shadow
}
cylinder {
	<30.425104, 32.827866, 37.576416>,  <30.771723, 32.657139, 37.472939>, 0.100000
	pigment { color rgbt <1,0,0,0> }
	no_shadow
}

// particle -1
sphere {
	<30.425104, 32.827866, 37.576416> 0.100000
	pigment { color rgbt <1,0,0,0> }
	no_shadow
}
sphere {
	0, 1
	scale<0.080000,0.200000,0.300000>
	matrix <-0.106239, -0.664183, 0.739982,
		0.487657, 0.613747, 0.620891,
		-0.866547, 0.426820, 0.258689,
		30.165140, 32.955914, 37.654022>
	pigment { color rgbt <0,1,1,0> }
	no_shadow
}
cylinder {
	<30.800163, 32.546799, 38.199802>,  <30.771723, 32.657139, 37.472939>, 0.130000
	pigment { color rgbt <1,0,0,0> }
	no_shadow
}

// nucleotide -1

// particle -1
sphere {
	<30.800163, 32.546799, 38.199802> 0.250000
	pigment { color rgbt <1,0,0,0> }
	no_shadow
}
cylinder {
	<30.425035, 32.636883, 38.094143>,  <30.199959, 32.690933, 38.030746>, 0.100000
	pigment { color rgbt <1,0,0,0> }
	no_shadow
}
cylinder {
	<30.425035, 32.636883, 38.094143>,  <30.800163, 32.546799, 38.199802>, 0.100000
	pigment { color rgbt <1,0,0,0> }
	no_shadow
}

// particle -1
sphere {
	<30.425035, 32.636883, 38.094143> 0.100000
	pigment { color rgbt <1,0,0,0> }
	no_shadow
}
sphere {
	0, 1
	scale<0.080000,0.200000,0.300000>
	matrix <-0.337688, -0.768120, 0.544021,
		-0.080379, 0.599393, 0.796409,
		-0.937820, 0.225210, -0.264148,
		30.143690, 32.704445, 38.014900>
	pigment { color rgbt <0,1,1,0> }
	no_shadow
}
cylinder {
	<30.462992, 32.238110, 38.767910>,  <30.800163, 32.546799, 38.199802>, 0.130000
	pigment { color rgbt <1,0,0,0> }
	no_shadow
}

// nucleotide -1

// particle -1
sphere {
	<30.462992, 32.238110, 38.767910> 0.250000
	pigment { color rgbt <1,0,0,0> }
	no_shadow
}
cylinder {
	<30.201221, 32.294685, 38.470798>,  <30.044159, 32.328632, 38.292530>, 0.100000
	pigment { color rgbt <1,0,0,0> }
	no_shadow
}
cylinder {
	<30.201221, 32.294685, 38.470798>,  <30.462992, 32.238110, 38.767910>, 0.100000
	pigment { color rgbt <1,0,0,0> }
	no_shadow
}

// particle -1
sphere {
	<30.201221, 32.294685, 38.470798> 0.100000
	pigment { color rgbt <1,0,0,0> }
	no_shadow
}
sphere {
	0, 1
	scale<0.080000,0.200000,0.300000>
	matrix <-0.435711, -0.873395, 0.217572,
		-0.617966, 0.466021, 0.633200,
		-0.654427, 0.141440, -0.742779,
		30.004894, 32.337116, 38.247963>
	pigment { color rgbt <0,1,1,0> }
	no_shadow
}
cylinder {
	<29.866074, 32.075935, 39.065876>,  <30.462992, 32.238110, 38.767910>, 0.130000
	pigment { color rgbt <1,0,0,0> }
	no_shadow
}

// nucleotide -1

// particle -1
sphere {
	<29.866074, 32.075935, 39.065876> 0.250000
	pigment { color rgbt <1,0,0,0> }
	no_shadow
}
cylinder {
	<29.807981, 32.030170, 38.672771>,  <29.773127, 32.002712, 38.436909>, 0.100000
	pigment { color rgbt <1,0,0,0> }
	no_shadow
}
cylinder {
	<29.807981, 32.030170, 38.672771>,  <29.866074, 32.075935, 39.065876>, 0.100000
	pigment { color rgbt <1,0,0,0> }
	no_shadow
}

// particle -1
sphere {
	<29.807981, 32.030170, 38.672771> 0.100000
	pigment { color rgbt <1,0,0,0> }
	no_shadow
}
sphere {
	0, 1
	scale<0.080000,0.200000,0.300000>
	matrix <-0.325807, -0.932361, 0.156692,
		-0.934215, 0.342947, 0.098130,
		-0.145230, -0.114412, -0.982760,
		29.764412, 31.995848, 38.377945>
	pigment { color rgbt <0,1,1,0> }
	no_shadow
}
cylinder {
	<29.237698, 31.698261, 38.985367>,  <29.866074, 32.075935, 39.065876>, 0.130000
	pigment { color rgbt <1,0,0,0> }
	no_shadow
}

// nucleotide -1

// particle -1
sphere {
	<29.237698, 31.698261, 38.985367> 0.250000
	pigment { color rgbt <1,0,0,0> }
	no_shadow
}
cylinder {
	<29.485603, 31.655222, 38.674416>,  <29.634346, 31.629398, 38.487846>, 0.100000
	pigment { color rgbt <1,0,0,0> }
	no_shadow
}
cylinder {
	<29.485603, 31.655222, 38.674416>,  <29.237698, 31.698261, 38.985367>, 0.100000
	pigment { color rgbt <1,0,0,0> }
	no_shadow
}

// particle -1
sphere {
	<29.485603, 31.655222, 38.674416> 0.100000
	pigment { color rgbt <1,0,0,0> }
	no_shadow
}
sphere {
	0, 1
	scale<0.080000,0.200000,0.300000>
	matrix <-0.120483, -0.991859, 0.041231,
		-0.775485, 0.068108, -0.627681,
		0.619763, -0.107599, -0.777378,
		29.671532, 31.622942, 38.441204>
	pigment { color rgbt <0,1,1,0> }
	no_shadow
}
cylinder {
	<29.095043, 31.312403, 38.345860>,  <29.237698, 31.698261, 38.985367>, 0.130000
	pigment { color rgbt <1,0,0,0> }
	no_shadow
}

// nucleotide -1

// particle -1
sphere {
	<29.095043, 31.312403, 38.345860> 0.250000
	pigment { color rgbt <1,0,0,0> }
	no_shadow
}
cylinder {
	<29.491570, 31.259802, 38.345455>,  <29.729485, 31.228241, 38.345211>, 0.100000
	pigment { color rgbt <1,0,0,0> }
	no_shadow
}
cylinder {
	<29.491570, 31.259802, 38.345455>,  <29.095043, 31.312403, 38.345860>, 0.100000
	pigment { color rgbt <1,0,0,0> }
	no_shadow
}

// particle -1
sphere {
	<29.491570, 31.259802, 38.345455> 0.100000
	pigment { color rgbt <1,0,0,0> }
	no_shadow
}
sphere {
	0, 1
	scale<0.080000,0.200000,0.300000>
	matrix <-0.131248, -0.988843, -0.070459,
		0.008263, 0.069980, -0.997514,
		0.991315, -0.131504, -0.001013,
		29.788963, 31.220350, 38.345150>
	pigment { color rgbt <0,1,1,0> }
	no_shadow
}
cylinder {
	<29.234632, 31.030380, 37.727333>,  <29.095043, 31.312403, 38.345860>, 0.130000
	pigment { color rgbt <1,0,0,0> }
	no_shadow
}

// nucleotide -1

// particle -1
sphere {
	<29.234632, 31.030380, 37.727333> 0.250000
	pigment { color rgbt <1,0,0,0> }
	no_shadow
}
cylinder {
	<29.508547, 30.908007, 37.991898>,  <29.672895, 30.834581, 38.150639>, 0.100000
	pigment { color rgbt <1,0,0,0> }
	no_shadow
}
cylinder {
	<29.508547, 30.908007, 37.991898>,  <29.234632, 31.030380, 37.727333>, 0.100000
	pigment { color rgbt <1,0,0,0> }
	no_shadow
}

// particle -1
sphere {
	<29.508547, 30.908007, 37.991898> 0.100000
	pigment { color rgbt <1,0,0,0> }
	no_shadow
}
sphere {
	0, 1
	scale<0.080000,0.200000,0.300000>
	matrix <-0.042636, -0.922875, -0.382731,
		0.727496, 0.233889, -0.645016,
		0.684786, -0.305936, 0.661416,
		29.713984, 30.816225, 38.190323>
	pigment { color rgbt <0,1,1,0> }
	no_shadow
}
cylinder {
	<29.748653, 30.696053, 37.297848>,  <29.234632, 31.030380, 37.727333>, 0.130000
	pigment { color rgbt <1,0,0,0> }
	no_shadow
}

// nucleotide -1

// particle -1
sphere {
	<29.748653, 30.696053, 37.297848> 0.250000
	pigment { color rgbt <1,0,0,0> }
	no_shadow
}
cylinder {
	<29.634546, 30.542320, 37.649055>,  <29.566082, 30.450081, 37.859779>, 0.100000
	pigment { color rgbt <1,0,0,0> }
	no_shadow
}
cylinder {
	<29.634546, 30.542320, 37.649055>,  <29.748653, 30.696053, 37.297848>, 0.100000
	pigment { color rgbt <1,0,0,0> }
	no_shadow
}

// particle -1
sphere {
	<29.634546, 30.542320, 37.649055> 0.100000
	pigment { color rgbt <1,0,0,0> }
	no_shadow
}
sphere {
	0, 1
	scale<0.080000,0.200000,0.300000>
	matrix <-0.278756, -0.843211, -0.459663,
		0.917016, -0.375879, 0.133406,
		-0.285267, -0.384330, 0.878016,
		29.548965, 30.427021, 37.912460>
	pigment { color rgbt <0,1,1,0> }
	no_shadow
}
cylinder {
	<29.936470, 31.348186, 37.397129>,  <29.748653, 30.696053, 37.297848>, 0.130000
	pigment { color rgbt <1,0,0,0> }
	no_shadow
}

// nucleotide -1

// particle -1
sphere {
	<29.936470, 31.348186, 37.397129> 0.250000
	pigment { color rgbt <1,0,0,0> }
	no_shadow
}
cylinder {
	<29.722183, 31.480524, 37.707882>,  <29.593611, 31.559927, 37.894333>, 0.100000
	pigment { color rgbt <1,0,0,0> }
	no_shadow
}
cylinder {
	<29.722183, 31.480524, 37.707882>,  <29.936470, 31.348186, 37.397129>, 0.100000
	pigment { color rgbt <1,0,0,0> }
	no_shadow
}

// particle -1
sphere {
	<29.722183, 31.480524, 37.707882> 0.100000
	pigment { color rgbt <1,0,0,0> }
	no_shadow
}
sphere {
	0, 1
	scale<0.080000,0.200000,0.300000>
	matrix <0.037943, 0.928549, -0.369267,
		-0.843544, -0.168346, -0.509994,
		-0.535719, 0.330844, 0.776884,
		29.561468, 31.579777, 37.940948>
	pigment { color rgbt <0,1,1,0> }
	no_shadow
}
cylinder {
	<29.576233, 31.791517, 37.129227>,  <29.936470, 31.348186, 37.397129>, 0.130000
	pigment { color rgbt <1,0,0,0> }
	no_shadow
}

// nucleotide -1

// particle -1
sphere {
	<29.576233, 31.791517, 37.129227> 0.250000
	pigment { color rgbt <1,0,0,0> }
	no_shadow
}
cylinder {
	<29.612139, 31.873383, 37.519108>,  <29.633682, 31.922503, 37.753036>, 0.100000
	pigment { color rgbt <1,0,0,0> }
	no_shadow
}
cylinder {
	<29.612139, 31.873383, 37.519108>,  <29.576233, 31.791517, 37.129227>, 0.100000
	pigment { color rgbt <1,0,0,0> }
	no_shadow
}

// particle -1
sphere {
	<29.612139, 31.873383, 37.519108> 0.100000
	pigment { color rgbt <1,0,0,0> }
	no_shadow
}
sphere {
	0, 1
	scale<0.080000,0.200000,0.300000>
	matrix <0.227468, 0.948579, -0.220126,
		-0.969639, 0.241474, 0.038593,
		0.089764, 0.204665, 0.974707,
		29.639069, 31.934782, 37.811520>
	pigment { color rgbt <0,1,1,0> }
	no_shadow
}
cylinder {
	<29.112465, 32.376247, 37.311539>,  <29.576233, 31.791517, 37.129227>, 0.130000
	pigment { color rgbt <1,0,0,0> }
	no_shadow
}

// nucleotide -1

// particle -1
sphere {
	<29.112465, 32.376247, 37.311539> 0.250000
	pigment { color rgbt <1,0,0,0> }
	no_shadow
}
cylinder {
	<29.370689, 32.394737, 37.616463>,  <29.525623, 32.405830, 37.799416>, 0.100000
	pigment { color rgbt <1,0,0,0> }
	no_shadow
}
cylinder {
	<29.370689, 32.394737, 37.616463>,  <29.112465, 32.376247, 37.311539>, 0.100000
	pigment { color rgbt <1,0,0,0> }
	no_shadow
}

// particle -1
sphere {
	<29.370689, 32.394737, 37.616463> 0.100000
	pigment { color rgbt <1,0,0,0> }
	no_shadow
}
sphere {
	0, 1
	scale<0.080000,0.200000,0.300000>
	matrix <0.011722, 0.997449, -0.070414,
		-0.763620, 0.054392, 0.643371,
		0.645560, 0.046228, 0.762309,
		29.564358, 32.408607, 37.845154>
	pigment { color rgbt <0,1,1,0> }
	no_shadow
}
cylinder {
	<28.922302, 32.912891, 37.623886>,  <29.112465, 32.376247, 37.311539>, 0.130000
	pigment { color rgbt <1,0,0,0> }
	no_shadow
}

// nucleotide -1

// particle -1
sphere {
	<28.922302, 32.912891, 37.623886> 0.250000
	pigment { color rgbt <1,0,0,0> }
	no_shadow
}
cylinder {
	<29.291754, 32.844543, 37.761120>,  <29.513426, 32.803535, 37.843460>, 0.100000
	pigment { color rgbt <1,0,0,0> }
	no_shadow
}
cylinder {
	<29.291754, 32.844543, 37.761120>,  <28.922302, 32.912891, 37.623886>, 0.100000
	pigment { color rgbt <1,0,0,0> }
	no_shadow
}

// particle -1
sphere {
	<29.291754, 32.844543, 37.761120> 0.100000
	pigment { color rgbt <1,0,0,0> }
	no_shadow
}
sphere {
	0, 1
	scale<0.080000,0.200000,0.300000>
	matrix <0.262399, 0.934367, -0.241049,
		-0.279382, 0.312666, 0.907846,
		0.923630, -0.170873, 0.343089,
		29.568842, 32.793282, 37.864048>
	pigment { color rgbt <0,1,1,0> }
	no_shadow
}
cylinder {
	<29.133982, 33.433628, 38.175728>,  <28.922302, 32.912891, 37.623886>, 0.130000
	pigment { color rgbt <1,0,0,0> }
	no_shadow
}

// nucleotide -1

// particle -1
sphere {
	<29.133982, 33.433628, 38.175728> 0.250000
	pigment { color rgbt <1,0,0,0> }
	no_shadow
}
cylinder {
	<29.419073, 33.283058, 37.938976>,  <29.590128, 33.192715, 37.796925>, 0.100000
	pigment { color rgbt <1,0,0,0> }
	no_shadow
}
cylinder {
	<29.419073, 33.283058, 37.938976>,  <29.133982, 33.433628, 38.175728>, 0.100000
	pigment { color rgbt <1,0,0,0> }
	no_shadow
}

// particle -1
sphere {
	<29.419073, 33.283058, 37.938976> 0.100000
	pigment { color rgbt <1,0,0,0> }
	no_shadow
}
sphere {
	0, 1
	scale<0.080000,0.200000,0.300000>
	matrix <0.270850, 0.926052, -0.262807,
