// switches for output
#declare DRAW_BASES = 1; // possible values are 0, 1; only relevant for DNA ribbons
#declare DRAW_BASES_TYPE = 3; // possible values are 1, 2, 3; only relevant for DNA ribbons
#declare DRAW_FOG = 0; // set to 1 to enable fog

#include "colors.inc"

#include "transforms.inc"
background { rgb <1, 1, 1>}

#default {
   normal{
       ripples 0.25
       frequency 0.20
       turbulence 0.2
       lambda 5
   }
	finish {
		phong 0.1
		phong_size 40.
	}
}

// original window dimensions: 1024x640


// camera settings

camera {
	sky <0, 0.179814, -0.983701>
	up <0, 0.179814, -0.983701>
	right 1.6 * <1, 0, 0>
	location <35, 94.9851, 44.8844>
	look_at <35, 29.7336, 32.9568>
	direction <0, -65.2515, -11.9276>
	angle 67.0682
}


# declare cpy_camera_pos = <35, 94.9851, 44.8844>;
# if (DRAW_FOG = 1)
fog {
	fog_type 2
	up vnormalize(cpy_camera_pos)
	color rgbt<1,1,1,0.3>
	distance 1e-5
	fog_alt 3e-3
	fog_offset 56
}
# end


// LIGHTS

# declare lum = 6;
global_settings {
	ambient_light rgb lum * <0.05, 0.05, 0.05>
	max_trace_level 15
}# declare cpy_direct_light_amount = 0.25;
light_source
{	1000 * <-1, -1.16352, -0.803886>,
	rgb lum * cpy_direct_light_amount
	parallel
}

light_source
{	1000 * <1, 1.16352, 0.803886>,
	rgb lum * cpy_direct_light_amount
	parallel
}

// strand 0

// nucleotide -1

// particle -1
sphere {
	<24.393177, 35.187733, 34.667355> 0.250000
	pigment { color rgbt <1,0,0,0> }
	no_shadow
}
cylinder {
	<24.366669, 34.904953, 34.949013>,  <24.350763, 34.735283, 35.118008>, 0.100000
	pigment { color rgbt <1,0,0,0> }
	no_shadow
}
cylinder {
	<24.366669, 34.904953, 34.949013>,  <24.393177, 35.187733, 34.667355>, 0.100000
	pigment { color rgbt <1,0,0,0> }
	no_shadow
}

// particle -1
sphere {
	<24.366669, 34.904953, 34.949013> 0.100000
	pigment { color rgbt <1,0,0,0> }
	no_shadow
}
sphere {
	0, 1
	scale<0.080000,0.200000,0.300000>
	matrix <0.851336, 0.328007, 0.409437,
		-0.520419, 0.626601, 0.580117,
		-0.066271, -0.706953, 0.704149,
		24.346786, 34.692867, 35.160255>
	pigment { color rgbt <0,1,1,0> }
	no_shadow
}
cylinder {
	<24.580162, 35.479500, 35.247101>,  <24.393177, 35.187733, 34.667355>, 0.130000
	pigment { color rgbt <1,0,0,0> }
	no_shadow
}

// nucleotide -1

// particle -1
sphere {
	<24.580162, 35.479500, 35.247101> 0.250000
	pigment { color rgbt <1,0,0,0> }
	no_shadow
}
cylinder {
	<24.631758, 35.083027, 35.259220>,  <24.662716, 34.845142, 35.266491>, 0.100000
	pigment { color rgbt <1,0,0,0> }
	no_shadow
}
cylinder {
	<24.631758, 35.083027, 35.259220>,  <24.580162, 35.479500, 35.247101>, 0.100000
	pigment { color rgbt <1,0,0,0> }
	no_shadow
}

// particle -1
sphere {
	<24.631758, 35.083027, 35.259220> 0.100000
	pigment { color rgbt <1,0,0,0> }
	no_shadow
}
sphere {
	0, 1
	scale<0.080000,0.200000,0.300000>
	matrix <0.865762, 0.127460, 0.483952,
		-0.483547, -0.036194, 0.874570,
		0.128989, -0.991183, 0.030297,
		24.670454, 34.785671, 35.268311>
	pigment { color rgbt <0,1,1,0> }
	no_shadow
}
cylinder {
	<24.643745, 36.028042, 35.717316>,  <24.580162, 35.479500, 35.247101>, 0.130000
	pigment { color rgbt <1,0,0,0> }
	no_shadow
}

// nucleotide -1

// particle -1
sphere {
	<24.643745, 36.028042, 35.717316> 0.250000
	pigment { color rgbt <1,0,0,0> }
	no_shadow
}
cylinder {
	<24.388779, 36.155586, 35.436737>,  <24.235800, 36.232113, 35.268391>, 0.100000
	pigment { color rgbt <1,0,0,0> }
	no_shadow
}
cylinder {
	<24.388779, 36.155586, 35.436737>,  <24.643745, 36.028042, 35.717316>, 0.100000
	pigment { color rgbt <1,0,0,0> }
	no_shadow
}

// particle -1
sphere {
	<24.388779, 36.155586, 35.436737> 0.100000
	pigment { color rgbt <1,0,0,0> }
	no_shadow
}
sphere {
	0, 1
	scale<0.080000,0.200000,0.300000>
	matrix <0.730683, 0.539071, -0.418933,
		0.244548, -0.779569, -0.576601,
		-0.637416, 0.318863, -0.701447,
		24.197554, 36.251244, 35.226303>
	pigment { color rgbt <0,1,1,0> }
	no_shadow
}
cylinder {
	<25.174877, 36.049538, 35.225155>,  <24.643745, 36.028042, 35.717316>, 0.130000
	pigment { color rgbt <1,0,0,0> }
	no_shadow
}

// nucleotide -1

// particle -1
sphere {
	<25.174877, 36.049538, 35.225155> 0.250000
	pigment { color rgbt <1,0,0,0> }
	no_shadow
}
cylinder {
	<24.869999, 36.296455, 35.147175>,  <24.687073, 36.444607, 35.100388>, 0.100000
	pigment { color rgbt <1,0,0,0> }
	no_shadow
}
cylinder {
	<24.869999, 36.296455, 35.147175>,  <25.174877, 36.049538, 35.225155>, 0.100000
	pigment { color rgbt <1,0,0,0> }
	no_shadow
}

// particle -1
sphere {
	<24.869999, 36.296455, 35.147175> 0.100000
	pigment { color rgbt <1,0,0,0> }
	no_shadow
}
sphere {
	0, 1
	scale<0.080000,0.200000,0.300000>
	matrix <0.646734, 0.712991, -0.270887,
		-0.028223, -0.332547, -0.942665,
		-0.762194, 0.617298, -0.194946,
		24.641340, 36.481644, 35.088692>
	pigment { color rgbt <0,1,1,0> }
	no_shadow
}
cylinder {
	<25.057285, 36.286053, 34.517319>,  <25.174877, 36.049538, 35.225155>, 0.130000
	pigment { color rgbt <1,0,0,0> }
	no_shadow
}

// nucleotide -1

// particle -1
sphere {
	<25.057285, 36.286053, 34.517319> 0.250000
	pigment { color rgbt <1,0,0,0> }
	no_shadow
}
cylinder {
	<24.928961, 36.583157, 34.752396>,  <24.851965, 36.761421, 34.893444>, 0.100000
	pigment { color rgbt <1,0,0,0> }
	no_shadow
}
cylinder {
	<24.928961, 36.583157, 34.752396>,  <25.057285, 36.286053, 34.517319>, 0.100000
	pigment { color rgbt <1,0,0,0> }
	no_shadow
}

// particle -1
sphere {
	<24.928961, 36.583157, 34.752396> 0.100000
	pigment { color rgbt <1,0,0,0> }
	no_shadow
}
sphere {
	0, 1
	scale<0.080000,0.200000,0.300000>
	matrix <0.692856, 0.607103, -0.389072,
		-0.645778, 0.282368, -0.709393,
		-0.320813, 0.742761, 0.587694,
		24.832716, 36.805984, 34.928703>
	pigment { color rgbt <0,1,1,0> }
	no_shadow
}
cylinder {
	<24.687094, 36.837395, 34.212269>,  <25.057285, 36.286053, 34.517319>, 0.130000
	pigment { color rgbt <1,0,0,0> }
	no_shadow
}

// nucleotide -1

// particle -1
sphere {
	<24.687094, 36.837395, 34.212269> 0.250000
	pigment { color rgbt <1,0,0,0> }
	no_shadow
}
cylinder {
	<24.911831, 36.918655, 34.533035>,  <25.046673, 36.967411, 34.725494>, 0.100000
	pigment { color rgbt <1,0,0,0> }
	no_shadow
}
cylinder {
	<24.911831, 36.918655, 34.533035>,  <24.687094, 36.837395, 34.212269>, 0.100000
	pigment { color rgbt <1,0,0,0> }
	no_shadow
}

// particle -1
sphere {
	<24.911831, 36.918655, 34.533035> 0.100000
	pigment { color rgbt <1,0,0,0> }
	no_shadow
}
sphere {
	0, 1
	scale<0.080000,0.200000,0.300000>
	matrix <0.572892, 0.603743, -0.554336,
		-0.596765, 0.770858, 0.222821,
		0.561841, 0.203156, 0.801912,
		25.080383, 36.979603, 34.773609>
	pigment { color rgbt <0,1,1,0> }
	no_shadow
}
cylinder {
	<24.618292, 37.506039, 34.327442>,  <24.687094, 36.837395, 34.212269>, 0.130000
	pigment { color rgbt <1,0,0,0> }
	no_shadow
}

// nucleotide -1

// particle -1
sphere {
	<24.618292, 37.506039, 34.327442> 0.250000
	pigment { color rgbt <1,0,0,0> }
	no_shadow
}
cylinder {
	<24.970573, 37.356438, 34.443707>,  <25.181942, 37.266678, 34.513466>, 0.100000
	pigment { color rgbt <1,0,0,0> }
	no_shadow
}
cylinder {
	<24.970573, 37.356438, 34.443707>,  <24.618292, 37.506039, 34.327442>, 0.100000
	pigment { color rgbt <1,0,0,0> }
	no_shadow
}

// particle -1
sphere {
	<24.970573, 37.356438, 34.443707> 0.100000
	pigment { color rgbt <1,0,0,0> }
	no_shadow
}
sphere {
	0, 1
	scale<0.080000,0.200000,0.300000>
	matrix <0.461550, 0.539693, -0.704061,
		0.106450, 0.754225, 0.647930,
		0.880704, -0.373999, 0.290662,
		25.234785, 37.244236, 34.530907>
	pigment { color rgbt <0,1,1,0> }
	no_shadow
}
cylinder {
	<25.079208, 38.123177, 34.451340>,  <24.618292, 37.506039, 34.327442>, 0.130000
	pigment { color rgbt <1,0,0,0> }
	no_shadow
}

// nucleotide -1

// particle -1
sphere {
	<25.079208, 38.123177, 34.451340> 0.250000
	pigment { color rgbt <1,0,0,0> }
	no_shadow
}
cylinder {
	<25.273844, 37.795307, 34.330429>,  <25.390625, 37.598587, 34.257881>, 0.100000
	pigment { color rgbt <1,0,0,0> }
	no_shadow
}
cylinder {
	<25.273844, 37.795307, 34.330429>,  <25.079208, 38.123177, 34.451340>, 0.100000
	pigment { color rgbt <1,0,0,0> }
	no_shadow
}

// particle -1
sphere {
	<25.273844, 37.795307, 34.330429> 0.100000
	pigment { color rgbt <1,0,0,0> }
	no_shadow
}
sphere {
	0, 1
	scale<0.080000,0.200000,0.300000>
	matrix <0.506508, 0.546601, -0.666841,
		0.711814, 0.171373, 0.681141,
		0.486591, -0.819670, -0.302276,
		25.419821, 37.549408, 34.239746>
	pigment { color rgbt <0,1,1,0> }
	no_shadow
}
cylinder {
	<25.686832, 38.360897, 34.319778>,  <25.079208, 38.123177, 34.451340>, 0.130000
	pigment { color rgbt <1,0,0,0> }
	no_shadow
}

// nucleotide -1

// particle -1
sphere {
	<25.686832, 38.360897, 34.319778> 0.250000
	pigment { color rgbt <1,0,0,0> }
	no_shadow
}
cylinder {
	<25.702530, 38.011036, 34.126514>,  <25.711948, 37.801121, 34.010555>, 0.100000
	pigment { color rgbt <1,0,0,0> }
	no_shadow
}
cylinder {
	<25.702530, 38.011036, 34.126514>,  <25.686832, 38.360897, 34.319778>, 0.100000
	pigment { color rgbt <1,0,0,0> }
	no_shadow
}

// particle -1
sphere {
	<25.702530, 38.011036, 34.126514> 0.100000
	pigment { color rgbt <1,0,0,0> }
	no_shadow
}
sphere {
	0, 1
	scale<0.080000,0.200000,0.300000>
	matrix <0.665103, 0.383720, -0.640622,
		0.745720, -0.296206, 0.596795,
		0.039246, -0.874654, -0.483156,
		25.714304, 37.748638, 33.981567>
	pigment { color rgbt <0,1,1,0> }
	no_shadow
}
cylinder {
	<26.426676, 38.186028, 34.366283>,  <25.686832, 38.360897, 34.319778>, 0.130000
	pigment { color rgbt <1,0,0,0> }
	no_shadow
}

// nucleotide -1

// particle -1
sphere {
	<26.426676, 38.186028, 34.366283> 0.250000
	pigment { color rgbt <1,0,0,0> }
	no_shadow
}
cylinder {
	<26.247036, 37.963970, 34.086246>,  <26.139252, 37.830734, 33.918224>, 0.100000
	pigment { color rgbt <1,0,0,0> }
	no_shadow
}
cylinder {
	<26.247036, 37.963970, 34.086246>,  <26.426676, 38.186028, 34.366283>, 0.100000
	pigment { color rgbt <1,0,0,0> }
	no_shadow
}

// particle -1
sphere {
	<26.247036, 37.963970, 34.086246> 0.100000
	pigment { color rgbt <1,0,0,0> }
	no_shadow
}
sphere {
	0, 1
	scale<0.080000,0.200000,0.300000>
	matrix <0.584762, 0.409809, -0.700078,
		0.675547, -0.723791, 0.140582,
		-0.449098, -0.555143, -0.700091,
		26.112307, 37.797428, 33.876221>
	pigment { color rgbt <0,1,1,0> }
	no_shadow
}
cylinder {
	<27.010309, 37.971359, 34.035236>,  <26.426676, 38.186028, 34.366283>, 0.130000
	pigment { color rgbt <1,0,0,0> }
	no_shadow
}

// nucleotide -1

// particle -1
sphere {
	<27.010309, 37.971359, 34.035236> 0.250000
	pigment { color rgbt <1,0,0,0> }
	no_shadow
}
cylinder {
	<26.681612, 37.978985, 33.807419>,  <26.484394, 37.983562, 33.670731>, 0.100000
	pigment { color rgbt <1,0,0,0> }
	no_shadow
}
cylinder {
	<26.681612, 37.978985, 33.807419>,  <27.010309, 37.971359, 34.035236>, 0.100000
	pigment { color rgbt <1,0,0,0> }
	no_shadow
}

// particle -1
sphere {
	<26.681612, 37.978985, 33.807419> 0.100000
	pigment { color rgbt <1,0,0,0> }
	no_shadow
}
sphere {
	0, 1
	scale<0.080000,0.200000,0.300000>
	matrix <0.472371, 0.581840, -0.662063,
		0.318757, -0.813080, -0.487130,
		-0.821741, 0.019069, -0.569541,
		26.435089, 37.984707, 33.636555>
	pigment { color rgbt <0,1,1,0> }
	no_shadow
}
cylinder {
	<27.353399, 37.964867, 33.362988>,  <27.010309, 37.971359, 34.035236>, 0.130000
	pigment { color rgbt <1,0,0,0> }
	no_shadow
}

// nucleotide -1

// particle -1
sphere {
	<27.353399, 37.964867, 33.362988> 0.250000
	pigment { color rgbt <1,0,0,0> }
	no_shadow
}
cylinder {
	<26.987370, 38.126095, 33.357708>,  <26.767752, 38.222832, 33.354542>, 0.100000
	pigment { color rgbt <1,0,0,0> }
	no_shadow
}
cylinder {
	<26.987370, 38.126095, 33.357708>,  <27.353399, 37.964867, 33.362988>, 0.100000
	pigment { color rgbt <1,0,0,0> }
	no_shadow
}

// particle -1
sphere {
	<26.987370, 38.126095, 33.357708> 0.100000
	pigment { color rgbt <1,0,0,0> }
	no_shadow
}
sphere {
	0, 1
	scale<0.080000,0.200000,0.300000>
	matrix <0.300106, 0.658724, -0.689942,
		-0.269406, -0.635307, -0.723744,
		-0.915072, 0.403074, -0.013195,
		26.712849, 38.247017, 33.353748>
	pigment { color rgbt <0,1,1,0> }
	no_shadow
}
cylinder {
	<27.542259, 38.439785, 32.695431>,  <27.353399, 37.964867, 33.362988>, 0.130000
	pigment { color rgbt <1,0,0,0> }
	no_shadow
}

// nucleotide -1

// particle -1
sphere {
	<27.542259, 38.439785, 32.695431> 0.250000
	pigment { color rgbt <1,0,0,0> }
	no_shadow
}
cylinder {
	<27.213840, 38.584393, 32.518711>,  <27.016788, 38.671158, 32.412678>, 0.100000
	pigment { color rgbt <1,0,0,0> }
	no_shadow
}
cylinder {
	<27.213840, 38.584393, 32.518711>,  <27.542259, 38.439785, 32.695431>, 0.100000
	pigment { color rgbt <1,0,0,0> }
	no_shadow
}

// particle -1
sphere {
	<27.213840, 38.584393, 32.518711> 0.100000
	pigment { color rgbt <1,0,0,0> }
	no_shadow
}
sphere {
	0, 1
	scale<0.080000,0.200000,0.300000>
	matrix <-0.557161, -0.676014, 0.482262,
		-0.124314, 0.642112, 0.756464,
		-0.821047, 0.361520, -0.441798,
		26.967525, 38.692848, 32.386173>
	pigment { color rgbt <0,1,1,0> }
	no_shadow
}
cylinder {
	<27.021769, 38.672413, 33.214092>,  <27.542259, 38.439785, 32.695431>, 0.130000
	pigment { color rgbt <1,0,0,0> }
	no_shadow
}

// nucleotide -1

// particle -1
sphere {
	<27.021769, 38.672413, 33.214092> 0.250000
	pigment { color rgbt <1,0,0,0> }
	no_shadow
}
cylinder {
	<26.872044, 38.545277, 32.865639>,  <26.782209, 38.468994, 32.656567>, 0.100000
	pigment { color rgbt <1,0,0,0> }
	no_shadow
}
cylinder {
	<26.872044, 38.545277, 32.865639>,  <27.021769, 38.672413, 33.214092>, 0.100000
	pigment { color rgbt <1,0,0,0> }
	no_shadow
}

// particle -1
sphere {
	<26.872044, 38.545277, 32.865639> 0.100000
	pigment { color rgbt <1,0,0,0> }
	no_shadow
}
sphere {
	0, 1
	scale<0.080000,0.200000,0.300000>
	matrix <-0.295326, -0.849650, 0.436896,
		-0.879018, 0.420803, 0.224168,
		-0.374312, -0.317837, -0.871132,
		26.759750, 38.449924, 32.604298>
	pigment { color rgbt <0,1,1,0> }
	no_shadow
}
cylinder {
	<26.277420, 38.674171, 33.143440>,  <27.021769, 38.672413, 33.214092>, 0.130000
	pigment { color rgbt <1,0,0,0> }
	no_shadow
}

// nucleotide -1

// particle -1
sphere {
	<26.277420, 38.674171, 33.143440> 0.250000
	pigment { color rgbt <1,0,0,0> }
	no_shadow
}
cylinder {
	<26.430071, 38.393593, 32.902664>,  <26.521662, 38.225246, 32.758198>, 0.100000
	pigment { color rgbt <1,0,0,0> }
	no_shadow
}
cylinder {
	<26.430071, 38.393593, 32.902664>,  <26.277420, 38.674171, 33.143440>, 0.100000
	pigment { color rgbt <1,0,0,0> }
	no_shadow
}

// particle -1
sphere {
	<26.430071, 38.393593, 32.902664> 0.100000
	pigment { color rgbt <1,0,0,0> }
	no_shadow
}
sphere {
	0, 1
	scale<0.080000,0.200000,0.300000>
	matrix <-0.505170, -0.703643, 0.499689,
		-0.774056, 0.113386, -0.622881,
		0.381629, -0.701448, -0.601938,
		26.544559, 38.183159, 32.722084>
	pigment { color rgbt <0,1,1,0> }
	no_shadow
}
cylinder {
	<25.682247, 38.349911, 32.783630>,  <26.277420, 38.674171, 33.143440>, 0.130000
	pigment { color rgbt <1,0,0,0> }
	no_shadow
}

// nucleotide -1

// particle -1
sphere {
	<25.682247, 38.349911, 32.783630> 0.250000
	pigment { color rgbt <1,0,0,0> }
	no_shadow
}
cylinder {
	<26.020939, 38.171490, 32.899624>,  <26.224154, 38.064438, 32.969219>, 0.100000
	pigment { color rgbt <1,0,0,0> }
	no_shadow
}
cylinder {
	<26.020939, 38.171490, 32.899624>,  <25.682247, 38.349911, 32.783630>, 0.100000
	pigment { color rgbt <1,0,0,0> }
	no_shadow
}

// particle -1
sphere {
	<26.020939, 38.171490, 32.899624> 0.100000
	pigment { color rgbt <1,0,0,0> }
	no_shadow
}
sphere {
	0, 1
	scale<0.080000,0.200000,0.300000>
	matrix <-0.520740, -0.583163, 0.623498,
		-0.109008, -0.678938, -0.726059,
		0.846727, -0.446054, 0.289981,
		26.274958, 38.037674, 32.986618>
	pigment { color rgbt <0,1,1,0> }
	no_shadow
}
cylinder {
	<25.582230, 37.667782, 32.677486>,  <25.682247, 38.349911, 32.783630>, 0.130000
	pigment { color rgbt <1,0,0,0> }
	no_shadow
}

// nucleotide -1

// particle -1
sphere {
	<25.582230, 37.667782, 32.677486> 0.250000
	pigment { color rgbt <1,0,0,0> }
	no_shadow
}
cylinder {
	<25.842253, 37.752014, 32.969536>,  <25.998266, 37.802555, 33.144764>, 0.100000
	pigment { color rgbt <1,0,0,0> }
	no_shadow
}
cylinder {
	<25.842253, 37.752014, 32.969536>,  <25.582230, 37.667782, 32.677486>, 0.100000
	pigment { color rgbt <1,0,0,0> }
	no_shadow
}

// particle -1
sphere {
	<25.842253, 37.752014, 32.969536> 0.100000
	pigment { color rgbt <1,0,0,0> }
	no_shadow
}
sphere {
	0, 1
	scale<0.080000,0.200000,0.300000>
	matrix <-0.562304, -0.512973, 0.648593,
		0.511118, -0.832173, -0.215048,
		0.650055, 0.210586, 0.730124,
		26.037270, 37.815189, 33.188572>
	pigment { color rgbt <0,1,1,0> }
	no_shadow
}
cylinder {
	<25.396441, 37.059822, 32.976215>,  <25.582230, 37.667782, 32.677486>, 0.130000
	pigment { color rgbt <1,0,0,0> }
	no_shadow
}

// nucleotide -1

// particle -1
sphere {
	<25.396441, 37.059822, 32.976215> 0.250000
	pigment { color rgbt <1,0,0,0> }
	no_shadow
}
cylinder {
	<25.637974, 37.268627, 33.217175>,  <25.782894, 37.393909, 33.361752>, 0.100000
	pigment { color rgbt <1,0,0,0> }
	no_shadow
}
cylinder {
	<25.637974, 37.268627, 33.217175>,  <25.396441, 37.059822, 32.976215>, 0.100000
	pigment { color rgbt <1,0,0,0> }
	no_shadow
}

// particle -1
sphere {
	<25.637974, 37.268627, 33.217175> 0.100000
	pigment { color rgbt <1,0,0,0> }
	no_shadow
}
sphere {
	0, 1
	scale<0.080000,0.200000,0.300000>
	matrix <-0.327254, -0.526756, 0.784495,
		0.726837, -0.670841, -0.147240,
		0.603831, 0.522016, 0.602401,
		25.819122, 37.425232, 33.397896>
	pigment { color rgbt <0,1,1,0> }
	no_shadow
}
cylinder {
	<25.795502, 36.619335, 33.428093>,  <25.396441, 37.059822, 32.976215>, 0.130000
	pigment { color rgbt <1,0,0,0> }
	no_shadow
}

// nucleotide -1

// particle -1
sphere {
	<25.795502, 36.619335, 33.428093> 0.250000
	pigment { color rgbt <1,0,0,0> }
	no_shadow
}
cylinder {
	<25.775974, 36.983074, 33.593357>,  <25.764257, 37.201317, 33.692516>, 0.100000
	pigment { color rgbt <1,0,0,0> }
	no_shadow
}
cylinder {
	<25.775974, 36.983074, 33.593357>,  <25.795502, 36.619335, 33.428093>, 0.100000
	pigment { color rgbt <1,0,0,0> }
	no_shadow
}

// particle -1
sphere {
	<25.775974, 36.983074, 33.593357> 0.100000
	pigment { color rgbt <1,0,0,0> }
	no_shadow
}
sphere {
	0, 1
	scale<0.080000,0.200000,0.300000>
	matrix <-0.413909, -0.394883, 0.820211,
		0.909008, -0.130968, 0.395666,
		-0.048820, 0.909349, 0.413161,
		25.761328, 37.255878, 33.717304>
	pigment { color rgbt <0,1,1,0> }
	no_shadow
}
cylinder {
	<26.168604, 36.495892, 34.001244>,  <25.795502, 36.619335, 33.428093>, 0.130000
	pigment { color rgbt <1,0,0,0> }
	no_shadow
}

// nucleotide -1

// particle -1
sphere {
	<26.168604, 36.495892, 34.001244> 0.250000
	pigment { color rgbt <1,0,0,0> }
	no_shadow
}
cylinder {
	<25.934557, 36.816658, 34.049515>,  <25.794128, 37.009117, 34.078480>, 0.100000
	pigment { color rgbt <1,0,0,0> }
	no_shadow
}
cylinder {
	<25.934557, 36.816658, 34.049515>,  <26.168604, 36.495892, 34.001244>, 0.100000
	pigment { color rgbt <1,0,0,0> }
	no_shadow
}

// particle -1
sphere {
	<25.934557, 36.816658, 34.049515> 0.100000
	pigment { color rgbt <1,0,0,0> }
	no_shadow
}
sphere {
	0, 1
	scale<0.080000,0.200000,0.300000>
	matrix <-0.471927, -0.457738, 0.753499,
		0.659484, 0.383934, 0.646278,
		-0.585120, 0.801917, 0.120682,
		25.759022, 37.057232, 34.085720>
	pigment { color rgbt <0,1,1,0> }
	no_shadow
}
cylinder {
	<26.022303, 36.637165, 34.718147>,  <26.168604, 36.495892, 34.001244>, 0.130000
	pigment { color rgbt <1,0,0,0> }
	no_shadow
}

// nucleotide -1

// particle -1
sphere {
	<26.022303, 36.637165, 34.718147> 0.250000
	pigment { color rgbt <1,0,0,0> }
	no_shadow
}
cylinder {
	<25.720341, 36.779533, 34.497807>,  <25.539164, 36.864952, 34.365601>, 0.100000
	pigment { color rgbt <1,0,0,0> }
	no_shadow
}
cylinder {
	<25.720341, 36.779533, 34.497807>,  <26.022303, 36.637165, 34.718147>, 0.100000
	pigment { color rgbt <1,0,0,0> }
	no_shadow
}

// particle -1
sphere {
	<25.720341, 36.779533, 34.497807> 0.100000
	pigment { color rgbt <1,0,0,0> }
	no_shadow
}
sphere {
	0, 1
	scale<0.080000,0.200000,0.300000>
	matrix <-0.653082, -0.484807, 0.581761,
		-0.059999, 0.798928, 0.598427,
		-0.754906, 0.355917, -0.550853,
		25.493868, 36.886307, 34.332550>
	pigment { color rgbt <0,1,1,0> }
	no_shadow
}
cylinder {
	<26.658525, 36.160130, 34.923523>,  <26.022303, 36.637165, 34.718147>, 0.130000
	pigment { color rgbt <1,0,0,0> }
	no_shadow
}

// nucleotide -1

// particle -1
sphere {
	<26.658525, 36.160130, 34.923523> 0.250000
	pigment { color rgbt <1,0,0,0> }
	no_shadow
}
cylinder {
	<26.574242, 36.528309, 35.055206>,  <26.523672, 36.749218, 35.134216>, 0.100000
	pigment { color rgbt <1,0,0,0> }
	no_shadow
}
cylinder {
	<26.574242, 36.528309, 35.055206>,  <26.658525, 36.160130, 34.923523>, 0.100000
	pigment { color rgbt <1,0,0,0> }
	no_shadow
}

// particle -1
sphere {
	<26.574242, 36.528309, 35.055206> 0.100000
	pigment { color rgbt <1,0,0,0> }
	no_shadow
}
sphere {
	0, 1
	scale<0.080000,0.200000,0.300000>
	matrix <0.304097, -0.258337, 0.916944,
		0.929046, 0.293317, -0.225472,
		-0.210708, 0.920449, 0.329204,
		26.511030, 36.804443, 35.153969>
	pigment { color rgbt <0,1,1,0> }
	no_shadow
}
cylinder {
	<27.335718, 36.524761, 35.142883>,  <26.658525, 36.160130, 34.923523>, 0.130000
	pigment { color rgbt <1,0,0,0> }
	no_shadow
}

// nucleotide -1

// particle -1
sphere {
	<27.335718, 36.524761, 35.142883> 0.250000
	pigment { color rgbt <1,0,0,0> }
	no_shadow
}
cylinder {
	<27.010468, 36.651142, 35.338432>,  <26.815317, 36.726971, 35.455761>, 0.100000
	pigment { color rgbt <1,0,0,0> }
	no_shadow
}
cylinder {
	<27.010468, 36.651142, 35.338432>,  <27.335718, 36.524761, 35.142883>, 0.100000
	pigment { color rgbt <1,0,0,0> }
	no_shadow
}

// particle -1
sphere {
	<27.010468, 36.651142, 35.338432> 0.100000
	pigment { color rgbt <1,0,0,0> }
	no_shadow
}
sphere {
	0, 1
	scale<0.080000,0.200000,0.300000>
	matrix <0.487923, -0.088018, 0.868437,
		0.317416, 0.944683, -0.082592,
		-0.813128, 0.315955, 0.488871,
		26.766529, 36.745930, 35.485092>
	pigment { color rgbt <0,1,1,0> }
	no_shadow
}
cylinder {
	<27.510077, 37.256672, 35.512615>,  <27.335718, 36.524761, 35.142883>, 0.130000
	pigment { color rgbt <1,0,0,0> }
	no_shadow
}

// nucleotide -1

// particle -1
sphere {
	<27.510077, 37.256672, 35.512615> 0.250000
	pigment { color rgbt <1,0,0,0> }
	no_shadow
}
cylinder {
	<27.217104, 37.050056, 35.690029>,  <27.041321, 36.926086, 35.796478>, 0.100000
	pigment { color rgbt <1,0,0,0> }
	no_shadow
}
cylinder {
	<27.217104, 37.050056, 35.690029>,  <27.510077, 37.256672, 35.512615>, 0.100000
	pigment { color rgbt <1,0,0,0> }
	no_shadow
}

// particle -1
sphere {
	<27.217104, 37.050056, 35.690029> 0.100000
	pigment { color rgbt <1,0,0,0> }
	no_shadow
}
sphere {
	0, 1
	scale<0.080000,0.200000,0.300000>
	matrix <0.526328, -0.016333, 0.850124,
		-0.431881, 0.856106, 0.283834,
		-0.732432, -0.516543, 0.443539,
		26.997374, 36.895092, 35.823090>
	pigment { color rgbt <0,1,1,0> }
	no_shadow
}
cylinder {
	<27.165106, 37.623997, 36.117512>,  <27.510077, 37.256672, 35.512615>, 0.130000
	pigment { color rgbt <1,0,0,0> }
	no_shadow
}

// nucleotide -1

// particle -1
sphere {
	<27.165106, 37.623997, 36.117512> 0.250000
	pigment { color rgbt <1,0,0,0> }
	no_shadow
}
cylinder {
	<27.163330, 37.224369, 36.134701>,  <27.162266, 36.984592, 36.145012>, 0.100000
	pigment { color rgbt <1,0,0,0> }
	no_shadow
}
cylinder {
	<27.163330, 37.224369, 36.134701>,  <27.165106, 37.623997, 36.117512>, 0.100000
	pigment { color rgbt <1,0,0,0> }
	no_shadow
}

// particle -1
sphere {
	<27.163330, 37.224369, 36.134701> 0.100000
	pigment { color rgbt <1,0,0,0> }
	no_shadow
}
sphere {
	0, 1
	scale<0.080000,0.200000,0.300000>
	matrix <0.613079, 0.031229, 0.789404,
		-0.790009, 0.029848, 0.612368,
		-0.004438, -0.999067, 0.042970,
		27.161999, 36.924648, 36.147591>
	pigment { color rgbt <0,1,1,0> }
	no_shadow
}
cylinder {
	<27.260937, 38.379517, 36.122082>,  <27.165106, 37.623997, 36.117512>, 0.130000
	pigment { color rgbt <1,0,0,0> }
	no_shadow
}

// nucleotide -1

// particle -1
sphere {
	<27.260937, 38.379517, 36.122082> 0.250000
	pigment { color rgbt <1,0,0,0> }
	no_shadow
}
cylinder {
	<27.606724, 38.283207, 35.945572>,  <27.814196, 38.225422, 35.839664>, 0.100000
	pigment { color rgbt <1,0,0,0> }
	no_shadow
}
cylinder {
	<27.606724, 38.283207, 35.945572>,  <27.260937, 38.379517, 36.122082>, 0.100000
	pigment { color rgbt <1,0,0,0> }
	no_shadow
}

// particle -1
sphere {
	<27.606724, 38.283207, 35.945572> 0.100000
	pigment { color rgbt <1,0,0,0> }
	no_shadow
}
sphere {
	0, 1
	scale<0.080000,0.200000,0.300000>
	matrix <0.362851, 0.906404, 0.216264,
		0.347906, -0.347071, 0.870921,
		0.864465, -0.240775, -0.441278,
		27.866064, 38.210976, 35.813187>
	pigment { color rgbt <0,1,1,0> }
	no_shadow
}
cylinder {
	<27.888540, 38.442909, 36.610470>,  <27.260937, 38.379517, 36.122082>, 0.130000
	pigment { color rgbt <1,0,0,0> }
	no_shadow
}

// nucleotide -1

// particle -1
sphere {
	<27.888540, 38.442909, 36.610470> 0.250000
	pigment { color rgbt <1,0,0,0> }
	no_shadow
}
cylinder {
	<28.024778, 38.511711, 36.240734>,  <28.106522, 38.552990, 36.018890>, 0.100000
	pigment { color rgbt <1,0,0,0> }
	no_shadow
}
cylinder {
	<28.024778, 38.511711, 36.240734>,  <27.888540, 38.442909, 36.610470>, 0.100000
	pigment { color rgbt <1,0,0,0> }
	no_shadow
}

// particle -1
sphere {
	<28.024778, 38.511711, 36.240734> 0.100000
	pigment { color rgbt <1,0,0,0> }
	no_shadow
}
sphere {
	0, 1
	scale<0.080000,0.200000,0.300000>
	matrix <0.357762, 0.885460, 0.296593,
		0.869483, -0.431712, 0.240048,
		0.340596, 0.172003, -0.924343,
		28.126957, 38.563313, 35.963432>
	pigment { color rgbt <0,1,1,0> }
	no_shadow
}
cylinder {
	<28.566021, 38.578590, 36.647511>,  <27.888540, 38.442909, 36.610470>, 0.130000
	pigment { color rgbt <1,0,0,0> }
	no_shadow
}

// nucleotide -1

// particle -1
sphere {
	<28.566021, 38.578590, 36.647511> 0.250000
	pigment { color rgbt <1,0,0,0> }
	no_shadow
}
cylinder {
	<28.437515, 38.755165, 36.312386>,  <28.360411, 38.861111, 36.111313>, 0.100000
	pigment { color rgbt <1,0,0,0> }
	no_shadow
}
cylinder {
	<28.437515, 38.755165, 36.312386>,  <28.566021, 38.578590, 36.647511>, 0.100000
	pigment { color rgbt <1,0,0,0> }
	no_shadow
}

// particle -1
sphere {
	<28.437515, 38.755165, 36.312386> 0.100000
	pigment { color rgbt <1,0,0,0> }
	no_shadow
}
sphere {
	0, 1
	scale<0.080000,0.200000,0.300000>
	matrix <0.315051, 0.884134, 0.345036,
		0.893046, -0.153104, -0.423117,
		-0.321266, 0.441436, -0.837808,
		28.341135, 38.887596, 36.061043>
	pigment { color rgbt <0,1,1,0> }
	no_shadow
}
cylinder {
	<29.082193, 39.096645, 36.339130>,  <28.566021, 38.578590, 36.647511>, 0.130000
	pigment { color rgbt <1,0,0,0> }
	no_shadow
}

// nucleotide -1

// particle -1
sphere {
	<29.082193, 39.096645, 36.339130> 0.250000
	pigment { color rgbt <1,0,0,0> }
	no_shadow
}
cylinder {
	<28.703522, 39.200523, 36.262859>,  <28.476318, 39.262852, 36.217094>, 0.100000
	pigment { color rgbt <1,0,0,0> }
	no_shadow
}
cylinder {
	<28.703522, 39.200523, 36.262859>,  <29.082193, 39.096645, 36.339130>, 0.100000
	pigment { color rgbt <1,0,0,0> }
	no_shadow
}

// particle -1
sphere {
	<28.703522, 39.200523, 36.262859> 0.100000
	pigment { color rgbt <1,0,0,0> }
	no_shadow
}
sphere {
	0, 1
	scale<0.080000,0.200000,0.300000>
	matrix <0.159330, 0.891770, 0.423509,
		0.280026, 0.370545, -0.885597,
		-0.946678, 0.259695, -0.190680,
		28.419518, 39.278431, 36.205654>
	pigment { color rgbt <0,1,1,0> }
	no_shadow
}
cylinder {
	<29.095091, 39.813606, 36.047878>,  <29.082193, 39.096645, 36.339130>, 0.130000
	pigment { color rgbt <1,0,0,0> }
	no_shadow
}

// nucleotide -1

// particle -1
sphere {
	<29.095091, 39.813606, 36.047878> 0.250000
	pigment { color rgbt <1,0,0,0> }
	no_shadow
}
cylinder {
	<28.738111, 39.767132, 36.222248>,  <28.523924, 39.739246, 36.326870>, 0.100000
	pigment { color rgbt <1,0,0,0> }
	no_shadow
}
cylinder {
	<28.738111, 39.767132, 36.222248>,  <29.095091, 39.813606, 36.047878>, 0.100000
	pigment { color rgbt <1,0,0,0> }
	no_shadow
}

// particle -1
sphere {
	<28.738111, 39.767132, 36.222248> 0.100000
	pigment { color rgbt <1,0,0,0> }
	no_shadow
}
sphere {
	0, 1
	scale<0.080000,0.200000,0.300000>
	matrix <0.104604, 0.886647, 0.450462,
		-0.438851, 0.447614, -0.779135,
		-0.892450, -0.116186, 0.435928,
		28.470377, 39.732277, 36.353027>
	pigment { color rgbt <0,1,1,0> }
	no_shadow
}
cylinder {
	<29.360313, 40.171532, 35.415863>,  <29.095091, 39.813606, 36.047878>, 0.130000
	pigment { color rgbt <1,0,0,0> }
	no_shadow
}

// nucleotide -1

// particle -1
sphere {
	<29.360313, 40.171532, 35.415863> 0.250000
	pigment { color rgbt <1,0,0,0> }
	no_shadow
}
cylinder {
	<29.592373, 39.852413, 35.481525>,  <29.731609, 39.660942, 35.520924>, 0.100000
	pigment { color rgbt <1,0,0,0> }
	no_shadow
}
cylinder {
	<29.592373, 39.852413, 35.481525>,  <29.360313, 40.171532, 35.415863>, 0.100000
	pigment { color rgbt <1,0,0,0> }
	no_shadow
}

// particle -1
sphere {
	<29.592373, 39.852413, 35.481525> 0.100000
	pigment { color rgbt <1,0,0,0> }
	no_shadow
}
sphere {
	0, 1
	scale<0.080000,0.200000,0.300000>
	matrix <0.512718, 0.514302, 0.687469,
		-0.632888, -0.314667, 0.707416,
		0.580149, -0.797796, 0.164160,
		29.766418, 39.613075, 35.530773>
	pigment { color rgbt <0,1,1,0> }
	no_shadow
}
cylinder {
	<30.046738, 40.044697, 35.524399>,  <29.360313, 40.171532, 35.415863>, 0.130000
	pigment { color rgbt <1,0,0,0> }
	no_shadow
}

// nucleotide -1

// particle -1
sphere {
	<30.046738, 40.044697, 35.524399> 0.250000
	pigment { color rgbt <1,0,0,0> }
	no_shadow
}
cylinder {
	<30.424786, 39.983017, 35.639614>,  <30.651615, 39.946011, 35.708744>, 0.100000
	pigment { color rgbt <1,0,0,0> }
	no_shadow
}
cylinder {
	<30.424786, 39.983017, 35.639614>,  <30.046738, 40.044697, 35.524399>, 0.100000
	pigment { color rgbt <1,0,0,0> }
	no_shadow
}

// particle -1
sphere {
	<30.424786, 39.983017, 35.639614> 0.100000
	pigment { color rgbt <1,0,0,0> }
	no_shadow
}
sphere {
	0, 1
	scale<0.080000,0.200000,0.300000>
	matrix <0.016612, 0.903161, 0.428982,
		-0.326295, -0.400655, 0.856158,
		0.945122, -0.154197, 0.288042,
		30.708323, 39.936756, 35.726028>
	pigment { color rgbt <0,1,1,0> }
	no_shadow
}
cylinder {
	<30.274584, 39.730850, 36.250740>,  <30.046738, 40.044697, 35.524399>, 0.130000
	pigment { color rgbt <1,0,0,0> }
	no_shadow
}

// nucleotide -1

// particle -1
sphere {
	<30.274584, 39.730850, 36.250740> 0.250000
	pigment { color rgbt <1,0,0,0> }
	no_shadow
}
cylinder {
	<30.521732, 40.001118, 36.089886>,  <30.670021, 40.163277, 35.993374>, 0.100000
	pigment { color rgbt <1,0,0,0> }
	no_shadow
}
cylinder {
	<30.521732, 40.001118, 36.089886>,  <30.274584, 39.730850, 36.250740>, 0.100000
	pigment { color rgbt <1,0,0,0> }
	no_shadow
}

// particle -1
sphere {
	<30.521732, 40.001118, 36.089886> 0.100000
	pigment { color rgbt <1,0,0,0> }
	no_shadow
}
sphere {
	0, 1
	scale<0.080000,0.200000,0.300000>
	matrix <-0.099479, 0.574503, 0.812435,
		0.779962, -0.461974, 0.422182,
		0.617869, 0.675667, -0.402134,
		30.707092, 40.203819, 35.969246>
	pigment { color rgbt <0,1,1,0> }
	no_shadow
}
cylinder {
	<30.800396, 39.861809, 36.712460>,  <30.274584, 39.730850, 36.250740>, 0.130000
	pigment { color rgbt <1,0,0,0> }
	no_shadow
}

// nucleotide -1

// particle -1
sphere {
	<30.800396, 39.861809, 36.712460> 0.250000
	pigment { color rgbt <1,0,0,0> }
	no_shadow
}
cylinder {
	<30.775604, 40.185993, 36.479458>,  <30.760729, 40.380505, 36.339657>, 0.100000
	pigment { color rgbt <1,0,0,0> }
	no_shadow
}
cylinder {
	<30.775604, 40.185993, 36.479458>,  <30.800396, 39.861809, 36.712460>, 0.100000
	pigment { color rgbt <1,0,0,0> }
	no_shadow
}

// particle -1
sphere {
	<30.775604, 40.185993, 36.479458> 0.100000
	pigment { color rgbt <1,0,0,0> }
	no_shadow
}
sphere {
	0, 1
	scale<0.080000,0.200000,0.300000>
	matrix <-0.116288, 0.573785, 0.810709,
		0.991280, 0.117986, 0.058683,
		-0.061981, 0.810463, -0.582501,
		30.757010, 40.429131, 36.304707>
	pigment { color rgbt <0,1,1,0> }
	no_shadow
}
cylinder {
	<31.222157, 40.433331, 37.088135>,  <30.800396, 39.861809, 36.712460>, 0.130000
	pigment { color rgbt <1,0,0,0> }
	no_shadow
}

// nucleotide -1

// particle -1
sphere {
	<31.222157, 40.433331, 37.088135> 0.250000
	pigment { color rgbt <1,0,0,0> }
	no_shadow
}
cylinder {
	<30.947186, 40.590317, 36.843704>,  <30.782202, 40.684509, 36.697048>, 0.100000
	pigment { color rgbt <1,0,0,0> }
	no_shadow
}
cylinder {
	<30.947186, 40.590317, 36.843704>,  <31.222157, 40.433331, 37.088135>, 0.100000
	pigment { color rgbt <1,0,0,0> }
	no_shadow
}

// particle -1
sphere {
	<30.947186, 40.590317, 36.843704> 0.100000
	pigment { color rgbt <1,0,0,0> }
	no_shadow
}
sphere {
	0, 1
	scale<0.080000,0.200000,0.300000>
	matrix <-0.147710, 0.748267, 0.646744,
		0.711071, 0.534852, -0.456410,
		-0.687429, 0.392465, -0.611074,
		30.740957, 40.708057, 36.660381>
	pigment { color rgbt <0,1,1,0> }
	no_shadow
}
cylinder {
	<30.936277, 40.667366, 37.765972>,  <31.222157, 40.433331, 37.088135>, 0.130000
	pigment { color rgbt <1,0,0,0> }
	no_shadow
}

// nucleotide -1

// particle -1
sphere {
	<30.936277, 40.667366, 37.765972> 0.250000
	pigment { color rgbt <1,0,0,0> }
	no_shadow
}
cylinder {
	<30.908503, 41.064739, 37.729607>,  <30.891838, 41.303165, 37.707787>, 0.100000
	pigment { color rgbt <1,0,0,0> }
	no_shadow
}
cylinder {
	<30.908503, 41.064739, 37.729607>,  <30.936277, 40.667366, 37.765972>, 0.100000
	pigment { color rgbt <1,0,0,0> }
	no_shadow
}

// particle -1
sphere {
	<30.908503, 41.064739, 37.729607> 0.100000
	pigment { color rgbt <1,0,0,0> }
	no_shadow
}
sphere {
	0, 1
	scale<0.080000,0.200000,0.300000>
	matrix <0.172588, -0.077795, -0.981917,
		-0.982544, -0.083872, -0.166053,
		-0.069437, 0.993435, -0.090912,
		30.887671, 41.362770, 37.702332>
	pigment { color rgbt <0,1,1,0> }
	no_shadow
}
cylinder {
	<30.353401, 40.758850, 37.263561>,  <30.936277, 40.667366, 37.765972>, 0.130000
	pigment { color rgbt <1,0,0,0> }
	no_shadow
}

// nucleotide -1

// particle -1
sphere {
	<30.353401, 40.758850, 37.263561> 0.250000
	pigment { color rgbt <1,0,0,0> }
	no_shadow
}
cylinder {
	<30.611633, 41.061443, 37.221695>,  <30.766573, 41.243000, 37.196575>, 0.100000
	pigment { color rgbt <1,0,0,0> }
	no_shadow
}
cylinder {
	<30.611633, 41.061443, 37.221695>,  <30.353401, 40.758850, 37.263561>, 0.100000
	pigment { color rgbt <1,0,0,0> }
	no_shadow
}

// particle -1
sphere {
	<30.611633, 41.061443, 37.221695> 0.100000
	pigment { color rgbt <1,0,0,0> }
	no_shadow
}
sphere {
	0, 1
	scale<0.080000,0.200000,0.300000>
	matrix <0.003297, -0.139810, -0.990173,
		-0.763684, 0.638893, -0.092753,
		0.645582, 0.756485, -0.104664,
		30.805307, 41.288387, 37.190296>
	pigment { color rgbt <0,1,1,0> }
	no_shadow
}
cylinder {
	<30.068964, 41.233044, 36.794502>,  <30.353401, 40.758850, 37.263561>, 0.130000
	pigment { color rgbt <1,0,0,0> }
	no_shadow
}

// nucleotide -1

// particle -1
sphere {
	<30.068964, 41.233044, 36.794502> 0.250000
	pigment { color rgbt <1,0,0,0> }
	no_shadow
}
cylinder {
	<30.467333, 41.266518, 36.781010>,  <30.706354, 41.286602, 36.772915>, 0.100000
	pigment { color rgbt <1,0,0,0> }
	no_shadow
}
cylinder {
	<30.467333, 41.266518, 36.781010>,  <30.068964, 41.233044, 36.794502>, 0.100000
	pigment { color rgbt <1,0,0,0> }
	no_shadow
}

// particle -1
sphere {
	<30.467333, 41.266518, 36.781010> 0.100000
	pigment { color rgbt <1,0,0,0> }
	no_shadow
}
sphere {
	0, 1
	scale<0.080000,0.200000,0.300000>
	matrix <0.009999, -0.473932, -0.880505,
		-0.089669, 0.876576, -0.472835,
		0.995921, 0.083682, -0.033732,
		30.766109, 41.291622, 36.770889>
	pigment { color rgbt <0,1,1,0> }
	no_shadow
}
cylinder {
	<30.197594, 41.470097, 36.114384>,  <30.068964, 41.233044, 36.794502>, 0.130000
	pigment { color rgbt <1,0,0,0> }
	no_shadow
}

// nucleotide -1

// particle -1
sphere {
	<30.197594, 41.470097, 36.114384> 0.250000
	pigment { color rgbt <1,0,0,0> }
	no_shadow
}
cylinder {
	<30.504953, 41.265820, 36.268661>,  <30.689369, 41.143253, 36.361229>, 0.100000
	pigment { color rgbt <1,0,0,0> }
	no_shadow
}
cylinder {
	<30.504953, 41.265820, 36.268661>,  <30.197594, 41.470097, 36.114384>, 0.100000
	pigment { color rgbt <1,0,0,0> }
	no_shadow
}

// particle -1
sphere {
	<30.504953, 41.265820, 36.268661> 0.100000
	pigment { color rgbt <1,0,0,0> }
	no_shadow
}
sphere {
	0, 1
	scale<0.080000,0.200000,0.300000>
	matrix <0.194599, -0.387690, -0.901015,
		0.609669, 0.767394, -0.198520,
		0.768398, -0.510689, 0.385697,
		30.735474, 41.112614, 36.384369>
	pigment { color rgbt <0,1,1,0> }
	no_shadow
}
cylinder {
	<30.731350, 41.498989, 35.613293>,  <30.197594, 41.470097, 36.114384>, 0.130000
	pigment { color rgbt <1,0,0,0> }
	no_shadow
}

// nucleotide -1

// particle -1
sphere {
	<30.731350, 41.498989, 35.613293> 0.250000
	pigment { color rgbt <1,0,0,0> }
	no_shadow
}
cylinder {
	<30.787382, 41.165905, 35.827576>,  <30.821001, 40.966057, 35.956146>, 0.100000
	pigment { color rgbt <1,0,0,0> }
	no_shadow
}
cylinder {
	<30.787382, 41.165905, 35.827576>,  <30.731350, 41.498989, 35.613293>, 0.100000
	pigment { color rgbt <1,0,0,0> }
	no_shadow
}

// particle -1
sphere {
	<30.787382, 41.165905, 35.827576> 0.100000
	pigment { color rgbt <1,0,0,0> }
	no_shadow
}
sphere {
	0, 1
	scale<0.080000,0.200000,0.300000>
	matrix <0.160212, -0.514846, -0.842179,
		0.977092, 0.203799, 0.061290,
		0.140080, -0.832707, 0.535703,
		30.829407, 40.916092, 35.988285>
	pigment { color rgbt <0,1,1,0> }
	no_shadow
}
cylinder {
	<31.436136, 41.189819, 35.451458>,  <30.731350, 41.498989, 35.613293>, 0.130000
	pigment { color rgbt <1,0,0,0> }
	no_shadow
}

// nucleotide -1

// particle -1
sphere {
	<31.436136, 41.189819, 35.451458> 0.250000
	pigment { color rgbt <1,0,0,0> }
	no_shadow
}
cylinder {
	<31.209743, 40.897705, 35.604481>,  <31.073908, 40.722435, 35.696293>, 0.100000
	pigment { color rgbt <1,0,0,0> }
	no_shadow
}
cylinder {
	<31.209743, 40.897705, 35.604481>,  <31.436136, 41.189819, 35.451458>, 0.100000
	pigment { color rgbt <1,0,0,0> }
	no_shadow
}

// particle -1
sphere {
	<31.209743, 40.897705, 35.604481> 0.100000
	pigment { color rgbt <1,0,0,0> }
	no_shadow
}
sphere {
	0, 1
	scale<0.080000,0.200000,0.300000>
	matrix <0.243447, -0.591383, -0.768765,
		0.787654, -0.341975, 0.512498,
		-0.565981, -0.730287, 0.382552,
		31.039949, 40.678619, 35.719246>
	pigment { color rgbt <0,1,1,0> }
	no_shadow
}
cylinder {
	<31.824348, 40.504242, 35.564350>,  <31.436136, 41.189819, 35.451458>, 0.130000
	pigment { color rgbt <1,0,0,0> }
	no_shadow
}

// nucleotide -1

// particle -1
sphere {
	<31.824348, 40.504242, 35.564350> 0.250000
	pigment { color rgbt <1,0,0,0> }
	no_shadow
}
cylinder {
	<31.438457, 40.443058, 35.478649>,  <31.206923, 40.406345, 35.427231>, 0.100000
	pigment { color rgbt <1,0,0,0> }
	no_shadow
}
cylinder {
	<31.438457, 40.443058, 35.478649>,  <31.824348, 40.504242, 35.564350>, 0.100000
	pigment { color rgbt <1,0,0,0> }
	no_shadow
}

// particle -1
sphere {
	<31.438457, 40.443058, 35.478649> 0.100000
	pigment { color rgbt <1,0,0,0> }
	no_shadow
}
sphere {
	0, 1
	scale<0.080000,0.200000,0.300000>
	matrix <0.263064, -0.529425, -0.806540,
		0.009942, -0.834452, 0.550990,
		-0.964727, -0.152964, -0.214251,
		31.149040, 40.397167, 35.414375>
	pigment { color rgbt <0,1,1,0> }
	no_shadow
}
cylinder {
	<31.937262, 39.863873, 35.308838>,  <31.824348, 40.504242, 35.564350>, 0.130000
	pigment { color rgbt <1,0,0,0> }
	no_shadow
}

// nucleotide -1

// particle -1
sphere {
	<31.937262, 39.863873, 35.308838> 0.250000
	pigment { color rgbt <1,0,0,0> }
	no_shadow
}
cylinder {
	<31.590279, 40.009411, 35.173115>,  <31.382088, 40.096733, 35.091679>, 0.100000
	pigment { color rgbt <1,0,0,0> }
	no_shadow
}
cylinder {
	<31.590279, 40.009411, 35.173115>,  <31.937262, 39.863873, 35.308838>, 0.100000
	pigment { color rgbt <1,0,0,0> }
	no_shadow
}

// particle -1
sphere {
	<31.590279, 40.009411, 35.173115> 0.100000
	pigment { color rgbt <1,0,0,0> }
	no_shadow
}
sphere {
	0, 1
	scale<0.080000,0.200000,0.300000>
	matrix <0.043236, -0.624308, -0.779981,
