// switches for output
#declare DRAW_BASES = 1; // possible values are 0, 1; only relevant for DNA ribbons
#declare DRAW_BASES_TYPE = 3; // possible values are 1, 2, 3; only relevant for DNA ribbons
#declare DRAW_FOG = 0; // set to 1 to enable fog

#include "colors.inc"

#include "transforms.inc"
background { rgb <1, 1, 1>}

#default {
   normal{
       ripples 0.25
       frequency 0.20
       turbulence 0.2
       lambda 5
   }
	finish {
		phong 0.1
		phong_size 40.
	}
}

// original window dimensions: 1024x640


// camera settings

camera {
	sky <0, 0.179814, -0.983701>
	up <0, 0.179814, -0.983701>
	right 1.6 * <1, 0, 0>
	location <35, 94.9851, 44.8844>
	look_at <35, 29.7336, 32.9568>
	direction <0, -65.2515, -11.9276>
	angle 67.0682
}


# declare cpy_camera_pos = <35, 94.9851, 44.8844>;
# if (DRAW_FOG = 1)
fog {
	fog_type 2
	up vnormalize(cpy_camera_pos)
	color rgbt<1,1,1,0.3>
	distance 1e-5
	fog_alt 3e-3
	fog_offset 56
}
# end


// LIGHTS

# declare lum = 6;
global_settings {
	ambient_light rgb lum * <0.05, 0.05, 0.05>
	max_trace_level 15
}# declare cpy_direct_light_amount = 0.25;
light_source
{	1000 * <-1, -1.16352, -0.803886>,
	rgb lum * cpy_direct_light_amount
	parallel
}

light_source
{	1000 * <1, 1.16352, 0.803886>,
	rgb lum * cpy_direct_light_amount
	parallel
}

// strand 0

// nucleotide -1

// particle -1
sphere {
	<24.448109, 35.058903, 34.653847> 0.250000
	pigment { color rgbt <1,0,0,0> }
	no_shadow
}
cylinder {
	<24.319296, 34.839516, 34.962513>,  <24.242008, 34.707882, 35.147713>, 0.100000
	pigment { color rgbt <1,0,0,0> }
	no_shadow
}
cylinder {
	<24.319296, 34.839516, 34.962513>,  <24.448109, 35.058903, 34.653847>, 0.100000
	pigment { color rgbt <1,0,0,0> }
	no_shadow
}

// particle -1
sphere {
	<24.319296, 34.839516, 34.962513> 0.100000
	pigment { color rgbt <1,0,0,0> }
	no_shadow
}
sphere {
	0, 1
	scale<0.080000,0.200000,0.300000>
	matrix <0.572253, 0.536565, 0.620181,
		-0.754202, 0.641309, 0.141073,
		-0.322033, -0.548471, 0.771670,
		24.222687, 34.674973, 35.194016>
	pigment { color rgbt <0,1,1,0> }
	no_shadow
}
cylinder {
	<24.005756, 35.453098, 35.196617>,  <24.448109, 35.058903, 34.653847>, 0.130000
	pigment { color rgbt <1,0,0,0> }
	no_shadow
}

// nucleotide -1

// particle -1
sphere {
	<24.005756, 35.453098, 35.196617> 0.250000
	pigment { color rgbt <1,0,0,0> }
	no_shadow
}
cylinder {
	<24.203398, 35.137882, 35.343510>,  <24.321981, 34.948753, 35.431644>, 0.100000
	pigment { color rgbt <1,0,0,0> }
	no_shadow
}
cylinder {
	<24.203398, 35.137882, 35.343510>,  <24.005756, 35.453098, 35.196617>, 0.100000
	pigment { color rgbt <1,0,0,0> }
	no_shadow
}

// particle -1
sphere {
	<24.203398, 35.137882, 35.343510> 0.100000
	pigment { color rgbt <1,0,0,0> }
	no_shadow
}
sphere {
	0, 1
	scale<0.080000,0.200000,0.300000>
	matrix <0.512786, 0.605253, 0.608868,
		-0.702079, -0.112532, 0.703152,
		0.494102, -0.788039, 0.367230,
		24.351627, 34.901470, 35.453678>
	pigment { color rgbt <0,1,1,0> }
	no_shadow
}
cylinder {
	<23.923607, 35.383873, 35.924805>,  <24.005756, 35.453098, 35.196617>, 0.130000
	pigment { color rgbt <1,0,0,0> }
	no_shadow
}

// nucleotide -1

// particle -1
sphere {
	<23.923607, 35.383873, 35.924805> 0.250000
	pigment { color rgbt <1,0,0,0> }
	no_shadow
}
cylinder {
	<24.290220, 35.262196, 35.820934>,  <24.510187, 35.189190, 35.758610>, 0.100000
	pigment { color rgbt <1,0,0,0> }
	no_shadow
}
cylinder {
	<24.290220, 35.262196, 35.820934>,  <23.923607, 35.383873, 35.924805>, 0.100000
	pigment { color rgbt <1,0,0,0> }
	no_shadow
}

// particle -1
sphere {
	<24.290220, 35.262196, 35.820934> 0.100000
	pigment { color rgbt <1,0,0,0> }
	no_shadow
}
sphere {
	0, 1
	scale<0.080000,0.200000,0.300000>
	matrix <0.399883, 0.709835, 0.579852,
		0.007939, -0.635294, 0.772230,
		0.916532, -0.304198, -0.259679,
		24.565180, 35.170937, 35.743031>
	pigment { color rgbt <0,1,1,0> }
	no_shadow
}
cylinder {
	<24.247166, 35.109383, 36.504341>,  <23.923607, 35.383873, 35.924805>, 0.130000
	pigment { color rgbt <1,0,0,0> }
	no_shadow
}

// nucleotide -1

// particle -1
sphere {
	<24.247166, 35.109383, 36.504341> 0.250000
	pigment { color rgbt <1,0,0,0> }
	no_shadow
}
cylinder {
	<24.486317, 35.279095, 36.232304>,  <24.629807, 35.380924, 36.069080>, 0.100000
	pigment { color rgbt <1,0,0,0> }
	no_shadow
}
cylinder {
	<24.486317, 35.279095, 36.232304>,  <24.247166, 35.109383, 36.504341>, 0.100000
	pigment { color rgbt <1,0,0,0> }
	no_shadow
}

// particle -1
sphere {
	<24.486317, 35.279095, 36.232304> 0.100000
	pigment { color rgbt <1,0,0,0> }
	no_shadow
}
sphere {
	0, 1
	scale<0.080000,0.200000,0.300000>
	matrix <0.455451, 0.518370, 0.723780,
		0.659627, -0.742481, 0.116681,
		0.597876, 0.424282, -0.680094,
		24.665680, 35.406380, 36.028275>
	pigment { color rgbt <0,1,1,0> }
	no_shadow
}
cylinder {
	<25.040995, 35.023296, 36.721607>,  <24.247166, 35.109383, 36.504341>, 0.130000
	pigment { color rgbt <1,0,0,0> }
	no_shadow
}

// nucleotide -1

// particle -1
sphere {
	<25.040995, 35.023296, 36.721607> 0.250000
	pigment { color rgbt <1,0,0,0> }
	no_shadow
}
cylinder {
	<24.931204, 35.346718, 36.513412>,  <24.865330, 35.540771, 36.388496>, 0.100000
	pigment { color rgbt <1,0,0,0> }
	no_shadow
}
cylinder {
	<24.931204, 35.346718, 36.513412>,  <25.040995, 35.023296, 36.721607>, 0.100000
	pigment { color rgbt <1,0,0,0> }
	no_shadow
}

// particle -1
sphere {
	<24.931204, 35.346718, 36.513412> 0.100000
	pigment { color rgbt <1,0,0,0> }
	no_shadow
}
sphere {
	0, 1
	scale<0.080000,0.200000,0.300000>
	matrix <0.670458, 0.548924, 0.499168,
		0.689309, -0.211951, -0.692769,
		-0.274479, 0.808554, -0.520483,
		24.848860, 35.589283, 36.357269>
	pigment { color rgbt <0,1,1,0> }
	no_shadow
}
cylinder {
	<25.647182, 35.355366, 36.247692>,  <25.040995, 35.023296, 36.721607>, 0.130000
	pigment { color rgbt <1,0,0,0> }
	no_shadow
}

// nucleotide -1

// particle -1
sphere {
	<25.647182, 35.355366, 36.247692> 0.250000
	pigment { color rgbt <1,0,0,0> }
	no_shadow
}
cylinder {
	<25.386463, 35.620060, 36.395885>,  <25.230032, 35.778877, 36.484802>, 0.100000
	pigment { color rgbt <1,0,0,0> }
	no_shadow
}
cylinder {
	<25.386463, 35.620060, 36.395885>,  <25.647182, 35.355366, 36.247692>, 0.100000
	pigment { color rgbt <1,0,0,0> }
	no_shadow
}

// particle -1
sphere {
	<25.386463, 35.620060, 36.395885> 0.100000
	pigment { color rgbt <1,0,0,0> }
	no_shadow
}
sphere {
	0, 1
	scale<0.080000,0.200000,0.300000>
	matrix <0.729000, 0.412007, 0.546634,
		0.209086, 0.626380, -0.750954,
		-0.651799, 0.661739, 0.370486,
		25.190924, 35.818581, 36.507030>
	pigment { color rgbt <0,1,1,0> }
	no_shadow
}
cylinder {
	<26.046417, 36.012295, 36.332428>,  <25.647182, 35.355366, 36.247692>, 0.130000
	pigment { color rgbt <1,0,0,0> }
	no_shadow
}

// nucleotide -1

// particle -1
sphere {
	<26.046417, 36.012295, 36.332428> 0.250000
	pigment { color rgbt <1,0,0,0> }
	no_shadow
}
cylinder {
	<25.722912, 36.001198, 36.567421>,  <25.528809, 35.994537, 36.708416>, 0.100000
	pigment { color rgbt <1,0,0,0> }
	no_shadow
}
cylinder {
	<25.722912, 36.001198, 36.567421>,  <26.046417, 36.012295, 36.332428>, 0.100000
	pigment { color rgbt <1,0,0,0> }
	no_shadow
}

// particle -1
sphere {
	<25.722912, 36.001198, 36.567421> 0.100000
	pigment { color rgbt <1,0,0,0> }
	no_shadow
}
sphere {
	0, 1
	scale<0.080000,0.200000,0.300000>
	matrix <0.513175, 0.454693, 0.727947,
		-0.287318, 0.890216, -0.353502,
		-0.808765, -0.027745, 0.587478,
		25.480282, 35.992874, 36.743664>
	pigment { color rgbt <0,1,1,0> }
	no_shadow
}
cylinder {
	<25.915730, 36.763981, 36.556816>,  <26.046417, 36.012295, 36.332428>, 0.130000
	pigment { color rgbt <1,0,0,0> }
	no_shadow
}

// nucleotide -1

// particle -1
sphere {
	<25.915730, 36.763981, 36.556816> 0.250000
	pigment { color rgbt <1,0,0,0> }
	no_shadow
}
cylinder {
	<25.825075, 36.446705, 36.782909>,  <25.770681, 36.256340, 36.918564>, 0.100000
	pigment { color rgbt <1,0,0,0> }
	no_shadow
}
cylinder {
	<25.825075, 36.446705, 36.782909>,  <25.915730, 36.763981, 36.556816>, 0.100000
	pigment { color rgbt <1,0,0,0> }
	no_shadow
}

// particle -1
sphere {
	<25.825075, 36.446705, 36.782909> 0.100000
	pigment { color rgbt <1,0,0,0> }
	no_shadow
}
sphere {
	0, 1
	scale<0.080000,0.200000,0.300000>
	matrix <0.549015, 0.375314, 0.746808,
		-0.804499, 0.479577, 0.350411,
		-0.226638, -0.793187, 0.565235,
		25.757084, 36.208748, 36.952480>
	pigment { color rgbt <0,1,1,0> }
	no_shadow
}
cylinder {
	<25.729034, 37.061943, 37.263771>,  <25.915730, 36.763981, 36.556816>, 0.130000
	pigment { color rgbt <1,0,0,0> }
	no_shadow
}

// nucleotide -1

// particle -1
sphere {
	<25.729034, 37.061943, 37.263771> 0.250000
	pigment { color rgbt <1,0,0,0> }
	no_shadow
}
cylinder {
	<25.843746, 36.680103, 37.295994>,  <25.912573, 36.451000, 37.315327>, 0.100000
	pigment { color rgbt <1,0,0,0> }
	no_shadow
}
cylinder {
	<25.843746, 36.680103, 37.295994>,  <25.729034, 37.061943, 37.263771>, 0.100000
	pigment { color rgbt <1,0,0,0> }
	no_shadow
}

// particle -1
sphere {
	<25.843746, 36.680103, 37.295994> 0.100000
	pigment { color rgbt <1,0,0,0> }
	no_shadow
}
sphere {
	0, 1
	scale<0.080000,0.200000,0.300000>
	matrix <0.667464, 0.259420, 0.697993,
		-0.687205, -0.146400, 0.711559,
		0.286779, -0.954604, 0.080558,
		25.929779, 36.393723, 37.320160>
	pigment { color rgbt <0,1,1,0> }
	no_shadow
}
cylinder {
	<25.752497, 36.864155, 37.996574>,  <25.729034, 37.061943, 37.263771>, 0.130000
	pigment { color rgbt <1,0,0,0> }
	no_shadow
}

// nucleotide -1

// particle -1
sphere {
	<25.752497, 36.864155, 37.996574> 0.250000
	pigment { color rgbt <1,0,0,0> }
	no_shadow
}
cylinder {
	<25.997608, 36.597240, 37.827232>,  <26.144674, 36.437092, 37.725628>, 0.100000
	pigment { color rgbt <1,0,0,0> }
	no_shadow
}
cylinder {
	<25.997608, 36.597240, 37.827232>,  <25.752497, 36.864155, 37.996574>, 0.100000
	pigment { color rgbt <1,0,0,0> }
	no_shadow
}

// particle -1
sphere {
	<25.997608, 36.597240, 37.827232> 0.100000
	pigment { color rgbt <1,0,0,0> }
	no_shadow
}
sphere {
	0, 1
	scale<0.080000,0.200000,0.300000>
	matrix <0.764937, 0.366336, 0.529782,
		-0.198429, -0.648476, 0.734918,
		0.612778, -0.667290, -0.423352,
		26.181442, 36.397053, 37.700226>
	pigment { color rgbt <0,1,1,0> }
	no_shadow
}
cylinder {
	<26.165682, 36.645794, 38.497730>,  <25.752497, 36.864155, 37.996574>, 0.130000
	pigment { color rgbt <1,0,0,0> }
	no_shadow
}

// nucleotide -1

// particle -1
sphere {
	<26.165682, 36.645794, 38.497730> 0.250000
	pigment { color rgbt <1,0,0,0> }
	no_shadow
}
cylinder {
	<26.373697, 36.516033, 38.181675>,  <26.498507, 36.438175, 37.992043>, 0.100000
	pigment { color rgbt <1,0,0,0> }
	no_shadow
}
cylinder {
	<26.373697, 36.516033, 38.181675>,  <26.165682, 36.645794, 38.497730>, 0.100000
	pigment { color rgbt <1,0,0,0> }
	no_shadow
}

// particle -1
sphere {
	<26.373697, 36.516033, 38.181675> 0.100000
	pigment { color rgbt <1,0,0,0> }
	no_shadow
}
sphere {
	0, 1
	scale<0.080000,0.200000,0.300000>
	matrix <0.843964, 0.337546, 0.416877,
		0.131474, -0.883644, 0.449319,
		0.520037, -0.324401, -0.790143,
		26.529709, 36.418713, 37.944633>
	pigment { color rgbt <0,1,1,0> }
	no_shadow
}
cylinder {
	<26.739286, 36.172295, 38.647476>,  <26.165682, 36.645794, 38.497730>, 0.130000
	pigment { color rgbt <1,0,0,0> }
	no_shadow
}

// nucleotide -1

// particle -1
sphere {
	<26.739286, 36.172295, 38.647476> 0.250000
	pigment { color rgbt <1,0,0,0> }
	no_shadow
}
cylinder {
	<26.845251, 36.375759, 38.319798>,  <26.908831, 36.497837, 38.123192>, 0.100000
	pigment { color rgbt <1,0,0,0> }
	no_shadow
}
cylinder {
	<26.845251, 36.375759, 38.319798>,  <26.739286, 36.172295, 38.647476>, 0.100000
	pigment { color rgbt <1,0,0,0> }
	no_shadow
}

// particle -1
sphere {
	<26.845251, 36.375759, 38.319798> 0.100000
	pigment { color rgbt <1,0,0,0> }
	no_shadow
}
sphere {
	0, 1
	scale<0.080000,0.200000,0.300000>
	matrix <0.866326, 0.247512, 0.433840,
		0.423439, -0.824622, -0.375098,
		0.264912, 0.508662, -0.819197,
		26.924725, 36.528358, 38.074039>
	pigment { color rgbt <0,1,1,0> }
	no_shadow
}
cylinder {
	<27.323112, 36.082180, 39.042130>,  <26.739286, 36.172295, 38.647476>, 0.130000
	pigment { color rgbt <1,0,0,0> }
	no_shadow
}

// nucleotide -1

// particle -1
sphere {
	<27.323112, 36.082180, 39.042130> 0.250000
	pigment { color rgbt <1,0,0,0> }
	no_shadow
}
cylinder {
	<27.605158, 36.304790, 38.866360>,  <27.774385, 36.438354, 38.760899>, 0.100000
	pigment { color rgbt <1,0,0,0> }
	no_shadow
}
cylinder {
	<27.605158, 36.304790, 38.866360>,  <27.323112, 36.082180, 39.042130>, 0.100000
	pigment { color rgbt <1,0,0,0> }
	no_shadow
}

// particle -1
sphere {
	<27.605158, 36.304790, 38.866360> 0.100000
	pigment { color rgbt <1,0,0,0> }
	no_shadow
}
sphere {
	0, 1
	scale<0.080000,0.200000,0.300000>
	matrix <-0.507944, -0.035991, -0.860638,
		-0.494781, 0.830051, 0.257306,
		0.705113, 0.556524, -0.439427,
		27.816692, 36.471748, 38.734531>
	pigment { color rgbt <0,1,1,0> }
	no_shadow
}
cylinder {
	<27.143950, 36.815937, 38.677231>,  <27.323112, 36.082180, 39.042130>, 0.130000
	pigment { color rgbt <1,0,0,0> }
	no_shadow
}

// nucleotide -1

// particle -1
sphere {
	<27.143950, 36.815937, 38.677231> 0.250000
	pigment { color rgbt <1,0,0,0> }
	no_shadow
}
cylinder {
	<27.404016, 36.565281, 38.505371>,  <27.560057, 36.414886, 38.402256>, 0.100000
	pigment { color rgbt <1,0,0,0> }
	no_shadow
}
cylinder {
	<27.404016, 36.565281, 38.505371>,  <27.143950, 36.815937, 38.677231>, 0.100000
	pigment { color rgbt <1,0,0,0> }
	no_shadow
}

// particle -1
sphere {
	<27.404016, 36.565281, 38.505371> 0.100000
	pigment { color rgbt <1,0,0,0> }
	no_shadow
}
sphere {
	0, 1
	scale<0.080000,0.200000,0.300000>
	matrix <-0.559588, -0.012418, -0.828678,
		0.513948, 0.779209, -0.358735,
		0.650168, -0.626641, -0.429654,
		27.599068, 36.377289, 38.376476>
	pigment { color rgbt <0,1,1,0> }
	no_shadow
}
cylinder {
	<27.305304, 37.081013, 37.971581>,  <27.143950, 36.815937, 38.677231>, 0.130000
	pigment { color rgbt <1,0,0,0> }
	no_shadow
}

// nucleotide -1

// particle -1
sphere {
	<27.305304, 37.081013, 37.971581> 0.250000
	pigment { color rgbt <1,0,0,0> }
	no_shadow
}
cylinder {
	<27.329306, 36.687096, 38.036789>,  <27.343708, 36.450745, 38.075912>, 0.100000
	pigment { color rgbt <1,0,0,0> }
	no_shadow
}
cylinder {
	<27.329306, 36.687096, 38.036789>,  <27.305304, 37.081013, 37.971581>, 0.100000
	pigment { color rgbt <1,0,0,0> }
	no_shadow
}

// particle -1
sphere {
	<27.329306, 36.687096, 38.036789> 0.100000
	pigment { color rgbt <1,0,0,0> }
	no_shadow
}
sphere {
	0, 1
	scale<0.080000,0.200000,0.300000>
	matrix <-0.572314, -0.167750, -0.802693,
		0.817836, -0.045132, -0.573679,
		0.060007, -0.984796, 0.163022,
		27.347307, 36.391655, 38.085697>
	pigment { color rgbt <0,1,1,0> }
	no_shadow
}
cylinder {
	<27.426172, 36.743568, 37.312859>,  <27.305304, 37.081013, 37.971581>, 0.130000
	pigment { color rgbt <1,0,0,0> }
	no_shadow
}

// nucleotide -1

// particle -1
sphere {
	<27.426172, 36.743568, 37.312859> 0.250000
	pigment { color rgbt <1,0,0,0> }
	no_shadow
}
cylinder {
	<27.276485, 36.485138, 37.578953>,  <27.186674, 36.330078, 37.738609>, 0.100000
	pigment { color rgbt <1,0,0,0> }
	no_shadow
}
cylinder {
	<27.276485, 36.485138, 37.578953>,  <27.426172, 36.743568, 37.312859>, 0.100000
	pigment { color rgbt <1,0,0,0> }
	no_shadow
}

// particle -1
sphere {
	<27.276485, 36.485138, 37.578953> 0.100000
	pigment { color rgbt <1,0,0,0> }
	no_shadow
}
sphere {
	0, 1
	scale<0.080000,0.200000,0.300000>
	matrix <-0.642869, -0.336270, -0.688217,
		0.668342, -0.685205, -0.289506,
		-0.374217, -0.646079, 0.665240,
		27.164221, 36.291313, 37.778526>
	pigment { color rgbt <0,1,1,0> }
	no_shadow
}
cylinder {
	<27.233023, 36.052029, 36.945972>,  <27.426172, 36.743568, 37.312859>, 0.130000
	pigment { color rgbt <1,0,0,0> }
	no_shadow
}

// nucleotide -1

// particle -1
sphere {
	<27.233023, 36.052029, 36.945972> 0.250000
	pigment { color rgbt <1,0,0,0> }
	no_shadow
}
cylinder {
	<27.017118, 36.125168, 37.274662>,  <26.887577, 36.169052, 37.471874>, 0.100000
	pigment { color rgbt <1,0,0,0> }
	no_shadow
}
cylinder {
	<27.017118, 36.125168, 37.274662>,  <27.233023, 36.052029, 36.945972>, 0.100000
	pigment { color rgbt <1,0,0,0> }
	no_shadow
}

// particle -1
sphere {
	<27.017118, 36.125168, 37.274662> 0.100000
	pigment { color rgbt <1,0,0,0> }
	no_shadow
}
sphere {
	0, 1
	scale<0.080000,0.200000,0.300000>
	matrix <-0.824755, -0.310411, -0.472679,
		0.168643, -0.932851, 0.318352,
		-0.539759, 0.182849, 0.821722,
		26.855190, 36.180023, 37.521179>
	pigment { color rgbt <0,1,1,0> }
	no_shadow
}
cylinder {
	<26.928116, 35.521290, 37.093952>,  <27.233023, 36.052029, 36.945972>, 0.130000
	pigment { color rgbt <1,0,0,0> }
	no_shadow
}

// nucleotide -1

// particle -1
sphere {
	<26.928116, 35.521290, 37.093952> 0.250000
	pigment { color rgbt <1,0,0,0> }
	no_shadow
}
cylinder {
	<26.697271, 35.773144, 37.301991>,  <26.558764, 35.924255, 37.426811>, 0.100000
	pigment { color rgbt <1,0,0,0> }
	no_shadow
}
cylinder {
	<26.697271, 35.773144, 37.301991>,  <26.928116, 35.521290, 37.093952>, 0.100000
	pigment { color rgbt <1,0,0,0> }
	no_shadow
}

// particle -1
sphere {
	<26.697271, 35.773144, 37.301991> 0.100000
	pigment { color rgbt <1,0,0,0> }
	no_shadow
}
sphere {
	0, 1
	scale<0.080000,0.200000,0.300000>
	matrix <-0.812650, -0.379688, -0.442083,
		-0.080879, -0.677785, 0.730798,
		-0.577112, 0.629638, 0.520094,
		26.524137, 35.962036, 37.458019>
	pigment { color rgbt <0,1,1,0> }
	no_shadow
}
cylinder {
	<26.312361, 35.151867, 37.354366>,  <26.928116, 35.521290, 37.093952>, 0.130000
	pigment { color rgbt <1,0,0,0> }
	no_shadow
}

// nucleotide -1

// particle -1
sphere {
	<26.312361, 35.151867, 37.354366> 0.250000
	pigment { color rgbt <1,0,0,0> }
	no_shadow
}
cylinder {
	<26.192780, 35.533142, 37.372505>,  <26.121031, 35.761909, 37.383389>, 0.100000
	pigment { color rgbt <1,0,0,0> }
	no_shadow
}
cylinder {
	<26.192780, 35.533142, 37.372505>,  <26.312361, 35.151867, 37.354366>, 0.100000
	pigment { color rgbt <1,0,0,0> }
	no_shadow
}

// particle -1
sphere {
	<26.192780, 35.533142, 37.372505> 0.100000
	pigment { color rgbt <1,0,0,0> }
	no_shadow
}
sphere {
	0, 1
	scale<0.080000,0.200000,0.300000>
	matrix <-0.905251, -0.268242, -0.329495,
		-0.301910, -0.139547, 0.943068,
		-0.298951, 0.953191, 0.045340,
		26.103094, 35.819099, 37.386108>
	pigment { color rgbt <0,1,1,0> }
	no_shadow
}
cylinder {
	<25.616528, 35.056152, 37.541241>,  <26.312361, 35.151867, 37.354366>, 0.130000
	pigment { color rgbt <1,0,0,0> }
	no_shadow
}

// nucleotide -1

// particle -1
sphere {
	<25.616528, 35.056152, 37.541241> 0.250000
	pigment { color rgbt <1,0,0,0> }
	no_shadow
}
cylinder {
	<25.664167, 35.416187, 37.373592>,  <25.692751, 35.632206, 37.273003>, 0.100000
	pigment { color rgbt <1,0,0,0> }
	no_shadow
}
cylinder {
	<25.664167, 35.416187, 37.373592>,  <25.616528, 35.056152, 37.541241>, 0.100000
	pigment { color rgbt <1,0,0,0> }
	no_shadow
}

// particle -1
sphere {
	<25.664167, 35.416187, 37.373592> 0.100000
	pigment { color rgbt <1,0,0,0> }
	no_shadow
}
sphere {
	0, 1
	scale<0.080000,0.200000,0.300000>
	matrix <-0.937681, -0.036827, -0.345541,
		-0.326451, 0.434158, 0.839605,
		0.119100, 0.900084, -0.419124,
		25.699898, 35.686211, 37.247856>
	pigment { color rgbt <0,1,1,0> }
	no_shadow
}
cylinder {
	<26.213444, 34.624504, 37.908215>,  <25.616528, 35.056152, 37.541241>, 0.130000
	pigment { color rgbt <1,0,0,0> }
	no_shadow
}

// nucleotide -1

// particle -1
sphere {
	<26.213444, 34.624504, 37.908215> 0.250000
	pigment { color rgbt <1,0,0,0> }
	no_shadow
}
cylinder {
	<26.138008, 34.432915, 37.565281>,  <26.092747, 34.317959, 37.359520>, 0.100000
	pigment { color rgbt <1,0,0,0> }
	no_shadow
}
cylinder {
	<26.138008, 34.432915, 37.565281>,  <26.213444, 34.624504, 37.908215>, 0.100000
	pigment { color rgbt <1,0,0,0> }
	no_shadow
}

// particle -1
sphere {
	<26.138008, 34.432915, 37.565281> 0.100000
	pigment { color rgbt <1,0,0,0> }
	no_shadow
}
sphere {
	0, 1
	scale<0.080000,0.200000,0.300000>
	matrix <0.981132, -0.129768, -0.143321,
		-0.042606, -0.868182, 0.494413,
		-0.188587, -0.478978, -0.857330,
		26.081432, 34.289223, 37.308083>
	pigment { color rgbt <0,1,1,0> }
	no_shadow
}
cylinder {
	<26.493502, 33.839458, 37.733845>,  <26.213444, 34.624504, 37.908215>, 0.130000
	pigment { color rgbt <1,0,0,0> }
	no_shadow
}

// nucleotide -1

// particle -1
sphere {
	<26.493502, 33.839458, 37.733845> 0.250000
	pigment { color rgbt <1,0,0,0> }
	no_shadow
}
cylinder {
	<26.484943, 34.063980, 37.402912>,  <26.479809, 34.198692, 37.204353>, 0.100000
	pigment { color rgbt <1,0,0,0> }
	no_shadow
}
cylinder {
	<26.484943, 34.063980, 37.402912>,  <26.493502, 33.839458, 37.733845>, 0.100000
	pigment { color rgbt <1,0,0,0> }
	no_shadow
}

// particle -1
sphere {
	<26.484943, 34.063980, 37.402912> 0.100000
	pigment { color rgbt <1,0,0,0> }
	no_shadow
}
sphere {
	0, 1
	scale<0.080000,0.200000,0.300000>
	matrix <0.967896, -0.195662, -0.157778,
		-0.250440, -0.804145, -0.539102,
		-0.021395, 0.561309, -0.827330,
		26.478525, 34.232372, 37.154713>
	pigment { color rgbt <0,1,1,0> }
	no_shadow
}
cylinder {
	<26.641172, 33.394775, 37.059280>,  <26.493502, 33.839458, 37.733845>, 0.130000
	pigment { color rgbt <1,0,0,0> }
	no_shadow
}

// nucleotide -1

// particle -1
sphere {
	<26.641172, 33.394775, 37.059280> 0.250000
	pigment { color rgbt <1,0,0,0> }
	no_shadow
}
cylinder {
	<26.766975, 33.774406, 37.066631>,  <26.842457, 34.002186, 37.071041>, 0.100000
	pigment { color rgbt <1,0,0,0> }
	no_shadow
}
cylinder {
	<26.766975, 33.774406, 37.066631>,  <26.641172, 33.394775, 37.059280>, 0.100000
	pigment { color rgbt <1,0,0,0> }
	no_shadow
}

// particle -1
sphere {
	<26.766975, 33.774406, 37.066631> 0.100000
	pigment { color rgbt <1,0,0,0> }
	no_shadow
}
sphere {
	0, 1
	scale<0.080000,0.200000,0.300000>
	matrix <0.920504, -0.300197, -0.250107,
		-0.231854, 0.095575, -0.968044,
		0.314508, 0.949077, 0.018375,
		26.861328, 34.059128, 37.072144>
	pigment { color rgbt <0,1,1,0> }
	no_shadow
}
cylinder {
	<26.470177, 33.058777, 36.447224>,  <26.641172, 33.394775, 37.059280>, 0.130000
	pigment { color rgbt <1,0,0,0> }
	no_shadow
}

// nucleotide -1

// particle -1
sphere {
	<26.470177, 33.058777, 36.447224> 0.250000
	pigment { color rgbt <1,0,0,0> }
	no_shadow
}
cylinder {
	<26.259359, 33.307625, 36.678806>,  <26.132868, 33.456932, 36.817757>, 0.100000
	pigment { color rgbt <1,0,0,0> }
	no_shadow
}
cylinder {
	<26.259359, 33.307625, 36.678806>,  <26.470177, 33.058777, 36.447224>, 0.100000
	pigment { color rgbt <1,0,0,0> }
	no_shadow
}

// particle -1
sphere {
	<26.259359, 33.307625, 36.678806> 0.100000
	pigment { color rgbt <1,0,0,0> }
	no_shadow
}
sphere {
	0, 1
	scale<0.080000,0.200000,0.300000>
	matrix <-0.141915, -0.736119, 0.661808,
		0.837904, 0.266640, 0.476255,
		-0.527045, 0.622119, 0.578957,
		26.101246, 33.494259, 36.852493>
	pigment { color rgbt <0,1,1,0> }
	no_shadow
}
cylinder {
	<25.956631, 33.344624, 36.131325>,  <26.470177, 33.058777, 36.447224>, 0.130000
	pigment { color rgbt <1,0,0,0> }
	no_shadow
}

// nucleotide -1

// particle -1
sphere {
	<25.956631, 33.344624, 36.131325> 0.250000
	pigment { color rgbt <1,0,0,0> }
	no_shadow
}
cylinder {
	<25.981302, 33.743618, 36.145233>,  <25.996105, 33.983017, 36.153580>, 0.100000
	pigment { color rgbt <1,0,0,0> }
	no_shadow
}
cylinder {
	<25.981302, 33.743618, 36.145233>,  <25.956631, 33.344624, 36.131325>, 0.100000
	pigment { color rgbt <1,0,0,0> }
	no_shadow
}

// particle -1
sphere {
	<25.981302, 33.743618, 36.145233> 0.100000
	pigment { color rgbt <1,0,0,0> }
	no_shadow
}
sphere {
	0, 1
	scale<0.080000,0.200000,0.300000>
	matrix <0.578727, -0.007360, -0.815488,
		-0.813185, 0.070421, -0.577729,
		0.061679, 0.997490, 0.034770,
		25.999805, 34.042866, 36.155663>
	pigment { color rgbt <0,1,1,0> }
	no_shadow
}
cylinder {
	<25.947701, 33.490040, 35.343563>,  <25.956631, 33.344624, 36.131325>, 0.130000
	pigment { color rgbt <1,0,0,0> }
	no_shadow
}

// nucleotide -1

// particle -1
sphere {
	<25.947701, 33.490040, 35.343563> 0.250000
	pigment { color rgbt <1,0,0,0> }
	no_shadow
}
cylinder {
	<26.121321, 33.768440, 35.572365>,  <26.225492, 33.935478, 35.709644>, 0.100000
	pigment { color rgbt <1,0,0,0> }
	no_shadow
}
cylinder {
	<26.121321, 33.768440, 35.572365>,  <25.947701, 33.490040, 35.343563>, 0.100000
	pigment { color rgbt <1,0,0,0> }
	no_shadow
}

// particle -1
sphere {
	<26.121321, 33.768440, 35.572365> 0.100000
	pigment { color rgbt <1,0,0,0> }
	no_shadow
}
sphere {
	0, 1
	scale<0.080000,0.200000,0.300000>
	matrix <0.820474, -0.043182, -0.570051,
		-0.372055, 0.716744, -0.589791,
		0.434049, 0.695998, 0.572003,
		26.251535, 33.977242, 35.743965>
	pigment { color rgbt <0,1,1,0> }
	no_shadow
}
cylinder {
	<26.253326, 34.151783, 35.003834>,  <25.947701, 33.490040, 35.343563>, 0.130000
	pigment { color rgbt <1,0,0,0> }
	no_shadow
}

// nucleotide -1

// particle -1
sphere {
	<26.253326, 34.151783, 35.003834> 0.250000
	pigment { color rgbt <1,0,0,0> }
	no_shadow
}
cylinder {
	<26.452494, 34.087265, 35.344669>,  <26.571995, 34.048553, 35.549171>, 0.100000
	pigment { color rgbt <1,0,0,0> }
	no_shadow
}
cylinder {
	<26.452494, 34.087265, 35.344669>,  <26.253326, 34.151783, 35.003834>, 0.100000
	pigment { color rgbt <1,0,0,0> }
	no_shadow
}

// particle -1
sphere {
	<26.452494, 34.087265, 35.344669> 0.100000
	pigment { color rgbt <1,0,0,0> }
	no_shadow
}
sphere {
	0, 1
	scale<0.080000,0.200000,0.300000>
	matrix <0.866958, 0.068268, -0.493684,
		0.021456, 0.984543, 0.173825,
		0.497919, -0.161291, 0.852092,
		26.601870, 34.038879, 35.600296>
	pigment { color rgbt <0,1,1,0> }
	no_shadow
}
cylinder {
	<26.720373, 34.626251, 35.111794>,  <26.253326, 34.151783, 35.003834>, 0.130000
	pigment { color rgbt <1,0,0,0> }
	no_shadow
}

// nucleotide -1

// particle -1
sphere {
	<26.720373, 34.626251, 35.111794> 0.250000
	pigment { color rgbt <1,0,0,0> }
	no_shadow
}
cylinder {
	<26.835409, 34.289810, 35.295029>,  <26.904430, 34.087948, 35.404968>, 0.100000
	pigment { color rgbt <1,0,0,0> }
	no_shadow
}
cylinder {
	<26.835409, 34.289810, 35.295029>,  <26.720373, 34.626251, 35.111794>, 0.100000
	pigment { color rgbt <1,0,0,0> }
	no_shadow
}

// particle -1
sphere {
	<26.835409, 34.289810, 35.295029> 0.100000
	pigment { color rgbt <1,0,0,0> }
	no_shadow
}
sphere {
	0, 1
	scale<0.080000,0.200000,0.300000>
	matrix <0.791891, -0.060198, -0.607688,
		0.538702, 0.537520, 0.648747,
		0.287591, -0.841100, 0.458086,
		26.921686, 34.037479, 35.432453>
	pigment { color rgbt <0,1,1,0> }
	no_shadow
}
cylinder {
	<27.418638, 34.581455, 35.484200>,  <26.720373, 34.626251, 35.111794>, 0.130000
	pigment { color rgbt <1,0,0,0> }
	no_shadow
}

// nucleotide -1

// particle -1
sphere {
	<27.418638, 34.581455, 35.484200> 0.250000
	pigment { color rgbt <1,0,0,0> }
	no_shadow
}
cylinder {
	<27.315403, 34.219597, 35.348553>,  <27.253462, 34.002480, 35.267166>, 0.100000
	pigment { color rgbt <1,0,0,0> }
	no_shadow
}
cylinder {
	<27.315403, 34.219597, 35.348553>,  <27.418638, 34.581455, 35.484200>, 0.100000
	pigment { color rgbt <1,0,0,0> }
	no_shadow
}

// particle -1
sphere {
	<27.315403, 34.219597, 35.348553> 0.100000
	pigment { color rgbt <1,0,0,0> }
	no_shadow
}
sphere {
	0, 1
	scale<0.080000,0.200000,0.300000>
	matrix <0.851311, -0.046989, -0.522553,
		0.456793, -0.423556, 0.782266,
		-0.258088, -0.904650, -0.339114,
		27.237976, 33.948200, 35.246819>
	pigment { color rgbt <0,1,1,0> }
	no_shadow
}
cylinder {
	<27.948689, 34.236645, 35.587776>,  <27.418638, 34.581455, 35.484200>, 0.130000
	pigment { color rgbt <1,0,0,0> }
	no_shadow
}

// nucleotide -1

// particle -1
sphere {
	<27.948689, 34.236645, 35.587776> 0.250000
	pigment { color rgbt <1,0,0,0> }
	no_shadow
}
cylinder {
	<27.739567, 34.080624, 35.284584>,  <27.614094, 33.987011, 35.102669>, 0.100000
	pigment { color rgbt <1,0,0,0> }
	no_shadow
}
cylinder {
	<27.739567, 34.080624, 35.284584>,  <27.948689, 34.236645, 35.587776>, 0.100000
	pigment { color rgbt <1,0,0,0> }
	no_shadow
}

// particle -1
sphere {
	<27.739567, 34.080624, 35.284584> 0.100000
	pigment { color rgbt <1,0,0,0> }
	no_shadow
}
sphere {
	0, 1
	scale<0.080000,0.200000,0.300000>
	matrix <0.807726, 0.057571, -0.586741,
		0.272500, -0.918989, 0.284962,
		-0.522803, -0.390058, -0.757979,
		27.582726, 33.963608, 35.057190>
	pigment { color rgbt <0,1,1,0> }
	no_shadow
}
cylinder {
	<28.504110, 34.600307, 35.130692>,  <27.948689, 34.236645, 35.587776>, 0.130000
	pigment { color rgbt <1,0,0,0> }
	no_shadow
}

// nucleotide -1

// particle -1
sphere {
	<28.504110, 34.600307, 35.130692> 0.250000
	pigment { color rgbt <1,0,0,0> }
	no_shadow
}
cylinder {
	<28.773767, 34.314442, 35.205299>,  <28.935562, 34.142921, 35.250065>, 0.100000
	pigment { color rgbt <1,0,0,0> }
	no_shadow
}
cylinder {
	<28.773767, 34.314442, 35.205299>,  <28.504110, 34.600307, 35.130692>, 0.100000
	pigment { color rgbt <1,0,0,0> }
	no_shadow
}

// particle -1
sphere {
	<28.773767, 34.314442, 35.205299> 0.100000
	pigment { color rgbt <1,0,0,0> }
	no_shadow
}
sphere {
	0, 1
	scale<0.080000,0.200000,0.300000>
	matrix <0.301225, 0.035455, -0.952894,
		0.674387, 0.698568, 0.239176,
		0.674141, -0.714665, 0.186515,
		28.976009, 34.100040, 35.261253>
	pigment { color rgbt <0,1,1,0> }
	no_shadow
}
cylinder {
	<28.970453, 34.394020, 35.772263>,  <28.504110, 34.600307, 35.130692>, 0.130000
	pigment { color rgbt <1,0,0,0> }
	no_shadow
}

// nucleotide -1

// particle -1
sphere {
	<28.970453, 34.394020, 35.772263> 0.250000
	pigment { color rgbt <1,0,0,0> }
	no_shadow
}
cylinder {
	<29.157953, 34.738815, 35.849453>,  <29.270452, 34.945694, 35.895767>, 0.100000
	pigment { color rgbt <1,0,0,0> }
	no_shadow
}
cylinder {
	<29.157953, 34.738815, 35.849453>,  <28.970453, 34.394020, 35.772263>, 0.100000
	pigment { color rgbt <1,0,0,0> }
	no_shadow
}

// particle -1
sphere {
	<29.157953, 34.738815, 35.849453> 0.100000
	pigment { color rgbt <1,0,0,0> }
	no_shadow
}
sphere {
	0, 1
	scale<0.080000,0.200000,0.300000>
	matrix <0.380515, -0.394207, 0.836546,
		0.797171, -0.318699, -0.512786,
		0.468750, 0.861993, 0.192980,
		29.298578, 34.997414, 35.907349>
	pigment { color rgbt <0,1,1,0> }
	no_shadow
}
cylinder {
	<29.650934, 34.162659, 35.995678>,  <28.970453, 34.394020, 35.772263>, 0.130000
	pigment { color rgbt <1,0,0,0> }
	no_shadow
}

// nucleotide -1

// particle -1
sphere {
	<29.650934, 34.162659, 35.995678> 0.250000
	pigment { color rgbt <1,0,0,0> }
	no_shadow
}
cylinder {
	<29.595209, 34.537998, 36.122227>,  <29.561773, 34.763203, 36.198154>, 0.100000
	pigment { color rgbt <1,0,0,0> }
	no_shadow
}
cylinder {
	<29.595209, 34.537998, 36.122227>,  <29.650934, 34.162659, 35.995678>, 0.100000
	pigment { color rgbt <1,0,0,0> }
	no_shadow
}

// particle -1
sphere {
	<29.595209, 34.537998, 36.122227> 0.100000
	pigment { color rgbt <1,0,0,0> }
	no_shadow
}
sphere {
	0, 1
	scale<0.080000,0.200000,0.300000>
	matrix <0.528266, -0.199806, 0.825235,
		0.837572, 0.282094, -0.467863,
		-0.139312, 0.938350, 0.316373,
		29.553415, 34.819504, 36.217140>
	pigment { color rgbt <0,1,1,0> }
	no_shadow
}
cylinder {
	<30.307989, 34.467030, 36.077278>,  <29.650934, 34.162659, 35.995678>, 0.130000
	pigment { color rgbt <1,0,0,0> }
	no_shadow
}

// nucleotide -1

// particle -1
sphere {
	<30.307989, 34.467030, 36.077278> 0.250000
	pigment { color rgbt <1,0,0,0> }
	no_shadow
}
cylinder {
	<30.031389, 34.625870, 36.318653>,  <29.865429, 34.721172, 36.463478>, 0.100000
	pigment { color rgbt <1,0,0,0> }
	no_shadow
}
cylinder {
	<30.031389, 34.625870, 36.318653>,  <30.307989, 34.467030, 36.077278>, 0.100000
	pigment { color rgbt <1,0,0,0> }
	no_shadow
}

// particle -1
sphere {
	<30.031389, 34.625870, 36.318653> 0.100000
	pigment { color rgbt <1,0,0,0> }
	no_shadow
}
sphere {
	0, 1
	scale<0.080000,0.200000,0.300000>
	matrix <0.369359, -0.523539, 0.767776,
		0.620809, 0.753803, 0.215354,
		-0.691498, 0.397100, 0.603442,
		29.823940, 34.744999, 36.499687>
	pigment { color rgbt <0,1,1,0> }
	no_shadow
}
cylinder {
	<30.507259, 34.844807, 36.627472>,  <30.307989, 34.467030, 36.077278>, 0.130000
	pigment { color rgbt <1,0,0,0> }
	no_shadow
}

// nucleotide -1

// particle -1
sphere {
	<30.507259, 34.844807, 36.627472> 0.250000
	pigment { color rgbt <1,0,0,0> }
	no_shadow
}
cylinder {
	<30.168745, 34.655445, 36.725201>,  <29.965637, 34.541828, 36.783836>, 0.100000
	pigment { color rgbt <1,0,0,0> }
	no_shadow
}
cylinder {
	<30.168745, 34.655445, 36.725201>,  <30.507259, 34.844807, 36.627472>, 0.100000
	pigment { color rgbt <1,0,0,0> }
	no_shadow
}

// particle -1
sphere {
	<30.168745, 34.655445, 36.725201> 0.100000
	pigment { color rgbt <1,0,0,0> }
	no_shadow
}
sphere {
	0, 1
	scale<0.080000,0.200000,0.300000>
	matrix <0.506737, -0.573835, 0.643374,
		-0.164372, 0.668286, 0.725518,
		-0.846286, -0.473400, 0.244322,
		29.914860, 34.513424, 36.798496>
	pigment { color rgbt <0,1,1,0> }
	no_shadow
}
cylinder {
	<30.310780, 34.370857, 37.212574>,  <30.507259, 34.844807, 36.627472>, 0.130000
	pigment { color rgbt <1,0,0,0> }
	no_shadow
}

// nucleotide -1

// particle -1
sphere {
	<30.310780, 34.370857, 37.212574> 0.250000
	pigment { color rgbt <1,0,0,0> }
	no_shadow
}
cylinder {
	<30.352581, 34.058609, 37.459057>,  <30.377661, 33.871262, 37.606949>, 0.100000
	pigment { color rgbt <1,0,0,0> }
	no_shadow
}
cylinder {
	<30.352581, 34.058609, 37.459057>,  <30.310780, 34.370857, 37.212574>, 0.100000
	pigment { color rgbt <1,0,0,0> }
	no_shadow
}

// particle -1
sphere {
	<30.352581, 34.058609, 37.459057> 0.100000
	pigment { color rgbt <1,0,0,0> }
	no_shadow
}
sphere {
	0, 1
	scale<0.080000,0.200000,0.300000>
	matrix <0.563933, 0.556872, 0.609814,
		-0.819182, 0.283774, 0.498412,
		0.104502, -0.780619, 0.616209,
		30.383932, 33.824425, 37.643921>
	pigment { color rgbt <0,1,1,0> }
	no_shadow
}
cylinder {
	<29.800257, 33.904408, 37.514240>,  <30.310780, 34.370857, 37.212574>, 0.130000
	pigment { color rgbt <1,0,0,0> }
	no_shadow
}

// nucleotide -1

// particle -1
sphere {
	<29.800257, 33.904408, 37.514240> 0.250000
	pigment { color rgbt <1,0,0,0> }
	no_shadow
}
cylinder {
	<29.527580, 34.170105, 37.636925>,  <29.363974, 34.329525, 37.710537>, 0.100000
	pigment { color rgbt <1,0,0,0> }
	no_shadow
}
cylinder {
	<29.527580, 34.170105, 37.636925>,  <29.800257, 33.904408, 37.514240>, 0.100000
	pigment { color rgbt <1,0,0,0> }
	no_shadow
}

// particle -1
sphere {
	<29.527580, 34.170105, 37.636925> 0.100000
	pigment { color rgbt <1,0,0,0> }
	no_shadow
}
sphere {
	0, 1
	scale<0.080000,0.200000,0.300000>
	matrix <0.095880, 0.496703, -0.862608,
		-0.725329, -0.558625, -0.402287,
		-0.681692, 0.664247, 0.306712,
		29.323072, 34.369377, 37.728939>
	pigment { color rgbt <0,1,1,0> }
	no_shadow
}
cylinder {
	<29.272230, 33.950459, 37.014969>,  <29.800257, 33.904408, 37.514240>, 0.130000
	pigment { color rgbt <1,0,0,0> }
	no_shadow
}

// nucleotide -1

// particle -1
sphere {
	<29.272230, 33.950459, 37.014969> 0.250000
	pigment { color rgbt <1,0,0,0> }
	no_shadow
}
cylinder {
	<29.292656, 34.297855, 37.212196>,  <29.304913, 34.506294, 37.330532>, 0.100000
	pigment { color rgbt <1,0,0,0> }
	no_shadow
}
cylinder {
	<29.292656, 34.297855, 37.212196>,  <29.272230, 33.950459, 37.014969>, 0.100000
	pigment { color rgbt <1,0,0,0> }
	no_shadow
}

// particle -1
sphere {
	<29.292656, 34.297855, 37.212196> 0.100000
	pigment { color rgbt <1,0,0,0> }
	no_shadow
}
sphere {
	0, 1
	scale<0.080000,0.200000,0.300000>
	matrix <0.121602, 0.484635, -0.866223,
		-0.991264, 0.104193, -0.080861,
		0.051066, 0.868489, 0.493071,
		29.307976, 34.558403, 37.360119>
	pigment { color rgbt <0,1,1,0> }
	no_shadow
}
cylinder {
	<28.780151, 34.571541, 37.060707>,  <29.272230, 33.950459, 37.014969>, 0.130000
	pigment { color rgbt <1,0,0,0> }
	no_shadow
}

// nucleotide -1

// particle -1
sphere {
	<28.780151, 34.571541, 37.060707> 0.250000
	pigment { color rgbt <1,0,0,0> }
	no_shadow
}
cylinder {
	<29.156956, 34.705147, 37.073669>,  <29.383038, 34.785313, 37.081448>, 0.100000
	pigment { color rgbt <1,0,0,0> }
	no_shadow
}
cylinder {
	<29.156956, 34.705147, 37.073669>,  <28.780151, 34.571541, 37.060707>, 0.100000
	pigment { color rgbt <1,0,0,0> }
	no_shadow
}

// particle -1
sphere {
	<29.156956, 34.705147, 37.073669> 0.100000
	pigment { color rgbt <1,0,0,0> }
	no_shadow
}
sphere {
	0, 1
	scale<0.080000,0.200000,0.300000>
	matrix <-0.113458, 0.407880, -0.905959,
		-0.315824, 0.849745, 0.422124,
		0.942010, 0.334017, 0.032408,
		29.439558, 34.805351, 37.083393>
	pigment { color rgbt <0,1,1,0> }
	no_shadow
}
cylinder {
	<28.802328, 35.307705, 37.023441>,  <28.780151, 34.571541, 37.060707>, 0.130000
	pigment { color rgbt <1,0,0,0> }
	no_shadow
}

// nucleotide -1

// particle -1
sphere {
	<28.802328, 35.307705, 37.023441> 0.250000
	pigment { color rgbt <1,0,0,0> }
	no_shadow
}
cylinder {
	<29.143202, 35.152493, 36.883034>,  <29.347727, 35.059364, 36.798790>, 0.100000
	pigment { color rgbt <1,0,0,0> }
	no_shadow
}
cylinder {
	<29.143202, 35.152493, 36.883034>,  <28.802328, 35.307705, 37.023441>, 0.100000
	pigment { color rgbt <1,0,0,0> }
	no_shadow
}

// particle -1
sphere {
	<29.143202, 35.152493, 36.883034> 0.100000
	pigment { color rgbt <1,0,0,0> }
	no_shadow
}
sphere {
	0, 1
	scale<0.080000,0.200000,0.300000>
	matrix <-0.119014, 0.509527, -0.852184,
		0.509527, 0.767994, 0.388030,
		0.852184, -0.388030, -0.351020,
		29.398857, 35.036083, 36.777729>
	pigment { color rgbt <0,1,1,0> }
	no_shadow
}
cylinder {
	<29.166725, 35.901485, 36.796745>,  <28.802328, 35.307705, 37.023441>, 0.130000
	pigment { color rgbt <1,0,0,0> }
	no_shadow
}

// nucleotide -1

// particle -1
sphere {
	<29.166725, 35.901485, 36.796745> 0.250000
	pigment { color rgbt <1,0,0,0> }
	no_shadow
}
cylinder {
	<29.306805, 35.568115, 36.625740>,  <29.390852, 35.368095, 36.523136>, 0.100000
	pigment { color rgbt <1,0,0,0> }
	no_shadow
}
cylinder {
	<29.306805, 35.568115, 36.625740>,  <29.166725, 35.901485, 36.796745>, 0.100000
	pigment { color rgbt <1,0,0,0> }
	no_shadow
}

// particle -1
sphere {
	<29.306805, 35.568115, 36.625740> 0.100000
	pigment { color rgbt <1,0,0,0> }
	no_shadow
}
sphere {
	0, 1
	scale<0.080000,0.200000,0.300000>
	matrix <-0.084563, 0.426419, -0.900564,
		0.932850, 0.351529, 0.078855,
		0.350200, -0.833423, -0.427512,
		29.411865, 35.318089, 36.497486>
	pigment { color rgbt <0,1,1,0> }
	no_shadow
}
cylinder {
	<29.758219, 36.137367, 36.245548>,  <29.166725, 35.901485, 36.796745>, 0.130000
	pigment { color rgbt <1,0,0,0> }
	no_shadow
}

// nucleotide -1

// particle -1
sphere {
	<29.758219, 36.137367, 36.245548> 0.250000
	pigment { color rgbt <1,0,0,0> }
	no_shadow
}
cylinder {
	<29.582785, 35.792866, 36.142876>,  <29.477524, 35.586166, 36.081272>, 0.100000
	pigment { color rgbt <1,0,0,0> }
	no_shadow
}
cylinder {
	<29.582785, 35.792866, 36.142876>,  <29.758219, 36.137367, 36.245548>, 0.100000
	pigment { color rgbt <1,0,0,0> }
	no_shadow
}

// particle -1
sphere {
	<29.582785, 35.792866, 36.142876> 0.100000
	pigment { color rgbt <1,0,0,0> }
	no_shadow
}
sphere {
	0, 1
	scale<0.080000,0.200000,0.300000>
	matrix <-0.345481, 0.425246, -0.836546,
		0.829631, -0.278218, -0.484053,
		-0.438583, -0.861255, -0.256678,
		29.451210, 35.534489, 36.065872>
	pigment { color rgbt <0,1,1,0> }
	no_shadow
}
cylinder {
	<30.047035, 35.896603, 35.654381>,  <29.758219, 36.137367, 36.245548>, 0.130000
	pigment { color rgbt <1,0,0,0> }
	no_shadow
}

// nucleotide -1

// particle -1
sphere {
	<30.047035, 35.896603, 35.654381> 0.250000
	pigment { color rgbt <1,0,0,0> }
	no_shadow
}
cylinder {
	<29.672106, 35.762291, 35.691639>,  <29.447147, 35.681702, 35.713993>, 0.100000
	pigment { color rgbt <1,0,0,0> }
	no_shadow
}
cylinder {
	<29.672106, 35.762291, 35.691639>,  <30.047035, 35.896603, 35.654381>, 0.100000
	pigment { color rgbt <1,0,0,0> }
	no_shadow
}

// particle -1
sphere {
	<29.672106, 35.762291, 35.691639> 0.100000
	pigment { color rgbt <1,0,0,0> }
	no_shadow
}
sphere {
	0, 1
	scale<0.080000,0.200000,0.300000>
	matrix <-0.253131, 0.472421, -0.844241,
