// switches for output
#declare DRAW_BASES = 1; // possible values are 0, 1; only relevant for DNA ribbons
#declare DRAW_BASES_TYPE = 3; // possible values are 1, 2, 3; only relevant for DNA ribbons
#declare DRAW_FOG = 0; // set to 1 to enable fog

#include "colors.inc"

#include "transforms.inc"
background { rgb <1, 1, 1>}

#default {
   normal{
       ripples 0.25
       frequency 0.20
       turbulence 0.2
       lambda 5
   }
	finish {
		phong 0.1
		phong_size 40.
	}
}

// original window dimensions: 1024x640


// camera settings

camera {
	sky <0, 0.179814, -0.983701>
	up <0, 0.179814, -0.983701>
	right 1.6 * <1, 0, 0>
	location <35, 94.9851, 44.8844>
	look_at <35, 29.7336, 32.9568>
	direction <0, -65.2515, -11.9276>
	angle 67.0682
}


# declare cpy_camera_pos = <35, 94.9851, 44.8844>;
# if (DRAW_FOG = 1)
fog {
	fog_type 2
	up vnormalize(cpy_camera_pos)
	color rgbt<1,1,1,0.3>
	distance 1e-5
	fog_alt 3e-3
	fog_offset 56
}
# end


// LIGHTS

# declare lum = 6;
global_settings {
	ambient_light rgb lum * <0.05, 0.05, 0.05>
	max_trace_level 15
}# declare cpy_direct_light_amount = 0.25;
light_source
{	1000 * <-1, -1.16352, -0.803886>,
	rgb lum * cpy_direct_light_amount
	parallel
}

light_source
{	1000 * <1, 1.16352, 0.803886>,
	rgb lum * cpy_direct_light_amount
	parallel
}

// strand 0

// nucleotide -1

// particle -1
sphere {
	<23.965849, 34.786087, 35.096981> 0.250000
	pigment { color rgbt <1,0,0,0> }
	no_shadow
}
cylinder {
	<24.154633, 35.138733, 35.098228>,  <24.267902, 35.350319, 35.098976>, 0.100000
	pigment { color rgbt <1,0,0,0> }
	no_shadow
}
cylinder {
	<24.154633, 35.138733, 35.098228>,  <23.965849, 34.786087, 35.096981>, 0.100000
	pigment { color rgbt <1,0,0,0> }
	no_shadow
}

// particle -1
sphere {
	<24.154633, 35.138733, 35.098228> 0.100000
	pigment { color rgbt <1,0,0,0> }
	no_shadow
}
sphere {
	0, 1
	scale<0.080000,0.200000,0.300000>
	matrix <0.778146, -0.418227, 0.468588,
		0.414418, -0.218729, -0.883411,
		0.471961, 0.881614, 0.003118,
		24.296221, 35.403217, 35.099163>
	pigment { color rgbt <0,1,1,0> }
	no_shadow
}
cylinder {
	<24.691023, 34.757965, 34.770523>,  <23.965849, 34.786087, 35.096981>, 0.130000
	pigment { color rgbt <1,0,0,0> }
	no_shadow
}

// nucleotide -1

// particle -1
sphere {
	<24.691023, 34.757965, 34.770523> 0.250000
	pigment { color rgbt <1,0,0,0> }
	no_shadow
}
cylinder {
	<24.672688, 35.039135, 35.054440>,  <24.661686, 35.207836, 35.224789>, 0.100000
	pigment { color rgbt <1,0,0,0> }
	no_shadow
}
cylinder {
	<24.672688, 35.039135, 35.054440>,  <24.691023, 34.757965, 34.770523>, 0.100000
	pigment { color rgbt <1,0,0,0> }
	no_shadow
}

// particle -1
sphere {
	<24.672688, 35.039135, 35.054440> 0.100000
	pigment { color rgbt <1,0,0,0> }
	no_shadow
}
sphere {
	0, 1
	scale<0.080000,0.200000,0.300000>
	matrix <0.802248, -0.397475, 0.445435,
		0.595229, 0.589844, -0.545698,
		-0.045836, 0.702921, 0.709790,
		24.658937, 35.250011, 35.267376>
	pigment { color rgbt <0,1,1,0> }
	no_shadow
}
cylinder {
	<25.390587, 35.011169, 34.898746>,  <24.691023, 34.757965, 34.770523>, 0.130000
	pigment { color rgbt <1,0,0,0> }
	no_shadow
}

// nucleotide -1

// particle -1
sphere {
	<25.390587, 35.011169, 34.898746> 0.250000
	pigment { color rgbt <1,0,0,0> }
	no_shadow
}
cylinder {
	<25.181391, 35.050911, 35.237358>,  <25.055874, 35.074757, 35.440525>, 0.100000
	pigment { color rgbt <1,0,0,0> }
	no_shadow
}
cylinder {
	<25.181391, 35.050911, 35.237358>,  <25.390587, 35.011169, 34.898746>, 0.100000
	pigment { color rgbt <1,0,0,0> }
	no_shadow
}

// particle -1
sphere {
	<25.181391, 35.050911, 35.237358> 0.100000
	pigment { color rgbt <1,0,0,0> }
	no_shadow
}
sphere {
	0, 1
	scale<0.080000,0.200000,0.300000>
	matrix <0.653090, -0.591470, 0.472903,
		0.547680, 0.800183, 0.244446,
		-0.522991, 0.099354, 0.846528,
		25.024494, 35.080719, 35.491318>
	pigment { color rgbt <0,1,1,0> }
	no_shadow
}
cylinder {
	<25.816833, 34.822903, 35.495930>,  <25.390587, 35.011169, 34.898746>, 0.130000
	pigment { color rgbt <1,0,0,0> }
	no_shadow
}

// nucleotide -1

// particle -1
sphere {
	<25.816833, 34.822903, 35.495930> 0.250000
	pigment { color rgbt <1,0,0,0> }
	no_shadow
}
cylinder {
	<26.082710, 35.117981, 35.448605>,  <26.242235, 35.295029, 35.420208>, 0.100000
	pigment { color rgbt <1,0,0,0> }
	no_shadow
}
cylinder {
	<26.082710, 35.117981, 35.448605>,  <25.816833, 34.822903, 35.495930>, 0.100000
	pigment { color rgbt <1,0,0,0> }
	no_shadow
}

// particle -1
sphere {
	<26.082710, 35.117981, 35.448605> 0.100000
	pigment { color rgbt <1,0,0,0> }
	no_shadow
}
sphere {
	0, 1
	scale<0.080000,0.200000,0.300000>
	matrix <0.348043, -0.165612, 0.922734,
		0.661100, -0.654510, -0.366829,
		0.664690, 0.737692, -0.118312,
		26.282118, 35.339287, 35.413113>
	pigment { color rgbt <0,1,1,0> }
	no_shadow
}
cylinder {
	<26.481298, 34.602089, 35.616039>,  <25.816833, 34.822903, 35.495930>, 0.130000
	pigment { color rgbt <1,0,0,0> }
	no_shadow
}

// nucleotide -1

// particle -1
sphere {
	<26.481298, 34.602089, 35.616039> 0.250000
	pigment { color rgbt <1,0,0,0> }
	no_shadow
}
cylinder {
	<26.456738, 34.992283, 35.700577>,  <26.442001, 35.226398, 35.751297>, 0.100000
	pigment { color rgbt <1,0,0,0> }
	no_shadow
}
cylinder {
	<26.456738, 34.992283, 35.700577>,  <26.481298, 34.602089, 35.616039>, 0.100000
	pigment { color rgbt <1,0,0,0> }
	no_shadow
}

// particle -1
sphere {
	<26.456738, 34.992283, 35.700577> 0.100000
	pigment { color rgbt <1,0,0,0> }
	no_shadow
}
sphere {
	0, 1
	scale<0.080000,0.200000,0.300000>
	matrix <0.496067, -0.153911, 0.854534,
		0.866110, 0.157312, -0.474453,
		-0.061405, 0.975482, 0.211341,
		26.438316, 35.284927, 35.763981>
	pigment { color rgbt <0,1,1,0> }
	no_shadow
}
cylinder {
	<27.122841, 35.244064, 35.471001>,  <26.481298, 34.602089, 35.616039>, 0.130000
	pigment { color rgbt <1,0,0,0> }
	no_shadow
}

// nucleotide -1

// particle -1
sphere {
	<27.122841, 35.244064, 35.471001> 0.250000
	pigment { color rgbt <1,0,0,0> }
	no_shadow
}
cylinder {
	<26.873613, 35.241692, 35.783859>,  <26.724077, 35.240269, 35.971573>, 0.100000
	pigment { color rgbt <1,0,0,0> }
	no_shadow
}
cylinder {
	<26.873613, 35.241692, 35.783859>,  <27.122841, 35.244064, 35.471001>, 0.100000
	pigment { color rgbt <1,0,0,0> }
	no_shadow
}

// particle -1
sphere {
	<26.873613, 35.241692, 35.783859> 0.100000
	pigment { color rgbt <1,0,0,0> }
	no_shadow
}
sphere {
	0, 1
	scale<0.080000,0.200000,0.300000>
	matrix <0.743842, -0.313674, 0.590177,
		0.241835, 0.949512, 0.199855,
		-0.623069, -0.005935, 0.782144,
		26.686693, 35.239910, 36.018501>
	pigment { color rgbt <0,1,1,0> }
	no_shadow
}
cylinder {
	<27.869373, 35.421261, 35.617283>,  <27.122841, 35.244064, 35.471001>, 0.130000
	pigment { color rgbt <1,0,0,0> }
	no_shadow
}

// nucleotide -1

// particle -1
sphere {
	<27.869373, 35.421261, 35.617283> 0.250000
	pigment { color rgbt <1,0,0,0> }
	no_shadow
}
cylinder {
	<28.095118, 35.455433, 35.288845>,  <28.230564, 35.475937, 35.091782>, 0.100000
	pigment { color rgbt <1,0,0,0> }
	no_shadow
}
cylinder {
	<28.095118, 35.455433, 35.288845>,  <27.869373, 35.421261, 35.617283>, 0.100000
	pigment { color rgbt <1,0,0,0> }
	no_shadow
}

// particle -1
sphere {
	<28.095118, 35.455433, 35.288845> 0.100000
	pigment { color rgbt <1,0,0,0> }
	no_shadow
}
sphere {
	0, 1
	scale<0.080000,0.200000,0.300000>
	matrix <0.820061, -0.172312, 0.545719,
		-0.094866, -0.981331, -0.167301,
		0.564358, 0.085427, -0.821098,
		28.264425, 35.481060, 35.042515>
	pigment { color rgbt <0,1,1,0> }
	no_shadow
}
cylinder {
	<28.395275, 34.918098, 35.668518>,  <27.869373, 35.421261, 35.617283>, 0.130000
	pigment { color rgbt <1,0,0,0> }
	no_shadow
}

// nucleotide -1

// particle -1
sphere {
	<28.395275, 34.918098, 35.668518> 0.250000
	pigment { color rgbt <1,0,0,0> }
	no_shadow
}
cylinder {
	<28.508785, 35.220257, 35.432262>,  <28.576891, 35.401550, 35.290508>, 0.100000
	pigment { color rgbt <1,0,0,0> }
	no_shadow
}
cylinder {
	<28.508785, 35.220257, 35.432262>,  <28.395275, 34.918098, 35.668518>, 0.100000
	pigment { color rgbt <1,0,0,0> }
	no_shadow
}

// particle -1
sphere {
	<28.508785, 35.220257, 35.432262> 0.100000
	pigment { color rgbt <1,0,0,0> }
	no_shadow
}
sphere {
	0, 1
	scale<0.080000,0.200000,0.300000>
	matrix <0.811574, 0.138852, 0.567510,
		0.510706, -0.640388, -0.573658,
		0.283773, 0.755396, -0.590635,
		28.593918, 35.446877, 35.255074>
	pigment { color rgbt <0,1,1,0> }
	no_shadow
}
cylinder {
	<29.092939, 34.765694, 35.574150>,  <28.395275, 34.918098, 35.668518>, 0.130000
	pigment { color rgbt <1,0,0,0> }
	no_shadow
}

// nucleotide -1

// particle -1
sphere {
	<29.092939, 34.765694, 35.574150> 0.250000
	pigment { color rgbt <1,0,0,0> }
	no_shadow
}
cylinder {
	<29.031673, 35.146015, 35.466438>,  <28.994915, 35.374207, 35.401810>, 0.100000
	pigment { color rgbt <1,0,0,0> }
	no_shadow
}
cylinder {
	<29.031673, 35.146015, 35.466438>,  <29.092939, 34.765694, 35.574150>, 0.100000
	pigment { color rgbt <1,0,0,0> }
	no_shadow
}

// particle -1
sphere {
	<29.031673, 35.146015, 35.466438> 0.100000
	pigment { color rgbt <1,0,0,0> }
	no_shadow
}
sphere {
	0, 1
	scale<0.080000,0.200000,0.300000>
	matrix <0.846228, 0.266918, 0.461143,
		0.510332, -0.157241, -0.845480,
		-0.153164, 0.950805, -0.269279,
		28.985723, 35.431255, 35.385654>
	pigment { color rgbt <0,1,1,0> }
	no_shadow
}
cylinder {
	<29.741493, 34.984585, 35.200642>,  <29.092939, 34.765694, 35.574150>, 0.130000
	pigment { color rgbt <1,0,0,0> }
	no_shadow
}

// nucleotide -1

// particle -1
sphere {
	<29.741493, 34.984585, 35.200642> 0.250000
	pigment { color rgbt <1,0,0,0> }
	no_shadow
}
cylinder {
	<29.556868, 35.308872, 35.344688>,  <29.446093, 35.503445, 35.431118>, 0.100000
	pigment { color rgbt <1,0,0,0> }
	no_shadow
}
cylinder {
	<29.556868, 35.308872, 35.344688>,  <29.741493, 34.984585, 35.200642>, 0.100000
	pigment { color rgbt <1,0,0,0> }
	no_shadow
}

// particle -1
sphere {
	<29.556868, 35.308872, 35.344688> 0.100000
	pigment { color rgbt <1,0,0,0> }
	no_shadow
}
sphere {
	0, 1
	scale<0.080000,0.200000,0.300000>
	matrix <0.876870, 0.355460, 0.323647,
		0.134380, 0.465163, -0.874966,
		-0.461564, 0.810723, 0.360120,
		29.418398, 35.552090, 35.452724>
	pigment { color rgbt <0,1,1,0> }
	no_shadow
}
cylinder {
	<30.288124, 35.473370, 35.411961>,  <29.741493, 34.984585, 35.200642>, 0.130000
	pigment { color rgbt <1,0,0,0> }
	no_shadow
}

// nucleotide -1

// particle -1
sphere {
	<30.288124, 35.473370, 35.411961> 0.250000
	pigment { color rgbt <1,0,0,0> }
	no_shadow
}
cylinder {
	<29.995441, 35.684601, 35.584351>,  <29.819832, 35.811340, 35.687786>, 0.100000
	pigment { color rgbt <1,0,0,0> }
	no_shadow
}
cylinder {
	<29.995441, 35.684601, 35.584351>,  <30.288124, 35.473370, 35.411961>, 0.100000
	pigment { color rgbt <1,0,0,0> }
	no_shadow
}

// particle -1
sphere {
	<29.995441, 35.684601, 35.584351> 0.100000
	pigment { color rgbt <1,0,0,0> }
	no_shadow
}
sphere {
	0, 1
	scale<0.080000,0.200000,0.300000>
	matrix <0.661593, 0.398075, 0.635477,
		0.164018, 0.750115, -0.640645,
		-0.731706, 0.528076, 0.430979,
		29.775930, 35.843025, 35.713646>
	pigment { color rgbt <0,1,1,0> }
	no_shadow
}
cylinder {
	<30.485617, 36.255993, 35.612259>,  <30.288124, 35.473370, 35.411961>, 0.130000
	pigment { color rgbt <1,0,0,0> }
	no_shadow
}

// nucleotide -1

// particle -1
sphere {
	<30.485617, 36.255993, 35.612259> 0.250000
	pigment { color rgbt <1,0,0,0> }
	no_shadow
}
cylinder {
	<30.186382, 36.110607, 35.834343>,  <30.006842, 36.023376, 35.967594>, 0.100000
	pigment { color rgbt <1,0,0,0> }
	no_shadow
}
cylinder {
	<30.186382, 36.110607, 35.834343>,  <30.485617, 36.255993, 35.612259>, 0.100000
	pigment { color rgbt <1,0,0,0> }
	no_shadow
}

// particle -1
sphere {
	<30.186382, 36.110607, 35.834343> 0.100000
	pigment { color rgbt <1,0,0,0> }
	no_shadow
}
sphere {
	0, 1
	scale<0.080000,0.200000,0.300000>
	matrix <0.453960, 0.329973, 0.827670,
		-0.484030, 0.871215, -0.081853,
		-0.748088, -0.363460, 0.555213,
		29.961956, 36.001568, 36.000908>
	pigment { color rgbt <0,1,1,0> }
	no_shadow
}
cylinder {
	<30.606403, 36.302517, 36.326454>,  <30.485617, 36.255993, 35.612259>, 0.130000
	pigment { color rgbt <1,0,0,0> }
	no_shadow
}

// nucleotide -1

// particle -1
sphere {
	<30.606403, 36.302517, 36.326454> 0.250000
	pigment { color rgbt <1,0,0,0> }
	no_shadow
}
cylinder {
	<30.475588, 36.304001, 36.704456>,  <30.397099, 36.304890, 36.931255>, 0.100000
	pigment { color rgbt <1,0,0,0> }
	no_shadow
}
cylinder {
	<30.475588, 36.304001, 36.704456>,  <30.606403, 36.302517, 36.326454>, 0.100000
	pigment { color rgbt <1,0,0,0> }
	no_shadow
}

// particle -1
sphere {
	<30.475588, 36.304001, 36.704456> 0.100000
	pigment { color rgbt <1,0,0,0> }
	no_shadow
}
sphere {
	0, 1
	scale<0.080000,0.200000,0.300000>
	matrix <-0.944660, -0.028523, -0.326808,
		0.025750, -0.999586, 0.012810,
		-0.327038, 0.003686, 0.945004,
		30.377476, 36.305115, 36.987957>
	pigment { color rgbt <0,1,1,0> }
	no_shadow
}
cylinder {
	<30.408613, 35.692616, 36.614143>,  <30.606403, 36.302517, 36.326454>, 0.130000
	pigment { color rgbt <1,0,0,0> }
	no_shadow
}

// nucleotide -1

// particle -1
sphere {
	<30.408613, 35.692616, 36.614143> 0.250000
	pigment { color rgbt <1,0,0,0> }
	no_shadow
}
cylinder {
	<30.195507, 36.005772, 36.742664>,  <30.067642, 36.193665, 36.819778>, 0.100000
	pigment { color rgbt <1,0,0,0> }
	no_shadow
}
cylinder {
	<30.195507, 36.005772, 36.742664>,  <30.408613, 35.692616, 36.614143>, 0.100000
	pigment { color rgbt <1,0,0,0> }
	no_shadow
}

// particle -1
sphere {
	<30.195507, 36.005772, 36.742664> 0.100000
	pigment { color rgbt <1,0,0,0> }
	no_shadow
}
sphere {
	0, 1
	scale<0.080000,0.200000,0.300000>
	matrix <-0.740725, -0.247798, -0.624438,
		-0.409251, -0.570677, 0.711928,
		-0.532767, 0.782895, 0.321303,
		30.035677, 36.240639, 36.839054>
	pigment { color rgbt <0,1,1,0> }
	no_shadow
}
cylinder {
	<29.743809, 35.611774, 36.939022>,  <30.408613, 35.692616, 36.614143>, 0.130000
	pigment { color rgbt <1,0,0,0> }
	no_shadow
}

// nucleotide -1

// particle -1
sphere {
	<29.743809, 35.611774, 36.939022> 0.250000
	pigment { color rgbt <1,0,0,0> }
	no_shadow
}
cylinder {
	<29.772802, 35.950413, 36.728115>,  <29.790199, 36.153595, 36.601570>, 0.100000
	pigment { color rgbt <1,0,0,0> }
	no_shadow
}
cylinder {
	<29.772802, 35.950413, 36.728115>,  <29.743809, 35.611774, 36.939022>, 0.100000
	pigment { color rgbt <1,0,0,0> }
	no_shadow
}

// particle -1
sphere {
	<29.772802, 35.950413, 36.728115> 0.100000
	pigment { color rgbt <1,0,0,0> }
	no_shadow
}
sphere {
	0, 1
	scale<0.080000,0.200000,0.300000>
	matrix <-0.719560, -0.321688, -0.615427,
		-0.690637, 0.424012, 0.585862,
		0.072484, 0.846600, -0.527271,
		29.794548, 36.204391, 36.569935>
	pigment { color rgbt <0,1,1,0> }
	no_shadow
}
cylinder {
	<29.106321, 35.714451, 36.625168>,  <29.743809, 35.611774, 36.939022>, 0.130000
	pigment { color rgbt <1,0,0,0> }
	no_shadow
}

// nucleotide -1

// particle -1
sphere {
	<29.106321, 35.714451, 36.625168> 0.250000
	pigment { color rgbt <1,0,0,0> }
	no_shadow
}
cylinder {
	<29.353811, 35.951900, 36.419338>,  <29.502306, 36.094368, 36.295841>, 0.100000
	pigment { color rgbt <1,0,0,0> }
	no_shadow
}
cylinder {
	<29.353811, 35.951900, 36.419338>,  <29.106321, 35.714451, 36.625168>, 0.100000
	pigment { color rgbt <1,0,0,0> }
	no_shadow
}

// particle -1
sphere {
	<29.353811, 35.951900, 36.419338> 0.100000
	pigment { color rgbt <1,0,0,0> }
	no_shadow
}
sphere {
	0, 1
	scale<0.080000,0.200000,0.300000>
	matrix <-0.599958, -0.065823, -0.797319,
		-0.507177, 0.802047, 0.315422,
		0.618726, 0.593622, -0.514579,
		29.539429, 36.129986, 36.264965>
	pigment { color rgbt <0,1,1,0> }
	no_shadow
}
cylinder {
	<28.765297, 36.401096, 36.267159>,  <29.106321, 35.714451, 36.625168>, 0.130000
	pigment { color rgbt <1,0,0,0> }
	no_shadow
}

// nucleotide -1

// particle -1
sphere {
	<28.765297, 36.401096, 36.267159> 0.250000
	pigment { color rgbt <1,0,0,0> }
	no_shadow
}
cylinder {
	<29.082054, 36.232578, 36.090332>,  <29.272108, 36.131470, 35.984238>, 0.100000
	pigment { color rgbt <1,0,0,0> }
	no_shadow
}
cylinder {
	<29.082054, 36.232578, 36.090332>,  <28.765297, 36.401096, 36.267159>, 0.100000
	pigment { color rgbt <1,0,0,0> }
	no_shadow
}

// particle -1
sphere {
	<29.082054, 36.232578, 36.090332> 0.100000
	pigment { color rgbt <1,0,0,0> }
	no_shadow
}
sphere {
	0, 1
	scale<0.080000,0.200000,0.300000>
	matrix <-0.511484, -0.062121, -0.857044,
		0.333604, 0.904795, -0.264677,
		0.791892, -0.421291, -0.442065,
		29.319622, 36.106190, 35.957714>
	pigment { color rgbt <0,1,1,0> }
	no_shadow
}
cylinder {
	<28.883812, 36.719368, 35.627522>,  <28.765297, 36.401096, 36.267159>, 0.130000
	pigment { color rgbt <1,0,0,0> }
	no_shadow
}

// nucleotide -1

// particle -1
sphere {
	<28.883812, 36.719368, 35.627522> 0.250000
	pigment { color rgbt <1,0,0,0> }
	no_shadow
}
cylinder {
	<29.040123, 36.355629, 35.570412>,  <29.133909, 36.137386, 35.536144>, 0.100000
	pigment { color rgbt <1,0,0,0> }
	no_shadow
}
cylinder {
	<29.040123, 36.355629, 35.570412>,  <28.883812, 36.719368, 35.627522>, 0.100000
	pigment { color rgbt <1,0,0,0> }
	no_shadow
}

// particle -1
sphere {
	<29.040123, 36.355629, 35.570412> 0.100000
	pigment { color rgbt <1,0,0,0> }
	no_shadow
}
sphere {
	0, 1
	scale<0.080000,0.200000,0.300000>
	matrix <-0.640858, -0.157433, -0.751342,
		0.660752, 0.385106, -0.644283,
		0.390778, -0.909345, -0.142774,
		29.157356, 36.082825, 35.527580>
	pigment { color rgbt <0,1,1,0> }
	no_shadow
}
cylinder {
	<28.748375, 36.670376, 34.941975>,  <28.883812, 36.719368, 35.627522>, 0.130000
	pigment { color rgbt <1,0,0,0> }
	no_shadow
}

// nucleotide -1

// particle -1
sphere {
	<28.748375, 36.670376, 34.941975> 0.250000
	pigment { color rgbt <1,0,0,0> }
	no_shadow
}
cylinder {
	<28.816002, 36.301273, 35.080502>,  <28.856579, 36.079811, 35.163616>, 0.100000
	pigment { color rgbt <1,0,0,0> }
	no_shadow
}
cylinder {
	<28.816002, 36.301273, 35.080502>,  <28.748375, 36.670376, 34.941975>, 0.100000
	pigment { color rgbt <1,0,0,0> }
	no_shadow
}

// particle -1
sphere {
	<28.816002, 36.301273, 35.080502> 0.100000
	pigment { color rgbt <1,0,0,0> }
	no_shadow
}
sphere {
	0, 1
	scale<0.080000,0.200000,0.300000>
	matrix <-0.725296, -0.354398, -0.590210,
		0.667355, -0.151396, -0.729189,
		0.169067, -0.922758, 0.346316,
		28.866722, 36.024445, 35.184395>
	pigment { color rgbt <0,1,1,0> }
	no_shadow
}
cylinder {
	<28.817125, 36.337246, 34.299671>,  <28.748375, 36.670376, 34.941975>, 0.130000
	pigment { color rgbt <1,0,0,0> }
	no_shadow
}

// nucleotide -1

// particle -1
sphere {
	<28.817125, 36.337246, 34.299671> 0.250000
	pigment { color rgbt <1,0,0,0> }
	no_shadow
}
cylinder {
	<28.770105, 36.064022, 34.588009>,  <28.741894, 35.900089, 34.761009>, 0.100000
	pigment { color rgbt <1,0,0,0> }
	no_shadow
}
cylinder {
	<28.770105, 36.064022, 34.588009>,  <28.817125, 36.337246, 34.299671>, 0.100000
	pigment { color rgbt <1,0,0,0> }
	no_shadow
}

// particle -1
sphere {
	<28.770105, 36.064022, 34.588009> 0.100000
	pigment { color rgbt <1,0,0,0> }
	no_shadow
}
sphere {
	0, 1
	scale<0.080000,0.200000,0.300000>
	matrix <-0.747089, -0.417389, -0.517344,
		0.654248, -0.599346, -0.461242,
		-0.117551, -0.683060, 0.720841,
		28.734840, 35.859104, 34.804260>
	pigment { color rgbt <0,1,1,0> }
	no_shadow
}
cylinder {
	<29.208254, 36.948082, 33.882439>,  <28.817125, 36.337246, 34.299671>, 0.130000
	pigment { color rgbt <1,0,0,0> }
	no_shadow
}

// nucleotide -1

// particle -1
sphere {
	<29.208254, 36.948082, 33.882439> 0.250000
	pigment { color rgbt <1,0,0,0> }
	no_shadow
}
cylinder {
	<29.318590, 37.320602, 33.977600>,  <29.384792, 37.544113, 34.034698>, 0.100000
	pigment { color rgbt <1,0,0,0> }
	no_shadow
}
cylinder {
	<29.318590, 37.320602, 33.977600>,  <29.208254, 36.948082, 33.882439>, 0.100000
	pigment { color rgbt <1,0,0,0> }
	no_shadow
}

// particle -1
sphere {
	<29.318590, 37.320602, 33.977600> 0.100000
	pigment { color rgbt <1,0,0,0> }
	no_shadow
}
sphere {
	0, 1
	scale<0.080000,0.200000,0.300000>
	matrix <0.642208, -0.362719, 0.675280,
		0.715178, -0.033489, -0.698140,
		0.275843, 0.931296, 0.237902,
		29.401342, 37.599991, 34.048969>
	pigment { color rgbt <0,1,1,0> }
	no_shadow
}
cylinder {
	<29.985064, 37.040894, 33.874508>,  <29.208254, 36.948082, 33.882439>, 0.130000
	pigment { color rgbt <1,0,0,0> }
	no_shadow
}

// nucleotide -1

// particle -1
sphere {
	<29.985064, 37.040894, 33.874508> 0.250000
	pigment { color rgbt <1,0,0,0> }
	no_shadow
}
cylinder {
	<29.829727, 37.284660, 34.151001>,  <29.736525, 37.430920, 34.316898>, 0.100000
	pigment { color rgbt <1,0,0,0> }
	no_shadow
}
cylinder {
	<29.829727, 37.284660, 34.151001>,  <29.985064, 37.040894, 33.874508>, 0.100000
	pigment { color rgbt <1,0,0,0> }
	no_shadow
}

// particle -1
sphere {
	<29.829727, 37.284660, 34.151001> 0.100000
	pigment { color rgbt <1,0,0,0> }
	no_shadow
}
sphere {
	0, 1
	scale<0.080000,0.200000,0.300000>
	matrix <0.501953, -0.489172, 0.713270,
		0.772809, 0.623960, -0.115932,
		-0.388341, 0.609414, 0.691235,
		29.713224, 37.467484, 34.358372>
	pigment { color rgbt <0,1,1,0> }
	no_shadow
}
cylinder {
	<30.155121, 36.499462, 34.529079>,  <29.985064, 37.040894, 33.874508>, 0.130000
	pigment { color rgbt <1,0,0,0> }
	no_shadow
}

// nucleotide -1

// particle -1
sphere {
	<30.155121, 36.499462, 34.529079> 0.250000
	pigment { color rgbt <1,0,0,0> }
	no_shadow
}
cylinder {
	<30.229218, 36.201565, 34.272629>,  <30.273676, 36.022827, 34.118759>, 0.100000
	pigment { color rgbt <1,0,0,0> }
	no_shadow
}
cylinder {
	<30.229218, 36.201565, 34.272629>,  <30.155121, 36.499462, 34.529079>, 0.100000
	pigment { color rgbt <1,0,0,0> }
	no_shadow
}

// particle -1
sphere {
	<30.229218, 36.201565, 34.272629> 0.100000
	pigment { color rgbt <1,0,0,0> }
	no_shadow
}
sphere {
	0, 1
	scale<0.080000,0.200000,0.300000>
	matrix <0.847768, 0.451050, -0.279004,
		0.496966, -0.491843, 0.714923,
		0.185240, -0.744744, -0.641126,
		30.284790, 35.978142, 34.080292>
	pigment { color rgbt <0,1,1,0> }
	no_shadow
}
cylinder {
	<30.834166, 36.132431, 34.675087>,  <30.155121, 36.499462, 34.529079>, 0.130000
	pigment { color rgbt <1,0,0,0> }
	no_shadow
}

// nucleotide -1

// particle -1
sphere {
	<30.834166, 36.132431, 34.675087> 0.250000
	pigment { color rgbt <1,0,0,0> }
	no_shadow
}
cylinder {
	<30.713276, 36.175610, 34.296246>,  <30.640741, 36.201515, 34.068939>, 0.100000
	pigment { color rgbt <1,0,0,0> }
	no_shadow
}
cylinder {
	<30.713276, 36.175610, 34.296246>,  <30.834166, 36.132431, 34.675087>, 0.100000
	pigment { color rgbt <1,0,0,0> }
	no_shadow
}

// particle -1
sphere {
	<30.713276, 36.175610, 34.296246> 0.100000
	pigment { color rgbt <1,0,0,0> }
	no_shadow
}
sphere {
	0, 1
	scale<0.080000,0.200000,0.300000>
	matrix <0.881263, 0.410380, -0.234442,
		0.363367, -0.905504, -0.219153,
		-0.302224, 0.107943, -0.947106,
		30.622608, 36.207993, 34.012115>
	pigment { color rgbt <0,1,1,0> }
	no_shadow
}
cylinder {
	<31.315048, 35.781872, 34.251907>,  <30.834166, 36.132431, 34.675087>, 0.130000
	pigment { color rgbt <1,0,0,0> }
	no_shadow
}

// nucleotide -1

// particle -1
sphere {
	<31.315048, 35.781872, 34.251907> 0.250000
	pigment { color rgbt <1,0,0,0> }
	no_shadow
}
cylinder {
	<31.153830, 36.100578, 34.071808>,  <31.057098, 36.291801, 33.963749>, 0.100000
	pigment { color rgbt <1,0,0,0> }
	no_shadow
}
cylinder {
	<31.153830, 36.100578, 34.071808>,  <31.315048, 35.781872, 34.251907>, 0.100000
	pigment { color rgbt <1,0,0,0> }
	no_shadow
}

// particle -1
sphere {
	<31.153830, 36.100578, 34.071808> 0.100000
	pigment { color rgbt <1,0,0,0> }
	no_shadow
}
sphere {
	0, 1
	scale<0.080000,0.200000,0.300000>
	matrix <0.907894, 0.410056, -0.087074,
		0.115249, -0.443873, -0.888648,
		-0.403045, 0.796763, -0.450248,
		31.032915, 36.339607, 33.936733>
	pigment { color rgbt <0,1,1,0> }
	no_shadow
}
cylinder {
	<32.090771, 35.714035, 34.401386>,  <31.315048, 35.781872, 34.251907>, 0.130000
	pigment { color rgbt <1,0,0,0> }
	no_shadow
}

// nucleotide -1

// particle -1
sphere {
	<32.090771, 35.714035, 34.401386> 0.250000
	pigment { color rgbt <1,0,0,0> }
	no_shadow
}
cylinder {
	<32.380482, 35.571236, 34.637344>,  <32.554310, 35.485558, 34.778919>, 0.100000
	pigment { color rgbt <1,0,0,0> }
	no_shadow
}
cylinder {
	<32.380482, 35.571236, 34.637344>,  <32.090771, 35.714035, 34.401386>, 0.100000
	pigment { color rgbt <1,0,0,0> }
	no_shadow
}

// particle -1
sphere {
	<32.380482, 35.571236, 34.637344> 0.100000
	pigment { color rgbt <1,0,0,0> }
	no_shadow
}
sphere {
	0, 1
	scale<0.080000,0.200000,0.300000>
	matrix <-0.131931, -0.911473, -0.389629,
		0.676769, 0.204374, -0.707259,
		0.724278, -0.356998, 0.589893,
		32.597767, 35.464138, 34.814312>
	pigment { color rgbt <0,1,1,0> }
	no_shadow
}
cylinder {
	<32.647232, 35.261158, 34.027332>,  <32.090771, 35.714035, 34.401386>, 0.130000
	pigment { color rgbt <1,0,0,0> }
	no_shadow
}

// nucleotide -1

// particle -1
sphere {
	<32.647232, 35.261158, 34.027332> 0.250000
	pigment { color rgbt <1,0,0,0> }
	no_shadow
}
cylinder {
	<32.582539, 35.173943, 34.412312>,  <32.543724, 35.121613, 34.643299>, 0.100000
	pigment { color rgbt <1,0,0,0> }
	no_shadow
}
cylinder {
	<32.582539, 35.173943, 34.412312>,  <32.647232, 35.261158, 34.027332>, 0.100000
	pigment { color rgbt <1,0,0,0> }
	no_shadow
}

// particle -1
sphere {
	<32.582539, 35.173943, 34.412312> 0.100000
	pigment { color rgbt <1,0,0,0> }
	no_shadow
}
sphere {
	0, 1
	scale<0.080000,0.200000,0.300000>
	matrix <-0.141043, -0.960165, -0.241228,
		0.976703, -0.174761, 0.124538,
		-0.161735, -0.218042, 0.962445,
		32.534019, 35.108528, 34.701046>
	pigment { color rgbt <0,1,1,0> }
	no_shadow
}
cylinder {
	<33.024151, 34.645805, 34.135468>,  <32.647232, 35.261158, 34.027332>, 0.130000
	pigment { color rgbt <1,0,0,0> }
	no_shadow
}

// nucleotide -1

// particle -1
sphere {
	<33.024151, 34.645805, 34.135468> 0.250000
	pigment { color rgbt <1,0,0,0> }
	no_shadow
}
cylinder {
	<32.757645, 34.676571, 34.432163>,  <32.597740, 34.695030, 34.610180>, 0.100000
	pigment { color rgbt <1,0,0,0> }
	no_shadow
}
cylinder {
	<32.757645, 34.676571, 34.432163>,  <33.024151, 34.645805, 34.135468>, 0.100000
	pigment { color rgbt <1,0,0,0> }
	no_shadow
}

// particle -1
sphere {
	<32.757645, 34.676571, 34.432163> 0.100000
	pigment { color rgbt <1,0,0,0> }
	no_shadow
}
sphere {
	0, 1
	scale<0.080000,0.200000,0.300000>
	matrix <-0.189460, -0.979488, -0.068618,
		0.721246, -0.186247, 0.667170,
		-0.666265, 0.076912, 0.741738,
		32.557766, 34.699646, 34.654686>
	pigment { color rgbt <0,1,1,0> }
	no_shadow
}
cylinder {
	<33.241760, 34.090656, 34.544117>,  <33.024151, 34.645805, 34.135468>, 0.130000
	pigment { color rgbt <1,0,0,0> }
	no_shadow
}

// nucleotide -1

// particle -1
sphere {
	<33.241760, 34.090656, 34.544117> 0.250000
	pigment { color rgbt <1,0,0,0> }
	no_shadow
}
cylinder {
	<32.870903, 34.189190, 34.657063>,  <32.648388, 34.248310, 34.724831>, 0.100000
	pigment { color rgbt <1,0,0,0> }
	no_shadow
}
cylinder {
	<32.870903, 34.189190, 34.657063>,  <33.241760, 34.090656, 34.544117>, 0.100000
	pigment { color rgbt <1,0,0,0> }
	no_shadow
}

// particle -1
sphere {
	<32.870903, 34.189190, 34.657063> 0.100000
	pigment { color rgbt <1,0,0,0> }
	no_shadow
}
sphere {
	0, 1
	scale<0.080000,0.200000,0.300000>
	matrix <-0.301037, -0.938370, -0.169816,
		0.223134, -0.242446, 0.944156,
		-0.927140, 0.246334, 0.282367,
		32.592762, 34.263092, 34.741772>
	pigment { color rgbt <0,1,1,0> }
	no_shadow
}
cylinder {
	<33.071877, 33.508068, 35.008316>,  <33.241760, 34.090656, 34.544117>, 0.130000
	pigment { color rgbt <1,0,0,0> }
	no_shadow
}

// nucleotide -1

// particle -1
sphere {
	<33.071877, 33.508068, 35.008316> 0.250000
	pigment { color rgbt <1,0,0,0> }
	no_shadow
}
cylinder {
	<32.761829, 33.706226, 34.851460>,  <32.575802, 33.825123, 34.757347>, 0.100000
	pigment { color rgbt <1,0,0,0> }
	no_shadow
}
cylinder {
	<32.761829, 33.706226, 34.851460>,  <33.071877, 33.508068, 35.008316>, 0.100000
	pigment { color rgbt <1,0,0,0> }
	no_shadow
}

// particle -1
sphere {
	<32.761829, 33.706226, 34.851460> 0.100000
	pigment { color rgbt <1,0,0,0> }
	no_shadow
}
sphere {
	0, 1
	scale<0.080000,0.200000,0.300000>
	matrix <-0.402748, -0.865626, -0.297465,
		-0.486809, -0.072637, 0.870483,
		-0.775120, 0.495394, -0.392140,
		32.529293, 33.854843, 34.733818>
	pigment { color rgbt <0,1,1,0> }
	no_shadow
}
cylinder {
	<32.673775, 32.983345, 35.018829>,  <33.071877, 33.508068, 35.008316>, 0.130000
	pigment { color rgbt <1,0,0,0> }
	no_shadow
}

// nucleotide -1

// particle -1
sphere {
	<32.673775, 32.983345, 35.018829> 0.250000
	pigment { color rgbt <1,0,0,0> }
	no_shadow
}
cylinder {
	<32.442825, 33.255566, 34.838394>,  <32.304256, 33.418900, 34.730133>, 0.100000
	pigment { color rgbt <1,0,0,0> }
	no_shadow
}
cylinder {
	<32.442825, 33.255566, 34.838394>,  <32.673775, 32.983345, 35.018829>, 0.100000
	pigment { color rgbt <1,0,0,0> }
	no_shadow
}

// particle -1
sphere {
	<32.442825, 33.255566, 34.838394> 0.100000
	pigment { color rgbt <1,0,0,0> }
	no_shadow
}
sphere {
	0, 1
	scale<0.080000,0.200000,0.300000>
	matrix <-0.528148, -0.732635, -0.429308,
		-0.622651, -0.009631, 0.782440,
		-0.577378, 0.680553, -0.451090,
		32.269611, 33.459732, 34.703068>
	pigment { color rgbt <0,1,1,0> }
	no_shadow
}
cylinder {
	<31.865067, 32.859692, 35.159760>,  <32.673775, 32.983345, 35.018829>, 0.130000
	pigment { color rgbt <1,0,0,0> }
	no_shadow
}

// nucleotide -1

// particle -1
sphere {
	<31.865067, 32.859692, 35.159760> 0.250000
	pigment { color rgbt <1,0,0,0> }
	no_shadow
}
cylinder {
	<31.938690, 33.029278, 34.805046>,  <31.982864, 33.131027, 34.592220>, 0.100000
	pigment { color rgbt <1,0,0,0> }
	no_shadow
}
cylinder {
	<31.938690, 33.029278, 34.805046>,  <31.865067, 32.859692, 35.159760>, 0.100000
	pigment { color rgbt <1,0,0,0> }
	no_shadow
}

// particle -1
sphere {
	<31.938690, 33.029278, 34.805046> 0.100000
	pigment { color rgbt <1,0,0,0> }
	no_shadow
}
sphere {
	0, 1
	scale<0.080000,0.200000,0.300000>
	matrix <-0.246288, -0.853521, -0.459179,
		-0.951559, 0.302919, -0.052681,
		0.184058, 0.423961, -0.886781,
		31.993908, 33.156467, 34.539013>
	pigment { color rgbt <0,1,1,0> }
	no_shadow
}
cylinder {
	<31.250822, 32.728565, 34.803513>,  <31.865067, 32.859692, 35.159760>, 0.130000
	pigment { color rgbt <1,0,0,0> }
	no_shadow
}

// nucleotide -1

// particle -1
sphere {
	<31.250822, 32.728565, 34.803513> 0.250000
	pigment { color rgbt <1,0,0,0> }
	no_shadow
}
cylinder {
	<31.530291, 32.830132, 34.535965>,  <31.697971, 32.891071, 34.375435>, 0.100000
	pigment { color rgbt <1,0,0,0> }
	no_shadow
}
cylinder {
	<31.530291, 32.830132, 34.535965>,  <31.250822, 32.728565, 34.803513>, 0.100000
	pigment { color rgbt <1,0,0,0> }
	no_shadow
}

// particle -1
sphere {
	<31.530291, 32.830132, 34.535965> 0.100000
	pigment { color rgbt <1,0,0,0> }
	no_shadow
}
sphere {
	0, 1
	scale<0.080000,0.200000,0.300000>
	matrix <-0.230439, -0.805210, -0.546383,
		-0.677318, 0.535874, -0.504063,
		0.698669, 0.253919, -0.668869,
		31.739891, 32.906307, 34.335304>
	pigment { color rgbt <0,1,1,0> }
	no_shadow
}
cylinder {
	<30.838909, 32.740761, 34.232849>,  <31.250822, 32.728565, 34.803513>, 0.130000
	pigment { color rgbt <1,0,0,0> }
	no_shadow
}

// nucleotide -1

// particle -1
sphere {
	<30.838909, 32.740761, 34.232849> 0.250000
	pigment { color rgbt <1,0,0,0> }
	no_shadow
}
cylinder {
	<31.213478, 32.689964, 34.102016>,  <31.438219, 32.659485, 34.023518>, 0.100000
	pigment { color rgbt <1,0,0,0> }
	no_shadow
}
cylinder {
	<31.213478, 32.689964, 34.102016>,  <30.838909, 32.740761, 34.232849>, 0.100000
	pigment { color rgbt <1,0,0,0> }
	no_shadow
}

// particle -1
sphere {
	<31.213478, 32.689964, 34.102016> 0.100000
	pigment { color rgbt <1,0,0,0> }
	no_shadow
}
sphere {
	0, 1
	scale<0.080000,0.200000,0.300000>
	matrix <-0.254418, -0.887709, -0.383725,
		-0.241628, 0.442546, -0.863580,
		0.936423, -0.126991, -0.327086,
		31.494406, 32.651867, 34.003891>
	pigment { color rgbt <0,1,1,0> }
	no_shadow
}
cylinder {
	<30.811905, 32.416588, 33.592651>,  <30.838909, 32.740761, 34.232849>, 0.130000
	pigment { color rgbt <1,0,0,0> }
	no_shadow
}

// nucleotide -1

// particle -1
sphere {
	<30.811905, 32.416588, 33.592651> 0.250000
	pigment { color rgbt <1,0,0,0> }
	no_shadow
}
cylinder {
	<31.170458, 32.352268, 33.757889>,  <31.385590, 32.313675, 33.857029>, 0.100000
	pigment { color rgbt <1,0,0,0> }
	no_shadow
}
cylinder {
	<31.170458, 32.352268, 33.757889>,  <30.811905, 32.416588, 33.592651>, 0.100000
	pigment { color rgbt <1,0,0,0> }
	no_shadow
}

// particle -1
sphere {
	<31.170458, 32.352268, 33.757889> 0.100000
	pigment { color rgbt <1,0,0,0> }
	no_shadow
}
sphere {
	0, 1
	scale<0.080000,0.200000,0.300000>
	matrix <-0.073765, -0.973003, -0.218687,
		0.437102, 0.165556, -0.884044,
		0.896382, -0.160800, 0.413089,
		31.439373, 32.304028, 33.881817>
	pigment { color rgbt <0,1,1,0> }
	no_shadow
}
cylinder {
	<31.191595, 31.949604, 33.086414>,  <30.811905, 32.416588, 33.592651>, 0.130000
	pigment { color rgbt <1,0,0,0> }
	no_shadow
}

// nucleotide -1

// particle -1
sphere {
	<31.191595, 31.949604, 33.086414> 0.250000
	pigment { color rgbt <1,0,0,0> }
	no_shadow
}
cylinder {
	<31.330774, 31.936996, 33.461208>,  <31.414282, 31.929432, 33.686085>, 0.100000
	pigment { color rgbt <1,0,0,0> }
	no_shadow
}
cylinder {
	<31.330774, 31.936996, 33.461208>,  <31.191595, 31.949604, 33.086414>, 0.100000
	pigment { color rgbt <1,0,0,0> }
	no_shadow
}

// particle -1
sphere {
	<31.330774, 31.936996, 33.461208> 0.100000
	pigment { color rgbt <1,0,0,0> }
	no_shadow
}
sphere {
	0, 1
	scale<0.080000,0.200000,0.300000>
	matrix <-0.055301, -0.998384, -0.013049,
		0.935881, -0.047276, -0.349131,
		0.347950, -0.031520, 0.936983,
		31.435160, 31.927540, 33.742302>
	pigment { color rgbt <0,1,1,0> }
	no_shadow
}
cylinder {
	<31.849781, 31.525114, 33.090881>,  <31.191595, 31.949604, 33.086414>, 0.130000
	pigment { color rgbt <1,0,0,0> }
	no_shadow
}

// nucleotide -1

// particle -1
sphere {
	<31.849781, 31.525114, 33.090881> 0.250000
	pigment { color rgbt <1,0,0,0> }
	no_shadow
}
cylinder {
	<31.635405, 31.529556, 33.428555>,  <31.506779, 31.532223, 33.631157>, 0.100000
	pigment { color rgbt <1,0,0,0> }
	no_shadow
}
cylinder {
	<31.635405, 31.529556, 33.428555>,  <31.849781, 31.525114, 33.090881>, 0.100000
	pigment { color rgbt <1,0,0,0> }
	no_shadow
}

// particle -1
sphere {
	<31.635405, 31.529556, 33.428555> 0.100000
	pigment { color rgbt <1,0,0,0> }
	no_shadow
}
sphere {
	0, 1
	scale<0.080000,0.200000,0.300000>
	matrix <0.133547, -0.986209, 0.097761,
		0.833625, 0.165132, 0.527069,
		-0.535944, 0.011108, 0.844181,
		31.474621, 31.532888, 33.681808>
	pigment { color rgbt <0,1,1,0> }
	no_shadow
}
cylinder {
	<32.473518, 31.194702, 33.263802>,  <31.849781, 31.525114, 33.090881>, 0.130000
	pigment { color rgbt <1,0,0,0> }
	no_shadow
}

// nucleotide -1

// particle -1
sphere {
	<32.473518, 31.194702, 33.263802> 0.250000
	pigment { color rgbt <1,0,0,0> }
	no_shadow
}
cylinder {
	<32.640682, 31.100996, 33.614906>,  <32.740978, 31.044771, 33.825569>, 0.100000
	pigment { color rgbt <1,0,0,0> }
	no_shadow
}
cylinder {
	<32.640682, 31.100996, 33.614906>,  <32.473518, 31.194702, 33.263802>, 0.100000
	pigment { color rgbt <1,0,0,0> }
	no_shadow
}

// particle -1
sphere {
	<32.640682, 31.100996, 33.614906> 0.100000
	pigment { color rgbt <1,0,0,0> }
	no_shadow
}
sphere {
	0, 1
	scale<0.080000,0.200000,0.300000>
	matrix <-0.890838, -0.295204, 0.345343,
		0.178218, -0.926269, -0.332060,
		0.417905, -0.234266, 0.877766,
		32.766052, 31.030716, 33.878235>
	pigment { color rgbt <0,1,1,0> }
	no_shadow
}
cylinder {
	<32.438457, 31.780878, 33.850883>,  <32.473518, 31.194702, 33.263802>, 0.130000
	pigment { color rgbt <1,0,0,0> }
	no_shadow
}

// nucleotide -1

// particle -1
sphere {
	<32.438457, 31.780878, 33.850883> 0.250000
	pigment { color rgbt <1,0,0,0> }
	no_shadow
}
cylinder {
	<32.170647, 32.049355, 33.723614>,  <32.009960, 32.210442, 33.647251>, 0.100000
	pigment { color rgbt <1,0,0,0> }
	no_shadow
}
cylinder {
	<32.170647, 32.049355, 33.723614>,  <32.438457, 31.780878, 33.850883>, 0.100000
	pigment { color rgbt <1,0,0,0> }
	no_shadow
}

// particle -1
sphere {
	<32.170647, 32.049355, 33.723614> 0.100000
	pigment { color rgbt <1,0,0,0> }
	no_shadow
}
sphere {
	0, 1
	scale<0.080000,0.200000,0.300000>
	matrix <0.531813, 0.732203, 0.425504,
		0.518562, 0.115678, -0.847179,
		-0.669528, 0.671191, -0.318173,
		31.969788, 32.250713, 33.628162>
	pigment { color rgbt <0,1,1,0> }
	no_shadow
}
cylinder {
	<32.724010, 32.454838, 33.669720>,  <32.438457, 31.780878, 33.850883>, 0.130000
	pigment { color rgbt <1,0,0,0> }
	no_shadow
}

// nucleotide -1

// particle -1
sphere {
	<32.724010, 32.454838, 33.669720> 0.250000
	pigment { color rgbt <1,0,0,0> }
	no_shadow
}
cylinder {
	<32.342445, 32.532829, 33.760971>,  <32.113506, 32.579624, 33.815723>, 0.100000
	pigment { color rgbt <1,0,0,0> }
	no_shadow
}
cylinder {
	<32.342445, 32.532829, 33.760971>,  <32.724010, 32.454838, 33.669720>, 0.100000
	pigment { color rgbt <1,0,0,0> }
	no_shadow
}

// particle -1
sphere {
	<32.342445, 32.532829, 33.760971> 0.100000
	pigment { color rgbt <1,0,0,0> }
	no_shadow
}
sphere {
	0, 1
	scale<0.080000,0.200000,0.300000>
	matrix <0.253023, 0.931293, 0.262056,
		-0.161359, 0.307699, -0.937702,
		-0.953909, 0.194975, 0.228127,
		32.056274, 32.591320, 33.829411>
	pigment { color rgbt <0,1,1,0> }
	no_shadow
}
cylinder {
	<32.538551, 33.165939, 33.310085>,  <32.724010, 32.454838, 33.669720>, 0.130000
	pigment { color rgbt <1,0,0,0> }
	no_shadow
}

// nucleotide -1

// particle -1
sphere {
	<32.538551, 33.165939, 33.310085> 0.250000
	pigment { color rgbt <1,0,0,0> }
	no_shadow
}
cylinder {
	<32.302700, 33.085503, 33.622982>,  <32.161190, 33.037243, 33.810719>, 0.100000
	pigment { color rgbt <1,0,0,0> }
	no_shadow
}
cylinder {
	<32.302700, 33.085503, 33.622982>,  <32.538551, 33.165939, 33.310085>, 0.100000
	pigment { color rgbt <1,0,0,0> }
	no_shadow
}

// particle -1
sphere {
	<32.302700, 33.085503, 33.622982> 0.100000
	pigment { color rgbt <1,0,0,0> }
	no_shadow
}
sphere {
	0, 1
	scale<0.080000,0.200000,0.300000>
	matrix <0.066052, 0.953261, 0.294840,
		-0.804969, 0.225515, -0.548788,
		-0.589629, -0.201089, 0.782241,
		32.125813, 33.025177, 33.857655>
	pigment { color rgbt <0,1,1,0> }
	no_shadow
}
cylinder {
	<32.179939, 33.705887, 33.383781>,  <32.538551, 33.165939, 33.310085>, 0.130000
	pigment { color rgbt <1,0,0,0> }
	no_shadow
}

// nucleotide -1

// particle -1
sphere {
	<32.179939, 33.705887, 33.383781> 0.250000
	pigment { color rgbt <1,0,0,0> }
	no_shadow
}
cylinder {
	<32.135258, 33.544197, 33.746906>,  <32.108448, 33.447182, 33.964783>, 0.100000
	pigment { color rgbt <1,0,0,0> }
	no_shadow
}
cylinder {
	<32.135258, 33.544197, 33.746906>,  <32.179939, 33.705887, 33.383781>, 0.100000
	pigment { color rgbt <1,0,0,0> }
	no_shadow
}

// particle -1
sphere {
	<32.135258, 33.544197, 33.746906> 0.100000
	pigment { color rgbt <1,0,0,0> }
	no_shadow
}
sphere {
	0, 1
	scale<0.080000,0.200000,0.300000>
	matrix <-0.002221, 0.913628, 0.406546,
		-0.993739, 0.043399, -0.102958,
		-0.111709, -0.404229, 0.907811,
		32.101746, 33.422928, 34.019249>
	pigment { color rgbt <0,1,1,0> }
	no_shadow
}
cylinder {
	<31.625736, 33.893215, 33.795639>,  <32.179939, 33.705887, 33.383781>, 0.130000
	pigment { color rgbt <1,0,0,0> }
	no_shadow
}

// nucleotide -1

// particle -1
sphere {
	<31.625736, 33.893215, 33.795639> 0.250000
	pigment { color rgbt <1,0,0,0> }
	no_shadow
}
cylinder {
	<31.893454, 33.775112, 34.068363>,  <32.054085, 33.704250, 34.231998>, 0.100000
	pigment { color rgbt <1,0,0,0> }
	no_shadow
}
cylinder {
	<31.893454, 33.775112, 34.068363>,  <31.625736, 33.893215, 33.795639>, 0.100000
	pigment { color rgbt <1,0,0,0> }
	no_shadow
}

// particle -1
sphere {
	<31.893454, 33.775112, 34.068363> 0.100000
	pigment { color rgbt <1,0,0,0> }
	no_shadow
}
sphere {
	0, 1
	scale<0.080000,0.200000,0.300000>
	matrix <-0.041623, 0.901308, 0.431175,
