// switches for output
#declare DRAW_BASES = 1; // possible values are 0, 1; only relevant for DNA ribbons
#declare DRAW_BASES_TYPE = 3; // possible values are 1, 2, 3; only relevant for DNA ribbons
#declare DRAW_FOG = 0; // set to 1 to enable fog

#include "colors.inc"

#include "transforms.inc"
background { rgb <1, 1, 1>}

#default {
   normal{
       ripples 0.25
       frequency 0.20
       turbulence 0.2
       lambda 5
   }
	finish {
		phong 0.1
		phong_size 40.
	}
}

// original window dimensions: 1024x640


// camera settings

camera {
	sky <0, 0.179814, -0.983701>
	up <0, 0.179814, -0.983701>
	right 1.6 * <1, 0, 0>
	location <35, 94.9851, 44.8844>
	look_at <35, 29.7336, 32.9568>
	direction <0, -65.2515, -11.9276>
	angle 67.0682
}


# declare cpy_camera_pos = <35, 94.9851, 44.8844>;
# if (DRAW_FOG = 1)
fog {
	fog_type 2
	up vnormalize(cpy_camera_pos)
	color rgbt<1,1,1,0.3>
	distance 1e-5
	fog_alt 3e-3
	fog_offset 56
}
# end


// LIGHTS

# declare lum = 6;
global_settings {
	ambient_light rgb lum * <0.05, 0.05, 0.05>
	max_trace_level 15
}# declare cpy_direct_light_amount = 0.25;
light_source
{	1000 * <-1, -1.16352, -0.803886>,
	rgb lum * cpy_direct_light_amount
	parallel
}

light_source
{	1000 * <1, 1.16352, 0.803886>,
	rgb lum * cpy_direct_light_amount
	parallel
}

// strand 0

// nucleotide -1

// particle -1
sphere {
	<23.991455, 35.416325, 34.813110> 0.250000
	pigment { color rgbt <1,0,0,0> }
	no_shadow
}
cylinder {
	<24.022463, 35.094242, 35.048271>,  <24.041067, 34.900993, 35.189369>, 0.100000
	pigment { color rgbt <1,0,0,0> }
	no_shadow
}
cylinder {
	<24.022463, 35.094242, 35.048271>,  <23.991455, 35.416325, 34.813110>, 0.100000
	pigment { color rgbt <1,0,0,0> }
	no_shadow
}

// particle -1
sphere {
	<24.022463, 35.094242, 35.048271> 0.100000
	pigment { color rgbt <1,0,0,0> }
	no_shadow
}
sphere {
	0, 1
	scale<0.080000,0.200000,0.300000>
	matrix <0.992039, 0.003599, -0.125876,
		0.099241, 0.592982, 0.799076,
		0.077518, -0.805207, 0.587905,
		24.045719, 34.852680, 35.224644>
	pigment { color rgbt <0,1,1,0> }
	no_shadow
}
cylinder {
	<24.640675, 35.428131, 34.817719>,  <23.991455, 35.416325, 34.813110>, 0.130000
	pigment { color rgbt <1,0,0,0> }
	no_shadow
}

// nucleotide -1

// particle -1
sphere {
	<24.640675, 35.428131, 34.817719> 0.250000
	pigment { color rgbt <1,0,0,0> }
	no_shadow
}
cylinder {
	<24.559080, 35.099537, 35.030716>,  <24.510122, 34.902378, 35.158512>, 0.100000
	pigment { color rgbt <1,0,0,0> }
	no_shadow
}
cylinder {
	<24.559080, 35.099537, 35.030716>,  <24.640675, 35.428131, 34.817719>, 0.100000
	pigment { color rgbt <1,0,0,0> }
	no_shadow
}

// particle -1
sphere {
	<24.559080, 35.099537, 35.030716> 0.100000
	pigment { color rgbt <1,0,0,0> }
	no_shadow
}
sphere {
	0, 1
	scale<0.080000,0.200000,0.300000>
	matrix <0.978309, -0.191086, 0.079980,
		0.036049, 0.537256, 0.842648,
		-0.203988, -0.821488, 0.532491,
		24.497883, 34.853092, 35.190464>
	pigment { color rgbt <0,1,1,0> }
	no_shadow
}
cylinder {
	<25.128510, 35.449795, 35.411591>,  <24.640675, 35.428131, 34.817719>, 0.130000
	pigment { color rgbt <1,0,0,0> }
	no_shadow
}

// nucleotide -1

// particle -1
sphere {
	<25.128510, 35.449795, 35.411591> 0.250000
	pigment { color rgbt <1,0,0,0> }
	no_shadow
}
cylinder {
	<25.030745, 35.069546, 35.335094>,  <24.972086, 34.841396, 35.289196>, 0.100000
	pigment { color rgbt <1,0,0,0> }
	no_shadow
}
cylinder {
	<25.030745, 35.069546, 35.335094>,  <25.128510, 35.449795, 35.411591>, 0.100000
	pigment { color rgbt <1,0,0,0> }
	no_shadow
}

// particle -1
sphere {
	<25.030745, 35.069546, 35.335094> 0.100000
	pigment { color rgbt <1,0,0,0> }
	no_shadow
}
sphere {
	0, 1
	scale<0.080000,0.200000,0.300000>
	matrix <0.912500, -0.292205, 0.286287,
		-0.328033, -0.104536, 0.938865,
		-0.244414, -0.950625, -0.191242,
		24.957420, 34.784359, 35.277721>
	pigment { color rgbt <0,1,1,0> }
	no_shadow
}
cylinder {
	<25.255987, 34.968792, 36.024158>,  <25.128510, 35.449795, 35.411591>, 0.130000
	pigment { color rgbt <1,0,0,0> }
	no_shadow
}

// nucleotide -1

// particle -1
sphere {
	<25.255987, 34.968792, 36.024158> 0.250000
	pigment { color rgbt <1,0,0,0> }
	no_shadow
}
cylinder {
	<25.305895, 34.757774, 35.688030>,  <25.335840, 34.631165, 35.486355>, 0.100000
	pigment { color rgbt <1,0,0,0> }
	no_shadow
}
cylinder {
	<25.305895, 34.757774, 35.688030>,  <25.255987, 34.968792, 36.024158>, 0.100000
	pigment { color rgbt <1,0,0,0> }
	no_shadow
}

// particle -1
sphere {
	<25.305895, 34.757774, 35.688030> 0.100000
	pigment { color rgbt <1,0,0,0> }
	no_shadow
}
sphere {
	0, 1
	scale<0.080000,0.200000,0.300000>
	matrix <0.914465, -0.267453, 0.303682,
		-0.384950, -0.806330, 0.449049,
		0.124769, -0.527542, -0.840317,
		25.343325, 34.599510, 35.435936>
	pigment { color rgbt <0,1,1,0> }
	no_shadow
}
cylinder {
	<25.311396, 34.148975, 36.077934>,  <25.255987, 34.968792, 36.024158>, 0.130000
	pigment { color rgbt <1,0,0,0> }
	no_shadow
}

// nucleotide -1

// particle -1
sphere {
	<25.311396, 34.148975, 36.077934> 0.250000
	pigment { color rgbt <1,0,0,0> }
	no_shadow
}
cylinder {
	<25.545614, 34.286427, 35.784252>,  <25.686146, 34.368896, 35.608044>, 0.100000
	pigment { color rgbt <1,0,0,0> }
	no_shadow
}
cylinder {
	<25.545614, 34.286427, 35.784252>,  <25.311396, 34.148975, 36.077934>, 0.100000
	pigment { color rgbt <1,0,0,0> }
	no_shadow
}

// particle -1
sphere {
	<25.545614, 34.286427, 35.784252> 0.100000
	pigment { color rgbt <1,0,0,0> }
	no_shadow
}
sphere {
	0, 1
	scale<0.080000,0.200000,0.300000>
	matrix <0.807022, -0.332557, 0.487976,
		-0.076481, -0.878250, -0.472045,
		0.585548, 0.343630, -0.734202,
		25.721279, 34.389515, 35.563992>
	pigment { color rgbt <0,1,1,0> }
	no_shadow
}
cylinder {
	<25.755199, 33.586700, 35.616096>,  <25.311396, 34.148975, 36.077934>, 0.130000
	pigment { color rgbt <1,0,0,0> }
	no_shadow
}

// nucleotide -1

// particle -1
sphere {
	<25.755199, 33.586700, 35.616096> 0.250000
	pigment { color rgbt <1,0,0,0> }
	no_shadow
}
cylinder {
	<25.944210, 33.935944, 35.664101>,  <26.057617, 34.145489, 35.692902>, 0.100000
	pigment { color rgbt <1,0,0,0> }
	no_shadow
}
cylinder {
	<25.944210, 33.935944, 35.664101>,  <25.755199, 33.586700, 35.616096>, 0.100000
	pigment { color rgbt <1,0,0,0> }
	no_shadow
}

// particle -1
sphere {
	<25.944210, 33.935944, 35.664101> 0.100000
	pigment { color rgbt <1,0,0,0> }
	no_shadow
}
sphere {
	0, 1
	scale<0.080000,0.200000,0.300000>
	matrix <0.746469, -0.468887, 0.472153,
		0.468511, -0.133522, -0.873310,
		0.472526, 0.873108, 0.120009,
		26.085968, 34.197876, 35.700104>
	pigment { color rgbt <0,1,1,0> }
	no_shadow
}
cylinder {
	<26.532875, 33.301579, 35.675747>,  <25.755199, 33.586700, 35.616096>, 0.130000
	pigment { color rgbt <1,0,0,0> }
	no_shadow
}

// nucleotide -1

// particle -1
sphere {
	<26.532875, 33.301579, 35.675747> 0.250000
	pigment { color rgbt <1,0,0,0> }
	no_shadow
}
cylinder {
	<26.535109, 33.692780, 35.759148>,  <26.536449, 33.927502, 35.809189>, 0.100000
	pigment { color rgbt <1,0,0,0> }
	no_shadow
}
cylinder {
	<26.535109, 33.692780, 35.759148>,  <26.532875, 33.301579, 35.675747>, 0.100000
	pigment { color rgbt <1,0,0,0> }
	no_shadow
}

// particle -1
sphere {
	<26.535109, 33.692780, 35.759148> 0.100000
	pigment { color rgbt <1,0,0,0> }
	no_shadow
}
sphere {
	0, 1
	scale<0.080000,0.200000,0.300000>
	matrix <0.854136, -0.113097, 0.507603,
		0.520019, 0.175257, -0.835981,
		0.005586, 0.978005, 0.208505,
		26.536785, 33.986179, 35.821701>
	pigment { color rgbt <0,1,1,0> }
	no_shadow
}
cylinder {
	<27.243231, 33.516148, 35.740360>,  <26.532875, 33.301579, 35.675747>, 0.130000
	pigment { color rgbt <1,0,0,0> }
	no_shadow
}

// nucleotide -1

// particle -1
sphere {
	<27.243231, 33.516148, 35.740360> 0.250000
	pigment { color rgbt <1,0,0,0> }
	no_shadow
}
cylinder {
	<27.052145, 33.781979, 35.970188>,  <26.937494, 33.941479, 36.108086>, 0.100000
	pigment { color rgbt <1,0,0,0> }
	no_shadow
}
cylinder {
	<27.052145, 33.781979, 35.970188>,  <27.243231, 33.516148, 35.740360>, 0.100000
	pigment { color rgbt <1,0,0,0> }
	no_shadow
}

// particle -1
sphere {
	<27.052145, 33.781979, 35.970188> 0.100000
	pigment { color rgbt <1,0,0,0> }
	no_shadow
}
sphere {
	0, 1
	scale<0.080000,0.200000,0.300000>
	matrix <0.758513, -0.017947, 0.651411,
		0.443226, 0.747003, -0.495518,
		-0.477713, 0.664578, 0.574566,
		26.908831, 33.981354, 36.142559>
	pigment { color rgbt <0,1,1,0> }
	no_shadow
}
cylinder {
	<27.646448, 34.214745, 35.875195>,  <27.243231, 33.516148, 35.740360>, 0.130000
	pigment { color rgbt <1,0,0,0> }
	no_shadow
}

// nucleotide -1

// particle -1
sphere {
	<27.646448, 34.214745, 35.875195> 0.250000
	pigment { color rgbt <1,0,0,0> }
	no_shadow
}
cylinder {
	<27.385122, 34.159515, 36.172951>,  <27.228327, 34.126377, 36.351604>, 0.100000
	pigment { color rgbt <1,0,0,0> }
	no_shadow
}
cylinder {
	<27.385122, 34.159515, 36.172951>,  <27.646448, 34.214745, 35.875195>, 0.100000
	pigment { color rgbt <1,0,0,0> }
	no_shadow
}

// particle -1
sphere {
	<27.385122, 34.159515, 36.172951> 0.100000
	pigment { color rgbt <1,0,0,0> }
	no_shadow
}
sphere {
	0, 1
	scale<0.080000,0.200000,0.300000>
	matrix <0.748068, 0.033568, 0.662772,
		-0.116496, 0.989854, 0.081355,
		-0.653317, -0.138069, 0.744389,
		27.189127, 34.118095, 36.396267>
	pigment { color rgbt <0,1,1,0> }
	no_shadow
}
cylinder {
	<27.877596, 34.769402, 36.305733>,  <27.646448, 34.214745, 35.875195>, 0.130000
	pigment { color rgbt <1,0,0,0> }
	no_shadow
}

// nucleotide -1

// particle -1
sphere {
	<27.877596, 34.769402, 36.305733> 0.250000
	pigment { color rgbt <1,0,0,0> }
	no_shadow
}
cylinder {
	<27.678566, 34.506691, 36.532379>,  <27.559147, 34.349064, 36.668369>, 0.100000
	pigment { color rgbt <1,0,0,0> }
	no_shadow
}
cylinder {
	<27.678566, 34.506691, 36.532379>,  <27.877596, 34.769402, 36.305733>, 0.100000
	pigment { color rgbt <1,0,0,0> }
	no_shadow
}

// particle -1
sphere {
	<27.678566, 34.506691, 36.532379> 0.100000
	pigment { color rgbt <1,0,0,0> }
	no_shadow
}
sphere {
	0, 1
	scale<0.080000,0.200000,0.300000>
	matrix <0.686064, 0.101738, 0.720393,
		-0.530786, 0.747189, 0.399970,
		-0.497577, -0.656779, 0.566620,
		27.529293, 34.309658, 36.702366>
	pigment { color rgbt <0,1,1,0> }
	no_shadow
}
cylinder {
	<27.684429, 35.077660, 36.969875>,  <27.877596, 34.769402, 36.305733>, 0.130000
	pigment { color rgbt <1,0,0,0> }
	no_shadow
}

// nucleotide -1

// particle -1
sphere {
	<27.684429, 35.077660, 36.969875> 0.250000
	pigment { color rgbt <1,0,0,0> }
	no_shadow
}
cylinder {
	<27.657814, 34.683987, 37.035561>,  <27.641844, 34.447784, 37.074974>, 0.100000
	pigment { color rgbt <1,0,0,0> }
	no_shadow
}
cylinder {
	<27.657814, 34.683987, 37.035561>,  <27.684429, 35.077660, 36.969875>, 0.100000
	pigment { color rgbt <1,0,0,0> }
	no_shadow
}

// particle -1
sphere {
	<27.657814, 34.683987, 37.035561> 0.100000
	pigment { color rgbt <1,0,0,0> }
	no_shadow
}
sphere {
	0, 1
	scale<0.080000,0.200000,0.300000>
	matrix <0.408010, 0.123353, 0.904606,
		-0.910550, 0.127193, 0.393346,
		-0.066539, -0.984178, 0.164215,
		27.637852, 34.388733, 37.084824>
	pigment { color rgbt <0,1,1,0> }
	no_shadow
}
cylinder {
	<27.861168, 35.110138, 37.580032>,  <27.684429, 35.077660, 36.969875>, 0.130000
	pigment { color rgbt <1,0,0,0> }
	no_shadow
}

// nucleotide -1

// particle -1
sphere {
	<27.861168, 35.110138, 37.580032> 0.250000
	pigment { color rgbt <1,0,0,0> }
	no_shadow
}
cylinder {
	<27.844244, 34.711956, 37.545921>,  <27.834089, 34.473045, 37.525455>, 0.100000
	pigment { color rgbt <1,0,0,0> }
	no_shadow
}
cylinder {
	<27.844244, 34.711956, 37.545921>,  <27.861168, 35.110138, 37.580032>, 0.100000
	pigment { color rgbt <1,0,0,0> }
	no_shadow
}

// particle -1
sphere {
	<27.844244, 34.711956, 37.545921> 0.100000
	pigment { color rgbt <1,0,0,0> }
	no_shadow
}
sphere {
	0, 1
	scale<0.080000,0.200000,0.300000>
	matrix <0.121384, -0.089845, 0.988531,
		-0.991703, 0.031472, 0.124634,
		-0.042309, -0.995458, -0.085279,
		27.831551, 34.413319, 37.520336>
	pigment { color rgbt <0,1,1,0> }
	no_shadow
}
cylinder {
	<27.971054, 34.802296, 38.205982>,  <27.861168, 35.110138, 37.580032>, 0.130000
	pigment { color rgbt <1,0,0,0> }
	no_shadow
}

// nucleotide -1

// particle -1
sphere {
	<27.971054, 34.802296, 38.205982> 0.250000
	pigment { color rgbt <1,0,0,0> }
	no_shadow
}
cylinder {
	<28.286623, 34.557823, 38.231461>,  <28.475965, 34.411140, 38.246746>, 0.100000
	pigment { color rgbt <1,0,0,0> }
	no_shadow
}
cylinder {
	<28.286623, 34.557823, 38.231461>,  <27.971054, 34.802296, 38.205982>, 0.100000
	pigment { color rgbt <1,0,0,0> }
	no_shadow
}

// particle -1
sphere {
	<28.286623, 34.557823, 38.231461> 0.100000
	pigment { color rgbt <1,0,0,0> }
	no_shadow
}
sphere {
	0, 1
	scale<0.080000,0.200000,0.300000>
	matrix <0.280855, 0.450832, 0.847273,
		-0.546554, -0.650544, 0.527325,
		0.788923, -0.611182, 0.063695,
		28.523300, 34.374470, 38.250568>
	pigment { color rgbt <0,1,1,0> }
	no_shadow
}
cylinder {
	<28.421423, 34.563877, 37.568035>,  <27.971054, 34.802296, 38.205982>, 0.130000
	pigment { color rgbt <1,0,0,0> }
	no_shadow
}

// nucleotide -1

// particle -1
sphere {
	<28.421423, 34.563877, 37.568035> 0.250000
	pigment { color rgbt <1,0,0,0> }
	no_shadow
}
cylinder {
	<28.444983, 34.213898, 37.760284>,  <28.459118, 34.003910, 37.875633>, 0.100000
	pigment { color rgbt <1,0,0,0> }
	no_shadow
}
cylinder {
	<28.444983, 34.213898, 37.760284>,  <28.421423, 34.563877, 37.568035>, 0.100000
	pigment { color rgbt <1,0,0,0> }
	no_shadow
}

// particle -1
sphere {
	<28.444983, 34.213898, 37.760284> 0.100000
	pigment { color rgbt <1,0,0,0> }
	no_shadow
}
sphere {
	0, 1
	scale<0.080000,0.200000,0.300000>
	matrix <-0.813502, -0.321115, -0.484871,
		0.578572, -0.362432, -0.730683,
		0.058901, -0.874945, 0.480627,
		28.462652, 33.951416, 37.904472>
	pigment { color rgbt <0,1,1,0> }
	no_shadow
}
cylinder {
	<28.630348, 33.976448, 37.209461>,  <28.421423, 34.563877, 37.568035>, 0.130000
	pigment { color rgbt <1,0,0,0> }
	no_shadow
}

// nucleotide -1

// particle -1
sphere {
	<28.630348, 33.976448, 37.209461> 0.250000
	pigment { color rgbt <1,0,0,0> }
	no_shadow
}
cylinder {
	<28.366180, 33.916145, 37.503704>,  <28.207680, 33.879963, 37.680252>, 0.100000
	pigment { color rgbt <1,0,0,0> }
	no_shadow
}
cylinder {
	<28.366180, 33.916145, 37.503704>,  <28.630348, 33.976448, 37.209461>, 0.100000
	pigment { color rgbt <1,0,0,0> }
	no_shadow
}

// particle -1
sphere {
	<28.366180, 33.916145, 37.503704> 0.100000
	pigment { color rgbt <1,0,0,0> }
	no_shadow
}
sphere {
	0, 1
	scale<0.080000,0.200000,0.300000>
	matrix <-0.730854, -0.095792, -0.675779,
		0.172341, -0.983919, -0.046915,
		-0.660418, -0.150753, 0.735610,
		28.168055, 33.870918, 37.724388>
	pigment { color rgbt <0,1,1,0> }
	no_shadow
}
cylinder {
	<28.125864, 33.335648, 37.052105>,  <28.630348, 33.976448, 37.209461>, 0.130000
	pigment { color rgbt <1,0,0,0> }
	no_shadow
}

// nucleotide -1

// particle -1
sphere {
	<28.125864, 33.335648, 37.052105> 0.250000
	pigment { color rgbt <1,0,0,0> }
	no_shadow
}
cylinder {
	<27.962366, 33.604176, 37.299416>,  <27.864267, 33.765293, 37.447800>, 0.100000
	pigment { color rgbt <1,0,0,0> }
	no_shadow
}
cylinder {
	<27.962366, 33.604176, 37.299416>,  <28.125864, 33.335648, 37.052105>, 0.100000
	pigment { color rgbt <1,0,0,0> }
	no_shadow
}

// particle -1
sphere {
	<27.962366, 33.604176, 37.299416> 0.100000
	pigment { color rgbt <1,0,0,0> }
	no_shadow
}
sphere {
	0, 1
	scale<0.080000,0.200000,0.300000>
	matrix <-0.669695, 0.239617, -0.702917,
		-0.620028, -0.701368, 0.351635,
		-0.408746, 0.671317, 0.618273,
		27.839743, 33.805569, 37.484898>
	pigment { color rgbt <0,1,1,0> }
	no_shadow
}
cylinder {
	<27.410004, 33.110241, 37.266056>,  <28.125864, 33.335648, 37.052105>, 0.130000
	pigment { color rgbt <1,0,0,0> }
	no_shadow
}

// nucleotide -1

// particle -1
sphere {
	<27.410004, 33.110241, 37.266056> 0.250000
	pigment { color rgbt <1,0,0,0> }
	no_shadow
}
cylinder {
	<27.456038, 33.507515, 37.273441>,  <27.483658, 33.745880, 37.277874>, 0.100000
	pigment { color rgbt <1,0,0,0> }
	no_shadow
}
cylinder {
	<27.456038, 33.507515, 37.273441>,  <27.410004, 33.110241, 37.266056>, 0.100000
	pigment { color rgbt <1,0,0,0> }
	no_shadow
}

// particle -1
sphere {
	<27.456038, 33.507515, 37.273441> 0.100000
	pigment { color rgbt <1,0,0,0> }
	no_shadow
}
sphere {
	0, 1
	scale<0.080000,0.200000,0.300000>
	matrix <-0.723506, 0.096543, -0.683534,
		-0.680657, 0.065309, 0.729686,
		0.115087, 0.993184, 0.018462,
		27.490564, 33.805470, 37.278980>
	pigment { color rgbt <0,1,1,0> }
	no_shadow
}
cylinder {
	<26.754086, 33.378098, 37.407314>,  <27.410004, 33.110241, 37.266056>, 0.130000
	pigment { color rgbt <1,0,0,0> }
	no_shadow
}

// nucleotide -1

// particle -1
sphere {
	<26.754086, 33.378098, 37.407314> 0.250000
	pigment { color rgbt <1,0,0,0> }
	no_shadow
}
cylinder {
	<26.963352, 33.655010, 37.208500>,  <27.088911, 33.821156, 37.089211>, 0.100000
	pigment { color rgbt <1,0,0,0> }
	no_shadow
}
cylinder {
	<26.963352, 33.655010, 37.208500>,  <26.754086, 33.378098, 37.407314>, 0.100000
	pigment { color rgbt <1,0,0,0> }
	no_shadow
}

// particle -1
sphere {
	<26.963352, 33.655010, 37.208500> 0.100000
	pigment { color rgbt <1,0,0,0> }
	no_shadow
}
sphere {
	0, 1
	scale<0.080000,0.200000,0.300000>
	matrix <-0.808080, 0.217671, -0.547382,
		-0.270750, 0.688017, 0.673295,
		0.523165, 0.692280, -0.497038,
		27.120302, 33.862694, 37.059387>
	pigment { color rgbt <0,1,1,0> }
	no_shadow
}
cylinder {
	<26.289431, 33.977100, 37.371586>,  <26.754086, 33.378098, 37.407314>, 0.130000
	pigment { color rgbt <1,0,0,0> }
	no_shadow
}

// nucleotide -1

// particle -1
sphere {
	<26.289431, 33.977100, 37.371586> 0.250000
	pigment { color rgbt <1,0,0,0> }
	no_shadow
}
cylinder {
	<26.559647, 34.008297, 37.078312>,  <26.721775, 34.027016, 36.902348>, 0.100000
	pigment { color rgbt <1,0,0,0> }
	no_shadow
}
cylinder {
	<26.559647, 34.008297, 37.078312>,  <26.289431, 33.977100, 37.371586>, 0.100000
	pigment { color rgbt <1,0,0,0> }
	no_shadow
}

// particle -1
sphere {
	<26.559647, 34.008297, 37.078312> 0.100000
	pigment { color rgbt <1,0,0,0> }
	no_shadow
}
sphere {
	0, 1
	scale<0.080000,0.200000,0.300000>
	matrix <-0.693645, 0.404401, -0.596085,
		0.250010, 0.911250, 0.327289,
		0.675538, 0.077995, -0.733188,
		26.762308, 34.031696, 36.858356>
	pigment { color rgbt <0,1,1,0> }
	no_shadow
}
cylinder {
	<26.272636, 34.637482, 37.062027>,  <26.289431, 33.977100, 37.371586>, 0.130000
	pigment { color rgbt <1,0,0,0> }
	no_shadow
}

// nucleotide -1

// particle -1
sphere {
	<26.272636, 34.637482, 37.062027> 0.250000
	pigment { color rgbt <1,0,0,0> }
	no_shadow
}
cylinder {
	<26.447803, 34.420639, 36.775154>,  <26.552904, 34.290535, 36.603031>, 0.100000
	pigment { color rgbt <1,0,0,0> }
	no_shadow
}
cylinder {
	<26.447803, 34.420639, 36.775154>,  <26.272636, 34.637482, 37.062027>, 0.100000
	pigment { color rgbt <1,0,0,0> }
	no_shadow
}

// particle -1
sphere {
	<26.447803, 34.420639, 36.775154> 0.100000
	pigment { color rgbt <1,0,0,0> }
	no_shadow
}
sphere {
	0, 1
	scale<0.080000,0.200000,0.300000>
	matrix <-0.652134, 0.357573, -0.668478,
		0.618830, 0.760437, -0.196937,
		0.437916, -0.542103, -0.717184,
		26.579178, 34.258007, 36.559998>
	pigment { color rgbt <0,1,1,0> }
	no_shadow
}
cylinder {
	<26.551157, 35.036018, 36.535648>,  <26.272636, 34.637482, 37.062027>, 0.130000
	pigment { color rgbt <1,0,0,0> }
	no_shadow
}

// nucleotide -1

// particle -1
sphere {
	<26.551157, 35.036018, 36.535648> 0.250000
	pigment { color rgbt <1,0,0,0> }
	no_shadow
}
cylinder {
	<26.499281, 34.677837, 36.365311>,  <26.468155, 34.462929, 36.263107>, 0.100000
	pigment { color rgbt <1,0,0,0> }
	no_shadow
}
cylinder {
	<26.499281, 34.677837, 36.365311>,  <26.551157, 35.036018, 36.535648>, 0.100000
	pigment { color rgbt <1,0,0,0> }
	no_shadow
}

// particle -1
sphere {
	<26.499281, 34.677837, 36.365311> 0.100000
	pigment { color rgbt <1,0,0,0> }
	no_shadow
}
sphere {
	0, 1
	scale<0.080000,0.200000,0.300000>
	matrix <-0.519776, 0.427127, -0.739862,
		0.844402, 0.125390, -0.520829,
		-0.129689, -0.895455, -0.425842,
		26.460375, 34.409203, 36.237556>
	pigment { color rgbt <0,1,1,0> }
	no_shadow
}
cylinder {
	<26.647760, 35.073460, 35.792553>,  <26.551157, 35.036018, 36.535648>, 0.130000
	pigment { color rgbt <1,0,0,0> }
	no_shadow
}

// nucleotide -1

// particle -1
sphere {
	<26.647760, 35.073460, 35.792553> 0.250000
	pigment { color rgbt <1,0,0,0> }
	no_shadow
}
cylinder {
	<26.399126, 34.775265, 35.888786>,  <26.249945, 34.596348, 35.946526>, 0.100000
	pigment { color rgbt <1,0,0,0> }
	no_shadow
}
cylinder {
	<26.399126, 34.775265, 35.888786>,  <26.647760, 35.073460, 35.792553>, 0.100000
	pigment { color rgbt <1,0,0,0> }
	no_shadow
}

// particle -1
sphere {
	<26.399126, 34.775265, 35.888786> 0.100000
	pigment { color rgbt <1,0,0,0> }
	no_shadow
}
sphere {
	0, 1
	scale<0.080000,0.200000,0.300000>
	matrix <-0.584925, 0.237417, -0.775561,
		0.521052, -0.622802, -0.583629,
		-0.621585, -0.745487, 0.240586,
		26.212650, 34.551620, 35.960960>
	pigment { color rgbt <0,1,1,0> }
	no_shadow
}
cylinder {
	<26.605888, 34.608078, 35.212299>,  <26.647760, 35.073460, 35.792553>, 0.130000
	pigment { color rgbt <1,0,0,0> }
	no_shadow
}

// nucleotide -1

// particle -1
sphere {
	<26.605888, 34.608078, 35.212299> 0.250000
	pigment { color rgbt <1,0,0,0> }
	no_shadow
}
cylinder {
	<26.282366, 34.661961, 35.441277>,  <26.088253, 34.694290, 35.578663>, 0.100000
	pigment { color rgbt <1,0,0,0> }
	no_shadow
}
cylinder {
	<26.282366, 34.661961, 35.441277>,  <26.605888, 34.608078, 35.212299>, 0.100000
	pigment { color rgbt <1,0,0,0> }
	no_shadow
}

// particle -1
sphere {
	<26.282366, 34.661961, 35.441277> 0.100000
	pigment { color rgbt <1,0,0,0> }
	no_shadow
}
sphere {
	0, 1
	scale<0.080000,0.200000,0.300000>
	matrix <-0.529405, 0.257053, -0.808489,
		-0.256059, -0.956962, -0.136590,
		-0.808804, 0.134710, 0.572441,
		26.039724, 34.702374, 35.613010>
	pigment { color rgbt <0,1,1,0> }
	no_shadow
}
cylinder {
	<27.220646, 34.179276, 35.065899>,  <26.605888, 34.608078, 35.212299>, 0.130000
	pigment { color rgbt <1,0,0,0> }
	no_shadow
}

// nucleotide -1

// particle -1
sphere {
	<27.220646, 34.179276, 35.065899> 0.250000
	pigment { color rgbt <1,0,0,0> }
	no_shadow
}
cylinder {
	<27.509754, 33.911499, 35.134544>,  <27.683218, 33.750832, 35.175732>, 0.100000
	pigment { color rgbt <1,0,0,0> }
	no_shadow
}
cylinder {
	<27.509754, 33.911499, 35.134544>,  <27.220646, 34.179276, 35.065899>, 0.100000
	pigment { color rgbt <1,0,0,0> }
	no_shadow
}

// particle -1
sphere {
	<27.509754, 33.911499, 35.134544> 0.100000
	pigment { color rgbt <1,0,0,0> }
	no_shadow
}
sphere {
	0, 1
	scale<0.080000,0.200000,0.300000>
	matrix <0.036156, -0.211349, -0.976742,
		0.690144, 0.712163, -0.128552,
		0.722768, -0.669444, 0.171610,
		27.726585, 33.710667, 35.186028>
	pigment { color rgbt <0,1,1,0> }
	no_shadow
}
cylinder {
	<27.789862, 34.271873, 34.613632>,  <27.220646, 34.179276, 35.065899>, 0.130000
	pigment { color rgbt <1,0,0,0> }
	no_shadow
}

// nucleotide -1

// particle -1
sphere {
	<27.789862, 34.271873, 34.613632> 0.250000
	pigment { color rgbt <1,0,0,0> }
	no_shadow
}
cylinder {
	<27.799448, 33.882744, 34.705757>,  <27.805201, 33.649265, 34.761032>, 0.100000
	pigment { color rgbt <1,0,0,0> }
	no_shadow
}
cylinder {
	<27.799448, 33.882744, 34.705757>,  <27.789862, 34.271873, 34.613632>, 0.100000
	pigment { color rgbt <1,0,0,0> }
	no_shadow
}

// particle -1
sphere {
	<27.799448, 33.882744, 34.705757> 0.100000
	pigment { color rgbt <1,0,0,0> }
	no_shadow
}
sphere {
	0, 1
	scale<0.080000,0.200000,0.300000>
	matrix <0.007835, -0.230189, -0.973114,
		0.999682, 0.025127, 0.002105,
		0.023967, -0.972821, 0.230313,
		27.806639, 33.590897, 34.774853>
	pigment { color rgbt <0,1,1,0> }
	no_shadow
}
cylinder {
	<27.786064, 34.012039, 33.853848>,  <27.789862, 34.271873, 34.613632>, 0.130000
	pigment { color rgbt <1,0,0,0> }
	no_shadow
}

// nucleotide -1

// particle -1
sphere {
	<27.786064, 34.012039, 33.853848> 0.250000
	pigment { color rgbt <1,0,0,0> }
	no_shadow
}
cylinder {
	<28.099249, 33.923969, 33.621124>,  <28.287159, 33.871128, 33.481491>, 0.100000
	pigment { color rgbt <1,0,0,0> }
	no_shadow
}
cylinder {
	<28.099249, 33.923969, 33.621124>,  <27.786064, 34.012039, 33.853848>, 0.100000
	pigment { color rgbt <1,0,0,0> }
	no_shadow
}

// particle -1
sphere {
	<28.099249, 33.923969, 33.621124> 0.100000
	pigment { color rgbt <1,0,0,0> }
	no_shadow
}
sphere {
	0, 1
	scale<0.080000,0.200000,0.300000>
	matrix <-0.062500, 0.902693, -0.425721,
		0.618924, 0.369685, 0.693012,
		0.782960, -0.220176, -0.581804,
		28.334137, 33.857918, 33.446583>
	pigment { color rgbt <0,1,1,0> }
	no_shadow
}
cylinder {
	<28.322931, 34.539715, 33.797138>,  <27.786064, 34.012039, 33.853848>, 0.130000
	pigment { color rgbt <1,0,0,0> }
	no_shadow
}

// nucleotide -1

// particle -1
sphere {
	<28.322931, 34.539715, 33.797138> 0.250000
	pigment { color rgbt <1,0,0,0> }
	no_shadow
}
cylinder {
	<28.250114, 34.343822, 33.456074>,  <28.206425, 34.226288, 33.251434>, 0.100000
	pigment { color rgbt <1,0,0,0> }
	no_shadow
}
cylinder {
	<28.250114, 34.343822, 33.456074>,  <28.322931, 34.539715, 33.797138>, 0.100000
	pigment { color rgbt <1,0,0,0> }
	no_shadow
}

// particle -1
sphere {
	<28.250114, 34.343822, 33.456074> 0.100000
	pigment { color rgbt <1,0,0,0> }
	no_shadow
}
sphere {
	0, 1
	scale<0.080000,0.200000,0.300000>
	matrix <-0.337436, 0.845602, -0.413636,
		0.923579, 0.212417, -0.319189,
		-0.182043, -0.489731, -0.852657,
		28.195501, 34.196903, 33.200275>
	pigment { color rgbt <0,1,1,0> }
	no_shadow
}
cylinder {
	<28.625572, 35.080280, 33.382160>,  <28.322931, 34.539715, 33.797138>, 0.130000
	pigment { color rgbt <1,0,0,0> }
	no_shadow
}

// nucleotide -1

// particle -1
sphere {
	<28.625572, 35.080280, 33.382160> 0.250000
	pigment { color rgbt <1,0,0,0> }
	no_shadow
}
cylinder {
	<28.436972, 34.835335, 33.128326>,  <28.323811, 34.688370, 32.976025>, 0.100000
	pigment { color rgbt <1,0,0,0> }
	no_shadow
}
cylinder {
	<28.436972, 34.835335, 33.128326>,  <28.625572, 35.080280, 33.382160>, 0.100000
	pigment { color rgbt <1,0,0,0> }
	no_shadow
}

// particle -1
sphere {
	<28.436972, 34.835335, 33.128326> 0.100000
	pigment { color rgbt <1,0,0,0> }
	no_shadow
}
sphere {
	0, 1
	scale<0.080000,0.200000,0.300000>
	matrix <-0.237418, 0.781174, -0.577408,
		0.849305, -0.121586, -0.513710,
		-0.471501, -0.612360, -0.634588,
		28.295521, 34.651627, 32.937950>
	pigment { color rgbt <0,1,1,0> }
	no_shadow
}
cylinder {
	<28.789356, 35.253925, 32.602493>,  <28.625572, 35.080280, 33.382160>, 0.130000
	pigment { color rgbt <1,0,0,0> }
	no_shadow
}

// nucleotide -1

// particle -1
sphere {
	<28.789356, 35.253925, 32.602493> 0.250000
	pigment { color rgbt <1,0,0,0> }
	no_shadow
}
cylinder {
	<28.432522, 35.073662, 32.589321>,  <28.218420, 34.965504, 32.581417>, 0.100000
	pigment { color rgbt <1,0,0,0> }
	no_shadow
}
cylinder {
	<28.432522, 35.073662, 32.589321>,  <28.789356, 35.253925, 32.602493>, 0.100000
	pigment { color rgbt <1,0,0,0> }
	no_shadow
}

// particle -1
sphere {
	<28.432522, 35.073662, 32.589321> 0.100000
	pigment { color rgbt <1,0,0,0> }
	no_shadow
}
sphere {
	0, 1
	scale<0.080000,0.200000,0.300000>
	matrix <-0.345285, 0.726870, -0.593665,
		0.291477, -0.518232, -0.804038,
		-0.892087, -0.450662, -0.032928,
		28.164896, 34.938461, 32.579441>
	pigment { color rgbt <0,1,1,0> }
	no_shadow
}
cylinder {
	<28.575060, 35.251305, 31.893599>,  <28.789356, 35.253925, 32.602493>, 0.130000
	pigment { color rgbt <1,0,0,0> }
	no_shadow
}

// nucleotide -1

// particle -1
sphere {
	<28.575060, 35.251305, 31.893599> 0.250000
	pigment { color rgbt <1,0,0,0> }
	no_shadow
}
cylinder {
	<28.216740, 35.188519, 32.059925>,  <28.001747, 35.150848, 32.159721>, 0.100000
	pigment { color rgbt <1,0,0,0> }
	no_shadow
}
cylinder {
	<28.216740, 35.188519, 32.059925>,  <28.575060, 35.251305, 31.893599>, 0.100000
	pigment { color rgbt <1,0,0,0> }
	no_shadow
}

// particle -1
sphere {
	<28.216740, 35.188519, 32.059925> 0.100000
	pigment { color rgbt <1,0,0,0> }
	no_shadow
}
sphere {
	0, 1
	scale<0.080000,0.200000,0.300000>
	matrix <-0.410215, 0.652074, -0.637591,
		-0.171065, -0.741729, -0.648517,
		-0.895801, -0.156962, 0.415816,
		27.948000, 35.141430, 32.184669>
	pigment { color rgbt <0,1,1,0> }
	no_shadow
}
cylinder {
	<28.029268, 34.963074, 31.360909>,  <28.575060, 35.251305, 31.893599>, 0.130000
	pigment { color rgbt <1,0,0,0> }
	no_shadow
}

// nucleotide -1

// particle -1
sphere {
	<28.029268, 34.963074, 31.360909> 0.250000
	pigment { color rgbt <1,0,0,0> }
	no_shadow
}
cylinder {
	<27.854671, 35.155273, 31.665171>,  <27.749914, 35.270592, 31.847727>, 0.100000
	pigment { color rgbt <1,0,0,0> }
	no_shadow
}
cylinder {
	<27.854671, 35.155273, 31.665171>,  <28.029268, 34.963074, 31.360909>, 0.100000
	pigment { color rgbt <1,0,0,0> }
	no_shadow
}

// particle -1
sphere {
	<27.854671, 35.155273, 31.665171> 0.100000
	pigment { color rgbt <1,0,0,0> }
	no_shadow
}
sphere {
	0, 1
	scale<0.080000,0.200000,0.300000>
	matrix <-0.513725, 0.560968, -0.649155,
		-0.738621, -0.674118, 0.001986,
		-0.436493, 0.480500, 0.760653,
		27.723724, 35.299423, 31.893366>
	pigment { color rgbt <0,1,1,0> }
	no_shadow
}
cylinder {
	<27.363762, 34.981491, 31.027309>,  <28.029268, 34.963074, 31.360909>, 0.130000
	pigment { color rgbt <1,0,0,0> }
	no_shadow
}

// nucleotide -1

// particle -1
sphere {
	<27.363762, 34.981491, 31.027309> 0.250000
	pigment { color rgbt <1,0,0,0> }
	no_shadow
}
cylinder {
	<27.338387, 35.221294, 31.346449>,  <27.323160, 35.365177, 31.537933>, 0.100000
	pigment { color rgbt <1,0,0,0> }
	no_shadow
}
cylinder {
	<27.338387, 35.221294, 31.346449>,  <27.363762, 34.981491, 31.027309>, 0.100000
	pigment { color rgbt <1,0,0,0> }
	no_shadow
}

// particle -1
sphere {
	<27.338387, 35.221294, 31.346449> 0.100000
	pigment { color rgbt <1,0,0,0> }
	no_shadow
}
sphere {
	0, 1
	scale<0.080000,0.200000,0.300000>
	matrix <-0.676396, 0.562000, -0.476072,
		-0.733801, -0.569865, 0.369851,
		-0.063441, 0.599508, 0.797850,
		27.319355, 35.401146, 31.585804>
	pigment { color rgbt <0,1,1,0> }
	no_shadow
}
cylinder {
	<26.726555, 35.262432, 31.022387>,  <27.363762, 34.981491, 31.027309>, 0.130000
	pigment { color rgbt <1,0,0,0> }
	no_shadow
}

// nucleotide -1

// particle -1
sphere {
	<26.726555, 35.262432, 31.022387> 0.250000
	pigment { color rgbt <1,0,0,0> }
	no_shadow
}
cylinder {
	<26.878700, 35.524986, 31.282995>,  <26.969988, 35.682518, 31.439360>, 0.100000
	pigment { color rgbt <1,0,0,0> }
	no_shadow
}
cylinder {
	<26.878700, 35.524986, 31.282995>,  <26.726555, 35.262432, 31.022387>, 0.100000
	pigment { color rgbt <1,0,0,0> }
	no_shadow
}

// particle -1
sphere {
	<26.878700, 35.524986, 31.282995> 0.100000
	pigment { color rgbt <1,0,0,0> }
	no_shadow
}
sphere {
	0, 1
	scale<0.080000,0.200000,0.300000>
	matrix <-0.618410, 0.704328, -0.348557,
		-0.687672, -0.270328, 0.673817,
		0.380363, 0.656388, 0.651521,
		26.992809, 35.721901, 31.478451>
	pigment { color rgbt <0,1,1,0> }
	no_shadow
}
cylinder {
	<26.102318, 35.621346, 31.296705>,  <26.726555, 35.262432, 31.022387>, 0.130000
	pigment { color rgbt <1,0,0,0> }
	no_shadow
}

// nucleotide -1

// particle -1
sphere {
	<26.102318, 35.621346, 31.296705> 0.250000
	pigment { color rgbt <1,0,0,0> }
	no_shadow
}
cylinder {
	<26.431858, 35.845264, 31.332247>,  <26.629583, 35.979614, 31.353571>, 0.100000
	pigment { color rgbt <1,0,0,0> }
	no_shadow
}
cylinder {
	<26.431858, 35.845264, 31.332247>,  <26.102318, 35.621346, 31.296705>, 0.100000
	pigment { color rgbt <1,0,0,0> }
	no_shadow
}

// particle -1
sphere {
	<26.431858, 35.845264, 31.332247> 0.100000
	pigment { color rgbt <1,0,0,0> }
	no_shadow
}
sphere {
	0, 1
	scale<0.080000,0.200000,0.300000>
	matrix <-0.484936, 0.777298, -0.400805,
		-0.293436, 0.287116, 0.911844,
		0.823852, 0.559797, 0.088854,
		26.679014, 36.013203, 31.358904>
	pigment { color rgbt <0,1,1,0> }
	no_shadow
}
cylinder {
	<25.941885, 36.363945, 31.506914>,  <26.102318, 35.621346, 31.296705>, 0.130000
	pigment { color rgbt <1,0,0,0> }
	no_shadow
}

// nucleotide -1

// particle -1
sphere {
	<25.941885, 36.363945, 31.506914> 0.250000
	pigment { color rgbt <1,0,0,0> }
	no_shadow
}
cylinder {
	<26.278042, 36.361809, 31.290133>,  <26.479736, 36.360527, 31.160063>, 0.100000
	pigment { color rgbt <1,0,0,0> }
	no_shadow
}
cylinder {
	<26.278042, 36.361809, 31.290133>,  <25.941885, 36.363945, 31.506914>, 0.100000
	pigment { color rgbt <1,0,0,0> }
	no_shadow
}

// particle -1
sphere {
	<26.278042, 36.361809, 31.290133> 0.100000
	pigment { color rgbt <1,0,0,0> }
	no_shadow
}
sphere {
	0, 1
	scale<0.080000,0.200000,0.300000>
	matrix <-0.392279, 0.683999, -0.615031,
		0.373980, 0.729463, 0.572732,
		0.840391, -0.005339, -0.541955,
		26.530159, 36.360207, 31.127546>
	pigment { color rgbt <0,1,1,0> }
	no_shadow
}
cylinder {
	<26.377998, 37.044868, 31.563044>,  <25.941885, 36.363945, 31.506914>, 0.130000
	pigment { color rgbt <1,0,0,0> }
	no_shadow
}

// nucleotide -1

// particle -1
sphere {
	<26.377998, 37.044868, 31.563044> 0.250000
	pigment { color rgbt <1,0,0,0> }
	no_shadow
}
cylinder {
	<26.392199, 36.857536, 31.209908>,  <26.400719, 36.745136, 30.998026>, 0.100000
	pigment { color rgbt <1,0,0,0> }
	no_shadow
}
cylinder {
	<26.392199, 36.857536, 31.209908>,  <26.377998, 37.044868, 31.563044>, 0.100000
	pigment { color rgbt <1,0,0,0> }
	no_shadow
}

// particle -1
sphere {
	<26.392199, 36.857536, 31.209908> 0.100000
	pigment { color rgbt <1,0,0,0> }
	no_shadow
}
sphere {
	0, 1
	scale<0.080000,0.200000,0.300000>
	matrix <0.039639, 0.883362, -0.467012,
		0.998583, -0.018415, 0.049925,
		0.035502, -0.468330, -0.882840,
		26.402849, 36.717037, 30.945055>
	pigment { color rgbt <0,1,1,0> }
	no_shadow
}
cylinder {
	<27.007950, 37.162479, 31.204126>,  <26.377998, 37.044868, 31.563044>, 0.130000
	pigment { color rgbt <1,0,0,0> }
	no_shadow
}

// nucleotide -1

// particle -1
sphere {
	<27.007950, 37.162479, 31.204126> 0.250000
	pigment { color rgbt <1,0,0,0> }
	no_shadow
}
cylinder {
	<26.720245, 37.100796, 30.933163>,  <26.547623, 37.063786, 30.770584>, 0.100000
	pigment { color rgbt <1,0,0,0> }
	no_shadow
}
cylinder {
	<26.720245, 37.100796, 30.933163>,  <27.007950, 37.162479, 31.204126>, 0.100000
	pigment { color rgbt <1,0,0,0> }
	no_shadow
}

// particle -1
sphere {
	<26.720245, 37.100796, 30.933163> 0.100000
	pigment { color rgbt <1,0,0,0> }
	no_shadow
}
sphere {
	0, 1
	scale<0.080000,0.200000,0.300000>
	matrix <0.286464, 0.822477, -0.491396,
		0.632930, -0.547495, -0.547401,
		-0.719262, -0.154209, -0.677408,
		26.504467, 37.054535, 30.729940>
	pigment { color rgbt <0,1,1,0> }
	no_shadow
}
cylinder {
	<27.249073, 37.414215, 30.612009>,  <27.007950, 37.162479, 31.204126>, 0.130000
	pigment { color rgbt <1,0,0,0> }
	no_shadow
}

// nucleotide -1

// particle -1
sphere {
	<27.249073, 37.414215, 30.612009> 0.250000
	pigment { color rgbt <1,0,0,0> }
	no_shadow
}
cylinder {
	<26.855738, 37.378128, 30.548880>,  <26.619738, 37.356476, 30.511002>, 0.100000
	pigment { color rgbt <1,0,0,0> }
	no_shadow
}
cylinder {
	<26.855738, 37.378128, 30.548880>,  <27.249073, 37.414215, 30.612009>, 0.100000
	pigment { color rgbt <1,0,0,0> }
	no_shadow
}

// particle -1
sphere {
	<26.855738, 37.378128, 30.548880> 0.100000
	pigment { color rgbt <1,0,0,0> }
	no_shadow
}
sphere {
	0, 1
	scale<0.080000,0.200000,0.300000>
	matrix <0.043397, 0.726575, -0.685716,
		0.176535, -0.681139, -0.710553,
		-0.983337, -0.090217, -0.157825,
		26.560736, 37.351063, 30.501532>
	pigment { color rgbt <0,1,1,0> }
	no_shadow
}
cylinder {
	<27.582672, 36.805244, 30.924501>,  <27.249073, 37.414215, 30.612009>, 0.130000
	pigment { color rgbt <1,0,0,0> }
	no_shadow
}

// nucleotide -1

// particle -1
sphere {
	<27.582672, 36.805244, 30.924501> 0.250000
	pigment { color rgbt <1,0,0,0> }
	no_shadow
}
cylinder {
	<27.248308, 36.707264, 31.120970>,  <27.047689, 36.648476, 31.238852>, 0.100000
	pigment { color rgbt <1,0,0,0> }
	no_shadow
}
cylinder {
	<27.248308, 36.707264, 31.120970>,  <27.582672, 36.805244, 30.924501>, 0.100000
	pigment { color rgbt <1,0,0,0> }
	no_shadow
}

// particle -1
sphere {
	<27.248308, 36.707264, 31.120970> 0.100000
	pigment { color rgbt <1,0,0,0> }
	no_shadow
}
sphere {
	0, 1
	scale<0.080000,0.200000,0.300000>
	matrix <0.506167, -0.690080, 0.517285,
		0.212240, 0.681021, 0.700832,
		-0.835912, -0.244949, 0.491173,
		26.997534, 36.633778, 31.268322>
	pigment { color rgbt <0,1,1,0> }
	no_shadow
}
cylinder {
	<27.738119, 36.722179, 31.542955>,  <27.582672, 36.805244, 30.924501>, 0.130000
	pigment { color rgbt <1,0,0,0> }
	no_shadow
}

// nucleotide -1

// particle -1
sphere {
	<27.738119, 36.722179, 31.542955> 0.250000
	pigment { color rgbt <1,0,0,0> }
	no_shadow
}
cylinder {
	<27.400637, 36.509720, 31.511866>,  <27.198147, 36.382244, 31.493212>, 0.100000
	pigment { color rgbt <1,0,0,0> }
	no_shadow
}
cylinder {
	<27.400637, 36.509720, 31.511866>,  <27.738119, 36.722179, 31.542955>, 0.100000
	pigment { color rgbt <1,0,0,0> }
	no_shadow
}

// particle -1
sphere {
	<27.400637, 36.509720, 31.511866> 0.100000
	pigment { color rgbt <1,0,0,0> }
	no_shadow
}
sphere {
	0, 1
	scale<0.080000,0.200000,0.300000>
	matrix <0.426096, -0.750708, 0.504856,
		-0.326505, 0.392830, 0.859697,
		-0.843704, -0.531151, -0.077726,
		27.147526, 36.350376, 31.488548>
	pigment { color rgbt <0,1,1,0> }
	no_shadow
}
cylinder {
	<27.490782, 36.567284, 32.295238>,  <27.738119, 36.722179, 31.542955>, 0.130000
	pigment { color rgbt <1,0,0,0> }
	no_shadow
}

// nucleotide -1

// particle -1
sphere {
	<27.490782, 36.567284, 32.295238> 0.250000
	pigment { color rgbt <1,0,0,0> }
	no_shadow
}
cylinder {
	<27.318512, 36.316059, 32.035988>,  <27.215149, 36.165325, 31.880438>, 0.100000
	pigment { color rgbt <1,0,0,0> }
	no_shadow
}
cylinder {
	<27.318512, 36.316059, 32.035988>,  <27.490782, 36.567284, 32.295238>, 0.100000
	pigment { color rgbt <1,0,0,0> }
	no_shadow
}

// particle -1
sphere {
	<27.318512, 36.316059, 32.035988> 0.100000
	pigment { color rgbt <1,0,0,0> }
	no_shadow
}
sphere {
	0, 1
	scale<0.080000,0.200000,0.300000>
	matrix <0.472881, -0.768701, 0.430676,
		-0.768701, -0.121003, 0.628058,
		-0.430676, -0.628058, -0.648122,
		27.189310, 36.127644, 31.841551>
	pigment { color rgbt <0,1,1,0> }
	no_shadow
}
cylinder {
	<27.252672, 36.125698, 32.729614>,  <27.490782, 36.567284, 32.295238>, 0.130000
	pigment { color rgbt <1,0,0,0> }
	no_shadow
}

// nucleotide -1

// particle -1
sphere {
	<27.252672, 36.125698, 32.729614> 0.250000
	pigment { color rgbt <1,0,0,0> }
	no_shadow
}
cylinder {
	<27.275782, 35.931156, 32.380875>,  <27.289648, 35.814430, 32.171631>, 0.100000
	pigment { color rgbt <1,0,0,0> }
	no_shadow
}
cylinder {
	<27.275782, 35.931156, 32.380875>,  <27.252672, 36.125698, 32.729614>, 0.100000
	pigment { color rgbt <1,0,0,0> }
	no_shadow
}

// particle -1
sphere {
	<27.275782, 35.931156, 32.380875> 0.100000
	pigment { color rgbt <1,0,0,0> }
	no_shadow
}
sphere {
	0, 1
	scale<0.080000,0.200000,0.300000>
	matrix <0.166954, -0.856301, 0.488749,
		-0.984271, -0.173796, 0.031726,
		0.057775, -0.486358, -0.871848,
		27.293114, 35.785248, 32.119320>
	pigment { color rgbt <0,1,1,0> }
	no_shadow
}
cylinder {
	<26.904226, 35.487782, 32.806789>,  <27.252672, 36.125698, 32.729614>, 0.130000
	pigment { color rgbt <1,0,0,0> }
	no_shadow
}

// nucleotide -1

// particle -1
sphere {
	<26.904226, 35.487782, 32.806789> 0.250000
	pigment { color rgbt <1,0,0,0> }
	no_shadow
}
cylinder {
	<27.125748, 35.407784, 32.483479>,  <27.258661, 35.359787, 32.289494>, 0.100000
	pigment { color rgbt <1,0,0,0> }
	no_shadow
}
cylinder {
	<27.125748, 35.407784, 32.483479>,  <26.904226, 35.487782, 32.806789>, 0.100000
	pigment { color rgbt <1,0,0,0> }
	no_shadow
}

// particle -1
sphere {
	<27.125748, 35.407784, 32.483479> 0.100000
	pigment { color rgbt <1,0,0,0> }
	no_shadow
}
sphere {
	0, 1
	scale<0.080000,0.200000,0.300000>
	matrix <0.326445, -0.840861, 0.431724,
