// switches for output
#declare DRAW_BASES = 1; // possible values are 0, 1; only relevant for DNA ribbons
#declare DRAW_BASES_TYPE = 3; // possible values are 1, 2, 3; only relevant for DNA ribbons
#declare DRAW_FOG = 0; // set to 1 to enable fog

#include "colors.inc"

#include "transforms.inc"
background { rgb <1, 1, 1>}

#default {
   normal{
       ripples 0.25
       frequency 0.20
       turbulence 0.2
       lambda 5
   }
	finish {
		phong 0.1
		phong_size 40.
	}
}

// original window dimensions: 1024x640


// camera settings

camera {
	sky <0, 0.179814, -0.983701>
	up <0, 0.179814, -0.983701>
	right 1.6 * <1, 0, 0>
	location <35, 94.9851, 44.8844>
	look_at <35, 29.7336, 32.9568>
	direction <0, -65.2515, -11.9276>
	angle 67.0682
}


# declare cpy_camera_pos = <35, 94.9851, 44.8844>;
# if (DRAW_FOG = 1)
fog {
	fog_type 2
	up vnormalize(cpy_camera_pos)
	color rgbt<1,1,1,0.3>
	distance 1e-5
	fog_alt 3e-3
	fog_offset 56
}
# end


// LIGHTS

# declare lum = 6;
global_settings {
	ambient_light rgb lum * <0.05, 0.05, 0.05>
	max_trace_level 15
}# declare cpy_direct_light_amount = 0.25;
light_source
{	1000 * <-1, -1.16352, -0.803886>,
	rgb lum * cpy_direct_light_amount
	parallel
}

light_source
{	1000 * <1, 1.16352, 0.803886>,
	rgb lum * cpy_direct_light_amount
	parallel
}

// strand 0

// nucleotide -1

// particle -1
sphere {
	<24.512234, 34.867752, 35.229546> 0.250000
	pigment { color rgbt <1,0,0,0> }
	no_shadow
}
cylinder {
	<24.265661, 35.167492, 35.132816>,  <24.117718, 35.347336, 35.074780>, 0.100000
	pigment { color rgbt <1,0,0,0> }
	no_shadow
}
cylinder {
	<24.265661, 35.167492, 35.132816>,  <24.512234, 34.867752, 35.229546>, 0.100000
	pigment { color rgbt <1,0,0,0> }
	no_shadow
}

// particle -1
sphere {
	<24.265661, 35.167492, 35.132816> 0.100000
	pigment { color rgbt <1,0,0,0> }
	no_shadow
}
sphere {
	0, 1
	scale<0.080000,0.200000,0.300000>
	matrix <0.124199, -0.210735, -0.969621,
		-0.777550, -0.627741, 0.036835,
		-0.616433, 0.749354, -0.241822,
		24.080730, 35.392300, 35.060268>
	pigment { color rgbt <0,1,1,0> }
	no_shadow
}
cylinder {
	<24.540197, 34.345272, 35.870468>,  <24.512234, 34.867752, 35.229546>, 0.130000
	pigment { color rgbt <1,0,0,0> }
	no_shadow
}

// nucleotide -1

// particle -1
sphere {
	<24.540197, 34.345272, 35.870468> 0.250000
	pigment { color rgbt <1,0,0,0> }
	no_shadow
}
cylinder {
	<24.722607, 34.013668, 35.999947>,  <24.832052, 33.814705, 36.077633>, 0.100000
	pigment { color rgbt <1,0,0,0> }
	no_shadow
}
cylinder {
	<24.722607, 34.013668, 35.999947>,  <24.540197, 34.345272, 35.870468>, 0.100000
	pigment { color rgbt <1,0,0,0> }
	no_shadow
}

// particle -1
sphere {
	<24.722607, 34.013668, 35.999947> 0.100000
	pigment { color rgbt <1,0,0,0> }
	no_shadow
}
sphere {
	0, 1
	scale<0.080000,0.200000,0.300000>
	matrix <0.886973, 0.453175, -0.088947,
		-0.072951, 0.327670, 0.941972,
		0.456023, -0.829014, 0.323694,
		24.859413, 33.764965, 36.097054>
	pigment { color rgbt <0,1,1,0> }
	no_shadow
}
cylinder {
	<25.093855, 34.459404, 36.449394>,  <24.540197, 34.345272, 35.870468>, 0.130000
	pigment { color rgbt <1,0,0,0> }
	no_shadow
}

// nucleotide -1

// particle -1
sphere {
	<25.093855, 34.459404, 36.449394> 0.250000
	pigment { color rgbt <1,0,0,0> }
	no_shadow
}
cylinder {
	<25.164948, 34.153046, 36.202229>,  <25.207603, 33.969231, 36.053928>, 0.100000
	pigment { color rgbt <1,0,0,0> }
	no_shadow
}
cylinder {
	<25.164948, 34.153046, 36.202229>,  <25.093855, 34.459404, 36.449394>, 0.100000
	pigment { color rgbt <1,0,0,0> }
	no_shadow
}

// particle -1
sphere {
	<25.164948, 34.153046, 36.202229> 0.100000
	pigment { color rgbt <1,0,0,0> }
	no_shadow
}
sphere {
	0, 1
	scale<0.080000,0.200000,0.300000>
	matrix <0.848039, 0.437753, -0.298665,
		0.499239, -0.470931, 0.727313,
		0.177733, -0.765895, -0.617912,
		25.218267, 33.923279, 36.016853>
	pigment { color rgbt <0,1,1,0> }
	no_shadow
}
cylinder {
	<25.868559, 34.144577, 36.399647>,  <25.093855, 34.459404, 36.449394>, 0.130000
	pigment { color rgbt <1,0,0,0> }
	no_shadow
}

// nucleotide -1

// particle -1
sphere {
	<25.868559, 34.144577, 36.399647> 0.250000
	pigment { color rgbt <1,0,0,0> }
	no_shadow
}
cylinder {
	<25.660519, 34.117344, 36.059093>,  <25.535694, 34.101006, 35.854759>, 0.100000
	pigment { color rgbt <1,0,0,0> }
	no_shadow
}
cylinder {
	<25.660519, 34.117344, 36.059093>,  <25.868559, 34.144577, 36.399647>, 0.100000
	pigment { color rgbt <1,0,0,0> }
	no_shadow
}

// particle -1
sphere {
	<25.660519, 34.117344, 36.059093> 0.100000
	pigment { color rgbt <1,0,0,0> }
	no_shadow
}
sphere {
	0, 1
	scale<0.080000,0.200000,0.300000>
	matrix <0.758422, 0.421617, -0.497026,
		0.392798, -0.904215, -0.167648,
		-0.520101, -0.068082, -0.851387,
		25.504488, 34.096920, 35.803677>
	pigment { color rgbt <0,1,1,0> }
	no_shadow
}
cylinder {
	<26.215334, 33.738438, 35.890163>,  <25.868559, 34.144577, 36.399647>, 0.130000
	pigment { color rgbt <1,0,0,0> }
	no_shadow
}

// nucleotide -1

// particle -1
sphere {
	<26.215334, 33.738438, 35.890163> 0.250000
	pigment { color rgbt <1,0,0,0> }
	no_shadow
}
cylinder {
	<25.991865, 33.989723, 35.673557>,  <25.857784, 34.140495, 35.543594>, 0.100000
	pigment { color rgbt <1,0,0,0> }
	no_shadow
}
cylinder {
	<25.991865, 33.989723, 35.673557>,  <26.215334, 33.738438, 35.890163>, 0.100000
	pigment { color rgbt <1,0,0,0> }
	no_shadow
}

// particle -1
sphere {
	<25.991865, 33.989723, 35.673557> 0.100000
	pigment { color rgbt <1,0,0,0> }
	no_shadow
}
sphere {
	0, 1
	scale<0.080000,0.200000,0.300000>
	matrix <0.828872, 0.399824, -0.391295,
		-0.029306, -0.667450, -0.744077,
		-0.558670, 0.628212, -0.541514,
		25.824265, 34.178188, 35.511105>
	pigment { color rgbt <0,1,1,0> }
	no_shadow
}
cylinder {
	<26.860016, 33.304325, 35.854805>,  <26.215334, 33.738438, 35.890163>, 0.130000
	pigment { color rgbt <1,0,0,0> }
	no_shadow
}

// nucleotide -1

// particle -1
sphere {
	<26.860016, 33.304325, 35.854805> 0.250000
	pigment { color rgbt <1,0,0,0> }
	no_shadow
}
cylinder {
	<27.136642, 33.219517, 35.578606>,  <27.302618, 33.168633, 35.412888>, 0.100000
	pigment { color rgbt <1,0,0,0> }
	no_shadow
}
cylinder {
	<27.136642, 33.219517, 35.578606>,  <26.860016, 33.304325, 35.854805>, 0.100000
	pigment { color rgbt <1,0,0,0> }
	no_shadow
}

// particle -1
sphere {
	<27.136642, 33.219517, 35.578606> 0.100000
	pigment { color rgbt <1,0,0,0> }
	no_shadow
}
sphere {
	0, 1
	scale<0.080000,0.200000,0.300000>
	matrix <-0.231050, -0.970657, 0.066642,
		-0.684363, 0.113452, -0.720260,
		0.691565, -0.212024, -0.690495,
		27.344112, 33.155910, 35.371456>
	pigment { color rgbt <0,1,1,0> }
	no_shadow
}
cylinder {
	<26.599503, 32.829216, 35.388653>,  <26.860016, 33.304325, 35.854805>, 0.130000
	pigment { color rgbt <1,0,0,0> }
	no_shadow
}

// nucleotide -1

// particle -1
sphere {
	<26.599503, 32.829216, 35.388653> 0.250000
	pigment { color rgbt <1,0,0,0> }
	no_shadow
}
cylinder {
	<26.997267, 32.790382, 35.405254>,  <27.235926, 32.767082, 35.415215>, 0.100000
	pigment { color rgbt <1,0,0,0> }
	no_shadow
}
cylinder {
	<26.997267, 32.790382, 35.405254>,  <26.599503, 32.829216, 35.388653>, 0.100000
	pigment { color rgbt <1,0,0,0> }
	no_shadow
}

// particle -1
sphere {
	<26.997267, 32.790382, 35.405254> 0.100000
	pigment { color rgbt <1,0,0,0> }
	no_shadow
}
sphere {
	0, 1
	scale<0.080000,0.200000,0.300000>
	matrix <-0.102723, -0.980464, 0.167745,
		0.024409, -0.171071, -0.984956,
		0.994411, -0.097083, 0.041505,
		27.295589, 32.761257, 35.417706>
	pigment { color rgbt <0,1,1,0> }
	no_shadow
}
cylinder {
	<26.806074, 32.238686, 35.000477>,  <26.599503, 32.829216, 35.388653>, 0.130000
	pigment { color rgbt <1,0,0,0> }
	no_shadow
}

// nucleotide -1

// particle -1
sphere {
	<26.806074, 32.238686, 35.000477> 0.250000
	pigment { color rgbt <1,0,0,0> }
	no_shadow
}
cylinder {
	<27.070044, 32.311390, 35.292084>,  <27.228424, 32.355011, 35.467049>, 0.100000
	pigment { color rgbt <1,0,0,0> }
	no_shadow
}
cylinder {
	<27.070044, 32.311390, 35.292084>,  <26.806074, 32.238686, 35.000477>, 0.100000
	pigment { color rgbt <1,0,0,0> }
	no_shadow
}

// particle -1
sphere {
	<27.070044, 32.311390, 35.292084> 0.100000
	pigment { color rgbt <1,0,0,0> }
	no_shadow
}
sphere {
	0, 1
	scale<0.080000,0.200000,0.300000>
	matrix <-0.070774, -0.950945, 0.301157,
		0.747993, -0.250336, -0.614685,
		0.659922, 0.181760, 0.729017,
		27.268021, 32.365917, 35.510788>
	pigment { color rgbt <0,1,1,0> }
	no_shadow
}
cylinder {
	<27.227444, 31.575735, 35.099964>,  <26.806074, 32.238686, 35.000477>, 0.130000
	pigment { color rgbt <1,0,0,0> }
	no_shadow
}

// nucleotide -1

// particle -1
sphere {
	<27.227444, 31.575735, 35.099964> 0.250000
	pigment { color rgbt <1,0,0,0> }
	no_shadow
}
cylinder {
	<27.281260, 31.785133, 35.436501>,  <27.313549, 31.910772, 35.638420>, 0.100000
	pigment { color rgbt <1,0,0,0> }
	no_shadow
}
cylinder {
	<27.281260, 31.785133, 35.436501>,  <27.227444, 31.575735, 35.099964>, 0.100000
	pigment { color rgbt <1,0,0,0> }
	no_shadow
}

// particle -1
sphere {
	<27.281260, 31.785133, 35.436501> 0.100000
	pigment { color rgbt <1,0,0,0> }
	no_shadow
}
sphere {
	0, 1
	scale<0.080000,0.200000,0.300000>
	matrix <0.038771, -0.851188, 0.523427,
		0.990149, -0.037804, -0.134817,
		0.134542, 0.523498, 0.841337,
		27.321623, 31.942183, 35.688900>
	pigment { color rgbt <0,1,1,0> }
	no_shadow
}
cylinder {
	<27.711309, 31.257059, 35.421917>,  <27.227444, 31.575735, 35.099964>, 0.130000
	pigment { color rgbt <1,0,0,0> }
	no_shadow
}

// nucleotide -1

// particle -1
sphere {
	<27.711309, 31.257059, 35.421917> 0.250000
	pigment { color rgbt <1,0,0,0> }
	no_shadow
}
cylinder {
	<27.525322, 31.449368, 35.719284>,  <27.413729, 31.564753, 35.897705>, 0.100000
	pigment { color rgbt <1,0,0,0> }
	no_shadow
}
cylinder {
	<27.525322, 31.449368, 35.719284>,  <27.711309, 31.257059, 35.421917>, 0.100000
	pigment { color rgbt <1,0,0,0> }
	no_shadow
}

// particle -1
sphere {
	<27.525322, 31.449368, 35.719284> 0.100000
	pigment { color rgbt <1,0,0,0> }
	no_shadow
}
sphere {
	0, 1
	scale<0.080000,0.200000,0.300000>
	matrix <-0.060533, -0.855005, 0.515075,
		0.883255, 0.194493, 0.426653,
		-0.464969, 0.480769, 0.743415,
		27.385832, 31.593597, 35.942310>
	pigment { color rgbt <0,1,1,0> }
	no_shadow
}
cylinder {
	<27.997898, 30.976122, 36.139240>,  <27.711309, 31.257059, 35.421917>, 0.130000
	pigment { color rgbt <1,0,0,0> }
	no_shadow
}

// nucleotide -1

// particle -1
sphere {
	<27.997898, 30.976122, 36.139240> 0.250000
	pigment { color rgbt <1,0,0,0> }
	no_shadow
}
cylinder {
	<27.661722, 31.161606, 36.251408>,  <27.460016, 31.272896, 36.318707>, 0.100000
	pigment { color rgbt <1,0,0,0> }
	no_shadow
}
cylinder {
	<27.661722, 31.161606, 36.251408>,  <27.997898, 30.976122, 36.139240>, 0.100000
	pigment { color rgbt <1,0,0,0> }
	no_shadow
}

// particle -1
sphere {
	<27.661722, 31.161606, 36.251408> 0.100000
	pigment { color rgbt <1,0,0,0> }
	no_shadow
}
sphere {
	0, 1
	scale<0.080000,0.200000,0.300000>
	matrix <-0.183962, -0.730876, 0.657251,
		0.509726, 0.500793, 0.699562,
		-0.840439, 0.463710, 0.280420,
		27.409590, 31.300718, 36.335533>
	pigment { color rgbt <0,1,1,0> }
	no_shadow
}
cylinder {
	<27.953590, 30.942501, 36.909393>,  <27.997898, 30.976122, 36.139240>, 0.130000
	pigment { color rgbt <1,0,0,0> }
	no_shadow
}

// nucleotide -1

// particle -1
sphere {
	<27.953590, 30.942501, 36.909393> 0.250000
	pigment { color rgbt <1,0,0,0> }
	no_shadow
}
cylinder {
	<27.605482, 30.963503, 36.713486>,  <27.396618, 30.976103, 36.595940>, 0.100000
	pigment { color rgbt <1,0,0,0> }
	no_shadow
}
cylinder {
	<27.605482, 30.963503, 36.713486>,  <27.953590, 30.942501, 36.909393>, 0.100000
	pigment { color rgbt <1,0,0,0> }
	no_shadow
}

// particle -1
sphere {
	<27.605482, 30.963503, 36.713486> 0.100000
	pigment { color rgbt <1,0,0,0> }
	no_shadow
}
sphere {
	0, 1
	scale<0.080000,0.200000,0.300000>
	matrix <-0.322334, -0.812556, 0.485648,
		-0.372468, 0.580514, 0.724065,
		-0.870269, 0.052502, -0.489770,
		27.344400, 30.979254, 36.566555>
	pigment { color rgbt <0,1,1,0> }
	no_shadow
}
cylinder {
	<27.220896, 30.573618, 37.017628>,  <27.953590, 30.942501, 36.909393>, 0.130000
	pigment { color rgbt <1,0,0,0> }
	no_shadow
}

// nucleotide -1

// particle -1
sphere {
	<27.220896, 30.573618, 37.017628> 0.250000
	pigment { color rgbt <1,0,0,0> }
	no_shadow
}
cylinder {
	<26.858370, 30.413015, 36.964882>,  <26.640854, 30.316654, 36.933235>, 0.100000
	pigment { color rgbt <1,0,0,0> }
	no_shadow
}
cylinder {
	<26.858370, 30.413015, 36.964882>,  <27.220896, 30.573618, 37.017628>, 0.100000
	pigment { color rgbt <1,0,0,0> }
	no_shadow
}

// particle -1
sphere {
	<26.858370, 30.413015, 36.964882> 0.100000
	pigment { color rgbt <1,0,0,0> }
	no_shadow
}
sphere {
	0, 1
	scale<0.080000,0.200000,0.300000>
	matrix <-0.004956, -0.301914, 0.953322,
		-0.422575, 0.864663, 0.271639,
		-0.906314, -0.401504, -0.131867,
		26.586475, 30.292564, 36.925323>
	pigment { color rgbt <0,1,1,0> }
	no_shadow
}
cylinder {
	<27.504196, 30.385151, 36.325317>,  <27.220896, 30.573618, 37.017628>, 0.130000
	pigment { color rgbt <1,0,0,0> }
	no_shadow
}

// nucleotide -1

// particle -1
sphere {
	<27.504196, 30.385151, 36.325317> 0.250000
	pigment { color rgbt <1,0,0,0> }
	no_shadow
}
cylinder {
	<27.137659, 30.381403, 36.485432>,  <26.917736, 30.379154, 36.581501>, 0.100000
	pigment { color rgbt <1,0,0,0> }
	no_shadow
}
cylinder {
	<27.137659, 30.381403, 36.485432>,  <27.504196, 30.385151, 36.325317>, 0.100000
	pigment { color rgbt <1,0,0,0> }
	no_shadow
}

// particle -1
sphere {
	<27.137659, 30.381403, 36.485432> 0.100000
	pigment { color rgbt <1,0,0,0> }
	no_shadow
}
sphere {
	0, 1
	scale<0.080000,0.200000,0.300000>
	matrix <-0.054633, 0.993301, -0.101820,
		-0.396649, -0.115171, -0.910717,
		-0.916343, -0.009369, 0.400284,
		26.862757, 30.378592, 36.605518>
	pigment { color rgbt <0,1,1,0> }
	no_shadow
}
cylinder {
	<26.829454, 30.688215, 35.959484>,  <27.504196, 30.385151, 36.325317>, 0.130000
	pigment { color rgbt <1,0,0,0> }
	no_shadow
}

// nucleotide -1

// particle -1
sphere {
	<26.829454, 30.688215, 35.959484> 0.250000
	pigment { color rgbt <1,0,0,0> }
	no_shadow
}
cylinder {
	<26.813498, 30.718321, 36.358028>,  <26.803923, 30.736385, 36.597157>, 0.100000
	pigment { color rgbt <1,0,0,0> }
	no_shadow
}
cylinder {
	<26.813498, 30.718321, 36.358028>,  <26.829454, 30.688215, 35.959484>, 0.100000
	pigment { color rgbt <1,0,0,0> }
	no_shadow
}

// particle -1
sphere {
	<26.813498, 30.718321, 36.358028> 0.100000
	pigment { color rgbt <1,0,0,0> }
	no_shadow
}
sphere {
	0, 1
	scale<0.080000,0.200000,0.300000>
	matrix <0.028580, 0.996837, -0.074157,
		-0.998795, 0.025518, -0.041919,
		-0.039894, 0.075265, 0.996365,
		26.801529, 30.740900, 36.656937>
	pigment { color rgbt <0,1,1,0> }
	no_shadow
}
cylinder {
	<26.126577, 31.029613, 36.286510>,  <26.829454, 30.688215, 35.959484>, 0.130000
	pigment { color rgbt <1,0,0,0> }
	no_shadow
}

// nucleotide -1

// particle -1
sphere {
	<26.126577, 31.029613, 36.286510> 0.250000
	pigment { color rgbt <1,0,0,0> }
	no_shadow
}
cylinder {
	<26.495060, 31.072359, 36.436157>,  <26.716148, 31.098005, 36.525944>, 0.100000
	pigment { color rgbt <1,0,0,0> }
	no_shadow
}
cylinder {
	<26.495060, 31.072359, 36.436157>,  <26.126577, 31.029613, 36.286510>, 0.100000
	pigment { color rgbt <1,0,0,0> }
	no_shadow
}

// particle -1
sphere {
	<26.495060, 31.072359, 36.436157> 0.100000
	pigment { color rgbt <1,0,0,0> }
	no_shadow
}
sphere {
	0, 1
	scale<0.080000,0.200000,0.300000>
	matrix <0.034154, 0.935622, -0.351348,
		-0.387577, 0.336441, 0.858249,
		0.921204, 0.106862, 0.374116,
		26.771421, 31.104418, 36.548393>
	pigment { color rgbt <0,1,1,0> }
	no_shadow
}
cylinder {
	<26.261078, 31.811155, 36.505287>,  <26.126577, 31.029613, 36.286510>, 0.130000
	pigment { color rgbt <1,0,0,0> }
	no_shadow
}

// nucleotide -1

// particle -1
sphere {
	<26.261078, 31.811155, 36.505287> 0.250000
	pigment { color rgbt <1,0,0,0> }
	no_shadow
}
cylinder {
	<26.622564, 31.647081, 36.456226>,  <26.839457, 31.548637, 36.426788>, 0.100000
	pigment { color rgbt <1,0,0,0> }
	no_shadow
}
cylinder {
	<26.622564, 31.647081, 36.456226>,  <26.261078, 31.811155, 36.505287>, 0.100000
	pigment { color rgbt <1,0,0,0> }
	no_shadow
}

// particle -1
sphere {
	<26.622564, 31.647081, 36.456226> 0.100000
	pigment { color rgbt <1,0,0,0> }
	no_shadow
}
sphere {
	0, 1
	scale<0.080000,0.200000,0.300000>
	matrix <0.318901, 0.836084, -0.446392,
		0.285652, 0.364298, 0.886392,
		0.903717, -0.410184, -0.122654,
		26.893679, 31.524027, 36.419430>
	pigment { color rgbt <0,1,1,0> }
	no_shadow
}
cylinder {
	<26.741385, 32.345127, 36.735996>,  <26.261078, 31.811155, 36.505287>, 0.130000
	pigment { color rgbt <1,0,0,0> }
	no_shadow
}

// nucleotide -1

// particle -1
sphere {
	<26.741385, 32.345127, 36.735996> 0.250000
	pigment { color rgbt <1,0,0,0> }
	no_shadow
}
cylinder {
	<26.944960, 32.088413, 36.506527>,  <27.067104, 31.934385, 36.368847>, 0.100000
	pigment { color rgbt <1,0,0,0> }
	no_shadow
}
cylinder {
	<26.944960, 32.088413, 36.506527>,  <26.741385, 32.345127, 36.735996>, 0.100000
	pigment { color rgbt <1,0,0,0> }
	no_shadow
}

// particle -1
sphere {
	<26.944960, 32.088413, 36.506527> 0.100000
	pigment { color rgbt <1,0,0,0> }
	no_shadow
}
sphere {
	0, 1
	scale<0.080000,0.200000,0.300000>
	matrix <0.567219, 0.751321, -0.337311,
		0.647491, -0.153726, 0.746407,
		0.508938, -0.641782, -0.573670,
		27.097641, 31.895878, 36.334427>
	pigment { color rgbt <0,1,1,0> }
	no_shadow
}
cylinder {
	<27.430891, 32.412685, 36.864357>,  <26.741385, 32.345127, 36.735996>, 0.130000
	pigment { color rgbt <1,0,0,0> }
	no_shadow
}

// nucleotide -1

// particle -1
sphere {
	<27.430891, 32.412685, 36.864357> 0.250000
	pigment { color rgbt <1,0,0,0> }
	no_shadow
}
cylinder {
	<27.358427, 32.299706, 36.487549>,  <27.314949, 32.231918, 36.261463>, 0.100000
	pigment { color rgbt <1,0,0,0> }
	no_shadow
}
cylinder {
	<27.358427, 32.299706, 36.487549>,  <27.430891, 32.412685, 36.864357>, 0.100000
	pigment { color rgbt <1,0,0,0> }
	no_shadow
}

// particle -1
sphere {
	<27.358427, 32.299706, 36.487549> 0.100000
	pigment { color rgbt <1,0,0,0> }
	no_shadow
}
sphere {
	0, 1
	scale<0.080000,0.200000,0.300000>
	matrix <0.408844, 0.849546, -0.333343,
		0.894443, -0.445529, -0.038427,
		-0.181160, -0.282445, -0.942022,
		27.304079, 32.214973, 36.204941>
	pigment { color rgbt <0,1,1,0> }
	no_shadow
}
cylinder {
	<28.126198, 32.610718, 36.495609>,  <27.430891, 32.412685, 36.864357>, 0.130000
	pigment { color rgbt <1,0,0,0> }
	no_shadow
}

// nucleotide -1

// particle -1
sphere {
	<28.126198, 32.610718, 36.495609> 0.250000
	pigment { color rgbt <1,0,0,0> }
	no_shadow
}
cylinder {
	<27.847548, 32.545052, 36.216251>,  <27.680357, 32.505653, 36.048637>, 0.100000
	pigment { color rgbt <1,0,0,0> }
	no_shadow
}
cylinder {
	<27.847548, 32.545052, 36.216251>,  <28.126198, 32.610718, 36.495609>, 0.100000
	pigment { color rgbt <1,0,0,0> }
	no_shadow
}

// particle -1
sphere {
	<27.847548, 32.545052, 36.216251> 0.100000
	pigment { color rgbt <1,0,0,0> }
	no_shadow
}
sphere {
	0, 1
	scale<0.080000,0.200000,0.300000>
	matrix <0.302510, 0.815484, -0.493430,
		0.650536, -0.555010, -0.518428,
		-0.696628, -0.164164, -0.698398,
		27.638559, 32.495804, 36.006733>
	pigment { color rgbt <0,1,1,0> }
	no_shadow
}
cylinder {
	<27.713459, 33.306885, 36.398586>,  <28.126198, 32.610718, 36.495609>, 0.130000
	pigment { color rgbt <1,0,0,0> }
	no_shadow
}

// nucleotide -1

// particle -1
sphere {
	<27.713459, 33.306885, 36.398586> 0.250000
	pigment { color rgbt <1,0,0,0> }
	no_shadow
}
cylinder {
	<27.969845, 33.314960, 36.091663>,  <28.123676, 33.319805, 35.907509>, 0.100000
	pigment { color rgbt <1,0,0,0> }
	no_shadow
}
cylinder {
	<27.969845, 33.314960, 36.091663>,  <27.713459, 33.306885, 36.398586>, 0.100000
	pigment { color rgbt <1,0,0,0> }
	no_shadow
}

// particle -1
sphere {
	<27.969845, 33.314960, 36.091663> 0.100000
	pigment { color rgbt <1,0,0,0> }
	no_shadow
}
sphere {
	0, 1
	scale<0.080000,0.200000,0.300000>
	matrix <0.036504, 0.997721, 0.056743,
		0.766704, -0.064379, 0.638765,
		0.640962, 0.020188, -0.767307,
		28.162134, 33.321018, 35.861473>
	pigment { color rgbt <0,1,1,0> }
	no_shadow
}
cylinder {
	<28.385235, 33.515396, 36.618584>,  <27.713459, 33.306885, 36.398586>, 0.130000
	pigment { color rgbt <1,0,0,0> }
	no_shadow
}

// nucleotide -1

// particle -1
sphere {
	<28.385235, 33.515396, 36.618584> 0.250000
	pigment { color rgbt <1,0,0,0> }
	no_shadow
}
cylinder {
	<28.305042, 33.623268, 36.241844>,  <28.256927, 33.687992, 36.015800>, 0.100000
	pigment { color rgbt <1,0,0,0> }
	no_shadow
}
cylinder {
	<28.305042, 33.623268, 36.241844>,  <28.385235, 33.515396, 36.618584>, 0.100000
	pigment { color rgbt <1,0,0,0> }
	no_shadow
}

// particle -1
sphere {
	<28.305042, 33.623268, 36.241844> 0.100000
	pigment { color rgbt <1,0,0,0> }
	no_shadow
}
sphere {
	0, 1
	scale<0.080000,0.200000,0.300000>
	matrix <-0.073903, 0.954466, 0.289021,
		0.976906, 0.127548, -0.171423,
		-0.200481, 0.269677, -0.941850,
		28.244898, 33.704170, 35.959290>
	pigment { color rgbt <0,1,1,0> }
	no_shadow
}
cylinder {
	<28.862576, 32.939785, 36.779053>,  <28.385235, 33.515396, 36.618584>, 0.130000
	pigment { color rgbt <1,0,0,0> }
	no_shadow
}

// nucleotide -1

// particle -1
sphere {
	<28.862576, 32.939785, 36.779053> 0.250000
	pigment { color rgbt <1,0,0,0> }
	no_shadow
}
cylinder {
	<29.078562, 32.626560, 36.902508>,  <29.208153, 32.438625, 36.976582>, 0.100000
	pigment { color rgbt <1,0,0,0> }
	no_shadow
}
cylinder {
	<29.078562, 32.626560, 36.902508>,  <28.862576, 32.939785, 36.779053>, 0.100000
	pigment { color rgbt <1,0,0,0> }
	no_shadow
}

// particle -1
sphere {
	<29.078562, 32.626560, 36.902508> 0.100000
	pigment { color rgbt <1,0,0,0> }
	no_shadow
}
sphere {
	0, 1
	scale<0.080000,0.200000,0.300000>
	matrix <0.001917, 0.367834, 0.929890,
		-0.841685, -0.501516, 0.200119,
		0.539966, -0.783058, 0.308639,
		29.240551, 32.391644, 36.995098>
	pigment { color rgbt <0,1,1,0> }
	no_shadow
}
cylinder {
	<28.542137, 32.645931, 37.402584>,  <28.862576, 32.939785, 36.779053>, 0.130000
	pigment { color rgbt <1,0,0,0> }
	no_shadow
}

// nucleotide -1

// particle -1
sphere {
	<28.542137, 32.645931, 37.402584> 0.250000
	pigment { color rgbt <1,0,0,0> }
	no_shadow
}
cylinder {
	<28.938196, 32.591518, 37.415890>,  <29.175831, 32.558872, 37.423874>, 0.100000
	pigment { color rgbt <1,0,0,0> }
	no_shadow
}
cylinder {
	<28.938196, 32.591518, 37.415890>,  <28.542137, 32.645931, 37.402584>, 0.100000
	pigment { color rgbt <1,0,0,0> }
	no_shadow
}

// particle -1
sphere {
	<28.938196, 32.591518, 37.415890> 0.100000
	pigment { color rgbt <1,0,0,0> }
	no_shadow
}
sphere {
	0, 1
	scale<0.080000,0.200000,0.300000>
	matrix <0.016269, 0.347673, 0.937475,
		-0.139090, -0.927696, 0.346460,
		0.990146, -0.136030, 0.033265,
		29.235241, 32.550709, 37.425869>
	pigment { color rgbt <0,1,1,0> }
	no_shadow
}
cylinder {
	<28.817757, 32.112690, 37.896240>,  <28.542137, 32.645931, 37.402584>, 0.130000
	pigment { color rgbt <1,0,0,0> }
	no_shadow
}

// nucleotide -1

// particle -1
sphere {
	<28.817757, 32.112690, 37.896240> 0.250000
	pigment { color rgbt <1,0,0,0> }
	no_shadow
}
cylinder {
	<29.099064, 32.394978, 37.861904>,  <29.267849, 32.564350, 37.841301>, 0.100000
	pigment { color rgbt <1,0,0,0> }
	no_shadow
}
cylinder {
	<29.099064, 32.394978, 37.861904>,  <28.817757, 32.112690, 37.896240>, 0.100000
	pigment { color rgbt <1,0,0,0> }
	no_shadow
}

// particle -1
sphere {
	<29.099064, 32.394978, 37.861904> 0.100000
	pigment { color rgbt <1,0,0,0> }
	no_shadow
}
sphere {
	0, 1
	scale<0.080000,0.200000,0.300000>
	matrix <-0.120239, 0.237084, 0.964019,
		0.700682, -0.667644, 0.251589,
		0.703269, 0.705722, -0.085844,
		29.310045, 32.606693, 37.836151>
	pigment { color rgbt <0,1,1,0> }
	no_shadow
}
cylinder {
	<29.526199, 32.108974, 38.299252>,  <28.817757, 32.112690, 37.896240>, 0.130000
	pigment { color rgbt <1,0,0,0> }
	no_shadow
}

// nucleotide -1

// particle -1
sphere {
	<29.526199, 32.108974, 38.299252> 0.250000
	pigment { color rgbt <1,0,0,0> }
	no_shadow
}
cylinder {
	<29.435959, 32.489880, 38.216984>,  <29.381815, 32.718422, 38.167622>, 0.100000
	pigment { color rgbt <1,0,0,0> }
	no_shadow
}
cylinder {
	<29.435959, 32.489880, 38.216984>,  <29.526199, 32.108974, 38.299252>, 0.100000
	pigment { color rgbt <1,0,0,0> }
	no_shadow
}

// particle -1
sphere {
	<29.435959, 32.489880, 38.216984> 0.100000
	pigment { color rgbt <1,0,0,0> }
	no_shadow
}
sphere {
	0, 1
	scale<0.080000,0.200000,0.300000>
	matrix <0.049256, 0.221990, 0.973804,
		0.972973, 0.209563, -0.096987,
		-0.225603, 0.952263, -0.205668,
		29.368279, 32.775558, 38.155285>
	pigment { color rgbt <0,1,1,0> }
	no_shadow
}
cylinder {
	<30.071701, 32.556488, 38.420647>,  <29.526199, 32.108974, 38.299252>, 0.130000
	pigment { color rgbt <1,0,0,0> }
	no_shadow
}

// nucleotide -1

// particle -1
sphere {
	<30.071701, 32.556488, 38.420647> 0.250000
	pigment { color rgbt <1,0,0,0> }
	no_shadow
}
cylinder {
	<29.714899, 32.724533, 38.487377>,  <29.500818, 32.825359, 38.527416>, 0.100000
	pigment { color rgbt <1,0,0,0> }
	no_shadow
}
cylinder {
	<29.714899, 32.724533, 38.487377>,  <30.071701, 32.556488, 38.420647>, 0.100000
	pigment { color rgbt <1,0,0,0> }
	no_shadow
}

// particle -1
sphere {
	<29.714899, 32.724533, 38.487377> 0.100000
	pigment { color rgbt <1,0,0,0> }
	no_shadow
}
sphere {
	0, 1
	scale<0.080000,0.200000,0.300000>
	matrix <0.323754, 0.336226, 0.884384,
		0.315449, 0.842886, -0.435929,
		-0.892006, 0.420112, 0.166825,
		29.447298, 32.850567, 38.537426>
	pigment { color rgbt <0,1,1,0> }
	no_shadow
}
cylinder {
	<30.194672, 33.204029, 38.729866>,  <30.071701, 32.556488, 38.420647>, 0.130000
	pigment { color rgbt <1,0,0,0> }
	no_shadow
}

// nucleotide -1

// particle -1
sphere {
	<30.194672, 33.204029, 38.729866> 0.250000
	pigment { color rgbt <1,0,0,0> }
	no_shadow
}
cylinder {
	<29.821266, 33.096500, 38.824764>,  <29.597223, 33.031982, 38.881702>, 0.100000
	pigment { color rgbt <1,0,0,0> }
	no_shadow
}
cylinder {
	<29.821266, 33.096500, 38.824764>,  <30.194672, 33.204029, 38.729866>, 0.100000
	pigment { color rgbt <1,0,0,0> }
	no_shadow
}

// particle -1
sphere {
	<29.821266, 33.096500, 38.824764> 0.100000
	pigment { color rgbt <1,0,0,0> }
	no_shadow
}
sphere {
	0, 1
	scale<0.080000,0.200000,0.300000>
	matrix <0.094285, 0.454359, 0.885815,
		-0.345922, 0.849289, -0.398804,
		-0.933514, -0.268822, 0.237248,
		29.541212, 33.015854, 38.895939>
	pigment { color rgbt <0,1,1,0> }
	no_shadow
}
cylinder {
	<29.960606, 33.680862, 39.236984>,  <30.194672, 33.204029, 38.729866>, 0.130000
	pigment { color rgbt <1,0,0,0> }
	no_shadow
}

// nucleotide -1

// particle -1
sphere {
	<29.960606, 33.680862, 39.236984> 0.250000
	pigment { color rgbt <1,0,0,0> }
	no_shadow
}
cylinder {
	<29.691769, 33.390419, 39.295036>,  <29.530466, 33.216152, 39.329868>, 0.100000
	pigment { color rgbt <1,0,0,0> }
	no_shadow
}
cylinder {
	<29.691769, 33.390419, 39.295036>,  <29.960606, 33.680862, 39.236984>, 0.100000
	pigment { color rgbt <1,0,0,0> }
	no_shadow
}

// particle -1
sphere {
	<29.691769, 33.390419, 39.295036> 0.100000
	pigment { color rgbt <1,0,0,0> }
	no_shadow
}
sphere {
	0, 1
	scale<0.080000,0.200000,0.300000>
	matrix <-0.142733, 0.319359, 0.936823,
		-0.726578, 0.608919, -0.318279,
		-0.672095, -0.726104, 0.145126,
		29.490141, 33.172588, 39.338573>
	pigment { color rgbt <0,1,1,0> }
	no_shadow
}
cylinder {
	<29.352798, 33.833481, 39.686977>,  <29.960606, 33.680862, 39.236984>, 0.130000
	pigment { color rgbt <1,0,0,0> }
	no_shadow
}

// nucleotide -1

// particle -1
sphere {
	<29.352798, 33.833481, 39.686977> 0.250000
	pigment { color rgbt <1,0,0,0> }
	no_shadow
}
cylinder {
	<29.367344, 33.435322, 39.722443>,  <29.376072, 33.196426, 39.743721>, 0.100000
	pigment { color rgbt <1,0,0,0> }
	no_shadow
}
cylinder {
	<29.367344, 33.435322, 39.722443>,  <29.352798, 33.833481, 39.686977>, 0.100000
	pigment { color rgbt <1,0,0,0> }
	no_shadow
}

// particle -1
sphere {
	<29.367344, 33.435322, 39.722443> 0.100000
	pigment { color rgbt <1,0,0,0> }
	no_shadow
}
sphere {
	0, 1
	scale<0.080000,0.200000,0.300000>
	matrix <-0.034389, 0.087419, 0.995578,
		-0.998747, -0.039252, -0.031052,
		0.036364, -0.995398, 0.088660,
		29.378254, 33.136703, 39.749039>
	pigment { color rgbt <0,1,1,0> }
	no_shadow
}
cylinder {
	<29.216497, 33.990112, 40.430481>,  <29.352798, 33.833481, 39.686977>, 0.130000
	pigment { color rgbt <1,0,0,0> }
	no_shadow
}

// nucleotide -1

// particle -1
sphere {
	<29.216497, 33.990112, 40.430481> 0.250000
	pigment { color rgbt <1,0,0,0> }
	no_shadow
}
cylinder {
	<29.605896, 34.066864, 40.380707>,  <29.839535, 34.112915, 40.350842>, 0.100000
	pigment { color rgbt <1,0,0,0> }
	no_shadow
}
cylinder {
	<29.605896, 34.066864, 40.380707>,  <29.216497, 33.990112, 40.430481>, 0.100000
	pigment { color rgbt <1,0,0,0> }
	no_shadow
}

// particle -1
sphere {
	<29.605896, 34.066864, 40.380707> 0.100000
	pigment { color rgbt <1,0,0,0> }
	no_shadow
}
sphere {
	0, 1
	scale<0.080000,0.200000,0.300000>
	matrix <0.228619, -0.830421, 0.508068,
		-0.005845, -0.523052, -0.852281,
		0.973498, 0.191878, -0.124433,
		29.897945, 34.124428, 40.343376>
	pigment { color rgbt <0,1,1,0> }
	no_shadow
}
cylinder {
	<29.605274, 33.361767, 40.252594>,  <29.216497, 33.990112, 40.430481>, 0.130000
	pigment { color rgbt <1,0,0,0> }
	no_shadow
}

// nucleotide -1

// particle -1
sphere {
	<29.605274, 33.361767, 40.252594> 0.250000
	pigment { color rgbt <1,0,0,0> }
	no_shadow
}
cylinder {
	<29.874416, 33.590290, 40.440582>,  <30.035902, 33.727402, 40.553375>, 0.100000
	pigment { color rgbt <1,0,0,0> }
	no_shadow
}
cylinder {
	<29.874416, 33.590290, 40.440582>,  <29.605274, 33.361767, 40.252594>, 0.100000
	pigment { color rgbt <1,0,0,0> }
	no_shadow
}

// particle -1
sphere {
	<29.874416, 33.590290, 40.440582> 0.100000
	pigment { color rgbt <1,0,0,0> }
	no_shadow
}
sphere {
	0, 1
	scale<0.080000,0.200000,0.300000>
	matrix <0.339479, -0.802906, 0.489995,
		0.657281, -0.170150, -0.734187,
		0.672856, 0.571306, 0.469973,
		30.076273, 33.761681, 40.581573>
	pigment { color rgbt <0,1,1,0> }
	no_shadow
}
cylinder {
	<30.182344, 32.913399, 40.351891>,  <29.605274, 33.361767, 40.252594>, 0.130000
	pigment { color rgbt <1,0,0,0> }
	no_shadow
}

// nucleotide -1

// particle -1
sphere {
	<30.182344, 32.913399, 40.351891> 0.250000
	pigment { color rgbt <1,0,0,0> }
	no_shadow
}
cylinder {
	<30.231836, 33.211994, 40.613407>,  <30.261532, 33.391151, 40.770317>, 0.100000
	pigment { color rgbt <1,0,0,0> }
	no_shadow
}
cylinder {
	<30.231836, 33.211994, 40.613407>,  <30.182344, 32.913399, 40.351891>, 0.100000
	pigment { color rgbt <1,0,0,0> }
	no_shadow
}

// particle -1
sphere {
	<30.231836, 33.211994, 40.613407> 0.100000
	pigment { color rgbt <1,0,0,0> }
	no_shadow
}
sphere {
	0, 1
	scale<0.080000,0.200000,0.300000>
	matrix <0.383755, -0.643590, 0.662212,
		0.915108, 0.168960, -0.366101,
		0.123732, 0.746488, 0.653793,
		30.268955, 33.435940, 40.809544>
	pigment { color rgbt <0,1,1,0> }
	no_shadow
}
cylinder {
	<30.804014, 32.736862, 40.619232>,  <30.182344, 32.913399, 40.351891>, 0.130000
	pigment { color rgbt <1,0,0,0> }
	no_shadow
}

// nucleotide -1

// particle -1
sphere {
	<30.804014, 32.736862, 40.619232> 0.250000
	pigment { color rgbt <1,0,0,0> }
	no_shadow
}
cylinder {
	<30.673662, 32.989044, 40.901035>,  <30.595451, 33.140354, 41.070118>, 0.100000
	pigment { color rgbt <1,0,0,0> }
	no_shadow
}
cylinder {
	<30.673662, 32.989044, 40.901035>,  <30.804014, 32.736862, 40.619232>, 0.100000
	pigment { color rgbt <1,0,0,0> }
	no_shadow
}

// particle -1
sphere {
	<30.673662, 32.989044, 40.901035> 0.100000
	pigment { color rgbt <1,0,0,0> }
	no_shadow
}
sphere {
	0, 1
	scale<0.080000,0.200000,0.300000>
	matrix <0.452414, -0.550329, 0.701754,
		0.830135, 0.547417, -0.105885,
		-0.325880, 0.630454, 0.704506,
		30.575897, 33.178181, 41.112389>
	pigment { color rgbt <0,1,1,0> }
	no_shadow
}
cylinder {
	<31.375715, 32.909264, 41.121914>,  <30.804014, 32.736862, 40.619232>, 0.130000
	pigment { color rgbt <1,0,0,0> }
	no_shadow
}

// nucleotide -1

// particle -1
sphere {
	<31.375715, 32.909264, 41.121914> 0.250000
	pigment { color rgbt <1,0,0,0> }
	no_shadow
}
cylinder {
	<31.016586, 32.943375, 41.294724>,  <30.801109, 32.963840, 41.398411>, 0.100000
	pigment { color rgbt <1,0,0,0> }
	no_shadow
}
cylinder {
	<31.016586, 32.943375, 41.294724>,  <31.375715, 32.909264, 41.121914>, 0.100000
	pigment { color rgbt <1,0,0,0> }
	no_shadow
}

// particle -1
sphere {
	<31.016586, 32.943375, 41.294724> 0.100000
	pigment { color rgbt <1,0,0,0> }
	no_shadow
}
sphere {
	0, 1
	scale<0.080000,0.200000,0.300000>
	matrix <0.288321, -0.627711, 0.723084,
		0.332850, 0.773761, 0.538985,
		-0.897821, 0.085278, 0.432025,
		30.747240, 32.968960, 41.424332>
	pigment { color rgbt <0,1,1,0> }
	no_shadow
}
cylinder {
	<31.433117, 32.743176, 41.807026>,  <31.375715, 32.909264, 41.121914>, 0.130000
	pigment { color rgbt <1,0,0,0> }
	no_shadow
}

// nucleotide -1

// particle -1
sphere {
	<31.433117, 32.743176, 41.807026> 0.250000
	pigment { color rgbt <1,0,0,0> }
	no_shadow
}
cylinder {
	<31.033342, 32.734627, 41.817413>,  <30.793478, 32.729496, 41.823647>, 0.100000
	pigment { color rgbt <1,0,0,0> }
	no_shadow
}
cylinder {
	<31.033342, 32.734627, 41.817413>,  <31.433117, 32.743176, 41.807026>, 0.100000
	pigment { color rgbt <1,0,0,0> }
	no_shadow
}

// particle -1
sphere {
	<31.033342, 32.734627, 41.817413> 0.100000
	pigment { color rgbt <1,0,0,0> }
	no_shadow
}
sphere {
	0, 1
	scale<0.080000,0.200000,0.300000>
	matrix <0.033633, -0.640658, 0.767090,
		0.000241, 0.767529, 0.641014,
		-0.999434, -0.021374, 0.025969,
		30.733513, 32.728214, 41.825203>
	pigment { color rgbt <0,1,1,0> }
	no_shadow
}
cylinder {
	<31.206326, 33.023773, 42.462318>,  <31.433117, 32.743176, 41.807026>, 0.130000
	pigment { color rgbt <1,0,0,0> }
	no_shadow
}

// nucleotide -1

// particle -1
sphere {
	<31.206326, 33.023773, 42.462318> 0.250000
	pigment { color rgbt <1,0,0,0> }
	no_shadow
}
cylinder {
	<30.983517, 32.743210, 42.284439>,  <30.849833, 32.574871, 42.177711>, 0.100000
	pigment { color rgbt <1,0,0,0> }
	no_shadow
}
cylinder {
	<30.983517, 32.743210, 42.284439>,  <31.206326, 33.023773, 42.462318>, 0.100000
	pigment { color rgbt <1,0,0,0> }
	no_shadow
}

// particle -1
sphere {
	<30.983517, 32.743210, 42.284439> 0.100000
	pigment { color rgbt <1,0,0,0> }
	no_shadow
}
sphere {
	0, 1
	scale<0.080000,0.200000,0.300000>
	matrix <0.239710, -0.648454, 0.722527,
		-0.795152, 0.295863, 0.529337,
		-0.557020, -0.701407, -0.444699,
		30.816410, 32.532787, 42.151028>
	pigment { color rgbt <0,1,1,0> }
	no_shadow
}
cylinder {
	<30.512117, 32.742188, 42.560150>,  <31.206326, 33.023773, 42.462318>, 0.130000
	pigment { color rgbt <1,0,0,0> }
	no_shadow
}

// nucleotide -1

// particle -1
sphere {
	<30.512117, 32.742188, 42.560150> 0.250000
	pigment { color rgbt <1,0,0,0> }
	no_shadow
}
cylinder {
	<30.691708, 32.951748, 42.270615>,  <30.799461, 33.077484, 42.096893>, 0.100000
	pigment { color rgbt <1,0,0,0> }
	no_shadow
}
cylinder {
	<30.691708, 32.951748, 42.270615>,  <30.512117, 32.742188, 42.560150>, 0.100000
	pigment { color rgbt <1,0,0,0> }
	no_shadow
}

// particle -1
sphere {
	<30.691708, 32.951748, 42.270615> 0.100000
	pigment { color rgbt <1,0,0,0> }
	no_shadow
}
sphere {
	0, 1
	scale<0.080000,0.200000,0.300000>
	matrix <-0.859705, 0.474099, -0.190100,
		0.243579, 0.707640, 0.663260,
		0.448974, 0.523904, -0.723842,
		30.826399, 33.108917, 42.053463>
	pigment { color rgbt <0,1,1,0> }
	no_shadow
}
cylinder {
	<30.027399, 33.081192, 42.177444>,  <30.512117, 32.742188, 42.560150>, 0.130000
	pigment { color rgbt <1,0,0,0> }
	no_shadow
}

// nucleotide -1

// particle -1
sphere {
	<30.027399, 33.081192, 42.177444> 0.250000
	pigment { color rgbt <1,0,0,0> }
	no_shadow
}
cylinder {
	<30.343433, 33.199852, 41.962868>,  <30.533054, 33.271046, 41.834122>, 0.100000
	pigment { color rgbt <1,0,0,0> }
	no_shadow
}
cylinder {
	<30.343433, 33.199852, 41.962868>,  <30.027399, 33.081192, 42.177444>, 0.100000
	pigment { color rgbt <1,0,0,0> }
	no_shadow
}

// particle -1
sphere {
	<30.343433, 33.199852, 41.962868> 0.100000
	pigment { color rgbt <1,0,0,0> }
	no_shadow
}
sphere {
	0, 1
	scale<0.080000,0.200000,0.300000>
	matrix <-0.601963, 0.540757, -0.587556,
		0.115788, 0.787136, 0.605814,
		0.790085, 0.296645, -0.536440,
		30.580460, 33.288845, 41.801937>
	pigment { color rgbt <0,1,1,0> }
	no_shadow
}
cylinder {
	<29.995331, 33.855068, 42.029430>,  <30.027399, 33.081192, 42.177444>, 0.130000
	pigment { color rgbt <1,0,0,0> }
	no_shadow
}

// nucleotide -1

// particle -1
sphere {
	<29.995331, 33.855068, 42.029430> 0.250000
	pigment { color rgbt <1,0,0,0> }
	no_shadow
}
cylinder {
	<30.193184, 33.663467, 41.739357>,  <30.311895, 33.548508, 41.565311>, 0.100000
	pigment { color rgbt <1,0,0,0> }
	no_shadow
}
cylinder {
	<30.193184, 33.663467, 41.739357>,  <29.995331, 33.855068, 42.029430>, 0.100000
	pigment { color rgbt <1,0,0,0> }
	no_shadow
}

// particle -1
sphere {
	<30.193184, 33.663467, 41.739357> 0.100000
	pigment { color rgbt <1,0,0,0> }
	no_shadow
}
sphere {
	0, 1
	scale<0.080000,0.200000,0.300000>
	matrix <-0.439954, 0.581597, -0.684241,
		0.749520, 0.657496, 0.076938,
		0.494633, -0.479003, -0.725186,
		30.341574, 33.519768, 41.521801>
	pigment { color rgbt <0,1,1,0> }
	no_shadow
}
cylinder {
	<30.434906, 34.425285, 41.609875>,  <29.995331, 33.855068, 42.029430>, 0.130000
	pigment { color rgbt <1,0,0,0> }
	no_shadow
}

// nucleotide -1

// particle -1
sphere {
	<30.434906, 34.425285, 41.609875> 0.250000
	pigment { color rgbt <1,0,0,0> }
	no_shadow
}
cylinder {
	<30.390366, 34.113861, 41.362831>,  <30.363642, 33.927006, 41.214603>, 0.100000
	pigment { color rgbt <1,0,0,0> }
	no_shadow
}
cylinder {
	<30.390366, 34.113861, 41.362831>,  <30.434906, 34.425285, 41.609875>, 0.100000
	pigment { color rgbt <1,0,0,0> }
	no_shadow
}

// particle -1
sphere {
	<30.390366, 34.113861, 41.362831> 0.100000
	pigment { color rgbt <1,0,0,0> }
	no_shadow
}
sphere {
	0, 1
	scale<0.080000,0.200000,0.300000>
	matrix <-0.061145, 0.625669, -0.777689,
		0.991898, -0.048834, -0.117275,
		-0.111352, -0.778559, -0.617613,
		30.356960, 33.880295, 41.177547>
	pigment { color rgbt <0,1,1,0> }
	no_shadow
}
cylinder {
	<30.958158, 34.550480, 41.101822>,  <30.434906, 34.425285, 41.609875>, 0.130000
	pigment { color rgbt <1,0,0,0> }
	no_shadow
}

// nucleotide -1

// particle -1
sphere {
	<30.958158, 34.550480, 41.101822> 0.250000
	pigment { color rgbt <1,0,0,0> }
	no_shadow
}
cylinder {
	<30.691032, 34.304756, 40.933708>,  <30.530756, 34.157322, 40.832840>, 0.100000
	pigment { color rgbt <1,0,0,0> }
	no_shadow
}
cylinder {
	<30.691032, 34.304756, 40.933708>,  <30.958158, 34.550480, 41.101822>, 0.100000
	pigment { color rgbt <1,0,0,0> }
	no_shadow
}

// particle -1
sphere {
	<30.691032, 34.304756, 40.933708> 0.100000
	pigment { color rgbt <1,0,0,0> }
	no_shadow
}
sphere {
	0, 1
	scale<0.080000,0.200000,0.300000>
	matrix <-0.035805, 0.590515, -0.806232,
		0.743465, -0.523366, -0.416350,
		-0.667816, -0.614313, -0.420288,
		30.490688, 34.120464, 40.807621>
	pigment { color rgbt <0,1,1,0> }
	no_shadow
}
cylinder {
	<31.134260, 34.308891, 40.460548>,  <30.958158, 34.550480, 41.101822>, 0.130000
	pigment { color rgbt <1,0,0,0> }
	no_shadow
}

// nucleotide -1

// particle -1
sphere {
	<31.134260, 34.308891, 40.460548> 0.250000
	pigment { color rgbt <1,0,0,0> }
	no_shadow
}
cylinder {
	<30.735949, 34.343178, 40.473679>,  <30.496962, 34.363750, 40.481556>, 0.100000
	pigment { color rgbt <1,0,0,0> }
	no_shadow
}
cylinder {
	<30.735949, 34.343178, 40.473679>,  <31.134260, 34.308891, 40.460548>, 0.100000
	pigment { color rgbt <1,0,0,0> }
	no_shadow
}

// particle -1
sphere {
	<30.735949, 34.343178, 40.473679> 0.100000
	pigment { color rgbt <1,0,0,0> }
	no_shadow
}
sphere {
	0, 1
	scale<0.080000,0.200000,0.300000>
	matrix <0.032662, 0.665163, -0.745983,
