// switches for output
#declare DRAW_BASES = 1; // possible values are 0, 1; only relevant for DNA ribbons
#declare DRAW_BASES_TYPE = 3; // possible values are 1, 2, 3; only relevant for DNA ribbons
#declare DRAW_FOG = 0; // set to 1 to enable fog

#include "colors.inc"

#include "transforms.inc"
background { rgb <1, 1, 1>}

#default {
   normal{
       ripples 0.25
       frequency 0.20
       turbulence 0.2
       lambda 5
   }
	finish {
		phong 0.1
		phong_size 40.
	}
}

// original window dimensions: 1024x640


// camera settings

camera {
	sky <0, 0.179814, -0.983701>
	up <0, 0.179814, -0.983701>
	right 1.6 * <1, 0, 0>
	location <35, 94.9851, 44.8844>
	look_at <35, 29.7336, 32.9568>
	direction <0, -65.2515, -11.9276>
	angle 67.0682
}


# declare cpy_camera_pos = <35, 94.9851, 44.8844>;
# if (DRAW_FOG = 1)
fog {
	fog_type 2
	up vnormalize(cpy_camera_pos)
	color rgbt<1,1,1,0.3>
	distance 1e-5
	fog_alt 3e-3
	fog_offset 56
}
# end


// LIGHTS

# declare lum = 6;
global_settings {
	ambient_light rgb lum * <0.05, 0.05, 0.05>
	max_trace_level 15
}# declare cpy_direct_light_amount = 0.25;
light_source
{	1000 * <-1, -1.16352, -0.803886>,
	rgb lum * cpy_direct_light_amount
	parallel
}

light_source
{	1000 * <1, 1.16352, 0.803886>,
	rgb lum * cpy_direct_light_amount
	parallel
}

// strand 0

// nucleotide -1

// particle -1
sphere {
	<24.474028, 34.770260, 35.651215> 0.250000
	pigment { color rgbt <1,0,0,0> }
	no_shadow
}
cylinder {
	<24.457420, 34.816429, 35.254234>,  <24.447456, 34.844131, 35.016048>, 0.100000
	pigment { color rgbt <1,0,0,0> }
	no_shadow
}
cylinder {
	<24.457420, 34.816429, 35.254234>,  <24.474028, 34.770260, 35.651215>, 0.100000
	pigment { color rgbt <1,0,0,0> }
	no_shadow
}

// particle -1
sphere {
	<24.457420, 34.816429, 35.254234> 0.100000
	pigment { color rgbt <1,0,0,0> }
	no_shadow
}
sphere {
	0, 1
	scale<0.080000,0.200000,0.300000>
	matrix <0.205833, 0.972986, 0.104553,
		0.977706, -0.199938, -0.064153,
		-0.041516, 0.115427, -0.992448,
		24.444965, 34.851059, 34.956501>
	pigment { color rgbt <0,1,1,0> }
	no_shadow
}
cylinder {
	<24.915878, 35.340057, 35.596283>,  <24.474028, 34.770260, 35.651215>, 0.130000
	pigment { color rgbt <1,0,0,0> }
	no_shadow
}

// nucleotide -1

// particle -1
sphere {
	<24.915878, 35.340057, 35.596283> 0.250000
	pigment { color rgbt <1,0,0,0> }
	no_shadow
}
cylinder {
	<24.736670, 35.297005, 35.241276>,  <24.629145, 35.271172, 35.028271>, 0.100000
	pigment { color rgbt <1,0,0,0> }
	no_shadow
}
cylinder {
	<24.736670, 35.297005, 35.241276>,  <24.915878, 35.340057, 35.596283>, 0.100000
	pigment { color rgbt <1,0,0,0> }
	no_shadow
}

// particle -1
sphere {
	<24.736670, 35.297005, 35.241276> 0.100000
	pigment { color rgbt <1,0,0,0> }
	no_shadow
}
sphere {
	0, 1
	scale<0.080000,0.200000,0.300000>
	matrix <0.117859, 0.976952, -0.177974,
		0.886221, -0.184338, -0.425009,
		-0.448020, -0.107633, -0.887521,
		24.602264, 35.264713, 34.975021>
	pigment { color rgbt <0,1,1,0> }
	no_shadow
}
cylinder {
	<25.531109, 34.864281, 35.484123>,  <24.915878, 35.340057, 35.596283>, 0.130000
	pigment { color rgbt <1,0,0,0> }
	no_shadow
}

// nucleotide -1

// particle -1
sphere {
	<25.531109, 34.864281, 35.484123> 0.250000
	pigment { color rgbt <1,0,0,0> }
	no_shadow
}
cylinder {
	<25.457188, 34.615665, 35.179611>,  <25.412834, 34.466496, 34.996906>, 0.100000
	pigment { color rgbt <1,0,0,0> }
	no_shadow
}
cylinder {
	<25.457188, 34.615665, 35.179611>,  <25.531109, 34.864281, 35.484123>, 0.100000
	pigment { color rgbt <1,0,0,0> }
	no_shadow
}

// particle -1
sphere {
	<25.457188, 34.615665, 35.179611> 0.100000
	pigment { color rgbt <1,0,0,0> }
	no_shadow
}
sphere {
	0, 1
	scale<0.080000,0.200000,0.300000>
	matrix <0.967557, 0.020724, -0.251800,
		0.172280, -0.783111, 0.597543,
		-0.184804, -0.621537, -0.761275,
		25.401747, 34.429203, 34.951229>
	pigment { color rgbt <0,1,1,0> }
	no_shadow
}
cylinder {
	<26.214191, 34.647091, 35.486393>,  <25.531109, 34.864281, 35.484123>, 0.130000
	pigment { color rgbt <1,0,0,0> }
	no_shadow
}

// nucleotide -1

// particle -1
sphere {
	<26.214191, 34.647091, 35.486393> 0.250000
	pigment { color rgbt <1,0,0,0> }
	no_shadow
}
cylinder {
	<26.052923, 34.508301, 35.147675>,  <25.956161, 34.425026, 34.944443>, 0.100000
	pigment { color rgbt <1,0,0,0> }
	no_shadow
}
cylinder {
	<26.052923, 34.508301, 35.147675>,  <26.214191, 34.647091, 35.486393>, 0.100000
	pigment { color rgbt <1,0,0,0> }
	no_shadow
}

// particle -1
sphere {
	<26.052923, 34.508301, 35.147675> 0.100000
	pigment { color rgbt <1,0,0,0> }
	no_shadow
}
sphere {
	0, 1
	scale<0.080000,0.200000,0.300000>
	matrix <0.898159, 0.027320, -0.438820,
		0.175394, -0.937477, 0.300623,
		-0.403171, -0.346973, -0.846796,
		25.931973, 34.404209, 34.893635>
	pigment { color rgbt <0,1,1,0> }
	no_shadow
}
cylinder {
	<26.010580, 34.222878, 36.135841>,  <26.214191, 34.647091, 35.486393>, 0.130000
	pigment { color rgbt <1,0,0,0> }
	no_shadow
}

// nucleotide -1

// particle -1
sphere {
	<26.010580, 34.222878, 36.135841> 0.250000
	pigment { color rgbt <1,0,0,0> }
	no_shadow
}
cylinder {
	<26.325632, 34.455982, 36.055813>,  <26.514664, 34.595844, 36.007797>, 0.100000
	pigment { color rgbt <1,0,0,0> }
	no_shadow
}
cylinder {
	<26.325632, 34.455982, 36.055813>,  <26.010580, 34.222878, 36.135841>, 0.100000
	pigment { color rgbt <1,0,0,0> }
	no_shadow
}

// particle -1
sphere {
	<26.325632, 34.455982, 36.055813> 0.100000
	pigment { color rgbt <1,0,0,0> }
	no_shadow
}
sphere {
	0, 1
	scale<0.080000,0.200000,0.300000>
	matrix <-0.615011, 0.763297, -0.197836,
		0.037421, 0.278866, 0.959601,
		0.787630, 0.582762, -0.200069,
		26.561920, 34.630810, 35.995792>
	pigment { color rgbt <0,1,1,0> }
	no_shadow
}
cylinder {
	<26.743261, 34.305996, 36.381386>,  <26.010580, 34.222878, 36.135841>, 0.130000
	pigment { color rgbt <1,0,0,0> }
	no_shadow
}

// nucleotide -1

// particle -1
sphere {
	<26.743261, 34.305996, 36.381386> 0.250000
	pigment { color rgbt <1,0,0,0> }
	no_shadow
}
cylinder {
	<26.797258, 33.921352, 36.285816>,  <26.829657, 33.690567, 36.228474>, 0.100000
	pigment { color rgbt <1,0,0,0> }
	no_shadow
}
cylinder {
	<26.797258, 33.921352, 36.285816>,  <26.743261, 34.305996, 36.381386>, 0.100000
	pigment { color rgbt <1,0,0,0> }
	no_shadow
}

// particle -1
sphere {
	<26.797258, 33.921352, 36.285816> 0.100000
	pigment { color rgbt <1,0,0,0> }
	no_shadow
}
sphere {
	0, 1
	scale<0.080000,0.200000,0.300000>
	matrix <0.336649, -0.182272, 0.923821,
		-0.931904, -0.205142, 0.299119,
		0.134993, -0.961610, -0.238920,
		26.837757, 33.632870, 36.214142>
	pigment { color rgbt <0,1,1,0> }
	no_shadow
}
cylinder {
	<26.633066, 33.897079, 36.899113>,  <26.743261, 34.305996, 36.381386>, 0.130000
	pigment { color rgbt <1,0,0,0> }
	no_shadow
}

// nucleotide -1

// particle -1
sphere {
	<26.633066, 33.897079, 36.899113> 0.250000
	pigment { color rgbt <1,0,0,0> }
	no_shadow
}
cylinder {
	<26.870050, 33.648884, 36.693596>,  <27.012241, 33.499966, 36.570286>, 0.100000
	pigment { color rgbt <1,0,0,0> }
	no_shadow
}
cylinder {
	<26.870050, 33.648884, 36.693596>,  <26.633066, 33.897079, 36.899113>, 0.100000
	pigment { color rgbt <1,0,0,0> }
	no_shadow
}

// particle -1
sphere {
	<26.870050, 33.648884, 36.693596> 0.100000
	pigment { color rgbt <1,0,0,0> }
	no_shadow
}
sphere {
	0, 1
	scale<0.080000,0.200000,0.300000>
	matrix <0.387775, -0.339382, 0.857001,
		-0.706133, -0.706975, 0.039540,
		0.592459, -0.620489, -0.513796,
		27.047789, 33.462738, 36.539455>
	pigment { color rgbt <0,1,1,0> }
	no_shadow
}
cylinder {
	<26.525661, 33.272732, 37.099686>,  <26.633066, 33.897079, 36.899113>, 0.130000
	pigment { color rgbt <1,0,0,0> }
	no_shadow
}

// nucleotide -1

// particle -1
sphere {
	<26.525661, 33.272732, 37.099686> 0.250000
	pigment { color rgbt <1,0,0,0> }
	no_shadow
}
cylinder {
	<26.901562, 33.319431, 36.971161>,  <27.127102, 33.347450, 36.894047>, 0.100000
	pigment { color rgbt <1,0,0,0> }
	no_shadow
}
cylinder {
	<26.901562, 33.319431, 36.971161>,  <26.525661, 33.272732, 37.099686>, 0.100000
	pigment { color rgbt <1,0,0,0> }
	no_shadow
}

// particle -1
sphere {
	<26.901562, 33.319431, 36.971161> 0.100000
	pigment { color rgbt <1,0,0,0> }
	no_shadow
}
sphere {
	0, 1
	scale<0.080000,0.200000,0.300000>
	matrix <0.341829, -0.334079, 0.878376,
		-0.004794, -0.935286, -0.353859,
		0.939750, 0.116749, -0.321310,
		27.183487, 33.354454, 36.874767>
	pigment { color rgbt <0,1,1,0> }
	no_shadow
}
cylinder {
	<26.899435, 32.630852, 37.236794>,  <26.525661, 33.272732, 37.099686>, 0.130000
	pigment { color rgbt <1,0,0,0> }
	no_shadow
}

// nucleotide -1

// particle -1
sphere {
	<26.899435, 32.630852, 37.236794> 0.250000
	pigment { color rgbt <1,0,0,0> }
	no_shadow
}
cylinder {
	<27.170614, 32.921230, 37.190510>,  <27.333323, 33.095459, 37.162739>, 0.100000
	pigment { color rgbt <1,0,0,0> }
	no_shadow
}
cylinder {
	<27.170614, 32.921230, 37.190510>,  <26.899435, 32.630852, 37.236794>, 0.100000
	pigment { color rgbt <1,0,0,0> }
	no_shadow
}

// particle -1
sphere {
	<27.170614, 32.921230, 37.190510> 0.100000
	pigment { color rgbt <1,0,0,0> }
	no_shadow
}
sphere {
	0, 1
	scale<0.080000,0.200000,0.300000>
	matrix <0.435811, -0.270150, 0.858538,
		0.591993, -0.632472, -0.499523,
		0.677947, 0.725946, -0.115711,
		27.373999, 33.139015, 37.155796>
	pigment { color rgbt <0,1,1,0> }
	no_shadow
}
cylinder {
	<27.524002, 32.299316, 37.270252>,  <26.899435, 32.630852, 37.236794>, 0.130000
	pigment { color rgbt <1,0,0,0> }
	no_shadow
}

// nucleotide -1

// particle -1
sphere {
	<27.524002, 32.299316, 37.270252> 0.250000
	pigment { color rgbt <1,0,0,0> }
	no_shadow
}
cylinder {
	<27.614275, 32.678116, 37.361694>,  <27.668438, 32.905396, 37.416561>, 0.100000
	pigment { color rgbt <1,0,0,0> }
	no_shadow
}
cylinder {
	<27.614275, 32.678116, 37.361694>,  <27.524002, 32.299316, 37.270252>, 0.100000
	pigment { color rgbt <1,0,0,0> }
	no_shadow
}

// particle -1
sphere {
	<27.614275, 32.678116, 37.361694> 0.100000
	pigment { color rgbt <1,0,0,0> }
	no_shadow
}
sphere {
	0, 1
	scale<0.080000,0.200000,0.300000>
	matrix <0.490181, -0.313176, 0.813414,
		0.841897, -0.071512, -0.534879,
		0.225681, 0.946999, 0.228608,
		27.681980, 32.962215, 37.430275>
	pigment { color rgbt <0,1,1,0> }
	no_shadow
}
cylinder {
	<28.115135, 32.205341, 37.543896>,  <27.524002, 32.299316, 37.270252>, 0.130000
	pigment { color rgbt <1,0,0,0> }
	no_shadow
}

// nucleotide -1

// particle -1
sphere {
	<28.115135, 32.205341, 37.543896> 0.250000
	pigment { color rgbt <1,0,0,0> }
	no_shadow
}
cylinder {
	<28.004715, 32.560345, 37.691479>,  <27.938463, 32.773346, 37.780029>, 0.100000
	pigment { color rgbt <1,0,0,0> }
	no_shadow
}
cylinder {
	<28.004715, 32.560345, 37.691479>,  <28.115135, 32.205341, 37.543896>, 0.100000
	pigment { color rgbt <1,0,0,0> }
	no_shadow
}

// particle -1
sphere {
	<28.004715, 32.560345, 37.691479> 0.100000
	pigment { color rgbt <1,0,0,0> }
	no_shadow
}
sphere {
	0, 1
	scale<0.080000,0.200000,0.300000>
	matrix <0.518386, -0.185777, 0.834724,
		0.809365, 0.421690, -0.408786,
		-0.276051, 0.887505, 0.368959,
		27.921900, 32.826595, 37.802166>
	pigment { color rgbt <0,1,1,0> }
	no_shadow
}
cylinder {
	<28.645681, 32.611820, 37.673653>,  <28.115135, 32.205341, 37.543896>, 0.130000
	pigment { color rgbt <1,0,0,0> }
	no_shadow
}

// nucleotide -1

// particle -1
sphere {
	<28.645681, 32.611820, 37.673653> 0.250000
	pigment { color rgbt <1,0,0,0> }
	no_shadow
}
cylinder {
	<28.355978, 32.704227, 37.933521>,  <28.182156, 32.759674, 38.089443>, 0.100000
	pigment { color rgbt <1,0,0,0> }
	no_shadow
}
cylinder {
	<28.355978, 32.704227, 37.933521>,  <28.645681, 32.611820, 37.673653>, 0.100000
	pigment { color rgbt <1,0,0,0> }
	no_shadow
}

// particle -1
sphere {
	<28.355978, 32.704227, 37.933521> 0.100000
	pigment { color rgbt <1,0,0,0> }
	no_shadow
}
sphere {
	0, 1
	scale<0.080000,0.200000,0.300000>
	matrix <0.637015, -0.136476, 0.758674,
		0.263934, 0.963330, -0.048320,
		-0.724259, 0.231021, 0.649676,
		28.138700, 32.773533, 38.128426>
	pigment { color rgbt <0,1,1,0> }
	no_shadow
}
cylinder {
	<28.708494, 33.296730, 38.028713>,  <28.645681, 32.611820, 37.673653>, 0.130000
	pigment { color rgbt <1,0,0,0> }
	no_shadow
}

// nucleotide -1

// particle -1
sphere {
	<28.708494, 33.296730, 38.028713> 0.250000
	pigment { color rgbt <1,0,0,0> }
	no_shadow
}
cylinder {
	<28.577110, 33.004982, 38.268757>,  <28.498280, 32.829933, 38.412785>, 0.100000
	pigment { color rgbt <1,0,0,0> }
	no_shadow
}
cylinder {
	<28.577110, 33.004982, 38.268757>,  <28.708494, 33.296730, 38.028713>, 0.100000
	pigment { color rgbt <1,0,0,0> }
	no_shadow
}

// particle -1
sphere {
	<28.577110, 33.004982, 38.268757> 0.100000
	pigment { color rgbt <1,0,0,0> }
	no_shadow
}
sphere {
	0, 1
	scale<0.080000,0.200000,0.300000>
	matrix <0.840369, 0.064360, 0.538181,
		-0.431155, 0.681087, 0.591798,
		-0.328460, -0.729368, 0.600114,
		28.478573, 32.786171, 38.448792>
	pigment { color rgbt <0,1,1,0> }
	no_shadow
}
cylinder {
	<28.782253, 33.599136, 38.635609>,  <28.708494, 33.296730, 38.028713>, 0.130000
	pigment { color rgbt <1,0,0,0> }
	no_shadow
}

// nucleotide -1

// particle -1
sphere {
	<28.782253, 33.599136, 38.635609> 0.250000
	pigment { color rgbt <1,0,0,0> }
	no_shadow
}
cylinder {
	<28.817480, 33.203472, 38.682598>,  <28.838615, 32.966072, 38.710793>, 0.100000
	pigment { color rgbt <1,0,0,0> }
	no_shadow
}
cylinder {
	<28.817480, 33.203472, 38.682598>,  <28.782253, 33.599136, 38.635609>, 0.100000
	pigment { color rgbt <1,0,0,0> }
	no_shadow
}

// particle -1
sphere {
	<28.817480, 33.203472, 38.682598> 0.100000
	pigment { color rgbt <1,0,0,0> }
	no_shadow
}
sphere {
	0, 1
	scale<0.080000,0.200000,0.300000>
	matrix <0.840064, 0.137125, 0.524870,
		-0.535291, 0.052463, 0.843037,
		0.088065, -0.989163, 0.117474,
		28.843899, 32.906723, 38.717842>
	pigment { color rgbt <0,1,1,0> }
	no_shadow
}
cylinder {
	<28.053909, 33.754166, 38.799610>,  <28.782253, 33.599136, 38.635609>, 0.130000
	pigment { color rgbt <1,0,0,0> }
	no_shadow
}

// nucleotide -1

// particle -1
sphere {
	<28.053909, 33.754166, 38.799610> 0.250000
	pigment { color rgbt <1,0,0,0> }
	no_shadow
}
cylinder {
	<28.159967, 34.107410, 38.954433>,  <28.223602, 34.319359, 39.047329>, 0.100000
	pigment { color rgbt <1,0,0,0> }
	no_shadow
}
cylinder {
	<28.159967, 34.107410, 38.954433>,  <28.053909, 33.754166, 38.799610>, 0.100000
	pigment { color rgbt <1,0,0,0> }
	no_shadow
}

// particle -1
sphere {
	<28.159967, 34.107410, 38.954433> 0.100000
	pigment { color rgbt <1,0,0,0> }
	no_shadow
}
sphere {
	0, 1
	scale<0.080000,0.200000,0.300000>
	matrix <0.828630, -0.413955, 0.376847,
		0.493022, 0.220809, -0.841530,
		0.265144, 0.883111, 0.387058,
		28.239511, 34.372345, 39.070549>
	pigment { color rgbt <0,1,1,0> }
	no_shadow
}
cylinder {
	<27.433435, 33.504044, 38.739883>,  <28.053909, 33.754166, 38.799610>, 0.130000
	pigment { color rgbt <1,0,0,0> }
	no_shadow
}

// nucleotide -1

// particle -1
sphere {
	<27.433435, 33.504044, 38.739883> 0.250000
	pigment { color rgbt <1,0,0,0> }
	no_shadow
}
cylinder {
	<27.725739, 33.303120, 38.554981>,  <27.901121, 33.182568, 38.444038>, 0.100000
	pigment { color rgbt <1,0,0,0> }
	no_shadow
}
cylinder {
	<27.725739, 33.303120, 38.554981>,  <27.433435, 33.504044, 38.739883>, 0.100000
	pigment { color rgbt <1,0,0,0> }
	no_shadow
}

// particle -1
sphere {
	<27.725739, 33.303120, 38.554981> 0.100000
	pigment { color rgbt <1,0,0,0> }
	no_shadow
}
sphere {
	0, 1
	scale<0.080000,0.200000,0.300000>
	matrix <-0.427514, 0.191170, -0.883564,
		0.532189, 0.843293, -0.075044,
		0.730758, -0.502306, -0.462258,
		27.944965, 33.152428, 38.416306>
	pigment { color rgbt <0,1,1,0> }
	no_shadow
}
cylinder {
	<27.645700, 34.039467, 38.184933>,  <27.433435, 33.504044, 38.739883>, 0.130000
	pigment { color rgbt <1,0,0,0> }
	no_shadow
}

// nucleotide -1

// particle -1
sphere {
	<27.645700, 34.039467, 38.184933> 0.250000
	pigment { color rgbt <1,0,0,0> }
	no_shadow
}
cylinder {
	<27.750109, 33.667042, 38.082962>,  <27.812754, 33.443588, 38.021778>, 0.100000
	pigment { color rgbt <1,0,0,0> }
	no_shadow
}
cylinder {
	<27.750109, 33.667042, 38.082962>,  <27.645700, 34.039467, 38.184933>, 0.100000
	pigment { color rgbt <1,0,0,0> }
	no_shadow
}

// particle -1
sphere {
	<27.750109, 33.667042, 38.082962> 0.100000
	pigment { color rgbt <1,0,0,0> }
	no_shadow
}
sphere {
	0, 1
	scale<0.080000,0.200000,0.300000>
	matrix <-0.322953, 0.164639, -0.931985,
		0.909708, 0.325598, -0.257715,
		0.261022, -0.931064, -0.254927,
		27.828415, 33.387722, 38.006485>
	pigment { color rgbt <0,1,1,0> }
	no_shadow
}
cylinder {
	<27.991055, 34.215347, 37.562119>,  <27.645700, 34.039467, 38.184933>, 0.130000
	pigment { color rgbt <1,0,0,0> }
	no_shadow
}

// nucleotide -1

// particle -1
sphere {
	<27.991055, 34.215347, 37.562119> 0.250000
	pigment { color rgbt <1,0,0,0> }
	no_shadow
}
cylinder {
	<27.909094, 33.824100, 37.547638>,  <27.859919, 33.589352, 37.538948>, 0.100000
	pigment { color rgbt <1,0,0,0> }
	no_shadow
}
cylinder {
	<27.909094, 33.824100, 37.547638>,  <27.991055, 34.215347, 37.562119>, 0.100000
	pigment { color rgbt <1,0,0,0> }
	no_shadow
}

// particle -1
sphere {
	<27.909094, 33.824100, 37.547638> 0.100000
	pigment { color rgbt <1,0,0,0> }
	no_shadow
}
sphere {
	0, 1
	scale<0.080000,0.200000,0.300000>
	matrix <-0.260195, 0.090090, -0.961344,
		0.943565, -0.187559, -0.272960,
		-0.204899, -0.978113, -0.036204,
		27.847624, 33.530666, 37.536777>
	pigment { color rgbt <0,1,1,0> }
	no_shadow
}
cylinder {
	<28.379654, 33.969921, 36.957867>,  <27.991055, 34.215347, 37.562119>, 0.130000
	pigment { color rgbt <1,0,0,0> }
	no_shadow
}

// nucleotide -1

// particle -1
sphere {
	<28.379654, 33.969921, 36.957867> 0.250000
	pigment { color rgbt <1,0,0,0> }
	no_shadow
}
cylinder {
	<28.064379, 33.734020, 37.028233>,  <27.875214, 33.592480, 37.070450>, 0.100000
	pigment { color rgbt <1,0,0,0> }
	no_shadow
}
cylinder {
	<28.064379, 33.734020, 37.028233>,  <28.379654, 33.969921, 36.957867>, 0.100000
	pigment { color rgbt <1,0,0,0> }
	no_shadow
}

// particle -1
sphere {
	<28.064379, 33.734020, 37.028233> 0.100000
	pigment { color rgbt <1,0,0,0> }
	no_shadow
}
sphere {
	0, 1
	scale<0.080000,0.200000,0.300000>
	matrix <-0.261772, 0.062575, -0.963099,
		0.556986, -0.805153, -0.203703,
		-0.788189, -0.589756, 0.175913,
		27.827923, 33.557095, 37.081005>
	pigment { color rgbt <0,1,1,0> }
	no_shadow
}
cylinder {
	<28.275213, 33.653568, 36.318989>,  <28.379654, 33.969921, 36.957867>, 0.130000
	pigment { color rgbt <1,0,0,0> }
	no_shadow
}

// nucleotide -1

// particle -1
sphere {
	<28.275213, 33.653568, 36.318989> 0.250000
	pigment { color rgbt <1,0,0,0> }
	no_shadow
}
cylinder {
	<27.925949, 33.573002, 36.496540>,  <27.716391, 33.524662, 36.603069>, 0.100000
	pigment { color rgbt <1,0,0,0> }
	no_shadow
}
cylinder {
	<27.925949, 33.573002, 36.496540>,  <28.275213, 33.653568, 36.318989>, 0.100000
	pigment { color rgbt <1,0,0,0> }
	no_shadow
}

// particle -1
sphere {
	<27.925949, 33.573002, 36.496540> 0.100000
	pigment { color rgbt <1,0,0,0> }
	no_shadow
}
sphere {
	0, 1
	scale<0.080000,0.200000,0.300000>
	matrix <-0.471971, 0.121803, -0.873159,
		0.121803, -0.971903, -0.201416,
		0.873159, 0.201416, -0.443875,
		27.664001, 33.512577, 36.629704>
	pigment { color rgbt <0,1,1,0> }
	no_shadow
}
cylinder {
	<27.949400, 33.048492, 35.925781>,  <28.275213, 33.653568, 36.318989>, 0.130000
	pigment { color rgbt <1,0,0,0> }
	no_shadow
}

// nucleotide -1

// particle -1
sphere {
	<27.949400, 33.048492, 35.925781> 0.250000
	pigment { color rgbt <1,0,0,0> }
	no_shadow
}
cylinder {
	<27.695841, 33.294071, 36.113930>,  <27.543705, 33.441418, 36.226818>, 0.100000
	pigment { color rgbt <1,0,0,0> }
	no_shadow
}
cylinder {
	<27.695841, 33.294071, 36.113930>,  <27.949400, 33.048492, 35.925781>, 0.100000
	pigment { color rgbt <1,0,0,0> }
	no_shadow
}

// particle -1
sphere {
	<27.695841, 33.294071, 36.113930> 0.100000
	pigment { color rgbt <1,0,0,0> }
	no_shadow
}
sphere {
	0, 1
	scale<0.080000,0.200000,0.300000>
	matrix <-0.343203, 0.321722, -0.882444,
		-0.693098, -0.720812, 0.006768,
		-0.633898, 0.613943, 0.470370,
		27.505671, 33.478252, 36.255039>
	pigment { color rgbt <0,1,1,0> }
	no_shadow
}
cylinder {
	<28.037493, 33.695969, 35.521114>,  <27.949400, 33.048492, 35.925781>, 0.130000
	pigment { color rgbt <1,0,0,0> }
	no_shadow
}

// nucleotide -1

// particle -1
sphere {
	<28.037493, 33.695969, 35.521114> 0.250000
	pigment { color rgbt <1,0,0,0> }
	no_shadow
}
cylinder {
	<27.701588, 33.559441, 35.690014>,  <27.500044, 33.477524, 35.791355>, 0.100000
	pigment { color rgbt <1,0,0,0> }
	no_shadow
}
cylinder {
	<27.701588, 33.559441, 35.690014>,  <28.037493, 33.695969, 35.521114>, 0.100000
	pigment { color rgbt <1,0,0,0> }
	no_shadow
}

// particle -1
sphere {
	<27.701588, 33.559441, 35.690014> 0.100000
	pigment { color rgbt <1,0,0,0> }
	no_shadow
}
sphere {
	0, 1
	scale<0.080000,0.200000,0.300000>
	matrix <-0.120398, -0.641271, -0.757810,
		0.529436, -0.687219, 0.497421,
		-0.839763, -0.341324, 0.422252,
		27.449659, 33.457043, 35.816689>
	pigment { color rgbt <0,1,1,0> }
	no_shadow
}
cylinder {
	<28.808979, 33.862396, 35.303623>,  <28.037493, 33.695969, 35.521114>, 0.130000
	pigment { color rgbt <1,0,0,0> }
	no_shadow
}

// nucleotide -1

// particle -1
sphere {
	<28.808979, 33.862396, 35.303623> 0.250000
	pigment { color rgbt <1,0,0,0> }
	no_shadow
}
cylinder {
	<29.023756, 34.173523, 35.434280>,  <29.152622, 34.360199, 35.512676>, 0.100000
	pigment { color rgbt <1,0,0,0> }
	no_shadow
}
cylinder {
	<29.023756, 34.173523, 35.434280>,  <28.808979, 33.862396, 35.303623>, 0.100000
	pigment { color rgbt <1,0,0,0> }
	no_shadow
}

// particle -1
sphere {
	<29.023756, 34.173523, 35.434280> 0.100000
	pigment { color rgbt <1,0,0,0> }
	no_shadow
}
sphere {
	0, 1
	scale<0.080000,0.200000,0.300000>
	matrix <0.726275, -0.623190, 0.290102,
		0.429208, 0.081466, -0.899524,
		0.536941, 0.777816, 0.326645,
		29.184839, 34.406868, 35.532272>
	pigment { color rgbt <0,1,1,0> }
	no_shadow
}
cylinder {
	<29.434088, 33.794659, 35.000641>,  <28.808979, 33.862396, 35.303623>, 0.130000
	pigment { color rgbt <1,0,0,0> }
	no_shadow
}

// nucleotide -1

// particle -1
sphere {
	<29.434088, 33.794659, 35.000641> 0.250000
	pigment { color rgbt <1,0,0,0> }
	no_shadow
}
cylinder {
	<29.456835, 33.992542, 35.347519>,  <29.470482, 34.111271, 35.555645>, 0.100000
	pigment { color rgbt <1,0,0,0> }
	no_shadow
}
cylinder {
	<29.456835, 33.992542, 35.347519>,  <29.434088, 33.794659, 35.000641>, 0.100000
	pigment { color rgbt <1,0,0,0> }
	no_shadow
}

// particle -1
sphere {
	<29.456835, 33.992542, 35.347519> 0.100000
	pigment { color rgbt <1,0,0,0> }
	no_shadow
}
sphere {
	0, 1
	scale<0.080000,0.200000,0.300000>
	matrix <0.804346, -0.537255, 0.253741,
		0.591433, 0.683098, -0.428467,
		0.056867, 0.494707, 0.867197,
		29.473894, 34.140953, 35.607677>
	pigment { color rgbt <0,1,1,0> }
	no_shadow
}
cylinder {
	<30.092216, 34.194771, 35.047100>,  <29.434088, 33.794659, 35.000641>, 0.130000
	pigment { color rgbt <1,0,0,0> }
	no_shadow
}

// nucleotide -1

// particle -1
sphere {
	<30.092216, 34.194771, 35.047100> 0.250000
	pigment { color rgbt <1,0,0,0> }
	no_shadow
}
cylinder {
	<29.935625, 33.985794, 35.350098>,  <29.841671, 33.860409, 35.531895>, 0.100000
	pigment { color rgbt <1,0,0,0> }
	no_shadow
}
cylinder {
	<29.935625, 33.985794, 35.350098>,  <30.092216, 34.194771, 35.047100>, 0.100000
	pigment { color rgbt <1,0,0,0> }
	no_shadow
}

// particle -1
sphere {
	<29.935625, 33.985794, 35.350098> 0.100000
	pigment { color rgbt <1,0,0,0> }
	no_shadow
}
sphere {
	0, 1
	scale<0.080000,0.200000,0.300000>
	matrix <0.833559, -0.550032, 0.051432,
		0.389775, 0.651550, 0.650814,
		-0.391478, -0.522444, 0.757494,
		29.818182, 33.829060, 35.577347>
	pigment { color rgbt <0,1,1,0> }
	no_shadow
}
cylinder {
	<30.596455, 34.162479, 35.581074>,  <30.092216, 34.194771, 35.047100>, 0.130000
	pigment { color rgbt <1,0,0,0> }
	no_shadow
}

// nucleotide -1

// particle -1
sphere {
	<30.596455, 34.162479, 35.581074> 0.250000
	pigment { color rgbt <1,0,0,0> }
	no_shadow
}
cylinder {
	<30.369318, 33.833294, 35.574265>,  <30.233036, 33.635784, 35.570179>, 0.100000
	pigment { color rgbt <1,0,0,0> }
	no_shadow
}
cylinder {
	<30.369318, 33.833294, 35.574265>,  <30.596455, 34.162479, 35.581074>, 0.100000
	pigment { color rgbt <1,0,0,0> }
	no_shadow
}

// particle -1
sphere {
	<30.369318, 33.833294, 35.574265> 0.100000
	pigment { color rgbt <1,0,0,0> }
	no_shadow
}
sphere {
	0, 1
	scale<0.080000,0.200000,0.300000>
	matrix <0.816409, -0.565719, 0.115924,
		-0.105031, 0.051929, 0.993112,
		-0.567842, -0.822961, -0.017022,
		30.198965, 33.586407, 35.569157>
	pigment { color rgbt <0,1,1,0> }
	no_shadow
}
cylinder {
	<30.623747, 34.707176, 35.063843>,  <30.596455, 34.162479, 35.581074>, 0.130000
	pigment { color rgbt <1,0,0,0> }
	no_shadow
}

// nucleotide -1

// particle -1
sphere {
	<30.623747, 34.707176, 35.063843> 0.250000
	pigment { color rgbt <1,0,0,0> }
	no_shadow
}
cylinder {
	<30.450386, 34.823696, 35.404972>,  <30.346369, 34.893608, 35.609650>, 0.100000
	pigment { color rgbt <1,0,0,0> }
	no_shadow
}
cylinder {
	<30.450386, 34.823696, 35.404972>,  <30.623747, 34.707176, 35.063843>, 0.100000
	pigment { color rgbt <1,0,0,0> }
	no_shadow
}

// particle -1
sphere {
	<30.450386, 34.823696, 35.404972> 0.100000
	pigment { color rgbt <1,0,0,0> }
	no_shadow
}
sphere {
	0, 1
	scale<0.080000,0.200000,0.300000>
	matrix <0.666146, 0.740909, 0.085463,
		-0.606968, 0.605144, -0.515160,
		-0.433404, 0.291298, 0.852823,
		30.320364, 34.911087, 35.660820>
	pigment { color rgbt <0,1,1,0> }
	no_shadow
}
cylinder {
	<30.257256, 34.982250, 34.504936>,  <30.623747, 34.707176, 35.063843>, 0.130000
	pigment { color rgbt <1,0,0,0> }
	no_shadow
}

// nucleotide -1

// particle -1
sphere {
	<30.257256, 34.982250, 34.504936> 0.250000
	pigment { color rgbt <1,0,0,0> }
	no_shadow
}
cylinder {
	<29.940010, 34.888802, 34.279942>,  <29.749662, 34.832733, 34.144943>, 0.100000
	pigment { color rgbt <1,0,0,0> }
	no_shadow
}
cylinder {
	<29.940010, 34.888802, 34.279942>,  <30.257256, 34.982250, 34.504936>, 0.100000
	pigment { color rgbt <1,0,0,0> }
	no_shadow
}

// particle -1
sphere {
	<29.940010, 34.888802, 34.279942> 0.100000
	pigment { color rgbt <1,0,0,0> }
	no_shadow
}
sphere {
	0, 1
	scale<0.080000,0.200000,0.300000>
	matrix <0.281137, 0.678828, -0.678347,
		0.540305, -0.696143, -0.472711,
		-0.793115, -0.233618, -0.562486,
		29.702076, 34.818714, 34.111195>
	pigment { color rgbt <0,1,1,0> }
	no_shadow
}
cylinder {
	<30.420759, 35.408150, 34.040413>,  <30.257256, 34.982250, 34.504936>, 0.130000
	pigment { color rgbt <1,0,0,0> }
	no_shadow
}

// nucleotide -1

// particle -1
sphere {
	<30.420759, 35.408150, 34.040413> 0.250000
	pigment { color rgbt <1,0,0,0> }
	no_shadow
}
cylinder {
	<30.088314, 35.243965, 33.890335>,  <29.888847, 35.145454, 33.800289>, 0.100000
	pigment { color rgbt <1,0,0,0> }
	no_shadow
}
cylinder {
	<30.088314, 35.243965, 33.890335>,  <30.420759, 35.408150, 34.040413>, 0.100000
	pigment { color rgbt <1,0,0,0> }
	no_shadow
}

// particle -1
sphere {
	<30.088314, 35.243965, 33.890335> 0.100000
	pigment { color rgbt <1,0,0,0> }
	no_shadow
}
sphere {
	0, 1
	scale<0.080000,0.200000,0.300000>
	matrix <0.142987, 0.494276, -0.857465,
		0.537412, -0.766296, -0.352106,
		-0.831110, -0.410465, -0.375200,
		29.838982, 35.120827, 33.777775>
	pigment { color rgbt <0,1,1,0> }
	no_shadow
}
cylinder {
	<31.061377, 35.030987, 34.186069>,  <30.420759, 35.408150, 34.040413>, 0.130000
	pigment { color rgbt <1,0,0,0> }
	no_shadow
}

// nucleotide -1

// particle -1
sphere {
	<31.061377, 35.030987, 34.186069> 0.250000
	pigment { color rgbt <1,0,0,0> }
	no_shadow
}
cylinder {
	<31.214405, 35.326256, 33.963810>,  <31.306223, 35.503418, 33.830456>, 0.100000
	pigment { color rgbt <1,0,0,0> }
	no_shadow
}
cylinder {
	<31.214405, 35.326256, 33.963810>,  <31.061377, 35.030987, 34.186069>, 0.100000
	pigment { color rgbt <1,0,0,0> }
	no_shadow
}

// particle -1
sphere {
	<31.214405, 35.326256, 33.963810> 0.100000
	pigment { color rgbt <1,0,0,0> }
	no_shadow
}
sphere {
	0, 1
	scale<0.080000,0.200000,0.300000>
	matrix <0.314442, -0.669524, -0.672952,
		-0.868772, 0.082734, -0.488253,
		0.382573, 0.738169, -0.555648,
		31.329176, 35.547707, 33.797115>
	pigment { color rgbt <0,1,1,0> }
	no_shadow
}
cylinder {
	<30.768278, 34.968739, 33.518559>,  <31.061377, 35.030987, 34.186069>, 0.130000
	pigment { color rgbt <1,0,0,0> }
	no_shadow
}

// nucleotide -1

// particle -1
sphere {
	<30.768278, 34.968739, 33.518559> 0.250000
	pigment { color rgbt <1,0,0,0> }
	no_shadow
}
cylinder {
	<31.131754, 35.135731, 33.518253>,  <31.349838, 35.235924, 33.518070>, 0.100000
	pigment { color rgbt <1,0,0,0> }
	no_shadow
}
cylinder {
	<31.131754, 35.135731, 33.518253>,  <30.768278, 34.968739, 33.518559>, 0.100000
	pigment { color rgbt <1,0,0,0> }
	no_shadow
}

// particle -1
sphere {
	<31.131754, 35.135731, 33.518253> 0.100000
	pigment { color rgbt <1,0,0,0> }
	no_shadow
}
sphere {
	0, 1
	scale<0.080000,0.200000,0.300000>
	matrix <0.309772, -0.675481, -0.669154,
		-0.279873, 0.607815, -0.743123,
		0.908687, 0.417477, -0.000765,
		31.404360, 35.260975, 33.518024>
	pigment { color rgbt <0,1,1,0> }
	no_shadow
}
cylinder {
	<30.935144, 35.324623, 32.802608>,  <30.768278, 34.968739, 33.518559>, 0.130000
	pigment { color rgbt <1,0,0,0> }
	no_shadow
}

// nucleotide -1

// particle -1
sphere {
	<30.935144, 35.324623, 32.802608> 0.250000
	pigment { color rgbt <1,0,0,0> }
	no_shadow
}
cylinder {
	<31.217098, 35.140358, 33.018360>,  <31.386271, 35.029800, 33.147812>, 0.100000
	pigment { color rgbt <1,0,0,0> }
	no_shadow
}
cylinder {
	<31.217098, 35.140358, 33.018360>,  <30.935144, 35.324623, 32.802608>, 0.100000
	pigment { color rgbt <1,0,0,0> }
	no_shadow
}

// particle -1
sphere {
	<31.217098, 35.140358, 33.018360> 0.100000
	pigment { color rgbt <1,0,0,0> }
	no_shadow
}
sphere {
	0, 1
	scale<0.080000,0.200000,0.300000>
	matrix <0.137135, -0.657564, -0.740813,
		0.695941, 0.596154, -0.400332,
		0.704883, -0.460662, 0.539380,
		31.428562, 35.002159, 33.180176>
	pigment { color rgbt <0,1,1,0> }
	no_shadow
}
cylinder {
	<31.491808, 35.178471, 32.313087>,  <30.935144, 35.324623, 32.802608>, 0.130000
	pigment { color rgbt <1,0,0,0> }
	no_shadow
}

// nucleotide -1

// particle -1
sphere {
	<31.491808, 35.178471, 32.313087> 0.250000
	pigment { color rgbt <1,0,0,0> }
	no_shadow
}
cylinder {
	<31.529524, 34.924091, 32.619465>,  <31.552153, 34.771461, 32.803291>, 0.100000
	pigment { color rgbt <1,0,0,0> }
	no_shadow
}
cylinder {
	<31.529524, 34.924091, 32.619465>,  <31.491808, 35.178471, 32.313087>, 0.100000
	pigment { color rgbt <1,0,0,0> }
	no_shadow
}

// particle -1
sphere {
	<31.529524, 34.924091, 32.619465> 0.100000
	pigment { color rgbt <1,0,0,0> }
	no_shadow
}
sphere {
	0, 1
	scale<0.080000,0.200000,0.300000>
	matrix <0.195638, -0.742537, -0.640597,
		0.976133, 0.210250, 0.054403,
		0.094289, -0.635951, 0.765948,
		31.557810, 34.733307, 32.849251>
	pigment { color rgbt <0,1,1,0> }
	no_shadow
}
cylinder {
	<32.180416, 34.761971, 32.247246>,  <31.491808, 35.178471, 32.313087>, 0.130000
	pigment { color rgbt <1,0,0,0> }
	no_shadow
}

// nucleotide -1

// particle -1
sphere {
	<32.180416, 34.761971, 32.247246> 0.250000
	pigment { color rgbt <1,0,0,0> }
	no_shadow
}
cylinder {
	<31.890358, 34.558273, 32.432644>,  <31.716322, 34.436054, 32.543884>, 0.100000
	pigment { color rgbt <1,0,0,0> }
	no_shadow
}
cylinder {
	<31.890358, 34.558273, 32.432644>,  <32.180416, 34.761971, 32.247246>, 0.100000
	pigment { color rgbt <1,0,0,0> }
	no_shadow
}

// particle -1
sphere {
	<31.890358, 34.558273, 32.432644> 0.100000
	pigment { color rgbt <1,0,0,0> }
	no_shadow
}
sphere {
	0, 1
	scale<0.080000,0.200000,0.300000>
	matrix <0.073932, -0.726796, -0.682862,
		0.684612, -0.460909, 0.564685,
		-0.725148, -0.509244, 0.463498,
		31.672813, 34.405499, 32.571693>
	pigment { color rgbt <0,1,1,0> }
	no_shadow
}
cylinder {
	<32.330082, 34.044174, 32.146328>,  <32.180416, 34.761971, 32.247246>, 0.130000
	pigment { color rgbt <1,0,0,0> }
	no_shadow
}

// nucleotide -1

// particle -1
sphere {
	<32.330082, 34.044174, 32.146328> 0.250000
	pigment { color rgbt <1,0,0,0> }
	no_shadow
}
cylinder {
	<31.938358, 34.032021, 32.226360>,  <31.703323, 34.024731, 32.274380>, 0.100000
	pigment { color rgbt <1,0,0,0> }
	no_shadow
}
cylinder {
	<31.938358, 34.032021, 32.226360>,  <32.330082, 34.044174, 32.146328>, 0.100000
	pigment { color rgbt <1,0,0,0> }
	no_shadow
}

// particle -1
sphere {
	<31.938358, 34.032021, 32.226360> 0.100000
	pigment { color rgbt <1,0,0,0> }
	no_shadow
}
sphere {
	0, 1
	scale<0.080000,0.200000,0.300000>
	matrix <-0.081894, -0.844605, -0.529089,
		0.185063, -0.534527, 0.824641,
		-0.979308, -0.030382, 0.200080,
		31.644566, 34.022907, 32.286385>
	pigment { color rgbt <0,1,1,0> }
	no_shadow
}
cylinder {
	<31.697651, 33.974514, 31.690588>,  <32.330082, 34.044174, 32.146328>, 0.130000
	pigment { color rgbt <1,0,0,0> }
	no_shadow
}

// nucleotide -1

// particle -1
sphere {
	<31.697651, 33.974514, 31.690588> 0.250000
	pigment { color rgbt <1,0,0,0> }
	no_shadow
}
cylinder {
	<31.349730, 34.118256, 31.555353>,  <31.140976, 34.204502, 31.474213>, 0.100000
	pigment { color rgbt <1,0,0,0> }
	no_shadow
}
cylinder {
	<31.349730, 34.118256, 31.555353>,  <31.697651, 33.974514, 31.690588>, 0.100000
	pigment { color rgbt <1,0,0,0> }
	no_shadow
}

// particle -1
sphere {
	<31.349730, 34.118256, 31.555353> 0.100000
	pigment { color rgbt <1,0,0,0> }
	no_shadow
}
sphere {
	0, 1
	scale<0.080000,0.200000,0.300000>
	matrix <-0.334923, -0.933200, -0.130245,
		-0.362306, -0.000055, 0.932059,
		-0.869805, 0.359356, -0.338086,
		31.088787, 34.226063, 31.453928>
	pigment { color rgbt <0,1,1,0> }
	no_shadow
}
cylinder {
	<31.150249, 33.501869, 31.934616>,  <31.697651, 33.974514, 31.690588>, 0.130000
	pigment { color rgbt <1,0,0,0> }
	no_shadow
}

// nucleotide -1

// particle -1
sphere {
	<31.150249, 33.501869, 31.934616> 0.250000
	pigment { color rgbt <1,0,0,0> }
	no_shadow
}
cylinder {
	<30.984549, 33.697021, 31.627275>,  <30.885128, 33.814114, 31.442871>, 0.100000
	pigment { color rgbt <1,0,0,0> }
	no_shadow
}
cylinder {
	<30.984549, 33.697021, 31.627275>,  <31.150249, 33.501869, 31.934616>, 0.100000
	pigment { color rgbt <1,0,0,0> }
	no_shadow
}

// particle -1
sphere {
	<30.984549, 33.697021, 31.627275> 0.100000
	pigment { color rgbt <1,0,0,0> }
	no_shadow
}
sphere {
	0, 1
	scale<0.080000,0.200000,0.300000>
	matrix <-0.503548, -0.826077, -0.253052,
		-0.758178, 0.282075, 0.587877,
		-0.414252, 0.487883, -0.768352,
		30.860273, 33.843388, 31.396770>
	pigment { color rgbt <0,1,1,0> }
	no_shadow
}
cylinder {
	<30.725737, 34.138424, 32.133949>,  <31.150249, 33.501869, 31.934616>, 0.130000
	pigment { color rgbt <1,0,0,0> }
	no_shadow
}

// nucleotide -1

// particle -1
sphere {
	<30.725737, 34.138424, 32.133949> 0.250000
	pigment { color rgbt <1,0,0,0> }
	no_shadow
}
cylinder {
	<30.856192, 34.417591, 32.388992>,  <30.934464, 34.585091, 32.542019>, 0.100000
	pigment { color rgbt <1,0,0,0> }
	no_shadow
}
cylinder {
	<30.856192, 34.417591, 32.388992>,  <30.725737, 34.138424, 32.133949>, 0.100000
	pigment { color rgbt <1,0,0,0> }
	no_shadow
}

// particle -1
sphere {
	<30.856192, 34.417591, 32.388992> 0.100000
	pigment { color rgbt <1,0,0,0> }
	no_shadow
}
sphere {
	0, 1
	scale<0.080000,0.200000,0.300000>
	matrix <-0.283039, -0.571454, 0.770278,
		0.901955, -0.431685, 0.011166,
		0.326136, 0.697917, 0.637610,
		30.954033, 34.626965, 32.580276>
	pigment { color rgbt <0,1,1,0> }
	no_shadow
}
cylinder {
	<30.498787, 33.779552, 32.823872>,  <30.725737, 34.138424, 32.133949>, 0.130000
	pigment { color rgbt <1,0,0,0> }
	no_shadow
}

// nucleotide -1

// particle -1
sphere {
	<30.498787, 33.779552, 32.823872> 0.250000
	pigment { color rgbt <1,0,0,0> }
	no_shadow
}
cylinder {
	<30.878046, 33.725273, 32.708912>,  <31.105602, 33.692707, 32.639935>, 0.100000
	pigment { color rgbt <1,0,0,0> }
	no_shadow
}
cylinder {
	<30.878046, 33.725273, 32.708912>,  <30.498787, 33.779552, 32.823872>, 0.100000
	pigment { color rgbt <1,0,0,0> }
	no_shadow
}

// particle -1
sphere {
	<30.878046, 33.725273, 32.708912> 0.100000
	pigment { color rgbt <1,0,0,0> }
	no_shadow
}
sphere {
	0, 1
	scale<0.080000,0.200000,0.300000>
	matrix <0.265387, 0.835585, 0.481007,
		0.174875, -0.532339, 0.828272,
		0.948150, -0.135697, -0.287399,
		31.162491, 33.684563, 32.622692>
	pigment { color rgbt <0,1,1,0> }
	no_shadow
}
cylinder {
	<31.008823, 33.656040, 33.333988>,  <30.498787, 33.779552, 32.823872>, 0.130000
	pigment { color rgbt <1,0,0,0> }
	no_shadow
}

// nucleotide -1

// particle -1
sphere {
	<31.008823, 33.656040, 33.333988> 0.250000
	pigment { color rgbt <1,0,0,0> }
	no_shadow
}
cylinder {
	<31.193966, 33.903492, 33.080040>,  <31.305052, 34.051964, 32.927673>, 0.100000
	pigment { color rgbt <1,0,0,0> }
	no_shadow
}
cylinder {
	<31.193966, 33.903492, 33.080040>,  <31.008823, 33.656040, 33.333988>, 0.100000
	pigment { color rgbt <1,0,0,0> }
	no_shadow
}

// particle -1
sphere {
	<31.193966, 33.903492, 33.080040> 0.100000
	pigment { color rgbt <1,0,0,0> }
	no_shadow
}
sphere {
	0, 1
	scale<0.080000,0.200000,0.300000>
	matrix <0.134432, 0.658933, 0.740091,
		0.876179, -0.427905, 0.221829,
		0.462859, 0.618632, -0.634868,
		31.332823, 34.089081, 32.889580>
	pigment { color rgbt <0,1,1,0> }
	no_shadow
}
cylinder {
	<31.684784, 33.829319, 33.779316>,  <31.008823, 33.656040, 33.333988>, 0.130000
	pigment { color rgbt <1,0,0,0> }
	no_shadow
}

// nucleotide -1

// particle -1
sphere {
	<31.684784, 33.829319, 33.779316> 0.250000
	pigment { color rgbt <1,0,0,0> }
	no_shadow
}
cylinder {
	<31.631437, 34.112335, 33.501724>,  <31.599430, 34.282146, 33.335171>, 0.100000
	pigment { color rgbt <1,0,0,0> }
	no_shadow
}
cylinder {
	<31.631437, 34.112335, 33.501724>,  <31.684784, 33.829319, 33.779316>, 0.100000
	pigment { color rgbt <1,0,0,0> }
	no_shadow
}

// particle -1
sphere {
	<31.631437, 34.112335, 33.501724> 0.100000
	pigment { color rgbt <1,0,0,0> }
	no_shadow
}
sphere {
	0, 1
	scale<0.080000,0.200000,0.300000>
	matrix <0.367892, 0.685543, 0.628241,
		0.920255, -0.171523, -0.351725,
		-0.133365, 0.707539, -0.693976,
		31.591429, 34.324596, 33.293533>
	pigment { color rgbt <0,1,1,0> }
	no_shadow
}
cylinder {
	<32.306980, 34.273895, 33.880383>,  <31.684784, 33.829319, 33.779316>, 0.130000
	pigment { color rgbt <1,0,0,0> }
	no_shadow
}

// nucleotide -1

// particle -1
sphere {
	<32.306980, 34.273895, 33.880383> 0.250000
	pigment { color rgbt <1,0,0,0> }
	no_shadow
}
cylinder {
	<32.019108, 34.473927, 33.687721>,  <31.846386, 34.593945, 33.572124>, 0.100000
	pigment { color rgbt <1,0,0,0> }
	no_shadow
}
cylinder {
	<32.019108, 34.473927, 33.687721>,  <32.306980, 34.273895, 33.880383>, 0.100000
	pigment { color rgbt <1,0,0,0> }
	no_shadow
}

// particle -1
sphere {
	<32.019108, 34.473927, 33.687721> 0.100000
	pigment { color rgbt <1,0,0,0> }
	no_shadow
}
sphere {
	0, 1
	scale<0.080000,0.200000,0.300000>
	matrix <0.215774, 0.820452, 0.529435,
		0.659928, 0.277095, -0.698365,
		-0.719678, 0.500078, -0.481649,
		31.803204, 34.623951, 33.543228>
	pigment { color rgbt <0,1,1,0> }
	no_shadow
}
cylinder {
	<32.519100, 33.655743, 33.420952>,  <32.306980, 34.273895, 33.880383>, 0.130000
	pigment { color rgbt <1,0,0,0> }
	no_shadow
}

// nucleotide -1

// particle -1
sphere {
	<32.519100, 33.655743, 33.420952> 0.250000
	pigment { color rgbt <1,0,0,0> }
	no_shadow
}
cylinder {
	<32.393921, 33.882854, 33.116402>,  <32.318813, 34.019123, 32.933674>, 0.100000
	pigment { color rgbt <1,0,0,0> }
	no_shadow
}
cylinder {
	<32.393921, 33.882854, 33.116402>,  <32.519100, 33.655743, 33.420952>, 0.100000
	pigment { color rgbt <1,0,0,0> }
	no_shadow
}

// particle -1
sphere {
	<32.393921, 33.882854, 33.116402> 0.100000
	pigment { color rgbt <1,0,0,0> }
	no_shadow
}
sphere {
	0, 1
	scale<0.080000,0.200000,0.300000>
	matrix <0.934247, 0.328364, -0.139138,
