// switches for output
#declare DRAW_BASES = 1; // possible values are 0, 1; only relevant for DNA ribbons
#declare DRAW_BASES_TYPE = 3; // possible values are 1, 2, 3; only relevant for DNA ribbons
#declare DRAW_FOG = 0; // set to 1 to enable fog

#include "colors.inc"

#include "transforms.inc"
background { rgb <1, 1, 1>}

#default {
   normal{
       ripples 0.25
       frequency 0.20
       turbulence 0.2
       lambda 5
   }
	finish {
		phong 0.1
		phong_size 40.
	}
}

// original window dimensions: 1024x640


// camera settings

camera {
	sky <0, 0.179814, -0.983701>
	up <0, 0.179814, -0.983701>
	right 1.6 * <1, 0, 0>
	location <35, 94.9851, 44.8844>
	look_at <35, 29.7336, 32.9568>
	direction <0, -65.2515, -11.9276>
	angle 67.0682
}


# declare cpy_camera_pos = <35, 94.9851, 44.8844>;
# if (DRAW_FOG = 1)
fog {
	fog_type 2
	up vnormalize(cpy_camera_pos)
	color rgbt<1,1,1,0.3>
	distance 1e-5
	fog_alt 3e-3
	fog_offset 56
}
# end


// LIGHTS

# declare lum = 6;
global_settings {
	ambient_light rgb lum * <0.05, 0.05, 0.05>
	max_trace_level 15
}# declare cpy_direct_light_amount = 0.25;
light_source
{	1000 * <-1, -1.16352, -0.803886>,
	rgb lum * cpy_direct_light_amount
	parallel
}

light_source
{	1000 * <1, 1.16352, 0.803886>,
	rgb lum * cpy_direct_light_amount
	parallel
}

// strand 0

// nucleotide -1

// particle -1
sphere {
	<24.553669, 35.010956, 34.879940> 0.250000
	pigment { color rgbt <1,0,0,0> }
	no_shadow
}
cylinder {
	<24.265322, 34.797932, 35.057358>,  <24.092314, 34.670116, 35.163807>, 0.100000
	pigment { color rgbt <1,0,0,0> }
	no_shadow
}
cylinder {
	<24.265322, 34.797932, 35.057358>,  <24.553669, 35.010956, 34.879940>, 0.100000
	pigment { color rgbt <1,0,0,0> }
	no_shadow
}

// particle -1
sphere {
	<24.265322, 34.797932, 35.057358> 0.100000
	pigment { color rgbt <1,0,0,0> }
	no_shadow
}
sphere {
	0, 1
	scale<0.080000,0.200000,0.300000>
	matrix <0.039336, 0.607497, 0.793347,
		-0.691957, 0.589345, -0.416975,
		-0.720867, -0.532560, 0.443544,
		24.049061, 34.638165, 35.190422>
	pigment { color rgbt <0,1,1,0> }
	no_shadow
}
cylinder {
	<23.934301, 35.355312, 35.052036>,  <24.553669, 35.010956, 34.879940>, 0.130000
	pigment { color rgbt <1,0,0,0> }
	no_shadow
}

// nucleotide -1

// particle -1
sphere {
	<23.934301, 35.355312, 35.052036> 0.250000
	pigment { color rgbt <1,0,0,0> }
	no_shadow
}
cylinder {
	<24.056097, 35.073235, 35.308155>,  <24.129175, 34.903988, 35.461826>, 0.100000
	pigment { color rgbt <1,0,0,0> }
	no_shadow
}
cylinder {
	<24.056097, 35.073235, 35.308155>,  <23.934301, 35.355312, 35.052036>, 0.100000
	pigment { color rgbt <1,0,0,0> }
	no_shadow
}

// particle -1
sphere {
	<24.056097, 35.073235, 35.308155> 0.100000
	pigment { color rgbt <1,0,0,0> }
	no_shadow
}
sphere {
	0, 1
	scale<0.080000,0.200000,0.300000>
	matrix <0.220817, 0.706164, 0.672734,
		-0.926567, -0.063451, 0.370739,
		0.304489, -0.705199, 0.640298,
		24.147444, 34.861675, 35.500244>
	pigment { color rgbt <0,1,1,0> }
	no_shadow
}
cylinder {
	<24.280001, 35.631107, 34.413506>,  <23.934301, 35.355312, 35.052036>, 0.130000
	pigment { color rgbt <1,0,0,0> }
	no_shadow
}

// nucleotide -1

// particle -1
sphere {
	<24.280001, 35.631107, 34.413506> 0.250000
	pigment { color rgbt <1,0,0,0> }
	no_shadow
}
cylinder {
	<24.242136, 35.234303, 34.380135>,  <24.219418, 34.996220, 34.360111>, 0.100000
	pigment { color rgbt <1,0,0,0> }
	no_shadow
}
cylinder {
	<24.242136, 35.234303, 34.380135>,  <24.280001, 35.631107, 34.413506>, 0.100000
	pigment { color rgbt <1,0,0,0> }
	no_shadow
}

// particle -1
sphere {
	<24.242136, 35.234303, 34.380135> 0.100000
	pigment { color rgbt <1,0,0,0> }
	no_shadow
}
sphere {
	0, 1
	scale<0.080000,0.200000,0.300000>
	matrix <0.370703, 0.042656, -0.927771,
		0.923915, -0.118751, 0.363702,
		-0.094660, -0.992007, -0.083432,
		24.213737, 34.936699, 34.355106>
	pigment { color rgbt <0,1,1,0> }
	no_shadow
}
cylinder {
	<24.849901, 35.199673, 34.198395>,  <24.280001, 35.631107, 34.413506>, 0.130000
	pigment { color rgbt <1,0,0,0> }
	no_shadow
}

// nucleotide -1

// particle -1
sphere {
	<24.849901, 35.199673, 34.198395> 0.250000
	pigment { color rgbt <1,0,0,0> }
	no_shadow
}
cylinder {
	<24.515162, 35.032547, 34.056908>,  <24.314318, 34.932270, 33.972015>, 0.100000
	pigment { color rgbt <1,0,0,0> }
	no_shadow
}
cylinder {
	<24.515162, 35.032547, 34.056908>,  <24.849901, 35.199673, 34.198395>, 0.100000
	pigment { color rgbt <1,0,0,0> }
	no_shadow
}

// particle -1
sphere {
	<24.515162, 35.032547, 34.056908> 0.100000
	pigment { color rgbt <1,0,0,0> }
	no_shadow
}
sphere {
	0, 1
	scale<0.080000,0.200000,0.300000>
	matrix <0.328220, 0.134181, -0.935023,
		0.438130, -0.898568, 0.024847,
		-0.836848, -0.417817, -0.353716,
		24.264107, 34.907204, 33.950794>
	pigment { color rgbt <0,1,1,0> }
	no_shadow
}
cylinder {
	<25.099321, 34.508347, 34.031372>,  <24.849901, 35.199673, 34.198395>, 0.130000
	pigment { color rgbt <1,0,0,0> }
	no_shadow
}

// nucleotide -1

// particle -1
sphere {
	<25.099321, 34.508347, 34.031372> 0.250000
	pigment { color rgbt <1,0,0,0> }
	no_shadow
}
cylinder {
	<25.282951, 34.173378, 34.150017>,  <25.393129, 33.972397, 34.221203>, 0.100000
	pigment { color rgbt <1,0,0,0> }
	no_shadow
}
cylinder {
	<25.282951, 34.173378, 34.150017>,  <25.099321, 34.508347, 34.031372>, 0.100000
	pigment { color rgbt <1,0,0,0> }
	no_shadow
}

// particle -1
sphere {
	<25.282951, 34.173378, 34.150017> 0.100000
	pigment { color rgbt <1,0,0,0> }
	no_shadow
}
sphere {
	0, 1
	scale<0.080000,0.200000,0.300000>
	matrix <-0.320033, 0.155574, 0.934546,
		-0.828752, -0.523952, -0.196582,
		0.459074, -0.837419, 0.296614,
		25.420673, 33.922153, 34.239002>
	pigment { color rgbt <0,1,1,0> }
	no_shadow
}
cylinder {
	<25.733015, 34.544144, 33.721222>,  <25.099321, 34.508347, 34.031372>, 0.130000
	pigment { color rgbt <1,0,0,0> }
	no_shadow
}

// nucleotide -1

// particle -1
sphere {
	<25.733015, 34.544144, 33.721222> 0.250000
	pigment { color rgbt <1,0,0,0> }
	no_shadow
}
cylinder {
	<25.779696, 34.146935, 33.714520>,  <25.807703, 33.908607, 33.710499>, 0.100000
	pigment { color rgbt <1,0,0,0> }
	no_shadow
}
cylinder {
	<25.779696, 34.146935, 33.714520>,  <25.733015, 34.544144, 33.721222>, 0.100000
	pigment { color rgbt <1,0,0,0> }
	no_shadow
}

// particle -1
sphere {
	<25.779696, 34.146935, 33.714520> 0.100000
	pigment { color rgbt <1,0,0,0> }
	no_shadow
}
sphere {
	0, 1
	scale<0.080000,0.200000,0.300000>
	matrix <0.949858, 0.116523, -0.290161,
		0.290089, 0.017950, 0.956831,
		0.116701, -0.993026, -0.016752,
		25.814705, 33.849026, 33.709496>
	pigment { color rgbt <0,1,1,0> }
	no_shadow
}
cylinder {
	<26.195778, 34.357533, 34.153515>,  <25.733015, 34.544144, 33.721222>, 0.130000
	pigment { color rgbt <1,0,0,0> }
	no_shadow
}

// nucleotide -1

// particle -1
sphere {
	<26.195778, 34.357533, 34.153515> 0.250000
	pigment { color rgbt <1,0,0,0> }
	no_shadow
}
cylinder {
	<26.191681, 34.087341, 33.858589>,  <26.189222, 33.925228, 33.681633>, 0.100000
	pigment { color rgbt <1,0,0,0> }
	no_shadow
}
cylinder {
	<26.191681, 34.087341, 33.858589>,  <26.195778, 34.357533, 34.153515>, 0.100000
	pigment { color rgbt <1,0,0,0> }
	no_shadow
}

// particle -1
sphere {
	<26.191681, 34.087341, 33.858589> 0.100000
	pigment { color rgbt <1,0,0,0> }
	no_shadow
}
sphere {
	0, 1
	scale<0.080000,0.200000,0.300000>
	matrix <0.936234, 0.252514, -0.244341,
		0.351228, -0.692800, 0.629815,
		-0.010242, -0.675474, -0.737313,
		26.188608, 33.884701, 33.637394>
	pigment { color rgbt <0,1,1,0> }
	no_shadow
}
cylinder {
	<26.550766, 34.366550, 34.844303>,  <26.195778, 34.357533, 34.153515>, 0.130000
	pigment { color rgbt <1,0,0,0> }
	no_shadow
}

// nucleotide -1

// particle -1
sphere {
	<26.550766, 34.366550, 34.844303> 0.250000
	pigment { color rgbt <1,0,0,0> }
	no_shadow
}
cylinder {
	<26.817078, 34.590549, 34.647068>,  <26.976864, 34.724949, 34.528725>, 0.100000
	pigment { color rgbt <1,0,0,0> }
	no_shadow
}
cylinder {
	<26.817078, 34.590549, 34.647068>,  <26.550766, 34.366550, 34.844303>, 0.100000
	pigment { color rgbt <1,0,0,0> }
	no_shadow
}

// particle -1
sphere {
	<26.817078, 34.590549, 34.647068> 0.100000
	pigment { color rgbt <1,0,0,0> }
	no_shadow
}
sphere {
	0, 1
	scale<0.080000,0.200000,0.300000>
	matrix <-0.721667, 0.651182, -0.234858,
		0.189570, 0.512210, 0.837678,
		0.665778, 0.560002, -0.493090,
		27.016811, 34.758549, 34.499142>
	pigment { color rgbt <0,1,1,0> }
	no_shadow
}
cylinder {
	<26.182228, 35.016525, 34.762478>,  <26.550766, 34.366550, 34.844303>, 0.130000
	pigment { color rgbt <1,0,0,0> }
	no_shadow
}

// nucleotide -1

// particle -1
sphere {
	<26.182228, 35.016525, 34.762478> 0.250000
	pigment { color rgbt <1,0,0,0> }
	no_shadow
}
cylinder {
	<26.482767, 35.087547, 34.508251>,  <26.663090, 35.130161, 34.355713>, 0.100000
	pigment { color rgbt <1,0,0,0> }
	no_shadow
}
cylinder {
	<26.482767, 35.087547, 34.508251>,  <26.182228, 35.016525, 34.762478>, 0.100000
	pigment { color rgbt <1,0,0,0> }
	no_shadow
}

// particle -1
sphere {
	<26.482767, 35.087547, 34.508251> 0.100000
	pigment { color rgbt <1,0,0,0> }
	no_shadow
}
sphere {
	0, 1
	scale<0.080000,0.200000,0.300000>
	matrix <-0.614555, 0.539148, -0.575884,
		0.240415, 0.823282, 0.514206,
		0.751347, 0.177556, -0.635571,
		26.708172, 35.140816, 34.317581>
	pigment { color rgbt <0,1,1,0> }
	no_shadow
}
cylinder {
	<26.130680, 35.730030, 34.594864>,  <26.182228, 35.016525, 34.762478>, 0.130000
	pigment { color rgbt <1,0,0,0> }
	no_shadow
}

// nucleotide -1

// particle -1
sphere {
	<26.130680, 35.730030, 34.594864> 0.250000
	pigment { color rgbt <1,0,0,0> }
	no_shadow
}
cylinder {
	<26.335032, 35.546444, 34.304111>,  <26.457642, 35.436291, 34.129662>, 0.100000
	pigment { color rgbt <1,0,0,0> }
	no_shadow
}
cylinder {
	<26.335032, 35.546444, 34.304111>,  <26.130680, 35.730030, 34.594864>, 0.100000
	pigment { color rgbt <1,0,0,0> }
	no_shadow
}

// particle -1
sphere {
	<26.335032, 35.546444, 34.304111> 0.100000
	pigment { color rgbt <1,0,0,0> }
	no_shadow
}
sphere {
	0, 1
	scale<0.080000,0.200000,0.300000>
	matrix <-0.485855, 0.543399, -0.684589,
		0.709188, 0.702901, 0.054621,
		0.510879, -0.458964, -0.726880,
		26.488295, 35.408756, 34.086048>
	pigment { color rgbt <0,1,1,0> }
	no_shadow
}
cylinder {
	<26.248262, 36.280891, 34.119514>,  <26.130680, 35.730030, 34.594864>, 0.130000
	pigment { color rgbt <1,0,0,0> }
	no_shadow
}

// nucleotide -1

// particle -1
sphere {
	<26.248262, 36.280891, 34.119514> 0.250000
	pigment { color rgbt <1,0,0,0> }
	no_shadow
}
cylinder {
	<26.290432, 35.951443, 33.896610>,  <26.315733, 35.753773, 33.762867>, 0.100000
	pigment { color rgbt <1,0,0,0> }
	no_shadow
}
cylinder {
	<26.290432, 35.951443, 33.896610>,  <26.248262, 36.280891, 34.119514>, 0.100000
	pigment { color rgbt <1,0,0,0> }
	no_shadow
}

// particle -1
sphere {
	<26.290432, 35.951443, 33.896610> 0.100000
	pigment { color rgbt <1,0,0,0> }
	no_shadow
}
sphere {
	0, 1
	scale<0.080000,0.200000,0.300000>
	matrix <-0.595543, 0.396483, -0.698662,
		0.796376, 0.405526, -0.448703,
		0.105422, -0.823620, -0.557258,
		26.322058, 35.704357, 33.729431>
	pigment { color rgbt <0,1,1,0> }
	no_shadow
}
cylinder {
	<26.035540, 36.458721, 33.445557>,  <26.248262, 36.280891, 34.119514>, 0.130000
	pigment { color rgbt <1,0,0,0> }
	no_shadow
}

// nucleotide -1

// particle -1
sphere {
	<26.035540, 36.458721, 33.445557> 0.250000
	pigment { color rgbt <1,0,0,0> }
	no_shadow
}
cylinder {
	<26.039566, 36.058815, 33.437931>,  <26.041983, 35.818871, 33.433353>, 0.100000
	pigment { color rgbt <1,0,0,0> }
	no_shadow
}
cylinder {
	<26.039566, 36.058815, 33.437931>,  <26.035540, 36.458721, 33.445557>, 0.100000
	pigment { color rgbt <1,0,0,0> }
	no_shadow
}

// particle -1
sphere {
	<26.039566, 36.058815, 33.437931> 0.100000
	pigment { color rgbt <1,0,0,0> }
	no_shadow
}
sphere {
	0, 1
	scale<0.080000,0.200000,0.300000>
	matrix <-0.735579, 0.005512, -0.677417,
		0.677364, 0.020844, -0.735352,
		0.010067, -0.999767, -0.019066,
		26.042585, 35.758884, 33.432213>
	pigment { color rgbt <0,1,1,0> }
	no_shadow
}
cylinder {
	<25.608696, 36.216946, 32.841194>,  <26.035540, 36.458721, 33.445557>, 0.130000
	pigment { color rgbt <1,0,0,0> }
	no_shadow
}

// nucleotide -1

// particle -1
sphere {
	<25.608696, 36.216946, 32.841194> 0.250000
	pigment { color rgbt <1,0,0,0> }
	no_shadow
}
cylinder {
	<25.696918, 35.872765, 33.024925>,  <25.749853, 35.666256, 33.135162>, 0.100000
	pigment { color rgbt <1,0,0,0> }
	no_shadow
}
cylinder {
	<25.696918, 35.872765, 33.024925>,  <25.608696, 36.216946, 32.841194>, 0.100000
	pigment { color rgbt <1,0,0,0> }
	no_shadow
}

// particle -1
sphere {
	<25.696918, 35.872765, 33.024925> 0.100000
	pigment { color rgbt <1,0,0,0> }
	no_shadow
}
sphere {
	0, 1
	scale<0.080000,0.200000,0.300000>
	matrix <-0.639293, -0.483197, -0.598186,
		0.736654, -0.161711, -0.656651,
		0.220558, -0.860448, 0.459329,
		25.763086, 35.614632, 33.162724>
	pigment { color rgbt <0,1,1,0> }
	no_shadow
}
cylinder {
	<26.059998, 35.750919, 32.463161>,  <25.608696, 36.216946, 32.841194>, 0.130000
	pigment { color rgbt <1,0,0,0> }
	no_shadow
}

// nucleotide -1

// particle -1
sphere {
	<26.059998, 35.750919, 32.463161> 0.250000
	pigment { color rgbt <1,0,0,0> }
	no_shadow
}
cylinder {
	<25.774963, 35.610664, 32.706234>,  <25.603943, 35.526512, 32.852077>, 0.100000
	pigment { color rgbt <1,0,0,0> }
	no_shadow
}
cylinder {
	<25.774963, 35.610664, 32.706234>,  <26.059998, 35.750919, 32.463161>, 0.100000
	pigment { color rgbt <1,0,0,0> }
	no_shadow
}

// particle -1
sphere {
	<25.774963, 35.610664, 32.706234> 0.100000
	pigment { color rgbt <1,0,0,0> }
	no_shadow
}
sphere {
	0, 1
	scale<0.080000,0.200000,0.300000>
	matrix <-0.541064, -0.276731, -0.794148,
		0.446623, -0.894691, 0.007476,
		-0.712586, -0.350640, 0.607679,
		25.561188, 35.505474, 32.888538>
	pigment { color rgbt <0,1,1,0> }
	no_shadow
}
cylinder {
	<25.982435, 35.016178, 32.359600>,  <26.059998, 35.750919, 32.463161>, 0.130000
	pigment { color rgbt <1,0,0,0> }
	no_shadow
}

// nucleotide -1

// particle -1
sphere {
	<25.982435, 35.016178, 32.359600> 0.250000
	pigment { color rgbt <1,0,0,0> }
	no_shadow
}
cylinder {
	<25.669575, 35.242599, 32.463768>,  <25.481857, 35.378452, 32.526268>, 0.100000
	pigment { color rgbt <1,0,0,0> }
	no_shadow
}
cylinder {
	<25.669575, 35.242599, 32.463768>,  <25.982435, 35.016178, 32.359600>, 0.100000
	pigment { color rgbt <1,0,0,0> }
	no_shadow
}

// particle -1
sphere {
	<25.669575, 35.242599, 32.463768> 0.100000
	pigment { color rgbt <1,0,0,0> }
	no_shadow
}
sphere {
	0, 1
	scale<0.080000,0.200000,0.300000>
	matrix <-0.446794, -0.218203, -0.867619,
		-0.434297, -0.794963, 0.423579,
		-0.782152, 0.566057, 0.260420,
		25.434929, 35.412415, 32.541893>
	pigment { color rgbt <0,1,1,0> }
	no_shadow
}
cylinder {
	<25.840675, 34.818062, 33.037090>,  <25.982435, 35.016178, 32.359600>, 0.130000
	pigment { color rgbt <1,0,0,0> }
	no_shadow
}

// nucleotide -1

// particle -1
sphere {
	<25.840675, 34.818062, 33.037090> 0.250000
	pigment { color rgbt <1,0,0,0> }
	no_shadow
}
cylinder {
	<26.053467, 35.145660, 33.123100>,  <26.181143, 35.342220, 33.174706>, 0.100000
	pigment { color rgbt <1,0,0,0> }
	no_shadow
}
cylinder {
	<26.053467, 35.145660, 33.123100>,  <25.840675, 34.818062, 33.037090>, 0.100000
	pigment { color rgbt <1,0,0,0> }
	no_shadow
}

// particle -1
sphere {
	<26.053467, 35.145660, 33.123100> 0.100000
	pigment { color rgbt <1,0,0,0> }
	no_shadow
}
sphere {
	0, 1
	scale<0.080000,0.200000,0.300000>
	matrix <0.576040, -0.536161, 0.617017,
		0.620626, -0.204376, -0.757004,
		0.531980, 0.819000, 0.215026,
		26.213060, 35.391361, 33.187607>
	pigment { color rgbt <0,1,1,0> }
	no_shadow
}
cylinder {
	<26.545958, 34.589893, 33.063957>,  <25.840675, 34.818062, 33.037090>, 0.130000
	pigment { color rgbt <1,0,0,0> }
	no_shadow
}

// nucleotide -1

// particle -1
sphere {
	<26.545958, 34.589893, 33.063957> 0.250000
	pigment { color rgbt <1,0,0,0> }
	no_shadow
}
cylinder {
	<26.505636, 34.941406, 33.250538>,  <26.481443, 35.152313, 33.362488>, 0.100000
	pigment { color rgbt <1,0,0,0> }
	no_shadow
}
cylinder {
	<26.505636, 34.941406, 33.250538>,  <26.545958, 34.589893, 33.063957>, 0.100000
	pigment { color rgbt <1,0,0,0> }
	no_shadow
}

// particle -1
sphere {
	<26.505636, 34.941406, 33.250538> 0.100000
	pigment { color rgbt <1,0,0,0> }
	no_shadow
}
sphere {
	0, 1
	scale<0.080000,0.200000,0.300000>
	matrix <0.609012, -0.316240, 0.727390,
		0.786730, 0.357399, -0.503311,
		-0.100801, 0.878782, 0.466456,
		26.475395, 35.205040, 33.390476>
	pigment { color rgbt <0,1,1,0> }
	no_shadow
}
cylinder {
	<27.160223, 34.795856, 33.158863>,  <26.545958, 34.589893, 33.063957>, 0.130000
	pigment { color rgbt <1,0,0,0> }
	no_shadow
}

// nucleotide -1

// particle -1
sphere {
	<27.160223, 34.795856, 33.158863> 0.250000
	pigment { color rgbt <1,0,0,0> }
	no_shadow
}
cylinder {
	<26.958683, 35.012566, 33.427971>,  <26.837759, 35.142590, 33.589436>, 0.100000
	pigment { color rgbt <1,0,0,0> }
	no_shadow
}
cylinder {
	<26.958683, 35.012566, 33.427971>,  <27.160223, 34.795856, 33.158863>, 0.100000
	pigment { color rgbt <1,0,0,0> }
	no_shadow
}

// particle -1
sphere {
	<26.958683, 35.012566, 33.427971> 0.100000
	pigment { color rgbt <1,0,0,0> }
	no_shadow
}
sphere {
	0, 1
	scale<0.080000,0.200000,0.300000>
	matrix <0.708983, -0.185539, 0.680381,
		0.493437, 0.819791, -0.290624,
		-0.503849, 0.541772, 0.672770,
		26.807528, 35.175098, 33.629803>
	pigment { color rgbt <0,1,1,0> }
	no_shadow
}
cylinder {
	<27.692005, 35.203266, 33.487312>,  <27.160223, 34.795856, 33.158863>, 0.130000
	pigment { color rgbt <1,0,0,0> }
	no_shadow
}

// nucleotide -1

// particle -1
sphere {
	<27.692005, 35.203266, 33.487312> 0.250000
	pigment { color rgbt <1,0,0,0> }
	no_shadow
}
cylinder {
	<27.380228, 35.180653, 33.736877>,  <27.193161, 35.167084, 33.886616>, 0.100000
	pigment { color rgbt <1,0,0,0> }
	no_shadow
}
cylinder {
	<27.380228, 35.180653, 33.736877>,  <27.692005, 35.203266, 33.487312>, 0.100000
	pigment { color rgbt <1,0,0,0> }
	no_shadow
}

// particle -1
sphere {
	<27.380228, 35.180653, 33.736877> 0.100000
	pigment { color rgbt <1,0,0,0> }
	no_shadow
}
sphere {
	0, 1
	scale<0.080000,0.200000,0.300000>
	matrix <0.606789, -0.315805, 0.729434,
		0.155799, 0.947138, 0.280456,
		-0.779444, -0.056533, 0.623915,
		27.146395, 35.163692, 33.924053>
	pigment { color rgbt <0,1,1,0> }
	no_shadow
}
cylinder {
	<27.796267, 35.689987, 34.031605>,  <27.692005, 35.203266, 33.487312>, 0.130000
	pigment { color rgbt <1,0,0,0> }
	no_shadow
}

// nucleotide -1

// particle -1
sphere {
	<27.796267, 35.689987, 34.031605> 0.250000
	pigment { color rgbt <1,0,0,0> }
	no_shadow
}
cylinder {
	<27.571604, 35.380066, 34.147686>,  <27.436806, 35.194115, 34.217335>, 0.100000
	pigment { color rgbt <1,0,0,0> }
	no_shadow
}
cylinder {
	<27.571604, 35.380066, 34.147686>,  <27.796267, 35.689987, 34.031605>, 0.100000
	pigment { color rgbt <1,0,0,0> }
	no_shadow
}

// particle -1
sphere {
	<27.571604, 35.380066, 34.147686> 0.100000
	pigment { color rgbt <1,0,0,0> }
	no_shadow
}
sphere {
	0, 1
	scale<0.080000,0.200000,0.300000>
	matrix <0.747350, -0.324614, 0.579735,
		-0.354975, 0.542500, 0.761371,
		-0.561658, -0.774803, 0.290208,
		27.403107, 35.147625, 34.234749>
	pigment { color rgbt <0,1,1,0> }
	no_shadow
}
cylinder {
	<27.945150, 35.569790, 34.689957>,  <27.796267, 35.689987, 34.031605>, 0.130000
	pigment { color rgbt <1,0,0,0> }
	no_shadow
}

// nucleotide -1

// particle -1
sphere {
	<27.945150, 35.569790, 34.689957> 0.250000
	pigment { color rgbt <1,0,0,0> }
	no_shadow
}
cylinder {
	<27.781952, 35.215294, 34.602222>,  <27.684032, 35.002594, 34.549580>, 0.100000
	pigment { color rgbt <1,0,0,0> }
	no_shadow
}
cylinder {
	<27.781952, 35.215294, 34.602222>,  <27.945150, 35.569790, 34.689957>, 0.100000
	pigment { color rgbt <1,0,0,0> }
	no_shadow
}

// particle -1
sphere {
	<27.781952, 35.215294, 34.602222> 0.100000
	pigment { color rgbt <1,0,0,0> }
	no_shadow
}
sphere {
	0, 1
	scale<0.080000,0.200000,0.300000>
	matrix <0.804872, -0.462551, 0.371788,
		-0.430950, -0.024850, 0.902034,
		-0.407998, -0.886244, -0.219337,
		27.659552, 34.949421, 34.536423>
	pigment { color rgbt <0,1,1,0> }
	no_shadow
}
cylinder {
	<27.851789, 35.190701, 35.284863>,  <27.945150, 35.569790, 34.689957>, 0.130000
	pigment { color rgbt <1,0,0,0> }
	no_shadow
}

// nucleotide -1

// particle -1
sphere {
	<27.851789, 35.190701, 35.284863> 0.250000
	pigment { color rgbt <1,0,0,0> }
	no_shadow
}
cylinder {
	<27.929516, 34.948971, 34.975792>,  <27.976152, 34.803932, 34.790348>, 0.100000
	pigment { color rgbt <1,0,0,0> }
	no_shadow
}
cylinder {
	<27.929516, 34.948971, 34.975792>,  <27.851789, 35.190701, 35.284863>, 0.100000
	pigment { color rgbt <1,0,0,0> }
	no_shadow
}

// particle -1
sphere {
	<27.929516, 34.948971, 34.975792> 0.100000
	pigment { color rgbt <1,0,0,0> }
	no_shadow
}
sphere {
	0, 1
	scale<0.080000,0.200000,0.300000>
	matrix <0.766230, -0.398311, 0.504223,
		-0.612481, -0.690028, 0.385653,
		0.194318, -0.604326, -0.772678,
		27.987812, 34.767673, 34.743988>
	pigment { color rgbt <0,1,1,0> }
	no_shadow
}
cylinder {
	<27.936306, 34.540409, 35.550716>,  <27.851789, 35.190701, 35.284863>, 0.130000
	pigment { color rgbt <1,0,0,0> }
	no_shadow
}

// nucleotide -1

// particle -1
sphere {
	<27.936306, 34.540409, 35.550716> 0.250000
	pigment { color rgbt <1,0,0,0> }
	no_shadow
}
cylinder {
	<28.106726, 34.525028, 35.189163>,  <28.208977, 34.515800, 34.972233>, 0.100000
	pigment { color rgbt <1,0,0,0> }
	no_shadow
}
cylinder {
	<28.106726, 34.525028, 35.189163>,  <27.936306, 34.540409, 35.550716>, 0.100000
	pigment { color rgbt <1,0,0,0> }
	no_shadow
}

// particle -1
sphere {
	<28.106726, 34.525028, 35.189163> 0.100000
	pigment { color rgbt <1,0,0,0> }
	no_shadow
}
sphere {
	0, 1
	scale<0.080000,0.200000,0.300000>
	matrix <0.795450, -0.460024, 0.394509,
		-0.430977, -0.887073, -0.165408,
		0.426050, -0.038451, -0.903882,
		28.234541, 34.513493, 34.917999>
	pigment { color rgbt <0,1,1,0> }
	no_shadow
}
cylinder {
	<28.249987, 33.830635, 35.526516>,  <27.936306, 34.540409, 35.550716>, 0.130000
	pigment { color rgbt <1,0,0,0> }
	no_shadow
}

// nucleotide -1

// particle -1
sphere {
	<28.249987, 33.830635, 35.526516> 0.250000
	pigment { color rgbt <1,0,0,0> }
	no_shadow
}
cylinder {
	<28.434155, 34.087276, 35.281124>,  <28.544655, 34.241261, 35.133888>, 0.100000
	pigment { color rgbt <1,0,0,0> }
	no_shadow
}
cylinder {
	<28.434155, 34.087276, 35.281124>,  <28.249987, 33.830635, 35.526516>, 0.100000
	pigment { color rgbt <1,0,0,0> }
	no_shadow
}

// particle -1
sphere {
	<28.434155, 34.087276, 35.281124> 0.100000
	pigment { color rgbt <1,0,0,0> }
	no_shadow
}
sphere {
	0, 1
	scale<0.080000,0.200000,0.300000>
	matrix <0.874436, -0.446833, 0.188950,
		-0.152894, -0.623448, -0.766770,
		0.460419, 0.641602, -0.613483,
		28.572281, 34.279758, 35.097080>
	pigment { color rgbt <0,1,1,0> }
	no_shadow
}
cylinder {
	<28.573463, 33.536163, 34.891708>,  <28.249987, 33.830635, 35.526516>, 0.130000
	pigment { color rgbt <1,0,0,0> }
	no_shadow
}

// nucleotide -1

// particle -1
sphere {
	<28.573463, 33.536163, 34.891708> 0.250000
	pigment { color rgbt <1,0,0,0> }
	no_shadow
}
cylinder {
	<28.754848, 33.854759, 35.051697>,  <28.863680, 34.045918, 35.147690>, 0.100000
	pigment { color rgbt <1,0,0,0> }
	no_shadow
}
cylinder {
	<28.754848, 33.854759, 35.051697>,  <28.573463, 33.536163, 34.891708>, 0.100000
	pigment { color rgbt <1,0,0,0> }
	no_shadow
}

// particle -1
sphere {
	<28.754848, 33.854759, 35.051697> 0.100000
	pigment { color rgbt <1,0,0,0> }
	no_shadow
}
sphere {
	0, 1
	scale<0.080000,0.200000,0.300000>
	matrix <0.789926, -0.566996, 0.233522,
		0.412781, 0.210058, -0.886277,
		0.453463, 0.796487, 0.399975,
		28.890888, 34.093704, 35.171688>
	pigment { color rgbt <0,1,1,0> }
	no_shadow
}
cylinder {
	<27.882189, 33.353279, 34.921368>,  <28.573463, 33.536163, 34.891708>, 0.130000
	pigment { color rgbt <1,0,0,0> }
	no_shadow
}

// nucleotide -1

// particle -1
sphere {
	<27.882189, 33.353279, 34.921368> 0.250000
	pigment { color rgbt <1,0,0,0> }
	no_shadow
}
cylinder {
	<27.494816, 33.452991, 34.921738>,  <27.262392, 33.512817, 34.921959>, 0.100000
	pigment { color rgbt <1,0,0,0> }
	no_shadow
}
cylinder {
	<27.494816, 33.452991, 34.921738>,  <27.882189, 33.353279, 34.921368>, 0.100000
	pigment { color rgbt <1,0,0,0> }
	no_shadow
}

// particle -1
sphere {
	<27.494816, 33.452991, 34.921738> 0.100000
	pigment { color rgbt <1,0,0,0> }
	no_shadow
}
sphere {
	0, 1
	scale<0.080000,0.200000,0.300000>
	matrix <0.192819, 0.751426, -0.631015,
		-0.157996, -0.610915, -0.775771,
		-0.968431, 0.249282, 0.000926,
		27.204287, 33.527775, 34.922016>
	pigment { color rgbt <0,1,1,0> }
	no_shadow
}
cylinder {
	<27.850056, 32.838211, 35.508549>,  <27.882189, 33.353279, 34.921368>, 0.130000
	pigment { color rgbt <1,0,0,0> }
	no_shadow
}

// nucleotide -1

// particle -1
sphere {
	<27.850056, 32.838211, 35.508549> 0.250000
	pigment { color rgbt <1,0,0,0> }
	no_shadow
}
cylinder {
	<27.598793, 32.538212, 35.425674>,  <27.448036, 32.358212, 35.375950>, 0.100000
	pigment { color rgbt <1,0,0,0> }
	no_shadow
}
cylinder {
	<27.598793, 32.538212, 35.425674>,  <27.850056, 32.838211, 35.508549>, 0.100000
	pigment { color rgbt <1,0,0,0> }
	no_shadow
}

// particle -1
sphere {
	<27.598793, 32.538212, 35.425674> 0.100000
	pigment { color rgbt <1,0,0,0> }
	no_shadow
}
sphere {
	0, 1
	scale<0.080000,0.200000,0.300000>
	matrix <0.776740, -0.620091, -0.110279,
		-0.045765, -0.230201, 0.972066,
		-0.628156, -0.749996, -0.207185,
		27.410347, 32.313213, 35.363518>
	pigment { color rgbt <0,1,1,0> }
	no_shadow
}
cylinder {
	<28.067261, 32.193146, 35.902046>,  <27.850056, 32.838211, 35.508549>, 0.130000
	pigment { color rgbt <1,0,0,0> }
	no_shadow
}

// nucleotide -1

// particle -1
sphere {
	<28.067261, 32.193146, 35.902046> 0.250000
	pigment { color rgbt <1,0,0,0> }
	no_shadow
}
cylinder {
	<27.869890, 32.126236, 35.560627>,  <27.751467, 32.086090, 35.355774>, 0.100000
	pigment { color rgbt <1,0,0,0> }
	no_shadow
}
cylinder {
	<27.869890, 32.126236, 35.560627>,  <28.067261, 32.193146, 35.902046>, 0.100000
	pigment { color rgbt <1,0,0,0> }
	no_shadow
}

// particle -1
sphere {
	<27.869890, 32.126236, 35.560627> 0.100000
	pigment { color rgbt <1,0,0,0> }
	no_shadow
}
sphere {
	0, 1
	scale<0.080000,0.200000,0.300000>
	matrix <0.658250, -0.713267, -0.240743,
		-0.568538, -0.680638, 0.462057,
		-0.493429, -0.167277, -0.853549,
		27.721861, 32.076054, 35.304562>
	pigment { color rgbt <0,1,1,0> }
	no_shadow
}
cylinder {
	<28.832701, 32.183617, 35.730591>,  <28.067261, 32.193146, 35.902046>, 0.130000
	pigment { color rgbt <1,0,0,0> }
	no_shadow
}

// nucleotide -1

// particle -1
sphere {
	<28.832701, 32.183617, 35.730591> 0.250000
	pigment { color rgbt <1,0,0,0> }
	no_shadow
}
cylinder {
	<28.567617, 31.927551, 35.886032>,  <28.408567, 31.773912, 35.979298>, 0.100000
	pigment { color rgbt <1,0,0,0> }
	no_shadow
}
cylinder {
	<28.567617, 31.927551, 35.886032>,  <28.832701, 32.183617, 35.730591>, 0.100000
	pigment { color rgbt <1,0,0,0> }
	no_shadow
}

// particle -1
sphere {
	<28.567617, 31.927551, 35.886032> 0.100000
	pigment { color rgbt <1,0,0,0> }
	no_shadow
}
sphere {
	0, 1
	scale<0.080000,0.200000,0.300000>
	matrix <0.270611, 0.279147, 0.921329,
		-0.698275, 0.715733, -0.011758,
		-0.662707, -0.640159, 0.388606,
		28.368805, 31.735504, 36.002613>
	pigment { color rgbt <0,1,1,0> }
	no_shadow
}
cylinder {
	<29.554865, 32.404774, 35.462090>,  <28.832701, 32.183617, 35.730591>, 0.130000
	pigment { color rgbt <1,0,0,0> }
	no_shadow
}

// nucleotide -1

// particle -1
sphere {
	<29.554865, 32.404774, 35.462090> 0.250000
	pigment { color rgbt <1,0,0,0> }
	no_shadow
}
cylinder {
	<29.854771, 32.171936, 35.336216>,  <30.034714, 32.032234, 35.260693>, 0.100000
	pigment { color rgbt <1,0,0,0> }
	no_shadow
}
cylinder {
	<29.854771, 32.171936, 35.336216>,  <29.554865, 32.404774, 35.462090>, 0.100000
	pigment { color rgbt <1,0,0,0> }
	no_shadow
}

// particle -1
sphere {
	<29.854771, 32.171936, 35.336216> 0.100000
	pigment { color rgbt <1,0,0,0> }
	no_shadow
}
sphere {
	0, 1
	scale<0.080000,0.200000,0.300000>
	matrix <-0.492101, -0.808428, 0.322925,
		-0.442369, -0.087262, -0.892578,
		0.749764, -0.582090, -0.314681,
		30.079700, 31.997309, 35.241810>
	pigment { color rgbt <0,1,1,0> }
	no_shadow
}
cylinder {
	<29.295456, 31.875050, 34.954559>,  <29.554865, 32.404774, 35.462090>, 0.130000
	pigment { color rgbt <1,0,0,0> }
	no_shadow
}

// nucleotide -1

// particle -1
sphere {
	<29.295456, 31.875050, 34.954559> 0.250000
	pigment { color rgbt <1,0,0,0> }
	no_shadow
}
cylinder {
	<29.617031, 31.763132, 35.164471>,  <29.809977, 31.695982, 35.290417>, 0.100000
	pigment { color rgbt <1,0,0,0> }
	no_shadow
}
cylinder {
	<29.617031, 31.763132, 35.164471>,  <29.295456, 31.875050, 34.954559>, 0.100000
	pigment { color rgbt <1,0,0,0> }
	no_shadow
}

// particle -1
sphere {
	<29.617031, 31.763132, 35.164471> 0.100000
	pigment { color rgbt <1,0,0,0> }
	no_shadow
}
sphere {
	0, 1
	scale<0.080000,0.200000,0.300000>
	matrix <-0.495235, -0.803536, 0.330260,
		0.329275, -0.525399, -0.784559,
		0.803940, -0.279795, 0.524781,
		29.858213, 31.679193, 35.321903>
	pigment { color rgbt <0,1,1,0> }
	no_shadow
}
cylinder {
	<29.362026, 31.188187, 34.869934>,  <29.295456, 31.875050, 34.954559>, 0.130000
	pigment { color rgbt <1,0,0,0> }
	no_shadow
}

// nucleotide -1

// particle -1
sphere {
	<29.362026, 31.188187, 34.869934> 0.250000
	pigment { color rgbt <1,0,0,0> }
	no_shadow
}
cylinder {
	<29.559595, 31.268324, 35.208378>,  <29.678137, 31.316406, 35.411446>, 0.100000
	pigment { color rgbt <1,0,0,0> }
	no_shadow
}
cylinder {
	<29.559595, 31.268324, 35.208378>,  <29.362026, 31.188187, 34.869934>, 0.100000
	pigment { color rgbt <1,0,0,0> }
	no_shadow
}

// particle -1
sphere {
	<29.559595, 31.268324, 35.208378> 0.100000
	pigment { color rgbt <1,0,0,0> }
	no_shadow
}
sphere {
	0, 1
	scale<0.080000,0.200000,0.300000>
	matrix <-0.375616, -0.828450, 0.415431,
		0.784190, -0.523003, -0.333936,
		0.493921, 0.200345, 0.846111,
		29.707771, 31.328428, 35.462212>
	pigment { color rgbt <0,1,1,0> }
	no_shadow
}
cylinder {
	<29.815687, 30.610350, 35.017574>,  <29.362026, 31.188187, 34.869934>, 0.130000
	pigment { color rgbt <1,0,0,0> }
	no_shadow
}

// nucleotide -1

// particle -1
sphere {
	<29.815687, 30.610350, 35.017574> 0.250000
	pigment { color rgbt <1,0,0,0> }
	no_shadow
}
cylinder {
	<29.778404, 30.799238, 35.368191>,  <29.756035, 30.912571, 35.578560>, 0.100000
	pigment { color rgbt <1,0,0,0> }
	no_shadow
}
cylinder {
	<29.778404, 30.799238, 35.368191>,  <29.815687, 30.610350, 35.017574>, 0.100000
	pigment { color rgbt <1,0,0,0> }
	no_shadow
}

// particle -1
sphere {
	<29.778404, 30.799238, 35.368191> 0.100000
	pigment { color rgbt <1,0,0,0> }
	no_shadow
}
sphere {
	0, 1
	scale<0.080000,0.200000,0.300000>
	matrix <-0.214473, -0.869226, 0.445475,
		0.972273, -0.146473, 0.182296,
		-0.093207, 0.472221, 0.876539,
		29.750443, 30.940905, 35.631153>
	pigment { color rgbt <0,1,1,0> }
	no_shadow
}
cylinder {
	<30.088615, 30.113573, 35.471298>,  <29.815687, 30.610350, 35.017574>, 0.130000
	pigment { color rgbt <1,0,0,0> }
	no_shadow
}

// nucleotide -1

// particle -1
sphere {
	<30.088615, 30.113573, 35.471298> 0.250000
	pigment { color rgbt <1,0,0,0> }
	no_shadow
}
cylinder {
	<29.861147, 30.360607, 35.688629>,  <29.724667, 30.508827, 35.819027>, 0.100000
	pigment { color rgbt <1,0,0,0> }
	no_shadow
}
cylinder {
	<29.861147, 30.360607, 35.688629>,  <30.088615, 30.113573, 35.471298>, 0.100000
	pigment { color rgbt <1,0,0,0> }
	no_shadow
}

// particle -1
sphere {
	<29.861147, 30.360607, 35.688629> 0.100000
	pigment { color rgbt <1,0,0,0> }
	no_shadow
}
sphere {
	0, 1
	scale<0.080000,0.200000,0.300000>
	matrix <-0.450912, -0.786487, 0.422037,
		0.687961, -0.004990, 0.725731,
		-0.568672, 0.617586, 0.543323,
		29.690546, 30.545883, 35.851627>
	pigment { color rgbt <0,1,1,0> }
	no_shadow
}
cylinder {
	<30.080967, 29.891977, 36.183655>,  <30.088615, 30.113573, 35.471298>, 0.130000
	pigment { color rgbt <1,0,0,0> }
	no_shadow
}

// nucleotide -1

// particle -1
sphere {
	<30.080967, 29.891977, 36.183655> 0.250000
	pigment { color rgbt <1,0,0,0> }
	no_shadow
}
cylinder {
	<29.747007, 30.094242, 36.096706>,  <29.546631, 30.215601, 36.044537>, 0.100000
	pigment { color rgbt <1,0,0,0> }
	no_shadow
}
cylinder {
	<29.747007, 30.094242, 36.096706>,  <30.080967, 29.891977, 36.183655>, 0.100000
	pigment { color rgbt <1,0,0,0> }
	no_shadow
}

// particle -1
sphere {
	<29.747007, 30.094242, 36.096706> 0.100000
	pigment { color rgbt <1,0,0,0> }
	no_shadow
}
sphere {
	0, 1
	scale<0.080000,0.200000,0.300000>
	matrix <-0.547882, -0.725751, 0.416067,
		0.052635, 0.466465, 0.882972,
		-0.834898, 0.505664, -0.217368,
		29.496538, 30.245941, 36.031494>
	pigment { color rgbt <0,1,1,0> }
	no_shadow
}
cylinder {
	<29.690483, 29.262905, 36.374729>,  <30.080967, 29.891977, 36.183655>, 0.130000
	pigment { color rgbt <1,0,0,0> }
	no_shadow
}

// nucleotide -1

// particle -1
sphere {
	<29.690483, 29.262905, 36.374729> 0.250000
	pigment { color rgbt <1,0,0,0> }
	no_shadow
}
cylinder {
	<29.343700, 29.376522, 36.538536>,  <29.135632, 29.444693, 36.636822>, 0.100000
	pigment { color rgbt <1,0,0,0> }
	no_shadow
}
cylinder {
	<29.343700, 29.376522, 36.538536>,  <29.690483, 29.262905, 36.374729>, 0.100000
	pigment { color rgbt <1,0,0,0> }
	no_shadow
}

// particle -1
sphere {
	<29.343700, 29.376522, 36.538536> 0.100000
	pigment { color rgbt <1,0,0,0> }
	no_shadow
}
sphere {
	0, 1
	scale<0.080000,0.200000,0.300000>
	matrix <0.258632, 0.958803, -0.117501,
		-0.426026, 0.004047, -0.904702,
		-0.866955, 0.284044, 0.409522,
		29.083614, 29.461735, 36.661392>
	pigment { color rgbt <0,1,1,0> }
	no_shadow
}
cylinder {
	<29.199335, 29.510170, 35.887794>,  <29.690483, 29.262905, 36.374729>, 0.130000
	pigment { color rgbt <1,0,0,0> }
	no_shadow
}

// nucleotide -1

// particle -1
sphere {
	<29.199335, 29.510170, 35.887794> 0.250000
	pigment { color rgbt <1,0,0,0> }
	no_shadow
}
cylinder {
	<29.129910, 29.679640, 36.243408>,  <29.088253, 29.781321, 36.456776>, 0.100000
	pigment { color rgbt <1,0,0,0> }
	no_shadow
}
cylinder {
	<29.129910, 29.679640, 36.243408>,  <29.199335, 29.510170, 35.887794>, 0.100000
	pigment { color rgbt <1,0,0,0> }
	no_shadow
}

// particle -1
sphere {
	<29.129910, 29.679640, 36.243408> 0.100000
	pigment { color rgbt <1,0,0,0> }
	no_shadow
}
sphere {
	0, 1
	scale<0.080000,0.200000,0.300000>
	matrix <0.150354, 0.903549, -0.401239,
		-0.973277, 0.064028, -0.220526,
		-0.173566, 0.423674, 0.889031,
		29.077839, 29.806742, 36.510117>
	pigment { color rgbt <0,1,1,0> }
	no_shadow
}
cylinder {
	<28.777601, 30.106188, 35.867275>,  <29.199335, 29.510170, 35.887794>, 0.130000
	pigment { color rgbt <1,0,0,0> }
	no_shadow
}

// nucleotide -1

// particle -1
sphere {
	<28.777601, 30.106188, 35.867275> 0.250000
	pigment { color rgbt <1,0,0,0> }
	no_shadow
}
cylinder {
	<28.998383, 30.157736, 36.196819>,  <29.130852, 30.188665, 36.394547>, 0.100000
	pigment { color rgbt <1,0,0,0> }
	no_shadow
}
cylinder {
	<28.998383, 30.157736, 36.196819>,  <28.777601, 30.106188, 35.867275>, 0.100000
	pigment { color rgbt <1,0,0,0> }
	no_shadow
}

// particle -1
sphere {
	<28.998383, 30.157736, 36.196819> 0.100000
	pigment { color rgbt <1,0,0,0> }
	no_shadow
}
sphere {
	0, 1
	scale<0.080000,0.200000,0.300000>
	matrix <0.121507, 0.965011, -0.232358,
		-0.824975, 0.228355, 0.516982,
		0.551954, 0.128872, 0.823856,
		29.163969, 30.196398, 36.443977>
	pigment { color rgbt <0,1,1,0> }
	no_shadow
}
cylinder {
	<28.557207, 30.746914, 36.351376>,  <28.777601, 30.106188, 35.867275>, 0.130000
	pigment { color rgbt <1,0,0,0> }
	no_shadow
}

// nucleotide -1

// particle -1
sphere {
	<28.557207, 30.746914, 36.351376> 0.250000
	pigment { color rgbt <1,0,0,0> }
	no_shadow
}
cylinder {
	<28.937046, 30.624060, 36.326290>,  <29.164949, 30.550348, 36.311241>, 0.100000
	pigment { color rgbt <1,0,0,0> }
	no_shadow
}
cylinder {
	<28.937046, 30.624060, 36.326290>,  <28.557207, 30.746914, 36.351376>, 0.100000
	pigment { color rgbt <1,0,0,0> }
	no_shadow
}

// particle -1
sphere {
	<28.937046, 30.624060, 36.326290> 0.100000
	pigment { color rgbt <1,0,0,0> }
	no_shadow
}
sphere {
	0, 1
	scale<0.080000,0.200000,0.300000>
	matrix <0.259600, 0.882644, -0.391850,
		0.175702, 0.355820, 0.917889,
		0.949598, -0.307133, -0.062712,
		29.221926, 30.531919, 36.307476>
	pigment { color rgbt <0,1,1,0> }
	no_shadow
}
cylinder {
	<28.892998, 31.282743, 36.606903>,  <28.557207, 30.746914, 36.351376>, 0.130000
	pigment { color rgbt <1,0,0,0> }
	no_shadow
}

// nucleotide -1

// particle -1
sphere {
	<28.892998, 31.282743, 36.606903> 0.250000
	pigment { color rgbt <1,0,0,0> }
	no_shadow
}
cylinder {
	<29.137594, 31.068733, 36.373726>,  <29.284353, 30.940327, 36.233818>, 0.100000
	pigment { color rgbt <1,0,0,0> }
	no_shadow
}
cylinder {
	<29.137594, 31.068733, 36.373726>,  <28.892998, 31.282743, 36.606903>, 0.100000
	pigment { color rgbt <1,0,0,0> }
	no_shadow
}

// particle -1
sphere {
	<29.137594, 31.068733, 36.373726> 0.100000
	pigment { color rgbt <1,0,0,0> }
	no_shadow
}
sphere {
	0, 1
	scale<0.080000,0.200000,0.300000>
	matrix <0.527017, 0.824935, -0.204295,
		0.590194, -0.182297, 0.786409,
		0.611493, -0.535024, -0.582945,
		29.321043, 30.908226, 36.198841>
	pigment { color rgbt <0,1,1,0> }
	no_shadow
}
cylinder {
	<29.524288, 31.650599, 36.730068>,  <28.892998, 31.282743, 36.606903>, 0.130000
	pigment { color rgbt <1,0,0,0> }
	no_shadow
}

// nucleotide -1

// particle -1
sphere {
	<29.524288, 31.650599, 36.730068> 0.250000
	pigment { color rgbt <1,0,0,0> }
	no_shadow
}
cylinder {
	<29.580484, 31.425997, 36.403885>,  <29.614202, 31.291235, 36.208176>, 0.100000
	pigment { color rgbt <1,0,0,0> }
	no_shadow
}
cylinder {
	<29.580484, 31.425997, 36.403885>,  <29.524288, 31.650599, 36.730068>, 0.100000
	pigment { color rgbt <1,0,0,0> }
	no_shadow
}

// particle -1
sphere {
	<29.580484, 31.425997, 36.403885> 0.100000
	pigment { color rgbt <1,0,0,0> }
	no_shadow
}
sphere {
	0, 1
	scale<0.080000,0.200000,0.300000>
	matrix <0.500125, 0.751073, -0.431005,
		0.854481, -0.347280, 0.386341,
		0.140491, -0.561504, -0.815461,
		29.622631, 31.257545, 36.159248>
	pigment { color rgbt <0,1,1,0> }
	no_shadow
}
cylinder {
	<30.313065, 31.647005, 36.575443>,  <29.524288, 31.650599, 36.730068>, 0.130000
	pigment { color rgbt <1,0,0,0> }
	no_shadow
}

// nucleotide -1

// particle -1
sphere {
	<30.313065, 31.647005, 36.575443> 0.250000
	pigment { color rgbt <1,0,0,0> }
	no_shadow
}
cylinder {
	<30.124722, 31.556911, 36.234253>,  <30.011717, 31.502855, 36.029537>, 0.100000
	pigment { color rgbt <1,0,0,0> }
	no_shadow
}
cylinder {
	<30.124722, 31.556911, 36.234253>,  <30.313065, 31.647005, 36.575443>, 0.100000
	pigment { color rgbt <1,0,0,0> }
	no_shadow
}

// particle -1
sphere {
	<30.124722, 31.556911, 36.234253> 0.100000
	pigment { color rgbt <1,0,0,0> }
	no_shadow
}
sphere {
	0, 1
	scale<0.080000,0.200000,0.300000>
	matrix <0.475655, 0.749478, -0.460472,
		0.742995, -0.622539, -0.245770,
		-0.470861, -0.225227, -0.852973,
		29.983465, 31.489342, 35.978359>
	pigment { color rgbt <0,1,1,0> }
	no_shadow
}
cylinder {
	<30.534561, 32.232780, 36.145039>,  <30.313065, 31.647005, 36.575443>, 0.130000
	pigment { color rgbt <1,0,0,0> }
	no_shadow
}

// nucleotide -1

// particle -1
sphere {
	<30.534561, 32.232780, 36.145039> 0.250000
	pigment { color rgbt <1,0,0,0> }
	no_shadow
}
cylinder {
	<30.769457, 32.236790, 35.821297>,  <30.910395, 32.239197, 35.627052>, 0.100000
	pigment { color rgbt <1,0,0,0> }
	no_shadow
}
cylinder {
	<30.769457, 32.236790, 35.821297>,  <30.534561, 32.232780, 36.145039>, 0.100000
	pigment { color rgbt <1,0,0,0> }
	no_shadow
}

// particle -1
sphere {
	<30.769457, 32.236790, 35.821297> 0.100000
	pigment { color rgbt <1,0,0,0> }
	no_shadow
}
sphere {
	0, 1
	scale<0.080000,0.200000,0.300000>
	matrix <-0.297441, 0.932634, -0.204261,
