// switches for output
#declare DRAW_BASES = 1; // possible values are 0, 1; only relevant for DNA ribbons
#declare DRAW_BASES_TYPE = 3; // possible values are 1, 2, 3; only relevant for DNA ribbons
#declare DRAW_FOG = 0; // set to 1 to enable fog

#include "colors.inc"

#include "transforms.inc"
background { rgb <1, 1, 1>}

#default {
   normal{
       ripples 0.25
       frequency 0.20
       turbulence 0.2
       lambda 5
   }
	finish {
		phong 0.1
		phong_size 40.
	}
}

// original window dimensions: 1024x640


// camera settings

camera {
	sky <0, 0.179814, -0.983701>
	up <0, 0.179814, -0.983701>
	right 1.6 * <1, 0, 0>
	location <35, 94.9851, 44.8844>
	look_at <35, 29.7336, 32.9568>
	direction <0, -65.2515, -11.9276>
	angle 67.0682
}


# declare cpy_camera_pos = <35, 94.9851, 44.8844>;
# if (DRAW_FOG = 1)
fog {
	fog_type 2
	up vnormalize(cpy_camera_pos)
	color rgbt<1,1,1,0.3>
	distance 1e-5
	fog_alt 3e-3
	fog_offset 56
}
# end


// LIGHTS

# declare lum = 6;
global_settings {
	ambient_light rgb lum * <0.05, 0.05, 0.05>
	max_trace_level 15
}# declare cpy_direct_light_amount = 0.25;
light_source
{	1000 * <-1, -1.16352, -0.803886>,
	rgb lum * cpy_direct_light_amount
	parallel
}

light_source
{	1000 * <1, 1.16352, 0.803886>,
	rgb lum * cpy_direct_light_amount
	parallel
}

// strand 0

// nucleotide -1

// particle -1
sphere {
	<24.644505, 35.080353, 34.902641> 0.250000
	pigment { color rgbt <1,0,0,0> }
	no_shadow
}
cylinder {
	<24.254620, 35.121311, 34.982090>,  <24.020689, 35.145885, 35.029758>, 0.100000
	pigment { color rgbt <1,0,0,0> }
	no_shadow
}
cylinder {
	<24.254620, 35.121311, 34.982090>,  <24.644505, 35.080353, 34.902641>, 0.100000
	pigment { color rgbt <1,0,0,0> }
	no_shadow
}

// particle -1
sphere {
	<24.254620, 35.121311, 34.982090> 0.100000
	pigment { color rgbt <1,0,0,0> }
	no_shadow
}
sphere {
	0, 1
	scale<0.080000,0.200000,0.300000>
	matrix <-0.153675, -0.952452, -0.263095,
		0.162241, -0.286965, 0.944102,
		-0.974711, 0.102401, 0.198626,
		23.962206, 35.152031, 35.041679>
	pigment { color rgbt <0,1,1,0> }
	no_shadow
}
cylinder {
	<25.081871, 34.467258, 34.903599>,  <24.644505, 35.080353, 34.902641>, 0.130000
	pigment { color rgbt <1,0,0,0> }
	no_shadow
}

// nucleotide -1

// particle -1
sphere {
	<25.081871, 34.467258, 34.903599> 0.250000
	pigment { color rgbt <1,0,0,0> }
	no_shadow
}
cylinder {
	<25.113369, 34.800507, 35.122585>,  <25.132267, 35.000454, 35.253975>, 0.100000
	pigment { color rgbt <1,0,0,0> }
	no_shadow
}
cylinder {
	<25.113369, 34.800507, 35.122585>,  <25.081871, 34.467258, 34.903599>, 0.100000
	pigment { color rgbt <1,0,0,0> }
	no_shadow
}

// particle -1
sphere {
	<25.113369, 34.800507, 35.122585> 0.100000
	pigment { color rgbt <1,0,0,0> }
	no_shadow
}
sphere {
	0, 1
	scale<0.080000,0.200000,0.300000>
	matrix <-0.361081, -0.488042, 0.794629,
		0.929204, -0.260250, 0.262393,
		0.078743, 0.833117, 0.547462,
		25.136992, 35.050442, 35.286823>
	pigment { color rgbt <0,1,1,0> }
	no_shadow
}
cylinder {
	<25.521450, 34.453991, 34.282444>,  <25.081871, 34.467258, 34.903599>, 0.130000
	pigment { color rgbt <1,0,0,0> }
	no_shadow
}

// nucleotide -1

// particle -1
sphere {
	<25.521450, 34.453991, 34.282444> 0.250000
	pigment { color rgbt <1,0,0,0> }
	no_shadow
}
cylinder {
	<25.815950, 34.184139, 34.303635>,  <25.992651, 34.022228, 34.316349>, 0.100000
	pigment { color rgbt <1,0,0,0> }
	no_shadow
}
cylinder {
	<25.815950, 34.184139, 34.303635>,  <25.521450, 34.453991, 34.282444>, 0.100000
	pigment { color rgbt <1,0,0,0> }
	no_shadow
}

// particle -1
sphere {
	<25.815950, 34.184139, 34.303635> 0.100000
	pigment { color rgbt <1,0,0,0> }
	no_shadow
}
sphere {
	0, 1
	scale<0.080000,0.200000,0.300000>
	matrix <-0.354423, -0.451122, -0.819068,
		0.576469, 0.584264, -0.571244,
		0.736253, -0.674629, 0.052981,
		26.036827, 33.981750, 34.319530>
	pigment { color rgbt <0,1,1,0> }
	no_shadow
}
cylinder {
	<25.816900, 34.163551, 34.843555>,  <25.521450, 34.453991, 34.282444>, 0.130000
	pigment { color rgbt <1,0,0,0> }
	no_shadow
}

// nucleotide -1

// particle -1
sphere {
	<25.816900, 34.163551, 34.843555> 0.250000
	pigment { color rgbt <1,0,0,0> }
	no_shadow
}
cylinder {
	<25.633436, 34.024307, 34.516521>,  <25.523357, 33.940762, 34.320301>, 0.100000
	pigment { color rgbt <1,0,0,0> }
	no_shadow
}
cylinder {
	<25.633436, 34.024307, 34.516521>,  <25.816900, 34.163551, 34.843555>, 0.100000
	pigment { color rgbt <1,0,0,0> }
	no_shadow
}

// particle -1
sphere {
	<25.633436, 34.024307, 34.516521> 0.100000
	pigment { color rgbt <1,0,0,0> }
	no_shadow
}
sphere {
	0, 1
	scale<0.080000,0.200000,0.300000>
	matrix <-0.615949, -0.538627, 0.574880,
		-0.640499, 0.767266, 0.032626,
		-0.458659, -0.348114, -0.817587,
		25.495838, 33.919872, 34.271244>
	pigment { color rgbt <0,1,1,0> }
	no_shadow
}
cylinder {
	<26.355526, 34.330811, 35.328407>,  <25.816900, 34.163551, 34.843555>, 0.130000
	pigment { color rgbt <1,0,0,0> }
	no_shadow
}

// nucleotide -1

// particle -1
sphere {
	<26.355526, 34.330811, 35.328407> 0.250000
	pigment { color rgbt <1,0,0,0> }
	no_shadow
}
cylinder {
	<26.522303, 33.991508, 35.459015>,  <26.622368, 33.787926, 35.537380>, 0.100000
	pigment { color rgbt <1,0,0,0> }
	no_shadow
}
cylinder {
	<26.522303, 33.991508, 35.459015>,  <26.355526, 34.330811, 35.328407>, 0.100000
	pigment { color rgbt <1,0,0,0> }
	no_shadow
}

// particle -1
sphere {
	<26.522303, 33.991508, 35.459015> 0.100000
	pigment { color rgbt <1,0,0,0> }
	no_shadow
}
sphere {
	0, 1
	scale<0.080000,0.200000,0.300000>
	matrix <-0.578232, 0.029633, 0.815334,
		-0.701290, -0.528753, -0.478135,
		0.416942, -0.848259, 0.326523,
		26.647385, 33.737030, 35.556973>
	pigment { color rgbt <0,1,1,0> }
	no_shadow
}
cylinder {
	<25.848436, 33.803257, 35.529480>,  <26.355526, 34.330811, 35.328407>, 0.130000
	pigment { color rgbt <1,0,0,0> }
	no_shadow
}

// nucleotide -1

// particle -1
sphere {
	<25.848436, 33.803257, 35.529480> 0.250000
	pigment { color rgbt <1,0,0,0> }
	no_shadow
}
cylinder {
	<26.142847, 33.689758, 35.775330>,  <26.319492, 33.621658, 35.922840>, 0.100000
	pigment { color rgbt <1,0,0,0> }
	no_shadow
}
cylinder {
	<26.142847, 33.689758, 35.775330>,  <25.848436, 33.803257, 35.529480>, 0.100000
	pigment { color rgbt <1,0,0,0> }
	no_shadow
}

// particle -1
sphere {
	<26.142847, 33.689758, 35.775330> 0.100000
	pigment { color rgbt <1,0,0,0> }
	no_shadow
}
sphere {
	0, 1
	scale<0.080000,0.200000,0.300000>
	matrix <-0.654820, -0.068143, 0.752707,
		-0.171695, -0.956475, -0.235957,
		0.736024, -0.283746, 0.614619,
		26.363655, 33.604637, 35.959717>
	pigment { color rgbt <0,1,1,0> }
	no_shadow
}
cylinder {
	<25.691729, 33.140079, 35.951744>,  <25.848436, 33.803257, 35.529480>, 0.130000
	pigment { color rgbt <1,0,0,0> }
	no_shadow
}

// nucleotide -1

// particle -1
sphere {
	<25.691729, 33.140079, 35.951744> 0.250000
	pigment { color rgbt <1,0,0,0> }
	no_shadow
}
cylinder {
	<25.962845, 33.357697, 36.149582>,  <26.125515, 33.488266, 36.268284>, 0.100000
	pigment { color rgbt <1,0,0,0> }
	no_shadow
}
cylinder {
	<25.962845, 33.357697, 36.149582>,  <25.691729, 33.140079, 35.951744>, 0.100000
	pigment { color rgbt <1,0,0,0> }
	no_shadow
}

// particle -1
sphere {
	<25.962845, 33.357697, 36.149582> 0.100000
	pigment { color rgbt <1,0,0,0> }
	no_shadow
}
sphere {
	0, 1
	scale<0.080000,0.200000,0.300000>
	matrix <-0.539079, -0.089731, 0.837462,
		0.499993, -0.834248, 0.232462,
		0.677791, 0.544040, 0.494590,
		26.166182, 33.520908, 36.297958>
	pigment { color rgbt <0,1,1,0> }
	no_shadow
}
cylinder {
	<25.859947, 32.771210, 36.705757>,  <25.691729, 33.140079, 35.951744>, 0.130000
	pigment { color rgbt <1,0,0,0> }
	no_shadow
}

// nucleotide -1

// particle -1
sphere {
	<25.859947, 32.771210, 36.705757> 0.250000
	pigment { color rgbt <1,0,0,0> }
	no_shadow
}
cylinder {
	<25.976650, 33.152889, 36.732212>,  <26.046673, 33.381897, 36.748085>, 0.100000
	pigment { color rgbt <1,0,0,0> }
	no_shadow
}
cylinder {
	<25.976650, 33.152889, 36.732212>,  <25.859947, 32.771210, 36.705757>, 0.100000
	pigment { color rgbt <1,0,0,0> }
	no_shadow
}

// particle -1
sphere {
	<25.976650, 33.152889, 36.732212> 0.100000
	pigment { color rgbt <1,0,0,0> }
	no_shadow
}
sphere {
	0, 1
	scale<0.080000,0.200000,0.300000>
	matrix <-0.321549, 0.032724, 0.946327,
		0.900824, -0.297364, 0.316371,
		0.291757, 0.954203, 0.066138,
		26.064177, 33.439152, 36.752052>
	pigment { color rgbt <0,1,1,0> }
	no_shadow
}
cylinder {
	<26.119337, 32.835102, 37.467770>,  <25.859947, 32.771210, 36.705757>, 0.130000
	pigment { color rgbt <1,0,0,0> }
	no_shadow
}

// nucleotide -1

// particle -1
sphere {
	<26.119337, 32.835102, 37.467770> 0.250000
	pigment { color rgbt <1,0,0,0> }
	no_shadow
}
cylinder {
	<26.053444, 33.209789, 37.344204>,  <26.013908, 33.434601, 37.270065>, 0.100000
	pigment { color rgbt <1,0,0,0> }
	no_shadow
}
cylinder {
	<26.053444, 33.209789, 37.344204>,  <26.119337, 32.835102, 37.467770>, 0.100000
	pigment { color rgbt <1,0,0,0> }
	no_shadow
}

// particle -1
sphere {
	<26.053444, 33.209789, 37.344204> 0.100000
	pigment { color rgbt <1,0,0,0> }
	no_shadow
}
sphere {
	0, 1
	scale<0.080000,0.200000,0.300000>
	matrix <-0.475594, 0.198949, 0.856872,
		0.864103, 0.288073, 0.412722,
		-0.164731, 0.936714, -0.308918,
		26.004025, 33.490803, 37.251530>
	pigment { color rgbt <0,1,1,0> }
	no_shadow
}
cylinder {
	<26.364222, 33.234638, 37.979919>,  <26.119337, 32.835102, 37.467770>, 0.130000
	pigment { color rgbt <1,0,0,0> }
	no_shadow
}

// nucleotide -1

// particle -1
sphere {
	<26.364222, 33.234638, 37.979919> 0.250000
	pigment { color rgbt <1,0,0,0> }
	no_shadow
}
cylinder {
	<26.072197, 33.416203, 37.775578>,  <25.896982, 33.525143, 37.652973>, 0.100000
	pigment { color rgbt <1,0,0,0> }
	no_shadow
}
cylinder {
	<26.072197, 33.416203, 37.775578>,  <26.364222, 33.234638, 37.979919>, 0.100000
	pigment { color rgbt <1,0,0,0> }
	no_shadow
}

// particle -1
sphere {
	<26.072197, 33.416203, 37.775578> 0.100000
	pigment { color rgbt <1,0,0,0> }
	no_shadow
}
sphere {
	0, 1
	scale<0.080000,0.200000,0.300000>
	matrix <-0.497490, 0.159499, 0.852681,
		0.468521, 0.876656, 0.109371,
		-0.730063, 0.453910, -0.510856,
		25.853178, 33.552376, 37.622322>
	pigment { color rgbt <0,1,1,0> }
	no_shadow
}
cylinder {
	<26.049498, 33.823833, 38.415779>,  <26.364222, 33.234638, 37.979919>, 0.130000
	pigment { color rgbt <1,0,0,0> }
	no_shadow
}

// nucleotide -1

// particle -1
sphere {
	<26.049498, 33.823833, 38.415779> 0.250000
	pigment { color rgbt <1,0,0,0> }
	no_shadow
}
cylinder {
	<25.757229, 33.755463, 38.151382>,  <25.581867, 33.714439, 37.992744>, 0.100000
	pigment { color rgbt <1,0,0,0> }
	no_shadow
}
cylinder {
	<25.757229, 33.755463, 38.151382>,  <26.049498, 33.823833, 38.415779>, 0.100000
	pigment { color rgbt <1,0,0,0> }
	no_shadow
}

// particle -1
sphere {
	<25.757229, 33.755463, 38.151382> 0.100000
	pigment { color rgbt <1,0,0,0> }
	no_shadow
}
sphere {
	0, 1
	scale<0.080000,0.200000,0.300000>
	matrix <-0.678479, 0.073901, 0.730893,
		-0.076080, 0.982509, -0.169966,
		-0.730670, -0.170925, -0.660989,
		25.538029, 33.704185, 37.953087>
	pigment { color rgbt <0,1,1,0> }
	no_shadow
}
cylinder {
	<25.513514, 34.238346, 38.658916>,  <26.049498, 33.823833, 38.415779>, 0.130000
	pigment { color rgbt <1,0,0,0> }
	no_shadow
}

// nucleotide -1

// particle -1
sphere {
	<25.513514, 34.238346, 38.658916> 0.250000
	pigment { color rgbt <1,0,0,0> }
	no_shadow
}
cylinder {
	<25.376984, 33.920464, 38.458141>,  <25.295067, 33.729733, 38.337677>, 0.100000
	pigment { color rgbt <1,0,0,0> }
	no_shadow
}
cylinder {
	<25.376984, 33.920464, 38.458141>,  <25.513514, 34.238346, 38.658916>, 0.100000
	pigment { color rgbt <1,0,0,0> }
	no_shadow
}

// particle -1
sphere {
	<25.376984, 33.920464, 38.458141> 0.100000
	pigment { color rgbt <1,0,0,0> }
	no_shadow
}
sphere {
	0, 1
	scale<0.080000,0.200000,0.300000>
	matrix <-0.807067, -0.025941, 0.589890,
		-0.481810, 0.606439, -0.632527,
		-0.341324, -0.794707, -0.501935,
		25.274586, 33.682053, 38.307560>
	pigment { color rgbt <0,1,1,0> }
	no_shadow
}
cylinder {
	<24.869980, 33.992699, 39.063877>,  <25.513514, 34.238346, 38.658916>, 0.130000
	pigment { color rgbt <1,0,0,0> }
	no_shadow
}

// nucleotide -1

// particle -1
sphere {
	<24.869980, 33.992699, 39.063877> 0.250000
	pigment { color rgbt <1,0,0,0> }
	no_shadow
}
cylinder {
	<24.664612, 33.651794, 39.023758>,  <24.541391, 33.447254, 38.999687>, 0.100000
	pigment { color rgbt <1,0,0,0> }
	no_shadow
}
cylinder {
	<24.664612, 33.651794, 39.023758>,  <24.869980, 33.992699, 39.063877>, 0.100000
	pigment { color rgbt <1,0,0,0> }
	no_shadow
}

// particle -1
sphere {
	<24.664612, 33.651794, 39.023758> 0.100000
	pigment { color rgbt <1,0,0,0> }
	no_shadow
}
sphere {
	0, 1
	scale<0.080000,0.200000,0.300000>
	matrix <0.157389, 0.021378, -0.987305,
		0.843581, -0.522687, 0.123160,
		-0.513419, -0.852256, -0.100299,
		24.510586, 33.396118, 38.993668>
	pigment { color rgbt <0,1,1,0> }
	no_shadow
}
cylinder {
	<25.231056, 33.374916, 38.726624>,  <24.869980, 33.992699, 39.063877>, 0.130000
	pigment { color rgbt <1,0,0,0> }
	no_shadow
}

// nucleotide -1

// particle -1
sphere {
	<25.231056, 33.374916, 38.726624> 0.250000
	pigment { color rgbt <1,0,0,0> }
	no_shadow
}
cylinder {
	<24.839008, 33.384945, 38.647896>,  <24.603779, 33.390961, 38.600658>, 0.100000
	pigment { color rgbt <1,0,0,0> }
	no_shadow
}
cylinder {
	<24.839008, 33.384945, 38.647896>,  <25.231056, 33.374916, 38.726624>, 0.100000
	pigment { color rgbt <1,0,0,0> }
	no_shadow
}

// particle -1
sphere {
	<24.839008, 33.384945, 38.647896> 0.100000
	pigment { color rgbt <1,0,0,0> }
	no_shadow
}
sphere {
	0, 1
	scale<0.080000,0.200000,0.300000>
	matrix <0.198294, 0.157639, -0.967383,
		0.006775, -0.987179, -0.159476,
		-0.980119, 0.025069, -0.196819,
		24.544973, 33.392464, 38.588848>
	pigment { color rgbt <0,1,1,0> }
	no_shadow
}
cylinder {
	<25.005386, 32.931072, 38.163364>,  <25.231056, 33.374916, 38.726624>, 0.130000
	pigment { color rgbt <1,0,0,0> }
	no_shadow
}

// nucleotide -1

// particle -1
sphere {
	<25.005386, 32.931072, 38.163364> 0.250000
	pigment { color rgbt <1,0,0,0> }
	no_shadow
}
cylinder {
	<24.838066, 33.289757, 38.221230>,  <24.737675, 33.504967, 38.255951>, 0.100000
	pigment { color rgbt <1,0,0,0> }
	no_shadow
}
cylinder {
	<24.838066, 33.289757, 38.221230>,  <25.005386, 32.931072, 38.163364>, 0.100000
	pigment { color rgbt <1,0,0,0> }
	no_shadow
}

// particle -1
sphere {
	<24.838066, 33.289757, 38.221230> 0.100000
	pigment { color rgbt <1,0,0,0> }
	no_shadow
}
sphere {
	0, 1
	scale<0.080000,0.200000,0.300000>
	matrix <0.427893, 0.335032, -0.839441,
		-0.801207, -0.289236, -0.523841,
		-0.418300, 0.896714, 0.144668,
		24.712576, 33.558769, 38.264629>
	pigment { color rgbt <0,1,1,0> }
	no_shadow
}
cylinder {
	<24.671116, 33.077187, 37.568314>,  <25.005386, 32.931072, 38.163364>, 0.130000
	pigment { color rgbt <1,0,0,0> }
	no_shadow
}

// nucleotide -1

// particle -1
sphere {
	<24.671116, 33.077187, 37.568314> 0.250000
	pigment { color rgbt <1,0,0,0> }
	no_shadow
}
cylinder {
	<24.806528, 33.406116, 37.751259>,  <24.887775, 33.603474, 37.861027>, 0.100000
	pigment { color rgbt <1,0,0,0> }
	no_shadow
}
cylinder {
	<24.806528, 33.406116, 37.751259>,  <24.671116, 33.077187, 37.568314>, 0.100000
	pigment { color rgbt <1,0,0,0> }
	no_shadow
}

// particle -1
sphere {
	<24.806528, 33.406116, 37.751259> 0.100000
	pigment { color rgbt <1,0,0,0> }
	no_shadow
}
sphere {
	0, 1
	scale<0.080000,0.200000,0.300000>
	matrix <0.686387, 0.116674, -0.717817,
		-0.643639, 0.556933, -0.524933,
		0.338530, 0.822322, 0.457367,
		24.908087, 33.652813, 37.888470>
	pigment { color rgbt <0,1,1,0> }
	no_shadow
}
cylinder {
	<24.626060, 33.627457, 37.115746>,  <24.671116, 33.077187, 37.568314>, 0.130000
	pigment { color rgbt <1,0,0,0> }
	no_shadow
}

// nucleotide -1

// particle -1
sphere {
	<24.626060, 33.627457, 37.115746> 0.250000
	pigment { color rgbt <1,0,0,0> }
	no_shadow
}
cylinder {
	<24.920643, 33.669331, 37.383080>,  <25.097393, 33.694454, 37.543480>, 0.100000
	pigment { color rgbt <1,0,0,0> }
	no_shadow
}
cylinder {
	<24.920643, 33.669331, 37.383080>,  <24.626060, 33.627457, 37.115746>, 0.100000
	pigment { color rgbt <1,0,0,0> }
	no_shadow
}

// particle -1
sphere {
	<24.920643, 33.669331, 37.383080> 0.100000
	pigment { color rgbt <1,0,0,0> }
	no_shadow
}
sphere {
	0, 1
	scale<0.080000,0.200000,0.300000>
	matrix <0.636134, 0.228934, -0.736833,
		-0.230141, 0.967797, 0.102006,
		0.736457, 0.104686, 0.668335,
		25.141581, 33.700737, 37.583580>
	pigment { color rgbt <0,1,1,0> }
	no_shadow
}
cylinder {
	<24.941782, 34.181816, 36.933853>,  <24.626060, 33.627457, 37.115746>, 0.130000
	pigment { color rgbt <1,0,0,0> }
	no_shadow
}

// nucleotide -1

// particle -1
sphere {
	<24.941782, 34.181816, 36.933853> 0.250000
	pigment { color rgbt <1,0,0,0> }
	no_shadow
}
cylinder {
	<25.218307, 33.998486, 37.157288>,  <25.384222, 33.888489, 37.291348>, 0.100000
	pigment { color rgbt <1,0,0,0> }
	no_shadow
}
cylinder {
	<25.218307, 33.998486, 37.157288>,  <24.941782, 34.181816, 36.933853>, 0.100000
	pigment { color rgbt <1,0,0,0> }
	no_shadow
}

// particle -1
sphere {
	<25.218307, 33.998486, 37.157288> 0.100000
	pigment { color rgbt <1,0,0,0> }
	no_shadow
}
sphere {
	0, 1
	scale<0.080000,0.200000,0.300000>
	matrix <0.678693, 0.146644, -0.719632,
		0.247911, 0.876604, 0.412439,
		0.691314, -0.458324, 0.558590,
		25.425701, 33.860989, 37.324863>
	pigment { color rgbt <0,1,1,0> }
	no_shadow
}
cylinder {
	<25.469622, 34.619011, 36.920921>,  <24.941782, 34.181816, 36.933853>, 0.130000
	pigment { color rgbt <1,0,0,0> }
	no_shadow
}

// nucleotide -1

// particle -1
sphere {
	<25.469622, 34.619011, 36.920921> 0.250000
	pigment { color rgbt <1,0,0,0> }
	no_shadow
}
cylinder {
	<25.622162, 34.254375, 36.982353>,  <25.713686, 34.035595, 37.019211>, 0.100000
	pigment { color rgbt <1,0,0,0> }
	no_shadow
}
cylinder {
	<25.622162, 34.254375, 36.982353>,  <25.469622, 34.619011, 36.920921>, 0.100000
	pigment { color rgbt <1,0,0,0> }
	no_shadow
}

// particle -1
sphere {
	<25.622162, 34.254375, 36.982353> 0.100000
	pigment { color rgbt <1,0,0,0> }
	no_shadow
}
sphere {
	0, 1
	scale<0.080000,0.200000,0.300000>
	matrix <0.696012, 0.173793, -0.696680,
		0.608391, 0.372573, 0.700749,
		0.381349, -0.911584, 0.153581,
		25.736567, 33.980900, 37.028427>
	pigment { color rgbt <0,1,1,0> }
	no_shadow
}
cylinder {
	<26.231802, 34.690811, 36.896633>,  <25.469622, 34.619011, 36.920921>, 0.130000
	pigment { color rgbt <1,0,0,0> }
	no_shadow
}

// nucleotide -1

// particle -1
sphere {
	<26.231802, 34.690811, 36.896633> 0.250000
	pigment { color rgbt <1,0,0,0> }
	no_shadow
}
cylinder {
	<26.176819, 34.297527, 36.848610>,  <26.143829, 34.061558, 36.819798>, 0.100000
	pigment { color rgbt <1,0,0,0> }
	no_shadow
}
cylinder {
	<26.176819, 34.297527, 36.848610>,  <26.231802, 34.690811, 36.896633>, 0.100000
	pigment { color rgbt <1,0,0,0> }
	no_shadow
}

// particle -1
sphere {
	<26.176819, 34.297527, 36.848610> 0.100000
	pigment { color rgbt <1,0,0,0> }
	no_shadow
}
sphere {
	0, 1
	scale<0.080000,0.200000,0.300000>
	matrix <0.535911, 0.028112, -0.843807,
		0.833010, -0.180327, 0.523046,
		-0.137457, -0.983205, -0.120057,
		26.135582, 34.002567, 36.812592>
	pigment { color rgbt <0,1,1,0> }
	no_shadow
}
cylinder {
	<26.926552, 34.376755, 36.799843>,  <26.231802, 34.690811, 36.896633>, 0.130000
	pigment { color rgbt <1,0,0,0> }
	no_shadow
}

// nucleotide -1

// particle -1
sphere {
	<26.926552, 34.376755, 36.799843> 0.250000
	pigment { color rgbt <1,0,0,0> }
	no_shadow
}
cylinder {
	<26.644163, 34.160454, 36.616898>,  <26.474730, 34.030674, 36.507130>, 0.100000
	pigment { color rgbt <1,0,0,0> }
	no_shadow
}
cylinder {
	<26.644163, 34.160454, 36.616898>,  <26.926552, 34.376755, 36.799843>, 0.100000
	pigment { color rgbt <1,0,0,0> }
	no_shadow
}

// particle -1
sphere {
	<26.644163, 34.160454, 36.616898> 0.100000
	pigment { color rgbt <1,0,0,0> }
	no_shadow
}
sphere {
	0, 1
	scale<0.080000,0.200000,0.300000>
	matrix <0.524009, 0.035633, -0.850967,
		0.476463, -0.840424, 0.258205,
		-0.705973, -0.540756, -0.457367,
		26.432371, 33.998226, 36.479687>
	pigment { color rgbt <0,1,1,0> }
	no_shadow
}
cylinder {
	<27.229950, 33.718693, 36.423256>,  <26.926552, 34.376755, 36.799843>, 0.130000
	pigment { color rgbt <1,0,0,0> }
	no_shadow
}

// nucleotide -1

// particle -1
sphere {
	<27.229950, 33.718693, 36.423256> 0.250000
	pigment { color rgbt <1,0,0,0> }
	no_shadow
}
cylinder {
	<26.903248, 33.886185, 36.264473>,  <26.707226, 33.986679, 36.169201>, 0.100000
	pigment { color rgbt <1,0,0,0> }
	no_shadow
}
cylinder {
	<26.903248, 33.886185, 36.264473>,  <27.229950, 33.718693, 36.423256>, 0.100000
	pigment { color rgbt <1,0,0,0> }
	no_shadow
}

// particle -1
sphere {
	<26.903248, 33.886185, 36.264473> 0.100000
	pigment { color rgbt <1,0,0,0> }
	no_shadow
}
sphere {
	0, 1
	scale<0.080000,0.200000,0.300000>
	matrix <0.507951, 0.195492, -0.838909,
		-0.273671, -0.886821, -0.372362,
		-0.816756, 0.418727, -0.396961,
		26.658220, 34.011803, 36.145386>
	pigment { color rgbt <0,1,1,0> }
	no_shadow
}
cylinder {
	<27.904587, 33.924534, 36.357857>,  <27.229950, 33.718693, 36.423256>, 0.130000
	pigment { color rgbt <1,0,0,0> }
	no_shadow
}

// nucleotide -1

// particle -1
sphere {
	<27.904587, 33.924534, 36.357857> 0.250000
	pigment { color rgbt <1,0,0,0> }
	no_shadow
}
cylinder {
	<28.172525, 34.121387, 36.135464>,  <28.333288, 34.239498, 36.002029>, 0.100000
	pigment { color rgbt <1,0,0,0> }
	no_shadow
}
cylinder {
	<28.172525, 34.121387, 36.135464>,  <27.904587, 33.924534, 36.357857>, 0.100000
	pigment { color rgbt <1,0,0,0> }
	no_shadow
}

// particle -1
sphere {
	<28.172525, 34.121387, 36.135464> 0.100000
	pigment { color rgbt <1,0,0,0> }
	no_shadow
}
sphere {
	0, 1
	scale<0.080000,0.200000,0.300000>
	matrix <0.509239, 0.240438, 0.826357,
		0.540355, -0.836658, -0.089555,
		0.669845, 0.492131, -0.555981,
		28.373480, 34.269028, 35.968670>
	pigment { color rgbt <0,1,1,0> }
	no_shadow
}
cylinder {
	<28.560848, 33.714470, 36.641941>,  <27.904587, 33.924534, 36.357857>, 0.130000
	pigment { color rgbt <1,0,0,0> }
	no_shadow
}

// nucleotide -1

// particle -1
sphere {
	<28.560848, 33.714470, 36.641941> 0.250000
	pigment { color rgbt <1,0,0,0> }
	no_shadow
}
cylinder {
	<28.589186, 34.062630, 36.447048>,  <28.606188, 34.271526, 36.330112>, 0.100000
	pigment { color rgbt <1,0,0,0> }
	no_shadow
}
cylinder {
	<28.589186, 34.062630, 36.447048>,  <28.560848, 33.714470, 36.641941>, 0.100000
	pigment { color rgbt <1,0,0,0> }
	no_shadow
}

// particle -1
sphere {
	<28.589186, 34.062630, 36.447048> 0.100000
	pigment { color rgbt <1,0,0,0> }
	no_shadow
}
sphere {
	0, 1
	scale<0.080000,0.200000,0.300000>
	matrix <0.409539, 0.420010, 0.809858,
		0.909538, -0.256912, -0.326707,
		0.070842, 0.870395, -0.487230,
		28.610439, 34.323750, 36.300880>
	pigment { color rgbt <0,1,1,0> }
	no_shadow
}
cylinder {
	<29.290567, 33.937637, 36.707085>,  <28.560848, 33.714470, 36.641941>, 0.130000
	pigment { color rgbt <1,0,0,0> }
	no_shadow
}

// nucleotide -1

// particle -1
sphere {
	<29.290567, 33.937637, 36.707085> 0.250000
	pigment { color rgbt <1,0,0,0> }
	no_shadow
}
cylinder {
	<29.026602, 34.235661, 36.668289>,  <28.868221, 34.414474, 36.645012>, 0.100000
	pigment { color rgbt <1,0,0,0> }
	no_shadow
}
cylinder {
	<29.026602, 34.235661, 36.668289>,  <29.290567, 33.937637, 36.707085>, 0.100000
	pigment { color rgbt <1,0,0,0> }
	no_shadow
}

// particle -1
sphere {
	<29.026602, 34.235661, 36.668289> 0.100000
	pigment { color rgbt <1,0,0,0> }
	no_shadow
}
sphere {
	0, 1
	scale<0.080000,0.200000,0.300000>
	matrix <0.418826, 0.471959, 0.775783,
		0.623776, 0.471328, -0.623501,
		-0.659915, 0.745053, -0.096992,
		28.828627, 34.459175, 36.639191>
	pigment { color rgbt <0,1,1,0> }
	no_shadow
}
cylinder {
	<29.480606, 34.656723, 36.332478>,  <29.290567, 33.937637, 36.707085>, 0.130000
	pigment { color rgbt <1,0,0,0> }
	no_shadow
}

// nucleotide -1

// particle -1
sphere {
	<29.480606, 34.656723, 36.332478> 0.250000
	pigment { color rgbt <1,0,0,0> }
	no_shadow
}
cylinder {
	<29.236855, 34.642288, 36.649300>,  <29.090605, 34.633629, 36.839394>, 0.100000
	pigment { color rgbt <1,0,0,0> }
	no_shadow
}
cylinder {
	<29.236855, 34.642288, 36.649300>,  <29.480606, 34.656723, 36.332478>, 0.100000
	pigment { color rgbt <1,0,0,0> }
	no_shadow
}

// particle -1
sphere {
	<29.236855, 34.642288, 36.649300> 0.100000
	pigment { color rgbt <1,0,0,0> }
	no_shadow
}
sphere {
	0, 1
	scale<0.080000,0.200000,0.300000>
	matrix <0.705196, 0.431973, 0.562226,
		-0.362435, 0.901165, -0.237788,
		-0.609377, -0.036083, 0.792060,
		29.054041, 34.631462, 36.886917>
	pigment { color rgbt <0,1,1,0> }
	no_shadow
}
cylinder {
	<29.466522, 35.339275, 36.720589>,  <29.480606, 34.656723, 36.332478>, 0.130000
	pigment { color rgbt <1,0,0,0> }
	no_shadow
}

// nucleotide -1

// particle -1
sphere {
	<29.466522, 35.339275, 36.720589> 0.250000
	pigment { color rgbt <1,0,0,0> }
	no_shadow
}
cylinder {
	<29.376513, 35.050129, 36.981918>,  <29.322508, 34.876640, 37.138714>, 0.100000
	pigment { color rgbt <1,0,0,0> }
	no_shadow
}
cylinder {
	<29.376513, 35.050129, 36.981918>,  <29.466522, 35.339275, 36.720589>, 0.100000
	pigment { color rgbt <1,0,0,0> }
	no_shadow
}

// particle -1
sphere {
	<29.376513, 35.050129, 36.981918> 0.100000
	pigment { color rgbt <1,0,0,0> }
	no_shadow
}
sphere {
	0, 1
	scale<0.080000,0.200000,0.300000>
	matrix <0.584182, 0.436543, 0.684224,
		-0.779805, 0.535624, 0.324055,
		-0.225023, -0.722868, 0.653320,
		29.309006, 34.833267, 37.177914>
	pigment { color rgbt <0,1,1,0> }
	no_shadow
}
cylinder {
	<29.149010, 35.637146, 37.399986>,  <29.466522, 35.339275, 36.720589>, 0.130000
	pigment { color rgbt <1,0,0,0> }
	no_shadow
}

// nucleotide -1

// particle -1
sphere {
	<29.149010, 35.637146, 37.399986> 0.250000
	pigment { color rgbt <1,0,0,0> }
	no_shadow
}
cylinder {
	<29.314423, 35.280617, 37.474319>,  <29.413671, 35.066700, 37.518921>, 0.100000
	pigment { color rgbt <1,0,0,0> }
	no_shadow
}
cylinder {
	<29.314423, 35.280617, 37.474319>,  <29.149010, 35.637146, 37.399986>, 0.100000
	pigment { color rgbt <1,0,0,0> }
	no_shadow
}

// particle -1
sphere {
	<29.314423, 35.280617, 37.474319> 0.100000
	pigment { color rgbt <1,0,0,0> }
	no_shadow
}
sphere {
	0, 1
	scale<0.080000,0.200000,0.300000>
	matrix <0.592938, 0.418526, 0.687939,
		-0.690952, -0.174299, 0.701574,
		0.413534, -0.891323, 0.185833,
		29.438482, 35.013222, 37.530067>
	pigment { color rgbt <0,1,1,0> }
	no_shadow
}
cylinder {
	<29.003273, 35.700424, 38.087719>,  <29.149010, 35.637146, 37.399986>, 0.130000
	pigment { color rgbt <1,0,0,0> }
	no_shadow
}

// nucleotide -1

// particle -1
sphere {
	<29.003273, 35.700424, 38.087719> 0.250000
	pigment { color rgbt <1,0,0,0> }
	no_shadow
}
cylinder {
	<29.294468, 35.445629, 37.986301>,  <29.469185, 35.292751, 37.925449>, 0.100000
	pigment { color rgbt <1,0,0,0> }
	no_shadow
}
cylinder {
	<29.294468, 35.445629, 37.986301>,  <29.003273, 35.700424, 38.087719>, 0.100000
	pigment { color rgbt <1,0,0,0> }
	no_shadow
}

// particle -1
sphere {
	<29.294468, 35.445629, 37.986301> 0.100000
	pigment { color rgbt <1,0,0,0> }
	no_shadow
}
sphere {
	0, 1
	scale<0.080000,0.200000,0.300000>
	matrix <0.576687, 0.368940, 0.728914,
		-0.370764, -0.676857, 0.635924,
		0.727988, -0.636984, -0.253545,
		29.512865, 35.254536, 37.910236>
	pigment { color rgbt <0,1,1,0> }
	no_shadow
}
cylinder {
	<29.246075, 35.179268, 38.634182>,  <29.003273, 35.700424, 38.087719>, 0.130000
	pigment { color rgbt <1,0,0,0> }
	no_shadow
}

// nucleotide -1

// particle -1
sphere {
	<29.246075, 35.179268, 38.634182> 0.250000
	pigment { color rgbt <1,0,0,0> }
	no_shadow
}
cylinder {
	<29.548660, 35.304939, 38.404728>,  <29.730211, 35.380341, 38.267056>, 0.100000
	pigment { color rgbt <1,0,0,0> }
	no_shadow
}
cylinder {
	<29.548660, 35.304939, 38.404728>,  <29.246075, 35.179268, 38.634182>, 0.100000
	pigment { color rgbt <1,0,0,0> }
	no_shadow
}

// particle -1
sphere {
	<29.548660, 35.304939, 38.404728> 0.100000
	pigment { color rgbt <1,0,0,0> }
	no_shadow
}
sphere {
	0, 1
	scale<0.080000,0.200000,0.300000>
	matrix <0.474238, 0.340506, 0.811883,
		0.450402, -0.886198, 0.108584,
		0.756463, 0.314180, -0.573633,
		29.775599, 35.399193, 38.232639>
	pigment { color rgbt <0,1,1,0> }
	no_shadow
}
cylinder {
	<29.904106, 34.843094, 38.813381>,  <29.246075, 35.179268, 38.634182>, 0.130000
	pigment { color rgbt <1,0,0,0> }
	no_shadow
}

// nucleotide -1

// particle -1
sphere {
	<29.904106, 34.843094, 38.813381> 0.250000
	pigment { color rgbt <1,0,0,0> }
	no_shadow
}
cylinder {
	<29.940414, 35.220528, 38.686001>,  <29.962200, 35.446987, 38.609573>, 0.100000
	pigment { color rgbt <1,0,0,0> }
	no_shadow
}
cylinder {
	<29.940414, 35.220528, 38.686001>,  <29.904106, 34.843094, 38.813381>, 0.100000
	pigment { color rgbt <1,0,0,0> }
	no_shadow
}

// particle -1
sphere {
	<29.940414, 35.220528, 38.686001> 0.100000
	pigment { color rgbt <1,0,0,0> }
	no_shadow
}
sphere {
	0, 1
	scale<0.080000,0.200000,0.300000>
	matrix <0.285421, 0.281703, 0.916067,
		0.954094, -0.174044, -0.243748,
		0.090771, 0.943585, -0.318447,
		29.967646, 35.503605, 38.590466>
	pigment { color rgbt <0,1,1,0> }
	no_shadow
}
cylinder {
	<30.547028, 35.094479, 39.102333>,  <29.904106, 34.843094, 38.813381>, 0.130000
	pigment { color rgbt <1,0,0,0> }
	no_shadow
}

// nucleotide -1

// particle -1
sphere {
	<30.547028, 35.094479, 39.102333> 0.250000
	pigment { color rgbt <1,0,0,0> }
	no_shadow
}
cylinder {
	<30.344540, 35.427704, 39.013119>,  <30.223047, 35.627640, 38.959591>, 0.100000
	pigment { color rgbt <1,0,0,0> }
	no_shadow
}
cylinder {
	<30.344540, 35.427704, 39.013119>,  <30.547028, 35.094479, 39.102333>, 0.100000
	pigment { color rgbt <1,0,0,0> }
	no_shadow
}

// particle -1
sphere {
	<30.344540, 35.427704, 39.013119> 0.100000
	pigment { color rgbt <1,0,0,0> }
	no_shadow
}
sphere {
	0, 1
	scale<0.080000,0.200000,0.300000>
	matrix <0.461010, 0.479971, 0.746390,
		0.728844, 0.275013, -0.627021,
		-0.506218, 0.833064, -0.223040,
		30.192675, 35.677624, 38.946205>
	pigment { color rgbt <0,1,1,0> }
	no_shadow
}
cylinder {
	<30.958406, 35.603516, 39.266262>,  <30.547028, 35.094479, 39.102333>, 0.130000
	pigment { color rgbt <1,0,0,0> }
	no_shadow
}

// nucleotide -1

// particle -1
sphere {
	<30.958406, 35.603516, 39.266262> 0.250000
	pigment { color rgbt <1,0,0,0> }
	no_shadow
}
cylinder {
	<30.615685, 35.806580, 39.230106>,  <30.410051, 35.928417, 39.208412>, 0.100000
	pigment { color rgbt <1,0,0,0> }
	no_shadow
}
cylinder {
	<30.615685, 35.806580, 39.230106>,  <30.958406, 35.603516, 39.266262>, 0.100000
	pigment { color rgbt <1,0,0,0> }
	no_shadow
}

// particle -1
sphere {
	<30.615685, 35.806580, 39.230106> 0.100000
	pigment { color rgbt <1,0,0,0> }
	no_shadow
}
sphere {
	0, 1
	scale<0.080000,0.200000,0.300000>
	matrix <0.320369, 0.661451, 0.678120,
		0.404042, 0.552057, -0.729372,
		-0.856804, 0.507657, -0.090392,
		30.358643, 35.958878, 39.202988>
	pigment { color rgbt <0,1,1,0> }
	no_shadow
}
cylinder {
	<31.171589, 36.269337, 39.316349>,  <30.958406, 35.603516, 39.266262>, 0.130000
	pigment { color rgbt <1,0,0,0> }
	no_shadow
}

// nucleotide -1

// particle -1
sphere {
	<31.171589, 36.269337, 39.316349> 0.250000
	pigment { color rgbt <1,0,0,0> }
	no_shadow
}
cylinder {
	<30.787571, 36.266106, 39.428242>,  <30.557159, 36.264168, 39.495377>, 0.100000
	pigment { color rgbt <1,0,0,0> }
	no_shadow
}
cylinder {
	<30.787571, 36.266106, 39.428242>,  <31.171589, 36.269337, 39.316349>, 0.100000
	pigment { color rgbt <1,0,0,0> }
	no_shadow
}

// particle -1
sphere {
	<30.787571, 36.266106, 39.428242> 0.100000
	pigment { color rgbt <1,0,0,0> }
	no_shadow
}
sphere {
	0, 1
	scale<0.080000,0.200000,0.300000>
	matrix <0.236557, 0.510641, 0.826611,
		-0.149515, 0.859756, -0.488329,
		-0.960045, -0.008073, 0.279730,
		30.499557, 36.263683, 39.512161>
	pigment { color rgbt <0,1,1,0> }
	no_shadow
}
cylinder {
	<31.370186, 37.027233, 39.394524>,  <31.171589, 36.269337, 39.316349>, 0.130000
	pigment { color rgbt <1,0,0,0> }
	no_shadow
}

// nucleotide -1

// particle -1
sphere {
	<31.370186, 37.027233, 39.394524> 0.250000
	pigment { color rgbt <1,0,0,0> }
	no_shadow
}
cylinder {
	<31.501284, 37.335644, 39.176128>,  <31.579943, 37.520691, 39.045090>, 0.100000
	pigment { color rgbt <1,0,0,0> }
	no_shadow
}
cylinder {
	<31.501284, 37.335644, 39.176128>,  <31.370186, 37.027233, 39.394524>, 0.100000
	pigment { color rgbt <1,0,0,0> }
	no_shadow
}

// particle -1
sphere {
	<31.501284, 37.335644, 39.176128> 0.100000
	pigment { color rgbt <1,0,0,0> }
	no_shadow
}
sphere {
	0, 1
	scale<0.080000,0.200000,0.300000>
	matrix <0.936723, -0.340446, 0.081524,
		-0.123023, -0.538160, -0.833816,
		0.327742, 0.771025, -0.545990,
		31.599606, 37.566952, 39.012333>
	pigment { color rgbt <0,1,1,0> }
	no_shadow
}
cylinder {
	<31.277027, 36.832294, 40.166386>,  <31.370186, 37.027233, 39.394524>, 0.130000
	pigment { color rgbt <1,0,0,0> }
	no_shadow
}

// nucleotide -1

// particle -1
sphere {
	<31.277027, 36.832294, 40.166386> 0.250000
	pigment { color rgbt <1,0,0,0> }
	no_shadow
}
cylinder {
	<31.066517, 36.982910, 40.471344>,  <30.940210, 37.073280, 40.654320>, 0.100000
	pigment { color rgbt <1,0,0,0> }
	no_shadow
}
cylinder {
	<31.066517, 36.982910, 40.471344>,  <31.277027, 36.832294, 40.166386>, 0.100000
	pigment { color rgbt <1,0,0,0> }
	no_shadow
}

// particle -1
sphere {
	<31.066517, 36.982910, 40.471344> 0.100000
	pigment { color rgbt <1,0,0,0> }
	no_shadow
}
sphere {
	0, 1
	scale<0.080000,0.200000,0.300000>
	matrix <-0.595962, -0.802875, -0.014855,
		0.606519, -0.462179, 0.646936,
		-0.526274, 0.376539, 0.762400,
		30.908634, 37.095871, 40.700066>
	pigment { color rgbt <0,1,1,0> }
	no_shadow
}
cylinder {
	<31.051195, 36.293701, 40.715172>,  <31.277027, 36.832294, 40.166386>, 0.130000
	pigment { color rgbt <1,0,0,0> }
	no_shadow
}

// nucleotide -1

// particle -1
sphere {
	<31.051195, 36.293701, 40.715172> 0.250000
	pigment { color rgbt <1,0,0,0> }
	no_shadow
}
cylinder {
	<30.803213, 36.606937, 40.695465>,  <30.654425, 36.794880, 40.683640>, 0.100000
	pigment { color rgbt <1,0,0,0> }
	no_shadow
}
cylinder {
	<30.803213, 36.606937, 40.695465>,  <31.051195, 36.293701, 40.715172>, 0.100000
	pigment { color rgbt <1,0,0,0> }
	no_shadow
}

// particle -1
sphere {
	<30.803213, 36.606937, 40.695465> 0.100000
	pigment { color rgbt <1,0,0,0> }
	no_shadow
}
sphere {
	0, 1
	scale<0.080000,0.200000,0.300000>
	matrix <-0.670837, -0.561563, -0.484380,
		-0.406981, -0.267241, 0.873469,
		-0.619955, 0.783089, -0.049270,
		30.617228, 36.841866, 40.680683>
	pigment { color rgbt <0,1,1,0> }
	no_shadow
}
cylinder {
	<30.317535, 36.217056, 40.726711>,  <31.051195, 36.293701, 40.715172>, 0.130000
	pigment { color rgbt <1,0,0,0> }
	no_shadow
}

// nucleotide -1

// particle -1
sphere {
	<30.317535, 36.217056, 40.726711> 0.250000
	pigment { color rgbt <1,0,0,0> }
	no_shadow
}
cylinder {
	<30.349590, 36.528400, 40.477638>,  <30.368822, 36.715206, 40.328194>, 0.100000
	pigment { color rgbt <1,0,0,0> }
	no_shadow
}
cylinder {
	<30.349590, 36.528400, 40.477638>,  <30.317535, 36.217056, 40.726711>, 0.100000
	pigment { color rgbt <1,0,0,0> }
	no_shadow
}

// particle -1
sphere {
	<30.349590, 36.528400, 40.477638> 0.100000
	pigment { color rgbt <1,0,0,0> }
	no_shadow
}
sphere {
	0, 1
	scale<0.080000,0.200000,0.300000>
	matrix <-0.380887, -0.553379, -0.740740,
		-0.921142, 0.296534, 0.252120,
		0.080137, 0.778357, -0.622687,
		30.373631, 36.761906, 40.290833>
	pigment { color rgbt <0,1,1,0> }
	no_shadow
}
cylinder {
	<29.703201, 36.198326, 40.453205>,  <30.317535, 36.217056, 40.726711>, 0.130000
	pigment { color rgbt <1,0,0,0> }
	no_shadow
}

// nucleotide -1

// particle -1
sphere {
	<29.703201, 36.198326, 40.453205> 0.250000
	pigment { color rgbt <1,0,0,0> }
	no_shadow
}
cylinder {
	<29.953573, 36.398006, 40.213535>,  <30.103796, 36.517815, 40.069733>, 0.100000
	pigment { color rgbt <1,0,0,0> }
	no_shadow
}
cylinder {
	<29.953573, 36.398006, 40.213535>,  <29.703201, 36.198326, 40.453205>, 0.100000
	pigment { color rgbt <1,0,0,0> }
	no_shadow
}

// particle -1
sphere {
	<29.953573, 36.398006, 40.213535> 0.100000
	pigment { color rgbt <1,0,0,0> }
	no_shadow
}
sphere {
	0, 1
	scale<0.080000,0.200000,0.300000>
	matrix <-0.396582, -0.457799, -0.795703,
		-0.671516, 0.735676, -0.088577,
		0.625930, 0.499200, -0.599176,
		30.141352, 36.547768, 40.033783>
	pigment { color rgbt <0,1,1,0> }
	no_shadow
}
cylinder {
	<29.268570, 36.484032, 39.861847>,  <29.703201, 36.198326, 40.453205>, 0.130000
	pigment { color rgbt <1,0,0,0> }
	no_shadow
}

// nucleotide -1

// particle -1
sphere {
	<29.268570, 36.484032, 39.861847> 0.250000
	pigment { color rgbt <1,0,0,0> }
	no_shadow
}
cylinder {
	<29.642649, 36.399910, 39.747879>,  <29.867096, 36.349438, 39.679501>, 0.100000
	pigment { color rgbt <1,0,0,0> }
	no_shadow
}
cylinder {
	<29.642649, 36.399910, 39.747879>,  <29.268570, 36.484032, 39.861847>, 0.100000
	pigment { color rgbt <1,0,0,0> }
	no_shadow
}

// particle -1
sphere {
	<29.642649, 36.399910, 39.747879> 0.100000
	pigment { color rgbt <1,0,0,0> }
	no_shadow
}
sphere {
	0, 1
	scale<0.080000,0.200000,0.300000>
	matrix <-0.353882, -0.525269, -0.773860,
		0.013085, 0.824540, -0.565653,
		0.935199, -0.210301, -0.284917,
		29.923208, 36.336819, 39.662403>
	pigment { color rgbt <0,1,1,0> }
	no_shadow
}
cylinder {
	<29.270016, 36.677929, 39.189087>,  <29.268570, 36.484032, 39.861847>, 0.130000
	pigment { color rgbt <1,0,0,0> }
	no_shadow
}

// nucleotide -1

// particle -1
sphere {
	<29.270016, 36.677929, 39.189087> 0.250000
	pigment { color rgbt <1,0,0,0> }
	no_shadow
}
cylinder {
	<29.599764, 36.451839, 39.201328>,  <29.797613, 36.316185, 39.208675>, 0.100000
	pigment { color rgbt <1,0,0,0> }
	no_shadow
}
cylinder {
	<29.599764, 36.451839, 39.201328>,  <29.270016, 36.677929, 39.189087>, 0.100000
	pigment { color rgbt <1,0,0,0> }
	no_shadow
}

// particle -1
sphere {
	<29.599764, 36.451839, 39.201328> 0.100000
	pigment { color rgbt <1,0,0,0> }
	no_shadow
}
sphere {
	0, 1
	scale<0.080000,0.200000,0.300000>
	matrix <-0.106657, -0.208202, -0.972253,
		0.555915, 0.798230, -0.231921,
		0.824368, -0.565226, 0.030606,
		29.847075, 36.282272, 39.210510>
	pigment { color rgbt <0,1,1,0> }
	no_shadow
}
cylinder {
	<29.578066, 36.825459, 38.673813>,  <29.270016, 36.677929, 39.189087>, 0.130000
	pigment { color rgbt <1,0,0,0> }
	no_shadow
}

// nucleotide -1

// particle -1
sphere {
	<29.578066, 36.825459, 38.673813> 0.250000
	pigment { color rgbt <1,0,0,0> }
	no_shadow
}
cylinder {
	<29.747105, 36.472706, 38.757423>,  <29.848528, 36.261055, 38.807590>, 0.100000
	pigment { color rgbt <1,0,0,0> }
	no_shadow
}
cylinder {
	<29.747105, 36.472706, 38.757423>,  <29.578066, 36.825459, 38.673813>, 0.100000
	pigment { color rgbt <1,0,0,0> }
	no_shadow
}

// particle -1
sphere {
	<29.747105, 36.472706, 38.757423> 0.100000
	pigment { color rgbt <1,0,0,0> }
	no_shadow
}
sphere {
	0, 1
	scale<0.080000,0.200000,0.300000>
	matrix <-0.163287, -0.300942, -0.939559,
		0.891488, 0.362922, -0.271177,
		0.422595, -0.881885, 0.209026,
		29.873882, 36.208141, 38.820129>
	pigment { color rgbt <0,1,1,0> }
	no_shadow
}
cylinder {
	<29.974970, 36.683395, 38.197395>,  <29.578066, 36.825459, 38.673813>, 0.130000
	pigment { color rgbt <1,0,0,0> }
	no_shadow
}

// nucleotide -1

// particle -1
sphere {
	<29.974970, 36.683395, 38.197395> 0.250000
	pigment { color rgbt <1,0,0,0> }
	no_shadow
}
cylinder {
	<29.908176, 36.314518, 38.336918>,  <29.868099, 36.093189, 38.420631>, 0.100000
	pigment { color rgbt <1,0,0,0> }
	no_shadow
}
cylinder {
	<29.908176, 36.314518, 38.336918>,  <29.974970, 36.683395, 38.197395>, 0.100000
	pigment { color rgbt <1,0,0,0> }
	no_shadow
}

// particle -1
sphere {
	<29.908176, 36.314518, 38.336918> 0.100000
	pigment { color rgbt <1,0,0,0> }
	no_shadow
}
sphere {
	0, 1
	scale<0.080000,0.200000,0.300000>
	matrix <-0.254147, -0.301559, -0.918951,
