// switches for output
#declare DRAW_BASES = 1; // possible values are 0, 1; only relevant for DNA ribbons
#declare DRAW_BASES_TYPE = 3; // possible values are 1, 2, 3; only relevant for DNA ribbons
#declare DRAW_FOG = 0; // set to 1 to enable fog

#include "colors.inc"

#include "transforms.inc"
background { rgb <1, 1, 1>}

#default {
   normal{
       ripples 0.25
       frequency 0.20
       turbulence 0.2
       lambda 5
   }
	finish {
		phong 0.1
		phong_size 40.
	}
}

// original window dimensions: 1024x640


// camera settings

camera {
	sky <0, 0.179814, -0.983701>
	up <0, 0.179814, -0.983701>
	right 1.6 * <1, 0, 0>
	location <35, 94.9851, 44.8844>
	look_at <35, 29.7336, 32.9568>
	direction <0, -65.2515, -11.9276>
	angle 67.0682
}


# declare cpy_camera_pos = <35, 94.9851, 44.8844>;
# if (DRAW_FOG = 1)
fog {
	fog_type 2
	up vnormalize(cpy_camera_pos)
	color rgbt<1,1,1,0.3>
	distance 1e-5
	fog_alt 3e-3
	fog_offset 56
}
# end


// LIGHTS

# declare lum = 6;
global_settings {
	ambient_light rgb lum * <0.05, 0.05, 0.05>
	max_trace_level 15
}# declare cpy_direct_light_amount = 0.25;
light_source
{	1000 * <-1, -1.16352, -0.803886>,
	rgb lum * cpy_direct_light_amount
	parallel
}

light_source
{	1000 * <1, 1.16352, 0.803886>,
	rgb lum * cpy_direct_light_amount
	parallel
}

// strand 0

// nucleotide -1

// particle -1
sphere {
	<23.918003, 35.083134, 35.042900> 0.250000
	pigment { color rgbt <1,0,0,0> }
	no_shadow
}
cylinder {
	<24.242144, 34.849033, 35.054298>,  <24.436628, 34.708572, 35.061138>, 0.100000
	pigment { color rgbt <1,0,0,0> }
	no_shadow
}
cylinder {
	<24.242144, 34.849033, 35.054298>,  <23.918003, 35.083134, 35.042900>, 0.100000
	pigment { color rgbt <1,0,0,0> }
	no_shadow
}

// particle -1
sphere {
	<24.242144, 34.849033, 35.054298> 0.100000
	pigment { color rgbt <1,0,0,0> }
	no_shadow
}
sphere {
	0, 1
	scale<0.080000,0.200000,0.300000>
	matrix <-0.135623, -0.140024, 0.980816,
		-0.570032, -0.798671, -0.192842,
		0.810352, -0.585250, 0.028500,
		24.485249, 34.673458, 35.062847>
	pigment { color rgbt <0,1,1,0> }
	no_shadow
}
cylinder {
	<23.728176, 34.605297, 35.371243>,  <23.918003, 35.083134, 35.042900>, 0.130000
	pigment { color rgbt <1,0,0,0> }
	no_shadow
}

// nucleotide -1

// particle -1
sphere {
	<23.728176, 34.605297, 35.371243> 0.250000
	pigment { color rgbt <1,0,0,0> }
	no_shadow
}
cylinder {
	<24.123392, 34.598022, 35.432487>,  <24.360521, 34.593658, 35.469234>, 0.100000
	pigment { color rgbt <1,0,0,0> }
	no_shadow
}
cylinder {
	<24.123392, 34.598022, 35.432487>,  <23.728176, 34.605297, 35.371243>, 0.100000
	pigment { color rgbt <1,0,0,0> }
	no_shadow
}

// particle -1
sphere {
	<24.123392, 34.598022, 35.432487> 0.100000
	pigment { color rgbt <1,0,0,0> }
	no_shadow
}
sphere {
	0, 1
	scale<0.080000,0.200000,0.300000>
	matrix <-0.153625, -0.031445, 0.987629,
		-0.013145, -0.999340, -0.033863,
		0.988042, -0.018185, 0.153110,
		24.419806, 34.592567, 35.478420>
	pigment { color rgbt <0,1,1,0> }
	no_shadow
}
cylinder {
	<23.893860, 34.422543, 36.098614>,  <23.728176, 34.605297, 35.371243>, 0.130000
	pigment { color rgbt <1,0,0,0> }
	no_shadow
}

// nucleotide -1

// particle -1
sphere {
	<23.893860, 34.422543, 36.098614> 0.250000
	pigment { color rgbt <1,0,0,0> }
	no_shadow
}
cylinder {
	<24.275942, 34.383144, 35.986984>,  <24.505192, 34.359505, 35.920006>, 0.100000
	pigment { color rgbt <1,0,0,0> }
	no_shadow
}
cylinder {
	<24.275942, 34.383144, 35.986984>,  <23.893860, 34.422543, 36.098614>, 0.100000
	pigment { color rgbt <1,0,0,0> }
	no_shadow
}

// particle -1
sphere {
	<24.275942, 34.383144, 35.986984> 0.100000
	pigment { color rgbt <1,0,0,0> }
	no_shadow
}
sphere {
	0, 1
	scale<0.080000,0.200000,0.300000>
	matrix <0.254922, -0.205151, 0.944949,
		-0.150324, -0.973762, -0.170853,
		0.955206, -0.098494, -0.279072,
		24.562504, 34.353596, 35.903263>
	pigment { color rgbt <0,1,1,0> }
	no_shadow
}
cylinder {
	<24.239462, 33.742901, 36.474525>,  <23.893860, 34.422543, 36.098614>, 0.130000
	pigment { color rgbt <1,0,0,0> }
	no_shadow
}

// nucleotide -1

// particle -1
sphere {
	<24.239462, 33.742901, 36.474525> 0.250000
	pigment { color rgbt <1,0,0,0> }
	no_shadow
}
cylinder {
	<24.502405, 34.030354, 36.383797>,  <24.660172, 34.202824, 36.329361>, 0.100000
	pigment { color rgbt <1,0,0,0> }
	no_shadow
}
cylinder {
	<24.502405, 34.030354, 36.383797>,  <24.239462, 33.742901, 36.474525>, 0.100000
	pigment { color rgbt <1,0,0,0> }
	no_shadow
}

// particle -1
sphere {
	<24.502405, 34.030354, 36.383797> 0.100000
	pigment { color rgbt <1,0,0,0> }
	no_shadow
}
sphere {
	0, 1
	scale<0.080000,0.200000,0.300000>
	matrix <0.389123, -0.065938, 0.918823,
		0.645339, -0.692257, -0.322981,
		0.657358, 0.718632, -0.226821,
		24.699614, 34.245945, 36.315750>
	pigment { color rgbt <0,1,1,0> }
	no_shadow
}
cylinder {
	<24.920364, 33.554787, 36.387817>,  <24.239462, 33.742901, 36.474525>, 0.130000
	pigment { color rgbt <1,0,0,0> }
	no_shadow
}

// nucleotide -1

// particle -1
sphere {
	<24.920364, 33.554787, 36.387817> 0.250000
	pigment { color rgbt <1,0,0,0> }
	no_shadow
}
cylinder {
	<24.904108, 33.915211, 36.560532>,  <24.894354, 34.131466, 36.664162>, 0.100000
	pigment { color rgbt <1,0,0,0> }
	no_shadow
}
cylinder {
	<24.904108, 33.915211, 36.560532>,  <24.920364, 33.554787, 36.387817>, 0.100000
	pigment { color rgbt <1,0,0,0> }
	no_shadow
}

// particle -1
sphere {
	<24.904108, 33.915211, 36.560532> 0.100000
	pigment { color rgbt <1,0,0,0> }
	no_shadow
}
sphere {
	0, 1
	scale<0.080000,0.200000,0.300000>
	matrix <0.410845, -0.378849, 0.829265,
		0.910799, 0.211100, -0.354799,
		-0.040643, 0.901061, 0.431784,
		24.891914, 34.185528, 36.690067>
	pigment { color rgbt <0,1,1,0> }
	no_shadow
}
cylinder {
	<25.553846, 33.568245, 36.720615>,  <24.920364, 33.554787, 36.387817>, 0.130000
	pigment { color rgbt <1,0,0,0> }
	no_shadow
}

// nucleotide -1

// particle -1
sphere {
	<25.553846, 33.568245, 36.720615> 0.250000
	pigment { color rgbt <1,0,0,0> }
	no_shadow
}
cylinder {
	<25.270088, 33.755150, 36.931679>,  <25.099834, 33.867294, 37.058319>, 0.100000
	pigment { color rgbt <1,0,0,0> }
	no_shadow
}
cylinder {
	<25.270088, 33.755150, 36.931679>,  <25.553846, 33.568245, 36.720615>, 0.100000
	pigment { color rgbt <1,0,0,0> }
	no_shadow
}

// particle -1
sphere {
	<25.270088, 33.755150, 36.931679> 0.100000
	pigment { color rgbt <1,0,0,0> }
	no_shadow
}
sphere {
	0, 1
	scale<0.080000,0.200000,0.300000>
	matrix <0.077724, -0.692227, 0.717482,
		0.700513, 0.549989, 0.454745,
		-0.709394, 0.467262, 0.527662,
		25.057270, 33.895329, 37.089977>
	pigment { color rgbt <0,1,1,0> }
	no_shadow
}
cylinder {
	<26.016270, 33.086884, 36.369125>,  <25.553846, 33.568245, 36.720615>, 0.130000
	pigment { color rgbt <1,0,0,0> }
	no_shadow
}

// nucleotide -1

// particle -1
sphere {
	<26.016270, 33.086884, 36.369125> 0.250000
	pigment { color rgbt <1,0,0,0> }
	no_shadow
}
cylinder {
	<26.350079, 33.301846, 36.417728>,  <26.550364, 33.430824, 36.446888>, 0.100000
	pigment { color rgbt <1,0,0,0> }
	no_shadow
}
cylinder {
	<26.350079, 33.301846, 36.417728>,  <26.016270, 33.086884, 36.369125>, 0.100000
	pigment { color rgbt <1,0,0,0> }
	no_shadow
}

// particle -1
sphere {
	<26.350079, 33.301846, 36.417728> 0.100000
	pigment { color rgbt <1,0,0,0> }
	no_shadow
}
sphere {
	0, 1
	scale<0.080000,0.200000,0.300000>
	matrix <0.283397, -0.607795, 0.741803,
		0.472501, -0.584617, -0.659519,
		0.834523, 0.537408, 0.121506,
		26.600435, 33.463066, 36.454182>
	pigment { color rgbt <0,1,1,0> }
	no_shadow
}
cylinder {
	<26.565670, 32.592293, 36.438408>,  <26.016270, 33.086884, 36.369125>, 0.130000
	pigment { color rgbt <1,0,0,0> }
	no_shadow
}

// nucleotide -1

// particle -1
sphere {
	<26.565670, 32.592293, 36.438408> 0.250000
	pigment { color rgbt <1,0,0,0> }
	no_shadow
}
cylinder {
	<26.681776, 32.941223, 36.595783>,  <26.751440, 33.150581, 36.690208>, 0.100000
	pigment { color rgbt <1,0,0,0> }
	no_shadow
}
cylinder {
	<26.681776, 32.941223, 36.595783>,  <26.565670, 32.592293, 36.438408>, 0.100000
	pigment { color rgbt <1,0,0,0> }
	no_shadow
}

// particle -1
sphere {
	<26.681776, 32.941223, 36.595783> 0.100000
	pigment { color rgbt <1,0,0,0> }
	no_shadow
}
sphere {
	0, 1
	scale<0.080000,0.200000,0.300000>
	matrix <0.415417, -0.485242, 0.769395,
		0.862076, -0.059888, -0.503228,
		0.290265, 0.872326, 0.393437,
		26.768856, 33.202923, 36.713814>
	pigment { color rgbt <0,1,1,0> }
	no_shadow
}
cylinder {
	<27.353268, 32.489960, 36.534199>,  <26.565670, 32.592293, 36.438408>, 0.130000
	pigment { color rgbt <1,0,0,0> }
	no_shadow
}

// nucleotide -1

// particle -1
sphere {
	<27.353268, 32.489960, 36.534199> 0.250000
	pigment { color rgbt <1,0,0,0> }
	no_shadow
}
cylinder {
	<27.202293, 32.772499, 36.773735>,  <27.111708, 32.942024, 36.917458>, 0.100000
	pigment { color rgbt <1,0,0,0> }
	no_shadow
}
cylinder {
	<27.202293, 32.772499, 36.773735>,  <27.353268, 32.489960, 36.534199>, 0.100000
	pigment { color rgbt <1,0,0,0> }
	no_shadow
}

// particle -1
sphere {
	<27.202293, 32.772499, 36.773735> 0.100000
	pigment { color rgbt <1,0,0,0> }
	no_shadow
}
sphere {
	0, 1
	scale<0.080000,0.200000,0.300000>
	matrix <0.496218, -0.391723, 0.774804,
		0.781862, 0.589596, -0.202652,
		-0.377438, 0.706349, 0.598842,
		27.089062, 32.984406, 36.953388>
	pigment { color rgbt <0,1,1,0> }
	no_shadow
}
cylinder {
	<27.870401, 32.625179, 36.981438>,  <27.353268, 32.489960, 36.534199>, 0.130000
	pigment { color rgbt <1,0,0,0> }
	no_shadow
}

// nucleotide -1

// particle -1
sphere {
	<27.870401, 32.625179, 36.981438> 0.250000
	pigment { color rgbt <1,0,0,0> }
	no_shadow
}
cylinder {
	<27.560114, 32.787376, 37.174866>,  <27.373941, 32.884693, 37.290924>, 0.100000
	pigment { color rgbt <1,0,0,0> }
	no_shadow
}
cylinder {
	<27.560114, 32.787376, 37.174866>,  <27.870401, 32.625179, 36.981438>, 0.100000
	pigment { color rgbt <1,0,0,0> }
	no_shadow
}

// particle -1
sphere {
	<27.560114, 32.787376, 37.174866> 0.100000
	pigment { color rgbt <1,0,0,0> }
	no_shadow
}
sphere {
	0, 1
	scale<0.080000,0.200000,0.300000>
	matrix <0.361741, -0.342175, 0.867214,
		0.517111, 0.847641, 0.118750,
		-0.775719, 0.405489, 0.483568,
		27.327398, 32.909023, 37.319935>
	pigment { color rgbt <0,1,1,0> }
	no_shadow
}
cylinder {
	<28.193117, 33.016285, 37.565136>,  <27.870401, 32.625179, 36.981438>, 0.130000
	pigment { color rgbt <1,0,0,0> }
	no_shadow
}

// nucleotide -1

// particle -1
sphere {
	<28.193117, 33.016285, 37.565136> 0.250000
	pigment { color rgbt <1,0,0,0> }
	no_shadow
}
cylinder {
	<27.818216, 32.911301, 37.656940>,  <27.593277, 32.848309, 37.712021>, 0.100000
	pigment { color rgbt <1,0,0,0> }
	no_shadow
}
cylinder {
	<27.818216, 32.911301, 37.656940>,  <28.193117, 33.016285, 37.565136>, 0.100000
	pigment { color rgbt <1,0,0,0> }
	no_shadow
}

// particle -1
sphere {
	<27.818216, 32.911301, 37.656940> 0.100000
	pigment { color rgbt <1,0,0,0> }
	no_shadow
}
sphere {
	0, 1
	scale<0.080000,0.200000,0.300000>
	matrix <0.324462, -0.415651, 0.849682,
		-0.127615, 0.870831, 0.474728,
		-0.937251, -0.262463, 0.229508,
		27.537041, 32.832561, 37.725792>
	pigment { color rgbt <0,1,1,0> }
	no_shadow
}
cylinder {
	<28.124702, 33.105812, 38.222637>,  <28.193117, 33.016285, 37.565136>, 0.130000
	pigment { color rgbt <1,0,0,0> }
	no_shadow
}

// nucleotide -1

// particle -1
sphere {
	<28.124702, 33.105812, 38.222637> 0.250000
	pigment { color rgbt <1,0,0,0> }
	no_shadow
}
cylinder {
	<27.831690, 32.850464, 38.128082>,  <27.655882, 32.697254, 38.071350>, 0.100000
	pigment { color rgbt <1,0,0,0> }
	no_shadow
}
cylinder {
	<27.831690, 32.850464, 38.128082>,  <28.124702, 33.105812, 38.222637>, 0.100000
	pigment { color rgbt <1,0,0,0> }
	no_shadow
}

// particle -1
sphere {
	<27.831690, 32.850464, 38.128082> 0.100000
	pigment { color rgbt <1,0,0,0> }
	no_shadow
}
sphere {
	0, 1
	scale<0.080000,0.200000,0.300000>
	matrix <0.217207, -0.548295, 0.807585,
		-0.645152, 0.540234, 0.540302,
		-0.732530, -0.638372, -0.236391,
		27.611931, 32.658951, 38.057163>
	pigment { color rgbt <0,1,1,0> }
	no_shadow
}
cylinder {
	<27.549471, 33.012978, 38.741798>,  <28.124702, 33.105812, 38.222637>, 0.130000
	pigment { color rgbt <1,0,0,0> }
	no_shadow
}

// nucleotide -1

// particle -1
sphere {
	<27.549471, 33.012978, 38.741798> 0.250000
	pigment { color rgbt <1,0,0,0> }
	no_shadow
}
cylinder {
	<27.526497, 32.678917, 38.522991>,  <27.512712, 32.478481, 38.391708>, 0.100000
	pigment { color rgbt <1,0,0,0> }
	no_shadow
}
cylinder {
	<27.526497, 32.678917, 38.522991>,  <27.549471, 33.012978, 38.741798>, 0.100000
	pigment { color rgbt <1,0,0,0> }
	no_shadow
}

// particle -1
sphere {
	<27.526497, 32.678917, 38.522991> 0.100000
	pigment { color rgbt <1,0,0,0> }
	no_shadow
}
sphere {
	0, 1
	scale<0.080000,0.200000,0.300000>
	matrix <-0.091594, -0.541199, 0.835891,
		-0.994139, 0.098114, -0.045410,
		-0.057436, -0.835151, -0.547014,
		27.509266, 32.428371, 38.358887>
	pigment { color rgbt <0,1,1,0> }
	no_shadow
}
cylinder {
	<27.030012, 32.530891, 38.880997>,  <27.549471, 33.012978, 38.741798>, 0.130000
	pigment { color rgbt <1,0,0,0> }
	no_shadow
}

// nucleotide -1

// particle -1
sphere {
	<27.030012, 32.530891, 38.880997> 0.250000
	pigment { color rgbt <1,0,0,0> }
	no_shadow
}
cylinder {
	<27.298136, 32.286034, 38.713203>,  <27.459009, 32.139118, 38.612526>, 0.100000
	pigment { color rgbt <1,0,0,0> }
	no_shadow
}
cylinder {
	<27.298136, 32.286034, 38.713203>,  <27.030012, 32.530891, 38.880997>, 0.100000
	pigment { color rgbt <1,0,0,0> }
	no_shadow
}

// particle -1
sphere {
	<27.298136, 32.286034, 38.713203> 0.100000
	pigment { color rgbt <1,0,0,0> }
	no_shadow
}
sphere {
	0, 1
	scale<0.080000,0.200000,0.300000>
	matrix <-0.191227, -0.688673, 0.699400,
		-0.717025, -0.388594, -0.578680,
		0.670304, -0.612147, -0.419486,
		27.499228, 32.102390, 38.587357>
	pigment { color rgbt <0,1,1,0> }
	no_shadow
}
cylinder {
	<26.649401, 31.993849, 38.573784>,  <27.030012, 32.530891, 38.880997>, 0.130000
	pigment { color rgbt <1,0,0,0> }
	no_shadow
}

// nucleotide -1

// particle -1
sphere {
	<26.649401, 31.993849, 38.573784> 0.250000
	pigment { color rgbt <1,0,0,0> }
	no_shadow
}
cylinder {
	<26.993746, 31.897818, 38.753239>,  <27.200354, 31.840199, 38.860912>, 0.100000
	pigment { color rgbt <1,0,0,0> }
	no_shadow
}
cylinder {
	<26.993746, 31.897818, 38.753239>,  <26.649401, 31.993849, 38.573784>, 0.100000
	pigment { color rgbt <1,0,0,0> }
	no_shadow
}

// particle -1
sphere {
	<26.993746, 31.897818, 38.753239> 0.100000
	pigment { color rgbt <1,0,0,0> }
	no_shadow
}
sphere {
	0, 1
	scale<0.080000,0.200000,0.300000>
	matrix <-0.450812, -0.768737, 0.453666,
		0.235969, -0.592796, -0.770008,
		0.860864, -0.240077, 0.448637,
		27.252005, 31.825794, 38.887829>
	pigment { color rgbt <0,1,1,0> }
	no_shadow
}
cylinder {
	<26.495090, 32.012646, 37.846405>,  <26.649401, 31.993849, 38.573784>, 0.130000
	pigment { color rgbt <1,0,0,0> }
	no_shadow
}

// nucleotide -1

// particle -1
sphere {
	<26.495090, 32.012646, 37.846405> 0.250000
	pigment { color rgbt <1,0,0,0> }
	no_shadow
}
cylinder {
	<26.795938, 32.245628, 37.969734>,  <26.976446, 32.385418, 38.043732>, 0.100000
	pigment { color rgbt <1,0,0,0> }
	no_shadow
}
cylinder {
	<26.795938, 32.245628, 37.969734>,  <26.495090, 32.012646, 37.846405>, 0.100000
	pigment { color rgbt <1,0,0,0> }
	no_shadow
}

// particle -1
sphere {
	<26.795938, 32.245628, 37.969734> 0.100000
	pigment { color rgbt <1,0,0,0> }
	no_shadow
}
sphere {
	0, 1
	scale<0.080000,0.200000,0.300000>
	matrix <-0.213784, 0.658174, -0.721875,
		-0.623389, 0.477022, 0.619545,
		0.752119, 0.582457, 0.308319,
		27.021574, 32.420364, 38.062229>
	pigment { color rgbt <0,1,1,0> }
	no_shadow
}
cylinder {
	<26.273520, 32.651539, 38.010017>,  <26.495090, 32.012646, 37.846405>, 0.130000
	pigment { color rgbt <1,0,0,0> }
	no_shadow
}

// nucleotide -1

// particle -1
sphere {
	<26.273520, 32.651539, 38.010017> 0.250000
	pigment { color rgbt <1,0,0,0> }
	no_shadow
}
cylinder {
	<26.659496, 32.718597, 37.929245>,  <26.891083, 32.758835, 37.880779>, 0.100000
	pigment { color rgbt <1,0,0,0> }
	no_shadow
}
cylinder {
	<26.659496, 32.718597, 37.929245>,  <26.273520, 32.651539, 38.010017>, 0.100000
	pigment { color rgbt <1,0,0,0> }
	no_shadow
}

// particle -1
sphere {
	<26.659496, 32.718597, 37.929245> 0.100000
	pigment { color rgbt <1,0,0,0> }
	no_shadow
}
sphere {
	0, 1
	scale<0.080000,0.200000,0.300000>
	matrix <-0.262230, 0.583822, -0.768366,
		-0.010924, 0.794383, 0.607318,
		0.964943, 0.167651, -0.201934,
		26.948978, 32.768894, 37.868664>
	pigment { color rgbt <0,1,1,0> }
	no_shadow
}
cylinder {
	<26.309187, 33.369286, 37.928028>,  <26.273520, 32.651539, 38.010017>, 0.130000
	pigment { color rgbt <1,0,0,0> }
	no_shadow
}

// nucleotide -1

// particle -1
sphere {
	<26.309187, 33.369286, 37.928028> 0.250000
	pigment { color rgbt <1,0,0,0> }
	no_shadow
}
cylinder {
	<26.645573, 33.258530, 37.742077>,  <26.847404, 33.192078, 37.630508>, 0.100000
	pigment { color rgbt <1,0,0,0> }
	no_shadow
}
cylinder {
	<26.645573, 33.258530, 37.742077>,  <26.309187, 33.369286, 37.928028>, 0.100000
	pigment { color rgbt <1,0,0,0> }
	no_shadow
}

// particle -1
sphere {
	<26.645573, 33.258530, 37.742077> 0.100000
	pigment { color rgbt <1,0,0,0> }
	no_shadow
}
sphere {
	0, 1
	scale<0.080000,0.200000,0.300000>
	matrix <-0.294059, 0.487330, -0.822216,
		0.454209, 0.828157, 0.328407,
		0.840966, -0.276887, -0.464876,
		26.897863, 33.175465, 37.602615>
	pigment { color rgbt <0,1,1,0> }
	no_shadow
}
cylinder {
	<26.636986, 33.932693, 37.789536>,  <26.309187, 33.369286, 37.928028>, 0.130000
	pigment { color rgbt <1,0,0,0> }
	no_shadow
}

// nucleotide -1

// particle -1
sphere {
	<26.636986, 33.932693, 37.789536> 0.250000
	pigment { color rgbt <1,0,0,0> }
	no_shadow
}
cylinder {
	<26.759085, 33.647675, 37.536839>,  <26.832344, 33.476665, 37.385220>, 0.100000
	pigment { color rgbt <1,0,0,0> }
	no_shadow
}
cylinder {
	<26.759085, 33.647675, 37.536839>,  <26.636986, 33.932693, 37.789536>, 0.100000
	pigment { color rgbt <1,0,0,0> }
	no_shadow
}

// particle -1
sphere {
	<26.759085, 33.647675, 37.536839> 0.100000
	pigment { color rgbt <1,0,0,0> }
	no_shadow
}
sphere {
	0, 1
	scale<0.080000,0.200000,0.300000>
	matrix <-0.408399, 0.501348, -0.762798,
		0.860252, 0.490847, -0.137968,
		0.305248, -0.712545, -0.631747,
		26.850658, 33.433910, 37.347313>
	pigment { color rgbt <0,1,1,0> }
	no_shadow
}
cylinder {
	<27.086555, 34.245689, 37.231579>,  <26.636986, 33.932693, 37.789536>, 0.130000
	pigment { color rgbt <1,0,0,0> }
	no_shadow
}

// nucleotide -1

// particle -1
sphere {
	<27.086555, 34.245689, 37.231579> 0.250000
	pigment { color rgbt <1,0,0,0> }
	no_shadow
}
cylinder {
	<26.921749, 33.918850, 37.070293>,  <26.822865, 33.722744, 36.973522>, 0.100000
	pigment { color rgbt <1,0,0,0> }
	no_shadow
}
cylinder {
	<26.921749, 33.918850, 37.070293>,  <27.086555, 34.245689, 37.231579>, 0.100000
	pigment { color rgbt <1,0,0,0> }
	no_shadow
}

// particle -1
sphere {
	<26.921749, 33.918850, 37.070293> 0.100000
	pigment { color rgbt <1,0,0,0> }
	no_shadow
}
sphere {
	0, 1
	scale<0.080000,0.200000,0.300000>
	matrix <-0.323244, 0.544817, -0.773749,
		0.851912, -0.188460, -0.488598,
		-0.412018, -0.817102, -0.403218,
		26.798143, 33.673717, 36.949329>
	pigment { color rgbt <0,1,1,0> }
	no_shadow
}
cylinder {
	<27.252747, 34.128487, 36.504940>,  <27.086555, 34.245689, 37.231579>, 0.130000
	pigment { color rgbt <1,0,0,0> }
	no_shadow
}

// nucleotide -1

// particle -1
sphere {
	<27.252747, 34.128487, 36.504940> 0.250000
	pigment { color rgbt <1,0,0,0> }
	no_shadow
}
cylinder {
	<26.895285, 33.959858, 36.566460>,  <26.680807, 33.858681, 36.603371>, 0.100000
	pigment { color rgbt <1,0,0,0> }
	no_shadow
}
cylinder {
	<26.895285, 33.959858, 36.566460>,  <27.252747, 34.128487, 36.504940>, 0.100000
	pigment { color rgbt <1,0,0,0> }
	no_shadow
}

// particle -1
sphere {
	<26.895285, 33.959858, 36.566460> 0.100000
	pigment { color rgbt <1,0,0,0> }
	no_shadow
}
sphere {
	0, 1
	scale<0.080000,0.200000,0.300000>
	matrix <-0.418956, 0.660974, -0.622567,
		0.160798, -0.620797, -0.767304,
		-0.893655, -0.421574, 0.153803,
		26.627188, 33.833385, 36.612602>
	pigment { color rgbt <0,1,1,0> }
	no_shadow
}
cylinder {
	<27.322475, 34.115814, 35.773815>,  <27.252747, 34.128487, 36.504940>, 0.130000
	pigment { color rgbt <1,0,0,0> }
	no_shadow
}

// nucleotide -1

// particle -1
sphere {
	<27.322475, 34.115814, 35.773815> 0.250000
	pigment { color rgbt <1,0,0,0> }
	no_shadow
}
cylinder {
	<27.692984, 34.228794, 35.873611>,  <27.915289, 34.296581, 35.933491>, 0.100000
	pigment { color rgbt <1,0,0,0> }
	no_shadow
}
cylinder {
	<27.692984, 34.228794, 35.873611>,  <27.322475, 34.115814, 35.773815>, 0.100000
	pigment { color rgbt <1,0,0,0> }
	no_shadow
}

// particle -1
sphere {
	<27.692984, 34.228794, 35.873611> 0.100000
	pigment { color rgbt <1,0,0,0> }
	no_shadow
}
sphere {
	0, 1
	scale<0.080000,0.200000,0.300000>
	matrix <0.045630, -0.741207, 0.669724,
		0.374092, -0.608960, -0.699444,
		0.926268, 0.282454, 0.249493,
		27.970863, 34.313530, 35.948460>
	pigment { color rgbt <0,1,1,0> }
	no_shadow
}
cylinder {
	<27.341003, 34.634865, 35.144981>,  <27.322475, 34.115814, 35.773815>, 0.130000
	pigment { color rgbt <1,0,0,0> }
	no_shadow
}

// nucleotide -1

// particle -1
sphere {
	<27.341003, 34.634865, 35.144981> 0.250000
	pigment { color rgbt <1,0,0,0> }
	no_shadow
}
cylinder {
	<27.427530, 34.998943, 35.003700>,  <27.479446, 35.217388, 34.918930>, 0.100000
	pigment { color rgbt <1,0,0,0> }
	no_shadow
}
cylinder {
	<27.427530, 34.998943, 35.003700>,  <27.341003, 34.634865, 35.144981>, 0.100000
	pigment { color rgbt <1,0,0,0> }
	no_shadow
}

// particle -1
sphere {
	<27.427530, 34.998943, 35.003700> 0.100000
	pigment { color rgbt <1,0,0,0> }
	no_shadow
}
sphere {
	0, 1
	scale<0.080000,0.200000,0.300000>
	matrix <0.914645, -0.315472, -0.252790,
		-0.341513, -0.268372, -0.900747,
		0.216318, 0.910195, -0.353203,
		27.492426, 35.272003, 34.897739>
	pigment { color rgbt <0,1,1,0> }
	no_shadow
}
cylinder {
	<27.568279, 34.667850, 34.397587>,  <27.341003, 34.634865, 35.144981>, 0.130000
	pigment { color rgbt <1,0,0,0> }
	no_shadow
}

// nucleotide -1

// particle -1
sphere {
	<27.568279, 34.667850, 34.397587> 0.250000
	pigment { color rgbt <1,0,0,0> }
	no_shadow
}
cylinder {
	<27.704165, 35.004982, 34.564552>,  <27.785696, 35.207260, 34.664730>, 0.100000
	pigment { color rgbt <1,0,0,0> }
	no_shadow
}
cylinder {
	<27.704165, 35.004982, 34.564552>,  <27.568279, 34.667850, 34.397587>, 0.100000
	pigment { color rgbt <1,0,0,0> }
	no_shadow
}

// particle -1
sphere {
	<27.704165, 35.004982, 34.564552> 0.100000
	pigment { color rgbt <1,0,0,0> }
	no_shadow
}
sphere {
	0, 1
	scale<0.080000,0.200000,0.300000>
	matrix <0.936739, -0.263393, -0.230531,
		-0.084354, 0.469323, -0.878988,
		0.339713, 0.842828, 0.417415,
		27.806078, 35.257832, 34.689777>
	pigment { color rgbt <0,1,1,0> }
	no_shadow
}
cylinder {
	<27.831617, 35.133278, 33.929024>,  <27.568279, 34.667850, 34.397587>, 0.130000
	pigment { color rgbt <1,0,0,0> }
	no_shadow
}

// nucleotide -1

// particle -1
sphere {
	<27.831617, 35.133278, 33.929024> 0.250000
	pigment { color rgbt <1,0,0,0> }
	no_shadow
}
cylinder {
	<27.976948, 35.089973, 34.299164>,  <28.064146, 35.063992, 34.521248>, 0.100000
	pigment { color rgbt <1,0,0,0> }
	no_shadow
}
cylinder {
	<27.976948, 35.089973, 34.299164>,  <27.831617, 35.133278, 33.929024>, 0.100000
	pigment { color rgbt <1,0,0,0> }
	no_shadow
}

// particle -1
sphere {
	<27.976948, 35.089973, 34.299164> 0.100000
	pigment { color rgbt <1,0,0,0> }
	no_shadow
}
sphere {
	0, 1
	scale<0.080000,0.200000,0.300000>
	matrix <0.797652, -0.477063, -0.369001,
		0.481400, 0.872175, -0.086973,
		0.363325, -0.108263, 0.925351,
		28.085945, 35.057495, 34.576771>
	pigment { color rgbt <0,1,1,0> }
	no_shadow
}
cylinder {
	<28.507383, 35.422455, 33.920837>,  <27.831617, 35.133278, 33.929024>, 0.130000
	pigment { color rgbt <1,0,0,0> }
	no_shadow
}

// nucleotide -1

// particle -1
sphere {
	<28.507383, 35.422455, 33.920837> 0.250000
	pigment { color rgbt <1,0,0,0> }
	no_shadow
}
cylinder {
	<28.480400, 35.151699, 34.214031>,  <28.464211, 34.989246, 34.389946>, 0.100000
	pigment { color rgbt <1,0,0,0> }
	no_shadow
}
cylinder {
	<28.480400, 35.151699, 34.214031>,  <28.507383, 35.422455, 33.920837>, 0.100000
	pigment { color rgbt <1,0,0,0> }
	no_shadow
}

// particle -1
sphere {
	<28.480400, 35.151699, 34.214031> 0.100000
	pigment { color rgbt <1,0,0,0> }
	no_shadow
}
sphere {
	0, 1
	scale<0.080000,0.200000,0.300000>
	matrix <0.871399, -0.397769, -0.287131,
		0.485915, 0.619353, 0.616675,
		-0.067459, -0.676891, 0.732985,
		28.460163, 34.948631, 34.433926>
	pigment { color rgbt <0,1,1,0> }
	no_shadow
}
cylinder {
	<29.075172, 35.434231, 34.274506>,  <28.507383, 35.422455, 33.920837>, 0.130000
	pigment { color rgbt <1,0,0,0> }
	no_shadow
}

// nucleotide -1

// particle -1
sphere {
	<29.075172, 35.434231, 34.274506> 0.250000
	pigment { color rgbt <1,0,0,0> }
	no_shadow
}
cylinder {
	<28.919376, 35.073090, 34.347336>,  <28.825899, 34.856403, 34.391033>, 0.100000
	pigment { color rgbt <1,0,0,0> }
	no_shadow
}
cylinder {
	<28.919376, 35.073090, 34.347336>,  <29.075172, 35.434231, 34.274506>, 0.100000
	pigment { color rgbt <1,0,0,0> }
	no_shadow
}

// particle -1
sphere {
	<28.919376, 35.073090, 34.347336> 0.100000
	pigment { color rgbt <1,0,0,0> }
	no_shadow
}
sphere {
	0, 1
	scale<0.080000,0.200000,0.300000>
	matrix <0.895628, -0.417381, -0.153763,
		0.214822, 0.103185, 0.971187,
		-0.389489, -0.902854, 0.182078,
		28.802530, 34.802235, 34.401958>
	pigment { color rgbt <0,1,1,0> }
	no_shadow
}
cylinder {
	<29.444748, 35.089905, 34.796108>,  <29.075172, 35.434231, 34.274506>, 0.130000
	pigment { color rgbt <1,0,0,0> }
	no_shadow
}

// nucleotide -1

// particle -1
sphere {
	<29.444748, 35.089905, 34.796108> 0.250000
	pigment { color rgbt <1,0,0,0> }
	no_shadow
}
cylinder {
	<29.270679, 34.821377, 34.556122>,  <29.166239, 34.660259, 34.412132>, 0.100000
	pigment { color rgbt <1,0,0,0> }
	no_shadow
}
cylinder {
	<29.270679, 34.821377, 34.556122>,  <29.444748, 35.089905, 34.796108>, 0.100000
	pigment { color rgbt <1,0,0,0> }
	no_shadow
}

// particle -1
sphere {
	<29.270679, 34.821377, 34.556122> 0.100000
	pigment { color rgbt <1,0,0,0> }
	no_shadow
}
sphere {
	0, 1
	scale<0.080000,0.200000,0.300000>
	matrix <0.900224, -0.313351, -0.302338,
		0.014966, -0.671670, 0.740699,
		-0.435170, -0.671320, -0.599964,
		29.140129, 34.619980, 34.376133>
	pigment { color rgbt <0,1,1,0> }
	no_shadow
}
cylinder {
	<29.574385, 34.555794, 35.298344>,  <29.444748, 35.089905, 34.796108>, 0.130000
	pigment { color rgbt <1,0,0,0> }
	no_shadow
}

// nucleotide -1

// particle -1
sphere {
	<29.574385, 34.555794, 35.298344> 0.250000
	pigment { color rgbt <1,0,0,0> }
	no_shadow
}
cylinder {
	<29.909443, 34.772789, 35.272865>,  <30.110477, 34.902988, 35.257580>, 0.100000
	pigment { color rgbt <1,0,0,0> }
	no_shadow
}
cylinder {
	<29.909443, 34.772789, 35.272865>,  <29.574385, 34.555794, 35.298344>, 0.100000
	pigment { color rgbt <1,0,0,0> }
	no_shadow
}

// particle -1
sphere {
	<29.909443, 34.772789, 35.272865> 0.100000
	pigment { color rgbt <1,0,0,0> }
	no_shadow
}
sphere {
	0, 1
	scale<0.080000,0.200000,0.300000>
	matrix <-0.428353, 0.724766, 0.539656,
		0.338921, -0.424756, 0.839473,
		0.837644, 0.542491, -0.063693,
		30.160736, 34.935535, 35.253757>
	pigment { color rgbt <0,1,1,0> }
	no_shadow
}
cylinder {
	<29.847767, 34.154812, 34.771233>,  <29.574385, 34.555794, 35.298344>, 0.130000
	pigment { color rgbt <1,0,0,0> }
	no_shadow
}

// nucleotide -1

// particle -1
sphere {
	<29.847767, 34.154812, 34.771233> 0.250000
	pigment { color rgbt <1,0,0,0> }
	no_shadow
}
cylinder {
	<30.205273, 34.294277, 34.658363>,  <30.419777, 34.377956, 34.590641>, 0.100000
	pigment { color rgbt <1,0,0,0> }
	no_shadow
}
cylinder {
	<30.205273, 34.294277, 34.658363>,  <29.847767, 34.154812, 34.771233>, 0.100000
	pigment { color rgbt <1,0,0,0> }
	no_shadow
}

// particle -1
sphere {
	<30.205273, 34.294277, 34.658363> 0.100000
	pigment { color rgbt <1,0,0,0> }
	no_shadow
}
sphere {
	0, 1
	scale<0.080000,0.200000,0.300000>
	matrix <-0.112820, -0.434114, -0.893766,
		-0.434114, 0.830651, -0.348660,
		0.893766, 0.348660, -0.282169,
		30.473402, 34.398876, 34.573711>
	pigment { color rgbt <0,1,1,0> }
	no_shadow
}
cylinder {
	<30.493231, 33.710499, 34.851486>,  <29.847767, 34.154812, 34.771233>, 0.130000
	pigment { color rgbt <1,0,0,0> }
	no_shadow
}

// nucleotide -1

// particle -1
sphere {
	<30.493231, 33.710499, 34.851486> 0.250000
	pigment { color rgbt <1,0,0,0> }
	no_shadow
}
cylinder {
	<30.565983, 33.394215, 35.085304>,  <30.609634, 33.204445, 35.225594>, 0.100000
	pigment { color rgbt <1,0,0,0> }
	no_shadow
}
cylinder {
	<30.565983, 33.394215, 35.085304>,  <30.493231, 33.710499, 34.851486>, 0.100000
	pigment { color rgbt <1,0,0,0> }
	no_shadow
}

// particle -1
sphere {
	<30.565983, 33.394215, 35.085304> 0.100000
	pigment { color rgbt <1,0,0,0> }
	no_shadow
}
sphere {
	0, 1
	scale<0.080000,0.200000,0.300000>
	matrix <-0.847578, 0.175319, 0.500874,
		-0.498529, -0.586547, -0.638303,
		0.181880, -0.790712, 0.584546,
		30.620546, 33.157001, 35.260670>
	pigment { color rgbt <0,1,1,0> }
	no_shadow
}
cylinder {
	<29.881100, 33.441486, 34.827404>,  <30.493231, 33.710499, 34.851486>, 0.130000
	pigment { color rgbt <1,0,0,0> }
	no_shadow
}

// nucleotide -1

// particle -1
sphere {
	<29.881100, 33.441486, 34.827404> 0.250000
	pigment { color rgbt <1,0,0,0> }
	no_shadow
}
cylinder {
	<30.049261, 33.312485, 35.166637>,  <30.150158, 33.235085, 35.370178>, 0.100000
	pigment { color rgbt <1,0,0,0> }
	no_shadow
}
cylinder {
	<30.049261, 33.312485, 35.166637>,  <29.881100, 33.441486, 34.827404>, 0.100000
	pigment { color rgbt <1,0,0,0> }
	no_shadow
}

// particle -1
sphere {
	<30.049261, 33.312485, 35.166637> 0.100000
	pigment { color rgbt <1,0,0,0> }
	no_shadow
}
sphere {
	0, 1
	scale<0.080000,0.200000,0.300000>
	matrix <-0.888354, 0.043891, 0.457056,
		-0.184627, -0.945549, -0.268048,
		0.420404, -0.322506, 0.848086,
		30.175383, 33.215733, 35.421062>
	pigment { color rgbt <0,1,1,0> }
	no_shadow
}
cylinder {
	<29.420042, 32.867928, 35.049068>,  <29.881100, 33.441486, 34.827404>, 0.130000
	pigment { color rgbt <1,0,0,0> }
	no_shadow
}

// nucleotide -1

// particle -1
sphere {
	<29.420042, 32.867928, 35.049068> 0.250000
	pigment { color rgbt <1,0,0,0> }
	no_shadow
}
cylinder {
	<29.620070, 32.986961, 35.374367>,  <29.740086, 33.058384, 35.569546>, 0.100000
	pigment { color rgbt <1,0,0,0> }
	no_shadow
}
cylinder {
	<29.620070, 32.986961, 35.374367>,  <29.420042, 32.867928, 35.049068>, 0.100000
	pigment { color rgbt <1,0,0,0> }
	no_shadow
}

// particle -1
sphere {
	<29.620070, 32.986961, 35.374367> 0.100000
	pigment { color rgbt <1,0,0,0> }
	no_shadow
}
sphere {
	0, 1
	scale<0.080000,0.200000,0.300000>
	matrix <-0.834076, -0.087067, 0.544736,
		0.232914, -0.950716, 0.204673,
		0.500069, 0.297589, 0.813248,
		29.770090, 33.076237, 35.618340>
	pigment { color rgbt <0,1,1,0> }
	no_shadow
}
cylinder {
	<29.272205, 32.351101, 35.645679>,  <29.420042, 32.867928, 35.049068>, 0.130000
	pigment { color rgbt <1,0,0,0> }
	no_shadow
}

// nucleotide -1

// particle -1
sphere {
	<29.272205, 32.351101, 35.645679> 0.250000
	pigment { color rgbt <1,0,0,0> }
	no_shadow
}
cylinder {
	<29.390888, 32.694424, 35.813141>,  <29.462097, 32.900417, 35.913616>, 0.100000
	pigment { color rgbt <1,0,0,0> }
	no_shadow
}
cylinder {
	<29.390888, 32.694424, 35.813141>,  <29.272205, 32.351101, 35.645679>, 0.100000
	pigment { color rgbt <1,0,0,0> }
	no_shadow
}

// particle -1
sphere {
	<29.390888, 32.694424, 35.813141> 0.100000
	pigment { color rgbt <1,0,0,0> }
	no_shadow
}
sphere {
	0, 1
	scale<0.080000,0.200000,0.300000>
	matrix <-0.905451, 0.113514, 0.408991,
		0.303519, -0.500417, 0.810839,
		0.296708, 0.858311, 0.418649,
		29.479900, 32.951916, 35.938736>
	pigment { color rgbt <0,1,1,0> }
	no_shadow
}
cylinder {
	<29.088766, 32.380333, 36.365158>,  <29.272205, 32.351101, 35.645679>, 0.130000
	pigment { color rgbt <1,0,0,0> }
	no_shadow
}

// nucleotide -1

// particle -1
sphere {
	<29.088766, 32.380333, 36.365158> 0.250000
	pigment { color rgbt <1,0,0,0> }
	no_shadow
}
cylinder {
	<29.091902, 32.742634, 36.195663>,  <29.093782, 32.960014, 36.093967>, 0.100000
	pigment { color rgbt <1,0,0,0> }
	no_shadow
}
cylinder {
	<29.091902, 32.742634, 36.195663>,  <29.088766, 32.380333, 36.365158>, 0.100000
	pigment { color rgbt <1,0,0,0> }
	no_shadow
}

// particle -1
sphere {
	<29.091902, 32.742634, 36.195663> 0.100000
	pigment { color rgbt <1,0,0,0> }
	no_shadow
}
sphere {
	0, 1
	scale<0.080000,0.200000,0.300000>
	matrix <-0.958922, 0.126969, 0.253669,
		0.283563, 0.404339, 0.869542,
		0.007837, 0.905753, -0.423733,
		29.094254, 33.014359, 36.068542>
	pigment { color rgbt <0,1,1,0> }
	no_shadow
}
cylinder {
	<28.354414, 32.355385, 36.402779>,  <29.088766, 32.380333, 36.365158>, 0.130000
	pigment { color rgbt <1,0,0,0> }
	no_shadow
}

// nucleotide -1

// particle -1
sphere {
	<28.354414, 32.355385, 36.402779> 0.250000
	pigment { color rgbt <1,0,0,0> }
	no_shadow
}
cylinder {
	<28.375032, 32.017281, 36.615524>,  <28.387403, 31.814419, 36.743172>, 0.100000
	pigment { color rgbt <1,0,0,0> }
	no_shadow
}
cylinder {
	<28.375032, 32.017281, 36.615524>,  <28.354414, 32.355385, 36.402779>, 0.100000
	pigment { color rgbt <1,0,0,0> }
	no_shadow
}

// particle -1
sphere {
	<28.375032, 32.017281, 36.615524> 0.100000
	pigment { color rgbt <1,0,0,0> }
	no_shadow
}
sphere {
	0, 1
	scale<0.080000,0.200000,0.300000>
	matrix <-0.644641, -0.434920, -0.628715,
		0.762745, -0.310454, -0.567307,
		0.051546, -0.845259, 0.531865,
		28.390495, 31.763702, 36.775085>
	pigment { color rgbt <0,1,1,0> }
	no_shadow
}
cylinder {
	<28.168707, 33.010071, 35.968685>,  <28.354414, 32.355385, 36.402779>, 0.130000
	pigment { color rgbt <1,0,0,0> }
	no_shadow
}

// nucleotide -1

// particle -1
sphere {
	<28.168707, 33.010071, 35.968685> 0.250000
	pigment { color rgbt <1,0,0,0> }
	no_shadow
}
cylinder {
	<28.265568, 33.182270, 36.316486>,  <28.323685, 33.285591, 36.525166>, 0.100000
	pigment { color rgbt <1,0,0,0> }
	no_shadow
}
cylinder {
	<28.265568, 33.182270, 36.316486>,  <28.168707, 33.010071, 35.968685>, 0.100000
	pigment { color rgbt <1,0,0,0> }
	no_shadow
}

// particle -1
sphere {
	<28.265568, 33.182270, 36.316486> 0.100000
	pigment { color rgbt <1,0,0,0> }
	no_shadow
}
sphere {
	0, 1
	scale<0.080000,0.200000,0.300000>
	matrix <0.937430, 0.127265, -0.324082,
		-0.250173, 0.893575, -0.372743,
		0.242154, 0.430497, 0.869502,
		28.338215, 33.311420, 36.577335>
	pigment { color rgbt <0,1,1,0> }
	no_shadow
}
cylinder {
	<28.540033, 33.641922, 35.805794>,  <28.168707, 33.010071, 35.968685>, 0.130000
	pigment { color rgbt <1,0,0,0> }
	no_shadow
}

// nucleotide -1

// particle -1
sphere {
	<28.540033, 33.641922, 35.805794> 0.250000
	pigment { color rgbt <1,0,0,0> }
	no_shadow
}
cylinder {
	<28.647884, 33.558533, 36.181843>,  <28.712595, 33.508499, 36.407475>, 0.100000
	pigment { color rgbt <1,0,0,0> }
	no_shadow
}
cylinder {
	<28.647884, 33.558533, 36.181843>,  <28.540033, 33.641922, 35.805794>, 0.100000
	pigment { color rgbt <1,0,0,0> }
	no_shadow
}

// particle -1
sphere {
	<28.647884, 33.558533, 36.181843> 0.100000
	pigment { color rgbt <1,0,0,0> }
	no_shadow
}
sphere {
	0, 1
	scale<0.080000,0.200000,0.300000>
	matrix <0.960459, 0.128599, -0.246944,
		-0.069418, 0.969536, 0.234905,
		0.269630, -0.208474, 0.940127,
		28.728773, 33.495991, 36.463882>
	pigment { color rgbt <0,1,1,0> }
	no_shadow
}
cylinder {
	<29.076897, 34.224888, 36.208649>,  <28.540033, 33.641922, 35.805794>, 0.130000
	pigment { color rgbt <1,0,0,0> }
	no_shadow
}

// nucleotide -1

// particle -1
sphere {
	<29.076897, 34.224888, 36.208649> 0.250000
	pigment { color rgbt <1,0,0,0> }
	no_shadow
}
cylinder {
	<29.112331, 33.836853, 36.299049>,  <29.133593, 33.604031, 36.353291>, 0.100000
	pigment { color rgbt <1,0,0,0> }
	no_shadow
}
cylinder {
	<29.112331, 33.836853, 36.299049>,  <29.076897, 34.224888, 36.208649>, 0.100000
	pigment { color rgbt <1,0,0,0> }
	no_shadow
}

// particle -1
sphere {
	<29.112331, 33.836853, 36.299049> 0.100000
	pigment { color rgbt <1,0,0,0> }
	no_shadow
}
sphere {
	0, 1
	scale<0.080000,0.200000,0.300000>
	matrix <0.967992, 0.030355, -0.249138,
		0.234826, 0.240838, 0.941729,
		0.088588, -0.970091, 0.226001,
		29.138908, 33.545826, 36.366848>
	pigment { color rgbt <0,1,1,0> }
	no_shadow
}
cylinder {
	<29.830782, 34.057602, 36.460384>,  <29.076897, 34.224888, 36.208649>, 0.130000
	pigment { color rgbt <1,0,0,0> }
	no_shadow
}

// nucleotide -1

// particle -1
sphere {
	<29.830782, 34.057602, 36.460384> 0.250000
	pigment { color rgbt <1,0,0,0> }
	no_shadow
}
cylinder {
	<29.732656, 33.695480, 36.321674>,  <29.673780, 33.478207, 36.238449>, 0.100000
	pigment { color rgbt <1,0,0,0> }
	no_shadow
}
cylinder {
	<29.732656, 33.695480, 36.321674>,  <29.830782, 34.057602, 36.460384>, 0.100000
	pigment { color rgbt <1,0,0,0> }
	no_shadow
}

// particle -1
sphere {
	<29.732656, 33.695480, 36.321674> 0.100000
	pigment { color rgbt <1,0,0,0> }
	no_shadow
}
sphere {
	0, 1
	scale<0.080000,0.200000,0.300000>
	matrix <0.941879, -0.137875, -0.306356,
		0.229532, -0.401776, 0.886505,
		-0.245313, -0.905299, -0.346778,
		29.659063, 33.423889, 36.217640>
	pigment { color rgbt <0,1,1,0> }
	no_shadow
}
cylinder {
	<30.378479, 33.670841, 36.629776>,  <29.830782, 34.057602, 36.460384>, 0.130000
	pigment { color rgbt <1,0,0,0> }
	no_shadow
}

// nucleotide -1

// particle -1
sphere {
	<30.378479, 33.670841, 36.629776> 0.250000
	pigment { color rgbt <1,0,0,0> }
	no_shadow
}
cylinder {
	<30.177225, 33.467781, 36.350021>,  <30.056473, 33.345943, 36.182167>, 0.100000
	pigment { color rgbt <1,0,0,0> }
	no_shadow
}
cylinder {
	<30.177225, 33.467781, 36.350021>,  <30.378479, 33.670841, 36.629776>, 0.100000
	pigment { color rgbt <1,0,0,0> }
	no_shadow
}

// particle -1
sphere {
	<30.177225, 33.467781, 36.350021> 0.100000
	pigment { color rgbt <1,0,0,0> }
	no_shadow
}
sphere {
	0, 1
	scale<0.080000,0.200000,0.300000>
	matrix <0.861390, -0.229293, -0.453246,
		0.069728, -0.830489, 0.552653,
		-0.503136, -0.507654, -0.699387,
		30.026285, 33.315483, 36.140205>
	pigment { color rgbt <0,1,1,0> }
	no_shadow
}
cylinder {
	<30.703289, 32.912300, 36.547291>,  <30.378479, 33.670841, 36.629776>, 0.130000
	pigment { color rgbt <1,0,0,0> }
	no_shadow
}

// nucleotide -1

// particle -1
sphere {
	<30.703289, 32.912300, 36.547291> 0.250000
	pigment { color rgbt <1,0,0,0> }
	no_shadow
}
cylinder {
	<30.539408, 32.989082, 36.190575>,  <30.441078, 33.035152, 35.976543>, 0.100000
	pigment { color rgbt <1,0,0,0> }
	no_shadow
}
cylinder {
	<30.539408, 32.989082, 36.190575>,  <30.703289, 32.912300, 36.547291>, 0.100000
	pigment { color rgbt <1,0,0,0> }
	no_shadow
}

// particle -1
sphere {
	<30.539408, 32.989082, 36.190575> 0.100000
	pigment { color rgbt <1,0,0,0> }
	no_shadow
}
sphere {
	0, 1
	scale<0.080000,0.200000,0.300000>
	matrix <0.844074, -0.290978, -0.450412,
		-0.345951, -0.937275, -0.042809,
		-0.409704, 0.191955, -0.891794,
		30.416496, 33.046669, 35.923035>
	pigment { color rgbt <0,1,1,0> }
	no_shadow
}
cylinder {
	<30.646128, 32.352169, 36.113197>,  <30.703289, 32.912300, 36.547291>, 0.130000
	pigment { color rgbt <1,0,0,0> }
	no_shadow
}

// nucleotide -1

// particle -1
sphere {
	<30.646128, 32.352169, 36.113197> 0.250000
	pigment { color rgbt <1,0,0,0> }
	no_shadow
}
cylinder {
	<30.678371, 32.671997, 35.875145>,  <30.697718, 32.863895, 35.732311>, 0.100000
	pigment { color rgbt <1,0,0,0> }
	no_shadow
}
cylinder {
	<30.678371, 32.671997, 35.875145>,  <30.646128, 32.352169, 36.113197>, 0.100000
	pigment { color rgbt <1,0,0,0> }
	no_shadow
}

// particle -1
sphere {
	<30.678371, 32.671997, 35.875145> 0.100000
	pigment { color rgbt <1,0,0,0> }
	no_shadow
}
sphere {
	0, 1
	scale<0.080000,0.200000,0.300000>
	matrix <0.883210, -0.334048, -0.329169,
