// switches for output
#declare DRAW_BASES = 1; // possible values are 0, 1; only relevant for DNA ribbons
#declare DRAW_BASES_TYPE = 3; // possible values are 1, 2, 3; only relevant for DNA ribbons
#declare DRAW_FOG = 0; // set to 1 to enable fog

#include "colors.inc"

#include "transforms.inc"
background { rgb <1, 1, 1>}

#default {
   normal{
       ripples 0.25
       frequency 0.20
       turbulence 0.2
       lambda 5
   }
	finish {
		phong 0.1
		phong_size 40.
	}
}

// original window dimensions: 1024x640


// camera settings

camera {
	sky <0, 0.179814, -0.983701>
	up <0, 0.179814, -0.983701>
	right 1.6 * <1, 0, 0>
	location <35, 94.9851, 44.8844>
	look_at <35, 29.7336, 32.9568>
	direction <0, -65.2515, -11.9276>
	angle 67.0682
}


# declare cpy_camera_pos = <35, 94.9851, 44.8844>;
# if (DRAW_FOG = 1)
fog {
	fog_type 2
	up vnormalize(cpy_camera_pos)
	color rgbt<1,1,1,0.3>
	distance 1e-5
	fog_alt 3e-3
	fog_offset 56
}
# end


// LIGHTS

# declare lum = 6;
global_settings {
	ambient_light rgb lum * <0.05, 0.05, 0.05>
	max_trace_level 15
}# declare cpy_direct_light_amount = 0.25;
light_source
{	1000 * <-1, -1.16352, -0.803886>,
	rgb lum * cpy_direct_light_amount
	parallel
}

light_source
{	1000 * <1, 1.16352, 0.803886>,
	rgb lum * cpy_direct_light_amount
	parallel
}

// strand 0

// nucleotide -1

// particle -1
sphere {
	<24.100483, 35.356213, 34.767078> 0.250000
	pigment { color rgbt <1,0,0,0> }
	no_shadow
}
cylinder {
	<24.297544, 35.028339, 34.883984>,  <24.415781, 34.831615, 34.954128>, 0.100000
	pigment { color rgbt <1,0,0,0> }
	no_shadow
}
cylinder {
	<24.297544, 35.028339, 34.883984>,  <24.100483, 35.356213, 34.767078>, 0.100000
	pigment { color rgbt <1,0,0,0> }
	no_shadow
}

// particle -1
sphere {
	<24.297544, 35.028339, 34.883984> 0.100000
	pigment { color rgbt <1,0,0,0> }
	no_shadow
}
sphere {
	0, 1
	scale<0.080000,0.200000,0.300000>
	matrix <0.442304, -0.053382, -0.895275,
		0.749440, 0.570331, 0.336248,
		0.492653, -0.819679, 0.292266,
		24.445341, 34.782436, 34.971664>
	pigment { color rgbt <0,1,1,0> }
	no_shadow
}
cylinder {
	<24.787237, 35.401493, 34.642151>,  <24.100483, 35.356213, 34.767078>, 0.130000
	pigment { color rgbt <1,0,0,0> }
	no_shadow
}

// nucleotide -1

// particle -1
sphere {
	<24.787237, 35.401493, 34.642151> 0.250000
	pigment { color rgbt <1,0,0,0> }
	no_shadow
}
cylinder {
	<24.710644, 35.010780, 34.603733>,  <24.664688, 34.776352, 34.580685>, 0.100000
	pigment { color rgbt <1,0,0,0> }
	no_shadow
}
cylinder {
	<24.710644, 35.010780, 34.603733>,  <24.787237, 35.401493, 34.642151>, 0.100000
	pigment { color rgbt <1,0,0,0> }
	no_shadow
}

// particle -1
sphere {
	<24.710644, 35.010780, 34.603733> 0.100000
	pigment { color rgbt <1,0,0,0> }
	no_shadow
}
sphere {
	0, 1
	scale<0.080000,0.200000,0.300000>
	matrix <0.351799, 0.023046, -0.935792,
		0.916282, -0.212974, 0.339220,
		-0.191482, -0.976786, -0.096040,
		24.653200, 34.717743, 34.574921>
	pigment { color rgbt <0,1,1,0> }
	no_shadow
}
cylinder {
	<25.307261, 35.034348, 34.276550>,  <24.787237, 35.401493, 34.642151>, 0.130000
	pigment { color rgbt <1,0,0,0> }
	no_shadow
}

// nucleotide -1

// particle -1
sphere {
	<25.307261, 35.034348, 34.276550> 0.250000
	pigment { color rgbt <1,0,0,0> }
	no_shadow
}
cylinder {
	<24.960363, 34.838753, 34.239059>,  <24.752226, 34.721397, 34.216564>, 0.100000
	pigment { color rgbt <1,0,0,0> }
	no_shadow
}
cylinder {
	<24.960363, 34.838753, 34.239059>,  <25.307261, 35.034348, 34.276550>, 0.100000
	pigment { color rgbt <1,0,0,0> }
	no_shadow
}

// particle -1
sphere {
	<24.960363, 34.838753, 34.239059> 0.100000
	pigment { color rgbt <1,0,0,0> }
	no_shadow
}
sphere {
	0, 1
	scale<0.080000,0.200000,0.300000>
	matrix <0.132197, -0.044663, -0.990217,
		0.480015, -0.871148, 0.103376,
		-0.867242, -0.488986, -0.093725,
		24.700191, 34.692059, 34.210941>
	pigment { color rgbt <0,1,1,0> }
	no_shadow
}
cylinder {
	<25.357738, 34.266830, 33.987091>,  <25.307261, 35.034348, 34.276550>, 0.130000
	pigment { color rgbt <1,0,0,0> }
	no_shadow
}

// nucleotide -1

// particle -1
sphere {
	<25.357738, 34.266830, 33.987091> 0.250000
	pigment { color rgbt <1,0,0,0> }
	no_shadow
}
cylinder {
	<25.011387, 34.442162, 33.890659>,  <24.803576, 34.547359, 33.832798>, 0.100000
	pigment { color rgbt <1,0,0,0> }
	no_shadow
}
cylinder {
	<25.011387, 34.442162, 33.890659>,  <25.357738, 34.266830, 33.987091>, 0.100000
	pigment { color rgbt <1,0,0,0> }
	no_shadow
}

// particle -1
sphere {
	<25.011387, 34.442162, 33.890659> 0.100000
	pigment { color rgbt <1,0,0,0> }
	no_shadow
}
sphere {
	0, 1
	scale<0.080000,0.200000,0.300000>
	matrix <0.136383, -0.256823, -0.956787,
		-0.481306, -0.861340, 0.162596,
		-0.865878, 0.438332, -0.241082,
		24.751623, 34.573662, 33.818336>
	pigment { color rgbt <0,1,1,0> }
	no_shadow
}
cylinder {
	<25.126642, 33.767288, 33.398689>,  <25.357738, 34.266830, 33.987091>, 0.130000
	pigment { color rgbt <1,0,0,0> }
	no_shadow
}

// nucleotide -1

// particle -1
sphere {
	<25.126642, 33.767288, 33.398689> 0.250000
	pigment { color rgbt <1,0,0,0> }
	no_shadow
}
cylinder {
	<25.042942, 34.155334, 33.349567>,  <24.992722, 34.388165, 33.320095>, 0.100000
	pigment { color rgbt <1,0,0,0> }
	no_shadow
}
cylinder {
	<25.042942, 34.155334, 33.349567>,  <25.126642, 33.767288, 33.398689>, 0.100000
	pigment { color rgbt <1,0,0,0> }
	no_shadow
}

// particle -1
sphere {
	<25.042942, 34.155334, 33.349567> 0.100000
	pigment { color rgbt <1,0,0,0> }
	no_shadow
}
sphere {
	0, 1
	scale<0.080000,0.200000,0.300000>
	matrix <0.253347, -0.067513, -0.965017,
		-0.944473, -0.233044, -0.231650,
		-0.209252, 0.970120, -0.122805,
		24.980167, 34.446369, 33.312725>
	pigment { color rgbt <0,1,1,0> }
	no_shadow
}
cylinder {
	<24.794998, 33.737942, 32.664192>,  <25.126642, 33.767288, 33.398689>, 0.130000
	pigment { color rgbt <1,0,0,0> }
	no_shadow
}

// nucleotide -1

// particle -1
sphere {
	<24.794998, 33.737942, 32.664192> 0.250000
	pigment { color rgbt <1,0,0,0> }
	no_shadow
}
cylinder {
	<24.866533, 34.131485, 32.666679>,  <24.909454, 34.367611, 32.668171>, 0.100000
	pigment { color rgbt <1,0,0,0> }
	no_shadow
}
cylinder {
	<24.866533, 34.131485, 32.666679>,  <24.794998, 33.737942, 32.664192>, 0.100000
	pigment { color rgbt <1,0,0,0> }
	no_shadow
}

// particle -1
sphere {
	<24.866533, 34.131485, 32.666679> 0.100000
	pigment { color rgbt <1,0,0,0> }
	no_shadow
}
sphere {
	0, 1
	scale<0.080000,0.200000,0.300000>
	matrix <0.444110, -0.075082, -0.892821,
		-0.877942, 0.162435, -0.450369,
		0.178840, 0.983859, 0.006221,
		24.920185, 34.426643, 32.668545>
	pigment { color rgbt <0,1,1,0> }
	no_shadow
}
cylinder {
	<24.428930, 34.199413, 32.193512>,  <24.794998, 33.737942, 32.664192>, 0.130000
	pigment { color rgbt <1,0,0,0> }
	no_shadow
}

// nucleotide -1

// particle -1
sphere {
	<24.428930, 34.199413, 32.193512> 0.250000
	pigment { color rgbt <1,0,0,0> }
	no_shadow
}
cylinder {
	<24.798492, 34.323120, 32.283627>,  <25.020229, 34.397343, 32.337696>, 0.100000
	pigment { color rgbt <1,0,0,0> }
	no_shadow
}
cylinder {
	<24.798492, 34.323120, 32.283627>,  <24.428930, 34.199413, 32.193512>, 0.100000
	pigment { color rgbt <1,0,0,0> }
	no_shadow
}

// particle -1
sphere {
	<24.798492, 34.323120, 32.283627> 0.100000
	pigment { color rgbt <1,0,0,0> }
	no_shadow
}
sphere {
	0, 1
	scale<0.080000,0.200000,0.300000>
	matrix <0.287231, -0.171614, -0.942362,
		-0.252778, 0.935363, -0.247386,
		0.923906, 0.309266, 0.225284,
		25.075665, 34.415901, 32.351212>
	pigment { color rgbt <0,1,1,0> }
	no_shadow
}
cylinder {
	<24.667742, 34.874531, 31.843950>,  <24.428930, 34.199413, 32.193512>, 0.130000
	pigment { color rgbt <1,0,0,0> }
	no_shadow
}

// nucleotide -1

// particle -1
sphere {
	<24.667742, 34.874531, 31.843950> 0.250000
	pigment { color rgbt <1,0,0,0> }
	no_shadow
}
cylinder {
	<24.957811, 34.609104, 31.917496>,  <25.131853, 34.449848, 31.961622>, 0.100000
	pigment { color rgbt <1,0,0,0> }
	no_shadow
}
cylinder {
	<24.957811, 34.609104, 31.917496>,  <24.667742, 34.874531, 31.843950>, 0.100000
	pigment { color rgbt <1,0,0,0> }
	no_shadow
}

// particle -1
sphere {
	<24.957811, 34.609104, 31.917496> 0.100000
	pigment { color rgbt <1,0,0,0> }
	no_shadow
}
sphere {
	0, 1
	scale<0.080000,0.200000,0.300000>
	matrix <0.134365, -0.125518, -0.982950,
		0.675327, 0.737516, -0.001863,
		0.725176, -0.663562, 0.183862,
		25.175364, 34.410034, 31.972654>
	pigment { color rgbt <0,1,1,0> }
	no_shadow
}
cylinder {
	<25.269102, 35.119564, 31.462408>,  <24.667742, 34.874531, 31.843950>, 0.130000
	pigment { color rgbt <1,0,0,0> }
	no_shadow
}

// nucleotide -1

// particle -1
sphere {
	<25.269102, 35.119564, 31.462408> 0.250000
	pigment { color rgbt <1,0,0,0> }
	no_shadow
}
cylinder {
	<25.305042, 34.724842, 31.516281>,  <25.326607, 34.488007, 31.548605>, 0.100000
	pigment { color rgbt <1,0,0,0> }
	no_shadow
}
cylinder {
	<25.305042, 34.724842, 31.516281>,  <25.269102, 35.119564, 31.462408>, 0.100000
	pigment { color rgbt <1,0,0,0> }
	no_shadow
}

// particle -1
sphere {
	<25.305042, 34.724842, 31.516281> 0.100000
	pigment { color rgbt <1,0,0,0> }
	no_shadow
}
sphere {
	0, 1
	scale<0.080000,0.200000,0.300000>
	matrix <0.268956, -0.106165, -0.957284,
		0.958952, 0.122235, 0.255869,
		0.089849, -0.986807, 0.134683,
		25.331997, 34.428799, 31.556686>
	pigment { color rgbt <0,1,1,0> }
	no_shadow
}
cylinder {
	<25.856516, 34.855999, 31.016214>,  <25.269102, 35.119564, 31.462408>, 0.130000
	pigment { color rgbt <1,0,0,0> }
	no_shadow
}

// nucleotide -1

// particle -1
sphere {
	<25.856516, 34.855999, 31.016214> 0.250000
	pigment { color rgbt <1,0,0,0> }
	no_shadow
}
cylinder {
	<25.685316, 34.507053, 31.110704>,  <25.582596, 34.297688, 31.167398>, 0.100000
	pigment { color rgbt <1,0,0,0> }
	no_shadow
}
cylinder {
	<25.685316, 34.507053, 31.110704>,  <25.856516, 34.855999, 31.016214>, 0.100000
	pigment { color rgbt <1,0,0,0> }
	no_shadow
}

// particle -1
sphere {
	<25.685316, 34.507053, 31.110704> 0.100000
	pigment { color rgbt <1,0,0,0> }
	no_shadow
}
sphere {
	0, 1
	scale<0.080000,0.200000,0.300000>
	matrix <0.088556, -0.300594, -0.949632,
		0.899430, -0.385523, 0.205907,
		-0.427999, -0.872362, 0.236223,
		25.556917, 34.245346, 31.181572>
	pigment { color rgbt <0,1,1,0> }
	no_shadow
}
cylinder {
	<26.149307, 34.350388, 30.615765>,  <25.856516, 34.855999, 31.016214>, 0.130000
	pigment { color rgbt <1,0,0,0> }
	no_shadow
}

// nucleotide -1

// particle -1
sphere {
	<26.149307, 34.350388, 30.615765> 0.250000
	pigment { color rgbt <1,0,0,0> }
	no_shadow
}
cylinder {
	<25.798138, 34.174469, 30.691483>,  <25.587437, 34.068920, 30.736914>, 0.100000
	pigment { color rgbt <1,0,0,0> }
	no_shadow
}
cylinder {
	<25.798138, 34.174469, 30.691483>,  <26.149307, 34.350388, 30.615765>, 0.100000
	pigment { color rgbt <1,0,0,0> }
	no_shadow
}

// particle -1
sphere {
	<25.798138, 34.174469, 30.691483> 0.100000
	pigment { color rgbt <1,0,0,0> }
	no_shadow
}
sphere {
	0, 1
	scale<0.080000,0.200000,0.300000>
	matrix <-0.088216, -0.240013, -0.966753,
		0.470607, -0.865433, 0.171916,
		-0.877922, -0.439795, 0.189297,
		25.534761, 34.042530, 30.748272>
	pigment { color rgbt <0,1,1,0> }
	no_shadow
}
cylinder {
	<26.088127, 33.641926, 30.324928>,  <26.149307, 34.350388, 30.615765>, 0.130000
	pigment { color rgbt <1,0,0,0> }
	no_shadow
}

// nucleotide -1

// particle -1
sphere {
	<26.088127, 33.641926, 30.324928> 0.250000
	pigment { color rgbt <1,0,0,0> }
	no_shadow
}
cylinder {
	<25.741451, 33.841381, 30.330704>,  <25.533445, 33.961052, 30.334169>, 0.100000
	pigment { color rgbt <1,0,0,0> }
	no_shadow
}
cylinder {
	<25.741451, 33.841381, 30.330704>,  <26.088127, 33.641926, 30.324928>, 0.100000
	pigment { color rgbt <1,0,0,0> }
	no_shadow
}

// particle -1
sphere {
	<25.741451, 33.841381, 30.330704> 0.100000
	pigment { color rgbt <1,0,0,0> }
	no_shadow
}
sphere {
	0, 1
	scale<0.080000,0.200000,0.300000>
	matrix <0.078700, 0.165256, -0.983106,
		-0.492598, -0.850913, -0.182469,
		-0.866691, 0.498636, 0.014437,
		25.481443, 33.990971, 30.335035>
	pigment { color rgbt <0,1,1,0> }
	no_shadow
}
cylinder {
	<25.516745, 33.502682, 29.834764>,  <26.088127, 33.641926, 30.324928>, 0.130000
	pigment { color rgbt <1,0,0,0> }
	no_shadow
}

// nucleotide -1

// particle -1
sphere {
	<25.516745, 33.502682, 29.834764> 0.250000
	pigment { color rgbt <1,0,0,0> }
	no_shadow
}
cylinder {
	<25.492384, 33.896458, 29.900690>,  <25.477768, 34.132725, 29.940245>, 0.100000
	pigment { color rgbt <1,0,0,0> }
	no_shadow
}
cylinder {
	<25.492384, 33.896458, 29.900690>,  <25.516745, 33.502682, 29.834764>, 0.100000
	pigment { color rgbt <1,0,0,0> }
	no_shadow
}

// particle -1
sphere {
	<25.492384, 33.896458, 29.900690> 0.100000
	pigment { color rgbt <1,0,0,0> }
	no_shadow
}
sphere {
	0, 1
	scale<0.080000,0.200000,0.300000>
	matrix <0.069877, 0.168920, -0.983150,
		-0.995695, -0.048356, -0.079077,
		-0.060899, 0.984443, 0.164813,
		25.474113, 34.191792, 29.950134>
	pigment { color rgbt <0,1,1,0> }
	no_shadow
}
cylinder {
	<24.976503, 33.865292, 29.431194>,  <25.516745, 33.502682, 29.834764>, 0.130000
	pigment { color rgbt <1,0,0,0> }
	no_shadow
}

// nucleotide -1

// particle -1
sphere {
	<24.976503, 33.865292, 29.431194> 0.250000
	pigment { color rgbt <1,0,0,0> }
	no_shadow
}
cylinder {
	<25.277920, 34.119991, 29.496578>,  <25.458771, 34.272812, 29.535809>, 0.100000
	pigment { color rgbt <1,0,0,0> }
	no_shadow
}
cylinder {
	<25.277920, 34.119991, 29.496578>,  <24.976503, 33.865292, 29.431194>, 0.100000
	pigment { color rgbt <1,0,0,0> }
	no_shadow
}

// particle -1
sphere {
	<25.277920, 34.119991, 29.496578> 0.100000
	pigment { color rgbt <1,0,0,0> }
	no_shadow
}
sphere {
	0, 1
	scale<0.080000,0.200000,0.300000>
	matrix <0.020153, 0.226153, -0.973883,
		-0.657090, 0.737157, 0.157583,
		0.753543, 0.636753, 0.163459,
		25.503983, 34.311016, 29.545616>
	pigment { color rgbt <0,1,1,0> }
	no_shadow
}
cylinder {
	<24.751171, 34.299881, 29.967430>,  <24.976503, 33.865292, 29.431194>, 0.130000
	pigment { color rgbt <1,0,0,0> }
	no_shadow
}

// nucleotide -1

// particle -1
sphere {
	<24.751171, 34.299881, 29.967430> 0.250000
	pigment { color rgbt <1,0,0,0> }
	no_shadow
}
cylinder {
	<24.895891, 33.931213, 30.023464>,  <24.982723, 33.710014, 30.057085>, 0.100000
	pigment { color rgbt <1,0,0,0> }
	no_shadow
}
cylinder {
	<24.895891, 33.931213, 30.023464>,  <24.751171, 34.299881, 29.967430>, 0.100000
	pigment { color rgbt <1,0,0,0> }
	no_shadow
}

// particle -1
sphere {
	<24.895891, 33.931213, 30.023464> 0.100000
	pigment { color rgbt <1,0,0,0> }
	no_shadow
}
sphere {
	0, 1
	scale<0.080000,0.200000,0.300000>
	matrix <0.051203, 0.169685, 0.984167,
		-0.930848, -0.348899, 0.108584,
		0.361800, -0.921670, 0.140087,
		25.004431, 33.654713, 30.065491>
	pigment { color rgbt <0,1,1,0> }
	no_shadow
}
cylinder {
	<24.250660, 33.840351, 30.431177>,  <24.751171, 34.299881, 29.967430>, 0.130000
	pigment { color rgbt <1,0,0,0> }
	no_shadow
}

// nucleotide -1

// particle -1
sphere {
	<24.250660, 33.840351, 30.431177> 0.250000
	pigment { color rgbt <1,0,0,0> }
	no_shadow
}
cylinder {
	<24.637888, 33.745434, 30.463509>,  <24.870224, 33.688484, 30.482908>, 0.100000
	pigment { color rgbt <1,0,0,0> }
	no_shadow
}
cylinder {
	<24.637888, 33.745434, 30.463509>,  <24.250660, 33.840351, 30.431177>, 0.100000
	pigment { color rgbt <1,0,0,0> }
	no_shadow
}

// particle -1
sphere {
	<24.637888, 33.745434, 30.463509> 0.100000
	pigment { color rgbt <1,0,0,0> }
	no_shadow
}
sphere {
	0, 1
	scale<0.080000,0.200000,0.300000>
	matrix <-0.034939, 0.191572, 0.980857,
		-0.248236, -0.952361, 0.177164,
		0.968069, -0.237294, 0.080830,
		24.928308, 33.674244, 30.487757>
	pigment { color rgbt <0,1,1,0> }
	no_shadow
}
cylinder {
	<24.371010, 33.596199, 31.088308>,  <24.250660, 33.840351, 30.431177>, 0.130000
	pigment { color rgbt <1,0,0,0> }
	no_shadow
}

// nucleotide -1

// particle -1
sphere {
	<24.371010, 33.596199, 31.088308> 0.250000
	pigment { color rgbt <1,0,0,0> }
	no_shadow
}
cylinder {
	<24.746338, 33.697330, 30.993958>,  <24.971535, 33.758011, 30.937347>, 0.100000
	pigment { color rgbt <1,0,0,0> }
	no_shadow
}
cylinder {
	<24.746338, 33.697330, 30.993958>,  <24.371010, 33.596199, 31.088308>, 0.100000
	pigment { color rgbt <1,0,0,0> }
	no_shadow
}

// particle -1
sphere {
	<24.746338, 33.697330, 30.993958> 0.100000
	pigment { color rgbt <1,0,0,0> }
	no_shadow
}
sphere {
	0, 1
	scale<0.080000,0.200000,0.300000>
	matrix <0.175611, 0.239188, 0.954961,
		0.297860, -0.937479, 0.180035,
		0.938318, 0.252829, -0.235876,
		25.027834, 33.773178, 30.923195>
	pigment { color rgbt <0,1,1,0> }
	no_shadow
}
cylinder {
	<24.772038, 33.231632, 31.505505>,  <24.371010, 33.596199, 31.088308>, 0.130000
	pigment { color rgbt <1,0,0,0> }
	no_shadow
}

// nucleotide -1

// particle -1
sphere {
	<24.772038, 33.231632, 31.505505> 0.250000
	pigment { color rgbt <1,0,0,0> }
	no_shadow
}
cylinder {
	<25.009277, 33.537327, 31.404169>,  <25.151621, 33.720741, 31.343369>, 0.100000
	pigment { color rgbt <1,0,0,0> }
	no_shadow
}
cylinder {
	<25.009277, 33.537327, 31.404169>,  <24.772038, 33.231632, 31.505505>, 0.100000
	pigment { color rgbt <1,0,0,0> }
	no_shadow
}

// particle -1
sphere {
	<25.009277, 33.537327, 31.404169> 0.100000
	pigment { color rgbt <1,0,0,0> }
	no_shadow
}
sphere {
	0, 1
	scale<0.080000,0.200000,0.300000>
	matrix <0.164813, 0.192750, 0.967308,
		0.788078, -0.615465, -0.011635,
		0.593101, 0.764232, -0.253339,
		25.187208, 33.766598, 31.328167>
	pigment { color rgbt <0,1,1,0> }
	no_shadow
}
cylinder {
	<25.453331, 33.125340, 31.825756>,  <24.772038, 33.231632, 31.505505>, 0.130000
	pigment { color rgbt <1,0,0,0> }
	no_shadow
}

// nucleotide -1

// particle -1
sphere {
	<25.453331, 33.125340, 31.825756> 0.250000
	pigment { color rgbt <1,0,0,0> }
	no_shadow
}
cylinder {
	<25.413044, 33.517132, 31.755938>,  <25.388872, 33.752209, 31.714046>, 0.100000
	pigment { color rgbt <1,0,0,0> }
	no_shadow
}
cylinder {
	<25.413044, 33.517132, 31.755938>,  <25.453331, 33.125340, 31.825756>, 0.100000
	pigment { color rgbt <1,0,0,0> }
	no_shadow
}

// particle -1
sphere {
	<25.413044, 33.517132, 31.755938> 0.100000
	pigment { color rgbt <1,0,0,0> }
	no_shadow
}
sphere {
	0, 1
	scale<0.080000,0.200000,0.300000>
	matrix <0.051670, 0.180350, 0.982244,
		0.993573, 0.089909, -0.068774,
		-0.100716, 0.979485, -0.174545,
		25.382830, 33.810978, 31.703573>
	pigment { color rgbt <0,1,1,0> }
	no_shadow
}
cylinder {
	<26.089184, 33.486092, 32.135399>,  <25.453331, 33.125340, 31.825756>, 0.130000
	pigment { color rgbt <1,0,0,0> }
	no_shadow
}

// nucleotide -1

// particle -1
sphere {
	<26.089184, 33.486092, 32.135399> 0.250000
	pigment { color rgbt <1,0,0,0> }
	no_shadow
}
cylinder {
	<25.783251, 33.741409, 32.100506>,  <25.599691, 33.894600, 32.079571>, 0.100000
	pigment { color rgbt <1,0,0,0> }
	no_shadow
}
cylinder {
	<25.783251, 33.741409, 32.100506>,  <26.089184, 33.486092, 32.135399>, 0.100000
	pigment { color rgbt <1,0,0,0> }
	no_shadow
}

// particle -1
sphere {
	<25.783251, 33.741409, 32.100506> 0.100000
	pigment { color rgbt <1,0,0,0> }
	no_shadow
}
sphere {
	0, 1
	scale<0.080000,0.200000,0.300000>
	matrix <0.034815, 0.176161, 0.983745,
		0.643287, 0.749364, -0.156956,
		-0.764833, 0.638296, -0.087233,
		25.553801, 33.932899, 32.074337>
	pigment { color rgbt <0,1,1,0> }
	no_shadow
}
cylinder {
	<26.266418, 32.829655, 32.596474>,  <26.089184, 33.486092, 32.135399>, 0.130000
	pigment { color rgbt <1,0,0,0> }
	no_shadow
}

// nucleotide -1

// particle -1
sphere {
	<26.266418, 32.829655, 32.596474> 0.250000
	pigment { color rgbt <1,0,0,0> }
	no_shadow
}
cylinder {
	<26.398684, 33.206280, 32.622185>,  <26.478043, 33.432255, 32.637611>, 0.100000
	pigment { color rgbt <1,0,0,0> }
	no_shadow
}
cylinder {
	<26.398684, 33.206280, 32.622185>,  <26.266418, 32.829655, 32.596474>, 0.100000
	pigment { color rgbt <1,0,0,0> }
	no_shadow
}

// particle -1
sphere {
	<26.398684, 33.206280, 32.622185> 0.100000
	pigment { color rgbt <1,0,0,0> }
	no_shadow
}
sphere {
	0, 1
	scale<0.080000,0.200000,0.300000>
	matrix <-0.224696, 0.012394, 0.974350,
		0.916611, -0.336622, 0.215663,
		0.330661, 0.941558, 0.064277,
		26.497881, 33.488747, 32.641468>
	pigment { color rgbt <0,1,1,0> }
	no_shadow
}
cylinder {
	<26.098272, 32.147072, 32.865566>,  <26.266418, 32.829655, 32.596474>, 0.130000
	pigment { color rgbt <1,0,0,0> }
	no_shadow
}

// nucleotide -1

// particle -1
sphere {
	<26.098272, 32.147072, 32.865566> 0.250000
	pigment { color rgbt <1,0,0,0> }
	no_shadow
}
cylinder {
	<25.828808, 31.852818, 32.893887>,  <25.667130, 31.676264, 32.910877>, 0.100000
	pigment { color rgbt <1,0,0,0> }
	no_shadow
}
cylinder {
	<25.828808, 31.852818, 32.893887>,  <26.098272, 32.147072, 32.865566>, 0.100000
	pigment { color rgbt <1,0,0,0> }
	no_shadow
}

// particle -1
sphere {
	<25.828808, 31.852818, 32.893887> 0.100000
	pigment { color rgbt <1,0,0,0> }
	no_shadow
}
sphere {
	0, 1
	scale<0.080000,0.200000,0.300000>
	matrix <0.731568, -0.650196, 0.205069,
		-0.104822, 0.189942, 0.976183,
		-0.673662, -0.735640, 0.070800,
		25.626709, 31.632126, 32.915127>
	pigment { color rgbt <0,1,1,0> }
	no_shadow
}
cylinder {
	<26.311932, 31.791239, 33.425346>,  <26.098272, 32.147072, 32.865566>, 0.130000
	pigment { color rgbt <1,0,0,0> }
	no_shadow
}

// nucleotide -1

// particle -1
sphere {
	<26.311932, 31.791239, 33.425346> 0.250000
	pigment { color rgbt <1,0,0,0> }
	no_shadow
}
cylinder {
	<26.122715, 31.510099, 33.212845>,  <26.009186, 31.341415, 33.085342>, 0.100000
	pigment { color rgbt <1,0,0,0> }
	no_shadow
}
cylinder {
	<26.122715, 31.510099, 33.212845>,  <26.311932, 31.791239, 33.425346>, 0.100000
	pigment { color rgbt <1,0,0,0> }
	no_shadow
}

// particle -1
sphere {
	<26.122715, 31.510099, 33.212845> 0.100000
	pigment { color rgbt <1,0,0,0> }
	no_shadow
}
sphere {
	0, 1
	scale<0.080000,0.200000,0.300000>
	matrix <0.693522, -0.668940, 0.267481,
		-0.543377, -0.241908, 0.803879,
		-0.473041, -0.702851, -0.531256,
		25.980803, 31.299244, 33.053467>
	pigment { color rgbt <0,1,1,0> }
	no_shadow
}
cylinder {
	<26.899115, 31.903429, 33.816170>,  <26.311932, 31.791239, 33.425346>, 0.130000
	pigment { color rgbt <1,0,0,0> }
	no_shadow
}

// nucleotide -1

// particle -1
sphere {
	<26.899115, 31.903429, 33.816170> 0.250000
	pigment { color rgbt <1,0,0,0> }
	no_shadow
}
cylinder {
	<27.253227, 31.881433, 33.631451>,  <27.465694, 31.868237, 33.520618>, 0.100000
	pigment { color rgbt <1,0,0,0> }
	no_shadow
}
cylinder {
	<27.253227, 31.881433, 33.631451>,  <26.899115, 31.903429, 33.816170>, 0.100000
	pigment { color rgbt <1,0,0,0> }
	no_shadow
}

// particle -1
sphere {
	<27.253227, 31.881433, 33.631451> 0.100000
	pigment { color rgbt <1,0,0,0> }
	no_shadow
}
sphere {
	0, 1
	scale<0.080000,0.200000,0.300000>
	matrix <0.447339, 0.372163, 0.813255,
		0.127141, -0.926537, 0.354068,
		0.885281, -0.054991, -0.461793,
		27.518812, 31.864937, 33.492912>
	pigment { color rgbt <0,1,1,0> }
	no_shadow
}
cylinder {
	<27.474928, 31.587727, 34.223854>,  <26.899115, 31.903429, 33.816170>, 0.130000
	pigment { color rgbt <1,0,0,0> }
	no_shadow
}

// nucleotide -1

// particle -1
sphere {
	<27.474928, 31.587727, 34.223854> 0.250000
	pigment { color rgbt <1,0,0,0> }
	no_shadow
}
cylinder {
	<27.694603, 31.791212, 33.958641>,  <27.826408, 31.913303, 33.799515>, 0.100000
	pigment { color rgbt <1,0,0,0> }
	no_shadow
}
cylinder {
	<27.694603, 31.791212, 33.958641>,  <27.474928, 31.587727, 34.223854>, 0.100000
	pigment { color rgbt <1,0,0,0> }
	no_shadow
}

// particle -1
sphere {
	<27.694603, 31.791212, 33.958641> 0.100000
	pigment { color rgbt <1,0,0,0> }
	no_shadow
}
sphere {
	0, 1
	scale<0.080000,0.200000,0.300000>
	matrix <0.625130, 0.276469, 0.729917,
		0.554624, -0.815339, -0.166178,
		0.549186, 0.508712, -0.663028,
		27.859360, 31.943825, 33.759731>
	pigment { color rgbt <0,1,1,0> }
	no_shadow
}
cylinder {
	<28.167593, 31.438639, 34.285030>,  <27.474928, 31.587727, 34.223854>, 0.130000
	pigment { color rgbt <1,0,0,0> }
	no_shadow
}

// nucleotide -1

// particle -1
sphere {
	<28.167593, 31.438639, 34.285030> 0.250000
	pigment { color rgbt <1,0,0,0> }
	no_shadow
}
cylinder {
	<28.117044, 31.808201, 34.140572>,  <28.086716, 32.029938, 34.053898>, 0.100000
	pigment { color rgbt <1,0,0,0> }
	no_shadow
}
cylinder {
	<28.117044, 31.808201, 34.140572>,  <28.167593, 31.438639, 34.285030>, 0.100000
	pigment { color rgbt <1,0,0,0> }
	no_shadow
}

// particle -1
sphere {
	<28.117044, 31.808201, 34.140572> 0.100000
	pigment { color rgbt <1,0,0,0> }
	no_shadow
}
sphere {
	0, 1
	scale<0.080000,0.200000,0.300000>
	matrix <0.560915, 0.366826, 0.742168,
		0.818172, -0.108783, -0.564589,
		-0.126371, 0.923907, -0.361145,
		28.079134, 32.085373, 34.032227>
	pigment { color rgbt <0,1,1,0> }
	no_shadow
}
cylinder {
	<28.754282, 31.782930, 34.164650>,  <28.167593, 31.438639, 34.285030>, 0.130000
	pigment { color rgbt <1,0,0,0> }
	no_shadow
}

// nucleotide -1

// particle -1
sphere {
	<28.754282, 31.782930, 34.164650> 0.250000
	pigment { color rgbt <1,0,0,0> }
	no_shadow
}
cylinder {
	<28.478979, 32.042568, 34.294250>,  <28.313797, 32.198349, 34.372013>, 0.100000
	pigment { color rgbt <1,0,0,0> }
	no_shadow
}
cylinder {
	<28.478979, 32.042568, 34.294250>,  <28.754282, 31.782930, 34.164650>, 0.100000
	pigment { color rgbt <1,0,0,0> }
	no_shadow
}

// particle -1
sphere {
	<28.478979, 32.042568, 34.294250> 0.100000
	pigment { color rgbt <1,0,0,0> }
	no_shadow
}
sphere {
	0, 1
	scale<0.080000,0.200000,0.300000>
	matrix <0.555482, 0.184248, 0.810859,
		0.466625, 0.738060, -0.487369,
		-0.688259, 0.649092, 0.324004,
		28.272501, 32.237297, 34.391453>
	pigment { color rgbt <0,1,1,0> }
	no_shadow
}
cylinder {
	<28.807003, 32.641014, 34.126190>,  <28.754282, 31.782930, 34.164650>, 0.130000
	pigment { color rgbt <1,0,0,0> }
	no_shadow
}

// nucleotide -1

// particle -1
sphere {
	<28.807003, 32.641014, 34.126190> 0.250000
	pigment { color rgbt <1,0,0,0> }
	no_shadow
}
cylinder {
	<28.633532, 32.498558, 34.457268>,  <28.529449, 32.413082, 34.655914>, 0.100000
	pigment { color rgbt <1,0,0,0> }
	no_shadow
}
cylinder {
	<28.633532, 32.498558, 34.457268>,  <28.807003, 32.641014, 34.126190>, 0.100000
	pigment { color rgbt <1,0,0,0> }
	no_shadow
}

// particle -1
sphere {
	<28.633532, 32.498558, 34.457268> 0.100000
	pigment { color rgbt <1,0,0,0> }
	no_shadow
}
sphere {
	0, 1
	scale<0.080000,0.200000,0.300000>
	matrix <0.687030, 0.463655, 0.559476,
		-0.583021, 0.811286, 0.043605,
		-0.433678, -0.356144, 0.827699,
		28.503428, 32.391716, 34.705578>
	pigment { color rgbt <0,1,1,0> }
	no_shadow
}
cylinder {
	<28.496855, 33.204178, 34.564163>,  <28.807003, 32.641014, 34.126190>, 0.130000
	pigment { color rgbt <1,0,0,0> }
	no_shadow
}

// nucleotide -1

// particle -1
sphere {
	<28.496855, 33.204178, 34.564163> 0.250000
	pigment { color rgbt <1,0,0,0> }
	no_shadow
}
cylinder {
	<28.672310, 32.875023, 34.708641>,  <28.777582, 32.677532, 34.795326>, 0.100000
	pigment { color rgbt <1,0,0,0> }
	no_shadow
}
cylinder {
	<28.672310, 32.875023, 34.708641>,  <28.496855, 33.204178, 34.564163>, 0.100000
	pigment { color rgbt <1,0,0,0> }
	no_shadow
}

// particle -1
sphere {
	<28.672310, 32.875023, 34.708641> 0.100000
	pigment { color rgbt <1,0,0,0> }
	no_shadow
}
sphere {
	0, 1
	scale<0.080000,0.200000,0.300000>
	matrix <0.745046, 0.557729, 0.365847,
		-0.502497, 0.108630, 0.857727,
		0.438637, -0.822884, 0.361192,
		28.803902, 32.628159, 34.816998>
	pigment { color rgbt <0,1,1,0> }
	no_shadow
}
cylinder {
	<28.621517, 33.104118, 35.335632>,  <28.496855, 33.204178, 34.564163>, 0.130000
	pigment { color rgbt <1,0,0,0> }
	no_shadow
}

// nucleotide -1

// particle -1
sphere {
	<28.621517, 33.104118, 35.335632> 0.250000
	pigment { color rgbt <1,0,0,0> }
	no_shadow
}
cylinder {
	<28.913368, 32.973843, 35.095108>,  <29.088478, 32.895679, 34.950794>, 0.100000
	pigment { color rgbt <1,0,0,0> }
	no_shadow
}
cylinder {
	<28.913368, 32.973843, 35.095108>,  <28.621517, 33.104118, 35.335632>, 0.100000
	pigment { color rgbt <1,0,0,0> }
	no_shadow
}

// particle -1
sphere {
	<28.913368, 32.973843, 35.095108> 0.100000
	pigment { color rgbt <1,0,0,0> }
	no_shadow
}
sphere {
	0, 1
	scale<0.080000,0.200000,0.300000>
	matrix <0.654675, 0.586746, 0.476581,
		0.197601, -0.741389, 0.641324,
		0.729626, -0.325686, -0.601311,
		29.132256, 32.876137, 34.914715>
	pigment { color rgbt <0,1,1,0> }
	no_shadow
}
cylinder {
	<29.151714, 33.461807, 35.608067>,  <28.621517, 33.104118, 35.335632>, 0.130000
	pigment { color rgbt <1,0,0,0> }
	no_shadow
}

// nucleotide -1

// particle -1
sphere {
	<29.151714, 33.461807, 35.608067> 0.250000
	pigment { color rgbt <1,0,0,0> }
	no_shadow
}
cylinder {
	<29.346790, 33.222313, 35.353928>,  <29.463837, 33.078617, 35.201443>, 0.100000
	pigment { color rgbt <1,0,0,0> }
	no_shadow
}
cylinder {
	<29.346790, 33.222313, 35.353928>,  <29.151714, 33.461807, 35.608067>, 0.100000
	pigment { color rgbt <1,0,0,0> }
	no_shadow
}

// particle -1
sphere {
	<29.346790, 33.222313, 35.353928> 0.100000
	pigment { color rgbt <1,0,0,0> }
	no_shadow
}
sphere {
	0, 1
	scale<0.080000,0.200000,0.300000>
	matrix <0.856148, 0.470380, 0.213900,
		0.170785, -0.648269, 0.742010,
		0.487692, -0.598740, -0.635348,
		29.493097, 33.042690, 35.163322>
	pigment { color rgbt <0,1,1,0> }
	no_shadow
}
cylinder {
	<29.564190, 33.023647, 35.975571>,  <29.151714, 33.461807, 35.608067>, 0.130000
	pigment { color rgbt <1,0,0,0> }
	no_shadow
}

// nucleotide -1

// particle -1
sphere {
	<29.564190, 33.023647, 35.975571> 0.250000
	pigment { color rgbt <1,0,0,0> }
	no_shadow
}
cylinder {
	<29.694715, 33.087227, 35.602852>,  <29.773031, 33.125374, 35.379219>, 0.100000
	pigment { color rgbt <1,0,0,0> }
	no_shadow
}
cylinder {
	<29.694715, 33.087227, 35.602852>,  <29.564190, 33.023647, 35.975571>, 0.100000
	pigment { color rgbt <1,0,0,0> }
	no_shadow
}

// particle -1
sphere {
	<29.694715, 33.087227, 35.602852> 0.100000
	pigment { color rgbt <1,0,0,0> }
	no_shadow
}
sphere {
	0, 1
	scale<0.080000,0.200000,0.300000>
	matrix <0.882454, 0.302102, 0.360569,
		0.338813, -0.939930, -0.041688,
		0.326316, 0.158953, -0.931801,
		29.792610, 33.134914, 35.323311>
	pigment { color rgbt <0,1,1,0> }
	no_shadow
}
cylinder {
	<30.222931, 32.612793, 35.896053>,  <29.564190, 33.023647, 35.975571>, 0.130000
	pigment { color rgbt <1,0,0,0> }
	no_shadow
}

// nucleotide -1

// particle -1
sphere {
	<30.222931, 32.612793, 35.896053> 0.250000
	pigment { color rgbt <1,0,0,0> }
	no_shadow
}
cylinder {
	<30.225542, 32.884766, 35.602753>,  <30.227108, 33.047947, 35.426773>, 0.100000
	pigment { color rgbt <1,0,0,0> }
	no_shadow
}
cylinder {
	<30.225542, 32.884766, 35.602753>,  <30.222931, 32.612793, 35.896053>, 0.100000
	pigment { color rgbt <1,0,0,0> }
	no_shadow
}

// particle -1
sphere {
	<30.225542, 32.884766, 35.602753> 0.100000
	pigment { color rgbt <1,0,0,0> }
	no_shadow
}
sphere {
	0, 1
	scale<0.080000,0.200000,0.300000>
	matrix <0.909483, 0.300781, 0.287003,
		0.415689, -0.668752, -0.616420,
		0.006527, 0.679928, -0.733250,
		30.227501, 33.088745, 35.382778>
	pigment { color rgbt <0,1,1,0> }
	no_shadow
}
cylinder {
	<30.829781, 32.534580, 35.479427>,  <30.222931, 32.612793, 35.896053>, 0.130000
	pigment { color rgbt <1,0,0,0> }
	no_shadow
}

// nucleotide -1

// particle -1
sphere {
	<30.829781, 32.534580, 35.479427> 0.250000
	pigment { color rgbt <1,0,0,0> }
	no_shadow
}
cylinder {
	<30.721851, 32.916531, 35.429764>,  <30.657093, 33.145699, 35.399963>, 0.100000
	pigment { color rgbt <1,0,0,0> }
	no_shadow
}
cylinder {
	<30.721851, 32.916531, 35.429764>,  <30.829781, 32.534580, 35.479427>, 0.100000
	pigment { color rgbt <1,0,0,0> }
	no_shadow
}

// particle -1
sphere {
	<30.721851, 32.916531, 35.429764> 0.100000
	pigment { color rgbt <1,0,0,0> }
	no_shadow
}
sphere {
	0, 1
	scale<0.080000,0.200000,0.300000>
	matrix <0.921952, 0.293397, 0.252829,
		0.277848, -0.046251, -0.959511,
		-0.269824, 0.954871, -0.124161,
		30.640903, 33.202991, 35.392517>
	pigment { color rgbt <0,1,1,0> }
	no_shadow
}
cylinder {
	<31.302813, 32.860291, 35.087208>,  <30.829781, 32.534580, 35.479427>, 0.130000
	pigment { color rgbt <1,0,0,0> }
	no_shadow
}

// nucleotide -1

// particle -1
sphere {
	<31.302813, 32.860291, 35.087208> 0.250000
	pigment { color rgbt <1,0,0,0> }
	no_shadow
}
cylinder {
	<31.125914, 33.133091, 35.320202>,  <31.019773, 33.296772, 35.459999>, 0.100000
	pigment { color rgbt <1,0,0,0> }
	no_shadow
}
cylinder {
	<31.125914, 33.133091, 35.320202>,  <31.302813, 32.860291, 35.087208>, 0.100000
	pigment { color rgbt <1,0,0,0> }
	no_shadow
}

// particle -1
sphere {
	<31.125914, 33.133091, 35.320202> 0.100000
	pigment { color rgbt <1,0,0,0> }
	no_shadow
}
sphere {
	0, 1
	scale<0.080000,0.200000,0.300000>
	matrix <0.888558, 0.244826, 0.387976,
		0.121995, 0.689151, -0.714274,
		-0.442247, 0.682005, 0.582483,
		30.993240, 33.337692, 35.494946>
	pigment { color rgbt <0,1,1,0> }
	no_shadow
}
cylinder {
	<31.673056, 33.555664, 35.017887>,  <31.302813, 32.860291, 35.087208>, 0.130000
	pigment { color rgbt <1,0,0,0> }
	no_shadow
}

// nucleotide -1

// particle -1
sphere {
	<31.673056, 33.555664, 35.017887> 0.250000
	pigment { color rgbt <1,0,0,0> }
	no_shadow
}
cylinder {
	<31.509373, 33.488693, 35.376667>,  <31.411163, 33.448509, 35.591934>, 0.100000
	pigment { color rgbt <1,0,0,0> }
	no_shadow
}
cylinder {
	<31.509373, 33.488693, 35.376667>,  <31.673056, 33.555664, 35.017887>, 0.100000
	pigment { color rgbt <1,0,0,0> }
	no_shadow
}

// particle -1
sphere {
	<31.509373, 33.488693, 35.376667> 0.100000
	pigment { color rgbt <1,0,0,0> }
	no_shadow
}
sphere {
	0, 1
	scale<0.080000,0.200000,0.300000>
	matrix <0.871912, 0.217970, 0.438472,
		-0.268920, 0.961487, 0.056787,
		-0.409207, -0.167427, 0.896949,
		31.386610, 33.438465, 35.645752>
	pigment { color rgbt <0,1,1,0> }
	no_shadow
}
cylinder {
	<31.561131, 34.135807, 35.462635>,  <31.673056, 33.555664, 35.017887>, 0.130000
	pigment { color rgbt <1,0,0,0> }
	no_shadow
}

// nucleotide -1

// particle -1
sphere {
	<31.561131, 34.135807, 35.462635> 0.250000
	pigment { color rgbt <1,0,0,0> }
	no_shadow
}
cylinder {
	<31.631413, 33.799637, 35.667694>,  <31.673582, 33.597935, 35.790730>, 0.100000
	pigment { color rgbt <1,0,0,0> }
	no_shadow
}
cylinder {
	<31.631413, 33.799637, 35.667694>,  <31.561131, 34.135807, 35.462635>, 0.100000
	pigment { color rgbt <1,0,0,0> }
	no_shadow
}

// particle -1
sphere {
	<31.631413, 33.799637, 35.667694> 0.100000
	pigment { color rgbt <1,0,0,0> }
	no_shadow
}
sphere {
	0, 1
	scale<0.080000,0.200000,0.300000>
	matrix <0.726072, 0.462293, 0.509023,
		-0.664792, 0.282783, 0.691437,
		0.175704, -0.840428, 0.512650,
		31.684124, 33.547508, 35.821487>
	pigment { color rgbt <0,1,1,0> }
	no_shadow
}
cylinder {
	<31.192883, 34.662167, 35.886459>,  <31.561131, 34.135807, 35.462635>, 0.130000
	pigment { color rgbt <1,0,0,0> }
	no_shadow
}

// nucleotide -1

// particle -1
sphere {
	<31.192883, 34.662167, 35.886459> 0.250000
	pigment { color rgbt <1,0,0,0> }
	no_shadow
}
cylinder {
	<31.175240, 34.276287, 35.782600>,  <31.164654, 34.044762, 35.720287>, 0.100000
	pigment { color rgbt <1,0,0,0> }
	no_shadow
}
cylinder {
	<31.175240, 34.276287, 35.782600>,  <31.192883, 34.662167, 35.886459>, 0.100000
	pigment { color rgbt <1,0,0,0> }
	no_shadow
}

// particle -1
sphere {
	<31.175240, 34.276287, 35.782600> 0.100000
	pigment { color rgbt <1,0,0,0> }
	no_shadow
}
sphere {
	0, 1
	scale<0.080000,0.200000,0.300000>
	matrix <-0.885392, 0.158131, -0.437121,
		0.462747, 0.210605, -0.861110,
		-0.044108, -0.964697, -0.259643,
		31.162006, 33.986877, 35.704708>
	pigment { color rgbt <0,1,1,0> }
	no_shadow
}
cylinder {
	<30.990294, 34.506733, 35.130486>,  <31.192883, 34.662167, 35.886459>, 0.130000
	pigment { color rgbt <1,0,0,0> }
	no_shadow
}

// nucleotide -1

// particle -1
sphere {
	<30.990294, 34.506733, 35.130486> 0.250000
	pigment { color rgbt <1,0,0,0> }
	no_shadow
}
cylinder {
	<30.923275, 34.158703, 35.315918>,  <30.883064, 33.949886, 35.427177>, 0.100000
	pigment { color rgbt <1,0,0,0> }
	no_shadow
}
cylinder {
	<30.923275, 34.158703, 35.315918>,  <30.990294, 34.506733, 35.130486>, 0.100000
	pigment { color rgbt <1,0,0,0> }
	no_shadow
}

// particle -1
sphere {
	<30.923275, 34.158703, 35.315918> 0.100000
	pigment { color rgbt <1,0,0,0> }
	no_shadow
}
sphere {
	0, 1
	scale<0.080000,0.200000,0.300000>
	matrix <-0.902003, -0.054491, -0.428276,
		0.397892, -0.489906, -0.775677,
		-0.167547, -0.870071, 0.463579,
		30.873011, 33.897682, 35.454990>
	pigment { color rgbt <0,1,1,0> }
	no_shadow
}
cylinder {
	<30.269711, 34.314873, 34.937569>,  <30.990294, 34.506733, 35.130486>, 0.130000
	pigment { color rgbt <1,0,0,0> }
	no_shadow
}

// nucleotide -1

// particle -1
sphere {
	<30.269711, 34.314873, 34.937569> 0.250000
	pigment { color rgbt <1,0,0,0> }
	no_shadow
}
cylinder {
	<30.404566, 33.962120, 35.069401>,  <30.485479, 33.750469, 35.148499>, 0.100000
	pigment { color rgbt <1,0,0,0> }
	no_shadow
}
cylinder {
	<30.404566, 33.962120, 35.069401>,  <30.269711, 34.314873, 34.937569>, 0.100000
	pigment { color rgbt <1,0,0,0> }
	no_shadow
}

// particle -1
sphere {
	<30.404566, 33.962120, 35.069401> 0.100000
	pigment { color rgbt <1,0,0,0> }
	no_shadow
}
sphere {
	0, 1
	scale<0.080000,0.200000,0.300000>
	matrix <-0.859200, -0.431320, -0.275206,
		0.384853, -0.190393, -0.903127,
		0.337140, -0.881881, 0.329580,
		30.505707, 33.697556, 35.168274>
	pigment { color rgbt <0,1,1,0> }
	no_shadow
}
cylinder {
	<30.309210, 33.887249, 34.349857>,  <30.269711, 34.314873, 34.937569>, 0.130000
	pigment { color rgbt <1,0,0,0> }
	no_shadow
}

// nucleotide -1

// particle -1
sphere {
	<30.309210, 33.887249, 34.349857> 0.250000
	pigment { color rgbt <1,0,0,0> }
	no_shadow
}
cylinder {
	<30.259876, 33.662136, 34.676800>,  <30.230276, 33.527069, 34.872963>, 0.100000
	pigment { color rgbt <1,0,0,0> }
	no_shadow
}
cylinder {
	<30.259876, 33.662136, 34.676800>,  <30.309210, 33.887249, 34.349857>, 0.100000
	pigment { color rgbt <1,0,0,0> }
	no_shadow
}

// particle -1
sphere {
	<30.259876, 33.662136, 34.676800> 0.100000
	pigment { color rgbt <1,0,0,0> }
	no_shadow
}
sphere {
	0, 1
	scale<0.080000,0.200000,0.300000>
	matrix <-0.859167, -0.351617, -0.371749,
		0.496609, -0.748092, -0.440157,
		-0.123336, -0.562782, 0.817352,
		30.222876, 33.493301, 34.922005>
	pigment { color rgbt <0,1,1,0> }
	no_shadow
}
cylinder {
	<30.041866, 33.228107, 34.049728>,  <30.309210, 33.887249, 34.349857>, 0.130000
	pigment { color rgbt <1,0,0,0> }
	no_shadow
}

// nucleotide -1

// particle -1
sphere {
	<30.041866, 33.228107, 34.049728> 0.250000
	pigment { color rgbt <1,0,0,0> }
	no_shadow
}
cylinder {
	<29.973749, 33.245632, 34.443497>,  <29.932878, 33.256145, 34.679756>, 0.100000
	pigment { color rgbt <1,0,0,0> }
	no_shadow
}
cylinder {
	<29.973749, 33.245632, 34.443497>,  <30.041866, 33.228107, 34.049728>, 0.100000
	pigment { color rgbt <1,0,0,0> }
	no_shadow
}

// particle -1
sphere {
	<29.973749, 33.245632, 34.443497> 0.100000
	pigment { color rgbt <1,0,0,0> }
	no_shadow
}
sphere {
	0, 1
	scale<0.080000,0.200000,0.300000>
	matrix <-0.841200, -0.526763, -0.122074,
		0.513208, -0.848882, 0.126559,
		-0.170293, 0.043812, 0.984419,
		29.922661, 33.258778, 34.738823>
	pigment { color rgbt <0,1,1,0> }
	no_shadow
}
cylinder {
	<30.777113, 33.281612, 34.093178>,  <30.041866, 33.228107, 34.049728>, 0.130000
	pigment { color rgbt <1,0,0,0> }
	no_shadow
}

// nucleotide -1

// particle -1
sphere {
	<30.777113, 33.281612, 34.093178> 0.250000
	pigment { color rgbt <1,0,0,0> }
	no_shadow
}
cylinder {
	<30.978920, 32.944939, 34.170158>,  <31.100004, 32.742935, 34.216347>, 0.100000
	pigment { color rgbt <1,0,0,0> }
	no_shadow
}
cylinder {
	<30.978920, 32.944939, 34.170158>,  <30.777113, 33.281612, 34.093178>, 0.100000
	pigment { color rgbt <1,0,0,0> }
	no_shadow
}

// particle -1
sphere {
	<30.978920, 32.944939, 34.170158> 0.100000
	pigment { color rgbt <1,0,0,0> }
	no_shadow
}
sphere {
	0, 1
	scale<0.080000,0.200000,0.300000>
	matrix <0.174294, -0.119025, -0.977474,
