// switches for output
#declare DRAW_BASES = 1; // possible values are 0, 1; only relevant for DNA ribbons
#declare DRAW_BASES_TYPE = 3; // possible values are 1, 2, 3; only relevant for DNA ribbons
#declare DRAW_FOG = 0; // set to 1 to enable fog

#include "colors.inc"

#include "transforms.inc"
background { rgb <1, 1, 1>}

#default {
   normal{
       ripples 0.25
       frequency 0.20
       turbulence 0.2
       lambda 5
   }
	finish {
		phong 0.1
		phong_size 40.
	}
}

// original window dimensions: 1024x640


// camera settings

camera {
	sky <0, 0.179814, -0.983701>
	up <0, 0.179814, -0.983701>
	right 1.6 * <1, 0, 0>
	location <35, 94.9851, 44.8844>
	look_at <35, 29.7336, 32.9568>
	direction <0, -65.2515, -11.9276>
	angle 67.0682
}


# declare cpy_camera_pos = <35, 94.9851, 44.8844>;
# if (DRAW_FOG = 1)
fog {
	fog_type 2
	up vnormalize(cpy_camera_pos)
	color rgbt<1,1,1,0.3>
	distance 1e-5
	fog_alt 3e-3
	fog_offset 56
}
# end


// LIGHTS

# declare lum = 6;
global_settings {
	ambient_light rgb lum * <0.05, 0.05, 0.05>
	max_trace_level 15
}# declare cpy_direct_light_amount = 0.25;
light_source
{	1000 * <-1, -1.16352, -0.803886>,
	rgb lum * cpy_direct_light_amount
	parallel
}

light_source
{	1000 * <1, 1.16352, 0.803886>,
	rgb lum * cpy_direct_light_amount
	parallel
}

// strand 0

// nucleotide -1

// particle -1
sphere {
	<23.926905, 34.910755, 34.835178> 0.250000
	pigment { color rgbt <1,0,0,0> }
	no_shadow
}
cylinder {
	<24.165516, 35.143188, 35.056629>,  <24.308681, 35.282650, 35.189499>, 0.100000
	pigment { color rgbt <1,0,0,0> }
	no_shadow
}
cylinder {
	<24.165516, 35.143188, 35.056629>,  <23.926905, 34.910755, 34.835178>, 0.100000
	pigment { color rgbt <1,0,0,0> }
	no_shadow
}

// particle -1
sphere {
	<24.165516, 35.143188, 35.056629> 0.100000
	pigment { color rgbt <1,0,0,0> }
	no_shadow
}
sphere {
	0, 1
	scale<0.080000,0.200000,0.300000>
	matrix <0.665151, -0.743948, 0.064152,
		0.449145, 0.329975, -0.830293,
		0.596526, 0.581084, 0.553623,
		24.344473, 35.317513, 35.222717>
	pigment { color rgbt <0,1,1,0> }
	no_shadow
}
cylinder {
	<24.595865, 35.194534, 34.496899>,  <23.926905, 34.910755, 34.835178>, 0.130000
	pigment { color rgbt <1,0,0,0> }
	no_shadow
}

// nucleotide -1

// particle -1
sphere {
	<24.595865, 35.194534, 34.496899> 0.250000
	pigment { color rgbt <1,0,0,0> }
	no_shadow
}
cylinder {
	<24.621780, 35.132908, 34.891273>,  <24.637329, 35.095932, 35.127899>, 0.100000
	pigment { color rgbt <1,0,0,0> }
	no_shadow
}
cylinder {
	<24.621780, 35.132908, 34.891273>,  <24.595865, 35.194534, 34.496899>, 0.100000
	pigment { color rgbt <1,0,0,0> }
	no_shadow
}

// particle -1
sphere {
	<24.621780, 35.132908, 34.891273> 0.100000
	pigment { color rgbt <1,0,0,0> }
	no_shadow
}
sphere {
	0, 1
	scale<0.080000,0.200000,0.300000>
	matrix <0.643775, -0.748458, -0.159261,
		0.762468, 0.645037, 0.050695,
		0.064786, -0.154068, 0.985934,
		24.641216, 35.086689, 35.187054>
	pigment { color rgbt <0,1,1,0> }
	no_shadow
}
cylinder {
	<25.337431, 35.306824, 34.720535>,  <24.595865, 35.194534, 34.496899>, 0.130000
	pigment { color rgbt <1,0,0,0> }
	no_shadow
}

// nucleotide -1

// particle -1
sphere {
	<25.337431, 35.306824, 34.720535> 0.250000
	pigment { color rgbt <1,0,0,0> }
	no_shadow
}
cylinder {
	<25.094032, 35.058826, 34.918663>,  <24.947992, 34.910027, 35.037540>, 0.100000
	pigment { color rgbt <1,0,0,0> }
	no_shadow
}
cylinder {
	<25.094032, 35.058826, 34.918663>,  <25.337431, 35.306824, 34.720535>, 0.100000
	pigment { color rgbt <1,0,0,0> }
	no_shadow
}

// particle -1
sphere {
	<25.094032, 35.058826, 34.918663> 0.100000
	pigment { color rgbt <1,0,0,0> }
	no_shadow
}
sphere {
	0, 1
	scale<0.080000,0.200000,0.300000>
	matrix <0.480873, -0.784608, -0.391346,
		0.631263, 0.000053, 0.775569,
		-0.608496, -0.619993, 0.495319,
		24.911484, 34.872829, 35.067257>
	pigment { color rgbt <0,1,1,0> }
	no_shadow
}
cylinder {
	<25.723650, 34.737350, 35.108704>,  <25.337431, 35.306824, 34.720535>, 0.130000
	pigment { color rgbt <1,0,0,0> }
	no_shadow
}

// nucleotide -1

// particle -1
sphere {
	<25.723650, 34.737350, 35.108704> 0.250000
	pigment { color rgbt <1,0,0,0> }
	no_shadow
}
cylinder {
	<25.362707, 34.617744, 34.984550>,  <25.146141, 34.545982, 34.910057>, 0.100000
	pigment { color rgbt <1,0,0,0> }
	no_shadow
}
cylinder {
	<25.362707, 34.617744, 34.984550>,  <25.723650, 34.737350, 35.108704>, 0.100000
	pigment { color rgbt <1,0,0,0> }
	no_shadow
}

// particle -1
sphere {
	<25.362707, 34.617744, 34.984550> 0.100000
	pigment { color rgbt <1,0,0,0> }
	no_shadow
}
sphere {
	0, 1
	scale<0.080000,0.200000,0.300000>
	matrix <0.421376, -0.763318, -0.489681,
		-0.090501, -0.572657, 0.814784,
		-0.902359, -0.299014, -0.310385,
		25.091999, 34.528042, 34.891434>
	pigment { color rgbt <0,1,1,0> }
	no_shadow
}
cylinder {
	<26.113770, 34.139198, 35.167271>,  <25.723650, 34.737350, 35.108704>, 0.130000
	pigment { color rgbt <1,0,0,0> }
	no_shadow
}

// nucleotide -1

// particle -1
sphere {
	<26.113770, 34.139198, 35.167271> 0.250000
	pigment { color rgbt <1,0,0,0> }
	no_shadow
}
cylinder {
	<26.427181, 33.972298, 35.351437>,  <26.615229, 33.872158, 35.461937>, 0.100000
	pigment { color rgbt <1,0,0,0> }
	no_shadow
}
cylinder {
	<26.427181, 33.972298, 35.351437>,  <26.113770, 34.139198, 35.167271>, 0.100000
	pigment { color rgbt <1,0,0,0> }
	no_shadow
}

// particle -1
sphere {
	<26.427181, 33.972298, 35.351437> 0.100000
	pigment { color rgbt <1,0,0,0> }
	no_shadow
}
sphere {
	0, 1
	scale<0.080000,0.200000,0.300000>
	matrix <-0.549165, -0.118379, 0.827287,
		-0.290684, -0.901048, -0.321894,
		0.783531, -0.417252, 0.460413,
		26.662241, 33.847122, 35.489559>
	pigment { color rgbt <0,1,1,0> }
	no_shadow
}
cylinder {
	<25.944176, 33.466202, 35.354309>,  <26.113770, 34.139198, 35.167271>, 0.130000
	pigment { color rgbt <1,0,0,0> }
	no_shadow
}

// nucleotide -1

// particle -1
sphere {
	<25.944176, 33.466202, 35.354309> 0.250000
	pigment { color rgbt <1,0,0,0> }
	no_shadow
}
cylinder {
	<26.231728, 33.595345, 35.600552>,  <26.404259, 33.672832, 35.748299>, 0.100000
	pigment { color rgbt <1,0,0,0> }
	no_shadow
}
cylinder {
	<26.231728, 33.595345, 35.600552>,  <25.944176, 33.466202, 35.354309>, 0.100000
	pigment { color rgbt <1,0,0,0> }
	no_shadow
}

// particle -1
sphere {
	<26.231728, 33.595345, 35.600552> 0.100000
	pigment { color rgbt <1,0,0,0> }
	no_shadow
}
sphere {
	0, 1
	scale<0.080000,0.200000,0.300000>
	matrix <-0.609961, -0.131776, 0.781398,
		0.333405, -0.937228, 0.102201,
		0.718880, 0.322861, 0.615608,
		26.447392, 33.692204, 35.785233>
	pigment { color rgbt <0,1,1,0> }
	no_shadow
}
cylinder {
	<25.763847, 33.251751, 35.977798>,  <25.944176, 33.466202, 35.354309>, 0.130000
	pigment { color rgbt <1,0,0,0> }
	no_shadow
}

// nucleotide -1

// particle -1
sphere {
	<25.763847, 33.251751, 35.977798> 0.250000
	pigment { color rgbt <1,0,0,0> }
	no_shadow
}
cylinder {
	<26.052101, 33.510277, 36.078167>,  <26.225054, 33.665394, 36.138390>, 0.100000
	pigment { color rgbt <1,0,0,0> }
	no_shadow
}
cylinder {
	<26.052101, 33.510277, 36.078167>,  <25.763847, 33.251751, 35.977798>, 0.100000
	pigment { color rgbt <1,0,0,0> }
	no_shadow
}

// particle -1
sphere {
	<26.052101, 33.510277, 36.078167> 0.100000
	pigment { color rgbt <1,0,0,0> }
	no_shadow
}
sphere {
	0, 1
	scale<0.080000,0.200000,0.300000>
	matrix <-0.250853, -0.094338, 0.963417,
		0.646344, -0.757216, 0.094147,
		0.720634, 0.646316, 0.250925,
		26.268291, 33.704170, 36.153446>
	pigment { color rgbt <0,1,1,0> }
	no_shadow
}
cylinder {
	<26.140724, 32.955357, 36.646999>,  <25.763847, 33.251751, 35.977798>, 0.130000
	pigment { color rgbt <1,0,0,0> }
	no_shadow
}

// nucleotide -1

// particle -1
sphere {
	<26.140724, 32.955357, 36.646999> 0.250000
	pigment { color rgbt <1,0,0,0> }
	no_shadow
}
cylinder {
	<26.185837, 33.352257, 36.626137>,  <26.212904, 33.590397, 36.613621>, 0.100000
	pigment { color rgbt <1,0,0,0> }
	no_shadow
}
cylinder {
	<26.185837, 33.352257, 36.626137>,  <26.140724, 32.955357, 36.646999>, 0.100000
	pigment { color rgbt <1,0,0,0> }
	no_shadow
}

// particle -1
sphere {
	<26.185837, 33.352257, 36.626137> 0.100000
	pigment { color rgbt <1,0,0,0> }
	no_shadow
}
sphere {
	0, 1
	scale<0.080000,0.200000,0.300000>
	matrix <-0.152955, 0.069201, 0.985808,
		0.981777, -0.103203, 0.159574,
		0.112781, 0.992250, -0.052155,
		26.219671, 33.649933, 36.610489>
	pigment { color rgbt <0,1,1,0> }
	no_shadow
}
cylinder {
	<26.559145, 33.262211, 37.169617>,  <26.140724, 32.955357, 36.646999>, 0.130000
	pigment { color rgbt <1,0,0,0> }
	no_shadow
}

// nucleotide -1

// particle -1
sphere {
	<26.559145, 33.262211, 37.169617> 0.250000
	pigment { color rgbt <1,0,0,0> }
	no_shadow
}
cylinder {
	<26.323643, 33.573048, 37.080631>,  <26.182343, 33.759552, 37.027241>, 0.100000
	pigment { color rgbt <1,0,0,0> }
	no_shadow
}
cylinder {
	<26.323643, 33.573048, 37.080631>,  <26.559145, 33.262211, 37.169617>, 0.100000
	pigment { color rgbt <1,0,0,0> }
	no_shadow
}

// particle -1
sphere {
	<26.323643, 33.573048, 37.080631> 0.100000
	pigment { color rgbt <1,0,0,0> }
	no_shadow
}
sphere {
	0, 1
	scale<0.080000,0.200000,0.300000>
	matrix <-0.126121, 0.183536, 0.974889,
		0.798412, 0.602027, -0.010049,
		-0.588754, 0.777096, -0.222466,
		26.147017, 33.806175, 37.013893>
	pigment { color rgbt <0,1,1,0> }
	no_shadow
}
cylinder {
	<26.840672, 33.800392, 37.422363>,  <26.559145, 33.262211, 37.169617>, 0.130000
	pigment { color rgbt <1,0,0,0> }
	no_shadow
}

// nucleotide -1

// particle -1
sphere {
	<26.840672, 33.800392, 37.422363> 0.250000
	pigment { color rgbt <1,0,0,0> }
	no_shadow
}
cylinder {
	<26.453268, 33.895000, 37.391254>,  <26.220825, 33.951767, 37.372589>, 0.100000
	pigment { color rgbt <1,0,0,0> }
	no_shadow
}
cylinder {
	<26.453268, 33.895000, 37.391254>,  <26.840672, 33.800392, 37.422363>, 0.100000
	pigment { color rgbt <1,0,0,0> }
	no_shadow
}

// particle -1
sphere {
	<26.453268, 33.895000, 37.391254> 0.100000
	pigment { color rgbt <1,0,0,0> }
	no_shadow
}
sphere {
	0, 1
	scale<0.080000,0.200000,0.300000>
	matrix <0.020924, 0.388573, 0.921181,
		0.248097, 0.890545, -0.381285,
		-0.968509, 0.236520, -0.077770,
		26.162716, 33.965958, 37.367924>
	pigment { color rgbt <0,1,1,0> }
	no_shadow
}
cylinder {
	<26.834450, 34.399914, 37.769199>,  <26.840672, 33.800392, 37.422363>, 0.130000
	pigment { color rgbt <1,0,0,0> }
	no_shadow
}

// nucleotide -1

// particle -1
sphere {
	<26.834450, 34.399914, 37.769199> 0.250000
	pigment { color rgbt <1,0,0,0> }
	no_shadow
}
cylinder {
	<26.451874, 34.288948, 37.732849>,  <26.222328, 34.222366, 37.711037>, 0.100000
	pigment { color rgbt <1,0,0,0> }
	no_shadow
}
cylinder {
	<26.451874, 34.288948, 37.732849>,  <26.834450, 34.399914, 37.769199>, 0.100000
	pigment { color rgbt <1,0,0,0> }
	no_shadow
}

// particle -1
sphere {
	<26.451874, 34.288948, 37.732849> 0.100000
	pigment { color rgbt <1,0,0,0> }
	no_shadow
}
sphere {
	0, 1
	scale<0.080000,0.200000,0.300000>
	matrix <-0.217760, 0.470662, 0.855020,
		-0.194425, 0.837566, -0.510571,
		-0.956441, -0.277419, -0.090879,
		26.164942, 34.205723, 37.705585>
	pigment { color rgbt <0,1,1,0> }
	no_shadow
}
cylinder {
	<27.316971, 34.034298, 38.131100>,  <26.834450, 34.399914, 37.769199>, 0.130000
	pigment { color rgbt <1,0,0,0> }
	no_shadow
}

// nucleotide -1

// particle -1
sphere {
	<27.316971, 34.034298, 38.131100> 0.250000
	pigment { color rgbt <1,0,0,0> }
	no_shadow
}
cylinder {
	<27.599756, 33.769192, 38.229851>,  <27.769426, 33.610126, 38.289101>, 0.100000
	pigment { color rgbt <1,0,0,0> }
	no_shadow
}
cylinder {
	<27.599756, 33.769192, 38.229851>,  <27.316971, 34.034298, 38.131100>, 0.100000
	pigment { color rgbt <1,0,0,0> }
	no_shadow
}

// particle -1
sphere {
	<27.599756, 33.769192, 38.229851> 0.100000
	pigment { color rgbt <1,0,0,0> }
	no_shadow
}
sphere {
	0, 1
	scale<0.080000,0.200000,0.300000>
	matrix <-0.611991, -0.398293, 0.683249,
		-0.354502, -0.634119, -0.687184,
		0.706962, -0.662764, 0.246879,
		27.811844, 33.570362, 38.303913>
	pigment { color rgbt <0,1,1,0> }
	no_shadow
}
cylinder {
	<26.591393, 33.718437, 38.407948>,  <27.316971, 34.034298, 38.131100>, 0.130000
	pigment { color rgbt <1,0,0,0> }
	no_shadow
}

// nucleotide -1

// particle -1
sphere {
	<26.591393, 33.718437, 38.407948> 0.250000
	pigment { color rgbt <1,0,0,0> }
	no_shadow
}
cylinder {
	<26.601912, 33.368473, 38.214523>,  <26.608223, 33.158493, 38.098469>, 0.100000
	pigment { color rgbt <1,0,0,0> }
	no_shadow
}
cylinder {
	<26.601912, 33.368473, 38.214523>,  <26.591393, 33.718437, 38.407948>, 0.100000
	pigment { color rgbt <1,0,0,0> }
	no_shadow
}

// particle -1
sphere {
	<26.601912, 33.368473, 38.214523> 0.100000
	pigment { color rgbt <1,0,0,0> }
	no_shadow
}
sphere {
	0, 1
	scale<0.080000,0.200000,0.300000>
	matrix <-0.182454, -0.479807, 0.858193,
		-0.982862, 0.065658, -0.172251,
		0.026299, -0.874914, -0.483564,
		26.609802, 33.105999, 38.069454>
	pigment { color rgbt <0,1,1,0> }
	no_shadow
}
cylinder {
	<26.153273, 33.800262, 39.082748>,  <26.591393, 33.718437, 38.407948>, 0.130000
	pigment { color rgbt <1,0,0,0> }
	no_shadow
}

// nucleotide -1

// particle -1
sphere {
	<26.153273, 33.800262, 39.082748> 0.250000
	pigment { color rgbt <1,0,0,0> }
	no_shadow
}
cylinder {
	<25.849178, 34.041115, 38.985199>,  <25.666721, 34.185627, 38.926670>, 0.100000
	pigment { color rgbt <1,0,0,0> }
	no_shadow
}
cylinder {
	<25.849178, 34.041115, 38.985199>,  <26.153273, 33.800262, 39.082748>, 0.100000
	pigment { color rgbt <1,0,0,0> }
	no_shadow
}

// particle -1
sphere {
	<25.849178, 34.041115, 38.985199> 0.100000
	pigment { color rgbt <1,0,0,0> }
	no_shadow
}
sphere {
	0, 1
	scale<0.080000,0.200000,0.300000>
	matrix <0.229105, -0.102772, -0.967961,
		-0.607907, -0.791752, -0.059821,
		-0.760237, 0.602135, -0.243870,
		25.621107, 34.221756, 38.912037>
	pigment { color rgbt <0,1,1,0> }
	no_shadow
}
cylinder {
	<25.701365, 33.467113, 38.637714>,  <26.153273, 33.800262, 39.082748>, 0.130000
	pigment { color rgbt <1,0,0,0> }
	no_shadow
}

// nucleotide -1

// particle -1
sphere {
	<25.701365, 33.467113, 38.637714> 0.250000
	pigment { color rgbt <1,0,0,0> }
	no_shadow
}
cylinder {
	<25.649498, 33.854126, 38.550926>,  <25.618378, 34.086334, 38.498856>, 0.100000
	pigment { color rgbt <1,0,0,0> }
	no_shadow
}
cylinder {
	<25.649498, 33.854126, 38.550926>,  <25.701365, 33.467113, 38.637714>, 0.100000
	pigment { color rgbt <1,0,0,0> }
	no_shadow
}

// particle -1
sphere {
	<25.649498, 33.854126, 38.550926> 0.100000
	pigment { color rgbt <1,0,0,0> }
	no_shadow
}
sphere {
	0, 1
	scale<0.080000,0.200000,0.300000>
	matrix <0.158509, -0.195774, -0.967754,
		-0.978806, -0.159877, -0.127977,
		-0.129667, 0.967529, -0.216967,
		25.610598, 34.144386, 38.485836>
	pigment { color rgbt <0,1,1,0> }
	no_shadow
}
cylinder {
	<25.136600, 33.536373, 38.095703>,  <25.701365, 33.467113, 38.637714>, 0.130000
	pigment { color rgbt <1,0,0,0> }
	no_shadow
}

// nucleotide -1

// particle -1
sphere {
	<25.136600, 33.536373, 38.095703> 0.250000
	pigment { color rgbt <1,0,0,0> }
	no_shadow
}
cylinder {
	<25.354856, 33.869411, 38.057632>,  <25.485809, 34.069237, 38.034790>, 0.100000
	pigment { color rgbt <1,0,0,0> }
	no_shadow
}
cylinder {
	<25.354856, 33.869411, 38.057632>,  <25.136600, 33.536373, 38.095703>, 0.100000
	pigment { color rgbt <1,0,0,0> }
	no_shadow
}

// particle -1
sphere {
	<25.354856, 33.869411, 38.057632> 0.100000
	pigment { color rgbt <1,0,0,0> }
	no_shadow
}
sphere {
	0, 1
	scale<0.080000,0.200000,0.300000>
	matrix <0.030683, -0.133347, -0.990594,
		-0.837459, 0.537586, -0.098306,
		0.545638, 0.832598, -0.095178,
		25.518547, 34.119190, 38.029079>
	pigment { color rgbt <0,1,1,0> }
	no_shadow
}
cylinder {
	<24.896187, 33.962944, 37.556168>,  <25.136600, 33.536373, 38.095703>, 0.130000
	pigment { color rgbt <1,0,0,0> }
	no_shadow
}

// nucleotide -1

// particle -1
sphere {
	<24.896187, 33.962944, 37.556168> 0.250000
	pigment { color rgbt <1,0,0,0> }
	no_shadow
}
cylinder {
	<25.280739, 34.062634, 37.602882>,  <25.511471, 34.122448, 37.630909>, 0.100000
	pigment { color rgbt <1,0,0,0> }
	no_shadow
}
cylinder {
	<25.280739, 34.062634, 37.602882>,  <24.896187, 33.962944, 37.556168>, 0.100000
	pigment { color rgbt <1,0,0,0> }
	no_shadow
}

// particle -1
sphere {
	<25.280739, 34.062634, 37.602882> 0.100000
	pigment { color rgbt <1,0,0,0> }
	no_shadow
}
sphere {
	0, 1
	scale<0.080000,0.200000,0.300000>
	matrix <0.089335, 0.118781, -0.988893,
		-0.260325, 0.961135, 0.091929,
		0.961379, 0.249221, 0.116785,
		25.569153, 34.137402, 37.637917>
	pigment { color rgbt <0,1,1,0> }
	no_shadow
}
cylinder {
	<24.969616, 34.480423, 37.104458>,  <24.896187, 33.962944, 37.556168>, 0.130000
	pigment { color rgbt <1,0,0,0> }
	no_shadow
}

// nucleotide -1

// particle -1
sphere {
	<24.969616, 34.480423, 37.104458> 0.250000
	pigment { color rgbt <1,0,0,0> }
	no_shadow
}
cylinder {
	<25.328091, 34.317955, 37.175865>,  <25.543177, 34.220474, 37.218712>, 0.100000
	pigment { color rgbt <1,0,0,0> }
	no_shadow
}
cylinder {
	<25.328091, 34.317955, 37.175865>,  <24.969616, 34.480423, 37.104458>, 0.100000
	pigment { color rgbt <1,0,0,0> }
	no_shadow
}

// particle -1
sphere {
	<25.328091, 34.317955, 37.175865> 0.100000
	pigment { color rgbt <1,0,0,0> }
	no_shadow
}
sphere {
	0, 1
	scale<0.080000,0.200000,0.300000>
	matrix <0.222408, 0.063113, -0.972909,
		0.383902, 0.911614, 0.146898,
		0.896189, -0.406173, 0.178521,
		25.596947, 34.196102, 37.229420>
	pigment { color rgbt <0,1,1,0> }
	no_shadow
}
cylinder {
	<25.368671, 34.710732, 36.619698>,  <24.969616, 34.480423, 37.104458>, 0.130000
	pigment { color rgbt <1,0,0,0> }
	no_shadow
}

// nucleotide -1

// particle -1
sphere {
	<25.368671, 34.710732, 36.619698> 0.250000
	pigment { color rgbt <1,0,0,0> }
	no_shadow
}
cylinder {
	<25.626802, 34.435196, 36.751793>,  <25.781681, 34.269875, 36.831051>, 0.100000
	pigment { color rgbt <1,0,0,0> }
	no_shadow
}
cylinder {
	<25.626802, 34.435196, 36.751793>,  <25.368671, 34.710732, 36.619698>, 0.100000
	pigment { color rgbt <1,0,0,0> }
	no_shadow
}

// particle -1
sphere {
	<25.626802, 34.435196, 36.751793> 0.100000
	pigment { color rgbt <1,0,0,0> }
	no_shadow
}
sphere {
	0, 1
	scale<0.080000,0.200000,0.300000>
	matrix <0.552402, 0.122200, -0.824572,
		0.527641, 0.714542, 0.459374,
		0.645327, -0.688838, 0.330236,
		25.820400, 34.228546, 36.850864>
	pigment { color rgbt <0,1,1,0> }
	no_shadow
}
cylinder {
	<26.170259, 34.925381, 36.526649>,  <25.368671, 34.710732, 36.619698>, 0.130000
	pigment { color rgbt <1,0,0,0> }
	no_shadow
}

// nucleotide -1

// particle -1
sphere {
	<26.170259, 34.925381, 36.526649> 0.250000
	pigment { color rgbt <1,0,0,0> }
	no_shadow
}
cylinder {
	<26.175558, 34.526070, 36.549534>,  <26.178738, 34.286484, 36.563267>, 0.100000
	pigment { color rgbt <1,0,0,0> }
	no_shadow
}
cylinder {
	<26.175558, 34.526070, 36.549534>,  <26.170259, 34.925381, 36.526649>, 0.100000
	pigment { color rgbt <1,0,0,0> }
	no_shadow
}

// particle -1
sphere {
	<26.175558, 34.526070, 36.549534> 0.100000
	pigment { color rgbt <1,0,0,0> }
	no_shadow
}
sphere {
	0, 1
	scale<0.080000,0.200000,0.300000>
	matrix <0.501710, -0.042859, -0.863974,
		0.864935, 0.040151, 0.500276,
		0.013248, -0.998274, 0.057214,
		26.179533, 34.226589, 36.566700>
	pigment { color rgbt <0,1,1,0> }
	no_shadow
}
cylinder {
	<26.859589, 34.725288, 36.324936>,  <26.170259, 34.925381, 36.526649>, 0.130000
	pigment { color rgbt <1,0,0,0> }
	no_shadow
}

// nucleotide -1

// particle -1
sphere {
	<26.859589, 34.725288, 36.324936> 0.250000
	pigment { color rgbt <1,0,0,0> }
	no_shadow
}
cylinder {
	<26.616285, 34.410587, 36.282902>,  <26.470304, 34.221767, 36.257683>, 0.100000
	pigment { color rgbt <1,0,0,0> }
	no_shadow
}
cylinder {
	<26.616285, 34.410587, 36.282902>,  <26.859589, 34.725288, 36.324936>, 0.100000
	pigment { color rgbt <1,0,0,0> }
	no_shadow
}

// particle -1
sphere {
	<26.616285, 34.410587, 36.282902> 0.100000
	pigment { color rgbt <1,0,0,0> }
	no_shadow
}
sphere {
	0, 1
	scale<0.080000,0.200000,0.300000>
	matrix <0.444990, -0.228374, -0.865927,
		0.657273, -0.573466, 0.489008,
		-0.608257, -0.786754, -0.105082,
		26.433807, 34.174561, 36.251377>
	pigment { color rgbt <0,1,1,0> }
	no_shadow
}
cylinder {
	<27.281126, 34.128235, 36.237823>,  <26.859589, 34.725288, 36.324936>, 0.130000
	pigment { color rgbt <1,0,0,0> }
	no_shadow
}

// nucleotide -1

// particle -1
sphere {
	<27.281126, 34.128235, 36.237823> 0.250000
	pigment { color rgbt <1,0,0,0> }
	no_shadow
}
cylinder {
	<26.929173, 34.143337, 36.048347>,  <26.718000, 34.152397, 35.934662>, 0.100000
	pigment { color rgbt <1,0,0,0> }
	no_shadow
}
cylinder {
	<26.929173, 34.143337, 36.048347>,  <27.281126, 34.128235, 36.237823>, 0.100000
	pigment { color rgbt <1,0,0,0> }
	no_shadow
}

// particle -1
sphere {
	<26.929173, 34.143337, 36.048347> 0.100000
	pigment { color rgbt <1,0,0,0> }
	no_shadow
}
sphere {
	0, 1
	scale<0.080000,0.200000,0.300000>
	matrix <0.473240, -0.020626, -0.880692,
		-0.043033, -0.999074, 0.000274,
		-0.879882, 0.037769, -0.473690,
		26.665207, 34.154663, 35.906242>
	pigment { color rgbt <0,1,1,0> }
	no_shadow
}
cylinder {
	<27.141945, 33.505852, 35.757950>,  <27.281126, 34.128235, 36.237823>, 0.130000
	pigment { color rgbt <1,0,0,0> }
	no_shadow
}

// nucleotide -1

// particle -1
sphere {
	<27.141945, 33.505852, 35.757950> 0.250000
	pigment { color rgbt <1,0,0,0> }
	no_shadow
}
cylinder {
	<26.972073, 33.846577, 35.635265>,  <26.870150, 34.051010, 35.561657>, 0.100000
	pigment { color rgbt <1,0,0,0> }
	no_shadow
}
cylinder {
	<26.972073, 33.846577, 35.635265>,  <27.141945, 33.505852, 35.757950>, 0.100000
	pigment { color rgbt <1,0,0,0> }
	no_shadow
}

// particle -1
sphere {
	<26.972073, 33.846577, 35.635265> 0.100000
	pigment { color rgbt <1,0,0,0> }
	no_shadow
}
sphere {
	0, 1
	scale<0.080000,0.200000,0.300000>
	matrix <0.448705, -0.096207, -0.888487,
		-0.786328, -0.514944, -0.341353,
		-0.424680, 0.851808, -0.306708,
		26.844669, 34.102119, 35.543255>
	pigment { color rgbt <0,1,1,0> }
	no_shadow
}
cylinder {
	<27.095432, 32.999504, 35.184368>,  <27.141945, 33.505852, 35.757950>, 0.130000
	pigment { color rgbt <1,0,0,0> }
	no_shadow
}

// nucleotide -1

// particle -1
sphere {
	<27.095432, 32.999504, 35.184368> 0.250000
	pigment { color rgbt <1,0,0,0> }
	no_shadow
}
cylinder {
	<27.119663, 32.845051, 34.816189>,  <27.134201, 32.752380, 34.595280>, 0.100000
	pigment { color rgbt <1,0,0,0> }
	no_shadow
}
cylinder {
	<27.119663, 32.845051, 34.816189>,  <27.095432, 32.999504, 35.184368>, 0.100000
	pigment { color rgbt <1,0,0,0> }
	no_shadow
}

// particle -1
sphere {
	<27.119663, 32.845051, 34.816189> 0.100000
	pigment { color rgbt <1,0,0,0> }
	no_shadow
}
sphere {
	0, 1
	scale<0.080000,0.200000,0.300000>
	matrix <-0.452110, 0.811516, -0.370188,
		0.889903, 0.438570, -0.125416,
		0.060576, -0.386133, -0.920452,
		27.137836, 32.729210, 34.540054>
	pigment { color rgbt <0,1,1,0> }
	no_shadow
}
cylinder {
	<27.307623, 33.215660, 34.538712>,  <27.095432, 32.999504, 35.184368>, 0.130000
	pigment { color rgbt <1,0,0,0> }
	no_shadow
}

// nucleotide -1

// particle -1
sphere {
	<27.307623, 33.215660, 34.538712> 0.250000
	pigment { color rgbt <1,0,0,0> }
	no_shadow
}
cylinder {
	<27.477060, 33.157482, 34.181072>,  <27.578722, 33.122574, 33.966488>, 0.100000
	pigment { color rgbt <1,0,0,0> }
	no_shadow
}
cylinder {
	<27.477060, 33.157482, 34.181072>,  <27.307623, 33.215660, 34.538712>, 0.100000
	pigment { color rgbt <1,0,0,0> }
	no_shadow
}

// particle -1
sphere {
	<27.477060, 33.157482, 34.181072> 0.100000
	pigment { color rgbt <1,0,0,0> }
	no_shadow
}
sphere {
	0, 1
	scale<0.080000,0.200000,0.300000>
	matrix <-0.848669, -0.408850, -0.335563,
		-0.316746, 0.900937, -0.296621,
		0.423594, -0.145445, -0.894099,
		27.604139, 33.113850, 33.912842>
	pigment { color rgbt <0,1,1,0> }
	no_shadow
}
cylinder {
	<26.874939, 33.487114, 33.866142>,  <27.307623, 33.215660, 34.538712>, 0.130000
	pigment { color rgbt <1,0,0,0> }
	no_shadow
}

// nucleotide -1

// particle -1
sphere {
	<26.874939, 33.487114, 33.866142> 0.250000
	pigment { color rgbt <1,0,0,0> }
	no_shadow
}
cylinder {
	<27.102951, 33.160301, 33.831440>,  <27.239758, 32.964214, 33.810619>, 0.100000
	pigment { color rgbt <1,0,0,0> }
	no_shadow
}
cylinder {
	<27.102951, 33.160301, 33.831440>,  <26.874939, 33.487114, 33.866142>, 0.100000
	pigment { color rgbt <1,0,0,0> }
	no_shadow
}

// particle -1
sphere {
	<27.102951, 33.160301, 33.831440> 0.100000
	pigment { color rgbt <1,0,0,0> }
	no_shadow
}
sphere {
	0, 1
	scale<0.080000,0.200000,0.300000>
	matrix <-0.794693, -0.521447, -0.310734,
		0.208640, 0.246073, -0.946529,
		0.570028, -0.817032, -0.086758,
		27.273960, 32.915192, 33.805412>
	pigment { color rgbt <0,1,1,0> }
	no_shadow
}
cylinder {
	<27.001009, 33.951965, 33.230042>,  <26.874939, 33.487114, 33.866142>, 0.130000
	pigment { color rgbt <1,0,0,0> }
	no_shadow
}

// nucleotide -1

// particle -1
sphere {
	<27.001009, 33.951965, 33.230042> 0.250000
	pigment { color rgbt <1,0,0,0> }
	no_shadow
}
cylinder {
	<27.324932, 33.720051, 33.265961>,  <27.519285, 33.580902, 33.287510>, 0.100000
	pigment { color rgbt <1,0,0,0> }
	no_shadow
}
cylinder {
	<27.324932, 33.720051, 33.265961>,  <27.001009, 33.951965, 33.230042>, 0.100000
	pigment { color rgbt <1,0,0,0> }
	no_shadow
}

// particle -1
sphere {
	<27.324932, 33.720051, 33.265961> 0.100000
	pigment { color rgbt <1,0,0,0> }
	no_shadow
}
sphere {
	0, 1
	scale<0.080000,0.200000,0.300000>
	matrix <0.574035, 0.751365, -0.325476,
		0.121239, 0.315118, 0.941277,
		0.809806, -0.579786, 0.089794,
		27.567873, 33.546116, 33.292900>
	pigment { color rgbt <0,1,1,0> }
	no_shadow
}
cylinder {
	<27.577303, 34.362560, 33.660072>,  <27.001009, 33.951965, 33.230042>, 0.130000
	pigment { color rgbt <1,0,0,0> }
	no_shadow
}

// nucleotide -1

// particle -1
sphere {
	<27.577303, 34.362560, 33.660072> 0.250000
	pigment { color rgbt <1,0,0,0> }
	no_shadow
}
cylinder {
	<27.749308, 34.107845, 33.404076>,  <27.852510, 33.955017, 33.250477>, 0.100000
	pigment { color rgbt <1,0,0,0> }
	no_shadow
}
cylinder {
	<27.749308, 34.107845, 33.404076>,  <27.577303, 34.362560, 33.660072>, 0.100000
	pigment { color rgbt <1,0,0,0> }
	no_shadow
}

// particle -1
sphere {
	<27.749308, 34.107845, 33.404076> 0.100000
	pigment { color rgbt <1,0,0,0> }
	no_shadow
}
sphere {
	0, 1
	scale<0.080000,0.200000,0.300000>
	matrix <0.546714, 0.747791, -0.376713,
		0.718467, -0.187902, 0.669700,
		0.430010, -0.636790, -0.639992,
		27.878311, 33.916809, 33.212078>
	pigment { color rgbt <0,1,1,0> }
	no_shadow
}
cylinder {
	<28.328688, 34.477554, 33.672318>,  <27.577303, 34.362560, 33.660072>, 0.130000
	pigment { color rgbt <1,0,0,0> }
	no_shadow
}

// nucleotide -1

// particle -1
sphere {
	<28.328688, 34.477554, 33.672318> 0.250000
	pigment { color rgbt <1,0,0,0> }
	no_shadow
}
cylinder {
	<28.201197, 34.370667, 33.308559>,  <28.124702, 34.306534, 33.090305>, 0.100000
	pigment { color rgbt <1,0,0,0> }
	no_shadow
}
cylinder {
	<28.201197, 34.370667, 33.308559>,  <28.328688, 34.477554, 33.672318>, 0.100000
	pigment { color rgbt <1,0,0,0> }
	no_shadow
}

// particle -1
sphere {
	<28.201197, 34.370667, 33.308559> 0.100000
	pigment { color rgbt <1,0,0,0> }
	no_shadow
}
sphere {
	0, 1
	scale<0.080000,0.200000,0.300000>
	matrix <0.255331, 0.899765, -0.353877,
		0.912809, -0.344987, -0.218548,
		-0.318725, -0.267220, -0.909400,
		28.105579, 34.290501, 33.035740>
	pigment { color rgbt <0,1,1,0> }
	no_shadow
}
cylinder {
	<28.930222, 34.715557, 33.162609>,  <28.328688, 34.477554, 33.672318>, 0.130000
	pigment { color rgbt <1,0,0,0> }
	no_shadow
}

// nucleotide -1

// particle -1
sphere {
	<28.930222, 34.715557, 33.162609> 0.250000
	pigment { color rgbt <1,0,0,0> }
	no_shadow
}
cylinder {
	<28.553446, 34.692604, 33.030270>,  <28.327381, 34.678833, 32.950867>, 0.100000
	pigment { color rgbt <1,0,0,0> }
	no_shadow
}
cylinder {
	<28.553446, 34.692604, 33.030270>,  <28.930222, 34.715557, 33.162609>, 0.100000
	pigment { color rgbt <1,0,0,0> }
	no_shadow
}

// particle -1
sphere {
	<28.553446, 34.692604, 33.030270> 0.100000
	pigment { color rgbt <1,0,0,0> }
	no_shadow
}
sphere {
	0, 1
	scale<0.080000,0.200000,0.300000>
	matrix <0.132362, 0.842068, -0.522878,
		0.308600, -0.536310, -0.785581,
		-0.941938, -0.057379, -0.330849,
		28.270864, 34.675392, 32.931015>
	pigment { color rgbt <0,1,1,0> }
	no_shadow
}
cylinder {
	<29.377247, 34.284336, 33.520325>,  <28.930222, 34.715557, 33.162609>, 0.130000
	pigment { color rgbt <1,0,0,0> }
	no_shadow
}

// nucleotide -1

// particle -1
sphere {
	<29.377247, 34.284336, 33.520325> 0.250000
	pigment { color rgbt <1,0,0,0> }
	no_shadow
}
cylinder {
	<29.341991, 33.967579, 33.762032>,  <29.320837, 33.777527, 33.907055>, 0.100000
	pigment { color rgbt <1,0,0,0> }
	no_shadow
}
cylinder {
	<29.341991, 33.967579, 33.762032>,  <29.377247, 34.284336, 33.520325>, 0.100000
	pigment { color rgbt <1,0,0,0> }
	no_shadow
}

// particle -1
sphere {
	<29.341991, 33.967579, 33.762032> 0.100000
	pigment { color rgbt <1,0,0,0> }
	no_shadow
}
sphere {
	0, 1
	scale<0.080000,0.200000,0.300000>
	matrix <0.533521, 0.474748, 0.699978,
		-0.841182, 0.384086, 0.380646,
		-0.088140, -0.791891, 0.604268,
		29.315550, 33.730011, 33.943314>
	pigment { color rgbt <0,1,1,0> }
	no_shadow
}
cylinder {
	<29.076263, 34.433647, 34.225937>,  <29.377247, 34.284336, 33.520325>, 0.130000
	pigment { color rgbt <1,0,0,0> }
	no_shadow
}

// nucleotide -1

// particle -1
sphere {
	<29.076263, 34.433647, 34.225937> 0.250000
	pigment { color rgbt <1,0,0,0> }
	no_shadow
}
cylinder {
	<29.321421, 34.118797, 34.253635>,  <29.468515, 33.929886, 34.270256>, 0.100000
	pigment { color rgbt <1,0,0,0> }
	no_shadow
}
cylinder {
	<29.321421, 34.118797, 34.253635>,  <29.076263, 34.433647, 34.225937>, 0.100000
	pigment { color rgbt <1,0,0,0> }
	no_shadow
}

// particle -1
sphere {
	<29.321421, 34.118797, 34.253635> 0.100000
	pigment { color rgbt <1,0,0,0> }
	no_shadow
}
sphere {
	0, 1
	scale<0.080000,0.200000,0.300000>
	matrix <0.533816, 0.477073, 0.698170,
		-0.582583, -0.390938, 0.712575,
		0.612892, -0.787126, 0.069246,
		29.505289, 33.882660, 34.274410>
	pigment { color rgbt <0,1,1,0> }
	no_shadow
}
cylinder {
	<29.117661, 34.260506, 34.869427>,  <29.076263, 34.433647, 34.225937>, 0.130000
	pigment { color rgbt <1,0,0,0> }
	no_shadow
}

// nucleotide -1

// particle -1
sphere {
	<29.117661, 34.260506, 34.869427> 0.250000
	pigment { color rgbt <1,0,0,0> }
	no_shadow
}
cylinder {
	<29.462563, 34.118660, 34.724785>,  <29.669504, 34.033550, 34.638000>, 0.100000
	pigment { color rgbt <1,0,0,0> }
	no_shadow
}
cylinder {
	<29.462563, 34.118660, 34.724785>,  <29.117661, 34.260506, 34.869427>, 0.100000
	pigment { color rgbt <1,0,0,0> }
	no_shadow
}

// particle -1
sphere {
	<29.462563, 34.118660, 34.724785> 0.100000
	pigment { color rgbt <1,0,0,0> }
	no_shadow
}
sphere {
	0, 1
	scale<0.080000,0.200000,0.300000>
	matrix <0.500658, 0.488942, 0.714337,
		-0.076511, -0.796983, 0.599135,
		0.862257, -0.354617, -0.361607,
		29.721239, 34.012276, 34.616302>
	pigment { color rgbt <0,1,1,0> }
	no_shadow
}
cylinder {
	<29.434212, 33.943756, 35.374691>,  <29.117661, 34.260506, 34.869427>, 0.130000
	pigment { color rgbt <1,0,0,0> }
	no_shadow
}

// nucleotide -1

// particle -1
sphere {
	<29.434212, 33.943756, 35.374691> 0.250000
	pigment { color rgbt <1,0,0,0> }
	no_shadow
}
cylinder {
	<29.736683, 34.059238, 35.139797>,  <29.918165, 34.128529, 34.998859>, 0.100000
	pigment { color rgbt <1,0,0,0> }
	no_shadow
}
cylinder {
	<29.736683, 34.059238, 35.139797>,  <29.434212, 33.943756, 35.374691>, 0.100000
	pigment { color rgbt <1,0,0,0> }
	no_shadow
}

// particle -1
sphere {
	<29.736683, 34.059238, 35.139797> 0.100000
	pigment { color rgbt <1,0,0,0> }
	no_shadow
}
sphere {
	0, 1
	scale<0.080000,0.200000,0.300000>
	matrix <0.477440, 0.370280, 0.796834,
		0.447492, -0.882917, 0.142157,
		0.756176, 0.288705, -0.587237,
		29.963535, 34.145851, 34.963627>
	pigment { color rgbt <0,1,1,0> }
	no_shadow
}
cylinder {
	<29.852875, 34.234692, 35.915298>,  <29.434212, 33.943756, 35.374691>, 0.130000
	pigment { color rgbt <1,0,0,0> }
	no_shadow
}

// nucleotide -1

// particle -1
sphere {
	<29.852875, 34.234692, 35.915298> 0.250000
	pigment { color rgbt <1,0,0,0> }
	no_shadow
}
cylinder {
	<29.998770, 34.357346, 35.563629>,  <30.086308, 34.430939, 35.352627>, 0.100000
	pigment { color rgbt <1,0,0,0> }
	no_shadow
}
cylinder {
	<29.998770, 34.357346, 35.563629>,  <29.852875, 34.234692, 35.915298>, 0.100000
	pigment { color rgbt <1,0,0,0> }
	no_shadow
}

// particle -1
sphere {
	<29.998770, 34.357346, 35.563629> 0.100000
	pigment { color rgbt <1,0,0,0> }
	no_shadow
}
sphere {
	0, 1
	scale<0.080000,0.200000,0.300000>
	matrix <0.561546, 0.680734, 0.470392,
		0.742720, -0.665264, 0.076099,
		0.364738, 0.306636, -0.879171,
		30.108191, 34.449337, 35.299877>
	pigment { color rgbt <0,1,1,0> }
	no_shadow
}
cylinder {
	<30.120111, 34.895256, 36.204494>,  <29.852875, 34.234692, 35.915298>, 0.130000
	pigment { color rgbt <1,0,0,0> }
	no_shadow
}

// nucleotide -1

// particle -1
sphere {
	<30.120111, 34.895256, 36.204494> 0.250000
	pigment { color rgbt <1,0,0,0> }
	no_shadow
}
cylinder {
	<30.454559, 35.076931, 36.081455>,  <30.655228, 35.185936, 36.007629>, 0.100000
	pigment { color rgbt <1,0,0,0> }
	no_shadow
}
cylinder {
	<30.454559, 35.076931, 36.081455>,  <30.120111, 34.895256, 36.204494>, 0.100000
	pigment { color rgbt <1,0,0,0> }
	no_shadow
}

// particle -1
sphere {
	<30.454559, 35.076931, 36.081455> 0.100000
	pigment { color rgbt <1,0,0,0> }
	no_shadow
}
sphere {
	0, 1
	scale<0.080000,0.200000,0.300000>
	matrix <-0.043728, -0.503785, -0.862722,
		-0.546798, 0.734791, -0.401365,
		0.836122, 0.454184, -0.307600,
		30.705397, 35.213184, 35.989174>
	pigment { color rgbt <0,1,1,0> }
	no_shadow
}
cylinder {
	<30.005196, 35.298752, 35.605473>,  <30.120111, 34.895256, 36.204494>, 0.130000
	pigment { color rgbt <1,0,0,0> }
	no_shadow
}

// nucleotide -1

// particle -1
sphere {
	<30.005196, 35.298752, 35.605473> 0.250000
	pigment { color rgbt <1,0,0,0> }
	no_shadow
}
cylinder {
	<30.364227, 35.122425, 35.607731>,  <30.579647, 35.016628, 35.609085>, 0.100000
	pigment { color rgbt <1,0,0,0> }
	no_shadow
}
cylinder {
	<30.364227, 35.122425, 35.607731>,  <30.005196, 35.298752, 35.605473>, 0.100000
	pigment { color rgbt <1,0,0,0> }
	no_shadow
}

// particle -1
sphere {
	<30.364227, 35.122425, 35.607731> 0.100000
	pigment { color rgbt <1,0,0,0> }
	no_shadow
}
sphere {
	0, 1
	scale<0.080000,0.200000,0.300000>
	matrix <-0.203032, -0.424717, -0.882266,
		0.391314, 0.790758, -0.470717,
		0.897581, -0.440814, 0.005648,
		30.633501, 34.990181, 35.609425>
	pigment { color rgbt <0,1,1,0> }
	no_shadow
}
cylinder {
	<30.376980, 35.418392, 34.905136>,  <30.005196, 35.298752, 35.605473>, 0.130000
	pigment { color rgbt <1,0,0,0> }
	no_shadow
}

// nucleotide -1

// particle -1
sphere {
	<30.376980, 35.418392, 34.905136> 0.250000
	pigment { color rgbt <1,0,0,0> }
	no_shadow
}
cylinder {
	<30.476877, 35.080894, 35.095173>,  <30.536816, 34.878395, 35.209194>, 0.100000
	pigment { color rgbt <1,0,0,0> }
	no_shadow
}
cylinder {
	<30.476877, 35.080894, 35.095173>,  <30.376980, 35.418392, 34.905136>, 0.100000
	pigment { color rgbt <1,0,0,0> }
	no_shadow
}

// particle -1
sphere {
	<30.476877, 35.080894, 35.095173> 0.100000
	pigment { color rgbt <1,0,0,0> }
	no_shadow
}
sphere {
	0, 1
	scale<0.080000,0.200000,0.300000>
	matrix <-0.362370, -0.536431, -0.762188,
		0.897951, 0.018193, -0.439720,
		0.249746, -0.843748, 0.475096,
		30.551802, 34.827770, 35.237701>
	pigment { color rgbt <0,1,1,0> }
	no_shadow
}
cylinder {
	<30.621687, 35.009037, 34.427658>,  <30.376980, 35.418392, 34.905136>, 0.130000
	pigment { color rgbt <1,0,0,0> }
	no_shadow
}

// nucleotide -1

// particle -1
sphere {
	<30.621687, 35.009037, 34.427658> 0.250000
	pigment { color rgbt <1,0,0,0> }
	no_shadow
}
cylinder {
	<30.573774, 34.724930, 34.705124>,  <30.545027, 34.554466, 34.871605>, 0.100000
	pigment { color rgbt <1,0,0,0> }
	no_shadow
}
cylinder {
	<30.573774, 34.724930, 34.705124>,  <30.621687, 35.009037, 34.427658>, 0.100000
	pigment { color rgbt <1,0,0,0> }
	no_shadow
}

// particle -1
sphere {
	<30.573774, 34.724930, 34.705124> 0.100000
	pigment { color rgbt <1,0,0,0> }
	no_shadow
}
sphere {
	0, 1
	scale<0.080000,0.200000,0.300000>
	matrix <-0.331862, -0.629864, -0.702238,
		0.935692, -0.314316, -0.160265,
		-0.119779, -0.710265, 0.693669,
		30.537840, 34.511848, 34.913223>
	pigment { color rgbt <0,1,1,0> }
	no_shadow
}
cylinder {
	<30.932886, 34.395203, 34.174698>,  <30.621687, 35.009037, 34.427658>, 0.130000
	pigment { color rgbt <1,0,0,0> }
	no_shadow
}

// nucleotide -1

// particle -1
sphere {
	<30.932886, 34.395203, 34.174698> 0.250000
	pigment { color rgbt <1,0,0,0> }
	no_shadow
}
cylinder {
	<30.629787, 34.303345, 34.419018>,  <30.447927, 34.248230, 34.565609>, 0.100000
	pigment { color rgbt <1,0,0,0> }
	no_shadow
}
cylinder {
	<30.629787, 34.303345, 34.419018>,  <30.932886, 34.395203, 34.174698>, 0.100000
	pigment { color rgbt <1,0,0,0> }
	no_shadow
}

// particle -1
sphere {
	<30.629787, 34.303345, 34.419018> 0.100000
	pigment { color rgbt <1,0,0,0> }
	no_shadow
}
sphere {
	0, 1
	scale<0.080000,0.200000,0.300000>
	matrix <-0.400701, -0.575020, -0.713296,
		0.515030, -0.785248, 0.343701,
		-0.757749, -0.229647, 0.610802,
		30.402462, 34.234451, 34.602257>
	pigment { color rgbt <0,1,1,0> }
	no_shadow
}
cylinder {
	<30.832321, 33.611992, 34.049042>,  <30.932886, 34.395203, 34.174698>, 0.130000
	pigment { color rgbt <1,0,0,0> }
	no_shadow
}

// nucleotide -1

// particle -1
sphere {
	<30.832321, 33.611992, 34.049042> 0.250000
	pigment { color rgbt <1,0,0,0> }
	no_shadow
}
cylinder {
	<30.495359, 33.756283, 34.209160>,  <30.293182, 33.842857, 34.305229>, 0.100000
	pigment { color rgbt <1,0,0,0> }
	no_shadow
}
cylinder {
	<30.495359, 33.756283, 34.209160>,  <30.832321, 33.611992, 34.049042>, 0.100000
	pigment { color rgbt <1,0,0,0> }
	no_shadow
}

// particle -1
sphere {
	<30.495359, 33.756283, 34.209160> 0.100000
	pigment { color rgbt <1,0,0,0> }
	no_shadow
}
sphere {
	0, 1
	scale<0.080000,0.200000,0.300000>
	matrix <-0.536976, -0.623853, -0.567860,
		0.044881, -0.693314, 0.719236,
		-0.842403, 0.360726, 0.400292,
		30.242638, 33.864502, 34.329247>
	pigment { color rgbt <0,1,1,0> }
	no_shadow
}
cylinder {
	<30.394718, 32.932243, 34.257530>,  <30.832321, 33.611992, 34.049042>, 0.130000
	pigment { color rgbt <1,0,0,0> }
	no_shadow
}

// nucleotide -1

// particle -1
sphere {
	<30.394718, 32.932243, 34.257530> 0.250000
	pigment { color rgbt <1,0,0,0> }
	no_shadow
}
cylinder {
	<30.139675, 33.238640, 34.224766>,  <29.986650, 33.422478, 34.205109>, 0.100000
	pigment { color rgbt <1,0,0,0> }
	no_shadow
}
cylinder {
	<30.139675, 33.238640, 34.224766>,  <30.394718, 32.932243, 34.257530>, 0.100000
	pigment { color rgbt <1,0,0,0> }
	no_shadow
}

// particle -1
sphere {
	<30.139675, 33.238640, 34.224766> 0.100000
	pigment { color rgbt <1,0,0,0> }
	no_shadow
}
sphere {
	0, 1
	scale<0.080000,0.200000,0.300000>
	matrix <-0.665227, -0.601087, -0.442908,
		-0.388499, -0.227914, 0.892818,
		-0.637606, 0.765996, -0.081907,
		29.948393, 33.468437, 34.200191>
	pigment { color rgbt <0,1,1,0> }
	no_shadow
}
cylinder {
	<29.784883, 32.767075, 34.717812>,  <30.394718, 32.932243, 34.257530>, 0.130000
	pigment { color rgbt <1,0,0,0> }
	no_shadow
}

// nucleotide -1

// particle -1
sphere {
	<29.784883, 32.767075, 34.717812> 0.250000
	pigment { color rgbt <1,0,0,0> }
	no_shadow
}
cylinder {
	<29.706724, 32.992733, 34.396923>,  <29.659828, 33.128128, 34.204391>, 0.100000
	pigment { color rgbt <1,0,0,0> }
	no_shadow
}
cylinder {
	<29.706724, 32.992733, 34.396923>,  <29.784883, 32.767075, 34.717812>, 0.100000
	pigment { color rgbt <1,0,0,0> }
	no_shadow
}

// particle -1
sphere {
	<29.706724, 32.992733, 34.396923> 0.100000
	pigment { color rgbt <1,0,0,0> }
	no_shadow
}
sphere {
	0, 1
	scale<0.080000,0.200000,0.300000>
