// switches for output
#declare DRAW_BASES = 1; // possible values are 0, 1; only relevant for DNA ribbons
#declare DRAW_BASES_TYPE = 3; // possible values are 1, 2, 3; only relevant for DNA ribbons
#declare DRAW_FOG = 0; // set to 1 to enable fog

#include "colors.inc"

#include "transforms.inc"
background { rgb <1, 1, 1>}

#default {
   normal{
       ripples 0.25
       frequency 0.20
       turbulence 0.2
       lambda 5
   }
	finish {
		phong 0.1
		phong_size 40.
	}
}

// original window dimensions: 1024x640


// camera settings

camera {
	sky <0, 0.179814, -0.983701>
	up <0, 0.179814, -0.983701>
	right 1.6 * <1, 0, 0>
	location <35, 94.9851, 44.8844>
	look_at <35, 29.7336, 32.9568>
	direction <0, -65.2515, -11.9276>
	angle 67.0682
}


# declare cpy_camera_pos = <35, 94.9851, 44.8844>;
# if (DRAW_FOG = 1)
fog {
	fog_type 2
	up vnormalize(cpy_camera_pos)
	color rgbt<1,1,1,0.3>
	distance 1e-5
	fog_alt 3e-3
	fog_offset 56
}
# end


// LIGHTS

# declare lum = 6;
global_settings {
	ambient_light rgb lum * <0.05, 0.05, 0.05>
	max_trace_level 15
}# declare cpy_direct_light_amount = 0.25;
light_source
{	1000 * <-1, -1.16352, -0.803886>,
	rgb lum * cpy_direct_light_amount
	parallel
}

light_source
{	1000 * <1, 1.16352, 0.803886>,
	rgb lum * cpy_direct_light_amount
	parallel
}

// strand 0

// nucleotide -1

// particle -1
sphere {
	<24.667850, 35.143009, 34.937603> 0.250000
	pigment { color rgbt <1,0,0,0> }
	no_shadow
}
cylinder {
	<24.392897, 34.862041, 34.863731>,  <24.227924, 34.693459, 34.819408>, 0.100000
	pigment { color rgbt <1,0,0,0> }
	no_shadow
}
cylinder {
	<24.392897, 34.862041, 34.863731>,  <24.667850, 35.143009, 34.937603>, 0.100000
	pigment { color rgbt <1,0,0,0> }
	no_shadow
}

// particle -1
sphere {
	<24.392897, 34.862041, 34.863731> 0.100000
	pigment { color rgbt <1,0,0,0> }
	no_shadow
}
sphere {
	0, 1
	scale<0.080000,0.200000,0.300000>
	matrix <0.532999, -0.660590, 0.528709,
		-0.493372, 0.264994, 0.828470,
		-0.687383, -0.702424, -0.184675,
		24.186682, 34.651314, 34.808331>
	pigment { color rgbt <0,1,1,0> }
	no_shadow
}
cylinder {
	<24.419756, 34.809284, 35.652397>,  <24.667850, 35.143009, 34.937603>, 0.130000
	pigment { color rgbt <1,0,0,0> }
	no_shadow
}

// nucleotide -1

// particle -1
sphere {
	<24.419756, 34.809284, 35.652397> 0.250000
	pigment { color rgbt <1,0,0,0> }
	no_shadow
}
cylinder {
	<24.414410, 34.589733, 35.318077>,  <24.411201, 34.458004, 35.117485>, 0.100000
	pigment { color rgbt <1,0,0,0> }
	no_shadow
}
cylinder {
	<24.414410, 34.589733, 35.318077>,  <24.419756, 34.809284, 35.652397>, 0.100000
	pigment { color rgbt <1,0,0,0> }
	no_shadow
}

// particle -1
sphere {
	<24.414410, 34.589733, 35.318077> 0.100000
	pigment { color rgbt <1,0,0,0> }
	no_shadow
}
sphere {
	0, 1
	scale<0.080000,0.200000,0.300000>
	matrix <0.758547, -0.550170, 0.349170,
		-0.651481, -0.629325, 0.423701,
		-0.013366, -0.548875, -0.835798,
		24.410400, 34.425072, 35.067337>
	pigment { color rgbt <0,1,1,0> }
	no_shadow
}
cylinder {
	<24.801981, 34.864422, 36.258266>,  <24.419756, 34.809284, 35.652397>, 0.130000
	pigment { color rgbt <1,0,0,0> }
	no_shadow
}

// nucleotide -1

// particle -1
sphere {
	<24.801981, 34.864422, 36.258266> 0.250000
	pigment { color rgbt <1,0,0,0> }
	no_shadow
}
cylinder {
	<24.970329, 34.667049, 35.953796>,  <25.071339, 34.548626, 35.771114>, 0.100000
	pigment { color rgbt <1,0,0,0> }
	no_shadow
}
cylinder {
	<24.970329, 34.667049, 35.953796>,  <24.801981, 34.864422, 36.258266>, 0.100000
	pigment { color rgbt <1,0,0,0> }
	no_shadow
}

// particle -1
sphere {
	<24.970329, 34.667049, 35.953796> 0.100000
	pigment { color rgbt <1,0,0,0> }
	no_shadow
}
sphere {
	0, 1
	scale<0.080000,0.200000,0.300000>
	matrix <0.688254, 0.720308, -0.086384,
		0.590908, -0.487528, 0.642763,
		0.420873, -0.493429, -0.761179,
		25.096592, 34.519020, 35.725441>
	pigment { color rgbt <0,1,1,0> }
	no_shadow
}
cylinder {
	<25.464003, 34.641418, 36.596966>,  <24.801981, 34.864422, 36.258266>, 0.130000
	pigment { color rgbt <1,0,0,0> }
	no_shadow
}

// nucleotide -1

// particle -1
sphere {
	<25.464003, 34.641418, 36.596966> 0.250000
	pigment { color rgbt <1,0,0,0> }
	no_shadow
}
cylinder {
	<25.506212, 34.714401, 36.205952>,  <25.531538, 34.758190, 35.971344>, 0.100000
	pigment { color rgbt <1,0,0,0> }
	no_shadow
}
cylinder {
	<25.506212, 34.714401, 36.205952>,  <25.464003, 34.641418, 36.596966>, 0.100000
	pigment { color rgbt <1,0,0,0> }
	no_shadow
}

// particle -1
sphere {
	<25.506212, 34.714401, 36.205952> 0.100000
	pigment { color rgbt <1,0,0,0> }
	no_shadow
}
sphere {
	0, 1
	scale<0.080000,0.200000,0.300000>
	matrix <0.609192, 0.765104, 0.208567,
		0.785971, -0.617515, -0.030416,
		0.105522, 0.182457, -0.977535,
		25.537868, 34.769138, 35.912693>
	pigment { color rgbt <0,1,1,0> }
	no_shadow
}
cylinder {
	<26.239649, 34.742496, 36.525688>,  <25.464003, 34.641418, 36.596966>, 0.130000
	pigment { color rgbt <1,0,0,0> }
	no_shadow
}

// nucleotide -1

// particle -1
sphere {
	<26.239649, 34.742496, 36.525688> 0.250000
	pigment { color rgbt <1,0,0,0> }
	no_shadow
}
cylinder {
	<26.029257, 34.927673, 36.240303>,  <25.903021, 35.038780, 36.069073>, 0.100000
	pigment { color rgbt <1,0,0,0> }
	no_shadow
}
cylinder {
	<26.029257, 34.927673, 36.240303>,  <26.239649, 34.742496, 36.525688>, 0.100000
	pigment { color rgbt <1,0,0,0> }
	no_shadow
}

// particle -1
sphere {
	<26.029257, 34.927673, 36.240303> 0.100000
	pigment { color rgbt <1,0,0,0> }
	no_shadow
}
sphere {
	0, 1
	scale<0.080000,0.200000,0.300000>
	matrix <0.631573, 0.774438, 0.036893,
		0.569613, -0.431200, -0.699720,
		-0.525981, 0.462939, -0.713464,
		25.871462, 35.066555, 36.026264>
	pigment { color rgbt <0,1,1,0> }
	no_shadow
}
cylinder {
	<26.589613, 35.258411, 36.129257>,  <26.239649, 34.742496, 36.525688>, 0.130000
	pigment { color rgbt <1,0,0,0> }
	no_shadow
}

// nucleotide -1

// particle -1
sphere {
	<26.589613, 35.258411, 36.129257> 0.250000
	pigment { color rgbt <1,0,0,0> }
	no_shadow
}
cylinder {
	<26.433340, 35.435463, 35.806408>,  <26.339577, 35.541695, 35.612698>, 0.100000
	pigment { color rgbt <1,0,0,0> }
	no_shadow
}
cylinder {
	<26.433340, 35.435463, 35.806408>,  <26.589613, 35.258411, 36.129257>, 0.100000
	pigment { color rgbt <1,0,0,0> }
	no_shadow
}

// particle -1
sphere {
	<26.433340, 35.435463, 35.806408> 0.100000
	pigment { color rgbt <1,0,0,0> }
	no_shadow
}
sphere {
	0, 1
	scale<0.080000,0.200000,0.300000>
	matrix <-0.120505, 0.844670, 0.521546,
		0.912604, 0.301021, -0.276659,
		-0.390682, 0.442627, -0.807124,
		26.316135, 35.568253, 35.564270>
	pigment { color rgbt <0,1,1,0> }
	no_shadow
}
cylinder {
	<26.881882, 35.975735, 36.004417>,  <26.589613, 35.258411, 36.129257>, 0.130000
	pigment { color rgbt <1,0,0,0> }
	no_shadow
}

// nucleotide -1

// particle -1
sphere {
	<26.881882, 35.975735, 36.004417> 0.250000
	pigment { color rgbt <1,0,0,0> }
	no_shadow
}
cylinder {
	<26.495874, 35.963776, 35.900227>,  <26.264271, 35.956600, 35.837711>, 0.100000
	pigment { color rgbt <1,0,0,0> }
	no_shadow
}
cylinder {
	<26.495874, 35.963776, 35.900227>,  <26.881882, 35.975735, 36.004417>, 0.100000
	pigment { color rgbt <1,0,0,0> }
	no_shadow
}

// particle -1
sphere {
	<26.495874, 35.963776, 35.900227> 0.100000
	pigment { color rgbt <1,0,0,0> }
	no_shadow
}
sphere {
	0, 1
	scale<0.080000,0.200000,0.300000>
	matrix <-0.191929, 0.757381, 0.624129,
		0.178616, 0.652288, -0.736625,
		-0.965018, -0.029901, -0.260473,
		26.206369, 35.954807, 35.822086>
	pigment { color rgbt <0,1,1,0> }
	no_shadow
}
cylinder {
	<26.692324, 36.543835, 35.579147>,  <26.881882, 35.975735, 36.004417>, 0.130000
	pigment { color rgbt <1,0,0,0> }
	no_shadow
}

// nucleotide -1

// particle -1
sphere {
	<26.692324, 36.543835, 35.579147> 0.250000
	pigment { color rgbt <1,0,0,0> }
	no_shadow
}
cylinder {
	<26.394375, 36.410698, 35.810452>,  <26.215605, 36.330818, 35.949234>, 0.100000
	pigment { color rgbt <1,0,0,0> }
	no_shadow
}
cylinder {
	<26.394375, 36.410698, 35.810452>,  <26.692324, 36.543835, 35.579147>, 0.100000
	pigment { color rgbt <1,0,0,0> }
	no_shadow
}

// particle -1
sphere {
	<26.394375, 36.410698, 35.810452> 0.100000
	pigment { color rgbt <1,0,0,0> }
	no_shadow
}
sphere {
	0, 1
	scale<0.080000,0.200000,0.300000>
	matrix <-0.083557, 0.906398, 0.414078,
		-0.661953, 0.260118, -0.702963,
		-0.744873, -0.332838, 0.578258,
		26.170914, 36.310848, 35.983929>
	pigment { color rgbt <0,1,1,0> }
	no_shadow
}
cylinder {
	<26.137489, 37.105946, 35.609318>,  <26.692324, 36.543835, 35.579147>, 0.130000
	pigment { color rgbt <1,0,0,0> }
	no_shadow
}

// nucleotide -1

// particle -1
sphere {
	<26.137489, 37.105946, 35.609318> 0.250000
	pigment { color rgbt <1,0,0,0> }
	no_shadow
}
cylinder {
	<26.122469, 36.881836, 35.940300>,  <26.113457, 36.747368, 36.138889>, 0.100000
	pigment { color rgbt <1,0,0,0> }
	no_shadow
}
cylinder {
	<26.122469, 36.881836, 35.940300>,  <26.137489, 37.105946, 35.609318>, 0.100000
	pigment { color rgbt <1,0,0,0> }
	no_shadow
}

// particle -1
sphere {
	<26.122469, 36.881836, 35.940300> 0.100000
	pigment { color rgbt <1,0,0,0> }
	no_shadow
}
sphere {
	0, 1
	scale<0.080000,0.200000,0.300000>
	matrix <0.044907, 0.826254, 0.561505,
		-0.998285, 0.058243, -0.005866,
		-0.037551, -0.560279, 0.827453,
		26.111204, 36.713753, 36.188538>
	pigment { color rgbt <0,1,1,0> }
	no_shadow
}
cylinder {
	<25.629217, 37.429596, 35.968292>,  <26.137489, 37.105946, 35.609318>, 0.130000
	pigment { color rgbt <1,0,0,0> }
	no_shadow
}

// nucleotide -1

// particle -1
sphere {
	<25.629217, 37.429596, 35.968292> 0.250000
	pigment { color rgbt <1,0,0,0> }
	no_shadow
}
cylinder {
	<25.785778, 37.177708, 36.236698>,  <25.879715, 37.026573, 36.397739>, 0.100000
	pigment { color rgbt <1,0,0,0> }
	no_shadow
}
cylinder {
	<25.785778, 37.177708, 36.236698>,  <25.629217, 37.429596, 35.968292>, 0.100000
	pigment { color rgbt <1,0,0,0> }
	no_shadow
}

// particle -1
sphere {
	<25.785778, 37.177708, 36.236698> 0.100000
	pigment { color rgbt <1,0,0,0> }
	no_shadow
}
sphere {
	0, 1
	scale<0.080000,0.200000,0.300000>
	matrix <0.028364, 0.737095, 0.675194,
		-0.919782, -0.245241, 0.306363,
		0.391404, -0.629720, 0.671011,
		25.903200, 36.988792, 36.438000>
	pigment { color rgbt <0,1,1,0> }
	no_shadow
}
cylinder {
	<25.257061, 37.548000, 36.619625>,  <25.629217, 37.429596, 35.968292>, 0.130000
	pigment { color rgbt <1,0,0,0> }
	no_shadow
}

// nucleotide -1

// particle -1
sphere {
	<25.257061, 37.548000, 36.619625> 0.250000
	pigment { color rgbt <1,0,0,0> }
	no_shadow
}
cylinder {
	<25.618971, 37.402481, 36.708206>,  <25.836117, 37.315170, 36.761353>, 0.100000
	pigment { color rgbt <1,0,0,0> }
	no_shadow
}
cylinder {
	<25.618971, 37.402481, 36.708206>,  <25.257061, 37.548000, 36.619625>, 0.100000
	pigment { color rgbt <1,0,0,0> }
	no_shadow
}

// particle -1
sphere {
	<25.618971, 37.402481, 36.708206> 0.100000
	pigment { color rgbt <1,0,0,0> }
	no_shadow
}
sphere {
	0, 1
	scale<0.080000,0.200000,0.300000>
	matrix <0.129637, 0.730535, 0.670458,
		-0.405686, -0.577903, 0.708129,
		0.904772, -0.363795, 0.221450,
		25.890402, 37.293343, 36.774643>
	pigment { color rgbt <0,1,1,0> }
	no_shadow
}
cylinder {
	<25.324450, 37.505451, 37.314152>,  <25.257061, 37.548000, 36.619625>, 0.130000
	pigment { color rgbt <1,0,0,0> }
	no_shadow
}

// nucleotide -1

// particle -1
sphere {
	<25.324450, 37.505451, 37.314152> 0.250000
	pigment { color rgbt <1,0,0,0> }
	no_shadow
}
cylinder {
	<25.687763, 37.549618, 37.152744>,  <25.905750, 37.576118, 37.055901>, 0.100000
	pigment { color rgbt <1,0,0,0> }
	no_shadow
}
cylinder {
	<25.687763, 37.549618, 37.152744>,  <25.324450, 37.505451, 37.314152>, 0.100000
	pigment { color rgbt <1,0,0,0> }
	no_shadow
}

// particle -1
sphere {
	<25.687763, 37.549618, 37.152744> 0.100000
	pigment { color rgbt <1,0,0,0> }
	no_shadow
}
sphere {
	0, 1
	scale<0.080000,0.200000,0.300000>
	matrix <0.139655, 0.829186, 0.541246,
		0.394360, -0.547958, 0.737714,
		0.908282, 0.110420, -0.403523,
		25.960247, 37.582745, 37.031689>
	pigment { color rgbt <0,1,1,0> }
	no_shadow
}
cylinder {
	<25.765907, 37.791466, 37.842484>,  <25.324450, 37.505451, 37.314152>, 0.130000
	pigment { color rgbt <1,0,0,0> }
	no_shadow
}

// nucleotide -1

// particle -1
sphere {
	<25.765907, 37.791466, 37.842484> 0.250000
	pigment { color rgbt <1,0,0,0> }
	no_shadow
}
cylinder {
	<25.898048, 37.912567, 37.484890>,  <25.977333, 37.985229, 37.270332>, 0.100000
	pigment { color rgbt <1,0,0,0> }
	no_shadow
}
cylinder {
	<25.898048, 37.912567, 37.484890>,  <25.765907, 37.791466, 37.842484>, 0.100000
	pigment { color rgbt <1,0,0,0> }
	no_shadow
}

// particle -1
sphere {
	<25.898048, 37.912567, 37.484890> 0.100000
	pigment { color rgbt <1,0,0,0> }
	no_shadow
}
sphere {
	0, 1
	scale<0.080000,0.200000,0.300000>
	matrix <0.176245, 0.910713, 0.373549,
		0.927256, -0.280963, 0.247500,
		0.330355, 0.302755, -0.893983,
		25.997154, 38.003395, 37.216694>
	pigment { color rgbt <0,1,1,0> }
	no_shadow
}
cylinder {
	<26.246519, 38.267803, 37.899200>,  <25.765907, 37.791466, 37.842484>, 0.130000
	pigment { color rgbt <1,0,0,0> }
	no_shadow
}

// nucleotide -1

// particle -1
sphere {
	<26.246519, 38.267803, 37.899200> 0.250000
	pigment { color rgbt <1,0,0,0> }
	no_shadow
}
cylinder {
	<26.137974, 38.341751, 37.521378>,  <26.072847, 38.386120, 37.294685>, 0.100000
	pigment { color rgbt <1,0,0,0> }
	no_shadow
}
cylinder {
	<26.137974, 38.341751, 37.521378>,  <26.246519, 38.267803, 37.899200>, 0.100000
	pigment { color rgbt <1,0,0,0> }
	no_shadow
}

// particle -1
sphere {
	<26.137974, 38.341751, 37.521378> 0.100000
	pigment { color rgbt <1,0,0,0> }
	no_shadow
}
sphere {
	0, 1
	scale<0.080000,0.200000,0.300000>
	matrix <0.080360, 0.982306, 0.169169,
		0.959117, -0.029998, -0.281416,
		-0.271362, 0.184867, -0.944556,
		26.056564, 38.397213, 37.238010>
	pigment { color rgbt <0,1,1,0> }
	no_shadow
}
cylinder {
	<26.645956, 37.981583, 37.294804>,  <26.246519, 38.267803, 37.899200>, 0.130000
	pigment { color rgbt <1,0,0,0> }
	no_shadow
}

// nucleotide -1

// particle -1
sphere {
	<26.645956, 37.981583, 37.294804> 0.250000
	pigment { color rgbt <1,0,0,0> }
	no_shadow
}
cylinder {
	<26.411873, 37.696045, 37.448666>,  <26.271423, 37.524723, 37.540981>, 0.100000
	pigment { color rgbt <1,0,0,0> }
	no_shadow
}
cylinder {
	<26.411873, 37.696045, 37.448666>,  <26.645956, 37.981583, 37.294804>, 0.100000
	pigment { color rgbt <1,0,0,0> }
	no_shadow
}

// particle -1
sphere {
	<26.411873, 37.696045, 37.448666> 0.100000
	pigment { color rgbt <1,0,0,0> }
	no_shadow
}
sphere {
	0, 1
	scale<0.080000,0.200000,0.300000>
	matrix <0.182085, -0.577932, -0.795512,
		0.790174, -0.395503, 0.468192,
		-0.585210, -0.713843, 0.384652,
		26.236309, 37.481892, 37.564060>
	pigment { color rgbt <0,1,1,0> }
	no_shadow
}
cylinder {
	<27.009399, 37.300541, 37.158138>,  <26.645956, 37.981583, 37.294804>, 0.130000
	pigment { color rgbt <1,0,0,0> }
	no_shadow
}

// nucleotide -1

// particle -1
sphere {
	<27.009399, 37.300541, 37.158138> 0.250000
	pigment { color rgbt <1,0,0,0> }
	no_shadow
}
cylinder {
	<26.626770, 37.228321, 37.249680>,  <26.397192, 37.184990, 37.304604>, 0.100000
	pigment { color rgbt <1,0,0,0> }
	no_shadow
}
cylinder {
	<26.626770, 37.228321, 37.249680>,  <27.009399, 37.300541, 37.158138>, 0.100000
	pigment { color rgbt <1,0,0,0> }
	no_shadow
}

// particle -1
sphere {
	<26.626770, 37.228321, 37.249680> 0.100000
	pigment { color rgbt <1,0,0,0> }
	no_shadow
}
sphere {
	0, 1
	scale<0.080000,0.200000,0.300000>
	matrix <-0.046518, -0.680478, -0.731290,
		0.287758, -0.710178, 0.642528,
		-0.956573, -0.180545, 0.228849,
		26.339798, 37.174156, 37.318333>
	pigment { color rgbt <0,1,1,0> }
	no_shadow
}
cylinder {
	<26.894262, 36.552120, 37.135136>,  <27.009399, 37.300541, 37.158138>, 0.130000
	pigment { color rgbt <1,0,0,0> }
	no_shadow
}

// nucleotide -1

// particle -1
sphere {
	<26.894262, 36.552120, 37.135136> 0.250000
	pigment { color rgbt <1,0,0,0> }
	no_shadow
}
cylinder {
	<26.560747, 36.762939, 37.069382>,  <26.360638, 36.889431, 37.029930>, 0.100000
	pigment { color rgbt <1,0,0,0> }
	no_shadow
}
cylinder {
	<26.560747, 36.762939, 37.069382>,  <26.894262, 36.552120, 37.135136>, 0.100000
	pigment { color rgbt <1,0,0,0> }
	no_shadow
}

// particle -1
sphere {
	<26.560747, 36.762939, 37.069382> 0.100000
	pigment { color rgbt <1,0,0,0> }
	no_shadow
}
sphere {
	0, 1
	scale<0.080000,0.200000,0.300000>
	matrix <-0.324768, -0.709019, -0.625953,
		-0.446455, -0.468526, 0.762339,
		-0.833789, 0.527044, -0.164383,
		26.310610, 36.921051, 37.020065>
	pigment { color rgbt <0,1,1,0> }
	no_shadow
}
cylinder {
	<26.371023, 36.159664, 37.245167>,  <26.894262, 36.552120, 37.135136>, 0.130000
	pigment { color rgbt <1,0,0,0> }
	no_shadow
}

// nucleotide -1

// particle -1
sphere {
	<26.371023, 36.159664, 37.245167> 0.250000
	pigment { color rgbt <1,0,0,0> }
	no_shadow
}
cylinder {
	<26.194601, 36.422726, 37.000885>,  <26.088747, 36.580563, 36.854317>, 0.100000
	pigment { color rgbt <1,0,0,0> }
	no_shadow
}
cylinder {
	<26.194601, 36.422726, 37.000885>,  <26.371023, 36.159664, 37.245167>, 0.100000
	pigment { color rgbt <1,0,0,0> }
	no_shadow
}

// particle -1
sphere {
	<26.194601, 36.422726, 37.000885> 0.100000
	pigment { color rgbt <1,0,0,0> }
	no_shadow
}
sphere {
	0, 1
	scale<0.080000,0.200000,0.300000>
	matrix <-0.239109, -0.741977, -0.626336,
		-0.865042, -0.130223, 0.484504,
		-0.441054, 0.657656, -0.610704,
		26.062284, 36.620022, 36.817673>
	pigment { color rgbt <0,1,1,0> }
	no_shadow
}
cylinder {
	<25.613131, 35.940758, 37.171619>,  <26.371023, 36.159664, 37.245167>, 0.130000
	pigment { color rgbt <1,0,0,0> }
	no_shadow
}

// nucleotide -1

// particle -1
sphere {
	<25.613131, 35.940758, 37.171619> 0.250000
	pigment { color rgbt <1,0,0,0> }
	no_shadow
}
cylinder {
	<25.742167, 36.148209, 36.854897>,  <25.819588, 36.272678, 36.664864>, 0.100000
	pigment { color rgbt <1,0,0,0> }
	no_shadow
}
cylinder {
	<25.742167, 36.148209, 36.854897>,  <25.613131, 35.940758, 37.171619>, 0.100000
	pigment { color rgbt <1,0,0,0> }
	no_shadow
}

// particle -1
sphere {
	<25.742167, 36.148209, 36.854897> 0.100000
	pigment { color rgbt <1,0,0,0> }
	no_shadow
}
sphere {
	0, 1
	scale<0.080000,0.200000,0.300000>
	matrix <-0.229017, -0.768909, -0.596934,
		-0.918416, 0.373902, -0.129266,
		0.322589, 0.518629, -0.791808,
		25.838943, 36.303799, 36.617355>
	pigment { color rgbt <0,1,1,0> }
	no_shadow
}
cylinder {
	<25.178785, 35.806816, 36.680855>,  <25.613131, 35.940758, 37.171619>, 0.130000
	pigment { color rgbt <1,0,0,0> }
	no_shadow
}

// nucleotide -1

// particle -1
sphere {
	<25.178785, 35.806816, 36.680855> 0.250000
	pigment { color rgbt <1,0,0,0> }
	no_shadow
}
cylinder {
	<25.497826, 35.927963, 36.472198>,  <25.689249, 36.000652, 36.347004>, 0.100000
	pigment { color rgbt <1,0,0,0> }
	no_shadow
}
cylinder {
	<25.497826, 35.927963, 36.472198>,  <25.178785, 35.806816, 36.680855>, 0.100000
	pigment { color rgbt <1,0,0,0> }
	no_shadow
}

// particle -1
sphere {
	<25.497826, 35.927963, 36.472198> 0.100000
	pigment { color rgbt <1,0,0,0> }
	no_shadow
}
sphere {
	0, 1
	scale<0.080000,0.200000,0.300000>
	matrix <-0.204680, -0.677597, -0.706377,
		-0.567399, 0.670175, -0.478460,
		0.797599, 0.302867, -0.521639,
		25.737106, 36.018822, 36.315708>
	pigment { color rgbt <0,1,1,0> }
	no_shadow
}
cylinder {
	<25.010954, 36.049206, 35.909611>,  <25.178785, 35.806816, 36.680855>, 0.130000
	pigment { color rgbt <1,0,0,0> }
	no_shadow
}

// nucleotide -1

// particle -1
sphere {
	<25.010954, 36.049206, 35.909611> 0.250000
	pigment { color rgbt <1,0,0,0> }
	no_shadow
}
cylinder {
	<25.382904, 35.911602, 35.961746>,  <25.606073, 35.829041, 35.993027>, 0.100000
	pigment { color rgbt <1,0,0,0> }
	no_shadow
}
cylinder {
	<25.382904, 35.911602, 35.961746>,  <25.010954, 36.049206, 35.909611>, 0.100000
	pigment { color rgbt <1,0,0,0> }
	no_shadow
}

// particle -1
sphere {
	<25.382904, 35.911602, 35.961746> 0.100000
	pigment { color rgbt <1,0,0,0> }
	no_shadow
}
sphere {
	0, 1
	scale<0.080000,0.200000,0.300000>
	matrix <-0.104585, -0.586897, -0.802879,
		0.352698, 0.732944, -0.581719,
		0.929874, -0.344013, 0.130343,
		25.661867, 35.808399, 36.000851>
	pigment { color rgbt <0,1,1,0> }
	no_shadow
}
cylinder {
	<25.352898, 36.243240, 35.205467>,  <25.010954, 36.049206, 35.909611>, 0.130000
	pigment { color rgbt <1,0,0,0> }
	no_shadow
}

// nucleotide -1

// particle -1
sphere {
	<25.352898, 36.243240, 35.205467> 0.250000
	pigment { color rgbt <1,0,0,0> }
	no_shadow
}
cylinder {
	<25.493120, 35.938103, 35.422787>,  <25.577253, 35.755020, 35.553181>, 0.100000
	pigment { color rgbt <1,0,0,0> }
	no_shadow
}
cylinder {
	<25.493120, 35.938103, 35.422787>,  <25.352898, 36.243240, 35.205467>, 0.100000
	pigment { color rgbt <1,0,0,0> }
	no_shadow
}

// particle -1
sphere {
	<25.493120, 35.938103, 35.422787> 0.100000
	pigment { color rgbt <1,0,0,0> }
	no_shadow
}
sphere {
	0, 1
	scale<0.080000,0.200000,0.300000>
	matrix <0.083584, -0.552318, -0.829433,
		0.932805, 0.336174, -0.129857,
		0.350556, -0.762845, 0.543303,
		25.598288, 35.709248, 35.585777>
	pigment { color rgbt <0,1,1,0> }
	no_shadow
}
cylinder {
	<26.105206, 35.936653, 34.966213>,  <25.352898, 36.243240, 35.205467>, 0.130000
	pigment { color rgbt <1,0,0,0> }
	no_shadow
}

// nucleotide -1

// particle -1
sphere {
	<26.105206, 35.936653, 34.966213> 0.250000
	pigment { color rgbt <1,0,0,0> }
	no_shadow
}
cylinder {
	<25.852150, 35.661205, 35.107956>,  <25.700317, 35.495937, 35.193001>, 0.100000
	pigment { color rgbt <1,0,0,0> }
	no_shadow
}
cylinder {
	<25.852150, 35.661205, 35.107956>,  <26.105206, 35.936653, 34.966213>, 0.100000
	pigment { color rgbt <1,0,0,0> }
	no_shadow
}

// particle -1
sphere {
	<25.852150, 35.661205, 35.107956> 0.100000
	pigment { color rgbt <1,0,0,0> }
	no_shadow
}
sphere {
	0, 1
	scale<0.080000,0.200000,0.300000>
	matrix <0.188770, -0.580877, -0.791800,
		0.751089, -0.434031, 0.497476,
		-0.632639, -0.688621, 0.354358,
		25.662359, 35.454620, 35.214264>
	pigment { color rgbt <0,1,1,0> }
	no_shadow
}
cylinder {
	<26.854191, 35.946262, 34.729137>,  <26.105206, 35.936653, 34.966213>, 0.130000
	pigment { color rgbt <1,0,0,0> }
	no_shadow
}

// nucleotide -1

// particle -1
sphere {
	<26.854191, 35.946262, 34.729137> 0.250000
	pigment { color rgbt <1,0,0,0> }
	no_shadow
}
cylinder {
	<27.232309, 35.994633, 34.850330>,  <27.459181, 36.023655, 34.923046>, 0.100000
	pigment { color rgbt <1,0,0,0> }
	no_shadow
}
cylinder {
	<27.232309, 35.994633, 34.850330>,  <26.854191, 35.946262, 34.729137>, 0.100000
	pigment { color rgbt <1,0,0,0> }
	no_shadow
}

// particle -1
sphere {
	<27.232309, 35.994633, 34.850330> 0.100000
	pigment { color rgbt <1,0,0,0> }
	no_shadow
}
sphere {
	0, 1
	scale<0.080000,0.200000,0.300000>
	matrix <-0.324158, 0.244001, 0.913994,
		0.036595, -0.962207, 0.269850,
		0.945295, 0.120922, 0.302978,
		27.515898, 36.030910, 34.941223>
	pigment { color rgbt <0,1,1,0> }
	no_shadow
}
cylinder {
	<27.185579, 35.411259, 35.223038>,  <26.854191, 35.946262, 34.729137>, 0.130000
	pigment { color rgbt <1,0,0,0> }
	no_shadow
}

// nucleotide -1

// particle -1
sphere {
	<27.185579, 35.411259, 35.223038> 0.250000
	pigment { color rgbt <1,0,0,0> }
	no_shadow
}
cylinder {
	<27.362450, 35.765251, 35.281387>,  <27.468573, 35.977646, 35.316399>, 0.100000
	pigment { color rgbt <1,0,0,0> }
	no_shadow
}
cylinder {
	<27.362450, 35.765251, 35.281387>,  <27.185579, 35.411259, 35.223038>, 0.100000
	pigment { color rgbt <1,0,0,0> }
	no_shadow
}

// particle -1
sphere {
	<27.362450, 35.765251, 35.281387> 0.100000
	pigment { color rgbt <1,0,0,0> }
	no_shadow
}
sphere {
	0, 1
	scale<0.080000,0.200000,0.300000>
	matrix <-0.330320, 0.009468, 0.943822,
		0.833887, -0.465522, 0.296515,
		0.442177, 0.884986, 0.145876,
		27.495102, 36.030746, 35.325150>
	pigment { color rgbt <0,1,1,0> }
	no_shadow
}
cylinder {
	<27.428471, 34.586208, 35.308300>,  <27.185579, 35.411259, 35.223038>, 0.130000
	pigment { color rgbt <1,0,0,0> }
	no_shadow
}

// nucleotide -1

// particle -1
sphere {
	<27.428471, 34.586208, 35.308300> 0.250000
	pigment { color rgbt <1,0,0,0> }
	no_shadow
}
cylinder {
	<27.630695, 34.488697, 34.977245>,  <27.752031, 34.430191, 34.778614>, 0.100000
	pigment { color rgbt <1,0,0,0> }
	no_shadow
}
cylinder {
	<27.630695, 34.488697, 34.977245>,  <27.428471, 34.586208, 35.308300>, 0.100000
	pigment { color rgbt <1,0,0,0> }
	no_shadow
}

// particle -1
sphere {
	<27.630695, 34.488697, 34.977245> 0.100000
	pigment { color rgbt <1,0,0,0> }
	no_shadow
}
sphere {
	0, 1
	scale<0.080000,0.200000,0.300000>
	matrix <0.804519, 0.479743, 0.350136,
		0.311695, -0.842863, 0.438665,
		0.505564, -0.243779, -0.827633,
		27.782364, 34.415562, 34.728954>
	pigment { color rgbt <0,1,1,0> }
	no_shadow
}
cylinder {
	<28.160975, 34.701900, 35.414284>,  <27.428471, 34.586208, 35.308300>, 0.130000
	pigment { color rgbt <1,0,0,0> }
	no_shadow
}

// nucleotide -1

// particle -1
sphere {
	<28.160975, 34.701900, 35.414284> 0.250000
	pigment { color rgbt <1,0,0,0> }
	no_shadow
}
cylinder {
	<28.144032, 34.686916, 35.014923>,  <28.133865, 34.677925, 34.775307>, 0.100000
	pigment { color rgbt <1,0,0,0> }
	no_shadow
}
cylinder {
	<28.144032, 34.686916, 35.014923>,  <28.160975, 34.701900, 35.414284>, 0.100000
	pigment { color rgbt <1,0,0,0> }
	no_shadow
}

// particle -1
sphere {
	<28.144032, 34.686916, 35.014923> 0.100000
	pigment { color rgbt <1,0,0,0> }
	no_shadow
}
sphere {
	0, 1
	scale<0.080000,0.200000,0.300000>
	matrix <0.733196, 0.677663, -0.056535,
		0.678697, -0.734417, -0.001238,
		-0.042359, -0.037463, -0.998400,
		28.131325, 34.675678, 34.715405>
	pigment { color rgbt <0,1,1,0> }
	no_shadow
}
cylinder {
	<28.885689, 34.430607, 35.244915>,  <28.160975, 34.701900, 35.414284>, 0.130000
	pigment { color rgbt <1,0,0,0> }
	no_shadow
}

// nucleotide -1

// particle -1
sphere {
	<28.885689, 34.430607, 35.244915> 0.250000
	pigment { color rgbt <1,0,0,0> }
	no_shadow
}
cylinder {
	<28.636967, 34.639782, 35.011715>,  <28.487734, 34.765289, 34.871796>, 0.100000
	pigment { color rgbt <1,0,0,0> }
	no_shadow
}
cylinder {
	<28.636967, 34.639782, 35.011715>,  <28.885689, 34.430607, 35.244915>, 0.100000
	pigment { color rgbt <1,0,0,0> }
	no_shadow
}

// particle -1
sphere {
	<28.636967, 34.639782, 35.011715> 0.100000
	pigment { color rgbt <1,0,0,0> }
	no_shadow
}
sphere {
	0, 1
	scale<0.080000,0.200000,0.300000>
	matrix <0.679751, 0.730083, -0.070122,
		0.388971, -0.439899, -0.809438,
		-0.621804, 0.522941, -0.583003,
		28.450426, 34.796665, 34.836815>
	pigment { color rgbt <0,1,1,0> }
	no_shadow
}
cylinder {
	<29.149366, 34.529922, 34.639889>,  <28.885689, 34.430607, 35.244915>, 0.130000
	pigment { color rgbt <1,0,0,0> }
	no_shadow
}

// nucleotide -1

// particle -1
sphere {
	<29.149366, 34.529922, 34.639889> 0.250000
	pigment { color rgbt <1,0,0,0> }
	no_shadow
}
cylinder {
	<28.884779, 34.829716, 34.650745>,  <28.726027, 35.009590, 34.657261>, 0.100000
	pigment { color rgbt <1,0,0,0> }
	no_shadow
}
cylinder {
	<28.884779, 34.829716, 34.650745>,  <29.149366, 34.529922, 34.639889>, 0.100000
	pigment { color rgbt <1,0,0,0> }
	no_shadow
}

// particle -1
sphere {
	<28.884779, 34.829716, 34.650745> 0.100000
	pigment { color rgbt <1,0,0,0> }
	no_shadow
}
sphere {
	0, 1
	scale<0.080000,0.200000,0.300000>
	matrix <0.640409, 0.583301, -0.499637,
		-0.390301, -0.313111, -0.865810,
		-0.661469, 0.749481, 0.027144,
		28.686338, 35.054562, 34.658890>
	pigment { color rgbt <0,1,1,0> }
	no_shadow
}
cylinder {
	<29.858118, 34.393089, 34.549374>,  <29.149366, 34.529922, 34.639889>, 0.130000
	pigment { color rgbt <1,0,0,0> }
	no_shadow
}

// nucleotide -1

// particle -1
sphere {
	<29.858118, 34.393089, 34.549374> 0.250000
	pigment { color rgbt <1,0,0,0> }
	no_shadow
}
cylinder {
	<29.913834, 34.324768, 34.159210>,  <29.947264, 34.283775, 33.925114>, 0.100000
	pigment { color rgbt <1,0,0,0> }
	no_shadow
}
cylinder {
	<29.913834, 34.324768, 34.159210>,  <29.858118, 34.393089, 34.549374>, 0.100000
	pigment { color rgbt <1,0,0,0> }
	no_shadow
}

// particle -1
sphere {
	<29.913834, 34.324768, 34.159210> 0.100000
	pigment { color rgbt <1,0,0,0> }
	no_shadow
}
sphere {
	0, 1
	scale<0.080000,0.200000,0.300000>
	matrix <0.480398, -0.849682, 0.217390,
		-0.865919, -0.498865, -0.036297,
		0.139289, -0.170805, -0.975410,
		29.955620, 34.273525, 33.866589>
	pigment { color rgbt <0,1,1,0> }
	no_shadow
}
cylinder {
	<29.616928, 33.752632, 34.212719>,  <29.858118, 34.393089, 34.549374>, 0.130000
	pigment { color rgbt <1,0,0,0> }
	no_shadow
}

// nucleotide -1

// particle -1
sphere {
	<29.616928, 33.752632, 34.212719> 0.250000
	pigment { color rgbt <1,0,0,0> }
	no_shadow
}
cylinder {
	<29.958406, 33.908646, 34.074688>,  <30.163294, 34.002254, 33.991867>, 0.100000
	pigment { color rgbt <1,0,0,0> }
	no_shadow
}
cylinder {
	<29.958406, 33.908646, 34.074688>,  <29.616928, 33.752632, 34.212719>, 0.100000
	pigment { color rgbt <1,0,0,0> }
	no_shadow
}

// particle -1
sphere {
	<29.958406, 33.908646, 34.074688> 0.100000
	pigment { color rgbt <1,0,0,0> }
	no_shadow
}
sphere {
	0, 1
	scale<0.080000,0.200000,0.300000>
	matrix <0.507758, -0.770601, 0.385169,
		-0.115692, -0.504035, -0.855900,
		0.853696, 0.390029, -0.345080,
		30.214516, 34.025654, 33.971165>
	pigment { color rgbt <0,1,1,0> }
	no_shadow
}
cylinder {
	<29.937435, 33.117916, 33.828167>,  <29.616928, 33.752632, 34.212719>, 0.130000
	pigment { color rgbt <1,0,0,0> }
	no_shadow
}

// nucleotide -1

// particle -1
sphere {
	<29.937435, 33.117916, 33.828167> 0.250000
	pigment { color rgbt <1,0,0,0> }
	no_shadow
}
cylinder {
	<30.204403, 33.384972, 33.960114>,  <30.364584, 33.545204, 34.039284>, 0.100000
	pigment { color rgbt <1,0,0,0> }
	no_shadow
}
cylinder {
	<30.204403, 33.384972, 33.960114>,  <29.937435, 33.117916, 33.828167>, 0.100000
	pigment { color rgbt <1,0,0,0> }
	no_shadow
}

// particle -1
sphere {
	<30.204403, 33.384972, 33.960114> 0.100000
	pigment { color rgbt <1,0,0,0> }
	no_shadow
}
sphere {
	0, 1
	scale<0.080000,0.200000,0.300000>
	matrix <0.570538, -0.743115, 0.349667,
		0.478581, -0.045171, -0.876881,
		0.667418, 0.667638, 0.329869,
		30.404629, 33.585262, 34.059074>
	pigment { color rgbt <0,1,1,0> }
	no_shadow
}
cylinder {
	<30.702448, 32.901447, 33.805813>,  <29.937435, 33.117916, 33.828167>, 0.130000
	pigment { color rgbt <1,0,0,0> }
	no_shadow
}

// nucleotide -1

// particle -1
sphere {
	<30.702448, 32.901447, 33.805813> 0.250000
	pigment { color rgbt <1,0,0,0> }
	no_shadow
}
cylinder {
	<30.696383, 33.174843, 34.097733>,  <30.692743, 33.338882, 34.272884>, 0.100000
	pigment { color rgbt <1,0,0,0> }
	no_shadow
}
cylinder {
	<30.696383, 33.174843, 34.097733>,  <30.702448, 32.901447, 33.805813>, 0.100000
	pigment { color rgbt <1,0,0,0> }
	no_shadow
}

// particle -1
sphere {
	<30.696383, 33.174843, 34.097733> 0.100000
	pigment { color rgbt <1,0,0,0> }
	no_shadow
}
sphere {
	0, 1
	scale<0.080000,0.200000,0.300000>
	matrix <0.554566, -0.601586, 0.574935,
		0.832001, 0.413441, -0.369920,
		-0.015163, 0.683492, 0.729801,
		30.691833, 33.379890, 34.316673>
	pigment { color rgbt <0,1,1,0> }
	no_shadow
}
cylinder {
	<31.381935, 32.810482, 34.162807>,  <30.702448, 32.901447, 33.805813>, 0.130000
	pigment { color rgbt <1,0,0,0> }
	no_shadow
}

// nucleotide -1

// particle -1
sphere {
	<31.381935, 32.810482, 34.162807> 0.250000
	pigment { color rgbt <1,0,0,0> }
	no_shadow
}
cylinder {
	<31.179516, 33.027340, 34.431137>,  <31.058065, 33.157455, 34.592133>, 0.100000
	pigment { color rgbt <1,0,0,0> }
	no_shadow
}
cylinder {
	<31.179516, 33.027340, 34.431137>,  <31.381935, 32.810482, 34.162807>, 0.100000
	pigment { color rgbt <1,0,0,0> }
	no_shadow
}

// particle -1
sphere {
	<31.179516, 33.027340, 34.431137> 0.100000
	pigment { color rgbt <1,0,0,0> }
	no_shadow
}
sphere {
	0, 1
	scale<0.080000,0.200000,0.300000>
	matrix <0.459351, -0.488876, 0.741618,
		0.730010, 0.683435, -0.001639,
		-0.506046, 0.542141, 0.670821,
		31.027702, 33.189983, 34.632381>
	pigment { color rgbt <0,1,1,0> }
	no_shadow
}
cylinder {
	<31.835835, 33.003956, 34.743324>,  <31.381935, 32.810482, 34.162807>, 0.130000
	pigment { color rgbt <1,0,0,0> }
	no_shadow
}

// nucleotide -1

// particle -1
sphere {
	<31.835835, 33.003956, 34.743324> 0.250000
	pigment { color rgbt <1,0,0,0> }
	no_shadow
}
cylinder {
	<31.458019, 32.981457, 34.872742>,  <31.231329, 32.967957, 34.950394>, 0.100000
	pigment { color rgbt <1,0,0,0> }
	no_shadow
}
cylinder {
	<31.458019, 32.981457, 34.872742>,  <31.835835, 33.003956, 34.743324>, 0.100000
	pigment { color rgbt <1,0,0,0> }
	no_shadow
}

// particle -1
sphere {
	<31.458019, 32.981457, 34.872742> 0.100000
	pigment { color rgbt <1,0,0,0> }
	no_shadow
}
sphere {
	0, 1
	scale<0.080000,0.200000,0.300000>
	matrix <0.321195, -0.363428, 0.874502,
		0.068392, 0.929923, 0.361340,
		-0.944540, -0.056252, 0.323543,
		31.174658, 32.964581, 34.969803>
	pigment { color rgbt <0,1,1,0> }
	no_shadow
}
cylinder {
	<31.916475, 32.233498, 34.886902>,  <31.835835, 33.003956, 34.743324>, 0.130000
	pigment { color rgbt <1,0,0,0> }
	no_shadow
}

// nucleotide -1

// particle -1
sphere {
	<31.916475, 32.233498, 34.886902> 0.250000
	pigment { color rgbt <1,0,0,0> }
	no_shadow
}
cylinder {
	<31.775766, 32.344524, 35.244495>,  <31.691341, 32.411140, 35.459053>, 0.100000
	pigment { color rgbt <1,0,0,0> }
	no_shadow
}
cylinder {
	<31.775766, 32.344524, 35.244495>,  <31.916475, 32.233498, 34.886902>, 0.100000
	pigment { color rgbt <1,0,0,0> }
	no_shadow
}

// particle -1
sphere {
	<31.775766, 32.344524, 35.244495> 0.100000
	pigment { color rgbt <1,0,0,0> }
	no_shadow
}
sphere {
	0, 1
	scale<0.080000,0.200000,0.300000>
	matrix <-0.525041, 0.732153, -0.433917,
		-0.774977, -0.622020, -0.111817,
		-0.351772, 0.277567, 0.893987,
		31.670235, 32.427795, 35.512691>
	pigment { color rgbt <0,1,1,0> }
	no_shadow
}
cylinder {
	<31.205280, 32.170052, 34.853249>,  <31.916475, 32.233498, 34.886902>, 0.130000
	pigment { color rgbt <1,0,0,0> }
	no_shadow
}

// nucleotide -1

// particle -1
sphere {
	<31.205280, 32.170052, 34.853249> 0.250000
	pigment { color rgbt <1,0,0,0> }
	no_shadow
}
cylinder {
	<31.275263, 32.415180, 35.161491>,  <31.317253, 32.562256, 35.346439>, 0.100000
	pigment { color rgbt <1,0,0,0> }
	no_shadow
}
cylinder {
	<31.275263, 32.415180, 35.161491>,  <31.205280, 32.170052, 34.853249>, 0.100000
	pigment { color rgbt <1,0,0,0> }
	no_shadow
}

// particle -1
sphere {
	<31.275263, 32.415180, 35.161491> 0.100000
	pigment { color rgbt <1,0,0,0> }
	no_shadow
}
sphere {
	0, 1
	scale<0.080000,0.200000,0.300000>
	matrix <-0.646591, 0.661764, -0.379458,
		-0.742502, -0.431882, 0.512025,
		0.174959, 0.612819, 0.770612,
		31.327751, 32.599026, 35.392673>
	pigment { color rgbt <0,1,1,0> }
	no_shadow
}
cylinder {
	<30.618799, 32.476498, 35.135609>,  <31.205280, 32.170052, 34.853249>, 0.130000
	pigment { color rgbt <1,0,0,0> }
	no_shadow
}

// nucleotide -1

// particle -1
sphere {
	<30.618799, 32.476498, 35.135609> 0.250000
	pigment { color rgbt <1,0,0,0> }
	no_shadow
}
cylinder {
	<30.897821, 32.744541, 35.237091>,  <31.065235, 32.905369, 35.297981>, 0.100000
	pigment { color rgbt <1,0,0,0> }
	no_shadow
}
cylinder {
	<30.897821, 32.744541, 35.237091>,  <30.618799, 32.476498, 35.135609>, 0.100000
	pigment { color rgbt <1,0,0,0> }
	no_shadow
}

// particle -1
sphere {
	<30.897821, 32.744541, 35.237091> 0.100000
	pigment { color rgbt <1,0,0,0> }
	no_shadow
}
sphere {
	0, 1
	scale<0.080000,0.200000,0.300000>
	matrix <-0.544627, 0.725941, -0.419989,
		-0.465615, 0.154791, 0.871345,
		0.697556, 0.670111, 0.253706,
		31.107088, 32.945576, 35.313202>
	pigment { color rgbt <0,1,1,0> }
	no_shadow
}
cylinder {
	<30.331909, 32.996346, 35.648182>,  <30.618799, 32.476498, 35.135609>, 0.130000
	pigment { color rgbt <1,0,0,0> }
	no_shadow
}

// nucleotide -1

// particle -1
sphere {
	<30.331909, 32.996346, 35.648182> 0.250000
	pigment { color rgbt <1,0,0,0> }
	no_shadow
}
cylinder {
	<30.649755, 33.135746, 35.449333>,  <30.840464, 33.219387, 35.330025>, 0.100000
	pigment { color rgbt <1,0,0,0> }
	no_shadow
}
cylinder {
	<30.649755, 33.135746, 35.449333>,  <30.331909, 32.996346, 35.648182>, 0.100000
	pigment { color rgbt <1,0,0,0> }
	no_shadow
}

// particle -1
sphere {
	<30.649755, 33.135746, 35.449333> 0.100000
	pigment { color rgbt <1,0,0,0> }
	no_shadow
}
sphere {
	0, 1
	scale<0.080000,0.200000,0.300000>
	matrix <-0.580736, 0.675061, -0.455015,
		0.177016, 0.650260, 0.738801,
		0.794614, 0.348504, -0.497126,
		30.888140, 33.240295, 35.300194>
	pigment { color rgbt <0,1,1,0> }
	no_shadow
}
cylinder {
	<30.332422, 33.841469, 35.463093>,  <30.331909, 32.996346, 35.648182>, 0.130000
	pigment { color rgbt <1,0,0,0> }
	no_shadow
}

// nucleotide -1

// particle -1
sphere {
	<30.332422, 33.841469, 35.463093> 0.250000
	pigment { color rgbt <1,0,0,0> }
	no_shadow
}
cylinder {
	<30.551535, 33.639862, 35.195988>,  <30.683002, 33.518898, 35.035725>, 0.100000
	pigment { color rgbt <1,0,0,0> }
	no_shadow
}
cylinder {
	<30.551535, 33.639862, 35.195988>,  <30.332422, 33.841469, 35.463093>, 0.100000
	pigment { color rgbt <1,0,0,0> }
	no_shadow
}

// particle -1
sphere {
	<30.551535, 33.639862, 35.195988> 0.100000
	pigment { color rgbt <1,0,0,0> }
	no_shadow
}
sphere {
	0, 1
	scale<0.080000,0.200000,0.300000>
	matrix <-0.416599, 0.527845, -0.740152,
		0.725522, 0.683630, 0.079171,
		0.547780, -0.504014, -0.667762,
		30.715868, 33.488659, 34.995659>
	pigment { color rgbt <0,1,1,0> }
	no_shadow
}
cylinder {
	<30.686171, 34.333958, 35.191521>,  <30.332422, 33.841469, 35.463093>, 0.130000
	pigment { color rgbt <1,0,0,0> }
	no_shadow
}

// nucleotide -1

// particle -1
sphere {
	<30.686171, 34.333958, 35.191521> 0.250000
	pigment { color rgbt <1,0,0,0> }
	no_shadow
}
cylinder {
	<30.694923, 34.037552, 34.923069>,  <30.700176, 33.859707, 34.761997>, 0.100000
	pigment { color rgbt <1,0,0,0> }
	no_shadow
}
cylinder {
	<30.694923, 34.037552, 34.923069>,  <30.686171, 34.333958, 35.191521>, 0.100000
	pigment { color rgbt <1,0,0,0> }
	no_shadow
}

// particle -1
sphere {
	<30.694923, 34.037552, 34.923069> 0.100000
	pigment { color rgbt <1,0,0,0> }
	no_shadow
}
sphere {
	0, 1
	scale<0.080000,0.200000,0.300000>
	matrix <-0.276894, 0.640541, -0.716267,
		0.960651, 0.201507, -0.191165,
		0.021884, -0.741015, -0.671132,
		30.701488, 33.815247, 34.721729>
	pigment { color rgbt <0,1,1,0> }
	no_shadow
}
cylinder {
	<31.214502, 34.505875, 34.620419>,  <30.686171, 34.333958, 35.191521>, 0.130000
	pigment { color rgbt <1,0,0,0> }
	no_shadow
}

// nucleotide -1

// particle -1
sphere {
	<31.214502, 34.505875, 34.620419> 0.250000
	pigment { color rgbt <1,0,0,0> }
	no_shadow
}
cylinder {
	<30.935871, 34.264671, 34.464901>,  <30.768692, 34.119949, 34.371590>, 0.100000
	pigment { color rgbt <1,0,0,0> }
	no_shadow
}
cylinder {
	<30.935871, 34.264671, 34.464901>,  <31.214502, 34.505875, 34.620419>, 0.100000
	pigment { color rgbt <1,0,0,0> }
	no_shadow
}

// particle -1
sphere {
	<30.935871, 34.264671, 34.464901> 0.100000
	pigment { color rgbt <1,0,0,0> }
	no_shadow
}
sphere {
	0, 1
	scale<0.080000,0.200000,0.300000>
	matrix <-0.245181, 0.709324, -0.660867,
		0.674288, -0.365022, -0.641946,
		-0.696579, -0.603008, -0.388792,
		30.726898, 34.083767, 34.348263>
	pigment { color rgbt <0,1,1,0> }
	no_shadow
}
cylinder {
	<31.429960, 34.288052, 33.884010>,  <31.214502, 34.505875, 34.620419>, 0.130000
	pigment { color rgbt <1,0,0,0> }
	no_shadow
}

// nucleotide -1

// particle -1
sphere {
	<31.429960, 34.288052, 33.884010> 0.250000
	pigment { color rgbt <1,0,0,0> }
	no_shadow
}
cylinder {
	<31.041025, 34.336998, 33.963600>,  <30.807665, 34.366364, 34.011353>, 0.100000
	pigment { color rgbt <1,0,0,0> }
	no_shadow
}
cylinder {
	<31.041025, 34.336998, 33.963600>,  <31.429960, 34.288052, 33.884010>, 0.100000
	pigment { color rgbt <1,0,0,0> }
	no_shadow
}

// particle -1
sphere {
	<31.041025, 34.336998, 33.963600> 0.100000
	pigment { color rgbt <1,0,0,0> }
	no_shadow
}
sphere {
	0, 1
	scale<0.080000,0.200000,0.300000>
	matrix <-0.065744, 0.674025, -0.735777,
