// switches for output
#declare DRAW_BASES = 1; // possible values are 0, 1; only relevant for DNA ribbons
#declare DRAW_BASES_TYPE = 3; // possible values are 1, 2, 3; only relevant for DNA ribbons
#declare DRAW_FOG = 0; // set to 1 to enable fog

#include "colors.inc"

#include "transforms.inc"
background { rgb <1, 1, 1>}

#default {
   normal{
       ripples 0.25
       frequency 0.20
       turbulence 0.2
       lambda 5
   }
	finish {
		phong 0.1
		phong_size 40.
	}
}

// original window dimensions: 1024x640


// camera settings

camera {
	sky <0, 0.179814, -0.983701>
	up <0, 0.179814, -0.983701>
	right 1.6 * <1, 0, 0>
	location <35, 94.9851, 44.8844>
	look_at <35, 29.7336, 32.9568>
	direction <0, -65.2515, -11.9276>
	angle 67.0682
}


# declare cpy_camera_pos = <35, 94.9851, 44.8844>;
# if (DRAW_FOG = 1)
fog {
	fog_type 2
	up vnormalize(cpy_camera_pos)
	color rgbt<1,1,1,0.3>
	distance 1e-5
	fog_alt 3e-3
	fog_offset 56
}
# end


// LIGHTS

# declare lum = 6;
global_settings {
	ambient_light rgb lum * <0.05, 0.05, 0.05>
	max_trace_level 15
}# declare cpy_direct_light_amount = 0.25;
light_source
{	1000 * <-1, -1.16352, -0.803886>,
	rgb lum * cpy_direct_light_amount
	parallel
}

light_source
{	1000 * <1, 1.16352, 0.803886>,
	rgb lum * cpy_direct_light_amount
	parallel
}

// strand 0

// nucleotide -1

// particle -1
sphere {
	<23.943190, 34.993855, 35.514175> 0.250000
	pigment { color rgbt <1,0,0,0> }
	no_shadow
}
cylinder {
	<24.197546, 35.010300, 35.205902>,  <24.350161, 35.020168, 35.020939>, 0.100000
	pigment { color rgbt <1,0,0,0> }
	no_shadow
}
cylinder {
	<24.197546, 35.010300, 35.205902>,  <23.943190, 34.993855, 35.514175>, 0.100000
	pigment { color rgbt <1,0,0,0> }
	no_shadow
}

// particle -1
sphere {
	<24.197546, 35.010300, 35.205902> 0.100000
	pigment { color rgbt <1,0,0,0> }
	no_shadow
}
sphere {
	0, 1
	scale<0.080000,0.200000,0.300000>
	matrix <0.725360, -0.372924, 0.578602,
		-0.263616, -0.926950, -0.266963,
		0.635893, 0.041115, -0.770682,
		24.388313, 35.022633, 34.974697>
	pigment { color rgbt <0,1,1,0> }
	no_shadow
}
cylinder {
	<24.339071, 34.349129, 35.412468>,  <23.943190, 34.993855, 35.514175>, 0.130000
	pigment { color rgbt <1,0,0,0> }
	no_shadow
}

// nucleotide -1

// particle -1
sphere {
	<24.339071, 34.349129, 35.412468> 0.250000
	pigment { color rgbt <1,0,0,0> }
	no_shadow
}
cylinder {
	<24.562105, 34.629730, 35.234936>,  <24.695927, 34.798092, 35.128418>, 0.100000
	pigment { color rgbt <1,0,0,0> }
	no_shadow
}
cylinder {
	<24.562105, 34.629730, 35.234936>,  <24.339071, 34.349129, 35.412468>, 0.100000
	pigment { color rgbt <1,0,0,0> }
	no_shadow
}

// particle -1
sphere {
	<24.562105, 34.629730, 35.234936> 0.100000
	pigment { color rgbt <1,0,0,0> }
	no_shadow
}
sphere {
	0, 1
	scale<0.080000,0.200000,0.300000>
	matrix <0.813794, -0.356422, 0.459023,
		0.163817, -0.617131, -0.769619,
		0.557587, 0.701507, -0.443829,
		24.729382, 34.840183, 35.101788>
	pigment { color rgbt <0,1,1,0> }
	no_shadow
}
cylinder {
	<24.806368, 34.057701, 35.032650>,  <24.339071, 34.349129, 35.412468>, 0.130000
	pigment { color rgbt <1,0,0,0> }
	no_shadow
}

// nucleotide -1

// particle -1
sphere {
	<24.806368, 34.057701, 35.032650> 0.250000
	pigment { color rgbt <1,0,0,0> }
	no_shadow
}
cylinder {
	<24.942242, 34.415230, 35.149746>,  <25.023766, 34.629745, 35.220005>, 0.100000
	pigment { color rgbt <1,0,0,0> }
	no_shadow
}
cylinder {
	<24.942242, 34.415230, 35.149746>,  <24.806368, 34.057701, 35.032650>, 0.100000
	pigment { color rgbt <1,0,0,0> }
	no_shadow
}

// particle -1
sphere {
	<24.942242, 34.415230, 35.149746> 0.100000
	pigment { color rgbt <1,0,0,0> }
	no_shadow
}
sphere {
	0, 1
	scale<0.080000,0.200000,0.300000>
	matrix <0.792017, -0.439705, 0.423519,
		0.507271, 0.087994, -0.857283,
		0.339684, 0.893821, 0.292742,
		25.044147, 34.683376, 35.237568>
	pigment { color rgbt <0,1,1,0> }
	no_shadow
}
cylinder {
	<25.603237, 34.007420, 34.850456>,  <24.806368, 34.057701, 35.032650>, 0.130000
	pigment { color rgbt <1,0,0,0> }
	no_shadow
}

// nucleotide -1

// particle -1
sphere {
	<25.603237, 34.007420, 34.850456> 0.250000
	pigment { color rgbt <1,0,0,0> }
	no_shadow
}
cylinder {
	<25.600595, 34.320889, 35.098911>,  <25.599010, 34.508972, 35.247986>, 0.100000
	pigment { color rgbt <1,0,0,0> }
	no_shadow
}
cylinder {
	<25.600595, 34.320889, 35.098911>,  <25.603237, 34.007420, 34.850456>, 0.100000
	pigment { color rgbt <1,0,0,0> }
	no_shadow
}

// particle -1
sphere {
	<25.600595, 34.320889, 35.098911> 0.100000
	pigment { color rgbt <1,0,0,0> }
	no_shadow
}
sphere {
	0, 1
	scale<0.080000,0.200000,0.300000>
	matrix <0.874465, -0.296768, 0.383719,
		0.485044, 0.545696, -0.683336,
		-0.006602, 0.783674, 0.621137,
		25.598616, 34.555992, 35.285252>
	pigment { color rgbt <0,1,1,0> }
	no_shadow
}
cylinder {
	<26.258236, 34.360744, 34.772163>,  <25.603237, 34.007420, 34.850456>, 0.130000
	pigment { color rgbt <1,0,0,0> }
	no_shadow
}

// nucleotide -1

// particle -1
sphere {
	<26.258236, 34.360744, 34.772163> 0.250000
	pigment { color rgbt <1,0,0,0> }
	no_shadow
}
cylinder {
	<26.087439, 34.455906, 35.121124>,  <25.984961, 34.513004, 35.330502>, 0.100000
	pigment { color rgbt <1,0,0,0> }
	no_shadow
}
cylinder {
	<26.087439, 34.455906, 35.121124>,  <26.258236, 34.360744, 34.772163>, 0.100000
	pigment { color rgbt <1,0,0,0> }
	no_shadow
}

// particle -1
sphere {
	<26.087439, 34.455906, 35.121124> 0.100000
	pigment { color rgbt <1,0,0,0> }
	no_shadow
}
sphere {
	0, 1
	scale<0.080000,0.200000,0.300000>
	matrix <0.848290, -0.228752, 0.477574,
		0.313180, 0.943967, -0.104137,
		-0.426992, 0.237904, 0.872398,
		25.959341, 34.527279, 35.382843>
	pigment { color rgbt <0,1,1,0> }
	no_shadow
}
cylinder {
	<26.812441, 34.726601, 35.062820>,  <26.258236, 34.360744, 34.772163>, 0.130000
	pigment { color rgbt <1,0,0,0> }
	no_shadow
}

// nucleotide -1

// particle -1
sphere {
	<26.812441, 34.726601, 35.062820> 0.250000
	pigment { color rgbt <1,0,0,0> }
	no_shadow
}
cylinder {
	<26.598772, 34.638401, 35.389267>,  <26.470570, 34.585484, 35.585133>, 0.100000
	pigment { color rgbt <1,0,0,0> }
	no_shadow
}
cylinder {
	<26.598772, 34.638401, 35.389267>,  <26.812441, 34.726601, 35.062820>, 0.100000
	pigment { color rgbt <1,0,0,0> }
	no_shadow
}

// particle -1
sphere {
	<26.598772, 34.638401, 35.389267> 0.100000
	pigment { color rgbt <1,0,0,0> }
	no_shadow
}
sphere {
	0, 1
	scale<0.080000,0.200000,0.300000>
	matrix <0.840109, -0.246044, 0.483404,
		0.094211, 0.943846, 0.316670,
		-0.534173, -0.220495, 0.816113,
		26.438520, 34.572254, 35.634102>
	pigment { color rgbt <0,1,1,0> }
	no_shadow
}
cylinder {
	<27.010155, 35.156673, 35.580845>,  <26.812441, 34.726601, 35.062820>, 0.130000
	pigment { color rgbt <1,0,0,0> }
	no_shadow
}

// nucleotide -1

// particle -1
sphere {
	<27.010155, 35.156673, 35.580845> 0.250000
	pigment { color rgbt <1,0,0,0> }
	no_shadow
}
cylinder {
	<26.865217, 34.811642, 35.722076>,  <26.778255, 34.604622, 35.806816>, 0.100000
	pigment { color rgbt <1,0,0,0> }
	no_shadow
}
cylinder {
	<26.865217, 34.811642, 35.722076>,  <27.010155, 35.156673, 35.580845>, 0.100000
	pigment { color rgbt <1,0,0,0> }
	no_shadow
}

// particle -1
sphere {
	<26.865217, 34.811642, 35.722076> 0.100000
	pigment { color rgbt <1,0,0,0> }
	no_shadow
}
sphere {
	0, 1
	scale<0.080000,0.200000,0.300000>
	matrix <0.875237, -0.184665, 0.447057,
		-0.320421, 0.471014, 0.821874,
		-0.362342, -0.862580, 0.353078,
		26.756516, 34.552868, 35.827999>
	pigment { color rgbt <0,1,1,0> }
	no_shadow
}
cylinder {
	<27.303986, 35.190605, 36.334206>,  <27.010155, 35.156673, 35.580845>, 0.130000
	pigment { color rgbt <1,0,0,0> }
	no_shadow
}

// nucleotide -1

// particle -1
sphere {
	<27.303986, 35.190605, 36.334206> 0.250000
	pigment { color rgbt <1,0,0,0> }
	no_shadow
}
cylinder {
	<27.307783, 34.791809, 36.303421>,  <27.310062, 34.552532, 36.284950>, 0.100000
	pigment { color rgbt <1,0,0,0> }
	no_shadow
}
cylinder {
	<27.307783, 34.791809, 36.303421>,  <27.303986, 35.190605, 36.334206>, 0.100000
	pigment { color rgbt <1,0,0,0> }
	no_shadow
}

// particle -1
sphere {
	<27.307783, 34.791809, 36.303421> 0.100000
	pigment { color rgbt <1,0,0,0> }
	no_shadow
}
sphere {
	0, 1
	scale<0.080000,0.200000,0.300000>
	matrix <0.845211, -0.033128, 0.533405,
		-0.534349, -0.070116, 0.842351,
		0.009495, -0.996989, -0.076964,
		27.310631, 34.492714, 36.280331>
	pigment { color rgbt <0,1,1,0> }
	no_shadow
}
cylinder {
	<27.610252, 34.975407, 36.903980>,  <27.303986, 35.190605, 36.334206>, 0.130000
	pigment { color rgbt <1,0,0,0> }
	no_shadow
}

// nucleotide -1

// particle -1
sphere {
	<27.610252, 34.975407, 36.903980> 0.250000
	pigment { color rgbt <1,0,0,0> }
	no_shadow
}
cylinder {
	<27.666008, 34.648388, 36.680481>,  <27.699461, 34.452179, 36.546383>, 0.100000
	pigment { color rgbt <1,0,0,0> }
	no_shadow
}
cylinder {
	<27.666008, 34.648388, 36.680481>,  <27.610252, 34.975407, 36.903980>, 0.100000
	pigment { color rgbt <1,0,0,0> }
	no_shadow
}

// particle -1
sphere {
	<27.666008, 34.648388, 36.680481> 0.100000
	pigment { color rgbt <1,0,0,0> }
	no_shadow
}
sphere {
	0, 1
	scale<0.080000,0.200000,0.300000>
	matrix <0.793402, -0.245424, 0.557029,
		-0.592524, -0.520952, 0.614430,
		0.139390, -0.817543, -0.558744,
		27.707825, 34.403126, 36.512859>
	pigment { color rgbt <0,1,1,0> }
	no_shadow
}
cylinder {
	<27.942183, 34.591667, 37.347080>,  <27.610252, 34.975407, 36.903980>, 0.130000
	pigment { color rgbt <1,0,0,0> }
	no_shadow
}

// nucleotide -1

// particle -1
sphere {
	<27.942183, 34.591667, 37.347080> 0.250000
	pigment { color rgbt <1,0,0,0> }
	no_shadow
}
cylinder {
	<27.989632, 34.358181, 37.025784>,  <28.018101, 34.218090, 36.833004>, 0.100000
	pigment { color rgbt <1,0,0,0> }
	no_shadow
}
cylinder {
	<27.989632, 34.358181, 37.025784>,  <27.942183, 34.591667, 37.347080>, 0.100000
	pigment { color rgbt <1,0,0,0> }
	no_shadow
}

// particle -1
sphere {
	<27.989632, 34.358181, 37.025784> 0.100000
	pigment { color rgbt <1,0,0,0> }
	no_shadow
}
sphere {
	0, 1
	scale<0.080000,0.200000,0.300000>
	matrix <0.770077, -0.456596, 0.445535,
		-0.626825, -0.671411, 0.395345,
		0.118624, -0.583718, -0.803244,
		28.025219, 34.183067, 36.784809>
	pigment { color rgbt <0,1,1,0> }
	no_shadow
}
cylinder {
	<27.968027, 33.835670, 37.548550>,  <27.942183, 34.591667, 37.347080>, 0.130000
	pigment { color rgbt <1,0,0,0> }
	no_shadow
}

// nucleotide -1

// particle -1
sphere {
	<27.968027, 33.835670, 37.548550> 0.250000
	pigment { color rgbt <1,0,0,0> }
	no_shadow
}
cylinder {
	<28.200758, 33.916744, 37.233490>,  <28.340397, 33.965389, 37.044453>, 0.100000
	pigment { color rgbt <1,0,0,0> }
	no_shadow
}
cylinder {
	<28.200758, 33.916744, 37.233490>,  <27.968027, 33.835670, 37.548550>, 0.100000
	pigment { color rgbt <1,0,0,0> }
	no_shadow
}

// particle -1
sphere {
	<28.200758, 33.916744, 37.233490> 0.100000
	pigment { color rgbt <1,0,0,0> }
	no_shadow
}
sphere {
	0, 1
	scale<0.080000,0.200000,0.300000>
	matrix <0.790734, -0.367585, 0.489511,
		-0.190312, -0.907634, -0.374141,
		0.581825, 0.202687, -0.787653,
		28.375305, 33.977551, 36.997192>
	pigment { color rgbt <0,1,1,0> }
	no_shadow
}
cylinder {
	<28.453249, 33.294975, 37.362640>,  <27.968027, 33.835670, 37.548550>, 0.130000
	pigment { color rgbt <1,0,0,0> }
	no_shadow
}

// nucleotide -1

// particle -1
sphere {
	<28.453249, 33.294975, 37.362640> 0.250000
	pigment { color rgbt <1,0,0,0> }
	no_shadow
}
cylinder {
	<28.604795, 33.645615, 37.243954>,  <28.695723, 33.855999, 37.172741>, 0.100000
	pigment { color rgbt <1,0,0,0> }
	no_shadow
}
cylinder {
	<28.604795, 33.645615, 37.243954>,  <28.453249, 33.294975, 37.362640>, 0.100000
	pigment { color rgbt <1,0,0,0> }
	no_shadow
}

// particle -1
sphere {
	<28.604795, 33.645615, 37.243954> 0.100000
	pigment { color rgbt <1,0,0,0> }
	no_shadow
}
sphere {
	0, 1
	scale<0.080000,0.200000,0.300000>
	matrix <0.867768, -0.225075, 0.443080,
		0.321620, -0.425345, -0.845956,
		0.378866, 0.876597, -0.296712,
		28.718454, 33.908592, 37.154942>
	pigment { color rgbt <0,1,1,0> }
	no_shadow
}
cylinder {
	<29.082132, 33.228733, 36.989517>,  <28.453249, 33.294975, 37.362640>, 0.130000
	pigment { color rgbt <1,0,0,0> }
	no_shadow
}

// nucleotide -1

// particle -1
sphere {
	<29.082132, 33.228733, 36.989517> 0.250000
	pigment { color rgbt <1,0,0,0> }
	no_shadow
}
cylinder {
	<29.072498, 33.591732, 37.157261>,  <29.066717, 33.809532, 37.257908>, 0.100000
	pigment { color rgbt <1,0,0,0> }
	no_shadow
}
cylinder {
	<29.072498, 33.591732, 37.157261>,  <29.082132, 33.228733, 36.989517>, 0.100000
	pigment { color rgbt <1,0,0,0> }
	no_shadow
}

// particle -1
sphere {
	<29.072498, 33.591732, 37.157261> 0.100000
	pigment { color rgbt <1,0,0,0> }
	no_shadow
}
sphere {
	0, 1
	scale<0.080000,0.200000,0.300000>
	matrix <0.942667, -0.119054, 0.311778,
		0.332865, 0.402826, -0.852603,
		-0.024086, 0.907500, 0.419360,
		29.065273, 33.863983, 37.283070>
	pigment { color rgbt <0,1,1,0> }
	no_shadow
}
cylinder {
	<28.968988, 32.766327, 36.514984>,  <29.082132, 33.228733, 36.989517>, 0.130000
	pigment { color rgbt <1,0,0,0> }
	no_shadow
}

// nucleotide -1

// particle -1
sphere {
	<28.968988, 32.766327, 36.514984> 0.250000
	pigment { color rgbt <1,0,0,0> }
	no_shadow
}
cylinder {
	<29.348288, 32.889919, 36.485703>,  <29.575867, 32.964073, 36.468132>, 0.100000
	pigment { color rgbt <1,0,0,0> }
	no_shadow
}
cylinder {
	<29.348288, 32.889919, 36.485703>,  <28.968988, 32.766327, 36.514984>, 0.100000
	pigment { color rgbt <1,0,0,0> }
	no_shadow
}

// particle -1
sphere {
	<29.348288, 32.889919, 36.485703> 0.100000
	pigment { color rgbt <1,0,0,0> }
	no_shadow
}
sphere {
	0, 1
	scale<0.080000,0.200000,0.300000>
	matrix <-0.092402, 0.047944, -0.994567,
		-0.303791, 0.949859, 0.074013,
		0.948247, 0.308980, -0.073204,
		29.632761, 32.982613, 36.463741>
	pigment { color rgbt <0,1,1,0> }
	no_shadow
}
cylinder {
	<29.025700, 33.426826, 36.085102>,  <28.968988, 32.766327, 36.514984>, 0.130000
	pigment { color rgbt <1,0,0,0> }
	no_shadow
}

// nucleotide -1

// particle -1
sphere {
	<29.025700, 33.426826, 36.085102> 0.250000
	pigment { color rgbt <1,0,0,0> }
	no_shadow
}
cylinder {
	<29.365232, 33.215374, 36.082802>,  <29.568953, 33.088501, 36.081421>, 0.100000
	pigment { color rgbt <1,0,0,0> }
	no_shadow
}
cylinder {
	<29.365232, 33.215374, 36.082802>,  <29.025700, 33.426826, 36.085102>, 0.100000
	pigment { color rgbt <1,0,0,0> }
	no_shadow
}

// particle -1
sphere {
	<29.365232, 33.215374, 36.082802> 0.100000
	pigment { color rgbt <1,0,0,0> }
	no_shadow
}
sphere {
	0, 1
	scale<0.080000,0.200000,0.300000>
	matrix <0.047601, 0.087250, -0.995049,
		0.526518, 0.844354, 0.099224,
		0.848831, -0.528634, -0.005747,
		29.619883, 33.056786, 36.081078>
	pigment { color rgbt <0,1,1,0> }
	no_shadow
}
cylinder {
	<29.626759, 33.808434, 35.819767>,  <29.025700, 33.426826, 36.085102>, 0.130000
	pigment { color rgbt <1,0,0,0> }
	no_shadow
}

// nucleotide -1

// particle -1
sphere {
	<29.626759, 33.808434, 35.819767> 0.250000
	pigment { color rgbt <1,0,0,0> }
	no_shadow
}
cylinder {
	<29.580091, 33.424049, 35.719418>,  <29.552092, 33.193417, 35.659206>, 0.100000
	pigment { color rgbt <1,0,0,0> }
	no_shadow
}
cylinder {
	<29.580091, 33.424049, 35.719418>,  <29.626759, 33.808434, 35.819767>, 0.100000
	pigment { color rgbt <1,0,0,0> }
	no_shadow
}

// particle -1
sphere {
	<29.580091, 33.424049, 35.719418> 0.100000
	pigment { color rgbt <1,0,0,0> }
	no_shadow
}
sphere {
	0, 1
	scale<0.080000,0.200000,0.300000>
	matrix <0.018763, 0.250424, -0.967955,
		0.992994, -0.117635, -0.011185,
		-0.116666, -0.960963, -0.250876,
		29.545092, 33.135761, 35.644154>
	pigment { color rgbt <0,1,1,0> }
	no_shadow
}
cylinder {
	<28.959414, 34.235123, 35.867889>,  <29.626759, 33.808434, 35.819767>, 0.130000
	pigment { color rgbt <1,0,0,0> }
	no_shadow
}

// nucleotide -1

// particle -1
sphere {
	<28.959414, 34.235123, 35.867889> 0.250000
	pigment { color rgbt <1,0,0,0> }
	no_shadow
}
cylinder {
	<28.772736, 34.128078, 36.205074>,  <28.660728, 34.063854, 36.407387>, 0.100000
	pigment { color rgbt <1,0,0,0> }
	no_shadow
}
cylinder {
	<28.772736, 34.128078, 36.205074>,  <28.959414, 34.235123, 35.867889>, 0.100000
	pigment { color rgbt <1,0,0,0> }
	no_shadow
}

// particle -1
sphere {
	<28.772736, 34.128078, 36.205074> 0.100000
	pigment { color rgbt <1,0,0,0> }
	no_shadow
}
sphere {
	0, 1
	scale<0.080000,0.200000,0.300000>
	matrix <-0.876167, 0.010002, -0.481903,
		0.120533, -0.963474, -0.239142,
		-0.466693, -0.267614, 0.842959,
		28.632727, 34.047798, 36.457962>
	pigment { color rgbt <0,1,1,0> }
	no_shadow
}
cylinder {
	<28.498190, 33.743355, 35.670769>,  <28.959414, 34.235123, 35.867889>, 0.130000
	pigment { color rgbt <1,0,0,0> }
	no_shadow
}

// nucleotide -1

// particle -1
sphere {
	<28.498190, 33.743355, 35.670769> 0.250000
	pigment { color rgbt <1,0,0,0> }
	no_shadow
}
cylinder {
	<28.344585, 33.894310, 36.007843>,  <28.252422, 33.984882, 36.210087>, 0.100000
	pigment { color rgbt <1,0,0,0> }
	no_shadow
}
cylinder {
	<28.344585, 33.894310, 36.007843>,  <28.498190, 33.743355, 35.670769>, 0.100000
	pigment { color rgbt <1,0,0,0> }
	no_shadow
}

// particle -1
sphere {
	<28.344585, 33.894310, 36.007843> 0.100000
	pigment { color rgbt <1,0,0,0> }
	no_shadow
}
sphere {
	0, 1
	scale<0.080000,0.200000,0.300000>
	matrix <-0.876789, 0.137049, -0.460932,
		-0.289440, -0.915857, 0.278263,
		-0.384013, 0.377390, 0.842681,
		28.229382, 34.007526, 36.260647>
	pigment { color rgbt <0,1,1,0> }
	no_shadow
}
cylinder {
	<27.831522, 33.416100, 35.753746>,  <28.498190, 33.743355, 35.670769>, 0.130000
	pigment { color rgbt <1,0,0,0> }
	no_shadow
}

// nucleotide -1

// particle -1
sphere {
	<27.831522, 33.416100, 35.753746> 0.250000
	pigment { color rgbt <1,0,0,0> }
	no_shadow
}
cylinder {
	<27.795046, 33.724312, 36.006084>,  <27.773161, 33.909237, 36.157490>, 0.100000
	pigment { color rgbt <1,0,0,0> }
	no_shadow
}
cylinder {
	<27.795046, 33.724312, 36.006084>,  <27.831522, 33.416100, 35.753746>, 0.100000
	pigment { color rgbt <1,0,0,0> }
	no_shadow
}

// particle -1
sphere {
	<27.795046, 33.724312, 36.006084> 0.100000
	pigment { color rgbt <1,0,0,0> }
	no_shadow
}
sphere {
	0, 1
	scale<0.080000,0.200000,0.300000>
	matrix <-0.986203, 0.018011, -0.164556,
		-0.138157, -0.637151, 0.758256,
		-0.091190, 0.770529, 0.630849,
		27.767689, 33.955471, 36.195339>
	pigment { color rgbt <0,1,1,0> }
	no_shadow
}
cylinder {
	<27.279623, 33.193932, 36.196346>,  <27.831522, 33.416100, 35.753746>, 0.130000
	pigment { color rgbt <1,0,0,0> }
	no_shadow
}

// nucleotide -1

// particle -1
sphere {
	<27.279623, 33.193932, 36.196346> 0.250000
	pigment { color rgbt <1,0,0,0> }
	no_shadow
}
cylinder {
	<27.301304, 33.592575, 36.171608>,  <27.314312, 33.831760, 36.156765>, 0.100000
	pigment { color rgbt <1,0,0,0> }
	no_shadow
}
cylinder {
	<27.301304, 33.592575, 36.171608>,  <27.279623, 33.193932, 36.196346>, 0.100000
	pigment { color rgbt <1,0,0,0> }
	no_shadow
}

// particle -1
sphere {
	<27.301304, 33.592575, 36.171608> 0.100000
	pigment { color rgbt <1,0,0,0> }
	no_shadow
}
sphere {
	0, 1
	scale<0.080000,0.200000,0.300000>
	matrix <-0.974677, 0.039349, -0.220129,
		-0.216950, 0.072214, 0.973508,
		0.054203, 0.996613, -0.061849,
		27.317564, 33.891560, 36.153053>
	pigment { color rgbt <0,1,1,0> }
	no_shadow
}
cylinder {
	<26.661772, 33.305279, 35.897793>,  <27.279623, 33.193932, 36.196346>, 0.130000
	pigment { color rgbt <1,0,0,0> }
	no_shadow
}

// nucleotide -1

// particle -1
sphere {
	<26.661772, 33.305279, 35.897793> 0.250000
	pigment { color rgbt <1,0,0,0> }
	no_shadow
}
cylinder {
	<26.772152, 33.666180, 36.030338>,  <26.838379, 33.882721, 36.109867>, 0.100000
	pigment { color rgbt <1,0,0,0> }
	no_shadow
}
cylinder {
	<26.772152, 33.666180, 36.030338>,  <26.661772, 33.305279, 35.897793>, 0.100000
	pigment { color rgbt <1,0,0,0> }
	no_shadow
}

// particle -1
sphere {
	<26.772152, 33.666180, 36.030338> 0.100000
	pigment { color rgbt <1,0,0,0> }
	no_shadow
}
sphere {
	0, 1
	scale<0.080000,0.200000,0.300000>
	matrix <-0.901882, 0.362261, -0.235320,
		-0.332357, -0.233914, 0.913687,
		0.275949, 0.902248, 0.331363,
		26.854937, 33.936855, 36.129745>
	pigment { color rgbt <0,1,1,0> }
	no_shadow
}
cylinder {
	<26.145826, 33.570316, 36.359219>,  <26.661772, 33.305279, 35.897793>, 0.130000
	pigment { color rgbt <1,0,0,0> }
	no_shadow
}

// nucleotide -1

// particle -1
sphere {
	<26.145826, 33.570316, 36.359219> 0.250000
	pigment { color rgbt <1,0,0,0> }
	no_shadow
}
cylinder {
	<26.346952, 33.886974, 36.220375>,  <26.467628, 34.076969, 36.137070>, 0.100000
	pigment { color rgbt <1,0,0,0> }
	no_shadow
}
cylinder {
	<26.346952, 33.886974, 36.220375>,  <26.145826, 33.570316, 36.359219>, 0.100000
	pigment { color rgbt <1,0,0,0> }
	no_shadow
}

// particle -1
sphere {
	<26.346952, 33.886974, 36.220375> 0.100000
	pigment { color rgbt <1,0,0,0> }
	no_shadow
}
sphere {
	0, 1
	scale<0.080000,0.200000,0.300000>
	matrix <-0.863832, 0.445721, -0.234790,
		-0.031157, 0.417897, 0.907960,
		0.502815, 0.791641, -0.347106,
		26.497797, 34.124466, 36.116245>
	pigment { color rgbt <0,1,1,0> }
	no_shadow
}
cylinder {
	<25.783545, 34.095993, 36.686031>,  <26.145826, 33.570316, 36.359219>, 0.130000
	pigment { color rgbt <1,0,0,0> }
	no_shadow
}

// nucleotide -1

// particle -1
sphere {
	<25.783545, 34.095993, 36.686031> 0.250000
	pigment { color rgbt <1,0,0,0> }
	no_shadow
}
cylinder {
	<25.965527, 34.227974, 36.355179>,  <26.074715, 34.307163, 36.156666>, 0.100000
	pigment { color rgbt <1,0,0,0> }
	no_shadow
}
cylinder {
	<25.965527, 34.227974, 36.355179>,  <25.783545, 34.095993, 36.686031>, 0.100000
	pigment { color rgbt <1,0,0,0> }
	no_shadow
}

// particle -1
sphere {
	<25.965527, 34.227974, 36.355179> 0.100000
	pigment { color rgbt <1,0,0,0> }
	no_shadow
}
sphere {
	0, 1
	scale<0.080000,0.200000,0.300000>
	matrix <-0.869530, 0.365046, -0.332654,
		0.192183, 0.870560, 0.452980,
		0.454954, 0.329949, -0.827134,
		26.102013, 34.326958, 36.107040>
	pigment { color rgbt <0,1,1,0> }
	no_shadow
}
cylinder {
	<25.563696, 34.827145, 36.559952>,  <25.783545, 34.095993, 36.686031>, 0.130000
	pigment { color rgbt <1,0,0,0> }
	no_shadow
}

// nucleotide -1

// particle -1
sphere {
	<25.563696, 34.827145, 36.559952> 0.250000
	pigment { color rgbt <1,0,0,0> }
	no_shadow
}
cylinder {
	<25.691362, 34.715679, 36.197632>,  <25.767963, 34.648800, 35.980240>, 0.100000
	pigment { color rgbt <1,0,0,0> }
	no_shadow
}
cylinder {
	<25.691362, 34.715679, 36.197632>,  <25.563696, 34.827145, 36.559952>, 0.100000
	pigment { color rgbt <1,0,0,0> }
	no_shadow
}

// particle -1
sphere {
	<25.691362, 34.715679, 36.197632> 0.100000
	pigment { color rgbt <1,0,0,0> }
	no_shadow
}
sphere {
	0, 1
	scale<0.080000,0.200000,0.300000>
	matrix <-0.747882, 0.512978, -0.421338,
		0.582069, 0.811911, -0.044683,
		0.319168, -0.278666, -0.905802,
		25.787113, 34.632080, 35.925892>
	pigment { color rgbt <0,1,1,0> }
	no_shadow
}
cylinder {
	<25.603151, 35.422352, 36.138657>,  <25.563696, 34.827145, 36.559952>, 0.130000
	pigment { color rgbt <1,0,0,0> }
	no_shadow
}

// nucleotide -1

// particle -1
sphere {
	<25.603151, 35.422352, 36.138657> 0.250000
	pigment { color rgbt <1,0,0,0> }
	no_shadow
}
cylinder {
	<25.561529, 35.126690, 35.872478>,  <25.536556, 34.949291, 35.712772>, 0.100000
	pigment { color rgbt <1,0,0,0> }
	no_shadow
}
cylinder {
	<25.561529, 35.126690, 35.872478>,  <25.603151, 35.422352, 36.138657>, 0.100000
	pigment { color rgbt <1,0,0,0> }
	no_shadow
}

// particle -1
sphere {
	<25.561529, 35.126690, 35.872478> 0.100000
	pigment { color rgbt <1,0,0,0> }
	no_shadow
}
sphere {
	0, 1
	scale<0.080000,0.200000,0.300000>
	matrix <-0.673227, 0.544838, -0.499917,
		0.732078, 0.395977, -0.554314,
		-0.104055, -0.739157, -0.665446,
		25.530312, 34.904942, 35.672844>
	pigment { color rgbt <0,1,1,0> }
	no_shadow
}
cylinder {
	<25.635878, 35.799355, 35.419228>,  <25.603151, 35.422352, 36.138657>, 0.130000
	pigment { color rgbt <1,0,0,0> }
	no_shadow
}

// nucleotide -1

// particle -1
sphere {
	<25.635878, 35.799355, 35.419228> 0.250000
	pigment { color rgbt <1,0,0,0> }
	no_shadow
}
cylinder {
	<25.440407, 35.451382, 35.392635>,  <25.323124, 35.242599, 35.376678>, 0.100000
	pigment { color rgbt <1,0,0,0> }
	no_shadow
}
cylinder {
	<25.440407, 35.451382, 35.392635>,  <25.635878, 35.799355, 35.419228>, 0.100000
	pigment { color rgbt <1,0,0,0> }
	no_shadow
}

// particle -1
sphere {
	<25.440407, 35.451382, 35.392635> 0.100000
	pigment { color rgbt <1,0,0,0> }
	no_shadow
}
sphere {
	0, 1
	scale<0.080000,0.200000,0.300000>
	matrix <-0.687627, 0.430928, -0.584355,
		0.536996, -0.239846, -0.808770,
		-0.488677, -0.869928, -0.066482,
		25.293804, 35.190403, 35.372692>
	pigment { color rgbt <0,1,1,0> }
	no_shadow
}
cylinder {
	<25.727772, 35.508080, 34.743763>,  <25.635878, 35.799355, 35.419228>, 0.130000
	pigment { color rgbt <1,0,0,0> }
	no_shadow
}

// nucleotide -1

// particle -1
sphere {
	<25.727772, 35.508080, 34.743763> 0.250000
	pigment { color rgbt <1,0,0,0> }
	no_shadow
}
cylinder {
	<25.369808, 35.439026, 34.908363>,  <25.155029, 35.397594, 35.007126>, 0.100000
	pigment { color rgbt <1,0,0,0> }
	no_shadow
}
cylinder {
	<25.369808, 35.439026, 34.908363>,  <25.727772, 35.508080, 34.743763>, 0.100000
	pigment { color rgbt <1,0,0,0> }
	no_shadow
}

// particle -1
sphere {
	<25.369808, 35.439026, 34.908363> 0.100000
	pigment { color rgbt <1,0,0,0> }
	no_shadow
}
sphere {
	0, 1
	scale<0.080000,0.200000,0.300000>
	matrix <-0.434387, 0.548186, -0.714702,
		-0.102199, -0.818346, -0.565567,
		-0.894910, -0.172634, 0.411503,
		25.101336, 35.387238, 35.031815>
	pigment { color rgbt <0,1,1,0> }
	no_shadow
}
cylinder {
	<25.214401, 35.057072, 34.330009>,  <25.727772, 35.508080, 34.743763>, 0.130000
	pigment { color rgbt <1,0,0,0> }
	no_shadow
}

// nucleotide -1

// particle -1
sphere {
	<25.214401, 35.057072, 34.330009> 0.250000
	pigment { color rgbt <1,0,0,0> }
	no_shadow
}
cylinder {
	<25.026100, 35.321358, 34.563881>,  <24.913118, 35.479931, 34.704205>, 0.100000
	pigment { color rgbt <1,0,0,0> }
	no_shadow
}
cylinder {
	<25.026100, 35.321358, 34.563881>,  <25.214401, 35.057072, 34.330009>, 0.100000
	pigment { color rgbt <1,0,0,0> }
	no_shadow
}

// particle -1
sphere {
	<25.026100, 35.321358, 34.563881> 0.100000
	pigment { color rgbt <1,0,0,0> }
	no_shadow
}
sphere {
	0, 1
	scale<0.080000,0.200000,0.300000>
	matrix <-0.520051, 0.327526, -0.788843,
		-0.712698, -0.675412, 0.189422,
		-0.470754, 0.660716, 0.584676,
		24.884874, 35.519573, 34.739285>
	pigment { color rgbt <0,1,1,0> }
	no_shadow
}
cylinder {
	<25.293131, 35.452133, 33.697281>,  <25.214401, 35.057072, 34.330009>, 0.130000
	pigment { color rgbt <1,0,0,0> }
	no_shadow
}

// nucleotide -1

// particle -1
sphere {
	<25.293131, 35.452133, 33.697281> 0.250000
	pigment { color rgbt <1,0,0,0> }
	no_shadow
}
cylinder {
	<24.934700, 35.565449, 33.560581>,  <24.719641, 35.633438, 33.478561>, 0.100000
	pigment { color rgbt <1,0,0,0> }
	no_shadow
}
cylinder {
	<24.934700, 35.565449, 33.560581>,  <25.293131, 35.452133, 33.697281>, 0.100000
	pigment { color rgbt <1,0,0,0> }
	no_shadow
}

// particle -1
sphere {
	<24.934700, 35.565449, 33.560581> 0.100000
	pigment { color rgbt <1,0,0,0> }
	no_shadow
}
sphere {
	0, 1
	scale<0.080000,0.200000,0.300000>
	matrix <0.429686, 0.746808, -0.507590,
		0.111421, -0.601683, -0.790925,
		-0.896078, 0.283294, -0.341745,
		24.665876, 35.650436, 33.458057>
	pigment { color rgbt <0,1,1,0> }
	no_shadow
}
cylinder {
	<25.244936, 35.529213, 32.942802>,  <25.293131, 35.452133, 33.697281>, 0.130000
	pigment { color rgbt <1,0,0,0> }
	no_shadow
}

// nucleotide -1

// particle -1
sphere {
	<25.244936, 35.529213, 32.942802> 0.250000
	pigment { color rgbt <1,0,0,0> }
	no_shadow
}
cylinder {
	<24.989048, 35.783077, 33.116219>,  <24.835516, 35.935398, 33.220268>, 0.100000
	pigment { color rgbt <1,0,0,0> }
	no_shadow
}
cylinder {
	<24.989048, 35.783077, 33.116219>,  <25.244936, 35.529213, 32.942802>, 0.100000
	pigment { color rgbt <1,0,0,0> }
	no_shadow
}

// particle -1
sphere {
	<24.989048, 35.783077, 33.116219> 0.100000
	pigment { color rgbt <1,0,0,0> }
	no_shadow
}
sphere {
	0, 1
	scale<0.080000,0.200000,0.300000>
	matrix <0.515524, 0.772671, -0.370425,
		-0.570083, -0.013465, -0.821477,
		-0.639719, 0.634664, 0.433545,
		24.797132, 35.973476, 33.246281>
	pigment { color rgbt <0,1,1,0> }
	no_shadow
}
cylinder {
	<25.107199, 36.206745, 32.626949>,  <25.244936, 35.529213, 32.942802>, 0.130000
	pigment { color rgbt <1,0,0,0> }
	no_shadow
}

// nucleotide -1

// particle -1
sphere {
	<25.107199, 36.206745, 32.626949> 0.250000
	pigment { color rgbt <1,0,0,0> }
	no_shadow
}
cylinder {
	<25.054333, 36.256367, 33.020325>,  <25.022614, 36.286140, 33.256348>, 0.100000
	pigment { color rgbt <1,0,0,0> }
	no_shadow
}
cylinder {
	<25.054333, 36.256367, 33.020325>,  <25.107199, 36.206745, 32.626949>, 0.100000
	pigment { color rgbt <1,0,0,0> }
	no_shadow
}

// particle -1
sphere {
	<25.054333, 36.256367, 33.020325> 0.100000
	pigment { color rgbt <1,0,0,0> }
	no_shadow
}
sphere {
	0, 1
	scale<0.080000,0.200000,0.300000>
	matrix <0.667502, 0.744596, -0.004216,
		-0.732785, 0.655887, -0.181215,
		-0.132167, 0.124051, 0.983434,
		25.014683, 36.293583, 33.315353>
	pigment { color rgbt <0,1,1,0> }
	no_shadow
}
cylinder {
	<25.102339, 36.877903, 32.751740>,  <25.107199, 36.206745, 32.626949>, 0.130000
	pigment { color rgbt <1,0,0,0> }
	no_shadow
}

// nucleotide -1

// particle -1
sphere {
	<25.102339, 36.877903, 32.751740> 0.250000
	pigment { color rgbt <1,0,0,0> }
	no_shadow
}
cylinder {
	<25.178577, 36.705750, 33.104656>,  <25.224321, 36.602459, 33.316406>, 0.100000
	pigment { color rgbt <1,0,0,0> }
	no_shadow
}
cylinder {
	<25.178577, 36.705750, 33.104656>,  <25.102339, 36.877903, 32.751740>, 0.100000
	pigment { color rgbt <1,0,0,0> }
	no_shadow
}

// particle -1
sphere {
	<25.178577, 36.705750, 33.104656> 0.100000
	pigment { color rgbt <1,0,0,0> }
	no_shadow
}
sphere {
	0, 1
	scale<0.080000,0.200000,0.300000>
	matrix <0.648481, 0.729948, 0.215981,
		-0.736984, 0.530986, 0.418221,
		0.190597, -0.430383, 0.882294,
		25.235756, 36.576633, 33.369343>
	pigment { color rgbt <0,1,1,0> }
	no_shadow
}
cylinder {
	<24.933109, 37.285931, 33.367081>,  <25.102339, 36.877903, 32.751740>, 0.130000
	pigment { color rgbt <1,0,0,0> }
	no_shadow
}

// nucleotide -1

// particle -1
sphere {
	<24.933109, 37.285931, 33.367081> 0.250000
	pigment { color rgbt <1,0,0,0> }
	no_shadow
}
cylinder {
	<25.233183, 37.032425, 33.442516>,  <25.413227, 36.880322, 33.487778>, 0.100000
	pigment { color rgbt <1,0,0,0> }
	no_shadow
}
cylinder {
	<25.233183, 37.032425, 33.442516>,  <24.933109, 37.285931, 33.367081>, 0.100000
	pigment { color rgbt <1,0,0,0> }
	no_shadow
}

// particle -1
sphere {
	<25.233183, 37.032425, 33.442516> 0.100000
	pigment { color rgbt <1,0,0,0> }
	no_shadow
}
sphere {
	0, 1
	scale<0.080000,0.200000,0.300000>
	matrix <0.604809, 0.772953, 0.191704,
		-0.267266, -0.029752, 0.963163,
		0.750183, -0.633766, 0.188590,
		25.458239, 36.842297, 33.499092>
	pigment { color rgbt <0,1,1,0> }
	no_shadow
}
cylinder {
	<25.243929, 37.480209, 34.051651>,  <24.933109, 37.285931, 33.367081>, 0.130000
	pigment { color rgbt <1,0,0,0> }
	no_shadow
}

// nucleotide -1

// particle -1
sphere {
	<25.243929, 37.480209, 34.051651> 0.250000
	pigment { color rgbt <1,0,0,0> }
	no_shadow
}
cylinder {
	<25.514397, 37.298092, 33.819962>,  <25.676678, 37.188820, 33.680946>, 0.100000
	pigment { color rgbt <1,0,0,0> }
	no_shadow
}
cylinder {
	<25.514397, 37.298092, 33.819962>,  <25.243929, 37.480209, 34.051651>, 0.100000
	pigment { color rgbt <1,0,0,0> }
	no_shadow
}

// particle -1
sphere {
	<25.514397, 37.298092, 33.819962> 0.100000
	pigment { color rgbt <1,0,0,0> }
	no_shadow
}
sphere {
	0, 1
	scale<0.080000,0.200000,0.300000>
	matrix <0.629592, 0.765400, 0.133327,
		0.382634, -0.454826, 0.804192,
		0.676169, -0.455298, -0.579223,
		25.717247, 37.161503, 33.646194>
	pigment { color rgbt <0,1,1,0> }
	no_shadow
}
cylinder {
	<25.922140, 37.511349, 34.371109>,  <25.243929, 37.480209, 34.051651>, 0.130000
	pigment { color rgbt <1,0,0,0> }
	no_shadow
}

// nucleotide -1

// particle -1
sphere {
	<25.922140, 37.511349, 34.371109> 0.250000
	pigment { color rgbt <1,0,0,0> }
	no_shadow
}
cylinder {
	<25.959433, 37.486885, 33.973602>,  <25.981808, 37.472206, 33.735100>, 0.100000
	pigment { color rgbt <1,0,0,0> }
	no_shadow
}
cylinder {
	<25.959433, 37.486885, 33.973602>,  <25.922140, 37.511349, 34.371109>, 0.100000
	pigment { color rgbt <1,0,0,0> }
	no_shadow
}

// particle -1
sphere {
	<25.959433, 37.486885, 33.973602> 0.100000
	pigment { color rgbt <1,0,0,0> }
	no_shadow
}
sphere {
	0, 1
	scale<0.080000,0.200000,0.300000>
	matrix <0.698235, 0.715547, 0.021469,
		0.709772, -0.695882, 0.109416,
		0.093232, -0.061159, -0.993764,
		25.987402, 37.468536, 33.675472>
	pigment { color rgbt <0,1,1,0> }
	no_shadow
}
cylinder {
	<26.341375, 38.105408, 34.749500>,  <25.922140, 37.511349, 34.371109>, 0.130000
	pigment { color rgbt <1,0,0,0> }
	no_shadow
}

// nucleotide -1

// particle -1
sphere {
	<26.341375, 38.105408, 34.749500> 0.250000
	pigment { color rgbt <1,0,0,0> }
	no_shadow
}
cylinder {
	<26.693428, 38.028980, 34.575668>,  <26.904659, 37.983124, 34.471367>, 0.100000
	pigment { color rgbt <1,0,0,0> }
	no_shadow
}
cylinder {
	<26.693428, 38.028980, 34.575668>,  <26.341375, 38.105408, 34.749500>, 0.100000
	pigment { color rgbt <1,0,0,0> }
	no_shadow
}

// particle -1
sphere {
	<26.693428, 38.028980, 34.575668> 0.100000
	pigment { color rgbt <1,0,0,0> }
	no_shadow
}
sphere {
	0, 1
	scale<0.080000,0.200000,0.300000>
	matrix <-0.393201, -0.806347, -0.441811,
		-0.266008, 0.559730, -0.784820,
		0.880132, -0.191067, -0.434581,
		26.957468, 37.971661, 34.445293>
	pigment { color rgbt <0,1,1,0> }
	no_shadow
}
cylinder {
	<26.197329, 38.137436, 33.922016>,  <26.341375, 38.105408, 34.749500>, 0.130000
	pigment { color rgbt <1,0,0,0> }
	no_shadow
}

// nucleotide -1

// particle -1
sphere {
	<26.197329, 38.137436, 33.922016> 0.250000
	pigment { color rgbt <1,0,0,0> }
	no_shadow
}
cylinder {
	<26.489517, 37.898766, 34.054916>,  <26.664831, 37.755566, 34.134655>, 0.100000
	pigment { color rgbt <1,0,0,0> }
	no_shadow
}
cylinder {
	<26.489517, 37.898766, 34.054916>,  <26.197329, 38.137436, 33.922016>, 0.100000
	pigment { color rgbt <1,0,0,0> }
	no_shadow
}

// particle -1
sphere {
	<26.489517, 37.898766, 34.054916> 0.100000
	pigment { color rgbt <1,0,0,0> }
	no_shadow
}
sphere {
	0, 1
	scale<0.080000,0.200000,0.300000>
	matrix <-0.420268, -0.776209, -0.469973,
		0.538316, 0.203669, -0.817762,
		0.730473, -0.596673, 0.332250,
		26.708660, 37.719765, 34.154591>
	pigment { color rgbt <0,1,1,0> }
	no_shadow
}
cylinder {
	<26.428719, 37.761303, 33.333443>,  <26.197329, 38.137436, 33.922016>, 0.130000
	pigment { color rgbt <1,0,0,0> }
	no_shadow
}

// nucleotide -1

// particle -1
sphere {
	<26.428719, 37.761303, 33.333443> 0.250000
	pigment { color rgbt <1,0,0,0> }
	no_shadow
}
cylinder {
	<26.492096, 37.543148, 33.662670>,  <26.530123, 37.412254, 33.860207>, 0.100000
	pigment { color rgbt <1,0,0,0> }
	no_shadow
}
cylinder {
	<26.492096, 37.543148, 33.662670>,  <26.428719, 37.761303, 33.333443>, 0.100000
	pigment { color rgbt <1,0,0,0> }
	no_shadow
}

// particle -1
sphere {
	<26.492096, 37.543148, 33.662670> 0.100000
	pigment { color rgbt <1,0,0,0> }
	no_shadow
}
sphere {
	0, 1
	scale<0.080000,0.200000,0.300000>
	matrix <-0.446448, -0.783094, -0.432953,
		0.880670, -0.298861, -0.367563,
		0.158443, -0.545386, 0.823073,
		26.539629, 37.379532, 33.909592>
	pigment { color rgbt <0,1,1,0> }
	no_shadow
}
cylinder {
	<26.704086, 37.146130, 33.053150>,  <26.428719, 37.761303, 33.333443>, 0.130000
	pigment { color rgbt <1,0,0,0> }
	no_shadow
}

// nucleotide -1

// particle -1
sphere {
	<26.704086, 37.146130, 33.053150> 0.250000
	pigment { color rgbt <1,0,0,0> }
	no_shadow
}
cylinder {
	<26.536837, 37.084785, 33.411289>,  <26.436487, 37.047977, 33.626175>, 0.100000
	pigment { color rgbt <1,0,0,0> }
	no_shadow
}
cylinder {
	<26.536837, 37.084785, 33.411289>,  <26.704086, 37.146130, 33.053150>, 0.100000
	pigment { color rgbt <1,0,0,0> }
	no_shadow
}

// particle -1
sphere {
	<26.536837, 37.084785, 33.411289> 0.100000
	pigment { color rgbt <1,0,0,0> }
	no_shadow
}
sphere {
	0, 1
	scale<0.080000,0.200000,0.300000>
	matrix <-0.646825, -0.641780, -0.411990,
		0.637802, -0.751398, 0.169145,
		-0.418122, -0.153361, 0.895352,
		26.411400, 37.038776, 33.679893>
	pigment { color rgbt <0,1,1,0> }
	no_shadow
}
cylinder {
	<26.584002, 36.481998, 33.130890>,  <26.704086, 37.146130, 33.053150>, 0.130000
	pigment { color rgbt <1,0,0,0> }
	no_shadow
}

// nucleotide -1

// particle -1
sphere {
	<26.584002, 36.481998, 33.130890> 0.250000
	pigment { color rgbt <1,0,0,0> }
	no_shadow
}
cylinder {
	<26.318645, 36.688717, 33.347347>,  <26.159431, 36.812748, 33.477222>, 0.100000
	pigment { color rgbt <1,0,0,0> }
	no_shadow
}
cylinder {
	<26.318645, 36.688717, 33.347347>,  <26.584002, 36.481998, 33.130890>, 0.100000
	pigment { color rgbt <1,0,0,0> }
	no_shadow
}

// particle -1
sphere {
	<26.318645, 36.688717, 33.347347> 0.100000
	pigment { color rgbt <1,0,0,0> }
	no_shadow
}
sphere {
	0, 1
	scale<0.080000,0.200000,0.300000>
	matrix <-0.718301, -0.642454, -0.267015,
		0.209666, -0.565837, 0.797414,
		-0.663389, 0.516799, 0.541142,
		26.119629, 36.843758, 33.509689>
	pigment { color rgbt <0,1,1,0> }
	no_shadow
}
cylinder {
	<26.389088, 36.029396, 33.698608>,  <26.584002, 36.481998, 33.130890>, 0.130000
	pigment { color rgbt <1,0,0,0> }
	no_shadow
}

// nucleotide -1

// particle -1
sphere {
	<26.389088, 36.029396, 33.698608> 0.250000
	pigment { color rgbt <1,0,0,0> }
	no_shadow
}
cylinder {
	<26.105795, 36.293327, 33.598183>,  <25.935820, 36.451687, 33.537926>, 0.100000
	pigment { color rgbt <1,0,0,0> }
	no_shadow
}
cylinder {
	<26.105795, 36.293327, 33.598183>,  <26.389088, 36.029396, 33.698608>, 0.100000
	pigment { color rgbt <1,0,0,0> }
	no_shadow
}

// particle -1
sphere {
	<26.105795, 36.293327, 33.598183> 0.100000
	pigment { color rgbt <1,0,0,0> }
	no_shadow
}
sphere {
	0, 1
	scale<0.080000,0.200000,0.300000>
	matrix <-0.666616, -0.742117, -0.069897,
		-0.232440, 0.117861, 0.965443,
		-0.708234, 0.659826, -0.251066,
		25.893324, 36.491276, 33.522861>
	pigment { color rgbt <0,1,1,0> }
	no_shadow
}
cylinder {
	<25.878897, 35.927994, 34.145790>,  <26.389088, 36.029396, 33.698608>, 0.130000
	pigment { color rgbt <1,0,0,0> }
	no_shadow
}

// nucleotide -1

// particle -1
sphere {
	<25.878897, 35.927994, 34.145790> 0.250000
	pigment { color rgbt <1,0,0,0> }
	no_shadow
}
cylinder {
	<25.755886, 36.077980, 33.795971>,  <25.682079, 36.167973, 33.586079>, 0.100000
	pigment { color rgbt <1,0,0,0> }
	no_shadow
}
cylinder {
	<25.755886, 36.077980, 33.795971>,  <25.878897, 35.927994, 34.145790>, 0.100000
	pigment { color rgbt <1,0,0,0> }
	no_shadow
}

// particle -1
sphere {
	<25.755886, 36.077980, 33.795971> 0.100000
	pigment { color rgbt <1,0,0,0> }
	no_shadow
}
sphere {
	0, 1
	scale<0.080000,0.200000,0.300000>
	matrix <-0.611333, -0.782164, -0.120381,
		-0.729176, 0.497618, 0.469764,
		-0.307529, 0.374962, -0.874545,
		25.663628, 36.190468, 33.533607>
	pigment { color rgbt <0,1,1,0> }
	no_shadow
}
cylinder {
	<25.046850, 36.138565, 34.065620>,  <25.878897, 35.927994, 34.145790>, 0.130000
	pigment { color rgbt <1,0,0,0> }
	no_shadow
}

// nucleotide -1

// particle -1
sphere {
	<25.046850, 36.138565, 34.065620> 0.250000
	pigment { color rgbt <1,0,0,0> }
	no_shadow
}
cylinder {
	<25.203196, 36.049187, 33.708454>,  <25.297003, 35.995560, 33.494156>, 0.100000
	pigment { color rgbt <1,0,0,0> }
	no_shadow
}
cylinder {
	<25.203196, 36.049187, 33.708454>,  <25.046850, 36.138565, 34.065620>, 0.100000
	pigment { color rgbt <1,0,0,0> }
	no_shadow
}

// particle -1
sphere {
	<25.203196, 36.049187, 33.708454> 0.100000
	pigment { color rgbt <1,0,0,0> }
	no_shadow
}
sphere {
	0, 1
	scale<0.080000,0.200000,0.300000>
