// switches for output
#declare DRAW_BASES = 1; // possible values are 0, 1; only relevant for DNA ribbons
#declare DRAW_BASES_TYPE = 3; // possible values are 1, 2, 3; only relevant for DNA ribbons
#declare DRAW_FOG = 0; // set to 1 to enable fog

#include "colors.inc"

#include "transforms.inc"
background { rgb <1, 1, 1>}

#default {
   normal{
       ripples 0.25
       frequency 0.20
       turbulence 0.2
       lambda 5
   }
	finish {
		phong 0.1
		phong_size 40.
	}
}

// original window dimensions: 1024x640


// camera settings

camera {
	sky <0, 0.179814, -0.983701>
	up <0, 0.179814, -0.983701>
	right 1.6 * <1, 0, 0>
	location <35, 94.9851, 44.8844>
	look_at <35, 29.7336, 32.9568>
	direction <0, -65.2515, -11.9276>
	angle 67.0682
}


# declare cpy_camera_pos = <35, 94.9851, 44.8844>;
# if (DRAW_FOG = 1)
fog {
	fog_type 2
	up vnormalize(cpy_camera_pos)
	color rgbt<1,1,1,0.3>
	distance 1e-5
	fog_alt 3e-3
	fog_offset 56
}
# end


// LIGHTS

# declare lum = 6;
global_settings {
	ambient_light rgb lum * <0.05, 0.05, 0.05>
	max_trace_level 15
}# declare cpy_direct_light_amount = 0.25;
light_source
{	1000 * <-1, -1.16352, -0.803886>,
	rgb lum * cpy_direct_light_amount
	parallel
}

light_source
{	1000 * <1, 1.16352, 0.803886>,
	rgb lum * cpy_direct_light_amount
	parallel
}

// strand 0

// nucleotide -1

// particle -1
sphere {
	<24.335060, 35.259102, 35.360691> 0.250000
	pigment { color rgbt <1,0,0,0> }
	no_shadow
}
cylinder {
	<24.292318, 34.927551, 35.141041>,  <24.266674, 34.728619, 35.009251>, 0.100000
	pigment { color rgbt <1,0,0,0> }
	no_shadow
}
cylinder {
	<24.292318, 34.927551, 35.141041>,  <24.335060, 35.259102, 35.360691>, 0.100000
	pigment { color rgbt <1,0,0,0> }
	no_shadow
}

// particle -1
sphere {
	<24.292318, 34.927551, 35.141041> 0.100000
	pigment { color rgbt <1,0,0,0> }
	no_shadow
}
sphere {
	0, 1
	scale<0.080000,0.200000,0.300000>
	matrix <0.613365, 0.379724, -0.692527,
		0.782538, -0.410814, 0.467831,
		-0.106853, -0.828880, -0.549127,
		24.260262, 34.678886, 34.976303>
	pigment { color rgbt <0,1,1,0> }
	no_shadow
}
cylinder {
	<24.994490, 34.968796, 35.093666>,  <24.335060, 35.259102, 35.360691>, 0.130000
	pigment { color rgbt <1,0,0,0> }
	no_shadow
}

// nucleotide -1

// particle -1
sphere {
	<24.994490, 34.968796, 35.093666> 0.250000
	pigment { color rgbt <1,0,0,0> }
	no_shadow
}
cylinder {
	<24.706520, 34.853077, 34.841312>,  <24.533739, 34.783646, 34.689899>, 0.100000
	pigment { color rgbt <1,0,0,0> }
	no_shadow
}
cylinder {
	<24.706520, 34.853077, 34.841312>,  <24.994490, 34.968796, 35.093666>, 0.100000
	pigment { color rgbt <1,0,0,0> }
	no_shadow
}

// particle -1
sphere {
	<24.706520, 34.853077, 34.841312> 0.100000
	pigment { color rgbt <1,0,0,0> }
	no_shadow
}
sphere {
	0, 1
	scale<0.080000,0.200000,0.300000>
	matrix <0.582046, 0.243493, -0.775844,
		0.378064, -0.925754, -0.006913,
		-0.719924, -0.289295, -0.630887,
		24.490543, 34.766289, 34.652046>
	pigment { color rgbt <0,1,1,0> }
	no_shadow
}
cylinder {
	<25.283070, 34.678360, 34.558887>,  <24.994490, 34.968796, 35.093666>, 0.130000
	pigment { color rgbt <1,0,0,0> }
	no_shadow
}

// nucleotide -1

// particle -1
sphere {
	<25.283070, 34.678360, 34.558887> 0.250000
	pigment { color rgbt <1,0,0,0> }
	no_shadow
}
cylinder {
	<24.923119, 34.808186, 34.442356>,  <24.707148, 34.886082, 34.372437>, 0.100000
	pigment { color rgbt <1,0,0,0> }
	no_shadow
}
cylinder {
	<24.923119, 34.808186, 34.442356>,  <25.283070, 34.678360, 34.558887>, 0.100000
	pigment { color rgbt <1,0,0,0> }
	no_shadow
}

// particle -1
sphere {
	<24.923119, 34.808186, 34.442356> 0.100000
	pigment { color rgbt <1,0,0,0> }
	no_shadow
}
sphere {
	0, 1
	scale<0.080000,0.200000,0.300000>
	matrix <0.424104, 0.495362, -0.758124,
		-0.101744, -0.805776, -0.583414,
		-0.899880, 0.324563, -0.291333,
		24.653154, 34.905556, 34.354958>
	pigment { color rgbt <0,1,1,0> }
	no_shadow
}
cylinder {
	<25.107996, 34.357700, 33.910126>,  <25.283070, 34.678360, 34.558887>, 0.130000
	pigment { color rgbt <1,0,0,0> }
	no_shadow
}

// nucleotide -1

// particle -1
sphere {
	<25.107996, 34.357700, 33.910126> 0.250000
	pigment { color rgbt <1,0,0,0> }
	no_shadow
}
cylinder {
	<24.991369, 34.734585, 33.976128>,  <24.921392, 34.960716, 34.015728>, 0.100000
	pigment { color rgbt <1,0,0,0> }
	no_shadow
}
cylinder {
	<24.991369, 34.734585, 33.976128>,  <25.107996, 34.357700, 33.910126>, 0.100000
	pigment { color rgbt <1,0,0,0> }
	no_shadow
}

// particle -1
sphere {
	<24.991369, 34.734585, 33.976128> 0.100000
	pigment { color rgbt <1,0,0,0> }
	no_shadow
}
sphere {
	0, 1
	scale<0.080000,0.200000,0.300000>
	matrix <0.719490, 0.329694, -0.611257,
		-0.630335, -0.059502, -0.774040,
		-0.291567, 0.942211, 0.165006,
		24.903898, 35.017246, 34.025631>
	pigment { color rgbt <0,1,1,0> }
	no_shadow
}
cylinder {
	<24.906858, 34.636608, 33.151451>,  <25.107996, 34.357700, 33.910126>, 0.130000
	pigment { color rgbt <1,0,0,0> }
	no_shadow
}

// nucleotide -1

// particle -1
sphere {
	<24.906858, 34.636608, 33.151451> 0.250000
	pigment { color rgbt <1,0,0,0> }
	no_shadow
}
cylinder {
	<24.983269, 34.924896, 33.418003>,  <25.029116, 35.097870, 33.577934>, 0.100000
	pigment { color rgbt <1,0,0,0> }
	no_shadow
}
cylinder {
	<24.983269, 34.924896, 33.418003>,  <24.906858, 34.636608, 33.151451>, 0.100000
	pigment { color rgbt <1,0,0,0> }
	no_shadow
}

// particle -1
sphere {
	<24.983269, 34.924896, 33.418003> 0.100000
	pigment { color rgbt <1,0,0,0> }
	no_shadow
}
sphere {
	0, 1
	scale<0.080000,0.200000,0.300000>
	matrix <0.588067, 0.459536, -0.665586,
		-0.785930, 0.519023, -0.336049,
		0.191027, 0.720723, 0.666383,
		25.040577, 35.141113, 33.617920>
	pigment { color rgbt <0,1,1,0> }
	no_shadow
}
cylinder {
	<24.733244, 35.394470, 32.963715>,  <24.906858, 34.636608, 33.151451>, 0.130000
	pigment { color rgbt <1,0,0,0> }
	no_shadow
}

// nucleotide -1

// particle -1
sphere {
	<24.733244, 35.394470, 32.963715> 0.250000
	pigment { color rgbt <1,0,0,0> }
	no_shadow
}
cylinder {
	<25.045294, 35.357708, 33.211250>,  <25.232523, 35.335651, 33.359772>, 0.100000
	pigment { color rgbt <1,0,0,0> }
	no_shadow
}
cylinder {
	<25.045294, 35.357708, 33.211250>,  <24.733244, 35.394470, 32.963715>, 0.100000
	pigment { color rgbt <1,0,0,0> }
	no_shadow
}

// particle -1
sphere {
	<25.045294, 35.357708, 33.211250> 0.100000
	pigment { color rgbt <1,0,0,0> }
	no_shadow
}
sphere {
	0, 1
	scale<0.080000,0.200000,0.300000>
	matrix <0.620008, 0.245818, -0.745093,
		-0.083642, 0.964949, 0.248753,
		0.780124, -0.091908, 0.618837,
		25.279331, 35.330135, 33.396900>
	pigment { color rgbt <0,1,1,0> }
	no_shadow
}
cylinder {
	<25.203781, 36.049000, 32.912304>,  <24.733244, 35.394470, 32.963715>, 0.130000
	pigment { color rgbt <1,0,0,0> }
	no_shadow
}

// nucleotide -1

// particle -1
sphere {
	<25.203781, 36.049000, 32.912304> 0.250000
	pigment { color rgbt <1,0,0,0> }
	no_shadow
}
cylinder {
	<25.390862, 35.706627, 33.000515>,  <25.503109, 35.501202, 33.053440>, 0.100000
	pigment { color rgbt <1,0,0,0> }
	no_shadow
}
cylinder {
	<25.390862, 35.706627, 33.000515>,  <25.203781, 36.049000, 32.912304>, 0.100000
	pigment { color rgbt <1,0,0,0> }
	no_shadow
}

// particle -1
sphere {
	<25.390862, 35.706627, 33.000515> 0.100000
	pigment { color rgbt <1,0,0,0> }
	no_shadow
}
sphere {
	0, 1
	scale<0.080000,0.200000,0.300000>
	matrix <0.797618, 0.301196, -0.522577,
		0.380870, 0.420307, 0.823578,
		0.467701, -0.855934, 0.220527,
		25.531172, 35.449848, 33.066673>
	pigment { color rgbt <0,1,1,0> }
	no_shadow
}
cylinder {
	<25.858440, 36.147755, 33.233654>,  <25.203781, 36.049000, 32.912304>, 0.130000
	pigment { color rgbt <1,0,0,0> }
	no_shadow
}

// nucleotide -1

// particle -1
sphere {
	<25.858440, 36.147755, 33.233654> 0.250000
	pigment { color rgbt <1,0,0,0> }
	no_shadow
}
cylinder {
	<25.860754, 35.795864, 33.043476>,  <25.862143, 35.584732, 32.929367>, 0.100000
	pigment { color rgbt <1,0,0,0> }
	no_shadow
}
cylinder {
	<25.860754, 35.795864, 33.043476>,  <25.858440, 36.147755, 33.233654>, 0.100000
	pigment { color rgbt <1,0,0,0> }
	no_shadow
}

// particle -1
sphere {
	<25.860754, 35.795864, 33.043476> 0.100000
	pigment { color rgbt <1,0,0,0> }
	no_shadow
}
sphere {
	0, 1
	scale<0.080000,0.200000,0.300000>
	matrix <0.839631, 0.262510, -0.475508,
		0.543126, -0.396450, 0.740163,
		0.005785, -0.879725, -0.475448,
		25.862490, 35.531948, 32.900841>
	pigment { color rgbt <0,1,1,0> }
	no_shadow
}
cylinder {
	<26.586050, 35.755867, 33.337795>,  <25.858440, 36.147755, 33.233654>, 0.130000
	pigment { color rgbt <1,0,0,0> }
	no_shadow
}

// nucleotide -1

// particle -1
sphere {
	<26.586050, 35.755867, 33.337795> 0.250000
	pigment { color rgbt <1,0,0,0> }
	no_shadow
}
cylinder {
	<26.399578, 35.639111, 33.003735>,  <26.287695, 35.569057, 32.803299>, 0.100000
	pigment { color rgbt <1,0,0,0> }
	no_shadow
}
cylinder {
	<26.399578, 35.639111, 33.003735>,  <26.586050, 35.755867, 33.337795>, 0.100000
	pigment { color rgbt <1,0,0,0> }
	no_shadow
}

// particle -1
sphere {
	<26.399578, 35.639111, 33.003735> 0.100000
	pigment { color rgbt <1,0,0,0> }
	no_shadow
}
sphere {
	0, 1
	scale<0.080000,0.200000,0.300000>
	matrix <0.804811, 0.252072, -0.537344,
		0.367364, -0.922637, 0.117406,
		-0.466179, -0.291890, -0.835151,
		26.259724, 35.551544, 32.753189>
	pigment { color rgbt <0,1,1,0> }
	no_shadow
}
cylinder {
	<26.999010, 35.262894, 33.039951>,  <26.586050, 35.755867, 33.337795>, 0.130000
	pigment { color rgbt <1,0,0,0> }
	no_shadow
}

// nucleotide -1

// particle -1
sphere {
	<26.999010, 35.262894, 33.039951> 0.250000
	pigment { color rgbt <1,0,0,0> }
	no_shadow
}
cylinder {
	<26.779087, 35.351372, 32.717762>,  <26.647133, 35.404461, 32.524448>, 0.100000
	pigment { color rgbt <1,0,0,0> }
	no_shadow
}
cylinder {
	<26.779087, 35.351372, 32.717762>,  <26.999010, 35.262894, 33.039951>, 0.100000
	pigment { color rgbt <1,0,0,0> }
	no_shadow
}

// particle -1
sphere {
	<26.779087, 35.351372, 32.717762> 0.100000
	pigment { color rgbt <1,0,0,0> }
	no_shadow
}
sphere {
	0, 1
	scale<0.080000,0.200000,0.300000>
	matrix <0.824806, -0.008530, -0.565352,
		-0.131927, -0.975191, -0.177757,
		-0.549810, 0.221200, -0.805469,
		26.614143, 35.417732, 32.476120>
	pigment { color rgbt <0,1,1,0> }
	no_shadow
}
cylinder {
	<27.213903, 34.729778, 32.569931>,  <26.999010, 35.262894, 33.039951>, 0.130000
	pigment { color rgbt <1,0,0,0> }
	no_shadow
}

// nucleotide -1

// particle -1
sphere {
	<27.213903, 34.729778, 32.569931> 0.250000
	pigment { color rgbt <1,0,0,0> }
	no_shadow
}
cylinder {
	<27.047565, 35.040920, 32.381458>,  <26.947763, 35.227604, 32.268375>, 0.100000
	pigment { color rgbt <1,0,0,0> }
	no_shadow
}
cylinder {
	<27.047565, 35.040920, 32.381458>,  <27.213903, 34.729778, 32.569931>, 0.100000
	pigment { color rgbt <1,0,0,0> }
	no_shadow
}

// particle -1
sphere {
	<27.047565, 35.040920, 32.381458> 0.100000
	pigment { color rgbt <1,0,0,0> }
	no_shadow
}
sphere {
	0, 1
	scale<0.080000,0.200000,0.300000>
	matrix <0.835565, 0.122247, -0.535618,
		-0.359032, -0.616439, -0.700785,
		-0.415845, 0.777856, -0.471184,
		26.922812, 35.274277, 32.240105>
	pigment { color rgbt <0,1,1,0> }
	no_shadow
}
cylinder {
	<27.434847, 34.728916, 31.881350>,  <27.213903, 34.729778, 32.569931>, 0.130000
	pigment { color rgbt <1,0,0,0> }
	no_shadow
}

// nucleotide -1

// particle -1
sphere {
	<27.434847, 34.728916, 31.881350> 0.250000
	pigment { color rgbt <1,0,0,0> }
	no_shadow
}
cylinder {
	<27.352755, 35.105492, 31.988359>,  <27.303499, 35.331436, 32.052567>, 0.100000
	pigment { color rgbt <1,0,0,0> }
	no_shadow
}
cylinder {
	<27.352755, 35.105492, 31.988359>,  <27.434847, 34.728916, 31.881350>, 0.100000
	pigment { color rgbt <1,0,0,0> }
	no_shadow
}

// particle -1
sphere {
	<27.352755, 35.105492, 31.988359> 0.100000
	pigment { color rgbt <1,0,0,0> }
	no_shadow
}
sphere {
	0, 1
	scale<0.080000,0.200000,0.300000>
	matrix <0.880948, 0.296779, -0.368583,
		-0.426395, 0.160030, -0.890269,
		-0.205228, 0.941442, 0.267523,
		27.291185, 35.387924, 32.068615>
	pigment { color rgbt <0,1,1,0> }
	no_shadow
}
cylinder {
	<27.452538, 35.148174, 31.327971>,  <27.434847, 34.728916, 31.881350>, 0.130000
	pigment { color rgbt <1,0,0,0> }
	no_shadow
}

// nucleotide -1

// particle -1
sphere {
	<27.452538, 35.148174, 31.327971> 0.250000
	pigment { color rgbt <1,0,0,0> }
	no_shadow
}
cylinder {
	<27.545515, 35.390907, 31.632004>,  <27.601301, 35.536545, 31.814425>, 0.100000
	pigment { color rgbt <1,0,0,0> }
	no_shadow
}
cylinder {
	<27.545515, 35.390907, 31.632004>,  <27.452538, 35.148174, 31.327971>, 0.100000
	pigment { color rgbt <1,0,0,0> }
	no_shadow
}

// particle -1
sphere {
	<27.545515, 35.390907, 31.632004> 0.100000
	pigment { color rgbt <1,0,0,0> }
	no_shadow
}
sphere {
	0, 1
	scale<0.080000,0.200000,0.300000>
	matrix <0.760936, 0.373264, -0.530708,
		-0.605761, 0.701735, -0.374995,
		0.232444, 0.606829, 0.760085,
		27.615248, 35.572956, 31.860029>
	pigment { color rgbt <0,1,1,0> }
	no_shadow
}
cylinder {
	<27.498756, 35.674377, 31.037146>,  <27.452538, 35.148174, 31.327971>, 0.130000
	pigment { color rgbt <1,0,0,0> }
	no_shadow
}

// nucleotide -1

// particle -1
sphere {
	<27.498756, 35.674377, 31.037146> 0.250000
	pigment { color rgbt <1,0,0,0> }
	no_shadow
}
cylinder {
	<27.679750, 35.788578, 31.375080>,  <27.788347, 35.857098, 31.577841>, 0.100000
	pigment { color rgbt <1,0,0,0> }
	no_shadow
}
cylinder {
	<27.679750, 35.788578, 31.375080>,  <27.498756, 35.674377, 31.037146>, 0.100000
	pigment { color rgbt <1,0,0,0> }
	no_shadow
}

// particle -1
sphere {
	<27.679750, 35.788578, 31.375080> 0.100000
	pigment { color rgbt <1,0,0,0> }
	no_shadow
}
sphere {
	0, 1
	scale<0.080000,0.200000,0.300000>
	matrix <0.595325, 0.608647, -0.524535,
		-0.663962, 0.740296, 0.105438,
		0.452485, 0.285501, 0.844835,
		27.815496, 35.874229, 31.628531>
	pigment { color rgbt <0,1,1,0> }
	no_shadow
}
cylinder {
	<27.417301, 36.400471, 31.033024>,  <27.498756, 35.674377, 31.037146>, 0.130000
	pigment { color rgbt <1,0,0,0> }
	no_shadow
}

// nucleotide -1

// particle -1
sphere {
	<27.417301, 36.400471, 31.033024> 0.250000
	pigment { color rgbt <1,0,0,0> }
	no_shadow
}
cylinder {
	<27.742844, 36.289097, 31.237030>,  <27.938169, 36.222275, 31.359434>, 0.100000
	pigment { color rgbt <1,0,0,0> }
	no_shadow
}
cylinder {
	<27.742844, 36.289097, 31.237030>,  <27.417301, 36.400471, 31.033024>, 0.100000
	pigment { color rgbt <1,0,0,0> }
	no_shadow
}

// particle -1
sphere {
	<27.742844, 36.289097, 31.237030> 0.100000
	pigment { color rgbt <1,0,0,0> }
	no_shadow
}
sphere {
	0, 1
	scale<0.080000,0.200000,0.300000>
	matrix <0.535011, 0.701539, -0.470751,
		-0.226725, 0.655987, 0.719914,
		0.813854, -0.278431, 0.510017,
		27.987000, 36.205566, 31.390036>
	pigment { color rgbt <0,1,1,0> }
	no_shadow
}
cylinder {
	<27.131540, 36.411221, 31.709694>,  <27.417301, 36.400471, 31.033024>, 0.130000
	pigment { color rgbt <1,0,0,0> }
	no_shadow
}

// nucleotide -1

// particle -1
sphere {
	<27.131540, 36.411221, 31.709694> 0.250000
	pigment { color rgbt <1,0,0,0> }
	no_shadow
}
cylinder {
	<27.125101, 36.012886, 31.745581>,  <27.121239, 35.773884, 31.767113>, 0.100000
	pigment { color rgbt <1,0,0,0> }
	no_shadow
}
cylinder {
	<27.125101, 36.012886, 31.745581>,  <27.131540, 36.411221, 31.709694>, 0.100000
	pigment { color rgbt <1,0,0,0> }
	no_shadow
}

// particle -1
sphere {
	<27.125101, 36.012886, 31.745581> 0.100000
	pigment { color rgbt <1,0,0,0> }
	no_shadow
}
sphere {
	0, 1
	scale<0.080000,0.200000,0.300000>
	matrix <-0.973675, 0.036015, 0.225075,
		-0.227370, -0.083732, -0.970202,
		-0.016096, -0.995837, 0.089717,
		27.120272, 35.714134, 31.772495>
	pigment { color rgbt <0,1,1,0> }
	no_shadow
}
cylinder {
	<26.485594, 36.301334, 31.507681>,  <27.131540, 36.411221, 31.709694>, 0.130000
	pigment { color rgbt <1,0,0,0> }
	no_shadow
}

// nucleotide -1

// particle -1
sphere {
	<26.485594, 36.301334, 31.507681> 0.250000
	pigment { color rgbt <1,0,0,0> }
	no_shadow
}
cylinder {
	<26.598385, 35.974922, 31.709507>,  <26.666059, 35.779076, 31.830603>, 0.100000
	pigment { color rgbt <1,0,0,0> }
	no_shadow
}
cylinder {
	<26.598385, 35.974922, 31.709507>,  <26.485594, 36.301334, 31.507681>, 0.100000
	pigment { color rgbt <1,0,0,0> }
	no_shadow
}

// particle -1
sphere {
	<26.598385, 35.974922, 31.709507> 0.100000
	pigment { color rgbt <1,0,0,0> }
	no_shadow
}
sphere {
	0, 1
	scale<0.080000,0.200000,0.300000>
	matrix <-0.889775, -0.025707, 0.455676,
		-0.358874, -0.577437, -0.733332,
		0.281976, -0.816030, 0.504563,
		26.682978, 35.730114, 31.860876>
	pigment { color rgbt <0,1,1,0> }
	no_shadow
}
cylinder {
	<25.926294, 35.826309, 31.480053>,  <26.485594, 36.301334, 31.507681>, 0.130000
	pigment { color rgbt <1,0,0,0> }
	no_shadow
}

// nucleotide -1

// particle -1
sphere {
	<25.926294, 35.826309, 31.480053> 0.250000
	pigment { color rgbt <1,0,0,0> }
	no_shadow
}
cylinder {
	<26.136589, 35.716812, 31.802212>,  <26.262766, 35.651115, 31.995508>, 0.100000
	pigment { color rgbt <1,0,0,0> }
	no_shadow
}
cylinder {
	<26.136589, 35.716812, 31.802212>,  <25.926294, 35.826309, 31.480053>, 0.100000
	pigment { color rgbt <1,0,0,0> }
	no_shadow
}

// particle -1
sphere {
	<26.136589, 35.716812, 31.802212> 0.100000
	pigment { color rgbt <1,0,0,0> }
	no_shadow
}
sphere {
	0, 1
	scale<0.080000,0.200000,0.300000>
	matrix <-0.818579, -0.420328, 0.391475,
		0.231369, -0.865095, -0.445061,
		0.525735, -0.273742, 0.805399,
		26.294310, 35.634689, 32.043831>
	pigment { color rgbt <0,1,1,0> }
	no_shadow
}
cylinder {
	<25.676226, 35.152077, 31.621708>,  <25.926294, 35.826309, 31.480053>, 0.130000
	pigment { color rgbt <1,0,0,0> }
	no_shadow
}

// nucleotide -1

// particle -1
sphere {
	<25.676226, 35.152077, 31.621708> 0.250000
	pigment { color rgbt <1,0,0,0> }
	no_shadow
}
cylinder {
	<25.868055, 35.233459, 31.963142>,  <25.983154, 35.282291, 32.168003>, 0.100000
	pigment { color rgbt <1,0,0,0> }
	no_shadow
}
cylinder {
	<25.868055, 35.233459, 31.963142>,  <25.676226, 35.152077, 31.621708>, 0.100000
	pigment { color rgbt <1,0,0,0> }
	no_shadow
}

// particle -1
sphere {
	<25.868055, 35.233459, 31.963142> 0.100000
	pigment { color rgbt <1,0,0,0> }
	no_shadow
}
sphere {
	0, 1
	scale<0.080000,0.200000,0.300000>
	matrix <-0.688129, -0.516409, 0.509706,
		0.544504, -0.831821, -0.107652,
		0.479576, 0.203459, 0.853587,
		26.011929, 35.294498, 32.219219>
	pigment { color rgbt <0,1,1,0> }
	no_shadow
}
cylinder {
	<25.700840, 34.559647, 32.015305>,  <25.676226, 35.152077, 31.621708>, 0.130000
	pigment { color rgbt <1,0,0,0> }
	no_shadow
}

// nucleotide -1

// particle -1
sphere {
	<25.700840, 34.559647, 32.015305> 0.250000
	pigment { color rgbt <1,0,0,0> }
	no_shadow
}
cylinder {
	<25.748043, 34.851501, 32.284733>,  <25.776365, 35.026615, 32.446392>, 0.100000
	pigment { color rgbt <1,0,0,0> }
	no_shadow
}
cylinder {
	<25.748043, 34.851501, 32.284733>,  <25.700840, 34.559647, 32.015305>, 0.100000
	pigment { color rgbt <1,0,0,0> }
	no_shadow
}

// particle -1
sphere {
	<25.748043, 34.851501, 32.284733> 0.100000
	pigment { color rgbt <1,0,0,0> }
	no_shadow
}
sphere {
	0, 1
	scale<0.080000,0.200000,0.300000>
	matrix <-0.690393, -0.427266, 0.583782,
		0.713744, -0.533923, 0.453316,
		0.118008, 0.729638, 0.673575,
		25.783445, 35.070393, 32.486805>
	pigment { color rgbt <0,1,1,0> }
	no_shadow
}
cylinder {
	<25.771477, 34.287750, 32.684750>,  <25.700840, 34.559647, 32.015305>, 0.130000
	pigment { color rgbt <1,0,0,0> }
	no_shadow
}

// nucleotide -1

// particle -1
sphere {
	<25.771477, 34.287750, 32.684750> 0.250000
	pigment { color rgbt <1,0,0,0> }
	no_shadow
}
cylinder {
	<25.619341, 34.655384, 32.725975>,  <25.528059, 34.875965, 32.750710>, 0.100000
	pigment { color rgbt <1,0,0,0> }
	no_shadow
}
cylinder {
	<25.619341, 34.655384, 32.725975>,  <25.771477, 34.287750, 32.684750>, 0.100000
	pigment { color rgbt <1,0,0,0> }
	no_shadow
}

// particle -1
sphere {
	<25.619341, 34.655384, 32.725975> 0.100000
	pigment { color rgbt <1,0,0,0> }
	no_shadow
}
sphere {
	0, 1
	scale<0.080000,0.200000,0.300000>
	matrix <-0.697805, -0.358317, 0.620223,
		0.606968, 0.163978, 0.777626,
		-0.380340, 0.919086, 0.103062,
		25.505239, 34.931110, 32.756893>
	pigment { color rgbt <0,1,1,0> }
	no_shadow
}
cylinder {
	<26.273495, 34.243172, 33.167858>,  <25.771477, 34.287750, 32.684750>, 0.130000
	pigment { color rgbt <1,0,0,0> }
	no_shadow
}

// nucleotide -1

// particle -1
sphere {
	<26.273495, 34.243172, 33.167858> 0.250000
	pigment { color rgbt <1,0,0,0> }
	no_shadow
}
cylinder {
	<26.083229, 33.893738, 33.126675>,  <25.969070, 33.684078, 33.101967>, 0.100000
	pigment { color rgbt <1,0,0,0> }
	no_shadow
}
cylinder {
	<26.083229, 33.893738, 33.126675>,  <26.273495, 34.243172, 33.167858>, 0.100000
	pigment { color rgbt <1,0,0,0> }
	no_shadow
}

// particle -1
sphere {
	<26.083229, 33.893738, 33.126675> 0.100000
	pigment { color rgbt <1,0,0,0> }
	no_shadow
}
sphere {
	0, 1
	scale<0.080000,0.200000,0.300000>
	matrix <0.114338, 0.054647, -0.991938,
		0.872165, -0.483599, 0.073890,
		-0.475662, -0.873582, -0.102955,
		25.940531, 33.631664, 33.095787>
	pigment { color rgbt <0,1,1,0> }
	no_shadow
}
cylinder {
	<26.731825, 33.693302, 33.031460>,  <26.273495, 34.243172, 33.167858>, 0.130000
	pigment { color rgbt <1,0,0,0> }
	no_shadow
}

// nucleotide -1

// particle -1
sphere {
	<26.731825, 33.693302, 33.031460> 0.250000
	pigment { color rgbt <1,0,0,0> }
	no_shadow
}
cylinder {
	<26.996656, 33.441544, 32.868725>,  <27.155556, 33.290489, 32.771084>, 0.100000
	pigment { color rgbt <1,0,0,0> }
	no_shadow
}
cylinder {
	<26.996656, 33.441544, 32.868725>,  <26.731825, 33.693302, 33.031460>, 0.100000
	pigment { color rgbt <1,0,0,0> }
	no_shadow
}

// particle -1
sphere {
	<26.996656, 33.441544, 32.868725> 0.100000
	pigment { color rgbt <1,0,0,0> }
	no_shadow
}
sphere {
	0, 1
	scale<0.080000,0.200000,0.300000>
	matrix <0.667573, 0.741999, -0.061514,
		0.340587, -0.230865, 0.911429,
		0.662077, -0.629396, -0.406834,
		27.195280, 33.252724, 32.746674>
	pigment { color rgbt <0,1,1,0> }
	no_shadow
}
cylinder {
	<27.368563, 33.769192, 33.370468>,  <26.731825, 33.693302, 33.031460>, 0.130000
	pigment { color rgbt <1,0,0,0> }
	no_shadow
}

// nucleotide -1

// particle -1
sphere {
	<27.368563, 33.769192, 33.370468> 0.250000
	pigment { color rgbt <1,0,0,0> }
	no_shadow
}
cylinder {
	<27.408533, 33.638142, 32.994663>,  <27.432514, 33.559513, 32.769180>, 0.100000
	pigment { color rgbt <1,0,0,0> }
	no_shadow
}
cylinder {
	<27.408533, 33.638142, 32.994663>,  <27.368563, 33.769192, 33.370468>, 0.100000
	pigment { color rgbt <1,0,0,0> }
	no_shadow
}

// particle -1
sphere {
	<27.408533, 33.638142, 32.994663> 0.100000
	pigment { color rgbt <1,0,0,0> }
	no_shadow
}
sphere {
	0, 1
	scale<0.080000,0.200000,0.300000>
	matrix <0.545240, 0.807872, -0.223731,
		0.832303, -0.489901, 0.259361,
		0.099925, -0.327627, -0.939508,
		27.438511, 33.539852, 32.712811>
	pigment { color rgbt <0,1,1,0> }
	no_shadow
}
cylinder {
	<27.452700, 33.827290, 34.080231>,  <27.368563, 33.769192, 33.370468>, 0.130000
	pigment { color rgbt <1,0,0,0> }
	no_shadow
}

// nucleotide -1

// particle -1
sphere {
	<27.452700, 33.827290, 34.080231> 0.250000
	pigment { color rgbt <1,0,0,0> }
	no_shadow
}
cylinder {
	<27.731794, 34.113594, 34.068600>,  <27.899252, 34.285378, 34.061619>, 0.100000
	pigment { color rgbt <1,0,0,0> }
	no_shadow
}
cylinder {
	<27.731794, 34.113594, 34.068600>,  <27.452700, 33.827290, 34.080231>, 0.100000
	pigment { color rgbt <1,0,0,0> }
	no_shadow
}

// particle -1
sphere {
	<27.731794, 34.113594, 34.068600> 0.100000
	pigment { color rgbt <1,0,0,0> }
	no_shadow
}
sphere {
	0, 1
	scale<0.080000,0.200000,0.300000>
	matrix <0.238462, -0.193793, 0.951620,
		0.675499, -0.670915, -0.305899,
		0.697737, 0.715763, -0.029081,
		27.941116, 34.328323, 34.059875>
	pigment { color rgbt <0,1,1,0> }
	no_shadow
}
cylinder {
	<28.137041, 33.409252, 34.069256>,  <27.452700, 33.827290, 34.080231>, 0.130000
	pigment { color rgbt <1,0,0,0> }
	no_shadow
}

// nucleotide -1

// particle -1
sphere {
	<28.137041, 33.409252, 34.069256> 0.250000
	pigment { color rgbt <1,0,0,0> }
	no_shadow
}
cylinder {
	<28.166916, 33.790947, 34.185085>,  <28.184841, 34.019966, 34.254581>, 0.100000
	pigment { color rgbt <1,0,0,0> }
	no_shadow
}
cylinder {
	<28.166916, 33.790947, 34.185085>,  <28.137041, 33.409252, 34.069256>, 0.100000
	pigment { color rgbt <1,0,0,0> }
	no_shadow
}

// particle -1
sphere {
	<28.166916, 33.790947, 34.185085> 0.100000
	pigment { color rgbt <1,0,0,0> }
	no_shadow
}
sphere {
	0, 1
	scale<0.080000,0.200000,0.300000>
	matrix <0.322006, -0.297902, 0.898647,
		0.943787, 0.026128, -0.329520,
		0.074685, 0.954239, 0.289570,
		28.189322, 34.077217, 34.271957>
	pigment { color rgbt <0,1,1,0> }
	no_shadow
}
cylinder {
	<28.833170, 33.627701, 34.233490>,  <28.137041, 33.409252, 34.069256>, 0.130000
	pigment { color rgbt <1,0,0,0> }
	no_shadow
}

// nucleotide -1

// particle -1
sphere {
	<28.833170, 33.627701, 34.233490> 0.250000
	pigment { color rgbt <1,0,0,0> }
	no_shadow
}
cylinder {
	<28.558273, 33.813511, 34.456886>,  <28.393335, 33.924995, 34.590923>, 0.100000
	pigment { color rgbt <1,0,0,0> }
	no_shadow
}
cylinder {
	<28.558273, 33.813511, 34.456886>,  <28.833170, 33.627701, 34.233490>, 0.100000
	pigment { color rgbt <1,0,0,0> }
	no_shadow
}

// particle -1
sphere {
	<28.558273, 33.813511, 34.456886> 0.100000
	pigment { color rgbt <1,0,0,0> }
	no_shadow
}
sphere {
	0, 1
	scale<0.080000,0.200000,0.300000>
	matrix <0.457920, -0.319799, 0.829481,
		0.563921, 0.825799, 0.007064,
		-0.687243, 0.464527, 0.558491,
		28.352100, 33.952869, 34.624432>
	pigment { color rgbt <0,1,1,0> }
	no_shadow
}
cylinder {
	<29.159969, 34.029537, 34.738220>,  <28.833170, 33.627701, 34.233490>, 0.130000
	pigment { color rgbt <1,0,0,0> }
	no_shadow
}

// nucleotide -1

// particle -1
sphere {
	<29.159969, 34.029537, 34.738220> 0.250000
	pigment { color rgbt <1,0,0,0> }
	no_shadow
}
cylinder {
	<28.791416, 33.942936, 34.867325>,  <28.570284, 33.890976, 34.944790>, 0.100000
	pigment { color rgbt <1,0,0,0> }
	no_shadow
}
cylinder {
	<28.791416, 33.942936, 34.867325>,  <29.159969, 34.029537, 34.738220>, 0.100000
	pigment { color rgbt <1,0,0,0> }
	no_shadow
}

// particle -1
sphere {
	<28.791416, 33.942936, 34.867325> 0.100000
	pigment { color rgbt <1,0,0,0> }
	no_shadow
}
sphere {
	0, 1
	scale<0.080000,0.200000,0.300000>
	matrix <0.373907, -0.267208, 0.888140,
		-0.106039, 0.939003, 0.327153,
		-0.921384, -0.216502, 0.322765,
		28.515001, 33.877987, 34.964153>
	pigment { color rgbt <0,1,1,0> }
	no_shadow
}
cylinder {
	<28.733030, 34.397820, 35.328060>,  <29.159969, 34.029537, 34.738220>, 0.130000
	pigment { color rgbt <1,0,0,0> }
	no_shadow
}

// nucleotide -1

// particle -1
sphere {
	<28.733030, 34.397820, 35.328060> 0.250000
	pigment { color rgbt <1,0,0,0> }
	no_shadow
}
cylinder {
	<28.623177, 34.013706, 35.347801>,  <28.557264, 33.783237, 35.359646>, 0.100000
	pigment { color rgbt <1,0,0,0> }
	no_shadow
}
cylinder {
	<28.623177, 34.013706, 35.347801>,  <28.733030, 34.397820, 35.328060>, 0.100000
	pigment { color rgbt <1,0,0,0> }
	no_shadow
}

// particle -1
sphere {
	<28.623177, 34.013706, 35.347801> 0.100000
	pigment { color rgbt <1,0,0,0> }
	no_shadow
}
sphere {
	0, 1
	scale<0.080000,0.200000,0.300000>
	matrix <0.414982, -0.072074, 0.906970,
		-0.867389, 0.269566, 0.418294,
		-0.274636, -0.960281, 0.049348,
		28.540785, 33.725620, 35.362606>
	pigment { color rgbt <0,1,1,0> }
	no_shadow
}
cylinder {
	<28.316763, 34.197823, 35.950027>,  <28.733030, 34.397820, 35.328060>, 0.130000
	pigment { color rgbt <1,0,0,0> }
	no_shadow
}

// nucleotide -1

// particle -1
sphere {
	<28.316763, 34.197823, 35.950027> 0.250000
	pigment { color rgbt <1,0,0,0> }
	no_shadow
}
cylinder {
	<28.561625, 33.902046, 35.837959>,  <28.708542, 33.724579, 35.770718>, 0.100000
	pigment { color rgbt <1,0,0,0> }
	no_shadow
}
cylinder {
	<28.561625, 33.902046, 35.837959>,  <28.316763, 34.197823, 35.950027>, 0.100000
	pigment { color rgbt <1,0,0,0> }
	no_shadow
}

// particle -1
sphere {
	<28.561625, 33.902046, 35.837959> 0.100000
	pigment { color rgbt <1,0,0,0> }
	no_shadow
}
sphere {
	0, 1
	scale<0.080000,0.200000,0.300000>
	matrix <0.424573, 0.008450, 0.905354,
		-0.667087, -0.673170, 0.319119,
		0.612154, -0.739440, -0.280172,
		28.745270, 33.680214, 35.753906>
	pigment { color rgbt <0,1,1,0> }
	no_shadow
}
cylinder {
	<28.413349, 33.639347, 36.458332>,  <28.316763, 34.197823, 35.950027>, 0.130000
	pigment { color rgbt <1,0,0,0> }
	no_shadow
}

// nucleotide -1

// particle -1
sphere {
	<28.413349, 33.639347, 36.458332> 0.250000
	pigment { color rgbt <1,0,0,0> }
	no_shadow
}
cylinder {
	<28.749413, 33.611786, 36.243153>,  <28.951050, 33.595249, 36.114044>, 0.100000
	pigment { color rgbt <1,0,0,0> }
	no_shadow
}
cylinder {
	<28.749413, 33.611786, 36.243153>,  <28.413349, 33.639347, 36.458332>, 0.100000
	pigment { color rgbt <1,0,0,0> }
	no_shadow
}

// particle -1
sphere {
	<28.749413, 33.611786, 36.243153> 0.100000
	pigment { color rgbt <1,0,0,0> }
	no_shadow
}
sphere {
	0, 1
	scale<0.080000,0.200000,0.300000>
	matrix <0.542181, 0.082361, 0.836216,
		-0.013319, -0.994217, 0.106558,
		0.840156, -0.068911, -0.537949,
		29.001459, 33.591114, 36.081768>
	pigment { color rgbt <0,1,1,0> }
	no_shadow
}
cylinder {
	<28.743942, 33.304390, 36.870728>,  <28.413349, 33.639347, 36.458332>, 0.130000
	pigment { color rgbt <1,0,0,0> }
	no_shadow
}

// nucleotide -1

// particle -1
sphere {
	<28.743942, 33.304390, 36.870728> 0.250000
	pigment { color rgbt <1,0,0,0> }
	no_shadow
}
cylinder {
	<29.040258, 33.442600, 36.640305>,  <29.218048, 33.525528, 36.502052>, 0.100000
	pigment { color rgbt <1,0,0,0> }
	no_shadow
}
cylinder {
	<29.040258, 33.442600, 36.640305>,  <28.743942, 33.304390, 36.870728>, 0.100000
	pigment { color rgbt <1,0,0,0> }
	no_shadow
}

// particle -1
sphere {
	<29.040258, 33.442600, 36.640305> 0.100000
	pigment { color rgbt <1,0,0,0> }
	no_shadow
}
sphere {
	0, 1
	scale<0.080000,0.200000,0.300000>
	matrix <0.607290, 0.022046, 0.794174,
		0.287108, -0.938150, -0.193503,
		0.740789, 0.345526, -0.576059,
		29.262495, 33.546257, 36.467487>
	pigment { color rgbt <0,1,1,0> }
	no_shadow
}
cylinder {
	<29.365236, 32.881218, 37.046413>,  <28.743942, 33.304390, 36.870728>, 0.130000
	pigment { color rgbt <1,0,0,0> }
	no_shadow
}

// nucleotide -1

// particle -1
sphere {
	<29.365236, 32.881218, 37.046413> 0.250000
	pigment { color rgbt <1,0,0,0> }
	no_shadow
}
cylinder {
	<29.481102, 33.225731, 36.879421>,  <29.550621, 33.432438, 36.779228>, 0.100000
	pigment { color rgbt <1,0,0,0> }
	no_shadow
}
cylinder {
	<29.481102, 33.225731, 36.879421>,  <29.365236, 32.881218, 37.046413>, 0.100000
	pigment { color rgbt <1,0,0,0> }
	no_shadow
}

// particle -1
sphere {
	<29.481102, 33.225731, 36.879421> 0.100000
	pigment { color rgbt <1,0,0,0> }
	no_shadow
}
sphere {
	0, 1
	scale<0.080000,0.200000,0.300000>
	matrix <0.724364, 0.087834, 0.683800,
		0.625613, -0.500478, -0.598439,
		0.289664, 0.861282, -0.417479,
		29.568001, 33.484116, 36.754177>
	pigment { color rgbt <0,1,1,0> }
	no_shadow
}
cylinder {
	<30.127491, 32.692841, 36.915642>,  <29.365236, 32.881218, 37.046413>, 0.130000
	pigment { color rgbt <1,0,0,0> }
	no_shadow
}

// nucleotide -1

// particle -1
sphere {
	<30.127491, 32.692841, 36.915642> 0.250000
	pigment { color rgbt <1,0,0,0> }
	no_shadow
}
cylinder {
	<30.077829, 33.089062, 36.938908>,  <30.048033, 33.326794, 36.952866>, 0.100000
	pigment { color rgbt <1,0,0,0> }
	no_shadow
}
cylinder {
	<30.077829, 33.089062, 36.938908>,  <30.127491, 32.692841, 36.915642>, 0.100000
	pigment { color rgbt <1,0,0,0> }
	no_shadow
}

// particle -1
sphere {
	<30.077829, 33.089062, 36.938908> 0.100000
	pigment { color rgbt <1,0,0,0> }
	no_shadow
}
sphere {
	0, 1
	scale<0.080000,0.200000,0.300000>
	matrix <0.646651, 0.036313, 0.761922,
		0.752614, 0.132207, -0.645053,
		-0.124155, 0.990557, 0.058162,
		30.040583, 33.386230, 36.956356>
	pigment { color rgbt <0,1,1,0> }
	no_shadow
}
cylinder {
	<30.750944, 33.093910, 37.157417>,  <30.127491, 32.692841, 36.915642>, 0.130000
	pigment { color rgbt <1,0,0,0> }
	no_shadow
}

// nucleotide -1

// particle -1
sphere {
	<30.750944, 33.093910, 37.157417> 0.250000
	pigment { color rgbt <1,0,0,0> }
	no_shadow
}
cylinder {
	<30.426573, 33.294445, 37.278122>,  <30.231951, 33.414764, 37.350544>, 0.100000
	pigment { color rgbt <1,0,0,0> }
	no_shadow
}
cylinder {
	<30.426573, 33.294445, 37.278122>,  <30.750944, 33.093910, 37.157417>, 0.100000
	pigment { color rgbt <1,0,0,0> }
	no_shadow
}

// particle -1
sphere {
	<30.426573, 33.294445, 37.278122> 0.100000
	pigment { color rgbt <1,0,0,0> }
	no_shadow
}
sphere {
	0, 1
	scale<0.080000,0.200000,0.300000>
	matrix <0.483677, 0.284053, 0.827871,
		0.329323, 0.817300, -0.472830,
		-0.810927, 0.501334, 0.301764,
		30.183294, 33.444843, 37.368652>
	pigment { color rgbt <0,1,1,0> }
	no_shadow
}
cylinder {
	<31.029057, 32.661423, 37.690018>,  <30.750944, 33.093910, 37.157417>, 0.130000
	pigment { color rgbt <1,0,0,0> }
	no_shadow
}

// nucleotide -1

// particle -1
sphere {
	<31.029057, 32.661423, 37.690018> 0.250000
	pigment { color rgbt <1,0,0,0> }
	no_shadow
}
cylinder {
	<31.207773, 33.019218, 37.696445>,  <31.315002, 33.233898, 37.700302>, 0.100000
	pigment { color rgbt <1,0,0,0> }
	no_shadow
}
cylinder {
	<31.207773, 33.019218, 37.696445>,  <31.029057, 32.661423, 37.690018>, 0.100000
	pigment { color rgbt <1,0,0,0> }
	no_shadow
}

// particle -1
sphere {
	<31.207773, 33.019218, 37.696445> 0.100000
	pigment { color rgbt <1,0,0,0> }
	no_shadow
}
sphere {
	0, 1
	scale<0.080000,0.200000,0.300000>
	matrix <-0.863032, 0.435671, -0.255667,
		-0.235695, 0.100359, 0.966631,
		0.446792, 0.894494, 0.016073,
		31.341810, 33.287567, 37.701267>
	pigment { color rgbt <0,1,1,0> }
	no_shadow
}
cylinder {
	<30.478619, 33.086296, 38.022392>,  <31.029057, 32.661423, 37.690018>, 0.130000
	pigment { color rgbt <1,0,0,0> }
	no_shadow
}

// nucleotide -1

// particle -1
sphere {
	<30.478619, 33.086296, 38.022392> 0.250000
	pigment { color rgbt <1,0,0,0> }
	no_shadow
}
cylinder {
	<30.725748, 33.337715, 37.833408>,  <30.874025, 33.488567, 37.720020>, 0.100000
	pigment { color rgbt <1,0,0,0> }
	no_shadow
}
cylinder {
	<30.725748, 33.337715, 37.833408>,  <30.478619, 33.086296, 38.022392>, 0.100000
	pigment { color rgbt <1,0,0,0> }
	no_shadow
}

// particle -1
sphere {
	<30.725748, 33.337715, 37.833408> 0.100000
	pigment { color rgbt <1,0,0,0> }
	no_shadow
}
sphere {
	0, 1
	scale<0.080000,0.200000,0.300000>
	matrix <-0.782143, 0.429428, -0.451490,
		-0.080898, 0.648471, 0.756929,
		0.617825, 0.628552, -0.472457,
		30.911095, 33.526279, 37.691669>
	pigment { color rgbt <0,1,1,0> }
	no_shadow
}
cylinder {
	<30.190685, 33.811203, 38.103622>,  <30.478619, 33.086296, 38.022392>, 0.130000
	pigment { color rgbt <1,0,0,0> }
	no_shadow
}

// nucleotide -1

// particle -1
sphere {
	<30.190685, 33.811203, 38.103622> 0.250000
	pigment { color rgbt <1,0,0,0> }
	no_shadow
}
cylinder {
	<30.422255, 33.786327, 37.778419>,  <30.561195, 33.771400, 37.583298>, 0.100000
	pigment { color rgbt <1,0,0,0> }
	no_shadow
}
cylinder {
	<30.422255, 33.786327, 37.778419>,  <30.190685, 33.811203, 38.103622>, 0.100000
	pigment { color rgbt <1,0,0,0> }
	no_shadow
}

// particle -1
sphere {
	<30.422255, 33.786327, 37.778419> 0.100000
	pigment { color rgbt <1,0,0,0> }
	no_shadow
}
sphere {
	0, 1
	scale<0.080000,0.200000,0.300000>
	matrix <-0.788058, 0.213290, -0.577471,
		0.209319, 0.975008, 0.074470,
		0.578922, -0.062189, -0.813008,
		30.595932, 33.767670, 37.534515>
	pigment { color rgbt <0,1,1,0> }
	no_shadow
}
cylinder {
	<29.775042, 34.322578, 37.787220>,  <30.190685, 33.811203, 38.103622>, 0.130000
	pigment { color rgbt <1,0,0,0> }
	no_shadow
}

// nucleotide -1

// particle -1
sphere {
	<29.775042, 34.322578, 37.787220> 0.250000
	pigment { color rgbt <1,0,0,0> }
	no_shadow
}
cylinder {
	<30.008507, 34.121403, 37.532227>,  <30.148586, 34.000698, 37.379230>, 0.100000
	pigment { color rgbt <1,0,0,0> }
	no_shadow
}
cylinder {
	<30.008507, 34.121403, 37.532227>,  <29.775042, 34.322578, 37.787220>, 0.100000
	pigment { color rgbt <1,0,0,0> }
	no_shadow
}

// particle -1
sphere {
	<30.008507, 34.121403, 37.532227> 0.100000
	pigment { color rgbt <1,0,0,0> }
	no_shadow
}
sphere {
	0, 1
	scale<0.080000,0.200000,0.300000>
	matrix <-0.653886, 0.174350, -0.736231,
		0.481426, 0.846554, -0.227103,
		0.583663, -0.502940, -0.637486,
		30.183605, 33.970520, 37.340981>
	pigment { color rgbt <0,1,1,0> }
	no_shadow
}
cylinder {
	<29.818266, 34.652531, 37.119949>,  <29.775042, 34.322578, 37.787220>, 0.130000
	pigment { color rgbt <1,0,0,0> }
	no_shadow
}

// nucleotide -1

// particle -1
sphere {
	<29.818266, 34.652531, 37.119949> 0.250000
	pigment { color rgbt <1,0,0,0> }
	no_shadow
}
cylinder {
	<29.865240, 34.258251, 37.071609>,  <29.893425, 34.021683, 37.042606>, 0.100000
	pigment { color rgbt <1,0,0,0> }
	no_shadow
}
cylinder {
	<29.865240, 34.258251, 37.071609>,  <29.818266, 34.652531, 37.119949>, 0.100000
	pigment { color rgbt <1,0,0,0> }
	no_shadow
}

// particle -1
sphere {
	<29.865240, 34.258251, 37.071609> 0.100000
	pigment { color rgbt <1,0,0,0> }
	no_shadow
}
sphere {
	0, 1
	scale<0.080000,0.200000,0.300000>
	matrix <-0.688532, 0.006874, -0.725173,
		0.715634, 0.168369, -0.677879,
		0.117437, -0.985700, -0.120847,
		29.900471, 33.962540, 37.035355>
	pigment { color rgbt <0,1,1,0> }
	no_shadow
}
cylinder {
	<30.039516, 34.606251, 36.416946>,  <29.818266, 34.652531, 37.119949>, 0.130000
	pigment { color rgbt <1,0,0,0> }
	no_shadow
}

// nucleotide -1

// particle -1
sphere {
	<30.039516, 34.606251, 36.416946> 0.250000
	pigment { color rgbt <1,0,0,0> }
	no_shadow
}
cylinder {
	<29.906773, 34.238010, 36.499275>,  <29.827126, 34.017067, 36.548672>, 0.100000
	pigment { color rgbt <1,0,0,0> }
	no_shadow
}
cylinder {
	<29.906773, 34.238010, 36.499275>,  <30.039516, 34.606251, 36.416946>, 0.100000
	pigment { color rgbt <1,0,0,0> }
	no_shadow
}

// particle -1
sphere {
	<29.906773, 34.238010, 36.499275> 0.100000
	pigment { color rgbt <1,0,0,0> }
	no_shadow
}
sphere {
	0, 1
	scale<0.080000,0.200000,0.300000>
	matrix <-0.479315, -0.023366, -0.877332,
		0.812482, -0.389805, -0.433504,
		-0.331859, -0.920601, 0.205824,
		29.807215, 33.961830, 36.561024>
	pigment { color rgbt <0,1,1,0> }
	no_shadow
}
cylinder {
	<30.181372, 34.098766, 35.815388>,  <30.039516, 34.606251, 36.416946>, 0.130000
	pigment { color rgbt <1,0,0,0> }
	no_shadow
}

// nucleotide -1

// particle -1
sphere {
	<30.181372, 34.098766, 35.815388> 0.250000
	pigment { color rgbt <1,0,0,0> }
	no_shadow
}
cylinder {
	<29.880280, 33.943375, 36.027985>,  <29.699625, 33.850140, 36.155544>, 0.100000
	pigment { color rgbt <1,0,0,0> }
	no_shadow
}
cylinder {
	<29.880280, 33.943375, 36.027985>,  <30.181372, 34.098766, 35.815388>, 0.100000
	pigment { color rgbt <1,0,0,0> }
	no_shadow
}

// particle -1
sphere {
	<29.880280, 33.943375, 36.027985> 0.100000
	pigment { color rgbt <1,0,0,0> }
	no_shadow
}
sphere {
	0, 1
	scale<0.080000,0.200000,0.300000>
	matrix <-0.587034, 0.030660, -0.808981,
		0.297974, -0.920949, -0.251127,
		-0.752730, -0.388475, 0.531493,
		29.654461, 33.826832, 36.187431>
	pigment { color rgbt <0,1,1,0> }
	no_shadow
}
cylinder {
	<30.178293, 33.345741, 36.093491>,  <30.181372, 34.098766, 35.815388>, 0.130000
	pigment { color rgbt <1,0,0,0> }
	no_shadow
}

// nucleotide -1

// particle -1
sphere {
	<30.178293, 33.345741, 36.093491> 0.250000
	pigment { color rgbt <1,0,0,0> }
	no_shadow
}
cylinder {
	<30.236429, 33.654316, 36.341286>,  <30.271311, 33.839462, 36.489964>, 0.100000
	pigment { color rgbt <1,0,0,0> }
	no_shadow
}
cylinder {
	<30.236429, 33.654316, 36.341286>,  <30.178293, 33.345741, 36.093491>, 0.100000
	pigment { color rgbt <1,0,0,0> }
	no_shadow
}

// particle -1
sphere {
	<30.236429, 33.654316, 36.341286> 0.100000
	pigment { color rgbt <1,0,0,0> }
	no_shadow
}
sphere {
	0, 1
	scale<0.080000,0.200000,0.300000>
	matrix <0.567676, -0.577835, 0.586388,
