// switches for output
#declare DRAW_BASES = 1; // possible values are 0, 1; only relevant for DNA ribbons
#declare DRAW_BASES_TYPE = 3; // possible values are 1, 2, 3; only relevant for DNA ribbons
#declare DRAW_FOG = 0; // set to 1 to enable fog

#include "colors.inc"

#include "transforms.inc"
background { rgb <1, 1, 1>}

#default {
   normal{
       ripples 0.25
       frequency 0.20
       turbulence 0.2
       lambda 5
   }
	finish {
		phong 0.1
		phong_size 40.
	}
}

// original window dimensions: 1024x640


// camera settings

camera {
	sky <0, 0.179814, -0.983701>
	up <0, 0.179814, -0.983701>
	right 1.6 * <1, 0, 0>
	location <35, 94.9851, 44.8844>
	look_at <35, 29.7336, 32.9568>
	direction <0, -65.2515, -11.9276>
	angle 67.0682
}


# declare cpy_camera_pos = <35, 94.9851, 44.8844>;
# if (DRAW_FOG = 1)
fog {
	fog_type 2
	up vnormalize(cpy_camera_pos)
	color rgbt<1,1,1,0.3>
	distance 1e-5
	fog_alt 3e-3
	fog_offset 56
}
# end


// LIGHTS

# declare lum = 6;
global_settings {
	ambient_light rgb lum * <0.05, 0.05, 0.05>
	max_trace_level 15
}# declare cpy_direct_light_amount = 0.25;
light_source
{	1000 * <-1, -1.16352, -0.803886>,
	rgb lum * cpy_direct_light_amount
	parallel
}

light_source
{	1000 * <1, 1.16352, 0.803886>,
	rgb lum * cpy_direct_light_amount
	parallel
}

// strand 0

// nucleotide -1

// particle -1
sphere {
	<23.816790, 34.607506, 34.969093> 0.250000
	pigment { color rgbt <1,0,0,0> }
	no_shadow
}
cylinder {
	<24.135967, 34.807335, 35.103977>,  <24.327475, 34.927235, 35.184906>, 0.100000
	pigment { color rgbt <1,0,0,0> }
	no_shadow
}
cylinder {
	<24.135967, 34.807335, 35.103977>,  <23.816790, 34.607506, 34.969093>, 0.100000
	pigment { color rgbt <1,0,0,0> }
	no_shadow
}

// particle -1
sphere {
	<24.135967, 34.807335, 35.103977> 0.100000
	pigment { color rgbt <1,0,0,0> }
	no_shadow
}
sphere {
	0, 1
	scale<0.080000,0.200000,0.300000>
	matrix <0.447845, -0.116996, -0.886424,
		-0.403385, 0.858333, -0.317089,
		0.797945, 0.499576, 0.337205,
		24.375351, 34.957207, 35.205139>
	pigment { color rgbt <0,1,1,0> }
	no_shadow
}
cylinder {
	<24.440054, 34.933189, 34.589966>,  <23.816790, 34.607506, 34.969093>, 0.130000
	pigment { color rgbt <1,0,0,0> }
	no_shadow
}

// nucleotide -1

// particle -1
sphere {
	<24.440054, 34.933189, 34.589966> 0.250000
	pigment { color rgbt <1,0,0,0> }
	no_shadow
}
cylinder {
	<24.526834, 34.666882, 34.875534>,  <24.578903, 34.507095, 35.046875>, 0.100000
	pigment { color rgbt <1,0,0,0> }
	no_shadow
}
cylinder {
	<24.526834, 34.666882, 34.875534>,  <24.440054, 34.933189, 34.589966>, 0.100000
	pigment { color rgbt <1,0,0,0> }
	no_shadow
}

// particle -1
sphere {
	<24.526834, 34.666882, 34.875534> 0.100000
	pigment { color rgbt <1,0,0,0> }
	no_shadow
}
sphere {
	0, 1
	scale<0.080000,0.200000,0.300000>
	matrix <0.921869, 0.380276, 0.074483,
		-0.321075, 0.641982, 0.696254,
		0.216952, -0.665770, 0.713921,
		24.591921, 34.467152, 35.089710>
	pigment { color rgbt <0,1,1,0> }
	no_shadow
}
cylinder {
	<24.859837, 35.402519, 34.702084>,  <24.440054, 34.933189, 34.589966>, 0.130000
	pigment { color rgbt <1,0,0,0> }
	no_shadow
}

// nucleotide -1

// particle -1
sphere {
	<24.859837, 35.402519, 34.702084> 0.250000
	pigment { color rgbt <1,0,0,0> }
	no_shadow
}
cylinder {
	<24.952896, 35.050110, 34.866844>,  <25.008732, 34.838665, 34.965702>, 0.100000
	pigment { color rgbt <1,0,0,0> }
	no_shadow
}
cylinder {
	<24.952896, 35.050110, 34.866844>,  <24.859837, 35.402519, 34.702084>, 0.100000
	pigment { color rgbt <1,0,0,0> }
	no_shadow
}

// particle -1
sphere {
	<24.952896, 35.050110, 34.866844> 0.100000
	pigment { color rgbt <1,0,0,0> }
	no_shadow
}
sphere {
	0, 1
	scale<0.080000,0.200000,0.300000>
	matrix <0.972199, 0.222234, -0.073765,
		-0.026550, 0.417615, 0.908236,
		0.232647, -0.881028, 0.411905,
		25.022690, 34.785801, 34.990417>
	pigment { color rgbt <0,1,1,0> }
	no_shadow
}
cylinder {
	<25.256582, 35.502041, 35.264542>,  <24.859837, 35.402519, 34.702084>, 0.130000
	pigment { color rgbt <1,0,0,0> }
	no_shadow
}

// nucleotide -1

// particle -1
sphere {
	<25.256582, 35.502041, 35.264542> 0.250000
	pigment { color rgbt <1,0,0,0> }
	no_shadow
}
cylinder {
	<25.344858, 35.127178, 35.156441>,  <25.397823, 34.902260, 35.091579>, 0.100000
	pigment { color rgbt <1,0,0,0> }
	no_shadow
}
cylinder {
	<25.344858, 35.127178, 35.156441>,  <25.256582, 35.502041, 35.264542>, 0.100000
	pigment { color rgbt <1,0,0,0> }
	no_shadow
}

// particle -1
sphere {
	<25.344858, 35.127178, 35.156441> 0.100000
	pigment { color rgbt <1,0,0,0> }
	no_shadow
}
sphere {
	0, 1
	scale<0.080000,0.200000,0.300000>
	matrix <0.954133, 0.264907, -0.139476,
		0.202302, -0.227073, 0.952634,
		0.220689, -0.937156, -0.270249,
		25.411064, 34.846031, 35.075367>
	pigment { color rgbt <0,1,1,0> }
	no_shadow
}
cylinder {
	<25.908909, 35.238655, 35.537663>,  <25.256582, 35.502041, 35.264542>, 0.130000
	pigment { color rgbt <1,0,0,0> }
	no_shadow
}

// nucleotide -1

// particle -1
sphere {
	<25.908909, 35.238655, 35.537663> 0.250000
	pigment { color rgbt <1,0,0,0> }
	no_shadow
}
cylinder {
	<25.859648, 35.044952, 35.191177>,  <25.830091, 34.928730, 34.983284>, 0.100000
	pigment { color rgbt <1,0,0,0> }
	no_shadow
}
cylinder {
	<25.859648, 35.044952, 35.191177>,  <25.908909, 35.238655, 35.537663>, 0.100000
	pigment { color rgbt <1,0,0,0> }
	no_shadow
}

// particle -1
sphere {
	<25.859648, 35.044952, 35.191177> 0.100000
	pigment { color rgbt <1,0,0,0> }
	no_shadow
}
sphere {
	0, 1
	scale<0.080000,0.200000,0.300000>
	matrix <0.919298, 0.273106, -0.283379,
		0.373797, -0.831210, 0.411541,
		-0.123153, -0.484255, -0.866216,
		25.822702, 34.899677, 34.931313>
	pigment { color rgbt <0,1,1,0> }
	no_shadow
}
cylinder {
	<26.423569, 34.645805, 35.372677>,  <25.908909, 35.238655, 35.537663>, 0.130000
	pigment { color rgbt <1,0,0,0> }
	no_shadow
}

// nucleotide -1

// particle -1
sphere {
	<26.423569, 34.645805, 35.372677> 0.250000
	pigment { color rgbt <1,0,0,0> }
	no_shadow
}
cylinder {
	<26.283731, 34.810104, 35.035851>,  <26.199829, 34.908684, 34.833755>, 0.100000
	pigment { color rgbt <1,0,0,0> }
	no_shadow
}
cylinder {
	<26.283731, 34.810104, 35.035851>,  <26.423569, 34.645805, 35.372677>, 0.100000
	pigment { color rgbt <1,0,0,0> }
	no_shadow
}

// particle -1
sphere {
	<26.283731, 34.810104, 35.035851> 0.100000
	pigment { color rgbt <1,0,0,0> }
	no_shadow
}
sphere {
	0, 1
	scale<0.080000,0.200000,0.300000>
	matrix <0.934725, 0.091671, -0.343344,
		-0.063834, -0.907129, -0.415983,
		-0.349591, 0.410747, -0.842065,
		26.178854, 34.933327, 34.783230>
	pigment { color rgbt <0,1,1,0> }
	no_shadow
}
cylinder {
	<26.601620, 34.255871, 34.781673>,  <26.423569, 34.645805, 35.372677>, 0.130000
	pigment { color rgbt <1,0,0,0> }
	no_shadow
}

// nucleotide -1

// particle -1
sphere {
	<26.601620, 34.255871, 34.781673> 0.250000
	pigment { color rgbt <1,0,0,0> }
	no_shadow
}
cylinder {
	<26.550940, 34.631207, 34.653011>,  <26.520531, 34.856407, 34.575813>, 0.100000
	pigment { color rgbt <1,0,0,0> }
	no_shadow
}
cylinder {
	<26.550940, 34.631207, 34.653011>,  <26.601620, 34.255871, 34.781673>, 0.100000
	pigment { color rgbt <1,0,0,0> }
	no_shadow
}

// particle -1
sphere {
	<26.550940, 34.631207, 34.653011> 0.100000
	pigment { color rgbt <1,0,0,0> }
	no_shadow
}
sphere {
	0, 1
	scale<0.080000,0.200000,0.300000>
	matrix <0.826031, -0.079724, -0.557958,
		-0.549199, -0.336389, -0.764998,
		-0.126702, 0.938342, -0.321652,
		26.512928, 34.912708, 34.556515>
	pigment { color rgbt <0,1,1,0> }
	no_shadow
}
cylinder {
	<26.641102, 34.334446, 34.025356>,  <26.601620, 34.255871, 34.781673>, 0.130000
	pigment { color rgbt <1,0,0,0> }
	no_shadow
}

// nucleotide -1

// particle -1
sphere {
	<26.641102, 34.334446, 34.025356> 0.250000
	pigment { color rgbt <1,0,0,0> }
	no_shadow
}
cylinder {
	<26.766594, 34.652370, 34.233143>,  <26.841890, 34.843124, 34.357815>, 0.100000
	pigment { color rgbt <1,0,0,0> }
	no_shadow
}
cylinder {
	<26.766594, 34.652370, 34.233143>,  <26.641102, 34.334446, 34.025356>, 0.100000
	pigment { color rgbt <1,0,0,0> }
	no_shadow
}

// particle -1
sphere {
	<26.766594, 34.652370, 34.233143> 0.100000
	pigment { color rgbt <1,0,0,0> }
	no_shadow
}
sphere {
	0, 1
	scale<0.080000,0.200000,0.300000>
	matrix <0.915747, -0.108683, -0.386775,
		-0.250957, 0.597041, -0.761947,
		0.313731, 0.794814, 0.519464,
		26.860714, 34.890816, 34.388981>
	pigment { color rgbt <0,1,1,0> }
	no_shadow
}
cylinder {
	<26.976427, 34.792145, 33.531044>,  <26.641102, 34.334446, 34.025356>, 0.130000
	pigment { color rgbt <1,0,0,0> }
	no_shadow
}

// nucleotide -1

// particle -1
sphere {
	<26.976427, 34.792145, 33.531044> 0.250000
	pigment { color rgbt <1,0,0,0> }
	no_shadow
}
cylinder {
	<27.121584, 34.931168, 33.876881>,  <27.208677, 35.014584, 34.084381>, 0.100000
	pigment { color rgbt <1,0,0,0> }
	no_shadow
}
cylinder {
	<27.121584, 34.931168, 33.876881>,  <26.976427, 34.792145, 33.531044>, 0.100000
	pigment { color rgbt <1,0,0,0> }
	no_shadow
}

// particle -1
sphere {
	<27.121584, 34.931168, 33.876881> 0.100000
	pigment { color rgbt <1,0,0,0> }
	no_shadow
}
sphere {
	0, 1
	scale<0.080000,0.200000,0.300000>
	matrix <0.924310, -0.016612, -0.381282,
		-0.118155, 0.937510, -0.327282,
		0.362893, 0.347560, 0.864587,
		27.230452, 35.035435, 34.136257>
	pigment { color rgbt <0,1,1,0> }
	no_shadow
}
cylinder {
	<27.454775, 35.143829, 33.226639>,  <26.976427, 34.792145, 33.531044>, 0.130000
	pigment { color rgbt <1,0,0,0> }
	no_shadow
}

// nucleotide -1

// particle -1
sphere {
	<27.454775, 35.143829, 33.226639> 0.250000
	pigment { color rgbt <1,0,0,0> }
	no_shadow
}
cylinder {
	<27.550907, 35.109112, 33.613361>,  <27.608587, 35.088280, 33.845394>, 0.100000
	pigment { color rgbt <1,0,0,0> }
	no_shadow
}
cylinder {
	<27.550907, 35.109112, 33.613361>,  <27.454775, 35.143829, 33.226639>, 0.100000
	pigment { color rgbt <1,0,0,0> }
	no_shadow
}

// particle -1
sphere {
	<27.550907, 35.109112, 33.613361> 0.100000
	pigment { color rgbt <1,0,0,0> }
	no_shadow
}
sphere {
	0, 1
	scale<0.080000,0.200000,0.300000>
	matrix <0.888439, -0.381572, -0.255106,
		0.391047, 0.920255, -0.014591,
		0.240330, -0.086795, 0.966803,
		27.623007, 35.083073, 33.903400>
	pigment { color rgbt <0,1,1,0> }
	no_shadow
}
cylinder {
	<28.088942, 35.462627, 33.292942>,  <27.454775, 35.143829, 33.226639>, 0.130000
	pigment { color rgbt <1,0,0,0> }
	no_shadow
}

// nucleotide -1

// particle -1
sphere {
	<28.088942, 35.462627, 33.292942> 0.250000
	pigment { color rgbt <1,0,0,0> }
	no_shadow
}
cylinder {
	<28.050125, 35.217373, 33.606541>,  <28.026834, 35.070221, 33.794701>, 0.100000
	pigment { color rgbt <1,0,0,0> }
	no_shadow
}
cylinder {
	<28.050125, 35.217373, 33.606541>,  <28.088942, 35.462627, 33.292942>, 0.100000
	pigment { color rgbt <1,0,0,0> }
	no_shadow
}

// particle -1
sphere {
	<28.050125, 35.217373, 33.606541> 0.100000
	pigment { color rgbt <1,0,0,0> }
	no_shadow
}
sphere {
	0, 1
	scale<0.080000,0.200000,0.300000>
	matrix <0.821849, -0.493668, -0.284352,
		0.561380, 0.616734, 0.551808,
		-0.097041, -0.613132, 0.783997,
		28.021013, 35.033432, 33.841740>
	pigment { color rgbt <0,1,1,0> }
	no_shadow
}
cylinder {
	<28.832838, 35.486248, 33.621750>,  <28.088942, 35.462627, 33.292942>, 0.130000
	pigment { color rgbt <1,0,0,0> }
	no_shadow
}

// nucleotide -1

// particle -1
sphere {
	<28.832838, 35.486248, 33.621750> 0.250000
	pigment { color rgbt <1,0,0,0> }
	no_shadow
}
cylinder {
	<28.619394, 35.158756, 33.706543>,  <28.491327, 34.962261, 33.757420>, 0.100000
	pigment { color rgbt <1,0,0,0> }
	no_shadow
}
cylinder {
	<28.619394, 35.158756, 33.706543>,  <28.832838, 35.486248, 33.621750>, 0.100000
	pigment { color rgbt <1,0,0,0> }
	no_shadow
}

// particle -1
sphere {
	<28.619394, 35.158756, 33.706543> 0.100000
	pigment { color rgbt <1,0,0,0> }
	no_shadow
}
sphere {
	0, 1
	scale<0.080000,0.200000,0.300000>
	matrix <0.803690, -0.568942, -0.174318,
		0.263326, 0.077350, 0.961601,
		-0.533611, -0.818732, 0.211983,
		28.459311, 34.913136, 33.770138>
	pigment { color rgbt <0,1,1,0> }
	no_shadow
}
cylinder {
	<29.183905, 35.188919, 34.214573>,  <28.832838, 35.486248, 33.621750>, 0.130000
	pigment { color rgbt <1,0,0,0> }
	no_shadow
}

// nucleotide -1

// particle -1
sphere {
	<29.183905, 35.188919, 34.214573> 0.250000
	pigment { color rgbt <1,0,0,0> }
	no_shadow
}
cylinder {
	<28.985083, 34.944344, 33.968292>,  <28.865789, 34.797600, 33.820526>, 0.100000
	pigment { color rgbt <1,0,0,0> }
	no_shadow
}
cylinder {
	<28.985083, 34.944344, 33.968292>,  <29.183905, 35.188919, 34.214573>, 0.100000
	pigment { color rgbt <1,0,0,0> }
	no_shadow
}

// particle -1
sphere {
	<28.985083, 34.944344, 33.968292> 0.100000
	pigment { color rgbt <1,0,0,0> }
	no_shadow
}
sphere {
	0, 1
	scale<0.080000,0.200000,0.300000>
	matrix <0.828739, -0.544797, -0.128016,
		-0.257156, -0.573883, 0.777515,
		-0.497054, -0.611436, -0.615697,
		28.835966, 34.760914, 33.783585>
	pigment { color rgbt <0,1,1,0> }
	no_shadow
}
cylinder {
	<29.051216, 34.422600, 34.352951>,  <29.183905, 35.188919, 34.214573>, 0.130000
	pigment { color rgbt <1,0,0,0> }
	no_shadow
}

// nucleotide -1

// particle -1
sphere {
	<29.051216, 34.422600, 34.352951> 0.250000
	pigment { color rgbt <1,0,0,0> }
	no_shadow
}
cylinder {
	<29.037207, 34.403778, 33.953640>,  <29.028801, 34.392483, 33.714054>, 0.100000
	pigment { color rgbt <1,0,0,0> }
	no_shadow
}
cylinder {
	<29.037207, 34.403778, 33.953640>,  <29.051216, 34.422600, 34.352951>, 0.100000
	pigment { color rgbt <1,0,0,0> }
	no_shadow
}

// particle -1
sphere {
	<29.037207, 34.403778, 33.953640> 0.100000
	pigment { color rgbt <1,0,0,0> }
	no_shadow
}
sphere {
	0, 1
	scale<0.080000,0.200000,0.300000>
	matrix <0.608069, -0.793721, 0.016081,
		-0.793111, -0.606459, 0.056414,
		-0.035024, -0.047058, -0.998278,
		29.026699, 34.389660, 33.654156>
	pigment { color rgbt <0,1,1,0> }
	no_shadow
}
cylinder {
	<28.759033, 33.858532, 34.654877>,  <29.051216, 34.422600, 34.352951>, 0.130000
	pigment { color rgbt <1,0,0,0> }
	no_shadow
}

// nucleotide -1

// particle -1
sphere {
	<28.759033, 33.858532, 34.654877> 0.250000
	pigment { color rgbt <1,0,0,0> }
	no_shadow
}
cylinder {
	<28.456684, 33.775154, 34.903137>,  <28.275274, 33.725128, 35.052094>, 0.100000
	pigment { color rgbt <1,0,0,0> }
	no_shadow
}
cylinder {
	<28.456684, 33.775154, 34.903137>,  <28.759033, 33.858532, 34.654877>, 0.100000
	pigment { color rgbt <1,0,0,0> }
	no_shadow
}

// particle -1
sphere {
	<28.456684, 33.775154, 34.903137> 0.100000
	pigment { color rgbt <1,0,0,0> }
	no_shadow
}
sphere {
	0, 1
	scale<0.080000,0.200000,0.300000>
	matrix <0.188152, -0.977135, -0.099022,
		0.627102, 0.041929, 0.777808,
		-0.755871, -0.208443, 0.620653,
		28.229923, 33.712620, 35.089333>
	pigment { color rgbt <0,1,1,0> }
	no_shadow
}
cylinder {
	<28.183935, 33.877647, 34.193306>,  <28.759033, 33.858532, 34.654877>, 0.130000
	pigment { color rgbt <1,0,0,0> }
	no_shadow
}

// nucleotide -1

// particle -1
sphere {
	<28.183935, 33.877647, 34.193306> 0.250000
	pigment { color rgbt <1,0,0,0> }
	no_shadow
}
cylinder {
	<28.323418, 34.248848, 34.140823>,  <28.407106, 34.471569, 34.109333>, 0.100000
	pigment { color rgbt <1,0,0,0> }
	no_shadow
}
cylinder {
	<28.323418, 34.248848, 34.140823>,  <28.183935, 33.877647, 34.193306>, 0.100000
	pigment { color rgbt <1,0,0,0> }
	no_shadow
}

// particle -1
sphere {
	<28.323418, 34.248848, 34.140823> 0.100000
	pigment { color rgbt <1,0,0,0> }
	no_shadow
}
sphere {
	0, 1
	scale<0.080000,0.200000,0.300000>
	matrix <-0.763561, 0.362474, 0.534403,
		0.543488, -0.086163, 0.834983,
		0.348706, 0.928002, -0.131210,
		28.428030, 34.527248, 34.101460>
	pigment { color rgbt <0,1,1,0> }
	no_shadow
}
cylinder {
	<28.026329, 34.179596, 34.806019>,  <28.183935, 33.877647, 34.193306>, 0.130000
	pigment { color rgbt <1,0,0,0> }
	no_shadow
}

// nucleotide -1

// particle -1
sphere {
	<28.026329, 34.179596, 34.806019> 0.250000
	pigment { color rgbt <1,0,0,0> }
	no_shadow
}
cylinder {
	<28.038399, 34.453236, 34.514515>,  <28.045641, 34.617420, 34.339611>, 0.100000
	pigment { color rgbt <1,0,0,0> }
	no_shadow
}
cylinder {
	<28.038399, 34.453236, 34.514515>,  <28.026329, 34.179596, 34.806019>, 0.100000
	pigment { color rgbt <1,0,0,0> }
	no_shadow
}

// particle -1
sphere {
	<28.038399, 34.453236, 34.514515> 0.100000
	pigment { color rgbt <1,0,0,0> }
	no_shadow
}
sphere {
	0, 1
	scale<0.080000,0.200000,0.300000>
	matrix <-0.656983, 0.563052, 0.501343,
		0.753301, 0.463658, 0.466432,
		0.030174, 0.684100, -0.728764,
		28.047451, 34.658466, 34.295887>
	pigment { color rgbt <0,1,1,0> }
	no_shadow
}
cylinder {
	<27.965014, 34.788486, 35.122440>,  <28.026329, 34.179596, 34.806019>, 0.130000
	pigment { color rgbt <1,0,0,0> }
	no_shadow
}

// nucleotide -1

// particle -1
sphere {
	<27.965014, 34.788486, 35.122440> 0.250000
	pigment { color rgbt <1,0,0,0> }
	no_shadow
}
cylinder {
	<27.866667, 34.901714, 34.751621>,  <27.807659, 34.969650, 34.529129>, 0.100000
	pigment { color rgbt <1,0,0,0> }
	no_shadow
}
cylinder {
	<27.866667, 34.901714, 34.751621>,  <27.965014, 34.788486, 35.122440>, 0.100000
	pigment { color rgbt <1,0,0,0> }
	no_shadow
}

// particle -1
sphere {
	<27.866667, 34.901714, 34.751621> 0.100000
	pigment { color rgbt <1,0,0,0> }
	no_shadow
}
sphere {
	0, 1
	scale<0.080000,0.200000,0.300000>
	matrix <-0.766826, 0.528207, 0.364657,
		0.592898, 0.800543, 0.087198,
		-0.245865, 0.283070, -0.927050,
		27.792908, 34.986637, 34.473507>
	pigment { color rgbt <0,1,1,0> }
	no_shadow
}
cylinder {
	<27.775721, 35.615364, 35.111206>,  <27.965014, 34.788486, 35.122440>, 0.130000
	pigment { color rgbt <1,0,0,0> }
	no_shadow
}

// nucleotide -1

// particle -1
sphere {
	<27.775721, 35.615364, 35.111206> 0.250000
	pigment { color rgbt <1,0,0,0> }
	no_shadow
}
cylinder {
	<27.603256, 35.432556, 34.800018>,  <27.499779, 35.322872, 34.613304>, 0.100000
	pigment { color rgbt <1,0,0,0> }
	no_shadow
}
cylinder {
	<27.603256, 35.432556, 34.800018>,  <27.775721, 35.615364, 35.111206>, 0.100000
	pigment { color rgbt <1,0,0,0> }
	no_shadow
}

// particle -1
sphere {
	<27.603256, 35.432556, 34.800018> 0.100000
	pigment { color rgbt <1,0,0,0> }
	no_shadow
}
sphere {
	0, 1
	scale<0.080000,0.200000,0.300000>
	matrix <-0.888735, 0.363930, 0.278757,
		0.155729, 0.811596, -0.563080,
		-0.431160, -0.457019, -0.777968,
		27.473907, 35.295452, 34.566628>
	pigment { color rgbt <0,1,1,0> }
	no_shadow
}
cylinder {
	<27.337152, 36.099525, 34.704899>,  <27.775721, 35.615364, 35.111206>, 0.130000
	pigment { color rgbt <1,0,0,0> }
	no_shadow
}

// nucleotide -1

// particle -1
sphere {
	<27.337152, 36.099525, 34.704899> 0.250000
	pigment { color rgbt <1,0,0,0> }
	no_shadow
}
cylinder {
	<27.185440, 35.732609, 34.656372>,  <27.094412, 35.512459, 34.627254>, 0.100000
	pigment { color rgbt <1,0,0,0> }
	no_shadow
}
cylinder {
	<27.185440, 35.732609, 34.656372>,  <27.337152, 36.099525, 34.704899>, 0.100000
	pigment { color rgbt <1,0,0,0> }
	no_shadow
}

// particle -1
sphere {
	<27.185440, 35.732609, 34.656372> 0.100000
	pigment { color rgbt <1,0,0,0> }
	no_shadow
}
sphere {
	0, 1
	scale<0.080000,0.200000,0.300000>
	matrix <-0.892598, 0.328186, 0.309133,
		-0.243749, 0.225540, -0.943249,
		-0.379283, -0.917292, -0.121321,
		27.071655, 35.457420, 34.619976>
	pigment { color rgbt <0,1,1,0> }
	no_shadow
}
cylinder {
	<26.813784, 36.124363, 34.217159>,  <27.337152, 36.099525, 34.704899>, 0.130000
	pigment { color rgbt <1,0,0,0> }
	no_shadow
}

// nucleotide -1

// particle -1
sphere {
	<26.813784, 36.124363, 34.217159> 0.250000
	pigment { color rgbt <1,0,0,0> }
	no_shadow
}
cylinder {
	<26.758509, 35.820724, 34.471619>,  <26.725344, 35.638542, 34.624294>, 0.100000
	pigment { color rgbt <1,0,0,0> }
	no_shadow
}
cylinder {
	<26.758509, 35.820724, 34.471619>,  <26.813784, 36.124363, 34.217159>, 0.100000
	pigment { color rgbt <1,0,0,0> }
	no_shadow
}

// particle -1
sphere {
	<26.758509, 35.820724, 34.471619> 0.100000
	pigment { color rgbt <1,0,0,0> }
	no_shadow
}
sphere {
	0, 1
	scale<0.080000,0.200000,0.300000>
	matrix <-0.985309, 0.170452, -0.010638,
		-0.100357, -0.628269, -0.771496,
		-0.138187, -0.759094, 0.636145,
		26.717052, 35.592995, 34.662460>
	pigment { color rgbt <0,1,1,0> }
	no_shadow
}
cylinder {
	<26.499607, 35.640785, 33.796021>,  <26.813784, 36.124363, 34.217159>, 0.130000
	pigment { color rgbt <1,0,0,0> }
	no_shadow
}

// nucleotide -1

// particle -1
sphere {
	<26.499607, 35.640785, 33.796021> 0.250000
	pigment { color rgbt <1,0,0,0> }
	no_shadow
}
cylinder {
	<26.378748, 35.525017, 33.432716>,  <26.306232, 35.455555, 33.214733>, 0.100000
	pigment { color rgbt <1,0,0,0> }
	no_shadow
}
cylinder {
	<26.378748, 35.525017, 33.432716>,  <26.499607, 35.640785, 33.796021>, 0.100000
	pigment { color rgbt <1,0,0,0> }
	no_shadow
}

// particle -1
sphere {
	<26.378748, 35.525017, 33.432716> 0.100000
	pigment { color rgbt <1,0,0,0> }
	no_shadow
}
sphere {
	0, 1
	scale<0.080000,0.200000,0.300000>
	matrix <0.191824, 0.914847, -0.355330,
		0.933761, -0.281589, -0.220902,
		-0.302149, -0.289419, -0.908263,
		26.288103, 35.438190, 33.160236>
	pigment { color rgbt <0,1,1,0> }
	no_shadow
}
cylinder {
	<26.834585, 36.189796, 33.394245>,  <26.499607, 35.640785, 33.796021>, 0.130000
	pigment { color rgbt <1,0,0,0> }
	no_shadow
}

// nucleotide -1

// particle -1
sphere {
	<26.834585, 36.189796, 33.394245> 0.250000
	pigment { color rgbt <1,0,0,0> }
	no_shadow
}
cylinder {
	<26.686005, 35.883957, 33.183563>,  <26.596857, 35.700455, 33.057156>, 0.100000
	pigment { color rgbt <1,0,0,0> }
	no_shadow
}
cylinder {
	<26.686005, 35.883957, 33.183563>,  <26.834585, 36.189796, 33.394245>, 0.100000
	pigment { color rgbt <1,0,0,0> }
	no_shadow
}

// particle -1
sphere {
	<26.686005, 35.883957, 33.183563> 0.100000
	pigment { color rgbt <1,0,0,0> }
	no_shadow
}
sphere {
	0, 1
	scale<0.080000,0.200000,0.300000>
	matrix <0.765787, -0.573063, 0.291839,
		-0.524973, -0.294938, 0.798383,
		-0.371449, -0.764598, -0.526702,
		26.574570, 35.654579, 33.025551>
	pigment { color rgbt <0,1,1,0> }
	no_shadow
}
cylinder {
	<27.522320, 36.504608, 33.427322>,  <26.834585, 36.189796, 33.394245>, 0.130000
	pigment { color rgbt <1,0,0,0> }
	no_shadow
}

// nucleotide -1

// particle -1
sphere {
	<27.522320, 36.504608, 33.427322> 0.250000
	pigment { color rgbt <1,0,0,0> }
	no_shadow
}
cylinder {
	<27.792837, 36.599739, 33.706196>,  <27.955149, 36.656818, 33.873520>, 0.100000
	pigment { color rgbt <1,0,0,0> }
	no_shadow
}
cylinder {
	<27.792837, 36.599739, 33.706196>,  <27.522320, 36.504608, 33.427322>, 0.100000
	pigment { color rgbt <1,0,0,0> }
	no_shadow
}

// particle -1
sphere {
	<27.792837, 36.599739, 33.706196> 0.100000
	pigment { color rgbt <1,0,0,0> }
	no_shadow
}
sphere {
	0, 1
	scale<0.080000,0.200000,0.300000>
	matrix <0.706661, 0.057758, -0.705191,
		-0.207980, 0.969589, -0.129000,
		0.676295, 0.237825, 0.697183,
		27.995726, 36.671085, 33.915352>
	pigment { color rgbt <0,1,1,0> }
	no_shadow
}
cylinder {
	<27.561493, 37.175278, 33.130806>,  <27.522320, 36.504608, 33.427322>, 0.130000
	pigment { color rgbt <1,0,0,0> }
	no_shadow
}

// nucleotide -1

// particle -1
sphere {
	<27.561493, 37.175278, 33.130806> 0.250000
	pigment { color rgbt <1,0,0,0> }
	no_shadow
}
cylinder {
	<27.832275, 36.933300, 33.298508>,  <27.994743, 36.788113, 33.399128>, 0.100000
	pigment { color rgbt <1,0,0,0> }
	no_shadow
}
cylinder {
	<27.832275, 36.933300, 33.298508>,  <27.561493, 37.175278, 33.130806>, 0.100000
	pigment { color rgbt <1,0,0,0> }
	no_shadow
}

// particle -1
sphere {
	<27.832275, 36.933300, 33.298508> 0.100000
	pigment { color rgbt <1,0,0,0> }
	no_shadow
}
sphere {
	0, 1
	scale<0.080000,0.200000,0.300000>
	matrix <0.653465, 0.231865, -0.720571,
		0.338699, 0.761758, 0.552275,
		0.676954, -0.604949, 0.419250,
		28.035362, 36.751816, 33.424282>
	pigment { color rgbt <0,1,1,0> }
	no_shadow
}
cylinder {
	<28.194363, 37.585281, 33.196621>,  <27.561493, 37.175278, 33.130806>, 0.130000
	pigment { color rgbt <1,0,0,0> }
	no_shadow
}

// nucleotide -1

// particle -1
sphere {
	<28.194363, 37.585281, 33.196621> 0.250000
	pigment { color rgbt <1,0,0,0> }
	no_shadow
}
cylinder {
	<28.281931, 37.195381, 33.179016>,  <28.334471, 36.961441, 33.168453>, 0.100000
	pigment { color rgbt <1,0,0,0> }
	no_shadow
}
cylinder {
	<28.281931, 37.195381, 33.179016>,  <28.194363, 37.585281, 33.196621>, 0.100000
	pigment { color rgbt <1,0,0,0> }
	no_shadow
}

// particle -1
sphere {
	<28.281931, 37.195381, 33.179016> 0.100000
	pigment { color rgbt <1,0,0,0> }
	no_shadow
}
sphere {
	0, 1
	scale<0.080000,0.200000,0.300000>
	matrix <0.684420, 0.185548, -0.705083,
		0.695445, 0.124235, 0.707758,
		0.218919, -0.974750, -0.044009,
		28.347607, 36.902958, 33.165813>
	pigment { color rgbt <0,1,1,0> }
	no_shadow
}
cylinder {
	<28.990282, 37.460033, 33.366577>,  <28.194363, 37.585281, 33.196621>, 0.130000
	pigment { color rgbt <1,0,0,0> }
	no_shadow
}

// nucleotide -1

// particle -1
sphere {
	<28.990282, 37.460033, 33.366577> 0.250000
	pigment { color rgbt <1,0,0,0> }
	no_shadow
}
cylinder {
	<28.813068, 37.217205, 33.102703>,  <28.706741, 37.071507, 32.944378>, 0.100000
	pigment { color rgbt <1,0,0,0> }
	no_shadow
}
cylinder {
	<28.813068, 37.217205, 33.102703>,  <28.990282, 37.460033, 33.366577>, 0.100000
	pigment { color rgbt <1,0,0,0> }
	no_shadow
}

// particle -1
sphere {
	<28.813068, 37.217205, 33.102703> 0.100000
	pigment { color rgbt <1,0,0,0> }
	no_shadow
}
sphere {
	0, 1
	scale<0.080000,0.200000,0.300000>
	matrix <0.716019, 0.203194, -0.667854,
		0.539480, -0.768229, 0.344653,
		-0.443033, -0.607072, -0.659685,
		28.680159, 37.035084, 32.904797>
	pigment { color rgbt <0,1,1,0> }
	no_shadow
}
cylinder {
	<29.094837, 38.271099, 33.450371>,  <28.990282, 37.460033, 33.366577>, 0.130000
	pigment { color rgbt <1,0,0,0> }
	no_shadow
}

// nucleotide -1

// particle -1
sphere {
	<29.094837, 38.271099, 33.450371> 0.250000
	pigment { color rgbt <1,0,0,0> }
	no_shadow
}
cylinder {
	<29.277252, 38.238235, 33.095905>,  <29.386702, 38.218517, 32.883228>, 0.100000
	pigment { color rgbt <1,0,0,0> }
	no_shadow
}
cylinder {
	<29.277252, 38.238235, 33.095905>,  <29.094837, 38.271099, 33.450371>, 0.100000
	pigment { color rgbt <1,0,0,0> }
	no_shadow
}

// particle -1
sphere {
	<29.277252, 38.238235, 33.095905> 0.100000
	pigment { color rgbt <1,0,0,0> }
	no_shadow
}
sphere {
	0, 1
	scale<0.080000,0.200000,0.300000>
	matrix <0.215031, 0.976400, 0.020137,
		0.863593, -0.199735, 0.462940,
		0.456036, -0.082156, -0.886161,
		29.414062, 38.213589, 32.830055>
	pigment { color rgbt <0,1,1,0> }
	no_shadow
}
cylinder {
	<29.573784, 38.797337, 33.484577>,  <29.094837, 38.271099, 33.450371>, 0.130000
	pigment { color rgbt <1,0,0,0> }
	no_shadow
}

// nucleotide -1

// particle -1
sphere {
	<29.573784, 38.797337, 33.484577> 0.250000
	pigment { color rgbt <1,0,0,0> }
	no_shadow
}
cylinder {
	<29.624022, 38.688313, 33.103016>,  <29.654165, 38.622898, 32.874077>, 0.100000
	pigment { color rgbt <1,0,0,0> }
	no_shadow
}
cylinder {
	<29.624022, 38.688313, 33.103016>,  <29.573784, 38.797337, 33.484577>, 0.100000
	pigment { color rgbt <1,0,0,0> }
	no_shadow
}

// particle -1
sphere {
	<29.624022, 38.688313, 33.103016> 0.100000
	pigment { color rgbt <1,0,0,0> }
	no_shadow
}
sphere {
	0, 1
	scale<0.080000,0.200000,0.300000>
	matrix <0.304753, 0.925630, -0.224352,
		0.944114, -0.262529, 0.199317,
		0.125595, -0.272556, -0.953907,
		29.661699, 38.606544, 32.816845>
	pigment { color rgbt <0,1,1,0> }
	no_shadow
}
cylinder {
	<30.277794, 38.842331, 33.258743>,  <29.573784, 38.797337, 33.484577>, 0.130000
	pigment { color rgbt <1,0,0,0> }
	no_shadow
}

// nucleotide -1

// particle -1
sphere {
	<30.277794, 38.842331, 33.258743> 0.250000
	pigment { color rgbt <1,0,0,0> }
	no_shadow
}
cylinder {
	<29.988503, 38.931755, 32.997372>,  <29.814928, 38.985409, 32.840549>, 0.100000
	pigment { color rgbt <1,0,0,0> }
	no_shadow
}
cylinder {
	<29.988503, 38.931755, 32.997372>,  <30.277794, 38.842331, 33.258743>, 0.100000
	pigment { color rgbt <1,0,0,0> }
	no_shadow
}

// particle -1
sphere {
	<29.988503, 38.931755, 32.997372> 0.100000
	pigment { color rgbt <1,0,0,0> }
	no_shadow
}
sphere {
	0, 1
	scale<0.080000,0.200000,0.300000>
	matrix <0.308471, 0.951099, -0.016021,
		0.617890, -0.213150, -0.756821,
		-0.723227, 0.223558, -0.653425,
		29.771534, 38.998821, 32.801346>
	pigment { color rgbt <0,1,1,0> }
	no_shadow
}
cylinder {
	<30.615902, 39.289127, 32.913765>,  <30.277794, 38.842331, 33.258743>, 0.130000
	pigment { color rgbt <1,0,0,0> }
	no_shadow
}

// nucleotide -1

// particle -1
sphere {
	<30.615902, 39.289127, 32.913765> 0.250000
	pigment { color rgbt <1,0,0,0> }
	no_shadow
}
cylinder {
	<30.218472, 39.323486, 32.884300>,  <29.980013, 39.344101, 32.866623>, 0.100000
	pigment { color rgbt <1,0,0,0> }
	no_shadow
}
cylinder {
	<30.218472, 39.323486, 32.884300>,  <30.615902, 39.289127, 32.913765>, 0.100000
	pigment { color rgbt <1,0,0,0> }
	no_shadow
}

// particle -1
sphere {
	<30.218472, 39.323486, 32.884300> 0.100000
	pigment { color rgbt <1,0,0,0> }
	no_shadow
}
sphere {
	0, 1
	scale<0.080000,0.200000,0.300000>
	matrix <0.095034, 0.986799, -0.131135,
		0.061422, -0.137293, -0.988624,
		-0.993577, 0.085898, -0.073659,
		29.920399, 39.349255, 32.862202>
	pigment { color rgbt <0,1,1,0> }
	no_shadow
}
cylinder {
	<31.192509, 39.633461, 32.969151>,  <30.615902, 39.289127, 32.913765>, 0.130000
	pigment { color rgbt <1,0,0,0> }
	no_shadow
}

// nucleotide -1

// particle -1
sphere {
	<31.192509, 39.633461, 32.969151> 0.250000
	pigment { color rgbt <1,0,0,0> }
	no_shadow
}
cylinder {
	<31.555820, 39.486458, 33.049118>,  <31.773808, 39.398254, 33.097099>, 0.100000
	pigment { color rgbt <1,0,0,0> }
	no_shadow
}
cylinder {
	<31.555820, 39.486458, 33.049118>,  <31.192509, 39.633461, 32.969151>, 0.100000
	pigment { color rgbt <1,0,0,0> }
	no_shadow
}

// particle -1
sphere {
	<31.555820, 39.486458, 33.049118> 0.100000
	pigment { color rgbt <1,0,0,0> }
	no_shadow
}
sphere {
	0, 1
	scale<0.080000,0.200000,0.300000>
	matrix <0.283401, 0.188954, -0.940202,
		0.307760, 0.910622, 0.275776,
		0.908277, -0.367512, 0.199918,
		31.828304, 39.376205, 33.109093>
	pigment { color rgbt <0,1,1,0> }
	no_shadow
}
cylinder {
	<31.533209, 39.972435, 32.465477>,  <31.192509, 39.633461, 32.969151>, 0.130000
	pigment { color rgbt <1,0,0,0> }
	no_shadow
}

// nucleotide -1

// particle -1
sphere {
	<31.533209, 39.972435, 32.465477> 0.250000
	pigment { color rgbt <1,0,0,0> }
	no_shadow
}
cylinder {
	<31.798052, 39.702549, 32.595936>,  <31.956959, 39.540619, 32.674213>, 0.100000
	pigment { color rgbt <1,0,0,0> }
	no_shadow
}
cylinder {
	<31.798052, 39.702549, 32.595936>,  <31.533209, 39.972435, 32.465477>, 0.100000
	pigment { color rgbt <1,0,0,0> }
	no_shadow
}

// particle -1
sphere {
	<31.798052, 39.702549, 32.595936> 0.100000
	pigment { color rgbt <1,0,0,0> }
	no_shadow
}
sphere {
	0, 1
	scale<0.080000,0.200000,0.300000>
	matrix <0.365355, -0.089365, -0.926569,
		0.654314, 0.732650, 0.187340,
		0.662109, -0.674713, 0.326150,
		31.996685, 39.500134, 32.693783>
	pigment { color rgbt <0,1,1,0> }
	no_shadow
}
cylinder {
	<32.192280, 40.271957, 32.179859>,  <31.533209, 39.972435, 32.465477>, 0.130000
	pigment { color rgbt <1,0,0,0> }
	no_shadow
}

// nucleotide -1

// particle -1
sphere {
	<32.192280, 40.271957, 32.179859> 0.250000
	pigment { color rgbt <1,0,0,0> }
	no_shadow
}
cylinder {
	<32.212067, 39.881611, 32.264931>,  <32.223938, 39.647404, 32.315971>, 0.100000
	pigment { color rgbt <1,0,0,0> }
	no_shadow
}
cylinder {
	<32.212067, 39.881611, 32.264931>,  <32.192280, 40.271957, 32.179859>, 0.100000
	pigment { color rgbt <1,0,0,0> }
	no_shadow
}

// particle -1
sphere {
	<32.212067, 39.881611, 32.264931> 0.100000
	pigment { color rgbt <1,0,0,0> }
	no_shadow
}
sphere {
	0, 1
	scale<0.080000,0.200000,0.300000>
	matrix <0.295201, -0.189138, -0.936527,
		0.954154, 0.109106, 0.278722,
		0.049464, -0.975870, 0.212675,
		32.226906, 39.588848, 32.328732>
	pigment { color rgbt <0,1,1,0> }
	no_shadow
}
cylinder {
	<32.216282, 40.630489, 31.477226>,  <32.192280, 40.271957, 32.179859>, 0.130000
	pigment { color rgbt <1,0,0,0> }
	no_shadow
}

// nucleotide -1

// particle -1
sphere {
	<32.216282, 40.630489, 31.477226> 0.250000
	pigment { color rgbt <1,0,0,0> }
	no_shadow
}
cylinder {
	<31.930412, 40.481068, 31.240685>,  <31.758890, 40.391415, 31.098759>, 0.100000
	pigment { color rgbt <1,0,0,0> }
	no_shadow
}
cylinder {
	<31.930412, 40.481068, 31.240685>,  <32.216282, 40.630489, 31.477226>, 0.100000
	pigment { color rgbt <1,0,0,0> }
	no_shadow
}

// particle -1
sphere {
	<31.930412, 40.481068, 31.240685> 0.100000
	pigment { color rgbt <1,0,0,0> }
	no_shadow
}
sphere {
	0, 1
	scale<0.080000,0.200000,0.300000>
	matrix <0.227784, -0.923657, 0.308175,
		-0.661329, 0.085543, 0.745202,
		-0.714673, -0.373550, -0.591356,
		31.716011, 40.369003, 31.063278>
	pigment { color rgbt <0,1,1,0> }
	no_shadow
}
cylinder {
	<32.635452, 40.034954, 31.327936>,  <32.216282, 40.630489, 31.477226>, 0.130000
	pigment { color rgbt <1,0,0,0> }
	no_shadow
}

// nucleotide -1

// particle -1
sphere {
	<32.635452, 40.034954, 31.327936> 0.250000
	pigment { color rgbt <1,0,0,0> }
	no_shadow
}
cylinder {
	<32.753117, 39.669880, 31.214462>,  <32.823715, 39.450836, 31.146378>, 0.100000
	pigment { color rgbt <1,0,0,0> }
	no_shadow
}
cylinder {
	<32.753117, 39.669880, 31.214462>,  <32.635452, 40.034954, 31.327936>, 0.100000
	pigment { color rgbt <1,0,0,0> }
	no_shadow
}

// particle -1
sphere {
	<32.753117, 39.669880, 31.214462> 0.100000
	pigment { color rgbt <1,0,0,0> }
	no_shadow
}
sphere {
	0, 1
	scale<0.080000,0.200000,0.300000>
	matrix <-0.219318, -0.353355, 0.909418,
		-0.930252, -0.205300, -0.304112,
		0.294162, -0.912684, -0.283683,
		32.841366, 39.396076, 31.129358>
	pigment { color rgbt <0,1,1,0> }
	no_shadow
}
cylinder {
	<32.088909, 39.422554, 31.281227>,  <32.635452, 40.034954, 31.327936>, 0.130000
	pigment { color rgbt <1,0,0,0> }
	no_shadow
}

// nucleotide -1

// particle -1
sphere {
	<32.088909, 39.422554, 31.281227> 0.250000
	pigment { color rgbt <1,0,0,0> }
	no_shadow
}
cylinder {
	<32.454048, 39.281757, 31.363995>,  <32.673130, 39.197277, 31.413654>, 0.100000
	pigment { color rgbt <1,0,0,0> }
	no_shadow
}
cylinder {
	<32.454048, 39.281757, 31.363995>,  <32.088909, 39.422554, 31.281227>, 0.100000
	pigment { color rgbt <1,0,0,0> }
	no_shadow
}

// particle -1
sphere {
	<32.454048, 39.281757, 31.363995> 0.100000
	pigment { color rgbt <1,0,0,0> }
	no_shadow
}
sphere {
	0, 1
	scale<0.080000,0.200000,0.300000>
	matrix <-0.296129, -0.221836, 0.929030,
		-0.281117, -0.909332, -0.306739,
		0.912842, -0.352000, 0.206918,
		32.727901, 39.176159, 31.426071>
	pigment { color rgbt <0,1,1,0> }
	no_shadow
}
cylinder {
	<32.038647, 38.775826, 31.546782>,  <32.088909, 39.422554, 31.281227>, 0.130000
	pigment { color rgbt <1,0,0,0> }
	no_shadow
}

// nucleotide -1

// particle -1
sphere {
	<32.038647, 38.775826, 31.546782> 0.250000
	pigment { color rgbt <1,0,0,0> }
	no_shadow
}
cylinder {
	<32.382729, 38.923420, 31.687576>,  <32.589180, 39.011974, 31.772053>, 0.100000
	pigment { color rgbt <1,0,0,0> }
	no_shadow
}
cylinder {
	<32.382729, 38.923420, 31.687576>,  <32.038647, 38.775826, 31.546782>, 0.100000
	pigment { color rgbt <1,0,0,0> }
	no_shadow
}

// particle -1
sphere {
	<32.382729, 38.923420, 31.687576> 0.100000
	pigment { color rgbt <1,0,0,0> }
	no_shadow
}
sphere {
	0, 1
	scale<0.080000,0.200000,0.300000>
	matrix <-0.332096, -0.118464, 0.935777,
		0.386983, -0.921856, 0.020635,
		0.860206, 0.368983, 0.351988,
		32.640789, 39.034115, 31.793173>
	pigment { color rgbt <0,1,1,0> }
	no_shadow
}
cylinder {
	<32.189388, 38.360832, 32.107380>,  <32.038647, 38.775826, 31.546782>, 0.130000
	pigment { color rgbt <1,0,0,0> }
	no_shadow
}

// nucleotide -1

// particle -1
sphere {
	<32.189388, 38.360832, 32.107380> 0.250000
	pigment { color rgbt <1,0,0,0> }
	no_shadow
}
cylinder {
	<32.399384, 38.699322, 32.143791>,  <32.525383, 38.902416, 32.165638>, 0.100000
	pigment { color rgbt <1,0,0,0> }
	no_shadow
}
cylinder {
	<32.399384, 38.699322, 32.143791>,  <32.189388, 38.360832, 32.107380>, 0.100000
	pigment { color rgbt <1,0,0,0> }
	no_shadow
}

// particle -1
sphere {
	<32.399384, 38.699322, 32.143791> 0.100000
	pigment { color rgbt <1,0,0,0> }
	no_shadow
}
sphere {
	0, 1
	scale<0.080000,0.200000,0.300000>
	matrix <-0.285968, 0.074643, 0.955327,
		0.801627, -0.527571, 0.281180,
		0.524991, 0.846225, 0.091033,
		32.556881, 38.953190, 32.171101>
	pigment { color rgbt <0,1,1,0> }
	no_shadow
}
cylinder {
	<32.499035, 38.330948, 32.676304>,  <32.189388, 38.360832, 32.107380>, 0.130000
	pigment { color rgbt <1,0,0,0> }
	no_shadow
}

// nucleotide -1

// particle -1
sphere {
	<32.499035, 38.330948, 32.676304> 0.250000
	pigment { color rgbt <1,0,0,0> }
	no_shadow
}
cylinder {
	<32.458965, 38.720428, 32.594463>,  <32.434925, 38.954117, 32.545357>, 0.100000
	pigment { color rgbt <1,0,0,0> }
	no_shadow
}
cylinder {
	<32.458965, 38.720428, 32.594463>,  <32.499035, 38.330948, 32.676304>, 0.100000
	pigment { color rgbt <1,0,0,0> }
	no_shadow
}

// particle -1
sphere {
	<32.458965, 38.720428, 32.594463> 0.100000
	pigment { color rgbt <1,0,0,0> }
	no_shadow
}
sphere {
	0, 1
	scale<0.080000,0.200000,0.300000>
	matrix <-0.264074, 0.172245, 0.948998,
		0.959286, 0.149096, 0.239876,
		-0.100174, 0.973705, -0.204605,
		32.428913, 39.012539, 32.533081>
	pigment { color rgbt <0,1,1,0> }
	no_shadow
}
cylinder {
	<32.828922, 38.697716, 33.236954>,  <32.499035, 38.330948, 32.676304>, 0.130000
	pigment { color rgbt <1,0,0,0> }
	no_shadow
}

// nucleotide -1

// particle -1
sphere {
	<32.828922, 38.697716, 33.236954> 0.250000
	pigment { color rgbt <1,0,0,0> }
	no_shadow
}
cylinder {
	<32.574192, 38.945461, 33.053284>,  <32.421356, 39.094109, 32.943081>, 0.100000
	pigment { color rgbt <1,0,0,0> }
	no_shadow
}
cylinder {
	<32.574192, 38.945461, 33.053284>,  <32.828922, 38.697716, 33.236954>, 0.100000
	pigment { color rgbt <1,0,0,0> }
	no_shadow
}

// particle -1
sphere {
	<32.574192, 38.945461, 33.053284> 0.100000
	pigment { color rgbt <1,0,0,0> }
	no_shadow
}
sphere {
	0, 1
	scale<0.080000,0.200000,0.300000>
	matrix <-0.276868, 0.372129, 0.885926,
		0.719584, 0.691310, -0.065499,
		-0.636823, 0.619363, -0.459179,
		32.383144, 39.131271, 32.915531>
	pigment { color rgbt <0,1,1,0> }
	no_shadow
}
cylinder {
	<33.021397, 39.328606, 33.516422>,  <32.828922, 38.697716, 33.236954>, 0.130000
	pigment { color rgbt <1,0,0,0> }
	no_shadow
}

// nucleotide -1

// particle -1
sphere {
	<33.021397, 39.328606, 33.516422> 0.250000
	pigment { color rgbt <1,0,0,0> }
	no_shadow
}
cylinder {
	<32.645882, 39.326679, 33.378635>,  <32.420574, 39.325523, 33.295963>, 0.100000
	pigment { color rgbt <1,0,0,0> }
	no_shadow
}
cylinder {
	<32.645882, 39.326679, 33.378635>,  <33.021397, 39.328606, 33.516422>, 0.100000
	pigment { color rgbt <1,0,0,0> }
	no_shadow
}

// particle -1
sphere {
	<32.645882, 39.326679, 33.378635> 0.100000
	pigment { color rgbt <1,0,0,0> }
	no_shadow
}
sphere {
	0, 1
	scale<0.080000,0.200000,0.300000>
	matrix <-0.329412, 0.305254, 0.893481,
		0.100849, 0.952259, -0.288153,
		-0.938785, -0.004815, -0.344470,
		32.364246, 39.325233, 33.275295>
	pigment { color rgbt <0,1,1,0> }
	no_shadow
}
cylinder {
	<32.941883, 39.974499, 33.019558>,  <33.021397, 39.328606, 33.516422>, 0.130000
	pigment { color rgbt <1,0,0,0> }
	no_shadow
}

// nucleotide -1

// particle -1
sphere {
	<32.941883, 39.974499, 33.019558> 0.250000
	pigment { color rgbt <1,0,0,0> }
	no_shadow
}
cylinder {
	<32.746727, 39.694027, 32.811588>,  <32.629635, 39.525745, 32.686806>, 0.100000
	pigment { color rgbt <1,0,0,0> }
	no_shadow
}
cylinder {
	<32.746727, 39.694027, 32.811588>,  <32.941883, 39.974499, 33.019558>, 0.100000
	pigment { color rgbt <1,0,0,0> }
	no_shadow
}

// particle -1
sphere {
	<32.746727, 39.694027, 32.811588> 0.100000
	pigment { color rgbt <1,0,0,0> }
	no_shadow
}
sphere {
	0, 1
	scale<0.080000,0.200000,0.300000>
	matrix <0.581663, 0.182972, -0.792584,
