// switches for output
#declare DRAW_BASES = 1; // possible values are 0, 1; only relevant for DNA ribbons
#declare DRAW_BASES_TYPE = 3; // possible values are 1, 2, 3; only relevant for DNA ribbons
#declare DRAW_FOG = 0; // set to 1 to enable fog

#include "colors.inc"

#include "transforms.inc"
background { rgb <1, 1, 1>}

#default {
   normal{
       ripples 0.25
       frequency 0.20
       turbulence 0.2
       lambda 5
   }
	finish {
		phong 0.1
		phong_size 40.
	}
}

// original window dimensions: 1024x640


// camera settings

camera {
	sky <0, 0.179814, -0.983701>
	up <0, 0.179814, -0.983701>
	right 1.6 * <1, 0, 0>
	location <35, 94.9851, 44.8844>
	look_at <35, 29.7336, 32.9568>
	direction <0, -65.2515, -11.9276>
	angle 67.0682
}


# declare cpy_camera_pos = <35, 94.9851, 44.8844>;
# if (DRAW_FOG = 1)
fog {
	fog_type 2
	up vnormalize(cpy_camera_pos)
	color rgbt<1,1,1,0.3>
	distance 1e-5
	fog_alt 3e-3
	fog_offset 56
}
# end


// LIGHTS

# declare lum = 6;
global_settings {
	ambient_light rgb lum * <0.05, 0.05, 0.05>
	max_trace_level 15
}# declare cpy_direct_light_amount = 0.25;
light_source
{	1000 * <-1, -1.16352, -0.803886>,
	rgb lum * cpy_direct_light_amount
	parallel
}

light_source
{	1000 * <1, 1.16352, 0.803886>,
	rgb lum * cpy_direct_light_amount
	parallel
}

// strand 0

// nucleotide -1

// particle -1
sphere {
	<23.976631, 34.742233, 34.794121> 0.250000
	pigment { color rgbt <1,0,0,0> }
	no_shadow
}
cylinder {
	<24.249784, 34.938393, 35.010708>,  <24.413677, 35.056087, 35.140659>, 0.100000
	pigment { color rgbt <1,0,0,0> }
	no_shadow
}
cylinder {
	<24.249784, 34.938393, 35.010708>,  <23.976631, 34.742233, 34.794121>, 0.100000
	pigment { color rgbt <1,0,0,0> }
	no_shadow
}

// particle -1
sphere {
	<24.249784, 34.938393, 35.010708> 0.100000
	pigment { color rgbt <1,0,0,0> }
	no_shadow
}
sphere {
	0, 1
	scale<0.080000,0.200000,0.300000>
	matrix <0.609035, 0.027134, -0.792679,
		-0.403418, 0.871078, -0.280137,
		0.682884, 0.490394, 0.541463,
		24.454649, 35.085510, 35.173145>
	pigment { color rgbt <0,1,1,0> }
	no_shadow
}
cylinder {
	<24.160105, 35.242599, 34.337898>,  <23.976631, 34.742233, 34.794121>, 0.130000
	pigment { color rgbt <1,0,0,0> }
	no_shadow
}

// nucleotide -1

// particle -1
sphere {
	<24.160105, 35.242599, 34.337898> 0.250000
	pigment { color rgbt <1,0,0,0> }
	no_shadow
}
cylinder {
	<24.467905, 35.196159, 34.589100>,  <24.652584, 35.168297, 34.739822>, 0.100000
	pigment { color rgbt <1,0,0,0> }
	no_shadow
}
cylinder {
	<24.467905, 35.196159, 34.589100>,  <24.160105, 35.242599, 34.337898>, 0.100000
	pigment { color rgbt <1,0,0,0> }
	no_shadow
}

// particle -1
sphere {
	<24.467905, 35.196159, 34.589100> 0.100000
	pigment { color rgbt <1,0,0,0> }
	no_shadow
}
sphere {
	0, 1
	scale<0.080000,0.200000,0.300000>
	matrix <0.630380, -0.019628, -0.776038,
		0.102423, 0.993044, 0.058083,
		0.769500, -0.116098, 0.628006,
		24.698755, 35.161331, 34.777500>
	pigment { color rgbt <0,1,1,0> }
	no_shadow
}
cylinder {
	<24.585560, 35.743980, 34.154747>,  <24.160105, 35.242599, 34.337898>, 0.130000
	pigment { color rgbt <1,0,0,0> }
	no_shadow
}

// nucleotide -1

// particle -1
sphere {
	<24.585560, 35.743980, 34.154747> 0.250000
	pigment { color rgbt <1,0,0,0> }
	no_shadow
}
cylinder {
	<24.786425, 35.457172, 34.348122>,  <24.906944, 35.285088, 34.464146>, 0.100000
	pigment { color rgbt <1,0,0,0> }
	no_shadow
}
cylinder {
	<24.786425, 35.457172, 34.348122>,  <24.585560, 35.743980, 34.154747>, 0.100000
	pigment { color rgbt <1,0,0,0> }
	no_shadow
}

// particle -1
sphere {
	<24.786425, 35.457172, 34.348122> 0.100000
	pigment { color rgbt <1,0,0,0> }
	no_shadow
}
sphere {
	0, 1
	scale<0.080000,0.200000,0.300000>
	matrix <0.740617, 0.067977, -0.668480,
		0.446451, 0.693730, 0.565172,
		0.502164, -0.717020, 0.483440,
		24.937075, 35.242065, 34.493153>
	pigment { color rgbt <0,1,1,0> }
	no_shadow
}
cylinder {
	<25.291891, 35.956585, 34.260830>,  <24.585560, 35.743980, 34.154747>, 0.130000
	pigment { color rgbt <1,0,0,0> }
	no_shadow
}

// nucleotide -1

// particle -1
sphere {
	<25.291891, 35.956585, 34.260830> 0.250000
	pigment { color rgbt <1,0,0,0> }
	no_shadow
}
cylinder {
	<25.282051, 35.557144, 34.242142>,  <25.276148, 35.317478, 34.230927>, 0.100000
	pigment { color rgbt <1,0,0,0> }
	no_shadow
}
cylinder {
	<25.282051, 35.557144, 34.242142>,  <25.291891, 35.956585, 34.260830>, 0.100000
	pigment { color rgbt <1,0,0,0> }
	no_shadow
}

// particle -1
sphere {
	<25.282051, 35.557144, 34.242142> 0.100000
	pigment { color rgbt <1,0,0,0> }
	no_shadow
}
sphere {
	0, 1
	scale<0.080000,0.200000,0.300000>
	matrix <0.719516, 0.014763, -0.694319,
		0.694040, -0.050699, 0.718149,
		-0.024599, -0.998605, -0.046725,
		25.274672, 35.257565, 34.228123>
	pigment { color rgbt <0,1,1,0> }
	no_shadow
}
cylinder {
	<25.927393, 35.649620, 34.621983>,  <25.291891, 35.956585, 34.260830>, 0.130000
	pigment { color rgbt <1,0,0,0> }
	no_shadow
}

// nucleotide -1

// particle -1
sphere {
	<25.927393, 35.649620, 34.621983> 0.250000
	pigment { color rgbt <1,0,0,0> }
	no_shadow
}
cylinder {
	<25.789034, 35.452454, 34.302635>,  <25.706018, 35.334152, 34.111027>, 0.100000
	pigment { color rgbt <1,0,0,0> }
	no_shadow
}
cylinder {
	<25.789034, 35.452454, 34.302635>,  <25.927393, 35.649620, 34.621983>, 0.100000
	pigment { color rgbt <1,0,0,0> }
	no_shadow
}

// particle -1
sphere {
	<25.789034, 35.452454, 34.302635> 0.100000
	pigment { color rgbt <1,0,0,0> }
	no_shadow
}
sphere {
	0, 1
	scale<0.080000,0.200000,0.300000>
	matrix <0.713465, 0.414433, -0.564989,
		0.609362, -0.765033, 0.208330,
		-0.345897, -0.492919, -0.798365,
		25.685265, 35.304577, 34.063126>
	pigment { color rgbt <0,1,1,0> }
	no_shadow
}
cylinder {
	<26.540390, 35.567848, 34.219482>,  <25.927393, 35.649620, 34.621983>, 0.130000
	pigment { color rgbt <1,0,0,0> }
	no_shadow
}

// nucleotide -1

// particle -1
sphere {
	<26.540390, 35.567848, 34.219482> 0.250000
	pigment { color rgbt <1,0,0,0> }
	no_shadow
}
cylinder {
	<26.231857, 35.500648, 33.973938>,  <26.046738, 35.460331, 33.826611>, 0.100000
	pigment { color rgbt <1,0,0,0> }
	no_shadow
}
cylinder {
	<26.231857, 35.500648, 33.973938>,  <26.540390, 35.567848, 34.219482>, 0.100000
	pigment { color rgbt <1,0,0,0> }
	no_shadow
}

// particle -1
sphere {
	<26.231857, 35.500648, 33.973938> 0.100000
	pigment { color rgbt <1,0,0,0> }
	no_shadow
}
sphere {
	0, 1
	scale<0.080000,0.200000,0.300000>
	matrix <0.501190, 0.434113, -0.748569,
		0.392237, -0.885056, -0.250651,
		-0.771336, -0.167992, -0.613856,
		26.000458, 35.450249, 33.789780>
	pigment { color rgbt <0,1,1,0> }
	no_shadow
}
cylinder {
	<26.653379, 35.021702, 33.679188>,  <26.540390, 35.567848, 34.219482>, 0.130000
	pigment { color rgbt <1,0,0,0> }
	no_shadow
}

// nucleotide -1

// particle -1
sphere {
	<26.653379, 35.021702, 33.679188> 0.250000
	pigment { color rgbt <1,0,0,0> }
	no_shadow
}
cylinder {
	<26.418331, 35.327225, 33.572376>,  <26.277302, 35.510536, 33.508289>, 0.100000
	pigment { color rgbt <1,0,0,0> }
	no_shadow
}
cylinder {
	<26.418331, 35.327225, 33.572376>,  <26.653379, 35.021702, 33.679188>, 0.100000
	pigment { color rgbt <1,0,0,0> }
	no_shadow
}

// particle -1
sphere {
	<26.418331, 35.327225, 33.572376> 0.100000
	pigment { color rgbt <1,0,0,0> }
	no_shadow
}
sphere {
	0, 1
	scale<0.080000,0.200000,0.300000>
	matrix <0.737083, 0.369170, -0.566058,
		-0.333778, -0.529450, -0.779920,
		-0.587623, 0.763804, -0.267028,
		26.242044, 35.556366, 33.492268>
	pigment { color rgbt <0,1,1,0> }
	no_shadow
}
cylinder {
	<27.310064, 34.793365, 33.303490>,  <26.653379, 35.021702, 33.679188>, 0.130000
	pigment { color rgbt <1,0,0,0> }
	no_shadow
}

// nucleotide -1

// particle -1
sphere {
	<27.310064, 34.793365, 33.303490> 0.250000
	pigment { color rgbt <1,0,0,0> }
	no_shadow
}
cylinder {
	<27.454559, 34.803982, 32.930653>,  <27.541256, 34.810352, 32.706951>, 0.100000
	pigment { color rgbt <1,0,0,0> }
	no_shadow
}
cylinder {
	<27.454559, 34.803982, 32.930653>,  <27.310064, 34.793365, 33.303490>, 0.100000
	pigment { color rgbt <1,0,0,0> }
	no_shadow
}

// particle -1
sphere {
	<27.454559, 34.803982, 32.930653> 0.100000
	pigment { color rgbt <1,0,0,0> }
	no_shadow
}
sphere {
	0, 1
	scale<0.080000,0.200000,0.300000>
	matrix <0.095261, 0.993314, 0.065207,
		0.927596, -0.112348, 0.356292,
		0.361236, 0.026545, -0.932096,
		27.562929, 34.811947, 32.651024>
	pigment { color rgbt <0,1,1,0> }
	no_shadow
}
cylinder {
	<27.921555, 35.248028, 33.263996>,  <27.310064, 34.793365, 33.303490>, 0.130000
	pigment { color rgbt <1,0,0,0> }
	no_shadow
}

// nucleotide -1

// particle -1
sphere {
	<27.921555, 35.248028, 33.263996> 0.250000
	pigment { color rgbt <1,0,0,0> }
	no_shadow
}
cylinder {
	<27.792431, 35.250469, 32.885418>,  <27.714958, 35.251934, 32.658272>, 0.100000
	pigment { color rgbt <1,0,0,0> }
	no_shadow
}
cylinder {
	<27.792431, 35.250469, 32.885418>,  <27.921555, 35.248028, 33.263996>, 0.100000
	pigment { color rgbt <1,0,0,0> }
	no_shadow
}

// particle -1
sphere {
	<27.792431, 35.250469, 32.885418> 0.100000
	pigment { color rgbt <1,0,0,0> }
	no_shadow
}
sphere {
	0, 1
	scale<0.080000,0.200000,0.300000>
	matrix <0.218304, 0.973496, -0.068177,
		0.920945, -0.228621, -0.315584,
		-0.322807, 0.006106, -0.946445,
		27.695589, 35.252300, 32.601486>
	pigment { color rgbt <0,1,1,0> }
	no_shadow
}
cylinder {
	<28.414534, 35.607178, 32.914829>,  <27.921555, 35.248028, 33.263996>, 0.130000
	pigment { color rgbt <1,0,0,0> }
	no_shadow
}

// nucleotide -1

// particle -1
sphere {
	<28.414534, 35.607178, 32.914829> 0.250000
	pigment { color rgbt <1,0,0,0> }
	no_shadow
}
cylinder {
	<28.093348, 35.630169, 32.677528>,  <27.900637, 35.643963, 32.535149>, 0.100000
	pigment { color rgbt <1,0,0,0> }
	no_shadow
}
cylinder {
	<28.093348, 35.630169, 32.677528>,  <28.414534, 35.607178, 32.914829>, 0.100000
	pigment { color rgbt <1,0,0,0> }
	no_shadow
}

// particle -1
sphere {
	<28.093348, 35.630169, 32.677528> 0.100000
	pigment { color rgbt <1,0,0,0> }
	no_shadow
}
sphere {
	0, 1
	scale<0.080000,0.200000,0.300000>
	matrix <0.165306, 0.977769, -0.129003,
		0.572646, -0.201653, -0.794615,
		-0.802963, 0.057481, -0.593250,
		27.852459, 35.647415, 32.499554>
	pigment { color rgbt <0,1,1,0> }
	no_shadow
}
cylinder {
	<28.601498, 35.990349, 32.323853>,  <28.414534, 35.607178, 32.914829>, 0.130000
	pigment { color rgbt <1,0,0,0> }
	no_shadow
}

// nucleotide -1

// particle -1
sphere {
	<28.601498, 35.990349, 32.323853> 0.250000
	pigment { color rgbt <1,0,0,0> }
	no_shadow
}
cylinder {
	<28.202946, 36.001637, 32.291771>,  <27.963814, 36.008408, 32.272522>, 0.100000
	pigment { color rgbt <1,0,0,0> }
	no_shadow
}
cylinder {
	<28.202946, 36.001637, 32.291771>,  <28.601498, 35.990349, 32.323853>, 0.100000
	pigment { color rgbt <1,0,0,0> }
	no_shadow
}

// particle -1
sphere {
	<28.202946, 36.001637, 32.291771> 0.100000
	pigment { color rgbt <1,0,0,0> }
	no_shadow
}
sphere {
	0, 1
	scale<0.080000,0.200000,0.300000>
	matrix <0.035911, 0.994715, -0.096191,
		0.077066, -0.098723, -0.992126,
		-0.996379, 0.028215, -0.080204,
		27.904032, 36.010101, 32.267708>
	pigment { color rgbt <0,1,1,0> }
	no_shadow
}
cylinder {
	<28.285343, 36.470055, 31.756954>,  <28.601498, 35.990349, 32.323853>, 0.130000
	pigment { color rgbt <1,0,0,0> }
	no_shadow
}

// nucleotide -1

// particle -1
sphere {
	<28.285343, 36.470055, 31.756954> 0.250000
	pigment { color rgbt <1,0,0,0> }
	no_shadow
}
cylinder {
	<28.052034, 36.429581, 32.079334>,  <27.912048, 36.405296, 32.272762>, 0.100000
	pigment { color rgbt <1,0,0,0> }
	no_shadow
}
cylinder {
	<28.052034, 36.429581, 32.079334>,  <28.285343, 36.470055, 31.756954>, 0.100000
	pigment { color rgbt <1,0,0,0> }
	no_shadow
}

// particle -1
sphere {
	<28.052034, 36.429581, 32.079334> 0.100000
	pigment { color rgbt <1,0,0,0> }
	no_shadow
}
sphere {
	0, 1
	scale<0.080000,0.200000,0.300000>
	matrix <0.113034, 0.972446, 0.203892,
		-0.804373, 0.210024, -0.555765,
		-0.583273, -0.101185, 0.805949,
		27.877052, 36.399223, 32.321117>
	pigment { color rgbt <0,1,1,0> }
	no_shadow
}
cylinder {
	<27.854507, 37.068760, 31.627771>,  <28.285343, 36.470055, 31.756954>, 0.130000
	pigment { color rgbt <1,0,0,0> }
	no_shadow
}

// nucleotide -1

// particle -1
sphere {
	<27.854507, 37.068760, 31.627771> 0.250000
	pigment { color rgbt <1,0,0,0> }
	no_shadow
}
cylinder {
	<27.851500, 36.953545, 32.010807>,  <27.849695, 36.884415, 32.240627>, 0.100000
	pigment { color rgbt <1,0,0,0> }
	no_shadow
}
cylinder {
	<27.851500, 36.953545, 32.010807>,  <27.854507, 37.068760, 31.627771>, 0.100000
	pigment { color rgbt <1,0,0,0> }
	no_shadow
}

// particle -1
sphere {
	<27.851500, 36.953545, 32.010807> 0.100000
	pigment { color rgbt <1,0,0,0> }
	no_shadow
}
sphere {
	0, 1
	scale<0.080000,0.200000,0.300000>
	matrix <-0.211086, 0.936496, 0.280031,
		-0.977439, -0.200028, -0.067843,
		-0.007520, -0.288034, 0.957591,
		27.849243, 36.867134, 32.298084>
	pigment { color rgbt <0,1,1,0> }
	no_shadow
}
cylinder {
	<27.243931, 37.296185, 31.949793>,  <27.854507, 37.068760, 31.627771>, 0.130000
	pigment { color rgbt <1,0,0,0> }
	no_shadow
}

// nucleotide -1

// particle -1
sphere {
	<27.243931, 37.296185, 31.949793> 0.250000
	pigment { color rgbt <1,0,0,0> }
	no_shadow
}
cylinder {
	<27.535383, 37.244850, 32.218903>,  <27.710255, 37.214050, 32.380367>, 0.100000
	pigment { color rgbt <1,0,0,0> }
	no_shadow
}
cylinder {
	<27.535383, 37.244850, 32.218903>,  <27.243931, 37.296185, 31.949793>, 0.100000
	pigment { color rgbt <1,0,0,0> }
	no_shadow
}

// particle -1
sphere {
	<27.535383, 37.244850, 32.218903> 0.100000
	pigment { color rgbt <1,0,0,0> }
	no_shadow
}
sphere {
	0, 1
	scale<0.080000,0.200000,0.300000>
	matrix <-0.248097, 0.866122, 0.433914,
		-0.638394, -0.483076, 0.599242,
		0.728630, -0.128338, 0.672776,
		27.753973, 37.206348, 32.420734>
	pigment { color rgbt <0,1,1,0> }
	no_shadow
}
cylinder {
	<26.972300, 37.382687, 32.690186>,  <27.243931, 37.296185, 31.949793>, 0.130000
	pigment { color rgbt <1,0,0,0> }
	no_shadow
}

// nucleotide -1

// particle -1
sphere {
	<26.972300, 37.382687, 32.690186> 0.250000
	pigment { color rgbt <1,0,0,0> }
	no_shadow
}
cylinder {
	<27.343327, 37.523163, 32.639141>,  <27.565943, 37.607449, 32.608513>, 0.100000
	pigment { color rgbt <1,0,0,0> }
	no_shadow
}
cylinder {
	<27.343327, 37.523163, 32.639141>,  <26.972300, 37.382687, 32.690186>, 0.100000
	pigment { color rgbt <1,0,0,0> }
	no_shadow
}

// particle -1
sphere {
	<27.343327, 37.523163, 32.639141> 0.100000
	pigment { color rgbt <1,0,0,0> }
	no_shadow
}
sphere {
	0, 1
	scale<0.080000,0.200000,0.300000>
	matrix <-0.296903, 0.900070, 0.318938,
		0.226867, -0.257949, 0.939145,
		0.927567, 0.351192, -0.127610,
		27.621597, 37.628521, 32.600857>
	pigment { color rgbt <0,1,1,0> }
	no_shadow
}
cylinder {
	<26.839758, 36.649380, 32.457474>,  <26.972300, 37.382687, 32.690186>, 0.130000
	pigment { color rgbt <1,0,0,0> }
	no_shadow
}

// nucleotide -1

// particle -1
sphere {
	<26.839758, 36.649380, 32.457474> 0.250000
	pigment { color rgbt <1,0,0,0> }
	no_shadow
}
cylinder {
	<27.188393, 36.535397, 32.297905>,  <27.397573, 36.467007, 32.202164>, 0.100000
	pigment { color rgbt <1,0,0,0> }
	no_shadow
}
cylinder {
	<27.188393, 36.535397, 32.297905>,  <26.839758, 36.649380, 32.457474>, 0.100000
	pigment { color rgbt <1,0,0,0> }
	no_shadow
}

// particle -1
sphere {
	<27.188393, 36.535397, 32.297905> 0.100000
	pigment { color rgbt <1,0,0,0> }
	no_shadow
}
sphere {
	0, 1
	scale<0.080000,0.200000,0.300000>
	matrix <-0.254843, -0.958489, 0.127882,
		-0.418803, -0.009798, -0.908024,
		0.871585, -0.284961, -0.398921,
		27.449867, 36.449909, 32.178230>
	pigment { color rgbt <0,1,1,0> }
	no_shadow
}
cylinder {
	<26.608953, 36.033241, 32.183193>,  <26.839758, 36.649380, 32.457474>, 0.130000
	pigment { color rgbt <1,0,0,0> }
	no_shadow
}

// nucleotide -1

// particle -1
sphere {
	<26.608953, 36.033241, 32.183193> 0.250000
	pigment { color rgbt <1,0,0,0> }
	no_shadow
}
cylinder {
	<27.007198, 36.037308, 32.220398>,  <27.246145, 36.039749, 32.242722>, 0.100000
	pigment { color rgbt <1,0,0,0> }
	no_shadow
}
cylinder {
	<27.007198, 36.037308, 32.220398>,  <26.608953, 36.033241, 32.183193>, 0.100000
	pigment { color rgbt <1,0,0,0> }
	no_shadow
}

// particle -1
sphere {
	<27.007198, 36.037308, 32.220398> 0.100000
	pigment { color rgbt <1,0,0,0> }
	no_shadow
}
sphere {
	0, 1
	scale<0.080000,0.200000,0.300000>
	matrix <-0.001339, -0.992425, 0.122848,
		0.093556, -0.122433, -0.988057,
		0.995613, 0.010170, 0.093011,
		27.305882, 36.040359, 32.248302>
	pigment { color rgbt <0,1,1,0> }
	no_shadow
}
cylinder {
	<26.900291, 35.604008, 31.646065>,  <26.608953, 36.033241, 32.183193>, 0.130000
	pigment { color rgbt <1,0,0,0> }
	no_shadow
}

// nucleotide -1

// particle -1
sphere {
	<26.900291, 35.604008, 31.646065> 0.250000
	pigment { color rgbt <1,0,0,0> }
	no_shadow
}
cylinder {
	<27.174911, 35.609962, 31.936836>,  <27.339684, 35.613537, 32.111298>, 0.100000
	pigment { color rgbt <1,0,0,0> }
	no_shadow
}
cylinder {
	<27.174911, 35.609962, 31.936836>,  <26.900291, 35.604008, 31.646065>, 0.100000
	pigment { color rgbt <1,0,0,0> }
	no_shadow
}

// particle -1
sphere {
	<27.174911, 35.609962, 31.936836> 0.100000
	pigment { color rgbt <1,0,0,0> }
	no_shadow
}
sphere {
	0, 1
	scale<0.080000,0.200000,0.300000>
	matrix <0.114817, -0.989466, -0.088173,
		0.717958, 0.143999, -0.681030,
		0.686552, 0.014889, 0.726928,
		27.380877, 35.614429, 32.154915>
	pigment { color rgbt <0,1,1,0> }
	no_shadow
}
cylinder {
	<27.475142, 35.335590, 31.290539>,  <26.900291, 35.604008, 31.646065>, 0.130000
	pigment { color rgbt <1,0,0,0> }
	no_shadow
}

// nucleotide -1

// particle -1
sphere {
	<27.475142, 35.335590, 31.290539> 0.250000
	pigment { color rgbt <1,0,0,0> }
	no_shadow
}
cylinder {
	<27.514742, 35.303749, 31.687298>,  <27.538502, 35.284645, 31.925354>, 0.100000
	pigment { color rgbt <1,0,0,0> }
	no_shadow
}
cylinder {
	<27.514742, 35.303749, 31.687298>,  <27.475142, 35.335590, 31.290539>, 0.100000
	pigment { color rgbt <1,0,0,0> }
	no_shadow
}

// particle -1
sphere {
	<27.514742, 35.303749, 31.687298> 0.100000
	pigment { color rgbt <1,0,0,0> }
	no_shadow
}
sphere {
	0, 1
	scale<0.080000,0.200000,0.300000>
	matrix <0.145920, -0.984858, -0.093605,
		0.984330, 0.154005, -0.085884,
		0.098999, -0.079606, 0.991898,
		27.544441, 35.279869, 31.984867>
	pigment { color rgbt <0,1,1,0> }
	no_shadow
}
cylinder {
	<27.919394, 34.864033, 31.272562>,  <27.475142, 35.335590, 31.290539>, 0.130000
	pigment { color rgbt <1,0,0,0> }
	no_shadow
}

// nucleotide -1

// particle -1
sphere {
	<27.919394, 34.864033, 31.272562> 0.250000
	pigment { color rgbt <1,0,0,0> }
	no_shadow
}
cylinder {
	<27.781326, 34.855068, 31.647871>,  <27.698486, 34.849689, 31.873056>, 0.100000
	pigment { color rgbt <1,0,0,0> }
	no_shadow
}
cylinder {
	<27.781326, 34.855068, 31.647871>,  <27.919394, 34.864033, 31.272562>, 0.100000
	pigment { color rgbt <1,0,0,0> }
	no_shadow
}

// particle -1
sphere {
	<27.781326, 34.855068, 31.647871> 0.100000
	pigment { color rgbt <1,0,0,0> }
	no_shadow
}
sphere {
	0, 1
	scale<0.080000,0.200000,0.300000>
	matrix <0.231102, -0.970963, 0.061824,
		0.909643, 0.238177, 0.340325,
		-0.345168, -0.022412, 0.938273,
		27.677776, 34.848343, 31.929354>
	pigment { color rgbt <0,1,1,0> }
	no_shadow
}
cylinder {
	<28.352734, 34.503601, 31.760199>,  <27.919394, 34.864033, 31.272562>, 0.130000
	pigment { color rgbt <1,0,0,0> }
	no_shadow
}

// nucleotide -1

// particle -1
sphere {
	<28.352734, 34.503601, 31.760199> 0.250000
	pigment { color rgbt <1,0,0,0> }
	no_shadow
}
cylinder {
	<28.005701, 34.483273, 31.958075>,  <27.797482, 34.471077, 32.076801>, 0.100000
	pigment { color rgbt <1,0,0,0> }
	no_shadow
}
cylinder {
	<28.005701, 34.483273, 31.958075>,  <28.352734, 34.503601, 31.760199>, 0.100000
	pigment { color rgbt <1,0,0,0> }
	no_shadow
}

// particle -1
sphere {
	<28.005701, 34.483273, 31.958075> 0.100000
	pigment { color rgbt <1,0,0,0> }
	no_shadow
}
sphere {
	0, 1
	scale<0.080000,0.200000,0.300000>
	matrix <0.118179, -0.987336, 0.105836,
		0.483047, 0.150283, 0.862601,
		-0.867582, -0.050818, 0.494690,
		27.745426, 34.468029, 32.106480>
	pigment { color rgbt <0,1,1,0> }
	no_shadow
}
cylinder {
	<28.438427, 34.070976, 32.399582>,  <28.352734, 34.503601, 31.760199>, 0.130000
	pigment { color rgbt <1,0,0,0> }
	no_shadow
}

// nucleotide -1

// particle -1
sphere {
	<28.438427, 34.070976, 32.399582> 0.250000
	pigment { color rgbt <1,0,0,0> }
	no_shadow
}
cylinder {
	<28.057398, 34.078602, 32.278099>,  <27.828781, 34.083176, 32.205208>, 0.100000
	pigment { color rgbt <1,0,0,0> }
	no_shadow
}
cylinder {
	<28.057398, 34.078602, 32.278099>,  <28.438427, 34.070976, 32.399582>, 0.100000
	pigment { color rgbt <1,0,0,0> }
	no_shadow
}

// particle -1
sphere {
	<28.057398, 34.078602, 32.278099> 0.100000
	pigment { color rgbt <1,0,0,0> }
	no_shadow
}
sphere {
	0, 1
	scale<0.080000,0.200000,0.300000>
	matrix <-0.102303, -0.960006, 0.260621,
		-0.286596, 0.279331, 0.916426,
		-0.952574, 0.019060, -0.303711,
		27.771626, 34.084320, 32.186985>
	pigment { color rgbt <0,1,1,0> }
	no_shadow
}
cylinder {
	<27.965511, 33.738575, 32.885231>,  <28.438427, 34.070976, 32.399582>, 0.130000
	pigment { color rgbt <1,0,0,0> }
	no_shadow
}

// nucleotide -1

// particle -1
sphere {
	<27.965511, 33.738575, 32.885231> 0.250000
	pigment { color rgbt <1,0,0,0> }
	no_shadow
}
cylinder {
	<27.761126, 33.705269, 32.543007>,  <27.638494, 33.685284, 32.337673>, 0.100000
	pigment { color rgbt <1,0,0,0> }
	no_shadow
}
cylinder {
	<27.761126, 33.705269, 32.543007>,  <27.965511, 33.738575, 32.885231>, 0.100000
	pigment { color rgbt <1,0,0,0> }
	no_shadow
}

// particle -1
sphere {
	<27.761126, 33.705269, 32.543007> 0.100000
	pigment { color rgbt <1,0,0,0> }
	no_shadow
}
sphere {
	0, 1
	scale<0.080000,0.200000,0.300000>
	matrix <-0.142121, -0.973417, 0.179613,
		-0.847772, 0.213368, 0.485547,
		-0.510963, -0.083264, -0.855560,
		27.607836, 33.680290, 32.286339>
	pigment { color rgbt <0,1,1,0> }
	no_shadow
}
cylinder {
	<27.458359, 33.280052, 32.892975>,  <27.965511, 33.738575, 32.885231>, 0.130000
	pigment { color rgbt <1,0,0,0> }
	no_shadow
}

// nucleotide -1

// particle -1
sphere {
	<27.458359, 33.280052, 32.892975> 0.250000
	pigment { color rgbt <1,0,0,0> }
	no_shadow
}
cylinder {
	<27.580498, 33.318787, 32.514053>,  <27.653782, 33.342026, 32.286701>, 0.100000
	pigment { color rgbt <1,0,0,0> }
	no_shadow
}
cylinder {
	<27.580498, 33.318787, 32.514053>,  <27.458359, 33.280052, 32.892975>, 0.100000
	pigment { color rgbt <1,0,0,0> }
	no_shadow
}

// particle -1
sphere {
	<27.580498, 33.318787, 32.514053> 0.100000
	pigment { color rgbt <1,0,0,0> }
	no_shadow
}
sphere {
	0, 1
	scale<0.080000,0.200000,0.300000>
	matrix <0.073334, -0.994253, -0.077994,
		-0.949412, -0.045654, -0.310696,
		0.305349, 0.096833, -0.947304,
		27.672102, 33.347836, 32.229862>
	pigment { color rgbt <0,1,1,0> }
	no_shadow
}
cylinder {
	<26.959673, 32.933372, 32.411747>,  <27.458359, 33.280052, 32.892975>, 0.130000
	pigment { color rgbt <1,0,0,0> }
	no_shadow
}

// nucleotide -1

// particle -1
sphere {
	<26.959673, 32.933372, 32.411747> 0.250000
	pigment { color rgbt <1,0,0,0> }
	no_shadow
}
cylinder {
	<27.347931, 32.949013, 32.316822>,  <27.580887, 32.958397, 32.259869>, 0.100000
	pigment { color rgbt <1,0,0,0> }
	no_shadow
}
cylinder {
	<27.347931, 32.949013, 32.316822>,  <26.959673, 32.933372, 32.411747>, 0.100000
	pigment { color rgbt <1,0,0,0> }
	no_shadow
}

// particle -1
sphere {
	<27.347931, 32.949013, 32.316822> 0.100000
	pigment { color rgbt <1,0,0,0> }
	no_shadow
}
sphere {
	0, 1
	scale<0.080000,0.200000,0.300000>
	matrix <0.053461, -0.997089, 0.054368,
		-0.234492, -0.065459, -0.969912,
		0.970647, 0.039104, -0.237309,
		27.639126, 32.960743, 32.245628>
	pigment { color rgbt <0,1,1,0> }
	no_shadow
}
cylinder {
	<27.126514, 32.596844, 31.767052>,  <26.959673, 32.933372, 32.411747>, 0.130000
	pigment { color rgbt <1,0,0,0> }
	no_shadow
}

// nucleotide -1

// particle -1
sphere {
	<27.126514, 32.596844, 31.767052> 0.250000
	pigment { color rgbt <1,0,0,0> }
	no_shadow
}
cylinder {
	<27.450611, 32.591434, 32.001427>,  <27.645069, 32.588188, 32.142052>, 0.100000
	pigment { color rgbt <1,0,0,0> }
	no_shadow
}
cylinder {
	<27.450611, 32.591434, 32.001427>,  <27.126514, 32.596844, 31.767052>, 0.100000
	pigment { color rgbt <1,0,0,0> }
	no_shadow
}

// particle -1
sphere {
	<27.450611, 32.591434, 32.001427> 0.100000
	pigment { color rgbt <1,0,0,0> }
	no_shadow
}
sphere {
	0, 1
	scale<0.080000,0.200000,0.300000>
	matrix <0.056531, -0.993270, -0.101089,
		0.583362, 0.115030, -0.804026,
		0.810243, -0.013520, 0.585939,
		27.693684, 32.587379, 32.177208>
	pigment { color rgbt <0,1,1,0> }
	no_shadow
}
cylinder {
	<27.810307, 32.325417, 31.441137>,  <27.126514, 32.596844, 31.767052>, 0.130000
	pigment { color rgbt <1,0,0,0> }
	no_shadow
}

// nucleotide -1

// particle -1
sphere {
	<27.810307, 32.325417, 31.441137> 0.250000
	pigment { color rgbt <1,0,0,0> }
	no_shadow
}
cylinder {
	<27.726587, 32.237034, 31.822161>,  <27.676355, 32.184002, 32.050774>, 0.100000
	pigment { color rgbt <1,0,0,0> }
	no_shadow
}
cylinder {
	<27.726587, 32.237034, 31.822161>,  <27.810307, 32.325417, 31.441137>, 0.100000
	pigment { color rgbt <1,0,0,0> }
	no_shadow
}

// particle -1
sphere {
	<27.726587, 32.237034, 31.822161> 0.100000
	pigment { color rgbt <1,0,0,0> }
	no_shadow
}
sphere {
	0, 1
	scale<0.080000,0.200000,0.300000>
	matrix <0.022279, -0.974960, -0.221261,
		0.977598, -0.025087, 0.208981,
		-0.209300, -0.220960, 0.952560,
		27.663797, 32.170746, 32.107929>
	pigment { color rgbt <0,1,1,0> }
	no_shadow
}
cylinder {
	<28.486061, 32.291031, 31.715191>,  <27.810307, 32.325417, 31.441137>, 0.130000
	pigment { color rgbt <1,0,0,0> }
	no_shadow
}

// nucleotide -1

// particle -1
sphere {
	<28.486061, 32.291031, 31.715191> 0.250000
	pigment { color rgbt <1,0,0,0> }
	no_shadow
}
cylinder {
	<28.885643, 32.304649, 31.702997>,  <29.125393, 32.312820, 31.695681>, 0.100000
	pigment { color rgbt <1,0,0,0> }
	no_shadow
}
cylinder {
	<28.885643, 32.304649, 31.702997>,  <28.486061, 32.291031, 31.715191>, 0.100000
	pigment { color rgbt <1,0,0,0> }
	no_shadow
}

// particle -1
sphere {
	<28.885643, 32.304649, 31.702997> 0.100000
	pigment { color rgbt <1,0,0,0> }
	no_shadow
}
sphere {
	0, 1
	scale<0.080000,0.200000,0.300000>
	matrix <-0.038130, 0.988674, -0.145153,
		0.025196, 0.146163, 0.988939,
		0.998955, 0.034051, -0.030484,
		29.185329, 32.314865, 31.693851>
	pigment { color rgbt <0,1,1,0> }
	no_shadow
}
cylinder {
	<28.873611, 31.672583, 32.020798>,  <28.486061, 32.291031, 31.715191>, 0.130000
	pigment { color rgbt <1,0,0,0> }
	no_shadow
}

// nucleotide -1

// particle -1
sphere {
	<28.873611, 31.672583, 32.020798> 0.250000
	pigment { color rgbt <1,0,0,0> }
	no_shadow
}
cylinder {
	<28.946293, 32.030006, 32.185013>,  <28.989902, 32.244461, 32.283543>, 0.100000
	pigment { color rgbt <1,0,0,0> }
	no_shadow
}
cylinder {
	<28.946293, 32.030006, 32.185013>,  <28.873611, 31.672583, 32.020798>, 0.100000
	pigment { color rgbt <1,0,0,0> }
	no_shadow
}

// particle -1
sphere {
	<28.946293, 32.030006, 32.185013> 0.100000
	pigment { color rgbt <1,0,0,0> }
	no_shadow
}
sphere {
	0, 1
	scale<0.080000,0.200000,0.300000>
	matrix <0.879320, -0.334534, 0.338946,
		0.440205, 0.299403, -0.846509,
		0.181704, 0.893557, 0.410535,
		29.000805, 32.298073, 32.308174>
	pigment { color rgbt <0,1,1,0> }
	no_shadow
}
cylinder {
	<29.467676, 31.796366, 31.848297>,  <28.873611, 31.672583, 32.020798>, 0.130000
	pigment { color rgbt <1,0,0,0> }
	no_shadow
}

// nucleotide -1

// particle -1
sphere {
	<29.467676, 31.796366, 31.848297> 0.250000
	pigment { color rgbt <1,0,0,0> }
	no_shadow
}
cylinder {
	<29.423954, 32.013378, 32.181454>,  <29.397720, 32.143585, 32.381348>, 0.100000
	pigment { color rgbt <1,0,0,0> }
	no_shadow
}
cylinder {
	<29.423954, 32.013378, 32.181454>,  <29.467676, 31.796366, 31.848297>, 0.100000
	pigment { color rgbt <1,0,0,0> }
	no_shadow
}

// particle -1
sphere {
	<29.423954, 32.013378, 32.181454> 0.100000
	pigment { color rgbt <1,0,0,0> }
	no_shadow
}
sphere {
	0, 1
	scale<0.080000,0.200000,0.300000>
	matrix <0.868924, -0.354768, 0.345125,
		0.482725, 0.761445, -0.432640,
		-0.109307, 0.542532, 0.832893,
		29.391161, 32.176136, 32.431320>
	pigment { color rgbt <0,1,1,0> }
	no_shadow
}
cylinder {
	<29.997002, 32.358822, 32.011433>,  <29.467676, 31.796366, 31.848297>, 0.130000
	pigment { color rgbt <1,0,0,0> }
	no_shadow
}

// nucleotide -1

// particle -1
sphere {
	<29.997002, 32.358822, 32.011433> 0.250000
	pigment { color rgbt <1,0,0,0> }
	no_shadow
}
cylinder {
	<29.822868, 32.188942, 32.328953>,  <29.718390, 32.087013, 32.519466>, 0.100000
	pigment { color rgbt <1,0,0,0> }
	no_shadow
}
cylinder {
	<29.822868, 32.188942, 32.328953>,  <29.997002, 32.358822, 32.011433>, 0.100000
	pigment { color rgbt <1,0,0,0> }
	no_shadow
}

// particle -1
sphere {
	<29.822868, 32.188942, 32.328953> 0.100000
	pigment { color rgbt <1,0,0,0> }
	no_shadow
}
sphere {
	0, 1
	scale<0.080000,0.200000,0.300000>
	matrix <0.867577, -0.433365, 0.243935,
		0.240407, 0.794876, 0.557114,
		-0.435332, -0.424696, 0.793800,
		29.692268, 32.061535, 32.567093>
	pigment { color rgbt <0,1,1,0> }
	no_shadow
}
cylinder {
	<30.340685, 32.500580, 32.686153>,  <29.997002, 32.358822, 32.011433>, 0.130000
	pigment { color rgbt <1,0,0,0> }
	no_shadow
}

// nucleotide -1

// particle -1
sphere {
	<30.340685, 32.500580, 32.686153> 0.250000
	pigment { color rgbt <1,0,0,0> }
	no_shadow
}
cylinder {
	<30.152668, 32.166466, 32.800251>,  <30.039858, 31.965998, 32.868710>, 0.100000
	pigment { color rgbt <1,0,0,0> }
	no_shadow
}
cylinder {
	<30.152668, 32.166466, 32.800251>,  <30.340685, 32.500580, 32.686153>, 0.100000
	pigment { color rgbt <1,0,0,0> }
	no_shadow
}

// particle -1
sphere {
	<30.152668, 32.166466, 32.800251> 0.100000
	pigment { color rgbt <1,0,0,0> }
	no_shadow
}
sphere {
	0, 1
	scale<0.080000,0.200000,0.300000>
	matrix <0.779726, -0.241504, 0.577670,
		-0.413629, 0.493944, 0.764807,
		-0.470041, -0.835281, 0.285249,
		30.011656, 31.915882, 32.885826>
	pigment { color rgbt <0,1,1,0> }
	no_shadow
}
cylinder {
	<30.270710, 33.281643, 33.013020>,  <30.340685, 32.500580, 32.686153>, 0.130000
	pigment { color rgbt <1,0,0,0> }
	no_shadow
}

// nucleotide -1

// particle -1
sphere {
	<30.270710, 33.281643, 33.013020> 0.250000
	pigment { color rgbt <1,0,0,0> }
	no_shadow
}
cylinder {
	<30.546413, 33.015396, 33.127480>,  <30.711836, 32.855648, 33.196156>, 0.100000
	pigment { color rgbt <1,0,0,0> }
	no_shadow
}
cylinder {
	<30.546413, 33.015396, 33.127480>,  <30.270710, 33.281643, 33.013020>, 0.100000
	pigment { color rgbt <1,0,0,0> }
	no_shadow
}

// particle -1
sphere {
	<30.546413, 33.015396, 33.127480> 0.100000
	pigment { color rgbt <1,0,0,0> }
	no_shadow
}
sphere {
	0, 1
	scale<0.080000,0.200000,0.300000>
	matrix <0.250565, 0.589576, 0.767865,
		-0.679811, -0.457556, 0.573149,
		0.689256, -0.665614, 0.286152,
		30.753191, 32.815712, 33.213326>
	pigment { color rgbt <0,1,1,0> }
	no_shadow
}
cylinder {
	<30.097891, 33.035294, 33.714764>,  <30.270710, 33.281643, 33.013020>, 0.130000
	pigment { color rgbt <1,0,0,0> }
	no_shadow
}

// nucleotide -1

// particle -1
sphere {
	<30.097891, 33.035294, 33.714764> 0.250000
	pigment { color rgbt <1,0,0,0> }
	no_shadow
}
cylinder {
	<30.488081, 33.001820, 33.633335>,  <30.722195, 32.981735, 33.584476>, 0.100000
	pigment { color rgbt <1,0,0,0> }
	no_shadow
}
cylinder {
	<30.488081, 33.001820, 33.633335>,  <30.097891, 33.035294, 33.714764>, 0.100000
	pigment { color rgbt <1,0,0,0> }
	no_shadow
}

// particle -1
sphere {
	<30.488081, 33.001820, 33.633335> 0.100000
	pigment { color rgbt <1,0,0,0> }
	no_shadow
}
sphere {
	0, 1
	scale<0.080000,0.200000,0.300000>
	matrix <0.210332, 0.626877, 0.750190,
		0.064836, -0.774611, 0.629105,
		0.975477, -0.083682, -0.203570,
		30.780724, 32.976715, 33.572266>
	pigment { color rgbt <0,1,1,0> }
	no_shadow
}
cylinder {
	<30.370085, 33.065784, 34.413494>,  <30.097891, 33.035294, 33.714764>, 0.130000
	pigment { color rgbt <1,0,0,0> }
	no_shadow
}

// nucleotide -1

// particle -1
sphere {
	<30.370085, 33.065784, 34.413494> 0.250000
	pigment { color rgbt <1,0,0,0> }
	no_shadow
}
cylinder {
	<30.631433, 33.144169, 34.120998>,  <30.788242, 33.191200, 33.945503>, 0.100000
	pigment { color rgbt <1,0,0,0> }
	no_shadow
}
cylinder {
	<30.631433, 33.144169, 34.120998>,  <30.370085, 33.065784, 34.413494>, 0.100000
	pigment { color rgbt <1,0,0,0> }
	no_shadow
}

// particle -1
sphere {
	<30.631433, 33.144169, 34.120998> 0.100000
	pigment { color rgbt <1,0,0,0> }
	no_shadow
}
sphere {
	0, 1
	scale<0.080000,0.200000,0.300000>
	matrix <0.452496, 0.673290, 0.584746,
		0.606919, -0.712938, 0.351238,
		0.653373, 0.195959, -0.731234,
		30.827446, 33.202957, 33.901627>
	pigment { color rgbt <0,1,1,0> }
	no_shadow
}
cylinder {
	<30.756891, 33.505398, 34.888031>,  <30.370085, 33.065784, 34.413494>, 0.130000
	pigment { color rgbt <1,0,0,0> }
	no_shadow
}

// nucleotide -1

// particle -1
sphere {
	<30.756891, 33.505398, 34.888031> 0.250000
	pigment { color rgbt <1,0,0,0> }
	no_shadow
}
cylinder {
	<31.098093, 33.299168, 34.855618>,  <31.302814, 33.175430, 34.836170>, 0.100000
	pigment { color rgbt <1,0,0,0> }
	no_shadow
}
cylinder {
	<31.098093, 33.299168, 34.855618>,  <30.756891, 33.505398, 34.888031>, 0.100000
	pigment { color rgbt <1,0,0,0> }
	no_shadow
}

// particle -1
sphere {
	<31.098093, 33.299168, 34.855618> 0.100000
	pigment { color rgbt <1,0,0,0> }
	no_shadow
}
sphere {
	0, 1
	scale<0.080000,0.200000,0.300000>
	matrix <-0.113282, -0.031342, -0.993068,
		0.509461, 0.856271, -0.085140,
		0.853004, -0.515575, -0.081032,
		31.353994, 33.144497, 34.831306>
	pigment { color rgbt <0,1,1,0> }
	no_shadow
}
cylinder {
	<31.145544, 33.679546, 34.208981>,  <30.756891, 33.505398, 34.888031>, 0.130000
	pigment { color rgbt <1,0,0,0> }
	no_shadow
}

// nucleotide -1

// particle -1
sphere {
	<31.145544, 33.679546, 34.208981> 0.250000
	pigment { color rgbt <1,0,0,0> }
	no_shadow
}
cylinder {
	<31.294510, 33.324368, 34.316948>,  <31.383890, 33.111259, 34.381729>, 0.100000
	pigment { color rgbt <1,0,0,0> }
	no_shadow
}
cylinder {
	<31.294510, 33.324368, 34.316948>,  <31.145544, 33.679546, 34.208981>, 0.100000
	pigment { color rgbt <1,0,0,0> }
	no_shadow
}

// particle -1
sphere {
	<31.294510, 33.324368, 34.316948> 0.100000
	pigment { color rgbt <1,0,0,0> }
	no_shadow
}
sphere {
	0, 1
	scale<0.080000,0.200000,0.300000>
	matrix <0.068765, -0.263639, -0.962167,
		0.925515, 0.376887, -0.037123,
		0.372416, -0.887947, 0.269919,
		31.406235, 33.057983, 34.397923>
	pigment { color rgbt <0,1,1,0> }
	no_shadow
}
cylinder {
	<31.789186, 33.660744, 33.950844>,  <31.145544, 33.679546, 34.208981>, 0.130000
	pigment { color rgbt <1,0,0,0> }
	no_shadow
}

// nucleotide -1

// particle -1
sphere {
	<31.789186, 33.660744, 33.950844> 0.250000
	pigment { color rgbt <1,0,0,0> }
	no_shadow
}
cylinder {
	<31.684134, 33.276978, 33.991940>,  <31.621101, 33.046719, 34.016598>, 0.100000
	pigment { color rgbt <1,0,0,0> }
	no_shadow
}
cylinder {
	<31.684134, 33.276978, 33.991940>,  <31.789186, 33.660744, 33.950844>, 0.100000
	pigment { color rgbt <1,0,0,0> }
	no_shadow
}

// particle -1
sphere {
	<31.684134, 33.276978, 33.991940> 0.100000
	pigment { color rgbt <1,0,0,0> }
	no_shadow
}
sphere {
	0, 1
	scale<0.080000,0.200000,0.300000>
	matrix <0.037405, -0.116518, -0.992484,
		0.964171, -0.256814, 0.066488,
		-0.262631, -0.959411, 0.102737,
		31.605345, 32.989155, 34.022762>
	pigment { color rgbt <0,1,1,0> }
	no_shadow
}
cylinder {
	<32.205139, 33.255932, 33.485832>,  <31.789186, 33.660744, 33.950844>, 0.130000
	pigment { color rgbt <1,0,0,0> }
	no_shadow
}

// nucleotide -1

// particle -1
sphere {
	<32.205139, 33.255932, 33.485832> 0.250000
	pigment { color rgbt <1,0,0,0> }
	no_shadow
}
cylinder {
	<31.882816, 33.031036, 33.560192>,  <31.689423, 32.896099, 33.604809>, 0.100000
	pigment { color rgbt <1,0,0,0> }
	no_shadow
}
cylinder {
	<31.882816, 33.031036, 33.560192>,  <32.205139, 33.255932, 33.485832>, 0.100000
	pigment { color rgbt <1,0,0,0> }
	no_shadow
}

// particle -1
sphere {
	<31.882816, 33.031036, 33.560192> 0.100000
	pigment { color rgbt <1,0,0,0> }
	no_shadow
}
sphere {
	0, 1
	scale<0.080000,0.200000,0.300000>
	matrix <-0.069819, -0.221528, -0.972651,
		0.588047, -0.796749, 0.139254,
		-0.805808, -0.562243, 0.185897,
		31.641073, 32.862362, 33.615963>
	pigment { color rgbt <0,1,1,0> }
	no_shadow
}
cylinder {
	<32.251614, 32.580902, 33.052055>,  <32.205139, 33.255932, 33.485832>, 0.130000
	pigment { color rgbt <1,0,0,0> }
	no_shadow
}

// nucleotide -1

// particle -1
sphere {
	<32.251614, 32.580902, 33.052055> 0.250000
	pigment { color rgbt <1,0,0,0> }
	no_shadow
}
cylinder {
	<31.872911, 32.668823, 33.146156>,  <31.645691, 32.721577, 33.202618>, 0.100000
	pigment { color rgbt <1,0,0,0> }
	no_shadow
}
cylinder {
	<31.872911, 32.668823, 33.146156>,  <32.251614, 32.580902, 33.052055>, 0.100000
	pigment { color rgbt <1,0,0,0> }
	no_shadow
}

// particle -1
sphere {
	<31.872911, 32.668823, 33.146156> 0.100000
	pigment { color rgbt <1,0,0,0> }
	no_shadow
}
sphere {
	0, 1
	scale<0.080000,0.200000,0.300000>
	matrix <-0.291080, -0.272110, -0.917185,
		-0.137580, -0.936827, 0.321599,
		-0.946755, 0.219797, 0.235255,
		31.588884, 32.734764, 33.216732>
	pigment { color rgbt <0,1,1,0> }
	no_shadow
}
cylinder {
	<31.916479, 32.036823, 32.732166>,  <32.251614, 32.580902, 33.052055>, 0.130000
	pigment { color rgbt <1,0,0,0> }
	no_shadow
}

// nucleotide -1

// particle -1
sphere {
	<31.916479, 32.036823, 32.732166> 0.250000
	pigment { color rgbt <1,0,0,0> }
	no_shadow
}
cylinder {
	<31.665945, 32.343464, 32.788769>,  <31.515625, 32.527447, 32.822731>, 0.100000
	pigment { color rgbt <1,0,0,0> }
	no_shadow
}
cylinder {
	<31.665945, 32.343464, 32.788769>,  <31.916479, 32.036823, 32.732166>, 0.100000
	pigment { color rgbt <1,0,0,0> }
	no_shadow
}

// particle -1
sphere {
	<31.665945, 32.343464, 32.788769> 0.100000
	pigment { color rgbt <1,0,0,0> }
	no_shadow
}
sphere {
	0, 1
	scale<0.080000,0.200000,0.300000>
	matrix <-0.450958, -0.208238, -0.867913,
		-0.635878, -0.607418, 0.476133,
		-0.626335, 0.766603, 0.141505,
		31.478045, 32.573444, 32.831219>
	pigment { color rgbt <0,1,1,0> }
	no_shadow
}
cylinder {
	<31.269781, 31.772053, 32.724949>,  <31.916479, 32.036823, 32.732166>, 0.130000
	pigment { color rgbt <1,0,0,0> }
	no_shadow
}

// nucleotide -1

// particle -1
sphere {
	<31.269781, 31.772053, 32.724949> 0.250000
	pigment { color rgbt <1,0,0,0> }
	no_shadow
}
cylinder {
	<31.225317, 32.153076, 32.611618>,  <31.198639, 32.381691, 32.543617>, 0.100000
	pigment { color rgbt <1,0,0,0> }
	no_shadow
}
cylinder {
	<31.225317, 32.153076, 32.611618>,  <31.269781, 31.772053, 32.724949>, 0.100000
	pigment { color rgbt <1,0,0,0> }
	no_shadow
}

// particle -1
sphere {
	<31.225317, 32.153076, 32.611618> 0.100000
	pigment { color rgbt <1,0,0,0> }
	no_shadow
}
sphere {
	0, 1
	scale<0.080000,0.200000,0.300000>
	matrix <-0.713826, -0.274887, -0.644119,
		-0.691445, 0.130647, 0.710518,
		-0.111160, 0.952559, -0.283329,
		31.191969, 32.438843, 32.526619>
	pigment { color rgbt <0,1,1,0> }
	no_shadow
}
cylinder {
	<31.113403, 31.978119, 33.444347>,  <31.269781, 31.772053, 32.724949>, 0.130000
	pigment { color rgbt <1,0,0,0> }
	no_shadow
}

// nucleotide -1

// particle -1
sphere {
	<31.113403, 31.978119, 33.444347> 0.250000
	pigment { color rgbt <1,0,0,0> }
	no_shadow
}
cylinder {
	<30.774719, 31.767084, 33.416824>,  <30.571508, 31.640463, 33.400311>, 0.100000
	pigment { color rgbt <1,0,0,0> }
	no_shadow
}
cylinder {
	<30.774719, 31.767084, 33.416824>,  <31.113403, 31.978119, 33.444347>, 0.100000
	pigment { color rgbt <1,0,0,0> }
	no_shadow
}

// particle -1
sphere {
	<30.774719, 31.767084, 33.416824> 0.100000
	pigment { color rgbt <1,0,0,0> }
	no_shadow
}
sphere {
	0, 1
	scale<0.080000,0.200000,0.300000>
	matrix <-0.070115, -0.017548, 0.997384,
