// switches for output
#declare DRAW_BASES = 1; // possible values are 0, 1; only relevant for DNA ribbons
#declare DRAW_BASES_TYPE = 3; // possible values are 1, 2, 3; only relevant for DNA ribbons
#declare DRAW_FOG = 0; // set to 1 to enable fog

#include "colors.inc"

#include "transforms.inc"
background { rgb <1, 1, 1>}

#default {
   normal{
       ripples 0.25
       frequency 0.20
       turbulence 0.2
       lambda 5
   }
	finish {
		phong 0.1
		phong_size 40.
	}
}

// original window dimensions: 1024x640


// camera settings

camera {
	sky <0, 0.179814, -0.983701>
	up <0, 0.179814, -0.983701>
	right 1.6 * <1, 0, 0>
	location <35, 94.9851, 44.8844>
	look_at <35, 29.7336, 32.9568>
	direction <0, -65.2515, -11.9276>
	angle 67.0682
}


# declare cpy_camera_pos = <35, 94.9851, 44.8844>;
# if (DRAW_FOG = 1)
fog {
	fog_type 2
	up vnormalize(cpy_camera_pos)
	color rgbt<1,1,1,0.3>
	distance 1e-5
	fog_alt 3e-3
	fog_offset 56
}
# end


// LIGHTS

# declare lum = 6;
global_settings {
	ambient_light rgb lum * <0.05, 0.05, 0.05>
	max_trace_level 15
}# declare cpy_direct_light_amount = 0.25;
light_source
{	1000 * <-1, -1.16352, -0.803886>,
	rgb lum * cpy_direct_light_amount
	parallel
}

light_source
{	1000 * <1, 1.16352, 0.803886>,
	rgb lum * cpy_direct_light_amount
	parallel
}

// strand 0

// nucleotide -1

// particle -1
sphere {
	<23.916765, 35.106224, 35.305317> 0.250000
	pigment { color rgbt <1,0,0,0> }
	no_shadow
}
cylinder {
	<24.282656, 35.183182, 35.163185>,  <24.502190, 35.229355, 35.077908>, 0.100000
	pigment { color rgbt <1,0,0,0> }
	no_shadow
}
cylinder {
	<24.282656, 35.183182, 35.163185>,  <23.916765, 35.106224, 35.305317>, 0.100000
	pigment { color rgbt <1,0,0,0> }
	no_shadow
}

// particle -1
sphere {
	<24.282656, 35.183182, 35.163185> 0.100000
	pigment { color rgbt <1,0,0,0> }
	no_shadow
}
sphere {
	0, 1
	scale<0.080000,0.200000,0.300000>
	matrix <-0.161069, 0.980098, 0.116039,
		0.370584, -0.048911, 0.927510,
		0.914727, 0.192395, -0.355330,
		24.557074, 35.240902, 35.056587>
	pigment { color rgbt <0,1,1,0> }
	no_shadow
}
cylinder {
	<24.427458, 35.534447, 35.835056>,  <23.916765, 35.106224, 35.305317>, 0.130000
	pigment { color rgbt <1,0,0,0> }
	no_shadow
}

// nucleotide -1

// particle -1
sphere {
	<24.427458, 35.534447, 35.835056> 0.250000
	pigment { color rgbt <1,0,0,0> }
	no_shadow
}
cylinder {
	<24.485285, 35.575699, 35.441414>,  <24.519981, 35.600449, 35.205227>, 0.100000
	pigment { color rgbt <1,0,0,0> }
	no_shadow
}
cylinder {
	<24.485285, 35.575699, 35.441414>,  <24.427458, 35.534447, 35.835056>, 0.100000
	pigment { color rgbt <1,0,0,0> }
	no_shadow
}

// particle -1
sphere {
	<24.485285, 35.575699, 35.441414> 0.100000
	pigment { color rgbt <1,0,0,0> }
	no_shadow
}
sphere {
	0, 1
	scale<0.080000,0.200000,0.300000>
	matrix <-0.098971, 0.991073, 0.089320,
		0.984533, 0.084486, 0.153483,
		0.144566, 0.103129, -0.984106,
		24.528654, 35.606636, 35.146183>
	pigment { color rgbt <0,1,1,0> }
	no_shadow
}
cylinder {
	<24.609737, 35.282814, 36.474483>,  <24.427458, 35.534447, 35.835056>, 0.130000
	pigment { color rgbt <1,0,0,0> }
	no_shadow
}

// nucleotide -1

// particle -1
sphere {
	<24.609737, 35.282814, 36.474483> 0.250000
	pigment { color rgbt <1,0,0,0> }
	no_shadow
}
cylinder {
	<24.636868, 34.914162, 36.321644>,  <24.653147, 34.692970, 36.229939>, 0.100000
	pigment { color rgbt <1,0,0,0> }
	no_shadow
}
cylinder {
	<24.636868, 34.914162, 36.321644>,  <24.609737, 35.282814, 36.474483>, 0.100000
	pigment { color rgbt <1,0,0,0> }
	no_shadow
}

// particle -1
sphere {
	<24.636868, 34.914162, 36.321644> 0.100000
	pigment { color rgbt <1,0,0,0> }
	no_shadow
}
sphere {
	0, 1
	scale<0.080000,0.200000,0.300000>
	matrix <-0.897515, 0.110900, -0.426812,
		0.435737, 0.371888, -0.819654,
		0.067826, -0.921629, -0.382098,
		24.657215, 34.637672, 36.207016>
	pigment { color rgbt <0,1,1,0> }
	no_shadow
}
cylinder {
	<25.229588, 35.576942, 36.664410>,  <24.609737, 35.282814, 36.474483>, 0.130000
	pigment { color rgbt <1,0,0,0> }
	no_shadow
}

// nucleotide -1

// particle -1
sphere {
	<25.229588, 35.576942, 36.664410> 0.250000
	pigment { color rgbt <1,0,0,0> }
	no_shadow
}
cylinder {
	<25.128153, 35.319637, 36.375435>,  <25.067291, 35.165257, 36.202049>, 0.100000
	pigment { color rgbt <1,0,0,0> }
	no_shadow
}
cylinder {
	<25.128153, 35.319637, 36.375435>,  <25.229588, 35.576942, 36.664410>, 0.100000
	pigment { color rgbt <1,0,0,0> }
	no_shadow
}

// particle -1
sphere {
	<25.128153, 35.319637, 36.375435> 0.100000
	pigment { color rgbt <1,0,0,0> }
	no_shadow
}
sphere {
	0, 1
	scale<0.080000,0.200000,0.300000>
	matrix <-0.016506, 0.749615, -0.661669,
		0.967172, -0.155866, -0.200710,
		-0.253587, -0.643260, -0.722433,
		25.052076, 35.126659, 36.158707>
	pigment { color rgbt <0,1,1,0> }
	no_shadow
}
cylinder {
	<25.748899, 35.688480, 36.183079>,  <25.229588, 35.576942, 36.664410>, 0.130000
	pigment { color rgbt <1,0,0,0> }
	no_shadow
}

// nucleotide -1

// particle -1
sphere {
	<25.748899, 35.688480, 36.183079> 0.250000
	pigment { color rgbt <1,0,0,0> }
	no_shadow
}
cylinder {
	<25.416632, 35.529972, 36.026638>,  <25.217272, 35.434868, 35.932774>, 0.100000
	pigment { color rgbt <1,0,0,0> }
	no_shadow
}
cylinder {
	<25.416632, 35.529972, 36.026638>,  <25.748899, 35.688480, 36.183079>, 0.100000
	pigment { color rgbt <1,0,0,0> }
	no_shadow
}

// particle -1
sphere {
	<25.416632, 35.529972, 36.026638> 0.100000
	pigment { color rgbt <1,0,0,0> }
	no_shadow
}
sphere {
	0, 1
	scale<0.080000,0.200000,0.300000>
	matrix <-0.054669, 0.757103, -0.651004,
		0.554076, -0.519388, -0.650566,
		-0.830669, -0.396271, -0.391098,
		25.167431, 35.411091, 35.909309>
	pigment { color rgbt <0,1,1,0> }
	no_shadow
}
cylinder {
	<26.099228, 35.623680, 36.832874>,  <25.748899, 35.688480, 36.183079>, 0.130000
	pigment { color rgbt <1,0,0,0> }
	no_shadow
}

// nucleotide -1

// particle -1
sphere {
	<26.099228, 35.623680, 36.832874> 0.250000
	pigment { color rgbt <1,0,0,0> }
	no_shadow
}
cylinder {
	<26.020700, 35.346874, 36.555000>,  <25.973585, 35.180790, 36.388275>, 0.100000
	pigment { color rgbt <1,0,0,0> }
	no_shadow
}
cylinder {
	<26.020700, 35.346874, 36.555000>,  <26.099228, 35.623680, 36.832874>, 0.100000
	pigment { color rgbt <1,0,0,0> }
	no_shadow
}

// particle -1
sphere {
	<26.020700, 35.346874, 36.555000> 0.100000
	pigment { color rgbt <1,0,0,0> }
	no_shadow
}
sphere {
	0, 1
	scale<0.080000,0.200000,0.300000>
	matrix <0.889337, -0.424040, 0.171082,
		-0.412963, -0.584219, 0.698677,
		-0.196318, -0.692010, -0.694681,
		25.961805, 35.139271, 36.346596>
	pigment { color rgbt <0,1,1,0> }
	no_shadow
}
cylinder {
	<26.151922, 34.971096, 37.166348>,  <26.099228, 35.623680, 36.832874>, 0.130000
	pigment { color rgbt <1,0,0,0> }
	no_shadow
}

// nucleotide -1

// particle -1
sphere {
	<26.151922, 34.971096, 37.166348> 0.250000
	pigment { color rgbt <1,0,0,0> }
	no_shadow
}
cylinder {
	<26.265532, 34.943825, 36.783791>,  <26.333696, 34.927464, 36.554256>, 0.100000
	pigment { color rgbt <1,0,0,0> }
	no_shadow
}
cylinder {
	<26.265532, 34.943825, 36.783791>,  <26.151922, 34.971096, 37.166348>, 0.100000
	pigment { color rgbt <1,0,0,0> }
	no_shadow
}

// particle -1
sphere {
	<26.265532, 34.943825, 36.783791> 0.100000
	pigment { color rgbt <1,0,0,0> }
	no_shadow
}
sphere {
	0, 1
	scale<0.080000,0.200000,0.300000>
	matrix <0.789950, -0.548693, 0.273707,
		-0.543425, -0.833239, -0.101987,
		0.284023, -0.068174, -0.956391,
		26.350739, 34.923370, 36.496872>
	pigment { color rgbt <0,1,1,0> }
	no_shadow
}
cylinder {
	<26.157316, 34.269150, 36.888340>,  <26.151922, 34.971096, 37.166348>, 0.130000
	pigment { color rgbt <1,0,0,0> }
	no_shadow
}

// nucleotide -1

// particle -1
sphere {
	<26.157316, 34.269150, 36.888340> 0.250000
	pigment { color rgbt <1,0,0,0> }
	no_shadow
}
cylinder {
	<26.426769, 34.499912, 36.703560>,  <26.588442, 34.638371, 36.592693>, 0.100000
	pigment { color rgbt <1,0,0,0> }
	no_shadow
}
cylinder {
	<26.426769, 34.499912, 36.703560>,  <26.157316, 34.269150, 36.888340>, 0.100000
	pigment { color rgbt <1,0,0,0> }
	no_shadow
}

// particle -1
sphere {
	<26.426769, 34.499912, 36.703560> 0.100000
	pigment { color rgbt <1,0,0,0> }
	no_shadow
}
sphere {
	0, 1
	scale<0.080000,0.200000,0.300000>
	matrix <0.738115, -0.556832, 0.380951,
		-0.037457, -0.597594, -0.800923,
		0.673634, 0.576904, -0.461951,
		26.628859, 34.672985, 36.564976>
	pigment { color rgbt <0,1,1,0> }
	no_shadow
}
cylinder {
	<26.632410, 33.797199, 36.534531>,  <26.157316, 34.269150, 36.888340>, 0.130000
	pigment { color rgbt <1,0,0,0> }
	no_shadow
}

// nucleotide -1

// particle -1
sphere {
	<26.632410, 33.797199, 36.534531> 0.250000
	pigment { color rgbt <1,0,0,0> }
	no_shadow
}
cylinder {
	<26.831038, 34.142677, 36.569042>,  <26.950214, 34.349964, 36.589748>, 0.100000
	pigment { color rgbt <1,0,0,0> }
	no_shadow
}
cylinder {
	<26.831038, 34.142677, 36.569042>,  <26.632410, 33.797199, 36.534531>, 0.100000
	pigment { color rgbt <1,0,0,0> }
	no_shadow
}

// particle -1
sphere {
	<26.831038, 34.142677, 36.569042> 0.100000
	pigment { color rgbt <1,0,0,0> }
	no_shadow
}
sphere {
	0, 1
	scale<0.080000,0.200000,0.300000>
	matrix <0.706220, -0.459807, 0.538359,
		0.504652, -0.206400, -0.838287,
		0.496567, 0.863699, 0.086279,
		26.980007, 34.401787, 36.594925>
	pigment { color rgbt <0,1,1,0> }
	no_shadow
}
cylinder {
	<27.289906, 33.780510, 36.214886>,  <26.632410, 33.797199, 36.534531>, 0.130000
	pigment { color rgbt <1,0,0,0> }
	no_shadow
}

// nucleotide -1

// particle -1
sphere {
	<27.289906, 33.780510, 36.214886> 0.250000
	pigment { color rgbt <1,0,0,0> }
	no_shadow
}
cylinder {
	<27.332714, 34.080154, 36.476383>,  <27.358398, 34.259941, 36.633282>, 0.100000
	pigment { color rgbt <1,0,0,0> }
	no_shadow
}
cylinder {
	<27.332714, 34.080154, 36.476383>,  <27.289906, 33.780510, 36.214886>, 0.100000
	pigment { color rgbt <1,0,0,0> }
	no_shadow
}

// particle -1
sphere {
	<27.332714, 34.080154, 36.476383> 0.100000
	pigment { color rgbt <1,0,0,0> }
	no_shadow
}
sphere {
	0, 1
	scale<0.080000,0.200000,0.300000>
	matrix <0.730570, -0.505239, 0.459348,
		0.674399, 0.428443, -0.601350,
		0.107021, 0.749113, 0.653741,
		27.364820, 34.304890, 36.672504>
	pigment { color rgbt <0,1,1,0> }
	no_shadow
}
cylinder {
	<28.001776, 33.909660, 36.269611>,  <27.289906, 33.780510, 36.214886>, 0.130000
	pigment { color rgbt <1,0,0,0> }
	no_shadow
}

// nucleotide -1

// particle -1
sphere {
	<28.001776, 33.909660, 36.269611> 0.250000
	pigment { color rgbt <1,0,0,0> }
	no_shadow
}
cylinder {
	<27.875151, 34.100647, 36.597469>,  <27.799175, 34.215237, 36.794186>, 0.100000
	pigment { color rgbt <1,0,0,0> }
	no_shadow
}
cylinder {
	<27.875151, 34.100647, 36.597469>,  <28.001776, 33.909660, 36.269611>, 0.100000
	pigment { color rgbt <1,0,0,0> }
	no_shadow
}

// particle -1
sphere {
	<27.875151, 34.100647, 36.597469> 0.100000
	pigment { color rgbt <1,0,0,0> }
	no_shadow
}
sphere {
	0, 1
	scale<0.080000,0.200000,0.300000>
	matrix <0.738692, -0.417992, 0.528788,
		0.595082, 0.772858, -0.220380,
		-0.316561, 0.477465, 0.819644,
		27.780182, 34.243885, 36.843361>
	pigment { color rgbt <0,1,1,0> }
	no_shadow
}
cylinder {
	<28.664747, 34.061008, 36.715168>,  <28.001776, 33.909660, 36.269611>, 0.130000
	pigment { color rgbt <1,0,0,0> }
	no_shadow
}

// nucleotide -1

// particle -1
sphere {
	<28.664747, 34.061008, 36.715168> 0.250000
	pigment { color rgbt <1,0,0,0> }
	no_shadow
}
cylinder {
	<28.346449, 34.086334, 36.956093>,  <28.155470, 34.101528, 37.100647>, 0.100000
	pigment { color rgbt <1,0,0,0> }
	no_shadow
}
cylinder {
	<28.346449, 34.086334, 36.956093>,  <28.664747, 34.061008, 36.715168>, 0.100000
	pigment { color rgbt <1,0,0,0> }
	no_shadow
}

// particle -1
sphere {
	<28.346449, 34.086334, 36.956093> 0.100000
	pigment { color rgbt <1,0,0,0> }
	no_shadow
}
sphere {
	0, 1
	scale<0.080000,0.200000,0.300000>
	matrix <0.578872, -0.212840, 0.787151,
		0.178034, 0.975034, 0.132715,
		-0.795745, 0.063315, 0.602313,
		28.107725, 34.105328, 37.136787>
	pigment { color rgbt <0,1,1,0> }
	no_shadow
}
cylinder {
	<28.913483, 33.566517, 37.086617>,  <28.664747, 34.061008, 36.715168>, 0.130000
	pigment { color rgbt <1,0,0,0> }
	no_shadow
}

// nucleotide -1

// particle -1
sphere {
	<28.913483, 33.566517, 37.086617> 0.250000
	pigment { color rgbt <1,0,0,0> }
	no_shadow
}
cylinder {
	<28.965054, 33.759167, 37.433353>,  <28.995996, 33.874756, 37.641396>, 0.100000
	pigment { color rgbt <1,0,0,0> }
	no_shadow
}
cylinder {
	<28.965054, 33.759167, 37.433353>,  <28.913483, 33.566517, 37.086617>, 0.100000
	pigment { color rgbt <1,0,0,0> }
	no_shadow
}

// particle -1
sphere {
	<28.965054, 33.759167, 37.433353> 0.100000
	pigment { color rgbt <1,0,0,0> }
	no_shadow
}
sphere {
	0, 1
	scale<0.080000,0.200000,0.300000>
	matrix <-0.873947, 0.468262, -0.130183,
		-0.468609, -0.740791, 0.481284,
		0.128928, 0.481621, 0.866844,
		29.003733, 33.903652, 37.693405>
	pigment { color rgbt <0,1,1,0> }
	no_shadow
}
cylinder {
	<28.443409, 33.353741, 37.615425>,  <28.913483, 33.566517, 37.086617>, 0.130000
	pigment { color rgbt <1,0,0,0> }
	no_shadow
}

// nucleotide -1

// particle -1
sphere {
	<28.443409, 33.353741, 37.615425> 0.250000
	pigment { color rgbt <1,0,0,0> }
	no_shadow
}
cylinder {
	<28.524590, 33.743107, 37.657898>,  <28.573298, 33.976727, 37.683380>, 0.100000
	pigment { color rgbt <1,0,0,0> }
	no_shadow
}
cylinder {
	<28.524590, 33.743107, 37.657898>,  <28.443409, 33.353741, 37.615425>, 0.100000
	pigment { color rgbt <1,0,0,0> }
	no_shadow
}

// particle -1
sphere {
	<28.524590, 33.743107, 37.657898> 0.100000
	pigment { color rgbt <1,0,0,0> }
	no_shadow
}
sphere {
	0, 1
	scale<0.080000,0.200000,0.300000>
	matrix <-0.978004, 0.206845, -0.026910,
		-0.048158, -0.098383, 0.993983,
		0.202953, 0.973415, 0.106180,
		28.585476, 34.035130, 37.689751>
	pigment { color rgbt <0,1,1,0> }
	no_shadow
}
cylinder {
	<28.037462, 33.695686, 38.198513>,  <28.443409, 33.353741, 37.615425>, 0.130000
	pigment { color rgbt <1,0,0,0> }
	no_shadow
}

// nucleotide -1

// particle -1
sphere {
	<28.037462, 33.695686, 38.198513> 0.250000
	pigment { color rgbt <1,0,0,0> }
	no_shadow
}
cylinder {
	<28.119484, 33.957069, 37.907047>,  <28.168697, 34.113899, 37.732170>, 0.100000
	pigment { color rgbt <1,0,0,0> }
	no_shadow
}
cylinder {
	<28.119484, 33.957069, 37.907047>,  <28.037462, 33.695686, 38.198513>, 0.100000
	pigment { color rgbt <1,0,0,0> }
	no_shadow
}

// particle -1
sphere {
	<28.119484, 33.957069, 37.907047> 0.100000
	pigment { color rgbt <1,0,0,0> }
	no_shadow
}
sphere {
	0, 1
	scale<0.080000,0.200000,0.300000>
	matrix <-0.963314, 0.266444, -0.032141,
		0.173144, 0.708519, 0.684121,
		0.205053, 0.653459, -0.728660,
		28.181000, 34.153107, 37.688450>
	pigment { color rgbt <0,1,1,0> }
	no_shadow
}
cylinder {
	<27.472986, 34.205887, 38.276535>,  <28.037462, 33.695686, 38.198513>, 0.130000
	pigment { color rgbt <1,0,0,0> }
	no_shadow
}

// nucleotide -1

// particle -1
sphere {
	<27.472986, 34.205887, 38.276535> 0.250000
	pigment { color rgbt <1,0,0,0> }
	no_shadow
}
cylinder {
	<27.647381, 34.221920, 37.916912>,  <27.752018, 34.231541, 37.701138>, 0.100000
	pigment { color rgbt <1,0,0,0> }
	no_shadow
}
cylinder {
	<27.647381, 34.221920, 37.916912>,  <27.472986, 34.205887, 38.276535>, 0.100000
	pigment { color rgbt <1,0,0,0> }
	no_shadow
}

// particle -1
sphere {
	<27.647381, 34.221920, 37.916912> 0.100000
	pigment { color rgbt <1,0,0,0> }
	no_shadow
}
sphere {
	0, 1
	scale<0.080000,0.200000,0.300000>
	matrix <-0.739039, 0.586023, -0.332263,
		0.513552, 0.809303, 0.285119,
		0.435988, 0.040080, -0.899060,
		27.778177, 34.233944, 37.647194>
	pigment { color rgbt <0,1,1,0> }
	no_shadow
}
cylinder {
	<27.291491, 34.796124, 37.900185>,  <27.472986, 34.205887, 38.276535>, 0.130000
	pigment { color rgbt <1,0,0,0> }
	no_shadow
}

// nucleotide -1

// particle -1
sphere {
	<27.291491, 34.796124, 37.900185> 0.250000
	pigment { color rgbt <1,0,0,0> }
	no_shadow
}
cylinder {
	<27.441071, 34.649590, 37.559372>,  <27.530819, 34.561668, 37.354885>, 0.100000
	pigment { color rgbt <1,0,0,0> }
	no_shadow
}
cylinder {
	<27.441071, 34.649590, 37.559372>,  <27.291491, 34.796124, 37.900185>, 0.100000
	pigment { color rgbt <1,0,0,0> }
	no_shadow
}

// particle -1
sphere {
	<27.441071, 34.649590, 37.559372> 0.100000
	pigment { color rgbt <1,0,0,0> }
	no_shadow
}
sphere {
	0, 1
	scale<0.080000,0.200000,0.300000>
	matrix <-0.602051, 0.602924, -0.523467,
		0.705475, 0.708718, 0.004912,
		0.373952, -0.366336, -0.852032,
		27.553257, 34.539688, 37.303761>
	pigment { color rgbt <0,1,1,0> }
	no_shadow
}
cylinder {
	<27.409498, 35.341515, 37.507320>,  <27.291491, 34.796124, 37.900185>, 0.130000
	pigment { color rgbt <1,0,0,0> }
	no_shadow
}

// nucleotide -1

// particle -1
sphere {
	<27.409498, 35.341515, 37.507320> 0.250000
	pigment { color rgbt <1,0,0,0> }
	no_shadow
}
cylinder {
	<27.392397, 35.037796, 37.247585>,  <27.382135, 34.855564, 37.091743>, 0.100000
	pigment { color rgbt <1,0,0,0> }
	no_shadow
}
cylinder {
	<27.392397, 35.037796, 37.247585>,  <27.409498, 35.341515, 37.507320>, 0.100000
	pigment { color rgbt <1,0,0,0> }
	no_shadow
}

// particle -1
sphere {
	<27.392397, 35.037796, 37.247585> 0.100000
	pigment { color rgbt <1,0,0,0> }
	no_shadow
}
sphere {
	0, 1
	scale<0.080000,0.200000,0.300000>
	matrix <-0.499433, 0.579140, -0.644332,
		0.865297, 0.296751, -0.403980,
		-0.042754, -0.759300, -0.649335,
		27.379570, 34.810005, 37.052784>
	pigment { color rgbt <0,1,1,0> }
	no_shadow
}
cylinder {
	<27.592634, 35.587265, 36.830376>,  <27.409498, 35.341515, 37.507320>, 0.130000
	pigment { color rgbt <1,0,0,0> }
	no_shadow
}

// nucleotide -1

// particle -1
sphere {
	<27.592634, 35.587265, 36.830376> 0.250000
	pigment { color rgbt <1,0,0,0> }
	no_shadow
}
cylinder {
	<27.401445, 35.243690, 36.756878>,  <27.286732, 35.037544, 36.712780>, 0.100000
	pigment { color rgbt <1,0,0,0> }
	no_shadow
}
cylinder {
	<27.401445, 35.243690, 36.756878>,  <27.592634, 35.587265, 36.830376>, 0.100000
	pigment { color rgbt <1,0,0,0> }
	no_shadow
}

// particle -1
sphere {
	<27.401445, 35.243690, 36.756878> 0.100000
	pigment { color rgbt <1,0,0,0> }
	no_shadow
}
sphere {
	0, 1
	scale<0.080000,0.200000,0.300000>
	matrix <-0.529084, 0.448516, -0.720349,
		0.701150, -0.247090, -0.668830,
		-0.477973, -0.858941, -0.183746,
		27.258053, 34.986008, 36.701756>
	pigment { color rgbt <0,1,1,0> }
	no_shadow
}
cylinder {
	<27.509295, 35.497890, 36.104988>,  <27.592634, 35.587265, 36.830376>, 0.130000
	pigment { color rgbt <1,0,0,0> }
	no_shadow
}

// nucleotide -1

// particle -1
sphere {
	<27.509295, 35.497890, 36.104988> 0.250000
	pigment { color rgbt <1,0,0,0> }
	no_shadow
}
cylinder {
	<27.234888, 35.236507, 36.232979>,  <27.070244, 35.079678, 36.309772>, 0.100000
	pigment { color rgbt <1,0,0,0> }
	no_shadow
}
cylinder {
	<27.234888, 35.236507, 36.232979>,  <27.509295, 35.497890, 36.104988>, 0.100000
	pigment { color rgbt <1,0,0,0> }
	no_shadow
}

// particle -1
sphere {
	<27.234888, 35.236507, 36.232979> 0.100000
	pigment { color rgbt <1,0,0,0> }
	no_shadow
}
sphere {
	0, 1
	scale<0.080000,0.200000,0.300000>
	matrix <-0.667836, 0.390988, -0.633343,
		0.288754, -0.648173, -0.704623,
		-0.686015, -0.653453, 0.319974,
		27.029083, 35.040470, 36.328972>
	pigment { color rgbt <0,1,1,0> }
	no_shadow
}
cylinder {
	<26.994007, 35.048321, 35.838398>,  <27.509295, 35.497890, 36.104988>, 0.130000
	pigment { color rgbt <1,0,0,0> }
	no_shadow
}

// nucleotide -1

// particle -1
sphere {
	<26.994007, 35.048321, 35.838398> 0.250000
	pigment { color rgbt <1,0,0,0> }
	no_shadow
}
cylinder {
	<27.084751, 35.182793, 35.472771>,  <27.139196, 35.263477, 35.253395>, 0.100000
	pigment { color rgbt <1,0,0,0> }
	no_shadow
}
cylinder {
	<27.084751, 35.182793, 35.472771>,  <26.994007, 35.048321, 35.838398>, 0.100000
	pigment { color rgbt <1,0,0,0> }
	no_shadow
}

// particle -1
sphere {
	<27.084751, 35.182793, 35.472771> 0.100000
	pigment { color rgbt <1,0,0,0> }
	no_shadow
}
sphere {
	0, 1
	scale<0.080000,0.200000,0.300000>
	matrix <0.913198, 0.252805, 0.319622,
		0.338532, -0.907232, -0.249652,
		0.226858, 0.336184, -0.914065,
		27.152809, 35.283649, 35.198551>
	pigment { color rgbt <0,1,1,0> }
	no_shadow
}
cylinder {
	<27.693531, 34.862877, 35.502483>,  <26.994007, 35.048321, 35.838398>, 0.130000
	pigment { color rgbt <1,0,0,0> }
	no_shadow
}

// nucleotide -1

// particle -1
sphere {
	<27.693531, 34.862877, 35.502483> 0.250000
	pigment { color rgbt <1,0,0,0> }
	no_shadow
}
cylinder {
	<27.609364, 35.232311, 35.374283>,  <27.558863, 35.453972, 35.297363>, 0.100000
	pigment { color rgbt <1,0,0,0> }
	no_shadow
}
cylinder {
	<27.609364, 35.232311, 35.374283>,  <27.693531, 34.862877, 35.502483>, 0.100000
	pigment { color rgbt <1,0,0,0> }
	no_shadow
}

// particle -1
sphere {
	<27.609364, 35.232311, 35.374283> 0.100000
	pigment { color rgbt <1,0,0,0> }
	no_shadow
}
sphere {
	0, 1
	scale<0.080000,0.200000,0.300000>
	matrix <0.854986, 0.332823, 0.397779,
		0.474051, -0.190321, -0.859682,
		-0.210417, 0.923584, -0.320497,
		27.546238, 35.509388, 35.278133>
	pigment { color rgbt <0,1,1,0> }
	no_shadow
}
cylinder {
	<28.160961, 35.112469, 35.040569>,  <27.693531, 34.862877, 35.502483>, 0.130000
	pigment { color rgbt <1,0,0,0> }
	no_shadow
}

// nucleotide -1

// particle -1
sphere {
	<28.160961, 35.112469, 35.040569> 0.250000
	pigment { color rgbt <1,0,0,0> }
	no_shadow
}
cylinder {
	<28.015562, 35.402935, 35.273998>,  <27.928322, 35.577213, 35.414055>, 0.100000
	pigment { color rgbt <1,0,0,0> }
	no_shadow
}
cylinder {
	<28.015562, 35.402935, 35.273998>,  <28.160961, 35.112469, 35.040569>, 0.100000
	pigment { color rgbt <1,0,0,0> }
	no_shadow
}

// particle -1
sphere {
	<28.015562, 35.402935, 35.273998> 0.100000
	pigment { color rgbt <1,0,0,0> }
	no_shadow
}
sphere {
	0, 1
	scale<0.080000,0.200000,0.300000>
	matrix <0.921525, 0.188421, 0.339543,
		0.136607, 0.661197, -0.737669,
		-0.363497, 0.726165, 0.583570,
		27.906513, 35.620785, 35.449070>
	pigment { color rgbt <0,1,1,0> }
	no_shadow
}
cylinder {
	<28.476513, 35.846157, 35.072468>,  <28.160961, 35.112469, 35.040569>, 0.130000
	pigment { color rgbt <1,0,0,0> }
	no_shadow
}

// nucleotide -1

// particle -1
sphere {
	<28.476513, 35.846157, 35.072468> 0.250000
	pigment { color rgbt <1,0,0,0> }
	no_shadow
}
cylinder {
	<28.351133, 35.700203, 35.423149>,  <28.275906, 35.612629, 35.633556>, 0.100000
	pigment { color rgbt <1,0,0,0> }
	no_shadow
}
cylinder {
	<28.351133, 35.700203, 35.423149>,  <28.476513, 35.846157, 35.072468>, 0.100000
	pigment { color rgbt <1,0,0,0> }
	no_shadow
}

// particle -1
sphere {
	<28.351133, 35.700203, 35.423149> 0.100000
	pigment { color rgbt <1,0,0,0> }
	no_shadow
}
sphere {
	0, 1
	scale<0.080000,0.200000,0.300000>
	matrix <0.912978, 0.138137, 0.383912,
		-0.261191, 0.920746, 0.289838,
		-0.313448, -0.364890, 0.876701,
		28.257099, 35.590736, 35.686161>
	pigment { color rgbt <0,1,1,0> }
	no_shadow
}
cylinder {
	<28.883196, 36.218105, 35.549358>,  <28.476513, 35.846157, 35.072468>, 0.130000
	pigment { color rgbt <1,0,0,0> }
	no_shadow
}

// nucleotide -1

// particle -1
sphere {
	<28.883196, 36.218105, 35.549358> 0.250000
	pigment { color rgbt <1,0,0,0> }
	no_shadow
}
cylinder {
	<28.763279, 35.877235, 35.720905>,  <28.691328, 35.672714, 35.823833>, 0.100000
	pigment { color rgbt <1,0,0,0> }
	no_shadow
}
cylinder {
	<28.763279, 35.877235, 35.720905>,  <28.883196, 36.218105, 35.549358>, 0.100000
	pigment { color rgbt <1,0,0,0> }
	no_shadow
}

// particle -1
sphere {
	<28.763279, 35.877235, 35.720905> 0.100000
	pigment { color rgbt <1,0,0,0> }
	no_shadow
}
sphere {
	0, 1
	scale<0.080000,0.200000,0.300000>
	matrix <0.867958, -0.057060, 0.493350,
		-0.395948, 0.520141, 0.756755,
		-0.299792, -0.852172, 0.428868,
		28.673342, 35.621582, 35.849567>
	pigment { color rgbt <0,1,1,0> }
	no_shadow
}
cylinder {
	<29.143118, 36.198345, 36.250362>,  <28.883196, 36.218105, 35.549358>, 0.130000
	pigment { color rgbt <1,0,0,0> }
	no_shadow
}

// nucleotide -1

// particle -1
sphere {
	<29.143118, 36.198345, 36.250362> 0.250000
	pigment { color rgbt <1,0,0,0> }
	no_shadow
}
cylinder {
	<29.109068, 35.812988, 36.148678>,  <29.088638, 35.581772, 36.087666>, 0.100000
	pigment { color rgbt <1,0,0,0> }
	no_shadow
}
cylinder {
	<29.109068, 35.812988, 36.148678>,  <29.143118, 36.198345, 36.250362>, 0.100000
	pigment { color rgbt <1,0,0,0> }
	no_shadow
}

// particle -1
sphere {
	<29.109068, 35.812988, 36.148678> 0.100000
	pigment { color rgbt <1,0,0,0> }
	no_shadow
}
sphere {
	0, 1
	scale<0.080000,0.200000,0.300000>
	matrix <0.878937, -0.192773, 0.436243,
		-0.469279, -0.186303, 0.863173,
		-0.085123, -0.963395, -0.254213,
		29.083530, 35.523972, 36.072414>
	pigment { color rgbt <0,1,1,0> }
	no_shadow
}
cylinder {
	<29.249964, 35.796719, 36.885529>,  <29.143118, 36.198345, 36.250362>, 0.130000
	pigment { color rgbt <1,0,0,0> }
	no_shadow
}

// nucleotide -1

// particle -1
sphere {
	<29.249964, 35.796719, 36.885529> 0.250000
	pigment { color rgbt <1,0,0,0> }
	no_shadow
}
cylinder {
	<29.325760, 35.571354, 36.563869>,  <29.371237, 35.436134, 36.370872>, 0.100000
	pigment { color rgbt <1,0,0,0> }
	no_shadow
}
cylinder {
	<29.325760, 35.571354, 36.563869>,  <29.249964, 35.796719, 36.885529>, 0.100000
	pigment { color rgbt <1,0,0,0> }
	no_shadow
}

// particle -1
sphere {
	<29.325760, 35.571354, 36.563869> 0.100000
	pigment { color rgbt <1,0,0,0> }
	no_shadow
}
sphere {
	0, 1
	scale<0.080000,0.200000,0.300000>
	matrix <0.945643, -0.115733, 0.303915,
		-0.264297, -0.818028, 0.510859,
		0.189488, -0.563414, -0.804151,
		29.382607, 35.402328, 36.322624>
	pigment { color rgbt <0,1,1,0> }
	no_shadow
}
cylinder {
	<29.505209, 35.028328, 37.120594>,  <29.249964, 35.796719, 36.885529>, 0.130000
	pigment { color rgbt <1,0,0,0> }
	no_shadow
}

// nucleotide -1

// particle -1
sphere {
	<29.505209, 35.028328, 37.120594> 0.250000
	pigment { color rgbt <1,0,0,0> }
	no_shadow
}
cylinder {
	<29.658012, 35.162315, 36.776070>,  <29.749695, 35.242706, 36.569355>, 0.100000
	pigment { color rgbt <1,0,0,0> }
	no_shadow
}
cylinder {
	<29.658012, 35.162315, 36.776070>,  <29.505209, 35.028328, 37.120594>, 0.100000
	pigment { color rgbt <1,0,0,0> }
	no_shadow
}

// particle -1
sphere {
	<29.658012, 35.162315, 36.776070> 0.100000
	pigment { color rgbt <1,0,0,0> }
	no_shadow
}
sphere {
	0, 1
	scale<0.080000,0.200000,0.300000>
	matrix <0.924127, -0.130845, 0.358982,
		0.007549, -0.933100, -0.359538,
		0.382010, 0.334969, -0.861315,
		29.772615, 35.262806, 36.517673>
	pigment { color rgbt <0,1,1,0> }
	no_shadow
}
cylinder {
	<29.951262, 34.572651, 36.749611>,  <29.505209, 35.028328, 37.120594>, 0.130000
	pigment { color rgbt <1,0,0,0> }
	no_shadow
}

// nucleotide -1

// particle -1
sphere {
	<29.951262, 34.572651, 36.749611> 0.250000
	pigment { color rgbt <1,0,0,0> }
	no_shadow
}
cylinder {
	<30.056667, 34.955410, 36.700787>,  <30.119911, 35.185066, 36.671490>, 0.100000
	pigment { color rgbt <1,0,0,0> }
	no_shadow
}
cylinder {
	<30.056667, 34.955410, 36.700787>,  <29.951262, 34.572651, 36.749611>, 0.100000
	pigment { color rgbt <1,0,0,0> }
	no_shadow
}

// particle -1
sphere {
	<30.056667, 34.955410, 36.700787> 0.100000
	pigment { color rgbt <1,0,0,0> }
	no_shadow
}
sphere {
	0, 1
	scale<0.080000,0.200000,0.300000>
	matrix <0.916151, -0.208633, 0.342256,
		0.302039, -0.202020, -0.931644,
		0.263514, 0.956901, -0.122065,
		30.135721, 35.242481, 36.664165>
	pigment { color rgbt <0,1,1,0> }
	no_shadow
}
cylinder {
	<30.447849, 34.572060, 36.219742>,  <29.951262, 34.572651, 36.749611>, 0.130000
	pigment { color rgbt <1,0,0,0> }
	no_shadow
}

// nucleotide -1

// particle -1
sphere {
	<30.447849, 34.572060, 36.219742> 0.250000
	pigment { color rgbt <1,0,0,0> }
	no_shadow
}
cylinder {
	<30.520342, 34.869411, 36.477283>,  <30.563837, 35.047821, 36.631809>, 0.100000
	pigment { color rgbt <1,0,0,0> }
	no_shadow
}
cylinder {
	<30.520342, 34.869411, 36.477283>,  <30.447849, 34.572060, 36.219742>, 0.100000
	pigment { color rgbt <1,0,0,0> }
	no_shadow
}

// particle -1
sphere {
	<30.520342, 34.869411, 36.477283> 0.100000
	pigment { color rgbt <1,0,0,0> }
	no_shadow
}
sphere {
	0, 1
	scale<0.080000,0.200000,0.300000>
	matrix <0.939202, -0.324980, 0.110850,
		0.291642, 0.584615, -0.757080,
		0.181231, 0.743379, 0.643850,
		30.574711, 35.092426, 36.670437>
	pigment { color rgbt <0,1,1,0> }
	no_shadow
}
cylinder {
	<31.040066, 34.919277, 35.964626>,  <30.447849, 34.572060, 36.219742>, 0.130000
	pigment { color rgbt <1,0,0,0> }
	no_shadow
}

// nucleotide -1

// particle -1
sphere {
	<31.040066, 34.919277, 35.964626> 0.250000
	pigment { color rgbt <1,0,0,0> }
	no_shadow
}
cylinder {
	<30.990194, 34.922470, 36.361492>,  <30.960272, 34.924385, 36.599613>, 0.100000
	pigment { color rgbt <1,0,0,0> }
	no_shadow
}
cylinder {
	<30.990194, 34.922470, 36.361492>,  <31.040066, 34.919277, 35.964626>, 0.100000
	pigment { color rgbt <1,0,0,0> }
	no_shadow
}

// particle -1
sphere {
	<30.990194, 34.922470, 36.361492> 0.100000
	pigment { color rgbt <1,0,0,0> }
	no_shadow
}
sphere {
	0, 1
	scale<0.080000,0.200000,0.300000>
	matrix <0.880368, -0.460304, 0.114333,
		0.457610, 0.887725, 0.050365,
		-0.124680, 0.007981, 0.992165,
		30.952791, 34.924866, 36.659142>
	pigment { color rgbt <0,1,1,0> }
	no_shadow
}
cylinder {
	<31.879730, 35.049637, 35.669609>,  <31.040066, 34.919277, 35.964626>, 0.130000
	pigment { color rgbt <1,0,0,0> }
	no_shadow
}

// nucleotide -1

// particle -1
sphere {
	<31.879730, 35.049637, 35.669609> 0.250000
	pigment { color rgbt <1,0,0,0> }
	no_shadow
}
cylinder {
	<31.925716, 34.706192, 35.469780>,  <31.953308, 34.500126, 35.349884>, 0.100000
	pigment { color rgbt <1,0,0,0> }
	no_shadow
}
cylinder {
	<31.925716, 34.706192, 35.469780>,  <31.879730, 35.049637, 35.669609>, 0.100000
	pigment { color rgbt <1,0,0,0> }
	no_shadow
}

// particle -1
sphere {
	<31.925716, 34.706192, 35.469780> 0.100000
	pigment { color rgbt <1,0,0,0> }
	no_shadow
}
sphere {
	0, 1
	scale<0.080000,0.200000,0.300000>
	matrix <0.960479, -0.032259, 0.276474,
		-0.253499, -0.511613, 0.820969,
		0.114964, -0.858610, -0.499572,
		31.960205, 34.448608, 35.319908>
	pigment { color rgbt <0,1,1,0> }
	no_shadow
}
cylinder {
	<32.107151, 34.447613, 36.142906>,  <31.879730, 35.049637, 35.669609>, 0.130000
	pigment { color rgbt <1,0,0,0> }
	no_shadow
}

// nucleotide -1

// particle -1
sphere {
	<32.107151, 34.447613, 36.142906> 0.250000
	pigment { color rgbt <1,0,0,0> }
	no_shadow
}
cylinder {
	<32.226433, 34.394787, 35.764778>,  <32.298000, 34.363091, 35.537899>, 0.100000
	pigment { color rgbt <1,0,0,0> }
	no_shadow
}
cylinder {
	<32.226433, 34.394787, 35.764778>,  <32.107151, 34.447613, 36.142906>, 0.100000
	pigment { color rgbt <1,0,0,0> }
	no_shadow
}

// particle -1
sphere {
	<32.226433, 34.394787, 35.764778> 0.100000
	pigment { color rgbt <1,0,0,0> }
	no_shadow
}
sphere {
	0, 1
	scale<0.080000,0.200000,0.300000>
	matrix <0.937763, 0.225204, 0.264354,
		0.177980, -0.965320, 0.190998,
		0.298200, -0.132061, -0.945324,
		32.315891, 34.355167, 35.481182>
	pigment { color rgbt <0,1,1,0> }
	no_shadow
}
cylinder {
	<32.678905, 33.928013, 36.213413>,  <32.107151, 34.447613, 36.142906>, 0.130000
	pigment { color rgbt <1,0,0,0> }
	no_shadow
}

// nucleotide -1

// particle -1
sphere {
	<32.678905, 33.928013, 36.213413> 0.250000
	pigment { color rgbt <1,0,0,0> }
	no_shadow
}
cylinder {
	<32.662209, 34.207230, 35.927475>,  <32.652191, 34.374760, 35.755913>, 0.100000
	pigment { color rgbt <1,0,0,0> }
	no_shadow
}
cylinder {
	<32.662209, 34.207230, 35.927475>,  <32.678905, 33.928013, 36.213413>, 0.100000
	pigment { color rgbt <1,0,0,0> }
	no_shadow
}

// particle -1
sphere {
	<32.662209, 34.207230, 35.927475> 0.100000
	pigment { color rgbt <1,0,0,0> }
	no_shadow
}
sphere {
	0, 1
	scale<0.080000,0.200000,0.300000>
	matrix <0.834794, 0.417480, 0.358927,
		0.548977, -0.581764, -0.600145,
		-0.041738, 0.698041, -0.714841,
		32.649689, 34.416641, 35.713024>
	pigment { color rgbt <0,1,1,0> }
	no_shadow
}
cylinder {
	<33.246998, 33.950432, 35.932594>,  <32.678905, 33.928013, 36.213413>, 0.130000
	pigment { color rgbt <1,0,0,0> }
	no_shadow
}

// nucleotide -1

// particle -1
sphere {
	<33.246998, 33.950432, 35.932594> 0.250000
	pigment { color rgbt <1,0,0,0> }
	no_shadow
}
cylinder {
	<33.083221, 34.314117, 35.902431>,  <32.984955, 34.532330, 35.884335>, 0.100000
	pigment { color rgbt <1,0,0,0> }
	no_shadow
}
cylinder {
	<33.083221, 34.314117, 35.902431>,  <33.246998, 33.950432, 35.932594>, 0.100000
	pigment { color rgbt <1,0,0,0> }
	no_shadow
}

// particle -1
sphere {
	<33.083221, 34.314117, 35.902431> 0.100000
	pigment { color rgbt <1,0,0,0> }
	no_shadow
}
sphere {
	0, 1
	scale<0.080000,0.200000,0.300000>
	matrix <0.870223, 0.414028, 0.267005,
		0.273985, 0.043703, -0.960741,
		-0.409443, 0.909214, -0.075406,
		32.960388, 34.586884, 35.879810>
	pigment { color rgbt <0,1,1,0> }
	no_shadow
}
cylinder {
	<33.721958, 34.182323, 36.422825>,  <33.246998, 33.950432, 35.932594>, 0.130000
	pigment { color rgbt <1,0,0,0> }
	no_shadow
}

// nucleotide -1

// particle -1
sphere {
	<33.721958, 34.182323, 36.422825> 0.250000
	pigment { color rgbt <1,0,0,0> }
	no_shadow
}
cylinder {
	<33.958294, 34.418789, 36.203213>,  <34.100094, 34.560669, 36.071445>, 0.100000
	pigment { color rgbt <1,0,0,0> }
	no_shadow
}
cylinder {
	<33.958294, 34.418789, 36.203213>,  <33.721958, 34.182323, 36.422825>, 0.100000
	pigment { color rgbt <1,0,0,0> }
	no_shadow
}

// particle -1
sphere {
	<33.958294, 34.418789, 36.203213> 0.100000
	pigment { color rgbt <1,0,0,0> }
	no_shadow
}
sphere {
	0, 1
	scale<0.080000,0.200000,0.300000>
	matrix <-0.779541, 0.242944, -0.577316,
		-0.207906, 0.769092, 0.604378,
		0.590839, 0.591165, -0.549029,
		34.135544, 34.596138, 36.038506>
	pigment { color rgbt <0,1,1,0> }
	no_shadow
}
cylinder {
	<33.581387, 34.878490, 36.412537>,  <33.721958, 34.182323, 36.422825>, 0.130000
	pigment { color rgbt <1,0,0,0> }
	no_shadow
}

// nucleotide -1

// particle -1
sphere {
	<33.581387, 34.878490, 36.412537> 0.250000
	pigment { color rgbt <1,0,0,0> }
	no_shadow
}
cylinder {
	<33.738010, 34.749603, 36.067780>,  <33.831985, 34.672272, 35.860924>, 0.100000
	pigment { color rgbt <1,0,0,0> }
	no_shadow
}
cylinder {
	<33.738010, 34.749603, 36.067780>,  <33.581387, 34.878490, 36.412537>, 0.100000
	pigment { color rgbt <1,0,0,0> }
	no_shadow
}

// particle -1
sphere {
	<33.738010, 34.749603, 36.067780> 0.100000
	pigment { color rgbt <1,0,0,0> }
	no_shadow
}
sphere {
	0, 1
	scale<0.080000,0.200000,0.300000>
	matrix <-0.917876, -0.070889, -0.390486,
		0.064723, 0.944007, -0.323514,
		0.391555, -0.322219, -0.861893,
		33.855476, 34.652939, 35.809212>
	pigment { color rgbt <0,1,1,0> }
	no_shadow
}
cylinder {
	<33.195343, 35.183586, 35.885506>,  <33.581387, 34.878490, 36.412537>, 0.130000
	pigment { color rgbt <1,0,0,0> }
	no_shadow
}

// nucleotide -1

// particle -1
sphere {
	<33.195343, 35.183586, 35.885506> 0.250000
	pigment { color rgbt <1,0,0,0> }
	no_shadow
}
cylinder {
	<33.337395, 34.846996, 35.722630>,  <33.422626, 34.645042, 35.624905>, 0.100000
	pigment { color rgbt <1,0,0,0> }
	no_shadow
}
cylinder {
	<33.337395, 34.846996, 35.722630>,  <33.195343, 35.183586, 35.885506>, 0.100000
	pigment { color rgbt <1,0,0,0> }
	no_shadow
}

// particle -1
sphere {
	<33.337395, 34.846996, 35.722630> 0.100000
	pigment { color rgbt <1,0,0,0> }
	no_shadow
}
sphere {
	0, 1
	scale<0.080000,0.200000,0.300000>
	matrix <-0.828296, -0.081306, -0.554360,
		0.433373, 0.534144, -0.725863,
		0.355125, -0.841475, -0.407194,
		33.443932, 34.594555, 35.600471>
	pigment { color rgbt <0,1,1,0> }
	no_shadow
}
cylinder {
	<33.222836, 35.166641, 35.070770>,  <33.195343, 35.183586, 35.885506>, 0.130000
	pigment { color rgbt <1,0,0,0> }
	no_shadow
}

// nucleotide -1

// particle -1
sphere {
	<33.222836, 35.166641, 35.070770> 0.250000
	pigment { color rgbt <1,0,0,0> }
	no_shadow
}
cylinder {
	<33.188030, 34.784382, 35.183319>,  <33.167149, 34.555027, 35.250847>, 0.100000
	pigment { color rgbt <1,0,0,0> }
	no_shadow
}
cylinder {
	<33.188030, 34.784382, 35.183319>,  <33.222836, 35.166641, 35.070770>, 0.100000
	pigment { color rgbt <1,0,0,0> }
	no_shadow
}

// particle -1
sphere {
	<33.188030, 34.784382, 35.183319> 0.100000
	pigment { color rgbt <1,0,0,0> }
	no_shadow
}
sphere {
	0, 1
	scale<0.080000,0.200000,0.300000>
	matrix <-0.742164, -0.126229, -0.658224,
		0.664546, -0.266097, -0.698263,
		-0.087011, -0.955646, 0.281373,
		33.161926, 34.497688, 35.267731>
	pigment { color rgbt <0,1,1,0> }
	no_shadow
}
cylinder {
	<33.109077, 34.660873, 34.425861>,  <33.222836, 35.166641, 35.070770>, 0.130000
	pigment { color rgbt <1,0,0,0> }
	no_shadow
}

// nucleotide -1

// particle -1
sphere {
	<33.109077, 34.660873, 34.425861> 0.250000
	pigment { color rgbt <1,0,0,0> }
	no_shadow
}
cylinder {
	<32.968872, 34.488461, 34.758453>,  <32.884750, 34.385014, 34.958008>, 0.100000
	pigment { color rgbt <1,0,0,0> }
	no_shadow
}
cylinder {
	<32.968872, 34.488461, 34.758453>,  <33.109077, 34.660873, 34.425861>, 0.100000
	pigment { color rgbt <1,0,0,0> }
	no_shadow
}

// particle -1
sphere {
	<32.968872, 34.488461, 34.758453> 0.100000
	pigment { color rgbt <1,0,0,0> }
	no_shadow
}
sphere {
	0, 1
	scale<0.080000,0.200000,0.300000>
	matrix <-0.862763, -0.196820, -0.465727,
		0.364393, -0.880611, -0.302889,
		-0.350509, -0.431029, 0.831479,
		32.863720, 34.359150, 35.007896>
	pigment { color rgbt <0,1,1,0> }
	no_shadow
}
cylinder {
	<32.729748, 34.061741, 34.234028>,  <33.109077, 34.660873, 34.425861>, 0.130000
	pigment { color rgbt <1,0,0,0> }
	no_shadow
}

// nucleotide -1

// particle -1
sphere {
	<32.729748, 34.061741, 34.234028> 0.250000
	pigment { color rgbt <1,0,0,0> }
	no_shadow
}
cylinder {
	<32.600388, 34.173542, 34.595646>,  <32.522770, 34.240623, 34.812614>, 0.100000
	pigment { color rgbt <1,0,0,0> }
	no_shadow
}
cylinder {
	<32.600388, 34.173542, 34.595646>,  <32.729748, 34.061741, 34.234028>, 0.100000
	pigment { color rgbt <1,0,0,0> }
	no_shadow
}

// particle -1
sphere {
	<32.600388, 34.173542, 34.595646> 0.100000
	pigment { color rgbt <1,0,0,0> }
	no_shadow
}
sphere {
	0, 1
	scale<0.080000,0.200000,0.300000>
	matrix <-0.945440, -0.135268, -0.296389,
		0.039446, -0.950568, 0.308000,
		-0.323401, 0.279504, 0.904041,
		32.503368, 34.257393, 34.866859>
	pigment { color rgbt <0,1,1,0> }
	no_shadow
}
cylinder {
	<32.345612, 33.458961, 34.610386>,  <32.729748, 34.061741, 34.234028>, 0.130000
	pigment { color rgbt <1,0,0,0> }
	no_shadow
}

// nucleotide -1

// particle -1
sphere {
	<32.345612, 33.458961, 34.610386> 0.250000
	pigment { color rgbt <1,0,0,0> }
	no_shadow
}
cylinder {
	<32.207512, 33.790276, 34.786903>,  <32.124653, 33.989063, 34.892815>, 0.100000
	pigment { color rgbt <1,0,0,0> }
	no_shadow
}
cylinder {
	<32.207512, 33.790276, 34.786903>,  <32.345612, 33.458961, 34.610386>, 0.100000
	pigment { color rgbt <1,0,0,0> }
	no_shadow
}

// particle -1
sphere {
	<32.207512, 33.790276, 34.786903> 0.100000
	pigment { color rgbt <1,0,0,0> }
	no_shadow
}
sphere {
	0, 1
	scale<0.080000,0.200000,0.300000>
	matrix <-0.920310, -0.390947, 0.013781,
		0.183938, -0.401371, 0.897256,
		-0.345248, 0.828288, 0.441296,
		32.103939, 34.038761, 34.919292>
	pigment { color rgbt <0,1,1,0> }
	no_shadow
}
cylinder {
	<32.000175, 33.236923, 35.219250>,  <32.345612, 33.458961, 34.610386>, 0.130000
	pigment { color rgbt <1,0,0,0> }
	no_shadow
}

// nucleotide -1

// particle -1
sphere {
	<32.000175, 33.236923, 35.219250> 0.250000
	pigment { color rgbt <1,0,0,0> }
	no_shadow
}
cylinder {
	<31.852036, 33.587341, 35.095711>,  <31.763151, 33.797592, 35.021587>, 0.100000
	pigment { color rgbt <1,0,0,0> }
	no_shadow
}
cylinder {
	<31.852036, 33.587341, 35.095711>,  <32.000175, 33.236923, 35.219250>, 0.100000
	pigment { color rgbt <1,0,0,0> }
	no_shadow
}

// particle -1
sphere {
	<31.852036, 33.587341, 35.095711> 0.100000
	pigment { color rgbt <1,0,0,0> }
	no_shadow
}
sphere {
	0, 1
	scale<0.080000,0.200000,0.300000>
	matrix <-0.928223, -0.336404, 0.158854,
