// switches for output
#declare DRAW_BASES = 1; // possible values are 0, 1; only relevant for DNA ribbons
#declare DRAW_BASES_TYPE = 3; // possible values are 1, 2, 3; only relevant for DNA ribbons
#declare DRAW_FOG = 0; // set to 1 to enable fog

#include "colors.inc"

#include "transforms.inc"
background { rgb <1, 1, 1>}

#default {
   normal{
       ripples 0.25
       frequency 0.20
       turbulence 0.2
       lambda 5
   }
	finish {
		phong 0.1
		phong_size 40.
	}
}

// original window dimensions: 1024x640


// camera settings

camera {
	sky <0, 0.179814, -0.983701>
	up <0, 0.179814, -0.983701>
	right 1.6 * <1, 0, 0>
	location <35, 94.9851, 44.8844>
	look_at <35, 29.7336, 32.9568>
	direction <0, -65.2515, -11.9276>
	angle 67.0682
}


# declare cpy_camera_pos = <35, 94.9851, 44.8844>;
# if (DRAW_FOG = 1)
fog {
	fog_type 2
	up vnormalize(cpy_camera_pos)
	color rgbt<1,1,1,0.3>
	distance 1e-5
	fog_alt 3e-3
	fog_offset 56
}
# end


// LIGHTS

# declare lum = 6;
global_settings {
	ambient_light rgb lum * <0.05, 0.05, 0.05>
	max_trace_level 15
}# declare cpy_direct_light_amount = 0.25;
light_source
{	1000 * <-1, -1.16352, -0.803886>,
	rgb lum * cpy_direct_light_amount
	parallel
}

light_source
{	1000 * <1, 1.16352, 0.803886>,
	rgb lum * cpy_direct_light_amount
	parallel
}

// strand 0

// nucleotide -1

// particle -1
sphere {
	<24.577984, 35.452400, 34.675285> 0.250000
	pigment { color rgbt <1,0,0,0> }
	no_shadow
}
cylinder {
	<24.291105, 35.268414, 34.884686>,  <24.118979, 35.158020, 35.010326>, 0.100000
	pigment { color rgbt <1,0,0,0> }
	no_shadow
}
cylinder {
	<24.291105, 35.268414, 34.884686>,  <24.577984, 35.452400, 34.675285>, 0.100000
	pigment { color rgbt <1,0,0,0> }
	no_shadow
}

// particle -1
sphere {
	<24.291105, 35.268414, 34.884686> 0.100000
	pigment { color rgbt <1,0,0,0> }
	no_shadow
}
sphere {
	0, 1
	scale<0.080000,0.200000,0.300000>
	matrix <0.654457, -0.186503, 0.732736,
		-0.239403, 0.868126, 0.434791,
		-0.717197, -0.459971, 0.523502,
		24.075947, 35.130421, 35.041737>
	pigment { color rgbt <0,1,1,0> }
	no_shadow
}
cylinder {
	<24.490376, 35.756199, 35.248672>,  <24.577984, 35.452400, 34.675285>, 0.130000
	pigment { color rgbt <1,0,0,0> }
	no_shadow
}

// nucleotide -1

// particle -1
sphere {
	<24.490376, 35.756199, 35.248672> 0.250000
	pigment { color rgbt <1,0,0,0> }
	no_shadow
}
cylinder {
	<24.391720, 35.376026, 35.324402>,  <24.332527, 35.147923, 35.369839>, 0.100000
	pigment { color rgbt <1,0,0,0> }
	no_shadow
}
cylinder {
	<24.391720, 35.376026, 35.324402>,  <24.490376, 35.756199, 35.248672>, 0.100000
	pigment { color rgbt <1,0,0,0> }
	no_shadow
}

// particle -1
sphere {
	<24.391720, 35.376026, 35.324402> 0.100000
	pigment { color rgbt <1,0,0,0> }
	no_shadow
}
sphere {
	0, 1
	scale<0.080000,0.200000,0.300000>
	matrix <0.765023, -0.071020, 0.640075,
		-0.594903, 0.302706, 0.744620,
		-0.246638, -0.950434, 0.189327,
		24.317728, 35.090897, 35.381199>
	pigment { color rgbt <0,1,1,0> }
	no_shadow
}
cylinder {
	<24.554029, 35.679958, 36.033016>,  <24.490376, 35.756199, 35.248672>, 0.130000
	pigment { color rgbt <1,0,0,0> }
	no_shadow
}

// nucleotide -1

// particle -1
sphere {
	<24.554029, 35.679958, 36.033016> 0.250000
	pigment { color rgbt <1,0,0,0> }
	no_shadow
}
cylinder {
	<24.609869, 35.340317, 35.829235>,  <24.643372, 35.136532, 35.706966>, 0.100000
	pigment { color rgbt <1,0,0,0> }
	no_shadow
}
cylinder {
	<24.609869, 35.340317, 35.829235>,  <24.554029, 35.679958, 36.033016>, 0.100000
	pigment { color rgbt <1,0,0,0> }
	no_shadow
}

// particle -1
sphere {
	<24.609869, 35.340317, 35.829235> 0.100000
	pigment { color rgbt <1,0,0,0> }
	no_shadow
}
sphere {
	0, 1
	scale<0.080000,0.200000,0.300000>
	matrix <0.912395, -0.089619, 0.399380,
		-0.384771, -0.520570, 0.762206,
		0.139597, -0.849103, -0.509448,
		24.651749, 35.085587, 35.676399>
	pigment { color rgbt <0,1,1,0> }
	no_shadow
}
cylinder {
	<24.832443, 35.049061, 36.495007>,  <24.554029, 35.679958, 36.033016>, 0.130000
	pigment { color rgbt <1,0,0,0> }
	no_shadow
}

// nucleotide -1

// particle -1
sphere {
	<24.832443, 35.049061, 36.495007> 0.250000
	pigment { color rgbt <1,0,0,0> }
	no_shadow
}
cylinder {
	<24.949701, 35.014000, 36.114189>,  <25.020056, 34.992962, 35.885700>, 0.100000
	pigment { color rgbt <1,0,0,0> }
	no_shadow
}
cylinder {
	<24.949701, 35.014000, 36.114189>,  <24.832443, 35.049061, 36.495007>, 0.100000
	pigment { color rgbt <1,0,0,0> }
	no_shadow
}

// particle -1
sphere {
	<24.949701, 35.014000, 36.114189> 0.100000
	pigment { color rgbt <1,0,0,0> }
	no_shadow
}
sphere {
	0, 1
	scale<0.080000,0.200000,0.300000>
	matrix <0.929763, -0.205841, 0.305238,
		-0.222725, -0.974652, 0.021157,
		0.293145, -0.087655, -0.952041,
		25.037645, 34.987705, 35.828575>
	pigment { color rgbt <0,1,1,0> }
	no_shadow
}
cylinder {
	<25.353134, 34.486782, 36.426769>,  <24.832443, 35.049061, 36.495007>, 0.130000
	pigment { color rgbt <1,0,0,0> }
	no_shadow
}

// nucleotide -1

// particle -1
sphere {
	<25.353134, 34.486782, 36.426769> 0.250000
	pigment { color rgbt <1,0,0,0> }
	no_shadow
}
cylinder {
	<25.391241, 34.725819, 36.108322>,  <25.414106, 34.869240, 35.917255>, 0.100000
	pigment { color rgbt <1,0,0,0> }
	no_shadow
}
cylinder {
	<25.391241, 34.725819, 36.108322>,  <25.353134, 34.486782, 36.426769>, 0.100000
	pigment { color rgbt <1,0,0,0> }
	no_shadow
}

// particle -1
sphere {
	<25.391241, 34.725819, 36.108322> 0.100000
	pigment { color rgbt <1,0,0,0> }
	no_shadow
}
sphere {
	0, 1
	scale<0.080000,0.200000,0.300000>
	matrix <0.988528, -0.150952, 0.004983,
		-0.117198, -0.787461, -0.605120,
		0.095268, 0.597595, -0.796118,
		25.419821, 34.905098, 35.869488>
	pigment { color rgbt <0,1,1,0> }
	no_shadow
}
cylinder {
	<26.039869, 34.317375, 36.198303>,  <25.353134, 34.486782, 36.426769>, 0.130000
	pigment { color rgbt <1,0,0,0> }
	no_shadow
}

// nucleotide -1

// particle -1
sphere {
	<26.039869, 34.317375, 36.198303> 0.250000
	pigment { color rgbt <1,0,0,0> }
	no_shadow
}
cylinder {
	<25.957150, 34.684387, 36.062435>,  <25.907518, 34.904594, 35.980915>, 0.100000
	pigment { color rgbt <1,0,0,0> }
	no_shadow
}
cylinder {
	<25.957150, 34.684387, 36.062435>,  <26.039869, 34.317375, 36.198303>, 0.100000
	pigment { color rgbt <1,0,0,0> }
	no_shadow
}

// particle -1
sphere {
	<25.957150, 34.684387, 36.062435> 0.100000
	pigment { color rgbt <1,0,0,0> }
	no_shadow
}
sphere {
	0, 1
	scale<0.080000,0.200000,0.300000>
	matrix <0.944269, 0.278053, 0.176189,
		0.256104, -0.284304, -0.923895,
		-0.206800, 0.917528, -0.339670,
		25.895109, 34.959644, 35.960533>
	pigment { color rgbt <0,1,1,0> }
	no_shadow
}
cylinder {
	<26.488890, 34.563221, 35.587547>,  <26.039869, 34.317375, 36.198303>, 0.130000
	pigment { color rgbt <1,0,0,0> }
	no_shadow
}

// nucleotide -1

// particle -1
sphere {
	<26.488890, 34.563221, 35.587547> 0.250000
	pigment { color rgbt <1,0,0,0> }
	no_shadow
}
cylinder {
	<26.369707, 34.853451, 35.835667>,  <26.298199, 35.027588, 35.984539>, 0.100000
	pigment { color rgbt <1,0,0,0> }
	no_shadow
}
cylinder {
	<26.369707, 34.853451, 35.835667>,  <26.488890, 34.563221, 35.587547>, 0.100000
	pigment { color rgbt <1,0,0,0> }
	no_shadow
}

// particle -1
sphere {
	<26.369707, 34.853451, 35.835667> 0.100000
	pigment { color rgbt <1,0,0,0> }
	no_shadow
}
sphere {
	0, 1
	scale<0.080000,0.200000,0.300000>
	matrix <0.943543, 0.125328, 0.306625,
		0.144739, 0.676636, -0.721952,
		-0.297954, 0.725574, 0.620295,
		26.280321, 35.071121, 36.021755>
	pigment { color rgbt <0,1,1,0> }
	no_shadow
}
cylinder {
	<27.207891, 34.636856, 35.750153>,  <26.488890, 34.563221, 35.587547>, 0.130000
	pigment { color rgbt <1,0,0,0> }
	no_shadow
}

// nucleotide -1

// particle -1
sphere {
	<27.207891, 34.636856, 35.750153> 0.250000
	pigment { color rgbt <1,0,0,0> }
	no_shadow
}
cylinder {
	<27.591047, 34.630932, 35.635452>,  <27.820942, 34.627377, 35.566631>, 0.100000
	pigment { color rgbt <1,0,0,0> }
	no_shadow
}
cylinder {
	<27.591047, 34.630932, 35.635452>,  <27.207891, 34.636856, 35.750153>, 0.100000
	pigment { color rgbt <1,0,0,0> }
	no_shadow
}

// particle -1
sphere {
	<27.591047, 34.630932, 35.635452> 0.100000
	pigment { color rgbt <1,0,0,0> }
	no_shadow
}
sphere {
	0, 1
	scale<0.080000,0.200000,0.300000>
	matrix <0.250770, 0.529565, 0.810354,
		0.139855, -0.848140, 0.510979,
		0.957890, -0.014807, -0.286751,
		27.878414, 34.626492, 35.549427>
	pigment { color rgbt <0,1,1,0> }
	no_shadow
}
cylinder {
	<27.617006, 34.454838, 36.380856>,  <27.207891, 34.636856, 35.750153>, 0.130000
	pigment { color rgbt <1,0,0,0> }
	no_shadow
}

// nucleotide -1

// particle -1
sphere {
	<27.617006, 34.454838, 36.380856> 0.250000
	pigment { color rgbt <1,0,0,0> }
	no_shadow
}
cylinder {
	<27.868750, 34.658932, 36.146397>,  <28.019794, 34.781387, 36.005722>, 0.100000
	pigment { color rgbt <1,0,0,0> }
	no_shadow
}
cylinder {
	<27.868750, 34.658932, 36.146397>,  <27.617006, 34.454838, 36.380856>, 0.100000
	pigment { color rgbt <1,0,0,0> }
	no_shadow
}

// particle -1
sphere {
	<27.868750, 34.658932, 36.146397> 0.100000
	pigment { color rgbt <1,0,0,0> }
	no_shadow
}
sphere {
	0, 1
	scale<0.080000,0.200000,0.300000>
	matrix <0.316833, 0.520251, 0.793067,
		0.709597, -0.684832, 0.165763,
		0.629356, 0.510239, -0.586146,
		28.057556, 34.812004, 35.970554>
	pigment { color rgbt <0,1,1,0> }
	no_shadow
}
cylinder {
	<28.150614, 34.468349, 36.766068>,  <27.617006, 34.454838, 36.380856>, 0.130000
	pigment { color rgbt <1,0,0,0> }
	no_shadow
}

// nucleotide -1

// particle -1
sphere {
	<28.150614, 34.468349, 36.766068> 0.250000
	pigment { color rgbt <1,0,0,0> }
	no_shadow
}
cylinder {
	<28.181202, 34.769196, 36.504238>,  <28.199554, 34.949703, 36.347141>, 0.100000
	pigment { color rgbt <1,0,0,0> }
	no_shadow
}
cylinder {
	<28.181202, 34.769196, 36.504238>,  <28.150614, 34.468349, 36.766068>, 0.100000
	pigment { color rgbt <1,0,0,0> }
	no_shadow
}

// particle -1
sphere {
	<28.181202, 34.769196, 36.504238> 0.100000
	pigment { color rgbt <1,0,0,0> }
	no_shadow
}
sphere {
	0, 1
	scale<0.080000,0.200000,0.300000>
	matrix <0.369187, 0.588478, 0.719302,
		0.926204, -0.296665, -0.232673,
		0.076469, 0.752120, -0.654575,
		28.204144, 34.994831, 36.307865>
	pigment { color rgbt <0,1,1,0> }
	no_shadow
}
cylinder {
	<28.776802, 34.723507, 36.963013>,  <28.150614, 34.468349, 36.766068>, 0.130000
	pigment { color rgbt <1,0,0,0> }
	no_shadow
}

// nucleotide -1

// particle -1
sphere {
	<28.776802, 34.723507, 36.963013> 0.250000
	pigment { color rgbt <1,0,0,0> }
	no_shadow
}
cylinder {
	<28.565041, 35.005527, 36.774273>,  <28.437984, 35.174740, 36.661030>, 0.100000
	pigment { color rgbt <1,0,0,0> }
	no_shadow
}
cylinder {
	<28.565041, 35.005527, 36.774273>,  <28.776802, 34.723507, 36.963013>, 0.100000
	pigment { color rgbt <1,0,0,0> }
	no_shadow
}

// particle -1
sphere {
	<28.565041, 35.005527, 36.774273> 0.100000
	pigment { color rgbt <1,0,0,0> }
	no_shadow
}
sphere {
	0, 1
	scale<0.080000,0.200000,0.300000>
	matrix <0.242440, 0.658714, 0.712264,
		0.812992, 0.262681, -0.519657,
		-0.529403, 0.705050, -0.471845,
		28.406219, 35.217041, 36.632721>
	pigment { color rgbt <0,1,1,0> }
	no_shadow
}
cylinder {
	<29.204401, 35.412464, 36.876698>,  <28.776802, 34.723507, 36.963013>, 0.130000
	pigment { color rgbt <1,0,0,0> }
	no_shadow
}

// nucleotide -1

// particle -1
sphere {
	<29.204401, 35.412464, 36.876698> 0.250000
	pigment { color rgbt <1,0,0,0> }
	no_shadow
}
cylinder {
	<28.813927, 35.496063, 36.853432>,  <28.579641, 35.546223, 36.839470>, 0.100000
	pigment { color rgbt <1,0,0,0> }
	no_shadow
}
cylinder {
	<28.813927, 35.496063, 36.853432>,  <29.204401, 35.412464, 36.876698>, 0.100000
	pigment { color rgbt <1,0,0,0> }
	no_shadow
}

// particle -1
sphere {
	<28.813927, 35.496063, 36.853432> 0.100000
	pigment { color rgbt <1,0,0,0> }
	no_shadow
}
sphere {
	0, 1
	scale<0.080000,0.200000,0.300000>
	matrix <0.088345, 0.627873, 0.773286,
		0.198133, 0.749732, -0.631384,
		-0.976186, 0.208993, -0.058168,
		28.521070, 35.558762, 36.835983>
	pigment { color rgbt <0,1,1,0> }
	no_shadow
}
cylinder {
	<29.011906, 36.217575, 36.733898>,  <29.204401, 35.412464, 36.876698>, 0.130000
	pigment { color rgbt <1,0,0,0> }
	no_shadow
}

// nucleotide -1

// particle -1
sphere {
	<29.011906, 36.217575, 36.733898> 0.250000
	pigment { color rgbt <1,0,0,0> }
	no_shadow
}
cylinder {
	<28.726498, 36.023998, 36.936554>,  <28.555252, 35.907852, 37.058147>, 0.100000
	pigment { color rgbt <1,0,0,0> }
	no_shadow
}
cylinder {
	<28.726498, 36.023998, 36.936554>,  <29.011906, 36.217575, 36.733898>, 0.100000
	pigment { color rgbt <1,0,0,0> }
	no_shadow
}

// particle -1
sphere {
	<28.726498, 36.023998, 36.936554> 0.100000
	pigment { color rgbt <1,0,0,0> }
	no_shadow
}
sphere {
	0, 1
	scale<0.080000,0.200000,0.300000>
	matrix <-0.020193, 0.737023, 0.675566,
		-0.700344, 0.471799, -0.535653,
		-0.713520, -0.483946, 0.506642,
		28.512442, 35.878815, 37.088547>
	pigment { color rgbt <0,1,1,0> }
	no_shadow
}
cylinder {
	<28.699932, 36.751659, 36.778339>,  <29.011906, 36.217575, 36.733898>, 0.130000
	pigment { color rgbt <1,0,0,0> }
	no_shadow
}

// nucleotide -1

// particle -1
sphere {
	<28.699932, 36.751659, 36.778339> 0.250000
	pigment { color rgbt <1,0,0,0> }
	no_shadow
}
cylinder {
	<28.606716, 36.481548, 37.058250>,  <28.550787, 36.319481, 37.226196>, 0.100000
	pigment { color rgbt <1,0,0,0> }
	no_shadow
}
cylinder {
	<28.606716, 36.481548, 37.058250>,  <28.699932, 36.751659, 36.778339>, 0.100000
	pigment { color rgbt <1,0,0,0> }
	no_shadow
}

// particle -1
sphere {
	<28.606716, 36.481548, 37.058250> 0.100000
	pigment { color rgbt <1,0,0,0> }
	no_shadow
}
sphere {
	0, 1
	scale<0.080000,0.200000,0.300000>
	matrix <-0.233355, 0.737396, 0.633871,
		-0.944054, -0.015579, -0.329422,
		-0.233039, -0.675281, 0.699777,
		28.536804, 36.278965, 37.268185>
	pigment { color rgbt <0,1,1,0> }
	no_shadow
}
cylinder {
	<27.921410, 36.684391, 37.102940>,  <28.699932, 36.751659, 36.778339>, 0.130000
	pigment { color rgbt <1,0,0,0> }
	no_shadow
}

// nucleotide -1

// particle -1
sphere {
	<27.921410, 36.684391, 37.102940> 0.250000
	pigment { color rgbt <1,0,0,0> }
	no_shadow
}
cylinder {
	<28.241388, 36.633278, 37.337460>,  <28.433376, 36.602608, 37.478172>, 0.100000
	pigment { color rgbt <1,0,0,0> }
	no_shadow
}
cylinder {
	<28.241388, 36.633278, 37.337460>,  <27.921410, 36.684391, 37.102940>, 0.100000
	pigment { color rgbt <1,0,0,0> }
	no_shadow
}

// particle -1
sphere {
	<28.241388, 36.633278, 37.337460> 0.100000
	pigment { color rgbt <1,0,0,0> }
	no_shadow
}
sphere {
	0, 1
	scale<0.080000,0.200000,0.300000>
	matrix <-0.245309, 0.822049, 0.513866,
		-0.547636, -0.554892, 0.626250,
		0.799949, -0.127787, 0.586304,
		28.481373, 36.594940, 37.513351>
	pigment { color rgbt <0,1,1,0> }
	no_shadow
}
cylinder {
	<27.581167, 36.296005, 36.483231>,  <27.921410, 36.684391, 37.102940>, 0.130000
	pigment { color rgbt <1,0,0,0> }
	no_shadow
}

// nucleotide -1

// particle -1
sphere {
	<27.581167, 36.296005, 36.483231> 0.250000
	pigment { color rgbt <1,0,0,0> }
	no_shadow
}
cylinder {
	<27.873472, 36.060921, 36.622131>,  <28.048855, 35.919868, 36.705471>, 0.100000
	pigment { color rgbt <1,0,0,0> }
	no_shadow
}
cylinder {
	<27.873472, 36.060921, 36.622131>,  <27.581167, 36.296005, 36.483231>, 0.100000
	pigment { color rgbt <1,0,0,0> }
	no_shadow
}

// particle -1
sphere {
	<27.873472, 36.060921, 36.622131> 0.100000
	pigment { color rgbt <1,0,0,0> }
	no_shadow
}
sphere {
	0, 1
	scale<0.080000,0.200000,0.300000>
	matrix <-0.077535, -0.576859, -0.813155,
		0.678216, 0.567298, -0.467115,
		0.730761, -0.587713, 0.347249,
		28.092701, 35.884605, 36.726307>
	pigment { color rgbt <0,1,1,0> }
	no_shadow
}
cylinder {
	<27.754650, 36.153484, 35.898434>,  <27.581167, 36.296005, 36.483231>, 0.130000
	pigment { color rgbt <1,0,0,0> }
	no_shadow
}

// nucleotide -1

// particle -1
sphere {
	<27.754650, 36.153484, 35.898434> 0.250000
	pigment { color rgbt <1,0,0,0> }
	no_shadow
}
cylinder {
	<27.931376, 35.879955, 36.130707>,  <28.037411, 35.715839, 36.270069>, 0.100000
	pigment { color rgbt <1,0,0,0> }
	no_shadow
}
cylinder {
	<27.931376, 35.879955, 36.130707>,  <27.754650, 36.153484, 35.898434>, 0.100000
	pigment { color rgbt <1,0,0,0> }
	no_shadow
}

// particle -1
sphere {
	<27.931376, 35.879955, 36.130707> 0.100000
	pigment { color rgbt <1,0,0,0> }
	no_shadow
}
sphere {
	0, 1
	scale<0.080000,0.200000,0.300000>
	matrix <0.079426, -0.614923, -0.784577,
		0.893584, 0.392757, -0.217368,
		0.441813, -0.683821, 0.580680,
		28.063919, 35.674809, 36.304913>
	pigment { color rgbt <0,1,1,0> }
	no_shadow
}
cylinder {
	<28.368793, 36.057030, 35.545029>,  <27.754650, 36.153484, 35.898434>, 0.130000
	pigment { color rgbt <1,0,0,0> }
	no_shadow
}

// nucleotide -1

// particle -1
sphere {
	<28.368793, 36.057030, 35.545029> 0.250000
	pigment { color rgbt <1,0,0,0> }
	no_shadow
}
cylinder {
	<28.287363, 35.747070, 35.784389>,  <28.238504, 35.561096, 35.928005>, 0.100000
	pigment { color rgbt <1,0,0,0> }
	no_shadow
}
cylinder {
	<28.287363, 35.747070, 35.784389>,  <28.368793, 36.057030, 35.545029>, 0.100000
	pigment { color rgbt <1,0,0,0> }
	no_shadow
}

// particle -1
sphere {
	<28.287363, 35.747070, 35.784389> 0.100000
	pigment { color rgbt <1,0,0,0> }
	no_shadow
}
sphere {
	0, 1
	scale<0.080000,0.200000,0.300000>
	matrix <0.070345, -0.621201, -0.780488,
		0.976529, -0.116792, 0.180971,
		-0.203574, -0.774899, 0.598405,
		28.226292, 35.514599, 35.963909>
	pigment { color rgbt <0,1,1,0> }
	no_shadow
}
cylinder {
	<28.694414, 35.538013, 35.144459>,  <28.368793, 36.057030, 35.545029>, 0.130000
	pigment { color rgbt <1,0,0,0> }
	no_shadow
}

// nucleotide -1

// particle -1
sphere {
	<28.694414, 35.538013, 35.144459> 0.250000
	pigment { color rgbt <1,0,0,0> }
	no_shadow
}
cylinder {
	<28.499596, 35.311047, 35.410038>,  <28.382706, 35.174866, 35.569386>, 0.100000
	pigment { color rgbt <1,0,0,0> }
	no_shadow
}
cylinder {
	<28.499596, 35.311047, 35.410038>,  <28.694414, 35.538013, 35.144459>, 0.100000
	pigment { color rgbt <1,0,0,0> }
	no_shadow
}

// particle -1
sphere {
	<28.499596, 35.311047, 35.410038> 0.100000
	pigment { color rgbt <1,0,0,0> }
	no_shadow
}
sphere {
	0, 1
	scale<0.080000,0.200000,0.300000>
	matrix <-0.053646, -0.739339, -0.671193,
		0.871728, -0.362520, 0.329651,
		-0.487045, -0.567413, 0.663950,
		28.353481, 35.140823, 35.609222>
	pigment { color rgbt <0,1,1,0> }
	no_shadow
}
cylinder {
	<29.140451, 34.926094, 35.279083>,  <28.694414, 35.538013, 35.144459>, 0.130000
	pigment { color rgbt <1,0,0,0> }
	no_shadow
}

// nucleotide -1

// particle -1
sphere {
	<29.140451, 34.926094, 35.279083> 0.250000
	pigment { color rgbt <1,0,0,0> }
	no_shadow
}
cylinder {
	<28.755621, 34.838085, 35.343582>,  <28.524723, 34.785278, 35.382282>, 0.100000
	pigment { color rgbt <1,0,0,0> }
	no_shadow
}
cylinder {
	<28.755621, 34.838085, 35.343582>,  <29.140451, 34.926094, 35.279083>, 0.100000
	pigment { color rgbt <1,0,0,0> }
	no_shadow
}

// particle -1
sphere {
	<28.755621, 34.838085, 35.343582> 0.100000
	pigment { color rgbt <1,0,0,0> }
	no_shadow
}
sphere {
	0, 1
	scale<0.080000,0.200000,0.300000>
	matrix <0.077005, -0.786126, -0.613250,
		0.261691, -0.577576, 0.773255,
		-0.962075, -0.220026, 0.161246,
		28.466999, 34.772076, 35.391956>
	pigment { color rgbt <0,1,1,0> }
	no_shadow
}
cylinder {
	<29.138691, 34.300060, 35.557705>,  <29.140451, 34.926094, 35.279083>, 0.130000
	pigment { color rgbt <1,0,0,0> }
	no_shadow
}

// nucleotide -1

// particle -1
sphere {
	<29.138691, 34.300060, 35.557705> 0.250000
	pigment { color rgbt <1,0,0,0> }
	no_shadow
}
cylinder {
	<28.815632, 34.383743, 35.337181>,  <28.621798, 34.433952, 35.204868>, 0.100000
	pigment { color rgbt <1,0,0,0> }
	no_shadow
}
cylinder {
	<28.815632, 34.383743, 35.337181>,  <29.138691, 34.300060, 35.557705>, 0.100000
	pigment { color rgbt <1,0,0,0> }
	no_shadow
}

// particle -1
sphere {
	<28.815632, 34.383743, 35.337181> 0.100000
	pigment { color rgbt <1,0,0,0> }
	no_shadow
}
sphere {
	0, 1
	scale<0.080000,0.200000,0.300000>
	matrix <0.248108, -0.727589, -0.639576,
		-0.534930, -0.653334, 0.535727,
		-0.807646, 0.209210, -0.551307,
		28.573338, 34.446507, 35.171787>
	pigment { color rgbt <0,1,1,0> }
	no_shadow
}
cylinder {
	<28.616171, 33.817986, 35.655937>,  <29.138691, 34.300060, 35.557705>, 0.130000
	pigment { color rgbt <1,0,0,0> }
	no_shadow
}

// nucleotide -1

// particle -1
sphere {
	<28.616171, 33.817986, 35.655937> 0.250000
	pigment { color rgbt <1,0,0,0> }
	no_shadow
}
cylinder {
	<28.557875, 33.949020, 35.282532>,  <28.522896, 34.027641, 35.058491>, 0.100000
	pigment { color rgbt <1,0,0,0> }
	no_shadow
}
cylinder {
	<28.557875, 33.949020, 35.282532>,  <28.616171, 33.817986, 35.655937>, 0.100000
	pigment { color rgbt <1,0,0,0> }
	no_shadow
}

// particle -1
sphere {
	<28.557875, 33.949020, 35.282532> 0.100000
	pigment { color rgbt <1,0,0,0> }
	no_shadow
}
sphere {
	0, 1
	scale<0.080000,0.200000,0.300000>
	matrix <0.172042, -0.920817, -0.349996,
		-0.974249, -0.211612, 0.077843,
		-0.145743, 0.327591, -0.933511,
		28.514153, 34.047298, 35.002480>
	pigment { color rgbt <0,1,1,0> }
	no_shadow
}
cylinder {
	<28.149889, 33.351124, 35.375988>,  <28.616171, 33.817986, 35.655937>, 0.130000
	pigment { color rgbt <1,0,0,0> }
	no_shadow
}

// nucleotide -1

// particle -1
sphere {
	<28.149889, 33.351124, 35.375988> 0.250000
	pigment { color rgbt <1,0,0,0> }
	no_shadow
}
cylinder {
	<28.295643, 33.563660, 35.070072>,  <28.383095, 33.691181, 34.886524>, 0.100000
	pigment { color rgbt <1,0,0,0> }
	no_shadow
}
cylinder {
	<28.295643, 33.563660, 35.070072>,  <28.149889, 33.351124, 35.375988>, 0.100000
	pigment { color rgbt <1,0,0,0> }
	no_shadow
}

// particle -1
sphere {
	<28.295643, 33.563660, 35.070072> 0.100000
	pigment { color rgbt <1,0,0,0> }
	no_shadow
}
sphere {
	0, 1
	scale<0.080000,0.200000,0.300000>
	matrix <0.351466, -0.838980, -0.415432,
		-0.862377, -0.117418, -0.492462,
		0.364387, 0.531343, -0.764786,
		28.404959, 33.723061, 34.840637>
	pigment { color rgbt <0,1,1,0> }
	no_shadow
}
cylinder {
	<27.861530, 33.055260, 34.734676>,  <28.149889, 33.351124, 35.375988>, 0.130000
	pigment { color rgbt <1,0,0,0> }
	no_shadow
}

// nucleotide -1

// particle -1
sphere {
	<27.861530, 33.055260, 34.734676> 0.250000
	pigment { color rgbt <1,0,0,0> }
	no_shadow
}
cylinder {
	<28.195391, 33.257275, 34.646774>,  <28.395706, 33.378483, 34.594032>, 0.100000
	pigment { color rgbt <1,0,0,0> }
	no_shadow
}
cylinder {
	<28.195391, 33.257275, 34.646774>,  <27.861530, 33.055260, 34.734676>, 0.100000
	pigment { color rgbt <1,0,0,0> }
	no_shadow
}

// particle -1
sphere {
	<28.195391, 33.257275, 34.646774> 0.100000
	pigment { color rgbt <1,0,0,0> }
	no_shadow
}
sphere {
	0, 1
	scale<0.080000,0.200000,0.300000>
	matrix <0.379770, -0.816692, -0.434499,
		-0.398914, 0.279197, -0.873451,
		0.834651, 0.505038, -0.219759,
		28.445786, 33.408787, 34.580845>
	pigment { color rgbt <0,1,1,0> }
	no_shadow
}
cylinder {
	<28.113895, 33.099258, 33.948528>,  <27.861530, 33.055260, 34.734676>, 0.130000
	pigment { color rgbt <1,0,0,0> }
	no_shadow
}

// nucleotide -1

// particle -1
sphere {
	<28.113895, 33.099258, 33.948528> 0.250000
	pigment { color rgbt <1,0,0,0> }
	no_shadow
}
cylinder {
	<28.439714, 33.125092, 34.179123>,  <28.635206, 33.140591, 34.317478>, 0.100000
	pigment { color rgbt <1,0,0,0> }
	no_shadow
}
cylinder {
	<28.439714, 33.125092, 34.179123>,  <28.113895, 33.099258, 33.948528>, 0.100000
	pigment { color rgbt <1,0,0,0> }
	no_shadow
}

// particle -1
sphere {
	<28.439714, 33.125092, 34.179123> 0.100000
	pigment { color rgbt <1,0,0,0> }
	no_shadow
}
sphere {
	0, 1
	scale<0.080000,0.200000,0.300000>
	matrix <0.427930, -0.737839, -0.521987,
		0.391644, 0.671881, -0.628642,
		0.814550, 0.064581, 0.576488,
		28.684080, 33.144466, 34.352070>
	pigment { color rgbt <0,1,1,0> }
	no_shadow
}
cylinder {
	<28.910202, 33.262817, 33.637829>,  <28.113895, 33.099258, 33.948528>, 0.130000
	pigment { color rgbt <1,0,0,0> }
	no_shadow
}

// nucleotide -1

// particle -1
sphere {
	<28.910202, 33.262817, 33.637829> 0.250000
	pigment { color rgbt <1,0,0,0> }
	no_shadow
}
cylinder {
	<28.970327, 33.096889, 33.996788>,  <29.006403, 32.997334, 34.212166>, 0.100000
	pigment { color rgbt <1,0,0,0> }
	no_shadow
}
cylinder {
	<28.970327, 33.096889, 33.996788>,  <28.910202, 33.262817, 33.637829>, 0.100000
	pigment { color rgbt <1,0,0,0> }
	no_shadow
}

// particle -1
sphere {
	<28.970327, 33.096889, 33.996788> 0.100000
	pigment { color rgbt <1,0,0,0> }
	no_shadow
}
sphere {
	0, 1
	scale<0.080000,0.200000,0.300000>
	matrix <0.777817, -0.510677, -0.366346,
		0.610250, 0.753081, 0.245894,
		0.150316, -0.414824, 0.897400,
		29.015423, 32.972443, 34.266006>
	pigment { color rgbt <0,1,1,0> }
	no_shadow
}
cylinder {
	<29.457281, 32.736641, 33.884361>,  <28.910202, 33.262817, 33.637829>, 0.130000
	pigment { color rgbt <1,0,0,0> }
	no_shadow
}

// nucleotide -1

// particle -1
sphere {
	<29.457281, 32.736641, 33.884361> 0.250000
	pigment { color rgbt <1,0,0,0> }
	no_shadow
}
cylinder {
	<29.504572, 33.017780, 33.603783>,  <29.532946, 33.186462, 33.435436>, 0.100000
	pigment { color rgbt <1,0,0,0> }
	no_shadow
}
cylinder {
	<29.504572, 33.017780, 33.603783>,  <29.457281, 32.736641, 33.884361>, 0.100000
	pigment { color rgbt <1,0,0,0> }
	no_shadow
}

// particle -1
sphere {
	<29.504572, 33.017780, 33.603783> 0.100000
	pigment { color rgbt <1,0,0,0> }
	no_shadow
}
sphere {
	0, 1
	scale<0.080000,0.200000,0.300000>
	matrix <0.919652, -0.343930, -0.189614,
		-0.374518, -0.622670, -0.687035,
		0.118225, 0.702847, -0.701448,
		29.540039, 33.228634, 33.393349>
	pigment { color rgbt <0,1,1,0> }
	no_shadow
}
cylinder {
	<29.677267, 32.431747, 33.167118>,  <29.457281, 32.736641, 33.884361>, 0.130000
	pigment { color rgbt <1,0,0,0> }
	no_shadow
}

// nucleotide -1

// particle -1
sphere {
	<29.677267, 32.431747, 33.167118> 0.250000
	pigment { color rgbt <1,0,0,0> }
	no_shadow
}
cylinder {
	<29.809196, 32.802952, 33.236404>,  <29.888355, 33.025677, 33.277977>, 0.100000
	pigment { color rgbt <1,0,0,0> }
	no_shadow
}
cylinder {
	<29.809196, 32.802952, 33.236404>,  <29.677267, 32.431747, 33.167118>, 0.100000
	pigment { color rgbt <1,0,0,0> }
	no_shadow
}

// particle -1
sphere {
	<29.809196, 32.802952, 33.236404> 0.100000
	pigment { color rgbt <1,0,0,0> }
	no_shadow
}
sphere {
	0, 1
	scale<0.080000,0.200000,0.300000>
	matrix <0.943721, -0.319326, -0.086152,
		-0.024637, 0.191886, -0.981108,
		0.329825, 0.928014, 0.173219,
		29.908144, 33.081356, 33.288372>
	pigment { color rgbt <0,1,1,0> }
	no_shadow
}
cylinder {
	<30.086241, 32.598473, 32.606422>,  <29.677267, 32.431747, 33.167118>, 0.130000
	pigment { color rgbt <1,0,0,0> }
	no_shadow
}

// nucleotide -1

// particle -1
sphere {
	<30.086241, 32.598473, 32.606422> 0.250000
	pigment { color rgbt <1,0,0,0> }
	no_shadow
}
cylinder {
	<30.170368, 32.758717, 32.963135>,  <30.220844, 32.854862, 33.177162>, 0.100000
	pigment { color rgbt <1,0,0,0> }
	no_shadow
}
cylinder {
	<30.170368, 32.758717, 32.963135>,  <30.086241, 32.598473, 32.606422>, 0.100000
	pigment { color rgbt <1,0,0,0> }
	no_shadow
}

// particle -1
sphere {
	<30.170368, 32.758717, 32.963135> 0.100000
	pigment { color rgbt <1,0,0,0> }
	no_shadow
}
sphere {
	0, 1
	scale<0.080000,0.200000,0.300000>
	matrix <0.934115, -0.351474, -0.062409,
		0.288436, 0.846153, -0.448140,
		0.210317, 0.400613, 0.891782,
		30.233463, 32.878902, 33.230671>
	pigment { color rgbt <0,1,1,0> }
	no_shadow
}
cylinder {
	<30.776379, 32.828762, 32.671185>,  <30.086241, 32.598473, 32.606422>, 0.130000
	pigment { color rgbt <1,0,0,0> }
	no_shadow
}

// nucleotide -1

// particle -1
sphere {
	<30.776379, 32.828762, 32.671185> 0.250000
	pigment { color rgbt <1,0,0,0> }
	no_shadow
}
cylinder {
	<30.693539, 32.816719, 33.062328>,  <30.643835, 32.809494, 33.297012>, 0.100000
	pigment { color rgbt <1,0,0,0> }
	no_shadow
}
cylinder {
	<30.693539, 32.816719, 33.062328>,  <30.776379, 32.828762, 32.671185>, 0.100000
	pigment { color rgbt <1,0,0,0> }
	no_shadow
}

// particle -1
sphere {
	<30.693539, 32.816719, 33.062328> 0.100000
	pigment { color rgbt <1,0,0,0> }
	no_shadow
}
sphere {
	0, 1
	scale<0.080000,0.200000,0.300000>
	matrix <0.918430, -0.350327, 0.183731,
		0.337038, 0.936144, 0.100202,
		-0.207102, -0.030105, 0.977856,
		30.631409, 32.807686, 33.355686>
	pigment { color rgbt <0,1,1,0> }
	no_shadow
}
cylinder {
	<31.325378, 33.099098, 33.054672>,  <30.776379, 32.828762, 32.671185>, 0.130000
	pigment { color rgbt <1,0,0,0> }
	no_shadow
}

// nucleotide -1

// particle -1
sphere {
	<31.325378, 33.099098, 33.054672> 0.250000
	pigment { color rgbt <1,0,0,0> }
	no_shadow
}
cylinder {
	<31.131584, 32.872746, 33.321522>,  <31.015308, 32.736935, 33.481632>, 0.100000
	pigment { color rgbt <1,0,0,0> }
	no_shadow
}
cylinder {
	<31.131584, 32.872746, 33.321522>,  <31.325378, 33.099098, 33.054672>, 0.100000
	pigment { color rgbt <1,0,0,0> }
	no_shadow
}

// particle -1
sphere {
	<31.131584, 32.872746, 33.321522> 0.100000
	pigment { color rgbt <1,0,0,0> }
	no_shadow
}
sphere {
	0, 1
	scale<0.080000,0.200000,0.300000>
	matrix <0.873408, -0.269909, 0.405348,
		-0.049316, 0.779055, 0.625012,
		-0.484485, -0.565881, 0.667122,
		30.986238, 32.702980, 33.521660>
	pigment { color rgbt <0,1,1,0> }
	no_shadow
}
cylinder {
	<31.507536, 33.392857, 33.694057>,  <31.325378, 33.099098, 33.054672>, 0.130000
	pigment { color rgbt <1,0,0,0> }
	no_shadow
}

// nucleotide -1

// particle -1
sphere {
	<31.507536, 33.392857, 33.694057> 0.250000
	pigment { color rgbt <1,0,0,0> }
	no_shadow
}
cylinder {
	<31.382874, 33.015545, 33.739822>,  <31.308075, 32.789158, 33.767281>, 0.100000
	pigment { color rgbt <1,0,0,0> }
	no_shadow
}
cylinder {
	<31.382874, 33.015545, 33.739822>,  <31.507536, 33.392857, 33.694057>, 0.100000
	pigment { color rgbt <1,0,0,0> }
	no_shadow
}

// particle -1
sphere {
	<31.382874, 33.015545, 33.739822> 0.100000
	pigment { color rgbt <1,0,0,0> }
	no_shadow
}
sphere {
	0, 1
	scale<0.080000,0.200000,0.300000>
	matrix <0.826962, -0.209961, 0.521585,
		-0.467979, 0.257172, 0.845493,
		-0.311658, -0.943281, 0.114414,
		31.289375, 32.732559, 33.774147>
	pigment { color rgbt <0,1,1,0> }
	no_shadow
}
cylinder {
	<31.752451, 33.215168, 34.402325>,  <31.507536, 33.392857, 33.694057>, 0.130000
	pigment { color rgbt <1,0,0,0> }
	no_shadow
}

// nucleotide -1

// particle -1
sphere {
	<31.752451, 33.215168, 34.402325> 0.250000
	pigment { color rgbt <1,0,0,0> }
	no_shadow
}
cylinder {
	<31.693075, 32.900021, 34.163250>,  <31.657450, 32.710934, 34.019806>, 0.100000
	pigment { color rgbt <1,0,0,0> }
	no_shadow
}
cylinder {
	<31.693075, 32.900021, 34.163250>,  <31.752451, 33.215168, 34.402325>, 0.100000
	pigment { color rgbt <1,0,0,0> }
	no_shadow
}

// particle -1
sphere {
	<31.693075, 32.900021, 34.163250> 0.100000
	pigment { color rgbt <1,0,0,0> }
	no_shadow
}
sphere {
	0, 1
	scale<0.080000,0.200000,0.300000>
	matrix <0.848646, -0.411774, 0.332029,
		-0.507707, -0.457939, 0.729744,
		-0.148440, -0.787867, -0.597688,
		31.648542, 32.663662, 33.983944>
	pigment { color rgbt <0,1,1,0> }
	no_shadow
}
cylinder {
	<32.112980, 32.617577, 34.375290>,  <31.752451, 33.215168, 34.402325>, 0.130000
	pigment { color rgbt <1,0,0,0> }
	no_shadow
}

// nucleotide -1

// particle -1
sphere {
	<32.112980, 32.617577, 34.375290> 0.250000
	pigment { color rgbt <1,0,0,0> }
	no_shadow
}
cylinder {
	<32.477089, 32.475117, 34.459724>,  <32.695557, 32.389641, 34.510384>, 0.100000
	pigment { color rgbt <1,0,0,0> }
	no_shadow
}
cylinder {
	<32.477089, 32.475117, 34.459724>,  <32.112980, 32.617577, 34.375290>, 0.100000
	pigment { color rgbt <1,0,0,0> }
	no_shadow
}

// particle -1
sphere {
	<32.477089, 32.475117, 34.459724> 0.100000
	pigment { color rgbt <1,0,0,0> }
	no_shadow
}
sphere {
	0, 1
	scale<0.080000,0.200000,0.300000>
	matrix <-0.325167, -0.299455, 0.896991,
		-0.256253, -0.885147, -0.388395,
		0.910275, -0.356149, 0.211084,
		32.750172, 32.368271, 34.523048>
	pigment { color rgbt <0,1,1,0> }
	no_shadow
}
cylinder {
	<31.924839, 32.560097, 35.151745>,  <32.112980, 32.617577, 34.375290>, 0.130000
	pigment { color rgbt <1,0,0,0> }
	no_shadow
}

// nucleotide -1

// particle -1
sphere {
	<31.924839, 32.560097, 35.151745> 0.250000
	pigment { color rgbt <1,0,0,0> }
	no_shadow
}
cylinder {
	<32.293919, 32.411205, 35.111610>,  <32.515366, 32.321869, 35.087528>, 0.100000
	pigment { color rgbt <1,0,0,0> }
	no_shadow
}
cylinder {
	<32.293919, 32.411205, 35.111610>,  <31.924839, 32.560097, 35.151745>, 0.100000
	pigment { color rgbt <1,0,0,0> }
	no_shadow
}

// particle -1
sphere {
	<32.293919, 32.411205, 35.111610> 0.100000
	pigment { color rgbt <1,0,0,0> }
	no_shadow
}
sphere {
	0, 1
	scale<0.080000,0.200000,0.300000>
	matrix <-0.060320, -0.396449, 0.916073,
		-0.380753, -0.839216, -0.388258,
		0.922707, -0.372217, -0.100328,
		32.570728, 32.299534, 35.081509>
	pigment { color rgbt <0,1,1,0> }
	no_shadow
}
cylinder {
	<31.971642, 31.744991, 35.184750>,  <31.924839, 32.560097, 35.151745>, 0.130000
	pigment { color rgbt <1,0,0,0> }
	no_shadow
}

// nucleotide -1

// particle -1
sphere {
	<31.971642, 31.744991, 35.184750> 0.250000
	pigment { color rgbt <1,0,0,0> }
	no_shadow
}
cylinder {
	<32.274963, 31.965582, 35.323799>,  <32.456955, 32.097935, 35.407230>, 0.100000
	pigment { color rgbt <1,0,0,0> }
	no_shadow
}
cylinder {
	<32.274963, 31.965582, 35.323799>,  <31.971642, 31.744991, 35.184750>, 0.100000
	pigment { color rgbt <1,0,0,0> }
	no_shadow
}

// particle -1
sphere {
	<32.274963, 31.965582, 35.323799> 0.100000
	pigment { color rgbt <1,0,0,0> }
	no_shadow
}
sphere {
	0, 1
	scale<0.080000,0.200000,0.300000>
	matrix <-0.242833, -0.255918, 0.935702,
		0.604983, -0.793963, -0.060148,
		0.758306, 0.551478, 0.347626,
		32.502457, 32.131023, 35.428085>
	pigment { color rgbt <0,1,1,0> }
	no_shadow
}
cylinder {
	<32.431408, 31.296318, 35.502460>,  <31.971642, 31.744991, 35.184750>, 0.130000
	pigment { color rgbt <1,0,0,0> }
	no_shadow
}

// nucleotide -1

// particle -1
sphere {
	<32.431408, 31.296318, 35.502460> 0.250000
	pigment { color rgbt <1,0,0,0> }
	no_shadow
}
cylinder {
	<32.404793, 31.671915, 35.637436>,  <32.388824, 31.897274, 35.718422>, 0.100000
	pigment { color rgbt <1,0,0,0> }
	no_shadow
}
cylinder {
	<32.404793, 31.671915, 35.637436>,  <32.431408, 31.296318, 35.502460>, 0.100000
	pigment { color rgbt <1,0,0,0> }
	no_shadow
}

// particle -1
sphere {
	<32.404793, 31.671915, 35.637436> 0.100000
	pigment { color rgbt <1,0,0,0> }
	no_shadow
}
sphere {
	0, 1
	scale<0.080000,0.200000,0.300000>
	matrix <-0.446544, -0.330454, 0.831504,
		0.892284, -0.095359, 0.441288,
		-0.066534, 0.938993, 0.337441,
		32.384834, 31.953613, 35.738667>
	pigment { color rgbt <0,1,1,0> }
	no_shadow
}
cylinder {
	<32.859528, 31.368858, 36.195324>,  <32.431408, 31.296318, 35.502460>, 0.130000
	pigment { color rgbt <1,0,0,0> }
	no_shadow
}

// nucleotide -1

// particle -1
sphere {
	<32.859528, 31.368858, 36.195324> 0.250000
	pigment { color rgbt <1,0,0,0> }
	no_shadow
}
cylinder {
	<32.549324, 31.620045, 36.169281>,  <32.363201, 31.770756, 36.153656>, 0.100000
	pigment { color rgbt <1,0,0,0> }
	no_shadow
}
cylinder {
	<32.549324, 31.620045, 36.169281>,  <32.859528, 31.368858, 36.195324>, 0.100000
	pigment { color rgbt <1,0,0,0> }
	no_shadow
}

// particle -1
sphere {
	<32.549324, 31.620045, 36.169281> 0.100000
	pigment { color rgbt <1,0,0,0> }
	no_shadow
}
sphere {
	0, 1
	scale<0.080000,0.200000,0.300000>
	matrix <-0.458454, -0.489243, 0.741930,
		0.434052, 0.605227, 0.667308,
		-0.775512, 0.627966, -0.065112,
		32.316669, 31.808435, 36.149746>
	pigment { color rgbt <0,1,1,0> }
	no_shadow
}
cylinder {
	<32.686436, 31.588781, 36.832233>,  <32.859528, 31.368858, 36.195324>, 0.130000
	pigment { color rgbt <1,0,0,0> }
	no_shadow
}

// nucleotide -1

// particle -1
sphere {
	<32.686436, 31.588781, 36.832233> 0.250000
	pigment { color rgbt <1,0,0,0> }
	no_shadow
}
cylinder {
	<32.358471, 31.619450, 36.605301>,  <32.161690, 31.637852, 36.469143>, 0.100000
	pigment { color rgbt <1,0,0,0> }
	no_shadow
}
cylinder {
	<32.358471, 31.619450, 36.605301>,  <32.686436, 31.588781, 36.832233>, 0.100000
	pigment { color rgbt <1,0,0,0> }
	no_shadow
}

// particle -1
sphere {
	<32.358471, 31.619450, 36.605301> 0.100000
	pigment { color rgbt <1,0,0,0> }
	no_shadow
}
sphere {
	0, 1
	scale<0.080000,0.200000,0.300000>
	matrix <-0.541928, -0.423390, 0.725985,
		-0.184539, 0.902697, 0.388694,
		-0.819914, 0.076672, -0.567329,
		32.112495, 31.642450, 36.435101>
	pigment { color rgbt <0,1,1,0> }
	no_shadow
}
cylinder {
	<32.182346, 31.927885, 37.255325>,  <32.686436, 31.588781, 36.832233>, 0.130000
	pigment { color rgbt <1,0,0,0> }
	no_shadow
}

// nucleotide -1

// particle -1
sphere {
	<32.182346, 31.927885, 37.255325> 0.250000
	pigment { color rgbt <1,0,0,0> }
	no_shadow
}
cylinder {
	<32.013924, 31.690788, 36.980701>,  <31.912870, 31.548531, 36.815926>, 0.100000
	pigment { color rgbt <1,0,0,0> }
	no_shadow
}
cylinder {
	<32.013924, 31.690788, 36.980701>,  <32.182346, 31.927885, 37.255325>, 0.100000
	pigment { color rgbt <1,0,0,0> }
	no_shadow
}

// particle -1
sphere {
	<32.013924, 31.690788, 36.980701> 0.100000
	pigment { color rgbt <1,0,0,0> }
	no_shadow
}
sphere {
	0, 1
	scale<0.080000,0.200000,0.300000>
	matrix <-0.607746, -0.377524, 0.698656,
		-0.673317, 0.711429, -0.201279,
		-0.421056, -0.592744, -0.686561,
		31.887608, 31.512964, 36.774734>
	pigment { color rgbt <0,1,1,0> }
	no_shadow
}
cylinder {
	<31.484213, 32.085236, 37.162697>,  <32.182346, 31.927885, 37.255325>, 0.130000
	pigment { color rgbt <1,0,0,0> }
	no_shadow
}

// nucleotide -1

// particle -1
sphere {
	<31.484213, 32.085236, 37.162697> 0.250000
	pigment { color rgbt <1,0,0,0> }
	no_shadow
}
cylinder {
	<31.596783, 31.703711, 37.120670>,  <31.664324, 31.474794, 37.095455>, 0.100000
	pigment { color rgbt <1,0,0,0> }
	no_shadow
}
cylinder {
	<31.596783, 31.703711, 37.120670>,  <31.484213, 32.085236, 37.162697>, 0.100000
	pigment { color rgbt <1,0,0,0> }
	no_shadow
}

// particle -1
sphere {
	<31.596783, 31.703711, 37.120670> 0.100000
	pigment { color rgbt <1,0,0,0> }
	no_shadow
}
sphere {
	0, 1
	scale<0.080000,0.200000,0.300000>
	matrix <-0.687604, -0.276816, 0.671248,
		-0.669329, -0.116664, -0.733749,
		0.281424, -0.953815, -0.105063,
		31.681210, 31.417566, 37.089153>
	pigment { color rgbt <0,1,1,0> }
	no_shadow
}
cylinder {
	<30.981024, 31.647581, 37.144600>,  <31.484213, 32.085236, 37.162697>, 0.130000
	pigment { color rgbt <1,0,0,0> }
	no_shadow
}

// nucleotide -1

// particle -1
sphere {
	<30.981024, 31.647581, 37.144600> 0.250000
	pigment { color rgbt <1,0,0,0> }
	no_shadow
}
cylinder {
	<31.257143, 31.390820, 37.278133>,  <31.422815, 31.236763, 37.358253>, 0.100000
	pigment { color rgbt <1,0,0,0> }
	no_shadow
}
cylinder {
	<31.257143, 31.390820, 37.278133>,  <30.981024, 31.647581, 37.144600>, 0.100000
	pigment { color rgbt <1,0,0,0> }
	no_shadow
}

// particle -1
sphere {
	<31.257143, 31.390820, 37.278133> 0.100000
	pigment { color rgbt <1,0,0,0> }
	no_shadow
}
sphere {
	0, 1
	scale<0.080000,0.200000,0.300000>
	matrix <-0.471688, -0.049399, 0.880381,
		-0.548631, -0.765190, -0.336879,
		0.690300, -0.641906, 0.333830,
		31.464233, 31.198248, 37.378281>
	pigment { color rgbt <0,1,1,0> }
	no_shadow
}
cylinder {
	<31.180309, 31.896126, 36.520428>,  <30.981024, 31.647581, 37.144600>, 0.130000
	pigment { color rgbt <1,0,0,0> }
	no_shadow
}

// nucleotide -1

// particle -1
sphere {
	<31.180309, 31.896126, 36.520428> 0.250000
	pigment { color rgbt <1,0,0,0> }
	no_shadow
}
cylinder {
	<30.899204, 31.883865, 36.236122>,  <30.730541, 31.876509, 36.065540>, 0.100000
	pigment { color rgbt <1,0,0,0> }
	no_shadow
}
cylinder {
	<30.899204, 31.883865, 36.236122>,  <31.180309, 31.896126, 36.520428>, 0.100000
	pigment { color rgbt <1,0,0,0> }
	no_shadow
}

// particle -1
sphere {
	<30.899204, 31.883865, 36.236122> 0.100000
	pigment { color rgbt <1,0,0,0> }
	no_shadow
}
sphere {
	0, 1
	scale<0.080000,0.200000,0.300000>
	matrix <0.252339, 0.923375, -0.289317,
