// switches for output
#declare DRAW_BASES = 1; // possible values are 0, 1; only relevant for DNA ribbons
#declare DRAW_BASES_TYPE = 3; // possible values are 1, 2, 3; only relevant for DNA ribbons
#declare DRAW_FOG = 0; // set to 1 to enable fog

#include "colors.inc"

#include "transforms.inc"
background { rgb <1, 1, 1>}

#default {
   normal{
       ripples 0.25
       frequency 0.20
       turbulence 0.2
       lambda 5
   }
	finish {
		phong 0.1
		phong_size 40.
	}
}

// original window dimensions: 1024x640


// camera settings

camera {
	sky <0, 0.179814, -0.983701>
	up <0, 0.179814, -0.983701>
	right 1.6 * <1, 0, 0>
	location <35, 94.9851, 44.8844>
	look_at <35, 29.7336, 32.9568>
	direction <0, -65.2515, -11.9276>
	angle 67.0682
}


# declare cpy_camera_pos = <35, 94.9851, 44.8844>;
# if (DRAW_FOG = 1)
fog {
	fog_type 2
	up vnormalize(cpy_camera_pos)
	color rgbt<1,1,1,0.3>
	distance 1e-5
	fog_alt 3e-3
	fog_offset 56
}
# end


// LIGHTS

# declare lum = 6;
global_settings {
	ambient_light rgb lum * <0.05, 0.05, 0.05>
	max_trace_level 15
}# declare cpy_direct_light_amount = 0.25;
light_source
{	1000 * <-1, -1.16352, -0.803886>,
	rgb lum * cpy_direct_light_amount
	parallel
}

light_source
{	1000 * <1, 1.16352, 0.803886>,
	rgb lum * cpy_direct_light_amount
	parallel
}

// strand 0

// nucleotide -1

// particle -1
sphere {
	<24.395248, 35.361721, 34.760941> 0.250000
	pigment { color rgbt <1,0,0,0> }
	no_shadow
}
cylinder {
	<24.255573, 34.995583, 34.841152>,  <24.171768, 34.775898, 34.889278>, 0.100000
	pigment { color rgbt <1,0,0,0> }
	no_shadow
}
cylinder {
	<24.255573, 34.995583, 34.841152>,  <24.395248, 35.361721, 34.760941>, 0.100000
	pigment { color rgbt <1,0,0,0> }
	no_shadow
}

// particle -1
sphere {
	<24.255573, 34.995583, 34.841152> 0.100000
	pigment { color rgbt <1,0,0,0> }
	no_shadow
}
sphere {
	0, 1
	scale<0.080000,0.200000,0.300000>
	matrix <0.689802, -0.395935, -0.606142,
		0.634226, -0.073332, 0.769662,
		-0.349186, -0.915346, 0.200527,
		24.150818, 34.720978, 34.901310>
	pigment { color rgbt <0,1,1,0> }
	no_shadow
}
cylinder {
	<24.819658, 35.000546, 35.259781>,  <24.395248, 35.361721, 34.760941>, 0.130000
	pigment { color rgbt <1,0,0,0> }
	no_shadow
}

// nucleotide -1

// particle -1
sphere {
	<24.819658, 35.000546, 35.259781> 0.250000
	pigment { color rgbt <1,0,0,0> }
	no_shadow
}
cylinder {
	<24.628464, 34.794495, 34.975197>,  <24.513746, 34.670864, 34.804447>, 0.100000
	pigment { color rgbt <1,0,0,0> }
	no_shadow
}
cylinder {
	<24.628464, 34.794495, 34.975197>,  <24.819658, 35.000546, 35.259781>, 0.100000
	pigment { color rgbt <1,0,0,0> }
	no_shadow
}

// particle -1
sphere {
	<24.628464, 34.794495, 34.975197> 0.100000
	pigment { color rgbt <1,0,0,0> }
	no_shadow
}
sphere {
	0, 1
	scale<0.080000,0.200000,0.300000>
	matrix <0.846531, -0.054072, -0.529587,
		0.234336, -0.855405, 0.461918,
		-0.477988, -0.515129, -0.711456,
		24.485067, 34.639957, 34.761761>
	pigment { color rgbt <0,1,1,0> }
	no_shadow
}
cylinder {
	<25.173912, 34.394070, 35.172928>,  <24.819658, 35.000546, 35.259781>, 0.130000
	pigment { color rgbt <1,0,0,0> }
	no_shadow
}

// nucleotide -1

// particle -1
sphere {
	<25.173912, 34.394070, 35.172928> 0.250000
	pigment { color rgbt <1,0,0,0> }
	no_shadow
}
cylinder {
	<24.994896, 34.490017, 34.828331>,  <24.887486, 34.547585, 34.621574>, 0.100000
	pigment { color rgbt <1,0,0,0> }
	no_shadow
}
cylinder {
	<24.994896, 34.490017, 34.828331>,  <25.173912, 34.394070, 35.172928>, 0.100000
	pigment { color rgbt <1,0,0,0> }
	no_shadow
}

// particle -1
sphere {
	<24.994896, 34.490017, 34.828331> 0.100000
	pigment { color rgbt <1,0,0,0> }
	no_shadow
}
sphere {
	0, 1
	scale<0.080000,0.200000,0.300000>
	matrix <0.847326, -0.194259, -0.494269,
		-0.285910, -0.951172, -0.116304,
		-0.447543, 0.239864, -0.861494,
		24.860634, 34.561977, 34.569881>
	pigment { color rgbt <0,1,1,0> }
	no_shadow
}
cylinder {
	<25.705313, 34.314629, 34.681782>,  <25.173912, 34.394070, 35.172928>, 0.130000
	pigment { color rgbt <1,0,0,0> }
	no_shadow
}

// nucleotide -1

// particle -1
sphere {
	<25.705313, 34.314629, 34.681782> 0.250000
	pigment { color rgbt <1,0,0,0> }
	no_shadow
}
cylinder {
	<25.450262, 34.434666, 34.397987>,  <25.297232, 34.506687, 34.227711>, 0.100000
	pigment { color rgbt <1,0,0,0> }
	no_shadow
}
cylinder {
	<25.450262, 34.434666, 34.397987>,  <25.705313, 34.314629, 34.681782>, 0.100000
	pigment { color rgbt <1,0,0,0> }
	no_shadow
}

// particle -1
sphere {
	<25.450262, 34.434666, 34.397987> 0.100000
	pigment { color rgbt <1,0,0,0> }
	no_shadow
}
sphere {
	0, 1
	scale<0.080000,0.200000,0.300000>
	matrix <0.703779, -0.147589, -0.694919,
		-0.313254, -0.942423, -0.117093,
		-0.637626, 0.300094, -0.709491,
		25.258974, 34.524693, 34.185139>
	pigment { color rgbt <0,1,1,0> }
	no_shadow
}
cylinder {
	<25.587711, 33.809597, 34.131222>,  <25.705313, 34.314629, 34.681782>, 0.130000
	pigment { color rgbt <1,0,0,0> }
	no_shadow
}

// nucleotide -1

// particle -1
sphere {
	<25.587711, 33.809597, 34.131222> 0.250000
	pigment { color rgbt <1,0,0,0> }
	no_shadow
}
cylinder {
	<25.553030, 34.188248, 34.007038>,  <25.532221, 34.415436, 33.932526>, 0.100000
	pigment { color rgbt <1,0,0,0> }
	no_shadow
}
cylinder {
	<25.553030, 34.188248, 34.007038>,  <25.587711, 33.809597, 34.131222>, 0.100000
	pigment { color rgbt <1,0,0,0> }
	no_shadow
}

// particle -1
sphere {
	<25.553030, 34.188248, 34.007038> 0.100000
	pigment { color rgbt <1,0,0,0> }
	no_shadow
}
sphere {
	0, 1
	scale<0.080000,0.200000,0.300000>
	matrix <0.844634, -0.095406, -0.526774,
		-0.528277, -0.307900, -0.791278,
		-0.086701, 0.946623, -0.310463,
		25.527020, 34.472233, 33.913898>
	pigment { color rgbt <0,1,1,0> }
	no_shadow
}
cylinder {
	<25.477659, 33.982384, 33.318447>,  <25.587711, 33.809597, 34.131222>, 0.130000
	pigment { color rgbt <1,0,0,0> }
	no_shadow
}

// nucleotide -1

// particle -1
sphere {
	<25.477659, 33.982384, 33.318447> 0.250000
	pigment { color rgbt <1,0,0,0> }
	no_shadow
}
cylinder {
	<25.710892, 34.215210, 33.545151>,  <25.850832, 34.354904, 33.681171>, 0.100000
	pigment { color rgbt <1,0,0,0> }
	no_shadow
}
cylinder {
	<25.710892, 34.215210, 33.545151>,  <25.477659, 33.982384, 33.318447>, 0.100000
	pigment { color rgbt <1,0,0,0> }
	no_shadow
}

// particle -1
sphere {
	<25.710892, 34.215210, 33.545151> 0.100000
	pigment { color rgbt <1,0,0,0> }
	no_shadow
}
sphere {
	0, 1
	scale<0.080000,0.200000,0.300000>
	matrix <0.800115, -0.290514, -0.524802,
		-0.140819, 0.759473, -0.635114,
		0.583083, 0.582067, 0.566756,
		25.885817, 34.389832, 33.715179>
	pigment { color rgbt <0,1,1,0> }
	no_shadow
}
cylinder {
	<25.921175, 34.454441, 32.811146>,  <25.477659, 33.982384, 33.318447>, 0.130000
	pigment { color rgbt <1,0,0,0> }
	no_shadow
}

// nucleotide -1

// particle -1
sphere {
	<25.921175, 34.454441, 32.811146> 0.250000
	pigment { color rgbt <1,0,0,0> }
	no_shadow
}
cylinder {
	<26.097300, 34.396362, 33.165558>,  <26.202974, 34.361515, 33.378204>, 0.100000
	pigment { color rgbt <1,0,0,0> }
	no_shadow
}
cylinder {
	<26.097300, 34.396362, 33.165558>,  <25.921175, 34.454441, 32.811146>, 0.100000
	pigment { color rgbt <1,0,0,0> }
	no_shadow
}

// particle -1
sphere {
	<26.097300, 34.396362, 33.165558> 0.100000
	pigment { color rgbt <1,0,0,0> }
	no_shadow
}
sphere {
	0, 1
	scale<0.080000,0.200000,0.300000>
	matrix <0.776389, -0.434060, -0.456959,
		0.450939, 0.889106, -0.078389,
		0.440310, -0.145200, 0.886027,
		26.229393, 34.352802, 33.431366>
	pigment { color rgbt <0,1,1,0> }
	no_shadow
}
cylinder {
	<26.668119, 34.796543, 32.975334>,  <25.921175, 34.454441, 32.811146>, 0.130000
	pigment { color rgbt <1,0,0,0> }
	no_shadow
}

// nucleotide -1

// particle -1
sphere {
	<26.668119, 34.796543, 32.975334> 0.250000
	pigment { color rgbt <1,0,0,0> }
	no_shadow
}
cylinder {
	<26.616463, 34.441559, 33.152306>,  <26.585468, 34.228569, 33.258488>, 0.100000
	pigment { color rgbt <1,0,0,0> }
	no_shadow
}
cylinder {
	<26.616463, 34.441559, 33.152306>,  <26.668119, 34.796543, 32.975334>, 0.100000
	pigment { color rgbt <1,0,0,0> }
	no_shadow
}

// particle -1
sphere {
	<26.616463, 34.441559, 33.152306> 0.100000
	pigment { color rgbt <1,0,0,0> }
	no_shadow
}
sphere {
	0, 1
	scale<0.080000,0.200000,0.300000>
	matrix <0.795944, -0.358873, -0.487528,
		0.591436, 0.289188, 0.752711,
		-0.129140, -0.887457, 0.442427,
		26.577721, 34.175323, 33.285034>
	pigment { color rgbt <0,1,1,0> }
	no_shadow
}
cylinder {
	<27.309128, 34.633251, 33.183838>,  <26.668119, 34.796543, 32.975334>, 0.130000
	pigment { color rgbt <1,0,0,0> }
	no_shadow
}

// nucleotide -1

// particle -1
sphere {
	<27.309128, 34.633251, 33.183838> 0.250000
	pigment { color rgbt <1,0,0,0> }
	no_shadow
}
cylinder {
	<27.121574, 34.280533, 33.204174>,  <27.009043, 34.068901, 33.216377>, 0.100000
	pigment { color rgbt <1,0,0,0> }
	no_shadow
}
cylinder {
	<27.121574, 34.280533, 33.204174>,  <27.309128, 34.633251, 33.183838>, 0.100000
	pigment { color rgbt <1,0,0,0> }
	no_shadow
}

// particle -1
sphere {
	<27.121574, 34.280533, 33.204174> 0.100000
	pigment { color rgbt <1,0,0,0> }
	no_shadow
}
sphere {
	0, 1
	scale<0.080000,0.200000,0.300000>
	matrix <0.747297, -0.426730, -0.509362,
		0.470849, -0.200837, 0.859050,
		-0.468881, -0.881797, 0.050841,
		26.980909, 34.015995, 33.219425>
	pigment { color rgbt <0,1,1,0> }
	no_shadow
}
cylinder {
	<27.849192, 34.134865, 33.410973>,  <27.309128, 34.633251, 33.183838>, 0.130000
	pigment { color rgbt <1,0,0,0> }
	no_shadow
}

// nucleotide -1

// particle -1
sphere {
	<27.849192, 34.134865, 33.410973> 0.250000
	pigment { color rgbt <1,0,0,0> }
	no_shadow
}
cylinder {
	<27.553997, 33.910240, 33.261292>,  <27.376881, 33.775467, 33.171482>, 0.100000
	pigment { color rgbt <1,0,0,0> }
	no_shadow
}
cylinder {
	<27.553997, 33.910240, 33.261292>,  <27.849192, 34.134865, 33.410973>, 0.100000
	pigment { color rgbt <1,0,0,0> }
	no_shadow
}

// particle -1
sphere {
	<27.553997, 33.910240, 33.261292> 0.100000
	pigment { color rgbt <1,0,0,0> }
	no_shadow
}
sphere {
	0, 1
	scale<0.080000,0.200000,0.300000>
	matrix <0.672312, -0.564117, -0.479341,
		0.058083, -0.605329, 0.793853,
		-0.737985, -0.561559, -0.374205,
		27.332602, 33.741772, 33.149029>
	pigment { color rgbt <0,1,1,0> }
	no_shadow
}
cylinder {
	<28.223993, 33.528259, 33.419857>,  <27.849192, 34.134865, 33.410973>, 0.130000
	pigment { color rgbt <1,0,0,0> }
	no_shadow
}

// nucleotide -1

// particle -1
sphere {
	<28.223993, 33.528259, 33.419857> 0.250000
	pigment { color rgbt <1,0,0,0> }
	no_shadow
}
cylinder {
	<27.917206, 33.505215, 33.164219>,  <27.733133, 33.491386, 33.010838>, 0.100000
	pigment { color rgbt <1,0,0,0> }
	no_shadow
}
cylinder {
	<27.917206, 33.505215, 33.164219>,  <28.223993, 33.528259, 33.419857>, 0.100000
	pigment { color rgbt <1,0,0,0> }
	no_shadow
}

// particle -1
sphere {
	<27.917206, 33.505215, 33.164219> 0.100000
	pigment { color rgbt <1,0,0,0> }
	no_shadow
}
sphere {
	0, 1
	scale<0.080000,0.200000,0.300000>
	matrix <0.530578, -0.617086, -0.581112,
		-0.360894, -0.784784, 0.503856,
		-0.766970, -0.057615, -0.639092,
		27.687115, 33.487930, 32.972492>
	pigment { color rgbt <0,1,1,0> }
	no_shadow
}
cylinder {
	<28.088085, 32.810036, 33.279785>,  <28.223993, 33.528259, 33.419857>, 0.130000
	pigment { color rgbt <1,0,0,0> }
	no_shadow
}

// nucleotide -1

// particle -1
sphere {
	<28.088085, 32.810036, 33.279785> 0.250000
	pigment { color rgbt <1,0,0,0> }
	no_shadow
}
cylinder {
	<27.988239, 33.048912, 32.974876>,  <27.928331, 33.192238, 32.791931>, 0.100000
	pigment { color rgbt <1,0,0,0> }
	no_shadow
}
cylinder {
	<27.988239, 33.048912, 32.974876>,  <28.088085, 32.810036, 33.279785>, 0.100000
	pigment { color rgbt <1,0,0,0> }
	no_shadow
}

// particle -1
sphere {
	<27.988239, 33.048912, 32.974876> 0.100000
	pigment { color rgbt <1,0,0,0> }
	no_shadow
}
sphere {
	0, 1
	scale<0.080000,0.200000,0.300000>
	matrix <0.544612, -0.564311, -0.620444,
		-0.800681, -0.570012, -0.184378,
		-0.249614, 0.597193, -0.762269,
		27.913355, 33.228069, 32.746197>
	pigment { color rgbt <0,1,1,0> }
	no_shadow
}
cylinder {
	<27.706940, 32.506622, 32.686386>,  <28.088085, 32.810036, 33.279785>, 0.130000
	pigment { color rgbt <1,0,0,0> }
	no_shadow
}

// nucleotide -1

// particle -1
sphere {
	<27.706940, 32.506622, 32.686386> 0.250000
	pigment { color rgbt <1,0,0,0> }
	no_shadow
}
cylinder {
	<27.907721, 32.820713, 32.541351>,  <28.028189, 33.009167, 32.454330>, 0.100000
	pigment { color rgbt <1,0,0,0> }
	no_shadow
}
cylinder {
	<27.907721, 32.820713, 32.541351>,  <27.706940, 32.506622, 32.686386>, 0.100000
	pigment { color rgbt <1,0,0,0> }
	no_shadow
}

// particle -1
sphere {
	<27.907721, 32.820713, 32.541351> 0.100000
	pigment { color rgbt <1,0,0,0> }
	no_shadow
}
sphere {
	0, 1
	scale<0.080000,0.200000,0.300000>
	matrix <0.479167, -0.601481, -0.639234,
		-0.720029, 0.147126, -0.678168,
		0.501953, 0.785223, -0.362586,
		28.058306, 33.056278, 32.432575>
	pigment { color rgbt <0,1,1,0> }
	no_shadow
}
cylinder {
	<27.404554, 32.476009, 32.030468>,  <27.706940, 32.506622, 32.686386>, 0.130000
	pigment { color rgbt <1,0,0,0> }
	no_shadow
}

// nucleotide -1

// particle -1
sphere {
	<27.404554, 32.476009, 32.030468> 0.250000
	pigment { color rgbt <1,0,0,0> }
	no_shadow
}
cylinder {
	<27.751841, 32.674160, 32.041809>,  <27.960213, 32.793049, 32.048615>, 0.100000
	pigment { color rgbt <1,0,0,0> }
	no_shadow
}
cylinder {
	<27.751841, 32.674160, 32.041809>,  <27.404554, 32.476009, 32.030468>, 0.100000
	pigment { color rgbt <1,0,0,0> }
	no_shadow
}

// particle -1
sphere {
	<27.751841, 32.674160, 32.041809> 0.100000
	pigment { color rgbt <1,0,0,0> }
	no_shadow
}
sphere {
	0, 1
	scale<0.080000,0.200000,0.300000>
	matrix <0.220978, -0.334868, -0.915987,
		-0.444260, 0.801542, -0.400204,
		0.868218, 0.495372, 0.028355,
		28.012306, 32.822773, 32.050316>
	pigment { color rgbt <0,1,1,0> }
	no_shadow
}
cylinder {
	<27.304321, 32.963791, 31.576815>,  <27.404554, 32.476009, 32.030468>, 0.130000
	pigment { color rgbt <1,0,0,0> }
	no_shadow
}

// nucleotide -1

// particle -1
sphere {
	<27.304321, 32.963791, 31.576815> 0.250000
	pigment { color rgbt <1,0,0,0> }
	no_shadow
}
cylinder {
	<27.693707, 32.876301, 31.603725>,  <27.927338, 32.823807, 31.619871>, 0.100000
	pigment { color rgbt <1,0,0,0> }
	no_shadow
}
cylinder {
	<27.693707, 32.876301, 31.603725>,  <27.304321, 32.963791, 31.576815>, 0.100000
	pigment { color rgbt <1,0,0,0> }
	no_shadow
}

// particle -1
sphere {
	<27.693707, 32.876301, 31.603725> 0.100000
	pigment { color rgbt <1,0,0,0> }
	no_shadow
}
sphere {
	0, 1
	scale<0.080000,0.200000,0.300000>
	matrix <-0.006791, -0.321468, -0.946896,
		0.228740, 0.921312, -0.314423,
		0.973464, -0.218729, 0.067276,
		27.985746, 32.810680, 31.623909>
	pigment { color rgbt <0,1,1,0> }
	no_shadow
}
cylinder {
	<27.256060, 33.611664, 31.793671>,  <27.304321, 32.963791, 31.576815>, 0.130000
	pigment { color rgbt <1,0,0,0> }
	no_shadow
}

// nucleotide -1

// particle -1
sphere {
	<27.256060, 33.611664, 31.793671> 0.250000
	pigment { color rgbt <1,0,0,0> }
	no_shadow
}
cylinder {
	<27.368273, 33.407902, 32.119076>,  <27.435600, 33.285645, 32.314320>, 0.100000
	pigment { color rgbt <1,0,0,0> }
	no_shadow
}
cylinder {
	<27.368273, 33.407902, 32.119076>,  <27.256060, 33.611664, 31.793671>, 0.100000
	pigment { color rgbt <1,0,0,0> }
	no_shadow
}

// particle -1
sphere {
	<27.368273, 33.407902, 32.119076> 0.100000
	pigment { color rgbt <1,0,0,0> }
	no_shadow
}
sphere {
	0, 1
	scale<0.080000,0.200000,0.300000>
	matrix <-0.692251, 0.479732, 0.539116,
		-0.664897, -0.714397, -0.218055,
		0.280535, -0.509406, 0.813515,
		27.452433, 33.255081, 32.363129>
	pigment { color rgbt <0,1,1,0> }
	no_shadow
}
cylinder {
	<26.671648, 33.399403, 32.071026>,  <27.256060, 33.611664, 31.793671>, 0.130000
	pigment { color rgbt <1,0,0,0> }
	no_shadow
}

// nucleotide -1

// particle -1
sphere {
	<26.671648, 33.399403, 32.071026> 0.250000
	pigment { color rgbt <1,0,0,0> }
	no_shadow
}
cylinder {
	<26.961193, 33.418530, 32.346340>,  <27.134920, 33.430008, 32.511528>, 0.100000
	pigment { color rgbt <1,0,0,0> }
	no_shadow
}
cylinder {
	<26.961193, 33.418530, 32.346340>,  <26.671648, 33.399403, 32.071026>, 0.100000
	pigment { color rgbt <1,0,0,0> }
	no_shadow
}

// particle -1
sphere {
	<26.961193, 33.418530, 32.346340> 0.100000
	pigment { color rgbt <1,0,0,0> }
	no_shadow
}
sphere {
	0, 1
	scale<0.080000,0.200000,0.300000>
	matrix <-0.634356, 0.438440, 0.636681,
		-0.271327, -0.897488, 0.347704,
		0.723861, 0.047819, 0.688287,
		27.178350, 33.432877, 32.552826>
	pigment { color rgbt <0,1,1,0> }
	no_shadow
}
cylinder {
	<26.431982, 32.971828, 32.563896>,  <26.671648, 33.399403, 32.071026>, 0.130000
	pigment { color rgbt <1,0,0,0> }
	no_shadow
}

// nucleotide -1

// particle -1
sphere {
	<26.431982, 32.971828, 32.563896> 0.250000
	pigment { color rgbt <1,0,0,0> }
	no_shadow
}
cylinder {
	<26.699778, 33.211128, 32.740025>,  <26.860455, 33.354710, 32.845703>, 0.100000
	pigment { color rgbt <1,0,0,0> }
	no_shadow
}
cylinder {
	<26.699778, 33.211128, 32.740025>,  <26.431982, 32.971828, 32.563896>, 0.100000
	pigment { color rgbt <1,0,0,0> }
	no_shadow
}

// particle -1
sphere {
	<26.699778, 33.211128, 32.740025> 0.100000
	pigment { color rgbt <1,0,0,0> }
	no_shadow
}
sphere {
	0, 1
	scale<0.080000,0.200000,0.300000>
	matrix <-0.651400, 0.187932, 0.735092,
		0.357019, -0.778960, 0.515518,
		0.669489, 0.598250, 0.440320,
		26.900625, 33.390602, 32.872120>
	pigment { color rgbt <0,1,1,0> }
	no_shadow
}
cylinder {
	<26.346415, 32.857567, 33.309822>,  <26.431982, 32.971828, 32.563896>, 0.130000
	pigment { color rgbt <1,0,0,0> }
	no_shadow
}

// nucleotide -1

// particle -1
sphere {
	<26.346415, 32.857567, 33.309822> 0.250000
	pigment { color rgbt <1,0,0,0> }
	no_shadow
}
cylinder {
	<26.526798, 33.213196, 33.278378>,  <26.635029, 33.426575, 33.259510>, 0.100000
	pigment { color rgbt <1,0,0,0> }
	no_shadow
}
cylinder {
	<26.526798, 33.213196, 33.278378>,  <26.346415, 32.857567, 33.309822>, 0.100000
	pigment { color rgbt <1,0,0,0> }
	no_shadow
}

// particle -1
sphere {
	<26.526798, 33.213196, 33.278378> 0.100000
	pigment { color rgbt <1,0,0,0> }
	no_shadow
}
sphere {
	0, 1
	scale<0.080000,0.200000,0.300000>
	matrix <-0.653354, 0.388829, 0.649570,
		0.608082, -0.241570, 0.756227,
		0.450960, 0.889076, -0.078609,
		26.662086, 33.479919, 33.254795>
	pigment { color rgbt <0,1,1,0> }
	no_shadow
}
cylinder {
	<26.569532, 33.056309, 33.931015>,  <26.346415, 32.857567, 33.309822>, 0.130000
	pigment { color rgbt <1,0,0,0> }
	no_shadow
}

// nucleotide -1

// particle -1
sphere {
	<26.569532, 33.056309, 33.931015> 0.250000
	pigment { color rgbt <1,0,0,0> }
	no_shadow
}
cylinder {
	<26.541653, 33.395271, 33.720478>,  <26.524925, 33.598648, 33.594154>, 0.100000
	pigment { color rgbt <1,0,0,0> }
	no_shadow
}
cylinder {
	<26.541653, 33.395271, 33.720478>,  <26.569532, 33.056309, 33.931015>, 0.100000
	pigment { color rgbt <1,0,0,0> }
	no_shadow
}

// particle -1
sphere {
	<26.541653, 33.395271, 33.720478> 0.100000
	pigment { color rgbt <1,0,0,0> }
	no_shadow
}
sphere {
	0, 1
	scale<0.080000,0.200000,0.300000>
	matrix <-0.842858, 0.232203, 0.485460,
		0.533602, 0.477472, 0.698061,
		-0.069702, 0.847409, -0.526346,
		26.520742, 33.649494, 33.562576>
	pigment { color rgbt <0,1,1,0> }
	no_shadow
}
cylinder {
	<26.476219, 33.695599, 34.347660>,  <26.569532, 33.056309, 33.931015>, 0.130000
	pigment { color rgbt <1,0,0,0> }
	no_shadow
}

// nucleotide -1

// particle -1
sphere {
	<26.476219, 33.695599, 34.347660> 0.250000
	pigment { color rgbt <1,0,0,0> }
	no_shadow
}
cylinder {
	<26.311266, 33.714466, 33.983746>,  <26.212294, 33.725788, 33.765396>, 0.100000
	pigment { color rgbt <1,0,0,0> }
	no_shadow
}
cylinder {
	<26.311266, 33.714466, 33.983746>,  <26.476219, 33.695599, 34.347660>, 0.100000
	pigment { color rgbt <1,0,0,0> }
	no_shadow
}

// particle -1
sphere {
	<26.311266, 33.714466, 33.983746> 0.100000
	pigment { color rgbt <1,0,0,0> }
	no_shadow
}
sphere {
	0, 1
	scale<0.080000,0.200000,0.300000>
	matrix <-0.898071, 0.146678, 0.414674,
		0.153007, 0.988059, -0.018126,
		-0.412381, 0.047170, -0.909789,
		26.187551, 33.728619, 33.710808>
	pigment { color rgbt <0,1,1,0> }
	no_shadow
}
cylinder {
	<26.843096, 34.349445, 34.567249>,  <26.476219, 33.695599, 34.347660>, 0.130000
	pigment { color rgbt <1,0,0,0> }
	no_shadow
}

// nucleotide -1

// particle -1
sphere {
	<26.843096, 34.349445, 34.567249> 0.250000
	pigment { color rgbt <1,0,0,0> }
	no_shadow
}
cylinder {
	<26.662952, 34.389534, 34.212368>,  <26.554867, 34.413586, 33.999439>, 0.100000
	pigment { color rgbt <1,0,0,0> }
	no_shadow
}
cylinder {
	<26.662952, 34.389534, 34.212368>,  <26.843096, 34.349445, 34.567249>, 0.100000
	pigment { color rgbt <1,0,0,0> }
	no_shadow
}

// particle -1
sphere {
	<26.662952, 34.389534, 34.212368> 0.100000
	pigment { color rgbt <1,0,0,0> }
	no_shadow
}
sphere {
	0, 1
	scale<0.080000,0.200000,0.300000>
	matrix <-0.737251, 0.518759, 0.432838,
		0.503625, 0.849026, -0.159741,
		-0.450358, 0.100219, -0.887206,
		26.527845, 34.419601, 33.946205>
	pigment { color rgbt <0,1,1,0> }
	no_shadow
}
cylinder {
	<26.749884, 35.041698, 34.449524>,  <26.843096, 34.349445, 34.567249>, 0.130000
	pigment { color rgbt <1,0,0,0> }
	no_shadow
}

// nucleotide -1

// particle -1
sphere {
	<26.749884, 35.041698, 34.449524> 0.250000
	pigment { color rgbt <1,0,0,0> }
	no_shadow
}
cylinder {
	<26.490517, 34.850914, 34.212185>,  <26.334896, 34.736443, 34.069782>, 0.100000
	pigment { color rgbt <1,0,0,0> }
	no_shadow
}
cylinder {
	<26.490517, 34.850914, 34.212185>,  <26.749884, 35.041698, 34.449524>, 0.100000
	pigment { color rgbt <1,0,0,0> }
	no_shadow
}

// particle -1
sphere {
	<26.490517, 34.850914, 34.212185> 0.100000
	pigment { color rgbt <1,0,0,0> }
	no_shadow
}
sphere {
	0, 1
	scale<0.080000,0.200000,0.300000>
	matrix <-0.751849, 0.523548, 0.400776,
		0.119488, 0.705976, -0.698084,
		-0.648418, -0.476965, -0.593345,
		26.295992, 34.707825, 34.034180>
	pigment { color rgbt <0,1,1,0> }
	no_shadow
}
cylinder {
	<27.489017, 35.122063, 34.764816>,  <26.749884, 35.041698, 34.449524>, 0.130000
	pigment { color rgbt <1,0,0,0> }
	no_shadow
}

// nucleotide -1

// particle -1
sphere {
	<27.489017, 35.122063, 34.764816> 0.250000
	pigment { color rgbt <1,0,0,0> }
	no_shadow
}
cylinder {
	<27.485374, 35.272598, 35.135391>,  <27.483189, 35.362919, 35.357735>, 0.100000
	pigment { color rgbt <1,0,0,0> }
	no_shadow
}
cylinder {
	<27.485374, 35.272598, 35.135391>,  <27.489017, 35.122063, 34.764816>, 0.100000
	pigment { color rgbt <1,0,0,0> }
	no_shadow
}

// particle -1
sphere {
	<27.485374, 35.272598, 35.135391> 0.100000
	pigment { color rgbt <1,0,0,0> }
	no_shadow
}
sphere {
	0, 1
	scale<0.080000,0.200000,0.300000>
	matrix <0.559175, -0.766162, 0.316732,
		0.828999, 0.520924, -0.203466,
		-0.009105, 0.376343, 0.926436,
		27.482643, 35.385502, 35.413322>
	pigment { color rgbt <0,1,1,0> }
	no_shadow
}
cylinder {
	<28.211435, 35.187256, 35.051159>,  <27.489017, 35.122063, 34.764816>, 0.130000
	pigment { color rgbt <1,0,0,0> }
	no_shadow
}

// nucleotide -1

// particle -1
sphere {
	<28.211435, 35.187256, 35.051159> 0.250000
	pigment { color rgbt <1,0,0,0> }
	no_shadow
}
cylinder {
	<27.945486, 35.158707, 35.348576>,  <27.785917, 35.141579, 35.527027>, 0.100000
	pigment { color rgbt <1,0,0,0> }
	no_shadow
}
cylinder {
	<27.945486, 35.158707, 35.348576>,  <28.211435, 35.187256, 35.051159>, 0.100000
	pigment { color rgbt <1,0,0,0> }
	no_shadow
}

// particle -1
sphere {
	<27.945486, 35.158707, 35.348576> 0.100000
	pigment { color rgbt <1,0,0,0> }
	no_shadow
}
sphere {
	0, 1
	scale<0.080000,0.200000,0.300000>
	matrix <0.506536, -0.774657, 0.378587,
		0.548969, 0.628342, 0.551198,
		-0.664871, -0.071369, 0.743541,
		27.746025, 35.137295, 35.571636>
	pigment { color rgbt <0,1,1,0> }
	no_shadow
}
cylinder {
	<28.767557, 35.333237, 34.539612>,  <28.211435, 35.187256, 35.051159>, 0.130000
	pigment { color rgbt <1,0,0,0> }
	no_shadow
}

// nucleotide -1

// particle -1
sphere {
	<28.767557, 35.333237, 34.539612> 0.250000
	pigment { color rgbt <1,0,0,0> }
	no_shadow
}
cylinder {
	<28.978006, 35.249596, 34.209892>,  <29.104275, 35.199409, 34.012062>, 0.100000
	pigment { color rgbt <1,0,0,0> }
	no_shadow
}
cylinder {
	<28.978006, 35.249596, 34.209892>,  <28.767557, 35.333237, 34.539612>, 0.100000
	pigment { color rgbt <1,0,0,0> }
	no_shadow
}

// particle -1
sphere {
	<28.978006, 35.249596, 34.209892> 0.100000
	pigment { color rgbt <1,0,0,0> }
	no_shadow
}
sphere {
	0, 1
	scale<0.080000,0.200000,0.300000>
	matrix <0.400946, 0.915798, 0.023592,
		0.749959, -0.342912, 0.565662,
		0.526122, -0.209107, -0.824300,
		29.135843, 35.186863, 33.962601>
	pigment { color rgbt <0,1,1,0> }
	no_shadow
}
cylinder {
	<29.535744, 35.404739, 34.507736>,  <28.767557, 35.333237, 34.539612>, 0.130000
	pigment { color rgbt <1,0,0,0> }
	no_shadow
}

// nucleotide -1

// particle -1
sphere {
	<29.535744, 35.404739, 34.507736> 0.250000
	pigment { color rgbt <1,0,0,0> }
	no_shadow
}
cylinder {
	<29.454527, 35.530140, 34.136684>,  <29.405796, 35.605381, 33.914055>, 0.100000
	pigment { color rgbt <1,0,0,0> }
	no_shadow
}
cylinder {
	<29.454527, 35.530140, 34.136684>,  <29.535744, 35.404739, 34.507736>, 0.100000
	pigment { color rgbt <1,0,0,0> }
	no_shadow
}

// particle -1
sphere {
	<29.454527, 35.530140, 34.136684> 0.100000
	pigment { color rgbt <1,0,0,0> }
	no_shadow
}
sphere {
	0, 1
	scale<0.080000,0.200000,0.300000>
	matrix <0.518999, 0.837793, 0.169537,
		0.830310, -0.447014, -0.332813,
		-0.203043, 0.313497, -0.927628,
		29.393614, 35.624187, 33.858395>
	pigment { color rgbt <0,1,1,0> }
	no_shadow
}
cylinder {
	<30.182520, 35.569374, 34.202625>,  <29.535744, 35.404739, 34.507736>, 0.130000
	pigment { color rgbt <1,0,0,0> }
	no_shadow
}

// nucleotide -1

// particle -1
sphere {
	<30.182520, 35.569374, 34.202625> 0.250000
	pigment { color rgbt <1,0,0,0> }
	no_shadow
}
cylinder {
	<29.890398, 35.788113, 34.038864>,  <29.715124, 35.919357, 33.940609>, 0.100000
	pigment { color rgbt <1,0,0,0> }
	no_shadow
}
cylinder {
	<29.890398, 35.788113, 34.038864>,  <30.182520, 35.569374, 34.202625>, 0.100000
	pigment { color rgbt <1,0,0,0> }
	no_shadow
}

// particle -1
sphere {
	<29.890398, 35.788113, 34.038864> 0.100000
	pigment { color rgbt <1,0,0,0> }
	no_shadow
}
sphere {
	0, 1
	scale<0.080000,0.200000,0.300000>
	matrix <0.607443, 0.794031, -0.022971,
		0.312518, -0.265465, -0.912064,
		-0.730305, 0.546848, -0.409404,
		29.671307, 35.952168, 33.916042>
	pigment { color rgbt <0,1,1,0> }
	no_shadow
}
cylinder {
	<30.443188, 35.888523, 33.532135>,  <30.182520, 35.569374, 34.202625>, 0.130000
	pigment { color rgbt <1,0,0,0> }
	no_shadow
}

// nucleotide -1

// particle -1
sphere {
	<30.443188, 35.888523, 33.532135> 0.250000
	pigment { color rgbt <1,0,0,0> }
	no_shadow
}
cylinder {
	<30.140636, 36.092014, 33.696617>,  <29.959106, 36.214108, 33.795307>, 0.100000
	pigment { color rgbt <1,0,0,0> }
	no_shadow
}
cylinder {
	<30.140636, 36.092014, 33.696617>,  <30.443188, 35.888523, 33.532135>, 0.100000
	pigment { color rgbt <1,0,0,0> }
	no_shadow
}

// particle -1
sphere {
	<30.140636, 36.092014, 33.696617> 0.100000
	pigment { color rgbt <1,0,0,0> }
	no_shadow
}
sphere {
	0, 1
	scale<0.080000,0.200000,0.300000>
	matrix <0.636904, 0.716082, 0.285622,
		-0.149157, 0.477939, -0.865637,
		-0.756377, 0.508725, 0.411210,
		29.913723, 36.244633, 33.819981>
	pigment { color rgbt <0,1,1,0> }
	no_shadow
}
cylinder {
	<30.485203, 36.705681, 33.271763>,  <30.443188, 35.888523, 33.532135>, 0.130000
	pigment { color rgbt <1,0,0,0> }
	no_shadow
}

// nucleotide -1

// particle -1
sphere {
	<30.485203, 36.705681, 33.271763> 0.250000
	pigment { color rgbt <1,0,0,0> }
	no_shadow
}
cylinder {
	<30.285389, 36.672955, 33.616730>,  <30.165501, 36.653316, 33.823711>, 0.100000
	pigment { color rgbt <1,0,0,0> }
	no_shadow
}
cylinder {
	<30.285389, 36.672955, 33.616730>,  <30.485203, 36.705681, 33.271763>, 0.100000
	pigment { color rgbt <1,0,0,0> }
	no_shadow
}

// particle -1
sphere {
	<30.285389, 36.672955, 33.616730> 0.100000
	pigment { color rgbt <1,0,0,0> }
	no_shadow
}
sphere {
	0, 1
	scale<0.080000,0.200000,0.300000>
	matrix <0.501635, 0.784321, 0.364969,
		-0.706277, 0.614936, -0.350753,
		-0.499536, -0.081819, 0.862421,
		30.135529, 36.648407, 33.875458>
	pigment { color rgbt <0,1,1,0> }
	no_shadow
}
cylinder {
	<30.173002, 37.362953, 33.461994>,  <30.485203, 36.705681, 33.271763>, 0.130000
	pigment { color rgbt <1,0,0,0> }
	no_shadow
}

// nucleotide -1

// particle -1
sphere {
	<30.173002, 37.362953, 33.461994> 0.250000
	pigment { color rgbt <1,0,0,0> }
	no_shadow
}
cylinder {
	<30.286514, 37.110935, 33.751133>,  <30.354622, 36.959724, 33.924618>, 0.100000
	pigment { color rgbt <1,0,0,0> }
	no_shadow
}
cylinder {
	<30.286514, 37.110935, 33.751133>,  <30.173002, 37.362953, 33.461994>, 0.100000
	pigment { color rgbt <1,0,0,0> }
	no_shadow
}

// particle -1
sphere {
	<30.286514, 37.110935, 33.751133> 0.100000
	pigment { color rgbt <1,0,0,0> }
	no_shadow
}
sphere {
	0, 1
	scale<0.080000,0.200000,0.300000>
	matrix <0.458593, 0.751214, 0.474731,
		-0.842117, 0.196775, 0.502114,
		0.283779, -0.630045, 0.722850,
		30.371649, 36.921921, 33.967987>
	pigment { color rgbt <0,1,1,0> }
	no_shadow
}
cylinder {
	<29.912460, 37.635868, 34.124691>,  <30.173002, 37.362953, 33.461994>, 0.130000
	pigment { color rgbt <1,0,0,0> }
	no_shadow
}

// nucleotide -1

// particle -1
sphere {
	<29.912460, 37.635868, 34.124691> 0.250000
	pigment { color rgbt <1,0,0,0> }
	no_shadow
}
cylinder {
	<30.254520, 37.428928, 34.137794>,  <30.459757, 37.304764, 34.145657>, 0.100000
	pigment { color rgbt <1,0,0,0> }
	no_shadow
}
cylinder {
	<30.254520, 37.428928, 34.137794>,  <29.912460, 37.635868, 34.124691>, 0.100000
	pigment { color rgbt <1,0,0,0> }
	no_shadow
}

// particle -1
sphere {
	<30.254520, 37.428928, 34.137794> 0.100000
	pigment { color rgbt <1,0,0,0> }
	no_shadow
}
sphere {
	0, 1
	scale<0.080000,0.200000,0.300000>
	matrix <0.442950, 0.762079, 0.472261,
		-0.269287, -0.389343, 0.880850,
		0.855149, -0.517346, 0.032759,
		30.511065, 37.273724, 34.147621>
	pigment { color rgbt <0,1,1,0> }
	no_shadow
}
cylinder {
	<30.215836, 37.504047, 34.825043>,  <29.912460, 37.635868, 34.124691>, 0.130000
	pigment { color rgbt <1,0,0,0> }
	no_shadow
}

// nucleotide -1

// particle -1
sphere {
	<30.215836, 37.504047, 34.825043> 0.250000
	pigment { color rgbt <1,0,0,0> }
	no_shadow
}
cylinder {
	<30.466475, 37.595631, 34.527061>,  <30.616858, 37.650581, 34.348274>, 0.100000
	pigment { color rgbt <1,0,0,0> }
	no_shadow
}
cylinder {
	<30.466475, 37.595631, 34.527061>,  <30.215836, 37.504047, 34.825043>, 0.100000
	pigment { color rgbt <1,0,0,0> }
	no_shadow
}

// particle -1
sphere {
	<30.466475, 37.595631, 34.527061> 0.100000
	pigment { color rgbt <1,0,0,0> }
	no_shadow
}
sphere {
	0, 1
	scale<0.080000,0.200000,0.300000>
	matrix <0.244940, 0.849581, 0.467136,
		0.739850, -0.475175, 0.476267,
		0.626598, 0.228954, -0.744952,
		30.654453, 37.664318, 34.303577>
	pigment { color rgbt <0,1,1,0> }
	no_shadow
}
cylinder {
	<31.057487, 37.514877, 34.988487>,  <30.215836, 37.504047, 34.825043>, 0.130000
	pigment { color rgbt <1,0,0,0> }
	no_shadow
}

// nucleotide -1

// particle -1
sphere {
	<31.057487, 37.514877, 34.988487> 0.250000
	pigment { color rgbt <1,0,0,0> }
	no_shadow
}
cylinder {
	<30.884995, 37.756542, 34.720451>,  <30.781500, 37.901543, 34.559628>, 0.100000
	pigment { color rgbt <1,0,0,0> }
	no_shadow
}
cylinder {
	<30.884995, 37.756542, 34.720451>,  <31.057487, 37.514877, 34.988487>, 0.100000
	pigment { color rgbt <1,0,0,0> }
	no_shadow
}

// particle -1
sphere {
	<30.884995, 37.756542, 34.720451> 0.100000
	pigment { color rgbt <1,0,0,0> }
	no_shadow
}
sphere {
	0, 1
	scale<0.080000,0.200000,0.300000>
	matrix <0.219272, 0.790610, 0.571713,
		0.875191, 0.099608, -0.473412,
		-0.431231, 0.604164, -0.670094,
		30.755625, 37.937790, 34.519424>
	pigment { color rgbt <0,1,1,0> }
	no_shadow
}
cylinder {
	<31.218428, 38.122490, 34.606682>,  <31.057487, 37.514877, 34.988487>, 0.130000
	pigment { color rgbt <1,0,0,0> }
	no_shadow
}

// nucleotide -1

// particle -1
sphere {
	<31.218428, 38.122490, 34.606682> 0.250000
	pigment { color rgbt <1,0,0,0> }
	no_shadow
}
cylinder {
	<30.941759, 38.340290, 34.796467>,  <30.775759, 38.470970, 34.910339>, 0.100000
	pigment { color rgbt <1,0,0,0> }
	no_shadow
}
cylinder {
	<30.941759, 38.340290, 34.796467>,  <31.218428, 38.122490, 34.606682>, 0.100000
	pigment { color rgbt <1,0,0,0> }
	no_shadow
}

// particle -1
sphere {
	<30.941759, 38.340290, 34.796467> 0.100000
	pigment { color rgbt <1,0,0,0> }
	no_shadow
}
sphere {
	0, 1
	scale<0.080000,0.200000,0.300000>
	matrix <-0.281386, -0.808216, 0.517308,
		0.665143, 0.224298, 0.712232,
		-0.691669, 0.544496, 0.474465,
		30.734259, 38.503639, 34.938805>
	pigment { color rgbt <0,1,1,0> }
	no_shadow
}
cylinder {
	<31.316175, 38.187325, 35.357624>,  <31.218428, 38.122490, 34.606682>, 0.130000
	pigment { color rgbt <1,0,0,0> }
	no_shadow
}

// nucleotide -1

// particle -1
sphere {
	<31.316175, 38.187325, 35.357624> 0.250000
	pigment { color rgbt <1,0,0,0> }
	no_shadow
}
cylinder {
	<30.928438, 38.213375, 35.262856>,  <30.695795, 38.229004, 35.205994>, 0.100000
	pigment { color rgbt <1,0,0,0> }
	no_shadow
}
cylinder {
	<30.928438, 38.213375, 35.262856>,  <31.316175, 38.187325, 35.357624>, 0.100000
	pigment { color rgbt <1,0,0,0> }
	no_shadow
}

// particle -1
sphere {
	<30.928438, 38.213375, 35.262856> 0.100000
	pigment { color rgbt <1,0,0,0> }
	no_shadow
}
sphere {
	0, 1
	scale<0.080000,0.200000,0.300000>
	matrix <-0.199756, -0.770345, 0.605529,
		-0.143079, 0.634292, 0.759738,
		-0.969343, 0.065124, -0.236924,
		30.637634, 38.232914, 35.191780>
	pigment { color rgbt <0,1,1,0> }
	no_shadow
}
cylinder {
	<31.989038, 38.123821, 34.991093>,  <31.316175, 38.187325, 35.357624>, 0.130000
	pigment { color rgbt <1,0,0,0> }
	no_shadow
}

// nucleotide -1

// particle -1
sphere {
	<31.989038, 38.123821, 34.991093> 0.250000
	pigment { color rgbt <1,0,0,0> }
	no_shadow
}
cylinder {
	<32.262882, 38.122910, 34.699532>,  <32.427189, 38.122364, 34.524593>, 0.100000
	pigment { color rgbt <1,0,0,0> }
	no_shadow
}
cylinder {
	<32.262882, 38.122910, 34.699532>,  <31.989038, 38.123821, 34.991093>, 0.100000
	pigment { color rgbt <1,0,0,0> }
	no_shadow
}

// particle -1
sphere {
	<32.262882, 38.122910, 34.699532> 0.100000
	pigment { color rgbt <1,0,0,0> }
	no_shadow
}
sphere {
	0, 1
	scale<0.080000,0.200000,0.300000>
	matrix <0.015233, 0.999821, 0.011187,
		0.728751, -0.018762, 0.684521,
		0.684608, -0.002275, -0.728907,
		32.468266, 38.122227, 34.480858>
	pigment { color rgbt <0,1,1,0> }
	no_shadow
}
cylinder {
	<32.632492, 38.544823, 35.199211>,  <31.989038, 38.123821, 34.991093>, 0.130000
	pigment { color rgbt <1,0,0,0> }
	no_shadow
}

// nucleotide -1

// particle -1
sphere {
	<32.632492, 38.544823, 35.199211> 0.250000
	pigment { color rgbt <1,0,0,0> }
	no_shadow
}
cylinder {
	<32.582542, 38.534084, 34.802486>,  <32.552574, 38.527641, 34.564453>, 0.100000
	pigment { color rgbt <1,0,0,0> }
	no_shadow
}
cylinder {
	<32.582542, 38.534084, 34.802486>,  <32.632492, 38.544823, 35.199211>, 0.100000
	pigment { color rgbt <1,0,0,0> }
	no_shadow
}

// particle -1
sphere {
	<32.582542, 38.534084, 34.802486> 0.100000
	pigment { color rgbt <1,0,0,0> }
	no_shadow
}
sphere {
	0, 1
	scale<0.080000,0.200000,0.300000>
	matrix <-0.044514, 0.998779, -0.021431,
		0.991174, 0.041474, -0.125914,
		-0.124871, -0.026846, -0.991810,
		32.545082, 38.526031, 34.504944>
	pigment { color rgbt <0,1,1,0> }
	no_shadow
}
cylinder {
	<32.967255, 39.197838, 34.988937>,  <32.632492, 38.544823, 35.199211>, 0.130000
	pigment { color rgbt <1,0,0,0> }
	no_shadow
}

// nucleotide -1

// particle -1
sphere {
	<32.967255, 39.197838, 34.988937> 0.250000
	pigment { color rgbt <1,0,0,0> }
	no_shadow
}
cylinder {
	<32.767418, 39.046364, 34.677296>,  <32.647514, 38.955479, 34.490311>, 0.100000
	pigment { color rgbt <1,0,0,0> }
	no_shadow
}
cylinder {
	<32.767418, 39.046364, 34.677296>,  <32.967255, 39.197838, 34.988937>, 0.100000
	pigment { color rgbt <1,0,0,0> }
	no_shadow
}

// particle -1
sphere {
	<32.767418, 39.046364, 34.677296> 0.100000
	pigment { color rgbt <1,0,0,0> }
	no_shadow
}
sphere {
	0, 1
	scale<0.080000,0.200000,0.300000>
	matrix <-0.390144, 0.901370, -0.187935,
		0.773431, 0.210073, -0.598058,
		-0.499591, -0.378684, -0.779107,
		32.617542, 38.932758, 34.443565>
	pigment { color rgbt <0,1,1,0> }
	no_shadow
}
cylinder {
	<33.121498, 39.583130, 34.329075>,  <32.967255, 39.197838, 34.988937>, 0.130000
	pigment { color rgbt <1,0,0,0> }
	no_shadow
}

// nucleotide -1

// particle -1
sphere {
	<33.121498, 39.583130, 34.329075> 0.250000
	pigment { color rgbt <1,0,0,0> }
	no_shadow
}
cylinder {
	<32.760418, 39.415718, 34.369026>,  <32.543770, 39.315273, 34.392998>, 0.100000
	pigment { color rgbt <1,0,0,0> }
	no_shadow
}
cylinder {
	<32.760418, 39.415718, 34.369026>,  <33.121498, 39.583130, 34.329075>, 0.100000
	pigment { color rgbt <1,0,0,0> }
	no_shadow
}

// particle -1
sphere {
	<32.760418, 39.415718, 34.369026> 0.100000
	pigment { color rgbt <1,0,0,0> }
	no_shadow
}
sphere {
	0, 1
	scale<0.080000,0.200000,0.300000>
	matrix <-0.422406, 0.906175, -0.020493,
		-0.081929, -0.060687, -0.994789,
		-0.902696, -0.418526, 0.099877,
		32.489609, 39.290161, 34.398991>
	pigment { color rgbt <0,1,1,0> }
	no_shadow
}
cylinder {
	<32.650906, 39.873135, 33.754749>,  <33.121498, 39.583130, 34.329075>, 0.130000
	pigment { color rgbt <1,0,0,0> }
	no_shadow
}

// nucleotide -1

// particle -1
sphere {
	<32.650906, 39.873135, 33.754749> 0.250000
	pigment { color rgbt <1,0,0,0> }
	no_shadow
}
cylinder {
	<32.450451, 39.760555, 34.082077>,  <32.330177, 39.693008, 34.278473>, 0.100000
	pigment { color rgbt <1,0,0,0> }
	no_shadow
}
cylinder {
	<32.450451, 39.760555, 34.082077>,  <32.650906, 39.873135, 33.754749>, 0.100000
	pigment { color rgbt <1,0,0,0> }
	no_shadow
}

// particle -1
sphere {
	<32.450451, 39.760555, 34.082077> 0.100000
	pigment { color rgbt <1,0,0,0> }
	no_shadow
}
sphere {
	0, 1
	scale<0.080000,0.200000,0.300000>
	matrix <-0.533662, 0.844922, -0.036215,
		-0.681222, -0.454854, -0.573624,
		-0.501140, -0.281451, 0.818318,
		32.300110, 39.676121, 34.327572>
	pigment { color rgbt <0,1,1,0> }
	no_shadow
}
cylinder {
	<31.939262, 39.787281, 33.575069>,  <32.650906, 39.873135, 33.754749>, 0.130000
	pigment { color rgbt <1,0,0,0> }
	no_shadow
}

// nucleotide -1

// particle -1
sphere {
	<31.939262, 39.787281, 33.575069> 0.250000
	pigment { color rgbt <1,0,0,0> }
	no_shadow
}
cylinder {
	<31.971107, 39.897484, 33.958267>,  <31.990213, 39.963604, 34.188187>, 0.100000
	pigment { color rgbt <1,0,0,0> }
	no_shadow
}
cylinder {
	<31.971107, 39.897484, 33.958267>,  <31.939262, 39.787281, 33.575069>, 0.100000
	pigment { color rgbt <1,0,0,0> }
	no_shadow
}

// particle -1
sphere {
	<31.971107, 39.897484, 33.958267> 0.100000
	pigment { color rgbt <1,0,0,0> }
	no_shadow
}
sphere {
	0, 1
	scale<0.080000,0.200000,0.300000>
	matrix <-0.630510, 0.758293, -0.165675,
		-0.772087, -0.590838, 0.234076,
		0.079611, 0.275503, 0.957998,
		31.994991, 39.980133, 34.245667>
	pigment { color rgbt <0,1,1,0> }
	no_shadow
}
cylinder {
	<31.528439, 39.145485, 33.818737>,  <31.939262, 39.787281, 33.575069>, 0.130000
	pigment { color rgbt <1,0,0,0> }
	no_shadow
}

// nucleotide -1

// particle -1
sphere {
	<31.528439, 39.145485, 33.818737> 0.250000
	pigment { color rgbt <1,0,0,0> }
	no_shadow
}
cylinder {
	<31.924826, 39.184746, 33.855289>,  <32.162659, 39.208302, 33.877220>, 0.100000
	pigment { color rgbt <1,0,0,0> }
	no_shadow
}
cylinder {
	<31.924826, 39.184746, 33.855289>,  <31.528439, 39.145485, 33.818737>, 0.100000
	pigment { color rgbt <1,0,0,0> }
	no_shadow
}

// particle -1
sphere {
	<31.924826, 39.184746, 33.855289> 0.100000
	pigment { color rgbt <1,0,0,0> }
	no_shadow
}
sphere {
	0, 1
	scale<0.080000,0.200000,0.300000>
	matrix <0.106605, -0.989961, -0.092801,
