// switches for output
#declare DRAW_BASES = 1; // possible values are 0, 1; only relevant for DNA ribbons
#declare DRAW_BASES_TYPE = 3; // possible values are 1, 2, 3; only relevant for DNA ribbons
#declare DRAW_FOG = 0; // set to 1 to enable fog

#include "colors.inc"

#include "transforms.inc"
background { rgb <1, 1, 1>}

#default {
   normal{
       ripples 0.25
       frequency 0.20
       turbulence 0.2
       lambda 5
   }
	finish {
		phong 0.1
		phong_size 40.
	}
}

// original window dimensions: 1024x640


// camera settings

camera {
	sky <0, 0.179814, -0.983701>
	up <0, 0.179814, -0.983701>
	right 1.6 * <1, 0, 0>
	location <35, 94.9851, 44.8844>
	look_at <35, 29.7336, 32.9568>
	direction <0, -65.2515, -11.9276>
	angle 67.0682
}


# declare cpy_camera_pos = <35, 94.9851, 44.8844>;
# if (DRAW_FOG = 1)
fog {
	fog_type 2
	up vnormalize(cpy_camera_pos)
	color rgbt<1,1,1,0.3>
	distance 1e-5
	fog_alt 3e-3
	fog_offset 56
}
# end


// LIGHTS

# declare lum = 6;
global_settings {
	ambient_light rgb lum * <0.05, 0.05, 0.05>
	max_trace_level 15
}# declare cpy_direct_light_amount = 0.25;
light_source
{	1000 * <-1, -1.16352, -0.803886>,
	rgb lum * cpy_direct_light_amount
	parallel
}

light_source
{	1000 * <1, 1.16352, 0.803886>,
	rgb lum * cpy_direct_light_amount
	parallel
}

// strand 0

// nucleotide -1

// particle -1
sphere {
	<24.406868, 34.530876, 35.333355> 0.250000
	pigment { color rgbt <1,0,0,0> }
	no_shadow
}
cylinder {
	<24.574625, 34.859066, 35.177956>,  <24.675280, 35.055981, 35.084717>, 0.100000
	pigment { color rgbt <1,0,0,0> }
	no_shadow
}
cylinder {
	<24.574625, 34.859066, 35.177956>,  <24.406868, 34.530876, 35.333355>, 0.100000
	pigment { color rgbt <1,0,0,0> }
	no_shadow
}

// particle -1
sphere {
	<24.574625, 34.859066, 35.177956> 0.100000
	pigment { color rgbt <1,0,0,0> }
	no_shadow
}
sphere {
	0, 1
	scale<0.080000,0.200000,0.300000>
	matrix <0.354910, 0.245699, 0.902037,
		0.835553, -0.516189, -0.188151,
		0.419393, 0.820476, -0.388495,
		24.700443, 35.105209, 35.061405>
	pigment { color rgbt <0,1,1,0> }
	no_shadow
}
cylinder {
	<25.143002, 34.572666, 35.493916>,  <24.406868, 34.530876, 35.333355>, 0.130000
	pigment { color rgbt <1,0,0,0> }
	no_shadow
}

// nucleotide -1

// particle -1
sphere {
	<25.143002, 34.572666, 35.493916> 0.250000
	pigment { color rgbt <1,0,0,0> }
	no_shadow
}
cylinder {
	<25.063715, 34.954426, 35.404621>,  <25.016144, 35.183483, 35.351044>, 0.100000
	pigment { color rgbt <1,0,0,0> }
	no_shadow
}
cylinder {
	<25.063715, 34.954426, 35.404621>,  <25.143002, 34.572666, 35.493916>, 0.100000
	pigment { color rgbt <1,0,0,0> }
	no_shadow
}

// particle -1
sphere {
	<25.063715, 34.954426, 35.404621> 0.100000
	pigment { color rgbt <1,0,0,0> }
	no_shadow
}
sphere {
	0, 1
	scale<0.080000,0.200000,0.300000>
	matrix <0.476416, 0.292851, 0.829015,
		0.856585, 0.057974, -0.512739,
		-0.198217, 0.954399, -0.223232,
		25.004250, 35.240746, 35.337650>
	pigment { color rgbt <0,1,1,0> }
	no_shadow
}
cylinder {
	<25.743046, 34.987103, 35.656956>,  <25.143002, 34.572666, 35.493916>, 0.130000
	pigment { color rgbt <1,0,0,0> }
	no_shadow
}

// nucleotide -1

// particle -1
sphere {
	<25.743046, 34.987103, 35.656956> 0.250000
	pigment { color rgbt <1,0,0,0> }
	no_shadow
}
cylinder {
	<25.418421, 35.215904, 35.704586>,  <25.223646, 35.353184, 35.733166>, 0.100000
	pigment { color rgbt <1,0,0,0> }
	no_shadow
}
cylinder {
	<25.418421, 35.215904, 35.704586>,  <25.743046, 34.987103, 35.656956>, 0.100000
	pigment { color rgbt <1,0,0,0> }
	no_shadow
}

// particle -1
sphere {
	<25.418421, 35.215904, 35.704586> 0.100000
	pigment { color rgbt <1,0,0,0> }
	no_shadow
}
sphere {
	0, 1
	scale<0.080000,0.200000,0.300000>
	matrix <0.417654, 0.425435, 0.802851,
		0.408576, 0.701296, -0.584167,
		-0.811561, 0.572005, 0.119077,
		25.174953, 35.387505, 35.740311>
	pigment { color rgbt <0,1,1,0> }
	no_shadow
}
cylinder {
	<25.951561, 35.659256, 35.895939>,  <25.743046, 34.987103, 35.656956>, 0.130000
	pigment { color rgbt <1,0,0,0> }
	no_shadow
}

// nucleotide -1

// particle -1
sphere {
	<25.951561, 35.659256, 35.895939> 0.250000
	pigment { color rgbt <1,0,0,0> }
	no_shadow
}
cylinder {
	<25.561754, 35.684265, 35.982109>,  <25.327869, 35.699272, 36.033810>, 0.100000
	pigment { color rgbt <1,0,0,0> }
	no_shadow
}
cylinder {
	<25.561754, 35.684265, 35.982109>,  <25.951561, 35.659256, 35.895939>, 0.100000
	pigment { color rgbt <1,0,0,0> }
	no_shadow
}

// particle -1
sphere {
	<25.561754, 35.684265, 35.982109> 0.100000
	pigment { color rgbt <1,0,0,0> }
	no_shadow
}
sphere {
	0, 1
	scale<0.080000,0.200000,0.300000>
	matrix <0.206231, 0.627501, 0.750807,
		-0.088237, 0.776101, -0.624404,
		-0.974517, 0.062522, 0.215425,
		25.269400, 35.703022, 36.046738>
	pigment { color rgbt <0,1,1,0> }
	no_shadow
}
cylinder {
	<25.736324, 36.259373, 35.993275>,  <25.951561, 35.659256, 35.895939>, 0.130000
	pigment { color rgbt <1,0,0,0> }
	no_shadow
}

// nucleotide -1

// particle -1
sphere {
	<25.736324, 36.259373, 35.993275> 0.250000
	pigment { color rgbt <1,0,0,0> }
	no_shadow
}
cylinder {
	<25.495049, 36.053154, 36.236706>,  <25.350283, 35.929420, 36.382767>, 0.100000
	pigment { color rgbt <1,0,0,0> }
	no_shadow
}
cylinder {
	<25.495049, 36.053154, 36.236706>,  <25.736324, 36.259373, 35.993275>, 0.100000
	pigment { color rgbt <1,0,0,0> }
	no_shadow
}

// particle -1
sphere {
	<25.495049, 36.053154, 36.236706> 0.100000
	pigment { color rgbt <1,0,0,0> }
	no_shadow
}
sphere {
	0, 1
	scale<0.080000,0.200000,0.300000>
	matrix <0.146193, 0.678628, 0.719786,
		-0.784086, 0.523137, -0.333971,
		-0.603189, -0.515550, 0.608582,
		25.314093, 35.898487, 36.419281>
	pigment { color rgbt <0,1,1,0> }
	no_shadow
}
cylinder {
	<25.237724, 36.778645, 36.332020>,  <25.736324, 36.259373, 35.993275>, 0.130000
	pigment { color rgbt <1,0,0,0> }
	no_shadow
}

// nucleotide -1

// particle -1
sphere {
	<25.237724, 36.778645, 36.332020> 0.250000
	pigment { color rgbt <1,0,0,0> }
	no_shadow
}
cylinder {
	<25.317451, 36.453255, 36.550571>,  <25.365288, 36.258022, 36.681702>, 0.100000
	pigment { color rgbt <1,0,0,0> }
	no_shadow
}
cylinder {
	<25.317451, 36.453255, 36.550571>,  <25.237724, 36.778645, 36.332020>, 0.100000
	pigment { color rgbt <1,0,0,0> }
	no_shadow
}

// particle -1
sphere {
	<25.317451, 36.453255, 36.550571> 0.100000
	pigment { color rgbt <1,0,0,0> }
	no_shadow
}
sphere {
	0, 1
	scale<0.080000,0.200000,0.300000>
	matrix <0.341462, 0.580279, 0.739378,
		-0.918518, 0.039198, 0.393430,
		0.199317, -0.813474, 0.546381,
		25.377247, 36.209213, 36.714485>
	pigment { color rgbt <0,1,1,0> }
	no_shadow
}
cylinder {
	<24.816635, 36.763596, 36.906616>,  <25.237724, 36.778645, 36.332020>, 0.130000
	pigment { color rgbt <1,0,0,0> }
	no_shadow
}

// nucleotide -1

// particle -1
sphere {
	<24.816635, 36.763596, 36.906616> 0.250000
	pigment { color rgbt <1,0,0,0> }
	no_shadow
}
cylinder {
	<25.178789, 36.596642, 36.937759>,  <25.396082, 36.496468, 36.956444>, 0.100000
	pigment { color rgbt <1,0,0,0> }
	no_shadow
}
cylinder {
	<25.178789, 36.596642, 36.937759>,  <24.816635, 36.763596, 36.906616>, 0.100000
	pigment { color rgbt <1,0,0,0> }
	no_shadow
}

// particle -1
sphere {
	<25.178789, 36.596642, 36.937759> 0.100000
	pigment { color rgbt <1,0,0,0> }
	no_shadow
}
sphere {
	0, 1
	scale<0.080000,0.200000,0.300000>
	matrix <0.336602, 0.817361, 0.467567,
		-0.258794, -0.397123, 0.880522,
		0.905386, -0.417389, 0.077856,
		25.450405, 36.471424, 36.961117>
	pigment { color rgbt <0,1,1,0> }
	no_shadow
}
cylinder {
	<25.152336, 36.646679, 37.646622>,  <24.816635, 36.763596, 36.906616>, 0.130000
	pigment { color rgbt <1,0,0,0> }
	no_shadow
}

// nucleotide -1

// particle -1
sphere {
	<25.152336, 36.646679, 37.646622> 0.250000
	pigment { color rgbt <1,0,0,0> }
	no_shadow
}
cylinder {
	<25.448811, 36.695698, 37.382614>,  <25.626696, 36.725109, 37.224209>, 0.100000
	pigment { color rgbt <1,0,0,0> }
	no_shadow
}
cylinder {
	<25.448811, 36.695698, 37.382614>,  <25.152336, 36.646679, 37.646622>, 0.100000
	pigment { color rgbt <1,0,0,0> }
	no_shadow
}

// particle -1
sphere {
	<25.448811, 36.695698, 37.382614> 0.100000
	pigment { color rgbt <1,0,0,0> }
	no_shadow
}
sphere {
	0, 1
	scale<0.080000,0.200000,0.300000>
	matrix <0.337569, 0.781808, 0.524236,
		0.580251, -0.611358, 0.538098,
		0.741185, 0.122544, -0.660021,
		25.671165, 36.732460, 37.184608>
	pigment { color rgbt <0,1,1,0> }
	no_shadow
}
cylinder {
	<25.687513, 36.892872, 38.034546>,  <25.152336, 36.646679, 37.646622>, 0.130000
	pigment { color rgbt <1,0,0,0> }
	no_shadow
}

// nucleotide -1

// particle -1
sphere {
	<25.687513, 36.892872, 38.034546> 0.250000
	pigment { color rgbt <1,0,0,0> }
	no_shadow
}
cylinder {
	<25.817152, 36.979961, 37.666294>,  <25.894936, 37.032215, 37.445343>, 0.100000
	pigment { color rgbt <1,0,0,0> }
	no_shadow
}
cylinder {
	<25.817152, 36.979961, 37.666294>,  <25.687513, 36.892872, 38.034546>, 0.100000
	pigment { color rgbt <1,0,0,0> }
	no_shadow
}

// particle -1
sphere {
	<25.817152, 36.979961, 37.666294> 0.100000
	pigment { color rgbt <1,0,0,0> }
	no_shadow
}
sphere {
	0, 1
	scale<0.080000,0.200000,0.300000>
	matrix <0.507230, 0.781458, 0.363374,
		0.798548, -0.584739, 0.142831,
		0.324095, 0.217723, -0.920630,
		25.914381, 37.045277, 37.390106>
	pigment { color rgbt <0,1,1,0> }
	no_shadow
}
cylinder {
	<26.496128, 36.712444, 38.030460>,  <25.687513, 36.892872, 38.034546>, 0.130000
	pigment { color rgbt <1,0,0,0> }
	no_shadow
}

// nucleotide -1

// particle -1
sphere {
	<26.496128, 36.712444, 38.030460> 0.250000
	pigment { color rgbt <1,0,0,0> }
	no_shadow
}
cylinder {
	<26.378019, 37.006596, 37.786484>,  <26.307154, 37.183086, 37.640099>, 0.100000
	pigment { color rgbt <1,0,0,0> }
	no_shadow
}
cylinder {
	<26.378019, 37.006596, 37.786484>,  <26.496128, 36.712444, 38.030460>, 0.100000
	pigment { color rgbt <1,0,0,0> }
	no_shadow
}

// particle -1
sphere {
	<26.378019, 37.006596, 37.786484> 0.100000
	pigment { color rgbt <1,0,0,0> }
	no_shadow
}
sphere {
	0, 1
	scale<0.080000,0.200000,0.300000>
	matrix <0.781536, 0.553125, 0.288538,
		0.549559, -0.391495, -0.738049,
		-0.295272, 0.735381, -0.609942,
		26.289438, 37.227211, 37.603500>
	pigment { color rgbt <0,1,1,0> }
	no_shadow
}
cylinder {
	<27.089819, 36.990692, 37.856335>,  <26.496128, 36.712444, 38.030460>, 0.130000
	pigment { color rgbt <1,0,0,0> }
	no_shadow
}

// nucleotide -1

// particle -1
sphere {
	<27.089819, 36.990692, 37.856335> 0.250000
	pigment { color rgbt <1,0,0,0> }
	no_shadow
}
cylinder {
	<26.823980, 37.269688, 37.749138>,  <26.664476, 37.437084, 37.684818>, 0.100000
	pigment { color rgbt <1,0,0,0> }
	no_shadow
}
cylinder {
	<26.823980, 37.269688, 37.749138>,  <27.089819, 36.990692, 37.856335>, 0.100000
	pigment { color rgbt <1,0,0,0> }
	no_shadow
}

// particle -1
sphere {
	<26.823980, 37.269688, 37.749138> 0.100000
	pigment { color rgbt <1,0,0,0> }
	no_shadow
}
sphere {
	0, 1
	scale<0.080000,0.200000,0.300000>
	matrix <0.641863, 0.716532, 0.273119,
		0.382523, 0.009499, -0.923897,
		-0.664596, 0.697489, -0.267993,
		26.624601, 37.478935, 37.668739>
	pigment { color rgbt <0,1,1,0> }
	no_shadow
}
cylinder {
	<27.438154, 37.500542, 37.394249>,  <27.089819, 36.990692, 37.856335>, 0.130000
	pigment { color rgbt <1,0,0,0> }
	no_shadow
}

// nucleotide -1

// particle -1
sphere {
	<27.438154, 37.500542, 37.394249> 0.250000
	pigment { color rgbt <1,0,0,0> }
	no_shadow
}
cylinder {
	<27.123981, 37.661049, 37.582752>,  <26.935478, 37.757355, 37.695854>, 0.100000
	pigment { color rgbt <1,0,0,0> }
	no_shadow
}
cylinder {
	<27.123981, 37.661049, 37.582752>,  <27.438154, 37.500542, 37.394249>, 0.100000
	pigment { color rgbt <1,0,0,0> }
	no_shadow
}

// particle -1
sphere {
	<27.123981, 37.661049, 37.582752> 0.100000
	pigment { color rgbt <1,0,0,0> }
	no_shadow
}
sphere {
	0, 1
	scale<0.080000,0.200000,0.300000>
	matrix <0.479930, 0.875624, 0.054305,
		-0.390853, 0.268824, -0.880323,
		-0.785430, 0.401268, 0.471257,
		26.888351, 37.781429, 37.724129>
	pigment { color rgbt <0,1,1,0> }
	no_shadow
}
cylinder {
	<27.211094, 38.140995, 37.004459>,  <27.438154, 37.500542, 37.394249>, 0.130000
	pigment { color rgbt <1,0,0,0> }
	no_shadow
}

// nucleotide -1

// particle -1
sphere {
	<27.211094, 38.140995, 37.004459> 0.250000
	pigment { color rgbt <1,0,0,0> }
	no_shadow
}
cylinder {
	<27.078743, 38.157021, 37.381588>,  <26.999332, 38.166634, 37.607864>, 0.100000
	pigment { color rgbt <1,0,0,0> }
	no_shadow
}
cylinder {
	<27.078743, 38.157021, 37.381588>,  <27.211094, 38.140995, 37.004459>, 0.100000
	pigment { color rgbt <1,0,0,0> }
	no_shadow
}

// particle -1
sphere {
	<27.078743, 38.157021, 37.381588> 0.100000
	pigment { color rgbt <1,0,0,0> }
	no_shadow
}
sphere {
	0, 1
	scale<0.080000,0.200000,0.300000>
	matrix <0.442326, 0.889130, 0.117452,
		-0.833588, 0.455898, -0.311911,
		-0.330875, 0.040060, 0.942824,
		26.979481, 38.169037, 37.664436>
	pigment { color rgbt <0,1,1,0> }
	no_shadow
}
cylinder {
	<26.879412, 38.746311, 37.241192>,  <27.211094, 38.140995, 37.004459>, 0.130000
	pigment { color rgbt <1,0,0,0> }
	no_shadow
}

// nucleotide -1

// particle -1
sphere {
	<26.879412, 38.746311, 37.241192> 0.250000
	pigment { color rgbt <1,0,0,0> }
	no_shadow
}
cylinder {
	<27.063789, 38.595871, 37.562710>,  <27.174416, 38.505608, 37.755619>, 0.100000
	pigment { color rgbt <1,0,0,0> }
	no_shadow
}
cylinder {
	<27.063789, 38.595871, 37.562710>,  <26.879412, 38.746311, 37.241192>, 0.100000
	pigment { color rgbt <1,0,0,0> }
	no_shadow
}

// particle -1
sphere {
	<27.063789, 38.595871, 37.562710> 0.100000
	pigment { color rgbt <1,0,0,0> }
	no_shadow
}
sphere {
	0, 1
	scale<0.080000,0.200000,0.300000>
	matrix <0.374731, 0.903530, 0.207872,
		-0.804431, 0.205388, 0.557411,
		0.460943, -0.376098, 0.803792,
		27.202072, 38.483040, 37.803848>
	pigment { color rgbt <0,1,1,0> }
	no_shadow
}
cylinder {
	<26.554531, 38.967247, 37.889839>,  <26.879412, 38.746311, 37.241192>, 0.130000
	pigment { color rgbt <1,0,0,0> }
	no_shadow
}

// nucleotide -1

// particle -1
sphere {
	<26.554531, 38.967247, 37.889839> 0.250000
	pigment { color rgbt <1,0,0,0> }
	no_shadow
}
cylinder {
	<26.945990, 38.901581, 37.939316>,  <27.180864, 38.862183, 37.969002>, 0.100000
	pigment { color rgbt <1,0,0,0> }
	no_shadow
}
cylinder {
	<26.945990, 38.901581, 37.939316>,  <26.554531, 38.967247, 37.889839>, 0.100000
	pigment { color rgbt <1,0,0,0> }
	no_shadow
}

// particle -1
sphere {
	<26.945990, 38.901581, 37.939316> 0.100000
	pigment { color rgbt <1,0,0,0> }
	no_shadow
}
sphere {
	0, 1
	scale<0.080000,0.200000,0.300000>
	matrix <0.142634, 0.975683, 0.166428,
		-0.148006, -0.145232, 0.978265,
		0.978647, -0.164166, 0.123692,
		27.239584, 38.852329, 37.976425>
	pigment { color rgbt <0,1,1,0> }
	no_shadow
}
cylinder {
	<25.979187, 38.482903, 38.015564>,  <26.554531, 38.967247, 37.889839>, 0.130000
	pigment { color rgbt <1,0,0,0> }
	no_shadow
}

// nucleotide -1

// particle -1
sphere {
	<25.979187, 38.482903, 38.015564> 0.250000
	pigment { color rgbt <1,0,0,0> }
	no_shadow
}
cylinder {
	<26.265142, 38.259605, 37.847134>,  <26.436716, 38.125629, 37.746075>, 0.100000
	pigment { color rgbt <1,0,0,0> }
	no_shadow
}
cylinder {
	<26.265142, 38.259605, 37.847134>,  <25.979187, 38.482903, 38.015564>, 0.100000
	pigment { color rgbt <1,0,0,0> }
	no_shadow
}

// particle -1
sphere {
	<26.265142, 38.259605, 37.847134> 0.100000
	pigment { color rgbt <1,0,0,0> }
	no_shadow
}
sphere {
	0, 1
	scale<0.080000,0.200000,0.300000>
	matrix <-0.699206, -0.576607, -0.422651,
		-0.006855, 0.596567, -0.802534,
		0.714887, -0.558240, -0.421076,
		26.479609, 38.092133, 37.720810>
	pigment { color rgbt <0,1,1,0> }
	no_shadow
}
cylinder {
	<25.785334, 38.428089, 37.240292>,  <25.979187, 38.482903, 38.015564>, 0.130000
	pigment { color rgbt <1,0,0,0> }
	no_shadow
}

// nucleotide -1

// particle -1
sphere {
	<25.785334, 38.428089, 37.240292> 0.250000
	pigment { color rgbt <1,0,0,0> }
	no_shadow
}
cylinder {
	<26.038996, 38.139297, 37.350998>,  <26.191193, 37.966022, 37.417419>, 0.100000
	pigment { color rgbt <1,0,0,0> }
	no_shadow
}
cylinder {
	<26.038996, 38.139297, 37.350998>,  <25.785334, 38.428089, 37.240292>, 0.100000
	pigment { color rgbt <1,0,0,0> }
	no_shadow
}

// particle -1
sphere {
	<26.038996, 38.139297, 37.350998> 0.100000
	pigment { color rgbt <1,0,0,0> }
	no_shadow
}
sphere {
	0, 1
	scale<0.080000,0.200000,0.300000>
	matrix <-0.465292, -0.642206, -0.609159,
		0.617537, 0.257526, -0.743188,
		0.634154, -0.721978, 0.276761,
		26.229242, 37.922703, 37.434025>
	pigment { color rgbt <0,1,1,0> }
	no_shadow
}
cylinder {
	<25.854561, 38.097008, 36.641430>,  <25.785334, 38.428089, 37.240292>, 0.130000
	pigment { color rgbt <1,0,0,0> }
	no_shadow
}

// nucleotide -1

// particle -1
sphere {
	<25.854561, 38.097008, 36.641430> 0.250000
	pigment { color rgbt <1,0,0,0> }
	no_shadow
}
cylinder {
	<25.979000, 37.858353, 36.937332>,  <26.053663, 37.715160, 37.114872>, 0.100000
	pigment { color rgbt <1,0,0,0> }
	no_shadow
}
cylinder {
	<25.979000, 37.858353, 36.937332>,  <25.854561, 38.097008, 36.641430>, 0.100000
	pigment { color rgbt <1,0,0,0> }
	no_shadow
}

// particle -1
sphere {
	<25.979000, 37.858353, 36.937332> 0.100000
	pigment { color rgbt <1,0,0,0> }
	no_shadow
}
sphere {
	0, 1
	scale<0.080000,0.200000,0.300000>
	matrix <-0.267198, -0.801892, -0.534391,
		0.912043, -0.031411, -0.408890,
		0.311100, -0.596642, 0.739753,
		26.072330, 37.679359, 37.159260>
	pigment { color rgbt <0,1,1,0> }
	no_shadow
}
cylinder {
	<26.174202, 37.509098, 36.220303>,  <25.854561, 38.097008, 36.641430>, 0.130000
	pigment { color rgbt <1,0,0,0> }
	no_shadow
}

// nucleotide -1

// particle -1
sphere {
	<26.174202, 37.509098, 36.220303> 0.250000
	pigment { color rgbt <1,0,0,0> }
	no_shadow
}
cylinder {
	<26.109255, 37.369137, 36.589344>,  <26.070286, 37.285160, 36.810768>, 0.100000
	pigment { color rgbt <1,0,0,0> }
	no_shadow
}
cylinder {
	<26.109255, 37.369137, 36.589344>,  <26.174202, 37.509098, 36.220303>, 0.100000
	pigment { color rgbt <1,0,0,0> }
	no_shadow
}

// particle -1
sphere {
	<26.109255, 37.369137, 36.589344> 0.100000
	pigment { color rgbt <1,0,0,0> }
	no_shadow
}
sphere {
	0, 1
	scale<0.080000,0.200000,0.300000>
	matrix <-0.056322, -0.930204, -0.362695,
		0.985121, -0.110854, 0.131329,
		-0.162369, -0.349901, 0.922608,
		26.060543, 37.264168, 36.866127>
	pigment { color rgbt <0,1,1,0> }
	no_shadow
}
cylinder {
	<26.524109, 36.865120, 36.269890>,  <26.174202, 37.509098, 36.220303>, 0.130000
	pigment { color rgbt <1,0,0,0> }
	no_shadow
}

// nucleotide -1

// particle -1
sphere {
	<26.524109, 36.865120, 36.269890> 0.250000
	pigment { color rgbt <1,0,0,0> }
	no_shadow
}
cylinder {
	<26.232000, 36.851189, 36.542797>,  <26.056734, 36.842831, 36.706543>, 0.100000
	pigment { color rgbt <1,0,0,0> }
	no_shadow
}
cylinder {
	<26.232000, 36.851189, 36.542797>,  <26.524109, 36.865120, 36.269890>, 0.100000
	pigment { color rgbt <1,0,0,0> }
	no_shadow
}

// particle -1
sphere {
	<26.232000, 36.851189, 36.542797> 0.100000
	pigment { color rgbt <1,0,0,0> }
	no_shadow
}
sphere {
	0, 1
	scale<0.080000,0.200000,0.300000>
	matrix <-0.332892, -0.853968, -0.399903,
		0.596561, -0.519159, 0.612037,
		-0.730273, -0.034825, 0.682268,
		26.012918, 36.840740, 36.747478>
	pigment { color rgbt <0,1,1,0> }
	no_shadow
}
cylinder {
	<27.153978, 36.448936, 36.221405>,  <26.524109, 36.865120, 36.269890>, 0.130000
	pigment { color rgbt <1,0,0,0> }
	no_shadow
}

// nucleotide -1

// particle -1
sphere {
	<27.153978, 36.448936, 36.221405> 0.250000
	pigment { color rgbt <1,0,0,0> }
	no_shadow
}
cylinder {
	<27.314392, 36.726406, 36.460735>,  <27.410641, 36.892887, 36.604332>, 0.100000
	pigment { color rgbt <1,0,0,0> }
	no_shadow
}
cylinder {
	<27.314392, 36.726406, 36.460735>,  <27.153978, 36.448936, 36.221405>, 0.100000
	pigment { color rgbt <1,0,0,0> }
	no_shadow
}

// particle -1
sphere {
	<27.314392, 36.726406, 36.460735> 0.100000
	pigment { color rgbt <1,0,0,0> }
	no_shadow
}
sphere {
	0, 1
	scale<0.080000,0.200000,0.300000>
	matrix <0.535105, -0.707515, 0.461611,
		0.743529, 0.135044, -0.654926,
		0.401032, 0.693675, 0.598321,
		27.434702, 36.934509, 36.640232>
	pigment { color rgbt <0,1,1,0> }
	no_shadow
}
cylinder {
	<27.762457, 36.160511, 36.378788>,  <27.153978, 36.448936, 36.221405>, 0.130000
	pigment { color rgbt <1,0,0,0> }
	no_shadow
}

// nucleotide -1

// particle -1
sphere {
	<27.762457, 36.160511, 36.378788> 0.250000
	pigment { color rgbt <1,0,0,0> }
	no_shadow
}
cylinder {
	<27.705687, 36.429966, 36.668911>,  <27.671625, 36.591640, 36.842983>, 0.100000
	pigment { color rgbt <1,0,0,0> }
	no_shadow
}
cylinder {
	<27.705687, 36.429966, 36.668911>,  <27.762457, 36.160511, 36.378788>, 0.100000
	pigment { color rgbt <1,0,0,0> }
	no_shadow
}

// particle -1
sphere {
	<27.705687, 36.429966, 36.668911> 0.100000
	pigment { color rgbt <1,0,0,0> }
	no_shadow
}
sphere {
	0, 1
	scale<0.080000,0.200000,0.300000>
	matrix <0.450121, -0.608667, 0.653388,
		0.881617, 0.419207, -0.216834,
		-0.141925, 0.673639, 0.725305,
		27.663109, 36.632057, 36.886501>
	pigment { color rgbt <0,1,1,0> }
	no_shadow
}
cylinder {
	<28.479408, 36.366787, 36.538719>,  <27.762457, 36.160511, 36.378788>, 0.130000
	pigment { color rgbt <1,0,0,0> }
	no_shadow
}

// nucleotide -1

// particle -1
sphere {
	<28.479408, 36.366787, 36.538719> 0.250000
	pigment { color rgbt <1,0,0,0> }
	no_shadow
}
cylinder {
	<28.204300, 36.329117, 36.826637>,  <28.039236, 36.306515, 36.999390>, 0.100000
	pigment { color rgbt <1,0,0,0> }
	no_shadow
}
cylinder {
	<28.204300, 36.329117, 36.826637>,  <28.479408, 36.366787, 36.538719>, 0.100000
	pigment { color rgbt <1,0,0,0> }
	no_shadow
}

// particle -1
sphere {
	<28.204300, 36.329117, 36.826637> 0.100000
	pigment { color rgbt <1,0,0,0> }
	no_shadow
}
sphere {
	0, 1
	scale<0.080000,0.200000,0.300000>
	matrix <0.552534, -0.711019, 0.434923,
		0.470829, 0.696838, 0.541051,
		-0.687769, -0.094175, 0.719795,
		27.997969, 36.300865, 37.042576>
	pigment { color rgbt <0,1,1,0> }
	no_shadow
}
cylinder {
	<28.734476, 36.003307, 35.913654>,  <28.479408, 36.366787, 36.538719>, 0.130000
	pigment { color rgbt <1,0,0,0> }
	no_shadow
}

// nucleotide -1

// particle -1
sphere {
	<28.734476, 36.003307, 35.913654> 0.250000
	pigment { color rgbt <1,0,0,0> }
	no_shadow
}
cylinder {
	<28.795977, 36.220520, 35.583450>,  <28.832878, 36.350849, 35.385326>, 0.100000
	pigment { color rgbt <1,0,0,0> }
	no_shadow
}
cylinder {
	<28.795977, 36.220520, 35.583450>,  <28.734476, 36.003307, 35.913654>, 0.100000
	pigment { color rgbt <1,0,0,0> }
	no_shadow
}

// particle -1
sphere {
	<28.795977, 36.220520, 35.583450> 0.100000
	pigment { color rgbt <1,0,0,0> }
	no_shadow
}
sphere {
	0, 1
	scale<0.080000,0.200000,0.300000>
	matrix <0.418679, 0.720940, 0.552225,
		0.895024, -0.430532, -0.116511,
		0.153753, 0.543035, -0.825513,
		28.842102, 36.383430, 35.335796>
	pigment { color rgbt <0,1,1,0> }
	no_shadow
}
cylinder {
	<29.409626, 36.158455, 35.738895>,  <28.734476, 36.003307, 35.913654>, 0.130000
	pigment { color rgbt <1,0,0,0> }
	no_shadow
}

// nucleotide -1

// particle -1
sphere {
	<29.409626, 36.158455, 35.738895> 0.250000
	pigment { color rgbt <1,0,0,0> }
	no_shadow
}
cylinder {
	<29.206457, 36.461632, 35.575169>,  <29.084557, 36.643539, 35.476933>, 0.100000
	pigment { color rgbt <1,0,0,0> }
	no_shadow
}
cylinder {
	<29.206457, 36.461632, 35.575169>,  <29.409626, 36.158455, 35.738895>, 0.100000
	pigment { color rgbt <1,0,0,0> }
	no_shadow
}

// particle -1
sphere {
	<29.206457, 36.461632, 35.575169> 0.100000
	pigment { color rgbt <1,0,0,0> }
	no_shadow
}
sphere {
	0, 1
	scale<0.080000,0.200000,0.300000>
	matrix <0.527083, 0.649299, 0.548265,
		0.681321, 0.062733, -0.729291,
		-0.507922, 0.757942, -0.409316,
		29.054081, 36.689014, 35.452374>
	pigment { color rgbt <0,1,1,0> }
	no_shadow
}
cylinder {
	<29.956253, 36.549179, 35.195049>,  <29.409626, 36.158455, 35.738895>, 0.130000
	pigment { color rgbt <1,0,0,0> }
	no_shadow
}

// nucleotide -1

// particle -1
sphere {
	<29.956253, 36.549179, 35.195049> 0.250000
	pigment { color rgbt <1,0,0,0> }
	no_shadow
}
cylinder {
	<29.973398, 36.584278, 34.796963>,  <29.983685, 36.605335, 34.558109>, 0.100000
	pigment { color rgbt <1,0,0,0> }
	no_shadow
}
cylinder {
	<29.973398, 36.584278, 34.796963>,  <29.956253, 36.549179, 35.195049>, 0.100000
	pigment { color rgbt <1,0,0,0> }
	no_shadow
}

// particle -1
sphere {
	<29.973398, 36.584278, 34.796963> 0.100000
	pigment { color rgbt <1,0,0,0> }
	no_shadow
}
sphere {
	0, 1
	scale<0.080000,0.200000,0.300000>
	matrix <0.696673, -0.716621, -0.033178,
		-0.716107, -0.691922, -0.091844,
		0.042861, 0.087744, -0.995220,
		29.986258, 36.610603, 34.498398>
	pigment { color rgbt <0,1,1,0> }
	no_shadow
}
cylinder {
	<29.899197, 35.864662, 34.917995>,  <29.956253, 36.549179, 35.195049>, 0.130000
	pigment { color rgbt <1,0,0,0> }
	no_shadow
}

// nucleotide -1

// particle -1
sphere {
	<29.899197, 35.864662, 34.917995> 0.250000
	pigment { color rgbt <1,0,0,0> }
	no_shadow
}
cylinder {
	<30.144962, 36.045204, 34.659145>,  <30.292421, 36.153530, 34.503834>, 0.100000
	pigment { color rgbt <1,0,0,0> }
	no_shadow
}
cylinder {
	<30.144962, 36.045204, 34.659145>,  <29.899197, 35.864662, 34.917995>, 0.100000
	pigment { color rgbt <1,0,0,0> }
	no_shadow
}

// particle -1
sphere {
	<30.144962, 36.045204, 34.659145> 0.100000
	pigment { color rgbt <1,0,0,0> }
	no_shadow
}
sphere {
	0, 1
	scale<0.080000,0.200000,0.300000>
	matrix <0.546565, -0.835009, -0.063459,
		-0.569001, -0.314707, -0.759735,
		0.614414, 0.451353, -0.647129,
		30.329287, 36.180611, 34.465008>
	pigment { color rgbt <0,1,1,0> }
	no_shadow
}
cylinder {
	<29.970222, 35.458546, 34.255001>,  <29.899197, 35.864662, 34.917995>, 0.130000
	pigment { color rgbt <1,0,0,0> }
	no_shadow
}

// nucleotide -1

// particle -1
sphere {
	<29.970222, 35.458546, 34.255001> 0.250000
	pigment { color rgbt <1,0,0,0> }
	no_shadow
}
cylinder {
	<30.263998, 35.673195, 34.421200>,  <30.440264, 35.801983, 34.520920>, 0.100000
	pigment { color rgbt <1,0,0,0> }
	no_shadow
}
cylinder {
	<30.263998, 35.673195, 34.421200>,  <29.970222, 35.458546, 34.255001>, 0.100000
	pigment { color rgbt <1,0,0,0> }
	no_shadow
}

// particle -1
sphere {
	<30.263998, 35.673195, 34.421200> 0.100000
	pigment { color rgbt <1,0,0,0> }
	no_shadow
}
sphere {
	0, 1
	scale<0.080000,0.200000,0.300000>
	matrix <0.569677, -0.820201, 0.052330,
		0.368868, 0.198263, -0.908090,
		0.734441, 0.536622, 0.415492,
		30.484331, 35.834183, 34.545849>
	pigment { color rgbt <0,1,1,0> }
	no_shadow
}
cylinder {
	<29.795786, 36.163689, 34.089687>,  <29.970222, 35.458546, 34.255001>, 0.130000
	pigment { color rgbt <1,0,0,0> }
	no_shadow
}

// nucleotide -1

// particle -1
sphere {
	<29.795786, 36.163689, 34.089687> 0.250000
	pigment { color rgbt <1,0,0,0> }
	no_shadow
}
cylinder {
	<30.019127, 36.425488, 33.885777>,  <30.153131, 36.582569, 33.763432>, 0.100000
	pigment { color rgbt <1,0,0,0> }
	no_shadow
}
cylinder {
	<30.019127, 36.425488, 33.885777>,  <29.795786, 36.163689, 34.089687>, 0.100000
	pigment { color rgbt <1,0,0,0> }
	no_shadow
}

// particle -1
sphere {
	<30.019127, 36.425488, 33.885777> 0.100000
	pigment { color rgbt <1,0,0,0> }
	no_shadow
}
sphere {
	0, 1
	scale<0.080000,0.200000,0.300000>
	matrix <0.726595, -0.682363, -0.080251,
		-0.400378, -0.325594, -0.856555,
		0.558352, 0.654499, -0.509778,
		30.186632, 36.621838, 33.732841>
	pigment { color rgbt <0,1,1,0> }
	no_shadow
}
cylinder {
	<30.492218, 35.854717, 33.879986>,  <29.795786, 36.163689, 34.089687>, 0.130000
	pigment { color rgbt <1,0,0,0> }
	no_shadow
}

// nucleotide -1

// particle -1
sphere {
	<30.492218, 35.854717, 33.879986> 0.250000
	pigment { color rgbt <1,0,0,0> }
	no_shadow
}
cylinder {
	<30.744022, 35.547108, 33.835587>,  <30.895105, 35.362541, 33.808949>, 0.100000
	pigment { color rgbt <1,0,0,0> }
	no_shadow
}
cylinder {
	<30.744022, 35.547108, 33.835587>,  <30.492218, 35.854717, 33.879986>, 0.100000
	pigment { color rgbt <1,0,0,0> }
	no_shadow
}

// particle -1
sphere {
	<30.744022, 35.547108, 33.835587> 0.100000
	pigment { color rgbt <1,0,0,0> }
	no_shadow
}
sphere {
	0, 1
	scale<0.080000,0.200000,0.300000>
	matrix <-0.698170, -0.497159, -0.515162,
		0.340987, 0.401796, -0.849875,
		0.629513, -0.769021, -0.110998,
		30.932877, 35.316402, 33.802288>
	pigment { color rgbt <0,1,1,0> }
	no_shadow
}
cylinder {
	<30.581297, 35.603741, 33.254917>,  <30.492218, 35.854717, 33.879986>, 0.130000
	pigment { color rgbt <1,0,0,0> }
	no_shadow
}

// nucleotide -1

// particle -1
sphere {
	<30.581297, 35.603741, 33.254917> 0.250000
	pigment { color rgbt <1,0,0,0> }
	no_shadow
}
cylinder {
	<30.705328, 35.276909, 33.449333>,  <30.779747, 35.080811, 33.565983>, 0.100000
	pigment { color rgbt <1,0,0,0> }
	no_shadow
}
cylinder {
	<30.705328, 35.276909, 33.449333>,  <30.581297, 35.603741, 33.254917>, 0.100000
	pigment { color rgbt <1,0,0,0> }
	no_shadow
}

// particle -1
sphere {
	<30.705328, 35.276909, 33.449333> 0.100000
	pigment { color rgbt <1,0,0,0> }
	no_shadow
}
sphere {
	0, 1
	scale<0.080000,0.200000,0.300000>
	matrix <-0.732302, -0.531301, -0.425974,
		0.606288, -0.223844, -0.763091,
		0.310079, -0.817076, 0.486043,
		30.798351, 35.031788, 33.595146>
	pigment { color rgbt <0,1,1,0> }
	no_shadow
}
cylinder {
	<31.216206, 35.708061, 32.821957>,  <30.581297, 35.603741, 33.254917>, 0.130000
	pigment { color rgbt <1,0,0,0> }
	no_shadow
}

// nucleotide -1

// particle -1
sphere {
	<31.216206, 35.708061, 32.821957> 0.250000
	pigment { color rgbt <1,0,0,0> }
	no_shadow
}
cylinder {
	<30.860044, 35.884483, 32.776955>,  <30.646349, 35.990337, 32.749954>, 0.100000
	pigment { color rgbt <1,0,0,0> }
	no_shadow
}
cylinder {
	<30.860044, 35.884483, 32.776955>,  <31.216206, 35.708061, 32.821957>, 0.100000
	pigment { color rgbt <1,0,0,0> }
	no_shadow
}

// particle -1
sphere {
	<30.860044, 35.884483, 32.776955> 0.100000
	pigment { color rgbt <1,0,0,0> }
	no_shadow
}
sphere {
	0, 1
	scale<0.080000,0.200000,0.300000>
	matrix <0.026318, 0.296639, 0.954627,
		0.454416, 0.847040, -0.275735,
		-0.890401, 0.441055, -0.112505,
		30.592924, 36.016800, 32.743202>
	pigment { color rgbt <0,1,1,0> }
	no_shadow
}
cylinder {
	<31.139183, 36.429775, 33.057354>,  <31.216206, 35.708061, 32.821957>, 0.130000
	pigment { color rgbt <1,0,0,0> }
	no_shadow
}

// nucleotide -1

// particle -1
sphere {
	<31.139183, 36.429775, 33.057354> 0.250000
	pigment { color rgbt <1,0,0,0> }
	no_shadow
}
cylinder {
	<30.776926, 36.268700, 33.110504>,  <30.559572, 36.172054, 33.142395>, 0.100000
	pigment { color rgbt <1,0,0,0> }
	no_shadow
}
cylinder {
	<30.776926, 36.268700, 33.110504>,  <31.139183, 36.429775, 33.057354>, 0.100000
	pigment { color rgbt <1,0,0,0> }
	no_shadow
}

// particle -1
sphere {
	<30.776926, 36.268700, 33.110504> 0.100000
	pigment { color rgbt <1,0,0,0> }
	no_shadow
}
sphere {
	0, 1
	scale<0.080000,0.200000,0.300000>
	matrix <0.063238, 0.181595, 0.981338,
		-0.419304, 0.897143, -0.138995,
		-0.905641, -0.402689, 0.132877,
		30.505234, 36.147892, 33.150368>
	pigment { color rgbt <0,1,1,0> }
	no_shadow
}
cylinder {
	<31.046246, 36.986057, 33.647552>,  <31.139183, 36.429775, 33.057354>, 0.130000
	pigment { color rgbt <1,0,0,0> }
	no_shadow
}

// nucleotide -1

// particle -1
sphere {
	<31.046246, 36.986057, 33.647552> 0.250000
	pigment { color rgbt <1,0,0,0> }
	no_shadow
}
cylinder {
	<31.411310, 36.870228, 33.532173>,  <31.630348, 36.800732, 33.462948>, 0.100000
	pigment { color rgbt <1,0,0,0> }
	no_shadow
}
cylinder {
	<31.411310, 36.870228, 33.532173>,  <31.046246, 36.986057, 33.647552>, 0.100000
	pigment { color rgbt <1,0,0,0> }
	no_shadow
}

// particle -1
sphere {
	<31.411310, 36.870228, 33.532173> 0.100000
	pigment { color rgbt <1,0,0,0> }
	no_shadow
}
sphere {
	0, 1
	scale<0.080000,0.200000,0.300000>
	matrix <0.408517, 0.624011, 0.666127,
		-0.012900, -0.725781, 0.687805,
		0.912660, -0.289572, -0.288444,
		31.685108, 36.783356, 33.445641>
	pigment { color rgbt <0,1,1,0> }
	no_shadow
}
cylinder {
	<31.527414, 36.654903, 34.208950>,  <31.046246, 36.986057, 33.647552>, 0.130000
	pigment { color rgbt <1,0,0,0> }
	no_shadow
}

// nucleotide -1

// particle -1
sphere {
	<31.527414, 36.654903, 34.208950> 0.250000
	pigment { color rgbt <1,0,0,0> }
	no_shadow
}
cylinder {
	<31.716072, 36.880531, 33.937840>,  <31.829266, 37.015907, 33.775173>, 0.100000
	pigment { color rgbt <1,0,0,0> }
	no_shadow
}
cylinder {
	<31.716072, 36.880531, 33.937840>,  <31.527414, 36.654903, 34.208950>, 0.100000
	pigment { color rgbt <1,0,0,0> }
	no_shadow
}

// particle -1
sphere {
	<31.716072, 36.880531, 33.937840> 0.100000
	pigment { color rgbt <1,0,0,0> }
	no_shadow
}
sphere {
	0, 1
	scale<0.080000,0.200000,0.300000>
	matrix <0.302585, 0.618434, 0.725246,
		0.828249, -0.547141, 0.121000,
		0.471642, 0.564071, -0.677774,
		31.857565, 37.049751, 33.734509>
	pigment { color rgbt <0,1,1,0> }
	no_shadow
}
cylinder {
	<32.374481, 36.774567, 34.279861>,  <31.527414, 36.654903, 34.208950>, 0.130000
	pigment { color rgbt <1,0,0,0> }
	no_shadow
}

// nucleotide -1

// particle -1
sphere {
	<32.374481, 36.774567, 34.279861> 0.250000
	pigment { color rgbt <1,0,0,0> }
	no_shadow
}
cylinder {
	<32.164211, 37.076763, 34.123451>,  <32.038052, 37.258083, 34.029606>, 0.100000
	pigment { color rgbt <1,0,0,0> }
	no_shadow
}
cylinder {
	<32.164211, 37.076763, 34.123451>,  <32.374481, 36.774567, 34.279861>, 0.100000
	pigment { color rgbt <1,0,0,0> }
	no_shadow
}

// particle -1
sphere {
	<32.164211, 37.076763, 34.123451> 0.100000
	pigment { color rgbt <1,0,0,0> }
	no_shadow
}
sphere {
	0, 1
	scale<0.080000,0.200000,0.300000>
	matrix <0.340823, 0.608193, 0.716897,
		0.779430, 0.243581, -0.577198,
		-0.525670, 0.755493, -0.391026,
		32.006512, 37.303410, 34.006142>
	pigment { color rgbt <0,1,1,0> }
	no_shadow
}
cylinder {
	<32.871693, 36.565907, 34.667339>,  <32.374481, 36.774567, 34.279861>, 0.130000
	pigment { color rgbt <1,0,0,0> }
	no_shadow
}

// nucleotide -1

// particle -1
sphere {
	<32.871693, 36.565907, 34.667339> 0.250000
	pigment { color rgbt <1,0,0,0> }
	no_shadow
}
cylinder {
	<33.101994, 36.399952, 34.949158>,  <33.240173, 36.300381, 35.118248>, 0.100000
	pigment { color rgbt <1,0,0,0> }
	no_shadow
}
cylinder {
	<33.101994, 36.399952, 34.949158>,  <32.871693, 36.565907, 34.667339>, 0.100000
	pigment { color rgbt <1,0,0,0> }
	no_shadow
}

// particle -1
sphere {
	<33.101994, 36.399952, 34.949158> 0.100000
	pigment { color rgbt <1,0,0,0> }
	no_shadow
}
sphere {
	0, 1
	scale<0.080000,0.200000,0.300000>
	matrix <-0.120229, -0.895290, -0.428953,
		0.808739, 0.162262, -0.565343,
		0.575749, -0.414882, 0.704547,
		33.274719, 36.275486, 35.160522>
	pigment { color rgbt <0,1,1,0> }
	no_shadow
}
cylinder {
	<33.190262, 36.007069, 34.348171>,  <32.871693, 36.565907, 34.667339>, 0.130000
	pigment { color rgbt <1,0,0,0> }
	no_shadow
}

// nucleotide -1

// particle -1
sphere {
	<33.190262, 36.007069, 34.348171> 0.250000
	pigment { color rgbt <1,0,0,0> }
	no_shadow
}
cylinder {
	<33.252922, 35.918678, 34.733219>,  <33.290520, 35.865643, 34.964249>, 0.100000
	pigment { color rgbt <1,0,0,0> }
	no_shadow
}
cylinder {
	<33.252922, 35.918678, 34.733219>,  <33.190262, 36.007069, 34.348171>, 0.100000
	pigment { color rgbt <1,0,0,0> }
	no_shadow
}

// particle -1
sphere {
	<33.252922, 35.918678, 34.733219> 0.100000
	pigment { color rgbt <1,0,0,0> }
	no_shadow
}
sphere {
	0, 1
	scale<0.080000,0.200000,0.300000>
	matrix <-0.194011, -0.962544, -0.189391,
		0.968411, -0.157090, -0.193657,
		0.156652, -0.220980, 0.962615,
		33.299919, 35.852383, 35.022003>
	pigment { color rgbt <0,1,1,0> }
	no_shadow
}
cylinder {
	<33.595860, 35.376900, 34.375530>,  <33.190262, 36.007069, 34.348171>, 0.130000
	pigment { color rgbt <1,0,0,0> }
	no_shadow
}

// nucleotide -1

// particle -1
sphere {
	<33.595860, 35.376900, 34.375530> 0.250000
	pigment { color rgbt <1,0,0,0> }
	no_shadow
}
cylinder {
	<33.376633, 35.429249, 34.705982>,  <33.245098, 35.460659, 34.904255>, 0.100000
	pigment { color rgbt <1,0,0,0> }
	no_shadow
}
cylinder {
	<33.376633, 35.429249, 34.705982>,  <33.595860, 35.376900, 34.375530>, 0.100000
	pigment { color rgbt <1,0,0,0> }
	no_shadow
}

// particle -1
sphere {
	<33.376633, 35.429249, 34.705982> 0.100000
	pigment { color rgbt <1,0,0,0> }
	no_shadow
}
sphere {
	0, 1
	scale<0.080000,0.200000,0.300000>
	matrix <-0.331411, -0.940825, -0.070818,
		0.767979, -0.312603, 0.559006,
		-0.548064, 0.130874, 0.826134,
		33.212212, 35.468510, 34.953823>
	pigment { color rgbt <0,1,1,0> }
	no_shadow
}
cylinder {
	<33.766312, 34.895897, 35.002888>,  <33.595860, 35.376900, 34.375530>, 0.130000
	pigment { color rgbt <1,0,0,0> }
	no_shadow
}

// nucleotide -1

// particle -1
sphere {
	<33.766312, 34.895897, 35.002888> 0.250000
	pigment { color rgbt <1,0,0,0> }
	no_shadow
}
cylinder {
	<33.385014, 35.011055, 34.966133>,  <33.156235, 35.080151, 34.944080>, 0.100000
	pigment { color rgbt <1,0,0,0> }
	no_shadow
}
cylinder {
	<33.385014, 35.011055, 34.966133>,  <33.766312, 34.895897, 35.002888>, 0.100000
	pigment { color rgbt <1,0,0,0> }
	no_shadow
}

// particle -1
sphere {
	<33.385014, 35.011055, 34.966133> 0.100000
	pigment { color rgbt <1,0,0,0> }
	no_shadow
}
sphere {
	0, 1
	scale<0.080000,0.200000,0.300000>
	matrix <-0.280485, -0.956036, -0.085574,
		-0.112485, -0.055799, 0.992086,
		-0.953245, 0.287891, -0.091889,
		33.099041, 35.097424, 34.938568>
	pigment { color rgbt <0,1,1,0> }
	no_shadow
}
cylinder {
	<33.192890, 34.540318, 35.529221>,  <33.766312, 34.895897, 35.002888>, 0.130000
	pigment { color rgbt <1,0,0,0> }
	no_shadow
}

// nucleotide -1

// particle -1
sphere {
	<33.192890, 34.540318, 35.529221> 0.250000
	pigment { color rgbt <1,0,0,0> }
	no_shadow
}
cylinder {
	<33.082832, 34.631454, 35.155613>,  <33.016800, 34.686134, 34.931450>, 0.100000
	pigment { color rgbt <1,0,0,0> }
	no_shadow
}
cylinder {
	<33.082832, 34.631454, 35.155613>,  <33.192890, 34.540318, 35.529221>, 0.100000
	pigment { color rgbt <1,0,0,0> }
	no_shadow
}

// particle -1
sphere {
	<33.082832, 34.631454, 35.155613> 0.100000
	pigment { color rgbt <1,0,0,0> }
	no_shadow
}
sphere {
	0, 1
	scale<0.080000,0.200000,0.300000>
	matrix <-0.370628, -0.921557, -0.115621,
		-0.887092, 0.314360, 0.338001,
		-0.275141, 0.227840, -0.934017,
		33.000290, 34.699806, 34.875408>
	pigment { color rgbt <0,1,1,0> }
	no_shadow
}
cylinder {
	<32.340775, 34.469692, 35.389141>,  <33.192890, 34.540318, 35.529221>, 0.130000
	pigment { color rgbt <1,0,0,0> }
	no_shadow
}

// nucleotide -1

// particle -1
sphere {
	<32.340775, 34.469692, 35.389141> 0.250000
	pigment { color rgbt <1,0,0,0> }
	no_shadow
}
cylinder {
	<32.577717, 34.382732, 35.078823>,  <32.719883, 34.330559, 34.892632>, 0.100000
	pigment { color rgbt <1,0,0,0> }
	no_shadow
}
cylinder {
	<32.577717, 34.382732, 35.078823>,  <32.340775, 34.469692, 35.389141>, 0.100000
	pigment { color rgbt <1,0,0,0> }
	no_shadow
}

// particle -1
sphere {
	<32.577717, 34.382732, 35.078823> 0.100000
	pigment { color rgbt <1,0,0,0> }
	no_shadow
}
sphere {
	0, 1
	scale<0.080000,0.200000,0.300000>
	matrix <-0.386791, -0.921420, -0.037132,
		-0.706756, 0.322064, -0.629897,
		0.592358, -0.217395, -0.775791,
		32.755424, 34.317513, 34.846085>
	pigment { color rgbt <0,1,1,0> }
	no_shadow
}
cylinder {
	<32.244732, 35.123882, 35.698757>,  <32.340775, 34.469692, 35.389141>, 0.130000
	pigment { color rgbt <1,0,0,0> }
	no_shadow
}

// nucleotide -1

// particle -1
sphere {
	<32.244732, 35.123882, 35.698757> 0.250000
	pigment { color rgbt <1,0,0,0> }
	no_shadow
}
cylinder {
	<32.603279, 35.107960, 35.522148>,  <32.818409, 35.098408, 35.416183>, 0.100000
	pigment { color rgbt <1,0,0,0> }
	no_shadow
}
cylinder {
	<32.603279, 35.107960, 35.522148>,  <32.244732, 35.123882, 35.698757>, 0.100000
	pigment { color rgbt <1,0,0,0> }
	no_shadow
}

// particle -1
sphere {
	<32.603279, 35.107960, 35.522148> 0.100000
	pigment { color rgbt <1,0,0,0> }
	no_shadow
}
sphere {
	0, 1
	scale<0.080000,0.200000,0.300000>
	matrix <0.211635, 0.913562, 0.347296,
