// switches for output
#declare DRAW_BASES = 1; // possible values are 0, 1; only relevant for DNA ribbons
#declare DRAW_BASES_TYPE = 3; // possible values are 1, 2, 3; only relevant for DNA ribbons
#declare DRAW_FOG = 0; // set to 1 to enable fog

#include "colors.inc"

#include "transforms.inc"
background { rgb <1, 1, 1>}

#default {
   normal{
       ripples 0.25
       frequency 0.20
       turbulence 0.2
       lambda 5
   }
	finish {
		phong 0.1
		phong_size 40.
	}
}

// original window dimensions: 1024x640


// camera settings

camera {
	sky <0, 0.179814, -0.983701>
	up <0, 0.179814, -0.983701>
	right 1.6 * <1, 0, 0>
	location <35, 94.9851, 44.8844>
	look_at <35, 29.7336, 32.9568>
	direction <0, -65.2515, -11.9276>
	angle 67.0682
}


# declare cpy_camera_pos = <35, 94.9851, 44.8844>;
# if (DRAW_FOG = 1)
fog {
	fog_type 2
	up vnormalize(cpy_camera_pos)
	color rgbt<1,1,1,0.3>
	distance 1e-5
	fog_alt 3e-3
	fog_offset 56
}
# end


// LIGHTS

# declare lum = 6;
global_settings {
	ambient_light rgb lum * <0.05, 0.05, 0.05>
	max_trace_level 15
}# declare cpy_direct_light_amount = 0.25;
light_source
{	1000 * <-1, -1.16352, -0.803886>,
	rgb lum * cpy_direct_light_amount
	parallel
}

light_source
{	1000 * <1, 1.16352, 0.803886>,
	rgb lum * cpy_direct_light_amount
	parallel
}

// strand 0

// nucleotide -1

// particle -1
sphere {
	<24.132879, 34.627342, 34.598045> 0.250000
	pigment { color rgbt <1,0,0,0> }
	no_shadow
}
cylinder {
	<24.276056, 34.907990, 34.844498>,  <24.361961, 35.076378, 34.992367>, 0.100000
	pigment { color rgbt <1,0,0,0> }
	no_shadow
}
cylinder {
	<24.276056, 34.907990, 34.844498>,  <24.132879, 34.627342, 34.598045>, 0.100000
	pigment { color rgbt <1,0,0,0> }
	no_shadow
}

// particle -1
sphere {
	<24.276056, 34.907990, 34.844498> 0.100000
	pigment { color rgbt <1,0,0,0> }
	no_shadow
}
sphere {
	0, 1
	scale<0.080000,0.200000,0.300000>
	matrix <0.932461, -0.303169, -0.196481,
		0.048936, 0.644843, -0.762747,
		0.357940, 0.701617, 0.616127,
		24.383438, 35.118473, 35.029335>
	pigment { color rgbt <0,1,1,0> }
	no_shadow
}
cylinder {
	<24.558619, 35.155472, 34.242847>,  <24.132879, 34.627342, 34.598045>, 0.130000
	pigment { color rgbt <1,0,0,0> }
	no_shadow
}

// nucleotide -1

// particle -1
sphere {
	<24.558619, 35.155472, 34.242847> 0.250000
	pigment { color rgbt <1,0,0,0> }
	no_shadow
}
cylinder {
	<24.689564, 35.127815, 34.619793>,  <24.768131, 35.111221, 34.845963>, 0.100000
	pigment { color rgbt <1,0,0,0> }
	no_shadow
}
cylinder {
	<24.689564, 35.127815, 34.619793>,  <24.558619, 35.155472, 34.242847>, 0.100000
	pigment { color rgbt <1,0,0,0> }
	no_shadow
}

// particle -1
sphere {
	<24.689564, 35.127815, 34.619793> 0.100000
	pigment { color rgbt <1,0,0,0> }
	no_shadow
}
sphere {
	0, 1
	scale<0.080000,0.200000,0.300000>
	matrix <0.925183, -0.179217, -0.334541,
		0.192018, 0.981377, 0.005296,
		0.327362, -0.069138, 0.942366,
		24.787773, 35.107075, 34.902504>
	pigment { color rgbt <0,1,1,0> }
	no_shadow
}
cylinder {
	<25.154902, 35.490738, 34.294037>,  <24.558619, 35.155472, 34.242847>, 0.130000
	pigment { color rgbt <1,0,0,0> }
	no_shadow
}

// nucleotide -1

// particle -1
sphere {
	<25.154902, 35.490738, 34.294037> 0.250000
	pigment { color rgbt <1,0,0,0> }
	no_shadow
}
cylinder {
	<25.189293, 35.264420, 34.622055>,  <25.209927, 35.128628, 34.818867>, 0.100000
	pigment { color rgbt <1,0,0,0> }
	no_shadow
}
cylinder {
	<25.189293, 35.264420, 34.622055>,  <25.154902, 35.490738, 34.294037>, 0.100000
	pigment { color rgbt <1,0,0,0> }
	no_shadow
}

// particle -1
sphere {
	<25.189293, 35.264420, 34.622055> 0.100000
	pigment { color rgbt <1,0,0,0> }
	no_shadow
}
sphere {
	0, 1
	scale<0.080000,0.200000,0.300000>
	matrix <0.916144, -0.278559, -0.288246,
		0.391521, 0.776065, 0.494402,
		0.085978, -0.565798, 0.820049,
		25.215086, 35.094681, 34.868069>
	pigment { color rgbt <0,1,1,0> }
	no_shadow
}
cylinder {
	<25.897089, 35.470657, 34.456253>,  <25.154902, 35.490738, 34.294037>, 0.130000
	pigment { color rgbt <1,0,0,0> }
	no_shadow
}

// nucleotide -1

// particle -1
sphere {
	<25.897089, 35.470657, 34.456253> 0.250000
	pigment { color rgbt <1,0,0,0> }
	no_shadow
}
cylinder {
	<25.763504, 35.134449, 34.626896>,  <25.683353, 34.932724, 34.729282>, 0.100000
	pigment { color rgbt <1,0,0,0> }
	no_shadow
}
cylinder {
	<25.763504, 35.134449, 34.626896>,  <25.897089, 35.470657, 34.456253>, 0.100000
	pigment { color rgbt <1,0,0,0> }
	no_shadow
}

// particle -1
sphere {
	<25.763504, 35.134449, 34.626896> 0.100000
	pigment { color rgbt <1,0,0,0> }
	no_shadow
}
sphere {
	0, 1
	scale<0.080000,0.200000,0.300000>
	matrix <0.824237, -0.479973, -0.300430,
		0.457277, 0.251290, 0.853083,
		-0.333962, -0.840523, 0.426603,
		25.663315, 34.882294, 34.754875>
	pigment { color rgbt <0,1,1,0> }
	no_shadow
}
cylinder {
	<26.424627, 35.254967, 35.045540>,  <25.897089, 35.470657, 34.456253>, 0.130000
	pigment { color rgbt <1,0,0,0> }
	no_shadow
}

// nucleotide -1

// particle -1
sphere {
	<26.424627, 35.254967, 35.045540> 0.250000
	pigment { color rgbt <1,0,0,0> }
	no_shadow
}
cylinder {
	<26.234877, 34.983017, 34.821846>,  <26.121025, 34.819847, 34.687630>, 0.100000
	pigment { color rgbt <1,0,0,0> }
	no_shadow
}
cylinder {
	<26.234877, 34.983017, 34.821846>,  <26.424627, 35.254967, 35.045540>, 0.100000
	pigment { color rgbt <1,0,0,0> }
	no_shadow
}

// particle -1
sphere {
	<26.234877, 34.983017, 34.821846> 0.100000
	pigment { color rgbt <1,0,0,0> }
	no_shadow
}
sphere {
	0, 1
	scale<0.080000,0.200000,0.300000>
	matrix <0.852071, -0.514247, -0.097601,
		-0.221227, -0.522805, 0.823246,
		-0.474378, -0.679871, -0.559232,
		26.092564, 34.779057, 34.654076>
	pigment { color rgbt <0,1,1,0> }
	no_shadow
}
cylinder {
	<26.564037, 34.468018, 35.337482>,  <26.424627, 35.254967, 35.045540>, 0.130000
	pigment { color rgbt <1,0,0,0> }
	no_shadow
}

// nucleotide -1

// particle -1
sphere {
	<26.564037, 34.468018, 35.337482> 0.250000
	pigment { color rgbt <1,0,0,0> }
	no_shadow
}
cylinder {
	<26.487705, 34.518734, 34.948124>,  <26.441906, 34.549164, 34.714508>, 0.100000
	pigment { color rgbt <1,0,0,0> }
	no_shadow
}
cylinder {
	<26.487705, 34.518734, 34.948124>,  <26.564037, 34.468018, 35.337482>, 0.100000
	pigment { color rgbt <1,0,0,0> }
	no_shadow
}

// particle -1
sphere {
	<26.487705, 34.518734, 34.948124> 0.100000
	pigment { color rgbt <1,0,0,0> }
	no_shadow
}
sphere {
	0, 1
	scale<0.080000,0.200000,0.300000>
	matrix <0.761262, -0.606926, -0.228298,
		-0.619729, -0.784579, 0.019297,
		-0.190830, 0.126793, -0.973400,
		26.430456, 34.556770, 34.656105>
	pigment { color rgbt <0,1,1,0> }
	no_shadow
}
cylinder {
	<26.590925, 33.819679, 35.086475>,  <26.564037, 34.468018, 35.337482>, 0.130000
	pigment { color rgbt <1,0,0,0> }
	no_shadow
}

// nucleotide -1

// particle -1
sphere {
	<26.590925, 33.819679, 35.086475> 0.250000
	pigment { color rgbt <1,0,0,0> }
	no_shadow
}
cylinder {
	<26.689672, 34.077641, 34.797157>,  <26.748920, 34.232418, 34.623566>, 0.100000
	pigment { color rgbt <1,0,0,0> }
	no_shadow
}
cylinder {
	<26.689672, 34.077641, 34.797157>,  <26.590925, 33.819679, 35.086475>, 0.100000
	pigment { color rgbt <1,0,0,0> }
	no_shadow
}

// particle -1
sphere {
	<26.689672, 34.077641, 34.797157> 0.100000
	pigment { color rgbt <1,0,0,0> }
	no_shadow
}
sphere {
	0, 1
	scale<0.080000,0.200000,0.300000>
	matrix <0.881625, -0.459285, -0.108601,
		-0.402236, -0.610864, -0.681946,
		0.246867, 0.644904, -0.723294,
		26.763733, 34.271111, 34.580170>
	pigment { color rgbt <0,1,1,0> }
	no_shadow
}
cylinder {
	<26.531658, 33.627666, 34.308598>,  <26.590925, 33.819679, 35.086475>, 0.130000
	pigment { color rgbt <1,0,0,0> }
	no_shadow
}

// nucleotide -1

// particle -1
sphere {
	<26.531658, 33.627666, 34.308598> 0.250000
	pigment { color rgbt <1,0,0,0> }
	no_shadow
}
cylinder {
	<26.810329, 33.888248, 34.428764>,  <26.977531, 34.044598, 34.500866>, 0.100000
	pigment { color rgbt <1,0,0,0> }
	no_shadow
}
cylinder {
	<26.810329, 33.888248, 34.428764>,  <26.531658, 33.627666, 34.308598>, 0.100000
	pigment { color rgbt <1,0,0,0> }
	no_shadow
}

// particle -1
sphere {
	<26.810329, 33.888248, 34.428764> 0.100000
	pigment { color rgbt <1,0,0,0> }
	no_shadow
}
sphere {
	0, 1
	scale<0.080000,0.200000,0.300000>
	matrix <0.715740, -0.602854, -0.352538,
		-0.048552, 0.460628, -0.886265,
		0.696677, 0.651451, 0.300420,
		27.019333, 34.083683, 34.518890>
	pigment { color rgbt <0,1,1,0> }
	no_shadow
}
cylinder {
	<27.059334, 33.609325, 33.895531>,  <26.531658, 33.627666, 34.308598>, 0.130000
	pigment { color rgbt <1,0,0,0> }
	no_shadow
}

// nucleotide -1

// particle -1
sphere {
	<27.059334, 33.609325, 33.895531> 0.250000
	pigment { color rgbt <1,0,0,0> }
	no_shadow
}
cylinder {
	<27.255638, 33.810448, 34.180161>,  <27.373421, 33.931122, 34.350937>, 0.100000
	pigment { color rgbt <1,0,0,0> }
	no_shadow
}
cylinder {
	<27.255638, 33.810448, 34.180161>,  <27.059334, 33.609325, 33.895531>, 0.100000
	pigment { color rgbt <1,0,0,0> }
	no_shadow
}

// particle -1
sphere {
	<27.255638, 33.810448, 34.180161> 0.100000
	pigment { color rgbt <1,0,0,0> }
	no_shadow
}
sphere {
	0, 1
	scale<0.080000,0.200000,0.300000>
	matrix <0.844822, -0.474386, -0.247456,
		0.213139, 0.722597, -0.657591,
		0.490763, 0.502804, 0.711575,
		27.402866, 33.961288, 34.393635>
	pigment { color rgbt <0,1,1,0> }
	no_shadow
}
cylinder {
	<27.592735, 33.894730, 33.569912>,  <27.059334, 33.609325, 33.895531>, 0.130000
	pigment { color rgbt <1,0,0,0> }
	no_shadow
}

// nucleotide -1

// particle -1
sphere {
	<27.592735, 33.894730, 33.569912> 0.250000
	pigment { color rgbt <1,0,0,0> }
	no_shadow
}
cylinder {
	<27.698212, 33.844707, 33.952499>,  <27.761497, 33.814693, 34.182053>, 0.100000
	pigment { color rgbt <1,0,0,0> }
	no_shadow
}
cylinder {
	<27.698212, 33.844707, 33.952499>,  <27.592735, 33.894730, 33.569912>, 0.100000
	pigment { color rgbt <1,0,0,0> }
	no_shadow
}

// particle -1
sphere {
	<27.698212, 33.844707, 33.952499> 0.100000
	pigment { color rgbt <1,0,0,0> }
	no_shadow
}
sphere {
	0, 1
	scale<0.080000,0.200000,0.300000>
	matrix <0.800709, -0.524548, -0.289334,
		0.537897, 0.842146, -0.038181,
		0.263689, -0.125060, 0.956466,
		27.777319, 33.807190, 34.239441>
	pigment { color rgbt <0,1,1,0> }
	no_shadow
}
cylinder {
	<28.373653, 33.870014, 33.521614>,  <27.592735, 33.894730, 33.569912>, 0.130000
	pigment { color rgbt <1,0,0,0> }
	no_shadow
}

// nucleotide -1

// particle -1
sphere {
	<28.373653, 33.870014, 33.521614> 0.250000
	pigment { color rgbt <1,0,0,0> }
	no_shadow
}
cylinder {
	<28.333090, 33.774158, 33.907833>,  <28.308752, 33.716644, 34.139565>, 0.100000
	pigment { color rgbt <1,0,0,0> }
	no_shadow
}
cylinder {
	<28.333090, 33.774158, 33.907833>,  <28.373653, 33.870014, 33.521614>, 0.100000
	pigment { color rgbt <1,0,0,0> }
	no_shadow
}

// particle -1
sphere {
	<28.333090, 33.774158, 33.907833> 0.100000
	pigment { color rgbt <1,0,0,0> }
	no_shadow
}
sphere {
	0, 1
	scale<0.080000,0.200000,0.300000>
	matrix <0.923395, -0.383848, 0.001716,
		0.370214, 0.891760, 0.260204,
		-0.101409, -0.239636, 0.965552,
		28.302668, 33.702267, 34.197498>
	pigment { color rgbt <0,1,1,0> }
	no_shadow
}
cylinder {
	<28.990643, 34.135433, 33.945927>,  <28.373653, 33.870014, 33.521614>, 0.130000
	pigment { color rgbt <1,0,0,0> }
	no_shadow
}

// nucleotide -1

// particle -1
sphere {
	<28.990643, 34.135433, 33.945927> 0.250000
	pigment { color rgbt <1,0,0,0> }
	no_shadow
}
cylinder {
	<28.830009, 33.803692, 34.101311>,  <28.733629, 33.604645, 34.194542>, 0.100000
	pigment { color rgbt <1,0,0,0> }
	no_shadow
}
cylinder {
	<28.830009, 33.803692, 34.101311>,  <28.990643, 34.135433, 33.945927>, 0.100000
	pigment { color rgbt <1,0,0,0> }
	no_shadow
}

// particle -1
sphere {
	<28.830009, 33.803692, 34.101311> 0.100000
	pigment { color rgbt <1,0,0,0> }
	no_shadow
}
sphere {
	0, 1
	scale<0.080000,0.200000,0.300000>
	matrix <0.914856, -0.382770, 0.128551,
		0.042074, 0.407005, 0.912457,
		-0.401582, -0.829358, 0.388455,
		28.709536, 33.554886, 34.217846>
	pigment { color rgbt <0,1,1,0> }
	no_shadow
}
cylinder {
	<29.256433, 33.947166, 34.665779>,  <28.990643, 34.135433, 33.945927>, 0.130000
	pigment { color rgbt <1,0,0,0> }
	no_shadow
}

// nucleotide -1

// particle -1
sphere {
	<29.256433, 33.947166, 34.665779> 0.250000
	pigment { color rgbt <1,0,0,0> }
	no_shadow
}
cylinder {
	<29.134075, 33.609814, 34.489079>,  <29.060659, 33.407402, 34.383060>, 0.100000
	pigment { color rgbt <1,0,0,0> }
	no_shadow
}
cylinder {
	<29.134075, 33.609814, 34.489079>,  <29.256433, 33.947166, 34.665779>, 0.100000
	pigment { color rgbt <1,0,0,0> }
	no_shadow
}

// particle -1
sphere {
	<29.134075, 33.609814, 34.489079> 0.100000
	pigment { color rgbt <1,0,0,0> }
	no_shadow
}
sphere {
	0, 1
	scale<0.080000,0.200000,0.300000>
	matrix <0.881144, -0.426515, 0.204134,
		-0.360574, -0.326800, 0.873607,
		-0.305896, -0.843378, -0.441748,
		29.042307, 33.356800, 34.356556>
	pigment { color rgbt <0,1,1,0> }
	no_shadow
}
cylinder {
	<29.143858, 33.294170, 35.115181>,  <29.256433, 33.947166, 34.665779>, 0.130000
	pigment { color rgbt <1,0,0,0> }
	no_shadow
}

// nucleotide -1

// particle -1
sphere {
	<29.143858, 33.294170, 35.115181> 0.250000
	pigment { color rgbt <1,0,0,0> }
	no_shadow
}
cylinder {
	<29.287518, 33.187977, 34.757294>,  <29.373714, 33.124260, 34.542561>, 0.100000
	pigment { color rgbt <1,0,0,0> }
	no_shadow
}
cylinder {
	<29.287518, 33.187977, 34.757294>,  <29.143858, 33.294170, 35.115181>, 0.100000
	pigment { color rgbt <1,0,0,0> }
	no_shadow
}

// particle -1
sphere {
	<29.287518, 33.187977, 34.757294> 0.100000
	pigment { color rgbt <1,0,0,0> }
	no_shadow
}
sphere {
	0, 1
	scale<0.080000,0.200000,0.300000>
	matrix <0.799372, -0.407286, 0.441727,
		-0.481680, -0.873863, 0.065944,
		0.359151, -0.265485, -0.894722,
		29.395264, 33.108330, 34.488876>
	pigment { color rgbt <0,1,1,0> }
	no_shadow
}
cylinder {
	<29.106604, 32.620556, 34.896858>,  <29.143858, 33.294170, 35.115181>, 0.130000
	pigment { color rgbt <1,0,0,0> }
	no_shadow
}

// nucleotide -1

// particle -1
sphere {
	<29.106604, 32.620556, 34.896858> 0.250000
	pigment { color rgbt <1,0,0,0> }
	no_shadow
}
cylinder {
	<29.430073, 32.825562, 34.781357>,  <29.624155, 32.948566, 34.712055>, 0.100000
	pigment { color rgbt <1,0,0,0> }
	no_shadow
}
cylinder {
	<29.430073, 32.825562, 34.781357>,  <29.106604, 32.620556, 34.896858>, 0.100000
	pigment { color rgbt <1,0,0,0> }
	no_shadow
}

// particle -1
sphere {
	<29.430073, 32.825562, 34.781357> 0.100000
	pigment { color rgbt <1,0,0,0> }
	no_shadow
}
sphere {
	0, 1
	scale<0.080000,0.200000,0.300000>
	matrix <0.558521, -0.514841, 0.650379,
		0.184669, -0.687217, -0.702588,
		0.808673, 0.512515, -0.288750,
		29.672674, 32.979317, 34.694733>
	pigment { color rgbt <0,1,1,0> }
	no_shadow
}
cylinder {
	<28.370443, 32.669052, 35.033764>,  <29.106604, 32.620556, 34.896858>, 0.130000
	pigment { color rgbt <1,0,0,0> }
	no_shadow
}

// nucleotide -1

// particle -1
sphere {
	<28.370443, 32.669052, 35.033764> 0.250000
	pigment { color rgbt <1,0,0,0> }
	no_shadow
}
cylinder {
	<28.471783, 33.001991, 34.836578>,  <28.532587, 33.201756, 34.718269>, 0.100000
	pigment { color rgbt <1,0,0,0> }
	no_shadow
}
cylinder {
	<28.471783, 33.001991, 34.836578>,  <28.370443, 32.669052, 35.033764>, 0.100000
	pigment { color rgbt <1,0,0,0> }
	no_shadow
}

// particle -1
sphere {
	<28.471783, 33.001991, 34.836578> 0.100000
	pigment { color rgbt <1,0,0,0> }
	no_shadow
}
sphere {
	0, 1
	scale<0.080000,0.200000,0.300000>
	matrix <-0.892354, 0.397843, 0.213131,
		0.373520, 0.385899, 0.843543,
		0.253351, 0.832348, -0.492961,
		28.547789, 33.251698, 34.688690>
	pigment { color rgbt <0,1,1,0> }
	no_shadow
}
cylinder {
	<27.983244, 33.173626, 35.319187>,  <28.370443, 32.669052, 35.033764>, 0.130000
	pigment { color rgbt <1,0,0,0> }
	no_shadow
}

// nucleotide -1

// particle -1
sphere {
	<27.983244, 33.173626, 35.319187> 0.250000
	pigment { color rgbt <1,0,0,0> }
	no_shadow
}
cylinder {
	<28.100037, 33.360394, 34.985306>,  <28.170113, 33.472454, 34.784977>, 0.100000
	pigment { color rgbt <1,0,0,0> }
	no_shadow
}
cylinder {
	<28.100037, 33.360394, 34.985306>,  <27.983244, 33.173626, 35.319187>, 0.100000
	pigment { color rgbt <1,0,0,0> }
	no_shadow
}

// particle -1
sphere {
	<28.100037, 33.360394, 34.985306> 0.100000
	pigment { color rgbt <1,0,0,0> }
	no_shadow
}
sphere {
	0, 1
	scale<0.080000,0.200000,0.300000>
	matrix <-0.794771, 0.603953, 0.059825,
		0.532056, 0.645932, 0.547438,
		0.291984, 0.466918, -0.834706,
		28.187632, 33.500469, 34.734894>
	pigment { color rgbt <0,1,1,0> }
	no_shadow
}
cylinder {
	<28.142134, 33.850552, 35.502121>,  <27.983244, 33.173626, 35.319187>, 0.130000
	pigment { color rgbt <1,0,0,0> }
	no_shadow
}

// nucleotide -1

// particle -1
sphere {
	<28.142134, 33.850552, 35.502121> 0.250000
	pigment { color rgbt <1,0,0,0> }
	no_shadow
}
cylinder {
	<28.044506, 33.837097, 35.114452>,  <27.985929, 33.829025, 34.881851>, 0.100000
	pigment { color rgbt <1,0,0,0> }
	no_shadow
}
cylinder {
	<28.044506, 33.837097, 35.114452>,  <28.142134, 33.850552, 35.502121>, 0.100000
	pigment { color rgbt <1,0,0,0> }
	no_shadow
}

// particle -1
sphere {
	<28.044506, 33.837097, 35.114452> 0.100000
	pigment { color rgbt <1,0,0,0> }
	no_shadow
}
sphere {
	0, 1
	scale<0.080000,0.200000,0.300000>
	matrix <-0.721959, 0.673552, 0.158440,
		0.647461, 0.738374, -0.188675,
		-0.244070, -0.033632, -0.969174,
		27.971285, 33.827007, 34.823700>
	pigment { color rgbt <0,1,1,0> }
	no_shadow
}
cylinder {
	<27.949574, 34.516666, 35.396137>,  <28.142134, 33.850552, 35.502121>, 0.130000
	pigment { color rgbt <1,0,0,0> }
	no_shadow
}

// nucleotide -1

// particle -1
sphere {
	<27.949574, 34.516666, 35.396137> 0.250000
	pigment { color rgbt <1,0,0,0> }
	no_shadow
}
cylinder {
	<27.796083, 34.329185, 35.077873>,  <27.703989, 34.216698, 34.886913>, 0.100000
	pigment { color rgbt <1,0,0,0> }
	no_shadow
}
cylinder {
	<27.796083, 34.329185, 35.077873>,  <27.949574, 34.516666, 35.396137>, 0.100000
	pigment { color rgbt <1,0,0,0> }
	no_shadow
}

// particle -1
sphere {
	<27.796083, 34.329185, 35.077873> 0.100000
	pigment { color rgbt <1,0,0,0> }
	no_shadow
}
sphere {
	0, 1
	scale<0.080000,0.200000,0.300000>
	matrix <-0.750096, 0.660757, -0.027480,
		0.538619, 0.586278, -0.605118,
		-0.383725, -0.468698, -0.795661,
		27.680965, 34.188576, 34.839176>
	pigment { color rgbt <0,1,1,0> }
	no_shadow
}
cylinder {
	<27.609718, 34.740215, 34.891052>,  <27.949574, 34.516666, 35.396137>, 0.130000
	pigment { color rgbt <1,0,0,0> }
	no_shadow
}

// nucleotide -1

// particle -1
sphere {
	<27.609718, 34.740215, 34.891052> 0.250000
	pigment { color rgbt <1,0,0,0> }
	no_shadow
}
cylinder {
	<27.611292, 34.521072, 34.556427>,  <27.612236, 34.389587, 34.355652>, 0.100000
	pigment { color rgbt <1,0,0,0> }
	no_shadow
}
cylinder {
	<27.611292, 34.521072, 34.556427>,  <27.609718, 34.740215, 34.891052>, 0.100000
	pigment { color rgbt <1,0,0,0> }
	no_shadow
}

// particle -1
sphere {
	<27.611292, 34.521072, 34.556427> 0.100000
	pigment { color rgbt <1,0,0,0> }
	no_shadow
}
sphere {
	0, 1
	scale<0.080000,0.200000,0.300000>
	matrix <-0.967994, 0.207847, -0.140669,
		0.250943, 0.810340, -0.529507,
		0.003934, -0.547859, -0.836561,
		27.612473, 34.356716, 34.305458>
	pigment { color rgbt <0,1,1,0> }
	no_shadow
}
cylinder {
	<27.496557, 35.216694, 34.359974>,  <27.609718, 34.740215, 34.891052>, 0.130000
	pigment { color rgbt <1,0,0,0> }
	no_shadow
}

// nucleotide -1

// particle -1
sphere {
	<27.496557, 35.216694, 34.359974> 0.250000
	pigment { color rgbt <1,0,0,0> }
	no_shadow
}
cylinder {
	<27.373497, 34.843727, 34.284142>,  <27.299660, 34.619946, 34.238640>, 0.100000
	pigment { color rgbt <1,0,0,0> }
	no_shadow
}
cylinder {
	<27.373497, 34.843727, 34.284142>,  <27.496557, 35.216694, 34.359974>, 0.100000
	pigment { color rgbt <1,0,0,0> }
	no_shadow
}

// particle -1
sphere {
	<27.373497, 34.843727, 34.284142> 0.100000
	pigment { color rgbt <1,0,0,0> }
	no_shadow
}
sphere {
	0, 1
	scale<0.080000,0.200000,0.300000>
	matrix <-0.937603, 0.331008, -0.106457,
		0.162017, 0.145004, -0.976076,
		-0.307653, -0.932420, -0.189585,
		27.281200, 34.563999, 34.227264>
	pigment { color rgbt <0,1,1,0> }
	no_shadow
}
cylinder {
	<27.089539, 35.136665, 33.660408>,  <27.496557, 35.216694, 34.359974>, 0.130000
	pigment { color rgbt <1,0,0,0> }
	no_shadow
}

// nucleotide -1

// particle -1
sphere {
	<27.089539, 35.136665, 33.660408> 0.250000
	pigment { color rgbt <1,0,0,0> }
	no_shadow
}
cylinder {
	<26.980814, 34.868622, 33.936691>,  <26.915579, 34.707798, 34.102463>, 0.100000
	pigment { color rgbt <1,0,0,0> }
	no_shadow
}
cylinder {
	<26.980814, 34.868622, 33.936691>,  <27.089539, 35.136665, 33.660408>, 0.100000
	pigment { color rgbt <1,0,0,0> }
	no_shadow
}

// particle -1
sphere {
	<26.980814, 34.868622, 33.936691> 0.100000
	pigment { color rgbt <1,0,0,0> }
	no_shadow
}
sphere {
	0, 1
	scale<0.080000,0.200000,0.300000>
	matrix <-0.956368, 0.267997, -0.116351,
		-0.107141, -0.692198, -0.713711,
		-0.271810, -0.670105, 0.690709,
		26.899271, 34.667591, 34.143906>
	pigment { color rgbt <0,1,1,0> }
	no_shadow
}
cylinder {
	<26.401035, 34.953205, 33.471867>,  <27.089539, 35.136665, 33.660408>, 0.130000
	pigment { color rgbt <1,0,0,0> }
	no_shadow
}

// nucleotide -1

// particle -1
sphere {
	<26.401035, 34.953205, 33.471867> 0.250000
	pigment { color rgbt <1,0,0,0> }
	no_shadow
}
cylinder {
	<26.448122, 34.856686, 33.857182>,  <26.476374, 34.798775, 34.088371>, 0.100000
	pigment { color rgbt <1,0,0,0> }
	no_shadow
}
cylinder {
	<26.448122, 34.856686, 33.857182>,  <26.401035, 34.953205, 33.471867>, 0.100000
	pigment { color rgbt <1,0,0,0> }
	no_shadow
}

// particle -1
sphere {
	<26.448122, 34.856686, 33.857182> 0.100000
	pigment { color rgbt <1,0,0,0> }
	no_shadow
}
sphere {
	0, 1
	scale<0.080000,0.200000,0.300000>
	matrix <-0.987681, 0.072258, 0.138797,
		-0.103097, -0.967757, -0.229819,
		0.117715, -0.241297, 0.963285,
		26.483437, 34.784298, 34.146168>
	pigment { color rgbt <0,1,1,0> }
	no_shadow
}
cylinder {
	<26.090664, 35.236710, 32.829010>,  <26.401035, 34.953205, 33.471867>, 0.130000
	pigment { color rgbt <1,0,0,0> }
	no_shadow
}

// nucleotide -1

// particle -1
sphere {
	<26.090664, 35.236710, 32.829010> 0.250000
	pigment { color rgbt <1,0,0,0> }
	no_shadow
}
cylinder {
	<26.151688, 35.585941, 32.643768>,  <26.188303, 35.795479, 32.532623>, 0.100000
	pigment { color rgbt <1,0,0,0> }
	no_shadow
}
cylinder {
	<26.151688, 35.585941, 32.643768>,  <26.090664, 35.236710, 32.829010>, 0.100000
	pigment { color rgbt <1,0,0,0> }
	no_shadow
}

// particle -1
sphere {
	<26.151688, 35.585941, 32.643768> 0.100000
	pigment { color rgbt <1,0,0,0> }
	no_shadow
}
sphere {
	0, 1
	scale<0.080000,0.200000,0.300000>
	matrix <0.951243, -0.002618, 0.308433,
		0.268072, -0.487580, -0.830905,
		0.152561, 0.873075, -0.463105,
		26.197456, 35.847862, 32.504837>
	pigment { color rgbt <0,1,1,0> }
	no_shadow
}
cylinder {
	<26.668047, 35.067524, 32.539230>,  <26.090664, 35.236710, 32.829010>, 0.130000
	pigment { color rgbt <1,0,0,0> }
	no_shadow
}

// nucleotide -1

// particle -1
sphere {
	<26.668047, 35.067524, 32.539230> 0.250000
	pigment { color rgbt <1,0,0,0> }
	no_shadow
}
cylinder {
	<26.614592, 35.463245, 32.562611>,  <26.582518, 35.700680, 32.576637>, 0.100000
	pigment { color rgbt <1,0,0,0> }
	no_shadow
}
cylinder {
	<26.614592, 35.463245, 32.562611>,  <26.668047, 35.067524, 32.539230>, 0.100000
	pigment { color rgbt <1,0,0,0> }
	no_shadow
}

// particle -1
sphere {
	<26.614592, 35.463245, 32.562611> 0.100000
	pigment { color rgbt <1,0,0,0> }
	no_shadow
}
sphere {
	0, 1
	scale<0.080000,0.200000,0.300000>
	matrix <0.897068, 0.095693, 0.431408,
		0.421201, 0.110083, -0.900262,
		-0.133639, 0.989305, 0.058446,
		26.574499, 35.760036, 32.580143>
	pigment { color rgbt <0,1,1,0> }
	no_shadow
}
cylinder {
	<27.149340, 35.601509, 32.191120>,  <26.668047, 35.067524, 32.539230>, 0.130000
	pigment { color rgbt <1,0,0,0> }
	no_shadow
}

// nucleotide -1

// particle -1
sphere {
	<27.149340, 35.601509, 32.191120> 0.250000
	pigment { color rgbt <1,0,0,0> }
	no_shadow
}
cylinder {
	<27.014671, 35.777412, 32.524170>,  <26.933870, 35.882954, 32.723999>, 0.100000
	pigment { color rgbt <1,0,0,0> }
	no_shadow
}
cylinder {
	<27.014671, 35.777412, 32.524170>,  <27.149340, 35.601509, 32.191120>, 0.100000
	pigment { color rgbt <1,0,0,0> }
	no_shadow
}

// particle -1
sphere {
	<27.014671, 35.777412, 32.524170> 0.100000
	pigment { color rgbt <1,0,0,0> }
	no_shadow
}
sphere {
	0, 1
	scale<0.080000,0.200000,0.300000>
	matrix <0.941199, 0.183667, 0.283570,
		-0.028224, 0.879136, -0.475735,
		-0.336673, 0.439758, 0.832625,
		26.913670, 35.909340, 32.773956>
	pigment { color rgbt <0,1,1,0> }
	no_shadow
}
cylinder {
	<27.364616, 36.339432, 32.360447>,  <27.149340, 35.601509, 32.191120>, 0.130000
	pigment { color rgbt <1,0,0,0> }
	no_shadow
}

// nucleotide -1

// particle -1
sphere {
	<27.364616, 36.339432, 32.360447> 0.250000
	pigment { color rgbt <1,0,0,0> }
	no_shadow
}
cylinder {
	<27.299522, 36.150185, 32.706783>,  <27.260466, 36.036636, 32.914585>, 0.100000
	pigment { color rgbt <1,0,0,0> }
	no_shadow
}
cylinder {
	<27.299522, 36.150185, 32.706783>,  <27.364616, 36.339432, 32.360447>, 0.100000
	pigment { color rgbt <1,0,0,0> }
	no_shadow
}

// particle -1
sphere {
	<27.299522, 36.150185, 32.706783> 0.100000
	pigment { color rgbt <1,0,0,0> }
	no_shadow
}
sphere {
	0, 1
	scale<0.080000,0.200000,0.300000>
	matrix <0.938365, 0.196997, 0.284012,
		-0.304939, 0.858693, 0.411898,
		-0.162736, -0.473117, 0.865839,
		27.250702, 36.008251, 32.966534>
	pigment { color rgbt <0,1,1,0> }
	no_shadow
}
cylinder {
	<27.537292, 36.866146, 32.813396>,  <27.364616, 36.339432, 32.360447>, 0.130000
	pigment { color rgbt <1,0,0,0> }
	no_shadow
}

// nucleotide -1

// particle -1
sphere {
	<27.537292, 36.866146, 32.813396> 0.250000
	pigment { color rgbt <1,0,0,0> }
	no_shadow
}
cylinder {
	<27.577564, 36.488800, 32.939846>,  <27.601728, 36.262394, 33.015717>, 0.100000
	pigment { color rgbt <1,0,0,0> }
	no_shadow
}
cylinder {
	<27.577564, 36.488800, 32.939846>,  <27.537292, 36.866146, 32.813396>, 0.100000
	pigment { color rgbt <1,0,0,0> }
	no_shadow
}

// particle -1
sphere {
	<27.577564, 36.488800, 32.939846> 0.100000
	pigment { color rgbt <1,0,0,0> }
	no_shadow
}
sphere {
	0, 1
	scale<0.080000,0.200000,0.300000>
	matrix <0.959108, 0.176507, 0.221261,
		-0.264527, 0.280917, 0.922557,
		0.100681, -0.943362, 0.316121,
		27.607769, 36.205791, 33.034683>
	pigment { color rgbt <0,1,1,0> }
	no_shadow
}
cylinder {
	<27.795435, 36.807560, 33.507423>,  <27.537292, 36.866146, 32.813396>, 0.130000
	pigment { color rgbt <1,0,0,0> }
	no_shadow
}

// nucleotide -1

// particle -1
sphere {
	<27.795435, 36.807560, 33.507423> 0.250000
	pigment { color rgbt <1,0,0,0> }
	no_shadow
}
cylinder {
	<27.920816, 36.485008, 33.306828>,  <27.996046, 36.291477, 33.186470>, 0.100000
	pigment { color rgbt <1,0,0,0> }
	no_shadow
}
cylinder {
	<27.920816, 36.485008, 33.306828>,  <27.795435, 36.807560, 33.507423>, 0.100000
	pigment { color rgbt <1,0,0,0> }
	no_shadow
}

// particle -1
sphere {
	<27.920816, 36.485008, 33.306828> 0.100000
	pigment { color rgbt <1,0,0,0> }
	no_shadow
}
sphere {
	0, 1
	scale<0.080000,0.200000,0.300000>
	matrix <0.914927, 0.115050, 0.386874,
		-0.254271, -0.580098, 0.773843,
		0.313455, -0.806381, -0.501494,
		28.014853, 36.243095, 33.156380>
	pigment { color rgbt <0,1,1,0> }
	no_shadow
}
cylinder {
	<27.980631, 36.115765, 33.885052>,  <27.795435, 36.807560, 33.507423>, 0.130000
	pigment { color rgbt <1,0,0,0> }
	no_shadow
}

// nucleotide -1

// particle -1
sphere {
	<27.980631, 36.115765, 33.885052> 0.250000
	pigment { color rgbt <1,0,0,0> }
	no_shadow
}
cylinder {
	<28.204573, 36.131111, 33.553970>,  <28.338938, 36.140320, 33.355324>, 0.100000
	pigment { color rgbt <1,0,0,0> }
	no_shadow
}
cylinder {
	<28.204573, 36.131111, 33.553970>,  <27.980631, 36.115765, 33.885052>, 0.100000
	pigment { color rgbt <1,0,0,0> }
	no_shadow
}

// particle -1
sphere {
	<28.204573, 36.131111, 33.553970> 0.100000
	pigment { color rgbt <1,0,0,0> }
	no_shadow
}
sphere {
	0, 1
	scale<0.080000,0.200000,0.300000>
	matrix <0.828138, 0.007068, 0.560479,
		0.027352, -0.999239, -0.027813,
		0.559856, 0.038363, -0.827702,
		28.372530, 36.142620, 33.305660>
	pigment { color rgbt <0,1,1,0> }
	no_shadow
}
cylinder {
	<28.568905, 35.536728, 33.848755>,  <27.980631, 36.115765, 33.885052>, 0.130000
	pigment { color rgbt <1,0,0,0> }
	no_shadow
}

// nucleotide -1

// particle -1
sphere {
	<28.568905, 35.536728, 33.848755> 0.250000
	pigment { color rgbt <1,0,0,0> }
	no_shadow
}
cylinder {
	<28.674555, 35.849049, 33.622272>,  <28.737946, 36.036442, 33.486382>, 0.100000
	pigment { color rgbt <1,0,0,0> }
	no_shadow
}
cylinder {
	<28.674555, 35.849049, 33.622272>,  <28.568905, 35.536728, 33.848755>, 0.100000
	pigment { color rgbt <1,0,0,0> }
	no_shadow
}

// particle -1
sphere {
	<28.674555, 35.849049, 33.622272> 0.100000
	pigment { color rgbt <1,0,0,0> }
	no_shadow
}
sphere {
	0, 1
	scale<0.080000,0.200000,0.300000>
	matrix <0.764904, 0.188021, 0.616093,
		0.587503, -0.595821, -0.547574,
		0.264126, 0.780798, -0.566209,
		28.753792, 36.083286, 33.452412>
	pigment { color rgbt <0,1,1,0> }
	no_shadow
}
cylinder {
	<29.113422, 35.941956, 34.095303>,  <28.568905, 35.536728, 33.848755>, 0.130000
	pigment { color rgbt <1,0,0,0> }
	no_shadow
}

// nucleotide -1

// particle -1
sphere {
	<29.113422, 35.941956, 34.095303> 0.250000
	pigment { color rgbt <1,0,0,0> }
	no_shadow
}
cylinder {
	<29.090204, 36.187588, 33.780460>,  <29.076273, 36.334969, 33.591557>, 0.100000
	pigment { color rgbt <1,0,0,0> }
	no_shadow
}
cylinder {
	<29.090204, 36.187588, 33.780460>,  <29.113422, 35.941956, 34.095303>, 0.100000
	pigment { color rgbt <1,0,0,0> }
	no_shadow
}

// particle -1
sphere {
	<29.090204, 36.187588, 33.780460> 0.100000
	pigment { color rgbt <1,0,0,0> }
	no_shadow
}
sphere {
	0, 1
	scale<0.080000,0.200000,0.300000>
	matrix <0.839257, 0.456985, 0.294638,
		0.540627, -0.643479, -0.541901,
		-0.058048, 0.614084, -0.787103,
		29.072790, 36.371815, 33.544331>
	pigment { color rgbt <0,1,1,0> }
	no_shadow
}
cylinder {
	<29.779879, 35.896950, 33.610313>,  <29.113422, 35.941956, 34.095303>, 0.130000
	pigment { color rgbt <1,0,0,0> }
	no_shadow
}

// nucleotide -1

// particle -1
sphere {
	<29.779879, 35.896950, 33.610313> 0.250000
	pigment { color rgbt <1,0,0,0> }
	no_shadow
}
cylinder {
	<29.571865, 36.237785, 33.633984>,  <29.447058, 36.442287, 33.648186>, 0.100000
	pigment { color rgbt <1,0,0,0> }
	no_shadow
}
cylinder {
	<29.571865, 36.237785, 33.633984>,  <29.779879, 35.896950, 33.610313>, 0.100000
	pigment { color rgbt <1,0,0,0> }
	no_shadow
}

// particle -1
sphere {
	<29.571865, 36.237785, 33.633984> 0.100000
	pigment { color rgbt <1,0,0,0> }
	no_shadow
}
sphere {
	0, 1
	scale<0.080000,0.200000,0.300000>
	matrix <0.760632, 0.430471, 0.485936,
		0.388591, 0.297711, -0.871989,
		-0.520034, 0.852093, 0.059172,
		29.415855, 36.493412, 33.651733>
	pigment { color rgbt <0,1,1,0> }
	no_shadow
}
cylinder {
	<30.157249, 36.448353, 33.269314>,  <29.779879, 35.896950, 33.610313>, 0.130000
	pigment { color rgbt <1,0,0,0> }
	no_shadow
}

// nucleotide -1

// particle -1
sphere {
	<30.157249, 36.448353, 33.269314> 0.250000
	pigment { color rgbt <1,0,0,0> }
	no_shadow
}
cylinder {
	<29.925455, 36.547256, 33.579941>,  <29.786379, 36.606598, 33.766319>, 0.100000
	pigment { color rgbt <1,0,0,0> }
	no_shadow
}
cylinder {
	<29.925455, 36.547256, 33.579941>,  <30.157249, 36.448353, 33.269314>, 0.100000
	pigment { color rgbt <1,0,0,0> }
	no_shadow
}

// particle -1
sphere {
	<29.925455, 36.547256, 33.579941> 0.100000
	pigment { color rgbt <1,0,0,0> }
	no_shadow
}
sphere {
	0, 1
	scale<0.080000,0.200000,0.300000>
	matrix <0.792690, 0.392344, 0.466593,
		-0.189315, 0.885963, -0.423354,
		-0.579485, 0.247256, 0.776571,
		29.751610, 36.621433, 33.812912>
	pigment { color rgbt <0,1,1,0> }
	no_shadow
}
cylinder {
	<30.127979, 37.158222, 33.479187>,  <30.157249, 36.448353, 33.269314>, 0.130000
	pigment { color rgbt <1,0,0,0> }
	no_shadow
}

// nucleotide -1

// particle -1
sphere {
	<30.127979, 37.158222, 33.479187> 0.250000
	pigment { color rgbt <1,0,0,0> }
	no_shadow
}
cylinder {
	<30.123646, 36.924400, 33.803699>,  <30.121046, 36.784107, 33.998405>, 0.100000
	pigment { color rgbt <1,0,0,0> }
	no_shadow
}
cylinder {
	<30.123646, 36.924400, 33.803699>,  <30.127979, 37.158222, 33.479187>, 0.100000
	pigment { color rgbt <1,0,0,0> }
	no_shadow
}

// particle -1
sphere {
	<30.123646, 36.924400, 33.803699> 0.100000
	pigment { color rgbt <1,0,0,0> }
	no_shadow
}
sphere {
	0, 1
	scale<0.080000,0.200000,0.300000>
	matrix <0.918019, 0.315805, 0.239808,
		-0.396388, 0.747370, 0.533211,
		-0.010835, -0.584555, 0.811281,
		30.120396, 36.749035, 34.047085>
	pigment { color rgbt <0,1,1,0> }
	no_shadow
}
cylinder {
	<30.128742, 37.544403, 34.059330>,  <30.127979, 37.158222, 33.479187>, 0.130000
	pigment { color rgbt <1,0,0,0> }
	no_shadow
}

// nucleotide -1

// particle -1
sphere {
	<30.128742, 37.544403, 34.059330> 0.250000
	pigment { color rgbt <1,0,0,0> }
	no_shadow
}
cylinder {
	<30.303940, 37.189083, 34.114582>,  <30.409060, 36.975891, 34.147732>, 0.100000
	pigment { color rgbt <1,0,0,0> }
	no_shadow
}
cylinder {
	<30.303940, 37.189083, 34.114582>,  <30.128742, 37.544403, 34.059330>, 0.100000
	pigment { color rgbt <1,0,0,0> }
	no_shadow
}

// particle -1
sphere {
	<30.303940, 37.189083, 34.114582> 0.100000
	pigment { color rgbt <1,0,0,0> }
	no_shadow
}
sphere {
	0, 1
	scale<0.080000,0.200000,0.300000>
	matrix <0.895808, 0.444159, 0.015828,
		-0.075412, 0.116806, 0.990287,
		0.437996, -0.888301, 0.138131,
		30.435339, 36.922592, 34.156021>
	pigment { color rgbt <0,1,1,0> }
	no_shadow
}
cylinder {
	<30.394165, 37.591679, 34.693935>,  <30.128742, 37.544403, 34.059330>, 0.130000
	pigment { color rgbt <1,0,0,0> }
	no_shadow
}

// nucleotide -1

// particle -1
sphere {
	<30.394165, 37.591679, 34.693935> 0.250000
	pigment { color rgbt <1,0,0,0> }
	no_shadow
}
cylinder {
	<30.574205, 37.340218, 34.440258>,  <30.682230, 37.189339, 34.288052>, 0.100000
	pigment { color rgbt <1,0,0,0> }
	no_shadow
}
cylinder {
	<30.574205, 37.340218, 34.440258>,  <30.394165, 37.591679, 34.693935>, 0.100000
	pigment { color rgbt <1,0,0,0> }
	no_shadow
}

// particle -1
sphere {
	<30.574205, 37.340218, 34.440258> 0.100000
	pigment { color rgbt <1,0,0,0> }
	no_shadow
}
sphere {
	0, 1
	scale<0.080000,0.200000,0.300000>
	matrix <0.813161, 0.582039, 0.000161,
		0.369024, -0.515773, 0.773175,
		0.450101, -0.628656, -0.634192,
		30.709236, 37.151619, 34.250000>
	pigment { color rgbt <0,1,1,0> }
	no_shadow
}
cylinder {
	<31.042547, 37.369465, 35.087498>,  <30.394165, 37.591679, 34.693935>, 0.130000
	pigment { color rgbt <1,0,0,0> }
	no_shadow
}

// nucleotide -1

// particle -1
sphere {
	<31.042547, 37.369465, 35.087498> 0.250000
	pigment { color rgbt <1,0,0,0> }
	no_shadow
}
cylinder {
	<31.060812, 37.326881, 34.690189>,  <31.071772, 37.301331, 34.451805>, 0.100000
	pigment { color rgbt <1,0,0,0> }
	no_shadow
}
cylinder {
	<31.060812, 37.326881, 34.690189>,  <31.042547, 37.369465, 35.087498>, 0.100000
	pigment { color rgbt <1,0,0,0> }
	no_shadow
}

// particle -1
sphere {
	<31.060812, 37.326881, 34.690189> 0.100000
	pigment { color rgbt <1,0,0,0> }
	no_shadow
}
sphere {
	0, 1
	scale<0.080000,0.200000,0.300000>
	matrix <0.868004, 0.496380, -0.013296,
		0.494454, -0.861553, 0.115072,
		0.045664, -0.106457, -0.993268,
		31.074511, 37.294945, 34.392208>
	pigment { color rgbt <0,1,1,0> }
	no_shadow
}
cylinder {
	<31.728666, 37.169075, 34.966995>,  <31.042547, 37.369465, 35.087498>, 0.130000
	pigment { color rgbt <1,0,0,0> }
	no_shadow
}

// nucleotide -1

// particle -1
sphere {
	<31.728666, 37.169075, 34.966995> 0.250000
	pigment { color rgbt <1,0,0,0> }
	no_shadow
}
cylinder {
	<31.549829, 37.346607, 34.656349>,  <31.442528, 37.453125, 34.469963>, 0.100000
	pigment { color rgbt <1,0,0,0> }
	no_shadow
}
cylinder {
	<31.549829, 37.346607, 34.656349>,  <31.728666, 37.169075, 34.966995>, 0.100000
	pigment { color rgbt <1,0,0,0> }
	no_shadow
}

// particle -1
sphere {
	<31.549829, 37.346607, 34.656349> 0.100000
	pigment { color rgbt <1,0,0,0> }
	no_shadow
}
sphere {
	0, 1
	scale<0.080000,0.200000,0.300000>
	matrix <0.788502, 0.605493, -0.107901,
		0.422344, -0.660602, -0.620669,
		-0.447090, 0.443827, -0.776613,
		31.415703, 37.479755, 34.423367>
	pigment { color rgbt <0,1,1,0> }
	no_shadow
}
cylinder {
	<32.248692, 37.500580, 34.578400>,  <31.728666, 37.169075, 34.966995>, 0.130000
	pigment { color rgbt <1,0,0,0> }
	no_shadow
}

// nucleotide -1

// particle -1
sphere {
	<32.248692, 37.500580, 34.578400> 0.250000
	pigment { color rgbt <1,0,0,0> }
	no_shadow
}
cylinder {
	<31.904959, 37.664917, 34.456577>,  <31.698719, 37.763519, 34.383484>, 0.100000
	pigment { color rgbt <1,0,0,0> }
	no_shadow
}
cylinder {
	<31.904959, 37.664917, 34.456577>,  <32.248692, 37.500580, 34.578400>, 0.100000
	pigment { color rgbt <1,0,0,0> }
	no_shadow
}

// particle -1
sphere {
	<31.904959, 37.664917, 34.456577> 0.100000
	pigment { color rgbt <1,0,0,0> }
	no_shadow
}
sphere {
	0, 1
	scale<0.080000,0.200000,0.300000>
	matrix <0.495960, 0.814777, -0.300270,
		0.124784, -0.409081, -0.903926,
		-0.859333, 0.410842, -0.304559,
		31.647160, 37.788170, 34.365211>
	pigment { color rgbt <0,1,1,0> }
	no_shadow
}
cylinder {
	<32.317932, 37.655529, 33.855835>,  <32.248692, 37.500580, 34.578400>, 0.130000
	pigment { color rgbt <1,0,0,0> }
	no_shadow
}

// nucleotide -1

// particle -1
sphere {
	<32.317932, 37.655529, 33.855835> 0.250000
	pigment { color rgbt <1,0,0,0> }
	no_shadow
}
cylinder {
	<32.045219, 37.882137, 34.040977>,  <31.881592, 38.018101, 34.152061>, 0.100000
	pigment { color rgbt <1,0,0,0> }
	no_shadow
}
cylinder {
	<32.045219, 37.882137, 34.040977>,  <32.317932, 37.655529, 33.855835>, 0.100000
	pigment { color rgbt <1,0,0,0> }
	no_shadow
}

// particle -1
sphere {
	<32.045219, 37.882137, 34.040977> 0.100000
	pigment { color rgbt <1,0,0,0> }
	no_shadow
}
sphere {
	0, 1
	scale<0.080000,0.200000,0.300000>
	matrix <0.447765, 0.823494, -0.348374,
		-0.578520, -0.030263, -0.815107,
		-0.681778, 0.566518, 0.462856,
		31.840687, 38.052094, 34.179836>
	pigment { color rgbt <0,1,1,0> }
	no_shadow
}
cylinder {
	<31.871460, 38.090424, 33.387917>,  <32.317932, 37.655529, 33.855835>, 0.130000
	pigment { color rgbt <1,0,0,0> }
	no_shadow
}

// nucleotide -1

// particle -1
sphere {
	<31.871460, 38.090424, 33.387917> 0.250000
	pigment { color rgbt <1,0,0,0> }
	no_shadow
}
cylinder {
	<31.892336, 38.278160, 33.740505>,  <31.904861, 38.390804, 33.952057>, 0.100000
	pigment { color rgbt <1,0,0,0> }
	no_shadow
}
cylinder {
	<31.892336, 38.278160, 33.740505>,  <31.871460, 38.090424, 33.387917>, 0.100000
	pigment { color rgbt <1,0,0,0> }
	no_shadow
}

// particle -1
sphere {
	<31.892336, 38.278160, 33.740505> 0.100000
	pigment { color rgbt <1,0,0,0> }
	no_shadow
}
sphere {
	0, 1
	scale<0.080000,0.200000,0.300000>
	matrix <0.220281, 0.855522, -0.468570,
		-0.974039, 0.218627, -0.058737,
		0.052192, 0.469344, 0.881472,
		31.907993, 38.418964, 34.004948>
	pigment { color rgbt <0,1,1,0> }
	no_shadow
}
cylinder {
	<31.269129, 38.255817, 33.858135>,  <31.871460, 38.090424, 33.387917>, 0.130000
	pigment { color rgbt <1,0,0,0> }
	no_shadow
}

// nucleotide -1

// particle -1
sphere {
	<31.269129, 38.255817, 33.858135> 0.250000
	pigment { color rgbt <1,0,0,0> }
	no_shadow
}
cylinder {
	<31.527515, 37.950611, 33.848862>,  <31.682549, 37.767487, 33.843296>, 0.100000
	pigment { color rgbt <1,0,0,0> }
	no_shadow
}
cylinder {
	<31.527515, 37.950611, 33.848862>,  <31.269129, 38.255817, 33.858135>, 0.100000
	pigment { color rgbt <1,0,0,0> }
	no_shadow
}

// particle -1
sphere {
	<31.527515, 37.950611, 33.848862> 0.100000
	pigment { color rgbt <1,0,0,0> }
	no_shadow
}
sphere {
	0, 1
	scale<0.080000,0.200000,0.300000>
	matrix <-0.754873, -0.643005, 0.129268,
