// switches for output
#declare DRAW_BASES = 1; // possible values are 0, 1; only relevant for DNA ribbons
#declare DRAW_BASES_TYPE = 3; // possible values are 1, 2, 3; only relevant for DNA ribbons
#declare DRAW_FOG = 0; // set to 1 to enable fog

#include "colors.inc"

#include "transforms.inc"
background { rgb <1, 1, 1>}

#default {
   normal{
       ripples 0.25
       frequency 0.20
       turbulence 0.2
       lambda 5
   }
	finish {
		phong 0.1
		phong_size 40.
	}
}

// original window dimensions: 1024x640


// camera settings

camera {
	sky <0, 0.179814, -0.983701>
	up <0, 0.179814, -0.983701>
	right 1.6 * <1, 0, 0>
	location <35, 94.9851, 44.8844>
	look_at <35, 29.7336, 32.9568>
	direction <0, -65.2515, -11.9276>
	angle 67.0682
}


# declare cpy_camera_pos = <35, 94.9851, 44.8844>;
# if (DRAW_FOG = 1)
fog {
	fog_type 2
	up vnormalize(cpy_camera_pos)
	color rgbt<1,1,1,0.3>
	distance 1e-5
	fog_alt 3e-3
	fog_offset 56
}
# end


// LIGHTS

# declare lum = 6;
global_settings {
	ambient_light rgb lum * <0.05, 0.05, 0.05>
	max_trace_level 15
}# declare cpy_direct_light_amount = 0.25;
light_source
{	1000 * <-1, -1.16352, -0.803886>,
	rgb lum * cpy_direct_light_amount
	parallel
}

light_source
{	1000 * <1, 1.16352, 0.803886>,
	rgb lum * cpy_direct_light_amount
	parallel
}

// strand 0

// nucleotide -1

// particle -1
sphere {
	<24.083328, 35.384438, 34.857487> 0.250000
	pigment { color rgbt <1,0,0,0> }
	no_shadow
}
cylinder {
	<24.186138, 34.997879, 34.855991>,  <24.247824, 34.765945, 34.855095>, 0.100000
	pigment { color rgbt <1,0,0,0> }
	no_shadow
}
cylinder {
	<24.186138, 34.997879, 34.855991>,  <24.083328, 35.384438, 34.857487>, 0.100000
	pigment { color rgbt <1,0,0,0> }
	no_shadow
}

// particle -1
sphere {
	<24.186138, 34.997879, 34.855991> 0.100000
	pigment { color rgbt <1,0,0,0> }
	no_shadow
}
sphere {
	0, 1
	scale<0.080000,0.200000,0.300000>
	matrix <0.919095, 0.245636, -0.308105,
		0.298670, 0.075756, 0.951345,
		0.257025, -0.966398, -0.003737,
		24.263247, 34.707958, 34.854870>
	pigment { color rgbt <0,1,1,0> }
	no_shadow
}
cylinder {
	<24.647886, 35.073921, 35.383533>,  <24.083328, 35.384438, 34.857487>, 0.130000
	pigment { color rgbt <1,0,0,0> }
	no_shadow
}

// nucleotide -1

// particle -1
sphere {
	<24.647886, 35.073921, 35.383533> 0.250000
	pigment { color rgbt <1,0,0,0> }
	no_shadow
}
cylinder {
	<24.647121, 34.904446, 35.021210>,  <24.646662, 34.802761, 34.803818>, 0.100000
	pigment { color rgbt <1,0,0,0> }
	no_shadow
}
cylinder {
	<24.647121, 34.904446, 35.021210>,  <24.647886, 35.073921, 35.383533>, 0.100000
	pigment { color rgbt <1,0,0,0> }
	no_shadow
}

// particle -1
sphere {
	<24.647121, 34.904446, 35.021210> 0.100000
	pigment { color rgbt <1,0,0,0> }
	no_shadow
}
sphere {
	0, 1
	scale<0.080000,0.200000,0.300000>
	matrix <0.951485, 0.277937, -0.132014,
		0.307690, -0.862112, 0.402603,
		-0.001913, -0.423690, -0.905805,
		24.646547, 34.777340, 34.749470>
	pigment { color rgbt <0,1,1,0> }
	no_shadow
}
cylinder {
	<25.257675, 34.549816, 35.321285>,  <24.647886, 35.073921, 35.383533>, 0.130000
	pigment { color rgbt <1,0,0,0> }
	no_shadow
}

// nucleotide -1

// particle -1
sphere {
	<25.257675, 34.549816, 35.321285> 0.250000
	pigment { color rgbt <1,0,0,0> }
	no_shadow
}
cylinder {
	<25.130600, 34.761658, 35.006683>,  <25.054354, 34.888763, 34.817921>, 0.100000
	pigment { color rgbt <1,0,0,0> }
	no_shadow
}
cylinder {
	<25.130600, 34.761658, 35.006683>,  <25.257675, 34.549816, 35.321285>, 0.100000
	pigment { color rgbt <1,0,0,0> }
	no_shadow
}

// particle -1
sphere {
	<25.130600, 34.761658, 35.006683> 0.100000
	pigment { color rgbt <1,0,0,0> }
	no_shadow
}
sphere {
	0, 1
	scale<0.080000,0.200000,0.300000>
	matrix <0.941419, 0.275160, -0.194980,
		0.113153, -0.802374, -0.585996,
		-0.317690, 0.529606, -0.786506,
		25.035294, 34.920540, 34.770733>
	pigment { color rgbt <0,1,1,0> }
	no_shadow
}
cylinder {
	<25.938086, 34.798195, 35.106335>,  <25.257675, 34.549816, 35.321285>, 0.130000
	pigment { color rgbt <1,0,0,0> }
	no_shadow
}

// nucleotide -1

// particle -1
sphere {
	<25.938086, 34.798195, 35.106335> 0.250000
	pigment { color rgbt <1,0,0,0> }
	no_shadow
}
cylinder {
	<26.110914, 34.900303, 35.452316>,  <26.214611, 34.961567, 35.659904>, 0.100000
	pigment { color rgbt <1,0,0,0> }
	no_shadow
}
cylinder {
	<26.110914, 34.900303, 35.452316>,  <25.938086, 34.798195, 35.106335>, 0.100000
	pigment { color rgbt <1,0,0,0> }
	no_shadow
}

// particle -1
sphere {
	<26.110914, 34.900303, 35.452316> 0.100000
	pigment { color rgbt <1,0,0,0> }
	no_shadow
}
sphere {
	0, 1
	scale<0.080000,0.200000,0.300000>
	matrix <0.787288, -0.574574, -0.223703,
		0.439876, 0.777626, -0.449229,
		0.432072, 0.255271, 0.864957,
		26.240536, 34.976883, 35.711803>
	pigment { color rgbt <0,1,1,0> }
	no_shadow
}
cylinder {
	<26.642344, 35.057777, 34.995861>,  <25.938086, 34.798195, 35.106335>, 0.130000
	pigment { color rgbt <1,0,0,0> }
	no_shadow
}

// nucleotide -1

// particle -1
sphere {
	<26.642344, 35.057777, 34.995861> 0.250000
	pigment { color rgbt <1,0,0,0> }
	no_shadow
}
cylinder {
	<26.618473, 34.866547, 35.346378>,  <26.604151, 34.751808, 35.556686>, 0.100000
	pigment { color rgbt <1,0,0,0> }
	no_shadow
}
cylinder {
	<26.618473, 34.866547, 35.346378>,  <26.642344, 35.057777, 34.995861>, 0.100000
	pigment { color rgbt <1,0,0,0> }
	no_shadow
}

// particle -1
sphere {
	<26.618473, 34.866547, 35.346378> 0.100000
	pigment { color rgbt <1,0,0,0> }
	no_shadow
}
sphere {
	0, 1
	scale<0.080000,0.200000,0.300000>
	matrix <0.822122, -0.521445, -0.228494,
		0.566174, 0.706782, 0.424153,
		-0.059678, -0.478073, 0.876290,
		26.600571, 34.723125, 35.609264>
	pigment { color rgbt <0,1,1,0> }
	no_shadow
}
cylinder {
	<27.302551, 34.974842, 35.159462>,  <26.642344, 35.057777, 34.995861>, 0.130000
	pigment { color rgbt <1,0,0,0> }
	no_shadow
}

// nucleotide -1

// particle -1
sphere {
	<27.302551, 34.974842, 35.159462> 0.250000
	pigment { color rgbt <1,0,0,0> }
	no_shadow
}
cylinder {
	<27.073589, 34.724892, 35.371834>,  <26.936213, 34.574921, 35.499256>, 0.100000
	pigment { color rgbt <1,0,0,0> }
	no_shadow
}
cylinder {
	<27.073589, 34.724892, 35.371834>,  <27.302551, 34.974842, 35.159462>, 0.100000
	pigment { color rgbt <1,0,0,0> }
	no_shadow
}

// particle -1
sphere {
	<27.073589, 34.724892, 35.371834> 0.100000
	pigment { color rgbt <1,0,0,0> }
	no_shadow
}
sphere {
	0, 1
	scale<0.080000,0.200000,0.300000>
	matrix <0.627467, -0.750633, -0.206967,
		0.527864, 0.214675, 0.821751,
		-0.572403, -0.624871, 0.530933,
		26.901869, 34.537430, 35.531113>
	pigment { color rgbt <0,1,1,0> }
	no_shadow
}
cylinder {
	<27.884912, 34.612514, 34.842316>,  <27.302551, 34.974842, 35.159462>, 0.130000
	pigment { color rgbt <1,0,0,0> }
	no_shadow
}

// nucleotide -1

// particle -1
sphere {
	<27.884912, 34.612514, 34.842316> 0.250000
	pigment { color rgbt <1,0,0,0> }
	no_shadow
}
cylinder {
	<27.987936, 34.989052, 34.929531>,  <28.049749, 35.214973, 34.981861>, 0.100000
	pigment { color rgbt <1,0,0,0> }
	no_shadow
}
cylinder {
	<27.987936, 34.989052, 34.929531>,  <27.884912, 34.612514, 34.842316>, 0.100000
	pigment { color rgbt <1,0,0,0> }
	no_shadow
}

// particle -1
sphere {
	<27.987936, 34.989052, 34.929531> 0.100000
	pigment { color rgbt <1,0,0,0> }
	no_shadow
}
sphere {
	0, 1
	scale<0.080000,0.200000,0.300000>
	matrix <-0.858566, 0.326473, -0.395322,
		-0.443316, -0.085379, 0.892290,
		0.257557, 0.941343, 0.218034,
		28.065203, 35.271454, 34.994942>
	pigment { color rgbt <0,1,1,0> }
	no_shadow
}
cylinder {
	<28.063801, 34.062229, 35.168552>,  <27.884912, 34.612514, 34.842316>, 0.130000
	pigment { color rgbt <1,0,0,0> }
	no_shadow
}

// nucleotide -1

// particle -1
sphere {
	<28.063801, 34.062229, 35.168552> 0.250000
	pigment { color rgbt <1,0,0,0> }
	no_shadow
}
cylinder {
	<28.421648, 33.903713, 35.251122>,  <28.636356, 33.808605, 35.300663>, 0.100000
	pigment { color rgbt <1,0,0,0> }
	no_shadow
}
cylinder {
	<28.421648, 33.903713, 35.251122>,  <28.063801, 34.062229, 35.168552>, 0.100000
	pigment { color rgbt <1,0,0,0> }
	no_shadow
}

// particle -1
sphere {
	<28.421648, 33.903713, 35.251122> 0.100000
	pigment { color rgbt <1,0,0,0> }
	no_shadow
}
sphere {
	0, 1
	scale<0.080000,0.200000,0.300000>
	matrix <0.364491, 0.380011, -0.850140,
		0.258459, 0.835791, 0.484410,
		0.894620, -0.396289, 0.206420,
		28.690035, 33.784828, 35.313049>
	pigment { color rgbt <0,1,1,0> }
	no_shadow
}
cylinder {
	<28.564854, 34.562088, 35.205883>,  <28.063801, 34.062229, 35.168552>, 0.130000
	pigment { color rgbt <1,0,0,0> }
	no_shadow
}

// nucleotide -1

// particle -1
sphere {
	<28.564854, 34.562088, 35.205883> 0.250000
	pigment { color rgbt <1,0,0,0> }
	no_shadow
}
cylinder {
	<28.787664, 34.243378, 35.112183>,  <28.921350, 34.052151, 35.055962>, 0.100000
	pigment { color rgbt <1,0,0,0> }
	no_shadow
}
cylinder {
	<28.787664, 34.243378, 35.112183>,  <28.564854, 34.562088, 35.205883>, 0.100000
	pigment { color rgbt <1,0,0,0> }
	no_shadow
}

// particle -1
sphere {
	<28.787664, 34.243378, 35.112183> 0.100000
	pigment { color rgbt <1,0,0,0> }
	no_shadow
}
sphere {
	0, 1
	scale<0.080000,0.200000,0.300000>
	matrix <0.328425, 0.470402, -0.819060,
		0.762796, 0.379305, 0.523707,
		0.557027, -0.796774, -0.234248,
		28.954773, 34.004345, 35.041908>
	pigment { color rgbt <0,1,1,0> }
	no_shadow
}
cylinder {
	<29.184027, 34.853683, 34.911472>,  <28.564854, 34.562088, 35.205883>, 0.130000
	pigment { color rgbt <1,0,0,0> }
	no_shadow
}

// nucleotide -1

// particle -1
sphere {
	<29.184027, 34.853683, 34.911472> 0.250000
	pigment { color rgbt <1,0,0,0> }
	no_shadow
}
cylinder {
	<29.166294, 34.473614, 34.788055>,  <29.155655, 34.245571, 34.714005>, 0.100000
	pigment { color rgbt <1,0,0,0> }
	no_shadow
}
cylinder {
	<29.166294, 34.473614, 34.788055>,  <29.184027, 34.853683, 34.911472>, 0.100000
	pigment { color rgbt <1,0,0,0> }
	no_shadow
}

// particle -1
sphere {
	<29.166294, 34.473614, 34.788055> 0.100000
	pigment { color rgbt <1,0,0,0> }
	no_shadow
}
sphere {
	0, 1
	scale<0.080000,0.200000,0.300000>
	matrix <0.298118, 0.282189, -0.911864,
		0.953499, -0.132407, 0.270755,
		-0.044334, -0.950178, -0.308539,
		29.152994, 34.188560, 34.695492>
	pigment { color rgbt <0,1,1,0> }
	no_shadow
}
cylinder {
	<29.799892, 34.794518, 34.610748>,  <29.184027, 34.853683, 34.911472>, 0.130000
	pigment { color rgbt <1,0,0,0> }
	no_shadow
}

// nucleotide -1

// particle -1
sphere {
	<29.799892, 34.794518, 34.610748> 0.250000
	pigment { color rgbt <1,0,0,0> }
	no_shadow
}
cylinder {
	<29.573147, 34.494175, 34.475170>,  <29.437099, 34.313969, 34.393826>, 0.100000
	pigment { color rgbt <1,0,0,0> }
	no_shadow
}
cylinder {
	<29.573147, 34.494175, 34.475170>,  <29.799892, 34.794518, 34.610748>, 0.100000
	pigment { color rgbt <1,0,0,0> }
	no_shadow
}

// particle -1
sphere {
	<29.573147, 34.494175, 34.475170> 0.100000
	pigment { color rgbt <1,0,0,0> }
	no_shadow
}
sphere {
	0, 1
	scale<0.080000,0.200000,0.300000>
	matrix <0.326081, 0.173325, -0.929317,
		0.756528, -0.637320, 0.146587,
		-0.566865, -0.750854, -0.338944,
		29.403088, 34.268917, 34.373486>
	pigment { color rgbt <0,1,1,0> }
	no_shadow
}
cylinder {
	<30.245356, 34.436886, 34.161228>,  <29.799892, 34.794518, 34.610748>, 0.130000
	pigment { color rgbt <1,0,0,0> }
	no_shadow
}

// nucleotide -1

// particle -1
sphere {
	<30.245356, 34.436886, 34.161228> 0.250000
	pigment { color rgbt <1,0,0,0> }
	no_shadow
}
cylinder {
	<29.873032, 34.359398, 34.037251>,  <29.649637, 34.312904, 33.962864>, 0.100000
	pigment { color rgbt <1,0,0,0> }
	no_shadow
}
cylinder {
	<29.873032, 34.359398, 34.037251>,  <30.245356, 34.436886, 34.161228>, 0.100000
	pigment { color rgbt <1,0,0,0> }
	no_shadow
}

// particle -1
sphere {
	<29.873032, 34.359398, 34.037251> 0.100000
	pigment { color rgbt <1,0,0,0> }
	no_shadow
}
sphere {
	0, 1
	scale<0.080000,0.200000,0.300000>
	matrix <0.274522, 0.189325, -0.942759,
		0.241317, -0.962614, -0.123044,
		-0.930808, -0.193725, -0.309946,
		29.593788, 34.301281, 33.944267>
	pigment { color rgbt <0,1,1,0> }
	no_shadow
}
cylinder {
	<29.755886, 34.663696, 33.657932>,  <30.245356, 34.436886, 34.161228>, 0.130000
	pigment { color rgbt <1,0,0,0> }
	no_shadow
}

// nucleotide -1

// particle -1
sphere {
	<29.755886, 34.663696, 33.657932> 0.250000
	pigment { color rgbt <1,0,0,0> }
	no_shadow
}
cylinder {
	<29.992073, 34.725330, 33.341045>,  <30.133785, 34.762310, 33.150913>, 0.100000
	pigment { color rgbt <1,0,0,0> }
	no_shadow
}
cylinder {
	<29.992073, 34.725330, 33.341045>,  <29.755886, 34.663696, 33.657932>, 0.100000
	pigment { color rgbt <1,0,0,0> }
	no_shadow
}

// particle -1
sphere {
	<29.992073, 34.725330, 33.341045> 0.100000
	pigment { color rgbt <1,0,0,0> }
	no_shadow
}
sphere {
	0, 1
	scale<0.080000,0.200000,0.300000>
	matrix <0.351274, -0.932816, 0.080382,
		-0.726604, -0.325747, -0.604926,
		0.590469, 0.154089, -0.792214,
		30.169214, 34.771557, 33.103382>
	pigment { color rgbt <0,1,1,0> }
	no_shadow
}
cylinder {
	<29.120785, 34.998589, 33.196583>,  <29.755886, 34.663696, 33.657932>, 0.130000
	pigment { color rgbt <1,0,0,0> }
	no_shadow
}

// nucleotide -1

// particle -1
sphere {
	<29.120785, 34.998589, 33.196583> 0.250000
	pigment { color rgbt <1,0,0,0> }
	no_shadow
}
cylinder {
	<29.049425, 34.610249, 33.132545>,  <29.006609, 34.377247, 33.094124>, 0.100000
	pigment { color rgbt <1,0,0,0> }
	no_shadow
}
cylinder {
	<29.049425, 34.610249, 33.132545>,  <29.120785, 34.998589, 33.196583>, 0.100000
	pigment { color rgbt <1,0,0,0> }
	no_shadow
}

// particle -1
sphere {
	<29.049425, 34.610249, 33.132545> 0.100000
	pigment { color rgbt <1,0,0,0> }
	no_shadow
}
sphere {
	0, 1
	scale<0.080000,0.200000,0.300000>
	matrix <0.380919, -0.218157, 0.898503,
		-0.907234, 0.099312, 0.408734,
		-0.178400, -0.970847, -0.160089,
		28.995905, 34.318993, 33.084518>
	pigment { color rgbt <0,1,1,0> }
	no_shadow
}
cylinder {
	<28.725243, 34.671162, 33.788097>,  <29.120785, 34.998589, 33.196583>, 0.130000
	pigment { color rgbt <1,0,0,0> }
	no_shadow
}

// nucleotide -1

// particle -1
sphere {
	<28.725243, 34.671162, 33.788097> 0.250000
	pigment { color rgbt <1,0,0,0> }
	no_shadow
}
cylinder {
	<28.947351, 34.401321, 33.593536>,  <29.080618, 34.239418, 33.476799>, 0.100000
	pigment { color rgbt <1,0,0,0> }
	no_shadow
}
cylinder {
	<28.947351, 34.401321, 33.593536>,  <28.725243, 34.671162, 33.788097>, 0.100000
	pigment { color rgbt <1,0,0,0> }
	no_shadow
}

// particle -1
sphere {
	<28.947351, 34.401321, 33.593536> 0.100000
	pigment { color rgbt <1,0,0,0> }
	no_shadow
}
sphere {
	0, 1
	scale<0.080000,0.200000,0.300000>
	matrix <0.370794, -0.322700, 0.870848,
		-0.744435, -0.663915, 0.070950,
		0.555273, -0.674598, -0.486404,
		29.113934, 34.198944, 33.447617>
	pigment { color rgbt <0,1,1,0> }
	no_shadow
}
cylinder {
	<28.400232, 34.051823, 33.906960>,  <28.725243, 34.671162, 33.788097>, 0.130000
	pigment { color rgbt <1,0,0,0> }
	no_shadow
}

// nucleotide -1

// particle -1
sphere {
	<28.400232, 34.051823, 33.906960> 0.250000
	pigment { color rgbt <1,0,0,0> }
	no_shadow
}
cylinder {
	<28.792383, 34.001537, 33.846222>,  <29.027674, 33.971367, 33.809780>, 0.100000
	pigment { color rgbt <1,0,0,0> }
	no_shadow
}
cylinder {
	<28.792383, 34.001537, 33.846222>,  <28.400232, 34.051823, 33.906960>, 0.100000
	pigment { color rgbt <1,0,0,0> }
	no_shadow
}

// particle -1
sphere {
	<28.792383, 34.001537, 33.846222> 0.100000
	pigment { color rgbt <1,0,0,0> }
	no_shadow
}
sphere {
	0, 1
	scale<0.080000,0.200000,0.300000>
	matrix <0.062695, -0.531451, 0.844766,
		-0.186893, -0.837709, -0.513141,
		0.980378, -0.125710, -0.151844,
		29.086496, 33.963825, 33.800667>
	pigment { color rgbt <0,1,1,0> }
	no_shadow
}
cylinder {
	<28.583714, 33.353294, 33.911800>,  <28.400232, 34.051823, 33.906960>, 0.130000
	pigment { color rgbt <1,0,0,0> }
	no_shadow
}

// nucleotide -1

// particle -1
sphere {
	<28.583714, 33.353294, 33.911800> 0.250000
	pigment { color rgbt <1,0,0,0> }
	no_shadow
}
cylinder {
	<28.857016, 33.612209, 34.046963>,  <29.020998, 33.767559, 34.128059>, 0.100000
	pigment { color rgbt <1,0,0,0> }
	no_shadow
}
cylinder {
	<28.857016, 33.612209, 34.046963>,  <28.583714, 33.353294, 33.911800>, 0.100000
	pigment { color rgbt <1,0,0,0> }
	no_shadow
}

// particle -1
sphere {
	<28.857016, 33.612209, 34.046963> 0.100000
	pigment { color rgbt <1,0,0,0> }
	no_shadow
}
sphere {
	0, 1
	scale<0.080000,0.200000,0.300000>
	matrix <-0.121722, -0.355325, 0.926784,
		0.719962, -0.674361, -0.163989,
		0.683256, 0.647288, 0.337905,
		29.061993, 33.806396, 34.148335>
	pigment { color rgbt <0,1,1,0> }
	no_shadow
}
cylinder {
	<29.107023, 32.939716, 34.214417>,  <28.583714, 33.353294, 33.911800>, 0.130000
	pigment { color rgbt <1,0,0,0> }
	no_shadow
}

// nucleotide -1

// particle -1
sphere {
	<29.107023, 32.939716, 34.214417> 0.250000
	pigment { color rgbt <1,0,0,0> }
	no_shadow
}
cylinder {
	<29.112783, 33.300266, 34.387539>,  <29.116240, 33.516594, 34.491413>, 0.100000
	pigment { color rgbt <1,0,0,0> }
	no_shadow
}
cylinder {
	<29.112783, 33.300266, 34.387539>,  <29.107023, 32.939716, 34.214417>, 0.100000
	pigment { color rgbt <1,0,0,0> }
	no_shadow
}

// particle -1
sphere {
	<29.112783, 33.300266, 34.387539> 0.100000
	pigment { color rgbt <1,0,0,0> }
	no_shadow
}
sphere {
	0, 1
	scale<0.080000,0.200000,0.300000>
	matrix <-0.138323, -0.426894, 0.893660,
		0.990282, -0.072734, 0.118534,
		0.014398, 0.901372, 0.432806,
		29.117104, 33.570679, 34.517380>
	pigment { color rgbt <0,1,1,0> }
	no_shadow
}
cylinder {
	<29.631060, 32.937756, 34.719177>,  <29.107023, 32.939716, 34.214417>, 0.130000
	pigment { color rgbt <1,0,0,0> }
	no_shadow
}

// nucleotide -1

// particle -1
sphere {
	<29.631060, 32.937756, 34.719177> 0.250000
	pigment { color rgbt <1,0,0,0> }
	no_shadow
}
cylinder {
	<29.402433, 33.250332, 34.819309>,  <29.265257, 33.437878, 34.879387>, 0.100000
	pigment { color rgbt <1,0,0,0> }
	no_shadow
}
cylinder {
	<29.402433, 33.250332, 34.819309>,  <29.631060, 32.937756, 34.719177>, 0.100000
	pigment { color rgbt <1,0,0,0> }
	no_shadow
}

// particle -1
sphere {
	<29.402433, 33.250332, 34.819309> 0.100000
	pigment { color rgbt <1,0,0,0> }
	no_shadow
}
sphere {
	0, 1
	scale<0.080000,0.200000,0.300000>
	matrix <-0.157862, -0.404095, 0.900992,
		0.805228, 0.475459, 0.354327,
		-0.571567, 0.781439, 0.250332,
		29.230963, 33.484764, 34.894409>
	pigment { color rgbt <0,1,1,0> }
	no_shadow
}
cylinder {
	<29.786747, 33.122818, 35.337959>,  <29.631060, 32.937756, 34.719177>, 0.130000
	pigment { color rgbt <1,0,0,0> }
	no_shadow
}

// nucleotide -1

// particle -1
sphere {
	<29.786747, 33.122818, 35.337959> 0.250000
	pigment { color rgbt <1,0,0,0> }
	no_shadow
}
cylinder {
	<29.425646, 33.290817, 35.300785>,  <29.208984, 33.391617, 35.278481>, 0.100000
	pigment { color rgbt <1,0,0,0> }
	no_shadow
}
cylinder {
	<29.425646, 33.290817, 35.300785>,  <29.786747, 33.122818, 35.337959>, 0.100000
	pigment { color rgbt <1,0,0,0> }
	no_shadow
}

// particle -1
sphere {
	<29.425646, 33.290817, 35.300785> 0.100000
	pigment { color rgbt <1,0,0,0> }
	no_shadow
}
sphere {
	0, 1
	scale<0.080000,0.200000,0.300000>
	matrix <-0.257345, -0.354201, 0.899063,
		0.344687, 0.835549, 0.427841,
		-0.902754, 0.419999, -0.092936,
		29.154819, 33.416817, 35.272903>
	pigment { color rgbt <0,1,1,0> }
	no_shadow
}
cylinder {
	<30.507143, 33.048477, 35.230976>,  <29.786747, 33.122818, 35.337959>, 0.130000
	pigment { color rgbt <1,0,0,0> }
	no_shadow
}

// nucleotide -1

// particle -1
sphere {
	<30.507143, 33.048477, 35.230976> 0.250000
	pigment { color rgbt <1,0,0,0> }
	no_shadow
}
cylinder {
	<30.691133, 32.694901, 35.264614>,  <30.801527, 32.482754, 35.284798>, 0.100000
	pigment { color rgbt <1,0,0,0> }
	no_shadow
}
cylinder {
	<30.691133, 32.694901, 35.264614>,  <30.507143, 33.048477, 35.230976>, 0.100000
	pigment { color rgbt <1,0,0,0> }
	no_shadow
}

// particle -1
sphere {
	<30.691133, 32.694901, 35.264614> 0.100000
	pigment { color rgbt <1,0,0,0> }
	no_shadow
}
sphere {
	0, 1
	scale<0.080000,0.200000,0.300000>
	matrix <0.886668, 0.452203, -0.096604,
		0.047365, 0.118997, 0.991764,
		0.459974, -0.883942, 0.084092,
		30.829126, 32.429718, 35.289841>
	pigment { color rgbt <0,1,1,0> }
	no_shadow
}
cylinder {
	<30.991953, 33.003113, 35.758385>,  <30.507143, 33.048477, 35.230976>, 0.130000
	pigment { color rgbt <1,0,0,0> }
	no_shadow
}

// nucleotide -1

// particle -1
sphere {
	<30.991953, 33.003113, 35.758385> 0.250000
	pigment { color rgbt <1,0,0,0> }
	no_shadow
}
cylinder {
	<31.084856, 32.768829, 35.447773>,  <31.140598, 32.628258, 35.261406>, 0.100000
	pigment { color rgbt <1,0,0,0> }
	no_shadow
}
cylinder {
	<31.084856, 32.768829, 35.447773>,  <30.991953, 33.003113, 35.758385>, 0.100000
	pigment { color rgbt <1,0,0,0> }
	no_shadow
}

// particle -1
sphere {
	<31.084856, 32.768829, 35.447773> 0.100000
	pigment { color rgbt <1,0,0,0> }
	no_shadow
}
sphere {
	0, 1
	scale<0.080000,0.200000,0.300000>
	matrix <0.868476, 0.484358, -0.105578,
		0.437956, -0.649876, 0.621174,
		0.232258, -0.585713, -0.776529,
		31.154533, 32.593117, 35.214813>
	pigment { color rgbt <0,1,1,0> }
	no_shadow
}
cylinder {
	<31.746214, 32.611835, 35.796211>,  <30.991953, 33.003113, 35.758385>, 0.130000
	pigment { color rgbt <1,0,0,0> }
	no_shadow
}

// nucleotide -1

// particle -1
sphere {
	<31.746214, 32.611835, 35.796211> 0.250000
	pigment { color rgbt <1,0,0,0> }
	no_shadow
}
cylinder {
	<31.609051, 32.693832, 35.429520>,  <31.526752, 32.743031, 35.209503>, 0.100000
	pigment { color rgbt <1,0,0,0> }
	no_shadow
}
cylinder {
	<31.609051, 32.693832, 35.429520>,  <31.746214, 32.611835, 35.796211>, 0.100000
	pigment { color rgbt <1,0,0,0> }
	no_shadow
}

// particle -1
sphere {
	<31.609051, 32.693832, 35.429520> 0.100000
	pigment { color rgbt <1,0,0,0> }
	no_shadow
}
sphere {
	0, 1
	scale<0.080000,0.200000,0.300000>
	matrix <0.900806, 0.348504, -0.259023,
		0.266386, -0.914616, -0.304164,
		-0.342909, 0.204993, -0.916729,
		31.506178, 32.755329, 35.154503>
	pigment { color rgbt <0,1,1,0> }
	no_shadow
}
cylinder {
	<32.271481, 32.836941, 35.474392>,  <31.746214, 32.611835, 35.796211>, 0.130000
	pigment { color rgbt <1,0,0,0> }
	no_shadow
}

// nucleotide -1

// particle -1
sphere {
	<32.271481, 32.836941, 35.474392> 0.250000
	pigment { color rgbt <1,0,0,0> }
	no_shadow
}
cylinder {
	<32.034203, 32.895966, 35.157825>,  <31.891836, 32.931381, 34.967884>, 0.100000
	pigment { color rgbt <1,0,0,0> }
	no_shadow
}
cylinder {
	<32.034203, 32.895966, 35.157825>,  <32.271481, 32.836941, 35.474392>, 0.100000
	pigment { color rgbt <1,0,0,0> }
	no_shadow
}

// particle -1
sphere {
	<32.034203, 32.895966, 35.157825> 0.100000
	pigment { color rgbt <1,0,0,0> }
	no_shadow
}
sphere {
	0, 1
	scale<0.080000,0.200000,0.300000>
	matrix <0.792160, 0.282256, -0.541123,
		0.143534, -0.947922, -0.284326,
		-0.593195, 0.147562, -0.791420,
		31.856243, 32.940235, 34.920399>
	pigment { color rgbt <0,1,1,0> }
	no_shadow
}
cylinder {
	<32.418644, 32.327385, 34.911659>,  <32.271481, 32.836941, 35.474392>, 0.130000
	pigment { color rgbt <1,0,0,0> }
	no_shadow
}

// nucleotide -1

// particle -1
sphere {
	<32.418644, 32.327385, 34.911659> 0.250000
	pigment { color rgbt <1,0,0,0> }
	no_shadow
}
cylinder {
	<32.268963, 32.682495, 34.804462>,  <32.179153, 32.895561, 34.740147>, 0.100000
	pigment { color rgbt <1,0,0,0> }
	no_shadow
}
cylinder {
	<32.268963, 32.682495, 34.804462>,  <32.418644, 32.327385, 34.911659>, 0.100000
	pigment { color rgbt <1,0,0,0> }
	no_shadow
}

// particle -1
sphere {
	<32.268963, 32.682495, 34.804462> 0.100000
	pigment { color rgbt <1,0,0,0> }
	no_shadow
}
sphere {
	0, 1
	scale<0.080000,0.200000,0.300000>
	matrix <0.756541, 0.125132, -0.641863,
		-0.536298, -0.442935, -0.718466,
		-0.374207, 0.887779, -0.267990,
		32.156700, 32.948830, 34.724064>
	pigment { color rgbt <0,1,1,0> }
	no_shadow
}
cylinder {
	<32.491322, 32.374554, 34.182037>,  <32.418644, 32.327385, 34.911659>, 0.130000
	pigment { color rgbt <1,0,0,0> }
	no_shadow
}

// nucleotide -1

// particle -1
sphere {
	<32.491322, 32.374554, 34.182037> 0.250000
	pigment { color rgbt <1,0,0,0> }
	no_shadow
}
cylinder {
	<32.485893, 32.747295, 34.327065>,  <32.482635, 32.970940, 34.414082>, 0.100000
	pigment { color rgbt <1,0,0,0> }
	no_shadow
}
cylinder {
	<32.485893, 32.747295, 34.327065>,  <32.491322, 32.374554, 34.182037>, 0.100000
	pigment { color rgbt <1,0,0,0> }
	no_shadow
}

// particle -1
sphere {
	<32.485893, 32.747295, 34.327065> 0.100000
	pigment { color rgbt <1,0,0,0> }
	no_shadow
}
sphere {
	0, 1
	scale<0.080000,0.200000,0.300000>
	matrix <0.583967, 0.301723, -0.753622,
		-0.811664, 0.201503, -0.548268,
		-0.013568, 0.931858, 0.362568,
		32.481823, 33.026852, 34.435837>
	pigment { color rgbt <0,1,1,0> }
	no_shadow
}
cylinder {
	<32.181698, 32.862492, 33.691387>,  <32.491322, 32.374554, 34.182037>, 0.130000
	pigment { color rgbt <1,0,0,0> }
	no_shadow
}

// nucleotide -1

// particle -1
sphere {
	<32.181698, 32.862492, 33.691387> 0.250000
	pigment { color rgbt <1,0,0,0> }
	no_shadow
}
cylinder {
	<32.453899, 33.045876, 33.920029>,  <32.617222, 33.155907, 34.057213>, 0.100000
	pigment { color rgbt <1,0,0,0> }
	no_shadow
}
cylinder {
	<32.453899, 33.045876, 33.920029>,  <32.181698, 32.862492, 33.691387>, 0.100000
	pigment { color rgbt <1,0,0,0> }
	no_shadow
}

// particle -1
sphere {
	<32.453899, 33.045876, 33.920029> 0.100000
	pigment { color rgbt <1,0,0,0> }
	no_shadow
}
sphere {
	0, 1
	scale<0.080000,0.200000,0.300000>
	matrix <0.480064, 0.310397, -0.820483,
		-0.553584, 0.832746, -0.008866,
		0.680502, 0.458462, 0.571602,
		32.658051, 33.183414, 34.091511>
	pigment { color rgbt <0,1,1,0> }
	no_shadow
}
cylinder {
	<32.257084, 33.568020, 33.576317>,  <32.181698, 32.862492, 33.691387>, 0.130000
	pigment { color rgbt <1,0,0,0> }
	no_shadow
}

// nucleotide -1

// particle -1
sphere {
	<32.257084, 33.568020, 33.576317> 0.250000
	pigment { color rgbt <1,0,0,0> }
	no_shadow
}
cylinder {
	<32.599586, 33.381088, 33.664349>,  <32.805088, 33.268929, 33.717167>, 0.100000
	pigment { color rgbt <1,0,0,0> }
	no_shadow
}
cylinder {
	<32.599586, 33.381088, 33.664349>,  <32.257084, 33.568020, 33.576317>, 0.100000
	pigment { color rgbt <1,0,0,0> }
	no_shadow
}

// particle -1
sphere {
	<32.599586, 33.381088, 33.664349> 0.100000
	pigment { color rgbt <1,0,0,0> }
	no_shadow
}
sphere {
	0, 1
	scale<0.080000,0.200000,0.300000>
	matrix <0.327314, 0.161260, -0.931054,
		0.399619, 0.869252, 0.291043,
		0.856254, -0.467329, 0.220075,
		32.856464, 33.240891, 33.730370>
	pigment { color rgbt <0,1,1,0> }
	no_shadow
}
cylinder {
	<32.953712, 33.788609, 33.256641>,  <32.257084, 33.568020, 33.576317>, 0.130000
	pigment { color rgbt <1,0,0,0> }
	no_shadow
}

// nucleotide -1

// particle -1
sphere {
	<32.953712, 33.788609, 33.256641> 0.250000
	pigment { color rgbt <1,0,0,0> }
	no_shadow
}
cylinder {
	<33.071449, 33.411766, 33.320881>,  <33.142094, 33.185661, 33.359425>, 0.100000
	pigment { color rgbt <1,0,0,0> }
	no_shadow
}
cylinder {
	<33.071449, 33.411766, 33.320881>,  <32.953712, 33.788609, 33.256641>, 0.100000
	pigment { color rgbt <1,0,0,0> }
	no_shadow
}

// particle -1
sphere {
	<33.071449, 33.411766, 33.320881> 0.100000
	pigment { color rgbt <1,0,0,0> }
	no_shadow
}
sphere {
	0, 1
	scale<0.080000,0.200000,0.300000>
	matrix <0.389676, -0.035135, -0.920281,
		0.872647, 0.333464, 0.356775,
		0.294346, -0.942108, 0.160603,
		33.159752, 33.129135, 33.369061>
	pigment { color rgbt <0,1,1,0> }
	no_shadow
}
cylinder {
	<33.568554, 33.699329, 32.837242>,  <32.953712, 33.788609, 33.256641>, 0.130000
	pigment { color rgbt <1,0,0,0> }
	no_shadow
}

// nucleotide -1

// particle -1
sphere {
	<33.568554, 33.699329, 32.837242> 0.250000
	pigment { color rgbt <1,0,0,0> }
	no_shadow
}
cylinder {
	<33.447193, 33.329575, 32.929722>,  <33.374374, 33.107723, 32.985210>, 0.100000
	pigment { color rgbt <1,0,0,0> }
	no_shadow
}
cylinder {
	<33.447193, 33.329575, 32.929722>,  <33.568554, 33.699329, 32.837242>, 0.100000
	pigment { color rgbt <1,0,0,0> }
	no_shadow
}

// particle -1
sphere {
	<33.447193, 33.329575, 32.929722> 0.100000
	pigment { color rgbt <1,0,0,0> }
	no_shadow
}
sphere {
	0, 1
	scale<0.080000,0.200000,0.300000>
	matrix <0.454285, -0.353613, -0.817670,
		0.837598, -0.143055, 0.527223,
		-0.303405, -0.924388, 0.231197,
		33.356171, 33.052258, 32.999081>
	pigment { color rgbt <0,1,1,0> }
	no_shadow
}
cylinder {
	<34.134319, 33.343941, 33.011463>,  <33.568554, 33.699329, 32.837242>, 0.130000
	pigment { color rgbt <1,0,0,0> }
	no_shadow
}

// nucleotide -1

// particle -1
sphere {
	<34.134319, 33.343941, 33.011463> 0.250000
	pigment { color rgbt <1,0,0,0> }
	no_shadow
}
cylinder {
	<33.824356, 33.154652, 32.843857>,  <33.638378, 33.041080, 32.743294>, 0.100000
	pigment { color rgbt <1,0,0,0> }
	no_shadow
}
cylinder {
	<33.824356, 33.154652, 32.843857>,  <34.134319, 33.343941, 33.011463>, 0.100000
	pigment { color rgbt <1,0,0,0> }
	no_shadow
}

// particle -1
sphere {
	<33.824356, 33.154652, 32.843857> 0.100000
	pigment { color rgbt <1,0,0,0> }
	no_shadow
}
sphere {
	0, 1
	scale<0.080000,0.200000,0.300000>
	matrix <0.548532, -0.174108, -0.817801,
		0.314047, -0.863567, 0.394495,
		-0.774911, -0.473221, -0.419016,
		33.591881, 33.012684, 32.718151>
	pigment { color rgbt <0,1,1,0> }
	no_shadow
}
cylinder {
	<34.398220, 32.743382, 32.718731>,  <34.134319, 33.343941, 33.011463>, 0.130000
	pigment { color rgbt <1,0,0,0> }
	no_shadow
}

// nucleotide -1

// particle -1
sphere {
	<34.398220, 32.743382, 32.718731> 0.250000
	pigment { color rgbt <1,0,0,0> }
	no_shadow
}
cylinder {
	<34.071758, 32.886959, 32.537601>,  <33.875881, 32.973106, 32.428925>, 0.100000
	pigment { color rgbt <1,0,0,0> }
	no_shadow
}
cylinder {
	<34.071758, 32.886959, 32.537601>,  <34.398220, 32.743382, 32.718731>, 0.100000
	pigment { color rgbt <1,0,0,0> }
	no_shadow
}

// particle -1
sphere {
	<34.071758, 32.886959, 32.537601> 0.100000
	pigment { color rgbt <1,0,0,0> }
	no_shadow
}
sphere {
	0, 1
	scale<0.080000,0.200000,0.300000>
	matrix <0.352401, -0.311851, -0.882362,
		-0.457933, -0.879719, 0.128027,
		-0.816156, 0.358946, -0.452821,
		33.826912, 32.994644, 32.401756>
	pigment { color rgbt <0,1,1,0> }
	no_shadow
}
cylinder {
	<34.207275, 32.222023, 32.145111>,  <34.398220, 32.743382, 32.718731>, 0.130000
	pigment { color rgbt <1,0,0,0> }
	no_shadow
}

// nucleotide -1

// particle -1
sphere {
	<34.207275, 32.222023, 32.145111> 0.250000
	pigment { color rgbt <1,0,0,0> }
	no_shadow
}
cylinder {
	<34.020313, 32.565723, 32.061954>,  <33.908134, 32.771942, 32.012062>, 0.100000
	pigment { color rgbt <1,0,0,0> }
	no_shadow
}
cylinder {
	<34.020313, 32.565723, 32.061954>,  <34.207275, 32.222023, 32.145111>, 0.100000
	pigment { color rgbt <1,0,0,0> }
	no_shadow
}

// particle -1
sphere {
	<34.020313, 32.565723, 32.061954> 0.100000
	pigment { color rgbt <1,0,0,0> }
	no_shadow
}
sphere {
	0, 1
	scale<0.080000,0.200000,0.300000>
	matrix <0.180527, -0.137434, -0.973921,
		-0.865413, -0.492748, -0.090880,
		-0.467408, 0.859250, -0.207892,
		33.880093, 32.823498, 31.999586>
	pigment { color rgbt <0,1,1,0> }
	no_shadow
}
cylinder {
	<33.554337, 32.121552, 31.882395>,  <34.207275, 32.222023, 32.145111>, 0.130000
	pigment { color rgbt <1,0,0,0> }
	no_shadow
}

// nucleotide -1

// particle -1
sphere {
	<33.554337, 32.121552, 31.882395> 0.250000
	pigment { color rgbt <1,0,0,0> }
	no_shadow
}
cylinder {
	<33.679226, 32.461292, 31.712166>,  <33.754162, 32.665138, 31.610029>, 0.100000
	pigment { color rgbt <1,0,0,0> }
	no_shadow
}
cylinder {
	<33.679226, 32.461292, 31.712166>,  <33.554337, 32.121552, 31.882395>, 0.100000
	pigment { color rgbt <1,0,0,0> }
	no_shadow
}

// particle -1
sphere {
	<33.679226, 32.461292, 31.712166> 0.100000
	pigment { color rgbt <1,0,0,0> }
	no_shadow
}
sphere {
	0, 1
	scale<0.080000,0.200000,0.300000>
	matrix <-0.314219, -0.330424, -0.889992,
		-0.896538, 0.411603, 0.163715,
		0.312228, 0.849354, -0.425571,
		33.772896, 32.716099, 31.584494>
	pigment { color rgbt <0,1,1,0> }
	no_shadow
}
cylinder {
	<33.026482, 31.542807, 32.118771>,  <33.554337, 32.121552, 31.882395>, 0.130000
	pigment { color rgbt <1,0,0,0> }
	no_shadow
}

// nucleotide -1

// particle -1
sphere {
	<33.026482, 31.542807, 32.118771> 0.250000
	pigment { color rgbt <1,0,0,0> }
	no_shadow
}
cylinder {
	<32.841702, 31.198835, 32.031940>,  <32.730831, 30.992453, 31.979841>, 0.100000
	pigment { color rgbt <1,0,0,0> }
	no_shadow
}
cylinder {
	<32.841702, 31.198835, 32.031940>,  <33.026482, 31.542807, 32.118771>, 0.100000
	pigment { color rgbt <1,0,0,0> }
	no_shadow
}

// particle -1
sphere {
	<32.841702, 31.198835, 32.031940> 0.100000
	pigment { color rgbt <1,0,0,0> }
	no_shadow
}
sphere {
	0, 1
	scale<0.080000,0.200000,0.300000>
	matrix <-0.775911, 0.273290, 0.568573,
		-0.429608, 0.431086, -0.793475,
		-0.461953, -0.859929, -0.217076,
		32.703117, 30.940857, 31.966818>
	pigment { color rgbt <0,1,1,0> }
	no_shadow
}
cylinder {
	<32.393097, 31.802164, 31.966045>,  <33.026482, 31.542807, 32.118771>, 0.130000
	pigment { color rgbt <1,0,0,0> }
	no_shadow
}

// nucleotide -1

// particle -1
sphere {
	<32.393097, 31.802164, 31.966045> 0.250000
	pigment { color rgbt <1,0,0,0> }
	no_shadow
}
cylinder {
	<32.376038, 31.413719, 32.059959>,  <32.365803, 31.180653, 32.116310>, 0.100000
	pigment { color rgbt <1,0,0,0> }
	no_shadow
}
cylinder {
	<32.376038, 31.413719, 32.059959>,  <32.393097, 31.802164, 31.966045>, 0.100000
	pigment { color rgbt <1,0,0,0> }
	no_shadow
}

// particle -1
sphere {
	<32.376038, 31.413719, 32.059959> 0.100000
	pigment { color rgbt <1,0,0,0> }
	no_shadow
}
sphere {
	0, 1
	scale<0.080000,0.200000,0.300000>
	matrix <-0.907481, 0.135956, 0.397485,
		-0.417923, -0.196112, -0.887063,
		-0.042650, -0.971111, 0.234787,
		32.363243, 31.122387, 32.130394>
	pigment { color rgbt <0,1,1,0> }
	no_shadow
}
cylinder {
	<31.799042, 31.524464, 31.622902>,  <32.393097, 31.802164, 31.966045>, 0.130000
	pigment { color rgbt <1,0,0,0> }
	no_shadow
}

// nucleotide -1

// particle -1
sphere {
	<31.799042, 31.524464, 31.622902> 0.250000
	pigment { color rgbt <1,0,0,0> }
	no_shadow
}
cylinder {
	<31.883217, 31.303478, 31.945517>,  <31.933722, 31.170887, 32.139084>, 0.100000
	pigment { color rgbt <1,0,0,0> }
	no_shadow
}
cylinder {
	<31.883217, 31.303478, 31.945517>,  <31.799042, 31.524464, 31.622902>, 0.100000
	pigment { color rgbt <1,0,0,0> }
	no_shadow
}

// particle -1
sphere {
	<31.883217, 31.303478, 31.945517> 0.100000
	pigment { color rgbt <1,0,0,0> }
	no_shadow
}
sphere {
	0, 1
	scale<0.080000,0.200000,0.300000>
	matrix <-0.893337, 0.226418, 0.388180,
		-0.397069, -0.802197, -0.445887,
		0.210440, -0.552462, 0.806536,
		31.946348, 31.137739, 32.187477>
	pigment { color rgbt <0,1,1,0> }
	no_shadow
}
cylinder {
	<31.258783, 31.099218, 31.663525>,  <31.799042, 31.524464, 31.622902>, 0.130000
	pigment { color rgbt <1,0,0,0> }
	no_shadow
}

// nucleotide -1

// particle -1
sphere {
	<31.258783, 31.099218, 31.663525> 0.250000
	pigment { color rgbt <1,0,0,0> }
	no_shadow
}
cylinder {
	<31.444632, 31.150816, 32.013950>,  <31.556141, 31.181774, 32.224205>, 0.100000
	pigment { color rgbt <1,0,0,0> }
	no_shadow
}
cylinder {
	<31.444632, 31.150816, 32.013950>,  <31.258783, 31.099218, 31.663525>, 0.100000
	pigment { color rgbt <1,0,0,0> }
	no_shadow
}

// particle -1
sphere {
	<31.444632, 31.150816, 32.013950> 0.100000
	pigment { color rgbt <1,0,0,0> }
	no_shadow
}
sphere {
	0, 1
	scale<0.080000,0.200000,0.300000>
	matrix <-0.836356, 0.388961, 0.386288,
		-0.290926, -0.912179, 0.288603,
		0.464619, 0.128994, 0.876065,
		31.584017, 31.189514, 32.276772>
	pigment { color rgbt <0,1,1,0> }
	no_shadow
}
cylinder {
	<30.814436, 30.764791, 32.115330>,  <31.258783, 31.099218, 31.663525>, 0.130000
	pigment { color rgbt <1,0,0,0> }
	no_shadow
}

// nucleotide -1

// particle -1
sphere {
	<30.814436, 30.764791, 32.115330> 0.250000
	pigment { color rgbt <1,0,0,0> }
	no_shadow
}
cylinder {
	<31.044434, 31.000843, 32.342003>,  <31.182432, 31.142473, 32.478008>, 0.100000
	pigment { color rgbt <1,0,0,0> }
	no_shadow
}
cylinder {
	<31.044434, 31.000843, 32.342003>,  <30.814436, 30.764791, 32.115330>, 0.100000
	pigment { color rgbt <1,0,0,0> }
	no_shadow
}

// particle -1
sphere {
	<31.044434, 31.000843, 32.342003> 0.100000
	pigment { color rgbt <1,0,0,0> }
	no_shadow
}
sphere {
	0, 1
	scale<0.080000,0.200000,0.300000>
	matrix <-0.799833, 0.551218, 0.237541,
		-0.172188, -0.589839, 0.788949,
		0.574994, 0.590126, 0.566686,
		31.216932, 31.177881, 32.512009>
	pigment { color rgbt <0,1,1,0> }
	no_shadow
}
cylinder {
	<30.441103, 30.804041, 32.709496>,  <30.814436, 30.764791, 32.115330>, 0.130000
	pigment { color rgbt <1,0,0,0> }
	no_shadow
}

// nucleotide -1

// particle -1
sphere {
	<30.441103, 30.804041, 32.709496> 0.250000
	pigment { color rgbt <1,0,0,0> }
	no_shadow
}
cylinder {
	<30.686390, 31.112589, 32.641430>,  <30.833561, 31.297718, 32.600590>, 0.100000
	pigment { color rgbt <1,0,0,0> }
	no_shadow
}
cylinder {
	<30.686390, 31.112589, 32.641430>,  <30.441103, 30.804041, 32.709496>, 0.100000
	pigment { color rgbt <1,0,0,0> }
	no_shadow
}

// particle -1
sphere {
	<30.686390, 31.112589, 32.641430> 0.100000
	pigment { color rgbt <1,0,0,0> }
	no_shadow
}
sphere {
	0, 1
	scale<0.080000,0.200000,0.300000>
	matrix <-0.724502, 0.635064, 0.267939,
		0.314744, -0.041021, 0.948290,
		0.613216, 0.771370, -0.170163,
		30.870354, 31.344000, 32.590382>
	pigment { color rgbt <0,1,1,0> }
	no_shadow
}
cylinder {
	<30.359056, 31.658808, 32.640923>,  <30.441103, 30.804041, 32.709496>, 0.130000
	pigment { color rgbt <1,0,0,0> }
	no_shadow
}

// nucleotide -1

// particle -1
sphere {
	<30.359056, 31.658808, 32.640923> 0.250000
	pigment { color rgbt <1,0,0,0> }
	no_shadow
}
cylinder {
	<30.485487, 31.807417, 32.990108>,  <30.561346, 31.896582, 33.199619>, 0.100000
	pigment { color rgbt <1,0,0,0> }
	no_shadow
}
cylinder {
	<30.485487, 31.807417, 32.990108>,  <30.359056, 31.658808, 32.640923>, 0.100000
	pigment { color rgbt <1,0,0,0> }
	no_shadow
}

// particle -1
sphere {
	<30.485487, 31.807417, 32.990108> 0.100000
	pigment { color rgbt <1,0,0,0> }
	no_shadow
}
sphere {
	0, 1
	scale<0.080000,0.200000,0.300000>
	matrix <0.873868, -0.472266, -0.115412,
		0.369393, 0.799334, -0.473934,
		0.316076, 0.371523, 0.872964,
		30.580309, 31.918873, 33.251999>
	pigment { color rgbt <0,1,1,0> }
	no_shadow
}
cylinder {
	<30.875742, 32.260735, 32.622555>,  <30.359056, 31.658808, 32.640923>, 0.130000
	pigment { color rgbt <1,0,0,0> }
	no_shadow
}

// nucleotide -1

// particle -1
sphere {
	<30.875742, 32.260735, 32.622555> 0.250000
	pigment { color rgbt <1,0,0,0> }
	no_shadow
}
cylinder {
	<30.892252, 31.983145, 32.910080>,  <30.902157, 31.816591, 33.082596>, 0.100000
	pigment { color rgbt <1,0,0,0> }
	no_shadow
}
cylinder {
	<30.892252, 31.983145, 32.910080>,  <30.875742, 32.260735, 32.622555>, 0.100000
	pigment { color rgbt <1,0,0,0> }
	no_shadow
}

// particle -1
sphere {
	<30.892252, 31.983145, 32.910080> 0.100000
	pigment { color rgbt <1,0,0,0> }
	no_shadow
}
sphere {
	0, 1
	scale<0.080000,0.200000,0.300000>
	matrix <0.794993, -0.412969, -0.444345,
		0.605212, 0.589793, 0.534661,
		0.041273, -0.693975, 0.718816,
		30.904634, 31.774952, 33.125725>
	pigment { color rgbt <0,1,1,0> }
	no_shadow
}
cylinder {
	<31.449781, 32.331932, 32.997105>,  <30.875742, 32.260735, 32.622555>, 0.130000
	pigment { color rgbt <1,0,0,0> }
	no_shadow
}

// nucleotide -1

// particle -1
sphere {
	<31.449781, 32.331932, 32.997105> 0.250000
	pigment { color rgbt <1,0,0,0> }
	no_shadow
}
cylinder {
	<31.314032, 31.955740, 32.989868>,  <31.232582, 31.730026, 32.985527>, 0.100000
	pigment { color rgbt <1,0,0,0> }
	no_shadow
}
cylinder {
	<31.314032, 31.955740, 32.989868>,  <31.449781, 32.331932, 32.997105>, 0.100000
	pigment { color rgbt <1,0,0,0> }
	no_shadow
}

// particle -1
sphere {
	<31.314032, 31.955740, 32.989868> 0.100000
	pigment { color rgbt <1,0,0,0> }
	no_shadow
}
sphere {
	0, 1
	scale<0.080000,0.200000,0.300000>
	matrix <0.889796, -0.314730, -0.330465,
