// switches for output
#declare DRAW_BASES = 1; // possible values are 0, 1; only relevant for DNA ribbons
#declare DRAW_BASES_TYPE = 3; // possible values are 1, 2, 3; only relevant for DNA ribbons
#declare DRAW_FOG = 0; // set to 1 to enable fog

#include "colors.inc"

#include "transforms.inc"
background { rgb <1, 1, 1>}

#default {
   normal{
       ripples 0.25
       frequency 0.20
       turbulence 0.2
       lambda 5
   }
	finish {
		phong 0.1
		phong_size 40.
	}
}

// original window dimensions: 1024x640


// camera settings

camera {
	sky <0, 0.179814, -0.983701>
	up <0, 0.179814, -0.983701>
	right 1.6 * <1, 0, 0>
	location <35, 94.9851, 44.8844>
	look_at <35, 29.7336, 32.9568>
	direction <0, -65.2515, -11.9276>
	angle 67.0682
}


# declare cpy_camera_pos = <35, 94.9851, 44.8844>;
# if (DRAW_FOG = 1)
fog {
	fog_type 2
	up vnormalize(cpy_camera_pos)
	color rgbt<1,1,1,0.3>
	distance 1e-5
	fog_alt 3e-3
	fog_offset 56
}
# end


// LIGHTS

# declare lum = 6;
global_settings {
	ambient_light rgb lum * <0.05, 0.05, 0.05>
	max_trace_level 15
}# declare cpy_direct_light_amount = 0.25;
light_source
{	1000 * <-1, -1.16352, -0.803886>,
	rgb lum * cpy_direct_light_amount
	parallel
}

light_source
{	1000 * <1, 1.16352, 0.803886>,
	rgb lum * cpy_direct_light_amount
	parallel
}

// strand 0

// nucleotide -1

// particle -1
sphere {
	<24.194992, 35.403870, 34.548733> 0.250000
	pigment { color rgbt <1,0,0,0> }
	no_shadow
}
cylinder {
	<24.414557, 35.284016, 34.860863>,  <24.546295, 35.212101, 35.048141>, 0.100000
	pigment { color rgbt <1,0,0,0> }
	no_shadow
}
cylinder {
	<24.414557, 35.284016, 34.860863>,  <24.194992, 35.403870, 34.548733>, 0.100000
	pigment { color rgbt <1,0,0,0> }
	no_shadow
}

// particle -1
sphere {
	<24.414557, 35.284016, 34.860863> 0.100000
	pigment { color rgbt <1,0,0,0> }
	no_shadow
}
sphere {
	0, 1
	scale<0.080000,0.200000,0.300000>
	matrix <0.708876, -0.327812, -0.624527,
		0.442932, 0.895967, 0.032465,
		0.548913, -0.299637, 0.780328,
		24.579231, 35.194126, 35.094963>
	pigment { color rgbt <0,1,1,0> }
	no_shadow
}
cylinder {
	<24.850203, 35.612553, 34.397179>,  <24.194992, 35.403870, 34.548733>, 0.130000
	pigment { color rgbt <1,0,0,0> }
	no_shadow
}

// nucleotide -1

// particle -1
sphere {
	<24.850203, 35.612553, 34.397179> 0.250000
	pigment { color rgbt <1,0,0,0> }
	no_shadow
}
cylinder {
	<24.871250, 35.301239, 34.647461>,  <24.883879, 35.114452, 34.797630>, 0.100000
	pigment { color rgbt <1,0,0,0> }
	no_shadow
}
cylinder {
	<24.871250, 35.301239, 34.647461>,  <24.850203, 35.612553, 34.397179>, 0.100000
	pigment { color rgbt <1,0,0,0> }
	no_shadow
}

// particle -1
sphere {
	<24.871250, 35.301239, 34.647461> 0.100000
	pigment { color rgbt <1,0,0,0> }
	no_shadow
}
sphere {
	0, 1
	scale<0.080000,0.200000,0.300000>
	matrix <0.742416, -0.388558, -0.545748,
		0.667869, 0.493249, 0.557365,
		0.052621, -0.778285, 0.625702,
		24.887037, 35.067753, 34.835171>
	pigment { color rgbt <0,1,1,0> }
	no_shadow
}
cylinder {
	<25.593399, 35.567371, 34.448933>,  <24.850203, 35.612553, 34.397179>, 0.130000
	pigment { color rgbt <1,0,0,0> }
	no_shadow
}

// nucleotide -1

// particle -1
sphere {
	<25.593399, 35.567371, 34.448933> 0.250000
	pigment { color rgbt <1,0,0,0> }
	no_shadow
}
cylinder {
	<25.423838, 35.221882, 34.557957>,  <25.322102, 35.014587, 34.623371>, 0.100000
	pigment { color rgbt <1,0,0,0> }
	no_shadow
}
cylinder {
	<25.423838, 35.221882, 34.557957>,  <25.593399, 35.567371, 34.448933>, 0.100000
	pigment { color rgbt <1,0,0,0> }
	no_shadow
}

// particle -1
sphere {
	<25.423838, 35.221882, 34.557957> 0.100000
	pigment { color rgbt <1,0,0,0> }
	no_shadow
}
sphere {
	0, 1
	scale<0.080000,0.200000,0.300000>
	matrix <0.713744, -0.503831, -0.486543,
		0.557564, -0.011706, 0.830052,
		-0.423901, -0.863723, 0.272563,
		25.296667, 34.962765, 34.639725>
	pigment { color rgbt <0,1,1,0> }
	no_shadow
}
cylinder {
	<26.276020, 35.362911, 34.861118>,  <25.593399, 35.567371, 34.448933>, 0.130000
	pigment { color rgbt <1,0,0,0> }
	no_shadow
}

// nucleotide -1

// particle -1
sphere {
	<26.276020, 35.362911, 34.861118> 0.250000
	pigment { color rgbt <1,0,0,0> }
	no_shadow
}
cylinder {
	<26.051184, 35.249222, 34.550434>,  <25.916283, 35.181007, 34.364025>, 0.100000
	pigment { color rgbt <1,0,0,0> }
	no_shadow
}
cylinder {
	<26.051184, 35.249222, 34.550434>,  <26.276020, 35.362911, 34.861118>, 0.100000
	pigment { color rgbt <1,0,0,0> }
	no_shadow
}

// particle -1
sphere {
	<26.051184, 35.249222, 34.550434> 0.100000
	pigment { color rgbt <1,0,0,0> }
	no_shadow
}
sphere {
	0, 1
	scale<0.080000,0.200000,0.300000>
	matrix <-0.289441, 0.947314, -0.137187,
		0.774777, 0.147699, -0.614740,
		-0.562089, -0.284220, -0.776708,
		25.882557, 35.163956, 34.317421>
	pigment { color rgbt <0,1,1,0> }
	no_shadow
}
cylinder {
	<26.409716, 35.469505, 34.112293>,  <26.276020, 35.362911, 34.861118>, 0.130000
	pigment { color rgbt <1,0,0,0> }
	no_shadow
}

// nucleotide -1

// particle -1
sphere {
	<26.409716, 35.469505, 34.112293> 0.250000
	pigment { color rgbt <1,0,0,0> }
	no_shadow
}
cylinder {
	<26.290968, 35.620762, 33.761551>,  <26.219719, 35.711517, 33.551105>, 0.100000
	pigment { color rgbt <1,0,0,0> }
	no_shadow
}
cylinder {
	<26.290968, 35.620762, 33.761551>,  <26.409716, 35.469505, 34.112293>, 0.100000
	pigment { color rgbt <1,0,0,0> }
	no_shadow
}

// particle -1
sphere {
	<26.290968, 35.620762, 33.761551> 0.100000
	pigment { color rgbt <1,0,0,0> }
	no_shadow
}
sphere {
	0, 1
	scale<0.080000,0.200000,0.300000>
	matrix <0.730123, -0.501943, -0.463652,
		-0.615458, -0.777858, -0.127076,
		-0.296871, 0.378140, -0.876857,
		26.201906, 35.734203, 33.498493>
	pigment { color rgbt <0,1,1,0> }
	no_shadow
}
cylinder {
	<26.346661, 34.884727, 33.531204>,  <26.409716, 35.469505, 34.112293>, 0.130000
	pigment { color rgbt <1,0,0,0> }
	no_shadow
}

// nucleotide -1

// particle -1
sphere {
	<26.346661, 34.884727, 33.531204> 0.250000
	pigment { color rgbt <1,0,0,0> }
	no_shadow
}
cylinder {
	<26.443651, 35.230503, 33.355045>,  <26.501846, 35.437969, 33.249348>, 0.100000
	pigment { color rgbt <1,0,0,0> }
	no_shadow
}
cylinder {
	<26.443651, 35.230503, 33.355045>,  <26.346661, 34.884727, 33.531204>, 0.100000
	pigment { color rgbt <1,0,0,0> }
	no_shadow
}

// particle -1
sphere {
	<26.443651, 35.230503, 33.355045> 0.100000
	pigment { color rgbt <1,0,0,0> }
	no_shadow
}
sphere {
	0, 1
	scale<0.080000,0.200000,0.300000>
	matrix <0.677405, -0.475823, -0.560995,
		-0.694498, -0.162301, -0.700951,
		0.242478, 0.864437, -0.440401,
		26.516394, 35.489834, 33.222923>
	pigment { color rgbt <0,1,1,0> }
	no_shadow
}
cylinder {
	<26.277847, 34.946693, 32.834530>,  <26.346661, 34.884727, 33.531204>, 0.130000
	pigment { color rgbt <1,0,0,0> }
	no_shadow
}

// nucleotide -1

// particle -1
sphere {
	<26.277847, 34.946693, 32.834530> 0.250000
	pigment { color rgbt <1,0,0,0> }
	no_shadow
}
cylinder {
	<26.561924, 35.223404, 32.886799>,  <26.732370, 35.389431, 32.918159>, 0.100000
	pigment { color rgbt <1,0,0,0> }
	no_shadow
}
cylinder {
	<26.561924, 35.223404, 32.886799>,  <26.277847, 34.946693, 32.834530>, 0.100000
	pigment { color rgbt <1,0,0,0> }
	no_shadow
}

// particle -1
sphere {
	<26.561924, 35.223404, 32.886799> 0.100000
	pigment { color rgbt <1,0,0,0> }
	no_shadow
}
sphere {
	0, 1
	scale<0.080000,0.200000,0.300000>
	matrix <0.404114, -0.248594, -0.880280,
		-0.576472, 0.677974, -0.456105,
		0.710192, 0.691775, 0.130672,
		26.774982, 35.430935, 32.925999>
	pigment { color rgbt <0,1,1,0> }
	no_shadow
}
cylinder {
	<26.114315, 35.531113, 32.398327>,  <26.277847, 34.946693, 32.834530>, 0.130000
	pigment { color rgbt <1,0,0,0> }
	no_shadow
}

// nucleotide -1

// particle -1
sphere {
	<26.114315, 35.531113, 32.398327> 0.250000
	pigment { color rgbt <1,0,0,0> }
	no_shadow
}
cylinder {
	<26.507208, 35.473896, 32.446918>,  <26.742945, 35.439568, 32.476074>, 0.100000
	pigment { color rgbt <1,0,0,0> }
	no_shadow
}
cylinder {
	<26.507208, 35.473896, 32.446918>,  <26.114315, 35.531113, 32.398327>, 0.100000
	pigment { color rgbt <1,0,0,0> }
	no_shadow
}

// particle -1
sphere {
	<26.507208, 35.473896, 32.446918> 0.100000
	pigment { color rgbt <1,0,0,0> }
	no_shadow
}
sphere {
	0, 1
	scale<0.080000,0.200000,0.300000>
	matrix <0.064315, -0.351559, -0.933954,
		0.176298, 0.925174, -0.336114,
		0.982233, -0.143037, 0.121482,
		26.801878, 35.430984, 32.483364>
	pigment { color rgbt <0,1,1,0> }
	no_shadow
}
cylinder {
	<26.478474, 35.838055, 31.853537>,  <26.114315, 35.531113, 32.398327>, 0.130000
	pigment { color rgbt <1,0,0,0> }
	no_shadow
}

// nucleotide -1

// particle -1
sphere {
	<26.478474, 35.838055, 31.853537> 0.250000
	pigment { color rgbt <1,0,0,0> }
	no_shadow
}
cylinder {
	<26.721544, 35.535694, 31.950979>,  <26.867386, 35.354279, 32.009445>, 0.100000
	pigment { color rgbt <1,0,0,0> }
	no_shadow
}
cylinder {
	<26.721544, 35.535694, 31.950979>,  <26.478474, 35.838055, 31.853537>, 0.100000
	pigment { color rgbt <1,0,0,0> }
	no_shadow
}

// particle -1
sphere {
	<26.721544, 35.535694, 31.950979> 0.100000
	pigment { color rgbt <1,0,0,0> }
	no_shadow
}
sphere {
	0, 1
	scale<0.080000,0.200000,0.300000>
	matrix <0.113146, -0.221205, -0.968641,
		0.786084, 0.616182, -0.048894,
		0.607675, -0.755902, 0.243604,
		26.903847, 35.308922, 32.024059>
	pigment { color rgbt <0,1,1,0> }
	no_shadow
}
cylinder {
	<27.096254, 35.967670, 31.618942>,  <26.478474, 35.838055, 31.853537>, 0.130000
	pigment { color rgbt <1,0,0,0> }
	no_shadow
}

// nucleotide -1

// particle -1
sphere {
	<27.096254, 35.967670, 31.618942> 0.250000
	pigment { color rgbt <1,0,0,0> }
	no_shadow
}
cylinder {
	<27.042286, 35.572380, 31.647778>,  <27.009905, 35.335205, 31.665079>, 0.100000
	pigment { color rgbt <1,0,0,0> }
	no_shadow
}
cylinder {
	<27.042286, 35.572380, 31.647778>,  <27.096254, 35.967670, 31.618942>, 0.100000
	pigment { color rgbt <1,0,0,0> }
	no_shadow
}

// particle -1
sphere {
	<27.042286, 35.572380, 31.647778> 0.100000
	pigment { color rgbt <1,0,0,0> }
	no_shadow
}
sphere {
	0, 1
	scale<0.080000,0.200000,0.300000>
	matrix <-0.137939, -0.053311, -0.989005,
		0.981208, -0.143384, -0.129122,
		-0.134923, -0.988230, 0.072088,
		27.001808, 35.275909, 31.669403>
	pigment { color rgbt <0,1,1,0> }
	no_shadow
}
cylinder {
	<27.483757, 35.668224, 31.034853>,  <27.096254, 35.967670, 31.618942>, 0.130000
	pigment { color rgbt <1,0,0,0> }
	no_shadow
}

// nucleotide -1

// particle -1
sphere {
	<27.483757, 35.668224, 31.034853> 0.250000
	pigment { color rgbt <1,0,0,0> }
	no_shadow
}
cylinder {
	<27.222002, 35.387138, 31.146544>,  <27.064949, 35.218487, 31.213558>, 0.100000
	pigment { color rgbt <1,0,0,0> }
	no_shadow
}
cylinder {
	<27.222002, 35.387138, 31.146544>,  <27.483757, 35.668224, 31.034853>, 0.100000
	pigment { color rgbt <1,0,0,0> }
	no_shadow
}

// particle -1
sphere {
	<27.222002, 35.387138, 31.146544> 0.100000
	pigment { color rgbt <1,0,0,0> }
	no_shadow
}
sphere {
	0, 1
	scale<0.080000,0.200000,0.300000>
	matrix <-0.126779, -0.262082, -0.956682,
		0.745455, -0.661441, 0.082414,
		-0.654388, -0.702715, 0.279227,
		27.025686, 35.176323, 31.230312>
	pigment { color rgbt <0,1,1,0> }
	no_shadow
}
cylinder {
	<27.545816, 34.991241, 30.657005>,  <27.483757, 35.668224, 31.034853>, 0.130000
	pigment { color rgbt <1,0,0,0> }
	no_shadow
}

// nucleotide -1

// particle -1
sphere {
	<27.545816, 34.991241, 30.657005> 0.250000
	pigment { color rgbt <1,0,0,0> }
	no_shadow
}
cylinder {
	<27.166376, 35.021660, 30.779888>,  <26.938713, 35.039909, 30.853617>, 0.100000
	pigment { color rgbt <1,0,0,0> }
	no_shadow
}
cylinder {
	<27.166376, 35.021660, 30.779888>,  <27.545816, 34.991241, 30.657005>, 0.100000
	pigment { color rgbt <1,0,0,0> }
	no_shadow
}

// particle -1
sphere {
	<27.166376, 35.021660, 30.779888> 0.100000
	pigment { color rgbt <1,0,0,0> }
	no_shadow
}
sphere {
	0, 1
	scale<0.080000,0.200000,0.300000>
	matrix <-0.316477, -0.229540, -0.920410,
		0.000527, -0.970324, 0.241807,
		-0.948600, 0.076041, 0.307207,
		26.881796, 35.044472, 30.872049>
	pigment { color rgbt <0,1,1,0> }
	no_shadow
}
cylinder {
	<27.183285, 35.114311, 29.966549>,  <27.545816, 34.991241, 30.657005>, 0.130000
	pigment { color rgbt <1,0,0,0> }
	no_shadow
}

// nucleotide -1

// particle -1
sphere {
	<27.183285, 35.114311, 29.966549> 0.250000
	pigment { color rgbt <1,0,0,0> }
	no_shadow
}
cylinder {
	<26.893175, 34.844994, 29.909052>,  <26.719110, 34.683403, 29.874554>, 0.100000
	pigment { color rgbt <1,0,0,0> }
	no_shadow
}
cylinder {
	<26.893175, 34.844994, 29.909052>,  <27.183285, 35.114311, 29.966549>, 0.100000
	pigment { color rgbt <1,0,0,0> }
	no_shadow
}

// particle -1
sphere {
	<26.893175, 34.844994, 29.909052> 0.100000
	pigment { color rgbt <1,0,0,0> }
	no_shadow
}
sphere {
	0, 1
	scale<0.080000,0.200000,0.300000>
	matrix <-0.130927, -0.070087, 0.988912,
		-0.675899, 0.736049, -0.037319,
		-0.725272, -0.673290, -0.143741,
		26.675594, 34.643005, 29.865931>
	pigment { color rgbt <0,1,1,0> }
	no_shadow
}
cylinder {
	<26.568470, 35.380318, 30.169554>,  <27.183285, 35.114311, 29.966549>, 0.130000
	pigment { color rgbt <1,0,0,0> }
	no_shadow
}

// nucleotide -1

// particle -1
sphere {
	<26.568470, 35.380318, 30.169554> 0.250000
	pigment { color rgbt <1,0,0,0> }
	no_shadow
}
cylinder {
	<26.568359, 34.983459, 30.219584>,  <26.568293, 34.745342, 30.249601>, 0.100000
	pigment { color rgbt <1,0,0,0> }
	no_shadow
}
cylinder {
	<26.568359, 34.983459, 30.219584>,  <26.568470, 35.380318, 30.169554>, 0.100000
	pigment { color rgbt <1,0,0,0> }
	no_shadow
}

// particle -1
sphere {
	<26.568359, 34.983459, 30.219584> 0.100000
	pigment { color rgbt <1,0,0,0> }
	no_shadow
}
sphere {
	0, 1
	scale<0.080000,0.200000,0.300000>
	matrix <0.042724, 0.124946, 0.991243,
		-0.999087, 0.005619, 0.042354,
		-0.000278, -0.992148, 0.125072,
		26.568275, 34.685814, 30.257105>
	pigment { color rgbt <0,1,1,0> }
	no_shadow
}
cylinder {
	<26.025713, 35.242844, 30.621078>,  <26.568470, 35.380318, 30.169554>, 0.130000
	pigment { color rgbt <1,0,0,0> }
	no_shadow
}

// nucleotide -1

// particle -1
sphere {
	<26.025713, 35.242844, 30.621078> 0.250000
	pigment { color rgbt <1,0,0,0> }
	no_shadow
}
cylinder {
	<26.284538, 34.937973, 30.629101>,  <26.439833, 34.755051, 30.633915>, 0.100000
	pigment { color rgbt <1,0,0,0> }
	no_shadow
}
cylinder {
	<26.284538, 34.937973, 30.629101>,  <26.025713, 35.242844, 30.621078>, 0.100000
	pigment { color rgbt <1,0,0,0> }
	no_shadow
}

// particle -1
sphere {
	<26.284538, 34.937973, 30.629101> 0.100000
	pigment { color rgbt <1,0,0,0> }
	no_shadow
}
sphere {
	0, 1
	scale<0.080000,0.200000,0.300000>
	matrix <-0.093558, -0.053267, 0.994188,
		-0.756675, -0.645177, -0.105775,
		0.647062, -0.762174, 0.020055,
		26.478657, 34.709320, 30.635117>
	pigment { color rgbt <0,1,1,0> }
	no_shadow
}
cylinder {
	<25.801296, 34.694923, 31.084148>,  <26.025713, 35.242844, 30.621078>, 0.130000
	pigment { color rgbt <1,0,0,0> }
	no_shadow
}

// nucleotide -1

// particle -1
sphere {
	<25.801296, 34.694923, 31.084148> 0.250000
	pigment { color rgbt <1,0,0,0> }
	no_shadow
}
cylinder {
	<26.199223, 34.672787, 31.050018>,  <26.437979, 34.659504, 31.029541>, 0.100000
	pigment { color rgbt <1,0,0,0> }
	no_shadow
}
cylinder {
	<26.199223, 34.672787, 31.050018>,  <25.801296, 34.694923, 31.084148>, 0.100000
	pigment { color rgbt <1,0,0,0> }
	no_shadow
}

// particle -1
sphere {
	<26.199223, 34.672787, 31.050018> 0.100000
	pigment { color rgbt <1,0,0,0> }
	no_shadow
}
sphere {
	0, 1
	scale<0.080000,0.200000,0.300000>
	matrix <0.082615, -0.049521, 0.995350,
		-0.059333, -0.997237, -0.044690,
		0.994814, -0.055365, -0.085325,
		26.497667, 34.656185, 31.024422>
	pigment { color rgbt <0,1,1,0> }
	no_shadow
}
cylinder {
	<26.165604, 34.250164, 31.604246>,  <25.801296, 34.694923, 31.084148>, 0.130000
	pigment { color rgbt <1,0,0,0> }
	no_shadow
}

// nucleotide -1

// particle -1
sphere {
	<26.165604, 34.250164, 31.604246> 0.250000
	pigment { color rgbt <1,0,0,0> }
	no_shadow
}
cylinder {
	<26.452944, 34.505993, 31.494755>,  <26.625347, 34.659489, 31.429060>, 0.100000
	pigment { color rgbt <1,0,0,0> }
	no_shadow
}
cylinder {
	<26.452944, 34.505993, 31.494755>,  <26.165604, 34.250164, 31.604246>, 0.100000
	pigment { color rgbt <1,0,0,0> }
	no_shadow
}

// particle -1
sphere {
	<26.452944, 34.505993, 31.494755> 0.100000
	pigment { color rgbt <1,0,0,0> }
	no_shadow
}
sphere {
	0, 1
	scale<0.080000,0.200000,0.300000>
	matrix <0.348056, 0.010278, 0.937417,
		0.602356, -0.768665, -0.215222,
		0.718348, 0.639569, -0.273730,
		26.668447, 34.697865, 31.412636>
	pigment { color rgbt <0,1,1,0> }
	no_shadow
}
cylinder {
	<26.759676, 34.017429, 31.846949>,  <26.165604, 34.250164, 31.604246>, 0.130000
	pigment { color rgbt <1,0,0,0> }
	no_shadow
}

// nucleotide -1

// particle -1
sphere {
	<26.759676, 34.017429, 31.846949> 0.250000
	pigment { color rgbt <1,0,0,0> }
	no_shadow
}
cylinder {
	<26.830053, 34.405575, 31.780680>,  <26.872280, 34.638462, 31.740917>, 0.100000
	pigment { color rgbt <1,0,0,0> }
	no_shadow
}
cylinder {
	<26.830053, 34.405575, 31.780680>,  <26.759676, 34.017429, 31.846949>, 0.100000
	pigment { color rgbt <1,0,0,0> }
	no_shadow
}

// particle -1
sphere {
	<26.830053, 34.405575, 31.780680> 0.100000
	pigment { color rgbt <1,0,0,0> }
	no_shadow
}
sphere {
	0, 1
	scale<0.080000,0.200000,0.300000>
	matrix <0.404553, 0.082156, 0.910817,
		0.897431, -0.227275, -0.378107,
		0.175942, 0.970359, -0.165674,
		26.882835, 34.696682, 31.730978>
	pigment { color rgbt <0,1,1,0> }
	no_shadow
}
cylinder {
	<27.337934, 34.130505, 32.121758>,  <26.759676, 34.017429, 31.846949>, 0.130000
	pigment { color rgbt <1,0,0,0> }
	no_shadow
}

// nucleotide -1

// particle -1
sphere {
	<27.337934, 34.130505, 32.121758> 0.250000
	pigment { color rgbt <1,0,0,0> }
	no_shadow
}
cylinder {
	<27.190559, 34.502365, 32.121319>,  <27.102135, 34.725483, 32.121056>, 0.100000
	pigment { color rgbt <1,0,0,0> }
	no_shadow
}
cylinder {
	<27.190559, 34.502365, 32.121319>,  <27.337934, 34.130505, 32.121758>, 0.100000
	pigment { color rgbt <1,0,0,0> }
	no_shadow
}

// particle -1
sphere {
	<27.190559, 34.502365, 32.121319> 0.100000
	pigment { color rgbt <1,0,0,0> }
	no_shadow
}
sphere {
	0, 1
	scale<0.080000,0.200000,0.300000>
	matrix <0.365280, 0.145852, 0.919401,
		0.854883, 0.338340, -0.393321,
		-0.368437, 0.929652, -0.001097,
		27.080029, 34.781261, 32.120991>
	pigment { color rgbt <0,1,1,0> }
	no_shadow
}
cylinder {
	<27.891779, 34.524494, 32.150124>,  <27.337934, 34.130505, 32.121758>, 0.130000
	pigment { color rgbt <1,0,0,0> }
	no_shadow
}

// nucleotide -1

// particle -1
sphere {
	<27.891779, 34.524494, 32.150124> 0.250000
	pigment { color rgbt <1,0,0,0> }
	no_shadow
}
cylinder {
	<27.555447, 34.659229, 32.319614>,  <27.353647, 34.740070, 32.421307>, 0.100000
	pigment { color rgbt <1,0,0,0> }
	no_shadow
}
cylinder {
	<27.555447, 34.659229, 32.319614>,  <27.891779, 34.524494, 32.150124>, 0.100000
	pigment { color rgbt <1,0,0,0> }
	no_shadow
}

// particle -1
sphere {
	<27.555447, 34.659229, 32.319614> 0.100000
	pigment { color rgbt <1,0,0,0> }
	no_shadow
}
sphere {
	0, 1
	scale<0.080000,0.200000,0.300000>
	matrix <0.443579, -0.019855, 0.896015,
		0.310222, 0.941354, -0.132718,
		-0.840833, 0.336835, 0.423725,
		27.303196, 34.760281, 32.446732>
	pigment { color rgbt <0,1,1,0> }
	no_shadow
}
cylinder {
	<28.010939, 35.201275, 32.499275>,  <27.891779, 34.524494, 32.150124>, 0.130000
	pigment { color rgbt <1,0,0,0> }
	no_shadow
}

// nucleotide -1

// particle -1
sphere {
	<28.010939, 35.201275, 32.499275> 0.250000
	pigment { color rgbt <1,0,0,0> }
	no_shadow
}
cylinder {
	<27.738018, 34.961983, 32.667362>,  <27.574266, 34.818409, 32.768215>, 0.100000
	pigment { color rgbt <1,0,0,0> }
	no_shadow
}
cylinder {
	<27.738018, 34.961983, 32.667362>,  <28.010939, 35.201275, 32.499275>, 0.100000
	pigment { color rgbt <1,0,0,0> }
	no_shadow
}

// particle -1
sphere {
	<27.738018, 34.961983, 32.667362> 0.100000
	pigment { color rgbt <1,0,0,0> }
	no_shadow
}
sphere {
	0, 1
	scale<0.080000,0.200000,0.300000>
	matrix <0.605377, -0.140078, 0.783516,
		-0.409860, 0.788986, 0.457730,
		-0.682301, -0.598231, 0.420221,
		27.533327, 34.782513, 32.793430>
	pigment { color rgbt <0,1,1,0> }
	no_shadow
}
cylinder {
	<27.798388, 35.386593, 33.115173>,  <28.010939, 35.201275, 32.499275>, 0.130000
	pigment { color rgbt <1,0,0,0> }
	no_shadow
}

// nucleotide -1

// particle -1
sphere {
	<27.798388, 35.386593, 33.115173> 0.250000
	pigment { color rgbt <1,0,0,0> }
	no_shadow
}
cylinder {
	<27.714403, 34.997143, 33.150898>,  <27.664013, 34.763474, 33.172333>, 0.100000
	pigment { color rgbt <1,0,0,0> }
	no_shadow
}
cylinder {
	<27.714403, 34.997143, 33.150898>,  <27.798388, 35.386593, 33.115173>, 0.100000
	pigment { color rgbt <1,0,0,0> }
	no_shadow
}

// particle -1
sphere {
	<27.714403, 34.997143, 33.150898> 0.100000
	pigment { color rgbt <1,0,0,0> }
	no_shadow
}
sphere {
	0, 1
	scale<0.080000,0.200000,0.300000>
	matrix <0.476185, -0.022054, 0.879068,
		-0.853911, 0.227095, 0.468255,
		-0.209959, -0.973623, 0.089307,
		27.651415, 34.705055, 33.177689>
	pigment { color rgbt <0,1,1,0> }
	no_shadow
}
cylinder {
	<27.375267, 35.161366, 33.743736>,  <27.798388, 35.386593, 33.115173>, 0.130000
	pigment { color rgbt <1,0,0,0> }
	no_shadow
}

// nucleotide -1

// particle -1
sphere {
	<27.375267, 35.161366, 33.743736> 0.250000
	pigment { color rgbt <1,0,0,0> }
	no_shadow
}
cylinder {
	<27.643261, 34.883732, 33.638390>,  <27.804056, 34.717152, 33.575180>, 0.100000
	pigment { color rgbt <1,0,0,0> }
	no_shadow
}
cylinder {
	<27.643261, 34.883732, 33.638390>,  <27.375267, 35.161366, 33.743736>, 0.100000
	pigment { color rgbt <1,0,0,0> }
	no_shadow
}

// particle -1
sphere {
	<27.643261, 34.883732, 33.638390> 0.100000
	pigment { color rgbt <1,0,0,0> }
	no_shadow
}
sphere {
	0, 1
	scale<0.080000,0.200000,0.300000>
	matrix <0.374623, 0.009821, 0.927125,
		-0.640921, -0.719822, 0.266602,
		0.669984, -0.694089, -0.263367,
		27.844255, 34.675507, 33.559380>
	pigment { color rgbt <0,1,1,0> }
	no_shadow
}
cylinder {
	<27.352972, 34.590950, 34.201359>,  <27.375267, 35.161366, 33.743736>, 0.130000
	pigment { color rgbt <1,0,0,0> }
	no_shadow
}

// nucleotide -1

// particle -1
sphere {
	<27.352972, 34.590950, 34.201359> 0.250000
	pigment { color rgbt <1,0,0,0> }
	no_shadow
}
cylinder {
	<27.716135, 34.647739, 34.043602>,  <27.934032, 34.681812, 33.948948>, 0.100000
	pigment { color rgbt <1,0,0,0> }
	no_shadow
}
cylinder {
	<27.716135, 34.647739, 34.043602>,  <27.352972, 34.590950, 34.201359>, 0.100000
	pigment { color rgbt <1,0,0,0> }
	no_shadow
}

// particle -1
sphere {
	<27.716135, 34.647739, 34.043602> 0.100000
	pigment { color rgbt <1,0,0,0> }
	no_shadow
}
sphere {
	0, 1
	scale<0.080000,0.200000,0.300000>
	matrix <0.328742, 0.342576, 0.880097,
		0.260058, -0.928701, 0.264356,
		0.907909, 0.141971, -0.394393,
		27.988508, 34.690331, 33.925285>
	pigment { color rgbt <0,1,1,0> }
	no_shadow
}
cylinder {
	<27.851376, 34.228550, 34.653606>,  <27.352972, 34.590950, 34.201359>, 0.130000
	pigment { color rgbt <1,0,0,0> }
	no_shadow
}

// nucleotide -1

// particle -1
sphere {
	<27.851376, 34.228550, 34.653606> 0.250000
	pigment { color rgbt <1,0,0,0> }
	no_shadow
}
cylinder {
	<27.958523, 34.559059, 34.455402>,  <28.022812, 34.757362, 34.336479>, 0.100000
	pigment { color rgbt <1,0,0,0> }
	no_shadow
}
cylinder {
	<27.958523, 34.559059, 34.455402>,  <27.851376, 34.228550, 34.653606>, 0.100000
	pigment { color rgbt <1,0,0,0> }
	no_shadow
}

// particle -1
sphere {
	<27.958523, 34.559059, 34.455402> 0.100000
	pigment { color rgbt <1,0,0,0> }
	no_shadow
}
sphere {
	0, 1
	scale<0.080000,0.200000,0.300000>
	matrix <0.231202, 0.444145, 0.865610,
		0.935304, -0.346431, -0.072063,
		0.267867, 0.826269, -0.495507,
		28.038883, 34.806938, 34.306751>
	pigment { color rgbt <0,1,1,0> }
	no_shadow
}
cylinder {
	<28.578642, 34.537045, 34.723957>,  <27.851376, 34.228550, 34.653606>, 0.130000
	pigment { color rgbt <1,0,0,0> }
	no_shadow
}

// nucleotide -1

// particle -1
sphere {
	<28.578642, 34.537045, 34.723957> 0.250000
	pigment { color rgbt <1,0,0,0> }
	no_shadow
}
cylinder {
	<28.295305, 34.811584, 34.658012>,  <28.125303, 34.976307, 34.618446>, 0.100000
	pigment { color rgbt <1,0,0,0> }
	no_shadow
}
cylinder {
	<28.295305, 34.811584, 34.658012>,  <28.578642, 34.537045, 34.723957>, 0.100000
	pigment { color rgbt <1,0,0,0> }
	no_shadow
}

// particle -1
sphere {
	<28.295305, 34.811584, 34.658012> 0.100000
	pigment { color rgbt <1,0,0,0> }
	no_shadow
}
sphere {
	0, 1
	scale<0.080000,0.200000,0.300000>
	matrix <0.160407, 0.383966, 0.909307,
		0.687402, 0.617655, -0.382074,
		-0.708341, 0.686347, -0.164863,
		28.082804, 35.017490, 34.608555>
	pigment { color rgbt <0,1,1,0> }
	no_shadow
}
cylinder {
	<28.835623, 35.210026, 34.807529>,  <28.578642, 34.537045, 34.723957>, 0.130000
	pigment { color rgbt <1,0,0,0> }
	no_shadow
}

// nucleotide -1

// particle -1
sphere {
	<28.835623, 35.210026, 34.807529> 0.250000
	pigment { color rgbt <1,0,0,0> }
	no_shadow
}
cylinder {
	<28.445007, 35.215542, 34.893494>,  <28.210638, 35.218853, 34.945072>, 0.100000
	pigment { color rgbt <1,0,0,0> }
	no_shadow
}
cylinder {
	<28.445007, 35.215542, 34.893494>,  <28.835623, 35.210026, 34.807529>, 0.100000
	pigment { color rgbt <1,0,0,0> }
	no_shadow
}

// particle -1
sphere {
	<28.445007, 35.215542, 34.893494> 0.100000
	pigment { color rgbt <1,0,0,0> }
	no_shadow
}
sphere {
	0, 1
	scale<0.080000,0.200000,0.300000>
	matrix <0.180681, 0.595465, 0.782800,
		-0.117176, 0.803263, -0.583985,
		-0.976537, 0.013789, 0.214908,
		28.152046, 35.219677, 34.957966>
	pigment { color rgbt <0,1,1,0> }
	no_shadow
}
cylinder {
	<29.058481, 35.189751, 35.616447>,  <28.835623, 35.210026, 34.807529>, 0.130000
	pigment { color rgbt <1,0,0,0> }
	no_shadow
}

// nucleotide -1

// particle -1
sphere {
	<29.058481, 35.189751, 35.616447> 0.250000
	pigment { color rgbt <1,0,0,0> }
	no_shadow
}
cylinder {
	<29.183416, 35.569725, 35.619473>,  <29.258377, 35.797710, 35.621288>, 0.100000
	pigment { color rgbt <1,0,0,0> }
	no_shadow
}
cylinder {
	<29.183416, 35.569725, 35.619473>,  <29.058481, 35.189751, 35.616447>, 0.100000
	pigment { color rgbt <1,0,0,0> }
	no_shadow
}

// particle -1
sphere {
	<29.183416, 35.569725, 35.619473> 0.100000
	pigment { color rgbt <1,0,0,0> }
	no_shadow
}
sphere {
	0, 1
	scale<0.080000,0.200000,0.300000>
	matrix <-0.666955, 0.213613, 0.713821,
		0.676472, -0.227997, 0.700288,
		0.312340, 0.949940, 0.007561,
		29.277119, 35.854706, 35.621742>
	pigment { color rgbt <0,1,1,0> }
	no_shadow
}
cylinder {
	<28.900433, 35.335808, 36.267452>,  <29.058481, 35.189751, 35.616447>, 0.130000
	pigment { color rgbt <1,0,0,0> }
	no_shadow
}

// nucleotide -1

// particle -1
sphere {
	<28.900433, 35.335808, 36.267452> 0.250000
	pigment { color rgbt <1,0,0,0> }
	no_shadow
}
cylinder {
	<28.995399, 35.693413, 36.115467>,  <29.052380, 35.907978, 36.024277>, 0.100000
	pigment { color rgbt <1,0,0,0> }
	no_shadow
}
cylinder {
	<28.995399, 35.693413, 36.115467>,  <28.900433, 35.335808, 36.267452>, 0.100000
	pigment { color rgbt <1,0,0,0> }
	no_shadow
}

// particle -1
sphere {
	<28.995399, 35.693413, 36.115467> 0.100000
	pigment { color rgbt <1,0,0,0> }
	no_shadow
}
sphere {
	0, 1
	scale<0.080000,0.200000,0.300000>
	matrix <-0.545324, 0.446357, 0.709498,
		0.803900, 0.038756, 0.593500,
		0.237416, 0.894015, -0.379961,
		29.066624, 35.961617, 36.001480>
	pigment { color rgbt <0,1,1,0> }
	no_shadow
}
cylinder {
	<29.199394, 34.858799, 36.430237>,  <28.900433, 35.335808, 36.267452>, 0.130000
	pigment { color rgbt <1,0,0,0> }
	no_shadow
}

// nucleotide -1

// particle -1
sphere {
	<29.199394, 34.858799, 36.430237> 0.250000
	pigment { color rgbt <1,0,0,0> }
	no_shadow
}
cylinder {
	<29.373405, 34.601505, 36.178207>,  <29.477812, 34.447128, 36.026989>, 0.100000
	pigment { color rgbt <1,0,0,0> }
	no_shadow
}
cylinder {
	<29.373405, 34.601505, 36.178207>,  <29.199394, 34.858799, 36.430237>, 0.100000
	pigment { color rgbt <1,0,0,0> }
	no_shadow
}

// particle -1
sphere {
	<29.373405, 34.601505, 36.178207> 0.100000
	pigment { color rgbt <1,0,0,0> }
	no_shadow
}
sphere {
	0, 1
	scale<0.080000,0.200000,0.300000>
	matrix <0.881513, 0.161616, 0.443638,
		-0.183535, -0.748415, 0.637331,
		0.435028, -0.643239, -0.630075,
		29.503914, 34.408535, 35.989185>
	pigment { color rgbt <0,1,1,0> }
	no_shadow
}
cylinder {
	<29.689230, 34.647682, 36.869316>,  <29.199394, 34.858799, 36.430237>, 0.130000
	pigment { color rgbt <1,0,0,0> }
	no_shadow
}

// nucleotide -1

// particle -1
sphere {
	<29.689230, 34.647682, 36.869316> 0.250000
	pigment { color rgbt <1,0,0,0> }
	no_shadow
}
cylinder {
	<29.794634, 34.547127, 36.496788>,  <29.857876, 34.486794, 36.273270>, 0.100000
	pigment { color rgbt <1,0,0,0> }
	no_shadow
}
cylinder {
	<29.794634, 34.547127, 36.496788>,  <29.689230, 34.647682, 36.869316>, 0.100000
	pigment { color rgbt <1,0,0,0> }
	no_shadow
}

// particle -1
sphere {
	<29.794634, 34.547127, 36.496788> 0.100000
	pigment { color rgbt <1,0,0,0> }
	no_shadow
}
sphere {
	0, 1
	scale<0.080000,0.200000,0.300000>
	matrix <0.964656, 0.067447, 0.254734,
		-0.001223, -0.965533, 0.260278,
		0.263509, -0.251390, -0.931325,
		29.873686, 34.471710, 36.217392>
	pigment { color rgbt <0,1,1,0> }
	no_shadow
}
cylinder {
	<30.164623, 34.233444, 37.058895>,  <29.689230, 34.647682, 36.869316>, 0.130000
	pigment { color rgbt <1,0,0,0> }
	no_shadow
}

// nucleotide -1

// particle -1
sphere {
	<30.164623, 34.233444, 37.058895> 0.250000
	pigment { color rgbt <1,0,0,0> }
	no_shadow
}
cylinder {
	<30.222612, 34.356266, 36.682659>,  <30.257406, 34.429958, 36.456917>, 0.100000
	pigment { color rgbt <1,0,0,0> }
	no_shadow
}
cylinder {
	<30.222612, 34.356266, 36.682659>,  <30.164623, 34.233444, 37.058895>, 0.100000
	pigment { color rgbt <1,0,0,0> }
	no_shadow
}

// particle -1
sphere {
	<30.222612, 34.356266, 36.682659> 0.100000
	pigment { color rgbt <1,0,0,0> }
	no_shadow
}
sphere {
	0, 1
	scale<0.080000,0.200000,0.300000>
	matrix <0.987094, 0.020485, 0.158827,
		0.068036, -0.951472, -0.300119,
		0.144972, 0.307052, -0.940586,
		30.266104, 34.448383, 36.400482>
	pigment { color rgbt <0,1,1,0> }
	no_shadow
}
cylinder {
	<30.594631, 33.674034, 36.696491>,  <30.164623, 34.233444, 37.058895>, 0.130000
	pigment { color rgbt <1,0,0,0> }
	no_shadow
}

// nucleotide -1

// particle -1
sphere {
	<30.594631, 33.674034, 36.696491> 0.250000
	pigment { color rgbt <1,0,0,0> }
	no_shadow
}
cylinder {
	<30.603947, 34.060474, 36.593651>,  <30.609535, 34.292339, 36.531944>, 0.100000
	pigment { color rgbt <1,0,0,0> }
	no_shadow
}
cylinder {
	<30.603947, 34.060474, 36.593651>,  <30.594631, 33.674034, 36.696491>, 0.100000
	pigment { color rgbt <1,0,0,0> }
	no_shadow
}

// particle -1
sphere {
	<30.603947, 34.060474, 36.593651> 0.100000
	pigment { color rgbt <1,0,0,0> }
	no_shadow
}
sphere {
	0, 1
	scale<0.080000,0.200000,0.300000>
	matrix <0.998852, -0.011716, 0.046445,
		0.041858, -0.257891, -0.965267,
		0.023287, 0.966103, -0.257104,
		30.610933, 34.350304, 36.516518>
	pigment { color rgbt <0,1,1,0> }
	no_shadow
}
cylinder {
	<31.243347, 33.340881, 36.786716>,  <30.594631, 33.674034, 36.696491>, 0.130000
	pigment { color rgbt <1,0,0,0> }
	no_shadow
}

// nucleotide -1

// particle -1
sphere {
	<31.243347, 33.340881, 36.786716> 0.250000
	pigment { color rgbt <1,0,0,0> }
	no_shadow
}
cylinder {
	<31.279318, 32.942596, 36.778126>,  <31.300901, 32.703625, 36.772972>, 0.100000
	pigment { color rgbt <1,0,0,0> }
	no_shadow
}
cylinder {
	<31.279318, 32.942596, 36.778126>,  <31.243347, 33.340881, 36.786716>, 0.100000
	pigment { color rgbt <1,0,0,0> }
	no_shadow
}

// particle -1
sphere {
	<31.279318, 32.942596, 36.778126> 0.100000
	pigment { color rgbt <1,0,0,0> }
	no_shadow
}
sphere {
	0, 1
	scale<0.080000,0.200000,0.300000>
	matrix <-0.155477, -0.035332, 0.987207,
		-0.983738, -0.085439, -0.157988,
		0.089928, -0.995717, -0.021474,
		31.306295, 32.643883, 36.771683>
	pigment { color rgbt <0,1,1,0> }
	no_shadow
}
cylinder {
	<30.768927, 33.171921, 37.374355>,  <31.243347, 33.340881, 36.786716>, 0.130000
	pigment { color rgbt <1,0,0,0> }
	no_shadow
}

// nucleotide -1

// particle -1
sphere {
	<30.768927, 33.171921, 37.374355> 0.250000
	pigment { color rgbt <1,0,0,0> }
	no_shadow
}
cylinder {
	<31.060984, 32.918335, 37.272392>,  <31.236217, 32.766182, 37.211216>, 0.100000
	pigment { color rgbt <1,0,0,0> }
	no_shadow
}
cylinder {
	<31.060984, 32.918335, 37.272392>,  <30.768927, 33.171921, 37.374355>, 0.100000
	pigment { color rgbt <1,0,0,0> }
	no_shadow
}

// particle -1
sphere {
	<31.060984, 32.918335, 37.272392> 0.100000
	pigment { color rgbt <1,0,0,0> }
	no_shadow
}
sphere {
	0, 1
	scale<0.080000,0.200000,0.300000>
	matrix <0.117869, -0.250604, 0.960887,
		-0.673052, -0.731630, -0.108251,
		0.730142, -0.633968, -0.254906,
		31.280025, 32.728146, 37.195919>
	pigment { color rgbt <0,1,1,0> }
	no_shadow
}
cylinder {
	<30.739214, 32.483074, 37.568104>,  <30.768927, 33.171921, 37.374355>, 0.130000
	pigment { color rgbt <1,0,0,0> }
	no_shadow
}

// nucleotide -1

// particle -1
sphere {
	<30.739214, 32.483074, 37.568104> 0.250000
	pigment { color rgbt <1,0,0,0> }
	no_shadow
}
cylinder {
	<31.117220, 32.613564, 37.558968>,  <31.344025, 32.691856, 37.553486>, 0.100000
	pigment { color rgbt <1,0,0,0> }
	no_shadow
}
cylinder {
	<31.117220, 32.613564, 37.558968>,  <30.739214, 32.483074, 37.568104>, 0.100000
	pigment { color rgbt <1,0,0,0> }
	no_shadow
}

// particle -1
sphere {
	<31.117220, 32.613564, 37.558968> 0.100000
	pigment { color rgbt <1,0,0,0> }
	no_shadow
}
sphere {
	0, 1
	scale<0.080000,0.200000,0.300000>
	matrix <0.093440, -0.202436, 0.974828,
		0.313391, -0.923362, -0.221788,
		0.945017, 0.326226, -0.022837,
		31.400724, 32.711430, 37.552116>
	pigment { color rgbt <0,1,1,0> }
	no_shadow
}
cylinder {
	<31.240850, 32.047913, 37.856709>,  <30.739214, 32.483074, 37.568104>, 0.130000
	pigment { color rgbt <1,0,0,0> }
	no_shadow
}

// nucleotide -1

// particle -1
sphere {
	<31.240850, 32.047913, 37.856709> 0.250000
	pigment { color rgbt <1,0,0,0> }
	no_shadow
}
cylinder {
	<31.303566, 32.436298, 37.928982>,  <31.341194, 32.669331, 37.972347>, 0.100000
	pigment { color rgbt <1,0,0,0> }
	no_shadow
}
cylinder {
	<31.303566, 32.436298, 37.928982>,  <31.240850, 32.047913, 37.856709>, 0.100000
	pigment { color rgbt <1,0,0,0> }
	no_shadow
}

// particle -1
sphere {
	<31.303566, 32.436298, 37.928982> 0.100000
	pigment { color rgbt <1,0,0,0> }
	no_shadow
}
sphere {
	0, 1
	scale<0.080000,0.200000,0.300000>
	matrix <-0.248076, -0.138363, 0.958809,
		0.955969, -0.195151, 0.219179,
		0.156786, 0.970964, 0.180683,
		31.350601, 32.727589, 37.983185>
	pigment { color rgbt <0,1,1,0> }
	no_shadow
}
cylinder {
	<31.481722, 32.087986, 38.529915>,  <31.240850, 32.047913, 37.856709>, 0.130000
	pigment { color rgbt <1,0,0,0> }
	no_shadow
}

// nucleotide -1

// particle -1
sphere {
	<31.481722, 32.087986, 38.529915> 0.250000
	pigment { color rgbt <1,0,0,0> }
	no_shadow
}
cylinder {
	<31.304974, 32.433285, 38.432293>,  <31.198925, 32.640465, 38.373722>, 0.100000
	pigment { color rgbt <1,0,0,0> }
	no_shadow
}
cylinder {
	<31.304974, 32.433285, 38.432293>,  <31.481722, 32.087986, 38.529915>, 0.100000
	pigment { color rgbt <1,0,0,0> }
	no_shadow
}

// particle -1
sphere {
	<31.304974, 32.433285, 38.432293> 0.100000
	pigment { color rgbt <1,0,0,0> }
	no_shadow
}
sphere {
	0, 1
	scale<0.080000,0.200000,0.300000>
	matrix <-0.447227, 0.023851, 0.894102,
		0.777648, 0.504225, 0.375527,
		-0.441872, 0.863243, -0.244051,
		31.172413, 32.692257, 38.359077>
	pigment { color rgbt <0,1,1,0> }
	no_shadow
}
cylinder {
	<31.602308, 32.652622, 39.085953>,  <31.481722, 32.087986, 38.529915>, 0.130000
	pigment { color rgbt <1,0,0,0> }
	no_shadow
}

// nucleotide -1

// particle -1
sphere {
	<31.602308, 32.652622, 39.085953> 0.250000
	pigment { color rgbt <1,0,0,0> }
	no_shadow
}
cylinder {
	<31.274817, 32.700623, 38.861351>,  <31.078321, 32.729424, 38.726589>, 0.100000
	pigment { color rgbt <1,0,0,0> }
	no_shadow
}
cylinder {
	<31.274817, 32.700623, 38.861351>,  <31.602308, 32.652622, 39.085953>, 0.100000
	pigment { color rgbt <1,0,0,0> }
	no_shadow
}

// particle -1
sphere {
	<31.274817, 32.700623, 38.861351> 0.100000
	pigment { color rgbt <1,0,0,0> }
	no_shadow
}
sphere {
	0, 1
	scale<0.080000,0.200000,0.300000>
	matrix <-0.564637, 0.009307, 0.825287,
		0.104262, 0.992730, 0.060137,
		-0.818727, 0.120002, -0.561503,
		31.029198, 32.736622, 38.692902>
	pigment { color rgbt <0,1,1,0> }
	no_shadow
}
cylinder {
	<31.213034, 33.217491, 39.332207>,  <31.602308, 32.652622, 39.085953>, 0.130000
	pigment { color rgbt <1,0,0,0> }
	no_shadow
}

// nucleotide -1

// particle -1
sphere {
	<31.213034, 33.217491, 39.332207> 0.250000
	pigment { color rgbt <1,0,0,0> }
	no_shadow
}
cylinder {
	<30.949268, 33.000160, 39.124374>,  <30.791010, 32.869762, 38.999676>, 0.100000
	pigment { color rgbt <1,0,0,0> }
	no_shadow
}
cylinder {
	<30.949268, 33.000160, 39.124374>,  <31.213034, 33.217491, 39.332207>, 0.100000
	pigment { color rgbt <1,0,0,0> }
	no_shadow
}

// particle -1
sphere {
	<30.949268, 33.000160, 39.124374> 0.100000
	pigment { color rgbt <1,0,0,0> }
	no_shadow
}
sphere {
	0, 1
	scale<0.080000,0.200000,0.300000>
	matrix <-0.626789, 0.015718, 0.779030,
		-0.415104, 0.839372, -0.350918,
		-0.659412, -0.543330, -0.519585,
		30.751444, 32.837162, 38.968498>
	pigment { color rgbt <0,1,1,0> }
	no_shadow
}
cylinder {
	<30.552881, 33.591297, 39.341354>,  <31.213034, 33.217491, 39.332207>, 0.130000
	pigment { color rgbt <1,0,0,0> }
	no_shadow
}

// nucleotide -1

// particle -1
sphere {
	<30.552881, 33.591297, 39.341354> 0.250000
	pigment { color rgbt <1,0,0,0> }
	no_shadow
}
cylinder {
	<30.492107, 33.200085, 39.284256>,  <30.455643, 32.965359, 39.249996>, 0.100000
	pigment { color rgbt <1,0,0,0> }
	no_shadow
}
cylinder {
	<30.492107, 33.200085, 39.284256>,  <30.552881, 33.591297, 39.341354>, 0.100000
	pigment { color rgbt <1,0,0,0> }
	no_shadow
}

// particle -1
sphere {
	<30.492107, 33.200085, 39.284256> 0.100000
	pigment { color rgbt <1,0,0,0> }
	no_shadow
}
sphere {
	0, 1
	scale<0.080000,0.200000,0.300000>
	matrix <-0.625394, -0.016707, 0.780130,
		-0.765374, 0.207799, -0.609115,
		-0.151934, -0.978029, -0.142743,
		30.446527, 32.906677, 39.241432>
	pigment { color rgbt <0,1,1,0> }
	no_shadow
}
cylinder {
	<29.874220, 33.448147, 39.271362>,  <30.552881, 33.591297, 39.341354>, 0.130000
	pigment { color rgbt <1,0,0,0> }
	no_shadow
}

// nucleotide -1

// particle -1
sphere {
	<29.874220, 33.448147, 39.271362> 0.250000
	pigment { color rgbt <1,0,0,0> }
	no_shadow
}
cylinder {
	<30.048624, 33.124752, 39.429474>,  <30.153267, 32.930714, 39.524342>, 0.100000
	pigment { color rgbt <1,0,0,0> }
	no_shadow
}
cylinder {
	<30.048624, 33.124752, 39.429474>,  <29.874220, 33.448147, 39.271362>, 0.100000
	pigment { color rgbt <1,0,0,0> }
	no_shadow
}

// particle -1
sphere {
	<30.048624, 33.124752, 39.429474> 0.100000
	pigment { color rgbt <1,0,0,0> }
	no_shadow
}
sphere {
	0, 1
	scale<0.080000,0.200000,0.300000>
	matrix <-0.494556, 0.151702, 0.855804,
		-0.751871, -0.568627, -0.333698,
		0.436011, -0.808486, 0.395278,
		30.179428, 32.882206, 39.548058>
	pigment { color rgbt <0,1,1,0> }
	no_shadow
}
cylinder {
	<29.809210, 32.956055, 38.659184>,  <29.874220, 33.448147, 39.271362>, 0.130000
	pigment { color rgbt <1,0,0,0> }
	no_shadow
}

// nucleotide -1

// particle -1
sphere {
	<29.809210, 32.956055, 38.659184> 0.250000
	pigment { color rgbt <1,0,0,0> }
	no_shadow
}
cylinder {
	<30.120897, 32.918407, 38.411327>,  <30.307909, 32.895817, 38.262611>, 0.100000
	pigment { color rgbt <1,0,0,0> }
	no_shadow
}
cylinder {
	<30.120897, 32.918407, 38.411327>,  <29.809210, 32.956055, 38.659184>, 0.100000
	pigment { color rgbt <1,0,0,0> }
	no_shadow
}

// particle -1
sphere {
	<30.120897, 32.918407, 38.411327> 0.100000
	pigment { color rgbt <1,0,0,0> }
	no_shadow
}
sphere {
	0, 1
	scale<0.080000,0.200000,0.300000>
	matrix <0.439819, 0.786467, 0.433623,
