// switches for output
#declare DRAW_BASES = 1; // possible values are 0, 1; only relevant for DNA ribbons
#declare DRAW_BASES_TYPE = 3; // possible values are 1, 2, 3; only relevant for DNA ribbons
#declare DRAW_FOG = 0; // set to 1 to enable fog

#include "colors.inc"

#include "transforms.inc"
background { rgb <1, 1, 1>}

#default {
   normal{
       ripples 0.25
       frequency 0.20
       turbulence 0.2
       lambda 5
   }
	finish {
		phong 0.1
		phong_size 40.
	}
}

// original window dimensions: 1024x640


// camera settings

camera {
	sky <0, 0.179814, -0.983701>
	up <0, 0.179814, -0.983701>
	right 1.6 * <1, 0, 0>
	location <35, 94.9851, 44.8844>
	look_at <35, 29.7336, 32.9568>
	direction <0, -65.2515, -11.9276>
	angle 67.0682
}


# declare cpy_camera_pos = <35, 94.9851, 44.8844>;
# if (DRAW_FOG = 1)
fog {
	fog_type 2
	up vnormalize(cpy_camera_pos)
	color rgbt<1,1,1,0.3>
	distance 1e-5
	fog_alt 3e-3
	fog_offset 56
}
# end


// LIGHTS

# declare lum = 6;
global_settings {
	ambient_light rgb lum * <0.05, 0.05, 0.05>
	max_trace_level 15
}# declare cpy_direct_light_amount = 0.25;
light_source
{	1000 * <-1, -1.16352, -0.803886>,
	rgb lum * cpy_direct_light_amount
	parallel
}

light_source
{	1000 * <1, 1.16352, 0.803886>,
	rgb lum * cpy_direct_light_amount
	parallel
}

// strand 0

// nucleotide -1

// particle -1
sphere {
	<23.729635, 35.188313, 34.934170> 0.250000
	pigment { color rgbt <1,0,0,0> }
	no_shadow
}
cylinder {
	<24.104139, 35.159763, 34.796577>,  <24.328842, 35.142635, 34.714024>, 0.100000
	pigment { color rgbt <1,0,0,0> }
	no_shadow
}
cylinder {
	<24.104139, 35.159763, 34.796577>,  <23.729635, 35.188313, 34.934170>, 0.100000
	pigment { color rgbt <1,0,0,0> }
	no_shadow
}

// particle -1
sphere {
	<24.104139, 35.159763, 34.796577> 0.100000
	pigment { color rgbt <1,0,0,0> }
	no_shadow
}
sphere {
	0, 1
	scale<0.080000,0.200000,0.300000>
	matrix <0.342510, 0.403138, 0.848626,
		0.078103, -0.912352, 0.401888,
		0.936262, -0.071370, -0.343976,
		24.385017, 35.138351, 34.693386>
	pigment { color rgbt <0,1,1,0> }
	no_shadow
}
cylinder {
	<24.112276, 35.021336, 35.476124>,  <23.729635, 35.188313, 34.934170>, 0.130000
	pigment { color rgbt <1,0,0,0> }
	no_shadow
}

// nucleotide -1

// particle -1
sphere {
	<24.112276, 35.021336, 35.476124> 0.250000
	pigment { color rgbt <1,0,0,0> }
	no_shadow
}
cylinder {
	<24.396217, 35.134201, 35.217979>,  <24.566582, 35.201920, 35.063091>, 0.100000
	pigment { color rgbt <1,0,0,0> }
	no_shadow
}
cylinder {
	<24.396217, 35.134201, 35.217979>,  <24.112276, 35.021336, 35.476124>, 0.100000
	pigment { color rgbt <1,0,0,0> }
	no_shadow
}

// particle -1
sphere {
	<24.396217, 35.134201, 35.217979> 0.100000
	pigment { color rgbt <1,0,0,0> }
	no_shadow
}
sphere {
	0, 1
	scale<0.080000,0.200000,0.300000>
	matrix <0.589068, 0.264491, 0.763573,
		0.386143, -0.922188, 0.021537,
		0.709854, 0.282161, -0.645363,
		24.609173, 35.218849, 35.024372>
	pigment { color rgbt <0,1,1,0> }
	no_shadow
}
cylinder {
	<24.684196, 34.849445, 35.877300>,  <24.112276, 35.021336, 35.476124>, 0.130000
	pigment { color rgbt <1,0,0,0> }
	no_shadow
}

// nucleotide -1

// particle -1
sphere {
	<24.684196, 34.849445, 35.877300> 0.250000
	pigment { color rgbt <1,0,0,0> }
	no_shadow
}
cylinder {
	<24.802465, 35.089870, 35.580299>,  <24.873426, 35.234123, 35.402100>, 0.100000
	pigment { color rgbt <1,0,0,0> }
	no_shadow
}
cylinder {
	<24.802465, 35.089870, 35.580299>,  <24.684196, 34.849445, 35.877300>, 0.100000
	pigment { color rgbt <1,0,0,0> }
	no_shadow
}

// particle -1
sphere {
	<24.802465, 35.089870, 35.580299> 0.100000
	pigment { color rgbt <1,0,0,0> }
	no_shadow
}
sphere {
	0, 1
	scale<0.080000,0.200000,0.300000>
	matrix <0.666201, 0.427317, 0.611209,
		0.684655, -0.675372, -0.274080,
		0.295674, 0.601059, -0.742499,
		24.891169, 35.270187, 35.357552>
	pigment { color rgbt <0,1,1,0> }
	no_shadow
}
cylinder {
	<25.485666, 34.757671, 35.741684>,  <24.684196, 34.849445, 35.877300>, 0.130000
	pigment { color rgbt <1,0,0,0> }
	no_shadow
}

// nucleotide -1

// particle -1
sphere {
	<25.485666, 34.757671, 35.741684> 0.250000
	pigment { color rgbt <1,0,0,0> }
	no_shadow
}
cylinder {
	<25.351862, 35.123116, 35.649235>,  <25.271580, 35.342381, 35.593765>, 0.100000
	pigment { color rgbt <1,0,0,0> }
	no_shadow
}
cylinder {
	<25.351862, 35.123116, 35.649235>,  <25.485666, 34.757671, 35.741684>, 0.100000
	pigment { color rgbt <1,0,0,0> }
	no_shadow
}

// particle -1
sphere {
	<25.351862, 35.123116, 35.649235> 0.100000
	pigment { color rgbt <1,0,0,0> }
	no_shadow
}
sphere {
	0, 1
	scale<0.080000,0.200000,0.300000>
	matrix <0.716266, 0.405859, 0.567663,
		0.612427, 0.024343, -0.790152,
		-0.334509, 0.913611, -0.231123,
		25.251509, 35.397198, 35.579899>
	pigment { color rgbt <0,1,1,0> }
	no_shadow
}
cylinder {
	<25.895845, 35.256565, 35.353119>,  <25.485666, 34.757671, 35.741684>, 0.130000
	pigment { color rgbt <1,0,0,0> }
	no_shadow
}

// nucleotide -1

// particle -1
sphere {
	<25.895845, 35.256565, 35.353119> 0.250000
	pigment { color rgbt <1,0,0,0> }
	no_shadow
}
cylinder {
	<25.684372, 35.490463, 35.599228>,  <25.557487, 35.630802, 35.746895>, 0.100000
	pigment { color rgbt <1,0,0,0> }
	no_shadow
}
cylinder {
	<25.684372, 35.490463, 35.599228>,  <25.895845, 35.256565, 35.353119>, 0.100000
	pigment { color rgbt <1,0,0,0> }
	no_shadow
}

// particle -1
sphere {
	<25.684372, 35.490463, 35.599228> 0.100000
	pigment { color rgbt <1,0,0,0> }
	no_shadow
}
sphere {
	0, 1
	scale<0.080000,0.200000,0.300000>
	matrix <0.845818, 0.302015, 0.439748,
		0.071320, 0.752898, -0.654261,
		-0.528682, 0.584749, 0.615275,
		25.525766, 35.665890, 35.783810>
	pigment { color rgbt <0,1,1,0> }
	no_shadow
}
cylinder {
	<26.326363, 35.424988, 34.715908>,  <25.895845, 35.256565, 35.353119>, 0.130000
	pigment { color rgbt <1,0,0,0> }
	no_shadow
}

// nucleotide -1

// particle -1
sphere {
	<26.326363, 35.424988, 34.715908> 0.250000
	pigment { color rgbt <1,0,0,0> }
	no_shadow
}
cylinder {
	<26.190769, 35.579418, 34.372738>,  <26.109413, 35.672077, 34.166836>, 0.100000
	pigment { color rgbt <1,0,0,0> }
	no_shadow
}
cylinder {
	<26.190769, 35.579418, 34.372738>,  <26.326363, 35.424988, 34.715908>, 0.100000
	pigment { color rgbt <1,0,0,0> }
	no_shadow
}

// particle -1
sphere {
	<26.190769, 35.579418, 34.372738> 0.100000
	pigment { color rgbt <1,0,0,0> }
	no_shadow
}
sphere {
	0, 1
	scale<0.080000,0.200000,0.300000>
	matrix <0.896833, -0.142889, -0.418656,
		-0.284222, -0.911332, -0.297810,
		-0.338981, 0.386077, -0.857925,
		26.089075, 35.695240, 34.115360>
	pigment { color rgbt <0,1,1,0> }
	no_shadow
}
cylinder {
	<26.207796, 34.857994, 34.164707>,  <26.326363, 35.424988, 34.715908>, 0.130000
	pigment { color rgbt <1,0,0,0> }
	no_shadow
}

// nucleotide -1

// particle -1
sphere {
	<26.207796, 34.857994, 34.164707> 0.250000
	pigment { color rgbt <1,0,0,0> }
	no_shadow
}
cylinder {
	<26.319265, 35.230690, 34.071583>,  <26.386147, 35.454308, 34.015709>, 0.100000
	pigment { color rgbt <1,0,0,0> }
	no_shadow
}
cylinder {
	<26.319265, 35.230690, 34.071583>,  <26.207796, 34.857994, 34.164707>, 0.100000
	pigment { color rgbt <1,0,0,0> }
	no_shadow
}

// particle -1
sphere {
	<26.319265, 35.230690, 34.071583> 0.100000
	pigment { color rgbt <1,0,0,0> }
	no_shadow
}
sphere {
	0, 1
	scale<0.080000,0.200000,0.300000>
	matrix <0.881627, -0.344330, -0.322754,
		-0.380887, -0.115308, -0.917404,
		0.278674, 0.931741, -0.232809,
		26.402868, 35.510212, 34.001740>
	pigment { color rgbt <0,1,1,0> }
	no_shadow
}
cylinder {
	<26.327303, 34.924534, 33.390598>,  <26.207796, 34.857994, 34.164707>, 0.130000
	pigment { color rgbt <1,0,0,0> }
	no_shadow
}

// nucleotide -1

// particle -1
sphere {
	<26.327303, 34.924534, 33.390598> 0.250000
	pigment { color rgbt <1,0,0,0> }
	no_shadow
}
cylinder {
	<26.542433, 35.144333, 33.646347>,  <26.671511, 35.276211, 33.799797>, 0.100000
	pigment { color rgbt <1,0,0,0> }
	no_shadow
}
cylinder {
	<26.542433, 35.144333, 33.646347>,  <26.327303, 34.924534, 33.390598>, 0.100000
	pigment { color rgbt <1,0,0,0> }
	no_shadow
}

// particle -1
sphere {
	<26.542433, 35.144333, 33.646347> 0.100000
	pigment { color rgbt <1,0,0,0> }
	no_shadow
}
sphere {
	0, 1
	scale<0.080000,0.200000,0.300000>
	matrix <0.830153, -0.477363, -0.288047,
		0.146933, 0.685697, -0.712902,
		0.537826, 0.549494, 0.639374,
		26.703781, 35.309181, 33.838158>
	pigment { color rgbt <0,1,1,0> }
	no_shadow
}
cylinder {
	<26.957783, 35.179272, 32.938217>,  <26.327303, 34.924534, 33.390598>, 0.130000
	pigment { color rgbt <1,0,0,0> }
	no_shadow
}

// nucleotide -1

// particle -1
sphere {
	<26.957783, 35.179272, 32.938217> 0.250000
	pigment { color rgbt <1,0,0,0> }
	no_shadow
}
cylinder {
	<27.047466, 35.190880, 33.327862>,  <27.101276, 35.197845, 33.561649>, 0.100000
	pigment { color rgbt <1,0,0,0> }
	no_shadow
}
cylinder {
	<27.047466, 35.190880, 33.327862>,  <26.957783, 35.179272, 32.938217>, 0.100000
	pigment { color rgbt <1,0,0,0> }
	no_shadow
}

// particle -1
sphere {
	<27.047466, 35.190880, 33.327862> 0.100000
	pigment { color rgbt <1,0,0,0> }
	no_shadow
}
sphere {
	0, 1
	scale<0.080000,0.200000,0.300000>
	matrix <0.815559, -0.552752, -0.171253,
		0.533472, 0.832840, -0.147597,
		0.224211, 0.029016, 0.974109,
		27.114729, 35.199585, 33.620094>
	pigment { color rgbt <0,1,1,0> }
	no_shadow
}
cylinder {
	<27.705156, 35.349995, 33.022057>,  <26.957783, 35.179272, 32.938217>, 0.130000
	pigment { color rgbt <1,0,0,0> }
	no_shadow
}

// nucleotide -1

// particle -1
sphere {
	<27.705156, 35.349995, 33.022057> 0.250000
	pigment { color rgbt <1,0,0,0> }
	no_shadow
}
cylinder {
	<27.583334, 35.157761, 33.351002>,  <27.510241, 35.042419, 33.548370>, 0.100000
	pigment { color rgbt <1,0,0,0> }
	no_shadow
}
cylinder {
	<27.583334, 35.157761, 33.351002>,  <27.705156, 35.349995, 33.022057>, 0.100000
	pigment { color rgbt <1,0,0,0> }
	no_shadow
}

// particle -1
sphere {
	<27.583334, 35.157761, 33.351002> 0.100000
	pigment { color rgbt <1,0,0,0> }
	no_shadow
}
sphere {
	0, 1
	scale<0.080000,0.200000,0.300000>
	matrix <0.649476, -0.736321, -0.189769,
		0.696725, 0.476313, 0.536377,
		-0.304556, -0.480581, 0.822367,
		27.491966, 35.013588, 33.597713>
	pigment { color rgbt <0,1,1,0> }
	no_shadow
}
cylinder {
	<28.374659, 35.091049, 33.432800>,  <27.705156, 35.349995, 33.022057>, 0.130000
	pigment { color rgbt <1,0,0,0> }
	no_shadow
}

// nucleotide -1

// particle -1
sphere {
	<28.374659, 35.091049, 33.432800> 0.250000
	pigment { color rgbt <1,0,0,0> }
	no_shadow
}
cylinder {
	<28.073956, 34.851879, 33.544041>,  <27.893534, 34.708378, 33.610783>, 0.100000
	pigment { color rgbt <1,0,0,0> }
	no_shadow
}
cylinder {
	<28.073956, 34.851879, 33.544041>,  <28.374659, 35.091049, 33.432800>, 0.100000
	pigment { color rgbt <1,0,0,0> }
	no_shadow
}

// particle -1
sphere {
	<28.073956, 34.851879, 33.544041> 0.100000
	pigment { color rgbt <1,0,0,0> }
	no_shadow
}
sphere {
	0, 1
	scale<0.080000,0.200000,0.300000>
	matrix <0.632875, -0.772669, 0.049508,
		0.185275, 0.213219, 0.959276,
		-0.751759, -0.597930, 0.278097,
		27.848427, 34.672501, 33.627468>
	pigment { color rgbt <0,1,1,0> }
	no_shadow
}
cylinder {
	<28.568684, 34.607815, 33.958794>,  <28.374659, 35.091049, 33.432800>, 0.130000
	pigment { color rgbt <1,0,0,0> }
	no_shadow
}

// nucleotide -1

// particle -1
sphere {
	<28.568684, 34.607815, 33.958794> 0.250000
	pigment { color rgbt <1,0,0,0> }
	no_shadow
}
cylinder {
	<28.255409, 34.410698, 33.807125>,  <28.067444, 34.292427, 33.716125>, 0.100000
	pigment { color rgbt <1,0,0,0> }
	no_shadow
}
cylinder {
	<28.255409, 34.410698, 33.807125>,  <28.568684, 34.607815, 33.958794>, 0.100000
	pigment { color rgbt <1,0,0,0> }
	no_shadow
}

// particle -1
sphere {
	<28.255409, 34.410698, 33.807125> 0.100000
	pigment { color rgbt <1,0,0,0> }
	no_shadow
}
sphere {
	0, 1
	scale<0.080000,0.200000,0.300000>
	matrix <0.504289, -0.860158, 0.076295,
		-0.363744, -0.131458, 0.922176,
		-0.783188, -0.492795, -0.379171,
		28.020452, 34.262859, 33.693375>
	pigment { color rgbt <0,1,1,0> }
	no_shadow
}
cylinder {
	<28.804628, 33.962715, 33.951302>,  <28.568684, 34.607815, 33.958794>, 0.130000
	pigment { color rgbt <1,0,0,0> }
	no_shadow
}

// nucleotide -1

// particle -1
sphere {
	<28.804628, 33.962715, 33.951302> 0.250000
	pigment { color rgbt <1,0,0,0> }
	no_shadow
}
cylinder {
	<28.743259, 33.630333, 34.165207>,  <28.706438, 33.430904, 34.293552>, 0.100000
	pigment { color rgbt <1,0,0,0> }
	no_shadow
}
cylinder {
	<28.743259, 33.630333, 34.165207>,  <28.804628, 33.962715, 33.951302>, 0.100000
	pigment { color rgbt <1,0,0,0> }
	no_shadow
}

// particle -1
sphere {
	<28.743259, 33.630333, 34.165207> 0.100000
	pigment { color rgbt <1,0,0,0> }
	no_shadow
}
sphere {
	0, 1
	scale<0.080000,0.200000,0.300000>
	matrix <-0.941714, -0.041015, -0.333904,
		0.299393, -0.554823, -0.776231,
		-0.153420, -0.830957, 0.534765,
		28.697233, 33.381046, 34.325638>
	pigment { color rgbt <0,1,1,0> }
	no_shadow
}
cylinder {
	<28.500916, 33.295368, 33.566700>,  <28.804628, 33.962715, 33.951302>, 0.130000
	pigment { color rgbt <1,0,0,0> }
	no_shadow
}

// nucleotide -1

// particle -1
sphere {
	<28.500916, 33.295368, 33.566700> 0.250000
	pigment { color rgbt <1,0,0,0> }
	no_shadow
}
cylinder {
	<28.391001, 33.350628, 33.947311>,  <28.325052, 33.383785, 34.175678>, 0.100000
	pigment { color rgbt <1,0,0,0> }
	no_shadow
}
cylinder {
	<28.391001, 33.350628, 33.947311>,  <28.500916, 33.295368, 33.566700>, 0.100000
	pigment { color rgbt <1,0,0,0> }
	no_shadow
}

// particle -1
sphere {
	<28.391001, 33.350628, 33.947311> 0.100000
	pigment { color rgbt <1,0,0,0> }
	no_shadow
}
sphere {
	0, 1
	scale<0.080000,0.200000,0.300000>
	matrix <-0.955484, 0.071339, -0.286289,
		-0.107434, -0.987838, 0.112402,
		-0.274789, 0.138155, 0.951527,
		28.308563, 33.392075, 34.232769>
	pigment { color rgbt <0,1,1,0> }
	no_shadow
}
cylinder {
	<27.875708, 33.734043, 33.242374>,  <28.500916, 33.295368, 33.566700>, 0.130000
	pigment { color rgbt <1,0,0,0> }
	no_shadow
}

// nucleotide -1

// particle -1
sphere {
	<27.875708, 33.734043, 33.242374> 0.250000
	pigment { color rgbt <1,0,0,0> }
	no_shadow
}
cylinder {
	<27.926207, 33.739319, 33.639137>,  <27.956507, 33.742485, 33.877197>, 0.100000
	pigment { color rgbt <1,0,0,0> }
	no_shadow
}
cylinder {
	<27.926207, 33.739319, 33.639137>,  <27.875708, 33.734043, 33.242374>, 0.100000
	pigment { color rgbt <1,0,0,0> }
	no_shadow
}

// particle -1
sphere {
	<27.926207, 33.739319, 33.639137> 0.100000
	pigment { color rgbt <1,0,0,0> }
	no_shadow
}
sphere {
	0, 1
	scale<0.080000,0.200000,0.300000>
	matrix <-0.522409, 0.850908, 0.055175,
		-0.843297, -0.525149, 0.114316,
		0.126248, 0.013190, 0.991911,
		27.964081, 33.743275, 33.936710>
	pigment { color rgbt <0,1,1,0> }
	no_shadow
}
cylinder {
	<27.213434, 33.722919, 33.614712>,  <27.875708, 33.734043, 33.242374>, 0.130000
	pigment { color rgbt <1,0,0,0> }
	no_shadow
}

// nucleotide -1

// particle -1
sphere {
	<27.213434, 33.722919, 33.614712> 0.250000
	pigment { color rgbt <1,0,0,0> }
	no_shadow
}
cylinder {
	<27.509975, 33.903656, 33.813198>,  <27.687901, 34.012100, 33.932289>, 0.100000
	pigment { color rgbt <1,0,0,0> }
	no_shadow
}
cylinder {
	<27.509975, 33.903656, 33.813198>,  <27.213434, 33.722919, 33.614712>, 0.100000
	pigment { color rgbt <1,0,0,0> }
	no_shadow
}

// particle -1
sphere {
	<27.509975, 33.903656, 33.813198> 0.100000
	pigment { color rgbt <1,0,0,0> }
	no_shadow
}
sphere {
	0, 1
	scale<0.080000,0.200000,0.300000>
	matrix <-0.542777, 0.838540, 0.047356,
		-0.394701, -0.304444, 0.866905,
		0.741352, 0.451845, 0.496218,
		27.732382, 34.039211, 33.962063>
	pigment { color rgbt <0,1,1,0> }
	no_shadow
}
cylinder {
	<27.010296, 33.990028, 34.252182>,  <27.213434, 33.722919, 33.614712>, 0.130000
	pigment { color rgbt <1,0,0,0> }
	no_shadow
}

// nucleotide -1

// particle -1
sphere {
	<27.010296, 33.990028, 34.252182> 0.250000
	pigment { color rgbt <1,0,0,0> }
	no_shadow
}
cylinder {
	<27.315861, 34.206287, 34.111252>,  <27.499199, 34.336044, 34.026691>, 0.100000
	pigment { color rgbt <1,0,0,0> }
	no_shadow
}
cylinder {
	<27.315861, 34.206287, 34.111252>,  <27.010296, 33.990028, 34.252182>, 0.100000
	pigment { color rgbt <1,0,0,0> }
	no_shadow
}

// particle -1
sphere {
	<27.315861, 34.206287, 34.111252> 0.100000
	pigment { color rgbt <1,0,0,0> }
	no_shadow
}
sphere {
	0, 1
	scale<0.080000,0.200000,0.300000>
	matrix <-0.572784, 0.819555, 0.015711,
		0.297248, 0.189807, 0.935744,
		0.763912, 0.540650, -0.352329,
		27.545034, 34.368481, 34.005554>
	pigment { color rgbt <0,1,1,0> }
	no_shadow
}
cylinder {
	<27.220774, 34.570446, 34.749081>,  <27.010296, 33.990028, 34.252182>, 0.130000
	pigment { color rgbt <1,0,0,0> }
	no_shadow
}

// nucleotide -1

// particle -1
sphere {
	<27.220774, 34.570446, 34.749081> 0.250000
	pigment { color rgbt <1,0,0,0> }
	no_shadow
}
cylinder {
	<27.307161, 34.694706, 34.378815>,  <27.358994, 34.769260, 34.156654>, 0.100000
	pigment { color rgbt <1,0,0,0> }
	no_shadow
}
cylinder {
	<27.307161, 34.694706, 34.378815>,  <27.220774, 34.570446, 34.749081>, 0.100000
	pigment { color rgbt <1,0,0,0> }
	no_shadow
}

// particle -1
sphere {
	<27.307161, 34.694706, 34.378815> 0.100000
	pigment { color rgbt <1,0,0,0> }
	no_shadow
}
sphere {
	0, 1
	scale<0.080000,0.200000,0.300000>
	matrix <-0.492375, 0.853321, 0.171493,
		0.843163, 0.418737, 0.337246,
		0.215969, 0.310648, -0.925665,
		27.371952, 34.787899, 34.101116>
	pigment { color rgbt <0,1,1,0> }
	no_shadow
}
cylinder {
	<27.458950, 35.265221, 34.862427>,  <27.220774, 34.570446, 34.749081>, 0.130000
	pigment { color rgbt <1,0,0,0> }
	no_shadow
}

// nucleotide -1

// particle -1
sphere {
	<27.458950, 35.265221, 34.862427> 0.250000
	pigment { color rgbt <1,0,0,0> }
	no_shadow
}
cylinder {
	<27.341949, 35.242435, 34.480598>,  <27.271749, 35.228764, 34.251503>, 0.100000
	pigment { color rgbt <1,0,0,0> }
	no_shadow
}
cylinder {
	<27.341949, 35.242435, 34.480598>,  <27.458950, 35.265221, 34.862427>, 0.100000
	pigment { color rgbt <1,0,0,0> }
	no_shadow
}

// particle -1
sphere {
	<27.341949, 35.242435, 34.480598> 0.100000
	pigment { color rgbt <1,0,0,0> }
	no_shadow
}
sphere {
	0, 1
	scale<0.080000,0.200000,0.300000>
	matrix <-0.570893, 0.811216, 0.126525,
		0.767153, 0.581965, -0.269801,
		-0.292500, -0.056963, -0.954567,
		27.254200, 35.225346, 34.194229>
	pigment { color rgbt <0,1,1,0> }
	no_shadow
}
cylinder {
	<27.536707, 35.925648, 34.569344>,  <27.458950, 35.265221, 34.862427>, 0.130000
	pigment { color rgbt <1,0,0,0> }
	no_shadow
}

// nucleotide -1

// particle -1
sphere {
	<27.536707, 35.925648, 34.569344> 0.250000
	pigment { color rgbt <1,0,0,0> }
	no_shadow
}
cylinder {
	<27.252100, 35.742401, 34.356224>,  <27.081337, 35.632454, 34.228352>, 0.100000
	pigment { color rgbt <1,0,0,0> }
	no_shadow
}
cylinder {
	<27.252100, 35.742401, 34.356224>,  <27.536707, 35.925648, 34.569344>, 0.100000
	pigment { color rgbt <1,0,0,0> }
	no_shadow
}

// particle -1
sphere {
	<27.252100, 35.742401, 34.356224> 0.100000
	pigment { color rgbt <1,0,0,0> }
	no_shadow
}
sphere {
	0, 1
	scale<0.080000,0.200000,0.300000>
	matrix <-0.604884, 0.785186, 0.132655,
		0.357574, 0.416668, -0.835780,
		-0.711516, -0.458116, -0.532798,
		27.038645, 35.604965, 34.196384>
	pigment { color rgbt <0,1,1,0> }
	no_shadow
}
cylinder {
	<28.172607, 36.320900, 34.754391>,  <27.536707, 35.925648, 34.569344>, 0.130000
	pigment { color rgbt <1,0,0,0> }
	no_shadow
}

// nucleotide -1

// particle -1
sphere {
	<28.172607, 36.320900, 34.754391> 0.250000
	pigment { color rgbt <1,0,0,0> }
	no_shadow
}
cylinder {
	<28.146315, 36.129890, 35.104855>,  <28.130539, 36.015285, 35.315132>, 0.100000
	pigment { color rgbt <1,0,0,0> }
	no_shadow
}
cylinder {
	<28.146315, 36.129890, 35.104855>,  <28.172607, 36.320900, 34.754391>, 0.100000
	pigment { color rgbt <1,0,0,0> }
	no_shadow
}

// particle -1
sphere {
	<28.146315, 36.129890, 35.104855> 0.100000
	pigment { color rgbt <1,0,0,0> }
	no_shadow
}
sphere {
	0, 1
	scale<0.080000,0.200000,0.300000>
	matrix <0.985785, 0.104982, 0.131176,
		-0.154620, 0.872325, 0.463834,
		-0.065734, -0.477523, 0.876157,
		28.126595, 35.986633, 35.367702>
	pigment { color rgbt <0,1,1,0> }
	no_shadow
}
cylinder {
	<28.599869, 36.628254, 35.079746>,  <28.172607, 36.320900, 34.754391>, 0.130000
	pigment { color rgbt <1,0,0,0> }
	no_shadow
}

// nucleotide -1

// particle -1
sphere {
	<28.599869, 36.628254, 35.079746> 0.250000
	pigment { color rgbt <1,0,0,0> }
	no_shadow
}
cylinder {
	<28.582703, 36.294716, 35.299877>,  <28.572403, 36.094593, 35.431957>, 0.100000
	pigment { color rgbt <1,0,0,0> }
	no_shadow
}
cylinder {
	<28.582703, 36.294716, 35.299877>,  <28.599869, 36.628254, 35.079746>, 0.100000
	pigment { color rgbt <1,0,0,0> }
	no_shadow
}

// particle -1
sphere {
	<28.582703, 36.294716, 35.299877> 0.100000
	pigment { color rgbt <1,0,0,0> }
	no_shadow
}
sphere {
	0, 1
	scale<0.080000,0.200000,0.300000>
	matrix <0.940215, 0.152573, 0.304495,
		-0.337866, 0.530497, 0.777444,
		-0.042917, -0.833843, 0.550330,
		28.569828, 36.044563, 35.464977>
	pigment { color rgbt <0,1,1,0> }
	no_shadow
}
cylinder {
	<29.058420, 36.768936, 35.627571>,  <28.599869, 36.628254, 35.079746>, 0.130000
	pigment { color rgbt <1,0,0,0> }
	no_shadow
}

// nucleotide -1

// particle -1
sphere {
	<29.058420, 36.768936, 35.627571> 0.250000
	pigment { color rgbt <1,0,0,0> }
	no_shadow
}
cylinder {
	<28.998608, 36.374020, 35.606033>,  <28.962721, 36.137070, 35.593109>, 0.100000
	pigment { color rgbt <1,0,0,0> }
	no_shadow
}
cylinder {
	<28.998608, 36.374020, 35.606033>,  <29.058420, 36.768936, 35.627571>, 0.100000
	pigment { color rgbt <1,0,0,0> }
	no_shadow
}

// particle -1
sphere {
	<28.998608, 36.374020, 35.606033> 0.100000
	pigment { color rgbt <1,0,0,0> }
	no_shadow
}
sphere {
	0, 1
	scale<0.080000,0.200000,0.300000>
	matrix <0.955637, -0.158284, 0.248405,
		-0.253770, -0.014310, 0.967159,
		-0.149531, -0.987290, -0.053843,
		28.953749, 36.077831, 35.589882>
	pigment { color rgbt <0,1,1,0> }
	no_shadow
}
cylinder {
	<29.359617, 36.812408, 36.326317>,  <29.058420, 36.768936, 35.627571>, 0.130000
	pigment { color rgbt <1,0,0,0> }
	no_shadow
}

// nucleotide -1

// particle -1
sphere {
	<29.359617, 36.812408, 36.326317> 0.250000
	pigment { color rgbt <1,0,0,0> }
	no_shadow
}
cylinder {
	<29.584812, 37.141914, 36.353001>,  <29.719929, 37.339619, 36.369011>, 0.100000
	pigment { color rgbt <1,0,0,0> }
	no_shadow
}
cylinder {
	<29.584812, 37.141914, 36.353001>,  <29.359617, 36.812408, 36.326317>, 0.100000
	pigment { color rgbt <1,0,0,0> }
	no_shadow
}

// particle -1
sphere {
	<29.584812, 37.141914, 36.353001> 0.100000
	pigment { color rgbt <1,0,0,0> }
	no_shadow
}
sphere {
	0, 1
	scale<0.080000,0.200000,0.300000>
	matrix <-0.006982, -0.075969, 0.997086,
		0.826435, -0.561814, -0.037018,
		0.562989, 0.823768, 0.066706,
		29.753710, 37.389046, 36.373013>
	pigment { color rgbt <0,1,1,0> }
	no_shadow
}
cylinder {
	<30.128859, 36.728111, 36.606659>,  <29.359617, 36.812408, 36.326317>, 0.130000
	pigment { color rgbt <1,0,0,0> }
	no_shadow
}

// nucleotide -1

// particle -1
sphere {
	<30.128859, 36.728111, 36.606659> 0.250000
	pigment { color rgbt <1,0,0,0> }
	no_shadow
}
cylinder {
	<29.952530, 37.077343, 36.689991>,  <29.846733, 37.286884, 36.739990>, 0.100000
	pigment { color rgbt <1,0,0,0> }
	no_shadow
}
cylinder {
	<29.952530, 37.077343, 36.689991>,  <30.128859, 36.728111, 36.606659>, 0.100000
	pigment { color rgbt <1,0,0,0> }
	no_shadow
}

// particle -1
sphere {
	<29.952530, 37.077343, 36.689991> 0.100000
	pigment { color rgbt <1,0,0,0> }
	no_shadow
}
sphere {
	0, 1
	scale<0.080000,0.200000,0.300000>
	matrix <0.065441, -0.200221, 0.977563,
		0.895205, 0.444566, 0.031127,
		-0.440823, 0.873083, 0.208331,
		29.820282, 37.339268, 36.752491>
	pigment { color rgbt <0,1,1,0> }
	no_shadow
}
cylinder {
	<30.256626, 37.029129, 35.837799>,  <30.128859, 36.728111, 36.606659>, 0.130000
	pigment { color rgbt <1,0,0,0> }
	no_shadow
}

// nucleotide -1

// particle -1
sphere {
	<30.256626, 37.029129, 35.837799> 0.250000
	pigment { color rgbt <1,0,0,0> }
	no_shadow
}
cylinder {
	<30.070169, 36.772972, 35.593632>,  <29.958296, 36.619278, 35.447132>, 0.100000
	pigment { color rgbt <1,0,0,0> }
	no_shadow
}
cylinder {
	<30.070169, 36.772972, 35.593632>,  <30.256626, 37.029129, 35.837799>, 0.100000
	pigment { color rgbt <1,0,0,0> }
	no_shadow
}

// particle -1
sphere {
	<30.070169, 36.772972, 35.593632> 0.100000
	pigment { color rgbt <1,0,0,0> }
	no_shadow
}
sphere {
	0, 1
	scale<0.080000,0.200000,0.300000>
	matrix <0.398197, -0.767994, 0.501621,
		-0.790032, -0.009240, 0.612996,
		-0.466142, -0.640390, -0.610419,
		29.930326, 36.580856, 35.410507>
	pigment { color rgbt <0,1,1,0> }
	no_shadow
}
cylinder {
	<30.940775, 36.761379, 35.725269>,  <30.256626, 37.029129, 35.837799>, 0.130000
	pigment { color rgbt <1,0,0,0> }
	no_shadow
}

// nucleotide -1

// particle -1
sphere {
	<30.940775, 36.761379, 35.725269> 0.250000
	pigment { color rgbt <1,0,0,0> }
	no_shadow
}
cylinder {
	<30.664192, 36.866581, 35.456131>,  <30.498243, 36.929703, 35.294647>, 0.100000
	pigment { color rgbt <1,0,0,0> }
	no_shadow
}
cylinder {
	<30.664192, 36.866581, 35.456131>,  <30.940775, 36.761379, 35.725269>, 0.100000
	pigment { color rgbt <1,0,0,0> }
	no_shadow
}

// particle -1
sphere {
	<30.664192, 36.866581, 35.456131> 0.100000
	pigment { color rgbt <1,0,0,0> }
	no_shadow
}
sphere {
	0, 1
	scale<0.080000,0.200000,0.300000>
	matrix <0.380376, 0.924359, -0.029583,
		0.614168, -0.276388, -0.739194,
		-0.691456, 0.263003, -0.672843,
		30.456755, 36.945480, 35.254276>
	pigment { color rgbt <0,1,1,0> }
	no_shadow
}
cylinder {
	<31.363331, 37.032707, 35.153515>,  <30.940775, 36.761379, 35.725269>, 0.130000
	pigment { color rgbt <1,0,0,0> }
	no_shadow
}

// nucleotide -1

// particle -1
sphere {
	<31.363331, 37.032707, 35.153515> 0.250000
	pigment { color rgbt <1,0,0,0> }
	no_shadow
}
cylinder {
	<31.165213, 37.370468, 35.071865>,  <31.046343, 37.573124, 35.022873>, 0.100000
	pigment { color rgbt <1,0,0,0> }
	no_shadow
}
cylinder {
	<31.165213, 37.370468, 35.071865>,  <31.363331, 37.032707, 35.153515>, 0.100000
	pigment { color rgbt <1,0,0,0> }
	no_shadow
}

// particle -1
sphere {
	<31.165213, 37.370468, 35.071865> 0.100000
	pigment { color rgbt <1,0,0,0> }
	no_shadow
}
sphere {
	0, 1
	scale<0.080000,0.200000,0.300000>
	matrix <0.868667, 0.484131, -0.105046,
		0.010124, -0.229348, -0.973292,
		-0.495293, 0.844403, -0.204129,
		31.016624, 37.623791, 35.010628>
	pigment { color rgbt <0,1,1,0> }
	no_shadow
}
cylinder {
	<31.496582, 37.303864, 34.406883>,  <31.363331, 37.032707, 35.153515>, 0.130000
	pigment { color rgbt <1,0,0,0> }
	no_shadow
}

// nucleotide -1

// particle -1
sphere {
	<31.496582, 37.303864, 34.406883> 0.250000
	pigment { color rgbt <1,0,0,0> }
	no_shadow
}
cylinder {
	<31.439127, 37.579174, 34.691319>,  <31.404654, 37.744358, 34.861980>, 0.100000
	pigment { color rgbt <1,0,0,0> }
	no_shadow
}
cylinder {
	<31.439127, 37.579174, 34.691319>,  <31.496582, 37.303864, 34.406883>, 0.100000
	pigment { color rgbt <1,0,0,0> }
	no_shadow
}

// particle -1
sphere {
	<31.439127, 37.579174, 34.691319> 0.100000
	pigment { color rgbt <1,0,0,0> }
	no_shadow
}
sphere {
	0, 1
	scale<0.080000,0.200000,0.300000>
	matrix <0.920649, 0.356502, -0.159093,
		-0.363004, 0.631811, -0.684867,
		-0.143640, 0.688274, 0.711088,
		31.396034, 37.785656, 34.904644>
	pigment { color rgbt <0,1,1,0> }
	no_shadow
}
cylinder {
	<31.959864, 37.788162, 34.451939>,  <31.496582, 37.303864, 34.406883>, 0.130000
	pigment { color rgbt <1,0,0,0> }
	no_shadow
}

// nucleotide -1

// particle -1
sphere {
	<31.959864, 37.788162, 34.451939> 0.250000
	pigment { color rgbt <1,0,0,0> }
	no_shadow
}
cylinder {
	<32.050430, 38.044640, 34.745224>,  <32.104771, 38.198524, 34.921196>, 0.100000
	pigment { color rgbt <1,0,0,0> }
	no_shadow
}
cylinder {
	<32.050430, 38.044640, 34.745224>,  <31.959864, 37.788162, 34.451939>, 0.100000
	pigment { color rgbt <1,0,0,0> }
	no_shadow
}

// particle -1
sphere {
	<32.050430, 38.044640, 34.745224> 0.100000
	pigment { color rgbt <1,0,0,0> }
	no_shadow
}
sphere {
	0, 1
	scale<0.080000,0.200000,0.300000>
	matrix <0.740177, -0.602581, 0.298387,
		0.633145, 0.475150, -0.611032,
		0.226418, 0.641194, 0.733216,
		32.118355, 38.237000, 34.965187>
	pigment { color rgbt <0,1,1,0> }
	no_shadow
}
cylinder {
	<32.555676, 37.629917, 34.640354>,  <31.959864, 37.788162, 34.451939>, 0.130000
	pigment { color rgbt <1,0,0,0> }
	no_shadow
}

// nucleotide -1

// particle -1
sphere {
	<32.555676, 37.629917, 34.640354> 0.250000
	pigment { color rgbt <1,0,0,0> }
	no_shadow
}
cylinder {
	<32.505764, 37.872498, 34.954460>,  <32.475819, 38.018047, 35.142925>, 0.100000
	pigment { color rgbt <1,0,0,0> }
	no_shadow
}
cylinder {
	<32.505764, 37.872498, 34.954460>,  <32.555676, 37.629917, 34.640354>, 0.100000
	pigment { color rgbt <1,0,0,0> }
	no_shadow
}

// particle -1
sphere {
	<32.505764, 37.872498, 34.954460> 0.100000
	pigment { color rgbt <1,0,0,0> }
	no_shadow
}
sphere {
	0, 1
	scale<0.080000,0.200000,0.300000>
	matrix <0.859172, -0.329803, 0.391220,
		0.496240, 0.723496, -0.479895,
		-0.124776, 0.606452, 0.785269,
		32.468330, 38.054432, 35.190041>
	pigment { color rgbt <0,1,1,0> }
	no_shadow
}
cylinder {
	<33.077911, 38.142632, 34.648109>,  <32.555676, 37.629917, 34.640354>, 0.130000
	pigment { color rgbt <1,0,0,0> }
	no_shadow
}

// nucleotide -1

// particle -1
sphere {
	<33.077911, 38.142632, 34.648109> 0.250000
	pigment { color rgbt <1,0,0,0> }
	no_shadow
}
cylinder {
	<32.951385, 38.008694, 35.003147>,  <32.875469, 37.928329, 35.216171>, 0.100000
	pigment { color rgbt <1,0,0,0> }
	no_shadow
}
cylinder {
	<32.951385, 38.008694, 35.003147>,  <33.077911, 38.142632, 34.648109>, 0.100000
	pigment { color rgbt <1,0,0,0> }
	no_shadow
}

// particle -1
sphere {
	<32.951385, 38.008694, 35.003147> 0.100000
	pigment { color rgbt <1,0,0,0> }
	no_shadow
}
sphere {
	0, 1
	scale<0.080000,0.200000,0.300000>
	matrix <0.907650, -0.378929, 0.180511,
		0.275892, 0.862724, 0.423783,
		-0.316314, -0.334845, 0.887595,
		32.856491, 37.908241, 35.269424>
	pigment { color rgbt <0,1,1,0> }
	no_shadow
}
cylinder {
	<33.488365, 38.387314, 35.315434>,  <33.077911, 38.142632, 34.648109>, 0.130000
	pigment { color rgbt <1,0,0,0> }
	no_shadow
}

// nucleotide -1

// particle -1
sphere {
	<33.488365, 38.387314, 35.315434> 0.250000
	pigment { color rgbt <1,0,0,0> }
	no_shadow
}
cylinder {
	<33.344326, 38.016838, 35.360172>,  <33.257904, 37.794552, 35.387016>, 0.100000
	pigment { color rgbt <1,0,0,0> }
	no_shadow
}
cylinder {
	<33.344326, 38.016838, 35.360172>,  <33.488365, 38.387314, 35.315434>, 0.100000
	pigment { color rgbt <1,0,0,0> }
	no_shadow
}

// particle -1
sphere {
	<33.344326, 38.016838, 35.360172> 0.100000
	pigment { color rgbt <1,0,0,0> }
	no_shadow
}
sphere {
	0, 1
	scale<0.080000,0.200000,0.300000>
	matrix <0.931384, -0.350051, 0.099937,
		-0.053408, 0.140159, 0.988687,
		-0.360098, -0.926186, 0.111847,
		33.236298, 37.738983, 35.393726>
	pigment { color rgbt <0,1,1,0> }
	no_shadow
}
cylinder {
	<33.923637, 38.245213, 35.767952>,  <33.488365, 38.387314, 35.315434>, 0.130000
	pigment { color rgbt <1,0,0,0> }
	no_shadow
}

// nucleotide -1

// particle -1
sphere {
	<33.923637, 38.245213, 35.767952> 0.250000
	pigment { color rgbt <1,0,0,0> }
	no_shadow
}
cylinder {
	<33.783440, 37.913151, 35.594521>,  <33.699322, 37.713913, 35.490459>, 0.100000
	pigment { color rgbt <1,0,0,0> }
	no_shadow
}
cylinder {
	<33.783440, 37.913151, 35.594521>,  <33.923637, 38.245213, 35.767952>, 0.100000
	pigment { color rgbt <1,0,0,0> }
	no_shadow
}

// particle -1
sphere {
	<33.783440, 37.913151, 35.594521> 0.100000
	pigment { color rgbt <1,0,0,0> }
	no_shadow
}
sphere {
	0, 1
	scale<0.080000,0.200000,0.300000>
	matrix <0.856049, -0.471757, 0.211249,
		-0.379915, -0.297125, 0.876003,
		-0.350493, -0.830158, -0.433581,
		33.678291, 37.664104, 35.464447>
	pigment { color rgbt <0,1,1,0> }
	no_shadow
}
cylinder {
	<33.558014, 38.932213, 36.067295>,  <33.923637, 38.245213, 35.767952>, 0.130000
	pigment { color rgbt <1,0,0,0> }
	no_shadow
}

// nucleotide -1

// particle -1
sphere {
	<33.558014, 38.932213, 36.067295> 0.250000
	pigment { color rgbt <1,0,0,0> }
	no_shadow
}
cylinder {
	<33.520199, 38.604492, 36.293503>,  <33.497509, 38.407860, 36.429226>, 0.100000
	pigment { color rgbt <1,0,0,0> }
	no_shadow
}
cylinder {
	<33.520199, 38.604492, 36.293503>,  <33.558014, 38.932213, 36.067295>, 0.100000
	pigment { color rgbt <1,0,0,0> }
	no_shadow
}

// particle -1
sphere {
	<33.520199, 38.604492, 36.293503> 0.100000
	pigment { color rgbt <1,0,0,0> }
	no_shadow
}
sphere {
	0, 1
	scale<0.080000,0.200000,0.300000>
	matrix <-0.646514, 0.482498, 0.590945,
		-0.757022, -0.309750, -0.575301,
		-0.094536, -0.819299, 0.565520,
		33.491837, 38.358704, 36.463158>
	pigment { color rgbt <0,1,1,0> }
	no_shadow
}
cylinder {
	<32.821194, 38.697453, 36.231022>,  <33.558014, 38.932213, 36.067295>, 0.130000
	pigment { color rgbt <1,0,0,0> }
	no_shadow
}

// nucleotide -1

// particle -1
sphere {
	<32.821194, 38.697453, 36.231022> 0.250000
	pigment { color rgbt <1,0,0,0> }
	no_shadow
}
cylinder {
	<33.062229, 38.574764, 36.525726>,  <33.206848, 38.501152, 36.702549>, 0.100000
	pigment { color rgbt <1,0,0,0> }
	no_shadow
}
cylinder {
	<33.062229, 38.574764, 36.525726>,  <32.821194, 38.697453, 36.231022>, 0.100000
	pigment { color rgbt <1,0,0,0> }
	no_shadow
}

// particle -1
sphere {
	<33.062229, 38.574764, 36.525726> 0.100000
	pigment { color rgbt <1,0,0,0> }
	no_shadow
}
sphere {
	0, 1
	scale<0.080000,0.200000,0.300000>
	matrix <-0.700105, 0.239966, 0.672510,
		-0.383072, -0.921052, -0.070140,
		0.602585, -0.306725, 0.736757,
		33.243004, 38.482746, 36.746754>
	pigment { color rgbt <0,1,1,0> }
	no_shadow
}
cylinder {
	<32.555050, 38.069237, 36.560177>,  <32.821194, 38.697453, 36.231022>, 0.130000
	pigment { color rgbt <1,0,0,0> }
	no_shadow
}

// nucleotide -1

// particle -1
sphere {
	<32.555050, 38.069237, 36.560177> 0.250000
	pigment { color rgbt <1,0,0,0> }
	no_shadow
}
cylinder {
	<32.772350, 38.311703, 36.792538>,  <32.902729, 38.457180, 36.931953>, 0.100000
	pigment { color rgbt <1,0,0,0> }
	no_shadow
}
cylinder {
	<32.772350, 38.311703, 36.792538>,  <32.555050, 38.069237, 36.560177>, 0.100000
	pigment { color rgbt <1,0,0,0> }
	no_shadow
}

// particle -1
sphere {
	<32.772350, 38.311703, 36.792538> 0.100000
	pigment { color rgbt <1,0,0,0> }
	no_shadow
}
sphere {
	0, 1
	scale<0.080000,0.200000,0.300000>
	matrix <-0.781696, 0.112740, 0.613385,
		0.306321, -0.787309, 0.535082,
		0.543249, 0.606164, 0.580901,
		32.935326, 38.493553, 36.966808>
	pigment { color rgbt <0,1,1,0> }
	no_shadow
}
cylinder {
	<32.275181, 37.928169, 37.207100>,  <32.555050, 38.069237, 36.560177>, 0.130000
	pigment { color rgbt <1,0,0,0> }
	no_shadow
}

// nucleotide -1

// particle -1
sphere {
	<32.275181, 37.928169, 37.207100> 0.250000
	pigment { color rgbt <1,0,0,0> }
	no_shadow
}
cylinder {
	<32.527401, 38.222912, 37.304630>,  <32.678734, 38.399757, 37.363148>, 0.100000
	pigment { color rgbt <1,0,0,0> }
	no_shadow
}
cylinder {
	<32.527401, 38.222912, 37.304630>,  <32.275181, 37.928169, 37.207100>, 0.100000
	pigment { color rgbt <1,0,0,0> }
	no_shadow
}

// particle -1
sphere {
	<32.527401, 38.222912, 37.304630> 0.100000
	pigment { color rgbt <1,0,0,0> }
	no_shadow
}
sphere {
	0, 1
	scale<0.080000,0.200000,0.300000>
	matrix <-0.526478, 0.175238, 0.831933,
		0.570290, -0.652940, 0.498436,
		0.630547, 0.736859, 0.243822,
		32.716564, 38.443970, 37.377777>
	pigment { color rgbt <0,1,1,0> }
	no_shadow
}
cylinder {
	<32.466480, 37.868301, 37.900959>,  <32.275181, 37.928169, 37.207100>, 0.130000
	pigment { color rgbt <1,0,0,0> }
	no_shadow
}

// nucleotide -1

// particle -1
sphere {
	<32.466480, 37.868301, 37.900959> 0.250000
	pigment { color rgbt <1,0,0,0> }
	no_shadow
}
cylinder {
	<32.514626, 38.251968, 37.798584>,  <32.543514, 38.482170, 37.737160>, 0.100000
	pigment { color rgbt <1,0,0,0> }
	no_shadow
}
cylinder {
	<32.514626, 38.251968, 37.798584>,  <32.466480, 37.868301, 37.900959>, 0.100000
	pigment { color rgbt <1,0,0,0> }
	no_shadow
}

// particle -1
sphere {
	<32.514626, 38.251968, 37.798584> 0.100000
	pigment { color rgbt <1,0,0,0> }
	no_shadow
}
sphere {
	0, 1
	scale<0.080000,0.200000,0.300000>
	matrix <-0.661365, 0.269740, 0.699884,
		0.740344, 0.085026, 0.666829,
		0.120362, 0.959172, -0.255934,
		32.550735, 38.539719, 37.721806>
	pigment { color rgbt <0,1,1,0> }
	no_shadow
}
cylinder {
	<32.286179, 38.179169, 38.575180>,  <32.466480, 37.868301, 37.900959>, 0.130000
	pigment { color rgbt <1,0,0,0> }
	no_shadow
}

// nucleotide -1

// particle -1
sphere {
	<32.286179, 38.179169, 38.575180> 0.250000
	pigment { color rgbt <1,0,0,0> }
	no_shadow
}
cylinder {
	<32.255695, 38.424351, 38.260605>,  <32.237404, 38.571461, 38.071861>, 0.100000
	pigment { color rgbt <1,0,0,0> }
	no_shadow
}
cylinder {
	<32.255695, 38.424351, 38.260605>,  <32.286179, 38.179169, 38.575180>, 0.100000
	pigment { color rgbt <1,0,0,0> }
	no_shadow
}

// particle -1
sphere {
	<32.255695, 38.424351, 38.260605> 0.100000
	pigment { color rgbt <1,0,0,0> }
	no_shadow
}
sphere {
	0, 1
	scale<0.080000,0.200000,0.300000>
	matrix <-0.764138, 0.470778, 0.440978,
		0.640535, 0.634551, 0.432504,
		-0.076210, 0.612954, -0.786434,
		32.232834, 38.608238, 38.024673>
	pigment { color rgbt <0,1,1,0> }
	no_shadow
}
cylinder {
	<31.623613, 38.402996, 38.238022>,  <32.286179, 38.179169, 38.575180>, 0.130000
	pigment { color rgbt <1,0,0,0> }
	no_shadow
}

// nucleotide -1

// particle -1
sphere {
	<31.623613, 38.402996, 38.238022> 0.250000
	pigment { color rgbt <1,0,0,0> }
	no_shadow
}
cylinder {
	<31.703751, 38.778019, 38.351757>,  <31.751833, 39.003033, 38.419998>, 0.100000
	pigment { color rgbt <1,0,0,0> }
	no_shadow
}
cylinder {
	<31.703751, 38.778019, 38.351757>,  <31.623613, 38.402996, 38.238022>, 0.100000
	pigment { color rgbt <1,0,0,0> }
	no_shadow
}

// particle -1
sphere {
	<31.703751, 38.778019, 38.351757> 0.100000
	pigment { color rgbt <1,0,0,0> }
	no_shadow
}
sphere {
	0, 1
	scale<0.080000,0.200000,0.300000>
	matrix <0.834522, -0.011262, -0.550860,
		-0.513259, 0.347652, -0.784667,
		0.200345, 0.937556, 0.284343,
		31.763853, 39.059284, 38.437061>
	pigment { color rgbt <0,1,1,0> }
	no_shadow
}
cylinder {
	<31.380873, 38.854298, 37.608532>,  <31.623613, 38.402996, 38.238022>, 0.130000
	pigment { color rgbt <1,0,0,0> }
	no_shadow
}

// nucleotide -1

// particle -1
sphere {
	<31.380873, 38.854298, 37.608532> 0.250000
	pigment { color rgbt <1,0,0,0> }
	no_shadow
}
cylinder {
	<31.682943, 38.950264, 37.852547>,  <31.864185, 39.007843, 37.998955>, 0.100000
	pigment { color rgbt <1,0,0,0> }
	no_shadow
}
cylinder {
	<31.682943, 38.950264, 37.852547>,  <31.380873, 38.854298, 37.608532>, 0.100000
	pigment { color rgbt <1,0,0,0> }
	no_shadow
}

// particle -1
sphere {
	<31.682943, 38.950264, 37.852547> 0.100000
	pigment { color rgbt <1,0,0,0> }
	no_shadow
}
sphere {
	0, 1
	scale<0.080000,0.200000,0.300000>
	matrix <0.625372, 0.015299, -0.780177,
		-0.196512, 0.970672, -0.138485,
		0.755177, 0.239919, 0.610038,
		31.909496, 39.022240, 38.035557>
	pigment { color rgbt <0,1,1,0> }
	no_shadow
}
cylinder {
	<31.860788, 39.383095, 37.212944>,  <31.380873, 38.854298, 37.608532>, 0.130000
	pigment { color rgbt <1,0,0,0> }
	no_shadow
}

// nucleotide -1

// particle -1
sphere {
	<31.860788, 39.383095, 37.212944> 0.250000
	pigment { color rgbt <1,0,0,0> }
	no_shadow
}
cylinder {
	<32.065277, 39.216984, 37.513927>,  <32.187969, 39.117317, 37.694519>, 0.100000
	pigment { color rgbt <1,0,0,0> }
	no_shadow
}
cylinder {
	<32.065277, 39.216984, 37.513927>,  <31.860788, 39.383095, 37.212944>, 0.100000
	pigment { color rgbt <1,0,0,0> }
	no_shadow
}

// particle -1
sphere {
	<32.065277, 39.216984, 37.513927> 0.100000
	pigment { color rgbt <1,0,0,0> }
	no_shadow
}
sphere {
	0, 1
	scale<0.080000,0.200000,0.300000>
	matrix <0.770068, -0.167445, -0.615595,
