// switches for output
#declare DRAW_BASES = 1; // possible values are 0, 1; only relevant for DNA ribbons
#declare DRAW_BASES_TYPE = 3; // possible values are 1, 2, 3; only relevant for DNA ribbons
#declare DRAW_FOG = 0; // set to 1 to enable fog

#include "colors.inc"

#include "transforms.inc"
background { rgb <1, 1, 1>}

#default {
   normal{
       ripples 0.25
       frequency 0.20
       turbulence 0.2
       lambda 5
   }
	finish {
		phong 0.1
		phong_size 40.
	}
}

// original window dimensions: 1024x640


// camera settings

camera {
	sky <0, 0.179814, -0.983701>
	up <0, 0.179814, -0.983701>
	right 1.6 * <1, 0, 0>
	location <35, 94.9851, 44.8844>
	look_at <35, 29.7336, 32.9568>
	direction <0, -65.2515, -11.9276>
	angle 67.0682
}


# declare cpy_camera_pos = <35, 94.9851, 44.8844>;
# if (DRAW_FOG = 1)
fog {
	fog_type 2
	up vnormalize(cpy_camera_pos)
	color rgbt<1,1,1,0.3>
	distance 1e-5
	fog_alt 3e-3
	fog_offset 56
}
# end


// LIGHTS

# declare lum = 6;
global_settings {
	ambient_light rgb lum * <0.05, 0.05, 0.05>
	max_trace_level 15
}# declare cpy_direct_light_amount = 0.25;
light_source
{	1000 * <-1, -1.16352, -0.803886>,
	rgb lum * cpy_direct_light_amount
	parallel
}

light_source
{	1000 * <1, 1.16352, 0.803886>,
	rgb lum * cpy_direct_light_amount
	parallel
}

// strand 0

// nucleotide -1

// particle -1
sphere {
	<24.126896, 35.406437, 34.664333> 0.250000
	pigment { color rgbt <1,0,0,0> }
	no_shadow
}
cylinder {
	<24.360977, 35.167747, 34.883957>,  <24.501425, 35.024536, 35.015732>, 0.100000
	pigment { color rgbt <1,0,0,0> }
	no_shadow
}
cylinder {
	<24.360977, 35.167747, 34.883957>,  <24.126896, 35.406437, 34.664333>, 0.100000
	pigment { color rgbt <1,0,0,0> }
	no_shadow
}

// particle -1
sphere {
	<24.360977, 35.167747, 34.883957> 0.100000
	pigment { color rgbt <1,0,0,0> }
	no_shadow
}
sphere {
	0, 1
	scale<0.080000,0.200000,0.300000>
	matrix <0.735618, 0.675560, -0.049840,
		-0.341181, 0.433063, 0.834297,
		0.585202, -0.596720, 0.549058,
		24.536537, 34.988731, 35.048676>
	pigment { color rgbt <0,1,1,0> }
	no_shadow
}
cylinder {
	<24.326370, 35.751152, 35.311012>,  <24.126896, 35.406437, 34.664333>, 0.130000
	pigment { color rgbt <1,0,0,0> }
	no_shadow
}

// nucleotide -1

// particle -1
sphere {
	<24.326370, 35.751152, 35.311012> 0.250000
	pigment { color rgbt <1,0,0,0> }
	no_shadow
}
cylinder {
	<24.580055, 35.481613, 35.159382>,  <24.732267, 35.319889, 35.068401>, 0.100000
	pigment { color rgbt <1,0,0,0> }
	no_shadow
}
cylinder {
	<24.580055, 35.481613, 35.159382>,  <24.326370, 35.751152, 35.311012>, 0.100000
	pigment { color rgbt <1,0,0,0> }
	no_shadow
}

// particle -1
sphere {
	<24.580055, 35.481613, 35.159382> 0.100000
	pigment { color rgbt <1,0,0,0> }
	no_shadow
}
sphere {
	0, 1
	scale<0.080000,0.200000,0.300000>
	matrix <0.722528, 0.691064, -0.019612,
		0.275183, -0.261457, 0.925156,
		0.634215, -0.673848, -0.379079,
		24.770319, 35.279457, 35.045658>
	pigment { color rgbt <0,1,1,0> }
	no_shadow
}
cylinder {
	<24.935120, 35.581364, 35.824074>,  <24.326370, 35.751152, 35.311012>, 0.130000
	pigment { color rgbt <1,0,0,0> }
	no_shadow
}

// nucleotide -1

// particle -1
sphere {
	<24.935120, 35.581364, 35.824074> 0.250000
	pigment { color rgbt <1,0,0,0> }
	no_shadow
}
cylinder {
	<25.014145, 35.678513, 35.444183>,  <25.061560, 35.736801, 35.216248>, 0.100000
	pigment { color rgbt <1,0,0,0> }
	no_shadow
}
cylinder {
	<25.014145, 35.678513, 35.444183>,  <24.935120, 35.581364, 35.824074>, 0.100000
	pigment { color rgbt <1,0,0,0> }
	no_shadow
}

// particle -1
sphere {
	<25.014145, 35.678513, 35.444183> 0.100000
	pigment { color rgbt <1,0,0,0> }
	no_shadow
}
sphere {
	0, 1
	scale<0.080000,0.200000,0.300000>
	matrix <0.774948, 0.554635, 0.303043,
		0.600353, -0.795859, -0.078639,
		0.197564, 0.242874, -0.949726,
		25.073414, 35.751373, 35.159264>
	pigment { color rgbt <0,1,1,0> }
	no_shadow
}
cylinder {
	<25.275978, 36.096481, 35.541004>,  <24.935120, 35.581364, 35.824074>, 0.130000
	pigment { color rgbt <1,0,0,0> }
	no_shadow
}

// nucleotide -1

// particle -1
sphere {
	<25.275978, 36.096481, 35.541004> 0.250000
	pigment { color rgbt <1,0,0,0> }
	no_shadow
}
cylinder {
	<25.578104, 36.105015, 35.803009>,  <25.759380, 36.110134, 35.960213>, 0.100000
	pigment { color rgbt <1,0,0,0> }
	no_shadow
}
cylinder {
	<25.578104, 36.105015, 35.803009>,  <25.275978, 36.096481, 35.541004>, 0.100000
	pigment { color rgbt <1,0,0,0> }
	no_shadow
}

// particle -1
sphere {
	<25.578104, 36.105015, 35.803009> 0.100000
	pigment { color rgbt <1,0,0,0> }
	no_shadow
}
sphere {
	0, 1
	scale<0.080000,0.200000,0.300000>
	matrix <0.044280, 0.995525, -0.083480,
		-0.653865, 0.092057, 0.750990,
		0.755315, 0.021330, 0.655015,
		25.804699, 36.111416, 35.999512>
	pigment { color rgbt <0,1,1,0> }
	no_shadow
}
cylinder {
	<25.219259, 36.611919, 36.183891>,  <25.275978, 36.096481, 35.541004>, 0.130000
	pigment { color rgbt <1,0,0,0> }
	no_shadow
}

// nucleotide -1

// particle -1
sphere {
	<25.219259, 36.611919, 36.183891> 0.250000
	pigment { color rgbt <1,0,0,0> }
	no_shadow
}
cylinder {
	<25.606741, 36.566895, 36.095398>,  <25.839230, 36.539879, 36.042301>, 0.100000
	pigment { color rgbt <1,0,0,0> }
	no_shadow
}
cylinder {
	<25.606741, 36.566895, 36.095398>,  <25.219259, 36.611919, 36.183891>, 0.100000
	pigment { color rgbt <1,0,0,0> }
	no_shadow
}

// particle -1
sphere {
	<25.606741, 36.566895, 36.095398> 0.100000
	pigment { color rgbt <1,0,0,0> }
	no_shadow
}
sphere {
	0, 1
	scale<0.080000,0.200000,0.300000>
	matrix <0.061916, 0.972671, -0.223780,
		0.240377, 0.203078, 0.949199,
		0.968703, -0.112562, -0.221234,
		25.897352, 36.533127, 36.029026>
	pigment { color rgbt <0,1,1,0> }
	no_shadow
}
cylinder {
	<25.745333, 36.939102, 36.599815>,  <25.219259, 36.611919, 36.183891>, 0.130000
	pigment { color rgbt <1,0,0,0> }
	no_shadow
}

// nucleotide -1

// particle -1
sphere {
	<25.745333, 36.939102, 36.599815> 0.250000
	pigment { color rgbt <1,0,0,0> }
	no_shadow
}
cylinder {
	<25.889456, 36.917625, 36.227299>,  <25.975929, 36.904739, 36.003788>, 0.100000
	pigment { color rgbt <1,0,0,0> }
	no_shadow
}
cylinder {
	<25.889456, 36.917625, 36.227299>,  <25.745333, 36.939102, 36.599815>, 0.100000
	pigment { color rgbt <1,0,0,0> }
	no_shadow
}

// particle -1
sphere {
	<25.889456, 36.917625, 36.227299> 0.100000
	pigment { color rgbt <1,0,0,0> }
	no_shadow
}
sphere {
	0, 1
	scale<0.080000,0.200000,0.300000>
	matrix <-0.153753, 0.981270, -0.116056,
		0.920076, 0.185004, 0.345303,
		0.360307, -0.053689, -0.931288,
		25.997547, 36.901520, 35.947914>
	pigment { color rgbt <0,1,1,0> }
	no_shadow
}
cylinder {
	<26.232054, 37.483253, 36.442745>,  <25.745333, 36.939102, 36.599815>, 0.130000
	pigment { color rgbt <1,0,0,0> }
	no_shadow
}

// nucleotide -1

// particle -1
sphere {
	<26.232054, 37.483253, 36.442745> 0.250000
	pigment { color rgbt <1,0,0,0> }
	no_shadow
}
cylinder {
	<26.028078, 37.367279, 36.118793>,  <25.905693, 37.297695, 35.924423>, 0.100000
	pigment { color rgbt <1,0,0,0> }
	no_shadow
}
cylinder {
	<26.028078, 37.367279, 36.118793>,  <26.232054, 37.483253, 36.442745>, 0.100000
	pigment { color rgbt <1,0,0,0> }
	no_shadow
}

// particle -1
sphere {
	<26.028078, 37.367279, 36.118793> 0.100000
	pigment { color rgbt <1,0,0,0> }
	no_shadow
}
sphere {
	0, 1
	scale<0.080000,0.200000,0.300000>
	matrix <-0.177806, 0.956680, -0.230538,
		0.841635, 0.026441, -0.539400,
		-0.509937, -0.289937, -0.809876,
		25.875097, 37.280296, 35.875832>
	pigment { color rgbt <0,1,1,0> }
	no_shadow
}
cylinder {
	<26.373194, 37.985241, 35.972946>,  <26.232054, 37.483253, 36.442745>, 0.130000
	pigment { color rgbt <1,0,0,0> }
	no_shadow
}

// nucleotide -1

// particle -1
sphere {
	<26.373194, 37.985241, 35.972946> 0.250000
	pigment { color rgbt <1,0,0,0> }
	no_shadow
}
cylinder {
	<26.016285, 37.831676, 35.877903>,  <25.802139, 37.739536, 35.820877>, 0.100000
	pigment { color rgbt <1,0,0,0> }
	no_shadow
}
cylinder {
	<26.016285, 37.831676, 35.877903>,  <26.373194, 37.985241, 35.972946>, 0.100000
	pigment { color rgbt <1,0,0,0> }
	no_shadow
}

// particle -1
sphere {
	<26.016285, 37.831676, 35.877903> 0.100000
	pigment { color rgbt <1,0,0,0> }
	no_shadow
}
sphere {
	0, 1
	scale<0.080000,0.200000,0.300000>
	matrix <-0.318492, 0.908231, -0.271441,
		0.320015, -0.166523, -0.932663,
		-0.892274, -0.383911, -0.237611,
		25.748602, 37.716503, 35.806618>
	pigment { color rgbt <0,1,1,0> }
	no_shadow
}
cylinder {
	<26.233055, 38.208351, 35.285240>,  <26.373194, 37.985241, 35.972946>, 0.130000
	pigment { color rgbt <1,0,0,0> }
	no_shadow
}

// nucleotide -1

// particle -1
sphere {
	<26.233055, 38.208351, 35.285240> 0.250000
	pigment { color rgbt <1,0,0,0> }
	no_shadow
}
cylinder {
	<25.877962, 38.120350, 35.446995>,  <25.664906, 38.067551, 35.544048>, 0.100000
	pigment { color rgbt <1,0,0,0> }
	no_shadow
}
cylinder {
	<25.877962, 38.120350, 35.446995>,  <26.233055, 38.208351, 35.285240>, 0.100000
	pigment { color rgbt <1,0,0,0> }
	no_shadow
}

// particle -1
sphere {
	<25.877962, 38.120350, 35.446995> 0.100000
	pigment { color rgbt <1,0,0,0> }
	no_shadow
}
sphere {
	0, 1
	scale<0.080000,0.200000,0.300000>
	matrix <-0.394271, 0.816812, -0.421153,
		-0.237654, -0.533309, -0.811851,
		-0.887734, -0.220000, 0.404386,
		25.611643, 38.054348, 35.568310>
	pigment { color rgbt <0,1,1,0> }
	no_shadow
}
cylinder {
	<25.827023, 38.197655, 34.695808>,  <26.233055, 38.208351, 35.285240>, 0.130000
	pigment { color rgbt <1,0,0,0> }
	no_shadow
}

// nucleotide -1

// particle -1
sphere {
	<25.827023, 38.197655, 34.695808> 0.250000
	pigment { color rgbt <1,0,0,0> }
	no_shadow
}
cylinder {
	<25.597328, 38.261101, 35.017078>,  <25.459511, 38.299168, 35.209843>, 0.100000
	pigment { color rgbt <1,0,0,0> }
	no_shadow
}
cylinder {
	<25.597328, 38.261101, 35.017078>,  <25.827023, 38.197655, 34.695808>, 0.100000
	pigment { color rgbt <1,0,0,0> }
	no_shadow
}

// particle -1
sphere {
	<25.597328, 38.261101, 35.017078> 0.100000
	pigment { color rgbt <1,0,0,0> }
	no_shadow
}
sphere {
	0, 1
	scale<0.080000,0.200000,0.300000>
	matrix <-0.550012, 0.651938, -0.521981,
		-0.606417, -0.741497, -0.287125,
		-0.574235, 0.158615, 0.803178,
		25.425058, 38.308685, 35.258034>
	pigment { color rgbt <0,1,1,0> }
	no_shadow
}
cylinder {
	<25.175150, 38.170105, 34.445061>,  <25.827023, 38.197655, 34.695808>, 0.130000
	pigment { color rgbt <1,0,0,0> }
	no_shadow
}

// nucleotide -1

// particle -1
sphere {
	<25.175150, 38.170105, 34.445061> 0.250000
	pigment { color rgbt <1,0,0,0> }
	no_shadow
}
cylinder {
	<25.139729, 38.372391, 34.788319>,  <25.118475, 38.493763, 34.994274>, 0.100000
	pigment { color rgbt <1,0,0,0> }
	no_shadow
}
cylinder {
	<25.139729, 38.372391, 34.788319>,  <25.175150, 38.170105, 34.445061>, 0.100000
	pigment { color rgbt <1,0,0,0> }
	no_shadow
}

// particle -1
sphere {
	<25.139729, 38.372391, 34.788319> 0.100000
	pigment { color rgbt <1,0,0,0> }
	no_shadow
}
sphere {
	0, 1
	scale<0.080000,0.200000,0.300000>
	matrix <-0.543837, 0.697241, -0.467008,
		-0.834505, -0.508047, 0.213280,
		-0.088555, 0.505710, 0.858146,
		25.113163, 38.524105, 35.045761>
	pigment { color rgbt <0,1,1,0> }
	no_shadow
}
cylinder {
	<24.523266, 38.404404, 34.492138>,  <25.175150, 38.170105, 34.445061>, 0.130000
	pigment { color rgbt <1,0,0,0> }
	no_shadow
}

// nucleotide -1

// particle -1
sphere {
	<24.523266, 38.404404, 34.492138> 0.250000
	pigment { color rgbt <1,0,0,0> }
	no_shadow
}
cylinder {
	<24.723711, 38.666206, 34.718594>,  <24.843979, 38.823288, 34.854465>, 0.100000
	pigment { color rgbt <1,0,0,0> }
	no_shadow
}
cylinder {
	<24.723711, 38.666206, 34.718594>,  <24.523266, 38.404404, 34.492138>, 0.100000
	pigment { color rgbt <1,0,0,0> }
	no_shadow
}

// particle -1
sphere {
	<24.723711, 38.666206, 34.718594> 0.100000
	pigment { color rgbt <1,0,0,0> }
	no_shadow
}
sphere {
	0, 1
	scale<0.080000,0.200000,0.300000>
	matrix <-0.401338, 0.755367, -0.518024,
		-0.766690, 0.032376, 0.641201,
		0.501113, 0.654502, 0.566138,
		24.874044, 38.862556, 34.888435>
	pigment { color rgbt <0,1,1,0> }
	no_shadow
}
cylinder {
	<24.622396, 39.078403, 34.205936>,  <24.523266, 38.404404, 34.492138>, 0.130000
	pigment { color rgbt <1,0,0,0> }
	no_shadow
}

// nucleotide -1

// particle -1
sphere {
	<24.622396, 39.078403, 34.205936> 0.250000
	pigment { color rgbt <1,0,0,0> }
	no_shadow
}
cylinder {
	<24.403460, 39.402714, 34.288948>,  <24.272099, 39.597298, 34.338753>, 0.100000
	pigment { color rgbt <1,0,0,0> }
	no_shadow
}
cylinder {
	<24.403460, 39.402714, 34.288948>,  <24.622396, 39.078403, 34.205936>, 0.100000
	pigment { color rgbt <1,0,0,0> }
	no_shadow
}

// particle -1
sphere {
	<24.403460, 39.402714, 34.288948> 0.100000
	pigment { color rgbt <1,0,0,0> }
	no_shadow
}
sphere {
	0, 1
	scale<0.080000,0.200000,0.300000>
	matrix <0.542450, 0.154856, 0.825692,
		0.637311, 0.564508, -0.524562,
		-0.547341, 0.810772, 0.207526,
		24.239258, 39.645947, 34.351204>
	pigment { color rgbt <0,1,1,0> }
	no_shadow
}
cylinder {
	<25.044889, 39.675674, 34.228313>,  <24.622396, 39.078403, 34.205936>, 0.130000
	pigment { color rgbt <1,0,0,0> }
	no_shadow
}

// nucleotide -1

// particle -1
sphere {
	<25.044889, 39.675674, 34.228313> 0.250000
	pigment { color rgbt <1,0,0,0> }
	no_shadow
}
cylinder {
	<24.737909, 39.634605, 34.481445>,  <24.553720, 39.609962, 34.633324>, 0.100000
	pigment { color rgbt <1,0,0,0> }
	no_shadow
}
cylinder {
	<24.737909, 39.634605, 34.481445>,  <25.044889, 39.675674, 34.228313>, 0.100000
	pigment { color rgbt <1,0,0,0> }
	no_shadow
}

// particle -1
sphere {
	<24.737909, 39.634605, 34.481445> 0.100000
	pigment { color rgbt <1,0,0,0> }
	no_shadow
}
sphere {
	0, 1
	scale<0.080000,0.200000,0.300000>
	matrix <0.625155, -0.338686, 0.703188,
		0.142130, 0.935280, 0.324114,
		-0.767451, -0.102677, 0.632832,
		24.507673, 39.603802, 34.671295>
	pigment { color rgbt <0,1,1,0> }
	no_shadow
}
cylinder {
	<25.334269, 39.798290, 34.847450>,  <25.044889, 39.675674, 34.228313>, 0.130000
	pigment { color rgbt <1,0,0,0> }
	no_shadow
}

// nucleotide -1

// particle -1
sphere {
	<25.334269, 39.798290, 34.847450> 0.250000
	pigment { color rgbt <1,0,0,0> }
	no_shadow
}
cylinder {
	<24.998762, 39.592110, 34.917625>,  <24.797459, 39.468403, 34.959732>, 0.100000
	pigment { color rgbt <1,0,0,0> }
	no_shadow
}
cylinder {
	<24.998762, 39.592110, 34.917625>,  <25.334269, 39.798290, 34.847450>, 0.100000
	pigment { color rgbt <1,0,0,0> }
	no_shadow
}

// particle -1
sphere {
	<24.998762, 39.592110, 34.917625> 0.100000
	pigment { color rgbt <1,0,0,0> }
	no_shadow
}
sphere {
	0, 1
	scale<0.080000,0.200000,0.300000>
	matrix <0.414549, -0.395637, 0.819525,
		-0.353011, 0.760121, 0.545527,
		-0.838768, -0.515449, 0.175443,
		24.747131, 39.437473, 34.970257>
	pigment { color rgbt <0,1,1,0> }
	no_shadow
}
cylinder {
	<25.211187, 39.656273, 35.602634>,  <25.334269, 39.798290, 34.847450>, 0.130000
	pigment { color rgbt <1,0,0,0> }
	no_shadow
}

// nucleotide -1

// particle -1
sphere {
	<25.211187, 39.656273, 35.602634> 0.250000
	pigment { color rgbt <1,0,0,0> }
	no_shadow
}
cylinder {
	<24.993315, 39.372353, 35.423965>,  <24.862591, 39.202003, 35.316765>, 0.100000
	pigment { color rgbt <1,0,0,0> }
	no_shadow
}
cylinder {
	<24.993315, 39.372353, 35.423965>,  <25.211187, 39.656273, 35.602634>, 0.100000
	pigment { color rgbt <1,0,0,0> }
	no_shadow
}

// particle -1
sphere {
	<24.993315, 39.372353, 35.423965> 0.100000
	pigment { color rgbt <1,0,0,0> }
	no_shadow
}
sphere {
	0, 1
	scale<0.080000,0.200000,0.300000>
	matrix <0.390680, -0.686041, 0.613772,
		-0.742086, 0.159804, 0.650976,
		-0.544680, -0.709796, -0.446669,
		24.829910, 39.159412, 35.289967>
	pigment { color rgbt <0,1,1,0> }
	no_shadow
}
cylinder {
	<24.975731, 39.194744, 36.169975>,  <25.211187, 39.656273, 35.602634>, 0.130000
	pigment { color rgbt <1,0,0,0> }
	no_shadow
}

// nucleotide -1

// particle -1
sphere {
	<24.975731, 39.194744, 36.169975> 0.250000
	pigment { color rgbt <1,0,0,0> }
	no_shadow
}
cylinder {
	<25.005129, 38.988632, 35.828430>,  <25.022768, 38.864964, 35.623501>, 0.100000
	pigment { color rgbt <1,0,0,0> }
	no_shadow
}
cylinder {
	<25.005129, 38.988632, 35.828430>,  <24.975731, 39.194744, 36.169975>, 0.100000
	pigment { color rgbt <1,0,0,0> }
	no_shadow
}

// particle -1
sphere {
	<25.005129, 38.988632, 35.828430> 0.100000
	pigment { color rgbt <1,0,0,0> }
	no_shadow
}
sphere {
	0, 1
	scale<0.080000,0.200000,0.300000>
	matrix <0.395264, -0.771014, 0.499304,
		-0.915623, -0.374197, 0.147008,
		0.073492, -0.515281, -0.853864,
		25.027176, 38.834049, 35.572269>
	pigment { color rgbt <0,1,1,0> }
	no_shadow
}
cylinder {
	<24.575562, 38.529861, 36.217121>,  <24.975731, 39.194744, 36.169975>, 0.130000
	pigment { color rgbt <1,0,0,0> }
	no_shadow
}

// nucleotide -1

// particle -1
sphere {
	<24.575562, 38.529861, 36.217121> 0.250000
	pigment { color rgbt <1,0,0,0> }
	no_shadow
}
cylinder {
	<24.853800, 38.466705, 35.936775>,  <25.020742, 38.428810, 35.768566>, 0.100000
	pigment { color rgbt <1,0,0,0> }
	no_shadow
}
cylinder {
	<24.853800, 38.466705, 35.936775>,  <24.575562, 38.529861, 36.217121>, 0.100000
	pigment { color rgbt <1,0,0,0> }
	no_shadow
}

// particle -1
sphere {
	<24.853800, 38.466705, 35.936775> 0.100000
	pigment { color rgbt <1,0,0,0> }
	no_shadow
}
sphere {
	0, 1
	scale<0.080000,0.200000,0.300000>
	matrix <0.251823, -0.860074, 0.443686,
		-0.672853, -0.485121, -0.558504,
		0.695596, -0.157891, -0.700868,
		25.062479, 38.419338, 35.726513>
	pigment { color rgbt <0,1,1,0> }
	no_shadow
}
cylinder {
	<24.479591, 37.807323, 36.124191>,  <24.575562, 38.529861, 36.217121>, 0.130000
	pigment { color rgbt <1,0,0,0> }
	no_shadow
}

// nucleotide -1

// particle -1
sphere {
	<24.479591, 37.807323, 36.124191> 0.250000
	pigment { color rgbt <1,0,0,0> }
	no_shadow
}
cylinder {
	<24.837687, 37.904934, 35.975063>,  <25.052544, 37.963501, 35.885586>, 0.100000
	pigment { color rgbt <1,0,0,0> }
	no_shadow
}
cylinder {
	<24.837687, 37.904934, 35.975063>,  <24.479591, 37.807323, 36.124191>, 0.100000
	pigment { color rgbt <1,0,0,0> }
	no_shadow
}

// particle -1
sphere {
	<24.837687, 37.904934, 35.975063> 0.100000
	pigment { color rgbt <1,0,0,0> }
	no_shadow
}
sphere {
	0, 1
	scale<0.080000,0.200000,0.300000>
	matrix <0.347687, -0.905850, 0.241969,
		-0.278674, -0.346246, -0.895798,
		0.895240, 0.244027, -0.372823,
		25.106258, 37.978142, 35.863216>
	pigment { color rgbt <0,1,1,0> }
	no_shadow
}
cylinder {
	<24.555363, 37.276226, 35.722347>,  <24.479591, 37.807323, 36.124191>, 0.130000
	pigment { color rgbt <1,0,0,0> }
	no_shadow
}

// nucleotide -1

// particle -1
sphere {
	<24.555363, 37.276226, 35.722347> 0.250000
	pigment { color rgbt <1,0,0,0> }
	no_shadow
}
cylinder {
	<24.926435, 37.411697, 35.785225>,  <25.149078, 37.492981, 35.822952>, 0.100000
	pigment { color rgbt <1,0,0,0> }
	no_shadow
}
cylinder {
	<24.926435, 37.411697, 35.785225>,  <24.555363, 37.276226, 35.722347>, 0.100000
	pigment { color rgbt <1,0,0,0> }
	no_shadow
}

// particle -1
sphere {
	<24.926435, 37.411697, 35.785225> 0.100000
	pigment { color rgbt <1,0,0,0> }
	no_shadow
}
sphere {
	0, 1
	scale<0.080000,0.200000,0.300000>
	matrix <0.304404, -0.929814, 0.206845,
		0.216211, -0.144037, -0.965664,
		0.927681, 0.338674, 0.157191,
		25.204741, 37.513298, 35.832382>
	pigment { color rgbt <0,1,1,0> }
	no_shadow
}
cylinder {
	<25.158369, 37.011879, 35.223282>,  <24.555363, 37.276226, 35.722347>, 0.130000
	pigment { color rgbt <1,0,0,0> }
	no_shadow
}

// nucleotide -1

// particle -1
sphere {
	<25.158369, 37.011879, 35.223282> 0.250000
	pigment { color rgbt <1,0,0,0> }
	no_shadow
}
cylinder {
	<25.264351, 37.107246, 35.597012>,  <25.327940, 37.164467, 35.821247>, 0.100000
	pigment { color rgbt <1,0,0,0> }
	no_shadow
}
cylinder {
	<25.264351, 37.107246, 35.597012>,  <25.158369, 37.011879, 35.223282>, 0.100000
	pigment { color rgbt <1,0,0,0> }
	no_shadow
}

// particle -1
sphere {
	<25.264351, 37.107246, 35.597012> 0.100000
	pigment { color rgbt <1,0,0,0> }
	no_shadow
}
sphere {
	0, 1
	scale<0.080000,0.200000,0.300000>
	matrix <0.305340, -0.939834, 0.153233,
		0.914640, 0.244686, -0.321811,
		0.264954, 0.238415, 0.934322,
		25.343838, 37.178772, 35.877308>
	pigment { color rgbt <0,1,1,0> }
	no_shadow
}
cylinder {
	<25.698324, 36.998379, 34.823666>,  <25.158369, 37.011879, 35.223282>, 0.130000
	pigment { color rgbt <1,0,0,0> }
	no_shadow
}

// nucleotide -1

// particle -1
sphere {
	<25.698324, 36.998379, 34.823666> 0.250000
	pigment { color rgbt <1,0,0,0> }
	no_shadow
}
cylinder {
	<25.874672, 37.127636, 35.158619>,  <25.980480, 37.205193, 35.359592>, 0.100000
	pigment { color rgbt <1,0,0,0> }
	no_shadow
}
cylinder {
	<25.874672, 37.127636, 35.158619>,  <25.698324, 36.998379, 34.823666>, 0.100000
	pigment { color rgbt <1,0,0,0> }
	no_shadow
}

// particle -1
sphere {
	<25.874672, 37.127636, 35.158619> 0.100000
	pigment { color rgbt <1,0,0,0> }
	no_shadow
}
sphere {
	0, 1
	scale<0.080000,0.200000,0.300000>
	matrix <0.092125, -0.944308, 0.315905,
		0.892832, -0.062129, -0.446085,
		0.440868, 0.323145, 0.837384,
		26.006933, 37.224579, 35.409836>
	pigment { color rgbt <0,1,1,0> }
	no_shadow
}
cylinder {
	<26.396645, 36.836380, 34.726200>,  <25.698324, 36.998379, 34.823666>, 0.130000
	pigment { color rgbt <1,0,0,0> }
	no_shadow
}

// nucleotide -1

// particle -1
sphere {
	<26.396645, 36.836380, 34.726200> 0.250000
	pigment { color rgbt <1,0,0,0> }
	no_shadow
}
cylinder {
	<26.251244, 36.845436, 35.098728>,  <26.164003, 36.850868, 35.322243>, 0.100000
	pigment { color rgbt <1,0,0,0> }
	no_shadow
}
cylinder {
	<26.251244, 36.845436, 35.098728>,  <26.396645, 36.836380, 34.726200>, 0.100000
	pigment { color rgbt <1,0,0,0> }
	no_shadow
}

// particle -1
sphere {
	<26.251244, 36.845436, 35.098728> 0.100000
	pigment { color rgbt <1,0,0,0> }
	no_shadow
}
sphere {
	0, 1
	scale<0.080000,0.200000,0.300000>
	matrix <0.164963, -0.982342, 0.088268,
		0.916872, 0.185718, 0.353348,
		-0.363502, 0.022641, 0.931318,
		26.142193, 36.852230, 35.378124>
	pigment { color rgbt <0,1,1,0> }
	no_shadow
}
cylinder {
	<26.854828, 36.468174, 35.239494>,  <26.396645, 36.836380, 34.726200>, 0.130000
	pigment { color rgbt <1,0,0,0> }
	no_shadow
}

// nucleotide -1

// particle -1
sphere {
	<26.854828, 36.468174, 35.239494> 0.250000
	pigment { color rgbt <1,0,0,0> }
	no_shadow
}
cylinder {
	<26.487713, 36.481064, 35.397800>,  <26.267445, 36.488800, 35.492783>, 0.100000
	pigment { color rgbt <1,0,0,0> }
	no_shadow
}
cylinder {
	<26.487713, 36.481064, 35.397800>,  <26.854828, 36.468174, 35.239494>, 0.100000
	pigment { color rgbt <1,0,0,0> }
	no_shadow
}

// particle -1
sphere {
	<26.487713, 36.481064, 35.397800> 0.100000
	pigment { color rgbt <1,0,0,0> }
	no_shadow
}
sphere {
	0, 1
	scale<0.080000,0.200000,0.300000>
	matrix <-0.047370, -0.998470, -0.028541,
		0.394241, -0.044942, 0.917908,
		-0.917786, 0.032229, 0.395766,
		26.212378, 36.490734, 35.516529>
	pigment { color rgbt <0,1,1,0> }
	no_shadow
}
cylinder {
	<26.713753, 35.933403, 35.793144>,  <26.854828, 36.468174, 35.239494>, 0.130000
	pigment { color rgbt <1,0,0,0> }
	no_shadow
}

// nucleotide -1

// particle -1
sphere {
	<26.713753, 35.933403, 35.793144> 0.250000
	pigment { color rgbt <1,0,0,0> }
	no_shadow
}
cylinder {
	<26.350775, 36.019119, 35.648579>,  <26.132988, 36.070549, 35.561840>, 0.100000
	pigment { color rgbt <1,0,0,0> }
	no_shadow
}
cylinder {
	<26.350775, 36.019119, 35.648579>,  <26.713753, 35.933403, 35.793144>, 0.100000
	pigment { color rgbt <1,0,0,0> }
	no_shadow
}

// particle -1
sphere {
	<26.350775, 36.019119, 35.648579> 0.100000
	pigment { color rgbt <1,0,0,0> }
	no_shadow
}
sphere {
	0, 1
	scale<0.080000,0.200000,0.300000>
	matrix <-0.283954, -0.946779, 0.151590,
		-0.309698, 0.240186, 0.919999,
		-0.907446, 0.214290, -0.361417,
		26.078541, 36.083405, 35.540154>
	pigment { color rgbt <0,1,1,0> }
	no_shadow
}
cylinder {
	<27.251356, 35.536488, 35.954136>,  <26.713753, 35.933403, 35.793144>, 0.130000
	pigment { color rgbt <1,0,0,0> }
	no_shadow
}

// nucleotide -1

// particle -1
sphere {
	<27.251356, 35.536488, 35.954136> 0.250000
	pigment { color rgbt <1,0,0,0> }
	no_shadow
}
cylinder {
	<27.352592, 35.287502, 35.657898>,  <27.413334, 35.138111, 35.480156>, 0.100000
	pigment { color rgbt <1,0,0,0> }
	no_shadow
}
cylinder {
	<27.352592, 35.287502, 35.657898>,  <27.251356, 35.536488, 35.954136>, 0.100000
	pigment { color rgbt <1,0,0,0> }
	no_shadow
}

// particle -1
sphere {
	<27.352592, 35.287502, 35.657898> 0.100000
	pigment { color rgbt <1,0,0,0> }
	no_shadow
}
sphere {
	0, 1
	scale<0.080000,0.200000,0.300000>
	matrix <0.939608, 0.340463, 0.034944,
		0.230394, -0.704714, 0.671042,
		0.253090, -0.622466, -0.740596,
		27.428520, 35.100761, 35.435719>
	pigment { color rgbt <0,1,1,0> }
	no_shadow
}
cylinder {
	<27.758406, 35.198120, 36.201557>,  <27.251356, 35.536488, 35.954136>, 0.130000
	pigment { color rgbt <1,0,0,0> }
	no_shadow
}

// nucleotide -1

// particle -1
sphere {
	<27.758406, 35.198120, 36.201557> 0.250000
	pigment { color rgbt <1,0,0,0> }
	no_shadow
}
cylinder {
	<27.787058, 35.202755, 35.802612>,  <27.804249, 35.205536, 35.563244>, 0.100000
	pigment { color rgbt <1,0,0,0> }
	no_shadow
}
cylinder {
	<27.787058, 35.202755, 35.802612>,  <27.758406, 35.198120, 36.201557>, 0.100000
	pigment { color rgbt <1,0,0,0> }
	no_shadow
}

// particle -1
sphere {
	<27.787058, 35.202755, 35.802612> 0.100000
	pigment { color rgbt <1,0,0,0> }
	no_shadow
}
sphere {
	0, 1
	scale<0.080000,0.200000,0.300000>
	matrix <0.940105, 0.333326, 0.071392,
		0.333275, -0.942740, 0.012970,
		0.071627, 0.011600, -0.997364,
		27.808548, 35.206230, 35.503403>
	pigment { color rgbt <0,1,1,0> }
	no_shadow
}
cylinder {
	<28.370342, 34.849266, 36.101345>,  <27.758406, 35.198120, 36.201557>, 0.130000
	pigment { color rgbt <1,0,0,0> }
	no_shadow
}

// nucleotide -1

// particle -1
sphere {
	<28.370342, 34.849266, 36.101345> 0.250000
	pigment { color rgbt <1,0,0,0> }
	no_shadow
}
cylinder {
	<28.327707, 35.139267, 35.829163>,  <28.302126, 35.313267, 35.665855>, 0.100000
	pigment { color rgbt <1,0,0,0> }
	no_shadow
}
cylinder {
	<28.327707, 35.139267, 35.829163>,  <28.370342, 34.849266, 36.101345>, 0.100000
	pigment { color rgbt <1,0,0,0> }
	no_shadow
}

// particle -1
sphere {
	<28.327707, 35.139267, 35.829163> 0.100000
	pigment { color rgbt <1,0,0,0> }
	no_shadow
}
sphere {
	0, 1
	scale<0.080000,0.200000,0.300000>
	matrix <0.883866, 0.382547, 0.269144,
		0.455434, -0.572742, -0.681577,
		-0.106585, 0.725000, -0.680452,
		28.295732, 35.356766, 35.625027>
	pigment { color rgbt <0,1,1,0> }
	no_shadow
}
cylinder {
	<28.953941, 34.936668, 35.675781>,  <28.370342, 34.849266, 36.101345>, 0.130000
	pigment { color rgbt <1,0,0,0> }
	no_shadow
}

// nucleotide -1

// particle -1
sphere {
	<28.953941, 34.936668, 35.675781> 0.250000
	pigment { color rgbt <1,0,0,0> }
	no_shadow
}
cylinder {
	<28.748474, 35.277435, 35.716526>,  <28.625193, 35.481895, 35.740974>, 0.100000
	pigment { color rgbt <1,0,0,0> }
	no_shadow
}
cylinder {
	<28.748474, 35.277435, 35.716526>,  <28.953941, 34.936668, 35.675781>, 0.100000
	pigment { color rgbt <1,0,0,0> }
	no_shadow
}

// particle -1
sphere {
	<28.748474, 35.277435, 35.716526> 0.100000
	pigment { color rgbt <1,0,0,0> }
	no_shadow
}
sphere {
	0, 1
	scale<0.080000,0.200000,0.300000>
	matrix <0.847688, 0.485572, 0.213647,
		0.132547, 0.196094, -0.971585,
		-0.513670, 0.851919, 0.101865,
		28.594374, 35.533012, 35.747086>
	pigment { color rgbt <0,1,1,0> }
	no_shadow
}
cylinder {
	<29.473175, 35.410271, 35.640434>,  <28.953941, 34.936668, 35.675781>, 0.130000
	pigment { color rgbt <1,0,0,0> }
	no_shadow
}

// nucleotide -1

// particle -1
sphere {
	<29.473175, 35.410271, 35.640434> 0.250000
	pigment { color rgbt <1,0,0,0> }
	no_shadow
}
cylinder {
	<29.176914, 35.660614, 35.738205>,  <28.999159, 35.810818, 35.796867>, 0.100000
	pigment { color rgbt <1,0,0,0> }
	no_shadow
}
cylinder {
	<29.176914, 35.660614, 35.738205>,  <29.473175, 35.410271, 35.640434>, 0.100000
	pigment { color rgbt <1,0,0,0> }
	no_shadow
}

// particle -1
sphere {
	<29.176914, 35.660614, 35.738205> 0.100000
	pigment { color rgbt <1,0,0,0> }
	no_shadow
}
sphere {
	0, 1
	scale<0.080000,0.200000,0.300000>
	matrix <0.668322, 0.648794, 0.363885,
		0.069157, 0.432867, -0.898801,
		-0.740650, 0.625854, 0.244426,
		28.954720, 35.848370, 35.811531>
	pigment { color rgbt <0,1,1,0> }
	no_shadow
}
cylinder {
	<29.591768, 36.081726, 35.380096>,  <29.473175, 35.410271, 35.640434>, 0.130000
	pigment { color rgbt <1,0,0,0> }
	no_shadow
}

// nucleotide -1

// particle -1
sphere {
	<29.591768, 36.081726, 35.380096> 0.250000
	pigment { color rgbt <1,0,0,0> }
	no_shadow
}
cylinder {
	<29.379972, 36.101227, 35.718864>,  <29.252895, 36.112926, 35.922123>, 0.100000
	pigment { color rgbt <1,0,0,0> }
	no_shadow
}
cylinder {
	<29.379972, 36.101227, 35.718864>,  <29.591768, 36.081726, 35.380096>, 0.100000
	pigment { color rgbt <1,0,0,0> }
	no_shadow
}

// particle -1
sphere {
	<29.379972, 36.101227, 35.718864> 0.100000
	pigment { color rgbt <1,0,0,0> }
	no_shadow
}
sphere {
	0, 1
	scale<0.080000,0.200000,0.300000>
	matrix <0.663136, 0.646402, 0.377379,
		-0.529050, 0.761438, -0.374592,
		-0.529488, 0.048753, 0.846916,
		29.221127, 36.115852, 35.972939>
	pigment { color rgbt <0,1,1,0> }
	no_shadow
}
cylinder {
	<30.100931, 36.731434, 35.273239>,  <29.591768, 36.081726, 35.380096>, 0.130000
	pigment { color rgbt <1,0,0,0> }
	no_shadow
}

// nucleotide -1

// particle -1
sphere {
	<30.100931, 36.731434, 35.273239> 0.250000
	pigment { color rgbt <1,0,0,0> }
	no_shadow
}
cylinder {
	<29.849564, 37.023190, 35.165096>,  <29.698744, 37.198242, 35.100212>, 0.100000
	pigment { color rgbt <1,0,0,0> }
	no_shadow
}
cylinder {
	<29.849564, 37.023190, 35.165096>,  <30.100931, 36.731434, 35.273239>, 0.100000
	pigment { color rgbt <1,0,0,0> }
	no_shadow
}

// particle -1
sphere {
	<29.849564, 37.023190, 35.165096> 0.100000
	pigment { color rgbt <1,0,0,0> }
	no_shadow
}
sphere {
	0, 1
	scale<0.080000,0.200000,0.300000>
	matrix <0.515431, 0.650742, 0.557553,
		0.582600, 0.211027, -0.784885,
		-0.628417, 0.729385, -0.270353,
		29.661039, 37.242004, 35.083992>
	pigment { color rgbt <0,1,1,0> }
	no_shadow
}
cylinder {
	<30.529913, 37.345718, 35.031284>,  <30.100931, 36.731434, 35.273239>, 0.130000
	pigment { color rgbt <1,0,0,0> }
	no_shadow
}

// nucleotide -1

// particle -1
sphere {
	<30.529913, 37.345718, 35.031284> 0.250000
	pigment { color rgbt <1,0,0,0> }
	no_shadow
}
cylinder {
	<30.174295, 37.452991, 35.179707>,  <29.960924, 37.517353, 35.268761>, 0.100000
	pigment { color rgbt <1,0,0,0> }
	no_shadow
}
cylinder {
	<30.174295, 37.452991, 35.179707>,  <30.529913, 37.345718, 35.031284>, 0.100000
	pigment { color rgbt <1,0,0,0> }
	no_shadow
}

// particle -1
sphere {
	<30.174295, 37.452991, 35.179707> 0.100000
	pigment { color rgbt <1,0,0,0> }
	no_shadow
}
sphere {
	0, 1
	scale<0.080000,0.200000,0.300000>
	matrix <0.433639, 0.753184, 0.494643,
		-0.146818, 0.600662, -0.785907,
		-0.889045, 0.268178, 0.371051,
		29.907581, 37.533443, 35.291023>
	pigment { color rgbt <0,1,1,0> }
	no_shadow
}
cylinder {
	<30.970867, 36.834393, 35.443165>,  <30.529913, 37.345718, 35.031284>, 0.130000
	pigment { color rgbt <1,0,0,0> }
	no_shadow
}

// nucleotide -1

// particle -1
sphere {
	<30.970867, 36.834393, 35.443165> 0.250000
	pigment { color rgbt <1,0,0,0> }
	no_shadow
}
cylinder {
	<30.900715, 36.473423, 35.285751>,  <30.858624, 36.256840, 35.191303>, 0.100000
	pigment { color rgbt <1,0,0,0> }
	no_shadow
}
cylinder {
	<30.900715, 36.473423, 35.285751>,  <30.970867, 36.834393, 35.443165>, 0.100000
	pigment { color rgbt <1,0,0,0> }
	no_shadow
}

// particle -1
sphere {
	<30.900715, 36.473423, 35.285751> 0.100000
	pigment { color rgbt <1,0,0,0> }
	no_shadow
}
sphere {
	0, 1
	scale<0.080000,0.200000,0.300000>
	matrix <0.560341, 0.237173, -0.793578,
		0.809481, -0.359692, 0.464071,
		-0.175379, -0.902425, -0.393538,
		30.848101, 36.202694, 35.167690>
	pigment { color rgbt <0,1,1,0> }
	no_shadow
}
cylinder {
	<31.561234, 36.736057, 35.175682>,  <30.970867, 36.834393, 35.443165>, 0.130000
	pigment { color rgbt <1,0,0,0> }
	no_shadow
}

// nucleotide -1

// particle -1
sphere {
	<31.561234, 36.736057, 35.175682> 0.250000
	pigment { color rgbt <1,0,0,0> }
	no_shadow
}
cylinder {
	<31.289911, 36.498180, 35.003059>,  <31.127119, 36.355453, 34.899487>, 0.100000
	pigment { color rgbt <1,0,0,0> }
	no_shadow
}
cylinder {
	<31.289911, 36.498180, 35.003059>,  <31.561234, 36.736057, 35.175682>, 0.100000
	pigment { color rgbt <1,0,0,0> }
	no_shadow
}

// particle -1
sphere {
	<31.289911, 36.498180, 35.003059> 0.100000
	pigment { color rgbt <1,0,0,0> }
	no_shadow
}
sphere {
	0, 1
	scale<0.080000,0.200000,0.300000>
	matrix <0.410706, 0.180157, -0.893792,
		0.609283, -0.783505, 0.122045,
		-0.678303, -0.594696, -0.431556,
		31.086420, 36.319771, 34.873592>
	pigment { color rgbt <0,1,1,0> }
	no_shadow
}
cylinder {
	<31.839525, 36.158390, 34.977757>,  <31.561234, 36.736057, 35.175682>, 0.130000
	pigment { color rgbt <1,0,0,0> }
	no_shadow
}

// nucleotide -1

// particle -1
sphere {
	<31.839525, 36.158390, 34.977757> 0.250000
	pigment { color rgbt <1,0,0,0> }
	no_shadow
}
cylinder {
	<31.537270, 36.305141, 34.760719>,  <31.355915, 36.393192, 34.630497>, 0.100000
	pigment { color rgbt <1,0,0,0> }
	no_shadow
}
cylinder {
	<31.537270, 36.305141, 34.760719>,  <31.839525, 36.158390, 34.977757>, 0.100000
	pigment { color rgbt <1,0,0,0> }
	no_shadow
}

// particle -1
sphere {
	<31.537270, 36.305141, 34.760719> 0.100000
	pigment { color rgbt <1,0,0,0> }
	no_shadow
}
sphere {
	0, 1
	scale<0.080000,0.200000,0.300000>
	matrix <0.644656, 0.270037, -0.715191,
		-0.115872, -0.890212, -0.440564,
		-0.755640, 0.366883, -0.542591,
		31.310577, 36.415207, 34.597942>
	pigment { color rgbt <0,1,1,0> }
	no_shadow
}
cylinder {
	<32.455891, 36.532326, 34.820496>,  <31.839525, 36.158390, 34.977757>, 0.130000
	pigment { color rgbt <1,0,0,0> }
	no_shadow
}

// nucleotide -1

// particle -1
sphere {
	<32.455891, 36.532326, 34.820496> 0.250000
	pigment { color rgbt <1,0,0,0> }
	no_shadow
}
cylinder {
	<32.855236, 36.555149, 34.818569>,  <33.094841, 36.568844, 34.817413>, 0.100000
	pigment { color rgbt <1,0,0,0> }
	no_shadow
}
cylinder {
	<32.855236, 36.555149, 34.818569>,  <32.455891, 36.532326, 34.820496>, 0.100000
	pigment { color rgbt <1,0,0,0> }
	no_shadow
}

// particle -1
sphere {
	<32.855236, 36.555149, 34.818569> 0.100000
	pigment { color rgbt <1,0,0,0> }
	no_shadow
}
sphere {
	0, 1
	scale<0.080000,0.200000,0.300000>
	matrix <-0.029638, 0.586947, 0.809083,
		0.048992, -0.807612, 0.587675,
		0.998359, 0.057056, -0.004820,
		33.154743, 36.572266, 34.817123>
	pigment { color rgbt <0,1,1,0> }
	no_shadow
}
cylinder {
	<32.690033, 36.328388, 35.558025>,  <32.455891, 36.532326, 34.820496>, 0.130000
	pigment { color rgbt <1,0,0,0> }
	no_shadow
}

// nucleotide -1

// particle -1
sphere {
	<32.690033, 36.328388, 35.558025> 0.250000
	pigment { color rgbt <1,0,0,0> }
	no_shadow
}
cylinder {
	<32.958740, 36.559120, 35.372124>,  <33.119965, 36.697559, 35.260582>, 0.100000
	pigment { color rgbt <1,0,0,0> }
	no_shadow
}
cylinder {
	<32.958740, 36.559120, 35.372124>,  <32.690033, 36.328388, 35.558025>, 0.100000
	pigment { color rgbt <1,0,0,0> }
	no_shadow
}

// particle -1
sphere {
	<32.958740, 36.559120, 35.372124> 0.100000
	pigment { color rgbt <1,0,0,0> }
	no_shadow
}
sphere {
	0, 1
	scale<0.080000,0.200000,0.300000>
	matrix <0.091974, 0.557602, 0.824997,
		0.735029, -0.596952, 0.321527,
		0.671768, 0.576825, -0.464758,
		33.160271, 36.732166, 35.232697>
	pigment { color rgbt <0,1,1,0> }
	no_shadow
}
cylinder {
	<33.185184, 36.417332, 36.095146>,  <32.690033, 36.328388, 35.558025>, 0.130000
	pigment { color rgbt <1,0,0,0> }
	no_shadow
}

// nucleotide -1

// particle -1
sphere {
	<33.185184, 36.417332, 36.095146> 0.250000
	pigment { color rgbt <1,0,0,0> }
	no_shadow
}
cylinder {
	<33.240379, 36.707054, 35.824936>,  <33.273495, 36.880890, 35.662807>, 0.100000
	pigment { color rgbt <1,0,0,0> }
	no_shadow
}
cylinder {
	<33.240379, 36.707054, 35.824936>,  <33.185184, 36.417332, 36.095146>, 0.100000
	pigment { color rgbt <1,0,0,0> }
	no_shadow
}

// particle -1
sphere {
	<33.240379, 36.707054, 35.824936> 0.100000
	pigment { color rgbt <1,0,0,0> }
	no_shadow
}
sphere {
	0, 1
	scale<0.080000,0.200000,0.300000>
	matrix <0.155575, 0.657735, 0.737008,
		0.978139, -0.206790, -0.021928,
		0.137983, 0.724308, -0.675528,
		33.281773, 36.924347, 35.622276>
	pigment { color rgbt <0,1,1,0> }
	no_shadow
}
cylinder {
	<33.877567, 36.976784, 36.075897>,  <33.185184, 36.417332, 36.095146>, 0.130000
	pigment { color rgbt <1,0,0,0> }
	no_shadow
}

// nucleotide -1

// particle -1
sphere {
	<33.877567, 36.976784, 36.075897> 0.250000
	pigment { color rgbt <1,0,0,0> }
	no_shadow
}
cylinder {
	<33.496155, 37.046204, 35.977383>,  <33.267307, 37.087856, 35.918274>, 0.100000
	pigment { color rgbt <1,0,0,0> }
	no_shadow
}
cylinder {
	<33.496155, 37.046204, 35.977383>,  <33.877567, 36.976784, 36.075897>, 0.100000
	pigment { color rgbt <1,0,0,0> }
	no_shadow
}

// particle -1
sphere {
	<33.496155, 37.046204, 35.977383> 0.100000
	pigment { color rgbt <1,0,0,0> }
	no_shadow
}
sphere {
	0, 1
	scale<0.080000,0.200000,0.300000>
	matrix <-0.023135, 0.772846, 0.634172,
		0.300406, 0.610400, -0.732917,
		-0.953531, 0.173553, -0.246289,
		33.210094, 37.098270, 35.903496>
	pigment { color rgbt <0,1,1,0> }
	no_shadow
}
cylinder {
	<33.704449, 37.784466, 35.770134>,  <33.877567, 36.976784, 36.075897>, 0.130000
	pigment { color rgbt <1,0,0,0> }
	no_shadow
}

// nucleotide -1

// particle -1
sphere {
	<33.704449, 37.784466, 35.770134> 0.250000
	pigment { color rgbt <1,0,0,0> }
	no_shadow
}
cylinder {
	<33.468403, 37.557472, 35.999821>,  <33.326775, 37.421276, 36.137634>, 0.100000
	pigment { color rgbt <1,0,0,0> }
	no_shadow
}
cylinder {
	<33.468403, 37.557472, 35.999821>,  <33.704449, 37.784466, 35.770134>, 0.100000
	pigment { color rgbt <1,0,0,0> }
	no_shadow
}

// particle -1
sphere {
	<33.468403, 37.557472, 35.999821> 0.100000
	pigment { color rgbt <1,0,0,0> }
	no_shadow
}
sphere {
	0, 1
	scale<0.080000,0.200000,0.300000>
	matrix <-0.057084, 0.738816, 0.671484,
		-0.805296, 0.363477, -0.468384,
		-0.590119, -0.567481, 0.574217,
		33.291367, 37.387226, 36.172085>
	pigment { color rgbt <0,1,1,0> }
	no_shadow
}
cylinder {
	<32.960560, 38.110580, 35.789631>,  <33.704449, 37.784466, 35.770134>, 0.130000
	pigment { color rgbt <1,0,0,0> }
	no_shadow
}

// nucleotide -1

// particle -1
sphere {
	<32.960560, 38.110580, 35.789631> 0.250000
	pigment { color rgbt <1,0,0,0> }
	no_shadow
}
cylinder {
	<33.114399, 37.916676, 36.103851>,  <33.206703, 37.800335, 36.292385>, 0.100000
	pigment { color rgbt <1,0,0,0> }
	no_shadow
}
cylinder {
	<33.114399, 37.916676, 36.103851>,  <32.960560, 38.110580, 35.789631>, 0.100000
	pigment { color rgbt <1,0,0,0> }
	no_shadow
}

// particle -1
sphere {
	<33.114399, 37.916676, 36.103851> 0.100000
	pigment { color rgbt <1,0,0,0> }
	no_shadow
}
sphere {
	0, 1
	scale<0.080000,0.200000,0.300000>
	matrix <-0.319589, 0.728451, 0.605988,
		-0.865996, -0.484114, 0.125235,
		0.384595, -0.484759, 0.785554,
		33.229778, 37.771248, 36.339516>
	pigment { color rgbt <0,1,1,0> }
	no_shadow
}
cylinder {
	<32.932610, 37.975803, 34.988796>,  <32.960560, 38.110580, 35.789631>, 0.130000
	pigment { color rgbt <1,0,0,0> }
	no_shadow
}

// nucleotide -1

// particle -1
sphere {
	<32.932610, 37.975803, 34.988796> 0.250000
	pigment { color rgbt <1,0,0,0> }
	no_shadow
}
cylinder {
	<33.103806, 37.742966, 35.265347>,  <33.206524, 37.603264, 35.431274>, 0.100000
	pigment { color rgbt <1,0,0,0> }
	no_shadow
}
cylinder {
	<33.103806, 37.742966, 35.265347>,  <32.932610, 37.975803, 34.988796>, 0.100000
	pigment { color rgbt <1,0,0,0> }
	no_shadow
}

// particle -1
sphere {
	<33.103806, 37.742966, 35.265347> 0.100000
	pigment { color rgbt <1,0,0,0> }
	no_shadow
}
sphere {
	0, 1
	scale<0.080000,0.200000,0.300000>
	matrix <0.210949, -0.679506, -0.702689,
