// switches for output
#declare DRAW_BASES = 1; // possible values are 0, 1; only relevant for DNA ribbons
#declare DRAW_BASES_TYPE = 3; // possible values are 1, 2, 3; only relevant for DNA ribbons
#declare DRAW_FOG = 0; // set to 1 to enable fog

#include "colors.inc"

#include "transforms.inc"
background { rgb <1, 1, 1>}

#default {
   normal{
       ripples 0.25
       frequency 0.20
       turbulence 0.2
       lambda 5
   }
	finish {
		phong 0.1
		phong_size 40.
	}
}

// original window dimensions: 1024x640


// camera settings

camera {
	sky <0, 0.179814, -0.983701>
	up <0, 0.179814, -0.983701>
	right 1.6 * <1, 0, 0>
	location <35, 94.9851, 44.8844>
	look_at <35, 29.7336, 32.9568>
	direction <0, -65.2515, -11.9276>
	angle 67.0682
}


# declare cpy_camera_pos = <35, 94.9851, 44.8844>;
# if (DRAW_FOG = 1)
fog {
	fog_type 2
	up vnormalize(cpy_camera_pos)
	color rgbt<1,1,1,0.3>
	distance 1e-5
	fog_alt 3e-3
	fog_offset 56
}
# end


// LIGHTS

# declare lum = 6;
global_settings {
	ambient_light rgb lum * <0.05, 0.05, 0.05>
	max_trace_level 15
}# declare cpy_direct_light_amount = 0.25;
light_source
{	1000 * <-1, -1.16352, -0.803886>,
	rgb lum * cpy_direct_light_amount
	parallel
}

light_source
{	1000 * <1, 1.16352, 0.803886>,
	rgb lum * cpy_direct_light_amount
	parallel
}

// strand 0

// nucleotide -1

// particle -1
sphere {
	<24.171795, 34.605095, 34.887367> 0.250000
	pigment { color rgbt <1,0,0,0> }
	no_shadow
}
cylinder {
	<24.311779, 34.949554, 35.034851>,  <24.395769, 35.156231, 35.123341>, 0.100000
	pigment { color rgbt <1,0,0,0> }
	no_shadow
}
cylinder {
	<24.311779, 34.949554, 35.034851>,  <24.171795, 34.605095, 34.887367>, 0.100000
	pigment { color rgbt <1,0,0,0> }
	no_shadow
}

// particle -1
sphere {
	<24.311779, 34.949554, 35.034851> 0.100000
	pigment { color rgbt <1,0,0,0> }
	no_shadow
}
sphere {
	0, 1
	scale<0.080000,0.200000,0.300000>
	matrix <0.862132, -0.450036, 0.232802,
		0.366411, 0.236406, -0.899920,
		0.349960, 0.861151, 0.368711,
		24.416767, 35.207901, 35.145466>
	pigment { color rgbt <0,1,1,0> }
	no_shadow
}
cylinder {
	<24.850697, 34.846226, 34.583763>,  <24.171795, 34.605095, 34.887367>, 0.130000
	pigment { color rgbt <1,0,0,0> }
	no_shadow
}

// nucleotide -1

// particle -1
sphere {
	<24.850697, 34.846226, 34.583763> 0.250000
	pigment { color rgbt <1,0,0,0> }
	no_shadow
}
cylinder {
	<24.823818, 34.969917, 34.963207>,  <24.807692, 35.044132, 35.190876>, 0.100000
	pigment { color rgbt <1,0,0,0> }
	no_shadow
}
cylinder {
	<24.823818, 34.969917, 34.963207>,  <24.850697, 34.846226, 34.583763>, 0.100000
	pigment { color rgbt <1,0,0,0> }
	no_shadow
}

// particle -1
sphere {
	<24.823818, 34.969917, 34.963207> 0.100000
	pigment { color rgbt <1,0,0,0> }
	no_shadow
}
sphere {
	0, 1
	scale<0.080000,0.200000,0.300000>
	matrix <0.948848, -0.274170, 0.156584,
		0.308501, 0.910610, -0.274984,
		-0.067194, 0.309224, 0.948612,
		24.803659, 35.062683, 35.247791>
	pigment { color rgbt <0,1,1,0> }
	no_shadow
}
cylinder {
	<25.146187, 35.503380, 34.647385>,  <24.850697, 34.846226, 34.583763>, 0.130000
	pigment { color rgbt <1,0,0,0> }
	no_shadow
}

// nucleotide -1

// particle -1
sphere {
	<25.146187, 35.503380, 34.647385> 0.250000
	pigment { color rgbt <1,0,0,0> }
	no_shadow
}
cylinder {
	<25.164396, 35.293343, 34.987316>,  <25.175322, 35.167320, 35.191273>, 0.100000
	pigment { color rgbt <1,0,0,0> }
	no_shadow
}
cylinder {
	<25.164396, 35.293343, 34.987316>,  <25.146187, 35.503380, 34.647385>, 0.100000
	pigment { color rgbt <1,0,0,0> }
	no_shadow
}

// particle -1
sphere {
	<25.164396, 35.293343, 34.987316> 0.100000
	pigment { color rgbt <1,0,0,0> }
	no_shadow
}
sphere {
	0, 1
	scale<0.080000,0.200000,0.300000>
	matrix <0.934035, -0.279320, -0.222619,
		0.354269, 0.803902, 0.477739,
		0.045522, -0.525092, 0.849827,
		25.178053, 35.135815, 35.242264>
	pigment { color rgbt <0,1,1,0> }
	no_shadow
}
cylinder {
	<25.721939, 35.775032, 34.926743>,  <25.146187, 35.503380, 34.647385>, 0.130000
	pigment { color rgbt <1,0,0,0> }
	no_shadow
}

// nucleotide -1

// particle -1
sphere {
	<25.721939, 35.775032, 34.926743> 0.250000
	pigment { color rgbt <1,0,0,0> }
	no_shadow
}
cylinder {
	<25.622847, 35.397633, 35.014774>,  <25.563391, 35.171192, 35.067593>, 0.100000
	pigment { color rgbt <1,0,0,0> }
	no_shadow
}
cylinder {
	<25.622847, 35.397633, 35.014774>,  <25.721939, 35.775032, 34.926743>, 0.100000
	pigment { color rgbt <1,0,0,0> }
	no_shadow
}

// particle -1
sphere {
	<25.622847, 35.397633, 35.014774> 0.100000
	pigment { color rgbt <1,0,0,0> }
	no_shadow
}
sphere {
	0, 1
	scale<0.080000,0.200000,0.300000>
	matrix <0.889584, -0.311503, -0.334075,
		0.383756, 0.113021, 0.916492,
		-0.247733, -0.943500, 0.220083,
		25.548527, 35.114582, 35.080799>
	pigment { color rgbt <0,1,1,0> }
	no_shadow
}
cylinder {
	<26.202559, 35.440819, 35.501736>,  <25.721939, 35.775032, 34.926743>, 0.130000
	pigment { color rgbt <1,0,0,0> }
	no_shadow
}

// nucleotide -1

// particle -1
sphere {
	<26.202559, 35.440819, 35.501736> 0.250000
	pigment { color rgbt <1,0,0,0> }
	no_shadow
}
cylinder {
	<26.043108, 35.171173, 35.253006>,  <25.947437, 35.009384, 35.103767>, 0.100000
	pigment { color rgbt <1,0,0,0> }
	no_shadow
}
cylinder {
	<26.043108, 35.171173, 35.253006>,  <26.202559, 35.440819, 35.501736>, 0.100000
	pigment { color rgbt <1,0,0,0> }
	no_shadow
}

// particle -1
sphere {
	<26.043108, 35.171173, 35.253006> 0.100000
	pigment { color rgbt <1,0,0,0> }
	no_shadow
}
sphere {
	0, 1
	scale<0.080000,0.200000,0.300000>
	matrix <0.915064, -0.247048, -0.318786,
		0.061277, -0.696089, 0.715336,
		-0.398626, -0.674113, -0.621828,
		25.923521, 34.968941, 35.066456>
	pigment { color rgbt <0,1,1,0> }
	no_shadow
}
cylinder {
	<26.506693, 34.799480, 35.537075>,  <26.202559, 35.440819, 35.501736>, 0.130000
	pigment { color rgbt <1,0,0,0> }
	no_shadow
}

// nucleotide -1

// particle -1
sphere {
	<26.506693, 34.799480, 35.537075> 0.250000
	pigment { color rgbt <1,0,0,0> }
	no_shadow
}
cylinder {
	<26.397587, 34.885811, 35.162052>,  <26.332123, 34.937607, 34.937038>, 0.100000
	pigment { color rgbt <1,0,0,0> }
	no_shadow
}
cylinder {
	<26.397587, 34.885811, 35.162052>,  <26.506693, 34.799480, 35.537075>, 0.100000
	pigment { color rgbt <1,0,0,0> }
	no_shadow
}

// particle -1
sphere {
	<26.397587, 34.885811, 35.162052> 0.100000
	pigment { color rgbt <1,0,0,0> }
	no_shadow
}
sphere {
	0, 1
	scale<0.080000,0.200000,0.300000>
	matrix <0.948177, -0.104778, -0.299971,
		-0.162977, -0.970794, -0.176060,
		-0.272763, 0.215824, -0.937561,
		26.315758, 34.950558, 34.880783>
	pigment { color rgbt <0,1,1,0> }
	no_shadow
}
cylinder {
	<26.599628, 34.023281, 35.208370>,  <26.506693, 34.799480, 35.537075>, 0.130000
	pigment { color rgbt <1,0,0,0> }
	no_shadow
}

// nucleotide -1

// particle -1
sphere {
	<26.599628, 34.023281, 35.208370> 0.250000
	pigment { color rgbt <1,0,0,0> }
	no_shadow
}
cylinder {
	<26.586720, 34.327168, 34.948589>,  <26.578974, 34.509499, 34.792721>, 0.100000
	pigment { color rgbt <1,0,0,0> }
	no_shadow
}
cylinder {
	<26.586720, 34.327168, 34.948589>,  <26.599628, 34.023281, 35.208370>, 0.100000
	pigment { color rgbt <1,0,0,0> }
	no_shadow
}

// particle -1
sphere {
	<26.586720, 34.327168, 34.948589> 0.100000
	pigment { color rgbt <1,0,0,0> }
	no_shadow
}
sphere {
	0, 1
	scale<0.080000,0.200000,0.300000>
	matrix <0.824459, -0.347089, -0.446985,
		-0.565000, -0.549875, -0.615152,
		-0.032274, 0.759715, -0.649455,
		26.577038, 34.555080, 34.753754>
	pigment { color rgbt <0,1,1,0> }
	no_shadow
}
cylinder {
	<26.501537, 33.766937, 34.621658>,  <26.599628, 34.023281, 35.208370>, 0.130000
	pigment { color rgbt <1,0,0,0> }
	no_shadow
}

// nucleotide -1

// particle -1
sphere {
	<26.501537, 33.766937, 34.621658> 0.250000
	pigment { color rgbt <1,0,0,0> }
	no_shadow
}
cylinder {
	<26.685867, 34.118416, 34.571812>,  <26.796465, 34.329304, 34.541904>, 0.100000
	pigment { color rgbt <1,0,0,0> }
	no_shadow
}
cylinder {
	<26.685867, 34.118416, 34.571812>,  <26.501537, 33.766937, 34.621658>, 0.100000
	pigment { color rgbt <1,0,0,0> }
	no_shadow
}

// particle -1
sphere {
	<26.685867, 34.118416, 34.571812> 0.100000
	pigment { color rgbt <1,0,0,0> }
	no_shadow
}
sphere {
	0, 1
	scale<0.080000,0.200000,0.300000>
	matrix <0.652147, -0.430510, -0.623991,
		-0.601948, 0.206282, -0.771431,
		0.460827, 0.878697, -0.124619,
		26.824116, 34.382027, 34.534428>
	pigment { color rgbt <0,1,1,0> }
	no_shadow
}
cylinder {
	<26.634865, 33.884026, 33.860596>,  <26.501537, 33.766937, 34.621658>, 0.130000
	pigment { color rgbt <1,0,0,0> }
	no_shadow
}

// nucleotide -1

// particle -1
sphere {
	<26.634865, 33.884026, 33.860596> 0.250000
	pigment { color rgbt <1,0,0,0> }
	no_shadow
}
cylinder {
	<26.902269, 34.125313, 34.034595>,  <27.062712, 34.270084, 34.138996>, 0.100000
	pigment { color rgbt <1,0,0,0> }
	no_shadow
}
cylinder {
	<26.902269, 34.125313, 34.034595>,  <26.634865, 33.884026, 33.860596>, 0.100000
	pigment { color rgbt <1,0,0,0> }
	no_shadow
}

// particle -1
sphere {
	<26.902269, 34.125313, 34.034595> 0.100000
	pigment { color rgbt <1,0,0,0> }
	no_shadow
}
sphere {
	0, 1
	scale<0.080000,0.200000,0.300000>
	matrix <0.691466, -0.288810, -0.662166,
		-0.273798, 0.743451, -0.610176,
		0.668513, 0.603216, 0.434996,
		27.102823, 34.306278, 34.165092>
	pigment { color rgbt <0,1,1,0> }
	no_shadow
}
cylinder {
	<27.134100, 34.161087, 33.388706>,  <26.634865, 33.884026, 33.860596>, 0.130000
	pigment { color rgbt <1,0,0,0> }
	no_shadow
}

// nucleotide -1

// particle -1
sphere {
	<27.134100, 34.161087, 33.388706> 0.250000
	pigment { color rgbt <1,0,0,0> }
	no_shadow
}
cylinder {
	<27.369518, 34.289421, 33.685539>,  <27.510769, 34.366421, 33.863640>, 0.100000
	pigment { color rgbt <1,0,0,0> }
	no_shadow
}
cylinder {
	<27.369518, 34.289421, 33.685539>,  <27.134100, 34.161087, 33.388706>, 0.100000
	pigment { color rgbt <1,0,0,0> }
	no_shadow
}

// particle -1
sphere {
	<27.369518, 34.289421, 33.685539> 0.100000
	pigment { color rgbt <1,0,0,0> }
	no_shadow
}
sphere {
	0, 1
	scale<0.080000,0.200000,0.300000>
	matrix <0.808184, -0.257676, -0.529568,
		0.021313, 0.911411, -0.410946,
		0.588545, 0.320833, 0.742079,
		27.546082, 34.385670, 33.908161>
	pigment { color rgbt <0,1,1,0> }
	no_shadow
}
cylinder {
	<27.585371, 34.731937, 33.095913>,  <27.134100, 34.161087, 33.388706>, 0.130000
	pigment { color rgbt <1,0,0,0> }
	no_shadow
}

// nucleotide -1

// particle -1
sphere {
	<27.585371, 34.731937, 33.095913> 0.250000
	pigment { color rgbt <1,0,0,0> }
	no_shadow
}
cylinder {
	<27.751328, 34.552933, 33.412796>,  <27.850903, 34.445530, 33.602928>, 0.100000
	pigment { color rgbt <1,0,0,0> }
	no_shadow
}
cylinder {
	<27.751328, 34.552933, 33.412796>,  <27.585371, 34.731937, 33.095913>, 0.100000
	pigment { color rgbt <1,0,0,0> }
	no_shadow
}

// particle -1
sphere {
	<27.751328, 34.552933, 33.412796> 0.100000
	pigment { color rgbt <1,0,0,0> }
	no_shadow
}
sphere {
	0, 1
	scale<0.080000,0.200000,0.300000>
	matrix <0.804794, -0.225690, -0.548972,
		0.424465, 0.865331, 0.266516,
		0.414892, -0.447510, 0.792211,
		27.875795, 34.418678, 33.650459>
	pigment { color rgbt <0,1,1,0> }
	no_shadow
}
cylinder {
	<28.315060, 34.880341, 33.177059>,  <27.585371, 34.731937, 33.095913>, 0.130000
	pigment { color rgbt <1,0,0,0> }
	no_shadow
}

// nucleotide -1

// particle -1
sphere {
	<28.315060, 34.880341, 33.177059> 0.250000
	pigment { color rgbt <1,0,0,0> }
	no_shadow
}
cylinder {
	<28.216457, 34.523811, 33.329258>,  <28.157295, 34.309895, 33.420578>, 0.100000
	pigment { color rgbt <1,0,0,0> }
	no_shadow
}
cylinder {
	<28.216457, 34.523811, 33.329258>,  <28.315060, 34.880341, 33.177059>, 0.100000
	pigment { color rgbt <1,0,0,0> }
	no_shadow
}

// particle -1
sphere {
	<28.216457, 34.523811, 33.329258> 0.100000
	pigment { color rgbt <1,0,0,0> }
	no_shadow
}
sphere {
	0, 1
	scale<0.080000,0.200000,0.300000>
	matrix <0.683729, -0.438195, -0.583524,
		0.686840, 0.116316, 0.717441,
		-0.246506, -0.891322, 0.380498,
		28.142506, 34.256416, 33.443409>
	pigment { color rgbt <0,1,1,0> }
	no_shadow
}
cylinder {
	<28.839468, 34.546181, 33.646446>,  <28.315060, 34.880341, 33.177059>, 0.130000
	pigment { color rgbt <1,0,0,0> }
	no_shadow
}

// nucleotide -1

// particle -1
sphere {
	<28.839468, 34.546181, 33.646446> 0.250000
	pigment { color rgbt <1,0,0,0> }
	no_shadow
}
cylinder {
	<28.628765, 34.327545, 33.386055>,  <28.502344, 34.196365, 33.229820>, 0.100000
	pigment { color rgbt <1,0,0,0> }
	no_shadow
}
cylinder {
	<28.628765, 34.327545, 33.386055>,  <28.839468, 34.546181, 33.646446>, 0.100000
	pigment { color rgbt <1,0,0,0> }
	no_shadow
}

// particle -1
sphere {
	<28.628765, 34.327545, 33.386055> 0.100000
	pigment { color rgbt <1,0,0,0> }
	no_shadow
}
sphere {
	0, 1
	scale<0.080000,0.200000,0.300000>
	matrix <0.848565, -0.293401, -0.440288,
		0.049659, -0.784320, 0.618366,
		-0.526756, -0.546588, -0.650976,
		28.470737, 34.163570, 33.190762>
	pigment { color rgbt <0,1,1,0> }
	no_shadow
}
cylinder {
	<29.011919, 33.937973, 33.664471>,  <28.839468, 34.546181, 33.646446>, 0.130000
	pigment { color rgbt <1,0,0,0> }
	no_shadow
}

// nucleotide -1

// particle -1
sphere {
	<29.011919, 33.937973, 33.664471> 0.250000
	pigment { color rgbt <1,0,0,0> }
	no_shadow
}
cylinder {
	<28.889826, 34.000526, 33.288731>,  <28.816570, 34.038059, 33.063286>, 0.100000
	pigment { color rgbt <1,0,0,0> }
	no_shadow
}
cylinder {
	<28.889826, 34.000526, 33.288731>,  <29.011919, 33.937973, 33.664471>, 0.100000
	pigment { color rgbt <1,0,0,0> }
	no_shadow
}

// particle -1
sphere {
	<28.889826, 34.000526, 33.288731> 0.100000
	pigment { color rgbt <1,0,0,0> }
	no_shadow
}
sphere {
	0, 1
	scale<0.080000,0.200000,0.300000>
	matrix <0.909146, -0.245652, -0.336315,
		-0.283347, -0.956661, -0.067194,
		-0.305233, 0.156383, -0.939350,
		28.798256, 34.047440, 33.006927>
	pigment { color rgbt <0,1,1,0> }
	no_shadow
}
cylinder {
	<28.597574, 33.402370, 33.544548>,  <29.011919, 33.937973, 33.664471>, 0.130000
	pigment { color rgbt <1,0,0,0> }
	no_shadow
}

// nucleotide -1

// particle -1
sphere {
	<28.597574, 33.402370, 33.544548> 0.250000
	pigment { color rgbt <1,0,0,0> }
	no_shadow
}
cylinder {
	<28.568314, 33.212002, 33.193970>,  <28.550758, 33.097782, 32.983624>, 0.100000
	pigment { color rgbt <1,0,0,0> }
	no_shadow
}
cylinder {
	<28.568314, 33.212002, 33.193970>,  <28.597574, 33.402370, 33.544548>, 0.100000
	pigment { color rgbt <1,0,0,0> }
	no_shadow
}

// particle -1
sphere {
	<28.568314, 33.212002, 33.193970> 0.100000
	pigment { color rgbt <1,0,0,0> }
	no_shadow
}
sphere {
	0, 1
	scale<0.080000,0.200000,0.300000>
	matrix <-0.907975, -0.331777, 0.255940,
		-0.412590, 0.814510, -0.407853,
		-0.073150, -0.475918, -0.876442,
		28.546368, 33.069225, 32.931038>
	pigment { color rgbt <0,1,1,0> }
	no_shadow
}
cylinder {
	<28.608917, 33.533001, 34.313972>,  <28.597574, 33.402370, 33.544548>, 0.130000
	pigment { color rgbt <1,0,0,0> }
	no_shadow
}

// nucleotide -1

// particle -1
sphere {
	<28.608917, 33.533001, 34.313972> 0.250000
	pigment { color rgbt <1,0,0,0> }
	no_shadow
}
cylinder {
	<28.535940, 33.821167, 34.046326>,  <28.492153, 33.994068, 33.885738>, 0.100000
	pigment { color rgbt <1,0,0,0> }
	no_shadow
}
cylinder {
	<28.535940, 33.821167, 34.046326>,  <28.608917, 33.533001, 34.313972>, 0.100000
	pigment { color rgbt <1,0,0,0> }
	no_shadow
}

// particle -1
sphere {
	<28.535940, 33.821167, 34.046326> 0.100000
	pigment { color rgbt <1,0,0,0> }
	no_shadow
}
sphere {
	0, 1
	scale<0.080000,0.200000,0.300000>
	matrix <-0.634591, 0.433534, 0.639798,
		0.751005, 0.541343, 0.378073,
		-0.182442, 0.720414, -0.669118,
		28.481207, 34.037292, 33.845589>
	pigment { color rgbt <0,1,1,0> }
	no_shadow
}
cylinder {
	<28.629829, 34.141499, 34.665806>,  <28.608917, 33.533001, 34.313972>, 0.130000
	pigment { color rgbt <1,0,0,0> }
	no_shadow
}

// nucleotide -1

// particle -1
sphere {
	<28.629829, 34.141499, 34.665806> 0.250000
	pigment { color rgbt <1,0,0,0> }
	no_shadow
}
cylinder {
	<28.375723, 34.215569, 34.365898>,  <28.223259, 34.260010, 34.185955>, 0.100000
	pigment { color rgbt <1,0,0,0> }
	no_shadow
}
cylinder {
	<28.375723, 34.215569, 34.365898>,  <28.629829, 34.141499, 34.665806>, 0.100000
	pigment { color rgbt <1,0,0,0> }
	no_shadow
}

// particle -1
sphere {
	<28.375723, 34.215569, 34.365898> 0.100000
	pigment { color rgbt <1,0,0,0> }
	no_shadow
}
sphere {
	0, 1
	scale<0.080000,0.200000,0.300000>
	matrix <-0.667707, 0.356157, 0.653697,
		0.388081, 0.915895, -0.102613,
		-0.635264, 0.185172, -0.749767,
		28.185144, 34.271122, 34.140968>
	pigment { color rgbt <0,1,1,0> }
	no_shadow
}
cylinder {
	<28.142361, 34.567192, 34.998474>,  <28.629829, 34.141499, 34.665806>, 0.130000
	pigment { color rgbt <1,0,0,0> }
	no_shadow
}

// nucleotide -1

// particle -1
sphere {
	<28.142361, 34.567192, 34.998474> 0.250000
	pigment { color rgbt <1,0,0,0> }
	no_shadow
}
cylinder {
	<27.968979, 34.516872, 34.641533>,  <27.864950, 34.486679, 34.427368>, 0.100000
	pigment { color rgbt <1,0,0,0> }
	no_shadow
}
cylinder {
	<27.968979, 34.516872, 34.641533>,  <28.142361, 34.567192, 34.998474>, 0.100000
	pigment { color rgbt <1,0,0,0> }
	no_shadow
}

// particle -1
sphere {
	<27.968979, 34.516872, 34.641533> 0.100000
	pigment { color rgbt <1,0,0,0> }
	no_shadow
}
sphere {
	0, 1
	scale<0.080000,0.200000,0.300000>
	matrix <-0.856257, 0.366214, 0.364296,
		0.280962, 0.921988, -0.266456,
		-0.433456, -0.125801, -0.892351,
		27.838942, 34.479134, 34.373829>
	pigment { color rgbt <0,1,1,0> }
	no_shadow
}
cylinder {
	<27.838350, 35.200268, 34.825871>,  <28.142361, 34.567192, 34.998474>, 0.130000
	pigment { color rgbt <1,0,0,0> }
	no_shadow
}

// nucleotide -1

// particle -1
sphere {
	<27.838350, 35.200268, 34.825871> 0.250000
	pigment { color rgbt <1,0,0,0> }
	no_shadow
}
cylinder {
	<27.616091, 34.929001, 34.633480>,  <27.482735, 34.766239, 34.518044>, 0.100000
	pigment { color rgbt <1,0,0,0> }
	no_shadow
}
cylinder {
	<27.616091, 34.929001, 34.633480>,  <27.838350, 35.200268, 34.825871>, 0.100000
	pigment { color rgbt <1,0,0,0> }
	no_shadow
}

// particle -1
sphere {
	<27.616091, 34.929001, 34.633480> 0.100000
	pigment { color rgbt <1,0,0,0> }
	no_shadow
}
sphere {
	0, 1
	scale<0.080000,0.200000,0.300000>
	matrix <-0.819607, 0.543952, 0.179889,
		0.139634, 0.494170, -0.858078,
		-0.555649, -0.678169, -0.480979,
		27.449396, 34.725552, 34.489185>
	pigment { color rgbt <0,1,1,0> }
	no_shadow
}
cylinder {
	<27.334293, 35.584343, 34.438709>,  <27.838350, 35.200268, 34.825871>, 0.130000
	pigment { color rgbt <1,0,0,0> }
	no_shadow
}

// nucleotide -1

// particle -1
sphere {
	<27.334293, 35.584343, 34.438709> 0.250000
	pigment { color rgbt <1,0,0,0> }
	no_shadow
}
cylinder {
	<27.176445, 35.218136, 34.469936>,  <27.081736, 34.998409, 34.488674>, 0.100000
	pigment { color rgbt <1,0,0,0> }
	no_shadow
}
cylinder {
	<27.176445, 35.218136, 34.469936>,  <27.334293, 35.584343, 34.438709>, 0.100000
	pigment { color rgbt <1,0,0,0> }
	no_shadow
}

// particle -1
sphere {
	<27.176445, 35.218136, 34.469936> 0.100000
	pigment { color rgbt <1,0,0,0> }
	no_shadow
}
sphere {
	0, 1
	scale<0.080000,0.200000,0.300000>
	matrix <-0.911928, 0.400640, 0.088736,
		-0.112518, -0.036178, -0.992991,
		-0.394622, -0.915521, 0.078071,
		27.058058, 34.943481, 34.493359>
	pigment { color rgbt <0,1,1,0> }
	no_shadow
}
cylinder {
	<26.879721, 35.671257, 33.930092>,  <27.334293, 35.584343, 34.438709>, 0.130000
	pigment { color rgbt <1,0,0,0> }
	no_shadow
}

// nucleotide -1

// particle -1
sphere {
	<26.879721, 35.671257, 33.930092> 0.250000
	pigment { color rgbt <1,0,0,0> }
	no_shadow
}
cylinder {
	<26.612597, 35.791420, 34.202499>,  <26.452322, 35.863518, 34.365944>, 0.100000
	pigment { color rgbt <1,0,0,0> }
	no_shadow
}
cylinder {
	<26.612597, 35.791420, 34.202499>,  <26.879721, 35.671257, 33.930092>, 0.100000
	pigment { color rgbt <1,0,0,0> }
	no_shadow
}

// particle -1
sphere {
	<26.612597, 35.791420, 34.202499> 0.100000
	pigment { color rgbt <1,0,0,0> }
	no_shadow
}
sphere {
	0, 1
	scale<0.080000,0.200000,0.300000>
	matrix <0.138851, 0.949156, -0.282531,
		-0.731265, -0.094118, -0.675569,
		-0.667812, 0.300408, 0.681016,
		26.412252, 35.881542, 34.406803>
	pigment { color rgbt <0,1,1,0> }
	no_shadow
}
cylinder {
	<26.521135, 36.198380, 33.646553>,  <26.879721, 35.671257, 33.930092>, 0.130000
	pigment { color rgbt <1,0,0,0> }
	no_shadow
}

// nucleotide -1

// particle -1
sphere {
	<26.521135, 36.198380, 33.646553> 0.250000
	pigment { color rgbt <1,0,0,0> }
	no_shadow
}
cylinder {
	<26.471466, 36.232174, 34.042015>,  <26.441664, 36.252449, 34.279293>, 0.100000
	pigment { color rgbt <1,0,0,0> }
	no_shadow
}
cylinder {
	<26.471466, 36.232174, 34.042015>,  <26.521135, 36.198380, 33.646553>, 0.100000
	pigment { color rgbt <1,0,0,0> }
	no_shadow
}

// particle -1
sphere {
	<26.471466, 36.232174, 34.042015> 0.100000
	pigment { color rgbt <1,0,0,0> }
	no_shadow
}
sphere {
	0, 1
	scale<0.080000,0.200000,0.300000>
	matrix <0.177150, 0.982249, -0.061685,
		-0.976319, 0.167481, -0.136935,
		-0.124173, 0.084482, 0.988658,
		26.434214, 36.257519, 34.338612>
	pigment { color rgbt <0,1,1,0> }
	no_shadow
}
cylinder {
	<26.118454, 36.837814, 33.761532>,  <26.521135, 36.198380, 33.646553>, 0.130000
	pigment { color rgbt <1,0,0,0> }
	no_shadow
}

// nucleotide -1

// particle -1
sphere {
	<26.118454, 36.837814, 33.761532> 0.250000
	pigment { color rgbt <1,0,0,0> }
	no_shadow
}
cylinder {
	<26.301743, 36.751541, 34.106441>,  <26.411715, 36.699780, 34.313389>, 0.100000
	pigment { color rgbt <1,0,0,0> }
	no_shadow
}
cylinder {
	<26.301743, 36.751541, 34.106441>,  <26.118454, 36.837814, 33.761532>, 0.100000
	pigment { color rgbt <1,0,0,0> }
	no_shadow
}

// particle -1
sphere {
	<26.301743, 36.751541, 34.106441> 0.100000
	pigment { color rgbt <1,0,0,0> }
	no_shadow
}
sphere {
	0, 1
	scale<0.080000,0.200000,0.300000>
	matrix <0.132111, 0.975864, 0.173886,
		-0.878966, 0.034238, 0.475654,
		0.458220, -0.215679, 0.862274,
		26.439209, 36.686836, 34.365124>
	pigment { color rgbt <0,1,1,0> }
	no_shadow
}
cylinder {
	<25.945982, 37.513416, 34.119396>,  <26.118454, 36.837814, 33.761532>, 0.130000
	pigment { color rgbt <1,0,0,0> }
	no_shadow
}

// nucleotide -1

// particle -1
sphere {
	<25.945982, 37.513416, 34.119396> 0.250000
	pigment { color rgbt <1,0,0,0> }
	no_shadow
}
cylinder {
	<26.255239, 37.318993, 34.282368>,  <26.440794, 37.202339, 34.380150>, 0.100000
	pigment { color rgbt <1,0,0,0> }
	no_shadow
}
cylinder {
	<26.255239, 37.318993, 34.282368>,  <25.945982, 37.513416, 34.119396>, 0.100000
	pigment { color rgbt <1,0,0,0> }
	no_shadow
}

// particle -1
sphere {
	<26.255239, 37.318993, 34.282368> 0.100000
	pigment { color rgbt <1,0,0,0> }
	no_shadow
}
sphere {
	0, 1
	scale<0.080000,0.200000,0.300000>
	matrix <0.422966, 0.873829, 0.239839,
		-0.472599, -0.013101, 0.881180,
		0.773143, -0.486057, 0.407429,
		26.487183, 37.173176, 34.404598>
	pigment { color rgbt <0,1,1,0> }
	no_shadow
}
cylinder {
	<26.362249, 37.981689, 33.667835>,  <25.945982, 37.513416, 34.119396>, 0.130000
	pigment { color rgbt <1,0,0,0> }
	no_shadow
}

// nucleotide -1

// particle -1
sphere {
	<26.362249, 37.981689, 33.667835> 0.250000
	pigment { color rgbt <1,0,0,0> }
	no_shadow
}
cylinder {
	<26.663647, 38.230431, 33.582466>,  <26.844484, 38.379673, 33.531242>, 0.100000
	pigment { color rgbt <1,0,0,0> }
	no_shadow
}
cylinder {
	<26.663647, 38.230431, 33.582466>,  <26.362249, 37.981689, 33.667835>, 0.100000
	pigment { color rgbt <1,0,0,0> }
	no_shadow
}

// particle -1
sphere {
	<26.663647, 38.230431, 33.582466> 0.100000
	pigment { color rgbt <1,0,0,0> }
	no_shadow
}
sphere {
	0, 1
	scale<0.080000,0.200000,0.300000>
	matrix <0.647085, -0.644011, 0.408082,
		0.116316, -0.445592, -0.887648,
		0.753493, 0.621850, -0.213427,
		26.889694, 38.416985, 33.518436>
	pigment { color rgbt <0,1,1,0> }
	no_shadow
}
cylinder {
	<26.959772, 37.525776, 33.409466>,  <26.362249, 37.981689, 33.667835>, 0.130000
	pigment { color rgbt <1,0,0,0> }
	no_shadow
}

// nucleotide -1

// particle -1
sphere {
	<26.959772, 37.525776, 33.409466> 0.250000
	pigment { color rgbt <1,0,0,0> }
	no_shadow
}
cylinder {
	<27.064384, 37.857079, 33.607693>,  <27.127151, 38.055862, 33.726627>, 0.100000
	pigment { color rgbt <1,0,0,0> }
	no_shadow
}
cylinder {
	<27.064384, 37.857079, 33.607693>,  <26.959772, 37.525776, 33.409466>, 0.100000
	pigment { color rgbt <1,0,0,0> }
	no_shadow
}

// particle -1
sphere {
	<27.064384, 37.857079, 33.607693> 0.100000
	pigment { color rgbt <1,0,0,0> }
	no_shadow
}
sphere {
	0, 1
	scale<0.080000,0.200000,0.300000>
	matrix <0.586040, -0.544227, 0.600312,
		0.766916, 0.133424, -0.627725,
		0.261529, 0.828260, 0.495568,
		27.142843, 38.105556, 33.756363>
	pigment { color rgbt <0,1,1,0> }
	no_shadow
}
cylinder {
	<27.682140, 37.476322, 33.503468>,  <26.959772, 37.525776, 33.409466>, 0.130000
	pigment { color rgbt <1,0,0,0> }
	no_shadow
}

// nucleotide -1

// particle -1
sphere {
	<27.682140, 37.476322, 33.503468> 0.250000
	pigment { color rgbt <1,0,0,0> }
	no_shadow
}
cylinder {
	<27.588732, 37.724800, 33.802689>,  <27.532686, 37.873886, 33.982224>, 0.100000
	pigment { color rgbt <1,0,0,0> }
	no_shadow
}
cylinder {
	<27.588732, 37.724800, 33.802689>,  <27.682140, 37.476322, 33.503468>, 0.100000
	pigment { color rgbt <1,0,0,0> }
	no_shadow
}

// particle -1
sphere {
	<27.588732, 37.724800, 33.802689> 0.100000
	pigment { color rgbt <1,0,0,0> }
	no_shadow
}
sphere {
	0, 1
	scale<0.080000,0.200000,0.300000>
	matrix <0.617217, -0.499763, 0.607684,
		0.751339, 0.603621, -0.266704,
		-0.233523, 0.621191, 0.748057,
		27.518675, 37.911156, 34.027107>
	pigment { color rgbt <0,1,1,0> }
	no_shadow
}
cylinder {
	<28.265970, 37.790104, 33.841114>,  <27.682140, 37.476322, 33.503468>, 0.130000
	pigment { color rgbt <1,0,0,0> }
	no_shadow
}

// nucleotide -1

// particle -1
sphere {
	<28.265970, 37.790104, 33.841114> 0.250000
	pigment { color rgbt <1,0,0,0> }
	no_shadow
}
cylinder {
	<27.983208, 37.782455, 34.123936>,  <27.813551, 37.777866, 34.293629>, 0.100000
	pigment { color rgbt <1,0,0,0> }
	no_shadow
}
cylinder {
	<27.983208, 37.782455, 34.123936>,  <28.265970, 37.790104, 33.841114>, 0.100000
	pigment { color rgbt <1,0,0,0> }
	no_shadow
}

// particle -1
sphere {
	<27.983208, 37.782455, 34.123936> 0.100000
	pigment { color rgbt <1,0,0,0> }
	no_shadow
}
sphere {
	0, 1
	scale<0.080000,0.200000,0.300000>
	matrix <0.648321, -0.417168, 0.636907,
		0.282782, 0.908628, 0.307294,
		-0.706904, -0.019119, 0.707051,
		27.771137, 37.776718, 34.336052>
	pigment { color rgbt <0,1,1,0> }
	no_shadow
}
cylinder {
	<28.507933, 38.396919, 34.211994>,  <28.265970, 37.790104, 33.841114>, 0.130000
	pigment { color rgbt <1,0,0,0> }
	no_shadow
}

// nucleotide -1

// particle -1
sphere {
	<28.507933, 38.396919, 34.211994> 0.250000
	pigment { color rgbt <1,0,0,0> }
	no_shadow
}
cylinder {
	<28.578836, 38.003941, 34.235229>,  <28.621378, 37.768154, 34.249172>, 0.100000
	pigment { color rgbt <1,0,0,0> }
	no_shadow
}
cylinder {
	<28.578836, 38.003941, 34.235229>,  <28.507933, 38.396919, 34.211994>, 0.100000
	pigment { color rgbt <1,0,0,0> }
	no_shadow
}

// particle -1
sphere {
	<28.578836, 38.003941, 34.235229> 0.100000
	pigment { color rgbt <1,0,0,0> }
	no_shadow
}
sphere {
	0, 1
	scale<0.080000,0.200000,0.300000>
	matrix <0.970304, 0.164587, -0.177259,
		0.164587, 0.087784, 0.982448,
		0.177259, -0.982448, 0.058088,
		28.632013, 37.709206, 34.252655>
	pigment { color rgbt <0,1,1,0> }
	no_shadow
}
cylinder {
	<29.143482, 38.395401, 34.554188>,  <28.507933, 38.396919, 34.211994>, 0.130000
	pigment { color rgbt <1,0,0,0> }
	no_shadow
}

// nucleotide -1

// particle -1
sphere {
	<29.143482, 38.395401, 34.554188> 0.250000
	pigment { color rgbt <1,0,0,0> }
	no_shadow
}
cylinder {
	<29.084721, 38.021336, 34.425259>,  <29.049463, 37.796898, 34.347900>, 0.100000
	pigment { color rgbt <1,0,0,0> }
	no_shadow
}
cylinder {
	<29.084721, 38.021336, 34.425259>,  <29.143482, 38.395401, 34.554188>, 0.100000
	pigment { color rgbt <1,0,0,0> }
	no_shadow
}

// particle -1
sphere {
	<29.084721, 38.021336, 34.425259> 0.100000
	pigment { color rgbt <1,0,0,0> }
	no_shadow
}
sphere {
	0, 1
	scale<0.080000,0.200000,0.300000>
	matrix <0.981900, -0.098489, -0.161776,
		0.119542, -0.340251, 0.932705,
		-0.146906, -0.935162, -0.322319,
		29.040649, 37.740788, 34.328564>
	pigment { color rgbt <0,1,1,0> }
	no_shadow
}
cylinder {
	<29.745922, 37.850224, 34.826180>,  <29.143482, 38.395401, 34.554188>, 0.130000
	pigment { color rgbt <1,0,0,0> }
	no_shadow
}

// nucleotide -1

// particle -1
sphere {
	<29.745922, 37.850224, 34.826180> 0.250000
	pigment { color rgbt <1,0,0,0> }
	no_shadow
}
cylinder {
	<29.580402, 37.781467, 34.468582>,  <29.481091, 37.740215, 34.254025>, 0.100000
	pigment { color rgbt <1,0,0,0> }
	no_shadow
}
cylinder {
	<29.580402, 37.781467, 34.468582>,  <29.745922, 37.850224, 34.826180>, 0.100000
	pigment { color rgbt <1,0,0,0> }
	no_shadow
}

// particle -1
sphere {
	<29.580402, 37.781467, 34.468582> 0.100000
	pigment { color rgbt <1,0,0,0> }
	no_shadow
}
sphere {
	0, 1
	scale<0.080000,0.200000,0.300000>
	matrix <0.910367, -0.079122, -0.406167,
		-0.000920, -0.981934, 0.189221,
		-0.413801, -0.171887, -0.893993,
		29.456263, 37.729900, 34.200386>
	pigment { color rgbt <0,1,1,0> }
	no_shadow
}
cylinder {
	<29.898829, 37.174557, 34.389458>,  <29.745922, 37.850224, 34.826180>, 0.130000
	pigment { color rgbt <1,0,0,0> }
	no_shadow
}

// nucleotide -1

// particle -1
sphere {
	<29.898829, 37.174557, 34.389458> 0.250000
	pigment { color rgbt <1,0,0,0> }
	no_shadow
}
cylinder {
	<29.819996, 37.479050, 34.142334>,  <29.772696, 37.661747, 33.994061>, 0.100000
	pigment { color rgbt <1,0,0,0> }
	no_shadow
}
cylinder {
	<29.819996, 37.479050, 34.142334>,  <29.898829, 37.174557, 34.389458>, 0.100000
	pigment { color rgbt <1,0,0,0> }
	no_shadow
}

// particle -1
sphere {
	<29.819996, 37.479050, 34.142334> 0.100000
	pigment { color rgbt <1,0,0,0> }
	no_shadow
}
sphere {
	0, 1
	scale<0.080000,0.200000,0.300000>
	matrix <0.910057, -0.092327, -0.404070,
		-0.364631, -0.641874, -0.674568,
		-0.197081, 0.761232, -0.617807,
		29.760872, 37.707420, 33.956993>
	pigment { color rgbt <0,1,1,0> }
	no_shadow
}
cylinder {
	<29.946175, 37.046188, 33.546936>,  <29.898829, 37.174557, 34.389458>, 0.130000
	pigment { color rgbt <1,0,0,0> }
	no_shadow
}

// nucleotide -1

// particle -1
sphere {
	<29.946175, 37.046188, 33.546936> 0.250000
	pigment { color rgbt <1,0,0,0> }
	no_shadow
}
cylinder {
	<30.027554, 37.422417, 33.655701>,  <30.076380, 37.648155, 33.720959>, 0.100000
	pigment { color rgbt <1,0,0,0> }
	no_shadow
}
cylinder {
	<30.027554, 37.422417, 33.655701>,  <29.946175, 37.046188, 33.546936>, 0.100000
	pigment { color rgbt <1,0,0,0> }
	no_shadow
}

// particle -1
sphere {
	<30.027554, 37.422417, 33.655701> 0.100000
	pigment { color rgbt <1,0,0,0> }
	no_shadow
}
sphere {
	0, 1
	scale<0.080000,0.200000,0.300000>
	matrix <0.950512, -0.123134, -0.285244,
		-0.234810, 0.316489, -0.919075,
		0.203446, 0.940570, 0.271913,
		30.088587, 37.704586, 33.737274>
	pigment { color rgbt <0,1,1,0> }
	no_shadow
}
cylinder {
	<30.339785, 37.224247, 32.948696>,  <29.946175, 37.046188, 33.546936>, 0.130000
	pigment { color rgbt <1,0,0,0> }
	no_shadow
}

// nucleotide -1

// particle -1
sphere {
	<30.339785, 37.224247, 32.948696> 0.250000
	pigment { color rgbt <1,0,0,0> }
	no_shadow
}
cylinder {
	<30.394861, 37.470516, 33.259048>,  <30.427908, 37.618279, 33.445259>, 0.100000
	pigment { color rgbt <1,0,0,0> }
	no_shadow
}
cylinder {
	<30.394861, 37.470516, 33.259048>,  <30.339785, 37.224247, 32.948696>, 0.100000
	pigment { color rgbt <1,0,0,0> }
	no_shadow
}

// particle -1
sphere {
	<30.394861, 37.470516, 33.259048> 0.100000
	pigment { color rgbt <1,0,0,0> }
	no_shadow
}
sphere {
	0, 1
	scale<0.080000,0.200000,0.300000>
	matrix <0.986430, -0.014519, -0.163536,
		-0.089420, 0.787870, -0.609316,
		0.137692, 0.615671, 0.775880,
		30.436169, 37.655216, 33.491814>
	pigment { color rgbt <0,1,1,0> }
	no_shadow
}
cylinder {
	<30.764650, 37.694450, 32.650005>,  <30.339785, 37.224247, 32.948696>, 0.130000
	pigment { color rgbt <1,0,0,0> }
	no_shadow
}

// nucleotide -1

// particle -1
sphere {
	<30.764650, 37.694450, 32.650005> 0.250000
	pigment { color rgbt <1,0,0,0> }
	no_shadow
}
cylinder {
	<30.816580, 37.690140, 33.046597>,  <30.847736, 37.687553, 33.284550>, 0.100000
	pigment { color rgbt <1,0,0,0> }
	no_shadow
}
cylinder {
	<30.816580, 37.690140, 33.046597>,  <30.764650, 37.694450, 32.650005>, 0.100000
	pigment { color rgbt <1,0,0,0> }
	no_shadow
}

// particle -1
sphere {
	<30.816580, 37.690140, 33.046597> 0.100000
	pigment { color rgbt <1,0,0,0> }
	no_shadow
}
sphere {
	0, 1
	scale<0.080000,0.200000,0.300000>
	matrix <0.990055, -0.053249, -0.130215,
		0.054198, 0.998523, 0.003752,
		0.129823, -0.010772, 0.991479,
		30.855526, 37.686909, 33.344040>
	pigment { color rgbt <0,1,1,0> }
	no_shadow
}
cylinder {
	<31.280277, 38.181656, 32.920128>,  <30.764650, 37.694450, 32.650005>, 0.130000
	pigment { color rgbt <1,0,0,0> }
	no_shadow
}

// nucleotide -1

// particle -1
sphere {
	<31.280277, 38.181656, 32.920128> 0.250000
	pigment { color rgbt <1,0,0,0> }
	no_shadow
}
cylinder {
	<31.283249, 37.874077, 33.175838>,  <31.285032, 37.689529, 33.329266>, 0.100000
	pigment { color rgbt <1,0,0,0> }
	no_shadow
}
cylinder {
	<31.283249, 37.874077, 33.175838>,  <31.280277, 38.181656, 32.920128>, 0.100000
	pigment { color rgbt <1,0,0,0> }
	no_shadow
}

// particle -1
sphere {
	<31.283249, 37.874077, 33.175838> 0.100000
	pigment { color rgbt <1,0,0,0> }
	no_shadow
}
sphere {
	0, 1
	scale<0.080000,0.200000,0.300000>
	matrix <0.929655, -0.230182, -0.287677,
		0.368357, 0.596439, 0.713143,
		0.007429, -0.768945, 0.639272,
		31.285479, 37.643394, 33.367619>
	pigment { color rgbt <0,1,1,0> }
	no_shadow
}
cylinder {
	<31.223690, 38.895287, 32.868454>,  <31.280277, 38.181656, 32.920128>, 0.130000
	pigment { color rgbt <1,0,0,0> }
	no_shadow
}

// nucleotide -1

// particle -1
sphere {
	<31.223690, 38.895287, 32.868454> 0.250000
	pigment { color rgbt <1,0,0,0> }
	no_shadow
}
cylinder {
	<31.406521, 39.237553, 32.771355>,  <31.516220, 39.442913, 32.713097>, 0.100000
	pigment { color rgbt <1,0,0,0> }
	no_shadow
}
cylinder {
	<31.406521, 39.237553, 32.771355>,  <31.223690, 38.895287, 32.868454>, 0.100000
	pigment { color rgbt <1,0,0,0> }
	no_shadow
}

// particle -1
sphere {
	<31.406521, 39.237553, 32.771355> 0.100000
	pigment { color rgbt <1,0,0,0> }
	no_shadow
}
sphere {
	0, 1
	scale<0.080000,0.200000,0.300000>
	matrix <-0.822961, 0.303342, -0.480333,
		-0.337367, 0.419319, 0.842826,
		0.457077, 0.855661, -0.242745,
		31.543644, 39.494251, 32.698532>
	pigment { color rgbt <0,1,1,0> }
	no_shadow
}
cylinder {
	<30.815952, 39.510891, 33.018772>,  <31.223690, 38.895287, 32.868454>, 0.130000
	pigment { color rgbt <1,0,0,0> }
	no_shadow
}

// nucleotide -1

// particle -1
sphere {
	<30.815952, 39.510891, 33.018772> 0.250000
	pigment { color rgbt <1,0,0,0> }
	no_shadow
}
cylinder {
	<31.055607, 39.586510, 32.707569>,  <31.199400, 39.631882, 32.520847>, 0.100000
	pigment { color rgbt <1,0,0,0> }
	no_shadow
}
cylinder {
	<31.055607, 39.586510, 32.707569>,  <30.815952, 39.510891, 33.018772>, 0.100000
	pigment { color rgbt <1,0,0,0> }
	no_shadow
}

// particle -1
sphere {
	<31.055607, 39.586510, 32.707569> 0.100000
	pigment { color rgbt <1,0,0,0> }
	no_shadow
}
sphere {
	0, 1
	scale<0.080000,0.200000,0.300000>
	matrix <-0.792274, 0.280149, -0.542051,
		0.115484, 0.941157, 0.317627,
		0.599138, 0.189049, -0.778007,
		31.235348, 39.643223, 32.474167>
	pigment { color rgbt <0,1,1,0> }
	no_shadow
}
cylinder {
	<30.695892, 40.234440, 32.779518>,  <30.815952, 39.510891, 33.018772>, 0.130000
	pigment { color rgbt <1,0,0,0> }
	no_shadow
}

// nucleotide -1

// particle -1
sphere {
	<30.695892, 40.234440, 32.779518> 0.250000
	pigment { color rgbt <1,0,0,0> }
	no_shadow
}
cylinder {
	<30.866375, 40.042408, 32.472828>,  <30.968664, 39.927189, 32.288815>, 0.100000
	pigment { color rgbt <1,0,0,0> }
	no_shadow
}
cylinder {
	<30.866375, 40.042408, 32.472828>,  <30.695892, 40.234440, 32.779518>, 0.100000
	pigment { color rgbt <1,0,0,0> }
	no_shadow
}

// particle -1
sphere {
	<30.866375, 40.042408, 32.472828> 0.100000
	pigment { color rgbt <1,0,0,0> }
	no_shadow
}
sphere {
	0, 1
	scale<0.080000,0.200000,0.300000>
	matrix <-0.812088, 0.170378, -0.558107,
		0.398572, 0.860517, -0.317254,
		0.426208, -0.480084, -0.766724,
		30.994238, 39.898384, 32.242809>
	pigment { color rgbt <0,1,1,0> }
	no_shadow
}
cylinder {
	<30.581936, 40.617180, 32.149261>,  <30.695892, 40.234440, 32.779518>, 0.130000
	pigment { color rgbt <1,0,0,0> }
	no_shadow
}

// nucleotide -1

// particle -1
sphere {
	<30.581936, 40.617180, 32.149261> 0.250000
	pigment { color rgbt <1,0,0,0> }
	no_shadow
}
cylinder {
	<30.657597, 40.242199, 32.032360>,  <30.702993, 40.017212, 31.962219>, 0.100000
	pigment { color rgbt <1,0,0,0> }
	no_shadow
}
cylinder {
	<30.657597, 40.242199, 32.032360>,  <30.581936, 40.617180, 32.149261>, 0.100000
	pigment { color rgbt <1,0,0,0> }
	no_shadow
}

// particle -1
sphere {
	<30.657597, 40.242199, 32.032360> 0.100000
	pigment { color rgbt <1,0,0,0> }
	no_shadow
}
sphere {
	0, 1
	scale<0.080000,0.200000,0.300000>
	matrix <-0.715600, 0.072206, -0.694768,
		0.672412, 0.340552, -0.657181,
		0.189153, -0.937449, -0.292251,
		30.714342, 39.960964, 31.944685>
	pigment { color rgbt <0,1,1,0> }
	no_shadow
}
cylinder {
	<29.936159, 40.588852, 31.700140>,  <30.581936, 40.617180, 32.149261>, 0.130000
	pigment { color rgbt <1,0,0,0> }
	no_shadow
}

// nucleotide -1

// particle -1
sphere {
	<29.936159, 40.588852, 31.700140> 0.250000
	pigment { color rgbt <1,0,0,0> }
	no_shadow
}
cylinder {
	<29.942999, 40.359501, 31.372496>,  <29.947102, 40.221889, 31.175909>, 0.100000
	pigment { color rgbt <1,0,0,0> }
	no_shadow
}
cylinder {
	<29.942999, 40.359501, 31.372496>,  <29.936159, 40.588852, 31.700140>, 0.100000
	pigment { color rgbt <1,0,0,0> }
	no_shadow
}

// particle -1
sphere {
	<29.942999, 40.359501, 31.372496> 0.100000
	pigment { color rgbt <1,0,0,0> }
	no_shadow
}
sphere {
	0, 1
	scale<0.080000,0.200000,0.300000>
	matrix <0.888282, -0.367354, 0.275690,
		-0.458979, -0.732316, 0.503042,
		0.017098, -0.573380, -0.819111,
		29.948128, 40.187489, 31.126762>
	pigment { color rgbt <0,1,1,0> }
	no_shadow
}
cylinder {
	<29.984503, 39.840725, 31.747871>,  <29.936159, 40.588852, 31.700140>, 0.130000
	pigment { color rgbt <1,0,0,0> }
	no_shadow
}

// nucleotide -1

// particle -1
sphere {
	<29.984503, 39.840725, 31.747871> 0.250000
	pigment { color rgbt <1,0,0,0> }
	no_shadow
}
cylinder {
	<30.172955, 39.936417, 31.408270>,  <30.286026, 39.993832, 31.204510>, 0.100000
	pigment { color rgbt <1,0,0,0> }
	no_shadow
}
cylinder {
	<30.172955, 39.936417, 31.408270>,  <29.984503, 39.840725, 31.747871>, 0.100000
	pigment { color rgbt <1,0,0,0> }
	no_shadow
}

// particle -1
sphere {
	<30.172955, 39.936417, 31.408270> 0.100000
	pigment { color rgbt <1,0,0,0> }
	no_shadow
}
sphere {
	0, 1
	scale<0.080000,0.200000,0.300000>
	matrix <0.842346, -0.407602, 0.352581,
		-0.261707, -0.881265, -0.393549,
		0.471129, 0.239231, -0.849003,
		30.314293, 40.008186, 31.153568>
	pigment { color rgbt <0,1,1,0> }
	no_shadow
}
cylinder {
	<30.369728, 39.183136, 31.431934>,  <29.984503, 39.840725, 31.747871>, 0.130000
	pigment { color rgbt <1,0,0,0> }
	no_shadow
}

// nucleotide -1

// particle -1
sphere {
	<30.369728, 39.183136, 31.431934> 0.250000
	pigment { color rgbt <1,0,0,0> }
	no_shadow
}
cylinder {
	<30.556017, 39.528774, 31.355572>,  <30.667791, 39.736156, 31.309753>, 0.100000
	pigment { color rgbt <1,0,0,0> }
	no_shadow
}
cylinder {
	<30.556017, 39.528774, 31.355572>,  <30.369728, 39.183136, 31.431934>, 0.100000
	pigment { color rgbt <1,0,0,0> }
	no_shadow
}

// particle -1
sphere {
	<30.556017, 39.528774, 31.355572> 0.100000
	pigment { color rgbt <1,0,0,0> }
	no_shadow
}
sphere {
	0, 1
	scale<0.080000,0.200000,0.300000>
	matrix <0.815954, -0.335812, 0.470583,
