// switches for output
#declare DRAW_BASES = 1; // possible values are 0, 1; only relevant for DNA ribbons
#declare DRAW_BASES_TYPE = 3; // possible values are 1, 2, 3; only relevant for DNA ribbons
#declare DRAW_FOG = 0; // set to 1 to enable fog

#include "colors.inc"

#include "transforms.inc"
background { rgb <1, 1, 1>}

#default {
   normal{
       ripples 0.25
       frequency 0.20
       turbulence 0.2
       lambda 5
   }
	finish {
		phong 0.1
		phong_size 40.
	}
}

// original window dimensions: 1024x640


// camera settings

camera {
	sky <0, 0.179814, -0.983701>
	up <0, 0.179814, -0.983701>
	right 1.6 * <1, 0, 0>
	location <35, 94.9851, 44.8844>
	look_at <35, 29.7336, 32.9568>
	direction <0, -65.2515, -11.9276>
	angle 67.0682
}


# declare cpy_camera_pos = <35, 94.9851, 44.8844>;
# if (DRAW_FOG = 1)
fog {
	fog_type 2
	up vnormalize(cpy_camera_pos)
	color rgbt<1,1,1,0.3>
	distance 1e-5
	fog_alt 3e-3
	fog_offset 56
}
# end


// LIGHTS

# declare lum = 6;
global_settings {
	ambient_light rgb lum * <0.05, 0.05, 0.05>
	max_trace_level 15
}# declare cpy_direct_light_amount = 0.25;
light_source
{	1000 * <-1, -1.16352, -0.803886>,
	rgb lum * cpy_direct_light_amount
	parallel
}

light_source
{	1000 * <1, 1.16352, 0.803886>,
	rgb lum * cpy_direct_light_amount
	parallel
}

// strand 0

// nucleotide -1

// particle -1
sphere {
	<23.915718, 34.518539, 34.810539> 0.250000
	pigment { color rgbt <1,0,0,0> }
	no_shadow
}
cylinder {
	<24.228298, 34.672234, 35.007191>,  <24.415846, 34.764450, 35.125183>, 0.100000
	pigment { color rgbt <1,0,0,0> }
	no_shadow
}
cylinder {
	<24.228298, 34.672234, 35.007191>,  <23.915718, 34.518539, 34.810539>, 0.100000
	pigment { color rgbt <1,0,0,0> }
	no_shadow
}

// particle -1
sphere {
	<24.228298, 34.672234, 35.007191> 0.100000
	pigment { color rgbt <1,0,0,0> }
	no_shadow
}
sphere {
	0, 1
	scale<0.080000,0.200000,0.300000>
	matrix <0.622173, -0.420148, -0.660587,
		-0.047263, 0.822095, -0.567385,
		0.781451, 0.384233, 0.491629,
		24.462734, 34.787502, 35.154678>
	pigment { color rgbt <0,1,1,0> }
	no_shadow
}
cylinder {
	<24.470957, 34.853718, 34.407520>,  <23.915718, 34.518539, 34.810539>, 0.130000
	pigment { color rgbt <1,0,0,0> }
	no_shadow
}

// nucleotide -1

// particle -1
sphere {
	<24.470957, 34.853718, 34.407520> 0.250000
	pigment { color rgbt <1,0,0,0> }
	no_shadow
}
cylinder {
	<24.681654, 34.710712, 34.715992>,  <24.808073, 34.624908, 34.901077>, 0.100000
	pigment { color rgbt <1,0,0,0> }
	no_shadow
}
cylinder {
	<24.681654, 34.710712, 34.715992>,  <24.470957, 34.853718, 34.407520>, 0.100000
	pigment { color rgbt <1,0,0,0> }
	no_shadow
}

// particle -1
sphere {
	<24.681654, 34.710712, 34.715992> 0.100000
	pigment { color rgbt <1,0,0,0> }
	no_shadow
}
sphere {
	0, 1
	scale<0.080000,0.200000,0.300000>
	matrix <0.755336, -0.219264, -0.617569,
		0.389882, 0.907804, 0.154547,
		0.526744, -0.357514, 0.771184,
		24.839678, 34.603458, 34.947346>
	pigment { color rgbt <0,1,1,0> }
	no_shadow
}
cylinder {
	<25.145494, 34.954388, 34.269524>,  <24.470957, 34.853718, 34.407520>, 0.130000
	pigment { color rgbt <1,0,0,0> }
	no_shadow
}

// nucleotide -1

// particle -1
sphere {
	<25.145494, 34.954388, 34.269524> 0.250000
	pigment { color rgbt <1,0,0,0> }
	no_shadow
}
cylinder {
	<25.184088, 34.691998, 34.568962>,  <25.207243, 34.534565, 34.748623>, 0.100000
	pigment { color rgbt <1,0,0,0> }
	no_shadow
}
cylinder {
	<25.184088, 34.691998, 34.568962>,  <25.145494, 34.954388, 34.269524>, 0.100000
	pigment { color rgbt <1,0,0,0> }
	no_shadow
}

// particle -1
sphere {
	<25.184088, 34.691998, 34.568962> 0.100000
	pigment { color rgbt <1,0,0,0> }
	no_shadow
}
sphere {
	0, 1
	scale<0.080000,0.200000,0.300000>
	matrix <0.879671, -0.295694, -0.372484,
		0.465694, 0.694453, 0.548511,
		0.096481, -0.655972, 0.748593,
		25.213032, 34.495205, 34.793541>
	pigment { color rgbt <0,1,1,0> }
	no_shadow
}
cylinder {
	<25.715027, 34.889656, 34.705765>,  <25.145494, 34.954388, 34.269524>, 0.130000
	pigment { color rgbt <1,0,0,0> }
	no_shadow
}

// nucleotide -1

// particle -1
sphere {
	<25.715027, 34.889656, 34.705765> 0.250000
	pigment { color rgbt <1,0,0,0> }
	no_shadow
}
cylinder {
	<25.661772, 34.496849, 34.759296>,  <25.629818, 34.261166, 34.791416>, 0.100000
	pigment { color rgbt <1,0,0,0> }
	no_shadow
}
cylinder {
	<25.661772, 34.496849, 34.759296>,  <25.715027, 34.889656, 34.705765>, 0.100000
	pigment { color rgbt <1,0,0,0> }
	no_shadow
}

// particle -1
sphere {
	<25.661772, 34.496849, 34.759296> 0.100000
	pigment { color rgbt <1,0,0,0> }
	no_shadow
}
sphere {
	0, 1
	scale<0.080000,0.200000,0.300000>
	matrix <0.923381, -0.171964, -0.343215,
		0.360058, 0.077884, 0.929673,
		-0.133139, -0.982020, 0.133834,
		25.621830, 34.202244, 34.799446>
	pigment { color rgbt <0,1,1,0> }
	no_shadow
}
cylinder {
	<26.206837, 34.640854, 35.194824>,  <25.715027, 34.889656, 34.705765>, 0.130000
	pigment { color rgbt <1,0,0,0> }
	no_shadow
}

// nucleotide -1

// particle -1
sphere {
	<26.206837, 34.640854, 35.194824> 0.250000
	pigment { color rgbt <1,0,0,0> }
	no_shadow
}
cylinder {
	<26.111555, 34.410198, 34.882225>,  <26.054386, 34.271805, 34.694664>, 0.100000
	pigment { color rgbt <1,0,0,0> }
	no_shadow
}
cylinder {
	<26.111555, 34.410198, 34.882225>,  <26.206837, 34.640854, 35.194824>, 0.100000
	pigment { color rgbt <1,0,0,0> }
	no_shadow
}

// particle -1
sphere {
	<26.111555, 34.410198, 34.882225> 0.100000
	pigment { color rgbt <1,0,0,0> }
	no_shadow
}
sphere {
	0, 1
	scale<0.080000,0.200000,0.300000>
	matrix <0.954521, 0.009553, -0.297992,
		0.179301, -0.816940, 0.548142,
		-0.238205, -0.576643, -0.781499,
		26.040094, 34.237206, 34.647774>
	pigment { color rgbt <0,1,1,0> }
	no_shadow
}
cylinder {
	<26.848904, 34.428993, 34.897793>,  <26.206837, 34.640854, 35.194824>, 0.130000
	pigment { color rgbt <1,0,0,0> }
	no_shadow
}

// nucleotide -1

// particle -1
sphere {
	<26.848904, 34.428993, 34.897793> 0.250000
	pigment { color rgbt <1,0,0,0> }
	no_shadow
}
cylinder {
	<26.612179, 34.292339, 34.605755>,  <26.470144, 34.210346, 34.430531>, 0.100000
	pigment { color rgbt <1,0,0,0> }
	no_shadow
}
cylinder {
	<26.612179, 34.292339, 34.605755>,  <26.848904, 34.428993, 34.897793>, 0.100000
	pigment { color rgbt <1,0,0,0> }
	no_shadow
}

// particle -1
sphere {
	<26.612179, 34.292339, 34.605755> 0.100000
	pigment { color rgbt <1,0,0,0> }
	no_shadow
}
sphere {
	0, 1
	scale<0.080000,0.200000,0.300000>
	matrix <0.805484, -0.215974, -0.551861,
		0.030851, -0.914682, 0.402996,
		-0.591814, -0.341632, -0.730099,
		26.434635, 34.189850, 34.386726>
	pigment { color rgbt <0,1,1,0> }
	no_shadow
}
cylinder {
	<27.264490, 33.976109, 34.721935>,  <26.848904, 34.428993, 34.897793>, 0.130000
	pigment { color rgbt <1,0,0,0> }
	no_shadow
}

// nucleotide -1

// particle -1
sphere {
	<27.264490, 33.976109, 34.721935> 0.250000
	pigment { color rgbt <1,0,0,0> }
	no_shadow
}
cylinder {
	<26.999010, 33.926308, 34.426910>,  <26.839722, 33.896427, 34.249893>, 0.100000
	pigment { color rgbt <1,0,0,0> }
	no_shadow
}
cylinder {
	<26.999010, 33.926308, 34.426910>,  <27.264490, 33.976109, 34.721935>, 0.100000
	pigment { color rgbt <1,0,0,0> }
	no_shadow
}

// particle -1
sphere {
	<26.999010, 33.926308, 34.426910> 0.100000
	pigment { color rgbt <1,0,0,0> }
	no_shadow
}
sphere {
	0, 1
	scale<0.080000,0.200000,0.300000>
	matrix <0.726617, -0.341398, -0.596217,
		-0.177574, -0.931636, 0.317050,
		-0.663698, -0.124501, -0.737566,
		26.799900, 33.888958, 34.205639>
	pigment { color rgbt <0,1,1,0> }
	no_shadow
}
cylinder {
	<27.275328, 33.341652, 34.514267>,  <27.264490, 33.976109, 34.721935>, 0.130000
	pigment { color rgbt <1,0,0,0> }
	no_shadow
}

// nucleotide -1

// particle -1
sphere {
	<27.275328, 33.341652, 34.514267> 0.250000
	pigment { color rgbt <1,0,0,0> }
	no_shadow
}
cylinder {
	<27.153231, 33.561440, 34.203163>,  <27.079973, 33.693314, 34.016502>, 0.100000
	pigment { color rgbt <1,0,0,0> }
	no_shadow
}
cylinder {
	<27.153231, 33.561440, 34.203163>,  <27.275328, 33.341652, 34.514267>, 0.100000
	pigment { color rgbt <1,0,0,0> }
	no_shadow
}

// particle -1
sphere {
	<27.153231, 33.561440, 34.203163> 0.100000
	pigment { color rgbt <1,0,0,0> }
	no_shadow
}
sphere {
	0, 1
	scale<0.080000,0.200000,0.300000>
	matrix <0.763709, -0.346623, -0.544611,
		-0.568838, -0.760218, -0.313834,
		-0.305241, 0.549473, -0.777758,
		27.061659, 33.726280, 33.969837>
	pigment { color rgbt <0,1,1,0> }
	no_shadow
}
cylinder {
	<27.375429, 32.997604, 33.928829>,  <27.275328, 33.341652, 34.514267>, 0.130000
	pigment { color rgbt <1,0,0,0> }
	no_shadow
}

// nucleotide -1

// particle -1
sphere {
	<27.375429, 32.997604, 33.928829> 0.250000
	pigment { color rgbt <1,0,0,0> }
	no_shadow
}
cylinder {
	<27.380892, 33.375237, 33.797054>,  <27.384169, 33.601814, 33.717987>, 0.100000
	pigment { color rgbt <1,0,0,0> }
	no_shadow
}
cylinder {
	<27.380892, 33.375237, 33.797054>,  <27.375429, 32.997604, 33.928829>, 0.100000
	pigment { color rgbt <1,0,0,0> }
	no_shadow
}

// particle -1
sphere {
	<27.380892, 33.375237, 33.797054> 0.100000
	pigment { color rgbt <1,0,0,0> }
	no_shadow
}
sphere {
	0, 1
	scale<0.080000,0.200000,0.300000>
	matrix <0.909085, -0.148924, -0.389084,
		-0.416388, -0.294177, -0.860280,
		0.013657, 0.944077, -0.329442,
		27.384989, 33.658459, 33.698223>
	pigment { color rgbt <0,1,1,0> }
	no_shadow
}
cylinder {
	<27.609655, 32.943520, 33.224480>,  <27.375429, 32.997604, 33.928829>, 0.130000
	pigment { color rgbt <1,0,0,0> }
	no_shadow
}

// nucleotide -1

// particle -1
sphere {
	<27.609655, 32.943520, 33.224480> 0.250000
	pigment { color rgbt <1,0,0,0> }
	no_shadow
}
cylinder {
	<27.686403, 33.304707, 33.378281>,  <27.732452, 33.521420, 33.470562>, 0.100000
	pigment { color rgbt <1,0,0,0> }
	no_shadow
}
cylinder {
	<27.686403, 33.304707, 33.378281>,  <27.609655, 32.943520, 33.224480>, 0.100000
	pigment { color rgbt <1,0,0,0> }
	no_shadow
}

// particle -1
sphere {
	<27.686403, 33.304707, 33.378281> 0.100000
	pigment { color rgbt <1,0,0,0> }
	no_shadow
}
sphere {
	0, 1
	scale<0.080000,0.200000,0.300000>
	matrix <0.933290, -0.046685, -0.356076,
		-0.303573, 0.427174, -0.851684,
		0.191868, 0.902963, 0.384505,
		27.743963, 33.575596, 33.493633>
	pigment { color rgbt <0,1,1,0> }
	no_shadow
}
cylinder {
	<28.097721, 33.270916, 32.719925>,  <27.609655, 32.943520, 33.224480>, 0.130000
	pigment { color rgbt <1,0,0,0> }
	no_shadow
}

// nucleotide -1

// particle -1
sphere {
	<28.097721, 33.270916, 32.719925> 0.250000
	pigment { color rgbt <1,0,0,0> }
	no_shadow
}
cylinder {
	<28.156645, 33.485909, 33.052048>,  <28.191999, 33.614906, 33.251320>, 0.100000
	pigment { color rgbt <1,0,0,0> }
	no_shadow
}
cylinder {
	<28.156645, 33.485909, 33.052048>,  <28.097721, 33.270916, 32.719925>, 0.100000
	pigment { color rgbt <1,0,0,0> }
	no_shadow
}

// particle -1
sphere {
	<28.156645, 33.485909, 33.052048> 0.100000
	pigment { color rgbt <1,0,0,0> }
	no_shadow
}
sphere {
	0, 1
	scale<0.080000,0.200000,0.300000>
	matrix <0.967395, 0.096567, -0.234140,
		-0.206027, 0.837725, -0.505736,
		0.147307, 0.537486, 0.830307,
		28.200836, 33.647156, 33.301140>
	pigment { color rgbt <0,1,1,0> }
	no_shadow
}
cylinder {
	<28.660622, 33.718719, 32.552471>,  <28.097721, 33.270916, 32.719925>, 0.130000
	pigment { color rgbt <1,0,0,0> }
	no_shadow
}

// nucleotide -1

// particle -1
sphere {
	<28.660622, 33.718719, 32.552471> 0.250000
	pigment { color rgbt <1,0,0,0> }
	no_shadow
}
cylinder {
	<28.648796, 33.708317, 32.952160>,  <28.641701, 33.702076, 33.191975>, 0.100000
	pigment { color rgbt <1,0,0,0> }
	no_shadow
}
cylinder {
	<28.648796, 33.708317, 32.952160>,  <28.660622, 33.718719, 32.552471>, 0.100000
	pigment { color rgbt <1,0,0,0> }
	no_shadow
}

// particle -1
sphere {
	<28.648796, 33.708317, 32.952160> 0.100000
	pigment { color rgbt <1,0,0,0> }
	no_shadow
}
sphere {
	0, 1
	scale<0.080000,0.200000,0.300000>
	matrix <0.952872, 0.301226, 0.036035,
		-0.301930, 0.953198, 0.015879,
		-0.029566, -0.026011, 0.999224,
		28.639927, 33.700512, 33.251926>
	pigment { color rgbt <0,1,1,0> }
	no_shadow
}
cylinder {
	<29.506346, 33.653393, 32.744690>,  <28.660622, 33.718719, 32.552471>, 0.130000
	pigment { color rgbt <1,0,0,0> }
	no_shadow
}

// nucleotide -1

// particle -1
sphere {
	<29.506346, 33.653393, 32.744690> 0.250000
	pigment { color rgbt <1,0,0,0> }
	no_shadow
}
cylinder {
	<29.693192, 33.681973, 33.097214>,  <29.805300, 33.699120, 33.308727>, 0.100000
	pigment { color rgbt <1,0,0,0> }
	no_shadow
}
cylinder {
	<29.693192, 33.681973, 33.097214>,  <29.506346, 33.653393, 32.744690>, 0.100000
	pigment { color rgbt <1,0,0,0> }
	no_shadow
}

// particle -1
sphere {
	<29.693192, 33.681973, 33.097214> 0.100000
	pigment { color rgbt <1,0,0,0> }
	no_shadow
}
sphere {
	0, 1
	scale<0.080000,0.200000,0.300000>
	matrix <-0.883276, 0.083190, 0.461414,
		-0.040349, -0.993969, 0.101966,
		0.467114, 0.071447, 0.881306,
		29.833326, 33.703407, 33.361607>
	pigment { color rgbt <0,1,1,0> }
	no_shadow
}
cylinder {
	<29.270149, 33.096527, 33.282848>,  <29.506346, 33.653393, 32.744690>, 0.130000
	pigment { color rgbt <1,0,0,0> }
	no_shadow
}

// nucleotide -1

// particle -1
sphere {
	<29.270149, 33.096527, 33.282848> 0.250000
	pigment { color rgbt <1,0,0,0> }
	no_shadow
}
cylinder {
	<29.360826, 33.464703, 33.410225>,  <29.415234, 33.685608, 33.486649>, 0.100000
	pigment { color rgbt <1,0,0,0> }
	no_shadow
}
cylinder {
	<29.360826, 33.464703, 33.410225>,  <29.270149, 33.096527, 33.282848>, 0.100000
	pigment { color rgbt <1,0,0,0> }
	no_shadow
}

// particle -1
sphere {
	<29.360826, 33.464703, 33.410225> 0.100000
	pigment { color rgbt <1,0,0,0> }
	no_shadow
}
sphere {
	0, 1
	scale<0.080000,0.200000,0.300000>
	matrix <-0.922374, 0.097888, 0.373690,
		0.312787, -0.378432, 0.871179,
		0.226694, 0.920439, 0.318438,
		29.428835, 33.740833, 33.505756>
	pigment { color rgbt <0,1,1,0> }
	no_shadow
}
cylinder {
	<29.167049, 33.216648, 34.040886>,  <29.270149, 33.096527, 33.282848>, 0.130000
	pigment { color rgbt <1,0,0,0> }
	no_shadow
}

// nucleotide -1

// particle -1
sphere {
	<29.167049, 33.216648, 34.040886> 0.250000
	pigment { color rgbt <1,0,0,0> }
	no_shadow
}
cylinder {
	<29.098892, 33.559334, 33.846149>,  <29.057999, 33.764946, 33.729309>, 0.100000
	pigment { color rgbt <1,0,0,0> }
	no_shadow
}
cylinder {
	<29.098892, 33.559334, 33.846149>,  <29.167049, 33.216648, 34.040886>, 0.100000
	pigment { color rgbt <1,0,0,0> }
	no_shadow
}

// particle -1
sphere {
	<29.098892, 33.559334, 33.846149> 0.100000
	pigment { color rgbt <1,0,0,0> }
	no_shadow
}
sphere {
	0, 1
	scale<0.080000,0.200000,0.300000>
	matrix <-0.960304, -0.033629, 0.276922,
		0.220870, 0.514701, 0.828432,
		-0.170391, 0.856710, -0.486841,
		29.047775, 33.816345, 33.700096>
	pigment { color rgbt <0,1,1,0> }
	no_shadow
}
cylinder {
	<28.684881, 33.843494, 34.438042>,  <29.167049, 33.216648, 34.040886>, 0.130000
	pigment { color rgbt <1,0,0,0> }
	no_shadow
}

// nucleotide -1

// particle -1
sphere {
	<28.684881, 33.843494, 34.438042> 0.250000
	pigment { color rgbt <1,0,0,0> }
	no_shadow
}
cylinder {
	<28.662125, 33.893360, 34.041817>,  <28.648470, 33.923279, 33.804081>, 0.100000
	pigment { color rgbt <1,0,0,0> }
	no_shadow
}
cylinder {
	<28.662125, 33.893360, 34.041817>,  <28.684881, 33.843494, 34.438042>, 0.100000
	pigment { color rgbt <1,0,0,0> }
	no_shadow
}

// particle -1
sphere {
	<28.662125, 33.893360, 34.041817> 0.100000
	pigment { color rgbt <1,0,0,0> }
	no_shadow
}
sphere {
	0, 1
	scale<0.080000,0.200000,0.300000>
	matrix <-0.989862, 0.122290, 0.072241,
		0.130142, 0.984634, 0.116440,
		-0.056891, 0.124661, -0.990567,
		28.645058, 33.930759, 33.744648>
	pigment { color rgbt <0,1,1,0> }
	no_shadow
}
cylinder {
	<28.310070, 34.422241, 34.318836>,  <28.684881, 33.843494, 34.438042>, 0.130000
	pigment { color rgbt <1,0,0,0> }
	no_shadow
}

// nucleotide -1

// particle -1
sphere {
	<28.310070, 34.422241, 34.318836> 0.250000
	pigment { color rgbt <1,0,0,0> }
	no_shadow
}
cylinder {
	<28.275978, 34.208427, 33.982502>,  <28.255524, 34.080139, 33.780701>, 0.100000
	pigment { color rgbt <1,0,0,0> }
	no_shadow
}
cylinder {
	<28.275978, 34.208427, 33.982502>,  <28.310070, 34.422241, 34.318836>, 0.100000
	pigment { color rgbt <1,0,0,0> }
	no_shadow
}

// particle -1
sphere {
	<28.275978, 34.208427, 33.982502> 0.100000
	pigment { color rgbt <1,0,0,0> }
	no_shadow
}
sphere {
	0, 1
	scale<0.080000,0.200000,0.300000>
	matrix <-0.996043, 0.067055, 0.058333,
		0.025202, 0.842484, -0.538131,
		-0.085229, -0.534531, -0.840840,
		28.250410, 34.048069, 33.730251>
	pigment { color rgbt <0,1,1,0> }
	no_shadow
}
cylinder {
	<27.892736, 34.777466, 33.917953>,  <28.310070, 34.422241, 34.318836>, 0.130000
	pigment { color rgbt <1,0,0,0> }
	no_shadow
}

// nucleotide -1

// particle -1
sphere {
	<27.892736, 34.777466, 33.917953> 0.250000
	pigment { color rgbt <1,0,0,0> }
	no_shadow
}
cylinder {
	<27.852859, 34.411434, 33.761646>,  <27.828934, 34.191814, 33.667862>, 0.100000
	pigment { color rgbt <1,0,0,0> }
	no_shadow
}
cylinder {
	<27.852859, 34.411434, 33.761646>,  <27.892736, 34.777466, 33.917953>, 0.100000
	pigment { color rgbt <1,0,0,0> }
	no_shadow
}

// particle -1
sphere {
	<27.852859, 34.411434, 33.761646> 0.100000
	pigment { color rgbt <1,0,0,0> }
	no_shadow
}
sphere {
	0, 1
	scale<0.080000,0.200000,0.300000>
	matrix <-0.994921, 0.097169, 0.026273,
		0.013929, 0.391401, -0.920115,
		-0.099690, -0.915076, -0.390766,
		27.822952, 34.136913, 33.644417>
	pigment { color rgbt <0,1,1,0> }
	no_shadow
}
cylinder {
	<27.457500, 34.908810, 33.384544>,  <27.892736, 34.777466, 33.917953>, 0.130000
	pigment { color rgbt <1,0,0,0> }
	no_shadow
}

// nucleotide -1

// particle -1
sphere {
	<27.457500, 34.908810, 33.384544> 0.250000
	pigment { color rgbt <1,0,0,0> }
	no_shadow
}
cylinder {
	<27.448534, 34.515373, 33.456146>,  <27.443153, 34.279312, 33.499107>, 0.100000
	pigment { color rgbt <1,0,0,0> }
	no_shadow
}
cylinder {
	<27.448534, 34.515373, 33.456146>,  <27.457500, 34.908810, 33.384544>, 0.100000
	pigment { color rgbt <1,0,0,0> }
	no_shadow
}

// particle -1
sphere {
	<27.448534, 34.515373, 33.456146> 0.100000
	pigment { color rgbt <1,0,0,0> }
	no_shadow
}
sphere {
	0, 1
	scale<0.080000,0.200000,0.300000>
	matrix <-0.977085, 0.059462, 0.204375,
		-0.211666, -0.170325, -0.962386,
		-0.022416, -0.983592, 0.179008,
		27.441809, 34.220295, 33.509850>
	pigment { color rgbt <0,1,1,0> }
	no_shadow
}
cylinder {
	<26.866653, 34.566498, 32.988834>,  <27.457500, 34.908810, 33.384544>, 0.130000
	pigment { color rgbt <1,0,0,0> }
	no_shadow
}

// nucleotide -1

// particle -1
sphere {
	<26.866653, 34.566498, 32.988834> 0.250000
	pigment { color rgbt <1,0,0,0> }
	no_shadow
}
cylinder {
	<26.917023, 34.311150, 33.292580>,  <26.947245, 34.157940, 33.474827>, 0.100000
	pigment { color rgbt <1,0,0,0> }
	no_shadow
}
cylinder {
	<26.917023, 34.311150, 33.292580>,  <26.866653, 34.566498, 32.988834>, 0.100000
	pigment { color rgbt <1,0,0,0> }
	no_shadow
}

// particle -1
sphere {
	<26.917023, 34.311150, 33.292580> 0.100000
	pigment { color rgbt <1,0,0,0> }
	no_shadow
}
sphere {
	0, 1
	scale<0.080000,0.200000,0.300000>
	matrix <-0.970035, 0.081094, 0.229031,
		-0.207787, -0.765445, -0.609031,
		0.125922, -0.638371, 0.759359,
		26.954800, 34.119637, 33.520386>
	pigment { color rgbt <0,1,1,0> }
	no_shadow
}
cylinder {
	<26.625828, 34.872467, 32.398411>,  <26.866653, 34.566498, 32.988834>, 0.130000
	pigment { color rgbt <1,0,0,0> }
	no_shadow
}

// nucleotide -1

// particle -1
sphere {
	<26.625828, 34.872467, 32.398411> 0.250000
	pigment { color rgbt <1,0,0,0> }
	no_shadow
}
cylinder {
	<26.755899, 35.156055, 32.148094>,  <26.833942, 35.326210, 31.997904>, 0.100000
	pigment { color rgbt <1,0,0,0> }
	no_shadow
}
cylinder {
	<26.755899, 35.156055, 32.148094>,  <26.625828, 34.872467, 32.398411>, 0.100000
	pigment { color rgbt <1,0,0,0> }
	no_shadow
}

// particle -1
sphere {
	<26.755899, 35.156055, 32.148094> 0.100000
	pigment { color rgbt <1,0,0,0> }
	no_shadow
}
sphere {
	0, 1
	scale<0.080000,0.200000,0.300000>
	matrix <0.944091, -0.281399, 0.171777,
		-0.054312, -0.646662, -0.760840,
		0.325181, 0.708973, -0.625791,
		26.853455, 35.368748, 31.960358>
	pigment { color rgbt <0,1,1,0> }
	no_shadow
}
cylinder {
	<27.096113, 34.751427, 31.890223>,  <26.625828, 34.872467, 32.398411>, 0.130000
	pigment { color rgbt <1,0,0,0> }
	no_shadow
}

// nucleotide -1

// particle -1
sphere {
	<27.096113, 34.751427, 31.890223> 0.250000
	pigment { color rgbt <1,0,0,0> }
	no_shadow
}
cylinder {
	<27.203142, 35.132729, 31.946377>,  <27.267359, 35.361511, 31.980070>, 0.100000
	pigment { color rgbt <1,0,0,0> }
	no_shadow
}
cylinder {
	<27.203142, 35.132729, 31.946377>,  <27.096113, 34.751427, 31.890223>, 0.100000
	pigment { color rgbt <1,0,0,0> }
	no_shadow
}

// particle -1
sphere {
	<27.203142, 35.132729, 31.946377> 0.100000
	pigment { color rgbt <1,0,0,0> }
	no_shadow
}
sphere {
	0, 1
	scale<0.080000,0.200000,0.300000>
	matrix <0.933692, -0.292499, 0.206552,
		0.237960, 0.075811, -0.968312,
		0.267571, 0.953256, 0.140388,
		27.283413, 35.418705, 31.988493>
	pigment { color rgbt <0,1,1,0> }
	no_shadow
}
cylinder {
	<27.624018, 34.900581, 31.445560>,  <27.096113, 34.751427, 31.890223>, 0.130000
	pigment { color rgbt <1,0,0,0> }
	no_shadow
}

// nucleotide -1

// particle -1
sphere {
	<27.624018, 34.900581, 31.445560> 0.250000
	pigment { color rgbt <1,0,0,0> }
	no_shadow
}
cylinder {
	<27.647308, 35.160992, 31.748287>,  <27.661283, 35.317238, 31.929924>, 0.100000
	pigment { color rgbt <1,0,0,0> }
	no_shadow
}
cylinder {
	<27.647308, 35.160992, 31.748287>,  <27.624018, 34.900581, 31.445560>, 0.100000
	pigment { color rgbt <1,0,0,0> }
	no_shadow
}

// particle -1
sphere {
	<27.647308, 35.160992, 31.748287> 0.100000
	pigment { color rgbt <1,0,0,0> }
	no_shadow
}
sphere {
	0, 1
	scale<0.080000,0.200000,0.300000>
	matrix <0.977475, -0.191229, 0.089293,
		0.202858, 0.734570, -0.647499,
		0.058229, 0.651029, 0.756817,
		27.664778, 35.356300, 31.975332>
	pigment { color rgbt <0,1,1,0> }
	no_shadow
}
cylinder {
	<28.167908, 35.459576, 31.279152>,  <27.624018, 34.900581, 31.445560>, 0.130000
	pigment { color rgbt <1,0,0,0> }
	no_shadow
}

// nucleotide -1

// particle -1
sphere {
	<28.167908, 35.459576, 31.279152> 0.250000
	pigment { color rgbt <1,0,0,0> }
	no_shadow
}
cylinder {
	<28.147211, 35.372799, 31.669077>,  <28.134792, 35.320732, 31.903032>, 0.100000
	pigment { color rgbt <1,0,0,0> }
	no_shadow
}
cylinder {
	<28.147211, 35.372799, 31.669077>,  <28.167908, 35.459576, 31.279152>, 0.100000
	pigment { color rgbt <1,0,0,0> }
	no_shadow
}

// particle -1
sphere {
	<28.147211, 35.372799, 31.669077> 0.100000
	pigment { color rgbt <1,0,0,0> }
	no_shadow
}
sphere {
	0, 1
	scale<0.080000,0.200000,0.300000>
	matrix <0.966931, -0.254979, -0.005419,
		0.249733, 0.942296, 0.222961,
		-0.051744, -0.216941, 0.974812,
		28.131687, 35.307716, 31.961521>
	pigment { color rgbt <0,1,1,0> }
	no_shadow
}
cylinder {
	<28.790077, 35.406960, 31.434622>,  <28.167908, 35.459576, 31.279152>, 0.130000
	pigment { color rgbt <1,0,0,0> }
	no_shadow
}

// nucleotide -1

// particle -1
sphere {
	<28.790077, 35.406960, 31.434622> 0.250000
	pigment { color rgbt <1,0,0,0> }
	no_shadow
}
cylinder {
	<28.670515, 35.199963, 31.755337>,  <28.598778, 35.075764, 31.947765>, 0.100000
	pigment { color rgbt <1,0,0,0> }
	no_shadow
}
cylinder {
	<28.670515, 35.199963, 31.755337>,  <28.790077, 35.406960, 31.434622>, 0.100000
	pigment { color rgbt <1,0,0,0> }
	no_shadow
}

// particle -1
sphere {
	<28.670515, 35.199963, 31.755337> 0.100000
	pigment { color rgbt <1,0,0,0> }
	no_shadow
}
sphere {
	0, 1
	scale<0.080000,0.200000,0.300000>
	matrix <0.821295, -0.567340, -0.059992,
		0.485930, 0.640571, 0.594593,
		-0.298907, -0.517488, 0.801786,
		28.580843, 35.044716, 31.995872>
	pigment { color rgbt <0,1,1,0> }
	no_shadow
}
cylinder {
	<29.228870, 35.564915, 32.075626>,  <28.790077, 35.406960, 31.434622>, 0.130000
	pigment { color rgbt <1,0,0,0> }
	no_shadow
}

// nucleotide -1

// particle -1
sphere {
	<29.228870, 35.564915, 32.075626> 0.250000
	pigment { color rgbt <1,0,0,0> }
	no_shadow
}
cylinder {
	<29.074528, 35.196323, 32.093468>,  <28.981922, 34.975166, 32.104172>, 0.100000
	pigment { color rgbt <1,0,0,0> }
	no_shadow
}
cylinder {
	<29.074528, 35.196323, 32.093468>,  <29.228870, 35.564915, 32.075626>, 0.100000
	pigment { color rgbt <1,0,0,0> }
	no_shadow
}

// particle -1
sphere {
	<29.074528, 35.196323, 32.093468> 0.100000
	pigment { color rgbt <1,0,0,0> }
	no_shadow
}
sphere {
	0, 1
	scale<0.080000,0.200000,0.300000>
	matrix <0.914997, -0.376067, 0.146128,
		-0.117879, 0.097199, 0.988259,
		-0.385856, -0.921480, 0.044606,
		28.958771, 34.919880, 32.106850>
	pigment { color rgbt <0,1,1,0> }
	no_shadow
}
cylinder {
	<29.540766, 35.258030, 32.646683>,  <29.228870, 35.564915, 32.075626>, 0.130000
	pigment { color rgbt <1,0,0,0> }
	no_shadow
}

// nucleotide -1

// particle -1
sphere {
	<29.540766, 35.258030, 32.646683> 0.250000
	pigment { color rgbt <1,0,0,0> }
	no_shadow
}
cylinder {
	<29.399706, 34.982586, 32.393242>,  <29.315069, 34.817318, 32.241177>, 0.100000
	pigment { color rgbt <1,0,0,0> }
	no_shadow
}
cylinder {
	<29.399706, 34.982586, 32.393242>,  <29.540766, 35.258030, 32.646683>, 0.100000
	pigment { color rgbt <1,0,0,0> }
	no_shadow
}

// particle -1
sphere {
	<29.399706, 34.982586, 32.393242> 0.100000
	pigment { color rgbt <1,0,0,0> }
	no_shadow
}
sphere {
	0, 1
	scale<0.080000,0.200000,0.300000>
	matrix <0.918673, -0.383559, -0.094455,
		-0.177980, -0.615381, 0.767874,
		-0.352651, -0.688614, -0.633600,
		29.293911, 34.776001, 32.203163>
	pigment { color rgbt <0,1,1,0> }
	no_shadow
}
cylinder {
	<30.037405, 35.525723, 33.324478>,  <29.540766, 35.258030, 32.646683>, 0.130000
	pigment { color rgbt <1,0,0,0> }
	no_shadow
}

// nucleotide -1

// particle -1
sphere {
	<30.037405, 35.525723, 33.324478> 0.250000
	pigment { color rgbt <1,0,0,0> }
	no_shadow
}
cylinder {
	<29.831127, 35.688663, 33.022984>,  <29.707361, 35.786430, 32.842087>, 0.100000
	pigment { color rgbt <1,0,0,0> }
	no_shadow
}
cylinder {
	<29.831127, 35.688663, 33.022984>,  <30.037405, 35.525723, 33.324478>, 0.100000
	pigment { color rgbt <1,0,0,0> }
	no_shadow
}

// particle -1
sphere {
	<29.831127, 35.688663, 33.022984> 0.100000
	pigment { color rgbt <1,0,0,0> }
	no_shadow
}
sphere {
	0, 1
	scale<0.080000,0.200000,0.300000>
	matrix <0.839168, 0.417574, -0.348467,
		0.172792, -0.812216, -0.557179,
		-0.515694, 0.407354, -0.753739,
		29.676418, 35.810871, 32.796864>
	pigment { color rgbt <0,1,1,0> }
	no_shadow
}
cylinder {
	<30.373852, 35.541729, 32.601555>,  <30.037405, 35.525723, 33.324478>, 0.130000
	pigment { color rgbt <1,0,0,0> }
	no_shadow
}

// nucleotide -1

// particle -1
sphere {
	<30.373852, 35.541729, 32.601555> 0.250000
	pigment { color rgbt <1,0,0,0> }
	no_shadow
}
cylinder {
	<30.135893, 35.861607, 32.634037>,  <29.993118, 36.053532, 32.653526>, 0.100000
	pigment { color rgbt <1,0,0,0> }
	no_shadow
}
cylinder {
	<30.135893, 35.861607, 32.634037>,  <30.373852, 35.541729, 32.601555>, 0.100000
	pigment { color rgbt <1,0,0,0> }
	no_shadow
}

// particle -1
sphere {
	<30.135893, 35.861607, 32.634037> 0.100000
	pigment { color rgbt <1,0,0,0> }
	no_shadow
}
sphere {
	0, 1
	scale<0.080000,0.200000,0.300000>
	matrix <0.784312, 0.599614, -0.159113,
		-0.175933, -0.030965, -0.983915,
		-0.594896, 0.799690, 0.081206,
		29.957424, 36.101513, 32.658398>
	pigment { color rgbt <0,1,1,0> }
	no_shadow
}
cylinder {
	<30.297871, 36.020004, 31.913929>,  <30.373852, 35.541729, 32.601555>, 0.130000
	pigment { color rgbt <1,0,0,0> }
	no_shadow
}

// nucleotide -1

// particle -1
sphere {
	<30.297871, 36.020004, 31.913929> 0.250000
	pigment { color rgbt <1,0,0,0> }
	no_shadow
}
cylinder {
	<30.276314, 36.196796, 32.272091>,  <30.263380, 36.302872, 32.486988>, 0.100000
	pigment { color rgbt <1,0,0,0> }
	no_shadow
}
cylinder {
	<30.276314, 36.196796, 32.272091>,  <30.297871, 36.020004, 31.913929>, 0.100000
	pigment { color rgbt <1,0,0,0> }
	no_shadow
}

// particle -1
sphere {
	<30.276314, 36.196796, 32.272091> 0.100000
	pigment { color rgbt <1,0,0,0> }
	no_shadow
}
sphere {
	0, 1
	scale<0.080000,0.200000,0.300000>
	matrix <0.827489, 0.521657, -0.207689,
		-0.558889, 0.729746, -0.393844,
		-0.053892, 0.441977, 0.895406,
		30.260147, 36.329388, 32.540714>
	pigment { color rgbt <0,1,1,0> }
	no_shadow
}
cylinder {
	<30.314985, 36.771610, 31.913763>,  <30.297871, 36.020004, 31.913929>, 0.130000
	pigment { color rgbt <1,0,0,0> }
	no_shadow
}

// nucleotide -1

// particle -1
sphere {
	<30.314985, 36.771610, 31.913763> 0.250000
	pigment { color rgbt <1,0,0,0> }
	no_shadow
}
cylinder {
	<30.489004, 36.610317, 32.235790>,  <30.593414, 36.513542, 32.429008>, 0.100000
	pigment { color rgbt <1,0,0,0> }
	no_shadow
}
cylinder {
	<30.489004, 36.610317, 32.235790>,  <30.314985, 36.771610, 31.913763>, 0.100000
	pigment { color rgbt <1,0,0,0> }
	no_shadow
}

// particle -1
sphere {
	<30.489004, 36.610317, 32.235790> 0.100000
	pigment { color rgbt <1,0,0,0> }
	no_shadow
}
sphere {
	0, 1
	scale<0.080000,0.200000,0.300000>
	matrix <0.809536, 0.566603, -0.153665,
		-0.394191, 0.718584, 0.572932,
		0.435046, -0.403235, 0.805069,
		30.619518, 36.489346, 32.477310>
	pigment { color rgbt <0,1,1,0> }
	no_shadow
}
cylinder {
	<30.626436, 37.283298, 32.332954>,  <30.314985, 36.771610, 31.913763>, 0.130000
	pigment { color rgbt <1,0,0,0> }
	no_shadow
}

// nucleotide -1

// particle -1
sphere {
	<30.626436, 37.283298, 32.332954> 0.250000
	pigment { color rgbt <1,0,0,0> }
	no_shadow
}
cylinder {
	<30.842249, 36.946762, 32.345932>,  <30.971737, 36.744843, 32.353718>, 0.100000
	pigment { color rgbt <1,0,0,0> }
	no_shadow
}
cylinder {
	<30.842249, 36.946762, 32.345932>,  <30.626436, 37.283298, 32.332954>, 0.100000
	pigment { color rgbt <1,0,0,0> }
	no_shadow
}

// particle -1
sphere {
	<30.842249, 36.946762, 32.345932> 0.100000
	pigment { color rgbt <1,0,0,0> }
	no_shadow
}
sphere {
	0, 1
	scale<0.080000,0.200000,0.300000>
	matrix <0.838413, 0.533323, -0.112387,
		0.077252, 0.087839, 0.993135,
		0.539533, -0.841339, 0.032445,
		31.004108, 36.694359, 32.355667>
	pigment { color rgbt <0,1,1,0> }
	no_shadow
}
cylinder {
	<30.979612, 37.255592, 32.920292>,  <30.626436, 37.283298, 32.332954>, 0.130000
	pigment { color rgbt <1,0,0,0> }
	no_shadow
}

// nucleotide -1

// particle -1
sphere {
	<30.979612, 37.255592, 32.920292> 0.250000
	pigment { color rgbt <1,0,0,0> }
	no_shadow
}
cylinder {
	<31.208290, 37.069572, 32.649918>,  <31.345497, 36.957958, 32.487694>, 0.100000
	pigment { color rgbt <1,0,0,0> }
	no_shadow
}
cylinder {
	<31.208290, 37.069572, 32.649918>,  <30.979612, 37.255592, 32.920292>, 0.100000
	pigment { color rgbt <1,0,0,0> }
	no_shadow
}

// particle -1
sphere {
	<31.208290, 37.069572, 32.649918> 0.100000
	pigment { color rgbt <1,0,0,0> }
	no_shadow
}
sphere {
	0, 1
	scale<0.080000,0.200000,0.300000>
	matrix <0.778642, 0.567208, 0.268313,
		0.258617, -0.679706, 0.686380,
		0.571694, -0.465053, -0.675937,
		31.379799, 36.930058, 32.447136>
	pigment { color rgbt <0,1,1,0> }
	no_shadow
}
cylinder {
	<31.559746, 36.892155, 33.094967>,  <30.979612, 37.255592, 32.920292>, 0.130000
	pigment { color rgbt <1,0,0,0> }
	no_shadow
}

// nucleotide -1

// particle -1
sphere {
	<31.559746, 36.892155, 33.094967> 0.250000
	pigment { color rgbt <1,0,0,0> }
	no_shadow
}
cylinder {
	<31.685638, 36.961678, 32.721714>,  <31.761175, 37.003391, 32.497761>, 0.100000
	pigment { color rgbt <1,0,0,0> }
	no_shadow
}
cylinder {
	<31.685638, 36.961678, 32.721714>,  <31.559746, 36.892155, 33.094967>, 0.100000
	pigment { color rgbt <1,0,0,0> }
	no_shadow
}

// particle -1
sphere {
	<31.685638, 36.961678, 32.721714> 0.100000
	pigment { color rgbt <1,0,0,0> }
	no_shadow
}
sphere {
	0, 1
	scale<0.080000,0.200000,0.300000>
	matrix <0.809158, 0.464789, 0.359492,
		0.496193, -0.868194, 0.005644,
		0.314732, 0.173811, -0.933131,
		31.780058, 37.013821, 32.441776>
	pigment { color rgbt <0,1,1,0> }
	no_shadow
}
cylinder {
	<31.901058, 37.241444, 33.712234>,  <31.559746, 36.892155, 33.094967>, 0.130000
	pigment { color rgbt <1,0,0,0> }
	no_shadow
}

// nucleotide -1

// particle -1
sphere {
	<31.901058, 37.241444, 33.712234> 0.250000
	pigment { color rgbt <1,0,0,0> }
	no_shadow
}
cylinder {
	<31.849258, 37.196873, 34.106354>,  <31.818178, 37.170128, 34.342827>, 0.100000
	pigment { color rgbt <1,0,0,0> }
	no_shadow
}
cylinder {
	<31.849258, 37.196873, 34.106354>,  <31.901058, 37.241444, 33.712234>, 0.100000
	pigment { color rgbt <1,0,0,0> }
	no_shadow
}

// particle -1
sphere {
	<31.849258, 37.196873, 34.106354> 0.100000
	pigment { color rgbt <1,0,0,0> }
	no_shadow
}
sphere {
	0, 1
	scale<0.080000,0.200000,0.300000>
	matrix <0.289794, 0.946030, 0.145076,
		-0.948288, 0.304320, -0.090218,
		-0.129499, -0.111429, 0.985299,
		31.810410, 37.163445, 34.401943>
	pigment { color rgbt <0,1,1,0> }
	no_shadow
}
cylinder {
	<31.493919, 37.763008, 34.050003>,  <31.901058, 37.241444, 33.712234>, 0.130000
	pigment { color rgbt <1,0,0,0> }
	no_shadow
}

// nucleotide -1

// particle -1
sphere {
	<31.493919, 37.763008, 34.050003> 0.250000
	pigment { color rgbt <1,0,0,0> }
	no_shadow
}
cylinder {
	<31.740606, 37.613354, 34.327042>,  <31.888618, 37.523563, 34.493263>, 0.100000
	pigment { color rgbt <1,0,0,0> }
	no_shadow
}
cylinder {
	<31.740606, 37.613354, 34.327042>,  <31.493919, 37.763008, 34.050003>, 0.100000
	pigment { color rgbt <1,0,0,0> }
	no_shadow
}

// particle -1
sphere {
	<31.740606, 37.613354, 34.327042> 0.100000
	pigment { color rgbt <1,0,0,0> }
	no_shadow
}
sphere {
	0, 1
	scale<0.080000,0.200000,0.300000>
	matrix <0.132288, 0.916580, 0.377334,
		-0.775990, -0.141087, 0.614763,
		0.616717, -0.374134, 0.692593,
		31.925621, 37.501114, 34.534821>
	pigment { color rgbt <0,1,1,0> }
	no_shadow
}
cylinder {
	<31.325624, 37.892776, 34.800323>,  <31.493919, 37.763008, 34.050003>, 0.130000
	pigment { color rgbt <1,0,0,0> }
	no_shadow
}

// nucleotide -1

// particle -1
sphere {
	<31.325624, 37.892776, 34.800323> 0.250000
	pigment { color rgbt <1,0,0,0> }
	no_shadow
}
cylinder {
	<31.722073, 37.853340, 34.764629>,  <31.959942, 37.829678, 34.743214>, 0.100000
	pigment { color rgbt <1,0,0,0> }
	no_shadow
}
cylinder {
	<31.722073, 37.853340, 34.764629>,  <31.325624, 37.892776, 34.800323>, 0.100000
	pigment { color rgbt <1,0,0,0> }
	no_shadow
}

// particle -1
sphere {
	<31.722073, 37.853340, 34.764629> 0.100000
	pigment { color rgbt <1,0,0,0> }
	no_shadow
}
sphere {
	0, 1
	scale<0.080000,0.200000,0.300000>
	matrix <0.131646, 0.822233, 0.553716,
		0.018778, -0.560546, 0.827910,
		0.991119, -0.098593, -0.089234,
		32.019409, 37.823761, 34.737858>
	pigment { color rgbt <0,1,1,0> }
	no_shadow
}
cylinder {
	<31.700888, 37.916374, 35.465397>,  <31.325624, 37.892776, 34.800323>, 0.130000
	pigment { color rgbt <1,0,0,0> }
	no_shadow
}

// nucleotide -1

// particle -1
sphere {
	<31.700888, 37.916374, 35.465397> 0.250000
	pigment { color rgbt <1,0,0,0> }
	no_shadow
}
cylinder {
	<31.964027, 38.036190, 35.188988>,  <32.121910, 38.108078, 35.023144>, 0.100000
	pigment { color rgbt <1,0,0,0> }
	no_shadow
}
cylinder {
	<31.964027, 38.036190, 35.188988>,  <31.700888, 37.916374, 35.465397>, 0.100000
	pigment { color rgbt <1,0,0,0> }
	no_shadow
}

// particle -1
sphere {
	<31.964027, 38.036190, 35.188988> 0.100000
	pigment { color rgbt <1,0,0,0> }
	no_shadow
}
sphere {
	0, 1
	scale<0.080000,0.200000,0.300000>
	matrix <0.208688, 0.809088, 0.549387,
		0.723659, -0.505622, 0.469749,
		0.657851, 0.299538, -0.691021,
		32.161381, 38.126053, 34.981682>
	pigment { color rgbt <0,1,1,0> }
	no_shadow
}
cylinder {
	<32.180763, 38.320015, 35.981983>,  <31.700888, 37.916374, 35.465397>, 0.130000
	pigment { color rgbt <1,0,0,0> }
	no_shadow
}

// nucleotide -1

// particle -1
sphere {
	<32.180763, 38.320015, 35.981983> 0.250000
	pigment { color rgbt <1,0,0,0> }
	no_shadow
}
cylinder {
	<32.237041, 38.411964, 35.596783>,  <32.270809, 38.467133, 35.365662>, 0.100000
	pigment { color rgbt <1,0,0,0> }
	no_shadow
}
cylinder {
	<32.237041, 38.411964, 35.596783>,  <32.180763, 38.320015, 35.981983>, 0.100000
	pigment { color rgbt <1,0,0,0> }
	no_shadow
}

// particle -1
sphere {
	<32.237041, 38.411964, 35.596783> 0.100000
	pigment { color rgbt <1,0,0,0> }
	no_shadow
}
sphere {
	0, 1
	scale<0.080000,0.200000,0.300000>
	matrix <0.292985, 0.919439, 0.262281,
		0.945708, -0.319046, 0.062015,
		0.140699, 0.229872, -0.962997,
		32.279251, 38.480927, 35.307884>
	pigment { color rgbt <0,1,1,0> }
	no_shadow
}
cylinder {
	<32.537060, 38.892231, 36.056545>,  <32.180763, 38.320015, 35.981983>, 0.130000
	pigment { color rgbt <1,0,0,0> }
	no_shadow
}

// nucleotide -1

// particle -1
sphere {
	<32.537060, 38.892231, 36.056545> 0.250000
	pigment { color rgbt <1,0,0,0> }
	no_shadow
}
cylinder {
	<32.912315, 39.016705, 35.995811>,  <33.137470, 39.091389, 35.959370>, 0.100000
	pigment { color rgbt <1,0,0,0> }
	no_shadow
}
cylinder {
	<32.912315, 39.016705, 35.995811>,  <32.537060, 38.892231, 36.056545>, 0.100000
	pigment { color rgbt <1,0,0,0> }
	no_shadow
}

// particle -1
sphere {
	<32.912315, 39.016705, 35.995811> 0.100000
	pigment { color rgbt <1,0,0,0> }
	no_shadow
}
sphere {
	0, 1
	scale<0.080000,0.200000,0.300000>
	matrix <-0.191973, 0.832404, 0.519856,
		0.288156, -0.458551, 0.840653,
		0.938143, 0.311182, -0.151833,
		33.193760, 39.110058, 35.950260>
	pigment { color rgbt <0,1,1,0> }
	no_shadow
}
cylinder {
	<31.960285, 39.369896, 35.824821>,  <32.537060, 38.892231, 36.056545>, 0.130000
	pigment { color rgbt <1,0,0,0> }
	no_shadow
}

// nucleotide -1

// particle -1
sphere {
	<31.960285, 39.369896, 35.824821> 0.250000
	pigment { color rgbt <1,0,0,0> }
	no_shadow
}
cylinder {
	<31.973654, 39.551281, 35.468563>,  <31.981674, 39.660110, 35.254807>, 0.100000
	pigment { color rgbt <1,0,0,0> }
	no_shadow
}
cylinder {
	<31.973654, 39.551281, 35.468563>,  <31.960285, 39.369896, 35.824821>, 0.100000
	pigment { color rgbt <1,0,0,0> }
	no_shadow
}

// particle -1
sphere {
	<31.973654, 39.551281, 35.468563> 0.100000
	pigment { color rgbt <1,0,0,0> }
	no_shadow
}
sphere {
	0, 1
	scale<0.080000,0.200000,0.300000>
	matrix <0.136896, -0.884823, -0.445361,
		-0.990021, -0.107042, -0.091650,
		0.033422, 0.453463, -0.890648,
		31.983681, 39.687321, 35.201370>
	pigment { color rgbt <0,1,1,0> }
	no_shadow
}
cylinder {
	<31.463114, 39.075920, 35.147278>,  <31.960285, 39.369896, 35.824821>, 0.130000
	pigment { color rgbt <1,0,0,0> }
	no_shadow
}

// nucleotide -1

// particle -1
sphere {
	<31.463114, 39.075920, 35.147278> 0.250000
	pigment { color rgbt <1,0,0,0> }
	no_shadow
}
cylinder {
	<31.830410, 39.212383, 35.066833>,  <32.050789, 39.294262, 35.018566>, 0.100000
	pigment { color rgbt <1,0,0,0> }
	no_shadow
}
cylinder {
	<31.830410, 39.212383, 35.066833>,  <31.463114, 39.075920, 35.147278>, 0.100000
	pigment { color rgbt <1,0,0,0> }
	no_shadow
}

// particle -1
sphere {
	<31.830410, 39.212383, 35.066833> 0.100000
	pigment { color rgbt <1,0,0,0> }
	no_shadow
}
sphere {
	0, 1
	scale<0.080000,0.200000,0.300000>
	matrix <0.211652, -0.851974, -0.478898,
		-0.334725, 0.397177, -0.854523,
		0.918239, 0.341161, -0.201114,
		32.105881, 39.314732, 35.006500>
	pigment { color rgbt <0,1,1,0> }
	no_shadow
}
cylinder {
	<31.592381, 38.905800, 34.459846>,  <31.463114, 39.075920, 35.147278>, 0.130000
	pigment { color rgbt <1,0,0,0> }
	no_shadow
}

// nucleotide -1

// particle -1
sphere {
	<31.592381, 38.905800, 34.459846> 0.250000
	pigment { color rgbt <1,0,0,0> }
	no_shadow
}
cylinder {
	<31.920681, 38.953968, 34.683228>,  <32.117661, 38.982868, 34.817257>, 0.100000
	pigment { color rgbt <1,0,0,0> }
	no_shadow
}
cylinder {
	<31.920681, 38.953968, 34.683228>,  <31.592381, 38.905800, 34.459846>, 0.100000
	pigment { color rgbt <1,0,0,0> }
	no_shadow
}

// particle -1
sphere {
	<31.920681, 38.953968, 34.683228> 0.100000
	pigment { color rgbt <1,0,0,0> }
	no_shadow
}
sphere {
	0, 1
	scale<0.080000,0.200000,0.300000>
	matrix <0.301654, -0.921498, -0.244635,
