// switches for output
#declare DRAW_BASES = 1; // possible values are 0, 1; only relevant for DNA ribbons
#declare DRAW_BASES_TYPE = 3; // possible values are 1, 2, 3; only relevant for DNA ribbons
#declare DRAW_FOG = 0; // set to 1 to enable fog

#include "colors.inc"

#include "transforms.inc"
background { rgb <1, 1, 1>}

#default {
   normal{
       ripples 0.25
       frequency 0.20
       turbulence 0.2
       lambda 5
   }
	finish {
		phong 0.1
		phong_size 40.
	}
}

// original window dimensions: 1024x640


// camera settings

camera {
	sky <0, 0.179814, -0.983701>
	up <0, 0.179814, -0.983701>
	right 1.6 * <1, 0, 0>
	location <35, 94.9851, 44.8844>
	look_at <35, 29.7336, 32.9568>
	direction <0, -65.2515, -11.9276>
	angle 67.0682
}


# declare cpy_camera_pos = <35, 94.9851, 44.8844>;
# if (DRAW_FOG = 1)
fog {
	fog_type 2
	up vnormalize(cpy_camera_pos)
	color rgbt<1,1,1,0.3>
	distance 1e-5
	fog_alt 3e-3
	fog_offset 56
}
# end


// LIGHTS

# declare lum = 6;
global_settings {
	ambient_light rgb lum * <0.05, 0.05, 0.05>
	max_trace_level 15
}# declare cpy_direct_light_amount = 0.25;
light_source
{	1000 * <-1, -1.16352, -0.803886>,
	rgb lum * cpy_direct_light_amount
	parallel
}

light_source
{	1000 * <1, 1.16352, 0.803886>,
	rgb lum * cpy_direct_light_amount
	parallel
}

// strand 0

// nucleotide -1

// particle -1
sphere {
	<23.903847, 34.803909, 34.586575> 0.250000
	pigment { color rgbt <1,0,0,0> }
	no_shadow
}
cylinder {
	<24.268429, 34.761608, 34.745605>,  <24.487179, 34.736225, 34.841022>, 0.100000
	pigment { color rgbt <1,0,0,0> }
	no_shadow
}
cylinder {
	<24.268429, 34.761608, 34.745605>,  <23.903847, 34.803909, 34.586575>, 0.100000
	pigment { color rgbt <1,0,0,0> }
	no_shadow
}

// particle -1
sphere {
	<24.268429, 34.761608, 34.745605> 0.100000
	pigment { color rgbt <1,0,0,0> }
	no_shadow
}
sphere {
	0, 1
	scale<0.080000,0.200000,0.300000>
	matrix <0.242147, 0.919172, -0.310624,
		-0.332589, 0.379392, 0.863392,
		0.911454, -0.105757, 0.397575,
		24.541864, 34.729881, 34.864880>
	pigment { color rgbt <0,1,1,0> }
	no_shadow
}
cylinder {
	<24.036242, 35.437534, 34.832050>,  <23.903847, 34.803909, 34.586575>, 0.130000
	pigment { color rgbt <1,0,0,0> }
	no_shadow
}

// nucleotide -1

// particle -1
sphere {
	<24.036242, 35.437534, 34.832050> 0.250000
	pigment { color rgbt <1,0,0,0> }
	no_shadow
}
cylinder {
	<24.400127, 35.279217, 34.882275>,  <24.618460, 35.184227, 34.912411>, 0.100000
	pigment { color rgbt <1,0,0,0> }
	no_shadow
}
cylinder {
	<24.400127, 35.279217, 34.882275>,  <24.036242, 35.437534, 34.832050>, 0.100000
	pigment { color rgbt <1,0,0,0> }
	no_shadow
}

// particle -1
sphere {
	<24.400127, 35.279217, 34.882275> 0.100000
	pigment { color rgbt <1,0,0,0> }
	no_shadow
}
sphere {
	0, 1
	scale<0.080000,0.200000,0.300000>
	matrix <0.407720, 0.908698, -0.089620,
		-0.078626, 0.132723, 0.988030,
		0.909716, -0.395793, 0.125561,
		24.673042, 35.160480, 34.919945>
	pigment { color rgbt <0,1,1,0> }
	no_shadow
}
cylinder {
	<24.475166, 35.744900, 35.438118>,  <24.036242, 35.437534, 34.832050>, 0.130000
	pigment { color rgbt <1,0,0,0> }
	no_shadow
}

// nucleotide -1

// particle -1
sphere {
	<24.475166, 35.744900, 35.438118> 0.250000
	pigment { color rgbt <1,0,0,0> }
	no_shadow
}
cylinder {
	<24.636204, 35.601234, 35.101330>,  <24.732826, 35.515038, 34.899258>, 0.100000
	pigment { color rgbt <1,0,0,0> }
	no_shadow
}
cylinder {
	<24.636204, 35.601234, 35.101330>,  <24.475166, 35.744900, 35.438118>, 0.100000
	pigment { color rgbt <1,0,0,0> }
	no_shadow
}

// particle -1
sphere {
	<24.636204, 35.601234, 35.101330> 0.100000
	pigment { color rgbt <1,0,0,0> }
	no_shadow
}
sphere {
	0, 1
	scale<0.080000,0.200000,0.300000>
	matrix <0.465066, 0.872508, -0.149812,
		0.788436, -0.331261, 0.518299,
		0.402594, -0.359161, -0.841975,
		24.756981, 35.493484, 34.848736>
	pigment { color rgbt <0,1,1,0> }
	no_shadow
}
cylinder {
	<25.232620, 35.865559, 35.468613>,  <24.475166, 35.744900, 35.438118>, 0.130000
	pigment { color rgbt <1,0,0,0> }
	no_shadow
}

// nucleotide -1

// particle -1
sphere {
	<25.232620, 35.865559, 35.468613> 0.250000
	pigment { color rgbt <1,0,0,0> }
	no_shadow
}
cylinder {
	<25.055405, 35.870560, 35.110046>,  <24.949076, 35.873562, 34.894905>, 0.100000
	pigment { color rgbt <1,0,0,0> }
	no_shadow
}
cylinder {
	<25.055405, 35.870560, 35.110046>,  <25.232620, 35.865559, 35.468613>, 0.100000
	pigment { color rgbt <1,0,0,0> }
	no_shadow
}

// particle -1
sphere {
	<25.055405, 35.870560, 35.110046> 0.100000
	pigment { color rgbt <1,0,0,0> }
	no_shadow
}
sphere {
	0, 1
	scale<0.080000,0.200000,0.300000>
	matrix <0.524702, 0.814372, -0.247965,
		0.726915, -0.580209, -0.367358,
		-0.443038, 0.012504, -0.896416,
		24.922493, 35.874310, 34.841122>
	pigment { color rgbt <0,1,1,0> }
	no_shadow
}
cylinder {
	<25.943554, 35.966209, 35.709660>,  <25.232620, 35.865559, 35.468613>, 0.130000
	pigment { color rgbt <1,0,0,0> }
	no_shadow
}

// nucleotide -1

// particle -1
sphere {
	<25.943554, 35.966209, 35.709660> 0.250000
	pigment { color rgbt <1,0,0,0> }
	no_shadow
}
cylinder {
	<26.097315, 35.750481, 36.009357>,  <26.189571, 35.621044, 36.189175>, 0.100000
	pigment { color rgbt <1,0,0,0> }
	no_shadow
}
cylinder {
	<26.097315, 35.750481, 36.009357>,  <25.943554, 35.966209, 35.709660>, 0.100000
	pigment { color rgbt <1,0,0,0> }
	no_shadow
}

// particle -1
sphere {
	<26.097315, 35.750481, 36.009357> 0.100000
	pigment { color rgbt <1,0,0,0> }
	no_shadow
}
sphere {
	0, 1
	scale<0.080000,0.200000,0.300000>
	matrix <-0.224849, 0.732466, 0.642602,
		-0.895364, -0.415486, 0.160297,
		0.384404, -0.539320, 0.749245,
		26.212637, 35.588684, 36.234131>
	pigment { color rgbt <0,1,1,0> }
	no_shadow
}
cylinder {
	<25.468565, 35.973724, 36.328472>,  <25.943554, 35.966209, 35.709660>, 0.130000
	pigment { color rgbt <1,0,0,0> }
	no_shadow
}

// nucleotide -1

// particle -1
sphere {
	<25.468565, 35.973724, 36.328472> 0.250000
	pigment { color rgbt <1,0,0,0> }
	no_shadow
}
cylinder {
	<25.827072, 35.888428, 36.484024>,  <26.042177, 35.837250, 36.577354>, 0.100000
	pigment { color rgbt <1,0,0,0> }
	no_shadow
}
cylinder {
	<25.827072, 35.888428, 36.484024>,  <25.468565, 35.973724, 36.328472>, 0.100000
	pigment { color rgbt <1,0,0,0> }
	no_shadow
}

// particle -1
sphere {
	<25.827072, 35.888428, 36.484024> 0.100000
	pigment { color rgbt <1,0,0,0> }
	no_shadow
}
sphere {
	0, 1
	scale<0.080000,0.200000,0.300000>
	matrix <-0.209518, 0.569234, 0.795032,
		-0.390900, -0.794040, 0.465508,
		0.896270, -0.213245, 0.388879,
		26.095953, 35.824455, 36.600689>
	pigment { color rgbt <0,1,1,0> }
	no_shadow
}
cylinder {
	<25.468567, 35.648701, 36.987633>,  <25.468565, 35.973724, 36.328472>, 0.130000
	pigment { color rgbt <1,0,0,0> }
	no_shadow
}

// nucleotide -1

// particle -1
sphere {
	<25.468567, 35.648701, 36.987633> 0.250000
	pigment { color rgbt <1,0,0,0> }
	no_shadow
}
cylinder {
	<25.804609, 35.863380, 36.956207>,  <26.006235, 35.992188, 36.937351>, 0.100000
	pigment { color rgbt <1,0,0,0> }
	no_shadow
}
cylinder {
	<25.804609, 35.863380, 36.956207>,  <25.468567, 35.648701, 36.987633>, 0.100000
	pigment { color rgbt <1,0,0,0> }
	no_shadow
}

// particle -1
sphere {
	<25.804609, 35.863380, 36.956207> 0.100000
	pigment { color rgbt <1,0,0,0> }
	no_shadow
}
sphere {
	0, 1
	scale<0.080000,0.200000,0.300000>
	matrix <-0.217888, 0.466547, 0.857239,
		0.496733, -0.703056, 0.508890,
		0.840108, 0.536700, -0.078562,
		26.056643, 36.024391, 36.932640>
	pigment { color rgbt <0,1,1,0> }
	no_shadow
}
cylinder {
	<25.687500, 35.541958, 37.612068>,  <25.468567, 35.648701, 36.987633>, 0.130000
	pigment { color rgbt <1,0,0,0> }
	no_shadow
}

// nucleotide -1

// particle -1
sphere {
	<25.687500, 35.541958, 37.612068> 0.250000
	pigment { color rgbt <1,0,0,0> }
	no_shadow
}
cylinder {
	<25.899824, 35.851318, 37.473446>,  <26.027218, 36.036934, 37.390274>, 0.100000
	pigment { color rgbt <1,0,0,0> }
	no_shadow
}
cylinder {
	<25.899824, 35.851318, 37.473446>,  <25.687500, 35.541958, 37.612068>, 0.100000
	pigment { color rgbt <1,0,0,0> }
	no_shadow
}

// particle -1
sphere {
	<25.899824, 35.851318, 37.473446> 0.100000
	pigment { color rgbt <1,0,0,0> }
	no_shadow
}
sphere {
	0, 1
	scale<0.080000,0.200000,0.300000>
	matrix <0.027364, 0.393063, 0.919104,
		0.847050, -0.497351, 0.187478,
		0.530808, 0.773397, -0.346554,
		26.059067, 36.083336, 37.369480>
	pigment { color rgbt <0,1,1,0> }
	no_shadow
}
cylinder {
	<26.201927, 35.590084, 38.083141>,  <25.687500, 35.541958, 37.612068>, 0.130000
	pigment { color rgbt <1,0,0,0> }
	no_shadow
}

// nucleotide -1

// particle -1
sphere {
	<26.201927, 35.590084, 38.083141> 0.250000
	pigment { color rgbt <1,0,0,0> }
	no_shadow
}
cylinder {
	<26.171902, 35.949448, 37.910065>,  <26.153887, 36.165066, 37.806221>, 0.100000
	pigment { color rgbt <1,0,0,0> }
	no_shadow
}
cylinder {
	<26.171902, 35.949448, 37.910065>,  <26.201927, 35.590084, 38.083141>, 0.100000
	pigment { color rgbt <1,0,0,0> }
	no_shadow
}

// particle -1
sphere {
	<26.171902, 35.949448, 37.910065> 0.100000
	pigment { color rgbt <1,0,0,0> }
	no_shadow
}
sphere {
	0, 1
	scale<0.080000,0.200000,0.300000>
	matrix <0.010183, 0.434582, 0.900575,
		0.997127, 0.063197, -0.041771,
		-0.075066, 0.898413, -0.432689,
		26.149382, 36.218971, 37.780258>
	pigment { color rgbt <0,1,1,0> }
	no_shadow
}
cylinder {
	<26.690025, 35.929806, 38.371674>,  <26.201927, 35.590084, 38.083141>, 0.130000
	pigment { color rgbt <1,0,0,0> }
	no_shadow
}

// nucleotide -1

// particle -1
sphere {
	<26.690025, 35.929806, 38.371674> 0.250000
	pigment { color rgbt <1,0,0,0> }
	no_shadow
}
cylinder {
	<26.438108, 36.207668, 38.232643>,  <26.286959, 36.374386, 38.149223>, 0.100000
	pigment { color rgbt <1,0,0,0> }
	no_shadow
}
cylinder {
	<26.438108, 36.207668, 38.232643>,  <26.690025, 35.929806, 38.371674>, 0.100000
	pigment { color rgbt <1,0,0,0> }
	no_shadow
}

// particle -1
sphere {
	<26.438108, 36.207668, 38.232643> 0.100000
	pigment { color rgbt <1,0,0,0> }
	no_shadow
}
sphere {
	0, 1
	scale<0.080000,0.200000,0.300000>
	matrix <-0.126093, 0.350102, 0.928186,
		0.766461, 0.628391, -0.132900,
		-0.629793, 0.694660, -0.347575,
		26.249170, 36.416065, 38.128372>
	pigment { color rgbt <0,1,1,0> }
	no_shadow
}
cylinder {
	<27.046873, 36.576832, 38.526196>,  <26.690025, 35.929806, 38.371674>, 0.130000
	pigment { color rgbt <1,0,0,0> }
	no_shadow
}

// nucleotide -1

// particle -1
sphere {
	<27.046873, 36.576832, 38.526196> 0.250000
	pigment { color rgbt <1,0,0,0> }
	no_shadow
}
cylinder {
	<26.647434, 36.593815, 38.513508>,  <26.407772, 36.604004, 38.505898>, 0.100000
	pigment { color rgbt <1,0,0,0> }
	no_shadow
}
cylinder {
	<26.647434, 36.593815, 38.513508>,  <27.046873, 36.576832, 38.526196>, 0.100000
	pigment { color rgbt <1,0,0,0> }
	no_shadow
}

// particle -1
sphere {
	<26.647434, 36.593815, 38.513508> 0.100000
	pigment { color rgbt <1,0,0,0> }
	no_shadow
}
sphere {
	0, 1
	scale<0.080000,0.200000,0.300000>
	matrix <-0.004220, 0.532865, 0.846190,
		0.052824, 0.845135, -0.531937,
		-0.998595, 0.042455, -0.031715,
		26.347857, 36.606552, 38.503994>
	pigment { color rgbt <0,1,1,0> }
	no_shadow
}
cylinder {
	<26.982533, 37.056705, 39.099346>,  <27.046873, 36.576832, 38.526196>, 0.130000
	pigment { color rgbt <1,0,0,0> }
	no_shadow
}

// nucleotide -1

// particle -1
sphere {
	<26.982533, 37.056705, 39.099346> 0.250000
	pigment { color rgbt <1,0,0,0> }
	no_shadow
}
cylinder {
	<26.622833, 36.914661, 38.997173>,  <26.407013, 36.829433, 38.935871>, 0.100000
	pigment { color rgbt <1,0,0,0> }
	no_shadow
}
cylinder {
	<26.622833, 36.914661, 38.997173>,  <26.982533, 37.056705, 39.099346>, 0.100000
	pigment { color rgbt <1,0,0,0> }
	no_shadow
}

// particle -1
sphere {
	<26.622833, 36.914661, 38.997173> 0.100000
	pigment { color rgbt <1,0,0,0> }
	no_shadow
}
sphere {
	0, 1
	scale<0.080000,0.200000,0.300000>
	matrix <-0.404046, 0.450546, 0.796087,
		-0.167620, 0.819086, -0.548636,
		-0.899250, -0.355115, -0.255428,
		26.353058, 36.808128, 38.920544>
	pigment { color rgbt <0,1,1,0> }
	no_shadow
}
cylinder {
	<26.293512, 37.607727, 39.003296>,  <26.982533, 37.056705, 39.099346>, 0.130000
	pigment { color rgbt <1,0,0,0> }
	no_shadow
}

// nucleotide -1

// particle -1
sphere {
	<26.293512, 37.607727, 39.003296> 0.250000
	pigment { color rgbt <1,0,0,0> }
	no_shadow
}
cylinder {
	<26.183628, 37.237572, 39.107746>,  <26.117697, 37.015480, 39.170418>, 0.100000
	pigment { color rgbt <1,0,0,0> }
	no_shadow
}
cylinder {
	<26.183628, 37.237572, 39.107746>,  <26.293512, 37.607727, 39.003296>, 0.100000
	pigment { color rgbt <1,0,0,0> }
	no_shadow
}

// particle -1
sphere {
	<26.183628, 37.237572, 39.107746> 0.100000
	pigment { color rgbt <1,0,0,0> }
	no_shadow
}
sphere {
	0, 1
	scale<0.080000,0.200000,0.300000>
	matrix <-0.372311, 0.352765, 0.858453,
		-0.886520, 0.138605, -0.441441,
		-0.274711, -0.925389, 0.261129,
		26.101215, 36.959953, 39.186085>
	pigment { color rgbt <0,1,1,0> }
	no_shadow
}
cylinder {
	<25.957615, 37.526779, 39.604465>,  <26.293512, 37.607727, 39.003296>, 0.130000
	pigment { color rgbt <1,0,0,0> }
	no_shadow
}

// nucleotide -1

// particle -1
sphere {
	<25.957615, 37.526779, 39.604465> 0.250000
	pigment { color rgbt <1,0,0,0> }
	no_shadow
}
cylinder {
	<25.642124, 37.652889, 39.393372>,  <25.452829, 37.728554, 39.266716>, 0.100000
	pigment { color rgbt <1,0,0,0> }
	no_shadow
}
cylinder {
	<25.642124, 37.652889, 39.393372>,  <25.957615, 37.526779, 39.604465>, 0.100000
	pigment { color rgbt <1,0,0,0> }
	no_shadow
}

// particle -1
sphere {
	<25.642124, 37.652889, 39.393372> 0.100000
	pigment { color rgbt <1,0,0,0> }
	no_shadow
}
sphere {
	0, 1
	scale<0.080000,0.200000,0.300000>
	matrix <0.317265, -0.526545, -0.788729,
		-0.526545, -0.789526, 0.315276,
		0.788729, -0.315276, 0.527739,
		25.405506, 37.747471, 39.235050>
	pigment { color rgbt <0,1,1,0> }
	no_shadow
}
cylinder {
	<25.521824, 36.930763, 39.348965>,  <25.957615, 37.526779, 39.604465>, 0.130000
	pigment { color rgbt <1,0,0,0> }
	no_shadow
}

// nucleotide -1

// particle -1
sphere {
	<25.521824, 36.930763, 39.348965> 0.250000
	pigment { color rgbt <1,0,0,0> }
	no_shadow
}
cylinder {
	<25.497936, 37.250603, 39.109940>,  <25.483603, 37.442505, 38.966526>, 0.100000
	pigment { color rgbt <1,0,0,0> }
	no_shadow
}
cylinder {
	<25.497936, 37.250603, 39.109940>,  <25.521824, 36.930763, 39.348965>, 0.100000
	pigment { color rgbt <1,0,0,0> }
	no_shadow
}

// particle -1
sphere {
	<25.497936, 37.250603, 39.109940> 0.100000
	pigment { color rgbt <1,0,0,0> }
	no_shadow
}
sphere {
	0, 1
	scale<0.080000,0.200000,0.300000>
	matrix <0.276017, -0.562062, -0.779680,
		-0.959296, -0.211500, -0.187135,
		-0.059721, 0.799596, -0.597561,
		25.480021, 37.490482, 38.930672>
	pigment { color rgbt <0,1,1,0> }
	no_shadow
}
cylinder {
	<24.979158, 36.914612, 38.771259>,  <25.521824, 36.930763, 39.348965>, 0.130000
	pigment { color rgbt <1,0,0,0> }
	no_shadow
}

// nucleotide -1

// particle -1
sphere {
	<24.979158, 36.914612, 38.771259> 0.250000
	pigment { color rgbt <1,0,0,0> }
	no_shadow
}
cylinder {
	<25.327288, 37.092999, 38.687687>,  <25.536165, 37.200031, 38.637543>, 0.100000
	pigment { color rgbt <1,0,0,0> }
	no_shadow
}
cylinder {
	<25.327288, 37.092999, 38.687687>,  <24.979158, 36.914612, 38.771259>, 0.100000
	pigment { color rgbt <1,0,0,0> }
	no_shadow
}

// particle -1
sphere {
	<25.327288, 37.092999, 38.687687> 0.100000
	pigment { color rgbt <1,0,0,0> }
	no_shadow
}
sphere {
	0, 1
	scale<0.080000,0.200000,0.300000>
	matrix <0.222528, -0.734579, -0.640995,
		-0.439341, 0.511378, -0.738561,
		0.870322, 0.445966, -0.208935,
		25.588385, 37.226788, 38.625008>
	pigment { color rgbt <0,1,1,0> }
	no_shadow
}
cylinder {
	<25.192226, 36.971931, 38.039940>,  <24.979158, 36.914612, 38.771259>, 0.130000
	pigment { color rgbt <1,0,0,0> }
	no_shadow
}

// nucleotide -1

// particle -1
sphere {
	<25.192226, 36.971931, 38.039940> 0.250000
	pigment { color rgbt <1,0,0,0> }
	no_shadow
}
cylinder {
	<25.572321, 36.966248, 38.164421>,  <25.800377, 36.962837, 38.239109>, 0.100000
	pigment { color rgbt <1,0,0,0> }
	no_shadow
}
cylinder {
	<25.572321, 36.966248, 38.164421>,  <25.192226, 36.971931, 38.039940>, 0.100000
	pigment { color rgbt <1,0,0,0> }
	no_shadow
}

// particle -1
sphere {
	<25.572321, 36.966248, 38.164421> 0.100000
	pigment { color rgbt <1,0,0,0> }
	no_shadow
}
sphere {
	0, 1
	scale<0.080000,0.200000,0.300000>
	matrix <0.247866, -0.570660, -0.782885,
		0.188713, 0.821063, -0.538741,
		0.950237, -0.014205, 0.311205,
		25.857391, 36.961987, 38.257782>
	pigment { color rgbt <0,1,1,0> }
	no_shadow
}
cylinder {
	<25.596886, 37.358906, 37.530525>,  <25.192226, 36.971931, 38.039940>, 0.130000
	pigment { color rgbt <1,0,0,0> }
	no_shadow
}

// nucleotide -1

// particle -1
sphere {
	<25.596886, 37.358906, 37.530525> 0.250000
	pigment { color rgbt <1,0,0,0> }
	no_shadow
}
cylinder {
	<25.817413, 37.084286, 37.720135>,  <25.949730, 36.919514, 37.833900>, 0.100000
	pigment { color rgbt <1,0,0,0> }
	no_shadow
}
cylinder {
	<25.817413, 37.084286, 37.720135>,  <25.596886, 37.358906, 37.530525>, 0.100000
	pigment { color rgbt <1,0,0,0> }
	no_shadow
}

// particle -1
sphere {
	<25.817413, 37.084286, 37.720135> 0.100000
	pigment { color rgbt <1,0,0,0> }
	no_shadow
}
sphere {
	0, 1
	scale<0.080000,0.200000,0.300000>
	matrix <0.219649, -0.428680, -0.876350,
		0.804861, 0.587267, -0.085540,
		0.551320, -0.686551, 0.474020,
		25.982809, 36.878319, 37.862339>
	pigment { color rgbt <0,1,1,0> }
	no_shadow
}
cylinder {
	<26.283060, 37.342476, 37.240845>,  <25.596886, 37.358906, 37.530525>, 0.130000
	pigment { color rgbt <1,0,0,0> }
	no_shadow
}

// nucleotide -1

// particle -1
sphere {
	<26.283060, 37.342476, 37.240845> 0.250000
	pigment { color rgbt <1,0,0,0> }
	no_shadow
}
cylinder {
	<26.248945, 36.983028, 37.412991>,  <26.228476, 36.767361, 37.516277>, 0.100000
	pigment { color rgbt <1,0,0,0> }
	no_shadow
}
cylinder {
	<26.248945, 36.983028, 37.412991>,  <26.283060, 37.342476, 37.240845>, 0.100000
	pigment { color rgbt <1,0,0,0> }
	no_shadow
}

// particle -1
sphere {
	<26.248945, 36.983028, 37.412991> 0.100000
	pigment { color rgbt <1,0,0,0> }
	no_shadow
}
sphere {
	0, 1
	scale<0.080000,0.200000,0.300000>
	matrix <0.334796, -0.432671, -0.837082,
		0.938423, 0.072691, 0.337755,
		-0.085288, -0.898616, 0.430366,
		26.223358, 36.713444, 37.542099>
	pigment { color rgbt <0,1,1,0> }
	no_shadow
}
cylinder {
	<26.826691, 37.075836, 36.945194>,  <26.283060, 37.342476, 37.240845>, 0.130000
	pigment { color rgbt <1,0,0,0> }
	no_shadow
}

// nucleotide -1

// particle -1
sphere {
	<26.826691, 37.075836, 36.945194> 0.250000
	pigment { color rgbt <1,0,0,0> }
	no_shadow
}
cylinder {
	<26.592546, 36.774235, 37.064411>,  <26.452059, 36.593273, 37.135941>, 0.100000
	pigment { color rgbt <1,0,0,0> }
	no_shadow
}
cylinder {
	<26.592546, 36.774235, 37.064411>,  <26.826691, 37.075836, 36.945194>, 0.100000
	pigment { color rgbt <1,0,0,0> }
	no_shadow
}

// particle -1
sphere {
	<26.592546, 36.774235, 37.064411> 0.100000
	pigment { color rgbt <1,0,0,0> }
	no_shadow
}
sphere {
	0, 1
	scale<0.080000,0.200000,0.300000>
	matrix <0.419218, -0.596124, -0.684758,
		0.693979, -0.275888, 0.665040,
		-0.585362, -0.754004, 0.298040,
		26.416937, 36.548035, 37.153824>
	pigment { color rgbt <0,1,1,0> }
	no_shadow
}
cylinder {
	<27.222403, 36.568069, 36.964100>,  <26.826691, 37.075836, 36.945194>, 0.130000
	pigment { color rgbt <1,0,0,0> }
	no_shadow
}

// nucleotide -1

// particle -1
sphere {
	<27.222403, 36.568069, 36.964100> 0.250000
	pigment { color rgbt <1,0,0,0> }
	no_shadow
}
cylinder {
	<26.858122, 36.405830, 36.932831>,  <26.639553, 36.308487, 36.914070>, 0.100000
	pigment { color rgbt <1,0,0,0> }
	no_shadow
}
cylinder {
	<26.858122, 36.405830, 36.932831>,  <27.222403, 36.568069, 36.964100>, 0.100000
	pigment { color rgbt <1,0,0,0> }
	no_shadow
}

// particle -1
sphere {
	<26.858122, 36.405830, 36.932831> 0.100000
	pigment { color rgbt <1,0,0,0> }
	no_shadow
}
sphere {
	0, 1
	scale<0.080000,0.200000,0.300000>
	matrix <0.319031, -0.570468, -0.756826,
		0.262375, -0.714182, 0.648925,
		-0.910702, -0.405600, -0.078169,
		26.584911, 36.284149, 36.909382>
	pigment { color rgbt <0,1,1,0> }
	no_shadow
}
cylinder {
	<27.218266, 35.712006, 36.796017>,  <27.222403, 36.568069, 36.964100>, 0.130000
	pigment { color rgbt <1,0,0,0> }
	no_shadow
}

// nucleotide -1

// particle -1
sphere {
	<27.218266, 35.712006, 36.796017> 0.250000
	pigment { color rgbt <1,0,0,0> }
	no_shadow
}
cylinder {
	<26.902901, 35.925022, 36.672855>,  <26.713682, 36.052834, 36.598957>, 0.100000
	pigment { color rgbt <1,0,0,0> }
	no_shadow
}
cylinder {
	<26.902901, 35.925022, 36.672855>,  <27.218266, 35.712006, 36.796017>, 0.100000
	pigment { color rgbt <1,0,0,0> }
	no_shadow
}

// particle -1
sphere {
	<26.902901, 35.925022, 36.672855> 0.100000
	pigment { color rgbt <1,0,0,0> }
	no_shadow
}
sphere {
	0, 1
	scale<0.080000,0.200000,0.300000>
	matrix <-0.081154, -0.586206, -0.806087,
		-0.609773, -0.610540, 0.505389,
		-0.788410, 0.532544, -0.307905,
		26.666376, 36.084785, 36.580486>
	pigment { color rgbt <0,1,1,0> }
	no_shadow
}
cylinder {
	<26.893192, 35.193703, 36.494640>,  <27.218266, 35.712006, 36.796017>, 0.130000
	pigment { color rgbt <1,0,0,0> }
	no_shadow
}

// nucleotide -1

// particle -1
sphere {
	<26.893192, 35.193703, 36.494640> 0.250000
	pigment { color rgbt <1,0,0,0> }
	no_shadow
}
cylinder {
	<26.701324, 35.524784, 36.378147>,  <26.586205, 35.723434, 36.308250>, 0.100000
	pigment { color rgbt <1,0,0,0> }
	no_shadow
}
cylinder {
	<26.701324, 35.524784, 36.378147>,  <26.893192, 35.193703, 36.494640>, 0.100000
	pigment { color rgbt <1,0,0,0> }
	no_shadow
}

// particle -1
sphere {
	<26.701324, 35.524784, 36.378147> 0.100000
	pigment { color rgbt <1,0,0,0> }
	no_shadow
}
sphere {
	0, 1
	scale<0.080000,0.200000,0.300000>
	matrix <-0.421554, -0.508480, -0.750827,
		-0.769553, -0.237376, 0.592825,
		-0.479668, 0.827708, -0.291236,
		26.557425, 35.773098, 36.290775>
	pigment { color rgbt <0,1,1,0> }
	no_shadow
}
cylinder {
	<27.142031, 35.656708, 35.909874>,  <26.893192, 35.193703, 36.494640>, 0.130000
	pigment { color rgbt <1,0,0,0> }
	no_shadow
}

// nucleotide -1

// particle -1
sphere {
	<27.142031, 35.656708, 35.909874> 0.250000
	pigment { color rgbt <1,0,0,0> }
	no_shadow
}
cylinder {
	<27.098085, 36.005581, 36.100544>,  <27.071718, 36.214905, 36.214947>, 0.100000
	pigment { color rgbt <1,0,0,0> }
	no_shadow
}
cylinder {
	<27.098085, 36.005581, 36.100544>,  <27.142031, 35.656708, 35.909874>, 0.100000
	pigment { color rgbt <1,0,0,0> }
	no_shadow
}

// particle -1
sphere {
	<27.098085, 36.005581, 36.100544> 0.100000
	pigment { color rgbt <1,0,0,0> }
	no_shadow
}
sphere {
	0, 1
	scale<0.080000,0.200000,0.300000>
	matrix <0.416249, 0.475872, -0.774779,
		-0.902589, 0.113296, -0.415328,
		-0.109864, 0.872187, 0.476676,
		27.065126, 36.267239, 36.243546>
	pigment { color rgbt <0,1,1,0> }
	no_shadow
}
cylinder {
	<26.769312, 36.147408, 35.541782>,  <27.142031, 35.656708, 35.909874>, 0.130000
	pigment { color rgbt <1,0,0,0> }
	no_shadow
}

// nucleotide -1

// particle -1
sphere {
	<26.769312, 36.147408, 35.541782> 0.250000
	pigment { color rgbt <1,0,0,0> }
	no_shadow
}
cylinder {
	<27.068407, 36.313148, 35.749321>,  <27.247864, 36.412594, 35.873844>, 0.100000
	pigment { color rgbt <1,0,0,0> }
	no_shadow
}
cylinder {
	<27.068407, 36.313148, 35.749321>,  <26.769312, 36.147408, 35.541782>, 0.100000
	pigment { color rgbt <1,0,0,0> }
	no_shadow
}

// particle -1
sphere {
	<27.068407, 36.313148, 35.749321> 0.100000
	pigment { color rgbt <1,0,0,0> }
	no_shadow
}
sphere {
	0, 1
	scale<0.080000,0.200000,0.300000>
	matrix <0.372546, 0.385021, -0.844375,
		-0.549636, 0.824664, 0.133529,
		0.747737, 0.414353, 0.518846,
		27.292728, 36.437454, 35.904976>
	pigment { color rgbt <0,1,1,0> }
	no_shadow
}
cylinder {
	<26.975029, 36.734741, 35.230083>,  <26.769312, 36.147408, 35.541782>, 0.130000
	pigment { color rgbt <1,0,0,0> }
	no_shadow
}

// nucleotide -1

// particle -1
sphere {
	<26.975029, 36.734741, 35.230083> 0.250000
	pigment { color rgbt <1,0,0,0> }
	no_shadow
}
cylinder {
	<27.302881, 36.678150, 35.452145>,  <27.499592, 36.644196, 35.585381>, 0.100000
	pigment { color rgbt <1,0,0,0> }
	no_shadow
}
cylinder {
	<27.302881, 36.678150, 35.452145>,  <26.975029, 36.734741, 35.230083>, 0.100000
	pigment { color rgbt <1,0,0,0> }
	no_shadow
}

// particle -1
sphere {
	<27.302881, 36.678150, 35.452145> 0.100000
	pigment { color rgbt <1,0,0,0> }
	no_shadow
}
sphere {
	0, 1
	scale<0.080000,0.200000,0.300000>
	matrix <0.562720, 0.380624, -0.733806,
		-0.107490, 0.913844, 0.391581,
		0.819629, -0.141474, 0.555151,
		27.548771, 36.635708, 35.618690>
	pigment { color rgbt <0,1,1,0> }
	no_shadow
}
cylinder {
	<27.446489, 37.142250, 34.804707>,  <26.975029, 36.734741, 35.230083>, 0.130000
	pigment { color rgbt <1,0,0,0> }
	no_shadow
}

// nucleotide -1

// particle -1
sphere {
	<27.446489, 37.142250, 34.804707> 0.250000
	pigment { color rgbt <1,0,0,0> }
	no_shadow
}
cylinder {
	<27.658371, 37.060532, 35.133991>,  <27.785500, 37.011501, 35.331562>, 0.100000
	pigment { color rgbt <1,0,0,0> }
	no_shadow
}
cylinder {
	<27.658371, 37.060532, 35.133991>,  <27.446489, 37.142250, 34.804707>, 0.100000
	pigment { color rgbt <1,0,0,0> }
	no_shadow
}

// particle -1
sphere {
	<27.658371, 37.060532, 35.133991> 0.100000
	pigment { color rgbt <1,0,0,0> }
	no_shadow
}
sphere {
	0, 1
	scale<0.080000,0.200000,0.300000>
	matrix <0.839577, 0.264189, -0.474673,
		-0.120510, 0.942586, 0.311464,
		0.529705, -0.204295, 0.823211,
		27.817282, 36.999245, 35.380955>
	pigment { color rgbt <0,1,1,0> }
	no_shadow
}
cylinder {
	<27.826506, 37.665924, 35.055229>,  <27.446489, 37.142250, 34.804707>, 0.130000
	pigment { color rgbt <1,0,0,0> }
	no_shadow
}

// nucleotide -1

// particle -1
sphere {
	<27.826506, 37.665924, 35.055229> 0.250000
	pigment { color rgbt <1,0,0,0> }
	no_shadow
}
cylinder {
	<28.020683, 37.329323, 35.150066>,  <28.137190, 37.127361, 35.206970>, 0.100000
	pigment { color rgbt <1,0,0,0> }
	no_shadow
}
cylinder {
	<28.020683, 37.329323, 35.150066>,  <27.826506, 37.665924, 35.055229>, 0.100000
	pigment { color rgbt <1,0,0,0> }
	no_shadow
}

// particle -1
sphere {
	<28.020683, 37.329323, 35.150066> 0.100000
	pigment { color rgbt <1,0,0,0> }
	no_shadow
}
sphere {
	0, 1
	scale<0.080000,0.200000,0.300000>
	matrix <0.820829, 0.345332, -0.454957,
		0.300971, 0.415472, 0.858370,
		0.485445, -0.841504, 0.237097,
		28.166317, 37.076870, 35.221195>
	pigment { color rgbt <0,1,1,0> }
	no_shadow
}
cylinder {
	<28.457649, 37.732292, 35.546097>,  <27.826506, 37.665924, 35.055229>, 0.130000
	pigment { color rgbt <1,0,0,0> }
	no_shadow
}

// nucleotide -1

// particle -1
sphere {
	<28.457649, 37.732292, 35.546097> 0.250000
	pigment { color rgbt <1,0,0,0> }
	no_shadow
}
cylinder {
	<28.500162, 37.430668, 35.286839>,  <28.525669, 37.249691, 35.131283>, 0.100000
	pigment { color rgbt <1,0,0,0> }
	no_shadow
}
cylinder {
	<28.500162, 37.430668, 35.286839>,  <28.457649, 37.732292, 35.546097>, 0.100000
	pigment { color rgbt <1,0,0,0> }
	no_shadow
}

// particle -1
sphere {
	<28.500162, 37.430668, 35.286839> 0.100000
	pigment { color rgbt <1,0,0,0> }
	no_shadow
}
sphere {
	0, 1
	scale<0.080000,0.200000,0.300000>
	matrix <0.783952, 0.464517, -0.411877,
		0.611656, -0.464338, 0.640521,
		0.106283, -0.754065, -0.648144,
		28.532047, 37.204449, 35.092396>
	pigment { color rgbt <0,1,1,0> }
	no_shadow
}
cylinder {
	<29.057848, 37.440697, 35.703285>,  <28.457649, 37.732292, 35.546097>, 0.130000
	pigment { color rgbt <1,0,0,0> }
	no_shadow
}

// nucleotide -1

// particle -1
sphere {
	<29.057848, 37.440697, 35.703285> 0.250000
	pigment { color rgbt <1,0,0,0> }
	no_shadow
}
cylinder {
	<28.962156, 37.423721, 35.315269>,  <28.904741, 37.413536, 35.082462>, 0.100000
	pigment { color rgbt <1,0,0,0> }
	no_shadow
}
cylinder {
	<28.962156, 37.423721, 35.315269>,  <29.057848, 37.440697, 35.703285>, 0.100000
	pigment { color rgbt <1,0,0,0> }
	no_shadow
}

// particle -1
sphere {
	<28.962156, 37.423721, 35.315269> 0.100000
	pigment { color rgbt <1,0,0,0> }
	no_shadow
}
sphere {
	0, 1
	scale<0.080000,0.200000,0.300000>
	matrix <0.732860, 0.647463, -0.209067,
		0.636935, -0.760915, -0.123790,
		-0.239231, -0.042441, -0.970035,
		28.890387, 37.410988, 35.024258>
	pigment { color rgbt <0,1,1,0> }
	no_shadow
}
cylinder {
	<29.632349, 37.248566, 35.267334>,  <29.057848, 37.440697, 35.703285>, 0.130000
	pigment { color rgbt <1,0,0,0> }
	no_shadow
}

// nucleotide -1

// particle -1
sphere {
	<29.632349, 37.248566, 35.267334> 0.250000
	pigment { color rgbt <1,0,0,0> }
	no_shadow
}
cylinder {
	<29.399166, 37.489990, 35.049755>,  <29.259256, 37.634846, 34.919209>, 0.100000
	pigment { color rgbt <1,0,0,0> }
	no_shadow
}
cylinder {
	<29.399166, 37.489990, 35.049755>,  <29.632349, 37.248566, 35.267334>, 0.100000
	pigment { color rgbt <1,0,0,0> }
	no_shadow
}

// particle -1
sphere {
	<29.399166, 37.489990, 35.049755> 0.100000
	pigment { color rgbt <1,0,0,0> }
	no_shadow
}
sphere {
	0, 1
	scale<0.080000,0.200000,0.300000>
	matrix <0.788486, 0.581812, -0.199459,
		0.196092, -0.545173, -0.815067,
		-0.582955, 0.603557, -0.543951,
		29.224279, 37.671059, 34.886570>
	pigment { color rgbt <0,1,1,0> }
	no_shadow
}
cylinder {
	<29.492199, 36.722607, 34.657818>,  <29.632349, 37.248566, 35.267334>, 0.130000
	pigment { color rgbt <1,0,0,0> }
	no_shadow
}

// nucleotide -1

// particle -1
sphere {
	<29.492199, 36.722607, 34.657818> 0.250000
	pigment { color rgbt <1,0,0,0> }
	no_shadow
}
cylinder {
	<29.575697, 36.341293, 34.745159>,  <29.625795, 36.112507, 34.797565>, 0.100000
	pigment { color rgbt <1,0,0,0> }
	no_shadow
}
cylinder {
	<29.575697, 36.341293, 34.745159>,  <29.492199, 36.722607, 34.657818>, 0.100000
	pigment { color rgbt <1,0,0,0> }
	no_shadow
}

// particle -1
sphere {
	<29.575697, 36.341293, 34.745159> 0.100000
	pigment { color rgbt <1,0,0,0> }
	no_shadow
}
sphere {
	0, 1
	scale<0.080000,0.200000,0.300000>
	matrix <0.100225, 0.242950, 0.964847,
		-0.972821, -0.179522, 0.146257,
		0.208744, -0.953282, 0.218355,
		29.638321, 36.055309, 34.810665>
	pigment { color rgbt <0,1,1,0> }
	no_shadow
}
cylinder {
	<29.014648, 36.403324, 35.087227>,  <29.492199, 36.722607, 34.657818>, 0.130000
	pigment { color rgbt <1,0,0,0> }
	no_shadow
}

// nucleotide -1

// particle -1
sphere {
	<29.014648, 36.403324, 35.087227> 0.250000
	pigment { color rgbt <1,0,0,0> }
	no_shadow
}
cylinder {
	<29.373327, 36.231342, 35.129314>,  <29.588535, 36.128151, 35.154568>, 0.100000
	pigment { color rgbt <1,0,0,0> }
	no_shadow
}
cylinder {
	<29.373327, 36.231342, 35.129314>,  <29.014648, 36.403324, 35.087227>, 0.100000
	pigment { color rgbt <1,0,0,0> }
	no_shadow
}

// particle -1
sphere {
	<29.373327, 36.231342, 35.129314> 0.100000
	pigment { color rgbt <1,0,0,0> }
	no_shadow
}
sphere {
	0, 1
	scale<0.080000,0.200000,0.300000>
	matrix <0.073372, 0.378784, 0.922572,
		-0.436522, -0.819547, 0.371201,
		0.896697, -0.429959, 0.105216,
		29.642336, 36.102356, 35.160881>
	pigment { color rgbt <0,1,1,0> }
	no_shadow
}
cylinder {
	<29.055447, 36.172207, 35.829819>,  <29.014648, 36.403324, 35.087227>, 0.130000
	pigment { color rgbt <1,0,0,0> }
	no_shadow
}

// nucleotide -1

// particle -1
sphere {
	<29.055447, 36.172207, 35.829819> 0.250000
	pigment { color rgbt <1,0,0,0> }
	no_shadow
}
cylinder {
	<29.424599, 36.259270, 35.702747>,  <29.646090, 36.311508, 35.626507>, 0.100000
	pigment { color rgbt <1,0,0,0> }
	no_shadow
}
cylinder {
	<29.424599, 36.259270, 35.702747>,  <29.055447, 36.172207, 35.829819>, 0.100000
	pigment { color rgbt <1,0,0,0> }
	no_shadow
}

// particle -1
sphere {
	<29.424599, 36.259270, 35.702747> 0.100000
	pigment { color rgbt <1,0,0,0> }
	no_shadow
}
sphere {
	0, 1
	scale<0.080000,0.200000,0.300000>
	matrix <0.208052, 0.412362, 0.886945,
		0.324050, -0.884637, 0.335276,
		0.922879, 0.217660, -0.317676,
		29.701462, 36.324570, 35.607445>
	pigment { color rgbt <0,1,1,0> }
	no_shadow
}
cylinder {
	<29.547495, 35.984840, 36.349667>,  <29.055447, 36.172207, 35.829819>, 0.130000
	pigment { color rgbt <1,0,0,0> }
	no_shadow
}

// nucleotide -1

// particle -1
sphere {
	<29.547495, 35.984840, 36.349667> 0.250000
	pigment { color rgbt <1,0,0,0> }
	no_shadow
}
cylinder {
	<29.728134, 36.270454, 36.135670>,  <29.836517, 36.441822, 36.007271>, 0.100000
	pigment { color rgbt <1,0,0,0> }
	no_shadow
}
cylinder {
	<29.728134, 36.270454, 36.135670>,  <29.547495, 35.984840, 36.349667>, 0.100000
	pigment { color rgbt <1,0,0,0> }
	no_shadow
}

// particle -1
sphere {
	<29.728134, 36.270454, 36.135670> 0.100000
	pigment { color rgbt <1,0,0,0> }
	no_shadow
}
sphere {
	0, 1
	scale<0.080000,0.200000,0.300000>
	matrix <0.307230, 0.438497, 0.844589,
		0.837657, -0.545779, -0.021349,
		0.451597, 0.714035, -0.534990,
		29.863613, 36.484665, 35.975174>
	pigment { color rgbt <0,1,1,0> }
	no_shadow
}
cylinder {
	<30.319117, 36.118603, 36.369331>,  <29.547495, 35.984840, 36.349667>, 0.130000
	pigment { color rgbt <1,0,0,0> }
	no_shadow
}

// nucleotide -1

// particle -1
sphere {
	<30.319117, 36.118603, 36.369331> 0.250000
	pigment { color rgbt <1,0,0,0> }
	no_shadow
}
cylinder {
	<30.175598, 36.479237, 36.272659>,  <30.089487, 36.695618, 36.214657>, 0.100000
	pigment { color rgbt <1,0,0,0> }
	no_shadow
}
cylinder {
	<30.175598, 36.479237, 36.272659>,  <30.319117, 36.118603, 36.369331>, 0.100000
	pigment { color rgbt <1,0,0,0> }
	no_shadow
}

// particle -1
sphere {
	<30.175598, 36.479237, 36.272659> 0.100000
	pigment { color rgbt <1,0,0,0> }
	no_shadow
}
sphere {
	0, 1
	scale<0.080000,0.200000,0.300000>
	matrix <0.402729, 0.383102, 0.831289,
		0.842066, 0.200933, -0.500551,
		-0.358796, 0.901587, -0.241675,
		30.067959, 36.749714, 36.200157>
	pigment { color rgbt <0,1,1,0> }
	no_shadow
}
cylinder {
	<30.810135, 36.534477, 36.458866>,  <30.319117, 36.118603, 36.369331>, 0.130000
	pigment { color rgbt <1,0,0,0> }
	no_shadow
}

// nucleotide -1

// particle -1
sphere {
	<30.810135, 36.534477, 36.458866> 0.250000
	pigment { color rgbt <1,0,0,0> }
	no_shadow
}
cylinder {
	<30.487585, 36.768223, 36.495243>,  <30.294054, 36.908470, 36.517071>, 0.100000
	pigment { color rgbt <1,0,0,0> }
	no_shadow
}
cylinder {
	<30.487585, 36.768223, 36.495243>,  <30.810135, 36.534477, 36.458866>, 0.100000
	pigment { color rgbt <1,0,0,0> }
	no_shadow
}

// particle -1
sphere {
	<30.487585, 36.768223, 36.495243> 0.100000
	pigment { color rgbt <1,0,0,0> }
	no_shadow
}
sphere {
	0, 1
	scale<0.080000,0.200000,0.300000>
	matrix <0.432294, 0.477485, 0.764938,
		0.403582, 0.656142, -0.637652,
		-0.806377, 0.584368, 0.090942,
		30.245672, 36.943535, 36.522526>
	pigment { color rgbt <0,1,1,0> }
	no_shadow
}
cylinder {
	<30.353418, 36.876595, 37.005692>,  <30.810135, 36.534477, 36.458866>, 0.130000
	pigment { color rgbt <1,0,0,0> }
	no_shadow
}

// nucleotide -1

// particle -1
sphere {
	<30.353418, 36.876595, 37.005692> 0.250000
	pigment { color rgbt <1,0,0,0> }
	no_shadow
}
cylinder {
	<30.624027, 36.646000, 37.188984>,  <30.786392, 36.507641, 37.298962>, 0.100000
	pigment { color rgbt <1,0,0,0> }
	no_shadow
}
cylinder {
	<30.624027, 36.646000, 37.188984>,  <30.353418, 36.876595, 37.005692>, 0.100000
	pigment { color rgbt <1,0,0,0> }
	no_shadow
}

// particle -1
sphere {
	<30.624027, 36.646000, 37.188984> 0.100000
	pigment { color rgbt <1,0,0,0> }
	no_shadow
}
sphere {
	0, 1
	scale<0.080000,0.200000,0.300000>
	matrix <0.736404, 0.525259, -0.426394,
		0.005121, 0.625910, 0.779879,
		0.676523, -0.576489, 0.458233,
		30.826984, 36.473053, 37.326454>
	pigment { color rgbt <0,1,1,0> }
	no_shadow
}
cylinder {
	<30.893019, 37.307762, 37.335068>,  <30.353418, 36.876595, 37.005692>, 0.130000
	pigment { color rgbt <1,0,0,0> }
	no_shadow
}

// nucleotide -1

// particle -1
sphere {
	<30.893019, 37.307762, 37.335068> 0.250000
	pigment { color rgbt <1,0,0,0> }
	no_shadow
}
cylinder {
	<31.020571, 36.954666, 37.197033>,  <31.097101, 36.742809, 37.114212>, 0.100000
	pigment { color rgbt <1,0,0,0> }
	no_shadow
}
cylinder {
	<31.020571, 36.954666, 37.197033>,  <30.893019, 37.307762, 37.335068>, 0.100000
	pigment { color rgbt <1,0,0,0> }
	no_shadow
}

// particle -1
sphere {
	<31.020571, 36.954666, 37.197033> 0.100000
	pigment { color rgbt <1,0,0,0> }
	no_shadow
}
sphere {
	0, 1
	scale<0.080000,0.200000,0.300000>
	matrix <0.748729, 0.457856, -0.479346,
		0.581138, -0.105522, 0.806935,
		0.318878, -0.882742, -0.345085,
		31.116234, 36.689842, 37.093506>
	pigment { color rgbt <0,1,1,0> }
	no_shadow
}
cylinder {
	<31.613388, 37.037632, 37.461838>,  <30.893019, 37.307762, 37.335068>, 0.130000
	pigment { color rgbt <1,0,0,0> }
	no_shadow
}

// nucleotide -1

// particle -1
sphere {
	<31.613388, 37.037632, 37.461838> 0.250000
	pigment { color rgbt <1,0,0,0> }
	no_shadow
}
cylinder {
	<31.504654, 36.942543, 37.088829>,  <31.439413, 36.885490, 36.865025>, 0.100000
	pigment { color rgbt <1,0,0,0> }
	no_shadow
}
cylinder {
	<31.504654, 36.942543, 37.088829>,  <31.613388, 37.037632, 37.461838>, 0.100000
	pigment { color rgbt <1,0,0,0> }
	no_shadow
}

// particle -1
sphere {
	<31.504654, 36.942543, 37.088829> 0.100000
	pigment { color rgbt <1,0,0,0> }
	no_shadow
}
sphere {
	0, 1
	scale<0.080000,0.200000,0.300000>
	matrix <0.835613, 0.422341, -0.351253,
		0.477342, -0.874709, 0.083837,
		-0.271837, -0.237723, -0.932520,
		31.423103, 36.871227, 36.809074>
	pigment { color rgbt <0,1,1,0> }
	no_shadow
}
cylinder {
	<32.202175, 36.692837, 37.207043>,  <31.613388, 37.037632, 37.461838>, 0.130000
	pigment { color rgbt <1,0,0,0> }
	no_shadow
}

// nucleotide -1

// particle -1
sphere {
	<32.202175, 36.692837, 37.207043> 0.250000
	pigment { color rgbt <1,0,0,0> }
	no_shadow
}
cylinder {
	<31.986691, 36.941002, 36.979050>,  <31.857401, 37.089901, 36.842255>, 0.100000
	pigment { color rgbt <1,0,0,0> }
	no_shadow
}
cylinder {
	<31.986691, 36.941002, 36.979050>,  <32.202175, 36.692837, 37.207043>, 0.100000
	pigment { color rgbt <1,0,0,0> }
	no_shadow
}

// particle -1
sphere {
	<31.986691, 36.941002, 36.979050> 0.100000
	pigment { color rgbt <1,0,0,0> }
	no_shadow
}
sphere {
	0, 1
	scale<0.080000,0.200000,0.300000>
	matrix <0.833459, 0.491263, -0.252998,
		0.123050, -0.611351, -0.781734,
		-0.538707, 0.620412, -0.569986,
		31.825079, 37.127125, 36.808052>
	pigment { color rgbt <0,1,1,0> }
	no_shadow
}
cylinder {
	<32.873112, 36.441551, 37.388264>,  <32.202175, 36.692837, 37.207043>, 0.130000
	pigment { color rgbt <1,0,0,0> }
	no_shadow
}

// nucleotide -1

// particle -1
sphere {
	<32.873112, 36.441551, 37.388264> 0.250000
	pigment { color rgbt <1,0,0,0> }
	no_shadow
}
cylinder {
	<33.165493, 36.711926, 37.425819>,  <33.340923, 36.874149, 37.448353>, 0.100000
	pigment { color rgbt <1,0,0,0> }
	no_shadow
}
cylinder {
	<33.165493, 36.711926, 37.425819>,  <32.873112, 36.441551, 37.388264>, 0.100000
	pigment { color rgbt <1,0,0,0> }
	no_shadow
}

// particle -1
sphere {
	<33.165493, 36.711926, 37.425819> 0.100000
	pigment { color rgbt <1,0,0,0> }
	no_shadow
}
sphere {
	0, 1
	scale<0.080000,0.200000,0.300000>
	matrix <-0.018723, -0.117665, 0.992877,
		0.682169, -0.727505, -0.073352,
		0.730954, 0.675937, 0.093889,
		33.384781, 36.914707, 37.453987>
	pigment { color rgbt <0,1,1,0> }
	no_shadow
}
cylinder {
	<33.501457, 36.338455, 36.994888>,  <32.873112, 36.441551, 37.388264>, 0.130000
	pigment { color rgbt <1,0,0,0> }
	no_shadow
}

// nucleotide -1

// particle -1
sphere {
	<33.501457, 36.338455, 36.994888> 0.250000
	pigment { color rgbt <1,0,0,0> }
	no_shadow
}
cylinder {
	<33.794197, 36.230057, 36.744781>,  <33.969841, 36.165020, 36.594715>, 0.100000
	pigment { color rgbt <1,0,0,0> }
	no_shadow
}
cylinder {
	<33.794197, 36.230057, 36.744781>,  <33.501457, 36.338455, 36.994888>, 0.100000
	pigment { color rgbt <1,0,0,0> }
	no_shadow
}

// particle -1
sphere {
	<33.794197, 36.230057, 36.744781> 0.100000
	pigment { color rgbt <1,0,0,0> }
	no_shadow
}
sphere {
	0, 1
	scale<0.080000,0.200000,0.300000>
	matrix <0.408062, -0.560585, 0.720576,
