// switches for output
#declare DRAW_BASES = 1; // possible values are 0, 1; only relevant for DNA ribbons
#declare DRAW_BASES_TYPE = 3; // possible values are 1, 2, 3; only relevant for DNA ribbons
#declare DRAW_FOG = 0; // set to 1 to enable fog

#include "colors.inc"

#include "transforms.inc"
background { rgb <1, 1, 1>}

#default {
   normal{
       ripples 0.25
       frequency 0.20
       turbulence 0.2
       lambda 5
   }
	finish {
		phong 0.1
		phong_size 40.
	}
}

// original window dimensions: 1024x640


// camera settings

camera {
	sky <0, 0.179814, -0.983701>
	up <0, 0.179814, -0.983701>
	right 1.6 * <1, 0, 0>
	location <35, 94.9851, 44.8844>
	look_at <35, 29.7336, 32.9568>
	direction <0, -65.2515, -11.9276>
	angle 67.0682
}


# declare cpy_camera_pos = <35, 94.9851, 44.8844>;
# if (DRAW_FOG = 1)
fog {
	fog_type 2
	up vnormalize(cpy_camera_pos)
	color rgbt<1,1,1,0.3>
	distance 1e-5
	fog_alt 3e-3
	fog_offset 56
}
# end


// LIGHTS

# declare lum = 6;
global_settings {
	ambient_light rgb lum * <0.05, 0.05, 0.05>
	max_trace_level 15
}# declare cpy_direct_light_amount = 0.25;
light_source
{	1000 * <-1, -1.16352, -0.803886>,
	rgb lum * cpy_direct_light_amount
	parallel
}

light_source
{	1000 * <1, 1.16352, 0.803886>,
	rgb lum * cpy_direct_light_amount
	parallel
}

// strand 0

// nucleotide -1

// particle -1
sphere {
	<23.931982, 34.659176, 34.998329> 0.250000
	pigment { color rgbt <1,0,0,0> }
	no_shadow
}
cylinder {
	<24.244970, 34.894836, 34.917690>,  <24.432764, 35.036232, 34.869305>, 0.100000
	pigment { color rgbt <1,0,0,0> }
	no_shadow
}
cylinder {
	<24.244970, 34.894836, 34.917690>,  <23.931982, 34.659176, 34.998329>, 0.100000
	pigment { color rgbt <1,0,0,0> }
	no_shadow
}

// particle -1
sphere {
	<24.244970, 34.894836, 34.917690> 0.100000
	pigment { color rgbt <1,0,0,0> }
	no_shadow
}
sphere {
	0, 1
	scale<0.080000,0.200000,0.300000>
	matrix <0.112573, 0.184585, 0.976348,
		0.612427, -0.786659, 0.078110,
		0.782471, 0.589149, -0.201602,
		24.479712, 35.071583, 34.857208>
	pigment { color rgbt <0,1,1,0> }
	no_shadow
}
cylinder {
	<24.504248, 34.464371, 35.414776>,  <23.931982, 34.659176, 34.998329>, 0.130000
	pigment { color rgbt <1,0,0,0> }
	no_shadow
}

// nucleotide -1

// particle -1
sphere {
	<24.504248, 34.464371, 35.414776> 0.250000
	pigment { color rgbt <1,0,0,0> }
	no_shadow
}
cylinder {
	<24.488171, 34.848171, 35.303246>,  <24.478525, 35.078453, 35.236328>, 0.100000
	pigment { color rgbt <1,0,0,0> }
	no_shadow
}
cylinder {
	<24.488171, 34.848171, 35.303246>,  <24.504248, 34.464371, 35.414776>, 0.100000
	pigment { color rgbt <1,0,0,0> }
	no_shadow
}

// particle -1
sphere {
	<24.488171, 34.848171, 35.303246> 0.100000
	pigment { color rgbt <1,0,0,0> }
	no_shadow
}
sphere {
	0, 1
	scale<0.080000,0.200000,0.300000>
	matrix <0.040662, 0.280389, 0.959025,
		0.998364, 0.027208, -0.050285,
		-0.040193, 0.959501, -0.278824,
		24.476112, 35.136021, 35.219597>
	pigment { color rgbt <0,1,1,0> }
	no_shadow
}
cylinder {
	<24.707760, 34.731998, 36.146957>,  <24.504248, 34.464371, 35.414776>, 0.130000
	pigment { color rgbt <1,0,0,0> }
	no_shadow
}

// nucleotide -1

// particle -1
sphere {
	<24.707760, 34.731998, 36.146957> 0.250000
	pigment { color rgbt <1,0,0,0> }
	no_shadow
}
cylinder {
	<24.401039, 34.977436, 36.222336>,  <24.217007, 35.124699, 36.267563>, 0.100000
	pigment { color rgbt <1,0,0,0> }
	no_shadow
}
cylinder {
	<24.401039, 34.977436, 36.222336>,  <24.707760, 34.731998, 36.146957>, 0.100000
	pigment { color rgbt <1,0,0,0> }
	no_shadow
}

// particle -1
sphere {
	<24.401039, 34.977436, 36.222336> 0.100000
	pigment { color rgbt <1,0,0,0> }
	no_shadow
}
sphere {
	0, 1
	scale<0.080000,0.200000,0.300000>
	matrix <0.604574, 0.591775, 0.533191,
		0.215648, 0.522781, -0.824740,
		-0.766802, 0.613598, 0.188445,
		24.170998, 35.161514, 36.278870>
	pigment { color rgbt <0,1,1,0> }
	no_shadow
}
cylinder {
	<24.754858, 35.458755, 35.931198>,  <24.707760, 34.731998, 36.146957>, 0.130000
	pigment { color rgbt <1,0,0,0> }
	no_shadow
}

// nucleotide -1

// particle -1
sphere {
	<24.754858, 35.458755, 35.931198> 0.250000
	pigment { color rgbt <1,0,0,0> }
	no_shadow
}
cylinder {
	<24.491604, 35.468735, 36.232193>,  <24.333651, 35.474724, 36.412788>, 0.100000
	pigment { color rgbt <1,0,0,0> }
	no_shadow
}
cylinder {
	<24.491604, 35.468735, 36.232193>,  <24.754858, 35.458755, 35.931198>, 0.100000
	pigment { color rgbt <1,0,0,0> }
	no_shadow
}

// particle -1
sphere {
	<24.491604, 35.468735, 36.232193> 0.100000
	pigment { color rgbt <1,0,0,0> }
	no_shadow
}
sphere {
	0, 1
	scale<0.080000,0.200000,0.300000>
	matrix <0.564245, 0.678066, 0.471014,
		-0.498482, 0.734578, -0.460339,
		-0.658136, 0.024952, 0.752485,
		24.294163, 35.476219, 36.457939>
	pigment { color rgbt <0,1,1,0> }
	no_shadow
}
cylinder {
	<24.501865, 36.174042, 35.711845>,  <24.754858, 35.458755, 35.931198>, 0.130000
	pigment { color rgbt <1,0,0,0> }
	no_shadow
}

// nucleotide -1

// particle -1
sphere {
	<24.501865, 36.174042, 35.711845> 0.250000
	pigment { color rgbt <1,0,0,0> }
	no_shadow
}
cylinder {
	<24.178877, 35.983604, 35.572517>,  <23.985085, 35.869343, 35.488918>, 0.100000
	pigment { color rgbt <1,0,0,0> }
	no_shadow
}
cylinder {
	<24.178877, 35.983604, 35.572517>,  <24.501865, 36.174042, 35.711845>, 0.100000
	pigment { color rgbt <1,0,0,0> }
	no_shadow
}

// particle -1
sphere {
	<24.178877, 35.983604, 35.572517> 0.100000
	pigment { color rgbt <1,0,0,0> }
	no_shadow
}
sphere {
	0, 1
	scale<0.080000,0.200000,0.300000>
	matrix <-0.209313, -0.320821, 0.923722,
		-0.551527, 0.818785, 0.159400,
		-0.807469, -0.476093, -0.348323,
		23.936636, 35.840778, 35.468021>
	pigment { color rgbt <0,1,1,0> }
	no_shadow
}
cylinder {
	<24.701357, 36.783981, 35.660789>,  <24.501865, 36.174042, 35.711845>, 0.130000
	pigment { color rgbt <1,0,0,0> }
	no_shadow
}

// nucleotide -1

// particle -1
sphere {
	<24.701357, 36.783981, 35.660789> 0.250000
	pigment { color rgbt <1,0,0,0> }
	no_shadow
}
cylinder {
	<25.044600, 36.666626, 35.829346>,  <25.250546, 36.596210, 35.930481>, 0.100000
	pigment { color rgbt <1,0,0,0> }
	no_shadow
}
cylinder {
	<25.044600, 36.666626, 35.829346>,  <24.701357, 36.783981, 35.660789>, 0.100000
	pigment { color rgbt <1,0,0,0> }
	no_shadow
}

// particle -1
sphere {
	<25.044600, 36.666626, 35.829346> 0.100000
	pigment { color rgbt <1,0,0,0> }
	no_shadow
}
sphere {
	0, 1
	scale<0.080000,0.200000,0.300000>
	matrix <0.231606, 0.953612, 0.192310,
		-0.458269, -0.067425, 0.886253,
		0.858108, -0.293391, 0.421395,
		25.302032, 36.578609, 35.955765>
	pigment { color rgbt <0,1,1,0> }
	no_shadow
}
cylinder {
	<24.844488, 37.264767, 36.156395>,  <24.701357, 36.783981, 35.660789>, 0.130000
	pigment { color rgbt <1,0,0,0> }
	no_shadow
}

// nucleotide -1

// particle -1
sphere {
	<24.844488, 37.264767, 36.156395> 0.250000
	pigment { color rgbt <1,0,0,0> }
	no_shadow
}
cylinder {
	<25.214691, 37.113861, 36.143044>,  <25.436813, 37.023319, 36.135033>, 0.100000
	pigment { color rgbt <1,0,0,0> }
	no_shadow
}
cylinder {
	<25.214691, 37.113861, 36.143044>,  <24.844488, 37.264767, 36.156395>, 0.100000
	pigment { color rgbt <1,0,0,0> }
	no_shadow
}

// particle -1
sphere {
	<25.214691, 37.113861, 36.143044> 0.100000
	pigment { color rgbt <1,0,0,0> }
	no_shadow
}
sphere {
	0, 1
	scale<0.080000,0.200000,0.300000>
	matrix <0.371733, 0.888001, 0.270683,
		-0.072480, -0.262926, 0.962090,
		0.925506, -0.377260, -0.033376,
		25.492344, 37.000683, 36.133030>
	pigment { color rgbt <0,1,1,0> }
	no_shadow
}
cylinder {
	<25.149014, 37.503059, 36.738106>,  <24.844488, 37.264767, 36.156395>, 0.130000
	pigment { color rgbt <1,0,0,0> }
	no_shadow
}

// nucleotide -1

// particle -1
sphere {
	<25.149014, 37.503059, 36.738106> 0.250000
	pigment { color rgbt <1,0,0,0> }
	no_shadow
}
cylinder {
	<25.461414, 37.422127, 36.501766>,  <25.648855, 37.373566, 36.359962>, 0.100000
	pigment { color rgbt <1,0,0,0> }
	no_shadow
}
cylinder {
	<25.461414, 37.422127, 36.501766>,  <25.149014, 37.503059, 36.738106>, 0.100000
	pigment { color rgbt <1,0,0,0> }
	no_shadow
}

// particle -1
sphere {
	<25.461414, 37.422127, 36.501766> 0.100000
	pigment { color rgbt <1,0,0,0> }
	no_shadow
}
sphere {
	0, 1
	scale<0.080000,0.200000,0.300000>
	matrix <0.483746, 0.794353, 0.367413,
		0.395001, -0.572770, 0.718268,
		0.781002, -0.202331, -0.590846,
		25.695715, 37.361427, 36.324512>
	pigment { color rgbt <0,1,1,0> }
	no_shadow
}
cylinder {
	<25.794025, 37.463665, 37.130081>,  <25.149014, 37.503059, 36.738106>, 0.130000
	pigment { color rgbt <1,0,0,0> }
	no_shadow
}

// nucleotide -1

// particle -1
sphere {
	<25.794025, 37.463665, 37.130081> 0.250000
	pigment { color rgbt <1,0,0,0> }
	no_shadow
}
cylinder {
	<25.909870, 37.530399, 36.753086>,  <25.979378, 37.570438, 36.526890>, 0.100000
	pigment { color rgbt <1,0,0,0> }
	no_shadow
}
cylinder {
	<25.909870, 37.530399, 36.753086>,  <25.794025, 37.463665, 37.130081>, 0.100000
	pigment { color rgbt <1,0,0,0> }
	no_shadow
}

// particle -1
sphere {
	<25.909870, 37.530399, 36.753086> 0.100000
	pigment { color rgbt <1,0,0,0> }
	no_shadow
}
sphere {
	0, 1
	scale<0.080000,0.200000,0.300000>
	matrix <0.590066, 0.744192, 0.313050,
		0.753621, -0.646797, 0.117087,
		0.289615, 0.166831, -0.942492,
		25.996754, 37.580448, 36.470337>
	pigment { color rgbt <0,1,1,0> }
	no_shadow
}
cylinder {
	<26.554880, 37.480530, 37.125397>,  <25.794025, 37.463665, 37.130081>, 0.130000
	pigment { color rgbt <1,0,0,0> }
	no_shadow
}

// nucleotide -1

// particle -1
sphere {
	<26.554880, 37.480530, 37.125397> 0.250000
	pigment { color rgbt <1,0,0,0> }
	no_shadow
}
cylinder {
	<26.413536, 37.677330, 36.807133>,  <26.328730, 37.795410, 36.616173>, 0.100000
	pigment { color rgbt <1,0,0,0> }
	no_shadow
}
cylinder {
	<26.413536, 37.677330, 36.807133>,  <26.554880, 37.480530, 37.125397>, 0.100000
	pigment { color rgbt <1,0,0,0> }
	no_shadow
}

// particle -1
sphere {
	<26.413536, 37.677330, 36.807133> 0.100000
	pigment { color rgbt <1,0,0,0> }
	no_shadow
}
sphere {
	0, 1
	scale<0.080000,0.200000,0.300000>
	matrix <0.513565, 0.812926, 0.274596,
		0.781913, -0.311592, -0.539928,
		-0.353359, 0.491998, -0.795660,
		26.307528, 37.824928, 36.568436>
	pigment { color rgbt <0,1,1,0> }
	no_shadow
}
cylinder {
	<27.101126, 37.784882, 36.875820>,  <26.554880, 37.480530, 37.125397>, 0.130000
	pigment { color rgbt <1,0,0,0> }
	no_shadow
}

// nucleotide -1

// particle -1
sphere {
	<27.101126, 37.784882, 36.875820> 0.250000
	pigment { color rgbt <1,0,0,0> }
	no_shadow
}
cylinder {
	<26.816126, 38.003258, 36.699505>,  <26.645126, 38.134285, 36.593716>, 0.100000
	pigment { color rgbt <1,0,0,0> }
	no_shadow
}
cylinder {
	<26.816126, 38.003258, 36.699505>,  <27.101126, 37.784882, 36.875820>, 0.100000
	pigment { color rgbt <1,0,0,0> }
	no_shadow
}

// particle -1
sphere {
	<26.816126, 38.003258, 36.699505> 0.100000
	pigment { color rgbt <1,0,0,0> }
	no_shadow
}
sphere {
	0, 1
	scale<0.080000,0.200000,0.300000>
	matrix <0.444688, 0.837261, 0.318192,
		0.542770, 0.030697, -0.839320,
		-0.712498, 0.545940, -0.440790,
		26.602377, 38.167038, 36.567268>
	pigment { color rgbt <0,1,1,0> }
	no_shadow
}
cylinder {
	<27.365053, 38.393444, 36.386585>,  <27.101126, 37.784882, 36.875820>, 0.130000
	pigment { color rgbt <1,0,0,0> }
	no_shadow
}

// nucleotide -1

// particle -1
sphere {
	<27.365053, 38.393444, 36.386585> 0.250000
	pigment { color rgbt <1,0,0,0> }
	no_shadow
}
cylinder {
	<27.008041, 38.466106, 36.551697>,  <26.793835, 38.509705, 36.650764>, 0.100000
	pigment { color rgbt <1,0,0,0> }
	no_shadow
}
cylinder {
	<27.008041, 38.466106, 36.551697>,  <27.365053, 38.393444, 36.386585>, 0.100000
	pigment { color rgbt <1,0,0,0> }
	no_shadow
}

// particle -1
sphere {
	<27.008041, 38.466106, 36.551697> 0.100000
	pigment { color rgbt <1,0,0,0> }
	no_shadow
}
sphere {
	0, 1
	scale<0.080000,0.200000,0.300000>
	matrix <0.348767, 0.858301, 0.376405,
		-0.285918, 0.479918, -0.829415,
		-0.892531, 0.181652, 0.412783,
		26.740282, 38.520603, 36.675533>
	pigment { color rgbt <0,1,1,0> }
	no_shadow
}
cylinder {
	<27.662893, 38.955109, 36.809708>,  <27.365053, 38.393444, 36.386585>, 0.130000
	pigment { color rgbt <1,0,0,0> }
	no_shadow
}

// nucleotide -1

// particle -1
sphere {
	<27.662893, 38.955109, 36.809708> 0.250000
	pigment { color rgbt <1,0,0,0> }
	no_shadow
}
cylinder {
	<27.618219, 39.013565, 37.202885>,  <27.591415, 39.048637, 37.438789>, 0.100000
	pigment { color rgbt <1,0,0,0> }
	no_shadow
}
cylinder {
	<27.618219, 39.013565, 37.202885>,  <27.662893, 38.955109, 36.809708>, 0.100000
	pigment { color rgbt <1,0,0,0> }
	no_shadow
}

// particle -1
sphere {
	<27.618219, 39.013565, 37.202885> 0.100000
	pigment { color rgbt <1,0,0,0> }
	no_shadow
}
sphere {
	0, 1
	scale<0.080000,0.200000,0.300000>
	matrix <0.696035, 0.717478, -0.027588,
		-0.709269, 0.681079, -0.181849,
		-0.111683, 0.146141, 0.982939,
		27.584715, 39.057407, 37.497765>
	pigment { color rgbt <0,1,1,0> }
	no_shadow
}
cylinder {
	<26.964701, 39.191414, 37.093803>,  <27.662893, 38.955109, 36.809708>, 0.130000
	pigment { color rgbt <1,0,0,0> }
	no_shadow
}

// nucleotide -1

// particle -1
sphere {
	<26.964701, 39.191414, 37.093803> 0.250000
	pigment { color rgbt <1,0,0,0> }
	no_shadow
}
cylinder {
	<26.849628, 39.395935, 36.769875>,  <26.780584, 39.518646, 36.575520>, 0.100000
	pigment { color rgbt <1,0,0,0> }
	no_shadow
}
cylinder {
	<26.849628, 39.395935, 36.769875>,  <26.964701, 39.191414, 37.093803>, 0.100000
	pigment { color rgbt <1,0,0,0> }
	no_shadow
}

// particle -1
sphere {
	<26.849628, 39.395935, 36.769875> 0.100000
	pigment { color rgbt <1,0,0,0> }
	no_shadow
}
sphere {
	0, 1
	scale<0.080000,0.200000,0.300000>
	matrix <-0.645412, -0.728223, -0.230508,
		-0.707589, 0.456355, 0.539497,
		-0.287681, 0.511304, -0.809820,
		26.763325, 39.549328, 36.526928>
	pigment { color rgbt <0,1,1,0> }
	no_shadow
}
cylinder {
	<26.263842, 39.042461, 37.154224>,  <26.964701, 39.191414, 37.093803>, 0.130000
	pigment { color rgbt <1,0,0,0> }
	no_shadow
}

// nucleotide -1

// particle -1
sphere {
	<26.263842, 39.042461, 37.154224> 0.250000
	pigment { color rgbt <1,0,0,0> }
	no_shadow
}
cylinder {
	<26.432144, 39.106339, 36.797020>,  <26.533125, 39.144665, 36.582699>, 0.100000
	pigment { color rgbt <1,0,0,0> }
	no_shadow
}
cylinder {
	<26.432144, 39.106339, 36.797020>,  <26.263842, 39.042461, 37.154224>, 0.100000
	pigment { color rgbt <1,0,0,0> }
	no_shadow
}

// particle -1
sphere {
	<26.432144, 39.106339, 36.797020> 0.100000
	pigment { color rgbt <1,0,0,0> }
	no_shadow
}
sphere {
	0, 1
	scale<0.080000,0.200000,0.300000>
	matrix <-0.388889, -0.857597, -0.336591,
		-0.819592, 0.488903, -0.298736,
		0.420756, 0.159692, -0.893008,
		26.558371, 39.154247, 36.529118>
	pigment { color rgbt <0,1,1,0> }
	no_shadow
}
cylinder {
	<25.677549, 39.095726, 36.636414>,  <26.263842, 39.042461, 37.154224>, 0.130000
	pigment { color rgbt <1,0,0,0> }
	no_shadow
}

// nucleotide -1

// particle -1
sphere {
	<25.677549, 39.095726, 36.636414> 0.250000
	pigment { color rgbt <1,0,0,0> }
	no_shadow
}
cylinder {
	<26.029596, 38.945301, 36.520504>,  <26.240826, 38.855045, 36.450958>, 0.100000
	pigment { color rgbt <1,0,0,0> }
	no_shadow
}
cylinder {
	<26.029596, 38.945301, 36.520504>,  <25.677549, 39.095726, 36.636414>, 0.100000
	pigment { color rgbt <1,0,0,0> }
	no_shadow
}

// particle -1
sphere {
	<26.029596, 38.945301, 36.520504> 0.100000
	pigment { color rgbt <1,0,0,0> }
	no_shadow
}
sphere {
	0, 1
	scale<0.080000,0.200000,0.300000>
	matrix <-0.458055, -0.833093, -0.310067,
		-0.124800, 0.405627, -0.905479,
		0.880120, -0.376063, -0.289769,
		26.293633, 38.832481, 36.433575>
	pigment { color rgbt <0,1,1,0> }
	no_shadow
}
cylinder {
	<25.567823, 38.773563, 36.014446>,  <25.677549, 39.095726, 36.636414>, 0.130000
	pigment { color rgbt <1,0,0,0> }
	no_shadow
}

// nucleotide -1

// particle -1
sphere {
	<25.567823, 38.773563, 36.014446> 0.250000
	pigment { color rgbt <1,0,0,0> }
	no_shadow
}
cylinder {
	<25.885668, 38.606033, 36.190254>,  <26.076374, 38.505516, 36.295738>, 0.100000
	pigment { color rgbt <1,0,0,0> }
	no_shadow
}
cylinder {
	<25.885668, 38.606033, 36.190254>,  <25.567823, 38.773563, 36.014446>, 0.100000
	pigment { color rgbt <1,0,0,0> }
	no_shadow
}

// particle -1
sphere {
	<25.885668, 38.606033, 36.190254> 0.100000
	pigment { color rgbt <1,0,0,0> }
	no_shadow
}
sphere {
	0, 1
	scale<0.080000,0.200000,0.300000>
	matrix <-0.329234, -0.905520, -0.267655,
		0.510095, 0.067976, -0.857428,
		0.794612, -0.418824, 0.439521,
		26.124052, 38.480385, 36.322109>
	pigment { color rgbt <0,1,1,0> }
	no_shadow
}
cylinder {
	<25.823957, 38.354572, 35.497540>,  <25.567823, 38.773563, 36.014446>, 0.130000
	pigment { color rgbt <1,0,0,0> }
	no_shadow
}

// nucleotide -1

// particle -1
sphere {
	<25.823957, 38.354572, 35.497540> 0.250000
	pigment { color rgbt <1,0,0,0> }
	no_shadow
}
cylinder {
	<25.988779, 38.206493, 35.830566>,  <26.087671, 38.117645, 36.030384>, 0.100000
	pigment { color rgbt <1,0,0,0> }
	no_shadow
}
cylinder {
	<25.988779, 38.206493, 35.830566>,  <25.823957, 38.354572, 35.497540>, 0.100000
	pigment { color rgbt <1,0,0,0> }
	no_shadow
}

// particle -1
sphere {
	<25.988779, 38.206493, 35.830566> 0.100000
	pigment { color rgbt <1,0,0,0> }
	no_shadow
}
sphere {
	0, 1
	scale<0.080000,0.200000,0.300000>
	matrix <-0.188113, -0.928621, -0.319807,
		0.891530, -0.024839, -0.452280,
		0.412053, -0.370197, 0.832566,
		26.112394, 38.095436, 36.080338>
	pigment { color rgbt <0,1,1,0> }
	no_shadow
}
cylinder {
	<26.280739, 37.868740, 35.260120>,  <25.823957, 38.354572, 35.497540>, 0.130000
	pigment { color rgbt <1,0,0,0> }
	no_shadow
}

// nucleotide -1

// particle -1
sphere {
	<26.280739, 37.868740, 35.260120> 0.250000
	pigment { color rgbt <1,0,0,0> }
	no_shadow
}
cylinder {
	<26.182156, 37.782154, 35.637989>,  <26.123005, 37.730202, 35.864708>, 0.100000
	pigment { color rgbt <1,0,0,0> }
	no_shadow
}
cylinder {
	<26.182156, 37.782154, 35.637989>,  <26.280739, 37.868740, 35.260120>, 0.100000
	pigment { color rgbt <1,0,0,0> }
	no_shadow
}

// particle -1
sphere {
	<26.182156, 37.782154, 35.637989> 0.100000
	pigment { color rgbt <1,0,0,0> }
	no_shadow
}
sphere {
	0, 1
	scale<0.080000,0.200000,0.300000>
	matrix <-0.056668, -0.969851, -0.237020,
		0.967495, -0.111948, 0.226761,
		-0.246458, -0.216466, 0.944670,
		26.108219, 37.717213, 35.921391>
	pigment { color rgbt <0,1,1,0> }
	no_shadow
}
cylinder {
	<26.666752, 37.189281, 35.454933>,  <26.280739, 37.868740, 35.260120>, 0.130000
	pigment { color rgbt <1,0,0,0> }
	no_shadow
}

// nucleotide -1

// particle -1
sphere {
	<26.666752, 37.189281, 35.454933> 0.250000
	pigment { color rgbt <1,0,0,0> }
	no_shadow
}
cylinder {
	<26.351549, 37.222778, 35.698910>,  <26.162426, 37.242878, 35.845295>, 0.100000
	pigment { color rgbt <1,0,0,0> }
	no_shadow
}
cylinder {
	<26.351549, 37.222778, 35.698910>,  <26.666752, 37.189281, 35.454933>, 0.100000
	pigment { color rgbt <1,0,0,0> }
	no_shadow
}

// particle -1
sphere {
	<26.351549, 37.222778, 35.698910> 0.100000
	pigment { color rgbt <1,0,0,0> }
	no_shadow
}
sphere {
	0, 1
	scale<0.080000,0.200000,0.300000>
	matrix <-0.202921, -0.970675, -0.128893,
		0.581262, -0.225339, 0.781893,
		-0.788009, 0.083742, 0.609942,
		26.115147, 37.247902, 35.881893>
	pigment { color rgbt <0,1,1,0> }
	no_shadow
}
cylinder {
	<27.367573, 37.480824, 35.646400>,  <26.666752, 37.189281, 35.454933>, 0.130000
	pigment { color rgbt <1,0,0,0> }
	no_shadow
}

// nucleotide -1

// particle -1
sphere {
	<27.367573, 37.480824, 35.646400> 0.250000
	pigment { color rgbt <1,0,0,0> }
	no_shadow
}
cylinder {
	<27.267218, 37.661648, 35.988792>,  <27.207005, 37.770142, 36.194225>, 0.100000
	pigment { color rgbt <1,0,0,0> }
	no_shadow
}
cylinder {
	<27.267218, 37.661648, 35.988792>,  <27.367573, 37.480824, 35.646400>, 0.100000
	pigment { color rgbt <1,0,0,0> }
	no_shadow
}

// particle -1
sphere {
	<27.267218, 37.661648, 35.988792> 0.100000
	pigment { color rgbt <1,0,0,0> }
	no_shadow
}
sphere {
	0, 1
	scale<0.080000,0.200000,0.300000>
	matrix <-0.968006, -0.121411, -0.219601,
		0.004651, -0.883684, 0.468061,
		-0.250886, 0.452065, 0.855975,
		27.191952, 37.797268, 36.245586>
	pigment { color rgbt <0,1,1,0> }
	no_shadow
}
cylinder {
	<27.111429, 36.777237, 35.997921>,  <27.367573, 37.480824, 35.646400>, 0.130000
	pigment { color rgbt <1,0,0,0> }
	no_shadow
}

// nucleotide -1

// particle -1
sphere {
	<27.111429, 36.777237, 35.997921> 0.250000
	pigment { color rgbt <1,0,0,0> }
	no_shadow
}
cylinder {
	<27.461359, 36.961880, 35.939129>,  <27.671318, 37.072666, 35.903854>, 0.100000
	pigment { color rgbt <1,0,0,0> }
	no_shadow
}
cylinder {
	<27.461359, 36.961880, 35.939129>,  <27.111429, 36.777237, 35.997921>, 0.100000
	pigment { color rgbt <1,0,0,0> }
	no_shadow
}

// particle -1
sphere {
	<27.461359, 36.961880, 35.939129> 0.100000
	pigment { color rgbt <1,0,0,0> }
	no_shadow
}
sphere {
	0, 1
	scale<0.080000,0.200000,0.300000>
	matrix <0.439515, -0.883885, -0.159921,
		-0.203730, 0.075304, -0.976127,
		0.874826, 0.461603, -0.146976,
		27.723806, 37.100361, 35.895035>
	pigment { color rgbt <0,1,1,0> }
	no_shadow
}
cylinder {
	<27.485449, 36.124260, 35.993671>,  <27.111429, 36.777237, 35.997921>, 0.130000
	pigment { color rgbt <1,0,0,0> }
	no_shadow
}

// nucleotide -1

// particle -1
sphere {
	<27.485449, 36.124260, 35.993671> 0.250000
	pigment { color rgbt <1,0,0,0> }
	no_shadow
}
cylinder {
	<27.714809, 36.436703, 35.894806>,  <27.852425, 36.624168, 35.835487>, 0.100000
	pigment { color rgbt <1,0,0,0> }
	no_shadow
}
cylinder {
	<27.714809, 36.436703, 35.894806>,  <27.485449, 36.124260, 35.993671>, 0.100000
	pigment { color rgbt <1,0,0,0> }
	no_shadow
}

// particle -1
sphere {
	<27.714809, 36.436703, 35.894806> 0.100000
	pigment { color rgbt <1,0,0,0> }
	no_shadow
}
sphere {
	0, 1
	scale<0.080000,0.200000,0.300000>
	matrix <0.778732, -0.613360, -0.131784,
		-0.254539, -0.116913, -0.959969,
		0.573399, 0.781103, -0.247168,
		27.886829, 36.671032, 35.820656>
	pigment { color rgbt <0,1,1,0> }
	no_shadow
}
cylinder {
	<27.146551, 35.926010, 35.459309>,  <27.485449, 36.124260, 35.993671>, 0.130000
	pigment { color rgbt <1,0,0,0> }
	no_shadow
}

// nucleotide -1

// particle -1
sphere {
	<27.146551, 35.926010, 35.459309> 0.250000
	pigment { color rgbt <1,0,0,0> }
	no_shadow
}
cylinder {
	<27.284893, 36.012558, 35.094109>,  <27.367899, 36.064487, 34.874989>, 0.100000
	pigment { color rgbt <1,0,0,0> }
	no_shadow
}
cylinder {
	<27.284893, 36.012558, 35.094109>,  <27.146551, 35.926010, 35.459309>, 0.100000
	pigment { color rgbt <1,0,0,0> }
	no_shadow
}

// particle -1
sphere {
	<27.284893, 36.012558, 35.094109> 0.100000
	pigment { color rgbt <1,0,0,0> }
	no_shadow
}
sphere {
	0, 1
	scale<0.080000,0.200000,0.300000>
	matrix <0.934549, -0.166212, 0.314629,
		-0.083676, -0.962060, -0.259691,
		0.345855, 0.216367, -0.913000,
		27.388649, 36.077469, 34.820210>
	pigment { color rgbt <0,1,1,0> }
	no_shadow
}
cylinder {
	<26.887993, 35.762745, 36.157021>,  <27.146551, 35.926010, 35.459309>, 0.130000
	pigment { color rgbt <1,0,0,0> }
	no_shadow
}

// nucleotide -1

// particle -1
sphere {
	<26.887993, 35.762745, 36.157021> 0.250000
	pigment { color rgbt <1,0,0,0> }
	no_shadow
}
cylinder {
	<27.134823, 35.860729, 36.456142>,  <27.282921, 35.919521, 36.635616>, 0.100000
	pigment { color rgbt <1,0,0,0> }
	no_shadow
}
cylinder {
	<27.134823, 35.860729, 36.456142>,  <26.887993, 35.762745, 36.157021>, 0.100000
	pigment { color rgbt <1,0,0,0> }
	no_shadow
}

// particle -1
sphere {
	<27.134823, 35.860729, 36.456142> 0.100000
	pigment { color rgbt <1,0,0,0> }
	no_shadow
}
sphere {
	0, 1
	scale<0.080000,0.200000,0.300000>
	matrix <0.309948, -0.949153, 0.055155,
		0.723291, 0.197746, -0.661624,
		0.617076, 0.244962, 0.747805,
		27.319946, 35.934219, 36.680485>
	pigment { color rgbt <0,1,1,0> }
	no_shadow
}
cylinder {
	<27.506872, 35.304596, 36.516731>,  <26.887993, 35.762745, 36.157021>, 0.130000
	pigment { color rgbt <1,0,0,0> }
	no_shadow
}

// nucleotide -1

// particle -1
sphere {
	<27.506872, 35.304596, 36.516731> 0.250000
	pigment { color rgbt <1,0,0,0> }
	no_shadow
}
cylinder {
	<27.254652, 35.076946, 36.305637>,  <27.103319, 34.940357, 36.178982>, 0.100000
	pigment { color rgbt <1,0,0,0> }
	no_shadow
}
cylinder {
	<27.254652, 35.076946, 36.305637>,  <27.506872, 35.304596, 36.516731>, 0.100000
	pigment { color rgbt <1,0,0,0> }
	no_shadow
}

// particle -1
sphere {
	<27.254652, 35.076946, 36.305637> 0.100000
	pigment { color rgbt <1,0,0,0> }
	no_shadow
}
sphere {
	0, 1
	scale<0.080000,0.200000,0.300000>
	matrix <0.747006, -0.629574, -0.213587,
		-0.210687, -0.528895, 0.822120,
		-0.630550, -0.569128, -0.527731,
		27.065487, 34.906208, 36.147320>
	pigment { color rgbt <0,1,1,0> }
	no_shadow
}
cylinder {
	<27.488104, 34.505093, 36.662888>,  <27.506872, 35.304596, 36.516731>, 0.130000
	pigment { color rgbt <1,0,0,0> }
	no_shadow
}

// nucleotide -1

// particle -1
sphere {
	<27.488104, 34.505093, 36.662888> 0.250000
	pigment { color rgbt <1,0,0,0> }
	no_shadow
}
cylinder {
	<27.360004, 34.515003, 36.284084>,  <27.283146, 34.520950, 36.056801>, 0.100000
	pigment { color rgbt <1,0,0,0> }
	no_shadow
}
cylinder {
	<27.360004, 34.515003, 36.284084>,  <27.488104, 34.505093, 36.662888>, 0.100000
	pigment { color rgbt <1,0,0,0> }
	no_shadow
}

// particle -1
sphere {
	<27.360004, 34.515003, 36.284084> 0.100000
	pigment { color rgbt <1,0,0,0> }
	no_shadow
}
sphere {
	0, 1
	scale<0.080000,0.200000,0.300000>
	matrix <0.675913, -0.694450, -0.246741,
		-0.663765, -0.719114, 0.205647,
		-0.320247, 0.024778, -0.947010,
		27.263931, 34.522438, 35.999981>
	pigment { color rgbt <0,1,1,0> }
	no_shadow
}
cylinder {
	<27.560040, 33.801949, 36.355427>,  <27.488104, 34.505093, 36.662888>, 0.130000
	pigment { color rgbt <1,0,0,0> }
	no_shadow
}

// nucleotide -1

// particle -1
sphere {
	<27.560040, 33.801949, 36.355427> 0.250000
	pigment { color rgbt <1,0,0,0> }
	no_shadow
}
cylinder {
	<27.563282, 34.059574, 36.049454>,  <27.565228, 34.214149, 35.865871>, 0.100000
	pigment { color rgbt <1,0,0,0> }
	no_shadow
}
cylinder {
	<27.563282, 34.059574, 36.049454>,  <27.560040, 33.801949, 36.355427>, 0.100000
	pigment { color rgbt <1,0,0,0> }
	no_shadow
}

// particle -1
sphere {
	<27.563282, 34.059574, 36.049454> 0.100000
	pigment { color rgbt <1,0,0,0> }
	no_shadow
}
sphere {
	0, 1
	scale<0.080000,0.200000,0.300000>
	matrix <0.627788, -0.598695, -0.497441,
		-0.778342, -0.476182, -0.409187,
		0.008106, 0.644062, -0.764930,
		27.565714, 34.252792, 35.819973>
	pigment { color rgbt <0,1,1,0> }
	no_shadow
}
cylinder {
	<27.308384, 33.597439, 35.773540>,  <27.560040, 33.801949, 36.355427>, 0.130000
	pigment { color rgbt <1,0,0,0> }
	no_shadow
}

// nucleotide -1

// particle -1
sphere {
	<27.308384, 33.597439, 35.773540> 0.250000
	pigment { color rgbt <1,0,0,0> }
	no_shadow
}
cylinder {
	<27.579309, 33.862961, 35.646664>,  <27.741865, 34.022274, 35.570538>, 0.100000
	pigment { color rgbt <1,0,0,0> }
	no_shadow
}
cylinder {
	<27.579309, 33.862961, 35.646664>,  <27.308384, 33.597439, 35.773540>, 0.100000
	pigment { color rgbt <1,0,0,0> }
	no_shadow
}

// particle -1
sphere {
	<27.579309, 33.862961, 35.646664> 0.100000
	pigment { color rgbt <1,0,0,0> }
	no_shadow
}
sphere {
	0, 1
	scale<0.080000,0.200000,0.300000>
	matrix <0.519717, -0.736876, -0.432328,
		-0.520709, 0.127974, -0.844088,
		0.677315, 0.663804, -0.317188,
		27.782503, 34.062103, 35.551506>
	pigment { color rgbt <0,1,1,0> }
	no_shadow
}
cylinder {
	<27.372320, 33.756657, 34.986843>,  <27.308384, 33.597439, 35.773540>, 0.130000
	pigment { color rgbt <1,0,0,0> }
	no_shadow
}

// nucleotide -1

// particle -1
sphere {
	<27.372320, 33.756657, 34.986843> 0.250000
	pigment { color rgbt <1,0,0,0> }
	no_shadow
}
cylinder {
	<27.684296, 33.774014, 35.236584>,  <27.871481, 33.784428, 35.386429>, 0.100000
	pigment { color rgbt <1,0,0,0> }
	no_shadow
}
cylinder {
	<27.684296, 33.774014, 35.236584>,  <27.372320, 33.756657, 34.986843>, 0.100000
	pigment { color rgbt <1,0,0,0> }
	no_shadow
}

// particle -1
sphere {
	<27.684296, 33.774014, 35.236584> 0.100000
	pigment { color rgbt <1,0,0,0> }
	no_shadow
}
sphere {
	0, 1
	scale<0.080000,0.200000,0.300000>
	matrix <0.518804, -0.602802, -0.606195,
		0.350059, 0.796710, -0.492658,
		0.779937, 0.043389, 0.624352,
		27.918276, 33.787029, 35.423889>
	pigment { color rgbt <0,1,1,0> }
	no_shadow
}
cylinder {
	<28.048983, 34.158703, 34.681381>,  <27.372320, 33.756657, 34.986843>, 0.130000
	pigment { color rgbt <1,0,0,0> }
	no_shadow
}

// nucleotide -1

// particle -1
sphere {
	<28.048983, 34.158703, 34.681381> 0.250000
	pigment { color rgbt <1,0,0,0> }
	no_shadow
}
cylinder {
	<28.084055, 33.836052, 34.915192>,  <28.105099, 33.642464, 35.055477>, 0.100000
	pigment { color rgbt <1,0,0,0> }
	no_shadow
}
cylinder {
	<28.084055, 33.836052, 34.915192>,  <28.048983, 34.158703, 34.681381>, 0.100000
	pigment { color rgbt <1,0,0,0> }
	no_shadow
}

// particle -1
sphere {
	<28.084055, 33.836052, 34.915192> 0.100000
	pigment { color rgbt <1,0,0,0> }
	no_shadow
}
sphere {
	0, 1
	scale<0.080000,0.200000,0.300000>
	matrix <0.387369, -0.512994, -0.766017,
		0.917746, 0.293592, 0.267481,
		0.087680, -0.806623, 0.584527,
		28.110359, 33.594067, 35.090549>
	pigment { color rgbt <0,1,1,0> }
	no_shadow
}
cylinder {
	<28.738497, 33.908695, 34.728024>,  <28.048983, 34.158703, 34.681381>, 0.130000
	pigment { color rgbt <1,0,0,0> }
	no_shadow
}

// nucleotide -1

// particle -1
sphere {
	<28.738497, 33.908695, 34.728024> 0.250000
	pigment { color rgbt <1,0,0,0> }
	no_shadow
}
cylinder {
	<28.473501, 33.610027, 34.751999>,  <28.314503, 33.430828, 34.766384>, 0.100000
	pigment { color rgbt <1,0,0,0> }
	no_shadow
}
cylinder {
	<28.473501, 33.610027, 34.751999>,  <28.738497, 33.908695, 34.728024>, 0.100000
	pigment { color rgbt <1,0,0,0> }
	no_shadow
}

// particle -1
sphere {
	<28.473501, 33.610027, 34.751999> 0.100000
	pigment { color rgbt <1,0,0,0> }
	no_shadow
}
sphere {
	0, 1
	scale<0.080000,0.200000,0.300000>
	matrix <0.435467, -0.449005, -0.780232,
		0.609486, -0.490797, 0.622611,
		-0.662491, -0.746668, 0.059936,
		28.274754, 33.386028, 34.769981>
	pigment { color rgbt <0,1,1,0> }
	no_shadow
}
cylinder {
	<29.099943, 33.183460, 34.779385>,  <28.738497, 33.908695, 34.728024>, 0.130000
	pigment { color rgbt <1,0,0,0> }
	no_shadow
}

// nucleotide -1

// particle -1
sphere {
	<29.099943, 33.183460, 34.779385> 0.250000
	pigment { color rgbt <1,0,0,0> }
	no_shadow
}
cylinder {
	<28.737679, 33.234138, 34.617535>,  <28.520319, 33.264545, 34.520424>, 0.100000
	pigment { color rgbt <1,0,0,0> }
	no_shadow
}
cylinder {
	<28.737679, 33.234138, 34.617535>,  <29.099943, 33.183460, 34.779385>, 0.100000
	pigment { color rgbt <1,0,0,0> }
	no_shadow
}

// particle -1
sphere {
	<28.737679, 33.234138, 34.617535> 0.100000
	pigment { color rgbt <1,0,0,0> }
	no_shadow
}
sphere {
	0, 1
	scale<0.080000,0.200000,0.300000>
	matrix <0.284227, -0.526728, -0.801107,
		-0.314623, -0.840539, 0.441029,
		-0.905664, 0.126695, -0.404625,
		28.465979, 33.272148, 34.496147>
	pigment { color rgbt <0,1,1,0> }
	no_shadow
}
cylinder {
	<28.476950, 32.625782, 34.774693>,  <29.099943, 33.183460, 34.779385>, 0.130000
	pigment { color rgbt <1,0,0,0> }
	no_shadow
}

// nucleotide -1

// particle -1
sphere {
	<28.476950, 32.625782, 34.774693> 0.250000
	pigment { color rgbt <1,0,0,0> }
	no_shadow
}
cylinder {
	<28.469975, 32.867355, 34.455956>,  <28.465790, 33.012299, 34.264713>, 0.100000
	pigment { color rgbt <1,0,0,0> }
	no_shadow
}
cylinder {
	<28.469975, 32.867355, 34.455956>,  <28.476950, 32.625782, 34.774693>, 0.100000
	pigment { color rgbt <1,0,0,0> }
	no_shadow
}

// particle -1
sphere {
	<28.469975, 32.867355, 34.455956> 0.100000
	pigment { color rgbt <1,0,0,0> }
	no_shadow
}
sphere {
	0, 1
	scale<0.080000,0.200000,0.300000>
	matrix <0.345505, -0.744231, -0.571617,
		-0.938255, -0.285282, -0.195684,
		-0.017438, 0.603932, -0.796845,
		28.464743, 33.048534, 34.216904>
	pigment { color rgbt <0,1,1,0> }
	no_shadow
}
cylinder {
	<28.841242, 32.172443, 34.467430>,  <28.476950, 32.625782, 34.774693>, 0.130000
	pigment { color rgbt <1,0,0,0> }
	no_shadow
}

// nucleotide -1

// particle -1
sphere {
	<28.841242, 32.172443, 34.467430> 0.250000
	pigment { color rgbt <1,0,0,0> }
	no_shadow
}
cylinder {
	<28.754271, 32.451035, 34.193890>,  <28.702087, 32.618187, 34.029766>, 0.100000
	pigment { color rgbt <1,0,0,0> }
	no_shadow
}
cylinder {
	<28.754271, 32.451035, 34.193890>,  <28.841242, 32.172443, 34.467430>, 0.100000
	pigment { color rgbt <1,0,0,0> }
	no_shadow
}

// particle -1
sphere {
	<28.754271, 32.451035, 34.193890> 0.100000
	pigment { color rgbt <1,0,0,0> }
	no_shadow
}
sphere {
	0, 1
	scale<0.080000,0.200000,0.300000>
	matrix <0.621833, -0.441193, -0.647048,
		-0.752362, -0.565925, -0.337165,
		-0.217426, 0.696475, -0.683848,
		28.689043, 32.659977, 33.988735>
	pigment { color rgbt <0,1,1,0> }
	no_shadow
}
cylinder {
	<29.574503, 32.397282, 34.839043>,  <28.841242, 32.172443, 34.467430>, 0.130000
	pigment { color rgbt <1,0,0,0> }
	no_shadow
}

// nucleotide -1

// particle -1
sphere {
	<29.574503, 32.397282, 34.839043> 0.250000
	pigment { color rgbt <1,0,0,0> }
	no_shadow
}
cylinder {
	<29.847273, 32.398590, 34.546474>,  <30.010935, 32.399376, 34.370934>, 0.100000
	pigment { color rgbt <1,0,0,0> }
	no_shadow
}
cylinder {
	<29.847273, 32.398590, 34.546474>,  <29.574503, 32.397282, 34.839043>, 0.100000
	pigment { color rgbt <1,0,0,0> }
	no_shadow
}

// particle -1
sphere {
	<29.847273, 32.398590, 34.546474> 0.100000
	pigment { color rgbt <1,0,0,0> }
	no_shadow
}
sphere {
	0, 1
	scale<0.080000,0.200000,0.300000>
	matrix <0.689487, 0.330871, 0.644307,
		0.244110, -0.943671, 0.223376,
		0.681922, 0.003267, -0.731417,
		30.051849, 32.399570, 34.327049>
	pigment { color rgbt <0,1,1,0> }
	no_shadow
}
cylinder {
	<30.170628, 31.834694, 34.792934>,  <29.574503, 32.397282, 34.839043>, 0.130000
	pigment { color rgbt <1,0,0,0> }
	no_shadow
}

// nucleotide -1

// particle -1
sphere {
	<30.170628, 31.834694, 34.792934> 0.250000
	pigment { color rgbt <1,0,0,0> }
	no_shadow
}
cylinder {
	<30.250380, 32.211708, 34.685696>,  <30.298231, 32.437916, 34.621353>, 0.100000
	pigment { color rgbt <1,0,0,0> }
	no_shadow
}
cylinder {
	<30.250380, 32.211708, 34.685696>,  <30.170628, 31.834694, 34.792934>, 0.100000
	pigment { color rgbt <1,0,0,0> }
	no_shadow
}

// particle -1
sphere {
	<30.250380, 32.211708, 34.685696> 0.100000
	pigment { color rgbt <1,0,0,0> }
	no_shadow
}
sphere {
	0, 1
	scale<0.080000,0.200000,0.300000>
	matrix <0.650475, 0.077319, 0.755582,
		0.732892, -0.325034, -0.597680,
		0.199378, 0.942536, -0.268093,
		30.310192, 32.494469, 34.605267>
	pigment { color rgbt <0,1,1,0> }
	no_shadow
}
cylinder {
	<30.969629, 31.983437, 34.573376>,  <30.170628, 31.834694, 34.792934>, 0.130000
	pigment { color rgbt <1,0,0,0> }
	no_shadow
}

// nucleotide -1

// particle -1
sphere {
	<30.969629, 31.983437, 34.573376> 0.250000
	pigment { color rgbt <1,0,0,0> }
	no_shadow
}
cylinder {
	<30.773607, 32.291496, 34.736698>,  <30.655994, 32.476334, 34.834690>, 0.100000
	pigment { color rgbt <1,0,0,0> }
	no_shadow
}
cylinder {
	<30.773607, 32.291496, 34.736698>,  <30.969629, 31.983437, 34.573376>, 0.100000
	pigment { color rgbt <1,0,0,0> }
	no_shadow
}

// particle -1
sphere {
	<30.773607, 32.291496, 34.736698> 0.100000
	pigment { color rgbt <1,0,0,0> }
	no_shadow
}
sphere {
	0, 1
	scale<0.080000,0.200000,0.300000>
	matrix <0.817913, 0.244284, 0.520906,
		0.301434, 0.589231, -0.749629,
		-0.490057, 0.770151, 0.408305,
		30.626591, 32.522541, 34.859188>
	pigment { color rgbt <0,1,1,0> }
	no_shadow
}
cylinder {
	<31.421814, 32.508331, 34.704975>,  <30.969629, 31.983437, 34.573376>, 0.130000
	pigment { color rgbt <1,0,0,0> }
	no_shadow
}

// nucleotide -1

// particle -1
sphere {
	<31.421814, 32.508331, 34.704975> 0.250000
	pigment { color rgbt <1,0,0,0> }
	no_shadow
}
cylinder {
	<31.109552, 32.579525, 34.944607>,  <30.922195, 32.622242, 35.088387>, 0.100000
	pigment { color rgbt <1,0,0,0> }
	no_shadow
}
cylinder {
	<31.109552, 32.579525, 34.944607>,  <31.421814, 32.508331, 34.704975>, 0.100000
	pigment { color rgbt <1,0,0,0> }
	no_shadow
}

// particle -1
sphere {
	<31.109552, 32.579525, 34.944607> 0.100000
	pigment { color rgbt <1,0,0,0> }
	no_shadow
}
sphere {
	0, 1
	scale<0.080000,0.200000,0.300000>
	matrix <0.618894, 0.086890, 0.780653,
		0.086890, 0.980190, -0.177984,
		-0.780653, 0.177984, 0.599084,
		30.875357, 32.632919, 35.124332>
	pigment { color rgbt <0,1,1,0> }
	no_shadow
}
cylinder {
	<31.601309, 33.064487, 35.127769>,  <31.421814, 32.508331, 34.704975>, 0.130000
	pigment { color rgbt <1,0,0,0> }
	no_shadow
}

// nucleotide -1

// particle -1
sphere {
	<31.601309, 33.064487, 35.127769> 0.250000
	pigment { color rgbt <1,0,0,0> }
	no_shadow
}
cylinder {
	<31.305084, 32.880497, 35.323723>,  <31.127350, 32.770103, 35.441296>, 0.100000
	pigment { color rgbt <1,0,0,0> }
	no_shadow
}
cylinder {
	<31.305084, 32.880497, 35.323723>,  <31.601309, 33.064487, 35.127769>, 0.100000
	pigment { color rgbt <1,0,0,0> }
	no_shadow
}

// particle -1
sphere {
	<31.305084, 32.880497, 35.323723> 0.100000
	pigment { color rgbt <1,0,0,0> }
	no_shadow
}
sphere {
	0, 1
	scale<0.080000,0.200000,0.300000>
	matrix <0.483799, 0.140988, 0.863748,
		-0.466374, 0.876665, 0.118127,
		-0.740563, -0.459979, 0.489883,
		31.082914, 32.742504, 35.470688>
	pigment { color rgbt <0,1,1,0> }
	no_shadow
}
cylinder {
	<31.593731, 33.335091, 35.731571>,  <31.601309, 33.064487, 35.127769>, 0.130000
	pigment { color rgbt <1,0,0,0> }
	no_shadow
}

// nucleotide -1

// particle -1
sphere {
	<31.593731, 33.335091, 35.731571> 0.250000
	pigment { color rgbt <1,0,0,0> }
	no_shadow
}
cylinder {
	<31.409103, 33.022163, 35.898872>,  <31.298326, 32.834408, 35.999252>, 0.100000
	pigment { color rgbt <1,0,0,0> }
	no_shadow
}
cylinder {
	<31.409103, 33.022163, 35.898872>,  <31.593731, 33.335091, 35.731571>, 0.100000
	pigment { color rgbt <1,0,0,0> }
	no_shadow
}

// particle -1
sphere {
	<31.409103, 33.022163, 35.898872> 0.100000
	pigment { color rgbt <1,0,0,0> }
	no_shadow
}
sphere {
	0, 1
	scale<0.080000,0.200000,0.300000>
	matrix <0.516006, 0.146747, 0.843921,
		-0.721589, 0.605352, 0.335944,
		-0.461570, -0.782314, 0.418257,
		31.270632, 32.787468, 36.024349>
	pigment { color rgbt <0,1,1,0> }
	no_shadow
}
cylinder {
	<32.053917, 33.505901, 36.408768>,  <31.593731, 33.335091, 35.731571>, 0.130000
	pigment { color rgbt <1,0,0,0> }
	no_shadow
}

// nucleotide -1

// particle -1
sphere {
	<32.053917, 33.505901, 36.408768> 0.250000
	pigment { color rgbt <1,0,0,0> }
	no_shadow
}
cylinder {
	<32.347084, 33.754471, 36.519520>,  <32.522984, 33.903614, 36.585972>, 0.100000
	pigment { color rgbt <1,0,0,0> }
	no_shadow
}
cylinder {
	<32.347084, 33.754471, 36.519520>,  <32.053917, 33.505901, 36.408768>, 0.100000
	pigment { color rgbt <1,0,0,0> }
	no_shadow
}

// particle -1
sphere {
	<32.347084, 33.754471, 36.519520> 0.100000
	pigment { color rgbt <1,0,0,0> }
	no_shadow
}
sphere {
	0, 1
	scale<0.080000,0.200000,0.300000>
	matrix <0.592191, -0.382412, -0.709275,
		-0.334880, 0.683805, -0.648279,
		0.732915, 0.621427, 0.276881,
		32.566959, 33.940899, 36.602585>
	pigment { color rgbt <0,1,1,0> }
	no_shadow
}
cylinder {
	<32.265282, 34.160782, 35.950920>,  <32.053917, 33.505901, 36.408768>, 0.130000
	pigment { color rgbt <1,0,0,0> }
	no_shadow
}

// nucleotide -1

// particle -1
sphere {
	<32.265282, 34.160782, 35.950920> 0.250000
	pigment { color rgbt <1,0,0,0> }
	no_shadow
}
cylinder {
	<32.568775, 33.961544, 36.118832>,  <32.750874, 33.841999, 36.219578>, 0.100000
	pigment { color rgbt <1,0,0,0> }
	no_shadow
}
cylinder {
	<32.568775, 33.961544, 36.118832>,  <32.265282, 34.160782, 35.950920>, 0.100000
	pigment { color rgbt <1,0,0,0> }
	no_shadow
}

// particle -1
sphere {
	<32.568775, 33.961544, 36.118832> 0.100000
	pigment { color rgbt <1,0,0,0> }
	no_shadow
}
sphere {
	0, 1
	scale<0.080000,0.200000,0.300000>
	matrix <0.284197, -0.326742, -0.901372,
