// switches for output
#declare DRAW_BASES = 1; // possible values are 0, 1; only relevant for DNA ribbons
#declare DRAW_BASES_TYPE = 3; // possible values are 1, 2, 3; only relevant for DNA ribbons
#declare DRAW_FOG = 0; // set to 1 to enable fog

#include "colors.inc"

#include "transforms.inc"
background { rgb <1, 1, 1>}

#default {
   normal{
       ripples 0.25
       frequency 0.20
       turbulence 0.2
       lambda 5
   }
	finish {
		phong 0.1
		phong_size 40.
	}
}

// original window dimensions: 1024x640


// camera settings

camera {
	sky <0, 0.179814, -0.983701>
	up <0, 0.179814, -0.983701>
	right 1.6 * <1, 0, 0>
	location <35, 94.9851, 44.8844>
	look_at <35, 29.7336, 32.9568>
	direction <0, -65.2515, -11.9276>
	angle 67.0682
}


# declare cpy_camera_pos = <35, 94.9851, 44.8844>;
# if (DRAW_FOG = 1)
fog {
	fog_type 2
	up vnormalize(cpy_camera_pos)
	color rgbt<1,1,1,0.3>
	distance 1e-5
	fog_alt 3e-3
	fog_offset 56
}
# end


// LIGHTS

# declare lum = 6;
global_settings {
	ambient_light rgb lum * <0.05, 0.05, 0.05>
	max_trace_level 15
}# declare cpy_direct_light_amount = 0.25;
light_source
{	1000 * <-1, -1.16352, -0.803886>,
	rgb lum * cpy_direct_light_amount
	parallel
}

light_source
{	1000 * <1, 1.16352, 0.803886>,
	rgb lum * cpy_direct_light_amount
	parallel
}

// strand 0

// nucleotide -1

// particle -1
sphere {
	<24.438360, 34.748535, 34.656563> 0.250000
	pigment { color rgbt <1,0,0,0> }
	no_shadow
}
cylinder {
	<24.150257, 34.986954, 34.798523>,  <23.977396, 35.130005, 34.883701>, 0.100000
	pigment { color rgbt <1,0,0,0> }
	no_shadow
}
cylinder {
	<24.150257, 34.986954, 34.798523>,  <24.438360, 34.748535, 34.656563>, 0.100000
	pigment { color rgbt <1,0,0,0> }
	no_shadow
}

// particle -1
sphere {
	<24.150257, 34.986954, 34.798523> 0.100000
	pigment { color rgbt <1,0,0,0> }
	no_shadow
}
sphere {
	0, 1
	scale<0.080000,0.200000,0.300000>
	matrix <0.485280, 0.067333, 0.871762,
		0.495715, 0.800121, -0.337746,
		-0.720257, 0.596047, 0.354905,
		23.934179, 35.165768, 34.904995>
	pigment { color rgbt <0,1,1,0> }
	no_shadow
}
cylinder {
	<24.872183, 34.076084, 34.456345>,  <24.438360, 34.748535, 34.656563>, 0.130000
	pigment { color rgbt <1,0,0,0> }
	no_shadow
}

// nucleotide -1

// particle -1
sphere {
	<24.872183, 34.076084, 34.456345> 0.250000
	pigment { color rgbt <1,0,0,0> }
	no_shadow
}
cylinder {
	<25.201847, 34.300953, 34.483852>,  <25.399645, 34.435875, 34.500355>, 0.100000
	pigment { color rgbt <1,0,0,0> }
	no_shadow
}
cylinder {
	<25.201847, 34.300953, 34.483852>,  <24.872183, 34.076084, 34.456345>, 0.100000
	pigment { color rgbt <1,0,0,0> }
	no_shadow
}

// particle -1
sphere {
	<25.201847, 34.300953, 34.483852> 0.100000
	pigment { color rgbt <1,0,0,0> }
	no_shadow
}
sphere {
	0, 1
	scale<0.080000,0.200000,0.300000>
	matrix <0.403294, -0.497281, -0.768157,
		-0.397638, 0.660816, -0.636558,
		0.824159, 0.562169, 0.068766,
		25.449095, 34.469604, 34.504482>
	pigment { color rgbt <0,1,1,0> }
	no_shadow
}
cylinder {
	<25.063824, 34.463428, 33.818455>,  <24.872183, 34.076084, 34.456345>, 0.130000
	pigment { color rgbt <1,0,0,0> }
	no_shadow
}

// nucleotide -1

// particle -1
sphere {
	<25.063824, 34.463428, 33.818455> 0.250000
	pigment { color rgbt <1,0,0,0> }
	no_shadow
}
cylinder {
	<25.378225, 34.328003, 34.025364>,  <25.566866, 34.246746, 34.149509>, 0.100000
	pigment { color rgbt <1,0,0,0> }
	no_shadow
}
cylinder {
	<25.378225, 34.328003, 34.025364>,  <25.063824, 34.463428, 33.818455>, 0.100000
	pigment { color rgbt <1,0,0,0> }
	no_shadow
}

// particle -1
sphere {
	<25.378225, 34.328003, 34.025364> 0.100000
	pigment { color rgbt <1,0,0,0> }
	no_shadow
}
sphere {
	0, 1
	scale<0.080000,0.200000,0.300000>
	matrix <0.356097, -0.436031, -0.826482,
		0.505368, 0.833816, -0.222158,
		0.786002, -0.338567, 0.517275,
		25.614025, 34.226433, 34.180546>
	pigment { color rgbt <0,1,1,0> }
	no_shadow
}
cylinder {
	<25.698687, 34.650463, 33.514935>,  <25.063824, 34.463428, 33.818455>, 0.130000
	pigment { color rgbt <1,0,0,0> }
	no_shadow
}

// nucleotide -1

// particle -1
sphere {
	<25.698687, 34.650463, 33.514935> 0.250000
	pigment { color rgbt <1,0,0,0> }
	no_shadow
}
cylinder {
	<25.734779, 34.307117, 33.716949>,  <25.756435, 34.101109, 33.838158>, 0.100000
	pigment { color rgbt <1,0,0,0> }
	no_shadow
}
cylinder {
	<25.734779, 34.307117, 33.716949>,  <25.698687, 34.650463, 33.514935>, 0.100000
	pigment { color rgbt <1,0,0,0> }
	no_shadow
}

// particle -1
sphere {
	<25.734779, 34.307117, 33.716949> 0.100000
	pigment { color rgbt <1,0,0,0> }
	no_shadow
}
sphere {
	0, 1
	scale<0.080000,0.200000,0.300000>
	matrix <0.498066, -0.400246, -0.769242,
		0.862432, 0.320953, 0.391409,
		0.090230, -0.858366, 0.505041,
		25.761848, 34.049606, 33.868462>
	pigment { color rgbt <0,1,1,0> }
	no_shadow
}
cylinder {
	<26.447701, 34.379959, 33.423618>,  <25.698687, 34.650463, 33.514935>, 0.130000
	pigment { color rgbt <1,0,0,0> }
	no_shadow
}

// nucleotide -1

// particle -1
sphere {
	<26.447701, 34.379959, 33.423618> 0.250000
	pigment { color rgbt <1,0,0,0> }
	no_shadow
}
cylinder {
	<26.168489, 34.103588, 33.498859>,  <26.000963, 33.937767, 33.544003>, 0.100000
	pigment { color rgbt <1,0,0,0> }
	no_shadow
}
cylinder {
	<26.168489, 34.103588, 33.498859>,  <26.447701, 34.379959, 33.423618>, 0.100000
	pigment { color rgbt <1,0,0,0> }
	no_shadow
}

// particle -1
sphere {
	<26.168489, 34.103588, 33.498859> 0.100000
	pigment { color rgbt <1,0,0,0> }
	no_shadow
}
sphere {
	0, 1
	scale<0.080000,0.200000,0.300000>
	matrix <0.224294, -0.460426, -0.858895,
		0.680037, -0.557343, 0.476360,
		-0.698027, -0.690925, 0.188098,
		25.959082, 33.896309, 33.555290>
	pigment { color rgbt <0,1,1,0> }
	no_shadow
}
cylinder {
	<26.653599, 33.658466, 33.458683>,  <26.447701, 34.379959, 33.423618>, 0.130000
	pigment { color rgbt <1,0,0,0> }
	no_shadow
}

// nucleotide -1

// particle -1
sphere {
	<26.653599, 33.658466, 33.458683> 0.250000
	pigment { color rgbt <1,0,0,0> }
	no_shadow
}
cylinder {
	<26.273331, 33.692226, 33.339279>,  <26.045170, 33.712482, 33.267635>, 0.100000
	pigment { color rgbt <1,0,0,0> }
	no_shadow
}
cylinder {
	<26.273331, 33.692226, 33.339279>,  <26.653599, 33.658466, 33.458683>, 0.100000
	pigment { color rgbt <1,0,0,0> }
	no_shadow
}

// particle -1
sphere {
	<26.273331, 33.692226, 33.339279> 0.100000
	pigment { color rgbt <1,0,0,0> }
	no_shadow
}
sphere {
	0, 1
	scale<0.080000,0.200000,0.300000>
	matrix <0.253899, -0.341172, -0.905062,
		-0.178228, -0.936205, 0.302913,
		-0.950668, 0.084398, -0.298508,
		25.988131, 33.717545, 33.249725>
	pigment { color rgbt <0,1,1,0> }
	no_shadow
}
cylinder {
	<26.612791, 33.029007, 33.142185>,  <26.653599, 33.658466, 33.458683>, 0.130000
	pigment { color rgbt <1,0,0,0> }
	no_shadow
}

// nucleotide -1

// particle -1
sphere {
	<26.612791, 33.029007, 33.142185> 0.250000
	pigment { color rgbt <1,0,0,0> }
	no_shadow
}
cylinder {
	<26.337317, 33.273613, 32.986362>,  <26.172031, 33.420376, 32.892868>, 0.100000
	pigment { color rgbt <1,0,0,0> }
	no_shadow
}
cylinder {
	<26.337317, 33.273613, 32.986362>,  <26.612791, 33.029007, 33.142185>, 0.100000
	pigment { color rgbt <1,0,0,0> }
	no_shadow
}

// particle -1
sphere {
	<26.337317, 33.273613, 32.986362> 0.100000
	pigment { color rgbt <1,0,0,0> }
	no_shadow
}
sphere {
	0, 1
	scale<0.080000,0.200000,0.300000>
	matrix <0.188049, -0.368248, -0.910511,
		-0.700250, -0.700312, 0.138611,
		-0.688686, 0.611519, -0.389559,
		26.130711, 33.457069, 32.869495>
	pigment { color rgbt <0,1,1,0> }
	no_shadow
}
cylinder {
	<27.212687, 32.584194, 33.209385>,  <26.612791, 33.029007, 33.142185>, 0.130000
	pigment { color rgbt <1,0,0,0> }
	no_shadow
}

// nucleotide -1

// particle -1
sphere {
	<27.212687, 32.584194, 33.209385> 0.250000
	pigment { color rgbt <1,0,0,0> }
	no_shadow
}
cylinder {
	<27.606768, 32.516075, 33.201710>,  <27.843216, 32.475204, 33.197105>, 0.100000
	pigment { color rgbt <1,0,0,0> }
	no_shadow
}
cylinder {
	<27.606768, 32.516075, 33.201710>,  <27.212687, 32.584194, 33.209385>, 0.100000
	pigment { color rgbt <1,0,0,0> }
	no_shadow
}

// particle -1
sphere {
	<27.606768, 32.516075, 33.201710> 0.100000
	pigment { color rgbt <1,0,0,0> }
	no_shadow
}
sphere {
	0, 1
	scale<0.080000,0.200000,0.300000>
	matrix <-0.168182, -0.982270, 0.082828,
		-0.032954, -0.078375, -0.996379,
		0.985205, -0.170302, -0.019188,
		27.902328, 32.464985, 33.195953>
	pigment { color rgbt <0,1,1,0> }
	no_shadow
}
cylinder {
	<27.403246, 32.162861, 32.578316>,  <27.212687, 32.584194, 33.209385>, 0.130000
	pigment { color rgbt <1,0,0,0> }
	no_shadow
}

// nucleotide -1

// particle -1
sphere {
	<27.403246, 32.162861, 32.578316> 0.250000
	pigment { color rgbt <1,0,0,0> }
	no_shadow
}
cylinder {
	<27.683544, 32.104313, 32.857609>,  <27.851723, 32.069183, 33.025185>, 0.100000
	pigment { color rgbt <1,0,0,0> }
	no_shadow
}
cylinder {
	<27.683544, 32.104313, 32.857609>,  <27.403246, 32.162861, 32.578316>, 0.100000
	pigment { color rgbt <1,0,0,0> }
	no_shadow
}

// particle -1
sphere {
	<27.683544, 32.104313, 32.857609> 0.100000
	pigment { color rgbt <1,0,0,0> }
	no_shadow
}
sphere {
	0, 1
	scale<0.080000,0.200000,0.300000>
	matrix <-0.131211, -0.988473, -0.075534,
		0.701241, -0.038686, -0.711874,
		0.700746, -0.146373, 0.698234,
		27.893768, 32.060402, 33.067078>
	pigment { color rgbt <0,1,1,0> }
	no_shadow
}
cylinder {
	<27.827702, 31.623867, 32.340675>,  <27.403246, 32.162861, 32.578316>, 0.130000
	pigment { color rgbt <1,0,0,0> }
	no_shadow
}

// nucleotide -1

// particle -1
sphere {
	<27.827702, 31.623867, 32.340675> 0.250000
	pigment { color rgbt <1,0,0,0> }
	no_shadow
}
cylinder {
	<27.914581, 31.622126, 32.731121>,  <27.966709, 31.621080, 32.965389>, 0.100000
	pigment { color rgbt <1,0,0,0> }
	no_shadow
}
cylinder {
	<27.914581, 31.622126, 32.731121>,  <27.827702, 31.623867, 32.340675>, 0.100000
	pigment { color rgbt <1,0,0,0> }
	no_shadow
}

// particle -1
sphere {
	<27.914581, 31.622126, 32.731121> 0.100000
	pigment { color rgbt <1,0,0,0> }
	no_shadow
}
sphere {
	0, 1
	scale<0.080000,0.200000,0.300000>
	matrix <-0.067444, -0.997667, 0.010559,
		0.973794, -0.068127, -0.216987,
		0.217200, -0.004352, 0.976118,
		27.979742, 31.620819, 33.023956>
	pigment { color rgbt <0,1,1,0> }
	no_shadow
}
cylinder {
	<28.498161, 31.293896, 32.488731>,  <27.827702, 31.623867, 32.340675>, 0.130000
	pigment { color rgbt <1,0,0,0> }
	no_shadow
}

// nucleotide -1

// particle -1
sphere {
	<28.498161, 31.293896, 32.488731> 0.250000
	pigment { color rgbt <1,0,0,0> }
	no_shadow
}
cylinder {
	<28.295618, 31.296024, 32.833652>,  <28.174091, 31.297302, 33.040607>, 0.100000
	pigment { color rgbt <1,0,0,0> }
	no_shadow
}
cylinder {
	<28.295618, 31.296024, 32.833652>,  <28.498161, 31.293896, 32.488731>, 0.100000
	pigment { color rgbt <1,0,0,0> }
	no_shadow
}

// particle -1
sphere {
	<28.295618, 31.296024, 32.833652> 0.100000
	pigment { color rgbt <1,0,0,0> }
	no_shadow
}
sphere {
	0, 1
	scale<0.080000,0.200000,0.300000>
	matrix <-0.016358, -0.999860, -0.003435,
		0.862168, -0.015845, 0.506374,
		-0.506358, 0.005322, 0.862307,
		28.143711, 31.297621, 33.092346>
	pigment { color rgbt <0,1,1,0> }
	no_shadow
}
cylinder {
	<28.247435, 30.677530, 32.673412>,  <28.498161, 31.293896, 32.488731>, 0.130000
	pigment { color rgbt <1,0,0,0> }
	no_shadow
}

// nucleotide -1

// particle -1
sphere {
	<28.247435, 30.677530, 32.673412> 0.250000
	pigment { color rgbt <1,0,0,0> }
	no_shadow
}
cylinder {
	<28.317713, 30.473593, 32.336559>,  <28.359880, 30.351231, 32.134449>, 0.100000
	pigment { color rgbt <1,0,0,0> }
	no_shadow
}
cylinder {
	<28.317713, 30.473593, 32.336559>,  <28.247435, 30.677530, 32.673412>, 0.100000
	pigment { color rgbt <1,0,0,0> }
	no_shadow
}

// particle -1
sphere {
	<28.317713, 30.473593, 32.336559> 0.100000
	pigment { color rgbt <1,0,0,0> }
	no_shadow
}
sphere {
	0, 1
	scale<0.080000,0.200000,0.300000>
	matrix <-0.558727, 0.652670, -0.511708,
		0.810528, 0.560428, -0.170192,
		0.175696, -0.509845, -0.842134,
		28.370422, 30.320639, 32.083920>
	pigment { color rgbt <0,1,1,0> }
	no_shadow
}
cylinder {
	<28.508047, 30.157797, 33.158428>,  <28.247435, 30.677530, 32.673412>, 0.130000
	pigment { color rgbt <1,0,0,0> }
	no_shadow
}

// nucleotide -1

// particle -1
sphere {
	<28.508047, 30.157797, 33.158428> 0.250000
	pigment { color rgbt <1,0,0,0> }
	no_shadow
}
cylinder {
	<28.219975, 29.910736, 33.284821>,  <28.047131, 29.762499, 33.360657>, 0.100000
	pigment { color rgbt <1,0,0,0> }
	no_shadow
}
cylinder {
	<28.219975, 29.910736, 33.284821>,  <28.508047, 30.157797, 33.158428>, 0.100000
	pigment { color rgbt <1,0,0,0> }
	no_shadow
}

// particle -1
sphere {
	<28.219975, 29.910736, 33.284821> 0.100000
	pigment { color rgbt <1,0,0,0> }
	no_shadow
}
sphere {
	0, 1
	scale<0.080000,0.200000,0.300000>
	matrix <-0.468820, 0.768980, 0.434601,
		-0.511414, 0.164854, -0.843373,
		-0.720183, -0.617651, 0.315980,
		28.003920, 29.725441, 33.379616>
	pigment { color rgbt <0,1,1,0> }
	no_shadow
}
cylinder {
	<27.745054, 30.209826, 32.848377>,  <28.508047, 30.157797, 33.158428>, 0.130000
	pigment { color rgbt <1,0,0,0> }
	no_shadow
}

// nucleotide -1

// particle -1
sphere {
	<27.745054, 30.209826, 32.848377> 0.250000
	pigment { color rgbt <1,0,0,0> }
	no_shadow
}
cylinder {
	<27.810694, 30.115168, 33.231434>,  <27.850077, 30.058372, 33.461266>, 0.100000
	pigment { color rgbt <1,0,0,0> }
	no_shadow
}
cylinder {
	<27.810694, 30.115168, 33.231434>,  <27.745054, 30.209826, 32.848377>, 0.100000
	pigment { color rgbt <1,0,0,0> }
	no_shadow
}

// particle -1
sphere {
	<27.810694, 30.115168, 33.231434> 0.100000
	pigment { color rgbt <1,0,0,0> }
	no_shadow
}
sphere {
	0, 1
	scale<0.080000,0.200000,0.300000>
	matrix <-0.310400, 0.909097, 0.277839,
		-0.936335, -0.342844, 0.075725,
		0.164097, -0.236645, 0.957638,
		27.859922, 30.044174, 33.518726>
	pigment { color rgbt <0,1,1,0> }
	no_shadow
}
cylinder {
	<27.212690, 30.545851, 33.223133>,  <27.745054, 30.209826, 32.848377>, 0.130000
	pigment { color rgbt <1,0,0,0> }
	no_shadow
}

// nucleotide -1

// particle -1
sphere {
	<27.212690, 30.545851, 33.223133> 0.250000
	pigment { color rgbt <1,0,0,0> }
	no_shadow
}
cylinder {
	<27.560791, 30.507568, 33.416424>,  <27.769651, 30.484598, 33.532398>, 0.100000
	pigment { color rgbt <1,0,0,0> }
	no_shadow
}
cylinder {
	<27.560791, 30.507568, 33.416424>,  <27.212690, 30.545851, 33.223133>, 0.100000
	pigment { color rgbt <1,0,0,0> }
	no_shadow
}

// particle -1
sphere {
	<27.560791, 30.507568, 33.416424> 0.100000
	pigment { color rgbt <1,0,0,0> }
	no_shadow
}
sphere {
	0, 1
	scale<0.080000,0.200000,0.300000>
	matrix <0.105032, 0.994438, 0.007801,
		-0.481284, 0.043965, 0.875462,
		0.870250, -0.095706, 0.483225,
		27.821865, 30.478857, 33.561390>
	pigment { color rgbt <0,1,1,0> }
	no_shadow
}
cylinder {
	<27.134438, 30.954445, 33.805721>,  <27.212690, 30.545851, 33.223133>, 0.130000
	pigment { color rgbt <1,0,0,0> }
	no_shadow
}

// nucleotide -1

// particle -1
sphere {
	<27.134438, 30.954445, 33.805721> 0.250000
	pigment { color rgbt <1,0,0,0> }
	no_shadow
}
cylinder {
	<27.509878, 30.921890, 33.671616>,  <27.735144, 30.902357, 33.591152>, 0.100000
	pigment { color rgbt <1,0,0,0> }
	no_shadow
}
cylinder {
	<27.509878, 30.921890, 33.671616>,  <27.134438, 30.954445, 33.805721>, 0.100000
	pigment { color rgbt <1,0,0,0> }
	no_shadow
}

// particle -1
sphere {
	<27.509878, 30.921890, 33.671616> 0.100000
	pigment { color rgbt <1,0,0,0> }
	no_shadow
}
sphere {
	0, 1
	scale<0.080000,0.200000,0.300000>
	matrix <0.124741, 0.986091, 0.109841,
		0.321660, -0.144918, 0.935699,
		0.938602, -0.081388, -0.335263,
		27.791458, 30.897474, 33.571037>
	pigment { color rgbt <0,1,1,0> }
	no_shadow
}
cylinder {
	<27.487232, 31.429976, 34.156090>,  <27.134438, 30.954445, 33.805721>, 0.130000
	pigment { color rgbt <1,0,0,0> }
	no_shadow
}

// nucleotide -1

// particle -1
sphere {
	<27.487232, 31.429976, 34.156090> 0.250000
	pigment { color rgbt <1,0,0,0> }
	no_shadow
}
cylinder {
	<27.756920, 31.364809, 33.867954>,  <27.918732, 31.325710, 33.695072>, 0.100000
	pigment { color rgbt <1,0,0,0> }
	no_shadow
}
cylinder {
	<27.756920, 31.364809, 33.867954>,  <27.487232, 31.429976, 34.156090>, 0.100000
	pigment { color rgbt <1,0,0,0> }
	no_shadow
}

// particle -1
sphere {
	<27.756920, 31.364809, 33.867954> 0.100000
	pigment { color rgbt <1,0,0,0> }
	no_shadow
}
sphere {
	0, 1
	scale<0.080000,0.200000,0.300000>
	matrix <0.220360, 0.975313, -0.014330,
		0.704891, -0.149073, 0.693474,
		0.674218, -0.162915, -0.720339,
		27.959185, 31.315935, 33.651852>
	pigment { color rgbt <0,1,1,0> }
	no_shadow
}
cylinder {
	<28.046028, 31.813585, 34.289715>,  <27.487232, 31.429976, 34.156090>, 0.130000
	pigment { color rgbt <1,0,0,0> }
	no_shadow
}

// nucleotide -1

// particle -1
sphere {
	<28.046028, 31.813585, 34.289715> 0.250000
	pigment { color rgbt <1,0,0,0> }
	no_shadow
}
cylinder {
	<28.073399, 31.731836, 33.899117>,  <28.089821, 31.682787, 33.664757>, 0.100000
	pigment { color rgbt <1,0,0,0> }
	no_shadow
}
cylinder {
	<28.073399, 31.731836, 33.899117>,  <28.046028, 31.813585, 34.289715>, 0.100000
	pigment { color rgbt <1,0,0,0> }
	no_shadow
}

// particle -1
sphere {
	<28.073399, 31.731836, 33.899117> 0.100000
	pigment { color rgbt <1,0,0,0> }
	no_shadow
}
sphere {
	0, 1
	scale<0.080000,0.200000,0.300000>
	matrix <0.273931, 0.945022, -0.178591,
		0.959312, -0.255273, 0.120649,
		0.068426, -0.204374, -0.976498,
		28.093927, 31.670525, 33.606167>
	pigment { color rgbt <0,1,1,0> }
	no_shadow
}
cylinder {
	<28.793577, 31.968975, 33.989288>,  <28.046028, 31.813585, 34.289715>, 0.130000
	pigment { color rgbt <1,0,0,0> }
	no_shadow
}

// nucleotide -1

// particle -1
sphere {
	<28.793577, 31.968975, 33.989288> 0.250000
	pigment { color rgbt <1,0,0,0> }
	no_shadow
}
cylinder {
	<28.526499, 31.981373, 33.691772>,  <28.366251, 31.988811, 33.513264>, 0.100000
	pigment { color rgbt <1,0,0,0> }
	no_shadow
}
cylinder {
	<28.526499, 31.981373, 33.691772>,  <28.793577, 31.968975, 33.989288>, 0.100000
	pigment { color rgbt <1,0,0,0> }
	no_shadow
}

// particle -1
sphere {
	<28.526499, 31.981373, 33.691772> 0.100000
	pigment { color rgbt <1,0,0,0> }
	no_shadow
}
sphere {
	0, 1
	scale<0.080000,0.200000,0.300000>
	matrix <0.279039, 0.936709, -0.211458,
		0.690158, -0.348735, -0.634087,
		-0.667698, 0.030995, -0.743787,
		28.326189, 31.990671, 33.468636>
	pigment { color rgbt <0,1,1,0> }
	no_shadow
}
cylinder {
	<29.163036, 32.096130, 33.424915>,  <28.793577, 31.968975, 33.989288>, 0.130000
	pigment { color rgbt <1,0,0,0> }
	no_shadow
}

// nucleotide -1

// particle -1
sphere {
	<29.163036, 32.096130, 33.424915> 0.250000
	pigment { color rgbt <1,0,0,0> }
	no_shadow
}
cylinder {
	<28.785315, 32.224121, 33.394176>,  <28.558681, 32.300915, 33.375732>, 0.100000
	pigment { color rgbt <1,0,0,0> }
	no_shadow
}
cylinder {
	<28.785315, 32.224121, 33.394176>,  <29.163036, 32.096130, 33.424915>, 0.100000
	pigment { color rgbt <1,0,0,0> }
	no_shadow
}

// particle -1
sphere {
	<28.785315, 32.224121, 33.394176> 0.100000
	pigment { color rgbt <1,0,0,0> }
	no_shadow
}
sphere {
	0, 1
	scale<0.080000,0.200000,0.300000>
	matrix <0.327160, 0.887710, -0.323940,
		-0.035439, -0.331038, -0.942952,
		-0.944304, 0.319976, -0.076843,
		28.502024, 32.320114, 33.371124>
	pigment { color rgbt <0,1,1,0> }
	no_shadow
}
cylinder {
	<29.569733, 31.550539, 33.656776>,  <29.163036, 32.096130, 33.424915>, 0.130000
	pigment { color rgbt <1,0,0,0> }
	no_shadow
}

// nucleotide -1

// particle -1
sphere {
	<29.569733, 31.550539, 33.656776> 0.250000
	pigment { color rgbt <1,0,0,0> }
	no_shadow
}
cylinder {
	<29.380327, 31.296299, 33.412876>,  <29.266684, 31.143755, 33.266537>, 0.100000
	pigment { color rgbt <1,0,0,0> }
	no_shadow
}
cylinder {
	<29.380327, 31.296299, 33.412876>,  <29.569733, 31.550539, 33.656776>, 0.100000
	pigment { color rgbt <1,0,0,0> }
	no_shadow
}

// particle -1
sphere {
	<29.380327, 31.296299, 33.412876> 0.100000
	pigment { color rgbt <1,0,0,0> }
	no_shadow
}
sphere {
	0, 1
	scale<0.080000,0.200000,0.300000>
	matrix <0.672916, 0.185620, -0.716051,
		0.568305, -0.749370, 0.339813,
		-0.473511, -0.635601, -0.609752,
		29.238274, 31.105619, 33.229950>
	pigment { color rgbt <0,1,1,0> }
	no_shadow
}
cylinder {
	<30.029455, 31.027338, 33.367668>,  <29.569733, 31.550539, 33.656776>, 0.130000
	pigment { color rgbt <1,0,0,0> }
	no_shadow
}

// nucleotide -1

// particle -1
sphere {
	<30.029455, 31.027338, 33.367668> 0.250000
	pigment { color rgbt <1,0,0,0> }
	no_shadow
}
cylinder {
	<29.718227, 31.103964, 33.128368>,  <29.531490, 31.149940, 32.984787>, 0.100000
	pigment { color rgbt <1,0,0,0> }
	no_shadow
}
cylinder {
	<29.718227, 31.103964, 33.128368>,  <30.029455, 31.027338, 33.367668>, 0.100000
	pigment { color rgbt <1,0,0,0> }
	no_shadow
}

// particle -1
sphere {
	<29.718227, 31.103964, 33.128368> 0.100000
	pigment { color rgbt <1,0,0,0> }
	no_shadow
}
sphere {
	0, 1
	scale<0.080000,0.200000,0.300000>
	matrix <0.625533, 0.323550, -0.709946,
		0.057563, -0.926616, -0.371576,
		-0.778071, 0.191566, -0.598254,
		29.484806, 31.161434, 32.948891>
	pigment { color rgbt <0,1,1,0> }
	no_shadow
}
cylinder {
	<30.788092, 30.810757, 33.223709>,  <30.029455, 31.027338, 33.367668>, 0.130000
	pigment { color rgbt <1,0,0,0> }
	no_shadow
}

// nucleotide -1

// particle -1
sphere {
	<30.788092, 30.810757, 33.223709> 0.250000
	pigment { color rgbt <1,0,0,0> }
	no_shadow
}
cylinder {
	<30.875044, 30.602844, 33.554180>,  <30.927216, 30.478098, 33.752464>, 0.100000
	pigment { color rgbt <1,0,0,0> }
	no_shadow
}
cylinder {
	<30.875044, 30.602844, 33.554180>,  <30.788092, 30.810757, 33.223709>, 0.100000
	pigment { color rgbt <1,0,0,0> }
	no_shadow
}

// particle -1
sphere {
	<30.875044, 30.602844, 33.554180> 0.100000
	pigment { color rgbt <1,0,0,0> }
	no_shadow
}
sphere {
	0, 1
	scale<0.080000,0.200000,0.300000>
	matrix <0.903974, -0.212086, -0.371282,
		0.368207, 0.827556, 0.423763,
		0.217382, -0.519780, 0.826180,
		30.940258, 30.446911, 33.802032>
	pigment { color rgbt <0,1,1,0> }
	no_shadow
}
cylinder {
	<31.441610, 31.050035, 33.477093>,  <30.788092, 30.810757, 33.223709>, 0.130000
	pigment { color rgbt <1,0,0,0> }
	no_shadow
}

// nucleotide -1

// particle -1
sphere {
	<31.441610, 31.050035, 33.477093> 0.250000
	pigment { color rgbt <1,0,0,0> }
	no_shadow
}
cylinder {
	<31.389067, 30.707926, 33.677593>,  <31.357540, 30.502659, 33.797894>, 0.100000
	pigment { color rgbt <1,0,0,0> }
	no_shadow
}
cylinder {
	<31.389067, 30.707926, 33.677593>,  <31.441610, 31.050035, 33.477093>, 0.100000
	pigment { color rgbt <1,0,0,0> }
	no_shadow
}

// particle -1
sphere {
	<31.389067, 30.707926, 33.677593> 0.100000
	pigment { color rgbt <1,0,0,0> }
	no_shadow
}
sphere {
	0, 1
	scale<0.080000,0.200000,0.300000>
	matrix <0.904554, -0.310296, -0.292401,
		0.405618, 0.414995, 0.814403,
		-0.131361, -0.855275, 0.501248,
		31.349659, 30.451344, 33.827969>
	pigment { color rgbt <0,1,1,0> }
	no_shadow
}
cylinder {
	<31.769274, 31.011179, 34.088673>,  <31.441610, 31.050035, 33.477093>, 0.130000
	pigment { color rgbt <1,0,0,0> }
	no_shadow
}

// nucleotide -1

// particle -1
sphere {
	<31.769274, 31.011179, 34.088673> 0.250000
	pigment { color rgbt <1,0,0,0> }
	no_shadow
}
cylinder {
	<31.750860, 30.637335, 33.947601>,  <31.739813, 30.413029, 33.862957>, 0.100000
	pigment { color rgbt <1,0,0,0> }
	no_shadow
}
cylinder {
	<31.750860, 30.637335, 33.947601>,  <31.769274, 31.011179, 34.088673>, 0.100000
	pigment { color rgbt <1,0,0,0> }
	no_shadow
}

// particle -1
sphere {
	<31.750860, 30.637335, 33.947601> 0.100000
	pigment { color rgbt <1,0,0,0> }
	no_shadow
}
sphere {
	0, 1
	scale<0.080000,0.200000,0.300000>
	matrix <0.986502, 0.013007, -0.163233,
		0.157146, -0.355434, 0.921397,
		-0.046034, -0.934611, -0.352680,
		31.737049, 30.356951, 33.841797>
	pigment { color rgbt <0,1,1,0> }
	no_shadow
}
cylinder {
	<32.467655, 30.590612, 34.285305>,  <31.769274, 31.011179, 34.088673>, 0.130000
	pigment { color rgbt <1,0,0,0> }
	no_shadow
}

// nucleotide -1

// particle -1
sphere {
	<32.467655, 30.590612, 34.285305> 0.250000
	pigment { color rgbt <1,0,0,0> }
	no_shadow
}
cylinder {
	<32.288296, 30.376841, 33.998718>,  <32.180679, 30.248577, 33.826767>, 0.100000
	pigment { color rgbt <1,0,0,0> }
	no_shadow
}
cylinder {
	<32.288296, 30.376841, 33.998718>,  <32.467655, 30.590612, 34.285305>, 0.100000
	pigment { color rgbt <1,0,0,0> }
	no_shadow
}

// particle -1
sphere {
	<32.288296, 30.376841, 33.998718> 0.100000
	pigment { color rgbt <1,0,0,0> }
	no_shadow
}
sphere {
	0, 1
	scale<0.080000,0.200000,0.300000>
	matrix <0.891585, -0.324225, -0.316156,
		-0.063332, -0.780553, 0.621873,
		-0.448403, -0.534430, -0.716464,
		32.153774, 30.216513, 33.783779>
	pigment { color rgbt <0,1,1,0> }
	no_shadow
}
cylinder {
	<32.819923, 29.956854, 34.119328>,  <32.467655, 30.590612, 34.285305>, 0.130000
	pigment { color rgbt <1,0,0,0> }
	no_shadow
}

// nucleotide -1

// particle -1
sphere {
	<32.819923, 29.956854, 34.119328> 0.250000
	pigment { color rgbt <1,0,0,0> }
	no_shadow
}
cylinder {
	<32.604504, 30.025110, 33.789272>,  <32.475250, 30.066065, 33.591240>, 0.100000
	pigment { color rgbt <1,0,0,0> }
	no_shadow
}
cylinder {
	<32.604504, 30.025110, 33.789272>,  <32.819923, 29.956854, 34.119328>, 0.100000
	pigment { color rgbt <1,0,0,0> }
	no_shadow
}

// particle -1
sphere {
	<32.604504, 30.025110, 33.789272> 0.100000
	pigment { color rgbt <1,0,0,0> }
	no_shadow
}
sphere {
	0, 1
	scale<0.080000,0.200000,0.300000>
	matrix <0.786450, -0.249686, -0.564936,
		-0.302426, -0.953173, 0.000267,
		-0.538548, 0.170641, -0.825135,
		32.442940, 30.076303, 33.541733>
	pigment { color rgbt <0,1,1,0> }
	no_shadow
}
cylinder {
	<33.220726, 29.614681, 33.673298>,  <32.819923, 29.956854, 34.119328>, 0.130000
	pigment { color rgbt <1,0,0,0> }
	no_shadow
}

// nucleotide -1

// particle -1
sphere {
	<33.220726, 29.614681, 33.673298> 0.250000
	pigment { color rgbt <1,0,0,0> }
	no_shadow
}
cylinder {
	<32.962563, 29.820078, 33.447105>,  <32.807663, 29.943316, 33.311390>, 0.100000
	pigment { color rgbt <1,0,0,0> }
	no_shadow
}
cylinder {
	<32.962563, 29.820078, 33.447105>,  <33.220726, 29.614681, 33.673298>, 0.100000
	pigment { color rgbt <1,0,0,0> }
	no_shadow
}

// particle -1
sphere {
	<32.962563, 29.820078, 33.447105> 0.100000
	pigment { color rgbt <1,0,0,0> }
	no_shadow
}
sphere {
	0, 1
	scale<0.080000,0.200000,0.300000>
	matrix <0.595318, -0.125687, -0.793599,
		-0.478579, -0.848840, -0.224570,
		-0.645413, 0.513491, -0.565481,
		32.768940, 29.974125, 33.277462>
	pigment { color rgbt <0,1,1,0> }
	no_shadow
}
cylinder {
	<32.939438, 29.156960, 33.125416>,  <33.220726, 29.614681, 33.673298>, 0.130000
	pigment { color rgbt <1,0,0,0> }
	no_shadow
}

// nucleotide -1

// particle -1
sphere {
	<32.939438, 29.156960, 33.125416> 0.250000
	pigment { color rgbt <1,0,0,0> }
	no_shadow
}
cylinder {
	<32.929455, 29.542904, 33.020790>,  <32.923466, 29.774471, 32.958015>, 0.100000
	pigment { color rgbt <1,0,0,0> }
	no_shadow
}
cylinder {
	<32.929455, 29.542904, 33.020790>,  <32.939438, 29.156960, 33.125416>, 0.100000
	pigment { color rgbt <1,0,0,0> }
	no_shadow
}

// particle -1
sphere {
	<32.929455, 29.542904, 33.020790> 0.100000
	pigment { color rgbt <1,0,0,0> }
	no_shadow
}
sphere {
	0, 1
	scale<0.080000,0.200000,0.300000>
	matrix <0.701344, -0.169550, -0.692365,
		-0.712386, -0.200729, -0.672469,
		-0.024961, 0.964863, -0.261565,
		32.921967, 29.832363, 32.942322>
	pigment { color rgbt <0,1,1,0> }
	no_shadow
}
cylinder {
	<33.116806, 29.101141, 32.477207>,  <32.939438, 29.156960, 33.125416>, 0.130000
	pigment { color rgbt <1,0,0,0> }
	no_shadow
}

// nucleotide -1

// particle -1
sphere {
	<33.116806, 29.101141, 32.477207> 0.250000
	pigment { color rgbt <1,0,0,0> }
	no_shadow
}
cylinder {
	<33.196075, 29.481430, 32.572582>,  <33.243637, 29.709604, 32.629807>, 0.100000
	pigment { color rgbt <1,0,0,0> }
	no_shadow
}
cylinder {
	<33.196075, 29.481430, 32.572582>,  <33.116806, 29.101141, 32.477207>, 0.100000
	pigment { color rgbt <1,0,0,0> }
	no_shadow
}

// particle -1
sphere {
	<33.196075, 29.481430, 32.572582> 0.100000
	pigment { color rgbt <1,0,0,0> }
	no_shadow
}
sphere {
	0, 1
	scale<0.080000,0.200000,0.300000>
	matrix <0.817829, -0.026298, -0.574860,
		-0.540263, 0.308919, -0.782742,
		0.198170, 0.950725, 0.238435,
		33.255527, 29.766647, 32.644112>
	pigment { color rgbt <0,1,1,0> }
	no_shadow
}
cylinder {
	<33.030273, 29.549496, 31.868288>,  <33.116806, 29.101141, 32.477207>, 0.130000
	pigment { color rgbt <1,0,0,0> }
	no_shadow
}

// nucleotide -1

// particle -1
sphere {
	<33.030273, 29.549496, 31.868288> 0.250000
	pigment { color rgbt <1,0,0,0> }
	no_shadow
}
cylinder {
	<33.314056, 29.645233, 32.133430>,  <33.484325, 29.702675, 32.292515>, 0.100000
	pigment { color rgbt <1,0,0,0> }
	no_shadow
}
cylinder {
	<33.314056, 29.645233, 32.133430>,  <33.030273, 29.549496, 31.868288>, 0.100000
	pigment { color rgbt <1,0,0,0> }
	no_shadow
}

// particle -1
sphere {
	<33.314056, 29.645233, 32.133430> 0.100000
	pigment { color rgbt <1,0,0,0> }
	no_shadow
}
sphere {
	0, 1
	scale<0.080000,0.200000,0.300000>
	matrix <0.678673, 0.021435, -0.734128,
		-0.189916, 0.970699, -0.147228,
		0.709461, 0.239343, 0.662857,
		33.526894, 29.717035, 32.332287>
	pigment { color rgbt <0,1,1,0> }
	no_shadow
}
cylinder {
	<33.368267, 30.266823, 31.850334>,  <33.030273, 29.549496, 31.868288>, 0.130000
	pigment { color rgbt <1,0,0,0> }
	no_shadow
}

// nucleotide -1

// particle -1
sphere {
	<33.368267, 30.266823, 31.850334> 0.250000
	pigment { color rgbt <1,0,0,0> }
	no_shadow
}
cylinder {
	<33.634151, 29.987003, 31.955246>,  <33.793682, 29.819111, 32.018192>, 0.100000
	pigment { color rgbt <1,0,0,0> }
	no_shadow
}
cylinder {
	<33.634151, 29.987003, 31.955246>,  <33.368267, 30.266823, 31.850334>, 0.100000
	pigment { color rgbt <1,0,0,0> }
	no_shadow
}

// particle -1
sphere {
	<33.634151, 29.987003, 31.955246> 0.100000
	pigment { color rgbt <1,0,0,0> }
	no_shadow
}
sphere {
	0, 1
	scale<0.080000,0.200000,0.300000>
	matrix <0.523264, 0.185351, -0.831769,
		0.533249, 0.690128, 0.489254,
		0.664711, -0.699549, 0.262280,
		33.833565, 29.777138, 32.033932>
	pigment { color rgbt <0,1,1,0> }
	no_shadow
}
cylinder {
	<34.067081, 30.420906, 31.825993>,  <33.368267, 30.266823, 31.850334>, 0.130000
	pigment { color rgbt <1,0,0,0> }
	no_shadow
}

// nucleotide -1

// particle -1
sphere {
	<34.067081, 30.420906, 31.825993> 0.250000
	pigment { color rgbt <1,0,0,0> }
	no_shadow
}
cylinder {
	<34.130970, 30.029037, 31.777437>,  <34.169304, 29.793917, 31.748304>, 0.100000
	pigment { color rgbt <1,0,0,0> }
	no_shadow
}
cylinder {
	<34.130970, 30.029037, 31.777437>,  <34.067081, 30.420906, 31.825993>, 0.100000
	pigment { color rgbt <1,0,0,0> }
	no_shadow
}

// particle -1
sphere {
	<34.130970, 30.029037, 31.777437> 0.100000
	pigment { color rgbt <1,0,0,0> }
	no_shadow
}
sphere {
	0, 1
	scale<0.080000,0.200000,0.300000>
	matrix <0.582432, 0.192806, -0.789683,
		0.797032, 0.055433, 0.601387,
		0.159726, -0.979670, -0.121387,
		34.178886, 29.735136, 31.741020>
	pigment { color rgbt <0,1,1,0> }
	no_shadow
}
cylinder {
	<34.729145, 30.230410, 31.445442>,  <34.067081, 30.420906, 31.825993>, 0.130000
	pigment { color rgbt <1,0,0,0> }
	no_shadow
}

// nucleotide -1

// particle -1
sphere {
	<34.729145, 30.230410, 31.445442> 0.250000
	pigment { color rgbt <1,0,0,0> }
	no_shadow
}
cylinder {
	<34.605560, 30.547504, 31.655628>,  <34.531410, 30.737761, 31.781740>, 0.100000
	pigment { color rgbt <1,0,0,0> }
	no_shadow
}
cylinder {
	<34.605560, 30.547504, 31.655628>,  <34.729145, 30.230410, 31.445442>, 0.100000
	pigment { color rgbt <1,0,0,0> }
	no_shadow
}

// particle -1
sphere {
	<34.605560, 30.547504, 31.655628> 0.100000
	pigment { color rgbt <1,0,0,0> }
	no_shadow
}
sphere {
	0, 1
	scale<0.080000,0.200000,0.300000>
	matrix <0.329709, -0.428960, 0.841003,
		0.892097, 0.433086, -0.128842,
		-0.308959, 0.792736, 0.525466,
		34.512875, 30.785326, 31.813269>
	pigment { color rgbt <0,1,1,0> }
	no_shadow
}
cylinder {
	<35.296917, 29.880722, 31.778534>,  <34.729145, 30.230410, 31.445442>, 0.130000
	pigment { color rgbt <1,0,0,0> }
	no_shadow
}

// nucleotide -1

// particle -1
sphere {
	<35.296917, 29.880722, 31.778534> 0.250000
	pigment { color rgbt <1,0,0,0> }
	no_shadow
}
cylinder {
	<35.289543, 30.211660, 31.553978>,  <35.285118, 30.410223, 31.419245>, 0.100000
	pigment { color rgbt <1,0,0,0> }
	no_shadow
}
cylinder {
	<35.289543, 30.211660, 31.553978>,  <35.296917, 29.880722, 31.778534>, 0.100000
	pigment { color rgbt <1,0,0,0> }
	no_shadow
}

// particle -1
sphere {
	<35.289543, 30.211660, 31.553978> 0.100000
	pigment { color rgbt <1,0,0,0> }
	no_shadow
}
sphere {
	0, 1
	scale<0.080000,0.200000,0.300000>
	matrix <0.956499, 0.178102, 0.231062,
		0.291153, -0.532709, -0.794639,
		-0.018439, 0.827346, -0.561390,
		35.284012, 30.459864, 31.385561>
	pigment { color rgbt <0,1,1,0> }
	no_shadow
}
cylinder {
	<35.813435, 29.810606, 31.250740>,  <35.296917, 29.880722, 31.778534>, 0.130000
	pigment { color rgbt <1,0,0,0> }
	no_shadow
}

// nucleotide -1

// particle -1
sphere {
	<35.813435, 29.810606, 31.250740> 0.250000
	pigment { color rgbt <1,0,0,0> }
	no_shadow
}
cylinder {
	<35.718235, 30.190388, 31.332615>,  <35.661118, 30.418257, 31.381739>, 0.100000
	pigment { color rgbt <1,0,0,0> }
	no_shadow
}
cylinder {
	<35.718235, 30.190388, 31.332615>,  <35.813435, 29.810606, 31.250740>, 0.100000
	pigment { color rgbt <1,0,0,0> }
	no_shadow
}

// particle -1
sphere {
	<35.718235, 30.190388, 31.332615> 0.100000
	pigment { color rgbt <1,0,0,0> }
	no_shadow
}
sphere {
	0, 1
	scale<0.080000,0.200000,0.300000>
	matrix <0.946531, 0.179470, 0.268085,
		0.217799, 0.257545, -0.941400,
		-0.237997, 0.949453, 0.204686,
		35.646835, 30.475224, 31.394020>
	pigment { color rgbt <0,1,1,0> }
	no_shadow
}
cylinder {
	<36.615799, 29.690258, 31.244549>,  <35.813435, 29.810606, 31.250740>, 0.130000
	pigment { color rgbt <1,0,0,0> }
	no_shadow
}

// nucleotide -1

// particle -1
sphere {
	<36.615799, 29.690258, 31.244549> 0.250000
	pigment { color rgbt <1,0,0,0> }
	no_shadow
}
cylinder {
	<36.478508, 29.831032, 30.896217>,  <36.396133, 29.915497, 30.687220>, 0.100000
	pigment { color rgbt <1,0,0,0> }
	no_shadow
}
cylinder {
	<36.478508, 29.831032, 30.896217>,  <36.615799, 29.690258, 31.244549>, 0.100000
	pigment { color rgbt <1,0,0,0> }
	no_shadow
}

// particle -1
sphere {
	<36.478508, 29.831032, 30.896217> 0.100000
	pigment { color rgbt <1,0,0,0> }
	no_shadow
}
sphere {
	0, 1
	scale<0.080000,0.200000,0.300000>
	matrix <0.539537, 0.832794, 0.123913,
		0.768829, -0.427314, -0.475715,
		-0.343223, 0.351934, -0.870827,
		36.375542, 29.936611, 30.634970>
	pigment { color rgbt <0,1,1,0> }
	no_shadow
}
cylinder {
	<37.219151, 30.008425, 30.944433>,  <36.615799, 29.690258, 31.244549>, 0.130000
	pigment { color rgbt <1,0,0,0> }
	no_shadow
}

// nucleotide -1

// particle -1
sphere {
	<37.219151, 30.008425, 30.944433> 0.250000
	pigment { color rgbt <1,0,0,0> }
	no_shadow
}
cylinder {
	<36.893364, 30.174210, 30.782015>,  <36.697891, 30.273680, 30.684565>, 0.100000
	pigment { color rgbt <1,0,0,0> }
	no_shadow
}
cylinder {
	<36.893364, 30.174210, 30.782015>,  <37.219151, 30.008425, 30.944433>, 0.100000
	pigment { color rgbt <1,0,0,0> }
	no_shadow
}

// particle -1
sphere {
	<36.893364, 30.174210, 30.782015> 0.100000
	pigment { color rgbt <1,0,0,0> }
	no_shadow
}
sphere {
	0, 1
	scale<0.080000,0.200000,0.300000>
	matrix <0.484298, 0.871019, -0.082355,
		0.319540, -0.263721, -0.910135,
		-0.814463, 0.414460, -0.406045,
		36.649025, 30.298548, 30.660202>
	pigment { color rgbt <0,1,1,0> }
	no_shadow
}
cylinder {
	<37.444183, 30.239571, 30.319618>,  <37.219151, 30.008425, 30.944433>, 0.130000
	pigment { color rgbt <1,0,0,0> }
	no_shadow
}

// nucleotide -1

// particle -1
sphere {
	<37.444183, 30.239571, 30.319618> 0.250000
	pigment { color rgbt <1,0,0,0> }
	no_shadow
}
cylinder {
	<37.141796, 30.465946, 30.451212>,  <36.960365, 30.601770, 30.530169>, 0.100000
	pigment { color rgbt <1,0,0,0> }
	no_shadow
}
cylinder {
	<37.141796, 30.465946, 30.451212>,  <37.444183, 30.239571, 30.319618>, 0.100000
	pigment { color rgbt <1,0,0,0> }
	no_shadow
}

// particle -1
sphere {
	<37.141796, 30.465946, 30.451212> 0.100000
	pigment { color rgbt <1,0,0,0> }
	no_shadow
}
sphere {
	0, 1
	scale<0.080000,0.200000,0.300000>
	matrix <0.567891, 0.816954, -0.100424,
		-0.325597, 0.110909, -0.938981,
		-0.755967, 0.565937, 0.328982,
		36.915005, 30.635727, 30.549906>
	pigment { color rgbt <0,1,1,0> }
	no_shadow
}
cylinder {
	<37.429794, 30.862963, 29.927387>,  <37.444183, 30.239571, 30.319618>, 0.130000
	pigment { color rgbt <1,0,0,0> }
	no_shadow
}

// nucleotide -1

// particle -1
sphere {
	<37.429794, 30.862963, 29.927387> 0.250000
	pigment { color rgbt <1,0,0,0> }
	no_shadow
}
cylinder {
	<37.265045, 30.939430, 30.283773>,  <37.166195, 30.985312, 30.497604>, 0.100000
	pigment { color rgbt <1,0,0,0> }
	no_shadow
}
cylinder {
	<37.265045, 30.939430, 30.283773>,  <37.429794, 30.862963, 29.927387>, 0.100000
	pigment { color rgbt <1,0,0,0> }
	no_shadow
}

// particle -1
sphere {
	<37.265045, 30.939430, 30.283773> 0.100000
	pigment { color rgbt <1,0,0,0> }
	no_shadow
}
sphere {
	0, 1
	scale<0.080000,0.200000,0.300000>
	matrix <0.078299, 0.981555, -0.174412,
		-0.907873, -0.002073, -0.419241,
		-0.411870, 0.191170, 0.890964,
		37.141483, 30.996780, 30.551064>
	pigment { color rgbt <0,1,1,0> }
	no_shadow
}
cylinder {
	<36.800041, 31.303717, 29.832165>,  <37.429794, 30.862963, 29.927387>, 0.130000
	pigment { color rgbt <1,0,0,0> }
	no_shadow
}

// nucleotide -1

// particle -1
sphere {
	<36.800041, 31.303717, 29.832165> 0.250000
	pigment { color rgbt <1,0,0,0> }
	no_shadow
}
cylinder {
	<36.980473, 31.382185, 30.180428>,  <37.088734, 31.429266, 30.389385>, 0.100000
	pigment { color rgbt <1,0,0,0> }
	no_shadow
}
cylinder {
	<36.980473, 31.382185, 30.180428>,  <36.800041, 31.303717, 29.832165>, 0.100000
	pigment { color rgbt <1,0,0,0> }
	no_shadow
}

// particle -1
sphere {
	<36.980473, 31.382185, 30.180428> 0.100000
	pigment { color rgbt <1,0,0,0> }
	no_shadow
}
sphere {
	0, 1
	scale<0.080000,0.200000,0.300000>
	matrix <-0.040046, 0.979011, -0.199836,
		-0.891583, 0.055277, 0.449471,
		0.451083, 0.196170, 0.870656,
		37.115799, 31.441036, 30.441624>
	pigment { color rgbt <0,1,1,0> }
	no_shadow
}
cylinder {
	<36.823475, 31.882622, 30.414486>,  <36.800041, 31.303717, 29.832165>, 0.130000
	pigment { color rgbt <1,0,0,0> }
	no_shadow
}

// nucleotide -1

// particle -1
sphere {
	<36.823475, 31.882622, 30.414486> 0.250000
	pigment { color rgbt <1,0,0,0> }
	no_shadow
}
cylinder {
	<37.112198, 31.673471, 30.595854>,  <37.285431, 31.547981, 30.704676>, 0.100000
	pigment { color rgbt <1,0,0,0> }
	no_shadow
}
cylinder {
	<37.112198, 31.673471, 30.595854>,  <36.823475, 31.882622, 30.414486>, 0.100000
	pigment { color rgbt <1,0,0,0> }
	no_shadow
}

// particle -1
sphere {
	<37.112198, 31.673471, 30.595854> 0.100000
	pigment { color rgbt <1,0,0,0> }
	no_shadow
}
sphere {
	0, 1
	scale<0.080000,0.200000,0.300000>
	matrix <0.585537, 0.810641, 0.002685,
		-0.368967, 0.263557, 0.891292,
		0.721810, -0.522875, 0.453422,
		37.328739, 31.516609, 30.731880>
	pigment { color rgbt <0,1,1,0> }
	no_shadow
}
cylinder {
	<37.084213, 32.300488, 30.976276>,  <36.823475, 31.882622, 30.414486>, 0.130000
	pigment { color rgbt <1,0,0,0> }
	no_shadow
}

// nucleotide -1

// particle -1
sphere {
	<37.084213, 32.300488, 30.976276> 0.250000
	pigment { color rgbt <1,0,0,0> }
	no_shadow
}
cylinder {
	<37.353401, 32.029537, 30.857430>,  <37.514915, 31.866968, 30.786121>, 0.100000
	pigment { color rgbt <1,0,0,0> }
	no_shadow
}
cylinder {
	<37.353401, 32.029537, 30.857430>,  <37.084213, 32.300488, 30.976276>, 0.100000
	pigment { color rgbt <1,0,0,0> }
	no_shadow
}

// particle -1
sphere {
	<37.353401, 32.029537, 30.857430> 0.100000
	pigment { color rgbt <1,0,0,0> }
	no_shadow
}
sphere {
	0, 1
	scale<0.080000,0.200000,0.300000>
	matrix <0.710361, 0.703824, 0.004383,
