// switches for output
#declare DRAW_BASES = 1; // possible values are 0, 1; only relevant for DNA ribbons
#declare DRAW_BASES_TYPE = 3; // possible values are 1, 2, 3; only relevant for DNA ribbons
#declare DRAW_FOG = 0; // set to 1 to enable fog

#include "colors.inc"

#include "transforms.inc"
background { rgb <1, 1, 1>}

#default {
   normal{
       ripples 0.25
       frequency 0.20
       turbulence 0.2
       lambda 5
   }
	finish {
		phong 0.1
		phong_size 40.
	}
}

// original window dimensions: 1024x640


// camera settings

camera {
	sky <0, 0.179814, -0.983701>
	up <0, 0.179814, -0.983701>
	right 1.6 * <1, 0, 0>
	location <35, 94.9851, 44.8844>
	look_at <35, 29.7336, 32.9568>
	direction <0, -65.2515, -11.9276>
	angle 67.0682
}


# declare cpy_camera_pos = <35, 94.9851, 44.8844>;
# if (DRAW_FOG = 1)
fog {
	fog_type 2
	up vnormalize(cpy_camera_pos)
	color rgbt<1,1,1,0.3>
	distance 1e-5
	fog_alt 3e-3
	fog_offset 56
}
# end


// LIGHTS

# declare lum = 6;
global_settings {
	ambient_light rgb lum * <0.05, 0.05, 0.05>
	max_trace_level 15
}# declare cpy_direct_light_amount = 0.25;
light_source
{	1000 * <-1, -1.16352, -0.803886>,
	rgb lum * cpy_direct_light_amount
	parallel
}

light_source
{	1000 * <1, 1.16352, 0.803886>,
	rgb lum * cpy_direct_light_amount
	parallel
}

// strand 0

// nucleotide -1

// particle -1
sphere {
	<24.628922, 34.751579, 35.360622> 0.250000
	pigment { color rgbt <1,0,0,0> }
	no_shadow
}
cylinder {
	<24.544815, 35.087860, 35.161018>,  <24.494350, 35.289627, 35.041256>, 0.100000
	pigment { color rgbt <1,0,0,0> }
	no_shadow
}
cylinder {
	<24.544815, 35.087860, 35.161018>,  <24.628922, 34.751579, 35.360622>, 0.100000
	pigment { color rgbt <1,0,0,0> }
	no_shadow
}

// particle -1
sphere {
	<24.544815, 35.087860, 35.161018> 0.100000
	pigment { color rgbt <1,0,0,0> }
	no_shadow
}
sphere {
	0, 1
	scale<0.080000,0.200000,0.300000>
	matrix <0.506541, 0.530253, 0.679889,
		0.836184, -0.109812, -0.537343,
		-0.210267, 0.840698, -0.499013,
		24.481735, 35.340069, 35.011314>
	pigment { color rgbt <0,1,1,0> }
	no_shadow
}
cylinder {
	<25.151848, 35.211765, 35.119682>,  <24.628922, 34.751579, 35.360622>, 0.130000
	pigment { color rgbt <1,0,0,0> }
	no_shadow
}

// nucleotide -1

// particle -1
sphere {
	<25.151848, 35.211765, 35.119682> 0.250000
	pigment { color rgbt <1,0,0,0> }
	no_shadow
}
cylinder {
	<24.837543, 35.447151, 35.195881>,  <24.648960, 35.588383, 35.241600>, 0.100000
	pigment { color rgbt <1,0,0,0> }
	no_shadow
}
cylinder {
	<24.837543, 35.447151, 35.195881>,  <25.151848, 35.211765, 35.119682>, 0.100000
	pigment { color rgbt <1,0,0,0> }
	no_shadow
}

// particle -1
sphere {
	<24.837543, 35.447151, 35.195881> 0.100000
	pigment { color rgbt <1,0,0,0> }
	no_shadow
}
sphere {
	0, 1
	scale<0.080000,0.200000,0.300000>
	matrix <0.511446, 0.444943, 0.735152,
		0.347854, 0.675080, -0.650588,
		-0.785761, 0.588467, 0.190492,
		24.601816, 35.623692, 35.253029>
	pigment { color rgbt <0,1,1,0> }
	no_shadow
}
cylinder {
	<25.682552, 35.692188, 35.466988>,  <25.151848, 35.211765, 35.119682>, 0.130000
	pigment { color rgbt <1,0,0,0> }
	no_shadow
}

// nucleotide -1

// particle -1
sphere {
	<25.682552, 35.692188, 35.466988> 0.250000
	pigment { color rgbt <1,0,0,0> }
	no_shadow
}
cylinder {
	<25.962996, 35.894238, 35.265675>,  <26.131262, 36.015469, 35.144886>, 0.100000
	pigment { color rgbt <1,0,0,0> }
	no_shadow
}
cylinder {
	<25.962996, 35.894238, 35.265675>,  <25.682552, 35.692188, 35.466988>, 0.100000
	pigment { color rgbt <1,0,0,0> }
	no_shadow
}

// particle -1
sphere {
	<25.962996, 35.894238, 35.265675> 0.100000
	pigment { color rgbt <1,0,0,0> }
	no_shadow
}
sphere {
	0, 1
	scale<0.080000,0.200000,0.300000>
	matrix <-0.693260, 0.317737, -0.646865,
		-0.166838, 0.802428, 0.572953,
		0.701110, 0.505126, -0.503281,
		26.173328, 36.045776, 35.114689>
	pigment { color rgbt <0,1,1,0> }
	no_shadow
}
cylinder {
	<25.492090, 36.408939, 35.303925>,  <25.682552, 35.692188, 35.466988>, 0.130000
	pigment { color rgbt <1,0,0,0> }
	no_shadow
}

// nucleotide -1

// particle -1
sphere {
	<25.492090, 36.408939, 35.303925> 0.250000
	pigment { color rgbt <1,0,0,0> }
	no_shadow
}
cylinder {
	<25.740534, 36.259384, 35.028408>,  <25.889601, 36.169651, 34.863098>, 0.100000
	pigment { color rgbt <1,0,0,0> }
	no_shadow
}
cylinder {
	<25.740534, 36.259384, 35.028408>,  <25.492090, 36.408939, 35.303925>, 0.100000
	pigment { color rgbt <1,0,0,0> }
	no_shadow
}

// particle -1
sphere {
	<25.740534, 36.259384, 35.028408> 0.100000
	pigment { color rgbt <1,0,0,0> }
	no_shadow
}
sphere {
	0, 1
	scale<0.080000,0.200000,0.300000>
	matrix <-0.640817, 0.263689, -0.720987,
		0.451195, 0.889199, -0.075814,
		0.621110, -0.373888, -0.688789,
		25.926867, 36.147217, 34.821770>
	pigment { color rgbt <0,1,1,0> }
	no_shadow
}
cylinder {
	<24.976643, 35.943092, 34.972305>,  <25.492090, 36.408939, 35.303925>, 0.130000
	pigment { color rgbt <1,0,0,0> }
	no_shadow
}

// nucleotide -1

// particle -1
sphere {
	<24.976643, 35.943092, 34.972305> 0.250000
	pigment { color rgbt <1,0,0,0> }
	no_shadow
}
cylinder {
	<25.200777, 36.099678, 34.680340>,  <25.335258, 36.193630, 34.505161>, 0.100000
	pigment { color rgbt <1,0,0,0> }
	no_shadow
}
cylinder {
	<25.200777, 36.099678, 34.680340>,  <24.976643, 35.943092, 34.972305>, 0.100000
	pigment { color rgbt <1,0,0,0> }
	no_shadow
}

// particle -1
sphere {
	<25.200777, 36.099678, 34.680340> 0.100000
	pigment { color rgbt <1,0,0,0> }
	no_shadow
}
sphere {
	0, 1
	scale<0.080000,0.200000,0.300000>
	matrix <0.790132, 0.011676, 0.612825,
		0.248422, -0.920119, -0.302767,
		0.560337, 0.391465, -0.729916,
		25.368877, 36.217117, 34.461365>
	pigment { color rgbt <0,1,1,0> }
	no_shadow
}
cylinder {
	<24.544611, 36.144592, 34.396580>,  <24.976643, 35.943092, 34.972305>, 0.130000
	pigment { color rgbt <1,0,0,0> }
	no_shadow
}

// nucleotide -1

// particle -1
sphere {
	<24.544611, 36.144592, 34.396580> 0.250000
	pigment { color rgbt <1,0,0,0> }
	no_shadow
}
cylinder {
	<24.859684, 36.224369, 34.163418>,  <25.048729, 36.272236, 34.023521>, 0.100000
	pigment { color rgbt <1,0,0,0> }
	no_shadow
}
cylinder {
	<24.859684, 36.224369, 34.163418>,  <24.544611, 36.144592, 34.396580>, 0.100000
	pigment { color rgbt <1,0,0,0> }
	no_shadow
}

// particle -1
sphere {
	<24.859684, 36.224369, 34.163418> 0.100000
	pigment { color rgbt <1,0,0,0> }
	no_shadow
}
sphere {
	0, 1
	scale<0.080000,0.200000,0.300000>
	matrix <-0.276608, -0.730934, -0.623878,
		-0.550493, 0.652654, -0.520577,
		0.787684, 0.199444, -0.582903,
		25.095989, 36.284203, 33.988548>
	pigment { color rgbt <0,1,1,0> }
	no_shadow
}
cylinder {
	<24.422606, 35.608154, 33.984688>,  <24.544611, 36.144592, 34.396580>, 0.130000
	pigment { color rgbt <1,0,0,0> }
	no_shadow
}

// nucleotide -1

// particle -1
sphere {
	<24.422606, 35.608154, 33.984688> 0.250000
	pigment { color rgbt <1,0,0,0> }
	no_shadow
}
cylinder {
	<24.710123, 35.814880, 33.798679>,  <24.882633, 35.938915, 33.687077>, 0.100000
	pigment { color rgbt <1,0,0,0> }
	no_shadow
}
cylinder {
	<24.710123, 35.814880, 33.798679>,  <24.422606, 35.608154, 33.984688>, 0.100000
	pigment { color rgbt <1,0,0,0> }
	no_shadow
}

// particle -1
sphere {
	<24.710123, 35.814880, 33.798679> 0.100000
	pigment { color rgbt <1,0,0,0> }
	no_shadow
}
sphere {
	0, 1
	scale<0.080000,0.200000,0.300000>
	matrix <0.074105, -0.722018, -0.687894,
		-0.691263, 0.459994, -0.557280,
		0.718794, 0.516813, -0.465016,
		24.925760, 35.969925, 33.659176>
	pigment { color rgbt <0,1,1,0> }
	no_shadow
}
cylinder {
	<24.263662, 35.711113, 33.248363>,  <24.422606, 35.608154, 33.984688>, 0.130000
	pigment { color rgbt <1,0,0,0> }
	no_shadow
}

// nucleotide -1

// particle -1
sphere {
	<24.263662, 35.711113, 33.248363> 0.250000
	pigment { color rgbt <1,0,0,0> }
	no_shadow
}
cylinder {
	<24.663031, 35.723167, 33.267326>,  <24.902651, 35.730400, 33.278702>, 0.100000
	pigment { color rgbt <1,0,0,0> }
	no_shadow
}
cylinder {
	<24.663031, 35.723167, 33.267326>,  <24.263662, 35.711113, 33.248363>, 0.100000
	pigment { color rgbt <1,0,0,0> }
	no_shadow
}

// particle -1
sphere {
	<24.663031, 35.723167, 33.267326> 0.100000
	pigment { color rgbt <1,0,0,0> }
	no_shadow
}
sphere {
	0, 1
	scale<0.080000,0.200000,0.300000>
	matrix <0.055481, -0.397206, -0.916051,
		-0.008777, 0.917235, -0.398251,
		0.998421, 0.030135, 0.047403,
		24.962557, 35.732208, 33.281548>
	pigment { color rgbt <0,1,1,0> }
	no_shadow
}
cylinder {
	<24.585262, 35.912868, 32.533890>,  <24.263662, 35.711113, 33.248363>, 0.130000
	pigment { color rgbt <1,0,0,0> }
	no_shadow
}

// nucleotide -1

// particle -1
sphere {
	<24.585262, 35.912868, 32.533890> 0.250000
	pigment { color rgbt <1,0,0,0> }
	no_shadow
}
cylinder {
	<24.893513, 35.727634, 32.709019>,  <25.078463, 35.616493, 32.814095>, 0.100000
	pigment { color rgbt <1,0,0,0> }
	no_shadow
}
cylinder {
	<24.893513, 35.727634, 32.709019>,  <24.585262, 35.912868, 32.533890>, 0.100000
	pigment { color rgbt <1,0,0,0> }
	no_shadow
}

// particle -1
sphere {
	<24.893513, 35.727634, 32.709019> 0.100000
	pigment { color rgbt <1,0,0,0> }
	no_shadow
}
sphere {
	0, 1
	scale<0.080000,0.200000,0.300000>
	matrix <0.235296, -0.431718, -0.870778,
		0.592259, 0.774063, -0.223732,
		0.770626, -0.463083, 0.437823,
		25.124701, 35.588711, 32.840366>
	pigment { color rgbt <0,1,1,0> }
	no_shadow
}
cylinder {
	<25.229452, 36.123100, 32.251610>,  <24.585262, 35.912868, 32.533890>, 0.130000
	pigment { color rgbt <1,0,0,0> }
	no_shadow
}

// nucleotide -1

// particle -1
sphere {
	<25.229452, 36.123100, 32.251610> 0.250000
	pigment { color rgbt <1,0,0,0> }
	no_shadow
}
cylinder {
	<25.281988, 35.754230, 32.397129>,  <25.313511, 35.532909, 32.484440>, 0.100000
	pigment { color rgbt <1,0,0,0> }
	no_shadow
}
cylinder {
	<25.281988, 35.754230, 32.397129>,  <25.229452, 36.123100, 32.251610>, 0.100000
	pigment { color rgbt <1,0,0,0> }
	no_shadow
}

// particle -1
sphere {
	<25.281988, 35.754230, 32.397129> 0.100000
	pigment { color rgbt <1,0,0,0> }
	no_shadow
}
sphere {
	0, 1
	scale<0.080000,0.200000,0.300000>
	matrix <0.391698, -0.288842, -0.873581,
		0.910671, 0.257237, 0.323275,
		0.131342, -0.922171, 0.363800,
		25.321390, 35.477581, 32.506268>
	pigment { color rgbt <0,1,1,0> }
	no_shadow
}
cylinder {
	<25.997742, 35.985676, 32.094185>,  <25.229452, 36.123100, 32.251610>, 0.130000
	pigment { color rgbt <1,0,0,0> }
	no_shadow
}

// nucleotide -1

// particle -1
sphere {
	<25.997742, 35.985676, 32.094185> 0.250000
	pigment { color rgbt <1,0,0,0> }
	no_shadow
}
cylinder {
	<25.839493, 35.630207, 32.186909>,  <25.744543, 35.416924, 32.242542>, 0.100000
	pigment { color rgbt <1,0,0,0> }
	no_shadow
}
cylinder {
	<25.839493, 35.630207, 32.186909>,  <25.997742, 35.985676, 32.094185>, 0.100000
	pigment { color rgbt <1,0,0,0> }
	no_shadow
}

// particle -1
sphere {
	<25.839493, 35.630207, 32.186909> 0.100000
	pigment { color rgbt <1,0,0,0> }
	no_shadow
}
sphere {
	0, 1
	scale<0.080000,0.200000,0.300000>
	matrix <0.381118, -0.388505, -0.838935,
		0.835602, -0.243554, 0.492392,
		-0.395623, -0.888676, 0.231813,
		25.720806, 35.363605, 32.256454>
	pigment { color rgbt <0,1,1,0> }
	no_shadow
}
cylinder {
	<26.402948, 35.512173, 31.885954>,  <25.997742, 35.985676, 32.094185>, 0.130000
	pigment { color rgbt <1,0,0,0> }
	no_shadow
}

// nucleotide -1

// particle -1
sphere {
	<26.402948, 35.512173, 31.885954> 0.250000
	pigment { color rgbt <1,0,0,0> }
	no_shadow
}
cylinder {
	<26.042933, 35.338425, 31.900078>,  <25.826923, 35.234177, 31.908552>, 0.100000
	pigment { color rgbt <1,0,0,0> }
	no_shadow
}
cylinder {
	<26.042933, 35.338425, 31.900078>,  <26.402948, 35.512173, 31.885954>, 0.100000
	pigment { color rgbt <1,0,0,0> }
	no_shadow
}

// particle -1
sphere {
	<26.042933, 35.338425, 31.900078> 0.100000
	pigment { color rgbt <1,0,0,0> }
	no_shadow
}
sphere {
	0, 1
	scale<0.080000,0.200000,0.300000>
	matrix <0.226329, -0.535120, -0.813893,
		0.372427, -0.724546, 0.579941,
		-0.900041, -0.434373, 0.035308,
		25.772921, 35.208115, 31.910669>
	pigment { color rgbt <0,1,1,0> }
	no_shadow
}
cylinder {
	<26.543139, 34.825359, 31.688143>,  <26.402948, 35.512173, 31.885954>, 0.130000
	pigment { color rgbt <1,0,0,0> }
	no_shadow
}

// nucleotide -1

// particle -1
sphere {
	<26.543139, 34.825359, 31.688143> 0.250000
	pigment { color rgbt <1,0,0,0> }
	no_shadow
}
cylinder {
	<26.156540, 34.910538, 31.630816>,  <25.924582, 34.961643, 31.596418>, 0.100000
	pigment { color rgbt <1,0,0,0> }
	no_shadow
}
cylinder {
	<26.156540, 34.910538, 31.630816>,  <26.543139, 34.825359, 31.688143>, 0.100000
	pigment { color rgbt <1,0,0,0> }
	no_shadow
}

// particle -1
sphere {
	<26.156540, 34.910538, 31.630816> 0.100000
	pigment { color rgbt <1,0,0,0> }
	no_shadow
}
sphere {
	0, 1
	scale<0.080000,0.200000,0.300000>
	matrix <0.088332, -0.248324, -0.964641,
		-0.240981, -0.944987, 0.221198,
		-0.966502, 0.212921, -0.143314,
		25.866590, 34.974422, 31.587820>
	pigment { color rgbt <0,1,1,0> }
	no_shadow
}
cylinder {
	<26.323004, 34.386276, 31.198801>,  <26.543139, 34.825359, 31.688143>, 0.130000
	pigment { color rgbt <1,0,0,0> }
	no_shadow
}

// nucleotide -1

// particle -1
sphere {
	<26.323004, 34.386276, 31.198801> 0.250000
	pigment { color rgbt <1,0,0,0> }
	no_shadow
}
cylinder {
	<26.075550, 34.700546, 31.198719>,  <25.927078, 34.889111, 31.198669>, 0.100000
	pigment { color rgbt <1,0,0,0> }
	no_shadow
}
cylinder {
	<26.075550, 34.700546, 31.198719>,  <26.323004, 34.386276, 31.198801>, 0.100000
	pigment { color rgbt <1,0,0,0> }
	no_shadow
}

// particle -1
sphere {
	<26.075550, 34.700546, 31.198719> 0.100000
	pigment { color rgbt <1,0,0,0> }
	no_shadow
}
sphere {
	0, 1
	scale<0.080000,0.200000,0.300000>
	matrix <0.281187, 0.221162, -0.933821,
		-0.733638, -0.577751, -0.357741,
		-0.618635, 0.785679, -0.000203,
		25.889959, 34.936249, 31.198658>
	pigment { color rgbt <0,1,1,0> }
	no_shadow
}
cylinder {
	<25.535347, 34.360561, 31.341635>,  <26.323004, 34.386276, 31.198801>, 0.130000
	pigment { color rgbt <1,0,0,0> }
	no_shadow
}

// nucleotide -1

// particle -1
sphere {
	<25.535347, 34.360561, 31.341635> 0.250000
	pigment { color rgbt <1,0,0,0> }
	no_shadow
}
cylinder {
	<25.793211, 34.433010, 31.638716>,  <25.947929, 34.476479, 31.816965>, 0.100000
	pigment { color rgbt <1,0,0,0> }
	no_shadow
}
cylinder {
	<25.793211, 34.433010, 31.638716>,  <25.535347, 34.360561, 31.341635>, 0.100000
	pigment { color rgbt <1,0,0,0> }
	no_shadow
}

// particle -1
sphere {
	<25.793211, 34.433010, 31.638716> 0.100000
	pigment { color rgbt <1,0,0,0> }
	no_shadow
}
sphere {
	0, 1
	scale<0.080000,0.200000,0.300000>
	matrix <-0.724253, 0.455664, 0.517521,
		-0.244690, -0.871531, 0.424925,
		0.644659, 0.181121, 0.742705,
		25.986609, 34.487347, 31.861526>
	pigment { color rgbt <0,1,1,0> }
	no_shadow
}
cylinder {
	<25.094318, 34.311859, 31.923309>,  <25.535347, 34.360561, 31.341635>, 0.130000
	pigment { color rgbt <1,0,0,0> }
	no_shadow
}

// nucleotide -1

// particle -1
sphere {
	<25.094318, 34.311859, 31.923309> 0.250000
	pigment { color rgbt <1,0,0,0> }
	no_shadow
}
cylinder {
	<25.426859, 34.504795, 32.033730>,  <25.626383, 34.620556, 32.099983>, 0.100000
	pigment { color rgbt <1,0,0,0> }
	no_shadow
}
cylinder {
	<25.426859, 34.504795, 32.033730>,  <25.094318, 34.311859, 31.923309>, 0.100000
	pigment { color rgbt <1,0,0,0> }
	no_shadow
}

// particle -1
sphere {
	<25.426859, 34.504795, 32.033730> 0.100000
	pigment { color rgbt <1,0,0,0> }
	no_shadow
}
sphere {
	0, 1
	scale<0.080000,0.200000,0.300000>
	matrix <-0.478042, 0.367330, 0.797837,
		0.283425, -0.795248, 0.535958,
		0.831352, 0.482337, 0.276052,
		25.676264, 34.649498, 32.116547>
	pigment { color rgbt <0,1,1,0> }
	no_shadow
}
cylinder {
	<25.293631, 34.166321, 32.641781>,  <25.094318, 34.311859, 31.923309>, 0.130000
	pigment { color rgbt <1,0,0,0> }
	no_shadow
}

// nucleotide -1

// particle -1
sphere {
	<25.293631, 34.166321, 32.641781> 0.250000
	pigment { color rgbt <1,0,0,0> }
	no_shadow
}
cylinder {
	<25.455233, 34.517704, 32.539722>,  <25.552195, 34.728535, 32.478489>, 0.100000
	pigment { color rgbt <1,0,0,0> }
	no_shadow
}
cylinder {
	<25.455233, 34.517704, 32.539722>,  <25.293631, 34.166321, 32.641781>, 0.100000
	pigment { color rgbt <1,0,0,0> }
	no_shadow
}

// particle -1
sphere {
	<25.455233, 34.517704, 32.539722> 0.100000
	pigment { color rgbt <1,0,0,0> }
	no_shadow
}
sphere {
	0, 1
	scale<0.080000,0.200000,0.300000>
	matrix <-0.401972, 0.421032, 0.813112,
		0.821705, -0.225941, 0.523213,
		0.404005, 0.878455, -0.255142,
		25.576433, 34.781242, 32.463181>
	pigment { color rgbt <0,1,1,0> }
	no_shadow
}
cylinder {
	<25.659075, 34.428215, 33.221401>,  <25.293631, 34.166321, 32.641781>, 0.130000
	pigment { color rgbt <1,0,0,0> }
	no_shadow
}

// nucleotide -1

// particle -1
sphere {
	<25.659075, 34.428215, 33.221401> 0.250000
	pigment { color rgbt <1,0,0,0> }
	no_shadow
}
cylinder {
	<25.602592, 34.755714, 32.998795>,  <25.568703, 34.952213, 32.865231>, 0.100000
	pigment { color rgbt <1,0,0,0> }
	no_shadow
}
cylinder {
	<25.602592, 34.755714, 32.998795>,  <25.659075, 34.428215, 33.221401>, 0.100000
	pigment { color rgbt <1,0,0,0> }
	no_shadow
}

// particle -1
sphere {
	<25.602592, 34.755714, 32.998795> 0.100000
	pigment { color rgbt <1,0,0,0> }
	no_shadow
}
sphere {
	0, 1
	scale<0.080000,0.200000,0.300000>
	matrix <-0.138161, 0.540352, 0.830019,
		0.980292, 0.194093, 0.036817,
		-0.141207, 0.818747, -0.556519,
		25.560230, 35.001339, 32.831841>
	pigment { color rgbt <0,1,1,0> }
	no_shadow
}
cylinder {
	<26.108042, 35.041821, 33.516937>,  <25.659075, 34.428215, 33.221401>, 0.130000
	pigment { color rgbt <1,0,0,0> }
	no_shadow
}

// nucleotide -1

// particle -1
sphere {
	<26.108042, 35.041821, 33.516937> 0.250000
	pigment { color rgbt <1,0,0,0> }
	no_shadow
}
cylinder {
	<25.812017, 35.209675, 33.306713>,  <25.634403, 35.310387, 33.180580>, 0.100000
	pigment { color rgbt <1,0,0,0> }
	no_shadow
}
cylinder {
	<25.812017, 35.209675, 33.306713>,  <26.108042, 35.041821, 33.516937>, 0.100000
	pigment { color rgbt <1,0,0,0> }
	no_shadow
}

// particle -1
sphere {
	<25.812017, 35.209675, 33.306713> 0.100000
	pigment { color rgbt <1,0,0,0> }
	no_shadow
}
sphere {
	0, 1
	scale<0.080000,0.200000,0.300000>
	matrix <-0.023815, 0.764614, 0.644049,
		0.672117, 0.489152, -0.555868,
		-0.740062, 0.419638, -0.525559,
		25.589998, 35.335567, 33.149044>
	pigment { color rgbt <0,1,1,0> }
	no_shadow
}
cylinder {
	<26.238478, 35.744373, 33.406445>,  <26.108042, 35.041821, 33.516937>, 0.130000
	pigment { color rgbt <1,0,0,0> }
	no_shadow
}

// nucleotide -1

// particle -1
sphere {
	<26.238478, 35.744373, 33.406445> 0.250000
	pigment { color rgbt <1,0,0,0> }
	no_shadow
}
cylinder {
	<25.840389, 35.714897, 33.380821>,  <25.601536, 35.697212, 33.365448>, 0.100000
	pigment { color rgbt <1,0,0,0> }
	no_shadow
}
cylinder {
	<25.840389, 35.714897, 33.380821>,  <26.238478, 35.744373, 33.406445>, 0.100000
	pigment { color rgbt <1,0,0,0> }
	no_shadow
}

// particle -1
sphere {
	<25.840389, 35.714897, 33.380821> 0.100000
	pigment { color rgbt <1,0,0,0> }
	no_shadow
}
sphere {
	0, 1
	scale<0.080000,0.200000,0.300000>
	matrix <-0.097625, 0.737625, 0.668115,
		-0.001985, 0.671176, -0.741295,
		-0.995221, -0.073695, -0.064059,
		25.541822, 35.692787, 33.361603>
	pigment { color rgbt <0,1,1,0> }
	no_shadow
}
cylinder {
	<27.004629, 35.836620, 33.150955>,  <26.238478, 35.744373, 33.406445>, 0.130000
	pigment { color rgbt <1,0,0,0> }
	no_shadow
}

// nucleotide -1

// particle -1
sphere {
	<27.004629, 35.836620, 33.150955> 0.250000
	pigment { color rgbt <1,0,0,0> }
	no_shadow
}
cylinder {
	<27.353474, 36.031704, 33.166782>,  <27.562780, 36.148754, 33.176277>, 0.100000
	pigment { color rgbt <1,0,0,0> }
	no_shadow
}
cylinder {
	<27.353474, 36.031704, 33.166782>,  <27.004629, 35.836620, 33.150955>, 0.100000
	pigment { color rgbt <1,0,0,0> }
	no_shadow
}

// particle -1
sphere {
	<27.353474, 36.031704, 33.166782> 0.100000
	pigment { color rgbt <1,0,0,0> }
	no_shadow
}
sphere {
	0, 1
	scale<0.080000,0.200000,0.300000>
	matrix <0.276656, -0.558173, 0.782243,
		0.403591, -0.671256, -0.621715,
		0.872110, 0.487707, 0.039566,
		27.615107, 36.178017, 33.178654>
	pigment { color rgbt <0,1,1,0> }
	no_shadow
}
cylinder {
	<27.471592, 35.221817, 33.206303>,  <27.004629, 35.836620, 33.150955>, 0.130000
	pigment { color rgbt <1,0,0,0> }
	no_shadow
}

// nucleotide -1

// particle -1
sphere {
	<27.471592, 35.221817, 33.206303> 0.250000
	pigment { color rgbt <1,0,0,0> }
	no_shadow
}
cylinder {
	<27.579861, 35.564335, 33.382256>,  <27.644823, 35.769844, 33.487827>, 0.100000
	pigment { color rgbt <1,0,0,0> }
	no_shadow
}
cylinder {
	<27.579861, 35.564335, 33.382256>,  <27.471592, 35.221817, 33.206303>, 0.100000
	pigment { color rgbt <1,0,0,0> }
	no_shadow
}

// particle -1
sphere {
	<27.579861, 35.564335, 33.382256> 0.100000
	pigment { color rgbt <1,0,0,0> }
	no_shadow
}
sphere {
	0, 1
	scale<0.080000,0.200000,0.300000>
	matrix <0.275842, -0.506765, 0.816763,
		0.922305, -0.099739, -0.373370,
		0.270674, 0.856295, 0.439879,
		27.661062, 35.821224, 33.514221>
	pigment { color rgbt <0,1,1,0> }
	no_shadow
}
cylinder {
	<28.149912, 35.137363, 33.394138>,  <27.471592, 35.221817, 33.206303>, 0.130000
	pigment { color rgbt <1,0,0,0> }
	no_shadow
}

// nucleotide -1

// particle -1
sphere {
	<28.149912, 35.137363, 33.394138> 0.250000
	pigment { color rgbt <1,0,0,0> }
	no_shadow
}
cylinder {
	<27.936842, 35.383415, 33.626644>,  <27.809000, 35.531048, 33.766148>, 0.100000
	pigment { color rgbt <1,0,0,0> }
	no_shadow
}
cylinder {
	<27.936842, 35.383415, 33.626644>,  <28.149912, 35.137363, 33.394138>, 0.100000
	pigment { color rgbt <1,0,0,0> }
	no_shadow
}

// particle -1
sphere {
	<27.936842, 35.383415, 33.626644> 0.100000
	pigment { color rgbt <1,0,0,0> }
	no_shadow
}
sphere {
	0, 1
	scale<0.080000,0.200000,0.300000>
	matrix <0.148726, -0.608087, 0.779815,
		0.833149, 0.501837, 0.232427,
		-0.532676, 0.615134, 0.581263,
		27.777039, 35.567955, 33.801022>
	pigment { color rgbt <0,1,1,0> }
	no_shadow
}
cylinder {
	<27.745192, 34.550087, 33.529434>,  <28.149912, 35.137363, 33.394138>, 0.130000
	pigment { color rgbt <1,0,0,0> }
	no_shadow
}

// nucleotide -1

// particle -1
sphere {
	<27.745192, 34.550087, 33.529434> 0.250000
	pigment { color rgbt <1,0,0,0> }
	no_shadow
}
cylinder {
	<27.734049, 34.384953, 33.165283>,  <27.727364, 34.285873, 32.946793>, 0.100000
	pigment { color rgbt <1,0,0,0> }
	no_shadow
}
cylinder {
	<27.734049, 34.384953, 33.165283>,  <27.745192, 34.550087, 33.529434>, 0.100000
	pigment { color rgbt <1,0,0,0> }
	no_shadow
}

// particle -1
sphere {
	<27.734049, 34.384953, 33.165283> 0.100000
	pigment { color rgbt <1,0,0,0> }
	no_shadow
}
sphere {
	0, 1
	scale<0.080000,0.200000,0.300000>
	matrix <0.960113, -0.264535, 0.090583,
		-0.278223, -0.871542, 0.403740,
		-0.027857, -0.412838, -0.910379,
		27.725693, 34.261101, 32.892170>
	pigment { color rgbt <0,1,1,0> }
	no_shadow
}
cylinder {
	<27.996338, 33.765369, 33.437992>,  <27.745192, 34.550087, 33.529434>, 0.130000
	pigment { color rgbt <1,0,0,0> }
	no_shadow
}

// nucleotide -1

// particle -1
sphere {
	<27.996338, 33.765369, 33.437992> 0.250000
	pigment { color rgbt <1,0,0,0> }
	no_shadow
}
cylinder {
	<28.022573, 33.918438, 33.069370>,  <28.038315, 34.010281, 32.848198>, 0.100000
	pigment { color rgbt <1,0,0,0> }
	no_shadow
}
cylinder {
	<28.022573, 33.918438, 33.069370>,  <27.996338, 33.765369, 33.437992>, 0.100000
	pigment { color rgbt <1,0,0,0> }
	no_shadow
}

// particle -1
sphere {
	<28.022573, 33.918438, 33.069370> 0.100000
	pigment { color rgbt <1,0,0,0> }
	no_shadow
}
sphere {
	0, 1
	scale<0.080000,0.200000,0.300000>
	matrix <0.918226, -0.384649, -0.094371,
		-0.390588, -0.840005, -0.376608,
		0.065589, 0.382671, -0.921553,
		28.042250, 34.033237, 32.792904>
	pigment { color rgbt <0,1,1,0> }
	no_shadow
}
cylinder {
	<28.632549, 33.426167, 33.174522>,  <27.996338, 33.765369, 33.437992>, 0.130000
	pigment { color rgbt <1,0,0,0> }
	no_shadow
}

// nucleotide -1

// particle -1
sphere {
	<28.632549, 33.426167, 33.174522> 0.250000
	pigment { color rgbt <1,0,0,0> }
	no_shadow
}
cylinder {
	<28.559376, 33.717552, 32.910442>,  <28.515471, 33.892384, 32.751995>, 0.100000
	pigment { color rgbt <1,0,0,0> }
	no_shadow
}
cylinder {
	<28.559376, 33.717552, 32.910442>,  <28.632549, 33.426167, 33.174522>, 0.100000
	pigment { color rgbt <1,0,0,0> }
	no_shadow
}

// particle -1
sphere {
	<28.559376, 33.717552, 32.910442> 0.100000
	pigment { color rgbt <1,0,0,0> }
	no_shadow
}
sphere {
	0, 1
	scale<0.080000,0.200000,0.300000>
	matrix <0.938268, -0.071166, -0.338508,
		-0.293576, -0.681374, -0.670479,
		-0.182935, 0.728467, -0.660205,
		28.504496, 33.936092, 32.712379>
	pigment { color rgbt <0,1,1,0> }
	no_shadow
}
cylinder {
	<28.831038, 33.140583, 32.427208>,  <28.632549, 33.426167, 33.174522>, 0.130000
	pigment { color rgbt <1,0,0,0> }
	no_shadow
}

// nucleotide -1

// particle -1
sphere {
	<28.831038, 33.140583, 32.427208> 0.250000
	pigment { color rgbt <1,0,0,0> }
	no_shadow
}
cylinder {
	<28.867565, 33.535610, 32.478394>,  <28.889482, 33.772625, 32.509106>, 0.100000
	pigment { color rgbt <1,0,0,0> }
	no_shadow
}
cylinder {
	<28.867565, 33.535610, 32.478394>,  <28.831038, 33.140583, 32.427208>, 0.100000
	pigment { color rgbt <1,0,0,0> }
	no_shadow
}

// particle -1
sphere {
	<28.867565, 33.535610, 32.478394> 0.100000
	pigment { color rgbt <1,0,0,0> }
	no_shadow
}
sphere {
	0, 1
	scale<0.080000,0.200000,0.300000>
	matrix <0.978036, -0.064767, -0.198119,
		-0.187367, 0.143248, -0.971789,
		0.091320, 0.987565, 0.127966,
		28.894960, 33.831879, 32.516785>
	pigment { color rgbt <0,1,1,0> }
	no_shadow
}
cylinder {
	<29.408932, 33.147144, 32.961815>,  <28.831038, 33.140583, 32.427208>, 0.130000
	pigment { color rgbt <1,0,0,0> }
	no_shadow
}

// nucleotide -1

// particle -1
sphere {
	<29.408932, 33.147144, 32.961815> 0.250000
	pigment { color rgbt <1,0,0,0> }
	no_shadow
}
cylinder {
	<29.323830, 33.329887, 32.616325>,  <29.272768, 33.439533, 32.409031>, 0.100000
	pigment { color rgbt <1,0,0,0> }
	no_shadow
}
cylinder {
	<29.323830, 33.329887, 32.616325>,  <29.408932, 33.147144, 32.961815>, 0.100000
	pigment { color rgbt <1,0,0,0> }
	no_shadow
}

// particle -1
sphere {
	<29.323830, 33.329887, 32.616325> 0.100000
	pigment { color rgbt <1,0,0,0> }
	no_shadow
}
sphere {
	0, 1
	scale<0.080000,0.200000,0.300000>
	matrix <0.867309, -0.318813, -0.382272,
		-0.450010, -0.830446, -0.328405,
		-0.212757, 0.456855, -0.863723,
		29.260002, 33.466946, 32.357208>
	pigment { color rgbt <0,1,1,0> }
	no_shadow
}
cylinder {
	<29.649126, 32.667927, 32.528728>,  <29.408932, 33.147144, 32.961815>, 0.130000
	pigment { color rgbt <1,0,0,0> }
	no_shadow
}

// nucleotide -1

// particle -1
sphere {
	<29.649126, 32.667927, 32.528728> 0.250000
	pigment { color rgbt <1,0,0,0> }
	no_shadow
}
cylinder {
	<29.587368, 33.000313, 32.314941>,  <29.550314, 33.199745, 32.186668>, 0.100000
	pigment { color rgbt <1,0,0,0> }
	no_shadow
}
cylinder {
	<29.587368, 33.000313, 32.314941>,  <29.649126, 32.667927, 32.528728>, 0.100000
	pigment { color rgbt <1,0,0,0> }
	no_shadow
}

// particle -1
sphere {
	<29.587368, 33.000313, 32.314941> 0.100000
	pigment { color rgbt <1,0,0,0> }
	no_shadow
}
sphere {
	0, 1
	scale<0.080000,0.200000,0.300000>
	matrix <0.788465, -0.222357, -0.573481,
		-0.595387, -0.509948, -0.620860,
		-0.154393, 0.830970, -0.534464,
		29.541050, 33.249603, 32.154602>
	pigment { color rgbt <0,1,1,0> }
	no_shadow
}
cylinder {
	<29.713106, 32.517479, 31.880131>,  <29.649126, 32.667927, 32.528728>, 0.130000
	pigment { color rgbt <1,0,0,0> }
	no_shadow
}

// nucleotide -1

// particle -1
sphere {
	<29.713106, 32.517479, 31.880131> 0.250000
	pigment { color rgbt <1,0,0,0> }
	no_shadow
}
cylinder {
	<29.792086, 32.906445, 31.830446>,  <29.839474, 33.139824, 31.800636>, 0.100000
	pigment { color rgbt <1,0,0,0> }
	no_shadow
}
cylinder {
	<29.792086, 32.906445, 31.830446>,  <29.713106, 32.517479, 31.880131>, 0.100000
	pigment { color rgbt <1,0,0,0> }
	no_shadow
}

// particle -1
sphere {
	<29.792086, 32.906445, 31.830446> 0.100000
	pigment { color rgbt <1,0,0,0> }
	no_shadow
}
sphere {
	0, 1
	scale<0.080000,0.200000,0.300000>
	matrix <0.743363, -0.231118, -0.627691,
		-0.639082, 0.031603, -0.768489,
		0.197449, 0.972412, -0.124211,
		29.851320, 33.198170, 31.793182>
	pigment { color rgbt <0,1,1,0> }
	no_shadow
}
cylinder {
	<29.729979, 32.777737, 31.145498>,  <29.713106, 32.517479, 31.880131>, 0.130000
	pigment { color rgbt <1,0,0,0> }
	no_shadow
}

// nucleotide -1

// particle -1
sphere {
	<29.729979, 32.777737, 31.145498> 0.250000
	pigment { color rgbt <1,0,0,0> }
	no_shadow
}
cylinder {
	<29.981470, 32.970772, 31.389404>,  <30.132364, 33.086594, 31.535748>, 0.100000
	pigment { color rgbt <1,0,0,0> }
	no_shadow
}
cylinder {
	<29.981470, 32.970772, 31.389404>,  <29.729979, 32.777737, 31.145498>, 0.100000
	pigment { color rgbt <1,0,0,0> }
	no_shadow
}

// particle -1
sphere {
	<29.981470, 32.970772, 31.389404> 0.100000
	pigment { color rgbt <1,0,0,0> }
	no_shadow
}
sphere {
	0, 1
	scale<0.080000,0.200000,0.300000>
	matrix <0.749710, -0.167963, -0.640096,
		-0.206483, 0.859593, -0.467402,
		0.628728, 0.482585, 0.609764,
		30.170088, 33.115547, 31.572334>
	pigment { color rgbt <0,1,1,0> }
	no_shadow
}
cylinder {
	<30.202345, 32.167049, 31.121572>,  <29.729979, 32.777737, 31.145498>, 0.130000
	pigment { color rgbt <1,0,0,0> }
	no_shadow
}

// nucleotide -1

// particle -1
sphere {
	<30.202345, 32.167049, 31.121572> 0.250000
	pigment { color rgbt <1,0,0,0> }
	no_shadow
}
cylinder {
	<30.240179, 31.854042, 31.367733>,  <30.262880, 31.666237, 31.515429>, 0.100000
	pigment { color rgbt <1,0,0,0> }
	no_shadow
}
cylinder {
	<30.240179, 31.854042, 31.367733>,  <30.202345, 32.167049, 31.121572>, 0.100000
	pigment { color rgbt <1,0,0,0> }
	no_shadow
}

// particle -1
sphere {
	<30.240179, 31.854042, 31.367733> 0.100000
	pigment { color rgbt <1,0,0,0> }
	no_shadow
}
sphere {
	0, 1
	scale<0.080000,0.200000,0.300000>
	matrix <0.995465, 0.080649, -0.050452,
		-0.010152, 0.617383, 0.786597,
		0.094587, -0.782517, 0.615402,
		30.268555, 31.619287, 31.552353>
	pigment { color rgbt <0,1,1,0> }
	no_shadow
}
cylinder {
	<30.639851, 32.512798, 31.626690>,  <30.202345, 32.167049, 31.121572>, 0.130000
	pigment { color rgbt <1,0,0,0> }
	no_shadow
}

// nucleotide -1

// particle -1
sphere {
	<30.639851, 32.512798, 31.626690> 0.250000
	pigment { color rgbt <1,0,0,0> }
	no_shadow
}
cylinder {
	<30.636595, 32.113327, 31.606365>,  <30.634642, 31.873646, 31.594170>, 0.100000
	pigment { color rgbt <1,0,0,0> }
	no_shadow
}
cylinder {
	<30.636595, 32.113327, 31.606365>,  <30.639851, 32.512798, 31.626690>, 0.100000
	pigment { color rgbt <1,0,0,0> }
	no_shadow
}

// particle -1
sphere {
	<30.636595, 32.113327, 31.606365> 0.100000
	pigment { color rgbt <1,0,0,0> }
	no_shadow
}
sphere {
	0, 1
	scale<0.080000,0.200000,0.300000>
	matrix <0.999072, -0.005973, -0.042657,
		0.042297, -0.051113, 0.997797,
		-0.008140, -0.998675, -0.050813,
		30.634153, 31.813725, 31.591122>
	pigment { color rgbt <0,1,1,0> }
	no_shadow
}
cylinder {
	<31.238550, 32.217518, 32.122566>,  <30.639851, 32.512798, 31.626690>, 0.130000
	pigment { color rgbt <1,0,0,0> }
	no_shadow
}

// nucleotide -1

// particle -1
sphere {
	<31.238550, 32.217518, 32.122566> 0.250000
	pigment { color rgbt <1,0,0,0> }
	no_shadow
}
cylinder {
	<31.140734, 31.941050, 31.850542>,  <31.082045, 31.775167, 31.687328>, 0.100000
	pigment { color rgbt <1,0,0,0> }
	no_shadow
}
cylinder {
	<31.140734, 31.941050, 31.850542>,  <31.238550, 32.217518, 32.122566>, 0.100000
	pigment { color rgbt <1,0,0,0> }
	no_shadow
}

// particle -1
sphere {
	<31.140734, 31.941050, 31.850542> 0.100000
	pigment { color rgbt <1,0,0,0> }
	no_shadow
}
sphere {
	0, 1
	scale<0.080000,0.200000,0.300000>
	matrix <0.968777, -0.144591, -0.201405,
		0.040876, -0.708077, 0.704952,
		-0.244540, -0.691174, -0.680058,
		31.067371, 31.733698, 31.646524>
	pigment { color rgbt <0,1,1,0> }
	no_shadow
}
cylinder {
	<32.004047, 32.059441, 32.052166>,  <31.238550, 32.217518, 32.122566>, 0.130000
	pigment { color rgbt <1,0,0,0> }
	no_shadow
}

// nucleotide -1

// particle -1
sphere {
	<32.004047, 32.059441, 32.052166> 0.250000
	pigment { color rgbt <1,0,0,0> }
	no_shadow
}
cylinder {
	<31.973965, 32.444885, 31.949556>,  <31.955914, 32.676151, 31.887991>, 0.100000
	pigment { color rgbt <1,0,0,0> }
	no_shadow
}
cylinder {
	<31.973965, 32.444885, 31.949556>,  <32.004047, 32.059441, 32.052166>, 0.100000
	pigment { color rgbt <1,0,0,0> }
	no_shadow
}

// particle -1
sphere {
	<31.973965, 32.444885, 31.949556> 0.100000
	pigment { color rgbt <1,0,0,0> }
	no_shadow
}
sphere {
	0, 1
	scale<0.080000,0.200000,0.300000>
	matrix <0.781260, -0.102918, -0.615662,
		-0.619658, -0.246716, -0.745088,
		-0.075211, 0.963607, -0.256523,
		31.951401, 32.733967, 31.872599>
	pigment { color rgbt <0,1,1,0> }
	no_shadow
}
cylinder {
	<31.683849, 32.156342, 31.355188>,  <32.004047, 32.059441, 32.052166>, 0.130000
	pigment { color rgbt <1,0,0,0> }
	no_shadow
}

// nucleotide -1

// particle -1
sphere {
	<31.683849, 32.156342, 31.355188> 0.250000
	pigment { color rgbt <1,0,0,0> }
	no_shadow
}
cylinder {
	<31.979639, 32.388157, 31.492195>,  <32.157112, 32.527245, 31.574398>, 0.100000
	pigment { color rgbt <1,0,0,0> }
	no_shadow
}
cylinder {
	<31.979639, 32.388157, 31.492195>,  <31.683849, 32.156342, 31.355188>, 0.100000
	pigment { color rgbt <1,0,0,0> }
	no_shadow
}

// particle -1
sphere {
	<31.979639, 32.388157, 31.492195> 0.100000
	pigment { color rgbt <1,0,0,0> }
	no_shadow
}
sphere {
	0, 1
	scale<0.080000,0.200000,0.300000>
	matrix <0.669607, -0.580830, -0.462885,
		-0.069315, 0.571642, -0.817570,
		0.739474, 0.579536, 0.342515,
		32.201481, 32.562019, 31.594950>
	pigment { color rgbt <0,1,1,0> }
	no_shadow
}
cylinder {
	<32.047710, 32.430389, 30.752254>,  <31.683849, 32.156342, 31.355188>, 0.130000
	pigment { color rgbt <1,0,0,0> }
	no_shadow
}

// nucleotide -1

// particle -1
sphere {
	<32.047710, 32.430389, 30.752254> 0.250000
	pigment { color rgbt <1,0,0,0> }
	no_shadow
}
cylinder {
	<32.294865, 32.437904, 31.066671>,  <32.443157, 32.442413, 31.255322>, 0.100000
	pigment { color rgbt <1,0,0,0> }
	no_shadow
}
cylinder {
	<32.294865, 32.437904, 31.066671>,  <32.047710, 32.430389, 30.752254>, 0.100000
	pigment { color rgbt <1,0,0,0> }
	no_shadow
}

// particle -1
sphere {
	<32.294865, 32.437904, 31.066671> 0.100000
	pigment { color rgbt <1,0,0,0> }
	no_shadow
}
sphere {
	0, 1
	scale<0.080000,0.200000,0.300000>
	matrix <0.565251, -0.705526, -0.427462,
		0.546543, 0.708434, -0.446555,
		0.617885, 0.018789, 0.786044,
		32.480228, 32.443542, 31.302485>
	pigment { color rgbt <0,1,1,0> }
	no_shadow
}
cylinder {
	<32.734924, 32.120827, 30.290125>,  <32.047710, 32.430389, 30.752254>, 0.130000
	pigment { color rgbt <1,0,0,0> }
	no_shadow
}

// nucleotide -1

// particle -1
sphere {
	<32.734924, 32.120827, 30.290125> 0.250000
	pigment { color rgbt <1,0,0,0> }
	no_shadow
}
cylinder {
	<32.851669, 32.486809, 30.178648>,  <32.921715, 32.706398, 30.111761>, 0.100000
	pigment { color rgbt <1,0,0,0> }
	no_shadow
}
cylinder {
	<32.851669, 32.486809, 30.178648>,  <32.734924, 32.120827, 30.290125>, 0.100000
	pigment { color rgbt <1,0,0,0> }
	no_shadow
}

// particle -1
sphere {
	<32.851669, 32.486809, 30.178648> 0.100000
	pigment { color rgbt <1,0,0,0> }
	no_shadow
}
sphere {
	0, 1
	scale<0.080000,0.200000,0.300000>
	matrix <0.873939, -0.373507, -0.311003,
		-0.388649, -0.152790, -0.908629,
		0.291861, 0.914958, -0.278692,
		32.939228, 32.761295, 30.095039>
	pigment { color rgbt <0,1,1,0> }
	no_shadow
}
cylinder {
	<33.012344, 32.071335, 29.715359>,  <32.734924, 32.120827, 30.290125>, 0.130000
	pigment { color rgbt <1,0,0,0> }
	no_shadow
}

// nucleotide -1

// particle -1
sphere {
	<33.012344, 32.071335, 29.715359> 0.250000
	pigment { color rgbt <1,0,0,0> }
	no_shadow
}
cylinder {
	<33.178997, 32.425144, 29.799297>,  <33.278988, 32.637428, 29.849661>, 0.100000
	pigment { color rgbt <1,0,0,0> }
	no_shadow
}
cylinder {
	<33.178997, 32.425144, 29.799297>,  <33.012344, 32.071335, 29.715359>, 0.100000
	pigment { color rgbt <1,0,0,0> }
	no_shadow
}

// particle -1
sphere {
	<33.178997, 32.425144, 29.799297> 0.100000
	pigment { color rgbt <1,0,0,0> }
	no_shadow
}
sphere {
	0, 1
	scale<0.080000,0.200000,0.300000>
	matrix <0.907852, -0.392867, -0.146492,
		-0.047133, 0.251544, -0.966697,
		0.416633, 0.884523, 0.209848,
		33.303986, 32.690502, 29.862251>
	pigment { color rgbt <0,1,1,0> }
	no_shadow
}
cylinder {
	<33.627907, 32.005623, 29.319746>,  <33.012344, 32.071335, 29.715359>, 0.130000
	pigment { color rgbt <1,0,0,0> }
	no_shadow
}

// nucleotide -1

// particle -1
sphere {
	<33.627907, 32.005623, 29.319746> 0.250000
	pigment { color rgbt <1,0,0,0> }
	no_shadow
}
cylinder {
	<33.689812, 32.285793, 29.598444>,  <33.726955, 32.453896, 29.765663>, 0.100000
	pigment { color rgbt <1,0,0,0> }
	no_shadow
}
cylinder {
	<33.689812, 32.285793, 29.598444>,  <33.627907, 32.005623, 29.319746>, 0.100000
	pigment { color rgbt <1,0,0,0> }
	no_shadow
}

// particle -1
sphere {
	<33.689812, 32.285793, 29.598444> 0.100000
	pigment { color rgbt <1,0,0,0> }
	no_shadow
}
sphere {
	0, 1
	scale<0.080000,0.200000,0.300000>
	matrix <0.986536, -0.071820, -0.146930,
		-0.052873, 0.710104, -0.702109,
		0.154760, 0.700425, 0.696746,
		33.736240, 32.495922, 29.807468>
	pigment { color rgbt <0,1,1,0> }
	no_shadow
}
cylinder {
	<33.933910, 32.124508, 30.099869>,  <33.627907, 32.005623, 29.319746>, 0.130000
	pigment { color rgbt <1,0,0,0> }
	no_shadow
}

// nucleotide -1

// particle -1
sphere {
	<33.933910, 32.124508, 30.099869> 0.250000
	pigment { color rgbt <1,0,0,0> }
	no_shadow
}
cylinder {
	<34.148075, 32.331028, 29.832506>,  <34.276573, 32.454941, 29.672089>, 0.100000
	pigment { color rgbt <1,0,0,0> }
	no_shadow
}
cylinder {
	<34.148075, 32.331028, 29.832506>,  <33.933910, 32.124508, 30.099869>, 0.100000
	pigment { color rgbt <1,0,0,0> }
	no_shadow
}

// particle -1
sphere {
	<34.148075, 32.331028, 29.832506> 0.100000
	pigment { color rgbt <1,0,0,0> }
	no_shadow
}
sphere {
	0, 1
	scale<0.080000,0.200000,0.300000>
	matrix <-0.247827, 0.852598, 0.460064,
		0.807412, -0.080676, 0.584446,
		0.535414, 0.516303, -0.668404,
		34.308697, 32.485920, 29.631985>
	pigment { color rgbt <0,1,1,0> }
	no_shadow
}
cylinder {
	<34.359509, 32.525520, 30.600210>,  <33.933910, 32.124508, 30.099869>, 0.130000
	pigment { color rgbt <1,0,0,0> }
	no_shadow
}

// nucleotide -1

// particle -1
sphere {
	<34.359509, 32.525520, 30.600210> 0.250000
	pigment { color rgbt <1,0,0,0> }
	no_shadow
}
cylinder {
	<34.295887, 32.687992, 30.240273>,  <34.257713, 32.785477, 30.024309>, 0.100000
	pigment { color rgbt <1,0,0,0> }
	no_shadow
}
cylinder {
	<34.295887, 32.687992, 30.240273>,  <34.359509, 32.525520, 30.600210>, 0.100000
	pigment { color rgbt <1,0,0,0> }
	no_shadow
}

// particle -1
sphere {
	<34.295887, 32.687992, 30.240273> 0.100000
	pigment { color rgbt <1,0,0,0> }
	no_shadow
}
sphere {
	0, 1
	scale<0.080000,0.200000,0.300000>
	matrix <-0.676329, 0.619159, 0.399024,
		0.719223, 0.672056, 0.176235,
		-0.159049, 0.406180, -0.899845,
		34.248173, 32.809845, 29.970320>
	pigment { color rgbt <0,1,1,0> }
	no_shadow
}
cylinder {
	<34.247887, 33.311825, 30.745499>,  <34.359509, 32.525520, 30.600210>, 0.130000
	pigment { color rgbt <1,0,0,0> }
	no_shadow
}

// nucleotide -1

// particle -1
sphere {
	<34.247887, 33.311825, 30.745499> 0.250000
	pigment { color rgbt <1,0,0,0> }
	no_shadow
}
cylinder {
	<34.096836, 33.230633, 30.384125>,  <34.006207, 33.181915, 30.167301>, 0.100000
	pigment { color rgbt <1,0,0,0> }
	no_shadow
}
cylinder {
	<34.096836, 33.230633, 30.384125>,  <34.247887, 33.311825, 30.745499>, 0.100000
	pigment { color rgbt <1,0,0,0> }
	no_shadow
}

// particle -1
sphere {
	<34.096836, 33.230633, 30.384125> 0.100000
	pigment { color rgbt <1,0,0,0> }
	no_shadow
}
sphere {
	0, 1
	scale<0.080000,0.200000,0.300000>
	matrix <-0.727747, 0.668325, 0.154032,
