// switches for output
#declare DRAW_BASES = 1; // possible values are 0, 1; only relevant for DNA ribbons
#declare DRAW_BASES_TYPE = 3; // possible values are 1, 2, 3; only relevant for DNA ribbons
#declare DRAW_FOG = 0; // set to 1 to enable fog

#include "colors.inc"

#include "transforms.inc"
background { rgb <1, 1, 1>}

#default {
   normal{
       ripples 0.25
       frequency 0.20
       turbulence 0.2
       lambda 5
   }
	finish {
		phong 0.1
		phong_size 40.
	}
}

// original window dimensions: 1024x640


// camera settings

camera {
	sky <0, 0.179814, -0.983701>
	up <0, 0.179814, -0.983701>
	right 1.6 * <1, 0, 0>
	location <35, 94.9851, 44.8844>
	look_at <35, 29.7336, 32.9568>
	direction <0, -65.2515, -11.9276>
	angle 67.0682
}


# declare cpy_camera_pos = <35, 94.9851, 44.8844>;
# if (DRAW_FOG = 1)
fog {
	fog_type 2
	up vnormalize(cpy_camera_pos)
	color rgbt<1,1,1,0.3>
	distance 1e-5
	fog_alt 3e-3
	fog_offset 56
}
# end


// LIGHTS

# declare lum = 6;
global_settings {
	ambient_light rgb lum * <0.05, 0.05, 0.05>
	max_trace_level 15
}# declare cpy_direct_light_amount = 0.25;
light_source
{	1000 * <-1, -1.16352, -0.803886>,
	rgb lum * cpy_direct_light_amount
	parallel
}

light_source
{	1000 * <1, 1.16352, 0.803886>,
	rgb lum * cpy_direct_light_amount
	parallel
}

// strand 0

// nucleotide -1

// particle -1
sphere {
	<24.424503, 35.089825, 34.867535> 0.250000
	pigment { color rgbt <1,0,0,0> }
	no_shadow
}
cylinder {
	<24.254694, 34.754696, 35.004841>,  <24.152807, 34.553619, 35.087223>, 0.100000
	pigment { color rgbt <1,0,0,0> }
	no_shadow
}
cylinder {
	<24.254694, 34.754696, 35.004841>,  <24.424503, 35.089825, 34.867535>, 0.100000
	pigment { color rgbt <1,0,0,0> }
	no_shadow
}

// particle -1
sphere {
	<24.254694, 34.754696, 35.004841> 0.100000
	pigment { color rgbt <1,0,0,0> }
	no_shadow
}
sphere {
	0, 1
	scale<0.080000,0.200000,0.300000>
	matrix <0.736473, -0.099000, 0.669184,
		-0.526675, 0.536890, 0.659062,
		-0.424525, -0.837824, 0.343264,
		24.127337, 34.503349, 35.107819>
	pigment { color rgbt <0,1,1,0> }
	no_shadow
}
cylinder {
	<24.293011, 35.110714, 35.610535>,  <24.424503, 35.089825, 34.867535>, 0.130000
	pigment { color rgbt <1,0,0,0> }
	no_shadow
}

// nucleotide -1

// particle -1
sphere {
	<24.293011, 35.110714, 35.610535> 0.250000
	pigment { color rgbt <1,0,0,0> }
	no_shadow
}
cylinder {
	<24.362103, 34.737961, 35.482941>,  <24.403557, 34.514309, 35.406384>, 0.100000
	pigment { color rgbt <1,0,0,0> }
	no_shadow
}
cylinder {
	<24.362103, 34.737961, 35.482941>,  <24.293011, 35.110714, 35.610535>, 0.100000
	pigment { color rgbt <1,0,0,0> }
	no_shadow
}

// particle -1
sphere {
	<24.362103, 34.737961, 35.482941> 0.100000
	pigment { color rgbt <1,0,0,0> }
	no_shadow
}
sphere {
	0, 1
	scale<0.080000,0.200000,0.300000>
	matrix <0.844707, -0.026419, 0.534576,
		-0.506592, -0.361788, 0.782608,
		0.172728, -0.931886, -0.318988,
		24.413921, 34.458397, 35.387245>
	pigment { color rgbt <0,1,1,0> }
	no_shadow
}
cylinder {
	<24.569061, 34.745594, 36.156216>,  <24.293011, 35.110714, 35.610535>, 0.130000
	pigment { color rgbt <1,0,0,0> }
	no_shadow
}

// nucleotide -1

// particle -1
sphere {
	<24.569061, 34.745594, 36.156216> 0.250000
	pigment { color rgbt <1,0,0,0> }
	no_shadow
}
cylinder {
	<24.681005, 34.590660, 35.804840>,  <24.748173, 34.497700, 35.594017>, 0.100000
	pigment { color rgbt <1,0,0,0> }
	no_shadow
}
cylinder {
	<24.681005, 34.590660, 35.804840>,  <24.569061, 34.745594, 36.156216>, 0.100000
	pigment { color rgbt <1,0,0,0> }
	no_shadow
}

// particle -1
sphere {
	<24.681005, 34.590660, 35.804840> 0.100000
	pigment { color rgbt <1,0,0,0> }
	no_shadow
}
sphere {
	0, 1
	scale<0.080000,0.200000,0.300000>
	matrix <0.925728, -0.133562, 0.353821,
		-0.254373, -0.912213, 0.321188,
		0.279861, -0.387335, -0.878436,
		24.764963, 34.474461, 35.541309>
	pigment { color rgbt <0,1,1,0> }
	no_shadow
}
cylinder {
	<24.657719, 34.711517, 36.803490>,  <24.569061, 34.745594, 36.156216>, 0.130000
	pigment { color rgbt <1,0,0,0> }
	no_shadow
}

// nucleotide -1

// particle -1
sphere {
	<24.657719, 34.711517, 36.803490> 0.250000
	pigment { color rgbt <1,0,0,0> }
	no_shadow
}
cylinder {
	<24.346563, 34.488392, 36.919243>,  <24.159870, 34.354519, 36.988693>, 0.100000
	pigment { color rgbt <1,0,0,0> }
	no_shadow
}
cylinder {
	<24.346563, 34.488392, 36.919243>,  <24.657719, 34.711517, 36.803490>, 0.100000
	pigment { color rgbt <1,0,0,0> }
	no_shadow
}

// particle -1
sphere {
	<24.346563, 34.488392, 36.919243> 0.100000
	pigment { color rgbt <1,0,0,0> }
	no_shadow
}
sphere {
	0, 1
	scale<0.080000,0.200000,0.300000>
	matrix <0.446364, -0.166331, 0.879258,
		-0.442326, 0.813131, 0.378373,
		-0.777886, -0.557810, 0.289380,
		24.113197, 34.321049, 37.006058>
	pigment { color rgbt <0,1,1,0> }
	no_shadow
}
cylinder {
	<24.509075, 34.947872, 37.529572>,  <24.657719, 34.711517, 36.803490>, 0.130000
	pigment { color rgbt <1,0,0,0> }
	no_shadow
}

// nucleotide -1

// particle -1
sphere {
	<24.509075, 34.947872, 37.529572> 0.250000
	pigment { color rgbt <1,0,0,0> }
	no_shadow
}
cylinder {
	<24.434671, 34.567650, 37.430092>,  <24.390028, 34.339516, 37.370403>, 0.100000
	pigment { color rgbt <1,0,0,0> }
	no_shadow
}
cylinder {
	<24.434671, 34.567650, 37.430092>,  <24.509075, 34.947872, 37.529572>, 0.100000
	pigment { color rgbt <1,0,0,0> }
	no_shadow
}

// particle -1
sphere {
	<24.434671, 34.567650, 37.430092> 0.100000
	pigment { color rgbt <1,0,0,0> }
	no_shadow
}
sphere {
	0, 1
	scale<0.080000,0.200000,0.300000>
	matrix <0.412870, -0.305299, 0.858097,
		-0.891593, 0.056937, 0.449244,
		-0.186011, -0.950553, -0.248695,
		24.378868, 34.282482, 37.355484>
	pigment { color rgbt <0,1,1,0> }
	no_shadow
}
cylinder {
	<24.015263, 34.594051, 38.012943>,  <24.509075, 34.947872, 37.529572>, 0.130000
	pigment { color rgbt <1,0,0,0> }
	no_shadow
}

// nucleotide -1

// particle -1
sphere {
	<24.015263, 34.594051, 38.012943> 0.250000
	pigment { color rgbt <1,0,0,0> }
	no_shadow
}
cylinder {
	<24.286121, 34.339672, 37.864868>,  <24.448637, 34.187046, 37.776024>, 0.100000
	pigment { color rgbt <1,0,0,0> }
	no_shadow
}
cylinder {
	<24.286121, 34.339672, 37.864868>,  <24.015263, 34.594051, 38.012943>, 0.100000
	pigment { color rgbt <1,0,0,0> }
	no_shadow
}

// particle -1
sphere {
	<24.286121, 34.339672, 37.864868> 0.100000
	pigment { color rgbt <1,0,0,0> }
	no_shadow
}
sphere {
	0, 1
	scale<0.080000,0.200000,0.300000>
	matrix <0.282257, -0.240120, 0.928802,
		-0.679559, -0.733426, 0.016903,
		0.677149, -0.635947, -0.370190,
		24.489265, 34.148888, 37.753811>
	pigment { color rgbt <0,1,1,0> }
	no_shadow
}
cylinder {
	<24.060963, 34.036575, 38.494793>,  <24.015263, 34.594051, 38.012943>, 0.130000
	pigment { color rgbt <1,0,0,0> }
	no_shadow
}

// nucleotide -1

// particle -1
sphere {
	<24.060963, 34.036575, 38.494793> 0.250000
	pigment { color rgbt <1,0,0,0> }
	no_shadow
}
cylinder {
	<24.415855, 34.087357, 38.317387>,  <24.628792, 34.117825, 38.210945>, 0.100000
	pigment { color rgbt <1,0,0,0> }
	no_shadow
}
cylinder {
	<24.415855, 34.087357, 38.317387>,  <24.060963, 34.036575, 38.494793>, 0.100000
	pigment { color rgbt <1,0,0,0> }
	no_shadow
}

// particle -1
sphere {
	<24.415855, 34.087357, 38.317387> 0.100000
	pigment { color rgbt <1,0,0,0> }
	no_shadow
}
sphere {
	0, 1
	scale<0.080000,0.200000,0.300000>
	matrix <0.448455, -0.011834, 0.893727,
		0.108209, -0.991838, -0.067431,
		0.887231, 0.126949, -0.443514,
		24.682024, 34.125443, 38.184334>
	pigment { color rgbt <0,1,1,0> }
	no_shadow
}
cylinder {
	<24.573587, 33.473198, 38.703545>,  <24.060963, 34.036575, 38.494793>, 0.130000
	pigment { color rgbt <1,0,0,0> }
	no_shadow
}

// nucleotide -1

// particle -1
sphere {
	<24.573587, 33.473198, 38.703545> 0.250000
	pigment { color rgbt <1,0,0,0> }
	no_shadow
}
cylinder {
	<24.740486, 33.827129, 38.620613>,  <24.840626, 34.039490, 38.570854>, 0.100000
	pigment { color rgbt <1,0,0,0> }
	no_shadow
}
cylinder {
	<24.740486, 33.827129, 38.620613>,  <24.573587, 33.473198, 38.703545>, 0.100000
	pigment { color rgbt <1,0,0,0> }
	no_shadow
}

// particle -1
sphere {
	<24.740486, 33.827129, 38.620613> 0.100000
	pigment { color rgbt <1,0,0,0> }
	no_shadow
}
sphere {
	0, 1
	scale<0.080000,0.200000,0.300000>
	matrix <0.410951, 0.019779, 0.911443,
		0.810570, -0.465499, -0.355368,
		0.417247, 0.884827, -0.207330,
		24.865660, 34.092579, 38.558414>
	pigment { color rgbt <0,1,1,0> }
	no_shadow
}
cylinder {
	<25.263247, 33.536533, 38.968349>,  <24.573587, 33.473198, 38.703545>, 0.130000
	pigment { color rgbt <1,0,0,0> }
	no_shadow
}

// nucleotide -1

// particle -1
sphere {
	<25.263247, 33.536533, 38.968349> 0.250000
	pigment { color rgbt <1,0,0,0> }
	no_shadow
}
cylinder {
	<25.151499, 33.917881, 38.922680>,  <25.084450, 34.146690, 38.895279>, 0.100000
	pigment { color rgbt <1,0,0,0> }
	no_shadow
}
cylinder {
	<25.151499, 33.917881, 38.922680>,  <25.263247, 33.536533, 38.968349>, 0.100000
	pigment { color rgbt <1,0,0,0> }
	no_shadow
}

// particle -1
sphere {
	<25.151499, 33.917881, 38.922680> 0.100000
	pigment { color rgbt <1,0,0,0> }
	no_shadow
}
sphere {
	0, 1
	scale<0.080000,0.200000,0.300000>
	matrix <0.251254, 0.187353, 0.949616,
		0.926727, 0.236607, -0.291879,
		-0.279371, 0.953371, -0.114176,
		25.067688, 34.203892, 38.888428>
	pigment { color rgbt <0,1,1,0> }
	no_shadow
}
cylinder {
	<25.793142, 33.957722, 39.348034>,  <25.263247, 33.536533, 38.968349>, 0.130000
	pigment { color rgbt <1,0,0,0> }
	no_shadow
}

// nucleotide -1

// particle -1
sphere {
	<25.793142, 33.957722, 39.348034> 0.250000
	pigment { color rgbt <1,0,0,0> }
	no_shadow
}
cylinder {
	<25.489508, 34.217388, 39.328545>,  <25.307327, 34.373188, 39.316853>, 0.100000
	pigment { color rgbt <1,0,0,0> }
	no_shadow
}
cylinder {
	<25.489508, 34.217388, 39.328545>,  <25.793142, 33.957722, 39.348034>, 0.100000
	pigment { color rgbt <1,0,0,0> }
	no_shadow
}

// particle -1
sphere {
	<25.489508, 34.217388, 39.328545> 0.100000
	pigment { color rgbt <1,0,0,0> }
	no_shadow
}
sphere {
	0, 1
	scale<0.080000,0.200000,0.300000>
	matrix <0.148020, 0.244998, 0.958158,
		0.633939, 0.720112, -0.282064,
		-0.759086, 0.649165, -0.048722,
		25.261782, 34.412136, 39.313927>
	pigment { color rgbt <0,1,1,0> }
	no_shadow
}
cylinder {
	<26.025669, 34.603100, 39.468857>,  <25.793142, 33.957722, 39.348034>, 0.130000
	pigment { color rgbt <1,0,0,0> }
	no_shadow
}

// nucleotide -1

// particle -1
sphere {
	<26.025669, 34.603100, 39.468857> 0.250000
	pigment { color rgbt <1,0,0,0> }
	no_shadow
}
cylinder {
	<25.640549, 34.666050, 39.556721>,  <25.409477, 34.703819, 39.609440>, 0.100000
	pigment { color rgbt <1,0,0,0> }
	no_shadow
}
cylinder {
	<25.640549, 34.666050, 39.556721>,  <26.025669, 34.603100, 39.468857>, 0.100000
	pigment { color rgbt <1,0,0,0> }
	no_shadow
}

// particle -1
sphere {
	<25.640549, 34.666050, 39.556721> 0.100000
	pigment { color rgbt <1,0,0,0> }
	no_shadow
}
sphere {
	0, 1
	scale<0.080000,0.200000,0.300000>
	matrix <0.249744, 0.207886, 0.945733,
		0.103170, 0.965410, -0.239456,
		-0.962800, 0.157374, 0.219658,
		25.351709, 34.713261, 39.622620>
	pigment { color rgbt <0,1,1,0> }
	no_shadow
}
cylinder {
	<25.918110, 35.278011, 39.850784>,  <26.025669, 34.603100, 39.468857>, 0.130000
	pigment { color rgbt <1,0,0,0> }
	no_shadow
}

// nucleotide -1

// particle -1
sphere {
	<25.918110, 35.278011, 39.850784> 0.250000
	pigment { color rgbt <1,0,0,0> }
	no_shadow
}
cylinder {
	<25.616297, 35.032135, 39.942730>,  <25.435209, 34.884609, 39.997898>, 0.100000
	pigment { color rgbt <1,0,0,0> }
	no_shadow
}
cylinder {
	<25.616297, 35.032135, 39.942730>,  <25.918110, 35.278011, 39.850784>, 0.100000
	pigment { color rgbt <1,0,0,0> }
	no_shadow
}

// particle -1
sphere {
	<25.616297, 35.032135, 39.942730> 0.100000
	pigment { color rgbt <1,0,0,0> }
	no_shadow
}
sphere {
	0, 1
	scale<0.080000,0.200000,0.300000>
	matrix <0.336652, -0.061875, 0.939594,
		-0.563336, 0.786338, 0.253623,
		-0.754531, -0.614690, 0.229866,
		25.389938, 34.847729, 40.011688>
	pigment { color rgbt <0,1,1,0> }
	no_shadow
}
cylinder {
	<25.503241, 35.493237, 40.490120>,  <25.918110, 35.278011, 39.850784>, 0.130000
	pigment { color rgbt <1,0,0,0> }
	no_shadow
}

// nucleotide -1

// particle -1
sphere {
	<25.503241, 35.493237, 40.490120> 0.250000
	pigment { color rgbt <1,0,0,0> }
	no_shadow
}
cylinder {
	<25.568953, 35.101986, 40.439075>,  <25.608379, 34.867237, 40.408451>, 0.100000
	pigment { color rgbt <1,0,0,0> }
	no_shadow
}
cylinder {
	<25.568953, 35.101986, 40.439075>,  <25.503241, 35.493237, 40.490120>, 0.100000
	pigment { color rgbt <1,0,0,0> }
	no_shadow
}

// particle -1
sphere {
	<25.568953, 35.101986, 40.439075> 0.100000
	pigment { color rgbt <1,0,0,0> }
	no_shadow
}
sphere {
	0, 1
	scale<0.080000,0.200000,0.300000>
	matrix <0.564922, -0.012758, 0.825046,
		-0.808626, -0.207627, 0.550468,
		0.164279, -0.978125, -0.127609,
		25.618237, 34.808548, 40.400791>
	pigment { color rgbt <0,1,1,0> }
	no_shadow
}
cylinder {
	<25.674118, 34.823524, 40.920124>,  <25.503241, 35.493237, 40.490120>, 0.130000
	pigment { color rgbt <1,0,0,0> }
	no_shadow
}

// nucleotide -1

// particle -1
sphere {
	<25.674118, 34.823524, 40.920124> 0.250000
	pigment { color rgbt <1,0,0,0> }
	no_shadow
}
cylinder {
	<25.302452, 34.968063, 40.888920>,  <25.079453, 35.054787, 40.870197>, 0.100000
	pigment { color rgbt <1,0,0,0> }
	no_shadow
}
cylinder {
	<25.302452, 34.968063, 40.888920>,  <25.674118, 34.823524, 40.920124>, 0.100000
	pigment { color rgbt <1,0,0,0> }
	no_shadow
}

// particle -1
sphere {
	<25.302452, 34.968063, 40.888920> 0.100000
	pigment { color rgbt <1,0,0,0> }
	no_shadow
}
sphere {
	0, 1
	scale<0.080000,0.200000,0.300000>
	matrix <-0.026752, -0.276197, -0.960728,
		-0.368704, -0.890585, 0.266299,
		-0.929162, 0.361348, -0.078010,
		25.023703, 35.076466, 40.865517>
	pigment { color rgbt <0,1,1,0> }
	no_shadow
}
cylinder {
	<25.108114, 34.369038, 40.659386>,  <25.674118, 34.823524, 40.920124>, 0.130000
	pigment { color rgbt <1,0,0,0> }
	no_shadow
}

// nucleotide -1

// particle -1
sphere {
	<25.108114, 34.369038, 40.659386> 0.250000
	pigment { color rgbt <1,0,0,0> }
	no_shadow
}
cylinder {
	<24.980822, 34.735405, 40.561546>,  <24.904446, 34.955223, 40.502842>, 0.100000
	pigment { color rgbt <1,0,0,0> }
	no_shadow
}
cylinder {
	<24.980822, 34.735405, 40.561546>,  <25.108114, 34.369038, 40.659386>, 0.100000
	pigment { color rgbt <1,0,0,0> }
	no_shadow
}

// particle -1
sphere {
	<24.980822, 34.735405, 40.561546> 0.100000
	pigment { color rgbt <1,0,0,0> }
	no_shadow
}
sphere {
	0, 1
	scale<0.080000,0.200000,0.300000>
	matrix <-0.181924, -0.312213, -0.932430,
		-0.930394, -0.252231, 0.265983,
		-0.318231, 0.915916, -0.244595,
		24.885353, 35.010181, 40.488167>
	pigment { color rgbt <0,1,1,0> }
	no_shadow
}
cylinder {
	<24.435129, 34.313755, 40.314251>,  <25.108114, 34.369038, 40.659386>, 0.130000
	pigment { color rgbt <1,0,0,0> }
	no_shadow
}

// nucleotide -1

// particle -1
sphere {
	<24.435129, 34.313755, 40.314251> 0.250000
	pigment { color rgbt <1,0,0,0> }
	no_shadow
}
cylinder {
	<24.650507, 34.628975, 40.194881>,  <24.779734, 34.818108, 40.123260>, 0.100000
	pigment { color rgbt <1,0,0,0> }
	no_shadow
}
cylinder {
	<24.650507, 34.628975, 40.194881>,  <24.435129, 34.313755, 40.314251>, 0.100000
	pigment { color rgbt <1,0,0,0> }
	no_shadow
}

// particle -1
sphere {
	<24.650507, 34.628975, 40.194881> 0.100000
	pigment { color rgbt <1,0,0,0> }
	no_shadow
}
sphere {
	0, 1
	scale<0.080000,0.200000,0.300000>
	matrix <-0.143402, -0.263283, -0.954001,
		-0.830369, 0.556472, -0.028755,
		0.538445, 0.788049, -0.298421,
		24.812040, 34.865391, 40.105354>
	pigment { color rgbt <0,1,1,0> }
	no_shadow
}
cylinder {
	<24.118107, 34.834541, 39.925644>,  <24.435129, 34.313755, 40.314251>, 0.130000
	pigment { color rgbt <1,0,0,0> }
	no_shadow
}

// nucleotide -1

// particle -1
sphere {
	<24.118107, 34.834541, 39.925644> 0.250000
	pigment { color rgbt <1,0,0,0> }
	no_shadow
}
cylinder {
	<24.500925, 34.823742, 39.810173>,  <24.730616, 34.817261, 39.740891>, 0.100000
	pigment { color rgbt <1,0,0,0> }
	no_shadow
}
cylinder {
	<24.500925, 34.823742, 39.810173>,  <24.118107, 34.834541, 39.925644>, 0.100000
	pigment { color rgbt <1,0,0,0> }
	no_shadow
}

// particle -1
sphere {
	<24.500925, 34.823742, 39.810173> 0.100000
	pigment { color rgbt <1,0,0,0> }
	no_shadow
}
sphere {
	0, 1
	scale<0.080000,0.200000,0.300000>
	matrix <-0.283812, -0.290876, -0.913697,
		-0.059300, 0.956380, -0.286044,
		0.957044, -0.027001, -0.288681,
		24.788038, 34.815643, 39.723568>
	pigment { color rgbt <0,1,1,0> }
	no_shadow
}
cylinder {
	<24.201387, 35.131382, 39.190887>,  <24.118107, 34.834541, 39.925644>, 0.130000
	pigment { color rgbt <1,0,0,0> }
	no_shadow
}

// nucleotide -1

// particle -1
sphere {
	<24.201387, 35.131382, 39.190887> 0.250000
	pigment { color rgbt <1,0,0,0> }
	no_shadow
}
cylinder {
	<24.526539, 34.903015, 39.236980>,  <24.721630, 34.765995, 39.264637>, 0.100000
	pigment { color rgbt <1,0,0,0> }
	no_shadow
}
cylinder {
	<24.526539, 34.903015, 39.236980>,  <24.201387, 35.131382, 39.190887>, 0.100000
	pigment { color rgbt <1,0,0,0> }
	no_shadow
}

// particle -1
sphere {
	<24.526539, 34.903015, 39.236980> 0.100000
	pigment { color rgbt <1,0,0,0> }
	no_shadow
}
sphere {
	0, 1
	scale<0.080000,0.200000,0.300000>
	matrix <-0.029623, -0.238121, -0.970784,
		0.581679, 0.785715, -0.210475,
		0.812878, -0.570920, 0.115235,
		24.770403, 34.731739, 39.271549>
	pigment { color rgbt <0,1,1,0> }
	no_shadow
}
cylinder {
	<24.708752, 35.424606, 38.778873>,  <24.201387, 35.131382, 39.190887>, 0.130000
	pigment { color rgbt <1,0,0,0> }
	no_shadow
}

// nucleotide -1

// particle -1
sphere {
	<24.708752, 35.424606, 38.778873> 0.250000
	pigment { color rgbt <1,0,0,0> }
	no_shadow
}
cylinder {
	<24.810095, 35.038692, 38.807140>,  <24.870901, 34.807144, 38.824100>, 0.100000
	pigment { color rgbt <1,0,0,0> }
	no_shadow
}
cylinder {
	<24.810095, 35.038692, 38.807140>,  <24.708752, 35.424606, 38.778873>, 0.100000
	pigment { color rgbt <1,0,0,0> }
	no_shadow
}

// particle -1
sphere {
	<24.810095, 35.038692, 38.807140> 0.100000
	pigment { color rgbt <1,0,0,0> }
	no_shadow
}
sphere {
	0, 1
	scale<0.080000,0.200000,0.300000>
	matrix <0.016983, -0.068606, -0.997499,
		0.967224, 0.253924, -0.000997,
		0.253358, -0.964788, 0.070669,
		24.886103, 34.749256, 38.828342>
	pigment { color rgbt <0,1,1,0> }
	no_shadow
}
cylinder {
	<25.075703, 35.322945, 38.194778>,  <24.708752, 35.424606, 38.778873>, 0.130000
	pigment { color rgbt <1,0,0,0> }
	no_shadow
}

// nucleotide -1

// particle -1
sphere {
	<25.075703, 35.322945, 38.194778> 0.250000
	pigment { color rgbt <1,0,0,0> }
	no_shadow
}
cylinder {
	<25.029215, 34.942871, 38.310463>,  <25.001322, 34.714828, 38.379875>, 0.100000
	pigment { color rgbt <1,0,0,0> }
	no_shadow
}
cylinder {
	<25.029215, 34.942871, 38.310463>,  <25.075703, 35.322945, 38.194778>, 0.100000
	pigment { color rgbt <1,0,0,0> }
	no_shadow
}

// particle -1
sphere {
	<25.029215, 34.942871, 38.310463> 0.100000
	pigment { color rgbt <1,0,0,0> }
	no_shadow
}
sphere {
	0, 1
	scale<0.080000,0.200000,0.300000>
	matrix <-0.091662, -0.279685, -0.955706,
		0.988985, -0.137582, -0.054591,
		-0.116220, -0.950183, 0.289216,
		24.994349, 34.657818, 38.397228>
	pigment { color rgbt <0,1,1,0> }
	no_shadow
}
cylinder {
	<25.618341, 34.801064, 37.893867>,  <25.075703, 35.322945, 38.194778>, 0.130000
	pigment { color rgbt <1,0,0,0> }
	no_shadow
}

// nucleotide -1

// particle -1
sphere {
	<25.618341, 34.801064, 37.893867> 0.250000
	pigment { color rgbt <1,0,0,0> }
	no_shadow
}
cylinder {
	<25.247097, 34.672997, 37.969868>,  <25.024349, 34.596157, 38.015469>, 0.100000
	pigment { color rgbt <1,0,0,0> }
	no_shadow
}
cylinder {
	<25.247097, 34.672997, 37.969868>,  <25.618341, 34.801064, 37.893867>, 0.100000
	pigment { color rgbt <1,0,0,0> }
	no_shadow
}

// particle -1
sphere {
	<25.247097, 34.672997, 37.969868> 0.100000
	pigment { color rgbt <1,0,0,0> }
	no_shadow
}
sphere {
	0, 1
	scale<0.080000,0.200000,0.300000>
	matrix <-0.035132, -0.432755, -0.900827,
		0.370640, -0.842743, 0.390397,
		-0.928112, -0.320167, 0.190003,
		24.968664, 34.576946, 38.026867>
	pigment { color rgbt <0,1,1,0> }
	no_shadow
}
cylinder {
	<26.214546, 34.186924, 37.807697>,  <25.618341, 34.801064, 37.893867>, 0.130000
	pigment { color rgbt <1,0,0,0> }
	no_shadow
}

// nucleotide -1

// particle -1
sphere {
	<26.214546, 34.186924, 37.807697> 0.250000
	pigment { color rgbt <1,0,0,0> }
	no_shadow
}
cylinder {
	<26.522802, 34.150631, 38.060009>,  <26.707756, 34.128857, 38.211395>, 0.100000
	pigment { color rgbt <1,0,0,0> }
	no_shadow
}
cylinder {
	<26.522802, 34.150631, 38.060009>,  <26.214546, 34.186924, 37.807697>, 0.100000
	pigment { color rgbt <1,0,0,0> }
	no_shadow
}

// particle -1
sphere {
	<26.522802, 34.150631, 38.060009> 0.100000
	pigment { color rgbt <1,0,0,0> }
	no_shadow
}
sphere {
	0, 1
	scale<0.080000,0.200000,0.300000>
	matrix <0.496750, 0.705552, -0.505406,
		-0.399192, 0.702826, 0.588796,
		0.770639, -0.090730, 0.630780,
		26.753994, 34.123413, 38.249245>
	pigment { color rgbt <0,1,1,0> }
	no_shadow
}
cylinder {
	<26.521614, 34.858433, 37.822418>,  <26.214546, 34.186924, 37.807697>, 0.130000
	pigment { color rgbt <1,0,0,0> }
	no_shadow
}

// nucleotide -1

// particle -1
sphere {
	<26.521614, 34.858433, 37.822418> 0.250000
	pigment { color rgbt <1,0,0,0> }
	no_shadow
}
cylinder {
	<26.801336, 34.652946, 38.021244>,  <26.969170, 34.529655, 38.140537>, 0.100000
	pigment { color rgbt <1,0,0,0> }
	no_shadow
}
cylinder {
	<26.801336, 34.652946, 38.021244>,  <26.521614, 34.858433, 37.822418>, 0.100000
	pigment { color rgbt <1,0,0,0> }
	no_shadow
}

// particle -1
sphere {
	<26.801336, 34.652946, 38.021244> 0.100000
	pigment { color rgbt <1,0,0,0> }
	no_shadow
}
sphere {
	0, 1
	scale<0.080000,0.200000,0.300000>
	matrix <0.706901, 0.600221, -0.374201,
		-0.106116, 0.613055, 0.782881,
		0.699307, -0.513711, 0.497062,
		27.011127, 34.498833, 38.170364>
	pigment { color rgbt <0,1,1,0> }
	no_shadow
}
cylinder {
	<26.924957, 35.434521, 38.171173>,  <26.521614, 34.858433, 37.822418>, 0.130000
	pigment { color rgbt <1,0,0,0> }
	no_shadow
}

// nucleotide -1

// particle -1
sphere {
	<26.924957, 35.434521, 38.171173> 0.250000
	pigment { color rgbt <1,0,0,0> }
	no_shadow
}
cylinder {
	<27.138008, 35.096088, 38.162590>,  <27.265839, 34.893028, 38.157440>, 0.100000
	pigment { color rgbt <1,0,0,0> }
	no_shadow
}
cylinder {
	<27.138008, 35.096088, 38.162590>,  <26.924957, 35.434521, 38.171173>, 0.100000
	pigment { color rgbt <1,0,0,0> }
	no_shadow
}

// particle -1
sphere {
	<27.138008, 35.096088, 38.162590> 0.100000
	pigment { color rgbt <1,0,0,0> }
	no_shadow
}
sphere {
	0, 1
	scale<0.080000,0.200000,0.300000>
	matrix <0.822206, 0.523281, -0.223949,
		0.200709, 0.101636, 0.974364,
		0.532628, -0.846077, -0.021461,
		27.297796, 34.842266, 38.156151>
	pigment { color rgbt <0,1,1,0> }
	no_shadow
}
cylinder {
	<27.621239, 35.614643, 38.337746>,  <26.924957, 35.434521, 38.171173>, 0.130000
	pigment { color rgbt <1,0,0,0> }
	no_shadow
}

// nucleotide -1

// particle -1
sphere {
	<27.621239, 35.614643, 38.337746> 0.250000
	pigment { color rgbt <1,0,0,0> }
	no_shadow
}
cylinder {
	<27.708569, 35.248333, 38.202877>,  <27.760965, 35.028545, 38.121956>, 0.100000
	pigment { color rgbt <1,0,0,0> }
	no_shadow
}
cylinder {
	<27.708569, 35.248333, 38.202877>,  <27.621239, 35.614643, 38.337746>, 0.100000
	pigment { color rgbt <1,0,0,0> }
	no_shadow
}

// particle -1
sphere {
	<27.708569, 35.248333, 38.202877> 0.100000
	pigment { color rgbt <1,0,0,0> }
	no_shadow
}
sphere {
	0, 1
	scale<0.080000,0.200000,0.300000>
	matrix <0.941185, 0.288899, -0.175235,
		0.257886, -0.279085, 0.924990,
		0.218323, -0.915778, -0.337174,
		27.774065, 34.973598, 38.101727>
	pigment { color rgbt <0,1,1,0> }
	no_shadow
}
cylinder {
	<28.131929, 35.334846, 38.853252>,  <27.621239, 35.614643, 38.337746>, 0.130000
	pigment { color rgbt <1,0,0,0> }
	no_shadow
}

// nucleotide -1

// particle -1
sphere {
	<28.131929, 35.334846, 38.853252> 0.250000
	pigment { color rgbt <1,0,0,0> }
	no_shadow
}
cylinder {
	<28.171055, 35.217045, 38.473000>,  <28.194530, 35.146362, 38.244846>, 0.100000
	pigment { color rgbt <1,0,0,0> }
	no_shadow
}
cylinder {
	<28.171055, 35.217045, 38.473000>,  <28.131929, 35.334846, 38.853252>, 0.100000
	pigment { color rgbt <1,0,0,0> }
	no_shadow
}

// particle -1
sphere {
	<28.171055, 35.217045, 38.473000> 0.100000
	pigment { color rgbt <1,0,0,0> }
	no_shadow
}
sphere {
	0, 1
	scale<0.080000,0.200000,0.300000>
	matrix <0.936221, 0.351190, -0.012467,
		0.337523, -0.888781, 0.310074,
		0.097814, -0.294506, -0.950631,
		28.200399, 35.128693, 38.187809>
	pigment { color rgbt <0,1,1,0> }
	no_shadow
}
cylinder {
	<28.766266, 35.043846, 38.766983>,  <28.131929, 35.334846, 38.853252>, 0.130000
	pigment { color rgbt <1,0,0,0> }
	no_shadow
}

// nucleotide -1

// particle -1
sphere {
	<28.766266, 35.043846, 38.766983> 0.250000
	pigment { color rgbt <1,0,0,0> }
	no_shadow
}
cylinder {
	<28.668703, 35.114697, 38.385590>,  <28.610165, 35.157207, 38.156754>, 0.100000
	pigment { color rgbt <1,0,0,0> }
	no_shadow
}
cylinder {
	<28.668703, 35.114697, 38.385590>,  <28.766266, 35.043846, 38.766983>, 0.100000
	pigment { color rgbt <1,0,0,0> }
	no_shadow
}

// particle -1
sphere {
	<28.668703, 35.114697, 38.385590> 0.100000
	pigment { color rgbt <1,0,0,0> }
	no_shadow
}
sphere {
	0, 1
	scale<0.080000,0.200000,0.300000>
	matrix <0.966512, -0.036482, -0.254016,
		-0.079777, -0.983513, -0.162292,
		-0.243907, 0.177122, -0.953487,
		28.595531, 35.167831, 38.099545>
	pigment { color rgbt <0,1,1,0> }
	no_shadow
}
cylinder {
	<29.090317, 34.518387, 38.239162>,  <28.766266, 35.043846, 38.766983>, 0.130000
	pigment { color rgbt <1,0,0,0> }
	no_shadow
}

// nucleotide -1

// particle -1
sphere {
	<29.090317, 34.518387, 38.239162> 0.250000
	pigment { color rgbt <1,0,0,0> }
	no_shadow
}
cylinder {
	<29.008265, 34.849262, 38.029903>,  <28.959032, 35.047787, 37.904350>, 0.100000
	pigment { color rgbt <1,0,0,0> }
	no_shadow
}
cylinder {
	<29.008265, 34.849262, 38.029903>,  <29.090317, 34.518387, 38.239162>, 0.100000
	pigment { color rgbt <1,0,0,0> }
	no_shadow
}

// particle -1
sphere {
	<29.008265, 34.849262, 38.029903> 0.100000
	pigment { color rgbt <1,0,0,0> }
	no_shadow
}
sphere {
	0, 1
	scale<0.080000,0.200000,0.300000>
	matrix <0.962061, 0.072175, -0.263114,
		-0.179887, -0.557270, -0.810611,
		-0.205132, 0.827188, -0.523145,
		28.946726, 35.097420, 37.872959>
	pigment { color rgbt <0,1,1,0> }
	no_shadow
}
cylinder {
	<28.910660, 33.764973, 38.428619>,  <29.090317, 34.518387, 38.239162>, 0.130000
	pigment { color rgbt <1,0,0,0> }
	no_shadow
}

// nucleotide -1

// particle -1
sphere {
	<28.910660, 33.764973, 38.428619> 0.250000
	pigment { color rgbt <1,0,0,0> }
	no_shadow
}
cylinder {
	<29.203779, 33.770725, 38.700737>,  <29.379650, 33.774178, 38.864010>, 0.100000
	pigment { color rgbt <1,0,0,0> }
	no_shadow
}
cylinder {
	<29.203779, 33.770725, 38.700737>,  <28.910660, 33.764973, 38.428619>, 0.100000
	pigment { color rgbt <1,0,0,0> }
	no_shadow
}

// particle -1
sphere {
	<29.203779, 33.770725, 38.700737> 0.100000
	pigment { color rgbt <1,0,0,0> }
	no_shadow
}
sphere {
	0, 1
	scale<0.080000,0.200000,0.300000>
	matrix <-0.476403, -0.703013, 0.528028,
		0.485850, -0.711032, -0.508314,
		0.732796, 0.014380, 0.680296,
		29.423618, 33.775040, 38.904827>
	pigment { color rgbt <0,1,1,0> }
	no_shadow
}
cylinder {
	<28.894110, 33.055897, 38.680019>,  <28.910660, 33.764973, 38.428619>, 0.130000
	pigment { color rgbt <1,0,0,0> }
	no_shadow
}

// nucleotide -1

// particle -1
sphere {
	<28.894110, 33.055897, 38.680019> 0.250000
	pigment { color rgbt <1,0,0,0> }
	no_shadow
}
cylinder {
	<29.137999, 33.207088, 38.958694>,  <29.284332, 33.297802, 39.125900>, 0.100000
	pigment { color rgbt <1,0,0,0> }
	no_shadow
}
cylinder {
	<29.137999, 33.207088, 38.958694>,  <28.894110, 33.055897, 38.680019>, 0.100000
	pigment { color rgbt <1,0,0,0> }
	no_shadow
}

// particle -1
sphere {
	<29.137999, 33.207088, 38.958694> 0.100000
	pigment { color rgbt <1,0,0,0> }
	no_shadow
}
sphere {
	0, 1
	scale<0.080000,0.200000,0.300000>
	matrix <-0.414880, -0.596750, 0.686851,
		0.675363, -0.707829, -0.207035,
		0.609721, 0.377979, 0.696686,
		29.320915, 33.320480, 39.167702>
	pigment { color rgbt <0,1,1,0> }
	no_shadow
}
cylinder {
	<29.503958, 32.589581, 38.929684>,  <28.894110, 33.055897, 38.680019>, 0.130000
	pigment { color rgbt <1,0,0,0> }
	no_shadow
}

// nucleotide -1

// particle -1
sphere {
	<29.503958, 32.589581, 38.929684> 0.250000
	pigment { color rgbt <1,0,0,0> }
	no_shadow
}
cylinder {
	<29.319633, 32.831951, 39.189072>,  <29.209040, 32.977371, 39.344704>, 0.100000
	pigment { color rgbt <1,0,0,0> }
	no_shadow
}
cylinder {
	<29.319633, 32.831951, 39.189072>,  <29.503958, 32.589581, 38.929684>, 0.100000
	pigment { color rgbt <1,0,0,0> }
	no_shadow
}

// particle -1
sphere {
	<29.319633, 32.831951, 39.189072> 0.100000
	pigment { color rgbt <1,0,0,0> }
	no_shadow
}
sphere {
	0, 1
	scale<0.080000,0.200000,0.300000>
	matrix <-0.334914, -0.795371, 0.505191,
		0.821880, 0.015616, 0.569447,
		-0.460811, 0.605922, 0.648469,
		29.181391, 33.013729, 39.383614>
	pigment { color rgbt <0,1,1,0> }
	no_shadow
}
cylinder {
	<29.687567, 32.433743, 39.551380>,  <29.503958, 32.589581, 38.929684>, 0.130000
	pigment { color rgbt <1,0,0,0> }
	no_shadow
}

// nucleotide -1

// particle -1
sphere {
	<29.687567, 32.433743, 39.551380> 0.250000
	pigment { color rgbt <1,0,0,0> }
	no_shadow
}
cylinder {
	<29.330519, 32.610748, 39.585812>,  <29.116289, 32.716953, 39.606468>, 0.100000
	pigment { color rgbt <1,0,0,0> }
	no_shadow
}
cylinder {
	<29.330519, 32.610748, 39.585812>,  <29.687567, 32.433743, 39.551380>, 0.100000
	pigment { color rgbt <1,0,0,0> }
	no_shadow
}

// particle -1
sphere {
	<29.330519, 32.610748, 39.585812> 0.100000
	pigment { color rgbt <1,0,0,0> }
	no_shadow
}
sphere {
	0, 1
	scale<0.080000,0.200000,0.300000>
	matrix <-0.401427, -0.867106, 0.294930,
		0.205149, 0.228707, 0.951634,
		-0.892620, 0.442516, 0.086077,
		29.062733, 32.743504, 39.611633>
	pigment { color rgbt <0,1,1,0> }
	no_shadow
}
cylinder {
	<29.399511, 32.415424, 40.277531>,  <29.687567, 32.433743, 39.551380>, 0.130000
	pigment { color rgbt <1,0,0,0> }
	no_shadow
}

// nucleotide -1

// particle -1
sphere {
	<29.399511, 32.415424, 40.277531> 0.250000
	pigment { color rgbt <1,0,0,0> }
	no_shadow
}
cylinder {
	<29.118505, 32.418251, 39.992878>,  <28.949902, 32.419949, 39.822086>, 0.100000
	pigment { color rgbt <1,0,0,0> }
	no_shadow
}
cylinder {
	<29.118505, 32.418251, 39.992878>,  <29.399511, 32.415424, 40.277531>, 0.100000
	pigment { color rgbt <1,0,0,0> }
	no_shadow
}

// particle -1
sphere {
	<29.118505, 32.418251, 39.992878> 0.100000
	pigment { color rgbt <1,0,0,0> }
	no_shadow
}
sphere {
	0, 1
	scale<0.080000,0.200000,0.300000>
	matrix <-0.322876, -0.894282, 0.309856,
		-0.634213, 0.447448, 0.630527,
		-0.702513, 0.007068, -0.711635,
		28.907751, 32.420372, 39.779388>
	pigment { color rgbt <0,1,1,0> }
	no_shadow
}
cylinder {
	<28.760948, 32.373699, 40.492432>,  <29.399511, 32.415424, 40.277531>, 0.130000
	pigment { color rgbt <1,0,0,0> }
	no_shadow
}

// nucleotide -1

// particle -1
sphere {
	<28.760948, 32.373699, 40.492432> 0.250000
	pigment { color rgbt <1,0,0,0> }
	no_shadow
}
cylinder {
	<28.733263, 32.201035, 40.132679>,  <28.716652, 32.097435, 39.916828>, 0.100000
	pigment { color rgbt <1,0,0,0> }
	no_shadow
}
cylinder {
	<28.733263, 32.201035, 40.132679>,  <28.760948, 32.373699, 40.492432>, 0.100000
	pigment { color rgbt <1,0,0,0> }
	no_shadow
}

// particle -1
sphere {
	<28.733263, 32.201035, 40.132679> 0.100000
	pigment { color rgbt <1,0,0,0> }
	no_shadow
}
sphere {
	0, 1
	scale<0.080000,0.200000,0.300000>
	matrix <-0.274277, -0.858562, 0.433178,
		-0.959157, 0.276660, -0.058972,
		-0.069212, -0.431660, -0.899377,
		28.712500, 32.071537, 39.862865>
	pigment { color rgbt <0,1,1,0> }
	no_shadow
}
cylinder {
	<28.253323, 31.997005, 40.627785>,  <28.760948, 32.373699, 40.492432>, 0.130000
	pigment { color rgbt <1,0,0,0> }
	no_shadow
}

// nucleotide -1

// particle -1
sphere {
	<28.253323, 31.997005, 40.627785> 0.250000
	pigment { color rgbt <1,0,0,0> }
	no_shadow
}
cylinder {
	<28.432833, 31.833914, 40.309700>,  <28.540539, 31.736059, 40.118851>, 0.100000
	pigment { color rgbt <1,0,0,0> }
	no_shadow
}
cylinder {
	<28.432833, 31.833914, 40.309700>,  <28.253323, 31.997005, 40.627785>, 0.100000
	pigment { color rgbt <1,0,0,0> }
	no_shadow
}

// particle -1
sphere {
	<28.432833, 31.833914, 40.309700> 0.100000
	pigment { color rgbt <1,0,0,0> }
	no_shadow
}
sphere {
	0, 1
	scale<0.080000,0.200000,0.300000>
	matrix <-0.330998, -0.902399, 0.275891,
		-0.830084, 0.139399, -0.539933,
		0.448777, -0.407730, -0.795208,
		28.567465, 31.711596, 40.071136>
	pigment { color rgbt <0,1,1,0> }
	no_shadow
}
cylinder {
	<27.731941, 31.655071, 40.084431>,  <28.253323, 31.997005, 40.627785>, 0.130000
	pigment { color rgbt <1,0,0,0> }
	no_shadow
}

// nucleotide -1

// particle -1
sphere {
	<27.731941, 31.655071, 40.084431> 0.250000
	pigment { color rgbt <1,0,0,0> }
	no_shadow
}
cylinder {
	<28.095831, 31.492491, 40.118370>,  <28.314165, 31.394943, 40.138733>, 0.100000
	pigment { color rgbt <1,0,0,0> }
	no_shadow
}
cylinder {
	<28.095831, 31.492491, 40.118370>,  <27.731941, 31.655071, 40.084431>, 0.100000
	pigment { color rgbt <1,0,0,0> }
	no_shadow
}

// particle -1
sphere {
	<28.095831, 31.492491, 40.118370> 0.100000
	pigment { color rgbt <1,0,0,0> }
	no_shadow
}
sphere {
	0, 1
	scale<0.080000,0.200000,0.300000>
	matrix <-0.414079, -0.873013, 0.257657,
		-0.030655, -0.269530, -0.962504,
		0.909725, -0.406451, 0.084844,
		28.368748, 31.370556, 40.143822>
	pigment { color rgbt <0,1,1,0> }
	no_shadow
}
cylinder {
	<27.524483, 32.493568, 40.144913>,  <27.731941, 31.655071, 40.084431>, 0.130000
	pigment { color rgbt <1,0,0,0> }
	no_shadow
}

// nucleotide -1

// particle -1
sphere {
	<27.524483, 32.493568, 40.144913> 0.250000
	pigment { color rgbt <1,0,0,0> }
	no_shadow
}
cylinder {
	<27.396883, 32.572922, 39.774208>,  <27.320324, 32.620533, 39.551785>, 0.100000
	pigment { color rgbt <1,0,0,0> }
	no_shadow
}
cylinder {
	<27.396883, 32.572922, 39.774208>,  <27.524483, 32.493568, 40.144913>, 0.100000
	pigment { color rgbt <1,0,0,0> }
	no_shadow
}

// particle -1
sphere {
	<27.396883, 32.572922, 39.774208> 0.100000
	pigment { color rgbt <1,0,0,0> }
	no_shadow
}
sphere {
	0, 1
	scale<0.080000,0.200000,0.300000>
	matrix <0.396286, 0.916183, 0.059711,
		0.860928, -0.348214, -0.370877,
		-0.318999, 0.198380, -0.926760,
		27.301184, 32.632435, 39.496181>
	pigment { color rgbt <0,1,1,0> }
	no_shadow
}
cylinder {
	<28.012678, 32.981052, 39.841568>,  <27.524483, 32.493568, 40.144913>, 0.130000
	pigment { color rgbt <1,0,0,0> }
	no_shadow
}

// nucleotide -1

// particle -1
sphere {
	<28.012678, 32.981052, 39.841568> 0.250000
	pigment { color rgbt <1,0,0,0> }
	no_shadow
}
cylinder {
	<27.672302, 33.047268, 39.642170>,  <27.468077, 33.086998, 39.522530>, 0.100000
	pigment { color rgbt <1,0,0,0> }
	no_shadow
}
cylinder {
	<27.672302, 33.047268, 39.642170>,  <28.012678, 32.981052, 39.841568>, 0.100000
	pigment { color rgbt <1,0,0,0> }
	no_shadow
}

// particle -1
sphere {
	<27.672302, 33.047268, 39.642170> 0.100000
	pigment { color rgbt <1,0,0,0> }
	no_shadow
}
sphere {
	0, 1
	scale<0.080000,0.200000,0.300000>
	matrix <0.169973, 0.984759, 0.036868,
		0.497003, -0.053358, -0.866107,
		-0.850939, 0.165539, -0.498497,
		27.417021, 33.096928, 39.492622>
	pigment { color rgbt <0,1,1,0> }
	no_shadow
}
cylinder {
	<28.238260, 33.380024, 39.204861>,  <28.012678, 32.981052, 39.841568>, 0.130000
	pigment { color rgbt <1,0,0,0> }
	no_shadow
}

// nucleotide -1

// particle -1
sphere {
	<28.238260, 33.380024, 39.204861> 0.250000
	pigment { color rgbt <1,0,0,0> }
	no_shadow
}
cylinder {
	<27.891884, 33.516365, 39.351265>,  <27.684057, 33.598171, 39.439106>, 0.100000
	pigment { color rgbt <1,0,0,0> }
	no_shadow
}
cylinder {
	<27.891884, 33.516365, 39.351265>,  <28.238260, 33.380024, 39.204861>, 0.100000
	pigment { color rgbt <1,0,0,0> }
	no_shadow
}

// particle -1
sphere {
	<27.891884, 33.516365, 39.351265> 0.100000
	pigment { color rgbt <1,0,0,0> }
	no_shadow
}
sphere {
	0, 1
	scale<0.080000,0.200000,0.300000>
	matrix <0.234215, 0.922967, -0.305410,
		-0.441917, -0.178742, -0.879068,
		-0.865940, 0.340857, 0.366010,
		27.632101, 33.618622, 39.461067>
	pigment { color rgbt <0,1,1,0> }
	no_shadow
}
cylinder {
	<28.319370, 33.603840, 40.004784>,  <28.238260, 33.380024, 39.204861>, 0.130000
	pigment { color rgbt <1,0,0,0> }
	no_shadow
}

// nucleotide -1

// particle -1
sphere {
	<28.319370, 33.603840, 40.004784> 0.250000
	pigment { color rgbt <1,0,0,0> }
	no_shadow
}
cylinder {
	<28.645269, 33.373852, 39.974869>,  <28.840809, 33.235859, 39.956921>, 0.100000
	pigment { color rgbt <1,0,0,0> }
	no_shadow
}
cylinder {
	<28.645269, 33.373852, 39.974869>,  <28.319370, 33.603840, 40.004784>, 0.100000
	pigment { color rgbt <1,0,0,0> }
	no_shadow
}

// particle -1
sphere {
	<28.645269, 33.373852, 39.974869> 0.100000
	pigment { color rgbt <1,0,0,0> }
	no_shadow
}
sphere {
	0, 1
	scale<0.080000,0.200000,0.300000>
	matrix <0.455341, 0.714356, -0.531376,
		0.358952, 0.398883, 0.843828,
		0.814750, -0.574968, -0.074791,
		28.889694, 33.201363, 39.952431>
	pigment { color rgbt <0,1,1,0> }
	no_shadow
}
cylinder {
	<28.925947, 33.993649, 40.208153>,  <28.319370, 33.603840, 40.004784>, 0.130000
	pigment { color rgbt <1,0,0,0> }
	no_shadow
}

// nucleotide -1

// particle -1
sphere {
	<28.925947, 33.993649, 40.208153> 0.250000
	pigment { color rgbt <1,0,0,0> }
	no_shadow
}
cylinder {
	<29.041862, 33.683739, 39.983391>,  <29.111412, 33.497791, 39.848534>, 0.100000
	pigment { color rgbt <1,0,0,0> }
	no_shadow
}
cylinder {
	<29.041862, 33.683739, 39.983391>,  <28.925947, 33.993649, 40.208153>, 0.100000
	pigment { color rgbt <1,0,0,0> }
	no_shadow
}

// particle -1
sphere {
	<29.041862, 33.683739, 39.983391> 0.100000
	pigment { color rgbt <1,0,0,0> }
	no_shadow
}
sphere {
	0, 1
	scale<0.080000,0.200000,0.300000>
	matrix <0.554863, 0.614371, -0.560959,
		0.779839, -0.149221, 0.607935,
		0.289790, -0.774778, -0.561908,
		29.128799, 33.451305, 39.814819>
	pigment { color rgbt <0,1,1,0> }
	no_shadow
}
cylinder {
	<29.747232, 33.961185, 40.184025>,  <28.925947, 33.993649, 40.208153>, 0.130000
	pigment { color rgbt <1,0,0,0> }
	no_shadow
}

// nucleotide -1

// particle -1
sphere {
	<29.747232, 33.961185, 40.184025> 0.250000
	pigment { color rgbt <1,0,0,0> }
	no_shadow
}
cylinder {
	<29.623486, 33.747665, 39.869232>,  <29.549238, 33.619553, 39.680355>, 0.100000
	pigment { color rgbt <1,0,0,0> }
	no_shadow
}
cylinder {
	<29.623486, 33.747665, 39.869232>,  <29.747232, 33.961185, 40.184025>, 0.100000
	pigment { color rgbt <1,0,0,0> }
	no_shadow
}

// particle -1
sphere {
	<29.623486, 33.747665, 39.869232> 0.100000
	pigment { color rgbt <1,0,0,0> }
	no_shadow
}
sphere {
	0, 1
	scale<0.080000,0.200000,0.300000>
	matrix <0.626137, 0.508525, -0.591062,
		0.715714, -0.675615, 0.176915,
		-0.309365, -0.533804, -0.786986,
		29.530676, 33.587524, 39.633137>
	pigment { color rgbt <0,1,1,0> }
	no_shadow
}
cylinder {
	<30.360275, 33.583115, 39.934784>,  <29.747232, 33.961185, 40.184025>, 0.130000
	pigment { color rgbt <1,0,0,0> }
	no_shadow
}

// nucleotide -1

// particle -1
sphere {
	<30.360275, 33.583115, 39.934784> 0.250000
	pigment { color rgbt <1,0,0,0> }
	no_shadow
}
cylinder {
	<30.080526, 33.644192, 39.655479>,  <29.912678, 33.680840, 39.487896>, 0.100000
	pigment { color rgbt <1,0,0,0> }
	no_shadow
}
cylinder {
	<30.080526, 33.644192, 39.655479>,  <30.360275, 33.583115, 39.934784>, 0.100000
	pigment { color rgbt <1,0,0,0> }
	no_shadow
}

// particle -1
sphere {
	<30.080526, 33.644192, 39.655479> 0.100000
	pigment { color rgbt <1,0,0,0> }
	no_shadow
}
sphere {
	0, 1
	scale<0.080000,0.200000,0.300000>
