// switches for output
#declare DRAW_BASES = 1; // possible values are 0, 1; only relevant for DNA ribbons
#declare DRAW_BASES_TYPE = 3; // possible values are 1, 2, 3; only relevant for DNA ribbons
#declare DRAW_FOG = 0; // set to 1 to enable fog

#include "colors.inc"

#include "transforms.inc"
background { rgb <1, 1, 1>}

#default {
   normal{
       ripples 0.25
       frequency 0.20
       turbulence 0.2
       lambda 5
   }
	finish {
		phong 0.1
		phong_size 40.
	}
}

// original window dimensions: 1024x640


// camera settings

camera {
	sky <0, 0.179814, -0.983701>
	up <0, 0.179814, -0.983701>
	right 1.6 * <1, 0, 0>
	location <35, 94.9851, 44.8844>
	look_at <35, 29.7336, 32.9568>
	direction <0, -65.2515, -11.9276>
	angle 67.0682
}


# declare cpy_camera_pos = <35, 94.9851, 44.8844>;
# if (DRAW_FOG = 1)
fog {
	fog_type 2
	up vnormalize(cpy_camera_pos)
	color rgbt<1,1,1,0.3>
	distance 1e-5
	fog_alt 3e-3
	fog_offset 56
}
# end


// LIGHTS

# declare lum = 6;
global_settings {
	ambient_light rgb lum * <0.05, 0.05, 0.05>
	max_trace_level 15
}# declare cpy_direct_light_amount = 0.25;
light_source
{	1000 * <-1, -1.16352, -0.803886>,
	rgb lum * cpy_direct_light_amount
	parallel
}

light_source
{	1000 * <1, 1.16352, 0.803886>,
	rgb lum * cpy_direct_light_amount
	parallel
}

// strand 0

// nucleotide -1

// particle -1
sphere {
	<24.368536, 35.450417, 34.848579> 0.250000
	pigment { color rgbt <1,0,0,0> }
	no_shadow
}
cylinder {
	<24.359964, 35.088516, 35.018738>,  <24.354822, 34.871376, 35.120834>, 0.100000
	pigment { color rgbt <1,0,0,0> }
	no_shadow
}
cylinder {
	<24.359964, 35.088516, 35.018738>,  <24.368536, 35.450417, 34.848579>, 0.100000
	pigment { color rgbt <1,0,0,0> }
	no_shadow
}

// particle -1
sphere {
	<24.359964, 35.088516, 35.018738> 0.100000
	pigment { color rgbt <1,0,0,0> }
	no_shadow
}
sphere {
	0, 1
	scale<0.080000,0.200000,0.300000>
	matrix <0.944253, 0.121501, 0.305980,
		-0.328523, 0.408239, 0.851712,
		-0.021429, -0.904753, 0.425397,
		24.353535, 34.817089, 35.146358>
	pigment { color rgbt <0,1,1,0> }
	no_shadow
}
cylinder {
	<24.524462, 35.524090, 35.495968>,  <24.368536, 35.450417, 34.848579>, 0.130000
	pigment { color rgbt <1,0,0,0> }
	no_shadow
}

// nucleotide -1

// particle -1
sphere {
	<24.524462, 35.524090, 35.495968> 0.250000
	pigment { color rgbt <1,0,0,0> }
	no_shadow
}
cylinder {
	<24.649845, 35.153217, 35.413918>,  <24.725075, 34.930695, 35.364689>, 0.100000
	pigment { color rgbt <1,0,0,0> }
	no_shadow
}
cylinder {
	<24.649845, 35.153217, 35.413918>,  <24.524462, 35.524090, 35.495968>, 0.100000
	pigment { color rgbt <1,0,0,0> }
	no_shadow
}

// particle -1
sphere {
	<24.649845, 35.153217, 35.413918> 0.100000
	pigment { color rgbt <1,0,0,0> }
	no_shadow
}
sphere {
	0, 1
	scale<0.080000,0.200000,0.300000>
	matrix <0.931536, 0.258298, 0.255975,
		-0.184352, -0.271320, 0.944669,
		0.313458, -0.927182, -0.205127,
		24.743883, 34.875061, 35.352379>
	pigment { color rgbt <0,1,1,0> }
	no_shadow
}
cylinder {
	<25.189228, 35.251633, 35.902847>,  <24.524462, 35.524090, 35.495968>, 0.130000
	pigment { color rgbt <1,0,0,0> }
	no_shadow
}

// nucleotide -1

// particle -1
sphere {
	<25.189228, 35.251633, 35.902847> 0.250000
	pigment { color rgbt <1,0,0,0> }
	no_shadow
}
cylinder {
	<25.225899, 35.066566, 35.550137>,  <25.247902, 34.955528, 35.338509>, 0.100000
	pigment { color rgbt <1,0,0,0> }
	no_shadow
}
cylinder {
	<25.225899, 35.066566, 35.550137>,  <25.189228, 35.251633, 35.902847>, 0.100000
	pigment { color rgbt <1,0,0,0> }
	no_shadow
}

// particle -1
sphere {
	<25.225899, 35.066566, 35.550137> 0.100000
	pigment { color rgbt <1,0,0,0> }
	no_shadow
}
sphere {
	0, 1
	scale<0.080000,0.200000,0.300000>
	matrix <0.948137, 0.311204, -0.064710,
		0.304352, -0.830115, 0.467202,
		0.091679, -0.462667, -0.881779,
		25.253403, 34.927765, 35.285603>
	pigment { color rgbt <0,1,1,0> }
	no_shadow
}
cylinder {
	<25.822107, 35.230827, 36.298889>,  <25.189228, 35.251633, 35.902847>, 0.130000
	pigment { color rgbt <1,0,0,0> }
	no_shadow
}

// nucleotide -1

// particle -1
sphere {
	<25.822107, 35.230827, 36.298889> 0.250000
	pigment { color rgbt <1,0,0,0> }
	no_shadow
}
cylinder {
	<25.763943, 34.877811, 36.477764>,  <25.729044, 34.666000, 36.585091>, 0.100000
	pigment { color rgbt <1,0,0,0> }
	no_shadow
}
cylinder {
	<25.763943, 34.877811, 36.477764>,  <25.822107, 35.230827, 36.298889>, 0.100000
	pigment { color rgbt <1,0,0,0> }
	no_shadow
}

// particle -1
sphere {
	<25.763943, 34.877811, 36.477764> 0.100000
	pigment { color rgbt <1,0,0,0> }
	no_shadow
}
sphere {
	0, 1
	scale<0.080000,0.200000,0.300000>
	matrix <0.679824, -0.417516, -0.602926,
		0.718815, 0.216336, 0.660685,
		-0.145412, -0.882541, 0.447187,
		25.720320, 34.613049, 36.611919>
	pigment { color rgbt <0,1,1,0> }
	no_shadow
}
cylinder {
	<26.425774, 34.882442, 36.741405>,  <25.822107, 35.230827, 36.298889>, 0.130000
	pigment { color rgbt <1,0,0,0> }
	no_shadow
}

// nucleotide -1

// particle -1
sphere {
	<26.425774, 34.882442, 36.741405> 0.250000
	pigment { color rgbt <1,0,0,0> }
	no_shadow
}
cylinder {
	<26.166349, 34.642925, 36.553440>,  <26.010695, 34.499214, 36.440659>, 0.100000
	pigment { color rgbt <1,0,0,0> }
	no_shadow
}
cylinder {
	<26.166349, 34.642925, 36.553440>,  <26.425774, 34.882442, 36.741405>, 0.100000
	pigment { color rgbt <1,0,0,0> }
	no_shadow
}

// particle -1
sphere {
	<26.166349, 34.642925, 36.553440> 0.100000
	pigment { color rgbt <1,0,0,0> }
	no_shadow
}
sphere {
	0, 1
	scale<0.080000,0.200000,0.300000>
	matrix <0.719735, -0.281542, -0.634599,
		0.247690, -0.749790, 0.613567,
		-0.648561, -0.598790, -0.469915,
		25.971781, 34.463287, 36.412464>
	pigment { color rgbt <0,1,1,0> }
	no_shadow
}
cylinder {
	<26.715843, 34.201965, 36.546970>,  <26.425774, 34.882442, 36.741405>, 0.130000
	pigment { color rgbt <1,0,0,0> }
	no_shadow
}

// nucleotide -1

// particle -1
sphere {
	<26.715843, 34.201965, 36.546970> 0.250000
	pigment { color rgbt <1,0,0,0> }
	no_shadow
}
cylinder {
	<26.440983, 34.319920, 36.281380>,  <26.276066, 34.390694, 36.122025>, 0.100000
	pigment { color rgbt <1,0,0,0> }
	no_shadow
}
cylinder {
	<26.440983, 34.319920, 36.281380>,  <26.715843, 34.201965, 36.546970>, 0.100000
	pigment { color rgbt <1,0,0,0> }
	no_shadow
}

// particle -1
sphere {
	<26.440983, 34.319920, 36.281380> 0.100000
	pigment { color rgbt <1,0,0,0> }
	no_shadow
}
sphere {
	0, 1
	scale<0.080000,0.200000,0.300000>
	matrix <0.554237, -0.378121, -0.741516,
		-0.469728, -0.877533, 0.096388,
		-0.687151, 0.294888, -0.663976,
		26.234837, 34.408386, 36.082188>
	pigment { color rgbt <0,1,1,0> }
	no_shadow
}
cylinder {
	<26.537283, 33.635109, 36.019566>,  <26.715843, 34.201965, 36.546970>, 0.130000
	pigment { color rgbt <1,0,0,0> }
	no_shadow
}

// nucleotide -1

// particle -1
sphere {
	<26.537283, 33.635109, 36.019566> 0.250000
	pigment { color rgbt <1,0,0,0> }
	no_shadow
}
cylinder {
	<26.532110, 33.984657, 35.825172>,  <26.529007, 34.194386, 35.708538>, 0.100000
	pigment { color rgbt <1,0,0,0> }
	no_shadow
}
cylinder {
	<26.532110, 33.984657, 35.825172>,  <26.537283, 33.635109, 36.019566>, 0.100000
	pigment { color rgbt <1,0,0,0> }
	no_shadow
}

// particle -1
sphere {
	<26.532110, 33.984657, 35.825172> 0.100000
	pigment { color rgbt <1,0,0,0> }
	no_shadow
}
sphere {
	0, 1
	scale<0.080000,0.200000,0.300000>
	matrix <0.522507, -0.408481, -0.748418,
		-0.852537, -0.263607, -0.451322,
		-0.012932, 0.873873, -0.485982,
		26.528231, 34.246819, 35.679379>
	pigment { color rgbt <0,1,1,0> }
	no_shadow
}
cylinder {
	<26.855339, 33.515274, 35.330082>,  <26.537283, 33.635109, 36.019566>, 0.130000
	pigment { color rgbt <1,0,0,0> }
	no_shadow
}

// nucleotide -1

// particle -1
sphere {
	<26.855339, 33.515274, 35.330082> 0.250000
	pigment { color rgbt <1,0,0,0> }
	no_shadow
}
cylinder {
	<27.201643, 33.378242, 35.184151>,  <27.409426, 33.296024, 35.096592>, 0.100000
	pigment { color rgbt <1,0,0,0> }
	no_shadow
}
cylinder {
	<27.201643, 33.378242, 35.184151>,  <26.855339, 33.515274, 35.330082>, 0.100000
	pigment { color rgbt <1,0,0,0> }
	no_shadow
}

// particle -1
sphere {
	<27.201643, 33.378242, 35.184151> 0.100000
	pigment { color rgbt <1,0,0,0> }
	no_shadow
}
sphere {
	0, 1
	scale<0.080000,0.200000,0.300000>
	matrix <0.498135, 0.519675, 0.694118,
		-0.048199, -0.782673, 0.620565,
		0.865759, -0.342581, -0.364829,
		27.461370, 33.275467, 35.074703>
	pigment { color rgbt <0,1,1,0> }
	no_shadow
}
cylinder {
	<27.242378, 33.199234, 35.911625>,  <26.855339, 33.515274, 35.330082>, 0.130000
	pigment { color rgbt <1,0,0,0> }
	no_shadow
}

// nucleotide -1

// particle -1
sphere {
	<27.242378, 33.199234, 35.911625> 0.250000
	pigment { color rgbt <1,0,0,0> }
	no_shadow
}
cylinder {
	<27.537289, 33.258537, 35.647976>,  <27.714235, 33.294121, 35.489784>, 0.100000
	pigment { color rgbt <1,0,0,0> }
	no_shadow
}
cylinder {
	<27.537289, 33.258537, 35.647976>,  <27.242378, 33.199234, 35.911625>, 0.100000
	pigment { color rgbt <1,0,0,0> }
	no_shadow
}

// particle -1
sphere {
	<27.537289, 33.258537, 35.647976> 0.100000
	pigment { color rgbt <1,0,0,0> }
	no_shadow
}
sphere {
	0, 1
	scale<0.080000,0.200000,0.300000>
	matrix <0.440952, 0.633557, 0.635742,
		0.511847, -0.759358, 0.401731,
		0.737275, 0.148259, -0.659124,
		27.758471, 33.303017, 35.450237>
	pigment { color rgbt <0,1,1,0> }
	no_shadow
}
cylinder {
	<27.751650, 33.268784, 36.384026>,  <27.242378, 33.199234, 35.911625>, 0.130000
	pigment { color rgbt <1,0,0,0> }
	no_shadow
}

// nucleotide -1

// particle -1
sphere {
	<27.751650, 33.268784, 36.384026> 0.250000
	pigment { color rgbt <1,0,0,0> }
	no_shadow
}
cylinder {
	<27.897655, 33.402924, 36.036621>,  <27.985260, 33.483406, 35.828178>, 0.100000
	pigment { color rgbt <1,0,0,0> }
	no_shadow
}
cylinder {
	<27.897655, 33.402924, 36.036621>,  <27.751650, 33.268784, 36.384026>, 0.100000
	pigment { color rgbt <1,0,0,0> }
	no_shadow
}

// particle -1
sphere {
	<27.897655, 33.402924, 36.036621> 0.100000
	pigment { color rgbt <1,0,0,0> }
	no_shadow
}
sphere {
	0, 1
	scale<0.080000,0.200000,0.300000>
	matrix <0.645190, 0.581423, 0.495658,
		0.671188, -0.741276, -0.004134,
		0.365016, 0.335347, -0.868508,
		28.007160, 33.503529, 35.776070>
	pigment { color rgbt <0,1,1,0> }
	no_shadow
}
cylinder {
	<28.444397, 33.172741, 36.488911>,  <27.751650, 33.268784, 36.384026>, 0.130000
	pigment { color rgbt <1,0,0,0> }
	no_shadow
}

// nucleotide -1

// particle -1
sphere {
	<28.444397, 33.172741, 36.488911> 0.250000
	pigment { color rgbt <1,0,0,0> }
	no_shadow
}
cylinder {
	<28.375881, 33.455395, 36.214298>,  <28.334772, 33.624989, 36.049530>, 0.100000
	pigment { color rgbt <1,0,0,0> }
	no_shadow
}
cylinder {
	<28.375881, 33.455395, 36.214298>,  <28.444397, 33.172741, 36.488911>, 0.100000
	pigment { color rgbt <1,0,0,0> }
	no_shadow
}

// particle -1
sphere {
	<28.375881, 33.455395, 36.214298> 0.100000
	pigment { color rgbt <1,0,0,0> }
	no_shadow
}
sphere {
	0, 1
	scale<0.080000,0.200000,0.300000>
	matrix <0.639583, 0.609790, 0.468070,
		0.749395, -0.358919, -0.556403,
		-0.171289, 0.706635, -0.686532,
		28.324495, 33.667385, 36.008339>
	pigment { color rgbt <0,1,1,0> }
	no_shadow
}
cylinder {
	<28.534452, 33.321465, 37.181988>,  <28.444397, 33.172741, 36.488911>, 0.130000
	pigment { color rgbt <1,0,0,0> }
	no_shadow
}

// nucleotide -1

// particle -1
sphere {
	<28.534452, 33.321465, 37.181988> 0.250000
	pigment { color rgbt <1,0,0,0> }
	no_shadow
}
cylinder {
	<28.148773, 33.392315, 37.260929>,  <27.917366, 33.434826, 37.308292>, 0.100000
	pigment { color rgbt <1,0,0,0> }
	no_shadow
}
cylinder {
	<28.148773, 33.392315, 37.260929>,  <28.534452, 33.321465, 37.181988>, 0.100000
	pigment { color rgbt <1,0,0,0> }
	no_shadow
}

// particle -1
sphere {
	<28.148773, 33.392315, 37.260929> 0.100000
	pigment { color rgbt <1,0,0,0> }
	no_shadow
}
sphere {
	0, 1
	scale<0.080000,0.200000,0.300000>
	matrix <0.264705, 0.687435, 0.676287,
		-0.015875, 0.704315, -0.709710,
		-0.964199, 0.177128, 0.197349,
		27.859514, 33.445454, 37.320133>
	pigment { color rgbt <0,1,1,0> }
	no_shadow
}
cylinder {
	<28.390882, 33.978390, 36.970871>,  <28.534452, 33.321465, 37.181988>, 0.130000
	pigment { color rgbt <1,0,0,0> }
	no_shadow
}

// nucleotide -1

// particle -1
sphere {
	<28.390882, 33.978390, 36.970871> 0.250000
	pigment { color rgbt <1,0,0,0> }
	no_shadow
}
cylinder {
	<28.134827, 33.866562, 37.257107>,  <27.981194, 33.799465, 37.428848>, 0.100000
	pigment { color rgbt <1,0,0,0> }
	no_shadow
}
cylinder {
	<28.134827, 33.866562, 37.257107>,  <28.390882, 33.978390, 36.970871>, 0.100000
	pigment { color rgbt <1,0,0,0> }
	no_shadow
}

// particle -1
sphere {
	<28.134827, 33.866562, 37.257107> 0.100000
	pigment { color rgbt <1,0,0,0> }
	no_shadow
}
sphere {
	0, 1
	scale<0.080000,0.200000,0.300000>
	matrix <0.268147, 0.791552, 0.549129,
		-0.719944, 0.543400, -0.431736,
		-0.640138, -0.279573, 0.715585,
		27.942785, 33.782688, 37.471783>
	pigment { color rgbt <0,1,1,0> }
	no_shadow
}
cylinder {
	<28.583382, 34.590954, 36.798992>,  <28.390882, 33.978390, 36.970871>, 0.130000
	pigment { color rgbt <1,0,0,0> }
	no_shadow
}

// nucleotide -1

// particle -1
sphere {
	<28.583382, 34.590954, 36.798992> 0.250000
	pigment { color rgbt <1,0,0,0> }
	no_shadow
}
cylinder {
	<28.675459, 34.809532, 36.476894>,  <28.730705, 34.940678, 36.283638>, 0.100000
	pigment { color rgbt <1,0,0,0> }
	no_shadow
}
cylinder {
	<28.675459, 34.809532, 36.476894>,  <28.583382, 34.590954, 36.798992>, 0.100000
	pigment { color rgbt <1,0,0,0> }
	no_shadow
}

// particle -1
sphere {
	<28.675459, 34.809532, 36.476894> 0.100000
	pigment { color rgbt <1,0,0,0> }
	no_shadow
}
sphere {
	0, 1
	scale<0.080000,0.200000,0.300000>
	matrix <-0.269215, -0.759410, -0.592301,
		-0.935166, 0.353126, -0.027701,
		0.230193, 0.546442, -0.805240,
		28.744516, 34.973465, 36.235321>
	pigment { color rgbt <0,1,1,0> }
	no_shadow
}
cylinder {
	<27.944218, 34.667133, 36.447453>,  <28.583382, 34.590954, 36.798992>, 0.130000
	pigment { color rgbt <1,0,0,0> }
	no_shadow
}

// nucleotide -1

// particle -1
sphere {
	<27.944218, 34.667133, 36.447453> 0.250000
	pigment { color rgbt <1,0,0,0> }
	no_shadow
}
cylinder {
	<28.264477, 34.698387, 36.209843>,  <28.456633, 34.717140, 36.067276>, 0.100000
	pigment { color rgbt <1,0,0,0> }
	no_shadow
}
cylinder {
	<28.264477, 34.698387, 36.209843>,  <27.944218, 34.667133, 36.447453>, 0.100000
	pigment { color rgbt <1,0,0,0> }
	no_shadow
}

// particle -1
sphere {
	<28.264477, 34.698387, 36.209843> 0.100000
	pigment { color rgbt <1,0,0,0> }
	no_shadow
}
sphere {
	0, 1
	scale<0.080000,0.200000,0.300000>
	matrix <-0.307572, -0.797242, -0.519428,
		-0.514164, 0.598582, -0.614276,
		0.800646, 0.078137, -0.594020,
		28.504671, 34.721828, 36.031635>
	pigment { color rgbt <0,1,1,0> }
	no_shadow
}
cylinder {
	<27.685947, 34.583942, 35.777500>,  <27.944218, 34.667133, 36.447453>, 0.130000
	pigment { color rgbt <1,0,0,0> }
	no_shadow
}

// nucleotide -1

// particle -1
sphere {
	<27.685947, 34.583942, 35.777500> 0.250000
	pigment { color rgbt <1,0,0,0> }
	no_shadow
}
cylinder {
	<28.066574, 34.466084, 35.812611>,  <28.294950, 34.395367, 35.833675>, 0.100000
	pigment { color rgbt <1,0,0,0> }
	no_shadow
}
cylinder {
	<28.066574, 34.466084, 35.812611>,  <27.685947, 34.583942, 35.777500>, 0.100000
	pigment { color rgbt <1,0,0,0> }
	no_shadow
}

// particle -1
sphere {
	<28.066574, 34.466084, 35.812611> 0.100000
	pigment { color rgbt <1,0,0,0> }
	no_shadow
}
sphere {
	0, 1
	scale<0.080000,0.200000,0.300000>
	matrix <-0.200541, -0.811263, -0.549214,
		0.233033, 0.505011, -0.831059,
		0.951567, -0.294646, 0.087776,
		28.352043, 34.377689, 35.838943>
	pigment { color rgbt <0,1,1,0> }
	no_shadow
}
cylinder {
	<28.099897, 34.607235, 35.089062>,  <27.685947, 34.583942, 35.777500>, 0.130000
	pigment { color rgbt <1,0,0,0> }
	no_shadow
}

// nucleotide -1

// particle -1
sphere {
	<28.099897, 34.607235, 35.089062> 0.250000
	pigment { color rgbt <1,0,0,0> }
	no_shadow
}
cylinder {
	<28.179647, 34.320087, 35.355869>,  <28.227497, 34.147797, 35.515953>, 0.100000
	pigment { color rgbt <1,0,0,0> }
	no_shadow
}
cylinder {
	<28.179647, 34.320087, 35.355869>,  <28.099897, 34.607235, 35.089062>, 0.100000
	pigment { color rgbt <1,0,0,0> }
	no_shadow
}

// particle -1
sphere {
	<28.179647, 34.320087, 35.355869> 0.100000
	pigment { color rgbt <1,0,0,0> }
	no_shadow
}
sphere {
	0, 1
	scale<0.080000,0.200000,0.300000>
	matrix <-0.337289, -0.689363, -0.641104,
		0.920046, -0.097156, -0.379573,
		0.199376, -0.717871, 0.667016,
		28.239460, 34.104725, 35.555973>
	pigment { color rgbt <0,1,1,0> }
	no_shadow
}
cylinder {
	<28.519747, 34.132984, 34.774826>,  <28.099897, 34.607235, 35.089062>, 0.130000
	pigment { color rgbt <1,0,0,0> }
	no_shadow
}

// nucleotide -1

// particle -1
sphere {
	<28.519747, 34.132984, 34.774826> 0.250000
	pigment { color rgbt <1,0,0,0> }
	no_shadow
}
cylinder {
	<28.350403, 33.944256, 35.084187>,  <28.248796, 33.831017, 35.269802>, 0.100000
	pigment { color rgbt <1,0,0,0> }
	no_shadow
}
cylinder {
	<28.350403, 33.944256, 35.084187>,  <28.519747, 34.132984, 34.774826>, 0.100000
	pigment { color rgbt <1,0,0,0> }
	no_shadow
}

// particle -1
sphere {
	<28.350403, 33.944256, 35.084187> 0.100000
	pigment { color rgbt <1,0,0,0> }
	no_shadow
}
sphere {
	0, 1
	scale<0.080000,0.200000,0.300000>
	matrix <-0.269314, -0.749545, -0.604692,
		0.865008, -0.464289, 0.190257,
		-0.423358, -0.471824, 0.773402,
		28.223396, 33.802708, 35.316208>
	pigment { color rgbt <0,1,1,0> }
	no_shadow
}
cylinder {
	<28.719110, 33.495651, 34.572872>,  <28.519747, 34.132984, 34.774826>, 0.130000
	pigment { color rgbt <1,0,0,0> }
	no_shadow
}

// nucleotide -1

// particle -1
sphere {
	<28.719110, 33.495651, 34.572872> 0.250000
	pigment { color rgbt <1,0,0,0> }
	no_shadow
}
cylinder {
	<28.420277, 33.452671, 34.835270>,  <28.240976, 33.426884, 34.992706>, 0.100000
	pigment { color rgbt <1,0,0,0> }
	no_shadow
}
cylinder {
	<28.420277, 33.452671, 34.835270>,  <28.719110, 33.495651, 34.572872>, 0.100000
	pigment { color rgbt <1,0,0,0> }
	no_shadow
}

// particle -1
sphere {
	<28.420277, 33.452671, 34.835270> 0.100000
	pigment { color rgbt <1,0,0,0> }
	no_shadow
}
sphere {
	0, 1
	scale<0.080000,0.200000,0.300000>
	matrix <-0.362941, -0.760838, -0.537959,
		0.556904, -0.639985, 0.529412,
		-0.747082, -0.107446, 0.655990,
		28.196152, 33.420437, 35.032066>
	pigment { color rgbt <0,1,1,0> }
	no_shadow
}
cylinder {
	<28.570417, 32.735809, 34.557507>,  <28.719110, 33.495651, 34.572872>, 0.130000
	pigment { color rgbt <1,0,0,0> }
	no_shadow
}

// nucleotide -1

// particle -1
sphere {
	<28.570417, 32.735809, 34.557507> 0.250000
	pigment { color rgbt <1,0,0,0> }
	no_shadow
}
cylinder {
	<28.252001, 32.908295, 34.727390>,  <28.060951, 33.011787, 34.829319>, 0.100000
	pigment { color rgbt <1,0,0,0> }
	no_shadow
}
cylinder {
	<28.252001, 32.908295, 34.727390>,  <28.570417, 32.735809, 34.557507>, 0.100000
	pigment { color rgbt <1,0,0,0> }
	no_shadow
}

// particle -1
sphere {
	<28.252001, 32.908295, 34.727390> 0.100000
	pigment { color rgbt <1,0,0,0> }
	no_shadow
}
sphere {
	0, 1
	scale<0.080000,0.200000,0.300000>
	matrix <-0.604160, -0.524146, -0.600218,
		-0.036214, -0.734387, 0.677764,
		-0.796040, 0.431214, 0.424706,
		28.013189, 33.037659, 34.854801>
	pigment { color rgbt <0,1,1,0> }
	no_shadow
}
cylinder {
	<28.009075, 32.264038, 34.707630>,  <28.570417, 32.735809, 34.557507>, 0.130000
	pigment { color rgbt <1,0,0,0> }
	no_shadow
}

// nucleotide -1

// particle -1
sphere {
	<28.009075, 32.264038, 34.707630> 0.250000
	pigment { color rgbt <1,0,0,0> }
	no_shadow
}
cylinder {
	<27.839333, 32.625034, 34.678158>,  <27.737488, 32.841633, 34.660473>, 0.100000
	pigment { color rgbt <1,0,0,0> }
	no_shadow
}
cylinder {
	<27.839333, 32.625034, 34.678158>,  <28.009075, 32.264038, 34.707630>, 0.100000
	pigment { color rgbt <1,0,0,0> }
	no_shadow
}

// particle -1
sphere {
	<27.839333, 32.625034, 34.678158> 0.100000
	pigment { color rgbt <1,0,0,0> }
	no_shadow
}
sphere {
	0, 1
	scale<0.080000,0.200000,0.300000>
	matrix <-0.708448, -0.381588, -0.593710,
		-0.563937, -0.199741, 0.801298,
		-0.424354, 0.902493, -0.073686,
		27.712027, 32.895782, 34.656052>
	pigment { color rgbt <0,1,1,0> }
	no_shadow
}
cylinder {
	<27.163685, 32.445251, 34.931271>,  <28.009075, 32.264038, 34.707630>, 0.130000
	pigment { color rgbt <1,0,0,0> }
	no_shadow
}

// nucleotide -1

// particle -1
sphere {
	<27.163685, 32.445251, 34.931271> 0.250000
	pigment { color rgbt <1,0,0,0> }
	no_shadow
}
cylinder {
	<27.307323, 32.691452, 34.650642>,  <27.393507, 32.839172, 34.482265>, 0.100000
	pigment { color rgbt <1,0,0,0> }
	no_shadow
}
cylinder {
	<27.307323, 32.691452, 34.650642>,  <27.163685, 32.445251, 34.931271>, 0.100000
	pigment { color rgbt <1,0,0,0> }
	no_shadow
}

// particle -1
sphere {
	<27.307323, 32.691452, 34.650642> 0.100000
	pigment { color rgbt <1,0,0,0> }
	no_shadow
}
sphere {
	0, 1
	scale<0.080000,0.200000,0.300000>
	matrix <-0.741065, -0.268911, -0.615231,
		-0.567337, 0.740840, 0.359561,
		0.359098, 0.615502, -0.701574,
		27.415052, 32.876102, 34.440170>
	pigment { color rgbt <0,1,1,0> }
	no_shadow
}
cylinder {
	<26.653996, 32.785248, 34.624424>,  <27.163685, 32.445251, 34.931271>, 0.130000
	pigment { color rgbt <1,0,0,0> }
	no_shadow
}

// nucleotide -1

// particle -1
sphere {
	<26.653996, 32.785248, 34.624424> 0.250000
	pigment { color rgbt <1,0,0,0> }
	no_shadow
}
cylinder {
	<26.942759, 32.790665, 34.347679>,  <27.116016, 32.793915, 34.181633>, 0.100000
	pigment { color rgbt <1,0,0,0> }
	no_shadow
}
cylinder {
	<26.942759, 32.790665, 34.347679>,  <26.653996, 32.785248, 34.624424>, 0.100000
	pigment { color rgbt <1,0,0,0> }
	no_shadow
}

// particle -1
sphere {
	<26.942759, 32.790665, 34.347679> 0.100000
	pigment { color rgbt <1,0,0,0> }
	no_shadow
}
sphere {
	0, 1
	scale<0.080000,0.200000,0.300000>
	matrix <-0.676716, -0.195093, -0.709926,
		-0.144592, 0.980691, -0.131673,
		0.721907, 0.013544, -0.691858,
		27.159330, 32.794727, 34.140121>
	pigment { color rgbt <0,1,1,0> }
	no_shadow
}
cylinder {
	<26.460382, 33.132690, 34.014297>,  <26.653996, 32.785248, 34.624424>, 0.130000
	pigment { color rgbt <1,0,0,0> }
	no_shadow
}

// nucleotide -1

// particle -1
sphere {
	<26.460382, 33.132690, 34.014297> 0.250000
	pigment { color rgbt <1,0,0,0> }
	no_shadow
}
cylinder {
	<26.741385, 32.874931, 33.893475>,  <26.909986, 32.720276, 33.820980>, 0.100000
	pigment { color rgbt <1,0,0,0> }
	no_shadow
}
cylinder {
	<26.741385, 32.874931, 33.893475>,  <26.460382, 33.132690, 34.014297>, 0.100000
	pigment { color rgbt <1,0,0,0> }
	no_shadow
}

// particle -1
sphere {
	<26.741385, 32.874931, 33.893475> 0.100000
	pigment { color rgbt <1,0,0,0> }
	no_shadow
}
sphere {
	0, 1
	scale<0.080000,0.200000,0.300000>
	matrix <-0.645763, -0.398787, -0.651122,
		0.299125, 0.652473, -0.696278,
		0.702506, -0.644397, -0.302056,
		26.952137, 32.681614, 33.802856>
	pigment { color rgbt <0,1,1,0> }
	no_shadow
}
cylinder {
	<26.688261, 33.268127, 33.339199>,  <26.460382, 33.132690, 34.014297>, 0.130000
	pigment { color rgbt <1,0,0,0> }
	no_shadow
}

// nucleotide -1

// particle -1
sphere {
	<26.688261, 33.268127, 33.339199> 0.250000
	pigment { color rgbt <1,0,0,0> }
	no_shadow
}
cylinder {
	<26.688576, 32.876297, 33.419628>,  <26.688765, 32.641197, 33.467888>, 0.100000
	pigment { color rgbt <1,0,0,0> }
	no_shadow
}
cylinder {
	<26.688576, 32.876297, 33.419628>,  <26.688261, 33.268127, 33.339199>, 0.100000
	pigment { color rgbt <1,0,0,0> }
	no_shadow
}

// particle -1
sphere {
	<26.688576, 32.876297, 33.419628> 0.100000
	pigment { color rgbt <1,0,0,0> }
	no_shadow
}
sphere {
	0, 1
	scale<0.080000,0.200000,0.300000>
	matrix <-0.799574, -0.121378, -0.588174,
		0.600567, -0.160312, -0.783339,
		0.000789, -0.979575, 0.201076,
		26.688812, 32.582424, 33.479950>
	pigment { color rgbt <0,1,1,0> }
	no_shadow
}
cylinder {
	<27.068041, 33.469151, 32.745735>,  <26.688261, 33.268127, 33.339199>, 0.130000
	pigment { color rgbt <1,0,0,0> }
	no_shadow
}

// nucleotide -1

// particle -1
sphere {
	<27.068041, 33.469151, 32.745735> 0.250000
	pigment { color rgbt <1,0,0,0> }
	no_shadow
}
cylinder {
	<27.349508, 33.735199, 32.845711>,  <27.518389, 33.894829, 32.905697>, 0.100000
	pigment { color rgbt <1,0,0,0> }
	no_shadow
}
cylinder {
	<27.349508, 33.735199, 32.845711>,  <27.068041, 33.469151, 32.745735>, 0.100000
	pigment { color rgbt <1,0,0,0> }
	no_shadow
}

// particle -1
sphere {
	<27.349508, 33.735199, 32.845711> 0.100000
	pigment { color rgbt <1,0,0,0> }
	no_shadow
}
sphere {
	0, 1
	scale<0.080000,0.200000,0.300000>
	matrix <0.214278, -0.534027, 0.817863,
		0.677450, -0.521947, -0.518298,
		0.703666, 0.665121, 0.249935,
		27.560608, 33.934734, 32.920692>
	pigment { color rgbt <0,1,1,0> }
	no_shadow
}
cylinder {
	<27.727028, 33.114925, 33.038494>,  <27.068041, 33.469151, 32.745735>, 0.130000
	pigment { color rgbt <1,0,0,0> }
	no_shadow
}

// nucleotide -1

// particle -1
sphere {
	<27.727028, 33.114925, 33.038494> 0.250000
	pigment { color rgbt <1,0,0,0> }
	no_shadow
}
cylinder {
	<27.717613, 33.469948, 33.222534>,  <27.711964, 33.682961, 33.332958>, 0.100000
	pigment { color rgbt <1,0,0,0> }
	no_shadow
}
cylinder {
	<27.717613, 33.469948, 33.222534>,  <27.727028, 33.114925, 33.038494>, 0.100000
	pigment { color rgbt <1,0,0,0> }
	no_shadow
}

// particle -1
sphere {
	<27.717613, 33.469948, 33.222534> 0.100000
	pigment { color rgbt <1,0,0,0> }
	no_shadow
}
sphere {
	0, 1
	scale<0.080000,0.200000,0.300000>
	matrix <0.486620, -0.391857, 0.780800,
		0.873297, 0.242274, -0.422678,
		-0.023539, 0.887554, 0.460103,
		27.710552, 33.736214, 33.360565>
	pigment { color rgbt <0,1,1,0> }
	no_shadow
}
cylinder {
	<28.382757, 33.453499, 33.243721>,  <27.727028, 33.114925, 33.038494>, 0.130000
	pigment { color rgbt <1,0,0,0> }
	no_shadow
}

// nucleotide -1

// particle -1
sphere {
	<28.382757, 33.453499, 33.243721> 0.250000
	pigment { color rgbt <1,0,0,0> }
	no_shadow
}
cylinder {
	<28.094416, 33.545990, 33.505074>,  <27.921412, 33.601486, 33.661884>, 0.100000
	pigment { color rgbt <1,0,0,0> }
	no_shadow
}
cylinder {
	<28.094416, 33.545990, 33.505074>,  <28.382757, 33.453499, 33.243721>, 0.100000
	pigment { color rgbt <1,0,0,0> }
	no_shadow
}

// particle -1
sphere {
	<28.094416, 33.545990, 33.505074> 0.100000
	pigment { color rgbt <1,0,0,0> }
	no_shadow
}
sphere {
	0, 1
	scale<0.080000,0.200000,0.300000>
	matrix <0.612896, -0.227506, 0.756703,
		0.323622, 0.945924, 0.022277,
		-0.720852, 0.231232, 0.653379,
		27.878160, 33.615360, 33.701088>
	pigment { color rgbt <0,1,1,0> }
	no_shadow
}
cylinder {
	<28.888395, 33.037727, 33.106564>,  <28.382757, 33.453499, 33.243721>, 0.130000
	pigment { color rgbt <1,0,0,0> }
	no_shadow
}

// nucleotide -1

// particle -1
sphere {
	<28.888395, 33.037727, 33.106564> 0.250000
	pigment { color rgbt <1,0,0,0> }
	no_shadow
}
cylinder {
	<28.697281, 32.826248, 33.387188>,  <28.582613, 32.699360, 33.555565>, 0.100000
	pigment { color rgbt <1,0,0,0> }
	no_shadow
}
cylinder {
	<28.697281, 32.826248, 33.387188>,  <28.888395, 33.037727, 33.106564>, 0.100000
	pigment { color rgbt <1,0,0,0> }
	no_shadow
}

// particle -1
sphere {
	<28.697281, 32.826248, 33.387188> 0.100000
	pigment { color rgbt <1,0,0,0> }
	no_shadow
}
sphere {
	0, 1
	scale<0.080000,0.200000,0.300000>
	matrix <0.853754, -0.467589, 0.229054,
		0.206942, 0.708403, 0.674789,
		-0.477786, -0.528703, 0.701565,
		28.553946, 32.667637, 33.597656>
	pigment { color rgbt <0,1,1,0> }
	no_shadow
}
cylinder {
	<28.257217, 32.795879, 32.612202>,  <28.888395, 33.037727, 33.106564>, 0.130000
	pigment { color rgbt <1,0,0,0> }
	no_shadow
}

// nucleotide -1

// particle -1
sphere {
	<28.257217, 32.795879, 32.612202> 0.250000
	pigment { color rgbt <1,0,0,0> }
	no_shadow
}
cylinder {
	<28.464130, 32.538055, 32.837399>,  <28.588278, 32.383362, 32.972515>, 0.100000
	pigment { color rgbt <1,0,0,0> }
	no_shadow
}
cylinder {
	<28.464130, 32.538055, 32.837399>,  <28.257217, 32.795879, 32.612202>, 0.100000
	pigment { color rgbt <1,0,0,0> }
	no_shadow
}

// particle -1
sphere {
	<28.464130, 32.538055, 32.837399> 0.100000
	pigment { color rgbt <1,0,0,0> }
	no_shadow
}
sphere {
	0, 1
	scale<0.080000,0.200000,0.300000>
	matrix <0.512923, -0.293104, -0.806846,
		0.685076, 0.706139, 0.178992,
		0.517282, -0.644560, 0.562993,
		28.619314, 32.344688, 33.006298>
	pigment { color rgbt <0,1,1,0> }
	no_shadow
}
cylinder {
	<28.908876, 32.936337, 32.381256>,  <28.257217, 32.795879, 32.612202>, 0.130000
	pigment { color rgbt <1,0,0,0> }
	no_shadow
}

// nucleotide -1

// particle -1
sphere {
	<28.908876, 32.936337, 32.381256> 0.250000
	pigment { color rgbt <1,0,0,0> }
	no_shadow
}
cylinder {
	<28.923355, 32.592697, 32.585468>,  <28.932041, 32.386513, 32.707996>, 0.100000
	pigment { color rgbt <1,0,0,0> }
	no_shadow
}
cylinder {
	<28.923355, 32.592697, 32.585468>,  <28.908876, 32.936337, 32.381256>, 0.100000
	pigment { color rgbt <1,0,0,0> }
	no_shadow
}

// particle -1
sphere {
	<28.923355, 32.592697, 32.585468> 0.100000
	pigment { color rgbt <1,0,0,0> }
	no_shadow
}
sphere {
	0, 1
	scale<0.080000,0.200000,0.300000>
	matrix <0.623688, -0.379742, -0.683235,
		0.780835, 0.343140, 0.522065,
		0.036195, -0.859099, 0.510528,
		28.934214, 32.334969, 32.738628>
	pigment { color rgbt <0,1,1,0> }
	no_shadow
}
cylinder {
	<29.675533, 32.713802, 32.609516>,  <28.908876, 32.936337, 32.381256>, 0.130000
	pigment { color rgbt <1,0,0,0> }
	no_shadow
}

// nucleotide -1

// particle -1
sphere {
	<29.675533, 32.713802, 32.609516> 0.250000
	pigment { color rgbt <1,0,0,0> }
	no_shadow
}
cylinder {
	<29.414021, 32.428608, 32.508152>,  <29.257113, 32.257492, 32.447334>, 0.100000
	pigment { color rgbt <1,0,0,0> }
	no_shadow
}
cylinder {
	<29.414021, 32.428608, 32.508152>,  <29.675533, 32.713802, 32.609516>, 0.100000
	pigment { color rgbt <1,0,0,0> }
	no_shadow
}

// particle -1
sphere {
	<29.414021, 32.428608, 32.508152> 0.100000
	pigment { color rgbt <1,0,0,0> }
	no_shadow
}
sphere {
	0, 1
	scale<0.080000,0.200000,0.300000>
	matrix <0.624734, -0.319645, -0.712414,
		0.426939, -0.624080, 0.654406,
		-0.653781, -0.712987, -0.253415,
		29.217886, 32.214710, 32.432129>
	pigment { color rgbt <0,1,1,0> }
	no_shadow
}
cylinder {
	<30.170166, 32.209328, 32.380882>,  <29.675533, 32.713802, 32.609516>, 0.130000
	pigment { color rgbt <1,0,0,0> }
	no_shadow
}

// nucleotide -1

// particle -1
sphere {
	<30.170166, 32.209328, 32.380882> 0.250000
	pigment { color rgbt <1,0,0,0> }
	no_shadow
}
cylinder {
	<29.808134, 32.106892, 32.245090>,  <29.590916, 32.045429, 32.163616>, 0.100000
	pigment { color rgbt <1,0,0,0> }
	no_shadow
}
cylinder {
	<29.808134, 32.106892, 32.245090>,  <30.170166, 32.209328, 32.380882>, 0.100000
	pigment { color rgbt <1,0,0,0> }
	no_shadow
}

// particle -1
sphere {
	<29.808134, 32.106892, 32.245090> 0.100000
	pigment { color rgbt <1,0,0,0> }
	no_shadow
}
sphere {
	0, 1
	scale<0.080000,0.200000,0.300000>
	matrix <0.407239, -0.292154, -0.865334,
		0.122427, -0.921445, 0.368715,
		-0.905079, -0.256095, -0.339481,
		29.536610, 32.030064, 32.143246>
	pigment { color rgbt <0,1,1,0> }
	no_shadow
}
cylinder {
	<30.264856, 31.631828, 31.913603>,  <30.170166, 32.209328, 32.380882>, 0.130000
	pigment { color rgbt <1,0,0,0> }
	no_shadow
}

// nucleotide -1

// particle -1
sphere {
	<30.264856, 31.631828, 31.913603> 0.250000
	pigment { color rgbt <1,0,0,0> }
	no_shadow
}
cylinder {
	<29.915348, 31.795185, 31.807970>,  <29.705643, 31.893200, 31.744591>, 0.100000
	pigment { color rgbt <1,0,0,0> }
	no_shadow
}
cylinder {
	<29.915348, 31.795185, 31.807970>,  <30.264856, 31.631828, 31.913603>, 0.100000
	pigment { color rgbt <1,0,0,0> }
	no_shadow
}

// particle -1
sphere {
	<29.915348, 31.795185, 31.807970> 0.100000
	pigment { color rgbt <1,0,0,0> }
	no_shadow
}
sphere {
	0, 1
	scale<0.080000,0.200000,0.300000>
	matrix <0.078440, -0.417556, -0.905259,
		-0.479973, -0.811703, 0.332813,
		-0.873769, 0.408395, -0.264085,
		29.653217, 31.917704, 31.728745>
	pigment { color rgbt <0,1,1,0> }
	no_shadow
}
cylinder {
	<29.752855, 31.141607, 31.600798>,  <30.264856, 31.631828, 31.913603>, 0.130000
	pigment { color rgbt <1,0,0,0> }
	no_shadow
}

// nucleotide -1

// particle -1
sphere {
	<29.752855, 31.141607, 31.600798> 0.250000
	pigment { color rgbt <1,0,0,0> }
	no_shadow
}
cylinder {
	<29.680935, 31.505732, 31.451664>,  <29.637783, 31.724207, 31.362183>, 0.100000
	pigment { color rgbt <1,0,0,0> }
	no_shadow
}
cylinder {
	<29.680935, 31.505732, 31.451664>,  <29.752855, 31.141607, 31.600798>, 0.100000
	pigment { color rgbt <1,0,0,0> }
	no_shadow
}

// particle -1
sphere {
	<29.680935, 31.505732, 31.451664> 0.100000
	pigment { color rgbt <1,0,0,0> }
	no_shadow
}
sphere {
	0, 1
	scale<0.080000,0.200000,0.300000>
	matrix <0.004155, -0.378306, -0.925671,
		-0.983694, -0.167985, 0.064238,
		-0.179801, 0.910310, -0.372836,
		29.626995, 31.778824, 31.339813>
	pigment { color rgbt <0,1,1,0> }
	no_shadow
}
cylinder {
	<29.369757, 30.966858, 31.075357>,  <29.752855, 31.141607, 31.600798>, 0.130000
	pigment { color rgbt <1,0,0,0> }
	no_shadow
}

// nucleotide -1

// particle -1
sphere {
	<29.369757, 30.966858, 31.075357> 0.250000
	pigment { color rgbt <1,0,0,0> }
	no_shadow
}
cylinder {
	<29.483988, 31.338108, 30.979834>,  <29.552526, 31.560858, 30.922520>, 0.100000
	pigment { color rgbt <1,0,0,0> }
	no_shadow
}
cylinder {
	<29.483988, 31.338108, 30.979834>,  <29.369757, 30.966858, 31.075357>, 0.100000
	pigment { color rgbt <1,0,0,0> }
	no_shadow
}

// particle -1
sphere {
	<29.483988, 31.338108, 30.979834> 0.100000
	pigment { color rgbt <1,0,0,0> }
	no_shadow
}
sphere {
	0, 1
	scale<0.080000,0.200000,0.300000>
	matrix <0.154710, -0.290563, -0.944266,
		-0.945786, 0.232713, -0.226569,
		0.285576, 0.928126, -0.238808,
		29.569660, 31.616547, 30.908192>
	pigment { color rgbt <0,1,1,0> }
	no_shadow
}
cylinder {
	<30.005455, 30.955280, 30.563837>,  <29.369757, 30.966858, 31.075357>, 0.130000
	pigment { color rgbt <1,0,0,0> }
	no_shadow
}

// nucleotide -1

// particle -1
sphere {
	<30.005455, 30.955280, 30.563837> 0.250000
	pigment { color rgbt <1,0,0,0> }
	no_shadow
}
cylinder {
	<29.681982, 30.728794, 30.627625>,  <29.487898, 30.592903, 30.665897>, 0.100000
	pigment { color rgbt <1,0,0,0> }
	no_shadow
}
cylinder {
	<29.681982, 30.728794, 30.627625>,  <30.005455, 30.955280, 30.563837>, 0.100000
	pigment { color rgbt <1,0,0,0> }
	no_shadow
}

// particle -1
sphere {
	<29.681982, 30.728794, 30.627625> 0.100000
	pigment { color rgbt <1,0,0,0> }
	no_shadow
}
sphere {
	0, 1
	scale<0.080000,0.200000,0.300000>
	matrix <0.346313, -0.239127, 0.907131,
		-0.475498, 0.788808, 0.389466,
		-0.808684, -0.566215, 0.159470,
		29.439377, 30.558929, 30.675465>
	pigment { color rgbt <0,1,1,0> }
	no_shadow
}
cylinder {
	<30.521975, 31.493465, 30.535900>,  <30.005455, 30.955280, 30.563837>, 0.130000
	pigment { color rgbt <1,0,0,0> }
	no_shadow
}

// nucleotide -1

// particle -1
sphere {
	<30.521975, 31.493465, 30.535900> 0.250000
	pigment { color rgbt <1,0,0,0> }
	no_shadow
}
cylinder {
	<30.827803, 31.677570, 30.355415>,  <31.011299, 31.788034, 30.247126>, 0.100000
	pigment { color rgbt <1,0,0,0> }
	no_shadow
}
cylinder {
	<30.827803, 31.677570, 30.355415>,  <30.521975, 31.493465, 30.535900>, 0.100000
	pigment { color rgbt <1,0,0,0> }
	no_shadow
}

// particle -1
sphere {
	<30.827803, 31.677570, 30.355415> 0.100000
	pigment { color rgbt <1,0,0,0> }
	no_shadow
}
sphere {
	0, 1
	scale<0.080000,0.200000,0.300000>
	matrix <0.021716, -0.718047, -0.695656,
		-0.644176, 0.522079, -0.558992,
		0.764569, 0.460264, -0.451211,
		31.057173, 31.815649, 30.220053>
	pigment { color rgbt <0,1,1,0> }
	no_shadow
}
cylinder {
	<30.310427, 31.638309, 29.921555>,  <30.521975, 31.493465, 30.535900>, 0.130000
	pigment { color rgbt <1,0,0,0> }
	no_shadow
}

// nucleotide -1

// particle -1
sphere {
	<30.310427, 31.638309, 29.921555> 0.250000
	pigment { color rgbt <1,0,0,0> }
	no_shadow
}
cylinder {
	<30.707077, 31.591291, 29.900143>,  <30.945066, 31.563080, 29.887295>, 0.100000
	pigment { color rgbt <1,0,0,0> }
	no_shadow
}
cylinder {
	<30.707077, 31.591291, 29.900143>,  <30.310427, 31.638309, 29.921555>, 0.100000
	pigment { color rgbt <1,0,0,0> }
	no_shadow
}

// particle -1
sphere {
	<30.707077, 31.591291, 29.900143> 0.100000
	pigment { color rgbt <1,0,0,0> }
	no_shadow
}
sphere {
	0, 1
	scale<0.080000,0.200000,0.300000>
	matrix <-0.124726, -0.763803, -0.633283,
		0.033554, 0.634655, -0.772066,
		0.991624, -0.117545, -0.053529,
		31.004564, 31.556028, 29.884085>
	pigment { color rgbt <0,1,1,0> }
	no_shadow
}
cylinder {
	<30.504950, 31.567312, 29.232494>,  <30.310427, 31.638309, 29.921555>, 0.130000
	pigment { color rgbt <1,0,0,0> }
	no_shadow
}

// nucleotide -1

// particle -1
sphere {
	<30.504950, 31.567312, 29.232494> 0.250000
	pigment { color rgbt <1,0,0,0> }
	no_shadow
}
cylinder {
	<30.800097, 31.361462, 29.407177>,  <30.977184, 31.237951, 29.511988>, 0.100000
	pigment { color rgbt <1,0,0,0> }
	no_shadow
}
cylinder {
	<30.800097, 31.361462, 29.407177>,  <30.504950, 31.567312, 29.232494>, 0.100000
	pigment { color rgbt <1,0,0,0> }
	no_shadow
}

// particle -1
sphere {
	<30.800097, 31.361462, 29.407177> 0.100000
	pigment { color rgbt <1,0,0,0> }
	no_shadow
}
sphere {
	0, 1
	scale<0.080000,0.200000,0.300000>
	matrix <-0.079294, -0.708640, -0.701101,
		0.670274, 0.482690, -0.563688,
		0.737865, -0.514626, 0.436709,
		31.021456, 31.207073, 29.538189>
	pigment { color rgbt <0,1,1,0> }
	no_shadow
}
cylinder {
	<31.056595, 31.508434, 28.739943>,  <30.504950, 31.567312, 29.232494>, 0.130000
	pigment { color rgbt <1,0,0,0> }
	no_shadow
}

// nucleotide -1

// particle -1
sphere {
	<31.056595, 31.508434, 28.739943> 0.250000
	pigment { color rgbt <1,0,0,0> }
	no_shadow
}
cylinder {
	<31.075052, 31.197111, 28.990416>,  <31.086126, 31.010317, 29.140699>, 0.100000
	pigment { color rgbt <1,0,0,0> }
	no_shadow
}
cylinder {
	<31.075052, 31.197111, 28.990416>,  <31.056595, 31.508434, 28.739943>, 0.100000
	pigment { color rgbt <1,0,0,0> }
	no_shadow
}

// particle -1
sphere {
	<31.075052, 31.197111, 28.990416> 0.100000
	pigment { color rgbt <1,0,0,0> }
	no_shadow
}
sphere {
	0, 1
	scale<0.080000,0.200000,0.300000>
	matrix <0.014228, -0.626277, -0.779471,
		0.998833, 0.044878, -0.017826,
		0.046146, -0.778308, 0.626185,
		31.088896, 30.963619, 29.178270>
	pigment { color rgbt <0,1,1,0> }
	no_shadow
}
cylinder {
	<31.678268, 31.666132, 29.157520>,  <31.056595, 31.508434, 28.739943>, 0.130000
	pigment { color rgbt <1,0,0,0> }
	no_shadow
}

// nucleotide -1

// particle -1
sphere {
	<31.678268, 31.666132, 29.157520> 0.250000
	pigment { color rgbt <1,0,0,0> }
	no_shadow
}
cylinder {
	<32.008007, 31.564362, 29.359797>,  <32.205849, 31.503300, 29.481161>, 0.100000
	pigment { color rgbt <1,0,0,0> }
	no_shadow
}
cylinder {
	<32.008007, 31.564362, 29.359797>,  <31.678268, 31.666132, 29.157520>, 0.100000
	pigment { color rgbt <1,0,0,0> }
	no_shadow
}

// particle -1
sphere {
	<32.008007, 31.564362, 29.359797> 0.100000
	pigment { color rgbt <1,0,0,0> }
	no_shadow
}
sphere {
	0, 1
	scale<0.080000,0.200000,0.300000>
	matrix <-0.538014, -0.629941, 0.560103,
		0.176050, -0.733787, -0.656173,
		0.824347, -0.254424, 0.505689,
		32.255310, 31.488033, 29.511503>
	pigment { color rgbt <0,1,1,0> }
	no_shadow
}
cylinder {
	<31.634800, 30.874681, 29.234806>,  <31.678268, 31.666132, 29.157520>, 0.130000
	pigment { color rgbt <1,0,0,0> }
	no_shadow
}

// nucleotide -1

// particle -1
sphere {
	<31.634800, 30.874681, 29.234806> 0.250000
	pigment { color rgbt <1,0,0,0> }
	no_shadow
}
cylinder {
	<31.835218, 31.047813, 29.534569>,  <31.955469, 31.151693, 29.714426>, 0.100000
	pigment { color rgbt <1,0,0,0> }
	no_shadow
}
cylinder {
	<31.835218, 31.047813, 29.534569>,  <31.634800, 30.874681, 29.234806>, 0.100000
	pigment { color rgbt <1,0,0,0> }
	no_shadow
}

// particle -1
sphere {
	<31.835218, 31.047813, 29.534569> 0.100000
	pigment { color rgbt <1,0,0,0> }
	no_shadow
}
sphere {
	0, 1
	scale<0.080000,0.200000,0.300000>
