// switches for output
#declare DRAW_BASES = 1; // possible values are 0, 1; only relevant for DNA ribbons
#declare DRAW_BASES_TYPE = 3; // possible values are 1, 2, 3; only relevant for DNA ribbons
#declare DRAW_FOG = 0; // set to 1 to enable fog

#include "colors.inc"

#include "transforms.inc"
background { rgb <1, 1, 1>}

#default {
   normal{
       ripples 0.25
       frequency 0.20
       turbulence 0.2
       lambda 5
   }
	finish {
		phong 0.1
		phong_size 40.
	}
}

// original window dimensions: 1024x640


// camera settings

camera {
	sky <0, 0.179814, -0.983701>
	up <0, 0.179814, -0.983701>
	right 1.6 * <1, 0, 0>
	location <35, 94.9851, 44.8844>
	look_at <35, 29.7336, 32.9568>
	direction <0, -65.2515, -11.9276>
	angle 67.0682
}


# declare cpy_camera_pos = <35, 94.9851, 44.8844>;
# if (DRAW_FOG = 1)
fog {
	fog_type 2
	up vnormalize(cpy_camera_pos)
	color rgbt<1,1,1,0.3>
	distance 1e-5
	fog_alt 3e-3
	fog_offset 56
}
# end


// LIGHTS

# declare lum = 6;
global_settings {
	ambient_light rgb lum * <0.05, 0.05, 0.05>
	max_trace_level 15
}# declare cpy_direct_light_amount = 0.25;
light_source
{	1000 * <-1, -1.16352, -0.803886>,
	rgb lum * cpy_direct_light_amount
	parallel
}

light_source
{	1000 * <1, 1.16352, 0.803886>,
	rgb lum * cpy_direct_light_amount
	parallel
}

// strand 0

// nucleotide -1

// particle -1
sphere {
	<23.889574, 34.731365, 34.805927> 0.250000
	pigment { color rgbt <1,0,0,0> }
	no_shadow
}
cylinder {
	<24.051916, 35.077938, 34.922256>,  <24.149321, 35.285881, 34.992054>, 0.100000
	pigment { color rgbt <1,0,0,0> }
	no_shadow
}
cylinder {
	<24.051916, 35.077938, 34.922256>,  <23.889574, 34.731365, 34.805927>, 0.100000
	pigment { color rgbt <1,0,0,0> }
	no_shadow
}

// particle -1
sphere {
	<24.051916, 35.077938, 34.922256> 0.100000
	pigment { color rgbt <1,0,0,0> }
	no_shadow
}
sphere {
	0, 1
	scale<0.080000,0.200000,0.300000>
	matrix <0.519430, -0.480492, 0.706625,
		0.751981, -0.135725, -0.645061,
		0.405854, 0.866433, 0.290821,
		24.173672, 35.337868, 35.009502>
	pigment { color rgbt <0,1,1,0> }
	no_shadow
}
cylinder {
	<24.717449, 34.828827, 34.845566>,  <23.889574, 34.731365, 34.805927>, 0.130000
	pigment { color rgbt <1,0,0,0> }
	no_shadow
}

// nucleotide -1

// particle -1
sphere {
	<24.717449, 34.828827, 34.845566> 0.250000
	pigment { color rgbt <1,0,0,0> }
	no_shadow
}
cylinder {
	<24.490021, 35.016212, 35.116055>,  <24.353563, 35.128643, 35.278347>, 0.100000
	pigment { color rgbt <1,0,0,0> }
	no_shadow
}
cylinder {
	<24.490021, 35.016212, 35.116055>,  <24.717449, 34.828827, 34.845566>, 0.100000
	pigment { color rgbt <1,0,0,0> }
	no_shadow
}

// particle -1
sphere {
	<24.490021, 35.016212, 35.116055> 0.100000
	pigment { color rgbt <1,0,0,0> }
	no_shadow
}
sphere {
	0, 1
	scale<0.080000,0.200000,0.300000>
	matrix <0.478778, -0.480006, 0.735095,
		0.668953, 0.741712, 0.048628,
		-0.568571, 0.468462, 0.676218,
		24.319450, 35.156750, 35.318920>
	pigment { color rgbt <0,1,1,0> }
	no_shadow
}
cylinder {
	<25.108198, 35.283676, 35.322399>,  <24.717449, 34.828827, 34.845566>, 0.130000
	pigment { color rgbt <1,0,0,0> }
	no_shadow
}

// nucleotide -1

// particle -1
sphere {
	<25.108198, 35.283676, 35.322399> 0.250000
	pigment { color rgbt <1,0,0,0> }
	no_shadow
}
cylinder {
	<24.788338, 35.105461, 35.483421>,  <24.596422, 34.998531, 35.580036>, 0.100000
	pigment { color rgbt <1,0,0,0> }
	no_shadow
}
cylinder {
	<24.788338, 35.105461, 35.483421>,  <25.108198, 35.283676, 35.322399>, 0.100000
	pigment { color rgbt <1,0,0,0> }
	no_shadow
}

// particle -1
sphere {
	<24.788338, 35.105461, 35.483421> 0.100000
	pigment { color rgbt <1,0,0,0> }
	no_shadow
}
sphere {
	0, 1
	scale<0.080000,0.200000,0.300000>
	matrix <0.581224, -0.405968, 0.705244,
		-0.150789, 0.797925, 0.583591,
		-0.799651, -0.445540, 0.402558,
		24.548443, 34.971798, 35.604187>
	pigment { color rgbt <0,1,1,0> }
	no_shadow
}
cylinder {
	<25.768808, 35.586330, 35.628693>,  <25.108198, 35.283676, 35.322399>, 0.130000
	pigment { color rgbt <1,0,0,0> }
	no_shadow
}

// nucleotide -1

// particle -1
sphere {
	<25.768808, 35.586330, 35.628693> 0.250000
	pigment { color rgbt <1,0,0,0> }
	no_shadow
}
cylinder {
	<25.730980, 35.456852, 36.005260>,  <25.708282, 35.379166, 36.231201>, 0.100000
	pigment { color rgbt <1,0,0,0> }
	no_shadow
}
cylinder {
	<25.730980, 35.456852, 36.005260>,  <25.768808, 35.586330, 35.628693>, 0.100000
	pigment { color rgbt <1,0,0,0> }
	no_shadow
}

// particle -1
sphere {
	<25.730980, 35.456852, 36.005260> 0.100000
	pigment { color rgbt <1,0,0,0> }
	no_shadow
}
sphere {
	0, 1
	scale<0.080000,0.200000,0.300000>
	matrix <0.973351, -0.228514, 0.019204,
		0.208912, 0.918150, 0.336683,
		-0.094569, -0.323699, 0.941422,
		25.702610, 35.359741, 36.287685>
	pigment { color rgbt <0,1,1,0> }
	no_shadow
}
cylinder {
	<26.385876, 35.854042, 35.938538>,  <25.768808, 35.586330, 35.628693>, 0.130000
	pigment { color rgbt <1,0,0,0> }
	no_shadow
}

// nucleotide -1

// particle -1
sphere {
	<26.385876, 35.854042, 35.938538> 0.250000
	pigment { color rgbt <1,0,0,0> }
	no_shadow
}
cylinder {
	<26.279989, 35.544102, 36.168159>,  <26.216457, 35.358139, 36.305931>, 0.100000
	pigment { color rgbt <1,0,0,0> }
	no_shadow
}
cylinder {
	<26.279989, 35.544102, 36.168159>,  <26.385876, 35.854042, 35.938538>, 0.100000
	pigment { color rgbt <1,0,0,0> }
	no_shadow
}

// particle -1
sphere {
	<26.279989, 35.544102, 36.168159> 0.100000
	pigment { color rgbt <1,0,0,0> }
	no_shadow
}
sphere {
	0, 1
	scale<0.080000,0.200000,0.300000>
	matrix <0.963843, -0.193761, 0.182929,
		-0.030513, 0.601723, 0.798122,
		-0.264717, -0.774846, 0.574054,
		26.200575, 35.311649, 36.340374>
	pigment { color rgbt <0,1,1,0> }
	no_shadow
}
cylinder {
	<26.528564, 36.021423, 36.642437>,  <26.385876, 35.854042, 35.938538>, 0.130000
	pigment { color rgbt <1,0,0,0> }
	no_shadow
}

// nucleotide -1

// particle -1
sphere {
	<26.528564, 36.021423, 36.642437> 0.250000
	pigment { color rgbt <1,0,0,0> }
	no_shadow
}
cylinder {
	<26.550167, 35.641098, 36.520432>,  <26.563128, 35.412903, 36.447227>, 0.100000
	pigment { color rgbt <1,0,0,0> }
	no_shadow
}
cylinder {
	<26.550167, 35.641098, 36.520432>,  <26.528564, 36.021423, 36.642437>, 0.100000
	pigment { color rgbt <1,0,0,0> }
	no_shadow
}

// particle -1
sphere {
	<26.550167, 35.641098, 36.520432> 0.100000
	pigment { color rgbt <1,0,0,0> }
	no_shadow
}
sphere {
	0, 1
	scale<0.080000,0.200000,0.300000>
	matrix <0.984767, 0.000154, 0.173879,
		-0.165280, -0.309756, 0.936341,
		0.054005, -0.950816, -0.305012,
		26.566368, 35.355854, 36.428928>
	pigment { color rgbt <0,1,1,0> }
	no_shadow
}
cylinder {
	<26.813831, 35.485172, 37.165909>,  <26.528564, 36.021423, 36.642437>, 0.130000
	pigment { color rgbt <1,0,0,0> }
	no_shadow
}

// nucleotide -1

// particle -1
sphere {
	<26.813831, 35.485172, 37.165909> 0.250000
	pigment { color rgbt <1,0,0,0> }
	no_shadow
}
cylinder {
	<26.886204, 35.410160, 36.779728>,  <26.929626, 35.365154, 36.548019>, 0.100000
	pigment { color rgbt <1,0,0,0> }
	no_shadow
}
cylinder {
	<26.886204, 35.410160, 36.779728>,  <26.813831, 35.485172, 37.165909>, 0.100000
	pigment { color rgbt <1,0,0,0> }
	no_shadow
}

// particle -1
sphere {
	<26.886204, 35.410160, 36.779728> 0.100000
	pigment { color rgbt <1,0,0,0> }
	no_shadow
}
sphere {
	0, 1
	scale<0.080000,0.200000,0.300000>
	matrix <0.969685, -0.129923, 0.206959,
		-0.164245, -0.973628, 0.158339,
		0.180929, -0.187531, -0.965452,
		26.940483, 35.353901, 36.490093>
	pigment { color rgbt <0,1,1,0> }
	no_shadow
}
cylinder {
	<27.136766, 36.147739, 37.115097>,  <26.813831, 35.485172, 37.165909>, 0.130000
	pigment { color rgbt <1,0,0,0> }
	no_shadow
}

// nucleotide -1

// particle -1
sphere {
	<27.136766, 36.147739, 37.115097> 0.250000
	pigment { color rgbt <1,0,0,0> }
	no_shadow
}
cylinder {
	<27.481155, 36.243965, 37.294365>,  <27.687788, 36.301701, 37.401928>, 0.100000
	pigment { color rgbt <1,0,0,0> }
	no_shadow
}
cylinder {
	<27.481155, 36.243965, 37.294365>,  <27.136766, 36.147739, 37.115097>, 0.100000
	pigment { color rgbt <1,0,0,0> }
	no_shadow
}

// particle -1
sphere {
	<27.481155, 36.243965, 37.294365> 0.100000
	pigment { color rgbt <1,0,0,0> }
	no_shadow
}
sphere {
	0, 1
	scale<0.080000,0.200000,0.300000>
	matrix <-0.479517, 0.089937, 0.872912,
		0.169680, -0.966459, 0.192786,
		0.860972, 0.240560, 0.448173,
		27.739447, 36.316132, 37.428818>
	pigment { color rgbt <0,1,1,0> }
	no_shadow
}
cylinder {
	<27.341866, 35.573360, 37.621223>,  <27.136766, 36.147739, 37.115097>, 0.130000
	pigment { color rgbt <1,0,0,0> }
	no_shadow
}

// nucleotide -1

// particle -1
sphere {
	<27.341866, 35.573360, 37.621223> 0.250000
	pigment { color rgbt <1,0,0,0> }
	no_shadow
}
cylinder {
	<27.495178, 35.929123, 37.720863>,  <27.587166, 36.142582, 37.780647>, 0.100000
	pigment { color rgbt <1,0,0,0> }
	no_shadow
}
cylinder {
	<27.495178, 35.929123, 37.720863>,  <27.341866, 35.573360, 37.621223>, 0.100000
	pigment { color rgbt <1,0,0,0> }
	no_shadow
}

// particle -1
sphere {
	<27.495178, 35.929123, 37.720863> 0.100000
	pigment { color rgbt <1,0,0,0> }
	no_shadow
}
sphere {
	0, 1
	scale<0.080000,0.200000,0.300000>
	matrix <-0.427953, -0.067986, 0.901240,
		0.818505, -0.452030, 0.354567,
		0.383282, 0.889408, 0.249095,
		27.610163, 36.195946, 37.795593>
	pigment { color rgbt <0,1,1,0> }
	no_shadow
}
cylinder {
	<27.657101, 35.439064, 38.263256>,  <27.341866, 35.573360, 37.621223>, 0.130000
	pigment { color rgbt <1,0,0,0> }
	no_shadow
}

// nucleotide -1

// particle -1
sphere {
	<27.657101, 35.439064, 38.263256> 0.250000
	pigment { color rgbt <1,0,0,0> }
	no_shadow
}
cylinder {
	<27.670633, 35.838825, 38.260742>,  <27.678753, 36.078682, 38.259235>, 0.100000
	pigment { color rgbt <1,0,0,0> }
	no_shadow
}
cylinder {
	<27.670633, 35.838825, 38.260742>,  <27.657101, 35.439064, 38.263256>, 0.100000
	pigment { color rgbt <1,0,0,0> }
	no_shadow
}

// particle -1
sphere {
	<27.670633, 35.838825, 38.260742> 0.100000
	pigment { color rgbt <1,0,0,0> }
	no_shadow
}
sphere {
	0, 1
	scale<0.080000,0.200000,0.300000>
	matrix <-0.385093, 0.018839, 0.922685,
		0.922257, -0.028797, 0.385503,
		0.033833, 0.999408, -0.006284,
		27.680784, 36.138649, 38.258858>
	pigment { color rgbt <0,1,1,0> }
	no_shadow
}
cylinder {
	<28.087067, 35.574875, 38.747772>,  <27.657101, 35.439064, 38.263256>, 0.130000
	pigment { color rgbt <1,0,0,0> }
	no_shadow
}

// nucleotide -1

// particle -1
sphere {
	<28.087067, 35.574875, 38.747772> 0.250000
	pigment { color rgbt <1,0,0,0> }
	no_shadow
}
cylinder {
	<27.847864, 35.892502, 38.704243>,  <27.704342, 36.083076, 38.678123>, 0.100000
	pigment { color rgbt <1,0,0,0> }
	no_shadow
}
cylinder {
	<27.847864, 35.892502, 38.704243>,  <28.087067, 35.574875, 38.747772>, 0.100000
	pigment { color rgbt <1,0,0,0> }
	no_shadow
}

// particle -1
sphere {
	<27.847864, 35.892502, 38.704243> 0.100000
	pigment { color rgbt <1,0,0,0> }
	no_shadow
}
sphere {
	0, 1
	scale<0.080000,0.200000,0.300000>
	matrix <-0.408142, -0.184843, 0.894010,
		0.689789, 0.579041, 0.434629,
		-0.598006, 0.794069, -0.108828,
		27.668463, 36.130722, 38.671593>
	pigment { color rgbt <0,1,1,0> }
	no_shadow
}
cylinder {
	<28.212580, 36.193417, 39.287189>,  <28.087067, 35.574875, 38.747772>, 0.130000
	pigment { color rgbt <1,0,0,0> }
	no_shadow
}

// nucleotide -1

// particle -1
sphere {
	<28.212580, 36.193417, 39.287189> 0.250000
	pigment { color rgbt <1,0,0,0> }
	no_shadow
}
cylinder {
	<27.838470, 36.173119, 39.147079>,  <27.614004, 36.160938, 39.063015>, 0.100000
	pigment { color rgbt <1,0,0,0> }
	no_shadow
}
cylinder {
	<27.838470, 36.173119, 39.147079>,  <28.212580, 36.193417, 39.287189>, 0.100000
	pigment { color rgbt <1,0,0,0> }
	no_shadow
}

// particle -1
sphere {
	<27.838470, 36.173119, 39.147079> 0.100000
	pigment { color rgbt <1,0,0,0> }
	no_shadow
}
sphere {
	0, 1
	scale<0.080000,0.200000,0.300000>
	matrix <-0.339356, -0.152486, 0.928216,
		-0.100513, 0.987002, 0.125396,
		-0.935272, -0.050744, -0.350272,
		27.557888, 36.157894, 39.041996>
	pigment { color rgbt <0,1,1,0> }
	no_shadow
}
cylinder {
	<27.896845, 36.676010, 39.631645>,  <28.212580, 36.193417, 39.287189>, 0.130000
	pigment { color rgbt <1,0,0,0> }
	no_shadow
}

// nucleotide -1

// particle -1
sphere {
	<27.896845, 36.676010, 39.631645> 0.250000
	pigment { color rgbt <1,0,0,0> }
	no_shadow
}
cylinder {
	<27.607904, 36.441517, 39.484924>,  <27.434540, 36.300823, 39.396893>, 0.100000
	pigment { color rgbt <1,0,0,0> }
	no_shadow
}
cylinder {
	<27.607904, 36.441517, 39.484924>,  <27.896845, 36.676010, 39.631645>, 0.100000
	pigment { color rgbt <1,0,0,0> }
	no_shadow
}

// particle -1
sphere {
	<27.607904, 36.441517, 39.484924> 0.100000
	pigment { color rgbt <1,0,0,0> }
	no_shadow
}
sphere {
	0, 1
	scale<0.080000,0.200000,0.300000>
	matrix <-0.441148, -0.017824, 0.897258,
		-0.532536, 0.809949, -0.245739,
		-0.722353, -0.586229, -0.366799,
		27.391199, 36.265648, 39.374886>
	pigment { color rgbt <0,1,1,0> }
	no_shadow
}
cylinder {
	<27.135267, 36.866238, 39.952179>,  <27.896845, 36.676010, 39.631645>, 0.130000
	pigment { color rgbt <1,0,0,0> }
	no_shadow
}

// nucleotide -1

// particle -1
sphere {
	<27.135267, 36.866238, 39.952179> 0.250000
	pigment { color rgbt <1,0,0,0> }
	no_shadow
}
cylinder {
	<27.118380, 36.491047, 39.814529>,  <27.108248, 36.265934, 39.731941>, 0.100000
	pigment { color rgbt <1,0,0,0> }
	no_shadow
}
cylinder {
	<27.118380, 36.491047, 39.814529>,  <27.135267, 36.866238, 39.952179>, 0.100000
	pigment { color rgbt <1,0,0,0> }
	no_shadow
}

// particle -1
sphere {
	<27.118380, 36.491047, 39.814529> 0.100000
	pigment { color rgbt <1,0,0,0> }
	no_shadow
}
sphere {
	0, 1
	scale<0.080000,0.200000,0.300000>
	matrix <-0.564636, -0.261753, 0.782733,
		-0.824260, 0.227349, -0.518564,
		-0.042218, -0.937975, -0.344122,
		27.105715, 36.209656, 39.711292>
	pigment { color rgbt <0,1,1,0> }
	no_shadow
}
cylinder {
	<26.481169, 36.668678, 39.540985>,  <27.135267, 36.866238, 39.952179>, 0.130000
	pigment { color rgbt <1,0,0,0> }
	no_shadow
}

// nucleotide -1

// particle -1
sphere {
	<26.481169, 36.668678, 39.540985> 0.250000
	pigment { color rgbt <1,0,0,0> }
	no_shadow
}
cylinder {
	<26.879938, 36.648529, 39.516975>,  <27.119200, 36.636440, 39.502571>, 0.100000
	pigment { color rgbt <1,0,0,0> }
	no_shadow
}
cylinder {
	<26.879938, 36.648529, 39.516975>,  <26.481169, 36.668678, 39.540985>, 0.100000
	pigment { color rgbt <1,0,0,0> }
	no_shadow
}

// particle -1
sphere {
	<26.879938, 36.648529, 39.516975> 0.100000
	pigment { color rgbt <1,0,0,0> }
	no_shadow
}
sphere {
	0, 1
	scale<0.080000,0.200000,0.300000>
	matrix <-0.057066, 0.058174, -0.996674,
		0.053701, 0.997034, 0.055120,
		0.996925, -0.050377, -0.060020,
		27.179016, 36.633415, 39.498970>
	pigment { color rgbt <0,1,1,0> }
	no_shadow
}
cylinder {
	<26.559238, 36.822037, 38.853458>,  <26.481169, 36.668678, 39.540985>, 0.130000
	pigment { color rgbt <1,0,0,0> }
	no_shadow
}

// nucleotide -1

// particle -1
sphere {
	<26.559238, 36.822037, 38.853458> 0.250000
	pigment { color rgbt <1,0,0,0> }
	no_shadow
}
cylinder {
	<26.936890, 36.730145, 38.947983>,  <27.163481, 36.675007, 39.004696>, 0.100000
	pigment { color rgbt <1,0,0,0> }
	no_shadow
}
cylinder {
	<26.936890, 36.730145, 38.947983>,  <26.559238, 36.822037, 38.853458>, 0.100000
	pigment { color rgbt <1,0,0,0> }
	no_shadow
}

// particle -1
sphere {
	<26.936890, 36.730145, 38.947983> 0.100000
	pigment { color rgbt <1,0,0,0> }
	no_shadow
}
sphere {
	0, 1
	scale<0.080000,0.200000,0.300000>
	matrix <0.195400, -0.187213, -0.962689,
		0.265403, 0.955078, -0.131863,
		0.944129, -0.229735, 0.236309,
		27.220129, 36.661224, 39.018875>
	pigment { color rgbt <0,1,1,0> }
	no_shadow
}
cylinder {
	<27.094269, 37.329556, 38.583408>,  <26.559238, 36.822037, 38.853458>, 0.130000
	pigment { color rgbt <1,0,0,0> }
	no_shadow
}

// nucleotide -1

// particle -1
sphere {
	<27.094269, 37.329556, 38.583408> 0.250000
	pigment { color rgbt <1,0,0,0> }
	no_shadow
}
cylinder {
	<27.237314, 36.956642, 38.605202>,  <27.323141, 36.732895, 38.618279>, 0.100000
	pigment { color rgbt <1,0,0,0> }
	no_shadow
}
cylinder {
	<27.237314, 36.956642, 38.605202>,  <27.094269, 37.329556, 38.583408>, 0.100000
	pigment { color rgbt <1,0,0,0> }
	no_shadow
}

// particle -1
sphere {
	<27.237314, 36.956642, 38.605202> 0.100000
	pigment { color rgbt <1,0,0,0> }
	no_shadow
}
sphere {
	0, 1
	scale<0.080000,0.200000,0.300000>
	matrix <0.344288, 0.077386, -0.935670,
		0.868089, 0.353364, 0.348647,
		0.357613, -0.932280, 0.054481,
		27.344599, 36.676960, 38.621548>
	pigment { color rgbt <0,1,1,0> }
	no_shadow
}
cylinder {
	<27.571198, 37.408253, 38.202946>,  <27.094269, 37.329556, 38.583408>, 0.130000
	pigment { color rgbt <1,0,0,0> }
	no_shadow
}

// nucleotide -1

// particle -1
sphere {
	<27.571198, 37.408253, 38.202946> 0.250000
	pigment { color rgbt <1,0,0,0> }
	no_shadow
}
cylinder {
	<27.596176, 37.010254, 38.234127>,  <27.611164, 36.771454, 38.252834>, 0.100000
	pigment { color rgbt <1,0,0,0> }
	no_shadow
}
cylinder {
	<27.596176, 37.010254, 38.234127>,  <27.571198, 37.408253, 38.202946>, 0.100000
	pigment { color rgbt <1,0,0,0> }
	no_shadow
}

// particle -1
sphere {
	<27.596176, 37.010254, 38.234127> 0.100000
	pigment { color rgbt <1,0,0,0> }
	no_shadow
}
sphere {
	0, 1
	scale<0.080000,0.200000,0.300000>
	matrix <0.321399, -0.053893, -0.945409,
		0.944882, 0.084092, 0.316427,
		0.062448, -0.994999, 0.077950,
		27.614910, 36.711754, 38.257511>
	pigment { color rgbt <0,1,1,0> }
	no_shadow
}
cylinder {
	<28.286051, 37.219105, 38.120331>,  <27.571198, 37.408253, 38.202946>, 0.130000
	pigment { color rgbt <1,0,0,0> }
	no_shadow
}

// nucleotide -1

// particle -1
sphere {
	<28.286051, 37.219105, 38.120331> 0.250000
	pigment { color rgbt <1,0,0,0> }
	no_shadow
}
cylinder {
	<28.051510, 36.909374, 38.025158>,  <27.910786, 36.723537, 37.968052>, 0.100000
	pigment { color rgbt <1,0,0,0> }
	no_shadow
}
cylinder {
	<28.051510, 36.909374, 38.025158>,  <28.286051, 37.219105, 38.120331>, 0.100000
	pigment { color rgbt <1,0,0,0> }
	no_shadow
}

// particle -1
sphere {
	<28.051510, 36.909374, 38.025158> 0.100000
	pigment { color rgbt <1,0,0,0> }
	no_shadow
}
sphere {
	0, 1
	scale<0.080000,0.200000,0.300000>
	matrix <0.553727, -0.168743, -0.815421,
		0.591251, -0.609875, 0.527707,
		-0.586351, -0.774325, -0.237935,
		27.875605, 36.677078, 37.953777>
	pigment { color rgbt <0,1,1,0> }
	no_shadow
}
cylinder {
	<28.795324, 36.635937, 38.071640>,  <28.286051, 37.219105, 38.120331>, 0.130000
	pigment { color rgbt <1,0,0,0> }
	no_shadow
}

// nucleotide -1

// particle -1
sphere {
	<28.795324, 36.635937, 38.071640> 0.250000
	pigment { color rgbt <1,0,0,0> }
	no_shadow
}
cylinder {
	<28.467636, 36.560963, 37.854847>,  <28.271023, 36.515980, 37.724770>, 0.100000
	pigment { color rgbt <1,0,0,0> }
	no_shadow
}
cylinder {
	<28.467636, 36.560963, 37.854847>,  <28.795324, 36.635937, 38.071640>, 0.100000
	pigment { color rgbt <1,0,0,0> }
	no_shadow
}

// particle -1
sphere {
	<28.467636, 36.560963, 37.854847> 0.100000
	pigment { color rgbt <1,0,0,0> }
	no_shadow
}
sphere {
	0, 1
	scale<0.080000,0.200000,0.300000>
	matrix <0.571812, -0.338947, -0.747092,
		-0.043672, -0.921945, 0.384850,
		-0.819221, -0.187435, -0.541982,
		28.221870, 36.504734, 37.692253>
	pigment { color rgbt <0,1,1,0> }
	no_shadow
}
cylinder {
	<29.018553, 36.655941, 38.853401>,  <28.795324, 36.635937, 38.071640>, 0.130000
	pigment { color rgbt <1,0,0,0> }
	no_shadow
}

// nucleotide -1

// particle -1
sphere {
	<29.018553, 36.655941, 38.853401> 0.250000
	pigment { color rgbt <1,0,0,0> }
	no_shadow
}
cylinder {
	<29.234310, 36.788227, 39.163158>,  <29.363766, 36.867599, 39.349014>, 0.100000
	pigment { color rgbt <1,0,0,0> }
	no_shadow
}
cylinder {
	<29.234310, 36.788227, 39.163158>,  <29.018553, 36.655941, 38.853401>, 0.100000
	pigment { color rgbt <1,0,0,0> }
	no_shadow
}

// particle -1
sphere {
	<29.234310, 36.788227, 39.163158> 0.100000
	pigment { color rgbt <1,0,0,0> }
	no_shadow
}
sphere {
	0, 1
	scale<0.080000,0.200000,0.300000>
	matrix <0.684828, -0.707402, -0.174908,
		0.489962, 0.624670, -0.608050,
		0.539395, 0.330712, 0.774392,
		29.396130, 36.887440, 39.395477>
	pigment { color rgbt <0,1,1,0> }
	no_shadow
}
cylinder {
	<29.654537, 36.904213, 38.625313>,  <29.018553, 36.655941, 38.853401>, 0.130000
	pigment { color rgbt <1,0,0,0> }
	no_shadow
}

// nucleotide -1

// particle -1
sphere {
	<29.654537, 36.904213, 38.625313> 0.250000
	pigment { color rgbt <1,0,0,0> }
	no_shadow
}
cylinder {
	<29.629381, 36.727119, 38.983089>,  <29.614286, 36.620865, 39.197758>, 0.100000
	pigment { color rgbt <1,0,0,0> }
	no_shadow
}
cylinder {
	<29.629381, 36.727119, 38.983089>,  <29.654537, 36.904213, 38.625313>, 0.100000
	pigment { color rgbt <1,0,0,0> }
	no_shadow
}

// particle -1
sphere {
	<29.629381, 36.727119, 38.983089> 0.100000
	pigment { color rgbt <1,0,0,0> }
	no_shadow
}
sphere {
	0, 1
	scale<0.080000,0.200000,0.300000>
	matrix <0.562980, -0.755755, -0.334497,
		0.824074, 0.482518, 0.296780,
		-0.062892, -0.442731, 0.894446,
		29.610514, 36.594299, 39.251423>
	pigment { color rgbt <0,1,1,0> }
	no_shadow
}
cylinder {
	<30.234762, 36.527431, 38.923126>,  <29.654537, 36.904213, 38.625313>, 0.130000
	pigment { color rgbt <1,0,0,0> }
	no_shadow
}

// nucleotide -1

// particle -1
sphere {
	<30.234762, 36.527431, 38.923126> 0.250000
	pigment { color rgbt <1,0,0,0> }
	no_shadow
}
cylinder {
	<29.958519, 36.331959, 39.136383>,  <29.792772, 36.214676, 39.264339>, 0.100000
	pigment { color rgbt <1,0,0,0> }
	no_shadow
}
cylinder {
	<29.958519, 36.331959, 39.136383>,  <30.234762, 36.527431, 38.923126>, 0.100000
	pigment { color rgbt <1,0,0,0> }
	no_shadow
}

// particle -1
sphere {
	<29.958519, 36.331959, 39.136383> 0.100000
	pigment { color rgbt <1,0,0,0> }
	no_shadow
}
sphere {
	0, 1
	scale<0.080000,0.200000,0.300000>
	matrix <0.478077, -0.861613, -0.170483,
		0.542679, 0.137148, 0.828668,
		-0.690610, -0.488685, 0.533146,
		29.751335, 36.185352, 39.296326>
	pigment { color rgbt <0,1,1,0> }
	no_shadow
}
cylinder {
	<30.515680, 36.020241, 39.334118>,  <30.234762, 36.527431, 38.923126>, 0.130000
	pigment { color rgbt <1,0,0,0> }
	no_shadow
}

// nucleotide -1

// particle -1
sphere {
	<30.515680, 36.020241, 39.334118> 0.250000
	pigment { color rgbt <1,0,0,0> }
	no_shadow
}
cylinder {
	<30.146261, 35.896877, 39.242950>,  <29.924610, 35.822861, 39.188251>, 0.100000
	pigment { color rgbt <1,0,0,0> }
	no_shadow
}
cylinder {
	<30.146261, 35.896877, 39.242950>,  <30.515680, 36.020241, 39.334118>, 0.100000
	pigment { color rgbt <1,0,0,0> }
	no_shadow
}

// particle -1
sphere {
	<30.146261, 35.896877, 39.242950> 0.100000
	pigment { color rgbt <1,0,0,0> }
	no_shadow
}
sphere {
	0, 1
	scale<0.080000,0.200000,0.300000>
	matrix <0.349197, -0.921973, -0.167414,
		-0.158501, -0.234202, 0.959180,
		-0.923547, -0.308407, -0.227916,
		29.869198, 35.804356, 39.174576>
	pigment { color rgbt <0,1,1,0> }
	no_shadow
}
cylinder {
	<30.299761, 35.495438, 39.746864>,  <30.515680, 36.020241, 39.334118>, 0.130000
	pigment { color rgbt <1,0,0,0> }
	no_shadow
}

// nucleotide -1

// particle -1
sphere {
	<30.299761, 35.495438, 39.746864> 0.250000
	pigment { color rgbt <1,0,0,0> }
	no_shadow
}
cylinder {
	<30.071201, 35.436638, 39.423904>,  <29.934067, 35.401356, 39.230129>, 0.100000
	pigment { color rgbt <1,0,0,0> }
	no_shadow
}
cylinder {
	<30.071201, 35.436638, 39.423904>,  <30.299761, 35.495438, 39.746864>, 0.100000
	pigment { color rgbt <1,0,0,0> }
	no_shadow
}

// particle -1
sphere {
	<30.071201, 35.436638, 39.423904> 0.100000
	pigment { color rgbt <1,0,0,0> }
	no_shadow
}
sphere {
	0, 1
	scale<0.080000,0.200000,0.300000>
	matrix <0.264420, -0.964338, -0.011553,
		-0.776909, -0.220094, 0.589891,
		-0.571397, -0.147004, -0.807400,
		29.899782, 35.392536, 39.181683>
	pigment { color rgbt <0,1,1,0> }
	no_shadow
}
cylinder {
	<30.650234, 35.022007, 39.372242>,  <30.299761, 35.495438, 39.746864>, 0.130000
	pigment { color rgbt <1,0,0,0> }
	no_shadow
}

// nucleotide -1

// particle -1
sphere {
	<30.650234, 35.022007, 39.372242> 0.250000
	pigment { color rgbt <1,0,0,0> }
	no_shadow
}
cylinder {
	<30.333359, 34.984997, 39.130955>,  <30.143234, 34.962791, 38.986183>, 0.100000
	pigment { color rgbt <1,0,0,0> }
	no_shadow
}
cylinder {
	<30.333359, 34.984997, 39.130955>,  <30.650234, 35.022007, 39.372242>, 0.100000
	pigment { color rgbt <1,0,0,0> }
	no_shadow
}

// particle -1
sphere {
	<30.333359, 34.984997, 39.130955> 0.100000
	pigment { color rgbt <1,0,0,0> }
	no_shadow
}
sphere {
	0, 1
	scale<0.080000,0.200000,0.300000>
	matrix <0.483961, -0.697401, -0.528596,
		-0.371779, -0.710683, 0.597252,
		-0.792188, -0.092525, -0.603222,
		30.095703, 34.957241, 38.949989>
	pigment { color rgbt <0,1,1,0> }
	no_shadow
}
cylinder {
	<30.337366, 34.324177, 39.423374>,  <30.650234, 35.022007, 39.372242>, 0.130000
	pigment { color rgbt <1,0,0,0> }
	no_shadow
}

// nucleotide -1

// particle -1
sphere {
	<30.337366, 34.324177, 39.423374> 0.250000
	pigment { color rgbt <1,0,0,0> }
	no_shadow
}
cylinder {
	<30.255461, 34.469837, 39.059952>,  <30.206318, 34.557232, 38.841900>, 0.100000
	pigment { color rgbt <1,0,0,0> }
	no_shadow
}
cylinder {
	<30.255461, 34.469837, 39.059952>,  <30.337366, 34.324177, 39.423374>, 0.100000
	pigment { color rgbt <1,0,0,0> }
	no_shadow
}

// particle -1
sphere {
	<30.255461, 34.469837, 39.059952> 0.100000
	pigment { color rgbt <1,0,0,0> }
	no_shadow
}
sphere {
	0, 1
	scale<0.080000,0.200000,0.300000>
	matrix <0.392299, -0.819875, -0.417021,
		-0.896757, -0.441815, 0.025023,
		-0.204762, 0.364150, -0.908552,
		30.194033, 34.579082, 38.787388>
	pigment { color rgbt <0,1,1,0> }
	no_shadow
}
cylinder {
	<31.092766, 34.062840, 39.343349>,  <30.337366, 34.324177, 39.423374>, 0.130000
	pigment { color rgbt <1,0,0,0> }
	no_shadow
}

// nucleotide -1

// particle -1
sphere {
	<31.092766, 34.062840, 39.343349> 0.250000
	pigment { color rgbt <1,0,0,0> }
	no_shadow
}
cylinder {
	<30.794350, 33.856125, 39.175369>,  <30.615301, 33.732098, 39.074581>, 0.100000
	pigment { color rgbt <1,0,0,0> }
	no_shadow
}
cylinder {
	<30.794350, 33.856125, 39.175369>,  <31.092766, 34.062840, 39.343349>, 0.100000
	pigment { color rgbt <1,0,0,0> }
	no_shadow
}

// particle -1
sphere {
	<30.794350, 33.856125, 39.175369> 0.100000
	pigment { color rgbt <1,0,0,0> }
	no_shadow
}
sphere {
	0, 1
	scale<0.080000,0.200000,0.300000>
	matrix <0.370227, 0.202295, -0.906647,
		0.553497, -0.831870, 0.040408,
		-0.746038, -0.516787, -0.419951,
		30.570538, 33.701088, 39.049385>
	pigment { color rgbt <0,1,1,0> }
	no_shadow
}
cylinder {
	<31.333710, 33.456879, 39.083660>,  <31.092766, 34.062840, 39.343349>, 0.130000
	pigment { color rgbt <1,0,0,0> }
	no_shadow
}

// nucleotide -1

// particle -1
sphere {
	<31.333710, 33.456879, 39.083660> 0.250000
	pigment { color rgbt <1,0,0,0> }
	no_shadow
}
cylinder {
	<31.027222, 33.614704, 38.880791>,  <30.843328, 33.709400, 38.759071>, 0.100000
	pigment { color rgbt <1,0,0,0> }
	no_shadow
}
cylinder {
	<31.027222, 33.614704, 38.880791>,  <31.333710, 33.456879, 39.083660>, 0.100000
	pigment { color rgbt <1,0,0,0> }
	no_shadow
}

// particle -1
sphere {
	<31.027222, 33.614704, 38.880791> 0.100000
	pigment { color rgbt <1,0,0,0> }
	no_shadow
}
sphere {
	0, 1
	scale<0.080000,0.200000,0.300000>
	matrix <0.540368, -0.031447, -0.840841,
		-0.347716, -0.918330, -0.189115,
		-0.766222, 0.394565, -0.507170,
		30.797356, 33.733074, 38.728638>
	pigment { color rgbt <0,1,1,0> }
	no_shadow
}
cylinder {
	<31.101669, 33.007401, 38.611549>,  <31.333710, 33.456879, 39.083660>, 0.130000
	pigment { color rgbt <1,0,0,0> }
	no_shadow
}

// nucleotide -1

// particle -1
sphere {
	<31.101669, 33.007401, 38.611549> 0.250000
	pigment { color rgbt <1,0,0,0> }
	no_shadow
}
cylinder {
	<31.009420, 33.369637, 38.469158>,  <30.954071, 33.586979, 38.383724>, 0.100000
	pigment { color rgbt <1,0,0,0> }
	no_shadow
}
cylinder {
	<31.009420, 33.369637, 38.469158>,  <31.101669, 33.007401, 38.611549>, 0.100000
	pigment { color rgbt <1,0,0,0> }
	no_shadow
}

// particle -1
sphere {
	<31.009420, 33.369637, 38.469158> 0.100000
	pigment { color rgbt <1,0,0,0> }
	no_shadow
}
sphere {
	0, 1
	scale<0.080000,0.200000,0.300000>
	matrix <0.489061, -0.208392, -0.846990,
		-0.841209, -0.369427, -0.394830,
		-0.230621, 0.905592, -0.355974,
		30.940233, 33.641315, 38.362366>
	pigment { color rgbt <0,1,1,0> }
	no_shadow
}
cylinder {
	<30.792845, 32.990269, 37.786678>,  <31.101669, 33.007401, 38.611549>, 0.130000
	pigment { color rgbt <1,0,0,0> }
	no_shadow
}

// nucleotide -1

// particle -1
sphere {
	<30.792845, 32.990269, 37.786678> 0.250000
	pigment { color rgbt <1,0,0,0> }
	no_shadow
}
cylinder {
	<31.028826, 33.280117, 37.929161>,  <31.170414, 33.454025, 38.014652>, 0.100000
	pigment { color rgbt <1,0,0,0> }
	no_shadow
}
cylinder {
	<31.028826, 33.280117, 37.929161>,  <30.792845, 32.990269, 37.786678>, 0.100000
	pigment { color rgbt <1,0,0,0> }
	no_shadow
}

// particle -1
sphere {
	<31.028826, 33.280117, 37.929161> 0.100000
	pigment { color rgbt <1,0,0,0> }
	no_shadow
}
sphere {
	0, 1
	scale<0.080000,0.200000,0.300000>
	matrix <0.726796, -0.284382, -0.625216,
		-0.351745, 0.627737, -0.694422,
		0.589952, 0.724620, 0.356206,
		31.205811, 33.497501, 38.036022>
	pigment { color rgbt <0,1,1,0> }
	no_shadow
}
cylinder {
	<31.119177, 33.336021, 37.122887>,  <30.792845, 32.990269, 37.786678>, 0.130000
	pigment { color rgbt <1,0,0,0> }
	no_shadow
}

// nucleotide -1

// particle -1
sphere {
	<31.119177, 33.336021, 37.122887> 0.250000
	pigment { color rgbt <1,0,0,0> }
	no_shadow
}
cylinder {
	<31.347357, 33.332478, 37.451401>,  <31.484264, 33.330353, 37.648510>, 0.100000
	pigment { color rgbt <1,0,0,0> }
	no_shadow
}
cylinder {
	<31.347357, 33.332478, 37.451401>,  <31.119177, 33.336021, 37.122887>, 0.100000
	pigment { color rgbt <1,0,0,0> }
	no_shadow
}

// particle -1
sphere {
	<31.347357, 33.332478, 37.451401> 0.100000
	pigment { color rgbt <1,0,0,0> }
	no_shadow
}
sphere {
	0, 1
	scale<0.080000,0.200000,0.300000>
	matrix <0.813584, -0.130920, -0.566516,
		0.112540, 0.991353, -0.067477,
		0.570452, -0.008858, 0.821283,
		31.518492, 33.329819, 37.697784>
	pigment { color rgbt <0,1,1,0> }
	no_shadow
}
cylinder {
	<31.486256, 34.013161, 37.151043>,  <31.119177, 33.336021, 37.122887>, 0.130000
	pigment { color rgbt <1,0,0,0> }
	no_shadow
}

// nucleotide -1

// particle -1
sphere {
	<31.486256, 34.013161, 37.151043> 0.250000
	pigment { color rgbt <1,0,0,0> }
	no_shadow
}
cylinder {
	<31.691154, 33.704910, 37.302696>,  <31.814095, 33.519958, 37.393688>, 0.100000
	pigment { color rgbt <1,0,0,0> }
	no_shadow
}
cylinder {
	<31.691154, 33.704910, 37.302696>,  <31.486256, 34.013161, 37.151043>, 0.100000
	pigment { color rgbt <1,0,0,0> }
	no_shadow
}

// particle -1
sphere {
	<31.691154, 33.704910, 37.302696> 0.100000
	pigment { color rgbt <1,0,0,0> }
	no_shadow
}
sphere {
	0, 1
	scale<0.080000,0.200000,0.300000>
	matrix <0.662983, 0.074197, -0.744948,
		0.545945, 0.632955, 0.548918,
		0.512247, -0.770625, 0.379131,
		31.844830, 33.473724, 37.416435>
	pigment { color rgbt <0,1,1,0> }
	no_shadow
}
cylinder {
	<32.306473, 34.125145, 37.299030>,  <31.486256, 34.013161, 37.151043>, 0.130000
	pigment { color rgbt <1,0,0,0> }
	no_shadow
}

// nucleotide -1

// particle -1
sphere {
	<32.306473, 34.125145, 37.299030> 0.250000
	pigment { color rgbt <1,0,0,0> }
	no_shadow
}
cylinder {
	<32.200588, 33.755287, 37.189514>,  <32.137058, 33.533371, 37.123806>, 0.100000
	pigment { color rgbt <1,0,0,0> }
	no_shadow
}
cylinder {
	<32.200588, 33.755287, 37.189514>,  <32.306473, 34.125145, 37.299030>, 0.100000
	pigment { color rgbt <1,0,0,0> }
	no_shadow
}

// particle -1
sphere {
	<32.200588, 33.755287, 37.189514> 0.100000
	pigment { color rgbt <1,0,0,0> }
	no_shadow
}
sphere {
	0, 1
	scale<0.080000,0.200000,0.300000>
	matrix <0.740437, -0.012993, -0.672000,
		0.617805, -0.380606, 0.688082,
		-0.264708, -0.924646, -0.273788,
		32.121178, 33.477894, 37.107376>
	pigment { color rgbt <0,1,1,0> }
	no_shadow
}
cylinder {
	<32.956776, 33.762321, 37.337337>,  <32.306473, 34.125145, 37.299030>, 0.130000
	pigment { color rgbt <1,0,0,0> }
	no_shadow
}

// nucleotide -1

// particle -1
sphere {
	<32.956776, 33.762321, 37.337337> 0.250000
	pigment { color rgbt <1,0,0,0> }
	no_shadow
}
cylinder {
	<32.693188, 33.607986, 37.079067>,  <32.535034, 33.515385, 36.924107>, 0.100000
	pigment { color rgbt <1,0,0,0> }
	no_shadow
}
cylinder {
	<32.693188, 33.607986, 37.079067>,  <32.956776, 33.762321, 37.337337>, 0.100000
	pigment { color rgbt <1,0,0,0> }
	no_shadow
}

// particle -1
sphere {
	<32.693188, 33.607986, 37.079067> 0.100000
	pigment { color rgbt <1,0,0,0> }
	no_shadow
}
sphere {
	0, 1
	scale<0.080000,0.200000,0.300000>
	matrix <0.685459, 0.045391, -0.726695,
		0.309691, -0.921451, 0.234562,
		-0.658967, -0.385834, -0.645674,
		32.495499, 33.492237, 36.885365>
	pigment { color rgbt <0,1,1,0> }
	no_shadow
}
cylinder {
	<33.372643, 33.235310, 36.845352>,  <32.956776, 33.762321, 37.337337>, 0.130000
	pigment { color rgbt <1,0,0,0> }
	no_shadow
}

// nucleotide -1

// particle -1
sphere {
	<33.372643, 33.235310, 36.845352> 0.250000
	pigment { color rgbt <1,0,0,0> }
	no_shadow
}
cylinder {
	<33.054905, 33.386326, 36.654991>,  <32.864262, 33.476936, 36.540775>, 0.100000
	pigment { color rgbt <1,0,0,0> }
	no_shadow
}
cylinder {
	<33.054905, 33.386326, 36.654991>,  <33.372643, 33.235310, 36.845352>, 0.100000
	pigment { color rgbt <1,0,0,0> }
	no_shadow
}

// particle -1
sphere {
	<33.054905, 33.386326, 36.654991> 0.100000
	pigment { color rgbt <1,0,0,0> }
	no_shadow
}
sphere {
	0, 1
	scale<0.080000,0.200000,0.300000>
	matrix <0.567589, 0.182090, -0.802923,
		-0.216480, -0.907912, -0.358930,
		-0.794342, 0.377542, -0.475902,
		32.816601, 33.499588, 36.512222>
	pigment { color rgbt <0,1,1,0> }
	no_shadow
}
cylinder {
	<33.401649, 33.915596, 36.459747>,  <33.372643, 33.235310, 36.845352>, 0.130000
	pigment { color rgbt <1,0,0,0> }
	no_shadow
}

// nucleotide -1

// particle -1
sphere {
	<33.401649, 33.915596, 36.459747> 0.250000
	pigment { color rgbt <1,0,0,0> }
	no_shadow
}
cylinder {
	<33.529453, 34.294270, 36.443264>,  <33.606136, 34.521473, 36.433376>, 0.100000
	pigment { color rgbt <1,0,0,0> }
	no_shadow
}
cylinder {
	<33.529453, 34.294270, 36.443264>,  <33.401649, 33.915596, 36.459747>, 0.100000
	pigment { color rgbt <1,0,0,0> }
	no_shadow
}

// particle -1
sphere {
	<33.529453, 34.294270, 36.443264> 0.100000
	pigment { color rgbt <1,0,0,0> }
	no_shadow
}
sphere {
	0, 1
	scale<0.080000,0.200000,0.300000>
	matrix <-0.044400, -0.028481, -0.998608,
		-0.946541, 0.320899, 0.032932,
		0.319514, 0.946685, -0.041206,
		33.625309, 34.578274, 36.430901>
	pigment { color rgbt <0,1,1,0> }
	no_shadow
}
cylinder {
	<32.948551, 34.402264, 36.104633>,  <33.401649, 33.915596, 36.459747>, 0.130000
	pigment { color rgbt <1,0,0,0> }
	no_shadow
}

// nucleotide -1

// particle -1
sphere {
	<32.948551, 34.402264, 36.104633> 0.250000
	pigment { color rgbt <1,0,0,0> }
	no_shadow
}
cylinder {
	<33.319214, 34.548450, 36.069439>,  <33.541611, 34.636162, 36.048321>, 0.100000
	pigment { color rgbt <1,0,0,0> }
	no_shadow
}
cylinder {
	<33.319214, 34.548450, 36.069439>,  <32.948551, 34.402264, 36.104633>, 0.100000
	pigment { color rgbt <1,0,0,0> }
	no_shadow
}

// particle -1
sphere {
	<33.319214, 34.548450, 36.069439> 0.100000
	pigment { color rgbt <1,0,0,0> }
	no_shadow
}
sphere {
	0, 1
	scale<0.080000,0.200000,0.300000>
	matrix <-0.109146, 0.037590, -0.993315,
		-0.359717, 0.930065, 0.074723,
		0.926656, 0.365467, -0.087991,
		33.597210, 34.658092, 36.043041>
	pigment { color rgbt <0,1,1,0> }
	no_shadow
}
cylinder {
	<32.943871, 34.831436, 35.500614>,  <32.948551, 34.402264, 36.104633>, 0.130000
	pigment { color rgbt <1,0,0,0> }
	no_shadow
}

// nucleotide -1

// particle -1
sphere {
	<32.943871, 34.831436, 35.500614> 0.250000
	pigment { color rgbt <1,0,0,0> }
	no_shadow
}
cylinder {
	<33.300529, 34.662670, 35.566288>,  <33.514526, 34.561413, 35.605694>, 0.100000
	pigment { color rgbt <1,0,0,0> }
	no_shadow
}
cylinder {
	<33.300529, 34.662670, 35.566288>,  <32.943871, 34.831436, 35.500614>, 0.100000
	pigment { color rgbt <1,0,0,0> }
	no_shadow
}

// particle -1
sphere {
	<33.300529, 34.662670, 35.566288> 0.100000
	pigment { color rgbt <1,0,0,0> }
	no_shadow
}
sphere {
	0, 1
	scale<0.080000,0.200000,0.300000>
	matrix <0.026135, -0.314082, -0.949036,
		0.451976, 0.850496, -0.269024,
		0.891647, -0.421911, 0.164185,
		33.568024, 34.536098, 35.615543>
	pigment { color rgbt <0,1,1,0> }
	no_shadow
}
cylinder {
	<33.461983, 35.219795, 35.213955>,  <32.943871, 34.831436, 35.500614>, 0.130000
	pigment { color rgbt <1,0,0,0> }
	no_shadow
}

// nucleotide -1

// particle -1
sphere {
	<33.461983, 35.219795, 35.213955> 0.250000
	pigment { color rgbt <1,0,0,0> }
	no_shadow
}
cylinder {
	<33.550751, 34.829948, 35.225796>,  <33.604012, 34.596039, 35.232903>, 0.100000
	pigment { color rgbt <1,0,0,0> }
	no_shadow
}
cylinder {
	<33.550751, 34.829948, 35.225796>,  <33.461983, 35.219795, 35.213955>, 0.100000
	pigment { color rgbt <1,0,0,0> }
	no_shadow
}

// particle -1
sphere {
	<33.550751, 34.829948, 35.225796> 0.100000
	pigment { color rgbt <1,0,0,0> }
	no_shadow
}
sphere {
	0, 1
	scale<0.080000,0.200000,0.300000>
	matrix <-0.026266, -0.036326, -0.998995,
		0.974712, 0.220916, -0.033661,
		0.221917, -0.974616, 0.029604,
		33.617325, 34.537563, 35.234676>
	pigment { color rgbt <0,1,1,0> }
	no_shadow
}
cylinder {
	<34.065239, 35.129223, 34.723324>,  <33.461983, 35.219795, 35.213955>, 0.130000
	pigment { color rgbt <1,0,0,0> }
	no_shadow
}

// nucleotide -1

// particle -1
sphere {
	<34.065239, 35.129223, 34.723324> 0.250000
	pigment { color rgbt <1,0,0,0> }
	no_shadow
}
cylinder {
	<33.838322, 34.800755, 34.748180>,  <33.702171, 34.603676, 34.763092>, 0.100000
	pigment { color rgbt <1,0,0,0> }
	no_shadow
}
cylinder {
	<33.838322, 34.800755, 34.748180>,  <34.065239, 35.129223, 34.723324>, 0.100000
	pigment { color rgbt <1,0,0,0> }
	no_shadow
}

// particle -1
sphere {
	<33.838322, 34.800755, 34.748180> 0.100000
	pigment { color rgbt <1,0,0,0> }
	no_shadow
}
sphere {
	0, 1
	scale<0.080000,0.200000,0.300000>
	matrix <-0.133186, 0.017026, -0.990945,
		0.812673, -0.570435, -0.119027,
		-0.567296, -0.821166, 0.062138,
		33.668133, 34.554405, 34.766823>
	pigment { color rgbt <0,1,1,0> }
	no_shadow
}
cylinder {
	<34.301056, 34.531700, 34.278255>,  <34.065239, 35.129223, 34.723324>, 0.130000
	pigment { color rgbt <1,0,0,0> }
	no_shadow
}

// nucleotide -1

// particle -1
sphere {
	<34.301056, 34.531700, 34.278255> 0.250000
	pigment { color rgbt <1,0,0,0> }
	no_shadow
}
cylinder {
	<33.905754, 34.515682, 34.337238>,  <33.668571, 34.506073, 34.372627>, 0.100000
	pigment { color rgbt <1,0,0,0> }
	no_shadow
}
cylinder {
	<33.905754, 34.515682, 34.337238>,  <34.301056, 34.531700, 34.278255>, 0.100000
	pigment { color rgbt <1,0,0,0> }
	no_shadow
}

// particle -1
sphere {
	<33.905754, 34.515682, 34.337238> 0.100000
	pigment { color rgbt <1,0,0,0> }
	no_shadow
}
sphere {
	0, 1
	scale<0.080000,0.200000,0.300000>
	matrix <-0.131697, -0.266157, -0.954891,
		0.077485, -0.963098, 0.257758,
		-0.988257, -0.040043, 0.147460,
		33.609276, 34.503670, 34.381477>
	pigment { color rgbt <0,1,1,0> }
	no_shadow
}
cylinder {
	<34.092472, 33.828743, 34.050858>,  <34.301056, 34.531700, 34.278255>, 0.130000
	pigment { color rgbt <1,0,0,0> }
	no_shadow
}

// nucleotide -1

// particle -1
sphere {
	<34.092472, 33.828743, 34.050858> 0.250000
	pigment { color rgbt <1,0,0,0> }
	no_shadow
}
cylinder {
	<33.815002, 34.109703, 33.987038>,  <33.648521, 34.278278, 33.948746>, 0.100000
	pigment { color rgbt <1,0,0,0> }
	no_shadow
}
cylinder {
	<33.815002, 34.109703, 33.987038>,  <34.092472, 33.828743, 34.050858>, 0.100000
	pigment { color rgbt <1,0,0,0> }
	no_shadow
}

// particle -1
sphere {
	<33.815002, 34.109703, 33.987038> 0.100000
	pigment { color rgbt <1,0,0,0> }
	no_shadow
}
sphere {
	0, 1
	scale<0.080000,0.200000,0.300000>
