// switches for output
#declare DRAW_BASES = 1; // possible values are 0, 1; only relevant for DNA ribbons
#declare DRAW_BASES_TYPE = 3; // possible values are 1, 2, 3; only relevant for DNA ribbons
#declare DRAW_FOG = 0; // set to 1 to enable fog

#include "colors.inc"

#include "transforms.inc"
background { rgb <1, 1, 1>}

#default {
   normal{
       ripples 0.25
       frequency 0.20
       turbulence 0.2
       lambda 5
   }
	finish {
		phong 0.1
		phong_size 40.
	}
}

// original window dimensions: 1024x640


// camera settings

camera {
	sky <0, 0.179814, -0.983701>
	up <0, 0.179814, -0.983701>
	right 1.6 * <1, 0, 0>
	location <35, 94.9851, 44.8844>
	look_at <35, 29.7336, 32.9568>
	direction <0, -65.2515, -11.9276>
	angle 67.0682
}


# declare cpy_camera_pos = <35, 94.9851, 44.8844>;
# if (DRAW_FOG = 1)
fog {
	fog_type 2
	up vnormalize(cpy_camera_pos)
	color rgbt<1,1,1,0.3>
	distance 1e-5
	fog_alt 3e-3
	fog_offset 56
}
# end


// LIGHTS

# declare lum = 6;
global_settings {
	ambient_light rgb lum * <0.05, 0.05, 0.05>
	max_trace_level 15
}# declare cpy_direct_light_amount = 0.25;
light_source
{	1000 * <-1, -1.16352, -0.803886>,
	rgb lum * cpy_direct_light_amount
	parallel
}

light_source
{	1000 * <1, 1.16352, 0.803886>,
	rgb lum * cpy_direct_light_amount
	parallel
}

// strand 0

// nucleotide -1

// particle -1
sphere {
	<24.472778, 35.253601, 34.884933> 0.250000
	pigment { color rgbt <1,0,0,0> }
	no_shadow
}
cylinder {
	<24.388798, 34.862827, 34.869377>,  <24.338409, 34.628361, 34.860043>, 0.100000
	pigment { color rgbt <1,0,0,0> }
	no_shadow
}
cylinder {
	<24.388798, 34.862827, 34.869377>,  <24.472778, 35.253601, 34.884933>, 0.100000
	pigment { color rgbt <1,0,0,0> }
	no_shadow
}

// particle -1
sphere {
	<24.388798, 34.862827, 34.869377> 0.100000
	pigment { color rgbt <1,0,0,0> }
	no_shadow
}
sphere {
	0, 1
	scale<0.080000,0.200000,0.300000>
	matrix <0.454045, -0.132647, 0.881049,
		-0.865889, 0.167319, 0.471423,
		-0.209950, -0.976938, -0.038887,
		24.325813, 34.569744, 34.857712>
	pigment { color rgbt <0,1,1,0> }
	no_shadow
}
cylinder {
	<24.056513, 35.005848, 35.446777>,  <24.472778, 35.253601, 34.884933>, 0.130000
	pigment { color rgbt <1,0,0,0> }
	no_shadow
}

// nucleotide -1

// particle -1
sphere {
	<24.056513, 35.005848, 35.446777> 0.250000
	pigment { color rgbt <1,0,0,0> }
	no_shadow
}
cylinder {
	<24.327435, 34.757275, 35.289257>,  <24.489988, 34.608131, 35.194744>, 0.100000
	pigment { color rgbt <1,0,0,0> }
	no_shadow
}
cylinder {
	<24.327435, 34.757275, 35.289257>,  <24.056513, 35.005848, 35.446777>, 0.100000
	pigment { color rgbt <1,0,0,0> }
	no_shadow
}

// particle -1
sphere {
	<24.327435, 34.757275, 35.289257> 0.100000
	pigment { color rgbt <1,0,0,0> }
	no_shadow
}
sphere {
	0, 1
	scale<0.080000,0.200000,0.300000>
	matrix <0.404937, -0.132009, 0.904765,
		-0.614235, -0.772267, 0.162230,
		0.677304, -0.621432, -0.393804,
		24.530626, 34.570847, 35.171116>
	pigment { color rgbt <0,1,1,0> }
	no_shadow
}
cylinder {
	<24.168081, 34.435448, 35.907196>,  <24.056513, 35.005848, 35.446777>, 0.130000
	pigment { color rgbt <1,0,0,0> }
	no_shadow
}

// nucleotide -1

// particle -1
sphere {
	<24.168081, 34.435448, 35.907196> 0.250000
	pigment { color rgbt <1,0,0,0> }
	no_shadow
}
cylinder {
	<24.498165, 34.403027, 35.683601>,  <24.696215, 34.383572, 35.549446>, 0.100000
	pigment { color rgbt <1,0,0,0> }
	no_shadow
}
cylinder {
	<24.498165, 34.403027, 35.683601>,  <24.168081, 34.435448, 35.907196>, 0.100000
	pigment { color rgbt <1,0,0,0> }
	no_shadow
}

// particle -1
sphere {
	<24.498165, 34.403027, 35.683601> 0.100000
	pigment { color rgbt <1,0,0,0> }
	no_shadow
}
sphere {
	0, 1
	scale<0.080000,0.200000,0.300000>
	matrix <0.514729, -0.299563, 0.803316,
		-0.232561, -0.950628, -0.205482,
		0.825209, -0.081052, -0.558983,
		24.745728, 34.378708, 35.515907>
	pigment { color rgbt <0,1,1,0> }
	no_shadow
}
cylinder {
	<24.430325, 33.844780, 35.953278>,  <24.168081, 34.435448, 35.907196>, 0.130000
	pigment { color rgbt <1,0,0,0> }
	no_shadow
}

// nucleotide -1

// particle -1
sphere {
	<24.430325, 33.844780, 35.953278> 0.250000
	pigment { color rgbt <1,0,0,0> }
	no_shadow
}
cylinder {
	<24.765724, 34.032848, 35.843105>,  <24.966963, 34.145691, 35.777000>, 0.100000
	pigment { color rgbt <1,0,0,0> }
	no_shadow
}
cylinder {
	<24.765724, 34.032848, 35.843105>,  <24.430325, 33.844780, 35.953278>, 0.100000
	pigment { color rgbt <1,0,0,0> }
	no_shadow
}

// particle -1
sphere {
	<24.765724, 34.032848, 35.843105> 0.100000
	pigment { color rgbt <1,0,0,0> }
	no_shadow
}
sphere {
	0, 1
	scale<0.080000,0.200000,0.300000>
	matrix <0.496058, -0.449467, 0.742904,
		0.225495, -0.759553, -0.610108,
		0.838498, 0.470170, -0.275430,
		25.017273, 34.173901, 35.760475>
	pigment { color rgbt <0,1,1,0> }
	no_shadow
}
cylinder {
	<24.888126, 33.464714, 35.689575>,  <24.430325, 33.844780, 35.953278>, 0.130000
	pigment { color rgbt <1,0,0,0> }
	no_shadow
}

// nucleotide -1

// particle -1
sphere {
	<24.888126, 33.464714, 35.689575> 0.250000
	pigment { color rgbt <1,0,0,0> }
	no_shadow
}
cylinder {
	<25.103493, 33.759819, 35.852455>,  <25.232714, 33.936882, 35.950184>, 0.100000
	pigment { color rgbt <1,0,0,0> }
	no_shadow
}
cylinder {
	<25.103493, 33.759819, 35.852455>,  <24.888126, 33.464714, 35.689575>, 0.100000
	pigment { color rgbt <1,0,0,0> }
	no_shadow
}

// particle -1
sphere {
	<25.103493, 33.759819, 35.852455> 0.100000
	pigment { color rgbt <1,0,0,0> }
	no_shadow
}
sphere {
	0, 1
	scale<0.080000,0.200000,0.300000>
	matrix <0.224970, -0.591524, 0.774266,
		0.812094, -0.325271, -0.484461,
		0.538417, 0.737766, 0.407196,
		25.265018, 33.981148, 35.974613>
	pigment { color rgbt <0,1,1,0> }
	no_shadow
}
cylinder {
	<25.687702, 33.308781, 35.738182>,  <24.888126, 33.464714, 35.689575>, 0.130000
	pigment { color rgbt <1,0,0,0> }
	no_shadow
}

// nucleotide -1

// particle -1
sphere {
	<25.687702, 33.308781, 35.738182> 0.250000
	pigment { color rgbt <1,0,0,0> }
	no_shadow
}
cylinder {
	<25.565516, 33.564430, 36.020519>,  <25.492203, 33.717819, 36.189922>, 0.100000
	pigment { color rgbt <1,0,0,0> }
	no_shadow
}
cylinder {
	<25.565516, 33.564430, 36.020519>,  <25.687702, 33.308781, 35.738182>, 0.100000
	pigment { color rgbt <1,0,0,0> }
	no_shadow
}

// particle -1
sphere {
	<25.565516, 33.564430, 36.020519> 0.100000
	pigment { color rgbt <1,0,0,0> }
	no_shadow
}
sphere {
	0, 1
	scale<0.080000,0.200000,0.300000>
	matrix <0.260119, -0.657066, 0.707533,
		0.915985, 0.399730, 0.034464,
		-0.305467, 0.639125, 0.705839,
		25.473875, 33.756168, 36.232269>
	pigment { color rgbt <0,1,1,0> }
	no_shadow
}
cylinder {
	<26.196583, 33.263508, 36.211365>,  <25.687702, 33.308781, 35.738182>, 0.130000
	pigment { color rgbt <1,0,0,0> }
	no_shadow
}

// nucleotide -1

// particle -1
sphere {
	<26.196583, 33.263508, 36.211365> 0.250000
	pigment { color rgbt <1,0,0,0> }
	no_shadow
}
cylinder {
	<25.862625, 33.405853, 36.379322>,  <25.662251, 33.491261, 36.480095>, 0.100000
	pigment { color rgbt <1,0,0,0> }
	no_shadow
}
cylinder {
	<25.862625, 33.405853, 36.379322>,  <26.196583, 33.263508, 36.211365>, 0.100000
	pigment { color rgbt <1,0,0,0> }
	no_shadow
}

// particle -1
sphere {
	<25.862625, 33.405853, 36.379322> 0.100000
	pigment { color rgbt <1,0,0,0> }
	no_shadow
}
sphere {
	0, 1
	scale<0.080000,0.200000,0.300000>
	matrix <0.191643, -0.527190, 0.827855,
		0.515970, 0.771641, 0.371948,
		-0.834894, 0.355867, 0.419894,
		25.612158, 33.512615, 36.505291>
	pigment { color rgbt <0,1,1,0> }
	no_shadow
}
cylinder {
	<26.394245, 33.259895, 36.873028>,  <26.196583, 33.263508, 36.211365>, 0.130000
	pigment { color rgbt <1,0,0,0> }
	no_shadow
}

// nucleotide -1

// particle -1
sphere {
	<26.394245, 33.259895, 36.873028> 0.250000
	pigment { color rgbt <1,0,0,0> }
	no_shadow
}
cylinder {
	<26.694313, 33.271481, 36.608784>,  <26.874353, 33.278431, 36.450237>, 0.100000
	pigment { color rgbt <1,0,0,0> }
	no_shadow
}
cylinder {
	<26.694313, 33.271481, 36.608784>,  <26.394245, 33.259895, 36.873028>, 0.100000
	pigment { color rgbt <1,0,0,0> }
	no_shadow
}

// particle -1
sphere {
	<26.694313, 33.271481, 36.608784> 0.100000
	pigment { color rgbt <1,0,0,0> }
	no_shadow
}
sphere {
	0, 1
	scale<0.080000,0.200000,0.300000>
	matrix <0.126194, -0.986950, 0.100029,
		-0.649092, -0.158404, -0.744035,
		0.750170, 0.028964, -0.660610,
		26.919365, 33.280170, 36.410599>
	pigment { color rgbt <0,1,1,0> }
	no_shadow
}
cylinder {
	<26.330635, 32.573097, 36.418606>,  <26.394245, 33.259895, 36.873028>, 0.130000
	pigment { color rgbt <1,0,0,0> }
	no_shadow
}

// nucleotide -1

// particle -1
sphere {
	<26.330635, 32.573097, 36.418606> 0.250000
	pigment { color rgbt <1,0,0,0> }
	no_shadow
}
cylinder {
	<26.705755, 32.711685, 36.427490>,  <26.930826, 32.794838, 36.432819>, 0.100000
	pigment { color rgbt <1,0,0,0> }
	no_shadow
}
cylinder {
	<26.705755, 32.711685, 36.427490>,  <26.330635, 32.573097, 36.418606>, 0.100000
	pigment { color rgbt <1,0,0,0> }
	no_shadow
}

// particle -1
sphere {
	<26.705755, 32.711685, 36.427490> 0.100000
	pigment { color rgbt <1,0,0,0> }
	no_shadow
}
sphere {
	0, 1
	scale<0.080000,0.200000,0.300000>
	matrix <0.328353, -0.905905, 0.267435,
		0.112776, -0.243508, -0.963320,
		0.937798, 0.346470, 0.022208,
		26.987095, 32.815624, 36.434155>
	pigment { color rgbt <0,1,1,0> }
	no_shadow
}
cylinder {
	<26.836729, 32.093731, 36.055172>,  <26.330635, 32.573097, 36.418606>, 0.130000
	pigment { color rgbt <1,0,0,0> }
	no_shadow
}

// nucleotide -1

// particle -1
sphere {
	<26.836729, 32.093731, 36.055172> 0.250000
	pigment { color rgbt <1,0,0,0> }
	no_shadow
}
cylinder {
	<27.031450, 32.303135, 36.334877>,  <27.148283, 32.428776, 36.502701>, 0.100000
	pigment { color rgbt <1,0,0,0> }
	no_shadow
}
cylinder {
	<27.031450, 32.303135, 36.334877>,  <26.836729, 32.093731, 36.055172>, 0.100000
	pigment { color rgbt <1,0,0,0> }
	no_shadow
}

// particle -1
sphere {
	<27.031450, 32.303135, 36.334877> 0.100000
	pigment { color rgbt <1,0,0,0> }
	no_shadow
}
sphere {
	0, 1
	scale<0.080000,0.200000,0.300000>
	matrix <0.400259, -0.845214, 0.354127,
		0.776413, 0.107496, -0.620989,
		0.486801, 0.523505, 0.699262,
		27.177490, 32.460186, 36.544655>
	pigment { color rgbt <0,1,1,0> }
	no_shadow
}
cylinder {
	<27.493853, 31.877085, 36.039791>,  <26.836729, 32.093731, 36.055172>, 0.130000
	pigment { color rgbt <1,0,0,0> }
	no_shadow
}

// nucleotide -1

// particle -1
sphere {
	<27.493853, 31.877085, 36.039791> 0.250000
	pigment { color rgbt <1,0,0,0> }
	no_shadow
}
cylinder {
	<27.508730, 32.048412, 36.400936>,  <27.517656, 32.151207, 36.617622>, 0.100000
	pigment { color rgbt <1,0,0,0> }
	no_shadow
}
cylinder {
	<27.508730, 32.048412, 36.400936>,  <27.493853, 31.877085, 36.039791>, 0.100000
	pigment { color rgbt <1,0,0,0> }
	no_shadow
}

// particle -1
sphere {
	<27.508730, 32.048412, 36.400936> 0.100000
	pigment { color rgbt <1,0,0,0> }
	no_shadow
}
sphere {
	0, 1
	scale<0.080000,0.200000,0.300000>
	matrix <0.311578, -0.863419, 0.396769,
		0.949492, 0.266555, -0.165568,
		0.037194, 0.428317, 0.902863,
		27.519888, 32.176907, 36.671795>
	pigment { color rgbt <0,1,1,0> }
	no_shadow
}
cylinder {
	<27.551533, 31.273012, 36.410946>,  <27.493853, 31.877085, 36.039791>, 0.130000
	pigment { color rgbt <1,0,0,0> }
	no_shadow
}

// nucleotide -1

// particle -1
sphere {
	<27.551533, 31.273012, 36.410946> 0.250000
	pigment { color rgbt <1,0,0,0> }
	no_shadow
}
cylinder {
	<27.586306, 31.511326, 36.730316>,  <27.607170, 31.654314, 36.921940>, 0.100000
	pigment { color rgbt <1,0,0,0> }
	no_shadow
}
cylinder {
	<27.586306, 31.511326, 36.730316>,  <27.551533, 31.273012, 36.410946>, 0.100000
	pigment { color rgbt <1,0,0,0> }
	no_shadow
}

// particle -1
sphere {
	<27.586306, 31.511326, 36.730316> 0.100000
	pigment { color rgbt <1,0,0,0> }
	no_shadow
}
sphere {
	0, 1
	scale<0.080000,0.200000,0.300000>
	matrix <-0.140433, -0.786129, 0.601897,
		0.986267, -0.164449, 0.015328,
		0.086931, 0.595783, 0.798426,
		27.612385, 31.690062, 36.969845>
	pigment { color rgbt <0,1,1,0> }
	no_shadow
}
cylinder {
	<27.334177, 30.670547, 36.616539>,  <27.551533, 31.273012, 36.410946>, 0.130000
	pigment { color rgbt <1,0,0,0> }
	no_shadow
}

// nucleotide -1

// particle -1
sphere {
	<27.334177, 30.670547, 36.616539> 0.250000
	pigment { color rgbt <1,0,0,0> }
	no_shadow
}
cylinder {
	<27.146646, 30.437374, 36.881985>,  <27.034128, 30.297470, 37.041252>, 0.100000
	pigment { color rgbt <1,0,0,0> }
	no_shadow
}
cylinder {
	<27.146646, 30.437374, 36.881985>,  <27.334177, 30.670547, 36.616539>, 0.100000
	pigment { color rgbt <1,0,0,0> }
	no_shadow
}

// particle -1
sphere {
	<27.146646, 30.437374, 36.881985> 0.100000
	pigment { color rgbt <1,0,0,0> }
	no_shadow
}
sphere {
	0, 1
	scale<0.080000,0.200000,0.300000>
	matrix <0.830190, -0.547372, 0.105683,
		0.301639, 0.600476, 0.740569,
		-0.468827, -0.582934, 0.663618,
		27.005999, 30.262493, 37.081070>
	pigment { color rgbt <0,1,1,0> }
	no_shadow
}
cylinder {
	<27.739891, 31.063757, 37.119793>,  <27.334177, 30.670547, 36.616539>, 0.130000
	pigment { color rgbt <1,0,0,0> }
	no_shadow
}

// nucleotide -1

// particle -1
sphere {
	<27.739891, 31.063757, 37.119793> 0.250000
	pigment { color rgbt <1,0,0,0> }
	no_shadow
}
cylinder {
	<28.034010, 31.272667, 37.292564>,  <28.210482, 31.398012, 37.396229>, 0.100000
	pigment { color rgbt <1,0,0,0> }
	no_shadow
}
cylinder {
	<28.034010, 31.272667, 37.292564>,  <27.739891, 31.063757, 37.119793>, 0.100000
	pigment { color rgbt <1,0,0,0> }
	no_shadow
}

// particle -1
sphere {
	<28.034010, 31.272667, 37.292564> 0.100000
	pigment { color rgbt <1,0,0,0> }
	no_shadow
}
sphere {
	0, 1
	scale<0.080000,0.200000,0.300000>
	matrix <-0.353454, 0.839284, -0.413126,
		-0.578278, 0.151104, 0.801725,
		0.735299, 0.522274, 0.431931,
		28.254601, 31.429350, 37.422142>
	pigment { color rgbt <0,1,1,0> }
	no_shadow
}
cylinder {
	<27.409100, 31.422720, 37.758205>,  <27.739891, 31.063757, 37.119793>, 0.130000
	pigment { color rgbt <1,0,0,0> }
	no_shadow
}

// nucleotide -1

// particle -1
sphere {
	<27.409100, 31.422720, 37.758205> 0.250000
	pigment { color rgbt <1,0,0,0> }
	no_shadow
}
cylinder {
	<27.717798, 31.566315, 37.548241>,  <27.903017, 31.652472, 37.422260>, 0.100000
	pigment { color rgbt <1,0,0,0> }
	no_shadow
}
cylinder {
	<27.717798, 31.566315, 37.548241>,  <27.409100, 31.422720, 37.758205>, 0.100000
	pigment { color rgbt <1,0,0,0> }
	no_shadow
}

// particle -1
sphere {
	<27.717798, 31.566315, 37.548241> 0.100000
	pigment { color rgbt <1,0,0,0> }
	no_shadow
}
sphere {
	0, 1
	scale<0.080000,0.200000,0.300000>
	matrix <-0.552467, 0.787265, -0.273849,
		0.314938, 0.501340, 0.805898,
		0.771748, 0.358987, -0.524914,
		27.949322, 31.674011, 37.390766>
	pigment { color rgbt <0,1,1,0> }
	no_shadow
}
cylinder {
	<27.645948, 32.112114, 38.047905>,  <27.409100, 31.422720, 37.758205>, 0.130000
	pigment { color rgbt <1,0,0,0> }
	no_shadow
}

// nucleotide -1

// particle -1
sphere {
	<27.645948, 32.112114, 38.047905> 0.250000
	pigment { color rgbt <1,0,0,0> }
	no_shadow
}
cylinder {
	<27.703911, 32.071335, 37.654232>,  <27.738689, 32.046867, 37.418030>, 0.100000
	pigment { color rgbt <1,0,0,0> }
	no_shadow
}
cylinder {
	<27.703911, 32.071335, 37.654232>,  <27.645948, 32.112114, 38.047905>, 0.100000
	pigment { color rgbt <1,0,0,0> }
	no_shadow
}

// particle -1
sphere {
	<27.703911, 32.071335, 37.654232> 0.100000
	pigment { color rgbt <1,0,0,0> }
	no_shadow
}
sphere {
	0, 1
	scale<0.080000,0.200000,0.300000>
	matrix <-0.345886, 0.926702, -0.146924,
		0.927019, 0.361704, 0.099023,
		0.144908, -0.101950, -0.984179,
		27.747383, 32.040749, 37.358978>
	pigment { color rgbt <0,1,1,0> }
	no_shadow
}
cylinder {
	<27.450098, 32.755447, 37.796318>,  <27.645948, 32.112114, 38.047905>, 0.130000
	pigment { color rgbt <1,0,0,0> }
	no_shadow
}

// nucleotide -1

// particle -1
sphere {
	<27.450098, 32.755447, 37.796318> 0.250000
	pigment { color rgbt <1,0,0,0> }
	no_shadow
}
cylinder {
	<27.491198, 32.584301, 37.437126>,  <27.515858, 32.481613, 37.221611>, 0.100000
	pigment { color rgbt <1,0,0,0> }
	no_shadow
}
cylinder {
	<27.491198, 32.584301, 37.437126>,  <27.450098, 32.755447, 37.796318>, 0.100000
	pigment { color rgbt <1,0,0,0> }
	no_shadow
}

// particle -1
sphere {
	<27.491198, 32.584301, 37.437126> 0.100000
	pigment { color rgbt <1,0,0,0> }
	no_shadow
}
sphere {
	0, 1
	scale<0.080000,0.200000,0.300000>
	matrix <-0.306981, 0.845054, -0.437775,
		0.946153, 0.320643, -0.044521,
		0.102747, -0.427870, -0.897981,
		27.522022, 32.455940, 37.167732>
	pigment { color rgbt <0,1,1,0> }
	no_shadow
}
cylinder {
	<27.981112, 33.153236, 37.388588>,  <27.450098, 32.755447, 37.796318>, 0.130000
	pigment { color rgbt <1,0,0,0> }
	no_shadow
}

// nucleotide -1

// particle -1
sphere {
	<27.981112, 33.153236, 37.388588> 0.250000
	pigment { color rgbt <1,0,0,0> }
	no_shadow
}
cylinder {
	<27.750088, 32.956238, 37.128166>,  <27.611473, 32.838039, 36.971912>, 0.100000
	pigment { color rgbt <1,0,0,0> }
	no_shadow
}
cylinder {
	<27.750088, 32.956238, 37.128166>,  <27.981112, 33.153236, 37.388588>, 0.100000
	pigment { color rgbt <1,0,0,0> }
	no_shadow
}

// particle -1
sphere {
	<27.750088, 32.956238, 37.128166> 0.100000
	pigment { color rgbt <1,0,0,0> }
	no_shadow
}
sphere {
	0, 1
	scale<0.080000,0.200000,0.300000>
	matrix <0.004535, 0.795569, -0.605846,
		0.816341, -0.352861, -0.457249,
		-0.577553, -0.492503, -0.651056,
		27.576820, 32.808487, 36.932850>
	pigment { color rgbt <0,1,1,0> }
	no_shadow
}
cylinder {
	<28.145296, 33.340504, 36.686493>,  <27.981112, 33.153236, 37.388588>, 0.130000
	pigment { color rgbt <1,0,0,0> }
	no_shadow
}

// nucleotide -1

// particle -1
sphere {
	<28.145296, 33.340504, 36.686493> 0.250000
	pigment { color rgbt <1,0,0,0> }
	no_shadow
}
cylinder {
	<27.796680, 33.181496, 36.571674>,  <27.587511, 33.086090, 36.502781>, 0.100000
	pigment { color rgbt <1,0,0,0> }
	no_shadow
}
cylinder {
	<27.796680, 33.181496, 36.571674>,  <28.145296, 33.340504, 36.686493>, 0.100000
	pigment { color rgbt <1,0,0,0> }
	no_shadow
}

// particle -1
sphere {
	<27.796680, 33.181496, 36.571674> 0.100000
	pigment { color rgbt <1,0,0,0> }
	no_shadow
}
sphere {
	0, 1
	scale<0.080000,0.200000,0.300000>
	matrix <-0.116558, 0.736615, -0.666193,
		0.476268, -0.547156, -0.688324,
		-0.871541, -0.397516, -0.287051,
		27.535219, 33.062241, 36.485558>
	pigment { color rgbt <0,1,1,0> }
	no_shadow
}
cylinder {
	<28.109552, 33.439682, 35.917786>,  <28.145296, 33.340504, 36.686493>, 0.130000
	pigment { color rgbt <1,0,0,0> }
	no_shadow
}

// nucleotide -1

// particle -1
sphere {
	<28.109552, 33.439682, 35.917786> 0.250000
	pigment { color rgbt <1,0,0,0> }
	no_shadow
}
cylinder {
	<27.736195, 33.381985, 36.049221>,  <27.512180, 33.347366, 36.128082>, 0.100000
	pigment { color rgbt <1,0,0,0> }
	no_shadow
}
cylinder {
	<27.736195, 33.381985, 36.049221>,  <28.109552, 33.439682, 35.917786>, 0.100000
	pigment { color rgbt <1,0,0,0> }
	no_shadow
}

// particle -1
sphere {
	<27.736195, 33.381985, 36.049221> 0.100000
	pigment { color rgbt <1,0,0,0> }
	no_shadow
}
sphere {
	0, 1
	scale<0.080000,0.200000,0.300000>
	matrix <-0.344520, 0.616408, -0.708058,
		-0.100413, -0.774103, -0.625046,
		-0.933393, -0.144242, 0.328589,
		27.456177, 33.338711, 36.147797>
	pigment { color rgbt <0,1,1,0> }
	no_shadow
}
cylinder {
	<28.693110, 33.716667, 35.530262>,  <28.109552, 33.439682, 35.917786>, 0.130000
	pigment { color rgbt <1,0,0,0> }
	no_shadow
}

// nucleotide -1

// particle -1
sphere {
	<28.693110, 33.716667, 35.530262> 0.250000
	pigment { color rgbt <1,0,0,0> }
	no_shadow
}
cylinder {
	<28.745874, 33.937248, 35.200779>,  <28.777534, 34.069595, 35.003090>, 0.100000
	pigment { color rgbt <1,0,0,0> }
	no_shadow
}
cylinder {
	<28.745874, 33.937248, 35.200779>,  <28.693110, 33.716667, 35.530262>, 0.100000
	pigment { color rgbt <1,0,0,0> }
	no_shadow
}

// particle -1
sphere {
	<28.745874, 33.937248, 35.200779> 0.100000
	pigment { color rgbt <1,0,0,0> }
	no_shadow
}
sphere {
	0, 1
	scale<0.080000,0.200000,0.300000>
	matrix <0.701160, -0.639300, -0.315705,
		-0.700695, -0.535908, -0.470988,
		0.131914, 0.551451, -0.823712,
		28.785448, 34.102684, 34.953667>
	pigment { color rgbt <0,1,1,0> }
	no_shadow
}
cylinder {
	<28.510172, 33.219490, 34.933350>,  <28.693110, 33.716667, 35.530262>, 0.130000
	pigment { color rgbt <1,0,0,0> }
	no_shadow
}

// nucleotide -1

// particle -1
sphere {
	<28.510172, 33.219490, 34.933350> 0.250000
	pigment { color rgbt <1,0,0,0> }
	no_shadow
}
cylinder {
	<28.767035, 33.513634, 34.846741>,  <28.921152, 33.690121, 34.794777>, 0.100000
	pigment { color rgbt <1,0,0,0> }
	no_shadow
}
cylinder {
	<28.767035, 33.513634, 34.846741>,  <28.510172, 33.219490, 34.933350>, 0.100000
	pigment { color rgbt <1,0,0,0> }
	no_shadow
}

// particle -1
sphere {
	<28.767035, 33.513634, 34.846741> 0.100000
	pigment { color rgbt <1,0,0,0> }
	no_shadow
}
sphere {
	0, 1
	scale<0.080000,0.200000,0.300000>
	matrix <0.536363, -0.632810, -0.558449,
		-0.547676, 0.242479, -0.800784,
		0.642157, 0.735360, -0.216518,
		28.959681, 33.734241, 34.781784>
	pigment { color rgbt <0,1,1,0> }
	no_shadow
}
cylinder {
	<28.527052, 33.396706, 34.134270>,  <28.510172, 33.219490, 34.933350>, 0.130000
	pigment { color rgbt <1,0,0,0> }
	no_shadow
}

// nucleotide -1

// particle -1
sphere {
	<28.527052, 33.396706, 34.134270> 0.250000
	pigment { color rgbt <1,0,0,0> }
	no_shadow
}
cylinder {
	<28.853949, 33.409340, 34.364441>,  <29.050087, 33.416920, 34.502544>, 0.100000
	pigment { color rgbt <1,0,0,0> }
	no_shadow
}
cylinder {
	<28.853949, 33.409340, 34.364441>,  <28.527052, 33.396706, 34.134270>, 0.100000
	pigment { color rgbt <1,0,0,0> }
	no_shadow
}

// particle -1
sphere {
	<28.853949, 33.409340, 34.364441> 0.100000
	pigment { color rgbt <1,0,0,0> }
	no_shadow
}
sphere {
	0, 1
	scale<0.080000,0.200000,0.300000>
	matrix <0.364373, -0.801907, -0.473473,
		0.446488, 0.596613, -0.666859,
		0.817240, 0.031585, 0.575432,
		29.099121, 33.418816, 34.537071>
	pigment { color rgbt <0,1,1,0> }
	no_shadow
}
cylinder {
	<29.127401, 33.465641, 33.815605>,  <28.527052, 33.396706, 34.134270>, 0.130000
	pigment { color rgbt <1,0,0,0> }
	no_shadow
}

// nucleotide -1

// particle -1
sphere {
	<29.127401, 33.465641, 33.815605> 0.250000
	pigment { color rgbt <1,0,0,0> }
	no_shadow
}
cylinder {
	<29.156641, 33.241352, 34.145512>,  <29.174185, 33.106777, 34.343456>, 0.100000
	pigment { color rgbt <1,0,0,0> }
	no_shadow
}
cylinder {
	<29.156641, 33.241352, 34.145512>,  <29.127401, 33.465641, 33.815605>, 0.100000
	pigment { color rgbt <1,0,0,0> }
	no_shadow
}

// particle -1
sphere {
	<29.156641, 33.241352, 34.145512> 0.100000
	pigment { color rgbt <1,0,0,0> }
	no_shadow
}
sphere {
	0, 1
	scale<0.080000,0.200000,0.300000>
	matrix <0.022295, -0.825858, -0.563438,
		0.997075, 0.059575, -0.047868,
		0.073100, -0.560723, 0.824771,
		29.178572, 33.073135, 34.392944>
	pigment { color rgbt <0,1,1,0> }
	no_shadow
}
cylinder {
	<29.685722, 32.970791, 33.935383>,  <29.127401, 33.465641, 33.815605>, 0.130000
	pigment { color rgbt <1,0,0,0> }
	no_shadow
}

// nucleotide -1

// particle -1
sphere {
	<29.685722, 32.970791, 33.935383> 0.250000
	pigment { color rgbt <1,0,0,0> }
	no_shadow
}
cylinder {
	<29.780516, 32.615849, 33.777176>,  <29.837391, 32.402882, 33.682251>, 0.100000
	pigment { color rgbt <1,0,0,0> }
	no_shadow
}
cylinder {
	<29.780516, 32.615849, 33.777176>,  <29.685722, 32.970791, 33.935383>, 0.100000
	pigment { color rgbt <1,0,0,0> }
	no_shadow
}

// particle -1
sphere {
	<29.780516, 32.615849, 33.777176> 0.100000
	pigment { color rgbt <1,0,0,0> }
	no_shadow
}
sphere {
	0, 1
	scale<0.080000,0.200000,0.300000>
	matrix <0.808551, -0.045553, 0.586660,
		-0.538595, -0.458825, 0.706679,
		0.236983, -0.887358, -0.395518,
		29.851610, 32.349640, 33.658520>
	pigment { color rgbt <0,1,1,0> }
	no_shadow
}
cylinder {
	<29.680864, 32.479496, 34.387154>,  <29.685722, 32.970791, 33.935383>, 0.130000
	pigment { color rgbt <1,0,0,0> }
	no_shadow
}

// nucleotide -1

// particle -1
sphere {
	<29.680864, 32.479496, 34.387154> 0.250000
	pigment { color rgbt <1,0,0,0> }
	no_shadow
}
cylinder {
	<29.950874, 32.335518, 34.129539>,  <30.112881, 32.249130, 33.974972>, 0.100000
	pigment { color rgbt <1,0,0,0> }
	no_shadow
}
cylinder {
	<29.950874, 32.335518, 34.129539>,  <29.680864, 32.479496, 34.387154>, 0.100000
	pigment { color rgbt <1,0,0,0> }
	no_shadow
}

// particle -1
sphere {
	<29.950874, 32.335518, 34.129539> 0.100000
	pigment { color rgbt <1,0,0,0> }
	no_shadow
}
sphere {
	0, 1
	scale<0.080000,0.200000,0.300000>
	matrix <0.601723, -0.236534, 0.762876,
		-0.426933, -0.902490, 0.056924,
		0.675024, -0.359950, -0.644034,
		30.153381, 32.227531, 33.936329>
	pigment { color rgbt <0,1,1,0> }
	no_shadow
}
cylinder {
	<29.911234, 31.730667, 34.499645>,  <29.680864, 32.479496, 34.387154>, 0.130000
	pigment { color rgbt <1,0,0,0> }
	no_shadow
}

// nucleotide -1

// particle -1
sphere {
	<29.911234, 31.730667, 34.499645> 0.250000
	pigment { color rgbt <1,0,0,0> }
	no_shadow
}
cylinder {
	<30.209070, 31.932575, 34.324928>,  <30.387772, 32.053719, 34.220097>, 0.100000
	pigment { color rgbt <1,0,0,0> }
	no_shadow
}
cylinder {
	<30.209070, 31.932575, 34.324928>,  <29.911234, 31.730667, 34.499645>, 0.100000
	pigment { color rgbt <1,0,0,0> }
	no_shadow
}

// particle -1
sphere {
	<30.209070, 31.932575, 34.324928> 0.100000
	pigment { color rgbt <1,0,0,0> }
	no_shadow
}
sphere {
	0, 1
	scale<0.080000,0.200000,0.300000>
	matrix <0.610613, -0.250680, 0.751206,
		0.269691, -0.826055, -0.494874,
		0.744593, 0.504770, -0.436794,
		30.432447, 32.084007, 34.193890>
	pigment { color rgbt <0,1,1,0> }
	no_shadow
}
cylinder {
	<29.589231, 31.444122, 33.924183>,  <29.911234, 31.730667, 34.499645>, 0.130000
	pigment { color rgbt <1,0,0,0> }
	no_shadow
}

// nucleotide -1

// particle -1
sphere {
	<29.589231, 31.444122, 33.924183> 0.250000
	pigment { color rgbt <1,0,0,0> }
	no_shadow
}
cylinder {
	<29.501780, 31.683567, 33.615932>,  <29.449308, 31.827234, 33.430981>, 0.100000
	pigment { color rgbt <1,0,0,0> }
	no_shadow
}
cylinder {
	<29.501780, 31.683567, 33.615932>,  <29.589231, 31.444122, 33.924183>, 0.100000
	pigment { color rgbt <1,0,0,0> }
	no_shadow
}

// particle -1
sphere {
	<29.501780, 31.683567, 33.615932> 0.100000
	pigment { color rgbt <1,0,0,0> }
	no_shadow
}
sphere {
	0, 1
	scale<0.080000,0.200000,0.300000>
	matrix <0.811410, 0.550207, 0.197193,
		0.542046, -0.582182, -0.606012,
		-0.218630, 0.598612, -0.770626,
		29.436190, 31.863152, 33.384747>
	pigment { color rgbt <0,1,1,0> }
	no_shadow
}
cylinder {
	<30.257303, 31.253561, 33.621964>,  <29.589231, 31.444122, 33.924183>, 0.130000
	pigment { color rgbt <1,0,0,0> }
	no_shadow
}

// nucleotide -1

// particle -1
sphere {
	<30.257303, 31.253561, 33.621964> 0.250000
	pigment { color rgbt <1,0,0,0> }
	no_shadow
}
cylinder {
	<30.014452, 31.296898, 33.307091>,  <29.868742, 31.322899, 33.118168>, 0.100000
	pigment { color rgbt <1,0,0,0> }
	no_shadow
}
cylinder {
	<30.014452, 31.296898, 33.307091>,  <30.257303, 31.253561, 33.621964>, 0.100000
	pigment { color rgbt <1,0,0,0> }
	no_shadow
}

// particle -1
sphere {
	<30.014452, 31.296898, 33.307091> 0.100000
	pigment { color rgbt <1,0,0,0> }
	no_shadow
}
sphere {
	0, 1
	scale<0.080000,0.200000,0.300000>
	matrix <-0.417154, 0.799708, 0.431798,
		0.676299, 0.590533, -0.440329,
		-0.607126, 0.108340, -0.787185,
		29.832314, 31.329399, 33.070934>
	pigment { color rgbt <0,1,1,0> }
	no_shadow
}
cylinder {
	<31.021128, 31.542498, 33.504955>,  <30.257303, 31.253561, 33.621964>, 0.130000
	pigment { color rgbt <1,0,0,0> }
	no_shadow
}

// nucleotide -1

// particle -1
sphere {
	<31.021128, 31.542498, 33.504955> 0.250000
	pigment { color rgbt <1,0,0,0> }
	no_shadow
}
cylinder {
	<31.099421, 31.219845, 33.281876>,  <31.146397, 31.026253, 33.148026>, 0.100000
	pigment { color rgbt <1,0,0,0> }
	no_shadow
}
cylinder {
	<31.099421, 31.219845, 33.281876>,  <31.021128, 31.542498, 33.504955>, 0.100000
	pigment { color rgbt <1,0,0,0> }
	no_shadow
}

// particle -1
sphere {
	<31.099421, 31.219845, 33.281876> 0.100000
	pigment { color rgbt <1,0,0,0> }
	no_shadow
}
sphere {
	0, 1
	scale<0.080000,0.200000,0.300000>
	matrix <0.888734, 0.386304, -0.246822,
		0.414538, -0.447339, 0.792493,
		0.195731, -0.806633, -0.557703,
		31.158140, 30.977856, 33.114563>
	pigment { color rgbt <0,1,1,0> }
	no_shadow
}
cylinder {
	<31.693520, 31.292582, 33.621609>,  <31.021128, 31.542498, 33.504955>, 0.130000
	pigment { color rgbt <1,0,0,0> }
	no_shadow
}

// nucleotide -1

// particle -1
sphere {
	<31.693520, 31.292582, 33.621609> 0.250000
	pigment { color rgbt <1,0,0,0> }
	no_shadow
}
cylinder {
	<31.600552, 31.148506, 33.260223>,  <31.544771, 31.062061, 33.043392>, 0.100000
	pigment { color rgbt <1,0,0,0> }
	no_shadow
}
cylinder {
	<31.600552, 31.148506, 33.260223>,  <31.693520, 31.292582, 33.621609>, 0.100000
	pigment { color rgbt <1,0,0,0> }
	no_shadow
}

// particle -1
sphere {
	<31.600552, 31.148506, 33.260223> 0.100000
	pigment { color rgbt <1,0,0,0> }
	no_shadow
}
sphere {
	0, 1
	scale<0.080000,0.200000,0.300000>
	matrix <0.958302, 0.073973, -0.276017,
		0.166250, -0.929942, 0.327977,
		-0.232418, -0.360189, -0.903463,
		31.530827, 31.040449, 32.989185>
	pigment { color rgbt <0,1,1,0> }
	no_shadow
}
cylinder {
	<31.923491, 31.680288, 32.999577>,  <31.693520, 31.292582, 33.621609>, 0.130000
	pigment { color rgbt <1,0,0,0> }
	no_shadow
}

// nucleotide -1

// particle -1
sphere {
	<31.923491, 31.680288, 32.999577> 0.250000
	pigment { color rgbt <1,0,0,0> }
	no_shadow
}
cylinder {
	<32.278767, 31.557838, 33.136635>,  <32.491932, 31.484369, 33.218872>, 0.100000
	pigment { color rgbt <1,0,0,0> }
	no_shadow
}
cylinder {
	<32.278767, 31.557838, 33.136635>,  <31.923491, 31.680288, 32.999577>, 0.100000
	pigment { color rgbt <1,0,0,0> }
	no_shadow
}

// particle -1
sphere {
	<32.278767, 31.557838, 33.136635> 0.100000
	pigment { color rgbt <1,0,0,0> }
	no_shadow
}
sphere {
	0, 1
	scale<0.080000,0.200000,0.300000>
	matrix <0.390621, 0.110398, -0.913908,
		0.241943, 0.945569, 0.217633,
		0.888189, -0.306125, 0.342649,
		32.545223, 31.466002, 33.239429>
	pigment { color rgbt <0,1,1,0> }
	no_shadow
}
cylinder {
	<31.539284, 32.364704, 33.181396>,  <31.923491, 31.680288, 32.999577>, 0.130000
	pigment { color rgbt <1,0,0,0> }
	no_shadow
}

// nucleotide -1

// particle -1
sphere {
	<31.539284, 32.364704, 33.181396> 0.250000
	pigment { color rgbt <1,0,0,0> }
	no_shadow
}
cylinder {
	<31.912081, 32.246208, 33.264954>,  <32.135757, 32.175110, 33.315090>, 0.100000
	pigment { color rgbt <1,0,0,0> }
	no_shadow
}
cylinder {
	<31.912081, 32.246208, 33.264954>,  <31.539284, 32.364704, 33.181396>, 0.100000
	pigment { color rgbt <1,0,0,0> }
	no_shadow
}

// particle -1
sphere {
	<31.912081, 32.246208, 33.264954> 0.100000
	pigment { color rgbt <1,0,0,0> }
	no_shadow
}
sphere {
	0, 1
	scale<0.080000,0.200000,0.300000>
	matrix <0.360607, 0.699183, -0.617337,
		0.036821, 0.650682, 0.758457,
		0.931991, -0.296235, 0.208896,
		32.191677, 32.157337, 33.327621>
	pigment { color rgbt <0,1,1,0> }
	no_shadow
}
cylinder {
	<32.009579, 32.732849, 32.735329>,  <31.539284, 32.364704, 33.181396>, 0.130000
	pigment { color rgbt <1,0,0,0> }
	no_shadow
}

// nucleotide -1

// particle -1
sphere {
	<32.009579, 32.732849, 32.735329> 0.250000
	pigment { color rgbt <1,0,0,0> }
	no_shadow
}
cylinder {
	<32.309917, 32.538834, 32.914650>,  <32.490120, 32.422424, 33.022243>, 0.100000
	pigment { color rgbt <1,0,0,0> }
	no_shadow
}
cylinder {
	<32.309917, 32.538834, 32.914650>,  <32.009579, 32.732849, 32.735329>, 0.100000
	pigment { color rgbt <1,0,0,0> }
	no_shadow
}

// particle -1
sphere {
	<32.309917, 32.538834, 32.914650> 0.100000
	pigment { color rgbt <1,0,0,0> }
	no_shadow
}
sphere {
	0, 1
	scale<0.080000,0.200000,0.300000>
	matrix <0.660477, 0.549514, -0.511668,
		0.001831, 0.680274, 0.732955,
		0.750844, -0.485037, 0.448299,
		32.535172, 32.393322, 33.049141>
	pigment { color rgbt <0,1,1,0> }
	no_shadow
}
cylinder {
	<31.737967, 33.230534, 33.267033>,  <32.009579, 32.732849, 32.735329>, 0.130000
	pigment { color rgbt <1,0,0,0> }
	no_shadow
}

// nucleotide -1

// particle -1
sphere {
	<31.737967, 33.230534, 33.267033> 0.250000
	pigment { color rgbt <1,0,0,0> }
	no_shadow
}
cylinder {
	<31.805643, 33.423092, 33.611038>,  <31.846249, 33.538628, 33.817444>, 0.100000
	pigment { color rgbt <1,0,0,0> }
	no_shadow
}
cylinder {
	<31.805643, 33.423092, 33.611038>,  <31.737967, 33.230534, 33.267033>, 0.100000
	pigment { color rgbt <1,0,0,0> }
	no_shadow
}

// particle -1
sphere {
	<31.805643, 33.423092, 33.611038> 0.100000
	pigment { color rgbt <1,0,0,0> }
	no_shadow
}
sphere {
	0, 1
	scale<0.080000,0.200000,0.300000>
	matrix <0.336731, 0.791855, -0.509489,
		-0.926276, 0.375795, -0.028128,
		0.169190, 0.481399, 0.860017,
		31.856400, 33.567513, 33.869045>
	pigment { color rgbt <0,1,1,0> }
	no_shadow
}
cylinder {
	<32.365532, 32.990402, 33.713310>,  <31.737967, 33.230534, 33.267033>, 0.130000
	pigment { color rgbt <1,0,0,0> }
	no_shadow
}

// nucleotide -1

// particle -1
sphere {
	<32.365532, 32.990402, 33.713310> 0.250000
	pigment { color rgbt <1,0,0,0> }
	no_shadow
}
cylinder {
	<32.520191, 32.941608, 33.347660>,  <32.612988, 32.912331, 33.128269>, 0.100000
	pigment { color rgbt <1,0,0,0> }
	no_shadow
}
cylinder {
	<32.520191, 32.941608, 33.347660>,  <32.365532, 32.990402, 33.713310>, 0.100000
	pigment { color rgbt <1,0,0,0> }
	no_shadow
}

// particle -1
sphere {
	<32.520191, 32.941608, 33.347660> 0.100000
	pigment { color rgbt <1,0,0,0> }
	no_shadow
}
sphere {
	0, 1
	scale<0.080000,0.200000,0.300000>
	matrix <0.914876, -0.074180, 0.396861,
		-0.116223, -0.989756, 0.082924,
		0.386644, -0.121989, -0.914125,
		32.636185, 32.905010, 33.073421>
	pigment { color rgbt <0,1,1,0> }
	no_shadow
}
cylinder {
	<32.895035, 32.431293, 33.792377>,  <32.365532, 32.990402, 33.713310>, 0.130000
	pigment { color rgbt <1,0,0,0> }
	no_shadow
}

// nucleotide -1

// particle -1
sphere {
	<32.895035, 32.431293, 33.792377> 0.250000
	pigment { color rgbt <1,0,0,0> }
	no_shadow
}
cylinder {
	<32.961388, 32.673729, 33.481213>,  <33.001198, 32.819191, 33.294514>, 0.100000
	pigment { color rgbt <1,0,0,0> }
	no_shadow
}
cylinder {
	<32.961388, 32.673729, 33.481213>,  <32.895035, 32.431293, 33.792377>, 0.100000
	pigment { color rgbt <1,0,0,0> }
	no_shadow
}

// particle -1
sphere {
	<32.961388, 32.673729, 33.481213> 0.100000
	pigment { color rgbt <1,0,0,0> }
	no_shadow
}
sphere {
	0, 1
	scale<0.080000,0.200000,0.300000>
	matrix <0.985806, -0.081202, 0.146949,
		0.025896, -0.791244, -0.610952,
		0.165883, 0.606085, -0.777909,
		33.011154, 32.855553, 33.247841>
	pigment { color rgbt <0,1,1,0> }
	no_shadow
}
cylinder {
	<33.403770, 32.147381, 33.530262>,  <32.895035, 32.431293, 33.792377>, 0.130000
	pigment { color rgbt <1,0,0,0> }
	no_shadow
}

// nucleotide -1

// particle -1
sphere {
	<33.403770, 32.147381, 33.530262> 0.250000
	pigment { color rgbt <1,0,0,0> }
	no_shadow
}
cylinder {
	<33.392509, 32.511326, 33.364685>,  <33.385754, 32.729694, 33.265339>, 0.100000
	pigment { color rgbt <1,0,0,0> }
	no_shadow
}
cylinder {
	<33.392509, 32.511326, 33.364685>,  <33.403770, 32.147381, 33.530262>, 0.100000
	pigment { color rgbt <1,0,0,0> }
	no_shadow
}

// particle -1
sphere {
	<33.392509, 32.511326, 33.364685> 0.100000
	pigment { color rgbt <1,0,0,0> }
	no_shadow
}
sphere {
	0, 1
	scale<0.080000,0.200000,0.300000>
	matrix <0.999359, 0.016459, -0.031780,
		-0.022103, -0.414575, -0.909747,
		-0.028149, 0.909866, -0.413946,
		33.384064, 32.784286, 33.240501>
	pigment { color rgbt <0,1,1,0> }
	no_shadow
}
cylinder {
	<33.732841, 32.234497, 32.864742>,  <33.403770, 32.147381, 33.530262>, 0.130000
	pigment { color rgbt <1,0,0,0> }
	no_shadow
}

// nucleotide -1

// particle -1
sphere {
	<33.732841, 32.234497, 32.864742> 0.250000
	pigment { color rgbt <1,0,0,0> }
	no_shadow
}
cylinder {
	<33.751091, 32.594803, 33.037502>,  <33.762039, 32.810986, 33.141159>, 0.100000
	pigment { color rgbt <1,0,0,0> }
	no_shadow
}
cylinder {
	<33.751091, 32.594803, 33.037502>,  <33.732841, 32.234497, 32.864742>, 0.100000
	pigment { color rgbt <1,0,0,0> }
	no_shadow
}

// particle -1
sphere {
	<33.751091, 32.594803, 33.037502> 0.100000
	pigment { color rgbt <1,0,0,0> }
	no_shadow
}
sphere {
	0, 1
	scale<0.080000,0.200000,0.300000>
	matrix <0.997503, -0.017750, -0.068355,
		-0.053905, 0.433937, -0.899329,
		0.045625, 0.900768, 0.431897,
		33.764778, 32.865032, 33.167072>
	pigment { color rgbt <0,1,1,0> }
	no_shadow
}
cylinder {
	<33.969818, 32.796959, 32.429291>,  <33.732841, 32.234497, 32.864742>, 0.130000
	pigment { color rgbt <1,0,0,0> }
	no_shadow
}

// nucleotide -1

// particle -1
sphere {
	<33.969818, 32.796959, 32.429291> 0.250000
	pigment { color rgbt <1,0,0,0> }
	no_shadow
}
cylinder {
	<34.053093, 32.784527, 32.820328>,  <34.103058, 32.777069, 33.054951>, 0.100000
	pigment { color rgbt <1,0,0,0> }
	no_shadow
}
cylinder {
	<34.053093, 32.784527, 32.820328>,  <33.969818, 32.796959, 32.429291>, 0.100000
	pigment { color rgbt <1,0,0,0> }
	no_shadow
}

// particle -1
sphere {
	<34.053093, 32.784527, 32.820328> 0.100000
	pigment { color rgbt <1,0,0,0> }
	no_shadow
}
sphere {
	0, 1
	scale<0.080000,0.200000,0.300000>
	matrix <0.975634, 0.077358, -0.205314,
		-0.069243, 0.996519, 0.046429,
		0.208191, -0.031081, 0.977594,
		34.115551, 32.775204, 33.113605>
	pigment { color rgbt <0,1,1,0> }
	no_shadow
}
cylinder {
	<34.577946, 33.085613, 32.470802>,  <33.969818, 32.796959, 32.429291>, 0.130000
	pigment { color rgbt <1,0,0,0> }
	no_shadow
}

// nucleotide -1

// particle -1
sphere {
	<34.577946, 33.085613, 32.470802> 0.250000
	pigment { color rgbt <1,0,0,0> }
	no_shadow
}
cylinder {
	<34.547558, 32.923119, 32.835045>,  <34.529324, 32.825623, 33.053589>, 0.100000
	pigment { color rgbt <1,0,0,0> }
	no_shadow
}
cylinder {
	<34.547558, 32.923119, 32.835045>,  <34.577946, 33.085613, 32.470802>, 0.100000
	pigment { color rgbt <1,0,0,0> }
	no_shadow
}

// particle -1
sphere {
	<34.547558, 32.923119, 32.835045> 0.100000
	pigment { color rgbt <1,0,0,0> }
	no_shadow
}
sphere {
	0, 1
	scale<0.080000,0.200000,0.300000>
	matrix <0.997074, -0.023192, 0.072839,
		-0.008471, 0.913476, 0.406805,
		-0.075971, -0.406232, 0.910606,
		34.524765, 32.801250, 33.108227>
	pigment { color rgbt <0,1,1,0> }
	no_shadow
}
cylinder {
	<35.060272, 33.485500, 32.878502>,  <34.577946, 33.085613, 32.470802>, 0.130000
	pigment { color rgbt <1,0,0,0> }
	no_shadow
}

// nucleotide -1

// particle -1
sphere {
	<35.060272, 33.485500, 32.878502> 0.250000
	pigment { color rgbt <1,0,0,0> }
	no_shadow
}
cylinder {
	<35.007740, 33.127796, 33.049637>,  <34.976219, 32.913174, 33.152317>, 0.100000
	pigment { color rgbt <1,0,0,0> }
	no_shadow
}
cylinder {
	<35.007740, 33.127796, 33.049637>,  <35.060272, 33.485500, 32.878502>, 0.100000
	pigment { color rgbt <1,0,0,0> }
	no_shadow
}

// particle -1
sphere {
	<35.007740, 33.127796, 33.049637> 0.100000
	pigment { color rgbt <1,0,0,0> }
	no_shadow
}
sphere {
	0, 1
	scale<0.080000,0.200000,0.300000>
	matrix <0.980832, -0.054549, 0.187064,
		-0.143946, 0.444206, 0.884285,
		-0.131331, -0.894262, 0.427840,
		34.968342, 32.859516, 33.177990>
	pigment { color rgbt <0,1,1,0> }
	no_shadow
}
cylinder {
	<35.456219, 33.536022, 33.533741>,  <35.060272, 33.485500, 32.878502>, 0.130000
	pigment { color rgbt <1,0,0,0> }
	no_shadow
}

// nucleotide -1

// particle -1
sphere {
	<35.456219, 33.536022, 33.533741> 0.250000
	pigment { color rgbt <1,0,0,0> }
	no_shadow
}
cylinder {
	<35.397186, 33.180241, 33.360722>,  <35.361767, 32.966774, 33.256908>, 0.100000
	pigment { color rgbt <1,0,0,0> }
	no_shadow
}
cylinder {
	<35.397186, 33.180241, 33.360722>,  <35.456219, 33.536022, 33.533741>, 0.100000
	pigment { color rgbt <1,0,0,0> }
	no_shadow
}

// particle -1
sphere {
	<35.397186, 33.180241, 33.360722> 0.100000
	pigment { color rgbt <1,0,0,0> }
	no_shadow
}
sphere {
	0, 1
	scale<0.080000,0.200000,0.300000>
	matrix <0.955922, -0.240518, 0.168418,
