// switches for output
#declare DRAW_BASES = 1; // possible values are 0, 1; only relevant for DNA ribbons
#declare DRAW_BASES_TYPE = 3; // possible values are 1, 2, 3; only relevant for DNA ribbons
#declare DRAW_FOG = 0; // set to 1 to enable fog

#include "colors.inc"

#include "transforms.inc"
background { rgb <1, 1, 1>}

#default {
   normal{
       ripples 0.25
       frequency 0.20
       turbulence 0.2
       lambda 5
   }
	finish {
		phong 0.1
		phong_size 40.
	}
}

// original window dimensions: 1024x640


// camera settings

camera {
	sky <0, 0.179814, -0.983701>
	up <0, 0.179814, -0.983701>
	right 1.6 * <1, 0, 0>
	location <35, 94.9851, 44.8844>
	look_at <35, 29.7336, 32.9568>
	direction <0, -65.2515, -11.9276>
	angle 67.0682
}


# declare cpy_camera_pos = <35, 94.9851, 44.8844>;
# if (DRAW_FOG = 1)
fog {
	fog_type 2
	up vnormalize(cpy_camera_pos)
	color rgbt<1,1,1,0.3>
	distance 1e-5
	fog_alt 3e-3
	fog_offset 56
}
# end


// LIGHTS

# declare lum = 6;
global_settings {
	ambient_light rgb lum * <0.05, 0.05, 0.05>
	max_trace_level 15
}# declare cpy_direct_light_amount = 0.25;
light_source
{	1000 * <-1, -1.16352, -0.803886>,
	rgb lum * cpy_direct_light_amount
	parallel
}

light_source
{	1000 * <1, 1.16352, 0.803886>,
	rgb lum * cpy_direct_light_amount
	parallel
}

// strand 0

// nucleotide -1

// particle -1
sphere {
	<24.411005, 35.192150, 35.857635> 0.250000
	pigment { color rgbt <1,0,0,0> }
	no_shadow
}
cylinder {
	<24.426027, 35.200600, 35.458008>,  <24.435040, 35.205669, 35.218231>, 0.100000
	pigment { color rgbt <1,0,0,0> }
	no_shadow
}
cylinder {
	<24.426027, 35.200600, 35.458008>,  <24.411005, 35.192150, 35.857635>, 0.100000
	pigment { color rgbt <1,0,0,0> }
	no_shadow
}

// particle -1
sphere {
	<24.426027, 35.200600, 35.458008> 0.100000
	pigment { color rgbt <1,0,0,0> }
	no_shadow
}
sphere {
	0, 1
	scale<0.080000,0.200000,0.300000>
	matrix <0.915215, 0.400678, 0.042875,
		0.401211, -0.915975, -0.004289,
		0.037554, 0.021127, -0.999071,
		24.437294, 35.206940, 35.158287>
	pigment { color rgbt <0,1,1,0> }
	no_shadow
}
cylinder {
	<25.067204, 34.962627, 35.720551>,  <24.411005, 35.192150, 35.857635>, 0.130000
	pigment { color rgbt <1,0,0,0> }
	no_shadow
}

// nucleotide -1

// particle -1
sphere {
	<25.067204, 34.962627, 35.720551> 0.250000
	pigment { color rgbt <1,0,0,0> }
	no_shadow
}
cylinder {
	<24.942236, 35.220844, 35.441792>,  <24.867256, 35.375774, 35.274536>, 0.100000
	pigment { color rgbt <1,0,0,0> }
	no_shadow
}
cylinder {
	<24.942236, 35.220844, 35.441792>,  <25.067204, 34.962627, 35.720551>, 0.100000
	pigment { color rgbt <1,0,0,0> }
	no_shadow
}

// particle -1
sphere {
	<24.942236, 35.220844, 35.441792> 0.100000
	pigment { color rgbt <1,0,0,0> }
	no_shadow
}
sphere {
	0, 1
	scale<0.080000,0.200000,0.300000>
	matrix <0.837278, 0.533672, 0.118997,
		0.448732, -0.546319, -0.707231,
		-0.312419, 0.645546, -0.696896,
		24.848511, 35.414509, 35.232723>
	pigment { color rgbt <0,1,1,0> }
	no_shadow
}
cylinder {
	<25.595188, 35.398182, 35.488106>,  <25.067204, 34.962627, 35.720551>, 0.130000
	pigment { color rgbt <1,0,0,0> }
	no_shadow
}

// nucleotide -1

// particle -1
sphere {
	<25.595188, 35.398182, 35.488106> 0.250000
	pigment { color rgbt <1,0,0,0> }
	no_shadow
}
cylinder {
	<25.301142, 35.598194, 35.304993>,  <25.124714, 35.718201, 35.195126>, 0.100000
	pigment { color rgbt <1,0,0,0> }
	no_shadow
}
cylinder {
	<25.301142, 35.598194, 35.304993>,  <25.595188, 35.398182, 35.488106>, 0.100000
	pigment { color rgbt <1,0,0,0> }
	no_shadow
}

// particle -1
sphere {
	<25.301142, 35.598194, 35.304993> 0.100000
	pigment { color rgbt <1,0,0,0> }
	no_shadow
}
sphere {
	0, 1
	scale<0.080000,0.200000,0.300000>
	matrix <0.616280, 0.774268, -0.143906,
		0.282490, -0.387912, -0.877339,
		-0.735118, 0.500034, -0.457785,
		25.080606, 35.748203, 35.167656>
	pigment { color rgbt <0,1,1,0> }
	no_shadow
}
cylinder {
	<25.762804, 35.515381, 34.819736>,  <25.595188, 35.398182, 35.488106>, 0.130000
	pigment { color rgbt <1,0,0,0> }
	no_shadow
}

// nucleotide -1

// particle -1
sphere {
	<25.762804, 35.515381, 34.819736> 0.250000
	pigment { color rgbt <1,0,0,0> }
	no_shadow
}
cylinder {
	<25.514835, 35.806366, 34.937374>,  <25.366055, 35.980957, 35.007957>, 0.100000
	pigment { color rgbt <1,0,0,0> }
	no_shadow
}
cylinder {
	<25.514835, 35.806366, 34.937374>,  <25.762804, 35.515381, 34.819736>, 0.100000
	pigment { color rgbt <1,0,0,0> }
	no_shadow
}

// particle -1
sphere {
	<25.514835, 35.806366, 34.937374> 0.100000
	pigment { color rgbt <1,0,0,0> }
	no_shadow
}
sphere {
	0, 1
	scale<0.080000,0.200000,0.300000>
	matrix <0.734419, 0.669896, -0.108943,
		-0.276267, 0.148455, -0.949546,
		-0.619924, 0.727462, 0.294098,
		25.328857, 36.024605, 35.025604>
	pigment { color rgbt <0,1,1,0> }
	no_shadow
}
cylinder {
	<25.954498, 36.155388, 34.542969>,  <25.762804, 35.515381, 34.819736>, 0.130000
	pigment { color rgbt <1,0,0,0> }
	no_shadow
}

// nucleotide -1

// particle -1
sphere {
	<25.954498, 36.155388, 34.542969> 0.250000
	pigment { color rgbt <1,0,0,0> }
	no_shadow
}
cylinder {
	<25.749157, 36.292854, 34.857513>,  <25.625952, 36.375336, 35.046242>, 0.100000
	pigment { color rgbt <1,0,0,0> }
	no_shadow
}
cylinder {
	<25.749157, 36.292854, 34.857513>,  <25.954498, 36.155388, 34.542969>, 0.100000
	pigment { color rgbt <1,0,0,0> }
	no_shadow
}

// particle -1
sphere {
	<25.749157, 36.292854, 34.857513> 0.100000
	pigment { color rgbt <1,0,0,0> }
	no_shadow
}
sphere {
	0, 1
	scale<0.080000,0.200000,0.300000>
	matrix <0.526514, 0.849717, -0.027639,
		-0.677683, 0.399841, -0.617149,
		-0.513351, 0.343668, 0.786361,
		25.595152, 36.395954, 35.093422>
	pigment { color rgbt <0,1,1,0> }
	no_shadow
}
cylinder {
	<25.681839, 36.738365, 34.318489>,  <25.954498, 36.155388, 34.542969>, 0.130000
	pigment { color rgbt <1,0,0,0> }
	no_shadow
}

// nucleotide -1

// particle -1
sphere {
	<25.681839, 36.738365, 34.318489> 0.250000
	pigment { color rgbt <1,0,0,0> }
	no_shadow
}
cylinder {
	<25.692827, 36.815586, 34.710812>,  <25.699419, 36.861919, 34.946205>, 0.100000
	pigment { color rgbt <1,0,0,0> }
	no_shadow
}
cylinder {
	<25.692827, 36.815586, 34.710812>,  <25.681839, 36.738365, 34.318489>, 0.100000
	pigment { color rgbt <1,0,0,0> }
	no_shadow
}

// particle -1
sphere {
	<25.692827, 36.815586, 34.710812> 0.100000
	pigment { color rgbt <1,0,0,0> }
	no_shadow
}
sphere {
	0, 1
	scale<0.080000,0.200000,0.300000>
	matrix <0.263332, 0.945119, -0.193405,
		-0.964314, 0.263590, -0.024875,
		0.027469, 0.193054, 0.980804,
		25.701069, 36.873501, 35.005054>
	pigment { color rgbt <0,1,1,0> }
	no_shadow
}
cylinder {
	<25.426643, 37.414764, 34.423828>,  <25.681839, 36.738365, 34.318489>, 0.130000
	pigment { color rgbt <1,0,0,0> }
	no_shadow
}

// nucleotide -1

// particle -1
sphere {
	<25.426643, 37.414764, 34.423828> 0.250000
	pigment { color rgbt <1,0,0,0> }
	no_shadow
}
cylinder {
	<25.677111, 37.335274, 34.725403>,  <25.827391, 37.287579, 34.906349>, 0.100000
	pigment { color rgbt <1,0,0,0> }
	no_shadow
}
cylinder {
	<25.677111, 37.335274, 34.725403>,  <25.426643, 37.414764, 34.423828>, 0.100000
	pigment { color rgbt <1,0,0,0> }
	no_shadow
}

// particle -1
sphere {
	<25.677111, 37.335274, 34.725403> 0.100000
	pigment { color rgbt <1,0,0,0> }
	no_shadow
}
sphere {
	0, 1
	scale<0.080000,0.200000,0.300000>
	matrix <0.546674, 0.801370, -0.242803,
		-0.555933, 0.564193, 0.610430,
		0.626168, -0.198724, 0.753938,
		25.864962, 37.275658, 34.951584>
	pigment { color rgbt <0,1,1,0> }
	no_shadow
}
cylinder {
	<25.363674, 37.944981, 34.980549>,  <25.426643, 37.414764, 34.423828>, 0.130000
	pigment { color rgbt <1,0,0,0> }
	no_shadow
}

// nucleotide -1

// particle -1
sphere {
	<25.363674, 37.944981, 34.980549> 0.250000
	pigment { color rgbt <1,0,0,0> }
	no_shadow
}
cylinder {
	<25.719488, 37.769611, 34.929138>,  <25.932976, 37.664391, 34.898293>, 0.100000
	pigment { color rgbt <1,0,0,0> }
	no_shadow
}
cylinder {
	<25.719488, 37.769611, 34.929138>,  <25.363674, 37.944981, 34.980549>, 0.100000
	pigment { color rgbt <1,0,0,0> }
	no_shadow
}

// particle -1
sphere {
	<25.719488, 37.769611, 34.929138> 0.100000
	pigment { color rgbt <1,0,0,0> }
	no_shadow
}
sphere {
	0, 1
	scale<0.080000,0.200000,0.300000>
	matrix <0.399863, 0.883178, -0.245165,
		0.221000, 0.166688, 0.960923,
		0.889533, -0.438420, -0.128530,
		25.986347, 37.638084, 34.890579>
	pigment { color rgbt <0,1,1,0> }
	no_shadow
}
cylinder {
	<25.887911, 38.261208, 35.450134>,  <25.363674, 37.944981, 34.980549>, 0.130000
	pigment { color rgbt <1,0,0,0> }
	no_shadow
}

// nucleotide -1

// particle -1
sphere {
	<25.887911, 38.261208, 35.450134> 0.250000
	pigment { color rgbt <1,0,0,0> }
	no_shadow
}
cylinder {
	<26.077318, 38.112896, 35.130558>,  <26.190962, 38.023907, 34.938812>, 0.100000
	pigment { color rgbt <1,0,0,0> }
	no_shadow
}
cylinder {
	<26.077318, 38.112896, 35.130558>,  <25.887911, 38.261208, 35.450134>, 0.100000
	pigment { color rgbt <1,0,0,0> }
	no_shadow
}

// particle -1
sphere {
	<26.077318, 38.112896, 35.130558> 0.100000
	pigment { color rgbt <1,0,0,0> }
	no_shadow
}
sphere {
	0, 1
	scale<0.080000,0.200000,0.300000>
	matrix <0.354399, 0.910614, -0.212565,
		0.806338, -0.182489, 0.562598,
		0.473518, -0.370784, -0.798937,
		26.219374, 38.001659, 34.890877>
	pigment { color rgbt <0,1,1,0> }
	no_shadow
}
cylinder {
	<26.607450, 38.577702, 35.423897>,  <25.887911, 38.261208, 35.450134>, 0.130000
	pigment { color rgbt <1,0,0,0> }
	no_shadow
}

// nucleotide -1

// particle -1
sphere {
	<26.607450, 38.577702, 35.423897> 0.250000
	pigment { color rgbt <1,0,0,0> }
	no_shadow
}
cylinder {
	<26.507553, 38.441357, 35.061363>,  <26.447615, 38.359550, 34.843842>, 0.100000
	pigment { color rgbt <1,0,0,0> }
	no_shadow
}
cylinder {
	<26.507553, 38.441357, 35.061363>,  <26.607450, 38.577702, 35.423897>, 0.100000
	pigment { color rgbt <1,0,0,0> }
	no_shadow
}

// particle -1
sphere {
	<26.507553, 38.441357, 35.061363> 0.100000
	pigment { color rgbt <1,0,0,0> }
	no_shadow
}
sphere {
	0, 1
	scale<0.080000,0.200000,0.300000>
	matrix <0.385887, 0.823422, -0.416013,
		0.888099, -0.453638, -0.074108,
		-0.249741, -0.340864, -0.906334,
		26.432631, 38.339096, 34.789463>
	pigment { color rgbt <0,1,1,0> }
	no_shadow
}
cylinder {
	<27.286179, 38.789936, 34.978897>,  <26.607450, 38.577702, 35.423897>, 0.130000
	pigment { color rgbt <1,0,0,0> }
	no_shadow
}

// nucleotide -1

// particle -1
sphere {
	<27.286179, 38.789936, 34.978897> 0.250000
	pigment { color rgbt <1,0,0,0> }
	no_shadow
}
cylinder {
	<26.994879, 38.676666, 34.729267>,  <26.820099, 38.608704, 34.579491>, 0.100000
	pigment { color rgbt <1,0,0,0> }
	no_shadow
}
cylinder {
	<26.994879, 38.676666, 34.729267>,  <27.286179, 38.789936, 34.978897>, 0.100000
	pigment { color rgbt <1,0,0,0> }
	no_shadow
}

// particle -1
sphere {
	<26.994879, 38.676666, 34.729267> 0.100000
	pigment { color rgbt <1,0,0,0> }
	no_shadow
}
sphere {
	0, 1
	scale<0.080000,0.200000,0.300000>
	matrix <0.109879, 0.850608, -0.514192,
		0.676446, -0.443033, -0.588340,
		-0.728250, -0.283177, -0.624070,
		26.776403, 38.591713, 34.542046>
	pigment { color rgbt <0,1,1,0> }
	no_shadow
}
cylinder {
	<27.661150, 39.448009, 34.738701>,  <27.286179, 38.789936, 34.978897>, 0.130000
	pigment { color rgbt <1,0,0,0> }
	no_shadow
}

// nucleotide -1

// particle -1
sphere {
	<27.661150, 39.448009, 34.738701> 0.250000
	pigment { color rgbt <1,0,0,0> }
	no_shadow
}
cylinder {
	<27.899918, 39.145065, 34.632805>,  <28.043179, 38.963299, 34.569267>, 0.100000
	pigment { color rgbt <1,0,0,0> }
	no_shadow
}
cylinder {
	<27.899918, 39.145065, 34.632805>,  <27.661150, 39.448009, 34.738701>, 0.100000
	pigment { color rgbt <1,0,0,0> }
	no_shadow
}

// particle -1
sphere {
	<27.899918, 39.145065, 34.632805> 0.100000
	pigment { color rgbt <1,0,0,0> }
	no_shadow
}
sphere {
	0, 1
	scale<0.080000,0.200000,0.300000>
	matrix <-0.801388, -0.578585, -0.151712,
		-0.038272, 0.302717, -0.952312,
		0.596919, -0.757365, -0.264737,
		28.078993, 38.917854, 34.553383>
	pigment { color rgbt <0,1,1,0> }
	no_shadow
}
cylinder {
	<27.395462, 39.863995, 34.064266>,  <27.661150, 39.448009, 34.738701>, 0.130000
	pigment { color rgbt <1,0,0,0> }
	no_shadow
}

// nucleotide -1

// particle -1
sphere {
	<27.395462, 39.863995, 34.064266> 0.250000
	pigment { color rgbt <1,0,0,0> }
	no_shadow
}
cylinder {
	<27.081051, 39.854763, 33.817162>,  <26.892405, 39.849224, 33.668900>, 0.100000
	pigment { color rgbt <1,0,0,0> }
	no_shadow
}
cylinder {
	<27.081051, 39.854763, 33.817162>,  <27.395462, 39.863995, 34.064266>, 0.100000
	pigment { color rgbt <1,0,0,0> }
	no_shadow
}

// particle -1
sphere {
	<27.081051, 39.854763, 33.817162> 0.100000
	pigment { color rgbt <1,0,0,0> }
	no_shadow
}
sphere {
	0, 1
	scale<0.080000,0.200000,0.300000>
	matrix <-0.249020, -0.902821, 0.350576,
		-0.565816, 0.429397, 0.703896,
		-0.786029, -0.023077, -0.617759,
		26.845242, 39.847839, 33.631832>
	pigment { color rgbt <0,1,1,0> }
	no_shadow
}
cylinder {
	<26.790075, 39.738644, 34.470257>,  <27.395462, 39.863995, 34.064266>, 0.130000
	pigment { color rgbt <1,0,0,0> }
	no_shadow
}

// nucleotide -1

// particle -1
sphere {
	<26.790075, 39.738644, 34.470257> 0.250000
	pigment { color rgbt <1,0,0,0> }
	no_shadow
}
cylinder {
	<26.740044, 39.616234, 34.092747>,  <26.710026, 39.542789, 33.866241>, 0.100000
	pigment { color rgbt <1,0,0,0> }
	no_shadow
}
cylinder {
	<26.740044, 39.616234, 34.092747>,  <26.790075, 39.738644, 34.470257>, 0.100000
	pigment { color rgbt <1,0,0,0> }
	no_shadow
}

// particle -1
sphere {
	<26.740044, 39.616234, 34.092747> 0.100000
	pigment { color rgbt <1,0,0,0> }
	no_shadow
}
sphere {
	0, 1
	scale<0.080000,0.200000,0.300000>
	matrix <-0.351039, -0.876061, 0.330588,
		-0.927970, 0.372650, 0.002149,
		-0.125077, -0.306021, -0.943773,
		26.702520, 39.524429, 33.809616>
	pigment { color rgbt <0,1,1,0> }
	no_shadow
}
cylinder {
	<26.086903, 39.577591, 34.290726>,  <26.790075, 39.738644, 34.470257>, 0.130000
	pigment { color rgbt <1,0,0,0> }
	no_shadow
}

// nucleotide -1

// particle -1
sphere {
	<26.086903, 39.577591, 34.290726> 0.250000
	pigment { color rgbt <1,0,0,0> }
	no_shadow
}
cylinder {
	<26.358139, 39.381115, 34.072029>,  <26.520882, 39.263229, 33.940811>, 0.100000
	pigment { color rgbt <1,0,0,0> }
	no_shadow
}
cylinder {
	<26.358139, 39.381115, 34.072029>,  <26.086903, 39.577591, 34.290726>, 0.100000
	pigment { color rgbt <1,0,0,0> }
	no_shadow
}

// particle -1
sphere {
	<26.358139, 39.381115, 34.072029> 0.100000
	pigment { color rgbt <1,0,0,0> }
	no_shadow
}
sphere {
	0, 1
	scale<0.080000,0.200000,0.300000>
	matrix <-0.231206, -0.848681, 0.475694,
		-0.697665, -0.196154, -0.689048,
		0.678091, -0.491187, -0.546742,
		26.561567, 39.233757, 33.908005>
	pigment { color rgbt <0,1,1,0> }
	no_shadow
}
cylinder {
	<25.739279, 38.991875, 34.035694>,  <26.086903, 39.577591, 34.290726>, 0.130000
	pigment { color rgbt <1,0,0,0> }
	no_shadow
}

// nucleotide -1

// particle -1
sphere {
	<25.739279, 38.991875, 34.035694> 0.250000
	pigment { color rgbt <1,0,0,0> }
	no_shadow
}
cylinder {
	<26.134766, 38.933838, 34.050591>,  <26.372059, 38.899017, 34.059528>, 0.100000
	pigment { color rgbt <1,0,0,0> }
	no_shadow
}
cylinder {
	<26.134766, 38.933838, 34.050591>,  <25.739279, 38.991875, 34.035694>, 0.100000
	pigment { color rgbt <1,0,0,0> }
	no_shadow
}

// particle -1
sphere {
	<26.134766, 38.933838, 34.050591> 0.100000
	pigment { color rgbt <1,0,0,0> }
	no_shadow
}
sphere {
	0, 1
	scale<0.080000,0.200000,0.300000>
	matrix <-0.145741, -0.874392, 0.462815,
		-0.034589, -0.463021, -0.885672,
		0.988718, -0.145087, 0.037237,
		26.431381, 38.890312, 34.061760>
	pigment { color rgbt <0,1,1,0> }
	no_shadow
}
cylinder {
	<25.818834, 38.258308, 33.762074>,  <25.739279, 38.991875, 34.035694>, 0.130000
	pigment { color rgbt <1,0,0,0> }
	no_shadow
}

// nucleotide -1

// particle -1
sphere {
	<25.818834, 38.258308, 33.762074> 0.250000
	pigment { color rgbt <1,0,0,0> }
	no_shadow
}
cylinder {
	<26.133440, 38.372456, 33.981148>,  <26.322205, 38.440945, 34.112591>, 0.100000
	pigment { color rgbt <1,0,0,0> }
	no_shadow
}
cylinder {
	<26.133440, 38.372456, 33.981148>,  <25.818834, 38.258308, 33.762074>, 0.100000
	pigment { color rgbt <1,0,0,0> }
	no_shadow
}

// particle -1
sphere {
	<26.133440, 38.372456, 33.981148> 0.100000
	pigment { color rgbt <1,0,0,0> }
	no_shadow
}
sphere {
	0, 1
	scale<0.080000,0.200000,0.300000>
	matrix <0.008900, -0.891985, 0.451978,
		0.617506, -0.350614, -0.704100,
		0.786516, 0.285365, 0.547685,
		26.369394, 38.458065, 34.145454>
	pigment { color rgbt <0,1,1,0> }
	no_shadow
}
cylinder {
	<26.387884, 37.730347, 33.627968>,  <25.818834, 38.258308, 33.762074>, 0.130000
	pigment { color rgbt <1,0,0,0> }
	no_shadow
}

// nucleotide -1

// particle -1
sphere {
	<26.387884, 37.730347, 33.627968> 0.250000
	pigment { color rgbt <1,0,0,0> }
	no_shadow
}
cylinder {
	<26.389624, 37.924141, 33.977882>,  <26.390667, 38.040417, 34.187832>, 0.100000
	pigment { color rgbt <1,0,0,0> }
	no_shadow
}
cylinder {
	<26.389624, 37.924141, 33.977882>,  <26.387884, 37.730347, 33.627968>, 0.100000
	pigment { color rgbt <1,0,0,0> }
	no_shadow
}

// particle -1
sphere {
	<26.389624, 37.924141, 33.977882> 0.100000
	pigment { color rgbt <1,0,0,0> }
	no_shadow
}
sphere {
	0, 1
	scale<0.080000,0.200000,0.300000>
	matrix <0.052579, -0.873699, 0.483618,
		0.998607, 0.043893, -0.029273,
		0.004348, 0.484483, 0.874790,
		26.390928, 38.069485, 34.240318>
	pigment { color rgbt <0,1,1,0> }
	no_shadow
}
cylinder {
	<26.959867, 37.442188, 33.982548>,  <26.387884, 37.730347, 33.627968>, 0.130000
	pigment { color rgbt <1,0,0,0> }
	no_shadow
}

// nucleotide -1

// particle -1
sphere {
	<26.959867, 37.442188, 33.982548> 0.250000
	pigment { color rgbt <1,0,0,0> }
	no_shadow
}
cylinder {
	<26.705591, 37.608437, 34.242748>,  <26.553024, 37.708187, 34.398869>, 0.100000
	pigment { color rgbt <1,0,0,0> }
	no_shadow
}
cylinder {
	<26.705591, 37.608437, 34.242748>,  <26.959867, 37.442188, 33.982548>, 0.100000
	pigment { color rgbt <1,0,0,0> }
	no_shadow
}

// particle -1
sphere {
	<26.705591, 37.608437, 34.242748> 0.100000
	pigment { color rgbt <1,0,0,0> }
	no_shadow
}
sphere {
	0, 1
	scale<0.080000,0.200000,0.300000>
	matrix <-0.174663, -0.898269, 0.403245,
		0.751923, 0.142722, 0.643617,
		-0.635693, 0.415624, 0.650501,
		26.514883, 37.733124, 34.437897>
	pigment { color rgbt <0,1,1,0> }
	no_shadow
}
cylinder {
	<27.176195, 37.151501, 34.591164>,  <26.959867, 37.442188, 33.982548>, 0.130000
	pigment { color rgbt <1,0,0,0> }
	no_shadow
}

// nucleotide -1

// particle -1
sphere {
	<27.176195, 37.151501, 34.591164> 0.250000
	pigment { color rgbt <1,0,0,0> }
	no_shadow
}
cylinder {
	<26.801941, 37.274822, 34.659908>,  <26.577389, 37.348816, 34.701157>, 0.100000
	pigment { color rgbt <1,0,0,0> }
	no_shadow
}
cylinder {
	<26.801941, 37.274822, 34.659908>,  <27.176195, 37.151501, 34.591164>, 0.100000
	pigment { color rgbt <1,0,0,0> }
	no_shadow
}

// particle -1
sphere {
	<26.801941, 37.274822, 34.659908> 0.100000
	pigment { color rgbt <1,0,0,0> }
	no_shadow
}
sphere {
	0, 1
	scale<0.080000,0.200000,0.300000>
	matrix <-0.191003, -0.851684, 0.488009,
		0.296829, 0.423772, 0.855751,
		-0.935634, 0.308307, 0.171862,
		26.521252, 37.367313, 34.711468>
	pigment { color rgbt <0,1,1,0> }
	no_shadow
}
cylinder {
	<27.717625, 36.502605, 34.580032>,  <27.176195, 37.151501, 34.591164>, 0.130000
	pigment { color rgbt <1,0,0,0> }
	no_shadow
}

// nucleotide -1

// particle -1
sphere {
	<27.717625, 36.502605, 34.580032> 0.250000
	pigment { color rgbt <1,0,0,0> }
	no_shadow
}
cylinder {
	<27.904325, 36.185146, 34.423950>,  <28.016346, 35.994671, 34.330303>, 0.100000
	pigment { color rgbt <1,0,0,0> }
	no_shadow
}
cylinder {
	<27.904325, 36.185146, 34.423950>,  <27.717625, 36.502605, 34.580032>, 0.100000
	pigment { color rgbt <1,0,0,0> }
	no_shadow
}

// particle -1
sphere {
	<27.904325, 36.185146, 34.423950> 0.100000
	pigment { color rgbt <1,0,0,0> }
	no_shadow
}
sphere {
	0, 1
	scale<0.080000,0.200000,0.300000>
	matrix <-0.268426, -0.547531, 0.792564,
		-0.842668, -0.265190, -0.468598,
		0.466752, -0.793653, -0.390203,
		28.044352, 35.947052, 34.306889>
	pigment { color rgbt <0,1,1,0> }
	no_shadow
}
cylinder {
	<27.449821, 35.748684, 34.874672>,  <27.717625, 36.502605, 34.580032>, 0.130000
	pigment { color rgbt <1,0,0,0> }
	no_shadow
}

// nucleotide -1

// particle -1
sphere {
	<27.449821, 35.748684, 34.874672> 0.250000
	pigment { color rgbt <1,0,0,0> }
	no_shadow
}
cylinder {
	<27.321318, 35.379734, 34.788868>,  <27.244215, 35.158363, 34.737385>, 0.100000
	pigment { color rgbt <1,0,0,0> }
	no_shadow
}
cylinder {
	<27.321318, 35.379734, 34.788868>,  <27.449821, 35.748684, 34.874672>, 0.100000
	pigment { color rgbt <1,0,0,0> }
	no_shadow
}

// particle -1
sphere {
	<27.321318, 35.379734, 34.788868> 0.100000
	pigment { color rgbt <1,0,0,0> }
	no_shadow
}
sphere {
	0, 1
	scale<0.080000,0.200000,0.300000>
	matrix <0.812600, -0.152185, -0.562602,
		0.486285, -0.355053, 0.798414,
		-0.321260, -0.922376, -0.214510,
		27.224939, 35.103020, 34.724514>
	pigment { color rgbt <0,1,1,0> }
	no_shadow
}
cylinder {
	<28.010761, 35.212723, 35.018738>,  <27.449821, 35.748684, 34.874672>, 0.130000
	pigment { color rgbt <1,0,0,0> }
	no_shadow
}

// nucleotide -1

// particle -1
sphere {
	<28.010761, 35.212723, 35.018738> 0.250000
	pigment { color rgbt <1,0,0,0> }
	no_shadow
}
cylinder {
	<27.760984, 35.118343, 34.720905>,  <27.611118, 35.061714, 34.542206>, 0.100000
	pigment { color rgbt <1,0,0,0> }
	no_shadow
}
cylinder {
	<27.760984, 35.118343, 34.720905>,  <28.010761, 35.212723, 35.018738>, 0.100000
	pigment { color rgbt <1,0,0,0> }
	no_shadow
}

// particle -1
sphere {
	<27.760984, 35.118343, 34.720905> 0.100000
	pigment { color rgbt <1,0,0,0> }
	no_shadow
}
sphere {
	0, 1
	scale<0.080000,0.200000,0.300000>
	matrix <0.779175, -0.254573, -0.572781,
		-0.054403, -0.937827, 0.342813,
		-0.624441, -0.235950, -0.744581,
		27.573652, 35.047558, 34.497532>
	pigment { color rgbt <0,1,1,0> }
	no_shadow
}
cylinder {
	<27.480362, 34.698818, 35.024170>,  <28.010761, 35.212723, 35.018738>, 0.130000
	pigment { color rgbt <1,0,0,0> }
	no_shadow
}

// nucleotide -1

// particle -1
sphere {
	<27.480362, 34.698818, 35.024170> 0.250000
	pigment { color rgbt <1,0,0,0> }
	no_shadow
}
cylinder {
	<27.551918, 34.305271, 35.024498>,  <27.594851, 34.069141, 35.024693>, 0.100000
	pigment { color rgbt <1,0,0,0> }
	no_shadow
}
cylinder {
	<27.551918, 34.305271, 35.024498>,  <27.480362, 34.698818, 35.024170>, 0.100000
	pigment { color rgbt <1,0,0,0> }
	no_shadow
}

// particle -1
sphere {
	<27.551918, 34.305271, 35.024498> 0.100000
	pigment { color rgbt <1,0,0,0> }
	no_shadow
}
sphere {
	0, 1
	scale<0.080000,0.200000,0.300000>
	matrix <0.983354, 0.178821, 0.032205,
		-0.031832, -0.004956, 0.999481,
		0.178888, -0.983869, 0.000819,
		27.605585, 34.010109, 35.024742>
	pigment { color rgbt <0,1,1,0> }
	no_shadow
}
cylinder {
	<27.825817, 34.437214, 35.703331>,  <27.480362, 34.698818, 35.024170>, 0.130000
	pigment { color rgbt <1,0,0,0> }
	no_shadow
}

// nucleotide -1

// particle -1
sphere {
	<27.825817, 34.437214, 35.703331> 0.250000
	pigment { color rgbt <1,0,0,0> }
	no_shadow
}
cylinder {
	<27.894741, 34.277306, 35.343220>,  <27.936096, 34.181362, 35.127155>, 0.100000
	pigment { color rgbt <1,0,0,0> }
	no_shadow
}
cylinder {
	<27.894741, 34.277306, 35.343220>,  <27.825817, 34.437214, 35.703331>, 0.100000
	pigment { color rgbt <1,0,0,0> }
	no_shadow
}

// particle -1
sphere {
	<27.894741, 34.277306, 35.343220> 0.100000
	pigment { color rgbt <1,0,0,0> }
	no_shadow
}
sphere {
	0, 1
	scale<0.080000,0.200000,0.300000>
	matrix <0.975477, 0.196309, 0.099532,
		0.136942, -0.895347, 0.423792,
		0.172310, -0.399769, -0.900274,
		27.946434, 34.157375, 35.073139>
	pigment { color rgbt <0,1,1,0> }
	no_shadow
}
cylinder {
	<27.583605, 34.569645, 36.391197>,  <27.825817, 34.437214, 35.703331>, 0.130000
	pigment { color rgbt <1,0,0,0> }
	no_shadow
}

// nucleotide -1

// particle -1
sphere {
	<27.583605, 34.569645, 36.391197> 0.250000
	pigment { color rgbt <1,0,0,0> }
	no_shadow
}
cylinder {
	<27.449543, 34.854477, 36.637974>,  <27.369106, 35.025375, 36.786041>, 0.100000
	pigment { color rgbt <1,0,0,0> }
	no_shadow
}
cylinder {
	<27.449543, 34.854477, 36.637974>,  <27.583605, 34.569645, 36.391197>, 0.100000
	pigment { color rgbt <1,0,0,0> }
	no_shadow
}

// particle -1
sphere {
	<27.449543, 34.854477, 36.637974> 0.100000
	pigment { color rgbt <1,0,0,0> }
	no_shadow
}
sphere {
	0, 1
	scale<0.080000,0.200000,0.300000>
	matrix <0.792435, -0.141142, 0.593402,
		0.509625, 0.687767, -0.516971,
		-0.335156, 0.712078, 0.616940,
		27.348995, 35.068100, 36.823055>
	pigment { color rgbt <0,1,1,0> }
	no_shadow
}
cylinder {
	<28.140230, 35.018066, 36.540680>,  <27.583605, 34.569645, 36.391197>, 0.130000
	pigment { color rgbt <1,0,0,0> }
	no_shadow
}

// nucleotide -1

// particle -1
sphere {
	<28.140230, 35.018066, 36.540680> 0.250000
	pigment { color rgbt <1,0,0,0> }
	no_shadow
}
cylinder {
	<27.884197, 35.048717, 36.846470>,  <27.730577, 35.067108, 37.029945>, 0.100000
	pigment { color rgbt <1,0,0,0> }
	no_shadow
}
cylinder {
	<27.884197, 35.048717, 36.846470>,  <28.140230, 35.018066, 36.540680>, 0.100000
	pigment { color rgbt <1,0,0,0> }
	no_shadow
}

// particle -1
sphere {
	<27.884197, 35.048717, 36.846470> 0.100000
	pigment { color rgbt <1,0,0,0> }
	no_shadow
}
sphere {
	0, 1
	scale<0.080000,0.200000,0.300000>
	matrix <0.757941, -0.099900, 0.644628,
		0.125767, 0.992043, 0.005866,
		-0.640084, 0.076627, 0.764474,
		27.692171, 35.071705, 37.075813>
	pigment { color rgbt <0,1,1,0> }
	no_shadow
}
cylinder {
	<28.387884, 35.535221, 36.933746>,  <28.140230, 35.018066, 36.540680>, 0.130000
	pigment { color rgbt <1,0,0,0> }
	no_shadow
}

// nucleotide -1

// particle -1
sphere {
	<28.387884, 35.535221, 36.933746> 0.250000
	pigment { color rgbt <1,0,0,0> }
	no_shadow
}
cylinder {
	<28.171370, 35.289257, 37.163143>,  <28.041460, 35.141678, 37.300781>, 0.100000
	pigment { color rgbt <1,0,0,0> }
	no_shadow
}
cylinder {
	<28.171370, 35.289257, 37.163143>,  <28.387884, 35.535221, 36.933746>, 0.100000
	pigment { color rgbt <1,0,0,0> }
	no_shadow
}

// particle -1
sphere {
	<28.171370, 35.289257, 37.163143> 0.100000
	pigment { color rgbt <1,0,0,0> }
	no_shadow
}
sphere {
	0, 1
	scale<0.080000,0.200000,0.300000>
	matrix <0.751446, -0.047739, 0.658065,
		-0.377273, 0.787151, 0.487912,
		-0.541289, -0.614910, 0.573491,
		28.008984, 35.104786, 37.335190>
	pigment { color rgbt <0,1,1,0> }
	no_shadow
}
cylinder {
	<28.238956, 35.804932, 37.593697>,  <28.387884, 35.535221, 36.933746>, 0.130000
	pigment { color rgbt <1,0,0,0> }
	no_shadow
}

// nucleotide -1

// particle -1
sphere {
	<28.238956, 35.804932, 37.593697> 0.250000
	pigment { color rgbt <1,0,0,0> }
	no_shadow
}
cylinder {
	<28.289717, 35.408813, 37.571053>,  <28.320173, 35.171143, 37.557468>, 0.100000
	pigment { color rgbt <1,0,0,0> }
	no_shadow
}
cylinder {
	<28.289717, 35.408813, 37.571053>,  <28.238956, 35.804932, 37.593697>, 0.100000
	pigment { color rgbt <1,0,0,0> }
	no_shadow
}

// particle -1
sphere {
	<28.289717, 35.408813, 37.571053> 0.100000
	pigment { color rgbt <1,0,0,0> }
	no_shadow
}
sphere {
	0, 1
	scale<0.080000,0.200000,0.300000>
	matrix <0.774254, 0.063218, 0.629710,
		-0.620022, -0.123738, 0.774765,
		0.126898, -0.990299, -0.056608,
		28.327785, 35.111725, 37.554070>
	pigment { color rgbt <0,1,1,0> }
	no_shadow
}
cylinder {
	<28.079388, 35.353951, 38.279610>,  <28.238956, 35.804932, 37.593697>, 0.130000
	pigment { color rgbt <1,0,0,0> }
	no_shadow
}

// nucleotide -1

// particle -1
sphere {
	<28.079388, 35.353951, 38.279610> 0.250000
	pigment { color rgbt <1,0,0,0> }
	no_shadow
}
cylinder {
	<28.356623, 35.196323, 38.038170>,  <28.522964, 35.101746, 37.893307>, 0.100000
	pigment { color rgbt <1,0,0,0> }
	no_shadow
}
cylinder {
	<28.356623, 35.196323, 38.038170>,  <28.079388, 35.353951, 38.279610>, 0.100000
	pigment { color rgbt <1,0,0,0> }
	no_shadow
}

// particle -1
sphere {
	<28.356623, 35.196323, 38.038170> 0.100000
	pigment { color rgbt <1,0,0,0> }
	no_shadow
}
sphere {
	0, 1
	scale<0.080000,0.200000,0.300000>
	matrix <0.710577, 0.232624, 0.664053,
		-0.121271, -0.889154, 0.441247,
		0.693089, -0.394071, -0.603602,
		28.564550, 35.078102, 37.857090>
	pigment { color rgbt <0,1,1,0> }
	no_shadow
}
cylinder {
	<28.509636, 34.921371, 38.668106>,  <28.079388, 35.353951, 38.279610>, 0.130000
	pigment { color rgbt <1,0,0,0> }
	no_shadow
}

// nucleotide -1

// particle -1
sphere {
	<28.509636, 34.921371, 38.668106> 0.250000
	pigment { color rgbt <1,0,0,0> }
	no_shadow
}
cylinder {
	<28.735247, 35.009914, 38.349892>,  <28.870613, 35.063042, 38.158962>, 0.100000
	pigment { color rgbt <1,0,0,0> }
	no_shadow
}
cylinder {
	<28.735247, 35.009914, 38.349892>,  <28.509636, 34.921371, 38.668106>, 0.100000
	pigment { color rgbt <1,0,0,0> }
	no_shadow
}

// particle -1
sphere {
	<28.735247, 35.009914, 38.349892> 0.100000
	pigment { color rgbt <1,0,0,0> }
	no_shadow
}
sphere {
	0, 1
	scale<0.080000,0.200000,0.300000>
	matrix <0.764509, 0.224132, 0.604393,
		0.312091, -0.949087, -0.042814,
		0.564026, 0.221357, -0.795535,
		28.904455, 35.076321, 38.111233>
	pigment { color rgbt <0,1,1,0> }
	no_shadow
}
cylinder {
	<28.993912, 34.393364, 38.702721>,  <28.509636, 34.921371, 38.668106>, 0.130000
	pigment { color rgbt <1,0,0,0> }
	no_shadow
}

// nucleotide -1

// particle -1
sphere {
	<28.993912, 34.393364, 38.702721> 0.250000
	pigment { color rgbt <1,0,0,0> }
	no_shadow
}
cylinder {
	<29.094664, 34.764942, 38.594189>,  <29.155115, 34.987888, 38.529072>, 0.100000
	pigment { color rgbt <1,0,0,0> }
	no_shadow
}
cylinder {
	<29.094664, 34.764942, 38.594189>,  <28.993912, 34.393364, 38.702721>, 0.100000
	pigment { color rgbt <1,0,0,0> }
	no_shadow
}

// particle -1
sphere {
	<29.094664, 34.764942, 38.594189> 0.100000
	pigment { color rgbt <1,0,0,0> }
	no_shadow
}
sphere {
	0, 1
	scale<0.080000,0.200000,0.300000>
	matrix <0.347181, 0.174967, 0.921332,
		0.903340, -0.326263, -0.278442,
		0.251878, 0.928945, -0.271327,
		29.170227, 35.043625, 38.512791>
	pigment { color rgbt <0,1,1,0> }
	no_shadow
}
cylinder {
	<29.713722, 34.434589, 38.843647>,  <28.993912, 34.393364, 38.702721>, 0.130000
	pigment { color rgbt <1,0,0,0> }
	no_shadow
}

// nucleotide -1

// particle -1
sphere {
	<29.713722, 34.434589, 38.843647> 0.250000
	pigment { color rgbt <1,0,0,0> }
	no_shadow
}
cylinder {
	<29.570499, 34.807365, 38.820740>,  <29.484566, 35.031033, 38.806995>, 0.100000
	pigment { color rgbt <1,0,0,0> }
	no_shadow
}
cylinder {
	<29.570499, 34.807365, 38.820740>,  <29.713722, 34.434589, 38.843647>, 0.100000
	pigment { color rgbt <1,0,0,0> }
	no_shadow
}

// particle -1
sphere {
	<29.570499, 34.807365, 38.820740> 0.100000
	pigment { color rgbt <1,0,0,0> }
	no_shadow
}
sphere {
	0, 1
	scale<0.080000,0.200000,0.300000>
	matrix <0.140139, 0.114277, 0.983515,
		0.923123, 0.344130, -0.171519,
		-0.358057, 0.931942, -0.057266,
		29.463081, 35.086948, 38.803558>
	pigment { color rgbt <0,1,1,0> }
	no_shadow
}
cylinder {
	<30.215563, 34.891483, 39.332581>,  <29.713722, 34.434589, 38.843647>, 0.130000
	pigment { color rgbt <1,0,0,0> }
	no_shadow
}

// nucleotide -1

// particle -1
sphere {
	<30.215563, 34.891483, 39.332581> 0.250000
	pigment { color rgbt <1,0,0,0> }
	no_shadow
}
cylinder {
	<29.841635, 35.021915, 39.276314>,  <29.617279, 35.100174, 39.242554>, 0.100000
	pigment { color rgbt <1,0,0,0> }
	no_shadow
}
cylinder {
	<29.841635, 35.021915, 39.276314>,  <30.215563, 34.891483, 39.332581>, 0.100000
	pigment { color rgbt <1,0,0,0> }
	no_shadow
}

// particle -1
sphere {
	<29.841635, 35.021915, 39.276314> 0.100000
	pigment { color rgbt <1,0,0,0> }
	no_shadow
}
sphere {
	0, 1
	scale<0.080000,0.200000,0.300000>
	matrix <-0.097097, 0.146326, 0.984460,
		0.341592, 0.933950, -0.105128,
		-0.934819, 0.326076, -0.140668,
		29.561190, 35.119740, 39.234112>
	pigment { color rgbt <0,1,1,0> }
	no_shadow
}
cylinder {
	<30.064394, 35.611786, 39.580616>,  <30.215563, 34.891483, 39.332581>, 0.130000
	pigment { color rgbt <1,0,0,0> }
	no_shadow
}

// nucleotide -1

// particle -1
sphere {
	<30.064394, 35.611786, 39.580616> 0.250000
	pigment { color rgbt <1,0,0,0> }
	no_shadow
}
cylinder {
	<29.741985, 35.375336, 39.592609>,  <29.548540, 35.233467, 39.599804>, 0.100000
	pigment { color rgbt <1,0,0,0> }
	no_shadow
}
cylinder {
	<29.741985, 35.375336, 39.592609>,  <30.064394, 35.611786, 39.580616>, 0.100000
	pigment { color rgbt <1,0,0,0> }
	no_shadow
}

// particle -1
sphere {
	<29.741985, 35.375336, 39.592609> 0.100000
	pigment { color rgbt <1,0,0,0> }
	no_shadow
}
sphere {
	0, 1
	scale<0.080000,0.200000,0.300000>
	matrix <-0.121808, 0.215236, 0.968936,
		-0.579214, 0.777332, -0.245489,
		-0.806023, -0.591124, 0.029982,
		29.500179, 35.197998, 39.601604>
	pigment { color rgbt <0,1,1,0> }
	no_shadow
}
cylinder {
	<29.289757, 35.958118, 39.552227>,  <30.064394, 35.611786, 39.580616>, 0.130000
	pigment { color rgbt <1,0,0,0> }
	no_shadow
}

// nucleotide -1

// particle -1
sphere {
	<29.289757, 35.958118, 39.552227> 0.250000
	pigment { color rgbt <1,0,0,0> }
	no_shadow
}
cylinder {
	<29.360235, 35.626408, 39.764362>,  <29.402523, 35.427383, 39.891644>, 0.100000
	pigment { color rgbt <1,0,0,0> }
	no_shadow
}
cylinder {
	<29.360235, 35.626408, 39.764362>,  <29.289757, 35.958118, 39.552227>, 0.100000
	pigment { color rgbt <1,0,0,0> }
	no_shadow
}

// particle -1
sphere {
	<29.360235, 35.626408, 39.764362> 0.100000
	pigment { color rgbt <1,0,0,0> }
	no_shadow
}
sphere {
	0, 1
	scale<0.080000,0.200000,0.300000>
	matrix <-0.360087, 0.447125, 0.818790,
		-0.916129, -0.335236, -0.219828,
		0.176197, -0.829274, 0.530339,
		29.413094, 35.377625, 39.923466>
	pigment { color rgbt <0,1,1,0> }
	no_shadow
}
cylinder {
	<28.689800, 36.023563, 39.138561>,  <29.289757, 35.958118, 39.552227>, 0.130000
	pigment { color rgbt <1,0,0,0> }
	no_shadow
}

// nucleotide -1

// particle -1
sphere {
	<28.689800, 36.023563, 39.138561> 0.250000
	pigment { color rgbt <1,0,0,0> }
	no_shadow
}
cylinder {
	<29.049124, 35.848080, 39.128986>,  <29.264717, 35.742790, 39.123241>, 0.100000
	pigment { color rgbt <1,0,0,0> }
	no_shadow
}
cylinder {
	<29.049124, 35.848080, 39.128986>,  <28.689800, 36.023563, 39.138561>, 0.100000
	pigment { color rgbt <1,0,0,0> }
	no_shadow
}

// particle -1
sphere {
	<29.049124, 35.848080, 39.128986> 0.100000
	pigment { color rgbt <1,0,0,0> }
	no_shadow
}
sphere {
	0, 1
	scale<0.080000,0.200000,0.300000>
	matrix <-0.094919, -0.140579, -0.985509,
		0.428990, 0.887563, -0.167925,
		0.898308, -0.438713, -0.023940,
		29.318617, 35.716465, 39.121803>
	pigment { color rgbt <0,1,1,0> }
	no_shadow
}
cylinder {
	<29.107519, 36.373810, 38.642994>,  <28.689800, 36.023563, 39.138561>, 0.130000
	pigment { color rgbt <1,0,0,0> }
	no_shadow
}

// nucleotide -1

// particle -1
sphere {
	<29.107519, 36.373810, 38.642994> 0.250000
	pigment { color rgbt <1,0,0,0> }
	no_shadow
}
cylinder {
	<29.213255, 35.992054, 38.698513>,  <29.276697, 35.763000, 38.731823>, 0.100000
	pigment { color rgbt <1,0,0,0> }
	no_shadow
}
cylinder {
	<29.213255, 35.992054, 38.698513>,  <29.107519, 36.373810, 38.642994>, 0.100000
	pigment { color rgbt <1,0,0,0> }
	no_shadow
}

// particle -1
sphere {
	<29.213255, 35.992054, 38.698513> 0.100000
	pigment { color rgbt <1,0,0,0> }
	no_shadow
}
sphere {
	0, 1
	scale<0.080000,0.200000,0.300000>
	matrix <0.022895, -0.137663, -0.990214,
		0.964157, 0.264933, -0.014540,
		0.264342, -0.954390, 0.138795,
		29.292557, 35.705738, 38.740150>
	pigment { color rgbt <0,1,1,0> }
	no_shadow
}
cylinder {
	<29.665331, 36.216267, 38.212112>,  <29.107519, 36.373810, 38.642994>, 0.130000
	pigment { color rgbt <1,0,0,0> }
	no_shadow
}

// nucleotide -1

// particle -1
sphere {
	<29.665331, 36.216267, 38.212112> 0.250000
	pigment { color rgbt <1,0,0,0> }
	no_shadow
}
cylinder {
	<29.495642, 35.861958, 38.287418>,  <29.393827, 35.649372, 38.332600>, 0.100000
	pigment { color rgbt <1,0,0,0> }
	no_shadow
}
cylinder {
	<29.495642, 35.861958, 38.287418>,  <29.665331, 36.216267, 38.212112>, 0.100000
	pigment { color rgbt <1,0,0,0> }
	no_shadow
}

// particle -1
sphere {
	<29.495642, 35.861958, 38.287418> 0.100000
	pigment { color rgbt <1,0,0,0> }
	no_shadow
}
sphere {
	0, 1
	scale<0.080000,0.200000,0.300000>
	matrix <-0.048954, -0.185161, -0.981488,
		0.904233, -0.425586, 0.035187,
		-0.424223, -0.885772, 0.188263,
		29.368374, 35.596226, 38.343899>
	pigment { color rgbt <0,1,1,0> }
	no_shadow
}
cylinder {
	<29.974531, 35.691269, 37.731956>,  <29.665331, 36.216267, 38.212112>, 0.130000
	pigment { color rgbt <1,0,0,0> }
	no_shadow
}

// nucleotide -1

// particle -1
sphere {
	<29.974531, 35.691269, 37.731956> 0.250000
	pigment { color rgbt <1,0,0,0> }
	no_shadow
}
cylinder {
	<29.634809, 35.543819, 37.883110>,  <29.430977, 35.455349, 37.973804>, 0.100000
	pigment { color rgbt <1,0,0,0> }
	no_shadow
}
cylinder {
	<29.634809, 35.543819, 37.883110>,  <29.974531, 35.691269, 37.731956>, 0.100000
	pigment { color rgbt <1,0,0,0> }
	no_shadow
}

// particle -1
sphere {
	<29.634809, 35.543819, 37.883110> 0.100000
	pigment { color rgbt <1,0,0,0> }
	no_shadow
}
sphere {
	0, 1
	scale<0.080000,0.200000,0.300000>
	matrix <-0.212389, -0.416741, -0.883865,
		0.483292, -0.830931, 0.275650,
		-0.849306, -0.368620, 0.377888,
		29.380018, 35.433235, 37.996475>
	pigment { color rgbt <0,1,1,0> }
	no_shadow
}
cylinder {
	<29.683773, 35.294010, 37.114788>,  <29.974531, 35.691269, 37.731956>, 0.130000
	pigment { color rgbt <1,0,0,0> }
	no_shadow
}

// nucleotide -1

// particle -1
sphere {
	<29.683773, 35.294010, 37.114788> 0.250000
	pigment { color rgbt <1,0,0,0> }
	no_shadow
}
cylinder {
	<29.435612, 35.239040, 37.423649>,  <29.286715, 35.206059, 37.608963>, 0.100000
	pigment { color rgbt <1,0,0,0> }
	no_shadow
}
cylinder {
	<29.435612, 35.239040, 37.423649>,  <29.683773, 35.294010, 37.114788>, 0.100000
	pigment { color rgbt <1,0,0,0> }
	no_shadow
}

// particle -1
sphere {
	<29.435612, 35.239040, 37.423649> 0.100000
	pigment { color rgbt <1,0,0,0> }
	no_shadow
}
sphere {
	0, 1
	scale<0.080000,0.200000,0.300000>
	matrix <-0.683324, -0.388494, -0.618176,
		0.384929, -0.911146, 0.147116,
		-0.620402, -0.137426, 0.772150,
		29.249491, 35.197811, 37.655293>
	pigment { color rgbt <0,1,1,0> }
	no_shadow
}
cylinder {
	<29.422747, 34.631252, 37.066559>,  <29.683773, 35.294010, 37.114788>, 0.130000
	pigment { color rgbt <1,0,0,0> }
	no_shadow
}

// nucleotide -1

// particle -1
sphere {
	<29.422747, 34.631252, 37.066559> 0.250000
	pigment { color rgbt <1,0,0,0> }
	no_shadow
}
cylinder {
	<29.142441, 34.801220, 37.295776>,  <28.974258, 34.903202, 37.433308>, 0.100000
	pigment { color rgbt <1,0,0,0> }
	no_shadow
}
cylinder {
	<29.142441, 34.801220, 37.295776>,  <29.422747, 34.631252, 37.066559>, 0.100000
	pigment { color rgbt <1,0,0,0> }
	no_shadow
}

// particle -1
sphere {
	<29.142441, 34.801220, 37.295776> 0.100000
	pigment { color rgbt <1,0,0,0> }
	no_shadow
}
sphere {
	0, 1
	scale<0.080000,0.200000,0.300000>
	matrix <-0.711876, -0.364140, -0.600529,
		-0.046509, -0.828762, 0.557665,
		-0.700764, 0.424918, 0.573040,
		28.932211, 34.928696, 37.467690>
	pigment { color rgbt <0,1,1,0> }
	no_shadow
}
cylinder {
	<29.659752, 34.822460, 36.347744>,  <29.422747, 34.631252, 37.066559>, 0.130000
	pigment { color rgbt <1,0,0,0> }
	no_shadow
}

// nucleotide -1

// particle -1
sphere {
	<29.659752, 34.822460, 36.347744> 0.250000
	pigment { color rgbt <1,0,0,0> }
	no_shadow
}
cylinder {
	<30.007782, 34.877392, 36.537106>,  <30.216600, 34.910351, 36.650723>, 0.100000
	pigment { color rgbt <1,0,0,0> }
	no_shadow
}
cylinder {
	<30.007782, 34.877392, 36.537106>,  <29.659752, 34.822460, 36.347744>, 0.100000
	pigment { color rgbt <1,0,0,0> }
	no_shadow
}

// particle -1
sphere {
	<30.007782, 34.877392, 36.537106> 0.100000
	pigment { color rgbt <1,0,0,0> }
	no_shadow
}
sphere {
	0, 1
	scale<0.080000,0.200000,0.300000>
	matrix <0.480121, -0.018685, -0.877003,
