// switches for output
#declare DRAW_BASES = 1; // possible values are 0, 1; only relevant for DNA ribbons
#declare DRAW_BASES_TYPE = 3; // possible values are 1, 2, 3; only relevant for DNA ribbons
#declare DRAW_FOG = 0; // set to 1 to enable fog

#include "colors.inc"

#include "transforms.inc"
background { rgb <1, 1, 1>}

#default {
   normal{
       ripples 0.25
       frequency 0.20
       turbulence 0.2
       lambda 5
   }
	finish {
		phong 0.1
		phong_size 40.
	}
}

// original window dimensions: 1024x640


// camera settings

camera {
	sky <0, 0.179814, -0.983701>
	up <0, 0.179814, -0.983701>
	right 1.6 * <1, 0, 0>
	location <35, 94.9851, 44.8844>
	look_at <35, 29.7336, 32.9568>
	direction <0, -65.2515, -11.9276>
	angle 67.0682
}


# declare cpy_camera_pos = <35, 94.9851, 44.8844>;
# if (DRAW_FOG = 1)
fog {
	fog_type 2
	up vnormalize(cpy_camera_pos)
	color rgbt<1,1,1,0.3>
	distance 1e-5
	fog_alt 3e-3
	fog_offset 56
}
# end


// LIGHTS

# declare lum = 6;
global_settings {
	ambient_light rgb lum * <0.05, 0.05, 0.05>
	max_trace_level 15
}# declare cpy_direct_light_amount = 0.25;
light_source
{	1000 * <-1, -1.16352, -0.803886>,
	rgb lum * cpy_direct_light_amount
	parallel
}

light_source
{	1000 * <1, 1.16352, 0.803886>,
	rgb lum * cpy_direct_light_amount
	parallel
}

// strand 0

// nucleotide -1

// particle -1
sphere {
	<24.274971, 35.340679, 35.042374> 0.250000
	pigment { color rgbt <1,0,0,0> }
	no_shadow
}
cylinder {
	<24.136812, 34.967064, 35.078747>,  <24.053917, 34.742893, 35.100571>, 0.100000
	pigment { color rgbt <1,0,0,0> }
	no_shadow
}
cylinder {
	<24.136812, 34.967064, 35.078747>,  <24.274971, 35.340679, 35.042374>, 0.100000
	pigment { color rgbt <1,0,0,0> }
	no_shadow
}

// particle -1
sphere {
	<24.136812, 34.967064, 35.078747> 0.100000
	pigment { color rgbt <1,0,0,0> }
	no_shadow
}
sphere {
	0, 1
	scale<0.080000,0.200000,0.300000>
	matrix <0.454352, -0.251223, -0.854665,
		0.821136, -0.253882, 0.511155,
		-0.345398, -0.934040, 0.090936,
		24.033194, 34.686852, 35.106026>
	pigment { color rgbt <0,1,1,0> }
	no_shadow
}
cylinder {
	<24.759001, 34.808472, 34.935192>,  <24.274971, 35.340679, 35.042374>, 0.130000
	pigment { color rgbt <1,0,0,0> }
	no_shadow
}

// nucleotide -1

// particle -1
sphere {
	<24.759001, 34.808472, 34.935192> 0.250000
	pigment { color rgbt <1,0,0,0> }
	no_shadow
}
cylinder {
	<24.419607, 34.606514, 34.871750>,  <24.215971, 34.485340, 34.833687>, 0.100000
	pigment { color rgbt <1,0,0,0> }
	no_shadow
}
cylinder {
	<24.419607, 34.606514, 34.871750>,  <24.759001, 34.808472, 34.935192>, 0.100000
	pigment { color rgbt <1,0,0,0> }
	no_shadow
}

// particle -1
sphere {
	<24.419607, 34.606514, 34.871750> 0.100000
	pigment { color rgbt <1,0,0,0> }
	no_shadow
}
sphere {
	0, 1
	scale<0.080000,0.200000,0.300000>
	matrix <0.367942, -0.347387, -0.862520,
		0.380388, -0.790190, 0.480525,
		-0.848483, -0.504897, -0.158602,
		24.165062, 34.455044, 34.824169>
	pigment { color rgbt <0,1,1,0> }
	no_shadow
}
cylinder {
	<24.877302, 34.143070, 34.685688>,  <24.759001, 34.808472, 34.935192>, 0.130000
	pigment { color rgbt <1,0,0,0> }
	no_shadow
}

// nucleotide -1

// particle -1
sphere {
	<24.877302, 34.143070, 34.685688> 0.250000
	pigment { color rgbt <1,0,0,0> }
	no_shadow
}
cylinder {
	<24.503569, 34.226540, 34.570122>,  <24.279329, 34.276623, 34.500782>, 0.100000
	pigment { color rgbt <1,0,0,0> }
	no_shadow
}
cylinder {
	<24.503569, 34.226540, 34.570122>,  <24.877302, 34.143070, 34.685688>, 0.100000
	pigment { color rgbt <1,0,0,0> }
	no_shadow
}

// particle -1
sphere {
	<24.503569, 34.226540, 34.570122> 0.100000
	pigment { color rgbt <1,0,0,0> }
	no_shadow
}
sphere {
	0, 1
	scale<0.080000,0.200000,0.300000>
	matrix <0.247556, -0.203181, -0.947330,
		-0.256392, -0.956645, 0.138179,
		-0.934334, 0.208681, -0.288917,
		24.223269, 34.289143, 34.483448>
	pigment { color rgbt <0,1,1,0> }
	no_shadow
}
cylinder {
	<25.267914, 33.784874, 34.149727>,  <24.877302, 34.143070, 34.685688>, 0.130000
	pigment { color rgbt <1,0,0,0> }
	no_shadow
}

// nucleotide -1

// particle -1
sphere {
	<25.267914, 33.784874, 34.149727> 0.250000
	pigment { color rgbt <1,0,0,0> }
	no_shadow
}
cylinder {
	<25.468927, 33.569626, 34.420399>,  <25.589535, 33.440479, 34.582802>, 0.100000
	pigment { color rgbt <1,0,0,0> }
	no_shadow
}
cylinder {
	<25.468927, 33.569626, 34.420399>,  <25.267914, 33.784874, 34.149727>, 0.100000
	pigment { color rgbt <1,0,0,0> }
	no_shadow
}

// particle -1
sphere {
	<25.468927, 33.569626, 34.420399> 0.100000
	pigment { color rgbt <1,0,0,0> }
	no_shadow
}
sphere {
	0, 1
	scale<0.080000,0.200000,0.300000>
	matrix <0.308021, 0.842764, 0.441443,
		-0.807826, -0.013409, 0.589268,
		0.502533, -0.538116, 0.676677,
		25.619688, 33.408192, 34.623402>
	pigment { color rgbt <0,1,1,0> }
	no_shadow
}
cylinder {
	<25.321724, 33.476906, 33.433411>,  <25.267914, 33.784874, 34.149727>, 0.130000
	pigment { color rgbt <1,0,0,0> }
	no_shadow
}

// nucleotide -1

// particle -1
sphere {
	<25.321724, 33.476906, 33.433411> 0.250000
	pigment { color rgbt <1,0,0,0> }
	no_shadow
}
cylinder {
	<25.407267, 33.536545, 33.047241>,  <25.458591, 33.572327, 32.815540>, 0.100000
	pigment { color rgbt <1,0,0,0> }
	no_shadow
}
cylinder {
	<25.407267, 33.536545, 33.047241>,  <25.321724, 33.476906, 33.433411>, 0.100000
	pigment { color rgbt <1,0,0,0> }
	no_shadow
}

// particle -1
sphere {
	<25.407267, 33.536545, 33.047241> 0.100000
	pigment { color rgbt <1,0,0,0> }
	no_shadow
}
sphere {
	0, 1
	scale<0.080000,0.200000,0.300000>
	matrix <0.434345, 0.870707, 0.230681,
		0.874992, -0.468658, 0.121446,
		0.213854, 0.149095, -0.965420,
		25.471424, 33.581272, 32.757614>
	pigment { color rgbt <0,1,1,0> }
	no_shadow
}
cylinder {
	<25.946213, 33.721432, 33.453056>,  <25.321724, 33.476906, 33.433411>, 0.130000
	pigment { color rgbt <1,0,0,0> }
	no_shadow
}

// nucleotide -1

// particle -1
sphere {
	<25.946213, 33.721432, 33.453056> 0.250000
	pigment { color rgbt <1,0,0,0> }
	no_shadow
}
cylinder {
	<25.802940, 33.848881, 33.102016>,  <25.716976, 33.925350, 32.891392>, 0.100000
	pigment { color rgbt <1,0,0,0> }
	no_shadow
}
cylinder {
	<25.802940, 33.848881, 33.102016>,  <25.946213, 33.721432, 33.453056>, 0.100000
	pigment { color rgbt <1,0,0,0> }
	no_shadow
}

// particle -1
sphere {
	<25.802940, 33.848881, 33.102016> 0.100000
	pigment { color rgbt <1,0,0,0> }
	no_shadow
}
sphere {
	0, 1
	scale<0.080000,0.200000,0.300000>
	matrix <0.498922, 0.859824, 0.108538,
		0.789166, -0.398979, -0.466939,
		-0.358181, 0.318620, -0.877603,
		25.695486, 33.944466, 32.838734>
	pigment { color rgbt <0,1,1,0> }
	no_shadow
}
cylinder {
	<26.133459, 34.525757, 33.620796>,  <25.946213, 33.721432, 33.453056>, 0.130000
	pigment { color rgbt <1,0,0,0> }
	no_shadow
}

// nucleotide -1

// particle -1
sphere {
	<26.133459, 34.525757, 33.620796> 0.250000
	pigment { color rgbt <1,0,0,0> }
	no_shadow
}
cylinder {
	<26.102013, 34.743603, 33.954796>,  <26.083145, 34.874310, 34.155193>, 0.100000
	pigment { color rgbt <1,0,0,0> }
	no_shadow
}
cylinder {
	<26.102013, 34.743603, 33.954796>,  <26.133459, 34.525757, 33.620796>, 0.100000
	pigment { color rgbt <1,0,0,0> }
	no_shadow
}

// particle -1
sphere {
	<26.102013, 34.743603, 33.954796> 0.100000
	pigment { color rgbt <1,0,0,0> }
	no_shadow
}
sphere {
	0, 1
	scale<0.080000,0.200000,0.300000>
	matrix <0.875041, -0.363595, 0.319535,
		0.477622, 0.755776, -0.447972,
		-0.078616, 0.544611, 0.834996,
		26.078428, 34.906986, 34.205296>
	pigment { color rgbt <0,1,1,0> }
	no_shadow
}
cylinder {
	<26.746307, 34.947178, 33.624374>,  <26.133459, 34.525757, 33.620796>, 0.130000
	pigment { color rgbt <1,0,0,0> }
	no_shadow
}

// nucleotide -1

// particle -1
sphere {
	<26.746307, 34.947178, 33.624374> 0.250000
	pigment { color rgbt <1,0,0,0> }
	no_shadow
}
cylinder {
	<26.598194, 34.890125, 33.991535>,  <26.509325, 34.855892, 34.211830>, 0.100000
	pigment { color rgbt <1,0,0,0> }
	no_shadow
}
cylinder {
	<26.598194, 34.890125, 33.991535>,  <26.746307, 34.947178, 33.624374>, 0.100000
	pigment { color rgbt <1,0,0,0> }
	no_shadow
}

// particle -1
sphere {
	<26.598194, 34.890125, 33.991535> 0.100000
	pigment { color rgbt <1,0,0,0> }
	no_shadow
}
sphere {
	0, 1
	scale<0.080000,0.200000,0.300000>
	matrix <0.852430, -0.444832, 0.274752,
		0.369124, 0.884184, 0.286298,
		-0.370285, -0.142631, 0.917903,
		26.487108, 34.847336, 34.266907>
	pigment { color rgbt <0,1,1,0> }
	no_shadow
}
cylinder {
	<27.297001, 35.193481, 33.986740>,  <26.746307, 34.947178, 33.624374>, 0.130000
	pigment { color rgbt <1,0,0,0> }
	no_shadow
}

// nucleotide -1

// particle -1
sphere {
	<27.297001, 35.193481, 33.986740> 0.250000
	pigment { color rgbt <1,0,0,0> }
	no_shadow
}
cylinder {
	<27.099154, 35.005020, 34.278866>,  <26.980444, 34.891945, 34.454144>, 0.100000
	pigment { color rgbt <1,0,0,0> }
	no_shadow
}
cylinder {
	<27.099154, 35.005020, 34.278866>,  <27.297001, 35.193481, 33.986740>, 0.100000
	pigment { color rgbt <1,0,0,0> }
	no_shadow
}

// particle -1
sphere {
	<27.099154, 35.005020, 34.278866> 0.100000
	pigment { color rgbt <1,0,0,0> }
	no_shadow
}
sphere {
	0, 1
	scale<0.080000,0.200000,0.300000>
	matrix <0.867865, -0.222798, 0.444041,
		-0.046498, 0.853449, 0.519098,
		-0.494620, -0.471154, 0.730319,
		26.950768, 34.863674, 34.497963>
	pigment { color rgbt <0,1,1,0> }
	no_shadow
}
cylinder {
	<27.605389, 35.435936, 34.561474>,  <27.297001, 35.193481, 33.986740>, 0.130000
	pigment { color rgbt <1,0,0,0> }
	no_shadow
}

// nucleotide -1

// particle -1
sphere {
	<27.605389, 35.435936, 34.561474> 0.250000
	pigment { color rgbt <1,0,0,0> }
	no_shadow
}
cylinder {
	<27.410110, 35.104130, 34.669968>,  <27.292944, 34.905045, 34.735065>, 0.100000
	pigment { color rgbt <1,0,0,0> }
	no_shadow
}
cylinder {
	<27.410110, 35.104130, 34.669968>,  <27.605389, 35.435936, 34.561474>, 0.100000
	pigment { color rgbt <1,0,0,0> }
	no_shadow
}

// particle -1
sphere {
	<27.410110, 35.104130, 34.669968> 0.100000
	pigment { color rgbt <1,0,0,0> }
	no_shadow
}
sphere {
	0, 1
	scale<0.080000,0.200000,0.300000>
	matrix <0.832827, -0.349896, 0.428919,
		-0.260890, 0.435291, 0.861660,
		-0.488196, -0.829515, 0.271238,
		27.263651, 34.855274, 34.751339>
	pigment { color rgbt <0,1,1,0> }
	no_shadow
}
cylinder {
	<27.609119, 35.378792, 35.187862>,  <27.605389, 35.435936, 34.561474>, 0.130000
	pigment { color rgbt <1,0,0,0> }
	no_shadow
}

// nucleotide -1

// particle -1
sphere {
	<27.609119, 35.378792, 35.187862> 0.250000
	pigment { color rgbt <1,0,0,0> }
	no_shadow
}
cylinder {
	<27.565546, 34.999016, 35.070091>,  <27.539402, 34.771149, 34.999428>, 0.100000
	pigment { color rgbt <1,0,0,0> }
	no_shadow
}
cylinder {
	<27.565546, 34.999016, 35.070091>,  <27.609119, 35.378792, 35.187862>, 0.100000
	pigment { color rgbt <1,0,0,0> }
	no_shadow
}

// particle -1
sphere {
	<27.565546, 34.999016, 35.070091> 0.100000
	pigment { color rgbt <1,0,0,0> }
	no_shadow
}
sphere {
	0, 1
	scale<0.080000,0.200000,0.300000>
	matrix <0.883762, -0.228099, 0.408578,
		-0.455081, -0.215699, 0.863930,
		-0.108931, -0.949444, -0.294430,
		27.532867, 34.714184, 34.981762>
	pigment { color rgbt <0,1,1,0> }
	no_shadow
}
cylinder {
	<27.627254, 34.939598, 35.818798>,  <27.609119, 35.378792, 35.187862>, 0.130000
	pigment { color rgbt <1,0,0,0> }
	no_shadow
}

// nucleotide -1

// particle -1
sphere {
	<27.627254, 34.939598, 35.818798> 0.250000
	pigment { color rgbt <1,0,0,0> }
	no_shadow
}
cylinder {
	<27.767687, 34.771866, 35.483917>,  <27.851946, 34.671227, 35.282990>, 0.100000
	pigment { color rgbt <1,0,0,0> }
	no_shadow
}
cylinder {
	<27.767687, 34.771866, 35.483917>,  <27.627254, 34.939598, 35.818798>, 0.100000
	pigment { color rgbt <1,0,0,0> }
	no_shadow
}

// particle -1
sphere {
	<27.767687, 34.771866, 35.483917> 0.100000
	pigment { color rgbt <1,0,0,0> }
	no_shadow
}
sphere {
	0, 1
	scale<0.080000,0.200000,0.300000>
	matrix <0.869213, -0.186500, 0.457916,
		-0.348155, -0.888472, 0.299008,
		0.351081, -0.419327, -0.837202,
		27.873011, 34.646069, 35.232758>
	pigment { color rgbt <0,1,1,0> }
	no_shadow
}
cylinder {
	<28.241440, 35.086231, 35.876213>,  <27.627254, 34.939598, 35.818798>, 0.130000
	pigment { color rgbt <1,0,0,0> }
	no_shadow
}

// nucleotide -1

// particle -1
sphere {
	<28.241440, 35.086231, 35.876213> 0.250000
	pigment { color rgbt <1,0,0,0> }
	no_shadow
}
cylinder {
	<28.329113, 34.712605, 35.988976>,  <28.381718, 34.488426, 36.056633>, 0.100000
	pigment { color rgbt <1,0,0,0> }
	no_shadow
}
cylinder {
	<28.329113, 34.712605, 35.988976>,  <28.241440, 35.086231, 35.876213>, 0.100000
	pigment { color rgbt <1,0,0,0> }
	no_shadow
}

// particle -1
sphere {
	<28.329113, 34.712605, 35.988976> 0.100000
	pigment { color rgbt <1,0,0,0> }
	no_shadow
}
sphere {
	0, 1
	scale<0.080000,0.200000,0.300000>
	matrix <-0.500973, -0.355680, -0.788998,
		0.837248, 0.031708, -0.545903,
		0.219184, -0.934070, 0.281908,
		28.394869, 34.432384, 36.073547>
	pigment { color rgbt <0,1,1,0> }
	no_shadow
}
cylinder {
	<28.626043, 34.774708, 35.294067>,  <28.241440, 35.086231, 35.876213>, 0.130000
	pigment { color rgbt <1,0,0,0> }
	no_shadow
}

// nucleotide -1

// particle -1
sphere {
	<28.626043, 34.774708, 35.294067> 0.250000
	pigment { color rgbt <1,0,0,0> }
	no_shadow
}
cylinder {
	<28.434027, 34.521210, 35.536694>,  <28.318817, 34.369110, 35.682270>, 0.100000
	pigment { color rgbt <1,0,0,0> }
	no_shadow
}
cylinder {
	<28.434027, 34.521210, 35.536694>,  <28.626043, 34.774708, 35.294067>, 0.100000
	pigment { color rgbt <1,0,0,0> }
	no_shadow
}

// particle -1
sphere {
	<28.434027, 34.521210, 35.536694> 0.100000
	pigment { color rgbt <1,0,0,0> }
	no_shadow
}
sphere {
	0, 1
	scale<0.080000,0.200000,0.300000>
	matrix <-0.609292, -0.256591, -0.750283,
		0.631130, -0.729743, -0.262963,
		-0.480040, -0.633747, 0.606569,
		28.290014, 34.331085, 35.718666>
	pigment { color rgbt <0,1,1,0> }
	no_shadow
}
cylinder {
	<28.264427, 34.209435, 34.826645>,  <28.626043, 34.774708, 35.294067>, 0.130000
	pigment { color rgbt <1,0,0,0> }
	no_shadow
}

// nucleotide -1

// particle -1
sphere {
	<28.264427, 34.209435, 34.826645> 0.250000
	pigment { color rgbt <1,0,0,0> }
	no_shadow
}
cylinder {
	<28.093485, 34.177631, 35.186878>,  <27.990919, 34.158550, 35.403019>, 0.100000
	pigment { color rgbt <1,0,0,0> }
	no_shadow
}
cylinder {
	<28.093485, 34.177631, 35.186878>,  <28.264427, 34.209435, 34.826645>, 0.100000
	pigment { color rgbt <1,0,0,0> }
	no_shadow
}

// particle -1
sphere {
	<28.093485, 34.177631, 35.186878> 0.100000
	pigment { color rgbt <1,0,0,0> }
	no_shadow
}
sphere {
	0, 1
	scale<0.080000,0.200000,0.300000>
	matrix <-0.901295, -0.040705, -0.431290,
		0.070949, -0.996003, -0.054265,
		-0.427357, -0.079508, 0.900580,
		27.965279, 34.153778, 35.457054>
	pigment { color rgbt <0,1,1,0> }
	no_shadow
}
cylinder {
	<27.990767, 33.551430, 34.786694>,  <28.264427, 34.209435, 34.826645>, 0.130000
	pigment { color rgbt <1,0,0,0> }
	no_shadow
}

// nucleotide -1

// particle -1
sphere {
	<27.990767, 33.551430, 34.786694> 0.250000
	pigment { color rgbt <1,0,0,0> }
	no_shadow
}
cylinder {
	<27.831715, 33.852337, 34.996830>,  <27.736284, 34.032883, 35.122913>, 0.100000
	pigment { color rgbt <1,0,0,0> }
	no_shadow
}
cylinder {
	<27.831715, 33.852337, 34.996830>,  <27.990767, 33.551430, 34.786694>, 0.100000
	pigment { color rgbt <1,0,0,0> }
	no_shadow
}

// particle -1
sphere {
	<27.831715, 33.852337, 34.996830> 0.100000
	pigment { color rgbt <1,0,0,0> }
	no_shadow
}
sphere {
	0, 1
	scale<0.080000,0.200000,0.300000>
	matrix <-0.679942, 0.142859, -0.719215,
		-0.616093, -0.643182, 0.454694,
		-0.397629, 0.752269, 0.525340,
		27.712425, 34.078018, 35.154430>
	pigment { color rgbt <0,1,1,0> }
	no_shadow
}
cylinder {
	<27.317726, 33.447083, 34.794308>,  <27.990767, 33.551430, 34.786694>, 0.130000
	pigment { color rgbt <1,0,0,0> }
	no_shadow
}

// nucleotide -1

// particle -1
sphere {
	<27.317726, 33.447083, 34.794308> 0.250000
	pigment { color rgbt <1,0,0,0> }
	no_shadow
}
cylinder {
	<27.399107, 33.836079, 34.839680>,  <27.447935, 34.069477, 34.866901>, 0.100000
	pigment { color rgbt <1,0,0,0> }
	no_shadow
}
cylinder {
	<27.399107, 33.836079, 34.839680>,  <27.317726, 33.447083, 34.794308>, 0.100000
	pigment { color rgbt <1,0,0,0> }
	no_shadow
}

// particle -1
sphere {
	<27.399107, 33.836079, 34.839680> 0.100000
	pigment { color rgbt <1,0,0,0> }
	no_shadow
}
sphere {
	0, 1
	scale<0.080000,0.200000,0.300000>
	matrix <-0.954398, 0.222839, -0.198661,
		-0.218473, -0.067836, 0.973482,
		0.203453, 0.972492, 0.113427,
		27.460142, 34.127827, 34.873707>
	pigment { color rgbt <0,1,1,0> }
	no_shadow
}
cylinder {
	<26.636736, 33.744026, 35.072819>,  <27.317726, 33.447083, 34.794308>, 0.130000
	pigment { color rgbt <1,0,0,0> }
	no_shadow
}

// nucleotide -1

// particle -1
sphere {
	<26.636736, 33.744026, 35.072819> 0.250000
	pigment { color rgbt <1,0,0,0> }
	no_shadow
}
cylinder {
	<26.827497, 34.082882, 34.979076>,  <26.941954, 34.286194, 34.922829>, 0.100000
	pigment { color rgbt <1,0,0,0> }
	no_shadow
}
cylinder {
	<26.827497, 34.082882, 34.979076>,  <26.636736, 33.744026, 35.072819>, 0.100000
	pigment { color rgbt <1,0,0,0> }
	no_shadow
}

// particle -1
sphere {
	<26.827497, 34.082882, 34.979076> 0.100000
	pigment { color rgbt <1,0,0,0> }
	no_shadow
}
sphere {
	0, 1
	scale<0.080000,0.200000,0.300000>
	matrix <-0.878351, 0.469215, -0.091310,
		0.032612, 0.249394, 0.967853,
		0.476903, 0.847136, -0.234358,
		26.970568, 34.337021, 34.908768>
	pigment { color rgbt <0,1,1,0> }
	no_shadow
}
cylinder {
	<26.318684, 34.241848, 35.426525>,  <26.636736, 33.744026, 35.072819>, 0.130000
	pigment { color rgbt <1,0,0,0> }
	no_shadow
}

// nucleotide -1

// particle -1
sphere {
	<26.318684, 34.241848, 35.426525> 0.250000
	pigment { color rgbt <1,0,0,0> }
	no_shadow
}
cylinder {
	<26.511938, 34.431038, 35.131805>,  <26.627890, 34.544552, 34.954971>, 0.100000
	pigment { color rgbt <1,0,0,0> }
	no_shadow
}
cylinder {
	<26.511938, 34.431038, 35.131805>,  <26.318684, 34.241848, 35.426525>, 0.100000
	pigment { color rgbt <1,0,0,0> }
	no_shadow
}

// particle -1
sphere {
	<26.511938, 34.431038, 35.131805> 0.100000
	pigment { color rgbt <1,0,0,0> }
	no_shadow
}
sphere {
	0, 1
	scale<0.080000,0.200000,0.300000>
	matrix <-0.821602, 0.535732, -0.194837,
		0.302575, 0.699490, 0.647427,
		0.483134, 0.472975, -0.736802,
		26.656878, 34.572929, 34.910767>
	pigment { color rgbt <0,1,1,0> }
	no_shadow
}
cylinder {
	<25.991276, 34.876041, 35.513882>,  <26.318684, 34.241848, 35.426525>, 0.130000
	pigment { color rgbt <1,0,0,0> }
	no_shadow
}

// nucleotide -1

// particle -1
sphere {
	<25.991276, 34.876041, 35.513882> 0.250000
	pigment { color rgbt <1,0,0,0> }
	no_shadow
}
cylinder {
	<26.152391, 34.849358, 35.148739>,  <26.249060, 34.833347, 34.929653>, 0.100000
	pigment { color rgbt <1,0,0,0> }
	no_shadow
}
cylinder {
	<26.152391, 34.849358, 35.148739>,  <25.991276, 34.876041, 35.513882>, 0.100000
	pigment { color rgbt <1,0,0,0> }
	no_shadow
}

// particle -1
sphere {
	<26.152391, 34.849358, 35.148739> 0.100000
	pigment { color rgbt <1,0,0,0> }
	no_shadow
}
sphere {
	0, 1
	scale<0.080000,0.200000,0.300000>
	matrix <-0.745664, 0.554463, -0.369536,
		0.530799, 0.829530, 0.173586,
		0.402788, -0.066713, -0.912859,
		26.273228, 34.829346, 34.874882>
	pigment { color rgbt <0,1,1,0> }
	no_shadow
}
cylinder {
	<26.186125, 35.544952, 35.233887>,  <25.991276, 34.876041, 35.513882>, 0.130000
	pigment { color rgbt <1,0,0,0> }
	no_shadow
}

// nucleotide -1

// particle -1
sphere {
	<26.186125, 35.544952, 35.233887> 0.250000
	pigment { color rgbt <1,0,0,0> }
	no_shadow
}
cylinder {
	<26.077148, 35.315517, 34.924885>,  <26.011763, 35.177856, 34.739483>, 0.100000
	pigment { color rgbt <1,0,0,0> }
	no_shadow
}
cylinder {
	<26.077148, 35.315517, 34.924885>,  <26.186125, 35.544952, 35.233887>, 0.100000
	pigment { color rgbt <1,0,0,0> }
	no_shadow
}

// particle -1
sphere {
	<26.077148, 35.315517, 34.924885> 0.100000
	pigment { color rgbt <1,0,0,0> }
	no_shadow
}
sphere {
	0, 1
	scale<0.080000,0.200000,0.300000>
	matrix <-0.694419, 0.672958, -0.254774,
		0.666001, 0.467031, -0.581657,
		-0.272443, -0.573593, -0.772505,
		25.995417, 35.143440, 34.693130>
	pigment { color rgbt <0,1,1,0> }
	no_shadow
}
cylinder {
	<26.094793, 36.022491, 34.615204>,  <26.186125, 35.544952, 35.233887>, 0.130000
	pigment { color rgbt <1,0,0,0> }
	no_shadow
}

// nucleotide -1

// particle -1
sphere {
	<26.094793, 36.022491, 34.615204> 0.250000
	pigment { color rgbt <1,0,0,0> }
	no_shadow
}
cylinder {
	<25.900290, 35.673454, 34.596733>,  <25.783587, 35.464031, 34.585651>, 0.100000
	pigment { color rgbt <1,0,0,0> }
	no_shadow
}
cylinder {
	<25.900290, 35.673454, 34.596733>,  <26.094793, 36.022491, 34.615204>, 0.100000
	pigment { color rgbt <1,0,0,0> }
	no_shadow
}

// particle -1
sphere {
	<25.900290, 35.673454, 34.596733> 0.100000
	pigment { color rgbt <1,0,0,0> }
	no_shadow
}
sphere {
	0, 1
	scale<0.080000,0.200000,0.300000>
	matrix <-0.864280, 0.488068, -0.121697,
		0.128730, -0.019266, -0.991493,
		-0.486261, -0.872593, -0.046177,
		25.754412, 35.411678, 34.582878>
	pigment { color rgbt <0,1,1,0> }
	no_shadow
}
cylinder {
	<25.878281, 36.149998, 33.969315>,  <26.094793, 36.022491, 34.615204>, 0.130000
	pigment { color rgbt <1,0,0,0> }
	no_shadow
}

// nucleotide -1

// particle -1
sphere {
	<25.878281, 36.149998, 33.969315> 0.250000
	pigment { color rgbt <1,0,0,0> }
	no_shadow
}
cylinder {
	<25.668179, 35.946766, 34.242359>,  <25.542118, 35.824825, 34.406185>, 0.100000
	pigment { color rgbt <1,0,0,0> }
	no_shadow
}
cylinder {
	<25.668179, 35.946766, 34.242359>,  <25.878281, 36.149998, 33.969315>, 0.100000
	pigment { color rgbt <1,0,0,0> }
	no_shadow
}

// particle -1
sphere {
	<25.668179, 35.946766, 34.242359> 0.100000
	pigment { color rgbt <1,0,0,0> }
	no_shadow
}
sphere {
	0, 1
	scale<0.080000,0.200000,0.300000>
	matrix <-0.693819, 0.720146, 0.002140,
		-0.492671, -0.472488, -0.730774,
		-0.525253, -0.508080, 0.682616,
		25.510603, 35.794342, 34.447144>
	pigment { color rgbt <0,1,1,0> }
	no_shadow
}
cylinder {
	<25.796021, 35.945305, 33.211300>,  <25.878281, 36.149998, 33.969315>, 0.130000
	pigment { color rgbt <1,0,0,0> }
	no_shadow
}

// nucleotide -1

// particle -1
sphere {
	<25.796021, 35.945305, 33.211300> 0.250000
	pigment { color rgbt <1,0,0,0> }
	no_shadow
}
cylinder {
	<25.471298, 36.147079, 33.328953>,  <25.276464, 36.268143, 33.399544>, 0.100000
	pigment { color rgbt <1,0,0,0> }
	no_shadow
}
cylinder {
	<25.471298, 36.147079, 33.328953>,  <25.796021, 35.945305, 33.211300>, 0.100000
	pigment { color rgbt <1,0,0,0> }
	no_shadow
}

// particle -1
sphere {
	<25.471298, 36.147079, 33.328953> 0.100000
	pigment { color rgbt <1,0,0,0> }
	no_shadow
}
sphere {
	0, 1
	scale<0.080000,0.200000,0.300000>
	matrix <0.580018, 0.754787, 0.306390,
		-0.067453, 0.419331, -0.905324,
		-0.811806, 0.504437, 0.294132,
		25.227757, 36.298412, 33.417194>
	pigment { color rgbt <0,1,1,0> }
	no_shadow
}
cylinder {
	<26.002810, 36.611416, 32.928268>,  <25.796021, 35.945305, 33.211300>, 0.130000
	pigment { color rgbt <1,0,0,0> }
	no_shadow
}

// nucleotide -1

// particle -1
sphere {
	<26.002810, 36.611416, 32.928268> 0.250000
	pigment { color rgbt <1,0,0,0> }
	no_shadow
}
cylinder {
	<25.747225, 36.614487, 33.235950>,  <25.593874, 36.616329, 33.420559>, 0.100000
	pigment { color rgbt <1,0,0,0> }
	no_shadow
}
cylinder {
	<25.747225, 36.614487, 33.235950>,  <26.002810, 36.611416, 32.928268>, 0.100000
	pigment { color rgbt <1,0,0,0> }
	no_shadow
}

// particle -1
sphere {
	<25.747225, 36.614487, 33.235950> 0.100000
	pigment { color rgbt <1,0,0,0> }
	no_shadow
}
sphere {
	0, 1
	scale<0.080000,0.200000,0.300000>
	matrix <0.624372, 0.589257, 0.512773,
		-0.449320, 0.807909, -0.381306,
		-0.638961, 0.007678, 0.769201,
		25.555536, 36.616791, 33.466709>
	pigment { color rgbt <0,1,1,0> }
	no_shadow
}
cylinder {
	<26.849915, 36.572807, 33.114487>,  <26.002810, 36.611416, 32.928268>, 0.130000
	pigment { color rgbt <1,0,0,0> }
	no_shadow
}

// nucleotide -1

// particle -1
sphere {
	<26.849915, 36.572807, 33.114487> 0.250000
	pigment { color rgbt <1,0,0,0> }
	no_shadow
}
cylinder {
	<27.080599, 36.610420, 32.789879>,  <27.219009, 36.632988, 32.595116>, 0.100000
	pigment { color rgbt <1,0,0,0> }
	no_shadow
}
cylinder {
	<27.080599, 36.610420, 32.789879>,  <26.849915, 36.572807, 33.114487>, 0.100000
	pigment { color rgbt <1,0,0,0> }
	no_shadow
}

// particle -1
sphere {
	<27.080599, 36.610420, 32.789879> 0.100000
	pigment { color rgbt <1,0,0,0> }
	no_shadow
}
sphere {
	0, 1
	scale<0.080000,0.200000,0.300000>
	matrix <-0.781531, 0.352815, -0.514520,
		0.237932, 0.930956, 0.276965,
		0.576712, 0.094036, -0.811517,
		27.253613, 36.638630, 32.546425>
	pigment { color rgbt <0,1,1,0> }
	no_shadow
}
cylinder {
	<26.676142, 37.255173, 32.881222>,  <26.849915, 36.572807, 33.114487>, 0.130000
	pigment { color rgbt <1,0,0,0> }
	no_shadow
}

// nucleotide -1

// particle -1
sphere {
	<26.676142, 37.255173, 32.881222> 0.250000
	pigment { color rgbt <1,0,0,0> }
	no_shadow
}
cylinder {
	<26.855736, 37.101154, 32.558693>,  <26.963491, 37.008743, 32.365177>, 0.100000
	pigment { color rgbt <1,0,0,0> }
	no_shadow
}
cylinder {
	<26.855736, 37.101154, 32.558693>,  <26.676142, 37.255173, 32.881222>, 0.100000
	pigment { color rgbt <1,0,0,0> }
	no_shadow
}

// particle -1
sphere {
	<26.855736, 37.101154, 32.558693> 0.100000
	pigment { color rgbt <1,0,0,0> }
	no_shadow
}
sphere {
	0, 1
	scale<0.080000,0.200000,0.300000>
	matrix <-0.555188, 0.586849, -0.589385,
		0.700128, 0.712285, 0.049714,
		0.448984, -0.385044, -0.806321,
		26.990431, 36.985641, 32.316795>
	pigment { color rgbt <0,1,1,0> }
	no_shadow
}
cylinder {
	<26.533562, 37.823463, 32.372276>,  <26.676142, 37.255173, 32.881222>, 0.130000
	pigment { color rgbt <1,0,0,0> }
	no_shadow
}

// nucleotide -1

// particle -1
sphere {
	<26.533562, 37.823463, 32.372276> 0.250000
	pigment { color rgbt <1,0,0,0> }
	no_shadow
}
cylinder {
	<26.717846, 38.178253, 32.385014>,  <26.828417, 38.391129, 32.392654>, 0.100000
	pigment { color rgbt <1,0,0,0> }
	no_shadow
}
cylinder {
	<26.717846, 38.178253, 32.385014>,  <26.533562, 37.823463, 32.372276>, 0.100000
	pigment { color rgbt <1,0,0,0> }
	no_shadow
}

// particle -1
sphere {
	<26.717846, 38.178253, 32.385014> 0.100000
	pigment { color rgbt <1,0,0,0> }
	no_shadow
}
sphere {
	0, 1
	scale<0.080000,0.200000,0.300000>
	matrix <-0.838188, 0.446606, -0.313024,
		-0.291866, 0.117525, 0.949211,
		0.460712, 0.886978, 0.031841,
		26.856060, 38.444347, 32.394566>
	pigment { color rgbt <0,1,1,0> }
	no_shadow
}
cylinder {
	<26.166086, 38.407780, 32.760731>,  <26.533562, 37.823463, 32.372276>, 0.130000
	pigment { color rgbt <1,0,0,0> }
	no_shadow
}

// nucleotide -1

// particle -1
sphere {
	<26.166086, 38.407780, 32.760731> 0.250000
	pigment { color rgbt <1,0,0,0> }
	no_shadow
}
cylinder {
	<26.362518, 38.616993, 32.482082>,  <26.480377, 38.742519, 32.314896>, 0.100000
	pigment { color rgbt <1,0,0,0> }
	no_shadow
}
cylinder {
	<26.362518, 38.616993, 32.482082>,  <26.166086, 38.407780, 32.760731>, 0.100000
	pigment { color rgbt <1,0,0,0> }
	no_shadow
}

// particle -1
sphere {
	<26.362518, 38.616993, 32.482082> 0.100000
	pigment { color rgbt <1,0,0,0> }
	no_shadow
}
sphere {
	0, 1
	scale<0.080000,0.200000,0.300000>
	matrix <-0.847481, 0.471866, -0.243143,
		0.201538, 0.709773, 0.674985,
		0.491078, 0.523034, -0.696618,
		26.509842, 38.773903, 32.273098>
	pigment { color rgbt <0,1,1,0> }
	no_shadow
}
cylinder {
	<25.850126, 39.035767, 32.726974>,  <26.166086, 38.407780, 32.760731>, 0.130000
	pigment { color rgbt <1,0,0,0> }
	no_shadow
}

// nucleotide -1

// particle -1
sphere {
	<25.850126, 39.035767, 32.726974> 0.250000
	pigment { color rgbt <1,0,0,0> }
	no_shadow
}
cylinder {
	<26.027370, 38.974316, 32.373692>,  <26.133717, 38.937443, 32.161724>, 0.100000
	pigment { color rgbt <1,0,0,0> }
	no_shadow
}
cylinder {
	<26.027370, 38.974316, 32.373692>,  <25.850126, 39.035767, 32.726974>, 0.100000
	pigment { color rgbt <1,0,0,0> }
	no_shadow
}

// particle -1
sphere {
	<26.027370, 38.974316, 32.373692> 0.100000
	pigment { color rgbt <1,0,0,0> }
	no_shadow
}
sphere {
	0, 1
	scale<0.080000,0.200000,0.300000>
	matrix <-0.789468, 0.399895, -0.465643,
		0.424727, 0.903593, 0.055911,
		0.443110, -0.153631, -0.883205,
		26.160303, 38.928226, 32.108730>
	pigment { color rgbt <0,1,1,0> }
	no_shadow
}
cylinder {
	<25.857761, 39.690590, 32.403332>,  <25.850126, 39.035767, 32.726974>, 0.130000
	pigment { color rgbt <1,0,0,0> }
	no_shadow
}

// nucleotide -1

// particle -1
sphere {
	<25.857761, 39.690590, 32.403332> 0.250000
	pigment { color rgbt <1,0,0,0> }
	no_shadow
}
cylinder {
	<25.893320, 39.434525, 32.098099>,  <25.914656, 39.280888, 31.914959>, 0.100000
	pigment { color rgbt <1,0,0,0> }
	no_shadow
}
cylinder {
	<25.893320, 39.434525, 32.098099>,  <25.857761, 39.690590, 32.403332>, 0.100000
	pigment { color rgbt <1,0,0,0> }
	no_shadow
}

// particle -1
sphere {
	<25.893320, 39.434525, 32.098099> 0.100000
	pigment { color rgbt <1,0,0,0> }
	no_shadow
}
sphere {
	0, 1
	scale<0.080000,0.200000,0.300000>
	matrix <-0.686076, 0.516040, -0.512838,
		0.722078, 0.569120, -0.393325,
		0.088895, -0.640160, -0.763081,
		25.919989, 39.242477, 31.869175>
	pigment { color rgbt <0,1,1,0> }
	no_shadow
}
cylinder {
	<25.734533, 40.013416, 31.890879>,  <25.857761, 39.690590, 32.403332>, 0.130000
	pigment { color rgbt <1,0,0,0> }
	no_shadow
}

// nucleotide -1

// particle -1
sphere {
	<25.734533, 40.013416, 31.890879> 0.250000
	pigment { color rgbt <1,0,0,0> }
	no_shadow
}
cylinder {
	<25.668709, 39.661858, 31.711784>,  <25.629213, 39.450924, 31.604328>, 0.100000
	pigment { color rgbt <1,0,0,0> }
	no_shadow
}
cylinder {
	<25.668709, 39.661858, 31.711784>,  <25.734533, 40.013416, 31.890879>, 0.100000
	pigment { color rgbt <1,0,0,0> }
	no_shadow
}

// particle -1
sphere {
	<25.668709, 39.661858, 31.711784> 0.100000
	pigment { color rgbt <1,0,0,0> }
	no_shadow
}
sphere {
	0, 1
	scale<0.080000,0.200000,0.300000>
	matrix <-0.732901, 0.412742, -0.540833,
		0.660133, 0.239144, -0.712063,
		-0.164561, -0.878894, -0.447734,
		25.619341, 39.398190, 31.577465>
	pigment { color rgbt <0,1,1,0> }
	no_shadow
}
cylinder {
	<25.927399, 40.063232, 31.227192>,  <25.734533, 40.013416, 31.890879>, 0.130000
	pigment { color rgbt <1,0,0,0> }
	no_shadow
}

// nucleotide -1

// particle -1
sphere {
	<25.927399, 40.063232, 31.227192> 0.250000
	pigment { color rgbt <1,0,0,0> }
	no_shadow
}
cylinder {
	<25.635967, 39.793270, 31.273966>,  <25.461107, 39.631294, 31.302031>, 0.100000
	pigment { color rgbt <1,0,0,0> }
	no_shadow
}
cylinder {
	<25.635967, 39.793270, 31.273966>,  <25.927399, 40.063232, 31.227192>, 0.100000
	pigment { color rgbt <1,0,0,0> }
	no_shadow
}

// particle -1
sphere {
	<25.635967, 39.793270, 31.273966> 0.100000
	pigment { color rgbt <1,0,0,0> }
	no_shadow
}
sphere {
	0, 1
	scale<0.080000,0.200000,0.300000>
	matrix <-0.619021, 0.575694, -0.534218,
		0.293228, -0.461606, -0.837220,
		-0.728581, -0.674905, 0.116934,
		25.417393, 39.590797, 31.309046>
	pigment { color rgbt <0,1,1,0> }
	no_shadow
}
cylinder {
	<25.671698, 39.810062, 30.546450>,  <25.927399, 40.063232, 31.227192>, 0.130000
	pigment { color rgbt <1,0,0,0> }
	no_shadow
}

// nucleotide -1

// particle -1
sphere {
	<25.671698, 39.810062, 30.546450> 0.250000
	pigment { color rgbt <1,0,0,0> }
	no_shadow
}
cylinder {
	<25.364996, 39.728466, 30.789917>,  <25.180975, 39.679508, 30.935997>, 0.100000
	pigment { color rgbt <1,0,0,0> }
	no_shadow
}
cylinder {
	<25.364996, 39.728466, 30.789917>,  <25.671698, 39.810062, 30.546450>, 0.100000
	pigment { color rgbt <1,0,0,0> }
	no_shadow
}

// particle -1
sphere {
	<25.364996, 39.728466, 30.789917> 0.100000
	pigment { color rgbt <1,0,0,0> }
	no_shadow
}
sphere {
	0, 1
	scale<0.080000,0.200000,0.300000>
	matrix <-0.602292, 0.556677, -0.572150,
		-0.222116, -0.805293, -0.549697,
		-0.766752, -0.203995, 0.608669,
		25.134970, 39.667267, 30.972517>
	pigment { color rgbt <0,1,1,0> }
	no_shadow
}
cylinder {
	<25.034374, 39.518623, 30.171486>,  <25.671698, 39.810062, 30.546450>, 0.130000
	pigment { color rgbt <1,0,0,0> }
	no_shadow
}

// nucleotide -1

// particle -1
sphere {
	<25.034374, 39.518623, 30.171486> 0.250000
	pigment { color rgbt <1,0,0,0> }
	no_shadow
}
cylinder {
	<24.927845, 39.682945, 30.520269>,  <24.863928, 39.781536, 30.729540>, 0.100000
	pigment { color rgbt <1,0,0,0> }
	no_shadow
}
cylinder {
	<24.927845, 39.682945, 30.520269>,  <25.034374, 39.518623, 30.171486>, 0.100000
	pigment { color rgbt <1,0,0,0> }
	no_shadow
}

// particle -1
sphere {
	<24.927845, 39.682945, 30.520269> 0.100000
	pigment { color rgbt <1,0,0,0> }
	no_shadow
}
sphere {
	0, 1
	scale<0.080000,0.200000,0.300000>
	matrix <-0.752543, 0.476643, -0.454411,
		-0.602287, -0.777207, 0.182206,
		-0.266325, 0.410804, 0.871958,
		24.847948, 39.806187, 30.781857>
	pigment { color rgbt <0,1,1,0> }
	no_shadow
}
cylinder {
	<24.300573, 39.287704, 30.423704>,  <25.034374, 39.518623, 30.171486>, 0.130000
	pigment { color rgbt <1,0,0,0> }
	no_shadow
}

// nucleotide -1

// particle -1
sphere {
	<24.300573, 39.287704, 30.423704> 0.250000
	pigment { color rgbt <1,0,0,0> }
	no_shadow
}
cylinder {
	<24.384357, 39.649845, 30.571470>,  <24.434628, 39.867130, 30.660130>, 0.100000
	pigment { color rgbt <1,0,0,0> }
	no_shadow
}
cylinder {
	<24.384357, 39.649845, 30.571470>,  <24.300573, 39.287704, 30.423704>, 0.100000
	pigment { color rgbt <1,0,0,0> }
	no_shadow
}

// particle -1
sphere {
	<24.384357, 39.649845, 30.571470> 0.100000
	pigment { color rgbt <1,0,0,0> }
	no_shadow
}
sphere {
	0, 1
	scale<0.080000,0.200000,0.300000>
	matrix <-0.865155, 0.347648, -0.361453,
		-0.455668, -0.243889, 0.856087,
		0.209462, 0.905351, 0.369413,
		24.447197, 39.921452, 30.682295>
	pigment { color rgbt <0,1,1,0> }
	no_shadow
}
cylinder {
	<23.999863, 39.430847, 31.186066>,  <24.300573, 39.287704, 30.423704>, 0.130000
	pigment { color rgbt <1,0,0,0> }
	no_shadow
}

// nucleotide -1

// particle -1
sphere {
	<23.999863, 39.430847, 31.186066> 0.250000
	pigment { color rgbt <1,0,0,0> }
	no_shadow
}
cylinder {
	<24.260521, 39.641266, 31.404654>,  <24.416916, 39.767517, 31.535807>, 0.100000
	pigment { color rgbt <1,0,0,0> }
	no_shadow
}
cylinder {
	<24.260521, 39.641266, 31.404654>,  <23.999863, 39.430847, 31.186066>, 0.100000
	pigment { color rgbt <1,0,0,0> }
	no_shadow
}

// particle -1
sphere {
	<24.260521, 39.641266, 31.404654> 0.100000
	pigment { color rgbt <1,0,0,0> }
	no_shadow
}
sphere {
	0, 1
	scale<0.080000,0.200000,0.300000>
	matrix <0.634423, -0.772884, -0.012528,
		0.415768, 0.354857, -0.837385,
		0.651647, 0.526048, 0.546470,
		24.456015, 39.799080, 31.568594>
	pigment { color rgbt <0,1,1,0> }
	no_shadow
}
cylinder {
	<24.332314, 39.136570, 31.754190>,  <23.999863, 39.430847, 31.186066>, 0.130000
	pigment { color rgbt <1,0,0,0> }
	no_shadow
}

// nucleotide -1

// particle -1
sphere {
	<24.332314, 39.136570, 31.754190> 0.250000
	pigment { color rgbt <1,0,0,0> }
	no_shadow
}
cylinder {
	<24.560448, 39.270046, 31.453959>,  <24.697329, 39.350132, 31.273819>, 0.100000
	pigment { color rgbt <1,0,0,0> }
	no_shadow
}
cylinder {
	<24.560448, 39.270046, 31.453959>,  <24.332314, 39.136570, 31.754190>, 0.100000
	pigment { color rgbt <1,0,0,0> }
	no_shadow
}

// particle -1
sphere {
	<24.560448, 39.270046, 31.453959> 0.100000
	pigment { color rgbt <1,0,0,0> }
	no_shadow
}
sphere {
	0, 1
	scale<0.080000,0.200000,0.300000>
	matrix <0.775437, -0.520139, 0.357985,
		-0.270950, -0.786198, -0.555409,
		0.570337, 0.333689, -0.750578,
		24.731548, 39.370152, 31.228785>
	pigment { color rgbt <0,1,1,0> }
	no_shadow
}
cylinder {
	<24.641924, 38.555706, 31.391018>,  <24.332314, 39.136570, 31.754190>, 0.130000
	pigment { color rgbt <1,0,0,0> }
	no_shadow
}

// nucleotide -1

// particle -1
sphere {
	<24.641924, 38.555706, 31.391018> 0.250000
	pigment { color rgbt <1,0,0,0> }
	no_shadow
}
cylinder {
	<24.880251, 38.869820, 31.323692>,  <25.023247, 39.058289, 31.283297>, 0.100000
	pigment { color rgbt <1,0,0,0> }
	no_shadow
}
cylinder {
	<24.880251, 38.869820, 31.323692>,  <24.641924, 38.555706, 31.391018>, 0.100000
	pigment { color rgbt <1,0,0,0> }
	no_shadow
}

// particle -1
sphere {
	<24.880251, 38.869820, 31.323692> 0.100000
	pigment { color rgbt <1,0,0,0> }
	no_shadow
}
sphere {
	0, 1
	scale<0.080000,0.200000,0.300000>
	matrix <0.772888, -0.503700, 0.385915,
		0.218274, -0.360022, -0.907050,
		0.595819, 0.785284, -0.168312,
		25.058996, 39.105404, 31.273199>
	pigment { color rgbt <0,1,1,0> }
	no_shadow
}
cylinder {
	<25.272007, 38.205757, 31.363148>,  <24.641924, 38.555706, 31.391018>, 0.130000
	pigment { color rgbt <1,0,0,0> }
	no_shadow
}

// nucleotide -1

// particle -1
sphere {
	<25.272007, 38.205757, 31.363148> 0.250000
	pigment { color rgbt <1,0,0,0> }
	no_shadow
}
cylinder {
	<25.409079, 38.581081, 31.381664>,  <25.491322, 38.806274, 31.392775>, 0.100000
	pigment { color rgbt <1,0,0,0> }
	no_shadow
}
cylinder {
	<25.409079, 38.581081, 31.381664>,  <25.272007, 38.205757, 31.363148>, 0.100000
	pigment { color rgbt <1,0,0,0> }
	no_shadow
}

// particle -1
sphere {
	<25.409079, 38.581081, 31.381664> 0.100000
	pigment { color rgbt <1,0,0,0> }
	no_shadow
}
sphere {
	0, 1
	scale<0.080000,0.200000,0.300000>
	matrix <0.842837, -0.328829, 0.426025,
		0.414966, -0.106972, -0.903526,
		0.342679, 0.938311, 0.046293,
		25.511883, 38.862576, 31.395552>
	pigment { color rgbt <0,1,1,0> }
	no_shadow
}
cylinder {
	<25.946318, 38.273132, 30.976284>,  <25.272007, 38.205757, 31.363148>, 0.130000
	pigment { color rgbt <1,0,0,0> }
	no_shadow
}

// nucleotide -1

// particle -1
sphere {
	<25.946318, 38.273132, 30.976284> 0.250000
	pigment { color rgbt <1,0,0,0> }
	no_shadow
}
cylinder {
	<25.962082, 38.565460, 31.248857>,  <25.971540, 38.740856, 31.412401>, 0.100000
	pigment { color rgbt <1,0,0,0> }
	no_shadow
}
cylinder {
	<25.962082, 38.565460, 31.248857>,  <25.946318, 38.273132, 30.976284>, 0.100000
	pigment { color rgbt <1,0,0,0> }
	no_shadow
}

// particle -1
sphere {
	<25.962082, 38.565460, 31.248857> 0.100000
	pigment { color rgbt <1,0,0,0> }
	no_shadow
}
sphere {
	0, 1
	scale<0.080000,0.200000,0.300000>
	matrix <0.877184, -0.351901, 0.326671,
		0.478534, 0.584868, -0.654931,
		0.039411, 0.730818, 0.681433,
		25.973906, 38.784706, 31.453287>
	pigment { color rgbt <0,1,1,0> }
	no_shadow
}
cylinder {
	<26.576036, 38.642342, 30.912615>,  <25.946318, 38.273132, 30.976284>, 0.130000
	pigment { color rgbt <1,0,0,0> }
	no_shadow
}

// nucleotide -1

// particle -1
sphere {
	<26.576036, 38.642342, 30.912615> 0.250000
	pigment { color rgbt <1,0,0,0> }
	no_shadow
}
cylinder {
	<26.457895, 38.709515, 31.288820>,  <26.387011, 38.749817, 31.514544>, 0.100000
	pigment { color rgbt <1,0,0,0> }
	no_shadow
}
cylinder {
	<26.457895, 38.709515, 31.288820>,  <26.576036, 38.642342, 30.912615>, 0.100000
	pigment { color rgbt <1,0,0,0> }
	no_shadow
}

// particle -1
sphere {
	<26.457895, 38.709515, 31.288820> 0.100000
	pigment { color rgbt <1,0,0,0> }
	no_shadow
}
sphere {
	0, 1
	scale<0.080000,0.200000,0.300000>
	matrix <0.898792, -0.284951, 0.333130,
		0.323943, 0.943717, -0.066773,
		-0.295353, 0.167930, 0.940514,
		26.369289, 38.759895, 31.570974>
	pigment { color rgbt <0,1,1,0> }
	no_shadow
}
cylinder {
	<27.110518, 39.042736, 31.391710>,  <26.576036, 38.642342, 30.912615>, 0.130000
	pigment { color rgbt <1,0,0,0> }
	no_shadow
}

// nucleotide -1

// particle -1
sphere {
	<27.110518, 39.042736, 31.391710> 0.250000
	pigment { color rgbt <1,0,0,0> }
	no_shadow
}
cylinder {
	<26.871378, 38.797607, 31.598408>,  <26.727894, 38.650528, 31.722425>, 0.100000
	pigment { color rgbt <1,0,0,0> }
	no_shadow
}
cylinder {
	<26.871378, 38.797607, 31.598408>,  <27.110518, 39.042736, 31.391710>, 0.100000
	pigment { color rgbt <1,0,0,0> }
	no_shadow
}

// particle -1
sphere {
	<26.871378, 38.797607, 31.598408> 0.100000
	pigment { color rgbt <1,0,0,0> }
	no_shadow
}
sphere {
	0, 1
	scale<0.080000,0.200000,0.300000>
	matrix <0.798835, -0.401873, 0.447618,
