// switches for output
#declare DRAW_BASES = 1; // possible values are 0, 1; only relevant for DNA ribbons
#declare DRAW_BASES_TYPE = 3; // possible values are 1, 2, 3; only relevant for DNA ribbons
#declare DRAW_FOG = 0; // set to 1 to enable fog

#include "colors.inc"

#include "transforms.inc"
background { rgb <1, 1, 1>}

#default {
   normal{
       ripples 0.25
       frequency 0.20
       turbulence 0.2
       lambda 5
   }
	finish {
		phong 0.1
		phong_size 40.
	}
}

// original window dimensions: 1024x640


// camera settings

camera {
	sky <0, 0.179814, -0.983701>
	up <0, 0.179814, -0.983701>
	right 1.6 * <1, 0, 0>
	location <35, 94.9851, 44.8844>
	look_at <35, 29.7336, 32.9568>
	direction <0, -65.2515, -11.9276>
	angle 67.0682
}


# declare cpy_camera_pos = <35, 94.9851, 44.8844>;
# if (DRAW_FOG = 1)
fog {
	fog_type 2
	up vnormalize(cpy_camera_pos)
	color rgbt<1,1,1,0.3>
	distance 1e-5
	fog_alt 3e-3
	fog_offset 56
}
# end


// LIGHTS

# declare lum = 6;
global_settings {
	ambient_light rgb lum * <0.05, 0.05, 0.05>
	max_trace_level 15
}# declare cpy_direct_light_amount = 0.25;
light_source
{	1000 * <-1, -1.16352, -0.803886>,
	rgb lum * cpy_direct_light_amount
	parallel
}

light_source
{	1000 * <1, 1.16352, 0.803886>,
	rgb lum * cpy_direct_light_amount
	parallel
}

// strand 0

// nucleotide -1

// particle -1
sphere {
	<24.325708, 34.406002, 34.590157> 0.250000
	pigment { color rgbt <1,0,0,0> }
	no_shadow
}
cylinder {
	<24.323074, 34.754036, 34.787296>,  <24.321493, 34.962856, 34.905582>, 0.100000
	pigment { color rgbt <1,0,0,0> }
	no_shadow
}
cylinder {
	<24.323074, 34.754036, 34.787296>,  <24.325708, 34.406002, 34.590157>, 0.100000
	pigment { color rgbt <1,0,0,0> }
	no_shadow
}

// particle -1
sphere {
	<24.323074, 34.754036, 34.787296> 0.100000
	pigment { color rgbt <1,0,0,0> }
	no_shadow
}
sphere {
	0, 1
	scale<0.080000,0.200000,0.300000>
	matrix <0.457689, -0.435587, 0.775103,
		0.889088, 0.230679, -0.395360,
		-0.006586, 0.870087, 0.492854,
		24.321098, 35.015060, 34.935154>
	pigment { color rgbt <0,1,1,0> }
	no_shadow
}
cylinder {
	<24.849319, 34.439545, 35.193882>,  <24.325708, 34.406002, 34.590157>, 0.130000
	pigment { color rgbt <1,0,0,0> }
	no_shadow
}

// nucleotide -1

// particle -1
sphere {
	<24.849319, 34.439545, 35.193882> 0.250000
	pigment { color rgbt <1,0,0,0> }
	no_shadow
}
cylinder {
	<24.842089, 34.063278, 35.329422>,  <24.837751, 33.837517, 35.410748>, 0.100000
	pigment { color rgbt <1,0,0,0> }
	no_shadow
}
cylinder {
	<24.842089, 34.063278, 35.329422>,  <24.849319, 34.439545, 35.193882>, 0.100000
	pigment { color rgbt <1,0,0,0> }
	no_shadow
}

// particle -1
sphere {
	<24.842089, 34.063278, 35.329422> 0.100000
	pigment { color rgbt <1,0,0,0> }
	no_shadow
}
sphere {
	0, 1
	scale<0.080000,0.200000,0.300000>
	matrix <0.653457, -0.267622, -0.708076,
		0.756747, 0.208625, 0.619523,
		-0.018076, -0.940667, 0.338850,
		24.836666, 33.781078, 35.431076>
	pigment { color rgbt <0,1,1,0> }
	no_shadow
}
cylinder {
	<25.537024, 34.343037, 35.492130>,  <24.849319, 34.439545, 35.193882>, 0.130000
	pigment { color rgbt <1,0,0,0> }
	no_shadow
}

// nucleotide -1

// particle -1
sphere {
	<25.537024, 34.343037, 35.492130> 0.250000
	pigment { color rgbt <1,0,0,0> }
	no_shadow
}
cylinder {
	<25.329777, 34.029499, 35.355225>,  <25.205429, 33.841377, 35.273079>, 0.100000
	pigment { color rgbt <1,0,0,0> }
	no_shadow
}
cylinder {
	<25.329777, 34.029499, 35.355225>,  <25.537024, 34.343037, 35.492130>, 0.100000
	pigment { color rgbt <1,0,0,0> }
	no_shadow
}

// particle -1
sphere {
	<25.329777, 34.029499, 35.355225> 0.100000
	pigment { color rgbt <1,0,0,0> }
	no_shadow
}
sphere {
	0, 1
	scale<0.080000,0.200000,0.300000>
	matrix <0.783115, -0.273833, -0.558343,
		0.343927, -0.557322, 0.755716,
		-0.518117, -0.783841, -0.342268,
		25.174341, 33.794346, 35.252544>
	pigment { color rgbt <0,1,1,0> }
	no_shadow
}
cylinder {
	<26.013779, 33.949619, 35.464718>,  <25.537024, 34.343037, 35.492130>, 0.130000
	pigment { color rgbt <1,0,0,0> }
	no_shadow
}

// nucleotide -1

// particle -1
sphere {
	<26.013779, 33.949619, 35.464718> 0.250000
	pigment { color rgbt <1,0,0,0> }
	no_shadow
}
cylinder {
	<25.720404, 33.773975, 35.257160>,  <25.544378, 33.668587, 35.132626>, 0.100000
	pigment { color rgbt <1,0,0,0> }
	no_shadow
}
cylinder {
	<25.720404, 33.773975, 35.257160>,  <26.013779, 33.949619, 35.464718>, 0.100000
	pigment { color rgbt <1,0,0,0> }
	no_shadow
}

// particle -1
sphere {
	<25.720404, 33.773975, 35.257160> 0.100000
	pigment { color rgbt <1,0,0,0> }
	no_shadow
}
sphere {
	0, 1
	scale<0.080000,0.200000,0.300000>
	matrix <0.670628, -0.342744, -0.657864,
		0.111031, -0.830485, 0.545864,
		-0.733437, -0.439115, -0.518891,
		25.500372, 33.642242, 35.101494>
	pigment { color rgbt <0,1,1,0> }
	no_shadow
}
cylinder {
	<26.325403, 33.367096, 35.326538>,  <26.013779, 33.949619, 35.464718>, 0.130000
	pigment { color rgbt <1,0,0,0> }
	no_shadow
}

// nucleotide -1

// particle -1
sphere {
	<26.325403, 33.367096, 35.326538> 0.250000
	pigment { color rgbt <1,0,0,0> }
	no_shadow
}
cylinder {
	<26.009739, 33.405556, 35.083893>,  <25.820339, 33.428631, 34.938305>, 0.100000
	pigment { color rgbt <1,0,0,0> }
	no_shadow
}
cylinder {
	<26.009739, 33.405556, 35.083893>,  <26.325403, 33.367096, 35.326538>, 0.100000
	pigment { color rgbt <1,0,0,0> }
	no_shadow
}

// particle -1
sphere {
	<26.009739, 33.405556, 35.083893> 0.100000
	pigment { color rgbt <1,0,0,0> }
	no_shadow
}
sphere {
	0, 1
	scale<0.080000,0.200000,0.300000>
	matrix <0.553227, -0.317704, -0.770068,
		-0.266763, -0.943303, 0.197529,
		-0.789163, 0.096148, -0.606612,
		25.772989, 33.434399, 34.901909>
	pigment { color rgbt <0,1,1,0> }
	no_shadow
}
cylinder {
	<26.920107, 33.070152, 35.652317>,  <26.325403, 33.367096, 35.326538>, 0.130000
	pigment { color rgbt <1,0,0,0> }
	no_shadow
}

// nucleotide -1

// particle -1
sphere {
	<26.920107, 33.070152, 35.652317> 0.250000
	pigment { color rgbt <1,0,0,0> }
	no_shadow
}
cylinder {
	<27.162664, 33.074863, 35.334286>,  <27.308199, 33.077690, 35.143467>, 0.100000
	pigment { color rgbt <1,0,0,0> }
	no_shadow
}
cylinder {
	<27.162664, 33.074863, 35.334286>,  <26.920107, 33.070152, 35.652317>, 0.100000
	pigment { color rgbt <1,0,0,0> }
	no_shadow
}

// particle -1
sphere {
	<27.162664, 33.074863, 35.334286> 0.100000
	pigment { color rgbt <1,0,0,0> }
	no_shadow
}
sphere {
	0, 1
	scale<0.080000,0.200000,0.300000>
	matrix <0.127605, -0.988373, 0.082682,
		-0.784860, -0.151594, -0.600844,
		0.606392, 0.011777, -0.795078,
		27.344582, 33.078396, 35.095760>
	pigment { color rgbt <0,1,1,0> }
	no_shadow
}
cylinder {
	<26.597860, 32.681583, 35.144238>,  <26.920107, 33.070152, 35.652317>, 0.130000
	pigment { color rgbt <1,0,0,0> }
	no_shadow
}

// nucleotide -1

// particle -1
sphere {
	<26.597860, 32.681583, 35.144238> 0.250000
	pigment { color rgbt <1,0,0,0> }
	no_shadow
}
cylinder {
	<26.995707, 32.698689, 35.106468>,  <27.234413, 32.708950, 35.083805>, 0.100000
	pigment { color rgbt <1,0,0,0> }
	no_shadow
}
cylinder {
	<26.995707, 32.698689, 35.106468>,  <26.597860, 32.681583, 35.144238>, 0.100000
	pigment { color rgbt <1,0,0,0> }
	no_shadow
}

// particle -1
sphere {
	<26.995707, 32.698689, 35.106468> 0.100000
	pigment { color rgbt <1,0,0,0> }
	no_shadow
}
sphere {
	0, 1
	scale<0.080000,0.200000,0.300000>
	matrix <0.045400, -0.998631, 0.025978,
		-0.093184, -0.030125, -0.995193,
		0.994613, 0.042761, -0.094424,
		27.294090, 32.711517, 35.078140>
	pigment { color rgbt <0,1,1,0> }
	no_shadow
}
cylinder {
	<26.913620, 32.162994, 34.701275>,  <26.597860, 32.681583, 35.144238>, 0.130000
	pigment { color rgbt <1,0,0,0> }
	no_shadow
}

// nucleotide -1

// particle -1
sphere {
	<26.913620, 32.162994, 34.701275> 0.250000
	pigment { color rgbt <1,0,0,0> }
	no_shadow
}
cylinder {
	<27.215117, 32.250195, 34.949257>,  <27.396015, 32.302517, 35.098045>, 0.100000
	pigment { color rgbt <1,0,0,0> }
	no_shadow
}
cylinder {
	<27.215117, 32.250195, 34.949257>,  <26.913620, 32.162994, 34.701275>, 0.100000
	pigment { color rgbt <1,0,0,0> }
	no_shadow
}

// particle -1
sphere {
	<27.215117, 32.250195, 34.949257> 0.100000
	pigment { color rgbt <1,0,0,0> }
	no_shadow
}
sphere {
	0, 1
	scale<0.080000,0.200000,0.300000>
	matrix <0.176392, -0.975870, 0.128700,
		0.633056, 0.012349, -0.774007,
		0.753741, 0.218003, 0.619959,
		27.441238, 32.315594, 35.135246>
	pigment { color rgbt <0,1,1,0> }
	no_shadow
}
cylinder {
	<27.490908, 31.739357, 34.481815>,  <26.913620, 32.162994, 34.701275>, 0.130000
	pigment { color rgbt <1,0,0,0> }
	no_shadow
}

// nucleotide -1

// particle -1
sphere {
	<27.490908, 31.739357, 34.481815> 0.250000
	pigment { color rgbt <1,0,0,0> }
	no_shadow
}
cylinder {
	<27.540422, 31.823734, 34.869667>,  <27.570131, 31.874361, 35.102379>, 0.100000
	pigment { color rgbt <1,0,0,0> }
	no_shadow
}
cylinder {
	<27.540422, 31.823734, 34.869667>,  <27.490908, 31.739357, 34.481815>, 0.100000
	pigment { color rgbt <1,0,0,0> }
	no_shadow
}

// particle -1
sphere {
	<27.540422, 31.823734, 34.869667> 0.100000
	pigment { color rgbt <1,0,0,0> }
	no_shadow
}
sphere {
	0, 1
	scale<0.080000,0.200000,0.300000>
	matrix <0.250206, -0.952207, 0.175210,
		0.960246, 0.220918, -0.170652,
		0.123789, 0.210943, 0.969629,
		27.577559, 31.887016, 35.160557>
	pigment { color rgbt <0,1,1,0> }
	no_shadow
}
cylinder {
	<28.143534, 31.365255, 34.743687>,  <27.490908, 31.739357, 34.481815>, 0.130000
	pigment { color rgbt <1,0,0,0> }
	no_shadow
}

// nucleotide -1

// particle -1
sphere {
	<28.143534, 31.365255, 34.743687> 0.250000
	pigment { color rgbt <1,0,0,0> }
	no_shadow
}
cylinder {
	<27.965214, 31.456182, 35.090004>,  <27.858221, 31.510738, 35.297794>, 0.100000
	pigment { color rgbt <1,0,0,0> }
	no_shadow
}
cylinder {
	<27.965214, 31.456182, 35.090004>,  <28.143534, 31.365255, 34.743687>, 0.100000
	pigment { color rgbt <1,0,0,0> }
	no_shadow
}

// particle -1
sphere {
	<27.965214, 31.456182, 35.090004> 0.100000
	pigment { color rgbt <1,0,0,0> }
	no_shadow
}
sphere {
	0, 1
	scale<0.080000,0.200000,0.300000>
	matrix <0.346327, -0.848092, 0.400995,
		0.825422, 0.478609, 0.299353,
		-0.445799, 0.227316, 0.865789,
		27.831474, 31.524378, 35.349739>
	pigment { color rgbt <0,1,1,0> }
	no_shadow
}
cylinder {
	<28.634741, 31.398342, 35.273113>,  <28.143534, 31.365255, 34.743687>, 0.130000
	pigment { color rgbt <1,0,0,0> }
	no_shadow
}

// nucleotide -1

// particle -1
sphere {
	<28.634741, 31.398342, 35.273113> 0.250000
	pigment { color rgbt <1,0,0,0> }
	no_shadow
}
cylinder {
	<28.288563, 31.315109, 35.455410>,  <28.080856, 31.265169, 35.564789>, 0.100000
	pigment { color rgbt <1,0,0,0> }
	no_shadow
}
cylinder {
	<28.288563, 31.315109, 35.455410>,  <28.634741, 31.398342, 35.273113>, 0.100000
	pigment { color rgbt <1,0,0,0> }
	no_shadow
}

// particle -1
sphere {
	<28.288563, 31.315109, 35.455410> 0.100000
	pigment { color rgbt <1,0,0,0> }
	no_shadow
}
sphere {
	0, 1
	scale<0.080000,0.200000,0.300000>
	matrix <0.375960, -0.870993, 0.316268,
		0.331142, 0.445056, 0.832028,
		-0.865447, -0.208080, 0.455745,
		28.028929, 31.252686, 35.592133>
	pigment { color rgbt <0,1,1,0> }
	no_shadow
}
cylinder {
	<28.828115, 31.177521, 35.960503>,  <28.634741, 31.398342, 35.273113>, 0.130000
	pigment { color rgbt <1,0,0,0> }
	no_shadow
}

// nucleotide -1

// particle -1
sphere {
	<28.828115, 31.177521, 35.960503> 0.250000
	pigment { color rgbt <1,0,0,0> }
	no_shadow
}
cylinder {
	<28.467417, 31.052382, 35.841187>,  <28.250998, 30.977299, 35.769596>, 0.100000
	pigment { color rgbt <1,0,0,0> }
	no_shadow
}
cylinder {
	<28.467417, 31.052382, 35.841187>,  <28.828115, 31.177521, 35.960503>, 0.100000
	pigment { color rgbt <1,0,0,0> }
	no_shadow
}

// particle -1
sphere {
	<28.467417, 31.052382, 35.841187> 0.100000
	pigment { color rgbt <1,0,0,0> }
	no_shadow
}
sphere {
	0, 1
	scale<0.080000,0.200000,0.300000>
	matrix <0.210747, -0.920687, 0.328514,
		-0.377407, 0.233373, 0.896159,
		-0.901748, -0.312846, -0.298291,
		28.196892, 30.958529, 35.751698>
	pigment { color rgbt <0,1,1,0> }
	no_shadow
}
cylinder {
	<28.820469, 30.498247, 35.566025>,  <28.828115, 31.177521, 35.960503>, 0.130000
	pigment { color rgbt <1,0,0,0> }
	no_shadow
}

// nucleotide -1

// particle -1
sphere {
	<28.820469, 30.498247, 35.566025> 0.250000
	pigment { color rgbt <1,0,0,0> }
	no_shadow
}
cylinder {
	<28.649654, 30.263168, 35.840908>,  <28.547165, 30.122122, 36.005836>, 0.100000
	pigment { color rgbt <1,0,0,0> }
	no_shadow
}
cylinder {
	<28.649654, 30.263168, 35.840908>,  <28.820469, 30.498247, 35.566025>, 0.100000
	pigment { color rgbt <1,0,0,0> }
	no_shadow
}

// particle -1
sphere {
	<28.649654, 30.263168, 35.840908> 0.100000
	pigment { color rgbt <1,0,0,0> }
	no_shadow
}
sphere {
	0, 1
	scale<0.080000,0.200000,0.300000>
	matrix <-0.812507, 0.582916, -0.006393,
		-0.396826, -0.561089, -0.726435,
		-0.427038, -0.587697, 0.687205,
		28.521544, 30.086859, 36.047070>
	pigment { color rgbt <0,1,1,0> }
	no_shadow
}
cylinder {
	<28.265799, 30.120342, 35.307259>,  <28.820469, 30.498247, 35.566025>, 0.130000
	pigment { color rgbt <1,0,0,0> }
	no_shadow
}

// nucleotide -1

// particle -1
sphere {
	<28.265799, 30.120342, 35.307259> 0.250000
	pigment { color rgbt <1,0,0,0> }
	no_shadow
}
cylinder {
	<28.218985, 30.223412, 35.690907>,  <28.190897, 30.285254, 35.921093>, 0.100000
	pigment { color rgbt <1,0,0,0> }
	no_shadow
}
cylinder {
	<28.218985, 30.223412, 35.690907>,  <28.265799, 30.120342, 35.307259>, 0.100000
	pigment { color rgbt <1,0,0,0> }
	no_shadow
}

// particle -1
sphere {
	<28.218985, 30.223412, 35.690907> 0.100000
	pigment { color rgbt <1,0,0,0> }
	no_shadow
}
sphere {
	0, 1
	scale<0.080000,0.200000,0.300000>
	matrix <-0.818528, 0.521890, -0.240088,
		-0.562419, -0.813163, 0.149837,
		-0.117033, 0.257676, 0.959118,
		28.183874, 30.300714, 35.978642>
	pigment { color rgbt <0,1,1,0> }
	no_shadow
}
cylinder {
	<27.521727, 30.069920, 35.374718>,  <28.265799, 30.120342, 35.307259>, 0.130000
	pigment { color rgbt <1,0,0,0> }
	no_shadow
}

// nucleotide -1

// particle -1
sphere {
	<27.521727, 30.069920, 35.374718> 0.250000
	pigment { color rgbt <1,0,0,0> }
	no_shadow
}
cylinder {
	<27.682764, 30.290823, 35.666725>,  <27.779387, 30.423365, 35.841930>, 0.100000
	pigment { color rgbt <1,0,0,0> }
	no_shadow
}
cylinder {
	<27.682764, 30.290823, 35.666725>,  <27.521727, 30.069920, 35.374718>, 0.100000
	pigment { color rgbt <1,0,0,0> }
	no_shadow
}

// particle -1
sphere {
	<27.682764, 30.290823, 35.666725> 0.100000
	pigment { color rgbt <1,0,0,0> }
	no_shadow
}
sphere {
	0, 1
	scale<0.080000,0.200000,0.300000>
	matrix <-0.672050, 0.719797, -0.173900,
		-0.621504, -0.420597, 0.660932,
		0.402595, 0.552259, 0.730019,
		27.803543, 30.456501, 35.885731>
	pigment { color rgbt <0,1,1,0> }
	no_shadow
}
cylinder {
	<26.936096, 30.488890, 35.671833>,  <27.521727, 30.069920, 35.374718>, 0.130000
	pigment { color rgbt <1,0,0,0> }
	no_shadow
}

// nucleotide -1

// particle -1
sphere {
	<26.936096, 30.488890, 35.671833> 0.250000
	pigment { color rgbt <1,0,0,0> }
	no_shadow
}
cylinder {
	<27.287613, 30.656883, 35.762466>,  <27.498524, 30.757679, 35.816845>, 0.100000
	pigment { color rgbt <1,0,0,0> }
	no_shadow
}
cylinder {
	<27.287613, 30.656883, 35.762466>,  <26.936096, 30.488890, 35.671833>, 0.100000
	pigment { color rgbt <1,0,0,0> }
	no_shadow
}

// particle -1
sphere {
	<27.287613, 30.656883, 35.762466> 0.100000
	pigment { color rgbt <1,0,0,0> }
	no_shadow
}
sphere {
	0, 1
	scale<0.080000,0.200000,0.300000>
	matrix <-0.369052, 0.899142, -0.235254,
		-0.302529, 0.123120, 0.945155,
		0.878793, 0.419982, 0.226579,
		27.551250, 30.782879, 35.830441>
	pigment { color rgbt <0,1,1,0> }
	no_shadow
}
cylinder {
	<26.886675, 31.032497, 36.207481>,  <26.936096, 30.488890, 35.671833>, 0.130000
	pigment { color rgbt <1,0,0,0> }
	no_shadow
}

// nucleotide -1

// particle -1
sphere {
	<26.886675, 31.032497, 36.207481> 0.250000
	pigment { color rgbt <1,0,0,0> }
	no_shadow
}
cylinder {
	<27.224056, 31.111748, 36.007748>,  <27.426485, 31.159298, 35.887909>, 0.100000
	pigment { color rgbt <1,0,0,0> }
	no_shadow
}
cylinder {
	<27.224056, 31.111748, 36.007748>,  <26.886675, 31.032497, 36.207481>, 0.100000
	pigment { color rgbt <1,0,0,0> }
	no_shadow
}

// particle -1
sphere {
	<27.224056, 31.111748, 36.007748> 0.100000
	pigment { color rgbt <1,0,0,0> }
	no_shadow
}
sphere {
	0, 1
	scale<0.080000,0.200000,0.300000>
	matrix <-0.279670, 0.955556, -0.093259,
		0.458663, 0.218308, 0.861377,
		0.843453, 0.198126, -0.499333,
		27.477093, 31.171186, 35.857948>
	pigment { color rgbt <0,1,1,0> }
	no_shadow
}
cylinder {
	<27.166803, 31.639963, 36.438313>,  <26.886675, 31.032497, 36.207481>, 0.130000
	pigment { color rgbt <1,0,0,0> }
	no_shadow
}

// nucleotide -1

// particle -1
sphere {
	<27.166803, 31.639963, 36.438313> 0.250000
	pigment { color rgbt <1,0,0,0> }
	no_shadow
}
cylinder {
	<27.361950, 31.621660, 36.089626>,  <27.479038, 31.610678, 35.880413>, 0.100000
	pigment { color rgbt <1,0,0,0> }
	no_shadow
}
cylinder {
	<27.361950, 31.621660, 36.089626>,  <27.166803, 31.639963, 36.438313>, 0.100000
	pigment { color rgbt <1,0,0,0> }
	no_shadow
}

// particle -1
sphere {
	<27.361950, 31.621660, 36.089626> 0.100000
	pigment { color rgbt <1,0,0,0> }
	no_shadow
}
sphere {
	0, 1
	scale<0.080000,0.200000,0.300000>
	matrix <0.085600, 0.996320, -0.004393,
		0.868710, -0.072476, 0.489989,
		0.487868, -0.045759, -0.871717,
		27.508310, 31.607933, 35.828110>
	pigment { color rgbt <0,1,1,0> }
	no_shadow
}
cylinder {
	<27.663610, 32.263878, 36.420921>,  <27.166803, 31.639963, 36.438313>, 0.130000
	pigment { color rgbt <1,0,0,0> }
	no_shadow
}

// nucleotide -1

// particle -1
sphere {
	<27.663610, 32.263878, 36.420921> 0.250000
	pigment { color rgbt <1,0,0,0> }
	no_shadow
}
cylinder {
	<27.625042, 32.137325, 36.043434>,  <27.601900, 32.061394, 35.816940>, 0.100000
	pigment { color rgbt <1,0,0,0> }
	no_shadow
}
cylinder {
	<27.625042, 32.137325, 36.043434>,  <27.663610, 32.263878, 36.420921>, 0.100000
	pigment { color rgbt <1,0,0,0> }
	no_shadow
}

// particle -1
sphere {
	<27.625042, 32.137325, 36.043434> 0.100000
	pigment { color rgbt <1,0,0,0> }
	no_shadow
}
sphere {
	0, 1
	scale<0.080000,0.200000,0.300000>
	matrix <0.167486, 0.929461, -0.328712,
		0.981148, -0.189755, -0.036632,
		-0.096423, -0.316380, -0.943720,
		27.596115, 32.042412, 35.760319>
	pigment { color rgbt <0,1,1,0> }
	no_shadow
}
cylinder {
	<28.318136, 32.422775, 36.032349>,  <27.663610, 32.263878, 36.420921>, 0.130000
	pigment { color rgbt <1,0,0,0> }
	no_shadow
}

// nucleotide -1

// particle -1
sphere {
	<28.318136, 32.422775, 36.032349> 0.250000
	pigment { color rgbt <1,0,0,0> }
	no_shadow
}
cylinder {
	<28.015686, 32.391979, 35.772396>,  <27.834215, 32.373501, 35.616425>, 0.100000
	pigment { color rgbt <1,0,0,0> }
	no_shadow
}
cylinder {
	<28.015686, 32.391979, 35.772396>,  <28.318136, 32.422775, 36.032349>, 0.100000
	pigment { color rgbt <1,0,0,0> }
	no_shadow
}

// particle -1
sphere {
	<28.015686, 32.391979, 35.772396> 0.100000
	pigment { color rgbt <1,0,0,0> }
	no_shadow
}
sphere {
	0, 1
	scale<0.080000,0.200000,0.300000>
	matrix <0.148198, 0.947112, -0.284632,
		0.637426, -0.311529, -0.704725,
		-0.756125, -0.076993, -0.649882,
		27.788849, 32.368881, 35.577431>
	pigment { color rgbt <0,1,1,0> }
	no_shadow
}
cylinder {
	<27.953657, 32.868843, 35.597874>,  <28.318136, 32.422775, 36.032349>, 0.130000
	pigment { color rgbt <1,0,0,0> }
	no_shadow
}

// nucleotide -1

// particle -1
sphere {
	<27.953657, 32.868843, 35.597874> 0.250000
	pigment { color rgbt <1,0,0,0> }
	no_shadow
}
cylinder {
	<28.278587, 32.868698, 35.364594>,  <28.473545, 32.868610, 35.224625>, 0.100000
	pigment { color rgbt <1,0,0,0> }
	no_shadow
}
cylinder {
	<28.278587, 32.868698, 35.364594>,  <27.953657, 32.868843, 35.597874>, 0.100000
	pigment { color rgbt <1,0,0,0> }
	no_shadow
}

// particle -1
sphere {
	<28.278587, 32.868698, 35.364594> 0.100000
	pigment { color rgbt <1,0,0,0> }
	no_shadow
}
sphere {
	0, 1
	scale<0.080000,0.200000,0.300000>
	matrix <-0.579184, 0.116696, -0.806801,
		0.068353, 0.993167, 0.094584,
		0.812326, -0.000366, -0.583204,
		28.522285, 32.868587, 35.189632>
	pigment { color rgbt <0,1,1,0> }
	no_shadow
}
cylinder {
	<27.949671, 33.444309, 35.145611>,  <27.953657, 32.868843, 35.597874>, 0.130000
	pigment { color rgbt <1,0,0,0> }
	no_shadow
}

// nucleotide -1

// particle -1
sphere {
	<27.949671, 33.444309, 35.145611> 0.250000
	pigment { color rgbt <1,0,0,0> }
	no_shadow
}
cylinder {
	<28.148132, 33.149960, 34.961300>,  <28.267210, 32.973351, 34.850716>, 0.100000
	pigment { color rgbt <1,0,0,0> }
	no_shadow
}
cylinder {
	<28.148132, 33.149960, 34.961300>,  <27.949671, 33.444309, 35.145611>, 0.100000
	pigment { color rgbt <1,0,0,0> }
	no_shadow
}

// particle -1
sphere {
	<28.148132, 33.149960, 34.961300> 0.100000
	pigment { color rgbt <1,0,0,0> }
	no_shadow
}
sphere {
	0, 1
	scale<0.080000,0.200000,0.300000>
	matrix <-0.498631, 0.192947, -0.845067,
		0.710772, 0.649041, -0.271200,
		0.496156, -0.735879, -0.460774,
		28.296980, 32.929195, 34.823067>
	pigment { color rgbt <0,1,1,0> }
	no_shadow
}
cylinder {
	<28.274874, 33.770123, 34.556774>,  <27.949671, 33.444309, 35.145611>, 0.130000
	pigment { color rgbt <1,0,0,0> }
	no_shadow
}

// nucleotide -1

// particle -1
sphere {
	<28.274874, 33.770123, 34.556774> 0.250000
	pigment { color rgbt <1,0,0,0> }
	no_shadow
}
cylinder {
	<28.205231, 33.378685, 34.512897>,  <28.163445, 33.143822, 34.486572>, 0.100000
	pigment { color rgbt <1,0,0,0> }
	no_shadow
}
cylinder {
	<28.205231, 33.378685, 34.512897>,  <28.274874, 33.770123, 34.556774>, 0.100000
	pigment { color rgbt <1,0,0,0> }
	no_shadow
}

// particle -1
sphere {
	<28.205231, 33.378685, 34.512897> 0.100000
	pigment { color rgbt <1,0,0,0> }
	no_shadow
}
sphere {
	0, 1
	scale<0.080000,0.200000,0.300000>
	matrix <-0.485363, 0.182203, -0.855117,
		0.856801, -0.095644, -0.506699,
		-0.174109, -0.978598, -0.109690,
		28.152998, 33.085106, 34.479992>
	pigment { color rgbt <0,1,1,0> }
	no_shadow
}
cylinder {
	<28.584902, 33.402027, 33.865269>,  <28.274874, 33.770123, 34.556774>, 0.130000
	pigment { color rgbt <1,0,0,0> }
	no_shadow
}

// nucleotide -1

// particle -1
sphere {
	<28.584902, 33.402027, 33.865269> 0.250000
	pigment { color rgbt <1,0,0,0> }
	no_shadow
}
cylinder {
	<28.875906, 33.566990, 34.084595>,  <29.050508, 33.665966, 34.216190>, 0.100000
	pigment { color rgbt <1,0,0,0> }
	no_shadow
}
cylinder {
	<28.875906, 33.566990, 34.084595>,  <28.584902, 33.402027, 33.865269>, 0.100000
	pigment { color rgbt <1,0,0,0> }
	no_shadow
}

// particle -1
sphere {
	<28.875906, 33.566990, 34.084595> 0.100000
	pigment { color rgbt <1,0,0,0> }
	no_shadow
}
sphere {
	0, 1
	scale<0.080000,0.200000,0.300000>
	matrix <-0.342959, 0.910764, -0.229974,
		-0.594231, -0.020743, 0.804027,
		0.727509, 0.412406, 0.548318,
		29.094158, 33.690712, 34.249088>
	pigment { color rgbt <0,1,1,0> }
	no_shadow
}
cylinder {
	<28.977226, 33.034931, 33.398079>,  <28.584902, 33.402027, 33.865269>, 0.130000
	pigment { color rgbt <1,0,0,0> }
	no_shadow
}

// nucleotide -1

// particle -1
sphere {
	<28.977226, 33.034931, 33.398079> 0.250000
	pigment { color rgbt <1,0,0,0> }
	no_shadow
}
cylinder {
	<28.889671, 33.399334, 33.258278>,  <28.837139, 33.617977, 33.174397>, 0.100000
	pigment { color rgbt <1,0,0,0> }
	no_shadow
}
cylinder {
	<28.889671, 33.399334, 33.258278>,  <28.977226, 33.034931, 33.398079>, 0.100000
	pigment { color rgbt <1,0,0,0> }
	no_shadow
}

// particle -1
sphere {
	<28.889671, 33.399334, 33.258278> 0.100000
	pigment { color rgbt <1,0,0,0> }
	no_shadow
}
sphere {
	0, 1
	scale<0.080000,0.200000,0.300000>
	matrix <-0.954815, -0.273778, -0.115646,
		-0.201040, 0.308397, 0.929771,
		-0.218886, 0.911009, -0.349502,
		28.824005, 33.672638, 33.153427>
	pigment { color rgbt <0,1,1,0> }
	no_shadow
}
cylinder {
	<29.611322, 33.330242, 33.672020>,  <28.977226, 33.034931, 33.398079>, 0.130000
	pigment { color rgbt <1,0,0,0> }
	no_shadow
}

// nucleotide -1

// particle -1
sphere {
	<29.611322, 33.330242, 33.672020> 0.250000
	pigment { color rgbt <1,0,0,0> }
	no_shadow
}
cylinder {
	<29.565580, 33.447998, 34.051548>,  <29.538136, 33.518654, 34.279263>, 0.100000
	pigment { color rgbt <1,0,0,0> }
	no_shadow
}
cylinder {
	<29.565580, 33.447998, 34.051548>,  <29.611322, 33.330242, 33.672020>, 0.100000
	pigment { color rgbt <1,0,0,0> }
	no_shadow
}

// particle -1
sphere {
	<29.565580, 33.447998, 34.051548> 0.100000
	pigment { color rgbt <1,0,0,0> }
	no_shadow
}
sphere {
	0, 1
	scale<0.080000,0.200000,0.300000>
	matrix <0.881624, 0.470283, -0.039661,
		-0.457889, 0.831966, -0.313323,
		-0.114354, 0.294393, 0.948818,
		29.531275, 33.536316, 34.336193>
	pigment { color rgbt <0,1,1,0> }
	no_shadow
}
cylinder {
	<29.584049, 34.033020, 33.725986>,  <29.611322, 33.330242, 33.672020>, 0.130000
	pigment { color rgbt <1,0,0,0> }
	no_shadow
}

// nucleotide -1

// particle -1
sphere {
	<29.584049, 34.033020, 33.725986> 0.250000
	pigment { color rgbt <1,0,0,0> }
	no_shadow
}
cylinder {
	<29.760506, 33.841980, 34.029903>,  <29.866381, 33.727356, 34.212254>, 0.100000
	pigment { color rgbt <1,0,0,0> }
	no_shadow
}
cylinder {
	<29.760506, 33.841980, 34.029903>,  <29.584049, 34.033020, 33.725986>, 0.100000
	pigment { color rgbt <1,0,0,0> }
	no_shadow
}

// particle -1
sphere {
	<29.760506, 33.841980, 34.029903> 0.100000
	pigment { color rgbt <1,0,0,0> }
	no_shadow
}
sphere {
	0, 1
	scale<0.080000,0.200000,0.300000>
	matrix <0.788381, 0.610740, -0.073834,
		-0.428774, 0.631580, 0.645956,
		0.441143, -0.477602, 0.759795,
		29.892849, 33.698700, 34.257843>
	pigment { color rgbt <0,1,1,0> }
	no_shadow
}
cylinder {
	<29.941309, 34.510105, 34.047699>,  <29.584049, 34.033020, 33.725986>, 0.130000
	pigment { color rgbt <1,0,0,0> }
	no_shadow
}

// nucleotide -1

// particle -1
sphere {
	<29.941309, 34.510105, 34.047699> 0.250000
	pigment { color rgbt <1,0,0,0> }
	no_shadow
}
cylinder {
	<30.105297, 34.180431, 34.203979>,  <30.203690, 33.982628, 34.297749>, 0.100000
	pigment { color rgbt <1,0,0,0> }
	no_shadow
}
cylinder {
	<30.105297, 34.180431, 34.203979>,  <29.941309, 34.510105, 34.047699>, 0.100000
	pigment { color rgbt <1,0,0,0> }
	no_shadow
}

// particle -1
sphere {
	<30.105297, 34.180431, 34.203979> 0.100000
	pigment { color rgbt <1,0,0,0> }
	no_shadow
}
sphere {
	0, 1
	scale<0.080000,0.200000,0.300000>
	matrix <0.892913, 0.450058, 0.012441,
		-0.186092, 0.343762, 0.920433,
		0.409972, -0.824182, 0.390701,
		30.228289, 33.933178, 34.321190>
	pigment { color rgbt <0,1,1,0> }
	no_shadow
}
cylinder {
	<29.774744, 34.606335, 34.750332>,  <29.941309, 34.510105, 34.047699>, 0.130000
	pigment { color rgbt <1,0,0,0> }
	no_shadow
}

// nucleotide -1

// particle -1
sphere {
	<29.774744, 34.606335, 34.750332> 0.250000
	pigment { color rgbt <1,0,0,0> }
	no_shadow
}
cylinder {
	<29.791668, 34.945019, 34.538181>,  <29.801823, 35.148228, 34.410892>, 0.100000
	pigment { color rgbt <1,0,0,0> }
	no_shadow
}
cylinder {
	<29.791668, 34.945019, 34.538181>,  <29.774744, 34.606335, 34.750332>, 0.100000
	pigment { color rgbt <1,0,0,0> }
	no_shadow
}

// particle -1
sphere {
	<29.791668, 34.945019, 34.538181> 0.100000
	pigment { color rgbt <1,0,0,0> }
	no_shadow
}
sphere {
	0, 1
	scale<0.080000,0.200000,0.300000>
	matrix <-0.719707, 0.394029, 0.571631,
		0.692987, 0.357527, 0.626054,
		0.042310, 0.846709, -0.530372,
		29.804361, 35.199032, 34.379070>
	pigment { color rgbt <0,1,1,0> }
	no_shadow
}
cylinder {
	<29.877783, 35.176826, 35.170731>,  <29.774744, 34.606335, 34.750332>, 0.130000
	pigment { color rgbt <1,0,0,0> }
	no_shadow
}

// nucleotide -1

// particle -1
sphere {
	<29.877783, 35.176826, 35.170731> 0.250000
	pigment { color rgbt <1,0,0,0> }
	no_shadow
}
cylinder {
	<29.682766, 35.285583, 34.838856>,  <29.565756, 35.350838, 34.639732>, 0.100000
	pigment { color rgbt <1,0,0,0> }
	no_shadow
}
cylinder {
	<29.682766, 35.285583, 34.838856>,  <29.877783, 35.176826, 35.170731>, 0.100000
	pigment { color rgbt <1,0,0,0> }
	no_shadow
}

// particle -1
sphere {
	<29.682766, 35.285583, 34.838856> 0.100000
	pigment { color rgbt <1,0,0,0> }
	no_shadow
}
sphere {
	0, 1
	scale<0.080000,0.200000,0.300000>
	matrix <-0.793702, 0.257920, 0.550922,
		0.363782, 0.927121, 0.090053,
		-0.487545, 0.271891, -0.829684,
		29.536503, 35.367149, 34.589951>
	pigment { color rgbt <0,1,1,0> }
	no_shadow
}
cylinder {
	<29.699444, 35.833511, 35.268360>,  <29.877783, 35.176826, 35.170731>, 0.130000
	pigment { color rgbt <1,0,0,0> }
	no_shadow
}

// nucleotide -1

// particle -1
sphere {
	<29.699444, 35.833511, 35.268360> 0.250000
	pigment { color rgbt <1,0,0,0> }
	no_shadow
}
cylinder {
	<29.448441, 35.689972, 34.991962>,  <29.297838, 35.603848, 34.826126>, 0.100000
	pigment { color rgbt <1,0,0,0> }
	no_shadow
}
cylinder {
	<29.448441, 35.689972, 34.991962>,  <29.699444, 35.833511, 35.268360>, 0.100000
	pigment { color rgbt <1,0,0,0> }
	no_shadow
}

// particle -1
sphere {
	<29.448441, 35.689972, 34.991962> 0.100000
	pigment { color rgbt <1,0,0,0> }
	no_shadow
}
sphere {
	0, 1
	scale<0.080000,0.200000,0.300000>
	matrix <-0.775160, 0.371399, 0.511068,
		0.073239, 0.856325, -0.511218,
		-0.627506, -0.358845, -0.690990,
		29.260189, 35.582317, 34.784664>
	pigment { color rgbt <0,1,1,0> }
	no_shadow
}
cylinder {
	<29.347105, 36.394119, 34.879513>,  <29.699444, 35.833511, 35.268360>, 0.130000
	pigment { color rgbt <1,0,0,0> }
	no_shadow
}

// nucleotide -1

// particle -1
sphere {
	<29.347105, 36.394119, 34.879513> 0.250000
	pigment { color rgbt <1,0,0,0> }
	no_shadow
}
cylinder {
	<29.113569, 36.069786, 34.863121>,  <28.973448, 35.875187, 34.853287>, 0.100000
	pigment { color rgbt <1,0,0,0> }
	no_shadow
}
cylinder {
	<29.113569, 36.069786, 34.863121>,  <29.347105, 36.394119, 34.879513>, 0.100000
	pigment { color rgbt <1,0,0,0> }
	no_shadow
}

// particle -1
sphere {
	<29.113569, 36.069786, 34.863121> 0.100000
	pigment { color rgbt <1,0,0,0> }
	no_shadow
}
sphere {
	0, 1
	scale<0.080000,0.200000,0.300000>
	matrix <-0.749349, 0.518767, 0.411530,
		-0.312425, 0.270974, -0.910474,
		-0.583838, -0.810835, -0.040978,
		28.938417, 35.826534, 34.850826>
	pigment { color rgbt <0,1,1,0> }
	no_shadow
}
cylinder {
	<28.716467, 36.693390, 35.057034>,  <29.347105, 36.394119, 34.879513>, 0.130000
	pigment { color rgbt <1,0,0,0> }
	no_shadow
}

// nucleotide -1

// particle -1
sphere {
	<28.716467, 36.693390, 35.057034> 0.250000
	pigment { color rgbt <1,0,0,0> }
	no_shadow
}
cylinder {
	<28.619419, 36.311096, 35.123623>,  <28.561190, 36.081722, 35.163574>, 0.100000
	pigment { color rgbt <1,0,0,0> }
	no_shadow
}
cylinder {
	<28.619419, 36.311096, 35.123623>,  <28.716467, 36.693390, 35.057034>, 0.100000
	pigment { color rgbt <1,0,0,0> }
	no_shadow
}

// particle -1
sphere {
	<28.619419, 36.311096, 35.123623> 0.100000
	pigment { color rgbt <1,0,0,0> }
	no_shadow
}
sphere {
	0, 1
	scale<0.080000,0.200000,0.300000>
	matrix <-0.768467, 0.294071, 0.568314,
		-0.592110, 0.009956, -0.805795,
		-0.242619, -0.955732, 0.166471,
		28.546633, 36.024376, 35.173565>
	pigment { color rgbt <0,1,1,0> }
	no_shadow
}
cylinder {
	<28.061695, 36.513573, 34.786060>,  <28.716467, 36.693390, 35.057034>, 0.130000
	pigment { color rgbt <1,0,0,0> }
	no_shadow
}

// nucleotide -1

// particle -1
sphere {
	<28.061695, 36.513573, 34.786060> 0.250000
	pigment { color rgbt <1,0,0,0> }
	no_shadow
}
cylinder {
	<28.130302, 36.254932, 35.083378>,  <28.171467, 36.099747, 35.261768>, 0.100000
	pigment { color rgbt <1,0,0,0> }
	no_shadow
}
cylinder {
	<28.130302, 36.254932, 35.083378>,  <28.061695, 36.513573, 34.786060>, 0.100000
	pigment { color rgbt <1,0,0,0> }
	no_shadow
}

// particle -1
sphere {
	<28.130302, 36.254932, 35.083378> 0.100000
	pigment { color rgbt <1,0,0,0> }
	no_shadow
}
sphere {
	0, 1
	scale<0.080000,0.200000,0.300000>
	matrix <-0.923450, 0.157350, 0.349974,
		-0.343252, -0.746420, -0.570118,
		0.171519, -0.646605, 0.743292,
		28.181759, 36.060951, 35.306366>
	pigment { color rgbt <0,1,1,0> }
	no_shadow
}
cylinder {
	<27.509758, 35.954723, 34.751873>,  <28.061695, 36.513573, 34.786060>, 0.130000
	pigment { color rgbt <1,0,0,0> }
	no_shadow
}

// nucleotide -1

// particle -1
sphere {
	<27.509758, 35.954723, 34.751873> 0.250000
	pigment { color rgbt <1,0,0,0> }
	no_shadow
}
cylinder {
	<27.666712, 36.007946, 35.115925>,  <27.760885, 36.039879, 35.334354>, 0.100000
	pigment { color rgbt <1,0,0,0> }
	no_shadow
}
cylinder {
	<27.666712, 36.007946, 35.115925>,  <27.509758, 35.954723, 34.751873>, 0.100000
	pigment { color rgbt <1,0,0,0> }
	no_shadow
}

// particle -1
sphere {
	<27.666712, 36.007946, 35.115925> 0.100000
	pigment { color rgbt <1,0,0,0> }
	no_shadow
}
sphere {
	0, 1
	scale<0.080000,0.200000,0.300000>
	matrix <-0.859952, 0.404159, 0.311669,
		-0.326367, -0.904960, 0.273007,
		0.392386, 0.133054, 0.910126,
		27.784428, 36.047863, 35.388962>
	pigment { color rgbt <0,1,1,0> }
	no_shadow
}
cylinder {
	<27.118631, 35.622543, 35.390568>,  <27.509758, 35.954723, 34.751873>, 0.130000
	pigment { color rgbt <1,0,0,0> }
	no_shadow
}

// nucleotide -1

// particle -1
sphere {
	<27.118631, 35.622543, 35.390568> 0.250000
	pigment { color rgbt <1,0,0,0> }
	no_shadow
}
cylinder {
	<27.290751, 35.972660, 35.478848>,  <27.394022, 36.182732, 35.531815>, 0.100000
	pigment { color rgbt <1,0,0,0> }
	no_shadow
}
cylinder {
	<27.290751, 35.972660, 35.478848>,  <27.118631, 35.622543, 35.390568>, 0.100000
	pigment { color rgbt <1,0,0,0> }
	no_shadow
}

// particle -1
sphere {
	<27.290751, 35.972660, 35.478848> 0.100000
	pigment { color rgbt <1,0,0,0> }
	no_shadow
}
sphere {
	0, 1
	scale<0.080000,0.200000,0.300000>
	matrix <-0.893744, 0.378780, 0.240306,
		0.126743, -0.300650, 0.945276,
		0.430300, 0.875292, 0.220696,
		27.419840, 36.235249, 35.545055>
	pigment { color rgbt <0,1,1,0> }
	no_shadow
}
cylinder {
	<27.835859, 35.502251, 35.662914>,  <27.118631, 35.622543, 35.390568>, 0.130000
	pigment { color rgbt <1,0,0,0> }
	no_shadow
}

// nucleotide -1

// particle -1
sphere {
	<27.835859, 35.502251, 35.662914> 0.250000
	pigment { color rgbt <1,0,0,0> }
	no_shadow
}
cylinder {
	<27.664314, 35.297325, 35.365292>,  <27.561388, 35.174370, 35.186718>, 0.100000
	pigment { color rgbt <1,0,0,0> }
	no_shadow
}
cylinder {
	<27.664314, 35.297325, 35.365292>,  <27.835859, 35.502251, 35.662914>, 0.100000
	pigment { color rgbt <1,0,0,0> }
	no_shadow
}

// particle -1
sphere {
	<27.664314, 35.297325, 35.365292> 0.100000
	pigment { color rgbt <1,0,0,0> }
	no_shadow
}
sphere {
	0, 1
	scale<0.080000,0.200000,0.300000>
	matrix <0.885913, -0.077369, -0.457354,
		0.176741, -0.855307, 0.487044,
		-0.428860, -0.512312, -0.744053,
		27.535656, 35.143631, 35.142075>
	pigment { color rgbt <0,1,1,0> }
	no_shadow
}
cylinder {
	<28.176989, 34.826965, 35.617279>,  <27.835859, 35.502251, 35.662914>, 0.130000
	pigment { color rgbt <1,0,0,0> }
	no_shadow
}

// nucleotide -1

// particle -1
sphere {
	<28.176989, 34.826965, 35.617279> 0.250000
	pigment { color rgbt <1,0,0,0> }
	no_shadow
}
cylinder {
	<27.998093, 35.009171, 35.309387>,  <27.890755, 35.118496, 35.124653>, 0.100000
	pigment { color rgbt <1,0,0,0> }
	no_shadow
}
cylinder {
	<27.998093, 35.009171, 35.309387>,  <28.176989, 34.826965, 35.617279>, 0.100000
	pigment { color rgbt <1,0,0,0> }
	no_shadow
}

// particle -1
sphere {
	<27.998093, 35.009171, 35.309387> 0.100000
	pigment { color rgbt <1,0,0,0> }
	no_shadow
}
sphere {
	0, 1
	scale<0.080000,0.200000,0.300000>
	matrix <0.799878, -0.181384, -0.572097,
		-0.400216, -0.871553, -0.283236,
		-0.447238, 0.455516, -0.769729,
		27.863920, 35.145824, 35.078468>
	pigment { color rgbt <0,1,1,0> }
	no_shadow
}
cylinder {
	<28.250706, 34.441742, 34.955441>,  <28.176989, 34.826965, 35.617279>, 0.130000
	pigment { color rgbt <1,0,0,0> }
	no_shadow
}

// nucleotide -1

// particle -1
sphere {
	<28.250706, 34.441742, 34.955441> 0.250000
	pigment { color rgbt <1,0,0,0> }
	no_shadow
}
cylinder {
	<28.232573, 34.833336, 34.875908>,  <28.221693, 35.068291, 34.828190>, 0.100000
	pigment { color rgbt <1,0,0,0> }
	no_shadow
}
cylinder {
	<28.232573, 34.833336, 34.875908>,  <28.250706, 34.441742, 34.955441>, 0.100000
	pigment { color rgbt <1,0,0,0> }
	no_shadow
}

// particle -1
sphere {
	<28.232573, 34.833336, 34.875908> 0.100000
	pigment { color rgbt <1,0,0,0> }
	no_shadow
}
sphere {
	0, 1
	scale<0.080000,0.200000,0.300000>
	matrix <0.815144, -0.078806, -0.573873,
		-0.577482, -0.188093, -0.794441,
		-0.045334, 0.978985, -0.198832,
		28.218973, 35.127029, 34.816257>
	pigment { color rgbt <0,1,1,0> }
	no_shadow
}
cylinder {
	<28.275490, 34.608250, 34.239101>,  <28.250706, 34.441742, 34.955441>, 0.130000
	pigment { color rgbt <1,0,0,0> }
	no_shadow
}

// nucleotide -1

// particle -1
sphere {
	<28.275490, 34.608250, 34.239101> 0.250000
	pigment { color rgbt <1,0,0,0> }
	no_shadow
}
cylinder {
	<28.434679, 34.922295, 34.428932>,  <28.530193, 35.110722, 34.542831>, 0.100000
	pigment { color rgbt <1,0,0,0> }
	no_shadow
}
cylinder {
	<28.434679, 34.922295, 34.428932>,  <28.275490, 34.608250, 34.239101>, 0.100000
	pigment { color rgbt <1,0,0,0> }
	no_shadow
}

// particle -1
sphere {
	<28.434679, 34.922295, 34.428932> 0.100000
	pigment { color rgbt <1,0,0,0> }
	no_shadow
}
sphere {
	0, 1
	scale<0.080000,0.200000,0.300000>
	matrix <0.833080, -0.092646, -0.545339,
		-0.384183, 0.612390, -0.690928,
		0.397972, 0.785108, 0.474577,
		28.554071, 35.157825, 34.571304>
	pigment { color rgbt <0,1,1,0> }
	no_shadow
}
cylinder {
	<28.486986, 35.143768, 33.854507>,  <28.275490, 34.608250, 34.239101>, 0.130000
	pigment { color rgbt <1,0,0,0> }
	no_shadow
}

// nucleotide -1

// particle -1
sphere {
	<28.486986, 35.143768, 33.854507> 0.250000
	pigment { color rgbt <1,0,0,0> }
	no_shadow
}
cylinder {
	<28.732134, 35.258827, 34.148895>,  <28.879223, 35.327862, 34.325527>, 0.100000
	pigment { color rgbt <1,0,0,0> }
	no_shadow
}
cylinder {
	<28.732134, 35.258827, 34.148895>,  <28.486986, 35.143768, 33.854507>, 0.100000
	pigment { color rgbt <1,0,0,0> }
	no_shadow
}

// particle -1
sphere {
	<28.732134, 35.258827, 34.148895> 0.100000
	pigment { color rgbt <1,0,0,0> }
	no_shadow
}
sphere {
	0, 1
	scale<0.080000,0.200000,0.300000>
	matrix <0.784261, -0.107614, -0.611027,
		-0.096562, 0.951670, -0.291547,
		0.612870, 0.287652, 0.735966,
		28.915995, 35.345123, 34.369686>
	pigment { color rgbt <0,1,1,0> }
	no_shadow
}
cylinder {
	<28.930058, 35.646397, 33.506805>,  <28.486986, 35.143768, 33.854507>, 0.130000
	pigment { color rgbt <1,0,0,0> }
	no_shadow
}

// nucleotide -1

// particle -1
sphere {
	<28.930058, 35.646397, 33.506805> 0.250000
	pigment { color rgbt <1,0,0,0> }
	no_shadow
}
cylinder {
	<29.119106, 35.529980, 33.839535>,  <29.232534, 35.460129, 34.039173>, 0.100000
	pigment { color rgbt <1,0,0,0> }
	no_shadow
}
cylinder {
	<29.119106, 35.529980, 33.839535>,  <28.930058, 35.646397, 33.506805>, 0.100000
	pigment { color rgbt <1,0,0,0> }
	no_shadow
}

// particle -1
sphere {
	<29.119106, 35.529980, 33.839535> 0.100000
	pigment { color rgbt <1,0,0,0> }
	no_shadow
}
sphere {
	0, 1
	scale<0.080000,0.200000,0.300000>
	matrix <0.831966, -0.163925, -0.530058,
		0.290626, 0.942562, 0.164663,
		0.472620, -0.291043, 0.831820,
		29.260893, 35.442665, 34.089081>
	pigment { color rgbt <0,1,1,0> }
	no_shadow
}
cylinder {
	<29.580431, 36.011539, 33.329853>,  <28.930058, 35.646397, 33.506805>, 0.130000
	pigment { color rgbt <1,0,0,0> }
	no_shadow
}

// nucleotide -1

// particle -1
sphere {
	<29.580431, 36.011539, 33.329853> 0.250000
	pigment { color rgbt <1,0,0,0> }
	no_shadow
}
cylinder {
	<29.626474, 35.732922, 33.613144>,  <29.654100, 35.565750, 33.783119>, 0.100000
	pigment { color rgbt <1,0,0,0> }
	no_shadow
}
cylinder {
	<29.626474, 35.732922, 33.613144>,  <29.580431, 36.011539, 33.329853>, 0.100000
	pigment { color rgbt <1,0,0,0> }
	no_shadow
}

// particle -1
sphere {
	<29.626474, 35.732922, 33.613144> 0.100000
	pigment { color rgbt <1,0,0,0> }
	no_shadow
}
sphere {
	0, 1
	scale<0.080000,0.200000,0.300000>
	matrix <0.911280, -0.209727, -0.354378,
