// switches for output
#declare DRAW_BASES = 1; // possible values are 0, 1; only relevant for DNA ribbons
#declare DRAW_BASES_TYPE = 3; // possible values are 1, 2, 3; only relevant for DNA ribbons
#declare DRAW_FOG = 0; // set to 1 to enable fog

#include "colors.inc"

#include "transforms.inc"
background { rgb <1, 1, 1>}

#default {
   normal{
       ripples 0.25
       frequency 0.20
       turbulence 0.2
       lambda 5
   }
	finish {
		phong 0.1
		phong_size 40.
	}
}

// original window dimensions: 1024x640


// camera settings

camera {
	sky <0, 0.179814, -0.983701>
	up <0, 0.179814, -0.983701>
	right 1.6 * <1, 0, 0>
	location <35, 94.9851, 44.8844>
	look_at <35, 29.7336, 32.9568>
	direction <0, -65.2515, -11.9276>
	angle 67.0682
}


# declare cpy_camera_pos = <35, 94.9851, 44.8844>;
# if (DRAW_FOG = 1)
fog {
	fog_type 2
	up vnormalize(cpy_camera_pos)
	color rgbt<1,1,1,0.3>
	distance 1e-5
	fog_alt 3e-3
	fog_offset 56
}
# end


// LIGHTS

# declare lum = 6;
global_settings {
	ambient_light rgb lum * <0.05, 0.05, 0.05>
	max_trace_level 15
}# declare cpy_direct_light_amount = 0.25;
light_source
{	1000 * <-1, -1.16352, -0.803886>,
	rgb lum * cpy_direct_light_amount
	parallel
}

light_source
{	1000 * <1, 1.16352, 0.803886>,
	rgb lum * cpy_direct_light_amount
	parallel
}

// strand 0

// nucleotide -1

// particle -1
sphere {
	<24.471592, 35.040272, 35.306190> 0.250000
	pigment { color rgbt <1,0,0,0> }
	no_shadow
}
cylinder {
	<24.262724, 35.208946, 35.009674>,  <24.137403, 35.310150, 34.831764>, 0.100000
	pigment { color rgbt <1,0,0,0> }
	no_shadow
}
cylinder {
	<24.262724, 35.208946, 35.009674>,  <24.471592, 35.040272, 35.306190>, 0.100000
	pigment { color rgbt <1,0,0,0> }
	no_shadow
}

// particle -1
sphere {
	<24.262724, 35.208946, 35.009674> 0.100000
	pigment { color rgbt <1,0,0,0> }
	no_shadow
}
sphere {
	0, 1
	scale<0.080000,0.200000,0.300000>
	matrix <0.833346, 0.067499, -0.548614,
		-0.181306, -0.904226, -0.386656,
		-0.522170, 0.421685, -0.741296,
		24.106073, 35.335453, 34.787285>
	pigment { color rgbt <0,1,1,0> }
	no_shadow
}
cylinder {
	<24.631321, 34.739929, 34.634789>,  <24.471592, 35.040272, 35.306190>, 0.130000
	pigment { color rgbt <1,0,0,0> }
	no_shadow
}

// nucleotide -1

// particle -1
sphere {
	<24.631321, 34.739929, 34.634789> 0.250000
	pigment { color rgbt <1,0,0,0> }
	no_shadow
}
cylinder {
	<24.533278, 35.126995, 34.610981>,  <24.474451, 35.359234, 34.596699>, 0.100000
	pigment { color rgbt <1,0,0,0> }
	no_shadow
}
cylinder {
	<24.533278, 35.126995, 34.610981>,  <24.631321, 34.739929, 34.634789>, 0.100000
	pigment { color rgbt <1,0,0,0> }
	no_shadow
}

// particle -1
sphere {
	<24.533278, 35.126995, 34.610981> 0.100000
	pigment { color rgbt <1,0,0,0> }
	no_shadow
}
sphere {
	0, 1
	scale<0.080000,0.200000,0.300000>
	matrix <0.757825, 0.152946, -0.634277,
		-0.604666, -0.200571, -0.770811,
		-0.245110, 0.967667, -0.059516,
		24.459743, 35.417294, 34.593124>
	pigment { color rgbt <0,1,1,0> }
	no_shadow
}
cylinder {
	<24.543314, 34.954819, 33.938416>,  <24.631321, 34.739929, 34.634789>, 0.130000
	pigment { color rgbt <1,0,0,0> }
	no_shadow
}

// nucleotide -1

// particle -1
sphere {
	<24.543314, 34.954819, 33.938416> 0.250000
	pigment { color rgbt <1,0,0,0> }
	no_shadow
}
cylinder {
	<24.682756, 35.233124, 34.189621>,  <24.766422, 35.400105, 34.340343>, 0.100000
	pigment { color rgbt <1,0,0,0> }
	no_shadow
}
cylinder {
	<24.682756, 35.233124, 34.189621>,  <24.543314, 34.954819, 33.938416>, 0.100000
	pigment { color rgbt <1,0,0,0> }
	no_shadow
}

// particle -1
sphere {
	<24.682756, 35.233124, 34.189621> 0.100000
	pigment { color rgbt <1,0,0,0> }
	no_shadow
}
sphere {
	0, 1
	scale<0.080000,0.200000,0.300000>
	matrix <0.870008, 0.009043, -0.492955,
		-0.348657, 0.718219, -0.602162,
		0.348605, 0.695758, 0.628009,
		24.787338, 35.441853, 34.378025>
	pigment { color rgbt <0,1,1,0> }
	no_shadow
}
cylinder {
	<24.783279, 35.449505, 33.545513>,  <24.543314, 34.954819, 33.938416>, 0.130000
	pigment { color rgbt <1,0,0,0> }
	no_shadow
}

// nucleotide -1

// particle -1
sphere {
	<24.783279, 35.449505, 33.545513> 0.250000
	pigment { color rgbt <1,0,0,0> }
	no_shadow
}
cylinder {
	<24.994272, 35.476753, 33.884247>,  <25.120869, 35.493103, 34.087486>, 0.100000
	pigment { color rgbt <1,0,0,0> }
	no_shadow
}
cylinder {
	<24.994272, 35.476753, 33.884247>,  <24.783279, 35.449505, 33.545513>, 0.100000
	pigment { color rgbt <1,0,0,0> }
	no_shadow
}

// particle -1
sphere {
	<24.994272, 35.476753, 33.884247> 0.100000
	pigment { color rgbt <1,0,0,0> }
	no_shadow
}
sphere {
	0, 1
	scale<0.080000,0.200000,0.300000>
	matrix <0.819055, -0.305513, -0.485604,
		0.225638, 0.949748, -0.216946,
		0.527481, 0.068120, 0.846831,
		25.152517, 35.497189, 34.138298>
	pigment { color rgbt <0,1,1,0> }
	no_shadow
}
cylinder {
	<24.931002, 35.097378, 32.836819>,  <24.783279, 35.449505, 33.545513>, 0.130000
	pigment { color rgbt <1,0,0,0> }
	no_shadow
}

// nucleotide -1

// particle -1
sphere {
	<24.931002, 35.097378, 32.836819> 0.250000
	pigment { color rgbt <1,0,0,0> }
	no_shadow
}
cylinder {
	<25.109102, 34.937962, 32.516090>,  <25.215963, 34.842312, 32.323654>, 0.100000
	pigment { color rgbt <1,0,0,0> }
	no_shadow
}
cylinder {
	<25.109102, 34.937962, 32.516090>,  <24.931002, 35.097378, 32.836819>, 0.100000
	pigment { color rgbt <1,0,0,0> }
	no_shadow
}

// particle -1
sphere {
	<25.109102, 34.937962, 32.516090> 0.100000
	pigment { color rgbt <1,0,0,0> }
	no_shadow
}
sphere {
	0, 1
	scale<0.080000,0.200000,0.300000>
	matrix <0.894566, 0.159250, 0.417601,
		-0.038739, -0.903221, 0.427424,
		0.445253, -0.398537, -0.801822,
		25.242678, 34.818401, 32.275543>
	pigment { color rgbt <0,1,1,0> }
	no_shadow
}
cylinder {
	<24.693075, 34.474339, 32.401108>,  <24.931002, 35.097378, 32.836819>, 0.130000
	pigment { color rgbt <1,0,0,0> }
	no_shadow
}

// nucleotide -1

// particle -1
sphere {
	<24.693075, 34.474339, 32.401108> 0.250000
	pigment { color rgbt <1,0,0,0> }
	no_shadow
}
cylinder {
	<24.810368, 34.571789, 32.770901>,  <24.880743, 34.630260, 32.992775>, 0.100000
	pigment { color rgbt <1,0,0,0> }
	no_shadow
}
cylinder {
	<24.810368, 34.571789, 32.770901>,  <24.693075, 34.474339, 32.401108>, 0.100000
	pigment { color rgbt <1,0,0,0> }
	no_shadow
}

// particle -1
sphere {
	<24.810368, 34.571789, 32.770901> 0.100000
	pigment { color rgbt <1,0,0,0> }
	no_shadow
}
sphere {
	0, 1
	scale<0.080000,0.200000,0.300000>
	matrix <0.370290, -0.920452, 0.125116,
		0.881420, 0.305638, -0.360118,
		0.293231, 0.243628, 0.924479,
		24.898336, 34.644878, 33.048244>
	pigment { color rgbt <0,1,1,0> }
	no_shadow
}
cylinder {
	<25.293123, 34.068207, 32.712254>,  <24.693075, 34.474339, 32.401108>, 0.130000
	pigment { color rgbt <1,0,0,0> }
	no_shadow
}

// nucleotide -1

// particle -1
sphere {
	<25.293123, 34.068207, 32.712254> 0.250000
	pigment { color rgbt <1,0,0,0> }
	no_shadow
}
cylinder {
	<25.411104, 34.113636, 32.332760>,  <25.481892, 34.140892, 32.105064>, 0.100000
	pigment { color rgbt <1,0,0,0> }
	no_shadow
}
cylinder {
	<25.411104, 34.113636, 32.332760>,  <25.293123, 34.068207, 32.712254>, 0.100000
	pigment { color rgbt <1,0,0,0> }
	no_shadow
}

// particle -1
sphere {
	<25.411104, 34.113636, 32.332760> 0.100000
	pigment { color rgbt <1,0,0,0> }
	no_shadow
}
sphere {
	0, 1
	scale<0.080000,0.200000,0.300000>
	matrix <0.935004, 0.170309, 0.311068,
		0.196909, -0.978824, -0.055959,
		0.294950, 0.113574, -0.948739,
		25.499590, 34.147709, 32.048138>
	pigment { color rgbt <0,1,1,0> }
	no_shadow
}
cylinder {
	<25.937054, 33.509193, 32.494846>,  <25.293123, 34.068207, 32.712254>, 0.130000
	pigment { color rgbt <1,0,0,0> }
	no_shadow
}

// nucleotide -1

// particle -1
sphere {
	<25.937054, 33.509193, 32.494846> 0.250000
	pigment { color rgbt <1,0,0,0> }
	no_shadow
}
cylinder {
	<25.936691, 33.878899, 32.342140>,  <25.936474, 34.100719, 32.250519>, 0.100000
	pigment { color rgbt <1,0,0,0> }
	no_shadow
}
cylinder {
	<25.936691, 33.878899, 32.342140>,  <25.937054, 33.509193, 32.494846>, 0.100000
	pigment { color rgbt <1,0,0,0> }
	no_shadow
}

// particle -1
sphere {
	<25.936691, 33.878899, 32.342140> 0.100000
	pigment { color rgbt <1,0,0,0> }
	no_shadow
}
sphere {
	0, 1
	scale<0.080000,0.200000,0.300000>
	matrix <0.945341, 0.125276, 0.301058,
		0.326081, -0.360622, -0.873855,
		-0.000905, 0.924261, -0.381761,
		25.936420, 34.156178, 32.227612>
	pigment { color rgbt <0,1,1,0> }
	no_shadow
}
cylinder {
	<26.507612, 33.528839, 32.247124>,  <25.937054, 33.509193, 32.494846>, 0.130000
	pigment { color rgbt <1,0,0,0> }
	no_shadow
}

// nucleotide -1

// particle -1
sphere {
	<26.507612, 33.528839, 32.247124> 0.250000
	pigment { color rgbt <1,0,0,0> }
	no_shadow
}
cylinder {
	<26.405212, 33.913849, 32.282928>,  <26.343773, 34.144855, 32.304413>, 0.100000
	pigment { color rgbt <1,0,0,0> }
	no_shadow
}
cylinder {
	<26.405212, 33.913849, 32.282928>,  <26.507612, 33.528839, 32.247124>, 0.100000
	pigment { color rgbt <1,0,0,0> }
	no_shadow
}

// particle -1
sphere {
	<26.405212, 33.913849, 32.282928> 0.100000
	pigment { color rgbt <1,0,0,0> }
	no_shadow
}
sphere {
	0, 1
	scale<0.080000,0.200000,0.300000>
	matrix <0.852204, 0.181004, 0.490903,
		0.456303, 0.201957, -0.866603,
		-0.256000, 0.962523, 0.089516,
		26.328413, 34.202606, 32.309784>
	pigment { color rgbt <0,1,1,0> }
	no_shadow
}
cylinder {
	<27.073929, 33.974720, 31.953358>,  <26.507612, 33.528839, 32.247124>, 0.130000
	pigment { color rgbt <1,0,0,0> }
	no_shadow
}

// nucleotide -1

// particle -1
sphere {
	<27.073929, 33.974720, 31.953358> 0.250000
	pigment { color rgbt <1,0,0,0> }
	no_shadow
}
cylinder {
	<26.868204, 34.187527, 32.222412>,  <26.744770, 34.315212, 32.383846>, 0.100000
	pigment { color rgbt <1,0,0,0> }
	no_shadow
}
cylinder {
	<26.868204, 34.187527, 32.222412>,  <27.073929, 33.974720, 31.953358>, 0.100000
	pigment { color rgbt <1,0,0,0> }
	no_shadow
}

// particle -1
sphere {
	<26.868204, 34.187527, 32.222412> 0.100000
	pigment { color rgbt <1,0,0,0> }
	no_shadow
}
sphere {
	0, 1
	scale<0.080000,0.200000,0.300000>
	matrix <0.846910, 0.191600, 0.496017,
		0.135013, 0.824770, -0.549114,
		-0.514310, 0.532019, 0.672637,
		26.713911, 34.347134, 32.424202>
	pigment { color rgbt <0,1,1,0> }
	no_shadow
}
cylinder {
	<27.434771, 34.572235, 32.110580>,  <27.073929, 33.974720, 31.953358>, 0.130000
	pigment { color rgbt <1,0,0,0> }
	no_shadow
}

// nucleotide -1

// particle -1
sphere {
	<27.434771, 34.572235, 32.110580> 0.250000
	pigment { color rgbt <1,0,0,0> }
	no_shadow
}
cylinder {
	<27.184626, 34.482044, 32.409401>,  <27.034538, 34.427929, 32.588692>, 0.100000
	pigment { color rgbt <1,0,0,0> }
	no_shadow
}
cylinder {
	<27.184626, 34.482044, 32.409401>,  <27.434771, 34.572235, 32.110580>, 0.100000
	pigment { color rgbt <1,0,0,0> }
	no_shadow
}

// particle -1
sphere {
	<27.184626, 34.482044, 32.409401> 0.100000
	pigment { color rgbt <1,0,0,0> }
	no_shadow
}
sphere {
	0, 1
	scale<0.080000,0.200000,0.300000>
	matrix <0.774211, -0.059592, 0.630116,
		-0.097558, 0.972425, 0.211832,
		-0.625364, -0.225476, 0.747048,
		26.997017, 34.414402, 32.633514>
	pigment { color rgbt <0,1,1,0> }
	no_shadow
}
cylinder {
	<27.544039, 35.073994, 32.668194>,  <27.434771, 34.572235, 32.110580>, 0.130000
	pigment { color rgbt <1,0,0,0> }
	no_shadow
}

// nucleotide -1

// particle -1
sphere {
	<27.544039, 35.073994, 32.668194> 0.250000
	pigment { color rgbt <1,0,0,0> }
	no_shadow
}
cylinder {
	<27.431993, 34.704704, 32.773415>,  <27.364765, 34.483131, 32.836548>, 0.100000
	pigment { color rgbt <1,0,0,0> }
	no_shadow
}
cylinder {
	<27.431993, 34.704704, 32.773415>,  <27.544039, 35.073994, 32.668194>, 0.100000
	pigment { color rgbt <1,0,0,0> }
	no_shadow
}

// particle -1
sphere {
	<27.431993, 34.704704, 32.773415> 0.100000
	pigment { color rgbt <1,0,0,0> }
	no_shadow
}
sphere {
	0, 1
	scale<0.080000,0.200000,0.300000>
	matrix <0.852681, -0.113407, 0.509974,
		-0.440987, 0.367151, 0.818981,
		-0.280115, -0.923222, 0.263052,
		27.347960, 34.427738, 32.852329>
	pigment { color rgbt <0,1,1,0> }
	no_shadow
}
cylinder {
	<27.660418, 35.007343, 33.435848>,  <27.544039, 35.073994, 32.668194>, 0.130000
	pigment { color rgbt <1,0,0,0> }
	no_shadow
}

// nucleotide -1

// particle -1
sphere {
	<27.660418, 35.007343, 33.435848> 0.250000
	pigment { color rgbt <1,0,0,0> }
	no_shadow
}
cylinder {
	<27.678558, 34.627934, 33.310474>,  <27.689444, 34.400288, 33.235249>, 0.100000
	pigment { color rgbt <1,0,0,0> }
	no_shadow
}
cylinder {
	<27.678558, 34.627934, 33.310474>,  <27.660418, 35.007343, 33.435848>, 0.100000
	pigment { color rgbt <1,0,0,0> }
	no_shadow
}

// particle -1
sphere {
	<27.678558, 34.627934, 33.310474> 0.100000
	pigment { color rgbt <1,0,0,0> }
	no_shadow
}
sphere {
	0, 1
	scale<0.080000,0.200000,0.300000>
	matrix <0.873732, -0.114440, 0.472754,
		-0.484289, -0.295298, 0.823567,
		0.045354, -0.948527, -0.313433,
		27.692165, 34.343376, 33.216446>
	pigment { color rgbt <0,1,1,0> }
	no_shadow
}
cylinder {
	<27.831856, 34.460983, 34.051548>,  <27.660418, 35.007343, 33.435848>, 0.130000
	pigment { color rgbt <1,0,0,0> }
	no_shadow
}

// nucleotide -1

// particle -1
sphere {
	<27.831856, 34.460983, 34.051548> 0.250000
	pigment { color rgbt <1,0,0,0> }
	no_shadow
}
cylinder {
	<27.955502, 34.348721, 33.688080>,  <28.029690, 34.281364, 33.469997>, 0.100000
	pigment { color rgbt <1,0,0,0> }
	no_shadow
}
cylinder {
	<27.955502, 34.348721, 33.688080>,  <27.831856, 34.460983, 34.051548>, 0.100000
	pigment { color rgbt <1,0,0,0> }
	no_shadow
}

// particle -1
sphere {
	<27.955502, 34.348721, 33.688080> 0.100000
	pigment { color rgbt <1,0,0,0> }
	no_shadow
}
sphere {
	0, 1
	scale<0.080000,0.200000,0.300000>
	matrix <0.898956, -0.225584, 0.375487,
		-0.310363, -0.932923, 0.182565,
		0.309116, -0.280656, -0.908669,
		28.048237, 34.264523, 33.415478>
	pigment { color rgbt <0,1,1,0> }
	no_shadow
}
cylinder {
	<27.328480, 33.921432, 33.893997>,  <27.831856, 34.460983, 34.051548>, 0.130000
	pigment { color rgbt <1,0,0,0> }
	no_shadow
}

// nucleotide -1

// particle -1
sphere {
	<27.328480, 33.921432, 33.893997> 0.250000
	pigment { color rgbt <1,0,0,0> }
	no_shadow
}
cylinder {
	<27.264589, 34.301563, 33.787136>,  <27.226255, 34.529640, 33.723019>, 0.100000
	pigment { color rgbt <1,0,0,0> }
	no_shadow
}
cylinder {
	<27.264589, 34.301563, 33.787136>,  <27.328480, 33.921432, 33.893997>, 0.100000
	pigment { color rgbt <1,0,0,0> }
	no_shadow
}

// particle -1
sphere {
	<27.264589, 34.301563, 33.787136> 0.100000
	pigment { color rgbt <1,0,0,0> }
	no_shadow
}
sphere {
	0, 1
	scale<0.080000,0.200000,0.300000>
	matrix <-0.598397, -0.308446, -0.739447,
		-0.785117, 0.041756, 0.617938,
		-0.159725, 0.950325, -0.267153,
		27.216671, 34.586662, 33.706989>
	pigment { color rgbt <0,1,1,0> }
	no_shadow
}
cylinder {
	<26.564711, 34.174755, 33.828762>,  <27.328480, 33.921432, 33.893997>, 0.130000
	pigment { color rgbt <1,0,0,0> }
	no_shadow
}

// nucleotide -1

// particle -1
sphere {
	<26.564711, 34.174755, 33.828762> 0.250000
	pigment { color rgbt <1,0,0,0> }
	no_shadow
}
cylinder {
	<26.769667, 34.391914, 33.562614>,  <26.892641, 34.522209, 33.402927>, 0.100000
	pigment { color rgbt <1,0,0,0> }
	no_shadow
}
cylinder {
	<26.769667, 34.391914, 33.562614>,  <26.564711, 34.174755, 33.828762>, 0.100000
	pigment { color rgbt <1,0,0,0> }
	no_shadow
}

// particle -1
sphere {
	<26.769667, 34.391914, 33.562614> 0.100000
	pigment { color rgbt <1,0,0,0> }
	no_shadow
}
sphere {
	0, 1
	scale<0.080000,0.200000,0.300000>
	matrix <-0.768797, -0.055228, -0.637104,
		-0.382632, 0.837978, 0.389083,
		0.512391, 0.542903, -0.665366,
		26.923384, 34.554787, 33.363003>
	pigment { color rgbt <0,1,1,0> }
	no_shadow
}
cylinder {
	<26.118952, 34.703529, 33.609123>,  <26.564711, 34.174755, 33.828762>, 0.130000
	pigment { color rgbt <1,0,0,0> }
	no_shadow
}

// nucleotide -1

// particle -1
sphere {
	<26.118952, 34.703529, 33.609123> 0.250000
	pigment { color rgbt <1,0,0,0> }
	no_shadow
}
cylinder {
	<26.382866, 34.630283, 33.317600>,  <26.541214, 34.586334, 33.142689>, 0.100000
	pigment { color rgbt <1,0,0,0> }
	no_shadow
}
cylinder {
	<26.382866, 34.630283, 33.317600>,  <26.118952, 34.703529, 33.609123>, 0.100000
	pigment { color rgbt <1,0,0,0> }
	no_shadow
}

// particle -1
sphere {
	<26.382866, 34.630283, 33.317600> 0.100000
	pigment { color rgbt <1,0,0,0> }
	no_shadow
}
sphere {
	0, 1
	scale<0.080000,0.200000,0.300000>
	matrix <-0.732794, 0.058016, -0.677973,
		0.166430, 0.981378, -0.095909,
		0.659783, -0.183117, -0.728803,
		26.580801, 34.575348, 33.098961>
	pigment { color rgbt <0,1,1,0> }
	no_shadow
}
cylinder {
	<26.102325, 35.177715, 33.198215>,  <26.118952, 34.703529, 33.609123>, 0.130000
	pigment { color rgbt <1,0,0,0> }
	no_shadow
}

// nucleotide -1

// particle -1
sphere {
	<26.102325, 35.177715, 33.198215> 0.250000
	pigment { color rgbt <1,0,0,0> }
	no_shadow
}
cylinder {
	<26.286987, 34.922554, 32.951656>,  <26.397783, 34.769455, 32.803719>, 0.100000
	pigment { color rgbt <1,0,0,0> }
	no_shadow
}
cylinder {
	<26.286987, 34.922554, 32.951656>,  <26.102325, 35.177715, 33.198215>, 0.100000
	pigment { color rgbt <1,0,0,0> }
	no_shadow
}

// particle -1
sphere {
	<26.286987, 34.922554, 32.951656> 0.100000
	pigment { color rgbt <1,0,0,0> }
	no_shadow
}
sphere {
	0, 1
	scale<0.080000,0.200000,0.300000>
	matrix <-0.722482, 0.132785, -0.678519,
		0.514681, 0.758579, -0.399576,
		0.461653, -0.637907, -0.616402,
		26.425484, 34.731182, 32.766735>
	pigment { color rgbt <0,1,1,0> }
	no_shadow
}
cylinder {
	<25.970806, 35.446476, 32.491871>,  <26.102325, 35.177715, 33.198215>, 0.130000
	pigment { color rgbt <1,0,0,0> }
	no_shadow
}

// nucleotide -1

// particle -1
sphere {
	<25.970806, 35.446476, 32.491871> 0.250000
	pigment { color rgbt <1,0,0,0> }
	no_shadow
}
cylinder {
	<26.093391, 35.075447, 32.406368>,  <26.166943, 34.852829, 32.355068>, 0.100000
	pigment { color rgbt <1,0,0,0> }
	no_shadow
}
cylinder {
	<26.093391, 35.075447, 32.406368>,  <25.970806, 35.446476, 32.491871>, 0.100000
	pigment { color rgbt <1,0,0,0> }
	no_shadow
}

// particle -1
sphere {
	<26.093391, 35.075447, 32.406368> 0.100000
	pigment { color rgbt <1,0,0,0> }
	no_shadow
}
sphere {
	0, 1
	scale<0.080000,0.200000,0.300000>
	matrix <-0.631393, -0.030038, -0.774881,
		0.712336, 0.372438, -0.594867,
		0.306464, -0.927571, -0.213758,
		26.185331, 34.797176, 32.342239>
	pigment { color rgbt <0,1,1,0> }
	no_shadow
}
cylinder {
	<25.958830, 35.384949, 31.751249>,  <25.970806, 35.446476, 32.491871>, 0.130000
	pigment { color rgbt <1,0,0,0> }
	no_shadow
}

// nucleotide -1

// particle -1
sphere {
	<25.958830, 35.384949, 31.751249> 0.250000
	pigment { color rgbt <1,0,0,0> }
	no_shadow
}
cylinder {
	<25.927252, 35.020794, 31.913713>,  <25.908306, 34.802299, 32.011192>, 0.100000
	pigment { color rgbt <1,0,0,0> }
	no_shadow
}
cylinder {
	<25.927252, 35.020794, 31.913713>,  <25.958830, 35.384949, 31.751249>, 0.100000
	pigment { color rgbt <1,0,0,0> }
	no_shadow
}

// particle -1
sphere {
	<25.927252, 35.020794, 31.913713> 0.100000
	pigment { color rgbt <1,0,0,0> }
	no_shadow
}
sphere {
	0, 1
	scale<0.080000,0.200000,0.300000>
	matrix <-0.742262, -0.218290, -0.633558,
		0.665443, -0.351491, -0.658513,
		-0.078943, -0.910387, 0.406158,
		25.903568, 34.747677, 32.035561>
	pigment { color rgbt <0,1,1,0> }
	no_shadow
}
cylinder {
	<26.040422, 34.737934, 31.159611>,  <25.958830, 35.384949, 31.751249>, 0.130000
	pigment { color rgbt <1,0,0,0> }
	no_shadow
}

// nucleotide -1

// particle -1
sphere {
	<26.040422, 34.737934, 31.159611> 0.250000
	pigment { color rgbt <1,0,0,0> }
	no_shadow
}
cylinder {
	<25.787354, 34.710327, 31.468145>,  <25.635511, 34.693764, 31.653267>, 0.100000
	pigment { color rgbt <1,0,0,0> }
	no_shadow
}
cylinder {
	<25.787354, 34.710327, 31.468145>,  <26.040422, 34.737934, 31.159611>, 0.100000
	pigment { color rgbt <1,0,0,0> }
	no_shadow
}

// particle -1
sphere {
	<25.787354, 34.710327, 31.468145> 0.100000
	pigment { color rgbt <1,0,0,0> }
	no_shadow
}
sphere {
	0, 1
	scale<0.080000,0.200000,0.300000>
	matrix <-0.771179, -0.034859, -0.635663,
		0.070759, -0.997006, -0.031169,
		-0.632674, -0.069016, 0.771338,
		25.597551, 34.689621, 31.699547>
	pigment { color rgbt <0,1,1,0> }
	no_shadow
}
cylinder {
	<25.635363, 34.214302, 31.080940>,  <26.040422, 34.737934, 31.159611>, 0.130000
	pigment { color rgbt <1,0,0,0> }
	no_shadow
}

// nucleotide -1

// particle -1
sphere {
	<25.635363, 34.214302, 31.080940> 0.250000
	pigment { color rgbt <1,0,0,0> }
	no_shadow
}
cylinder {
	<25.433981, 34.479118, 31.303017>,  <25.313152, 34.638008, 31.436262>, 0.100000
	pigment { color rgbt <1,0,0,0> }
	no_shadow
}
cylinder {
	<25.433981, 34.479118, 31.303017>,  <25.635363, 34.214302, 31.080940>, 0.100000
	pigment { color rgbt <1,0,0,0> }
	no_shadow
}

// particle -1
sphere {
	<25.433981, 34.479118, 31.303017> 0.100000
	pigment { color rgbt <1,0,0,0> }
	no_shadow
}
sphere {
	0, 1
	scale<0.080000,0.200000,0.300000>
	matrix <-0.718071, 0.036765, -0.694998,
		-0.480529, -0.748566, 0.456883,
		-0.503455, 0.662041, 0.555190,
		25.282944, 34.677731, 31.469574>
	pigment { color rgbt <0,1,1,0> }
	no_shadow
}
cylinder {
	<25.831469, 33.635872, 30.739664>,  <25.635363, 34.214302, 31.080940>, 0.130000
	pigment { color rgbt <1,0,0,0> }
	no_shadow
}

// nucleotide -1

// particle -1
sphere {
	<25.831469, 33.635872, 30.739664> 0.250000
	pigment { color rgbt <1,0,0,0> }
	no_shadow
}
cylinder {
	<25.953251, 33.274090, 30.859180>,  <26.026320, 33.057022, 30.930889>, 0.100000
	pigment { color rgbt <1,0,0,0> }
	no_shadow
}
cylinder {
	<25.953251, 33.274090, 30.859180>,  <25.831469, 33.635872, 30.739664>, 0.100000
	pigment { color rgbt <1,0,0,0> }
	no_shadow
}

// particle -1
sphere {
	<25.953251, 33.274090, 30.859180> 0.100000
	pigment { color rgbt <1,0,0,0> }
	no_shadow
}
sphere {
	0, 1
	scale<0.080000,0.200000,0.300000>
	matrix <0.889074, 0.157260, -0.429902,
		0.341838, 0.396533, 0.852003,
		0.304456, -0.904451, 0.298790,
		26.044588, 33.002754, 30.948818>
	pigment { color rgbt <0,1,1,0> }
	no_shadow
}
cylinder {
	<26.447474, 33.761353, 30.988024>,  <25.831469, 33.635872, 30.739664>, 0.130000
	pigment { color rgbt <1,0,0,0> }
	no_shadow
}

// nucleotide -1

// particle -1
sphere {
	<26.447474, 33.761353, 30.988024> 0.250000
	pigment { color rgbt <1,0,0,0> }
	no_shadow
}
cylinder {
	<26.447805, 33.363979, 30.942247>,  <26.448004, 33.125557, 30.914782>, 0.100000
	pigment { color rgbt <1,0,0,0> }
	no_shadow
}
cylinder {
	<26.447805, 33.363979, 30.942247>,  <26.447474, 33.761353, 30.988024>, 0.100000
	pigment { color rgbt <1,0,0,0> }
	no_shadow
}

// particle -1
sphere {
	<26.447805, 33.363979, 30.942247> 0.100000
	pigment { color rgbt <1,0,0,0> }
	no_shadow
}
sphere {
	0, 1
	scale<0.080000,0.200000,0.300000>
	matrix <0.961292, 0.032324, -0.273627,
		0.275528, -0.109783, 0.955003,
		0.000830, -0.993430, -0.114440,
		26.448053, 33.065948, 30.907915>
	pigment { color rgbt <0,1,1,0> }
	no_shadow
}
cylinder {
	<27.102423, 33.516243, 31.277002>,  <26.447474, 33.761353, 30.988024>, 0.130000
	pigment { color rgbt <1,0,0,0> }
	no_shadow
}

// nucleotide -1

// particle -1
sphere {
	<27.102423, 33.516243, 31.277002> 0.250000
	pigment { color rgbt <1,0,0,0> }
	no_shadow
}
cylinder {
	<26.958378, 33.258316, 31.007330>,  <26.871950, 33.103558, 30.845526>, 0.100000
	pigment { color rgbt <1,0,0,0> }
	no_shadow
}
cylinder {
	<26.958378, 33.258316, 31.007330>,  <27.102423, 33.516243, 31.277002>, 0.100000
	pigment { color rgbt <1,0,0,0> }
	no_shadow
}

// particle -1
sphere {
	<26.958378, 33.258316, 31.007330> 0.100000
	pigment { color rgbt <1,0,0,0> }
	no_shadow
}
sphere {
	0, 1
	scale<0.080000,0.200000,0.300000>
	matrix <0.834324, 0.100727, -0.541994,
		0.417398, -0.757666, 0.501717,
		-0.360114, -0.644822, -0.674183,
		26.850344, 33.064869, 30.805075>
	pigment { color rgbt <0,1,1,0> }
	no_shadow
}
cylinder {
	<27.558113, 32.924892, 31.184431>,  <27.102423, 33.516243, 31.277002>, 0.130000
	pigment { color rgbt <1,0,0,0> }
	no_shadow
}

// nucleotide -1

// particle -1
sphere {
	<27.558113, 32.924892, 31.184431> 0.250000
	pigment { color rgbt <1,0,0,0> }
	no_shadow
}
cylinder {
	<27.361609, 32.958027, 30.837606>,  <27.243706, 32.977909, 30.629511>, 0.100000
	pigment { color rgbt <1,0,0,0> }
	no_shadow
}
cylinder {
	<27.361609, 32.958027, 30.837606>,  <27.558113, 32.924892, 31.184431>, 0.100000
	pigment { color rgbt <1,0,0,0> }
	no_shadow
}

// particle -1
sphere {
	<27.361609, 32.958027, 30.837606> 0.100000
	pigment { color rgbt <1,0,0,0> }
	no_shadow
}
sphere {
	0, 1
	scale<0.080000,0.200000,0.300000>
	matrix <0.870310, 0.086644, -0.484823,
		0.034963, -0.992789, -0.114661,
		-0.491262, 0.082840, -0.867064,
		27.214230, 32.982880, 30.577488>
	pigment { color rgbt <0,1,1,0> }
	no_shadow
}
cylinder {
	<28.020443, 32.597473, 30.676390>,  <27.558113, 32.924892, 31.184431>, 0.130000
	pigment { color rgbt <1,0,0,0> }
	no_shadow
}

// nucleotide -1

// particle -1
sphere {
	<28.020443, 32.597473, 30.676390> 0.250000
	pigment { color rgbt <1,0,0,0> }
	no_shadow
}
cylinder {
	<27.754772, 32.798241, 30.454779>,  <27.595369, 32.918701, 30.321812>, 0.100000
	pigment { color rgbt <1,0,0,0> }
	no_shadow
}
cylinder {
	<27.754772, 32.798241, 30.454779>,  <28.020443, 32.597473, 30.676390>, 0.100000
	pigment { color rgbt <1,0,0,0> }
	no_shadow
}

// particle -1
sphere {
	<27.754772, 32.798241, 30.454779> 0.100000
	pigment { color rgbt <1,0,0,0> }
	no_shadow
}
sphere {
	0, 1
	scale<0.080000,0.200000,0.300000>
	matrix <0.685079, 0.112011, -0.719806,
		-0.299227, -0.857631, -0.418249,
		-0.664177, 0.501919, -0.554028,
		27.555519, 32.948814, 30.288570>
	pigment { color rgbt <0,1,1,0> }
	no_shadow
}
cylinder {
	<27.866711, 32.218704, 30.016920>,  <28.020443, 32.597473, 30.676390>, 0.130000
	pigment { color rgbt <1,0,0,0> }
	no_shadow
}

// nucleotide -1

// particle -1
sphere {
	<27.866711, 32.218704, 30.016920> 0.250000
	pigment { color rgbt <1,0,0,0> }
	no_shadow
}
cylinder {
	<27.757687, 32.595665, 29.939367>,  <27.692272, 32.821842, 29.892836>, 0.100000
	pigment { color rgbt <1,0,0,0> }
	no_shadow
}
cylinder {
	<27.757687, 32.595665, 29.939367>,  <27.866711, 32.218704, 30.016920>, 0.100000
	pigment { color rgbt <1,0,0,0> }
	no_shadow
}

// particle -1
sphere {
	<27.757687, 32.595665, 29.939367> 0.100000
	pigment { color rgbt <1,0,0,0> }
	no_shadow
}
sphere {
	0, 1
	scale<0.080000,0.200000,0.300000>
	matrix <0.573171, -0.002809, -0.819431,
		-0.772778, -0.334471, -0.539392,
		-0.272561, 0.942402, -0.193880,
		27.675919, 32.878387, 29.881203>
	pigment { color rgbt <0,1,1,0> }
	no_shadow
}
cylinder {
	<27.438189, 32.235645, 29.421986>,  <27.866711, 32.218704, 30.016920>, 0.130000
	pigment { color rgbt <1,0,0,0> }
	no_shadow
}

// nucleotide -1

// particle -1
sphere {
	<27.438189, 32.235645, 29.421986> 0.250000
	pigment { color rgbt <1,0,0,0> }
	no_shadow
}
cylinder {
	<27.698452, 32.535282, 29.471796>,  <27.854610, 32.715065, 29.501682>, 0.100000
	pigment { color rgbt <1,0,0,0> }
	no_shadow
}
cylinder {
	<27.698452, 32.535282, 29.471796>,  <27.438189, 32.235645, 29.421986>, 0.100000
	pigment { color rgbt <1,0,0,0> }
	no_shadow
}

// particle -1
sphere {
	<27.698452, 32.535282, 29.471796> 0.100000
	pigment { color rgbt <1,0,0,0> }
	no_shadow
}
sphere {
	0, 1
	scale<0.080000,0.200000,0.300000>
	matrix <0.438533, -0.236790, -0.866960,
		-0.619946, 0.618702, -0.482571,
		0.650657, 0.749092, 0.124525,
		27.893650, 32.760010, 29.509153>
	pigment { color rgbt <0,1,1,0> }
	no_shadow
}
cylinder {
	<27.494970, 32.714748, 28.815815>,  <27.438189, 32.235645, 29.421986>, 0.130000
	pigment { color rgbt <1,0,0,0> }
	no_shadow
}

// nucleotide -1

// particle -1
sphere {
	<27.494970, 32.714748, 28.815815> 0.250000
	pigment { color rgbt <1,0,0,0> }
	no_shadow
}
cylinder {
	<27.841738, 32.660828, 29.007767>,  <28.049797, 32.628475, 29.122938>, 0.100000
	pigment { color rgbt <1,0,0,0> }
	no_shadow
}
cylinder {
	<27.841738, 32.660828, 29.007767>,  <27.494970, 32.714748, 28.815815>, 0.100000
	pigment { color rgbt <1,0,0,0> }
	no_shadow
}

// particle -1
sphere {
	<27.841738, 32.660828, 29.007767> 0.100000
	pigment { color rgbt <1,0,0,0> }
	no_shadow
}
sphere {
	0, 1
	scale<0.080000,0.200000,0.300000>
	matrix <0.463481, -0.136256, -0.875569,
		0.183412, 0.981460, -0.055646,
		0.866917, -0.134799, 0.479878,
		28.101812, 32.620388, 29.151730>
	pigment { color rgbt <0,1,1,0> }
	no_shadow
}
cylinder {
	<28.125248, 33.126389, 28.533821>,  <27.494970, 32.714748, 28.815815>, 0.130000
	pigment { color rgbt <1,0,0,0> }
	no_shadow
}

// nucleotide -1

// particle -1
sphere {
	<28.125248, 33.126389, 28.533821> 0.250000
	pigment { color rgbt <1,0,0,0> }
	no_shadow
}
cylinder {
	<28.321745, 32.865582, 28.764835>,  <28.439644, 32.709095, 28.903444>, 0.100000
	pigment { color rgbt <1,0,0,0> }
	no_shadow
}
cylinder {
	<28.321745, 32.865582, 28.764835>,  <28.125248, 33.126389, 28.533821>, 0.100000
	pigment { color rgbt <1,0,0,0> }
	no_shadow
}

// particle -1
sphere {
	<28.321745, 32.865582, 28.764835> 0.100000
	pigment { color rgbt <1,0,0,0> }
	no_shadow
}
sphere {
	0, 1
	scale<0.080000,0.200000,0.300000>
	matrix <0.733420, -0.048047, -0.678076,
		0.469869, 0.756677, 0.454602,
		0.491242, -0.652021, 0.577538,
		28.469118, 32.669975, 28.938097>
	pigment { color rgbt <0,1,1,0> }
	no_shadow
}
cylinder {
	<28.856659, 33.331032, 28.535574>,  <28.125248, 33.126389, 28.533821>, 0.130000
	pigment { color rgbt <1,0,0,0> }
	no_shadow
}

// nucleotide -1

// particle -1
sphere {
	<28.856659, 33.331032, 28.535574> 0.250000
	pigment { color rgbt <1,0,0,0> }
	no_shadow
}
cylinder {
	<28.833826, 32.938225, 28.607552>,  <28.820126, 32.702541, 28.650738>, 0.100000
	pigment { color rgbt <1,0,0,0> }
	no_shadow
}
cylinder {
	<28.833826, 32.938225, 28.607552>,  <28.856659, 33.331032, 28.535574>, 0.100000
	pigment { color rgbt <1,0,0,0> }
	no_shadow
}

// particle -1
sphere {
	<28.833826, 32.938225, 28.607552> 0.100000
	pigment { color rgbt <1,0,0,0> }
	no_shadow
}
sphere {
	0, 1
	scale<0.080000,0.200000,0.300000>
	matrix <0.721749, -0.165121, -0.672171,
		0.689797, 0.091503, 0.718197,
		-0.057084, -0.982019, 0.179942,
		28.816700, 32.643620, 28.661533>
	pigment { color rgbt <0,1,1,0> }
	no_shadow
}
cylinder {
	<29.532764, 33.096916, 28.539394>,  <28.856659, 33.331032, 28.535574>, 0.130000
	pigment { color rgbt <1,0,0,0> }
	no_shadow
}

// nucleotide -1

// particle -1
sphere {
	<29.532764, 33.096916, 28.539394> 0.250000
	pigment { color rgbt <1,0,0,0> }
	no_shadow
}
cylinder {
	<29.310051, 32.771481, 28.472389>,  <29.176424, 32.576218, 28.432186>, 0.100000
	pigment { color rgbt <1,0,0,0> }
	no_shadow
}
cylinder {
	<29.310051, 32.771481, 28.472389>,  <29.532764, 33.096916, 28.539394>, 0.100000
	pigment { color rgbt <1,0,0,0> }
	no_shadow
}

// particle -1
sphere {
	<29.310051, 32.771481, 28.472389> 0.100000
	pigment { color rgbt <1,0,0,0> }
	no_shadow
}
sphere {
	0, 1
	scale<0.080000,0.200000,0.300000>
	matrix <0.513810, -0.178871, -0.839050,
		0.652681, -0.553238, 0.517624,
		-0.556783, -0.813592, -0.167514,
		29.143017, 32.527405, 28.422134>
	pigment { color rgbt <0,1,1,0> }
	no_shadow
}
cylinder {
	<29.936361, 32.501434, 28.360449>,  <29.532764, 33.096916, 28.539394>, 0.130000
	pigment { color rgbt <1,0,0,0> }
	no_shadow
}

// nucleotide -1

// particle -1
sphere {
	<29.936361, 32.501434, 28.360449> 0.250000
	pigment { color rgbt <1,0,0,0> }
	no_shadow
}
cylinder {
	<29.578386, 32.432949, 28.195633>,  <29.363602, 32.391857, 28.096745>, 0.100000
	pigment { color rgbt <1,0,0,0> }
	no_shadow
}
cylinder {
	<29.578386, 32.432949, 28.195633>,  <29.936361, 32.501434, 28.360449>, 0.100000
	pigment { color rgbt <1,0,0,0> }
	no_shadow
}

// particle -1
sphere {
	<29.578386, 32.432949, 28.195633> 0.100000
	pigment { color rgbt <1,0,0,0> }
	no_shadow
}
sphere {
	0, 1
	scale<0.080000,0.200000,0.300000>
	matrix <0.437399, -0.154192, -0.885950,
		0.088153, -0.973094, 0.212880,
		-0.894936, -0.171212, -0.412038,
		29.309906, 32.381584, 28.072021>
	pigment { color rgbt <0,1,1,0> }
	no_shadow
}
cylinder {
	<29.566248, 32.873360, 27.763937>,  <29.936361, 32.501434, 28.360449>, 0.130000
	pigment { color rgbt <1,0,0,0> }
	no_shadow
}

// nucleotide -1

// particle -1
sphere {
	<29.566248, 32.873360, 27.763937> 0.250000
	pigment { color rgbt <1,0,0,0> }
	no_shadow
}
cylinder {
	<29.581665, 32.510960, 27.595331>,  <29.590916, 32.293518, 27.494167>, 0.100000
	pigment { color rgbt <1,0,0,0> }
	no_shadow
}
cylinder {
	<29.581665, 32.510960, 27.595331>,  <29.566248, 32.873360, 27.763937>, 0.100000
	pigment { color rgbt <1,0,0,0> }
	no_shadow
}

// particle -1
sphere {
	<29.581665, 32.510960, 27.595331> 0.100000
	pigment { color rgbt <1,0,0,0> }
	no_shadow
}
sphere {
	0, 1
	scale<0.080000,0.200000,0.300000>
	matrix <-0.641541, -0.345847, 0.684700,
		-0.766120, 0.244031, -0.594567,
		0.038541, -0.906001, -0.421516,
		29.593227, 32.239159, 27.468876>
	pigment { color rgbt <0,1,1,0> }
	no_shadow
}
cylinder {
	<28.943693, 32.575653, 27.547878>,  <29.566248, 32.873360, 27.763937>, 0.130000
	pigment { color rgbt <1,0,0,0> }
	no_shadow
}

// nucleotide -1

// particle -1
sphere {
	<28.943693, 32.575653, 27.547878> 0.250000
	pigment { color rgbt <1,0,0,0> }
	no_shadow
}
cylinder {
	<29.196884, 32.292591, 27.673464>,  <29.348799, 32.122753, 27.748816>, 0.100000
	pigment { color rgbt <1,0,0,0> }
	no_shadow
}
cylinder {
	<29.196884, 32.292591, 27.673464>,  <28.943693, 32.575653, 27.547878>, 0.100000
	pigment { color rgbt <1,0,0,0> }
	no_shadow
}

// particle -1
sphere {
	<29.196884, 32.292591, 27.673464> 0.100000
	pigment { color rgbt <1,0,0,0> }
	no_shadow
}
sphere {
	0, 1
	scale<0.080000,0.200000,0.300000>
	matrix <-0.613862, -0.211673, 0.760505,
		-0.471715, -0.674110, -0.568384,
		0.632976, -0.707651, 0.313962,
		29.386778, 32.080296, 27.767653>
	pigment { color rgbt <0,1,1,0> }
	no_shadow
}
cylinder {
	<28.616558, 31.968031, 27.455223>,  <28.943693, 32.575653, 27.547878>, 0.130000
	pigment { color rgbt <1,0,0,0> }
	no_shadow
}

// nucleotide -1

// particle -1
sphere {
	<28.616558, 31.968031, 27.455223> 0.250000
	pigment { color rgbt <1,0,0,0> }
	no_shadow
}
cylinder {
	<28.871956, 31.976332, 27.762962>,  <29.025194, 31.981312, 27.947605>, 0.100000
	pigment { color rgbt <1,0,0,0> }
	no_shadow
}
cylinder {
	<28.871956, 31.976332, 27.762962>,  <28.616558, 31.968031, 27.455223>, 0.100000
	pigment { color rgbt <1,0,0,0> }
	no_shadow
}

// particle -1
sphere {
	<28.871956, 31.976332, 27.762962> 0.100000
	pigment { color rgbt <1,0,0,0> }
	no_shadow
}
sphere {
	0, 1
	scale<0.080000,0.200000,0.300000>
	matrix <-0.766437, -0.073795, 0.638066,
		0.070014, -0.997058, -0.031213,
		0.638492, 0.020751, 0.769349,
		29.063503, 31.982557, 27.993767>
	pigment { color rgbt <0,1,1,0> }
	no_shadow
}
cylinder {
	<28.473415, 31.537159, 28.035273>,  <28.616558, 31.968031, 27.455223>, 0.130000
	pigment { color rgbt <1,0,0,0> }
	no_shadow
}

// nucleotide -1

// particle -1
sphere {
	<28.473415, 31.537159, 28.035273> 0.250000
	pigment { color rgbt <1,0,0,0> }
	no_shadow
}
cylinder {
	<28.712940, 31.815908, 28.193153>,  <28.856655, 31.983158, 28.287882>, 0.100000
	pigment { color rgbt <1,0,0,0> }
	no_shadow
}
cylinder {
	<28.712940, 31.815908, 28.193153>,  <28.473415, 31.537159, 28.035273>, 0.100000
	pigment { color rgbt <1,0,0,0> }
	no_shadow
}

// particle -1
sphere {
	<28.712940, 31.815908, 28.193153> 0.100000
	pigment { color rgbt <1,0,0,0> }
	no_shadow
}
sphere {
	0, 1
	scale<0.080000,0.200000,0.300000>
	matrix <-0.730689, 0.273603, 0.625488,
		0.327894, -0.662955, 0.673035,
		0.598814, 0.696873, 0.394701,
		28.892584, 32.024971, 28.311563>
	pigment { color rgbt <0,1,1,0> }
	no_shadow
}
cylinder {
	<28.593836, 31.387156, 28.766428>,  <28.473415, 31.537159, 28.035273>, 0.130000
	pigment { color rgbt <1,0,0,0> }
	no_shadow
}

// nucleotide -1

// particle -1
sphere {
	<28.593836, 31.387156, 28.766428> 0.250000
	pigment { color rgbt <1,0,0,0> }
	no_shadow
}
cylinder {
	<28.634584, 31.782463, 28.720907>,  <28.659033, 32.019646, 28.693594>, 0.100000
	pigment { color rgbt <1,0,0,0> }
	no_shadow
}
cylinder {
	<28.634584, 31.782463, 28.720907>,  <28.593836, 31.387156, 28.766428>, 0.100000
	pigment { color rgbt <1,0,0,0> }
	no_shadow
}

// particle -1
sphere {
	<28.634584, 31.782463, 28.720907> 0.100000
	pigment { color rgbt <1,0,0,0> }
	no_shadow
}
sphere {
	0, 1
	scale<0.080000,0.200000,0.300000>
	matrix <-0.401456, 0.145510, 0.904245,
		0.910195, -0.046430, 0.411569,
		0.101872, 0.988267, -0.113803,
		28.665146, 32.078941, 28.686766>
	pigment { color rgbt <0,1,1,0> }
	no_shadow
}
cylinder {
	<28.974684, 31.646900, 29.396385>,  <28.593836, 31.387156, 28.766428>, 0.130000
	pigment { color rgbt <1,0,0,0> }
	no_shadow
}

// nucleotide -1

// particle -1
sphere {
	<28.974684, 31.646900, 29.396385> 0.250000
	pigment { color rgbt <1,0,0,0> }
	no_shadow
}
cylinder {
	<28.732708, 31.918793, 29.230488>,  <28.587523, 32.081928, 29.130949>, 0.100000
	pigment { color rgbt <1,0,0,0> }
	no_shadow
}
cylinder {
	<28.732708, 31.918793, 29.230488>,  <28.974684, 31.646900, 29.396385>, 0.100000
	pigment { color rgbt <1,0,0,0> }
	no_shadow
}

// particle -1
sphere {
	<28.732708, 31.918793, 29.230488> 0.100000
	pigment { color rgbt <1,0,0,0> }
	no_shadow
}
sphere {
	0, 1
	scale<0.080000,0.200000,0.300000>
	matrix <-0.198719, 0.375500, 0.905268,
		0.771077, 0.630049, -0.092079,
		-0.604939, 0.679733, -0.414742,
		28.551226, 32.122711, 29.106066>
	pigment { color rgbt <0,1,1,0> }
	no_shadow
}
cylinder {
	<29.083721, 32.100723, 29.896004>,  <28.974684, 31.646900, 29.396385>, 0.130000
	pigment { color rgbt <1,0,0,0> }
	no_shadow
}

// nucleotide -1

// particle -1
sphere {
	<29.083721, 32.100723, 29.896004> 0.250000
	pigment { color rgbt <1,0,0,0> }
	no_shadow
}
cylinder {
	<28.796350, 32.250095, 29.661257>,  <28.623928, 32.339718, 29.520409>, 0.100000
	pigment { color rgbt <1,0,0,0> }
	no_shadow
}
cylinder {
	<28.796350, 32.250095, 29.661257>,  <29.083721, 32.100723, 29.896004>, 0.100000
	pigment { color rgbt <1,0,0,0> }
	no_shadow
}

// particle -1
sphere {
	<28.796350, 32.250095, 29.661257> 0.100000
	pigment { color rgbt <1,0,0,0> }
	no_shadow
}
sphere {
	0, 1
	scale<0.080000,0.200000,0.300000>
	matrix <-0.161492, 0.731085, 0.662899,
		0.676598, 0.571018, -0.464924,
		-0.718426, 0.373434, -0.586865,
		28.580822, 32.362125, 29.485197>
	pigment { color rgbt <0,1,1,0> }
	no_shadow
}
cylinder {
	<29.265835, 32.800369, 29.552786>,  <29.083721, 32.100723, 29.896004>, 0.130000
	pigment { color rgbt <1,0,0,0> }
	no_shadow
}

// nucleotide -1

// particle -1
sphere {
	<29.265835, 32.800369, 29.552786> 0.250000
	pigment { color rgbt <1,0,0,0> }
	no_shadow
}
cylinder {
	<28.870388, 32.763500, 29.600344>,  <28.633120, 32.741379, 29.628878>, 0.100000
	pigment { color rgbt <1,0,0,0> }
	no_shadow
}
cylinder {
	<28.870388, 32.763500, 29.600344>,  <29.265835, 32.800369, 29.552786>, 0.100000
	pigment { color rgbt <1,0,0,0> }
	no_shadow
}

// particle -1
sphere {
	<28.870388, 32.763500, 29.600344> 0.100000
	pigment { color rgbt <1,0,0,0> }
	no_shadow
}
sphere {
	0, 1
	scale<0.080000,0.200000,0.300000>
	matrix <0.008532, 0.754683, 0.656035,
		-0.150198, 0.649583, -0.745307,
		-0.988619, -0.092176, 0.118894,
		28.573803, 32.735847, 29.636011>
	pigment { color rgbt <0,1,1,0> }
	no_shadow
}
cylinder {
	<29.041164, 33.362419, 29.468027>,  <29.265835, 32.800369, 29.552786>, 0.130000
	pigment { color rgbt <1,0,0,0> }
	no_shadow
}

// nucleotide -1

// particle -1
sphere {
	<29.041164, 33.362419, 29.468027> 0.250000
	pigment { color rgbt <1,0,0,0> }
	no_shadow
}
cylinder {
	<28.776340, 33.176910, 29.703516>,  <28.617447, 33.065605, 29.844809>, 0.100000
	pigment { color rgbt <1,0,0,0> }
	no_shadow
}
cylinder {
	<28.776340, 33.176910, 29.703516>,  <29.041164, 33.362419, 29.468027>, 0.100000
	pigment { color rgbt <1,0,0,0> }
	no_shadow
}

// particle -1
sphere {
	<28.776340, 33.176910, 29.703516> 0.100000
	pigment { color rgbt <1,0,0,0> }
	no_shadow
}
sphere {
	0, 1
	scale<0.080000,0.200000,0.300000>
	matrix <0.040999, 0.761947, 0.646340,
