// switches for output
#declare DRAW_BASES = 1; // possible values are 0, 1; only relevant for DNA ribbons
#declare DRAW_BASES_TYPE = 3; // possible values are 1, 2, 3; only relevant for DNA ribbons
#declare DRAW_FOG = 0; // set to 1 to enable fog

#include "colors.inc"

#include "transforms.inc"
background { rgb <1, 1, 1>}

#default {
   normal{
       ripples 0.25
       frequency 0.20
       turbulence 0.2
       lambda 5
   }
	finish {
		phong 0.1
		phong_size 40.
	}
}

// original window dimensions: 1024x640


// camera settings

camera {
	sky <0, 0.179814, -0.983701>
	up <0, 0.179814, -0.983701>
	right 1.6 * <1, 0, 0>
	location <35, 94.9851, 44.8844>
	look_at <35, 29.7336, 32.9568>
	direction <0, -65.2515, -11.9276>
	angle 67.0682
}


# declare cpy_camera_pos = <35, 94.9851, 44.8844>;
# if (DRAW_FOG = 1)
fog {
	fog_type 2
	up vnormalize(cpy_camera_pos)
	color rgbt<1,1,1,0.3>
	distance 1e-5
	fog_alt 3e-3
	fog_offset 56
}
# end


// LIGHTS

# declare lum = 6;
global_settings {
	ambient_light rgb lum * <0.05, 0.05, 0.05>
	max_trace_level 15
}# declare cpy_direct_light_amount = 0.25;
light_source
{	1000 * <-1, -1.16352, -0.803886>,
	rgb lum * cpy_direct_light_amount
	parallel
}

light_source
{	1000 * <1, 1.16352, 0.803886>,
	rgb lum * cpy_direct_light_amount
	parallel
}

// strand 0

// nucleotide -1

// particle -1
sphere {
	<24.388535, 34.759224, 35.544598> 0.250000
	pigment { color rgbt <1,0,0,0> }
	no_shadow
}
cylinder {
	<24.356453, 34.852673, 35.156990>,  <24.337204, 34.908741, 34.924427>, 0.100000
	pigment { color rgbt <1,0,0,0> }
	no_shadow
}
cylinder {
	<24.356453, 34.852673, 35.156990>,  <24.388535, 34.759224, 35.544598>, 0.100000
	pigment { color rgbt <1,0,0,0> }
	no_shadow
}

// particle -1
sphere {
	<24.356453, 34.852673, 35.156990> 0.100000
	pigment { color rgbt <1,0,0,0> }
	no_shadow
}
sphere {
	0, 1
	scale<0.080000,0.200000,0.300000>
	matrix <-0.592024, 0.770939, 0.234864,
		0.801920, 0.592517, 0.076477,
		-0.080202, 0.233618, -0.969015,
		24.332392, 34.922756, 34.866287>
	pigment { color rgbt <0,1,1,0> }
	no_shadow
}
cylinder {
	<24.524555, 35.460190, 35.553112>,  <24.388535, 34.759224, 35.544598>, 0.130000
	pigment { color rgbt <1,0,0,0> }
	no_shadow
}

// nucleotide -1

// particle -1
sphere {
	<24.524555, 35.460190, 35.553112> 0.250000
	pigment { color rgbt <1,0,0,0> }
	no_shadow
}
cylinder {
	<24.774017, 35.479675, 35.241039>,  <24.923695, 35.491367, 35.053795>, 0.100000
	pigment { color rgbt <1,0,0,0> }
	no_shadow
}
cylinder {
	<24.774017, 35.479675, 35.241039>,  <24.524555, 35.460190, 35.553112>, 0.100000
	pigment { color rgbt <1,0,0,0> }
	no_shadow
}

// particle -1
sphere {
	<24.774017, 35.479675, 35.241039> 0.100000
	pigment { color rgbt <1,0,0,0> }
	no_shadow
}
sphere {
	0, 1
	scale<0.080000,0.200000,0.300000>
	matrix <-0.044902, 0.998641, 0.026457,
		0.780408, 0.018531, 0.624996,
		0.623657, 0.048711, -0.780179,
		24.961115, 35.494289, 35.006985>
	pigment { color rgbt <0,1,1,0> }
	no_shadow
}
cylinder {
	<25.021223, 35.807644, 35.862389>,  <24.524555, 35.460190, 35.553112>, 0.130000
	pigment { color rgbt <1,0,0,0> }
	no_shadow
}

// nucleotide -1

// particle -1
sphere {
	<25.021223, 35.807644, 35.862389> 0.250000
	pigment { color rgbt <1,0,0,0> }
	no_shadow
}
cylinder {
	<24.979553, 35.858913, 35.467884>,  <24.954552, 35.889675, 35.231182>, 0.100000
	pigment { color rgbt <1,0,0,0> }
	no_shadow
}
cylinder {
	<24.979553, 35.858913, 35.467884>,  <25.021223, 35.807644, 35.862389>, 0.100000
	pigment { color rgbt <1,0,0,0> }
	no_shadow
}

// particle -1
sphere {
	<24.979553, 35.858913, 35.467884> 0.100000
	pigment { color rgbt <1,0,0,0> }
	no_shadow
}
sphere {
	0, 1
	scale<0.080000,0.200000,0.300000>
	matrix <-0.040671, 0.990282, 0.132995,
		0.993727, 0.053966, -0.097947,
		-0.104173, 0.128177, -0.986265,
		24.948301, 35.897366, 35.172005>
	pigment { color rgbt <0,1,1,0> }
	no_shadow
}
cylinder {
	<25.645769, 36.237068, 35.532543>,  <25.021223, 35.807644, 35.862389>, 0.130000
	pigment { color rgbt <1,0,0,0> }
	no_shadow
}

// nucleotide -1

// particle -1
sphere {
	<25.645769, 36.237068, 35.532543> 0.250000
	pigment { color rgbt <1,0,0,0> }
	no_shadow
}
cylinder {
	<25.269882, 36.265743, 35.398804>,  <25.044350, 36.282948, 35.318558>, 0.100000
	pigment { color rgbt <1,0,0,0> }
	no_shadow
}
cylinder {
	<25.269882, 36.265743, 35.398804>,  <25.645769, 36.237068, 35.532543>, 0.100000
	pigment { color rgbt <1,0,0,0> }
	no_shadow
}

// particle -1
sphere {
	<25.269882, 36.265743, 35.398804> 0.100000
	pigment { color rgbt <1,0,0,0> }
	no_shadow
}
sphere {
	0, 1
	scale<0.080000,0.200000,0.300000>
	matrix <-0.005128, 0.974711, 0.223409,
		0.341915, 0.211656, -0.915585,
		-0.939717, 0.071692, -0.334353,
		24.987967, 36.287251, 35.298496>
	pigment { color rgbt <0,1,1,0> }
	no_shadow
}
cylinder {
	<26.451065, 36.291130, 35.550804>,  <25.645769, 36.237068, 35.532543>, 0.130000
	pigment { color rgbt <1,0,0,0> }
	no_shadow
}

// nucleotide -1

// particle -1
sphere {
	<26.451065, 36.291130, 35.550804> 0.250000
	pigment { color rgbt <1,0,0,0> }
	no_shadow
}
cylinder {
	<26.782906, 36.466892, 35.413002>,  <26.982010, 36.572350, 35.330322>, 0.100000
	pigment { color rgbt <1,0,0,0> }
	no_shadow
}
cylinder {
	<26.782906, 36.466892, 35.413002>,  <26.451065, 36.291130, 35.550804>, 0.100000
	pigment { color rgbt <1,0,0,0> }
	no_shadow
}

// particle -1
sphere {
	<26.782906, 36.466892, 35.413002> 0.100000
	pigment { color rgbt <1,0,0,0> }
	no_shadow
}
sphere {
	0, 1
	scale<0.080000,0.200000,0.300000>
	matrix <0.093476, 0.498994, 0.861549,
		0.550480, -0.746943, 0.372890,
		0.829599, 0.439410, -0.344508,
		27.031786, 36.598713, 35.309650>
	pigment { color rgbt <0,1,1,0> }
	no_shadow
}
cylinder {
	<27.029371, 36.258560, 36.011154>,  <26.451065, 36.291130, 35.550804>, 0.130000
	pigment { color rgbt <1,0,0,0> }
	no_shadow
}

// nucleotide -1

// particle -1
sphere {
	<27.029371, 36.258560, 36.011154> 0.250000
	pigment { color rgbt <1,0,0,0> }
	no_shadow
}
cylinder {
	<27.073757, 36.597378, 35.803230>,  <27.100388, 36.800667, 35.678474>, 0.100000
	pigment { color rgbt <1,0,0,0> }
	no_shadow
}
cylinder {
	<27.073757, 36.597378, 35.803230>,  <27.029371, 36.258560, 36.011154>, 0.100000
	pigment { color rgbt <1,0,0,0> }
	no_shadow
}

// particle -1
sphere {
	<27.073757, 36.597378, 35.803230> 0.100000
	pigment { color rgbt <1,0,0,0> }
	no_shadow
}
sphere {
	0, 1
	scale<0.080000,0.200000,0.300000>
	matrix <-0.042907, 0.526635, 0.849008,
		0.992898, -0.071905, 0.094781,
		0.110962, 0.847045, -0.519810,
		27.107046, 36.851490, 35.647289>
	pigment { color rgbt <0,1,1,0> }
	no_shadow
}
cylinder {
	<27.467916, 36.674164, 36.406437>,  <27.029371, 36.258560, 36.011154>, 0.130000
	pigment { color rgbt <1,0,0,0> }
	no_shadow
}

// nucleotide -1

// particle -1
sphere {
	<27.467916, 36.674164, 36.406437> 0.250000
	pigment { color rgbt <1,0,0,0> }
	no_shadow
}
cylinder {
	<27.247633, 36.895157, 36.156162>,  <27.115463, 37.027752, 36.005997>, 0.100000
	pigment { color rgbt <1,0,0,0> }
	no_shadow
}
cylinder {
	<27.247633, 36.895157, 36.156162>,  <27.467916, 36.674164, 36.406437>, 0.100000
	pigment { color rgbt <1,0,0,0> }
	no_shadow
}

// particle -1
sphere {
	<27.247633, 36.895157, 36.156162> 0.100000
	pigment { color rgbt <1,0,0,0> }
	no_shadow
}
sphere {
	0, 1
	scale<0.080000,0.200000,0.300000>
	matrix <-0.085433, 0.708355, 0.700667,
		0.830314, 0.439317, -0.342897,
		-0.550708, 0.552480, -0.625689,
		27.082420, 37.060902, 35.968456>
	pigment { color rgbt <0,1,1,0> }
	no_shadow
}
cylinder {
	<27.760998, 37.284935, 36.465466>,  <27.467916, 36.674164, 36.406437>, 0.130000
	pigment { color rgbt <1,0,0,0> }
	no_shadow
}

// nucleotide -1

// particle -1
sphere {
	<27.760998, 37.284935, 36.465466> 0.250000
	pigment { color rgbt <1,0,0,0> }
	no_shadow
}
cylinder {
	<27.373692, 37.296394, 36.366154>,  <27.141308, 37.303272, 36.306568>, 0.100000
	pigment { color rgbt <1,0,0,0> }
	no_shadow
}
cylinder {
	<27.373692, 37.296394, 36.366154>,  <27.760998, 37.284935, 36.465466>, 0.100000
	pigment { color rgbt <1,0,0,0> }
	no_shadow
}

// particle -1
sphere {
	<27.373692, 37.296394, 36.366154> 0.100000
	pigment { color rgbt <1,0,0,0> }
	no_shadow
}
sphere {
	0, 1
	scale<0.080000,0.200000,0.300000>
	matrix <-0.206660, 0.466896, 0.859825,
		0.140556, 0.883848, -0.446158,
		-0.968264, 0.028651, -0.248281,
		27.083212, 37.304989, 36.291668>
	pigment { color rgbt <0,1,1,0> }
	no_shadow
}
cylinder {
	<27.633873, 37.951561, 36.474571>,  <27.760998, 37.284935, 36.465466>, 0.130000
	pigment { color rgbt <1,0,0,0> }
	no_shadow
}

// nucleotide -1

// particle -1
sphere {
	<27.633873, 37.951561, 36.474571> 0.250000
	pigment { color rgbt <1,0,0,0> }
	no_shadow
}
cylinder {
	<27.284874, 37.760689, 36.516621>,  <27.075474, 37.646168, 36.541851>, 0.100000
	pigment { color rgbt <1,0,0,0> }
	no_shadow
}
cylinder {
	<27.284874, 37.760689, 36.516621>,  <27.633873, 37.951561, 36.474571>, 0.100000
	pigment { color rgbt <1,0,0,0> }
	no_shadow
}

// particle -1
sphere {
	<27.284874, 37.760689, 36.516621> 0.100000
	pigment { color rgbt <1,0,0,0> }
	no_shadow
}
sphere {
	0, 1
	scale<0.080000,0.200000,0.300000>
	matrix <-0.147946, 0.463033, 0.873906,
		-0.465681, 0.746929, -0.474592,
		-0.872498, -0.477176, 0.105120,
		27.023125, 37.617535, 36.548157>
	pigment { color rgbt <0,1,1,0> }
	no_shadow
}
cylinder {
	<27.109262, 38.466892, 36.747417>,  <27.633873, 37.951561, 36.474571>, 0.130000
	pigment { color rgbt <1,0,0,0> }
	no_shadow
}

// nucleotide -1

// particle -1
sphere {
	<27.109262, 38.466892, 36.747417> 0.250000
	pigment { color rgbt <1,0,0,0> }
	no_shadow
}
cylinder {
	<26.960772, 38.100796, 36.810047>,  <26.871677, 37.881138, 36.847626>, 0.100000
	pigment { color rgbt <1,0,0,0> }
	no_shadow
}
cylinder {
	<26.960772, 38.100796, 36.810047>,  <27.109262, 38.466892, 36.747417>, 0.100000
	pigment { color rgbt <1,0,0,0> }
	no_shadow
}

// particle -1
sphere {
	<26.960772, 38.100796, 36.810047> 0.100000
	pigment { color rgbt <1,0,0,0> }
	no_shadow
}
sphere {
	0, 1
	scale<0.080000,0.200000,0.300000>
	matrix <-0.172252, 0.233581, 0.956958,
		-0.912425, 0.328278, -0.244364,
		-0.371227, -0.915245, 0.156578,
		26.849403, 37.826221, 36.857021>
	pigment { color rgbt <0,1,1,0> }
	no_shadow
}
cylinder {
	<26.478445, 38.569874, 37.035923>,  <27.109262, 38.466892, 36.747417>, 0.130000
	pigment { color rgbt <1,0,0,0> }
	no_shadow
}

// nucleotide -1

// particle -1
sphere {
	<26.478445, 38.569874, 37.035923> 0.250000
	pigment { color rgbt <1,0,0,0> }
	no_shadow
}
cylinder {
	<26.612724, 38.202877, 37.121258>,  <26.693293, 37.982677, 37.172459>, 0.100000
	pigment { color rgbt <1,0,0,0> }
	no_shadow
}
cylinder {
	<26.612724, 38.202877, 37.121258>,  <26.478445, 38.569874, 37.035923>, 0.100000
	pigment { color rgbt <1,0,0,0> }
	no_shadow
}

// particle -1
sphere {
	<26.612724, 38.202877, 37.121258> 0.100000
	pigment { color rgbt <1,0,0,0> }
	no_shadow
}
sphere {
	0, 1
	scale<0.080000,0.200000,0.300000>
	matrix <0.064053, 0.248186, 0.966592,
		-0.939789, -0.310819, 0.142083,
		0.335698, -0.917494, 0.213334,
		26.713434, 37.927628, 37.185257>
	pigment { color rgbt <0,1,1,0> }
	no_shadow
}
cylinder {
	<26.249357, 38.672314, 37.666260>,  <26.478445, 38.569874, 37.035923>, 0.130000
	pigment { color rgbt <1,0,0,0> }
	no_shadow
}

// nucleotide -1

// particle -1
sphere {
	<26.249357, 38.672314, 37.666260> 0.250000
	pigment { color rgbt <1,0,0,0> }
	no_shadow
}
cylinder {
	<26.498611, 38.359818, 37.651443>,  <26.648163, 38.172321, 37.642551>, 0.100000
	pigment { color rgbt <1,0,0,0> }
	no_shadow
}
cylinder {
	<26.498611, 38.359818, 37.651443>,  <26.249357, 38.672314, 37.666260>, 0.100000
	pigment { color rgbt <1,0,0,0> }
	no_shadow
}

// particle -1
sphere {
	<26.498611, 38.359818, 37.651443> 0.100000
	pigment { color rgbt <1,0,0,0> }
	no_shadow
}
sphere {
	0, 1
	scale<0.080000,0.200000,0.300000>
	matrix <0.183925, 0.100340, 0.977805,
		-0.760182, -0.616116, 0.206215,
		0.623133, -0.781238, -0.037043,
		26.685551, 38.125446, 37.640331>
	pigment { color rgbt <0,1,1,0> }
	no_shadow
}
cylinder {
	<26.131834, 38.497391, 38.364494>,  <26.249357, 38.672314, 37.666260>, 0.130000
	pigment { color rgbt <1,0,0,0> }
	no_shadow
}

// nucleotide -1

// particle -1
sphere {
	<26.131834, 38.497391, 38.364494> 0.250000
	pigment { color rgbt <1,0,0,0> }
	no_shadow
}
cylinder {
	<26.309187, 38.206150, 38.573601>,  <26.415598, 38.031406, 38.699066>, 0.100000
	pigment { color rgbt <1,0,0,0> }
	no_shadow
}
cylinder {
	<26.309187, 38.206150, 38.573601>,  <26.131834, 38.497391, 38.364494>, 0.100000
	pigment { color rgbt <1,0,0,0> }
	no_shadow
}

// particle -1
sphere {
	<26.309187, 38.206150, 38.573601> 0.100000
	pigment { color rgbt <1,0,0,0> }
	no_shadow
}
sphere {
	0, 1
	scale<0.080000,0.200000,0.300000>
	matrix <0.184333, -0.496694, -0.848125,
		0.877173, 0.472407, -0.086012,
		0.443382, -0.728098, 0.522767,
		26.442202, 37.987720, 38.730431>
	pigment { color rgbt <0,1,1,0> }
	no_shadow
}
cylinder {
	<26.956463, 38.406002, 38.190804>,  <26.131834, 38.497391, 38.364494>, 0.130000
	pigment { color rgbt <1,0,0,0> }
	no_shadow
}

// nucleotide -1

// particle -1
sphere {
	<26.956463, 38.406002, 38.190804> 0.250000
	pigment { color rgbt <1,0,0,0> }
	no_shadow
}
cylinder {
	<26.763870, 38.082478, 38.325859>,  <26.648315, 37.888363, 38.406891>, 0.100000
	pigment { color rgbt <1,0,0,0> }
	no_shadow
}
cylinder {
	<26.763870, 38.082478, 38.325859>,  <26.956463, 38.406002, 38.190804>, 0.100000
	pigment { color rgbt <1,0,0,0> }
	no_shadow
}

// particle -1
sphere {
	<26.763870, 38.082478, 38.325859> 0.100000
	pigment { color rgbt <1,0,0,0> }
	no_shadow
}
sphere {
	0, 1
	scale<0.080000,0.200000,0.300000>
	matrix <0.290249, -0.510633, -0.809327,
		0.827003, -0.291676, 0.480616,
		-0.481480, -0.808813, 0.337636,
		26.619427, 37.839832, 38.427151>
	pigment { color rgbt <0,1,1,0> }
	no_shadow
}
cylinder {
	<27.397327, 37.615482, 38.314564>,  <26.956463, 38.406002, 38.190804>, 0.130000
	pigment { color rgbt <1,0,0,0> }
	no_shadow
}

// nucleotide -1

// particle -1
sphere {
	<27.397327, 37.615482, 38.314564> 0.250000
	pigment { color rgbt <1,0,0,0> }
	no_shadow
}
cylinder {
	<27.004543, 37.606701, 38.239441>,  <26.768873, 37.601433, 38.194366>, 0.100000
	pigment { color rgbt <1,0,0,0> }
	no_shadow
}
cylinder {
	<27.004543, 37.606701, 38.239441>,  <27.397327, 37.615482, 38.314564>, 0.100000
	pigment { color rgbt <1,0,0,0> }
	no_shadow
}

// particle -1
sphere {
	<27.004543, 37.606701, 38.239441> 0.100000
	pigment { color rgbt <1,0,0,0> }
	no_shadow
}
sphere {
	0, 1
	scale<0.080000,0.200000,0.300000>
	matrix <0.175521, -0.475247, -0.862168,
		-0.070325, -0.879579, 0.470527,
		-0.981961, -0.021956, -0.187806,
		26.709955, 37.600113, 38.183098>
	pigment { color rgbt <0,1,1,0> }
	no_shadow
}
cylinder {
	<27.185333, 37.103848, 38.063953>,  <27.397327, 37.615482, 38.314564>, 0.130000
	pigment { color rgbt <1,0,0,0> }
	no_shadow
}

// nucleotide -1

// particle -1
sphere {
	<27.185333, 37.103848, 38.063953> 0.250000
	pigment { color rgbt <1,0,0,0> }
	no_shadow
}
cylinder {
	<26.908438, 37.322491, 37.875477>,  <26.742300, 37.453678, 37.762390>, 0.100000
	pigment { color rgbt <1,0,0,0> }
	no_shadow
}
cylinder {
	<26.908438, 37.322491, 37.875477>,  <27.185333, 37.103848, 38.063953>, 0.100000
	pigment { color rgbt <1,0,0,0> }
	no_shadow
}

// particle -1
sphere {
	<26.908438, 37.322491, 37.875477> 0.100000
	pigment { color rgbt <1,0,0,0> }
	no_shadow
}
sphere {
	0, 1
	scale<0.080000,0.200000,0.300000>
	matrix <0.275161, -0.403678, -0.872543,
		-0.667152, -0.733661, 0.129035,
		-0.692239, 0.546613, -0.471189,
		26.700766, 37.486473, 37.734119>
	pigment { color rgbt <0,1,1,0> }
	no_shadow
}
cylinder {
	<26.923378, 36.682686, 37.432854>,  <27.185333, 37.103848, 38.063953>, 0.130000
	pigment { color rgbt <1,0,0,0> }
	no_shadow
}

// nucleotide -1

// particle -1
sphere {
	<26.923378, 36.682686, 37.432854> 0.250000
	pigment { color rgbt <1,0,0,0> }
	no_shadow
}
cylinder {
	<26.843697, 37.067898, 37.360310>,  <26.795887, 37.299026, 37.316784>, 0.100000
	pigment { color rgbt <1,0,0,0> }
	no_shadow
}
cylinder {
	<26.843697, 37.067898, 37.360310>,  <26.923378, 36.682686, 37.432854>, 0.100000
	pigment { color rgbt <1,0,0,0> }
	no_shadow
}

// particle -1
sphere {
	<26.843697, 37.067898, 37.360310> 0.100000
	pigment { color rgbt <1,0,0,0> }
	no_shadow
}
sphere {
	0, 1
	scale<0.080000,0.200000,0.300000>
	matrix <-0.003386, -0.185744, -0.982592,
		-0.979952, -0.195124, 0.040262,
		-0.199206, 0.963030, -0.181359,
		26.783936, 37.356808, 37.305901>
	pigment { color rgbt <0,1,1,0> }
	no_shadow
}
cylinder {
	<26.325977, 36.672626, 37.011372>,  <26.923378, 36.682686, 37.432854>, 0.130000
	pigment { color rgbt <1,0,0,0> }
	no_shadow
}

// nucleotide -1

// particle -1
sphere {
	<26.325977, 36.672626, 37.011372> 0.250000
	pigment { color rgbt <1,0,0,0> }
	no_shadow
}
cylinder {
	<26.501234, 37.030769, 36.979443>,  <26.606388, 37.245655, 36.960285>, 0.100000
	pigment { color rgbt <1,0,0,0> }
	no_shadow
}
cylinder {
	<26.501234, 37.030769, 36.979443>,  <26.325977, 36.672626, 37.011372>, 0.100000
	pigment { color rgbt <1,0,0,0> }
	no_shadow
}

// particle -1
sphere {
	<26.501234, 37.030769, 36.979443> 0.100000
	pigment { color rgbt <1,0,0,0> }
	no_shadow
}
sphere {
	0, 1
	scale<0.080000,0.200000,0.300000>
	matrix <-0.118476, -0.030508, -0.992488,
		-0.891065, 0.444306, 0.092712,
		0.438140, 0.895355, -0.079824,
		26.632675, 37.299377, 36.955494>
	pigment { color rgbt <0,1,1,0> }
	no_shadow
}
cylinder {
	<25.849138, 37.056538, 36.643147>,  <26.325977, 36.672626, 37.011372>, 0.130000
	pigment { color rgbt <1,0,0,0> }
	no_shadow
}

// nucleotide -1

// particle -1
sphere {
	<25.849138, 37.056538, 36.643147> 0.250000
	pigment { color rgbt <1,0,0,0> }
	no_shadow
}
cylinder {
	<26.210392, 37.222454, 36.598793>,  <26.427145, 37.322006, 36.572182>, 0.100000
	pigment { color rgbt <1,0,0,0> }
	no_shadow
}
cylinder {
	<26.210392, 37.222454, 36.598793>,  <25.849138, 37.056538, 36.643147>, 0.100000
	pigment { color rgbt <1,0,0,0> }
	no_shadow
}

// particle -1
sphere {
	<26.210392, 37.222454, 36.598793> 0.100000
	pigment { color rgbt <1,0,0,0> }
	no_shadow
}
sphere {
	0, 1
	scale<0.080000,0.200000,0.300000>
	matrix <0.002678, -0.263701, -0.964601,
		-0.429351, 0.870867, -0.239268,
		0.903134, 0.414793, -0.110887,
		26.481333, 37.346893, 36.565525>
	pigment { color rgbt <0,1,1,0> }
	no_shadow
}
cylinder {
	<25.843935, 37.262138, 35.994568>,  <25.849138, 37.056538, 36.643147>, 0.130000
	pigment { color rgbt <1,0,0,0> }
	no_shadow
}

// nucleotide -1

// particle -1
sphere {
	<25.843935, 37.262138, 35.994568> 0.250000
	pigment { color rgbt <1,0,0,0> }
	no_shadow
}
cylinder {
	<26.236012, 37.272930, 36.073055>,  <26.471256, 37.279404, 36.120148>, 0.100000
	pigment { color rgbt <1,0,0,0> }
	no_shadow
}
cylinder {
	<26.236012, 37.272930, 36.073055>,  <25.843935, 37.262138, 35.994568>, 0.100000
	pigment { color rgbt <1,0,0,0> }
	no_shadow
}

// particle -1
sphere {
	<26.236012, 37.272930, 36.073055> 0.100000
	pigment { color rgbt <1,0,0,0> }
	no_shadow
}
sphere {
	0, 1
	scale<0.080000,0.200000,0.300000>
	matrix <0.179799, -0.536737, -0.824370,
		0.083075, 0.843318, -0.530955,
		0.980189, 0.026980, 0.196217,
		26.530067, 37.281025, 36.131920>
	pigment { color rgbt <0,1,1,0> }
	no_shadow
}
cylinder {
	<26.121210, 37.527584, 35.448704>,  <25.843935, 37.262138, 35.994568>, 0.130000
	pigment { color rgbt <1,0,0,0> }
	no_shadow
}

// nucleotide -1

// particle -1
sphere {
	<26.121210, 37.527584, 35.448704> 0.250000
	pigment { color rgbt <1,0,0,0> }
	no_shadow
}
cylinder {
	<26.393234, 37.300125, 35.633812>,  <26.556448, 37.163651, 35.744877>, 0.100000
	pigment { color rgbt <1,0,0,0> }
	no_shadow
}
cylinder {
	<26.393234, 37.300125, 35.633812>,  <26.121210, 37.527584, 35.448704>, 0.100000
	pigment { color rgbt <1,0,0,0> }
	no_shadow
}

// particle -1
sphere {
	<26.393234, 37.300125, 35.633812> 0.100000
	pigment { color rgbt <1,0,0,0> }
	no_shadow
}
sphere {
	0, 1
	scale<0.080000,0.200000,0.300000>
	matrix <0.129483, -0.528127, -0.839235,
		0.721633, 0.630650, -0.285527,
		0.680058, -0.568649, 0.462773,
		26.597252, 37.129532, 35.772644>
	pigment { color rgbt <0,1,1,0> }
	no_shadow
}
cylinder {
	<26.727135, 37.453159, 35.103634>,  <26.121210, 37.527584, 35.448704>, 0.130000
	pigment { color rgbt <1,0,0,0> }
	no_shadow
}

// nucleotide -1

// particle -1
sphere {
	<26.727135, 37.453159, 35.103634> 0.250000
	pigment { color rgbt <1,0,0,0> }
	no_shadow
}
cylinder {
	<26.715342, 37.111340, 35.311050>,  <26.708265, 36.906250, 35.435501>, 0.100000
	pigment { color rgbt <1,0,0,0> }
	no_shadow
}
cylinder {
	<26.715342, 37.111340, 35.311050>,  <26.727135, 37.453159, 35.103634>, 0.100000
	pigment { color rgbt <1,0,0,0> }
	no_shadow
}

// particle -1
sphere {
	<26.715342, 37.111340, 35.311050> 0.100000
	pigment { color rgbt <1,0,0,0> }
	no_shadow
}
sphere {
	0, 1
	scale<0.080000,0.200000,0.300000>
	matrix <0.243513, -0.509274, -0.825434,
		0.969450, 0.101936, 0.223107,
		-0.029481, -0.854546, 0.518539,
		26.706497, 36.854977, 35.466614>
	pigment { color rgbt <0,1,1,0> }
	no_shadow
}
cylinder {
	<27.377501, 37.105701, 35.162220>,  <26.727135, 37.453159, 35.103634>, 0.130000
	pigment { color rgbt <1,0,0,0> }
	no_shadow
}

// nucleotide -1

// particle -1
sphere {
	<27.377501, 37.105701, 35.162220> 0.250000
	pigment { color rgbt <1,0,0,0> }
	no_shadow
}
cylinder {
	<27.070681, 36.850075, 35.184967>,  <26.886589, 36.696701, 35.198616>, 0.100000
	pigment { color rgbt <1,0,0,0> }
	no_shadow
}
cylinder {
	<27.070681, 36.850075, 35.184967>,  <27.377501, 37.105701, 35.162220>, 0.100000
	pigment { color rgbt <1,0,0,0> }
	no_shadow
}

// particle -1
sphere {
	<27.070681, 36.850075, 35.184967> 0.100000
	pigment { color rgbt <1,0,0,0> }
	no_shadow
}
sphere {
	0, 1
	scale<0.080000,0.200000,0.300000>
	matrix <0.316224, -0.453695, -0.833165,
		0.558247, -0.621094, 0.550094,
		-0.767048, -0.639064, 0.056869,
		26.840567, 36.658356, 35.202026>
	pigment { color rgbt <0,1,1,0> }
	no_shadow
}
cylinder {
	<27.680393, 37.046066, 34.460396>,  <27.377501, 37.105701, 35.162220>, 0.130000
	pigment { color rgbt <1,0,0,0> }
	no_shadow
}

// nucleotide -1

// particle -1
sphere {
	<27.680393, 37.046066, 34.460396> 0.250000
	pigment { color rgbt <1,0,0,0> }
	no_shadow
}
cylinder {
	<27.483921, 37.333466, 34.263420>,  <27.366037, 37.505905, 34.145233>, 0.100000
	pigment { color rgbt <1,0,0,0> }
	no_shadow
}
cylinder {
	<27.483921, 37.333466, 34.263420>,  <27.680393, 37.046066, 34.460396>, 0.100000
	pigment { color rgbt <1,0,0,0> }
	no_shadow
}

// particle -1
sphere {
	<27.483921, 37.333466, 34.263420> 0.100000
	pigment { color rgbt <1,0,0,0> }
	no_shadow
}
sphere {
	0, 1
	scale<0.080000,0.200000,0.300000>
	matrix <0.563916, 0.693172, 0.448901,
		0.663882, -0.057204, -0.745646,
		-0.491182, 0.718499, -0.492442,
		27.336567, 37.549015, 34.115688>
	pigment { color rgbt <0,1,1,0> }
	no_shadow
}
cylinder {
	<28.122332, 37.514278, 34.067787>,  <27.680393, 37.046066, 34.460396>, 0.130000
	pigment { color rgbt <1,0,0,0> }
	no_shadow
}

// nucleotide -1

// particle -1
sphere {
	<28.122332, 37.514278, 34.067787> 0.250000
	pigment { color rgbt <1,0,0,0> }
	no_shadow
}
cylinder {
	<27.791128, 37.667389, 34.231682>,  <27.592405, 37.759254, 34.330017>, 0.100000
	pigment { color rgbt <1,0,0,0> }
	no_shadow
}
cylinder {
	<27.791128, 37.667389, 34.231682>,  <28.122332, 37.514278, 34.067787>, 0.100000
	pigment { color rgbt <1,0,0,0> }
	no_shadow
}

// particle -1
sphere {
	<27.791128, 37.667389, 34.231682> 0.100000
	pigment { color rgbt <1,0,0,0> }
	no_shadow
}
sphere {
	0, 1
	scale<0.080000,0.200000,0.300000>
	matrix <0.547023, 0.711948, 0.440335,
		-0.123160, 0.588736, -0.798888,
		-0.828008, 0.382778, 0.409736,
		27.542727, 37.782223, 34.354603>
	pigment { color rgbt <0,1,1,0> }
	no_shadow
}
cylinder {
	<27.972296, 38.267872, 33.778244>,  <28.122332, 37.514278, 34.067787>, 0.130000
	pigment { color rgbt <1,0,0,0> }
	no_shadow
}

// nucleotide -1

// particle -1
sphere {
	<27.972296, 38.267872, 33.778244> 0.250000
	pigment { color rgbt <1,0,0,0> }
	no_shadow
}
cylinder {
	<28.032066, 38.514553, 33.469090>,  <28.067928, 38.662563, 33.283596>, 0.100000
	pigment { color rgbt <1,0,0,0> }
	no_shadow
}
cylinder {
	<28.032066, 38.514553, 33.469090>,  <27.972296, 38.267872, 33.778244>, 0.100000
	pigment { color rgbt <1,0,0,0> }
	no_shadow
}

// particle -1
sphere {
	<28.032066, 38.514553, 33.469090> 0.100000
	pigment { color rgbt <1,0,0,0> }
	no_shadow
}
sphere {
	0, 1
	scale<0.080000,0.200000,0.300000>
	matrix <-0.322003, -0.708698, -0.627743,
		-0.934872, 0.342672, 0.092683,
		0.149426, 0.616703, -0.772883,
		28.076895, 38.699566, 33.237225>
	pigment { color rgbt <0,1,1,0> }
	no_shadow
}
cylinder {
	<27.419394, 38.384300, 33.165909>,  <27.972296, 38.267872, 33.778244>, 0.130000
	pigment { color rgbt <1,0,0,0> }
	no_shadow
}

// nucleotide -1

// particle -1
sphere {
	<27.419394, 38.384300, 33.165909> 0.250000
	pigment { color rgbt <1,0,0,0> }
	no_shadow
}
cylinder {
	<27.783915, 38.393658, 33.001480>,  <28.002628, 38.399273, 32.902824>, 0.100000
	pigment { color rgbt <1,0,0,0> }
	no_shadow
}
cylinder {
	<27.783915, 38.393658, 33.001480>,  <27.419394, 38.384300, 33.165909>, 0.100000
	pigment { color rgbt <1,0,0,0> }
	no_shadow
}

// particle -1
sphere {
	<27.783915, 38.393658, 33.001480> 0.100000
	pigment { color rgbt <1,0,0,0> }
	no_shadow
}
sphere {
	0, 1
	scale<0.080000,0.200000,0.300000>
	matrix <-0.202955, -0.843145, -0.497911,
		-0.358236, 0.537177, -0.763615,
		0.911305, 0.023390, -0.411068,
		28.057306, 38.400673, 32.878159>
	pigment { color rgbt <0,1,1,0> }
	no_shadow
}
cylinder {
	<27.375494, 38.350761, 32.482006>,  <27.419394, 38.384300, 33.165909>, 0.130000
	pigment { color rgbt <1,0,0,0> }
	no_shadow
}

// nucleotide -1

// particle -1
sphere {
	<27.375494, 38.350761, 32.482006> 0.250000
	pigment { color rgbt <1,0,0,0> }
	no_shadow
}
cylinder {
	<27.724859, 38.177944, 32.571880>,  <27.934479, 38.074253, 32.625805>, 0.100000
	pigment { color rgbt <1,0,0,0> }
	no_shadow
}
cylinder {
	<27.724859, 38.177944, 32.571880>,  <27.375494, 38.350761, 32.482006>, 0.100000
	pigment { color rgbt <1,0,0,0> }
	no_shadow
}

// particle -1
sphere {
	<27.724859, 38.177944, 32.571880> 0.100000
	pigment { color rgbt <1,0,0,0> }
	no_shadow
}
sphere {
	0, 1
	scale<0.080000,0.200000,0.300000>
	matrix <-0.203059, -0.742480, -0.638350,
		0.442621, 0.511920, -0.736223,
		0.873415, -0.432044, 0.224687,
		27.986883, 38.048332, 32.639286>
	pigment { color rgbt <0,1,1,0> }
	no_shadow
}
cylinder {
	<27.497297, 37.948483, 31.898382>,  <27.375494, 38.350761, 32.482006>, 0.130000
	pigment { color rgbt <1,0,0,0> }
	no_shadow
}

// nucleotide -1

// particle -1
sphere {
	<27.497297, 37.948483, 31.898382> 0.250000
	pigment { color rgbt <1,0,0,0> }
	no_shadow
}
cylinder {
	<27.807241, 37.826355, 32.119785>,  <27.993208, 37.753078, 32.252628>, 0.100000
	pigment { color rgbt <1,0,0,0> }
	no_shadow
}
cylinder {
	<27.807241, 37.826355, 32.119785>,  <27.497297, 37.948483, 31.898382>, 0.100000
	pigment { color rgbt <1,0,0,0> }
	no_shadow
}

// particle -1
sphere {
	<27.807241, 37.826355, 32.119785> 0.100000
	pigment { color rgbt <1,0,0,0> }
	no_shadow
}
sphere {
	0, 1
	scale<0.080000,0.200000,0.300000>
	matrix <-0.058026, -0.906279, -0.418679,
		0.629465, 0.292299, -0.719955,
		0.774859, -0.305320, 0.553510,
		28.039700, 37.734760, 32.285839>
	pigment { color rgbt <0,1,1,0> }
	no_shadow
}
cylinder {
	<28.073458, 37.816307, 31.505323>,  <27.497297, 37.948483, 31.898382>, 0.130000
	pigment { color rgbt <1,0,0,0> }
	no_shadow
}

// nucleotide -1

// particle -1
sphere {
	<28.073458, 37.816307, 31.505323> 0.250000
	pigment { color rgbt <1,0,0,0> }
	no_shadow
}
cylinder {
	<28.091047, 37.584965, 31.831163>,  <28.101601, 37.446159, 32.026669>, 0.100000
	pigment { color rgbt <1,0,0,0> }
	no_shadow
}
cylinder {
	<28.091047, 37.584965, 31.831163>,  <28.073458, 37.816307, 31.505323>, 0.100000
	pigment { color rgbt <1,0,0,0> }
	no_shadow
}

// particle -1
sphere {
	<28.091047, 37.584965, 31.831163> 0.100000
	pigment { color rgbt <1,0,0,0> }
	no_shadow
}
sphere {
	0, 1
	scale<0.080000,0.200000,0.300000>
	matrix <-0.068042, -0.815227, -0.575131,
		0.996713, -0.030136, -0.075201,
		0.043974, -0.578357, 0.814598,
		28.104239, 37.411457, 32.075542>
	pigment { color rgbt <0,1,1,0> }
	no_shadow
}
cylinder {
	<28.668447, 37.257290, 31.530771>,  <28.073458, 37.816307, 31.505323>, 0.130000
	pigment { color rgbt <1,0,0,0> }
	no_shadow
}

// nucleotide -1

// particle -1
sphere {
	<28.668447, 37.257290, 31.530771> 0.250000
	pigment { color rgbt <1,0,0,0> }
	no_shadow
}
cylinder {
	<28.368032, 37.130783, 31.762604>,  <28.187784, 37.054878, 31.901703>, 0.100000
	pigment { color rgbt <1,0,0,0> }
	no_shadow
}
cylinder {
	<28.368032, 37.130783, 31.762604>,  <28.668447, 37.257290, 31.530771>, 0.100000
	pigment { color rgbt <1,0,0,0> }
	no_shadow
}

// particle -1
sphere {
	<28.368032, 37.130783, 31.762604> 0.100000
	pigment { color rgbt <1,0,0,0> }
	no_shadow
}
sphere {
	0, 1
	scale<0.080000,0.200000,0.300000>
	matrix <0.023554, -0.890085, -0.455186,
		0.659839, -0.328210, 0.675937,
		-0.751038, -0.316270, 0.579582,
		28.142721, 37.035900, 31.936478>
	pigment { color rgbt <0,1,1,0> }
	no_shadow
}
cylinder {
	<28.897444, 36.670090, 31.686737>,  <28.668447, 37.257290, 31.530771>, 0.130000
	pigment { color rgbt <1,0,0,0> }
	no_shadow
}

// nucleotide -1

// particle -1
sphere {
	<28.897444, 36.670090, 31.686737> 0.250000
	pigment { color rgbt <1,0,0,0> }
	no_shadow
}
cylinder {
	<28.501871, 36.661942, 31.745518>,  <28.264526, 36.657051, 31.780787>, 0.100000
	pigment { color rgbt <1,0,0,0> }
	no_shadow
}
cylinder {
	<28.501871, 36.661942, 31.745518>,  <28.897444, 36.670090, 31.686737>, 0.100000
	pigment { color rgbt <1,0,0,0> }
	no_shadow
}

// particle -1
sphere {
	<28.501871, 36.661942, 31.745518> 0.100000
	pigment { color rgbt <1,0,0,0> }
	no_shadow
}
sphere {
	0, 1
	scale<0.080000,0.200000,0.300000>
	matrix <-0.036194, -0.927469, -0.372145,
		0.143875, -0.373346, 0.916468,
		-0.988934, -0.020372, 0.146952,
		28.205191, 36.655830, 31.789604>
	pigment { color rgbt <0,1,1,0> }
	no_shadow
}
cylinder {
	<28.711378, 36.115612, 32.163898>,  <28.897444, 36.670090, 31.686737>, 0.130000
	pigment { color rgbt <1,0,0,0> }
	no_shadow
}

// nucleotide -1

// particle -1
sphere {
	<28.711378, 36.115612, 32.163898> 0.250000
	pigment { color rgbt <1,0,0,0> }
	no_shadow
}
cylinder {
	<28.393173, 36.191765, 31.933798>,  <28.202250, 36.237457, 31.795738>, 0.100000
	pigment { color rgbt <1,0,0,0> }
	no_shadow
}
cylinder {
	<28.393173, 36.191765, 31.933798>,  <28.711378, 36.115612, 32.163898>, 0.100000
	pigment { color rgbt <1,0,0,0> }
	no_shadow
}

// particle -1
sphere {
	<28.393173, 36.191765, 31.933798> 0.100000
	pigment { color rgbt <1,0,0,0> }
	no_shadow
}
sphere {
	0, 1
	scale<0.080000,0.200000,0.300000>
	matrix <-0.041890, -0.964367, -0.261231,
		-0.604487, -0.183716, 0.775141,
		-0.795513, 0.190382, -0.575251,
		28.154520, 36.248878, 31.761223>
	pigment { color rgbt <0,1,1,0> }
	no_shadow
}
cylinder {
	<28.167408, 35.680119, 32.280163>,  <28.711378, 36.115612, 32.163898>, 0.130000
	pigment { color rgbt <1,0,0,0> }
	no_shadow
}

// nucleotide -1

// particle -1
sphere {
	<28.167408, 35.680119, 32.280163> 0.250000
	pigment { color rgbt <1,0,0,0> }
	no_shadow
}
cylinder {
	<28.193514, 35.785137, 31.895081>,  <28.209177, 35.848148, 31.664030>, 0.100000
	pigment { color rgbt <1,0,0,0> }
	no_shadow
}
cylinder {
	<28.193514, 35.785137, 31.895081>,  <28.167408, 35.680119, 32.280163>, 0.100000
	pigment { color rgbt <1,0,0,0> }
	no_shadow
}

// particle -1
sphere {
	<28.193514, 35.785137, 31.895081> 0.100000
	pigment { color rgbt <1,0,0,0> }
	no_shadow
}
sphere {
	0, 1
	scale<0.080000,0.200000,0.300000>
	matrix <0.075000, -0.963327, -0.257633,
		-0.995045, -0.055390, -0.082561,
		0.065263, 0.262549, -0.962709,
		28.213093, 35.863903, 31.606268>
	pigment { color rgbt <0,1,1,0> }
	no_shadow
}
cylinder {
	<27.807898, 35.159027, 31.892212>,  <28.167408, 35.680119, 32.280163>, 0.130000
	pigment { color rgbt <1,0,0,0> }
	no_shadow
}

// nucleotide -1

// particle -1
sphere {
	<27.807898, 35.159027, 31.892212> 0.250000
	pigment { color rgbt <1,0,0,0> }
	no_shadow
}
cylinder {
	<28.033861, 35.345127, 31.619619>,  <28.169439, 35.456787, 31.456064>, 0.100000
	pigment { color rgbt <1,0,0,0> }
	no_shadow
}
cylinder {
	<28.033861, 35.345127, 31.619619>,  <27.807898, 35.159027, 31.892212>, 0.100000
	pigment { color rgbt <1,0,0,0> }
	no_shadow
}

// particle -1
sphere {
	<28.033861, 35.345127, 31.619619> 0.100000
	pigment { color rgbt <1,0,0,0> }
	no_shadow
}
sphere {
	0, 1
	scale<0.080000,0.200000,0.300000>
	matrix <0.100153, -0.858439, -0.503043,
		-0.819052, 0.215921, -0.531537,
		0.564910, 0.465253, -0.681481,
		28.203335, 35.484703, 31.415174>
	pigment { color rgbt <0,1,1,0> }
	no_shadow
}
cylinder {
	<27.410034, 35.284554, 31.201902>,  <27.807898, 35.159027, 31.892212>, 0.130000
	pigment { color rgbt <1,0,0,0> }
	no_shadow
}

// nucleotide -1

// particle -1
sphere {
	<27.410034, 35.284554, 31.201902> 0.250000
	pigment { color rgbt <1,0,0,0> }
	no_shadow
}
cylinder {
	<27.803213, 35.214420, 31.224072>,  <28.039120, 35.172340, 31.237373>, 0.100000
	pigment { color rgbt <1,0,0,0> }
	no_shadow
}
cylinder {
	<27.803213, 35.214420, 31.224072>,  <27.410034, 35.284554, 31.201902>, 0.100000
	pigment { color rgbt <1,0,0,0> }
	no_shadow
}

// particle -1
sphere {
	<27.803213, 35.214420, 31.224072> 0.100000
	pigment { color rgbt <1,0,0,0> }
	no_shadow
}
sphere {
	0, 1
	scale<0.080000,0.200000,0.300000>
	matrix <-0.130629, -0.877933, -0.460619,
		0.129418, 0.445525, -0.885866,
		0.982948, -0.175332, 0.055422,
		28.098097, 35.161819, 31.240698>
	pigment { color rgbt <0,1,1,0> }
	no_shadow
}
cylinder {
	<27.270824, 36.118252, 30.913929>,  <27.410034, 35.284554, 31.201902>, 0.130000
	pigment { color rgbt <1,0,0,0> }
	no_shadow
}

// nucleotide -1

// particle -1
sphere {
	<27.270824, 36.118252, 30.913929> 0.250000
	pigment { color rgbt <1,0,0,0> }
	no_shadow
}
cylinder {
	<27.475180, 36.023521, 31.244482>,  <27.597794, 35.966682, 31.442814>, 0.100000
	pigment { color rgbt <1,0,0,0> }
	no_shadow
}
cylinder {
	<27.475180, 36.023521, 31.244482>,  <27.270824, 36.118252, 30.913929>, 0.100000
	pigment { color rgbt <1,0,0,0> }
	no_shadow
}

// particle -1
sphere {
	<27.475180, 36.023521, 31.244482> 0.100000
	pigment { color rgbt <1,0,0,0> }
	no_shadow
}
sphere {
	0, 1
	scale<0.080000,0.200000,0.300000>
	matrix <0.020695, 0.964415, 0.263584,
		-0.859398, -0.117560, 0.497609,
		0.510889, -0.236821, 0.826383,
		27.628447, 35.952477, 31.492397>
	pigment { color rgbt <0,1,1,0> }
	no_shadow
}
cylinder {
	<26.938471, 36.569363, 31.411455>,  <27.270824, 36.118252, 30.913929>, 0.130000
	pigment { color rgbt <1,0,0,0> }
	no_shadow
}

// nucleotide -1

// particle -1
sphere {
	<26.938471, 36.569363, 31.411455> 0.250000
	pigment { color rgbt <1,0,0,0> }
	no_shadow
}
cylinder {
	<27.298277, 36.463665, 31.550623>,  <27.514160, 36.400246, 31.634123>, 0.100000
	pigment { color rgbt <1,0,0,0> }
	no_shadow
}
cylinder {
	<27.298277, 36.463665, 31.550623>,  <26.938471, 36.569363, 31.411455>, 0.100000
	pigment { color rgbt <1,0,0,0> }
	no_shadow
}

// particle -1
sphere {
	<27.298277, 36.463665, 31.550623> 0.100000
	pigment { color rgbt <1,0,0,0> }
	no_shadow
}
sphere {
	0, 1
	scale<0.080000,0.200000,0.300000>
	matrix <0.099932, 0.899688, 0.424942,
		-0.425307, -0.347474, 0.835689,
		0.899515, -0.264243, 0.347920,
		27.568132, 36.384392, 31.654999>
	pigment { color rgbt <0,1,1,0> }
	no_shadow
}
cylinder {
	<26.943140, 36.889122, 32.040634>,  <26.938471, 36.569363, 31.411455>, 0.130000
	pigment { color rgbt <1,0,0,0> }
	no_shadow
}

// nucleotide -1

// particle -1
sphere {
	<26.943140, 36.889122, 32.040634> 0.250000
	pigment { color rgbt <1,0,0,0> }
	no_shadow
}
cylinder {
	<27.323736, 36.782894, 31.978487>,  <27.552094, 36.719158, 31.941198>, 0.100000
	pigment { color rgbt <1,0,0,0> }
	no_shadow
}
cylinder {
	<27.323736, 36.782894, 31.978487>,  <26.943140, 36.889122, 32.040634>, 0.100000
	pigment { color rgbt <1,0,0,0> }
	no_shadow
}

// particle -1
sphere {
	<27.323736, 36.782894, 31.978487> 0.100000
	pigment { color rgbt <1,0,0,0> }
	no_shadow
}
sphere {
	0, 1
	scale<0.080000,0.200000,0.300000>
	matrix <0.300836, 0.697074, 0.650834,
		-0.064538, -0.666003, 0.743152,
		0.951490, -0.265571, -0.155370,
		27.609182, 36.703224, 31.931875>
	pigment { color rgbt <0,1,1,0> }
	no_shadow
}
cylinder {
	<27.222330, 36.818989, 32.747929>,  <26.943140, 36.889122, 32.040634>, 0.130000
	pigment { color rgbt <1,0,0,0> }
	no_shadow
}

// nucleotide -1

// particle -1
sphere {
	<27.222330, 36.818989, 32.747929> 0.250000
	pigment { color rgbt <1,0,0,0> }
	no_shadow
}
cylinder {
	<27.531282, 36.852676, 32.496109>,  <27.716654, 36.872890, 32.345016>, 0.100000
	pigment { color rgbt <1,0,0,0> }
	no_shadow
}
cylinder {
	<27.531282, 36.852676, 32.496109>,  <27.222330, 36.818989, 32.747929>, 0.100000
	pigment { color rgbt <1,0,0,0> }
	no_shadow
}

// particle -1
sphere {
	<27.531282, 36.852676, 32.496109> 0.100000
	pigment { color rgbt <1,0,0,0> }
	no_shadow
}
sphere {
	0, 1
	scale<0.080000,0.200000,0.300000>
	matrix <0.414509, 0.684170, 0.600078,
		0.481261, -0.724444, 0.493528,
		0.772379, 0.084222, -0.629553,
		27.762997, 36.877945, 32.307243>
	pigment { color rgbt <0,1,1,0> }
	no_shadow
}
cylinder {
	<27.859913, 36.701397, 33.132004>,  <27.222330, 36.818989, 32.747929>, 0.130000
	pigment { color rgbt <1,0,0,0> }
	no_shadow
}

// nucleotide -1

// particle -1
sphere {
	<27.859913, 36.701397, 33.132004> 0.250000
	pigment { color rgbt <1,0,0,0> }
	no_shadow
}
cylinder {
	<27.944460, 36.925571, 32.811695>,  <27.995188, 37.060074, 32.619511>, 0.100000
	pigment { color rgbt <1,0,0,0> }
	no_shadow
}
cylinder {
	<27.944460, 36.925571, 32.811695>,  <27.859913, 36.701397, 33.132004>, 0.100000
	pigment { color rgbt <1,0,0,0> }
	no_shadow
}

// particle -1
sphere {
	<27.944460, 36.925571, 32.811695> 0.100000
	pigment { color rgbt <1,0,0,0> }
	no_shadow
}
sphere {
	0, 1
	scale<0.080000,0.200000,0.300000>
	matrix <0.489294, 0.648564, 0.583058,
		0.846118, -0.515053, -0.137132,
		0.211367, 0.560433, -0.800774,
		28.007870, 37.093700, 32.571465>
	pigment { color rgbt <0,1,1,0> }
	no_shadow
}
cylinder {
	<28.644264, 36.930801, 33.146217>,  <27.859913, 36.701397, 33.132004>, 0.130000
	pigment { color rgbt <1,0,0,0> }
	no_shadow
}

// nucleotide -1

// particle -1
sphere {
	<28.644264, 36.930801, 33.146217> 0.250000
	pigment { color rgbt <1,0,0,0> }
	no_shadow
}
cylinder {
	<28.425333, 37.187244, 32.931030>,  <28.293974, 37.341110, 32.801918>, 0.100000
	pigment { color rgbt <1,0,0,0> }
	no_shadow
}
cylinder {
	<28.425333, 37.187244, 32.931030>,  <28.644264, 36.930801, 33.146217>, 0.100000
	pigment { color rgbt <1,0,0,0> }
	no_shadow
}

// particle -1
sphere {
	<28.425333, 37.187244, 32.931030> 0.100000
	pigment { color rgbt <1,0,0,0> }
	no_shadow
}
sphere {
	0, 1
	scale<0.080000,0.200000,0.300000>
	matrix <0.507418, 0.765382, 0.395875,
		0.665552, -0.056303, -0.744225,
		-0.547328, 0.641109, -0.537970,
		28.261135, 37.379578, 32.769638>
	pigment { color rgbt <0,1,1,0> }
	no_shadow
}
cylinder {
	<29.113543, 37.403313, 32.814339>,  <28.644264, 36.930801, 33.146217>, 0.130000
	pigment { color rgbt <1,0,0,0> }
	no_shadow
}

// nucleotide -1

// particle -1
sphere {
	<29.113543, 37.403313, 32.814339> 0.250000
	pigment { color rgbt <1,0,0,0> }
	no_shadow
}
cylinder {
	<28.772308, 37.611782, 32.804344>,  <28.567568, 37.736862, 32.798347>, 0.100000
	pigment { color rgbt <1,0,0,0> }
	no_shadow
}
cylinder {
	<28.772308, 37.611782, 32.804344>,  <29.113543, 37.403313, 32.814339>, 0.100000
	pigment { color rgbt <1,0,0,0> }
	no_shadow
}

// particle -1
sphere {
	<28.772308, 37.611782, 32.804344> 0.100000
	pigment { color rgbt <1,0,0,0> }
	no_shadow
}
sphere {
	0, 1
	scale<0.080000,0.200000,0.300000>
	matrix <0.482135, 0.805681, 0.344129,
