// switches for output
#declare DRAW_BASES = 1; // possible values are 0, 1; only relevant for DNA ribbons
#declare DRAW_BASES_TYPE = 3; // possible values are 1, 2, 3; only relevant for DNA ribbons
#declare DRAW_FOG = 0; // set to 1 to enable fog

#include "colors.inc"

#include "transforms.inc"
background { rgb <1, 1, 1>}

#default {
   normal{
       ripples 0.25
       frequency 0.20
       turbulence 0.2
       lambda 5
   }
	finish {
		phong 0.1
		phong_size 40.
	}
}

// original window dimensions: 1024x640


// camera settings

camera {
	sky <0, 0.179814, -0.983701>
	up <0, 0.179814, -0.983701>
	right 1.6 * <1, 0, 0>
	location <35, 94.9851, 44.8844>
	look_at <35, 29.7336, 32.9568>
	direction <0, -65.2515, -11.9276>
	angle 67.0682
}


# declare cpy_camera_pos = <35, 94.9851, 44.8844>;
# if (DRAW_FOG = 1)
fog {
	fog_type 2
	up vnormalize(cpy_camera_pos)
	color rgbt<1,1,1,0.3>
	distance 1e-5
	fog_alt 3e-3
	fog_offset 56
}
# end


// LIGHTS

# declare lum = 6;
global_settings {
	ambient_light rgb lum * <0.05, 0.05, 0.05>
	max_trace_level 15
}# declare cpy_direct_light_amount = 0.25;
light_source
{	1000 * <-1, -1.16352, -0.803886>,
	rgb lum * cpy_direct_light_amount
	parallel
}

light_source
{	1000 * <1, 1.16352, 0.803886>,
	rgb lum * cpy_direct_light_amount
	parallel
}

// strand 0

// nucleotide -1

// particle -1
sphere {
	<23.939871, 34.729263, 34.962513> 0.250000
	pigment { color rgbt <1,0,0,0> }
	no_shadow
}
cylinder {
	<24.223089, 34.982037, 35.088581>,  <24.393021, 35.133701, 35.164223>, 0.100000
	pigment { color rgbt <1,0,0,0> }
	no_shadow
}
cylinder {
	<24.223089, 34.982037, 35.088581>,  <23.939871, 34.729263, 34.962513>, 0.100000
	pigment { color rgbt <1,0,0,0> }
	no_shadow
}

// particle -1
sphere {
	<24.223089, 34.982037, 35.088581> 0.100000
	pigment { color rgbt <1,0,0,0> }
	no_shadow
}
sphere {
	0, 1
	scale<0.080000,0.200000,0.300000>
	matrix <-0.384342, 0.719276, -0.578726,
		-0.592410, 0.288632, 0.752158,
		0.708048, 0.631929, 0.315173,
		24.435503, 35.171616, 35.183132>
	pigment { color rgbt <0,1,1,0> }
	no_shadow
}
cylinder {
	<24.294374, 34.309765, 34.369457>,  <23.939871, 34.729263, 34.962513>, 0.130000
	pigment { color rgbt <1,0,0,0> }
	no_shadow
}

// nucleotide -1

// particle -1
sphere {
	<24.294374, 34.309765, 34.369457> 0.250000
	pigment { color rgbt <1,0,0,0> }
	no_shadow
}
cylinder {
	<24.585443, 34.583931, 34.380062>,  <24.760084, 34.748428, 34.386425>, 0.100000
	pigment { color rgbt <1,0,0,0> }
	no_shadow
}
cylinder {
	<24.585443, 34.583931, 34.380062>,  <24.294374, 34.309765, 34.369457>, 0.100000
	pigment { color rgbt <1,0,0,0> }
	no_shadow
}

// particle -1
sphere {
	<24.585443, 34.583931, 34.380062> 0.100000
	pigment { color rgbt <1,0,0,0> }
	no_shadow
}
sphere {
	0, 1
	scale<0.080000,0.200000,0.300000>
	matrix <0.561093, -0.617027, 0.551773,
		0.394548, -0.386636, -0.833573,
		0.727672, 0.685413, 0.026508,
		24.803745, 34.789555, 34.388016>
	pigment { color rgbt <0,1,1,0> }
	no_shadow
}
cylinder {
	<24.956335, 34.061119, 34.095596>,  <24.294374, 34.309765, 34.369457>, 0.130000
	pigment { color rgbt <1,0,0,0> }
	no_shadow
}

// nucleotide -1

// particle -1
sphere {
	<24.956335, 34.061119, 34.095596> 0.250000
	pigment { color rgbt <1,0,0,0> }
	no_shadow
}
cylinder {
	<25.016695, 34.364555, 34.349136>,  <25.052912, 34.546616, 34.501259>, 0.100000
	pigment { color rgbt <1,0,0,0> }
	no_shadow
}
cylinder {
	<25.016695, 34.364555, 34.349136>,  <24.956335, 34.061119, 34.095596>, 0.100000
	pigment { color rgbt <1,0,0,0> }
	no_shadow
}

// particle -1
sphere {
	<25.016695, 34.364555, 34.349136> 0.100000
	pigment { color rgbt <1,0,0,0> }
	no_shadow
}
sphere {
	0, 1
	scale<0.080000,0.200000,0.300000>
	matrix <0.624463, -0.570213, 0.533763,
		0.766338, 0.315271, -0.559759,
		0.150902, 0.758592, 0.633851,
		25.061966, 34.592133, 34.539291>
	pigment { color rgbt <0,1,1,0> }
	no_shadow
}
cylinder {
	<25.596619, 34.289780, 34.085327>,  <24.956335, 34.061119, 34.095596>, 0.130000
	pigment { color rgbt <1,0,0,0> }
	no_shadow
}

// nucleotide -1

// particle -1
sphere {
	<25.596619, 34.289780, 34.085327> 0.250000
	pigment { color rgbt <1,0,0,0> }
	no_shadow
}
cylinder {
	<25.471455, 34.370640, 34.456535>,  <25.396357, 34.419155, 34.679260>, 0.100000
	pigment { color rgbt <1,0,0,0> }
	no_shadow
}
cylinder {
	<25.471455, 34.370640, 34.456535>,  <25.596619, 34.289780, 34.085327>, 0.100000
	pigment { color rgbt <1,0,0,0> }
	no_shadow
}

// particle -1
sphere {
	<25.471455, 34.370640, 34.456535> 0.100000
	pigment { color rgbt <1,0,0,0> }
	no_shadow
}
sphere {
	0, 1
	scale<0.080000,0.200000,0.300000>
	matrix <0.879802, -0.306416, 0.363399,
		0.357822, 0.930185, -0.081974,
		-0.312910, 0.202153, 0.928020,
		25.377583, 34.431286, 34.734940>
	pigment { color rgbt <0,1,1,0> }
	no_shadow
}
cylinder {
	<26.100281, 34.762794, 34.088997>,  <25.596619, 34.289780, 34.085327>, 0.130000
	pigment { color rgbt <1,0,0,0> }
	no_shadow
}

// nucleotide -1

// particle -1
sphere {
	<26.100281, 34.762794, 34.088997> 0.250000
	pigment { color rgbt <1,0,0,0> }
	no_shadow
}
cylinder {
	<26.077835, 34.449718, 33.841045>,  <26.064367, 34.261871, 33.692276>, 0.100000
	pigment { color rgbt <1,0,0,0> }
	no_shadow
}
cylinder {
	<26.077835, 34.449718, 33.841045>,  <26.100281, 34.762794, 34.088997>, 0.100000
	pigment { color rgbt <1,0,0,0> }
	no_shadow
}

// particle -1
sphere {
	<26.077835, 34.449718, 33.841045> 0.100000
	pigment { color rgbt <1,0,0,0> }
	no_shadow
}
sphere {
	0, 1
	scale<0.080000,0.200000,0.300000>
	matrix <0.593658, 0.473027, -0.651011,
		0.802758, -0.404527, 0.438106,
		-0.056115, -0.782690, -0.619877,
		26.061001, 34.214912, 33.655083>
	pigment { color rgbt <0,1,1,0> }
	no_shadow
}
cylinder {
	<26.817432, 34.607521, 33.879353>,  <26.100281, 34.762794, 34.088997>, 0.130000
	pigment { color rgbt <1,0,0,0> }
	no_shadow
}

// nucleotide -1

// particle -1
sphere {
	<26.817432, 34.607521, 33.879353> 0.250000
	pigment { color rgbt <1,0,0,0> }
	no_shadow
}
cylinder {
	<26.560036, 34.473549, 33.604038>,  <26.405598, 34.393166, 33.438850>, 0.100000
	pigment { color rgbt <1,0,0,0> }
	no_shadow
}
cylinder {
	<26.560036, 34.473549, 33.604038>,  <26.817432, 34.607521, 33.879353>, 0.100000
	pigment { color rgbt <1,0,0,0> }
	no_shadow
}

// particle -1
sphere {
	<26.560036, 34.473549, 33.604038> 0.100000
	pigment { color rgbt <1,0,0,0> }
	no_shadow
}
sphere {
	0, 1
	scale<0.080000,0.200000,0.300000>
	matrix <0.541572, 0.436239, -0.718607,
		0.540944, -0.835173, -0.099325,
		-0.643491, -0.334934, -0.688287,
		26.366989, 34.373070, 33.397552>
	pigment { color rgbt <0,1,1,0> }
	no_shadow
}
cylinder {
	<26.820568, 35.253262, 33.425484>,  <26.817432, 34.607521, 33.879353>, 0.130000
	pigment { color rgbt <1,0,0,0> }
	no_shadow
}

// nucleotide -1

// particle -1
sphere {
	<26.820568, 35.253262, 33.425484> 0.250000
	pigment { color rgbt <1,0,0,0> }
	no_shadow
}
cylinder {
	<27.146133, 35.048973, 33.314705>,  <27.341473, 34.926399, 33.248238>, 0.100000
	pigment { color rgbt <1,0,0,0> }
	no_shadow
}
cylinder {
	<27.146133, 35.048973, 33.314705>,  <26.820568, 35.253262, 33.425484>, 0.100000
	pigment { color rgbt <1,0,0,0> }
	no_shadow
}

// particle -1
sphere {
	<27.146133, 35.048973, 33.314705> 0.100000
	pigment { color rgbt <1,0,0,0> }
	no_shadow
}
sphere {
	0, 1
	scale<0.080000,0.200000,0.300000>
	matrix <-0.199411, 0.202159, -0.958836,
		0.545690, 0.835638, 0.062696,
		0.813915, -0.510725, -0.276951,
		27.390308, 34.895756, 33.231621>
	pigment { color rgbt <0,1,1,0> }
	no_shadow
}
cylinder {
	<27.220934, 35.662071, 32.790890>,  <26.820568, 35.253262, 33.425484>, 0.130000
	pigment { color rgbt <1,0,0,0> }
	no_shadow
}

// nucleotide -1

// particle -1
sphere {
	<27.220934, 35.662071, 32.790890> 0.250000
	pigment { color rgbt <1,0,0,0> }
	no_shadow
}
cylinder {
	<27.315641, 35.273945, 32.810570>,  <27.372467, 35.041069, 32.822380>, 0.100000
	pigment { color rgbt <1,0,0,0> }
	no_shadow
}
cylinder {
	<27.315641, 35.273945, 32.810570>,  <27.220934, 35.662071, 32.790890>, 0.100000
	pigment { color rgbt <1,0,0,0> }
	no_shadow
}

// particle -1
sphere {
	<27.315641, 35.273945, 32.810570> 0.100000
	pigment { color rgbt <1,0,0,0> }
	no_shadow
}
sphere {
	0, 1
	scale<0.080000,0.200000,0.300000>
	matrix <0.058595, -0.036290, -0.997622,
		0.969797, 0.239090, 0.048264,
		0.236770, -0.970319, 0.049203,
		27.386673, 34.982849, 32.825329>
	pigment { color rgbt <0,1,1,0> }
	no_shadow
}
cylinder {
	<27.586308, 35.570576, 32.212715>,  <27.220934, 35.662071, 32.790890>, 0.130000
	pigment { color rgbt <1,0,0,0> }
	no_shadow
}

// nucleotide -1

// particle -1
sphere {
	<27.586308, 35.570576, 32.212715> 0.250000
	pigment { color rgbt <1,0,0,0> }
	no_shadow
}
cylinder {
	<27.506994, 35.189297, 32.304020>,  <27.459406, 34.960529, 32.358803>, 0.100000
	pigment { color rgbt <1,0,0,0> }
	no_shadow
}
cylinder {
	<27.506994, 35.189297, 32.304020>,  <27.586308, 35.570576, 32.212715>, 0.100000
	pigment { color rgbt <1,0,0,0> }
	no_shadow
}

// particle -1
sphere {
	<27.506994, 35.189297, 32.304020> 0.100000
	pigment { color rgbt <1,0,0,0> }
	no_shadow
}
sphere {
	0, 1
	scale<0.080000,0.200000,0.300000>
	matrix <-0.182692, -0.192863, -0.964068,
		0.962968, -0.232862, -0.135899,
		-0.198285, -0.953194, 0.228263,
		27.447510, 34.903339, 32.372498>
	pigment { color rgbt <0,1,1,0> }
	no_shadow
}
cylinder {
	<27.977243, 35.253418, 31.762529>,  <27.586308, 35.570576, 32.212715>, 0.130000
	pigment { color rgbt <1,0,0,0> }
	no_shadow
}

// nucleotide -1

// particle -1
sphere {
	<27.977243, 35.253418, 31.762529> 0.250000
	pigment { color rgbt <1,0,0,0> }
	no_shadow
}
cylinder {
	<27.709322, 34.978848, 31.875799>,  <27.548569, 34.814106, 31.943760>, 0.100000
	pigment { color rgbt <1,0,0,0> }
	no_shadow
}
cylinder {
	<27.709322, 34.978848, 31.875799>,  <27.977243, 35.253418, 31.762529>, 0.100000
	pigment { color rgbt <1,0,0,0> }
	no_shadow
}

// particle -1
sphere {
	<27.709322, 34.978848, 31.875799> 0.100000
	pigment { color rgbt <1,0,0,0> }
	no_shadow
}
sphere {
	0, 1
	scale<0.080000,0.200000,0.300000>
	matrix <-0.188967, -0.211228, -0.958996,
		0.718092, -0.695848, 0.011770,
		-0.669802, -0.686424, 0.283174,
		27.508381, 34.772919, 31.960751>
	pigment { color rgbt <0,1,1,0> }
	no_shadow
}
cylinder {
	<28.045330, 34.732204, 31.316166>,  <27.977243, 35.253418, 31.762529>, 0.130000
	pigment { color rgbt <1,0,0,0> }
	no_shadow
}

// nucleotide -1

// particle -1
sphere {
	<28.045330, 34.732204, 31.316166> 0.250000
	pigment { color rgbt <1,0,0,0> }
	no_shadow
}
cylinder {
	<27.686529, 34.652298, 31.473890>,  <27.471249, 34.604355, 31.568525>, 0.100000
	pigment { color rgbt <1,0,0,0> }
	no_shadow
}
cylinder {
	<27.686529, 34.652298, 31.473890>,  <28.045330, 34.732204, 31.316166>, 0.100000
	pigment { color rgbt <1,0,0,0> }
	no_shadow
}

// particle -1
sphere {
	<27.686529, 34.652298, 31.473890> 0.100000
	pigment { color rgbt <1,0,0,0> }
	no_shadow
}
sphere {
	0, 1
	scale<0.080000,0.200000,0.300000>
	matrix <-0.337262, -0.267329, -0.902657,
		0.285732, -0.942671, 0.172421,
		-0.897002, -0.199767, 0.394311,
		27.417429, 34.592369, 31.592184>
	pigment { color rgbt <0,1,1,0> }
	no_shadow
}
cylinder {
	<27.702517, 34.341648, 30.859867>,  <28.045330, 34.732204, 31.316166>, 0.130000
	pigment { color rgbt <1,0,0,0> }
	no_shadow
}

// nucleotide -1

// particle -1
sphere {
	<27.702517, 34.341648, 30.859867> 0.250000
	pigment { color rgbt <1,0,0,0> }
	no_shadow
}
cylinder {
	<27.390583, 34.488735, 31.062504>,  <27.203423, 34.576988, 31.184086>, 0.100000
	pigment { color rgbt <1,0,0,0> }
	no_shadow
}
cylinder {
	<27.390583, 34.488735, 31.062504>,  <27.702517, 34.341648, 30.859867>, 0.100000
	pigment { color rgbt <1,0,0,0> }
	no_shadow
}

// particle -1
sphere {
	<27.390583, 34.488735, 31.062504> 0.100000
	pigment { color rgbt <1,0,0,0> }
	no_shadow
}
sphere {
	0, 1
	scale<0.080000,0.200000,0.300000>
	matrix <-0.583490, -0.133917, -0.801003,
		-0.226710, -0.920241, 0.318998,
		-0.779835, 0.367727, 0.506592,
		27.156631, 34.599052, 31.214481>
	pigment { color rgbt <0,1,1,0> }
	no_shadow
}
cylinder {
	<27.188940, 33.979050, 30.550560>,  <27.702517, 34.341648, 30.859867>, 0.130000
	pigment { color rgbt <1,0,0,0> }
	no_shadow
}

// nucleotide -1

// particle -1
sphere {
	<27.188940, 33.979050, 30.550560> 0.250000
	pigment { color rgbt <1,0,0,0> }
	no_shadow
}
cylinder {
	<27.041800, 34.324638, 30.688101>,  <26.953516, 34.531994, 30.770624>, 0.100000
	pigment { color rgbt <1,0,0,0> }
	no_shadow
}
cylinder {
	<27.041800, 34.324638, 30.688101>,  <27.188940, 33.979050, 30.550560>, 0.100000
	pigment { color rgbt <1,0,0,0> }
	no_shadow
}

// particle -1
sphere {
	<27.041800, 34.324638, 30.688101> 0.100000
	pigment { color rgbt <1,0,0,0> }
	no_shadow
}
sphere {
	0, 1
	scale<0.080000,0.200000,0.300000>
	matrix <-0.666242, 0.013085, -0.745621,
		-0.648697, -0.503364, 0.570803,
		-0.367850, 0.863975, 0.343850,
		26.931444, 34.583832, 30.791256>
	pigment { color rgbt <0,1,1,0> }
	no_shadow
}
cylinder {
	<26.512150, 33.898743, 30.650311>,  <27.188940, 33.979050, 30.550560>, 0.130000
	pigment { color rgbt <1,0,0,0> }
	no_shadow
}

// nucleotide -1

// particle -1
sphere {
	<26.512150, 33.898743, 30.650311> 0.250000
	pigment { color rgbt <1,0,0,0> }
	no_shadow
}
cylinder {
	<26.599226, 34.280361, 30.567938>,  <26.651472, 34.509331, 30.518515>, 0.100000
	pigment { color rgbt <1,0,0,0> }
	no_shadow
}
cylinder {
	<26.599226, 34.280361, 30.567938>,  <26.512150, 33.898743, 30.650311>, 0.100000
	pigment { color rgbt <1,0,0,0> }
	no_shadow
}

// particle -1
sphere {
	<26.599226, 34.280361, 30.567938> 0.100000
	pigment { color rgbt <1,0,0,0> }
	no_shadow
}
sphere {
	0, 1
	scale<0.080000,0.200000,0.300000>
	matrix <-0.568460, -0.047576, -0.821334,
		-0.793387, 0.295862, 0.531980,
		0.217692, 0.954045, -0.205932,
		26.664534, 34.566574, 30.506159>
	pigment { color rgbt <0,1,1,0> }
	no_shadow
}
cylinder {
	<25.901119, 34.445213, 30.684298>,  <26.512150, 33.898743, 30.650311>, 0.130000
	pigment { color rgbt <1,0,0,0> }
	no_shadow
}

// nucleotide -1

// particle -1
sphere {
	<25.901119, 34.445213, 30.684298> 0.250000
	pigment { color rgbt <1,0,0,0> }
	no_shadow
}
cylinder {
	<26.183235, 34.521786, 30.411264>,  <26.352505, 34.567730, 30.247444>, 0.100000
	pigment { color rgbt <1,0,0,0> }
	no_shadow
}
cylinder {
	<26.183235, 34.521786, 30.411264>,  <25.901119, 34.445213, 30.684298>, 0.100000
	pigment { color rgbt <1,0,0,0> }
	no_shadow
}

// particle -1
sphere {
	<26.183235, 34.521786, 30.411264> 0.100000
	pigment { color rgbt <1,0,0,0> }
	no_shadow
}
sphere {
	0, 1
	scale<0.080000,0.200000,0.300000>
	matrix <-0.682919, -0.074901, -0.726644,
		-0.190232, 0.978643, 0.077908,
		0.705290, 0.191436, -0.682582,
		26.394821, 34.579216, 30.206490>
	pigment { color rgbt <0,1,1,0> }
	no_shadow
}
cylinder {
	<26.133305, 34.571739, 31.409315>,  <25.901119, 34.445213, 30.684298>, 0.130000
	pigment { color rgbt <1,0,0,0> }
	no_shadow
}

// nucleotide -1

// particle -1
sphere {
	<26.133305, 34.571739, 31.409315> 0.250000
	pigment { color rgbt <1,0,0,0> }
	no_shadow
}
cylinder {
	<26.508209, 34.437069, 31.373119>,  <26.733152, 34.356266, 31.351402>, 0.100000
	pigment { color rgbt <1,0,0,0> }
	no_shadow
}
cylinder {
	<26.508209, 34.437069, 31.373119>,  <26.133305, 34.571739, 31.409315>, 0.100000
	pigment { color rgbt <1,0,0,0> }
	no_shadow
}

// particle -1
sphere {
	<26.508209, 34.437069, 31.373119> 0.100000
	pigment { color rgbt <1,0,0,0> }
	no_shadow
}
sphere {
	0, 1
	scale<0.080000,0.200000,0.300000>
	matrix <0.236011, 0.421729, 0.875468,
		-0.256587, -0.841899, 0.474730,
		0.937263, -0.336675, -0.090487,
		26.789389, 34.336067, 31.345974>
	pigment { color rgbt <0,1,1,0> }
	no_shadow
}
cylinder {
	<26.214617, 34.420700, 32.068718>,  <26.133305, 34.571739, 31.409315>, 0.130000
	pigment { color rgbt <1,0,0,0> }
	no_shadow
}

// nucleotide -1

// particle -1
sphere {
	<26.214617, 34.420700, 32.068718> 0.250000
	pigment { color rgbt <1,0,0,0> }
	no_shadow
}
cylinder {
	<26.582191, 34.461575, 31.916340>,  <26.802736, 34.486099, 31.824913>, 0.100000
	pigment { color rgbt <1,0,0,0> }
	no_shadow
}
cylinder {
	<26.582191, 34.461575, 31.916340>,  <26.214617, 34.420700, 32.068718>, 0.100000
	pigment { color rgbt <1,0,0,0> }
	no_shadow
}

// particle -1
sphere {
	<26.582191, 34.461575, 31.916340> 0.100000
	pigment { color rgbt <1,0,0,0> }
	no_shadow
}
sphere {
	0, 1
	scale<0.080000,0.200000,0.300000>
	matrix <0.358191, 0.188088, 0.914507,
		0.165093, -0.976822, 0.136241,
		0.918936, 0.102179, -0.380941,
		26.857872, 34.492229, 31.802057>
	pigment { color rgbt <0,1,1,0> }
	no_shadow
}
cylinder {
	<26.580521, 33.956905, 32.383739>,  <26.214617, 34.420700, 32.068718>, 0.130000
	pigment { color rgbt <1,0,0,0> }
	no_shadow
}

// nucleotide -1

// particle -1
sphere {
	<26.580521, 33.956905, 32.383739> 0.250000
	pigment { color rgbt <1,0,0,0> }
	no_shadow
}
cylinder {
	<26.880110, 34.189186, 32.256100>,  <27.059864, 34.328556, 32.179516>, 0.100000
	pigment { color rgbt <1,0,0,0> }
	no_shadow
}
cylinder {
	<26.880110, 34.189186, 32.256100>,  <26.580521, 33.956905, 32.383739>, 0.100000
	pigment { color rgbt <1,0,0,0> }
	no_shadow
}

// particle -1
sphere {
	<26.880110, 34.189186, 32.256100> 0.100000
	pigment { color rgbt <1,0,0,0> }
	no_shadow
}
sphere {
	0, 1
	scale<0.080000,0.200000,0.300000>
	matrix <0.314208, 0.112728, 0.942637,
		0.583362, -0.806274, -0.098031,
		0.748974, 0.580701, -0.319099,
		27.104801, 34.363396, 32.160370>
	pigment { color rgbt <0,1,1,0> }
	no_shadow
}
cylinder {
	<27.119362, 33.710590, 32.628300>,  <26.580521, 33.956905, 32.383739>, 0.130000
	pigment { color rgbt <1,0,0,0> }
	no_shadow
}

// nucleotide -1

// particle -1
sphere {
	<27.119362, 33.710590, 32.628300> 0.250000
	pigment { color rgbt <1,0,0,0> }
	no_shadow
}
cylinder {
	<27.218985, 34.088470, 32.542957>,  <27.278759, 34.315197, 32.491753>, 0.100000
	pigment { color rgbt <1,0,0,0> }
	no_shadow
}
cylinder {
	<27.218985, 34.088470, 32.542957>,  <27.119362, 33.710590, 32.628300>, 0.100000
	pigment { color rgbt <1,0,0,0> }
	no_shadow
}

// particle -1
sphere {
	<27.218985, 34.088470, 32.542957> 0.100000
	pigment { color rgbt <1,0,0,0> }
	no_shadow
}
sphere {
	0, 1
	scale<0.080000,0.200000,0.300000>
	matrix <0.280270, 0.140565, 0.949574,
		0.927048, -0.296296, -0.229761,
		0.249059, 0.944696, -0.213353,
		27.293703, 34.371880, 32.478951>
	pigment { color rgbt <0,1,1,0> }
	no_shadow
}
cylinder {
	<27.871004, 33.805538, 32.886665>,  <27.119362, 33.710590, 32.628300>, 0.130000
	pigment { color rgbt <1,0,0,0> }
	no_shadow
}

// nucleotide -1

// particle -1
sphere {
	<27.871004, 33.805538, 32.886665> 0.250000
	pigment { color rgbt <1,0,0,0> }
	no_shadow
}
cylinder {
	<27.701992, 34.166752, 32.855682>,  <27.600584, 34.383480, 32.837093>, 0.100000
	pigment { color rgbt <1,0,0,0> }
	no_shadow
}
cylinder {
	<27.701992, 34.166752, 32.855682>,  <27.871004, 33.805538, 32.886665>, 0.100000
	pigment { color rgbt <1,0,0,0> }
	no_shadow
}

// particle -1
sphere {
	<27.701992, 34.166752, 32.855682> 0.100000
	pigment { color rgbt <1,0,0,0> }
	no_shadow
}
sphere {
	0, 1
	scale<0.080000,0.200000,0.300000>
	matrix <0.404779, 0.264476, 0.875332,
		0.810938, 0.338503, -0.477278,
		-0.422531, 0.903033, -0.077454,
		27.575233, 34.437660, 32.832447>
	pigment { color rgbt <0,1,1,0> }
	no_shadow
}
cylinder {
	<28.428152, 34.353565, 32.971558>,  <27.871004, 33.805538, 32.886665>, 0.130000
	pigment { color rgbt <1,0,0,0> }
	no_shadow
}

// nucleotide -1

// particle -1
sphere {
	<28.428152, 34.353565, 32.971558> 0.250000
	pigment { color rgbt <1,0,0,0> }
	no_shadow
}
cylinder {
	<28.059231, 34.465420, 33.078259>,  <27.837877, 34.532532, 33.142281>, 0.100000
	pigment { color rgbt <1,0,0,0> }
	no_shadow
}
cylinder {
	<28.059231, 34.465420, 33.078259>,  <28.428152, 34.353565, 32.971558>, 0.100000
	pigment { color rgbt <1,0,0,0> }
	no_shadow
}

// particle -1
sphere {
	<28.059231, 34.465420, 33.078259> 0.100000
	pigment { color rgbt <1,0,0,0> }
	no_shadow
}
sphere {
	0, 1
	scale<0.080000,0.200000,0.300000>
	matrix <0.353012, 0.328678, 0.875987,
		0.157279, 0.902095, -0.401855,
		-0.922305, 0.279634, 0.266756,
		27.782539, 34.549309, 33.158287>
	pigment { color rgbt <0,1,1,0> }
	no_shadow
}
cylinder {
	<29.080750, 34.277008, 33.411747>,  <28.428152, 34.353565, 32.971558>, 0.130000
	pigment { color rgbt <1,0,0,0> }
	no_shadow
}

// nucleotide -1

// particle -1
sphere {
	<29.080750, 34.277008, 33.411747> 0.250000
	pigment { color rgbt <1,0,0,0> }
	no_shadow
}
cylinder {
	<29.395306, 34.473602, 33.262062>,  <29.584040, 34.591560, 33.172253>, 0.100000
	pigment { color rgbt <1,0,0,0> }
	no_shadow
}
cylinder {
	<29.395306, 34.473602, 33.262062>,  <29.080750, 34.277008, 33.411747>, 0.100000
	pigment { color rgbt <1,0,0,0> }
	no_shadow
}

// particle -1
sphere {
	<29.395306, 34.473602, 33.262062> 0.100000
	pigment { color rgbt <1,0,0,0> }
	no_shadow
}
sphere {
	0, 1
	scale<0.080000,0.200000,0.300000>
	matrix <0.607219, -0.726306, 0.322126,
		-0.113472, -0.480545, -0.869598,
		0.786390, 0.491484, -0.374211,
		29.631222, 34.621048, 33.149799>
	pigment { color rgbt <0,1,1,0> }
	no_shadow
}
cylinder {
	<29.292402, 33.717049, 33.140900>,  <29.080750, 34.277008, 33.411747>, 0.130000
	pigment { color rgbt <1,0,0,0> }
	no_shadow
}

// nucleotide -1

// particle -1
sphere {
	<29.292402, 33.717049, 33.140900> 0.250000
	pigment { color rgbt <1,0,0,0> }
	no_shadow
}
cylinder {
	<29.596106, 33.973503, 33.185570>,  <29.778328, 34.127377, 33.212372>, 0.100000
	pigment { color rgbt <1,0,0,0> }
	no_shadow
}
cylinder {
	<29.596106, 33.973503, 33.185570>,  <29.292402, 33.717049, 33.140900>, 0.100000
	pigment { color rgbt <1,0,0,0> }
	no_shadow
}

// particle -1
sphere {
	<29.596106, 33.973503, 33.185570> 0.100000
	pigment { color rgbt <1,0,0,0> }
	no_shadow
}
sphere {
	0, 1
	scale<0.080000,0.200000,0.300000>
	matrix <0.647889, -0.760846, -0.036786,
		0.061381, 0.100282, -0.993064,
		0.759258, 0.641137, 0.111673,
		29.823883, 34.165844, 33.219070>
	pigment { color rgbt <0,1,1,0> }
	no_shadow
}
cylinder {
	<29.842495, 33.699886, 32.621910>,  <29.292402, 33.717049, 33.140900>, 0.130000
	pigment { color rgbt <1,0,0,0> }
	no_shadow
}

// nucleotide -1

// particle -1
sphere {
	<29.842495, 33.699886, 32.621910> 0.250000
	pigment { color rgbt <1,0,0,0> }
	no_shadow
}
cylinder {
	<29.995771, 33.825386, 32.969410>,  <30.087738, 33.900684, 33.177910>, 0.100000
	pigment { color rgbt <1,0,0,0> }
	no_shadow
}
cylinder {
	<29.995771, 33.825386, 32.969410>,  <29.842495, 33.699886, 32.621910>, 0.100000
	pigment { color rgbt <1,0,0,0> }
	no_shadow
}

// particle -1
sphere {
	<29.995771, 33.825386, 32.969410> 0.100000
	pigment { color rgbt <1,0,0,0> }
	no_shadow
}
sphere {
	0, 1
	scale<0.080000,0.200000,0.300000>
	matrix <0.649012, -0.760691, -0.011544,
		0.657227, 0.568252, -0.495118,
		0.383192, 0.313750, 0.868749,
		30.110729, 33.919510, 33.230034>
	pigment { color rgbt <0,1,1,0> }
	no_shadow
}
cylinder {
	<30.587515, 33.829762, 32.554821>,  <29.842495, 33.699886, 32.621910>, 0.130000
	pigment { color rgbt <1,0,0,0> }
	no_shadow
}

// nucleotide -1

// particle -1
sphere {
	<30.587515, 33.829762, 32.554821> 0.250000
	pigment { color rgbt <1,0,0,0> }
	no_shadow
}
cylinder {
	<30.461527, 33.684532, 32.905586>,  <30.385935, 33.597397, 33.116047>, 0.100000
	pigment { color rgbt <1,0,0,0> }
	no_shadow
}
cylinder {
	<30.461527, 33.684532, 32.905586>,  <30.587515, 33.829762, 32.554821>, 0.100000
	pigment { color rgbt <1,0,0,0> }
	no_shadow
}

// particle -1
sphere {
	<30.461527, 33.684532, 32.905586> 0.100000
	pigment { color rgbt <1,0,0,0> }
	no_shadow
}
sphere {
	0, 1
	scale<0.080000,0.200000,0.300000>
	matrix <0.614781, -0.781951, -0.102937,
		0.723076, 0.506687, 0.469500,
		-0.314969, -0.363071, 0.876912,
		30.367037, 33.575611, 33.168659>
	pigment { color rgbt <0,1,1,0> }
	no_shadow
}
cylinder {
	<31.195885, 33.859520, 33.095844>,  <30.587515, 33.829762, 32.554821>, 0.130000
	pigment { color rgbt <1,0,0,0> }
	no_shadow
}

// nucleotide -1

// particle -1
sphere {
	<31.195885, 33.859520, 33.095844> 0.250000
	pigment { color rgbt <1,0,0,0> }
	no_shadow
}
cylinder {
	<30.924101, 33.568432, 33.133263>,  <30.761030, 33.393780, 33.155712>, 0.100000
	pigment { color rgbt <1,0,0,0> }
	no_shadow
}
cylinder {
	<30.924101, 33.568432, 33.133263>,  <31.195885, 33.859520, 33.095844>, 0.100000
	pigment { color rgbt <1,0,0,0> }
	no_shadow
}

// particle -1
sphere {
	<30.924101, 33.568432, 33.133263> 0.100000
	pigment { color rgbt <1,0,0,0> }
	no_shadow
}
sphere {
	0, 1
	scale<0.080000,0.200000,0.300000>
	matrix <0.714040, -0.685172, -0.143827,
		0.168761, -0.030930, 0.985172,
		-0.679460, -0.727725, 0.093545,
		30.720263, 33.350113, 33.161327>
	pigment { color rgbt <0,1,1,0> }
	no_shadow
}
cylinder {
	<31.247622, 33.514179, 33.777225>,  <31.195885, 33.859520, 33.095844>, 0.130000
	pigment { color rgbt <1,0,0,0> }
	no_shadow
}

// nucleotide -1

// particle -1
sphere {
	<31.247622, 33.514179, 33.777225> 0.250000
	pigment { color rgbt <1,0,0,0> }
	no_shadow
}
cylinder {
	<31.111048, 33.302280, 33.466667>,  <31.029104, 33.175140, 33.280331>, 0.100000
	pigment { color rgbt <1,0,0,0> }
	no_shadow
}
cylinder {
	<31.111048, 33.302280, 33.466667>,  <31.247622, 33.514179, 33.777225>, 0.100000
	pigment { color rgbt <1,0,0,0> }
	no_shadow
}

// particle -1
sphere {
	<31.111048, 33.302280, 33.466667> 0.100000
	pigment { color rgbt <1,0,0,0> }
	no_shadow
}
sphere {
	0, 1
	scale<0.080000,0.200000,0.300000>
	matrix <0.794664, -0.603820, 0.062530,
		-0.501928, -0.595624, 0.627137,
		-0.341433, -0.529749, -0.776395,
		31.008617, 33.143356, 33.233749>
	pigment { color rgbt <0,1,1,0> }
	no_shadow
}
cylinder {
	<31.811903, 33.065216, 33.487465>,  <31.247622, 33.514179, 33.777225>, 0.130000
	pigment { color rgbt <1,0,0,0> }
	no_shadow
}

// nucleotide -1

// particle -1
sphere {
	<31.811903, 33.065216, 33.487465> 0.250000
	pigment { color rgbt <1,0,0,0> }
	no_shadow
}
cylinder {
	<32.071465, 32.873348, 33.251213>,  <32.227200, 32.758228, 33.109463>, 0.100000
	pigment { color rgbt <1,0,0,0> }
	no_shadow
}
cylinder {
	<32.071465, 32.873348, 33.251213>,  <31.811903, 33.065216, 33.487465>, 0.100000
	pigment { color rgbt <1,0,0,0> }
	no_shadow
}

// particle -1
sphere {
	<32.071465, 32.873348, 33.251213> 0.100000
	pigment { color rgbt <1,0,0,0> }
	no_shadow
}
sphere {
	0, 1
	scale<0.080000,0.200000,0.300000>
	matrix <-0.750831, -0.529371, -0.394992,
		-0.123198, 0.699776, -0.703659,
		0.648903, -0.479667, -0.590631,
		32.266136, 32.729446, 33.074024>
	pigment { color rgbt <0,1,1,0> }
	no_shadow
}
cylinder {
	<31.718473, 33.233894, 32.777191>,  <31.811903, 33.065216, 33.487465>, 0.130000
	pigment { color rgbt <1,0,0,0> }
	no_shadow
}

// nucleotide -1

// particle -1
sphere {
	<31.718473, 33.233894, 32.777191> 0.250000
	pigment { color rgbt <1,0,0,0> }
	no_shadow
}
cylinder {
	<31.864902, 32.861710, 32.783195>,  <31.952759, 32.638397, 32.786797>, 0.100000
	pigment { color rgbt <1,0,0,0> }
	no_shadow
}
cylinder {
	<31.864902, 32.861710, 32.783195>,  <31.718473, 33.233894, 32.777191>, 0.100000
	pigment { color rgbt <1,0,0,0> }
	no_shadow
}

// particle -1
sphere {
	<31.864902, 32.861710, 32.783195> 0.100000
	pigment { color rgbt <1,0,0,0> }
	no_shadow
}
sphere {
	0, 1
	scale<0.080000,0.200000,0.300000>
	matrix <-0.824467, -0.331764, -0.458461,
		0.431562, 0.155453, -0.888588,
		0.366071, -0.930466, 0.015011,
		31.974724, 32.582569, 32.787697>
	pigment { color rgbt <0,1,1,0> }
	no_shadow
}
cylinder {
	<31.938854, 33.081390, 32.102673>,  <31.718473, 33.233894, 32.777191>, 0.130000
	pigment { color rgbt <1,0,0,0> }
	no_shadow
}

// nucleotide -1

// particle -1
sphere {
	<31.938854, 33.081390, 32.102673> 0.250000
	pigment { color rgbt <1,0,0,0> }
	no_shadow
}
cylinder {
	<31.799660, 32.774265, 32.317848>,  <31.716143, 32.589993, 32.446953>, 0.100000
	pigment { color rgbt <1,0,0,0> }
	no_shadow
}
cylinder {
	<31.799660, 32.774265, 32.317848>,  <31.938854, 33.081390, 32.102673>, 0.100000
	pigment { color rgbt <1,0,0,0> }
	no_shadow
}

// particle -1
sphere {
	<31.799660, 32.774265, 32.317848> 0.100000
	pigment { color rgbt <1,0,0,0> }
	no_shadow
}
sphere {
	0, 1
	scale<0.080000,0.200000,0.300000>
	matrix <-0.606891, -0.252851, -0.753491,
		0.714556, -0.588672, -0.377988,
		-0.347985, -0.767809, 0.537936,
		31.695265, 32.543922, 32.479229>
	pigment { color rgbt <0,1,1,0> }
	no_shadow
}
cylinder {
	<32.091396, 32.417240, 31.680843>,  <31.938854, 33.081390, 32.102673>, 0.130000
	pigment { color rgbt <1,0,0,0> }
	no_shadow
}

// nucleotide -1

// particle -1
sphere {
	<32.091396, 32.417240, 31.680843> 0.250000
	pigment { color rgbt <1,0,0,0> }
	no_shadow
}
cylinder {
	<31.766245, 32.378036, 31.910496>,  <31.571154, 32.354515, 32.048286>, 0.100000
	pigment { color rgbt <1,0,0,0> }
	no_shadow
}
cylinder {
	<31.766245, 32.378036, 31.910496>,  <32.091396, 32.417240, 31.680843>, 0.100000
	pigment { color rgbt <1,0,0,0> }
	no_shadow
}

// particle -1
sphere {
	<31.766245, 32.378036, 31.910496> 0.100000
	pigment { color rgbt <1,0,0,0> }
	no_shadow
}
sphere {
	0, 1
	scale<0.080000,0.200000,0.300000>
	matrix <-0.578269, 0.018125, -0.815644,
		0.069540, -0.995020, -0.071413,
		-0.812877, -0.098016, 0.574129,
		31.522383, 32.348633, 32.082733>
	pigment { color rgbt <0,1,1,0> }
	no_shadow
}
cylinder {
	<31.814171, 31.819942, 31.455544>,  <32.091396, 32.417240, 31.680843>, 0.130000
	pigment { color rgbt <1,0,0,0> }
	no_shadow
}

// nucleotide -1

// particle -1
sphere {
	<31.814171, 31.819942, 31.455544> 0.250000
	pigment { color rgbt <1,0,0,0> }
	no_shadow
}
cylinder {
	<31.548487, 32.088936, 31.586136>,  <31.389076, 32.250332, 31.664492>, 0.100000
	pigment { color rgbt <1,0,0,0> }
	no_shadow
}
cylinder {
	<31.548487, 32.088936, 31.586136>,  <31.814171, 31.819942, 31.455544>, 0.100000
	pigment { color rgbt <1,0,0,0> }
	no_shadow
}

// particle -1
sphere {
	<31.548487, 32.088936, 31.586136> 0.100000
	pigment { color rgbt <1,0,0,0> }
	no_shadow
}
sphere {
	0, 1
	scale<0.080000,0.200000,0.300000>
	matrix <-0.496454, -0.070297, -0.865212,
		-0.558892, -0.736764, 0.380550,
		-0.664209, 0.672485, 0.326481,
		31.349224, 32.290680, 31.684080>
	pigment { color rgbt <0,1,1,0> }
	no_shadow
}
cylinder {
	<31.102266, 31.568630, 31.312437>,  <31.814171, 31.819942, 31.455544>, 0.130000
	pigment { color rgbt <1,0,0,0> }
	no_shadow
}

// nucleotide -1

// particle -1
sphere {
	<31.102266, 31.568630, 31.312437> 0.250000
	pigment { color rgbt <1,0,0,0> }
	no_shadow
}
cylinder {
	<31.069796, 31.965441, 31.351009>,  <31.050314, 32.203526, 31.374153>, 0.100000
	pigment { color rgbt <1,0,0,0> }
	no_shadow
}
cylinder {
	<31.069796, 31.965441, 31.351009>,  <31.102266, 31.568630, 31.312437>, 0.100000
	pigment { color rgbt <1,0,0,0> }
	no_shadow
}

// particle -1
sphere {
	<31.069796, 31.965441, 31.351009> 0.100000
	pigment { color rgbt <1,0,0,0> }
	no_shadow
}
sphere {
	0, 1
	scale<0.080000,0.200000,0.300000>
	matrix <-0.442069, 0.050879, -0.895537,
		-0.893301, -0.115324, 0.434413,
		-0.081175, 0.992024, 0.096431,
		31.045443, 32.263046, 31.379938>
	pigment { color rgbt <0,1,1,0> }
	no_shadow
}
cylinder {
	<30.413485, 31.873987, 31.194771>,  <31.102266, 31.568630, 31.312437>, 0.130000
	pigment { color rgbt <1,0,0,0> }
	no_shadow
}

// nucleotide -1

// particle -1
sphere {
	<30.413485, 31.873987, 31.194771> 0.250000
	pigment { color rgbt <1,0,0,0> }
	no_shadow
}
cylinder {
	<30.673767, 32.153961, 31.077007>,  <30.829937, 32.321945, 31.006350>, 0.100000
	pigment { color rgbt <1,0,0,0> }
	no_shadow
}
cylinder {
	<30.673767, 32.153961, 31.077007>,  <30.413485, 31.873987, 31.194771>, 0.100000
	pigment { color rgbt <1,0,0,0> }
	no_shadow
}

// particle -1
sphere {
	<30.673767, 32.153961, 31.077007> 0.100000
	pigment { color rgbt <1,0,0,0> }
	no_shadow
}
sphere {
	0, 1
	scale<0.080000,0.200000,0.300000>
	matrix <-0.496636, 0.099008, -0.862293,
		-0.574399, 0.707312, 0.412038,
		0.650706, 0.699933, -0.294407,
		30.868979, 32.363941, 30.988686>
	pigment { color rgbt <0,1,1,0> }
	no_shadow
}
cylinder {
	<30.611961, 32.070873, 30.497213>,  <30.413485, 31.873987, 31.194771>, 0.130000
	pigment { color rgbt <1,0,0,0> }
	no_shadow
}

// nucleotide -1

// particle -1
sphere {
	<30.611961, 32.070873, 30.497213> 0.250000
	pigment { color rgbt <1,0,0,0> }
	no_shadow
}
cylinder {
	<30.383640, 32.396164, 30.542557>,  <30.246649, 32.591339, 30.569763>, 0.100000
	pigment { color rgbt <1,0,0,0> }
	no_shadow
}
cylinder {
	<30.383640, 32.396164, 30.542557>,  <30.611961, 32.070873, 30.497213>, 0.100000
	pigment { color rgbt <1,0,0,0> }
	no_shadow
}

// particle -1
sphere {
	<30.383640, 32.396164, 30.542557> 0.100000
	pigment { color rgbt <1,0,0,0> }
	no_shadow
}
sphere {
	0, 1
	scale<0.080000,0.200000,0.300000>
	matrix <0.577873, 0.299799, 0.759068,
		0.583309, 0.498783, -0.641067,
		-0.570801, 0.813226, 0.113358,
		30.212400, 32.640133, 30.576565>
	pigment { color rgbt <0,1,1,0> }
	no_shadow
}
cylinder {
	<31.016005, 32.699657, 30.447020>,  <30.611961, 32.070873, 30.497213>, 0.130000
	pigment { color rgbt <1,0,0,0> }
	no_shadow
}

// nucleotide -1

// particle -1
sphere {
	<31.016005, 32.699657, 30.447020> 0.250000
	pigment { color rgbt <1,0,0,0> }
	no_shadow
}
cylinder {
	<30.694918, 32.761238, 30.677479>,  <30.502266, 32.798187, 30.815754>, 0.100000
	pigment { color rgbt <1,0,0,0> }
	no_shadow
}
cylinder {
	<30.694918, 32.761238, 30.677479>,  <31.016005, 32.699657, 30.447020>, 0.100000
	pigment { color rgbt <1,0,0,0> }
	no_shadow
}

// particle -1
sphere {
	<30.694918, 32.761238, 30.677479> 0.100000
	pigment { color rgbt <1,0,0,0> }
	no_shadow
}
sphere {
	0, 1
	scale<0.080000,0.200000,0.300000>
	matrix <0.596339, 0.215412, 0.773290,
		-0.005063, 0.964312, -0.264720,
		-0.802717, 0.153948, 0.576147,
		30.454103, 32.807423, 30.850323>
	pigment { color rgbt <0,1,1,0> }
	no_shadow
}
cylinder {
	<31.240246, 33.344391, 30.918287>,  <31.016005, 32.699657, 30.447020>, 0.130000
	pigment { color rgbt <1,0,0,0> }
	no_shadow
}

// nucleotide -1

// particle -1
sphere {
	<31.240246, 33.344391, 30.918287> 0.250000
	pigment { color rgbt <1,0,0,0> }
	no_shadow
}
cylinder {
	<30.987217, 33.065392, 31.052952>,  <30.835400, 32.897991, 31.133751>, 0.100000
	pigment { color rgbt <1,0,0,0> }
	no_shadow
}
cylinder {
	<30.987217, 33.065392, 31.052952>,  <31.240246, 33.344391, 30.918287>, 0.100000
	pigment { color rgbt <1,0,0,0> }
	no_shadow
}

// particle -1
sphere {
	<30.987217, 33.065392, 31.052952> 0.100000
	pigment { color rgbt <1,0,0,0> }
	no_shadow
}
sphere {
	0, 1
	scale<0.080000,0.200000,0.300000>
	matrix <0.610865, -0.182100, 0.770508,
		-0.476124, 0.693059, 0.541271,
		-0.632573, -0.697502, 0.336664,
		30.797445, 32.856140, 31.153952>
	pigment { color rgbt <0,1,1,0> }
	no_shadow
}
cylinder {
	<31.057358, 33.506962, 31.620407>,  <31.240246, 33.344391, 30.918287>, 0.130000
	pigment { color rgbt <1,0,0,0> }
	no_shadow
}

// nucleotide -1

// particle -1
sphere {
	<31.057358, 33.506962, 31.620407> 0.250000
	pigment { color rgbt <1,0,0,0> }
	no_shadow
}
cylinder {
	<31.048740, 33.115482, 31.538748>,  <31.043570, 32.880592, 31.489752>, 0.100000
	pigment { color rgbt <1,0,0,0> }
	no_shadow
}
cylinder {
	<31.048740, 33.115482, 31.538748>,  <31.057358, 33.506962, 31.620407>, 0.100000
	pigment { color rgbt <1,0,0,0> }
	no_shadow
}

// particle -1
sphere {
	<31.048740, 33.115482, 31.538748> 0.100000
	pigment { color rgbt <1,0,0,0> }
	no_shadow
}
sphere {
	0, 1
	scale<0.080000,0.200000,0.300000>
	matrix <0.377192, -0.197063, 0.904926,
		-0.925884, -0.057510, 0.373404,
		-0.021541, -0.978702, -0.204150,
		31.042278, 32.821873, 31.477503>
	pigment { color rgbt <0,1,1,0> }
	no_shadow
}
cylinder {
	<30.598553, 33.158806, 32.196217>,  <31.057358, 33.506962, 31.620407>, 0.130000
	pigment { color rgbt <1,0,0,0> }
	no_shadow
}

// nucleotide -1

// particle -1
sphere {
	<30.598553, 33.158806, 32.196217> 0.250000
	pigment { color rgbt <1,0,0,0> }
	no_shadow
}
cylinder {
	<30.860220, 32.917164, 32.014175>,  <31.017220, 32.772179, 31.904951>, 0.100000
	pigment { color rgbt <1,0,0,0> }
	no_shadow
}
cylinder {
	<30.860220, 32.917164, 32.014175>,  <30.598553, 33.158806, 32.196217>, 0.100000
	pigment { color rgbt <1,0,0,0> }
	no_shadow
}

// particle -1
sphere {
	<30.860220, 32.917164, 32.014175> 0.100000
	pigment { color rgbt <1,0,0,0> }
	no_shadow
}
sphere {
	0, 1
	scale<0.080000,0.200000,0.300000>
	matrix <0.441025, -0.184167, 0.878396,
		-0.614462, -0.775329, 0.145952,
		0.654166, -0.604110, -0.455103,
		31.056469, 32.735931, 31.877645>
	pigment { color rgbt <0,1,1,0> }
	no_shadow
}
cylinder {
	<30.704159, 32.763470, 32.750935>,  <30.598553, 33.158806, 32.196217>, 0.130000
	pigment { color rgbt <1,0,0,0> }
	no_shadow
}

// nucleotide -1

// particle -1
sphere {
	<30.704159, 32.763470, 32.750935> 0.250000
	pigment { color rgbt <1,0,0,0> }
	no_shadow
}
cylinder {
	<30.762386, 32.491241, 32.463703>,  <30.797323, 32.327904, 32.291363>, 0.100000
	pigment { color rgbt <1,0,0,0> }
	no_shadow
}
cylinder {
	<30.762386, 32.491241, 32.463703>,  <30.704159, 32.763470, 32.750935>, 0.100000
	pigment { color rgbt <1,0,0,0> }
	no_shadow
}

// particle -1
sphere {
	<30.762386, 32.491241, 32.463703> 0.100000
	pigment { color rgbt <1,0,0,0> }
	no_shadow
}
sphere {
	0, 1
	scale<0.080000,0.200000,0.300000>
	matrix <0.685036, -0.454338, 0.569475,
		-0.713817, -0.574810, 0.400074,
		0.145571, -0.680566, -0.718080,
		30.806057, 32.287071, 32.248280>
	pigment { color rgbt <0,1,1,0> }
	no_shadow
}
cylinder {
	<30.597664, 31.939262, 32.941475>,  <30.704159, 32.763470, 32.750935>, 0.130000
	pigment { color rgbt <1,0,0,0> }
	no_shadow
}

// nucleotide -1

// particle -1
sphere {
	<30.597664, 31.939262, 32.941475> 0.250000
	pigment { color rgbt <1,0,0,0> }
	no_shadow
}
cylinder {
	<30.874651, 32.077251, 32.688026>,  <31.040844, 32.160046, 32.535957>, 0.100000
	pigment { color rgbt <1,0,0,0> }
	no_shadow
}
cylinder {
	<30.874651, 32.077251, 32.688026>,  <30.597664, 31.939262, 32.941475>, 0.100000
	pigment { color rgbt <1,0,0,0> }
	no_shadow
}

// particle -1
sphere {
	<30.874651, 32.077251, 32.688026> 0.100000
	pigment { color rgbt <1,0,0,0> }
	no_shadow
}
sphere {
	0, 1
	scale<0.080000,0.200000,0.300000>
	matrix <0.719503, -0.265767, 0.641625,
		0.052947, -0.900201, -0.432245,
		0.692468, 0.344974, -0.633625,
		31.082392, 32.180744, 32.497940>
	pigment { color rgbt <0,1,1,0> }
	no_shadow
}
cylinder {
	<31.238874, 31.476334, 33.117390>,  <30.597664, 31.939262, 32.941475>, 0.130000
	pigment { color rgbt <1,0,0,0> }
	no_shadow
}

// nucleotide -1

// particle -1
sphere {
	<31.238874, 31.476334, 33.117390> 0.250000
	pigment { color rgbt <1,0,0,0> }
	no_shadow
}
cylinder {
	<31.376120, 31.804977, 32.935299>,  <31.458467, 32.002163, 32.826042>, 0.100000
	pigment { color rgbt <1,0,0,0> }
	no_shadow
}
cylinder {
	<31.376120, 31.804977, 32.935299>,  <31.238874, 31.476334, 33.117390>, 0.100000
	pigment { color rgbt <1,0,0,0> }
	no_shadow
}

// particle -1
sphere {
	<31.376120, 31.804977, 32.935299> 0.100000
	pigment { color rgbt <1,0,0,0> }
	no_shadow
}
sphere {
	0, 1
	scale<0.080000,0.200000,0.300000>
	matrix <0.830886, -0.039454, 0.555042,
		0.438066, -0.568687, -0.696200,
		0.343113, 0.821607, -0.455231,
		31.479053, 32.051460, 32.798729>
	pigment { color rgbt <0,1,1,0> }
	no_shadow
}
cylinder {
	<31.949461, 31.380033, 33.059822>,  <31.238874, 31.476334, 33.117390>, 0.130000
	pigment { color rgbt <1,0,0,0> }
	no_shadow
}

// nucleotide -1

// particle -1
sphere {
	<31.949461, 31.380033, 33.059822> 0.250000
	pigment { color rgbt <1,0,0,0> }
	no_shadow
}
cylinder {
	<31.899656, 31.772736, 33.002338>,  <31.869774, 32.008358, 32.967850>, 0.100000
	pigment { color rgbt <1,0,0,0> }
	no_shadow
}
cylinder {
	<31.899656, 31.772736, 33.002338>,  <31.949461, 31.380033, 33.059822>, 0.100000
	pigment { color rgbt <1,0,0,0> }
	no_shadow
}

// particle -1
sphere {
	<31.899656, 31.772736, 33.002338> 0.100000
	pigment { color rgbt <1,0,0,0> }
	no_shadow
}
sphere {
	0, 1
	scale<0.080000,0.200000,0.300000>
	matrix <0.763502, 0.187303, 0.618047,
