// switches for output
#declare DRAW_BASES = 1; // possible values are 0, 1; only relevant for DNA ribbons
#declare DRAW_BASES_TYPE = 3; // possible values are 1, 2, 3; only relevant for DNA ribbons
#declare DRAW_FOG = 0; // set to 1 to enable fog

#include "colors.inc"

#include "transforms.inc"
background { rgb <1, 1, 1>}

#default {
   normal{
       ripples 0.25
       frequency 0.20
       turbulence 0.2
       lambda 5
   }
	finish {
		phong 0.1
		phong_size 40.
	}
}

// original window dimensions: 1024x640


// camera settings

camera {
	sky <0, 0.179814, -0.983701>
	up <0, 0.179814, -0.983701>
	right 1.6 * <1, 0, 0>
	location <35, 94.9851, 44.8844>
	look_at <35, 29.7336, 32.9568>
	direction <0, -65.2515, -11.9276>
	angle 67.0682
}


# declare cpy_camera_pos = <35, 94.9851, 44.8844>;
# if (DRAW_FOG = 1)
fog {
	fog_type 2
	up vnormalize(cpy_camera_pos)
	color rgbt<1,1,1,0.3>
	distance 1e-5
	fog_alt 3e-3
	fog_offset 56
}
# end


// LIGHTS

# declare lum = 6;
global_settings {
	ambient_light rgb lum * <0.05, 0.05, 0.05>
	max_trace_level 15
}# declare cpy_direct_light_amount = 0.25;
light_source
{	1000 * <-1, -1.16352, -0.803886>,
	rgb lum * cpy_direct_light_amount
	parallel
}

light_source
{	1000 * <1, 1.16352, 0.803886>,
	rgb lum * cpy_direct_light_amount
	parallel
}

// strand 0

// nucleotide -1

// particle -1
sphere {
	<23.998501, 35.255371, 34.836323> 0.250000
	pigment { color rgbt <1,0,0,0> }
	no_shadow
}
cylinder {
	<24.319843, 35.017174, 34.835545>,  <24.512650, 34.874256, 34.835079>, 0.100000
	pigment { color rgbt <1,0,0,0> }
	no_shadow
}
cylinder {
	<24.319843, 35.017174, 34.835545>,  <23.998501, 35.255371, 34.836323>, 0.100000
	pigment { color rgbt <1,0,0,0> }
	no_shadow
}

// particle -1
sphere {
	<24.319843, 35.017174, 34.835545> 0.100000
	pigment { color rgbt <1,0,0,0> }
	no_shadow
}
sphere {
	0, 1
	scale<0.080000,0.200000,0.300000>
	matrix <0.334438, 0.453875, -0.825923,
		0.492715, 0.662861, 0.563779,
		0.803357, -0.595494, -0.001945,
		24.560850, 34.838524, 34.834961>
	pigment { color rgbt <0,1,1,0> }
	no_shadow
}
cylinder {
	<24.664934, 35.592388, 34.888542>,  <23.998501, 35.255371, 34.836323>, 0.130000
	pigment { color rgbt <1,0,0,0> }
	no_shadow
}

// nucleotide -1

// particle -1
sphere {
	<24.664934, 35.592388, 34.888542> 0.250000
	pigment { color rgbt <1,0,0,0> }
	no_shadow
}
cylinder {
	<24.704174, 35.247955, 34.688976>,  <24.727718, 35.041294, 34.569237>, 0.100000
	pigment { color rgbt <1,0,0,0> }
	no_shadow
}
cylinder {
	<24.704174, 35.247955, 34.688976>,  <24.664934, 35.592388, 34.888542>, 0.100000
	pigment { color rgbt <1,0,0,0> }
	no_shadow
}

// particle -1
sphere {
	<24.704174, 35.247955, 34.688976> 0.100000
	pigment { color rgbt <1,0,0,0> }
	no_shadow
}
sphere {
	0, 1
	scale<0.080000,0.200000,0.300000>
	matrix <0.364869, 0.497542, -0.786970,
		0.925876, -0.104834, 0.362992,
		0.098102, -0.861082, -0.498913,
		24.733604, 34.989632, 34.539303>
	pigment { color rgbt <0,1,1,0> }
	no_shadow
}
cylinder {
	<25.476501, 35.402649, 34.630531>,  <24.664934, 35.592388, 34.888542>, 0.130000
	pigment { color rgbt <1,0,0,0> }
	no_shadow
}

// nucleotide -1

// particle -1
sphere {
	<25.476501, 35.402649, 34.630531> 0.250000
	pigment { color rgbt <1,0,0,0> }
	no_shadow
}
cylinder {
	<25.171944, 35.259167, 34.414528>,  <24.989210, 35.173077, 34.284924>, 0.100000
	pigment { color rgbt <1,0,0,0> }
	no_shadow
}
cylinder {
	<25.171944, 35.259167, 34.414528>,  <25.476501, 35.402649, 34.630531>, 0.100000
	pigment { color rgbt <1,0,0,0> }
	no_shadow
}

// particle -1
sphere {
	<25.171944, 35.259167, 34.414528> 0.100000
	pigment { color rgbt <1,0,0,0> }
	no_shadow
}
sphere {
	0, 1
	scale<0.080000,0.200000,0.300000>
	matrix <0.354360, 0.467252, -0.810003,
		0.542875, -0.808087, -0.228651,
		-0.761391, -0.358706, -0.540013,
		24.943525, 35.151554, 34.252525>
	pigment { color rgbt <0,1,1,0> }
	no_shadow
}
cylinder {
	<26.105392, 35.503788, 34.185944>,  <25.476501, 35.402649, 34.630531>, 0.130000
	pigment { color rgbt <1,0,0,0> }
	no_shadow
}

// nucleotide -1

// particle -1
sphere {
	<26.105392, 35.503788, 34.185944> 0.250000
	pigment { color rgbt <1,0,0,0> }
	no_shadow
}
cylinder {
	<26.173601, 35.884155, 34.289227>,  <26.214527, 36.112377, 34.351196>, 0.100000
	pigment { color rgbt <1,0,0,0> }
	no_shadow
}
cylinder {
	<26.173601, 35.884155, 34.289227>,  <26.105392, 35.503788, 34.185944>, 0.100000
	pigment { color rgbt <1,0,0,0> }
	no_shadow
}

// particle -1
sphere {
	<26.173601, 35.884155, 34.289227> 0.100000
	pigment { color rgbt <1,0,0,0> }
	no_shadow
}
sphere {
	0, 1
	scale<0.080000,0.200000,0.300000>
	matrix <-0.489910, 0.309184, -0.815103,
		-0.854933, 0.012492, 0.518588,
		0.170521, 0.950920, 0.258212,
		26.224758, 36.169430, 34.366692>
	pigment { color rgbt <0,1,1,0> }
	no_shadow
}
cylinder {
	<25.450472, 35.936577, 34.045727>,  <26.105392, 35.503788, 34.185944>, 0.130000
	pigment { color rgbt <1,0,0,0> }
	no_shadow
}

// nucleotide -1

// particle -1
sphere {
	<25.450472, 35.936577, 34.045727> 0.250000
	pigment { color rgbt <1,0,0,0> }
	no_shadow
}
cylinder {
	<25.777025, 36.167427, 34.037304>,  <25.972958, 36.305935, 34.032249>, 0.100000
	pigment { color rgbt <1,0,0,0> }
	no_shadow
}
cylinder {
	<25.777025, 36.167427, 34.037304>,  <25.450472, 35.936577, 34.045727>, 0.100000
	pigment { color rgbt <1,0,0,0> }
	no_shadow
}

// particle -1
sphere {
	<25.777025, 36.167427, 34.037304> 0.100000
	pigment { color rgbt <1,0,0,0> }
	no_shadow
}
sphere {
	0, 1
	scale<0.080000,0.200000,0.300000>
	matrix <-0.282591, 0.367418, -0.886084,
		-0.503644, 0.729337, 0.463045,
		0.816385, 0.577124, -0.021056,
		26.021940, 36.340565, 34.030987>
	pigment { color rgbt <0,1,1,0> }
	no_shadow
}
cylinder {
	<25.270504, 36.661705, 33.838890>,  <25.450472, 35.936577, 34.045727>, 0.130000
	pigment { color rgbt <1,0,0,0> }
	no_shadow
}

// nucleotide -1

// particle -1
sphere {
	<25.270504, 36.661705, 33.838890> 0.250000
	pigment { color rgbt <1,0,0,0> }
	no_shadow
}
cylinder {
	<25.650208, 36.600601, 33.728928>,  <25.878029, 36.563938, 33.662949>, 0.100000
	pigment { color rgbt <1,0,0,0> }
	no_shadow
}
cylinder {
	<25.650208, 36.600601, 33.728928>,  <25.270504, 36.661705, 33.838890>, 0.100000
	pigment { color rgbt <1,0,0,0> }
	no_shadow
}

// particle -1
sphere {
	<25.650208, 36.600601, 33.728928> 0.100000
	pigment { color rgbt <1,0,0,0> }
	no_shadow
}
sphere {
	0, 1
	scale<0.080000,0.200000,0.300000>
	matrix <-0.231787, 0.250998, -0.939827,
		0.212567, 0.955858, 0.202855,
		0.949257, -0.152757, -0.274910,
		25.934984, 36.554775, 33.646454>
	pigment { color rgbt <0,1,1,0> }
	no_shadow
}
cylinder {
	<25.290535, 37.092968, 33.182560>,  <25.270504, 36.661705, 33.838890>, 0.130000
	pigment { color rgbt <1,0,0,0> }
	no_shadow
}

// nucleotide -1

// particle -1
sphere {
	<25.290535, 37.092968, 33.182560> 0.250000
	pigment { color rgbt <1,0,0,0> }
	no_shadow
}
cylinder {
	<25.596916, 36.835857, 33.187523>,  <25.780746, 36.681591, 33.190502>, 0.100000
	pigment { color rgbt <1,0,0,0> }
	no_shadow
}
cylinder {
	<25.596916, 36.835857, 33.187523>,  <25.290535, 37.092968, 33.182560>, 0.100000
	pigment { color rgbt <1,0,0,0> }
	no_shadow
}

// particle -1
sphere {
	<25.596916, 36.835857, 33.187523> 0.100000
	pigment { color rgbt <1,0,0,0> }
	no_shadow
}
sphere {
	0, 1
	scale<0.080000,0.200000,0.300000>
	matrix <-0.054308, -0.083921, -0.994991,
		0.640596, 0.761445, -0.099188,
		0.765955, -0.642774, 0.012407,
		25.826702, 36.643024, 33.191246>
	pigment { color rgbt <0,1,1,0> }
	no_shadow
}
cylinder {
	<25.786257, 37.214378, 32.659027>,  <25.290535, 37.092968, 33.182560>, 0.130000
	pigment { color rgbt <1,0,0,0> }
	no_shadow
}

// nucleotide -1

// particle -1
sphere {
	<25.786257, 37.214378, 32.659027> 0.250000
	pigment { color rgbt <1,0,0,0> }
	no_shadow
}
cylinder {
	<25.790415, 36.819660, 32.723682>,  <25.792910, 36.582829, 32.762474>, 0.100000
	pigment { color rgbt <1,0,0,0> }
	no_shadow
}
cylinder {
	<25.790415, 36.819660, 32.723682>,  <25.786257, 37.214378, 32.659027>, 0.100000
	pigment { color rgbt <1,0,0,0> }
	no_shadow
}

// particle -1
sphere {
	<25.790415, 36.819660, 32.723682> 0.100000
	pigment { color rgbt <1,0,0,0> }
	no_shadow
}
sphere {
	0, 1
	scale<0.080000,0.200000,0.300000>
	matrix <-0.038877, -0.161924, -0.986037,
		0.999190, 0.003968, -0.040047,
		0.010397, -0.986795, 0.161638,
		25.793533, 36.523621, 32.772175>
	pigment { color rgbt <0,1,1,0> }
	no_shadow
}
cylinder {
	<26.347269, 36.896858, 32.159061>,  <25.786257, 37.214378, 32.659027>, 0.130000
	pigment { color rgbt <1,0,0,0> }
	no_shadow
}

// nucleotide -1

// particle -1
sphere {
	<26.347269, 36.896858, 32.159061> 0.250000
	pigment { color rgbt <1,0,0,0> }
	no_shadow
}
cylinder {
	<26.075451, 36.614128, 32.237659>,  <25.912359, 36.444489, 32.284821>, 0.100000
	pigment { color rgbt <1,0,0,0> }
	no_shadow
}
cylinder {
	<26.075451, 36.614128, 32.237659>,  <26.347269, 36.896858, 32.159061>, 0.100000
	pigment { color rgbt <1,0,0,0> }
	no_shadow
}

// particle -1
sphere {
	<26.075451, 36.614128, 32.237659> 0.100000
	pigment { color rgbt <1,0,0,0> }
	no_shadow
}
sphere {
	0, 1
	scale<0.080000,0.200000,0.300000>
	matrix <-0.067813, -0.206178, -0.976162,
		0.730493, -0.676670, 0.092175,
		-0.679544, -0.706829, 0.196499,
		25.871588, 36.402081, 32.296608>
	pigment { color rgbt <0,1,1,0> }
	no_shadow
}
cylinder {
	<26.570320, 36.309822, 31.852814>,  <26.347269, 36.896858, 32.159061>, 0.130000
	pigment { color rgbt <1,0,0,0> }
	no_shadow
}

// nucleotide -1

// particle -1
sphere {
	<26.570320, 36.309822, 31.852814> 0.250000
	pigment { color rgbt <1,0,0,0> }
	no_shadow
}
cylinder {
	<26.180553, 36.239979, 31.909418>,  <25.946693, 36.198074, 31.943380>, 0.100000
	pigment { color rgbt <1,0,0,0> }
	no_shadow
}
cylinder {
	<26.180553, 36.239979, 31.909418>,  <26.570320, 36.309822, 31.852814>, 0.100000
	pigment { color rgbt <1,0,0,0> }
	no_shadow
}

// particle -1
sphere {
	<26.180553, 36.239979, 31.909418> 0.100000
	pigment { color rgbt <1,0,0,0> }
	no_shadow
}
sphere {
	0, 1
	scale<0.080000,0.200000,0.300000>
	matrix <-0.105353, -0.201328, -0.973842,
		0.198529, -0.963836, 0.177782,
		-0.974416, -0.174606, 0.141512,
		25.888229, 36.187595, 31.951872>
	pigment { color rgbt <0,1,1,0> }
	no_shadow
}
cylinder {
	<26.456568, 35.782654, 31.504725>,  <26.570320, 36.309822, 31.852814>, 0.130000
	pigment { color rgbt <1,0,0,0> }
	no_shadow
}

// nucleotide -1

// particle -1
sphere {
	<26.456568, 35.782654, 31.504725> 0.250000
	pigment { color rgbt <1,0,0,0> }
	no_shadow
}
cylinder {
	<26.075270, 35.894035, 31.551683>,  <25.846491, 35.960865, 31.579859>, 0.100000
	pigment { color rgbt <1,0,0,0> }
	no_shadow
}
cylinder {
	<26.075270, 35.894035, 31.551683>,  <26.456568, 35.782654, 31.504725>, 0.100000
	pigment { color rgbt <1,0,0,0> }
	no_shadow
}

// particle -1
sphere {
	<26.075270, 35.894035, 31.551683> 0.100000
	pigment { color rgbt <1,0,0,0> }
	no_shadow
}
sphere {
	0, 1
	scale<0.080000,0.200000,0.300000>
	matrix <-0.153785, -0.112587, -0.981669,
		-0.260135, -0.953827, 0.150145,
		-0.953247, 0.278457, 0.117397,
		25.789295, 35.977573, 31.586903>
	pigment { color rgbt <0,1,1,0> }
	no_shadow
}
cylinder {
	<25.939827, 35.251411, 31.149078>,  <26.456568, 35.782654, 31.504725>, 0.130000
	pigment { color rgbt <1,0,0,0> }
	no_shadow
}

// nucleotide -1

// particle -1
sphere {
	<25.939827, 35.251411, 31.149078> 0.250000
	pigment { color rgbt <1,0,0,0> }
	no_shadow
}
cylinder {
	<25.794325, 35.621563, 31.191706>,  <25.707024, 35.843655, 31.217281>, 0.100000
	pigment { color rgbt <1,0,0,0> }
	no_shadow
}
cylinder {
	<25.794325, 35.621563, 31.191706>,  <25.939827, 35.251411, 31.149078>, 0.100000
	pigment { color rgbt <1,0,0,0> }
	no_shadow
}

// particle -1
sphere {
	<25.794325, 35.621563, 31.191706> 0.100000
	pigment { color rgbt <1,0,0,0> }
	no_shadow
}
sphere {
	0, 1
	scale<0.080000,0.200000,0.300000>
	matrix <-0.250319, 0.013088, -0.968075,
		-0.897231, -0.378819, 0.226879,
		-0.363755, 0.925379, 0.106568,
		25.685198, 35.899178, 31.223677>
	pigment { color rgbt <0,1,1,0> }
	no_shadow
}
cylinder {
	<25.230488, 35.278015, 31.024050>,  <25.939827, 35.251411, 31.149078>, 0.130000
	pigment { color rgbt <1,0,0,0> }
	no_shadow
}

// nucleotide -1

// particle -1
sphere {
	<25.230488, 35.278015, 31.024050> 0.250000
	pigment { color rgbt <1,0,0,0> }
	no_shadow
}
cylinder {
	<25.419168, 35.611393, 30.908909>,  <25.532377, 35.811420, 30.839825>, 0.100000
	pigment { color rgbt <1,0,0,0> }
	no_shadow
}
cylinder {
	<25.419168, 35.611393, 30.908909>,  <25.230488, 35.278015, 31.024050>, 0.100000
	pigment { color rgbt <1,0,0,0> }
	no_shadow
}

// particle -1
sphere {
	<25.419168, 35.611393, 30.908909> 0.100000
	pigment { color rgbt <1,0,0,0> }
	no_shadow
}
sphere {
	0, 1
	scale<0.080000,0.200000,0.300000>
	matrix <-0.307186, -0.150676, -0.939646,
		-0.826519, 0.531658, 0.184949,
		0.471703, 0.833449, -0.287855,
		25.560678, 35.861427, 30.822552>
	pigment { color rgbt <0,1,1,0> }
	no_shadow
}
cylinder {
	<24.793304, 35.640022, 30.447855>,  <25.230488, 35.278015, 31.024050>, 0.130000
	pigment { color rgbt <1,0,0,0> }
	no_shadow
}

// nucleotide -1

// particle -1
sphere {
	<24.793304, 35.640022, 30.447855> 0.250000
	pigment { color rgbt <1,0,0,0> }
	no_shadow
}
cylinder {
	<25.182081, 35.725540, 30.408623>,  <25.415348, 35.776852, 30.385084>, 0.100000
	pigment { color rgbt <1,0,0,0> }
	no_shadow
}
cylinder {
	<25.182081, 35.725540, 30.408623>,  <24.793304, 35.640022, 30.447855>, 0.100000
	pigment { color rgbt <1,0,0,0> }
	no_shadow
}

// particle -1
sphere {
	<25.182081, 35.725540, 30.408623> 0.100000
	pigment { color rgbt <1,0,0,0> }
	no_shadow
}
sphere {
	0, 1
	scale<0.080000,0.200000,0.300000>
	matrix <-0.057024, -0.190368, -0.980055,
		-0.228206, 0.958149, -0.172835,
		0.971941, 0.213799, -0.098081,
		25.473663, 35.789680, 30.379198>
	pigment { color rgbt <0,1,1,0> }
	no_shadow
}
cylinder {
	<24.872972, 36.285458, 30.854172>,  <24.793304, 35.640022, 30.447855>, 0.130000
	pigment { color rgbt <1,0,0,0> }
	no_shadow
}

// nucleotide -1

// particle -1
sphere {
	<24.872972, 36.285458, 30.854172> 0.250000
	pigment { color rgbt <1,0,0,0> }
	no_shadow
}
cylinder {
	<25.091146, 36.592808, 30.988094>,  <25.222052, 36.777218, 31.068449>, 0.100000
	pigment { color rgbt <1,0,0,0> }
	no_shadow
}
cylinder {
	<25.091146, 36.592808, 30.988094>,  <24.872972, 36.285458, 30.854172>, 0.100000
	pigment { color rgbt <1,0,0,0> }
	no_shadow
}

// particle -1
sphere {
	<25.091146, 36.592808, 30.988094> 0.100000
	pigment { color rgbt <1,0,0,0> }
	no_shadow
}
sphere {
	0, 1
	scale<0.080000,0.200000,0.300000>
	matrix <-0.790841, 0.604113, -0.098068,
		-0.277615, -0.211291, 0.937169,
		0.545436, 0.768377, 0.334808,
		25.254778, 36.823322, 31.088537>
	pigment { color rgbt <0,1,1,0> }
	no_shadow
}
cylinder {
	<24.651882, 36.775372, 31.301617>,  <24.872972, 36.285458, 30.854172>, 0.130000
	pigment { color rgbt <1,0,0,0> }
	no_shadow
}

// nucleotide -1

// particle -1
sphere {
	<24.651882, 36.775372, 31.301617> 0.250000
	pigment { color rgbt <1,0,0,0> }
	no_shadow
}
cylinder {
	<24.914839, 36.473953, 31.302567>,  <25.072613, 36.293102, 31.303137>, 0.100000
	pigment { color rgbt <1,0,0,0> }
	no_shadow
}
cylinder {
	<24.914839, 36.473953, 31.302567>,  <24.651882, 36.775372, 31.301617>, 0.100000
	pigment { color rgbt <1,0,0,0> }
	no_shadow
}

// particle -1
sphere {
	<24.914839, 36.473953, 31.302567> 0.100000
	pigment { color rgbt <1,0,0,0> }
	no_shadow
}
sphere {
	0, 1
	scale<0.080000,0.200000,0.300000>
	matrix <-0.127399, -0.108034, 0.985950,
		-0.742700, -0.648460, -0.167021,
		0.657394, -0.753544, 0.002376,
		25.112057, 36.247890, 31.303280>
	pigment { color rgbt <0,1,1,0> }
	no_shadow
}
cylinder {
	<24.619459, 36.497307, 31.907326>,  <24.651882, 36.775372, 31.301617>, 0.130000
	pigment { color rgbt <1,0,0,0> }
	no_shadow
}

// nucleotide -1

// particle -1
sphere {
	<24.619459, 36.497307, 31.907326> 0.250000
	pigment { color rgbt <1,0,0,0> }
	no_shadow
}
cylinder {
	<24.968166, 36.339149, 31.791613>,  <25.177391, 36.244255, 31.722185>, 0.100000
	pigment { color rgbt <1,0,0,0> }
	no_shadow
}
cylinder {
	<24.968166, 36.339149, 31.791613>,  <24.619459, 36.497307, 31.907326>, 0.100000
	pigment { color rgbt <1,0,0,0> }
	no_shadow
}

// particle -1
sphere {
	<24.968166, 36.339149, 31.791613> 0.100000
	pigment { color rgbt <1,0,0,0> }
	no_shadow
}
sphere {
	0, 1
	scale<0.080000,0.200000,0.300000>
	matrix <0.184553, -0.281940, 0.941515,
		-0.453827, -0.874171, -0.172816,
		0.871769, -0.395391, -0.289283,
		25.229696, 36.220531, 31.704828>
	pigment { color rgbt <0,1,1,0> }
	no_shadow
}
cylinder {
	<24.677719, 35.831600, 32.258404>,  <24.619459, 36.497307, 31.907326>, 0.130000
	pigment { color rgbt <1,0,0,0> }
	no_shadow
}

// nucleotide -1

// particle -1
sphere {
	<24.677719, 35.831600, 32.258404> 0.250000
	pigment { color rgbt <1,0,0,0> }
	no_shadow
}
cylinder {
	<25.035887, 35.981205, 32.161785>,  <25.250788, 36.070969, 32.103813>, 0.100000
	pigment { color rgbt <1,0,0,0> }
	no_shadow
}
cylinder {
	<25.035887, 35.981205, 32.161785>,  <24.677719, 35.831600, 32.258404>, 0.100000
	pigment { color rgbt <1,0,0,0> }
	no_shadow
}

// particle -1
sphere {
	<25.035887, 35.981205, 32.161785> 0.100000
	pigment { color rgbt <1,0,0,0> }
	no_shadow
}
sphere {
	0, 1
	scale<0.080000,0.200000,0.300000>
	matrix <0.288676, -0.074677, 0.954510,
		0.338959, -0.924413, -0.174835,
		0.895418, 0.374010, -0.241544,
		25.304512, 36.093407, 32.089321>
	pigment { color rgbt <0,1,1,0> }
	no_shadow
}
cylinder {
	<25.130737, 35.389507, 32.603954>,  <24.677719, 35.831600, 32.258404>, 0.130000
	pigment { color rgbt <1,0,0,0> }
	no_shadow
}

// nucleotide -1

// particle -1
sphere {
	<25.130737, 35.389507, 32.603954> 0.250000
	pigment { color rgbt <1,0,0,0> }
	no_shadow
}
cylinder {
	<25.340910, 35.718655, 32.517406>,  <25.467012, 35.916142, 32.465477>, 0.100000
	pigment { color rgbt <1,0,0,0> }
	no_shadow
}
cylinder {
	<25.340910, 35.718655, 32.517406>,  <25.130737, 35.389507, 32.603954>, 0.100000
	pigment { color rgbt <1,0,0,0> }
	no_shadow
}

// particle -1
sphere {
	<25.340910, 35.718655, 32.517406> 0.100000
	pigment { color rgbt <1,0,0,0> }
	no_shadow
}
sphere {
	0, 1
	scale<0.080000,0.200000,0.300000>
	matrix <0.382391, -0.001206, 0.924000,
		0.760066, -0.568235, -0.315290,
		0.525429, 0.822865, -0.216372,
		25.498539, 35.965515, 32.452496>
	pigment { color rgbt <0,1,1,0> }
	no_shadow
}
cylinder {
	<25.819857, 35.221928, 32.659679>,  <25.130737, 35.389507, 32.603954>, 0.130000
	pigment { color rgbt <1,0,0,0> }
	no_shadow
}

// nucleotide -1

// particle -1
sphere {
	<25.819857, 35.221928, 32.659679> 0.250000
	pigment { color rgbt <1,0,0,0> }
	no_shadow
}
cylinder {
	<25.771030, 35.615730, 32.710022>,  <25.741735, 35.852013, 32.740227>, 0.100000
	pigment { color rgbt <1,0,0,0> }
	no_shadow
}
cylinder {
	<25.771030, 35.615730, 32.710022>,  <25.819857, 35.221928, 32.659679>, 0.100000
	pigment { color rgbt <1,0,0,0> }
	no_shadow
}

// particle -1
sphere {
	<25.771030, 35.615730, 32.710022> 0.100000
	pigment { color rgbt <1,0,0,0> }
	no_shadow
}
sphere {
	0, 1
	scale<0.080000,0.200000,0.300000>
	matrix <0.508400, -0.046888, 0.859843,
		0.852426, 0.168944, -0.494802,
		-0.122065, 0.984510, 0.125860,
		25.734411, 35.911083, 32.747780>
	pigment { color rgbt <0,1,1,0> }
	no_shadow
}
cylinder {
	<26.372484, 35.438717, 32.919556>,  <25.819857, 35.221928, 32.659679>, 0.130000
	pigment { color rgbt <1,0,0,0> }
	no_shadow
}

// nucleotide -1

// particle -1
sphere {
	<26.372484, 35.438717, 32.919556> 0.250000
	pigment { color rgbt <1,0,0,0> }
	no_shadow
}
cylinder {
	<26.158302, 35.764553, 33.008751>,  <26.029793, 35.960056, 33.062267>, 0.100000
	pigment { color rgbt <1,0,0,0> }
	no_shadow
}
cylinder {
	<26.158302, 35.764553, 33.008751>,  <26.372484, 35.438717, 32.919556>, 0.100000
	pigment { color rgbt <1,0,0,0> }
	no_shadow
}

// particle -1
sphere {
	<26.158302, 35.764553, 33.008751> 0.100000
	pigment { color rgbt <1,0,0,0> }
	no_shadow
}
sphere {
	0, 1
	scale<0.080000,0.200000,0.300000>
	matrix <0.621067, 0.200861, 0.757582,
		0.572332, 0.544142, -0.613470,
		-0.535455, 0.814594, 0.222990,
		25.997665, 36.008930, 33.075649>
	pigment { color rgbt <0,1,1,0> }
	no_shadow
}
cylinder {
	<26.915758, 36.049107, 32.886486>,  <26.372484, 35.438717, 32.919556>, 0.130000
	pigment { color rgbt <1,0,0,0> }
	no_shadow
}

// nucleotide -1

// particle -1
sphere {
	<26.915758, 36.049107, 32.886486> 0.250000
	pigment { color rgbt <1,0,0,0> }
	no_shadow
}
cylinder {
	<26.585136, 36.077015, 33.109894>,  <26.386765, 36.093761, 33.243938>, 0.100000
	pigment { color rgbt <1,0,0,0> }
	no_shadow
}
cylinder {
	<26.585136, 36.077015, 33.109894>,  <26.915758, 36.049107, 32.886486>, 0.100000
	pigment { color rgbt <1,0,0,0> }
	no_shadow
}

// particle -1
sphere {
	<26.585136, 36.077015, 33.109894> 0.100000
	pigment { color rgbt <1,0,0,0> }
	no_shadow
}
sphere {
	0, 1
	scale<0.080000,0.200000,0.300000>
	matrix <0.558632, 0.223062, 0.798857,
		-0.068847, 0.972304, -0.223349,
		-0.826553, 0.069771, 0.558518,
		26.337170, 36.097946, 33.277451>
	pigment { color rgbt <0,1,1,0> }
	no_shadow
}
cylinder {
	<27.458666, 36.447418, 32.731911>,  <26.915758, 36.049107, 32.886486>, 0.130000
	pigment { color rgbt <1,0,0,0> }
	no_shadow
}

// nucleotide -1

// particle -1
sphere {
	<27.458666, 36.447418, 32.731911> 0.250000
	pigment { color rgbt <1,0,0,0> }
	no_shadow
}
cylinder {
	<27.702299, 36.168724, 32.883480>,  <27.848478, 36.001507, 32.974422>, 0.100000
	pigment { color rgbt <1,0,0,0> }
	no_shadow
}
cylinder {
	<27.702299, 36.168724, 32.883480>,  <27.458666, 36.447418, 32.731911>, 0.100000
	pigment { color rgbt <1,0,0,0> }
	no_shadow
}

// particle -1
sphere {
	<27.702299, 36.168724, 32.883480> 0.100000
	pigment { color rgbt <1,0,0,0> }
	no_shadow
}
sphere {
	0, 1
	scale<0.080000,0.200000,0.300000>
	matrix <0.016305, -0.466670, -0.884281,
		0.792939, 0.544778, -0.272880,
		0.609082, -0.696732, 0.378923,
		27.885023, 35.959705, 32.997158>
	pigment { color rgbt <0,1,1,0> }
	no_shadow
}
cylinder {
	<28.022005, 36.311054, 32.300468>,  <27.458666, 36.447418, 32.731911>, 0.130000
	pigment { color rgbt <1,0,0,0> }
	no_shadow
}

// nucleotide -1

// particle -1
sphere {
	<28.022005, 36.311054, 32.300468> 0.250000
	pigment { color rgbt <1,0,0,0> }
	no_shadow
}
cylinder {
	<28.020163, 35.982407, 32.528473>,  <28.019058, 35.785217, 32.665276>, 0.100000
	pigment { color rgbt <1,0,0,0> }
	no_shadow
}
cylinder {
	<28.020163, 35.982407, 32.528473>,  <28.022005, 36.311054, 32.300468>, 0.100000
	pigment { color rgbt <1,0,0,0> }
	no_shadow
}

// particle -1
sphere {
	<28.020163, 35.982407, 32.528473> 0.100000
	pigment { color rgbt <1,0,0,0> }
	no_shadow
}
sphere {
	0, 1
	scale<0.080000,0.200000,0.300000>
	matrix <0.112034, -0.566855, -0.816164,
		0.993694, 0.060103, 0.094660,
		-0.004604, -0.821622, 0.570013,
		28.018782, 35.735920, 32.699478>
	pigment { color rgbt <0,1,1,0> }
	no_shadow
}
cylinder {
	<28.496332, 35.854843, 31.916359>,  <28.022005, 36.311054, 32.300468>, 0.130000
	pigment { color rgbt <1,0,0,0> }
	no_shadow
}

// nucleotide -1

// particle -1
sphere {
	<28.496332, 35.854843, 31.916359> 0.250000
	pigment { color rgbt <1,0,0,0> }
	no_shadow
}
cylinder {
	<28.299028, 35.648884, 32.196808>,  <28.180645, 35.525307, 32.365078>, 0.100000
	pigment { color rgbt <1,0,0,0> }
	no_shadow
}
cylinder {
	<28.299028, 35.648884, 32.196808>,  <28.496332, 35.854843, 31.916359>, 0.100000
	pigment { color rgbt <1,0,0,0> }
	no_shadow
}

// particle -1
sphere {
	<28.299028, 35.648884, 32.196808> 0.100000
	pigment { color rgbt <1,0,0,0> }
	no_shadow
}
sphere {
	0, 1
	scale<0.080000,0.200000,0.300000>
	matrix <-0.116932, -0.759437, -0.639986,
		0.861987, -0.397664, 0.314392,
		-0.493261, -0.514897, 0.701124,
		28.151051, 35.494415, 32.407146>
	pigment { color rgbt <0,1,1,0> }
	no_shadow
}
cylinder {
	<28.599487, 35.153694, 31.856070>,  <28.496332, 35.854843, 31.916359>, 0.130000
	pigment { color rgbt <1,0,0,0> }
	no_shadow
}

// nucleotide -1

// particle -1
sphere {
	<28.599487, 35.153694, 31.856070> 0.250000
	pigment { color rgbt <1,0,0,0> }
	no_shadow
}
cylinder {
	<28.283360, 35.140137, 32.100773>,  <28.093683, 35.132004, 32.247597>, 0.100000
	pigment { color rgbt <1,0,0,0> }
	no_shadow
}
cylinder {
	<28.283360, 35.140137, 32.100773>,  <28.599487, 35.153694, 31.856070>, 0.100000
	pigment { color rgbt <1,0,0,0> }
	no_shadow
}

// particle -1
sphere {
	<28.283360, 35.140137, 32.100773> 0.100000
	pigment { color rgbt <1,0,0,0> }
	no_shadow
}
sphere {
	0, 1
	scale<0.080000,0.200000,0.300000>
	matrix <-0.330609, -0.817047, -0.472368,
		0.515844, -0.575574, 0.634523,
		-0.790318, -0.033889, 0.611759,
		28.046265, 35.129971, 32.284302>
	pigment { color rgbt <0,1,1,0> }
	no_shadow
}
cylinder {
	<28.539667, 34.522823, 32.122303>,  <28.599487, 35.153694, 31.856070>, 0.130000
	pigment { color rgbt <1,0,0,0> }
	no_shadow
}

// nucleotide -1

// particle -1
sphere {
	<28.539667, 34.522823, 32.122303> 0.250000
	pigment { color rgbt <1,0,0,0> }
	no_shadow
}
cylinder {
	<28.188690, 34.713871, 32.104557>,  <27.978104, 34.828499, 32.093910>, 0.100000
	pigment { color rgbt <1,0,0,0> }
	no_shadow
}
cylinder {
	<28.188690, 34.713871, 32.104557>,  <28.539667, 34.522823, 32.122303>, 0.100000
	pigment { color rgbt <1,0,0,0> }
	no_shadow
}

// particle -1
sphere {
	<28.188690, 34.713871, 32.104557> 0.100000
	pigment { color rgbt <1,0,0,0> }
	no_shadow
}
sphere {
	0, 1
	scale<0.080000,0.200000,0.300000>
	matrix <-0.362077, -0.720149, -0.591849,
		-0.314629, -0.503251, 0.804827,
		-0.877445, 0.477622, -0.044364,
		27.925457, 34.857159, 32.091248>
	pigment { color rgbt <0,1,1,0> }
	no_shadow
}
cylinder {
	<29.159187, 34.480621, 32.440186>,  <28.539667, 34.522823, 32.122303>, 0.130000
	pigment { color rgbt <1,0,0,0> }
	no_shadow
}

// nucleotide -1

// particle -1
sphere {
	<29.159187, 34.480621, 32.440186> 0.250000
	pigment { color rgbt <1,0,0,0> }
	no_shadow
}
cylinder {
	<29.507471, 34.435604, 32.631683>,  <29.716442, 34.408592, 32.746582>, 0.100000
	pigment { color rgbt <1,0,0,0> }
	no_shadow
}
cylinder {
	<29.507471, 34.435604, 32.631683>,  <29.159187, 34.480621, 32.440186>, 0.100000
	pigment { color rgbt <1,0,0,0> }
	no_shadow
}

// particle -1
sphere {
	<29.507471, 34.435604, 32.631683> 0.100000
	pigment { color rgbt <1,0,0,0> }
	no_shadow
}
sphere {
	0, 1
	scale<0.080000,0.200000,0.300000>
	matrix <-0.491334, -0.156833, 0.856735,
		-0.021334, -0.981192, -0.191850,
		0.870710, -0.112540, 0.478748,
		29.768684, 34.401840, 32.775307>
	pigment { color rgbt <0,1,1,0> }
	no_shadow
}
cylinder {
	<29.127455, 33.756058, 32.774113>,  <29.159187, 34.480621, 32.440186>, 0.130000
	pigment { color rgbt <1,0,0,0> }
	no_shadow
}

// nucleotide -1

// particle -1
sphere {
	<29.127455, 33.756058, 32.774113> 0.250000
	pigment { color rgbt <1,0,0,0> }
	no_shadow
}
cylinder {
	<29.374746, 34.013664, 32.954350>,  <29.523121, 34.168228, 33.062492>, 0.100000
	pigment { color rgbt <1,0,0,0> }
	no_shadow
}
cylinder {
	<29.374746, 34.013664, 32.954350>,  <29.127455, 33.756058, 32.774113>, 0.100000
	pigment { color rgbt <1,0,0,0> }
	no_shadow
}

// particle -1
sphere {
	<29.374746, 34.013664, 32.954350> 0.100000
	pigment { color rgbt <1,0,0,0> }
	no_shadow
}
sphere {
	0, 1
	scale<0.080000,0.200000,0.300000>
	matrix <-0.547308, -0.058736, 0.834868,
		0.564135, -0.762753, 0.316163,
		0.618228, 0.644017, 0.450596,
		29.560215, 34.206871, 33.089527>
	pigment { color rgbt <0,1,1,0> }
	no_shadow
}
cylinder {
	<29.498671, 33.496471, 33.385620>,  <29.127455, 33.756058, 32.774113>, 0.130000
	pigment { color rgbt <1,0,0,0> }
	no_shadow
}

// nucleotide -1

// particle -1
sphere {
	<29.498671, 33.496471, 33.385620> 0.250000
	pigment { color rgbt <1,0,0,0> }
	no_shadow
}
cylinder {
	<29.429966, 33.889725, 33.410744>,  <29.388744, 34.125675, 33.425819>, 0.100000
	pigment { color rgbt <1,0,0,0> }
	no_shadow
}
cylinder {
	<29.429966, 33.889725, 33.410744>,  <29.498671, 33.496471, 33.385620>, 0.100000
	pigment { color rgbt <1,0,0,0> }
	no_shadow
}

// particle -1
sphere {
	<29.429966, 33.889725, 33.410744> 0.100000
	pigment { color rgbt <1,0,0,0> }
	no_shadow
}
sphere {
	0, 1
	scale<0.080000,0.200000,0.300000>
	matrix <-0.544996, -0.147940, 0.825283,
		0.820657, 0.107520, 0.561215,
		-0.171761, 0.983134, 0.062810,
		29.378437, 34.184666, 33.429588>
	pigment { color rgbt <0,1,1,0> }
	no_shadow
}
cylinder {
	<29.781406, 33.646469, 34.086613>,  <29.498671, 33.496471, 33.385620>, 0.130000
	pigment { color rgbt <1,0,0,0> }
	no_shadow
}

// nucleotide -1

// particle -1
sphere {
	<29.781406, 33.646469, 34.086613> 0.250000
	pigment { color rgbt <1,0,0,0> }
	no_shadow
}
cylinder {
	<29.506227, 33.913723, 33.973251>,  <29.341120, 34.074078, 33.905235>, 0.100000
	pigment { color rgbt <1,0,0,0> }
	no_shadow
}
cylinder {
	<29.506227, 33.913723, 33.973251>,  <29.781406, 33.646469, 34.086613>, 0.100000
	pigment { color rgbt <1,0,0,0> }
	no_shadow
}

// particle -1
sphere {
	<29.506227, 33.913723, 33.973251> 0.100000
	pigment { color rgbt <1,0,0,0> }
	no_shadow
}
sphere {
	0, 1
	scale<0.080000,0.200000,0.300000>
	matrix <-0.530205, -0.196027, 0.824898,
		0.495590, 0.717750, 0.489106,
		-0.687948, 0.668138, -0.283406,
		29.299843, 34.114162, 33.888229>
	pigment { color rgbt <0,1,1,0> }
	no_shadow
}
cylinder {
	<29.646872, 34.117329, 34.683514>,  <29.781406, 33.646469, 34.086613>, 0.130000
	pigment { color rgbt <1,0,0,0> }
	no_shadow
}

// nucleotide -1

// particle -1
sphere {
	<29.646872, 34.117329, 34.683514> 0.250000
	pigment { color rgbt <1,0,0,0> }
	no_shadow
}
cylinder {
	<29.333641, 34.148254, 34.436672>,  <29.145702, 34.166809, 34.288567>, 0.100000
	pigment { color rgbt <1,0,0,0> }
	no_shadow
}
cylinder {
	<29.333641, 34.148254, 34.436672>,  <29.646872, 34.117329, 34.683514>, 0.100000
	pigment { color rgbt <1,0,0,0> }
	no_shadow
}

// particle -1
sphere {
	<29.333641, 34.148254, 34.436672> 0.100000
	pigment { color rgbt <1,0,0,0> }
	no_shadow
}
sphere {
	0, 1
	scale<0.080000,0.200000,0.300000>
	matrix <-0.621772, -0.075366, 0.779564,
		0.013761, 0.994154, 0.107088,
		-0.783077, 0.077312, -0.617100,
		29.098719, 34.171448, 34.251541>
	pigment { color rgbt <0,1,1,0> }
	no_shadow
}
cylinder {
	<29.213755, 34.485012, 35.019482>,  <29.646872, 34.117329, 34.683514>, 0.130000
	pigment { color rgbt <1,0,0,0> }
	no_shadow
}

// nucleotide -1

// particle -1
sphere {
	<29.213755, 34.485012, 35.019482> 0.250000
	pigment { color rgbt <1,0,0,0> }
	no_shadow
}
cylinder {
	<28.956326, 34.344036, 34.747719>,  <28.801868, 34.259449, 34.584660>, 0.100000
	pigment { color rgbt <1,0,0,0> }
	no_shadow
}
cylinder {
	<28.956326, 34.344036, 34.747719>,  <29.213755, 34.485012, 35.019482>, 0.100000
	pigment { color rgbt <1,0,0,0> }
	no_shadow
}

// particle -1
sphere {
	<28.956326, 34.344036, 34.747719> 0.100000
	pigment { color rgbt <1,0,0,0> }
	no_shadow
}
sphere {
	0, 1
	scale<0.080000,0.200000,0.300000>
	matrix <-0.686677, -0.126199, 0.715925,
		-0.338063, 0.927285, -0.160797,
		-0.643574, -0.352443, -0.679408,
		28.763254, 34.238304, 34.543896>
	pigment { color rgbt <0,1,1,0> }
	no_shadow
}
cylinder {
	<28.569513, 34.535614, 35.325306>,  <29.213755, 34.485012, 35.019482>, 0.130000
	pigment { color rgbt <1,0,0,0> }
	no_shadow
}

// nucleotide -1

// particle -1
sphere {
	<28.569513, 34.535614, 35.325306> 0.250000
	pigment { color rgbt <1,0,0,0> }
	no_shadow
}
cylinder {
	<28.842150, 34.788151, 35.177338>,  <29.005732, 34.939674, 35.088558>, 0.100000
	pigment { color rgbt <1,0,0,0> }
	no_shadow
}
cylinder {
	<28.842150, 34.788151, 35.177338>,  <28.569513, 34.535614, 35.325306>, 0.100000
	pigment { color rgbt <1,0,0,0> }
	no_shadow
}

// particle -1
sphere {
	<28.842150, 34.788151, 35.177338> 0.100000
	pigment { color rgbt <1,0,0,0> }
	no_shadow
}
sphere {
	0, 1
	scale<0.080000,0.200000,0.300000>
	matrix <-0.427514, -0.066698, -0.901545,
		-0.593856, 0.772631, 0.224447,
		0.681591, 0.631342, -0.369920,
		29.046627, 34.977554, 35.066360>
	pigment { color rgbt <0,1,1,0> }
	no_shadow
}
cylinder {
	<28.453873, 33.847546, 35.407520>,  <28.569513, 34.535614, 35.325306>, 0.130000
	pigment { color rgbt <1,0,0,0> }
	no_shadow
}

// nucleotide -1

// particle -1
sphere {
	<28.453873, 33.847546, 35.407520> 0.250000
	pigment { color rgbt <1,0,0,0> }
	no_shadow
}
cylinder {
	<28.097826, 33.779060, 35.238579>,  <27.884199, 33.737968, 35.137215>, 0.100000
	pigment { color rgbt <1,0,0,0> }
	no_shadow
}
cylinder {
	<28.097826, 33.779060, 35.238579>,  <28.453873, 33.847546, 35.407520>, 0.100000
	pigment { color rgbt <1,0,0,0> }
	no_shadow
}

// particle -1
sphere {
	<28.097826, 33.779060, 35.238579> 0.100000
	pigment { color rgbt <1,0,0,0> }
	no_shadow
}
sphere {
	0, 1
	scale<0.080000,0.200000,0.300000>
	matrix <0.415504, 0.075822, -0.906426,
		0.187219, -0.982311, 0.003651,
		-0.890116, -0.171217, -0.422349,
		27.830791, 33.727695, 35.111874>
	pigment { color rgbt <0,1,1,0> }
	no_shadow
}
cylinder {
	<28.536623, 33.229263, 35.016106>,  <28.453873, 33.847546, 35.407520>, 0.130000
	pigment { color rgbt <1,0,0,0> }
	no_shadow
}

// nucleotide -1

// particle -1
sphere {
	<28.536623, 33.229263, 35.016106> 0.250000
	pigment { color rgbt <1,0,0,0> }
	no_shadow
}
cylinder {
	<28.299879, 33.532406, 34.906300>,  <28.157833, 33.714291, 34.840416>, 0.100000
	pigment { color rgbt <1,0,0,0> }
	no_shadow
}
cylinder {
	<28.299879, 33.532406, 34.906300>,  <28.536623, 33.229263, 35.016106>, 0.100000
	pigment { color rgbt <1,0,0,0> }
	no_shadow
}

// particle -1
sphere {
	<28.299879, 33.532406, 34.906300> 0.100000
	pigment { color rgbt <1,0,0,0> }
	no_shadow
}
sphere {
	0, 1
	scale<0.080000,0.200000,0.300000>
	matrix <0.575864, 0.159270, -0.801882,
		-0.563990, -0.632682, -0.530687,
		-0.591858, 0.757857, -0.274512,
		28.122322, 33.759762, 34.823944>
	pigment { color rgbt <0,1,1,0> }
	no_shadow
}
cylinder {
	<28.373360, 33.136909, 34.291492>,  <28.536623, 33.229263, 35.016106>, 0.130000
	pigment { color rgbt <1,0,0,0> }
	no_shadow
}

// nucleotide -1

// particle -1
sphere {
	<28.373360, 33.136909, 34.291492> 0.250000
	pigment { color rgbt <1,0,0,0> }
	no_shadow
}
cylinder {
	<28.321180, 33.517197, 34.404003>,  <28.289873, 33.745369, 34.471508>, 0.100000
	pigment { color rgbt <1,0,0,0> }
	no_shadow
}
cylinder {
	<28.321180, 33.517197, 34.404003>,  <28.373360, 33.136909, 34.291492>, 0.100000
	pigment { color rgbt <1,0,0,0> }
	no_shadow
}

// particle -1
sphere {
	<28.321180, 33.517197, 34.404003> 0.100000
	pigment { color rgbt <1,0,0,0> }
	no_shadow
}
sphere {
	0, 1
	scale<0.080000,0.200000,0.300000>
	matrix <0.475078, 0.308949, -0.823924,
		-0.870221, 0.026151, -0.491967,
		-0.130446, 0.950719, 0.281278,
		28.282047, 33.802414, 34.488388>
	pigment { color rgbt <0,1,1,0> }
	no_shadow
}
cylinder {
	<27.930014, 33.588772, 33.795811>,  <28.373360, 33.136909, 34.291492>, 0.130000
	pigment { color rgbt <1,0,0,0> }
	no_shadow
}

// nucleotide -1

// particle -1
sphere {
	<27.930014, 33.588772, 33.795811> 0.250000
	pigment { color rgbt <1,0,0,0> }
	no_shadow
}
cylinder {
	<28.195812, 33.793179, 34.013916>,  <28.355291, 33.915821, 34.144779>, 0.100000
	pigment { color rgbt <1,0,0,0> }
	no_shadow
}
cylinder {
	<28.195812, 33.793179, 34.013916>,  <27.930014, 33.588772, 33.795811>, 0.100000
	pigment { color rgbt <1,0,0,0> }
	no_shadow
}

// particle -1
sphere {
	<28.195812, 33.793179, 34.013916> 0.100000
	pigment { color rgbt <1,0,0,0> }
	no_shadow
}
sphere {
	0, 1
	scale<0.080000,0.200000,0.300000>
	matrix <0.545501, 0.167005, -0.821302,
		-0.510758, 0.843193, -0.167784,
		0.664495, 0.511014, 0.545262,
		28.395161, 33.946484, 34.177494>
	pigment { color rgbt <0,1,1,0> }
	no_shadow
}
cylinder {
	<28.213097, 33.932014, 33.333313>,  <27.930014, 33.588772, 33.795811>, 0.130000
	pigment { color rgbt <1,0,0,0> }
	no_shadow
}

// nucleotide -1

// particle -1
sphere {
	<28.213097, 33.932014, 33.333313> 0.250000
	pigment { color rgbt <1,0,0,0> }
	no_shadow
}
cylinder {
	<28.475227, 33.998844, 33.627968>,  <28.632505, 34.038940, 33.804760>, 0.100000
	pigment { color rgbt <1,0,0,0> }
	no_shadow
}
cylinder {
	<28.475227, 33.998844, 33.627968>,  <28.213097, 33.932014, 33.333313>, 0.100000
	pigment { color rgbt <1,0,0,0> }
	no_shadow
}

// particle -1
sphere {
	<28.475227, 33.998844, 33.627968> 0.100000
	pigment { color rgbt <1,0,0,0> }
	no_shadow
}
sphere {
	0, 1
	scale<0.080000,0.200000,0.300000>
	matrix <0.691510, 0.259674, -0.674080,
		-0.303906, 0.951134, 0.054639,
		0.655328, 0.167074, 0.736635,
		28.671825, 34.048965, 33.848957>
	pigment { color rgbt <0,1,1,0> }
	no_shadow
}
cylinder {
	<28.140823, 34.686661, 33.641579>,  <28.213097, 33.932014, 33.333313>, 0.130000
	pigment { color rgbt <1,0,0,0> }
	no_shadow
}

// nucleotide -1

// particle -1
sphere {
	<28.140823, 34.686661, 33.641579> 0.250000
	pigment { color rgbt <1,0,0,0> }
	no_shadow
}
cylinder {
	<28.450064, 34.629372, 33.888741>,  <28.635607, 34.594997, 34.037037>, 0.100000
	pigment { color rgbt <1,0,0,0> }
	no_shadow
}
cylinder {
	<28.450064, 34.629372, 33.888741>,  <28.140823, 34.686661, 33.641579>, 0.100000
	pigment { color rgbt <1,0,0,0> }
	no_shadow
}

// particle -1
sphere {
	<28.450064, 34.629372, 33.888741> 0.100000
	pigment { color rgbt <1,0,0,0> }
	no_shadow
}
sphere {
	0, 1
	scale<0.080000,0.200000,0.300000>
	matrix <0.627684, 0.312936, -0.712801,
		-0.091272, 0.938913, 0.331831,
		0.773099, -0.143226, 0.617903,
		28.681993, 34.586403, 34.074112>
	pigment { color rgbt <0,1,1,0> }
	no_shadow
}
cylinder {
	<28.590572, 35.314659, 33.570194>,  <28.140823, 34.686661, 33.641579>, 0.130000
	pigment { color rgbt <1,0,0,0> }
	no_shadow
}

// nucleotide -1

// particle -1
sphere {
	<28.590572, 35.314659, 33.570194> 0.250000
	pigment { color rgbt <1,0,0,0> }
	no_shadow
}
cylinder {
	<28.797430, 34.996052, 33.695496>,  <28.921545, 34.804890, 33.770676>, 0.100000
	pigment { color rgbt <1,0,0,0> }
	no_shadow
}
cylinder {
	<28.797430, 34.996052, 33.695496>,  <28.590572, 35.314659, 33.570194>, 0.100000
	pigment { color rgbt <1,0,0,0> }
	no_shadow
}

// particle -1
sphere {
	<28.797430, 34.996052, 33.695496> 0.100000
	pigment { color rgbt <1,0,0,0> }
	no_shadow
}
sphere {
	0, 1
	scale<0.080000,0.200000,0.300000>
	matrix <0.699834, 0.182810, -0.690516,
		0.492741, 0.576320, 0.651967,
		0.517144, -0.796515, 0.313250,
		28.952574, 34.757099, 33.789471>
	pigment { color rgbt <0,1,1,0> }
	no_shadow
}
cylinder {
	<29.313822, 35.467369, 33.740551>,  <28.590572, 35.314659, 33.570194>, 0.130000
	pigment { color rgbt <1,0,0,0> }
	no_shadow
}

// nucleotide -1

// particle -1
sphere {
	<29.313822, 35.467369, 33.740551> 0.250000
	pigment { color rgbt <1,0,0,0> }
	no_shadow
}
cylinder {
	<29.315836, 35.084206, 33.625744>,  <29.317043, 34.854305, 33.556858>, 0.100000
	pigment { color rgbt <1,0,0,0> }
	no_shadow
}
cylinder {
	<29.315836, 35.084206, 33.625744>,  <29.313822, 35.467369, 33.740551>, 0.100000
	pigment { color rgbt <1,0,0,0> }
	no_shadow
}

// particle -1
sphere {
	<29.315836, 35.084206, 33.625744> 0.100000
	pigment { color rgbt <1,0,0,0> }
	no_shadow
}
sphere {
	0, 1
	scale<0.080000,0.200000,0.300000>
	matrix <0.658749, 0.219118, -0.719748,
		0.752346, -0.185449, 0.632127,
		0.005034, -0.957912, -0.287017,
		29.317347, 34.796833, 33.539639>
	pigment { color rgbt <0,1,1,0> }
	no_shadow
}
cylinder {
	<30.044016, 35.369869, 33.450638>,  <29.313822, 35.467369, 33.740551>, 0.130000
	pigment { color rgbt <1,0,0,0> }
	no_shadow
}

// nucleotide -1

// particle -1
sphere {
	<30.044016, 35.369869, 33.450638> 0.250000
	pigment { color rgbt <1,0,0,0> }
	no_shadow
}
cylinder {
	<29.779272, 35.094616, 33.331699>,  <29.620426, 34.929462, 33.260338>, 0.100000
	pigment { color rgbt <1,0,0,0> }
	no_shadow
}
cylinder {
	<29.779272, 35.094616, 33.331699>,  <30.044016, 35.369869, 33.450638>, 0.100000
	pigment { color rgbt <1,0,0,0> }
	no_shadow
}

// particle -1
sphere {
	<29.779272, 35.094616, 33.331699> 0.100000
	pigment { color rgbt <1,0,0,0> }
	no_shadow
}
sphere {
	0, 1
	scale<0.080000,0.200000,0.300000>
	matrix <0.288985, 0.131776, -0.948221,
