// switches for output
#declare DRAW_BASES = 1; // possible values are 0, 1; only relevant for DNA ribbons
#declare DRAW_BASES_TYPE = 3; // possible values are 1, 2, 3; only relevant for DNA ribbons
#declare DRAW_FOG = 0; // set to 1 to enable fog

#include "colors.inc"

#include "transforms.inc"
background { rgb <1, 1, 1>}

#default {
   normal{
       ripples 0.25
       frequency 0.20
       turbulence 0.2
       lambda 5
   }
	finish {
		phong 0.1
		phong_size 40.
	}
}

// original window dimensions: 1024x640


// camera settings

camera {
	sky <0, 0.179814, -0.983701>
	up <0, 0.179814, -0.983701>
	right 1.6 * <1, 0, 0>
	location <35, 94.9851, 44.8844>
	look_at <35, 29.7336, 32.9568>
	direction <0, -65.2515, -11.9276>
	angle 67.0682
}


# declare cpy_camera_pos = <35, 94.9851, 44.8844>;
# if (DRAW_FOG = 1)
fog {
	fog_type 2
	up vnormalize(cpy_camera_pos)
	color rgbt<1,1,1,0.3>
	distance 1e-5
	fog_alt 3e-3
	fog_offset 56
}
# end


// LIGHTS

# declare lum = 6;
global_settings {
	ambient_light rgb lum * <0.05, 0.05, 0.05>
	max_trace_level 15
}# declare cpy_direct_light_amount = 0.25;
light_source
{	1000 * <-1, -1.16352, -0.803886>,
	rgb lum * cpy_direct_light_amount
	parallel
}

light_source
{	1000 * <1, 1.16352, 0.803886>,
	rgb lum * cpy_direct_light_amount
	parallel
}

// strand 0

// nucleotide -1

// particle -1
sphere {
	<23.900526, 35.121086, 35.161381> 0.250000
	pigment { color rgbt <1,0,0,0> }
	no_shadow
}
cylinder {
	<24.288382, 35.024826, 35.143978>,  <24.521095, 34.967072, 35.133537>, 0.100000
	pigment { color rgbt <1,0,0,0> }
	no_shadow
}
cylinder {
	<24.288382, 35.024826, 35.143978>,  <23.900526, 35.121086, 35.161381>, 0.100000
	pigment { color rgbt <1,0,0,0> }
	no_shadow
}

// particle -1
sphere {
	<24.288382, 35.024826, 35.143978> 0.100000
	pigment { color rgbt <1,0,0,0> }
	no_shadow
}
sphere {
	0, 1
	scale<0.080000,0.200000,0.300000>
	matrix <-0.203009, -0.692911, -0.691854,
		0.136347, 0.679680, -0.720725,
		0.969637, -0.240646, -0.043505,
		24.579273, 34.952633, 35.130928>
	pigment { color rgbt <0,1,1,0> }
	no_shadow
}
cylinder {
	<24.208338, 34.952591, 34.490406>,  <23.900526, 35.121086, 35.161381>, 0.130000
	pigment { color rgbt <1,0,0,0> }
	no_shadow
}

// nucleotide -1

// particle -1
sphere {
	<24.208338, 34.952591, 34.490406> 0.250000
	pigment { color rgbt <1,0,0,0> }
	no_shadow
}
cylinder {
	<24.428082, 34.730492, 34.740177>,  <24.559929, 34.597233, 34.890038>, 0.100000
	pigment { color rgbt <1,0,0,0> }
	no_shadow
}
cylinder {
	<24.428082, 34.730492, 34.740177>,  <24.208338, 34.952591, 34.490406>, 0.100000
	pigment { color rgbt <1,0,0,0> }
	no_shadow
}

// particle -1
sphere {
	<24.428082, 34.730492, 34.740177> 0.100000
	pigment { color rgbt <1,0,0,0> }
	no_shadow
}
sphere {
	0, 1
	scale<0.080000,0.200000,0.300000>
	matrix <0.001920, -0.746450, -0.665439,
		0.835583, 0.366765, -0.409004,
		0.549360, -0.555244, 0.624426,
		24.592890, 34.563919, 34.927505>
	pigment { color rgbt <0,1,1,0> }
	no_shadow
}
cylinder {
	<24.935797, 34.727432, 34.070450>,  <24.208338, 34.952591, 34.490406>, 0.130000
	pigment { color rgbt <1,0,0,0> }
	no_shadow
}

// nucleotide -1

// particle -1
sphere {
	<24.935797, 34.727432, 34.070450> 0.250000
	pigment { color rgbt <1,0,0,0> }
	no_shadow
}
cylinder {
	<24.761925, 34.485538, 34.337387>,  <24.657600, 34.340405, 34.497551>, 0.100000
	pigment { color rgbt <1,0,0,0> }
	no_shadow
}
cylinder {
	<24.761925, 34.485538, 34.337387>,  <24.935797, 34.727432, 34.070450>, 0.100000
	pigment { color rgbt <1,0,0,0> }
	no_shadow
}

// particle -1
sphere {
	<24.761925, 34.485538, 34.337387> 0.100000
	pigment { color rgbt <1,0,0,0> }
	no_shadow
}
sphere {
	0, 1
	scale<0.080000,0.200000,0.300000>
	matrix <0.177990, -0.784086, -0.594583,
		0.882821, -0.139673, 0.448463,
		-0.434681, -0.604732, 0.667347,
		24.631521, 34.304119, 34.537590>
	pigment { color rgbt <0,1,1,0> }
	no_shadow
}
cylinder {
	<25.088945, 33.988613, 33.878494>,  <24.935797, 34.727432, 34.070450>, 0.130000
	pigment { color rgbt <1,0,0,0> }
	no_shadow
}

// nucleotide -1

// particle -1
sphere {
	<25.088945, 33.988613, 33.878494> 0.250000
	pigment { color rgbt <1,0,0,0> }
	no_shadow
}
cylinder {
	<24.880705, 33.925396, 34.214111>,  <24.755760, 33.887466, 34.415482>, 0.100000
	pigment { color rgbt <1,0,0,0> }
	no_shadow
}
cylinder {
	<24.880705, 33.925396, 34.214111>,  <25.088945, 33.988613, 33.878494>, 0.100000
	pigment { color rgbt <1,0,0,0> }
	no_shadow
}

// particle -1
sphere {
	<24.880705, 33.925396, 34.214111> 0.100000
	pigment { color rgbt <1,0,0,0> }
	no_shadow
}
sphere {
	0, 1
	scale<0.080000,0.200000,0.300000>
	matrix <0.112744, -0.986838, -0.115927,
		0.846324, 0.034246, 0.531566,
		-0.520599, -0.158043, 0.839046,
		24.724525, 33.877983, 34.465824>
	pigment { color rgbt <0,1,1,0> }
	no_shadow
}
cylinder {
	<24.859711, 34.148834, 33.249771>,  <25.088945, 33.988613, 33.878494>, 0.130000
	pigment { color rgbt <1,0,0,0> }
	no_shadow
}

// nucleotide -1

// particle -1
sphere {
	<24.859711, 34.148834, 33.249771> 0.250000
	pigment { color rgbt <1,0,0,0> }
	no_shadow
}
cylinder {
	<25.105337, 34.450256, 33.343643>,  <25.252712, 34.631111, 33.399967>, 0.100000
	pigment { color rgbt <1,0,0,0> }
	no_shadow
}
cylinder {
	<25.105337, 34.450256, 33.343643>,  <24.859711, 34.148834, 33.249771>, 0.100000
	pigment { color rgbt <1,0,0,0> }
	no_shadow
}

// particle -1
sphere {
	<25.105337, 34.450256, 33.343643> 0.100000
	pigment { color rgbt <1,0,0,0> }
	no_shadow
}
sphere {
	0, 1
	scale<0.080000,0.200000,0.300000>
	matrix <0.768307, -0.502685, -0.396248,
		-0.180627, 0.423627, -0.887645,
		0.614067, 0.753557, 0.234677,
		25.289557, 34.676323, 33.414047>
	pigment { color rgbt <0,1,1,0> }
	no_shadow
}
cylinder {
	<25.254812, 34.363625, 32.716652>,  <24.859711, 34.148834, 33.249771>, 0.130000
	pigment { color rgbt <1,0,0,0> }
	no_shadow
}

// nucleotide -1

// particle -1
sphere {
	<25.254812, 34.363625, 32.716652> 0.250000
	pigment { color rgbt <1,0,0,0> }
	no_shadow
}
cylinder {
	<25.468180, 34.431149, 33.048187>,  <25.596201, 34.471661, 33.247108>, 0.100000
	pigment { color rgbt <1,0,0,0> }
	no_shadow
}
cylinder {
	<25.468180, 34.431149, 33.048187>,  <25.254812, 34.363625, 32.716652>, 0.100000
	pigment { color rgbt <1,0,0,0> }
	no_shadow
}

// particle -1
sphere {
	<25.468180, 34.431149, 33.048187> 0.100000
	pigment { color rgbt <1,0,0,0> }
	no_shadow
}
sphere {
	0, 1
	scale<0.080000,0.200000,0.300000>
	matrix <0.718312, -0.607822, -0.338497,
		0.446642, 0.775923, -0.445482,
		0.533421, 0.168808, 0.828834,
		25.628206, 34.481792, 33.296837>
	pigment { color rgbt <0,1,1,0> }
	no_shadow
}
cylinder {
	<25.870533, 34.718426, 32.497875>,  <25.254812, 34.363625, 32.716652>, 0.130000
	pigment { color rgbt <1,0,0,0> }
	no_shadow
}

// nucleotide -1

// particle -1
sphere {
	<25.870533, 34.718426, 32.497875> 0.250000
	pigment { color rgbt <1,0,0,0> }
	no_shadow
}
cylinder {
	<25.947277, 34.540188, 32.847649>,  <25.993324, 34.433247, 33.057514>, 0.100000
	pigment { color rgbt <1,0,0,0> }
	no_shadow
}
cylinder {
	<25.947277, 34.540188, 32.847649>,  <25.870533, 34.718426, 32.497875>, 0.100000
	pigment { color rgbt <1,0,0,0> }
	no_shadow
}

// particle -1
sphere {
	<25.947277, 34.540188, 32.847649> 0.100000
	pigment { color rgbt <1,0,0,0> }
	no_shadow
}
sphere {
	0, 1
	scale<0.080000,0.200000,0.300000>
	matrix <0.694585, -0.567813, -0.441746,
		0.693355, 0.692123, 0.200561,
		0.191861, -0.445593, 0.874435,
		26.004835, 34.406509, 33.109978>
	pigment { color rgbt <0,1,1,0> }
	no_shadow
}
cylinder {
	<26.662140, 34.672520, 32.578865>,  <25.870533, 34.718426, 32.497875>, 0.130000
	pigment { color rgbt <1,0,0,0> }
	no_shadow
}

// nucleotide -1

// particle -1
sphere {
	<26.662140, 34.672520, 32.578865> 0.250000
	pigment { color rgbt <1,0,0,0> }
	no_shadow
}
cylinder {
	<26.465452, 34.411404, 32.809368>,  <26.347439, 34.254734, 32.947670>, 0.100000
	pigment { color rgbt <1,0,0,0> }
	no_shadow
}
cylinder {
	<26.465452, 34.411404, 32.809368>,  <26.662140, 34.672520, 32.578865>, 0.100000
	pigment { color rgbt <1,0,0,0> }
	no_shadow
}

// particle -1
sphere {
	<26.465452, 34.411404, 32.809368> 0.100000
	pigment { color rgbt <1,0,0,0> }
	no_shadow
}
sphere {
	0, 1
	scale<0.080000,0.200000,0.300000>
	matrix <0.724293, -0.673976, -0.145452,
		0.483335, 0.345859, 0.804219,
		-0.491719, -0.652792, 0.576259,
		26.317936, 34.215565, 32.982246>
	pigment { color rgbt <0,1,1,0> }
	no_shadow
}
cylinder {
	<27.031487, 34.547886, 33.204826>,  <26.662140, 34.672520, 32.578865>, 0.130000
	pigment { color rgbt <1,0,0,0> }
	no_shadow
}

// nucleotide -1

// particle -1
sphere {
	<27.031487, 34.547886, 33.204826> 0.250000
	pigment { color rgbt <1,0,0,0> }
	no_shadow
}
cylinder {
	<26.802830, 34.224983, 33.146084>,  <26.665636, 34.031242, 33.110840>, 0.100000
	pigment { color rgbt <1,0,0,0> }
	no_shadow
}
cylinder {
	<26.802830, 34.224983, 33.146084>,  <27.031487, 34.547886, 33.204826>, 0.100000
	pigment { color rgbt <1,0,0,0> }
	no_shadow
}

// particle -1
sphere {
	<26.802830, 34.224983, 33.146084> 0.100000
	pigment { color rgbt <1,0,0,0> }
	no_shadow
}
sphere {
	0, 1
	scale<0.080000,0.200000,0.300000>
	matrix <0.807681, -0.585139, 0.072551,
		-0.144497, -0.077138, 0.986494,
		-0.571640, -0.807256, -0.146853,
		26.631338, 33.982807, 33.102028>
	pigment { color rgbt <0,1,1,0> }
	no_shadow
}
cylinder {
	<27.268911, 34.037460, 33.702877>,  <27.031487, 34.547886, 33.204826>, 0.130000
	pigment { color rgbt <1,0,0,0> }
	no_shadow
}

// nucleotide -1

// particle -1
sphere {
	<27.268911, 34.037460, 33.702877> 0.250000
	pigment { color rgbt <1,0,0,0> }
	no_shadow
}
cylinder {
	<27.086573, 33.839054, 33.407261>,  <26.977169, 33.720013, 33.229893>, 0.100000
	pigment { color rgbt <1,0,0,0> }
	no_shadow
}
cylinder {
	<27.086573, 33.839054, 33.407261>,  <27.268911, 34.037460, 33.702877>, 0.100000
	pigment { color rgbt <1,0,0,0> }
	no_shadow
}

// particle -1
sphere {
	<27.086573, 33.839054, 33.407261> 0.100000
	pigment { color rgbt <1,0,0,0> }
	no_shadow
}
sphere {
	0, 1
	scale<0.080000,0.200000,0.300000>
	matrix <0.778661, -0.624456, -0.061176,
		-0.431153, -0.603347, 0.670880,
		-0.455845, -0.496012, -0.739038,
		26.949820, 33.690250, 33.185551>
	pigment { color rgbt <0,1,1,0> }
	no_shadow
}
cylinder {
	<27.310303, 33.330853, 33.785915>,  <27.268911, 34.037460, 33.702877>, 0.130000
	pigment { color rgbt <1,0,0,0> }
	no_shadow
}

// nucleotide -1

// particle -1
sphere {
	<27.310303, 33.330853, 33.785915> 0.250000
	pigment { color rgbt <1,0,0,0> }
	no_shadow
}
cylinder {
	<27.274134, 33.374397, 33.389942>,  <27.252432, 33.400524, 33.152359>, 0.100000
	pigment { color rgbt <1,0,0,0> }
	no_shadow
}
cylinder {
	<27.274134, 33.374397, 33.389942>,  <27.310303, 33.330853, 33.785915>, 0.100000
	pigment { color rgbt <1,0,0,0> }
	no_shadow
}

// particle -1
sphere {
	<27.274134, 33.374397, 33.389942> 0.100000
	pigment { color rgbt <1,0,0,0> }
	no_shadow
}
sphere {
	0, 1
	scale<0.080000,0.200000,0.300000>
	matrix <0.844178, -0.518998, -0.134181,
		-0.528382, -0.847815, -0.044970,
		-0.090421, 0.108862, -0.989936,
		27.247007, 33.407055, 33.092960>
	pigment { color rgbt <0,1,1,0> }
	no_shadow
}
cylinder {
	<27.526846, 32.759411, 33.949726>,  <27.310303, 33.330853, 33.785915>, 0.130000
	pigment { color rgbt <1,0,0,0> }
	no_shadow
}

// nucleotide -1

// particle -1
sphere {
	<27.526846, 32.759411, 33.949726> 0.250000
	pigment { color rgbt <1,0,0,0> }
	no_shadow
}
cylinder {
	<27.696007, 32.534954, 34.234337>,  <27.797503, 32.400280, 34.405102>, 0.100000
	pigment { color rgbt <1,0,0,0> }
	no_shadow
}
cylinder {
	<27.696007, 32.534954, 34.234337>,  <27.526846, 32.759411, 33.949726>, 0.100000
	pigment { color rgbt <1,0,0,0> }
	no_shadow
}

// particle -1
sphere {
	<27.696007, 32.534954, 34.234337> 0.100000
	pigment { color rgbt <1,0,0,0> }
	no_shadow
}
sphere {
	0, 1
	scale<0.080000,0.200000,0.300000>
	matrix <0.613782, -0.400274, -0.680480,
		0.666654, 0.724498, 0.175144,
		0.422901, -0.561145, 0.711528,
		27.822878, 32.366611, 34.447796>
	pigment { color rgbt <0,1,1,0> }
	no_shadow
}
cylinder {
	<27.811613, 32.290520, 33.374821>,  <27.526846, 32.759411, 33.949726>, 0.130000
	pigment { color rgbt <1,0,0,0> }
	no_shadow
}

// nucleotide -1

// particle -1
sphere {
	<27.811613, 32.290520, 33.374821> 0.250000
	pigment { color rgbt <1,0,0,0> }
	no_shadow
}
cylinder {
	<27.838835, 31.934277, 33.194958>,  <27.855167, 31.720531, 33.087040>, 0.100000
	pigment { color rgbt <1,0,0,0> }
	no_shadow
}
cylinder {
	<27.838835, 31.934277, 33.194958>,  <27.811613, 32.290520, 33.374821>, 0.100000
	pigment { color rgbt <1,0,0,0> }
	no_shadow
}

// particle -1
sphere {
	<27.838835, 31.934277, 33.194958> 0.100000
	pigment { color rgbt <1,0,0,0> }
	no_shadow
}
sphere {
	0, 1
	scale<0.080000,0.200000,0.300000>
	matrix <0.865003, -0.171907, 0.471399,
		-0.497130, -0.421038, 0.758676,
		0.068055, -0.890604, -0.449660,
		27.859251, 31.667095, 33.060059>
	pigment { color rgbt <0,1,1,0> }
	no_shadow
}
cylinder {
	<28.421757, 32.641167, 33.056938>,  <27.811613, 32.290520, 33.374821>, 0.130000
	pigment { color rgbt <1,0,0,0> }
	no_shadow
}

// nucleotide -1

// particle -1
sphere {
	<28.421757, 32.641167, 33.056938> 0.250000
	pigment { color rgbt <1,0,0,0> }
	no_shadow
}
cylinder {
	<28.196676, 32.508926, 32.753868>,  <28.061628, 32.429585, 32.572025>, 0.100000
	pigment { color rgbt <1,0,0,0> }
	no_shadow
}
cylinder {
	<28.196676, 32.508926, 32.753868>,  <28.421757, 32.641167, 33.056938>, 0.100000
	pigment { color rgbt <1,0,0,0> }
	no_shadow
}

// particle -1
sphere {
	<28.196676, 32.508926, 32.753868> 0.100000
	pigment { color rgbt <1,0,0,0> }
	no_shadow
}
sphere {
	0, 1
	scale<0.080000,0.200000,0.300000>
	matrix <-0.711760, 0.659909, 0.240661,
		0.420436, 0.674705, -0.606636,
		-0.562700, -0.330597, -0.757677,
		28.027866, 32.409748, 32.526566>
	pigment { color rgbt <0,1,1,0> }
	no_shadow
}
cylinder {
	<28.136829, 33.220551, 32.768860>,  <28.421757, 32.641167, 33.056938>, 0.130000
	pigment { color rgbt <1,0,0,0> }
	no_shadow
}

// nucleotide -1

// particle -1
sphere {
	<28.136829, 33.220551, 32.768860> 0.250000
	pigment { color rgbt <1,0,0,0> }
	no_shadow
}
cylinder {
	<27.882961, 32.931511, 32.659279>,  <27.730640, 32.758087, 32.593533>, 0.100000
	pigment { color rgbt <1,0,0,0> }
	no_shadow
}
cylinder {
	<27.882961, 32.931511, 32.659279>,  <28.136829, 33.220551, 32.768860>, 0.100000
	pigment { color rgbt <1,0,0,0> }
	no_shadow
}

// particle -1
sphere {
	<27.882961, 32.931511, 32.659279> 0.100000
	pigment { color rgbt <1,0,0,0> }
	no_shadow
}
sphere {
	0, 1
	scale<0.080000,0.200000,0.300000>
	matrix <-0.772769, 0.595682, 0.219070,
		0.004887, 0.350735, -0.936462,
		-0.634669, -0.722598, -0.273948,
		27.692560, 32.714733, 32.577095>
	pigment { color rgbt <0,1,1,0> }
	no_shadow
}
cylinder {
	<27.614454, 33.337589, 32.228386>,  <28.136829, 33.220551, 32.768860>, 0.130000
	pigment { color rgbt <1,0,0,0> }
	no_shadow
}

// nucleotide -1

// particle -1
sphere {
	<27.614454, 33.337589, 32.228386> 0.250000
	pigment { color rgbt <1,0,0,0> }
	no_shadow
}
cylinder {
	<27.448614, 33.089520, 32.494766>,  <27.349110, 32.940678, 32.654594>, 0.100000
	pigment { color rgbt <1,0,0,0> }
	no_shadow
}
cylinder {
	<27.448614, 33.089520, 32.494766>,  <27.614454, 33.337589, 32.228386>, 0.100000
	pigment { color rgbt <1,0,0,0> }
	no_shadow
}

// particle -1
sphere {
	<27.448614, 33.089520, 32.494766> 0.100000
	pigment { color rgbt <1,0,0,0> }
	no_shadow
}
sphere {
	0, 1
	scale<0.080000,0.200000,0.300000>
	matrix <-0.788993, 0.609619, 0.076511,
		-0.453429, -0.493712, -0.742059,
		-0.414599, -0.620172, 0.665954,
		27.324234, 32.903469, 32.694553>
	pigment { color rgbt <0,1,1,0> }
	no_shadow
}
cylinder {
	<26.979776, 33.147480, 32.008125>,  <27.614454, 33.337589, 32.228386>, 0.130000
	pigment { color rgbt <1,0,0,0> }
	no_shadow
}

// nucleotide -1

// particle -1
sphere {
	<26.979776, 33.147480, 32.008125> 0.250000
	pigment { color rgbt <1,0,0,0> }
	no_shadow
}
cylinder {
	<26.945896, 33.129803, 32.406296>,  <26.925568, 33.119194, 32.645199>, 0.100000
	pigment { color rgbt <1,0,0,0> }
	no_shadow
}
cylinder {
	<26.945896, 33.129803, 32.406296>,  <26.979776, 33.147480, 32.008125>, 0.100000
	pigment { color rgbt <1,0,0,0> }
	no_shadow
}

// particle -1
sphere {
	<26.945896, 33.129803, 32.406296> 0.100000
	pigment { color rgbt <1,0,0,0> }
	no_shadow
}
sphere {
	0, 1
	scale<0.080000,0.200000,0.300000>
	matrix <-0.715883, 0.697578, -0.029943,
		-0.693063, -0.715145, -0.090727,
		-0.084703, -0.044198, 0.995425,
		26.920485, 33.116543, 32.704922>
	pigment { color rgbt <0,1,1,0> }
	no_shadow
}
cylinder {
	<26.239330, 33.041588, 32.276608>,  <26.979776, 33.147480, 32.008125>, 0.130000
	pigment { color rgbt <1,0,0,0> }
	no_shadow
}

// nucleotide -1

// particle -1
sphere {
	<26.239330, 33.041588, 32.276608> 0.250000
	pigment { color rgbt <1,0,0,0> }
	no_shadow
}
cylinder {
	<26.438581, 33.201832, 32.584213>,  <26.558132, 33.297977, 32.768776>, 0.100000
	pigment { color rgbt <1,0,0,0> }
	no_shadow
}
cylinder {
	<26.438581, 33.201832, 32.584213>,  <26.239330, 33.041588, 32.276608>, 0.100000
	pigment { color rgbt <1,0,0,0> }
	no_shadow
}

// particle -1
sphere {
	<26.438581, 33.201832, 32.584213> 0.100000
	pigment { color rgbt <1,0,0,0> }
	no_shadow
}
sphere {
	0, 1
	scale<0.080000,0.200000,0.300000>
	matrix <-0.733239, 0.668014, 0.126959,
		-0.462849, -0.627111, 0.626501,
		0.498129, 0.400612, 0.769011,
		26.588020, 33.322014, 32.814915>
	pigment { color rgbt <0,1,1,0> }
	no_shadow
}
cylinder {
	<25.926958, 32.948711, 32.915382>,  <26.239330, 33.041588, 32.276608>, 0.130000
	pigment { color rgbt <1,0,0,0> }
	no_shadow
}

// nucleotide -1

// particle -1
sphere {
	<25.926958, 32.948711, 32.915382> 0.250000
	pigment { color rgbt <1,0,0,0> }
	no_shadow
}
cylinder {
	<26.140808, 33.281029, 32.977299>,  <26.269119, 33.480419, 33.014446>, 0.100000
	pigment { color rgbt <1,0,0,0> }
	no_shadow
}
cylinder {
	<26.140808, 33.281029, 32.977299>,  <25.926958, 32.948711, 32.915382>, 0.100000
	pigment { color rgbt <1,0,0,0> }
	no_shadow
}

// particle -1
sphere {
	<26.140808, 33.281029, 32.977299> 0.100000
	pigment { color rgbt <1,0,0,0> }
	no_shadow
}
sphere {
	0, 1
	scale<0.080000,0.200000,0.300000>
	matrix <-0.840299, 0.503134, 0.201872,
		0.089835, -0.237995, 0.967103,
		0.534627, 0.830791, 0.154788,
		26.301197, 33.530266, 33.023735>
	pigment { color rgbt <0,1,1,0> }
	no_shadow
}
cylinder {
	<25.574955, 33.232750, 33.500175>,  <25.926958, 32.948711, 32.915382>, 0.130000
	pigment { color rgbt <1,0,0,0> }
	no_shadow
}

// nucleotide -1

// particle -1
sphere {
	<25.574955, 33.232750, 33.500175> 0.250000
	pigment { color rgbt <1,0,0,0> }
	no_shadow
}
cylinder {
	<25.794285, 33.519890, 33.328583>,  <25.925882, 33.692173, 33.225628>, 0.100000
	pigment { color rgbt <1,0,0,0> }
	no_shadow
}
cylinder {
	<25.794285, 33.519890, 33.328583>,  <25.574955, 33.232750, 33.500175>, 0.100000
	pigment { color rgbt <1,0,0,0> }
	no_shadow
}

// particle -1
sphere {
	<25.794285, 33.519890, 33.328583> 0.100000
	pigment { color rgbt <1,0,0,0> }
	no_shadow
}
sphere {
	0, 1
	scale<0.080000,0.200000,0.300000>
	matrix <-0.751554, 0.647975, 0.123673,
		0.366749, 0.254590, 0.894807,
		0.548327, 0.717852, -0.428982,
		25.958782, 33.735245, 33.199886>
	pigment { color rgbt <0,1,1,0> }
	no_shadow
}
cylinder {
	<26.230560, 33.417244, 33.837692>,  <25.574955, 33.232750, 33.500175>, 0.130000
	pigment { color rgbt <1,0,0,0> }
	no_shadow
}

// nucleotide -1

// particle -1
sphere {
	<26.230560, 33.417244, 33.837692> 0.250000
	pigment { color rgbt <1,0,0,0> }
	no_shadow
}
cylinder {
	<26.330990, 33.752892, 33.644680>,  <26.391247, 33.954281, 33.528873>, 0.100000
	pigment { color rgbt <1,0,0,0> }
	no_shadow
}
cylinder {
	<26.330990, 33.752892, 33.644680>,  <26.230560, 33.417244, 33.837692>, 0.100000
	pigment { color rgbt <1,0,0,0> }
	no_shadow
}

// particle -1
sphere {
	<26.330990, 33.752892, 33.644680> 0.100000
	pigment { color rgbt <1,0,0,0> }
	no_shadow
}
sphere {
	0, 1
	scale<0.080000,0.200000,0.300000>
	matrix <-0.831737, 0.442021, 0.335903,
		0.495152, 0.317004, 0.808908,
		0.251072, 0.839122, -0.482531,
		26.406311, 34.004627, 33.499920>
	pigment { color rgbt <0,1,1,0> }
	no_shadow
}
cylinder {
	<26.146492, 33.898411, 34.331795>,  <26.230560, 33.417244, 33.837692>, 0.130000
	pigment { color rgbt <1,0,0,0> }
	no_shadow
}

// nucleotide -1

// particle -1
sphere {
	<26.146492, 33.898411, 34.331795> 0.250000
	pigment { color rgbt <1,0,0,0> }
	no_shadow
}
cylinder {
	<26.136551, 34.067818, 33.969574>,  <26.130587, 34.169460, 33.752243>, 0.100000
	pigment { color rgbt <1,0,0,0> }
	no_shadow
}
cylinder {
	<26.136551, 34.067818, 33.969574>,  <26.146492, 33.898411, 34.331795>, 0.100000
	pigment { color rgbt <1,0,0,0> }
	no_shadow
}

// particle -1
sphere {
	<26.136551, 34.067818, 33.969574> 0.100000
	pigment { color rgbt <1,0,0,0> }
	no_shadow
}
sphere {
	0, 1
	scale<0.080000,0.200000,0.300000>
	matrix <-0.790502, 0.546171, 0.277135,
		0.611955, 0.722725, 0.321216,
		-0.024854, 0.423516, -0.905548,
		26.129095, 34.194874, 33.697910>
	pigment { color rgbt <0,1,1,0> }
	no_shadow
}
cylinder {
	<26.166338, 34.588360, 34.422928>,  <26.146492, 33.898411, 34.331795>, 0.130000
	pigment { color rgbt <1,0,0,0> }
	no_shadow
}

// nucleotide -1

// particle -1
sphere {
	<26.166338, 34.588360, 34.422928> 0.250000
	pigment { color rgbt <1,0,0,0> }
	no_shadow
}
cylinder {
	<25.992310, 34.556908, 34.064144>,  <25.887894, 34.538036, 33.848873>, 0.100000
	pigment { color rgbt <1,0,0,0> }
	no_shadow
}
cylinder {
	<25.992310, 34.556908, 34.064144>,  <26.166338, 34.588360, 34.422928>, 0.100000
	pigment { color rgbt <1,0,0,0> }
	no_shadow
}

// particle -1
sphere {
	<25.992310, 34.556908, 34.064144> 0.100000
	pigment { color rgbt <1,0,0,0> }
	no_shadow
}
sphere {
	0, 1
	scale<0.080000,0.200000,0.300000>
	matrix <-0.558092, 0.805288, 0.200108,
		0.706574, 0.587646, -0.394240,
		-0.435069, -0.078631, -0.896957,
		25.861788, 34.533318, 33.795055>
	pigment { color rgbt <0,1,1,0> }
	no_shadow
}
cylinder {
	<26.301355, 35.211342, 33.980350>,  <26.166338, 34.588360, 34.422928>, 0.130000
	pigment { color rgbt <1,0,0,0> }
	no_shadow
}

// nucleotide -1

// particle -1
sphere {
	<26.301355, 35.211342, 33.980350> 0.250000
	pigment { color rgbt <1,0,0,0> }
	no_shadow
}
cylinder {
	<25.957880, 35.010201, 33.940765>,  <25.751795, 34.889515, 33.917015>, 0.100000
	pigment { color rgbt <1,0,0,0> }
	no_shadow
}
cylinder {
	<25.957880, 35.010201, 33.940765>,  <26.301355, 35.211342, 33.980350>, 0.100000
	pigment { color rgbt <1,0,0,0> }
	no_shadow
}

// particle -1
sphere {
	<25.957880, 35.010201, 33.940765> 0.100000
	pigment { color rgbt <1,0,0,0> }
	no_shadow
}
sphere {
	0, 1
	scale<0.080000,0.200000,0.300000>
	matrix <-0.508433, 0.811571, 0.287834,
		-0.064422, 0.297476, -0.952553,
		-0.858688, -0.502852, -0.098964,
		25.700274, 34.859344, 33.911076>
	pigment { color rgbt <0,1,1,0> }
	no_shadow
}
cylinder {
	<25.760292, 35.679802, 33.608536>,  <26.301355, 35.211342, 33.980350>, 0.130000
	pigment { color rgbt <1,0,0,0> }
	no_shadow
}

// nucleotide -1

// particle -1
sphere {
	<25.760292, 35.679802, 33.608536> 0.250000
	pigment { color rgbt <1,0,0,0> }
	no_shadow
}
cylinder {
	<25.526655, 35.385624, 33.745914>,  <25.386473, 35.209118, 33.828342>, 0.100000
	pigment { color rgbt <1,0,0,0> }
	no_shadow
}
cylinder {
	<25.526655, 35.385624, 33.745914>,  <25.760292, 35.679802, 33.608536>, 0.100000
	pigment { color rgbt <1,0,0,0> }
	no_shadow
}

// particle -1
sphere {
	<25.526655, 35.385624, 33.745914> 0.100000
	pigment { color rgbt <1,0,0,0> }
	no_shadow
}
sphere {
	0, 1
	scale<0.080000,0.200000,0.300000>
	matrix <-0.659624, 0.676656, 0.327158,
		-0.473005, -0.035458, -0.880346,
		-0.584091, -0.735445, 0.343451,
		25.351427, 35.164989, 33.848949>
	pigment { color rgbt <0,1,1,0> }
	no_shadow
}
cylinder {
	<25.090290, 35.852180, 33.349419>,  <25.760292, 35.679802, 33.608536>, 0.130000
	pigment { color rgbt <1,0,0,0> }
	no_shadow
}

// nucleotide -1

// particle -1
sphere {
	<25.090290, 35.852180, 33.349419> 0.250000
	pigment { color rgbt <1,0,0,0> }
	no_shadow
}
cylinder {
	<25.075094, 35.616386, 33.672173>,  <25.065977, 35.474911, 33.865826>, 0.100000
	pigment { color rgbt <1,0,0,0> }
	no_shadow
}
cylinder {
	<25.075094, 35.616386, 33.672173>,  <25.090290, 35.852180, 33.349419>, 0.100000
	pigment { color rgbt <1,0,0,0> }
	no_shadow
}

// particle -1
sphere {
	<25.075094, 35.616386, 33.672173> 0.100000
	pigment { color rgbt <1,0,0,0> }
	no_shadow
}
sphere {
	0, 1
	scale<0.080000,0.200000,0.300000>
	matrix <-0.842176, 0.453508, 0.291668,
		-0.537863, -0.668458, -0.513680,
		-0.037990, -0.589486, 0.806884,
		25.063698, 35.439541, 33.914238>
	pigment { color rgbt <0,1,1,0> }
	no_shadow
}
cylinder {
	<25.392729, 36.532776, 33.476101>,  <25.090290, 35.852180, 33.349419>, 0.130000
	pigment { color rgbt <1,0,0,0> }
	no_shadow
}

// nucleotide -1

// particle -1
sphere {
	<25.392729, 36.532776, 33.476101> 0.250000
	pigment { color rgbt <1,0,0,0> }
	no_shadow
}
cylinder {
	<25.703861, 36.782101, 33.443962>,  <25.890541, 36.931698, 33.424679>, 0.100000
	pigment { color rgbt <1,0,0,0> }
	no_shadow
}
cylinder {
	<25.703861, 36.782101, 33.443962>,  <25.392729, 36.532776, 33.476101>, 0.100000
	pigment { color rgbt <1,0,0,0> }
	no_shadow
}

// particle -1
sphere {
	<25.703861, 36.782101, 33.443962> 0.100000
	pigment { color rgbt <1,0,0,0> }
	no_shadow
}
sphere {
	0, 1
	scale<0.080000,0.200000,0.300000>
	matrix <-0.028020, 0.162111, 0.986374,
		0.627849, -0.764981, 0.143560,
		0.777831, 0.623317, -0.080347,
		25.937210, 36.969097, 33.419857>
	pigment { color rgbt <0,1,1,0> }
	no_shadow
}
cylinder {
	<25.929520, 36.278828, 33.964859>,  <25.392729, 36.532776, 33.476101>, 0.130000
	pigment { color rgbt <1,0,0,0> }
	no_shadow
}

// nucleotide -1

// particle -1
sphere {
	<25.929520, 36.278828, 33.964859> 0.250000
	pigment { color rgbt <1,0,0,0> }
	no_shadow
}
cylinder {
	<25.948402, 36.675846, 33.919899>,  <25.959732, 36.914055, 33.892925>, 0.100000
	pigment { color rgbt <1,0,0,0> }
	no_shadow
}
cylinder {
	<25.948402, 36.675846, 33.919899>,  <25.929520, 36.278828, 33.964859>, 0.100000
	pigment { color rgbt <1,0,0,0> }
	no_shadow
}

// particle -1
sphere {
	<25.948402, 36.675846, 33.919899> 0.100000
	pigment { color rgbt <1,0,0,0> }
	no_shadow
}
sphere {
	0, 1
	scale<0.080000,0.200000,0.300000>
	matrix <0.054334, 0.109805, 0.992467,
		0.997406, -0.052958, -0.048745,
		0.047207, 0.992541, -0.112397,
		25.962564, 36.973610, 33.886181>
	pigment { color rgbt <0,1,1,0> }
	no_shadow
}
cylinder {
	<26.450628, 36.463455, 34.431828>,  <25.929520, 36.278828, 33.964859>, 0.130000
	pigment { color rgbt <1,0,0,0> }
	no_shadow
}

// nucleotide -1

// particle -1
sphere {
	<26.450628, 36.463455, 34.431828> 0.250000
	pigment { color rgbt <1,0,0,0> }
	no_shadow
}
cylinder {
	<26.208534, 36.775845, 34.370167>,  <26.063278, 36.963280, 34.333168>, 0.100000
	pigment { color rgbt <1,0,0,0> }
	no_shadow
}
cylinder {
	<26.208534, 36.775845, 34.370167>,  <26.450628, 36.463455, 34.431828>, 0.100000
	pigment { color rgbt <1,0,0,0> }
	no_shadow
}

// particle -1
sphere {
	<26.208534, 36.775845, 34.370167> 0.100000
	pigment { color rgbt <1,0,0,0> }
	no_shadow
}
sphere {
	0, 1
	scale<0.080000,0.200000,0.300000>
	matrix <-0.013563, 0.183507, 0.982925,
		0.795931, 0.596993, -0.100472,
		-0.605236, 0.780977, -0.154156,
		26.026964, 37.010139, 34.323921>
	pigment { color rgbt <0,1,1,0> }
	no_shadow
}
cylinder {
	<26.773726, 36.983059, 34.676601>,  <26.450628, 36.463455, 34.431828>, 0.130000
	pigment { color rgbt <1,0,0,0> }
	no_shadow
}

// nucleotide -1

// particle -1
sphere {
	<26.773726, 36.983059, 34.676601> 0.250000
	pigment { color rgbt <1,0,0,0> }
	no_shadow
}
cylinder {
	<26.389019, 37.091282, 34.693569>,  <26.158195, 37.156216, 34.703751>, 0.100000
	pigment { color rgbt <1,0,0,0> }
	no_shadow
}
cylinder {
	<26.389019, 37.091282, 34.693569>,  <26.773726, 36.983059, 34.676601>, 0.100000
	pigment { color rgbt <1,0,0,0> }
	no_shadow
}

// particle -1
sphere {
	<26.389019, 37.091282, 34.693569> 0.100000
	pigment { color rgbt <1,0,0,0> }
	no_shadow
}
sphere {
	0, 1
	scale<0.080000,0.200000,0.300000>
	matrix <0.101688, 0.208995, 0.972615,
		0.254288, 0.939743, -0.228518,
		-0.961768, 0.270561, 0.042415,
		26.100489, 37.172451, 34.706295>
	pigment { color rgbt <0,1,1,0> }
	no_shadow
}
cylinder {
	<26.846268, 37.344925, 35.267776>,  <26.773726, 36.983059, 34.676601>, 0.130000
	pigment { color rgbt <1,0,0,0> }
	no_shadow
}

// nucleotide -1

// particle -1
sphere {
	<26.846268, 37.344925, 35.267776> 0.250000
	pigment { color rgbt <1,0,0,0> }
	no_shadow
}
cylinder {
	<26.452265, 37.299541, 35.215801>,  <26.215862, 37.272312, 35.184616>, 0.100000
	pigment { color rgbt <1,0,0,0> }
	no_shadow
}
cylinder {
	<26.452265, 37.299541, 35.215801>,  <26.846268, 37.344925, 35.267776>, 0.100000
	pigment { color rgbt <1,0,0,0> }
	no_shadow
}

// particle -1
sphere {
	<26.452265, 37.299541, 35.215801> 0.100000
	pigment { color rgbt <1,0,0,0> }
	no_shadow
}
sphere {
	0, 1
	scale<0.080000,0.200000,0.300000>
	matrix <-0.136827, 0.055190, 0.989056,
		-0.105045, 0.992009, -0.069887,
		-0.985010, -0.113458, -0.129936,
		26.156761, 37.265503, 35.176819>
	pigment { color rgbt <0,1,1,0> }
	no_shadow
}
cylinder {
	<26.516884, 37.899433, 35.646244>,  <26.846268, 37.344925, 35.267776>, 0.130000
	pigment { color rgbt <1,0,0,0> }
	no_shadow
}

// nucleotide -1

// particle -1
sphere {
	<26.516884, 37.899433, 35.646244> 0.250000
	pigment { color rgbt <1,0,0,0> }
	no_shadow
}
cylinder {
	<26.261965, 37.593212, 35.610970>,  <26.109013, 37.409481, 35.589806>, 0.100000
	pigment { color rgbt <1,0,0,0> }
	no_shadow
}
cylinder {
	<26.261965, 37.593212, 35.610970>,  <26.516884, 37.899433, 35.646244>, 0.100000
	pigment { color rgbt <1,0,0,0> }
	no_shadow
}

// particle -1
sphere {
	<26.261965, 37.593212, 35.610970> 0.100000
	pigment { color rgbt <1,0,0,0> }
	no_shadow
}
sphere {
	0, 1
	scale<0.080000,0.200000,0.300000>
	matrix <-0.262501, 0.108067, 0.958861,
		-0.724529, 0.634232, -0.269829,
		-0.637300, -0.765553, -0.088189,
		26.070774, 37.363544, 35.584515>
	pigment { color rgbt <0,1,1,0> }
	no_shadow
}
cylinder {
	<25.905365, 38.178799, 35.933208>,  <26.516884, 37.899433, 35.646244>, 0.130000
	pigment { color rgbt <1,0,0,0> }
	no_shadow
}

// nucleotide -1

// particle -1
sphere {
	<25.905365, 38.178799, 35.933208> 0.250000
	pigment { color rgbt <1,0,0,0> }
	no_shadow
}
cylinder {
	<25.923426, 37.781116, 35.972218>,  <25.934263, 37.542507, 35.995621>, 0.100000
	pigment { color rgbt <1,0,0,0> }
	no_shadow
}
cylinder {
	<25.923426, 37.781116, 35.972218>,  <25.905365, 38.178799, 35.933208>, 0.100000
	pigment { color rgbt <1,0,0,0> }
	no_shadow
}

// particle -1
sphere {
	<25.923426, 37.781116, 35.972218> 0.100000
	pigment { color rgbt <1,0,0,0> }
	no_shadow
}
sphere {
	0, 1
	scale<0.080000,0.200000,0.300000>
	matrix <-0.066033, 0.094436, 0.993338,
		-0.996795, -0.051291, -0.061387,
		0.045153, -0.994209, 0.097520,
		25.936972, 37.482853, 36.001472>
	pigment { color rgbt <0,1,1,0> }
	no_shadow
}
cylinder {
	<25.917459, 38.063278, 36.571541>,  <25.905365, 38.178799, 35.933208>, 0.130000
	pigment { color rgbt <1,0,0,0> }
	no_shadow
}

// nucleotide -1

// particle -1
sphere {
	<25.917459, 38.063278, 36.571541> 0.250000
	pigment { color rgbt <1,0,0,0> }
	no_shadow
}
cylinder {
	<26.119522, 37.728893, 36.485767>,  <26.240759, 37.528263, 36.434303>, 0.100000
	pigment { color rgbt <1,0,0,0> }
	no_shadow
}
cylinder {
	<26.119522, 37.728893, 36.485767>,  <25.917459, 38.063278, 36.571541>, 0.100000
	pigment { color rgbt <1,0,0,0> }
	no_shadow
}

// particle -1
sphere {
	<26.119522, 37.728893, 36.485767> 0.100000
	pigment { color rgbt <1,0,0,0> }
	no_shadow
}
sphere {
	0, 1
	scale<0.080000,0.200000,0.300000>
	matrix <0.198492, -0.129262, 0.971541,
		-0.839892, -0.533343, 0.100635,
		0.505156, -0.835965, -0.214430,
		26.271069, 37.478104, 36.421440>
	pigment { color rgbt <0,1,1,0> }
	no_shadow
}
cylinder {
	<25.583271, 37.427246, 36.853546>,  <25.917459, 38.063278, 36.571541>, 0.130000
	pigment { color rgbt <1,0,0,0> }
	no_shadow
}

// nucleotide -1

// particle -1
sphere {
	<25.583271, 37.427246, 36.853546> 0.250000
	pigment { color rgbt <1,0,0,0> }
	no_shadow
}
cylinder {
	<25.982597, 37.413994, 36.834492>,  <26.222193, 37.406040, 36.823059>, 0.100000
	pigment { color rgbt <1,0,0,0> }
	no_shadow
}
cylinder {
	<25.982597, 37.413994, 36.834492>,  <25.583271, 37.427246, 36.853546>, 0.100000
	pigment { color rgbt <1,0,0,0> }
	no_shadow
}

// particle -1
sphere {
	<25.982597, 37.413994, 36.834492> 0.100000
	pigment { color rgbt <1,0,0,0> }
	no_shadow
}
sphere {
	0, 1
	scale<0.080000,0.200000,0.300000>
	matrix <0.040424, -0.191893, 0.980583,
		-0.041630, -0.980856, -0.190231,
		0.998315, -0.033131, -0.047639,
		26.282091, 37.404053, 36.820202>
	pigment { color rgbt <0,1,1,0> }
	no_shadow
}
cylinder {
	<25.854326, 36.810516, 37.168980>,  <25.583271, 37.427246, 36.853546>, 0.130000
	pigment { color rgbt <1,0,0,0> }
	no_shadow
}

// nucleotide -1

// particle -1
sphere {
	<25.854326, 36.810516, 37.168980> 0.250000
	pigment { color rgbt <1,0,0,0> }
	no_shadow
}
cylinder {
	<26.136150, 37.093899, 37.185425>,  <26.305244, 37.263927, 37.195293>, 0.100000
	pigment { color rgbt <1,0,0,0> }
	no_shadow
}
cylinder {
	<26.136150, 37.093899, 37.185425>,  <25.854326, 36.810516, 37.168980>, 0.100000
	pigment { color rgbt <1,0,0,0> }
	no_shadow
}

// particle -1
sphere {
	<26.136150, 37.093899, 37.185425> 0.100000
	pigment { color rgbt <1,0,0,0> }
	no_shadow
}
sphere {
	0, 1
	scale<0.080000,0.200000,0.300000>
	matrix <-0.018372, -0.039712, 0.999042,
		0.709406, -0.704641, -0.014964,
		0.704560, 0.708452, 0.041117,
		26.347519, 37.306435, 37.197762>
	pigment { color rgbt <0,1,1,0> }
	no_shadow
}
cylinder {
	<26.210711, 36.433994, 36.633533>,  <25.854326, 36.810516, 37.168980>, 0.130000
	pigment { color rgbt <1,0,0,0> }
	no_shadow
}

// nucleotide -1

// particle -1
sphere {
	<26.210711, 36.433994, 36.633533> 0.250000
	pigment { color rgbt <1,0,0,0> }
	no_shadow
}
cylinder {
	<25.947309, 36.727200, 36.565346>,  <25.789268, 36.903122, 36.524433>, 0.100000
	pigment { color rgbt <1,0,0,0> }
	no_shadow
}
cylinder {
	<25.947309, 36.727200, 36.565346>,  <26.210711, 36.433994, 36.633533>, 0.100000
	pigment { color rgbt <1,0,0,0> }
	no_shadow
}

// particle -1
sphere {
	<25.947309, 36.727200, 36.565346> 0.100000
	pigment { color rgbt <1,0,0,0> }
	no_shadow
}
sphere {
	0, 1
	scale<0.080000,0.200000,0.300000>
	matrix <-0.114953, -0.321823, -0.939796,
		-0.743747, -0.599262, 0.296184,
		-0.658503, 0.733018, -0.170468,
		25.749758, 36.947105, 36.514206>
	pigment { color rgbt <0,1,1,0> }
	no_shadow
}
cylinder {
	<25.834032, 36.174931, 36.135391>,  <26.210711, 36.433994, 36.633533>, 0.130000
	pigment { color rgbt <1,0,0,0> }
	no_shadow
}

// nucleotide -1

// particle -1
sphere {
	<25.834032, 36.174931, 36.135391> 0.250000
	pigment { color rgbt <1,0,0,0> }
	no_shadow
}
cylinder {
	<25.825840, 36.574112, 36.111134>,  <25.820925, 36.813622, 36.096581>, 0.100000
	pigment { color rgbt <1,0,0,0> }
	no_shadow
}
cylinder {
	<25.825840, 36.574112, 36.111134>,  <25.834032, 36.174931, 36.135391>, 0.100000
	pigment { color rgbt <1,0,0,0> }
	no_shadow
}

// particle -1
sphere {
	<25.825840, 36.574112, 36.111134> 0.100000
	pigment { color rgbt <1,0,0,0> }
	no_shadow
}
sphere {
	0, 1
	scale<0.080000,0.200000,0.300000>
	matrix <0.054274, -0.059454, -0.996754,
		-0.998316, -0.023706, -0.052945,
		-0.020481, 0.997949, -0.060640,
		25.819696, 36.873497, 36.092941>
	pigment { color rgbt <0,1,1,0> }
	no_shadow
}
cylinder {
	<25.332882, 36.328564, 35.553940>,  <25.834032, 36.174931, 36.135391>, 0.130000
	pigment { color rgbt <1,0,0,0> }
	no_shadow
}

// nucleotide -1

// particle -1
sphere {
	<25.332882, 36.328564, 35.553940> 0.250000
	pigment { color rgbt <1,0,0,0> }
	no_shadow
}
cylinder {
	<25.532171, 36.675354, 35.558395>,  <25.651745, 36.883427, 35.561069>, 0.100000
	pigment { color rgbt <1,0,0,0> }
	no_shadow
}
cylinder {
	<25.532171, 36.675354, 35.558395>,  <25.332882, 36.328564, 35.553940>, 0.100000
	pigment { color rgbt <1,0,0,0> }
	no_shadow
}

// particle -1
sphere {
	<25.532171, 36.675354, 35.558395> 0.100000
	pigment { color rgbt <1,0,0,0> }
	no_shadow
}
sphere {
	0, 1
	scale<0.080000,0.200000,0.300000>
	matrix <-0.114207, 0.078353, -0.990362,
		-0.859493, 0.492152, 0.138052,
		0.498225, 0.866976, 0.011137,
		25.681639, 36.935448, 35.561737>
	pigment { color rgbt <0,1,1,0> }
	no_shadow
}
cylinder {
	<24.928570, 37.006023, 35.332748>,  <25.332882, 36.328564, 35.553940>, 0.130000
	pigment { color rgbt <1,0,0,0> }
	no_shadow
}

// nucleotide -1

// particle -1
sphere {
	<24.928570, 37.006023, 35.332748> 0.250000
	pigment { color rgbt <1,0,0,0> }
	no_shadow
}
cylinder {
	<25.316940, 37.013920, 35.237324>,  <25.549963, 37.018658, 35.180069>, 0.100000
	pigment { color rgbt <1,0,0,0> }
	no_shadow
}
cylinder {
	<25.316940, 37.013920, 35.237324>,  <24.928570, 37.006023, 35.332748>, 0.100000
	pigment { color rgbt <1,0,0,0> }
	no_shadow
}

// particle -1
sphere {
	<25.316940, 37.013920, 35.237324> 0.100000
	pigment { color rgbt <1,0,0,0> }
	no_shadow
}
sphere {
	0, 1
	scale<0.080000,0.200000,0.300000>
	matrix <-0.236403, 0.235569, -0.942667,
		0.037588, 0.971657, 0.233387,
		0.970928, 0.019740, -0.238558,
		25.608219, 37.019840, 35.165756>
	pigment { color rgbt <0,1,1,0> }
	no_shadow
}
cylinder {
	<24.852777, 37.428944, 34.811905>,  <24.928570, 37.006023, 35.332748>, 0.130000
	pigment { color rgbt <1,0,0,0> }
	no_shadow
}

// nucleotide -1

// particle -1
sphere {
	<24.852777, 37.428944, 34.811905> 0.250000
	pigment { color rgbt <1,0,0,0> }
	no_shadow
}
cylinder {
	<25.240931, 37.348335, 34.758625>,  <25.473824, 37.299973, 34.726658>, 0.100000
	pigment { color rgbt <1,0,0,0> }
	no_shadow
}
cylinder {
	<25.240931, 37.348335, 34.758625>,  <24.852777, 37.428944, 34.811905>, 0.100000
	pigment { color rgbt <1,0,0,0> }
	no_shadow
}

// particle -1
sphere {
	<25.240931, 37.348335, 34.758625> 0.100000
	pigment { color rgbt <1,0,0,0> }
	no_shadow
}
sphere {
	0, 1
	scale<0.080000,0.200000,0.300000>
	matrix <-0.078642, 0.257837, -0.962983,
		0.228404, 0.944939, 0.234354,
		0.970385, -0.201519, -0.133203,
		25.532045, 37.287880, 34.718662>
	pigment { color rgbt <0,1,1,0> }
	no_shadow
}
cylinder {
	<25.166132, 37.940441, 34.290634>,  <24.852777, 37.428944, 34.811905>, 0.130000
	pigment { color rgbt <1,0,0,0> }
	no_shadow
}

// nucleotide -1

// particle -1
sphere {
	<25.166132, 37.940441, 34.290634> 0.250000
	pigment { color rgbt <1,0,0,0> }
	no_shadow
}
cylinder {
	<25.474115, 37.685333, 34.298702>,  <25.658905, 37.532269, 34.303543>, 0.100000
	pigment { color rgbt <1,0,0,0> }
	no_shadow
}
cylinder {
	<25.474115, 37.685333, 34.298702>,  <25.166132, 37.940441, 34.290634>, 0.100000
	pigment { color rgbt <1,0,0,0> }
	no_shadow
}

// particle -1
sphere {
	<25.474115, 37.685333, 34.298702> 0.100000
	pigment { color rgbt <1,0,0,0> }
	no_shadow
}
sphere {
	0, 1
	scale<0.080000,0.200000,0.300000>
	matrix <0.149699, 0.149819, -0.977315,
		0.620283, 0.755513, 0.210828,
		0.769960, -0.637773, 0.020169,
		25.705103, 37.493999, 34.304752>
	pigment { color rgbt <0,1,1,0> }
	no_shadow
}
cylinder {
	<25.722919, 38.257355, 33.907852>,  <25.166132, 37.940441, 34.290634>, 0.130000
	pigment { color rgbt <1,0,0,0> }
	no_shadow
}

// nucleotide -1

// particle -1
sphere {
	<25.722919, 38.257355, 33.907852> 0.250000
	pigment { color rgbt <1,0,0,0> }
	no_shadow
}
cylinder {
	<25.773035, 37.860603, 33.899143>,  <25.803104, 37.622551, 33.893917>, 0.100000
	pigment { color rgbt <1,0,0,0> }
	no_shadow
}
cylinder {
	<25.773035, 37.860603, 33.899143>,  <25.722919, 38.257355, 33.907852>, 0.100000
	pigment { color rgbt <1,0,0,0> }
	no_shadow
}

// particle -1
sphere {
	<25.773035, 37.860603, 33.899143> 0.100000
	pigment { color rgbt <1,0,0,0> }
	no_shadow
}
sphere {
	0, 1
	scale<0.080000,0.200000,0.300000>
	matrix <0.118687, 0.036777, -0.992250,
