// switches for output
#declare DRAW_BASES = 1; // possible values are 0, 1; only relevant for DNA ribbons
#declare DRAW_BASES_TYPE = 3; // possible values are 1, 2, 3; only relevant for DNA ribbons
#declare DRAW_FOG = 0; // set to 1 to enable fog

#include "colors.inc"

#include "transforms.inc"
background { rgb <1, 1, 1>}

#default {
   normal{
       ripples 0.25
       frequency 0.20
       turbulence 0.2
       lambda 5
   }
	finish {
		phong 0.1
		phong_size 40.
	}
}

// original window dimensions: 1024x640


// camera settings

camera {
	sky <0, 0.179814, -0.983701>
	up <0, 0.179814, -0.983701>
	right 1.6 * <1, 0, 0>
	location <35, 94.9851, 44.8844>
	look_at <35, 29.7336, 32.9568>
	direction <0, -65.2515, -11.9276>
	angle 67.0682
}


# declare cpy_camera_pos = <35, 94.9851, 44.8844>;
# if (DRAW_FOG = 1)
fog {
	fog_type 2
	up vnormalize(cpy_camera_pos)
	color rgbt<1,1,1,0.3>
	distance 1e-5
	fog_alt 3e-3
	fog_offset 56
}
# end


// LIGHTS

# declare lum = 6;
global_settings {
	ambient_light rgb lum * <0.05, 0.05, 0.05>
	max_trace_level 15
}# declare cpy_direct_light_amount = 0.25;
light_source
{	1000 * <-1, -1.16352, -0.803886>,
	rgb lum * cpy_direct_light_amount
	parallel
}

light_source
{	1000 * <1, 1.16352, 0.803886>,
	rgb lum * cpy_direct_light_amount
	parallel
}

// strand 0

// nucleotide -1

// particle -1
sphere {
	<24.329430, 35.118725, 35.006435> 0.250000
	pigment { color rgbt <1,0,0,0> }
	no_shadow
}
cylinder {
	<24.192701, 34.986217, 34.654659>,  <24.110664, 34.906712, 34.443592>, 0.100000
	pigment { color rgbt <1,0,0,0> }
	no_shadow
}
cylinder {
	<24.192701, 34.986217, 34.654659>,  <24.329430, 35.118725, 35.006435>, 0.100000
	pigment { color rgbt <1,0,0,0> }
	no_shadow
}

// particle -1
sphere {
	<24.192701, 34.986217, 34.654659> 0.100000
	pigment { color rgbt <1,0,0,0> }
	no_shadow
}
sphere {
	0, 1
	scale<0.080000,0.200000,0.300000>
	matrix <0.939755, -0.116005, -0.321564,
		0.004506, -0.936377, 0.350968,
		-0.341819, -0.331273, -0.879442,
		24.090157, 34.886837, 34.390827>
	pigment { color rgbt <0,1,1,0> }
	no_shadow
}
cylinder {
	<24.583670, 34.411617, 34.736172>,  <24.329430, 35.118725, 35.006435>, 0.130000
	pigment { color rgbt <1,0,0,0> }
	no_shadow
}

// nucleotide -1

// particle -1
sphere {
	<24.583670, 34.411617, 34.736172> 0.250000
	pigment { color rgbt <1,0,0,0> }
	no_shadow
}
cylinder {
	<24.505766, 34.691521, 34.461243>,  <24.459024, 34.859463, 34.296284>, 0.100000
	pigment { color rgbt <1,0,0,0> }
	no_shadow
}
cylinder {
	<24.505766, 34.691521, 34.461243>,  <24.583670, 34.411617, 34.736172>, 0.100000
	pigment { color rgbt <1,0,0,0> }
	no_shadow
}

// particle -1
sphere {
	<24.505766, 34.691521, 34.461243> 0.100000
	pigment { color rgbt <1,0,0,0> }
	no_shadow
}
sphere {
	0, 1
	scale<0.080000,0.200000,0.300000>
	matrix <0.937502, -0.073217, -0.340191,
		-0.288374, -0.710621, -0.641762,
		-0.194759, 0.699755, -0.687322,
		24.447338, 34.901447, 34.255047>
	pigment { color rgbt <0,1,1,0> }
	no_shadow
}
cylinder {
	<24.573631, 34.211143, 33.940548>,  <24.583670, 34.411617, 34.736172>, 0.130000
	pigment { color rgbt <1,0,0,0> }
	no_shadow
}

// nucleotide -1

// particle -1
sphere {
	<24.573631, 34.211143, 33.940548> 0.250000
	pigment { color rgbt <1,0,0,0> }
	no_shadow
}
cylinder {
	<24.701326, 34.580120, 34.027435>,  <24.777943, 34.801506, 34.079567>, 0.100000
	pigment { color rgbt <1,0,0,0> }
	no_shadow
}
cylinder {
	<24.701326, 34.580120, 34.027435>,  <24.573631, 34.211143, 33.940548>, 0.100000
	pigment { color rgbt <1,0,0,0> }
	no_shadow
}

// particle -1
sphere {
	<24.701326, 34.580120, 34.027435> 0.100000
	pigment { color rgbt <1,0,0,0> }
	no_shadow
}
sphere {
	0, 1
	scale<0.080000,0.200000,0.300000>
	matrix <0.870232, -0.194593, -0.452581,
		-0.375211, 0.333513, -0.864862,
		0.319237, 0.922444, 0.217220,
		24.797098, 34.856853, 34.092602>
	pigment { color rgbt <0,1,1,0> }
	no_shadow
}
cylinder {
	<24.771910, 34.607620, 33.366993>,  <24.573631, 34.211143, 33.940548>, 0.130000
	pigment { color rgbt <1,0,0,0> }
	no_shadow
}

// nucleotide -1

// particle -1
sphere {
	<24.771910, 34.607620, 33.366993> 0.250000
	pigment { color rgbt <1,0,0,0> }
	no_shadow
}
cylinder {
	<24.982422, 34.761223, 33.670456>,  <25.108728, 34.853386, 33.852535>, 0.100000
	pigment { color rgbt <1,0,0,0> }
	no_shadow
}
cylinder {
	<24.982422, 34.761223, 33.670456>,  <24.771910, 34.607620, 33.366993>, 0.100000
	pigment { color rgbt <1,0,0,0> }
	no_shadow
}

// particle -1
sphere {
	<24.982422, 34.761223, 33.670456> 0.100000
	pigment { color rgbt <1,0,0,0> }
	no_shadow
}
sphere {
	0, 1
	scale<0.080000,0.200000,0.300000>
	matrix <0.848182, -0.300184, -0.436437,
		0.060144, 0.873171, -0.483689,
		0.526280, 0.384007, 0.758662,
		25.140306, 34.876427, 33.898056>
	pigment { color rgbt <0,1,1,0> }
	no_shadow
}
cylinder {
	<25.284506, 35.072235, 33.027939>,  <24.771910, 34.607620, 33.366993>, 0.130000
	pigment { color rgbt <1,0,0,0> }
	no_shadow
}

// nucleotide -1

// particle -1
sphere {
	<25.284506, 35.072235, 33.027939> 0.250000
	pigment { color rgbt <1,0,0,0> }
	no_shadow
}
cylinder {
	<25.398457, 34.932987, 33.385185>,  <25.466827, 34.849438, 33.599533>, 0.100000
	pigment { color rgbt <1,0,0,0> }
	no_shadow
}
cylinder {
	<25.398457, 34.932987, 33.385185>,  <25.284506, 35.072235, 33.027939>, 0.100000
	pigment { color rgbt <1,0,0,0> }
	no_shadow
}

// particle -1
sphere {
	<25.398457, 34.932987, 33.385185> 0.100000
	pigment { color rgbt <1,0,0,0> }
	no_shadow
}
sphere {
	0, 1
	scale<0.080000,0.200000,0.300000>
	matrix <0.935656, -0.101490, -0.338006,
		0.208309, 0.931940, 0.296808,
		0.284878, -0.348120, 0.893116,
		25.483919, 34.828552, 33.653122>
	pigment { color rgbt <0,1,1,0> }
	no_shadow
}
cylinder {
	<25.009239, 35.563122, 32.480244>,  <25.284506, 35.072235, 33.027939>, 0.130000
	pigment { color rgbt <1,0,0,0> }
	no_shadow
}

// nucleotide -1

// particle -1
sphere {
	<25.009239, 35.563122, 32.480244> 0.250000
	pigment { color rgbt <1,0,0,0> }
	no_shadow
}
cylinder {
	<25.321190, 35.811951, 32.508022>,  <25.508360, 35.961246, 32.524689>, 0.100000
	pigment { color rgbt <1,0,0,0> }
	no_shadow
}
cylinder {
	<25.321190, 35.811951, 32.508022>,  <25.009239, 35.563122, 32.480244>, 0.100000
	pigment { color rgbt <1,0,0,0> }
	no_shadow
}

// particle -1
sphere {
	<25.321190, 35.811951, 32.508022> 0.100000
	pigment { color rgbt <1,0,0,0> }
	no_shadow
}
sphere {
	0, 1
	scale<0.080000,0.200000,0.300000>
	matrix <-0.507885, 0.564034, 0.651090,
		0.365850, -0.543043, 0.755816,
		0.779876, 0.622069, 0.069452,
		25.555153, 35.998573, 32.528858>
	pigment { color rgbt <0,1,1,0> }
	no_shadow
}
cylinder {
	<25.123571, 35.742844, 33.275131>,  <25.009239, 35.563122, 32.480244>, 0.130000
	pigment { color rgbt <1,0,0,0> }
	no_shadow
}

// nucleotide -1

// particle -1
sphere {
	<25.123571, 35.742844, 33.275131> 0.250000
	pigment { color rgbt <1,0,0,0> }
	no_shadow
}
cylinder {
	<25.278908, 36.038345, 33.054794>,  <25.372110, 36.215649, 32.922592>, 0.100000
	pigment { color rgbt <1,0,0,0> }
	no_shadow
}
cylinder {
	<25.278908, 36.038345, 33.054794>,  <25.123571, 35.742844, 33.275131>, 0.100000
	pigment { color rgbt <1,0,0,0> }
	no_shadow
}

// particle -1
sphere {
	<25.278908, 36.038345, 33.054794> 0.100000
	pigment { color rgbt <1,0,0,0> }
	no_shadow
}
sphere {
	0, 1
	scale<0.080000,0.200000,0.300000>
	matrix <-0.413580, 0.673899, 0.612218,
		0.823494, -0.009931, 0.567237,
		0.388341, 0.738757, -0.550845,
		25.395411, 36.259972, 32.889542>
	pigment { color rgbt <0,1,1,0> }
	no_shadow
}
cylinder {
	<25.139824, 36.277287, 33.722923>,  <25.123571, 35.742844, 33.275131>, 0.130000
	pigment { color rgbt <1,0,0,0> }
	no_shadow
}

// nucleotide -1

// particle -1
sphere {
	<25.139824, 36.277287, 33.722923> 0.250000
	pigment { color rgbt <1,0,0,0> }
	no_shadow
}
cylinder {
	<25.146732, 36.434090, 33.355003>,  <25.150877, 36.528172, 33.134251>, 0.100000
	pigment { color rgbt <1,0,0,0> }
	no_shadow
}
cylinder {
	<25.146732, 36.434090, 33.355003>,  <25.139824, 36.277287, 33.722923>, 0.100000
	pigment { color rgbt <1,0,0,0> }
	no_shadow
}

// particle -1
sphere {
	<25.146732, 36.434090, 33.355003> 0.100000
	pigment { color rgbt <1,0,0,0> }
	no_shadow
}
sphere {
	0, 1
	scale<0.080000,0.200000,0.300000>
	matrix <-0.417741, 0.838626, 0.349569,
		0.908402, 0.378202, 0.178240,
		0.017269, 0.392007, -0.919800,
		25.151913, 36.551693, 33.079063>
	pigment { color rgbt <0,1,1,0> }
	no_shadow
}
cylinder {
	<25.483650, 36.870766, 33.778973>,  <25.139824, 36.277287, 33.722923>, 0.130000
	pigment { color rgbt <1,0,0,0> }
	no_shadow
}

// nucleotide -1

// particle -1
sphere {
	<25.483650, 36.870766, 33.778973> 0.250000
	pigment { color rgbt <1,0,0,0> }
	no_shadow
}
cylinder {
	<25.270878, 36.930077, 33.445492>,  <25.143215, 36.965664, 33.245403>, 0.100000
	pigment { color rgbt <1,0,0,0> }
	no_shadow
}
cylinder {
	<25.270878, 36.930077, 33.445492>,  <25.483650, 36.870766, 33.778973>, 0.100000
	pigment { color rgbt <1,0,0,0> }
	no_shadow
}

// particle -1
sphere {
	<25.270878, 36.930077, 33.445492> 0.100000
	pigment { color rgbt <1,0,0,0> }
	no_shadow
}
sphere {
	0, 1
	scale<0.080000,0.200000,0.300000>
	matrix <-0.365957, 0.847604, 0.384243,
		0.763627, 0.509491, -0.396602,
		-0.531930, 0.148279, -0.833705,
		25.111300, 36.974560, 33.195381>
	pigment { color rgbt <0,1,1,0> }
	no_shadow
}
cylinder {
	<25.598059, 37.599976, 33.666065>,  <25.483650, 36.870766, 33.778973>, 0.130000
	pigment { color rgbt <1,0,0,0> }
	no_shadow
}

// nucleotide -1

// particle -1
sphere {
	<25.598059, 37.599976, 33.666065> 0.250000
	pigment { color rgbt <1,0,0,0> }
	no_shadow
}
cylinder {
	<25.289869, 37.497681, 33.432495>,  <25.104956, 37.436302, 33.292355>, 0.100000
	pigment { color rgbt <1,0,0,0> }
	no_shadow
}
cylinder {
	<25.289869, 37.497681, 33.432495>,  <25.598059, 37.599976, 33.666065>, 0.100000
	pigment { color rgbt <1,0,0,0> }
	no_shadow
}

// particle -1
sphere {
	<25.289869, 37.497681, 33.432495> 0.100000
	pigment { color rgbt <1,0,0,0> }
	no_shadow
}
sphere {
	0, 1
	scale<0.080000,0.200000,0.300000>
	matrix <-0.398240, 0.908357, 0.127644,
		0.497767, 0.330888, -0.801711,
		-0.770476, -0.255737, -0.583923,
		25.058727, 37.420959, 33.257317>
	pigment { color rgbt <0,1,1,0> }
	no_shadow
}
cylinder {
	<25.634644, 38.106194, 33.140991>,  <25.598059, 37.599976, 33.666065>, 0.130000
	pigment { color rgbt <1,0,0,0> }
	no_shadow
}

// nucleotide -1

// particle -1
sphere {
	<25.634644, 38.106194, 33.140991> 0.250000
	pigment { color rgbt <1,0,0,0> }
	no_shadow
}
cylinder {
	<25.264841, 37.961105, 33.187847>,  <25.042959, 37.874054, 33.215961>, 0.100000
	pigment { color rgbt <1,0,0,0> }
	no_shadow
}
cylinder {
	<25.264841, 37.961105, 33.187847>,  <25.634644, 38.106194, 33.140991>, 0.100000
	pigment { color rgbt <1,0,0,0> }
	no_shadow
}

// particle -1
sphere {
	<25.264841, 37.961105, 33.187847> 0.100000
	pigment { color rgbt <1,0,0,0> }
	no_shadow
}
sphere {
	0, 1
	scale<0.080000,0.200000,0.300000>
	matrix <-0.328130, 0.913733, 0.239632,
		-0.193954, 0.183104, -0.963771,
		-0.924507, -0.362720, 0.117140,
		24.987490, 37.852291, 33.222988>
	pigment { color rgbt <0,1,1,0> }
	no_shadow
}
cylinder {
	<25.230433, 38.473618, 32.685696>,  <25.634644, 38.106194, 33.140991>, 0.130000
	pigment { color rgbt <1,0,0,0> }
	no_shadow
}

// nucleotide -1

// particle -1
sphere {
	<25.230433, 38.473618, 32.685696> 0.250000
	pigment { color rgbt <1,0,0,0> }
	no_shadow
}
cylinder {
	<25.021999, 38.314941, 32.987984>,  <24.896938, 38.219738, 33.169357>, 0.100000
	pigment { color rgbt <1,0,0,0> }
	no_shadow
}
cylinder {
	<25.021999, 38.314941, 32.987984>,  <25.230433, 38.473618, 32.685696>, 0.100000
	pigment { color rgbt <1,0,0,0> }
	no_shadow
}

// particle -1
sphere {
	<25.021999, 38.314941, 32.987984> 0.100000
	pigment { color rgbt <1,0,0,0> }
	no_shadow
}
sphere {
	0, 1
	scale<0.080000,0.200000,0.300000>
	matrix <-0.406298, 0.893959, 0.189101,
		-0.750595, -0.208509, -0.627002,
		-0.521085, -0.396688, 0.755718,
		24.865673, 38.195934, 33.214699>
	pigment { color rgbt <0,1,1,0> }
	no_shadow
}
cylinder {
	<24.820620, 38.902100, 32.642483>,  <25.230433, 38.473618, 32.685696>, 0.130000
	pigment { color rgbt <1,0,0,0> }
	no_shadow
}

// nucleotide -1

// particle -1
sphere {
	<24.820620, 38.902100, 32.642483> 0.250000
	pigment { color rgbt <1,0,0,0> }
	no_shadow
}
cylinder {
	<24.730112, 38.735359, 32.994629>,  <24.675808, 38.635315, 33.205917>, 0.100000
	pigment { color rgbt <1,0,0,0> }
	no_shadow
}
cylinder {
	<24.730112, 38.735359, 32.994629>,  <24.820620, 38.902100, 32.642483>, 0.100000
	pigment { color rgbt <1,0,0,0> }
	no_shadow
}

// particle -1
sphere {
	<24.730112, 38.735359, 32.994629> 0.100000
	pigment { color rgbt <1,0,0,0> }
	no_shadow
}
sphere {
	0, 1
	scale<0.080000,0.200000,0.300000>
	matrix <-0.354992, 0.876934, 0.323987,
		-0.907074, -0.239213, -0.346402,
		-0.226270, -0.416850, 0.880362,
		24.662231, 38.610306, 33.258739>
	pigment { color rgbt <0,1,1,0> }
	no_shadow
}
cylinder {
	<24.159023, 39.035286, 32.820091>,  <24.820620, 38.902100, 32.642483>, 0.130000
	pigment { color rgbt <1,0,0,0> }
	no_shadow
}

// nucleotide -1

// particle -1
sphere {
	<24.159023, 39.035286, 32.820091> 0.250000
	pigment { color rgbt <1,0,0,0> }
	no_shadow
}
cylinder {
	<24.357681, 38.995026, 33.164932>,  <24.476875, 38.970871, 33.371838>, 0.100000
	pigment { color rgbt <1,0,0,0> }
	no_shadow
}
cylinder {
	<24.357681, 38.995026, 33.164932>,  <24.159023, 39.035286, 32.820091>, 0.100000
	pigment { color rgbt <1,0,0,0> }
	no_shadow
}

// particle -1
sphere {
	<24.357681, 38.995026, 33.164932> 0.100000
	pigment { color rgbt <1,0,0,0> }
	no_shadow
}
sphere {
	0, 1
	scale<0.080000,0.200000,0.300000>
	matrix <-0.354093, 0.883346, 0.307114,
		-0.792442, -0.457789, 0.403069,
		0.496643, -0.100646, 0.862100,
		24.506674, 38.964832, 33.423561>
	pigment { color rgbt <0,1,1,0> }
	no_shadow
}
cylinder {
	<23.696207, 38.992943, 33.293484>,  <24.159023, 39.035286, 32.820091>, 0.130000
	pigment { color rgbt <1,0,0,0> }
	no_shadow
}

// nucleotide -1

// particle -1
sphere {
	<23.696207, 38.992943, 33.293484> 0.250000
	pigment { color rgbt <1,0,0,0> }
	no_shadow
}
cylinder {
	<24.022779, 39.144264, 33.467987>,  <24.218723, 39.235058, 33.572689>, 0.100000
	pigment { color rgbt <1,0,0,0> }
	no_shadow
}
cylinder {
	<24.022779, 39.144264, 33.467987>,  <23.696207, 38.992943, 33.293484>, 0.100000
	pigment { color rgbt <1,0,0,0> }
	no_shadow
}

// particle -1
sphere {
	<24.022779, 39.144264, 33.467987> 0.100000
	pigment { color rgbt <1,0,0,0> }
	no_shadow
}
sphere {
	0, 1
	scale<0.080000,0.200000,0.300000>
	matrix <-0.530339, 0.790115, 0.307341,
		-0.228426, -0.482289, 0.845706,
		0.816432, 0.378306, 0.436260,
		24.267710, 39.257755, 33.598866>
	pigment { color rgbt <0,1,1,0> }
	no_shadow
}
cylinder {
	<23.819435, 38.136459, 33.448505>,  <23.696207, 38.992943, 33.293484>, 0.130000
	pigment { color rgbt <1,0,0,0> }
	no_shadow
}

// nucleotide -1

// particle -1
sphere {
	<23.819435, 38.136459, 33.448505> 0.250000
	pigment { color rgbt <1,0,0,0> }
	no_shadow
}
cylinder {
	<24.136446, 38.086040, 33.209839>,  <24.326653, 38.055790, 33.066639>, 0.100000
	pigment { color rgbt <1,0,0,0> }
	no_shadow
}
cylinder {
	<24.136446, 38.086040, 33.209839>,  <23.819435, 38.136459, 33.448505>, 0.100000
	pigment { color rgbt <1,0,0,0> }
	no_shadow
}

// particle -1
sphere {
	<24.136446, 38.086040, 33.209839> 0.100000
	pigment { color rgbt <1,0,0,0> }
	no_shadow
}
sphere {
	0, 1
	scale<0.080000,0.200000,0.300000>
	matrix <-0.065300, -0.990322, 0.122469,
		-0.606329, -0.058098, -0.793088,
		0.792528, -0.126045, -0.596667,
		24.374205, 38.048225, 33.030838>
	pigment { color rgbt <0,1,1,0> }
	no_shadow
}
cylinder {
	<23.728846, 37.461597, 33.141037>,  <23.819435, 38.136459, 33.448505>, 0.130000
	pigment { color rgbt <1,0,0,0> }
	no_shadow
}

// nucleotide -1

// particle -1
sphere {
	<23.728846, 37.461597, 33.141037> 0.250000
	pigment { color rgbt <1,0,0,0> }
	no_shadow
}
cylinder {
	<24.115347, 37.553799, 33.095043>,  <24.347248, 37.609119, 33.067448>, 0.100000
	pigment { color rgbt <1,0,0,0> }
	no_shadow
}
cylinder {
	<24.115347, 37.553799, 33.095043>,  <23.728846, 37.461597, 33.141037>, 0.100000
	pigment { color rgbt <1,0,0,0> }
	no_shadow
}

// particle -1
sphere {
	<24.115347, 37.553799, 33.095043> 0.100000
	pigment { color rgbt <1,0,0,0> }
	no_shadow
}
sphere {
	0, 1
	scale<0.080000,0.200000,0.300000>
	matrix <0.220360, -0.970837, -0.094425,
		-0.133395, 0.065901, -0.988869,
		0.966254, 0.230503, -0.114983,
		24.405224, 37.622948, 33.060547>
	pigment { color rgbt <0,1,1,0> }
	no_shadow
}
cylinder {
	<23.881699, 37.095131, 32.559841>,  <23.728846, 37.461597, 33.141037>, 0.130000
	pigment { color rgbt <1,0,0,0> }
	no_shadow
}

// nucleotide -1

// particle -1
sphere {
	<23.881699, 37.095131, 32.559841> 0.250000
	pigment { color rgbt <1,0,0,0> }
	no_shadow
}
cylinder {
	<24.214884, 37.167149, 32.769131>,  <24.414795, 37.210358, 32.894703>, 0.100000
	pigment { color rgbt <1,0,0,0> }
	no_shadow
}
cylinder {
	<24.214884, 37.167149, 32.769131>,  <23.881699, 37.095131, 32.559841>, 0.100000
	pigment { color rgbt <1,0,0,0> }
	no_shadow
}

// particle -1
sphere {
	<24.214884, 37.167149, 32.769131> 0.100000
	pigment { color rgbt <1,0,0,0> }
	no_shadow
}
sphere {
	0, 1
	scale<0.080000,0.200000,0.300000>
	matrix <0.383033, -0.870018, -0.310409,
		0.399325, 0.458970, -0.793654,
		0.832962, 0.180042, 0.523220,
		24.464773, 37.221161, 32.926098>
	pigment { color rgbt <0,1,1,0> }
	no_shadow
}
cylinder {
	<24.467283, 36.970112, 32.064804>,  <23.881699, 37.095131, 32.559841>, 0.130000
	pigment { color rgbt <1,0,0,0> }
	no_shadow
}

// nucleotide -1

// particle -1
sphere {
	<24.467283, 36.970112, 32.064804> 0.250000
	pigment { color rgbt <1,0,0,0> }
	no_shadow
}
cylinder {
	<24.667141, 36.996872, 32.410259>,  <24.787056, 37.012928, 32.617535>, 0.100000
	pigment { color rgbt <1,0,0,0> }
	no_shadow
}
cylinder {
	<24.667141, 36.996872, 32.410259>,  <24.467283, 36.970112, 32.064804>, 0.100000
	pigment { color rgbt <1,0,0,0> }
	no_shadow
}

// particle -1
sphere {
	<24.667141, 36.996872, 32.410259> 0.100000
	pigment { color rgbt <1,0,0,0> }
	no_shadow
}
sphere {
	0, 1
	scale<0.080000,0.200000,0.300000>
	matrix <0.559988, -0.785610, -0.263117,
		0.660884, 0.615094, -0.429990,
		0.499647, 0.066899, 0.863642,
		24.817036, 37.016941, 32.669353>
	pigment { color rgbt <0,1,1,0> }
	no_shadow
}
cylinder {
	<25.196379, 37.020618, 31.855679>,  <24.467283, 36.970112, 32.064804>, 0.130000
	pigment { color rgbt <1,0,0,0> }
	no_shadow
}

// nucleotide -1

// particle -1
sphere {
	<25.196379, 37.020618, 31.855679> 0.250000
	pigment { color rgbt <1,0,0,0> }
	no_shadow
}
cylinder {
	<25.179359, 36.885460, 32.231766>,  <25.169147, 36.804363, 32.457420>, 0.100000
	pigment { color rgbt <1,0,0,0> }
	no_shadow
}
cylinder {
	<25.179359, 36.885460, 32.231766>,  <25.196379, 37.020618, 31.855679>, 0.100000
	pigment { color rgbt <1,0,0,0> }
	no_shadow
}

// particle -1
sphere {
	<25.179359, 36.885460, 32.231766> 0.100000
	pigment { color rgbt <1,0,0,0> }
	no_shadow
}
sphere {
	0, 1
	scale<0.080000,0.200000,0.300000>
	matrix <0.588692, -0.768836, -0.249666,
		0.807237, 0.542877, 0.231632,
		-0.042549, -0.337899, 0.940220,
		25.166595, 36.784092, 32.513832>
	pigment { color rgbt <0,1,1,0> }
	no_shadow
}
cylinder {
	<25.331917, 37.345341, 32.529106>,  <25.196379, 37.020618, 31.855679>, 0.130000
	pigment { color rgbt <1,0,0,0> }
	no_shadow
}

// nucleotide -1

// particle -1
sphere {
	<25.331917, 37.345341, 32.529106> 0.250000
	pigment { color rgbt <1,0,0,0> }
	no_shadow
}
cylinder {
	<25.428392, 37.072136, 32.804878>,  <25.486279, 36.908211, 32.970341>, 0.100000
	pigment { color rgbt <1,0,0,0> }
	no_shadow
}
cylinder {
	<25.428392, 37.072136, 32.804878>,  <25.331917, 37.345341, 32.529106>, 0.100000
	pigment { color rgbt <1,0,0,0> }
	no_shadow
}

// particle -1
sphere {
	<25.428392, 37.072136, 32.804878> 0.100000
	pigment { color rgbt <1,0,0,0> }
	no_shadow
}
sphere {
	0, 1
	scale<0.080000,0.200000,0.300000>
	matrix <0.447342, -0.552187, -0.703544,
		0.861227, 0.478101, 0.172359,
		0.241191, -0.683014, 0.689433,
		25.500750, 36.867233, 33.011707>
	pigment { color rgbt <0,1,1,0> }
	no_shadow
}
cylinder {
	<26.099545, 37.192902, 32.406082>,  <25.331917, 37.345341, 32.529106>, 0.130000
	pigment { color rgbt <1,0,0,0> }
	no_shadow
}

// nucleotide -1

// particle -1
sphere {
	<26.099545, 37.192902, 32.406082> 0.250000
	pigment { color rgbt <1,0,0,0> }
	no_shadow
}
cylinder {
	<25.905331, 36.890903, 32.582375>,  <25.788803, 36.709705, 32.688148>, 0.100000
	pigment { color rgbt <1,0,0,0> }
	no_shadow
}
cylinder {
	<25.905331, 36.890903, 32.582375>,  <26.099545, 37.192902, 32.406082>, 0.100000
	pigment { color rgbt <1,0,0,0> }
	no_shadow
}

// particle -1
sphere {
	<25.905331, 36.890903, 32.582375> 0.100000
	pigment { color rgbt <1,0,0,0> }
	no_shadow
}
sphere {
	0, 1
	scale<0.080000,0.200000,0.300000>
	matrix <0.409223, -0.641781, -0.648579,
		0.772524, -0.134550, 0.620566,
		-0.485534, -0.754993, 0.440730,
		25.759670, 36.664406, 32.714592>
	pigment { color rgbt <0,1,1,0> }
	no_shadow
}
cylinder {
	<26.629051, 36.660629, 32.822342>,  <26.099545, 37.192902, 32.406082>, 0.130000
	pigment { color rgbt <1,0,0,0> }
	no_shadow
}

// nucleotide -1

// particle -1
sphere {
	<26.629051, 36.660629, 32.822342> 0.250000
	pigment { color rgbt <1,0,0,0> }
	no_shadow
}
cylinder {
	<26.287649, 36.494312, 32.696709>,  <26.082808, 36.394524, 32.621326>, 0.100000
	pigment { color rgbt <1,0,0,0> }
	no_shadow
}
cylinder {
	<26.287649, 36.494312, 32.696709>,  <26.629051, 36.660629, 32.822342>, 0.100000
	pigment { color rgbt <1,0,0,0> }
	no_shadow
}

// particle -1
sphere {
	<26.287649, 36.494312, 32.696709> 0.100000
	pigment { color rgbt <1,0,0,0> }
	no_shadow
}
sphere {
	0, 1
	scale<0.080000,0.200000,0.300000>
	matrix <0.520183, -0.715333, -0.466591,
		-0.030672, -0.561620, 0.826827,
		-0.853504, -0.415790, -0.314086,
		26.031597, 36.369576, 32.602482>
	pigment { color rgbt <0,1,1,0> }
	no_shadow
}
cylinder {
	<26.806175, 35.913204, 32.663578>,  <26.629051, 36.660629, 32.822342>, 0.130000
	pigment { color rgbt <1,0,0,0> }
	no_shadow
}

// nucleotide -1

// particle -1
sphere {
	<26.806175, 35.913204, 32.663578> 0.250000
	pigment { color rgbt <1,0,0,0> }
	no_shadow
}
cylinder {
	<26.474483, 36.002079, 32.458439>,  <26.275469, 36.055405, 32.335358>, 0.100000
	pigment { color rgbt <1,0,0,0> }
	no_shadow
}
cylinder {
	<26.474483, 36.002079, 32.458439>,  <26.806175, 35.913204, 32.663578>, 0.100000
	pigment { color rgbt <1,0,0,0> }
	no_shadow
}

// particle -1
sphere {
	<26.474483, 36.002079, 32.458439> 0.100000
	pigment { color rgbt <1,0,0,0> }
	no_shadow
}
sphere {
	0, 1
	scale<0.080000,0.200000,0.300000>
	matrix <0.348880, -0.511089, -0.785539,
		-0.436642, -0.830315, 0.346296,
		-0.829233, 0.222183, -0.512843,
		26.225714, 36.068733, 32.304585>
	pigment { color rgbt <0,1,1,0> }
	no_shadow
}
cylinder {
	<26.517199, 35.268620, 32.332230>,  <26.806175, 35.913204, 32.663578>, 0.130000
	pigment { color rgbt <1,0,0,0> }
	no_shadow
}

// nucleotide -1

// particle -1
sphere {
	<26.517199, 35.268620, 32.332230> 0.250000
	pigment { color rgbt <1,0,0,0> }
	no_shadow
}
cylinder {
	<26.450966, 35.608749, 32.132416>,  <26.411226, 35.812828, 32.012527>, 0.100000
	pigment { color rgbt <1,0,0,0> }
	no_shadow
}
cylinder {
	<26.450966, 35.608749, 32.132416>,  <26.517199, 35.268620, 32.332230>, 0.100000
	pigment { color rgbt <1,0,0,0> }
	no_shadow
}

// particle -1
sphere {
	<26.450966, 35.608749, 32.132416> 0.100000
	pigment { color rgbt <1,0,0,0> }
	no_shadow
}
sphere {
	0, 1
	scale<0.080000,0.200000,0.300000>
	matrix <0.297685, -0.439802, -0.847324,
		-0.940195, -0.289005, -0.180305,
		-0.165583, 0.850323, -0.499532,
		26.401291, 35.863846, 31.982555>
	pigment { color rgbt <0,1,1,0> }
	no_shadow
}
cylinder {
	<26.048573, 35.157742, 31.722057>,  <26.517199, 35.268620, 32.332230>, 0.130000
	pigment { color rgbt <1,0,0,0> }
	no_shadow
}

// nucleotide -1

// particle -1
sphere {
	<26.048573, 35.157742, 31.722057> 0.250000
	pigment { color rgbt <1,0,0,0> }
	no_shadow
}
cylinder {
	<26.274969, 35.480846, 31.656126>,  <26.410807, 35.674709, 31.616568>, 0.100000
	pigment { color rgbt <1,0,0,0> }
	no_shadow
}
cylinder {
	<26.274969, 35.480846, 31.656126>,  <26.048573, 35.157742, 31.722057>, 0.100000
	pigment { color rgbt <1,0,0,0> }
	no_shadow
}

// particle -1
sphere {
	<26.274969, 35.480846, 31.656126> 0.100000
	pigment { color rgbt <1,0,0,0> }
	no_shadow
}
sphere {
	0, 1
	scale<0.080000,0.200000,0.300000>
	matrix <0.308414, -0.392878, -0.866330,
		-0.764548, 0.439502, -0.471492,
		0.565993, 0.807765, -0.164826,
		26.444767, 35.723175, 31.606678>
	pigment { color rgbt <0,1,1,0> }
	no_shadow
}
cylinder {
	<25.843023, 35.263374, 30.914061>,  <26.048573, 35.157742, 31.722057>, 0.130000
	pigment { color rgbt <1,0,0,0> }
	no_shadow
}

// nucleotide -1

// particle -1
sphere {
	<25.843023, 35.263374, 30.914061> 0.250000
	pigment { color rgbt <1,0,0,0> }
	no_shadow
}
cylinder {
	<26.213751, 35.382278, 31.005833>,  <26.436188, 35.453621, 31.060896>, 0.100000
	pigment { color rgbt <1,0,0,0> }
	no_shadow
}
cylinder {
	<26.213751, 35.382278, 31.005833>,  <25.843023, 35.263374, 30.914061>, 0.100000
	pigment { color rgbt <1,0,0,0> }
	no_shadow
}

// particle -1
sphere {
	<26.213751, 35.382278, 31.005833> 0.100000
	pigment { color rgbt <1,0,0,0> }
	no_shadow
}
sphere {
	0, 1
	scale<0.080000,0.200000,0.300000>
	matrix <0.354418, -0.490640, -0.796028,
		-0.124059, 0.819090, -0.560090,
		0.926821, 0.297260, 0.229432,
		26.491796, 35.471455, 31.074663>
	pigment { color rgbt <0,1,1,0> }
	no_shadow
}
cylinder {
	<26.076630, 35.503403, 30.304514>,  <25.843023, 35.263374, 30.914061>, 0.130000
	pigment { color rgbt <1,0,0,0> }
	no_shadow
}

// nucleotide -1

// particle -1
sphere {
	<26.076630, 35.503403, 30.304514> 0.250000
	pigment { color rgbt <1,0,0,0> }
	no_shadow
}
cylinder {
	<26.384722, 35.386383, 30.531199>,  <26.569578, 35.316174, 30.667210>, 0.100000
	pigment { color rgbt <1,0,0,0> }
	no_shadow
}
cylinder {
	<26.384722, 35.386383, 30.531199>,  <26.076630, 35.503403, 30.304514>, 0.100000
	pigment { color rgbt <1,0,0,0> }
	no_shadow
}

// particle -1
sphere {
	<26.384722, 35.386383, 30.531199> 0.100000
	pigment { color rgbt <1,0,0,0> }
	no_shadow
}
sphere {
	0, 1
	scale<0.080000,0.200000,0.300000>
	matrix <0.322156, -0.588421, -0.741604,
		0.550417, 0.753776, -0.358975,
		0.770232, -0.292545, 0.566710,
		26.615791, 35.298618, 30.701212>
	pigment { color rgbt <0,1,1,0> }
	no_shadow
}
cylinder {
	<26.743155, 35.745358, 30.027836>,  <26.076630, 35.503403, 30.304514>, 0.130000
	pigment { color rgbt <1,0,0,0> }
	no_shadow
}

// nucleotide -1

// particle -1
sphere {
	<26.743155, 35.745358, 30.027836> 0.250000
	pigment { color rgbt <1,0,0,0> }
	no_shadow
}
cylinder {
	<26.817137, 35.437805, 30.272657>,  <26.861526, 35.253273, 30.419550>, 0.100000
	pigment { color rgbt <1,0,0,0> }
	no_shadow
}
cylinder {
	<26.817137, 35.437805, 30.272657>,  <26.743155, 35.745358, 30.027836>, 0.100000
	pigment { color rgbt <1,0,0,0> }
	no_shadow
}

// particle -1
sphere {
	<26.817137, 35.437805, 30.272657> 0.100000
	pigment { color rgbt <1,0,0,0> }
	no_shadow
}
sphere {
	0, 1
	scale<0.080000,0.200000,0.300000>
	matrix <0.647427, -0.373216, -0.664491,
		0.739344, 0.519161, 0.428768,
		0.184954, -0.768884, 0.612054,
		26.872623, 35.207142, 30.456274>
	pigment { color rgbt <0,1,1,0> }
	no_shadow
}
cylinder {
	<27.538654, 35.711605, 29.939844>,  <26.743155, 35.745358, 30.027836>, 0.130000
	pigment { color rgbt <1,0,0,0> }
	no_shadow
}

// nucleotide -1

// particle -1
sphere {
	<27.538654, 35.711605, 29.939844> 0.250000
	pigment { color rgbt <1,0,0,0> }
	no_shadow
}
cylinder {
	<27.384857, 35.374081, 30.089588>,  <27.292580, 35.171566, 30.179434>, 0.100000
	pigment { color rgbt <1,0,0,0> }
	no_shadow
}
cylinder {
	<27.384857, 35.374081, 30.089588>,  <27.538654, 35.711605, 29.939844>, 0.100000
	pigment { color rgbt <1,0,0,0> }
	no_shadow
}

// particle -1
sphere {
	<27.384857, 35.374081, 30.089588> 0.100000
	pigment { color rgbt <1,0,0,0> }
	no_shadow
}
sphere {
	0, 1
	scale<0.080000,0.200000,0.300000>
	matrix <0.568523, -0.535950, -0.624131,
		0.727287, -0.027142, 0.685796,
		-0.384493, -0.843813, 0.374359,
		27.269508, 35.120937, 30.201897>
	pigment { color rgbt <0,1,1,0> }
	no_shadow
}
cylinder {
	<28.156647, 35.206909, 30.074905>,  <27.538654, 35.711605, 29.939844>, 0.130000
	pigment { color rgbt <1,0,0,0> }
	no_shadow
}

// nucleotide -1

// particle -1
sphere {
	<28.156647, 35.206909, 30.074905> 0.250000
	pigment { color rgbt <1,0,0,0> }
	no_shadow
}
cylinder {
	<27.833517, 34.971146, 30.073109>,  <27.639639, 34.829689, 30.072031>, 0.100000
	pigment { color rgbt <1,0,0,0> }
	no_shadow
}
cylinder {
	<27.833517, 34.971146, 30.073109>,  <28.156647, 35.206909, 30.074905>, 0.100000
	pigment { color rgbt <1,0,0,0> }
	no_shadow
}

// particle -1
sphere {
	<27.833517, 34.971146, 30.073109> 0.100000
	pigment { color rgbt <1,0,0,0> }
	no_shadow
}
sphere {
	0, 1
	scale<0.080000,0.200000,0.300000>
	matrix <0.470497, -0.640221, -0.607248,
		0.355042, -0.492661, 0.794500,
		-0.807823, -0.589408, -0.004490,
		27.591169, 34.794323, 30.071762>
	pigment { color rgbt <0,1,1,0> }
	no_shadow
}
cylinder {
	<28.342319, 34.500774, 30.139046>,  <28.156647, 35.206909, 30.074905>, 0.130000
	pigment { color rgbt <1,0,0,0> }
	no_shadow
}

// nucleotide -1

// particle -1
sphere {
	<28.342319, 34.500774, 30.139046> 0.250000
	pigment { color rgbt <1,0,0,0> }
	no_shadow
}
cylinder {
	<27.994320, 34.482059, 29.942715>,  <27.785521, 34.470829, 29.824917>, 0.100000
	pigment { color rgbt <1,0,0,0> }
	no_shadow
}
cylinder {
	<27.994320, 34.482059, 29.942715>,  <28.342319, 34.500774, 30.139046>, 0.100000
	pigment { color rgbt <1,0,0,0> }
	no_shadow
}

// particle -1
sphere {
	<27.994320, 34.482059, 29.942715> 0.100000
	pigment { color rgbt <1,0,0,0> }
	no_shadow
}
sphere {
	0, 1
	scale<0.080000,0.200000,0.300000>
	matrix <0.434292, -0.544032, -0.717927,
		-0.233434, -0.837759, 0.493628,
		-0.869999, -0.046790, -0.490828,
		27.733320, 34.468021, 29.795465>
	pigment { color rgbt <0,1,1,0> }
	no_shadow
}
cylinder {
	<28.143736, 33.722229, 29.935904>,  <28.342319, 34.500774, 30.139046>, 0.130000
	pigment { color rgbt <1,0,0,0> }
	no_shadow
}

// nucleotide -1

// particle -1
sphere {
	<28.143736, 33.722229, 29.935904> 0.250000
	pigment { color rgbt <1,0,0,0> }
	no_shadow
}
cylinder {
	<27.954046, 33.987686, 29.704493>,  <27.840233, 34.146961, 29.565647>, 0.100000
	pigment { color rgbt <1,0,0,0> }
	no_shadow
}
cylinder {
	<27.954046, 33.987686, 29.704493>,  <28.143736, 33.722229, 29.935904>, 0.100000
	pigment { color rgbt <1,0,0,0> }
	no_shadow
}

// particle -1
sphere {
	<27.954046, 33.987686, 29.704493> 0.100000
	pigment { color rgbt <1,0,0,0> }
	no_shadow
}
sphere {
	0, 1
	scale<0.080000,0.200000,0.300000>
	matrix <0.314530, -0.486042, -0.815373,
		-0.822302, -0.568635, 0.021759,
		-0.474225, 0.663640, -0.578526,
		27.811779, 34.186779, 29.530935>
	pigment { color rgbt <0,1,1,0> }
	no_shadow
}
cylinder {
	<27.679050, 33.325939, 29.515802>,  <28.143736, 33.722229, 29.935904>, 0.130000
	pigment { color rgbt <1,0,0,0> }
	no_shadow
}

// nucleotide -1

// particle -1
sphere {
	<27.679050, 33.325939, 29.515802> 0.250000
	pigment { color rgbt <1,0,0,0> }
	no_shadow
}
cylinder {
	<27.786957, 33.685146, 29.376783>,  <27.851700, 33.900669, 29.293371>, 0.100000
	pigment { color rgbt <1,0,0,0> }
	no_shadow
}
cylinder {
	<27.786957, 33.685146, 29.376783>,  <27.679050, 33.325939, 29.515802>, 0.100000
	pigment { color rgbt <1,0,0,0> }
	no_shadow
}

// particle -1
sphere {
	<27.786957, 33.685146, 29.376783> 0.100000
	pigment { color rgbt <1,0,0,0> }
	no_shadow
}
sphere {
	0, 1
	scale<0.080000,0.200000,0.300000>
	matrix <0.286388, -0.419420, -0.861434,
		-0.919353, 0.132850, -0.370326,
		0.269764, 0.898019, -0.347549,
		27.867886, 33.954552, 29.272518>
	pigment { color rgbt <0,1,1,0> }
	no_shadow
}
cylinder {
	<27.348183, 33.196648, 28.938326>,  <27.679050, 33.325939, 29.515802>, 0.130000
	pigment { color rgbt <1,0,0,0> }
	no_shadow
}

// nucleotide -1

// particle -1
sphere {
	<27.348183, 33.196648, 28.938326> 0.250000
	pigment { color rgbt <1,0,0,0> }
	no_shadow
}
cylinder {
	<27.645399, 33.463787, 28.955582>,  <27.823729, 33.624073, 28.965935>, 0.100000
	pigment { color rgbt <1,0,0,0> }
	no_shadow
}
cylinder {
	<27.645399, 33.463787, 28.955582>,  <27.348183, 33.196648, 28.938326>, 0.100000
	pigment { color rgbt <1,0,0,0> }
	no_shadow
}

// particle -1
sphere {
	<27.645399, 33.463787, 28.955582> 0.100000
	pigment { color rgbt <1,0,0,0> }
	no_shadow
}
sphere {
	0, 1
	scale<0.080000,0.200000,0.300000>
	matrix <0.456693, -0.458881, -0.762141,
		-0.489202, 0.586005, -0.645972,
		0.743043, 0.667852, 0.043139,
		27.868313, 33.664143, 28.968523>
	pigment { color rgbt <0,1,1,0> }
	no_shadow
}
cylinder {
	<27.607084, 33.523792, 28.278540>,  <27.348183, 33.196648, 28.938326>, 0.130000
	pigment { color rgbt <1,0,0,0> }
	no_shadow
}

// nucleotide -1

// particle -1
sphere {
	<27.607084, 33.523792, 28.278540> 0.250000
	pigment { color rgbt <1,0,0,0> }
	no_shadow
}
cylinder {
	<27.938517, 33.501060, 28.501331>,  <28.137375, 33.487419, 28.635006>, 0.100000
	pigment { color rgbt <1,0,0,0> }
	no_shadow
}
cylinder {
	<27.938517, 33.501060, 28.501331>,  <27.607084, 33.523792, 28.278540>, 0.100000
	pigment { color rgbt <1,0,0,0> }
	no_shadow
}

// particle -1
sphere {
	<27.938517, 33.501060, 28.501331> 0.100000
	pigment { color rgbt <1,0,0,0> }
	no_shadow
}
sphere {
	0, 1
	scale<0.080000,0.200000,0.300000>
	matrix <0.507628, -0.343365, -0.790199,
		0.236156, 0.937481, -0.255656,
		0.828580, -0.056831, 0.556979,
		28.187090, 33.484013, 28.668425>
	pigment { color rgbt <0,1,1,0> }
	no_shadow
}
cylinder {
	<27.345001, 34.312481, 28.254610>,  <27.607084, 33.523792, 28.278540>, 0.130000
	pigment { color rgbt <1,0,0,0> }
	no_shadow
}

// nucleotide -1

// particle -1
sphere {
	<27.345001, 34.312481, 28.254610> 0.250000
	pigment { color rgbt <1,0,0,0> }
	no_shadow
}
cylinder {
	<27.319628, 34.700943, 28.162666>,  <27.304403, 34.934021, 28.107500>, 0.100000
	pigment { color rgbt <1,0,0,0> }
	no_shadow
}
cylinder {
	<27.319628, 34.700943, 28.162666>,  <27.345001, 34.312481, 28.254610>, 0.100000
	pigment { color rgbt <1,0,0,0> }
	no_shadow
}

// particle -1
sphere {
	<27.319628, 34.700943, 28.162666> 0.100000
	pigment { color rgbt <1,0,0,0> }
	no_shadow
}
sphere {
	0, 1
	scale<0.080000,0.200000,0.300000>
	matrix <-0.997982, -0.061115, 0.017202,
		0.002658, 0.230487, 0.973072,
		-0.063434, 0.971154, -0.229860,
		27.300598, 34.992290, 28.093708>
	pigment { color rgbt <0,1,1,0> }
	no_shadow
}
cylinder {
	<26.845905, 34.686314, 28.689381>,  <27.345001, 34.312481, 28.254610>, 0.130000
	pigment { color rgbt <1,0,0,0> }
	no_shadow
}

// nucleotide -1

// particle -1
sphere {
	<26.845905, 34.686314, 28.689381> 0.250000
	pigment { color rgbt <1,0,0,0> }
	no_shadow
}
cylinder {
	<26.869457, 34.868031, 28.333818>,  <26.883589, 34.977062, 28.120481>, 0.100000
	pigment { color rgbt <1,0,0,0> }
	no_shadow
}
cylinder {
	<26.869457, 34.868031, 28.333818>,  <26.845905, 34.686314, 28.689381>, 0.100000
	pigment { color rgbt <1,0,0,0> }
	no_shadow
}

// particle -1
sphere {
	<26.869457, 34.868031, 28.333818> 0.100000
	pigment { color rgbt <1,0,0,0> }
	no_shadow
}
sphere {
	0, 1
	scale<0.080000,0.200000,0.300000>
	matrix <-0.993755, 0.111214, -0.008987,
		0.094776, 0.883884, 0.458003,
		0.058880, 0.454292, -0.888905,
		26.887121, 35.004318, 28.067146>
	pigment { color rgbt <0,1,1,0> }
	no_shadow
}
cylinder {
	<26.529272, 34.377686, 29.306616>,  <26.845905, 34.686314, 28.689381>, 0.130000
	pigment { color rgbt <1,0,0,0> }
	no_shadow
}

// nucleotide -1

// particle -1
sphere {
	<26.529272, 34.377686, 29.306616> 0.250000
	pigment { color rgbt <1,0,0,0> }
	no_shadow
}
cylinder {
	<26.898552, 34.396080, 29.459240>,  <27.120119, 34.407116, 29.550816>, 0.100000
	pigment { color rgbt <1,0,0,0> }
	no_shadow
}
cylinder {
	<26.898552, 34.396080, 29.459240>,  <26.529272, 34.377686, 29.306616>, 0.100000
	pigment { color rgbt <1,0,0,0> }
	no_shadow
}

// particle -1
sphere {
	<26.898552, 34.396080, 29.459240> 0.100000
	pigment { color rgbt <1,0,0,0> }
	no_shadow
}
sphere {
	0, 1
	scale<0.080000,0.200000,0.300000>
	matrix <-0.374756, 0.327845, 0.867223,
		-0.085216, -0.943612, 0.319898,
		0.923199, 0.045983, 0.381562,
		27.175512, 34.409874, 29.573709>
	pigment { color rgbt <0,1,1,0> }
	no_shadow
}
cylinder {
	<26.381830, 34.469353, 30.045383>,  <26.529272, 34.377686, 29.306616>, 0.130000
	pigment { color rgbt <1,0,0,0> }
	no_shadow
}

// nucleotide -1

// particle -1
sphere {
	<26.381830, 34.469353, 30.045383> 0.250000
	pigment { color rgbt <1,0,0,0> }
	no_shadow
}
cylinder {
	<26.780100, 34.506439, 30.047770>,  <27.019062, 34.528690, 30.049202>, 0.100000
	pigment { color rgbt <1,0,0,0> }
	no_shadow
}
cylinder {
	<26.780100, 34.506439, 30.047770>,  <26.381830, 34.469353, 30.045383>, 0.100000
	pigment { color rgbt <1,0,0,0> }
	no_shadow
}

// particle -1
sphere {
	<26.780100, 34.506439, 30.047770> 0.100000
	pigment { color rgbt <1,0,0,0> }
	no_shadow
}
sphere {
	0, 1
	scale<0.080000,0.200000,0.300000>
	matrix <-0.028852, 0.247509, 0.968456,
		0.088317, -0.964439, 0.249113,
		0.995674, 0.092719, 0.005967,
		27.078802, 34.534256, 30.049559>
	pigment { color rgbt <0,1,1,0> }
	no_shadow
}
cylinder {
	<26.728132, 34.033482, 30.556297>,  <26.381830, 34.469353, 30.045383>, 0.130000
	pigment { color rgbt <1,0,0,0> }
	no_shadow
}

// nucleotide -1

// particle -1
sphere {
	<26.728132, 34.033482, 30.556297> 0.250000
	pigment { color rgbt <1,0,0,0> }
	no_shadow
}
cylinder {
	<26.937368, 34.367725, 30.489214>,  <27.062910, 34.568272, 30.448965>, 0.100000
	pigment { color rgbt <1,0,0,0> }
	no_shadow
}
cylinder {
	<26.937368, 34.367725, 30.489214>,  <26.728132, 34.033482, 30.556297>, 0.100000
	pigment { color rgbt <1,0,0,0> }
	no_shadow
}

// particle -1
sphere {
	<26.937368, 34.367725, 30.489214> 0.100000
	pigment { color rgbt <1,0,0,0> }
	no_shadow
}
sphere {
	0, 1
	scale<0.080000,0.200000,0.300000>
	matrix <-0.326055, 0.378013, 0.866484,
		0.787441, -0.398569, 0.470192,
		0.523092, 0.835613, -0.167707,
		27.094296, 34.618408, 30.438902>
	pigment { color rgbt <0,1,1,0> }
	no_shadow
}
cylinder {
	<27.141695, 34.177353, 31.221729>,  <26.728132, 34.033482, 30.556297>, 0.130000
	pigment { color rgbt <1,0,0,0> }
	no_shadow
}

// nucleotide -1

// particle -1
sphere {
	<27.141695, 34.177353, 31.221729> 0.250000
	pigment { color rgbt <1,0,0,0> }
	no_shadow
}
cylinder {
	<27.063997, 34.490810, 30.985704>,  <27.017380, 34.678883, 30.844090>, 0.100000
	pigment { color rgbt <1,0,0,0> }
	no_shadow
}
cylinder {
	<27.063997, 34.490810, 30.985704>,  <27.141695, 34.177353, 31.221729>, 0.100000
	pigment { color rgbt <1,0,0,0> }
	no_shadow
}

// particle -1
sphere {
	<27.063997, 34.490810, 30.985704> 0.100000
	pigment { color rgbt <1,0,0,0> }
	no_shadow
}
sphere {
	0, 1
	scale<0.080000,0.200000,0.300000>
	matrix <-0.312561, 0.520727, 0.794449,
		0.929826, 0.338747, 0.143789,
		-0.194243, 0.783642, -0.590064,
		27.005724, 34.725903, 30.808685>
	pigment { color rgbt <0,1,1,0> }
	no_shadow
}
cylinder {
	<27.594917, 34.730595, 31.348646>,  <27.141695, 34.177353, 31.221729>, 0.130000
	pigment { color rgbt <1,0,0,0> }
	no_shadow
}

// nucleotide -1

// particle -1
sphere {
	<27.594917, 34.730595, 31.348646> 0.250000
	pigment { color rgbt <1,0,0,0> }
	no_shadow
}
cylinder {
	<27.251513, 34.865292, 31.193953>,  <27.045469, 34.946110, 31.101137>, 0.100000
	pigment { color rgbt <1,0,0,0> }
	no_shadow
}
cylinder {
	<27.251513, 34.865292, 31.193953>,  <27.594917, 34.730595, 31.348646>, 0.100000
	pigment { color rgbt <1,0,0,0> }
	no_shadow
}

// particle -1
sphere {
	<27.251513, 34.865292, 31.193953> 0.100000
	pigment { color rgbt <1,0,0,0> }
	no_shadow
}
sphere {
	0, 1
	scale<0.080000,0.200000,0.300000>
	matrix <-0.177922, 0.511708, 0.840535,
