// switches for output
#declare DRAW_BASES = 1; // possible values are 0, 1; only relevant for DNA ribbons
#declare DRAW_BASES_TYPE = 3; // possible values are 1, 2, 3; only relevant for DNA ribbons
#declare DRAW_FOG = 0; // set to 1 to enable fog

#include "colors.inc"

#include "transforms.inc"
background { rgb <1, 1, 1>}

#default {
   normal{
       ripples 0.25
       frequency 0.20
       turbulence 0.2
       lambda 5
   }
	finish {
		phong 0.1
		phong_size 40.
	}
}

// original window dimensions: 1024x640


// camera settings

camera {
	sky <0, 0.179814, -0.983701>
	up <0, 0.179814, -0.983701>
	right 1.6 * <1, 0, 0>
	location <35, 94.9851, 44.8844>
	look_at <35, 29.7336, 32.9568>
	direction <0, -65.2515, -11.9276>
	angle 67.0682
}


# declare cpy_camera_pos = <35, 94.9851, 44.8844>;
# if (DRAW_FOG = 1)
fog {
	fog_type 2
	up vnormalize(cpy_camera_pos)
	color rgbt<1,1,1,0.3>
	distance 1e-5
	fog_alt 3e-3
	fog_offset 56
}
# end


// LIGHTS

# declare lum = 6;
global_settings {
	ambient_light rgb lum * <0.05, 0.05, 0.05>
	max_trace_level 15
}# declare cpy_direct_light_amount = 0.25;
light_source
{	1000 * <-1, -1.16352, -0.803886>,
	rgb lum * cpy_direct_light_amount
	parallel
}

light_source
{	1000 * <1, 1.16352, 0.803886>,
	rgb lum * cpy_direct_light_amount
	parallel
}

// strand 0

// nucleotide -1

// particle -1
sphere {
	<24.470400, 35.191906, 35.397720> 0.250000
	pigment { color rgbt <1,0,0,0> }
	no_shadow
}
cylinder {
	<24.345640, 34.920006, 35.132195>,  <24.270784, 34.756866, 34.972878>, 0.100000
	pigment { color rgbt <1,0,0,0> }
	no_shadow
}
cylinder {
	<24.345640, 34.920006, 35.132195>,  <24.470400, 35.191906, 35.397720>, 0.100000
	pigment { color rgbt <1,0,0,0> }
	no_shadow
}

// particle -1
sphere {
	<24.345640, 34.920006, 35.132195> 0.100000
	pigment { color rgbt <1,0,0,0> }
	no_shadow
}
sphere {
	0, 1
	scale<0.080000,0.200000,0.300000>
	matrix <0.667869, 0.340075, -0.662042,
		0.675774, -0.649833, 0.347918,
		-0.311899, -0.679754, -0.663817,
		24.252071, 34.716080, 34.933048>
	pigment { color rgbt <0,1,1,0> }
	no_shadow
}
cylinder {
	<25.047321, 34.814526, 35.070118>,  <24.470400, 35.191906, 35.397720>, 0.130000
	pigment { color rgbt <1,0,0,0> }
	no_shadow
}

// nucleotide -1

// particle -1
sphere {
	<25.047321, 34.814526, 35.070118> 0.250000
	pigment { color rgbt <1,0,0,0> }
	no_shadow
}
cylinder {
	<24.724312, 34.902927, 34.851372>,  <24.530506, 34.955971, 34.720123>, 0.100000
	pigment { color rgbt <1,0,0,0> }
	no_shadow
}
cylinder {
	<24.724312, 34.902927, 34.851372>,  <25.047321, 34.814526, 35.070118>, 0.100000
	pigment { color rgbt <1,0,0,0> }
	no_shadow
}

// particle -1
sphere {
	<24.724312, 34.902927, 34.851372> 0.100000
	pigment { color rgbt <1,0,0,0> }
	no_shadow
}
sphere {
	0, 1
	scale<0.080000,0.200000,0.300000>
	matrix <0.589532, 0.272583, -0.760362,
		-0.018981, -0.936405, -0.350409,
		-0.807522, 0.221009, -0.546867,
		24.482056, 34.969231, 34.687313>
	pigment { color rgbt <0,1,1,0> }
	no_shadow
}
cylinder {
	<25.216833, 34.512821, 34.355110>,  <25.047321, 34.814526, 35.070118>, 0.130000
	pigment { color rgbt <1,0,0,0> }
	no_shadow
}

// nucleotide -1

// particle -1
sphere {
	<25.216833, 34.512821, 34.355110> 0.250000
	pigment { color rgbt <1,0,0,0> }
	no_shadow
}
cylinder {
	<24.980267, 34.835163, 34.343643>,  <24.838327, 35.028568, 34.336765>, 0.100000
	pigment { color rgbt <1,0,0,0> }
	no_shadow
}
cylinder {
	<24.980267, 34.835163, 34.343643>,  <25.216833, 34.512821, 34.355110>, 0.100000
	pigment { color rgbt <1,0,0,0> }
	no_shadow
}

// particle -1
sphere {
	<24.980267, 34.835163, 34.343643> 0.100000
	pigment { color rgbt <1,0,0,0> }
	no_shadow
}
sphere {
	0, 1
	scale<0.080000,0.200000,0.300000>
	matrix <0.628480, 0.438386, -0.642519,
		-0.505213, -0.398011, -0.765733,
		-0.591416, 0.805857, -0.028663,
		24.802841, 35.076920, 34.335045>
	pigment { color rgbt <0,1,1,0> }
	no_shadow
}
cylinder {
	<25.246159, 34.626278, 33.637539>,  <25.216833, 34.512821, 34.355110>, 0.130000
	pigment { color rgbt <1,0,0,0> }
	no_shadow
}

// nucleotide -1

// particle -1
sphere {
	<25.246159, 34.626278, 33.637539> 0.250000
	pigment { color rgbt <1,0,0,0> }
	no_shadow
}
cylinder {
	<25.190760, 34.971169, 33.832428>,  <25.157520, 35.178101, 33.949364>, 0.100000
	pigment { color rgbt <1,0,0,0> }
	no_shadow
}
cylinder {
	<25.190760, 34.971169, 33.832428>,  <25.246159, 34.626278, 33.637539>, 0.100000
	pigment { color rgbt <1,0,0,0> }
	no_shadow
}

// particle -1
sphere {
	<25.190760, 34.971169, 33.832428> 0.100000
	pigment { color rgbt <1,0,0,0> }
	no_shadow
}
sphere {
	0, 1
	scale<0.080000,0.200000,0.300000>
	matrix <0.502865, 0.485055, -0.715436,
		-0.853197, 0.145923, -0.500761,
		-0.138498, 0.862223, 0.487227,
		25.149210, 35.229836, 33.978596>
	pigment { color rgbt <0,1,1,0> }
	no_shadow
}
cylinder {
	<25.051878, 35.162334, 33.219070>,  <25.246159, 34.626278, 33.637539>, 0.130000
	pigment { color rgbt <1,0,0,0> }
	no_shadow
}

// nucleotide -1

// particle -1
sphere {
	<25.051878, 35.162334, 33.219070> 0.250000
	pigment { color rgbt <1,0,0,0> }
	no_shadow
}
cylinder {
	<25.337627, 35.254230, 33.483459>,  <25.509077, 35.309368, 33.642094>, 0.100000
	pigment { color rgbt <1,0,0,0> }
	no_shadow
}
cylinder {
	<25.337627, 35.254230, 33.483459>,  <25.051878, 35.162334, 33.219070>, 0.100000
	pigment { color rgbt <1,0,0,0> }
	no_shadow
}

// particle -1
sphere {
	<25.337627, 35.254230, 33.483459> 0.100000
	pigment { color rgbt <1,0,0,0> }
	no_shadow
}
sphere {
	0, 1
	scale<0.080000,0.200000,0.300000>
	matrix <0.673599, 0.030119, -0.738483,
		-0.189568, 0.972786, -0.133238,
		0.714372, 0.229742, 0.660977,
		25.551939, 35.323154, 33.681751>
	pigment { color rgbt <0,1,1,0> }
	no_shadow
}
cylinder {
	<25.394997, 35.812359, 33.090252>,  <25.051878, 35.162334, 33.219070>, 0.130000
	pigment { color rgbt <1,0,0,0> }
	no_shadow
}

// nucleotide -1

// particle -1
sphere {
	<25.394997, 35.812359, 33.090252> 0.250000
	pigment { color rgbt <1,0,0,0> }
	no_shadow
}
cylinder {
	<25.634466, 35.564209, 33.292923>,  <25.778149, 35.415321, 33.414528>, 0.100000
	pigment { color rgbt <1,0,0,0> }
	no_shadow
}
cylinder {
	<25.634466, 35.564209, 33.292923>,  <25.394997, 35.812359, 33.090252>, 0.100000
	pigment { color rgbt <1,0,0,0> }
	no_shadow
}

// particle -1
sphere {
	<25.634466, 35.564209, 33.292923> 0.100000
	pigment { color rgbt <1,0,0,0> }
	no_shadow
}
sphere {
	0, 1
	scale<0.080000,0.200000,0.300000>
	matrix <0.690746, 0.079597, -0.718703,
		0.405532, 0.780259, 0.476171,
		0.598676, -0.620371, 0.506682,
		25.814070, 35.378098, 33.444927>
	pigment { color rgbt <0,1,1,0> }
	no_shadow
}
cylinder {
	<26.151308, 36.109585, 33.170494>,  <25.394997, 35.812359, 33.090252>, 0.130000
	pigment { color rgbt <1,0,0,0> }
	no_shadow
}

// nucleotide -1

// particle -1
sphere {
	<26.151308, 36.109585, 33.170494> 0.250000
	pigment { color rgbt <1,0,0,0> }
	no_shadow
}
cylinder {
	<26.137028, 35.709843, 33.171448>,  <26.128460, 35.469997, 33.172020>, 0.100000
	pigment { color rgbt <1,0,0,0> }
	no_shadow
}
cylinder {
	<26.137028, 35.709843, 33.171448>,  <26.151308, 36.109585, 33.170494>, 0.100000
	pigment { color rgbt <1,0,0,0> }
	no_shadow
}

// particle -1
sphere {
	<26.137028, 35.709843, 33.171448> 0.100000
	pigment { color rgbt <1,0,0,0> }
	no_shadow
}
sphere {
	0, 1
	scale<0.080000,0.200000,0.300000>
	matrix <0.769608, -0.029017, -0.637857,
		0.637517, -0.020937, 0.770151,
		-0.035702, -0.999360, 0.002386,
		26.126318, 35.410034, 33.172165>
	pigment { color rgbt <0,1,1,0> }
	no_shadow
}
cylinder {
	<26.796555, 35.803551, 33.305046>,  <26.151308, 36.109585, 33.170494>, 0.130000
	pigment { color rgbt <1,0,0,0> }
	no_shadow
}

// nucleotide -1

// particle -1
sphere {
	<26.796555, 35.803551, 33.305046> 0.250000
	pigment { color rgbt <1,0,0,0> }
	no_shadow
}
cylinder {
	<26.592157, 35.531502, 33.094780>,  <26.469519, 35.368271, 32.968620>, 0.100000
	pigment { color rgbt <1,0,0,0> }
	no_shadow
}
cylinder {
	<26.592157, 35.531502, 33.094780>,  <26.796555, 35.803551, 33.305046>, 0.100000
	pigment { color rgbt <1,0,0,0> }
	no_shadow
}

// particle -1
sphere {
	<26.592157, 35.531502, 33.094780> 0.100000
	pigment { color rgbt <1,0,0,0> }
	no_shadow
}
sphere {
	0, 1
	scale<0.080000,0.200000,0.300000>
	matrix <0.767275, -0.085194, -0.635634,
		0.387526, -0.728131, 0.565375,
		-0.510991, -0.680123, -0.525662,
		26.438860, 35.327465, 32.937080>
	pigment { color rgbt <0,1,1,0> }
	no_shadow
}
cylinder {
	<27.280569, 35.184299, 33.086128>,  <26.796555, 35.803551, 33.305046>, 0.130000
	pigment { color rgbt <1,0,0,0> }
	no_shadow
}

// nucleotide -1

// particle -1
sphere {
	<27.280569, 35.184299, 33.086128> 0.250000
	pigment { color rgbt <1,0,0,0> }
	no_shadow
}
cylinder {
	<26.968990, 35.242920, 32.842239>,  <26.782043, 35.278091, 32.695904>, 0.100000
	pigment { color rgbt <1,0,0,0> }
	no_shadow
}
cylinder {
	<26.968990, 35.242920, 32.842239>,  <27.280569, 35.184299, 33.086128>, 0.100000
	pigment { color rgbt <1,0,0,0> }
	no_shadow
}

// particle -1
sphere {
	<26.968990, 35.242920, 32.842239> 0.100000
	pigment { color rgbt <1,0,0,0> }
	no_shadow
}
sphere {
	0, 1
	scale<0.080000,0.200000,0.300000>
	matrix <0.605973, -0.074289, -0.792009,
		-0.161369, -0.986409, -0.030942,
		-0.778946, 0.146556, -0.609725,
		26.735306, 35.286884, 32.659321>
	pigment { color rgbt <0,1,1,0> }
	no_shadow
}
cylinder {
	<27.560917, 35.024609, 32.518246>,  <27.280569, 35.184299, 33.086128>, 0.130000
	pigment { color rgbt <1,0,0,0> }
	no_shadow
}

// nucleotide -1

// particle -1
sphere {
	<27.560917, 35.024609, 32.518246> 0.250000
	pigment { color rgbt <1,0,0,0> }
	no_shadow
}
cylinder {
	<27.224657, 35.172749, 32.360184>,  <27.022902, 35.261631, 32.265347>, 0.100000
	pigment { color rgbt <1,0,0,0> }
	no_shadow
}
cylinder {
	<27.224657, 35.172749, 32.360184>,  <27.560917, 35.024609, 32.518246>, 0.100000
	pigment { color rgbt <1,0,0,0> }
	no_shadow
}

// particle -1
sphere {
	<27.224657, 35.172749, 32.360184> 0.100000
	pigment { color rgbt <1,0,0,0> }
	no_shadow
}
sphere {
	0, 1
	scale<0.080000,0.200000,0.300000>
	matrix <0.462513, 0.111331, -0.879595,
		-0.281766, -0.922196, -0.264882,
		-0.840648, 0.370351, -0.395159,
		26.972462, 35.283855, 32.241634>
	pigment { color rgbt <0,1,1,0> }
	no_shadow
}
cylinder {
	<27.385515, 34.692619, 31.909235>,  <27.560917, 35.024609, 32.518246>, 0.130000
	pigment { color rgbt <1,0,0,0> }
	no_shadow
}

// nucleotide -1

// particle -1
sphere {
	<27.385515, 34.692619, 31.909235> 0.250000
	pigment { color rgbt <1,0,0,0> }
	no_shadow
}
cylinder {
	<27.203884, 35.047089, 31.872347>,  <27.094906, 35.259769, 31.850214>, 0.100000
	pigment { color rgbt <1,0,0,0> }
	no_shadow
}
cylinder {
	<27.203884, 35.047089, 31.872347>,  <27.385515, 34.692619, 31.909235>, 0.100000
	pigment { color rgbt <1,0,0,0> }
	no_shadow
}

// particle -1
sphere {
	<27.203884, 35.047089, 31.872347> 0.100000
	pigment { color rgbt <1,0,0,0> }
	no_shadow
}
sphere {
	0, 1
	scale<0.080000,0.200000,0.300000>
	matrix <0.390878, 0.105124, -0.914420,
		-0.800643, -0.451265, -0.394121,
		-0.454077, 0.886177, -0.092222,
		27.067661, 35.312943, 31.844681>
	pigment { color rgbt <0,1,1,0> }
	no_shadow
}
cylinder {
	<27.089989, 34.716118, 31.265116>,  <27.385515, 34.692619, 31.909235>, 0.130000
	pigment { color rgbt <1,0,0,0> }
	no_shadow
}

// nucleotide -1

// particle -1
sphere {
	<27.089989, 34.716118, 31.265116> 0.250000
	pigment { color rgbt <1,0,0,0> }
	no_shadow
}
cylinder {
	<27.169125, 35.091415, 31.378647>,  <27.216606, 35.316593, 31.446766>, 0.100000
	pigment { color rgbt <1,0,0,0> }
	no_shadow
}
cylinder {
	<27.169125, 35.091415, 31.378647>,  <27.089989, 34.716118, 31.265116>, 0.100000
	pigment { color rgbt <1,0,0,0> }
	no_shadow
}

// particle -1
sphere {
	<27.169125, 35.091415, 31.378647> 0.100000
	pigment { color rgbt <1,0,0,0> }
	no_shadow
}
sphere {
	0, 1
	scale<0.080000,0.200000,0.300000>
	matrix <0.354798, 0.201378, -0.912998,
		-0.913771, 0.281329, -0.293047,
		0.197840, 0.938244, 0.283828,
		27.228476, 35.372887, 31.463795>
	pigment { color rgbt <0,1,1,0> }
	no_shadow
}
cylinder {
	<27.695951, 35.203197, 31.099102>,  <27.089989, 34.716118, 31.265116>, 0.130000
	pigment { color rgbt <1,0,0,0> }
	no_shadow
}

// nucleotide -1

// particle -1
sphere {
	<27.695951, 35.203197, 31.099102> 0.250000
	pigment { color rgbt <1,0,0,0> }
	no_shadow
}
cylinder {
	<27.598728, 35.366077, 30.746941>,  <27.540394, 35.463806, 30.535645>, 0.100000
	pigment { color rgbt <1,0,0,0> }
	no_shadow
}
cylinder {
	<27.598728, 35.366077, 30.746941>,  <27.695951, 35.203197, 31.099102>, 0.100000
	pigment { color rgbt <1,0,0,0> }
	no_shadow
}

// particle -1
sphere {
	<27.598728, 35.366077, 30.746941> 0.100000
	pigment { color rgbt <1,0,0,0> }
	no_shadow
}
sphere {
	0, 1
	scale<0.080000,0.200000,0.300000>
	matrix <-0.665249, -0.730520, -0.154219,
		-0.705951, 0.548203, 0.448449,
		-0.243058, 0.407202, -0.880403,
		27.525810, 35.488239, 30.482819>
	pigment { color rgbt <0,1,1,0> }
	no_shadow
}
cylinder {
	<28.007160, 35.895000, 31.002201>,  <27.695951, 35.203197, 31.099102>, 0.130000
	pigment { color rgbt <1,0,0,0> }
	no_shadow
}

// nucleotide -1

// particle -1
sphere {
	<28.007160, 35.895000, 31.002201> 0.250000
	pigment { color rgbt <1,0,0,0> }
	no_shadow
}
cylinder {
	<27.635815, 36.017929, 30.918592>,  <27.413006, 36.091686, 30.868427>, 0.100000
	pigment { color rgbt <1,0,0,0> }
	no_shadow
}
cylinder {
	<27.635815, 36.017929, 30.918592>,  <28.007160, 35.895000, 31.002201>, 0.100000
	pigment { color rgbt <1,0,0,0> }
	no_shadow
}

// particle -1
sphere {
	<27.635815, 36.017929, 30.918592> 0.100000
	pigment { color rgbt <1,0,0,0> }
	no_shadow
}
sphere {
	0, 1
	scale<0.080000,0.200000,0.300000>
	matrix <-0.282748, -0.218969, 0.933866,
		0.241226, 0.926071, 0.290178,
		-0.928366, 0.307320, -0.209023,
		27.357306, 36.110126, 30.855885>
	pigment { color rgbt <0,1,1,0> }
	no_shadow
}
cylinder {
	<27.683571, 36.111889, 31.630829>,  <28.007160, 35.895000, 31.002201>, 0.130000
	pigment { color rgbt <1,0,0,0> }
	no_shadow
}

// nucleotide -1

// particle -1
sphere {
	<27.683571, 36.111889, 31.630829> 0.250000
	pigment { color rgbt <1,0,0,0> }
	no_shadow
}
cylinder {
	<27.362772, 36.069786, 31.395636>,  <27.170294, 36.044525, 31.254520>, 0.100000
	pigment { color rgbt <1,0,0,0> }
	no_shadow
}
cylinder {
	<27.362772, 36.069786, 31.395636>,  <27.683571, 36.111889, 31.630829>, 0.100000
	pigment { color rgbt <1,0,0,0> }
	no_shadow
}

// particle -1
sphere {
	<27.362772, 36.069786, 31.395636> 0.100000
	pigment { color rgbt <1,0,0,0> }
	no_shadow
}
sphere {
	0, 1
	scale<0.080000,0.200000,0.300000>
	matrix <-0.559377, -0.212938, 0.801096,
		-0.209524, 0.971380, 0.111898,
		-0.801995, -0.105256, -0.587983,
		27.122173, 36.038208, 31.219240>
	pigment { color rgbt <0,1,1,0> }
	no_shadow
}
cylinder {
	<27.230902, 36.589443, 31.896679>,  <27.683571, 36.111889, 31.630829>, 0.130000
	pigment { color rgbt <1,0,0,0> }
	no_shadow
}

// nucleotide -1

// particle -1
sphere {
	<27.230902, 36.589443, 31.896679> 0.250000
	pigment { color rgbt <1,0,0,0> }
	no_shadow
}
cylinder {
	<27.107992, 36.250187, 31.724054>,  <27.034246, 36.046635, 31.620480>, 0.100000
	pigment { color rgbt <1,0,0,0> }
	no_shadow
}
cylinder {
	<27.107992, 36.250187, 31.724054>,  <27.230902, 36.589443, 31.896679>, 0.100000
	pigment { color rgbt <1,0,0,0> }
	no_shadow
}

// particle -1
sphere {
	<27.107992, 36.250187, 31.724054> 0.100000
	pigment { color rgbt <1,0,0,0> }
	no_shadow
}
sphere {
	0, 1
	scale<0.080000,0.200000,0.300000>
	matrix <-0.470849, -0.258598, 0.843462,
		-0.826972, 0.462375, -0.319884,
		-0.307275, -0.848137, -0.431562,
		27.015810, 35.995747, 31.594585>
	pigment { color rgbt <0,1,1,0> }
	no_shadow
}
cylinder {
	<26.508591, 36.461288, 31.934536>,  <27.230902, 36.589443, 31.896679>, 0.130000
	pigment { color rgbt <1,0,0,0> }
	no_shadow
}

// nucleotide -1

// particle -1
sphere {
	<26.508591, 36.461288, 31.934536> 0.250000
	pigment { color rgbt <1,0,0,0> }
	no_shadow
}
cylinder {
	<26.664392, 36.098915, 31.868114>,  <26.757874, 35.881493, 31.828260>, 0.100000
	pigment { color rgbt <1,0,0,0> }
	no_shadow
}
cylinder {
	<26.664392, 36.098915, 31.868114>,  <26.508591, 36.461288, 31.934536>, 0.100000
	pigment { color rgbt <1,0,0,0> }
	no_shadow
}

// particle -1
sphere {
	<26.664392, 36.098915, 31.868114> 0.100000
	pigment { color rgbt <1,0,0,0> }
	no_shadow
}
sphere {
	0, 1
	scale<0.080000,0.200000,0.300000>
	matrix <-0.627591, -0.393020, 0.672061,
		-0.674104, -0.157555, -0.721637,
		0.389504, -0.905931, -0.166056,
		26.781244, 35.827137, 31.818298>
	pigment { color rgbt <0,1,1,0> }
	no_shadow
}
cylinder {
	<25.978336, 35.950329, 31.744637>,  <26.508591, 36.461288, 31.934536>, 0.130000
	pigment { color rgbt <1,0,0,0> }
	no_shadow
}

// nucleotide -1

// particle -1
sphere {
	<25.978336, 35.950329, 31.744637> 0.250000
	pigment { color rgbt <1,0,0,0> }
	no_shadow
}
cylinder {
	<26.275562, 35.735764, 31.904697>,  <26.453897, 35.607025, 32.000732>, 0.100000
	pigment { color rgbt <1,0,0,0> }
	no_shadow
}
cylinder {
	<26.275562, 35.735764, 31.904697>,  <25.978336, 35.950329, 31.744637>, 0.100000
	pigment { color rgbt <1,0,0,0> }
	no_shadow
}

// particle -1
sphere {
	<26.275562, 35.735764, 31.904697> 0.100000
	pigment { color rgbt <1,0,0,0> }
	no_shadow
}
sphere {
	0, 1
	scale<0.080000,0.200000,0.300000>
	matrix <-0.615766, -0.313852, 0.722723,
		-0.262083, -0.783432, -0.563512,
		0.743064, -0.536405, 0.400156,
		26.498482, 35.574841, 32.024742>
	pigment { color rgbt <0,1,1,0> }
	no_shadow
}
cylinder {
	<25.669760, 35.295666, 31.907429>,  <25.978336, 35.950329, 31.744637>, 0.130000
	pigment { color rgbt <1,0,0,0> }
	no_shadow
}

// nucleotide -1

// particle -1
sphere {
	<25.669760, 35.295666, 31.907429> 0.250000
	pigment { color rgbt <1,0,0,0> }
	no_shadow
}
cylinder {
	<26.004486, 35.281471, 32.125961>,  <26.205322, 35.272953, 32.257080>, 0.100000
	pigment { color rgbt <1,0,0,0> }
	no_shadow
}
cylinder {
	<26.004486, 35.281471, 32.125961>,  <25.669760, 35.295666, 31.907429>, 0.100000
	pigment { color rgbt <1,0,0,0> }
	no_shadow
}

// particle -1
sphere {
	<26.004486, 35.281471, 32.125961> 0.100000
	pigment { color rgbt <1,0,0,0> }
	no_shadow
}
sphere {
	0, 1
	scale<0.080000,0.200000,0.300000>
	matrix <-0.525970, -0.329104, 0.784249,
		0.151972, -0.943627, -0.294063,
		0.836815, -0.035484, 0.546334,
		26.255531, 35.270824, 32.289860>
	pigment { color rgbt <0,1,1,0> }
	no_shadow
}
cylinder {
	<25.733437, 34.628365, 32.083038>,  <25.669760, 35.295666, 31.907429>, 0.130000
	pigment { color rgbt <1,0,0,0> }
	no_shadow
}

// nucleotide -1

// particle -1
sphere {
	<25.733437, 34.628365, 32.083038> 0.250000
	pigment { color rgbt <1,0,0,0> }
	no_shadow
}
cylinder {
	<25.938452, 34.848164, 32.346966>,  <26.061460, 34.980042, 32.505322>, 0.100000
	pigment { color rgbt <1,0,0,0> }
	no_shadow
}
cylinder {
	<25.938452, 34.848164, 32.346966>,  <25.733437, 34.628365, 32.083038>, 0.100000
	pigment { color rgbt <1,0,0,0> }
	no_shadow
}

// particle -1
sphere {
	<25.938452, 34.848164, 32.346966> 0.100000
	pigment { color rgbt <1,0,0,0> }
	no_shadow
}
sphere {
	0, 1
	scale<0.080000,0.200000,0.300000>
	matrix <-0.470919, -0.462668, 0.751115,
		0.718012, -0.695694, 0.021635,
		0.512536, 0.549498, 0.659817,
		26.092213, 35.013012, 32.544910>
	pigment { color rgbt <0,1,1,0> }
	no_shadow
}
cylinder {
	<26.095060, 34.279659, 32.562206>,  <25.733437, 34.628365, 32.083038>, 0.130000
	pigment { color rgbt <1,0,0,0> }
	no_shadow
}

// nucleotide -1

// particle -1
sphere {
	<26.095060, 34.279659, 32.562206> 0.250000
	pigment { color rgbt <1,0,0,0> }
	no_shadow
}
cylinder {
	<26.015234, 34.622635, 32.751930>,  <25.967339, 34.828419, 32.865765>, 0.100000
	pigment { color rgbt <1,0,0,0> }
	no_shadow
}
cylinder {
	<26.015234, 34.622635, 32.751930>,  <26.095060, 34.279659, 32.562206>, 0.100000
	pigment { color rgbt <1,0,0,0> }
	no_shadow
}

// particle -1
sphere {
	<26.015234, 34.622635, 32.751930> 0.100000
	pigment { color rgbt <1,0,0,0> }
	no_shadow
}
sphere {
	0, 1
	scale<0.080000,0.200000,0.300000>
	matrix <-0.476682, -0.507865, 0.717529,
		0.856124, -0.082903, 0.510077,
		-0.199565, 0.857438, 0.474314,
		25.955364, 34.879868, 32.894226>
	pigment { color rgbt <0,1,1,0> }
	no_shadow
}
cylinder {
	<26.115393, 33.670174, 33.001366>,  <26.095060, 34.279659, 32.562206>, 0.130000
	pigment { color rgbt <1,0,0,0> }
	no_shadow
}

// nucleotide -1

// particle -1
sphere {
	<26.115393, 33.670174, 33.001366> 0.250000
	pigment { color rgbt <1,0,0,0> }
	no_shadow
}
cylinder {
	<26.512312, 33.628559, 32.974483>,  <26.750463, 33.603588, 32.958355>, 0.100000
	pigment { color rgbt <1,0,0,0> }
	no_shadow
}
cylinder {
	<26.512312, 33.628559, 32.974483>,  <26.115393, 33.670174, 33.001366>, 0.100000
	pigment { color rgbt <1,0,0,0> }
	no_shadow
}

// particle -1
sphere {
	<26.512312, 33.628559, 32.974483> 0.100000
	pigment { color rgbt <1,0,0,0> }
	no_shadow
}
sphere {
	0, 1
	scale<0.080000,0.200000,0.300000>
	matrix <-0.021618, -0.679748, 0.733126,
		-0.121957, -0.726028, -0.676763,
		0.992299, -0.104040, -0.067204,
		26.810001, 33.597347, 32.954323>
	pigment { color rgbt <0,1,1,0> }
	no_shadow
}
cylinder {
	<26.269499, 32.998688, 32.883778>,  <26.115393, 33.670174, 33.001366>, 0.130000
	pigment { color rgbt <1,0,0,0> }
	no_shadow
}

// nucleotide -1

// particle -1
sphere {
	<26.269499, 32.998688, 32.883778> 0.250000
	pigment { color rgbt <1,0,0,0> }
	no_shadow
}
cylinder {
	<26.581362, 33.174793, 33.061901>,  <26.768480, 33.280457, 33.168774>, 0.100000
	pigment { color rgbt <1,0,0,0> }
	no_shadow
}
cylinder {
	<26.581362, 33.174793, 33.061901>,  <26.269499, 32.998688, 32.883778>, 0.100000
	pigment { color rgbt <1,0,0,0> }
	no_shadow
}

// particle -1
sphere {
	<26.581362, 33.174793, 33.061901> 0.100000
	pigment { color rgbt <1,0,0,0> }
	no_shadow
}
sphere {
	0, 1
	scale<0.080000,0.200000,0.300000>
	matrix <-0.057375, -0.657905, 0.750912,
		0.623570, -0.611006, -0.487681,
		0.779659, 0.440265, 0.445306,
		26.815260, 33.306873, 33.195492>
	pigment { color rgbt <0,1,1,0> }
	no_shadow
}
cylinder {
	<26.852373, 32.495071, 33.003582>,  <26.269499, 32.998688, 32.883778>, 0.130000
	pigment { color rgbt <1,0,0,0> }
	no_shadow
}

// nucleotide -1

// particle -1
sphere {
	<26.852373, 32.495071, 33.003582> 0.250000
	pigment { color rgbt <1,0,0,0> }
	no_shadow
}
cylinder {
	<26.886566, 32.777252, 33.285015>,  <26.907082, 32.946560, 33.453876>, 0.100000
	pigment { color rgbt <1,0,0,0> }
	no_shadow
}
cylinder {
	<26.886566, 32.777252, 33.285015>,  <26.852373, 32.495071, 33.003582>, 0.100000
	pigment { color rgbt <1,0,0,0> }
	no_shadow
}

// particle -1
sphere {
	<26.886566, 32.777252, 33.285015> 0.100000
	pigment { color rgbt <1,0,0,0> }
	no_shadow
}
sphere {
	0, 1
	scale<0.080000,0.200000,0.300000>
	matrix <0.106340, -0.708596, 0.697555,
		0.990649, 0.015192, -0.135589,
		0.085481, 0.705451, 0.703586,
		26.912210, 32.988888, 33.496090>
	pigment { color rgbt <0,1,1,0> }
	no_shadow
}
cylinder {
	<27.527939, 32.347717, 33.439766>,  <26.852373, 32.495071, 33.003582>, 0.130000
	pigment { color rgbt <1,0,0,0> }
	no_shadow
}

// nucleotide -1

// particle -1
sphere {
	<27.527939, 32.347717, 33.439766> 0.250000
	pigment { color rgbt <1,0,0,0> }
	no_shadow
}
cylinder {
	<27.260330, 32.559540, 33.648376>,  <27.099766, 32.686634, 33.773540>, 0.100000
	pigment { color rgbt <1,0,0,0> }
	no_shadow
}
cylinder {
	<27.260330, 32.559540, 33.648376>,  <27.527939, 32.347717, 33.439766>, 0.100000
	pigment { color rgbt <1,0,0,0> }
	no_shadow
}

// particle -1
sphere {
	<27.260330, 32.559540, 33.648376> 0.100000
	pigment { color rgbt <1,0,0,0> }
	no_shadow
}
sphere {
	0, 1
	scale<0.080000,0.200000,0.300000>
	matrix <0.017115, -0.690522, 0.723108,
		0.743048, 0.492700, 0.452910,
		-0.669020, 0.529553, 0.521524,
		27.059624, 32.718407, 33.804832>
	pigment { color rgbt <0,1,1,0> }
	no_shadow
}
cylinder {
	<27.691746, 32.367321, 34.265198>,  <27.527939, 32.347717, 33.439766>, 0.130000
	pigment { color rgbt <1,0,0,0> }
	no_shadow
}

// nucleotide -1

// particle -1
sphere {
	<27.691746, 32.367321, 34.265198> 0.250000
	pigment { color rgbt <1,0,0,0> }
	no_shadow
}
cylinder {
	<27.310389, 32.446125, 34.173786>,  <27.081573, 32.493408, 34.118938>, 0.100000
	pigment { color rgbt <1,0,0,0> }
	no_shadow
}
cylinder {
	<27.310389, 32.446125, 34.173786>,  <27.691746, 32.367321, 34.265198>, 0.100000
	pigment { color rgbt <1,0,0,0> }
	no_shadow
}

// particle -1
sphere {
	<27.310389, 32.446125, 34.173786> 0.100000
	pigment { color rgbt <1,0,0,0> }
	no_shadow
}
sphere {
	0, 1
	scale<0.080000,0.200000,0.300000>
	matrix <-0.292253, -0.791253, 0.537129,
		-0.075005, 0.578884, 0.811953,
		-0.953395, 0.197009, -0.228529,
		27.024370, 32.505226, 34.105228>
	pigment { color rgbt <0,1,1,0> }
	no_shadow
}
cylinder {
	<27.271013, 32.402481, 34.899151>,  <27.691746, 32.367321, 34.265198>, 0.130000
	pigment { color rgbt <1,0,0,0> }
	no_shadow
}

// nucleotide -1

// particle -1
sphere {
	<27.271013, 32.402481, 34.899151> 0.250000
	pigment { color rgbt <1,0,0,0> }
	no_shadow
}
cylinder {
	<27.055574, 32.271210, 34.588741>,  <26.926311, 32.192448, 34.402496>, 0.100000
	pigment { color rgbt <1,0,0,0> }
	no_shadow
}
cylinder {
	<27.055574, 32.271210, 34.588741>,  <27.271013, 32.402481, 34.899151>, 0.100000
	pigment { color rgbt <1,0,0,0> }
	no_shadow
}

// particle -1
sphere {
	<27.055574, 32.271210, 34.588741> 0.100000
	pigment { color rgbt <1,0,0,0> }
	no_shadow
}
sphere {
	0, 1
	scale<0.080000,0.200000,0.300000>
	matrix <-0.159312, -0.864747, 0.476268,
		-0.827364, 0.380147, 0.413470,
		-0.538599, -0.328176, -0.776023,
		26.893995, 32.172756, 34.355934>
	pigment { color rgbt <0,1,1,0> }
	no_shadow
}
cylinder {
	<26.516396, 31.999578, 34.984962>,  <27.271013, 32.402481, 34.899151>, 0.130000
	pigment { color rgbt <1,0,0,0> }
	no_shadow
}

// nucleotide -1

// particle -1
sphere {
	<26.516396, 31.999578, 34.984962> 0.250000
	pigment { color rgbt <1,0,0,0> }
	no_shadow
}
cylinder {
	<26.668983, 31.864288, 34.640850>,  <26.760536, 31.783113, 34.434383>, 0.100000
	pigment { color rgbt <1,0,0,0> }
	no_shadow
}
cylinder {
	<26.668983, 31.864288, 34.640850>,  <26.516396, 31.999578, 34.984962>, 0.100000
	pigment { color rgbt <1,0,0,0> }
	no_shadow
}

// particle -1
sphere {
	<26.668983, 31.864288, 34.640850> 0.100000
	pigment { color rgbt <1,0,0,0> }
	no_shadow
}
sphere {
	0, 1
	scale<0.080000,0.200000,0.300000>
	matrix <-0.215577, -0.937545, 0.273012,
		-0.898893, 0.081311, -0.430558,
		0.381469, -0.338227, -0.860281,
		26.783424, 31.762821, 34.382767>
	pigment { color rgbt <0,1,1,0> }
	no_shadow
}
cylinder {
	<26.043903, 31.548706, 34.558159>,  <26.516396, 31.999578, 34.984962>, 0.130000
	pigment { color rgbt <1,0,0,0> }
	no_shadow
}

// nucleotide -1

// particle -1
sphere {
	<26.043903, 31.548706, 34.558159> 0.250000
	pigment { color rgbt <1,0,0,0> }
	no_shadow
}
cylinder {
	<26.409126, 31.412163, 34.468895>,  <26.628260, 31.330236, 34.415337>, 0.100000
	pigment { color rgbt <1,0,0,0> }
	no_shadow
}
cylinder {
	<26.409126, 31.412163, 34.468895>,  <26.043903, 31.548706, 34.558159>, 0.100000
	pigment { color rgbt <1,0,0,0> }
	no_shadow
}

// particle -1
sphere {
	<26.409126, 31.412163, 34.468895> 0.100000
	pigment { color rgbt <1,0,0,0> }
	no_shadow
}
sphere {
	0, 1
	scale<0.080000,0.200000,0.300000>
	matrix <-0.319803, -0.938846, 0.127651,
		-0.253086, -0.045186, -0.966388,
		0.913057, -0.341360, -0.223158,
		26.683044, 31.309755, 34.401947>
	pigment { color rgbt <0,1,1,0> }
	no_shadow
}
cylinder {
	<26.001505, 31.162931, 34.005714>,  <26.043903, 31.548706, 34.558159>, 0.130000
	pigment { color rgbt <1,0,0,0> }
	no_shadow
}

// nucleotide -1

// particle -1
sphere {
	<26.001505, 31.162931, 34.005714> 0.250000
	pigment { color rgbt <1,0,0,0> }
	no_shadow
}
cylinder {
	<26.314243, 31.056049, 34.231041>,  <26.501886, 30.991920, 34.366238>, 0.100000
	pigment { color rgbt <1,0,0,0> }
	no_shadow
}
cylinder {
	<26.314243, 31.056049, 34.231041>,  <26.001505, 31.162931, 34.005714>, 0.100000
	pigment { color rgbt <1,0,0,0> }
	no_shadow
}

// particle -1
sphere {
	<26.314243, 31.056049, 34.231041> 0.100000
	pigment { color rgbt <1,0,0,0> }
	no_shadow
}
sphere {
	0, 1
	scale<0.080000,0.200000,0.300000>
	matrix <-0.397529, -0.909677, 0.120243,
		0.480302, -0.317944, -0.817448,
		0.781844, -0.267206, 0.563312,
		26.548796, 30.975887, 34.400036>
	pigment { color rgbt <0,1,1,0> }
	no_shadow
}
cylinder {
	<26.185909, 30.538177, 33.783455>,  <26.001505, 31.162931, 34.005714>, 0.130000
	pigment { color rgbt <1,0,0,0> }
	no_shadow
}

// nucleotide -1

// particle -1
sphere {
	<26.185909, 30.538177, 33.783455> 0.250000
	pigment { color rgbt <1,0,0,0> }
	no_shadow
}
cylinder {
	<26.313940, 30.557520, 34.161919>,  <26.390759, 30.569126, 34.388996>, 0.100000
	pigment { color rgbt <1,0,0,0> }
	no_shadow
}
cylinder {
	<26.313940, 30.557520, 34.161919>,  <26.185909, 30.538177, 33.783455>, 0.100000
	pigment { color rgbt <1,0,0,0> }
	no_shadow
}

// particle -1
sphere {
	<26.313940, 30.557520, 34.161919> 0.100000
	pigment { color rgbt <1,0,0,0> }
	no_shadow
}
sphere {
	0, 1
	scale<0.080000,0.200000,0.300000>
	matrix <-0.471588, -0.858043, 0.203388,
		0.821678, -0.511296, -0.251837,
		0.320079, 0.048356, 0.946156,
		26.409964, 30.572027, 34.445766>
	pigment { color rgbt <0,1,1,0> }
	no_shadow
}
cylinder {
	<26.622944, 29.994411, 33.895206>,  <26.185909, 30.538177, 33.783455>, 0.130000
	pigment { color rgbt <1,0,0,0> }
	no_shadow
}

// nucleotide -1

// particle -1
sphere {
	<26.622944, 29.994411, 33.895206> 0.250000
	pigment { color rgbt <1,0,0,0> }
	no_shadow
}
cylinder {
	<26.505028, 30.098228, 34.263062>,  <26.434278, 30.160519, 34.483776>, 0.100000
	pigment { color rgbt <1,0,0,0> }
	no_shadow
}
cylinder {
	<26.505028, 30.098228, 34.263062>,  <26.622944, 29.994411, 33.895206>, 0.100000
	pigment { color rgbt <1,0,0,0> }
	no_shadow
}

// particle -1
sphere {
	<26.505028, 30.098228, 34.263062> 0.100000
	pigment { color rgbt <1,0,0,0> }
	no_shadow
}
sphere {
	0, 1
	scale<0.080000,0.200000,0.300000>
	matrix <-0.437273, -0.892368, 0.111676,
		0.849642, -0.369213, 0.376551,
		-0.294790, 0.259540, 0.919640,
		26.416592, 30.176090, 34.538952>
	pigment { color rgbt <0,1,1,0> }
	no_shadow
}
cylinder {
	<26.855698, 29.497017, 34.350437>,  <26.622944, 29.994411, 33.895206>, 0.130000
	pigment { color rgbt <1,0,0,0> }
	no_shadow
}

// nucleotide -1

// particle -1
sphere {
	<26.855698, 29.497017, 34.350437> 0.250000
	pigment { color rgbt <1,0,0,0> }
	no_shadow
}
cylinder {
	<26.540384, 29.685530, 34.508682>,  <26.351196, 29.798637, 34.603630>, 0.100000
	pigment { color rgbt <1,0,0,0> }
	no_shadow
}
cylinder {
	<26.540384, 29.685530, 34.508682>,  <26.855698, 29.497017, 34.350437>, 0.100000
	pigment { color rgbt <1,0,0,0> }
	no_shadow
}

// particle -1
sphere {
	<26.540384, 29.685530, 34.508682> 0.100000
	pigment { color rgbt <1,0,0,0> }
	no_shadow
}
sphere {
	0, 1
	scale<0.080000,0.200000,0.300000>
	matrix <-0.412529, -0.881821, 0.228499,
		0.456543, 0.016921, 0.889540,
		-0.788282, 0.471281, 0.395609,
		26.303900, 29.826914, 34.627365>
	pigment { color rgbt <0,1,1,0> }
	no_shadow
}
cylinder {
	<26.845205, 29.334532, 35.056549>,  <26.855698, 29.497017, 34.350437>, 0.130000
	pigment { color rgbt <1,0,0,0> }
	no_shadow
}

// nucleotide -1

// particle -1
sphere {
	<26.845205, 29.334532, 35.056549> 0.250000
	pigment { color rgbt <1,0,0,0> }
	no_shadow
}
cylinder {
	<26.476786, 29.427137, 34.931286>,  <26.255733, 29.482700, 34.856129>, 0.100000
	pigment { color rgbt <1,0,0,0> }
	no_shadow
}
cylinder {
	<26.476786, 29.427137, 34.931286>,  <26.845205, 29.334532, 35.056549>, 0.100000
	pigment { color rgbt <1,0,0,0> }
	no_shadow
}

// particle -1
sphere {
	<26.476786, 29.427137, 34.931286> 0.100000
	pigment { color rgbt <1,0,0,0> }
	no_shadow
}
sphere {
	0, 1
	scale<0.080000,0.200000,0.300000>
	matrix <-0.337456, -0.875833, 0.345022,
		-0.194396, 0.423459, 0.884812,
		-0.921050, 0.231514, -0.313158,
		26.200470, 29.496592, 34.837337>
	pigment { color rgbt <0,1,1,0> }
	no_shadow
}
cylinder {
	<26.297682, 29.061941, 35.489559>,  <26.845205, 29.334532, 35.056549>, 0.130000
	pigment { color rgbt <1,0,0,0> }
	no_shadow
}

// nucleotide -1

// particle -1
sphere {
	<26.297682, 29.061941, 35.489559> 0.250000
	pigment { color rgbt <1,0,0,0> }
	no_shadow
}
cylinder {
	<26.143578, 29.109356, 35.123493>,  <26.051115, 29.137804, 34.903854>, 0.100000
	pigment { color rgbt <1,0,0,0> }
	no_shadow
}
cylinder {
	<26.143578, 29.109356, 35.123493>,  <26.297682, 29.061941, 35.489559>, 0.100000
	pigment { color rgbt <1,0,0,0> }
	no_shadow
}

// particle -1
sphere {
	<26.143578, 29.109356, 35.123493> 0.100000
	pigment { color rgbt <1,0,0,0> }
	no_shadow
}
sphere {
	0, 1
	scale<0.080000,0.200000,0.300000>
	matrix <-0.331407, -0.943329, 0.017332,
		-0.861245, 0.309968, 0.402712,
		-0.385262, 0.118535, -0.915162,
		26.027998, 29.144917, 34.848946>
	pigment { color rgbt <0,1,1,0> }
	no_shadow
}
cylinder {
	<25.872427, 28.703983, 35.026001>,  <26.297682, 29.061941, 35.489559>, 0.130000
	pigment { color rgbt <1,0,0,0> }
	no_shadow
}

// nucleotide -1

// particle -1
sphere {
	<25.872427, 28.703983, 35.026001> 0.250000
	pigment { color rgbt <1,0,0,0> }
	no_shadow
}
cylinder {
	<25.655565, 28.885557, 35.308846>,  <25.525448, 28.994501, 35.478554>, 0.100000
	pigment { color rgbt <1,0,0,0> }
	no_shadow
}
cylinder {
	<25.655565, 28.885557, 35.308846>,  <25.872427, 28.703983, 35.026001>, 0.100000
	pigment { color rgbt <1,0,0,0> }
	no_shadow
}

// particle -1
sphere {
	<25.655565, 28.885557, 35.308846> 0.100000
	pigment { color rgbt <1,0,0,0> }
	no_shadow
}
sphere {
	0, 1
	scale<0.080000,0.200000,0.300000>
	matrix <0.443392, 0.869377, -0.218144,
		-0.713772, 0.195261, -0.672608,
		-0.542155, 0.453934, 0.707115,
		25.492918, 29.021738, 35.520981>
	pigment { color rgbt <0,1,1,0> }
	no_shadow
}
cylinder {
	<25.481127, 29.306662, 34.747768>,  <25.872427, 28.703983, 35.026001>, 0.130000
	pigment { color rgbt <1,0,0,0> }
	no_shadow
}

// nucleotide -1

// particle -1
sphere {
	<25.481127, 29.306662, 34.747768> 0.250000
	pigment { color rgbt <1,0,0,0> }
	no_shadow
}
cylinder {
	<25.601879, 29.321815, 35.128807>,  <25.674330, 29.330908, 35.357430>, 0.100000
	pigment { color rgbt <1,0,0,0> }
	no_shadow
}
cylinder {
	<25.601879, 29.321815, 35.128807>,  <25.481127, 29.306662, 34.747768>, 0.100000
	pigment { color rgbt <1,0,0,0> }
	no_shadow
}

// particle -1
sphere {
	<25.601879, 29.321815, 35.128807> 0.100000
	pigment { color rgbt <1,0,0,0> }
	no_shadow
}
sphere {
	0, 1
	scale<0.080000,0.200000,0.300000>
	matrix <0.421170, 0.891115, -0.168910,
		-0.855268, 0.452194, 0.253055,
		0.301881, 0.037884, 0.952593,
		25.692444, 29.333181, 35.414585>
	pigment { color rgbt <0,1,1,0> }
	no_shadow
}
cylinder {
	<25.217712, 29.923372, 35.093834>,  <25.481127, 29.306662, 34.747768>, 0.130000
	pigment { color rgbt <1,0,0,0> }
	no_shadow
}

// nucleotide -1

// particle -1
sphere {
	<25.217712, 29.923372, 35.093834> 0.250000
	pigment { color rgbt <1,0,0,0> }
	no_shadow
}
cylinder {
	<25.567072, 29.779007, 35.224625>,  <25.776688, 29.692387, 35.303097>, 0.100000
	pigment { color rgbt <1,0,0,0> }
	no_shadow
}
cylinder {
	<25.567072, 29.779007, 35.224625>,  <25.217712, 29.923372, 35.093834>, 0.100000
	pigment { color rgbt <1,0,0,0> }
	no_shadow
}

// particle -1
sphere {
	<25.567072, 29.779007, 35.224625> 0.100000
	pigment { color rgbt <1,0,0,0> }
	no_shadow
}
sphere {
	0, 1
	scale<0.080000,0.200000,0.300000>
	matrix <0.476598, 0.771480, -0.421512,
		-0.100123, 0.523983, 0.845823,
		0.873401, -0.360915, 0.326973,
		25.829092, 29.670732, 35.322716>
	pigment { color rgbt <0,1,1,0> }
	no_shadow
}
cylinder {
	<25.645168, 30.423176, 35.449528>,  <25.217712, 29.923372, 35.093834>, 0.130000
	pigment { color rgbt <1,0,0,0> }
	no_shadow
}

// nucleotide -1

// particle -1
sphere {
	<25.645168, 30.423176, 35.449528> 0.250000
	pigment { color rgbt <1,0,0,0> }
	no_shadow
}
cylinder {
	<25.924921, 30.154936, 35.350605>,  <26.092773, 29.993992, 35.291252>, 0.100000
	pigment { color rgbt <1,0,0,0> }
	no_shadow
}
cylinder {
	<25.924921, 30.154936, 35.350605>,  <25.645168, 30.423176, 35.449528>, 0.100000
	pigment { color rgbt <1,0,0,0> }
	no_shadow
}

// particle -1
sphere {
	<25.924921, 30.154936, 35.350605> 0.100000
	pigment { color rgbt <1,0,0,0> }
	no_shadow
}
sphere {
	0, 1
	scale<0.080000,0.200000,0.300000>
	matrix <0.592977, 0.737571, -0.323060,
		0.399053, 0.079293, 0.913493,
		0.699382, -0.670599, -0.247310,
		26.134735, 29.953756, 35.276413>
	pigment { color rgbt <0,1,1,0> }
	no_shadow
}
cylinder {
	<26.257591, 30.618534, 35.727776>,  <25.645168, 30.423176, 35.449528>, 0.130000
	pigment { color rgbt <1,0,0,0> }
	no_shadow
}

// nucleotide -1

// particle -1
sphere {
	<26.257591, 30.618534, 35.727776> 0.250000
	pigment { color rgbt <1,0,0,0> }
	no_shadow
}
cylinder {
	<26.350058, 30.428993, 35.387886>,  <26.405537, 30.315268, 35.183952>, 0.100000
	pigment { color rgbt <1,0,0,0> }
	no_shadow
}
cylinder {
	<26.350058, 30.428993, 35.387886>,  <26.257591, 30.618534, 35.727776>, 0.100000
	pigment { color rgbt <1,0,0,0> }
	no_shadow
}

// particle -1
sphere {
	<26.350058, 30.428993, 35.387886> 0.100000
	pigment { color rgbt <1,0,0,0> }
	no_shadow
}
sphere {
	0, 1
	scale<0.080000,0.200000,0.300000>
	matrix <0.663154, 0.715800, -0.218762,
		0.711892, -0.512926, 0.479705,
		0.231164, -0.473854, -0.849721,
		26.419407, 30.286837, 35.132969>
	pigment { color rgbt <0,1,1,0> }
	no_shadow
}
cylinder {
	<26.997473, 30.573477, 35.581223>,  <26.257591, 30.618534, 35.727776>, 0.130000
	pigment { color rgbt <1,0,0,0> }
	no_shadow
}

// nucleotide -1

// particle -1
sphere {
	<26.997473, 30.573477, 35.581223> 0.250000
	pigment { color rgbt <1,0,0,0> }
	no_shadow
}
cylinder {
	<26.833752, 30.567364, 35.216312>,  <26.735519, 30.563696, 34.997368>, 0.100000
	pigment { color rgbt <1,0,0,0> }
	no_shadow
}
cylinder {
	<26.833752, 30.567364, 35.216312>,  <26.997473, 30.573477, 35.581223>, 0.100000
	pigment { color rgbt <1,0,0,0> }
	no_shadow
}

// particle -1
sphere {
	<26.833752, 30.567364, 35.216312> 0.100000
	pigment { color rgbt <1,0,0,0> }
	no_shadow
}
sphere {
	0, 1
	scale<0.080000,0.200000,0.300000>
	matrix <0.585448, 0.762485, -0.275440,
		0.699802, -0.646826, -0.303141,
		-0.409302, -0.015281, -0.912271,
		26.710960, 30.562780, 34.942631>
	pigment { color rgbt <0,1,1,0> }
	no_shadow
}
cylinder {
	<27.523653, 30.549290, 35.084541>,  <26.997473, 30.573477, 35.581223>, 0.130000
	pigment { color rgbt <1,0,0,0> }
	no_shadow
}

// nucleotide -1

// particle -1
sphere {
	<27.523653, 30.549290, 35.084541> 0.250000
	pigment { color rgbt <1,0,0,0> }
	no_shadow
}
cylinder {
	<27.216320, 30.708858, 34.884331>,  <27.031921, 30.804600, 34.764202>, 0.100000
	pigment { color rgbt <1,0,0,0> }
	no_shadow
}
cylinder {
	<27.216320, 30.708858, 34.884331>,  <27.523653, 30.549290, 35.084541>, 0.100000
	pigment { color rgbt <1,0,0,0> }
	no_shadow
}

// particle -1
sphere {
	<27.216320, 30.708858, 34.884331> 0.100000
	pigment { color rgbt <1,0,0,0> }
	no_shadow
}
sphere {
	0, 1
	scale<0.080000,0.200000,0.300000>
	matrix <0.578090, 0.768184, -0.275146,
		0.274737, -0.500754, -0.820832,
		-0.768331, 0.398922, -0.500529,
		26.985821, 30.828535, 34.734173>
	pigment { color rgbt <0,1,1,0> }
	no_shadow
}
cylinder {
	<27.407343, 30.660929, 34.355797>,  <27.523653, 30.549290, 35.084541>, 0.130000
	pigment { color rgbt <1,0,0,0> }
	no_shadow
}

// nucleotide -1

// particle -1
sphere {
	<27.407343, 30.660929, 34.355797> 0.250000
	pigment { color rgbt <1,0,0,0> }
	no_shadow
}
cylinder {
	<27.517717, 30.995388, 34.166180>,  <27.583942, 31.196064, 34.052410>, 0.100000
	pigment { color rgbt <1,0,0,0> }
	no_shadow
}
cylinder {
	<27.517717, 30.995388, 34.166180>,  <27.407343, 30.660929, 34.355797>, 0.100000
	pigment { color rgbt <1,0,0,0> }
	no_shadow
}

// particle -1
sphere {
	<27.517717, 30.995388, 34.166180> 0.100000
	pigment { color rgbt <1,0,0,0> }
	no_shadow
}
sphere {
	0, 1
	scale<0.080000,0.200000,0.300000>
