// switches for output
#declare DRAW_BASES = 1; // possible values are 0, 1; only relevant for DNA ribbons
#declare DRAW_BASES_TYPE = 3; // possible values are 1, 2, 3; only relevant for DNA ribbons
#declare DRAW_FOG = 0; // set to 1 to enable fog

#include "colors.inc"

#include "transforms.inc"
background { rgb <1, 1, 1>}

#default {
   normal{
       ripples 0.25
       frequency 0.20
       turbulence 0.2
       lambda 5
   }
	finish {
		phong 0.1
		phong_size 40.
	}
}

// original window dimensions: 1024x640


// camera settings

camera {
	sky <0, 0.179814, -0.983701>
	up <0, 0.179814, -0.983701>
	right 1.6 * <1, 0, 0>
	location <35, 94.9851, 44.8844>
	look_at <35, 29.7336, 32.9568>
	direction <0, -65.2515, -11.9276>
	angle 67.0682
}


# declare cpy_camera_pos = <35, 94.9851, 44.8844>;
# if (DRAW_FOG = 1)
fog {
	fog_type 2
	up vnormalize(cpy_camera_pos)
	color rgbt<1,1,1,0.3>
	distance 1e-5
	fog_alt 3e-3
	fog_offset 56
}
# end


// LIGHTS

# declare lum = 6;
global_settings {
	ambient_light rgb lum * <0.05, 0.05, 0.05>
	max_trace_level 15
}# declare cpy_direct_light_amount = 0.25;
light_source
{	1000 * <-1, -1.16352, -0.803886>,
	rgb lum * cpy_direct_light_amount
	parallel
}

light_source
{	1000 * <1, 1.16352, 0.803886>,
	rgb lum * cpy_direct_light_amount
	parallel
}

// strand 0

// nucleotide -1

// particle -1
sphere {
	<24.167917, 34.627544, 35.191547> 0.250000
	pigment { color rgbt <1,0,0,0> }
	no_shadow
}
cylinder {
	<24.199881, 34.841499, 34.855091>,  <24.219059, 34.969872, 34.653217>, 0.100000
	pigment { color rgbt <1,0,0,0> }
	no_shadow
}
cylinder {
	<24.199881, 34.841499, 34.855091>,  <24.167917, 34.627544, 35.191547>, 0.100000
	pigment { color rgbt <1,0,0,0> }
	no_shadow
}

// particle -1
sphere {
	<24.199881, 34.841499, 34.855091> 0.100000
	pigment { color rgbt <1,0,0,0> }
	no_shadow
}
sphere {
	0, 1
	scale<0.080000,0.200000,0.300000>
	matrix <0.964901, -0.253279, -0.069396,
		-0.250161, -0.806070, -0.536349,
		0.079908, 0.534884, -0.841139,
		24.223852, 35.001965, 34.602749>
	pigment { color rgbt <0,1,1,0> }
	no_shadow
}
cylinder {
	<24.591902, 34.184486, 34.740047>,  <24.167917, 34.627544, 35.191547>, 0.130000
	pigment { color rgbt <1,0,0,0> }
	no_shadow
}

// nucleotide -1

// particle -1
sphere {
	<24.591902, 34.184486, 34.740047> 0.250000
	pigment { color rgbt <1,0,0,0> }
	no_shadow
}
cylinder {
	<24.598694, 34.560127, 34.602764>,  <24.602768, 34.785511, 34.520393>, 0.100000
	pigment { color rgbt <1,0,0,0> }
	no_shadow
}
cylinder {
	<24.598694, 34.560127, 34.602764>,  <24.591902, 34.184486, 34.740047>, 0.100000
	pigment { color rgbt <1,0,0,0> }
	no_shadow
}

// particle -1
sphere {
	<24.598694, 34.560127, 34.602764> 0.100000
	pigment { color rgbt <1,0,0,0> }
	no_shadow
}
sphere {
	0, 1
	scale<0.080000,0.200000,0.300000>
	matrix <0.976399, -0.089489, -0.196561,
		-0.215305, -0.331771, -0.918462,
		0.016979, 0.939106, -0.343209,
		24.603788, 34.841858, 34.499802>
	pigment { color rgbt <0,1,1,0> }
	no_shadow
}
cylinder {
	<24.922871, 34.190056, 33.990608>,  <24.591902, 34.184486, 34.740047>, 0.130000
	pigment { color rgbt <1,0,0,0> }
	no_shadow
}

// nucleotide -1

// particle -1
sphere {
	<24.922871, 34.190056, 33.990608> 0.250000
	pigment { color rgbt <1,0,0,0> }
	no_shadow
}
cylinder {
	<24.950106, 34.520714, 34.214043>,  <24.966446, 34.719109, 34.348103>, 0.100000
	pigment { color rgbt <1,0,0,0> }
	no_shadow
}
cylinder {
	<24.950106, 34.520714, 34.214043>,  <24.922871, 34.190056, 33.990608>, 0.100000
	pigment { color rgbt <1,0,0,0> }
	no_shadow
}

// particle -1
sphere {
	<24.950106, 34.520714, 34.214043> 0.100000
	pigment { color rgbt <1,0,0,0> }
	no_shadow
}
sphere {
	0, 1
	scale<0.080000,0.200000,0.300000>
	matrix <0.959553, 0.099043, -0.263530,
		-0.273171, 0.553939, -0.786466,
		0.068086, 0.826645, 0.558590,
		24.970531, 34.768707, 34.381618>
	pigment { color rgbt <0,1,1,0> }
	no_shadow
}
cylinder {
	<25.025917, 34.757504, 33.566608>,  <24.922871, 34.190056, 33.990608>, 0.130000
	pigment { color rgbt <1,0,0,0> }
	no_shadow
}

// nucleotide -1

// particle -1
sphere {
	<25.025917, 34.757504, 33.566608> 0.250000
	pigment { color rgbt <1,0,0,0> }
	no_shadow
}
cylinder {
	<25.173634, 34.829220, 33.931351>,  <25.262264, 34.872250, 34.150196>, 0.100000
	pigment { color rgbt <1,0,0,0> }
	no_shadow
}
cylinder {
	<25.173634, 34.829220, 33.931351>,  <25.025917, 34.757504, 33.566608>, 0.100000
	pigment { color rgbt <1,0,0,0> }
	no_shadow
}

// particle -1
sphere {
	<25.173634, 34.829220, 33.931351> 0.100000
	pigment { color rgbt <1,0,0,0> }
	no_shadow
}
sphere {
	0, 1
	scale<0.080000,0.200000,0.300000>
	matrix <0.916730, 0.090641, -0.389090,
		-0.152413, 0.979611, -0.130890,
		0.369293, 0.179293, 0.911853,
		25.284422, 34.883007, 34.204906>
	pigment { color rgbt <0,1,1,0> }
	no_shadow
}
cylinder {
	<25.258265, 35.486511, 33.775196>,  <25.025917, 34.757504, 33.566608>, 0.130000
	pigment { color rgbt <1,0,0,0> }
	no_shadow
}

// nucleotide -1

// particle -1
sphere {
	<25.258265, 35.486511, 33.775196> 0.250000
	pigment { color rgbt <1,0,0,0> }
	no_shadow
}
cylinder {
	<25.483957, 35.207100, 33.951241>,  <25.619373, 35.039452, 34.056866>, 0.100000
	pigment { color rgbt <1,0,0,0> }
	no_shadow
}
cylinder {
	<25.483957, 35.207100, 33.951241>,  <25.258265, 35.486511, 33.775196>, 0.100000
	pigment { color rgbt <1,0,0,0> }
	no_shadow
}

// particle -1
sphere {
	<25.483957, 35.207100, 33.951241> 0.100000
	pigment { color rgbt <1,0,0,0> }
	no_shadow
}
sphere {
	0, 1
	scale<0.080000,0.200000,0.300000>
	matrix <0.820997, 0.418407, -0.388458,
		0.087206, 0.580507, 0.809572,
		0.564233, -0.698532, 0.440107,
		25.653227, 34.997540, 34.083271>
	pigment { color rgbt <0,1,1,0> }
	no_shadow
}
cylinder {
	<25.845499, 35.728004, 34.083439>,  <25.258265, 35.486511, 33.775196>, 0.130000
	pigment { color rgbt <1,0,0,0> }
	no_shadow
}

// nucleotide -1

// particle -1
sphere {
	<25.845499, 35.728004, 34.083439> 0.250000
	pigment { color rgbt <1,0,0,0> }
	no_shadow
}
cylinder {
	<25.912643, 35.373077, 33.911625>,  <25.952930, 35.160122, 33.808537>, 0.100000
	pigment { color rgbt <1,0,0,0> }
	no_shadow
}
cylinder {
	<25.912643, 35.373077, 33.911625>,  <25.845499, 35.728004, 34.083439>, 0.100000
	pigment { color rgbt <1,0,0,0> }
	no_shadow
}

// particle -1
sphere {
	<25.912643, 35.373077, 33.911625> 0.100000
	pigment { color rgbt <1,0,0,0> }
	no_shadow
}
sphere {
	0, 1
	scale<0.080000,0.200000,0.300000>
	matrix <0.878517, 0.332322, -0.343175,
		0.447247, -0.319746, 0.835304,
		0.167861, -0.887313, -0.429533,
		25.963001, 35.106884, 33.782764>
	pigment { color rgbt <0,1,1,0> }
	no_shadow
}
cylinder {
	<26.381943, 35.257980, 34.294109>,  <25.845499, 35.728004, 34.083439>, 0.130000
	pigment { color rgbt <1,0,0,0> }
	no_shadow
}

// nucleotide -1

// particle -1
sphere {
	<26.381943, 35.257980, 34.294109> 0.250000
	pigment { color rgbt <1,0,0,0> }
	no_shadow
}
cylinder {
	<26.346935, 35.217903, 33.897663>,  <26.325932, 35.193855, 33.659798>, 0.100000
	pigment { color rgbt <1,0,0,0> }
	no_shadow
}
cylinder {
	<26.346935, 35.217903, 33.897663>,  <26.381943, 35.257980, 34.294109>, 0.100000
	pigment { color rgbt <1,0,0,0> }
	no_shadow
}

// particle -1
sphere {
	<26.346935, 35.217903, 33.897663> 0.100000
	pigment { color rgbt <1,0,0,0> }
	no_shadow
}
sphere {
	0, 1
	scale<0.080000,0.200000,0.300000>
	matrix <0.911171, 0.394075, -0.120297,
		0.402626, -0.913600, 0.056809,
		-0.087517, -0.100197, -0.991111,
		26.320681, 35.187843, 33.600330>
	pigment { color rgbt <0,1,1,0> }
	no_shadow
}
cylinder {
	<26.789074, 35.443237, 34.859203>,  <26.381943, 35.257980, 34.294109>, 0.130000
	pigment { color rgbt <1,0,0,0> }
	no_shadow
}

// nucleotide -1

// particle -1
sphere {
	<26.789074, 35.443237, 34.859203> 0.250000
	pigment { color rgbt <1,0,0,0> }
	no_shadow
}
cylinder {
	<27.002575, 35.106251, 34.829933>,  <27.130676, 34.904060, 34.812370>, 0.100000
	pigment { color rgbt <1,0,0,0> }
	no_shadow
}
cylinder {
	<27.002575, 35.106251, 34.829933>,  <26.789074, 35.443237, 34.859203>, 0.100000
	pigment { color rgbt <1,0,0,0> }
	no_shadow
}

// particle -1
sphere {
	<27.002575, 35.106251, 34.829933> 0.100000
	pigment { color rgbt <1,0,0,0> }
	no_shadow
}
sphere {
	0, 1
	scale<0.080000,0.200000,0.300000>
	matrix <0.338755, 0.292304, -0.894317,
		0.774824, 0.452555, 0.441408,
		0.533753, -0.842468, -0.073180,
		27.162701, 34.853512, 34.807980>
	pigment { color rgbt <0,1,1,0> }
	no_shadow
}
cylinder {
	<27.356230, 35.637917, 34.589413>,  <26.789074, 35.443237, 34.859203>, 0.130000
	pigment { color rgbt <1,0,0,0> }
	no_shadow
}

// nucleotide -1

// particle -1
sphere {
	<27.356230, 35.637917, 34.589413> 0.250000
	pigment { color rgbt <1,0,0,0> }
	no_shadow
}
cylinder {
	<27.384348, 35.246681, 34.511028>,  <27.401218, 35.011940, 34.463997>, 0.100000
	pigment { color rgbt <1,0,0,0> }
	no_shadow
}
cylinder {
	<27.384348, 35.246681, 34.511028>,  <27.356230, 35.637917, 34.589413>, 0.100000
	pigment { color rgbt <1,0,0,0> }
	no_shadow
}

// particle -1
sphere {
	<27.384348, 35.246681, 34.511028> 0.100000
	pigment { color rgbt <1,0,0,0> }
	no_shadow
}
sphere {
	0, 1
	scale<0.080000,0.200000,0.300000>
	matrix <0.476642, 0.205500, -0.854741,
		0.876283, -0.033319, 0.480644,
		0.070293, -0.978090, -0.195957,
		27.405436, 34.953255, 34.452240>
	pigment { color rgbt <0,1,1,0> }
	no_shadow
}
cylinder {
	<28.045979, 35.656178, 34.378040>,  <27.356230, 35.637917, 34.589413>, 0.130000
	pigment { color rgbt <1,0,0,0> }
	no_shadow
}

// nucleotide -1

// particle -1
sphere {
	<28.045979, 35.656178, 34.378040> 0.250000
	pigment { color rgbt <1,0,0,0> }
	no_shadow
}
cylinder {
	<27.859283, 35.327000, 34.248470>,  <27.747267, 35.129494, 34.170731>, 0.100000
	pigment { color rgbt <1,0,0,0> }
	no_shadow
}
cylinder {
	<27.859283, 35.327000, 34.248470>,  <28.045979, 35.656178, 34.378040>, 0.100000
	pigment { color rgbt <1,0,0,0> }
	no_shadow
}

// particle -1
sphere {
	<27.859283, 35.327000, 34.248470> 0.100000
	pigment { color rgbt <1,0,0,0> }
	no_shadow
}
sphere {
	0, 1
	scale<0.080000,0.200000,0.300000>
	matrix <0.474417, 0.076134, -0.877002,
		0.746382, -0.563004, 0.354882,
		-0.466737, -0.822940, -0.323923,
		27.719263, 35.080116, 34.151295>
	pigment { color rgbt <0,1,1,0> }
	no_shadow
}
cylinder {
	<28.663412, 35.271233, 34.125946>,  <28.045979, 35.656178, 34.378040>, 0.130000
	pigment { color rgbt <1,0,0,0> }
	no_shadow
}

// nucleotide -1

// particle -1
sphere {
	<28.663412, 35.271233, 34.125946> 0.250000
	pigment { color rgbt <1,0,0,0> }
	no_shadow
}
cylinder {
	<28.342209, 35.116508, 33.944592>,  <28.149487, 35.023674, 33.835781>, 0.100000
	pigment { color rgbt <1,0,0,0> }
	no_shadow
}
cylinder {
	<28.342209, 35.116508, 33.944592>,  <28.663412, 35.271233, 34.125946>, 0.100000
	pigment { color rgbt <1,0,0,0> }
	no_shadow
}

// particle -1
sphere {
	<28.342209, 35.116508, 33.944592> 0.100000
	pigment { color rgbt <1,0,0,0> }
	no_shadow
}
sphere {
	0, 1
	scale<0.080000,0.200000,0.300000>
	matrix <0.495009, -0.009258, -0.868838,
		0.331878, -0.922113, 0.198908,
		-0.803009, -0.386810, -0.453382,
		28.101307, 35.000465, 33.808578>
	pigment { color rgbt <0,1,1,0> }
	no_shadow
}
cylinder {
	<28.721525, 34.681271, 33.673378>,  <28.663412, 35.271233, 34.125946>, 0.130000
	pigment { color rgbt <1,0,0,0> }
	no_shadow
}

// nucleotide -1

// particle -1
sphere {
	<28.721525, 34.681271, 33.673378> 0.250000
	pigment { color rgbt <1,0,0,0> }
	no_shadow
}
cylinder {
	<28.414963, 34.897820, 33.535084>,  <28.231026, 35.027748, 33.452106>, 0.100000
	pigment { color rgbt <1,0,0,0> }
	no_shadow
}
cylinder {
	<28.414963, 34.897820, 33.535084>,  <28.721525, 34.681271, 33.673378>, 0.100000
	pigment { color rgbt <1,0,0,0> }
	no_shadow
}

// particle -1
sphere {
	<28.414963, 34.897820, 33.535084> 0.100000
	pigment { color rgbt <1,0,0,0> }
	no_shadow
}
sphere {
	0, 1
	scale<0.080000,0.200000,0.300000>
	matrix <0.508914, 0.183317, -0.841071,
		-0.391956, -0.820552, -0.416010,
		-0.766405, 0.541376, -0.345739,
		28.185041, 35.060234, 33.431362>
	pigment { color rgbt <0,1,1,0> }
	no_shadow
}
cylinder {
	<28.488815, 34.330345, 32.967884>,  <28.721525, 34.681271, 33.673378>, 0.130000
	pigment { color rgbt <1,0,0,0> }
	no_shadow
}

// nucleotide -1

// particle -1
sphere {
	<28.488815, 34.330345, 32.967884> 0.250000
	pigment { color rgbt <1,0,0,0> }
	no_shadow
}
cylinder {
	<28.461737, 34.725071, 33.026695>,  <28.445490, 34.961906, 33.061981>, 0.100000
	pigment { color rgbt <1,0,0,0> }
	no_shadow
}
cylinder {
	<28.461737, 34.725071, 33.026695>,  <28.488815, 34.330345, 32.967884>, 0.100000
	pigment { color rgbt <1,0,0,0> }
	no_shadow
}

// particle -1
sphere {
	<28.461737, 34.725071, 33.026695> 0.100000
	pigment { color rgbt <1,0,0,0> }
	no_shadow
}
sphere {
	0, 1
	scale<0.080000,0.200000,0.300000>
	matrix <0.522046, 0.160619, -0.837657,
		-0.850227, 0.020052, -0.526035,
		-0.067694, 0.986813, 0.147031,
		28.441429, 35.021114, 33.070805>
	pigment { color rgbt <0,1,1,0> }
	no_shadow
}
cylinder {
	<28.138943, 34.707893, 32.427406>,  <28.488815, 34.330345, 32.967884>, 0.130000
	pigment { color rgbt <1,0,0,0> }
	no_shadow
}

// nucleotide -1

// particle -1
sphere {
	<28.138943, 34.707893, 32.427406> 0.250000
	pigment { color rgbt <1,0,0,0> }
	no_shadow
}
cylinder {
	<28.415514, 34.930801, 32.611313>,  <28.581457, 35.064545, 32.721657>, 0.100000
	pigment { color rgbt <1,0,0,0> }
	no_shadow
}
cylinder {
	<28.415514, 34.930801, 32.611313>,  <28.138943, 34.707893, 32.427406>, 0.100000
	pigment { color rgbt <1,0,0,0> }
	no_shadow
}

// particle -1
sphere {
	<28.415514, 34.930801, 32.611313> 0.100000
	pigment { color rgbt <1,0,0,0> }
	no_shadow
}
sphere {
	0, 1
	scale<0.080000,0.200000,0.300000>
	matrix <0.448265, 0.168151, -0.877943,
		-0.566559, 0.813129, -0.133539,
		0.691426, 0.557267, 0.459764,
		28.622942, 35.097980, 32.749241>
	pigment { color rgbt <0,1,1,0> }
	no_shadow
}
cylinder {
	<27.521488, 35.027344, 32.566986>,  <28.138943, 34.707893, 32.427406>, 0.130000
	pigment { color rgbt <1,0,0,0> }
	no_shadow
}

// nucleotide -1

// particle -1
sphere {
	<27.521488, 35.027344, 32.566986> 0.250000
	pigment { color rgbt <1,0,0,0> }
	no_shadow
}
cylinder {
	<27.243795, 34.822849, 32.364330>,  <27.077181, 34.700153, 32.242737>, 0.100000
	pigment { color rgbt <1,0,0,0> }
	no_shadow
}
cylinder {
	<27.243795, 34.822849, 32.364330>,  <27.521488, 35.027344, 32.566986>, 0.100000
	pigment { color rgbt <1,0,0,0> }
	no_shadow
}

// particle -1
sphere {
	<27.243795, 34.822849, 32.364330> 0.100000
	pigment { color rgbt <1,0,0,0> }
	no_shadow
}
sphere {
	0, 1
	scale<0.080000,0.200000,0.300000>
	matrix <0.516836, 0.135810, -0.845243,
		0.500923, -0.848644, 0.169941,
		-0.694231, -0.511234, -0.506640,
		27.035526, 34.669479, 32.212337>
	pigment { color rgbt <0,1,1,0> }
	no_shadow
}
cylinder {
	<27.084711, 35.157154, 33.089069>,  <27.521488, 35.027344, 32.566986>, 0.130000
	pigment { color rgbt <1,0,0,0> }
	no_shadow
}

// nucleotide -1

// particle -1
sphere {
	<27.084711, 35.157154, 33.089069> 0.250000
	pigment { color rgbt <1,0,0,0> }
	no_shadow
}
cylinder {
	<27.466633, 35.046070, 33.131447>,  <27.695786, 34.979420, 33.156876>, 0.100000
	pigment { color rgbt <1,0,0,0> }
	no_shadow
}
cylinder {
	<27.466633, 35.046070, 33.131447>,  <27.084711, 35.157154, 33.089069>, 0.100000
	pigment { color rgbt <1,0,0,0> }
	no_shadow
}

// particle -1
sphere {
	<27.466633, 35.046070, 33.131447> 0.100000
	pigment { color rgbt <1,0,0,0> }
	no_shadow
}
sphere {
	0, 1
	scale<0.080000,0.200000,0.300000>
	matrix <-0.238178, -0.501611, 0.831659,
		-0.177813, -0.819308, -0.545085,
		0.954806, -0.277707, 0.105948,
		27.753075, 34.962757, 33.163231>
	pigment { color rgbt <0,1,1,0> }
	no_shadow
}
cylinder {
	<27.061214, 34.464088, 33.165268>,  <27.084711, 35.157154, 33.089069>, 0.130000
	pigment { color rgbt <1,0,0,0> }
	no_shadow
}

// nucleotide -1

// particle -1
sphere {
	<27.061214, 34.464088, 33.165268> 0.250000
	pigment { color rgbt <1,0,0,0> }
	no_shadow
}
cylinder {
	<27.381662, 34.613708, 33.352158>,  <27.573931, 34.703480, 33.464291>, 0.100000
	pigment { color rgbt <1,0,0,0> }
	no_shadow
}
cylinder {
	<27.381662, 34.613708, 33.352158>,  <27.061214, 34.464088, 33.165268>, 0.100000
	pigment { color rgbt <1,0,0,0> }
	no_shadow
}

// particle -1
sphere {
	<27.381662, 34.613708, 33.352158> 0.100000
	pigment { color rgbt <1,0,0,0> }
	no_shadow
}
sphere {
	0, 1
	scale<0.080000,0.200000,0.300000>
	matrix <-0.255395, -0.492356, 0.832081,
		0.541279, -0.785922, -0.298905,
		0.801118, 0.374049, 0.467223,
		27.621998, 34.725922, 33.492325>
	pigment { color rgbt <0,1,1,0> }
	no_shadow
}
cylinder {
	<27.276243, 33.941467, 33.615616>,  <27.061214, 34.464088, 33.165268>, 0.130000
	pigment { color rgbt <1,0,0,0> }
	no_shadow
}

// nucleotide -1

// particle -1
sphere {
	<27.276243, 33.941467, 33.615616> 0.250000
	pigment { color rgbt <1,0,0,0> }
	no_shadow
}
cylinder {
	<27.412426, 34.284679, 33.769432>,  <27.494135, 34.490608, 33.861721>, 0.100000
	pigment { color rgbt <1,0,0,0> }
	no_shadow
}
cylinder {
	<27.412426, 34.284679, 33.769432>,  <27.276243, 33.941467, 33.615616>, 0.100000
	pigment { color rgbt <1,0,0,0> }
	no_shadow
}

// particle -1
sphere {
	<27.412426, 34.284679, 33.769432> 0.100000
	pigment { color rgbt <1,0,0,0> }
	no_shadow
}
sphere {
	0, 1
	scale<0.080000,0.200000,0.300000>
	matrix <-0.191920, -0.336946, 0.921756,
		0.920466, -0.387617, 0.049959,
		0.340455, 0.858033, 0.384538,
		27.514563, 34.542088, 33.884792>
	pigment { color rgbt <0,1,1,0> }
	no_shadow
}
cylinder {
	<27.508045, 33.702305, 34.177822>,  <27.276243, 33.941467, 33.615616>, 0.130000
	pigment { color rgbt <1,0,0,0> }
	no_shadow
}

// nucleotide -1

// particle -1
sphere {
	<27.508045, 33.702305, 34.177822> 0.250000
	pigment { color rgbt <1,0,0,0> }
	no_shadow
}
cylinder {
	<27.474327, 34.093449, 34.254436>,  <27.454096, 34.328136, 34.300404>, 0.100000
	pigment { color rgbt <1,0,0,0> }
	no_shadow
}
cylinder {
	<27.474327, 34.093449, 34.254436>,  <27.508045, 33.702305, 34.177822>, 0.100000
	pigment { color rgbt <1,0,0,0> }
	no_shadow
}

// particle -1
sphere {
	<27.474327, 34.093449, 34.254436> 0.100000
	pigment { color rgbt <1,0,0,0> }
	no_shadow
}
sphere {
	0, 1
	scale<0.080000,0.200000,0.300000>
	matrix <-0.087425, -0.198735, 0.976146,
		0.992598, 0.065538, 0.102241,
		-0.084293, 0.977859, 0.191535,
		27.449039, 34.386806, 34.311897>
	pigment { color rgbt <0,1,1,0> }
	no_shadow
}
cylinder {
	<27.822536, 33.731091, 34.715427>,  <27.508045, 33.702305, 34.177822>, 0.130000
	pigment { color rgbt <1,0,0,0> }
	no_shadow
}

// nucleotide -1

// particle -1
sphere {
	<27.822536, 33.731091, 34.715427> 0.250000
	pigment { color rgbt <1,0,0,0> }
	no_shadow
}
cylinder {
	<27.585634, 34.052883, 34.733524>,  <27.443493, 34.245956, 34.744385>, 0.100000
	pigment { color rgbt <1,0,0,0> }
	no_shadow
}
cylinder {
	<27.585634, 34.052883, 34.733524>,  <27.822536, 33.731091, 34.715427>, 0.100000
	pigment { color rgbt <1,0,0,0> }
	no_shadow
}

// particle -1
sphere {
	<27.585634, 34.052883, 34.733524> 0.100000
	pigment { color rgbt <1,0,0,0> }
	no_shadow
}
sphere {
	0, 1
	scale<0.080000,0.200000,0.300000>
	matrix <-0.223126, -0.217703, 0.950168,
		0.774240, 0.552648, 0.308436,
		-0.592256, 0.804478, 0.045244,
		27.407957, 34.294228, 34.747097>
	pigment { color rgbt <0,1,1,0> }
	no_shadow
}
cylinder {
	<27.818680, 33.948826, 35.436157>,  <27.822536, 33.731091, 34.715427>, 0.130000
	pigment { color rgbt <1,0,0,0> }
	no_shadow
}

// nucleotide -1

// particle -1
sphere {
	<27.818680, 33.948826, 35.436157> 0.250000
	pigment { color rgbt <1,0,0,0> }
	no_shadow
}
cylinder {
	<27.497368, 34.067032, 35.229309>,  <27.304581, 34.137955, 35.105202>, 0.100000
	pigment { color rgbt <1,0,0,0> }
	no_shadow
}
cylinder {
	<27.497368, 34.067032, 35.229309>,  <27.818680, 33.948826, 35.436157>, 0.100000
	pigment { color rgbt <1,0,0,0> }
	no_shadow
}

// particle -1
sphere {
	<27.497368, 34.067032, 35.229309> 0.100000
	pigment { color rgbt <1,0,0,0> }
	no_shadow
}
sphere {
	0, 1
	scale<0.080000,0.200000,0.300000>
	matrix <-0.580654, -0.195269, 0.790386,
		0.132595, 0.935168, 0.328449,
		-0.803280, 0.295517, -0.517118,
		27.256384, 34.155685, 35.074173>
	pigment { color rgbt <0,1,1,0> }
	no_shadow
}
cylinder {
	<27.475027, 34.575348, 35.594082>,  <27.818680, 33.948826, 35.436157>, 0.130000
	pigment { color rgbt <1,0,0,0> }
	no_shadow
}

// nucleotide -1

// particle -1
sphere {
	<27.475027, 34.575348, 35.594082> 0.250000
	pigment { color rgbt <1,0,0,0> }
	no_shadow
}
cylinder {
	<27.187737, 34.339481, 35.446323>,  <27.015362, 34.197964, 35.357670>, 0.100000
	pigment { color rgbt <1,0,0,0> }
	no_shadow
}
cylinder {
	<27.187737, 34.339481, 35.446323>,  <27.475027, 34.575348, 35.594082>, 0.100000
	pigment { color rgbt <1,0,0,0> }
	no_shadow
}

// particle -1
sphere {
	<27.187737, 34.339481, 35.446323> 0.100000
	pigment { color rgbt <1,0,0,0> }
	no_shadow
}
sphere {
	0, 1
	scale<0.080000,0.200000,0.300000>
	matrix <-0.533987, 0.126737, 0.835940,
		-0.446106, 0.797644, -0.405898,
		-0.718225, -0.589662, -0.369394,
		26.972269, 34.162582, 35.335506>
	pigment { color rgbt <0,1,1,0> }
	no_shadow
}
cylinder {
	<28.203697, 34.526356, 35.333885>,  <27.475027, 34.575348, 35.594082>, 0.130000
	pigment { color rgbt <1,0,0,0> }
	no_shadow
}

// nucleotide -1

// particle -1
sphere {
	<28.203697, 34.526356, 35.333885> 0.250000
	pigment { color rgbt <1,0,0,0> }
	no_shadow
}
cylinder {
	<28.589252, 34.434116, 35.387173>,  <28.820585, 34.378773, 35.419144>, 0.100000
	pigment { color rgbt <1,0,0,0> }
	no_shadow
}
cylinder {
	<28.589252, 34.434116, 35.387173>,  <28.203697, 34.526356, 35.333885>, 0.100000
	pigment { color rgbt <1,0,0,0> }
	no_shadow
}

// particle -1
sphere {
	<28.589252, 34.434116, 35.387173> 0.100000
	pigment { color rgbt <1,0,0,0> }
	no_shadow
}
sphere {
	0, 1
	scale<0.080000,0.200000,0.300000>
	matrix <0.142529, 0.024116, -0.989497,
		0.224966, 0.972750, 0.056112,
		0.963886, -0.230600, 0.133220,
		28.878418, 34.364937, 35.427139>
	pigment { color rgbt <0,1,1,0> }
	no_shadow
}
cylinder {
	<28.656452, 35.009895, 35.098866>,  <28.203697, 34.526356, 35.333885>, 0.130000
	pigment { color rgbt <1,0,0,0> }
	no_shadow
}

// nucleotide -1

// particle -1
sphere {
	<28.656452, 35.009895, 35.098866> 0.250000
	pigment { color rgbt <1,0,0,0> }
	no_shadow
}
cylinder {
	<28.895004, 34.689915, 35.072296>,  <29.038136, 34.497925, 35.056355>, 0.100000
	pigment { color rgbt <1,0,0,0> }
	no_shadow
}
cylinder {
	<28.895004, 34.689915, 35.072296>,  <28.656452, 35.009895, 35.098866>, 0.100000
	pigment { color rgbt <1,0,0,0> }
	no_shadow
}

// particle -1
sphere {
	<28.895004, 34.689915, 35.072296> 0.100000
	pigment { color rgbt <1,0,0,0> }
	no_shadow
}
sphere {
	0, 1
	scale<0.080000,0.200000,0.300000>
	matrix <0.206165, 0.232624, -0.950464,
		0.775776, 0.553142, 0.303654,
		0.596378, -0.799950, -0.066426,
		29.073917, 34.449928, 35.052368>
	pigment { color rgbt <0,1,1,0> }
	no_shadow
}
cylinder {
	<29.298212, 35.186787, 34.667496>,  <28.656452, 35.009895, 35.098866>, 0.130000
	pigment { color rgbt <1,0,0,0> }
	no_shadow
}

// nucleotide -1

// particle -1
sphere {
	<29.298212, 35.186787, 34.667496> 0.250000
	pigment { color rgbt <1,0,0,0> }
	no_shadow
}
cylinder {
	<29.240789, 34.790943, 34.664440>,  <29.206337, 34.553436, 34.662605>, 0.100000
	pigment { color rgbt <1,0,0,0> }
	no_shadow
}
cylinder {
	<29.240789, 34.790943, 34.664440>,  <29.298212, 35.186787, 34.667496>, 0.100000
	pigment { color rgbt <1,0,0,0> }
	no_shadow
}

// particle -1
sphere {
	<29.240789, 34.790943, 34.664440> 0.100000
	pigment { color rgbt <1,0,0,0> }
	no_shadow
}
sphere {
	0, 1
	scale<0.080000,0.200000,0.300000>
	matrix <0.334895, -0.041316, -0.941349,
		0.931256, -0.137693, 0.337348,
		-0.143555, -0.989613, -0.007637,
		29.197723, 34.494061, 34.662148>
	pigment { color rgbt <0,1,1,0> }
	no_shadow
}
cylinder {
	<29.941639, 34.916237, 34.489403>,  <29.298212, 35.186787, 34.667496>, 0.130000
	pigment { color rgbt <1,0,0,0> }
	no_shadow
}

// nucleotide -1

// particle -1
sphere {
	<29.941639, 34.916237, 34.489403> 0.250000
	pigment { color rgbt <1,0,0,0> }
	no_shadow
}
cylinder {
	<29.614799, 34.710491, 34.385262>,  <29.418695, 34.587044, 34.322777>, 0.100000
	pigment { color rgbt <1,0,0,0> }
	no_shadow
}
cylinder {
	<29.614799, 34.710491, 34.385262>,  <29.941639, 34.916237, 34.489403>, 0.100000
	pigment { color rgbt <1,0,0,0> }
	no_shadow
}

// particle -1
sphere {
	<29.614799, 34.710491, 34.385262> 0.100000
	pigment { color rgbt <1,0,0,0> }
	no_shadow
}
sphere {
	0, 1
	scale<0.080000,0.200000,0.300000>
	matrix <0.260421, 0.073593, -0.962686,
		0.514327, -0.854411, 0.073818,
		-0.817098, -0.514360, -0.260358,
		29.369671, 34.556183, 34.307156>
	pigment { color rgbt <0,1,1,0> }
	no_shadow
}
cylinder {
	<30.147482, 34.247253, 34.233227>,  <29.941639, 34.916237, 34.489403>, 0.130000
	pigment { color rgbt <1,0,0,0> }
	no_shadow
}

// nucleotide -1

// particle -1
sphere {
	<30.147482, 34.247253, 34.233227> 0.250000
	pigment { color rgbt <1,0,0,0> }
	no_shadow
}
cylinder {
	<29.811880, 34.405052, 34.083324>,  <29.610519, 34.499733, 33.993382>, 0.100000
	pigment { color rgbt <1,0,0,0> }
	no_shadow
}
cylinder {
	<29.811880, 34.405052, 34.083324>,  <30.147482, 34.247253, 34.233227>, 0.100000
	pigment { color rgbt <1,0,0,0> }
	no_shadow
}

// particle -1
sphere {
	<29.811880, 34.405052, 34.083324> 0.100000
	pigment { color rgbt <1,0,0,0> }
	no_shadow
}
sphere {
	0, 1
	scale<0.080000,0.200000,0.300000>
	matrix <0.450189, 0.116427, -0.885311,
		-0.305622, -0.911491, -0.275281,
		-0.839003, 0.394499, -0.374761,
		29.560179, 34.523403, 33.970898>
	pigment { color rgbt <0,1,1,0> }
	no_shadow
}
cylinder {
	<30.047344, 33.965126, 34.895378>,  <30.147482, 34.247253, 34.233227>, 0.130000
	pigment { color rgbt <1,0,0,0> }
	no_shadow
}

// nucleotide -1

// particle -1
sphere {
	<30.047344, 33.965126, 34.895378> 0.250000
	pigment { color rgbt <1,0,0,0> }
	no_shadow
}
cylinder {
	<30.334923, 33.739441, 34.733002>,  <30.507469, 33.604031, 34.635574>, 0.100000
	pigment { color rgbt <1,0,0,0> }
	no_shadow
}
cylinder {
	<30.334923, 33.739441, 34.733002>,  <30.047344, 33.965126, 34.895378>, 0.100000
	pigment { color rgbt <1,0,0,0> }
	no_shadow
}

// particle -1
sphere {
	<30.334923, 33.739441, 34.733002> 0.100000
	pigment { color rgbt <1,0,0,0> }
	no_shadow
}
sphere {
	0, 1
	scale<0.080000,0.200000,0.300000>
	matrix <0.286199, -0.291925, 0.912617,
		-0.633410, -0.772301, -0.048402,
		0.718945, -0.564208, -0.405940,
		30.550606, 33.570179, 34.611221>
	pigment { color rgbt <0,1,1,0> }
	no_shadow
}
cylinder {
	<30.056648, 33.269260, 35.283642>,  <30.047344, 33.965126, 34.895378>, 0.130000
	pigment { color rgbt <1,0,0,0> }
	no_shadow
}

// nucleotide -1

// particle -1
sphere {
	<30.056648, 33.269260, 35.283642> 0.250000
	pigment { color rgbt <1,0,0,0> }
	no_shadow
}
cylinder {
	<30.398397, 33.322468, 35.082703>,  <30.603447, 33.354393, 34.962139>, 0.100000
	pigment { color rgbt <1,0,0,0> }
	no_shadow
}
cylinder {
	<30.398397, 33.322468, 35.082703>,  <30.056648, 33.269260, 35.283642>, 0.100000
	pigment { color rgbt <1,0,0,0> }
	no_shadow
}

// particle -1
sphere {
	<30.398397, 33.322468, 35.082703> 0.100000
	pigment { color rgbt <1,0,0,0> }
	no_shadow
}
sphere {
	0, 1
	scale<0.080000,0.200000,0.300000>
	matrix <0.513846, -0.360455, 0.778483,
		-0.077522, -0.923244, -0.376313,
		0.854373, 0.133017, -0.502348,
		30.654709, 33.362373, 34.931999>
	pigment { color rgbt <0,1,1,0> }
	no_shadow
}
cylinder {
	<30.503881, 32.669128, 35.286900>,  <30.056648, 33.269260, 35.283642>, 0.130000
	pigment { color rgbt <1,0,0,0> }
	no_shadow
}

// nucleotide -1

// particle -1
sphere {
	<30.503881, 32.669128, 35.286900> 0.250000
	pigment { color rgbt <1,0,0,0> }
	no_shadow
}
cylinder {
	<30.724106, 33.003044, 35.288090>,  <30.856241, 33.203392, 35.288803>, 0.100000
	pigment { color rgbt <1,0,0,0> }
	no_shadow
}
cylinder {
	<30.724106, 33.003044, 35.288090>,  <30.503881, 32.669128, 35.286900>, 0.100000
	pigment { color rgbt <1,0,0,0> }
	no_shadow
}

// particle -1
sphere {
	<30.724106, 33.003044, 35.288090> 0.100000
	pigment { color rgbt <1,0,0,0> }
	no_shadow
}
sphere {
	0, 1
	scale<0.080000,0.200000,0.300000>
	matrix <0.561186, -0.372749, 0.739005,
		0.618022, -0.405200, -0.673693,
		0.550563, 0.834788, 0.002975,
		30.889275, 33.253479, 35.288982>
	pigment { color rgbt <0,1,1,0> }
	no_shadow
}
cylinder {
	<31.174913, 32.442234, 35.249874>,  <30.503881, 32.669128, 35.286900>, 0.130000
	pigment { color rgbt <1,0,0,0> }
	no_shadow
}

// nucleotide -1

// particle -1
sphere {
	<31.174913, 32.442234, 35.249874> 0.250000
	pigment { color rgbt <1,0,0,0> }
	no_shadow
}
cylinder {
	<31.147039, 32.800198, 35.426186>,  <31.130316, 33.014977, 35.531971>, 0.100000
	pigment { color rgbt <1,0,0,0> }
	no_shadow
}
cylinder {
	<31.147039, 32.800198, 35.426186>,  <31.174913, 32.442234, 35.249874>, 0.100000
	pigment { color rgbt <1,0,0,0> }
	no_shadow
}

// particle -1
sphere {
	<31.147039, 32.800198, 35.426186> 0.100000
	pigment { color rgbt <1,0,0,0> }
	no_shadow
}
sphere {
	0, 1
	scale<0.080000,0.200000,0.300000>
	matrix <0.563546, -0.329278, 0.757622,
		0.823140, 0.301195, -0.481375,
		-0.069686, 0.894906, 0.440779,
		31.126133, 33.068668, 35.558418>
	pigment { color rgbt <0,1,1,0> }
	no_shadow
}
cylinder {
	<31.803459, 32.600529, 35.389717>,  <31.174913, 32.442234, 35.249874>, 0.130000
	pigment { color rgbt <1,0,0,0> }
	no_shadow
}

// nucleotide -1

// particle -1
sphere {
	<31.803459, 32.600529, 35.389717> 0.250000
	pigment { color rgbt <1,0,0,0> }
	no_shadow
}
cylinder {
	<31.597315, 32.829746, 35.644600>,  <31.473629, 32.967278, 35.797527>, 0.100000
	pigment { color rgbt <1,0,0,0> }
	no_shadow
}
cylinder {
	<31.597315, 32.829746, 35.644600>,  <31.803459, 32.600529, 35.389717>, 0.100000
	pigment { color rgbt <1,0,0,0> }
	no_shadow
}

// particle -1
sphere {
	<31.597315, 32.829746, 35.644600> 0.100000
	pigment { color rgbt <1,0,0,0> }
	no_shadow
}
sphere {
	0, 1
	scale<0.080000,0.200000,0.300000>
	matrix <0.522558, -0.379188, 0.763642,
		0.679218, 0.726526, -0.104029,
		-0.515360, 0.573041, 0.637204,
		31.442707, 33.001659, 35.835762>
	pigment { color rgbt <0,1,1,0> }
	no_shadow
}
cylinder {
	<32.321793, 33.075115, 35.815056>,  <31.803459, 32.600529, 35.389717>, 0.130000
	pigment { color rgbt <1,0,0,0> }
	no_shadow
}

// nucleotide -1

// particle -1
sphere {
	<32.321793, 33.075115, 35.815056> 0.250000
	pigment { color rgbt <1,0,0,0> }
	no_shadow
}
cylinder {
	<31.974558, 33.048550, 36.011837>,  <31.766216, 33.032608, 36.129906>, 0.100000
	pigment { color rgbt <1,0,0,0> }
	no_shadow
}
cylinder {
	<31.974558, 33.048550, 36.011837>,  <32.321793, 33.075115, 35.815056>, 0.100000
	pigment { color rgbt <1,0,0,0> }
	no_shadow
}

// particle -1
sphere {
	<31.974558, 33.048550, 36.011837> 0.100000
	pigment { color rgbt <1,0,0,0> }
	no_shadow
}
sphere {
	0, 1
	scale<0.080000,0.200000,0.300000>
	matrix <0.492328, -0.242058, 0.836075,
		0.063550, 0.967986, 0.242827,
		-0.868087, -0.066418, 0.491949,
		31.714132, 33.028625, 36.159420>
	pigment { color rgbt <0,1,1,0> }
	no_shadow
}
cylinder {
	<32.379768, 33.335476, 36.440941>,  <32.321793, 33.075115, 35.815056>, 0.130000
	pigment { color rgbt <1,0,0,0> }
	no_shadow
}

// nucleotide -1

// particle -1
sphere {
	<32.379768, 33.335476, 36.440941> 0.250000
	pigment { color rgbt <1,0,0,0> }
	no_shadow
}
cylinder {
	<32.068478, 33.088623, 36.487427>,  <31.881702, 32.940510, 36.515320>, 0.100000
	pigment { color rgbt <1,0,0,0> }
	no_shadow
}
cylinder {
	<32.068478, 33.088623, 36.487427>,  <32.379768, 33.335476, 36.440941>, 0.100000
	pigment { color rgbt <1,0,0,0> }
	no_shadow
}

// particle -1
sphere {
	<32.068478, 33.088623, 36.487427> 0.100000
	pigment { color rgbt <1,0,0,0> }
	no_shadow
}
sphere {
	0, 1
	scale<0.080000,0.200000,0.300000>
	matrix <0.356549, -0.281881, 0.890739,
		-0.516943, 0.734637, 0.439406,
		-0.778231, -0.617131, 0.116218,
		31.835009, 32.903484, 36.522293>
	pigment { color rgbt <0,1,1,0> }
	no_shadow
}
cylinder {
	<32.138992, 33.333729, 37.148655>,  <32.379768, 33.335476, 36.440941>, 0.130000
	pigment { color rgbt <1,0,0,0> }
	no_shadow
}

// nucleotide -1

// particle -1
sphere {
	<32.138992, 33.333729, 37.148655> 0.250000
	pigment { color rgbt <1,0,0,0> }
	no_shadow
}
cylinder {
	<32.003429, 32.984928, 37.007374>,  <31.922091, 32.775646, 36.922607>, 0.100000
	pigment { color rgbt <1,0,0,0> }
	no_shadow
}
cylinder {
	<32.003429, 32.984928, 37.007374>,  <32.138992, 33.333729, 37.148655>, 0.100000
	pigment { color rgbt <1,0,0,0> }
	no_shadow
}

// particle -1
sphere {
	<32.003429, 32.984928, 37.007374> 0.100000
	pigment { color rgbt <1,0,0,0> }
	no_shadow
}
sphere {
	0, 1
	scale<0.080000,0.200000,0.300000>
	matrix <0.187782, -0.430561, 0.882811,
		-0.921889, 0.232867, 0.309667,
		-0.338908, -0.872004, -0.353201,
		31.901756, 32.723328, 36.901413>
	pigment { color rgbt <0,1,1,0> }
	no_shadow
}
cylinder {
	<31.463680, 33.041340, 37.287605>,  <32.138992, 33.333729, 37.148655>, 0.130000
	pigment { color rgbt <1,0,0,0> }
	no_shadow
}

// nucleotide -1

// particle -1
sphere {
	<31.463680, 33.041340, 37.287605> 0.250000
	pigment { color rgbt <1,0,0,0> }
	no_shadow
}
cylinder {
	<31.764658, 32.781704, 37.242867>,  <31.945244, 32.625923, 37.216022>, 0.100000
	pigment { color rgbt <1,0,0,0> }
	no_shadow
}
cylinder {
	<31.764658, 32.781704, 37.242867>,  <31.463680, 33.041340, 37.287605>, 0.100000
	pigment { color rgbt <1,0,0,0> }
	no_shadow
}

// particle -1
sphere {
	<31.764658, 32.781704, 37.242867> 0.100000
	pigment { color rgbt <1,0,0,0> }
	no_shadow
}
sphere {
	0, 1
	scale<0.080000,0.200000,0.300000>
	matrix <0.020147, -0.147053, 0.988923,
		-0.658349, -0.746362, -0.097572,
		0.752443, -0.649091, -0.111849,
		31.990391, 32.586975, 37.209312>
	pigment { color rgbt <0,1,1,0> }
	no_shadow
}
cylinder {
	<31.276369, 32.372749, 37.461216>,  <31.463680, 33.041340, 37.287605>, 0.130000
	pigment { color rgbt <1,0,0,0> }
	no_shadow
}

// nucleotide -1

// particle -1
sphere {
	<31.276369, 32.372749, 37.461216> 0.250000
	pigment { color rgbt <1,0,0,0> }
	no_shadow
}
cylinder {
	<31.668034, 32.425385, 37.523087>,  <31.903032, 32.456966, 37.560207>, 0.100000
	pigment { color rgbt <1,0,0,0> }
	no_shadow
}
cylinder {
	<31.668034, 32.425385, 37.523087>,  <31.276369, 32.372749, 37.461216>, 0.100000
	pigment { color rgbt <1,0,0,0> }
	no_shadow
}

// particle -1
sphere {
	<31.668034, 32.425385, 37.523087> 0.100000
	pigment { color rgbt <1,0,0,0> }
	no_shadow
}
sphere {
	0, 1
	scale<0.080000,0.200000,0.300000>
	matrix <-0.161074, 0.039409, 0.986155,
		0.123679, -0.990520, 0.059784,
		0.979162, 0.131597, 0.154673,
		31.961782, 32.464863, 37.569489>
	pigment { color rgbt <0,1,1,0> }
	no_shadow
}
cylinder {
	<30.718740, 32.479534, 36.993855>,  <31.276369, 32.372749, 37.461216>, 0.130000
	pigment { color rgbt <1,0,0,0> }
	no_shadow
}

// nucleotide -1

// particle -1
sphere {
	<30.718740, 32.479534, 36.993855> 0.250000
	pigment { color rgbt <1,0,0,0> }
	no_shadow
}
cylinder {
	<31.059723, 32.650352, 36.873222>,  <31.264313, 32.752846, 36.800842>, 0.100000
	pigment { color rgbt <1,0,0,0> }
	no_shadow
}
cylinder {
	<31.059723, 32.650352, 36.873222>,  <30.718740, 32.479534, 36.993855>, 0.100000
	pigment { color rgbt <1,0,0,0> }
	no_shadow
}

// particle -1
sphere {
	<31.059723, 32.650352, 36.873222> 0.100000
	pigment { color rgbt <1,0,0,0> }
	no_shadow
}
sphere {
	0, 1
	scale<0.080000,0.200000,0.300000>
	matrix <-0.482546, 0.420734, -0.768201,
		-0.201176, 0.800382, 0.564728,
		0.852454, 0.427050, -0.301579,
		31.315458, 32.778469, 36.782749>
	pigment { color rgbt <0,1,1,0> }
	no_shadow
}
cylinder {
	<30.598282, 33.122223, 36.870731>,  <30.718740, 32.479534, 36.993855>, 0.130000
	pigment { color rgbt <1,0,0,0> }
	no_shadow
}

// nucleotide -1

// particle -1
sphere {
	<30.598282, 33.122223, 36.870731> 0.250000
	pigment { color rgbt <1,0,0,0> }
	no_shadow
}
cylinder {
	<30.928625, 33.069229, 36.651493>,  <31.126831, 33.037434, 36.519951>, 0.100000
	pigment { color rgbt <1,0,0,0> }
	no_shadow
}
cylinder {
	<30.928625, 33.069229, 36.651493>,  <30.598282, 33.122223, 36.870731>, 0.100000
	pigment { color rgbt <1,0,0,0> }
	no_shadow
}

// particle -1
sphere {
	<30.928625, 33.069229, 36.651493> 0.100000
	pigment { color rgbt <1,0,0,0> }
	no_shadow
}
sphere {
	0, 1
	scale<0.080000,0.200000,0.300000>
	matrix <-0.378453, 0.590331, -0.712940,
		0.418007, 0.796215, 0.437392,
		0.825859, -0.132482, -0.548092,
		31.176382, 33.029484, 36.487064>
	pigment { color rgbt <0,1,1,0> }
	no_shadow
}
cylinder {
	<30.702112, 33.795292, 36.654312>,  <30.598282, 33.122223, 36.870731>, 0.130000
	pigment { color rgbt <1,0,0,0> }
	no_shadow
}

// nucleotide -1

// particle -1
sphere {
	<30.702112, 33.795292, 36.654312> 0.250000
	pigment { color rgbt <1,0,0,0> }
	no_shadow
}
cylinder {
	<30.908613, 33.553070, 36.412064>,  <31.032515, 33.407738, 36.266712>, 0.100000
	pigment { color rgbt <1,0,0,0> }
	no_shadow
}
cylinder {
	<30.908613, 33.553070, 36.412064>,  <30.702112, 33.795292, 36.654312>, 0.100000
	pigment { color rgbt <1,0,0,0> }
	no_shadow
}

// particle -1
sphere {
	<30.908613, 33.553070, 36.412064> 0.100000
	pigment { color rgbt <1,0,0,0> }
	no_shadow
}
sphere {
	0, 1
	scale<0.080000,0.200000,0.300000>
	matrix <-0.358191, 0.489661, -0.794941,
		0.777933, 0.627321, 0.035884,
		0.516254, -0.605558, -0.605624,
		31.063490, 33.371403, 36.230377>
	pigment { color rgbt <0,1,1,0> }
	no_shadow
}
cylinder {
	<31.105053, 34.227398, 36.200336>,  <30.702112, 33.795292, 36.654312>, 0.130000
	pigment { color rgbt <1,0,0,0> }
	no_shadow
}

// nucleotide -1

// particle -1
sphere {
	<31.105053, 34.227398, 36.200336> 0.250000
	pigment { color rgbt <1,0,0,0> }
	no_shadow
}
cylinder {
	<31.100155, 33.880207, 36.001755>,  <31.097216, 33.671894, 35.882607>, 0.100000
	pigment { color rgbt <1,0,0,0> }
	no_shadow
}
cylinder {
	<31.100155, 33.880207, 36.001755>,  <31.105053, 34.227398, 36.200336>, 0.100000
	pigment { color rgbt <1,0,0,0> }
	no_shadow
}

// particle -1
sphere {
	<31.100155, 33.880207, 36.001755> 0.100000
	pigment { color rgbt <1,0,0,0> }
	no_shadow
}
sphere {
	0, 1
	scale<0.080000,0.200000,0.300000>
	matrix <-0.189490, 0.489512, -0.851159,
		0.981806, 0.083653, -0.170466,
		-0.012243, -0.867975, -0.496457,
		31.096481, 33.619816, 35.852818>
	pigment { color rgbt <0,1,1,0> }
	no_shadow
}
cylinder {
	<31.366623, 34.398697, 35.572269>,  <31.105053, 34.227398, 36.200336>, 0.130000
	pigment { color rgbt <1,0,0,0> }
	no_shadow
}

// nucleotide -1

// particle -1
sphere {
	<31.366623, 34.398697, 35.572269> 0.250000
	pigment { color rgbt <1,0,0,0> }
	no_shadow
}
cylinder {
	<31.215033, 34.034245, 35.507504>,  <31.124079, 33.815575, 35.468643>, 0.100000
	pigment { color rgbt <1,0,0,0> }
	no_shadow
}
cylinder {
	<31.215033, 34.034245, 35.507504>,  <31.366623, 34.398697, 35.572269>, 0.100000
	pigment { color rgbt <1,0,0,0> }
	no_shadow
}

// particle -1
sphere {
	<31.215033, 34.034245, 35.507504> 0.100000
	pigment { color rgbt <1,0,0,0> }
	no_shadow
}
sphere {
	0, 1
	scale<0.080000,0.200000,0.300000>
	matrix <-0.298049, 0.285816, -0.910756,
		0.876096, -0.296897, -0.379879,
		-0.378977, -0.911132, -0.161913,
		31.101339, 33.760906, 35.458931>
	pigment { color rgbt <0,1,1,0> }
	no_shadow
}
cylinder {
	<31.554752, 34.225277, 34.868515>,  <31.366623, 34.398697, 35.572269>, 0.130000
	pigment { color rgbt <1,0,0,0> }
	no_shadow
}

// nucleotide -1

// particle -1
sphere {
	<31.554752, 34.225277, 34.868515> 0.250000
	pigment { color rgbt <1,0,0,0> }
	no_shadow
}
cylinder {
	<31.247210, 34.007801, 35.003132>,  <31.062683, 33.877316, 35.083904>, 0.100000
	pigment { color rgbt <1,0,0,0> }
	no_shadow
}
cylinder {
	<31.247210, 34.007801, 35.003132>,  <31.554752, 34.225277, 34.868515>, 0.100000
	pigment { color rgbt <1,0,0,0> }
	no_shadow
}

// particle -1
sphere {
	<31.247210, 34.007801, 35.003132> 0.100000
	pigment { color rgbt <1,0,0,0> }
	no_shadow
}
sphere {
	0, 1
	scale<0.080000,0.200000,0.300000>
	matrix <-0.419003, 0.030811, -0.907462,
