// switches for output
#declare DRAW_BASES = 1; // possible values are 0, 1; only relevant for DNA ribbons
#declare DRAW_BASES_TYPE = 3; // possible values are 1, 2, 3; only relevant for DNA ribbons
#declare DRAW_FOG = 0; // set to 1 to enable fog

#include "colors.inc"

#include "transforms.inc"
background { rgb <1, 1, 1>}

#default {
   normal{
       ripples 0.25
       frequency 0.20
       turbulence 0.2
       lambda 5
   }
	finish {
		phong 0.1
		phong_size 40.
	}
}

// original window dimensions: 1024x640


// camera settings

camera {
	sky <0, 0.179814, -0.983701>
	up <0, 0.179814, -0.983701>
	right 1.6 * <1, 0, 0>
	location <35, 94.9851, 44.8844>
	look_at <35, 29.7336, 32.9568>
	direction <0, -65.2515, -11.9276>
	angle 67.0682
}


# declare cpy_camera_pos = <35, 94.9851, 44.8844>;
# if (DRAW_FOG = 1)
fog {
	fog_type 2
	up vnormalize(cpy_camera_pos)
	color rgbt<1,1,1,0.3>
	distance 1e-5
	fog_alt 3e-3
	fog_offset 56
}
# end


// LIGHTS

# declare lum = 6;
global_settings {
	ambient_light rgb lum * <0.05, 0.05, 0.05>
	max_trace_level 15
}# declare cpy_direct_light_amount = 0.25;
light_source
{	1000 * <-1, -1.16352, -0.803886>,
	rgb lum * cpy_direct_light_amount
	parallel
}

light_source
{	1000 * <1, 1.16352, 0.803886>,
	rgb lum * cpy_direct_light_amount
	parallel
}

// strand 0

// nucleotide -1

// particle -1
sphere {
	<24.121565, 34.570068, 35.161076> 0.250000
	pigment { color rgbt <1,0,0,0> }
	no_shadow
}
cylinder {
	<24.334209, 34.904568, 35.107285>,  <24.461796, 35.105267, 35.075008>, 0.100000
	pigment { color rgbt <1,0,0,0> }
	no_shadow
}
cylinder {
	<24.334209, 34.904568, 35.107285>,  <24.121565, 34.570068, 35.161076>, 0.100000
	pigment { color rgbt <1,0,0,0> }
	no_shadow
}

// particle -1
sphere {
	<24.334209, 34.904568, 35.107285> 0.100000
	pigment { color rgbt <1,0,0,0> }
	no_shadow
}
sphere {
	0, 1
	scale<0.080000,0.200000,0.300000>
	matrix <0.827230, -0.478528, 0.294451,
		0.181882, -0.267778, -0.946158,
		0.531611, 0.836245, -0.134478,
		24.493692, 35.155441, 35.066940>
	pigment { color rgbt <0,1,1,0> }
	no_shadow
}
cylinder {
	<24.700382, 34.417351, 34.762470>,  <24.121565, 34.570068, 35.161076>, 0.130000
	pigment { color rgbt <1,0,0,0> }
	no_shadow
}

// nucleotide -1

// particle -1
sphere {
	<24.700382, 34.417351, 34.762470> 0.250000
	pigment { color rgbt <1,0,0,0> }
	no_shadow
}
cylinder {
	<24.788082, 34.735992, 34.987804>,  <24.840702, 34.927177, 35.123005>, 0.100000
	pigment { color rgbt <1,0,0,0> }
	no_shadow
}
cylinder {
	<24.788082, 34.735992, 34.987804>,  <24.700382, 34.417351, 34.762470>, 0.100000
	pigment { color rgbt <1,0,0,0> }
	no_shadow
}

// particle -1
sphere {
	<24.788082, 34.735992, 34.987804> 0.100000
	pigment { color rgbt <1,0,0,0> }
	no_shadow
}
sphere {
	0, 1
	scale<0.080000,0.200000,0.300000>
	matrix <0.800479, -0.476977, 0.362941,
		0.557820, 0.371365, -0.742243,
		0.219249, 0.796606, 0.563337,
		24.853857, 34.974976, 35.156807>
	pigment { color rgbt <0,1,1,0> }
	no_shadow
}
cylinder {
	<25.420609, 34.136028, 34.937733>,  <24.700382, 34.417351, 34.762470>, 0.130000
	pigment { color rgbt <1,0,0,0> }
	no_shadow
}

// nucleotide -1

// particle -1
sphere {
	<25.420609, 34.136028, 34.937733> 0.250000
	pigment { color rgbt <1,0,0,0> }
	no_shadow
}
cylinder {
	<25.379597, 34.488979, 35.121426>,  <25.354990, 34.700752, 35.231640>, 0.100000
	pigment { color rgbt <1,0,0,0> }
	no_shadow
}
cylinder {
	<25.379597, 34.488979, 35.121426>,  <25.420609, 34.136028, 34.937733>, 0.100000
	pigment { color rgbt <1,0,0,0> }
	no_shadow
}

// particle -1
sphere {
	<25.379597, 34.488979, 35.121426> 0.100000
	pigment { color rgbt <1,0,0,0> }
	no_shadow
}
sphere {
	0, 1
	scale<0.080000,0.200000,0.300000>
	matrix <0.789345, -0.208766, 0.577366,
		0.605328, 0.421687, -0.675098,
		-0.102530, 0.882381, 0.459229,
		25.348837, 34.753693, 35.259193>
	pigment { color rgbt <0,1,1,0> }
	no_shadow
}
cylinder {
	<25.886789, 34.599342, 34.733044>,  <25.420609, 34.136028, 34.937733>, 0.130000
	pigment { color rgbt <1,0,0,0> }
	no_shadow
}

// nucleotide -1

// particle -1
sphere {
	<25.886789, 34.599342, 34.733044> 0.250000
	pigment { color rgbt <1,0,0,0> }
	no_shadow
}
cylinder {
	<25.771446, 34.621635, 35.115402>,  <25.702240, 34.635010, 35.344818>, 0.100000
	pigment { color rgbt <1,0,0,0> }
	no_shadow
}
cylinder {
	<25.771446, 34.621635, 35.115402>,  <25.886789, 34.599342, 34.733044>, 0.100000
	pigment { color rgbt <1,0,0,0> }
	no_shadow
}

// particle -1
sphere {
	<25.771446, 34.621635, 35.115402> 0.100000
	pigment { color rgbt <1,0,0,0> }
	no_shadow
}
sphere {
	0, 1
	scale<0.080000,0.200000,0.300000>
	matrix <0.936116, -0.193507, 0.293669,
		0.201340, 0.979515, 0.003629,
		-0.288356, 0.055731, 0.955900,
		25.684940, 34.638355, 35.402172>
	pigment { color rgbt <0,1,1,0> }
	no_shadow
}
cylinder {
	<26.402132, 34.976234, 34.974457>,  <25.886789, 34.599342, 34.733044>, 0.130000
	pigment { color rgbt <1,0,0,0> }
	no_shadow
}

// nucleotide -1

// particle -1
sphere {
	<26.402132, 34.976234, 34.974457> 0.250000
	pigment { color rgbt <1,0,0,0> }
	no_shadow
}
cylinder {
	<26.223404, 34.733444, 35.237343>,  <26.116167, 34.587769, 35.395077>, 0.100000
	pigment { color rgbt <1,0,0,0> }
	no_shadow
}
cylinder {
	<26.223404, 34.733444, 35.237343>,  <26.402132, 34.976234, 34.974457>, 0.100000
	pigment { color rgbt <1,0,0,0> }
	no_shadow
}

// particle -1
sphere {
	<26.223404, 34.733444, 35.237343> 0.100000
	pigment { color rgbt <1,0,0,0> }
	no_shadow
}
sphere {
	0, 1
	scale<0.080000,0.200000,0.300000>
	matrix <0.889134, -0.220027, 0.401283,
		-0.098962, 0.763656, 0.637994,
		-0.446818, -0.606974, 0.657218,
		26.089359, 34.551353, 35.434509>
	pigment { color rgbt <0,1,1,0> }
	no_shadow
}
cylinder {
	<26.427301, 35.211277, 35.667515>,  <26.402132, 34.976234, 34.974457>, 0.130000
	pigment { color rgbt <1,0,0,0> }
	no_shadow
}

// nucleotide -1

// particle -1
sphere {
	<26.427301, 35.211277, 35.667515> 0.250000
	pigment { color rgbt <1,0,0,0> }
	no_shadow
}
cylinder {
	<26.420567, 34.812946, 35.631649>,  <26.416525, 34.573948, 35.610130>, 0.100000
	pigment { color rgbt <1,0,0,0> }
	no_shadow
}
cylinder {
	<26.420567, 34.812946, 35.631649>,  <26.427301, 35.211277, 35.667515>, 0.100000
	pigment { color rgbt <1,0,0,0> }
	no_shadow
}

// particle -1
sphere {
	<26.420567, 34.812946, 35.631649> 0.100000
	pigment { color rgbt <1,0,0,0> }
	no_shadow
}
sphere {
	0, 1
	scale<0.080000,0.200000,0.300000>
	matrix <0.954270, -0.042777, 0.295869,
		-0.298471, -0.080586, 0.951011,
		-0.016838, -0.995829, -0.089668,
		26.415516, 34.514198, 35.604748>
	pigment { color rgbt <0,1,1,0> }
	no_shadow
}
cylinder {
	<26.672808, 34.907211, 36.300468>,  <26.427301, 35.211277, 35.667515>, 0.130000
	pigment { color rgbt <1,0,0,0> }
	no_shadow
}

// nucleotide -1

// particle -1
sphere {
	<26.672808, 34.907211, 36.300468> 0.250000
	pigment { color rgbt <1,0,0,0> }
	no_shadow
}
cylinder {
	<26.721609, 34.618439, 36.028019>,  <26.750889, 34.445175, 35.864548>, 0.100000
	pigment { color rgbt <1,0,0,0> }
	no_shadow
}
cylinder {
	<26.721609, 34.618439, 36.028019>,  <26.672808, 34.907211, 36.300468>, 0.100000
	pigment { color rgbt <1,0,0,0> }
	no_shadow
}

// particle -1
sphere {
	<26.721609, 34.618439, 36.028019> 0.100000
	pigment { color rgbt <1,0,0,0> }
	no_shadow
}
sphere {
	0, 1
	scale<0.080000,0.200000,0.300000>
	matrix <0.859685, -0.266108, 0.436036,
		-0.496041, -0.638751, 0.588168,
		0.122002, -0.721931, -0.681125,
		26.758209, 34.401859, 35.823681>
	pigment { color rgbt <0,1,1,0> }
	no_shadow
}
cylinder {
	<27.334135, 34.551895, 36.506077>,  <26.672808, 34.907211, 36.300468>, 0.130000
	pigment { color rgbt <1,0,0,0> }
	no_shadow
}

// nucleotide -1

// particle -1
sphere {
	<27.334135, 34.551895, 36.506077> 0.250000
	pigment { color rgbt <1,0,0,0> }
	no_shadow
}
cylinder {
	<27.264317, 34.420597, 36.134747>,  <27.222425, 34.341816, 35.911949>, 0.100000
	pigment { color rgbt <1,0,0,0> }
	no_shadow
}
cylinder {
	<27.264317, 34.420597, 36.134747>,  <27.334135, 34.551895, 36.506077>, 0.100000
	pigment { color rgbt <1,0,0,0> }
	no_shadow
}

// particle -1
sphere {
	<27.264317, 34.420597, 36.134747> 0.100000
	pigment { color rgbt <1,0,0,0> }
	no_shadow
}
sphere {
	0, 1
	scale<0.080000,0.200000,0.300000>
	matrix <0.875242, -0.483641, 0.006448,
		-0.451092, -0.811383, 0.371716,
		-0.174545, -0.328250, -0.928324,
		27.211952, 34.322121, 35.856251>
	pigment { color rgbt <0,1,1,0> }
	no_shadow
}
cylinder {
	<27.448225, 33.827118, 36.556946>,  <27.334135, 34.551895, 36.506077>, 0.130000
	pigment { color rgbt <1,0,0,0> }
	no_shadow
}

// nucleotide -1

// particle -1
sphere {
	<27.448225, 33.827118, 36.556946> 0.250000
	pigment { color rgbt <1,0,0,0> }
	no_shadow
}
cylinder {
	<27.473280, 33.924587, 36.169811>,  <27.488314, 33.983070, 35.937531>, 0.100000
	pigment { color rgbt <1,0,0,0> }
	no_shadow
}
cylinder {
	<27.473280, 33.924587, 36.169811>,  <27.448225, 33.827118, 36.556946>, 0.100000
	pigment { color rgbt <1,0,0,0> }
	no_shadow
}

// particle -1
sphere {
	<27.473280, 33.924587, 36.169811> 0.100000
	pigment { color rgbt <1,0,0,0> }
	no_shadow
}
sphere {
	0, 1
	scale<0.080000,0.200000,0.300000>
	matrix <0.880761, -0.469586, -0.061228,
		-0.469400, -0.848593, -0.244035,
		0.062637, 0.243677, -0.967832,
		27.492071, 33.997692, 35.879463>
	pigment { color rgbt <0,1,1,0> }
	no_shadow
}
cylinder {
	<27.474277, 33.194458, 36.195385>,  <27.448225, 33.827118, 36.556946>, 0.130000
	pigment { color rgbt <1,0,0,0> }
	no_shadow
}

// nucleotide -1

// particle -1
sphere {
	<27.474277, 33.194458, 36.195385> 0.250000
	pigment { color rgbt <1,0,0,0> }
	no_shadow
}
cylinder {
	<27.640173, 33.477383, 35.966400>,  <27.739710, 33.647137, 35.829010>, 0.100000
	pigment { color rgbt <1,0,0,0> }
	no_shadow
}
cylinder {
	<27.640173, 33.477383, 35.966400>,  <27.474277, 33.194458, 36.195385>, 0.100000
	pigment { color rgbt <1,0,0,0> }
	no_shadow
}

// particle -1
sphere {
	<27.640173, 33.477383, 35.966400> 0.100000
	pigment { color rgbt <1,0,0,0> }
	no_shadow
}
sphere {
	0, 1
	scale<0.080000,0.200000,0.300000>
	matrix <0.804103, -0.579360, -0.133271,
		-0.425923, -0.405041, -0.809031,
		0.414740, 0.707307, -0.572457,
		27.764595, 33.689575, 35.794662>
	pigment { color rgbt <0,1,1,0> }
	no_shadow
}
cylinder {
	<27.593271, 32.813953, 35.608326>,  <27.474277, 33.194458, 36.195385>, 0.130000
	pigment { color rgbt <1,0,0,0> }
	no_shadow
}

// nucleotide -1

// particle -1
sphere {
	<27.593271, 32.813953, 35.608326> 0.250000
	pigment { color rgbt <1,0,0,0> }
	no_shadow
}
cylinder {
	<27.831699, 33.135109, 35.604767>,  <27.974756, 33.327801, 35.602631>, 0.100000
	pigment { color rgbt <1,0,0,0> }
	no_shadow
}
cylinder {
	<27.831699, 33.135109, 35.604767>,  <27.593271, 32.813953, 35.608326>, 0.100000
	pigment { color rgbt <1,0,0,0> }
	no_shadow
}

// particle -1
sphere {
	<27.831699, 33.135109, 35.604767> 0.100000
	pigment { color rgbt <1,0,0,0> }
	no_shadow
}
sphere {
	0, 1
	scale<0.080000,0.200000,0.300000>
	matrix <0.788733, -0.587565, -0.180744,
		-0.150343, 0.100719, -0.983490,
		0.596069, 0.802884, -0.008896,
		28.010519, 33.375973, 35.602097>
	pigment { color rgbt <0,1,1,0> }
	no_shadow
}
cylinder {
	<28.154705, 32.592075, 35.280537>,  <27.593271, 32.813953, 35.608326>, 0.130000
	pigment { color rgbt <1,0,0,0> }
	no_shadow
}

// nucleotide -1

// particle -1
sphere {
	<28.154705, 32.592075, 35.280537> 0.250000
	pigment { color rgbt <1,0,0,0> }
	no_shadow
}
cylinder {
	<28.280098, 32.926048, 35.461475>,  <28.355333, 33.126431, 35.570038>, 0.100000
	pigment { color rgbt <1,0,0,0> }
	no_shadow
}
cylinder {
	<28.280098, 32.926048, 35.461475>,  <28.154705, 32.592075, 35.280537>, 0.100000
	pigment { color rgbt <1,0,0,0> }
	no_shadow
}

// particle -1
sphere {
	<28.280098, 32.926048, 35.461475> 0.100000
	pigment { color rgbt <1,0,0,0> }
	no_shadow
}
sphere {
	0, 1
	scale<0.080000,0.200000,0.300000>
	matrix <0.949549, -0.280242, -0.140785,
		0.009222, 0.473662, -0.880658,
		0.313482, 0.834930, 0.452350,
		28.374142, 33.176529, 35.597179>
	pigment { color rgbt <0,1,1,0> }
	no_shadow
}
cylinder {
	<28.789003, 32.204609, 35.220081>,  <28.154705, 32.592075, 35.280537>, 0.130000
	pigment { color rgbt <1,0,0,0> }
	no_shadow
}

// nucleotide -1

// particle -1
sphere {
	<28.789003, 32.204609, 35.220081> 0.250000
	pigment { color rgbt <1,0,0,0> }
	no_shadow
}
cylinder {
	<29.094616, 32.462231, 35.235348>,  <29.277983, 32.616802, 35.244507>, 0.100000
	pigment { color rgbt <1,0,0,0> }
	no_shadow
}
cylinder {
	<29.094616, 32.462231, 35.235348>,  <28.789003, 32.204609, 35.220081>, 0.100000
	pigment { color rgbt <1,0,0,0> }
	no_shadow
}

// particle -1
sphere {
	<29.094616, 32.462231, 35.235348> 0.100000
	pigment { color rgbt <1,0,0,0> }
	no_shadow
}
sphere {
	0, 1
	scale<0.080000,0.200000,0.300000>
	matrix <-0.637613, 0.744716, 0.197096,
		0.098520, -0.174920, 0.979641,
		0.764031, 0.644050, 0.038162,
		29.323826, 32.655445, 35.246796>
	pigment { color rgbt <0,1,1,0> }
	no_shadow
}
cylinder {
	<28.738276, 32.711807, 35.759979>,  <28.789003, 32.204609, 35.220081>, 0.130000
	pigment { color rgbt <1,0,0,0> }
	no_shadow
}

// nucleotide -1

// particle -1
sphere {
	<28.738276, 32.711807, 35.759979> 0.250000
	pigment { color rgbt <1,0,0,0> }
	no_shadow
}
cylinder {
	<28.969791, 32.894020, 35.489426>,  <29.108700, 33.003345, 35.327095>, 0.100000
	pigment { color rgbt <1,0,0,0> }
	no_shadow
}
cylinder {
	<28.969791, 32.894020, 35.489426>,  <28.738276, 32.711807, 35.759979>, 0.100000
	pigment { color rgbt <1,0,0,0> }
	no_shadow
}

// particle -1
sphere {
	<28.969791, 32.894020, 35.489426> 0.100000
	pigment { color rgbt <1,0,0,0> }
	no_shadow
}
sphere {
	0, 1
	scale<0.080000,0.200000,0.300000>
	matrix <-0.605967, 0.795306, 0.017090,
		0.545717, 0.399975, 0.736351,
		0.578789, 0.455530, -0.676384,
		29.143429, 33.030678, 35.286510>
	pigment { color rgbt <0,1,1,0> }
	no_shadow
}
cylinder {
	<29.009499, 33.291805, 36.064419>,  <28.738276, 32.711807, 35.759979>, 0.130000
	pigment { color rgbt <1,0,0,0> }
	no_shadow
}

// nucleotide -1

// particle -1
sphere {
	<29.009499, 33.291805, 36.064419> 0.250000
	pigment { color rgbt <1,0,0,0> }
	no_shadow
}
cylinder {
	<28.923687, 33.316441, 35.674507>,  <28.872200, 33.331223, 35.440559>, 0.100000
	pigment { color rgbt <1,0,0,0> }
	no_shadow
}
cylinder {
	<28.923687, 33.316441, 35.674507>,  <29.009499, 33.291805, 36.064419>, 0.100000
	pigment { color rgbt <1,0,0,0> }
	no_shadow
}

// particle -1
sphere {
	<28.923687, 33.316441, 35.674507> 0.100000
	pigment { color rgbt <1,0,0,0> }
	no_shadow
}
sphere {
	0, 1
	scale<0.080000,0.200000,0.300000>
	matrix <-0.703532, 0.682537, 0.197954,
		0.677511, 0.728251, -0.103096,
		-0.214528, 0.061585, -0.974774,
		28.859329, 33.334915, 35.382076>
	pigment { color rgbt <0,1,1,0> }
	no_shadow
}
cylinder {
	<29.031843, 34.090397, 35.757217>,  <29.009499, 33.291805, 36.064419>, 0.130000
	pigment { color rgbt <1,0,0,0> }
	no_shadow
}

// nucleotide -1

// particle -1
sphere {
	<29.031843, 34.090397, 35.757217> 0.250000
	pigment { color rgbt <1,0,0,0> }
	no_shadow
}
cylinder {
	<28.794384, 33.827522, 35.571449>,  <28.651909, 33.669796, 35.459988>, 0.100000
	pigment { color rgbt <1,0,0,0> }
	no_shadow
}
cylinder {
	<28.794384, 33.827522, 35.571449>,  <29.031843, 34.090397, 35.757217>, 0.100000
	pigment { color rgbt <1,0,0,0> }
	no_shadow
}

// particle -1
sphere {
	<28.794384, 33.827522, 35.571449> 0.100000
	pigment { color rgbt <1,0,0,0> }
	no_shadow
}
sphere {
	0, 1
	scale<0.080000,0.200000,0.300000>
	matrix <-0.802208, 0.528908, 0.276981,
		0.063605, 0.536989, -0.841188,
		-0.593647, -0.657191, -0.464418,
		28.616289, 33.630363, 35.432125>
	pigment { color rgbt <0,1,1,0> }
	no_shadow
}
cylinder {
	<28.616795, 34.517349, 35.339817>,  <29.031843, 34.090397, 35.757217>, 0.130000
	pigment { color rgbt <1,0,0,0> }
	no_shadow
}

// nucleotide -1

// particle -1
sphere {
	<28.616795, 34.517349, 35.339817> 0.250000
	pigment { color rgbt <1,0,0,0> }
	no_shadow
}
cylinder {
	<28.427372, 34.172157, 35.410248>,  <28.313719, 33.965042, 35.452507>, 0.100000
	pigment { color rgbt <1,0,0,0> }
	no_shadow
}
cylinder {
	<28.427372, 34.172157, 35.410248>,  <28.616795, 34.517349, 35.339817>, 0.100000
	pigment { color rgbt <1,0,0,0> }
	no_shadow
}

// particle -1
sphere {
	<28.427372, 34.172157, 35.410248> 0.100000
	pigment { color rgbt <1,0,0,0> }
	no_shadow
}
sphere {
	0, 1
	scale<0.080000,0.200000,0.300000>
	matrix <-0.862021, 0.495147, 0.108398,
		-0.180730, -0.100450, -0.978390,
		-0.473558, -0.862983, 0.176078,
		28.285305, 33.913261, 35.463070>
	pigment { color rgbt <0,1,1,0> }
	no_shadow
}
cylinder {
	<28.117033, 34.395992, 34.798054>,  <28.616795, 34.517349, 35.339817>, 0.130000
	pigment { color rgbt <1,0,0,0> }
	no_shadow
}

// nucleotide -1

// particle -1
sphere {
	<28.117033, 34.395992, 34.798054> 0.250000
	pigment { color rgbt <1,0,0,0> }
	no_shadow
}
cylinder {
	<28.011213, 34.172955, 35.112785>,  <27.947721, 34.039131, 35.301624>, 0.100000
	pigment { color rgbt <1,0,0,0> }
	no_shadow
}
cylinder {
	<28.011213, 34.172955, 35.112785>,  <28.117033, 34.395992, 34.798054>, 0.100000
	pigment { color rgbt <1,0,0,0> }
	no_shadow
}

// particle -1
sphere {
	<28.011213, 34.172955, 35.112785> 0.100000
	pigment { color rgbt <1,0,0,0> }
	no_shadow
}
sphere {
	0, 1
	scale<0.080000,0.200000,0.300000>
	matrix <-0.922405, 0.384375, -0.037740,
		-0.281394, -0.735760, -0.616015,
		-0.264548, -0.557596, 0.786830,
		27.931849, 34.005676, 35.348835>
	pigment { color rgbt <0,1,1,0> }
	no_shadow
}
cylinder {
	<27.474653, 34.359806, 34.632702>,  <28.117033, 34.395992, 34.798054>, 0.130000
	pigment { color rgbt <1,0,0,0> }
	no_shadow
}

// nucleotide -1

// particle -1
sphere {
	<27.474653, 34.359806, 34.632702> 0.250000
	pigment { color rgbt <1,0,0,0> }
	no_shadow
}
cylinder {
	<27.484203, 34.227005, 35.009892>,  <27.489933, 34.147324, 35.236206>, 0.100000
	pigment { color rgbt <1,0,0,0> }
	no_shadow
}
cylinder {
	<27.484203, 34.227005, 35.009892>,  <27.474653, 34.359806, 34.632702>, 0.100000
	pigment { color rgbt <1,0,0,0> }
	no_shadow
}

// particle -1
sphere {
	<27.484203, 34.227005, 35.009892> 0.100000
	pigment { color rgbt <1,0,0,0> }
	no_shadow
}
sphere {
	0, 1
	scale<0.080000,0.200000,0.300000>
	matrix <-0.939783, 0.314224, 0.134426,
		-0.340936, -0.889404, -0.304506,
		0.023876, -0.332001, 0.942977,
		27.491365, 34.127403, 35.292786>
	pigment { color rgbt <0,1,1,0> }
	no_shadow
}
cylinder {
	<26.938032, 33.999840, 34.681519>,  <27.474653, 34.359806, 34.632702>, 0.130000
	pigment { color rgbt <1,0,0,0> }
	no_shadow
}

// nucleotide -1

// particle -1
sphere {
	<26.938032, 33.999840, 34.681519> 0.250000
	pigment { color rgbt <1,0,0,0> }
	no_shadow
}
cylinder {
	<27.023003, 34.118172, 35.054047>,  <27.073984, 34.189171, 35.277565>, 0.100000
	pigment { color rgbt <1,0,0,0> }
	no_shadow
}
cylinder {
	<27.023003, 34.118172, 35.054047>,  <26.938032, 33.999840, 34.681519>, 0.100000
	pigment { color rgbt <1,0,0,0> }
	no_shadow
}

// particle -1
sphere {
	<27.023003, 34.118172, 35.054047> 0.100000
	pigment { color rgbt <1,0,0,0> }
	no_shadow
}
sphere {
	0, 1
	scale<0.080000,0.200000,0.300000>
	matrix <-0.910285, 0.406468, 0.078515,
		-0.355324, -0.864446, 0.355636,
		0.212427, 0.295832, 0.931320,
		27.086731, 34.206921, 35.333443>
	pigment { color rgbt <0,1,1,0> }
	no_shadow
}
cylinder {
	<27.062387, 34.364929, 34.040524>,  <26.938032, 33.999840, 34.681519>, 0.130000
	pigment { color rgbt <1,0,0,0> }
	no_shadow
}

// nucleotide -1

// particle -1
sphere {
	<27.062387, 34.364929, 34.040524> 0.250000
	pigment { color rgbt <1,0,0,0> }
	no_shadow
}
cylinder {
	<26.907343, 34.602215, 34.322758>,  <26.814316, 34.744587, 34.492100>, 0.100000
	pigment { color rgbt <1,0,0,0> }
	no_shadow
}
cylinder {
	<26.907343, 34.602215, 34.322758>,  <27.062387, 34.364929, 34.040524>, 0.100000
	pigment { color rgbt <1,0,0,0> }
	no_shadow
}

// particle -1
sphere {
	<26.907343, 34.602215, 34.322758> 0.100000
	pigment { color rgbt <1,0,0,0> }
	no_shadow
}
sphere {
	0, 1
	scale<0.080000,0.200000,0.300000>
	matrix <-0.191338, 0.696982, -0.691091,
		-0.901747, -0.402880, -0.156654,
		-0.387612, 0.593215, 0.705587,
		26.791059, 34.780178, 34.534435>
	pigment { color rgbt <0,1,1,0> }
	no_shadow
}
cylinder {
	<26.748047, 34.076962, 33.390419>,  <27.062387, 34.364929, 34.040524>, 0.130000
	pigment { color rgbt <1,0,0,0> }
	no_shadow
}

// nucleotide -1

// particle -1
sphere {
	<26.748047, 34.076962, 33.390419> 0.250000
	pigment { color rgbt <1,0,0,0> }
	no_shadow
}
cylinder {
	<26.873928, 34.390354, 33.176086>,  <26.949457, 34.578388, 33.047485>, 0.100000
	pigment { color rgbt <1,0,0,0> }
	no_shadow
}
cylinder {
	<26.873928, 34.390354, 33.176086>,  <26.748047, 34.076962, 33.390419>, 0.100000
	pigment { color rgbt <1,0,0,0> }
	no_shadow
}

// particle -1
sphere {
	<26.873928, 34.390354, 33.176086> 0.100000
	pigment { color rgbt <1,0,0,0> }
	no_shadow
}
sphere {
	0, 1
	scale<0.080000,0.200000,0.300000>
	matrix <0.570433, 0.295094, 0.766502,
		0.758663, -0.546877, -0.354058,
		0.314702, 0.783483, -0.535833,
		26.968338, 34.625401, 33.015335>
	pigment { color rgbt <0,1,1,0> }
	no_shadow
}
cylinder {
	<27.609825, 34.068790, 33.356625>,  <26.748047, 34.076962, 33.390419>, 0.130000
	pigment { color rgbt <1,0,0,0> }
	no_shadow
}

// nucleotide -1

// particle -1
sphere {
	<27.609825, 34.068790, 33.356625> 0.250000
	pigment { color rgbt <1,0,0,0> }
	no_shadow
}
cylinder {
	<27.420559, 34.420723, 33.338665>,  <27.306999, 34.631882, 33.327888>, 0.100000
	pigment { color rgbt <1,0,0,0> }
	no_shadow
}
cylinder {
	<27.420559, 34.420723, 33.338665>,  <27.609825, 34.068790, 33.356625>, 0.100000
	pigment { color rgbt <1,0,0,0> }
	no_shadow
}

// particle -1
sphere {
	<27.420559, 34.420723, 33.338665> 0.100000
	pigment { color rgbt <1,0,0,0> }
	no_shadow
}
sphere {
	0, 1
	scale<0.080000,0.200000,0.300000>
	matrix <0.631615, 0.374325, 0.678928,
		0.614149, 0.292884, -0.732830,
		-0.473164, 0.879829, -0.044901,
		27.278610, 34.684673, 33.325195>
	pigment { color rgbt <0,1,1,0> }
	no_shadow
}
cylinder {
	<28.100653, 34.542534, 33.369888>,  <27.609825, 34.068790, 33.356625>, 0.130000
	pigment { color rgbt <1,0,0,0> }
	no_shadow
}

// nucleotide -1

// particle -1
sphere {
	<28.100653, 34.542534, 33.369888> 0.250000
	pigment { color rgbt <1,0,0,0> }
	no_shadow
}
cylinder {
	<27.762270, 34.711430, 33.500164>,  <27.559240, 34.812767, 33.578331>, 0.100000
	pigment { color rgbt <1,0,0,0> }
	no_shadow
}
cylinder {
	<27.762270, 34.711430, 33.500164>,  <28.100653, 34.542534, 33.369888>, 0.100000
	pigment { color rgbt <1,0,0,0> }
	no_shadow
}

// particle -1
sphere {
	<27.762270, 34.711430, 33.500164> 0.100000
	pigment { color rgbt <1,0,0,0> }
	no_shadow
}
sphere {
	0, 1
	scale<0.080000,0.200000,0.300000>
	matrix <0.474407, 0.317016, 0.821242,
		0.243511, 0.849244, -0.468494,
		-0.845955, 0.422238, 0.325691,
		27.508484, 34.838100, 33.597870>
	pigment { color rgbt <0,1,1,0> }
	no_shadow
}
cylinder {
	<28.244125, 35.250072, 33.474026>,  <28.100653, 34.542534, 33.369888>, 0.130000
	pigment { color rgbt <1,0,0,0> }
	no_shadow
}

// nucleotide -1

// particle -1
sphere {
	<28.244125, 35.250072, 33.474026> 0.250000
	pigment { color rgbt <1,0,0,0> }
	no_shadow
}
cylinder {
	<27.983656, 35.147217, 33.759640>,  <27.827374, 35.085503, 33.931007>, 0.100000
	pigment { color rgbt <1,0,0,0> }
	no_shadow
}
cylinder {
	<27.983656, 35.147217, 33.759640>,  <28.244125, 35.250072, 33.474026>, 0.100000
	pigment { color rgbt <1,0,0,0> }
	no_shadow
}

// particle -1
sphere {
	<27.983656, 35.147217, 33.759640> 0.100000
	pigment { color rgbt <1,0,0,0> }
	no_shadow
}
sphere {
	0, 1
	scale<0.080000,0.200000,0.300000>
	matrix <0.658146, 0.277165, 0.700016,
		-0.377910, 0.925774, -0.011246,
		-0.651174, -0.257141, 0.714038,
		27.788303, 35.070076, 33.973850>
	pigment { color rgbt <0,1,1,0> }
	no_shadow
}
cylinder {
	<28.373425, 35.740063, 33.904030>,  <28.244125, 35.250072, 33.474026>, 0.130000
	pigment { color rgbt <1,0,0,0> }
	no_shadow
}

// nucleotide -1

// particle -1
sphere {
	<28.373425, 35.740063, 33.904030> 0.250000
	pigment { color rgbt <1,0,0,0> }
	no_shadow
}
cylinder {
	<28.185463, 35.441193, 34.092041>,  <28.072687, 35.261871, 34.204845>, 0.100000
	pigment { color rgbt <1,0,0,0> }
	no_shadow
}
cylinder {
	<28.185463, 35.441193, 34.092041>,  <28.373425, 35.740063, 33.904030>, 0.100000
	pigment { color rgbt <1,0,0,0> }
	no_shadow
}

// particle -1
sphere {
	<28.185463, 35.441193, 34.092041> 0.100000
	pigment { color rgbt <1,0,0,0> }
	no_shadow
}
sphere {
	0, 1
	scale<0.080000,0.200000,0.300000>
	matrix <0.658685, 0.057680, 0.750205,
		-0.587644, 0.662121, 0.465048,
		-0.469903, -0.747174, 0.470024,
		28.044493, 35.217041, 34.233047>
	pigment { color rgbt <0,1,1,0> }
	no_shadow
}
cylinder {
	<28.637684, 35.164814, 34.107769>,  <28.373425, 35.740063, 33.904030>, 0.130000
	pigment { color rgbt <1,0,0,0> }
	no_shadow
}

// nucleotide -1

// particle -1
sphere {
	<28.637684, 35.164814, 34.107769> 0.250000
	pigment { color rgbt <1,0,0,0> }
	no_shadow
}
cylinder {
	<28.894199, 35.333206, 34.364368>,  <29.048109, 35.434242, 34.518330>, 0.100000
	pigment { color rgbt <1,0,0,0> }
	no_shadow
}
cylinder {
	<28.894199, 35.333206, 34.364368>,  <28.637684, 35.164814, 34.107769>, 0.100000
	pigment { color rgbt <1,0,0,0> }
	no_shadow
}

// particle -1
sphere {
	<28.894199, 35.333206, 34.364368> 0.100000
	pigment { color rgbt <1,0,0,0> }
	no_shadow
}
sphere {
	0, 1
	scale<0.080000,0.200000,0.300000>
	matrix <-0.399148, 0.897055, -0.189666,
		-0.655308, -0.134424, 0.743305,
		0.641290, 0.420978, 0.641502,
		29.086586, 35.459499, 34.556820>
	pigment { color rgbt <0,1,1,0> }
	no_shadow
}
cylinder {
	<28.379028, 35.566830, 34.774509>,  <28.637684, 35.164814, 34.107769>, 0.130000
	pigment { color rgbt <1,0,0,0> }
	no_shadow
}

// nucleotide -1

// particle -1
sphere {
	<28.379028, 35.566830, 34.774509> 0.250000
	pigment { color rgbt <1,0,0,0> }
	no_shadow
}
cylinder {
	<28.712866, 35.708138, 34.605442>,  <28.913168, 35.792923, 34.504002>, 0.100000
	pigment { color rgbt <1,0,0,0> }
	no_shadow
}
cylinder {
	<28.712866, 35.708138, 34.605442>,  <28.379028, 35.566830, 34.774509>, 0.100000
	pigment { color rgbt <1,0,0,0> }
	no_shadow
}

// particle -1
sphere {
	<28.712866, 35.708138, 34.605442> 0.100000
	pigment { color rgbt <1,0,0,0> }
	no_shadow
}
sphere {
	0, 1
	scale<0.080000,0.200000,0.300000>
	matrix <-0.496927, 0.813946, -0.300924,
		0.237726, 0.461188, 0.854864,
		0.834595, 0.353268, -0.422673,
		28.963245, 35.814117, 34.478642>
	pigment { color rgbt <0,1,1,0> }
	no_shadow
}
cylinder {
	<28.524191, 36.134079, 35.080517>,  <28.379028, 35.566830, 34.774509>, 0.130000
	pigment { color rgbt <1,0,0,0> }
	no_shadow
}

// nucleotide -1

// particle -1
sphere {
	<28.524191, 36.134079, 35.080517> 0.250000
	pigment { color rgbt <1,0,0,0> }
	no_shadow
}
cylinder {
	<28.679415, 36.135460, 34.711864>,  <28.772549, 36.136288, 34.490673>, 0.100000
	pigment { color rgbt <1,0,0,0> }
	no_shadow
}
cylinder {
	<28.679415, 36.135460, 34.711864>,  <28.524191, 36.134079, 35.080517>, 0.100000
	pigment { color rgbt <1,0,0,0> }
	no_shadow
}

// particle -1
sphere {
	<28.679415, 36.135460, 34.711864> 0.100000
	pigment { color rgbt <1,0,0,0> }
	no_shadow
}
sphere {
	0, 1
	scale<0.080000,0.200000,0.300000>
	matrix <-0.568409, 0.788059, -0.236377,
		0.725480, 0.615590, 0.307777,
		0.388058, 0.003456, -0.921629,
		28.795832, 36.136497, 34.435375>
	pigment { color rgbt <0,1,1,0> }
	no_shadow
}
cylinder {
	<28.624863, 36.888348, 35.004211>,  <28.524191, 36.134079, 35.080517>, 0.130000
	pigment { color rgbt <1,0,0,0> }
	no_shadow
}

// nucleotide -1

// particle -1
sphere {
	<28.624863, 36.888348, 35.004211> 0.250000
	pigment { color rgbt <1,0,0,0> }
	no_shadow
}
cylinder {
	<28.663570, 36.735092, 34.636768>,  <28.686796, 36.643139, 34.416302>, 0.100000
	pigment { color rgbt <1,0,0,0> }
	no_shadow
}
cylinder {
	<28.663570, 36.735092, 34.636768>,  <28.624863, 36.888348, 35.004211>, 0.100000
	pigment { color rgbt <1,0,0,0> }
	no_shadow
}

// particle -1
sphere {
	<28.663570, 36.735092, 34.636768> 0.100000
	pigment { color rgbt <1,0,0,0> }
	no_shadow
}
sphere {
	0, 1
	scale<0.080000,0.200000,0.300000>
	matrix <-0.320664, 0.861727, -0.393194,
		0.942237, 0.332614, -0.039468,
		0.096771, -0.383138, -0.918608,
		28.692602, 36.620152, 34.361187>
	pigment { color rgbt <0,1,1,0> }
	no_shadow
}
cylinder {
	<29.045736, 37.270367, 34.557079>,  <28.624863, 36.888348, 35.004211>, 0.130000
	pigment { color rgbt <1,0,0,0> }
	no_shadow
}

// nucleotide -1

// particle -1
sphere {
	<29.045736, 37.270367, 34.557079> 0.250000
	pigment { color rgbt <1,0,0,0> }
	no_shadow
}
cylinder {
	<28.781658, 37.069855, 34.333344>,  <28.623211, 36.949547, 34.199104>, 0.100000
	pigment { color rgbt <1,0,0,0> }
	no_shadow
}
cylinder {
	<28.781658, 37.069855, 34.333344>,  <29.045736, 37.270367, 34.557079>, 0.100000
	pigment { color rgbt <1,0,0,0> }
	no_shadow
}

// particle -1
sphere {
	<28.781658, 37.069855, 34.333344> 0.100000
	pigment { color rgbt <1,0,0,0> }
	no_shadow
}
sphere {
	0, 1
	scale<0.080000,0.200000,0.300000>
	matrix <-0.535601, 0.836284, -0.117306,
		0.526567, 0.222135, -0.820599,
		-0.660197, -0.501283, -0.559335,
		28.583599, 36.919468, 34.165543>
	pigment { color rgbt <0,1,1,0> }
	no_shadow
}
cylinder {
	<28.927286, 37.676636, 34.011703>,  <29.045736, 37.270367, 34.557079>, 0.130000
	pigment { color rgbt <1,0,0,0> }
	no_shadow
}

// nucleotide -1

// particle -1
sphere {
	<28.927286, 37.676636, 34.011703> 0.250000
	pigment { color rgbt <1,0,0,0> }
	no_shadow
}
cylinder {
	<28.619530, 37.428566, 34.072918>,  <28.434875, 37.279724, 34.109646>, 0.100000
	pigment { color rgbt <1,0,0,0> }
	no_shadow
}
cylinder {
	<28.619530, 37.428566, 34.072918>,  <28.927286, 37.676636, 34.011703>, 0.100000
	pigment { color rgbt <1,0,0,0> }
	no_shadow
}

// particle -1
sphere {
	<28.619530, 37.428566, 34.072918> 0.100000
	pigment { color rgbt <1,0,0,0> }
	no_shadow
}
sphere {
	0, 1
	scale<0.080000,0.200000,0.300000>
	matrix <-0.638053, 0.734711, -0.230406,
		0.030452, -0.274920, -0.960985,
		-0.769390, -0.620176, 0.153040,
		28.388712, 37.242512, 34.118832>
	pigment { color rgbt <0,1,1,0> }
	no_shadow
}
cylinder {
	<28.475674, 37.836353, 33.433865>,  <28.927286, 37.676636, 34.011703>, 0.130000
	pigment { color rgbt <1,0,0,0> }
	no_shadow
}

// nucleotide -1

// particle -1
sphere {
	<28.475674, 37.836353, 33.433865> 0.250000
	pigment { color rgbt <1,0,0,0> }
	no_shadow
}
cylinder {
	<28.286566, 37.706085, 33.761383>,  <28.173101, 37.627926, 33.957893>, 0.100000
	pigment { color rgbt <1,0,0,0> }
	no_shadow
}
cylinder {
	<28.286566, 37.706085, 33.761383>,  <28.475674, 37.836353, 33.433865>, 0.100000
	pigment { color rgbt <1,0,0,0> }
	no_shadow
}

// particle -1
sphere {
	<28.286566, 37.706085, 33.761383> 0.100000
	pigment { color rgbt <1,0,0,0> }
	no_shadow
}
sphere {
	0, 1
	scale<0.080000,0.200000,0.300000>
	matrix <-0.746352, 0.641968, -0.175602,
		-0.468454, -0.694130, -0.546566,
		-0.472768, -0.325670, 0.818797,
		28.144735, 37.608383, 34.007023>
	pigment { color rgbt <0,1,1,0> }
	no_shadow
}
cylinder {
	<27.731031, 37.618572, 33.154842>,  <28.475674, 37.836353, 33.433865>, 0.130000
	pigment { color rgbt <1,0,0,0> }
	no_shadow
}

// nucleotide -1

// particle -1
sphere {
	<27.731031, 37.618572, 33.154842> 0.250000
	pigment { color rgbt <1,0,0,0> }
	no_shadow
}
cylinder {
	<27.809725, 37.741058, 33.527409>,  <27.856941, 37.814548, 33.750946>, 0.100000
	pigment { color rgbt <1,0,0,0> }
	no_shadow
}
cylinder {
	<27.809725, 37.741058, 33.527409>,  <27.731031, 37.618572, 33.154842>, 0.100000
	pigment { color rgbt <1,0,0,0> }
	no_shadow
}

// particle -1
sphere {
	<27.809725, 37.741058, 33.527409> 0.100000
	pigment { color rgbt <1,0,0,0> }
	no_shadow
}
sphere {
	0, 1
	scale<0.080000,0.200000,0.300000>
	matrix <-0.616161, 0.777559, -0.125485,
		-0.762654, -0.549213, 0.341649,
		0.196734, 0.306212, 0.931413,
		27.868746, 37.832924, 33.806831>
	pigment { color rgbt <0,1,1,0> }
	no_shadow
}
cylinder {
	<27.145565, 37.977295, 33.502182>,  <27.731031, 37.618572, 33.154842>, 0.130000
	pigment { color rgbt <1,0,0,0> }
	no_shadow
}

// nucleotide -1

// particle -1
sphere {
	<27.145565, 37.977295, 33.502182> 0.250000
	pigment { color rgbt <1,0,0,0> }
	no_shadow
}
cylinder {
	<27.470633, 38.135971, 33.672924>,  <27.665672, 38.231174, 33.775372>, 0.100000
	pigment { color rgbt <1,0,0,0> }
	no_shadow
}
cylinder {
	<27.470633, 38.135971, 33.672924>,  <27.145565, 37.977295, 33.502182>, 0.100000
	pigment { color rgbt <1,0,0,0> }
	no_shadow
}

// particle -1
sphere {
	<27.470633, 38.135971, 33.672924> 0.100000
	pigment { color rgbt <1,0,0,0> }
	no_shadow
}
sphere {
	0, 1
	scale<0.080000,0.200000,0.300000>
	matrix <-0.400227, 0.912379, -0.085921,
		-0.423541, -0.101016, 0.900227,
		0.812669, 0.396686, 0.426860,
		27.714434, 38.254978, 33.800983>
	pigment { color rgbt <0,1,1,0> }
	no_shadow
}
cylinder {
	<27.086826, 38.545662, 34.005890>,  <27.145565, 37.977295, 33.502182>, 0.130000
	pigment { color rgbt <1,0,0,0> }
	no_shadow
}

// nucleotide -1

// particle -1
sphere {
	<27.086826, 38.545662, 34.005890> 0.250000
	pigment { color rgbt <1,0,0,0> }
	no_shadow
}
cylinder {
	<26.940569, 38.217434, 34.181606>,  <26.852816, 38.020496, 34.287037>, 0.100000
	pigment { color rgbt <1,0,0,0> }
	no_shadow
}
cylinder {
	<26.940569, 38.217434, 34.181606>,  <27.086826, 38.545662, 34.005890>, 0.100000
	pigment { color rgbt <1,0,0,0> }
	no_shadow
}

// particle -1
sphere {
	<26.940569, 38.217434, 34.181606> 0.100000
	pigment { color rgbt <1,0,0,0> }
	no_shadow
}
sphere {
	0, 1
	scale<0.080000,0.200000,0.300000>
	matrix <0.845555, -0.490117, -0.211712,
		0.389029, 0.294035, 0.873041,
		-0.365641, -0.820566, 0.439293,
		26.830877, 37.971264, 34.313393>
	pigment { color rgbt <0,1,1,0> }
	no_shadow
}
cylinder {
	<27.536337, 38.325367, 34.559349>,  <27.086826, 38.545662, 34.005890>, 0.130000
	pigment { color rgbt <1,0,0,0> }
	no_shadow
}

// nucleotide -1

// particle -1
sphere {
	<27.536337, 38.325367, 34.559349> 0.250000
	pigment { color rgbt <1,0,0,0> }
	no_shadow
}
cylinder {
	<27.332769, 38.037640, 34.370209>,  <27.210629, 37.865002, 34.256725>, 0.100000
	pigment { color rgbt <1,0,0,0> }
	no_shadow
}
cylinder {
	<27.332769, 38.037640, 34.370209>,  <27.536337, 38.325367, 34.559349>, 0.100000
	pigment { color rgbt <1,0,0,0> }
	no_shadow
}

// particle -1
sphere {
	<27.332769, 38.037640, 34.370209> 0.100000
	pigment { color rgbt <1,0,0,0> }
	no_shadow
}
sphere {
	0, 1
	scale<0.080000,0.200000,0.300000>
	matrix <0.825455, -0.563615, -0.031025,
		-0.244188, -0.406105, 0.880597,
		-0.508917, -0.719317, -0.472850,
		27.180094, 37.821846, 34.228355>
	pigment { color rgbt <0,1,1,0> }
	no_shadow
}
cylinder {
	<27.569052, 37.562454, 34.830433>,  <27.536337, 38.325367, 34.559349>, 0.130000
	pigment { color rgbt <1,0,0,0> }
	no_shadow
}

// nucleotide -1

// particle -1
sphere {
	<27.569052, 37.562454, 34.830433> 0.250000
	pigment { color rgbt <1,0,0,0> }
	no_shadow
}
cylinder {
	<27.504425, 37.542820, 34.436176>,  <27.465649, 37.531040, 34.199623>, 0.100000
	pigment { color rgbt <1,0,0,0> }
	no_shadow
}
cylinder {
	<27.504425, 37.542820, 34.436176>,  <27.569052, 37.562454, 34.830433>, 0.100000
	pigment { color rgbt <1,0,0,0> }
	no_shadow
}

// particle -1
sphere {
	<27.504425, 37.542820, 34.436176> 0.100000
	pigment { color rgbt <1,0,0,0> }
	no_shadow
}
sphere {
	0, 1
	scale<0.080000,0.200000,0.300000>
	matrix <0.783845, -0.613182, -0.097954,
		-0.599569, -0.788415, 0.137546,
		-0.161569, -0.049085, -0.985640,
		27.455954, 37.528095, 34.140484>
	pigment { color rgbt <0,1,1,0> }
	no_shadow
}
cylinder {
	<27.393425, 36.843285, 34.482838>,  <27.569052, 37.562454, 34.830433>, 0.130000
	pigment { color rgbt <1,0,0,0> }
	no_shadow
}

// nucleotide -1

// particle -1
sphere {
	<27.393425, 36.843285, 34.482838> 0.250000
	pigment { color rgbt <1,0,0,0> }
	no_shadow
}
cylinder {
	<27.605146, 37.073563, 34.233543>,  <27.732180, 37.211727, 34.083969>, 0.100000
	pigment { color rgbt <1,0,0,0> }
	no_shadow
}
cylinder {
	<27.605146, 37.073563, 34.233543>,  <27.393425, 36.843285, 34.482838>, 0.100000
	pigment { color rgbt <1,0,0,0> }
	no_shadow
}

// particle -1
sphere {
	<27.605146, 37.073563, 34.233543> 0.100000
	pigment { color rgbt <1,0,0,0> }
	no_shadow
}
sphere {
	0, 1
	scale<0.080000,0.200000,0.300000>
	matrix <0.591509, -0.777002, -0.215372,
		-0.608241, -0.254650, -0.751795,
		0.529302, 0.575692, -0.623232,
		27.763937, 37.246269, 34.046574>
	pigment { color rgbt <0,1,1,0> }
	no_shadow
}
cylinder {
	<27.462934, 36.445633, 33.932758>,  <27.393425, 36.843285, 34.482838>, 0.130000
	pigment { color rgbt <1,0,0,0> }
	no_shadow
}

// nucleotide -1

// particle -1
sphere {
	<27.462934, 36.445633, 33.932758> 0.250000
	pigment { color rgbt <1,0,0,0> }
	no_shadow
}
cylinder {
	<27.764925, 36.706802, 33.908405>,  <27.946119, 36.863503, 33.893795>, 0.100000
	pigment { color rgbt <1,0,0,0> }
	no_shadow
}
cylinder {
	<27.764925, 36.706802, 33.908405>,  <27.462934, 36.445633, 33.932758>, 0.100000
	pigment { color rgbt <1,0,0,0> }
	no_shadow
}

// particle -1
sphere {
	<27.764925, 36.706802, 33.908405> 0.100000
	pigment { color rgbt <1,0,0,0> }
	no_shadow
}
sphere {
	0, 1
	scale<0.080000,0.200000,0.300000>
	matrix <0.626585, -0.745657, -0.226687,
		-0.193405, 0.132996, -0.972063,
		0.754974, 0.652923, -0.060881,
		27.991417, 36.902679, 33.890141>
	pigment { color rgbt <0,1,1,0> }
	no_shadow
}
cylinder {
	<27.851767, 36.229946, 33.401531>,  <27.462934, 36.445633, 33.932758>, 0.130000
	pigment { color rgbt <1,0,0,0> }
	no_shadow
}

// nucleotide -1

// particle -1
sphere {
	<27.851767, 36.229946, 33.401531> 0.250000
	pigment { color rgbt <1,0,0,0> }
	no_shadow
}
cylinder {
	<28.101545, 36.466389, 33.605751>,  <28.251413, 36.608253, 33.728283>, 0.100000
	pigment { color rgbt <1,0,0,0> }
	no_shadow
}
cylinder {
	<28.101545, 36.466389, 33.605751>,  <27.851767, 36.229946, 33.401531>, 0.100000
	pigment { color rgbt <1,0,0,0> }
	no_shadow
}

// particle -1
sphere {
	<28.101545, 36.466389, 33.605751> 0.100000
	pigment { color rgbt <1,0,0,0> }
	no_shadow
}
sphere {
	0, 1
	scale<0.080000,0.200000,0.300000>
	matrix <0.634868, -0.764883, 0.109072,
		0.454981, 0.256019, -0.852905,
		0.624448, 0.591108, 0.510545,
		28.288879, 36.643723, 33.758915>
	pigment { color rgbt <0,1,1,0> }
	no_shadow
}
cylinder {
	<28.570229, 36.093056, 33.164028>,  <27.851767, 36.229946, 33.401531>, 0.130000
	pigment { color rgbt <1,0,0,0> }
	no_shadow
}

// nucleotide -1

// particle -1
sphere {
	<28.570229, 36.093056, 33.164028> 0.250000
	pigment { color rgbt <1,0,0,0> }
	no_shadow
}
cylinder {
	<28.624796, 36.249084, 33.528278>,  <28.657536, 36.342701, 33.746826>, 0.100000
	pigment { color rgbt <1,0,0,0> }
	no_shadow
}
cylinder {
	<28.624796, 36.249084, 33.528278>,  <28.570229, 36.093056, 33.164028>, 0.100000
	pigment { color rgbt <1,0,0,0> }
	no_shadow
}

// particle -1
sphere {
	<28.624796, 36.249084, 33.528278> 0.100000
	pigment { color rgbt <1,0,0,0> }
	no_shadow
}
sphere {
	0, 1
	scale<0.080000,0.200000,0.300000>
	matrix <0.665685, -0.716848, 0.207345,
		0.733658, 0.577901, -0.357459,
		0.136419, 0.390076, 0.910621,
		28.665722, 36.366108, 33.801464>
	pigment { color rgbt <0,1,1,0> }
	no_shadow
}
cylinder {
	<29.217463, 36.424999, 33.271976>,  <28.570229, 36.093056, 33.164028>, 0.130000
	pigment { color rgbt <1,0,0,0> }
	no_shadow
}

// nucleotide -1

// particle -1
sphere {
	<29.217463, 36.424999, 33.271976> 0.250000
	pigment { color rgbt <1,0,0,0> }
	no_shadow
}
cylinder {
	<29.080679, 36.270042, 33.614437>,  <28.998610, 36.177067, 33.819912>, 0.100000
	pigment { color rgbt <1,0,0,0> }
	no_shadow
}
cylinder {
	<29.080679, 36.270042, 33.614437>,  <29.217463, 36.424999, 33.271976>, 0.100000
	pigment { color rgbt <1,0,0,0> }
	no_shadow
}

// particle -1
sphere {
	<29.080679, 36.270042, 33.614437> 0.100000
	pigment { color rgbt <1,0,0,0> }
	no_shadow
}
sphere {
	0, 1
	scale<0.080000,0.200000,0.300000>
	matrix <0.697371, -0.715289, -0.045116,
