// switches for output
#declare DRAW_BASES = 1; // possible values are 0, 1; only relevant for DNA ribbons
#declare DRAW_BASES_TYPE = 3; // possible values are 1, 2, 3; only relevant for DNA ribbons
#declare DRAW_FOG = 0; // set to 1 to enable fog

#include "colors.inc"

#include "transforms.inc"
background { rgb <1, 1, 1>}

#default {
   normal{
       ripples 0.25
       frequency 0.20
       turbulence 0.2
       lambda 5
   }
	finish {
		phong 0.1
		phong_size 40.
	}
}

// original window dimensions: 1024x640


// camera settings

camera {
	sky <0, 0.179814, -0.983701>
	up <0, 0.179814, -0.983701>
	right 1.6 * <1, 0, 0>
	location <35, 94.9851, 44.8844>
	look_at <35, 29.7336, 32.9568>
	direction <0, -65.2515, -11.9276>
	angle 67.0682
}


# declare cpy_camera_pos = <35, 94.9851, 44.8844>;
# if (DRAW_FOG = 1)
fog {
	fog_type 2
	up vnormalize(cpy_camera_pos)
	color rgbt<1,1,1,0.3>
	distance 1e-5
	fog_alt 3e-3
	fog_offset 56
}
# end


// LIGHTS

# declare lum = 6;
global_settings {
	ambient_light rgb lum * <0.05, 0.05, 0.05>
	max_trace_level 15
}# declare cpy_direct_light_amount = 0.25;
light_source
{	1000 * <-1, -1.16352, -0.803886>,
	rgb lum * cpy_direct_light_amount
	parallel
}

light_source
{	1000 * <1, 1.16352, 0.803886>,
	rgb lum * cpy_direct_light_amount
	parallel
}

// strand 0

// nucleotide -1

// particle -1
sphere {
	<23.996273, 34.720001, 35.179569> 0.250000
	pigment { color rgbt <1,0,0,0> }
	no_shadow
}
cylinder {
	<24.141640, 34.900116, 34.853340>,  <24.228861, 35.008186, 34.657600>, 0.100000
	pigment { color rgbt <1,0,0,0> }
	no_shadow
}
cylinder {
	<24.141640, 34.900116, 34.853340>,  <23.996273, 34.720001, 35.179569>, 0.100000
	pigment { color rgbt <1,0,0,0> }
	no_shadow
}

// particle -1
sphere {
	<24.141640, 34.900116, 34.853340> 0.100000
	pigment { color rgbt <1,0,0,0> }
	no_shadow
}
sphere {
	0, 1
	scale<0.080000,0.200000,0.300000>
	matrix <0.309477, 0.767369, 0.561577,
		0.878721, -0.456489, 0.139522,
		0.363419, 0.450291, -0.815576,
		24.250666, 35.035202, 34.608665>
	pigment { color rgbt <0,1,1,0> }
	no_shadow
}
cylinder {
	<24.694130, 34.919395, 35.401619>,  <23.996273, 34.720001, 35.179569>, 0.130000
	pigment { color rgbt <1,0,0,0> }
	no_shadow
}

// nucleotide -1

// particle -1
sphere {
	<24.694130, 34.919395, 35.401619> 0.250000
	pigment { color rgbt <1,0,0,0> }
	no_shadow
}
cylinder {
	<24.531044, 35.148170, 35.116901>,  <24.433191, 35.285435, 34.946072>, 0.100000
	pigment { color rgbt <1,0,0,0> }
	no_shadow
}
cylinder {
	<24.531044, 35.148170, 35.116901>,  <24.694130, 34.919395, 35.401619>, 0.100000
	pigment { color rgbt <1,0,0,0> }
	no_shadow
}

// particle -1
sphere {
	<24.531044, 35.148170, 35.116901> 0.100000
	pigment { color rgbt <1,0,0,0> }
	no_shadow
}
sphere {
	0, 1
	scale<0.080000,0.200000,0.300000>
	matrix <0.232890, 0.818884, 0.524587,
		0.882910, 0.048113, -0.467071,
		-0.407716, 0.571939, -0.711796,
		24.408730, 35.319752, 34.903362>
	pigment { color rgbt <0,1,1,0> }
	no_shadow
}
cylinder {
	<25.209829, 35.289711, 34.942299>,  <24.694130, 34.919395, 35.401619>, 0.130000
	pigment { color rgbt <1,0,0,0> }
	no_shadow
}

// nucleotide -1

// particle -1
sphere {
	<25.209829, 35.289711, 34.942299> 0.250000
	pigment { color rgbt <1,0,0,0> }
	no_shadow
}
cylinder {
	<24.868315, 35.480427, 35.025932>,  <24.663406, 35.594856, 35.076111>, 0.100000
	pigment { color rgbt <1,0,0,0> }
	no_shadow
}
cylinder {
	<24.868315, 35.480427, 35.025932>,  <25.209829, 35.289711, 34.942299>, 0.100000
	pigment { color rgbt <1,0,0,0> }
	no_shadow
}

// particle -1
sphere {
	<24.868315, 35.480427, 35.025932> 0.100000
	pigment { color rgbt <1,0,0,0> }
	no_shadow
}
sphere {
	0, 1
	scale<0.080000,0.200000,0.300000>
	matrix <0.511127, 0.691309, 0.510726,
		0.098969, 0.542919, -0.833933,
		-0.853788, 0.476792, 0.209083,
		24.612179, 35.623463, 35.088657>
	pigment { color rgbt <0,1,1,0> }
	no_shadow
}
cylinder {
	<25.531633, 35.388241, 35.579781>,  <25.209829, 35.289711, 34.942299>, 0.130000
	pigment { color rgbt <1,0,0,0> }
	no_shadow
}

// nucleotide -1

// particle -1
sphere {
	<25.531633, 35.388241, 35.579781> 0.250000
	pigment { color rgbt <1,0,0,0> }
	no_shadow
}
cylinder {
	<25.819391, 35.275642, 35.325779>,  <25.992046, 35.208084, 35.173378>, 0.100000
	pigment { color rgbt <1,0,0,0> }
	no_shadow
}
cylinder {
	<25.819391, 35.275642, 35.325779>,  <25.531633, 35.388241, 35.579781>, 0.100000
	pigment { color rgbt <1,0,0,0> }
	no_shadow
}

// particle -1
sphere {
	<25.819391, 35.275642, 35.325779> 0.100000
	pigment { color rgbt <1,0,0,0> }
	no_shadow
}
sphere {
	0, 1
	scale<0.080000,0.200000,0.300000>
	matrix <-0.057815, 0.886760, -0.458599,
		0.692189, 0.366628, 0.621658,
		0.719397, -0.281496, -0.635003,
		26.035210, 35.191193, 35.135277>
	pigment { color rgbt <0,1,1,0> }
	no_shadow
}
cylinder {
	<26.153397, 35.812206, 35.581669>,  <25.531633, 35.388241, 35.579781>, 0.130000
	pigment { color rgbt <1,0,0,0> }
	no_shadow
}

// nucleotide -1

// particle -1
sphere {
	<26.153397, 35.812206, 35.581669> 0.250000
	pigment { color rgbt <1,0,0,0> }
	no_shadow
}
cylinder {
	<26.104696, 35.655724, 35.216782>,  <26.075476, 35.561836, 34.997849>, 0.100000
	pigment { color rgbt <1,0,0,0> }
	no_shadow
}
cylinder {
	<26.104696, 35.655724, 35.216782>,  <26.153397, 35.812206, 35.581669>, 0.100000
	pigment { color rgbt <1,0,0,0> }
	no_shadow
}

// particle -1
sphere {
	<26.104696, 35.655724, 35.216782> 0.100000
	pigment { color rgbt <1,0,0,0> }
	no_shadow
}
sphere {
	0, 1
	scale<0.080000,0.200000,0.300000>
	matrix <0.105084, 0.908807, -0.403766,
		0.986982, -0.145019, -0.069539,
		-0.121751, -0.391202, -0.912215,
		26.068171, 35.538364, 34.943115>
	pigment { color rgbt <0,1,1,0> }
	no_shadow
}
cylinder {
	<25.803032, 35.913944, 36.240784>,  <26.153397, 35.812206, 35.581669>, 0.130000
	pigment { color rgbt <1,0,0,0> }
	no_shadow
}

// nucleotide -1

// particle -1
sphere {
	<25.803032, 35.913944, 36.240784> 0.250000
	pigment { color rgbt <1,0,0,0> }
	no_shadow
}
cylinder {
	<25.578894, 36.242271, 36.196465>,  <25.444410, 36.439266, 36.169872>, 0.100000
	pigment { color rgbt <1,0,0,0> }
	no_shadow
}
cylinder {
	<25.578894, 36.242271, 36.196465>,  <25.803032, 35.913944, 36.240784>, 0.100000
	pigment { color rgbt <1,0,0,0> }
	no_shadow
}

// particle -1
sphere {
	<25.578894, 36.242271, 36.196465> 0.100000
	pigment { color rgbt <1,0,0,0> }
	no_shadow
}
sphere {
	0, 1
	scale<0.080000,0.200000,0.300000>
	matrix <0.274644, 0.310335, 0.910089,
		0.781399, 0.479535, -0.399327,
		-0.560345, 0.820815, -0.110794,
		25.410789, 36.488518, 36.163227>
	pigment { color rgbt <0,1,1,0> }
	no_shadow
}
cylinder {
	<26.278772, 36.412815, 36.293461>,  <25.803032, 35.913944, 36.240784>, 0.130000
	pigment { color rgbt <1,0,0,0> }
	no_shadow
}

// nucleotide -1

// particle -1
sphere {
	<26.278772, 36.412815, 36.293461> 0.250000
	pigment { color rgbt <1,0,0,0> }
	no_shadow
}
cylinder {
	<25.920418, 36.564655, 36.385803>,  <25.705406, 36.655762, 36.441208>, 0.100000
	pigment { color rgbt <1,0,0,0> }
	no_shadow
}
cylinder {
	<25.920418, 36.564655, 36.385803>,  <26.278772, 36.412815, 36.293461>, 0.100000
	pigment { color rgbt <1,0,0,0> }
	no_shadow
}

// particle -1
sphere {
	<25.920418, 36.564655, 36.385803> 0.100000
	pigment { color rgbt <1,0,0,0> }
	no_shadow
}
sphere {
	0, 1
	scale<0.080000,0.200000,0.300000>
	matrix <0.404209, 0.480737, 0.778143,
		0.184406, 0.790439, -0.584123,
		-0.895885, 0.379602, 0.230852,
		25.651653, 36.678535, 36.455059>
	pigment { color rgbt <0,1,1,0> }
	no_shadow
}
cylinder {
	<26.293715, 37.138691, 36.199577>,  <26.278772, 36.412815, 36.293461>, 0.130000
	pigment { color rgbt <1,0,0,0> }
	no_shadow
}

// nucleotide -1

// particle -1
sphere {
	<26.293715, 37.138691, 36.199577> 0.250000
	pigment { color rgbt <1,0,0,0> }
	no_shadow
}
cylinder {
	<26.066772, 36.992920, 36.494957>,  <25.930607, 36.905457, 36.672184>, 0.100000
	pigment { color rgbt <1,0,0,0> }
	no_shadow
}
cylinder {
	<26.066772, 36.992920, 36.494957>,  <26.293715, 37.138691, 36.199577>, 0.100000
	pigment { color rgbt <1,0,0,0> }
	no_shadow
}

// particle -1
sphere {
	<26.066772, 36.992920, 36.494957> 0.100000
	pigment { color rgbt <1,0,0,0> }
	no_shadow
}
sphere {
	0, 1
	scale<0.080000,0.200000,0.300000>
	matrix <0.618637, 0.403240, 0.674303,
		-0.543506, 0.839399, -0.003332,
		-0.567353, -0.364426, 0.738447,
		25.896566, 36.883591, 36.716492>
	pigment { color rgbt <0,1,1,0> }
	no_shadow
}
cylinder {
	<26.289125, 37.630062, 36.602779>,  <26.293715, 37.138691, 36.199577>, 0.130000
	pigment { color rgbt <1,0,0,0> }
	no_shadow
}

// nucleotide -1

// particle -1
sphere {
	<26.289125, 37.630062, 36.602779> 0.250000
	pigment { color rgbt <1,0,0,0> }
	no_shadow
}
cylinder {
	<26.188021, 37.346085, 36.865715>,  <26.127357, 37.175697, 37.023476>, 0.100000
	pigment { color rgbt <1,0,0,0> }
	no_shadow
}
cylinder {
	<26.188021, 37.346085, 36.865715>,  <26.289125, 37.630062, 36.602779>, 0.100000
	pigment { color rgbt <1,0,0,0> }
	no_shadow
}

// particle -1
sphere {
	<26.188021, 37.346085, 36.865715> 0.100000
	pigment { color rgbt <1,0,0,0> }
	no_shadow
}
sphere {
	0, 1
	scale<0.080000,0.200000,0.300000>
	matrix <0.712954, 0.322621, 0.622585,
		-0.654070, 0.626019, 0.424608,
		-0.252763, -0.709940, 0.657340,
		26.112192, 37.133102, 37.062916>
	pigment { color rgbt <0,1,1,0> }
	no_shadow
}
cylinder {
	<26.275110, 37.939384, 37.348248>,  <26.289125, 37.630062, 36.602779>, 0.130000
	pigment { color rgbt <1,0,0,0> }
	no_shadow
}

// nucleotide -1

// particle -1
sphere {
	<26.275110, 37.939384, 37.348248> 0.250000
	pigment { color rgbt <1,0,0,0> }
	no_shadow
}
cylinder {
	<26.322109, 37.544899, 37.394863>,  <26.350309, 37.308208, 37.422832>, 0.100000
	pigment { color rgbt <1,0,0,0> }
	no_shadow
}
cylinder {
	<26.322109, 37.544899, 37.394863>,  <26.275110, 37.939384, 37.348248>, 0.100000
	pigment { color rgbt <1,0,0,0> }
	no_shadow
}

// particle -1
sphere {
	<26.322109, 37.544899, 37.394863> 0.100000
	pigment { color rgbt <1,0,0,0> }
	no_shadow
}
sphere {
	0, 1
	scale<0.080000,0.200000,0.300000>
	matrix <0.728479, 0.165348, 0.664815,
		-0.674917, 0.006779, 0.737862,
		0.117497, -0.986212, 0.116535,
		26.357359, 37.249035, 37.429825>
	pigment { color rgbt <0,1,1,0> }
	no_shadow
}
cylinder {
	<26.375967, 37.849762, 38.119591>,  <26.275110, 37.939384, 37.348248>, 0.130000
	pigment { color rgbt <1,0,0,0> }
	no_shadow
}

// nucleotide -1

// particle -1
sphere {
	<26.375967, 37.849762, 38.119591> 0.250000
	pigment { color rgbt <1,0,0,0> }
	no_shadow
}
cylinder {
	<26.561478, 37.561913, 37.912880>,  <26.672785, 37.389202, 37.788853>, 0.100000
	pigment { color rgbt <1,0,0,0> }
	no_shadow
}
cylinder {
	<26.561478, 37.561913, 37.912880>,  <26.375967, 37.849762, 38.119591>, 0.100000
	pigment { color rgbt <1,0,0,0> }
	no_shadow
}

// particle -1
sphere {
	<26.561478, 37.561913, 37.912880> 0.100000
	pigment { color rgbt <1,0,0,0> }
	no_shadow
}
sphere {
	0, 1
	scale<0.080000,0.200000,0.300000>
	matrix <0.757715, 0.019906, 0.652282,
		-0.459108, -0.694083, 0.554498,
		0.463776, -0.719620, -0.516778,
		26.700611, 37.346027, 37.757847>
	pigment { color rgbt <0,1,1,0> }
	no_shadow
}
cylinder {
	<26.755482, 37.491055, 38.643112>,  <26.375967, 37.849762, 38.119591>, 0.130000
	pigment { color rgbt <1,0,0,0> }
	no_shadow
}

// nucleotide -1

// particle -1
sphere {
	<26.755482, 37.491055, 38.643112> 0.250000
	pigment { color rgbt <1,0,0,0> }
	no_shadow
}
cylinder {
	<26.898251, 37.368641, 38.290081>,  <26.983912, 37.295193, 38.078262>, 0.100000
	pigment { color rgbt <1,0,0,0> }
	no_shadow
}
cylinder {
	<26.898251, 37.368641, 38.290081>,  <26.755482, 37.491055, 38.643112>, 0.100000
	pigment { color rgbt <1,0,0,0> }
	no_shadow
}

// particle -1
sphere {
	<26.898251, 37.368641, 38.290081> 0.100000
	pigment { color rgbt <1,0,0,0> }
	no_shadow
}
sphere {
	0, 1
	scale<0.080000,0.200000,0.300000>
	matrix <0.880239, -0.206093, 0.427439,
		-0.312706, -0.929444, 0.195827,
		0.356923, -0.306037, -0.882580,
		27.005327, 37.276829, 38.025307>
	pigment { color rgbt <0,1,1,0> }
	no_shadow
}
cylinder {
	<27.118010, 36.880795, 38.771355>,  <26.755482, 37.491055, 38.643112>, 0.130000
	pigment { color rgbt <1,0,0,0> }
	no_shadow
}

// nucleotide -1

// particle -1
sphere {
	<27.118010, 36.880795, 38.771355> 0.250000
	pigment { color rgbt <1,0,0,0> }
	no_shadow
}
cylinder {
	<27.258429, 36.985516, 38.411747>,  <27.342680, 37.048347, 38.195984>, 0.100000
	pigment { color rgbt <1,0,0,0> }
	no_shadow
}
cylinder {
	<27.258429, 36.985516, 38.411747>,  <27.118010, 36.880795, 38.771355>, 0.100000
	pigment { color rgbt <1,0,0,0> }
	no_shadow
}

// particle -1
sphere {
	<27.258429, 36.985516, 38.411747> 0.100000
	pigment { color rgbt <1,0,0,0> }
	no_shadow
}
sphere {
	0, 1
	scale<0.080000,0.200000,0.300000>
	matrix <0.936347, -0.102601, 0.335748,
		-0.004342, -0.959654, -0.281152,
		0.351048, 0.261798, -0.899014,
		27.363743, 37.064056, 38.142044>
	pigment { color rgbt <0,1,1,0> }
	no_shadow
}
cylinder {
	<27.632421, 36.376804, 38.484020>,  <27.118010, 36.880795, 38.771355>, 0.130000
	pigment { color rgbt <1,0,0,0> }
	no_shadow
}

// nucleotide -1

// particle -1
sphere {
	<27.632421, 36.376804, 38.484020> 0.250000
	pigment { color rgbt <1,0,0,0> }
	no_shadow
}
cylinder {
	<27.705778, 36.706524, 38.269772>,  <27.749792, 36.904358, 38.141220>, 0.100000
	pigment { color rgbt <1,0,0,0> }
	no_shadow
}
cylinder {
	<27.705778, 36.706524, 38.269772>,  <27.632421, 36.376804, 38.484020>, 0.100000
	pigment { color rgbt <1,0,0,0> }
	no_shadow
}

// particle -1
sphere {
	<27.705778, 36.706524, 38.269772> 0.100000
	pigment { color rgbt <1,0,0,0> }
	no_shadow
}
sphere {
	0, 1
	scale<0.080000,0.200000,0.300000>
	matrix <0.969265, -0.060728, 0.238404,
		0.163990, -0.562883, -0.810105,
		0.183390, 0.824302, -0.535625,
		27.760796, 36.953815, 38.109085>
	pigment { color rgbt <0,1,1,0> }
	no_shadow
}
cylinder {
	<28.139750, 36.291737, 38.031700>,  <27.632421, 36.376804, 38.484020>, 0.130000
	pigment { color rgbt <1,0,0,0> }
	no_shadow
}

// nucleotide -1

// particle -1
sphere {
	<28.139750, 36.291737, 38.031700> 0.250000
	pigment { color rgbt <1,0,0,0> }
	no_shadow
}
cylinder {
	<28.130610, 36.683372, 38.112553>,  <28.125126, 36.918354, 38.161064>, 0.100000
	pigment { color rgbt <1,0,0,0> }
	no_shadow
}
cylinder {
	<28.130610, 36.683372, 38.112553>,  <28.139750, 36.291737, 38.031700>, 0.100000
	pigment { color rgbt <1,0,0,0> }
	no_shadow
}

// particle -1
sphere {
	<28.130610, 36.683372, 38.112553> 0.100000
	pigment { color rgbt <1,0,0,0> }
	no_shadow
}
sphere {
	0, 1
	scale<0.080000,0.200000,0.300000>
	matrix <0.994069, 0.000748, 0.108748,
		0.106323, 0.203415, -0.973302,
		-0.022849, 0.979092, 0.202129,
		28.123755, 36.977100, 38.173191>
	pigment { color rgbt <0,1,1,0> }
	no_shadow
}
cylinder {
	<27.700371, 36.674896, 37.479660>,  <28.139750, 36.291737, 38.031700>, 0.130000
	pigment { color rgbt <1,0,0,0> }
	no_shadow
}

// nucleotide -1

// particle -1
sphere {
	<27.700371, 36.674896, 37.479660> 0.250000
	pigment { color rgbt <1,0,0,0> }
	no_shadow
}
cylinder {
	<27.391151, 36.766224, 37.716393>,  <27.205620, 36.821022, 37.858433>, 0.100000
	pigment { color rgbt <1,0,0,0> }
	no_shadow
}
cylinder {
	<27.391151, 36.766224, 37.716393>,  <27.700371, 36.674896, 37.479660>, 0.100000
	pigment { color rgbt <1,0,0,0> }
	no_shadow
}

// particle -1
sphere {
	<27.391151, 36.766224, 37.716393> 0.100000
	pigment { color rgbt <1,0,0,0> }
	no_shadow
}
sphere {
	0, 1
	scale<0.080000,0.200000,0.300000>
	matrix <-0.634180, -0.256884, -0.729264,
		-0.014473, -0.939085, 0.343379,
		-0.773050, 0.228319, 0.591832,
		27.159237, 36.834721, 37.893944>
	pigment { color rgbt <0,1,1,0> }
	no_shadow
}
cylinder {
	<27.137211, 36.214931, 37.202946>,  <27.700371, 36.674896, 37.479660>, 0.130000
	pigment { color rgbt <1,0,0,0> }
	no_shadow
}

// nucleotide -1

// particle -1
sphere {
	<27.137211, 36.214931, 37.202946> 0.250000
	pigment { color rgbt <1,0,0,0> }
	no_shadow
}
cylinder {
	<26.988970, 36.528854, 37.401634>,  <26.900026, 36.717209, 37.520847>, 0.100000
	pigment { color rgbt <1,0,0,0> }
	no_shadow
}
cylinder {
	<26.988970, 36.528854, 37.401634>,  <27.137211, 36.214931, 37.202946>, 0.100000
	pigment { color rgbt <1,0,0,0> }
	no_shadow
}

// particle -1
sphere {
	<26.988970, 36.528854, 37.401634> 0.100000
	pigment { color rgbt <1,0,0,0> }
	no_shadow
}
sphere {
	0, 1
	scale<0.080000,0.200000,0.300000>
	matrix <-0.876526, -0.118650, -0.466502,
		-0.307177, -0.608278, 0.731875,
		-0.370600, 0.784806, 0.496724,
		26.877790, 36.764297, 37.550652>
	pigment { color rgbt <0,1,1,0> }
	no_shadow
}
cylinder {
	<26.459375, 35.980209, 37.461601>,  <27.137211, 36.214931, 37.202946>, 0.130000
	pigment { color rgbt <1,0,0,0> }
	no_shadow
}

// nucleotide -1

// particle -1
sphere {
	<26.459375, 35.980209, 37.461601> 0.250000
	pigment { color rgbt <1,0,0,0> }
	no_shadow
}
cylinder {
	<26.429718, 36.378441, 37.484680>,  <26.411924, 36.617378, 37.498528>, 0.100000
	pigment { color rgbt <1,0,0,0> }
	no_shadow
}
cylinder {
	<26.429718, 36.378441, 37.484680>,  <26.459375, 35.980209, 37.461601>, 0.100000
	pigment { color rgbt <1,0,0,0> }
	no_shadow
}

// particle -1
sphere {
	<26.429718, 36.378441, 37.484680> 0.100000
	pigment { color rgbt <1,0,0,0> }
	no_shadow
}
sphere {
	0, 1
	scale<0.080000,0.200000,0.300000>
	matrix <-0.985504, -0.064294, -0.156998,
		-0.152594, -0.068501, 0.985912,
		-0.074142, 0.995577, 0.057698,
		26.407475, 36.677113, 37.501991>
	pigment { color rgbt <0,1,1,0> }
	no_shadow
}
cylinder {
	<25.887577, 36.154865, 37.913605>,  <26.459375, 35.980209, 37.461601>, 0.130000
	pigment { color rgbt <1,0,0,0> }
	no_shadow
}

// nucleotide -1

// particle -1
sphere {
	<25.887577, 36.154865, 37.913605> 0.250000
	pigment { color rgbt <1,0,0,0> }
	no_shadow
}
cylinder {
	<25.954994, 36.438950, 37.640198>,  <25.995443, 36.609402, 37.476154>, 0.100000
	pigment { color rgbt <1,0,0,0> }
	no_shadow
}
cylinder {
	<25.954994, 36.438950, 37.640198>,  <25.887577, 36.154865, 37.913605>, 0.100000
	pigment { color rgbt <1,0,0,0> }
	no_shadow
}

// particle -1
sphere {
	<25.954994, 36.438950, 37.640198> 0.100000
	pigment { color rgbt <1,0,0,0> }
	no_shadow
}
sphere {
	0, 1
	scale<0.080000,0.200000,0.300000>
	matrix <-0.886224, -0.194386, -0.420501,
		-0.431510, 0.676621, 0.596643,
		0.168541, 0.710210, -0.683517,
		26.005556, 36.652012, 37.435143>
	pigment { color rgbt <0,1,1,0> }
	no_shadow
}
cylinder {
	<25.237396, 36.509155, 37.818130>,  <25.887577, 36.154865, 37.913605>, 0.130000
	pigment { color rgbt <1,0,0,0> }
	no_shadow
}

// nucleotide -1

// particle -1
sphere {
	<25.237396, 36.509155, 37.818130> 0.250000
	pigment { color rgbt <1,0,0,0> }
	no_shadow
}
cylinder {
	<25.447372, 36.598736, 37.489670>,  <25.573359, 36.652485, 37.292595>, 0.100000
	pigment { color rgbt <1,0,0,0> }
	no_shadow
}
cylinder {
	<25.447372, 36.598736, 37.489670>,  <25.237396, 36.509155, 37.818130>, 0.100000
	pigment { color rgbt <1,0,0,0> }
	no_shadow
}

// particle -1
sphere {
	<25.447372, 36.598736, 37.489670> 0.100000
	pigment { color rgbt <1,0,0,0> }
	no_shadow
}
sphere {
	0, 1
	scale<0.080000,0.200000,0.300000>
	matrix <-0.839669, -0.021600, -0.542668,
		-0.139266, 0.974362, 0.176704,
		0.524938, 0.223949, -0.821150,
		25.604855, 36.665920, 37.243324>
	pigment { color rgbt <0,1,1,0> }
	no_shadow
}
cylinder {
	<24.715771, 36.945175, 37.459000>,  <25.237396, 36.509155, 37.818130>, 0.130000
	pigment { color rgbt <1,0,0,0> }
	no_shadow
}

// nucleotide -1

// particle -1
sphere {
	<24.715771, 36.945175, 37.459000> 0.250000
	pigment { color rgbt <1,0,0,0> }
	no_shadow
}
cylinder {
	<25.016043, 36.859009, 37.209175>,  <25.196205, 36.807308, 37.059280>, 0.100000
	pigment { color rgbt <1,0,0,0> }
	no_shadow
}
cylinder {
	<25.016043, 36.859009, 37.209175>,  <24.715771, 36.945175, 37.459000>, 0.100000
	pigment { color rgbt <1,0,0,0> }
	no_shadow
}

// particle -1
sphere {
	<25.016043, 36.859009, 37.209175> 0.100000
	pigment { color rgbt <1,0,0,0> }
	no_shadow
}
sphere {
	0, 1
	scale<0.080000,0.200000,0.300000>
	matrix <-0.593338, 0.195952, -0.780738,
		0.290567, 0.956660, 0.019283,
		0.750680, -0.215415, -0.624560,
		25.241247, 36.794384, 37.021809>
	pigment { color rgbt <0,1,1,0> }
	no_shadow
}
cylinder {
	<24.523556, 37.187920, 36.803181>,  <24.715771, 36.945175, 37.459000>, 0.130000
	pigment { color rgbt <1,0,0,0> }
	no_shadow
}

// nucleotide -1

// particle -1
sphere {
	<24.523556, 37.187920, 36.803181> 0.250000
	pigment { color rgbt <1,0,0,0> }
	no_shadow
}
cylinder {
	<24.868740, 37.018208, 36.693428>,  <25.075850, 36.916378, 36.627575>, 0.100000
	pigment { color rgbt <1,0,0,0> }
	no_shadow
}
cylinder {
	<24.868740, 37.018208, 36.693428>,  <24.523556, 37.187920, 36.803181>, 0.100000
	pigment { color rgbt <1,0,0,0> }
	no_shadow
}

// particle -1
sphere {
	<24.868740, 37.018208, 36.693428> 0.100000
	pigment { color rgbt <1,0,0,0> }
	no_shadow
}
sphere {
	0, 1
	scale<0.080000,0.200000,0.300000>
	matrix <-0.302108, 0.002012, -0.953271,
		0.405010, 0.905527, -0.126444,
		0.862959, -0.424284, -0.274382,
		25.127628, 36.890923, 36.611115>
	pigment { color rgbt <0,1,1,0> }
	no_shadow
}
cylinder {
	<24.683983, 37.548367, 36.145557>,  <24.523556, 37.187920, 36.803181>, 0.130000
	pigment { color rgbt <1,0,0,0> }
	no_shadow
}

// nucleotide -1

// particle -1
sphere {
	<24.683983, 37.548367, 36.145557> 0.250000
	pigment { color rgbt <1,0,0,0> }
	no_shadow
}
cylinder {
	<24.899399, 37.211327, 36.145927>,  <25.028648, 37.009102, 36.146149>, 0.100000
	pigment { color rgbt <1,0,0,0> }
	no_shadow
}
cylinder {
	<24.899399, 37.211327, 36.145927>,  <24.683983, 37.548367, 36.145557>, 0.100000
	pigment { color rgbt <1,0,0,0> }
	no_shadow
}

// particle -1
sphere {
	<24.899399, 37.211327, 36.145927> 0.100000
	pigment { color rgbt <1,0,0,0> }
	no_shadow
}
sphere {
	0, 1
	scale<0.080000,0.200000,0.300000>
	matrix <-0.279637, -0.179760, -0.943128,
		0.794845, 0.507653, -0.332430,
		0.538540, -0.842600, 0.000923,
		25.060961, 36.958546, 36.146206>
	pigment { color rgbt <0,1,1,0> }
	no_shadow
}
cylinder {
	<25.245707, 37.501598, 35.600121>,  <24.683983, 37.548367, 36.145557>, 0.130000
	pigment { color rgbt <1,0,0,0> }
	no_shadow
}

// nucleotide -1

// particle -1
sphere {
	<25.245707, 37.501598, 35.600121> 0.250000
	pigment { color rgbt <1,0,0,0> }
	no_shadow
}
cylinder {
	<25.166059, 37.121620, 35.696415>,  <25.118271, 36.893635, 35.754192>, 0.100000
	pigment { color rgbt <1,0,0,0> }
	no_shadow
}
cylinder {
	<25.166059, 37.121620, 35.696415>,  <25.245707, 37.501598, 35.600121>, 0.100000
	pigment { color rgbt <1,0,0,0> }
	no_shadow
}

// particle -1
sphere {
	<25.166059, 37.121620, 35.696415> 0.100000
	pigment { color rgbt <1,0,0,0> }
	no_shadow
}
sphere {
	0, 1
	scale<0.080000,0.200000,0.300000>
	matrix <-0.166071, -0.209395, -0.963626,
		0.965801, -0.231856, -0.116064,
		-0.199120, -0.949945, 0.240739,
		25.106323, 36.836636, 35.768635>
	pigment { color rgbt <0,1,1,0> }
	no_shadow
}
cylinder {
	<25.653131, 37.008503, 35.205070>,  <25.245707, 37.501598, 35.600121>, 0.130000
	pigment { color rgbt <1,0,0,0> }
	no_shadow
}

// nucleotide -1

// particle -1
sphere {
	<25.653131, 37.008503, 35.205070> 0.250000
	pigment { color rgbt <1,0,0,0> }
	no_shadow
}
cylinder {
	<25.302504, 36.849155, 35.313095>,  <25.092127, 36.753548, 35.377911>, 0.100000
	pigment { color rgbt <1,0,0,0> }
	no_shadow
}
cylinder {
	<25.302504, 36.849155, 35.313095>,  <25.653131, 37.008503, 35.205070>, 0.100000
	pigment { color rgbt <1,0,0,0> }
	no_shadow
}

// particle -1
sphere {
	<25.302504, 36.849155, 35.313095> 0.100000
	pigment { color rgbt <1,0,0,0> }
	no_shadow
}
sphere {
	0, 1
	scale<0.080000,0.200000,0.300000>
	matrix <-0.260984, -0.078013, -0.962186,
		0.404370, -0.913903, -0.035583,
		-0.876568, -0.398365, 0.270061,
		25.039534, 36.729645, 35.394112>
	pigment { color rgbt <0,1,1,0> }
	no_shadow
}
cylinder {
	<25.591230, 36.270233, 35.097481>,  <25.653131, 37.008503, 35.205070>, 0.130000
	pigment { color rgbt <1,0,0,0> }
	no_shadow
}

// nucleotide -1

// particle -1
sphere {
	<25.591230, 36.270233, 35.097481> 0.250000
	pigment { color rgbt <1,0,0,0> }
	no_shadow
}
cylinder {
	<25.272861, 36.501335, 35.025143>,  <25.081841, 36.639996, 34.981739>, 0.100000
	pigment { color rgbt <1,0,0,0> }
	no_shadow
}
cylinder {
	<25.272861, 36.501335, 35.025143>,  <25.591230, 36.270233, 35.097481>, 0.100000
	pigment { color rgbt <1,0,0,0> }
	no_shadow
}

// particle -1
sphere {
	<25.272861, 36.501335, 35.025143> 0.100000
	pigment { color rgbt <1,0,0,0> }
	no_shadow
}
sphere {
	0, 1
	scale<0.080000,0.200000,0.300000>
	matrix <0.063831, -0.216962, -0.974091,
		-0.602023, -0.786845, 0.135806,
		-0.795924, 0.577756, -0.180841,
		25.034084, 36.674664, 34.970890>
	pigment { color rgbt <0,1,1,0> }
	no_shadow
}
cylinder {
	<25.646267, 35.749550, 34.470703>,  <25.591230, 36.270233, 35.097481>, 0.130000
	pigment { color rgbt <1,0,0,0> }
	no_shadow
}

// nucleotide -1

// particle -1
sphere {
	<25.646267, 35.749550, 34.470703> 0.250000
	pigment { color rgbt <1,0,0,0> }
	no_shadow
}
cylinder {
	<25.982670, 35.543148, 34.535755>,  <26.184511, 35.419308, 34.574787>, 0.100000
	pigment { color rgbt <1,0,0,0> }
	no_shadow
}
cylinder {
	<25.982670, 35.543148, 34.535755>,  <25.646267, 35.749550, 34.470703>, 0.100000
	pigment { color rgbt <1,0,0,0> }
	no_shadow
}

// particle -1
sphere {
	<25.982670, 35.543148, 34.535755> 0.100000
	pigment { color rgbt <1,0,0,0> }
	no_shadow
}
sphere {
	0, 1
	scale<0.080000,0.200000,0.300000>
	matrix <0.204906, 0.025581, -0.978447,
		0.500723, 0.856204, 0.127246,
		0.841005, -0.516004, 0.162632,
		26.234972, 35.388348, 34.584545>
	pigment { color rgbt <0,1,1,0> }
	no_shadow
}
cylinder {
	<26.350311, 36.025990, 34.252026>,  <25.646267, 35.749550, 34.470703>, 0.130000
	pigment { color rgbt <1,0,0,0> }
	no_shadow
}

// nucleotide -1

// particle -1
sphere {
	<26.350311, 36.025990, 34.252026> 0.250000
	pigment { color rgbt <1,0,0,0> }
	no_shadow
}
cylinder {
	<26.342716, 35.638744, 34.152115>,  <26.338160, 35.406395, 34.092167>, 0.100000
	pigment { color rgbt <1,0,0,0> }
	no_shadow
}
cylinder {
	<26.342716, 35.638744, 34.152115>,  <26.350311, 36.025990, 34.252026>, 0.100000
	pigment { color rgbt <1,0,0,0> }
	no_shadow
}

// particle -1
sphere {
	<26.342716, 35.638744, 34.152115> 0.100000
	pigment { color rgbt <1,0,0,0> }
	no_shadow
}
sphere {
	0, 1
	scale<0.080000,0.200000,0.300000>
	matrix <0.134790, 0.245064, -0.960091,
		0.990692, -0.051896, 0.125840,
		-0.018986, -0.968117, -0.249778,
		26.337021, 35.348309, 34.077183>
	pigment { color rgbt <0,1,1,0> }
	no_shadow
}
cylinder {
	<27.015978, 35.894341, 33.873985>,  <26.350311, 36.025990, 34.252026>, 0.130000
	pigment { color rgbt <1,0,0,0> }
	no_shadow
}

// nucleotide -1

// particle -1
sphere {
	<27.015978, 35.894341, 33.873985> 0.250000
	pigment { color rgbt <1,0,0,0> }
	no_shadow
}
cylinder {
	<26.716816, 35.663406, 33.742943>,  <26.537319, 35.524845, 33.664318>, 0.100000
	pigment { color rgbt <1,0,0,0> }
	no_shadow
}
cylinder {
	<26.716816, 35.663406, 33.742943>,  <27.015978, 35.894341, 33.873985>, 0.100000
	pigment { color rgbt <1,0,0,0> }
	no_shadow
}

// particle -1
sphere {
	<26.716816, 35.663406, 33.742943> 0.100000
	pigment { color rgbt <1,0,0,0> }
	no_shadow
}
sphere {
	0, 1
	scale<0.080000,0.200000,0.300000>
	matrix <0.183450, 0.294533, -0.937868,
		0.637955, -0.761533, -0.114370,
		-0.747903, -0.577337, -0.327602,
		26.492445, 35.490204, 33.644661>
	pigment { color rgbt <0,1,1,0> }
	no_shadow
}
cylinder {
	<27.258642, 35.334774, 33.345650>,  <27.015978, 35.894341, 33.873985>, 0.130000
	pigment { color rgbt <1,0,0,0> }
	no_shadow
}

// nucleotide -1

// particle -1
sphere {
	<27.258642, 35.334774, 33.345650> 0.250000
	pigment { color rgbt <1,0,0,0> }
	no_shadow
}
cylinder {
	<26.879721, 35.458435, 33.312096>,  <26.652367, 35.532631, 33.291965>, 0.100000
	pigment { color rgbt <1,0,0,0> }
	no_shadow
}
cylinder {
	<26.879721, 35.458435, 33.312096>,  <27.258642, 35.334774, 33.345650>, 0.100000
	pigment { color rgbt <1,0,0,0> }
	no_shadow
}

// particle -1
sphere {
	<26.879721, 35.458435, 33.312096> 0.100000
	pigment { color rgbt <1,0,0,0> }
	no_shadow
}
sphere {
	0, 1
	scale<0.080000,0.200000,0.300000>
	matrix <0.173650, 0.275566, -0.945468,
		-0.269180, -0.910213, -0.314730,
		-0.947306, 0.309153, -0.083881,
		26.595530, 35.551182, 33.286930>
	pigment { color rgbt <0,1,1,0> }
	no_shadow
}
cylinder {
	<27.240002, 35.487419, 32.656319>,  <27.258642, 35.334774, 33.345650>, 0.130000
	pigment { color rgbt <1,0,0,0> }
	no_shadow
}

// nucleotide -1

// particle -1
sphere {
	<27.240002, 35.487419, 32.656319> 0.250000
	pigment { color rgbt <1,0,0,0> }
	no_shadow
}
cylinder {
	<26.888834, 35.675549, 32.692200>,  <26.678133, 35.788425, 32.713730>, 0.100000
	pigment { color rgbt <1,0,0,0> }
	no_shadow
}
cylinder {
	<26.888834, 35.675549, 32.692200>,  <27.240002, 35.487419, 32.656319>, 0.100000
	pigment { color rgbt <1,0,0,0> }
	no_shadow
}

// particle -1
sphere {
	<26.888834, 35.675549, 32.692200> 0.100000
	pigment { color rgbt <1,0,0,0> }
	no_shadow
}
sphere {
	0, 1
	scale<0.080000,0.200000,0.300000>
	matrix <0.074514, 0.319275, -0.944728,
		-0.472971, -0.822713, -0.315344,
		-0.877921, 0.470327, 0.089705,
		26.625458, 35.816647, 32.719112>
	pigment { color rgbt <0,1,1,0> }
	no_shadow
}
cylinder {
	<26.858503, 35.389278, 32.051201>,  <27.240002, 35.487419, 32.656319>, 0.130000
	pigment { color rgbt <1,0,0,0> }
	no_shadow
}

// nucleotide -1

// particle -1
sphere {
	<26.858503, 35.389278, 32.051201> 0.250000
	pigment { color rgbt <1,0,0,0> }
	no_shadow
}
cylinder {
	<26.740185, 35.734589, 32.214790>,  <26.669193, 35.941776, 32.312946>, 0.100000
	pigment { color rgbt <1,0,0,0> }
	no_shadow
}
cylinder {
	<26.740185, 35.734589, 32.214790>,  <26.858503, 35.389278, 32.051201>, 0.100000
	pigment { color rgbt <1,0,0,0> }
	no_shadow
}

// particle -1
sphere {
	<26.740185, 35.734589, 32.214790> 0.100000
	pigment { color rgbt <1,0,0,0> }
	no_shadow
}
sphere {
	0, 1
	scale<0.080000,0.200000,0.300000>
	matrix <0.174374, 0.469737, -0.865414,
		-0.939201, -0.184672, -0.289480,
		-0.295797, 0.863275, 0.408976,
		26.651445, 35.993572, 32.337482>
	pigment { color rgbt <0,1,1,0> }
	no_shadow
}
cylinder {
	<26.214033, 35.626385, 31.654293>,  <26.858503, 35.389278, 32.051201>, 0.130000
	pigment { color rgbt <1,0,0,0> }
	no_shadow
}

// nucleotide -1

// particle -1
sphere {
	<26.214033, 35.626385, 31.654293> 0.250000
	pigment { color rgbt <1,0,0,0> }
	no_shadow
}
cylinder {
	<26.433386, 35.904621, 31.839954>,  <26.564997, 36.071564, 31.951351>, 0.100000
	pigment { color rgbt <1,0,0,0> }
	no_shadow
}
cylinder {
	<26.433386, 35.904621, 31.839954>,  <26.214033, 35.626385, 31.654293>, 0.100000
	pigment { color rgbt <1,0,0,0> }
	no_shadow
}

// particle -1
sphere {
	<26.433386, 35.904621, 31.839954> 0.100000
	pigment { color rgbt <1,0,0,0> }
	no_shadow
}
sphere {
	0, 1
	scale<0.080000,0.200000,0.300000>
	matrix <0.152765, 0.462382, -0.873422,
		-0.822156, 0.549875, 0.147300,
		0.548381, 0.695587, 0.464152,
		26.597900, 36.113297, 31.979200>
	pigment { color rgbt <0,1,1,0> }
	no_shadow
}
cylinder {
	<25.929560, 36.391293, 31.503880>,  <26.214033, 35.626385, 31.654293>, 0.130000
	pigment { color rgbt <1,0,0,0> }
	no_shadow
}

// nucleotide -1

// particle -1
sphere {
	<25.929560, 36.391293, 31.503880> 0.250000
	pigment { color rgbt <1,0,0,0> }
	no_shadow
}
cylinder {
	<26.316763, 36.318550, 31.573036>,  <26.549084, 36.274906, 31.614531>, 0.100000
	pigment { color rgbt <1,0,0,0> }
	no_shadow
}
cylinder {
	<26.316763, 36.318550, 31.573036>,  <25.929560, 36.391293, 31.503880>, 0.100000
	pigment { color rgbt <1,0,0,0> }
	no_shadow
}

// particle -1
sphere {
	<26.316763, 36.318550, 31.573036> 0.100000
	pigment { color rgbt <1,0,0,0> }
	no_shadow
}
sphere {
	0, 1
	scale<0.080000,0.200000,0.300000>
	matrix <0.250878, 0.687930, -0.681038,
		0.004912, 0.702624, 0.711544,
		0.968006, -0.181855, 0.172894,
		26.607164, 36.263992, 31.624905>
	pigment { color rgbt <0,1,1,0> }
	no_shadow
}
cylinder {
	<26.174801, 36.999748, 31.757017>,  <25.929560, 36.391293, 31.503880>, 0.130000
	pigment { color rgbt <1,0,0,0> }
	no_shadow
}

// nucleotide -1

// particle -1
sphere {
	<26.174801, 36.999748, 31.757017> 0.250000
	pigment { color rgbt <1,0,0,0> }
	no_shadow
}
cylinder {
	<26.455830, 36.772888, 31.585094>,  <26.624447, 36.636772, 31.481941>, 0.100000
	pigment { color rgbt <1,0,0,0> }
	no_shadow
}
cylinder {
	<26.455830, 36.772888, 31.585094>,  <26.174801, 36.999748, 31.757017>, 0.100000
	pigment { color rgbt <1,0,0,0> }
	no_shadow
}

// particle -1
sphere {
	<26.455830, 36.772888, 31.585094> 0.100000
	pigment { color rgbt <1,0,0,0> }
	no_shadow
}
sphere {
	0, 1
	scale<0.080000,0.200000,0.300000>
	matrix <0.187822, 0.730362, -0.656730,
		0.686378, 0.380673, 0.619656,
		0.702572, -0.567150, -0.429806,
		26.666601, 36.602745, 31.456152>
	pigment { color rgbt <0,1,1,0> }
	no_shadow
}
cylinder {
	<26.786692, 37.342407, 31.762564>,  <26.174801, 36.999748, 31.757017>, 0.130000
	pigment { color rgbt <1,0,0,0> }
	no_shadow
}

// nucleotide -1

// particle -1
sphere {
	<26.786692, 37.342407, 31.762564> 0.250000
	pigment { color rgbt <1,0,0,0> }
	no_shadow
}
cylinder {
	<26.804266, 37.076138, 31.464584>,  <26.814810, 36.916378, 31.285797>, 0.100000
	pigment { color rgbt <1,0,0,0> }
	no_shadow
}
cylinder {
	<26.804266, 37.076138, 31.464584>,  <26.786692, 37.342407, 31.762564>, 0.100000
	pigment { color rgbt <1,0,0,0> }
	no_shadow
}

// particle -1
sphere {
	<26.804266, 37.076138, 31.464584> 0.100000
	pigment { color rgbt <1,0,0,0> }
	no_shadow
}
sphere {
	0, 1
	scale<0.080000,0.200000,0.300000>
	matrix <0.195253, 0.737011, -0.647063,
		0.979768, -0.117024, 0.162356,
		0.043936, -0.665672, -0.744950,
		26.817446, 36.876434, 31.241100>
	pigment { color rgbt <0,1,1,0> }
	no_shadow
}
cylinder {
	<26.573542, 37.348392, 32.499687>,  <26.786692, 37.342407, 31.762564>, 0.130000
	pigment { color rgbt <1,0,0,0> }
	no_shadow
}

// nucleotide -1

// particle -1
sphere {
	<26.573542, 37.348392, 32.499687> 0.250000
	pigment { color rgbt <1,0,0,0> }
	no_shadow
}
cylinder {
	<26.580484, 36.988659, 32.324921>,  <26.584650, 36.772820, 32.220058>, 0.100000
	pigment { color rgbt <1,0,0,0> }
	no_shadow
}
cylinder {
	<26.580484, 36.988659, 32.324921>,  <26.573542, 37.348392, 32.499687>, 0.100000
	pigment { color rgbt <1,0,0,0> }
	no_shadow
}

// particle -1
sphere {
	<26.580484, 36.988659, 32.324921> 0.100000
	pigment { color rgbt <1,0,0,0> }
	no_shadow
}
sphere {
	0, 1
	scale<0.080000,0.200000,0.300000>
	matrix <-0.479956, -0.390843, 0.785419,
		-0.877120, 0.196069, -0.438425,
		0.017359, -0.899333, -0.436921,
		26.585691, 36.718861, 32.193844>
	pigment { color rgbt <0,1,1,0> }
	no_shadow
}
cylinder {
	<26.125736, 36.981804, 32.878078>,  <26.573542, 37.348392, 32.499687>, 0.130000
	pigment { color rgbt <1,0,0,0> }
	no_shadow
}

// nucleotide -1

// particle -1
sphere {
	<26.125736, 36.981804, 32.878078> 0.250000
	pigment { color rgbt <1,0,0,0> }
	no_shadow
}
cylinder {
	<26.265244, 36.666378, 32.675484>,  <26.348948, 36.477123, 32.553925>, 0.100000
	pigment { color rgbt <1,0,0,0> }
	no_shadow
}
cylinder {
	<26.265244, 36.666378, 32.675484>,  <26.125736, 36.981804, 32.878078>, 0.100000
	pigment { color rgbt <1,0,0,0> }
	no_shadow
}

// particle -1
sphere {
	<26.265244, 36.666378, 32.675484> 0.100000
	pigment { color rgbt <1,0,0,0> }
	no_shadow
}
sphere {
	0, 1
	scale<0.080000,0.200000,0.300000>
	matrix <-0.373666, -0.612613, 0.696476,
		-0.859496, -0.053651, -0.508319,
		0.348769, -0.788560, -0.506491,
		26.369875, 36.429810, 32.523537>
	pigment { color rgbt <0,1,1,0> }
	no_shadow
}
cylinder {
	<25.623434, 36.603622, 32.950802>,  <26.125736, 36.981804, 32.878078>, 0.130000
	pigment { color rgbt <1,0,0,0> }
	no_shadow
}

// nucleotide -1

// particle -1
sphere {
	<25.623434, 36.603622, 32.950802> 0.250000
	pigment { color rgbt <1,0,0,0> }
	no_shadow
}
cylinder {
	<25.927650, 36.357300, 32.868473>,  <26.110180, 36.209507, 32.819077>, 0.100000
	pigment { color rgbt <1,0,0,0> }
	no_shadow
}
cylinder {
	<25.927650, 36.357300, 32.868473>,  <25.623434, 36.603622, 32.950802>, 0.100000
	pigment { color rgbt <1,0,0,0> }
	no_shadow
}

// particle -1
sphere {
	<25.927650, 36.357300, 32.868473> 0.100000
	pigment { color rgbt <1,0,0,0> }
	no_shadow
}
sphere {
	0, 1
	scale<0.080000,0.200000,0.300000>
	matrix <-0.353971, -0.658979, 0.663665,
		-0.544317, -0.431891, -0.719159,
		0.760542, -0.615806, -0.205816,
		26.155813, 36.172558, 32.806728>
	pigment { color rgbt <0,1,1,0> }
	no_shadow
}
cylinder {
	<25.284473, 35.894260, 32.770603>,  <25.623434, 36.603622, 32.950802>, 0.130000
	pigment { color rgbt <1,0,0,0> }
	no_shadow
}

// nucleotide -1

// particle -1
sphere {
	<25.284473, 35.894260, 32.770603> 0.250000
	pigment { color rgbt <1,0,0,0> }
	no_shadow
}
cylinder {
	<25.661385, 35.873817, 32.902966>,  <25.887531, 35.861549, 32.982384>, 0.100000
	pigment { color rgbt <1,0,0,0> }
	no_shadow
}
cylinder {
	<25.661385, 35.873817, 32.902966>,  <25.284473, 35.894260, 32.770603>, 0.100000
	pigment { color rgbt <1,0,0,0> }
	no_shadow
}

// particle -1
sphere {
	<25.661385, 35.873817, 32.902966> 0.100000
	pigment { color rgbt <1,0,0,0> }
	no_shadow
}
sphere {
	0, 1
	scale<0.080000,0.200000,0.300000>
	matrix <-0.242516, -0.785589, 0.569241,
		0.230865, -0.616634, -0.752638,
		0.942278, -0.051109, 0.330908,
		25.944069, 35.858486, 33.002239>
	pigment { color rgbt <0,1,1,0> }
	no_shadow
}
cylinder {
	<25.329802, 35.168156, 32.829323>,  <25.284473, 35.894260, 32.770603>, 0.130000
	pigment { color rgbt <1,0,0,0> }
	no_shadow
}

// nucleotide -1

// particle -1
sphere {
	<25.329802, 35.168156, 32.829323> 0.250000
	pigment { color rgbt <1,0,0,0> }
	no_shadow
}
cylinder {
	<25.671446, 35.299595, 32.990578>,  <25.876432, 35.378460, 33.087330>, 0.100000
	pigment { color rgbt <1,0,0,0> }
	no_shadow
}
cylinder {
	<25.671446, 35.299595, 32.990578>,  <25.329802, 35.168156, 32.829323>, 0.100000
	pigment { color rgbt <1,0,0,0> }
	no_shadow
}

// particle -1
sphere {
	<25.671446, 35.299595, 32.990578> 0.100000
	pigment { color rgbt <1,0,0,0> }
	no_shadow
}
sphere {
	0, 1
	scale<0.080000,0.200000,0.300000>
	matrix <0.099580, -0.864105, 0.493363,
		0.510471, -0.381242, -0.770762,
		0.854110, 0.328600, 0.403136,
		25.927679, 35.398174, 33.111519>
	pigment { color rgbt <0,1,1,0> }
	no_shadow
}
cylinder {
	<25.839115, 34.566975, 33.003826>,  <25.329802, 35.168156, 32.829323>, 0.130000
	pigment { color rgbt <1,0,0,0> }
	no_shadow
}

// nucleotide -1

// particle -1
sphere {
	<25.839115, 34.566975, 33.003826> 0.250000
	pigment { color rgbt <1,0,0,0> }
	no_shadow
}
cylinder {
	<25.994329, 34.849674, 33.240448>,  <26.087458, 35.019295, 33.382420>, 0.100000
	pigment { color rgbt <1,0,0,0> }
	no_shadow
}
cylinder {
	<25.994329, 34.849674, 33.240448>,  <25.839115, 34.566975, 33.003826>, 0.100000
	pigment { color rgbt <1,0,0,0> }
	no_shadow
}

// particle -1
sphere {
	<25.994329, 34.849674, 33.240448> 0.100000
	pigment { color rgbt <1,0,0,0> }
	no_shadow
}
sphere {
	0, 1
	scale<0.080000,0.200000,0.300000>
	matrix <0.257635, -0.699439, 0.666641,
		0.884902, -0.106276, -0.453490,
		0.388036, 0.706747, 0.591555,
		26.110741, 35.061699, 33.417915>
	pigment { color rgbt <0,1,1,0> }
	no_shadow
}
cylinder {
	<26.575573, 34.499866, 33.218624>,  <25.839115, 34.566975, 33.003826>, 0.130000
	pigment { color rgbt <1,0,0,0> }
	no_shadow
}

// nucleotide -1

// particle -1
sphere {
	<26.575573, 34.499866, 33.218624> 0.250000
	pigment { color rgbt <1,0,0,0> }
	no_shadow
}
cylinder {
	<26.375603, 34.675957, 33.516960>,  <26.255621, 34.781612, 33.695961>, 0.100000
	pigment { color rgbt <1,0,0,0> }
	no_shadow
}
cylinder {
	<26.375603, 34.675957, 33.516960>,  <26.575573, 34.499866, 33.218624>, 0.100000
	pigment { color rgbt <1,0,0,0> }
	no_shadow
}

// particle -1
sphere {
	<26.375603, 34.675957, 33.516960> 0.100000
	pigment { color rgbt <1,0,0,0> }
	no_shadow
}
sphere {
	0, 1
	scale<0.080000,0.200000,0.300000>
	matrix <0.237016, -0.758755, 0.606724,
