// switches for output
#declare DRAW_BASES = 1; // possible values are 0, 1; only relevant for DNA ribbons
#declare DRAW_BASES_TYPE = 3; // possible values are 1, 2, 3; only relevant for DNA ribbons
#declare DRAW_FOG = 0; // set to 1 to enable fog

#include "colors.inc"

#include "transforms.inc"
background { rgb <1, 1, 1>}

#default {
   normal{
       ripples 0.25
       frequency 0.20
       turbulence 0.2
       lambda 5
   }
	finish {
		phong 0.1
		phong_size 40.
	}
}

// original window dimensions: 1024x640


// camera settings

camera {
	sky <0, 0.179814, -0.983701>
	up <0, 0.179814, -0.983701>
	right 1.6 * <1, 0, 0>
	location <35, 94.9851, 44.8844>
	look_at <35, 29.7336, 32.9568>
	direction <0, -65.2515, -11.9276>
	angle 67.0682
}


# declare cpy_camera_pos = <35, 94.9851, 44.8844>;
# if (DRAW_FOG = 1)
fog {
	fog_type 2
	up vnormalize(cpy_camera_pos)
	color rgbt<1,1,1,0.3>
	distance 1e-5
	fog_alt 3e-3
	fog_offset 56
}
# end


// LIGHTS

# declare lum = 6;
global_settings {
	ambient_light rgb lum * <0.05, 0.05, 0.05>
	max_trace_level 15
}# declare cpy_direct_light_amount = 0.25;
light_source
{	1000 * <-1, -1.16352, -0.803886>,
	rgb lum * cpy_direct_light_amount
	parallel
}

light_source
{	1000 * <1, 1.16352, 0.803886>,
	rgb lum * cpy_direct_light_amount
	parallel
}

// strand 0

// nucleotide -1

// particle -1
sphere {
	<24.019775, 35.026360, 35.075111> 0.250000
	pigment { color rgbt <1,0,0,0> }
	no_shadow
}
cylinder {
	<24.412399, 35.089211, 35.031567>,  <24.647974, 35.126923, 35.005440>, 0.100000
	pigment { color rgbt <1,0,0,0> }
	no_shadow
}
cylinder {
	<24.412399, 35.089211, 35.031567>,  <24.019775, 35.026360, 35.075111>, 0.100000
	pigment { color rgbt <1,0,0,0> }
	no_shadow
}

// particle -1
sphere {
	<24.412399, 35.089211, 35.031567> 0.100000
	pigment { color rgbt <1,0,0,0> }
	no_shadow
}
sphere {
	0, 1
	scale<0.080000,0.200000,0.300000>
	matrix <-0.115742, 0.941760, 0.315741,
		0.152135, -0.297319, 0.942580,
		0.981559, 0.157131, -0.108862,
		24.706867, 35.136349, 34.998909>
	pigment { color rgbt <0,1,1,0> }
	no_shadow
}
cylinder {
	<24.311071, 35.260063, 35.721931>,  <24.019775, 35.026360, 35.075111>, 0.130000
	pigment { color rgbt <1,0,0,0> }
	no_shadow
}

// nucleotide -1

// particle -1
sphere {
	<24.311071, 35.260063, 35.721931> 0.250000
	pigment { color rgbt <1,0,0,0> }
	no_shadow
}
cylinder {
	<24.560532, 35.378410, 35.432510>,  <24.710207, 35.449417, 35.258858>, 0.100000
	pigment { color rgbt <1,0,0,0> }
	no_shadow
}
cylinder {
	<24.560532, 35.378410, 35.432510>,  <24.311071, 35.260063, 35.721931>, 0.100000
	pigment { color rgbt <1,0,0,0> }
	no_shadow
}

// particle -1
sphere {
	<24.560532, 35.378410, 35.432510> 0.100000
	pigment { color rgbt <1,0,0,0> }
	no_shadow
}
sphere {
	0, 1
	scale<0.080000,0.200000,0.300000>
	matrix <-0.070254, 0.943075, 0.325077,
		0.778540, -0.151902, 0.608934,
		0.623650, 0.295865, -0.723550,
		24.747627, 35.467171, 35.215446>
	pigment { color rgbt <0,1,1,0> }
	no_shadow
}
cylinder {
	<24.874365, 35.743961, 35.920746>,  <24.311071, 35.260063, 35.721931>, 0.130000
	pigment { color rgbt <1,0,0,0> }
	no_shadow
}

// nucleotide -1

// particle -1
sphere {
	<24.874365, 35.743961, 35.920746> 0.250000
	pigment { color rgbt <1,0,0,0> }
	no_shadow
}
cylinder {
	<24.782084, 35.780781, 35.533283>,  <24.726715, 35.802872, 35.300804>, 0.100000
	pigment { color rgbt <1,0,0,0> }
	no_shadow
}
cylinder {
	<24.782084, 35.780781, 35.533283>,  <24.874365, 35.743961, 35.920746>, 0.100000
	pigment { color rgbt <1,0,0,0> }
	no_shadow
}

// particle -1
sphere {
	<24.782084, 35.780781, 35.533283> 0.100000
	pigment { color rgbt <1,0,0,0> }
	no_shadow
}
sphere {
	0, 1
	scale<0.080000,0.200000,0.300000>
	matrix <-0.110920, 0.986537, 0.120169,
		0.966681, 0.135167, -0.217387,
		-0.230704, 0.092052, -0.968660,
		24.712872, 35.808395, 35.242683>
	pigment { color rgbt <0,1,1,0> }
	no_shadow
}
cylinder {
	<25.382349, 36.217808, 35.487171>,  <24.874365, 35.743961, 35.920746>, 0.130000
	pigment { color rgbt <1,0,0,0> }
	no_shadow
}

// nucleotide -1

// particle -1
sphere {
	<25.382349, 36.217808, 35.487171> 0.250000
	pigment { color rgbt <1,0,0,0> }
	no_shadow
}
cylinder {
	<24.986450, 36.190666, 35.436893>,  <24.748911, 36.174381, 35.406727>, 0.100000
	pigment { color rgbt <1,0,0,0> }
	no_shadow
}
cylinder {
	<24.986450, 36.190666, 35.436893>,  <25.382349, 36.217808, 35.487171>, 0.100000
	pigment { color rgbt <1,0,0,0> }
	no_shadow
}

// particle -1
sphere {
	<24.986450, 36.190666, 35.436893> 0.100000
	pigment { color rgbt <1,0,0,0> }
	no_shadow
}
sphere {
	0, 1
	scale<0.080000,0.200000,0.300000>
	matrix <-0.121657, 0.861538, 0.492901,
		0.074847, 0.503138, -0.860959,
		-0.989746, -0.067850, -0.125694,
		24.689526, 36.170311, 35.399185>
	pigment { color rgbt <0,1,1,0> }
	no_shadow
}
cylinder {
	<25.136423, 36.765129, 35.156830>,  <25.382349, 36.217808, 35.487171>, 0.130000
	pigment { color rgbt <1,0,0,0> }
	no_shadow
}

// nucleotide -1

// particle -1
sphere {
	<25.136423, 36.765129, 35.156830> 0.250000
	pigment { color rgbt <1,0,0,0> }
	no_shadow
}
cylinder {
	<24.847696, 36.638042, 35.402771>,  <24.674459, 36.561790, 35.550335>, 0.100000
	pigment { color rgbt <1,0,0,0> }
	no_shadow
}
cylinder {
	<24.847696, 36.638042, 35.402771>,  <25.136423, 36.765129, 35.156830>, 0.100000
	pigment { color rgbt <1,0,0,0> }
	no_shadow
}

// particle -1
sphere {
	<24.847696, 36.638042, 35.402771> 0.100000
	pigment { color rgbt <1,0,0,0> }
	no_shadow
}
sphere {
	0, 1
	scale<0.080000,0.200000,0.300000>
	matrix <-0.138451, 0.936732, 0.321504,
		-0.678094, 0.146941, -0.720137,
		-0.721817, -0.317713, 0.614849,
		24.631151, 36.542728, 35.587227>
	pigment { color rgbt <0,1,1,0> }
	no_shadow
}
cylinder {
	<24.641197, 37.299164, 35.345974>,  <25.136423, 36.765129, 35.156830>, 0.130000
	pigment { color rgbt <1,0,0,0> }
	no_shadow
}

// nucleotide -1

// particle -1
sphere {
	<24.641197, 37.299164, 35.345974> 0.250000
	pigment { color rgbt <1,0,0,0> }
	no_shadow
}
cylinder {
	<24.595884, 37.047249, 35.653358>,  <24.568697, 36.896099, 35.837788>, 0.100000
	pigment { color rgbt <1,0,0,0> }
	no_shadow
}
cylinder {
	<24.595884, 37.047249, 35.653358>,  <24.641197, 37.299164, 35.345974>, 0.100000
	pigment { color rgbt <1,0,0,0> }
	no_shadow
}

// particle -1
sphere {
	<24.595884, 37.047249, 35.653358> 0.100000
	pigment { color rgbt <1,0,0,0> }
	no_shadow
}
sphere {
	0, 1
	scale<0.080000,0.200000,0.300000>
	matrix <0.322260, 0.708336, 0.628019,
		-0.939848, 0.318789, 0.122713,
		-0.113283, -0.629789, 0.768461,
		24.561899, 36.858311, 35.883896>
	pigment { color rgbt <0,1,1,0> }
	no_shadow
}
cylinder {
	<24.336514, 37.696438, 35.901356>,  <24.641197, 37.299164, 35.345974>, 0.130000
	pigment { color rgbt <1,0,0,0> }
	no_shadow
}

// nucleotide -1

// particle -1
sphere {
	<24.336514, 37.696438, 35.901356> 0.250000
	pigment { color rgbt <1,0,0,0> }
	no_shadow
}
cylinder {
	<24.509268, 37.376244, 36.067585>,  <24.612921, 37.184128, 36.167320>, 0.100000
	pigment { color rgbt <1,0,0,0> }
	no_shadow
}
cylinder {
	<24.509268, 37.376244, 36.067585>,  <24.336514, 37.696438, 35.901356>, 0.100000
	pigment { color rgbt <1,0,0,0> }
	no_shadow
}

// particle -1
sphere {
	<24.509268, 37.376244, 36.067585> 0.100000
	pigment { color rgbt <1,0,0,0> }
	no_shadow
}
sphere {
	0, 1
	scale<0.080000,0.200000,0.300000>
	matrix <0.504412, 0.596336, 0.624461,
		-0.747690, -0.060078, 0.661324,
		0.431888, -0.800484, 0.415571,
		24.638834, 37.136097, 36.192257>
	pigment { color rgbt <0,1,1,0> }
	no_shadow
}
cylinder {
	<24.274488, 37.805035, 36.680721>,  <24.336514, 37.696438, 35.901356>, 0.130000
	pigment { color rgbt <1,0,0,0> }
	no_shadow
}

// nucleotide -1

// particle -1
sphere {
	<24.274488, 37.805035, 36.680721> 0.250000
	pigment { color rgbt <1,0,0,0> }
	no_shadow
}
cylinder {
	<24.579727, 37.562553, 36.591103>,  <24.762871, 37.417065, 36.537331>, 0.100000
	pigment { color rgbt <1,0,0,0> }
	no_shadow
}
cylinder {
	<24.579727, 37.562553, 36.591103>,  <24.274488, 37.805035, 36.680721>, 0.100000
	pigment { color rgbt <1,0,0,0> }
	no_shadow
}

// particle -1
sphere {
	<24.579727, 37.562553, 36.591103> 0.100000
	pigment { color rgbt <1,0,0,0> }
	no_shadow
}
sphere {
	0, 1
	scale<0.080000,0.200000,0.300000>
	matrix <0.593272, 0.519558, 0.614888,
		-0.256343, -0.602141, 0.756118,
		0.763096, -0.606207, -0.224048,
		24.808657, 37.380692, 36.523888>
	pigment { color rgbt <0,1,1,0> }
	no_shadow
}
cylinder {
	<24.599060, 37.422031, 37.418163>,  <24.274488, 37.805035, 36.680721>, 0.130000
	pigment { color rgbt <1,0,0,0> }
	no_shadow
}

// nucleotide -1

// particle -1
sphere {
	<24.599060, 37.422031, 37.418163> 0.250000
	pigment { color rgbt <1,0,0,0> }
	no_shadow
}
cylinder {
	<24.855911, 37.448154, 37.112640>,  <25.010021, 37.463829, 36.929325>, 0.100000
	pigment { color rgbt <1,0,0,0> }
	no_shadow
}
cylinder {
	<24.855911, 37.448154, 37.112640>,  <24.599060, 37.422031, 37.418163>, 0.100000
	pigment { color rgbt <1,0,0,0> }
	no_shadow
}

// particle -1
sphere {
	<24.855911, 37.448154, 37.112640> 0.100000
	pigment { color rgbt <1,0,0,0> }
	no_shadow
}
sphere {
	0, 1
	scale<0.080000,0.200000,0.300000>
	matrix <0.608789, 0.562081, 0.559858,
		0.465884, -0.824500, 0.321171,
		0.642127, 0.065304, -0.763811,
		25.048550, 37.467747, 36.883495>
	pigment { color rgbt <0,1,1,0> }
	no_shadow
}
cylinder {
	<25.246569, 37.311970, 37.655453>,  <24.599060, 37.422031, 37.418163>, 0.130000
	pigment { color rgbt <1,0,0,0> }
	no_shadow
}

// nucleotide -1

// particle -1
sphere {
	<25.246569, 37.311970, 37.655453> 0.250000
	pigment { color rgbt <1,0,0,0> }
	no_shadow
}
cylinder {
	<25.362759, 37.486366, 37.314739>,  <25.432472, 37.591003, 37.110313>, 0.100000
	pigment { color rgbt <1,0,0,0> }
	no_shadow
}
cylinder {
	<25.362759, 37.486366, 37.314739>,  <25.246569, 37.311970, 37.655453>, 0.100000
	pigment { color rgbt <1,0,0,0> }
	no_shadow
}

// particle -1
sphere {
	<25.362759, 37.486366, 37.314739> 0.100000
	pigment { color rgbt <1,0,0,0> }
	no_shadow
}
sphere {
	0, 1
	scale<0.080000,0.200000,0.300000>
	matrix <0.540012, 0.660172, 0.522074,
		0.789944, -0.611622, -0.043678,
		0.290477, 0.435995, -0.851782,
		25.449902, 37.617165, 37.059204>
	pigment { color rgbt <0,1,1,0> }
	no_shadow
}
cylinder {
	<25.869421, 37.367264, 37.667343>,  <25.246569, 37.311970, 37.655453>, 0.130000
	pigment { color rgbt <1,0,0,0> }
	no_shadow
}

// nucleotide -1

// particle -1
sphere {
	<25.869421, 37.367264, 37.667343> 0.250000
	pigment { color rgbt <1,0,0,0> }
	no_shadow
}
cylinder {
	<25.779583, 37.653450, 37.402718>,  <25.725679, 37.825161, 37.243942>, 0.100000
	pigment { color rgbt <1,0,0,0> }
	no_shadow
}
cylinder {
	<25.779583, 37.653450, 37.402718>,  <25.869421, 37.367264, 37.667343>, 0.100000
	pigment { color rgbt <1,0,0,0> }
	no_shadow
}

// particle -1
sphere {
	<25.779583, 37.653450, 37.402718> 0.100000
	pigment { color rgbt <1,0,0,0> }
	no_shadow
}
sphere {
	0, 1
	scale<0.080000,0.200000,0.300000>
	matrix <0.684211, 0.599192, 0.415722,
		0.693839, -0.359282, -0.624103,
		-0.224596, 0.715462, -0.661567,
		25.712204, 37.868088, 37.204247>
	pigment { color rgbt <0,1,1,0> }
	no_shadow
}
cylinder {
	<26.450783, 37.739212, 37.439877>,  <25.869421, 37.367264, 37.667343>, 0.130000
	pigment { color rgbt <1,0,0,0> }
	no_shadow
}

// nucleotide -1

// particle -1
sphere {
	<26.450783, 37.739212, 37.439877> 0.250000
	pigment { color rgbt <1,0,0,0> }
	no_shadow
}
cylinder {
	<26.130514, 37.972099, 37.383385>,  <25.938353, 38.111832, 37.349491>, 0.100000
	pigment { color rgbt <1,0,0,0> }
	no_shadow
}
cylinder {
	<26.130514, 37.972099, 37.383385>,  <26.450783, 37.739212, 37.439877>, 0.100000
	pigment { color rgbt <1,0,0,0> }
	no_shadow
}

// particle -1
sphere {
	<26.130514, 37.972099, 37.383385> 0.100000
	pigment { color rgbt <1,0,0,0> }
	no_shadow
}
sphere {
	0, 1
	scale<0.080000,0.200000,0.300000>
	matrix <0.428774, 0.721526, 0.543647,
		0.418422, 0.374728, -0.827347,
		-0.800672, 0.582219, -0.141229,
		25.890312, 38.146767, 37.341015>
	pigment { color rgbt <0,1,1,0> }
	no_shadow
}
cylinder {
	<26.592005, 38.306187, 37.003117>,  <26.450783, 37.739212, 37.439877>, 0.130000
	pigment { color rgbt <1,0,0,0> }
	no_shadow
}

// nucleotide -1

// particle -1
sphere {
	<26.592005, 38.306187, 37.003117> 0.250000
	pigment { color rgbt <1,0,0,0> }
	no_shadow
}
cylinder {
	<26.282576, 38.392792, 37.241348>,  <26.096918, 38.444756, 37.384285>, 0.100000
	pigment { color rgbt <1,0,0,0> }
	no_shadow
}
cylinder {
	<26.282576, 38.392792, 37.241348>,  <26.592005, 38.306187, 37.003117>, 0.100000
	pigment { color rgbt <1,0,0,0> }
	no_shadow
}

// particle -1
sphere {
	<26.282576, 38.392792, 37.241348> 0.100000
	pigment { color rgbt <1,0,0,0> }
	no_shadow
}
sphere {
	0, 1
	scale<0.080000,0.200000,0.300000>
	matrix <0.458971, 0.839452, 0.290976,
		-0.436958, 0.498443, -0.748748,
		-0.773572, 0.216509, 0.595575,
		26.050505, 38.457745, 37.420021>
	pigment { color rgbt <0,1,1,0> }
	no_shadow
}
cylinder {
	<26.233007, 38.948589, 36.879917>,  <26.592005, 38.306187, 37.003117>, 0.130000
	pigment { color rgbt <1,0,0,0> }
	no_shadow
}

// nucleotide -1

// particle -1
sphere {
	<26.233007, 38.948589, 36.879917> 0.250000
	pigment { color rgbt <1,0,0,0> }
	no_shadow
}
cylinder {
	<26.178030, 38.890274, 37.271805>,  <26.145044, 38.855286, 37.506939>, 0.100000
	pigment { color rgbt <1,0,0,0> }
	no_shadow
}
cylinder {
	<26.178030, 38.890274, 37.271805>,  <26.233007, 38.948589, 36.879917>, 0.100000
	pigment { color rgbt <1,0,0,0> }
	no_shadow
}

// particle -1
sphere {
	<26.178030, 38.890274, 37.271805> 0.100000
	pigment { color rgbt <1,0,0,0> }
	no_shadow
}
sphere {
	0, 1
	scale<0.080000,0.200000,0.300000>
	matrix <0.292877, 0.938901, 0.180797,
		-0.946220, 0.311787, -0.086347,
		-0.137442, -0.145785, 0.979723,
		26.136797, 38.846539, 37.565723>
	pigment { color rgbt <0,1,1,0> }
	no_shadow
}
cylinder {
	<25.781391, 39.479610, 37.113312>,  <26.233007, 38.948589, 36.879917>, 0.130000
	pigment { color rgbt <1,0,0,0> }
	no_shadow
}

// nucleotide -1

// particle -1
sphere {
	<25.781391, 39.479610, 37.113312> 0.250000
	pigment { color rgbt <1,0,0,0> }
	no_shadow
}
cylinder {
	<26.013323, 39.352283, 37.413303>,  <26.152483, 39.275887, 37.593300>, 0.100000
	pigment { color rgbt <1,0,0,0> }
	no_shadow
}
cylinder {
	<26.013323, 39.352283, 37.413303>,  <25.781391, 39.479610, 37.113312>, 0.100000
	pigment { color rgbt <1,0,0,0> }
	no_shadow
}

// particle -1
sphere {
	<26.013323, 39.352283, 37.413303> 0.100000
	pigment { color rgbt <1,0,0,0> }
	no_shadow
}
sphere {
	0, 1
	scale<0.080000,0.200000,0.300000>
	matrix <0.207740, 0.947854, 0.241694,
		-0.787807, 0.015659, 0.615723,
		0.579831, -0.318319, 0.749979,
		26.187273, 39.256786, 37.638298>
	pigment { color rgbt <0,1,1,0> }
	no_shadow
}
cylinder {
	<25.436384, 38.971046, 36.923275>,  <25.781391, 39.479610, 37.113312>, 0.130000
	pigment { color rgbt <1,0,0,0> }
	no_shadow
}

// nucleotide -1

// particle -1
sphere {
	<25.436384, 38.971046, 36.923275> 0.250000
	pigment { color rgbt <1,0,0,0> }
	no_shadow
}
cylinder {
	<25.712152, 38.683506, 36.958942>,  <25.877613, 38.510983, 36.980343>, 0.100000
	pigment { color rgbt <1,0,0,0> }
	no_shadow
}
cylinder {
	<25.712152, 38.683506, 36.958942>,  <25.436384, 38.971046, 36.923275>, 0.100000
	pigment { color rgbt <1,0,0,0> }
	no_shadow
}

// particle -1
sphere {
	<25.712152, 38.683506, 36.958942> 0.100000
	pigment { color rgbt <1,0,0,0> }
	no_shadow
}
sphere {
	0, 1
	scale<0.080000,0.200000,0.300000>
	matrix <-0.617638, -0.647685, -0.446126,
		0.378449, 0.252497, -0.890517,
		0.689420, -0.718853, 0.089164,
		25.918978, 38.467850, 36.985691>
	pigment { color rgbt <0,1,1,0> }
	no_shadow
}
cylinder {
	<25.413492, 38.686005, 36.281075>,  <25.436384, 38.971046, 36.923275>, 0.130000
	pigment { color rgbt <1,0,0,0> }
	no_shadow
}

// nucleotide -1

// particle -1
sphere {
	<25.413492, 38.686005, 36.281075> 0.250000
	pigment { color rgbt <1,0,0,0> }
	no_shadow
}
cylinder {
	<25.557526, 38.419270, 36.542046>,  <25.643946, 38.259228, 36.698627>, 0.100000
	pigment { color rgbt <1,0,0,0> }
	no_shadow
}
cylinder {
	<25.557526, 38.419270, 36.542046>,  <25.413492, 38.686005, 36.281075>, 0.100000
	pigment { color rgbt <1,0,0,0> }
	no_shadow
}

// particle -1
sphere {
	<25.557526, 38.419270, 36.542046> 0.100000
	pigment { color rgbt <1,0,0,0> }
	no_shadow
}
sphere {
	0, 1
	scale<0.080000,0.200000,0.300000>
	matrix <-0.428106, -0.739469, -0.519530,
		0.828893, -0.092232, -0.551751,
		0.360086, -0.666842, 0.652426,
		25.665552, 38.219215, 36.737774>
	pigment { color rgbt <0,1,1,0> }
	no_shadow
}
cylinder {
	<25.783663, 38.140388, 35.947369>,  <25.413492, 38.686005, 36.281075>, 0.130000
	pigment { color rgbt <1,0,0,0> }
	no_shadow
}

// nucleotide -1

// particle -1
sphere {
	<25.783663, 38.140388, 35.947369> 0.250000
	pigment { color rgbt <1,0,0,0> }
	no_shadow
}
cylinder {
	<25.660925, 37.981659, 36.293404>,  <25.587282, 37.886421, 36.501026>, 0.100000
	pigment { color rgbt <1,0,0,0> }
	no_shadow
}
cylinder {
	<25.660925, 37.981659, 36.293404>,  <25.783663, 38.140388, 35.947369>, 0.100000
	pigment { color rgbt <1,0,0,0> }
	no_shadow
}

// particle -1
sphere {
	<25.660925, 37.981659, 36.293404> 0.100000
	pigment { color rgbt <1,0,0,0> }
	no_shadow
}
sphere {
	0, 1
	scale<0.080000,0.200000,0.300000>
	matrix <-0.309676, -0.817852, -0.484994,
		0.899971, -0.416715, 0.128067,
		-0.306844, -0.396821, 0.865090,
		25.568872, 37.862614, 36.552929>
	pigment { color rgbt <0,1,1,0> }
	no_shadow
}
cylinder {
	<26.009933, 37.479614, 35.938595>,  <25.783663, 38.140388, 35.947369>, 0.130000
	pigment { color rgbt <1,0,0,0> }
	no_shadow
}

// nucleotide -1

// particle -1
sphere {
	<26.009933, 37.479614, 35.938595> 0.250000
	pigment { color rgbt <1,0,0,0> }
	no_shadow
}
cylinder {
	<25.709410, 37.469891, 36.202396>,  <25.529097, 37.464058, 36.360676>, 0.100000
	pigment { color rgbt <1,0,0,0> }
	no_shadow
}
cylinder {
	<25.709410, 37.469891, 36.202396>,  <26.009933, 37.479614, 35.938595>, 0.100000
	pigment { color rgbt <1,0,0,0> }
	no_shadow
}

// particle -1
sphere {
	<25.709410, 37.469891, 36.202396> 0.100000
	pigment { color rgbt <1,0,0,0> }
	no_shadow
}
sphere {
	0, 1
	scale<0.080000,0.200000,0.300000>
	matrix <-0.375254, -0.806318, -0.457204,
		0.542883, -0.590982, 0.596672,
		-0.751307, -0.024305, 0.659505,
		25.484018, 37.462601, 36.400249>
	pigment { color rgbt <0,1,1,0> }
	no_shadow
}
cylinder {
	<25.929733, 36.737293, 36.180073>,  <26.009933, 37.479614, 35.938595>, 0.130000
	pigment { color rgbt <1,0,0,0> }
	no_shadow
}

// nucleotide -1

// particle -1
sphere {
	<25.929733, 36.737293, 36.180073> 0.250000
	pigment { color rgbt <1,0,0,0> }
	no_shadow
}
cylinder {
	<25.586641, 36.926884, 36.259716>,  <25.380787, 37.040638, 36.307503>, 0.100000
	pigment { color rgbt <1,0,0,0> }
	no_shadow
}
cylinder {
	<25.586641, 36.926884, 36.259716>,  <25.929733, 36.737293, 36.180073>, 0.100000
	pigment { color rgbt <1,0,0,0> }
	no_shadow
}

// particle -1
sphere {
	<25.586641, 36.926884, 36.259716> 0.100000
	pigment { color rgbt <1,0,0,0> }
	no_shadow
}
sphere {
	0, 1
	scale<0.080000,0.200000,0.300000>
	matrix <-0.512805, -0.761333, -0.396741,
		-0.036461, -0.442399, 0.896077,
		-0.857731, 0.473978, 0.199105,
		25.329323, 37.069077, 36.319447>
	pigment { color rgbt <0,1,1,0> }
	no_shadow
}
cylinder {
	<25.476950, 36.168568, 36.464272>,  <25.929733, 36.737293, 36.180073>, 0.130000
	pigment { color rgbt <1,0,0,0> }
	no_shadow
}

// nucleotide -1

// particle -1
sphere {
	<25.476950, 36.168568, 36.464272> 0.250000
	pigment { color rgbt <1,0,0,0> }
	no_shadow
}
cylinder {
	<25.270527, 36.484325, 36.331280>,  <25.146673, 36.673779, 36.251484>, 0.100000
	pigment { color rgbt <1,0,0,0> }
	no_shadow
}
cylinder {
	<25.270527, 36.484325, 36.331280>,  <25.476950, 36.168568, 36.464272>, 0.100000
	pigment { color rgbt <1,0,0,0> }
	no_shadow
}

// particle -1
sphere {
	<25.270527, 36.484325, 36.331280> 0.100000
	pigment { color rgbt <1,0,0,0> }
	no_shadow
}
sphere {
	0, 1
	scale<0.080000,0.200000,0.300000>
	matrix <-0.608459, -0.611042, -0.506365,
		-0.602870, -0.059029, 0.795653,
		-0.516068, 0.789394, -0.332462,
		25.115711, 36.721146, 36.231537>
	pigment { color rgbt <0,1,1,0> }
	no_shadow
}
cylinder {
	<25.672634, 36.345432, 37.240097>,  <25.476950, 36.168568, 36.464272>, 0.130000
	pigment { color rgbt <1,0,0,0> }
	no_shadow
}

// nucleotide -1

// particle -1
sphere {
	<25.672634, 36.345432, 37.240097> 0.250000
	pigment { color rgbt <1,0,0,0> }
	no_shadow
}
cylinder {
	<25.708248, 36.172039, 37.598797>,  <25.729616, 36.068001, 37.814018>, 0.100000
	pigment { color rgbt <1,0,0,0> }
	no_shadow
}
cylinder {
	<25.708248, 36.172039, 37.598797>,  <25.672634, 36.345432, 37.240097>, 0.100000
	pigment { color rgbt <1,0,0,0> }
	no_shadow
}

// particle -1
sphere {
	<25.708248, 36.172039, 37.598797> 0.100000
	pigment { color rgbt <1,0,0,0> }
	no_shadow
}
sphere {
	0, 1
	scale<0.080000,0.200000,0.300000>
	matrix <0.820837, -0.478039, -0.312580,
		0.564181, 0.763917, 0.313259,
		0.089035, -0.433486, 0.896751,
		25.734959, 36.041992, 37.867821>
	pigment { color rgbt <0,1,1,0> }
	no_shadow
}
cylinder {
	<26.293886, 36.547050, 37.637455>,  <25.672634, 36.345432, 37.240097>, 0.130000
	pigment { color rgbt <1,0,0,0> }
	no_shadow
}

// nucleotide -1

// particle -1
sphere {
	<26.293886, 36.547050, 37.637455> 0.250000
	pigment { color rgbt <1,0,0,0> }
	no_shadow
}
cylinder {
	<26.164732, 36.171993, 37.688942>,  <26.087240, 35.946957, 37.719833>, 0.100000
	pigment { color rgbt <1,0,0,0> }
	no_shadow
}
cylinder {
	<26.164732, 36.171993, 37.688942>,  <26.293886, 36.547050, 37.637455>, 0.100000
	pigment { color rgbt <1,0,0,0> }
	no_shadow
}

// particle -1
sphere {
	<26.164732, 36.171993, 37.688942> 0.100000
	pigment { color rgbt <1,0,0,0> }
	no_shadow
}
sphere {
	0, 1
	scale<0.080000,0.200000,0.300000>
	matrix <0.879077, -0.347508, -0.326286,
		0.350670, 0.007797, 0.936467,
		-0.322886, -0.937645, 0.128715,
		26.067865, 35.890701, 37.727558>
	pigment { color rgbt <0,1,1,0> }
	no_shadow
}
cylinder {
	<26.799576, 36.156738, 37.845982>,  <26.293886, 36.547050, 37.637455>, 0.130000
	pigment { color rgbt <1,0,0,0> }
	no_shadow
}

// nucleotide -1

// particle -1
sphere {
	<26.799576, 36.156738, 37.845982> 0.250000
	pigment { color rgbt <1,0,0,0> }
	no_shadow
}
cylinder {
	<26.564774, 35.862846, 37.709984>,  <26.423893, 35.686512, 37.628384>, 0.100000
	pigment { color rgbt <1,0,0,0> }
	no_shadow
}
cylinder {
	<26.564774, 35.862846, 37.709984>,  <26.799576, 36.156738, 37.845982>, 0.100000
	pigment { color rgbt <1,0,0,0> }
	no_shadow
}

// particle -1
sphere {
	<26.564774, 35.862846, 37.709984> 0.100000
	pigment { color rgbt <1,0,0,0> }
	no_shadow
}
sphere {
	0, 1
	scale<0.080000,0.200000,0.300000>
	matrix <0.807564, -0.501752, -0.309975,
		0.057156, -0.456524, 0.887873,
		-0.587003, -0.734732, -0.339995,
		26.388672, 35.642426, 37.607986>
	pigment { color rgbt <0,1,1,0> }
	no_shadow
}
cylinder {
	<26.717566, 35.527428, 38.341713>,  <26.799576, 36.156738, 37.845982>, 0.130000
	pigment { color rgbt <1,0,0,0> }
	no_shadow
}

// nucleotide -1

// particle -1
sphere {
	<26.717566, 35.527428, 38.341713> 0.250000
	pigment { color rgbt <1,0,0,0> }
	no_shadow
}
cylinder {
	<26.709597, 35.503540, 37.942505>,  <26.704815, 35.489208, 37.702980>, 0.100000
	pigment { color rgbt <1,0,0,0> }
	no_shadow
}
cylinder {
	<26.709597, 35.503540, 37.942505>,  <26.717566, 35.527428, 38.341713>, 0.100000
	pigment { color rgbt <1,0,0,0> }
	no_shadow
}

// particle -1
sphere {
	<26.709597, 35.503540, 37.942505> 0.100000
	pigment { color rgbt <1,0,0,0> }
	no_shadow
}
sphere {
	0, 1
	scale<0.080000,0.200000,0.300000>
	matrix <0.786507, -0.617217, 0.021229,
		-0.617260, -0.784524, 0.059264,
		-0.019924, -0.059715, -0.998017,
		26.703619, 35.485626, 37.643101>
	pigment { color rgbt <0,1,1,0> }
	no_shadow
}
cylinder {
	<26.689108, 34.837601, 38.214268>,  <26.717566, 35.527428, 38.341713>, 0.130000
	pigment { color rgbt <1,0,0,0> }
	no_shadow
}

// nucleotide -1

// particle -1
sphere {
	<26.689108, 34.837601, 38.214268> 0.250000
	pigment { color rgbt <1,0,0,0> }
	no_shadow
}
cylinder {
	<26.864569, 35.035759, 37.914356>,  <26.969845, 35.154655, 37.734409>, 0.100000
	pigment { color rgbt <1,0,0,0> }
	no_shadow
}
cylinder {
	<26.864569, 35.035759, 37.914356>,  <26.689108, 34.837601, 38.214268>, 0.100000
	pigment { color rgbt <1,0,0,0> }
	no_shadow
}

// particle -1
sphere {
	<26.864569, 35.035759, 37.914356> 0.100000
	pigment { color rgbt <1,0,0,0> }
	no_shadow
}
sphere {
	0, 1
	scale<0.080000,0.200000,0.300000>
	matrix <0.831483, -0.540248, 0.129495,
		-0.340915, -0.680231, -0.648894,
		0.438650, 0.495397, -0.749779,
		26.996164, 35.184380, 37.689423>
	pigment { color rgbt <0,1,1,0> }
	no_shadow
}
cylinder {
	<26.882563, 34.402626, 37.597065>,  <26.689108, 34.837601, 38.214268>, 0.130000
	pigment { color rgbt <1,0,0,0> }
	no_shadow
}

// nucleotide -1

// particle -1
sphere {
	<26.882563, 34.402626, 37.597065> 0.250000
	pigment { color rgbt <1,0,0,0> }
	no_shadow
}
cylinder {
	<27.125692, 34.699841, 37.709095>,  <27.271570, 34.878170, 37.776314>, 0.100000
	pigment { color rgbt <1,0,0,0> }
	no_shadow
}
cylinder {
	<27.125692, 34.699841, 37.709095>,  <26.882563, 34.402626, 37.597065>, 0.100000
	pigment { color rgbt <1,0,0,0> }
	no_shadow
}

// particle -1
sphere {
	<27.125692, 34.699841, 37.709095> 0.100000
	pigment { color rgbt <1,0,0,0> }
	no_shadow
}
sphere {
	0, 1
	scale<0.080000,0.200000,0.300000>
	matrix <0.728843, -0.662036, 0.174633,
		0.315178, 0.097984, -0.943961,
		0.607825, 0.743040, 0.280074,
		27.308041, 34.922752, 37.793118>
	pigment { color rgbt <0,1,1,0> }
	no_shadow
}
cylinder {
	<27.284252, 34.745827, 37.112389>,  <26.882563, 34.402626, 37.597065>, 0.130000
	pigment { color rgbt <1,0,0,0> }
	no_shadow
}

// nucleotide -1

// particle -1
sphere {
	<27.284252, 34.745827, 37.112389> 0.250000
	pigment { color rgbt <1,0,0,0> }
	no_shadow
}
cylinder {
	<27.467751, 34.707924, 37.465790>,  <27.577850, 34.685181, 37.677830>, 0.100000
	pigment { color rgbt <1,0,0,0> }
	no_shadow
}
cylinder {
	<27.467751, 34.707924, 37.465790>,  <27.284252, 34.745827, 37.112389>, 0.100000
	pigment { color rgbt <1,0,0,0> }
	no_shadow
}

// particle -1
sphere {
	<27.467751, 34.707924, 37.465790> 0.100000
	pigment { color rgbt <1,0,0,0> }
	no_shadow
}
sphere {
	0, 1
	scale<0.080000,0.200000,0.300000>
	matrix <0.401240, -0.865063, -0.301119,
		0.792816, 0.492633, -0.358826,
		0.458748, -0.094756, 0.883500,
		27.605375, 34.679497, 37.730839>
	pigment { color rgbt <0,1,1,0> }
	no_shadow
}
cylinder {
	<28.048780, 34.858597, 37.094849>,  <27.284252, 34.745827, 37.112389>, 0.130000
	pigment { color rgbt <1,0,0,0> }
	no_shadow
}

// nucleotide -1

// particle -1
sphere {
	<28.048780, 34.858597, 37.094849> 0.250000
	pigment { color rgbt <1,0,0,0> }
	no_shadow
}
cylinder {
	<27.957750, 34.584446, 37.371536>,  <27.903133, 34.419956, 37.537548>, 0.100000
	pigment { color rgbt <1,0,0,0> }
	no_shadow
}
cylinder {
	<27.957750, 34.584446, 37.371536>,  <28.048780, 34.858597, 37.094849>, 0.100000
	pigment { color rgbt <1,0,0,0> }
	no_shadow
}

// particle -1
sphere {
	<27.957750, 34.584446, 37.371536> 0.100000
	pigment { color rgbt <1,0,0,0> }
	no_shadow
}
sphere {
	0, 1
	scale<0.080000,0.200000,0.300000>
	matrix <0.363779, -0.718764, -0.592490,
		0.903258, 0.116797, 0.412896,
		-0.227573, -0.685374, 0.691718,
		27.889479, 34.378834, 37.579052>
	pigment { color rgbt <0,1,1,0> }
	no_shadow
}
cylinder {
	<28.705973, 34.392368, 37.363899>,  <28.048780, 34.858597, 37.094849>, 0.130000
	pigment { color rgbt <1,0,0,0> }
	no_shadow
}

// nucleotide -1

// particle -1
sphere {
	<28.705973, 34.392368, 37.363899> 0.250000
	pigment { color rgbt <1,0,0,0> }
	no_shadow
}
cylinder {
	<28.353630, 34.207199, 37.324310>,  <28.142225, 34.096096, 37.300556>, 0.100000
	pigment { color rgbt <1,0,0,0> }
	no_shadow
}
cylinder {
	<28.353630, 34.207199, 37.324310>,  <28.705973, 34.392368, 37.363899>, 0.100000
	pigment { color rgbt <1,0,0,0> }
	no_shadow
}

// particle -1
sphere {
	<28.353630, 34.207199, 37.324310> 0.100000
	pigment { color rgbt <1,0,0,0> }
	no_shadow
}
sphere {
	0, 1
	scale<0.080000,0.200000,0.300000>
	matrix <0.405022, -0.628756, -0.663795,
		0.245057, -0.624793, 0.741337,
		-0.880854, -0.462925, -0.098974,
		28.089375, 34.068321, 37.294617>
	pigment { color rgbt <0,1,1,0> }
	no_shadow
}
cylinder {
	<28.699589, 33.644447, 37.302505>,  <28.705973, 34.392368, 37.363899>, 0.130000
	pigment { color rgbt <1,0,0,0> }
	no_shadow
}

// nucleotide -1

// particle -1
sphere {
	<28.699589, 33.644447, 37.302505> 0.250000
	pigment { color rgbt <1,0,0,0> }
	no_shadow
}
cylinder {
	<28.360332, 33.718056, 37.103794>,  <28.156778, 33.762222, 36.984566>, 0.100000
	pigment { color rgbt <1,0,0,0> }
	no_shadow
}
cylinder {
	<28.360332, 33.718056, 37.103794>,  <28.699589, 33.644447, 37.302505>, 0.100000
	pigment { color rgbt <1,0,0,0> }
	no_shadow
}

// particle -1
sphere {
	<28.360332, 33.718056, 37.103794> 0.100000
	pigment { color rgbt <1,0,0,0> }
	no_shadow
}
sphere {
	0, 1
	scale<0.080000,0.200000,0.300000>
	matrix <0.301153, -0.604008, -0.737890,
		-0.435845, -0.775443, 0.456867,
		-0.848143, 0.184019, -0.496780,
		28.105890, 33.773262, 36.954762>
	pigment { color rgbt <0,1,1,0> }
	no_shadow
}
cylinder {
	<28.439030, 32.999882, 37.038750>,  <28.699589, 33.644447, 37.302505>, 0.130000
	pigment { color rgbt <1,0,0,0> }
	no_shadow
}

// nucleotide -1

// particle -1
sphere {
	<28.439030, 32.999882, 37.038750> 0.250000
	pigment { color rgbt <1,0,0,0> }
	no_shadow
}
cylinder {
	<28.301746, 33.293205, 36.803986>,  <28.219376, 33.469200, 36.663128>, 0.100000
	pigment { color rgbt <1,0,0,0> }
	no_shadow
}
cylinder {
	<28.301746, 33.293205, 36.803986>,  <28.439030, 32.999882, 37.038750>, 0.100000
	pigment { color rgbt <1,0,0,0> }
	no_shadow
}

// particle -1
sphere {
	<28.301746, 33.293205, 36.803986> 0.100000
	pigment { color rgbt <1,0,0,0> }
	no_shadow
}
sphere {
	0, 1
	scale<0.080000,0.200000,0.300000>
	matrix <0.504011, -0.383496, -0.773889,
		-0.792579, -0.561413, -0.237978,
		-0.343208, 0.733311, -0.586909,
		28.198784, 33.513199, 36.627914>
	pigment { color rgbt <0,1,1,0> }
	no_shadow
}
cylinder {
	<28.397293, 32.704830, 36.412674>,  <28.439030, 32.999882, 37.038750>, 0.130000
	pigment { color rgbt <1,0,0,0> }
	no_shadow
}

// nucleotide -1

// particle -1
sphere {
	<28.397293, 32.704830, 36.412674> 0.250000
	pigment { color rgbt <1,0,0,0> }
	no_shadow
}
cylinder {
	<28.415550, 33.090984, 36.309944>,  <28.426504, 33.322678, 36.248306>, 0.100000
	pigment { color rgbt <1,0,0,0> }
	no_shadow
}
cylinder {
	<28.415550, 33.090984, 36.309944>,  <28.397293, 32.704830, 36.412674>, 0.100000
	pigment { color rgbt <1,0,0,0> }
	no_shadow
}

// particle -1
sphere {
	<28.415550, 33.090984, 36.309944> 0.100000
	pigment { color rgbt <1,0,0,0> }
	no_shadow
}
sphere {
	0, 1
	scale<0.080000,0.200000,0.300000>
	matrix <0.713647, -0.211408, -0.667843,
		-0.699017, -0.152796, -0.698591,
		0.045645, 0.965381, -0.256820,
		28.429243, 33.380600, 36.232899>
	pigment { color rgbt <0,1,1,0> }
	no_shadow
}
cylinder {
	<28.512476, 32.725918, 35.738354>,  <28.397293, 32.704830, 36.412674>, 0.130000
	pigment { color rgbt <1,0,0,0> }
	no_shadow
}

// nucleotide -1

// particle -1
sphere {
	<28.512476, 32.725918, 35.738354> 0.250000
	pigment { color rgbt <1,0,0,0> }
	no_shadow
}
cylinder {
	<28.603695, 33.108505, 35.811195>,  <28.658426, 33.338058, 35.854900>, 0.100000
	pigment { color rgbt <1,0,0,0> }
	no_shadow
}
cylinder {
	<28.603695, 33.108505, 35.811195>,  <28.512476, 32.725918, 35.738354>, 0.100000
	pigment { color rgbt <1,0,0,0> }
	no_shadow
}

// particle -1
sphere {
	<28.603695, 33.108505, 35.811195> 0.100000
	pigment { color rgbt <1,0,0,0> }
	no_shadow
}
sphere {
	0, 1
	scale<0.080000,0.200000,0.300000>
	matrix <0.742482, -0.049840, -0.668009,
		-0.629854, 0.287547, -0.721527,
		0.228045, 0.956469, 0.182107,
		28.672108, 33.395447, 35.865826>
	pigment { color rgbt <0,1,1,0> }
	no_shadow
}
cylinder {
	<29.212837, 33.090267, 35.950005>,  <28.512476, 32.725918, 35.738354>, 0.130000
	pigment { color rgbt <1,0,0,0> }
	no_shadow
}

// nucleotide -1

// particle -1
sphere {
	<29.212837, 33.090267, 35.950005> 0.250000
	pigment { color rgbt <1,0,0,0> }
	no_shadow
}
cylinder {
	<29.423033, 33.429119, 35.981594>,  <29.549150, 33.632431, 36.000546>, 0.100000
	pigment { color rgbt <1,0,0,0> }
	no_shadow
}
cylinder {
	<29.423033, 33.429119, 35.981594>,  <29.212837, 33.090267, 35.950005>, 0.100000
	pigment { color rgbt <1,0,0,0> }
	no_shadow
}

// particle -1
sphere {
	<29.423033, 33.429119, 35.981594> 0.100000
	pigment { color rgbt <1,0,0,0> }
	no_shadow
}
sphere {
	0, 1
	scale<0.080000,0.200000,0.300000>
	matrix <-0.847748, 0.529198, -0.035691,
		-0.072025, -0.048192, 0.996238,
		0.525487, 0.847129, 0.078970,
		29.580679, 33.683258, 36.005283>
	pigment { color rgbt <0,1,1,0> }
	no_shadow
}
cylinder {
	<29.011499, 33.433716, 36.658966>,  <29.212837, 33.090267, 35.950005>, 0.130000
	pigment { color rgbt <1,0,0,0> }
	no_shadow
}

// nucleotide -1

// particle -1
sphere {
	<29.011499, 33.433716, 36.658966> 0.250000
	pigment { color rgbt <1,0,0,0> }
	no_shadow
}
cylinder {
	<29.118839, 33.618996, 36.321106>,  <29.183243, 33.730164, 36.118389>, 0.100000
	pigment { color rgbt <1,0,0,0> }
	no_shadow
}
cylinder {
	<29.118839, 33.618996, 36.321106>,  <29.011499, 33.433716, 36.658966>, 0.100000
	pigment { color rgbt <1,0,0,0> }
	no_shadow
}

// particle -1
sphere {
	<29.118839, 33.618996, 36.321106> 0.100000
	pigment { color rgbt <1,0,0,0> }
	no_shadow
}
sphere {
	0, 1
	scale<0.080000,0.200000,0.300000>
	matrix <-0.892385, 0.449766, -0.036868,
		0.362818, 0.763647, 0.534047,
		0.268350, 0.463199, -0.844651,
		29.199345, 33.757954, 36.067711>
	pigment { color rgbt <0,1,1,0> }
	no_shadow
}
cylinder {
	<29.064596, 34.202980, 36.655796>,  <29.011499, 33.433716, 36.658966>, 0.130000
	pigment { color rgbt <1,0,0,0> }
	no_shadow
}

// nucleotide -1

// particle -1
sphere {
	<29.064596, 34.202980, 36.655796> 0.250000
	pigment { color rgbt <1,0,0,0> }
	no_shadow
}
cylinder {
	<28.927877, 34.018806, 36.328094>,  <28.845846, 33.908302, 36.131474>, 0.100000
	pigment { color rgbt <1,0,0,0> }
	no_shadow
}
cylinder {
	<28.927877, 34.018806, 36.328094>,  <29.064596, 34.202980, 36.655796>, 0.100000
	pigment { color rgbt <1,0,0,0> }
	no_shadow
}

// particle -1
sphere {
	<28.927877, 34.018806, 36.328094> 0.100000
	pigment { color rgbt <1,0,0,0> }
	no_shadow
}
sphere {
	0, 1
	scale<0.080000,0.200000,0.300000>
	matrix <-0.933659, 0.265648, 0.240232,
		0.107023, 0.847016, -0.520682,
		-0.341798, -0.460429, -0.819255,
		28.825338, 33.880676, 36.082317>
	pigment { color rgbt <0,1,1,0> }
	no_shadow
}
cylinder {
	<28.554781, 34.661255, 36.151272>,  <29.064596, 34.202980, 36.655796>, 0.130000
	pigment { color rgbt <1,0,0,0> }
	no_shadow
}

// nucleotide -1

// particle -1
sphere {
	<28.554781, 34.661255, 36.151272> 0.250000
	pigment { color rgbt <1,0,0,0> }
	no_shadow
}
cylinder {
	<28.489332, 34.266685, 36.156971>,  <28.450062, 34.029945, 36.160389>, 0.100000
	pigment { color rgbt <1,0,0,0> }
	no_shadow
}
cylinder {
	<28.489332, 34.266685, 36.156971>,  <28.554781, 34.661255, 36.151272>, 0.100000
	pigment { color rgbt <1,0,0,0> }
	no_shadow
}

// particle -1
sphere {
	<28.489332, 34.266685, 36.156971> 0.100000
	pigment { color rgbt <1,0,0,0> }
	no_shadow
}
sphere {
	0, 1
	scale<0.080000,0.200000,0.300000>
	matrix <-0.925749, 0.158517, 0.343311,
		-0.340906, 0.042987, -0.939114,
		-0.163623, -0.986420, 0.014244,
		28.440245, 33.970760, 36.161243>
	pigment { color rgbt <0,1,1,0> }
	no_shadow
}
cylinder {
	<27.885157, 34.441540, 35.803993>,  <28.554781, 34.661255, 36.151272>, 0.130000
	pigment { color rgbt <1,0,0,0> }
	no_shadow
}

// nucleotide -1

// particle -1
sphere {
	<27.885157, 34.441540, 35.803993> 0.250000
	pigment { color rgbt <1,0,0,0> }
	no_shadow
}
cylinder {
	<27.993139, 34.167229, 36.074352>,  <28.057930, 34.002644, 36.236568>, 0.100000
	pigment { color rgbt <1,0,0,0> }
	no_shadow
}
cylinder {
	<27.993139, 34.167229, 36.074352>,  <27.885157, 34.441540, 35.803993>, 0.100000
	pigment { color rgbt <1,0,0,0> }
	no_shadow
}

// particle -1
sphere {
	<27.993139, 34.167229, 36.074352> 0.100000
	pigment { color rgbt <1,0,0,0> }
	no_shadow
}
sphere {
	0, 1
	scale<0.080000,0.200000,0.300000>
	matrix <-0.827652, 0.193451, 0.526848,
		-0.492051, -0.701634, -0.515360,
		0.269957, -0.685775, 0.675896,
		28.074127, 33.961494, 36.277122>
	pigment { color rgbt <0,1,1,0> }
	no_shadow
}
cylinder {
	<28.137449, 35.154640, 35.616470>,  <27.885157, 34.441540, 35.803993>, 0.130000
	pigment { color rgbt <1,0,0,0> }
	no_shadow
}

// nucleotide -1

// particle -1
sphere {
	<28.137449, 35.154640, 35.616470> 0.250000
	pigment { color rgbt <1,0,0,0> }
	no_shadow
}
cylinder {
	<27.832298, 35.089375, 35.866718>,  <27.649208, 35.050217, 36.016869>, 0.100000
	pigment { color rgbt <1,0,0,0> }
	no_shadow
}
cylinder {
	<27.832298, 35.089375, 35.866718>,  <28.137449, 35.154640, 35.616470>, 0.100000
	pigment { color rgbt <1,0,0,0> }
	no_shadow
}

// particle -1
sphere {
	<27.832298, 35.089375, 35.866718> 0.100000
	pigment { color rgbt <1,0,0,0> }
	no_shadow
}
sphere {
	0, 1
	scale<0.080000,0.200000,0.300000>
	matrix <0.063392, 0.944095, 0.323521,
		-0.643430, 0.286466, -0.709884,
		-0.762876, -0.163162, 0.625618,
		27.603436, 35.040424, 36.054405>
	pigment { color rgbt <0,1,1,0> }
	no_shadow
}
cylinder {
	<28.824905, 35.565521, 35.558773>,  <28.137449, 35.154640, 35.616470>, 0.130000
	pigment { color rgbt <1,0,0,0> }
	no_shadow
}

// nucleotide -1

// particle -1
sphere {
	<28.824905, 35.565521, 35.558773> 0.250000
	pigment { color rgbt <1,0,0,0> }
	no_shadow
}
cylinder {
	<28.820494, 35.716583, 35.929127>,  <28.817846, 35.807220, 36.151337>, 0.100000
	pigment { color rgbt <1,0,0,0> }
	no_shadow
}
cylinder {
	<28.820494, 35.716583, 35.929127>,  <28.824905, 35.565521, 35.558773>, 0.100000
	pigment { color rgbt <1,0,0,0> }
	no_shadow
}

// particle -1
sphere {
	<28.820494, 35.716583, 35.929127> 0.100000
	pigment { color rgbt <1,0,0,0> }
	no_shadow
}
sphere {
	0, 1
	scale<0.080000,0.200000,0.300000>
	matrix <0.796802, 0.562748, -0.220046,
		-0.604140, 0.735318, -0.307120,
		-0.011027, 0.377652, 0.925882,
		28.817186, 35.829880, 36.206890>
	pigment { color rgbt <0,1,1,0> }
	no_shadow
}
cylinder {
	<28.757298, 36.415741, 35.680111>,  <28.824905, 35.565521, 35.558773>, 0.130000
	pigment { color rgbt <1,0,0,0> }
	no_shadow
}

// nucleotide -1

// particle -1
sphere {
	<28.757298, 36.415741, 35.680111> 0.250000
	pigment { color rgbt <1,0,0,0> }
	no_shadow
}
cylinder {
	<28.974449, 36.216198, 35.950348>,  <29.104740, 36.096474, 36.112492>, 0.100000
	pigment { color rgbt <1,0,0,0> }
	no_shadow
}
cylinder {
	<28.974449, 36.216198, 35.950348>,  <28.757298, 36.415741, 35.680111>, 0.100000
	pigment { color rgbt <1,0,0,0> }
	no_shadow
}

// particle -1
sphere {
	<28.974449, 36.216198, 35.950348> 0.100000
	pigment { color rgbt <1,0,0,0> }
	no_shadow
}
sphere {
	0, 1
	scale<0.080000,0.200000,0.300000>
	matrix <0.737939, 0.667390, -0.100184,
		-0.400906, 0.552934, 0.730437,
		0.542881, -0.498854, 0.675592,
		29.137314, 36.066544, 36.153027>
	pigment { color rgbt <0,1,1,0> }
	no_shadow
}
cylinder {
	<28.893631, 36.812027, 36.302818>,  <28.757298, 36.415741, 35.680111>, 0.130000
	pigment { color rgbt <1,0,0,0> }
	no_shadow
}

// nucleotide -1

// particle -1
sphere {
	<28.893631, 36.812027, 36.302818> 0.250000
	pigment { color rgbt <1,0,0,0> }
	no_shadow
}
cylinder {
	<29.175404, 36.533703, 36.246784>,  <29.344467, 36.366707, 36.213165>, 0.100000
	pigment { color rgbt <1,0,0,0> }
	no_shadow
}
cylinder {
	<29.175404, 36.533703, 36.246784>,  <28.893631, 36.812027, 36.302818>, 0.100000
	pigment { color rgbt <1,0,0,0> }
	no_shadow
}

// particle -1
sphere {
	<29.175404, 36.533703, 36.246784> 0.100000
	pigment { color rgbt <1,0,0,0> }
	no_shadow
}
sphere {
	0, 1
	scale<0.080000,0.200000,0.300000>
	matrix <0.692909, 0.716935, -0.076692,
