// switches for output
#declare DRAW_BASES = 1; // possible values are 0, 1; only relevant for DNA ribbons
#declare DRAW_BASES_TYPE = 3; // possible values are 1, 2, 3; only relevant for DNA ribbons
#declare DRAW_FOG = 0; // set to 1 to enable fog

#include "colors.inc"

#include "transforms.inc"
background { rgb <1, 1, 1>}

#default {
   normal{
       ripples 0.25
       frequency 0.20
       turbulence 0.2
       lambda 5
   }
	finish {
		phong 0.1
		phong_size 40.
	}
}

// original window dimensions: 1024x640


// camera settings

camera {
	sky <0, 0.179814, -0.983701>
	up <0, 0.179814, -0.983701>
	right 1.6 * <1, 0, 0>
	location <35, 94.9851, 44.8844>
	look_at <35, 29.7336, 32.9568>
	direction <0, -65.2515, -11.9276>
	angle 67.0682
}


# declare cpy_camera_pos = <35, 94.9851, 44.8844>;
# if (DRAW_FOG = 1)
fog {
	fog_type 2
	up vnormalize(cpy_camera_pos)
	color rgbt<1,1,1,0.3>
	distance 1e-5
	fog_alt 3e-3
	fog_offset 56
}
# end


// LIGHTS

# declare lum = 6;
global_settings {
	ambient_light rgb lum * <0.05, 0.05, 0.05>
	max_trace_level 15
}# declare cpy_direct_light_amount = 0.25;
light_source
{	1000 * <-1, -1.16352, -0.803886>,
	rgb lum * cpy_direct_light_amount
	parallel
}

light_source
{	1000 * <1, 1.16352, 0.803886>,
	rgb lum * cpy_direct_light_amount
	parallel
}

// strand 0

// nucleotide -1

// particle -1
sphere {
	<24.420738, 35.255203, 35.509781> 0.250000
	pigment { color rgbt <1,0,0,0> }
	no_shadow
}
cylinder {
	<24.242718, 35.112179, 35.181370>,  <24.135906, 35.026363, 34.984325>, 0.100000
	pigment { color rgbt <1,0,0,0> }
	no_shadow
}
cylinder {
	<24.242718, 35.112179, 35.181370>,  <24.420738, 35.255203, 35.509781>, 0.100000
	pigment { color rgbt <1,0,0,0> }
	no_shadow
}

// particle -1
sphere {
	<24.242718, 35.112179, 35.181370> 0.100000
	pigment { color rgbt <1,0,0,0> }
	no_shadow
}
sphere {
	0, 1
	scale<0.080000,0.200000,0.300000>
	matrix <-0.855531, -0.101102, 0.507784,
		-0.264570, 0.928402, -0.260907,
		-0.445050, -0.357558, -0.821025,
		24.109203, 35.004910, 34.935062>
	pigment { color rgbt <0,1,1,0> }
	no_shadow
}
cylinder {
	<24.804327, 34.875641, 34.918251>,  <24.420738, 35.255203, 35.509781>, 0.130000
	pigment { color rgbt <1,0,0,0> }
	no_shadow
}

// nucleotide -1

// particle -1
sphere {
	<24.804327, 34.875641, 34.918251> 0.250000
	pigment { color rgbt <1,0,0,0> }
	no_shadow
}
cylinder {
	<25.051985, 35.117020, 35.119251>,  <25.200579, 35.261848, 35.239853>, 0.100000
	pigment { color rgbt <1,0,0,0> }
	no_shadow
}
cylinder {
	<25.051985, 35.117020, 35.119251>,  <24.804327, 34.875641, 34.918251>, 0.100000
	pigment { color rgbt <1,0,0,0> }
	no_shadow
}

// particle -1
sphere {
	<25.051985, 35.117020, 35.119251> 0.100000
	pigment { color rgbt <1,0,0,0> }
	no_shadow
}
sphere {
	0, 1
	scale<0.080000,0.200000,0.300000>
	matrix <0.776079, -0.372551, -0.508829,
		-0.119844, 0.705021, -0.698987,
		0.619144, 0.603449, 0.502504,
		25.237728, 35.298054, 35.270004>
	pigment { color rgbt <0,1,1,0> }
	no_shadow
}
cylinder {
	<25.142162, 35.439144, 34.445160>,  <24.804327, 34.875641, 34.918251>, 0.130000
	pigment { color rgbt <1,0,0,0> }
	no_shadow
}

// nucleotide -1

// particle -1
sphere {
	<25.142162, 35.439144, 34.445160> 0.250000
	pigment { color rgbt <1,0,0,0> }
	no_shadow
}
cylinder {
	<25.351694, 35.302963, 34.757492>,  <25.477413, 35.221256, 34.944893>, 0.100000
	pigment { color rgbt <1,0,0,0> }
	no_shadow
}
cylinder {
	<25.351694, 35.302963, 34.757492>,  <25.142162, 35.439144, 34.445160>, 0.100000
	pigment { color rgbt <1,0,0,0> }
	no_shadow
}

// particle -1
sphere {
	<25.351694, 35.302963, 34.757492> 0.100000
	pigment { color rgbt <1,0,0,0> }
	no_shadow
}
sphere {
	0, 1
	scale<0.080000,0.200000,0.300000>
	matrix <0.759008, -0.229548, -0.609274,
		0.386666, 0.911812, 0.138162,
		0.523829, -0.340452, 0.780830,
		25.508842, 35.200829, 34.991741>
	pigment { color rgbt <0,1,1,0> }
	no_shadow
}
cylinder {
	<25.834484, 35.606579, 34.462090>,  <25.142162, 35.439144, 34.445160>, 0.130000
	pigment { color rgbt <1,0,0,0> }
	no_shadow
}

// nucleotide -1

// particle -1
sphere {
	<25.834484, 35.606579, 34.462090> 0.250000
	pigment { color rgbt <1,0,0,0> }
	no_shadow
}
cylinder {
	<25.814150, 35.248905, 34.640015>,  <25.801949, 35.034302, 34.746769>, 0.100000
	pigment { color rgbt <1,0,0,0> }
	no_shadow
}
cylinder {
	<25.814150, 35.248905, 34.640015>,  <25.834484, 35.606579, 34.462090>, 0.100000
	pigment { color rgbt <1,0,0,0> }
	no_shadow
}

// particle -1
sphere {
	<25.814150, 35.248905, 34.640015> 0.100000
	pigment { color rgbt <1,0,0,0> }
	no_shadow
}
sphere {
	0, 1
	scale<0.080000,0.200000,0.300000>
	matrix <0.731171, -0.336711, -0.593309,
		0.680298, 0.295070, 0.670916,
		-0.050837, -0.894181, 0.444811,
		25.798899, 34.980652, 34.773457>
	pigment { color rgbt <0,1,1,0> }
	no_shadow
}
cylinder {
	<26.513351, 35.323208, 34.608150>,  <25.834484, 35.606579, 34.462090>, 0.130000
	pigment { color rgbt <1,0,0,0> }
	no_shadow
}

// nucleotide -1

// particle -1
sphere {
	<26.513351, 35.323208, 34.608150> 0.250000
	pigment { color rgbt <1,0,0,0> }
	no_shadow
}
cylinder {
	<26.233215, 35.044937, 34.544212>,  <26.065134, 34.877975, 34.505848>, 0.100000
	pigment { color rgbt <1,0,0,0> }
	no_shadow
}
cylinder {
	<26.233215, 35.044937, 34.544212>,  <26.513351, 35.323208, 34.608150>, 0.100000
	pigment { color rgbt <1,0,0,0> }
	no_shadow
}

// particle -1
sphere {
	<26.233215, 35.044937, 34.544212> 0.100000
	pigment { color rgbt <1,0,0,0> }
	no_shadow
}
sphere {
	0, 1
	scale<0.080000,0.200000,0.300000>
	matrix <0.659631, -0.545176, -0.517368,
		0.272780, -0.467773, 0.840702,
		-0.700342, -0.695680, -0.159845,
		26.023113, 34.836231, 34.496258>
	pigment { color rgbt <0,1,1,0> }
	no_shadow
}
cylinder {
	<26.831959, 34.894905, 35.153244>,  <26.513351, 35.323208, 34.608150>, 0.130000
	pigment { color rgbt <1,0,0,0> }
	no_shadow
}

// nucleotide -1

// particle -1
sphere {
	<26.831959, 34.894905, 35.153244> 0.250000
	pigment { color rgbt <1,0,0,0> }
	no_shadow
}
cylinder {
	<26.705355, 35.173336, 35.411018>,  <26.629393, 35.340397, 35.565681>, 0.100000
	pigment { color rgbt <1,0,0,0> }
	no_shadow
}
cylinder {
	<26.705355, 35.173336, 35.411018>,  <26.831959, 34.894905, 35.153244>, 0.100000
	pigment { color rgbt <1,0,0,0> }
	no_shadow
}

// particle -1
sphere {
	<26.705355, 35.173336, 35.411018> 0.100000
	pigment { color rgbt <1,0,0,0> }
	no_shadow
}
sphere {
	0, 1
	scale<0.080000,0.200000,0.300000>
	matrix <-0.516521, -0.696280, 0.498398,
		0.795630, -0.175113, 0.579921,
		-0.316511, 0.696081, 0.644431,
		26.610401, 35.382160, 35.604347>
	pigment { color rgbt <0,1,1,0> }
	no_shadow
}
cylinder {
	<27.005800, 34.657066, 35.800648>,  <26.831959, 34.894905, 35.153244>, 0.130000
	pigment { color rgbt <1,0,0,0> }
	no_shadow
}

// nucleotide -1

// particle -1
sphere {
	<27.005800, 34.657066, 35.800648> 0.250000
	pigment { color rgbt <1,0,0,0> }
	no_shadow
}
cylinder {
	<26.721455, 34.929600, 35.870457>,  <26.550848, 35.093121, 35.912342>, 0.100000
	pigment { color rgbt <1,0,0,0> }
	no_shadow
}
cylinder {
	<26.721455, 34.929600, 35.870457>,  <27.005800, 34.657066, 35.800648>, 0.100000
	pigment { color rgbt <1,0,0,0> }
	no_shadow
}

// particle -1
sphere {
	<26.721455, 34.929600, 35.870457> 0.100000
	pigment { color rgbt <1,0,0,0> }
	no_shadow
}
sphere {
	0, 1
	scale<0.080000,0.200000,0.300000>
	matrix <-0.429927, -0.617323, 0.658843,
		0.556628, 0.393316, 0.731756,
		-0.710864, 0.681333, 0.174522,
		26.508196, 35.133999, 35.922813>
	pigment { color rgbt <0,1,1,0> }
	no_shadow
}
cylinder {
	<26.958464, 34.782925, 36.583614>,  <27.005800, 34.657066, 35.800648>, 0.130000
	pigment { color rgbt <1,0,0,0> }
	no_shadow
}

// nucleotide -1

// particle -1
sphere {
	<26.958464, 34.782925, 36.583614> 0.250000
	pigment { color rgbt <1,0,0,0> }
	no_shadow
}
cylinder {
	<26.603441, 34.901981, 36.442955>,  <26.390429, 34.973415, 36.358559>, 0.100000
	pigment { color rgbt <1,0,0,0> }
	no_shadow
}
cylinder {
	<26.603441, 34.901981, 36.442955>,  <26.958464, 34.782925, 36.583614>, 0.100000
	pigment { color rgbt <1,0,0,0> }
	no_shadow
}

// particle -1
sphere {
	<26.603441, 34.901981, 36.442955> 0.100000
	pigment { color rgbt <1,0,0,0> }
	no_shadow
}
sphere {
	0, 1
	scale<0.080000,0.200000,0.300000>
	matrix <-0.460689, -0.568117, 0.681915,
		0.003188, 0.767238, 0.641355,
		-0.887556, 0.297639, -0.351647,
		26.337175, 34.991272, 36.337460>
	pigment { color rgbt <0,1,1,0> }
	no_shadow
}
cylinder {
	<26.532385, 34.882999, 37.222527>,  <26.958464, 34.782925, 36.583614>, 0.130000
	pigment { color rgbt <1,0,0,0> }
	no_shadow
}

// nucleotide -1

// particle -1
sphere {
	<26.532385, 34.882999, 37.222527> 0.250000
	pigment { color rgbt <1,0,0,0> }
	no_shadow
}
cylinder {
	<26.280020, 34.825909, 36.917480>,  <26.128601, 34.791653, 36.734455>, 0.100000
	pigment { color rgbt <1,0,0,0> }
	no_shadow
}
cylinder {
	<26.280020, 34.825909, 36.917480>,  <26.532385, 34.882999, 37.222527>, 0.100000
	pigment { color rgbt <1,0,0,0> }
	no_shadow
}

// particle -1
sphere {
	<26.280020, 34.825909, 36.917480> 0.100000
	pigment { color rgbt <1,0,0,0> }
	no_shadow
}
sphere {
	0, 1
	scale<0.080000,0.200000,0.300000>
	matrix <-0.585884, -0.556722, 0.588898,
		-0.508615, 0.818346, 0.267621,
		-0.630913, -0.142728, -0.762612,
		26.090746, 34.783089, 36.688698>
	pigment { color rgbt <0,1,1,0> }
	no_shadow
}
cylinder {
	<25.878662, 34.892452, 37.587688>,  <26.532385, 34.882999, 37.222527>, 0.130000
	pigment { color rgbt <1,0,0,0> }
	no_shadow
}

// nucleotide -1

// particle -1
sphere {
	<25.878662, 34.892452, 37.587688> 0.250000
	pigment { color rgbt <1,0,0,0> }
	no_shadow
}
cylinder {
	<25.797529, 34.731487, 37.230606>,  <25.748850, 34.634907, 37.016357>, 0.100000
	pigment { color rgbt <1,0,0,0> }
	no_shadow
}
cylinder {
	<25.797529, 34.731487, 37.230606>,  <25.878662, 34.892452, 37.587688>, 0.100000
	pigment { color rgbt <1,0,0,0> }
	no_shadow
}

// particle -1
sphere {
	<25.797529, 34.731487, 37.230606> 0.100000
	pigment { color rgbt <1,0,0,0> }
	no_shadow
}
sphere {
	0, 1
	scale<0.080000,0.200000,0.300000>
	matrix <-0.708663, -0.568818, 0.417424,
		-0.675764, 0.717294, -0.169801,
		-0.202830, -0.402412, -0.892706,
		25.736681, 34.610764, 36.962795>
	pigment { color rgbt <0,1,1,0> }
	no_shadow
}
cylinder {
	<25.181971, 34.815014, 37.580269>,  <25.878662, 34.892452, 37.587688>, 0.130000
	pigment { color rgbt <1,0,0,0> }
	no_shadow
}

// nucleotide -1

// particle -1
sphere {
	<25.181971, 34.815014, 37.580269> 0.250000
	pigment { color rgbt <1,0,0,0> }
	no_shadow
}
cylinder {
	<25.289179, 34.594200, 37.264439>,  <25.353504, 34.461712, 37.074940>, 0.100000
	pigment { color rgbt <1,0,0,0> }
	no_shadow
}
cylinder {
	<25.289179, 34.594200, 37.264439>,  <25.181971, 34.815014, 37.580269>, 0.100000
	pigment { color rgbt <1,0,0,0> }
	no_shadow
}

// particle -1
sphere {
	<25.289179, 34.594200, 37.264439> 0.100000
	pigment { color rgbt <1,0,0,0> }
	no_shadow
}
sphere {
	0, 1
	scale<0.080000,0.200000,0.300000>
	matrix <-0.750265, -0.633726, 0.188399,
		-0.604375, 0.541892, -0.584024,
		0.268020, -0.552036, -0.789570,
		25.369585, 34.428589, 37.027569>
	pigment { color rgbt <0,1,1,0> }
	no_shadow
}
cylinder {
	<24.603167, 34.701939, 37.128376>,  <25.181971, 34.815014, 37.580269>, 0.130000
	pigment { color rgbt <1,0,0,0> }
	no_shadow
}

// nucleotide -1

// particle -1
sphere {
	<24.603167, 34.701939, 37.128376> 0.250000
	pigment { color rgbt <1,0,0,0> }
	no_shadow
}
cylinder {
	<24.870661, 34.404545, 37.126301>,  <25.031157, 34.226109, 37.125057>, 0.100000
	pigment { color rgbt <1,0,0,0> }
	no_shadow
}
cylinder {
	<24.870661, 34.404545, 37.126301>,  <24.603167, 34.701939, 37.128376>, 0.100000
	pigment { color rgbt <1,0,0,0> }
	no_shadow
}

// particle -1
sphere {
	<24.870661, 34.404545, 37.126301> 0.100000
	pigment { color rgbt <1,0,0,0> }
	no_shadow
}
sphere {
	0, 1
	scale<0.080000,0.200000,0.300000>
	matrix <-0.706672, -0.637762, 0.306388,
		-0.231103, -0.201226, -0.951892,
		0.668734, -0.743483, -0.005188,
		25.071281, 34.181499, 37.124744>
	pigment { color rgbt <0,1,1,0> }
	no_shadow
}
cylinder {
	<24.352161, 34.090912, 36.920132>,  <24.603167, 34.701939, 37.128376>, 0.130000
	pigment { color rgbt <1,0,0,0> }
	no_shadow
}

// nucleotide -1

// particle -1
sphere {
	<24.352161, 34.090912, 36.920132> 0.250000
	pigment { color rgbt <1,0,0,0> }
	no_shadow
}
cylinder {
	<24.664215, 33.920597, 37.103477>,  <24.851446, 33.818409, 37.213486>, 0.100000
	pigment { color rgbt <1,0,0,0> }
	no_shadow
}
cylinder {
	<24.664215, 33.920597, 37.103477>,  <24.352161, 34.090912, 36.920132>, 0.100000
	pigment { color rgbt <1,0,0,0> }
	no_shadow
}

// particle -1
sphere {
	<24.664215, 33.920597, 37.103477> 0.100000
	pigment { color rgbt <1,0,0,0> }
	no_shadow
}
sphere {
	0, 1
	scale<0.080000,0.200000,0.300000>
	matrix <-0.529789, -0.839302, 0.122052,
		0.332742, -0.338055, -0.880341,
		0.780132, -0.425783, 0.458369,
		24.898254, 33.792862, 37.240990>
	pigment { color rgbt <0,1,1,0> }
	no_shadow
}
cylinder {
	<24.698462, 33.561741, 36.419830>,  <24.352161, 34.090912, 36.920132>, 0.130000
	pigment { color rgbt <1,0,0,0> }
	no_shadow
}

// nucleotide -1

// particle -1
sphere {
	<24.698462, 33.561741, 36.419830> 0.250000
	pigment { color rgbt <1,0,0,0> }
	no_shadow
}
cylinder {
	<24.726021, 33.490417, 36.812454>,  <24.742558, 33.447624, 37.048027>, 0.100000
	pigment { color rgbt <1,0,0,0> }
	no_shadow
}
cylinder {
	<24.726021, 33.490417, 36.812454>,  <24.698462, 33.561741, 36.419830>, 0.100000
	pigment { color rgbt <1,0,0,0> }
	no_shadow
}

// particle -1
sphere {
	<24.726021, 33.490417, 36.812454> 0.100000
	pigment { color rgbt <1,0,0,0> }
	no_shadow
}
sphere {
	0, 1
	scale<0.080000,0.200000,0.300000>
	matrix <-0.425321, -0.895250, -0.132775,
		0.902416, -0.408329, -0.137522,
		0.068900, -0.178309, 0.981559,
		24.746691, 33.436924, 37.106922>
	pigment { color rgbt <0,1,1,0> }
	no_shadow
}
cylinder {
	<24.999699, 32.897900, 36.454922>,  <24.698462, 33.561741, 36.419830>, 0.130000
	pigment { color rgbt <1,0,0,0> }
	no_shadow
}

// nucleotide -1

// particle -1
sphere {
	<24.999699, 32.897900, 36.454922> 0.250000
	pigment { color rgbt <1,0,0,0> }
	no_shadow
}
cylinder {
	<24.813143, 32.945091, 36.805592>,  <24.701210, 32.973408, 37.015995>, 0.100000
	pigment { color rgbt <1,0,0,0> }
	no_shadow
}
cylinder {
	<24.813143, 32.945091, 36.805592>,  <24.999699, 32.897900, 36.454922>, 0.100000
	pigment { color rgbt <1,0,0,0> }
	no_shadow
}

// particle -1
sphere {
	<24.813143, 32.945091, 36.805592> 0.100000
	pigment { color rgbt <1,0,0,0> }
	no_shadow
}
sphere {
	0, 1
	scale<0.080000,0.200000,0.300000>
	matrix <-0.342113, -0.938002, -0.055771,
		0.815744, -0.325933, 0.477838,
		-0.466390, 0.117979, 0.876676,
		24.673225, 32.980484, 37.068596>
	pigment { color rgbt <0,1,1,0> }
	no_shadow
}
cylinder {
	<25.511061, 33.297211, 36.819115>,  <24.999699, 32.897900, 36.454922>, 0.130000
	pigment { color rgbt <1,0,0,0> }
	no_shadow
}

// nucleotide -1

// particle -1
sphere {
	<25.511061, 33.297211, 36.819115> 0.250000
	pigment { color rgbt <1,0,0,0> }
	no_shadow
}
cylinder {
	<25.283157, 33.624313, 36.786484>,  <25.146416, 33.820576, 36.766907>, 0.100000
	pigment { color rgbt <1,0,0,0> }
	no_shadow
}
cylinder {
	<25.283157, 33.624313, 36.786484>,  <25.511061, 33.297211, 36.819115>, 0.100000
	pigment { color rgbt <1,0,0,0> }
	no_shadow
}

// particle -1
sphere {
	<25.283157, 33.624313, 36.786484> 0.100000
	pigment { color rgbt <1,0,0,0> }
	no_shadow
}
sphere {
	0, 1
	scale<0.080000,0.200000,0.300000>
	matrix <0.715990, 0.445216, -0.537718,
		-0.403401, -0.364779, -0.839169,
		-0.569760, 0.817752, -0.081578,
		25.112230, 33.869640, 36.762009>
	pigment { color rgbt <0,1,1,0> }
	no_shadow
}
cylinder {
	<25.761187, 33.486568, 36.167103>,  <25.511061, 33.297211, 36.819115>, 0.130000
	pigment { color rgbt <1,0,0,0> }
	no_shadow
}

// nucleotide -1

// particle -1
sphere {
	<25.761187, 33.486568, 36.167103> 0.250000
	pigment { color rgbt <1,0,0,0> }
	no_shadow
}
cylinder {
	<25.630211, 33.772171, 36.414646>,  <25.551626, 33.943531, 36.563171>, 0.100000
	pigment { color rgbt <1,0,0,0> }
	no_shadow
}
cylinder {
	<25.630211, 33.772171, 36.414646>,  <25.761187, 33.486568, 36.167103>, 0.100000
	pigment { color rgbt <1,0,0,0> }
	no_shadow
}

// particle -1
sphere {
	<25.630211, 33.772171, 36.414646> 0.100000
	pigment { color rgbt <1,0,0,0> }
	no_shadow
}
sphere {
	0, 1
	scale<0.080000,0.200000,0.300000>
	matrix <0.664632, 0.639583, -0.386263,
		-0.671602, 0.284833, -0.683974,
		-0.327438, 0.714006, 0.618854,
		25.531979, 33.986374, 36.600304>
	pigment { color rgbt <0,1,1,0> }
	no_shadow
}
cylinder {
	<25.553608, 34.127731, 35.732471>,  <25.761187, 33.486568, 36.167103>, 0.130000
	pigment { color rgbt <1,0,0,0> }
	no_shadow
}

// nucleotide -1

// particle -1
sphere {
	<25.553608, 34.127731, 35.732471> 0.250000
	pigment { color rgbt <1,0,0,0> }
	no_shadow
}
cylinder {
	<25.604687, 34.267193, 36.103878>,  <25.635334, 34.350868, 36.326721>, 0.100000
	pigment { color rgbt <1,0,0,0> }
	no_shadow
}
cylinder {
	<25.604687, 34.267193, 36.103878>,  <25.553608, 34.127731, 35.732471>, 0.100000
	pigment { color rgbt <1,0,0,0> }
	no_shadow
}

// particle -1
sphere {
	<25.604687, 34.267193, 36.103878> 0.100000
	pigment { color rgbt <1,0,0,0> }
	no_shadow
}
sphere {
	0, 1
	scale<0.080000,0.200000,0.300000>
	matrix <0.427753, 0.825274, -0.368714,
		-0.894830, 0.444258, -0.043752,
		0.127696, 0.348652, 0.928513,
		25.642996, 34.371788, 36.382431>
	pigment { color rgbt <0,1,1,0> }
	no_shadow
}
cylinder {
	<25.231625, 34.734550, 35.698704>,  <25.553608, 34.127731, 35.732471>, 0.130000
	pigment { color rgbt <1,0,0,0> }
	no_shadow
}

// nucleotide -1

// particle -1
sphere {
	<25.231625, 34.734550, 35.698704> 0.250000
	pigment { color rgbt <1,0,0,0> }
	no_shadow
}
cylinder {
	<25.488029, 34.743118, 36.005596>,  <25.641872, 34.748260, 36.189732>, 0.100000
	pigment { color rgbt <1,0,0,0> }
	no_shadow
}
cylinder {
	<25.488029, 34.743118, 36.005596>,  <25.231625, 34.734550, 35.698704>, 0.100000
	pigment { color rgbt <1,0,0,0> }
	no_shadow
}

// particle -1
sphere {
	<25.488029, 34.743118, 36.005596> 0.100000
	pigment { color rgbt <1,0,0,0> }
	no_shadow
}
sphere {
	0, 1
	scale<0.080000,0.200000,0.300000>
	matrix <0.468905, 0.780448, -0.413556,
		-0.607644, 0.624853, 0.490232,
		0.641012, 0.021423, 0.767232,
		25.680334, 34.749546, 36.235767>
	pigment { color rgbt <0,1,1,0> }
	no_shadow
}
cylinder {
	<25.162357, 35.404324, 35.903194>,  <25.231625, 34.734550, 35.698704>, 0.130000
	pigment { color rgbt <1,0,0,0> }
	no_shadow
}

// nucleotide -1

// particle -1
sphere {
	<25.162357, 35.404324, 35.903194> 0.250000
	pigment { color rgbt <1,0,0,0> }
	no_shadow
}
cylinder {
	<25.515205, 35.251873, 36.013905>,  <25.726913, 35.160404, 36.080330>, 0.100000
	pigment { color rgbt <1,0,0,0> }
	no_shadow
}
cylinder {
	<25.515205, 35.251873, 36.013905>,  <25.162357, 35.404324, 35.903194>, 0.100000
	pigment { color rgbt <1,0,0,0> }
	no_shadow
}

// particle -1
sphere {
	<25.515205, 35.251873, 36.013905> 0.100000
	pigment { color rgbt <1,0,0,0> }
	no_shadow
}
sphere {
	0, 1
	scale<0.080000,0.200000,0.300000>
	matrix <0.470928, 0.701757, -0.534569,
		0.009509, 0.601896, 0.798518,
		0.882120, -0.381128, 0.276777,
		25.779842, 35.137535, 36.096939>
	pigment { color rgbt <0,1,1,0> }
	no_shadow
}
cylinder {
	<24.888966, 35.841984, 36.403481>,  <25.162357, 35.404324, 35.903194>, 0.130000
	pigment { color rgbt <1,0,0,0> }
	no_shadow
}

// nucleotide -1

// particle -1
sphere {
	<24.888966, 35.841984, 36.403481> 0.250000
	pigment { color rgbt <1,0,0,0> }
	no_shadow
}
cylinder {
	<24.893713, 35.846470, 36.803429>,  <24.896563, 35.849163, 37.043396>, 0.100000
	pigment { color rgbt <1,0,0,0> }
	no_shadow
}
cylinder {
	<24.893713, 35.846470, 36.803429>,  <24.888966, 35.841984, 36.403481>, 0.100000
	pigment { color rgbt <1,0,0,0> }
	no_shadow
}

// particle -1
sphere {
	<24.893713, 35.846470, 36.803429> 0.100000
	pigment { color rgbt <1,0,0,0> }
	no_shadow
}
sphere {
	0, 1
	scale<0.080000,0.200000,0.300000>
	matrix <0.379898, 0.924909, -0.014886,
		-0.924952, 0.380024, 0.006718,
		0.011871, 0.011217, 0.999867,
		24.897274, 35.849834, 37.103390>
	pigment { color rgbt <0,1,1,0> }
	no_shadow
}
cylinder {
	<25.558039, 35.960281, 36.098949>,  <24.888966, 35.841984, 36.403481>, 0.130000
	pigment { color rgbt <1,0,0,0> }
	no_shadow
}

// nucleotide -1

// particle -1
sphere {
	<25.558039, 35.960281, 36.098949> 0.250000
	pigment { color rgbt <1,0,0,0> }
	no_shadow
}
cylinder {
	<25.853615, 35.698483, 36.034954>,  <26.030960, 35.541401, 35.996559>, 0.100000
	pigment { color rgbt <1,0,0,0> }
	no_shadow
}
cylinder {
	<25.853615, 35.698483, 36.034954>,  <25.558039, 35.960281, 36.098949>, 0.100000
	pigment { color rgbt <1,0,0,0> }
	no_shadow
}

// particle -1
sphere {
	<25.853615, 35.698483, 36.034954> 0.100000
	pigment { color rgbt <1,0,0,0> }
	no_shadow
}
sphere {
	0, 1
	scale<0.080000,0.200000,0.300000>
	matrix <0.531374, 0.712093, -0.458874,
		0.414257, 0.254069, 0.873979,
		0.738940, -0.654502, -0.159984,
		26.075296, 35.502132, 35.986958>
	pigment { color rgbt <0,1,1,0> }
	no_shadow
}
cylinder {
	<26.132679, 36.321972, 36.368462>,  <25.558039, 35.960281, 36.098949>, 0.130000
	pigment { color rgbt <1,0,0,0> }
	no_shadow
}

// nucleotide -1

// particle -1
sphere {
	<26.132679, 36.321972, 36.368462> 0.250000
	pigment { color rgbt <1,0,0,0> }
	no_shadow
}
cylinder {
	<26.247433, 36.032864, 36.116974>,  <26.316286, 35.859398, 35.966080>, 0.100000
	pigment { color rgbt <1,0,0,0> }
	no_shadow
}
cylinder {
	<26.247433, 36.032864, 36.116974>,  <26.132679, 36.321972, 36.368462>, 0.100000
	pigment { color rgbt <1,0,0,0> }
	no_shadow
}

// particle -1
sphere {
	<26.247433, 36.032864, 36.116974> 0.100000
	pigment { color rgbt <1,0,0,0> }
	no_shadow
}
sphere {
	0, 1
	scale<0.080000,0.200000,0.300000>
	matrix <0.516555, 0.669438, -0.533877,
		0.806764, -0.171608, 0.565405,
		0.286886, -0.722775, -0.628723,
		26.333498, 35.816032, 35.928356>
	pigment { color rgbt <0,1,1,0> }
	no_shadow
}
cylinder {
	<26.810965, 36.545242, 36.295185>,  <26.132679, 36.321972, 36.368462>, 0.130000
	pigment { color rgbt <1,0,0,0> }
	no_shadow
}

// nucleotide -1

// particle -1
sphere {
	<26.810965, 36.545242, 36.295185> 0.250000
	pigment { color rgbt <1,0,0,0> }
	no_shadow
}
cylinder {
	<26.664858, 36.316952, 36.001015>,  <26.577194, 36.179977, 35.824512>, 0.100000
	pigment { color rgbt <1,0,0,0> }
	no_shadow
}
cylinder {
	<26.664858, 36.316952, 36.001015>,  <26.810965, 36.545242, 36.295185>, 0.100000
	pigment { color rgbt <1,0,0,0> }
	no_shadow
}

// particle -1
sphere {
	<26.664858, 36.316952, 36.001015> 0.100000
	pigment { color rgbt <1,0,0,0> }
	no_shadow
}
sphere {
	0, 1
	scale<0.080000,0.200000,0.300000>
	matrix <0.395914, 0.619760, -0.677606,
		0.842515, -0.538673, -0.000420,
		-0.365268, -0.570726, -0.735426,
		26.555277, 36.145733, 35.780388>
	pigment { color rgbt <0,1,1,0> }
	no_shadow
}
cylinder {
	<27.297897, 36.265625, 35.799610>,  <26.810965, 36.545242, 36.295185>, 0.130000
	pigment { color rgbt <1,0,0,0> }
	no_shadow
}

// nucleotide -1

// particle -1
sphere {
	<27.297897, 36.265625, 35.799610> 0.250000
	pigment { color rgbt <1,0,0,0> }
	no_shadow
}
cylinder {
	<26.960094, 36.274715, 35.585587>,  <26.757412, 36.280170, 35.457172>, 0.100000
	pigment { color rgbt <1,0,0,0> }
	no_shadow
}
cylinder {
	<26.960094, 36.274715, 35.585587>,  <27.297897, 36.265625, 35.799610>, 0.100000
	pigment { color rgbt <1,0,0,0> }
	no_shadow
}

// particle -1
sphere {
	<26.960094, 36.274715, 35.585587> 0.100000
	pigment { color rgbt <1,0,0,0> }
	no_shadow
}
sphere {
	0, 1
	scale<0.080000,0.200000,0.300000>
	matrix <0.457832, 0.548965, -0.699304,
		0.277837, -0.835536, -0.474010,
		-0.844509, 0.022725, -0.535058,
		26.706741, 36.281532, 35.425068>
	pigment { color rgbt <0,1,1,0> }
	no_shadow
}
cylinder {
	<27.527308, 36.596111, 35.256504>,  <27.297897, 36.265625, 35.799610>, 0.130000
	pigment { color rgbt <1,0,0,0> }
	no_shadow
}

// nucleotide -1

// particle -1
sphere {
	<27.527308, 36.596111, 35.256504> 0.250000
	pigment { color rgbt <1,0,0,0> }
	no_shadow
}
cylinder {
	<27.153788, 36.553627, 35.119835>,  <26.929676, 36.528137, 35.037834>, 0.100000
	pigment { color rgbt <1,0,0,0> }
	no_shadow
}
cylinder {
	<27.153788, 36.553627, 35.119835>,  <27.527308, 36.596111, 35.256504>, 0.100000
	pigment { color rgbt <1,0,0,0> }
	no_shadow
}

// particle -1
sphere {
	<27.153788, 36.553627, 35.119835> 0.100000
	pigment { color rgbt <1,0,0,0> }
	no_shadow
}
sphere {
	0, 1
	scale<0.080000,0.200000,0.300000>
	matrix <0.173128, 0.701568, -0.691252,
		0.313125, -0.704643, -0.636735,
		-0.933799, -0.106212, -0.341672,
		26.873648, 36.521763, 35.017334>
	pigment { color rgbt <0,1,1,0> }
	no_shadow
}
cylinder {
	<27.503340, 36.679485, 34.563477>,  <27.527308, 36.596111, 35.256504>, 0.130000
	pigment { color rgbt <1,0,0,0> }
	no_shadow
}

// nucleotide -1

// particle -1
sphere {
	<27.503340, 36.679485, 34.563477> 0.250000
	pigment { color rgbt <1,0,0,0> }
	no_shadow
}
cylinder {
	<27.112522, 36.724342, 34.635929>,  <26.878031, 36.751255, 34.679401>, 0.100000
	pigment { color rgbt <1,0,0,0> }
	no_shadow
}
cylinder {
	<27.112522, 36.724342, 34.635929>,  <27.503340, 36.679485, 34.563477>, 0.100000
	pigment { color rgbt <1,0,0,0> }
	no_shadow
}

// particle -1
sphere {
	<27.112522, 36.724342, 34.635929> 0.100000
	pigment { color rgbt <1,0,0,0> }
	no_shadow
}
sphere {
	0, 1
	scale<0.080000,0.200000,0.300000>
	matrix <0.005619, 0.863512, -0.504298,
		-0.212967, -0.491703, -0.844319,
		-0.977043, 0.112143, 0.181136,
		26.819408, 36.757984, 34.690269>
	pigment { color rgbt <0,1,1,0> }
	no_shadow
}
cylinder {
	<27.936838, 36.057514, 34.865948>,  <27.503340, 36.679485, 34.563477>, 0.130000
	pigment { color rgbt <1,0,0,0> }
	no_shadow
}

// nucleotide -1

// particle -1
sphere {
	<27.936838, 36.057514, 34.865948> 0.250000
	pigment { color rgbt <1,0,0,0> }
	no_shadow
}
cylinder {
	<27.992304, 35.857803, 34.523838>,  <28.025583, 35.737976, 34.318573>, 0.100000
	pigment { color rgbt <1,0,0,0> }
	no_shadow
}
cylinder {
	<27.992304, 35.857803, 34.523838>,  <27.936838, 36.057514, 34.865948>, 0.100000
	pigment { color rgbt <1,0,0,0> }
	no_shadow
}

// particle -1
sphere {
	<27.992304, 35.857803, 34.523838> 0.100000
	pigment { color rgbt <1,0,0,0> }
	no_shadow
}
sphere {
	0, 1
	scale<0.080000,0.200000,0.300000>
	matrix <0.971773, 0.235038, 0.020345,
		0.190865, -0.833957, 0.517771,
		0.138663, -0.499273, -0.855277,
		28.033903, 35.708023, 34.267254>
	pigment { color rgbt <0,1,1,0> }
	no_shadow
}
cylinder {
	<28.420639, 35.580288, 34.981491>,  <27.936838, 36.057514, 34.865948>, 0.130000
	pigment { color rgbt <1,0,0,0> }
	no_shadow
}

// nucleotide -1

// particle -1
sphere {
	<28.420639, 35.580288, 34.981491> 0.250000
	pigment { color rgbt <1,0,0,0> }
	no_shadow
}
cylinder {
	<28.466105, 35.764641, 34.629429>,  <28.493383, 35.875252, 34.418194>, 0.100000
	pigment { color rgbt <1,0,0,0> }
	no_shadow
}
cylinder {
	<28.466105, 35.764641, 34.629429>,  <28.420639, 35.580288, 34.981491>, 0.100000
	pigment { color rgbt <1,0,0,0> }
	no_shadow
}

// particle -1
sphere {
	<28.466105, 35.764641, 34.629429> 0.100000
	pigment { color rgbt <1,0,0,0> }
	no_shadow
}
sphere {
	0, 1
	scale<0.080000,0.200000,0.300000>
	matrix <0.970727, 0.137152, 0.197176,
		0.211590, -0.876800, -0.431800,
		0.113662, 0.460880, -0.880154,
		28.500202, 35.902905, 34.365383>
	pigment { color rgbt <0,1,1,0> }
	no_shadow
}
cylinder {
	<28.892902, 35.212753, 34.599220>,  <28.420639, 35.580288, 34.981491>, 0.130000
	pigment { color rgbt <1,0,0,0> }
	no_shadow
}

// nucleotide -1

// particle -1
sphere {
	<28.892902, 35.212753, 34.599220> 0.250000
	pigment { color rgbt <1,0,0,0> }
	no_shadow
}
cylinder {
	<28.863564, 35.609699, 34.559570>,  <28.845961, 35.847866, 34.535782>, 0.100000
	pigment { color rgbt <1,0,0,0> }
	no_shadow
}
cylinder {
	<28.863564, 35.609699, 34.559570>,  <28.892902, 35.212753, 34.599220>, 0.100000
	pigment { color rgbt <1,0,0,0> }
	no_shadow
}

// particle -1
sphere {
	<28.863564, 35.609699, 34.559570> 0.100000
	pigment { color rgbt <1,0,0,0> }
	no_shadow
}
sphere {
	0, 1
	scale<0.080000,0.200000,0.300000>
	matrix <0.975954, 0.091876, 0.197666,
		0.205265, -0.082242, -0.975245,
		-0.073345, 0.992368, -0.099123,
		28.841560, 35.907410, 34.529835>
	pigment { color rgbt <0,1,1,0> }
	no_shadow
}
cylinder {
	<29.621067, 35.372173, 34.377789>,  <28.892902, 35.212753, 34.599220>, 0.130000
	pigment { color rgbt <1,0,0,0> }
	no_shadow
}

// nucleotide -1

// particle -1
sphere {
	<29.621067, 35.372173, 34.377789> 0.250000
	pigment { color rgbt <1,0,0,0> }
	no_shadow
}
cylinder {
	<29.472797, 35.710873, 34.530434>,  <29.383835, 35.914093, 34.622021>, 0.100000
	pigment { color rgbt <1,0,0,0> }
	no_shadow
}
cylinder {
	<29.472797, 35.710873, 34.530434>,  <29.621067, 35.372173, 34.377789>, 0.100000
	pigment { color rgbt <1,0,0,0> }
	no_shadow
}

// particle -1
sphere {
	<29.472797, 35.710873, 34.530434> 0.100000
	pigment { color rgbt <1,0,0,0> }
	no_shadow
}
sphere {
	0, 1
	scale<0.080000,0.200000,0.300000>
	matrix <0.921260, 0.283086, 0.266726,
		0.117820, 0.450430, -0.885003,
		-0.370674, 0.846744, 0.381610,
		29.361595, 35.964897, 34.644917>
	pigment { color rgbt <0,1,1,0> }
	no_shadow
}
cylinder {
	<30.379660, 35.478931, 34.597870>,  <29.621067, 35.372173, 34.377789>, 0.130000
	pigment { color rgbt <1,0,0,0> }
	no_shadow
}

// nucleotide -1

// particle -1
sphere {
	<30.379660, 35.478931, 34.597870> 0.250000
	pigment { color rgbt <1,0,0,0> }
	no_shadow
}
cylinder {
	<30.243111, 35.835491, 34.478619>,  <30.161182, 36.049427, 34.407070>, 0.100000
	pigment { color rgbt <1,0,0,0> }
	no_shadow
}
cylinder {
	<30.243111, 35.835491, 34.478619>,  <30.379660, 35.478931, 34.597870>, 0.100000
	pigment { color rgbt <1,0,0,0> }
	no_shadow
}

// particle -1
sphere {
	<30.243111, 35.835491, 34.478619> 0.100000
	pigment { color rgbt <1,0,0,0> }
	no_shadow
}
sphere {
	0, 1
	scale<0.080000,0.200000,0.300000>
	matrix <0.872557, 0.418458, 0.252067,
		0.349443, -0.174081, -0.920644,
		-0.341370, 0.891397, -0.298123,
		30.140699, 36.102909, 34.389183>
	pigment { color rgbt <0,1,1,0> }
	no_shadow
}
cylinder {
	<30.664282, 35.866024, 33.901573>,  <30.379660, 35.478931, 34.597870>, 0.130000
	pigment { color rgbt <1,0,0,0> }
	no_shadow
}

// nucleotide -1

// particle -1
sphere {
	<30.664282, 35.866024, 33.901573> 0.250000
	pigment { color rgbt <1,0,0,0> }
	no_shadow
}
cylinder {
	<30.571968, 36.051304, 34.243843>,  <30.516581, 36.162472, 34.449207>, 0.100000
	pigment { color rgbt <1,0,0,0> }
	no_shadow
}
cylinder {
	<30.571968, 36.051304, 34.243843>,  <30.664282, 35.866024, 33.901573>, 0.100000
	pigment { color rgbt <1,0,0,0> }
	no_shadow
}

// particle -1
sphere {
	<30.571968, 36.051304, 34.243843> 0.100000
	pigment { color rgbt <1,0,0,0> }
	no_shadow
}
sphere {
	0, 1
	scale<0.080000,0.200000,0.300000>
	matrix <0.963899, 0.228867, 0.136080,
		-0.132804, 0.856193, -0.499296,
		-0.230784, 0.463199, 0.855678,
		30.502733, 36.190262, 34.500546>
	pigment { color rgbt <0,1,1,0> }
	no_shadow
}
cylinder {
	<30.922110, 36.526180, 33.866680>,  <30.664282, 35.866024, 33.901573>, 0.130000
	pigment { color rgbt <1,0,0,0> }
	no_shadow
}

// nucleotide -1

// particle -1
sphere {
	<30.922110, 36.526180, 33.866680> 0.250000
	pigment { color rgbt <1,0,0,0> }
	no_shadow
}
cylinder {
	<30.907492, 36.392670, 34.243458>,  <30.898720, 36.312561, 34.469524>, 0.100000
	pigment { color rgbt <1,0,0,0> }
	no_shadow
}
cylinder {
	<30.907492, 36.392670, 34.243458>,  <30.922110, 36.526180, 33.866680>, 0.100000
	pigment { color rgbt <1,0,0,0> }
	no_shadow
}

// particle -1
sphere {
	<30.907492, 36.392670, 34.243458> 0.100000
	pigment { color rgbt <1,0,0,0> }
	no_shadow
}
sphere {
	0, 1
	scale<0.080000,0.200000,0.300000>
	matrix <0.980476, 0.170262, 0.098375,
		-0.193212, 0.927148, 0.321039,
		-0.036547, -0.333778, 0.941943,
		30.896528, 36.292538, 34.526039>
	pigment { color rgbt <0,1,1,0> }
	no_shadow
}
cylinder {
	<31.208750, 37.111607, 34.263351>,  <30.922110, 36.526180, 33.866680>, 0.130000
	pigment { color rgbt <1,0,0,0> }
	no_shadow
}

// nucleotide -1

// particle -1
sphere {
	<31.208750, 37.111607, 34.263351> 0.250000
	pigment { color rgbt <1,0,0,0> }
	no_shadow
}
cylinder {
	<31.266935, 36.758633, 34.442303>,  <31.301846, 36.546848, 34.549675>, 0.100000
	pigment { color rgbt <1,0,0,0> }
	no_shadow
}
cylinder {
	<31.266935, 36.758633, 34.442303>,  <31.208750, 37.111607, 34.263351>, 0.100000
	pigment { color rgbt <1,0,0,0> }
	no_shadow
}

// particle -1
sphere {
	<31.266935, 36.758633, 34.442303> 0.100000
	pigment { color rgbt <1,0,0,0> }
	no_shadow
}
sphere {
	0, 1
	scale<0.080000,0.200000,0.300000>
	matrix <0.945899, 0.256598, 0.198577,
		-0.290028, 0.394288, 0.872021,
		0.145462, -0.882436, 0.447378,
		31.310574, 36.493900, 34.576515>
	pigment { color rgbt <0,1,1,0> }
	no_shadow
}
cylinder {
	<31.579243, 37.270336, 34.904369>,  <31.208750, 37.111607, 34.263351>, 0.130000
	pigment { color rgbt <1,0,0,0> }
	no_shadow
}

// nucleotide -1

// particle -1
sphere {
	<31.579243, 37.270336, 34.904369> 0.250000
	pigment { color rgbt <1,0,0,0> }
	no_shadow
}
cylinder {
	<31.661459, 36.896446, 34.788410>,  <31.710789, 36.672112, 34.718834>, 0.100000
	pigment { color rgbt <1,0,0,0> }
	no_shadow
}
cylinder {
	<31.661459, 36.896446, 34.788410>,  <31.579243, 37.270336, 34.904369>, 0.100000
	pigment { color rgbt <1,0,0,0> }
	no_shadow
}

// particle -1
sphere {
	<31.661459, 36.896446, 34.788410> 0.100000
	pigment { color rgbt <1,0,0,0> }
	no_shadow
}
sphere {
	0, 1
	scale<0.080000,0.200000,0.300000>
	matrix <0.927091, 0.091091, 0.363599,
		-0.313457, -0.343499, 0.885298,
		0.205538, -0.934725, -0.289902,
		31.723120, 36.616028, 34.701439>
	pigment { color rgbt <0,1,1,0> }
	no_shadow
}
cylinder {
	<31.853975, 36.913666, 35.510876>,  <31.579243, 37.270336, 34.904369>, 0.130000
	pigment { color rgbt <1,0,0,0> }
	no_shadow
}

// nucleotide -1

// particle -1
sphere {
	<31.853975, 36.913666, 35.510876> 0.250000
	pigment { color rgbt <1,0,0,0> }
	no_shadow
}
cylinder {
	<31.971313, 36.736130, 35.172184>,  <32.041718, 36.629608, 34.968967>, 0.100000
	pigment { color rgbt <1,0,0,0> }
	no_shadow
}
cylinder {
	<31.971313, 36.736130, 35.172184>,  <31.853975, 36.913666, 35.510876>, 0.100000
	pigment { color rgbt <1,0,0,0> }
	no_shadow
}

// particle -1
sphere {
	<31.971313, 36.736130, 35.172184> 0.100000
	pigment { color rgbt <1,0,0,0> }
	no_shadow
}
sphere {
	0, 1
	scale<0.080000,0.200000,0.300000>
	matrix <0.955587, 0.109874, 0.273462,
		-0.028340, -0.889344, 0.456359,
		0.293343, -0.443841, -0.846732,
		32.059315, 36.602978, 34.918163>
	pigment { color rgbt <0,1,1,0> }
	no_shadow
}
cylinder {
	<32.436867, 36.474400, 35.687401>,  <31.853975, 36.913666, 35.510876>, 0.130000
	pigment { color rgbt <1,0,0,0> }
	no_shadow
}

// nucleotide -1

// particle -1
sphere {
	<32.436867, 36.474400, 35.687401> 0.250000
	pigment { color rgbt <1,0,0,0> }
	no_shadow
}
cylinder {
	<32.486000, 36.529510, 35.294273>,  <32.515480, 36.562576, 35.058395>, 0.100000
	pigment { color rgbt <1,0,0,0> }
	no_shadow
}
cylinder {
	<32.486000, 36.529510, 35.294273>,  <32.436867, 36.474400, 35.687401>, 0.100000
	pigment { color rgbt <1,0,0,0> }
	no_shadow
}

// particle -1
sphere {
	<32.486000, 36.529510, 35.294273> 0.100000
	pigment { color rgbt <1,0,0,0> }
	no_shadow
}
sphere {
	0, 1
	scale<0.080000,0.200000,0.300000>
	matrix <0.981135, 0.132108, 0.141143,
		0.149283, -0.981614, -0.118945,
		0.122835, 0.137772, -0.982818,
		32.522850, 36.570843, 34.999428>
	pigment { color rgbt <0,1,1,0> }
	no_shadow
}
cylinder {
	<33.025177, 36.097446, 35.486427>,  <32.436867, 36.474400, 35.687401>, 0.130000
	pigment { color rgbt <1,0,0,0> }
	no_shadow
}

// nucleotide -1

// particle -1
sphere {
	<33.025177, 36.097446, 35.486427> 0.250000
	pigment { color rgbt <1,0,0,0> }
	no_shadow
}
cylinder {
	<32.996647, 36.390427, 35.215595>,  <32.979530, 36.566216, 35.053097>, 0.100000
	pigment { color rgbt <1,0,0,0> }
	no_shadow
}
cylinder {
	<32.996647, 36.390427, 35.215595>,  <33.025177, 36.097446, 35.486427>, 0.100000
	pigment { color rgbt <1,0,0,0> }
	no_shadow
}

// particle -1
sphere {
	<32.996647, 36.390427, 35.215595> 0.100000
	pigment { color rgbt <1,0,0,0> }
	no_shadow
}
sphere {
	0, 1
	scale<0.080000,0.200000,0.300000>
	matrix <0.980724, 0.175295, 0.086322,
		0.181914, -0.657869, -0.730833,
		-0.071323, 0.732448, -0.677076,
		32.975250, 36.610161, 35.012474>
	pigment { color rgbt <0,1,1,0> }
	no_shadow
}
cylinder {
	<33.690502, 36.187042, 35.147903>,  <33.025177, 36.097446, 35.486427>, 0.130000
	pigment { color rgbt <1,0,0,0> }
	no_shadow
}

// nucleotide -1

// particle -1
sphere {
	<33.690502, 36.187042, 35.147903> 0.250000
	pigment { color rgbt <1,0,0,0> }
	no_shadow
}
cylinder {
	<33.522263, 36.538177, 35.056259>,  <33.421318, 36.748859, 35.001270>, 0.100000
	pigment { color rgbt <1,0,0,0> }
	no_shadow
}
cylinder {
	<33.522263, 36.538177, 35.056259>,  <33.690502, 36.187042, 35.147903>, 0.100000
	pigment { color rgbt <1,0,0,0> }
	no_shadow
}

// particle -1
sphere {
	<33.522263, 36.538177, 35.056259> 0.100000
	pigment { color rgbt <1,0,0,0> }
	no_shadow
}
sphere {
	0, 1
	scale<0.080000,0.200000,0.300000>
	matrix <0.903240, 0.428878, -0.014896,
		0.085185, -0.213210, -0.973286,
		-0.420596, 0.877841, -0.229114,
		33.396084, 36.801529, 34.987526>
	pigment { color rgbt <0,1,1,0> }
	no_shadow
}
cylinder {
	<34.163277, 36.789864, 35.168087>,  <33.690502, 36.187042, 35.147903>, 0.130000
	pigment { color rgbt <1,0,0,0> }
	no_shadow
}

// nucleotide -1

// particle -1
sphere {
	<34.163277, 36.789864, 35.168087> 0.250000
	pigment { color rgbt <1,0,0,0> }
	no_shadow
}
cylinder {
	<34.161324, 36.995628, 34.825077>,  <34.160152, 37.119087, 34.619270>, 0.100000
	pigment { color rgbt <1,0,0,0> }
	no_shadow
}
cylinder {
	<34.161324, 36.995628, 34.825077>,  <34.163277, 36.789864, 35.168087>, 0.100000
	pigment { color rgbt <1,0,0,0> }
	no_shadow
}

// particle -1
sphere {
	<34.161324, 36.995628, 34.825077> 0.100000
	pigment { color rgbt <1,0,0,0> }
	no_shadow
}
sphere {
	0, 1
	scale<0.080000,0.200000,0.300000>
	matrix <-0.998651, 0.041824, 0.030778,
		0.051698, 0.856520, 0.513518,
		-0.004885, 0.514416, -0.857526,
		34.159859, 37.149952, 34.567818>
	pigment { color rgbt <0,1,1,0> }
	no_shadow
}
cylinder {
	<33.737045, 37.422066, 35.204510>,  <34.163277, 36.789864, 35.168087>, 0.130000
	pigment { color rgbt <1,0,0,0> }
	no_shadow
}

// nucleotide -1

// particle -1
sphere {
	<33.737045, 37.422066, 35.204510> 0.250000
	pigment { color rgbt <1,0,0,0> }
	no_shadow
}
cylinder {
	<33.749878, 37.215557, 34.862179>,  <33.757580, 37.091652, 34.656780>, 0.100000
	pigment { color rgbt <1,0,0,0> }
	no_shadow
}
cylinder {
	<33.749878, 37.215557, 34.862179>,  <33.737045, 37.422066, 35.204510>, 0.100000
	pigment { color rgbt <1,0,0,0> }
	no_shadow
}

// particle -1
sphere {
	<33.749878, 37.215557, 34.862179> 0.100000
	pigment { color rgbt <1,0,0,0> }
	no_shadow
}
sphere {
	0, 1
	scale<0.080000,0.200000,0.300000>
	matrix <-0.978506, -0.190744, 0.078381,
		-0.203709, 0.834913, -0.511295,
		0.032085, -0.516272, -0.855823,
		33.759502, 37.060677, 34.605431>
	pigment { color rgbt <0,1,1,0> }
	no_shadow
}
cylinder {
	<33.242573, 37.720825, 34.770481>,  <33.737045, 37.422066, 35.204510>, 0.130000
	pigment { color rgbt <1,0,0,0> }
	no_shadow
}

// nucleotide -1

// particle -1
sphere {
	<33.242573, 37.720825, 34.770481> 0.250000
	pigment { color rgbt <1,0,0,0> }
	no_shadow
}
cylinder {
	<33.295113, 37.333790, 34.684200>,  <33.326637, 37.101570, 34.632431>, 0.100000
	pigment { color rgbt <1,0,0,0> }
	no_shadow
}
cylinder {
	<33.295113, 37.333790, 34.684200>,  <33.242573, 37.720825, 34.770481>, 0.100000
	pigment { color rgbt <1,0,0,0> }
	no_shadow
}

// particle -1
sphere {
	<33.295113, 37.333790, 34.684200> 0.100000
	pigment { color rgbt <1,0,0,0> }
	no_shadow
}
sphere {
	0, 1
	scale<0.080000,0.200000,0.300000>
	matrix <-0.990308, -0.137977, 0.015902,
