// switches for output
#declare DRAW_BASES = 1; // possible values are 0, 1; only relevant for DNA ribbons
#declare DRAW_BASES_TYPE = 3; // possible values are 1, 2, 3; only relevant for DNA ribbons
#declare DRAW_FOG = 0; // set to 1 to enable fog

#include "colors.inc"

#include "transforms.inc"
background { rgb <1, 1, 1>}

#default {
   normal{
       ripples 0.25
       frequency 0.20
       turbulence 0.2
       lambda 5
   }
	finish {
		phong 0.1
		phong_size 40.
	}
}

// original window dimensions: 1024x640


// camera settings

camera {
	sky <0, 0.179814, -0.983701>
	up <0, 0.179814, -0.983701>
	right 1.6 * <1, 0, 0>
	location <35, 94.9851, 44.8844>
	look_at <35, 29.7336, 32.9568>
	direction <0, -65.2515, -11.9276>
	angle 67.0682
}


# declare cpy_camera_pos = <35, 94.9851, 44.8844>;
# if (DRAW_FOG = 1)
fog {
	fog_type 2
	up vnormalize(cpy_camera_pos)
	color rgbt<1,1,1,0.3>
	distance 1e-5
	fog_alt 3e-3
	fog_offset 56
}
# end


// LIGHTS

# declare lum = 6;
global_settings {
	ambient_light rgb lum * <0.05, 0.05, 0.05>
	max_trace_level 15
}# declare cpy_direct_light_amount = 0.25;
light_source
{	1000 * <-1, -1.16352, -0.803886>,
	rgb lum * cpy_direct_light_amount
	parallel
}

light_source
{	1000 * <1, 1.16352, 0.803886>,
	rgb lum * cpy_direct_light_amount
	parallel
}

// strand 0

// nucleotide -1

// particle -1
sphere {
	<23.697325, 35.192844, 34.882858> 0.250000
	pigment { color rgbt <1,0,0,0> }
	no_shadow
}
cylinder {
	<24.079340, 35.103104, 34.960388>,  <24.308550, 35.049259, 35.006905>, 0.100000
	pigment { color rgbt <1,0,0,0> }
	no_shadow
}
cylinder {
	<24.079340, 35.103104, 34.960388>,  <23.697325, 35.192844, 34.882858>, 0.100000
	pigment { color rgbt <1,0,0,0> }
	no_shadow
}

// particle -1
sphere {
	<24.079340, 35.103104, 34.960388> 0.100000
	pigment { color rgbt <1,0,0,0> }
	no_shadow
}
sphere {
	0, 1
	scale<0.080000,0.200000,0.300000>
	matrix <-0.059748, -0.785976, -0.615363,
		0.290397, 0.576116, -0.764042,
		0.955039, -0.224350, 0.193823,
		24.365852, 35.035797, 35.018536>
	pigment { color rgbt <0,1,1,0> }
	no_shadow
}
cylinder {
	<24.161278, 35.205223, 34.271297>,  <23.697325, 35.192844, 34.882858>, 0.130000
	pigment { color rgbt <1,0,0,0> }
	no_shadow
}

// nucleotide -1

// particle -1
sphere {
	<24.161278, 35.205223, 34.271297> 0.250000
	pigment { color rgbt <1,0,0,0> }
	no_shadow
}
cylinder {
	<24.225651, 34.947643, 34.570480>,  <24.264275, 34.793095, 34.749989>, 0.100000
	pigment { color rgbt <1,0,0,0> }
	no_shadow
}
cylinder {
	<24.225651, 34.947643, 34.570480>,  <24.161278, 35.205223, 34.271297>, 0.100000
	pigment { color rgbt <1,0,0,0> }
	no_shadow
}

// particle -1
sphere {
	<24.225651, 34.947643, 34.570480> 0.100000
	pigment { color rgbt <1,0,0,0> }
	no_shadow
}
sphere {
	0, 1
	scale<0.080000,0.200000,0.300000>
	matrix <-0.297294, -0.754261, -0.585411,
		0.941125, -0.128151, -0.312826,
		0.160932, -0.643946, 0.747953,
		24.273930, 34.754459, 34.794865>
	pigment { color rgbt <0,1,1,0> }
	no_shadow
}
cylinder {
	<24.486971, 34.597866, 34.308624>,  <24.161278, 35.205223, 34.271297>, 0.130000
	pigment { color rgbt <1,0,0,0> }
	no_shadow
}

// nucleotide -1

// particle -1
sphere {
	<24.486971, 34.597866, 34.308624> 0.250000
	pigment { color rgbt <1,0,0,0> }
	no_shadow
}
cylinder {
	<24.787216, 34.553944, 34.569244>,  <24.967363, 34.527588, 34.725616>, 0.100000
	pigment { color rgbt <1,0,0,0> }
	no_shadow
}
cylinder {
	<24.787216, 34.553944, 34.569244>,  <24.486971, 34.597866, 34.308624>, 0.100000
	pigment { color rgbt <1,0,0,0> }
	no_shadow
}

// particle -1
sphere {
	<24.787216, 34.553944, 34.569244> 0.100000
	pigment { color rgbt <1,0,0,0> }
	no_shadow
}
sphere {
	0, 1
	scale<0.080000,0.200000,0.300000>
	matrix <-0.157795, -0.987352, 0.015381,
		0.641625, -0.114357, -0.758446,
		0.750612, -0.109810, 0.651555,
		25.012400, 34.521000, 34.764709>
	pigment { color rgbt <0,1,1,0> }
	no_shadow
}
cylinder {
	<24.816278, 34.040337, 34.626972>,  <24.486971, 34.597866, 34.308624>, 0.130000
	pigment { color rgbt <1,0,0,0> }
	no_shadow
}

// nucleotide -1

// particle -1
sphere {
	<24.816278, 34.040337, 34.626972> 0.250000
	pigment { color rgbt <1,0,0,0> }
	no_shadow
}
cylinder {
	<24.630692, 33.693871, 34.552677>,  <24.519341, 33.485992, 34.508099>, 0.100000
	pigment { color rgbt <1,0,0,0> }
	no_shadow
}
cylinder {
	<24.630692, 33.693871, 34.552677>,  <24.816278, 34.040337, 34.626972>, 0.100000
	pigment { color rgbt <1,0,0,0> }
	no_shadow
}

// particle -1
sphere {
	<24.630692, 33.693871, 34.552677> 0.100000
	pigment { color rgbt <1,0,0,0> }
	no_shadow
}
sphere {
	0, 1
	scale<0.080000,0.200000,0.300000>
	matrix <0.371449, -0.380573, 0.846871,
		-0.804215, 0.323925, 0.498307,
		-0.463965, -0.866162, -0.185741,
		24.491503, 33.434021, 34.496956>
	pigment { color rgbt <0,1,1,0> }
	no_shadow
}
cylinder {
	<24.565546, 33.834442, 35.310913>,  <24.816278, 34.040337, 34.626972>, 0.130000
	pigment { color rgbt <1,0,0,0> }
	no_shadow
}

// nucleotide -1

// particle -1
sphere {
	<24.565546, 33.834442, 35.310913> 0.250000
	pigment { color rgbt <1,0,0,0> }
	no_shadow
}
cylinder {
	<24.637310, 33.514214, 35.082211>,  <24.680368, 33.322079, 34.944988>, 0.100000
	pigment { color rgbt <1,0,0,0> }
	no_shadow
}
cylinder {
	<24.637310, 33.514214, 35.082211>,  <24.565546, 33.834442, 35.310913>, 0.100000
	pigment { color rgbt <1,0,0,0> }
	no_shadow
}

// particle -1
sphere {
	<24.637310, 33.514214, 35.082211> 0.100000
	pigment { color rgbt <1,0,0,0> }
	no_shadow
}
sphere {
	0, 1
	scale<0.080000,0.200000,0.300000>
	matrix <0.576014, -0.385659, 0.720747,
		-0.797509, -0.458648, 0.391947,
		0.179411, -0.800568, -0.571754,
		24.691133, 33.274044, 34.910683>
	pigment { color rgbt <0,1,1,0> }
	no_shadow
}
cylinder {
	<24.427872, 33.230869, 35.664219>,  <24.565546, 33.834442, 35.310913>, 0.130000
	pigment { color rgbt <1,0,0,0> }
	no_shadow
}

// nucleotide -1

// particle -1
sphere {
	<24.427872, 33.230869, 35.664219> 0.250000
	pigment { color rgbt <1,0,0,0> }
	no_shadow
}
cylinder {
	<24.708191, 33.188576, 35.382027>,  <24.876383, 33.163200, 35.212711>, 0.100000
	pigment { color rgbt <1,0,0,0> }
	no_shadow
}
cylinder {
	<24.708191, 33.188576, 35.382027>,  <24.427872, 33.230869, 35.664219>, 0.100000
	pigment { color rgbt <1,0,0,0> }
	no_shadow
}

// particle -1
sphere {
	<24.708191, 33.188576, 35.382027> 0.100000
	pigment { color rgbt <1,0,0,0> }
	no_shadow
}
sphere {
	0, 1
	scale<0.080000,0.200000,0.300000>
	matrix <0.584484, -0.481865, 0.652828,
		-0.408970, -0.869843, -0.275893,
		0.700801, -0.105732, -0.705478,
		24.918430, 33.156857, 35.170383>
	pigment { color rgbt <0,1,1,0> }
	no_shadow
}
cylinder {
	<24.639795, 32.571114, 35.666924>,  <24.427872, 33.230869, 35.664219>, 0.130000
	pigment { color rgbt <1,0,0,0> }
	no_shadow
}

// nucleotide -1

// particle -1
sphere {
	<24.639795, 32.571114, 35.666924> 0.250000
	pigment { color rgbt <1,0,0,0> }
	no_shadow
}
cylinder {
	<24.947697, 32.771828, 35.509090>,  <25.132437, 32.892254, 35.414391>, 0.100000
	pigment { color rgbt <1,0,0,0> }
	no_shadow
}
cylinder {
	<24.947697, 32.771828, 35.509090>,  <24.639795, 32.571114, 35.666924>, 0.100000
	pigment { color rgbt <1,0,0,0> }
	no_shadow
}

// particle -1
sphere {
	<24.947697, 32.771828, 35.509090> 0.100000
	pigment { color rgbt <1,0,0,0> }
	no_shadow
}
sphere {
	0, 1
	scale<0.080000,0.200000,0.300000>
	matrix <0.629512, -0.494249, 0.599526,
		0.105809, -0.709882, -0.696327,
		0.769752, 0.501782, -0.394584,
		25.178623, 32.922363, 35.390717>
	pigment { color rgbt <0,1,1,0> }
	no_shadow
}
cylinder {
	<25.252041, 32.110523, 35.484859>,  <24.639795, 32.571114, 35.666924>, 0.130000
	pigment { color rgbt <1,0,0,0> }
	no_shadow
}

// nucleotide -1

// particle -1
sphere {
	<25.252041, 32.110523, 35.484859> 0.250000
	pigment { color rgbt <1,0,0,0> }
	no_shadow
}
cylinder {
	<25.436539, 32.464806, 35.505943>,  <25.547237, 32.677376, 35.518593>, 0.100000
	pigment { color rgbt <1,0,0,0> }
	no_shadow
}
cylinder {
	<25.436539, 32.464806, 35.505943>,  <25.252041, 32.110523, 35.484859>, 0.100000
	pigment { color rgbt <1,0,0,0> }
	no_shadow
}

// particle -1
sphere {
	<25.436539, 32.464806, 35.505943> 0.100000
	pigment { color rgbt <1,0,0,0> }
	no_shadow
}
sphere {
	0, 1
	scale<0.080000,0.200000,0.300000>
	matrix <0.793678, -0.438414, 0.421745,
		0.396650, -0.152695, -0.905181,
		0.461243, 0.885707, 0.052706,
		25.574911, 32.730518, 35.521755>
	pigment { color rgbt <0,1,1,0> }
	no_shadow
}
cylinder {
	<25.987207, 32.003304, 35.315479>,  <25.252041, 32.110523, 35.484859>, 0.130000
	pigment { color rgbt <1,0,0,0> }
	no_shadow
}

// nucleotide -1

// particle -1
sphere {
	<25.987207, 32.003304, 35.315479> 0.250000
	pigment { color rgbt <1,0,0,0> }
	no_shadow
}
cylinder {
	<25.977356, 32.370869, 35.472954>,  <25.971445, 32.591408, 35.567440>, 0.100000
	pigment { color rgbt <1,0,0,0> }
	no_shadow
}
cylinder {
	<25.977356, 32.370869, 35.472954>,  <25.987207, 32.003304, 35.315479>, 0.100000
	pigment { color rgbt <1,0,0,0> }
	no_shadow
}

// particle -1
sphere {
	<25.977356, 32.370869, 35.472954> 0.100000
	pigment { color rgbt <1,0,0,0> }
	no_shadow
}
sphere {
	0, 1
	scale<0.080000,0.200000,0.300000>
	matrix <0.857079, -0.183304, 0.481472,
		0.514596, 0.349279, -0.783068,
		-0.024628, 0.918914, 0.393687,
		25.969967, 32.646542, 35.591061>
	pigment { color rgbt <0,1,1,0> }
	no_shadow
}
cylinder {
	<26.577188, 32.257664, 35.269211>,  <25.987207, 32.003304, 35.315479>, 0.130000
	pigment { color rgbt <1,0,0,0> }
	no_shadow
}

// nucleotide -1

// particle -1
sphere {
	<26.577188, 32.257664, 35.269211> 0.250000
	pigment { color rgbt <1,0,0,0> }
	no_shadow
}
cylinder {
	<26.452368, 32.498512, 35.563171>,  <26.377476, 32.643021, 35.739548>, 0.100000
	pigment { color rgbt <1,0,0,0> }
	no_shadow
}
cylinder {
	<26.452368, 32.498512, 35.563171>,  <26.577188, 32.257664, 35.269211>, 0.100000
	pigment { color rgbt <1,0,0,0> }
	no_shadow
}

// particle -1
sphere {
	<26.452368, 32.498512, 35.563171> 0.100000
	pigment { color rgbt <1,0,0,0> }
	no_shadow
}
sphere {
	0, 1
	scale<0.080000,0.200000,0.300000>
	matrix <0.794835, -0.258279, 0.549117,
		0.520443, 0.755475, -0.397990,
		-0.312052, 0.602121, 0.734897,
		26.358751, 32.679150, 35.783642>
	pigment { color rgbt <0,1,1,0> }
	no_shadow
}
cylinder {
	<27.125263, 32.757519, 35.479832>,  <26.577188, 32.257664, 35.269211>, 0.130000
	pigment { color rgbt <1,0,0,0> }
	no_shadow
}

// nucleotide -1

// particle -1
sphere {
	<27.125263, 32.757519, 35.479832> 0.250000
	pigment { color rgbt <1,0,0,0> }
	no_shadow
}
cylinder {
	<26.881952, 32.736824, 35.796646>,  <26.735966, 32.724407, 35.986736>, 0.100000
	pigment { color rgbt <1,0,0,0> }
	no_shadow
}
cylinder {
	<26.881952, 32.736824, 35.796646>,  <27.125263, 32.757519, 35.479832>, 0.100000
	pigment { color rgbt <1,0,0,0> }
	no_shadow
}

// particle -1
sphere {
	<26.881952, 32.736824, 35.796646> 0.100000
	pigment { color rgbt <1,0,0,0> }
	no_shadow
}
sphere {
	0, 1
	scale<0.080000,0.200000,0.300000>
	matrix <0.767868, -0.290975, 0.570712,
		0.200935, 0.955331, 0.216722,
		-0.608279, -0.051738, 0.792035,
		26.699469, 32.721302, 36.034256>
	pigment { color rgbt <0,1,1,0> }
	no_shadow
}
cylinder {
	<27.437494, 33.029961, 36.207024>,  <27.125263, 32.757519, 35.479832>, 0.130000
	pigment { color rgbt <1,0,0,0> }
	no_shadow
}

// nucleotide -1

// particle -1
sphere {
	<27.437494, 33.029961, 36.207024> 0.250000
	pigment { color rgbt <1,0,0,0> }
	no_shadow
}
cylinder {
	<27.140886, 32.766018, 36.255577>,  <26.962921, 32.607651, 36.284710>, 0.100000
	pigment { color rgbt <1,0,0,0> }
	no_shadow
}
cylinder {
	<27.140886, 32.766018, 36.255577>,  <27.437494, 33.029961, 36.207024>, 0.100000
	pigment { color rgbt <1,0,0,0> }
	no_shadow
}

// particle -1
sphere {
	<27.140886, 32.766018, 36.255577> 0.100000
	pigment { color rgbt <1,0,0,0> }
	no_shadow
}
sphere {
	0, 1
	scale<0.080000,0.200000,0.300000>
	matrix <0.607191, -0.583036, 0.539804,
		-0.285425, 0.473977, 0.832993,
		-0.741520, -0.659860, 0.121382,
		26.918430, 32.568062, 36.291992>
	pigment { color rgbt <0,1,1,0> }
	no_shadow
}
cylinder {
	<27.244017, 32.711517, 36.963566>,  <27.437494, 33.029961, 36.207024>, 0.130000
	pigment { color rgbt <1,0,0,0> }
	no_shadow
}

// nucleotide -1

// particle -1
sphere {
	<27.244017, 32.711517, 36.963566> 0.250000
	pigment { color rgbt <1,0,0,0> }
	no_shadow
}
cylinder {
	<27.145025, 32.447186, 36.680141>,  <27.085630, 32.288586, 36.510086>, 0.100000
	pigment { color rgbt <1,0,0,0> }
	no_shadow
}
cylinder {
	<27.145025, 32.447186, 36.680141>,  <27.244017, 32.711517, 36.963566>, 0.100000
	pigment { color rgbt <1,0,0,0> }
	no_shadow
}

// particle -1
sphere {
	<27.145025, 32.447186, 36.680141> 0.100000
	pigment { color rgbt <1,0,0,0> }
	no_shadow
}
sphere {
	0, 1
	scale<0.080000,0.200000,0.300000>
	matrix <0.550684, -0.697639, 0.458308,
		-0.797183, -0.276772, 0.536560,
		-0.247478, -0.660830, -0.708560,
		27.070782, 32.248936, 36.467575>
	pigment { color rgbt <0,1,1,0> }
	no_shadow
}
cylinder {
	<27.250830, 32.041050, 37.263821>,  <27.244017, 32.711517, 36.963566>, 0.130000
	pigment { color rgbt <1,0,0,0> }
	no_shadow
}

// nucleotide -1

// particle -1
sphere {
	<27.250830, 32.041050, 37.263821> 0.250000
	pigment { color rgbt <1,0,0,0> }
	no_shadow
}
cylinder {
	<27.233585, 31.932304, 36.879272>,  <27.223238, 31.867056, 36.648544>, 0.100000
	pigment { color rgbt <1,0,0,0> }
	no_shadow
}
cylinder {
	<27.233585, 31.932304, 36.879272>,  <27.250830, 32.041050, 37.263821>, 0.100000
	pigment { color rgbt <1,0,0,0> }
	no_shadow
}

// particle -1
sphere {
	<27.233585, 31.932304, 36.879272> 0.100000
	pigment { color rgbt <1,0,0,0> }
	no_shadow
}
sphere {
	0, 1
	scale<0.080000,0.200000,0.300000>
	matrix <0.546064, -0.812223, 0.205202,
		-0.836633, -0.516122, 0.183473,
		-0.043111, -0.271867, -0.961369,
		27.220652, 31.850744, 36.590862>
	pigment { color rgbt <0,1,1,0> }
	no_shadow
}
cylinder {
	<26.835527, 31.434818, 37.191216>,  <27.250830, 32.041050, 37.263821>, 0.130000
	pigment { color rgbt <1,0,0,0> }
	no_shadow
}

// nucleotide -1

// particle -1
sphere {
	<26.835527, 31.434818, 37.191216> 0.250000
	pigment { color rgbt <1,0,0,0> }
	no_shadow
}
cylinder {
	<27.119087, 31.442936, 36.909206>,  <27.289223, 31.447807, 36.740002>, 0.100000
	pigment { color rgbt <1,0,0,0> }
	no_shadow
}
cylinder {
	<27.119087, 31.442936, 36.909206>,  <26.835527, 31.434818, 37.191216>, 0.100000
	pigment { color rgbt <1,0,0,0> }
	no_shadow
}

// particle -1
sphere {
	<27.119087, 31.442936, 36.909206> 0.100000
	pigment { color rgbt <1,0,0,0> }
	no_shadow
}
sphere {
	0, 1
	scale<0.080000,0.200000,0.300000>
	matrix <0.366909, -0.864297, 0.344048,
		-0.602363, -0.502573, -0.620145,
		0.708898, 0.020295, -0.705019,
		27.331757, 31.449024, 36.697701>
	pigment { color rgbt <0,1,1,0> }
	no_shadow
}
cylinder {
	<26.416351, 32.095917, 37.138641>,  <26.835527, 31.434818, 37.191216>, 0.130000
	pigment { color rgbt <1,0,0,0> }
	no_shadow
}

// nucleotide -1

// particle -1
sphere {
	<26.416351, 32.095917, 37.138641> 0.250000
	pigment { color rgbt <1,0,0,0> }
	no_shadow
}
cylinder {
	<26.591377, 32.370258, 36.906040>,  <26.696392, 32.534863, 36.766479>, 0.100000
	pigment { color rgbt <1,0,0,0> }
	no_shadow
}
cylinder {
	<26.591377, 32.370258, 36.906040>,  <26.416351, 32.095917, 37.138641>, 0.100000
	pigment { color rgbt <1,0,0,0> }
	no_shadow
}

// particle -1
sphere {
	<26.591377, 32.370258, 36.906040> 0.100000
	pigment { color rgbt <1,0,0,0> }
	no_shadow
}
sphere {
	0, 1
	scale<0.080000,0.200000,0.300000>
	matrix <-0.871794, 0.165176, -0.461186,
		-0.220255, 0.708749, 0.670197,
		0.437565, 0.685851, -0.581502,
		26.722647, 32.576015, 36.731590>
	pigment { color rgbt <0,1,1,0> }
	no_shadow
}
cylinder {
	<25.968809, 32.716724, 37.090691>,  <26.416351, 32.095917, 37.138641>, 0.130000
	pigment { color rgbt <1,0,0,0> }
	no_shadow
}

// nucleotide -1

// particle -1
sphere {
	<25.968809, 32.716724, 37.090691> 0.250000
	pigment { color rgbt <1,0,0,0> }
	no_shadow
}
cylinder {
	<26.191996, 32.724117, 36.758827>,  <26.325907, 32.728554, 36.559708>, 0.100000
	pigment { color rgbt <1,0,0,0> }
	no_shadow
}
cylinder {
	<26.191996, 32.724117, 36.758827>,  <25.968809, 32.716724, 37.090691>, 0.100000
	pigment { color rgbt <1,0,0,0> }
	no_shadow
}

// particle -1
sphere {
	<26.191996, 32.724117, 36.758827> 0.100000
	pigment { color rgbt <1,0,0,0> }
	no_shadow
}
sphere {
	0, 1
	scale<0.080000,0.200000,0.300000>
	matrix <-0.800605, 0.275118, -0.532298,
		0.218418, 0.961233, 0.168301,
		0.557965, 0.018479, -0.829659,
		26.359385, 32.729660, 36.509930>
	pigment { color rgbt <0,1,1,0> }
	no_shadow
}
cylinder {
	<25.737938, 33.415031, 36.704964>,  <25.968809, 32.716724, 37.090691>, 0.130000
	pigment { color rgbt <1,0,0,0> }
	no_shadow
}

// nucleotide -1

// particle -1
sphere {
	<25.737938, 33.415031, 36.704964> 0.250000
	pigment { color rgbt <1,0,0,0> }
	no_shadow
}
cylinder {
	<25.932652, 33.207455, 36.423897>,  <26.049480, 33.082909, 36.255257>, 0.100000
	pigment { color rgbt <1,0,0,0> }
	no_shadow
}
cylinder {
	<25.932652, 33.207455, 36.423897>,  <25.737938, 33.415031, 36.704964>, 0.100000
	pigment { color rgbt <1,0,0,0> }
	no_shadow
}

// particle -1
sphere {
	<25.932652, 33.207455, 36.423897> 0.100000
	pigment { color rgbt <1,0,0,0> }
	no_shadow
}
sphere {
	0, 1
	scale<0.080000,0.200000,0.300000>
	matrix <-0.554695, 0.437768, -0.707582,
		0.674798, 0.734207, -0.074755,
		0.486786, -0.518941, -0.702666,
		26.078688, 33.051773, 36.213097>
	pigment { color rgbt <0,1,1,0> }
	no_shadow
}
cylinder {
	<25.987001, 33.862690, 36.226040>,  <25.737938, 33.415031, 36.704964>, 0.130000
	pigment { color rgbt <1,0,0,0> }
	no_shadow
}

// nucleotide -1

// particle -1
sphere {
	<25.987001, 33.862690, 36.226040> 0.250000
	pigment { color rgbt <1,0,0,0> }
	no_shadow
}
cylinder {
	<25.961514, 33.513226, 36.033100>,  <25.946220, 33.303547, 35.917336>, 0.100000
	pigment { color rgbt <1,0,0,0> }
	no_shadow
}
cylinder {
	<25.961514, 33.513226, 36.033100>,  <25.987001, 33.862690, 36.226040>, 0.100000
	pigment { color rgbt <1,0,0,0> }
	no_shadow
}

// particle -1
sphere {
	<25.961514, 33.513226, 36.033100> 0.100000
	pigment { color rgbt <1,0,0,0> }
	no_shadow
}
sphere {
	0, 1
	scale<0.080000,0.200000,0.300000>
	matrix <-0.684526, 0.389969, -0.615913,
		0.726198, 0.290934, -0.622891,
		-0.063718, -0.873660, -0.482347,
		25.942398, 33.251129, 35.888397>
	pigment { color rgbt <0,1,1,0> }
	no_shadow
}
cylinder {
	<25.930342, 34.049118, 35.570488>,  <25.987001, 33.862690, 36.226040>, 0.130000
	pigment { color rgbt <1,0,0,0> }
	no_shadow
}

// nucleotide -1

// particle -1
sphere {
	<25.930342, 34.049118, 35.570488> 0.250000
	pigment { color rgbt <1,0,0,0> }
	no_shadow
}
cylinder {
	<25.794048, 33.673199, 35.560040>,  <25.712273, 33.447647, 35.553772>, 0.100000
	pigment { color rgbt <1,0,0,0> }
	no_shadow
}
cylinder {
	<25.794048, 33.673199, 35.560040>,  <25.930342, 34.049118, 35.570488>, 0.100000
	pigment { color rgbt <1,0,0,0> }
	no_shadow
}

// particle -1
sphere {
	<25.794048, 33.673199, 35.560040> 0.100000
	pigment { color rgbt <1,0,0,0> }
	no_shadow
}
sphere {
	0, 1
	scale<0.080000,0.200000,0.300000>
	matrix <-0.638728, 0.251786, -0.727069,
		0.689874, -0.231053, -0.686067,
		-0.340734, -0.939797, -0.026121,
		25.691828, 33.391258, 35.552204>
	pigment { color rgbt <0,1,1,0> }
	no_shadow
}
cylinder {
	<26.124397, 33.734890, 34.966282>,  <25.930342, 34.049118, 35.570488>, 0.130000
	pigment { color rgbt <1,0,0,0> }
	no_shadow
}

// nucleotide -1

// particle -1
sphere {
	<26.124397, 33.734890, 34.966282> 0.250000
	pigment { color rgbt <1,0,0,0> }
	no_shadow
}
cylinder {
	<25.786558, 33.605282, 35.136768>,  <25.583855, 33.527515, 35.239059>, 0.100000
	pigment { color rgbt <1,0,0,0> }
	no_shadow
}
cylinder {
	<25.786558, 33.605282, 35.136768>,  <26.124397, 33.734890, 34.966282>, 0.100000
	pigment { color rgbt <1,0,0,0> }
	no_shadow
}

// particle -1
sphere {
	<25.786558, 33.605282, 35.136768> 0.100000
	pigment { color rgbt <1,0,0,0> }
	no_shadow
}
sphere {
	0, 1
	scale<0.080000,0.200000,0.300000>
	matrix <-0.515218, 0.275359, -0.811621,
		0.145619, -0.905090, -0.399509,
		-0.844598, -0.324021, 0.426221,
		25.533178, 33.508076, 35.264633>
	pigment { color rgbt <0,1,1,0> }
	no_shadow
}
cylinder {
	<26.985420, 33.736893, 35.121517>,  <26.124397, 33.734890, 34.966282>, 0.130000
	pigment { color rgbt <1,0,0,0> }
	no_shadow
}

// nucleotide -1

// particle -1
sphere {
	<26.985420, 33.736893, 35.121517> 0.250000
	pigment { color rgbt <1,0,0,0> }
	no_shadow
}
cylinder {
	<26.831907, 33.400146, 35.273293>,  <26.739799, 33.198097, 35.364357>, 0.100000
	pigment { color rgbt <1,0,0,0> }
	no_shadow
}
cylinder {
	<26.831907, 33.400146, 35.273293>,  <26.985420, 33.736893, 35.121517>, 0.100000
	pigment { color rgbt <1,0,0,0> }
	no_shadow
}

// particle -1
sphere {
	<26.831907, 33.400146, 35.273293> 0.100000
	pigment { color rgbt <1,0,0,0> }
	no_shadow
}
sphere {
	0, 1
	scale<0.080000,0.200000,0.300000>
	matrix <-0.436063, -0.196981, -0.878093,
		0.813979, -0.502456, -0.291509,
		-0.383781, -0.841865, 0.379440,
		26.716772, 33.147587, 35.387123>
	pigment { color rgbt <0,1,1,0> }
	no_shadow
}
cylinder {
	<27.376675, 33.255413, 34.926346>,  <26.985420, 33.736893, 35.121517>, 0.130000
	pigment { color rgbt <1,0,0,0> }
	no_shadow
}

// nucleotide -1

// particle -1
sphere {
	<27.376675, 33.255413, 34.926346> 0.250000
	pigment { color rgbt <1,0,0,0> }
	no_shadow
}
cylinder {
	<27.757975, 33.138702, 34.894905>,  <27.986755, 33.068676, 34.876041>, 0.100000
	pigment { color rgbt <1,0,0,0> }
	no_shadow
}
cylinder {
	<27.757975, 33.138702, 34.894905>,  <27.376675, 33.255413, 34.926346>, 0.100000
	pigment { color rgbt <1,0,0,0> }
	no_shadow
}

// particle -1
sphere {
	<27.757975, 33.138702, 34.894905> 0.100000
	pigment { color rgbt <1,0,0,0> }
	no_shadow
}
sphere {
	0, 1
	scale<0.080000,0.200000,0.300000>
	matrix <-0.193867, -0.391001, -0.899741,
		0.231793, 0.872917, -0.429288,
		0.953251, -0.291779, -0.078598,
		28.043949, 33.051170, 34.871326>
	pigment { color rgbt <0,1,1,0> }
	no_shadow
}
cylinder {
	<27.661978, 33.647644, 34.383919>,  <27.376675, 33.255413, 34.926346>, 0.130000
	pigment { color rgbt <1,0,0,0> }
	no_shadow
}

// nucleotide -1

// particle -1
sphere {
	<27.661978, 33.647644, 34.383919> 0.250000
	pigment { color rgbt <1,0,0,0> }
	no_shadow
}
cylinder {
	<27.788864, 33.275818, 34.459057>,  <27.864996, 33.052723, 34.504139>, 0.100000
	pigment { color rgbt <1,0,0,0> }
	no_shadow
}
cylinder {
	<27.788864, 33.275818, 34.459057>,  <27.661978, 33.647644, 34.383919>, 0.100000
	pigment { color rgbt <1,0,0,0> }
	no_shadow
}

// particle -1
sphere {
	<27.788864, 33.275818, 34.459057> 0.100000
	pigment { color rgbt <1,0,0,0> }
	no_shadow
}
sphere {
	0, 1
	scale<0.080000,0.200000,0.300000>
	matrix <-0.366396, -0.302827, -0.879801,
		0.874715, 0.210260, -0.436650,
		0.317217, -0.929562, 0.187849,
		27.884029, 32.996948, 34.515411>
	pigment { color rgbt <0,1,1,0> }
	no_shadow
}
cylinder {
	<28.392765, 33.818077, 34.204517>,  <27.661978, 33.647644, 34.383919>, 0.130000
	pigment { color rgbt <1,0,0,0> }
	no_shadow
}

// nucleotide -1

// particle -1
sphere {
	<28.392765, 33.818077, 34.204517> 0.250000
	pigment { color rgbt <1,0,0,0> }
	no_shadow
}
cylinder {
	<28.211115, 33.905933, 33.859142>,  <28.102125, 33.958649, 33.651917>, 0.100000
	pigment { color rgbt <1,0,0,0> }
	no_shadow
}
cylinder {
	<28.211115, 33.905933, 33.859142>,  <28.392765, 33.818077, 34.204517>, 0.100000
	pigment { color rgbt <1,0,0,0> }
	no_shadow
}

// particle -1
sphere {
	<28.211115, 33.905933, 33.859142> 0.100000
	pigment { color rgbt <1,0,0,0> }
	no_shadow
}
sphere {
	0, 1
	scale<0.080000,0.200000,0.300000>
	matrix <-0.624373, 0.612878, 0.484293,
		0.635554, 0.759038, -0.141185,
		-0.454125, 0.219642, -0.863439,
		28.074877, 33.971825, 33.600109>
	pigment { color rgbt <0,1,1,0> }
	no_shadow
}
cylinder {
	<28.564335, 34.425224, 33.834591>,  <28.392765, 33.818077, 34.204517>, 0.130000
	pigment { color rgbt <1,0,0,0> }
	no_shadow
}

// nucleotide -1

// particle -1
sphere {
	<28.564335, 34.425224, 33.834591> 0.250000
	pigment { color rgbt <1,0,0,0> }
	no_shadow
}
cylinder {
	<28.182076, 34.340275, 33.752968>,  <27.952721, 34.289307, 33.703995>, 0.100000
	pigment { color rgbt <1,0,0,0> }
	no_shadow
}
cylinder {
	<28.182076, 34.340275, 33.752968>,  <28.564335, 34.425224, 33.834591>, 0.100000
	pigment { color rgbt <1,0,0,0> }
	no_shadow
}

// particle -1
sphere {
	<28.182076, 34.340275, 33.752968> 0.100000
	pigment { color rgbt <1,0,0,0> }
	no_shadow
}
sphere {
	0, 1
	scale<0.080000,0.200000,0.300000>
	matrix <-0.291781, 0.776909, 0.557921,
		0.040048, 0.592716, -0.804416,
		-0.955646, -0.212370, -0.204057,
		27.895382, 34.276566, 33.691750>
	pigment { color rgbt <0,1,1,0> }
	no_shadow
}
cylinder {
	<28.634100, 35.096149, 33.558098>,  <28.564335, 34.425224, 33.834591>, 0.130000
	pigment { color rgbt <1,0,0,0> }
	no_shadow
}

// nucleotide -1

// particle -1
sphere {
	<28.634100, 35.096149, 33.558098> 0.250000
	pigment { color rgbt <1,0,0,0> }
	no_shadow
}
cylinder {
	<28.844019, 35.435257, 33.588779>,  <28.969971, 35.638721, 33.607189>, 0.100000
	pigment { color rgbt <1,0,0,0> }
	no_shadow
}
cylinder {
	<28.844019, 35.435257, 33.588779>,  <28.634100, 35.096149, 33.558098>, 0.100000
	pigment { color rgbt <1,0,0,0> }
	no_shadow
}

// particle -1
sphere {
	<28.844019, 35.435257, 33.588779> 0.100000
	pigment { color rgbt <1,0,0,0> }
	no_shadow
}
sphere {
	0, 1
	scale<0.080000,0.200000,0.300000>
	matrix <0.613507, -0.314231, -0.724478,
		-0.590084, 0.427263, -0.685017,
		0.524796, 0.847765, 0.076706,
		29.001457, 35.689587, 33.611790>
	pigment { color rgbt <0,1,1,0> }
	no_shadow
}
cylinder {
	<28.917654, 35.168804, 32.930595>,  <28.634100, 35.096149, 33.558098>, 0.130000
	pigment { color rgbt <1,0,0,0> }
	no_shadow
}

// nucleotide -1

// particle -1
sphere {
	<28.917654, 35.168804, 32.930595> 0.250000
	pigment { color rgbt <1,0,0,0> }
	no_shadow
}
cylinder {
	<29.164286, 35.387810, 33.156891>,  <29.312263, 35.519215, 33.292667>, 0.100000
	pigment { color rgbt <1,0,0,0> }
	no_shadow
}
cylinder {
	<29.164286, 35.387810, 33.156891>,  <28.917654, 35.168804, 32.930595>, 0.100000
	pigment { color rgbt <1,0,0,0> }
	no_shadow
}

// particle -1
sphere {
	<29.164286, 35.387810, 33.156891> 0.100000
	pigment { color rgbt <1,0,0,0> }
	no_shadow
}
sphere {
	0, 1
	scale<0.080000,0.200000,0.300000>
	matrix <0.764403, -0.244307, -0.596658,
		-0.188465, 0.800339, -0.569156,
		0.616578, 0.547514, 0.565739,
		29.349258, 35.552063, 33.326611>
	pigment { color rgbt <0,1,1,0> }
	no_shadow
}
cylinder {
	<29.253078, 35.517162, 32.424580>,  <28.917654, 35.168804, 32.930595>, 0.130000
	pigment { color rgbt <1,0,0,0> }
	no_shadow
}

// nucleotide -1

// particle -1
sphere {
	<29.253078, 35.517162, 32.424580> 0.250000
	pigment { color rgbt <1,0,0,0> }
	no_shadow
}
cylinder {
	<29.485430, 35.485981, 32.748680>,  <29.624840, 35.467270, 32.943138>, 0.100000
	pigment { color rgbt <1,0,0,0> }
	no_shadow
}
cylinder {
	<29.485430, 35.485981, 32.748680>,  <29.253078, 35.517162, 32.424580>, 0.100000
	pigment { color rgbt <1,0,0,0> }
	no_shadow
}

// particle -1
sphere {
	<29.485430, 35.485981, 32.748680> 0.100000
	pigment { color rgbt <1,0,0,0> }
	no_shadow
}
sphere {
	0, 1
	scale<0.080000,0.200000,0.300000>
	matrix <0.812186, -0.010743, -0.583300,
		0.054177, 0.996899, 0.057075,
		0.580877, -0.077957, 0.810249,
		29.659693, 35.462593, 32.991756>
	pigment { color rgbt <0,1,1,0> }
	no_shadow
}
cylinder {
	<29.845127, 36.164799, 32.386341>,  <29.253078, 35.517162, 32.424580>, 0.130000
	pigment { color rgbt <1,0,0,0> }
	no_shadow
}

// nucleotide -1

// particle -1
sphere {
	<29.845127, 36.164799, 32.386341> 0.250000
	pigment { color rgbt <1,0,0,0> }
	no_shadow
}
cylinder {
	<29.949560, 35.851398, 32.611897>,  <30.012220, 35.663361, 32.747231>, 0.100000
	pigment { color rgbt <1,0,0,0> }
	no_shadow
}
cylinder {
	<29.949560, 35.851398, 32.611897>,  <29.845127, 36.164799, 32.386341>, 0.100000
	pigment { color rgbt <1,0,0,0> }
	no_shadow
}

// particle -1
sphere {
	<29.949560, 35.851398, 32.611897> 0.100000
	pigment { color rgbt <1,0,0,0> }
	no_shadow
}
sphere {
	0, 1
	scale<0.080000,0.200000,0.300000>
	matrix <0.760800, -0.192530, -0.619771,
		0.594153, 0.590817, 0.545818,
		0.261085, -0.783497, 0.563886,
		30.027885, 35.616348, 32.781063>
	pigment { color rgbt <0,1,1,0> }
	no_shadow
}
cylinder {
	<30.595953, 36.155468, 32.576908>,  <29.845127, 36.164799, 32.386341>, 0.130000
	pigment { color rgbt <1,0,0,0> }
	no_shadow
}

// nucleotide -1

// particle -1
sphere {
	<30.595953, 36.155468, 32.576908> 0.250000
	pigment { color rgbt <1,0,0,0> }
	no_shadow
}
cylinder {
	<30.495836, 35.770679, 32.620663>,  <30.435766, 35.539806, 32.646915>, 0.100000
	pigment { color rgbt <1,0,0,0> }
	no_shadow
}
cylinder {
	<30.495836, 35.770679, 32.620663>,  <30.595953, 36.155468, 32.576908>, 0.100000
	pigment { color rgbt <1,0,0,0> }
	no_shadow
}

// particle -1
sphere {
	<30.495836, 35.770679, 32.620663> 0.100000
	pigment { color rgbt <1,0,0,0> }
	no_shadow
}
sphere {
	0, 1
	scale<0.080000,0.200000,0.300000>
	matrix <0.681169, -0.255261, -0.686185,
		0.688013, -0.097235, 0.719155,
		-0.250293, -0.961971, 0.109389,
		30.420748, 35.482090, 32.653481>
	pigment { color rgbt <0,1,1,0> }
	no_shadow
}
cylinder {
	<31.153879, 35.733143, 32.764328>,  <30.595953, 36.155468, 32.576908>, 0.130000
	pigment { color rgbt <1,0,0,0> }
	no_shadow
}

// nucleotide -1

// particle -1
sphere {
	<31.153879, 35.733143, 32.764328> 0.250000
	pigment { color rgbt <1,0,0,0> }
	no_shadow
}
cylinder {
	<30.882706, 35.527122, 32.554516>,  <30.720001, 35.403511, 32.428631>, 0.100000
	pigment { color rgbt <1,0,0,0> }
	no_shadow
}
cylinder {
	<30.882706, 35.527122, 32.554516>,  <31.153879, 35.733143, 32.764328>, 0.100000
	pigment { color rgbt <1,0,0,0> }
	no_shadow
}

// particle -1
sphere {
	<30.882706, 35.527122, 32.554516> 0.100000
	pigment { color rgbt <1,0,0,0> }
	no_shadow
}
sphere {
	0, 1
	scale<0.080000,0.200000,0.300000>
	matrix <0.705180, -0.254064, -0.661947,
		0.207671, -0.818643, 0.535441,
		-0.677934, -0.515049, -0.524528,
		30.679325, 35.372608, 32.397156>
	pigment { color rgbt <0,1,1,0> }
	no_shadow
}
cylinder {
	<31.484243, 35.177517, 32.567535>,  <31.153879, 35.733143, 32.764328>, 0.130000
	pigment { color rgbt <1,0,0,0> }
	no_shadow
}

// nucleotide -1

// particle -1
sphere {
	<31.484243, 35.177517, 32.567535> 0.250000
	pigment { color rgbt <1,0,0,0> }
	no_shadow
}
cylinder {
	<31.172092, 35.225967, 32.322147>,  <30.984802, 35.255035, 32.174915>, 0.100000
	pigment { color rgbt <1,0,0,0> }
	no_shadow
}
cylinder {
	<31.172092, 35.225967, 32.322147>,  <31.484243, 35.177517, 32.567535>, 0.100000
	pigment { color rgbt <1,0,0,0> }
	no_shadow
}

// particle -1
sphere {
	<31.172092, 35.225967, 32.322147> 0.100000
	pigment { color rgbt <1,0,0,0> }
	no_shadow
}
sphere {
	0, 1
	scale<0.080000,0.200000,0.300000>
	matrix <0.605466, -0.098833, -0.789711,
		-0.156284, -0.987705, 0.003791,
		-0.780376, 0.121124, -0.613468,
		30.937981, 35.262306, 32.138107>
	pigment { color rgbt <0,1,1,0> }
	no_shadow
}
cylinder {
	<31.536377, 34.595795, 32.143185>,  <31.484243, 35.177517, 32.567535>, 0.130000
	pigment { color rgbt <1,0,0,0> }
	no_shadow
}

// nucleotide -1

// particle -1
sphere {
	<31.536377, 34.595795, 32.143185> 0.250000
	pigment { color rgbt <1,0,0,0> }
	no_shadow
}
cylinder {
	<31.343235, 34.892471, 31.956959>,  <31.227350, 35.070477, 31.845222>, 0.100000
	pigment { color rgbt <1,0,0,0> }
	no_shadow
}
cylinder {
	<31.343235, 34.892471, 31.956959>,  <31.536377, 34.595795, 32.143185>, 0.100000
	pigment { color rgbt <1,0,0,0> }
	no_shadow
}

// particle -1
sphere {
	<31.343235, 34.892471, 31.956959> 0.100000
	pigment { color rgbt <1,0,0,0> }
	no_shadow
}
sphere {
	0, 1
	scale<0.080000,0.200000,0.300000>
	matrix <0.641595, -0.062207, -0.764517,
		-0.595994, -0.667855, -0.445826,
		-0.482853, 0.741687, -0.465567,
		31.198380, 35.114979, 31.817289>
	pigment { color rgbt <0,1,1,0> }
	no_shadow
}
cylinder {
	<31.130505, 34.442135, 31.435368>,  <31.536377, 34.595795, 32.143185>, 0.130000
	pigment { color rgbt <1,0,0,0> }
	no_shadow
}

// nucleotide -1

// particle -1
sphere {
	<31.130505, 34.442135, 31.435368> 0.250000
	pigment { color rgbt <1,0,0,0> }
	no_shadow
}
cylinder {
	<31.306324, 34.794266, 31.506725>,  <31.411816, 35.005543, 31.549540>, 0.100000
	pigment { color rgbt <1,0,0,0> }
	no_shadow
}
cylinder {
	<31.306324, 34.794266, 31.506725>,  <31.130505, 34.442135, 31.435368>, 0.100000
	pigment { color rgbt <1,0,0,0> }
	no_shadow
}

// particle -1
sphere {
	<31.306324, 34.794266, 31.506725> 0.100000
	pigment { color rgbt <1,0,0,0> }
	no_shadow
}
sphere {
	0, 1
	scale<0.080000,0.200000,0.300000>
	matrix <0.650495, -0.175024, -0.739069,
		-0.619396, 0.440904, -0.649578,
		0.439550, 0.880324, 0.178397,
		31.438189, 35.058361, 31.560244>
	pigment { color rgbt <0,1,1,0> }
	no_shadow
}
cylinder {
	<31.078663, 34.635128, 30.742331>,  <31.130505, 34.442135, 31.435368>, 0.130000
	pigment { color rgbt <1,0,0,0> }
	no_shadow
}

// nucleotide -1

// particle -1
sphere {
	<31.078663, 34.635128, 30.742331> 0.250000
	pigment { color rgbt <1,0,0,0> }
	no_shadow
}
cylinder {
	<31.112045, 34.615566, 30.344206>,  <31.132074, 34.603828, 30.105331>, 0.100000
	pigment { color rgbt <1,0,0,0> }
	no_shadow
}
cylinder {
	<31.112045, 34.615566, 30.344206>,  <31.078663, 34.635128, 30.742331>, 0.100000
	pigment { color rgbt <1,0,0,0> }
	no_shadow
}

// particle -1
sphere {
	<31.112045, 34.615566, 30.344206> 0.100000
	pigment { color rgbt <1,0,0,0> }
	no_shadow
}
sphere {
	0, 1
	scale<0.080000,0.200000,0.300000>
	matrix <0.944776, -0.313754, 0.094637,
		-0.316911, -0.948244, 0.020017,
		0.083459, -0.048903, -0.995311,
		31.137083, 34.600895, 30.045612>
	pigment { color rgbt <0,1,1,0> }
	no_shadow
}
cylinder {
	<30.343266, 34.682827, 31.031269>,  <31.078663, 34.635128, 30.742331>, 0.130000
	pigment { color rgbt <1,0,0,0> }
	no_shadow
}

// nucleotide -1

// particle -1
sphere {
	<30.343266, 34.682827, 31.031269> 0.250000
	pigment { color rgbt <1,0,0,0> }
	no_shadow
}
cylinder {
	<30.430805, 35.059212, 30.927971>,  <30.483330, 35.285042, 30.865992>, 0.100000
	pigment { color rgbt <1,0,0,0> }
	no_shadow
}
cylinder {
	<30.430805, 35.059212, 30.927971>,  <30.343266, 34.682827, 31.031269>, 0.100000
	pigment { color rgbt <1,0,0,0> }
	no_shadow
}

// particle -1
sphere {
	<30.430805, 35.059212, 30.927971> 0.100000
	pigment { color rgbt <1,0,0,0> }
	no_shadow
}
sphere {
	0, 1
	scale<0.080000,0.200000,0.300000>
	matrix <-0.974205, 0.195782, -0.112226,
		-0.055040, 0.276146, 0.959539,
		0.218851, 0.940964, -0.258247,
		30.496460, 35.341499, 30.850496>
	pigment { color rgbt <0,1,1,0> }
	no_shadow
}
cylinder {
	<29.894144, 35.228573, 31.340029>,  <30.343266, 34.682827, 31.031269>, 0.130000
	pigment { color rgbt <1,0,0,0> }
	no_shadow
}

// nucleotide -1

// particle -1
sphere {
	<29.894144, 35.228573, 31.340029> 0.250000
	pigment { color rgbt <1,0,0,0> }
	no_shadow
}
cylinder {
	<30.219893, 35.204952, 31.570963>,  <30.415340, 35.190781, 31.709524>, 0.100000
	pigment { color rgbt <1,0,0,0> }
	no_shadow
}
cylinder {
	<30.219893, 35.204952, 31.570963>,  <29.894144, 35.228573, 31.340029>, 0.100000
	pigment { color rgbt <1,0,0,0> }
	no_shadow
}

// particle -1
sphere {
	<30.219893, 35.204952, 31.570963> 0.100000
	pigment { color rgbt <1,0,0,0> }
	no_shadow
}
sphere {
	0, 1
	scale<0.080000,0.200000,0.300000>
	matrix <-0.579546, -0.030487, 0.814369,
		-0.030487, -0.997789, -0.059049,
		-0.814369, 0.059049, -0.577335,
		30.464203, 35.187237, 31.744164>
	pigment { color rgbt <0,1,1,0> }
	no_shadow
}
cylinder {
	<29.769470, 34.701408, 31.812187>,  <29.894144, 35.228573, 31.340029>, 0.130000
	pigment { color rgbt <1,0,0,0> }
	no_shadow
}

// nucleotide -1

// particle -1
sphere {
	<29.769470, 34.701408, 31.812187> 0.250000
	pigment { color rgbt <1,0,0,0> }
	no_shadow
}
cylinder {
	<30.059952, 34.920052, 31.978968>,  <30.234240, 35.051239, 32.079037>, 0.100000
	pigment { color rgbt <1,0,0,0> }
	no_shadow
}
cylinder {
	<30.059952, 34.920052, 31.978968>,  <29.769470, 34.701408, 31.812187>, 0.100000
	pigment { color rgbt <1,0,0,0> }
	no_shadow
}

// particle -1
sphere {
	<30.059952, 34.920052, 31.978968> 0.100000
	pigment { color rgbt <1,0,0,0> }
	no_shadow
}
sphere {
	0, 1
	scale<0.080000,0.200000,0.300000>
	matrix <-0.523170, 0.045929, 0.850990,
		0.446008, -0.836128, 0.319323,
		0.726202, 0.546608, 0.416953,
		30.277813, 35.084034, 32.104053>
	pigment { color rgbt <0,1,1,0> }
	no_shadow
}
cylinder {
	<30.246714, 34.457390, 32.209572>,  <29.769470, 34.701408, 31.812187>, 0.130000
	pigment { color rgbt <1,0,0,0> }
	no_shadow
}

// nucleotide -1

// particle -1
sphere {
	<30.246714, 34.457390, 32.209572> 0.250000
	pigment { color rgbt <1,0,0,0> }
	no_shadow
}
cylinder {
	<30.503057, 34.696735, 32.401932>,  <30.656864, 34.840343, 32.517345>, 0.100000
	pigment { color rgbt <1,0,0,0> }
	no_shadow
}
cylinder {
	<30.503057, 34.696735, 32.401932>,  <30.246714, 34.457390, 32.209572>, 0.100000
	pigment { color rgbt <1,0,0,0> }
	no_shadow
}

// particle -1
sphere {
	<30.503057, 34.696735, 32.401932> 0.100000
	pigment { color rgbt <1,0,0,0> }
	no_shadow
}
sphere {
	0, 1
	scale<0.080000,0.200000,0.300000>
	matrix <-0.755118, 0.378596, 0.535222,
		0.138193, -0.706135, 0.694461,
		0.640859, 0.598364, 0.480896,
		30.695314, 34.876244, 32.546200>
	pigment { color rgbt <0,1,1,0> }
	no_shadow
}
cylinder {
	<30.302078, 34.278053, 32.965076>,  <30.246714, 34.457390, 32.209572>, 0.130000
	pigment { color rgbt <1,0,0,0> }
	no_shadow
}

// nucleotide -1

// particle -1
sphere {
	<30.302078, 34.278053, 32.965076> 0.250000
	pigment { color rgbt <1,0,0,0> }
	no_shadow
}
cylinder {
	<30.366869, 34.666264, 32.893696>,  <30.405745, 34.899189, 32.850868>, 0.100000
	pigment { color rgbt <1,0,0,0> }
	no_shadow
}
cylinder {
	<30.366869, 34.666264, 32.893696>,  <30.302078, 34.278053, 32.965076>, 0.100000
	pigment { color rgbt <1,0,0,0> }
	no_shadow
}

// particle -1
sphere {
	<30.366869, 34.666264, 32.893696> 0.100000
	pigment { color rgbt <1,0,0,0> }
	no_shadow
}
sphere {
	0, 1
	scale<0.080000,0.200000,0.300000>
	matrix <-0.718309, 0.239959, 0.653033,
		0.676606, 0.022408, 0.736005,
		0.161978, 0.970525, -0.178454,
		30.415462, 34.957420, 32.840160>
	pigment { color rgbt <0,1,1,0> }
	no_shadow
}
cylinder {
	<30.374239, 34.606339, 33.621368>,  <30.302078, 34.278053, 32.965076>, 0.130000
	pigment { color rgbt <1,0,0,0> }
	no_shadow
}

// nucleotide -1

// particle -1
sphere {
	<30.374239, 34.606339, 33.621368> 0.250000
	pigment { color rgbt <1,0,0,0> }
	no_shadow
}
cylinder {
	<30.257774, 34.875824, 33.349682>,  <30.187895, 35.037514, 33.186668>, 0.100000
	pigment { color rgbt <1,0,0,0> }
	no_shadow
}
cylinder {
	<30.257774, 34.875824, 33.349682>,  <30.374239, 34.606339, 33.621368>, 0.100000
	pigment { color rgbt <1,0,0,0> }
	no_shadow
}

// particle -1
sphere {
	<30.257774, 34.875824, 33.349682> 0.100000
	pigment { color rgbt <1,0,0,0> }
	no_shadow
}
sphere {
	0, 1
	scale<0.080000,0.200000,0.300000>
	matrix <-0.849413, 0.144584, 0.507536,
		0.440138, 0.724711, 0.530163,
		-0.291164, 0.673713, -0.679216,
		30.170425, 35.077938, 33.145916>
	pigment { color rgbt <0,1,1,0> }
	no_shadow
}
cylinder {
	<30.330299, 35.298100, 33.968170>,  <30.374239, 34.606339, 33.621368>, 0.130000
	pigment { color rgbt <1,0,0,0> }
	no_shadow
}

// nucleotide -1

// particle -1
sphere {
	<30.330299, 35.298100, 33.968170> 0.250000
	pigment { color rgbt <1,0,0,0> }
	no_shadow
}
cylinder {
	<30.079887, 35.216961, 33.666988>,  <29.929640, 35.168278, 33.486279>, 0.100000
	pigment { color rgbt <1,0,0,0> }
	no_shadow
}
cylinder {
	<30.079887, 35.216961, 33.666988>,  <30.330299, 35.298100, 33.968170>, 0.100000
	pigment { color rgbt <1,0,0,0> }
	no_shadow
}

// particle -1
sphere {
	<30.079887, 35.216961, 33.666988> 0.100000
	pigment { color rgbt <1,0,0,0> }
	no_shadow
}
sphere {
	0, 1
	scale<0.080000,0.200000,0.300000>
