// switches for output
#declare DRAW_BASES = 1; // possible values are 0, 1; only relevant for DNA ribbons
#declare DRAW_BASES_TYPE = 3; // possible values are 1, 2, 3; only relevant for DNA ribbons
#declare DRAW_FOG = 0; // set to 1 to enable fog

#include "colors.inc"

#include "transforms.inc"
background { rgb <1, 1, 1>}

#default {
   normal{
       ripples 0.25
       frequency 0.20
       turbulence 0.2
       lambda 5
   }
	finish {
		phong 0.1
		phong_size 40.
	}
}

// original window dimensions: 1024x640


// camera settings

camera {
	sky <0, 0.179814, -0.983701>
	up <0, 0.179814, -0.983701>
	right 1.6 * <1, 0, 0>
	location <35, 94.9851, 44.8844>
	look_at <35, 29.7336, 32.9568>
	direction <0, -65.2515, -11.9276>
	angle 67.0682
}


# declare cpy_camera_pos = <35, 94.9851, 44.8844>;
# if (DRAW_FOG = 1)
fog {
	fog_type 2
	up vnormalize(cpy_camera_pos)
	color rgbt<1,1,1,0.3>
	distance 1e-5
	fog_alt 3e-3
	fog_offset 56
}
# end


// LIGHTS

# declare lum = 6;
global_settings {
	ambient_light rgb lum * <0.05, 0.05, 0.05>
	max_trace_level 15
}# declare cpy_direct_light_amount = 0.25;
light_source
{	1000 * <-1, -1.16352, -0.803886>,
	rgb lum * cpy_direct_light_amount
	parallel
}

light_source
{	1000 * <1, 1.16352, 0.803886>,
	rgb lum * cpy_direct_light_amount
	parallel
}

// strand 0

// nucleotide -1

// particle -1
sphere {
	<24.495667, 34.763474, 35.378201> 0.250000
	pigment { color rgbt <1,0,0,0> }
	no_shadow
}
cylinder {
	<24.266138, 34.793888, 35.052025>,  <24.128422, 34.812138, 34.856319>, 0.100000
	pigment { color rgbt <1,0,0,0> }
	no_shadow
}
cylinder {
	<24.266138, 34.793888, 35.052025>,  <24.495667, 34.763474, 35.378201>, 0.100000
	pigment { color rgbt <1,0,0,0> }
	no_shadow
}

// particle -1
sphere {
	<24.266138, 34.793888, 35.052025> 0.100000
	pigment { color rgbt <1,0,0,0> }
	no_shadow
}
sphere {
	0, 1
	scale<0.080000,0.200000,0.300000>
	matrix <-0.771964, 0.282292, 0.569546,
		0.273498, 0.956311, -0.103290,
		-0.573821, 0.076034, -0.815443,
		24.093992, 34.816700, 34.807392>
	pigment { color rgbt <0,1,1,0> }
	no_shadow
}
cylinder {
	<24.482679, 34.962276, 36.020962>,  <24.495667, 34.763474, 35.378201>, 0.130000
	pigment { color rgbt <1,0,0,0> }
	no_shadow
}

// nucleotide -1

// particle -1
sphere {
	<24.482679, 34.962276, 36.020962> 0.250000
	pigment { color rgbt <1,0,0,0> }
	no_shadow
}
cylinder {
	<24.756109, 34.899231, 36.306026>,  <24.920168, 34.861404, 36.477066>, 0.100000
	pigment { color rgbt <1,0,0,0> }
	no_shadow
}
cylinder {
	<24.756109, 34.899231, 36.306026>,  <24.482679, 34.962276, 36.020962>, 0.100000
	pigment { color rgbt <1,0,0,0> }
	no_shadow
}

// particle -1
sphere {
	<24.756109, 34.899231, 36.306026> 0.100000
	pigment { color rgbt <1,0,0,0> }
	no_shadow
}
sphere {
	0, 1
	scale<0.080000,0.200000,0.300000>
	matrix <0.051980, -0.963413, -0.262933,
		0.728027, 0.216779, -0.650372,
		0.683575, -0.157616, 0.712659,
		24.961182, 34.851948, 36.519825>
	pigment { color rgbt <0,1,1,0> }
	no_shadow
}
cylinder {
	<25.213322, 34.773884, 35.863792>,  <24.482679, 34.962276, 36.020962>, 0.130000
	pigment { color rgbt <1,0,0,0> }
	no_shadow
}

// nucleotide -1

// particle -1
sphere {
	<25.213322, 34.773884, 35.863792> 0.250000
	pigment { color rgbt <1,0,0,0> }
	no_shadow
}
cylinder {
	<25.081390, 34.591263, 36.194313>,  <25.002232, 34.481689, 36.392624>, 0.100000
	pigment { color rgbt <1,0,0,0> }
	no_shadow
}
cylinder {
	<25.081390, 34.591263, 36.194313>,  <25.213322, 34.773884, 35.863792>, 0.100000
	pigment { color rgbt <1,0,0,0> }
	no_shadow
}

// particle -1
sphere {
	<25.081390, 34.591263, 36.194313> 0.100000
	pigment { color rgbt <1,0,0,0> }
	no_shadow
}
sphere {
	0, 1
	scale<0.080000,0.200000,0.300000>
	matrix <0.187118, -0.889532, -0.416796,
		0.925310, 0.017144, 0.378822,
		-0.329829, -0.456550, 0.826302,
		24.982441, 34.454296, 36.442204>
	pigment { color rgbt <0,1,1,0> }
	no_shadow
}
cylinder {
	<25.727139, 34.345535, 36.059616>,  <25.213322, 34.773884, 35.863792>, 0.130000
	pigment { color rgbt <1,0,0,0> }
	no_shadow
}

// nucleotide -1

// particle -1
sphere {
	<25.727139, 34.345535, 36.059616> 0.250000
	pigment { color rgbt <1,0,0,0> }
	no_shadow
}
cylinder {
	<25.351864, 34.250633, 36.160427>,  <25.126699, 34.193691, 36.220913>, 0.100000
	pigment { color rgbt <1,0,0,0> }
	no_shadow
}
cylinder {
	<25.351864, 34.250633, 36.160427>,  <25.727139, 34.345535, 36.059616>, 0.100000
	pigment { color rgbt <1,0,0,0> }
	no_shadow
}

// particle -1
sphere {
	<25.351864, 34.250633, 36.160427> 0.100000
	pigment { color rgbt <1,0,0,0> }
	no_shadow
}
sphere {
	0, 1
	scale<0.080000,0.200000,0.300000>
	matrix <0.038467, -0.795076, -0.605289,
		0.343992, -0.558178, 0.755055,
		-0.938185, -0.237259, 0.252028,
		25.070408, 34.179455, 36.236034>
	pigment { color rgbt <0,1,1,0> }
	no_shadow
}
cylinder {
	<26.002609, 34.754883, 36.593239>,  <25.727139, 34.345535, 36.059616>, 0.130000
	pigment { color rgbt <1,0,0,0> }
	no_shadow
}

// nucleotide -1

// particle -1
sphere {
	<26.002609, 34.754883, 36.593239> 0.250000
	pigment { color rgbt <1,0,0,0> }
	no_shadow
}
cylinder {
	<26.346811, 34.562637, 36.660816>,  <26.553333, 34.447292, 36.701363>, 0.100000
	pigment { color rgbt <1,0,0,0> }
	no_shadow
}
cylinder {
	<26.346811, 34.562637, 36.660816>,  <26.002609, 34.754883, 36.593239>, 0.100000
	pigment { color rgbt <1,0,0,0> }
	no_shadow
}

// particle -1
sphere {
	<26.346811, 34.562637, 36.660816> 0.100000
	pigment { color rgbt <1,0,0,0> }
	no_shadow
}
sphere {
	0, 1
	scale<0.080000,0.200000,0.300000>
	matrix <0.504001, 0.754822, -0.419793,
		0.074232, 0.446384, 0.891757,
		0.860507, -0.480609, 0.168946,
		26.604963, 34.418453, 36.711498>
	pigment { color rgbt <0,1,1,0> }
	no_shadow
}
cylinder {
	<26.562922, 35.149021, 37.080776>,  <26.002609, 34.754883, 36.593239>, 0.130000
	pigment { color rgbt <1,0,0,0> }
	no_shadow
}

// nucleotide -1

// particle -1
sphere {
	<26.562922, 35.149021, 37.080776> 0.250000
	pigment { color rgbt <1,0,0,0> }
	no_shadow
}
cylinder {
	<26.684439, 34.914783, 36.780167>,  <26.757349, 34.774239, 36.599800>, 0.100000
	pigment { color rgbt <1,0,0,0> }
	no_shadow
}
cylinder {
	<26.684439, 34.914783, 36.780167>,  <26.562922, 35.149021, 37.080776>, 0.100000
	pigment { color rgbt <1,0,0,0> }
	no_shadow
}

// particle -1
sphere {
	<26.684439, 34.914783, 36.780167> 0.100000
	pigment { color rgbt <1,0,0,0> }
	no_shadow
}
sphere {
	0, 1
	scale<0.080000,0.200000,0.300000>
	matrix <0.323176, 0.805374, -0.496921,
		0.896252, -0.091914, 0.433917,
		0.303791, -0.585598, -0.751523,
		26.775576, 34.739105, 36.554710>
	pigment { color rgbt <0,1,1,0> }
	no_shadow
}
cylinder {
	<27.325264, 35.139954, 36.924057>,  <26.562922, 35.149021, 37.080776>, 0.130000
	pigment { color rgbt <1,0,0,0> }
	no_shadow
}

// nucleotide -1

// particle -1
sphere {
	<27.325264, 35.139954, 36.924057> 0.250000
	pigment { color rgbt <1,0,0,0> }
	no_shadow
}
cylinder {
	<27.055037, 35.101540, 36.631649>,  <26.892900, 35.078491, 36.456203>, 0.100000
	pigment { color rgbt <1,0,0,0> }
	no_shadow
}
cylinder {
	<27.055037, 35.101540, 36.631649>,  <27.325264, 35.139954, 36.924057>, 0.100000
	pigment { color rgbt <1,0,0,0> }
	no_shadow
}

// particle -1
sphere {
	<27.055037, 35.101540, 36.631649> 0.100000
	pigment { color rgbt <1,0,0,0> }
	no_shadow
}
sphere {
	0, 1
	scale<0.080000,0.200000,0.300000>
	matrix <0.353690, 0.827737, -0.435608,
		0.646924, -0.552836, -0.525226,
		-0.675569, -0.096038, -0.731016,
		26.852365, 35.072727, 36.412346>
	pigment { color rgbt <0,1,1,0> }
	no_shadow
}
cylinder {
	<27.674408, 34.520805, 36.647614>,  <27.325264, 35.139954, 36.924057>, 0.130000
	pigment { color rgbt <1,0,0,0> }
	no_shadow
}

// nucleotide -1

// particle -1
sphere {
	<27.674408, 34.520805, 36.647614> 0.250000
	pigment { color rgbt <1,0,0,0> }
	no_shadow
}
cylinder {
	<28.062365, 34.592060, 36.714039>,  <28.295139, 34.634811, 36.753895>, 0.100000
	pigment { color rgbt <1,0,0,0> }
	no_shadow
}
cylinder {
	<28.062365, 34.592060, 36.714039>,  <27.674408, 34.520805, 36.647614>, 0.100000
	pigment { color rgbt <1,0,0,0> }
	no_shadow
}

// particle -1
sphere {
	<28.062365, 34.592060, 36.714039> 0.100000
	pigment { color rgbt <1,0,0,0> }
	no_shadow
}
sphere {
	0, 1
	scale<0.080000,0.200000,0.300000>
	matrix <0.217646, -0.939972, -0.262836,
		0.109275, 0.291066, -0.950442,
		0.969891, 0.178138, 0.166065,
		28.353333, 34.645500, 36.763859>
	pigment { color rgbt <0,1,1,0> }
	no_shadow
}
cylinder {
	<27.988495, 34.097397, 36.171276>,  <27.674408, 34.520805, 36.647614>, 0.130000
	pigment { color rgbt <1,0,0,0> }
	no_shadow
}

// nucleotide -1

// particle -1
sphere {
	<27.988495, 34.097397, 36.171276> 0.250000
	pigment { color rgbt <1,0,0,0> }
	no_shadow
}
cylinder {
	<28.262016, 34.171745, 36.453514>,  <28.426128, 34.216354, 36.622856>, 0.100000
	pigment { color rgbt <1,0,0,0> }
	no_shadow
}
cylinder {
	<28.262016, 34.171745, 36.453514>,  <27.988495, 34.097397, 36.171276>, 0.100000
	pigment { color rgbt <1,0,0,0> }
	no_shadow
}

// particle -1
sphere {
	<28.262016, 34.171745, 36.453514> 0.100000
	pigment { color rgbt <1,0,0,0> }
	no_shadow
}
sphere {
	0, 1
	scale<0.080000,0.200000,0.300000>
	matrix <0.212364, -0.975846, 0.051251,
		0.698079, 0.114798, -0.706758,
		0.683803, 0.185868, 0.705596,
		28.467157, 34.227505, 36.665192>
	pigment { color rgbt <0,1,1,0> }
	no_shadow
}
cylinder {
	<28.482437, 33.629864, 35.900467>,  <27.988495, 34.097397, 36.171276>, 0.130000
	pigment { color rgbt <1,0,0,0> }
	no_shadow
}

// nucleotide -1

// particle -1
sphere {
	<28.482437, 33.629864, 35.900467> 0.250000
	pigment { color rgbt <1,0,0,0> }
	no_shadow
}
cylinder {
	<28.576717, 33.709164, 36.281021>,  <28.633286, 33.756744, 36.509354>, 0.100000
	pigment { color rgbt <1,0,0,0> }
	no_shadow
}
cylinder {
	<28.576717, 33.709164, 36.281021>,  <28.482437, 33.629864, 35.900467>, 0.100000
	pigment { color rgbt <1,0,0,0> }
	no_shadow
}

// particle -1
sphere {
	<28.576717, 33.709164, 36.281021> 0.100000
	pigment { color rgbt <1,0,0,0> }
	no_shadow
}
sphere {
	0, 1
	scale<0.080000,0.200000,0.300000>
	matrix <0.018607, -0.979712, 0.199544,
		0.971648, -0.029330, -0.234607,
		0.235700, 0.198251, 0.951389,
		28.647427, 33.768639, 36.566437>
	pigment { color rgbt <0,1,1,0> }
	no_shadow
}
cylinder {
	<29.096937, 33.205952, 36.046387>,  <28.482437, 33.629864, 35.900467>, 0.130000
	pigment { color rgbt <1,0,0,0> }
	no_shadow
}

// nucleotide -1

// particle -1
sphere {
	<29.096937, 33.205952, 36.046387> 0.250000
	pigment { color rgbt <1,0,0,0> }
	no_shadow
}
cylinder {
	<28.914879, 33.291019, 36.392246>,  <28.805645, 33.342060, 36.599762>, 0.100000
	pigment { color rgbt <1,0,0,0> }
	no_shadow
}
cylinder {
	<28.914879, 33.291019, 36.392246>,  <29.096937, 33.205952, 36.046387>, 0.100000
	pigment { color rgbt <1,0,0,0> }
	no_shadow
}

// particle -1
sphere {
	<28.914879, 33.291019, 36.392246> 0.100000
	pigment { color rgbt <1,0,0,0> }
	no_shadow
}
sphere {
	0, 1
	scale<0.080000,0.200000,0.300000>
	matrix <-0.133716, -0.976372, 0.169759,
		0.880320, -0.038353, 0.472827,
		-0.455144, 0.212667, 0.864648,
		28.778336, 33.354820, 36.651642>
	pigment { color rgbt <0,1,1,0> }
	no_shadow
}
cylinder {
	<29.363125, 32.730053, 36.527996>,  <29.096937, 33.205952, 36.046387>, 0.130000
	pigment { color rgbt <1,0,0,0> }
	no_shadow
}

// nucleotide -1

// particle -1
sphere {
	<29.363125, 32.730053, 36.527996> 0.250000
	pigment { color rgbt <1,0,0,0> }
	no_shadow
}
cylinder {
	<28.998243, 32.868412, 36.615852>,  <28.779314, 32.951427, 36.668564>, 0.100000
	pigment { color rgbt <1,0,0,0> }
	no_shadow
}
cylinder {
	<28.998243, 32.868412, 36.615852>,  <29.363125, 32.730053, 36.527996>, 0.100000
	pigment { color rgbt <1,0,0,0> }
	no_shadow
}

// particle -1
sphere {
	<28.998243, 32.868412, 36.615852> 0.100000
	pigment { color rgbt <1,0,0,0> }
	no_shadow
}
sphere {
	0, 1
	scale<0.080000,0.200000,0.300000>
	matrix <-0.235036, -0.880820, 0.410992,
		0.335619, 0.323287, 0.884786,
		-0.912205, 0.345893, 0.219636,
		28.724583, 32.972179, 36.681744>
	pigment { color rgbt <0,1,1,0> }
	no_shadow
}
cylinder {
	<29.262035, 32.673965, 37.245205>,  <29.363125, 32.730053, 36.527996>, 0.130000
	pigment { color rgbt <1,0,0,0> }
	no_shadow
}

// nucleotide -1

// particle -1
sphere {
	<29.262035, 32.673965, 37.245205> 0.250000
	pigment { color rgbt <1,0,0,0> }
	no_shadow
}
cylinder {
	<28.892328, 32.677864, 37.092556>,  <28.670504, 32.680202, 37.000965>, 0.100000
	pigment { color rgbt <1,0,0,0> }
	no_shadow
}
cylinder {
	<28.892328, 32.677864, 37.092556>,  <29.262035, 32.673965, 37.245205>, 0.100000
	pigment { color rgbt <1,0,0,0> }
	no_shadow
}

// particle -1
sphere {
	<28.892328, 32.677864, 37.092556> 0.100000
	pigment { color rgbt <1,0,0,0> }
	no_shadow
}
sphere {
	0, 1
	scale<0.080000,0.200000,0.300000>
	matrix <-0.238913, -0.794460, 0.558349,
		-0.297742, 0.607239, 0.736622,
		-0.924267, 0.009744, -0.381621,
		28.615047, 32.680786, 36.978069>
	pigment { color rgbt <0,1,1,0> }
	no_shadow
}
cylinder {
	<28.731041, 32.661098, 37.807449>,  <29.262035, 32.673965, 37.245205>, 0.130000
	pigment { color rgbt <1,0,0,0> }
	no_shadow
}

// nucleotide -1

// particle -1
sphere {
	<28.731041, 32.661098, 37.807449> 0.250000
	pigment { color rgbt <1,0,0,0> }
	no_shadow
}
cylinder {
	<28.595037, 32.494274, 37.470295>,  <28.513435, 32.394180, 37.268002>, 0.100000
	pigment { color rgbt <1,0,0,0> }
	no_shadow
}
cylinder {
	<28.595037, 32.494274, 37.470295>,  <28.731041, 32.661098, 37.807449>, 0.100000
	pigment { color rgbt <1,0,0,0> }
	no_shadow
}

// particle -1
sphere {
	<28.595037, 32.494274, 37.470295> 0.100000
	pigment { color rgbt <1,0,0,0> }
	no_shadow
}
sphere {
	0, 1
	scale<0.080000,0.200000,0.300000>
	matrix <-0.354215, -0.773482, 0.525602,
		-0.871164, 0.477272, 0.115261,
		-0.340007, -0.417058, -0.842887,
		28.493034, 32.369156, 37.217430>
	pigment { color rgbt <0,1,1,0> }
	no_shadow
}
cylinder {
	<28.101498, 32.428524, 37.849129>,  <28.731041, 32.661098, 37.807449>, 0.130000
	pigment { color rgbt <1,0,0,0> }
	no_shadow
}

// nucleotide -1

// particle -1
sphere {
	<28.101498, 32.428524, 37.849129> 0.250000
	pigment { color rgbt <1,0,0,0> }
	no_shadow
}
cylinder {
	<28.273445, 32.181965, 37.585228>,  <28.376614, 32.034031, 37.426888>, 0.100000
	pigment { color rgbt <1,0,0,0> }
	no_shadow
}
cylinder {
	<28.273445, 32.181965, 37.585228>,  <28.101498, 32.428524, 37.849129>, 0.100000
	pigment { color rgbt <1,0,0,0> }
	no_shadow
}

// particle -1
sphere {
	<28.273445, 32.181965, 37.585228> 0.100000
	pigment { color rgbt <1,0,0,0> }
	no_shadow
}
sphere {
	0, 1
	scale<0.080000,0.200000,0.300000>
	matrix <-0.424480, -0.782888, 0.454866,
		-0.796891, 0.084523, -0.598181,
		0.429862, -0.616395, -0.659755,
		28.402405, 31.997046, 37.387302>
	pigment { color rgbt <0,1,1,0> }
	no_shadow
}
cylinder {
	<27.926876, 33.045166, 37.467785>,  <28.101498, 32.428524, 37.849129>, 0.130000
	pigment { color rgbt <1,0,0,0> }
	no_shadow
}

// nucleotide -1

// particle -1
sphere {
	<27.926876, 33.045166, 37.467785> 0.250000
	pigment { color rgbt <1,0,0,0> }
	no_shadow
}
cylinder {
	<28.313923, 33.046688, 37.366825>,  <28.546150, 33.047600, 37.306248>, 0.100000
	pigment { color rgbt <1,0,0,0> }
	no_shadow
}
cylinder {
	<28.313923, 33.046688, 37.366825>,  <27.926876, 33.045166, 37.467785>, 0.100000
	pigment { color rgbt <1,0,0,0> }
	no_shadow
}

// particle -1
sphere {
	<28.313923, 33.046688, 37.366825> 0.100000
	pigment { color rgbt <1,0,0,0> }
	no_shadow
}
sphere {
	0, 1
	scale<0.080000,0.200000,0.300000>
	matrix <-0.050960, 0.982240, -0.180574,
		0.247229, 0.187588, 0.950625,
		0.967616, 0.003801, -0.252398,
		28.604208, 33.047829, 37.291107>
	pigment { color rgbt <0,1,1,0> }
	no_shadow
}
cylinder {
	<28.296438, 33.481102, 37.831974>,  <27.926876, 33.045166, 37.467785>, 0.130000
	pigment { color rgbt <1,0,0,0> }
	no_shadow
}

// nucleotide -1

// particle -1
sphere {
	<28.296438, 33.481102, 37.831974> 0.250000
	pigment { color rgbt <1,0,0,0> }
	no_shadow
}
cylinder {
	<28.483152, 33.454121, 37.479256>,  <28.595181, 33.437931, 37.267624>, 0.100000
	pigment { color rgbt <1,0,0,0> }
	no_shadow
}
cylinder {
	<28.483152, 33.454121, 37.479256>,  <28.296438, 33.481102, 37.831974>, 0.100000
	pigment { color rgbt <1,0,0,0> }
	no_shadow
}

// particle -1
sphere {
	<28.483152, 33.454121, 37.479256> 0.100000
	pigment { color rgbt <1,0,0,0> }
	no_shadow
}
sphere {
	0, 1
	scale<0.080000,0.200000,0.300000>
	matrix <0.047187, 0.997566, -0.051334,
		0.883111, -0.017648, 0.468831,
		0.466784, -0.067456, -0.881795,
		28.623188, 33.433884, 37.214718>
	pigment { color rgbt <0,1,1,0> }
	no_shadow
}
cylinder {
	<28.872238, 34.019527, 37.802216>,  <28.296438, 33.481102, 37.831974>, 0.130000
	pigment { color rgbt <1,0,0,0> }
	no_shadow
}

// nucleotide -1

// particle -1
sphere {
	<28.872238, 34.019527, 37.802216> 0.250000
	pigment { color rgbt <1,0,0,0> }
	no_shadow
}
cylinder {
	<28.820976, 33.938385, 37.413902>,  <28.790218, 33.889698, 37.180912>, 0.100000
	pigment { color rgbt <1,0,0,0> }
	no_shadow
}
cylinder {
	<28.820976, 33.938385, 37.413902>,  <28.872238, 34.019527, 37.802216>, 0.100000
	pigment { color rgbt <1,0,0,0> }
	no_shadow
}

// particle -1
sphere {
	<28.820976, 33.938385, 37.413902> 0.100000
	pigment { color rgbt <1,0,0,0> }
	no_shadow
}
sphere {
	0, 1
	scale<0.080000,0.200000,0.300000>
	matrix <0.067044, 0.974847, -0.212554,
		0.989485, -0.092325, -0.111332,
		-0.128156, -0.202855, -0.970786,
		28.782530, 33.877529, 37.122665>
	pigment { color rgbt <0,1,1,0> }
	no_shadow
}
cylinder {
	<29.425722, 34.438648, 37.503712>,  <28.872238, 34.019527, 37.802216>, 0.130000
	pigment { color rgbt <1,0,0,0> }
	no_shadow
}

// nucleotide -1

// particle -1
sphere {
	<29.425722, 34.438648, 37.503712> 0.250000
	pigment { color rgbt <1,0,0,0> }
	no_shadow
}
cylinder {
	<29.128735, 34.374645, 37.243515>,  <28.950542, 34.336243, 37.087399>, 0.100000
	pigment { color rgbt <1,0,0,0> }
	no_shadow
}
cylinder {
	<29.128735, 34.374645, 37.243515>,  <29.425722, 34.438648, 37.503712>, 0.100000
	pigment { color rgbt <1,0,0,0> }
	no_shadow
}

// particle -1
sphere {
	<29.128735, 34.374645, 37.243515> 0.100000
	pigment { color rgbt <1,0,0,0> }
	no_shadow
}
sphere {
	0, 1
	scale<0.080000,0.200000,0.300000>
	matrix <-0.030183, 0.978059, -0.206131,
		0.669202, -0.133412, -0.731006,
		-0.742467, -0.160007, -0.650492,
		28.905994, 34.326645, 37.048367>
	pigment { color rgbt <0,1,1,0> }
	no_shadow
}
cylinder {
	<29.650839, 34.700729, 36.851814>,  <29.425722, 34.438648, 37.503712>, 0.130000
	pigment { color rgbt <1,0,0,0> }
	no_shadow
}

// nucleotide -1

// particle -1
sphere {
	<29.650839, 34.700729, 36.851814> 0.250000
	pigment { color rgbt <1,0,0,0> }
	no_shadow
}
cylinder {
	<29.250952, 34.699692, 36.842381>,  <29.011019, 34.699070, 36.836720>, 0.100000
	pigment { color rgbt <1,0,0,0> }
	no_shadow
}
cylinder {
	<29.250952, 34.699692, 36.842381>,  <29.650839, 34.700729, 36.851814>, 0.100000
	pigment { color rgbt <1,0,0,0> }
	no_shadow
}

// particle -1
sphere {
	<29.250952, 34.699692, 36.842381> 0.100000
	pigment { color rgbt <1,0,0,0> }
	no_shadow
}
sphere {
	0, 1
	scale<0.080000,0.200000,0.300000>
	matrix <0.006450, 0.926786, -0.375535,
		0.022831, -0.375582, -0.926508,
		-0.999719, -0.002598, -0.023582,
		28.951036, 34.698914, 36.835304>
	pigment { color rgbt <0,1,1,0> }
	no_shadow
}
cylinder {
	<29.440228, 34.992577, 36.207584>,  <29.650839, 34.700729, 36.851814>, 0.130000
	pigment { color rgbt <1,0,0,0> }
	no_shadow
}

// nucleotide -1

// particle -1
sphere {
	<29.440228, 34.992577, 36.207584> 0.250000
	pigment { color rgbt <1,0,0,0> }
	no_shadow
}
cylinder {
	<29.159098, 35.043999, 36.487446>,  <28.990419, 35.074852, 36.655361>, 0.100000
	pigment { color rgbt <1,0,0,0> }
	no_shadow
}
cylinder {
	<29.159098, 35.043999, 36.487446>,  <29.440228, 34.992577, 36.207584>, 0.100000
	pigment { color rgbt <1,0,0,0> }
	no_shadow
}

// particle -1
sphere {
	<29.159098, 35.043999, 36.487446> 0.100000
	pigment { color rgbt <1,0,0,0> }
	no_shadow
}
sphere {
	0, 1
	scale<0.080000,0.200000,0.300000>
	matrix <-0.064317, 0.968022, -0.242479,
		-0.708449, -0.215420, -0.672082,
		-0.702825, 0.128558, 0.699650,
		28.948250, 35.082565, 36.697342>
	pigment { color rgbt <0,1,1,0> }
	no_shadow
}
cylinder {
	<30.102663, 34.912392, 36.258137>,  <29.440228, 34.992577, 36.207584>, 0.130000
	pigment { color rgbt <1,0,0,0> }
	no_shadow
}

// nucleotide -1

// particle -1
sphere {
	<30.102663, 34.912392, 36.258137> 0.250000
	pigment { color rgbt <1,0,0,0> }
	no_shadow
}
cylinder {
	<30.428087, 34.786278, 36.453571>,  <30.623343, 34.710609, 36.570831>, 0.100000
	pigment { color rgbt <1,0,0,0> }
	no_shadow
}
cylinder {
	<30.428087, 34.786278, 36.453571>,  <30.102663, 34.912392, 36.258137>, 0.100000
	pigment { color rgbt <1,0,0,0> }
	no_shadow
}

// particle -1
sphere {
	<30.428087, 34.786278, 36.453571> 0.100000
	pigment { color rgbt <1,0,0,0> }
	no_shadow
}
sphere {
	0, 1
	scale<0.080000,0.200000,0.300000>
	matrix <0.495571, 0.815497, -0.298955,
		-0.304187, 0.485348, 0.819699,
		0.813560, -0.315281, 0.488588,
		30.672155, 34.691692, 36.600147>
	pigment { color rgbt <0,1,1,0> }
	no_shadow
}
cylinder {
	<30.613571, 34.422569, 35.932377>,  <30.102663, 34.912392, 36.258137>, 0.130000
	pigment { color rgbt <1,0,0,0> }
	no_shadow
}

// nucleotide -1

// particle -1
sphere {
	<30.613571, 34.422569, 35.932377> 0.250000
	pigment { color rgbt <1,0,0,0> }
	no_shadow
}
cylinder {
	<30.909664, 34.536087, 36.176186>,  <31.087320, 34.604198, 36.322472>, 0.100000
	pigment { color rgbt <1,0,0,0> }
	no_shadow
}
cylinder {
	<30.909664, 34.536087, 36.176186>,  <30.613571, 34.422569, 35.932377>, 0.100000
	pigment { color rgbt <1,0,0,0> }
	no_shadow
}

// particle -1
sphere {
	<30.909664, 34.536087, 36.176186> 0.100000
	pigment { color rgbt <1,0,0,0> }
	no_shadow
}
sphere {
	0, 1
	scale<0.080000,0.200000,0.300000>
	matrix <0.616574, 0.075006, -0.783716,
		-0.268134, 0.955947, -0.119459,
		0.740230, 0.283796, 0.609523,
		31.131733, 34.621227, 36.359043>
	pigment { color rgbt <0,1,1,0> }
	no_shadow
}
cylinder {
	<30.357800, 33.887875, 35.373589>,  <30.613571, 34.422569, 35.932377>, 0.130000
	pigment { color rgbt <1,0,0,0> }
	no_shadow
}

// nucleotide -1

// particle -1
sphere {
	<30.357800, 33.887875, 35.373589> 0.250000
	pigment { color rgbt <1,0,0,0> }
	no_shadow
}
cylinder {
	<30.209583, 34.241932, 35.260998>,  <30.120653, 34.454365, 35.193443>, 0.100000
	pigment { color rgbt <1,0,0,0> }
	no_shadow
}
cylinder {
	<30.209583, 34.241932, 35.260998>,  <30.357800, 33.887875, 35.373589>, 0.100000
	pigment { color rgbt <1,0,0,0> }
	no_shadow
}

// particle -1
sphere {
	<30.209583, 34.241932, 35.260998> 0.100000
	pigment { color rgbt <1,0,0,0> }
	no_shadow
}
sphere {
	0, 1
	scale<0.080000,0.200000,0.300000>
	matrix <0.882640, 0.241195, -0.403451,
		-0.289220, -0.397935, -0.870632,
		-0.370539, 0.885140, -0.281474,
		30.098421, 34.507473, 35.176556>
	pigment { color rgbt <0,1,1,0> }
	no_shadow
}
cylinder {
	<30.275215, 33.999935, 34.594971>,  <30.357800, 33.887875, 35.373589>, 0.130000
	pigment { color rgbt <1,0,0,0> }
	no_shadow
}

// nucleotide -1

// particle -1
sphere {
	<30.275215, 33.999935, 34.594971> 0.250000
	pigment { color rgbt <1,0,0,0> }
	no_shadow
}
cylinder {
	<30.354759, 34.303341, 34.843201>,  <30.402487, 34.485382, 34.992138>, 0.100000
	pigment { color rgbt <1,0,0,0> }
	no_shadow
}
cylinder {
	<30.354759, 34.303341, 34.843201>,  <30.275215, 33.999935, 34.594971>, 0.100000
	pigment { color rgbt <1,0,0,0> }
	no_shadow
}

// particle -1
sphere {
	<30.354759, 34.303341, 34.843201> 0.100000
	pigment { color rgbt <1,0,0,0> }
	no_shadow
}
sphere {
	0, 1
	scale<0.080000,0.200000,0.300000>
	matrix <0.754891, 0.285259, -0.590565,
		-0.624975, 0.585908, -0.515867,
		0.198861, 0.758511, 0.620576,
		30.414417, 34.530895, 35.029373>
	pigment { color rgbt <0,1,1,0> }
	no_shadow
}
cylinder {
	<30.793177, 34.342155, 34.250778>,  <30.275215, 33.999935, 34.594971>, 0.130000
	pigment { color rgbt <1,0,0,0> }
	no_shadow
}

// nucleotide -1

// particle -1
sphere {
	<30.793177, 34.342155, 34.250778> 0.250000
	pigment { color rgbt <1,0,0,0> }
	no_shadow
}
cylinder {
	<30.729372, 34.606274, 34.544327>,  <30.691090, 34.764744, 34.720455>, 0.100000
	pigment { color rgbt <1,0,0,0> }
	no_shadow
}
cylinder {
	<30.729372, 34.606274, 34.544327>,  <30.793177, 34.342155, 34.250778>, 0.100000
	pigment { color rgbt <1,0,0,0> }
	no_shadow
}

// particle -1
sphere {
	<30.729372, 34.606274, 34.544327> 0.100000
	pigment { color rgbt <1,0,0,0> }
	no_shadow
}
sphere {
	0, 1
	scale<0.080000,0.200000,0.300000>
	matrix <0.494690, 0.696778, -0.519405,
		-0.854306, 0.280186, -0.437787,
		-0.159511, 0.660300, 0.733867,
		30.681519, 34.804363, 34.764488>
	pigment { color rgbt <0,1,1,0> }
	no_shadow
}
cylinder {
	<30.179491, 34.896488, 34.153297>,  <30.793177, 34.342155, 34.250778>, 0.130000
	pigment { color rgbt <1,0,0,0> }
	no_shadow
}

// nucleotide -1

// particle -1
sphere {
	<30.179491, 34.896488, 34.153297> 0.250000
	pigment { color rgbt <1,0,0,0> }
	no_shadow
}
cylinder {
	<30.529583, 34.951923, 34.338669>,  <30.739639, 34.985184, 34.449890>, 0.100000
	pigment { color rgbt <1,0,0,0> }
	no_shadow
}
cylinder {
	<30.529583, 34.951923, 34.338669>,  <30.179491, 34.896488, 34.153297>, 0.100000
	pigment { color rgbt <1,0,0,0> }
	no_shadow
}

// particle -1
sphere {
	<30.529583, 34.951923, 34.338669> 0.100000
	pigment { color rgbt <1,0,0,0> }
	no_shadow
}
sphere {
	0, 1
	scale<0.080000,0.200000,0.300000>
	matrix <0.290617, 0.615218, -0.732837,
		-0.386669, 0.776081, 0.498182,
		0.875231, 0.138585, 0.463428,
		30.792152, 34.993500, 34.477695>
	pigment { color rgbt <0,1,1,0> }
	no_shadow
}
cylinder {
	<30.319759, 35.674881, 34.255398>,  <30.179491, 34.896488, 34.153297>, 0.130000
	pigment { color rgbt <1,0,0,0> }
	no_shadow
}

// nucleotide -1

// particle -1
sphere {
	<30.319759, 35.674881, 34.255398> 0.250000
	pigment { color rgbt <1,0,0,0> }
	no_shadow
}
cylinder {
	<30.669582, 35.481094, 34.247002>,  <30.879477, 35.364822, 34.241962>, 0.100000
	pigment { color rgbt <1,0,0,0> }
	no_shadow
}
cylinder {
	<30.669582, 35.481094, 34.247002>,  <30.319759, 35.674881, 34.255398>, 0.100000
	pigment { color rgbt <1,0,0,0> }
	no_shadow
}

// particle -1
sphere {
	<30.669582, 35.481094, 34.247002> 0.100000
	pigment { color rgbt <1,0,0,0> }
	no_shadow
}
sphere {
	0, 1
	scale<0.080000,0.200000,0.300000>
	matrix <0.383850, 0.718084, -0.580530,
		0.296323, 0.499649, 0.813968,
		0.874558, -0.484466, -0.020995,
		30.931950, 35.335754, 34.240704>
	pigment { color rgbt <0,1,1,0> }
	no_shadow
}
cylinder {
	<30.819536, 36.198174, 34.383385>,  <30.319759, 35.674881, 34.255398>, 0.130000
	pigment { color rgbt <1,0,0,0> }
	no_shadow
}

// nucleotide -1

// particle -1
sphere {
	<30.819536, 36.198174, 34.383385> 0.250000
	pigment { color rgbt <1,0,0,0> }
	no_shadow
}
cylinder {
	<31.029060, 35.910034, 34.201523>,  <31.154776, 35.737148, 34.092407>, 0.100000
	pigment { color rgbt <1,0,0,0> }
	no_shadow
}
cylinder {
	<31.029060, 35.910034, 34.201523>,  <30.819536, 36.198174, 34.383385>, 0.100000
	pigment { color rgbt <1,0,0,0> }
	no_shadow
}

// particle -1
sphere {
	<31.029060, 35.910034, 34.201523> 0.100000
	pigment { color rgbt <1,0,0,0> }
	no_shadow
}
sphere {
	0, 1
	scale<0.080000,0.200000,0.300000>
	matrix <0.463470, 0.688831, -0.557411,
		0.714714, 0.081259, 0.694681,
		0.523813, -0.720353, -0.454656,
		31.186205, 35.693928, 34.065125>
	pigment { color rgbt <0,1,1,0> }
	no_shadow
}
cylinder {
	<31.530499, 36.388611, 34.409740>,  <30.819536, 36.198174, 34.383385>, 0.130000
	pigment { color rgbt <1,0,0,0> }
	no_shadow
}

// nucleotide -1

// particle -1
sphere {
	<31.530499, 36.388611, 34.409740> 0.250000
	pigment { color rgbt <1,0,0,0> }
	no_shadow
}
cylinder {
	<31.510164, 36.116177, 34.117565>,  <31.497963, 35.952717, 33.942261>, 0.100000
	pigment { color rgbt <1,0,0,0> }
	no_shadow
}
cylinder {
	<31.510164, 36.116177, 34.117565>,  <31.530499, 36.388611, 34.409740>, 0.100000
	pigment { color rgbt <1,0,0,0> }
	no_shadow
}

// particle -1
sphere {
	<31.510164, 36.116177, 34.117565> 0.100000
	pigment { color rgbt <1,0,0,0> }
	no_shadow
}
sphere {
	0, 1
	scale<0.080000,0.200000,0.300000>
	matrix <0.447914, 0.638154, -0.626205,
		0.892630, -0.359008, 0.272624,
		-0.050837, -0.681082, -0.730440,
		31.494913, 35.911854, 33.898434>
	pigment { color rgbt <0,1,1,0> }
	no_shadow
}
cylinder {
	<32.176003, 36.273232, 34.052437>,  <31.530499, 36.388611, 34.409740>, 0.130000
	pigment { color rgbt <1,0,0,0> }
	no_shadow
}

// nucleotide -1

// particle -1
sphere {
	<32.176003, 36.273232, 34.052437> 0.250000
	pigment { color rgbt <1,0,0,0> }
	no_shadow
}
cylinder {
	<31.922958, 36.156601, 33.765442>,  <31.771132, 36.086624, 33.593246>, 0.100000
	pigment { color rgbt <1,0,0,0> }
	no_shadow
}
cylinder {
	<31.922958, 36.156601, 33.765442>,  <32.176003, 36.273232, 34.052437>, 0.100000
	pigment { color rgbt <1,0,0,0> }
	no_shadow
}

// particle -1
sphere {
	<31.922958, 36.156601, 33.765442> 0.100000
	pigment { color rgbt <1,0,0,0> }
	no_shadow
}
sphere {
	0, 1
	scale<0.080000,0.200000,0.300000>
	matrix <0.379478, 0.690891, -0.615359,
		0.675120, -0.661557, -0.326429,
		-0.632622, -0.291568, -0.717480,
		31.733173, 36.069130, 33.550198>
	pigment { color rgbt <0,1,1,0> }
	no_shadow
}
cylinder {
	<32.540489, 36.171547, 33.324936>,  <32.176003, 36.273232, 34.052437>, 0.130000
	pigment { color rgbt <1,0,0,0> }
	no_shadow
}

// nucleotide -1

// particle -1
sphere {
	<32.540489, 36.171547, 33.324936> 0.250000
	pigment { color rgbt <1,0,0,0> }
	no_shadow
}
cylinder {
	<32.158031, 36.277000, 33.273880>,  <31.928558, 36.340271, 33.243248>, 0.100000
	pigment { color rgbt <1,0,0,0> }
	no_shadow
}
cylinder {
	<32.158031, 36.277000, 33.273880>,  <32.540489, 36.171547, 33.324936>, 0.100000
	pigment { color rgbt <1,0,0,0> }
	no_shadow
}

// particle -1
sphere {
	<32.158031, 36.277000, 33.273880> 0.100000
	pigment { color rgbt <1,0,0,0> }
	no_shadow
}
sphere {
	0, 1
	scale<0.080000,0.200000,0.300000>
	matrix <0.291994, 0.823553, -0.486313,
		-0.023093, -0.502253, -0.864413,
		-0.956141, 0.263633, -0.127637,
		31.871189, 36.356091, 33.235588>
	pigment { color rgbt <0,1,1,0> }
	no_shadow
}
cylinder {
	<32.577641, 36.533970, 32.743038>,  <32.540489, 36.171547, 33.324936>, 0.130000
	pigment { color rgbt <1,0,0,0> }
	no_shadow
}

// nucleotide -1

// particle -1
sphere {
	<32.577641, 36.533970, 32.743038> 0.250000
	pigment { color rgbt <1,0,0,0> }
	no_shadow
}
cylinder {
	<32.202087, 36.640774, 32.829952>,  <31.976757, 36.704857, 32.882099>, 0.100000
	pigment { color rgbt <1,0,0,0> }
	no_shadow
}
cylinder {
	<32.202087, 36.640774, 32.829952>,  <32.577641, 36.533970, 32.743038>, 0.100000
	pigment { color rgbt <1,0,0,0> }
	no_shadow
}

// particle -1
sphere {
	<32.202087, 36.640774, 32.829952> 0.100000
	pigment { color rgbt <1,0,0,0> }
	no_shadow
}
sphere {
	0, 1
	scale<0.080000,0.200000,0.300000>
	matrix <0.151120, 0.886797, -0.436754,
		-0.309306, -0.377223, -0.872945,
		-0.938878, 0.267010, 0.217286,
		31.920424, 36.720879, 32.895138>
	pigment { color rgbt <0,1,1,0> }
	no_shadow
}
cylinder {
	<32.117847, 36.807693, 32.173225>,  <32.577641, 36.533970, 32.743038>, 0.130000
	pigment { color rgbt <1,0,0,0> }
	no_shadow
}

// nucleotide -1

// particle -1
sphere {
	<32.117847, 36.807693, 32.173225> 0.250000
	pigment { color rgbt <1,0,0,0> }
	no_shadow
}
cylinder {
	<32.017017, 36.984470, 32.517586>,  <31.956520, 37.090538, 32.724201>, 0.100000
	pigment { color rgbt <1,0,0,0> }
	no_shadow
}
cylinder {
	<32.017017, 36.984470, 32.517586>,  <32.117847, 36.807693, 32.173225>, 0.100000
	pigment { color rgbt <1,0,0,0> }
	no_shadow
}

// particle -1
sphere {
	<32.017017, 36.984470, 32.517586> 0.100000
	pigment { color rgbt <1,0,0,0> }
	no_shadow
}
sphere {
	0, 1
	scale<0.080000,0.200000,0.300000>
	matrix <0.094373, 0.896611, -0.432646,
		-0.963096, -0.027812, -0.267718,
		-0.252072, 0.441945, 0.860897,
		31.941397, 37.117054, 32.775856>
	pigment { color rgbt <0,1,1,0> }
	no_shadow
}
cylinder {
	<31.667139, 37.363560, 31.989599>,  <32.117847, 36.807693, 32.173225>, 0.130000
	pigment { color rgbt <1,0,0,0> }
	no_shadow
}

// nucleotide -1

// particle -1
sphere {
	<31.667139, 37.363560, 31.989599> 0.250000
	pigment { color rgbt <1,0,0,0> }
	no_shadow
}
cylinder {
	<31.819063, 37.428944, 32.353802>,  <31.910217, 37.468174, 32.572323>, 0.100000
	pigment { color rgbt <1,0,0,0> }
	no_shadow
}
cylinder {
	<31.819063, 37.428944, 32.353802>,  <31.667139, 37.363560, 31.989599>, 0.100000
	pigment { color rgbt <1,0,0,0> }
	no_shadow
}

// particle -1
sphere {
	<31.819063, 37.428944, 32.353802> 0.100000
	pigment { color rgbt <1,0,0,0> }
	no_shadow
}
sphere {
	0, 1
	scale<0.080000,0.200000,0.300000>
	matrix <0.081111, 0.974589, -0.208798,
		-0.921501, 0.153156, 0.356901,
		0.379811, 0.163459, 0.910508,
		31.933006, 37.477982, 32.626953>
	pigment { color rgbt <0,1,1,0> }
	no_shadow
}
cylinder {
	<31.314192, 37.974960, 32.241554>,  <31.667139, 37.363560, 31.989599>, 0.130000
	pigment { color rgbt <1,0,0,0> }
	no_shadow
}

// nucleotide -1

// particle -1
sphere {
	<31.314192, 37.974960, 32.241554> 0.250000
	pigment { color rgbt <1,0,0,0> }
	no_shadow
}
cylinder {
	<31.677094, 37.902668, 32.393463>,  <31.894835, 37.859295, 32.484608>, 0.100000
	pigment { color rgbt <1,0,0,0> }
	no_shadow
}
cylinder {
	<31.677094, 37.902668, 32.393463>,  <31.314192, 37.974960, 32.241554>, 0.100000
	pigment { color rgbt <1,0,0,0> }
	no_shadow
}

// particle -1
sphere {
	<31.677094, 37.902668, 32.393463> 0.100000
	pigment { color rgbt <1,0,0,0> }
	no_shadow
}
sphere {
	0, 1
	scale<0.080000,0.200000,0.300000>
	matrix <0.178169, 0.983094, 0.042206,
		-0.380978, 0.029371, 0.924118,
		0.907255, -0.180728, 0.379770,
		31.949270, 37.848450, 32.507393>
	pigment { color rgbt <0,1,1,0> }
	no_shadow
}
cylinder {
	<31.108871, 37.375038, 32.592590>,  <31.314192, 37.974960, 32.241554>, 0.130000
	pigment { color rgbt <1,0,0,0> }
	no_shadow
}

// nucleotide -1

// particle -1
sphere {
	<31.108871, 37.375038, 32.592590> 0.250000
	pigment { color rgbt <1,0,0,0> }
	no_shadow
}
cylinder {
	<30.852856, 37.680618, 32.625408>,  <30.699245, 37.863964, 32.645100>, 0.100000
	pigment { color rgbt <1,0,0,0> }
	no_shadow
}
cylinder {
	<30.852856, 37.680618, 32.625408>,  <31.108871, 37.375038, 32.592590>, 0.100000
	pigment { color rgbt <1,0,0,0> }
	no_shadow
}

// particle -1
sphere {
	<30.852856, 37.680618, 32.625408> 0.100000
	pigment { color rgbt <1,0,0,0> }
	no_shadow
}
sphere {
	0, 1
	scale<0.080000,0.200000,0.300000>
	matrix <-0.463760, -0.298978, -0.833990,
		-0.612595, -0.571836, 0.545647,
		-0.640042, 0.763947, 0.082042,
		30.660843, 37.909801, 32.650021>
	pigment { color rgbt <0,1,1,0> }
	no_shadow
}
cylinder {
	<30.778219, 37.105972, 33.283932>,  <31.108871, 37.375038, 32.592590>, 0.130000
	pigment { color rgbt <1,0,0,0> }
	no_shadow
}

// nucleotide -1

// particle -1
sphere {
	<30.778219, 37.105972, 33.283932> 0.250000
	pigment { color rgbt <1,0,0,0> }
	no_shadow
}
cylinder {
	<31.125193, 36.966606, 33.141850>,  <31.333376, 36.882988, 33.056602>, 0.100000
	pigment { color rgbt <1,0,0,0> }
	no_shadow
}
cylinder {
	<31.125193, 36.966606, 33.141850>,  <30.778219, 37.105972, 33.283932>, 0.100000
	pigment { color rgbt <1,0,0,0> }
	no_shadow
}

// particle -1
sphere {
	<31.125193, 36.966606, 33.141850> 0.100000
	pigment { color rgbt <1,0,0,0> }
	no_shadow
}
sphere {
	0, 1
	scale<0.080000,0.200000,0.300000>
	matrix <-0.286127, -0.933351, 0.216764,
		-0.407052, -0.086395, -0.909310,
		0.867433, -0.348413, -0.355202,
		31.385422, 36.862083, 33.035290>
	pigment { color rgbt <0,1,1,0> }
	no_shadow
}
cylinder {
	<30.572235, 36.565922, 32.949249>,  <30.778219, 37.105972, 33.283932>, 0.130000
	pigment { color rgbt <1,0,0,0> }
	no_shadow
}

// nucleotide -1

// particle -1
sphere {
	<30.572235, 36.565922, 32.949249> 0.250000
	pigment { color rgbt <1,0,0,0> }
	no_shadow
}
cylinder {
	<30.954487, 36.510021, 33.052975>,  <31.183838, 36.476482, 33.115208>, 0.100000
	pigment { color rgbt <1,0,0,0> }
	no_shadow
}
cylinder {
	<30.954487, 36.510021, 33.052975>,  <30.572235, 36.565922, 32.949249>, 0.100000
	pigment { color rgbt <1,0,0,0> }
	no_shadow
}

// particle -1
sphere {
	<30.954487, 36.510021, 33.052975> 0.100000
	pigment { color rgbt <1,0,0,0> }
	no_shadow
}
sphere {
	0, 1
	scale<0.080000,0.200000,0.300000>
	matrix <-0.210892, -0.939183, 0.271035,
		0.205662, -0.313696, -0.926983,
		0.955629, -0.139751, 0.259310,
		31.241177, 36.468094, 33.130768>
	pigment { color rgbt <0,1,1,0> }
	no_shadow
}
cylinder {
	<30.716942, 36.020824, 32.699444>,  <30.572235, 36.565922, 32.949249>, 0.130000
	pigment { color rgbt <1,0,0,0> }
	no_shadow
}

// nucleotide -1

// particle -1
sphere {
	<30.716942, 36.020824, 32.699444> 0.250000
	pigment { color rgbt <1,0,0,0> }
	no_shadow
}
cylinder {
	<30.980133, 36.064484, 32.997478>,  <31.138048, 36.090679, 33.176300>, 0.100000
	pigment { color rgbt <1,0,0,0> }
	no_shadow
}
cylinder {
	<30.980133, 36.064484, 32.997478>,  <30.716942, 36.020824, 32.699444>, 0.100000
	pigment { color rgbt <1,0,0,0> }
	no_shadow
}

// particle -1
sphere {
	<30.980133, 36.064484, 32.997478> 0.100000
	pigment { color rgbt <1,0,0,0> }
	no_shadow
}
sphere {
	0, 1
	scale<0.080000,0.200000,0.300000>
	matrix <-0.200745, -0.928211, 0.313250,
		0.725785, -0.355684, -0.588833,
		0.657980, 0.109147, 0.745084,
		31.177526, 36.097229, 33.221004>
	pigment { color rgbt <0,1,1,0> }
	no_shadow
}
cylinder {
	<30.983368, 35.360992, 32.802635>,  <30.716942, 36.020824, 32.699444>, 0.130000
	pigment { color rgbt <1,0,0,0> }
	no_shadow
}

// nucleotide -1

// particle -1
sphere {
	<30.983368, 35.360992, 32.802635> 0.250000
	pigment { color rgbt <1,0,0,0> }
	no_shadow
}
cylinder {
	<31.222940, 35.598907, 33.017113>,  <31.366684, 35.741657, 33.145802>, 0.100000
	pigment { color rgbt <1,0,0,0> }
	no_shadow
}
cylinder {
	<31.222940, 35.598907, 33.017113>,  <30.983368, 35.360992, 32.802635>, 0.100000
	pigment { color rgbt <1,0,0,0> }
	no_shadow
}

// particle -1
sphere {
	<31.222940, 35.598907, 33.017113> 0.100000
	pigment { color rgbt <1,0,0,0> }
	no_shadow
}
sphere {
	0, 1
	scale<0.080000,0.200000,0.300000>
	matrix <-0.079762, -0.621940, 0.778992,
		0.796818, -0.509331, -0.325059,
		0.598932, 0.594787, 0.536198,
		31.402620, 35.777344, 33.177971>
	pigment { color rgbt <0,1,1,0> }
	no_shadow
}
cylinder {
	<31.507748, 34.936295, 32.960400>,  <30.983368, 35.360992, 32.802635>, 0.130000
	pigment { color rgbt <1,0,0,0> }
	no_shadow
}

// nucleotide -1

// particle -1
sphere {
	<31.507748, 34.936295, 32.960400> 0.250000
	pigment { color rgbt <1,0,0,0> }
	no_shadow
}
cylinder {
	<31.467377, 35.230305, 33.228596>,  <31.443153, 35.406712, 33.389511>, 0.100000
	pigment { color rgbt <1,0,0,0> }
	no_shadow
}
cylinder {
	<31.467377, 35.230305, 33.228596>,  <31.507748, 34.936295, 32.960400>, 0.100000
	pigment { color rgbt <1,0,0,0> }
	no_shadow
}

// particle -1
sphere {
	<31.467377, 35.230305, 33.228596> 0.100000
	pigment { color rgbt <1,0,0,0> }
	no_shadow
}
sphere {
	0, 1
	scale<0.080000,0.200000,0.300000>
	matrix <-0.121971, -0.677985, 0.724885,
		0.987389, -0.008620, 0.158079,
		-0.100927, 0.735025, 0.670487,
		31.437099, 35.450813, 33.429741>
	pigment { color rgbt <0,1,1,0> }
	no_shadow
}
cylinder {
	<31.744377, 34.677334, 33.514519>,  <31.507748, 34.936295, 32.960400>, 0.130000
	pigment { color rgbt <1,0,0,0> }
	no_shadow
}

// nucleotide -1

// particle -1
sphere {
	<31.744377, 34.677334, 33.514519> 0.250000
	pigment { color rgbt <1,0,0,0> }
	no_shadow
}
cylinder {
	<31.554792, 34.992275, 33.672222>,  <31.441042, 35.181240, 33.766846>, 0.100000
	pigment { color rgbt <1,0,0,0> }
	no_shadow
}
cylinder {
	<31.554792, 34.992275, 33.672222>,  <31.744377, 34.677334, 33.514519>, 0.100000
	pigment { color rgbt <1,0,0,0> }
	no_shadow
}

// particle -1
sphere {
	<31.554792, 34.992275, 33.672222> 0.100000
	pigment { color rgbt <1,0,0,0> }
	no_shadow
}
sphere {
	0, 1
	scale<0.080000,0.200000,0.300000>
	matrix <-0.229117, -0.542592, 0.808146,
