// switches for output
#declare DRAW_BASES = 1; // possible values are 0, 1; only relevant for DNA ribbons
#declare DRAW_BASES_TYPE = 3; // possible values are 1, 2, 3; only relevant for DNA ribbons
#declare DRAW_FOG = 0; // set to 1 to enable fog

#include "colors.inc"

#include "transforms.inc"
background { rgb <1, 1, 1>}

#default {
   normal{
       ripples 0.25
       frequency 0.20
       turbulence 0.2
       lambda 5
   }
	finish {
		phong 0.1
		phong_size 40.
	}
}

// original window dimensions: 1024x640


// camera settings

camera {
	sky <0, 0.179814, -0.983701>
	up <0, 0.179814, -0.983701>
	right 1.6 * <1, 0, 0>
	location <35, 94.9851, 44.8844>
	look_at <35, 29.7336, 32.9568>
	direction <0, -65.2515, -11.9276>
	angle 67.0682
}


# declare cpy_camera_pos = <35, 94.9851, 44.8844>;
# if (DRAW_FOG = 1)
fog {
	fog_type 2
	up vnormalize(cpy_camera_pos)
	color rgbt<1,1,1,0.3>
	distance 1e-5
	fog_alt 3e-3
	fog_offset 56
}
# end


// LIGHTS

# declare lum = 6;
global_settings {
	ambient_light rgb lum * <0.05, 0.05, 0.05>
	max_trace_level 15
}# declare cpy_direct_light_amount = 0.25;
light_source
{	1000 * <-1, -1.16352, -0.803886>,
	rgb lum * cpy_direct_light_amount
	parallel
}

light_source
{	1000 * <1, 1.16352, 0.803886>,
	rgb lum * cpy_direct_light_amount
	parallel
}

// strand 0

// nucleotide -1

// particle -1
sphere {
	<23.996435, 34.710976, 34.901333> 0.250000
	pigment { color rgbt <1,0,0,0> }
	no_shadow
}
cylinder {
	<24.074957, 34.827648, 35.275795>,  <24.122070, 34.897652, 35.500473>, 0.100000
	pigment { color rgbt <1,0,0,0> }
	no_shadow
}
cylinder {
	<24.074957, 34.827648, 35.275795>,  <23.996435, 34.710976, 34.901333>, 0.100000
	pigment { color rgbt <1,0,0,0> }
	no_shadow
}

// particle -1
sphere {
	<24.074957, 34.827648, 35.275795> 0.100000
	pigment { color rgbt <1,0,0,0> }
	no_shadow
}
sphere {
	0, 1
	scale<0.080000,0.200000,0.300000>
	matrix <0.707307, -0.703349, 0.070830,
		0.679104, 0.648245, -0.344378,
		0.196303, 0.291682, 0.936155,
		24.133848, 34.915154, 35.556641>
	pigment { color rgbt <0,1,1,0> }
	no_shadow
}
cylinder {
	<24.724442, 35.033638, 35.022858>,  <23.996435, 34.710976, 34.901333>, 0.130000
	pigment { color rgbt <1,0,0,0> }
	no_shadow
}

// nucleotide -1

// particle -1
sphere {
	<24.724442, 35.033638, 35.022858> 0.250000
	pigment { color rgbt <1,0,0,0> }
	no_shadow
}
cylinder {
	<24.592600, 34.839348, 35.346695>,  <24.513494, 34.722775, 35.540997>, 0.100000
	pigment { color rgbt <1,0,0,0> }
	no_shadow
}
cylinder {
	<24.592600, 34.839348, 35.346695>,  <24.724442, 35.033638, 35.022858>, 0.100000
	pigment { color rgbt <1,0,0,0> }
	no_shadow
}

// particle -1
sphere {
	<24.592600, 34.839348, 35.346695> 0.100000
	pigment { color rgbt <1,0,0,0> }
	no_shadow
}
sphere {
	0, 1
	scale<0.080000,0.200000,0.300000>
	matrix <0.755197, -0.650263, -0.082674,
		0.566604, 0.584151, 0.581144,
		-0.329602, -0.485722, 0.809591,
		24.493719, 34.693630, 35.589573>
	pigment { color rgbt <0,1,1,0> }
	no_shadow
}
cylinder {
	<25.253502, 34.520859, 35.017788>,  <24.724442, 35.033638, 35.022858>, 0.130000
	pigment { color rgbt <1,0,0,0> }
	no_shadow
}

// nucleotide -1

// particle -1
sphere {
	<25.253502, 34.520859, 35.017788> 0.250000
	pigment { color rgbt <1,0,0,0> }
	no_shadow
}
cylinder {
	<25.051565, 34.475910, 35.360134>,  <24.930403, 34.448940, 35.565544>, 0.100000
	pigment { color rgbt <1,0,0,0> }
	no_shadow
}
cylinder {
	<25.051565, 34.475910, 35.360134>,  <25.253502, 34.520859, 35.017788>, 0.100000
	pigment { color rgbt <1,0,0,0> }
	no_shadow
}

// particle -1
sphere {
	<25.051565, 34.475910, 35.360134> 0.100000
	pigment { color rgbt <1,0,0,0> }
	no_shadow
}
sphere {
	0, 1
	scale<0.080000,0.200000,0.300000>
	matrix <0.589000, -0.769661, 0.246375,
		0.631043, 0.628486, 0.454742,
		-0.504840, -0.112370, 0.855867,
		24.900112, 34.442200, 35.616894>
	pigment { color rgbt <0,1,1,0> }
	no_shadow
}
cylinder {
	<25.562214, 34.711315, 35.579659>,  <25.253502, 34.520859, 35.017788>, 0.130000
	pigment { color rgbt <1,0,0,0> }
	no_shadow
}

// nucleotide -1

// particle -1
sphere {
	<25.562214, 34.711315, 35.579659> 0.250000
	pigment { color rgbt <1,0,0,0> }
	no_shadow
}
cylinder {
	<25.371408, 34.374790, 35.681370>,  <25.256926, 34.172874, 35.742397>, 0.100000
	pigment { color rgbt <1,0,0,0> }
	no_shadow
}
cylinder {
	<25.371408, 34.374790, 35.681370>,  <25.562214, 34.711315, 35.579659>, 0.100000
	pigment { color rgbt <1,0,0,0> }
	no_shadow
}

// particle -1
sphere {
	<25.371408, 34.374790, 35.681370> 0.100000
	pigment { color rgbt <1,0,0,0> }
	no_shadow
}
sphere {
	0, 1
	scale<0.080000,0.200000,0.300000>
	matrix <0.813043, -0.312524, 0.491213,
		-0.333796, 0.441050, 0.833100,
		-0.477013, -0.841311, 0.254274,
		25.228304, 34.122398, 35.757652>
	pigment { color rgbt <0,1,1,0> }
	no_shadow
}
cylinder {
	<25.472319, 35.501293, 35.834385>,  <25.562214, 34.711315, 35.579659>, 0.130000
	pigment { color rgbt <1,0,0,0> }
	no_shadow
}

// nucleotide -1

// particle -1
sphere {
	<25.472319, 35.501293, 35.834385> 0.250000
	pigment { color rgbt <1,0,0,0> }
	no_shadow
}
cylinder {
	<25.304274, 35.294163, 36.132477>,  <25.203447, 35.169884, 36.311333>, 0.100000
	pigment { color rgbt <1,0,0,0> }
	no_shadow
}
cylinder {
	<25.304274, 35.294163, 36.132477>,  <25.472319, 35.501293, 35.834385>, 0.100000
	pigment { color rgbt <1,0,0,0> }
	no_shadow
}

// particle -1
sphere {
	<25.304274, 35.294163, 36.132477> 0.100000
	pigment { color rgbt <1,0,0,0> }
	no_shadow
}
sphere {
	0, 1
	scale<0.080000,0.200000,0.300000>
	matrix <-0.906072, 0.193759, -0.376152,
		0.050387, -0.833255, -0.550588,
		-0.420112, -0.517826, 0.745227,
		25.178240, 35.138813, 36.356045>
	pigment { color rgbt <0,1,1,0> }
	no_shadow
}
cylinder {
	<25.948915, 35.505936, 36.483547>,  <25.472319, 35.501293, 35.834385>, 0.130000
	pigment { color rgbt <1,0,0,0> }
	no_shadow
}

// nucleotide -1

// particle -1
sphere {
	<25.948915, 35.505936, 36.483547> 0.250000
	pigment { color rgbt <1,0,0,0> }
	no_shadow
}
cylinder {
	<26.136976, 35.740784, 36.747139>,  <26.249813, 35.881691, 36.905293>, 0.100000
	pigment { color rgbt <1,0,0,0> }
	no_shadow
}
cylinder {
	<26.136976, 35.740784, 36.747139>,  <25.948915, 35.505936, 36.483547>, 0.100000
	pigment { color rgbt <1,0,0,0> }
	no_shadow
}

// particle -1
sphere {
	<26.136976, 35.740784, 36.747139> 0.100000
	pigment { color rgbt <1,0,0,0> }
	no_shadow
}
sphere {
	0, 1
	scale<0.080000,0.200000,0.300000>
	matrix <0.594667, 0.340990, -0.728078,
		-0.652172, 0.734178, -0.188823,
		0.470152, 0.587119, 0.658975,
		26.278021, 35.916920, 36.944832>
	pigment { color rgbt <0,1,1,0> }
	no_shadow
}
cylinder {
	<25.925739, 36.246780, 36.216404>,  <25.948915, 35.505936, 36.483547>, 0.130000
	pigment { color rgbt <1,0,0,0> }
	no_shadow
}

// nucleotide -1

// particle -1
sphere {
	<25.925739, 36.246780, 36.216404> 0.250000
	pigment { color rgbt <1,0,0,0> }
	no_shadow
}
cylinder {
	<26.226379, 36.091873, 36.429989>,  <26.406763, 35.998928, 36.558140>, 0.100000
	pigment { color rgbt <1,0,0,0> }
	no_shadow
}
cylinder {
	<26.226379, 36.091873, 36.429989>,  <25.925739, 36.246780, 36.216404>, 0.100000
	pigment { color rgbt <1,0,0,0> }
	no_shadow
}

// particle -1
sphere {
	<26.226379, 36.091873, 36.429989> 0.100000
	pigment { color rgbt <1,0,0,0> }
	no_shadow
}
sphere {
	0, 1
	scale<0.080000,0.200000,0.300000>
	matrix <0.601459, 0.070013, -0.795830,
		0.270815, 0.919305, 0.285548,
		0.751602, -0.387268, 0.533964,
		26.451860, 35.975693, 36.590179>
	pigment { color rgbt <0,1,1,0> }
	no_shadow
}
cylinder {
	<26.607733, 36.212612, 36.026768>,  <25.925739, 36.246780, 36.216404>, 0.130000
	pigment { color rgbt <1,0,0,0> }
	no_shadow
}

// nucleotide -1

// particle -1
sphere {
	<26.607733, 36.212612, 36.026768> 0.250000
	pigment { color rgbt <1,0,0,0> }
	no_shadow
}
cylinder {
	<26.920734, 36.267296, 35.783787>,  <27.108536, 36.300106, 35.637997>, 0.100000
	pigment { color rgbt <1,0,0,0> }
	no_shadow
}
cylinder {
	<26.920734, 36.267296, 35.783787>,  <26.607733, 36.212612, 36.026768>, 0.100000
	pigment { color rgbt <1,0,0,0> }
	no_shadow
}

// particle -1
sphere {
	<26.920734, 36.267296, 35.783787> 0.100000
	pigment { color rgbt <1,0,0,0> }
	no_shadow
}
sphere {
	0, 1
	scale<0.080000,0.200000,0.300000>
	matrix <0.398203, 0.640130, 0.657014,
		0.478668, -0.756006, 0.446466,
		0.782503, 0.136707, -0.607454,
		27.155485, 36.308308, 35.601551>
	pigment { color rgbt <0,1,1,0> }
	no_shadow
}
cylinder {
	<27.157862, 36.096214, 36.444157>,  <26.607733, 36.212612, 36.026768>, 0.130000
	pigment { color rgbt <1,0,0,0> }
	no_shadow
}

// nucleotide -1

// particle -1
sphere {
	<27.157862, 36.096214, 36.444157> 0.250000
	pigment { color rgbt <1,0,0,0> }
	no_shadow
}
cylinder {
	<27.272146, 36.309479, 36.125633>,  <27.340717, 36.437439, 35.934521>, 0.100000
	pigment { color rgbt <1,0,0,0> }
	no_shadow
}
cylinder {
	<27.272146, 36.309479, 36.125633>,  <27.157862, 36.096214, 36.444157>, 0.100000
	pigment { color rgbt <1,0,0,0> }
	no_shadow
}

// particle -1
sphere {
	<27.272146, 36.309479, 36.125633> 0.100000
	pigment { color rgbt <1,0,0,0> }
	no_shadow
}
sphere {
	0, 1
	scale<0.080000,0.200000,0.300000>
	matrix <0.468654, 0.647066, 0.601389,
		0.835902, -0.545017, -0.064994,
		0.285712, 0.533162, -0.796308,
		27.357861, 36.469429, 35.886742>
	pigment { color rgbt <0,1,1,0> }
	no_shadow
}
cylinder {
	<27.870728, 36.250656, 36.594696>,  <27.157862, 36.096214, 36.444157>, 0.130000
	pigment { color rgbt <1,0,0,0> }
	no_shadow
}

// nucleotide -1

// particle -1
sphere {
	<27.870728, 36.250656, 36.594696> 0.250000
	pigment { color rgbt <1,0,0,0> }
	no_shadow
}
cylinder {
	<27.772154, 36.526363, 36.322174>,  <27.713011, 36.691788, 36.158661>, 0.100000
	pigment { color rgbt <1,0,0,0> }
	no_shadow
}
cylinder {
	<27.772154, 36.526363, 36.322174>,  <27.870728, 36.250656, 36.594696>, 0.100000
	pigment { color rgbt <1,0,0,0> }
	no_shadow
}

// particle -1
sphere {
	<27.772154, 36.526363, 36.322174> 0.100000
	pigment { color rgbt <1,0,0,0> }
	no_shadow
}
sphere {
	0, 1
	scale<0.080000,0.200000,0.300000>
	matrix <0.404498, 0.711979, 0.573992,
		0.880711, -0.134138, -0.454263,
		-0.246432, 0.689269, -0.681307,
		27.698225, 36.733143, 36.117783>
	pigment { color rgbt <0,1,1,0> }
	no_shadow
}
cylinder {
	<28.323370, 36.835892, 36.633965>,  <27.870728, 36.250656, 36.594696>, 0.130000
	pigment { color rgbt <1,0,0,0> }
	no_shadow
}

// nucleotide -1

// particle -1
sphere {
	<28.323370, 36.835892, 36.633965> 0.250000
	pigment { color rgbt <1,0,0,0> }
	no_shadow
}
cylinder {
	<28.025076, 37.010921, 36.433006>,  <27.846100, 37.115940, 36.312431>, 0.100000
	pigment { color rgbt <1,0,0,0> }
	no_shadow
}
cylinder {
	<28.025076, 37.010921, 36.433006>,  <28.323370, 36.835892, 36.633965>, 0.100000
	pigment { color rgbt <1,0,0,0> }
	no_shadow
}

// particle -1
sphere {
	<28.025076, 37.010921, 36.433006> 0.100000
	pigment { color rgbt <1,0,0,0> }
	no_shadow
}
sphere {
	0, 1
	scale<0.080000,0.200000,0.300000>
	matrix <0.153899, 0.846824, 0.509121,
		0.648222, 0.302351, -0.698850,
		-0.745737, 0.437575, -0.502399,
		27.801355, 37.142193, 36.282288>
	pigment { color rgbt <0,1,1,0> }
	no_shadow
}
cylinder {
	<28.567656, 37.352551, 36.340122>,  <28.323370, 36.835892, 36.633965>, 0.130000
	pigment { color rgbt <1,0,0,0> }
	no_shadow
}

// nucleotide -1

// particle -1
sphere {
	<28.567656, 37.352551, 36.340122> 0.250000
	pigment { color rgbt <1,0,0,0> }
	no_shadow
}
cylinder {
	<28.179630, 37.423687, 36.406273>,  <27.946815, 37.466370, 36.445965>, 0.100000
	pigment { color rgbt <1,0,0,0> }
	no_shadow
}
cylinder {
	<28.179630, 37.423687, 36.406273>,  <28.567656, 37.352551, 36.340122>, 0.100000
	pigment { color rgbt <1,0,0,0> }
	no_shadow
}

// particle -1
sphere {
	<28.179630, 37.423687, 36.406273> 0.100000
	pigment { color rgbt <1,0,0,0> }
	no_shadow
}
sphere {
	0, 1
	scale<0.080000,0.200000,0.300000>
	matrix <0.239825, 0.808689, 0.537127,
		-0.038217, 0.560709, -0.827130,
		-0.970064, 0.177839, 0.165378,
		27.888611, 37.477039, 36.455887>
	pigment { color rgbt <0,1,1,0> }
	no_shadow
}
cylinder {
	<28.453854, 37.864624, 36.897213>,  <28.567656, 37.352551, 36.340122>, 0.130000
	pigment { color rgbt <1,0,0,0> }
	no_shadow
}

// nucleotide -1

// particle -1
sphere {
	<28.453854, 37.864624, 36.897213> 0.250000
	pigment { color rgbt <1,0,0,0> }
	no_shadow
}
cylinder {
	<28.072466, 37.900631, 36.782116>,  <27.843634, 37.922234, 36.713058>, 0.100000
	pigment { color rgbt <1,0,0,0> }
	no_shadow
}
cylinder {
	<28.072466, 37.900631, 36.782116>,  <28.453854, 37.864624, 36.897213>, 0.100000
	pigment { color rgbt <1,0,0,0> }
	no_shadow
}

// particle -1
sphere {
	<28.072466, 37.900631, 36.782116> 0.100000
	pigment { color rgbt <1,0,0,0> }
	no_shadow
}
sphere {
	0, 1
	scale<0.080000,0.200000,0.300000>
	matrix <-0.153137, 0.677523, 0.719383,
		0.259706, 0.729973, -0.632212,
		-0.953468, 0.090013, -0.287743,
		27.786425, 37.927635, 36.695793>
	pigment { color rgbt <0,1,1,0> }
	no_shadow
}
cylinder {
	<27.662247, 37.865723, 37.221092>,  <28.453854, 37.864624, 36.897213>, 0.130000
	pigment { color rgbt <1,0,0,0> }
	no_shadow
}

// nucleotide -1

// particle -1
sphere {
	<27.662247, 37.865723, 37.221092> 0.250000
	pigment { color rgbt <1,0,0,0> }
	no_shadow
}
cylinder {
	<27.586304, 38.146603, 36.946613>,  <27.540737, 38.315132, 36.781925>, 0.100000
	pigment { color rgbt <1,0,0,0> }
	no_shadow
}
cylinder {
	<27.586304, 38.146603, 36.946613>,  <27.662247, 37.865723, 37.221092>, 0.100000
	pigment { color rgbt <1,0,0,0> }
	no_shadow
}

// particle -1
sphere {
	<27.586304, 38.146603, 36.946613> 0.100000
	pigment { color rgbt <1,0,0,0> }
	no_shadow
}
sphere {
	0, 1
	scale<0.080000,0.200000,0.300000>
	matrix <-0.102747, -0.709281, -0.697398,
		-0.976420, -0.061902, 0.206812,
		-0.189858, 0.702203, -0.686196,
		27.529346, 38.357262, 36.740753>
	pigment { color rgbt <0,1,1,0> }
	no_shadow
}
cylinder {
	<27.011843, 37.670265, 36.983326>,  <27.662247, 37.865723, 37.221092>, 0.130000
	pigment { color rgbt <1,0,0,0> }
	no_shadow
}

// nucleotide -1

// particle -1
sphere {
	<27.011843, 37.670265, 36.983326> 0.250000
	pigment { color rgbt <1,0,0,0> }
	no_shadow
}
cylinder {
	<27.233444, 37.841728, 36.697857>,  <27.366405, 37.944607, 36.526573>, 0.100000
	pigment { color rgbt <1,0,0,0> }
	no_shadow
}
cylinder {
	<27.233444, 37.841728, 36.697857>,  <27.011843, 37.670265, 36.983326>, 0.100000
	pigment { color rgbt <1,0,0,0> }
	no_shadow
}

// particle -1
sphere {
	<27.233444, 37.841728, 36.697857> 0.100000
	pigment { color rgbt <1,0,0,0> }
	no_shadow
}
sphere {
	0, 1
	scale<0.080000,0.200000,0.300000>
	matrix <-0.115031, -0.809618, -0.575574,
		-0.824529, 0.400965, -0.399223,
		0.554004, 0.428654, -0.713677,
		27.399645, 37.970325, 36.483753>
	pigment { color rgbt <0,1,1,0> }
	no_shadow
}
cylinder {
	<26.640396, 37.629131, 36.329861>,  <27.011843, 37.670265, 36.983326>, 0.130000
	pigment { color rgbt <1,0,0,0> }
	no_shadow
}

// nucleotide -1

// particle -1
sphere {
	<26.640396, 37.629131, 36.329861> 0.250000
	pigment { color rgbt <1,0,0,0> }
	no_shadow
}
cylinder {
	<27.033129, 37.665047, 36.262993>,  <27.268768, 37.686596, 36.222874>, 0.100000
	pigment { color rgbt <1,0,0,0> }
	no_shadow
}
cylinder {
	<27.033129, 37.665047, 36.262993>,  <26.640396, 37.629131, 36.329861>, 0.100000
	pigment { color rgbt <1,0,0,0> }
	no_shadow
}

// particle -1
sphere {
	<27.033129, 37.665047, 36.262993> 0.100000
	pigment { color rgbt <1,0,0,0> }
	no_shadow
}
sphere {
	0, 1
	scale<0.080000,0.200000,0.300000>
	matrix <-0.059254, -0.691842, -0.719614,
		-0.180269, 0.716444, -0.673951,
		0.981831, 0.089790, -0.167170,
		27.327679, 37.691982, 36.212841>
	pigment { color rgbt <0,1,1,0> }
	no_shadow
}
cylinder {
	<26.813881, 37.624916, 35.621544>,  <26.640396, 37.629131, 36.329861>, 0.130000
	pigment { color rgbt <1,0,0,0> }
	no_shadow
}

// nucleotide -1

// particle -1
sphere {
	<26.813881, 37.624916, 35.621544> 0.250000
	pigment { color rgbt <1,0,0,0> }
	no_shadow
}
cylinder {
	<27.137106, 37.487007, 35.812611>,  <27.331041, 37.404263, 35.927250>, 0.100000
	pigment { color rgbt <1,0,0,0> }
	no_shadow
}
cylinder {
	<27.137106, 37.487007, 35.812611>,  <26.813881, 37.624916, 35.621544>, 0.100000
	pigment { color rgbt <1,0,0,0> }
	no_shadow
}

// particle -1
sphere {
	<27.137106, 37.487007, 35.812611> 0.100000
	pigment { color rgbt <1,0,0,0> }
	no_shadow
}
sphere {
	0, 1
	scale<0.080000,0.200000,0.300000>
	matrix <0.103475, -0.715171, -0.691248,
		0.579938, 0.607998, -0.542227,
		0.808062, -0.344774, 0.477668,
		27.379524, 37.383575, 35.955910>
	pigment { color rgbt <0,1,1,0> }
	no_shadow
}
cylinder {
	<27.334595, 37.476753, 35.088474>,  <26.813881, 37.624916, 35.621544>, 0.130000
	pigment { color rgbt <1,0,0,0> }
	no_shadow
}

// nucleotide -1

// particle -1
sphere {
	<27.334595, 37.476753, 35.088474> 0.250000
	pigment { color rgbt <1,0,0,0> }
	no_shadow
}
cylinder {
	<27.429527, 37.253185, 35.406288>,  <27.486486, 37.119045, 35.596977>, 0.100000
	pigment { color rgbt <1,0,0,0> }
	no_shadow
}
cylinder {
	<27.429527, 37.253185, 35.406288>,  <27.334595, 37.476753, 35.088474>, 0.100000
	pigment { color rgbt <1,0,0,0> }
	no_shadow
}

// particle -1
sphere {
	<27.429527, 37.253185, 35.406288> 0.100000
	pigment { color rgbt <1,0,0,0> }
	no_shadow
}
sphere {
	0, 1
	scale<0.080000,0.200000,0.300000>
	matrix <-0.010566, -0.819337, -0.573215,
		0.971371, 0.127648, -0.200362,
		0.237333, -0.558921, 0.794531,
		27.500727, 37.085510, 35.644646>
	pigment { color rgbt <0,1,1,0> }
	no_shadow
}
cylinder {
	<27.927446, 37.132862, 34.881901>,  <27.334595, 37.476753, 35.088474>, 0.130000
	pigment { color rgbt <1,0,0,0> }
	no_shadow
}

// nucleotide -1

// particle -1
sphere {
	<27.927446, 37.132862, 34.881901> 0.250000
	pigment { color rgbt <1,0,0,0> }
	no_shadow
}
cylinder {
	<27.737625, 36.940281, 35.176655>,  <27.623732, 36.824734, 35.353508>, 0.100000
	pigment { color rgbt <1,0,0,0> }
	no_shadow
}
cylinder {
	<27.737625, 36.940281, 35.176655>,  <27.927446, 37.132862, 34.881901>, 0.100000
	pigment { color rgbt <1,0,0,0> }
	no_shadow
}

// particle -1
sphere {
	<27.737625, 36.940281, 35.176655> 0.100000
	pigment { color rgbt <1,0,0,0> }
	no_shadow
}
sphere {
	0, 1
	scale<0.080000,0.200000,0.300000>
	matrix <-0.153515, -0.779059, -0.607865,
		0.866736, -0.401589, 0.295797,
		-0.474555, -0.481449, 0.736888,
		27.595259, 36.795845, 35.397720>
	pigment { color rgbt <0,1,1,0> }
	no_shadow
}
cylinder {
	<28.001320, 36.580673, 34.651012>,  <27.927446, 37.132862, 34.881901>, 0.130000
	pigment { color rgbt <1,0,0,0> }
	no_shadow
}

// nucleotide -1

// particle -1
sphere {
	<28.001320, 36.580673, 34.651012> 0.250000
	pigment { color rgbt <1,0,0,0> }
	no_shadow
}
cylinder {
	<27.780117, 36.490639, 34.971889>,  <27.647396, 36.436619, 35.164417>, 0.100000
	pigment { color rgbt <1,0,0,0> }
	no_shadow
}
cylinder {
	<27.780117, 36.490639, 34.971889>,  <28.001320, 36.580673, 34.651012>, 0.100000
	pigment { color rgbt <1,0,0,0> }
	no_shadow
}

// particle -1
sphere {
	<27.780117, 36.490639, 34.971889> 0.100000
	pigment { color rgbt <1,0,0,0> }
	no_shadow
}
sphere {
	0, 1
	scale<0.080000,0.200000,0.300000>
	matrix <-0.248283, -0.874553, -0.416548,
		0.795323, -0.429526, 0.427749,
		-0.553008, -0.225087, 0.802196,
		27.614214, 36.423111, 35.212547>
	pigment { color rgbt <0,1,1,0> }
	no_shadow
}
cylinder {
	<28.272520, 35.893730, 35.068092>,  <28.001320, 36.580673, 34.651012>, 0.130000
	pigment { color rgbt <1,0,0,0> }
	no_shadow
}

// nucleotide -1

// particle -1
sphere {
	<28.272520, 35.893730, 35.068092> 0.250000
	pigment { color rgbt <1,0,0,0> }
	no_shadow
}
cylinder {
	<27.884359, 35.984287, 35.034470>,  <27.651463, 36.038620, 35.014297>, 0.100000
	pigment { color rgbt <1,0,0,0> }
	no_shadow
}
cylinder {
	<27.884359, 35.984287, 35.034470>,  <28.272520, 35.893730, 35.068092>, 0.100000
	pigment { color rgbt <1,0,0,0> }
	no_shadow
}

// particle -1
sphere {
	<27.884359, 35.984287, 35.034470> 0.100000
	pigment { color rgbt <1,0,0,0> }
	no_shadow
}
sphere {
	0, 1
	scale<0.080000,0.200000,0.300000>
	matrix <-0.186656, -0.923998, -0.333746,
		-0.153220, -0.308179, 0.938908,
		-0.970403, 0.226389, -0.084052,
		27.593239, 36.052204, 35.009254>
	pigment { color rgbt <0,1,1,0> }
	no_shadow
}
cylinder {
	<27.821571, 35.413292, 35.526798>,  <28.272520, 35.893730, 35.068092>, 0.130000
	pigment { color rgbt <1,0,0,0> }
	no_shadow
}

// nucleotide -1

// particle -1
sphere {
	<27.821571, 35.413292, 35.526798> 0.250000
	pigment { color rgbt <1,0,0,0> }
	no_shadow
}
cylinder {
	<27.681822, 35.504448, 35.163258>,  <27.597973, 35.559143, 34.945133>, 0.100000
	pigment { color rgbt <1,0,0,0> }
	no_shadow
}
cylinder {
	<27.681822, 35.504448, 35.163258>,  <27.821571, 35.413292, 35.526798>, 0.100000
	pigment { color rgbt <1,0,0,0> }
	no_shadow
}

// particle -1
sphere {
	<27.681822, 35.504448, 35.163258> 0.100000
	pigment { color rgbt <1,0,0,0> }
	no_shadow
}
sphere {
	0, 1
	scale<0.080000,0.200000,0.300000>
	matrix <-0.101607, -0.973466, -0.205038,
		-0.931459, 0.020711, 0.363257,
		-0.349372, 0.227894, -0.908847,
		27.577009, 35.572815, 34.890602>
	pigment { color rgbt <0,1,1,0> }
	no_shadow
}
cylinder {
	<27.000053, 35.304958, 35.404869>,  <27.821571, 35.413292, 35.526798>, 0.130000
	pigment { color rgbt <1,0,0,0> }
	no_shadow
}

// nucleotide -1

// particle -1
sphere {
	<27.000053, 35.304958, 35.404869> 0.250000
	pigment { color rgbt <1,0,0,0> }
	no_shadow
}
cylinder {
	<27.248026, 35.225521, 35.101223>,  <27.396809, 35.177860, 34.919037>, 0.100000
	pigment { color rgbt <1,0,0,0> }
	no_shadow
}
cylinder {
	<27.248026, 35.225521, 35.101223>,  <27.000053, 35.304958, 35.404869>, 0.100000
	pigment { color rgbt <1,0,0,0> }
	no_shadow
}

// particle -1
sphere {
	<27.248026, 35.225521, 35.101223> 0.100000
	pigment { color rgbt <1,0,0,0> }
	no_shadow
}
sphere {
	0, 1
	scale<0.080000,0.200000,0.300000>
	matrix <-0.340103, -0.939848, -0.031869,
		-0.707120, 0.277932, -0.650181,
		0.619929, -0.198593, -0.759111,
		27.434004, 35.165943, 34.873489>
	pigment { color rgbt <0,1,1,0> }
	no_shadow
}
cylinder {
	<26.611891, 35.047810, 34.790134>,  <27.000053, 35.304958, 35.404869>, 0.130000
	pigment { color rgbt <1,0,0,0> }
	no_shadow
}

// nucleotide -1

// particle -1
sphere {
	<26.611891, 35.047810, 34.790134> 0.250000
	pigment { color rgbt <1,0,0,0> }
	no_shadow
}
cylinder {
	<26.980185, 34.908321, 34.860157>,  <27.201160, 34.824627, 34.902168>, 0.100000
	pigment { color rgbt <1,0,0,0> }
	no_shadow
}
cylinder {
	<26.980185, 34.908321, 34.860157>,  <26.611891, 35.047810, 34.790134>, 0.100000
	pigment { color rgbt <1,0,0,0> }
	no_shadow
}

// particle -1
sphere {
	<26.980185, 34.908321, 34.860157> 0.100000
	pigment { color rgbt <1,0,0,0> }
	no_shadow
}
sphere {
	0, 1
	scale<0.080000,0.200000,0.300000>
	matrix <-0.358622, -0.933078, 0.027495,
		0.153749, -0.088093, -0.984175,
		0.920734, -0.348720, 0.175052,
		27.256405, 34.803707, 34.912674>
	pigment { color rgbt <0,1,1,0> }
	no_shadow
}
cylinder {
	<26.873617, 34.682491, 34.207565>,  <26.611891, 35.047810, 34.790134>, 0.130000
	pigment { color rgbt <1,0,0,0> }
	no_shadow
}

// nucleotide -1

// particle -1
sphere {
	<26.873617, 34.682491, 34.207565> 0.250000
	pigment { color rgbt <1,0,0,0> }
	no_shadow
}
cylinder {
	<26.970308, 34.565533, 34.577660>,  <27.028324, 34.495358, 34.799717>, 0.100000
	pigment { color rgbt <1,0,0,0> }
	no_shadow
}
cylinder {
	<26.970308, 34.565533, 34.577660>,  <26.873617, 34.682491, 34.207565>, 0.100000
	pigment { color rgbt <1,0,0,0> }
	no_shadow
}

// particle -1
sphere {
	<26.970308, 34.565533, 34.577660> 0.100000
	pigment { color rgbt <1,0,0,0> }
	no_shadow
}
sphere {
	0, 1
	scale<0.080000,0.200000,0.300000>
	matrix <-0.649905, -0.756841, -0.069388,
		0.720549, -0.584545, -0.372984,
		0.241729, -0.292401, 0.925240,
		27.042828, 34.477814, 34.855232>
	pigment { color rgbt <0,1,1,0> }
	no_shadow
}
cylinder {
	<27.205187, 33.958099, 34.125092>,  <26.873617, 34.682491, 34.207565>, 0.130000
	pigment { color rgbt <1,0,0,0> }
	no_shadow
}

// nucleotide -1

// particle -1
sphere {
	<27.205187, 33.958099, 34.125092> 0.250000
	pigment { color rgbt <1,0,0,0> }
	no_shadow
}
cylinder {
	<27.096334, 34.041866, 34.500771>,  <27.031023, 34.092125, 34.726177>, 0.100000
	pigment { color rgbt <1,0,0,0> }
	no_shadow
}
cylinder {
	<27.096334, 34.041866, 34.500771>,  <27.205187, 33.958099, 34.125092>, 0.100000
	pigment { color rgbt <1,0,0,0> }
	no_shadow
}

// particle -1
sphere {
	<27.096334, 34.041866, 34.500771> 0.100000
	pigment { color rgbt <1,0,0,0> }
	no_shadow
}
sphere {
	0, 1
	scale<0.080000,0.200000,0.300000>
	matrix <-0.523882, -0.850945, 0.037941,
		0.807150, -0.481703, 0.341278,
		-0.272132, 0.209414, 0.939196,
		27.014694, 34.104691, 34.782528>
	pigment { color rgbt <0,1,1,0> }
	no_shadow
}
cylinder {
	<27.226862, 33.306377, 34.558758>,  <27.205187, 33.958099, 34.125092>, 0.130000
	pigment { color rgbt <1,0,0,0> }
	no_shadow
}

// nucleotide -1

// particle -1
sphere {
	<27.226862, 33.306377, 34.558758> 0.250000
	pigment { color rgbt <1,0,0,0> }
	no_shadow
}
cylinder {
	<26.965862, 33.569229, 34.709717>,  <26.809263, 33.726940, 34.800293>, 0.100000
	pigment { color rgbt <1,0,0,0> }
	no_shadow
}
cylinder {
	<26.965862, 33.569229, 34.709717>,  <27.226862, 33.306377, 34.558758>, 0.100000
	pigment { color rgbt <1,0,0,0> }
	no_shadow
}

// particle -1
sphere {
	<26.965862, 33.569229, 34.709717> 0.100000
	pigment { color rgbt <1,0,0,0> }
	no_shadow
}
sphere {
	0, 1
	scale<0.080000,0.200000,0.300000>
	matrix <-0.614304, -0.750292, 0.244319,
		0.443709, -0.072421, 0.893240,
		-0.652497, 0.657127, 0.377400,
		26.770113, 33.766369, 34.822937>
	pigment { color rgbt <0,1,1,0> }
	no_shadow
}
cylinder {
	<27.896627, 33.008606, 34.178368>,  <27.226862, 33.306377, 34.558758>, 0.130000
	pigment { color rgbt <1,0,0,0> }
	no_shadow
}

// nucleotide -1

// particle -1
sphere {
	<27.896627, 33.008606, 34.178368> 0.250000
	pigment { color rgbt <1,0,0,0> }
	no_shadow
}
cylinder {
	<27.883341, 33.095524, 34.568584>,  <27.875370, 33.147675, 34.802715>, 0.100000
	pigment { color rgbt <1,0,0,0> }
	no_shadow
}
cylinder {
	<27.883341, 33.095524, 34.568584>,  <27.896627, 33.008606, 34.178368>, 0.100000
	pigment { color rgbt <1,0,0,0> }
	no_shadow
}

// particle -1
sphere {
	<27.883341, 33.095524, 34.568584> 0.100000
	pigment { color rgbt <1,0,0,0> }
	no_shadow
}
sphere {
	0, 1
	scale<0.080000,0.200000,0.300000>
	matrix <-0.158404, -0.964887, 0.209527,
		0.986816, -0.147570, 0.066470,
		-0.033216, 0.217293, 0.975541,
		27.873377, 33.160713, 34.861248>
	pigment { color rgbt <0,1,1,0> }
	no_shadow
}
cylinder {
	<28.490137, 32.712910, 34.559017>,  <27.896627, 33.008606, 34.178368>, 0.130000
	pigment { color rgbt <1,0,0,0> }
	no_shadow
}

// nucleotide -1

// particle -1
sphere {
	<28.490137, 32.712910, 34.559017> 0.250000
	pigment { color rgbt <1,0,0,0> }
	no_shadow
}
cylinder {
	<28.132231, 32.734680, 34.736298>,  <27.917486, 32.747742, 34.842667>, 0.100000
	pigment { color rgbt <1,0,0,0> }
	no_shadow
}
cylinder {
	<28.132231, 32.734680, 34.736298>,  <28.490137, 32.712910, 34.559017>, 0.100000
	pigment { color rgbt <1,0,0,0> }
	no_shadow
}

// particle -1
sphere {
	<28.132231, 32.734680, 34.736298> 0.100000
	pigment { color rgbt <1,0,0,0> }
	no_shadow
}
sphere {
	0, 1
	scale<0.080000,0.200000,0.300000>
	matrix <0.006744, -0.990784, 0.135286,
		0.446484, 0.124038, 0.886153,
		-0.894766, 0.054426, 0.443206,
		27.863800, 32.751007, 34.869259>
	pigment { color rgbt <0,1,1,0> }
	no_shadow
}
cylinder {
	<28.531609, 32.166271, 35.087181>,  <28.490137, 32.712910, 34.559017>, 0.130000
	pigment { color rgbt <1,0,0,0> }
	no_shadow
}

// nucleotide -1

// particle -1
sphere {
	<28.531609, 32.166271, 35.087181> 0.250000
	pigment { color rgbt <1,0,0,0> }
	no_shadow
}
cylinder {
	<28.137640, 32.235474, 35.086636>,  <27.901258, 32.276997, 35.086308>, 0.100000
	pigment { color rgbt <1,0,0,0> }
	no_shadow
}
cylinder {
	<28.137640, 32.235474, 35.086636>,  <28.531609, 32.166271, 35.087181>, 0.100000
	pigment { color rgbt <1,0,0,0> }
	no_shadow
}

// particle -1
sphere {
	<28.137640, 32.235474, 35.086636> 0.100000
	pigment { color rgbt <1,0,0,0> }
	no_shadow
}
sphere {
	0, 1
	scale<0.080000,0.200000,0.300000>
	matrix <-0.173007, -0.984818, 0.014196,
		0.001109, 0.014218, 0.999898,
		-0.984920, 0.173005, -0.001368,
		27.842163, 32.287376, 35.086224>
	pigment { color rgbt <0,1,1,0> }
	no_shadow
}
cylinder {
	<28.319178, 31.925600, 35.689842>,  <28.531609, 32.166271, 35.087181>, 0.130000
	pigment { color rgbt <1,0,0,0> }
	no_shadow
}

// nucleotide -1

// particle -1
sphere {
	<28.319178, 31.925600, 35.689842> 0.250000
	pigment { color rgbt <1,0,0,0> }
	no_shadow
}
cylinder {
	<27.991209, 31.908325, 35.461506>,  <27.794428, 31.897961, 35.324505>, 0.100000
	pigment { color rgbt <1,0,0,0> }
	no_shadow
}
cylinder {
	<27.991209, 31.908325, 35.461506>,  <28.319178, 31.925600, 35.689842>, 0.100000
	pigment { color rgbt <1,0,0,0> }
	no_shadow
}

// particle -1
sphere {
	<27.991209, 31.908325, 35.461506> 0.100000
	pigment { color rgbt <1,0,0,0> }
	no_shadow
}
sphere {
	0, 1
	scale<0.080000,0.200000,0.300000>
	matrix <-0.081217, -0.978290, 0.190665,
		-0.566683, 0.202693, 0.798614,
		-0.819923, -0.043186, -0.570843,
		27.745232, 31.895369, 35.290253>
	pigment { color rgbt <0,1,1,0> }
	no_shadow
}
cylinder {
	<27.656160, 31.578100, 36.035931>,  <28.319178, 31.925600, 35.689842>, 0.130000
	pigment { color rgbt <1,0,0,0> }
	no_shadow
}

// nucleotide -1

// particle -1
sphere {
	<27.656160, 31.578100, 36.035931> 0.250000
	pigment { color rgbt <1,0,0,0> }
	no_shadow
}
cylinder {
	<27.662645, 31.520805, 35.640110>,  <27.666536, 31.486429, 35.402618>, 0.100000
	pigment { color rgbt <1,0,0,0> }
	no_shadow
}
cylinder {
	<27.662645, 31.520805, 35.640110>,  <27.656160, 31.578100, 36.035931>, 0.100000
	pigment { color rgbt <1,0,0,0> }
	no_shadow
}

// particle -1
sphere {
	<27.662645, 31.520805, 35.640110> 0.100000
	pigment { color rgbt <1,0,0,0> }
	no_shadow
}
sphere {
	0, 1
	scale<0.080000,0.200000,0.300000>
	matrix <-0.149661, -0.978884, 0.139241,
		-0.988605, 0.145840, -0.037305,
		0.016210, -0.143237, -0.989556,
		27.667509, 31.477835, 35.343243>
	pigment { color rgbt <0,1,1,0> }
	no_shadow
}
cylinder {
	<27.119957, 31.265987, 35.953194>,  <27.656160, 31.578100, 36.035931>, 0.130000
	pigment { color rgbt <1,0,0,0> }
	no_shadow
}

// nucleotide -1

// particle -1
sphere {
	<27.119957, 31.265987, 35.953194> 0.250000
	pigment { color rgbt <1,0,0,0> }
	no_shadow
}
cylinder {
	<27.319220, 31.192377, 35.614262>,  <27.438778, 31.148211, 35.410900>, 0.100000
	pigment { color rgbt <1,0,0,0> }
	no_shadow
}
cylinder {
	<27.319220, 31.192377, 35.614262>,  <27.119957, 31.265987, 35.953194>, 0.100000
	pigment { color rgbt <1,0,0,0> }
	no_shadow
}

// particle -1
sphere {
	<27.319220, 31.192377, 35.614262> 0.100000
	pigment { color rgbt <1,0,0,0> }
	no_shadow
}
sphere {
	0, 1
	scale<0.080000,0.200000,0.300000>
	matrix <-0.229416, -0.970367, 0.075869,
		-0.836187, 0.156597, -0.525612,
		0.498156, -0.184024, -0.847334,
		27.468666, 31.137169, 35.360062>
	pigment { color rgbt <0,1,1,0> }
	no_shadow
}
cylinder {
	<26.760735, 30.954781, 35.419163>,  <27.119957, 31.265987, 35.953194>, 0.130000
	pigment { color rgbt <1,0,0,0> }
	no_shadow
}

// nucleotide -1

// particle -1
sphere {
	<26.760735, 30.954781, 35.419163> 0.250000
	pigment { color rgbt <1,0,0,0> }
	no_shadow
}
cylinder {
	<27.140228, 30.831402, 35.391552>,  <27.367924, 30.757374, 35.374985>, 0.100000
	pigment { color rgbt <1,0,0,0> }
	no_shadow
}
cylinder {
	<27.140228, 30.831402, 35.391552>,  <26.760735, 30.954781, 35.419163>, 0.100000
	pigment { color rgbt <1,0,0,0> }
	no_shadow
}

// particle -1
sphere {
	<27.140228, 30.831402, 35.391552> 0.100000
	pigment { color rgbt <1,0,0,0> }
	no_shadow
}
sphere {
	0, 1
	scale<0.080000,0.200000,0.300000>
	matrix <-0.305618, -0.950912, 0.048623,
		-0.080632, -0.025036, -0.996430,
		0.948734, -0.308447, -0.069022,
		27.424849, 30.738867, 35.370846>
	pigment { color rgbt <0,1,1,0> }
	no_shadow
}
cylinder {
	<27.035414, 30.585440, 34.865555>,  <26.760735, 30.954781, 35.419163>, 0.130000
	pigment { color rgbt <1,0,0,0> }
	no_shadow
}

// nucleotide -1

// particle -1
sphere {
	<27.035414, 30.585440, 34.865555> 0.250000
	pigment { color rgbt <1,0,0,0> }
	no_shadow
}
cylinder {
	<27.258499, 30.471399, 35.177368>,  <27.392349, 30.402975, 35.364456>, 0.100000
	pigment { color rgbt <1,0,0,0> }
	no_shadow
}
cylinder {
	<27.258499, 30.471399, 35.177368>,  <27.035414, 30.585440, 34.865555>, 0.100000
	pigment { color rgbt <1,0,0,0> }
	no_shadow
}

// particle -1
sphere {
	<27.258499, 30.471399, 35.177368> 0.100000
	pigment { color rgbt <1,0,0,0> }
	no_shadow
}
sphere {
	0, 1
	scale<0.080000,0.200000,0.300000>
	matrix <-0.365927, -0.927421, -0.077388,
		0.745021, -0.242092, -0.621559,
		0.557712, -0.285101, 0.779535,
		27.425812, 30.385868, 35.411228>
	pigment { color rgbt <0,1,1,0> }
	no_shadow
}
cylinder {
	<27.633257, 30.146467, 34.664623>,  <27.035414, 30.585440, 34.865555>, 0.130000
	pigment { color rgbt <1,0,0,0> }
	no_shadow
}

// nucleotide -1

// particle -1
sphere {
	<27.633257, 30.146467, 34.664623> 0.250000
	pigment { color rgbt <1,0,0,0> }
	no_shadow
}
cylinder {
	<27.490541, 30.094652, 35.034687>,  <27.404911, 30.063562, 35.256725>, 0.100000
	pigment { color rgbt <1,0,0,0> }
	no_shadow
}
cylinder {
	<27.490541, 30.094652, 35.034687>,  <27.633257, 30.146467, 34.664623>, 0.100000
	pigment { color rgbt <1,0,0,0> }
	no_shadow
}

// particle -1
sphere {
	<27.490541, 30.094652, 35.034687> 0.100000
	pigment { color rgbt <1,0,0,0> }
	no_shadow
}
sphere {
	0, 1
	scale<0.080000,0.200000,0.300000>
	matrix <-0.447879, -0.845382, -0.291092,
		0.819821, -0.518218, 0.243606,
		-0.356789, -0.129537, 0.925160,
		27.383505, 30.055792, 35.312237>
	pigment { color rgbt <0,1,1,0> }
	no_shadow
}
cylinder {
	<28.286821, 30.495577, 34.812347>,  <27.633257, 30.146467, 34.664623>, 0.130000
	pigment { color rgbt <1,0,0,0> }
	no_shadow
}

// nucleotide -1

// particle -1
sphere {
	<28.286821, 30.495577, 34.812347> 0.250000
	pigment { color rgbt <1,0,0,0> }
	no_shadow
}
cylinder {
	<27.909983, 30.611637, 34.879597>,  <27.683880, 30.681273, 34.919945>, 0.100000
	pigment { color rgbt <1,0,0,0> }
	no_shadow
}
cylinder {
	<27.909983, 30.611637, 34.879597>,  <28.286821, 30.495577, 34.812347>, 0.100000
	pigment { color rgbt <1,0,0,0> }
	no_shadow
}

// particle -1
sphere {
	<27.909983, 30.611637, 34.879597> 0.100000
	pigment { color rgbt <1,0,0,0> }
	no_shadow
}
sphere {
	0, 1
	scale<0.080000,0.200000,0.300000>
	matrix <0.230683, 0.924626, -0.303072,
		-0.243386, -0.246740, -0.938021,
		-0.942098, 0.290149, 0.168122,
		27.627354, 30.698681, 34.930035>
	pigment { color rgbt <0,1,1,0> }
	no_shadow
}
cylinder {
	<28.111359, 30.911997, 34.242760>,  <28.286821, 30.495577, 34.812347>, 0.130000
	pigment { color rgbt <1,0,0,0> }
	no_shadow
}

// nucleotide -1

// particle -1
sphere {
	<28.111359, 30.911997, 34.242760> 0.250000
	pigment { color rgbt <1,0,0,0> }
	no_shadow
}
cylinder {
	<27.903135, 30.982189, 34.577000>,  <27.778202, 31.024303, 34.777542>, 0.100000
	pigment { color rgbt <1,0,0,0> }
	no_shadow
}
cylinder {
	<27.903135, 30.982189, 34.577000>,  <28.111359, 30.911997, 34.242760>, 0.100000
	pigment { color rgbt <1,0,0,0> }
	no_shadow
}

// particle -1
sphere {
	<27.903135, 30.982189, 34.577000> 0.100000
	pigment { color rgbt <1,0,0,0> }
	no_shadow
}
sphere {
	0, 1
	scale<0.080000,0.200000,0.300000>
	matrix <0.028609, 0.981688, -0.188336,
		-0.853347, -0.074134, -0.516045,
		-0.520557, 0.175480, 0.835600,
		27.746967, 31.034834, 34.827679>
	pigment { color rgbt <0,1,1,0> }
	no_shadow
}
cylinder {
	<27.525410, 31.271053, 34.092163>,  <28.111359, 30.911997, 34.242760>, 0.130000
	pigment { color rgbt <1,0,0,0> }
	no_shadow
}

// nucleotide -1

// particle -1
sphere {
	<27.525410, 31.271053, 34.092163> 0.250000
	pigment { color rgbt <1,0,0,0> }
	no_shadow
}
cylinder {
	<27.593546, 31.342686, 34.479752>,  <27.634428, 31.385664, 34.712307>, 0.100000
	pigment { color rgbt <1,0,0,0> }
	no_shadow
}
cylinder {
	<27.593546, 31.342686, 34.479752>,  <27.525410, 31.271053, 34.092163>, 0.100000
	pigment { color rgbt <1,0,0,0> }
	no_shadow
}

// particle -1
sphere {
	<27.593546, 31.342686, 34.479752> 0.100000
	pigment { color rgbt <1,0,0,0> }
	no_shadow
}
sphere {
	0, 1
	scale<0.080000,0.200000,0.300000>
	matrix <0.104505, 0.974518, -0.198475,
		-0.979828, 0.135072, 0.147287,
		0.170343, 0.179079, 0.968976,
		27.644650, 31.396410, 34.770443>
	pigment { color rgbt <0,1,1,0> }
	no_shadow
}
cylinder {
	<26.951910, 31.467205, 34.315449>,  <27.525410, 31.271053, 34.092163>, 0.130000
	pigment { color rgbt <1,0,0,0> }
	no_shadow
}

// nucleotide -1

// particle -1
sphere {
	<26.951910, 31.467205, 34.315449> 0.250000
	pigment { color rgbt <1,0,0,0> }
	no_shadow
}
cylinder {
	<27.087530, 31.538147, 34.685009>,  <27.168903, 31.580711, 34.906746>, 0.100000
	pigment { color rgbt <1,0,0,0> }
	no_shadow
}
cylinder {
	<27.087530, 31.538147, 34.685009>,  <26.951910, 31.467205, 34.315449>, 0.100000
	pigment { color rgbt <1,0,0,0> }
	no_shadow
}

// particle -1
sphere {
	<27.087530, 31.538147, 34.685009> 0.100000
	pigment { color rgbt <1,0,0,0> }
	no_shadow
}
sphere {
	0, 1
	scale<0.080000,0.200000,0.300000>
	matrix <0.180987, 0.951427, -0.249058,
		-0.923194, 0.251657, 0.290484,
		0.339052, 0.177355, 0.923899,
		27.189245, 31.591352, 34.962177>
	pigment { color rgbt <0,1,1,0> }
	no_shadow
}
cylinder {
	<26.648535, 32.066742, 34.618580>,  <26.951910, 31.467205, 34.315449>, 0.130000
	pigment { color rgbt <1,0,0,0> }
	no_shadow
}

// nucleotide -1

// particle -1
sphere {
	<26.648535, 32.066742, 34.618580> 0.250000
	pigment { color rgbt <1,0,0,0> }
	no_shadow
}
cylinder {
	<26.981585, 32.006302, 34.831711>,  <27.181414, 31.970037, 34.959591>, 0.100000
	pigment { color rgbt <1,0,0,0> }
	no_shadow
}
cylinder {
	<26.981585, 32.006302, 34.831711>,  <26.648535, 32.066742, 34.618580>, 0.100000
	pigment { color rgbt <1,0,0,0> }
	no_shadow
}

// particle -1
sphere {
	<26.981585, 32.006302, 34.831711> 0.100000
	pigment { color rgbt <1,0,0,0> }
	no_shadow
}
sphere {
	0, 1
	scale<0.080000,0.200000,0.300000>
	matrix <0.179257, 0.983801, -0.001128,
		-0.524027, 0.096453, 0.846222,
		0.832624, -0.151101, 0.532828,
		27.231371, 31.960972, 34.991558>
	pigment { color rgbt <0,1,1,0> }
	no_shadow
}
cylinder {
	<26.596748, 32.529053, 35.092522>,  <26.648535, 32.066742, 34.618580>, 0.130000
	pigment { color rgbt <1,0,0,0> }
	no_shadow
}

// nucleotide -1

// particle -1
sphere {
	<26.596748, 32.529053, 35.092522> 0.250000
	pigment { color rgbt <1,0,0,0> }
	no_shadow
}
cylinder {
	<26.990822, 32.463131, 35.111511>,  <27.227266, 32.423576, 35.122906>, 0.100000
	pigment { color rgbt <1,0,0,0> }
	no_shadow
}
cylinder {
	<26.990822, 32.463131, 35.111511>,  <26.596748, 32.529053, 35.092522>, 0.100000
	pigment { color rgbt <1,0,0,0> }
	no_shadow
}

// particle -1
sphere {
	<26.990822, 32.463131, 35.111511> 0.100000
	pigment { color rgbt <1,0,0,0> }
	no_shadow
}
sphere {
	0, 1
	scale<0.080000,0.200000,0.300000>
	matrix <0.163579, 0.986114, 0.028667,
		-0.051536, -0.020477, 0.998461,
		0.985183, -0.164805, 0.047470,
		27.286377, 32.413689, 35.125751>
	pigment { color rgbt <0,1,1,0> }
	no_shadow
}
cylinder {
	<26.903252, 32.844635, 35.692398>,  <26.596748, 32.529053, 35.092522>, 0.130000
	pigment { color rgbt <1,0,0,0> }
	no_shadow
}

// nucleotide -1

// particle -1
sphere {
	<26.903252, 32.844635, 35.692398> 0.250000
	pigment { color rgbt <1,0,0,0> }
	no_shadow
}
cylinder {
	<27.174438, 32.841358, 35.398380>,  <27.337151, 32.839394, 35.221970>, 0.100000
	pigment { color rgbt <1,0,0,0> }
	no_shadow
}
cylinder {
	<27.174438, 32.841358, 35.398380>,  <26.903252, 32.844635, 35.692398>, 0.100000
	pigment { color rgbt <1,0,0,0> }
	no_shadow
}

// particle -1
sphere {
	<27.174438, 32.841358, 35.398380> 0.100000
	pigment { color rgbt <1,0,0,0> }
	no_shadow
}
sphere {
	0, 1
	scale<0.080000,0.200000,0.300000>
	matrix <-0.004938, 0.999865, -0.015697,
