// switches for output
#declare DRAW_BASES = 1; // possible values are 0, 1; only relevant for DNA ribbons
#declare DRAW_BASES_TYPE = 3; // possible values are 1, 2, 3; only relevant for DNA ribbons
#declare DRAW_FOG = 0; // set to 1 to enable fog

#include "colors.inc"

#include "transforms.inc"
background { rgb <1, 1, 1>}

#default {
   normal{
       ripples 0.25
       frequency 0.20
       turbulence 0.2
       lambda 5
   }
	finish {
		phong 0.1
		phong_size 40.
	}
}

// original window dimensions: 1024x640


// camera settings

camera {
	sky <0, 0.179814, -0.983701>
	up <0, 0.179814, -0.983701>
	right 1.6 * <1, 0, 0>
	location <35, 94.9851, 44.8844>
	look_at <35, 29.7336, 32.9568>
	direction <0, -65.2515, -11.9276>
	angle 67.0682
}


# declare cpy_camera_pos = <35, 94.9851, 44.8844>;
# if (DRAW_FOG = 1)
fog {
	fog_type 2
	up vnormalize(cpy_camera_pos)
	color rgbt<1,1,1,0.3>
	distance 1e-5
	fog_alt 3e-3
	fog_offset 56
}
# end


// LIGHTS

# declare lum = 6;
global_settings {
	ambient_light rgb lum * <0.05, 0.05, 0.05>
	max_trace_level 15
}# declare cpy_direct_light_amount = 0.25;
light_source
{	1000 * <-1, -1.16352, -0.803886>,
	rgb lum * cpy_direct_light_amount
	parallel
}

light_source
{	1000 * <1, 1.16352, 0.803886>,
	rgb lum * cpy_direct_light_amount
	parallel
}

// strand 0

// nucleotide -1

// particle -1
sphere {
	<24.012760, 35.280174, 34.971306> 0.250000
	pigment { color rgbt <1,0,0,0> }
	no_shadow
}
cylinder {
	<24.031097, 34.897392, 34.856663>,  <24.042101, 34.667725, 34.787876>, 0.100000
	pigment { color rgbt <1,0,0,0> }
	no_shadow
}
cylinder {
	<24.031097, 34.897392, 34.856663>,  <24.012760, 35.280174, 34.971306>, 0.100000
	pigment { color rgbt <1,0,0,0> }
	no_shadow
}

// particle -1
sphere {
	<24.031097, 34.897392, 34.856663> 0.100000
	pigment { color rgbt <1,0,0,0> }
	no_shadow
}
sphere {
	0, 1
	scale<0.080000,0.200000,0.300000>
	matrix <-0.903942, 0.082377, -0.419646,
		0.425190, 0.278313, -0.861252,
		0.045845, -0.956952, -0.286605,
		24.044851, 34.610306, 34.770683>
	pigment { color rgbt <0,1,1,0> }
	no_shadow
}
cylinder {
	<24.752029, 35.542400, 35.052223>,  <24.012760, 35.280174, 34.971306>, 0.130000
	pigment { color rgbt <1,0,0,0> }
	no_shadow
}

// nucleotide -1

// particle -1
sphere {
	<24.752029, 35.542400, 35.052223> 0.250000
	pigment { color rgbt <1,0,0,0> }
	no_shadow
}
cylinder {
	<24.751638, 35.477474, 35.446918>,  <24.751404, 35.438519, 35.683735>, 0.100000
	pigment { color rgbt <1,0,0,0> }
	no_shadow
}
cylinder {
	<24.751638, 35.477474, 35.446918>,  <24.752029, 35.542400, 35.052223>, 0.100000
	pigment { color rgbt <1,0,0,0> }
	no_shadow
}

// particle -1
sphere {
	<24.751638, 35.477474, 35.446918> 0.100000
	pigment { color rgbt <1,0,0,0> }
	no_shadow
}
sphere {
	0, 1
	scale<0.080000,0.200000,0.300000>
	matrix <0.875294, 0.477039, 0.079338,
		-0.483590, 0.863764, 0.141604,
		-0.000979, -0.162312, 0.986739,
		24.751345, 35.428780, 35.742939>
	pigment { color rgbt <0,1,1,0> }
	no_shadow
}
cylinder {
	<24.510214, 36.097435, 34.739025>,  <24.752029, 35.542400, 35.052223>, 0.130000
	pigment { color rgbt <1,0,0,0> }
	no_shadow
}

// nucleotide -1

// particle -1
sphere {
	<24.510214, 36.097435, 34.739025> 0.250000
	pigment { color rgbt <1,0,0,0> }
	no_shadow
}
cylinder {
	<24.800688, 36.333015, 34.597157>,  <24.974972, 36.474365, 34.512035>, 0.100000
	pigment { color rgbt <1,0,0,0> }
	no_shadow
}
cylinder {
	<24.800688, 36.333015, 34.597157>,  <24.510214, 36.097435, 34.739025>, 0.100000
	pigment { color rgbt <1,0,0,0> }
	no_shadow
}

// particle -1
sphere {
	<24.800688, 36.333015, 34.597157> 0.100000
	pigment { color rgbt <1,0,0,0> }
	no_shadow
}
sphere {
	0, 1
	scale<0.080000,0.200000,0.300000>
	matrix <0.481982, -0.804002, -0.348245,
		-0.490254, 0.081947, -0.867719,
		0.726185, 0.588953, -0.354668,
		25.018543, 36.509701, 34.490757>
	pigment { color rgbt <0,1,1,0> }
	no_shadow
}
cylinder {
	<24.718294, 35.768814, 34.105942>,  <24.510214, 36.097435, 34.739025>, 0.130000
	pigment { color rgbt <1,0,0,0> }
	no_shadow
}

// nucleotide -1

// particle -1
sphere {
	<24.718294, 35.768814, 34.105942> 0.250000
	pigment { color rgbt <1,0,0,0> }
	no_shadow
}
cylinder {
	<25.025932, 36.002209, 34.210281>,  <25.210514, 36.142246, 34.272884>, 0.100000
	pigment { color rgbt <1,0,0,0> }
	no_shadow
}
cylinder {
	<25.025932, 36.002209, 34.210281>,  <24.718294, 35.768814, 34.105942>, 0.100000
	pigment { color rgbt <1,0,0,0> }
	no_shadow
}

// particle -1
sphere {
	<25.025932, 36.002209, 34.210281> 0.100000
	pigment { color rgbt <1,0,0,0> }
	no_shadow
}
sphere {
	0, 1
	scale<0.080000,0.200000,0.300000>
	matrix <0.638787, -0.715251, -0.283493,
		0.021155, 0.384657, -0.922817,
		0.769093, 0.583486, 0.260845,
		25.256660, 36.177254, 34.288536>
	pigment { color rgbt <0,1,1,0> }
	no_shadow
}
cylinder {
	<25.222982, 35.677074, 33.557163>,  <24.718294, 35.768814, 34.105942>, 0.130000
	pigment { color rgbt <1,0,0,0> }
	no_shadow
}

// nucleotide -1

// particle -1
sphere {
	<25.222982, 35.677074, 33.557163> 0.250000
	pigment { color rgbt <1,0,0,0> }
	no_shadow
}
cylinder {
	<25.467735, 35.864681, 33.811916>,  <25.614588, 35.977245, 33.964767>, 0.100000
	pigment { color rgbt <1,0,0,0> }
	no_shadow
}
cylinder {
	<25.467735, 35.864681, 33.811916>,  <25.222982, 35.677074, 33.557163>, 0.100000
	pigment { color rgbt <1,0,0,0> }
	no_shadow
}

// particle -1
sphere {
	<25.467735, 35.864681, 33.811916> 0.100000
	pigment { color rgbt <1,0,0,0> }
	no_shadow
}
sphere {
	0, 1
	scale<0.080000,0.200000,0.300000>
	matrix <0.761084, -0.568306, -0.312695,
		0.215287, 0.676057, -0.704698,
		0.611884, 0.469015, 0.636885,
		25.651300, 36.005386, 34.002983>
	pigment { color rgbt <0,1,1,0> }
	no_shadow
}
cylinder {
	<25.823114, 35.969734, 33.195454>,  <25.222982, 35.677074, 33.557163>, 0.130000
	pigment { color rgbt <1,0,0,0> }
	no_shadow
}

// nucleotide -1

// particle -1
sphere {
	<25.823114, 35.969734, 33.195454> 0.250000
	pigment { color rgbt <1,0,0,0> }
	no_shadow
}
cylinder {
	<25.898600, 35.853367, 33.570633>,  <25.943890, 35.783546, 33.795742>, 0.100000
	pigment { color rgbt <1,0,0,0> }
	no_shadow
}
cylinder {
	<25.898600, 35.853367, 33.570633>,  <25.823114, 35.969734, 33.195454>, 0.100000
	pigment { color rgbt <1,0,0,0> }
	no_shadow
}

// particle -1
sphere {
	<25.898600, 35.853367, 33.570633> 0.100000
	pigment { color rgbt <1,0,0,0> }
	no_shadow
}
sphere {
	0, 1
	scale<0.080000,0.200000,0.300000>
	matrix <0.584655, -0.734117, -0.345327,
		0.789029, 0.613546, 0.031552,
		0.188711, -0.290920, 0.937952,
		25.955214, 35.766090, 33.852020>
	pigment { color rgbt <0,1,1,0> }
	no_shadow
}
cylinder {
	<26.499256, 35.819553, 33.365036>,  <25.823114, 35.969734, 33.195454>, 0.130000
	pigment { color rgbt <1,0,0,0> }
	no_shadow
}

// nucleotide -1

// particle -1
sphere {
	<26.499256, 35.819553, 33.365036> 0.250000
	pigment { color rgbt <1,0,0,0> }
	no_shadow
}
cylinder {
	<26.284109, 35.570995, 33.592918>,  <26.155022, 35.421860, 33.729649>, 0.100000
	pigment { color rgbt <1,0,0,0> }
	no_shadow
}
cylinder {
	<26.284109, 35.570995, 33.592918>,  <26.499256, 35.819553, 33.365036>, 0.100000
	pigment { color rgbt <1,0,0,0> }
	no_shadow
}

// particle -1
sphere {
	<26.284109, 35.570995, 33.592918> 0.100000
	pigment { color rgbt <1,0,0,0> }
	no_shadow
}
sphere {
	0, 1
	scale<0.080000,0.200000,0.300000>
	matrix <0.599550, -0.757037, -0.259682,
		0.592653, 0.201892, 0.779744,
		-0.537868, -0.621397, 0.569705,
		26.122749, 35.384575, 33.763828>
	pigment { color rgbt <0,1,1,0> }
	no_shadow
}
cylinder {
	<26.972359, 35.535404, 33.818279>,  <26.499256, 35.819553, 33.365036>, 0.130000
	pigment { color rgbt <1,0,0,0> }
	no_shadow
}

// nucleotide -1

// particle -1
sphere {
	<26.972359, 35.535404, 33.818279> 0.250000
	pigment { color rgbt <1,0,0,0> }
	no_shadow
}
cylinder {
	<26.655897, 35.293064, 33.784760>,  <26.466021, 35.147659, 33.764648>, 0.100000
	pigment { color rgbt <1,0,0,0> }
	no_shadow
}
cylinder {
	<26.655897, 35.293064, 33.784760>,  <26.972359, 35.535404, 33.818279>, 0.100000
	pigment { color rgbt <1,0,0,0> }
	no_shadow
}

// particle -1
sphere {
	<26.655897, 35.293064, 33.784760> 0.100000
	pigment { color rgbt <1,0,0,0> }
	no_shadow
}
sphere {
	0, 1
	scale<0.080000,0.200000,0.300000>
	matrix <0.609424, -0.769300, -0.191780,
		0.051724, -0.202796, 0.977854,
		-0.791156, -0.605847, -0.083797,
		26.418550, 35.111309, 33.759621>
	pigment { color rgbt <0,1,1,0> }
	no_shadow
}
cylinder {
	<26.976116, 35.002064, 34.326324>,  <26.972359, 35.535404, 33.818279>, 0.130000
	pigment { color rgbt <1,0,0,0> }
	no_shadow
}

// nucleotide -1

// particle -1
sphere {
	<26.976116, 35.002064, 34.326324> 0.250000
	pigment { color rgbt <1,0,0,0> }
	no_shadow
}
cylinder {
	<26.743338, 34.840504, 34.043991>,  <26.603670, 34.743568, 33.874592>, 0.100000
	pigment { color rgbt <1,0,0,0> }
	no_shadow
}
cylinder {
	<26.743338, 34.840504, 34.043991>,  <26.976116, 35.002064, 34.326324>, 0.100000
	pigment { color rgbt <1,0,0,0> }
	no_shadow
}

// particle -1
sphere {
	<26.743338, 34.840504, 34.043991> 0.100000
	pigment { color rgbt <1,0,0,0> }
	no_shadow
}
sphere {
	0, 1
	scale<0.080000,0.200000,0.300000>
	matrix <0.571101, -0.820879, -0.001127,
		-0.578950, -0.403760, 0.708375,
		-0.581945, -0.403901, -0.705836,
		26.568754, 34.719334, 33.832241>
	pigment { color rgbt <0,1,1,0> }
	no_shadow
}
cylinder {
	<26.740936, 34.218483, 34.514065>,  <26.976116, 35.002064, 34.326324>, 0.130000
	pigment { color rgbt <1,0,0,0> }
	no_shadow
}

// nucleotide -1

// particle -1
sphere {
	<26.740936, 34.218483, 34.514065> 0.250000
	pigment { color rgbt <1,0,0,0> }
	no_shadow
}
cylinder {
	<26.656534, 34.233902, 34.123375>,  <26.605892, 34.243153, 33.888962>, 0.100000
	pigment { color rgbt <1,0,0,0> }
	no_shadow
}
cylinder {
	<26.656534, 34.233902, 34.123375>,  <26.740936, 34.218483, 34.514065>, 0.100000
	pigment { color rgbt <1,0,0,0> }
	no_shadow
}

// particle -1
sphere {
	<26.656534, 34.233902, 34.123375> 0.100000
	pigment { color rgbt <1,0,0,0> }
	no_shadow
}
sphere {
	0, 1
	scale<0.080000,0.200000,0.300000>
	matrix <0.536649, -0.830597, -0.148716,
		-0.816997, -0.555538, 0.154574,
		-0.211006, 0.038549, -0.976724,
		26.593233, 34.245468, 33.830357>
	pigment { color rgbt <0,1,1,0> }
	no_shadow
}
cylinder {
	<26.750174, 33.529613, 34.358715>,  <26.740936, 34.218483, 34.514065>, 0.130000
	pigment { color rgbt <1,0,0,0> }
	no_shadow
}

// nucleotide -1

// particle -1
sphere {
	<26.750174, 33.529613, 34.358715> 0.250000
	pigment { color rgbt <1,0,0,0> }
	no_shadow
}
cylinder {
	<26.801847, 33.718410, 34.009880>,  <26.832851, 33.831688, 33.800579>, 0.100000
	pigment { color rgbt <1,0,0,0> }
	no_shadow
}
cylinder {
	<26.801847, 33.718410, 34.009880>,  <26.750174, 33.529613, 34.358715>, 0.100000
	pigment { color rgbt <1,0,0,0> }
	no_shadow
}

// particle -1
sphere {
	<26.801847, 33.718410, 34.009880> 0.100000
	pigment { color rgbt <1,0,0,0> }
	no_shadow
}
sphere {
	0, 1
	scale<0.080000,0.200000,0.300000>
	matrix <0.721691, -0.647881, -0.243743,
		-0.680053, -0.597888, -0.424333,
		0.129186, 0.471996, -0.872084,
		26.840603, 33.860008, 33.748257>
	pigment { color rgbt <0,1,1,0> }
	no_shadow
}
cylinder {
	<26.602463, 33.042347, 33.696758>,  <26.750174, 33.529613, 34.358715>, 0.130000
	pigment { color rgbt <1,0,0,0> }
	no_shadow
}

// nucleotide -1

// particle -1
sphere {
	<26.602463, 33.042347, 33.696758> 0.250000
	pigment { color rgbt <1,0,0,0> }
	no_shadow
}
cylinder {
	<26.863596, 33.340572, 33.643162>,  <27.020275, 33.519508, 33.611004>, 0.100000
	pigment { color rgbt <1,0,0,0> }
	no_shadow
}
cylinder {
	<26.863596, 33.340572, 33.643162>,  <26.602463, 33.042347, 33.696758>, 0.100000
	pigment { color rgbt <1,0,0,0> }
	no_shadow
}

// particle -1
sphere {
	<26.863596, 33.340572, 33.643162> 0.100000
	pigment { color rgbt <1,0,0,0> }
	no_shadow
}
sphere {
	0, 1
	scale<0.080000,0.200000,0.300000>
	matrix <0.709856, -0.663864, -0.235348,
		-0.264418, 0.058528, -0.962631,
		0.652831, 0.745559, -0.133991,
		27.059444, 33.564240, 33.602962>
	pigment { color rgbt <0,1,1,0> }
	no_shadow
}
cylinder {
	<27.028915, 32.971817, 33.076820>,  <26.602463, 33.042347, 33.696758>, 0.130000
	pigment { color rgbt <1,0,0,0> }
	no_shadow
}

// nucleotide -1

// particle -1
sphere {
	<27.028915, 32.971817, 33.076820> 0.250000
	pigment { color rgbt <1,0,0,0> }
	no_shadow
}
cylinder {
	<27.229445, 33.189133, 33.346195>,  <27.349762, 33.319523, 33.507820>, 0.100000
	pigment { color rgbt <1,0,0,0> }
	no_shadow
}
cylinder {
	<27.229445, 33.189133, 33.346195>,  <27.028915, 32.971817, 33.076820>, 0.100000
	pigment { color rgbt <1,0,0,0> }
	no_shadow
}

// particle -1
sphere {
	<27.229445, 33.189133, 33.346195> 0.100000
	pigment { color rgbt <1,0,0,0> }
	no_shadow
}
sphere {
	0, 1
	scale<0.080000,0.200000,0.300000>
	matrix <0.818873, -0.549314, -0.166435,
		0.279503, 0.634894, -0.720269,
		0.501323, 0.543290, 0.673433,
		27.379841, 33.352119, 33.548225>
	pigment { color rgbt <0,1,1,0> }
	no_shadow
}
cylinder {
	<27.687105, 32.732525, 32.684738>,  <27.028915, 32.971817, 33.076820>, 0.130000
	pigment { color rgbt <1,0,0,0> }
	no_shadow
}

// nucleotide -1

// particle -1
sphere {
	<27.687105, 32.732525, 32.684738> 0.250000
	pigment { color rgbt <1,0,0,0> }
	no_shadow
}
cylinder {
	<27.750761, 33.038036, 32.434517>,  <27.788954, 33.221344, 32.284386>, 0.100000
	pigment { color rgbt <1,0,0,0> }
	no_shadow
}
cylinder {
	<27.750761, 33.038036, 32.434517>,  <27.687105, 32.732525, 32.684738>, 0.100000
	pigment { color rgbt <1,0,0,0> }
	no_shadow
}

// particle -1
sphere {
	<27.750761, 33.038036, 32.434517> 0.100000
	pigment { color rgbt <1,0,0,0> }
	no_shadow
}
sphere {
	0, 1
	scale<0.080000,0.200000,0.300000>
	matrix <-0.783997, 0.482866, 0.390115,
		0.600020, 0.428350, 0.675642,
		0.159139, 0.763778, -0.625554,
		27.798502, 33.267170, 32.246849>
	pigment { color rgbt <0,1,1,0> }
	no_shadow
}
cylinder {
	<27.858419, 33.499790, 32.961056>,  <27.687105, 32.732525, 32.684738>, 0.130000
	pigment { color rgbt <1,0,0,0> }
	no_shadow
}

// nucleotide -1

// particle -1
sphere {
	<27.858419, 33.499790, 32.961056> 0.250000
	pigment { color rgbt <1,0,0,0> }
	no_shadow
}
cylinder {
	<27.661110, 33.492020, 32.613194>,  <27.542725, 33.487358, 32.404476>, 0.100000
	pigment { color rgbt <1,0,0,0> }
	no_shadow
}
cylinder {
	<27.661110, 33.492020, 32.613194>,  <27.858419, 33.499790, 32.961056>, 0.100000
	pigment { color rgbt <1,0,0,0> }
	no_shadow
}

// particle -1
sphere {
	<27.661110, 33.492020, 32.613194> 0.100000
	pigment { color rgbt <1,0,0,0> }
	no_shadow
}
sphere {
	0, 1
	scale<0.080000,0.200000,0.300000>
	matrix <-0.843917, 0.253091, 0.473022,
		0.210914, 0.967247, -0.141237,
		-0.493275, -0.019425, -0.869657,
		27.513128, 33.486191, 32.352295>
	pigment { color rgbt <0,1,1,0> }
	no_shadow
}
cylinder {
	<27.686375, 34.223373, 32.990257>,  <27.858419, 33.499790, 32.961056>, 0.130000
	pigment { color rgbt <1,0,0,0> }
	no_shadow
}

// nucleotide -1

// particle -1
sphere {
	<27.686375, 34.223373, 32.990257> 0.250000
	pigment { color rgbt <1,0,0,0> }
	no_shadow
}
cylinder {
	<27.381769, 33.994217, 33.111515>,  <27.199005, 33.856724, 33.184269>, 0.100000
	pigment { color rgbt <1,0,0,0> }
	no_shadow
}
cylinder {
	<27.381769, 33.994217, 33.111515>,  <27.686375, 34.223373, 32.990257>, 0.100000
	pigment { color rgbt <1,0,0,0> }
	no_shadow
}

// particle -1
sphere {
	<27.381769, 33.994217, 33.111515> 0.100000
	pigment { color rgbt <1,0,0,0> }
	no_shadow
}
sphere {
	0, 1
	scale<0.080000,0.200000,0.300000>
	matrix <-0.524982, 0.819479, 0.229887,
		-0.380117, 0.015918, -0.924801,
		-0.761515, -0.572888, 0.303141,
		27.153315, 33.822350, 33.202457>
	pigment { color rgbt <0,1,1,0> }
	no_shadow
}
cylinder {
	<27.107525, 34.335777, 32.563862>,  <27.686375, 34.223373, 32.990257>, 0.130000
	pigment { color rgbt <1,0,0,0> }
	no_shadow
}

// nucleotide -1

// particle -1
sphere {
	<27.107525, 34.335777, 32.563862> 0.250000
	pigment { color rgbt <1,0,0,0> }
	no_shadow
}
cylinder {
	<27.009981, 34.201473, 32.927795>,  <26.951456, 34.120892, 33.146156>, 0.100000
	pigment { color rgbt <1,0,0,0> }
	no_shadow
}
cylinder {
	<27.009981, 34.201473, 32.927795>,  <27.107525, 34.335777, 32.563862>, 0.100000
	pigment { color rgbt <1,0,0,0> }
	no_shadow
}

// particle -1
sphere {
	<27.009981, 34.201473, 32.927795> 0.100000
	pigment { color rgbt <1,0,0,0> }
	no_shadow
}
sphere {
	0, 1
	scale<0.080000,0.200000,0.300000>
	matrix <-0.790854, 0.611849, 0.013824,
		-0.561323, -0.716175, -0.414741,
		-0.243858, -0.335759, 0.909834,
		26.936823, 34.100746, 33.200745>
	pigment { color rgbt <0,1,1,0> }
	no_shadow
}
cylinder {
	<26.332752, 34.230694, 32.542103>,  <27.107525, 34.335777, 32.563862>, 0.130000
	pigment { color rgbt <1,0,0,0> }
	no_shadow
}

// nucleotide -1

// particle -1
sphere {
	<26.332752, 34.230694, 32.542103> 0.250000
	pigment { color rgbt <1,0,0,0> }
	no_shadow
}
cylinder {
	<26.421757, 34.248501, 32.931667>,  <26.475159, 34.259186, 33.165405>, 0.100000
	pigment { color rgbt <1,0,0,0> }
	no_shadow
}
cylinder {
	<26.421757, 34.248501, 32.931667>,  <26.332752, 34.230694, 32.542103>, 0.100000
	pigment { color rgbt <1,0,0,0> }
	no_shadow
}

// particle -1
sphere {
	<26.421757, 34.248501, 32.931667> 0.100000
	pigment { color rgbt <1,0,0,0> }
	no_shadow
}
sphere {
	0, 1
	scale<0.080000,0.200000,0.300000>
	matrix <-0.739585, 0.658582, 0.138869,
		-0.635219, -0.751191, 0.179466,
		0.222510, 0.044519, 0.973913,
		26.488510, 34.261856, 33.223843>
	pigment { color rgbt <0,1,1,0> }
	no_shadow
}
cylinder {
	<25.753263, 34.449730, 32.769333>,  <26.332752, 34.230694, 32.542103>, 0.130000
	pigment { color rgbt <1,0,0,0> }
	no_shadow
}

// nucleotide -1

// particle -1
sphere {
	<25.753263, 34.449730, 32.769333> 0.250000
	pigment { color rgbt <1,0,0,0> }
	no_shadow
}
cylinder {
	<26.011599, 34.502930, 33.070053>,  <26.166599, 34.534847, 33.250484>, 0.100000
	pigment { color rgbt <1,0,0,0> }
	no_shadow
}
cylinder {
	<26.011599, 34.502930, 33.070053>,  <25.753263, 34.449730, 32.769333>, 0.100000
	pigment { color rgbt <1,0,0,0> }
	no_shadow
}

// particle -1
sphere {
	<26.011599, 34.502930, 33.070053> 0.100000
	pigment { color rgbt <1,0,0,0> }
	no_shadow
}
sphere {
	0, 1
	scale<0.080000,0.200000,0.300000>
	matrix <-0.622762, 0.661409, 0.417977,
		-0.441660, -0.738139, 0.509988,
		0.645836, 0.132998, 0.751803,
		26.205349, 34.542828, 33.295593>
	pigment { color rgbt <0,1,1,0> }
	no_shadow
}
cylinder {
	<25.397043, 34.295422, 33.491753>,  <25.753263, 34.449730, 32.769333>, 0.130000
	pigment { color rgbt <1,0,0,0> }
	no_shadow
}

// nucleotide -1

// particle -1
sphere {
	<25.397043, 34.295422, 33.491753> 0.250000
	pigment { color rgbt <1,0,0,0> }
	no_shadow
}
cylinder {
	<25.702137, 34.545300, 33.558681>,  <25.885193, 34.695225, 33.598839>, 0.100000
	pigment { color rgbt <1,0,0,0> }
	no_shadow
}
cylinder {
	<25.702137, 34.545300, 33.558681>,  <25.397043, 34.295422, 33.491753>, 0.100000
	pigment { color rgbt <1,0,0,0> }
	no_shadow
}

// particle -1
sphere {
	<25.702137, 34.545300, 33.558681> 0.100000
	pigment { color rgbt <1,0,0,0> }
	no_shadow
}
sphere {
	0, 1
	scale<0.080000,0.200000,0.300000>
	matrix <-0.590798, 0.567824, 0.573178,
		0.263048, -0.536038, 0.802165,
		0.762734, 0.624691, 0.167325,
		25.930958, 34.732708, 33.608879>
	pigment { color rgbt <0,1,1,0> }
	no_shadow
}
cylinder {
	<25.396841, 34.418854, 34.176777>,  <25.397043, 34.295422, 33.491753>, 0.130000
	pigment { color rgbt <1,0,0,0> }
	no_shadow
}

// nucleotide -1

// particle -1
sphere {
	<25.396841, 34.418854, 34.176777> 0.250000
	pigment { color rgbt <1,0,0,0> }
	no_shadow
}
cylinder {
	<25.583824, 34.716640, 33.986092>,  <25.696014, 34.895313, 33.871681>, 0.100000
	pigment { color rgbt <1,0,0,0> }
	no_shadow
}
cylinder {
	<25.583824, 34.716640, 33.986092>,  <25.396841, 34.418854, 34.176777>, 0.100000
	pigment { color rgbt <1,0,0,0> }
	no_shadow
}

// particle -1
sphere {
	<25.583824, 34.716640, 33.986092> 0.100000
	pigment { color rgbt <1,0,0,0> }
	no_shadow
}
sphere {
	0, 1
	scale<0.080000,0.200000,0.300000>
	matrix <-0.553409, 0.666963, 0.498898,
		0.689362, 0.030605, 0.723770,
		0.467459, 0.744462, -0.476716,
		25.724062, 34.939980, 33.843075>
	pigment { color rgbt <0,1,1,0> }
	no_shadow
}
cylinder {
	<25.523214, 34.914940, 34.692085>,  <25.396841, 34.418854, 34.176777>, 0.130000
	pigment { color rgbt <1,0,0,0> }
	no_shadow
}

// nucleotide -1

// particle -1
sphere {
	<25.523214, 34.914940, 34.692085> 0.250000
	pigment { color rgbt <1,0,0,0> }
	no_shadow
}
cylinder {
	<25.524857, 35.096466, 34.335651>,  <25.525843, 35.205383, 34.121792>, 0.100000
	pigment { color rgbt <1,0,0,0> }
	no_shadow
}
cylinder {
	<25.524857, 35.096466, 34.335651>,  <25.523214, 34.914940, 34.692085>, 0.100000
	pigment { color rgbt <1,0,0,0> }
	no_shadow
}

// particle -1
sphere {
	<25.524857, 35.096466, 34.335651> 0.100000
	pigment { color rgbt <1,0,0,0> }
	no_shadow
}
sphere {
	0, 1
	scale<0.080000,0.200000,0.300000>
	matrix <-0.466431, 0.789091, 0.399722,
		0.884548, 0.413990, 0.214913,
		0.004105, 0.453816, -0.891086,
		25.526089, 35.232613, 34.068325>
	pigment { color rgbt <0,1,1,0> }
	no_shadow
}
cylinder {
	<26.149851, 35.104332, 34.438828>,  <25.523214, 34.914940, 34.692085>, 0.130000
	pigment { color rgbt <1,0,0,0> }
	no_shadow
}

// nucleotide -1

// particle -1
sphere {
	<26.149851, 35.104332, 34.438828> 0.250000
	pigment { color rgbt <1,0,0,0> }
	no_shadow
}
cylinder {
	<26.367544, 35.416817, 34.316505>,  <26.498159, 35.604309, 34.243111>, 0.100000
	pigment { color rgbt <1,0,0,0> }
	no_shadow
}
cylinder {
	<26.367544, 35.416817, 34.316505>,  <26.149851, 35.104332, 34.438828>, 0.100000
	pigment { color rgbt <1,0,0,0> }
	no_shadow
}

// particle -1
sphere {
	<26.367544, 35.416817, 34.316505> 0.100000
	pigment { color rgbt <1,0,0,0> }
	no_shadow
}
sphere {
	0, 1
	scale<0.080000,0.200000,0.300000>
	matrix <-0.775510, 0.607511, 0.171796,
		0.319991, 0.143661, 0.936465,
		0.544233, 0.781211, -0.305809,
		26.530813, 35.651180, 34.224762>
	pigment { color rgbt <0,1,1,0> }
	no_shadow
}
cylinder {
	<26.075888, 35.684296, 35.018055>,  <26.149851, 35.104332, 34.438828>, 0.130000
	pigment { color rgbt <1,0,0,0> }
	no_shadow
}

// nucleotide -1

// particle -1
sphere {
	<26.075888, 35.684296, 35.018055> 0.250000
	pigment { color rgbt <1,0,0,0> }
	no_shadow
}
cylinder {
	<26.165781, 35.803696, 34.647026>,  <26.219717, 35.875336, 34.424408>, 0.100000
	pigment { color rgbt <1,0,0,0> }
	no_shadow
}
cylinder {
	<26.165781, 35.803696, 34.647026>,  <26.075888, 35.684296, 35.018055>, 0.100000
	pigment { color rgbt <1,0,0,0> }
	no_shadow
}

// particle -1
sphere {
	<26.165781, 35.803696, 34.647026> 0.100000
	pigment { color rgbt <1,0,0,0> }
	no_shadow
}
sphere {
	0, 1
	scale<0.080000,0.200000,0.300000>
	matrix <-0.741925, 0.669531, 0.035704,
		0.631698, 0.680168, 0.371927,
		0.224732, 0.298496, -0.927575,
		26.233200, 35.893246, 34.368752>
	pigment { color rgbt <0,1,1,0> }
	no_shadow
}
cylinder {
	<26.335796, 36.488041, 34.973446>,  <26.075888, 35.684296, 35.018055>, 0.130000
	pigment { color rgbt <1,0,0,0> }
	no_shadow
}

// nucleotide -1

// particle -1
sphere {
	<26.335796, 36.488041, 34.973446> 0.250000
	pigment { color rgbt <1,0,0,0> }
	no_shadow
}
cylinder {
	<26.124622, 36.342831, 34.666332>,  <25.997917, 36.255703, 34.482063>, 0.100000
	pigment { color rgbt <1,0,0,0> }
	no_shadow
}
cylinder {
	<26.124622, 36.342831, 34.666332>,  <26.335796, 36.488041, 34.973446>, 0.100000
	pigment { color rgbt <1,0,0,0> }
	no_shadow
}

// particle -1
sphere {
	<26.124622, 36.342831, 34.666332> 0.100000
	pigment { color rgbt <1,0,0,0> }
	no_shadow
}
sphere {
	0, 1
	scale<0.080000,0.200000,0.300000>
	matrix <-0.731133, 0.654251, 0.193391,
		0.432120, 0.663452, -0.610822,
		-0.527936, -0.363024, -0.767787,
		25.966242, 36.233925, 34.435997>
	pigment { color rgbt <0,1,1,0> }
	no_shadow
}
cylinder {
	<26.181459, 37.060413, 34.545124>,  <26.335796, 36.488041, 34.973446>, 0.130000
	pigment { color rgbt <1,0,0,0> }
	no_shadow
}

// nucleotide -1

// particle -1
sphere {
	<26.181459, 37.060413, 34.545124> 0.250000
	pigment { color rgbt <1,0,0,0> }
	no_shadow
}
cylinder {
	<25.899679, 36.790737, 34.456383>,  <25.730612, 36.628933, 34.403137>, 0.100000
	pigment { color rgbt <1,0,0,0> }
	no_shadow
}
cylinder {
	<25.899679, 36.790737, 34.456383>,  <26.181459, 37.060413, 34.545124>, 0.100000
	pigment { color rgbt <1,0,0,0> }
	no_shadow
}

// particle -1
sphere {
	<25.899679, 36.790737, 34.456383> 0.100000
	pigment { color rgbt <1,0,0,0> }
	no_shadow
}
sphere {
	0, 1
	scale<0.080000,0.200000,0.300000>
	matrix <-0.708739, 0.684896, 0.169132,
		0.037923, 0.276384, -0.960299,
		-0.704451, -0.674187, -0.221858,
		25.688343, 36.588482, 34.389824>
	pigment { color rgbt <0,1,1,0> }
	no_shadow
}
cylinder {
	<26.690214, 36.971684, 33.972855>,  <26.181459, 37.060413, 34.545124>, 0.130000
	pigment { color rgbt <1,0,0,0> }
	no_shadow
}

// nucleotide -1

// particle -1
sphere {
	<26.690214, 36.971684, 33.972855> 0.250000
	pigment { color rgbt <1,0,0,0> }
	no_shadow
}
cylinder {
	<26.767311, 36.596256, 34.087357>,  <26.813570, 36.370998, 34.156059>, 0.100000
	pigment { color rgbt <1,0,0,0> }
	no_shadow
}
cylinder {
	<26.767311, 36.596256, 34.087357>,  <26.690214, 36.971684, 33.972855>, 0.100000
	pigment { color rgbt <1,0,0,0> }
	no_shadow
}

// particle -1
sphere {
	<26.767311, 36.596256, 34.087357> 0.100000
	pigment { color rgbt <1,0,0,0> }
	no_shadow
}
sphere {
	0, 1
	scale<0.080000,0.200000,0.300000>
	matrix <0.977256, 0.209900, 0.030200,
		-0.088429, 0.273923, 0.957678,
		0.192744, -0.938567, 0.286255,
		26.825134, 36.314686, 34.173233>
	pigment { color rgbt <0,1,1,0> }
	no_shadow
}
cylinder {
	<26.966770, 36.788212, 34.582619>,  <26.690214, 36.971684, 33.972855>, 0.130000
	pigment { color rgbt <1,0,0,0> }
	no_shadow
}

// nucleotide -1

// particle -1
sphere {
	<26.966770, 36.788212, 34.582619> 0.250000
	pigment { color rgbt <1,0,0,0> }
	no_shadow
}
cylinder {
	<27.123196, 36.517590, 34.333031>,  <27.217051, 36.355217, 34.183277>, 0.100000
	pigment { color rgbt <1,0,0,0> }
	no_shadow
}
cylinder {
	<27.123196, 36.517590, 34.333031>,  <26.966770, 36.788212, 34.582619>, 0.100000
	pigment { color rgbt <1,0,0,0> }
	no_shadow
}

// particle -1
sphere {
	<27.123196, 36.517590, 34.333031> 0.100000
	pigment { color rgbt <1,0,0,0> }
	no_shadow
}
sphere {
	0, 1
	scale<0.080000,0.200000,0.300000>
	matrix <0.914897, 0.359547, 0.183546,
		0.100169, -0.642649, 0.759585,
		0.391062, -0.676556, -0.623973,
		27.240515, 36.314621, 34.145840>
	pigment { color rgbt <0,1,1,0> }
	no_shadow
}
cylinder {
	<27.566645, 36.510033, 34.898285>,  <26.966770, 36.788212, 34.582619>, 0.130000
	pigment { color rgbt <1,0,0,0> }
	no_shadow
}

// nucleotide -1

// particle -1
sphere {
	<27.566645, 36.510033, 34.898285> 0.250000
	pigment { color rgbt <1,0,0,0> }
	no_shadow
}
cylinder {
	<27.625134, 36.476566, 34.504002>,  <27.660227, 36.456486, 34.267433>, 0.100000
	pigment { color rgbt <1,0,0,0> }
	no_shadow
}
cylinder {
	<27.625134, 36.476566, 34.504002>,  <27.566645, 36.510033, 34.898285>, 0.100000
	pigment { color rgbt <1,0,0,0> }
	no_shadow
}

// particle -1
sphere {
	<27.625134, 36.476566, 34.504002> 0.100000
	pigment { color rgbt <1,0,0,0> }
	no_shadow
}
sphere {
	0, 1
	scale<0.080000,0.200000,0.300000>
	matrix <0.829525, 0.553262, 0.076089,
		0.538988, -0.828795, 0.150304,
		0.146220, -0.083670, -0.985707,
		27.668999, 36.451466, 34.208290>
	pigment { color rgbt <0,1,1,0> }
	no_shadow
}
cylinder {
	<28.282476, 36.212593, 34.734249>,  <27.566645, 36.510033, 34.898285>, 0.130000
	pigment { color rgbt <1,0,0,0> }
	no_shadow
}

// nucleotide -1

// particle -1
sphere {
	<28.282476, 36.212593, 34.734249> 0.250000
	pigment { color rgbt <1,0,0,0> }
	no_shadow
}
cylinder {
	<28.122601, 36.487564, 34.491699>,  <28.026676, 36.652546, 34.346169>, 0.100000
	pigment { color rgbt <1,0,0,0> }
	no_shadow
}
cylinder {
	<28.122601, 36.487564, 34.491699>,  <28.282476, 36.212593, 34.734249>, 0.100000
	pigment { color rgbt <1,0,0,0> }
	no_shadow
}

// particle -1
sphere {
	<28.122601, 36.487564, 34.491699> 0.100000
	pigment { color rgbt <1,0,0,0> }
	no_shadow
}
sphere {
	0, 1
	scale<0.080000,0.200000,0.300000>
	matrix <0.660522, 0.674658, 0.329464,
		0.635579, -0.268841, -0.723715,
		-0.399688, 0.687430, -0.606374,
		28.002695, 36.693794, 34.309788>
	pigment { color rgbt <0,1,1,0> }
	no_shadow
}
cylinder {
	<28.779675, 36.670380, 34.241318>,  <28.282476, 36.212593, 34.734249>, 0.130000
	pigment { color rgbt <1,0,0,0> }
	no_shadow
}

// nucleotide -1

// particle -1
sphere {
	<28.779675, 36.670380, 34.241318> 0.250000
	pigment { color rgbt <1,0,0,0> }
	no_shadow
}
cylinder {
	<28.435490, 36.869671, 34.283978>,  <28.228979, 36.989246, 34.309574>, 0.100000
	pigment { color rgbt <1,0,0,0> }
	no_shadow
}
cylinder {
	<28.435490, 36.869671, 34.283978>,  <28.779675, 36.670380, 34.241318>, 0.100000
	pigment { color rgbt <1,0,0,0> }
	no_shadow
}

// particle -1
sphere {
	<28.435490, 36.869671, 34.283978> 0.100000
	pigment { color rgbt <1,0,0,0> }
	no_shadow
}
sphere {
	0, 1
	scale<0.080000,0.200000,0.300000>
	matrix <0.504526, 0.803935, 0.314867,
		0.071136, 0.324739, -0.943125,
		-0.860461, 0.498229, 0.106651,
		28.177351, 37.019138, 34.315971>
	pigment { color rgbt <0,1,1,0> }
	no_shadow
}
cylinder {
	<28.797380, 37.309692, 33.953838>,  <28.779675, 36.670380, 34.241318>, 0.130000
	pigment { color rgbt <1,0,0,0> }
	no_shadow
}

// nucleotide -1

// particle -1
sphere {
	<28.797380, 37.309692, 33.953838> 0.250000
	pigment { color rgbt <1,0,0,0> }
	no_shadow
}
cylinder {
	<28.542021, 37.337421, 34.260468>,  <28.388805, 37.354061, 34.444447>, 0.100000
	pigment { color rgbt <1,0,0,0> }
	no_shadow
}
cylinder {
	<28.542021, 37.337421, 34.260468>,  <28.797380, 37.309692, 33.953838>, 0.100000
	pigment { color rgbt <1,0,0,0> }
	no_shadow
}

// particle -1
sphere {
	<28.542021, 37.337421, 34.260468> 0.100000
	pigment { color rgbt <1,0,0,0> }
	no_shadow
}
sphere {
	0, 1
	scale<0.080000,0.200000,0.300000>
	matrix <0.560363, 0.724627, 0.401135,
		-0.527672, 0.685646, -0.501451,
		-0.638401, 0.069327, 0.766576,
		28.350500, 37.358219, 34.490440>
	pigment { color rgbt <0,1,1,0> }
	no_shadow
}
cylinder {
	<28.414896, 37.917355, 33.774662>,  <28.797380, 37.309692, 33.953838>, 0.130000
	pigment { color rgbt <1,0,0,0> }
	no_shadow
}

// nucleotide -1

// particle -1
sphere {
	<28.414896, 37.917355, 33.774662> 0.250000
	pigment { color rgbt <1,0,0,0> }
	no_shadow
}
cylinder {
	<28.499750, 37.791759, 34.144833>,  <28.550663, 37.716400, 34.366936>, 0.100000
	pigment { color rgbt <1,0,0,0> }
	no_shadow
}
cylinder {
	<28.499750, 37.791759, 34.144833>,  <28.414896, 37.917355, 33.774662>, 0.100000
	pigment { color rgbt <1,0,0,0> }
	no_shadow
}

// particle -1
sphere {
	<28.499750, 37.791759, 34.144833> 0.100000
	pigment { color rgbt <1,0,0,0> }
	no_shadow
}
sphere {
	0, 1
	scale<0.080000,0.200000,0.300000>
	matrix <0.656881, 0.746946, 0.102857,
		-0.723537, 0.586073, 0.364709,
		0.212136, -0.313991, 0.925423,
		28.563391, 37.697563, 34.422459>
	pigment { color rgbt <0,1,1,0> }
	no_shadow
}
cylinder {
	<28.339958, 38.467075, 34.185524>,  <28.414896, 37.917355, 33.774662>, 0.130000
	pigment { color rgbt <1,0,0,0> }
	no_shadow
}

// nucleotide -1

// particle -1
sphere {
	<28.339958, 38.467075, 34.185524> 0.250000
	pigment { color rgbt <1,0,0,0> }
	no_shadow
}
cylinder {
	<28.606157, 38.212395, 34.341328>,  <28.765877, 38.059586, 34.434811>, 0.100000
	pigment { color rgbt <1,0,0,0> }
	no_shadow
}
cylinder {
	<28.606157, 38.212395, 34.341328>,  <28.339958, 38.467075, 34.185524>, 0.100000
	pigment { color rgbt <1,0,0,0> }
	no_shadow
}

// particle -1
sphere {
	<28.606157, 38.212395, 34.341328> 0.100000
	pigment { color rgbt <1,0,0,0> }
	no_shadow
}
sphere {
	0, 1
	scale<0.080000,0.200000,0.300000>
	matrix <0.646559, 0.752492, 0.125369,
		-0.372927, 0.168409, 0.912449,
		0.665498, -0.636706, 0.389511,
		28.805807, 38.021381, 34.458179>
	pigment { color rgbt <0,1,1,0> }
	no_shadow
}
cylinder {
	<28.497839, 38.633110, 34.887817>,  <28.339958, 38.467075, 34.185524>, 0.130000
	pigment { color rgbt <1,0,0,0> }
	no_shadow
}

// nucleotide -1

// particle -1
sphere {
	<28.497839, 38.633110, 34.887817> 0.250000
	pigment { color rgbt <1,0,0,0> }
	no_shadow
}
cylinder {
	<28.831570, 38.466846, 34.742970>,  <29.031807, 38.367088, 34.656059>, 0.100000
	pigment { color rgbt <1,0,0,0> }
	no_shadow
}
cylinder {
	<28.831570, 38.466846, 34.742970>,  <28.497839, 38.633110, 34.887817>, 0.100000
	pigment { color rgbt <1,0,0,0> }
	no_shadow
}

// particle -1
sphere {
	<28.831570, 38.466846, 34.742970> 0.100000
	pigment { color rgbt <1,0,0,0> }
	no_shadow
}
sphere {
	0, 1
	scale<0.080000,0.200000,0.300000>
	matrix <0.482152, 0.868667, 0.113783,
		0.267266, -0.269528, 0.925161,
		0.834325, -0.415658, -0.362118,
		29.081867, 38.342148, 34.634335>
	pigment { color rgbt <0,1,1,0> }
	no_shadow
}
cylinder {
	<29.010521, 38.628807, 35.362968>,  <28.497839, 38.633110, 34.887817>, 0.130000
	pigment { color rgbt <1,0,0,0> }
	no_shadow
}

// nucleotide -1

// particle -1
sphere {
	<29.010521, 38.628807, 35.362968> 0.250000
	pigment { color rgbt <1,0,0,0> }
	no_shadow
}
cylinder {
	<29.128283, 38.675320, 34.983536>,  <29.198938, 38.703228, 34.755875>, 0.100000
	pigment { color rgbt <1,0,0,0> }
	no_shadow
}
cylinder {
	<29.128283, 38.675320, 34.983536>,  <29.010521, 38.628807, 35.362968>, 0.100000
	pigment { color rgbt <1,0,0,0> }
	no_shadow
}

// particle -1
sphere {
	<29.128283, 38.675320, 34.983536> 0.100000
	pigment { color rgbt <1,0,0,0> }
	no_shadow
}
sphere {
	0, 1
	scale<0.080000,0.200000,0.300000>
	matrix <0.568403, 0.776623, 0.271614,
		0.768274, -0.619140, 0.162545,
		0.294403, 0.116282, -0.948581,
		29.216604, 38.710205, 34.698963>
	pigment { color rgbt <0,1,1,0> }
	no_shadow
}
cylinder {
	<29.710793, 38.626759, 35.337212>,  <29.010521, 38.628807, 35.362968>, 0.130000
	pigment { color rgbt <1,0,0,0> }
	no_shadow
}

// nucleotide -1

// particle -1
sphere {
	<29.710793, 38.626759, 35.337212> 0.250000
	pigment { color rgbt <1,0,0,0> }
	no_shadow
}
cylinder {
	<29.596706, 38.849247, 35.024986>,  <29.528255, 38.982738, 34.837650>, 0.100000
	pigment { color rgbt <1,0,0,0> }
	no_shadow
}
cylinder {
	<29.596706, 38.849247, 35.024986>,  <29.710793, 38.626759, 35.337212>, 0.100000
	pigment { color rgbt <1,0,0,0> }
	no_shadow
}

// particle -1
sphere {
	<29.596706, 38.849247, 35.024986> 0.100000
	pigment { color rgbt <1,0,0,0> }
	no_shadow
}
sphere {
	0, 1
	scale<0.080000,0.200000,0.300000>
	matrix <0.566353, 0.754806, 0.330926,
		0.773238, -0.347688, -0.530298,
		-0.285213, 0.556220, -0.780559,
		29.511143, 39.016113, 34.790817>
	pigment { color rgbt <0,1,1,0> }
	no_shadow
}
cylinder {
	<30.272068, 38.905022, 34.998882>,  <29.710793, 38.626759, 35.337212>, 0.130000
	pigment { color rgbt <1,0,0,0> }
	no_shadow
}

// nucleotide -1

// particle -1
sphere {
	<30.272068, 38.905022, 34.998882> 0.250000
	pigment { color rgbt <1,0,0,0> }
	no_shadow
}
cylinder {
	<29.962534, 39.143295, 34.912773>,  <29.776814, 39.286259, 34.861107>, 0.100000
	pigment { color rgbt <1,0,0,0> }
	no_shadow
}
cylinder {
	<29.962534, 39.143295, 34.912773>,  <30.272068, 38.905022, 34.998882>, 0.100000
	pigment { color rgbt <1,0,0,0> }
	no_shadow
}

// particle -1
sphere {
	<29.962534, 39.143295, 34.912773> 0.100000
	pigment { color rgbt <1,0,0,0> }
	no_shadow
}
sphere {
	0, 1
	scale<0.080000,0.200000,0.300000>
	matrix <0.593696, 0.800586, 0.081159,
		0.220693, -0.065005, -0.973175,
		-0.773835, 0.595681, -0.215277,
		29.730383, 39.321999, 34.848190>
	pigment { color rgbt <0,1,1,0> }
	no_shadow
}
cylinder {
	<30.507277, 39.296478, 34.475594>,  <30.272068, 38.905022, 34.998882>, 0.130000
	pigment { color rgbt <1,0,0,0> }
	no_shadow
}

// nucleotide -1

// particle -1
sphere {
	<30.507277, 39.296478, 34.475594> 0.250000
	pigment { color rgbt <1,0,0,0> }
	no_shadow
}
cylinder {
	<30.196968, 39.499245, 34.625908>,  <30.010784, 39.620907, 34.716095>, 0.100000
	pigment { color rgbt <1,0,0,0> }
	no_shadow
}
cylinder {
	<30.196968, 39.499245, 34.625908>,  <30.507277, 39.296478, 34.475594>, 0.100000
	pigment { color rgbt <1,0,0,0> }
	no_shadow
}

// particle -1
sphere {
	<30.196968, 39.499245, 34.625908> 0.100000
	pigment { color rgbt <1,0,0,0> }
	no_shadow
}
sphere {
	0, 1
	scale<0.080000,0.200000,0.300000>
	matrix <0.567364, 0.820994, 0.063774,
		-0.276188, 0.262680, -0.924510,
		-0.775769, 0.506920, 0.375784,
		29.964237, 39.651321, 34.738644>
	pigment { color rgbt <0,1,1,0> }
	no_shadow
}
cylinder {
	<30.924507, 39.650364, 35.056885>,  <30.507277, 39.296478, 34.475594>, 0.130000
	pigment { color rgbt <1,0,0,0> }
	no_shadow
}

// nucleotide -1

// particle -1
sphere {
	<30.924507, 39.650364, 35.056885> 0.250000
	pigment { color rgbt <1,0,0,0> }
	no_shadow
}
cylinder {
	<30.581297, 39.502911, 35.199940>,  <30.375370, 39.414440, 35.285770>, 0.100000
	pigment { color rgbt <1,0,0,0> }
	no_shadow
}
cylinder {
	<30.581297, 39.502911, 35.199940>,  <30.924507, 39.650364, 35.056885>, 0.100000
	pigment { color rgbt <1,0,0,0> }
	no_shadow
}

// particle -1
sphere {
	<30.581297, 39.502911, 35.199940> 0.100000
	pigment { color rgbt <1,0,0,0> }
	no_shadow
}
sphere {
	0, 1
	scale<0.080000,0.200000,0.300000>
	matrix <0.158283, 0.472640, 0.866924,
		-0.488607, 0.800451, -0.347190,
		-0.858027, -0.368631, 0.357633,
		30.323889, 39.392323, 35.307228>
	pigment { color rgbt <0,1,1,0> }
	no_shadow
}
cylinder {
	<30.805292, 40.196518, 35.561893>,  <30.924507, 39.650364, 35.056885>, 0.130000
	pigment { color rgbt <1,0,0,0> }
	no_shadow
}

// nucleotide -1

// particle -1
sphere {
	<30.805292, 40.196518, 35.561893> 0.250000
	pigment { color rgbt <1,0,0,0> }
	no_shadow
}
cylinder {
	<30.537003, 40.491936, 35.534527>,  <30.376030, 40.669186, 35.518108>, 0.100000
	pigment { color rgbt <1,0,0,0> }
	no_shadow
}
cylinder {
	<30.537003, 40.491936, 35.534527>,  <30.805292, 40.196518, 35.561893>, 0.100000
	pigment { color rgbt <1,0,0,0> }
	no_shadow
}

// particle -1
sphere {
	<30.537003, 40.491936, 35.534527> 0.100000
	pigment { color rgbt <1,0,0,0> }
	no_shadow
}
sphere {
	0, 1
	scale<0.080000,0.200000,0.300000>
	matrix <-0.566172, -0.569390, -0.596024,
		-0.479145, -0.361034, 0.800047,
		-0.670724, 0.738546, -0.068413,
		30.335787, 40.713501, 35.514004>
	pigment { color rgbt <0,1,1,0> }
	no_shadow
}
cylinder {
	<30.104868, 39.882706, 35.734058>,  <30.805292, 40.196518, 35.561893>, 0.130000
	pigment { color rgbt <1,0,0,0> }
	no_shadow
}

// nucleotide -1

// particle -1
sphere {
	<30.104868, 39.882706, 35.734058> 0.250000
	pigment { color rgbt <1,0,0,0> }
	no_shadow
}
cylinder {
	<30.116543, 40.196220, 35.485920>,  <30.123547, 40.384331, 35.337036>, 0.100000
	pigment { color rgbt <1,0,0,0> }
	no_shadow
}
cylinder {
	<30.116543, 40.196220, 35.485920>,  <30.104868, 39.882706, 35.734058>, 0.100000
	pigment { color rgbt <1,0,0,0> }
	no_shadow
}

// particle -1
sphere {
	<30.116543, 40.196220, 35.485920> 0.100000
	pigment { color rgbt <1,0,0,0> }
	no_shadow
}
sphere {
	0, 1
	scale<0.080000,0.200000,0.300000>
	matrix <-0.565026, -0.499010, -0.657065,
		-0.824556, 0.369688, 0.428296,
		0.029185, 0.783785, -0.620345,
		30.125298, 40.431355, 35.299816>
	pigment { color rgbt <0,1,1,0> }
	no_shadow
}
cylinder {
	<29.390093, 40.024334, 35.675156>,  <30.104868, 39.882706, 35.734058>, 0.130000
	pigment { color rgbt <1,0,0,0> }
	no_shadow
}

// nucleotide -1

// particle -1
sphere {
	<29.390093, 40.024334, 35.675156> 0.250000
	pigment { color rgbt <1,0,0,0> }
	no_shadow
}
cylinder {
	<29.600567, 40.122173, 35.349384>,  <29.726852, 40.180878, 35.153919>, 0.100000
	pigment { color rgbt <1,0,0,0> }
	no_shadow
}
cylinder {
	<29.600567, 40.122173, 35.349384>,  <29.390093, 40.024334, 35.675156>, 0.100000
	pigment { color rgbt <1,0,0,0> }
	no_shadow
}

// particle -1
sphere {
	<29.600567, 40.122173, 35.349384> 0.100000
	pigment { color rgbt <1,0,0,0> }
	no_shadow
}
sphere {
	0, 1
	scale<0.080000,0.200000,0.300000>
	matrix <-0.627556, -0.534607, -0.566011,
		-0.573848, 0.808928, -0.127801,
