// switches for output
#declare DRAW_BASES = 1; // possible values are 0, 1; only relevant for DNA ribbons
#declare DRAW_BASES_TYPE = 3; // possible values are 1, 2, 3; only relevant for DNA ribbons
#declare DRAW_FOG = 0; // set to 1 to enable fog

#include "colors.inc"

#include "transforms.inc"
background { rgb <1, 1, 1>}

#default {
   normal{
       ripples 0.25
       frequency 0.20
       turbulence 0.2
       lambda 5
   }
	finish {
		phong 0.1
		phong_size 40.
	}
}

// original window dimensions: 1024x640


// camera settings

camera {
	sky <0, 0.179814, -0.983701>
	up <0, 0.179814, -0.983701>
	right 1.6 * <1, 0, 0>
	location <35, 94.9851, 44.8844>
	look_at <35, 29.7336, 32.9568>
	direction <0, -65.2515, -11.9276>
	angle 67.0682
}


# declare cpy_camera_pos = <35, 94.9851, 44.8844>;
# if (DRAW_FOG = 1)
fog {
	fog_type 2
	up vnormalize(cpy_camera_pos)
	color rgbt<1,1,1,0.3>
	distance 1e-5
	fog_alt 3e-3
	fog_offset 56
}
# end


// LIGHTS

# declare lum = 6;
global_settings {
	ambient_light rgb lum * <0.05, 0.05, 0.05>
	max_trace_level 15
}# declare cpy_direct_light_amount = 0.25;
light_source
{	1000 * <-1, -1.16352, -0.803886>,
	rgb lum * cpy_direct_light_amount
	parallel
}

light_source
{	1000 * <1, 1.16352, 0.803886>,
	rgb lum * cpy_direct_light_amount
	parallel
}

// strand 0

// nucleotide -1

// particle -1
sphere {
	<24.701225, 35.069618, 34.786076> 0.250000
	pigment { color rgbt <1,0,0,0> }
	no_shadow
}
cylinder {
	<24.413492, 34.885445, 34.994137>,  <24.240852, 34.774940, 35.118973>, 0.100000
	pigment { color rgbt <1,0,0,0> }
	no_shadow
}
cylinder {
	<24.413492, 34.885445, 34.994137>,  <24.701225, 35.069618, 34.786076>, 0.100000
	pigment { color rgbt <1,0,0,0> }
	no_shadow
}

// particle -1
sphere {
	<24.413492, 34.885445, 34.994137> 0.100000
	pigment { color rgbt <1,0,0,0> }
	no_shadow
}
sphere {
	0, 1
	scale<0.080000,0.200000,0.300000>
	matrix <-0.603544, 0.043499, -0.796142,
		0.343945, -0.886627, -0.309183,
		-0.719331, -0.460434, 0.520157,
		24.197693, 34.747314, 35.150185>
	pigment { color rgbt <0,1,1,0> }
	no_shadow
}
cylinder {
	<24.416481, 34.406021, 34.504715>,  <24.701225, 35.069618, 34.786076>, 0.130000
	pigment { color rgbt <1,0,0,0> }
	no_shadow
}

// nucleotide -1

// particle -1
sphere {
	<24.416481, 34.406021, 34.504715> 0.250000
	pigment { color rgbt <1,0,0,0> }
	no_shadow
}
cylinder {
	<24.151108, 34.612465, 34.721413>,  <23.991884, 34.736332, 34.851429>, 0.100000
	pigment { color rgbt <1,0,0,0> }
	no_shadow
}
cylinder {
	<24.151108, 34.612465, 34.721413>,  <24.416481, 34.406021, 34.504715>, 0.100000
	pigment { color rgbt <1,0,0,0> }
	no_shadow
}

// particle -1
sphere {
	<24.151108, 34.612465, 34.721413> 0.100000
	pigment { color rgbt <1,0,0,0> }
	no_shadow
}
sphere {
	0, 1
	scale<0.080000,0.200000,0.300000>
	matrix <-0.510882, 0.216534, -0.831933,
		-0.546675, -0.828699, 0.120015,
		-0.663435, 0.516110, 0.541742,
		23.952078, 34.767300, 34.883934>
	pigment { color rgbt <0,1,1,0> }
	no_shadow
}
cylinder {
	<25.177603, 34.128578, 34.389168>,  <24.416481, 34.406021, 34.504715>, 0.130000
	pigment { color rgbt <1,0,0,0> }
	no_shadow
}

// nucleotide -1

// particle -1
sphere {
	<25.177603, 34.128578, 34.389168> 0.250000
	pigment { color rgbt <1,0,0,0> }
	no_shadow
}
cylinder {
	<25.205313, 34.499138, 34.537212>,  <25.221939, 34.721474, 34.626038>, 0.100000
	pigment { color rgbt <1,0,0,0> }
	no_shadow
}
cylinder {
	<25.205313, 34.499138, 34.537212>,  <25.177603, 34.128578, 34.389168>, 0.100000
	pigment { color rgbt <1,0,0,0> }
	no_shadow
}

// particle -1
sphere {
	<25.205313, 34.499138, 34.537212> 0.100000
	pigment { color rgbt <1,0,0,0> }
	no_shadow
}
sphere {
	0, 1
	scale<0.080000,0.200000,0.300000>
	matrix <0.105028, 0.362168, -0.926177,
		-0.992053, 0.103034, -0.072209,
		0.069276, 0.926401, 0.370111,
		25.226095, 34.777058, 34.648247>
	pigment { color rgbt <0,1,1,0> }
	no_shadow
}
cylinder {
	<24.957623, 34.510372, 33.899830>,  <25.177603, 34.128578, 34.389168>, 0.130000
	pigment { color rgbt <1,0,0,0> }
	no_shadow
}

// nucleotide -1

// particle -1
sphere {
	<24.957623, 34.510372, 33.899830> 0.250000
	pigment { color rgbt <1,0,0,0> }
	no_shadow
}
cylinder {
	<25.136505, 34.780865, 34.133999>,  <25.243834, 34.943161, 34.274502>, 0.100000
	pigment { color rgbt <1,0,0,0> }
	no_shadow
}
cylinder {
	<25.136505, 34.780865, 34.133999>,  <24.957623, 34.510372, 33.899830>, 0.100000
	pigment { color rgbt <1,0,0,0> }
	no_shadow
}

// particle -1
sphere {
	<25.136505, 34.780865, 34.133999> 0.100000
	pigment { color rgbt <1,0,0,0> }
	no_shadow
}
sphere {
	0, 1
	scale<0.080000,0.200000,0.300000>
	matrix <0.304068, 0.500597, -0.810522,
		-0.841160, 0.540478, 0.018249,
		0.447204, 0.676230, 0.585424,
		25.270666, 34.983734, 34.309628>
	pigment { color rgbt <0,1,1,0> }
	no_shadow
}
cylinder {
	<24.688725, 35.241993, 33.851429>,  <24.957623, 34.510372, 33.899830>, 0.130000
	pigment { color rgbt <1,0,0,0> }
	no_shadow
}

// nucleotide -1

// particle -1
sphere {
	<24.688725, 35.241993, 33.851429> 0.250000
	pigment { color rgbt <1,0,0,0> }
	no_shadow
}
cylinder {
	<25.067535, 35.255074, 33.979221>,  <25.294823, 35.262920, 34.055897>, 0.100000
	pigment { color rgbt <1,0,0,0> }
	no_shadow
}
cylinder {
	<25.067535, 35.255074, 33.979221>,  <24.688725, 35.241993, 33.851429>, 0.100000
	pigment { color rgbt <1,0,0,0> }
	no_shadow
}

// particle -1
sphere {
	<25.067535, 35.255074, 33.979221> 0.100000
	pigment { color rgbt <1,0,0,0> }
	no_shadow
}
sphere {
	0, 1
	scale<0.080000,0.200000,0.300000>
	matrix <0.210361, 0.688509, -0.694049,
		-0.242659, 0.724490, 0.645159,
		0.947029, 0.032701, 0.319477,
		25.351645, 35.264885, 34.075066>
	pigment { color rgbt <0,1,1,0> }
	no_shadow
}
cylinder {
	<24.787811, 35.926426, 34.161617>,  <24.688725, 35.241993, 33.851429>, 0.130000
	pigment { color rgbt <1,0,0,0> }
	no_shadow
}

// nucleotide -1

// particle -1
sphere {
	<24.787811, 35.926426, 34.161617> 0.250000
	pigment { color rgbt <1,0,0,0> }
	no_shadow
}
cylinder {
	<25.104069, 35.775066, 33.969078>,  <25.293823, 35.684250, 33.853554>, 0.100000
	pigment { color rgbt <1,0,0,0> }
	no_shadow
}
cylinder {
	<25.104069, 35.775066, 33.969078>,  <24.787811, 35.926426, 34.161617>, 0.100000
	pigment { color rgbt <1,0,0,0> }
	no_shadow
}

// particle -1
sphere {
	<25.104069, 35.775066, 33.969078> 0.100000
	pigment { color rgbt <1,0,0,0> }
	no_shadow
}
sphere {
	0, 1
	scale<0.080000,0.200000,0.300000>
	matrix <-0.068728, 0.726343, -0.683888,
		0.608407, 0.573793, 0.548271,
		0.790643, -0.378401, -0.481348,
		25.341261, 35.661545, 33.824673>
	pigment { color rgbt <0,1,1,0> }
	no_shadow
}
cylinder {
	<25.180471, 36.475277, 34.119041>,  <24.787811, 35.926426, 34.161617>, 0.130000
	pigment { color rgbt <1,0,0,0> }
	no_shadow
}

// nucleotide -1

// particle -1
sphere {
	<25.180471, 36.475277, 34.119041> 0.250000
	pigment { color rgbt <1,0,0,0> }
	no_shadow
}
cylinder {
	<25.223969, 36.230118, 33.805984>,  <25.250067, 36.083023, 33.618149>, 0.100000
	pigment { color rgbt <1,0,0,0> }
	no_shadow
}
cylinder {
	<25.223969, 36.230118, 33.805984>,  <25.180471, 36.475277, 34.119041>, 0.100000
	pigment { color rgbt <1,0,0,0> }
	no_shadow
}

// particle -1
sphere {
	<25.223969, 36.230118, 33.805984> 0.100000
	pigment { color rgbt <1,0,0,0> }
	no_shadow
}
sphere {
	0, 1
	scale<0.080000,0.200000,0.300000>
	matrix <-0.334836, 0.718724, -0.609361,
		0.935980, 0.328322, -0.127064,
		0.108743, -0.612895, -0.782646,
		25.256592, 36.046249, 33.571190>
	pigment { color rgbt <0,1,1,0> }
	no_shadow
}
cylinder {
	<25.712311, 36.718090, 33.608978>,  <25.180471, 36.475277, 34.119041>, 0.130000
	pigment { color rgbt <1,0,0,0> }
	no_shadow
}

// nucleotide -1

// particle -1
sphere {
	<25.712311, 36.718090, 33.608978> 0.250000
	pigment { color rgbt <1,0,0,0> }
	no_shadow
}
cylinder {
	<25.505501, 36.447239, 33.399529>,  <25.381414, 36.284729, 33.273857>, 0.100000
	pigment { color rgbt <1,0,0,0> }
	no_shadow
}
cylinder {
	<25.505501, 36.447239, 33.399529>,  <25.712311, 36.718090, 33.608978>, 0.100000
	pigment { color rgbt <1,0,0,0> }
	no_shadow
}

// particle -1
sphere {
	<25.505501, 36.447239, 33.399529> 0.100000
	pigment { color rgbt <1,0,0,0> }
	no_shadow
}
sphere {
	0, 1
	scale<0.080000,0.200000,0.300000>
	matrix <-0.016596, 0.619548, -0.784783,
		0.855810, -0.397062, -0.331558,
		-0.517024, -0.677128, -0.523626,
		25.350393, 36.244102, 33.242439>
	pigment { color rgbt <0,1,1,0> }
	no_shadow
}
cylinder {
	<26.067656, 36.609032, 32.994091>,  <25.712311, 36.718090, 33.608978>, 0.130000
	pigment { color rgbt <1,0,0,0> }
	no_shadow
}

// nucleotide -1

// particle -1
sphere {
	<26.067656, 36.609032, 32.994091> 0.250000
	pigment { color rgbt <1,0,0,0> }
	no_shadow
}
cylinder {
	<25.689840, 36.508278, 32.909805>,  <25.463150, 36.447826, 32.859234>, 0.100000
	pigment { color rgbt <1,0,0,0> }
	no_shadow
}
cylinder {
	<25.689840, 36.508278, 32.909805>,  <26.067656, 36.609032, 32.994091>, 0.100000
	pigment { color rgbt <1,0,0,0> }
	no_shadow
}

// particle -1
sphere {
	<25.689840, 36.508278, 32.909805> 0.100000
	pigment { color rgbt <1,0,0,0> }
	no_shadow
}
sphere {
	0, 1
	scale<0.080000,0.200000,0.300000>
	matrix <-0.016410, 0.677043, -0.735761,
		0.327984, -0.691498, -0.643628,
		-0.944541, -0.251880, -0.210712,
		25.406479, 36.432713, 32.846592>
	pigment { color rgbt <0,1,1,0> }
	no_shadow
}
cylinder {
	<25.975666, 36.565170, 32.196564>,  <26.067656, 36.609032, 32.994091>, 0.130000
	pigment { color rgbt <1,0,0,0> }
	no_shadow
}

// nucleotide -1

// particle -1
sphere {
	<25.975666, 36.565170, 32.196564> 0.250000
	pigment { color rgbt <1,0,0,0> }
	no_shadow
}
cylinder {
	<25.609322, 36.596439, 32.354088>,  <25.389515, 36.615200, 32.448601>, 0.100000
	pigment { color rgbt <1,0,0,0> }
	no_shadow
}
cylinder {
	<25.609322, 36.596439, 32.354088>,  <25.975666, 36.565170, 32.196564>, 0.100000
	pigment { color rgbt <1,0,0,0> }
	no_shadow
}

// particle -1
sphere {
	<25.609322, 36.596439, 32.354088> 0.100000
	pigment { color rgbt <1,0,0,0> }
	no_shadow
}
sphere {
	0, 1
	scale<0.080000,0.200000,0.300000>
	matrix <-0.239071, 0.681830, -0.691341,
		-0.322552, -0.727322, -0.605775,
		-0.915863, 0.078171, 0.393807,
		25.334562, 36.619892, 32.472229>
	pigment { color rgbt <0,1,1,0> }
	no_shadow
}
cylinder {
	<25.566429, 36.405685, 31.634480>,  <25.975666, 36.565170, 32.196564>, 0.130000
	pigment { color rgbt <1,0,0,0> }
	no_shadow
}

// nucleotide -1

// particle -1
sphere {
	<25.566429, 36.405685, 31.634480> 0.250000
	pigment { color rgbt <1,0,0,0> }
	no_shadow
}
cylinder {
	<25.391613, 36.628227, 31.917171>,  <25.286724, 36.761753, 32.086784>, 0.100000
	pigment { color rgbt <1,0,0,0> }
	no_shadow
}
cylinder {
	<25.391613, 36.628227, 31.917171>,  <25.566429, 36.405685, 31.634480>, 0.100000
	pigment { color rgbt <1,0,0,0> }
	no_shadow
}

// particle -1
sphere {
	<25.391613, 36.628227, 31.917171> 0.100000
	pigment { color rgbt <1,0,0,0> }
	no_shadow
}
sphere {
	0, 1
	scale<0.080000,0.200000,0.300000>
	matrix <-0.272108, 0.667136, -0.693460,
		-0.857295, -0.495375, -0.140176,
		-0.437039, 0.556356, 0.706728,
		25.260502, 36.795135, 32.129189>
	pigment { color rgbt <0,1,1,0> }
	no_shadow
}
cylinder {
	<24.800549, 36.679272, 31.406013>,  <25.566429, 36.405685, 31.634480>, 0.130000
	pigment { color rgbt <1,0,0,0> }
	no_shadow
}

// nucleotide -1

// particle -1
sphere {
	<24.800549, 36.679272, 31.406013> 0.250000
	pigment { color rgbt <1,0,0,0> }
	no_shadow
}
cylinder {
	<24.970482, 36.925652, 31.671381>,  <25.072441, 37.073479, 31.830601>, 0.100000
	pigment { color rgbt <1,0,0,0> }
	no_shadow
}
cylinder {
	<24.970482, 36.925652, 31.671381>,  <24.800549, 36.679272, 31.406013>, 0.100000
	pigment { color rgbt <1,0,0,0> }
	no_shadow
}

// particle -1
sphere {
	<24.970482, 36.925652, 31.671381> 0.100000
	pigment { color rgbt <1,0,0,0> }
	no_shadow
}
sphere {
	0, 1
	scale<0.080000,0.200000,0.300000>
	matrix <-0.185217, 0.776476, -0.602312,
		-0.886121, 0.133006, 0.443958,
		0.424834, 0.615950, 0.663417,
		25.097933, 37.110435, 31.870405>
	pigment { color rgbt <0,1,1,0> }
	no_shadow
}
cylinder {
	<24.427702, 37.309746, 31.415131>,  <24.800549, 36.679272, 31.406013>, 0.130000
	pigment { color rgbt <1,0,0,0> }
	no_shadow
}

// nucleotide -1

// particle -1
sphere {
	<24.427702, 37.309746, 31.415131> 0.250000
	pigment { color rgbt <1,0,0,0> }
	no_shadow
}
cylinder {
	<24.803308, 37.355072, 31.544996>,  <25.028673, 37.382267, 31.622915>, 0.100000
	pigment { color rgbt <1,0,0,0> }
	no_shadow
}
cylinder {
	<24.803308, 37.355072, 31.544996>,  <24.427702, 37.309746, 31.415131>, 0.100000
	pigment { color rgbt <1,0,0,0> }
	no_shadow
}

// particle -1
sphere {
	<24.803308, 37.355072, 31.544996> 0.100000
	pigment { color rgbt <1,0,0,0> }
	no_shadow
}
sphere {
	0, 1
	scale<0.080000,0.200000,0.300000>
	matrix <0.085670, 0.837285, -0.540014,
		-0.333028, 0.534896, 0.776517,
		0.939017, 0.113316, 0.324663,
		25.085014, 37.389069, 31.642395>
	pigment { color rgbt <0,1,1,0> }
	no_shadow
}
cylinder {
	<24.891211, 37.823837, 31.266314>,  <24.427702, 37.309746, 31.415131>, 0.130000
	pigment { color rgbt <1,0,0,0> }
	no_shadow
}

// nucleotide -1

// particle -1
sphere {
	<24.891211, 37.823837, 31.266314> 0.250000
	pigment { color rgbt <1,0,0,0> }
	no_shadow
}
cylinder {
	<24.641417, 37.920223, 31.563488>,  <24.491541, 37.978054, 31.741793>, 0.100000
	pigment { color rgbt <1,0,0,0> }
	no_shadow
}
cylinder {
	<24.641417, 37.920223, 31.563488>,  <24.891211, 37.823837, 31.266314>, 0.100000
	pigment { color rgbt <1,0,0,0> }
	no_shadow
}

// particle -1
sphere {
	<24.641417, 37.920223, 31.563488> 0.100000
	pigment { color rgbt <1,0,0,0> }
	no_shadow
}
sphere {
	0, 1
	scale<0.080000,0.200000,0.300000>
	matrix <0.124834, -0.908197, 0.399494,
		0.770996, 0.342222, 0.537075,
		-0.624485, 0.240964, 0.742937,
		24.454071, 37.992512, 31.786369>
	pigment { color rgbt <0,1,1,0> }
	no_shadow
}
cylinder {
	<25.294188, 37.966190, 31.861086>,  <24.891211, 37.823837, 31.266314>, 0.130000
	pigment { color rgbt <1,0,0,0> }
	no_shadow
}

// nucleotide -1

// particle -1
sphere {
	<25.294188, 37.966190, 31.861086> 0.250000
	pigment { color rgbt <1,0,0,0> }
	no_shadow
}
cylinder {
	<24.943041, 37.774864, 31.870598>,  <24.732353, 37.660069, 31.876305>, 0.100000
	pigment { color rgbt <1,0,0,0> }
	no_shadow
}
cylinder {
	<24.943041, 37.774864, 31.870598>,  <25.294188, 37.966190, 31.861086>, 0.100000
	pigment { color rgbt <1,0,0,0> }
	no_shadow
}

// particle -1
sphere {
	<24.943041, 37.774864, 31.870598> 0.100000
	pigment { color rgbt <1,0,0,0> }
	no_shadow
}
sphere {
	0, 1
	scale<0.080000,0.200000,0.300000>
	matrix <0.416097, -0.737201, 0.532351,
		-0.237102, 0.477228, 0.846189,
		-0.877864, -0.478318, 0.023781,
		24.679682, 37.631371, 31.877731>
	pigment { color rgbt <0,1,1,0> }
	no_shadow
}
cylinder {
	<25.015266, 37.909031, 32.535511>,  <25.294188, 37.966190, 31.861086>, 0.130000
	pigment { color rgbt <1,0,0,0> }
	no_shadow
}

// nucleotide -1

// particle -1
sphere {
	<25.015266, 37.909031, 32.535511> 0.250000
	pigment { color rgbt <1,0,0,0> }
	no_shadow
}
cylinder {
	<24.921926, 37.610565, 32.286098>,  <24.865923, 37.431488, 32.136452>, 0.100000
	pigment { color rgbt <1,0,0,0> }
	no_shadow
}
cylinder {
	<24.921926, 37.610565, 32.286098>,  <25.015266, 37.909031, 32.535511>, 0.100000
	pigment { color rgbt <1,0,0,0> }
	no_shadow
}

// particle -1
sphere {
	<24.921926, 37.610565, 32.286098> 0.100000
	pigment { color rgbt <1,0,0,0> }
	no_shadow
}
sphere {
	0, 1
	scale<0.080000,0.200000,0.300000>
	matrix <0.435627, -0.653504, 0.619001,
		-0.869355, -0.127184, 0.477542,
		-0.233349, -0.746161, -0.623532,
		24.851921, 37.386715, 32.099037>
	pigment { color rgbt <0,1,1,0> }
	no_shadow
}
cylinder {
	<24.592188, 37.515415, 33.012226>,  <25.015266, 37.909031, 32.535511>, 0.130000
	pigment { color rgbt <1,0,0,0> }
	no_shadow
}

// nucleotide -1

// particle -1
sphere {
	<24.592188, 37.515415, 33.012226> 0.250000
	pigment { color rgbt <1,0,0,0> }
	no_shadow
}
cylinder {
	<24.748199, 37.289753, 32.721130>,  <24.841806, 37.154354, 32.546471>, 0.100000
	pigment { color rgbt <1,0,0,0> }
	no_shadow
}
cylinder {
	<24.748199, 37.289753, 32.721130>,  <24.592188, 37.515415, 33.012226>, 0.100000
	pigment { color rgbt <1,0,0,0> }
	no_shadow
}

// particle -1
sphere {
	<24.748199, 37.289753, 32.721130> 0.100000
	pigment { color rgbt <1,0,0,0> }
	no_shadow
}
sphere {
	0, 1
	scale<0.080000,0.200000,0.300000>
	matrix <0.161360, -0.736229, 0.657214,
		-0.906555, -0.373759, -0.196117,
		0.390027, -0.564155, -0.727742,
		24.865208, 37.120506, 32.502808>
	pigment { color rgbt <0,1,1,0> }
	no_shadow
}
cylinder {
	<24.186089, 36.819565, 33.024349>,  <24.592188, 37.515415, 33.012226>, 0.130000
	pigment { color rgbt <1,0,0,0> }
	no_shadow
}

// nucleotide -1

// particle -1
sphere {
	<24.186089, 36.819565, 33.024349> 0.250000
	pigment { color rgbt <1,0,0,0> }
	no_shadow
}
cylinder {
	<24.520021, 36.752838, 32.814499>,  <24.720381, 36.712803, 32.688587>, 0.100000
	pigment { color rgbt <1,0,0,0> }
	no_shadow
}
cylinder {
	<24.520021, 36.752838, 32.814499>,  <24.186089, 36.819565, 33.024349>, 0.100000
	pigment { color rgbt <1,0,0,0> }
	no_shadow
}

// particle -1
sphere {
	<24.520021, 36.752838, 32.814499> 0.100000
	pigment { color rgbt <1,0,0,0> }
	no_shadow
}
sphere {
	0, 1
	scale<0.080000,0.200000,0.300000>
	matrix <0.108586, -0.884364, 0.453992,
		-0.539692, -0.435973, -0.720180,
		0.834830, -0.166814, -0.524625,
		24.770470, 36.702793, 32.657112>
	pigment { color rgbt <0,1,1,0> }
	no_shadow
}
cylinder {
	<24.144272, 36.144413, 32.712986>,  <24.186089, 36.819565, 33.024349>, 0.130000
	pigment { color rgbt <1,0,0,0> }
	no_shadow
}

// nucleotide -1

// particle -1
sphere {
	<24.144272, 36.144413, 32.712986> 0.250000
	pigment { color rgbt <1,0,0,0> }
	no_shadow
}
cylinder {
	<24.532749, 36.235134, 32.742233>,  <24.765835, 36.289566, 32.759781>, 0.100000
	pigment { color rgbt <1,0,0,0> }
	no_shadow
}
cylinder {
	<24.532749, 36.235134, 32.742233>,  <24.144272, 36.144413, 32.712986>, 0.100000
	pigment { color rgbt <1,0,0,0> }
	no_shadow
}

// particle -1
sphere {
	<24.532749, 36.235134, 32.742233> 0.100000
	pigment { color rgbt <1,0,0,0> }
	no_shadow
}
sphere {
	0, 1
	scale<0.080000,0.200000,0.300000>
	matrix <0.120841, -0.733205, 0.669185,
		0.205382, -0.641072, -0.739490,
		0.971193, 0.226799, 0.073119,
		24.824106, 36.303173, 32.764168>
	pigment { color rgbt <0,1,1,0> }
	no_shadow
}
cylinder {
	<24.499670, 35.543461, 32.525066>,  <24.144272, 36.144413, 32.712986>, 0.130000
	pigment { color rgbt <1,0,0,0> }
	no_shadow
}

// nucleotide -1

// particle -1
sphere {
	<24.499670, 35.543461, 32.525066> 0.250000
	pigment { color rgbt <1,0,0,0> }
	no_shadow
}
cylinder {
	<24.761263, 35.758453, 32.738014>,  <24.918219, 35.887451, 32.865784>, 0.100000
	pigment { color rgbt <1,0,0,0> }
	no_shadow
}
cylinder {
	<24.761263, 35.758453, 32.738014>,  <24.499670, 35.543461, 32.525066>, 0.100000
	pigment { color rgbt <1,0,0,0> }
	no_shadow
}

// particle -1
sphere {
	<24.761263, 35.758453, 32.738014> 0.100000
	pigment { color rgbt <1,0,0,0> }
	no_shadow
}
sphere {
	0, 1
	scale<0.080000,0.200000,0.300000>
	matrix <0.175926, -0.792477, 0.583978,
		0.735772, -0.288252, -0.612822,
		0.653980, 0.537485, 0.532371,
		24.957457, 35.919701, 32.897724>
	pigment { color rgbt <0,1,1,0> }
	no_shadow
}
cylinder {
	<25.156139, 35.184246, 32.558270>,  <24.499670, 35.543461, 32.525066>, 0.130000
	pigment { color rgbt <1,0,0,0> }
	no_shadow
}

// nucleotide -1

// particle -1
sphere {
	<25.156139, 35.184246, 32.558270> 0.250000
	pigment { color rgbt <1,0,0,0> }
	no_shadow
}
cylinder {
	<25.074415, 35.409286, 32.878704>,  <25.025381, 35.544312, 33.070965>, 0.100000
	pigment { color rgbt <1,0,0,0> }
	no_shadow
}
cylinder {
	<25.074415, 35.409286, 32.878704>,  <25.156139, 35.184246, 32.558270>, 0.100000
	pigment { color rgbt <1,0,0,0> }
	no_shadow
}

// particle -1
sphere {
	<25.074415, 35.409286, 32.878704> 0.100000
	pigment { color rgbt <1,0,0,0> }
	no_shadow
}
sphere {
	0, 1
	scale<0.080000,0.200000,0.300000>
	matrix <0.267088, -0.755259, 0.598539,
		0.941765, 0.336247, 0.004041,
		-0.204309, 0.562604, 0.801084,
		25.013123, 35.578068, 33.119030>
	pigment { color rgbt <0,1,1,0> }
	no_shadow
}
cylinder {
	<25.856869, 35.258144, 32.991665>,  <25.156139, 35.184246, 32.558270>, 0.130000
	pigment { color rgbt <1,0,0,0> }
	no_shadow
}

// nucleotide -1

// particle -1
sphere {
	<25.856869, 35.258144, 32.991665> 0.250000
	pigment { color rgbt <1,0,0,0> }
	no_shadow
}
cylinder {
	<25.501621, 35.197975, 33.165386>,  <25.288473, 35.161873, 33.269619>, 0.100000
	pigment { color rgbt <1,0,0,0> }
	no_shadow
}
cylinder {
	<25.501621, 35.197975, 33.165386>,  <25.856869, 35.258144, 32.991665>, 0.100000
	pigment { color rgbt <1,0,0,0> }
	no_shadow
}

// particle -1
sphere {
	<25.501621, 35.197975, 33.165386> 0.100000
	pigment { color rgbt <1,0,0,0> }
	no_shadow
}
sphere {
	0, 1
	scale<0.080000,0.200000,0.300000>
	matrix <0.343874, -0.844431, 0.410715,
		0.304958, 0.514108, 0.801682,
		-0.888117, -0.150427, 0.434304,
		25.235186, 35.152847, 33.295677>
	pigment { color rgbt <0,1,1,0> }
	no_shadow
}
cylinder {
	<26.161322, 34.876644, 33.390942>,  <25.856869, 35.258144, 32.991665>, 0.130000
	pigment { color rgbt <1,0,0,0> }
	no_shadow
}

// nucleotide -1

// particle -1
sphere {
	<26.161322, 34.876644, 33.390942> 0.250000
	pigment { color rgbt <1,0,0,0> }
	no_shadow
}
cylinder {
	<25.777863, 34.777737, 33.447304>,  <25.547787, 34.718391, 33.481121>, 0.100000
	pigment { color rgbt <1,0,0,0> }
	no_shadow
}
cylinder {
	<25.777863, 34.777737, 33.447304>,  <26.161322, 34.876644, 33.390942>, 0.100000
	pigment { color rgbt <1,0,0,0> }
	no_shadow
}

// particle -1
sphere {
	<25.777863, 34.777737, 33.447304> 0.100000
	pigment { color rgbt <1,0,0,0> }
	no_shadow
}
sphere {
	0, 1
	scale<0.080000,0.200000,0.300000>
	matrix <0.267596, -0.951712, 0.150455,
		0.096895, 0.181939, 0.978524,
		-0.958647, -0.247271, 0.140903,
		25.490269, 34.703556, 33.489574>
	pigment { color rgbt <0,1,1,0> }
	no_shadow
}
cylinder {
	<26.594873, 35.128941, 34.022648>,  <26.161322, 34.876644, 33.390942>, 0.130000
	pigment { color rgbt <1,0,0,0> }
	no_shadow
}

// nucleotide -1

// particle -1
sphere {
	<26.594873, 35.128941, 34.022648> 0.250000
	pigment { color rgbt <1,0,0,0> }
	no_shadow
}
cylinder {
	<26.270420, 35.362850, 34.026649>,  <26.075748, 35.503197, 34.029049>, 0.100000
	pigment { color rgbt <1,0,0,0> }
	no_shadow
}
cylinder {
	<26.270420, 35.362850, 34.026649>,  <26.594873, 35.128941, 34.022648>, 0.100000
	pigment { color rgbt <1,0,0,0> }
	no_shadow
}

// particle -1
sphere {
	<26.270420, 35.362850, 34.026649> 0.100000
	pigment { color rgbt <1,0,0,0> }
	no_shadow
}
sphere {
	0, 1
	scale<0.080000,0.200000,0.300000>
	matrix <-0.202128, -0.296336, 0.933450,
		0.548826, 0.755129, 0.358567,
		-0.811131, 0.584778, 0.010004,
		26.027081, 35.538284, 34.029652>
	pigment { color rgbt <0,1,1,0> }
	no_shadow
}
cylinder {
	<26.480974, 35.522747, 34.650150>,  <26.594873, 35.128941, 34.022648>, 0.130000
	pigment { color rgbt <1,0,0,0> }
	no_shadow
}

// nucleotide -1

// particle -1
sphere {
	<26.480974, 35.522747, 34.650150> 0.250000
	pigment { color rgbt <1,0,0,0> }
	no_shadow
}
cylinder {
	<26.111244, 35.483829, 34.502556>,  <25.889406, 35.460480, 34.413998>, 0.100000
	pigment { color rgbt <1,0,0,0> }
	no_shadow
}
cylinder {
	<26.111244, 35.483829, 34.502556>,  <26.480974, 35.522747, 34.650150>, 0.100000
	pigment { color rgbt <1,0,0,0> }
	no_shadow
}

// particle -1
sphere {
	<26.111244, 35.483829, 34.502556> 0.100000
	pigment { color rgbt <1,0,0,0> }
	no_shadow
}
sphere {
	0, 1
	scale<0.080000,0.200000,0.300000>
	matrix <-0.325555, -0.303394, 0.895526,
		-0.199082, 0.947885, 0.248759,
		-0.924327, -0.097299, -0.368988,
		25.833946, 35.454639, 34.391861>
	pigment { color rgbt <0,1,1,0> }
	no_shadow
}
cylinder {
	<26.008224, 35.756657, 35.140591>,  <26.480974, 35.522747, 34.650150>, 0.130000
	pigment { color rgbt <1,0,0,0> }
	no_shadow
}

// nucleotide -1

// particle -1
sphere {
	<26.008224, 35.756657, 35.140591> 0.250000
	pigment { color rgbt <1,0,0,0> }
	no_shadow
}
cylinder {
	<25.793335, 35.521866, 34.898319>,  <25.664402, 35.380993, 34.752956>, 0.100000
	pigment { color rgbt <1,0,0,0> }
	no_shadow
}
cylinder {
	<25.793335, 35.521866, 34.898319>,  <26.008224, 35.756657, 35.140591>, 0.100000
	pigment { color rgbt <1,0,0,0> }
	no_shadow
}

// particle -1
sphere {
	<25.793335, 35.521866, 34.898319> 0.100000
	pigment { color rgbt <1,0,0,0> }
	no_shadow
}
sphere {
	0, 1
	scale<0.080000,0.200000,0.300000>
	matrix <-0.399586, -0.455281, 0.795645,
		-0.742780, 0.669460, 0.010040,
		-0.537223, -0.586977, -0.605680,
		25.632168, 35.345772, 34.716614>
	pigment { color rgbt <0,1,1,0> }
	no_shadow
}
cylinder {
	<25.883741, 35.406189, 35.806721>,  <26.008224, 35.756657, 35.140591>, 0.130000
	pigment { color rgbt <1,0,0,0> }
	no_shadow
}

// nucleotide -1

// particle -1
sphere {
	<25.883741, 35.406189, 35.806721> 0.250000
	pigment { color rgbt <1,0,0,0> }
	no_shadow
}
cylinder {
	<25.851379, 35.056587, 35.998379>,  <25.831963, 34.846828, 36.113373>, 0.100000
	pigment { color rgbt <1,0,0,0> }
	no_shadow
}
cylinder {
	<25.851379, 35.056587, 35.998379>,  <25.883741, 35.406189, 35.806721>, 0.100000
	pigment { color rgbt <1,0,0,0> }
	no_shadow
}

// particle -1
sphere {
	<25.851379, 35.056587, 35.998379> 0.100000
	pigment { color rgbt <1,0,0,0> }
	no_shadow
}
sphere {
	0, 1
	scale<0.080000,0.200000,0.300000>
	matrix <0.731698, -0.378504, -0.566880,
		0.676811, 0.304724, 0.670127,
		-0.080904, -0.874001, 0.479142,
		25.827108, 34.794388, 36.142120>
	pigment { color rgbt <0,1,1,0> }
	no_shadow
}
cylinder {
	<25.494286, 35.790817, 36.295086>,  <25.883741, 35.406189, 35.806721>, 0.130000
	pigment { color rgbt <1,0,0,0> }
	no_shadow
}

// nucleotide -1

// particle -1
sphere {
	<25.494286, 35.790817, 36.295086> 0.250000
	pigment { color rgbt <1,0,0,0> }
	no_shadow
}
cylinder {
	<25.676786, 35.802322, 36.650841>,  <25.786287, 35.809227, 36.864292>, 0.100000
	pigment { color rgbt <1,0,0,0> }
	no_shadow
}
cylinder {
	<25.676786, 35.802322, 36.650841>,  <25.494286, 35.790817, 36.295086>, 0.100000
	pigment { color rgbt <1,0,0,0> }
	no_shadow
}

// particle -1
sphere {
	<25.676786, 35.802322, 36.650841> 0.100000
	pigment { color rgbt <1,0,0,0> }
	no_shadow
}
sphere {
	0, 1
	scale<0.080000,0.200000,0.300000>
	matrix <0.838649, -0.348042, -0.418969,
		0.297492, 0.937037, -0.182919,
		0.456253, 0.028765, 0.889385,
		25.813662, 35.810951, 36.917656>
	pigment { color rgbt <0,1,1,0> }
	no_shadow
}
cylinder {
	<25.903606, 36.412971, 36.471889>,  <25.494286, 35.790817, 36.295086>, 0.130000
	pigment { color rgbt <1,0,0,0> }
	no_shadow
}

// nucleotide -1

// particle -1
sphere {
	<25.903606, 36.412971, 36.471889> 0.250000
	pigment { color rgbt <1,0,0,0> }
	no_shadow
}
cylinder {
	<26.058413, 36.051643, 36.545895>,  <26.151297, 35.834846, 36.590298>, 0.100000
	pigment { color rgbt <1,0,0,0> }
	no_shadow
}
cylinder {
	<26.058413, 36.051643, 36.545895>,  <25.903606, 36.412971, 36.471889>, 0.100000
	pigment { color rgbt <1,0,0,0> }
	no_shadow
}

// particle -1
sphere {
	<26.058413, 36.051643, 36.545895> 0.100000
	pigment { color rgbt <1,0,0,0> }
	no_shadow
}
sphere {
	0, 1
	scale<0.080000,0.200000,0.300000>
	matrix <0.657616, 0.129755, -0.742094,
		0.646345, 0.408866, 0.644257,
		0.387013, -0.903323, 0.185011,
		26.174517, 35.780647, 36.601398>
	pigment { color rgbt <0,1,1,0> }
	no_shadow
}
cylinder {
	<26.724852, 36.377388, 36.617409>,  <25.903606, 36.412971, 36.471889>, 0.130000
	pigment { color rgbt <1,0,0,0> }
	no_shadow
}

// nucleotide -1

// particle -1
sphere {
	<26.724852, 36.377388, 36.617409> 0.250000
	pigment { color rgbt <1,0,0,0> }
	no_shadow
}
cylinder {
	<26.623814, 36.042439, 36.423504>,  <26.563190, 35.841469, 36.307159>, 0.100000
	pigment { color rgbt <1,0,0,0> }
	no_shadow
}
cylinder {
	<26.623814, 36.042439, 36.423504>,  <26.724852, 36.377388, 36.617409>, 0.100000
	pigment { color rgbt <1,0,0,0> }
	no_shadow
}

// particle -1
sphere {
	<26.623814, 36.042439, 36.423504> 0.100000
	pigment { color rgbt <1,0,0,0> }
	no_shadow
}
sphere {
	0, 1
	scale<0.080000,0.200000,0.300000>
	matrix <0.790896, 0.109925, -0.601997,
		0.557386, -0.535459, 0.634511,
		-0.252596, -0.837377, -0.484763,
		26.548035, 35.791225, 36.278076>
	pigment { color rgbt <0,1,1,0> }
	no_shadow
}
cylinder {
	<27.293749, 35.819332, 36.543789>,  <26.724852, 36.377388, 36.617409>, 0.130000
	pigment { color rgbt <1,0,0,0> }
	no_shadow
}

// nucleotide -1

// particle -1
sphere {
	<27.293749, 35.819332, 36.543789> 0.250000
	pigment { color rgbt <1,0,0,0> }
	no_shadow
}
cylinder {
	<27.014151, 35.883652, 36.265064>,  <26.846392, 35.922241, 36.097828>, 0.100000
	pigment { color rgbt <1,0,0,0> }
	no_shadow
}
cylinder {
	<27.014151, 35.883652, 36.265064>,  <27.293749, 35.819332, 36.543789>, 0.100000
	pigment { color rgbt <1,0,0,0> }
	no_shadow
}

// particle -1
sphere {
	<27.014151, 35.883652, 36.265064> 0.100000
	pigment { color rgbt <1,0,0,0> }
	no_shadow
}
sphere {
	0, 1
	scale<0.080000,0.200000,0.300000>
	matrix <0.708336, 0.021726, -0.705541,
		-0.098309, -0.986749, -0.129084,
		-0.698996, 0.160796, -0.696813,
		26.804451, 35.931892, 36.056019>
	pigment { color rgbt <0,1,1,0> }
	no_shadow
}
cylinder {
	<27.209286, 35.234306, 35.974880>,  <27.293749, 35.819332, 36.543789>, 0.130000
	pigment { color rgbt <1,0,0,0> }
	no_shadow
}

// nucleotide -1

// particle -1
sphere {
	<27.209286, 35.234306, 35.974880> 0.250000
	pigment { color rgbt <1,0,0,0> }
	no_shadow
}
cylinder {
	<27.142868, 35.621666, 35.900433>,  <27.103018, 35.854080, 35.855762>, 0.100000
	pigment { color rgbt <1,0,0,0> }
	no_shadow
}
cylinder {
	<27.142868, 35.621666, 35.900433>,  <27.209286, 35.234306, 35.974880>, 0.100000
	pigment { color rgbt <1,0,0,0> }
	no_shadow
}

// particle -1
sphere {
	<27.142868, 35.621666, 35.900433> 0.100000
	pigment { color rgbt <1,0,0,0> }
	no_shadow
}
sphere {
	0, 1
	scale<0.080000,0.200000,0.300000>
	matrix <0.737261, -0.003434, -0.675600,
		-0.654887, -0.249396, -0.713390,
		-0.166042, 0.968396, -0.186118,
		27.093056, 35.912186, 35.844597>
	pigment { color rgbt <0,1,1,0> }
	no_shadow
}
cylinder {
	<27.312944, 35.202148, 35.280365>,  <27.209286, 35.234306, 35.974880>, 0.130000
	pigment { color rgbt <1,0,0,0> }
	no_shadow
}

// nucleotide -1

// particle -1
sphere {
	<27.312944, 35.202148, 35.280365> 0.250000
	pigment { color rgbt <1,0,0,0> }
	no_shadow
}
cylinder {
	<27.382782, 35.561703, 35.441124>,  <27.424685, 35.777435, 35.537579>, 0.100000
	pigment { color rgbt <1,0,0,0> }
	no_shadow
}
cylinder {
	<27.382782, 35.561703, 35.441124>,  <27.312944, 35.202148, 35.280365>, 0.100000
	pigment { color rgbt <1,0,0,0> }
	no_shadow
}

// particle -1
sphere {
	<27.382782, 35.561703, 35.441124> 0.100000
	pigment { color rgbt <1,0,0,0> }
	no_shadow
}
sphere {
	0, 1
	scale<0.080000,0.200000,0.300000>
	matrix <0.848089, 0.070090, -0.525197,
		-0.500262, 0.432537, -0.750100,
		0.174592, 0.898888, 0.401893,
		27.435160, 35.831367, 35.561691>
	pigment { color rgbt <0,1,1,0> }
	no_shadow
}
cylinder {
	<27.439329, 35.712944, 34.668381>,  <27.312944, 35.202148, 35.280365>, 0.130000
	pigment { color rgbt <1,0,0,0> }
	no_shadow
}

// nucleotide -1

// particle -1
sphere {
	<27.439329, 35.712944, 34.668381> 0.250000
	pigment { color rgbt <1,0,0,0> }
	no_shadow
}
cylinder {
	<27.605692, 35.803570, 35.020676>,  <27.705509, 35.857944, 35.232052>, 0.100000
	pigment { color rgbt <1,0,0,0> }
	no_shadow
}
cylinder {
	<27.605692, 35.803570, 35.020676>,  <27.439329, 35.712944, 34.668381>, 0.100000
	pigment { color rgbt <1,0,0,0> }
	no_shadow
}

// particle -1
sphere {
	<27.605692, 35.803570, 35.020676> 0.100000
	pigment { color rgbt <1,0,0,0> }
	no_shadow
}
sphere {
	0, 1
	scale<0.080000,0.200000,0.300000>
	matrix <0.880125, 0.143505, -0.452533,
		-0.228916, 0.963367, -0.139718,
		0.415905, 0.226561, 0.880734,
		27.730463, 35.871536, 35.284897>
	pigment { color rgbt <0,1,1,0> }
	no_shadow
}
cylinder {
	<27.886990, 36.373398, 34.586933>,  <27.439329, 35.712944, 34.668381>, 0.130000
	pigment { color rgbt <1,0,0,0> }
	no_shadow
}

// nucleotide -1

// particle -1
sphere {
	<27.886990, 36.373398, 34.586933> 0.250000
	pigment { color rgbt <1,0,0,0> }
	no_shadow
}
cylinder {
	<28.002758, 36.104630, 34.859627>,  <28.072220, 35.943367, 35.023243>, 0.100000
	pigment { color rgbt <1,0,0,0> }
	no_shadow
}
cylinder {
	<28.002758, 36.104630, 34.859627>,  <27.886990, 36.373398, 34.586933>, 0.100000
	pigment { color rgbt <1,0,0,0> }
	no_shadow
}

// particle -1
sphere {
	<28.002758, 36.104630, 34.859627> 0.100000
	pigment { color rgbt <1,0,0,0> }
	no_shadow
}
sphere {
	0, 1
	scale<0.080000,0.200000,0.300000>
	matrix <0.915656, -0.013202, -0.401745,
		0.278941, 0.740504, 0.611429,
		0.289422, -0.671922, 0.681730,
		28.089584, 35.903053, 35.064144>
	pigment { color rgbt <0,1,1,0> }
	no_shadow
}
cylinder {
	<28.434824, 36.459812, 35.139305>,  <27.886990, 36.373398, 34.586933>, 0.130000
	pigment { color rgbt <1,0,0,0> }
	no_shadow
}

// nucleotide -1

// particle -1
sphere {
	<28.434824, 36.459812, 35.139305> 0.250000
	pigment { color rgbt <1,0,0,0> }
	no_shadow
}
cylinder {
	<28.427469, 36.087166, 34.994110>,  <28.423056, 35.863579, 34.906994>, 0.100000
	pigment { color rgbt <1,0,0,0> }
	no_shadow
}
cylinder {
	<28.427469, 36.087166, 34.994110>,  <28.434824, 36.459812, 35.139305>, 0.100000
	pigment { color rgbt <1,0,0,0> }
	no_shadow
}

// particle -1
sphere {
	<28.427469, 36.087166, 34.994110> 0.100000
	pigment { color rgbt <1,0,0,0> }
	no_shadow
}
sphere {
	0, 1
	scale<0.080000,0.200000,0.300000>
	matrix <0.977110, 0.060214, -0.204036,
		0.211939, -0.358426, 0.909182,
		-0.018387, -0.931614, -0.362983,
		28.421953, 35.807682, 34.885216>
	pigment { color rgbt <0,1,1,0> }
	no_shadow
}
cylinder {
	<29.123259, 36.173599, 35.428230>,  <28.434824, 36.459812, 35.139305>, 0.130000
	pigment { color rgbt <1,0,0,0> }
	no_shadow
}

// nucleotide -1

// particle -1
sphere {
	<29.123259, 36.173599, 35.428230> 0.250000
	pigment { color rgbt <1,0,0,0> }
	no_shadow
}
cylinder {
	<28.990475, 36.002579, 35.091896>,  <28.910805, 35.899967, 34.890095>, 0.100000
	pigment { color rgbt <1,0,0,0> }
	no_shadow
}
cylinder {
	<28.990475, 36.002579, 35.091896>,  <29.123259, 36.173599, 35.428230>, 0.100000
	pigment { color rgbt <1,0,0,0> }
	no_shadow
}

// particle -1
sphere {
	<28.990475, 36.002579, 35.091896> 0.100000
	pigment { color rgbt <1,0,0,0> }
	no_shadow
}
sphere {
	0, 1
	scale<0.080000,0.200000,0.300000>
	matrix <0.931398, -0.007451, -0.363927,
		0.149332, -0.903961, 0.400692,
		-0.331962, -0.427549, -0.840835,
		28.890886, 35.874313, 34.839645>
	pigment { color rgbt <0,1,1,0> }
	no_shadow
}
cylinder {
	<29.609442, 35.638546, 35.265869>,  <29.123259, 36.173599, 35.428230>, 0.130000
	pigment { color rgbt <1,0,0,0> }
	no_shadow
}

// nucleotide -1

// particle -1
sphere {
	<29.609442, 35.638546, 35.265869> 0.250000
	pigment { color rgbt <1,0,0,0> }
	no_shadow
}
cylinder {
	<29.441124, 35.716534, 34.911488>,  <29.340134, 35.763329, 34.698860>, 0.100000
	pigment { color rgbt <1,0,0,0> }
	no_shadow
}
cylinder {
	<29.441124, 35.716534, 34.911488>,  <29.609442, 35.638546, 35.265869>, 0.100000
	pigment { color rgbt <1,0,0,0> }
	no_shadow
}

// particle -1
sphere {
	<29.441124, 35.716534, 34.911488> 0.100000
	pigment { color rgbt <1,0,0,0> }
	no_shadow
}
sphere {
	0, 1
	scale<0.080000,0.200000,0.300000>
	matrix <0.904518, 0.015767, -0.426144,
		-0.069116, -0.980682, -0.182990,
		-0.420797, 0.194971, -0.885955,
		29.314884, 35.775024, 34.645702>
	pigment { color rgbt <0,1,1,0> }
	no_shadow
}
cylinder {
	<30.055956, 35.214790, 34.873669>,  <29.609442, 35.638546, 35.265869>, 0.130000
	pigment { color rgbt <1,0,0,0> }
	no_shadow
}

// nucleotide -1

// particle -1
sphere {
	<30.055956, 35.214790, 34.873669> 0.250000
	pigment { color rgbt <1,0,0,0> }
	no_shadow
}
cylinder {
	<29.866573, 35.458225, 34.618965>,  <29.752943, 35.604286, 34.466145>, 0.100000
	pigment { color rgbt <1,0,0,0> }
	no_shadow
}
cylinder {
	<29.866573, 35.458225, 34.618965>,  <30.055956, 35.214790, 34.873669>, 0.100000
	pigment { color rgbt <1,0,0,0> }
	no_shadow
}

// particle -1
sphere {
	<29.866573, 35.458225, 34.618965> 0.100000
	pigment { color rgbt <1,0,0,0> }
	no_shadow
}
sphere {
	0, 1
	scale<0.080000,0.200000,0.300000>
	matrix <0.810410, 0.017768, -0.585594,
		-0.345069, -0.793291, -0.501615,
		-0.473458, 0.608584, -0.636760,
		29.724535, 35.640800, 34.427937>
	pigment { color rgbt <0,1,1,0> }
	no_shadow
}
cylinder {
	<30.401285, 35.076950, 34.357517>,  <30.055956, 35.214790, 34.873669>, 0.130000
	pigment { color rgbt <1,0,0,0> }
	no_shadow
}

// nucleotide -1

// particle -1
sphere {
	<30.401285, 35.076950, 34.357517> 0.250000
	pigment { color rgbt <1,0,0,0> }
	no_shadow
}
cylinder {
	<30.246500, 35.433193, 34.261955>,  <30.153629, 35.646938, 34.204620>, 0.100000
	pigment { color rgbt <1,0,0,0> }
	no_shadow
}
cylinder {
	<30.246500, 35.433193, 34.261955>,  <30.401285, 35.076950, 34.357517>, 0.100000
	pigment { color rgbt <1,0,0,0> }
	no_shadow
}

// particle -1
sphere {
	<30.246500, 35.433193, 34.261955> 0.100000
	pigment { color rgbt <1,0,0,0> }
	no_shadow
}
sphere {
	0, 1
	scale<0.080000,0.200000,0.300000>
	matrix <0.773227, 0.172256, -0.610285,
		-0.502373, -0.420884, -0.755300,
		-0.386964, 0.890609, -0.238901,
		30.130411, 35.700375, 34.190285>
	pigment { color rgbt <0,1,1,0> }
	no_shadow
}
cylinder {
	<30.842508, 35.631657, 34.035080>,  <30.401285, 35.076950, 34.357517>, 0.130000
	pigment { color rgbt <1,0,0,0> }
	no_shadow
}

// nucleotide -1

// particle -1
sphere {
	<30.842508, 35.631657, 34.035080> 0.250000
	pigment { color rgbt <1,0,0,0> }
	no_shadow
}
cylinder {
	<30.637371, 35.691917, 33.697018>,  <30.514288, 35.728073, 33.494179>, 0.100000
	pigment { color rgbt <1,0,0,0> }
	no_shadow
}
cylinder {
	<30.637371, 35.691917, 33.697018>,  <30.842508, 35.631657, 34.035080>, 0.100000
	pigment { color rgbt <1,0,0,0> }
	no_shadow
}

// particle -1
sphere {
	<30.637371, 35.691917, 33.697018> 0.100000
	pigment { color rgbt <1,0,0,0> }
	no_shadow
}
sphere {
	0, 1
	scale<0.080000,0.200000,0.300000>
	matrix <-0.787961, 0.308157, 0.533064,
		0.340748, 0.939331, -0.039330,
		-0.512844, 0.150650, -0.845160,
		30.483519, 35.737114, 33.443470>
	pigment { color rgbt <0,1,1,0> }
	no_shadow
}
cylinder {
	<30.648607, 36.366047, 33.994892>,  <30.842508, 35.631657, 34.035080>, 0.130000
	pigment { color rgbt <1,0,0,0> }
	no_shadow
}

// nucleotide -1

// particle -1
sphere {
	<30.648607, 36.366047, 33.994892> 0.250000
	pigment { color rgbt <1,0,0,0> }
	no_shadow
}
cylinder {
	<30.417223, 36.115566, 33.785797>,  <30.278393, 35.965279, 33.660339>, 0.100000
	pigment { color rgbt <1,0,0,0> }
	no_shadow
}
cylinder {
	<30.417223, 36.115566, 33.785797>,  <30.648607, 36.366047, 33.994892>, 0.100000
	pigment { color rgbt <1,0,0,0> }
	no_shadow
}

// particle -1
sphere {
	<30.417223, 36.115566, 33.785797> 0.100000
	pigment { color rgbt <1,0,0,0> }
	no_shadow
}
sphere {
	0, 1
	scale<0.080000,0.200000,0.300000>
	matrix <-0.787314, 0.261008, 0.558580,
		-0.213347, 0.734673, -0.644002,
		-0.578463, -0.626203, -0.522734,
		30.243685, 35.927704, 33.628979>
	pigment { color rgbt <0,1,1,0> }
	no_shadow
}
cylinder {
	<29.975267, 36.688072, 33.891392>,  <30.648607, 36.366047, 33.994892>, 0.130000
	pigment { color rgbt <1,0,0,0> }
	no_shadow
}

// nucleotide -1

// particle -1
sphere {
	<29.975267, 36.688072, 33.891392> 0.250000
	pigment { color rgbt <1,0,0,0> }
	no_shadow
}
cylinder {
	<29.907471, 36.294228, 33.874397>,  <29.866793, 36.057919, 33.864201>, 0.100000
	pigment { color rgbt <1,0,0,0> }
	no_shadow
}
cylinder {
	<29.907471, 36.294228, 33.874397>,  <29.975267, 36.688072, 33.891392>, 0.100000
	pigment { color rgbt <1,0,0,0> }
	no_shadow
}

// particle -1
sphere {
	<29.907471, 36.294228, 33.874397> 0.100000
	pigment { color rgbt <1,0,0,0> }
	no_shadow
}
sphere {
	0, 1
	scale<0.080000,0.200000,0.300000>
	matrix <-0.924996, 0.144059, 0.351611,
