// switches for output
#declare DRAW_BASES = 1; // possible values are 0, 1; only relevant for DNA ribbons
#declare DRAW_BASES_TYPE = 3; // possible values are 1, 2, 3; only relevant for DNA ribbons
#declare DRAW_FOG = 0; // set to 1 to enable fog

#include "colors.inc"

#include "transforms.inc"
background { rgb <1, 1, 1>}

#default {
   normal{
       ripples 0.25
       frequency 0.20
       turbulence 0.2
       lambda 5
   }
	finish {
		phong 0.1
		phong_size 40.
	}
}

// original window dimensions: 1024x640


// camera settings

camera {
	sky <0, 0.179814, -0.983701>
	up <0, 0.179814, -0.983701>
	right 1.6 * <1, 0, 0>
	location <35, 94.9851, 44.8844>
	look_at <35, 29.7336, 32.9568>
	direction <0, -65.2515, -11.9276>
	angle 67.0682
}


# declare cpy_camera_pos = <35, 94.9851, 44.8844>;
# if (DRAW_FOG = 1)
fog {
	fog_type 2
	up vnormalize(cpy_camera_pos)
	color rgbt<1,1,1,0.3>
	distance 1e-5
	fog_alt 3e-3
	fog_offset 56
}
# end


// LIGHTS

# declare lum = 6;
global_settings {
	ambient_light rgb lum * <0.05, 0.05, 0.05>
	max_trace_level 15
}# declare cpy_direct_light_amount = 0.25;
light_source
{	1000 * <-1, -1.16352, -0.803886>,
	rgb lum * cpy_direct_light_amount
	parallel
}

light_source
{	1000 * <1, 1.16352, 0.803886>,
	rgb lum * cpy_direct_light_amount
	parallel
}

// strand 0

// nucleotide -1

// particle -1
sphere {
	<24.614859, 35.151756, 34.836185> 0.250000
	pigment { color rgbt <1,0,0,0> }
	no_shadow
}
cylinder {
	<24.522038, 34.885544, 35.119938>,  <24.466345, 34.725819, 35.290188>, 0.100000
	pigment { color rgbt <1,0,0,0> }
	no_shadow
}
cylinder {
	<24.522038, 34.885544, 35.119938>,  <24.614859, 35.151756, 34.836185>, 0.100000
	pigment { color rgbt <1,0,0,0> }
	no_shadow
}

// particle -1
sphere {
	<24.522038, 34.885544, 35.119938> 0.100000
	pigment { color rgbt <1,0,0,0> }
	no_shadow
}
sphere {
	0, 1
	scale<0.080000,0.200000,0.300000>
	matrix <0.970839, -0.203601, 0.126563,
		0.060199, 0.718065, 0.693367,
		-0.232051, -0.665529, 0.709382,
		24.452423, 34.685886, 35.332752>
	pigment { color rgbt <0,1,1,0> }
	no_shadow
}
cylinder {
	<24.935513, 35.291412, 35.509827>,  <24.614859, 35.151756, 34.836185>, 0.130000
	pigment { color rgbt <1,0,0,0> }
	no_shadow
}

// nucleotide -1

// particle -1
sphere {
	<24.935513, 35.291412, 35.509827> 0.250000
	pigment { color rgbt <1,0,0,0> }
	no_shadow
}
cylinder {
	<24.876904, 34.913975, 35.391060>,  <24.841738, 34.687511, 35.319801>, 0.100000
	pigment { color rgbt <1,0,0,0> }
	no_shadow
}
cylinder {
	<24.876904, 34.913975, 35.391060>,  <24.935513, 35.291412, 35.509827>, 0.100000
	pigment { color rgbt <1,0,0,0> }
	no_shadow
}

// particle -1
sphere {
	<24.876904, 34.913975, 35.391060> 0.100000
	pigment { color rgbt <1,0,0,0> }
	no_shadow
}
sphere {
	0, 1
	scale<0.080000,0.200000,0.300000>
	matrix <0.984158, -0.169343, 0.052504,
		-0.099823, -0.284519, 0.953459,
		-0.146523, -0.943595, -0.296916,
		24.832947, 34.630898, 35.301987>
	pigment { color rgbt <0,1,1,0> }
	no_shadow
}
cylinder {
	<25.533943, 35.637730, 35.704788>,  <24.935513, 35.291412, 35.509827>, 0.130000
	pigment { color rgbt <1,0,0,0> }
	no_shadow
}

// nucleotide -1

// particle -1
sphere {
	<25.533943, 35.637730, 35.704788> 0.250000
	pigment { color rgbt <1,0,0,0> }
	no_shadow
}
cylinder {
	<25.851864, 35.395039, 35.709915>,  <26.042616, 35.249424, 35.712994>, 0.100000
	pigment { color rgbt <1,0,0,0> }
	no_shadow
}
cylinder {
	<25.851864, 35.395039, 35.709915>,  <25.533943, 35.637730, 35.704788>, 0.100000
	pigment { color rgbt <1,0,0,0> }
	no_shadow
}

// particle -1
sphere {
	<25.851864, 35.395039, 35.709915> 0.100000
	pigment { color rgbt <1,0,0,0> }
	no_shadow
}
sphere {
	0, 1
	scale<0.080000,0.200000,0.300000>
	matrix <-0.343334, -0.466979, -0.814894,
		0.500410, 0.643278, -0.579468,
		0.794803, -0.606732, 0.012821,
		26.090305, 35.213020, 35.713760>
	pigment { color rgbt <0,1,1,0> }
	no_shadow
}
cylinder {
	<25.775782, 35.759087, 35.003891>,  <25.533943, 35.637730, 35.704788>, 0.130000
	pigment { color rgbt <1,0,0,0> }
	no_shadow
}

// nucleotide -1

// particle -1
sphere {
	<25.775782, 35.759087, 35.003891> 0.250000
	pigment { color rgbt <1,0,0,0> }
	no_shadow
}
cylinder {
	<25.949249, 35.422195, 35.132004>,  <26.053329, 35.220062, 35.208874>, 0.100000
	pigment { color rgbt <1,0,0,0> }
	no_shadow
}
cylinder {
	<25.949249, 35.422195, 35.132004>,  <25.775782, 35.759087, 35.003891>, 0.100000
	pigment { color rgbt <1,0,0,0> }
	no_shadow
}

// particle -1
sphere {
	<25.949249, 35.422195, 35.132004> 0.100000
	pigment { color rgbt <1,0,0,0> }
	no_shadow
}
sphere {
	0, 1
	scale<0.080000,0.200000,0.300000>
	matrix <-0.078773, -0.389524, -0.917642,
		0.897622, 0.372723, -0.235270,
		0.433669, -0.842228, 0.320284,
		26.079350, 35.169525, 35.228088>
	pigment { color rgbt <0,1,1,0> }
	no_shadow
}
cylinder {
	<26.282801, 35.589394, 34.455612>,  <25.775782, 35.759087, 35.003891>, 0.130000
	pigment { color rgbt <1,0,0,0> }
	no_shadow
}

// nucleotide -1

// particle -1
sphere {
	<26.282801, 35.589394, 34.455612> 0.250000
	pigment { color rgbt <1,0,0,0> }
	no_shadow
}
cylinder {
	<26.208576, 35.252811, 34.658600>,  <26.164042, 35.050861, 34.780392>, 0.100000
	pigment { color rgbt <1,0,0,0> }
	no_shadow
}
cylinder {
	<26.208576, 35.252811, 34.658600>,  <26.282801, 35.589394, 34.455612>, 0.100000
	pigment { color rgbt <1,0,0,0> }
	no_shadow
}

// particle -1
sphere {
	<26.208576, 35.252811, 34.658600> 0.100000
	pigment { color rgbt <1,0,0,0> }
	no_shadow
}
sphere {
	0, 1
	scale<0.080000,0.200000,0.300000>
	matrix <0.116891, -0.531673, -0.838845,
		0.975655, -0.096339, 0.197016,
		-0.185562, -0.841453, 0.507469,
		26.152908, 35.000374, 34.810841>
	pigment { color rgbt <0,1,1,0> }
	no_shadow
}
cylinder {
	<26.823065, 35.056576, 34.275013>,  <26.282801, 35.589394, 34.455612>, 0.130000
	pigment { color rgbt <1,0,0,0> }
	no_shadow
}

// nucleotide -1

// particle -1
sphere {
	<26.823065, 35.056576, 34.275013> 0.250000
	pigment { color rgbt <1,0,0,0> }
	no_shadow
}
cylinder {
	<26.487514, 34.851353, 34.347748>,  <26.286184, 34.728218, 34.391388>, 0.100000
	pigment { color rgbt <1,0,0,0> }
	no_shadow
}
cylinder {
	<26.487514, 34.851353, 34.347748>,  <26.823065, 35.056576, 34.275013>, 0.100000
	pigment { color rgbt <1,0,0,0> }
	no_shadow
}

// particle -1
sphere {
	<26.487514, 34.851353, 34.347748> 0.100000
	pigment { color rgbt <1,0,0,0> }
	no_shadow
}
sphere {
	0, 1
	scale<0.080000,0.200000,0.300000>
	matrix <0.237126, -0.645139, -0.726338,
		0.489961, -0.566188, 0.662849,
		-0.838874, -0.513056, 0.181835,
		26.235853, 34.697437, 34.402298>
	pigment { color rgbt <0,1,1,0> }
	no_shadow
}
cylinder {
	<27.019180, 34.323238, 34.167747>,  <26.823065, 35.056576, 34.275013>, 0.130000
	pigment { color rgbt <1,0,0,0> }
	no_shadow
}

// nucleotide -1

// particle -1
sphere {
	<27.019180, 34.323238, 34.167747> 0.250000
	pigment { color rgbt <1,0,0,0> }
	no_shadow
}
cylinder {
	<26.629789, 34.365414, 34.086533>,  <26.396154, 34.390717, 34.037804>, 0.100000
	pigment { color rgbt <1,0,0,0> }
	no_shadow
}
cylinder {
	<26.629789, 34.365414, 34.086533>,  <27.019180, 34.323238, 34.167747>, 0.100000
	pigment { color rgbt <1,0,0,0> }
	no_shadow
}

// particle -1
sphere {
	<26.629789, 34.365414, 34.086533> 0.100000
	pigment { color rgbt <1,0,0,0> }
	no_shadow
}
sphere {
	0, 1
	scale<0.080000,0.200000,0.300000>
	matrix <0.082628, -0.665542, -0.741772,
		-0.213340, -0.738875, 0.639178,
		-0.973477, 0.105436, -0.203038,
		26.337746, 34.397045, 34.025620>
	pigment { color rgbt <0,1,1,0> }
	no_shadow
}
cylinder {
	<26.492443, 33.710857, 34.096329>,  <27.019180, 34.323238, 34.167747>, 0.130000
	pigment { color rgbt <1,0,0,0> }
	no_shadow
}

// nucleotide -1

// particle -1
sphere {
	<26.492443, 33.710857, 34.096329> 0.250000
	pigment { color rgbt <1,0,0,0> }
	no_shadow
}
cylinder {
	<26.429169, 34.020527, 33.851173>,  <26.391205, 34.206329, 33.704082>, 0.100000
	pigment { color rgbt <1,0,0,0> }
	no_shadow
}
cylinder {
	<26.429169, 34.020527, 33.851173>,  <26.492443, 33.710857, 34.096329>, 0.100000
	pigment { color rgbt <1,0,0,0> }
	no_shadow
}

// particle -1
sphere {
	<26.429169, 34.020527, 33.851173> 0.100000
	pigment { color rgbt <1,0,0,0> }
	no_shadow
}
sphere {
	0, 1
	scale<0.080000,0.200000,0.300000>
	matrix <0.061036, -0.611848, -0.788617,
		-0.985521, -0.162155, 0.049532,
		-0.158184, 0.774176, -0.612886,
		26.381714, 34.252781, 33.667309>
	pigment { color rgbt <0,1,1,0> }
	no_shadow
}
cylinder {
	<26.092831, 33.393131, 33.451088>,  <26.492443, 33.710857, 34.096329>, 0.130000
	pigment { color rgbt <1,0,0,0> }
	no_shadow
}

// nucleotide -1

// particle -1
sphere {
	<26.092831, 33.393131, 33.451088> 0.250000
	pigment { color rgbt <1,0,0,0> }
	no_shadow
}
cylinder {
	<26.204916, 33.758602, 33.333324>,  <26.272167, 33.977886, 33.262669>, 0.100000
	pigment { color rgbt <1,0,0,0> }
	no_shadow
}
cylinder {
	<26.204916, 33.758602, 33.333324>,  <26.092831, 33.393131, 33.451088>, 0.100000
	pigment { color rgbt <1,0,0,0> }
	no_shadow
}

// particle -1
sphere {
	<26.204916, 33.758602, 33.333324> 0.100000
	pigment { color rgbt <1,0,0,0> }
	no_shadow
}
sphere {
	0, 1
	scale<0.080000,0.200000,0.300000>
	matrix <0.138926, -0.342062, -0.929351,
		-0.949831, 0.219517, -0.222785,
		0.280214, 0.913677, -0.294405,
		26.288980, 34.032703, 33.245003>
	pigment { color rgbt <0,1,1,0> }
	no_shadow
}
cylinder {
	<25.627291, 33.680222, 32.852913>,  <26.092831, 33.393131, 33.451088>, 0.130000
	pigment { color rgbt <1,0,0,0> }
	no_shadow
}

// nucleotide -1

// particle -1
sphere {
	<25.627291, 33.680222, 32.852913> 0.250000
	pigment { color rgbt <1,0,0,0> }
	no_shadow
}
cylinder {
	<25.977999, 33.872532, 32.848438>,  <26.188423, 33.987919, 32.845753>, 0.100000
	pigment { color rgbt <1,0,0,0> }
	no_shadow
}
cylinder {
	<25.977999, 33.872532, 32.848438>,  <25.627291, 33.680222, 32.852913>, 0.100000
	pigment { color rgbt <1,0,0,0> }
	no_shadow
}

// particle -1
sphere {
	<25.977999, 33.872532, 32.848438> 0.100000
	pigment { color rgbt <1,0,0,0> }
	no_shadow
}
sphere {
	0, 1
	scale<0.080000,0.200000,0.300000>
	matrix <0.062202, -0.136444, -0.988693,
		-0.476868, 0.866162, -0.149535,
		0.876771, 0.480777, -0.011189,
		26.241030, 34.016766, 32.845081>
	pigment { color rgbt <0,1,1,0> }
	no_shadow
}
cylinder {
	<25.709707, 33.982853, 32.164501>,  <25.627291, 33.680222, 32.852913>, 0.130000
	pigment { color rgbt <1,0,0,0> }
	no_shadow
}

// nucleotide -1

// particle -1
sphere {
	<25.709707, 33.982853, 32.164501> 0.250000
	pigment { color rgbt <1,0,0,0> }
	no_shadow
}
cylinder {
	<26.085890, 33.985409, 32.300442>,  <26.311600, 33.986942, 32.382008>, 0.100000
	pigment { color rgbt <1,0,0,0> }
	no_shadow
}
cylinder {
	<26.085890, 33.985409, 32.300442>,  <25.709707, 33.982853, 32.164501>, 0.100000
	pigment { color rgbt <1,0,0,0> }
	no_shadow
}

// particle -1
sphere {
	<26.085890, 33.985409, 32.300442> 0.100000
	pigment { color rgbt <1,0,0,0> }
	no_shadow
}
sphere {
	0, 1
	scale<0.080000,0.200000,0.300000>
	matrix <0.322495, -0.332754, -0.886156,
		0.107424, 0.942992, -0.315002,
		0.940456, 0.006392, 0.339855,
		26.368027, 33.987328, 32.402397>
	pigment { color rgbt <0,1,1,0> }
	no_shadow
}
cylinder {
	<26.135792, 34.373962, 31.771486>,  <25.709707, 33.982853, 32.164501>, 0.130000
	pigment { color rgbt <1,0,0,0> }
	no_shadow
}

// nucleotide -1

// particle -1
sphere {
	<26.135792, 34.373962, 31.771486> 0.250000
	pigment { color rgbt <1,0,0,0> }
	no_shadow
}
cylinder {
	<26.359062, 34.081505, 31.928389>,  <26.493025, 33.906029, 32.022530>, 0.100000
	pigment { color rgbt <1,0,0,0> }
	no_shadow
}
cylinder {
	<26.359062, 34.081505, 31.928389>,  <26.135792, 34.373962, 31.771486>, 0.100000
	pigment { color rgbt <1,0,0,0> }
	no_shadow
}

// particle -1
sphere {
	<26.359062, 34.081505, 31.928389> 0.100000
	pigment { color rgbt <1,0,0,0> }
	no_shadow
}
sphere {
	0, 1
	scale<0.080000,0.200000,0.300000>
	matrix <0.154170, -0.373128, -0.914881,
		0.815275, 0.571137, -0.095550,
		0.558175, -0.731148, 0.392254,
		26.526514, 33.862160, 32.046066>
	pigment { color rgbt <0,1,1,0> }
	no_shadow
}
cylinder {
	<26.877836, 34.257938, 31.387939>,  <26.135792, 34.373962, 31.771486>, 0.130000
	pigment { color rgbt <1,0,0,0> }
	no_shadow
}

// nucleotide -1

// particle -1
sphere {
	<26.877836, 34.257938, 31.387939> 0.250000
	pigment { color rgbt <1,0,0,0> }
	no_shadow
}
cylinder {
	<26.714148, 33.929638, 31.547392>,  <26.615934, 33.732658, 31.643063>, 0.100000
	pigment { color rgbt <1,0,0,0> }
	no_shadow
}
cylinder {
	<26.714148, 33.929638, 31.547392>,  <26.877836, 34.257938, 31.387939>, 0.100000
	pigment { color rgbt <1,0,0,0> }
	no_shadow
}

// particle -1
sphere {
	<26.714148, 33.929638, 31.547392> 0.100000
	pigment { color rgbt <1,0,0,0> }
	no_shadow
}
sphere {
	0, 1
	scale<0.080000,0.200000,0.300000>
	matrix <0.074016, -0.465307, -0.882050,
		0.909429, -0.331447, 0.251161,
		-0.409220, -0.820751, 0.398631,
		26.591381, 33.683414, 31.666981>
	pigment { color rgbt <0,1,1,0> }
	no_shadow
}
cylinder {
	<27.379408, 33.590515, 31.699282>,  <26.877836, 34.257938, 31.387939>, 0.130000
	pigment { color rgbt <1,0,0,0> }
	no_shadow
}

// nucleotide -1

// particle -1
sphere {
	<27.379408, 33.590515, 31.699282> 0.250000
	pigment { color rgbt <1,0,0,0> }
	no_shadow
}
cylinder {
	<27.024893, 33.487335, 31.545420>,  <26.812183, 33.425426, 31.453102>, 0.100000
	pigment { color rgbt <1,0,0,0> }
	no_shadow
}
cylinder {
	<27.024893, 33.487335, 31.545420>,  <27.379408, 33.590515, 31.699282>, 0.100000
	pigment { color rgbt <1,0,0,0> }
	no_shadow
}

// particle -1
sphere {
	<27.024893, 33.487335, 31.545420> 0.100000
	pigment { color rgbt <1,0,0,0> }
	no_shadow
}
sphere {
	0, 1
	scale<0.080000,0.200000,0.300000>
	matrix <0.458709, -0.374321, -0.805897,
		0.063894, -0.890700, 0.450078,
		-0.886286, -0.257946, -0.384655,
		26.759007, 33.409950, 31.430023>
	pigment { color rgbt <0,1,1,0> }
	no_shadow
}
cylinder {
	<27.902809, 33.455490, 32.194340>,  <27.379408, 33.590515, 31.699282>, 0.130000
	pigment { color rgbt <1,0,0,0> }
	no_shadow
}

// nucleotide -1

// particle -1
sphere {
	<27.902809, 33.455490, 32.194340> 0.250000
	pigment { color rgbt <1,0,0,0> }
	no_shadow
}
cylinder {
	<27.769651, 33.130096, 32.385094>,  <27.689756, 32.934860, 32.499546>, 0.100000
	pigment { color rgbt <1,0,0,0> }
	no_shadow
}
cylinder {
	<27.769651, 33.130096, 32.385094>,  <27.902809, 33.455490, 32.194340>, 0.100000
	pigment { color rgbt <1,0,0,0> }
	no_shadow
}

// particle -1
sphere {
	<27.769651, 33.130096, 32.385094> 0.100000
	pigment { color rgbt <1,0,0,0> }
	no_shadow
}
sphere {
	0, 1
	scale<0.080000,0.200000,0.300000>
	matrix <0.171803, 0.444939, 0.878927,
		-0.927180, 0.374522, -0.008359,
		-0.332897, -0.813488, 0.476883,
		27.669783, 32.886051, 32.528160>
	pigment { color rgbt <0,1,1,0> }
	no_shadow
}
cylinder {
	<27.254864, 33.375004, 32.629501>,  <27.902809, 33.455490, 32.194340>, 0.130000
	pigment { color rgbt <1,0,0,0> }
	no_shadow
}

// nucleotide -1

// particle -1
sphere {
	<27.254864, 33.375004, 32.629501> 0.250000
	pigment { color rgbt <1,0,0,0> }
	no_shadow
}
cylinder {
	<27.119949, 33.657139, 32.380104>,  <27.039001, 33.826420, 32.230465>, 0.100000
	pigment { color rgbt <1,0,0,0> }
	no_shadow
}
cylinder {
	<27.119949, 33.657139, 32.380104>,  <27.254864, 33.375004, 32.629501>, 0.100000
	pigment { color rgbt <1,0,0,0> }
	no_shadow
}

// particle -1
sphere {
	<27.119949, 33.657139, 32.380104> 0.100000
	pigment { color rgbt <1,0,0,0> }
	no_shadow
}
sphere {
	0, 1
	scale<0.080000,0.200000,0.300000>
	matrix <-0.261657, 0.565966, 0.781804,
		0.904308, 0.426833, -0.006338,
		-0.337287, 0.705334, -0.623492,
		27.018763, 33.868740, 32.193058>
	pigment { color rgbt <0,1,1,0> }
	no_shadow
}
cylinder {
	<27.578556, 34.113792, 32.786278>,  <27.254864, 33.375004, 32.629501>, 0.130000
	pigment { color rgbt <1,0,0,0> }
	no_shadow
}

// nucleotide -1

// particle -1
sphere {
	<27.578556, 34.113792, 32.786278> 0.250000
	pigment { color rgbt <1,0,0,0> }
	no_shadow
}
cylinder {
	<27.196798, 34.100262, 32.667625>,  <26.967743, 34.092144, 32.596436>, 0.100000
	pigment { color rgbt <1,0,0,0> }
	no_shadow
}
cylinder {
	<27.196798, 34.100262, 32.667625>,  <27.578556, 34.113792, 32.786278>, 0.100000
	pigment { color rgbt <1,0,0,0> }
	no_shadow
}

// particle -1
sphere {
	<27.196798, 34.100262, 32.667625> 0.100000
	pigment { color rgbt <1,0,0,0> }
	no_shadow
}
sphere {
	0, 1
	scale<0.080000,0.200000,0.300000>
	matrix <-0.271690, 0.510285, 0.815962,
		0.123762, 0.859340, -0.496204,
		-0.954394, -0.033829, -0.296628,
		26.910480, 34.090115, 32.578636>
	pigment { color rgbt <0,1,1,0> }
	no_shadow
}
cylinder {
	<27.293156, 34.816059, 32.739048>,  <27.578556, 34.113792, 32.786278>, 0.130000
	pigment { color rgbt <1,0,0,0> }
	no_shadow
}

// nucleotide -1

// particle -1
sphere {
	<27.293156, 34.816059, 32.739048> 0.250000
	pigment { color rgbt <1,0,0,0> }
	no_shadow
}
cylinder {
	<26.972832, 34.578133, 32.767052>,  <26.780638, 34.435379, 32.783855>, 0.100000
	pigment { color rgbt <1,0,0,0> }
	no_shadow
}
cylinder {
	<26.972832, 34.578133, 32.767052>,  <27.293156, 34.816059, 32.739048>, 0.100000
	pigment { color rgbt <1,0,0,0> }
	no_shadow
}

// particle -1
sphere {
	<26.972832, 34.578133, 32.767052> 0.100000
	pigment { color rgbt <1,0,0,0> }
	no_shadow
}
sphere {
	0, 1
	scale<0.080000,0.200000,0.300000>
	matrix <-0.332715, 0.539019, 0.773795,
		-0.498000, 0.596369, -0.629555,
		-0.800810, -0.594813, 0.070011,
		26.732590, 34.399689, 32.788055>
	pigment { color rgbt <0,1,1,0> }
	no_shadow
}
cylinder {
	<26.784473, 35.257809, 33.012741>,  <27.293156, 34.816059, 32.739048>, 0.130000
	pigment { color rgbt <1,0,0,0> }
	no_shadow
}

// nucleotide -1

// particle -1
sphere {
	<26.784473, 35.257809, 33.012741> 0.250000
	pigment { color rgbt <1,0,0,0> }
	no_shadow
}
cylinder {
	<26.616579, 34.896740, 33.050690>,  <26.515842, 34.680099, 33.073460>, 0.100000
	pigment { color rgbt <1,0,0,0> }
	no_shadow
}
cylinder {
	<26.616579, 34.896740, 33.050690>,  <26.784473, 35.257809, 33.012741>, 0.100000
	pigment { color rgbt <1,0,0,0> }
	no_shadow
}

// particle -1
sphere {
	<26.616579, 34.896740, 33.050690> 0.100000
	pigment { color rgbt <1,0,0,0> }
	no_shadow
}
sphere {
	0, 1
	scale<0.080000,0.200000,0.300000>
	matrix <-0.457123, 0.300540, 0.837087,
		-0.784131, 0.307985, -0.538781,
		-0.419735, -0.902674, 0.094876,
		26.490658, 34.625938, 33.079151>
	pigment { color rgbt <0,1,1,0> }
	no_shadow
}
cylinder {
	<26.022152, 35.267418, 32.997490>,  <26.784473, 35.257809, 33.012741>, 0.130000
	pigment { color rgbt <1,0,0,0> }
	no_shadow
}

// nucleotide -1

// particle -1
sphere {
	<26.022152, 35.267418, 32.997490> 0.250000
	pigment { color rgbt <1,0,0,0> }
	no_shadow
}
cylinder {
	<26.138765, 34.953270, 33.215923>,  <26.208733, 34.764782, 33.346985>, 0.100000
	pigment { color rgbt <1,0,0,0> }
	no_shadow
}
cylinder {
	<26.138765, 34.953270, 33.215923>,  <26.022152, 35.267418, 32.997490>, 0.100000
	pigment { color rgbt <1,0,0,0> }
	no_shadow
}

// particle -1
sphere {
	<26.138765, 34.953270, 33.215923> 0.100000
	pigment { color rgbt <1,0,0,0> }
	no_shadow
}
sphere {
	0, 1
	scale<0.080000,0.200000,0.300000>
	matrix <-0.396651, 0.420238, 0.816130,
		-0.870447, -0.454533, -0.189004,
		0.291531, -0.785366, 0.546085,
		26.226225, 34.717659, 33.379749>
	pigment { color rgbt <0,1,1,0> }
	no_shadow
}
cylinder {
	<25.442320, 34.742561, 33.120281>,  <26.022152, 35.267418, 32.997490>, 0.130000
	pigment { color rgbt <1,0,0,0> }
	no_shadow
}

// nucleotide -1

// particle -1
sphere {
	<25.442320, 34.742561, 33.120281> 0.250000
	pigment { color rgbt <1,0,0,0> }
	no_shadow
}
cylinder {
	<25.688097, 34.526989, 33.350765>,  <25.835564, 34.397648, 33.489056>, 0.100000
	pigment { color rgbt <1,0,0,0> }
	no_shadow
}
cylinder {
	<25.688097, 34.526989, 33.350765>,  <25.442320, 34.742561, 33.120281>, 0.100000
	pigment { color rgbt <1,0,0,0> }
	no_shadow
}

// particle -1
sphere {
	<25.688097, 34.526989, 33.350765> 0.100000
	pigment { color rgbt <1,0,0,0> }
	no_shadow
}
sphere {
	0, 1
	scale<0.080000,0.200000,0.300000>
	matrix <-0.501212, 0.297386, 0.812618,
		-0.609299, -0.788110, -0.087391,
		0.614443, -0.538929, 0.576207,
		25.872431, 34.365311, 33.523628>
	pigment { color rgbt <0,1,1,0> }
	no_shadow
}
cylinder {
	<25.059387, 34.474201, 33.735985>,  <25.442320, 34.742561, 33.120281>, 0.130000
	pigment { color rgbt <1,0,0,0> }
	no_shadow
}

// nucleotide -1

// particle -1
sphere {
	<25.059387, 34.474201, 33.735985> 0.250000
	pigment { color rgbt <1,0,0,0> }
	no_shadow
}
cylinder {
	<25.435272, 34.421188, 33.862080>,  <25.660803, 34.389381, 33.937737>, 0.100000
	pigment { color rgbt <1,0,0,0> }
	no_shadow
}
cylinder {
	<25.435272, 34.421188, 33.862080>,  <25.059387, 34.474201, 33.735985>, 0.100000
	pigment { color rgbt <1,0,0,0> }
	no_shadow
}

// particle -1
sphere {
	<25.435272, 34.421188, 33.862080> 0.100000
	pigment { color rgbt <1,0,0,0> }
	no_shadow
}
sphere {
	0, 1
	scale<0.080000,0.200000,0.300000>
	matrix <-0.289446, 0.182629, 0.939610,
		-0.182103, -0.974208, 0.133257,
		0.939712, -0.132535, 0.315238,
		25.717186, 34.381428, 33.956650>
	pigment { color rgbt <0,1,1,0> }
	no_shadow
}
cylinder {
	<24.979952, 34.150612, 34.422993>,  <25.059387, 34.474201, 33.735985>, 0.130000
	pigment { color rgbt <1,0,0,0> }
	no_shadow
}

// nucleotide -1

// particle -1
sphere {
	<24.979952, 34.150612, 34.422993> 0.250000
	pigment { color rgbt <1,0,0,0> }
	no_shadow
}
cylinder {
	<25.361050, 34.271137, 34.407551>,  <25.589708, 34.343452, 34.398285>, 0.100000
	pigment { color rgbt <1,0,0,0> }
	no_shadow
}
cylinder {
	<25.361050, 34.271137, 34.407551>,  <24.979952, 34.150612, 34.422993>, 0.100000
	pigment { color rgbt <1,0,0,0> }
	no_shadow
}

// particle -1
sphere {
	<25.361050, 34.271137, 34.407551> 0.100000
	pigment { color rgbt <1,0,0,0> }
	no_shadow
}
sphere {
	0, 1
	scale<0.080000,0.200000,0.300000>
	matrix <-0.049127, 0.278245, 0.959253,
		0.299789, -0.912022, 0.279898,
		0.952740, 0.301324, -0.038610,
		25.646872, 34.361530, 34.395969>
	pigment { color rgbt <0,1,1,0> }
	no_shadow
}
cylinder {
	<25.215366, 33.949177, 35.041409>,  <24.979952, 34.150612, 34.422993>, 0.130000
	pigment { color rgbt <1,0,0,0> }
	no_shadow
}

// nucleotide -1

// particle -1
sphere {
	<25.215366, 33.949177, 35.041409> 0.250000
	pigment { color rgbt <1,0,0,0> }
	no_shadow
}
cylinder {
	<25.512108, 34.185154, 34.913898>,  <25.690153, 34.326740, 34.837391>, 0.100000
	pigment { color rgbt <1,0,0,0> }
	no_shadow
}
cylinder {
	<25.512108, 34.185154, 34.913898>,  <25.215366, 33.949177, 35.041409>, 0.100000
	pigment { color rgbt <1,0,0,0> }
	no_shadow
}

// particle -1
sphere {
	<25.512108, 34.185154, 34.913898> 0.100000
	pigment { color rgbt <1,0,0,0> }
	no_shadow
}
sphere {
	0, 1
	scale<0.080000,0.200000,0.300000>
	matrix <0.244330, 0.204895, 0.947798,
		0.624463, -0.781015, 0.007862,
		0.741856, 0.589944, -0.318774,
		25.734665, 34.362137, 34.818268>
	pigment { color rgbt <0,1,1,0> }
	no_shadow
}
cylinder {
	<25.805698, 33.905540, 35.593029>,  <25.215366, 33.949177, 35.041409>, 0.130000
	pigment { color rgbt <1,0,0,0> }
	no_shadow
}

// nucleotide -1

// particle -1
sphere {
	<25.805698, 33.905540, 35.593029> 0.250000
	pigment { color rgbt <1,0,0,0> }
	no_shadow
}
cylinder {
	<25.910107, 34.199566, 35.342731>,  <25.972752, 34.375980, 35.192554>, 0.100000
	pigment { color rgbt <1,0,0,0> }
	no_shadow
}
cylinder {
	<25.910107, 34.199566, 35.342731>,  <25.805698, 33.905540, 35.593029>, 0.100000
	pigment { color rgbt <1,0,0,0> }
	no_shadow
}

// particle -1
sphere {
	<25.910107, 34.199566, 35.342731> 0.100000
	pigment { color rgbt <1,0,0,0> }
	no_shadow
}
sphere {
	0, 1
	scale<0.080000,0.200000,0.300000>
	matrix <0.610491, 0.376429, 0.696851,
		0.747777, -0.563901, -0.350494,
		0.261019, 0.735062, -0.625742,
		25.988413, 34.420086, 35.155010>
	pigment { color rgbt <0,1,1,0> }
	no_shadow
}
cylinder {
	<26.611954, 34.007168, 35.488464>,  <25.805698, 33.905540, 35.593029>, 0.130000
	pigment { color rgbt <1,0,0,0> }
	no_shadow
}

// nucleotide -1

// particle -1
sphere {
	<26.611954, 34.007168, 35.488464> 0.250000
	pigment { color rgbt <1,0,0,0> }
	no_shadow
}
cylinder {
	<26.429237, 34.356373, 35.420116>,  <26.319609, 34.565895, 35.379108>, 0.100000
	pigment { color rgbt <1,0,0,0> }
	no_shadow
}
cylinder {
	<26.429237, 34.356373, 35.420116>,  <26.611954, 34.007168, 35.488464>, 0.100000
	pigment { color rgbt <1,0,0,0> }
	no_shadow
}

// particle -1
sphere {
	<26.429237, 34.356373, 35.420116> 0.100000
	pigment { color rgbt <1,0,0,0> }
	no_shadow
}
sphere {
	0, 1
	scale<0.080000,0.200000,0.300000>
	matrix <0.552994, 0.429124, 0.714178,
		0.696808, 0.231741, -0.678790,
		-0.456790, 0.873011, -0.170865,
		26.292200, 34.618275, 35.368858>
	pigment { color rgbt <0,1,1,0> }
	no_shadow
}
cylinder {
	<27.142378, 34.455414, 35.580227>,  <26.611954, 34.007168, 35.488464>, 0.130000
	pigment { color rgbt <1,0,0,0> }
	no_shadow
}

// nucleotide -1

// particle -1
sphere {
	<27.142378, 34.455414, 35.580227> 0.250000
	pigment { color rgbt <1,0,0,0> }
	no_shadow
}
cylinder {
	<26.819237, 34.679646, 35.653027>,  <26.625353, 34.814186, 35.696709>, 0.100000
	pigment { color rgbt <1,0,0,0> }
	no_shadow
}
cylinder {
	<26.819237, 34.679646, 35.653027>,  <27.142378, 34.455414, 35.580227>, 0.100000
	pigment { color rgbt <1,0,0,0> }
	no_shadow
}

// particle -1
sphere {
	<26.819237, 34.679646, 35.653027> 0.100000
	pigment { color rgbt <1,0,0,0> }
	no_shadow
}
sphere {
	0, 1
	scale<0.080000,0.200000,0.300000>
	matrix <0.518439, 0.528994, 0.671852,
		0.280349, 0.637115, -0.717976,
		-0.807852, 0.560580, 0.182002,
		26.576881, 34.847820, 35.707626>
	pigment { color rgbt <0,1,1,0> }
	no_shadow
}
cylinder {
	<27.281464, 35.178585, 35.313759>,  <27.142378, 34.455414, 35.580227>, 0.130000
	pigment { color rgbt <1,0,0,0> }
	no_shadow
}

// nucleotide -1

// particle -1
sphere {
	<27.281464, 35.178585, 35.313759> 0.250000
	pigment { color rgbt <1,0,0,0> }
	no_shadow
}
cylinder {
	<27.053465, 35.098526, 35.632519>,  <26.916666, 35.050491, 35.823776>, 0.100000
	pigment { color rgbt <1,0,0,0> }
	no_shadow
}
cylinder {
	<27.053465, 35.098526, 35.632519>,  <27.281464, 35.178585, 35.313759>, 0.100000
	pigment { color rgbt <1,0,0,0> }
	no_shadow
}

// particle -1
sphere {
	<27.053465, 35.098526, 35.632519> 0.100000
	pigment { color rgbt <1,0,0,0> }
	no_shadow
}
sphere {
	0, 1
	scale<0.080000,0.200000,0.300000>
	matrix <0.554855, 0.621569, 0.552981,
		-0.606005, 0.757360, -0.243238,
		-0.569995, -0.200148, 0.796898,
		26.882467, 35.038483, 35.871590>
	pigment { color rgbt <0,1,1,0> }
	no_shadow
}
cylinder {
	<27.552353, 35.456623, 35.836418>,  <27.281464, 35.178585, 35.313759>, 0.130000
	pigment { color rgbt <1,0,0,0> }
	no_shadow
}

// nucleotide -1

// particle -1
sphere {
	<27.552353, 35.456623, 35.836418> 0.250000
	pigment { color rgbt <1,0,0,0> }
	no_shadow
}
cylinder {
	<27.252062, 35.314075, 36.058914>,  <27.071888, 35.228546, 36.192413>, 0.100000
	pigment { color rgbt <1,0,0,0> }
	no_shadow
}
cylinder {
	<27.252062, 35.314075, 36.058914>,  <27.552353, 35.456623, 35.836418>, 0.100000
	pigment { color rgbt <1,0,0,0> }
	no_shadow
}

// particle -1
sphere {
	<27.252062, 35.314075, 36.058914> 0.100000
	pigment { color rgbt <1,0,0,0> }
	no_shadow
}
sphere {
	0, 1
	scale<0.080000,0.200000,0.300000>
	matrix <0.424532, 0.384867, 0.819542,
		-0.506141, 0.851397, -0.137639,
		-0.750728, -0.356372, 0.556243,
		27.026844, 35.207165, 36.225788>
	pigment { color rgbt <0,1,1,0> }
	no_shadow
}
cylinder {
	<27.656944, 35.888069, 36.315948>,  <27.552353, 35.456623, 35.836418>, 0.130000
	pigment { color rgbt <1,0,0,0> }
	no_shadow
}

// nucleotide -1

// particle -1
sphere {
	<27.656944, 35.888069, 36.315948> 0.250000
	pigment { color rgbt <1,0,0,0> }
	no_shadow
}
cylinder {
	<27.433065, 35.589787, 36.460537>,  <27.298738, 35.410816, 36.547291>, 0.100000
	pigment { color rgbt <1,0,0,0> }
	no_shadow
}
cylinder {
	<27.433065, 35.589787, 36.460537>,  <27.656944, 35.888069, 36.315948>, 0.100000
	pigment { color rgbt <1,0,0,0> }
	no_shadow
}

// particle -1
sphere {
	<27.433065, 35.589787, 36.460537> 0.100000
	pigment { color rgbt <1,0,0,0> }
	no_shadow
}
sphere {
	0, 1
	scale<0.080000,0.200000,0.300000>
	matrix <0.306095, 0.219315, 0.926395,
		-0.770093, 0.629146, 0.105507,
		-0.559698, -0.745705, 0.361471,
		27.265156, 35.366074, 36.568977>
	pigment { color rgbt <0,1,1,0> }
	no_shadow
}
cylinder {
	<27.439165, 36.094730, 36.947613>,  <27.656944, 35.888069, 36.315948>, 0.130000
	pigment { color rgbt <1,0,0,0> }
	no_shadow
}

// nucleotide -1

// particle -1
sphere {
	<27.439165, 36.094730, 36.947613> 0.250000
	pigment { color rgbt <1,0,0,0> }
	no_shadow
}
cylinder {
	<27.332129, 35.710526, 36.978088>,  <27.267906, 35.480003, 36.996372>, 0.100000
	pigment { color rgbt <1,0,0,0> }
	no_shadow
}
cylinder {
	<27.332129, 35.710526, 36.978088>,  <27.439165, 36.094730, 36.947613>, 0.100000
	pigment { color rgbt <1,0,0,0> }
	no_shadow
}

// particle -1
sphere {
	<27.332129, 35.710526, 36.978088> 0.100000
	pigment { color rgbt <1,0,0,0> }
	no_shadow
}
sphere {
	0, 1
	scale<0.080000,0.200000,0.300000>
	matrix <0.036629, 0.068875, 0.996953,
		-0.962836, 0.269566, 0.016753,
		-0.267590, -0.960516, 0.076189,
		27.251852, 35.422371, 37.000946>
	pigment { color rgbt <0,1,1,0> }
	no_shadow
}
cylinder {
	<27.944901, 36.673645, 36.757988>,  <27.439165, 36.094730, 36.947613>, 0.130000
	pigment { color rgbt <1,0,0,0> }
	no_shadow
}

// nucleotide -1

// particle -1
sphere {
	<27.944901, 36.673645, 36.757988> 0.250000
	pigment { color rgbt <1,0,0,0> }
	no_shadow
}
cylinder {
	<28.144899, 36.799316, 37.080799>,  <28.264898, 36.874718, 37.274487>, 0.100000
	pigment { color rgbt <1,0,0,0> }
	no_shadow
}
cylinder {
	<28.144899, 36.799316, 37.080799>,  <27.944901, 36.673645, 36.757988>, 0.100000
	pigment { color rgbt <1,0,0,0> }
	no_shadow
}

// particle -1
sphere {
	<28.144899, 36.799316, 37.080799> 0.100000
	pigment { color rgbt <1,0,0,0> }
	no_shadow
}
sphere {
	0, 1
	scale<0.080000,0.200000,0.300000>
	matrix <-0.789066, -0.218762, 0.574037,
		0.356897, -0.923815, 0.138527,
		0.499999, 0.314179, 0.807027,
		28.294899, 36.893570, 37.322906>
	pigment { color rgbt <0,1,1,0> }
	no_shadow
}
cylinder {
	<28.134075, 36.087437, 37.206451>,  <27.944901, 36.673645, 36.757988>, 0.130000
	pigment { color rgbt <1,0,0,0> }
	no_shadow
}

// nucleotide -1

// particle -1
sphere {
	<28.134075, 36.087437, 37.206451> 0.250000
	pigment { color rgbt <1,0,0,0> }
	no_shadow
}
cylinder {
	<28.086872, 36.432037, 37.403992>,  <28.058550, 36.638798, 37.522514>, 0.100000
	pigment { color rgbt <1,0,0,0> }
	no_shadow
}
cylinder {
	<28.086872, 36.432037, 37.403992>,  <28.134075, 36.087437, 37.206451>, 0.100000
	pigment { color rgbt <1,0,0,0> }
	no_shadow
}

// particle -1
sphere {
	<28.086872, 36.432037, 37.403992> 0.100000
	pigment { color rgbt <1,0,0,0> }
	no_shadow
}
sphere {
	0, 1
	scale<0.080000,0.200000,0.300000>
	matrix <-0.714228, -0.419151, 0.560527,
		0.689893, -0.286572, 0.664774,
		-0.118010, 0.861504, 0.493847,
		28.051470, 36.690487, 37.552147>
	pigment { color rgbt <0,1,1,0> }
	no_shadow
}
cylinder {
	<28.058937, 35.895718, 37.953964>,  <28.134075, 36.087437, 37.206451>, 0.130000
	pigment { color rgbt <1,0,0,0> }
	no_shadow
}

// nucleotide -1

// particle -1
sphere {
	<28.058937, 35.895718, 37.953964> 0.250000
	pigment { color rgbt <1,0,0,0> }
	no_shadow
}
cylinder {
	<27.912468, 36.267010, 37.927731>,  <27.824587, 36.489784, 37.911991>, 0.100000
	pigment { color rgbt <1,0,0,0> }
	no_shadow
}
cylinder {
	<27.912468, 36.267010, 37.927731>,  <28.058937, 35.895718, 37.953964>, 0.100000
	pigment { color rgbt <1,0,0,0> }
	no_shadow
}

// particle -1
sphere {
	<27.912468, 36.267010, 37.927731> 0.100000
	pigment { color rgbt <1,0,0,0> }
	no_shadow
}
sphere {
	0, 1
	scale<0.080000,0.200000,0.300000>
	matrix <-0.808647, -0.282538, 0.516006,
		0.460443, 0.241984, 0.854070,
		-0.366173, 0.928233, -0.065587,
		27.802616, 36.545479, 37.908054>
	pigment { color rgbt <0,1,1,0> }
	no_shadow
}
cylinder {
	<28.258099, 35.171097, 37.837040>,  <28.058937, 35.895718, 37.953964>, 0.130000
	pigment { color rgbt <1,0,0,0> }
	no_shadow
}

// nucleotide -1

// particle -1
sphere {
	<28.258099, 35.171097, 37.837040> 0.250000
	pigment { color rgbt <1,0,0,0> }
	no_shadow
}
cylinder {
	<27.949913, 35.407673, 37.741894>,  <27.765001, 35.549618, 37.684807>, 0.100000
	pigment { color rgbt <1,0,0,0> }
	no_shadow
}
cylinder {
	<27.949913, 35.407673, 37.741894>,  <28.258099, 35.171097, 37.837040>, 0.100000
	pigment { color rgbt <1,0,0,0> }
	no_shadow
}

// particle -1
sphere {
	<27.949913, 35.407673, 37.741894> 0.100000
	pigment { color rgbt <1,0,0,0> }
	no_shadow
}
sphere {
	0, 1
	scale<0.080000,0.200000,0.300000>
	matrix <-0.634351, -0.748239, 0.194259,
		-0.063088, 0.300561, 0.951674,
		-0.770466, 0.591440, -0.237866,
		27.718773, 35.585106, 37.670532>
	pigment { color rgbt <0,1,1,0> }
	no_shadow
}
cylinder {
	<27.695522, 35.220478, 38.411865>,  <28.258099, 35.171097, 37.837040>, 0.130000
	pigment { color rgbt <1,0,0,0> }
	no_shadow
}

// nucleotide -1

// particle -1
sphere {
	<27.695522, 35.220478, 38.411865> 0.250000
	pigment { color rgbt <1,0,0,0> }
	no_shadow
}
cylinder {
	<27.555334, 35.281116, 38.042175>,  <27.471222, 35.317497, 37.820362>, 0.100000
	pigment { color rgbt <1,0,0,0> }
	no_shadow
}
cylinder {
	<27.555334, 35.281116, 38.042175>,  <27.695522, 35.220478, 38.411865>, 0.100000
	pigment { color rgbt <1,0,0,0> }
	no_shadow
}

// particle -1
sphere {
	<27.555334, 35.281116, 38.042175> 0.100000
	pigment { color rgbt <1,0,0,0> }
	no_shadow
}
sphere {
	0, 1
	scale<0.080000,0.200000,0.300000>
	matrix <-0.578646, -0.810989, 0.086406,
		-0.736437, 0.565082, 0.371945,
		-0.350470, 0.151592, -0.924225,
		27.450193, 35.326595, 37.764908>
	pigment { color rgbt <0,1,1,0> }
	no_shadow
}
cylinder {
	<27.583853, 35.924095, 38.531097>,  <27.695522, 35.220478, 38.411865>, 0.130000
	pigment { color rgbt <1,0,0,0> }
	no_shadow
}

// nucleotide -1

// particle -1
sphere {
	<27.583853, 35.924095, 38.531097> 0.250000
	pigment { color rgbt <1,0,0,0> }
	no_shadow
}
cylinder {
	<27.474768, 36.242649, 38.315174>,  <27.409317, 36.433781, 38.185619>, 0.100000
	pigment { color rgbt <1,0,0,0> }
	no_shadow
}
cylinder {
	<27.474768, 36.242649, 38.315174>,  <27.583853, 35.924095, 38.531097>, 0.100000
	pigment { color rgbt <1,0,0,0> }
	no_shadow
}

// particle -1
sphere {
	<27.474768, 36.242649, 38.315174> 0.100000
	pigment { color rgbt <1,0,0,0> }
	no_shadow
}
sphere {
	0, 1
	scale<0.080000,0.200000,0.300000>
	matrix <-0.914811, -0.040914, 0.401804,
		0.297906, 0.603401, 0.739702,
		-0.272713, 0.796387, -0.539810,
		27.392954, 36.481564, 38.153233>
	pigment { color rgbt <0,1,1,0> }
	no_shadow
}
cylinder {
	<27.215679, 36.428085, 39.007957>,  <27.583853, 35.924095, 38.531097>, 0.130000
	pigment { color rgbt <1,0,0,0> }
	no_shadow
}

// nucleotide -1

// particle -1
sphere {
	<27.215679, 36.428085, 39.007957> 0.250000
	pigment { color rgbt <1,0,0,0> }
	no_shadow
}
cylinder {
	<27.096207, 36.541031, 38.643307>,  <27.024523, 36.608799, 38.424519>, 0.100000
	pigment { color rgbt <1,0,0,0> }
	no_shadow
}
cylinder {
	<27.096207, 36.541031, 38.643307>,  <27.215679, 36.428085, 39.007957>, 0.100000
	pigment { color rgbt <1,0,0,0> }
	no_shadow
}

// particle -1
sphere {
	<27.096207, 36.541031, 38.643307> 0.100000
	pigment { color rgbt <1,0,0,0> }
	no_shadow
}
sphere {
	0, 1
	scale<0.080000,0.200000,0.300000>
	matrix <-0.949396, 0.009326, 0.313944,
		0.097149, 0.959261, 0.265292,
		-0.298680, 0.282367, -0.911625,
		27.006603, 36.625740, 38.369820>
	pigment { color rgbt <0,1,1,0> }
	no_shadow
}
cylinder {
	<26.766171, 37.042526, 39.137676>,  <27.215679, 36.428085, 39.007957>, 0.130000
	pigment { color rgbt <1,0,0,0> }
	no_shadow
}

// nucleotide -1

// particle -1
sphere {
	<26.766171, 37.042526, 39.137676> 0.250000
	pigment { color rgbt <1,0,0,0> }
	no_shadow
}
cylinder {
	<26.693260, 36.847626, 38.796066>,  <26.649513, 36.730686, 38.591099>, 0.100000
	pigment { color rgbt <1,0,0,0> }
	no_shadow
}
cylinder {
	<26.693260, 36.847626, 38.796066>,  <26.766171, 37.042526, 39.137676>, 0.100000
	pigment { color rgbt <1,0,0,0> }
	no_shadow
}

// particle -1
sphere {
	<26.693260, 36.847626, 38.796066> 0.100000
	pigment { color rgbt <1,0,0,0> }
	no_shadow
}
sphere {
	0, 1
	scale<0.080000,0.200000,0.300000>
	matrix <-0.928342, -0.200903, 0.312760,
		-0.323969, 0.849837, -0.415717,
		-0.182276, -0.487252, -0.854026,
		26.638577, 36.701450, 38.539860>
	pigment { color rgbt <0,1,1,0> }
	no_shadow
}
cylinder {
	<26.052313, 37.206329, 38.893032>,  <26.766171, 37.042526, 39.137676>, 0.130000
	pigment { color rgbt <1,0,0,0> }
	no_shadow
}

// nucleotide -1

// particle -1
sphere {
	<26.052313, 37.206329, 38.893032> 0.250000
	pigment { color rgbt <1,0,0,0> }
	no_shadow
}
cylinder {
	<26.140232, 36.850723, 38.732361>,  <26.192984, 36.637360, 38.635960>, 0.100000
	pigment { color rgbt <1,0,0,0> }
	no_shadow
}
cylinder {
	<26.140232, 36.850723, 38.732361>,  <26.052313, 37.206329, 38.893032>, 0.100000
	pigment { color rgbt <1,0,0,0> }
	no_shadow
}

// particle -1
sphere {
	<26.140232, 36.850723, 38.732361> 0.100000
	pigment { color rgbt <1,0,0,0> }
	no_shadow
}
sphere {
	0, 1
	scale<0.080000,0.200000,0.300000>
	matrix <-0.954016, -0.281906, 0.101889,
		-0.203816, 0.360812, -0.910095,
		0.219798, -0.889013, -0.401678,
		26.206171, 36.584019, 38.611858>
	pigment { color rgbt <0,1,1,0> }
	no_shadow
}
cylinder {
	<25.600201, 37.175377, 38.304806>,  <26.052313, 37.206329, 38.893032>, 0.130000
	pigment { color rgbt <1,0,0,0> }
	no_shadow
}

// nucleotide -1

// particle -1
sphere {
	<25.600201, 37.175377, 38.304806> 0.250000
	pigment { color rgbt <1,0,0,0> }
	no_shadow
}
cylinder {
	<25.681097, 36.860466, 38.537800>,  <25.729635, 36.671520, 38.677597>, 0.100000
	pigment { color rgbt <1,0,0,0> }
	no_shadow
}
cylinder {
	<25.681097, 36.860466, 38.537800>,  <25.600201, 37.175377, 38.304806>, 0.100000
	pigment { color rgbt <1,0,0,0> }
	no_shadow
}

// particle -1
sphere {
	<25.681097, 36.860466, 38.537800> 0.100000
	pigment { color rgbt <1,0,0,0> }
	no_shadow
}
sphere {
	0, 1
	scale<0.080000,0.200000,0.300000>
	matrix <-0.967139, -0.066977, 0.245267,
		-0.154080, -0.612950, -0.774952,
		0.202241, -0.787278, 0.582489,
		25.741770, 36.624283, 38.712547>
	pigment { color rgbt <0,1,1,0> }
	no_shadow
}
cylinder {
	<25.171488, 36.521526, 38.137672>,  <25.600201, 37.175377, 38.304806>, 0.130000
	pigment { color rgbt <1,0,0,0> }
	no_shadow
}

// nucleotide -1

// particle -1
sphere {
	<25.171488, 36.521526, 38.137672> 0.250000
	pigment { color rgbt <1,0,0,0> }
	no_shadow
}
cylinder {
	<25.281042, 36.581825, 38.517624>,  <25.346775, 36.618004, 38.745594>, 0.100000
	pigment { color rgbt <1,0,0,0> }
	no_shadow
}
cylinder {
	<25.281042, 36.581825, 38.517624>,  <25.171488, 36.521526, 38.137672>, 0.100000
	pigment { color rgbt <1,0,0,0> }
	no_shadow
}

// particle -1
sphere {
	<25.281042, 36.581825, 38.517624> 0.100000
	pigment { color rgbt <1,0,0,0> }
	no_shadow
}
sphere {
	0, 1
	scale<0.080000,0.200000,0.300000>
	matrix <-0.923118, -0.235946, 0.303615,
		0.269889, -0.960002, 0.074538,
		0.273884, 0.150750, 0.949875,
		25.363207, 36.627048, 38.802586>
	pigment { color rgbt <0,1,1,0> }
	no_shadow
}
cylinder {
	<25.688908, 36.025223, 37.957249>,  <25.171488, 36.521526, 38.137672>, 0.130000
	pigment { color rgbt <1,0,0,0> }
	no_shadow
}

// nucleotide -1

// particle -1
sphere {
	<25.688908, 36.025223, 37.957249> 0.250000
	pigment { color rgbt <1,0,0,0> }
	no_shadow
}
cylinder {
	<25.864340, 36.363953, 38.077606>,  <25.969599, 36.567188, 38.149822>, 0.100000
	pigment { color rgbt <1,0,0,0> }
	no_shadow
}
cylinder {
	<25.864340, 36.363953, 38.077606>,  <25.688908, 36.025223, 37.957249>, 0.100000
	pigment { color rgbt <1,0,0,0> }
	no_shadow
}

// particle -1
sphere {
	<25.864340, 36.363953, 38.077606> 0.100000
	pigment { color rgbt <1,0,0,0> }
	no_shadow
}
sphere {
	0, 1
	scale<0.080000,0.200000,0.300000>
	matrix <0.837854, -0.264199, -0.477702,
