// switches for output
#declare DRAW_BASES = 1; // possible values are 0, 1; only relevant for DNA ribbons
#declare DRAW_BASES_TYPE = 3; // possible values are 1, 2, 3; only relevant for DNA ribbons
#declare DRAW_FOG = 0; // set to 1 to enable fog

#include "colors.inc"

#include "transforms.inc"
background { rgb <1, 1, 1>}

#default {
   normal{
       ripples 0.25
       frequency 0.20
       turbulence 0.2
       lambda 5
   }
	finish {
		phong 0.1
		phong_size 40.
	}
}

// original window dimensions: 1024x640


// camera settings

camera {
	sky <0, 0.179814, -0.983701>
	up <0, 0.179814, -0.983701>
	right 1.6 * <1, 0, 0>
	location <35, 94.9851, 44.8844>
	look_at <35, 29.7336, 32.9568>
	direction <0, -65.2515, -11.9276>
	angle 67.0682
}


# declare cpy_camera_pos = <35, 94.9851, 44.8844>;
# if (DRAW_FOG = 1)
fog {
	fog_type 2
	up vnormalize(cpy_camera_pos)
	color rgbt<1,1,1,0.3>
	distance 1e-5
	fog_alt 3e-3
	fog_offset 56
}
# end


// LIGHTS

# declare lum = 6;
global_settings {
	ambient_light rgb lum * <0.05, 0.05, 0.05>
	max_trace_level 15
}# declare cpy_direct_light_amount = 0.25;
light_source
{	1000 * <-1, -1.16352, -0.803886>,
	rgb lum * cpy_direct_light_amount
	parallel
}

light_source
{	1000 * <1, 1.16352, 0.803886>,
	rgb lum * cpy_direct_light_amount
	parallel
}

// strand 0

// nucleotide -1

// particle -1
sphere {
	<24.550539, 35.033409, 34.933449> 0.250000
	pigment { color rgbt <1,0,0,0> }
	no_shadow
}
cylinder {
	<24.171984, 35.149590, 34.989998>,  <23.944851, 35.219299, 35.023930>, 0.100000
	pigment { color rgbt <1,0,0,0> }
	no_shadow
}
cylinder {
	<24.171984, 35.149590, 34.989998>,  <24.550539, 35.033409, 34.933449>, 0.100000
	pigment { color rgbt <1,0,0,0> }
	no_shadow
}

// particle -1
sphere {
	<24.171984, 35.149590, 34.989998> 0.100000
	pigment { color rgbt <1,0,0,0> }
	no_shadow
}
sphere {
	0, 1
	scale<0.080000,0.200000,0.300000>
	matrix <-0.276160, -0.954518, 0.112382,
		0.167589, 0.067314, 0.983556,
		-0.946387, 0.290453, 0.141378,
		23.888067, 35.236725, 35.032410>
	pigment { color rgbt <0,1,1,0> }
	no_shadow
}
cylinder {
	<25.304552, 34.893158, 35.327389>,  <24.550539, 35.033409, 34.933449>, 0.130000
	pigment { color rgbt <1,0,0,0> }
	no_shadow
}

// nucleotide -1

// particle -1
sphere {
	<25.304552, 34.893158, 35.327389> 0.250000
	pigment { color rgbt <1,0,0,0> }
	no_shadow
}
cylinder {
	<25.701536, 34.919201, 35.285847>,  <25.939726, 34.934826, 35.260921>, 0.100000
	pigment { color rgbt <1,0,0,0> }
	no_shadow
}
cylinder {
	<25.701536, 34.919201, 35.285847>,  <25.304552, 34.893158, 35.327389>, 0.100000
	pigment { color rgbt <1,0,0,0> }
	no_shadow
}

// particle -1
sphere {
	<25.701536, 34.919201, 35.285847> 0.100000
	pigment { color rgbt <1,0,0,0> }
	no_shadow
}
sphere {
	0, 1
	scale<0.080000,0.200000,0.300000>
	matrix <-0.036401, -0.652485, -0.756927,
		-0.117042, 0.755000, -0.645195,
		0.992460, 0.065107, -0.103851,
		25.999273, 34.938732, 35.254692>
	pigment { color rgbt <0,1,1,0> }
	no_shadow
}
cylinder {
	<25.460100, 35.029194, 34.612778>,  <25.304552, 34.893158, 35.327389>, 0.130000
	pigment { color rgbt <1,0,0,0> }
	no_shadow
}

// nucleotide -1

// particle -1
sphere {
	<25.460100, 35.029194, 34.612778> 0.250000
	pigment { color rgbt <1,0,0,0> }
	no_shadow
}
cylinder {
	<25.777502, 34.849194, 34.776653>,  <25.967943, 34.741192, 34.874981>, 0.100000
	pigment { color rgbt <1,0,0,0> }
	no_shadow
}
cylinder {
	<25.777502, 34.849194, 34.776653>,  <25.460100, 35.029194, 34.612778>, 0.100000
	pigment { color rgbt <1,0,0,0> }
	no_shadow
}

// particle -1
sphere {
	<25.777502, 34.849194, 34.776653> 0.100000
	pigment { color rgbt <1,0,0,0> }
	no_shadow
}
sphere {
	0, 1
	scale<0.080000,0.200000,0.300000>
	matrix <0.076931, -0.593635, -0.801048,
		0.603684, 0.667153, -0.436432,
		0.793503, -0.450005, 0.409693,
		26.015553, 34.714191, 34.899563>
	pigment { color rgbt <0,1,1,0> }
	no_shadow
}
cylinder {
	<25.746332, 34.592751, 34.083199>,  <25.460100, 35.029194, 34.612778>, 0.130000
	pigment { color rgbt <1,0,0,0> }
	no_shadow
}

// nucleotide -1

// particle -1
sphere {
	<25.746332, 34.592751, 34.083199> 0.250000
	pigment { color rgbt <1,0,0,0> }
	no_shadow
}
cylinder {
	<25.979925, 34.456364, 34.377872>,  <26.120081, 34.374531, 34.554676>, 0.100000
	pigment { color rgbt <1,0,0,0> }
	no_shadow
}
cylinder {
	<25.979925, 34.456364, 34.377872>,  <25.746332, 34.592751, 34.083199>, 0.100000
	pigment { color rgbt <1,0,0,0> }
	no_shadow
}

// particle -1
sphere {
	<25.979925, 34.456364, 34.377872> 0.100000
	pigment { color rgbt <1,0,0,0> }
	no_shadow
}
sphere {
	0, 1
	scale<0.080000,0.200000,0.300000>
	matrix <0.179881, -0.830595, -0.527025,
		0.791585, 0.440289, -0.423720,
		0.583984, -0.340966, 0.736686,
		26.155121, 34.354073, 34.598877>
	pigment { color rgbt <0,1,1,0> }
	no_shadow
}
cylinder {
	<26.407114, 34.503654, 33.729630>,  <25.746332, 34.592751, 34.083199>, 0.130000
	pigment { color rgbt <1,0,0,0> }
	no_shadow
}

// nucleotide -1

// particle -1
sphere {
	<26.407114, 34.503654, 33.729630> 0.250000
	pigment { color rgbt <1,0,0,0> }
	no_shadow
}
cylinder {
	<26.356905, 34.279549, 34.057129>,  <26.326780, 34.145084, 34.253628>, 0.100000
	pigment { color rgbt <1,0,0,0> }
	no_shadow
}
cylinder {
	<26.356905, 34.279549, 34.057129>,  <26.407114, 34.503654, 33.729630>, 0.100000
	pigment { color rgbt <1,0,0,0> }
	no_shadow
}

// particle -1
sphere {
	<26.356905, 34.279549, 34.057129> 0.100000
	pigment { color rgbt <1,0,0,0> }
	no_shadow
}
sphere {
	0, 1
	scale<0.080000,0.200000,0.300000>
	matrix <0.244295, -0.817318, -0.521835,
		0.961543, 0.134514, 0.239461,
		-0.125522, -0.560266, 0.818747,
		26.319248, 34.111469, 34.302753>
	pigment { color rgbt <0,1,1,0> }
	no_shadow
}
cylinder {
	<27.029148, 34.017162, 33.893349>,  <26.407114, 34.503654, 33.729630>, 0.130000
	pigment { color rgbt <1,0,0,0> }
	no_shadow
}

// nucleotide -1

// particle -1
sphere {
	<27.029148, 34.017162, 33.893349> 0.250000
	pigment { color rgbt <1,0,0,0> }
	no_shadow
}
cylinder {
	<26.660450, 33.903584, 33.998997>,  <26.439230, 33.835438, 34.062386>, 0.100000
	pigment { color rgbt <1,0,0,0> }
	no_shadow
}
cylinder {
	<26.660450, 33.903584, 33.998997>,  <27.029148, 34.017162, 33.893349>, 0.100000
	pigment { color rgbt <1,0,0,0> }
	no_shadow
}

// particle -1
sphere {
	<26.660450, 33.903584, 33.998997> 0.100000
	pigment { color rgbt <1,0,0,0> }
	no_shadow
}
sphere {
	0, 1
	scale<0.080000,0.200000,0.300000>
	matrix <0.004293, -0.688519, -0.725206,
		0.387770, -0.667322, 0.635858,
		-0.921746, -0.283943, 0.264122,
		26.383926, 33.818401, 34.078232>
	pigment { color rgbt <0,1,1,0> }
	no_shadow
}
cylinder {
	<27.044678, 33.299736, 33.916996>,  <27.029148, 34.017162, 33.893349>, 0.130000
	pigment { color rgbt <1,0,0,0> }
	no_shadow
}

// nucleotide -1

// particle -1
sphere {
	<27.044678, 33.299736, 33.916996> 0.250000
	pigment { color rgbt <1,0,0,0> }
	no_shadow
}
cylinder {
	<26.650694, 33.360687, 33.884415>,  <26.414303, 33.397259, 33.864864>, 0.100000
	pigment { color rgbt <1,0,0,0> }
	no_shadow
}
cylinder {
	<26.650694, 33.360687, 33.884415>,  <27.044678, 33.299736, 33.916996>, 0.100000
	pigment { color rgbt <1,0,0,0> }
	no_shadow
}

// particle -1
sphere {
	<26.650694, 33.360687, 33.884415> 0.100000
	pigment { color rgbt <1,0,0,0> }
	no_shadow
}
sphere {
	0, 1
	scale<0.080000,0.200000,0.300000>
	matrix <-0.086526, -0.843048, -0.530833,
		-0.149558, -0.515801, 0.843553,
		-0.984960, 0.152380, -0.081454,
		26.355206, 33.406403, 33.859978>
	pigment { color rgbt <0,1,1,0> }
	no_shadow
}
cylinder {
	<26.761652, 32.610771, 34.035305>,  <27.044678, 33.299736, 33.916996>, 0.130000
	pigment { color rgbt <1,0,0,0> }
	no_shadow
}

// nucleotide -1

// particle -1
sphere {
	<26.761652, 32.610771, 34.035305> 0.250000
	pigment { color rgbt <1,0,0,0> }
	no_shadow
}
cylinder {
	<26.493601, 32.824421, 33.829144>,  <26.332769, 32.952610, 33.705444>, 0.100000
	pigment { color rgbt <1,0,0,0> }
	no_shadow
}
cylinder {
	<26.493601, 32.824421, 33.829144>,  <26.761652, 32.610771, 34.035305>, 0.100000
	pigment { color rgbt <1,0,0,0> }
	no_shadow
}

// particle -1
sphere {
	<26.493601, 32.824421, 33.829144> 0.100000
	pigment { color rgbt <1,0,0,0> }
	no_shadow
}
sphere {
	0, 1
	scale<0.080000,0.200000,0.300000>
	matrix <-0.019178, -0.706616, -0.707337,
		-0.741996, -0.464123, 0.483768,
		-0.670130, 0.534120, -0.515405,
		26.292562, 32.984657, 33.674522>
	pigment { color rgbt <0,1,1,0> }
	no_shadow
}
cylinder {
	<26.275234, 32.103741, 33.892742>,  <26.761652, 32.610771, 34.035305>, 0.130000
	pigment { color rgbt <1,0,0,0> }
	no_shadow
}

// nucleotide -1

// particle -1
sphere {
	<26.275234, 32.103741, 33.892742> 0.250000
	pigment { color rgbt <1,0,0,0> }
	no_shadow
}
cylinder {
	<26.233891, 32.414833, 33.644726>,  <26.209084, 32.601486, 33.495914>, 0.100000
	pigment { color rgbt <1,0,0,0> }
	no_shadow
}
cylinder {
	<26.233891, 32.414833, 33.644726>,  <26.275234, 32.103741, 33.892742>, 0.100000
	pigment { color rgbt <1,0,0,0> }
	no_shadow
}

// particle -1
sphere {
	<26.233891, 32.414833, 33.644726> 0.100000
	pigment { color rgbt <1,0,0,0> }
	no_shadow
}
sphere {
	0, 1
	scale<0.080000,0.200000,0.300000>
	matrix <-0.176286, -0.627838, -0.758118,
		-0.978897, 0.030945, 0.201996,
		-0.103361, 0.777729, -0.620044,
		26.202883, 32.648151, 33.458714>
	pigment { color rgbt <0,1,1,0> }
	no_shadow
}
cylinder {
	<25.746349, 31.879129, 33.466755>,  <26.275234, 32.103741, 33.892742>, 0.130000
	pigment { color rgbt <1,0,0,0> }
	no_shadow
}

// nucleotide -1

// particle -1
sphere {
	<25.746349, 31.879129, 33.466755> 0.250000
	pigment { color rgbt <1,0,0,0> }
	no_shadow
}
cylinder {
	<25.890465, 32.187695, 33.256950>,  <25.976934, 32.372833, 33.131065>, 0.100000
	pigment { color rgbt <1,0,0,0> }
	no_shadow
}
cylinder {
	<25.890465, 32.187695, 33.256950>,  <25.746349, 31.879129, 33.466755>, 0.100000
	pigment { color rgbt <1,0,0,0> }
	no_shadow
}

// particle -1
sphere {
	<25.890465, 32.187695, 33.256950> 0.100000
	pigment { color rgbt <1,0,0,0> }
	no_shadow
}
sphere {
	0, 1
	scale<0.080000,0.200000,0.300000>
	matrix <-0.168623, -0.499158, -0.849946,
		-0.917473, 0.394673, -0.049764,
		0.360291, 0.771411, -0.524515,
		25.998552, 32.419117, 33.099594>
	pigment { color rgbt <0,1,1,0> }
	no_shadow
}
cylinder {
	<25.185589, 32.166309, 33.141823>,  <25.746349, 31.879129, 33.466755>, 0.130000
	pigment { color rgbt <1,0,0,0> }
	no_shadow
}

// nucleotide -1

// particle -1
sphere {
	<25.185589, 32.166309, 33.141823> 0.250000
	pigment { color rgbt <1,0,0,0> }
	no_shadow
}
cylinder {
	<25.505613, 32.255699, 32.919125>,  <25.697628, 32.309334, 32.785507>, 0.100000
	pigment { color rgbt <1,0,0,0> }
	no_shadow
}
cylinder {
	<25.505613, 32.255699, 32.919125>,  <25.185589, 32.166309, 33.141823>, 0.100000
	pigment { color rgbt <1,0,0,0> }
	no_shadow
}

// particle -1
sphere {
	<25.505613, 32.255699, 32.919125> 0.100000
	pigment { color rgbt <1,0,0,0> }
	no_shadow
}
sphere {
	0, 1
	scale<0.080000,0.200000,0.300000>
	matrix <-0.415719, -0.462568, -0.783077,
		-0.432530, 0.857956, -0.277179,
		0.800060, 0.223476, -0.556743,
		25.745630, 32.322742, 32.752102>
	pigment { color rgbt <0,1,1,0> }
	no_shadow
}
cylinder {
	<25.018030, 32.527336, 32.525822>,  <25.185589, 32.166309, 33.141823>, 0.130000
	pigment { color rgbt <1,0,0,0> }
	no_shadow
}

// nucleotide -1

// particle -1
sphere {
	<25.018030, 32.527336, 32.525822> 0.250000
	pigment { color rgbt <1,0,0,0> }
	no_shadow
}
cylinder {
	<25.342258, 32.295940, 32.489315>,  <25.536795, 32.157104, 32.467411>, 0.100000
	pigment { color rgbt <1,0,0,0> }
	no_shadow
}
cylinder {
	<25.342258, 32.295940, 32.489315>,  <25.018030, 32.527336, 32.525822>, 0.100000
	pigment { color rgbt <1,0,0,0> }
	no_shadow
}

// particle -1
sphere {
	<25.342258, 32.295940, 32.489315> 0.100000
	pigment { color rgbt <1,0,0,0> }
	no_shadow
}
sphere {
	0, 1
	scale<0.080000,0.200000,0.300000>
	matrix <-0.384930, -0.408813, -0.827467,
		0.441367, 0.705851, -0.554048,
		0.810570, -0.578486, -0.091267,
		25.585430, 32.122395, 32.461933>
	pigment { color rgbt <0,1,1,0> }
	no_shadow
}
cylinder {
	<25.243113, 32.695110, 31.881281>,  <25.018030, 32.527336, 32.525822>, 0.130000
	pigment { color rgbt <1,0,0,0> }
	no_shadow
}

// nucleotide -1

// particle -1
sphere {
	<25.243113, 32.695110, 31.881281> 0.250000
	pigment { color rgbt <1,0,0,0> }
	no_shadow
}
cylinder {
	<25.332165, 32.331753, 32.022846>,  <25.385595, 32.113739, 32.107784>, 0.100000
	pigment { color rgbt <1,0,0,0> }
	no_shadow
}
cylinder {
	<25.332165, 32.331753, 32.022846>,  <25.243113, 32.695110, 31.881281>, 0.100000
	pigment { color rgbt <1,0,0,0> }
	no_shadow
}

// particle -1
sphere {
	<25.332165, 32.331753, 32.022846> 0.100000
	pigment { color rgbt <1,0,0,0> }
	no_shadow
}
sphere {
	0, 1
	scale<0.080000,0.200000,0.300000>
	matrix <-0.443445, -0.417651, -0.793047,
		0.868213, 0.019615, -0.495804,
		0.222629, -0.908396, 0.353912,
		25.398952, 32.059235, 32.129021>
	pigment { color rgbt <0,1,1,0> }
	no_shadow
}
cylinder {
	<25.717751, 32.889622, 31.301548>,  <25.243113, 32.695110, 31.881281>, 0.130000
	pigment { color rgbt <1,0,0,0> }
	no_shadow
}

// nucleotide -1

// particle -1
sphere {
	<25.717751, 32.889622, 31.301548> 0.250000
	pigment { color rgbt <1,0,0,0> }
	no_shadow
}
cylinder {
	<25.935316, 32.556152, 31.263309>,  <26.065855, 32.356071, 31.240366>, 0.100000
	pigment { color rgbt <1,0,0,0> }
	no_shadow
}
cylinder {
	<25.935316, 32.556152, 31.263309>,  <25.717751, 32.889622, 31.301548>, 0.100000
	pigment { color rgbt <1,0,0,0> }
	no_shadow
}

// particle -1
sphere {
	<25.935316, 32.556152, 31.263309> 0.100000
	pigment { color rgbt <1,0,0,0> }
	no_shadow
}
sphere {
	0, 1
	scale<0.080000,0.200000,0.300000>
	matrix <-0.734885, -0.418244, -0.533869,
		0.405093, 0.360631, -0.840146,
		0.543916, -0.833677, -0.095594,
		26.098492, 32.306049, 31.234631>
	pigment { color rgbt <0,1,1,0> }
	no_shadow
}
cylinder {
	<26.358608, 33.280396, 31.349831>,  <25.717751, 32.889622, 31.301548>, 0.130000
	pigment { color rgbt <1,0,0,0> }
	no_shadow
}

// nucleotide -1

// particle -1
sphere {
	<26.358608, 33.280396, 31.349831> 0.250000
	pigment { color rgbt <1,0,0,0> }
	no_shadow
}
cylinder {
	<26.719357, 33.308224, 31.520376>,  <26.935806, 33.324921, 31.622704>, 0.100000
	pigment { color rgbt <1,0,0,0> }
	no_shadow
}
cylinder {
	<26.719357, 33.308224, 31.520376>,  <26.358608, 33.280396, 31.349831>, 0.100000
	pigment { color rgbt <1,0,0,0> }
	no_shadow
}

// particle -1
sphere {
	<26.719357, 33.308224, 31.520376> 0.100000
	pigment { color rgbt <1,0,0,0> }
	no_shadow
}
sphere {
	0, 1
	scale<0.080000,0.200000,0.300000>
	matrix <-0.428504, 0.269418, 0.862438,
		-0.054870, -0.960507, 0.272792,
		0.901873, 0.069571, 0.426364,
		26.989918, 33.329094, 31.648285>
	pigment { color rgbt <0,1,1,0> }
	no_shadow
}
cylinder {
	<26.285849, 32.994690, 31.971817>,  <26.358608, 33.280396, 31.349831>, 0.130000
	pigment { color rgbt <1,0,0,0> }
	no_shadow
}

// nucleotide -1

// particle -1
sphere {
	<26.285849, 32.994690, 31.971817> 0.250000
	pigment { color rgbt <1,0,0,0> }
	no_shadow
}
cylinder {
	<26.571768, 33.274185, 31.983334>,  <26.743319, 33.441883, 31.990244>, 0.100000
	pigment { color rgbt <1,0,0,0> }
	no_shadow
}
cylinder {
	<26.571768, 33.274185, 31.983334>,  <26.285849, 32.994690, 31.971817>, 0.100000
	pigment { color rgbt <1,0,0,0> }
	no_shadow
}

// particle -1
sphere {
	<26.571768, 33.274185, 31.983334> 0.100000
	pigment { color rgbt <1,0,0,0> }
	no_shadow
}
sphere {
	0, 1
	scale<0.080000,0.200000,0.300000>
	matrix <-0.373836, 0.346988, 0.860143,
		0.591026, -0.625590, 0.509240,
		0.714797, 0.698739, 0.028789,
		26.786207, 33.483807, 31.991970>
	pigment { color rgbt <0,1,1,0> }
	no_shadow
}
cylinder {
	<27.025671, 32.709637, 32.241867>,  <26.285849, 32.994690, 31.971817>, 0.130000
	pigment { color rgbt <1,0,0,0> }
	no_shadow
}

// nucleotide -1

// particle -1
sphere {
	<27.025671, 32.709637, 32.241867> 0.250000
	pigment { color rgbt <1,0,0,0> }
	no_shadow
}
cylinder {
	<26.658863, 32.627529, 32.378654>,  <26.438778, 32.578266, 32.460728>, 0.100000
	pigment { color rgbt <1,0,0,0> }
	no_shadow
}
cylinder {
	<26.658863, 32.627529, 32.378654>,  <27.025671, 32.709637, 32.241867>, 0.100000
	pigment { color rgbt <1,0,0,0> }
	no_shadow
}

// particle -1
sphere {
	<26.658863, 32.627529, 32.378654> 0.100000
	pigment { color rgbt <1,0,0,0> }
	no_shadow
}
sphere {
	0, 1
	scale<0.080000,0.200000,0.300000>
	matrix <0.015321, 0.838631, 0.544484,
		-0.398551, 0.504541, -0.765895,
		-0.917018, -0.205270, 0.341968,
		26.383759, 32.565948, 32.481243>
	pigment { color rgbt <0,1,1,0> }
	no_shadow
}
cylinder {
	<26.677105, 33.320107, 32.471840>,  <27.025671, 32.709637, 32.241867>, 0.130000
	pigment { color rgbt <1,0,0,0> }
	no_shadow
}

// nucleotide -1

// particle -1
sphere {
	<26.677105, 33.320107, 32.471840> 0.250000
	pigment { color rgbt <1,0,0,0> }
	no_shadow
}
cylinder {
	<26.441511, 33.060707, 32.664734>,  <26.300156, 32.905067, 32.780468>, 0.100000
	pigment { color rgbt <1,0,0,0> }
	no_shadow
}
cylinder {
	<26.441511, 33.060707, 32.664734>,  <26.677105, 33.320107, 32.471840>, 0.100000
	pigment { color rgbt <1,0,0,0> }
	no_shadow
}

// particle -1
sphere {
	<26.441511, 33.060707, 32.664734> 0.100000
	pigment { color rgbt <1,0,0,0> }
	no_shadow
}
sphere {
	0, 1
	scale<0.080000,0.200000,0.300000>
	matrix <-0.047663, 0.623551, 0.780329,
		-0.806737, 0.436617, -0.398171,
		-0.588985, -0.648498, 0.482231,
		26.264816, 32.866158, 32.809402>
	pigment { color rgbt <0,1,1,0> }
	no_shadow
}
cylinder {
	<26.098362, 33.675785, 32.651569>,  <26.677105, 33.320107, 32.471840>, 0.130000
	pigment { color rgbt <1,0,0,0> }
	no_shadow
}

// nucleotide -1

// particle -1
sphere {
	<26.098362, 33.675785, 32.651569> 0.250000
	pigment { color rgbt <1,0,0,0> }
	no_shadow
}
cylinder {
	<26.128986, 33.369129, 32.906570>,  <26.147362, 33.185135, 33.059570>, 0.100000
	pigment { color rgbt <1,0,0,0> }
	no_shadow
}
cylinder {
	<26.128986, 33.369129, 32.906570>,  <26.098362, 33.675785, 32.651569>, 0.100000
	pigment { color rgbt <1,0,0,0> }
	no_shadow
}

// particle -1
sphere {
	<26.128986, 33.369129, 32.906570> 0.100000
	pigment { color rgbt <1,0,0,0> }
	no_shadow
}
sphere {
	0, 1
	scale<0.080000,0.200000,0.300000>
	matrix <-0.187077, 0.616978, 0.764422,
		-0.979357, -0.177786, -0.096183,
		0.076561, -0.766636, 0.637501,
		26.151955, 33.139137, 33.097820>
	pigment { color rgbt <0,1,1,0> }
	no_shadow
}
cylinder {
	<25.500126, 33.758705, 32.952187>,  <26.098362, 33.675785, 32.651569>, 0.130000
	pigment { color rgbt <1,0,0,0> }
	no_shadow
}

// nucleotide -1

// particle -1
sphere {
	<25.500126, 33.758705, 32.952187> 0.250000
	pigment { color rgbt <1,0,0,0> }
	no_shadow
}
cylinder {
	<25.749783, 33.544472, 33.179729>,  <25.899576, 33.415932, 33.316254>, 0.100000
	pigment { color rgbt <1,0,0,0> }
	no_shadow
}
cylinder {
	<25.749783, 33.544472, 33.179729>,  <25.500126, 33.758705, 32.952187>, 0.100000
	pigment { color rgbt <1,0,0,0> }
	no_shadow
}

// particle -1
sphere {
	<25.749783, 33.544472, 33.179729> 0.100000
	pigment { color rgbt <1,0,0,0> }
	no_shadow
}
sphere {
	0, 1
	scale<0.080000,0.200000,0.300000>
	matrix <-0.302188, 0.505943, 0.807901,
		-0.720507, -0.676147, 0.153933,
		0.624141, -0.535582, 0.568859,
		25.937025, 33.383797, 33.350388>
	pigment { color rgbt <0,1,1,0> }
	no_shadow
}
cylinder {
	<24.829624, 34.012989, 32.968281>,  <25.500126, 33.758705, 32.952187>, 0.130000
	pigment { color rgbt <1,0,0,0> }
	no_shadow
}

// nucleotide -1

// particle -1
sphere {
	<24.829624, 34.012989, 32.968281> 0.250000
	pigment { color rgbt <1,0,0,0> }
	no_shadow
}
cylinder {
	<24.541473, 34.117222, 32.711174>,  <24.368584, 34.179764, 32.556908>, 0.100000
	pigment { color rgbt <1,0,0,0> }
	no_shadow
}
cylinder {
	<24.541473, 34.117222, 32.711174>,  <24.829624, 34.012989, 32.968281>, 0.100000
	pigment { color rgbt <1,0,0,0> }
	no_shadow
}

// particle -1
sphere {
	<24.541473, 34.117222, 32.711174> 0.100000
	pigment { color rgbt <1,0,0,0> }
	no_shadow
}
sphere {
	0, 1
	scale<0.080000,0.200000,0.300000>
	matrix <0.168785, -0.833015, -0.526876,
		-0.672735, -0.488038, 0.556100,
		-0.720375, 0.260586, -0.642772,
		24.325361, 34.195396, 32.518341>
	pigment { color rgbt <0,1,1,0> }
	no_shadow
}
cylinder {
	<25.133339, 33.796883, 33.584587>,  <24.829624, 34.012989, 32.968281>, 0.130000
	pigment { color rgbt <1,0,0,0> }
	no_shadow
}

// nucleotide -1

// particle -1
sphere {
	<25.133339, 33.796883, 33.584587> 0.250000
	pigment { color rgbt <1,0,0,0> }
	no_shadow
}
cylinder {
	<25.503201, 33.664627, 33.660156>,  <25.725117, 33.585274, 33.705498>, 0.100000
	pigment { color rgbt <1,0,0,0> }
	no_shadow
}
cylinder {
	<25.503201, 33.664627, 33.660156>,  <25.133339, 33.796883, 33.584587>, 0.100000
	pigment { color rgbt <1,0,0,0> }
	no_shadow
}

// particle -1
sphere {
	<25.503201, 33.664627, 33.660156> 0.100000
	pigment { color rgbt <1,0,0,0> }
	no_shadow
}
sphere {
	0, 1
	scale<0.080000,0.200000,0.300000>
	matrix <-0.007335, 0.480558, 0.876932,
		-0.380738, -0.812245, 0.441925,
		0.924654, -0.330640, 0.188925,
		25.780598, 33.565434, 33.716835>
	pigment { color rgbt <0,1,1,0> }
	no_shadow
}
cylinder {
	<25.157337, 33.533390, 34.274315>,  <25.133339, 33.796883, 33.584587>, 0.130000
	pigment { color rgbt <1,0,0,0> }
	no_shadow
}

// nucleotide -1

// particle -1
sphere {
	<25.157337, 33.533390, 34.274315> 0.250000
	pigment { color rgbt <1,0,0,0> }
	no_shadow
}
cylinder {
	<25.544333, 33.612900, 34.211761>,  <25.776529, 33.660606, 34.174229>, 0.100000
	pigment { color rgbt <1,0,0,0> }
	no_shadow
}
cylinder {
	<25.544333, 33.612900, 34.211761>,  <25.157337, 33.533390, 34.274315>, 0.100000
	pigment { color rgbt <1,0,0,0> }
	no_shadow
}

// particle -1
sphere {
	<25.544333, 33.612900, 34.211761> 0.100000
	pigment { color rgbt <1,0,0,0> }
	no_shadow
}
sphere {
	0, 1
	scale<0.080000,0.200000,0.300000>
	matrix <-0.009346, 0.645990, 0.763289,
		0.252746, -0.737011, 0.626845,
		0.967488, 0.198776, -0.156384,
		25.834579, 33.672531, 34.164845>
	pigment { color rgbt <0,1,1,0> }
	no_shadow
}
cylinder {
	<25.438030, 33.537659, 34.930836>,  <25.157337, 33.533390, 34.274315>, 0.130000
	pigment { color rgbt <1,0,0,0> }
	no_shadow
}

// nucleotide -1

// particle -1
sphere {
	<25.438030, 33.537659, 34.930836> 0.250000
	pigment { color rgbt <1,0,0,0> }
	no_shadow
}
cylinder {
	<25.632843, 33.792404, 34.691769>,  <25.749731, 33.945251, 34.548328>, 0.100000
	pigment { color rgbt <1,0,0,0> }
	no_shadow
}
cylinder {
	<25.632843, 33.792404, 34.691769>,  <25.438030, 33.537659, 34.930836>, 0.100000
	pigment { color rgbt <1,0,0,0> }
	no_shadow
}

// particle -1
sphere {
	<25.632843, 33.792404, 34.691769> 0.100000
	pigment { color rgbt <1,0,0,0> }
	no_shadow
}
sphere {
	0, 1
	scale<0.080000,0.200000,0.300000>
	matrix <-0.033872, 0.697569, 0.715717,
		0.872728, -0.328332, 0.361310,
		0.487031, 0.636864, -0.597666,
		25.778954, 33.983463, 34.512470>
	pigment { color rgbt <0,1,1,0> }
	no_shadow
}
cylinder {
	<26.096291, 33.350197, 35.341541>,  <25.438030, 33.537659, 34.930836>, 0.130000
	pigment { color rgbt <1,0,0,0> }
	no_shadow
}

// nucleotide -1

// particle -1
sphere {
	<26.096291, 33.350197, 35.341541> 0.250000
	pigment { color rgbt <1,0,0,0> }
	no_shadow
}
cylinder {
	<26.194611, 33.591091, 35.037727>,  <26.253603, 33.735630, 34.855438>, 0.100000
	pigment { color rgbt <1,0,0,0> }
	no_shadow
}
cylinder {
	<26.194611, 33.591091, 35.037727>,  <26.096291, 33.350197, 35.341541>, 0.100000
	pigment { color rgbt <1,0,0,0> }
	no_shadow
}

// particle -1
sphere {
	<26.194611, 33.591091, 35.037727> 0.100000
	pigment { color rgbt <1,0,0,0> }
	no_shadow
}
sphere {
	0, 1
	scale<0.080000,0.200000,0.300000>
	matrix <-0.277190, 0.794522, 0.540278,
		0.928843, 0.077736, 0.362226,
		0.245798, 0.602239, -0.759534,
		26.268351, 33.771763, 34.809868>
	pigment { color rgbt <0,1,1,0> }
	no_shadow
}
cylinder {
	<26.595793, 33.790146, 35.621452>,  <26.096291, 33.350197, 35.341541>, 0.130000
	pigment { color rgbt <1,0,0,0> }
	no_shadow
}

// nucleotide -1

// particle -1
sphere {
	<26.595793, 33.790146, 35.621452> 0.250000
	pigment { color rgbt <1,0,0,0> }
	no_shadow
}
cylinder {
	<26.441828, 33.963547, 35.295528>,  <26.349449, 34.067589, 35.099972>, 0.100000
	pigment { color rgbt <1,0,0,0> }
	no_shadow
}
cylinder {
	<26.441828, 33.963547, 35.295528>,  <26.595793, 33.790146, 35.621452>, 0.100000
	pigment { color rgbt <1,0,0,0> }
	no_shadow
}

// particle -1
sphere {
	<26.441828, 33.963547, 35.295528> 0.100000
	pigment { color rgbt <1,0,0,0> }
	no_shadow
}
sphere {
	0, 1
	scale<0.080000,0.200000,0.300000>
	matrix <-0.012354, 0.880333, 0.474196,
		0.922870, 0.192591, -0.333497,
		-0.384914, 0.433501, -0.814812,
		26.326353, 34.093597, 35.051086>
	pigment { color rgbt <0,1,1,0> }
	no_shadow
}
cylinder {
	<27.116674, 34.321548, 35.468914>,  <26.595793, 33.790146, 35.621452>, 0.130000
	pigment { color rgbt <1,0,0,0> }
	no_shadow
}

// nucleotide -1

// particle -1
sphere {
	<27.116674, 34.321548, 35.468914> 0.250000
	pigment { color rgbt <1,0,0,0> }
	no_shadow
}
cylinder {
	<26.761406, 34.418488, 35.312752>,  <26.548244, 34.476650, 35.219055>, 0.100000
	pigment { color rgbt <1,0,0,0> }
	no_shadow
}
cylinder {
	<26.761406, 34.418488, 35.312752>,  <27.116674, 34.321548, 35.468914>, 0.100000
	pigment { color rgbt <1,0,0,0> }
	no_shadow
}

// particle -1
sphere {
	<26.761406, 34.418488, 35.312752> 0.100000
	pigment { color rgbt <1,0,0,0> }
	no_shadow
}
sphere {
	0, 1
	scale<0.080000,0.200000,0.300000>
	matrix <-0.094426, 0.735219, 0.671220,
		0.449702, 0.633024, -0.630118,
		-0.888173, 0.242349, -0.390404,
		26.494953, 34.491192, 35.195629>
	pigment { color rgbt <0,1,1,0> }
	no_shadow
}
cylinder {
	<27.066217, 35.043839, 35.594250>,  <27.116674, 34.321548, 35.468914>, 0.130000
	pigment { color rgbt <1,0,0,0> }
	no_shadow
}

// nucleotide -1

// particle -1
sphere {
	<27.066217, 35.043839, 35.594250> 0.250000
	pigment { color rgbt <1,0,0,0> }
	no_shadow
}
cylinder {
	<26.697672, 34.903553, 35.527203>,  <26.476545, 34.819382, 35.486973>, 0.100000
	pigment { color rgbt <1,0,0,0> }
	no_shadow
}
cylinder {
	<26.697672, 34.903553, 35.527203>,  <27.066217, 35.043839, 35.594250>, 0.100000
	pigment { color rgbt <1,0,0,0> }
	no_shadow
}

// particle -1
sphere {
	<26.697672, 34.903553, 35.527203> 0.100000
	pigment { color rgbt <1,0,0,0> }
	no_shadow
}
sphere {
	0, 1
	scale<0.080000,0.200000,0.300000>
	matrix <-0.379433, 0.717832, 0.583736,
		-0.084400, 0.601432, -0.794454,
		-0.921362, -0.350710, -0.167618,
		26.421263, 34.798340, 35.476917>
	pigment { color rgbt <0,1,1,0> }
	no_shadow
}
cylinder {
	<27.715233, 34.721966, 35.898918>,  <27.066217, 35.043839, 35.594250>, 0.130000
	pigment { color rgbt <1,0,0,0> }
	no_shadow
}

// nucleotide -1

// particle -1
sphere {
	<27.715233, 34.721966, 35.898918> 0.250000
	pigment { color rgbt <1,0,0,0> }
	no_shadow
}
cylinder {
	<28.027393, 34.480854, 35.965412>,  <28.214689, 34.336189, 36.005310>, 0.100000
	pigment { color rgbt <1,0,0,0> }
	no_shadow
}
cylinder {
	<28.027393, 34.480854, 35.965412>,  <27.715233, 34.721966, 35.898918>, 0.100000
	pigment { color rgbt <1,0,0,0> }
	no_shadow
}

// particle -1
sphere {
	<28.027393, 34.480854, 35.965412> 0.100000
	pigment { color rgbt <1,0,0,0> }
	no_shadow
}
sphere {
	0, 1
	scale<0.080000,0.200000,0.300000>
	matrix <0.603597, 0.795632, 0.051379,
		-0.163233, 0.060244, 0.984746,
		0.780401, -0.602777, 0.166237,
		28.261513, 34.300022, 36.015282>
	pigment { color rgbt <0,1,1,0> }
	no_shadow
}
cylinder {
	<28.092373, 34.940243, 36.609776>,  <27.715233, 34.721966, 35.898918>, 0.130000
	pigment { color rgbt <1,0,0,0> }
	no_shadow
}

// nucleotide -1

// particle -1
sphere {
	<28.092373, 34.940243, 36.609776> 0.250000
	pigment { color rgbt <1,0,0,0> }
	no_shadow
}
cylinder {
	<28.302052, 34.778530, 36.309971>,  <28.427858, 34.681503, 36.130089>, 0.100000
	pigment { color rgbt <1,0,0,0> }
	no_shadow
}
cylinder {
	<28.302052, 34.778530, 36.309971>,  <28.092373, 34.940243, 36.609776>, 0.100000
	pigment { color rgbt <1,0,0,0> }
	no_shadow
}

// particle -1
sphere {
	<28.302052, 34.778530, 36.309971> 0.100000
	pigment { color rgbt <1,0,0,0> }
	no_shadow
}
sphere {
	0, 1
	scale<0.080000,0.200000,0.300000>
	matrix <0.585566, 0.810160, -0.027457,
		0.618328, -0.424498, 0.661417,
		0.524198, -0.404280, -0.749516,
		28.459311, 34.657246, 36.085117>
	pigment { color rgbt <0,1,1,0> }
	no_shadow
}
cylinder {
	<28.767717, 35.058540, 36.660091>,  <28.092373, 34.940243, 36.609776>, 0.130000
	pigment { color rgbt <1,0,0,0> }
	no_shadow
}

// nucleotide -1

// particle -1
sphere {
	<28.767717, 35.058540, 36.660091> 0.250000
	pigment { color rgbt <1,0,0,0> }
	no_shadow
}
cylinder {
	<28.835026, 34.940166, 36.283981>,  <28.875410, 34.869144, 36.058315>, 0.100000
	pigment { color rgbt <1,0,0,0> }
	no_shadow
}
cylinder {
	<28.835026, 34.940166, 36.283981>,  <28.767717, 35.058540, 36.660091>, 0.100000
	pigment { color rgbt <1,0,0,0> }
	no_shadow
}

// particle -1
sphere {
	<28.835026, 34.940166, 36.283981> 0.100000
	pigment { color rgbt <1,0,0,0> }
	no_shadow
}
sphere {
	0, 1
	scale<0.080000,0.200000,0.300000>
	matrix <0.544027, 0.823327, -0.161765,
		0.822021, -0.484313, 0.299536,
		0.168271, -0.295930, -0.940271,
		28.885508, 34.851387, 36.001900>
	pigment { color rgbt <0,1,1,0> }
	no_shadow
}
cylinder {
	<29.543898, 34.981686, 36.583271>,  <28.767717, 35.058540, 36.660091>, 0.130000
	pigment { color rgbt <1,0,0,0> }
	no_shadow
}

// nucleotide -1

// particle -1
sphere {
	<29.543898, 34.981686, 36.583271> 0.250000
	pigment { color rgbt <1,0,0,0> }
	no_shadow
}
cylinder {
	<29.357391, 35.077633, 36.242668>,  <29.245487, 35.135201, 36.038307>, 0.100000
	pigment { color rgbt <1,0,0,0> }
	no_shadow
}
cylinder {
	<29.357391, 35.077633, 36.242668>,  <29.543898, 34.981686, 36.583271>, 0.100000
	pigment { color rgbt <1,0,0,0> }
	no_shadow
}

// particle -1
sphere {
	<29.357391, 35.077633, 36.242668> 0.100000
	pigment { color rgbt <1,0,0,0> }
	no_shadow
}
sphere {
	0, 1
	scale<0.080000,0.200000,0.300000>
	matrix <0.625992, 0.769585, -0.125989,
		0.625084, -0.591779, -0.508987,
		-0.466267, 0.239868, -0.851504,
		29.217512, 35.149593, 35.987217>
	pigment { color rgbt <0,1,1,0> }
	no_shadow
}
cylinder {
	<30.059120, 34.954674, 36.012112>,  <29.543898, 34.981686, 36.583271>, 0.130000
	pigment { color rgbt <1,0,0,0> }
	no_shadow
}

// nucleotide -1

// particle -1
sphere {
	<30.059120, 34.954674, 36.012112> 0.250000
	pigment { color rgbt <1,0,0,0> }
	no_shadow
}
cylinder {
	<29.754902, 35.180210, 35.883327>,  <29.572371, 35.315533, 35.806057>, 0.100000
	pigment { color rgbt <1,0,0,0> }
	no_shadow
}
cylinder {
	<29.754902, 35.180210, 35.883327>,  <30.059120, 34.954674, 36.012112>, 0.100000
	pigment { color rgbt <1,0,0,0> }
	no_shadow
}

// particle -1
sphere {
	<29.754902, 35.180210, 35.883327> 0.100000
	pigment { color rgbt <1,0,0,0> }
	no_shadow
}
sphere {
	0, 1
	scale<0.080000,0.200000,0.300000>
	matrix <0.630600, 0.759555, -0.159436,
		0.154651, -0.324286, -0.933232,
		-0.760544, 0.563839, -0.321961,
		29.526739, 35.349361, 35.786739>
	pigment { color rgbt <0,1,1,0> }
	no_shadow
}
cylinder {
	<30.262238, 35.262939, 35.467663>,  <30.059120, 34.954674, 36.012112>, 0.130000
	pigment { color rgbt <1,0,0,0> }
	no_shadow
}

// nucleotide -1

// particle -1
sphere {
	<30.262238, 35.262939, 35.467663> 0.250000
	pigment { color rgbt <1,0,0,0> }
	no_shadow
}
cylinder {
	<29.963598, 35.513618, 35.556965>,  <29.784414, 35.664024, 35.610546>, 0.100000
	pigment { color rgbt <1,0,0,0> }
	no_shadow
}
cylinder {
	<29.963598, 35.513618, 35.556965>,  <30.262238, 35.262939, 35.467663>, 0.100000
	pigment { color rgbt <1,0,0,0> }
	no_shadow
}

// particle -1
sphere {
	<29.963598, 35.513618, 35.556965> 0.100000
	pigment { color rgbt <1,0,0,0> }
	no_shadow
}
sphere {
	0, 1
	scale<0.080000,0.200000,0.300000>
	matrix <0.601524, 0.779260, -0.175850,
		-0.284178, 0.003003, -0.958767,
		-0.746600, 0.626694, 0.223255,
		29.739618, 35.701626, 35.623940>
	pigment { color rgbt <0,1,1,0> }
	no_shadow
}
cylinder {
	<30.468481, 35.931923, 35.147778>,  <30.262238, 35.262939, 35.467663>, 0.130000
	pigment { color rgbt <1,0,0,0> }
	no_shadow
}

// nucleotide -1

// particle -1
sphere {
	<30.468481, 35.931923, 35.147778> 0.250000
	pigment { color rgbt <1,0,0,0> }
	no_shadow
}
cylinder {
	<30.103106, 36.023270, 35.282528>,  <29.883881, 36.078075, 35.363377>, 0.100000
	pigment { color rgbt <1,0,0,0> }
	no_shadow
}
cylinder {
	<30.103106, 36.023270, 35.282528>,  <30.468481, 35.931923, 35.147778>, 0.100000
	pigment { color rgbt <1,0,0,0> }
	no_shadow
}

// particle -1
sphere {
	<30.103106, 36.023270, 35.282528> 0.100000
	pigment { color rgbt <1,0,0,0> }
	no_shadow
}
sphere {
	0, 1
	scale<0.080000,0.200000,0.300000>
	matrix <0.218262, 0.973510, -0.068113,
		-0.343504, 0.011309, -0.939083,
		-0.913437, 0.228363, 0.336873,
		29.829075, 36.091778, 35.383591>
	pigment { color rgbt <0,1,1,0> }
	no_shadow
}
cylinder {
	<30.256819, 36.551144, 34.705780>,  <30.468481, 35.931923, 35.147778>, 0.130000
	pigment { color rgbt <1,0,0,0> }
	no_shadow
}

// nucleotide -1

// particle -1
sphere {
	<30.256819, 36.551144, 34.705780> 0.250000
	pigment { color rgbt <1,0,0,0> }
	no_shadow
}
cylinder {
	<30.029493, 36.547302, 35.034882>,  <29.893099, 36.544998, 35.232342>, 0.100000
	pigment { color rgbt <1,0,0,0> }
	no_shadow
}
cylinder {
	<30.029493, 36.547302, 35.034882>,  <30.256819, 36.551144, 34.705780>, 0.100000
	pigment { color rgbt <1,0,0,0> }
	no_shadow
}

// particle -1
sphere {
	<30.029493, 36.547302, 35.034882> 0.100000
	pigment { color rgbt <1,0,0,0> }
	no_shadow
}
sphere {
	0, 1
	scale<0.080000,0.200000,0.300000>
	matrix <0.196994, 0.969263, 0.147382,
		-0.798883, 0.245838, -0.548954,
		-0.568313, -0.009600, 0.822757,
		29.858999, 36.544422, 35.281708>
	pigment { color rgbt <0,1,1,0> }
	no_shadow
}
cylinder {
	<29.676706, 36.919334, 34.573402>,  <30.256819, 36.551144, 34.705780>, 0.130000
	pigment { color rgbt <1,0,0,0> }
	no_shadow
}

// nucleotide -1

// particle -1
sphere {
	<29.676706, 36.919334, 34.573402> 0.250000
	pigment { color rgbt <1,0,0,0> }
	no_shadow
}
cylinder {
	<29.816904, 36.932003, 34.947815>,  <29.901022, 36.939606, 35.172462>, 0.100000
	pigment { color rgbt <1,0,0,0> }
	no_shadow
}
cylinder {
	<29.816904, 36.932003, 34.947815>,  <29.676706, 36.919334, 34.573402>, 0.100000
	pigment { color rgbt <1,0,0,0> }
	no_shadow
}

// particle -1
sphere {
	<29.816904, 36.932003, 34.947815> 0.100000
	pigment { color rgbt <1,0,0,0> }
	no_shadow
}
sphere {
	0, 1
	scale<0.080000,0.200000,0.300000>
	matrix <0.195657, 0.974899, -0.106253,
		-0.915900, 0.220382, 0.335498,
		0.350493, 0.031674, 0.936029,
		29.922052, 36.941505, 35.228622>
	pigment { color rgbt <0,1,1,0> }
	no_shadow
}
cylinder {
	<29.330734, 37.451183, 35.096851>,  <29.676706, 36.919334, 34.573402>, 0.130000
	pigment { color rgbt <1,0,0,0> }
	no_shadow
}

// nucleotide -1

// particle -1
sphere {
	<29.330734, 37.451183, 35.096851> 0.250000
	pigment { color rgbt <1,0,0,0> }
	no_shadow
}
cylinder {
	<29.724234, 37.407486, 35.153843>,  <29.960333, 37.381268, 35.188038>, 0.100000
	pigment { color rgbt <1,0,0,0> }
	no_shadow
}
cylinder {
	<29.724234, 37.407486, 35.153843>,  <29.330734, 37.451183, 35.096851>, 0.100000
	pigment { color rgbt <1,0,0,0> }
	no_shadow
}

// particle -1
sphere {
	<29.724234, 37.407486, 35.153843> 0.100000
	pigment { color rgbt <1,0,0,0> }
	no_shadow
}
sphere {
	0, 1
	scale<0.080000,0.200000,0.300000>
	matrix <0.114014, 0.993146, -0.025710,
		-0.138696, 0.041537, 0.989464,
		0.983750, -0.109247, 0.142481,
		30.019360, 37.374710, 35.196587>
	pigment { color rgbt <0,1,1,0> }
	no_shadow
}
cylinder {
	<29.449053, 37.862514, 35.538414>,  <29.330734, 37.451183, 35.096851>, 0.130000
	pigment { color rgbt <1,0,0,0> }
	no_shadow
}

// nucleotide -1

// particle -1
sphere {
	<29.449053, 37.862514, 35.538414> 0.250000
	pigment { color rgbt <1,0,0,0> }
	no_shadow
}
cylinder {
	<29.751038, 37.812008, 35.281013>,  <29.932228, 37.781704, 35.126575>, 0.100000
	pigment { color rgbt <1,0,0,0> }
	no_shadow
}
cylinder {
	<29.751038, 37.812008, 35.281013>,  <29.449053, 37.862514, 35.538414>, 0.100000
	pigment { color rgbt <1,0,0,0> }
	no_shadow
}

// particle -1
sphere {
	<29.751038, 37.812008, 35.281013> 0.100000
	pigment { color rgbt <1,0,0,0> }
	no_shadow
}
sphere {
	0, 1
	scale<0.080000,0.200000,0.300000>
	matrix <0.212969, 0.975307, 0.058490,
		0.620224, -0.181203, 0.763209,
		0.754962, -0.126263, -0.643499,
		29.977526, 37.774128, 35.087963>
	pigment { color rgbt <0,1,1,0> }
	no_shadow
}
cylinder {
	<30.138445, 38.190929, 35.786491>,  <29.449053, 37.862514, 35.538414>, 0.130000
	pigment { color rgbt <1,0,0,0> }
	no_shadow
}

// nucleotide -1

// particle -1
sphere {
	<30.138445, 38.190929, 35.786491> 0.250000
	pigment { color rgbt <1,0,0,0> }
	no_shadow
}
cylinder {
	<30.139439, 38.144161, 35.389236>,  <30.140036, 38.116100, 35.150883>, 0.100000
	pigment { color rgbt <1,0,0,0> }
	no_shadow
}
cylinder {
	<30.139439, 38.144161, 35.389236>,  <30.138445, 38.190929, 35.786491>, 0.100000
	pigment { color rgbt <1,0,0,0> }
	no_shadow
}

// particle -1
sphere {
	<30.139439, 38.144161, 35.389236> 0.100000
	pigment { color rgbt <1,0,0,0> }
	no_shadow
}
sphere {
	0, 1
	scale<0.080000,0.200000,0.300000>
	matrix <0.202091, 0.972708, -0.114012,
		0.979364, -0.200421, 0.026047,
		0.002486, -0.116923, -0.993138,
		30.140184, 38.109085, 35.091293>
	pigment { color rgbt <0,1,1,0> }
	no_shadow
}
cylinder {
	<30.857367, 38.253582, 35.454426>,  <30.138445, 38.190929, 35.786491>, 0.130000
	pigment { color rgbt <1,0,0,0> }
	no_shadow
}

// nucleotide -1

// particle -1
sphere {
	<30.857367, 38.253582, 35.454426> 0.250000
	pigment { color rgbt <1,0,0,0> }
	no_shadow
}
cylinder {
	<30.573620, 38.341064, 35.186405>,  <30.403372, 38.393555, 35.025593>, 0.100000
	pigment { color rgbt <1,0,0,0> }
	no_shadow
}
cylinder {
	<30.573620, 38.341064, 35.186405>,  <30.857367, 38.253582, 35.454426>, 0.100000
	pigment { color rgbt <1,0,0,0> }
	no_shadow
}

// particle -1
sphere {
	<30.573620, 38.341064, 35.186405> 0.100000
	pigment { color rgbt <1,0,0,0> }
	no_shadow
}
sphere {
	0, 1
	scale<0.080000,0.200000,0.300000>
	matrix <0.573022, 0.732496, -0.367554,
		0.410424, -0.644684, -0.644930,
		-0.709365, 0.218705, -0.670052,
		30.360811, 38.406677, 34.985390>
	pigment { color rgbt <0,1,1,0> }
	no_shadow
}
cylinder {
	<31.126440, 37.545746, 35.436783>,  <30.857367, 38.253582, 35.454426>, 0.130000
	pigment { color rgbt <1,0,0,0> }
	no_shadow
}

// nucleotide -1

// particle -1
sphere {
	<31.126440, 37.545746, 35.436783> 0.250000
	pigment { color rgbt <1,0,0,0> }
	no_shadow
}
cylinder {
	<30.772779, 37.648888, 35.592625>,  <30.560583, 37.710773, 35.686131>, 0.100000
	pigment { color rgbt <1,0,0,0> }
	no_shadow
}
cylinder {
	<30.772779, 37.648888, 35.592625>,  <31.126440, 37.545746, 35.436783>, 0.100000
	pigment { color rgbt <1,0,0,0> }
	no_shadow
}

// particle -1
sphere {
	<30.772779, 37.648888, 35.592625> 0.100000
	pigment { color rgbt <1,0,0,0> }
	no_shadow
}
sphere {
	0, 1
	scale<0.080000,0.200000,0.300000>
	matrix <-0.292695, -0.955679, -0.031733,
		0.364152, -0.142091, 0.920436,
		-0.884151, 0.257851, 0.389602,
		30.507534, 37.726242, 35.709507>
	pigment { color rgbt <0,1,1,0> }
	no_shadow
}
cylinder {
	<30.886719, 37.175240, 36.113483>,  <31.126440, 37.545746, 35.436783>, 0.130000
	pigment { color rgbt <1,0,0,0> }
	no_shadow
}

// nucleotide -1

// particle -1
sphere {
	<30.886719, 37.175240, 36.113483> 0.250000
	pigment { color rgbt <1,0,0,0> }
	no_shadow
}
cylinder {
	<30.531210, 37.305672, 35.984642>,  <30.317904, 37.383930, 35.907337>, 0.100000
	pigment { color rgbt <1,0,0,0> }
	no_shadow
}
cylinder {
	<30.531210, 37.305672, 35.984642>,  <30.886719, 37.175240, 36.113483>, 0.100000
	pigment { color rgbt <1,0,0,0> }
	no_shadow
}

// particle -1
sphere {
	<30.531210, 37.305672, 35.984642> 0.100000
	pigment { color rgbt <1,0,0,0> }
	no_shadow
}
sphere {
	0, 1
	scale<0.080000,0.200000,0.300000>
	matrix <-0.329311, -0.943096, -0.046079,
