// switches for output
#declare DRAW_BASES = 1; // possible values are 0, 1; only relevant for DNA ribbons
#declare DRAW_BASES_TYPE = 3; // possible values are 1, 2, 3; only relevant for DNA ribbons
#declare DRAW_FOG = 0; // set to 1 to enable fog

#include "colors.inc"

#include "transforms.inc"
background { rgb <1, 1, 1>}

#default {
   normal{
       ripples 0.25
       frequency 0.20
       turbulence 0.2
       lambda 5
   }
	finish {
		phong 0.1
		phong_size 40.
	}
}

// original window dimensions: 1024x640


// camera settings

camera {
	sky <0, 0.179814, -0.983701>
	up <0, 0.179814, -0.983701>
	right 1.6 * <1, 0, 0>
	location <35, 94.9851, 44.8844>
	look_at <35, 29.7336, 32.9568>
	direction <0, -65.2515, -11.9276>
	angle 67.0682
}


# declare cpy_camera_pos = <35, 94.9851, 44.8844>;
# if (DRAW_FOG = 1)
fog {
	fog_type 2
	up vnormalize(cpy_camera_pos)
	color rgbt<1,1,1,0.3>
	distance 1e-5
	fog_alt 3e-3
	fog_offset 56
}
# end


// LIGHTS

# declare lum = 6;
global_settings {
	ambient_light rgb lum * <0.05, 0.05, 0.05>
	max_trace_level 15
}# declare cpy_direct_light_amount = 0.25;
light_source
{	1000 * <-1, -1.16352, -0.803886>,
	rgb lum * cpy_direct_light_amount
	parallel
}

light_source
{	1000 * <1, 1.16352, 0.803886>,
	rgb lum * cpy_direct_light_amount
	parallel
}

// strand 0

// nucleotide -1

// particle -1
sphere {
	<24.479540, 35.013233, 34.619335> 0.250000
	pigment { color rgbt <1,0,0,0> }
	no_shadow
}
cylinder {
	<24.174517, 34.889778, 34.846756>,  <23.991503, 34.815704, 34.983208>, 0.100000
	pigment { color rgbt <1,0,0,0> }
	no_shadow
}
cylinder {
	<24.174517, 34.889778, 34.846756>,  <24.479540, 35.013233, 34.619335>, 0.100000
	pigment { color rgbt <1,0,0,0> }
	no_shadow
}

// particle -1
sphere {
	<24.174517, 34.889778, 34.846756> 0.100000
	pigment { color rgbt <1,0,0,0> }
	no_shadow
}
sphere {
	0, 1
	scale<0.080000,0.200000,0.300000>
	matrix <-0.543843, 0.781791, -0.305022,
		-0.350347, -0.541798, -0.764010,
		-0.762557, -0.308638, 0.568551,
		23.945749, 34.797188, 35.017323>
	pigment { color rgbt <0,1,1,0> }
	no_shadow
}
cylinder {
	<24.896431, 34.395252, 34.705414>,  <24.479540, 35.013233, 34.619335>, 0.130000
	pigment { color rgbt <1,0,0,0> }
	no_shadow
}

// nucleotide -1

// particle -1
sphere {
	<24.896431, 34.395252, 34.705414> 0.250000
	pigment { color rgbt <1,0,0,0> }
	no_shadow
}
cylinder {
	<25.285402, 34.314060, 34.659489>,  <25.518785, 34.265347, 34.631935>, 0.100000
	pigment { color rgbt <1,0,0,0> }
	no_shadow
}
cylinder {
	<25.285402, 34.314060, 34.659489>,  <24.896431, 34.395252, 34.705414>, 0.100000
	pigment { color rgbt <1,0,0,0> }
	no_shadow
}

// particle -1
sphere {
	<25.285402, 34.314060, 34.659489> 0.100000
	pigment { color rgbt <1,0,0,0> }
	no_shadow
}
sphere {
	0, 1
	scale<0.080000,0.200000,0.300000>
	matrix <-0.209276, -0.542382, -0.813649,
		0.102881, 0.815243, -0.569907,
		0.972429, -0.202977, -0.114810,
		25.577131, 34.253166, 34.625046>
	pigment { color rgbt <0,1,1,0> }
	no_shadow
}
cylinder {
	<25.055874, 34.580742, 34.012402>,  <24.896431, 34.395252, 34.705414>, 0.130000
	pigment { color rgbt <1,0,0,0> }
	no_shadow
}

// nucleotide -1

// particle -1
sphere {
	<25.055874, 34.580742, 34.012402> 0.250000
	pigment { color rgbt <1,0,0,0> }
	no_shadow
}
cylinder {
	<25.340418, 34.330456, 34.140427>,  <25.511145, 34.180283, 34.217243>, 0.100000
	pigment { color rgbt <1,0,0,0> }
	no_shadow
}
cylinder {
	<25.340418, 34.330456, 34.140427>,  <25.055874, 34.580742, 34.012402>, 0.100000
	pigment { color rgbt <1,0,0,0> }
	no_shadow
}

// particle -1
sphere {
	<25.340418, 34.330456, 34.140427> 0.100000
	pigment { color rgbt <1,0,0,0> }
	no_shadow
}
sphere {
	0, 1
	scale<0.080000,0.200000,0.300000>
	matrix <-0.105754, -0.545507, -0.831407,
		0.694825, 0.557582, -0.454225,
		0.711361, -0.625719, 0.320066,
		25.553825, 34.142738, 34.236446>
	pigment { color rgbt <0,1,1,0> }
	no_shadow
}
cylinder {
	<25.347059, 34.393757, 33.421761>,  <25.055874, 34.580742, 34.012402>, 0.130000
	pigment { color rgbt <1,0,0,0> }
	no_shadow
}

// nucleotide -1

// particle -1
sphere {
	<25.347059, 34.393757, 33.421761> 0.250000
	pigment { color rgbt <1,0,0,0> }
	no_shadow
}
cylinder {
	<25.424263, 34.106007, 33.688667>,  <25.470585, 33.933357, 33.848812>, 0.100000
	pigment { color rgbt <1,0,0,0> }
	no_shadow
}
cylinder {
	<25.424263, 34.106007, 33.688667>,  <25.347059, 34.393757, 33.421761>, 0.100000
	pigment { color rgbt <1,0,0,0> }
	no_shadow
}

// particle -1
sphere {
	<25.424263, 34.106007, 33.688667> 0.100000
	pigment { color rgbt <1,0,0,0> }
	no_shadow
}
sphere {
	0, 1
	scale<0.080000,0.200000,0.300000>
	matrix <-0.136593, -0.693134, -0.707748,
		0.971643, 0.045458, -0.232043,
		0.193010, -0.719374, 0.667270,
		25.482166, 33.890194, 33.888847>
	pigment { color rgbt <0,1,1,0> }
	no_shadow
}
cylinder {
	<25.977386, 34.070801, 33.120277>,  <25.347059, 34.393757, 33.421761>, 0.130000
	pigment { color rgbt <1,0,0,0> }
	no_shadow
}

// nucleotide -1

// particle -1
sphere {
	<25.977386, 34.070801, 33.120277> 0.250000
	pigment { color rgbt <1,0,0,0> }
	no_shadow
}
cylinder {
	<25.790777, 33.820717, 33.370548>,  <25.678812, 33.670666, 33.520710>, 0.100000
	pigment { color rgbt <1,0,0,0> }
	no_shadow
}
cylinder {
	<25.790777, 33.820717, 33.370548>,  <25.977386, 34.070801, 33.120277>, 0.100000
	pigment { color rgbt <1,0,0,0> }
	no_shadow
}

// particle -1
sphere {
	<25.790777, 33.820717, 33.370548> 0.100000
	pigment { color rgbt <1,0,0,0> }
	no_shadow
}
sphere {
	0, 1
	scale<0.080000,0.200000,0.300000>
	matrix <-0.121848, -0.655201, -0.745563,
		0.876076, -0.424060, 0.229486,
		-0.466523, -0.625207, 0.625677,
		25.650820, 33.633156, 33.558250>
	pigment { color rgbt <0,1,1,0> }
	no_shadow
}
cylinder {
	<26.345444, 33.425961, 33.155079>,  <25.977386, 34.070801, 33.120277>, 0.130000
	pigment { color rgbt <1,0,0,0> }
	no_shadow
}

// nucleotide -1

// particle -1
sphere {
	<26.345444, 33.425961, 33.155079> 0.250000
	pigment { color rgbt <1,0,0,0> }
	no_shadow
}
cylinder {
	<25.952721, 33.384560, 33.218750>,  <25.717087, 33.359718, 33.256950>, 0.100000
	pigment { color rgbt <1,0,0,0> }
	no_shadow
}
cylinder {
	<25.952721, 33.384560, 33.218750>,  <26.345444, 33.425961, 33.155079>, 0.100000
	pigment { color rgbt <1,0,0,0> }
	no_shadow
}

// particle -1
sphere {
	<25.952721, 33.384560, 33.218750> 0.100000
	pigment { color rgbt <1,0,0,0> }
	no_shadow
}
sphere {
	0, 1
	scale<0.080000,0.200000,0.300000>
	matrix <-0.070171, -0.581184, -0.810742,
		0.176423, -0.807164, 0.563349,
		-0.981810, -0.103503, 0.159174,
		25.658178, 33.353508, 33.266502>
	pigment { color rgbt <0,1,1,0> }
	no_shadow
}
cylinder {
	<26.243078, 32.706963, 33.191097>,  <26.345444, 33.425961, 33.155079>, 0.130000
	pigment { color rgbt <1,0,0,0> }
	no_shadow
}

// nucleotide -1

// particle -1
sphere {
	<26.243078, 32.706963, 33.191097> 0.250000
	pigment { color rgbt <1,0,0,0> }
	no_shadow
}
cylinder {
	<25.907980, 32.896084, 33.081814>,  <25.706921, 33.009556, 33.016243>, 0.100000
	pigment { color rgbt <1,0,0,0> }
	no_shadow
}
cylinder {
	<25.907980, 32.896084, 33.081814>,  <26.243078, 32.706963, 33.191097>, 0.100000
	pigment { color rgbt <1,0,0,0> }
	no_shadow
}

// particle -1
sphere {
	<25.907980, 32.896084, 33.081814> 0.100000
	pigment { color rgbt <1,0,0,0> }
	no_shadow
}
sphere {
	0, 1
	scale<0.080000,0.200000,0.300000>
	matrix <0.064329, -0.411388, -0.909188,
		-0.542259, -0.779243, 0.314223,
		-0.837746, 0.472801, -0.273207,
		25.656656, 33.037926, 32.999851>
	pigment { color rgbt <0,1,1,0> }
	no_shadow
}
cylinder {
	<25.907516, 32.207657, 32.773415>,  <26.243078, 32.706963, 33.191097>, 0.130000
	pigment { color rgbt <1,0,0,0> }
	no_shadow
}

// nucleotide -1

// particle -1
sphere {
	<25.907516, 32.207657, 32.773415> 0.250000
	pigment { color rgbt <1,0,0,0> }
	no_shadow
}
cylinder {
	<25.736050, 32.550476, 32.659073>,  <25.633169, 32.756168, 32.590469>, 0.100000
	pigment { color rgbt <1,0,0,0> }
	no_shadow
}
cylinder {
	<25.736050, 32.550476, 32.659073>,  <25.907516, 32.207657, 32.773415>, 0.100000
	pigment { color rgbt <1,0,0,0> }
	no_shadow
}

// particle -1
sphere {
	<25.736050, 32.550476, 32.659073> 0.100000
	pigment { color rgbt <1,0,0,0> }
	no_shadow
}
sphere {
	0, 1
	scale<0.080000,0.200000,0.300000>
	matrix <0.259125, -0.186474, -0.947672,
		-0.865504, -0.480310, -0.142147,
		-0.428669, 0.857048, -0.285854,
		25.607449, 32.807590, 32.573318>
	pigment { color rgbt <0,1,1,0> }
	no_shadow
}
cylinder {
	<25.536472, 31.991131, 32.179779>,  <25.907516, 32.207657, 32.773415>, 0.130000
	pigment { color rgbt <1,0,0,0> }
	no_shadow
}

// nucleotide -1

// particle -1
sphere {
	<25.536472, 31.991131, 32.179779> 0.250000
	pigment { color rgbt <1,0,0,0> }
	no_shadow
}
cylinder {
	<25.554955, 32.390472, 32.166210>,  <25.566044, 32.630077, 32.158070>, 0.100000
	pigment { color rgbt <1,0,0,0> }
	no_shadow
}
cylinder {
	<25.554955, 32.390472, 32.166210>,  <25.536472, 31.991131, 32.179779>, 0.100000
	pigment { color rgbt <1,0,0,0> }
	no_shadow
}

// particle -1
sphere {
	<25.554955, 32.390472, 32.166210> 0.100000
	pigment { color rgbt <1,0,0,0> }
	no_shadow
}
sphere {
	0, 1
	scale<0.080000,0.200000,0.300000>
	matrix <0.161680, -0.040984, -0.985992,
		-0.985761, 0.040072, -0.163308,
		0.046203, 0.998356, -0.033922,
		25.568815, 32.689980, 32.156033>
	pigment { color rgbt <0,1,1,0> }
	no_shadow
}
cylinder {
	<24.990774, 32.215286, 31.830069>,  <25.536472, 31.991131, 32.179779>, 0.130000
	pigment { color rgbt <1,0,0,0> }
	no_shadow
}

// nucleotide -1

// particle -1
sphere {
	<24.990774, 32.215286, 31.830069> 0.250000
	pigment { color rgbt <1,0,0,0> }
	no_shadow
}
cylinder {
	<25.290310, 32.478733, 31.800501>,  <25.470032, 32.636803, 31.782761>, 0.100000
	pigment { color rgbt <1,0,0,0> }
	no_shadow
}
cylinder {
	<25.290310, 32.478733, 31.800501>,  <24.990774, 32.215286, 31.830069>, 0.100000
	pigment { color rgbt <1,0,0,0> }
	no_shadow
}

// particle -1
sphere {
	<25.290310, 32.478733, 31.800501> 0.100000
	pigment { color rgbt <1,0,0,0> }
	no_shadow
}
sphere {
	0, 1
	scale<0.080000,0.200000,0.300000>
	matrix <-0.012928, -0.096995, -0.995201,
		-0.662626, 0.746201, -0.064119,
		0.748839, 0.658617, -0.073919,
		25.514961, 32.676319, 31.778326>
	pigment { color rgbt <0,1,1,0> }
	no_shadow
}
cylinder {
	<24.857029, 32.614273, 31.163731>,  <24.990774, 32.215286, 31.830069>, 0.130000
	pigment { color rgbt <1,0,0,0> }
	no_shadow
}

// nucleotide -1

// particle -1
sphere {
	<24.857029, 32.614273, 31.163731> 0.250000
	pigment { color rgbt <1,0,0,0> }
	no_shadow
}
cylinder {
	<25.238897, 32.673012, 31.267296>,  <25.468019, 32.708256, 31.329435>, 0.100000
	pigment { color rgbt <1,0,0,0> }
	no_shadow
}
cylinder {
	<25.238897, 32.673012, 31.267296>,  <24.857029, 32.614273, 31.163731>, 0.100000
	pigment { color rgbt <1,0,0,0> }
	no_shadow
}

// particle -1
sphere {
	<25.238897, 32.673012, 31.267296> 0.100000
	pigment { color rgbt <1,0,0,0> }
	no_shadow
}
sphere {
	0, 1
	scale<0.080000,0.200000,0.300000>
	matrix <0.280960, -0.157315, -0.946738,
		-0.098291, 0.976570, -0.191441,
		0.954673, 0.146843, 0.258915,
		25.525299, 32.717064, 31.344971>
	pigment { color rgbt <0,1,1,0> }
	no_shadow
}
cylinder {
	<25.230795, 33.184063, 30.737551>,  <24.857029, 32.614273, 31.163731>, 0.130000
	pigment { color rgbt <1,0,0,0> }
	no_shadow
}

// nucleotide -1

// particle -1
sphere {
	<25.230795, 33.184063, 30.737551> 0.250000
	pigment { color rgbt <1,0,0,0> }
	no_shadow
}
cylinder {
	<25.467377, 32.894131, 30.878859>,  <25.609325, 32.720169, 30.963644>, 0.100000
	pigment { color rgbt <1,0,0,0> }
	no_shadow
}
cylinder {
	<25.467377, 32.894131, 30.878859>,  <25.230795, 33.184063, 30.737551>, 0.100000
	pigment { color rgbt <1,0,0,0> }
	no_shadow
}

// particle -1
sphere {
	<25.467377, 32.894131, 30.878859> 0.100000
	pigment { color rgbt <1,0,0,0> }
	no_shadow
}
sphere {
	0, 1
	scale<0.080000,0.200000,0.300000>
	matrix <0.327016, -0.184846, -0.926764,
		0.737051, 0.663663, 0.127704,
		0.591453, -0.724834, 0.353270,
		25.644814, 32.676682, 30.984840>
	pigment { color rgbt <0,1,1,0> }
	no_shadow
}
cylinder {
	<25.796646, 33.378693, 30.438051>,  <25.230795, 33.184063, 30.737551>, 0.130000
	pigment { color rgbt <1,0,0,0> }
	no_shadow
}

// nucleotide -1

// particle -1
sphere {
	<25.796646, 33.378693, 30.438051> 0.250000
	pigment { color rgbt <1,0,0,0> }
	no_shadow
}
cylinder {
	<25.790787, 32.981514, 30.485117>,  <25.787271, 32.743206, 30.513355>, 0.100000
	pigment { color rgbt <1,0,0,0> }
	no_shadow
}
cylinder {
	<25.790787, 32.981514, 30.485117>,  <25.796646, 33.378693, 30.438051>, 0.100000
	pigment { color rgbt <1,0,0,0> }
	no_shadow
}

// particle -1
sphere {
	<25.790787, 32.981514, 30.485117> 0.100000
	pigment { color rgbt <1,0,0,0> }
	no_shadow
}
sphere {
	0, 1
	scale<0.080000,0.200000,0.300000>
	matrix <0.398521, -0.113724, -0.910081,
		0.917042, 0.033559, 0.397376,
		-0.014649, -0.992945, 0.117664,
		25.786392, 32.683632, 30.520416>
	pigment { color rgbt <0,1,1,0> }
	no_shadow
}
cylinder {
	<26.469198, 33.046211, 30.428787>,  <25.796646, 33.378693, 30.438051>, 0.130000
	pigment { color rgbt <1,0,0,0> }
	no_shadow
}

// nucleotide -1

// particle -1
sphere {
	<26.469198, 33.046211, 30.428787> 0.250000
	pigment { color rgbt <1,0,0,0> }
	no_shadow
}
cylinder {
	<26.202225, 32.783184, 30.288994>,  <26.042042, 32.625366, 30.205118>, 0.100000
	pigment { color rgbt <1,0,0,0> }
	no_shadow
}
cylinder {
	<26.202225, 32.783184, 30.288994>,  <26.469198, 33.046211, 30.428787>, 0.100000
	pigment { color rgbt <1,0,0,0> }
	no_shadow
}

// particle -1
sphere {
	<26.202225, 32.783184, 30.288994> 0.100000
	pigment { color rgbt <1,0,0,0> }
	no_shadow
}
sphere {
	0, 1
	scale<0.080000,0.200000,0.300000>
	matrix <0.551346, -0.120900, -0.825470,
		0.500550, -0.743631, 0.443241,
		-0.667433, -0.657568, -0.349482,
		26.001995, 32.585915, 30.184149>
	pigment { color rgbt <0,1,1,0> }
	no_shadow
}
cylinder {
	<27.085365, 32.627342, 30.466335>,  <26.469198, 33.046211, 30.428787>, 0.130000
	pigment { color rgbt <1,0,0,0> }
	no_shadow
}

// nucleotide -1

// particle -1
sphere {
	<27.085365, 32.627342, 30.466335> 0.250000
	pigment { color rgbt <1,0,0,0> }
	no_shadow
}
cylinder {
	<27.296663, 32.703117, 30.797411>,  <27.423443, 32.748585, 30.996056>, 0.100000
	pigment { color rgbt <1,0,0,0> }
	no_shadow
}
cylinder {
	<27.296663, 32.703117, 30.797411>,  <27.085365, 32.627342, 30.466335>, 0.100000
	pigment { color rgbt <1,0,0,0> }
	no_shadow
}

// particle -1
sphere {
	<27.296663, 32.703117, 30.797411> 0.100000
	pigment { color rgbt <1,0,0,0> }
	no_shadow
}
sphere {
	0, 1
	scale<0.080000,0.200000,0.300000>
	matrix <0.034094, 0.969275, -0.243606,
		-0.848407, 0.156903, 0.505557,
		0.528246, 0.189440, 0.827689,
		27.455137, 32.759949, 31.045717>
	pigment { color rgbt <0,1,1,0> }
	no_shadow
}
cylinder {
	<26.766161, 32.387848, 31.136963>,  <27.085365, 32.627342, 30.466335>, 0.130000
	pigment { color rgbt <1,0,0,0> }
	no_shadow
}

// nucleotide -1

// particle -1
sphere {
	<26.766161, 32.387848, 31.136963> 0.250000
	pigment { color rgbt <1,0,0,0> }
	no_shadow
}
cylinder {
	<26.444588, 32.619480, 31.082767>,  <26.251644, 32.758461, 31.050251>, 0.100000
	pigment { color rgbt <1,0,0,0> }
	no_shadow
}
cylinder {
	<26.444588, 32.619480, 31.082767>,  <26.766161, 32.387848, 31.136963>, 0.100000
	pigment { color rgbt <1,0,0,0> }
	no_shadow
}

// particle -1
sphere {
	<26.444588, 32.619480, 31.082767> 0.100000
	pigment { color rgbt <1,0,0,0> }
	no_shadow
}
sphere {
	0, 1
	scale<0.080000,0.200000,0.300000>
	matrix <-0.029852, 0.188236, 0.981670,
		0.593969, 0.793242, -0.134043,
		-0.803934, 0.579080, -0.135487,
		26.203407, 32.793205, 31.042122>
	pigment { color rgbt <0,1,1,0> }
	no_shadow
}
cylinder {
	<26.744970, 32.928932, 31.627981>,  <26.766161, 32.387848, 31.136963>, 0.130000
	pigment { color rgbt <1,0,0,0> }
	no_shadow
}

// nucleotide -1

// particle -1
sphere {
	<26.744970, 32.928932, 31.627981> 0.250000
	pigment { color rgbt <1,0,0,0> }
	no_shadow
}
cylinder {
	<26.356014, 32.900055, 31.539213>,  <26.122641, 32.882729, 31.485952>, 0.100000
	pigment { color rgbt <1,0,0,0> }
	no_shadow
}
cylinder {
	<26.356014, 32.900055, 31.539213>,  <26.744970, 32.928932, 31.627981>, 0.100000
	pigment { color rgbt <1,0,0,0> }
	no_shadow
}

// particle -1
sphere {
	<26.356014, 32.900055, 31.539213> 0.100000
	pigment { color rgbt <1,0,0,0> }
	no_shadow
}
sphere {
	0, 1
	scale<0.080000,0.200000,0.300000>
	matrix <-0.233062, 0.349109, 0.907637,
		0.011947, 0.934297, -0.356296,
		-0.972388, -0.072196, -0.221920,
		26.064299, 32.878395, 31.472637>
	pigment { color rgbt <0,1,1,0> }
	no_shadow
}
cylinder {
	<26.381945, 33.605671, 31.723957>,  <26.744970, 32.928932, 31.627981>, 0.130000
	pigment { color rgbt <1,0,0,0> }
	no_shadow
}

// nucleotide -1

// particle -1
sphere {
	<26.381945, 33.605671, 31.723957> 0.250000
	pigment { color rgbt <1,0,0,0> }
	no_shadow
}
cylinder {
	<26.100643, 33.321918, 31.742786>,  <25.931862, 33.151669, 31.754084>, 0.100000
	pigment { color rgbt <1,0,0,0> }
	no_shadow
}
cylinder {
	<26.100643, 33.321918, 31.742786>,  <26.381945, 33.605671, 31.723957>, 0.100000
	pigment { color rgbt <1,0,0,0> }
	no_shadow
}

// particle -1
sphere {
	<26.100643, 33.321918, 31.742786> 0.100000
	pigment { color rgbt <1,0,0,0> }
	no_shadow
}
sphere {
	0, 1
	scale<0.080000,0.200000,0.300000>
	matrix <-0.332831, 0.387023, 0.859905,
		-0.628217, 0.589064, -0.508279,
		-0.703254, -0.709378, 0.047076,
		25.889668, 33.109104, 31.756908>
	pigment { color rgbt <0,1,1,0> }
	no_shadow
}
cylinder {
	<25.820728, 33.938568, 32.024769>,  <26.381945, 33.605671, 31.723957>, 0.130000
	pigment { color rgbt <1,0,0,0> }
	no_shadow
}

// nucleotide -1

// particle -1
sphere {
	<25.820728, 33.938568, 32.024769> 0.250000
	pigment { color rgbt <1,0,0,0> }
	no_shadow
}
cylinder {
	<25.709444, 33.555901, 32.059155>,  <25.642673, 33.326302, 32.079784>, 0.100000
	pigment { color rgbt <1,0,0,0> }
	no_shadow
}
cylinder {
	<25.709444, 33.555901, 32.059155>,  <25.820728, 33.938568, 32.024769>, 0.100000
	pigment { color rgbt <1,0,0,0> }
	no_shadow
}

// particle -1
sphere {
	<25.709444, 33.555901, 32.059155> 0.100000
	pigment { color rgbt <1,0,0,0> }
	no_shadow
}
sphere {
	0, 1
	scale<0.080000,0.200000,0.300000>
	matrix <-0.398576, 0.196409, 0.895857,
		-0.873920, 0.214974, -0.435947,
		-0.278210, -0.956666, 0.085962,
		25.625980, 33.268902, 32.084942>
	pigment { color rgbt <0,1,1,0> }
	no_shadow
}
cylinder {
	<25.147213, 34.015842, 32.283295>,  <25.820728, 33.938568, 32.024769>, 0.130000
	pigment { color rgbt <1,0,0,0> }
	no_shadow
}

// nucleotide -1

// particle -1
sphere {
	<25.147213, 34.015842, 32.283295> 0.250000
	pigment { color rgbt <1,0,0,0> }
	no_shadow
}
cylinder {
	<25.273451, 33.645695, 32.367290>,  <25.349194, 33.423607, 32.417686>, 0.100000
	pigment { color rgbt <1,0,0,0> }
	no_shadow
}
cylinder {
	<25.273451, 33.645695, 32.367290>,  <25.147213, 34.015842, 32.283295>, 0.100000
	pigment { color rgbt <1,0,0,0> }
	no_shadow
}

// particle -1
sphere {
	<25.273451, 33.645695, 32.367290> 0.100000
	pigment { color rgbt <1,0,0,0> }
	no_shadow
}
sphere {
	0, 1
	scale<0.080000,0.200000,0.300000>
	matrix <-0.320335, 0.104408, 0.941533,
		-0.893188, -0.364411, -0.263477,
		0.315596, -0.925367, 0.209990,
		25.368130, 33.368084, 32.430286>
	pigment { color rgbt <0,1,1,0> }
	no_shadow
}
cylinder {
	<24.672445, 33.669128, 31.787708>,  <25.147213, 34.015842, 32.283295>, 0.130000
	pigment { color rgbt <1,0,0,0> }
	no_shadow
}

// nucleotide -1

// particle -1
sphere {
	<24.672445, 33.669128, 31.787708> 0.250000
	pigment { color rgbt <1,0,0,0> }
	no_shadow
}
cylinder {
	<24.915165, 33.666916, 31.469774>,  <25.060797, 33.665588, 31.279013>, 0.100000
	pigment { color rgbt <1,0,0,0> }
	no_shadow
}
cylinder {
	<24.915165, 33.666916, 31.469774>,  <24.672445, 33.669128, 31.787708>, 0.100000
	pigment { color rgbt <1,0,0,0> }
	no_shadow
}

// particle -1
sphere {
	<24.915165, 33.666916, 31.469774> 0.100000
	pigment { color rgbt <1,0,0,0> }
	no_shadow
}
sphere {
	0, 1
	scale<0.080000,0.200000,0.300000>
	matrix <-0.602385, 0.649209, -0.464391,
		0.518583, 0.760589, 0.390608,
		0.606798, -0.005529, -0.794837,
		25.097204, 33.665257, 31.231323>
	pigment { color rgbt <0,1,1,0> }
	no_shadow
}
cylinder {
	<24.605061, 33.680740, 32.591694>,  <24.672445, 33.669128, 31.787708>, 0.130000
	pigment { color rgbt <1,0,0,0> }
	no_shadow
}

// nucleotide -1

// particle -1
sphere {
	<24.605061, 33.680740, 32.591694> 0.250000
	pigment { color rgbt <1,0,0,0> }
	no_shadow
}
cylinder {
	<24.941967, 33.506283, 32.718418>,  <25.144112, 33.401608, 32.794453>, 0.100000
	pigment { color rgbt <1,0,0,0> }
	no_shadow
}
cylinder {
	<24.941967, 33.506283, 32.718418>,  <24.605061, 33.680740, 32.591694>, 0.100000
	pigment { color rgbt <1,0,0,0> }
	no_shadow
}

// particle -1
sphere {
	<24.941967, 33.506283, 32.718418> 0.100000
	pigment { color rgbt <1,0,0,0> }
	no_shadow
}
sphere {
	0, 1
	scale<0.080000,0.200000,0.300000>
	matrix <-0.276898, 0.154196, 0.948446,
		-0.462507, -0.886569, 0.009108,
		0.842268, -0.436141, 0.316806,
		25.194647, 33.375443, 32.813461>
	pigment { color rgbt <0,1,1,0> }
	no_shadow
}
cylinder {
	<24.426603, 33.242508, 33.144035>,  <24.605061, 33.680740, 32.591694>, 0.130000
	pigment { color rgbt <1,0,0,0> }
	no_shadow
}

// nucleotide -1

// particle -1
sphere {
	<24.426603, 33.242508, 33.144035> 0.250000
	pigment { color rgbt <1,0,0,0> }
	no_shadow
}
cylinder {
	<24.813299, 33.339790, 33.175697>,  <25.045317, 33.398159, 33.194695>, 0.100000
	pigment { color rgbt <1,0,0,0> }
	no_shadow
}
cylinder {
	<24.813299, 33.339790, 33.175697>,  <24.426603, 33.242508, 33.144035>, 0.100000
	pigment { color rgbt <1,0,0,0> }
	no_shadow
}

// particle -1
sphere {
	<24.813299, 33.339790, 33.175697> 0.100000
	pigment { color rgbt <1,0,0,0> }
	no_shadow
}
sphere {
	0, 1
	scale<0.080000,0.200000,0.300000>
	matrix <-0.149975, 0.288371, 0.945701,
		0.207173, -0.926118, 0.315254,
		0.966740, 0.243204, 0.079152,
		25.103321, 33.412754, 33.199444>
	pigment { color rgbt <0,1,1,0> }
	no_shadow
}
cylinder {
	<24.631016, 32.951820, 33.812756>,  <24.426603, 33.242508, 33.144035>, 0.130000
	pigment { color rgbt <1,0,0,0> }
	no_shadow
}

// nucleotide -1

// particle -1
sphere {
	<24.631016, 32.951820, 33.812756> 0.250000
	pigment { color rgbt <1,0,0,0> }
	no_shadow
}
cylinder {
	<24.900782, 33.232124, 33.719719>,  <25.062641, 33.400307, 33.663895>, 0.100000
	pigment { color rgbt <1,0,0,0> }
	no_shadow
}
cylinder {
	<24.900782, 33.232124, 33.719719>,  <24.631016, 32.951820, 33.812756>, 0.100000
	pigment { color rgbt <1,0,0,0> }
	no_shadow
}

// particle -1
sphere {
	<24.900782, 33.232124, 33.719719> 0.100000
	pigment { color rgbt <1,0,0,0> }
	no_shadow
}
sphere {
	0, 1
	scale<0.080000,0.200000,0.300000>
	matrix <-0.110309, 0.407111, 0.906693,
		0.730067, -0.585829, 0.351862,
		0.674414, 0.700760, -0.232595,
		25.103106, 33.442352, 33.649940>
	pigment { color rgbt <0,1,1,0> }
	no_shadow
}
cylinder {
	<25.124861, 32.786430, 34.408680>,  <24.631016, 32.951820, 33.812756>, 0.130000
	pigment { color rgbt <1,0,0,0> }
	no_shadow
}

// nucleotide -1

// particle -1
sphere {
	<25.124861, 32.786430, 34.408680> 0.250000
	pigment { color rgbt <1,0,0,0> }
	no_shadow
}
cylinder {
	<25.303024, 33.017712, 34.135246>,  <25.409924, 33.156483, 33.971188>, 0.100000
	pigment { color rgbt <1,0,0,0> }
	no_shadow
}
cylinder {
	<25.303024, 33.017712, 34.135246>,  <25.124861, 32.786430, 34.408680>, 0.100000
	pigment { color rgbt <1,0,0,0> }
	no_shadow
}

// particle -1
sphere {
	<25.303024, 33.017712, 34.135246> 0.100000
	pigment { color rgbt <1,0,0,0> }
	no_shadow
}
sphere {
	0, 1
	scale<0.080000,0.200000,0.300000>
	matrix <0.436956, 0.526016, 0.729641,
		0.781460, -0.623686, -0.018358,
		0.445410, 0.578207, -0.683584,
		25.436647, 33.191174, 33.930172>
	pigment { color rgbt <0,1,1,0> }
	no_shadow
}
cylinder {
	<25.705606, 32.907330, 34.740170>,  <25.124861, 32.786430, 34.408680>, 0.130000
	pigment { color rgbt <1,0,0,0> }
	no_shadow
}

// nucleotide -1

// particle -1
sphere {
	<25.705606, 32.907330, 34.740170> 0.250000
	pigment { color rgbt <1,0,0,0> }
	no_shadow
}
cylinder {
	<25.637850, 33.196926, 34.472694>,  <25.597197, 33.370682, 34.312210>, 0.100000
	pigment { color rgbt <1,0,0,0> }
	no_shadow
}
cylinder {
	<25.637850, 33.196926, 34.472694>,  <25.705606, 32.907330, 34.740170>, 0.100000
	pigment { color rgbt <1,0,0,0> }
	no_shadow
}

// particle -1
sphere {
	<25.637850, 33.196926, 34.472694> 0.100000
	pigment { color rgbt <1,0,0,0> }
	no_shadow
}
sphere {
	0, 1
	scale<0.080000,0.200000,0.300000>
	matrix <0.367317, 0.675989, 0.638841,
		0.914541, -0.137408, -0.380439,
		-0.169391, 0.723987, -0.668692,
		25.587032, 33.414124, 34.272087>
	pigment { color rgbt <0,1,1,0> }
	no_shadow
}
cylinder {
	<26.381777, 33.156723, 34.566273>,  <25.705606, 32.907330, 34.740170>, 0.130000
	pigment { color rgbt <1,0,0,0> }
	no_shadow
}

// nucleotide -1

// particle -1
sphere {
	<26.381777, 33.156723, 34.566273> 0.250000
	pigment { color rgbt <1,0,0,0> }
	no_shadow
}
cylinder {
	<26.102489, 33.436401, 34.504795>,  <25.934917, 33.604206, 34.467907>, 0.100000
	pigment { color rgbt <1,0,0,0> }
	no_shadow
}
cylinder {
	<26.102489, 33.436401, 34.504795>,  <26.381777, 33.156723, 34.566273>, 0.100000
	pigment { color rgbt <1,0,0,0> }
	no_shadow
}

// particle -1
sphere {
	<26.102489, 33.436401, 34.504795> 0.100000
	pigment { color rgbt <1,0,0,0> }
	no_shadow
}
sphere {
	0, 1
	scale<0.080000,0.200000,0.300000>
	matrix <0.474147, 0.612510, 0.632468,
		0.536356, 0.368727, -0.759185,
		-0.698217, 0.699194, -0.153693,
		25.893024, 33.646160, 34.458687>
	pigment { color rgbt <0,1,1,0> }
	no_shadow
}
cylinder {
	<26.732712, 33.678974, 34.440834>,  <26.381777, 33.156723, 34.566273>, 0.130000
	pigment { color rgbt <1,0,0,0> }
	no_shadow
}

// nucleotide -1

// particle -1
sphere {
	<26.732712, 33.678974, 34.440834> 0.250000
	pigment { color rgbt <1,0,0,0> }
	no_shadow
}
cylinder {
	<26.377380, 33.794788, 34.583405>,  <26.164181, 33.864277, 34.668945>, 0.100000
	pigment { color rgbt <1,0,0,0> }
	no_shadow
}
cylinder {
	<26.377380, 33.794788, 34.583405>,  <26.732712, 33.678974, 34.440834>, 0.100000
	pigment { color rgbt <1,0,0,0> }
	no_shadow
}

// particle -1
sphere {
	<26.377380, 33.794788, 34.583405> 0.100000
	pigment { color rgbt <1,0,0,0> }
	no_shadow
}
sphere {
	0, 1
	scale<0.080000,0.200000,0.300000>
	matrix <0.459172, 0.569427, 0.681846,
		-0.005540, 0.769365, -0.638786,
		-0.888330, 0.289535, 0.356425,
		26.110882, 33.881649, 34.690331>
	pigment { color rgbt <0,1,1,0> }
	no_shadow
}
cylinder {
	<27.280247, 33.438370, 33.999321>,  <26.732712, 33.678974, 34.440834>, 0.130000
	pigment { color rgbt <1,0,0,0> }
	no_shadow
}

// nucleotide -1

// particle -1
sphere {
	<27.280247, 33.438370, 33.999321> 0.250000
	pigment { color rgbt <1,0,0,0> }
	no_shadow
}
cylinder {
	<27.666704, 33.516373, 33.931744>,  <27.898579, 33.563175, 33.891197>, 0.100000
	pigment { color rgbt <1,0,0,0> }
	no_shadow
}
cylinder {
	<27.666704, 33.516373, 33.931744>,  <27.280247, 33.438370, 33.999321>, 0.100000
	pigment { color rgbt <1,0,0,0> }
	no_shadow
}

// particle -1
sphere {
	<27.666704, 33.516373, 33.931744> 0.100000
	pigment { color rgbt <1,0,0,0> }
	no_shadow
}
sphere {
	0, 1
	scale<0.080000,0.200000,0.300000>
	matrix <0.258006, -0.731469, 0.631178,
		-0.000491, -0.653395, -0.757016,
		0.966143, 0.195005, -0.168939,
		27.956547, 33.574875, 33.881062>
	pigment { color rgbt <0,1,1,0> }
	no_shadow
}
cylinder {
	<27.929655, 33.053509, 34.183567>,  <27.280247, 33.438370, 33.999321>, 0.130000
	pigment { color rgbt <1,0,0,0> }
	no_shadow
}

// nucleotide -1

// particle -1
sphere {
	<27.929655, 33.053509, 34.183567> 0.250000
	pigment { color rgbt <1,0,0,0> }
	no_shadow
}
cylinder {
	<28.309162, 33.179813, 34.178925>,  <28.536867, 33.255596, 34.176140>, 0.100000
	pigment { color rgbt <1,0,0,0> }
	no_shadow
}
cylinder {
	<28.309162, 33.179813, 34.178925>,  <27.929655, 33.053509, 34.183567>, 0.100000
	pigment { color rgbt <1,0,0,0> }
	no_shadow
}

// particle -1
sphere {
	<28.309162, 33.179813, 34.178925> 0.100000
	pigment { color rgbt <1,0,0,0> }
	no_shadow
}
sphere {
	0, 1
	scale<0.080000,0.200000,0.300000>
	matrix <-0.212170, 0.663870, 0.717120,
		0.234143, -0.677918, 0.696853,
		0.948768, 0.315760, -0.011607,
		28.593792, 33.274540, 34.175442>
	pigment { color rgbt <0,1,1,0> }
	no_shadow
}
cylinder {
	<28.240030, 33.029312, 34.828239>,  <27.929655, 33.053509, 34.183567>, 0.130000
	pigment { color rgbt <1,0,0,0> }
	no_shadow
}

// nucleotide -1

// particle -1
sphere {
	<28.240030, 33.029312, 34.828239> 0.250000
	pigment { color rgbt <1,0,0,0> }
	no_shadow
}
cylinder {
	<28.422091, 33.325542, 34.630501>,  <28.531326, 33.503281, 34.511856>, 0.100000
	pigment { color rgbt <1,0,0,0> }
	no_shadow
}
cylinder {
	<28.422091, 33.325542, 34.630501>,  <28.240030, 33.029312, 34.828239>, 0.100000
	pigment { color rgbt <1,0,0,0> }
	no_shadow
}

// particle -1
sphere {
	<28.422091, 33.325542, 34.630501> 0.100000
	pigment { color rgbt <1,0,0,0> }
	no_shadow
}
sphere {
	0, 1
	scale<0.080000,0.200000,0.300000>
	matrix <-0.165657, 0.615926, 0.770191,
		0.874870, -0.268659, 0.403020,
		0.455148, 0.740580, -0.494350,
		28.558636, 33.547718, 34.482197>
	pigment { color rgbt <0,1,1,0> }
	no_shadow
}
cylinder {
	<28.666162, 33.308098, 35.314468>,  <28.240030, 33.029312, 34.828239>, 0.130000
	pigment { color rgbt <1,0,0,0> }
	no_shadow
}

// nucleotide -1

// particle -1
sphere {
	<28.666162, 33.308098, 35.314468> 0.250000
	pigment { color rgbt <1,0,0,0> }
	no_shadow
}
cylinder {
	<28.618498, 33.576542, 35.021782>,  <28.589899, 33.737610, 34.846169>, 0.100000
	pigment { color rgbt <1,0,0,0> }
	no_shadow
}
cylinder {
	<28.618498, 33.576542, 35.021782>,  <28.666162, 33.308098, 35.314468>, 0.100000
	pigment { color rgbt <1,0,0,0> }
	no_shadow
}

// particle -1
sphere {
	<28.618498, 33.576542, 35.021782> 0.100000
	pigment { color rgbt <1,0,0,0> }
	no_shadow
}
sphere {
	0, 1
	scale<0.080000,0.200000,0.300000>
	matrix <-0.321842, 0.671065, 0.667899,
		0.939264, 0.315086, 0.136026,
		-0.119163, 0.671113, -0.731716,
		28.582748, 33.777874, 34.802269>
	pigment { color rgbt <0,1,1,0> }
	no_shadow
}
cylinder {
	<29.034376, 33.929619, 35.508488>,  <28.666162, 33.308098, 35.314468>, 0.130000
	pigment { color rgbt <1,0,0,0> }
	no_shadow
}

// nucleotide -1

// particle -1
sphere {
	<29.034376, 33.929619, 35.508488> 0.250000
	pigment { color rgbt <1,0,0,0> }
	no_shadow
}
cylinder {
	<28.746025, 34.038433, 35.253513>,  <28.573013, 34.103722, 35.100529>, 0.100000
	pigment { color rgbt <1,0,0,0> }
	no_shadow
}
cylinder {
	<28.746025, 34.038433, 35.253513>,  <29.034376, 33.929619, 35.508488>, 0.100000
	pigment { color rgbt <1,0,0,0> }
	no_shadow
}

// particle -1
sphere {
	<28.746025, 34.038433, 35.253513> 0.100000
	pigment { color rgbt <1,0,0,0> }
	no_shadow
}
sphere {
	0, 1
	scale<0.080000,0.200000,0.300000>
	matrix <-0.389431, 0.601822, 0.697247,
		0.573304, 0.750869, -0.327901,
		-0.720879, 0.272040, -0.637438,
		28.529762, 34.120045, 35.062283>
	pigment { color rgbt <0,1,1,0> }
	no_shadow
}
cylinder {
	<28.902399, 34.641148, 35.659637>,  <29.034376, 33.929619, 35.508488>, 0.130000
	pigment { color rgbt <1,0,0,0> }
	no_shadow
}

// nucleotide -1

// particle -1
sphere {
	<28.902399, 34.641148, 35.659637> 0.250000
	pigment { color rgbt <1,0,0,0> }
	no_shadow
}
cylinder {
	<28.577234, 34.532604, 35.453514>,  <28.382135, 34.467480, 35.329842>, 0.100000
	pigment { color rgbt <1,0,0,0> }
	no_shadow
}
cylinder {
	<28.577234, 34.532604, 35.453514>,  <28.902399, 34.641148, 35.659637>, 0.100000
	pigment { color rgbt <1,0,0,0> }
	no_shadow
}

// particle -1
sphere {
	<28.577234, 34.532604, 35.453514> 0.100000
	pigment { color rgbt <1,0,0,0> }
	no_shadow
}
sphere {
	0, 1
	scale<0.080000,0.200000,0.300000>
	matrix <-0.562771, 0.593727, 0.575132,
		0.149886, 0.757531, -0.635359,
		-0.812910, -0.271357, -0.515308,
		28.333361, 34.451199, 35.298923>
	pigment { color rgbt <0,1,1,0> }
	no_shadow
}
cylinder {
	<28.545343, 35.119892, 35.226048>,  <28.902399, 34.641148, 35.659637>, 0.130000
	pigment { color rgbt <1,0,0,0> }
	no_shadow
}

// nucleotide -1

// particle -1
sphere {
	<28.545343, 35.119892, 35.226048> 0.250000
	pigment { color rgbt <1,0,0,0> }
	no_shadow
}
cylinder {
	<28.270561, 34.862663, 35.361427>,  <28.105692, 34.708324, 35.442657>, 0.100000
	pigment { color rgbt <1,0,0,0> }
	no_shadow
}
cylinder {
	<28.270561, 34.862663, 35.361427>,  <28.545343, 35.119892, 35.226048>, 0.100000
	pigment { color rgbt <1,0,0,0> }
	no_shadow
}

// particle -1
sphere {
	<28.270561, 34.862663, 35.361427> 0.100000
	pigment { color rgbt <1,0,0,0> }
	no_shadow
}
sphere {
	0, 1
	scale<0.080000,0.200000,0.300000>
	matrix <-0.591491, 0.765367, 0.253677,
		-0.422172, -0.025926, -0.906145,
		-0.686957, -0.643072, 0.338452,
		28.064474, 34.669743, 35.462963>
	pigment { color rgbt <0,1,1,0> }
	no_shadow
}
cylinder {
	<27.926416, 35.270199, 34.979607>,  <28.545343, 35.119892, 35.226048>, 0.130000
	pigment { color rgbt <1,0,0,0> }
	no_shadow
}

// nucleotide -1

// particle -1
sphere {
	<27.926416, 35.270199, 34.979607> 0.250000
	pigment { color rgbt <1,0,0,0> }
	no_shadow
}
cylinder {
	<27.843040, 35.102505, 35.333057>,  <27.793015, 35.001888, 35.545128>, 0.100000
	pigment { color rgbt <1,0,0,0> }
	no_shadow
}
cylinder {
	<27.843040, 35.102505, 35.333057>,  <27.926416, 35.270199, 34.979607>, 0.100000
	pigment { color rgbt <1,0,0,0> }
	no_shadow
}

// particle -1
sphere {
	<27.843040, 35.102505, 35.333057> 0.100000
	pigment { color rgbt <1,0,0,0> }
	no_shadow
}
sphere {
	0, 1
	scale<0.080000,0.200000,0.300000>
	matrix <-0.690456, 0.702959, 0.170645,
		-0.692692, -0.574535, -0.435990,
		-0.208441, -0.419236, 0.883625,
		27.780508, 34.976734, 35.598145>
	pigment { color rgbt <0,1,1,0> }
	no_shadow
}
cylinder {
	<27.300224, 35.808762, 34.982677>,  <27.926416, 35.270199, 34.979607>, 0.130000
	pigment { color rgbt <1,0,0,0> }
	no_shadow
}

// nucleotide -1

// particle -1
sphere {
	<27.300224, 35.808762, 34.982677> 0.250000
	pigment { color rgbt <1,0,0,0> }
	no_shadow
}
cylinder {
	<27.323462, 35.464493, 35.185013>,  <27.337404, 35.257931, 35.306412>, 0.100000
	pigment { color rgbt <1,0,0,0> }
	no_shadow
}
cylinder {
	<27.323462, 35.464493, 35.185013>,  <27.300224, 35.808762, 34.982677>, 0.100000
	pigment { color rgbt <1,0,0,0> }
	no_shadow
}

// particle -1
sphere {
	<27.323462, 35.464493, 35.185013> 0.100000
	pigment { color rgbt <1,0,0,0> }
	no_shadow
}
sphere {
	0, 1
	scale<0.080000,0.200000,0.300000>
	matrix <-0.606778, 0.371915, 0.702495,
		-0.792745, -0.347742, -0.500630,
		0.058095, -0.860671, 0.505836,
		27.340891, 35.206291, 35.336765>
	pigment { color rgbt <0,1,1,0> }
	no_shadow
}
cylinder {
	<26.615564, 35.657860, 35.167377>,  <27.300224, 35.808762, 34.982677>, 0.130000
	pigment { color rgbt <1,0,0,0> }
	no_shadow
}

// nucleotide -1

// particle -1
sphere {
	<26.615564, 35.657860, 35.167377> 0.250000
	pigment { color rgbt <1,0,0,0> }
	no_shadow
}
cylinder {
	<26.862844, 35.456596, 35.408928>,  <27.011213, 35.335838, 35.553856>, 0.100000
	pigment { color rgbt <1,0,0,0> }
	no_shadow
}
cylinder {
	<26.862844, 35.456596, 35.408928>,  <26.615564, 35.657860, 35.167377>, 0.100000
	pigment { color rgbt <1,0,0,0> }
	no_shadow
}

// particle -1
sphere {
	<26.862844, 35.456596, 35.408928> 0.100000
	pigment { color rgbt <1,0,0,0> }
	no_shadow
}
sphere {
	0, 1
	scale<0.080000,0.200000,0.300000>
	matrix <-0.540810, 0.285236, 0.791306,
		-0.570396, -0.815766, -0.095779,
		0.618201, -0.503156, 0.603872,
		27.048306, 35.305649, 35.590088>
	pigment { color rgbt <0,1,1,0> }
	no_shadow
}
cylinder {
	<26.292336, 35.554443, 35.890251>,  <26.615564, 35.657860, 35.167377>, 0.130000
	pigment { color rgbt <1,0,0,0> }
	no_shadow
}

// nucleotide -1

// particle -1
sphere {
	<26.292336, 35.554443, 35.890251> 0.250000
	pigment { color rgbt <1,0,0,0> }
	no_shadow
}
cylinder {
	<26.682930, 35.489357, 35.946815>,  <26.917286, 35.450306, 35.980755>, 0.100000
	pigment { color rgbt <1,0,0,0> }
	no_shadow
}
cylinder {
	<26.682930, 35.489357, 35.946815>,  <26.292336, 35.554443, 35.890251>, 0.100000
	pigment { color rgbt <1,0,0,0> }
	no_shadow
}

// particle -1
sphere {
	<26.682930, 35.489357, 35.946815> 0.100000
	pigment { color rgbt <1,0,0,0> }
	no_shadow
}
sphere {
	0, 1
	scale<0.080000,0.200000,0.300000>
	matrix <-0.078502, 0.342526, 0.936223,
		-0.200777, -0.925310, 0.321698,
		0.976486, -0.162718, 0.141410,
		26.975876, 35.440540, 35.989239>
	pigment { color rgbt <0,1,1,0> }
	no_shadow
}
cylinder {
	<26.486479, 35.371719, 36.541340>,  <26.292336, 35.554443, 35.890251>, 0.130000
	pigment { color rgbt <1,0,0,0> }
	no_shadow
}

// nucleotide -1

// particle -1
sphere {
	<26.486479, 35.371719, 36.541340> 0.250000
	pigment { color rgbt <1,0,0,0> }
	no_shadow
}
cylinder {
	<26.824467, 35.530163, 36.397602>,  <27.027260, 35.625229, 36.311359>, 0.100000
	pigment { color rgbt <1,0,0,0> }
	no_shadow
}
cylinder {
	<26.824467, 35.530163, 36.397602>,  <26.486479, 35.371719, 36.541340>, 0.100000
	pigment { color rgbt <1,0,0,0> }
	no_shadow
}

// particle -1
sphere {
	<26.824467, 35.530163, 36.397602> 0.100000
	pigment { color rgbt <1,0,0,0> }
	no_shadow
}
sphere {
	0, 1
	scale<0.080000,0.200000,0.300000>
	matrix <0.121352, 0.512379, 0.850142,
		0.520877, -0.761945, 0.384872,
		0.844962, 0.396114, -0.359351,
		27.077957, 35.648994, 36.289799>
	pigment { color rgbt <0,1,1,0> }
	no_shadow
}
cylinder {
	<27.033598, 35.198002, 36.906158>,  <26.486479, 35.371719, 36.541340>, 0.130000
	pigment { color rgbt <1,0,0,0> }
	no_shadow
}

// nucleotide -1

// particle -1
sphere {
	<27.033598, 35.198002, 36.906158> 0.250000
	pigment { color rgbt <1,0,0,0> }
	no_shadow
}
cylinder {
	<27.099169, 35.544548, 36.717461>,  <27.138512, 35.752476, 36.604240>, 0.100000
	pigment { color rgbt <1,0,0,0> }
	no_shadow
}
cylinder {
	<27.099169, 35.544548, 36.717461>,  <27.033598, 35.198002, 36.906158>, 0.100000
	pigment { color rgbt <1,0,0,0> }
	no_shadow
}

// particle -1
sphere {
	<27.099169, 35.544548, 36.717461> 0.100000
	pigment { color rgbt <1,0,0,0> }
	no_shadow
}
sphere {
	0, 1
	scale<0.080000,0.200000,0.300000>
	matrix <0.053583, 0.469687, 0.881206,
		0.985016, -0.169730, 0.030572,
		0.163926, 0.866364, -0.471744,
		27.148346, 35.804459, 36.575939>
	pigment { color rgbt <0,1,1,0> }
	no_shadow
}
cylinder {
	<27.704231, 35.523762, 37.054642>,  <27.033598, 35.198002, 36.906158>, 0.130000
	pigment { color rgbt <1,0,0,0> }
	no_shadow
}

// nucleotide -1

// particle -1
sphere {
	<27.704231, 35.523762, 37.054642> 0.250000
	pigment { color rgbt <1,0,0,0> }
	no_shadow
}
cylinder {
	<27.403564, 35.778625, 36.986496>,  <27.223164, 35.931545, 36.945610>, 0.100000
	pigment { color rgbt <1,0,0,0> }
	no_shadow
}
cylinder {
	<27.403564, 35.778625, 36.986496>,  <27.704231, 35.523762, 37.054642>, 0.100000
	pigment { color rgbt <1,0,0,0> }
	no_shadow
}

// particle -1
sphere {
	<27.403564, 35.778625, 36.986496> 0.100000
	pigment { color rgbt <1,0,0,0> }
	no_shadow
}
sphere {
	0, 1
	scale<0.080000,0.200000,0.300000>
	matrix <0.190439, 0.456978, 0.868852,
		0.631451, 0.620643, -0.464835,
		-0.751666, 0.637161, -0.170364,
		27.178064, 35.969772, 36.935387>
	pigment { color rgbt <0,1,1,0> }
	no_shadow
}
cylinder {
	<28.052973, 35.220257, 36.486259>,  <27.704231, 35.523762, 37.054642>, 0.130000
	pigment { color rgbt <1,0,0,0> }
	no_shadow
}

// nucleotide -1

// particle -1
sphere {
	<28.052973, 35.220257, 36.486259> 0.250000
	pigment { color rgbt <1,0,0,0> }
	no_shadow
}
cylinder {
	<27.674852, 35.230129, 36.356152>,  <27.447981, 35.236053, 36.278088>, 0.100000
	pigment { color rgbt <1,0,0,0> }
	no_shadow
}
cylinder {
	<27.674852, 35.230129, 36.356152>,  <28.052973, 35.220257, 36.486259>, 0.100000
	pigment { color rgbt <1,0,0,0> }
	no_shadow
}

// particle -1
sphere {
	<27.674852, 35.230129, 36.356152> 0.100000
	pigment { color rgbt <1,0,0,0> }
	no_shadow
}
sphere {
	0, 1
	scale<0.080000,0.200000,0.300000>
	matrix <0.230455, -0.655185, -0.719460,
