// switches for output
#declare DRAW_BASES = 1; // possible values are 0, 1; only relevant for DNA ribbons
#declare DRAW_BASES_TYPE = 3; // possible values are 1, 2, 3; only relevant for DNA ribbons
#declare DRAW_FOG = 0; // set to 1 to enable fog

#include "colors.inc"

#include "transforms.inc"
background { rgb <1, 1, 1>}

#default {
   normal{
       ripples 0.25
       frequency 0.20
       turbulence 0.2
       lambda 5
   }
	finish {
		phong 0.1
		phong_size 40.
	}
}

// original window dimensions: 1024x640


// camera settings

camera {
	sky <0, 0.179814, -0.983701>
	up <0, 0.179814, -0.983701>
	right 1.6 * <1, 0, 0>
	location <35, 94.9851, 44.8844>
	look_at <35, 29.7336, 32.9568>
	direction <0, -65.2515, -11.9276>
	angle 67.0682
}


# declare cpy_camera_pos = <35, 94.9851, 44.8844>;
# if (DRAW_FOG = 1)
fog {
	fog_type 2
	up vnormalize(cpy_camera_pos)
	color rgbt<1,1,1,0.3>
	distance 1e-5
	fog_alt 3e-3
	fog_offset 56
}
# end


// LIGHTS

# declare lum = 6;
global_settings {
	ambient_light rgb lum * <0.05, 0.05, 0.05>
	max_trace_level 15
}# declare cpy_direct_light_amount = 0.25;
light_source
{	1000 * <-1, -1.16352, -0.803886>,
	rgb lum * cpy_direct_light_amount
	parallel
}

light_source
{	1000 * <1, 1.16352, 0.803886>,
	rgb lum * cpy_direct_light_amount
	parallel
}

// strand 0

// nucleotide -1

// particle -1
sphere {
	<23.927708, 35.289593, 35.173649> 0.250000
	pigment { color rgbt <1,0,0,0> }
	no_shadow
}
cylinder {
	<24.145704, 34.963127, 35.096855>,  <24.276503, 34.767246, 35.050781>, 0.100000
	pigment { color rgbt <1,0,0,0> }
	no_shadow
}
cylinder {
	<24.145704, 34.963127, 35.096855>,  <23.927708, 35.289593, 35.173649>, 0.100000
	pigment { color rgbt <1,0,0,0> }
	no_shadow
}

// particle -1
sphere {
	<24.145704, 34.963127, 35.096855> 0.100000
	pigment { color rgbt <1,0,0,0> }
	no_shadow
}
sphere {
	0, 1
	scale<0.080000,0.200000,0.300000>
	matrix <-0.680855, -0.297178, -0.669419,
		0.489304, 0.495540, -0.717650,
		0.544994, -0.816165, -0.191980,
		24.309202, 34.718277, 35.039261>
	pigment { color rgbt <0,1,1,0> }
	no_shadow
}
cylinder {
	<24.225531, 35.664726, 34.550957>,  <23.927708, 35.289593, 35.173649>, 0.130000
	pigment { color rgbt <1,0,0,0> }
	no_shadow
}

// nucleotide -1

// particle -1
sphere {
	<24.225531, 35.664726, 34.550957> 0.250000
	pigment { color rgbt <1,0,0,0> }
	no_shadow
}
cylinder {
	<24.439163, 35.327106, 34.531654>,  <24.567343, 35.124535, 34.520073>, 0.100000
	pigment { color rgbt <1,0,0,0> }
	no_shadow
}
cylinder {
	<24.439163, 35.327106, 34.531654>,  <24.225531, 35.664726, 34.550957>, 0.100000
	pigment { color rgbt <1,0,0,0> }
	no_shadow
}

// particle -1
sphere {
	<24.439163, 35.327106, 34.531654> 0.100000
	pigment { color rgbt <1,0,0,0> }
	no_shadow
}
sphere {
	0, 1
	scale<0.080000,0.200000,0.300000>
	matrix <-0.842768, -0.536059, 0.048818,
		-0.067075, 0.014597, -0.997641,
		0.534082, -0.844054, -0.048258,
		24.599388, 35.073891, 34.517178>
	pigment { color rgbt <0,1,1,0> }
	no_shadow
}
cylinder {
	<24.882494, 35.751041, 34.162304>,  <24.225531, 35.664726, 34.550957>, 0.130000
	pigment { color rgbt <1,0,0,0> }
	no_shadow
}

// nucleotide -1

// particle -1
sphere {
	<24.882494, 35.751041, 34.162304> 0.250000
	pigment { color rgbt <1,0,0,0> }
	no_shadow
}
cylinder {
	<25.218481, 35.869446, 34.344219>,  <25.420073, 35.940487, 34.453369>, 0.100000
	pigment { color rgbt <1,0,0,0> }
	no_shadow
}
cylinder {
	<25.218481, 35.869446, 34.344219>,  <24.882494, 35.751041, 34.162304>, 0.100000
	pigment { color rgbt <1,0,0,0> }
	no_shadow
}

// particle -1
sphere {
	<25.218481, 35.869446, 34.344219> 0.100000
	pigment { color rgbt <1,0,0,0> }
	no_shadow
}
sphere {
	0, 1
	scale<0.080000,0.200000,0.300000>
	matrix <0.200362, -0.948069, 0.247022,
		0.504292, -0.116368, -0.855656,
		0.839967, 0.296012, 0.454788,
		25.470470, 35.958248, 34.480656>
	pigment { color rgbt <0,1,1,0> }
	no_shadow
}
cylinder {
	<25.403582, 35.277397, 33.994686>,  <24.882494, 35.751041, 34.162304>, 0.130000
	pigment { color rgbt <1,0,0,0> }
	no_shadow
}

// nucleotide -1

// particle -1
sphere {
	<25.403582, 35.277397, 33.994686> 0.250000
	pigment { color rgbt <1,0,0,0> }
	no_shadow
}
cylinder {
	<25.521023, 35.434917, 34.343102>,  <25.591488, 35.529430, 34.552151>, 0.100000
	pigment { color rgbt <1,0,0,0> }
	no_shadow
}
cylinder {
	<25.521023, 35.434917, 34.343102>,  <25.403582, 35.277397, 33.994686>, 0.100000
	pigment { color rgbt <1,0,0,0> }
	no_shadow
}

// particle -1
sphere {
	<25.521023, 35.434917, 34.343102> 0.100000
	pigment { color rgbt <1,0,0,0> }
	no_shadow
}
sphere {
	0, 1
	scale<0.080000,0.200000,0.300000>
	matrix <0.177120, -0.917835, 0.355256,
		0.939375, 0.049975, -0.339230,
		0.293603, 0.393803, 0.871043,
		25.609104, 35.553059, 34.604416>
	pigment { color rgbt <0,1,1,0> }
	no_shadow
}
cylinder {
	<26.052891, 34.881741, 34.145077>,  <25.403582, 35.277397, 33.994686>, 0.130000
	pigment { color rgbt <1,0,0,0> }
	no_shadow
}

// nucleotide -1

// particle -1
sphere {
	<26.052891, 34.881741, 34.145077> 0.250000
	pigment { color rgbt <1,0,0,0> }
	no_shadow
}
cylinder {
	<25.941816, 35.054279, 34.488430>,  <25.875172, 35.157803, 34.694443>, 0.100000
	pigment { color rgbt <1,0,0,0> }
	no_shadow
}
cylinder {
	<25.941816, 35.054279, 34.488430>,  <26.052891, 34.881741, 34.145077>, 0.100000
	pigment { color rgbt <1,0,0,0> }
	no_shadow
}

// particle -1
sphere {
	<25.941816, 35.054279, 34.488430> 0.100000
	pigment { color rgbt <1,0,0,0> }
	no_shadow
}
sphere {
	0, 1
	scale<0.080000,0.200000,0.300000>
	matrix <0.381754, -0.770400, 0.510634,
		0.881563, 0.469489, 0.049261,
		-0.277688, 0.431350, 0.858386,
		25.858511, 35.183685, 34.745945>
	pigment { color rgbt <0,1,1,0> }
	no_shadow
}
cylinder {
	<26.629736, 34.910122, 34.568462>,  <26.052891, 34.881741, 34.145077>, 0.130000
	pigment { color rgbt <1,0,0,0> }
	no_shadow
}

// nucleotide -1

// particle -1
sphere {
	<26.629736, 34.910122, 34.568462> 0.250000
	pigment { color rgbt <1,0,0,0> }
	no_shadow
}
cylinder {
	<26.288960, 34.903126, 34.777802>,  <26.084494, 34.898930, 34.903404>, 0.100000
	pigment { color rgbt <1,0,0,0> }
	no_shadow
}
cylinder {
	<26.288960, 34.903126, 34.777802>,  <26.629736, 34.910122, 34.568462>, 0.100000
	pigment { color rgbt <1,0,0,0> }
	no_shadow
}

// particle -1
sphere {
	<26.288960, 34.903126, 34.777802> 0.100000
	pigment { color rgbt <1,0,0,0> }
	no_shadow
}
sphere {
	0, 1
	scale<0.080000,0.200000,0.300000>
	matrix <0.330097, -0.793781, 0.510830,
		0.406490, 0.607952, 0.682026,
		-0.851940, -0.017487, 0.523348,
		26.033377, 34.897881, 34.934807>
	pigment { color rgbt <0,1,1,0> }
	no_shadow
}
cylinder {
	<26.793585, 34.665596, 35.226913>,  <26.629736, 34.910122, 34.568462>, 0.130000
	pigment { color rgbt <1,0,0,0> }
	no_shadow
}

// nucleotide -1

// particle -1
sphere {
	<26.793585, 34.665596, 35.226913> 0.250000
	pigment { color rgbt <1,0,0,0> }
	no_shadow
}
cylinder {
	<26.414005, 34.561066, 35.156254>,  <26.186256, 34.498348, 35.113857>, 0.100000
	pigment { color rgbt <1,0,0,0> }
	no_shadow
}
cylinder {
	<26.414005, 34.561066, 35.156254>,  <26.793585, 34.665596, 35.226913>, 0.100000
	pigment { color rgbt <1,0,0,0> }
	no_shadow
}

// particle -1
sphere {
	<26.414005, 34.561066, 35.156254> 0.100000
	pigment { color rgbt <1,0,0,0> }
	no_shadow
}
sphere {
	0, 1
	scale<0.080000,0.200000,0.300000>
	matrix <0.173743, -0.900456, 0.398739,
		-0.263264, 0.347692, 0.899890,
		-0.948950, -0.261323, -0.176649,
		26.129320, 34.482670, 35.103260>
	pigment { color rgbt <0,1,1,0> }
	no_shadow
}
cylinder {
	<26.379490, 34.447697, 35.895527>,  <26.793585, 34.665596, 35.226913>, 0.130000
	pigment { color rgbt <1,0,0,0> }
	no_shadow
}

// nucleotide -1

// particle -1
sphere {
	<26.379490, 34.447697, 35.895527> 0.250000
	pigment { color rgbt <1,0,0,0> }
	no_shadow
}
cylinder {
	<26.243353, 34.250526, 35.575230>,  <26.161671, 34.132225, 35.383053>, 0.100000
	pigment { color rgbt <1,0,0,0> }
	no_shadow
}
cylinder {
	<26.243353, 34.250526, 35.575230>,  <26.379490, 34.447697, 35.895527>, 0.100000
	pigment { color rgbt <1,0,0,0> }
	no_shadow
}

// particle -1
sphere {
	<26.243353, 34.250526, 35.575230> 0.100000
	pigment { color rgbt <1,0,0,0> }
	no_shadow
}
sphere {
	0, 1
	scale<0.080000,0.200000,0.300000>
	matrix <0.044741, -0.859105, 0.509840,
		-0.939236, 0.137695, 0.314444,
		-0.340343, -0.492929, -0.800742,
		26.141251, 34.102646, 35.335007>
	pigment { color rgbt <0,1,1,0> }
	no_shadow
}
cylinder {
	<25.830980, 33.971954, 36.127361>,  <26.379490, 34.447697, 35.895527>, 0.130000
	pigment { color rgbt <1,0,0,0> }
	no_shadow
}

// nucleotide -1

// particle -1
sphere {
	<25.830980, 33.971954, 36.127361> 0.250000
	pigment { color rgbt <1,0,0,0> }
	no_shadow
}
cylinder {
	<25.981594, 33.808285, 35.794903>,  <26.071962, 33.710083, 35.595428>, 0.100000
	pigment { color rgbt <1,0,0,0> }
	no_shadow
}
cylinder {
	<25.981594, 33.808285, 35.794903>,  <25.830980, 33.971954, 36.127361>, 0.100000
	pigment { color rgbt <1,0,0,0> }
	no_shadow
}

// particle -1
sphere {
	<25.981594, 33.808285, 35.794903> 0.100000
	pigment { color rgbt <1,0,0,0> }
	no_shadow
}
sphere {
	0, 1
	scale<0.080000,0.200000,0.300000>
	matrix <-0.053588, -0.905291, 0.421398,
		-0.924851, -0.114132, -0.362801,
		0.376536, -0.409172, -0.831143,
		26.094555, 33.685532, 35.545559>
	pigment { color rgbt <0,1,1,0> }
	no_shadow
}
cylinder {
	<25.449780, 33.318977, 35.967293>,  <25.830980, 33.971954, 36.127361>, 0.130000
	pigment { color rgbt <1,0,0,0> }
	no_shadow
}

// nucleotide -1

// particle -1
sphere {
	<25.449780, 33.318977, 35.967293> 0.250000
	pigment { color rgbt <1,0,0,0> }
	no_shadow
}
cylinder {
	<25.787573, 33.254128, 35.763111>,  <25.990248, 33.215218, 35.640602>, 0.100000
	pigment { color rgbt <1,0,0,0> }
	no_shadow
}
cylinder {
	<25.787573, 33.254128, 35.763111>,  <25.449780, 33.318977, 35.967293>, 0.100000
	pigment { color rgbt <1,0,0,0> }
	no_shadow
}

// particle -1
sphere {
	<25.787573, 33.254128, 35.763111> 0.100000
	pigment { color rgbt <1,0,0,0> }
	no_shadow
}
sphere {
	0, 1
	scale<0.080000,0.200000,0.300000>
	matrix <-0.010736, -0.958017, 0.286510,
		-0.535477, -0.236472, -0.810769,
		0.844482, -0.162124, -0.510457,
		26.040918, 33.205490, 35.609974>
	pigment { color rgbt <0,1,1,0> }
	no_shadow
}
cylinder {
	<25.319216, 32.763107, 35.648769>,  <25.449780, 33.318977, 35.967293>, 0.130000
	pigment { color rgbt <1,0,0,0> }
	no_shadow
}

// nucleotide -1

// particle -1
sphere {
	<25.319216, 32.763107, 35.648769> 0.250000
	pigment { color rgbt <1,0,0,0> }
	no_shadow
}
cylinder {
	<25.718830, 32.780334, 35.652271>,  <25.958599, 32.790672, 35.654373>, 0.100000
	pigment { color rgbt <1,0,0,0> }
	no_shadow
}
cylinder {
	<25.718830, 32.780334, 35.652271>,  <25.319216, 32.763107, 35.648769>, 0.100000
	pigment { color rgbt <1,0,0,0> }
	no_shadow
}

// particle -1
sphere {
	<25.718830, 32.780334, 35.652271> 0.100000
	pigment { color rgbt <1,0,0,0> }
	no_shadow
}
sphere {
	0, 1
	scale<0.080000,0.200000,0.300000>
	matrix <0.034379, -0.889888, 0.454881,
		0.027384, -0.454140, -0.890509,
		0.999034, 0.043071, 0.008756,
		26.018539, 32.793255, 35.654900>
	pigment { color rgbt <0,1,1,0> }
	no_shadow
}
cylinder {
	<25.616709, 32.045605, 35.569809>,  <25.319216, 32.763107, 35.648769>, 0.130000
	pigment { color rgbt <1,0,0,0> }
	no_shadow
}

// nucleotide -1

// particle -1
sphere {
	<25.616709, 32.045605, 35.569809> 0.250000
	pigment { color rgbt <1,0,0,0> }
	no_shadow
}
cylinder {
	<25.882612, 32.282463, 35.751999>,  <26.042154, 32.424580, 35.861313>, 0.100000
	pigment { color rgbt <1,0,0,0> }
	no_shadow
}
cylinder {
	<25.882612, 32.282463, 35.751999>,  <25.616709, 32.045605, 35.569809>, 0.100000
	pigment { color rgbt <1,0,0,0> }
	no_shadow
}

// particle -1
sphere {
	<25.882612, 32.282463, 35.751999> 0.100000
	pigment { color rgbt <1,0,0,0> }
	no_shadow
}
sphere {
	0, 1
	scale<0.080000,0.200000,0.300000>
	matrix <0.256756, -0.753646, 0.605057,
		0.701549, -0.285272, -0.653031,
		0.664760, 0.592147, 0.455474,
		26.082041, 32.460106, 35.888641>
	pigment { color rgbt <0,1,1,0> }
	no_shadow
}
cylinder {
	<26.244484, 31.643576, 35.655254>,  <25.616709, 32.045605, 35.569809>, 0.130000
	pigment { color rgbt <1,0,0,0> }
	no_shadow
}

// nucleotide -1

// particle -1
sphere {
	<26.244484, 31.643576, 35.655254> 0.250000
	pigment { color rgbt <1,0,0,0> }
	no_shadow
}
cylinder {
	<26.313633, 31.950600, 35.902142>,  <26.355124, 32.134815, 36.050274>, 0.100000
	pigment { color rgbt <1,0,0,0> }
	no_shadow
}
cylinder {
	<26.313633, 31.950600, 35.902142>,  <26.244484, 31.643576, 35.655254>, 0.100000
	pigment { color rgbt <1,0,0,0> }
	no_shadow
}

// particle -1
sphere {
	<26.313633, 31.950600, 35.902142> 0.100000
	pigment { color rgbt <1,0,0,0> }
	no_shadow
}
sphere {
	0, 1
	scale<0.080000,0.200000,0.300000>
	matrix <0.460961, -0.616842, 0.637982,
		0.870419, 0.174225, -0.460452,
		0.172874, 0.767562, 0.617222,
		26.365496, 32.180870, 36.087307>
	pigment { color rgbt <0,1,1,0> }
	no_shadow
}
cylinder {
	<26.909424, 31.803356, 35.739265>,  <26.244484, 31.643576, 35.655254>, 0.130000
	pigment { color rgbt <1,0,0,0> }
	no_shadow
}

// nucleotide -1

// particle -1
sphere {
	<26.909424, 31.803356, 35.739265> 0.250000
	pigment { color rgbt <1,0,0,0> }
	no_shadow
}
cylinder {
	<26.738863, 31.920961, 36.081432>,  <26.636526, 31.991524, 36.286732>, 0.100000
	pigment { color rgbt <1,0,0,0> }
	no_shadow
}
cylinder {
	<26.738863, 31.920961, 36.081432>,  <26.909424, 31.803356, 35.739265>, 0.100000
	pigment { color rgbt <1,0,0,0> }
	no_shadow
}

// particle -1
sphere {
	<26.738863, 31.920961, 36.081432> 0.100000
	pigment { color rgbt <1,0,0,0> }
	no_shadow
}
sphere {
	0, 1
	scale<0.080000,0.200000,0.300000>
	matrix <0.678567, -0.521348, 0.517438,
		0.598104, 0.801094, 0.022796,
		-0.426402, 0.294013, 0.855417,
		26.610943, 32.009167, 36.338058>
	pigment { color rgbt <0,1,1,0> }
	no_shadow
}
cylinder {
	<27.319342, 32.278435, 36.364647>,  <26.909424, 31.803356, 35.739265>, 0.130000
	pigment { color rgbt <1,0,0,0> }
	no_shadow
}

// nucleotide -1

// particle -1
sphere {
	<27.319342, 32.278435, 36.364647> 0.250000
	pigment { color rgbt <1,0,0,0> }
	no_shadow
}
cylinder {
	<27.041792, 32.011448, 36.472740>,  <26.875263, 31.851255, 36.537598>, 0.100000
	pigment { color rgbt <1,0,0,0> }
	no_shadow
}
cylinder {
	<27.041792, 32.011448, 36.472740>,  <27.319342, 32.278435, 36.364647>, 0.100000
	pigment { color rgbt <1,0,0,0> }
	no_shadow
}

// particle -1
sphere {
	<27.041792, 32.011448, 36.472740> 0.100000
	pigment { color rgbt <1,0,0,0> }
	no_shadow
}
sphere {
	0, 1
	scale<0.080000,0.200000,0.300000>
	matrix <0.688019, -0.503747, 0.522368,
		-0.212534, 0.548384, 0.808767,
		-0.693873, -0.667468, 0.270236,
		26.833630, 31.811207, 36.553810>
	pigment { color rgbt <0,1,1,0> }
	no_shadow
}
cylinder {
	<26.990091, 32.910694, 36.430538>,  <27.319342, 32.278435, 36.364647>, 0.130000
	pigment { color rgbt <1,0,0,0> }
	no_shadow
}

// nucleotide -1

// particle -1
sphere {
	<26.990091, 32.910694, 36.430538> 0.250000
	pigment { color rgbt <1,0,0,0> }
	no_shadow
}
cylinder {
	<26.740511, 32.745434, 36.165211>,  <26.590763, 32.646278, 36.006016>, 0.100000
	pigment { color rgbt <1,0,0,0> }
	no_shadow
}
cylinder {
	<26.740511, 32.745434, 36.165211>,  <26.990091, 32.910694, 36.430538>, 0.100000
	pigment { color rgbt <1,0,0,0> }
	no_shadow
}

// particle -1
sphere {
	<26.740511, 32.745434, 36.165211> 0.100000
	pigment { color rgbt <1,0,0,0> }
	no_shadow
}
sphere {
	0, 1
	scale<0.080000,0.200000,0.300000>
	matrix <0.288640, 0.666954, -0.686921,
		0.726204, -0.620066, -0.296895,
		-0.623951, -0.413148, -0.663320,
		26.553326, 32.621490, 35.966213>
	pigment { color rgbt <0,1,1,0> }
	no_shadow
}
cylinder {
	<27.322521, 32.995079, 35.673000>,  <26.990091, 32.910694, 36.430538>, 0.130000
	pigment { color rgbt <1,0,0,0> }
	no_shadow
}

// nucleotide -1

// particle -1
sphere {
	<27.322521, 32.995079, 35.673000> 0.250000
	pigment { color rgbt <1,0,0,0> }
	no_shadow
}
cylinder {
	<26.929237, 32.927643, 35.645058>,  <26.693268, 32.887180, 35.628292>, 0.100000
	pigment { color rgbt <1,0,0,0> }
	no_shadow
}
cylinder {
	<26.929237, 32.927643, 35.645058>,  <27.322521, 32.995079, 35.673000>, 0.100000
	pigment { color rgbt <1,0,0,0> }
	no_shadow
}

// particle -1
sphere {
	<26.929237, 32.927643, 35.645058> 0.100000
	pigment { color rgbt <1,0,0,0> }
	no_shadow
}
sphere {
	0, 1
	scale<0.080000,0.200000,0.300000>
	matrix <-0.091646, 0.787195, -0.609856,
		0.157807, -0.593213, -0.789427,
		-0.983208, -0.168588, -0.069859,
		26.634275, 32.877068, 35.624100>
	pigment { color rgbt <0,1,1,0> }
	no_shadow
}
cylinder {
	<27.138258, 33.013557, 34.943298>,  <27.322521, 32.995079, 35.673000>, 0.130000
	pigment { color rgbt <1,0,0,0> }
	no_shadow
}

// nucleotide -1

// particle -1
sphere {
	<27.138258, 33.013557, 34.943298> 0.250000
	pigment { color rgbt <1,0,0,0> }
	no_shadow
}
cylinder {
	<26.799606, 33.076256, 35.146729>,  <26.596415, 33.113876, 35.268787>, 0.100000
	pigment { color rgbt <1,0,0,0> }
	no_shadow
}
cylinder {
	<26.799606, 33.076256, 35.146729>,  <27.138258, 33.013557, 34.943298>, 0.100000
	pigment { color rgbt <1,0,0,0> }
	no_shadow
}

// particle -1
sphere {
	<26.799606, 33.076256, 35.146729> 0.100000
	pigment { color rgbt <1,0,0,0> }
	no_shadow
}
sphere {
	0, 1
	scale<0.080000,0.200000,0.300000>
	matrix <-0.181373, 0.813445, -0.552639,
		-0.500322, -0.560123, -0.660257,
		-0.846629, 0.156745, 0.508576,
		26.545618, 33.123280, 35.299301>
	pigment { color rgbt <0,1,1,0> }
	no_shadow
}
cylinder {
	<26.591282, 33.139587, 34.495106>,  <27.138258, 33.013557, 34.943298>, 0.130000
	pigment { color rgbt <1,0,0,0> }
	no_shadow
}

// nucleotide -1

// particle -1
sphere {
	<26.591282, 33.139587, 34.495106> 0.250000
	pigment { color rgbt <1,0,0,0> }
	no_shadow
}
cylinder {
	<26.432337, 33.322731, 34.813217>,  <26.336969, 33.432617, 35.004082>, 0.100000
	pigment { color rgbt <1,0,0,0> }
	no_shadow
}
cylinder {
	<26.432337, 33.322731, 34.813217>,  <26.591282, 33.139587, 34.495106>, 0.100000
	pigment { color rgbt <1,0,0,0> }
	no_shadow
}

// particle -1
sphere {
	<26.432337, 33.322731, 34.813217> 0.100000
	pigment { color rgbt <1,0,0,0> }
	no_shadow
}
sphere {
	0, 1
	scale<0.080000,0.200000,0.300000>
	matrix <-0.269140, 0.770375, -0.578002,
		-0.877307, -0.443716, -0.182888,
		-0.397361, 0.457863, 0.795277,
		26.313128, 33.460091, 35.051800>
	pigment { color rgbt <0,1,1,0> }
	no_shadow
}
cylinder {
	<25.942797, 33.351631, 34.310669>,  <26.591282, 33.139587, 34.495106>, 0.130000
	pigment { color rgbt <1,0,0,0> }
	no_shadow
}

// nucleotide -1

// particle -1
sphere {
	<25.942797, 33.351631, 34.310669> 0.250000
	pigment { color rgbt <1,0,0,0> }
	no_shadow
}
cylinder {
	<26.007030, 33.596661, 34.620239>,  <26.045570, 33.743679, 34.805981>, 0.100000
	pigment { color rgbt <1,0,0,0> }
	no_shadow
}
cylinder {
	<26.007030, 33.596661, 34.620239>,  <25.942797, 33.351631, 34.310669>, 0.100000
	pigment { color rgbt <1,0,0,0> }
	no_shadow
}

// particle -1
sphere {
	<26.007030, 33.596661, 34.620239> 0.100000
	pigment { color rgbt <1,0,0,0> }
	no_shadow
}
sphere {
	0, 1
	scale<0.080000,0.200000,0.300000>
	matrix <-0.277581, 0.780485, -0.560172,
		-0.947186, -0.124873, 0.295372,
		0.160583, 0.612577, 0.773927,
		26.055206, 33.780434, 34.852417>
	pigment { color rgbt <0,1,1,0> }
	no_shadow
}
cylinder {
	<25.186354, 33.612331, 34.489986>,  <25.942797, 33.351631, 34.310669>, 0.130000
	pigment { color rgbt <1,0,0,0> }
	no_shadow
}

// nucleotide -1

// particle -1
sphere {
	<25.186354, 33.612331, 34.489986> 0.250000
	pigment { color rgbt <1,0,0,0> }
	no_shadow
}
cylinder {
	<25.498068, 33.830212, 34.613930>,  <25.685097, 33.960941, 34.688297>, 0.100000
	pigment { color rgbt <1,0,0,0> }
	no_shadow
}
cylinder {
	<25.498068, 33.830212, 34.613930>,  <25.186354, 33.612331, 34.489986>, 0.100000
	pigment { color rgbt <1,0,0,0> }
	no_shadow
}

// particle -1
sphere {
	<25.498068, 33.830212, 34.613930> 0.100000
	pigment { color rgbt <1,0,0,0> }
	no_shadow
}
sphere {
	0, 1
	scale<0.080000,0.200000,0.300000>
	matrix <-0.421020, 0.821319, -0.384938,
		-0.464169, 0.169520, 0.869373,
		0.779288, 0.544700, 0.309860,
		25.731853, 33.993622, 34.706886>
	pigment { color rgbt <0,1,1,0> }
	no_shadow
}
cylinder {
	<24.873665, 34.159271, 34.907261>,  <25.186354, 33.612331, 34.489986>, 0.130000
	pigment { color rgbt <1,0,0,0> }
	no_shadow
}

// nucleotide -1

// particle -1
sphere {
	<24.873665, 34.159271, 34.907261> 0.250000
	pigment { color rgbt <1,0,0,0> }
	no_shadow
}
cylinder {
	<25.214954, 34.278389, 34.735992>,  <25.419727, 34.349861, 34.633232>, 0.100000
	pigment { color rgbt <1,0,0,0> }
	no_shadow
}
cylinder {
	<25.214954, 34.278389, 34.735992>,  <24.873665, 34.159271, 34.907261>, 0.100000
	pigment { color rgbt <1,0,0,0> }
	no_shadow
}

// particle -1
sphere {
	<25.214954, 34.278389, 34.735992> 0.100000
	pigment { color rgbt <1,0,0,0> }
	no_shadow
}
sphere {
	0, 1
	scale<0.080000,0.200000,0.300000>
	matrix <-0.470407, 0.793938, -0.385200,
		0.225226, 0.530075, 0.817493,
		0.853224, 0.297797, -0.428167,
		25.470921, 34.367729, 34.607544>
	pigment { color rgbt <0,1,1,0> }
	no_shadow
}
cylinder {
	<25.330111, 34.391224, 35.325985>,  <24.873665, 34.159271, 34.907261>, 0.130000
	pigment { color rgbt <1,0,0,0> }
	no_shadow
}

// nucleotide -1

// particle -1
sphere {
	<25.330111, 34.391224, 35.325985> 0.250000
	pigment { color rgbt <1,0,0,0> }
	no_shadow
}
cylinder {
	<25.166964, 34.205975, 35.640732>,  <25.069075, 34.094826, 35.829578>, 0.100000
	pigment { color rgbt <1,0,0,0> }
	no_shadow
}
cylinder {
	<25.166964, 34.205975, 35.640732>,  <25.330111, 34.391224, 35.325985>, 0.100000
	pigment { color rgbt <1,0,0,0> }
	no_shadow
}

// particle -1
sphere {
	<25.166964, 34.205975, 35.640732> 0.100000
	pigment { color rgbt <1,0,0,0> }
	no_shadow
}
sphere {
	0, 1
	scale<0.080000,0.200000,0.300000>
	matrix <0.753487, -0.657453, 0.003613,
		0.515656, 0.594368, 0.617110,
		-0.407868, -0.463121, 0.786868,
		25.044603, 34.067039, 35.876793>
	pigment { color rgbt <0,1,1,0> }
	no_shadow
}
cylinder {
	<25.051092, 34.982853, 35.705711>,  <25.330111, 34.391224, 35.325985>, 0.130000
	pigment { color rgbt <1,0,0,0> }
	no_shadow
}

// nucleotide -1

// particle -1
sphere {
	<25.051092, 34.982853, 35.705711> 0.250000
	pigment { color rgbt <1,0,0,0> }
	no_shadow
}
cylinder {
	<25.402897, 34.999168, 35.516064>,  <25.613979, 35.008957, 35.402275>, 0.100000
	pigment { color rgbt <1,0,0,0> }
	no_shadow
}
cylinder {
	<25.402897, 34.999168, 35.516064>,  <25.051092, 34.982853, 35.705711>, 0.100000
	pigment { color rgbt <1,0,0,0> }
	no_shadow
}

// particle -1
sphere {
	<25.402897, 34.999168, 35.516064> 0.100000
	pigment { color rgbt <1,0,0,0> }
	no_shadow
}
sphere {
	0, 1
	scale<0.080000,0.200000,0.300000>
	matrix <-0.183710, 0.948186, -0.259217,
		0.438982, 0.315086, 0.841437,
		0.879514, 0.040788, -0.474121,
		25.666752, 35.011406, 35.373829>
	pigment { color rgbt <0,1,1,0> }
	no_shadow
}
cylinder {
	<25.255825, 35.687210, 35.808258>,  <25.051092, 34.982853, 35.705711>, 0.130000
	pigment { color rgbt <1,0,0,0> }
	no_shadow
}

// nucleotide -1

// particle -1
sphere {
	<25.255825, 35.687210, 35.808258> 0.250000
	pigment { color rgbt <1,0,0,0> }
	no_shadow
}
cylinder {
	<25.478855, 35.539917, 35.510666>,  <25.612673, 35.451542, 35.332111>, 0.100000
	pigment { color rgbt <1,0,0,0> }
	no_shadow
}
cylinder {
	<25.478855, 35.539917, 35.510666>,  <25.255825, 35.687210, 35.808258>, 0.100000
	pigment { color rgbt <1,0,0,0> }
	no_shadow
}

// particle -1
sphere {
	<25.478855, 35.539917, 35.510666> 0.100000
	pigment { color rgbt <1,0,0,0> }
	no_shadow
}
sphere {
	0, 1
	scale<0.080000,0.200000,0.300000>
	matrix <-0.113051, 0.854198, -0.507510,
		0.822391, 0.367084, 0.434652,
		0.557577, -0.368234, -0.743984,
		25.646128, 35.429447, 35.287472>
	pigment { color rgbt <0,1,1,0> }
	no_shadow
}
cylinder {
	<25.920231, 36.009609, 35.783115>,  <25.255825, 35.687210, 35.808258>, 0.130000
	pigment { color rgbt <1,0,0,0> }
	no_shadow
}

// nucleotide -1

// particle -1
sphere {
	<25.920231, 36.009609, 35.783115> 0.250000
	pigment { color rgbt <1,0,0,0> }
	no_shadow
}
cylinder {
	<25.837339, 35.903976, 35.406326>,  <25.787605, 35.840595, 35.180252>, 0.100000
	pigment { color rgbt <1,0,0,0> }
	no_shadow
}
cylinder {
	<25.837339, 35.903976, 35.406326>,  <25.920231, 36.009609, 35.783115>, 0.100000
	pigment { color rgbt <1,0,0,0> }
	no_shadow
}

// particle -1
sphere {
	<25.837339, 35.903976, 35.406326> 0.100000
	pigment { color rgbt <1,0,0,0> }
	no_shadow
}
sphere {
	0, 1
	scale<0.080000,0.200000,0.300000>
	matrix <-0.070816, 0.964399, -0.254791,
		0.975727, 0.013908, -0.218550,
		-0.207226, -0.264083, -0.941975,
		25.775171, 35.824753, 35.123734>
	pigment { color rgbt <0,1,1,0> }
	no_shadow
}
cylinder {
	<26.345156, 36.493198, 35.300846>,  <25.920231, 36.009609, 35.783115>, 0.130000
	pigment { color rgbt <1,0,0,0> }
	no_shadow
}

// nucleotide -1

// particle -1
sphere {
	<26.345156, 36.493198, 35.300846> 0.250000
	pigment { color rgbt <1,0,0,0> }
	no_shadow
}
cylinder {
	<26.071501, 36.324009, 35.063175>,  <25.907309, 36.222496, 34.920574>, 0.100000
	pigment { color rgbt <1,0,0,0> }
	no_shadow
}
cylinder {
	<26.071501, 36.324009, 35.063175>,  <26.345156, 36.493198, 35.300846>, 0.100000
	pigment { color rgbt <1,0,0,0> }
	no_shadow
}

// particle -1
sphere {
	<26.071501, 36.324009, 35.063175> 0.100000
	pigment { color rgbt <1,0,0,0> }
	no_shadow
}
sphere {
	0, 1
	scale<0.080000,0.200000,0.300000>
	matrix <-0.034184, 0.832364, -0.553173,
		0.728550, -0.358136, -0.583912,
		-0.684139, -0.422975, -0.594177,
		25.866259, 36.197117, 34.884922>
	pigment { color rgbt <0,1,1,0> }
	no_shadow
}
cylinder {
	<26.830273, 37.146000, 35.267334>,  <26.345156, 36.493198, 35.300846>, 0.130000
	pigment { color rgbt <1,0,0,0> }
	no_shadow
}

// nucleotide -1

// particle -1
sphere {
	<26.830273, 37.146000, 35.267334> 0.250000
	pigment { color rgbt <1,0,0,0> }
	no_shadow
}
cylinder {
	<27.211212, 37.172493, 35.386429>,  <27.439775, 37.188389, 35.457886>, 0.100000
	pigment { color rgbt <1,0,0,0> }
	no_shadow
}
cylinder {
	<27.211212, 37.172493, 35.386429>,  <26.830273, 37.146000, 35.267334>, 0.100000
	pigment { color rgbt <1,0,0,0> }
	no_shadow
}

// particle -1
sphere {
	<27.211212, 37.172493, 35.386429> 0.100000
	pigment { color rgbt <1,0,0,0> }
	no_shadow
}
sphere {
	0, 1
	scale<0.080000,0.200000,0.300000>
	matrix <-0.087356, 0.994476, 0.058198,
		-0.292237, -0.081433, 0.952873,
		0.952348, 0.066231, 0.297736,
		27.496916, 37.192364, 35.475750>
	pigment { color rgbt <0,1,1,0> }
	no_shadow
}
cylinder {
	<26.858595, 37.685131, 35.878777>,  <26.830273, 37.146000, 35.267334>, 0.130000
	pigment { color rgbt <1,0,0,0> }
	no_shadow
}

// nucleotide -1

// particle -1
sphere {
	<26.858595, 37.685131, 35.878777> 0.250000
	pigment { color rgbt <1,0,0,0> }
	no_shadow
}
cylinder {
	<27.175959, 37.655704, 35.637085>,  <27.366377, 37.638046, 35.492069>, 0.100000
	pigment { color rgbt <1,0,0,0> }
	no_shadow
}
cylinder {
	<27.175959, 37.655704, 35.637085>,  <26.858595, 37.685131, 35.878777>, 0.100000
	pigment { color rgbt <1,0,0,0> }
	no_shadow
}

// particle -1
sphere {
	<27.175959, 37.655704, 35.637085> 0.100000
	pigment { color rgbt <1,0,0,0> }
	no_shadow
}
sphere {
	0, 1
	scale<0.080000,0.200000,0.300000>
	matrix <-0.016585, 0.989688, -0.142279,
		0.608462, 0.122907, 0.784008,
		0.793410, -0.073569, -0.604226,
		27.413982, 37.633633, 35.455818>
	pigment { color rgbt <0,1,1,0> }
	no_shadow
}
cylinder {
	<27.451923, 38.189060, 35.978207>,  <26.858595, 37.685131, 35.878777>, 0.130000
	pigment { color rgbt <1,0,0,0> }
	no_shadow
}

// nucleotide -1

// particle -1
sphere {
	<27.451923, 38.189060, 35.978207> 0.250000
	pigment { color rgbt <1,0,0,0> }
	no_shadow
}
cylinder {
	<27.488214, 38.077713, 35.595734>,  <27.509989, 38.010906, 35.366249>, 0.100000
	pigment { color rgbt <1,0,0,0> }
	no_shadow
}
cylinder {
	<27.488214, 38.077713, 35.595734>,  <27.451923, 38.189060, 35.978207>, 0.100000
	pigment { color rgbt <1,0,0,0> }
	no_shadow
}

// particle -1
sphere {
	<27.488214, 38.077713, 35.595734> 0.100000
	pigment { color rgbt <1,0,0,0> }
	no_shadow
}
sphere {
	0, 1
	scale<0.080000,0.200000,0.300000>
	matrix <0.068612, 0.959606, -0.272854,
		0.993510, -0.040850, 0.106161,
		0.090727, -0.278367, -0.956180,
		27.515432, 37.994202, 35.308880>
	pigment { color rgbt <0,1,1,0> }
	no_shadow
}
cylinder {
	<27.759653, 37.725182, 36.522251>,  <27.451923, 38.189060, 35.978207>, 0.130000
	pigment { color rgbt <1,0,0,0> }
	no_shadow
}

// nucleotide -1

// particle -1
sphere {
	<27.759653, 37.725182, 36.522251> 0.250000
	pigment { color rgbt <1,0,0,0> }
	no_shadow
}
cylinder {
	<27.769081, 37.590672, 36.898838>,  <27.774738, 37.509968, 37.124790>, 0.100000
	pigment { color rgbt <1,0,0,0> }
	no_shadow
}
cylinder {
	<27.769081, 37.590672, 36.898838>,  <27.759653, 37.725182, 36.522251>, 0.100000
	pigment { color rgbt <1,0,0,0> }
	no_shadow
}

// particle -1
sphere {
	<27.769081, 37.590672, 36.898838> 0.100000
	pigment { color rgbt <1,0,0,0> }
	no_shadow
}
sphere {
	0, 1
	scale<0.080000,0.200000,0.300000>
	matrix <-0.988152, 0.135025, 0.072966,
		-0.151659, -0.932035, -0.329107,
		0.023569, -0.336273, 0.941469,
		27.776152, 37.489788, 37.181278>
	pigment { color rgbt <0,1,1,0> }
	no_shadow
}
cylinder {
	<27.174631, 37.267231, 36.731670>,  <27.759653, 37.725182, 36.522251>, 0.130000
	pigment { color rgbt <1,0,0,0> }
	no_shadow
}

// nucleotide -1

// particle -1
sphere {
	<27.174631, 37.267231, 36.731670> 0.250000
	pigment { color rgbt <1,0,0,0> }
	no_shadow
}
cylinder {
	<27.298998, 37.424885, 37.077618>,  <27.373617, 37.519478, 37.285187>, 0.100000
	pigment { color rgbt <1,0,0,0> }
	no_shadow
}
cylinder {
	<27.298998, 37.424885, 37.077618>,  <27.174631, 37.267231, 36.731670>, 0.100000
	pigment { color rgbt <1,0,0,0> }
	no_shadow
}

// particle -1
sphere {
	<27.298998, 37.424885, 37.077618> 0.100000
	pigment { color rgbt <1,0,0,0> }
	no_shadow
}
sphere {
	0, 1
	scale<0.080000,0.200000,0.300000>
	matrix <-0.950398, 0.137224, 0.279129,
		-0.008667, -0.908753, 0.417245,
		0.310915, 0.394130, 0.864866,
		27.392273, 37.543125, 37.337078>
	pigment { color rgbt <0,1,1,0> }
	no_shadow
}
cylinder {
	<26.751627, 36.909328, 37.282780>,  <27.174631, 37.267231, 36.731670>, 0.130000
	pigment { color rgbt <1,0,0,0> }
	no_shadow
}

// nucleotide -1

// particle -1
sphere {
	<26.751627, 36.909328, 37.282780> 0.250000
	pigment { color rgbt <1,0,0,0> }
	no_shadow
}
cylinder {
	<26.900049, 37.238731, 37.454433>,  <26.989101, 37.436375, 37.557426>, 0.100000
	pigment { color rgbt <1,0,0,0> }
	no_shadow
}
cylinder {
	<26.900049, 37.238731, 37.454433>,  <26.751627, 36.909328, 37.282780>, 0.100000
	pigment { color rgbt <1,0,0,0> }
	no_shadow
}

// particle -1
sphere {
	<26.900049, 37.238731, 37.454433> 0.100000
	pigment { color rgbt <1,0,0,0> }
	no_shadow
}
sphere {
	0, 1
	scale<0.080000,0.200000,0.300000>
	matrix <-0.901960, 0.209693, 0.377489,
		0.220878, -0.527130, 0.820577,
		0.371055, 0.823506, 0.429133,
		27.011366, 37.485783, 37.583172>
	pigment { color rgbt <0,1,1,0> }
	no_shadow
}
cylinder {
	<26.240454, 36.983326, 37.795570>,  <26.751627, 36.909328, 37.282780>, 0.130000
	pigment { color rgbt <1,0,0,0> }
	no_shadow
}

// nucleotide -1

// particle -1
sphere {
	<26.240454, 36.983326, 37.795570> 0.250000
	pigment { color rgbt <1,0,0,0> }
	no_shadow
}
cylinder {
	<26.443529, 37.327652, 37.781464>,  <26.565374, 37.534248, 37.772999>, 0.100000
	pigment { color rgbt <1,0,0,0> }
	no_shadow
}
cylinder {
	<26.443529, 37.327652, 37.781464>,  <26.240454, 36.983326, 37.795570>, 0.100000
	pigment { color rgbt <1,0,0,0> }
	no_shadow
}

// particle -1
sphere {
	<26.443529, 37.327652, 37.781464> 0.100000
	pigment { color rgbt <1,0,0,0> }
	no_shadow
}
sphere {
	0, 1
	scale<0.080000,0.200000,0.300000>
	matrix <-0.841874, 0.504380, 0.191962,
		0.183032, -0.067767, 0.980769,
		0.507688, 0.860819, -0.035266,
		26.595835, 37.585899, 37.770885>
	pigment { color rgbt <0,1,1,0> }
	no_shadow
}
cylinder {
	<26.317532, 37.326286, 38.485264>,  <26.240454, 36.983326, 37.795570>, 0.130000
	pigment { color rgbt <1,0,0,0> }
	no_shadow
}

// nucleotide -1

// particle -1
sphere {
	<26.317532, 37.326286, 38.485264> 0.250000
	pigment { color rgbt <1,0,0,0> }
	no_shadow
}
cylinder {
	<26.298584, 37.578552, 38.175419>,  <26.287214, 37.729912, 37.989513>, 0.100000
	pigment { color rgbt <1,0,0,0> }
	no_shadow
}
cylinder {
	<26.298584, 37.578552, 38.175419>,  <26.317532, 37.326286, 38.485264>, 0.100000
	pigment { color rgbt <1,0,0,0> }
	no_shadow
}

// particle -1
sphere {
	<26.298584, 37.578552, 38.175419> 0.100000
	pigment { color rgbt <1,0,0,0> }
	no_shadow
}
sphere {
	0, 1
	scale<0.080000,0.200000,0.300000>
	matrix <-0.840941, 0.393313, 0.371649,
		0.539050, 0.669007, 0.511718,
		-0.047370, 0.630662, -0.774610,
		26.284372, 37.767750, 37.943035>
	pigment { color rgbt <0,1,1,0> }
	no_shadow
}
cylinder {
	<26.780437, 37.854256, 38.378098>,  <26.317532, 37.326286, 38.485264>, 0.130000
	pigment { color rgbt <1,0,0,0> }
	no_shadow
}

// nucleotide -1

// particle -1
sphere {
	<26.780437, 37.854256, 38.378098> 0.250000
	pigment { color rgbt <1,0,0,0> }
	no_shadow
}
cylinder {
	<27.002464, 37.650383, 38.641041>,  <27.135681, 37.528061, 38.798809>, 0.100000
	pigment { color rgbt <1,0,0,0> }
	no_shadow
}
cylinder {
	<27.002464, 37.650383, 38.641041>,  <26.780437, 37.854256, 38.378098>, 0.100000
	pigment { color rgbt <1,0,0,0> }
	no_shadow
}

// particle -1
sphere {
	<27.002464, 37.650383, 38.641041> 0.100000
	pigment { color rgbt <1,0,0,0> }
	no_shadow
}
sphere {
	0, 1
	scale<0.080000,0.200000,0.300000>
	matrix <-0.807412, -0.140162, 0.573098,
		-0.199960, -0.848870, -0.489322,
		0.555070, -0.509681, 0.657361,
		27.168985, 37.497478, 38.838249>
	pigment { color rgbt <0,1,1,0> }
	no_shadow
}
cylinder {
	<26.173370, 37.946907, 38.804279>,  <26.780437, 37.854256, 38.378098>, 0.130000
	pigment { color rgbt <1,0,0,0> }
	no_shadow
}

// nucleotide -1

// particle -1
sphere {
	<26.173370, 37.946907, 38.804279> 0.250000
	pigment { color rgbt <1,0,0,0> }
	no_shadow
}
cylinder {
	<26.314472, 38.057186, 38.446606>,  <26.399134, 38.123352, 38.232002>, 0.100000
	pigment { color rgbt <1,0,0,0> }
	no_shadow
}
cylinder {
	<26.314472, 38.057186, 38.446606>,  <26.173370, 37.946907, 38.804279>, 0.100000
	pigment { color rgbt <1,0,0,0> }
	no_shadow
}

// particle -1
sphere {
	<26.314472, 38.057186, 38.446606> 0.100000
	pigment { color rgbt <1,0,0,0> }
	no_shadow
}
sphere {
	0, 1
	scale<0.080000,0.200000,0.300000>
	matrix <-0.767104, 0.632429, -0.107633,
		0.535831, 0.723897, 0.434577,
		0.352755, 0.275693, -0.894180,
		26.420300, 38.139893, 38.178352>
	pigment { color rgbt <0,1,1,0> }
	no_shadow
}
cylinder {
	<26.229666, 38.754211, 38.802246>,  <26.173370, 37.946907, 38.804279>, 0.130000
	pigment { color rgbt <1,0,0,0> }
	no_shadow
}

// nucleotide -1

// particle -1
sphere {
	<26.229666, 38.754211, 38.802246> 0.250000
	pigment { color rgbt <1,0,0,0> }
	no_shadow
}
cylinder {
	<26.211962, 38.627983, 38.423100>,  <26.201340, 38.552246, 38.195610>, 0.100000
	pigment { color rgbt <1,0,0,0> }
	no_shadow
}
cylinder {
	<26.211962, 38.627983, 38.423100>,  <26.229666, 38.754211, 38.802246>, 0.100000
	pigment { color rgbt <1,0,0,0> }
	no_shadow
}

// particle -1
sphere {
	<26.211962, 38.627983, 38.423100> 0.100000
	pigment { color rgbt <1,0,0,0> }
	no_shadow
}
sphere {
	0, 1
	scale<0.080000,0.200000,0.300000>
	matrix <-0.803833, 0.574635, -0.153775,
		0.593206, 0.755122, -0.279100,
		-0.044262, -0.315570, -0.947869,
		26.198683, 38.533314, 38.138741>
	pigment { color rgbt <0,1,1,0> }
	no_shadow
}
cylinder {
	<26.207008, 39.338886, 38.386330>,  <26.229666, 38.754211, 38.802246>, 0.130000
	pigment { color rgbt <1,0,0,0> }
	no_shadow
}

// nucleotide -1

// particle -1
sphere {
	<26.207008, 39.338886, 38.386330> 0.250000
	pigment { color rgbt <1,0,0,0> }
	no_shadow
}
cylinder {
	<26.056189, 39.048615, 38.156120>,  <25.965696, 38.874451, 38.017994>, 0.100000
	pigment { color rgbt <1,0,0,0> }
	no_shadow
}
cylinder {
	<26.056189, 39.048615, 38.156120>,  <26.207008, 39.338886, 38.386330>, 0.100000
	pigment { color rgbt <1,0,0,0> }
	no_shadow
}

// particle -1
sphere {
	<26.056189, 39.048615, 38.156120> 0.100000
	pigment { color rgbt <1,0,0,0> }
	no_shadow
}
sphere {
	0, 1
	scale<0.080000,0.200000,0.300000>
	matrix <-0.765536, 0.593939, -0.247368,
		0.521334, 0.347312, -0.779478,
		-0.377048, -0.725679, -0.575521,
		25.943073, 38.830910, 37.983463>
	pigment { color rgbt <0,1,1,0> }
	no_shadow
}
cylinder {
	<26.154097, 39.548820, 37.639370>,  <26.207008, 39.338886, 38.386330>, 0.130000
	pigment { color rgbt <1,0,0,0> }
	no_shadow
}

// nucleotide -1

// particle -1
sphere {
	<26.154097, 39.548820, 37.639370> 0.250000
	pigment { color rgbt <1,0,0,0> }
	no_shadow
}
cylinder {
	<25.859459, 39.300529, 37.746796>,  <25.682676, 39.151554, 37.811253>, 0.100000
	pigment { color rgbt <1,0,0,0> }
	no_shadow
}
cylinder {
	<25.859459, 39.300529, 37.746796>,  <26.154097, 39.548820, 37.639370>, 0.100000
	pigment { color rgbt <1,0,0,0> }
	no_shadow
}

// particle -1
sphere {
	<25.859459, 39.300529, 37.746796> 0.100000
	pigment { color rgbt <1,0,0,0> }
	no_shadow
}
sphere {
	0, 1
	scale<0.080000,0.200000,0.300000>
	matrix <-0.674442, 0.644475, -0.360249,
		0.050530, -0.446492, -0.893360,
		-0.736596, -0.620723, 0.268567,
		25.638479, 39.114311, 37.827366>
	pigment { color rgbt <0,1,1,0> }
	no_shadow
}
cylinder {
	<25.658987, 39.332695, 37.018436>,  <26.154097, 39.548820, 37.639370>, 0.130000
	pigment { color rgbt <1,0,0,0> }
	no_shadow
}

// nucleotide -1

// particle -1
sphere {
	<25.658987, 39.332695, 37.018436> 0.250000
	pigment { color rgbt <1,0,0,0> }
	no_shadow
}
cylinder {
	<25.500505, 39.342968, 37.385559>,  <25.405416, 39.349133, 37.605831>, 0.100000
	pigment { color rgbt <1,0,0,0> }
	no_shadow
}
cylinder {
	<25.500505, 39.342968, 37.385559>,  <25.658987, 39.332695, 37.018436>, 0.100000
	pigment { color rgbt <1,0,0,0> }
	no_shadow
}

// particle -1
sphere {
	<25.500505, 39.342968, 37.385559> 0.100000
	pigment { color rgbt <1,0,0,0> }
	no_shadow
}
sphere {
	0, 1
	scale<0.080000,0.200000,0.300000>
	matrix <-0.617662, 0.732157, -0.287122,
		-0.679349, -0.680651, -0.274223,
		-0.396204, 0.025679, 0.917803,
		25.381643, 39.350670, 37.660900>
	pigment { color rgbt <0,1,1,0> }
	no_shadow
}
cylinder {
	<24.830902, 38.969440, 37.281208>,  <25.658987, 39.332695, 37.018436>, 0.130000
	pigment { color rgbt <1,0,0,0> }
	no_shadow
}

// nucleotide -1

// particle -1
sphere {
	<24.830902, 38.969440, 37.281208> 0.250000
	pigment { color rgbt <1,0,0,0> }
	no_shadow
}
cylinder {
	<25.009640, 39.303349, 37.409885>,  <25.116882, 39.503693, 37.487091>, 0.100000
	pigment { color rgbt <1,0,0,0> }
	no_shadow
}
cylinder {
	<25.009640, 39.303349, 37.409885>,  <24.830902, 38.969440, 37.281208>, 0.100000
	pigment { color rgbt <1,0,0,0> }
	no_shadow
}

// particle -1
sphere {
	<25.009640, 39.303349, 37.409885> 0.100000
	pigment { color rgbt <1,0,0,0> }
	no_shadow
}
sphere {
	0, 1
	scale<0.080000,0.200000,0.300000>
	matrix <-0.692756, 0.550402, -0.465991,
		-0.566056, -0.014628, 0.824237,
		0.446845, 0.834772, 0.321692,
		25.143694, 39.553780, 37.506393>
	pigment { color rgbt <0,1,1,0> }
	no_shadow
}
cylinder {
	<24.912695, 38.274132, 37.713520>,  <24.830902, 38.969440, 37.281208>, 0.130000
	pigment { color rgbt <1,0,0,0> }
	no_shadow
}

// nucleotide -1

// particle -1
sphere {
	<24.912695, 38.274132, 37.713520> 0.250000
	pigment { color rgbt <1,0,0,0> }
	no_shadow
}
cylinder {
	<25.211573, 38.527752, 37.633839>,  <25.390900, 38.679924, 37.586029>, 0.100000
	pigment { color rgbt <1,0,0,0> }
	no_shadow
}
cylinder {
	<25.211573, 38.527752, 37.633839>,  <24.912695, 38.274132, 37.713520>, 0.100000
	pigment { color rgbt <1,0,0,0> }
	no_shadow
}

// particle -1
sphere {
	<25.211573, 38.527752, 37.633839> 0.100000
	pigment { color rgbt <1,0,0,0> }
	no_shadow
}
sphere {
	0, 1
	scale<0.080000,0.200000,0.300000>
	matrix <0.664426, -0.719658, 0.201569,
