// switches for output
#declare DRAW_BASES = 1; // possible values are 0, 1; only relevant for DNA ribbons
#declare DRAW_BASES_TYPE = 3; // possible values are 1, 2, 3; only relevant for DNA ribbons
#declare DRAW_FOG = 0; // set to 1 to enable fog

#include "colors.inc"

#include "transforms.inc"
background { rgb <1, 1, 1>}

#default {
   normal{
       ripples 0.25
       frequency 0.20
       turbulence 0.2
       lambda 5
   }
	finish {
		phong 0.1
		phong_size 40.
	}
}

// original window dimensions: 1024x640


// camera settings

camera {
	sky <0, 0.179814, -0.983701>
	up <0, 0.179814, -0.983701>
	right 1.6 * <1, 0, 0>
	location <35, 94.9851, 44.8844>
	look_at <35, 29.7336, 32.9568>
	direction <0, -65.2515, -11.9276>
	angle 67.0682
}


# declare cpy_camera_pos = <35, 94.9851, 44.8844>;
# if (DRAW_FOG = 1)
fog {
	fog_type 2
	up vnormalize(cpy_camera_pos)
	color rgbt<1,1,1,0.3>
	distance 1e-5
	fog_alt 3e-3
	fog_offset 56
}
# end


// LIGHTS

# declare lum = 6;
global_settings {
	ambient_light rgb lum * <0.05, 0.05, 0.05>
	max_trace_level 15
}# declare cpy_direct_light_amount = 0.25;
light_source
{	1000 * <-1, -1.16352, -0.803886>,
	rgb lum * cpy_direct_light_amount
	parallel
}

light_source
{	1000 * <1, 1.16352, 0.803886>,
	rgb lum * cpy_direct_light_amount
	parallel
}

// strand 0

// nucleotide -1

// particle -1
sphere {
	<24.519659, 34.745621, 34.903645> 0.250000
	pigment { color rgbt <1,0,0,0> }
	no_shadow
}
cylinder {
	<24.313086, 35.078396, 34.984818>,  <24.189142, 35.278061, 35.033524>, 0.100000
	pigment { color rgbt <1,0,0,0> }
	no_shadow
}
cylinder {
	<24.313086, 35.078396, 34.984818>,  <24.519659, 34.745621, 34.903645>, 0.100000
	pigment { color rgbt <1,0,0,0> }
	no_shadow
}

// particle -1
sphere {
	<24.313086, 35.078396, 34.984818> 0.100000
	pigment { color rgbt <1,0,0,0> }
	no_shadow
}
sphere {
	0, 1
	scale<0.080000,0.200000,0.300000>
	matrix <0.828196, 0.424993, 0.365339,
		0.217692, 0.356743, -0.908485,
		-0.516432, 0.831935, 0.202936,
		24.158155, 35.327976, 35.045700>
	pigment { color rgbt <0,1,1,0> }
	no_shadow
}
cylinder {
	<25.024942, 35.198956, 34.896454>,  <24.519659, 34.745621, 34.903645>, 0.130000
	pigment { color rgbt <1,0,0,0> }
	no_shadow
}

// nucleotide -1

// particle -1
sphere {
	<25.024942, 35.198956, 34.896454> 0.250000
	pigment { color rgbt <1,0,0,0> }
	no_shadow
}
cylinder {
	<24.741854, 35.424850, 35.066254>,  <24.572001, 35.560387, 35.168133>, 0.100000
	pigment { color rgbt <1,0,0,0> }
	no_shadow
}
cylinder {
	<24.741854, 35.424850, 35.066254>,  <25.024942, 35.198956, 34.896454>, 0.100000
	pigment { color rgbt <1,0,0,0> }
	no_shadow
}

// particle -1
sphere {
	<24.741854, 35.424850, 35.066254> 0.100000
	pigment { color rgbt <1,0,0,0> }
	no_shadow
}
sphere {
	0, 1
	scale<0.080000,0.200000,0.300000>
	matrix <0.705786, 0.538358, 0.460475,
		0.031518, 0.625492, -0.779594,
		-0.707723, 0.564740, 0.424495,
		24.529537, 35.594273, 35.193604>
	pigment { color rgbt <0,1,1,0> }
	no_shadow
}
cylinder {
	<25.721966, 35.468616, 35.219585>,  <25.024942, 35.198956, 34.896454>, 0.130000
	pigment { color rgbt <1,0,0,0> }
	no_shadow
}

// nucleotide -1

// particle -1
sphere {
	<25.721966, 35.468616, 35.219585> 0.250000
	pigment { color rgbt <1,0,0,0> }
	no_shadow
}
cylinder {
	<26.031363, 35.528229, 35.466000>,  <26.217001, 35.563995, 35.613850>, 0.100000
	pigment { color rgbt <1,0,0,0> }
	no_shadow
}
cylinder {
	<26.031363, 35.528229, 35.466000>,  <25.721966, 35.468616, 35.219585>, 0.100000
	pigment { color rgbt <1,0,0,0> }
	no_shadow
}

// particle -1
sphere {
	<26.031363, 35.528229, 35.466000> 0.100000
	pigment { color rgbt <1,0,0,0> }
	no_shadow
}
sphere {
	0, 1
	scale<0.080000,0.200000,0.300000>
	matrix <0.138252, -0.988230, 0.065477,
		0.618542, 0.034522, -0.784993,
		0.773493, 0.149027, 0.616035,
		26.263411, 35.572937, 35.650810>
	pigment { color rgbt <0,1,1,0> }
	no_shadow
}
cylinder {
	<26.409128, 35.327469, 34.970577>,  <25.721966, 35.468616, 35.219585>, 0.130000
	pigment { color rgbt <1,0,0,0> }
	no_shadow
}

// nucleotide -1

// particle -1
sphere {
	<26.409128, 35.327469, 34.970577> 0.250000
	pigment { color rgbt <1,0,0,0> }
	no_shadow
}
cylinder {
	<26.426142, 35.275673, 35.366844>,  <26.436350, 35.244595, 35.604603>, 0.100000
	pigment { color rgbt <1,0,0,0> }
	no_shadow
}
cylinder {
	<26.426142, 35.275673, 35.366844>,  <26.409128, 35.327469, 34.970577>, 0.100000
	pigment { color rgbt <1,0,0,0> }
	no_shadow
}

// particle -1
sphere {
	<26.426142, 35.275673, 35.366844> 0.100000
	pigment { color rgbt <1,0,0,0> }
	no_shadow
}
sphere {
	0, 1
	scale<0.080000,0.200000,0.300000>
	matrix <0.301715, -0.943607, -0.136288,
		0.952449, 0.304697, -0.001066,
		0.042532, -0.129486, 0.990669,
		26.438902, 35.236828, 35.664043>
	pigment { color rgbt <0,1,1,0> }
	no_shadow
}
cylinder {
	<27.077391, 35.158184, 35.064518>,  <26.409128, 35.327469, 34.970577>, 0.130000
	pigment { color rgbt <1,0,0,0> }
	no_shadow
}

// nucleotide -1

// particle -1
sphere {
	<27.077391, 35.158184, 35.064518> 0.250000
	pigment { color rgbt <1,0,0,0> }
	no_shadow
}
cylinder {
	<26.876575, 35.033390, 35.387161>,  <26.756086, 34.958511, 35.580750>, 0.100000
	pigment { color rgbt <1,0,0,0> }
	no_shadow
}
cylinder {
	<26.876575, 35.033390, 35.387161>,  <27.077391, 35.158184, 35.064518>, 0.100000
	pigment { color rgbt <1,0,0,0> }
	no_shadow
}

// particle -1
sphere {
	<26.876575, 35.033390, 35.387161> 0.100000
	pigment { color rgbt <1,0,0,0> }
	no_shadow
}
sphere {
	0, 1
	scale<0.080000,0.200000,0.300000>
	matrix <0.226416, -0.947550, -0.225578,
		0.834681, 0.069380, 0.546346,
		-0.502040, -0.311987, 0.806610,
		26.725964, 34.939793, 35.629143>
	pigment { color rgbt <0,1,1,0> }
	no_shadow
}
cylinder {
	<27.527428, 34.770317, 35.584518>,  <27.077391, 35.158184, 35.064518>, 0.130000
	pigment { color rgbt <1,0,0,0> }
	no_shadow
}

// nucleotide -1

// particle -1
sphere {
	<27.527428, 34.770317, 35.584518> 0.250000
	pigment { color rgbt <1,0,0,0> }
	no_shadow
}
cylinder {
	<27.155369, 34.627327, 35.618073>,  <26.932133, 34.541534, 35.638206>, 0.100000
	pigment { color rgbt <1,0,0,0> }
	no_shadow
}
cylinder {
	<27.155369, 34.627327, 35.618073>,  <27.527428, 34.770317, 35.584518>, 0.100000
	pigment { color rgbt <1,0,0,0> }
	no_shadow
}

// particle -1
sphere {
	<27.155369, 34.627327, 35.618073> 0.100000
	pigment { color rgbt <1,0,0,0> }
	no_shadow
}
sphere {
	0, 1
	scale<0.080000,0.200000,0.300000>
	matrix <0.364050, -0.927611, 0.083701,
		0.047891, 0.108392, 0.992954,
		-0.930147, -0.357476, 0.083884,
		26.876324, 34.520084, 35.643238>
	pigment { color rgbt <0,1,1,0> }
	no_shadow
}
cylinder {
	<27.434532, 34.341122, 36.260555>,  <27.527428, 34.770317, 35.584518>, 0.130000
	pigment { color rgbt <1,0,0,0> }
	no_shadow
}

// nucleotide -1

// particle -1
sphere {
	<27.434532, 34.341122, 36.260555> 0.250000
	pigment { color rgbt <1,0,0,0> }
	no_shadow
}
cylinder {
	<27.212008, 34.210098, 35.955078>,  <27.078493, 34.131485, 35.771793>, 0.100000
	pigment { color rgbt <1,0,0,0> }
	no_shadow
}
cylinder {
	<27.212008, 34.210098, 35.955078>,  <27.434532, 34.341122, 36.260555>, 0.100000
	pigment { color rgbt <1,0,0,0> }
	no_shadow
}

// particle -1
sphere {
	<27.212008, 34.210098, 35.955078> 0.100000
	pigment { color rgbt <1,0,0,0> }
	no_shadow
}
sphere {
	0, 1
	scale<0.080000,0.200000,0.300000>
	matrix <0.541838, -0.839774, -0.034516,
		-0.630022, -0.432998, 0.644659,
		-0.556313, -0.327555, -0.763691,
		27.045115, 34.111832, 35.725971>
	pigment { color rgbt <0,1,1,0> }
	no_shadow
}
cylinder {
	<27.156172, 33.627155, 36.422962>,  <27.434532, 34.341122, 36.260555>, 0.130000
	pigment { color rgbt <1,0,0,0> }
	no_shadow
}

// nucleotide -1

// particle -1
sphere {
	<27.156172, 33.627155, 36.422962> 0.250000
	pigment { color rgbt <1,0,0,0> }
	no_shadow
}
cylinder {
	<27.211254, 33.745003, 36.044704>,  <27.244303, 33.815712, 35.817749>, 0.100000
	pigment { color rgbt <1,0,0,0> }
	no_shadow
}
cylinder {
	<27.211254, 33.745003, 36.044704>,  <27.156172, 33.627155, 36.422962>, 0.100000
	pigment { color rgbt <1,0,0,0> }
	no_shadow
}

// particle -1
sphere {
	<27.211254, 33.745003, 36.044704> 0.100000
	pigment { color rgbt <1,0,0,0> }
	no_shadow
}
sphere {
	0, 1
	scale<0.080000,0.200000,0.300000>
	matrix <0.674763, -0.726817, -0.128187,
		-0.725074, -0.620431, -0.298886,
		0.137704, 0.294623, -0.945640,
		27.252565, 33.833389, 35.761013>
	pigment { color rgbt <0,1,1,0> }
	no_shadow
}
cylinder {
	<27.238621, 33.038395, 36.036526>,  <27.156172, 33.627155, 36.422962>, 0.130000
	pigment { color rgbt <1,0,0,0> }
	no_shadow
}

// nucleotide -1

// particle -1
sphere {
	<27.238621, 33.038395, 36.036526> 0.250000
	pigment { color rgbt <1,0,0,0> }
	no_shadow
}
cylinder {
	<27.386425, 33.321510, 35.795692>,  <27.475107, 33.491379, 35.651192>, 0.100000
	pigment { color rgbt <1,0,0,0> }
	no_shadow
}
cylinder {
	<27.386425, 33.321510, 35.795692>,  <27.238621, 33.038395, 36.036526>, 0.100000
	pigment { color rgbt <1,0,0,0> }
	no_shadow
}

// particle -1
sphere {
	<27.386425, 33.321510, 35.795692> 0.100000
	pigment { color rgbt <1,0,0,0> }
	no_shadow
}
sphere {
	0, 1
	scale<0.080000,0.200000,0.300000>
	matrix <0.704400, -0.635938, -0.315283,
		-0.606039, -0.307605, -0.733550,
		0.369510, 0.707787, -0.602081,
		27.497278, 33.533848, 35.615067>
	pigment { color rgbt <0,1,1,0> }
	no_shadow
}
cylinder {
	<27.394619, 32.636444, 35.430466>,  <27.238621, 33.038395, 36.036526>, 0.130000
	pigment { color rgbt <1,0,0,0> }
	no_shadow
}

// nucleotide -1

// particle -1
sphere {
	<27.394619, 32.636444, 35.430466> 0.250000
	pigment { color rgbt <1,0,0,0> }
	no_shadow
}
cylinder {
	<27.611759, 32.970016, 35.390713>,  <27.742044, 33.170158, 35.366859>, 0.100000
	pigment { color rgbt <1,0,0,0> }
	no_shadow
}
cylinder {
	<27.611759, 32.970016, 35.390713>,  <27.394619, 32.636444, 35.430466>, 0.100000
	pigment { color rgbt <1,0,0,0> }
	no_shadow
}

// particle -1
sphere {
	<27.611759, 32.970016, 35.390713> 0.100000
	pigment { color rgbt <1,0,0,0> }
	no_shadow
}
sphere {
	0, 1
	scale<0.080000,0.200000,0.300000>
	matrix <0.756548, -0.536963, -0.373238,
		-0.364620, 0.127423, -0.922397,
		0.542852, 0.833927, -0.099386,
		27.774614, 33.220196, 35.360897>
	pigment { color rgbt <0,1,1,0> }
	no_shadow
}
cylinder {
	<27.573427, 32.610313, 34.771996>,  <27.394619, 32.636444, 35.430466>, 0.130000
	pigment { color rgbt <1,0,0,0> }
	no_shadow
}

// nucleotide -1

// particle -1
sphere {
	<27.573427, 32.610313, 34.771996> 0.250000
	pigment { color rgbt <1,0,0,0> }
	no_shadow
}
cylinder {
	<27.838062, 32.834545, 34.971214>,  <27.996843, 32.969082, 35.090748>, 0.100000
	pigment { color rgbt <1,0,0,0> }
	no_shadow
}
cylinder {
	<27.838062, 32.834545, 34.971214>,  <27.573427, 32.610313, 34.771996>, 0.100000
	pigment { color rgbt <1,0,0,0> }
	no_shadow
}

// particle -1
sphere {
	<27.838062, 32.834545, 34.971214> 0.100000
	pigment { color rgbt <1,0,0,0> }
	no_shadow
}
sphere {
	0, 1
	scale<0.080000,0.200000,0.300000>
	matrix <0.749770, -0.483862, -0.451356,
		-0.012032, 0.672035, -0.740421,
		0.661589, 0.560577, 0.498050,
		28.036539, 33.002720, 35.120628>
	pigment { color rgbt <0,1,1,0> }
	no_shadow
}
cylinder {
	<28.089952, 32.950245, 34.328072>,  <27.573427, 32.610313, 34.771996>, 0.130000
	pigment { color rgbt <1,0,0,0> }
	no_shadow
}

// nucleotide -1

// particle -1
sphere {
	<28.089952, 32.950245, 34.328072> 0.250000
	pigment { color rgbt <1,0,0,0> }
	no_shadow
}
cylinder {
	<28.265821, 32.901154, 34.683964>,  <28.371344, 32.871700, 34.897499>, 0.100000
	pigment { color rgbt <1,0,0,0> }
	no_shadow
}
cylinder {
	<28.265821, 32.901154, 34.683964>,  <28.089952, 32.950245, 34.328072>, 0.100000
	pigment { color rgbt <1,0,0,0> }
	no_shadow
}

// particle -1
sphere {
	<28.265821, 32.901154, 34.683964> 0.100000
	pigment { color rgbt <1,0,0,0> }
	no_shadow
}
sphere {
	0, 1
	scale<0.080000,0.200000,0.300000>
	matrix <0.859657, -0.229424, -0.456458,
		0.260146, 0.965558, 0.004632,
		0.439674, -0.122728, 0.889733,
		28.397724, 32.864334, 34.950882>
	pigment { color rgbt <0,1,1,0> }
	no_shadow
}
cylinder {
	<28.610682, 33.447819, 34.427334>,  <28.089952, 32.950245, 34.328072>, 0.130000
	pigment { color rgbt <1,0,0,0> }
	no_shadow
}

// nucleotide -1

// particle -1
sphere {
	<28.610682, 33.447819, 34.427334> 0.250000
	pigment { color rgbt <1,0,0,0> }
	no_shadow
}
cylinder {
	<28.701670, 33.090321, 34.581978>,  <28.756262, 32.875820, 34.674767>, 0.100000
	pigment { color rgbt <1,0,0,0> }
	no_shadow
}
cylinder {
	<28.701670, 33.090321, 34.581978>,  <28.610682, 33.447819, 34.427334>, 0.100000
	pigment { color rgbt <1,0,0,0> }
	no_shadow
}

// particle -1
sphere {
	<28.701670, 33.090321, 34.581978> 0.100000
	pigment { color rgbt <1,0,0,0> }
	no_shadow
}
sphere {
	0, 1
	scale<0.080000,0.200000,0.300000>
	matrix <0.843521, -0.017524, -0.536811,
		0.486549, 0.448224, 0.749910,
		0.227470, -0.893750, 0.386612,
		28.769911, 32.822197, 34.697960>
	pigment { color rgbt <0,1,1,0> }
	no_shadow
}
cylinder {
	<29.245426, 33.381008, 34.288322>,  <28.610682, 33.447819, 34.427334>, 0.130000
	pigment { color rgbt <1,0,0,0> }
	no_shadow
}

// nucleotide -1

// particle -1
sphere {
	<29.245426, 33.381008, 34.288322> 0.250000
	pigment { color rgbt <1,0,0,0> }
	no_shadow
}
cylinder {
	<29.214548, 33.025654, 34.469349>,  <29.196020, 32.812443, 34.577965>, 0.100000
	pigment { color rgbt <1,0,0,0> }
	no_shadow
}
cylinder {
	<29.214548, 33.025654, 34.469349>,  <29.245426, 33.381008, 34.288322>, 0.100000
	pigment { color rgbt <1,0,0,0> }
	no_shadow
}

// particle -1
sphere {
	<29.214548, 33.025654, 34.469349> 0.100000
	pigment { color rgbt <1,0,0,0> }
	no_shadow
}
sphere {
	0, 1
	scale<0.080000,0.200000,0.300000>
	matrix <0.865171, -0.285280, -0.412425,
		0.495499, 0.359708, 0.790626,
		-0.077197, -0.888383, 0.452565,
		29.191389, 32.759140, 34.605118>
	pigment { color rgbt <0,1,1,0> }
	no_shadow
}
cylinder {
	<29.814640, 33.169643, 34.581207>,  <29.245426, 33.381008, 34.288322>, 0.130000
	pigment { color rgbt <1,0,0,0> }
	no_shadow
}

// nucleotide -1

// particle -1
sphere {
	<29.814640, 33.169643, 34.581207> 0.250000
	pigment { color rgbt <1,0,0,0> }
	no_shadow
}
cylinder {
	<29.598265, 32.856030, 34.459435>,  <29.468439, 32.667862, 34.386372>, 0.100000
	pigment { color rgbt <1,0,0,0> }
	no_shadow
}
cylinder {
	<29.598265, 32.856030, 34.459435>,  <29.814640, 33.169643, 34.581207>, 0.100000
	pigment { color rgbt <1,0,0,0> }
	no_shadow
}

// particle -1
sphere {
	<29.598265, 32.856030, 34.459435> 0.100000
	pigment { color rgbt <1,0,0,0> }
	no_shadow
}
sphere {
	0, 1
	scale<0.080000,0.200000,0.300000>
	matrix <0.757467, -0.296820, -0.581500,
		0.365554, -0.545151, 0.754441,
		-0.540938, -0.784033, -0.304430,
		29.435984, 32.620819, 34.368107>
	pigment { color rgbt <0,1,1,0> }
	no_shadow
}
cylinder {
	<29.426538, 33.448635, 35.225277>,  <29.814640, 33.169643, 34.581207>, 0.130000
	pigment { color rgbt <1,0,0,0> }
	no_shadow
}

// nucleotide -1

// particle -1
sphere {
	<29.426538, 33.448635, 35.225277> 0.250000
	pigment { color rgbt <1,0,0,0> }
	no_shadow
}
cylinder {
	<29.085979, 33.246094, 35.170532>,  <28.881643, 33.124569, 35.137684>, 0.100000
	pigment { color rgbt <1,0,0,0> }
	no_shadow
}
cylinder {
	<29.085979, 33.246094, 35.170532>,  <29.426538, 33.448635, 35.225277>, 0.100000
	pigment { color rgbt <1,0,0,0> }
	no_shadow
}

// particle -1
sphere {
	<29.085979, 33.246094, 35.170532> 0.100000
	pigment { color rgbt <1,0,0,0> }
	no_shadow
}
sphere {
	0, 1
	scale<0.080000,0.200000,0.300000>
	matrix <-0.464207, 0.605911, 0.646052,
		-0.244201, 0.613581, -0.750922,
		-0.851397, -0.506350, -0.136865,
		28.830561, 33.094189, 35.129475>
	pigment { color rgbt <0,1,1,0> }
	no_shadow
}
cylinder {
	<28.863792, 33.807640, 35.646690>,  <29.426538, 33.448635, 35.225277>, 0.130000
	pigment { color rgbt <1,0,0,0> }
	no_shadow
}

// nucleotide -1

// particle -1
sphere {
	<28.863792, 33.807640, 35.646690> 0.250000
	pigment { color rgbt <1,0,0,0> }
	no_shadow
}
cylinder {
	<28.610991, 33.548687, 35.476295>,  <28.459309, 33.393314, 35.374058>, 0.100000
	pigment { color rgbt <1,0,0,0> }
	no_shadow
}
cylinder {
	<28.610991, 33.548687, 35.476295>,  <28.863792, 33.807640, 35.646690>, 0.100000
	pigment { color rgbt <1,0,0,0> }
	no_shadow
}

// particle -1
sphere {
	<28.610991, 33.548687, 35.476295> 0.100000
	pigment { color rgbt <1,0,0,0> }
	no_shadow
}
sphere {
	0, 1
	scale<0.080000,0.200000,0.300000>
	matrix <-0.766390, 0.603662, 0.219632,
		0.114964, 0.465279, -0.877667,
		-0.632005, -0.647385, -0.425984,
		28.421389, 33.354473, 35.348499>
	pigment { color rgbt <0,1,1,0> }
	no_shadow
}
cylinder {
	<28.522837, 34.192543, 35.148888>,  <28.863792, 33.807640, 35.646690>, 0.130000
	pigment { color rgbt <1,0,0,0> }
	no_shadow
}

// nucleotide -1

// particle -1
sphere {
	<28.522837, 34.192543, 35.148888> 0.250000
	pigment { color rgbt <1,0,0,0> }
	no_shadow
}
cylinder {
	<28.273867, 33.884449, 35.204498>,  <28.124485, 33.699593, 35.237865>, 0.100000
	pigment { color rgbt <1,0,0,0> }
	no_shadow
}
cylinder {
	<28.273867, 33.884449, 35.204498>,  <28.522837, 34.192543, 35.148888>, 0.100000
	pigment { color rgbt <1,0,0,0> }
	no_shadow
}

// particle -1
sphere {
	<28.273867, 33.884449, 35.204498> 0.100000
	pigment { color rgbt <1,0,0,0> }
	no_shadow
}
sphere {
	0, 1
	scale<0.080000,0.200000,0.300000>
	matrix <-0.772189, 0.633303, 0.051483,
		-0.127701, -0.075312, -0.988949,
		-0.622427, -0.770231, 0.139029,
		28.087139, 33.653381, 35.246208>
	pigment { color rgbt <0,1,1,0> }
	no_shadow
}
cylinder {
	<27.989815, 34.284473, 34.687660>,  <28.522837, 34.192543, 35.148888>, 0.130000
	pigment { color rgbt <1,0,0,0> }
	no_shadow
}

// nucleotide -1

// particle -1
sphere {
	<27.989815, 34.284473, 34.687660> 0.250000
	pigment { color rgbt <1,0,0,0> }
	no_shadow
}
cylinder {
	<27.839645, 34.048176, 34.973339>,  <27.749544, 33.906399, 35.144745>, 0.100000
	pigment { color rgbt <1,0,0,0> }
	no_shadow
}
cylinder {
	<27.839645, 34.048176, 34.973339>,  <27.989815, 34.284473, 34.687660>, 0.100000
	pigment { color rgbt <1,0,0,0> }
	no_shadow
}

// particle -1
sphere {
	<27.839645, 34.048176, 34.973339> 0.100000
	pigment { color rgbt <1,0,0,0> }
	no_shadow
}
sphere {
	0, 1
	scale<0.080000,0.200000,0.300000>
	matrix <-0.824746, 0.564517, 0.033400,
		-0.422907, -0.576492, -0.699147,
		-0.375425, -0.590743, 0.714198,
		27.727018, 33.870953, 35.187599>
	pigment { color rgbt <0,1,1,0> }
	no_shadow
}
cylinder {
	<27.393003, 34.051189, 34.464985>,  <27.989815, 34.284473, 34.687660>, 0.130000
	pigment { color rgbt <1,0,0,0> }
	no_shadow
}

// nucleotide -1

// particle -1
sphere {
	<27.393003, 34.051189, 34.464985> 0.250000
	pigment { color rgbt <1,0,0,0> }
	no_shadow
}
cylinder {
	<27.368607, 34.033611, 34.863853>,  <27.353968, 34.023064, 35.103176>, 0.100000
	pigment { color rgbt <1,0,0,0> }
	no_shadow
}
cylinder {
	<27.368607, 34.033611, 34.863853>,  <27.393003, 34.051189, 34.464985>, 0.100000
	pigment { color rgbt <1,0,0,0> }
	no_shadow
}

// particle -1
sphere {
	<27.368607, 34.033611, 34.863853> 0.100000
	pigment { color rgbt <1,0,0,0> }
	no_shadow
}
sphere {
	0, 1
	scale<0.080000,0.200000,0.300000>
	matrix <-0.841259, 0.539925, -0.027664,
		-0.537181, -0.840566, -0.069898,
		-0.060993, -0.043942, 0.997171,
		27.350307, 34.020428, 35.163006>
	pigment { color rgbt <0,1,1,0> }
	no_shadow
}
cylinder {
	<26.703686, 33.830391, 34.650791>,  <27.393003, 34.051189, 34.464985>, 0.130000
	pigment { color rgbt <1,0,0,0> }
	no_shadow
}

// nucleotide -1

// particle -1
sphere {
	<26.703686, 33.830391, 34.650791> 0.250000
	pigment { color rgbt <1,0,0,0> }
	no_shadow
}
cylinder {
	<26.866280, 34.061176, 34.934166>,  <26.963837, 34.199650, 35.104191>, 0.100000
	pigment { color rgbt <1,0,0,0> }
	no_shadow
}
cylinder {
	<26.866280, 34.061176, 34.934166>,  <26.703686, 33.830391, 34.650791>, 0.100000
	pigment { color rgbt <1,0,0,0> }
	no_shadow
}

// particle -1
sphere {
	<26.866280, 34.061176, 34.934166> 0.100000
	pigment { color rgbt <1,0,0,0> }
	no_shadow
}
sphere {
	0, 1
	scale<0.080000,0.200000,0.300000>
	matrix <-0.822063, 0.569341, 0.007997,
		-0.398727, -0.585630, 0.705730,
		0.406484, 0.576966, 0.708436,
		26.988224, 34.234264, 35.146698>
	pigment { color rgbt <0,1,1,0> }
	no_shadow
}
cylinder {
	<25.909506, 33.895000, 34.867027>,  <26.703686, 33.830391, 34.650791>, 0.130000
	pigment { color rgbt <1,0,0,0> }
	no_shadow
}

// nucleotide -1

// particle -1
sphere {
	<25.909506, 33.895000, 34.867027> 0.250000
	pigment { color rgbt <1,0,0,0> }
	no_shadow
}
cylinder {
	<26.008329, 33.749088, 35.226112>,  <26.067623, 33.661541, 35.441563>, 0.100000
	pigment { color rgbt <1,0,0,0> }
	no_shadow
}
cylinder {
	<26.008329, 33.749088, 35.226112>,  <25.909506, 33.895000, 34.867027>, 0.100000
	pigment { color rgbt <1,0,0,0> }
	no_shadow
}

// particle -1
sphere {
	<26.008329, 33.749088, 35.226112> 0.100000
	pigment { color rgbt <1,0,0,0> }
	no_shadow
}
sphere {
	0, 1
	scale<0.080000,0.200000,0.300000>
	matrix <0.243396, 0.920095, 0.306893,
		-0.937934, 0.142681, 0.316104,
		0.247058, -0.364784, 0.897717,
		26.082447, 33.639652, 35.495426>
	pigment { color rgbt <0,1,1,0> }
	no_shadow
}
cylinder {
	<25.815603, 34.434708, 35.303913>,  <25.909506, 33.895000, 34.867027>, 0.130000
	pigment { color rgbt <1,0,0,0> }
	no_shadow
}

// nucleotide -1

// particle -1
sphere {
	<25.815603, 34.434708, 35.303913> 0.250000
	pigment { color rgbt <1,0,0,0> }
	no_shadow
}
cylinder {
	<26.062050, 34.200909, 35.515106>,  <26.209917, 34.060631, 35.641823>, 0.100000
	pigment { color rgbt <1,0,0,0> }
	no_shadow
}
cylinder {
	<26.062050, 34.200909, 35.515106>,  <25.815603, 34.434708, 35.303913>, 0.100000
	pigment { color rgbt <1,0,0,0> }
	no_shadow
}

// particle -1
sphere {
	<26.062050, 34.200909, 35.515106> 0.100000
	pigment { color rgbt <1,0,0,0> }
	no_shadow
}
sphere {
	0, 1
	scale<0.080000,0.200000,0.300000>
	matrix <0.283470, 0.789947, 0.543718,
		-0.734879, -0.185326, 0.652386,
		0.616115, -0.584499, 0.527981,
		26.246883, 34.025558, 35.673500>
	pigment { color rgbt <0,1,1,0> }
	no_shadow
}
cylinder {
	<25.670975, 34.407974, 36.177673>,  <25.815603, 34.434708, 35.303913>, 0.130000
	pigment { color rgbt <1,0,0,0> }
	no_shadow
}

// nucleotide -1

// particle -1
sphere {
	<25.670975, 34.407974, 36.177673> 0.250000
	pigment { color rgbt <1,0,0,0> }
	no_shadow
}
cylinder {
	<26.046551, 34.359440, 36.048882>,  <26.271896, 34.330318, 35.971607>, 0.100000
	pigment { color rgbt <1,0,0,0> }
	no_shadow
}
cylinder {
	<26.046551, 34.359440, 36.048882>,  <25.670975, 34.407974, 36.177673>, 0.100000
	pigment { color rgbt <1,0,0,0> }
	no_shadow
}

// particle -1
sphere {
	<26.046551, 34.359440, 36.048882> 0.100000
	pigment { color rgbt <1,0,0,0> }
	no_shadow
}
sphere {
	0, 1
	scale<0.080000,0.200000,0.300000>
	matrix <0.272704, 0.833046, 0.481317,
		0.209821, -0.539732, 0.815269,
		0.938939, -0.121337, -0.321978,
		26.328232, 34.323040, 35.952290>
	pigment { color rgbt <0,1,1,0> }
	no_shadow
}
cylinder {
	<26.069542, 34.594208, 36.663948>,  <25.670975, 34.407974, 36.177673>, 0.130000
	pigment { color rgbt <1,0,0,0> }
	no_shadow
}

// nucleotide -1

// particle -1
sphere {
	<26.069542, 34.594208, 36.663948> 0.250000
	pigment { color rgbt <1,0,0,0> }
	no_shadow
}
cylinder {
	<26.280628, 34.697906, 36.340389>,  <26.407280, 34.760124, 36.146255>, 0.100000
	pigment { color rgbt <1,0,0,0> }
	no_shadow
}
cylinder {
	<26.280628, 34.697906, 36.340389>,  <26.069542, 34.594208, 36.663948>, 0.100000
	pigment { color rgbt <1,0,0,0> }
	no_shadow
}

// particle -1
sphere {
	<26.280628, 34.697906, 36.340389> 0.100000
	pigment { color rgbt <1,0,0,0> }
	no_shadow
}
sphere {
	0, 1
	scale<0.080000,0.200000,0.300000>
	matrix <0.196560, 0.889171, 0.413206,
		0.826366, -0.377051, 0.418271,
		0.527714, 0.259244, -0.808894,
		26.438942, 34.775681, 36.097721>
	pigment { color rgbt <0,1,1,0> }
	no_shadow
}
cylinder {
	<26.512827, 35.058807, 36.921162>,  <26.069542, 34.594208, 36.663948>, 0.130000
	pigment { color rgbt <1,0,0,0> }
	no_shadow
}

// nucleotide -1

// particle -1
sphere {
	<26.512827, 35.058807, 36.921162> 0.250000
	pigment { color rgbt <1,0,0,0> }
	no_shadow
}
cylinder {
	<26.476374, 35.115482, 36.526878>,  <26.454502, 35.149487, 36.290310>, 0.100000
	pigment { color rgbt <1,0,0,0> }
	no_shadow
}
cylinder {
	<26.476374, 35.115482, 36.526878>,  <26.512827, 35.058807, 36.921162>, 0.100000
	pigment { color rgbt <1,0,0,0> }
	no_shadow
}

// particle -1
sphere {
	<26.476374, 35.115482, 36.526878> 0.100000
	pigment { color rgbt <1,0,0,0> }
	no_shadow
}
sphere {
	0, 1
	scale<0.080000,0.200000,0.300000>
	matrix <0.113239, 0.984881, 0.131096,
		0.989380, -0.099674, -0.105798,
		-0.091132, 0.141684, -0.985708,
		26.449034, 35.157990, 36.231167>
	pigment { color rgbt <0,1,1,0> }
	no_shadow
}
cylinder {
	<27.038851, 35.659626, 36.750320>,  <26.512827, 35.058807, 36.921162>, 0.130000
	pigment { color rgbt <1,0,0,0> }
	no_shadow
}

// nucleotide -1

// particle -1
sphere {
	<27.038851, 35.659626, 36.750320> 0.250000
	pigment { color rgbt <1,0,0,0> }
	no_shadow
}
cylinder {
	<26.790831, 35.625519, 36.438354>,  <26.642019, 35.605057, 36.251175>, 0.100000
	pigment { color rgbt <1,0,0,0> }
	no_shadow
}
cylinder {
	<26.790831, 35.625519, 36.438354>,  <27.038851, 35.659626, 36.750320>, 0.100000
	pigment { color rgbt <1,0,0,0> }
	no_shadow
}

// particle -1
sphere {
	<26.790831, 35.625519, 36.438354> 0.100000
	pigment { color rgbt <1,0,0,0> }
	no_shadow
}
sphere {
	0, 1
	scale<0.080000,0.200000,0.300000>
	matrix <-0.076827, 0.995898, -0.047799,
		0.780793, 0.030281, -0.624056,
		-0.620048, -0.085266, -0.779916,
		26.604816, 35.599937, 36.204380>
	pigment { color rgbt <0,1,1,0> }
	no_shadow
}
cylinder {
	<27.250128, 36.254971, 36.255203>,  <27.038851, 35.659626, 36.750320>, 0.130000
	pigment { color rgbt <1,0,0,0> }
	no_shadow
}

// nucleotide -1

// particle -1
sphere {
	<27.250128, 36.254971, 36.255203> 0.250000
	pigment { color rgbt <1,0,0,0> }
	no_shadow
}
cylinder {
	<26.863321, 36.153233, 36.260754>,  <26.631237, 36.092190, 36.264084>, 0.100000
	pigment { color rgbt <1,0,0,0> }
	no_shadow
}
cylinder {
	<26.863321, 36.153233, 36.260754>,  <27.250128, 36.254971, 36.255203>, 0.100000
	pigment { color rgbt <1,0,0,0> }
	no_shadow
}

// particle -1
sphere {
	<26.863321, 36.153233, 36.260754> 0.100000
	pigment { color rgbt <1,0,0,0> }
	no_shadow
}
sphere {
	0, 1
	scale<0.080000,0.200000,0.300000>
	matrix <-0.251321, 0.961554, 0.110684,
		-0.041493, 0.103546, -0.993759,
		-0.967014, -0.254345, 0.013875,
		26.573217, 36.076927, 36.264915>
	pigment { color rgbt <0,1,1,0> }
	no_shadow
}
cylinder {
	<27.949949, 36.649677, 36.211964>,  <27.250128, 36.254971, 36.255203>, 0.130000
	pigment { color rgbt <1,0,0,0> }
	no_shadow
}

// nucleotide -1

// particle -1
sphere {
	<27.949949, 36.649677, 36.211964> 0.250000
	pigment { color rgbt <1,0,0,0> }
	no_shadow
}
cylinder {
	<27.707783, 36.689377, 36.527843>,  <27.562483, 36.713196, 36.717373>, 0.100000
	pigment { color rgbt <1,0,0,0> }
	no_shadow
}
cylinder {
	<27.707783, 36.689377, 36.527843>,  <27.949949, 36.649677, 36.211964>, 0.100000
	pigment { color rgbt <1,0,0,0> }
	no_shadow
}

// particle -1
sphere {
	<27.707783, 36.689377, 36.527843> 0.100000
	pigment { color rgbt <1,0,0,0> }
	no_shadow
}
sphere {
	0, 1
	scale<0.080000,0.200000,0.300000>
	matrix <-0.476455, 0.749583, -0.459473,
		-0.637545, -0.654428, -0.406523,
		-0.605415, 0.099244, 0.789698,
		27.526157, 36.719151, 36.764751>
	pigment { color rgbt <0,1,1,0> }
	no_shadow
}
cylinder {
	<27.976595, 35.895535, 36.417233>,  <27.949949, 36.649677, 36.211964>, 0.130000
	pigment { color rgbt <1,0,0,0> }
	no_shadow
}

// nucleotide -1

// particle -1
sphere {
	<27.976595, 35.895535, 36.417233> 0.250000
	pigment { color rgbt <1,0,0,0> }
	no_shadow
}
cylinder {
	<28.331928, 35.829899, 36.588783>,  <28.545128, 35.790516, 36.691715>, 0.100000
	pigment { color rgbt <1,0,0,0> }
	no_shadow
}
cylinder {
	<28.331928, 35.829899, 36.588783>,  <27.976595, 35.895535, 36.417233>, 0.100000
	pigment { color rgbt <1,0,0,0> }
	no_shadow
}

// particle -1
sphere {
	<28.331928, 35.829899, 36.588783> 0.100000
	pigment { color rgbt <1,0,0,0> }
	no_shadow
}
sphere {
	0, 1
	scale<0.080000,0.200000,0.300000>
	matrix <-0.330409, -0.877010, 0.348832,
		0.318892, -0.451584, -0.833294,
		0.888334, -0.164088, 0.428879,
		28.598429, 35.780674, 36.717445>
	pigment { color rgbt <0,1,1,0> }
	no_shadow
}
cylinder {
	<28.205210, 35.277115, 36.300724>,  <27.976595, 35.895535, 36.417233>, 0.130000
	pigment { color rgbt <1,0,0,0> }
	no_shadow
}

// nucleotide -1

// particle -1
sphere {
	<28.205210, 35.277115, 36.300724> 0.250000
	pigment { color rgbt <1,0,0,0> }
	no_shadow
}
cylinder {
	<28.443108, 35.325932, 36.618561>,  <28.585846, 35.355221, 36.809265>, 0.100000
	pigment { color rgbt <1,0,0,0> }
	no_shadow
}
cylinder {
	<28.443108, 35.325932, 36.618561>,  <28.205210, 35.277115, 36.300724>, 0.100000
	pigment { color rgbt <1,0,0,0> }
	no_shadow
}

// particle -1
sphere {
	<28.443108, 35.325932, 36.618561> 0.100000
	pigment { color rgbt <1,0,0,0> }
	no_shadow
}
sphere {
	0, 1
	scale<0.080000,0.200000,0.300000>
	matrix <-0.164760, -0.948923, 0.269070,
		0.786848, -0.290946, -0.544261,
		0.594747, 0.122044, 0.794595,
		28.621532, 35.362545, 36.856937>
	pigment { color rgbt <0,1,1,0> }
	no_shadow
}
cylinder {
	<28.701267, 34.749020, 36.259392>,  <28.205210, 35.277115, 36.300724>, 0.130000
	pigment { color rgbt <1,0,0,0> }
	no_shadow
}

// nucleotide -1

// particle -1
sphere {
	<28.701267, 34.749020, 36.259392> 0.250000
	pigment { color rgbt <1,0,0,0> }
	no_shadow
}
cylinder {
	<28.660517, 34.854885, 36.642971>,  <28.636066, 34.918404, 36.873119>, 0.100000
	pigment { color rgbt <1,0,0,0> }
	no_shadow
}
cylinder {
	<28.660517, 34.854885, 36.642971>,  <28.701267, 34.749020, 36.259392>, 0.100000
	pigment { color rgbt <1,0,0,0> }
	no_shadow
}

// particle -1
sphere {
	<28.660517, 34.854885, 36.642971> 0.100000
	pigment { color rgbt <1,0,0,0> }
	no_shadow
}
sphere {
	0, 1
	scale<0.080000,0.200000,0.300000>
	matrix <-0.289466, -0.930135, 0.225960,
		0.951751, -0.254562, 0.171372,
		-0.101878, 0.264664, 0.958944,
		28.629953, 34.934284, 36.930653>
	pigment { color rgbt <0,1,1,0> }
	no_shadow
}
cylinder {
	<28.929567, 34.154724, 36.464165>,  <28.701267, 34.749020, 36.259392>, 0.130000
	pigment { color rgbt <1,0,0,0> }
	no_shadow
}

// nucleotide -1

// particle -1
sphere {
	<28.929567, 34.154724, 36.464165> 0.250000
	pigment { color rgbt <1,0,0,0> }
	no_shadow
}
cylinder {
	<28.762737, 34.346729, 36.772877>,  <28.662640, 34.461933, 36.958103>, 0.100000
	pigment { color rgbt <1,0,0,0> }
	no_shadow
}
cylinder {
	<28.762737, 34.346729, 36.772877>,  <28.929567, 34.154724, 36.464165>, 0.100000
	pigment { color rgbt <1,0,0,0> }
	no_shadow
}

// particle -1
sphere {
	<28.762737, 34.346729, 36.772877> 0.100000
	pigment { color rgbt <1,0,0,0> }
	no_shadow
}
sphere {
	0, 1
	scale<0.080000,0.200000,0.300000>
	matrix <-0.384322, -0.862647, 0.328841,
		0.823618, -0.159460, 0.544266,
		-0.417073, 0.480013, 0.771775,
		28.637615, 34.490734, 37.004410>
	pigment { color rgbt <0,1,1,0> }
	no_shadow
}
cylinder {
	<29.100590, 33.697823, 36.973511>,  <28.929567, 34.154724, 36.464165>, 0.130000
	pigment { color rgbt <1,0,0,0> }
	no_shadow
}

// nucleotide -1

// particle -1
sphere {
	<29.100590, 33.697823, 36.973511> 0.250000
	pigment { color rgbt <1,0,0,0> }
	no_shadow
}
cylinder {
	<28.808083, 33.920494, 37.131172>,  <28.632578, 34.054096, 37.225769>, 0.100000
	pigment { color rgbt <1,0,0,0> }
	no_shadow
}
cylinder {
	<28.808083, 33.920494, 37.131172>,  <29.100590, 33.697823, 36.973511>, 0.100000
	pigment { color rgbt <1,0,0,0> }
	no_shadow
}

// particle -1
sphere {
	<28.808083, 33.920494, 37.131172> 0.100000
	pigment { color rgbt <1,0,0,0> }
	no_shadow
}
sphere {
	0, 1
	scale<0.080000,0.200000,0.300000>
	matrix <-0.431707, -0.825127, 0.364411,
		0.528087, 0.096323, 0.843710,
		-0.731269, 0.556675, 0.394155,
		28.588701, 34.087498, 37.249420>
	pigment { color rgbt <0,1,1,0> }
	no_shadow
}
cylinder {
	<28.985126, 33.556709, 37.783379>,  <29.100590, 33.697823, 36.973511>, 0.130000
	pigment { color rgbt <1,0,0,0> }
	no_shadow
}

// nucleotide -1

// particle -1
sphere {
	<28.985126, 33.556709, 37.783379> 0.250000
	pigment { color rgbt <1,0,0,0> }
	no_shadow
}
cylinder {
	<28.665367, 33.653225, 37.563290>,  <28.473513, 33.711136, 37.431236>, 0.100000
	pigment { color rgbt <1,0,0,0> }
	no_shadow
}
cylinder {
	<28.665367, 33.653225, 37.563290>,  <28.985126, 33.556709, 37.783379>, 0.100000
	pigment { color rgbt <1,0,0,0> }
	no_shadow
}

// particle -1
sphere {
	<28.665367, 33.653225, 37.563290> 0.100000
	pigment { color rgbt <1,0,0,0> }
	no_shadow
}
sphere {
	0, 1
	scale<0.080000,0.200000,0.300000>
	matrix <-0.430495, -0.868868, 0.244424,
		-0.419092, 0.432260, 0.798444,
		-0.799397, 0.241290, -0.550221,
		28.425549, 33.725613, 37.398224>
	pigment { color rgbt <0,1,1,0> }
	no_shadow
}
cylinder {
	<29.301218, 34.171589, 37.547729>,  <28.985126, 33.556709, 37.783379>, 0.130000
	pigment { color rgbt <1,0,0,0> }
	no_shadow
}

// nucleotide -1

// particle -1
sphere {
	<29.301218, 34.171589, 37.547729> 0.250000
	pigment { color rgbt <1,0,0,0> }
	no_shadow
}
cylinder {
	<28.914492, 34.273075, 37.535778>,  <28.682455, 34.333965, 37.528606>, 0.100000
	pigment { color rgbt <1,0,0,0> }
	no_shadow
}
cylinder {
	<28.914492, 34.273075, 37.535778>,  <29.301218, 34.171589, 37.547729>, 0.100000
	pigment { color rgbt <1,0,0,0> }
	no_shadow
}

// particle -1
sphere {
	<28.914492, 34.273075, 37.535778> 0.100000
	pigment { color rgbt <1,0,0,0> }
	no_shadow
}
sphere {
	0, 1
	scale<0.080000,0.200000,0.300000>
	matrix <-0.238213, -0.853081, 0.464227,
		0.092291, 0.455940, 0.885212,
		-0.966818, 0.253713, -0.029879,
		28.624447, 34.349190, 37.526814>
	pigment { color rgbt <0,1,1,0> }
	no_shadow
}
cylinder {
	<29.113710, 34.125534, 38.241482>,  <29.301218, 34.171589, 37.547729>, 0.130000
	pigment { color rgbt <1,0,0,0> }
	no_shadow
}

// nucleotide -1

// particle -1
sphere {
	<29.113710, 34.125534, 38.241482> 0.250000
	pigment { color rgbt <1,0,0,0> }
	no_shadow
}
cylinder {
	<28.782267, 34.106007, 38.018406>,  <28.583401, 34.094292, 37.884560>, 0.100000
	pigment { color rgbt <1,0,0,0> }
	no_shadow
}
cylinder {
	<28.782267, 34.106007, 38.018406>,  <29.113710, 34.125534, 38.241482>, 0.100000
	pigment { color rgbt <1,0,0,0> }
	no_shadow
}

// particle -1
sphere {
	<28.782267, 34.106007, 38.018406> 0.100000
	pigment { color rgbt <1,0,0,0> }
	no_shadow
}
sphere {
	0, 1
	scale<0.080000,0.200000,0.300000>
	matrix <-0.363059, -0.711437, 0.601703,
		-0.426139, 0.701053, 0.571779,
		-0.828610, -0.048819, -0.557694,
		28.533684, 34.091362, 37.851097>
	pigment { color rgbt <0,1,1,0> }
	no_shadow
}
cylinder {
	<28.440445, 34.167141, 38.731583>,  <29.113710, 34.125534, 38.241482>, 0.130000
	pigment { color rgbt <1,0,0,0> }
	no_shadow
}

// nucleotide -1

// particle -1
sphere {
	<28.440445, 34.167141, 38.731583> 0.250000
	pigment { color rgbt <1,0,0,0> }
	no_shadow
}
cylinder {
	<28.291546, 33.994137, 38.403103>,  <28.202208, 33.890335, 38.206017>, 0.100000
	pigment { color rgbt <1,0,0,0> }
	no_shadow
}
cylinder {
	<28.291546, 33.994137, 38.403103>,  <28.440445, 34.167141, 38.731583>, 0.100000
	pigment { color rgbt <1,0,0,0> }
	no_shadow
}

// particle -1
sphere {
	<28.291546, 33.994137, 38.403103> 0.100000
	pigment { color rgbt <1,0,0,0> }
	no_shadow
}
sphere {
	0, 1
	scale<0.080000,0.200000,0.300000>
	matrix <-0.357822, -0.749512, 0.556952,
		-0.856385, 0.501167, 0.124242,
		-0.372246, -0.432509, -0.821200,
		28.179873, 33.864384, 38.156742>
	pigment { color rgbt <0,1,1,0> }
	no_shadow
}
cylinder {
	<27.786745, 33.986523, 38.890228>,  <28.440445, 34.167141, 38.731583>, 0.130000
	pigment { color rgbt <1,0,0,0> }
	no_shadow
}

// nucleotide -1

// particle -1
sphere {
	<27.786745, 33.986523, 38.890228> 0.250000
	pigment { color rgbt <1,0,0,0> }
	no_shadow
}
cylinder {
	<27.912956, 33.761402, 38.584629>,  <27.988684, 33.626331, 38.401268>, 0.100000
	pigment { color rgbt <1,0,0,0> }
	no_shadow
}
cylinder {
	<27.912956, 33.761402, 38.584629>,  <27.786745, 33.986523, 38.890228>, 0.100000
	pigment { color rgbt <1,0,0,0> }
	no_shadow
}

// particle -1
sphere {
	<27.912956, 33.761402, 38.584629> 0.100000
	pigment { color rgbt <1,0,0,0> }
	no_shadow
}
sphere {
	0, 1
	scale<0.080000,0.200000,0.300000>
	matrix <-0.134939, -0.823559, 0.550947,
		-0.939272, -0.070747, -0.335802,
		0.315530, -0.562802, -0.763999,
		28.007616, 33.592560, 38.355431>
	pigment { color rgbt <0,1,1,0> }
	no_shadow
}
cylinder {
	<27.360306, 33.461075, 38.926460>,  <27.786745, 33.986523, 38.890228>, 0.130000
	pigment { color rgbt <1,0,0,0> }
	no_shadow
}

// nucleotide -1

// particle -1
sphere {
	<27.360306, 33.461075, 38.926460> 0.250000
	pigment { color rgbt <1,0,0,0> }
	no_shadow
}
cylinder {
	<27.687794, 33.338741, 38.732075>,  <27.884287, 33.265339, 38.615444>, 0.100000
	pigment { color rgbt <1,0,0,0> }
	no_shadow
}
cylinder {
	<27.687794, 33.338741, 38.732075>,  <27.360306, 33.461075, 38.926460>, 0.100000
	pigment { color rgbt <1,0,0,0> }
	no_shadow
}

// particle -1
sphere {
	<27.687794, 33.338741, 38.732075> 0.100000
	pigment { color rgbt <1,0,0,0> }
	no_shadow
}
sphere {
	0, 1
	scale<0.080000,0.200000,0.300000>
	matrix <-0.158468, -0.933824, 0.320718,
		-0.551890, -0.185570, -0.813008,
		0.818722, -0.305837, -0.485961,
		27.933411, 33.246990, 38.586285>
	pigment { color rgbt <0,1,1,0> }
	no_shadow
}
cylinder {
	<27.130842, 32.950436, 38.345463>,  <27.360306, 33.461075, 38.926460>, 0.130000
	pigment { color rgbt <1,0,0,0> }
	no_shadow
}

// nucleotide -1

// particle -1
sphere {
	<27.130842, 32.950436, 38.345463> 0.250000
	pigment { color rgbt <1,0,0,0> }
	no_shadow
}
cylinder {
	<27.515720, 32.912987, 38.447773>,  <27.746647, 32.890518, 38.509159>, 0.100000
	pigment { color rgbt <1,0,0,0> }
	no_shadow
}
cylinder {
	<27.515720, 32.912987, 38.447773>,  <27.130842, 32.950436, 38.345463>, 0.100000
	pigment { color rgbt <1,0,0,0> }
	no_shadow
}

// particle -1
sphere {
	<27.515720, 32.912987, 38.447773> 0.100000
	pigment { color rgbt <1,0,0,0> }
	no_shadow
}
sphere {
	0, 1
	scale<0.080000,0.200000,0.300000>
	matrix <-0.164333, -0.948437, 0.271040,
		0.217208, -0.302825, -0.927965,
		0.962193, -0.093624, 0.255772,
		27.804379, 32.884899, 38.524506>
	pigment { color rgbt <0,1,1,0> }
	no_shadow
}
cylinder {
	<27.446253, 32.507675, 37.921173>,  <27.130842, 32.950436, 38.345463>, 0.130000
	pigment { color rgbt <1,0,0,0> }
	no_shadow
}

// nucleotide -1

// particle -1
sphere {
	<27.446253, 32.507675, 37.921173> 0.250000
	pigment { color rgbt <1,0,0,0> }
	no_shadow
}
cylinder {
	<27.585436, 32.519695, 38.295986>,  <27.668945, 32.526905, 38.520874>, 0.100000
	pigment { color rgbt <1,0,0,0> }
	no_shadow
}
cylinder {
	<27.585436, 32.519695, 38.295986>,  <27.446253, 32.507675, 37.921173>, 0.100000
	pigment { color rgbt <1,0,0,0> }
	no_shadow
}

// particle -1
sphere {
	<27.585436, 32.519695, 38.295986> 0.100000
	pigment { color rgbt <1,0,0,0> }
	no_shadow
}
sphere {
	0, 1
	scale<0.080000,0.200000,0.300000>
	matrix <-0.289775, -0.947097, 0.137974,
		0.891603, -0.319537, -0.320842,
		0.347957, 0.030046, 0.937029,
		27.689823, 32.528709, 38.577095>
	pigment { color rgbt <0,1,1,0> }
	no_shadow
}
cylinder {
	<27.513227, 32.804150, 37.217228>,  <27.446253, 32.507675, 37.921173>, 0.130000
	pigment { color rgbt <1,0,0,0> }
	no_shadow
}

// nucleotide -1

// particle -1
sphere {
	<27.513227, 32.804150, 37.217228> 0.250000
	pigment { color rgbt <1,0,0,0> }
	no_shadow
}
cylinder {
	<27.864531, 32.751873, 37.033237>,  <28.075314, 32.720505, 36.922844>, 0.100000
	pigment { color rgbt <1,0,0,0> }
	no_shadow
}
cylinder {
	<27.864531, 32.751873, 37.033237>,  <27.513227, 32.804150, 37.217228>, 0.100000
	pigment { color rgbt <1,0,0,0> }
	no_shadow
}

// particle -1
sphere {
	<27.864531, 32.751873, 37.033237> 0.100000
	pigment { color rgbt <1,0,0,0> }
	no_shadow
}
sphere {
	0, 1
	scale<0.080000,0.200000,0.300000>
	matrix <0.451088, 0.545649, 0.706248,
