// switches for output
#declare DRAW_BASES = 1; // possible values are 0, 1; only relevant for DNA ribbons
#declare DRAW_BASES_TYPE = 3; // possible values are 1, 2, 3; only relevant for DNA ribbons
#declare DRAW_FOG = 0; // set to 1 to enable fog

#include "colors.inc"

#include "transforms.inc"
background { rgb <1, 1, 1>}

#default {
   normal{
       ripples 0.25
       frequency 0.20
       turbulence 0.2
       lambda 5
   }
	finish {
		phong 0.1
		phong_size 40.
	}
}

// original window dimensions: 1024x640


// camera settings

camera {
	sky <0, 0.179814, -0.983701>
	up <0, 0.179814, -0.983701>
	right 1.6 * <1, 0, 0>
	location <35, 94.9851, 44.8844>
	look_at <35, 29.7336, 32.9568>
	direction <0, -65.2515, -11.9276>
	angle 67.0682
}


# declare cpy_camera_pos = <35, 94.9851, 44.8844>;
# if (DRAW_FOG = 1)
fog {
	fog_type 2
	up vnormalize(cpy_camera_pos)
	color rgbt<1,1,1,0.3>
	distance 1e-5
	fog_alt 3e-3
	fog_offset 56
}
# end


// LIGHTS

# declare lum = 6;
global_settings {
	ambient_light rgb lum * <0.05, 0.05, 0.05>
	max_trace_level 15
}# declare cpy_direct_light_amount = 0.25;
light_source
{	1000 * <-1, -1.16352, -0.803886>,
	rgb lum * cpy_direct_light_amount
	parallel
}

light_source
{	1000 * <1, 1.16352, 0.803886>,
	rgb lum * cpy_direct_light_amount
	parallel
}

// strand 0

// nucleotide -1

// particle -1
sphere {
	<23.916931, 34.713066, 35.133675> 0.250000
	pigment { color rgbt <1,0,0,0> }
	no_shadow
}
cylinder {
	<24.220747, 34.932693, 34.994179>,  <24.403036, 35.064472, 34.910480>, 0.100000
	pigment { color rgbt <1,0,0,0> }
	no_shadow
}
cylinder {
	<24.220747, 34.932693, 34.994179>,  <23.916931, 34.713066, 35.133675>, 0.100000
	pigment { color rgbt <1,0,0,0> }
	no_shadow
}

// particle -1
sphere {
	<24.220747, 34.932693, 34.994179> 0.100000
	pigment { color rgbt <1,0,0,0> }
	no_shadow
}
sphere {
	0, 1
	scale<0.080000,0.200000,0.300000>
	matrix <0.649385, -0.670939, 0.357965,
		-0.037437, -0.498357, -0.866163,
		0.759537, 0.549072, -0.348744,
		24.448608, 35.097416, 34.889557>
	pigment { color rgbt <0,1,1,0> }
	no_shadow
}
cylinder {
	<24.390268, 34.162426, 34.970261>,  <23.916931, 34.713066, 35.133675>, 0.130000
	pigment { color rgbt <1,0,0,0> }
	no_shadow
}

// nucleotide -1

// particle -1
sphere {
	<24.390268, 34.162426, 34.970261> 0.250000
	pigment { color rgbt <1,0,0,0> }
	no_shadow
}
cylinder {
	<24.560602, 34.517078, 35.042423>,  <24.662802, 34.729870, 35.085720>, 0.100000
	pigment { color rgbt <1,0,0,0> }
	no_shadow
}
cylinder {
	<24.560602, 34.517078, 35.042423>,  <24.390268, 34.162426, 34.970261>, 0.100000
	pigment { color rgbt <1,0,0,0> }
	no_shadow
}

// particle -1
sphere {
	<24.560602, 34.517078, 35.042423> 0.100000
	pigment { color rgbt <1,0,0,0> }
	no_shadow
}
sphere {
	0, 1
	scale<0.080000,0.200000,0.300000>
	matrix <0.660312, -0.440847, 0.607982,
		0.618589, -0.139773, -0.773182,
		0.425835, 0.886633, 0.180409,
		24.688353, 34.783070, 35.096546>
	pigment { color rgbt <0,1,1,0> }
	no_shadow
}
cylinder {
	<25.010014, 34.022095, 35.218647>,  <24.390268, 34.162426, 34.970261>, 0.130000
	pigment { color rgbt <1,0,0,0> }
	no_shadow
}

// nucleotide -1

// particle -1
sphere {
	<25.010014, 34.022095, 35.218647> 0.250000
	pigment { color rgbt <1,0,0,0> }
	no_shadow
}
cylinder {
	<25.323124, 34.259544, 35.293346>,  <25.510990, 34.402016, 35.338165>, 0.100000
	pigment { color rgbt <1,0,0,0> }
	no_shadow
}
cylinder {
	<25.323124, 34.259544, 35.293346>,  <25.010014, 34.022095, 35.218647>, 0.100000
	pigment { color rgbt <1,0,0,0> }
	no_shadow
}

// particle -1
sphere {
	<25.323124, 34.259544, 35.293346> 0.100000
	pigment { color rgbt <1,0,0,0> }
	no_shadow
}
sphere {
	0, 1
	scale<0.080000,0.200000,0.300000>
	matrix <-0.083707, -0.196931, 0.976838,
		0.616650, -0.780276, -0.104462,
		0.782775, 0.593623, 0.186752,
		25.557957, 34.437630, 35.349373>
	pigment { color rgbt <0,1,1,0> }
	no_shadow
}
cylinder {
	<25.622892, 33.667877, 35.585201>,  <25.010014, 34.022095, 35.218647>, 0.130000
	pigment { color rgbt <1,0,0,0> }
	no_shadow
}

// nucleotide -1

// particle -1
sphere {
	<25.622892, 33.667877, 35.585201> 0.250000
	pigment { color rgbt <1,0,0,0> }
	no_shadow
}
cylinder {
	<25.690481, 34.052380, 35.672325>,  <25.731035, 34.283081, 35.724602>, 0.100000
	pigment { color rgbt <1,0,0,0> }
	no_shadow
}
cylinder {
	<25.690481, 34.052380, 35.672325>,  <25.622892, 33.667877, 35.585201>, 0.100000
	pigment { color rgbt <1,0,0,0> }
	no_shadow
}

// particle -1
sphere {
	<25.690481, 34.052380, 35.672325> 0.100000
	pigment { color rgbt <1,0,0,0> }
	no_shadow
}
sphere {
	0, 1
	scale<0.080000,0.200000,0.300000>
	matrix <-0.034932, -0.215013, 0.975986,
		0.985002, -0.172523, -0.002753,
		0.168972, 0.961252, 0.217814,
		25.741173, 34.340755, 35.737671>
	pigment { color rgbt <0,1,1,0> }
	no_shadow
}
cylinder {
	<26.176003, 33.613361, 36.109009>,  <25.622892, 33.667877, 35.585201>, 0.130000
	pigment { color rgbt <1,0,0,0> }
	no_shadow
}

// nucleotide -1

// particle -1
sphere {
	<26.176003, 33.613361, 36.109009> 0.250000
	pigment { color rgbt <1,0,0,0> }
	no_shadow
}
cylinder {
	<25.991440, 33.966312, 36.145927>,  <25.880703, 34.178082, 36.168079>, 0.100000
	pigment { color rgbt <1,0,0,0> }
	no_shadow
}
cylinder {
	<25.991440, 33.966312, 36.145927>,  <26.176003, 33.613361, 36.109009>, 0.100000
	pigment { color rgbt <1,0,0,0> }
	no_shadow
}

// particle -1
sphere {
	<25.991440, 33.966312, 36.145927> 0.100000
	pigment { color rgbt <1,0,0,0> }
	no_shadow
}
sphere {
	0, 1
	scale<0.080000,0.200000,0.300000>
	matrix <-0.017603, -0.113115, 0.993426,
		0.887014, 0.456748, 0.067724,
		-0.461406, 0.882375, 0.092295,
		25.853018, 34.231026, 36.173615>
	pigment { color rgbt <0,1,1,0> }
	no_shadow
}
cylinder {
	<26.644058, 34.107944, 36.522911>,  <26.176003, 33.613361, 36.109009>, 0.130000
	pigment { color rgbt <1,0,0,0> }
	no_shadow
}

// nucleotide -1

// particle -1
sphere {
	<26.644058, 34.107944, 36.522911> 0.250000
	pigment { color rgbt <1,0,0,0> }
	no_shadow
}
cylinder {
	<26.244816, 34.132549, 36.522266>,  <26.005270, 34.147312, 36.521877>, 0.100000
	pigment { color rgbt <1,0,0,0> }
	no_shadow
}
cylinder {
	<26.244816, 34.132549, 36.522266>,  <26.644058, 34.107944, 36.522911>, 0.100000
	pigment { color rgbt <1,0,0,0> }
	no_shadow
}

// particle -1
sphere {
	<26.244816, 34.132549, 36.522266> 0.100000
	pigment { color rgbt <1,0,0,0> }
	no_shadow
}
sphere {
	0, 1
	scale<0.080000,0.200000,0.300000>
	matrix <-0.012523, -0.177354, 0.984067,
		0.060245, 0.982223, 0.177788,
		-0.998105, 0.061512, -0.001616,
		25.945385, 34.151001, 36.521782>
	pigment { color rgbt <0,1,1,0> }
	no_shadow
}
cylinder {
	<26.510807, 34.647430, 36.949924>,  <26.644058, 34.107944, 36.522911>, 0.130000
	pigment { color rgbt <1,0,0,0> }
	no_shadow
}

// nucleotide -1

// particle -1
sphere {
	<26.510807, 34.647430, 36.949924> 0.250000
	pigment { color rgbt <1,0,0,0> }
	no_shadow
}
cylinder {
	<26.206680, 34.387623, 36.952663>,  <26.024204, 34.231739, 36.954308>, 0.100000
	pigment { color rgbt <1,0,0,0> }
	no_shadow
}
cylinder {
	<26.206680, 34.387623, 36.952663>,  <26.510807, 34.647430, 36.949924>, 0.100000
	pigment { color rgbt <1,0,0,0> }
	no_shadow
}

// particle -1
sphere {
	<26.206680, 34.387623, 36.952663> 0.100000
	pigment { color rgbt <1,0,0,0> }
	no_shadow
}
sphere {
	0, 1
	scale<0.080000,0.200000,0.300000>
	matrix <0.238191, -0.268989, 0.933226,
		-0.604303, 0.711179, 0.359225,
		-0.760318, -0.649515, 0.006845,
		25.978584, 34.192768, 36.954716>
	pigment { color rgbt <0,1,1,0> }
	no_shadow
}
cylinder {
	<26.092768, 34.803272, 37.557552>,  <26.510807, 34.647430, 36.949924>, 0.130000
	pigment { color rgbt <1,0,0,0> }
	no_shadow
}

// nucleotide -1

// particle -1
sphere {
	<26.092768, 34.803272, 37.557552> 0.250000
	pigment { color rgbt <1,0,0,0> }
	no_shadow
}
cylinder {
	<26.024015, 34.427410, 37.439228>,  <25.982763, 34.201893, 37.368233>, 0.100000
	pigment { color rgbt <1,0,0,0> }
	no_shadow
}
cylinder {
	<26.024015, 34.427410, 37.439228>,  <26.092768, 34.803272, 37.557552>, 0.100000
	pigment { color rgbt <1,0,0,0> }
	no_shadow
}

// particle -1
sphere {
	<26.024015, 34.427410, 37.439228> 0.100000
	pigment { color rgbt <1,0,0,0> }
	no_shadow
}
sphere {
	0, 1
	scale<0.080000,0.200000,0.300000>
	matrix <0.111167, -0.316860, 0.941935,
		-0.978825, 0.129018, 0.158921,
		-0.171882, -0.939656, -0.295808,
		25.972450, 34.145512, 37.350487>
	pigment { color rgbt <0,1,1,0> }
	no_shadow
}
cylinder {
	<25.748209, 34.503845, 38.101681>,  <26.092768, 34.803272, 37.557552>, 0.130000
	pigment { color rgbt <1,0,0,0> }
	no_shadow
}

// nucleotide -1

// particle -1
sphere {
	<25.748209, 34.503845, 38.101681> 0.250000
	pigment { color rgbt <1,0,0,0> }
	no_shadow
}
cylinder {
	<25.867016, 34.180630, 37.898170>,  <25.938299, 33.986702, 37.776062>, 0.100000
	pigment { color rgbt <1,0,0,0> }
	no_shadow
}
cylinder {
	<25.867016, 34.180630, 37.898170>,  <25.748209, 34.503845, 38.101681>, 0.100000
	pigment { color rgbt <1,0,0,0> }
	no_shadow
}

// particle -1
sphere {
	<25.867016, 34.180630, 37.898170> 0.100000
	pigment { color rgbt <1,0,0,0> }
	no_shadow
}
sphere {
	0, 1
	scale<0.080000,0.200000,0.300000>
	matrix <-0.009902, -0.535403, 0.844538,
		-0.954821, -0.245803, -0.167025,
		0.297016, -0.808037, -0.508781,
		25.956121, 33.938217, 37.745537>
	pigment { color rgbt <0,1,1,0> }
	no_shadow
}
cylinder {
	<25.255957, 33.869789, 38.245377>,  <25.748209, 34.503845, 38.101681>, 0.130000
	pigment { color rgbt <1,0,0,0> }
	no_shadow
}

// nucleotide -1

// particle -1
sphere {
	<25.255957, 33.869789, 38.245377> 0.250000
	pigment { color rgbt <1,0,0,0> }
	no_shadow
}
cylinder {
	<25.629658, 33.758892, 38.155659>,  <25.853878, 33.692352, 38.101830>, 0.100000
	pigment { color rgbt <1,0,0,0> }
	no_shadow
}
cylinder {
	<25.629658, 33.758892, 38.155659>,  <25.255957, 33.869789, 38.245377>, 0.100000
	pigment { color rgbt <1,0,0,0> }
	no_shadow
}

// particle -1
sphere {
	<25.629658, 33.758892, 38.155659> 0.100000
	pigment { color rgbt <1,0,0,0> }
	no_shadow
}
sphere {
	0, 1
	scale<0.080000,0.200000,0.300000>
	matrix <0.021998, -0.582954, 0.812207,
		-0.355930, -0.763741, -0.538529,
		0.934254, -0.277243, -0.224292,
		25.909933, 33.675720, 38.088371>
	pigment { color rgbt <0,1,1,0> }
	no_shadow
}
cylinder {
	<25.288568, 33.170837, 38.352108>,  <25.255957, 33.869789, 38.245377>, 0.130000
	pigment { color rgbt <1,0,0,0> }
	no_shadow
}

// nucleotide -1

// particle -1
sphere {
	<25.288568, 33.170837, 38.352108> 0.250000
	pigment { color rgbt <1,0,0,0> }
	no_shadow
}
cylinder {
	<25.671307, 33.286949, 38.357552>,  <25.900949, 33.356617, 38.360817>, 0.100000
	pigment { color rgbt <1,0,0,0> }
	no_shadow
}
cylinder {
	<25.671307, 33.286949, 38.357552>,  <25.288568, 33.170837, 38.352108>, 0.100000
	pigment { color rgbt <1,0,0,0> }
	no_shadow
}

// particle -1
sphere {
	<25.671307, 33.286949, 38.357552> 0.100000
	pigment { color rgbt <1,0,0,0> }
	no_shadow
}
sphere {
	0, 1
	scale<0.080000,0.200000,0.300000>
	matrix <0.100827, -0.375551, 0.921301,
		0.272545, -0.880170, -0.388612,
		0.956846, 0.290278, 0.013609,
		25.958361, 33.374031, 38.361633>
	pigment { color rgbt <0,1,1,0> }
	no_shadow
}
cylinder {
	<25.868668, 32.596161, 38.356216>,  <25.288568, 33.170837, 38.352108>, 0.130000
	pigment { color rgbt <1,0,0,0> }
	no_shadow
}

// nucleotide -1

// particle -1
sphere {
	<25.868668, 32.596161, 38.356216> 0.250000
	pigment { color rgbt <1,0,0,0> }
	no_shadow
}
cylinder {
	<25.948332, 32.946033, 38.532974>,  <25.996130, 33.155956, 38.639027>, 0.100000
	pigment { color rgbt <1,0,0,0> }
	no_shadow
}
cylinder {
	<25.948332, 32.946033, 38.532974>,  <25.868668, 32.596161, 38.356216>, 0.100000
	pigment { color rgbt <1,0,0,0> }
	no_shadow
}

// particle -1
sphere {
	<25.948332, 32.946033, 38.532974> 0.100000
	pigment { color rgbt <1,0,0,0> }
	no_shadow
}
sphere {
	0, 1
	scale<0.080000,0.200000,0.300000>
	matrix <0.104415, -0.467300, 0.877911,
		0.974388, -0.128706, -0.184398,
		0.199161, 0.874680, 0.441893,
		26.008080, 33.208439, 38.665543>
	pigment { color rgbt <0,1,1,0> }
	no_shadow
}
cylinder {
	<26.553543, 32.625488, 38.696354>,  <25.868668, 32.596161, 38.356216>, 0.130000
	pigment { color rgbt <1,0,0,0> }
	no_shadow
}

// nucleotide -1

// particle -1
sphere {
	<26.553543, 32.625488, 38.696354> 0.250000
	pigment { color rgbt <1,0,0,0> }
	no_shadow
}
cylinder {
	<26.294571, 32.875576, 38.870682>,  <26.139187, 33.025627, 38.975277>, 0.100000
	pigment { color rgbt <1,0,0,0> }
	no_shadow
}
cylinder {
	<26.294571, 32.875576, 38.870682>,  <26.553543, 32.625488, 38.696354>, 0.100000
	pigment { color rgbt <1,0,0,0> }
	no_shadow
}

// particle -1
sphere {
	<26.294571, 32.875576, 38.870682> 0.100000
	pigment { color rgbt <1,0,0,0> }
	no_shadow
}
sphere {
	0, 1
	scale<0.080000,0.200000,0.300000>
	matrix <0.042549, -0.541299, 0.839753,
		0.760936, 0.562225, 0.323851,
		-0.647430, 0.625219, 0.435816,
		26.100342, 33.063141, 39.001427>
	pigment { color rgbt <0,1,1,0> }
	no_shadow
}
cylinder {
	<26.811356, 32.821491, 39.321075>,  <26.553543, 32.625488, 38.696354>, 0.130000
	pigment { color rgbt <1,0,0,0> }
	no_shadow
}

// nucleotide -1

// particle -1
sphere {
	<26.811356, 32.821491, 39.321075> 0.250000
	pigment { color rgbt <1,0,0,0> }
	no_shadow
}
cylinder {
	<26.414824, 32.819565, 39.268555>,  <26.176905, 32.818409, 39.237041>, 0.100000
	pigment { color rgbt <1,0,0,0> }
	no_shadow
}
cylinder {
	<26.414824, 32.819565, 39.268555>,  <26.811356, 32.821491, 39.321075>, 0.100000
	pigment { color rgbt <1,0,0,0> }
	no_shadow
}

// particle -1
sphere {
	<26.414824, 32.819565, 39.268555> 0.100000
	pigment { color rgbt <1,0,0,0> }
	no_shadow
}
sphere {
	0, 1
	scale<0.080000,0.200000,0.300000>
	matrix <-0.084681, -0.740684, 0.666496,
		-0.100467, 0.671837, 0.733854,
		-0.991330, -0.004817, -0.131306,
		26.117424, 32.818119, 39.229164>
	pigment { color rgbt <0,1,1,0> }
	no_shadow
}
cylinder {
	<26.794149, 33.573498, 39.533745>,  <26.811356, 32.821491, 39.321075>, 0.130000
	pigment { color rgbt <1,0,0,0> }
	no_shadow
}

// nucleotide -1

// particle -1
sphere {
	<26.794149, 33.573498, 39.533745> 0.250000
	pigment { color rgbt <1,0,0,0> }
	no_shadow
}
cylinder {
	<26.726889, 33.682659, 39.912636>,  <26.686533, 33.748158, 40.139973>, 0.100000
	pigment { color rgbt <1,0,0,0> }
	no_shadow
}
cylinder {
	<26.726889, 33.682659, 39.912636>,  <26.794149, 33.573498, 39.533745>, 0.100000
	pigment { color rgbt <1,0,0,0> }
	no_shadow
}

// particle -1
sphere {
	<26.726889, 33.682659, 39.912636> 0.100000
	pigment { color rgbt <1,0,0,0> }
	no_shadow
}
sphere {
	0, 1
	scale<0.080000,0.200000,0.300000>
	matrix <-0.445431, 0.836183, -0.319983,
		-0.879384, -0.475732, -0.019046,
		-0.168152, 0.272904, 0.947232,
		26.676443, 33.764530, 40.196804>
	pigment { color rgbt <0,1,1,0> }
	no_shadow
}
cylinder {
	<27.116983, 33.726864, 38.933346>,  <26.794149, 33.573498, 39.533745>, 0.130000
	pigment { color rgbt <1,0,0,0> }
	no_shadow
}

// nucleotide -1

// particle -1
sphere {
	<27.116983, 33.726864, 38.933346> 0.250000
	pigment { color rgbt <1,0,0,0> }
	no_shadow
}
cylinder {
	<26.829254, 33.474834, 38.816330>,  <26.656616, 33.323616, 38.746120>, 0.100000
	pigment { color rgbt <1,0,0,0> }
	no_shadow
}
cylinder {
	<26.829254, 33.474834, 38.816330>,  <27.116983, 33.726864, 38.933346>, 0.100000
	pigment { color rgbt <1,0,0,0> }
	no_shadow
}

// particle -1
sphere {
	<26.829254, 33.474834, 38.816330> 0.100000
	pigment { color rgbt <1,0,0,0> }
	no_shadow
}
sphere {
	0, 1
	scale<0.080000,0.200000,0.300000>
	matrix <-0.236613, 0.618158, -0.749597,
		0.653143, -0.469980, -0.593737,
		-0.719319, -0.630079, -0.292542,
		26.613457, 33.285812, 38.728569>
	pigment { color rgbt <0,1,1,0> }
	no_shadow
}
cylinder {
	<27.231829, 33.544197, 38.237610>,  <27.116983, 33.726864, 38.933346>, 0.130000
	pigment { color rgbt <1,0,0,0> }
	no_shadow
}

// nucleotide -1

// particle -1
sphere {
	<27.231829, 33.544197, 38.237610> 0.250000
	pigment { color rgbt <1,0,0,0> }
	no_shadow
}
cylinder {
	<26.838423, 33.478683, 38.268272>,  <26.602379, 33.439373, 38.286671>, 0.100000
	pigment { color rgbt <1,0,0,0> }
	no_shadow
}
cylinder {
	<26.838423, 33.478683, 38.268272>,  <27.231829, 33.544197, 38.237610>, 0.100000
	pigment { color rgbt <1,0,0,0> }
	no_shadow
}

// particle -1
sphere {
	<26.838423, 33.478683, 38.268272> 0.100000
	pigment { color rgbt <1,0,0,0> }
	no_shadow
}
sphere {
	0, 1
	scale<0.080000,0.200000,0.300000>
	matrix <-0.133982, 0.375255, -0.917187,
		0.121457, -0.912336, -0.391012,
		-0.983513, -0.163787, 0.076659,
		26.543369, 33.429546, 38.291271>
	pigment { color rgbt <0,1,1,0> }
	no_shadow
}
cylinder {
	<27.026472, 33.324684, 37.531860>,  <27.231829, 33.544197, 38.237610>, 0.130000
	pigment { color rgbt <1,0,0,0> }
	no_shadow
}

// nucleotide -1

// particle -1
sphere {
	<27.026472, 33.324684, 37.531860> 0.250000
	pigment { color rgbt <1,0,0,0> }
	no_shadow
}
cylinder {
	<26.678846, 33.417309, 37.706722>,  <26.470270, 33.472885, 37.811638>, 0.100000
	pigment { color rgbt <1,0,0,0> }
	no_shadow
}
cylinder {
	<26.678846, 33.417309, 37.706722>,  <27.026472, 33.324684, 37.531860>, 0.100000
	pigment { color rgbt <1,0,0,0> }
	no_shadow
}

// particle -1
sphere {
	<26.678846, 33.417309, 37.706722> 0.100000
	pigment { color rgbt <1,0,0,0> }
	no_shadow
}
sphere {
	0, 1
	scale<0.080000,0.200000,0.300000>
	matrix <-0.367198, 0.290202, -0.883713,
		-0.331496, -0.928527, -0.167176,
		-0.869066, 0.231561, 0.437153,
		26.418127, 33.486778, 37.837868>
	pigment { color rgbt <0,1,1,0> }
	no_shadow
}
cylinder {
	<26.589796, 33.090446, 37.063778>,  <27.026472, 33.324684, 37.531860>, 0.130000
	pigment { color rgbt <1,0,0,0> }
	no_shadow
}

// nucleotide -1

// particle -1
sphere {
	<26.589796, 33.090446, 37.063778> 0.250000
	pigment { color rgbt <1,0,0,0> }
	no_shadow
}
cylinder {
	<26.358696, 33.334408, 37.280746>,  <26.220036, 33.480785, 37.410927>, 0.100000
	pigment { color rgbt <1,0,0,0> }
	no_shadow
}
cylinder {
	<26.358696, 33.334408, 37.280746>,  <26.589796, 33.090446, 37.063778>, 0.100000
	pigment { color rgbt <1,0,0,0> }
	no_shadow
}

// particle -1
sphere {
	<26.358696, 33.334408, 37.280746> 0.100000
	pigment { color rgbt <1,0,0,0> }
	no_shadow
}
sphere {
	0, 1
	scale<0.080000,0.200000,0.300000>
	matrix <-0.337259, 0.426787, -0.839112,
		-0.743276, -0.667735, -0.040882,
		-0.577753, 0.609904, 0.542420,
		26.185369, 33.517380, 37.443474>
	pigment { color rgbt <0,1,1,0> }
	no_shadow
}
cylinder {
	<25.948063, 32.953175, 36.861599>,  <26.589796, 33.090446, 37.063778>, 0.130000
	pigment { color rgbt <1,0,0,0> }
	no_shadow
}

// nucleotide -1

// particle -1
sphere {
	<25.948063, 32.953175, 36.861599> 0.250000
	pigment { color rgbt <1,0,0,0> }
	no_shadow
}
cylinder {
	<25.955776, 33.324249, 37.010746>,  <25.960403, 33.546894, 37.100235>, 0.100000
	pigment { color rgbt <1,0,0,0> }
	no_shadow
}
cylinder {
	<25.955776, 33.324249, 37.010746>,  <25.948063, 32.953175, 36.861599>, 0.100000
	pigment { color rgbt <1,0,0,0> }
	no_shadow
}

// particle -1
sphere {
	<25.955776, 33.324249, 37.010746> 0.100000
	pigment { color rgbt <1,0,0,0> }
	no_shadow
}
sphere {
	0, 1
	scale<0.080000,0.200000,0.300000>
	matrix <-0.458365, 0.339641, -0.821307,
		-0.888555, -0.155075, 0.431767,
		0.019282, 0.927683, 0.372871,
		25.961561, 33.602554, 37.122608>
	pigment { color rgbt <0,1,1,0> }
	no_shadow
}
cylinder {
	<25.224710, 33.195881, 36.804729>,  <25.948063, 32.953175, 36.861599>, 0.130000
	pigment { color rgbt <1,0,0,0> }
	no_shadow
}

// nucleotide -1

// particle -1
sphere {
	<25.224710, 33.195881, 36.804729> 0.250000
	pigment { color rgbt <1,0,0,0> }
	no_shadow
}
cylinder {
	<25.487478, 33.496906, 36.823086>,  <25.645140, 33.677521, 36.834099>, 0.100000
	pigment { color rgbt <1,0,0,0> }
	no_shadow
}
cylinder {
	<25.487478, 33.496906, 36.823086>,  <25.224710, 33.195881, 36.804729>, 0.100000
	pigment { color rgbt <1,0,0,0> }
	no_shadow
}

// particle -1
sphere {
	<25.487478, 33.496906, 36.823086> 0.100000
	pigment { color rgbt <1,0,0,0> }
	no_shadow
}
sphere {
	0, 1
	scale<0.080000,0.200000,0.300000>
	matrix <-0.412462, 0.409658, -0.813668,
		-0.631136, 0.515586, 0.579515,
		0.656919, 0.752563, 0.045890,
		25.684553, 33.722675, 36.836853>
	pigment { color rgbt <0,1,1,0> }
	no_shadow
}
cylinder {
	<24.804846, 33.735661, 36.842121>,  <25.224710, 33.195881, 36.804729>, 0.130000
	pigment { color rgbt <1,0,0,0> }
	no_shadow
}

// nucleotide -1

// particle -1
sphere {
	<24.804846, 33.735661, 36.842121> 0.250000
	pigment { color rgbt <1,0,0,0> }
	no_shadow
}
cylinder {
	<25.170572, 33.831539, 36.711540>,  <25.390009, 33.889065, 36.633190>, 0.100000
	pigment { color rgbt <1,0,0,0> }
	no_shadow
}
cylinder {
	<25.170572, 33.831539, 36.711540>,  <24.804846, 33.735661, 36.842121>, 0.100000
	pigment { color rgbt <1,0,0,0> }
	no_shadow
}

// particle -1
sphere {
	<25.170572, 33.831539, 36.711540> 0.100000
	pigment { color rgbt <1,0,0,0> }
	no_shadow
}
sphere {
	0, 1
	scale<0.080000,0.200000,0.300000>
	matrix <-0.399728, 0.404436, -0.822587,
		-0.065137, 0.882598, 0.465594,
		0.914316, 0.239692, -0.326456,
		25.444868, 33.903446, 36.613602>
	pigment { color rgbt <0,1,1,0> }
	no_shadow
}
cylinder {
	<24.706450, 34.409031, 36.421413>,  <24.804846, 33.735661, 36.842121>, 0.130000
	pigment { color rgbt <1,0,0,0> }
	no_shadow
}

// nucleotide -1

// particle -1
sphere {
	<24.706450, 34.409031, 36.421413> 0.250000
	pigment { color rgbt <1,0,0,0> }
	no_shadow
}
cylinder {
	<25.043737, 34.258022, 36.268333>,  <25.246111, 34.167419, 36.176483>, 0.100000
	pigment { color rgbt <1,0,0,0> }
	no_shadow
}
cylinder {
	<25.043737, 34.258022, 36.268333>,  <24.706450, 34.409031, 36.421413>, 0.100000
	pigment { color rgbt <1,0,0,0> }
	no_shadow
}

// particle -1
sphere {
	<25.043737, 34.258022, 36.268333> 0.100000
	pigment { color rgbt <1,0,0,0> }
	no_shadow
}
sphere {
	0, 1
	scale<0.080000,0.200000,0.300000>
	matrix <-0.126970, 0.551904, -0.824185,
		0.522359, 0.743561, 0.417443,
		0.843220, -0.377517, -0.382702,
		25.296703, 34.144768, 36.153522>
	pigment { color rgbt <0,1,1,0> }
	no_shadow
}
cylinder {
	<25.068460, 35.066536, 36.749958>,  <24.706450, 34.409031, 36.421413>, 0.130000
	pigment { color rgbt <1,0,0,0> }
	no_shadow
}

// nucleotide -1

// particle -1
sphere {
	<25.068460, 35.066536, 36.749958> 0.250000
	pigment { color rgbt <1,0,0,0> }
	no_shadow
}
cylinder {
	<25.407358, 34.861206, 36.695293>,  <25.610697, 34.738007, 36.662495>, 0.100000
	pigment { color rgbt <1,0,0,0> }
	no_shadow
}
cylinder {
	<25.407358, 34.861206, 36.695293>,  <25.068460, 35.066536, 36.749958>, 0.100000
	pigment { color rgbt <1,0,0,0> }
	no_shadow
}

// particle -1
sphere {
	<25.407358, 34.861206, 36.695293> 0.100000
	pigment { color rgbt <1,0,0,0> }
	no_shadow
}
sphere {
	0, 1
	scale<0.080000,0.200000,0.300000>
	matrix <-0.029154, 0.211942, -0.976847,
		0.530403, 0.831612, 0.164601,
		0.847244, -0.513324, -0.136659,
		25.661531, 34.707211, 36.654297>
	pigment { color rgbt <0,1,1,0> }
	no_shadow
}
cylinder {
	<25.493183, 35.512737, 36.289932>,  <25.068460, 35.066536, 36.749958>, 0.130000
	pigment { color rgbt <1,0,0,0> }
	no_shadow
}

// nucleotide -1

// particle -1
sphere {
	<25.493183, 35.512737, 36.289932> 0.250000
	pigment { color rgbt <1,0,0,0> }
	no_shadow
}
cylinder {
	<25.610128, 35.131943, 36.253613>,  <25.680296, 34.903465, 36.231823>, 0.100000
	pigment { color rgbt <1,0,0,0> }
	no_shadow
}
cylinder {
	<25.610128, 35.131943, 36.253613>,  <25.493183, 35.512737, 36.289932>, 0.100000
	pigment { color rgbt <1,0,0,0> }
	no_shadow
}

// particle -1
sphere {
	<25.610128, 35.131943, 36.253613> 0.100000
	pigment { color rgbt <1,0,0,0> }
	no_shadow
}
sphere {
	0, 1
	scale<0.080000,0.200000,0.300000>
	matrix <0.057808, 0.112363, -0.991984,
		0.954559, 0.284771, 0.087884,
		0.292363, -0.951988, -0.090795,
		25.697838, 34.846348, 36.226376>
	pigment { color rgbt <0,1,1,0> }
	no_shadow
}
cylinder {
	<26.110561, 35.545620, 35.954384>,  <25.493183, 35.512737, 36.289932>, 0.130000
	pigment { color rgbt <1,0,0,0> }
	no_shadow
}

// nucleotide -1

// particle -1
sphere {
	<26.110561, 35.545620, 35.954384> 0.250000
	pigment { color rgbt <1,0,0,0> }
	no_shadow
}
cylinder {
	<25.994308, 35.167850, 35.892937>,  <25.924557, 34.941189, 35.856068>, 0.100000
	pigment { color rgbt <1,0,0,0> }
	no_shadow
}
cylinder {
	<25.994308, 35.167850, 35.892937>,  <26.110561, 35.545620, 35.954384>, 0.100000
	pigment { color rgbt <1,0,0,0> }
	no_shadow
}

// particle -1
sphere {
	<25.994308, 35.167850, 35.892937> 0.100000
	pigment { color rgbt <1,0,0,0> }
	no_shadow
}
sphere {
	0, 1
	scale<0.080000,0.200000,0.300000>
	matrix <0.033933, 0.150272, -0.988062,
		0.956233, -0.292374, -0.011626,
		-0.290631, -0.944423, -0.153616,
		25.907120, 34.884525, 35.846851>
	pigment { color rgbt <0,1,1,0> }
	no_shadow
}
cylinder {
	<26.535437, 35.335487, 35.437649>,  <26.110561, 35.545620, 35.954384>, 0.130000
	pigment { color rgbt <1,0,0,0> }
	no_shadow
}

// nucleotide -1

// particle -1
sphere {
	<26.535437, 35.335487, 35.437649> 0.250000
	pigment { color rgbt <1,0,0,0> }
	no_shadow
}
cylinder {
	<26.233810, 35.074192, 35.410328>,  <26.052835, 34.917416, 35.393936>, 0.100000
	pigment { color rgbt <1,0,0,0> }
	no_shadow
}
cylinder {
	<26.233810, 35.074192, 35.410328>,  <26.535437, 35.335487, 35.437649>, 0.100000
	pigment { color rgbt <1,0,0,0> }
	no_shadow
}

// particle -1
sphere {
	<26.233810, 35.074192, 35.410328> 0.100000
	pigment { color rgbt <1,0,0,0> }
	no_shadow
}
sphere {
	0, 1
	scale<0.080000,0.200000,0.300000>
	matrix <0.022175, 0.078607, -0.996659,
		0.656427, -0.753059, -0.044789,
		-0.754064, -0.653240, -0.068299,
		26.007591, 34.878220, 35.389839>
	pigment { color rgbt <0,1,1,0> }
	no_shadow
}
cylinder {
	<26.813026, 34.806976, 35.012756>,  <26.535437, 35.335487, 35.437649>, 0.130000
	pigment { color rgbt <1,0,0,0> }
	no_shadow
}

// nucleotide -1

// particle -1
sphere {
	<26.813026, 34.806976, 35.012756> 0.250000
	pigment { color rgbt <1,0,0,0> }
	no_shadow
}
cylinder {
	<26.414682, 34.842289, 35.004089>,  <26.175676, 34.863476, 34.998890>, 0.100000
	pigment { color rgbt <1,0,0,0> }
	no_shadow
}
cylinder {
	<26.414682, 34.842289, 35.004089>,  <26.813026, 34.806976, 35.012756>, 0.100000
	pigment { color rgbt <1,0,0,0> }
	no_shadow
}

// particle -1
sphere {
	<26.414682, 34.842289, 35.004089> 0.100000
	pigment { color rgbt <1,0,0,0> }
	no_shadow
}
sphere {
	0, 1
	scale<0.080000,0.200000,0.300000>
	matrix <0.022656, 0.010183, -0.999691,
		-0.088037, -0.996043, -0.012141,
		-0.995859, 0.088284, -0.021669,
		26.115925, 34.868774, 34.997589>
	pigment { color rgbt <0,1,1,0> }
	no_shadow
}
cylinder {
	<27.325329, 34.392456, 34.568832>,  <26.813026, 34.806976, 35.012756>, 0.130000
	pigment { color rgbt <1,0,0,0> }
	no_shadow
}

// nucleotide -1

// particle -1
sphere {
	<27.325329, 34.392456, 34.568832> 0.250000
	pigment { color rgbt <1,0,0,0> }
	no_shadow
}
cylinder {
	<26.973196, 34.216091, 34.498844>,  <26.761917, 34.110271, 34.456852>, 0.100000
	pigment { color rgbt <1,0,0,0> }
	no_shadow
}
cylinder {
	<26.973196, 34.216091, 34.498844>,  <27.325329, 34.392456, 34.568832>, 0.100000
	pigment { color rgbt <1,0,0,0> }
	no_shadow
}

// particle -1
sphere {
	<26.973196, 34.216091, 34.498844> 0.100000
	pigment { color rgbt <1,0,0,0> }
	no_shadow
}
sphere {
	0, 1
	scale<0.080000,0.200000,0.300000>
	matrix <0.333894, -0.837964, 0.431660,
		-0.336944, 0.321582, 0.884904,
		-0.880332, -0.440910, -0.174972,
		26.709097, 34.083817, 34.446354>
	pigment { color rgbt <0,1,1,0> }
	no_shadow
}
cylinder {
	<27.061216, 34.061157, 35.255806>,  <27.325329, 34.392456, 34.568832>, 0.130000
	pigment { color rgbt <1,0,0,0> }
	no_shadow
}

// nucleotide -1

// particle -1
sphere {
	<27.061216, 34.061157, 35.255806> 0.250000
	pigment { color rgbt <1,0,0,0> }
	no_shadow
}
cylinder {
	<26.922863, 33.878262, 34.928074>,  <26.839851, 33.768524, 34.731434>, 0.100000
	pigment { color rgbt <1,0,0,0> }
	no_shadow
}
cylinder {
	<26.922863, 33.878262, 34.928074>,  <27.061216, 34.061157, 35.255806>, 0.100000
	pigment { color rgbt <1,0,0,0> }
	no_shadow
}

// particle -1
sphere {
	<26.922863, 33.878262, 34.928074> 0.100000
	pigment { color rgbt <1,0,0,0> }
	no_shadow
}
sphere {
	0, 1
	scale<0.080000,0.200000,0.300000>
	matrix <0.297298, -0.881640, 0.366503,
		-0.889933, -0.116818, 0.440878,
		-0.345882, -0.457235, -0.819330,
		26.819099, 33.741093, 34.682274>
	pigment { color rgbt <0,1,1,0> }
	no_shadow
}
cylinder {
	<26.655891, 33.482452, 35.407867>,  <27.061216, 34.061157, 35.255806>, 0.130000
	pigment { color rgbt <1,0,0,0> }
	no_shadow
}

// nucleotide -1

// particle -1
sphere {
	<26.655891, 33.482452, 35.407867> 0.250000
	pigment { color rgbt <1,0,0,0> }
	no_shadow
}
cylinder {
	<26.848970, 33.439560, 35.060188>,  <26.964819, 33.413822, 34.851582>, 0.100000
	pigment { color rgbt <1,0,0,0> }
	no_shadow
}
cylinder {
	<26.848970, 33.439560, 35.060188>,  <26.655891, 33.482452, 35.407867>, 0.100000
	pigment { color rgbt <1,0,0,0> }
	no_shadow
}

// particle -1
sphere {
	<26.848970, 33.439560, 35.060188> 0.100000
	pigment { color rgbt <1,0,0,0> }
	no_shadow
}
sphere {
	0, 1
	scale<0.080000,0.200000,0.300000>
	matrix <0.432856, -0.833568, 0.343220,
		-0.761339, -0.541909, -0.355947,
		0.482700, -0.107233, -0.869197,
		26.993780, 33.407391, 34.799431>
	pigment { color rgbt <0,1,1,0> }
	no_shadow
}
cylinder {
	<26.462244, 32.882504, 35.129303>,  <26.655891, 33.482452, 35.407867>, 0.130000
	pigment { color rgbt <1,0,0,0> }
	no_shadow
}

// nucleotide -1

// particle -1
sphere {
	<26.462244, 32.882504, 35.129303> 0.250000
	pigment { color rgbt <1,0,0,0> }
	no_shadow
}
cylinder {
	<26.850801, 32.957577, 35.071102>,  <27.083937, 33.002621, 35.036182>, 0.100000
	pigment { color rgbt <1,0,0,0> }
	no_shadow
}
cylinder {
	<26.850801, 32.957577, 35.071102>,  <26.462244, 32.882504, 35.129303>, 0.100000
	pigment { color rgbt <1,0,0,0> }
	no_shadow
}

// particle -1
sphere {
	<26.850801, 32.957577, 35.071102> 0.100000
	pigment { color rgbt <1,0,0,0> }
	no_shadow
}
sphere {
	0, 1
	scale<0.080000,0.200000,0.300000>
	matrix <0.227149, -0.913041, 0.338763,
		-0.069266, -0.362122, -0.929554,
		0.971394, 0.187682, -0.145498,
		27.142220, 33.013882, 35.027454>
	pigment { color rgbt <0,1,1,0> }
	no_shadow
}
cylinder {
	<26.644535, 32.232555, 34.834461>,  <26.462244, 32.882504, 35.129303>, 0.130000
	pigment { color rgbt <1,0,0,0> }
	no_shadow
}

// nucleotide -1

// particle -1
sphere {
	<26.644535, 32.232555, 34.834461> 0.250000
	pigment { color rgbt <1,0,0,0> }
	no_shadow
}
cylinder {
	<26.970291, 32.419724, 34.971760>,  <27.165745, 32.532024, 35.054138>, 0.100000
	pigment { color rgbt <1,0,0,0> }
	no_shadow
}
cylinder {
	<26.970291, 32.419724, 34.971760>,  <26.644535, 32.232555, 34.834461>, 0.100000
	pigment { color rgbt <1,0,0,0> }
	no_shadow
}

// particle -1
sphere {
	<26.970291, 32.419724, 34.971760> 0.100000
	pigment { color rgbt <1,0,0,0> }
	no_shadow
}
sphere {
	0, 1
	scale<0.080000,0.200000,0.300000>
	matrix <0.383023, -0.877756, 0.287817,
		0.435960, -0.102926, -0.894061,
		0.814391, 0.467923, 0.343243,
		27.214609, 32.560101, 35.074734>
	pigment { color rgbt <0,1,1,0> }
	no_shadow
}
cylinder {
	<27.281651, 31.984570, 34.500134>,  <26.644535, 32.232555, 34.834461>, 0.130000
	pigment { color rgbt <1,0,0,0> }
	no_shadow
}

// nucleotide -1

// particle -1
sphere {
	<27.281651, 31.984570, 34.500134> 0.250000
	pigment { color rgbt <1,0,0,0> }
	no_shadow
}
cylinder {
	<27.379028, 32.130764, 34.859501>,  <27.437456, 32.218479, 35.075123>, 0.100000
	pigment { color rgbt <1,0,0,0> }
	no_shadow
}
cylinder {
	<27.379028, 32.130764, 34.859501>,  <27.281651, 31.984570, 34.500134>, 0.100000
	pigment { color rgbt <1,0,0,0> }
	no_shadow
}

// particle -1
sphere {
	<27.379028, 32.130764, 34.859501> 0.100000
	pigment { color rgbt <1,0,0,0> }
	no_shadow
}
sphere {
	0, 1
	scale<0.080000,0.200000,0.300000>
	matrix <0.624919, -0.767501, 0.142892,
		0.741762, 0.526652, -0.415244,
		0.243445, 0.365485, 0.898418,
		27.452063, 32.240410, 35.129025>
	pigment { color rgbt <0,1,1,0> }
	no_shadow
}
cylinder {
	<27.953274, 31.908564, 34.578247>,  <27.281651, 31.984570, 34.500134>, 0.130000
	pigment { color rgbt <1,0,0,0> }
	no_shadow
}

// nucleotide -1

// particle -1
sphere {
	<27.953274, 31.908564, 34.578247> 0.250000
	pigment { color rgbt <1,0,0,0> }
	no_shadow
}
cylinder {
	<27.807394, 31.895546, 34.950470>,  <27.719866, 31.887735, 35.173805>, 0.100000
	pigment { color rgbt <1,0,0,0> }
	no_shadow
}
cylinder {
	<27.807394, 31.895546, 34.950470>,  <27.953274, 31.908564, 34.578247>, 0.100000
	pigment { color rgbt <1,0,0,0> }
	no_shadow
}

// particle -1
sphere {
	<27.807394, 31.895546, 34.950470> 0.100000
	pigment { color rgbt <1,0,0,0> }
	no_shadow
}
sphere {
	0, 1
	scale<0.080000,0.200000,0.300000>
	matrix <0.670548, -0.702576, 0.238227,
		0.646033, 0.710864, 0.278054,
		-0.364701, -0.032546, 0.930556,
		27.697983, 31.885782, 35.229637>
	pigment { color rgbt <0,1,1,0> }
	no_shadow
}
cylinder {
	<28.663002, 32.081028, 34.833408>,  <27.953274, 31.908564, 34.578247>, 0.130000
	pigment { color rgbt <1,0,0,0> }
	no_shadow
}

// nucleotide -1

// particle -1
sphere {
	<28.663002, 32.081028, 34.833408> 0.250000
	pigment { color rgbt <1,0,0,0> }
	no_shadow
}
cylinder {
	<28.455740, 31.943171, 35.146519>,  <28.331383, 31.860455, 35.334385>, 0.100000
	pigment { color rgbt <1,0,0,0> }
	no_shadow
}
cylinder {
	<28.455740, 31.943171, 35.146519>,  <28.663002, 32.081028, 34.833408>, 0.100000
	pigment { color rgbt <1,0,0,0> }
	no_shadow
}

// particle -1
sphere {
	<28.455740, 31.943171, 35.146519> 0.100000
	pigment { color rgbt <1,0,0,0> }
	no_shadow
}
sphere {
	0, 1
	scale<0.080000,0.200000,0.300000>
	matrix <0.695261, -0.702757, 0.150812,
		0.498122, 0.622375, 0.603758,
		-0.518157, -0.344647, 0.782772,
		28.300293, 31.839777, 35.381351>
	pigment { color rgbt <0,1,1,0> }
	no_shadow
}
cylinder {
	<29.135645, 32.018208, 35.378872>,  <28.663002, 32.081028, 34.833408>, 0.130000
	pigment { color rgbt <1,0,0,0> }
	no_shadow
}

// nucleotide -1

// particle -1
sphere {
	<29.135645, 32.018208, 35.378872> 0.250000
	pigment { color rgbt <1,0,0,0> }
	no_shadow
}
cylinder {
	<28.824854, 31.786633, 35.477779>,  <28.638380, 31.647688, 35.537125>, 0.100000
	pigment { color rgbt <1,0,0,0> }
	no_shadow
}
cylinder {
	<28.824854, 31.786633, 35.477779>,  <29.135645, 32.018208, 35.378872>, 0.100000
	pigment { color rgbt <1,0,0,0> }
	no_shadow
}

// particle -1
sphere {
	<28.824854, 31.786633, 35.477779> 0.100000
	pigment { color rgbt <1,0,0,0> }
	no_shadow
}
sphere {
	0, 1
	scale<0.080000,0.200000,0.300000>
	matrix <0.607613, -0.792394, 0.054021,
		0.164659, 0.192217, 0.967440,
		-0.776977, -0.578934, 0.247268,
		28.591761, 31.612953, 35.551960>
	pigment { color rgbt <0,1,1,0> }
	no_shadow
}
cylinder {
	<29.409306, 31.671097, 35.935547>,  <29.135645, 32.018208, 35.378872>, 0.130000
	pigment { color rgbt <1,0,0,0> }
	no_shadow
}

// nucleotide -1

// particle -1
sphere {
	<29.409306, 31.671097, 35.935547> 0.250000
	pigment { color rgbt <1,0,0,0> }
	no_shadow
}
cylinder {
	<29.093819, 31.469519, 35.794712>,  <28.904528, 31.348572, 35.710209>, 0.100000
	pigment { color rgbt <1,0,0,0> }
	no_shadow
}
cylinder {
	<29.093819, 31.469519, 35.794712>,  <29.409306, 31.671097, 35.935547>, 0.100000
	pigment { color rgbt <1,0,0,0> }
	no_shadow
}

// particle -1
sphere {
	<29.093819, 31.469519, 35.794712> 0.100000
	pigment { color rgbt <1,0,0,0> }
	no_shadow
}
sphere {
	0, 1
	scale<0.080000,0.200000,0.300000>
	matrix <0.526243, -0.849525, 0.037084,
		-0.317798, -0.156037, 0.935231,
		-0.788715, -0.503944, -0.352091,
		28.857204, 31.318335, 35.689083>
	pigment { color rgbt <0,1,1,0> }
	no_shadow
}
cylinder {
	<29.056013, 31.111950, 36.462822>,  <29.409306, 31.671097, 35.935547>, 0.130000
	pigment { color rgbt <1,0,0,0> }
	no_shadow
}

// nucleotide -1

// particle -1
sphere {
	<29.056013, 31.111950, 36.462822> 0.250000
	pigment { color rgbt <1,0,0,0> }
	no_shadow
}
cylinder {
	<29.031309, 31.045334, 36.069183>,  <29.016487, 31.005363, 35.833000>, 0.100000
	pigment { color rgbt <1,0,0,0> }
	no_shadow
}
cylinder {
	<29.031309, 31.045334, 36.069183>,  <29.056013, 31.111950, 36.462822>, 0.100000
	pigment { color rgbt <1,0,0,0> }
	no_shadow
}

// particle -1
sphere {
	<29.031309, 31.045334, 36.069183> 0.100000
	pigment { color rgbt <1,0,0,0> }
	no_shadow
}
sphere {
	0, 1
	scale<0.080000,0.200000,0.300000>
	matrix <0.597373, -0.796048, 0.097226,
		-0.799582, -0.581869, 0.148652,
		-0.061761, -0.166541, -0.984098,
		29.012781, 30.995371, 35.773952>
	pigment { color rgbt <0,1,1,0> }
	no_shadow
}
cylinder {
	<28.986948, 30.441406, 36.266651>,  <29.056013, 31.111950, 36.462822>, 0.130000
	pigment { color rgbt <1,0,0,0> }
	no_shadow
}

// nucleotide -1

// particle -1
sphere {
	<28.986948, 30.441406, 36.266651> 0.250000
	pigment { color rgbt <1,0,0,0> }
	no_shadow
}
cylinder {
	<29.147329, 30.587080, 35.930412>,  <29.243559, 30.674484, 35.728668>, 0.100000
	pigment { color rgbt <1,0,0,0> }
	no_shadow
}
cylinder {
	<29.147329, 30.587080, 35.930412>,  <28.986948, 30.441406, 36.266651>, 0.100000
	pigment { color rgbt <1,0,0,0> }
	no_shadow
}

// particle -1
sphere {
	<29.147329, 30.587080, 35.930412> 0.100000
	pigment { color rgbt <1,0,0,0> }
	no_shadow
}
sphere {
	0, 1
	scale<0.080000,0.200000,0.300000>
	matrix <0.497233, -0.857176, -0.134196,
		-0.769413, -0.364167, -0.524773,
		0.400953, 0.364187, -0.840598,
		29.267614, 30.696337, 35.678234>
	pigment { color rgbt <0,1,1,0> }
	no_shadow
}
cylinder {
	<28.710360, 30.016823, 35.626507>,  <28.986948, 30.441406, 36.266651>, 0.130000
	pigment { color rgbt <1,0,0,0> }
	no_shadow
}

// nucleotide -1

// particle -1
sphere {
	<28.710360, 30.016823, 35.626507> 0.250000
	pigment { color rgbt <1,0,0,0> }
	no_shadow
}
cylinder {
	<29.080492, 30.161140, 35.579884>,  <29.302572, 30.247730, 35.551910>, 0.100000
	pigment { color rgbt <1,0,0,0> }
	no_shadow
}
cylinder {
	<29.080492, 30.161140, 35.579884>,  <28.710360, 30.016823, 35.626507>, 0.100000
	pigment { color rgbt <1,0,0,0> }
	no_shadow
}

// particle -1
sphere {
	<29.080492, 30.161140, 35.579884> 0.100000
	pigment { color rgbt <1,0,0,0> }
	no_shadow
}
sphere {
	0, 1
	scale<0.080000,0.200000,0.300000>
	matrix <0.360730, -0.932402, -0.022396,
		-0.116762, -0.021323, -0.992931,
		0.925333, 0.360795, -0.116561,
		29.358091, 30.269379, 35.544914>
	pigment { color rgbt <0,1,1,0> }
	no_shadow
}
cylinder {
	<28.695547, 30.436760, 34.932880>,  <28.710360, 30.016823, 35.626507>, 0.130000
	pigment { color rgbt <1,0,0,0> }
	no_shadow
}

// nucleotide -1

// particle -1
sphere {
	<28.695547, 30.436760, 34.932880> 0.250000
	pigment { color rgbt <1,0,0,0> }
	no_shadow
}
cylinder {
	<28.742638, 30.524921, 35.320190>,  <28.770891, 30.577818, 35.552578>, 0.100000
	pigment { color rgbt <1,0,0,0> }
	no_shadow
}
cylinder {
	<28.742638, 30.524921, 35.320190>,  <28.695547, 30.436760, 34.932880>, 0.100000
	pigment { color rgbt <1,0,0,0> }
	no_shadow
}

// particle -1
sphere {
	<28.742638, 30.524921, 35.320190> 0.100000
	pigment { color rgbt <1,0,0,0> }
	no_shadow
}
sphere {
	0, 1
	scale<0.080000,0.200000,0.300000>
	matrix <-0.404743, 0.901044, -0.155892,
		-0.906821, -0.373551, 0.195284,
		0.117726, 0.220406, 0.968278,
		28.777956, 30.591043, 35.610672>
	pigment { color rgbt <0,1,1,0> }
	no_shadow
}
cylinder {
	<28.074673, 30.481470, 35.307362>,  <28.695547, 30.436760, 34.932880>, 0.130000
	pigment { color rgbt <1,0,0,0> }
	no_shadow
}

// nucleotide -1

// particle -1
sphere {
	<28.074673, 30.481470, 35.307362> 0.250000
	pigment { color rgbt <1,0,0,0> }
	no_shadow
}
cylinder {
	<28.298107, 30.739471, 35.515957>,  <28.432167, 30.894272, 35.641113>, 0.100000
	pigment { color rgbt <1,0,0,0> }
	no_shadow
}
cylinder {
	<28.298107, 30.739471, 35.515957>,  <28.074673, 30.481470, 35.307362>, 0.100000
	pigment { color rgbt <1,0,0,0> }
	no_shadow
}

// particle -1
sphere {
	<28.298107, 30.739471, 35.515957> 0.100000
	pigment { color rgbt <1,0,0,0> }
	no_shadow
}
sphere {
	0, 1
	scale<0.080000,0.200000,0.300000>
