// switches for output
#declare DRAW_BASES = 1; // possible values are 0, 1; only relevant for DNA ribbons
#declare DRAW_BASES_TYPE = 3; // possible values are 1, 2, 3; only relevant for DNA ribbons
#declare DRAW_FOG = 0; // set to 1 to enable fog

#include "colors.inc"

#include "transforms.inc"
background { rgb <1, 1, 1>}

#default {
   normal{
       ripples 0.25
       frequency 0.20
       turbulence 0.2
       lambda 5
   }
	finish {
		phong 0.1
		phong_size 40.
	}
}

// original window dimensions: 1024x640


// camera settings

camera {
	sky <0, 0.179814, -0.983701>
	up <0, 0.179814, -0.983701>
	right 1.6 * <1, 0, 0>
	location <35, 94.9851, 44.8844>
	look_at <35, 29.7336, 32.9568>
	direction <0, -65.2515, -11.9276>
	angle 67.0682
}


# declare cpy_camera_pos = <35, 94.9851, 44.8844>;
# if (DRAW_FOG = 1)
fog {
	fog_type 2
	up vnormalize(cpy_camera_pos)
	color rgbt<1,1,1,0.3>
	distance 1e-5
	fog_alt 3e-3
	fog_offset 56
}
# end


// LIGHTS

# declare lum = 6;
global_settings {
	ambient_light rgb lum * <0.05, 0.05, 0.05>
	max_trace_level 15
}# declare cpy_direct_light_amount = 0.25;
light_source
{	1000 * <-1, -1.16352, -0.803886>,
	rgb lum * cpy_direct_light_amount
	parallel
}

light_source
{	1000 * <1, 1.16352, 0.803886>,
	rgb lum * cpy_direct_light_amount
	parallel
}

// strand 0

// nucleotide -1

// particle -1
sphere {
	<24.649967, 34.745991, 35.266441> 0.250000
	pigment { color rgbt <1,0,0,0> }
	no_shadow
}
cylinder {
	<24.345467, 34.968018, 35.132336>,  <24.162767, 35.101234, 35.051872>, 0.100000
	pigment { color rgbt <1,0,0,0> }
	no_shadow
}
cylinder {
	<24.345467, 34.968018, 35.132336>,  <24.649967, 34.745991, 35.266441>, 0.100000
	pigment { color rgbt <1,0,0,0> }
	no_shadow
}

// particle -1
sphere {
	<24.345467, 34.968018, 35.132336> 0.100000
	pigment { color rgbt <1,0,0,0> }
	no_shadow
}
sphere {
	0, 1
	scale<0.080000,0.200000,0.300000>
	matrix <0.628660, 0.504936, -0.591461,
		-0.159012, -0.661017, -0.733330,
		-0.761250, 0.555064, -0.335263,
		24.117092, 35.134537, 35.031757>
	pigment { color rgbt <0,1,1,0> }
	no_shadow
}
cylinder {
	<24.540039, 34.689926, 34.513958>,  <24.649967, 34.745991, 35.266441>, 0.130000
	pigment { color rgbt <1,0,0,0> }
	no_shadow
}

// nucleotide -1

// particle -1
sphere {
	<24.540039, 34.689926, 34.513958> 0.250000
	pigment { color rgbt <1,0,0,0> }
	no_shadow
}
cylinder {
	<24.405384, 35.055260, 34.605610>,  <24.324591, 35.274460, 34.660603>, 0.100000
	pigment { color rgbt <1,0,0,0> }
	no_shadow
}
cylinder {
	<24.405384, 35.055260, 34.605610>,  <24.540039, 34.689926, 34.513958>, 0.100000
	pigment { color rgbt <1,0,0,0> }
	no_shadow
}

// particle -1
sphere {
	<24.405384, 35.055260, 34.605610> 0.100000
	pigment { color rgbt <1,0,0,0> }
	no_shadow
}
sphere {
	0, 1
	scale<0.080000,0.200000,0.300000>
	matrix <0.623790, 0.398583, -0.672323,
		-0.705381, -0.083401, -0.703905,
		-0.336637, 0.913332, 0.229128,
		24.304394, 35.329258, 34.674347>
	pigment { color rgbt <0,1,1,0> }
	no_shadow
}
cylinder {
	<24.225561, 35.150955, 33.901245>,  <24.540039, 34.689926, 34.513958>, 0.130000
	pigment { color rgbt <1,0,0,0> }
	no_shadow
}

// nucleotide -1

// particle -1
sphere {
	<24.225561, 35.150955, 33.901245> 0.250000
	pigment { color rgbt <1,0,0,0> }
	no_shadow
}
cylinder {
	<24.319120, 35.406418, 34.194477>,  <24.375256, 35.559696, 34.370415>, 0.100000
	pigment { color rgbt <1,0,0,0> }
	no_shadow
}
cylinder {
	<24.319120, 35.406418, 34.194477>,  <24.225561, 35.150955, 33.901245>, 0.100000
	pigment { color rgbt <1,0,0,0> }
	no_shadow
}

// particle -1
sphere {
	<24.319120, 35.406418, 34.194477> 0.100000
	pigment { color rgbt <1,0,0,0> }
	no_shadow
}
sphere {
	0, 1
	scale<0.080000,0.200000,0.300000>
	matrix <0.568151, 0.522079, -0.636112,
		-0.788984, 0.565286, -0.240740,
		0.233899, 0.638659, 0.733080,
		24.389290, 35.598015, 34.414402>
	pigment { color rgbt <0,1,1,0> }
	no_shadow
}
cylinder {
	<24.093971, 35.900932, 33.666054>,  <24.225561, 35.150955, 33.901245>, 0.130000
	pigment { color rgbt <1,0,0,0> }
	no_shadow
}

// nucleotide -1

// particle -1
sphere {
	<24.093971, 35.900932, 33.666054> 0.250000
	pigment { color rgbt <1,0,0,0> }
	no_shadow
}
cylinder {
	<24.348442, 35.937286, 33.972523>,  <24.501125, 35.959099, 34.156403>, 0.100000
	pigment { color rgbt <1,0,0,0> }
	no_shadow
}
cylinder {
	<24.348442, 35.937286, 33.972523>,  <24.093971, 35.900932, 33.666054>, 0.100000
	pigment { color rgbt <1,0,0,0> }
	no_shadow
}

// particle -1
sphere {
	<24.348442, 35.937286, 33.972523> 0.100000
	pigment { color rgbt <1,0,0,0> }
	no_shadow
}
sphere {
	0, 1
	scale<0.080000,0.200000,0.300000>
	matrix <0.615339, 0.539297, -0.574906,
		-0.465442, 0.837197, 0.287166,
		0.636177, 0.090881, 0.766172,
		24.539295, 35.964550, 34.202374>
	pigment { color rgbt <0,1,1,0> }
	no_shadow
}
cylinder {
	<24.195339, 36.626194, 33.777958>,  <24.093971, 35.900932, 33.666054>, 0.130000
	pigment { color rgbt <1,0,0,0> }
	no_shadow
}

// nucleotide -1

// particle -1
sphere {
	<24.195339, 36.626194, 33.777958> 0.250000
	pigment { color rgbt <1,0,0,0> }
	no_shadow
}
cylinder {
	<24.532444, 36.464401, 33.920029>,  <24.734707, 36.367325, 34.005272>, 0.100000
	pigment { color rgbt <1,0,0,0> }
	no_shadow
}
cylinder {
	<24.532444, 36.464401, 33.920029>,  <24.195339, 36.626194, 33.777958>, 0.100000
	pigment { color rgbt <1,0,0,0> }
	no_shadow
}

// particle -1
sphere {
	<24.532444, 36.464401, 33.920029> 0.100000
	pigment { color rgbt <1,0,0,0> }
	no_shadow
}
sphere {
	0, 1
	scale<0.080000,0.200000,0.300000>
	matrix <0.537395, 0.670147, -0.511967,
		-0.030939, 0.622335, 0.782139,
		0.842763, -0.404478, 0.355174,
		24.785273, 36.343060, 34.026581>
	pigment { color rgbt <0,1,1,0> }
	no_shadow
}
cylinder {
	<24.503538, 37.155972, 33.922230>,  <24.195339, 36.626194, 33.777958>, 0.130000
	pigment { color rgbt <1,0,0,0> }
	no_shadow
}

// nucleotide -1

// particle -1
sphere {
	<24.503538, 37.155972, 33.922230> 0.250000
	pigment { color rgbt <1,0,0,0> }
	no_shadow
}
cylinder {
	<24.764065, 36.856552, 33.872486>,  <24.920382, 36.676903, 33.842640>, 0.100000
	pigment { color rgbt <1,0,0,0> }
	no_shadow
}
cylinder {
	<24.764065, 36.856552, 33.872486>,  <24.503538, 37.155972, 33.922230>, 0.100000
	pigment { color rgbt <1,0,0,0> }
	no_shadow
}

// particle -1
sphere {
	<24.764065, 36.856552, 33.872486> 0.100000
	pigment { color rgbt <1,0,0,0> }
	no_shadow
}
sphere {
	0, 1
	scale<0.080000,0.200000,0.300000>
	matrix <0.588767, 0.601922, -0.539484,
		0.478684, 0.278156, 0.832761,
		0.651318, -0.748544, -0.124361,
		24.959461, 36.631989, 33.835178>
	pigment { color rgbt <0,1,1,0> }
	no_shadow
}
cylinder {
	<25.148329, 37.306519, 34.189774>,  <24.503538, 37.155972, 33.922230>, 0.130000
	pigment { color rgbt <1,0,0,0> }
	no_shadow
}

// nucleotide -1

// particle -1
sphere {
	<25.148329, 37.306519, 34.189774> 0.250000
	pigment { color rgbt <1,0,0,0> }
	no_shadow
}
cylinder {
	<25.217356, 37.085007, 33.863937>,  <25.258772, 36.952099, 33.668438>, 0.100000
	pigment { color rgbt <1,0,0,0> }
	no_shadow
}
cylinder {
	<25.217356, 37.085007, 33.863937>,  <25.148329, 37.306519, 34.189774>, 0.100000
	pigment { color rgbt <1,0,0,0> }
	no_shadow
}

// particle -1
sphere {
	<25.217356, 37.085007, 33.863937> 0.100000
	pigment { color rgbt <1,0,0,0> }
	no_shadow
}
sphere {
	0, 1
	scale<0.080000,0.200000,0.300000>
	matrix <0.553883, 0.738414, -0.384655,
		0.814515, -0.384807, 0.434152,
		0.172566, -0.553777, -0.814587,
		25.269125, 36.918873, 33.619560>
	pigment { color rgbt <0,1,1,0> }
	no_shadow
}
cylinder {
	<25.783558, 37.163940, 34.089897>,  <25.148329, 37.306519, 34.189774>, 0.130000
	pigment { color rgbt <1,0,0,0> }
	no_shadow
}

// nucleotide -1

// particle -1
sphere {
	<25.783558, 37.163940, 34.089897> 0.250000
	pigment { color rgbt <1,0,0,0> }
	no_shadow
}
cylinder {
	<25.639181, 37.123859, 33.719021>,  <25.552555, 37.099812, 33.496494>, 0.100000
	pigment { color rgbt <1,0,0,0> }
	no_shadow
}
cylinder {
	<25.639181, 37.123859, 33.719021>,  <25.783558, 37.163940, 34.089897>, 0.100000
	pigment { color rgbt <1,0,0,0> }
	no_shadow
}

// particle -1
sphere {
	<25.639181, 37.123859, 33.719021> 0.100000
	pigment { color rgbt <1,0,0,0> }
	no_shadow
}
sphere {
	0, 1
	scale<0.080000,0.200000,0.300000>
	matrix <0.606289, 0.730224, -0.314939,
		0.708613, -0.675820, -0.202817,
		-0.360944, -0.100205, -0.927189,
		25.530899, 37.093796, 33.440865>
	pigment { color rgbt <0,1,1,0> }
	no_shadow
}
cylinder {
	<26.380508, 37.292271, 33.637810>,  <25.783558, 37.163940, 34.089897>, 0.130000
	pigment { color rgbt <1,0,0,0> }
	no_shadow
}

// nucleotide -1

// particle -1
sphere {
	<26.380508, 37.292271, 33.637810> 0.250000
	pigment { color rgbt <1,0,0,0> }
	no_shadow
}
cylinder {
	<26.059950, 37.329624, 33.401489>,  <25.867615, 37.352036, 33.259697>, 0.100000
	pigment { color rgbt <1,0,0,0> }
	no_shadow
}
cylinder {
	<26.059950, 37.329624, 33.401489>,  <26.380508, 37.292271, 33.637810>, 0.100000
	pigment { color rgbt <1,0,0,0> }
	no_shadow
}

// particle -1
sphere {
	<26.059950, 37.329624, 33.401489> 0.100000
	pigment { color rgbt <1,0,0,0> }
	no_shadow
}
sphere {
	0, 1
	scale<0.080000,0.200000,0.300000>
	matrix <0.396219, 0.822825, -0.407392,
		0.448077, -0.560568, -0.696412,
		-0.801397, 0.093389, -0.590797,
		25.819530, 37.357639, 33.224251>
	pigment { color rgbt <0,1,1,0> }
	no_shadow
}
cylinder {
	<26.654579, 37.305759, 33.015144>,  <26.380508, 37.292271, 33.637810>, 0.130000
	pigment { color rgbt <1,0,0,0> }
	no_shadow
}

// nucleotide -1

// particle -1
sphere {
	<26.654579, 37.305759, 33.015144> 0.250000
	pigment { color rgbt <1,0,0,0> }
	no_shadow
}
cylinder {
	<26.300150, 37.487751, 32.979660>,  <26.087492, 37.596947, 32.958370>, 0.100000
	pigment { color rgbt <1,0,0,0> }
	no_shadow
}
cylinder {
	<26.300150, 37.487751, 32.979660>,  <26.654579, 37.305759, 33.015144>, 0.100000
	pigment { color rgbt <1,0,0,0> }
	no_shadow
}

// particle -1
sphere {
	<26.300150, 37.487751, 32.979660> 0.100000
	pigment { color rgbt <1,0,0,0> }
	no_shadow
}
sphere {
	0, 1
	scale<0.080000,0.200000,0.300000>
	matrix <0.444698, 0.780310, -0.439728,
		-0.130849, -0.429079, -0.893739,
		-0.886071, 0.454982, -0.088708,
		26.034328, 37.624245, 32.953049>
	pigment { color rgbt <0,1,1,0> }
	no_shadow
}
cylinder {
	<26.664291, 37.547340, 32.347008>,  <26.654579, 37.305759, 33.015144>, 0.130000
	pigment { color rgbt <1,0,0,0> }
	no_shadow
}

// nucleotide -1

// particle -1
sphere {
	<26.664291, 37.547340, 32.347008> 0.250000
	pigment { color rgbt <1,0,0,0> }
	no_shadow
}
cylinder {
	<26.401957, 37.764297, 32.557030>,  <26.244555, 37.894470, 32.683044>, 0.100000
	pigment { color rgbt <1,0,0,0> }
	no_shadow
}
cylinder {
	<26.401957, 37.764297, 32.557030>,  <26.664291, 37.547340, 32.347008>, 0.100000
	pigment { color rgbt <1,0,0,0> }
	no_shadow
}

// particle -1
sphere {
	<26.401957, 37.764297, 32.557030> 0.100000
	pigment { color rgbt <1,0,0,0> }
	no_shadow
}
sphere {
	0, 1
	scale<0.080000,0.200000,0.300000>
	matrix <0.523575, 0.827877, -0.201220,
		-0.543824, 0.142940, -0.826937,
		-0.655839, 0.542391, 0.525059,
		26.205204, 37.927013, 32.714546>
	pigment { color rgbt <0,1,1,0> }
	no_shadow
}
cylinder {
	<26.623049, 38.173649, 31.986141>,  <26.664291, 37.547340, 32.347008>, 0.130000
	pigment { color rgbt <1,0,0,0> }
	no_shadow
}

// nucleotide -1

// particle -1
sphere {
	<26.623049, 38.173649, 31.986141> 0.250000
	pigment { color rgbt <1,0,0,0> }
	no_shadow
}
cylinder {
	<26.514460, 38.227192, 32.367378>,  <26.449306, 38.259315, 32.596119>, 0.100000
	pigment { color rgbt <1,0,0,0> }
	no_shadow
}
cylinder {
	<26.514460, 38.227192, 32.367378>,  <26.623049, 38.173649, 31.986141>, 0.100000
	pigment { color rgbt <1,0,0,0> }
	no_shadow
}

// particle -1
sphere {
	<26.514460, 38.227192, 32.367378> 0.100000
	pigment { color rgbt <1,0,0,0> }
	no_shadow
}
sphere {
	0, 1
	scale<0.080000,0.200000,0.300000>
	matrix <0.399014, 0.916820, -0.015109,
		-0.875837, 0.376195, -0.302302,
		-0.271472, 0.133855, 0.953093,
		26.433018, 38.267349, 32.653305>
	pigment { color rgbt <0,1,1,0> }
	no_shadow
}
cylinder {
	<26.199316, 38.919579, 32.147331>,  <26.623049, 38.173649, 31.986141>, 0.130000
	pigment { color rgbt <1,0,0,0> }
	no_shadow
}

// nucleotide -1

// particle -1
sphere {
	<26.199316, 38.919579, 32.147331> 0.250000
	pigment { color rgbt <1,0,0,0> }
	no_shadow
}
cylinder {
	<26.436064, 38.749390, 32.421165>,  <26.578112, 38.647278, 32.585468>, 0.100000
	pigment { color rgbt <1,0,0,0> }
	no_shadow
}
cylinder {
	<26.436064, 38.749390, 32.421165>,  <26.199316, 38.919579, 32.147331>, 0.100000
	pigment { color rgbt <1,0,0,0> }
	no_shadow
}

// particle -1
sphere {
	<26.436064, 38.749390, 32.421165> 0.100000
	pigment { color rgbt <1,0,0,0> }
	no_shadow
}
sphere {
	0, 1
	scale<0.080000,0.200000,0.300000>
	matrix <0.604358, 0.796233, -0.027644,
		-0.533332, 0.430099, 0.728404,
		0.591869, -0.425473, 0.684590,
		26.613625, 38.621746, 32.626541>
	pigment { color rgbt <0,1,1,0> }
	no_shadow
}
cylinder {
	<26.439745, 39.496708, 32.726364>,  <26.199316, 38.919579, 32.147331>, 0.130000
	pigment { color rgbt <1,0,0,0> }
	no_shadow
}

// nucleotide -1

// particle -1
sphere {
	<26.439745, 39.496708, 32.726364> 0.250000
	pigment { color rgbt <1,0,0,0> }
	no_shadow
}
cylinder {
	<26.680023, 39.186462, 32.648823>,  <26.824190, 39.000313, 32.602299>, 0.100000
	pigment { color rgbt <1,0,0,0> }
	no_shadow
}
cylinder {
	<26.680023, 39.186462, 32.648823>,  <26.439745, 39.496708, 32.726364>, 0.100000
	pigment { color rgbt <1,0,0,0> }
	no_shadow
}

// particle -1
sphere {
	<26.680023, 39.186462, 32.648823> 0.100000
	pigment { color rgbt <1,0,0,0> }
	no_shadow
}
sphere {
	0, 1
	scale<0.080000,0.200000,0.300000>
	matrix <0.785479, 0.617742, -0.037639,
		0.148946, -0.129660, 0.980308,
		0.600697, -0.775618, -0.193856,
		26.860233, 38.953777, 32.590668>
	pigment { color rgbt <0,1,1,0> }
	no_shadow
}
cylinder {
	<26.586809, 38.912796, 33.296955>,  <26.439745, 39.496708, 32.726364>, 0.130000
	pigment { color rgbt <1,0,0,0> }
	no_shadow
}

// nucleotide -1

// particle -1
sphere {
	<26.586809, 38.912796, 33.296955> 0.250000
	pigment { color rgbt <1,0,0,0> }
	no_shadow
}
cylinder {
	<26.342173, 38.898262, 32.980820>,  <26.195391, 38.889542, 32.791138>, 0.100000
	pigment { color rgbt <1,0,0,0> }
	no_shadow
}
cylinder {
	<26.342173, 38.898262, 32.980820>,  <26.586809, 38.912796, 33.296955>, 0.100000
	pigment { color rgbt <1,0,0,0> }
	no_shadow
}

// particle -1
sphere {
	<26.342173, 38.898262, 32.980820> 0.100000
	pigment { color rgbt <1,0,0,0> }
	no_shadow
}
sphere {
	0, 1
	scale<0.080000,0.200000,0.300000>
	matrix <-0.555548, -0.691520, 0.461699,
		-0.563312, 0.721442, 0.402741,
		-0.611593, -0.036338, -0.790338,
		26.158695, 38.887360, 32.743717>
	pigment { color rgbt <0,1,1,0> }
	no_shadow
}
cylinder {
	<25.893648, 38.835129, 33.614521>,  <26.586809, 38.912796, 33.296955>, 0.130000
	pigment { color rgbt <1,0,0,0> }
	no_shadow
}

// nucleotide -1

// particle -1
sphere {
	<25.893648, 38.835129, 33.614521> 0.250000
	pigment { color rgbt <1,0,0,0> }
	no_shadow
}
cylinder {
	<25.923531, 38.702938, 33.238178>,  <25.941460, 38.623623, 33.012375>, 0.100000
	pigment { color rgbt <1,0,0,0> }
	no_shadow
}
cylinder {
	<25.923531, 38.702938, 33.238178>,  <25.893648, 38.835129, 33.614521>, 0.100000
	pigment { color rgbt <1,0,0,0> }
	no_shadow
}

// particle -1
sphere {
	<25.923531, 38.702938, 33.238178> 0.100000
	pigment { color rgbt <1,0,0,0> }
	no_shadow
}
sphere {
	0, 1
	scale<0.080000,0.200000,0.300000>
	matrix <-0.473039, -0.842324, 0.258308,
		-0.877868, 0.425764, -0.219255,
		0.074706, -0.330476, -0.940853,
		25.945942, 38.603794, 32.955921>
	pigment { color rgbt <0,1,1,0> }
	no_shadow
}
cylinder {
	<25.266172, 38.603809, 33.341526>,  <25.893648, 38.835129, 33.614521>, 0.130000
	pigment { color rgbt <1,0,0,0> }
	no_shadow
}

// nucleotide -1

// particle -1
sphere {
	<25.266172, 38.603809, 33.341526> 0.250000
	pigment { color rgbt <1,0,0,0> }
	no_shadow
}
cylinder {
	<25.534157, 38.397488, 33.127949>,  <25.694948, 38.273693, 32.999802>, 0.100000
	pigment { color rgbt <1,0,0,0> }
	no_shadow
}
cylinder {
	<25.534157, 38.397488, 33.127949>,  <25.266172, 38.603809, 33.341526>, 0.100000
	pigment { color rgbt <1,0,0,0> }
	no_shadow
}

// particle -1
sphere {
	<25.534157, 38.397488, 33.127949> 0.100000
	pigment { color rgbt <1,0,0,0> }
	no_shadow
}
sphere {
	0, 1
	scale<0.080000,0.200000,0.300000>
	matrix <-0.471110, -0.851235, 0.231203,
		-0.573764, 0.096647, -0.813298,
		0.669963, -0.515809, -0.533939,
		25.735146, 38.242744, 32.967766>
	pigment { color rgbt <0,1,1,0> }
	no_shadow
}
cylinder {
	<24.840607, 38.191910, 32.935345>,  <25.266172, 38.603809, 33.341526>, 0.130000
	pigment { color rgbt <1,0,0,0> }
	no_shadow
}

// nucleotide -1

// particle -1
sphere {
	<24.840607, 38.191910, 32.935345> 0.250000
	pigment { color rgbt <1,0,0,0> }
	no_shadow
}
cylinder {
	<25.203478, 38.023617, 32.933983>,  <25.421200, 37.922642, 32.933167>, 0.100000
	pigment { color rgbt <1,0,0,0> }
	no_shadow
}
cylinder {
	<25.203478, 38.023617, 32.933983>,  <24.840607, 38.191910, 32.935345>, 0.100000
	pigment { color rgbt <1,0,0,0> }
	no_shadow
}

// particle -1
sphere {
	<25.203478, 38.023617, 32.933983> 0.100000
	pigment { color rgbt <1,0,0,0> }
	no_shadow
}
sphere {
	0, 1
	scale<0.080000,0.200000,0.300000>
	matrix <-0.418677, -0.903486, 0.091773,
		-0.041687, -0.081830, -0.995774,
		0.907178, -0.420734, -0.003403,
		25.475632, 37.897396, 32.932961>
	pigment { color rgbt <0,1,1,0> }
	no_shadow
}
cylinder {
	<24.768324, 37.540005, 32.488659>,  <24.840607, 38.191910, 32.935345>, 0.130000
	pigment { color rgbt <1,0,0,0> }
	no_shadow
}

// nucleotide -1

// particle -1
sphere {
	<24.768324, 37.540005, 32.488659> 0.250000
	pigment { color rgbt <1,0,0,0> }
	no_shadow
}
cylinder {
	<25.101192, 37.479748, 32.702126>,  <25.300913, 37.443596, 32.830204>, 0.100000
	pigment { color rgbt <1,0,0,0> }
	no_shadow
}
cylinder {
	<25.101192, 37.479748, 32.702126>,  <24.768324, 37.540005, 32.488659>, 0.100000
	pigment { color rgbt <1,0,0,0> }
	no_shadow
}

// particle -1
sphere {
	<25.101192, 37.479748, 32.702126> 0.100000
	pigment { color rgbt <1,0,0,0> }
	no_shadow
}
sphere {
	0, 1
	scale<0.080000,0.200000,0.300000>
	matrix <-0.238236, -0.966171, 0.098773,
		0.500733, -0.209334, -0.839908,
		0.832172, -0.150638, 0.533665,
		25.350843, 37.434555, 32.862225>
	pigment { color rgbt <0,1,1,0> }
	no_shadow
}
cylinder {
	<25.160133, 36.990543, 32.236496>,  <24.768324, 37.540005, 32.488659>, 0.130000
	pigment { color rgbt <1,0,0,0> }
	no_shadow
}

// nucleotide -1

// particle -1
sphere {
	<25.160133, 36.990543, 32.236496> 0.250000
	pigment { color rgbt <1,0,0,0> }
	no_shadow
}
cylinder {
	<25.240717, 37.017834, 32.627342>,  <25.289066, 37.034206, 32.861851>, 0.100000
	pigment { color rgbt <1,0,0,0> }
	no_shadow
}
cylinder {
	<25.240717, 37.017834, 32.627342>,  <25.160133, 36.990543, 32.236496>, 0.100000
	pigment { color rgbt <1,0,0,0> }
	no_shadow
}

// particle -1
sphere {
	<25.240717, 37.017834, 32.627342> 0.100000
	pigment { color rgbt <1,0,0,0> }
	no_shadow
}
sphere {
	0, 1
	scale<0.080000,0.200000,0.300000>
	matrix <-0.305719, -0.943357, 0.128896,
		0.930565, -0.324691, -0.169189,
		0.201457, 0.068222, 0.977119,
		25.301153, 37.038300, 32.920479>
	pigment { color rgbt <0,1,1,0> }
	no_shadow
}
cylinder {
	<25.378050, 36.275085, 32.474503>,  <25.160133, 36.990543, 32.236496>, 0.130000
	pigment { color rgbt <1,0,0,0> }
	no_shadow
}

// nucleotide -1

// particle -1
sphere {
	<25.378050, 36.275085, 32.474503> 0.250000
	pigment { color rgbt <1,0,0,0> }
	no_shadow
}
cylinder {
	<25.293798, 36.467796, 32.814743>,  <25.243248, 36.583424, 33.018887>, 0.100000
	pigment { color rgbt <1,0,0,0> }
	no_shadow
}
cylinder {
	<25.293798, 36.467796, 32.814743>,  <25.378050, 36.275085, 32.474503>, 0.100000
	pigment { color rgbt <1,0,0,0> }
	no_shadow
}

// particle -1
sphere {
	<25.293798, 36.467796, 32.814743> 0.100000
	pigment { color rgbt <1,0,0,0> }
	no_shadow
}
sphere {
	0, 1
	scale<0.080000,0.200000,0.300000>
	matrix <-0.387551, -0.839978, 0.379792,
		0.897463, -0.249657, 0.363638,
		-0.210630, 0.481777, 0.850603,
		25.230610, 36.612328, 33.069923>
	pigment { color rgbt <0,1,1,0> }
	no_shadow
}
cylinder {
	<25.928726, 36.078571, 33.024593>,  <25.378050, 36.275085, 32.474503>, 0.130000
	pigment { color rgbt <1,0,0,0> }
	no_shadow
}

// nucleotide -1

// particle -1
sphere {
	<25.928726, 36.078571, 33.024593> 0.250000
	pigment { color rgbt <1,0,0,0> }
	no_shadow
}
cylinder {
	<25.544762, 36.148407, 33.112312>,  <25.314383, 36.190308, 33.164944>, 0.100000
	pigment { color rgbt <1,0,0,0> }
	no_shadow
}
cylinder {
	<25.544762, 36.148407, 33.112312>,  <25.928726, 36.078571, 33.024593>, 0.100000
	pigment { color rgbt <1,0,0,0> }
	no_shadow
}

// particle -1
sphere {
	<25.544762, 36.148407, 33.112312> 0.100000
	pigment { color rgbt <1,0,0,0> }
	no_shadow
}
sphere {
	0, 1
	scale<0.080000,0.200000,0.300000>
	matrix <-0.096123, -0.939926, 0.327566,
		0.263315, 0.293353, 0.919026,
		-0.959909, 0.174593, 0.219299,
		25.256788, 36.200787, 33.178101>
	pigment { color rgbt <0,1,1,0> }
	no_shadow
}
cylinder {
	<25.759193, 35.876526, 33.659348>,  <25.928726, 36.078571, 33.024593>, 0.130000
	pigment { color rgbt <1,0,0,0> }
	no_shadow
}

// nucleotide -1

// particle -1
sphere {
	<25.759193, 35.876526, 33.659348> 0.250000
	pigment { color rgbt <1,0,0,0> }
	no_shadow
}
cylinder {
	<25.404779, 35.873257, 33.473927>,  <25.192131, 35.871296, 33.362675>, 0.100000
	pigment { color rgbt <1,0,0,0> }
	no_shadow
}
cylinder {
	<25.404779, 35.873257, 33.473927>,  <25.759193, 35.876526, 33.659348>, 0.100000
	pigment { color rgbt <1,0,0,0> }
	no_shadow
}

// particle -1
sphere {
	<25.404779, 35.873257, 33.473927> 0.100000
	pigment { color rgbt <1,0,0,0> }
	no_shadow
}
sphere {
	0, 1
	scale<0.080000,0.200000,0.300000>
	matrix <-0.117410, -0.963295, 0.241406,
		-0.448510, 0.268319, 0.852551,
		-0.886033, -0.008175, -0.463550,
		25.138969, 35.870804, 33.334862>
	pigment { color rgbt <0,1,1,0> }
	no_shadow
}
cylinder {
	<25.317131, 35.545155, 34.008801>,  <25.759193, 35.876526, 33.659348>, 0.130000
	pigment { color rgbt <1,0,0,0> }
	no_shadow
}

// nucleotide -1

// particle -1
sphere {
	<25.317131, 35.545155, 34.008801> 0.250000
	pigment { color rgbt <1,0,0,0> }
	no_shadow
}
cylinder {
	<25.198936, 35.472919, 33.633553>,  <25.128019, 35.429581, 33.408401>, 0.100000
	pigment { color rgbt <1,0,0,0> }
	no_shadow
}
cylinder {
	<25.198936, 35.472919, 33.633553>,  <25.317131, 35.545155, 34.008801>, 0.100000
	pigment { color rgbt <1,0,0,0> }
	no_shadow
}

// particle -1
sphere {
	<25.198936, 35.472919, 33.633553> 0.100000
	pigment { color rgbt <1,0,0,0> }
	no_shadow
}
sphere {
	0, 1
	scale<0.080000,0.200000,0.300000>
	matrix <-0.054215, -0.977220, 0.205186,
		-0.953807, 0.111490, 0.278965,
		-0.295486, -0.180583, -0.938125,
		25.110291, 35.418743, 33.352116>
	pigment { color rgbt <0,1,1,0> }
	no_shadow
}
cylinder {
	<25.707876, 35.750854, 34.680977>,  <25.317131, 35.545155, 34.008801>, 0.130000
	pigment { color rgbt <1,0,0,0> }
	no_shadow
}

// nucleotide -1

// particle -1
sphere {
	<25.707876, 35.750854, 34.680977> 0.250000
	pigment { color rgbt <1,0,0,0> }
	no_shadow
}
cylinder {
	<25.427338, 35.961658, 34.488987>,  <25.259014, 36.088142, 34.373795>, 0.100000
	pigment { color rgbt <1,0,0,0> }
	no_shadow
}
cylinder {
	<25.427338, 35.961658, 34.488987>,  <25.707876, 35.750854, 34.680977>, 0.100000
	pigment { color rgbt <1,0,0,0> }
	no_shadow
}

// particle -1
sphere {
	<25.427338, 35.961658, 34.488987> 0.100000
	pigment { color rgbt <1,0,0,0> }
	no_shadow
}
sphere {
	0, 1
	scale<0.080000,0.200000,0.300000>
	matrix <-0.673200, -0.268342, 0.689053,
		0.234343, 0.806381, 0.542985,
		-0.701345, 0.527012, -0.479972,
		25.216934, 36.119762, 34.344994>
	pigment { color rgbt <0,1,1,0> }
	no_shadow
}
cylinder {
	<25.338474, 36.045204, 35.254272>,  <25.707876, 35.750854, 34.680977>, 0.130000
	pigment { color rgbt <1,0,0,0> }
	no_shadow
}

// nucleotide -1

// particle -1
sphere {
	<25.338474, 36.045204, 35.254272> 0.250000
	pigment { color rgbt <1,0,0,0> }
	no_shadow
}
cylinder {
	<25.102844, 36.025265, 34.931656>,  <24.961466, 36.013302, 34.738087>, 0.100000
	pigment { color rgbt <1,0,0,0> }
	no_shadow
}
cylinder {
	<25.102844, 36.025265, 34.931656>,  <25.338474, 36.045204, 35.254272>, 0.100000
	pigment { color rgbt <1,0,0,0> }
	no_shadow
}

// particle -1
sphere {
	<25.102844, 36.025265, 34.931656> 0.100000
	pigment { color rgbt <1,0,0,0> }
	no_shadow
}
sphere {
	0, 1
	scale<0.080000,0.200000,0.300000>
	matrix <-0.777790, -0.235723, 0.582646,
		-0.219162, 0.970541, 0.100090,
		-0.589076, -0.049845, -0.806539,
		24.926121, 36.010311, 34.689693>
	pigment { color rgbt <0,1,1,0> }
	no_shadow
}
cylinder {
	<24.679089, 36.485214, 35.338535>,  <25.338474, 36.045204, 35.254272>, 0.130000
	pigment { color rgbt <1,0,0,0> }
	no_shadow
}

// nucleotide -1

// particle -1
sphere {
	<24.679089, 36.485214, 35.338535> 0.250000
	pigment { color rgbt <1,0,0,0> }
	no_shadow
}
cylinder {
	<24.609150, 36.197006, 35.070126>,  <24.567186, 36.024082, 34.909081>, 0.100000
	pigment { color rgbt <1,0,0,0> }
	no_shadow
}
cylinder {
	<24.609150, 36.197006, 35.070126>,  <24.679089, 36.485214, 35.338535>, 0.100000
	pigment { color rgbt <1,0,0,0> }
	no_shadow
}

// particle -1
sphere {
	<24.609150, 36.197006, 35.070126> 0.100000
	pigment { color rgbt <1,0,0,0> }
	no_shadow
}
sphere {
	0, 1
	scale<0.080000,0.200000,0.300000>
	matrix <-0.704529, -0.384527, 0.596472,
		-0.687799, 0.577047, -0.440396,
		-0.174848, -0.720524, -0.671023,
		24.556696, 35.980850, 34.868820>
	pigment { color rgbt <0,1,1,0> }
	no_shadow
}
cylinder {
	<25.322945, 36.660027, 34.848423>,  <24.679089, 36.485214, 35.338535>, 0.130000
	pigment { color rgbt <1,0,0,0> }
	no_shadow
}

// nucleotide -1

// particle -1
sphere {
	<25.322945, 36.660027, 34.848423> 0.250000
	pigment { color rgbt <1,0,0,0> }
	no_shadow
}
cylinder {
	<25.694616, 36.645317, 34.701305>,  <25.917620, 36.636490, 34.613033>, 0.100000
	pigment { color rgbt <1,0,0,0> }
	no_shadow
}
cylinder {
	<25.694616, 36.645317, 34.701305>,  <25.322945, 36.660027, 34.848423>, 0.100000
	pigment { color rgbt <1,0,0,0> }
	no_shadow
}

// particle -1
sphere {
	<25.694616, 36.645317, 34.701305> 0.100000
	pigment { color rgbt <1,0,0,0> }
	no_shadow
}
sphere {
	0, 1
	scale<0.080000,0.200000,0.300000>
	matrix <0.178711, 0.915706, 0.359925,
		0.323556, -0.400164, 0.857427,
		0.929179, -0.036776, -0.367796,
		25.973370, 36.634285, 34.590965>
	pigment { color rgbt <0,1,1,0> }
	no_shadow
}
cylinder {
	<25.736118, 36.930435, 35.370037>,  <25.322945, 36.660027, 34.848423>, 0.130000
	pigment { color rgbt <1,0,0,0> }
	no_shadow
}

// nucleotide -1

// particle -1
sphere {
	<25.736118, 36.930435, 35.370037> 0.250000
	pigment { color rgbt <1,0,0,0> }
	no_shadow
}
cylinder {
	<25.897459, 36.967224, 35.005871>,  <25.994263, 36.989296, 34.787373>, 0.100000
	pigment { color rgbt <1,0,0,0> }
	no_shadow
}
cylinder {
	<25.897459, 36.967224, 35.005871>,  <25.736118, 36.930435, 35.370037>, 0.100000
	pigment { color rgbt <1,0,0,0> }
	no_shadow
}

// particle -1
sphere {
	<25.897459, 36.967224, 35.005871> 0.100000
	pigment { color rgbt <1,0,0,0> }
	no_shadow
}
sphere {
	0, 1
	scale<0.080000,0.200000,0.300000>
	matrix <0.348120, 0.904699, 0.245627,
		0.846238, -0.416007, 0.332896,
		0.403353, 0.091971, -0.910411,
		26.018465, 36.994816, 34.732746>
	pigment { color rgbt <0,1,1,0> }
	no_shadow
}
cylinder {
	<26.534214, 37.019329, 35.255222>,  <25.736118, 36.930435, 35.370037>, 0.130000
	pigment { color rgbt <1,0,0,0> }
	no_shadow
}

// nucleotide -1

// particle -1
sphere {
	<26.534214, 37.019329, 35.255222> 0.250000
	pigment { color rgbt <1,0,0,0> }
	no_shadow
}
cylinder {
	<26.321316, 37.201229, 34.969589>,  <26.193577, 37.310371, 34.798210>, 0.100000
	pigment { color rgbt <1,0,0,0> }
	no_shadow
}
cylinder {
	<26.321316, 37.201229, 34.969589>,  <26.534214, 37.019329, 35.255222>, 0.100000
	pigment { color rgbt <1,0,0,0> }
	no_shadow
}

// particle -1
sphere {
	<26.321316, 37.201229, 34.969589> 0.100000
	pigment { color rgbt <1,0,0,0> }
	no_shadow
}
sphere {
	0, 1
	scale<0.080000,0.200000,0.300000>
	matrix <0.466787, 0.861319, 0.200599,
		0.706276, -0.226557, -0.670705,
		-0.532244, 0.454755, -0.714083,
		26.161642, 37.337654, 34.755363>
	pigment { color rgbt <0,1,1,0> }
	no_shadow
}
cylinder {
	<27.036770, 37.353924, 34.878941>,  <26.534214, 37.019329, 35.255222>, 0.130000
	pigment { color rgbt <1,0,0,0> }
	no_shadow
}

// nucleotide -1

// particle -1
sphere {
	<27.036770, 37.353924, 34.878941> 0.250000
	pigment { color rgbt <1,0,0,0> }
	no_shadow
}
cylinder {
	<26.681837, 37.535889, 34.848751>,  <26.468878, 37.645069, 34.830639>, 0.100000
	pigment { color rgbt <1,0,0,0> }
	no_shadow
}
cylinder {
	<26.681837, 37.535889, 34.848751>,  <27.036770, 37.353924, 34.878941>, 0.100000
	pigment { color rgbt <1,0,0,0> }
	no_shadow
}

// particle -1
sphere {
	<26.681837, 37.535889, 34.848751> 0.100000
	pigment { color rgbt <1,0,0,0> }
	no_shadow
}
sphere {
	0, 1
	scale<0.080000,0.200000,0.300000>
	matrix <0.404422, 0.846347, 0.346611,
		0.221556, 0.277035, -0.934968,
		-0.887330, 0.454915, -0.075474,
		26.415638, 37.672363, 34.826107>
	pigment { color rgbt <0,1,1,0> }
	no_shadow
}
cylinder {
	<27.398058, 37.317326, 35.573658>,  <27.036770, 37.353924, 34.878941>, 0.130000
	pigment { color rgbt <1,0,0,0> }
	no_shadow
}

// nucleotide -1

// particle -1
sphere {
	<27.398058, 37.317326, 35.573658> 0.250000
	pigment { color rgbt <1,0,0,0> }
	no_shadow
}
cylinder {
	<27.795376, 37.309799, 35.619282>,  <28.033768, 37.305283, 35.646656>, 0.100000
	pigment { color rgbt <1,0,0,0> }
	no_shadow
}
cylinder {
	<27.795376, 37.309799, 35.619282>,  <27.398058, 37.317326, 35.573658>, 0.100000
	pigment { color rgbt <1,0,0,0> }
	no_shadow
}

// particle -1
sphere {
	<27.795376, 37.309799, 35.619282> 0.100000
	pigment { color rgbt <1,0,0,0> }
	no_shadow
}
sphere {
	0, 1
	scale<0.080000,0.200000,0.300000>
	matrix <-0.068987, -0.888214, 0.454221,
		0.092763, -0.459045, -0.883557,
		0.993295, -0.018819, 0.114061,
		28.093365, 37.304153, 35.653500>
	pigment { color rgbt <0,1,1,0> }
	no_shadow
}
cylinder {
	<27.478878, 36.691631, 35.305065>,  <27.398058, 37.317326, 35.573658>, 0.130000
	pigment { color rgbt <1,0,0,0> }
	no_shadow
}

// nucleotide -1

// particle -1
sphere {
	<27.478878, 36.691631, 35.305065> 0.250000
	pigment { color rgbt <1,0,0,0> }
	no_shadow
}
cylinder {
	<27.859207, 36.712906, 35.427120>,  <28.087404, 36.725670, 35.500355>, 0.100000
	pigment { color rgbt <1,0,0,0> }
	no_shadow
}
cylinder {
	<27.859207, 36.712906, 35.427120>,  <27.478878, 36.691631, 35.305065>, 0.100000
	pigment { color rgbt <1,0,0,0> }
	no_shadow
}

// particle -1
sphere {
	<27.859207, 36.712906, 35.427120> 0.100000
	pigment { color rgbt <1,0,0,0> }
	no_shadow
}
sphere {
	0, 1
	scale<0.080000,0.200000,0.300000>
	matrix <0.022397, -0.994373, 0.103540,
		0.308929, -0.091614, -0.946663,
		0.950822, 0.053189, 0.305139,
		28.144453, 36.728863, 35.518661>
	pigment { color rgbt <0,1,1,0> }
	no_shadow
}
cylinder {
	<27.887999, 36.151348, 35.024441>,  <27.478878, 36.691631, 35.305065>, 0.130000
	pigment { color rgbt <1,0,0,0> }
	no_shadow
}

// nucleotide -1

// particle -1
sphere {
	<27.887999, 36.151348, 35.024441> 0.250000
	pigment { color rgbt <1,0,0,0> }
	no_shadow
}
cylinder {
	<28.139015, 36.240566, 35.322819>,  <28.289625, 36.294098, 35.501846>, 0.100000
	pigment { color rgbt <1,0,0,0> }
	no_shadow
}
cylinder {
	<28.139015, 36.240566, 35.322819>,  <27.887999, 36.151348, 35.024441>, 0.100000
	pigment { color rgbt <1,0,0,0> }
	no_shadow
}

// particle -1
sphere {
	<28.139015, 36.240566, 35.322819> 0.100000
	pigment { color rgbt <1,0,0,0> }
	no_shadow
}
sphere {
	0, 1
	scale<0.080000,0.200000,0.300000>
	matrix <0.149949, -0.974774, 0.165319,
		0.764006, 0.008109, -0.645158,
		0.627543, 0.223046, 0.745950,
		28.327278, 36.307480, 35.546604>
	pigment { color rgbt <0,1,1,0> }
	no_shadow
}
cylinder {
	<28.548828, 35.868042, 34.808990>,  <27.887999, 36.151348, 35.024441>, 0.130000
	pigment { color rgbt <1,0,0,0> }
	no_shadow
}

// nucleotide -1

// particle -1
sphere {
	<28.548828, 35.868042, 34.808990> 0.250000
	pigment { color rgbt <1,0,0,0> }
	no_shadow
}
cylinder {
	<28.497341, 35.892136, 35.204929>,  <28.466450, 35.906590, 35.442493>, 0.100000
	pigment { color rgbt <1,0,0,0> }
	no_shadow
}
cylinder {
	<28.497341, 35.892136, 35.204929>,  <28.548828, 35.868042, 34.808990>, 0.100000
	pigment { color rgbt <1,0,0,0> }
	no_shadow
}

// particle -1
sphere {
	<28.497341, 35.892136, 35.204929> 0.100000
	pigment { color rgbt <1,0,0,0> }
	no_shadow
}
sphere {
	0, 1
	scale<0.080000,0.200000,0.300000>
	matrix <0.004385, -0.998110, 0.061304,
		0.991672, 0.012232, 0.128210,
		-0.128718, 0.060231, 0.989851,
		28.458725, 35.910206, 35.501884>
	pigment { color rgbt <0,1,1,0> }
	no_shadow
}
cylinder {
	<29.160885, 35.630260, 35.227554>,  <28.548828, 35.868042, 34.808990>, 0.130000
	pigment { color rgbt <1,0,0,0> }
	no_shadow
}

// nucleotide -1

// particle -1
sphere {
	<29.160885, 35.630260, 35.227554> 0.250000
	pigment { color rgbt <1,0,0,0> }
	no_shadow
}
cylinder {
	<28.797321, 35.565304, 35.381187>,  <28.579184, 35.526329, 35.473366>, 0.100000
	pigment { color rgbt <1,0,0,0> }
	no_shadow
}
cylinder {
	<28.797321, 35.565304, 35.381187>,  <29.160885, 35.630260, 35.227554>, 0.100000
	pigment { color rgbt <1,0,0,0> }
	no_shadow
}

// particle -1
sphere {
	<28.797321, 35.565304, 35.381187> 0.100000
	pigment { color rgbt <1,0,0,0> }
	no_shadow
}
sphere {
	0, 1
	scale<0.080000,0.200000,0.300000>
	matrix <0.178215, -0.983975, 0.005714,
		0.376996, 0.073642, 0.923283,
		-0.908908, -0.162389, 0.384079,
		28.524649, 35.516586, 35.496410>
	pigment { color rgbt <0,1,1,0> }
	no_shadow
}
cylinder {
	<29.735186, 35.432968, 35.603191>,  <29.160885, 35.630260, 35.227554>, 0.130000
	pigment { color rgbt <1,0,0,0> }
	no_shadow
}

// nucleotide -1

// particle -1
sphere {
	<29.735186, 35.432968, 35.603191> 0.250000
	pigment { color rgbt <1,0,0,0> }
	no_shadow
}
cylinder {
	<29.380470, 35.533535, 35.758316>,  <29.167641, 35.593876, 35.851391>, 0.100000
	pigment { color rgbt <1,0,0,0> }
	no_shadow
}
cylinder {
	<29.380470, 35.533535, 35.758316>,  <29.735186, 35.432968, 35.603191>, 0.100000
	pigment { color rgbt <1,0,0,0> }
	no_shadow
}

// particle -1
sphere {
	<29.380470, 35.533535, 35.758316> 0.100000
	pigment { color rgbt <1,0,0,0> }
	no_shadow
}
sphere {
	0, 1
	scale<0.080000,0.200000,0.300000>
	matrix <-0.165267, -0.956115, 0.241932,
		0.431618, 0.150450, 0.889421,
		-0.886788, 0.251414, 0.387813,
		29.114433, 35.608959, 35.874660>
	pigment { color rgbt <0,1,1,0> }
	no_shadow
}
cylinder {
	<29.656290, 34.983433, 36.229401>,  <29.735186, 35.432968, 35.603191>, 0.130000
	pigment { color rgbt <1,0,0,0> }
	no_shadow
}

// nucleotide -1

// particle -1
sphere {
	<29.656290, 34.983433, 36.229401> 0.250000
	pigment { color rgbt <1,0,0,0> }
	no_shadow
}
cylinder {
	<29.288738, 35.105545, 36.129429>,  <29.068207, 35.178810, 36.069447>, 0.100000
	pigment { color rgbt <1,0,0,0> }
	no_shadow
}
cylinder {
	<29.288738, 35.105545, 36.129429>,  <29.656290, 34.983433, 36.229401>, 0.100000
	pigment { color rgbt <1,0,0,0> }
	no_shadow
}

// particle -1
sphere {
	<29.288738, 35.105545, 36.129429> 0.100000
	pigment { color rgbt <1,0,0,0> }
	no_shadow
}
sphere {
	0, 1
	scale<0.080000,0.200000,0.300000>
	matrix <-0.348964, -0.924422, 0.153846,
		-0.184072, 0.228582, 0.955965,
		-0.918881, 0.305279, -0.249927,
		29.013075, 35.197128, 36.054451>
	pigment { color rgbt <0,1,1,0> }
	no_shadow
}
cylinder {
	<29.135464, 34.809368, 36.790249>,  <29.656290, 34.983433, 36.229401>, 0.130000
	pigment { color rgbt <1,0,0,0> }
	no_shadow
}

// nucleotide -1

// particle -1
sphere {
	<29.135464, 34.809368, 36.790249> 0.250000
	pigment { color rgbt <1,0,0,0> }
	no_shadow
}
cylinder {
	<28.986958, 34.824810, 36.419159>,  <28.897854, 34.834076, 36.196507>, 0.100000
	pigment { color rgbt <1,0,0,0> }
	no_shadow
}
cylinder {
	<28.986958, 34.824810, 36.419159>,  <29.135464, 34.809368, 36.790249>, 0.100000
	pigment { color rgbt <1,0,0,0> }
	no_shadow
}

// particle -1
sphere {
	<28.986958, 34.824810, 36.419159> 0.100000
	pigment { color rgbt <1,0,0,0> }
	no_shadow
}
sphere {
	0, 1
	scale<0.080000,0.200000,0.300000>
	matrix <-0.217398, -0.974978, 0.046431,
		-0.902717, 0.218923, 0.370370,
		-0.371267, 0.038604, -0.927723,
		28.875578, 34.836391, 36.140842>
	pigment { color rgbt <0,1,1,0> }
	no_shadow
}
cylinder {
	<28.685225, 34.203957, 36.601669>,  <29.135464, 34.809368, 36.790249>, 0.130000
	pigment { color rgbt <1,0,0,0> }
	no_shadow
}

// nucleotide -1

// particle -1
sphere {
	<28.685225, 34.203957, 36.601669> 0.250000
	pigment { color rgbt <1,0,0,0> }
	no_shadow
}
cylinder {
	<28.434069, 34.300396, 36.897675>,  <28.283375, 34.358261, 37.075279>, 0.100000
	pigment { color rgbt <1,0,0,0> }
	no_shadow
}
cylinder {
	<28.434069, 34.300396, 36.897675>,  <28.685225, 34.203957, 36.601669>, 0.100000
	pigment { color rgbt <1,0,0,0> }
	no_shadow
}

// particle -1
sphere {
	<28.434069, 34.300396, 36.897675> 0.100000
	pigment { color rgbt <1,0,0,0> }
	no_shadow
}
sphere {
	0, 1
	scale<0.080000,0.200000,0.300000>
	matrix <-0.338524, 0.771559, -0.538608,
		-0.700825, -0.588700, -0.402836,
		-0.627890, 0.241100, 0.740017,
		28.245701, 34.372726, 37.119678>
	pigment { color rgbt <0,1,1,0> }
	no_shadow
}
cylinder {
	<27.920185, 34.450253, 36.304054>,  <28.685225, 34.203957, 36.601669>, 0.130000
	pigment { color rgbt <1,0,0,0> }
	no_shadow
}

// nucleotide -1

// particle -1
sphere {
	<27.920185, 34.450253, 36.304054> 0.250000
	pigment { color rgbt <1,0,0,0> }
	no_shadow
}
cylinder {
	<28.013655, 34.634357, 36.646645>,  <28.069736, 34.744820, 36.852200>, 0.100000
	pigment { color rgbt <1,0,0,0> }
	no_shadow
}
cylinder {
	<28.013655, 34.634357, 36.646645>,  <27.920185, 34.450253, 36.304054>, 0.100000
	pigment { color rgbt <1,0,0,0> }
	no_shadow
}

// particle -1
sphere {
	<28.013655, 34.634357, 36.646645> 0.100000
	pigment { color rgbt <1,0,0,0> }
	no_shadow
}
sphere {
	0, 1
	scale<0.080000,0.200000,0.300000>
	matrix <-0.270308, 0.876891, -0.397487,
		-0.933986, -0.138630, 0.329319,
		0.233673, 0.460265, 0.856477,
		28.083757, 34.772438, 36.903587>
	pigment { color rgbt <0,1,1,0> }
	no_shadow
}
cylinder {
	<28.013281, 34.145458, 35.659863>,  <27.920185, 34.450253, 36.304054>, 0.130000
	pigment { color rgbt <1,0,0,0> }
	no_shadow
}

// nucleotide -1

// particle -1
sphere {
	<28.013281, 34.145458, 35.659863> 0.250000
	pigment { color rgbt <1,0,0,0> }
	no_shadow
}
cylinder {
	<28.228014, 34.357365, 35.922512>,  <28.356853, 34.484509, 36.080101>, 0.100000
	pigment { color rgbt <1,0,0,0> }
	no_shadow
}
cylinder {
	<28.228014, 34.357365, 35.922512>,  <28.013281, 34.145458, 35.659863>, 0.100000
	pigment { color rgbt <1,0,0,0> }
	no_shadow
}

// particle -1
sphere {
	<28.228014, 34.357365, 35.922512> 0.100000
	pigment { color rgbt <1,0,0,0> }
	no_shadow
}
sphere {
	0, 1
	scale<0.080000,0.200000,0.300000>
	matrix <-0.157824, 0.827597, -0.538678,
		-0.828796, 0.185548, 0.527891,
		0.536832, 0.529768, 0.656626,
		28.389063, 34.516296, 36.119499>
	pigment { color rgbt <0,1,1,0> }
	no_shadow
}
cylinder {
	<27.991079, 34.837757, 35.394615>,  <28.013281, 34.145458, 35.659863>, 0.130000
	pigment { color rgbt <1,0,0,0> }
	no_shadow
}

// nucleotide -1

// particle -1
sphere {
	<27.991079, 34.837757, 35.394615> 0.250000
	pigment { color rgbt <1,0,0,0> }
	no_shadow
}
cylinder {
	<28.206860, 34.902363, 35.725166>,  <28.336329, 34.941124, 35.923496>, 0.100000
	pigment { color rgbt <1,0,0,0> }
	no_shadow
}
cylinder {
	<28.206860, 34.902363, 35.725166>,  <27.991079, 34.837757, 35.394615>, 0.100000
	pigment { color rgbt <1,0,0,0> }
	no_shadow
}

// particle -1
sphere {
	<28.206860, 34.902363, 35.725166> 0.100000
	pigment { color rgbt <1,0,0,0> }
	no_shadow
}
sphere {
	0, 1
	scale<0.080000,0.200000,0.300000>
	matrix <0.068354, 0.969792, -0.234160,
