// switches for output
#declare DRAW_BASES = 1; // possible values are 0, 1; only relevant for DNA ribbons
#declare DRAW_BASES_TYPE = 3; // possible values are 1, 2, 3; only relevant for DNA ribbons
#declare DRAW_FOG = 0; // set to 1 to enable fog

#include "colors.inc"

#include "transforms.inc"
background { rgb <1, 1, 1>}

#default {
   normal{
       ripples 0.25
       frequency 0.20
       turbulence 0.2
       lambda 5
   }
	finish {
		phong 0.1
		phong_size 40.
	}
}

// original window dimensions: 1024x640


// camera settings

camera {
	sky <0, 0.179814, -0.983701>
	up <0, 0.179814, -0.983701>
	right 1.6 * <1, 0, 0>
	location <35, 94.9851, 44.8844>
	look_at <35, 29.7336, 32.9568>
	direction <0, -65.2515, -11.9276>
	angle 67.0682
}


# declare cpy_camera_pos = <35, 94.9851, 44.8844>;
# if (DRAW_FOG = 1)
fog {
	fog_type 2
	up vnormalize(cpy_camera_pos)
	color rgbt<1,1,1,0.3>
	distance 1e-5
	fog_alt 3e-3
	fog_offset 56
}
# end


// LIGHTS

# declare lum = 6;
global_settings {
	ambient_light rgb lum * <0.05, 0.05, 0.05>
	max_trace_level 15
}# declare cpy_direct_light_amount = 0.25;
light_source
{	1000 * <-1, -1.16352, -0.803886>,
	rgb lum * cpy_direct_light_amount
	parallel
}

light_source
{	1000 * <1, 1.16352, 0.803886>,
	rgb lum * cpy_direct_light_amount
	parallel
}

// strand 0

// nucleotide -1

// particle -1
sphere {
	<24.608679, 35.152821, 34.649864> 0.250000
	pigment { color rgbt <1,0,0,0> }
	no_shadow
}
cylinder {
	<24.350300, 34.885326, 34.797131>,  <24.195272, 34.724831, 34.885490>, 0.100000
	pigment { color rgbt <1,0,0,0> }
	no_shadow
}
cylinder {
	<24.350300, 34.885326, 34.797131>,  <24.608679, 35.152821, 34.649864>, 0.100000
	pigment { color rgbt <1,0,0,0> }
	no_shadow
}

// particle -1
sphere {
	<24.350300, 34.885326, 34.797131> 0.100000
	pigment { color rgbt <1,0,0,0> }
	no_shadow
}
sphere {
	0, 1
	scale<0.080000,0.200000,0.300000>
	matrix <-0.418728, 0.713638, 0.561594,
		-0.638293, 0.208600, -0.740991,
		-0.645948, -0.668736, 0.368164,
		24.156515, 34.684708, 34.907581>
	pigment { color rgbt <0,1,1,0> }
	no_shadow
}
cylinder {
	<24.758074, 35.951878, 34.803322>,  <24.608679, 35.152821, 34.649864>, 0.130000
	pigment { color rgbt <1,0,0,0> }
	no_shadow
}

// nucleotide -1

// particle -1
sphere {
	<24.758074, 35.951878, 34.803322> 0.250000
	pigment { color rgbt <1,0,0,0> }
	no_shadow
}
cylinder {
	<25.012249, 36.077827, 34.521309>,  <25.164755, 36.153397, 34.352100>, 0.100000
	pigment { color rgbt <1,0,0,0> }
	no_shadow
}
cylinder {
	<25.012249, 36.077827, 34.521309>,  <24.758074, 35.951878, 34.803322>, 0.100000
	pigment { color rgbt <1,0,0,0> }
	no_shadow
}

// particle -1
sphere {
	<25.012249, 36.077827, 34.521309> 0.100000
	pigment { color rgbt <1,0,0,0> }
	no_shadow
}
sphere {
	0, 1
	scale<0.080000,0.200000,0.300000>
	matrix <0.337217, 0.708233, 0.620235,
		0.694625, -0.631870, 0.343856,
		0.635438, 0.314876, -0.705033,
		25.202881, 36.172291, 34.309799>
	pigment { color rgbt <0,1,1,0> }
	no_shadow
}
cylinder {
	<25.578098, 35.819759, 34.787235>,  <24.758074, 35.951878, 34.803322>, 0.130000
	pigment { color rgbt <1,0,0,0> }
	no_shadow
}

// nucleotide -1

// particle -1
sphere {
	<25.578098, 35.819759, 34.787235> 0.250000
	pigment { color rgbt <1,0,0,0> }
	no_shadow
}
cylinder {
	<25.484949, 36.161556, 34.601501>,  <25.429060, 36.366634, 34.490063>, 0.100000
	pigment { color rgbt <1,0,0,0> }
	no_shadow
}
cylinder {
	<25.484949, 36.161556, 34.601501>,  <25.578098, 35.819759, 34.787235>, 0.100000
	pigment { color rgbt <1,0,0,0> }
	no_shadow
}

// particle -1
sphere {
	<25.484949, 36.161556, 34.601501> 0.100000
	pigment { color rgbt <1,0,0,0> }
	no_shadow
}
sphere {
	0, 1
	scale<0.080000,0.200000,0.300000>
	matrix <0.378028, 0.519449, 0.766334,
		0.896027, 0.002927, -0.443989,
		-0.232873, 0.854496, -0.464334,
		25.415087, 36.417904, 34.462200>
	pigment { color rgbt <0,1,1,0> }
	no_shadow
}
cylinder {
	<26.168449, 36.314087, 34.961407>,  <25.578098, 35.819759, 34.787235>, 0.130000
	pigment { color rgbt <1,0,0,0> }
	no_shadow
}

// nucleotide -1

// particle -1
sphere {
	<26.168449, 36.314087, 34.961407> 0.250000
	pigment { color rgbt <1,0,0,0> }
	no_shadow
}
cylinder {
	<25.857538, 36.530060, 34.832214>,  <25.670992, 36.659641, 34.754700>, 0.100000
	pigment { color rgbt <1,0,0,0> }
	no_shadow
}
cylinder {
	<25.857538, 36.530060, 34.832214>,  <26.168449, 36.314087, 34.961407>, 0.100000
	pigment { color rgbt <1,0,0,0> }
	no_shadow
}

// particle -1
sphere {
	<25.857538, 36.530060, 34.832214> 0.100000
	pigment { color rgbt <1,0,0,0> }
	no_shadow
}
sphere {
	0, 1
	scale<0.080000,0.200000,0.300000>
	matrix <0.177237, 0.680472, 0.711017,
		0.603678, 0.495413, -0.624611,
		-0.777277, 0.539930, -0.322980,
		25.624355, 36.692039, 34.735321>
	pigment { color rgbt <0,1,1,0> }
	no_shadow
}
cylinder {
	<26.429441, 37.065620, 34.767044>,  <26.168449, 36.314087, 34.961407>, 0.130000
	pigment { color rgbt <1,0,0,0> }
	no_shadow
}

// nucleotide -1

// particle -1
sphere {
	<26.429441, 37.065620, 34.767044> 0.250000
	pigment { color rgbt <1,0,0,0> }
	no_shadow
}
cylinder {
	<26.035145, 37.091728, 34.829082>,  <25.798567, 37.107391, 34.866306>, 0.100000
	pigment { color rgbt <1,0,0,0> }
	no_shadow
}
cylinder {
	<26.035145, 37.091728, 34.829082>,  <26.429441, 37.065620, 34.767044>, 0.100000
	pigment { color rgbt <1,0,0,0> }
	no_shadow
}

// particle -1
sphere {
	<26.035145, 37.091728, 34.829082> 0.100000
	pigment { color rgbt <1,0,0,0> }
	no_shadow
}
sphere {
	0, 1
	scale<0.080000,0.200000,0.300000>
	matrix <0.141530, 0.820107, 0.554432,
		-0.091007, 0.568476, -0.817650,
		-0.985742, 0.065265, 0.155091,
		25.739422, 37.111309, 34.875610>
	pigment { color rgbt <0,1,1,0> }
	no_shadow
}
cylinder {
	<26.207876, 37.820656, 34.605484>,  <26.429441, 37.065620, 34.767044>, 0.130000
	pigment { color rgbt <1,0,0,0> }
	no_shadow
}

// nucleotide -1

// particle -1
sphere {
	<26.207876, 37.820656, 34.605484> 0.250000
	pigment { color rgbt <1,0,0,0> }
	no_shadow
}
cylinder {
	<25.963427, 37.630970, 34.858986>,  <25.816757, 37.517159, 35.011089>, 0.100000
	pigment { color rgbt <1,0,0,0> }
	no_shadow
}
cylinder {
	<25.963427, 37.630970, 34.858986>,  <26.207876, 37.820656, 34.605484>, 0.100000
	pigment { color rgbt <1,0,0,0> }
	no_shadow
}

// particle -1
sphere {
	<25.963427, 37.630970, 34.858986> 0.100000
	pigment { color rgbt <1,0,0,0> }
	no_shadow
}
sphere {
	0, 1
	scale<0.080000,0.200000,0.300000>
	matrix <0.111771, 0.740945, 0.662199,
		-0.783605, 0.475520, -0.399804,
		-0.611122, -0.474216, 0.633758,
		25.780090, 37.488705, 35.049114>
	pigment { color rgbt <0,1,1,0> }
	no_shadow
}
cylinder {
	<25.575274, 38.137966, 34.760273>,  <26.207876, 37.820656, 34.605484>, 0.130000
	pigment { color rgbt <1,0,0,0> }
	no_shadow
}

// nucleotide -1

// particle -1
sphere {
	<25.575274, 38.137966, 34.760273> 0.250000
	pigment { color rgbt <1,0,0,0> }
	no_shadow
}
cylinder {
	<25.698677, 37.907051, 35.062679>,  <25.772718, 37.768501, 35.244125>, 0.100000
	pigment { color rgbt <1,0,0,0> }
	no_shadow
}
cylinder {
	<25.698677, 37.907051, 35.062679>,  <25.575274, 38.137966, 34.760273>, 0.100000
	pigment { color rgbt <1,0,0,0> }
	no_shadow
}

// particle -1
sphere {
	<25.698677, 37.907051, 35.062679> 0.100000
	pigment { color rgbt <1,0,0,0> }
	no_shadow
}
sphere {
	0, 1
	scale<0.080000,0.200000,0.300000>
	matrix <0.041170, 0.802147, 0.595706,
		-0.950330, -0.152655, 0.271237,
		0.308509, -0.577284, 0.756019,
		25.791229, 37.733868, 35.289486>
	pigment { color rgbt <0,1,1,0> }
	no_shadow
}
cylinder {
	<25.216433, 38.384235, 35.251133>,  <25.575274, 38.137966, 34.760273>, 0.130000
	pigment { color rgbt <1,0,0,0> }
	no_shadow
}

// nucleotide -1

// particle -1
sphere {
	<25.216433, 38.384235, 35.251133> 0.250000
	pigment { color rgbt <1,0,0,0> }
	no_shadow
}
cylinder {
	<25.552513, 38.218121, 35.390614>,  <25.754162, 38.118450, 35.474304>, 0.100000
	pigment { color rgbt <1,0,0,0> }
	no_shadow
}
cylinder {
	<25.552513, 38.218121, 35.390614>,  <25.216433, 38.384235, 35.251133>, 0.100000
	pigment { color rgbt <1,0,0,0> }
	no_shadow
}

// particle -1
sphere {
	<25.552513, 38.218121, 35.390614> 0.100000
	pigment { color rgbt <1,0,0,0> }
	no_shadow
}
sphere {
	0, 1
	scale<0.080000,0.200000,0.300000>
	matrix <0.183511, 0.822852, 0.537809,
		-0.510279, -0.387877, 0.767572,
		0.840202, -0.415291, 0.348705,
		25.804573, 38.093533, 35.495224>
	pigment { color rgbt <0,1,1,0> }
	no_shadow
}
cylinder {
	<25.346333, 38.533108, 36.014881>,  <25.216433, 38.384235, 35.251133>, 0.130000
	pigment { color rgbt <1,0,0,0> }
	no_shadow
}

// nucleotide -1

// particle -1
sphere {
	<25.346333, 38.533108, 36.014881> 0.250000
	pigment { color rgbt <1,0,0,0> }
	no_shadow
}
cylinder {
	<25.719318, 38.427376, 35.916382>,  <25.943110, 38.363937, 35.857281>, 0.100000
	pigment { color rgbt <1,0,0,0> }
	no_shadow
}
cylinder {
	<25.719318, 38.427376, 35.916382>,  <25.346333, 38.533108, 36.014881>, 0.100000
	pigment { color rgbt <1,0,0,0> }
	no_shadow
}

// particle -1
sphere {
	<25.719318, 38.427376, 35.916382> 0.100000
	pigment { color rgbt <1,0,0,0> }
	no_shadow
}
sphere {
	0, 1
	scale<0.080000,0.200000,0.300000>
	matrix <0.358069, 0.766627, 0.532981,
		0.047899, -0.585161, 0.809502,
		0.932466, -0.264328, -0.246249,
		25.999058, 38.348076, 35.842506>
	pigment { color rgbt <0,1,1,0> }
	no_shadow
}
cylinder {
	<25.787889, 38.457756, 36.646740>,  <25.346333, 38.533108, 36.014881>, 0.130000
	pigment { color rgbt <1,0,0,0> }
	no_shadow
}

// nucleotide -1

// particle -1
sphere {
	<25.787889, 38.457756, 36.646740> 0.250000
	pigment { color rgbt <1,0,0,0> }
	no_shadow
}
cylinder {
	<26.023760, 38.543186, 36.335186>,  <26.165281, 38.594444, 36.148254>, 0.100000
	pigment { color rgbt <1,0,0,0> }
	no_shadow
}
cylinder {
	<26.023760, 38.543186, 36.335186>,  <25.787889, 38.457756, 36.646740>, 0.100000
	pigment { color rgbt <1,0,0,0> }
	no_shadow
}

// particle -1
sphere {
	<26.023760, 38.543186, 36.335186> 0.100000
	pigment { color rgbt <1,0,0,0> }
	no_shadow
}
sphere {
	0, 1
	scale<0.080000,0.200000,0.300000>
	matrix <0.346507, 0.804229, 0.482855,
		0.729532, -0.554618, 0.400227,
		0.589675, 0.213576, -0.778890,
		26.200663, 38.607258, 36.101521>
	pigment { color rgbt <0,1,1,0> }
	no_shadow
}
cylinder {
	<26.368555, 38.696690, 36.926502>,  <25.787889, 38.457756, 36.646740>, 0.130000
	pigment { color rgbt <1,0,0,0> }
	no_shadow
}

// nucleotide -1

// particle -1
sphere {
	<26.368555, 38.696690, 36.926502> 0.250000
	pigment { color rgbt <1,0,0,0> }
	no_shadow
}
cylinder {
	<26.438957, 38.814796, 36.550877>,  <26.481197, 38.885662, 36.325500>, 0.100000
	pigment { color rgbt <1,0,0,0> }
	no_shadow
}
cylinder {
	<26.438957, 38.814796, 36.550877>,  <26.368555, 38.696690, 36.926502>, 0.100000
	pigment { color rgbt <1,0,0,0> }
	no_shadow
}

// particle -1
sphere {
	<26.438957, 38.814796, 36.550877> 0.100000
	pigment { color rgbt <1,0,0,0> }
	no_shadow
}
sphere {
	0, 1
	scale<0.080000,0.200000,0.300000>
	matrix <0.399895, 0.850246, 0.342294,
		0.899503, -0.435772, 0.031570,
		0.176004, 0.295270, -0.939063,
		26.491758, 38.903378, 36.269157>
	pigment { color rgbt <0,1,1,0> }
	no_shadow
}
cylinder {
	<26.974274, 38.919357, 36.875641>,  <26.368555, 38.696690, 36.926502>, 0.130000
	pigment { color rgbt <1,0,0,0> }
	no_shadow
}

// nucleotide -1

// particle -1
sphere {
	<26.974274, 38.919357, 36.875641> 0.250000
	pigment { color rgbt <1,0,0,0> }
	no_shadow
}
cylinder {
	<26.789850, 39.111229, 36.577023>,  <26.679195, 39.226353, 36.397850>, 0.100000
	pigment { color rgbt <1,0,0,0> }
	no_shadow
}
cylinder {
	<26.789850, 39.111229, 36.577023>,  <26.974274, 38.919357, 36.875641>, 0.100000
	pigment { color rgbt <1,0,0,0> }
	no_shadow
}

// particle -1
sphere {
	<26.789850, 39.111229, 36.577023> 0.100000
	pigment { color rgbt <1,0,0,0> }
	no_shadow
}
sphere {
	0, 1
	scale<0.080000,0.200000,0.300000>
	matrix <0.503437, 0.834201, 0.225077,
		0.730736, -0.272067, -0.626102,
		-0.461059, 0.479675, -0.746550,
		26.651533, 39.255131, 36.353058>
	pigment { color rgbt <0,1,1,0> }
	no_shadow
}
cylinder {
	<27.474014, 39.388775, 36.662170>,  <26.974274, 38.919357, 36.875641>, 0.130000
	pigment { color rgbt <1,0,0,0> }
	no_shadow
}

// nucleotide -1

// particle -1
sphere {
	<27.474014, 39.388775, 36.662170> 0.250000
	pigment { color rgbt <1,0,0,0> }
	no_shadow
}
cylinder {
	<27.127760, 39.542919, 36.534313>,  <26.920008, 39.635406, 36.457600>, 0.100000
	pigment { color rgbt <1,0,0,0> }
	no_shadow
}
cylinder {
	<27.127760, 39.542919, 36.534313>,  <27.474014, 39.388775, 36.662170>, 0.100000
	pigment { color rgbt <1,0,0,0> }
	no_shadow
}

// particle -1
sphere {
	<27.127760, 39.542919, 36.534313> 0.100000
	pigment { color rgbt <1,0,0,0> }
	no_shadow
}
sphere {
	0, 1
	scale<0.080000,0.200000,0.300000>
	matrix <0.428067, 0.900771, -0.073285,
		0.259684, -0.200266, -0.944700,
		-0.865635, 0.385364, -0.319643,
		26.868069, 39.658527, 36.438419>
	pigment { color rgbt <0,1,1,0> }
	no_shadow
}
cylinder {
	<27.529533, 39.799442, 36.079773>,  <27.474014, 39.388775, 36.662170>, 0.130000
	pigment { color rgbt <1,0,0,0> }
	no_shadow
}

// nucleotide -1

// particle -1
sphere {
	<27.529533, 39.799442, 36.079773> 0.250000
	pigment { color rgbt <1,0,0,0> }
	no_shadow
}
cylinder {
	<27.215057, 39.929836, 36.289780>,  <27.026371, 40.008072, 36.415783>, 0.100000
	pigment { color rgbt <1,0,0,0> }
	no_shadow
}
cylinder {
	<27.215057, 39.929836, 36.289780>,  <27.529533, 39.799442, 36.079773>, 0.100000
	pigment { color rgbt <1,0,0,0> }
	no_shadow
}

// particle -1
sphere {
	<27.215057, 39.929836, 36.289780> 0.100000
	pigment { color rgbt <1,0,0,0> }
	no_shadow
}
sphere {
	0, 1
	scale<0.080000,0.200000,0.300000>
	matrix <0.327056, 0.940310, -0.094086,
		-0.524345, 0.097739, -0.845878,
		-0.786191, 0.325983, 0.525013,
		26.979200, 40.027630, 36.447285>
	pigment { color rgbt <0,1,1,0> }
	no_shadow
}
cylinder {
	<27.001677, 39.999836, 35.628284>,  <27.529533, 39.799442, 36.079773>, 0.130000
	pigment { color rgbt <1,0,0,0> }
	no_shadow
}

// nucleotide -1

// particle -1
sphere {
	<27.001677, 39.999836, 35.628284> 0.250000
	pigment { color rgbt <1,0,0,0> }
	no_shadow
}
cylinder {
	<26.963905, 40.193054, 35.976482>,  <26.941242, 40.308983, 36.185402>, 0.100000
	pigment { color rgbt <1,0,0,0> }
	no_shadow
}
cylinder {
	<26.963905, 40.193054, 35.976482>,  <27.001677, 39.999836, 35.628284>, 0.100000
	pigment { color rgbt <1,0,0,0> }
	no_shadow
}

// particle -1
sphere {
	<26.963905, 40.193054, 35.976482> 0.100000
	pigment { color rgbt <1,0,0,0> }
	no_shadow
}
sphere {
	0, 1
	scale<0.080000,0.200000,0.300000>
	matrix <0.337717, 0.838091, -0.428427,
		-0.936499, 0.253523, -0.242272,
		-0.094430, 0.483041, 0.870491,
		26.935575, 40.337967, 36.237629>
	pigment { color rgbt <0,1,1,0> }
	no_shadow
}
cylinder {
	<26.249733, 39.816540, 35.485867>,  <27.001677, 39.999836, 35.628284>, 0.130000
	pigment { color rgbt <1,0,0,0> }
	no_shadow
}

// nucleotide -1

// particle -1
sphere {
	<26.249733, 39.816540, 35.485867> 0.250000
	pigment { color rgbt <1,0,0,0> }
	no_shadow
}
cylinder {
	<26.508945, 39.650494, 35.741283>,  <26.664473, 39.550865, 35.894535>, 0.100000
	pigment { color rgbt <1,0,0,0> }
	no_shadow
}
cylinder {
	<26.508945, 39.650494, 35.741283>,  <26.249733, 39.816540, 35.485867>, 0.100000
	pigment { color rgbt <1,0,0,0> }
	no_shadow
}

// particle -1
sphere {
	<26.508945, 39.650494, 35.741283> 0.100000
	pigment { color rgbt <1,0,0,0> }
	no_shadow
}
sphere {
	0, 1
	scale<0.080000,0.200000,0.300000>
	matrix <-0.380011, -0.902820, -0.201265,
		0.660038, -0.112228, -0.742802,
		0.648029, -0.415115, 0.638544,
		26.703354, 39.525959, 35.932846>
	pigment { color rgbt <0,1,1,0> }
	no_shadow
}
cylinder {
	<26.667099, 39.394463, 35.128136>,  <26.249733, 39.816540, 35.485867>, 0.130000
	pigment { color rgbt <1,0,0,0> }
	no_shadow
}

// nucleotide -1

// particle -1
sphere {
	<26.667099, 39.394463, 35.128136> 0.250000
	pigment { color rgbt <1,0,0,0> }
	no_shadow
}
cylinder {
	<26.619131, 39.249660, 35.497910>,  <26.590351, 39.162781, 35.719772>, 0.100000
	pigment { color rgbt <1,0,0,0> }
	no_shadow
}
cylinder {
	<26.619131, 39.249660, 35.497910>,  <26.667099, 39.394463, 35.128136>, 0.100000
	pigment { color rgbt <1,0,0,0> }
	no_shadow
}

// particle -1
sphere {
	<26.619131, 39.249660, 35.497910> 0.100000
	pigment { color rgbt <1,0,0,0> }
	no_shadow
}
sphere {
	0, 1
	scale<0.080000,0.200000,0.300000>
	matrix <-0.386729, -0.840565, -0.379330,
		0.914363, -0.402993, -0.039198,
		-0.119919, -0.362004, 0.924431,
		26.583155, 39.141060, 35.775238>
	pigment { color rgbt <0,1,1,0> }
	no_shadow
}
cylinder {
	<26.977253, 38.798782, 35.070969>,  <26.667099, 39.394463, 35.128136>, 0.130000
	pigment { color rgbt <1,0,0,0> }
	no_shadow
}

// nucleotide -1

// particle -1
sphere {
	<26.977253, 38.798782, 35.070969> 0.250000
	pigment { color rgbt <1,0,0,0> }
	no_shadow
}
cylinder {
	<26.749971, 38.753384, 35.396976>,  <26.613602, 38.726143, 35.592583>, 0.100000
	pigment { color rgbt <1,0,0,0> }
	no_shadow
}
cylinder {
	<26.749971, 38.753384, 35.396976>,  <26.977253, 38.798782, 35.070969>, 0.100000
	pigment { color rgbt <1,0,0,0> }
	no_shadow
}

// particle -1
sphere {
	<26.749971, 38.753384, 35.396976> 0.100000
	pigment { color rgbt <1,0,0,0> }
	no_shadow
}
sphere {
	0, 1
	scale<0.080000,0.200000,0.300000>
	matrix <-0.129913, -0.965649, -0.225043,
		0.812568, -0.233752, 0.533940,
		-0.568203, -0.113497, 0.815023,
		26.579510, 38.719334, 35.641483>
	pigment { color rgbt <0,1,1,0> }
	no_shadow
}
cylinder {
	<27.146812, 38.087353, 35.340946>,  <26.977253, 38.798782, 35.070969>, 0.130000
	pigment { color rgbt <1,0,0,0> }
	no_shadow
}

// nucleotide -1

// particle -1
sphere {
	<27.146812, 38.087353, 35.340946> 0.250000
	pigment { color rgbt <1,0,0,0> }
	no_shadow
}
cylinder {
	<26.787167, 38.168430, 35.496128>,  <26.571379, 38.217079, 35.589237>, 0.100000
	pigment { color rgbt <1,0,0,0> }
	no_shadow
}
cylinder {
	<26.787167, 38.168430, 35.496128>,  <27.146812, 38.087353, 35.340946>, 0.100000
	pigment { color rgbt <1,0,0,0> }
	no_shadow
}

// particle -1
sphere {
	<26.787167, 38.168430, 35.496128> 0.100000
	pigment { color rgbt <1,0,0,0> }
	no_shadow
}
sphere {
	0, 1
	scale<0.080000,0.200000,0.300000>
	matrix <-0.300943, -0.929865, -0.211624,
		0.317846, -0.307025, 0.897056,
		-0.899115, 0.202698, 0.387951,
		26.517431, 38.229240, 35.612514>
	pigment { color rgbt <0,1,1,0> }
	no_shadow
}
cylinder {
	<26.956722, 37.562313, 35.847240>,  <27.146812, 38.087353, 35.340946>, 0.130000
	pigment { color rgbt <1,0,0,0> }
	no_shadow
}

// nucleotide -1

// particle -1
sphere {
	<26.956722, 37.562313, 35.847240> 0.250000
	pigment { color rgbt <1,0,0,0> }
	no_shadow
}
cylinder {
	<26.612852, 37.727642, 35.727161>,  <26.406530, 37.826839, 35.655113>, 0.100000
	pigment { color rgbt <1,0,0,0> }
	no_shadow
}
cylinder {
	<26.612852, 37.727642, 35.727161>,  <26.956722, 37.562313, 35.847240>, 0.100000
	pigment { color rgbt <1,0,0,0> }
	no_shadow
}

// particle -1
sphere {
	<26.612852, 37.727642, 35.727161> 0.100000
	pigment { color rgbt <1,0,0,0> }
	no_shadow
}
sphere {
	0, 1
	scale<0.080000,0.200000,0.300000>
	matrix <-0.301180, -0.884753, -0.355671,
		-0.412607, -0.215349, 0.885088,
		-0.859678, 0.413323, -0.300197,
		26.354948, 37.851639, 35.637104>
	pigment { color rgbt <0,1,1,0> }
	no_shadow
}
cylinder {
	<26.496174, 37.181377, 36.200596>,  <26.956722, 37.562313, 35.847240>, 0.130000
	pigment { color rgbt <1,0,0,0> }
	no_shadow
}

// nucleotide -1

// particle -1
sphere {
	<26.496174, 37.181377, 36.200596> 0.250000
	pigment { color rgbt <1,0,0,0> }
	no_shadow
}
cylinder {
	<26.314074, 37.363213, 35.894367>,  <26.204813, 37.472313, 35.710629>, 0.100000
	pigment { color rgbt <1,0,0,0> }
	no_shadow
}
cylinder {
	<26.314074, 37.363213, 35.894367>,  <26.496174, 37.181377, 36.200596>, 0.100000
	pigment { color rgbt <1,0,0,0> }
	no_shadow
}

// particle -1
sphere {
	<26.314074, 37.363213, 35.894367> 0.100000
	pigment { color rgbt <1,0,0,0> }
	no_shadow
}
sphere {
	0, 1
	scale<0.080000,0.200000,0.300000>
	matrix <-0.403693, -0.871766, -0.277589,
		-0.793587, 0.182683, 0.580385,
		-0.455249, 0.454588, -0.765570,
		26.177500, 37.499588, 35.664696>
	pigment { color rgbt <0,1,1,0> }
	no_shadow
}
cylinder {
	<25.900053, 36.940575, 36.309875>,  <26.496174, 37.181377, 36.200596>, 0.130000
	pigment { color rgbt <1,0,0,0> }
	no_shadow
}

// nucleotide -1

// particle -1
sphere {
	<25.900053, 36.940575, 36.309875> 0.250000
	pigment { color rgbt <1,0,0,0> }
	no_shadow
}
cylinder {
	<25.975153, 37.029224, 35.927120>,  <26.020212, 37.082413, 35.697468>, 0.100000
	pigment { color rgbt <1,0,0,0> }
	no_shadow
}
cylinder {
	<25.975153, 37.029224, 35.927120>,  <25.900053, 36.940575, 36.309875>, 0.100000
	pigment { color rgbt <1,0,0,0> }
	no_shadow
}

// particle -1
sphere {
	<25.975153, 37.029224, 35.927120> 0.100000
	pigment { color rgbt <1,0,0,0> }
	no_shadow
}
sphere {
	0, 1
	scale<0.080000,0.200000,0.300000>
	matrix <-0.119737, -0.961782, -0.246249,
		-0.974891, 0.160808, -0.154037,
		0.187749, 0.221622, -0.956888,
		26.031477, 37.095711, 35.640053>
	pigment { color rgbt <0,1,1,0> }
	no_shadow
}
cylinder {
	<25.270229, 36.997993, 35.923626>,  <25.900053, 36.940575, 36.309875>, 0.130000
	pigment { color rgbt <1,0,0,0> }
	no_shadow
}

// nucleotide -1

// particle -1
sphere {
	<25.270229, 36.997993, 35.923626> 0.250000
	pigment { color rgbt <1,0,0,0> }
	no_shadow
}
cylinder {
	<25.206240, 37.358234, 35.761971>,  <25.167847, 37.574379, 35.664978>, 0.100000
	pigment { color rgbt <1,0,0,0> }
	no_shadow
}
cylinder {
	<25.206240, 37.358234, 35.761971>,  <25.270229, 36.997993, 35.923626>, 0.100000
	pigment { color rgbt <1,0,0,0> }
	no_shadow
}

// particle -1
sphere {
	<25.206240, 37.358234, 35.761971> 0.100000
	pigment { color rgbt <1,0,0,0> }
	no_shadow
}
sphere {
	0, 1
	scale<0.080000,0.200000,0.300000>
	matrix <0.196168, -0.372242, -0.907168,
		-0.967433, -0.224403, -0.117119,
		-0.159974, 0.900599, -0.404140,
		25.158247, 37.628414, 35.640728>
	pigment { color rgbt <0,1,1,0> }
	no_shadow
}
cylinder {
	<24.675596, 36.973949, 35.554501>,  <25.270229, 36.997993, 35.923626>, 0.130000
	pigment { color rgbt <1,0,0,0> }
	no_shadow
}

// nucleotide -1

// particle -1
sphere {
	<24.675596, 36.973949, 35.554501> 0.250000
	pigment { color rgbt <1,0,0,0> }
	no_shadow
}
cylinder {
	<24.965355, 37.209675, 35.411415>,  <25.139210, 37.351112, 35.325565>, 0.100000
	pigment { color rgbt <1,0,0,0> }
	no_shadow
}
cylinder {
	<24.965355, 37.209675, 35.411415>,  <24.675596, 36.973949, 35.554501>, 0.100000
	pigment { color rgbt <1,0,0,0> }
	no_shadow
}

// particle -1
sphere {
	<24.965355, 37.209675, 35.411415> 0.100000
	pigment { color rgbt <1,0,0,0> }
	no_shadow
}
sphere {
	0, 1
	scale<0.080000,0.200000,0.300000>
	matrix <0.058258, -0.569361, -0.820020,
		-0.686919, 0.573179, -0.446775,
		0.724395, 0.589316, -0.357713,
		25.182673, 37.386471, 35.304100>
	pigment { color rgbt <0,1,1,0> }
	no_shadow
}
cylinder {
	<24.456564, 37.195164, 34.957966>,  <24.675596, 36.973949, 35.554501>, 0.130000
	pigment { color rgbt <1,0,0,0> }
	no_shadow
}

// nucleotide -1

// particle -1
sphere {
	<24.456564, 37.195164, 34.957966> 0.250000
	pigment { color rgbt <1,0,0,0> }
	no_shadow
}
cylinder {
	<24.853462, 37.223019, 34.916790>,  <25.091602, 37.239731, 34.892086>, 0.100000
	pigment { color rgbt <1,0,0,0> }
	no_shadow
}
cylinder {
	<24.853462, 37.223019, 34.916790>,  <24.456564, 37.195164, 34.957966>, 0.100000
	pigment { color rgbt <1,0,0,0> }
	no_shadow
}

// particle -1
sphere {
	<24.853462, 37.223019, 34.916790> 0.100000
	pigment { color rgbt <1,0,0,0> }
	no_shadow
}
sphere {
	0, 1
	scale<0.080000,0.200000,0.300000>
	matrix <-0.047936, -0.549734, -0.833963,
		-0.114668, 0.832432, -0.542133,
		0.992247, 0.069641, -0.102940,
		25.151136, 37.243912, 34.885906>
	pigment { color rgbt <0,1,1,0> }
	no_shadow
}
cylinder {
	<24.669785, 37.477913, 34.325813>,  <24.456564, 37.195164, 34.957966>, 0.130000
	pigment { color rgbt <1,0,0,0> }
	no_shadow
}

// nucleotide -1

// particle -1
sphere {
	<24.669785, 37.477913, 34.325813> 0.250000
	pigment { color rgbt <1,0,0,0> }
	no_shadow
}
cylinder {
	<24.952459, 37.232857, 34.467384>,  <25.122065, 37.085823, 34.552326>, 0.100000
	pigment { color rgbt <1,0,0,0> }
	no_shadow
}
cylinder {
	<24.952459, 37.232857, 34.467384>,  <24.669785, 37.477913, 34.325813>, 0.100000
	pigment { color rgbt <1,0,0,0> }
	no_shadow
}

// particle -1
sphere {
	<24.952459, 37.232857, 34.467384> 0.100000
	pigment { color rgbt <1,0,0,0> }
	no_shadow
}
sphere {
	0, 1
	scale<0.080000,0.200000,0.300000>
	matrix <-0.074618, -0.561978, -0.823779,
		0.703583, 0.555743, -0.442856,
		0.706685, -0.612642, 0.353930,
		25.164465, 37.049065, 34.573563>
	pigment { color rgbt <0,1,1,0> }
	no_shadow
}
cylinder {
	<25.048826, 37.364288, 33.725540>,  <24.669785, 37.477913, 34.325813>, 0.130000
	pigment { color rgbt <1,0,0,0> }
	no_shadow
}

// nucleotide -1

// particle -1
sphere {
	<25.048826, 37.364288, 33.725540> 0.250000
	pigment { color rgbt <1,0,0,0> }
	no_shadow
}
cylinder {
	<25.130959, 37.067463, 33.980785>,  <25.180239, 36.889370, 34.133930>, 0.100000
	pigment { color rgbt <1,0,0,0> }
	no_shadow
}
cylinder {
	<25.130959, 37.067463, 33.980785>,  <25.048826, 37.364288, 33.725540>, 0.100000
	pigment { color rgbt <1,0,0,0> }
	no_shadow
}

// particle -1
sphere {
	<25.130959, 37.067463, 33.980785> 0.100000
	pigment { color rgbt <1,0,0,0> }
	no_shadow
}
sphere {
	0, 1
	scale<0.080000,0.200000,0.300000>
	matrix <-0.017571, -0.654694, -0.755690,
		0.978534, 0.143956, -0.147469,
		0.205333, -0.742060, 0.638111,
		25.192558, 36.844845, 34.172218>
	pigment { color rgbt <0,1,1,0> }
	no_shadow
}
cylinder {
	<25.786541, 37.561066, 33.839630>,  <25.048826, 37.364288, 33.725540>, 0.130000
	pigment { color rgbt <1,0,0,0> }
	no_shadow
}

// nucleotide -1

// particle -1
sphere {
	<25.786541, 37.561066, 33.839630> 0.250000
	pigment { color rgbt <1,0,0,0> }
	no_shadow
}
cylinder {
	<25.654381, 37.300575, 33.566357>,  <25.575085, 37.144279, 33.402393>, 0.100000
	pigment { color rgbt <1,0,0,0> }
	no_shadow
}
cylinder {
	<25.654381, 37.300575, 33.566357>,  <25.786541, 37.561066, 33.839630>, 0.100000
	pigment { color rgbt <1,0,0,0> }
	no_shadow
}

// particle -1
sphere {
	<25.654381, 37.300575, 33.566357> 0.100000
	pigment { color rgbt <1,0,0,0> }
	no_shadow
}
sphere {
	0, 1
	scale<0.080000,0.200000,0.300000>
	matrix <0.685625, -0.663055, 0.300459,
		-0.648655, -0.369136, 0.665572,
		-0.330400, -0.651227, -0.683183,
		25.555262, 37.105206, 33.361401>
	pigment { color rgbt <0,1,1,0> }
	no_shadow
}
cylinder {
	<25.810268, 36.836365, 34.045704>,  <25.786541, 37.561066, 33.839630>, 0.130000
	pigment { color rgbt <1,0,0,0> }
	no_shadow
}

// nucleotide -1

// particle -1
sphere {
	<25.810268, 36.836365, 34.045704> 0.250000
	pigment { color rgbt <1,0,0,0> }
	no_shadow
}
cylinder {
	<25.823322, 36.821564, 33.646191>,  <25.831156, 36.812683, 33.406483>, 0.100000
	pigment { color rgbt <1,0,0,0> }
	no_shadow
}
cylinder {
	<25.823322, 36.821564, 33.646191>,  <25.810268, 36.836365, 34.045704>, 0.100000
	pigment { color rgbt <1,0,0,0> }
	no_shadow
}

// particle -1
sphere {
	<25.823322, 36.821564, 33.646191> 0.100000
	pigment { color rgbt <1,0,0,0> }
	no_shadow
}
sphere {
	0, 1
	scale<0.080000,0.200000,0.300000>
	matrix <0.805423, -0.590737, 0.048207,
		-0.591801, -0.806015, 0.010527,
		0.032637, -0.037007, -0.998782,
		25.833113, 36.810463, 33.346558>
	pigment { color rgbt <0,1,1,0> }
	no_shadow
}
cylinder {
	<25.713480, 36.112186, 33.767437>,  <25.810268, 36.836365, 34.045704>, 0.130000
	pigment { color rgbt <1,0,0,0> }
	no_shadow
}

// nucleotide -1

// particle -1
sphere {
	<25.713480, 36.112186, 33.767437> 0.250000
	pigment { color rgbt <1,0,0,0> }
	no_shadow
}
cylinder {
	<25.947353, 36.355671, 33.552917>,  <26.087677, 36.501762, 33.424206>, 0.100000
	pigment { color rgbt <1,0,0,0> }
	no_shadow
}
cylinder {
	<25.947353, 36.355671, 33.552917>,  <25.713480, 36.112186, 33.767437>, 0.100000
	pigment { color rgbt <1,0,0,0> }
	no_shadow
}

// particle -1
sphere {
	<25.947353, 36.355671, 33.552917> 0.100000
	pigment { color rgbt <1,0,0,0> }
	no_shadow
}
sphere {
	0, 1
	scale<0.080000,0.200000,0.300000>
	matrix <0.777368, -0.609461, 0.155746,
		-0.232047, -0.507961, -0.829536,
		0.584683, 0.608714, -0.536296,
		26.122759, 36.538284, 33.392029>
	pigment { color rgbt <0,1,1,0> }
	no_shadow
}
cylinder {
	<26.191128, 35.658741, 33.351799>,  <25.713480, 36.112186, 33.767437>, 0.130000
	pigment { color rgbt <1,0,0,0> }
	no_shadow
}

// nucleotide -1

// particle -1
sphere {
	<26.191128, 35.658741, 33.351799> 0.250000
	pigment { color rgbt <1,0,0,0> }
	no_shadow
}
cylinder {
	<26.338812, 36.029144, 33.383274>,  <26.427422, 36.251385, 33.402157>, 0.100000
	pigment { color rgbt <1,0,0,0> }
	no_shadow
}
cylinder {
	<26.338812, 36.029144, 33.383274>,  <26.191128, 35.658741, 33.351799>, 0.100000
	pigment { color rgbt <1,0,0,0> }
	no_shadow
}

// particle -1
sphere {
	<26.338812, 36.029144, 33.383274> 0.100000
	pigment { color rgbt <1,0,0,0> }
	no_shadow
}
sphere {
	0, 1
	scale<0.080000,0.200000,0.300000>
	matrix <0.929318, -0.368532, -0.023495,
		0.007241, 0.081798, -0.996623,
		0.369209, 0.926009, 0.078685,
		26.449575, 36.306946, 33.406879>
	pigment { color rgbt <0,1,1,0> }
	no_shadow
}
cylinder {
	<26.659643, 35.886742, 32.766647>,  <26.191128, 35.658741, 33.351799>, 0.130000
	pigment { color rgbt <1,0,0,0> }
	no_shadow
}

// nucleotide -1

// particle -1
sphere {
	<26.659643, 35.886742, 32.766647> 0.250000
	pigment { color rgbt <1,0,0,0> }
	no_shadow
}
cylinder {
	<26.744827, 36.089874, 33.100536>,  <26.795937, 36.211754, 33.300869>, 0.100000
	pigment { color rgbt <1,0,0,0> }
	no_shadow
}
cylinder {
	<26.744827, 36.089874, 33.100536>,  <26.659643, 35.886742, 32.766647>, 0.100000
	pigment { color rgbt <1,0,0,0> }
	no_shadow
}

// particle -1
sphere {
	<26.744827, 36.089874, 33.100536> 0.100000
	pigment { color rgbt <1,0,0,0> }
	no_shadow
}
sphere {
	0, 1
	scale<0.080000,0.200000,0.300000>
	matrix <0.965845, -0.238489, -0.101319,
		0.147618, 0.827786, -0.541275,
		0.212959, 0.507832, 0.834719,
		26.808716, 36.242226, 33.350952>
	pigment { color rgbt <0,1,1,0> }
	no_shadow
}
cylinder {
	<27.364021, 36.237293, 32.660465>,  <26.659643, 35.886742, 32.766647>, 0.130000
	pigment { color rgbt <1,0,0,0> }
	no_shadow
}

// nucleotide -1

// particle -1
sphere {
	<27.364021, 36.237293, 32.660465> 0.250000
	pigment { color rgbt <1,0,0,0> }
	no_shadow
}
cylinder {
	<27.321095, 36.296829, 33.053673>,  <27.295338, 36.332550, 33.289597>, 0.100000
	pigment { color rgbt <1,0,0,0> }
	no_shadow
}
cylinder {
	<27.321095, 36.296829, 33.053673>,  <27.364021, 36.237293, 32.660465>, 0.100000
	pigment { color rgbt <1,0,0,0> }
	no_shadow
}

// particle -1
sphere {
	<27.321095, 36.296829, 33.053673> 0.100000
	pigment { color rgbt <1,0,0,0> }
	no_shadow
}
sphere {
	0, 1
	scale<0.080000,0.200000,0.300000>
	matrix <0.871254, -0.462231, 0.165105,
		0.478957, 0.874179, -0.080074,
		-0.107318, 0.148843, 0.983020,
		27.288898, 36.341484, 33.348579>
	pigment { color rgbt <0,1,1,0> }
	no_shadow
}
cylinder {
	<28.087605, 36.358372, 32.936085>,  <27.364021, 36.237293, 32.660465>, 0.130000
	pigment { color rgbt <1,0,0,0> }
	no_shadow
}

// nucleotide -1

// particle -1
sphere {
	<28.087605, 36.358372, 32.936085> 0.250000
	pigment { color rgbt <1,0,0,0> }
	no_shadow
}
cylinder {
	<27.848841, 36.257771, 33.240833>,  <27.705582, 36.197411, 33.423683>, 0.100000
	pigment { color rgbt <1,0,0,0> }
	no_shadow
}
cylinder {
	<27.848841, 36.257771, 33.240833>,  <28.087605, 36.358372, 32.936085>, 0.100000
	pigment { color rgbt <1,0,0,0> }
	no_shadow
}

// particle -1
sphere {
	<27.848841, 36.257771, 33.240833> 0.100000
	pigment { color rgbt <1,0,0,0> }
	no_shadow
}
sphere {
	0, 1
	scale<0.080000,0.200000,0.300000>
	matrix <0.778280, -0.412168, 0.473706,
		0.194879, 0.875707, 0.441768,
		-0.596910, -0.251504, 0.761869,
		27.669767, 36.182320, 33.469395>
	pigment { color rgbt <0,1,1,0> }
	no_shadow
}
cylinder {
	<28.130781, 36.562298, 33.667076>,  <28.087605, 36.358372, 32.936085>, 0.130000
	pigment { color rgbt <1,0,0,0> }
	no_shadow
}

// nucleotide -1

// particle -1
sphere {
	<28.130781, 36.562298, 33.667076> 0.250000
	pigment { color rgbt <1,0,0,0> }
	no_shadow
}
cylinder {
	<27.866449, 36.520939, 33.964428>,  <27.707850, 36.496124, 34.142838>, 0.100000
	pigment { color rgbt <1,0,0,0> }
	no_shadow
}
cylinder {
	<27.866449, 36.520939, 33.964428>,  <28.130781, 36.562298, 33.667076>, 0.100000
	pigment { color rgbt <1,0,0,0> }
	no_shadow
}

// particle -1
sphere {
	<27.866449, 36.520939, 33.964428> 0.100000
	pigment { color rgbt <1,0,0,0> }
	no_shadow
}
sphere {
	0, 1
	scale<0.080000,0.200000,0.300000>
	matrix <0.606232, -0.657462, 0.447467,
		0.442479, 0.746360, 0.497150,
		-0.660829, -0.103394, 0.743381,
		27.668201, 36.489922, 34.187443>
	pigment { color rgbt <0,1,1,0> }
	no_shadow
}
cylinder {
	<28.287304, 36.985027, 34.268646>,  <28.130781, 36.562298, 33.667076>, 0.130000
	pigment { color rgbt <1,0,0,0> }
	no_shadow
}

// nucleotide -1

// particle -1
sphere {
	<28.287304, 36.985027, 34.268646> 0.250000
	pigment { color rgbt <1,0,0,0> }
	no_shadow
}
cylinder {
	<28.108885, 36.627033, 34.271389>,  <28.001833, 36.412239, 34.273033>, 0.100000
	pigment { color rgbt <1,0,0,0> }
	no_shadow
}
cylinder {
	<28.108885, 36.627033, 34.271389>,  <28.287304, 36.985027, 34.268646>, 0.100000
	pigment { color rgbt <1,0,0,0> }
	no_shadow
}

// particle -1
sphere {
	<28.108885, 36.627033, 34.271389> 0.100000
	pigment { color rgbt <1,0,0,0> }
	no_shadow
}
sphere {
	0, 1
	scale<0.080000,0.200000,0.300000>
	matrix <0.774295, -0.382034, 0.504498,
		-0.448898, 0.230337, 0.863386,
		-0.446047, -0.894983, 0.006854,
		27.975071, 36.358540, 34.273445>
	pigment { color rgbt <0,1,1,0> }
	no_shadow
}
cylinder {
	<28.340553, 36.634872, 34.920418>,  <28.287304, 36.985027, 34.268646>, 0.130000
	pigment { color rgbt <1,0,0,0> }
	no_shadow
}

// nucleotide -1

// particle -1
sphere {
	<28.340553, 36.634872, 34.920418> 0.250000
	pigment { color rgbt <1,0,0,0> }
	no_shadow
}
cylinder {
	<28.296209, 36.334263, 34.660286>,  <28.269604, 36.153896, 34.504208>, 0.100000
	pigment { color rgbt <1,0,0,0> }
	no_shadow
}
cylinder {
	<28.296209, 36.334263, 34.660286>,  <28.340553, 36.634872, 34.920418>, 0.100000
	pigment { color rgbt <1,0,0,0> }
	no_shadow
}

// particle -1
sphere {
	<28.296209, 36.334263, 34.660286> 0.100000
	pigment { color rgbt <1,0,0,0> }
	no_shadow
}
sphere {
	0, 1
	scale<0.080000,0.200000,0.300000>
	matrix <0.928263, -0.312050, 0.202368,
		-0.355019, -0.581240, 0.732203,
		-0.110859, -0.751522, -0.650327,
		28.262951, 36.108807, 34.465187>
	pigment { color rgbt <0,1,1,0> }
	no_shadow
}
cylinder {
	<28.613209, 35.956047, 35.213589>,  <28.340553, 36.634872, 34.920418>, 0.130000
	pigment { color rgbt <1,0,0,0> }
	no_shadow
}

// nucleotide -1

// particle -1
sphere {
	<28.613209, 35.956047, 35.213589> 0.250000
	pigment { color rgbt <1,0,0,0> }
	no_shadow
}
cylinder {
	<28.630983, 35.921814, 34.815453>,  <28.641647, 35.901276, 34.576572>, 0.100000
	pigment { color rgbt <1,0,0,0> }
	no_shadow
}
cylinder {
	<28.630983, 35.921814, 34.815453>,  <28.613209, 35.956047, 35.213589>, 0.100000
	pigment { color rgbt <1,0,0,0> }
	no_shadow
}

// particle -1
sphere {
	<28.630983, 35.921814, 34.815453> 0.100000
	pigment { color rgbt <1,0,0,0> }
	no_shadow
}
sphere {
	0, 1
	scale<0.080000,0.200000,0.300000>
	matrix <0.860658, -0.502597, 0.081639,
		-0.507241, -0.860275, 0.051323,
		0.044437, -0.085583, -0.995340,
		28.644314, 35.896137, 34.516850>
	pigment { color rgbt <0,1,1,0> }
	no_shadow
}
cylinder {
	<28.813679, 35.308636, 34.888927>,  <28.613209, 35.956047, 35.213589>, 0.130000
	pigment { color rgbt <1,0,0,0> }
	no_shadow
}

// nucleotide -1

// particle -1
sphere {
	<28.813679, 35.308636, 34.888927> 0.250000
	pigment { color rgbt <1,0,0,0> }
	no_shadow
}
cylinder {
	<28.949883, 35.592545, 34.642262>,  <29.031605, 35.762890, 34.494263>, 0.100000
	pigment { color rgbt <1,0,0,0> }
	no_shadow
}
cylinder {
	<28.949883, 35.592545, 34.642262>,  <28.813679, 35.308636, 34.888927>, 0.100000
	pigment { color rgbt <1,0,0,0> }
	no_shadow
}

// particle -1
sphere {
	<28.949883, 35.592545, 34.642262> 0.100000
	pigment { color rgbt <1,0,0,0> }
	no_shadow
}
sphere {
	0, 1
	scale<0.080000,0.200000,0.300000>
	matrix <0.940181, -0.264478, 0.214735,
		-0.010682, -0.652899, -0.757370,
		0.340508, 0.709771, -0.616668,
		29.052034, 35.805477, 34.457260>
	pigment { color rgbt <0,1,1,0> }
	no_shadow
}
cylinder {
	<29.436047, 35.015854, 34.509205>,  <28.813679, 35.308636, 34.888927>, 0.130000
	pigment { color rgbt <1,0,0,0> }
	no_shadow
}

// nucleotide -1

// particle -1
sphere {
	<29.436047, 35.015854, 34.509205> 0.250000
	pigment { color rgbt <1,0,0,0> }
	no_shadow
}
cylinder {
	<29.452000, 35.414631, 34.536076>,  <29.461571, 35.653896, 34.552197>, 0.100000
	pigment { color rgbt <1,0,0,0> }
	no_shadow
}
cylinder {
	<29.452000, 35.414631, 34.536076>,  <29.436047, 35.015854, 34.509205>, 0.100000
	pigment { color rgbt <1,0,0,0> }
	no_shadow
}

// particle -1
sphere {
	<29.452000, 35.414631, 34.536076> 0.100000
	pigment { color rgbt <1,0,0,0> }
	no_shadow
}
sphere {
	0, 1
	scale<0.080000,0.200000,0.300000>
	matrix <0.929946, -0.061627, 0.362495,
		0.365527, 0.048009, -0.929562,
		0.039883, 0.996944, 0.067172,
		29.463964, 35.713715, 34.556229>
	pigment { color rgbt <0,1,1,0> }
	no_shadow
}
cylinder {
	<30.034208, 35.241005, 34.169476>,  <29.436047, 35.015854, 34.509205>, 0.130000
	pigment { color rgbt <1,0,0,0> }
	no_shadow
}

// nucleotide -1

// particle -1
sphere {
	<30.034208, 35.241005, 34.169476> 0.250000
	pigment { color rgbt <1,0,0,0> }
	no_shadow
}
cylinder {
	<29.955523, 35.499165, 34.464710>,  <29.908312, 35.654060, 34.641850>, 0.100000
	pigment { color rgbt <1,0,0,0> }
	no_shadow
}
cylinder {
	<29.955523, 35.499165, 34.464710>,  <30.034208, 35.241005, 34.169476>, 0.100000
	pigment { color rgbt <1,0,0,0> }
	no_shadow
}

// particle -1
sphere {
	<29.955523, 35.499165, 34.464710> 0.100000
	pigment { color rgbt <1,0,0,0> }
	no_shadow
}
sphere {
	0, 1
	scale<0.080000,0.200000,0.300000>
	matrix <0.977737, 0.073044, 0.196712,
		0.073044, 0.760348, -0.645396,
		-0.196712, 0.645396, 0.738084,
		29.896509, 35.692783, 34.686134>
	pigment { color rgbt <0,1,1,0> }
	no_shadow
}
cylinder {
	<29.712772, 35.908222, 34.078667>,  <30.034208, 35.241005, 34.169476>, 0.130000
	pigment { color rgbt <1,0,0,0> }
	no_shadow
}

// nucleotide -1

// particle -1
sphere {
	<29.712772, 35.908222, 34.078667> 0.250000
	pigment { color rgbt <1,0,0,0> }
	no_shadow
}
cylinder {
	<29.526932, 35.555073, 34.051311>,  <29.415428, 35.343182, 34.034897>, 0.100000
	pigment { color rgbt <1,0,0,0> }
	no_shadow
}
cylinder {
	<29.526932, 35.555073, 34.051311>,  <29.712772, 35.908222, 34.078667>, 0.100000
	pigment { color rgbt <1,0,0,0> }
	no_shadow
}

// particle -1
sphere {
	<29.526932, 35.555073, 34.051311> 0.100000
	pigment { color rgbt <1,0,0,0> }
	no_shadow
}
sphere {
	0, 1
	scale<0.080000,0.200000,0.300000>
	matrix <-0.874523, 0.469595, -0.121204,
		0.139122, 0.003495, -0.990269,
		-0.464602, -0.882875, -0.068387,
		29.387550, 35.290211, 34.030796>
	pigment { color rgbt <0,1,1,0> }
	no_shadow
}
cylinder {
	<29.299564, 36.093445, 33.545830>,  <29.712772, 35.908222, 34.078667>, 0.130000
	pigment { color rgbt <1,0,0,0> }
	no_shadow
}

// nucleotide -1

// particle -1
sphere {
	<29.299564, 36.093445, 33.545830> 0.250000
	pigment { color rgbt <1,0,0,0> }
	no_shadow
}
cylinder {
	<29.170404, 35.816143, 33.803555>,  <29.092909, 35.649761, 33.958187>, 0.100000
	pigment { color rgbt <1,0,0,0> }
	no_shadow
}
cylinder {
	<29.170404, 35.816143, 33.803555>,  <29.299564, 36.093445, 33.545830>, 0.100000
	pigment { color rgbt <1,0,0,0> }
	no_shadow
}

// particle -1
sphere {
	<29.170404, 35.816143, 33.803555> 0.100000
	pigment { color rgbt <1,0,0,0> }
	no_shadow
}
sphere {
	0, 1
	scale<0.080000,0.200000,0.300000>
	matrix <-0.898610, 0.438237, 0.021187,
