// switches for output
#declare DRAW_BASES = 1; // possible values are 0, 1; only relevant for DNA ribbons
#declare DRAW_BASES_TYPE = 3; // possible values are 1, 2, 3; only relevant for DNA ribbons
#declare DRAW_FOG = 0; // set to 1 to enable fog

#include "colors.inc"

#include "transforms.inc"
background { rgb <1, 1, 1>}

#default {
   normal{
       ripples 0.25
       frequency 0.20
       turbulence 0.2
       lambda 5
   }
	finish {
		phong 0.1
		phong_size 40.
	}
}

// original window dimensions: 1024x640


// camera settings

camera {
	sky <0, 0.179814, -0.983701>
	up <0, 0.179814, -0.983701>
	right 1.6 * <1, 0, 0>
	location <35, 94.9851, 44.8844>
	look_at <35, 29.7336, 32.9568>
	direction <0, -65.2515, -11.9276>
	angle 67.0682
}


# declare cpy_camera_pos = <35, 94.9851, 44.8844>;
# if (DRAW_FOG = 1)
fog {
	fog_type 2
	up vnormalize(cpy_camera_pos)
	color rgbt<1,1,1,0.3>
	distance 1e-5
	fog_alt 3e-3
	fog_offset 56
}
# end


// LIGHTS

# declare lum = 6;
global_settings {
	ambient_light rgb lum * <0.05, 0.05, 0.05>
	max_trace_level 15
}# declare cpy_direct_light_amount = 0.25;
light_source
{	1000 * <-1, -1.16352, -0.803886>,
	rgb lum * cpy_direct_light_amount
	parallel
}

light_source
{	1000 * <1, 1.16352, 0.803886>,
	rgb lum * cpy_direct_light_amount
	parallel
}

// strand 0

// nucleotide -1

// particle -1
sphere {
	<24.515171, 34.726265, 35.002716> 0.250000
	pigment { color rgbt <1,0,0,0> }
	no_shadow
}
cylinder {
	<24.162104, 34.907272, 35.053509>,  <23.950264, 35.015877, 35.083984>, 0.100000
	pigment { color rgbt <1,0,0,0> }
	no_shadow
}
cylinder {
	<24.162104, 34.907272, 35.053509>,  <24.515171, 34.726265, 35.002716>, 0.100000
	pigment { color rgbt <1,0,0,0> }
	no_shadow
}

// particle -1
sphere {
	<24.162104, 34.907272, 35.053509> 0.100000
	pigment { color rgbt <1,0,0,0> }
	no_shadow
}
sphere {
	0, 1
	scale<0.080000,0.200000,0.300000>
	matrix <0.415958, 0.626349, 0.659292,
		0.218803, 0.634756, -0.741087,
		-0.882669, 0.452516, 0.126985,
		23.897303, 35.043026, 35.091606>
	pigment { color rgbt <0,1,1,0> }
	no_shadow
}
cylinder {
	<24.767059, 34.768951, 34.314152>,  <24.515171, 34.726265, 35.002716>, 0.130000
	pigment { color rgbt <1,0,0,0> }
	no_shadow
}

// nucleotide -1

// particle -1
sphere {
	<24.767059, 34.768951, 34.314152> 0.250000
	pigment { color rgbt <1,0,0,0> }
	no_shadow
}
cylinder {
	<24.965937, 34.949863, 34.017979>,  <25.085262, 35.058411, 33.840275>, 0.100000
	pigment { color rgbt <1,0,0,0> }
	no_shadow
}
cylinder {
	<24.965937, 34.949863, 34.017979>,  <24.767059, 34.768951, 34.314152>, 0.100000
	pigment { color rgbt <1,0,0,0> }
	no_shadow
}

// particle -1
sphere {
	<24.965937, 34.949863, 34.017979> 0.100000
	pigment { color rgbt <1,0,0,0> }
	no_shadow
}
sphere {
	0, 1
	scale<0.080000,0.200000,0.300000>
	matrix <-0.137425, 0.883664, 0.447495,
		0.856687, -0.120737, 0.501507,
		0.497193, 0.452283, -0.740432,
		25.115095, 35.085548, 33.795849>
	pigment { color rgbt <0,1,1,0> }
	no_shadow
}
cylinder {
	<25.570990, 34.713333, 34.218239>,  <24.767059, 34.768951, 34.314152>, 0.130000
	pigment { color rgbt <1,0,0,0> }
	no_shadow
}

// nucleotide -1

// particle -1
sphere {
	<25.570990, 34.713333, 34.218239> 0.250000
	pigment { color rgbt <1,0,0,0> }
	no_shadow
}
cylinder {
	<25.968531, 34.683941, 34.185120>,  <26.207056, 34.666306, 34.165249>, 0.100000
	pigment { color rgbt <1,0,0,0> }
	no_shadow
}
cylinder {
	<25.968531, 34.683941, 34.185120>,  <25.570990, 34.713333, 34.218239>, 0.100000
	pigment { color rgbt <1,0,0,0> }
	no_shadow
}

// particle -1
sphere {
	<25.968531, 34.683941, 34.185120> 0.100000
	pigment { color rgbt <1,0,0,0> }
	no_shadow
}
sphere {
	0, 1
	scale<0.080000,0.200000,0.300000>
	matrix <-0.104087, -0.365640, -0.924918,
		0.037687, 0.927851, -0.371040,
		0.993854, -0.073478, -0.082798,
		26.266687, 34.661896, 34.160282>
	pigment { color rgbt <0,1,1,0> }
	no_shadow
}
cylinder {
	<25.788637, 34.895508, 33.459316>,  <25.570990, 34.713333, 34.218239>, 0.130000
	pigment { color rgbt <1,0,0,0> }
	no_shadow
}

// nucleotide -1

// particle -1
sphere {
	<25.788637, 34.895508, 33.459316> 0.250000
	pigment { color rgbt <1,0,0,0> }
	no_shadow
}
cylinder {
	<26.099020, 34.698643, 33.617134>,  <26.285250, 34.580524, 33.711826>, 0.100000
	pigment { color rgbt <1,0,0,0> }
	no_shadow
}
cylinder {
	<26.099020, 34.698643, 33.617134>,  <25.788637, 34.895508, 33.459316>, 0.100000
	pigment { color rgbt <1,0,0,0> }
	no_shadow
}

// particle -1
sphere {
	<26.099020, 34.698643, 33.617134> 0.100000
	pigment { color rgbt <1,0,0,0> }
	no_shadow
}
sphere {
	0, 1
	scale<0.080000,0.200000,0.300000>
	matrix <0.030464, -0.595514, -0.802767,
		0.630049, 0.634933, -0.447100,
		0.775958, -0.492162, 0.394545,
		26.331808, 34.550995, 33.735497>
	pigment { color rgbt <0,1,1,0> }
	no_shadow
}
cylinder {
	<26.352734, 34.827042, 32.888222>,  <25.788637, 34.895508, 33.459316>, 0.130000
	pigment { color rgbt <1,0,0,0> }
	no_shadow
}

// nucleotide -1

// particle -1
sphere {
	<26.352734, 34.827042, 32.888222> 0.250000
	pigment { color rgbt <1,0,0,0> }
	no_shadow
}
cylinder {
	<26.391348, 34.541706, 33.165878>,  <26.414516, 34.370506, 33.332474>, 0.100000
	pigment { color rgbt <1,0,0,0> }
	no_shadow
}
cylinder {
	<26.391348, 34.541706, 33.165878>,  <26.352734, 34.827042, 32.888222>, 0.100000
	pigment { color rgbt <1,0,0,0> }
	no_shadow
}

// particle -1
sphere {
	<26.391348, 34.541706, 33.165878> 0.100000
	pigment { color rgbt <1,0,0,0> }
	no_shadow
}
sphere {
	0, 1
	scale<0.080000,0.200000,0.300000>
	matrix <0.043748, -0.693684, -0.718949,
		0.994368, 0.099771, -0.035757,
		0.096534, -0.713336, 0.694142,
		26.420309, 34.327705, 33.374123>
	pigment { color rgbt <0,1,1,0> }
	no_shadow
}
cylinder {
	<26.836294, 34.455387, 32.671486>,  <26.352734, 34.827042, 32.888222>, 0.130000
	pigment { color rgbt <1,0,0,0> }
	no_shadow
}

// nucleotide -1

// particle -1
sphere {
	<26.836294, 34.455387, 32.671486> 0.250000
	pigment { color rgbt <1,0,0,0> }
	no_shadow
}
cylinder {
	<26.594069, 34.247601, 32.912632>,  <26.448734, 34.122929, 33.057320>, 0.100000
	pigment { color rgbt <1,0,0,0> }
	no_shadow
}
cylinder {
	<26.594069, 34.247601, 32.912632>,  <26.836294, 34.455387, 32.671486>, 0.100000
	pigment { color rgbt <1,0,0,0> }
	no_shadow
}

// particle -1
sphere {
	<26.594069, 34.247601, 32.912632> 0.100000
	pigment { color rgbt <1,0,0,0> }
	no_shadow
}
sphere {
	0, 1
	scale<0.080000,0.200000,0.300000>
	matrix <-0.141244, -0.675377, -0.723820,
		0.783163, -0.523469, 0.335611,
		-0.605562, -0.519467, 0.602867,
		26.412399, 34.091759, 33.093491>
	pigment { color rgbt <0,1,1,0> }
	no_shadow
}
cylinder {
	<27.034676, 33.762020, 32.768856>,  <26.836294, 34.455387, 32.671486>, 0.130000
	pigment { color rgbt <1,0,0,0> }
	no_shadow
}

// nucleotide -1

// particle -1
sphere {
	<27.034676, 33.762020, 32.768856> 0.250000
	pigment { color rgbt <1,0,0,0> }
	no_shadow
}
cylinder {
	<26.641945, 33.837818, 32.772926>,  <26.406305, 33.883297, 32.775368>, 0.100000
	pigment { color rgbt <1,0,0,0> }
	no_shadow
}
cylinder {
	<26.641945, 33.837818, 32.772926>,  <27.034676, 33.762020, 32.768856>, 0.100000
	pigment { color rgbt <1,0,0,0> }
	no_shadow
}

// particle -1
sphere {
	<26.641945, 33.837818, 32.772926> 0.100000
	pigment { color rgbt <1,0,0,0> }
	no_shadow
}
sphere {
	0, 1
	scale<0.080000,0.200000,0.300000>
	matrix <-0.107627, -0.511865, -0.852298,
		-0.156296, -0.837906, 0.522958,
		-0.981829, 0.189495, 0.010179,
		26.347397, 33.894669, 32.775982>
	pigment { color rgbt <0,1,1,0> }
	no_shadow
}
cylinder {
	<26.610504, 33.128654, 32.657463>,  <27.034676, 33.762020, 32.768856>, 0.130000
	pigment { color rgbt <1,0,0,0> }
	no_shadow
}

// nucleotide -1

// particle -1
sphere {
	<26.610504, 33.128654, 32.657463> 0.250000
	pigment { color rgbt <1,0,0,0> }
	no_shadow
}
cylinder {
	<26.328367, 33.402973, 32.585709>,  <26.159084, 33.567562, 32.542656>, 0.100000
	pigment { color rgbt <1,0,0,0> }
	no_shadow
}
cylinder {
	<26.328367, 33.402973, 32.585709>,  <26.610504, 33.128654, 32.657463>, 0.100000
	pigment { color rgbt <1,0,0,0> }
	no_shadow
}

// particle -1
sphere {
	<26.328367, 33.402973, 32.585709> 0.100000
	pigment { color rgbt <1,0,0,0> }
	no_shadow
}
sphere {
	0, 1
	scale<0.080000,0.200000,0.300000>
	matrix <-0.352279, -0.558721, -0.750820,
		-0.615136, -0.466389, 0.635680,
		-0.705341, 0.685794, -0.179390,
		26.116764, 33.608711, 32.531891>
	pigment { color rgbt <0,1,1,0> }
	no_shadow
}
cylinder {
	<25.874800, 32.833008, 32.663048>,  <26.610504, 33.128654, 32.657463>, 0.130000
	pigment { color rgbt <1,0,0,0> }
	no_shadow
}

// nucleotide -1

// particle -1
sphere {
	<25.874800, 32.833008, 32.663048> 0.250000
	pigment { color rgbt <1,0,0,0> }
	no_shadow
}
cylinder {
	<25.913651, 33.156303, 32.430733>,  <25.936960, 33.350281, 32.291344>, 0.100000
	pigment { color rgbt <1,0,0,0> }
	no_shadow
}
cylinder {
	<25.913651, 33.156303, 32.430733>,  <25.874800, 32.833008, 32.663048>, 0.100000
	pigment { color rgbt <1,0,0,0> }
	no_shadow
}

// particle -1
sphere {
	<25.913651, 33.156303, 32.430733> 0.100000
	pigment { color rgbt <1,0,0,0> }
	no_shadow
}
sphere {
	0, 1
	scale<0.080000,0.200000,0.300000>
	matrix <-0.402941, -0.501649, -0.765497,
		-0.910058, 0.308372, 0.276951,
		0.097126, 0.808241, -0.580786,
		25.942789, 33.398777, 32.256496>
	pigment { color rgbt <0,1,1,0> }
	no_shadow
}
cylinder {
	<25.265863, 32.774590, 32.338348>,  <25.874800, 32.833008, 32.663048>, 0.130000
	pigment { color rgbt <1,0,0,0> }
	no_shadow
}

// nucleotide -1

// particle -1
sphere {
	<25.265863, 32.774590, 32.338348> 0.250000
	pigment { color rgbt <1,0,0,0> }
	no_shadow
}
cylinder {
	<25.489601, 33.018501, 32.113743>,  <25.623844, 33.164848, 31.978979>, 0.100000
	pigment { color rgbt <1,0,0,0> }
	no_shadow
}
cylinder {
	<25.489601, 33.018501, 32.113743>,  <25.265863, 32.774590, 32.338348>, 0.100000
	pigment { color rgbt <1,0,0,0> }
	no_shadow
}

// particle -1
sphere {
	<25.489601, 33.018501, 32.113743> 0.100000
	pigment { color rgbt <1,0,0,0> }
	no_shadow
}
sphere {
	0, 1
	scale<0.080000,0.200000,0.300000>
	matrix <-0.298545, -0.483741, -0.822718,
		-0.773307, 0.627820, -0.088531,
		0.559345, 0.609784, -0.561513,
		25.657404, 33.201435, 31.945290>
	pigment { color rgbt <0,1,1,0> }
	no_shadow
}
cylinder {
	<24.832510, 33.028374, 31.700993>,  <25.265863, 32.774590, 32.338348>, 0.130000
	pigment { color rgbt <1,0,0,0> }
	no_shadow
}

// nucleotide -1

// particle -1
sphere {
	<24.832510, 33.028374, 31.700993> 0.250000
	pigment { color rgbt <1,0,0,0> }
	no_shadow
}
cylinder {
	<25.208080, 33.111538, 31.591311>,  <25.433422, 33.161438, 31.525501>, 0.100000
	pigment { color rgbt <1,0,0,0> }
	no_shadow
}
cylinder {
	<25.208080, 33.111538, 31.591311>,  <24.832510, 33.028374, 31.700993>, 0.100000
	pigment { color rgbt <1,0,0,0> }
	no_shadow
}

// particle -1
sphere {
	<25.208080, 33.111538, 31.591311> 0.100000
	pigment { color rgbt <1,0,0,0> }
	no_shadow
}
sphere {
	0, 1
	scale<0.080000,0.200000,0.300000>
	matrix <-0.193401, -0.340246, -0.920233,
		-0.284624, 0.917063, -0.279256,
		0.938928, 0.207912, -0.274203,
		25.489759, 33.173912, 31.509050>
	pigment { color rgbt <0,1,1,0> }
	no_shadow
}
cylinder {
	<24.902306, 33.564964, 31.043198>,  <24.832510, 33.028374, 31.700993>, 0.130000
	pigment { color rgbt <1,0,0,0> }
	no_shadow
}

// nucleotide -1

// particle -1
sphere {
	<24.902306, 33.564964, 31.043198> 0.250000
	pigment { color rgbt <1,0,0,0> }
	no_shadow
}
cylinder {
	<25.189415, 33.290730, 31.091810>,  <25.361681, 33.126190, 31.120977>, 0.100000
	pigment { color rgbt <1,0,0,0> }
	no_shadow
}
cylinder {
	<25.189415, 33.290730, 31.091810>,  <24.902306, 33.564964, 31.043198>, 0.100000
	pigment { color rgbt <1,0,0,0> }
	no_shadow
}

// particle -1
sphere {
	<25.189415, 33.290730, 31.091810> 0.100000
	pigment { color rgbt <1,0,0,0> }
	no_shadow
}
sphere {
	0, 1
	scale<0.080000,0.200000,0.300000>
	matrix <-0.329323, -0.488070, -0.808291,
		0.613469, 0.540148, -0.576104,
		0.717775, -0.685586, 0.121533,
		25.404747, 33.085052, 31.128269>
	pigment { color rgbt <0,1,1,0> }
	no_shadow
}
cylinder {
	<25.375185, 33.385769, 30.526445>,  <24.902306, 33.564964, 31.043198>, 0.130000
	pigment { color rgbt <1,0,0,0> }
	no_shadow
}

// nucleotide -1

// particle -1
sphere {
	<25.375185, 33.385769, 30.526445> 0.250000
	pigment { color rgbt <1,0,0,0> }
	no_shadow
}
cylinder {
	<25.403959, 33.044819, 30.733627>,  <25.421223, 32.840248, 30.857937>, 0.100000
	pigment { color rgbt <1,0,0,0> }
	no_shadow
}
cylinder {
	<25.403959, 33.044819, 30.733627>,  <25.375185, 33.385769, 30.526445>, 0.100000
	pigment { color rgbt <1,0,0,0> }
	no_shadow
}

// particle -1
sphere {
	<25.403959, 33.044819, 30.733627> 0.100000
	pigment { color rgbt <1,0,0,0> }
	no_shadow
}
sphere {
	0, 1
	scale<0.080000,0.200000,0.300000>
	matrix <0.008557, -0.518752, -0.854882,
		0.997373, 0.065927, -0.030022,
		0.071933, -0.852379, 0.517953,
		25.425539, 32.789104, 30.889013>
	pigment { color rgbt <0,1,1,0> }
	no_shadow
}
cylinder {
	<26.023024, 33.135521, 30.288450>,  <25.375185, 33.385769, 30.526445>, 0.130000
	pigment { color rgbt <1,0,0,0> }
	no_shadow
}

// nucleotide -1

// particle -1
sphere {
	<26.023024, 33.135521, 30.288450> 0.250000
	pigment { color rgbt <1,0,0,0> }
	no_shadow
}
cylinder {
	<25.765661, 32.858036, 30.417936>,  <25.611244, 32.691544, 30.495628>, 0.100000
	pigment { color rgbt <1,0,0,0> }
	no_shadow
}
cylinder {
	<25.765661, 32.858036, 30.417936>,  <26.023024, 33.135521, 30.288450>, 0.100000
	pigment { color rgbt <1,0,0,0> }
	no_shadow
}

// particle -1
sphere {
	<25.765661, 32.858036, 30.417936> 0.100000
	pigment { color rgbt <1,0,0,0> }
	no_shadow
}
sphere {
	0, 1
	scale<0.080000,0.200000,0.300000>
	matrix <0.382866, -0.657781, -0.648643,
		0.662907, -0.293401, 0.688818,
		-0.643404, -0.693715, 0.323714,
		25.572639, 32.649921, 30.515051>
	pigment { color rgbt <0,1,1,0> }
	no_shadow
}
cylinder {
	<26.160862, 32.532398, 30.643009>,  <26.023024, 33.135521, 30.288450>, 0.130000
	pigment { color rgbt <1,0,0,0> }
	no_shadow
}

// nucleotide -1

// particle -1
sphere {
	<26.160862, 32.532398, 30.643009> 0.250000
	pigment { color rgbt <1,0,0,0> }
	no_shadow
}
cylinder {
	<26.523212, 32.639385, 30.511650>,  <26.740623, 32.703579, 30.432835>, 0.100000
	pigment { color rgbt <1,0,0,0> }
	no_shadow
}
cylinder {
	<26.523212, 32.639385, 30.511650>,  <26.160862, 32.532398, 30.643009>, 0.100000
	pigment { color rgbt <1,0,0,0> }
	no_shadow
}

// particle -1
sphere {
	<26.523212, 32.639385, 30.511650> 0.100000
	pigment { color rgbt <1,0,0,0> }
	no_shadow
}
sphere {
	0, 1
	scale<0.080000,0.200000,0.300000>
	matrix <-0.029142, 0.812894, 0.581682,
		0.422535, -0.517363, 0.744177,
		0.905878, 0.267468, -0.328399,
		26.794975, 32.719627, 30.413130>
	pigment { color rgbt <0,1,1,0> }
	no_shadow
}
cylinder {
	<26.673376, 32.747852, 31.265213>,  <26.160862, 32.532398, 30.643009>, 0.130000
	pigment { color rgbt <1,0,0,0> }
	no_shadow
}

// nucleotide -1

// particle -1
sphere {
	<26.673376, 32.747852, 31.265213> 0.250000
	pigment { color rgbt <1,0,0,0> }
	no_shadow
}
cylinder {
	<26.310156, 32.873653, 31.154558>,  <26.092224, 32.949135, 31.088165>, 0.100000
	pigment { color rgbt <1,0,0,0> }
	no_shadow
}
cylinder {
	<26.310156, 32.873653, 31.154558>,  <26.673376, 32.747852, 31.265213>, 0.100000
	pigment { color rgbt <1,0,0,0> }
	no_shadow
}

// particle -1
sphere {
	<26.310156, 32.873653, 31.154558> 0.100000
	pigment { color rgbt <1,0,0,0> }
	no_shadow
}
sphere {
	0, 1
	scale<0.080000,0.200000,0.300000>
	matrix <0.015025, 0.684490, 0.728868,
		0.418586, 0.657694, -0.626278,
		-0.908053, 0.314503, -0.276636,
		26.037741, 32.968006, 31.071568>
	pigment { color rgbt <0,1,1,0> }
	no_shadow
}
cylinder {
	<26.695469, 33.363289, 31.168091>,  <26.673376, 32.747852, 31.265213>, 0.130000
	pigment { color rgbt <1,0,0,0> }
	no_shadow
}

// nucleotide -1

// particle -1
sphere {
	<26.695469, 33.363289, 31.168091> 0.250000
	pigment { color rgbt <1,0,0,0> }
	no_shadow
}
cylinder {
	<26.306654, 33.324371, 31.253580>,  <26.073364, 33.301022, 31.304873>, 0.100000
	pigment { color rgbt <1,0,0,0> }
	no_shadow
}
cylinder {
	<26.306654, 33.324371, 31.253580>,  <26.695469, 33.363289, 31.168091>, 0.100000
	pigment { color rgbt <1,0,0,0> }
	no_shadow
}

// particle -1
sphere {
	<26.306654, 33.324371, 31.253580> 0.100000
	pigment { color rgbt <1,0,0,0> }
	no_shadow
}
sphere {
	0, 1
	scale<0.080000,0.200000,0.300000>
	matrix <0.087508, 0.694489, 0.714162,
		-0.217912, 0.712895, -0.666555,
		-0.972037, -0.097295, 0.213721,
		26.015043, 33.295181, 31.317696>
	pigment { color rgbt <0,1,1,0> }
	no_shadow
}
cylinder {
	<26.401642, 34.017300, 31.168783>,  <26.695469, 33.363289, 31.168091>, 0.130000
	pigment { color rgbt <1,0,0,0> }
	no_shadow
}

// nucleotide -1

// particle -1
sphere {
	<26.401642, 34.017300, 31.168783> 0.250000
	pigment { color rgbt <1,0,0,0> }
	no_shadow
}
cylinder {
	<26.186970, 33.772636, 31.401283>,  <26.058167, 33.625839, 31.540783>, 0.100000
	pigment { color rgbt <1,0,0,0> }
	no_shadow
}
cylinder {
	<26.186970, 33.772636, 31.401283>,  <26.401642, 34.017300, 31.168783>, 0.100000
	pigment { color rgbt <1,0,0,0> }
	no_shadow
}

// particle -1
sphere {
	<26.186970, 33.772636, 31.401283> 0.100000
	pigment { color rgbt <1,0,0,0> }
	no_shadow
}
sphere {
	0, 1
	scale<0.080000,0.200000,0.300000>
	matrix <-0.007969, 0.692503, 0.721371,
		-0.843747, 0.382514, -0.376528,
		-0.536682, -0.611655, 0.581249,
		26.025965, 33.589138, 31.575659>
	pigment { color rgbt <0,1,1,0> }
	no_shadow
}
cylinder {
	<25.875061, 34.457569, 31.605227>,  <26.401642, 34.017300, 31.168783>, 0.130000
	pigment { color rgbt <1,0,0,0> }
	no_shadow
}

// nucleotide -1

// particle -1
sphere {
	<25.875061, 34.457569, 31.605227> 0.250000
	pigment { color rgbt <1,0,0,0> }
	no_shadow
}
cylinder {
	<25.898880, 34.111900, 31.805088>,  <25.913172, 33.904499, 31.925005>, 0.100000
	pigment { color rgbt <1,0,0,0> }
	no_shadow
}
cylinder {
	<25.898880, 34.111900, 31.805088>,  <25.875061, 34.457569, 31.605227>, 0.100000
	pigment { color rgbt <1,0,0,0> }
	no_shadow
}

// particle -1
sphere {
	<25.898880, 34.111900, 31.805088> 0.100000
	pigment { color rgbt <1,0,0,0> }
	no_shadow
}
sphere {
	0, 1
	scale<0.080000,0.200000,0.300000>
	matrix <-0.140763, 0.488271, 0.861265,
		-0.988251, -0.121619, -0.092569,
		0.059547, -0.864176, 0.499653,
		25.916744, 33.852646, 31.954985>
	pigment { color rgbt <0,1,1,0> }
	no_shadow
}
cylinder {
	<25.297508, 34.546600, 32.131573>,  <25.875061, 34.457569, 31.605227>, 0.130000
	pigment { color rgbt <1,0,0,0> }
	no_shadow
}

// nucleotide -1

// particle -1
sphere {
	<25.297508, 34.546600, 32.131573> 0.250000
	pigment { color rgbt <1,0,0,0> }
	no_shadow
}
cylinder {
	<25.570654, 34.272964, 32.234112>,  <25.734541, 34.108780, 32.295635>, 0.100000
	pigment { color rgbt <1,0,0,0> }
	no_shadow
}
cylinder {
	<25.570654, 34.272964, 32.234112>,  <25.297508, 34.546600, 32.131573>, 0.100000
	pigment { color rgbt <1,0,0,0> }
	no_shadow
}

// particle -1
sphere {
	<25.570654, 34.272964, 32.234112> 0.100000
	pigment { color rgbt <1,0,0,0> }
	no_shadow
}
sphere {
	0, 1
	scale<0.080000,0.200000,0.300000>
	matrix <0.090612, 0.427496, 0.899465,
		-0.724904, -0.590984, 0.353908,
		0.682864, -0.684094, 0.256343,
		25.775513, 34.067738, 32.311016>
	pigment { color rgbt <0,1,1,0> }
	no_shadow
}
cylinder {
	<25.082500, 34.418892, 32.852848>,  <25.297508, 34.546600, 32.131573>, 0.130000
	pigment { color rgbt <1,0,0,0> }
	no_shadow
}

// nucleotide -1

// particle -1
sphere {
	<25.082500, 34.418892, 32.852848> 0.250000
	pigment { color rgbt <1,0,0,0> }
	no_shadow
}
cylinder {
	<25.463312, 34.362473, 32.744221>,  <25.691799, 34.328621, 32.679043>, 0.100000
	pigment { color rgbt <1,0,0,0> }
	no_shadow
}
cylinder {
	<25.463312, 34.362473, 32.744221>,  <25.082500, 34.418892, 32.852848>, 0.100000
	pigment { color rgbt <1,0,0,0> }
	no_shadow
}

// particle -1
sphere {
	<25.463312, 34.362473, 32.744221> 0.100000
	pigment { color rgbt <1,0,0,0> }
	no_shadow
}
sphere {
	0, 1
	scale<0.080000,0.200000,0.300000>
	matrix <0.300448, 0.599313, 0.741994,
		0.058100, -0.787991, 0.612939,
		0.952027, -0.141047, -0.271570,
		25.748920, 34.320160, 32.662750>
	pigment { color rgbt <0,1,1,0> }
	no_shadow
}
cylinder {
	<25.392689, 34.132481, 33.417549>,  <25.082500, 34.418892, 32.852848>, 0.130000
	pigment { color rgbt <1,0,0,0> }
	no_shadow
}

// nucleotide -1

// particle -1
sphere {
	<25.392689, 34.132481, 33.417549> 0.250000
	pigment { color rgbt <1,0,0,0> }
	no_shadow
}
cylinder {
	<25.666601, 34.316109, 33.191158>,  <25.830950, 34.426285, 33.055325>, 0.100000
	pigment { color rgbt <1,0,0,0> }
	no_shadow
}
cylinder {
	<25.666601, 34.316109, 33.191158>,  <25.392689, 34.132481, 33.417549>, 0.100000
	pigment { color rgbt <1,0,0,0> }
	no_shadow
}

// particle -1
sphere {
	<25.666601, 34.316109, 33.191158> 0.100000
	pigment { color rgbt <1,0,0,0> }
	no_shadow
}
sphere {
	0, 1
	scale<0.080000,0.200000,0.300000>
	matrix <0.378545, 0.439566, 0.814547,
		0.622718, -0.772033, 0.127228,
		0.684782, 0.459071, -0.565974,
		25.872036, 34.453831, 33.021366>
	pigment { color rgbt <0,1,1,0> }
	no_shadow
}
cylinder {
	<25.507025, 33.439659, 33.489521>,  <25.392689, 34.132481, 33.417549>, 0.130000
	pigment { color rgbt <1,0,0,0> }
	no_shadow
}

// nucleotide -1

// particle -1
sphere {
	<25.507025, 33.439659, 33.489521> 0.250000
	pigment { color rgbt <1,0,0,0> }
	no_shadow
}
cylinder {
	<25.878727, 33.386818, 33.351513>,  <26.101748, 33.355114, 33.268707>, 0.100000
	pigment { color rgbt <1,0,0,0> }
	no_shadow
}
cylinder {
	<25.878727, 33.386818, 33.351513>,  <25.507025, 33.439659, 33.489521>, 0.100000
	pigment { color rgbt <1,0,0,0> }
	no_shadow
}

// particle -1
sphere {
	<25.878727, 33.386818, 33.351513> 0.100000
	pigment { color rgbt <1,0,0,0> }
	no_shadow
}
sphere {
	0, 1
	scale<0.080000,0.200000,0.300000>
	matrix <0.331277, 0.711338, 0.619883,
		0.163533, -0.690324, 0.704776,
		0.929254, -0.132105, -0.345016,
		26.157503, 33.347187, 33.248009>
	pigment { color rgbt <0,1,1,0> }
	no_shadow
}
cylinder {
	<25.941822, 33.290684, 34.094593>,  <25.507025, 33.439659, 33.489521>, 0.130000
	pigment { color rgbt <1,0,0,0> }
	no_shadow
}

// nucleotide -1

// particle -1
sphere {
	<25.941822, 33.290684, 34.094593> 0.250000
	pigment { color rgbt <1,0,0,0> }
	no_shadow
}
cylinder {
	<26.130894, 33.485790, 33.801018>,  <26.244337, 33.602852, 33.624874>, 0.100000
	pigment { color rgbt <1,0,0,0> }
	no_shadow
}
cylinder {
	<26.130894, 33.485790, 33.801018>,  <25.941822, 33.290684, 34.094593>, 0.100000
	pigment { color rgbt <1,0,0,0> }
	no_shadow
}

// particle -1
sphere {
	<26.130894, 33.485790, 33.801018> 0.100000
	pigment { color rgbt <1,0,0,0> }
	no_shadow
}
sphere {
	0, 1
	scale<0.080000,0.200000,0.300000>
	matrix <0.343349, 0.665096, 0.663143,
		0.811594, -0.565450, 0.146904,
		0.472679, 0.487763, -0.733935,
		26.272697, 33.632118, 33.580837>
	pigment { color rgbt <0,1,1,0> }
	no_shadow
}
cylinder {
	<26.573486, 33.402153, 34.272209>,  <25.941822, 33.290684, 34.094593>, 0.130000
	pigment { color rgbt <1,0,0,0> }
	no_shadow
}

// nucleotide -1

// particle -1
sphere {
	<26.573486, 33.402153, 34.272209> 0.250000
	pigment { color rgbt <1,0,0,0> }
	no_shadow
}
cylinder {
	<26.547329, 33.681892, 33.987495>,  <26.531635, 33.849735, 33.816669>, 0.100000
	pigment { color rgbt <1,0,0,0> }
	no_shadow
}
cylinder {
	<26.547329, 33.681892, 33.987495>,  <26.573486, 33.402153, 34.272209>, 0.100000
	pigment { color rgbt <1,0,0,0> }
	no_shadow
}

// particle -1
sphere {
	<26.547329, 33.681892, 33.987495> 0.100000
	pigment { color rgbt <1,0,0,0> }
	no_shadow
}
sphere {
	0, 1
	scale<0.080000,0.200000,0.300000>
	matrix <0.385829, 0.675549, 0.628306,
		0.920250, -0.233540, -0.314006,
		-0.065392, 0.699351, -0.711780,
		26.527712, 33.891697, 33.773960>
	pigment { color rgbt <0,1,1,0> }
	no_shadow
}
cylinder {
	<27.252674, 33.838829, 34.234020>,  <26.573486, 33.402153, 34.272209>, 0.130000
	pigment { color rgbt <1,0,0,0> }
	no_shadow
}

// nucleotide -1

// particle -1
sphere {
	<27.252674, 33.838829, 34.234020> 0.250000
	pigment { color rgbt <1,0,0,0> }
	no_shadow
}
cylinder {
	<26.954762, 34.048473, 34.068802>,  <26.776014, 34.174259, 33.969669>, 0.100000
	pigment { color rgbt <1,0,0,0> }
	no_shadow
}
cylinder {
	<26.954762, 34.048473, 34.068802>,  <27.252674, 33.838829, 34.234020>, 0.100000
	pigment { color rgbt <1,0,0,0> }
	no_shadow
}

// particle -1
sphere {
	<26.954762, 34.048473, 34.068802> 0.100000
	pigment { color rgbt <1,0,0,0> }
	no_shadow
}
sphere {
	0, 1
	scale<0.080000,0.200000,0.300000>
	matrix <0.227411, 0.781271, 0.581292,
		0.627364, 0.339004, -0.701064,
		-0.744781, 0.524111, -0.413048,
		26.731327, 34.205708, 33.944889>
	pigment { color rgbt <0,1,1,0> }
	no_shadow
}
cylinder {
	<27.494553, 34.505360, 34.076862>,  <27.252674, 33.838829, 34.234020>, 0.130000
	pigment { color rgbt <1,0,0,0> }
	no_shadow
}

// nucleotide -1

// particle -1
sphere {
	<27.494553, 34.505360, 34.076862> 0.250000
	pigment { color rgbt <1,0,0,0> }
	no_shadow
}
cylinder {
	<27.104568, 34.470215, 34.158581>,  <26.870579, 34.449127, 34.207611>, 0.100000
	pigment { color rgbt <1,0,0,0> }
	no_shadow
}
cylinder {
	<27.104568, 34.470215, 34.158581>,  <27.494553, 34.505360, 34.076862>, 0.100000
	pigment { color rgbt <1,0,0,0> }
	no_shadow
}

// particle -1
sphere {
	<27.104568, 34.470215, 34.158581> 0.100000
	pigment { color rgbt <1,0,0,0> }
	no_shadow
}
sphere {
	0, 1
	scale<0.080000,0.200000,0.300000>
	matrix <0.104364, 0.630459, 0.769175,
		-0.196379, 0.771234, -0.605502,
		-0.974958, -0.087858, 0.204298,
		26.812080, 34.443859, 34.219872>
	pigment { color rgbt <0,1,1,0> }
	no_shadow
}
cylinder {
	<27.322590, 35.106739, 34.184658>,  <27.494553, 34.505360, 34.076862>, 0.130000
	pigment { color rgbt <1,0,0,0> }
	no_shadow
}

// nucleotide -1

// particle -1
sphere {
	<27.322590, 35.106739, 34.184658> 0.250000
	pigment { color rgbt <1,0,0,0> }
	no_shadow
}
cylinder {
	<27.066931, 34.870243, 34.381401>,  <26.913534, 34.728344, 34.499447>, 0.100000
	pigment { color rgbt <1,0,0,0> }
	no_shadow
}
cylinder {
	<27.066931, 34.870243, 34.381401>,  <27.322590, 35.106739, 34.184658>, 0.100000
	pigment { color rgbt <1,0,0,0> }
	no_shadow
}

// particle -1
sphere {
	<27.066931, 34.870243, 34.381401> 0.100000
	pigment { color rgbt <1,0,0,0> }
	no_shadow
}
sphere {
	0, 1
	scale<0.080000,0.200000,0.300000>
	matrix <0.101927, 0.568772, 0.816155,
		-0.762298, 0.571778, -0.303267,
		-0.639150, -0.591242, 0.491854,
		26.875185, 34.692871, 34.528957>
	pigment { color rgbt <0,1,1,0> }
	no_shadow
}
cylinder {
	<27.651423, 35.831459, 34.341412>,  <27.322590, 35.106739, 34.184658>, 0.130000
	pigment { color rgbt <1,0,0,0> }
	no_shadow
}

// nucleotide -1

// particle -1
sphere {
	<27.651423, 35.831459, 34.341412> 0.250000
	pigment { color rgbt <1,0,0,0> }
	no_shadow
}
cylinder {
	<27.878954, 35.991959, 34.054237>,  <28.015472, 36.088257, 33.881931>, 0.100000
	pigment { color rgbt <1,0,0,0> }
	no_shadow
}
cylinder {
	<27.878954, 35.991959, 34.054237>,  <27.651423, 35.831459, 34.341412>, 0.100000
	pigment { color rgbt <1,0,0,0> }
	no_shadow
}

// particle -1
sphere {
	<27.878954, 35.991959, 34.054237> 0.100000
	pigment { color rgbt <1,0,0,0> }
	no_shadow
}
sphere {
	0, 1
	scale<0.080000,0.200000,0.300000>
	matrix <-0.072356, 0.893950, 0.442287,
		0.819267, -0.199638, 0.537537,
		0.568828, 0.401246, -0.717939,
		28.049603, 36.112331, 33.838856>
	pigment { color rgbt <0,1,1,0> }
	no_shadow
}
cylinder {
	<28.040676, 36.305542, 34.782188>,  <27.651423, 35.831459, 34.341412>, 0.130000
	pigment { color rgbt <1,0,0,0> }
	no_shadow
}

// nucleotide -1

// particle -1
sphere {
	<28.040676, 36.305542, 34.782188> 0.250000
	pigment { color rgbt <1,0,0,0> }
	no_shadow
}
cylinder {
	<28.088709, 36.401119, 34.396755>,  <28.117529, 36.458466, 34.165497>, 0.100000
	pigment { color rgbt <1,0,0,0> }
	no_shadow
}
cylinder {
	<28.088709, 36.401119, 34.396755>,  <28.040676, 36.305542, 34.782188>, 0.100000
	pigment { color rgbt <1,0,0,0> }
	no_shadow
}

// particle -1
sphere {
	<28.088709, 36.401119, 34.396755> 0.100000
	pigment { color rgbt <1,0,0,0> }
	no_shadow
}
sphere {
	0, 1
	scale<0.080000,0.200000,0.300000>
	matrix <0.183643, 0.948506, 0.258092,
		0.975631, -0.207947, 0.070018,
		0.120082, 0.238944, -0.963580,
		28.124733, 36.472801, 34.107681>
	pigment { color rgbt <0,1,1,0> }
	no_shadow
}
cylinder {
	<28.687866, 36.676483, 34.771942>,  <28.040676, 36.305542, 34.782188>, 0.130000
	pigment { color rgbt <1,0,0,0> }
	no_shadow
}

// nucleotide -1

// particle -1
sphere {
	<28.687866, 36.676483, 34.771942> 0.250000
	pigment { color rgbt <1,0,0,0> }
	no_shadow
}
cylinder {
	<28.489273, 36.758614, 34.434578>,  <28.370117, 36.807892, 34.232159>, 0.100000
	pigment { color rgbt <1,0,0,0> }
	no_shadow
}
cylinder {
	<28.489273, 36.758614, 34.434578>,  <28.687866, 36.676483, 34.771942>, 0.100000
	pigment { color rgbt <1,0,0,0> }
	no_shadow
}

// particle -1
sphere {
	<28.489273, 36.758614, 34.434578> 0.100000
	pigment { color rgbt <1,0,0,0> }
	no_shadow
}
sphere {
	0, 1
	scale<0.080000,0.200000,0.300000>
	matrix <0.184724, 0.974358, 0.128468,
		0.848163, -0.092016, -0.521682,
		-0.496484, 0.205329, -0.843412,
		28.340328, 36.820213, 34.181553>
	pigment { color rgbt <0,1,1,0> }
	no_shadow
}
cylinder {
	<29.071907, 37.174599, 34.362179>,  <28.687866, 36.676483, 34.771942>, 0.130000
	pigment { color rgbt <1,0,0,0> }
	no_shadow
}

// nucleotide -1

// particle -1
sphere {
	<29.071907, 37.174599, 34.362179> 0.250000
	pigment { color rgbt <1,0,0,0> }
	no_shadow
}
cylinder {
	<28.693287, 37.196568, 34.235043>,  <28.466114, 37.209747, 34.158760>, 0.100000
	pigment { color rgbt <1,0,0,0> }
	no_shadow
}
cylinder {
	<28.693287, 37.196568, 34.235043>,  <29.071907, 37.174599, 34.362179>, 0.100000
	pigment { color rgbt <1,0,0,0> }
	no_shadow
}

// particle -1
sphere {
	<28.693287, 37.196568, 34.235043> 0.100000
	pigment { color rgbt <1,0,0,0> }
	no_shadow
}
sphere {
	0, 1
	scale<0.080000,0.200000,0.300000>
	matrix <0.019565, 0.993358, 0.113385,
		0.321958, 0.101107, -0.941340,
		-0.946552, 0.054923, -0.317842,
		28.409321, 37.213043, 34.139690>
	pigment { color rgbt <0,1,1,0> }
	no_shadow
}
cylinder {
	<29.021076, 37.867283, 34.133041>,  <29.071907, 37.174599, 34.362179>, 0.130000
	pigment { color rgbt <1,0,0,0> }
	no_shadow
}

// nucleotide -1

// particle -1
sphere {
	<29.021076, 37.867283, 34.133041> 0.250000
	pigment { color rgbt <1,0,0,0> }
	no_shadow
}
cylinder {
	<28.634645, 37.765480, 34.115505>,  <28.402786, 37.704399, 34.104984>, 0.100000
	pigment { color rgbt <1,0,0,0> }
	no_shadow
}
cylinder {
	<28.634645, 37.765480, 34.115505>,  <29.021076, 37.867283, 34.133041>, 0.100000
	pigment { color rgbt <1,0,0,0> }
	no_shadow
}

// particle -1
sphere {
	<28.634645, 37.765480, 34.115505> 0.100000
	pigment { color rgbt <1,0,0,0> }
	no_shadow
}
sphere {
	0, 1
	scale<0.080000,0.200000,0.300000>
	matrix <-0.258124, 0.946209, 0.195089,
		-0.008166, 0.199788, -0.979805,
		-0.966077, -0.254504, -0.043844,
		28.344822, 37.689129, 34.102352>
	pigment { color rgbt <0,1,1,0> }
	no_shadow
}
cylinder {
	<28.736919, 38.374630, 33.636806>,  <29.021076, 37.867283, 34.133041>, 0.130000
	pigment { color rgbt <1,0,0,0> }
	no_shadow
}

// nucleotide -1

// particle -1
sphere {
	<28.736919, 38.374630, 33.636806> 0.250000
	pigment { color rgbt <1,0,0,0> }
	no_shadow
}
cylinder {
	<28.477629, 38.216888, 33.897358>,  <28.322054, 38.122246, 34.053688>, 0.100000
	pigment { color rgbt <1,0,0,0> }
	no_shadow
}
cylinder {
	<28.477629, 38.216888, 33.897358>,  <28.736919, 38.374630, 33.636806>, 0.100000
	pigment { color rgbt <1,0,0,0> }
	no_shadow
}

// particle -1
sphere {
	<28.477629, 38.216888, 33.897358> 0.100000
	pigment { color rgbt <1,0,0,0> }
	no_shadow
}
sphere {
	0, 1
	scale<0.080000,0.200000,0.300000>
	matrix <-0.382833, 0.908250, 0.168883,
		-0.658211, -0.139893, -0.739722,
		-0.648226, -0.394350, 0.651376,
		28.283161, 38.098583, 34.092770>
	pigment { color rgbt <0,1,1,0> }
	no_shadow
}
cylinder {
	<28.079348, 38.548237, 33.471485>,  <28.736919, 38.374630, 33.636806>, 0.130000
	pigment { color rgbt <1,0,0,0> }
	no_shadow
}

// nucleotide -1

// particle -1
sphere {
	<28.079348, 38.548237, 33.471485> 0.250000
	pigment { color rgbt <1,0,0,0> }
	no_shadow
}
cylinder {
	<28.132483, 38.537399, 33.867790>,  <28.164364, 38.530895, 34.105576>, 0.100000
	pigment { color rgbt <1,0,0,0> }
	no_shadow
}
cylinder {
	<28.132483, 38.537399, 33.867790>,  <28.079348, 38.548237, 33.471485>, 0.100000
	pigment { color rgbt <1,0,0,0> }
	no_shadow
}

// particle -1
sphere {
	<28.132483, 38.537399, 33.867790> 0.100000
	pigment { color rgbt <1,0,0,0> }
	no_shadow
}
sphere {
	0, 1
	scale<0.080000,0.200000,0.300000>
	matrix <-0.290767, 0.954577, 0.065092,
		-0.947528, -0.296729, 0.118925,
		0.132837, -0.027097, 0.990768,
		28.172335, 38.529270, 34.165020>
	pigment { color rgbt <0,1,1,0> }
	no_shadow
}
cylinder {
	<28.106434, 39.212719, 33.272228>,  <28.079348, 38.548237, 33.471485>, 0.130000
	pigment { color rgbt <1,0,0,0> }
	no_shadow
}

// nucleotide -1

// particle -1
sphere {
	<28.106434, 39.212719, 33.272228> 0.250000
	pigment { color rgbt <1,0,0,0> }
	no_shadow
}
cylinder {
	<28.036026, 39.605923, 33.251377>,  <27.993782, 39.841843, 33.238865>, 0.100000
	pigment { color rgbt <1,0,0,0> }
	no_shadow
}
cylinder {
	<28.036026, 39.605923, 33.251377>,  <28.106434, 39.212719, 33.272228>, 0.100000
	pigment { color rgbt <1,0,0,0> }
	no_shadow
}

// particle -1
sphere {
	<28.036026, 39.605923, 33.251377> 0.100000
	pigment { color rgbt <1,0,0,0> }
	no_shadow
}
sphere {
	0, 1
	scale<0.080000,0.200000,0.300000>
	matrix <-0.053279, 0.043365, 0.997638,
		0.982944, 0.178381, 0.044740,
		-0.176019, 0.983006, -0.052129,
		27.983221, 39.900826, 33.235737>
	pigment { color rgbt <0,1,1,0> }
	no_shadow
}
cylinder {
	<27.553328, 39.010677, 33.651985>,  <28.106434, 39.212719, 33.272228>, 0.130000
	pigment { color rgbt <1,0,0,0> }
	no_shadow
}

// nucleotide -1

// particle -1
sphere {
	<27.553328, 39.010677, 33.651985> 0.250000
	pigment { color rgbt <1,0,0,0> }
	no_shadow
}
cylinder {
	<27.638348, 38.777241, 33.965481>,  <27.689360, 38.637180, 34.153576>, 0.100000
	pigment { color rgbt <1,0,0,0> }
	no_shadow
}
cylinder {
	<27.638348, 38.777241, 33.965481>,  <27.553328, 39.010677, 33.651985>, 0.100000
	pigment { color rgbt <1,0,0,0> }
	no_shadow
}

// particle -1
sphere {
	<27.638348, 38.777241, 33.965481> 0.100000
	pigment { color rgbt <1,0,0,0> }
	no_shadow
}
sphere {
	0, 1
	scale<0.080000,0.200000,0.300000>
	matrix <-0.338780, 0.708304, 0.619301,
		-0.916542, -0.397147, -0.047159,
		0.212551, -0.583592, 0.783736,
		27.702112, 38.602161, 34.200603>
	pigment { color rgbt <0,1,1,0> }
	no_shadow
}
cylinder {
	<27.020971, 39.076550, 34.115566>,  <27.553328, 39.010677, 33.651985>, 0.130000
	pigment { color rgbt <1,0,0,0> }
	no_shadow
}

// nucleotide -1

// particle -1
sphere {
	<27.020971, 39.076550, 34.115566> 0.250000
	pigment { color rgbt <1,0,0,0> }
	no_shadow
}
cylinder {
	<27.345661, 38.963032, 34.319748>,  <27.540476, 38.894920, 34.442257>, 0.100000
	pigment { color rgbt <1,0,0,0> }
	no_shadow
}
cylinder {
	<27.345661, 38.963032, 34.319748>,  <27.020971, 39.076550, 34.115566>, 0.100000
	pigment { color rgbt <1,0,0,0> }
	no_shadow
}

// particle -1
sphere {
	<27.345661, 38.963032, 34.319748> 0.100000
	pigment { color rgbt <1,0,0,0> }
	no_shadow
}
sphere {
	0, 1
	scale<0.080000,0.200000,0.300000>
	matrix <-0.210529, 0.673065, 0.708986,
		-0.544775, -0.682967, 0.486597,
		0.811725, -0.283795, 0.510454,
		27.589178, 38.877892, 34.472885>
	pigment { color rgbt <0,1,1,0> }
	no_shadow
}
cylinder {
	<26.824133, 39.096897, 34.812561>,  <27.020971, 39.076550, 34.115566>, 0.130000
	pigment { color rgbt <1,0,0,0> }
	no_shadow
}

// nucleotide -1

// particle -1
sphere {
	<26.824133, 39.096897, 34.812561> 0.250000
	pigment { color rgbt <1,0,0,0> }
	no_shadow
}
cylinder {
	<27.221235, 39.144825, 34.816048>,  <27.459497, 39.173580, 34.818142>, 0.100000
	pigment { color rgbt <1,0,0,0> }
	no_shadow
}
cylinder {
	<27.221235, 39.144825, 34.816048>,  <26.824133, 39.096897, 34.812561>, 0.100000
	pigment { color rgbt <1,0,0,0> }
	no_shadow
}

// particle -1
sphere {
	<27.221235, 39.144825, 34.816048> 0.100000
	pigment { color rgbt <1,0,0,0> }
	no_shadow
}
sphere {
	0, 1
	scale<0.080000,0.200000,0.300000>
	matrix <-0.100385, 0.787488, 0.608100,
		0.065996, -0.604571, 0.793813,
		0.992758, 0.119820, 0.008719,
		27.519062, 39.180771, 34.818665>
	pigment { color rgbt <0,1,1,0> }
	no_shadow
}
cylinder {
	<26.834782, 39.552467, 35.420815>,  <26.824133, 39.096897, 34.812561>, 0.130000
	pigment { color rgbt <1,0,0,0> }
	no_shadow
}

// nucleotide -1

// particle -1
sphere {
	<26.834782, 39.552467, 35.420815> 0.250000
	pigment { color rgbt <1,0,0,0> }
	no_shadow
}
cylinder {
	<26.716969, 39.821011, 35.692852>,  <26.646280, 39.982136, 35.856075>, 0.100000
	pigment { color rgbt <1,0,0,0> }
	no_shadow
}
cylinder {
	<26.716969, 39.821011, 35.692852>,  <26.834782, 39.552467, 35.420815>, 0.100000
	pigment { color rgbt <1,0,0,0> }
	no_shadow
}

// particle -1
sphere {
	<26.716969, 39.821011, 35.692852> 0.100000
	pigment { color rgbt <1,0,0,0> }
	no_shadow
}
sphere {
	0, 1
	scale<0.080000,0.200000,0.300000>
	matrix <0.780386, -0.241797, 0.576655,
		0.551585, 0.700585, -0.452697,
		-0.294535, 0.671353, 0.680098,
		26.628609, 40.022415, 35.896881>
	pigment { color rgbt <0,1,1,0> }
	no_shadow
}
cylinder {
	<27.227354, 40.293690, 35.273094>,  <26.834782, 39.552467, 35.420815>, 0.130000
	pigment { color rgbt <1,0,0,0> }
	no_shadow
}

// nucleotide -1

// particle -1
sphere {
	<27.227354, 40.293690, 35.273094> 0.250000
	pigment { color rgbt <1,0,0,0> }
	no_shadow
}
cylinder {
	<27.598400, 40.230534, 35.408504>,  <27.821028, 40.192642, 35.489750>, 0.100000
	pigment { color rgbt <1,0,0,0> }
	no_shadow
}
cylinder {
	<27.598400, 40.230534, 35.408504>,  <27.227354, 40.293690, 35.273094>, 0.100000
	pigment { color rgbt <1,0,0,0> }
	no_shadow
}

// particle -1
sphere {
	<27.598400, 40.230534, 35.408504> 0.100000
	pigment { color rgbt <1,0,0,0> }
	no_shadow
}
sphere {
	0, 1
	scale<0.080000,0.200000,0.300000>
	matrix <0.076661, -0.806520, -0.586216,
		0.365588, 0.569734, -0.736035,
		0.927614, -0.157888, 0.338530,
		27.876684, 40.183167, 35.510063>
	pigment { color rgbt <0,1,1,0> }
	no_shadow
}
cylinder {
	<27.800611, 40.278515, 34.711723>,  <27.227354, 40.293690, 35.273094>, 0.130000
	pigment { color rgbt <1,0,0,0> }
	no_shadow
}

// nucleotide -1

// particle -1
sphere {
	<27.800611, 40.278515, 34.711723> 0.250000
	pigment { color rgbt <1,0,0,0> }
	no_shadow
}
cylinder {
	<27.906752, 40.055725, 35.026524>,  <27.970436, 39.922050, 35.215405>, 0.100000
	pigment { color rgbt <1,0,0,0> }
	no_shadow
}
cylinder {
	<27.906752, 40.055725, 35.026524>,  <27.800611, 40.278515, 34.711723>, 0.100000
	pigment { color rgbt <1,0,0,0> }
	no_shadow
}

// particle -1
sphere {
	<27.906752, 40.055725, 35.026524> 0.100000
	pigment { color rgbt <1,0,0,0> }
	no_shadow
}
sphere {
	0, 1
	scale<0.080000,0.200000,0.300000>
	matrix <0.031046, -0.810904, -0.584355,
		0.963653, 0.179491, -0.197880,
		0.265348, -0.556972, 0.787002,
		27.986357, 39.888634, 35.262623>
	pigment { color rgbt <0,1,1,0> }
	no_shadow
}
cylinder {
	<28.495043, 39.957466, 34.515793>,  <27.800611, 40.278515, 34.711723>, 0.130000
	pigment { color rgbt <1,0,0,0> }
	no_shadow
}

// nucleotide -1

// particle -1
sphere {
	<28.495043, 39.957466, 34.515793> 0.250000
	pigment { color rgbt <1,0,0,0> }
	no_shadow
}
cylinder {
	<28.261524, 39.754745, 34.769512>,  <28.121412, 39.633114, 34.921745>, 0.100000
	pigment { color rgbt <1,0,0,0> }
	no_shadow
}
cylinder {
	<28.261524, 39.754745, 34.769512>,  <28.495043, 39.957466, 34.515793>, 0.100000
	pigment { color rgbt <1,0,0,0> }
	no_shadow
}

// particle -1
sphere {
	<28.261524, 39.754745, 34.769512> 0.100000
	pigment { color rgbt <1,0,0,0> }
	no_shadow
}
sphere {
	0, 1
	scale<0.080000,0.200000,0.300000>
	matrix <0.087464, -0.815963, -0.571450,
