// switches for output
#declare DRAW_BASES = 1; // possible values are 0, 1; only relevant for DNA ribbons
#declare DRAW_BASES_TYPE = 3; // possible values are 1, 2, 3; only relevant for DNA ribbons
#declare DRAW_FOG = 0; // set to 1 to enable fog

#include "colors.inc"

#include "transforms.inc"
background { rgb <1, 1, 1>}

#default {
   normal{
       ripples 0.25
       frequency 0.20
       turbulence 0.2
       lambda 5
   }
	finish {
		phong 0.1
		phong_size 40.
	}
}

// original window dimensions: 1024x640


// camera settings

camera {
	sky <0, 0.179814, -0.983701>
	up <0, 0.179814, -0.983701>
	right 1.6 * <1, 0, 0>
	location <35, 94.9851, 44.8844>
	look_at <35, 29.7336, 32.9568>
	direction <0, -65.2515, -11.9276>
	angle 67.0682
}


# declare cpy_camera_pos = <35, 94.9851, 44.8844>;
# if (DRAW_FOG = 1)
fog {
	fog_type 2
	up vnormalize(cpy_camera_pos)
	color rgbt<1,1,1,0.3>
	distance 1e-5
	fog_alt 3e-3
	fog_offset 56
}
# end


// LIGHTS

# declare lum = 6;
global_settings {
	ambient_light rgb lum * <0.05, 0.05, 0.05>
	max_trace_level 15
}# declare cpy_direct_light_amount = 0.25;
light_source
{	1000 * <-1, -1.16352, -0.803886>,
	rgb lum * cpy_direct_light_amount
	parallel
}

light_source
{	1000 * <1, 1.16352, 0.803886>,
	rgb lum * cpy_direct_light_amount
	parallel
}

// strand 0

// nucleotide -1

// particle -1
sphere {
	<24.157852, 34.582977, 35.340137> 0.250000
	pigment { color rgbt <1,0,0,0> }
	no_shadow
}
cylinder {
	<24.326136, 34.915009, 35.193729>,  <24.427105, 35.114227, 35.105885>, 0.100000
	pigment { color rgbt <1,0,0,0> }
	no_shadow
}
cylinder {
	<24.326136, 34.915009, 35.193729>,  <24.157852, 34.582977, 35.340137>, 0.100000
	pigment { color rgbt <1,0,0,0> }
	no_shadow
}

// particle -1
sphere {
	<24.326136, 34.915009, 35.193729> 0.100000
	pigment { color rgbt <1,0,0,0> }
	no_shadow
}
sphere {
	0, 1
	scale<0.080000,0.200000,0.300000>
	matrix <0.230673, 0.292327, 0.928081,
		0.877379, -0.474884, -0.068492,
		0.420709, 0.830078, -0.366025,
		24.452349, 35.164032, 35.083923>
	pigment { color rgbt <0,1,1,0> }
	no_shadow
}
cylinder {
	<24.888941, 34.604015, 35.518475>,  <24.157852, 34.582977, 35.340137>, 0.130000
	pigment { color rgbt <1,0,0,0> }
	no_shadow
}

// nucleotide -1

// particle -1
sphere {
	<24.888941, 34.604015, 35.518475> 0.250000
	pigment { color rgbt <1,0,0,0> }
	no_shadow
}
cylinder {
	<24.729345, 34.969818, 35.491695>,  <24.633589, 35.189301, 35.475628>, 0.100000
	pigment { color rgbt <1,0,0,0> }
	no_shadow
}
cylinder {
	<24.729345, 34.969818, 35.491695>,  <24.888941, 34.604015, 35.518475>, 0.100000
	pigment { color rgbt <1,0,0,0> }
	no_shadow
}

// particle -1
sphere {
	<24.729345, 34.969818, 35.491695> 0.100000
	pigment { color rgbt <1,0,0,0> }
	no_shadow
}
sphere {
	0, 1
	scale<0.080000,0.200000,0.300000>
	matrix <0.210717, 0.162498, 0.963947,
		0.892417, 0.370496, -0.257537,
		-0.398987, 0.914509, -0.066946,
		24.609650, 35.244171, 35.471611>
	pigment { color rgbt <0,1,1,0> }
	no_shadow
}
cylinder {
	<25.425282, 34.735771, 35.994541>,  <24.888941, 34.604015, 35.518475>, 0.130000
	pigment { color rgbt <1,0,0,0> }
	no_shadow
}

// nucleotide -1

// particle -1
sphere {
	<25.425282, 34.735771, 35.994541> 0.250000
	pigment { color rgbt <1,0,0,0> }
	no_shadow
}
cylinder {
	<25.813356, 34.693455, 36.081760>,  <26.046202, 34.668064, 36.134090>, 0.100000
	pigment { color rgbt <1,0,0,0> }
	no_shadow
}
cylinder {
	<25.813356, 34.693455, 36.081760>,  <25.425282, 34.735771, 35.994541>, 0.100000
	pigment { color rgbt <1,0,0,0> }
	no_shadow
}

// particle -1
sphere {
	<25.813356, 34.693455, 36.081760> 0.100000
	pigment { color rgbt <1,0,0,0> }
	no_shadow
}
sphere {
	0, 1
	scale<0.080000,0.200000,0.300000>
	matrix <0.190124, 0.890162, -0.414082,
		-0.150290, 0.443193, 0.883738,
		0.970189, -0.105787, 0.218044,
		26.104412, 34.661720, 36.147175>
	pigment { color rgbt <0,1,1,0> }
	no_shadow
}
cylinder {
	<25.643843, 35.362762, 36.231800>,  <25.425282, 34.735771, 35.994541>, 0.130000
	pigment { color rgbt <1,0,0,0> }
	no_shadow
}

// nucleotide -1

// particle -1
sphere {
	<25.643843, 35.362762, 36.231800> 0.250000
	pigment { color rgbt <1,0,0,0> }
	no_shadow
}
cylinder {
	<25.983122, 35.197075, 36.099751>,  <26.186689, 35.097664, 36.020519>, 0.100000
	pigment { color rgbt <1,0,0,0> }
	no_shadow
}
cylinder {
	<25.983122, 35.197075, 36.099751>,  <25.643843, 35.362762, 36.231800>, 0.100000
	pigment { color rgbt <1,0,0,0> }
	no_shadow
}

// particle -1
sphere {
	<25.983122, 35.197075, 36.099751> 0.100000
	pigment { color rgbt <1,0,0,0> }
	no_shadow
}
sphere {
	0, 1
	scale<0.080000,0.200000,0.300000>
	matrix <0.263985, 0.870922, -0.414496,
		0.459205, 0.264426, 0.848062,
		0.848200, -0.414214, -0.330127,
		26.237581, 35.072811, 36.000713>
	pigment { color rgbt <0,1,1,0> }
	no_shadow
}
cylinder {
	<26.093203, 35.751450, 36.545597>,  <25.643843, 35.362762, 36.231800>, 0.130000
	pigment { color rgbt <1,0,0,0> }
	no_shadow
}

// nucleotide -1

// particle -1
sphere {
	<26.093203, 35.751450, 36.545597> 0.250000
	pigment { color rgbt <1,0,0,0> }
	no_shadow
}
cylinder {
	<26.297514, 35.596172, 36.238766>,  <26.420101, 35.503006, 36.054668>, 0.100000
	pigment { color rgbt <1,0,0,0> }
	no_shadow
}
cylinder {
	<26.297514, 35.596172, 36.238766>,  <26.093203, 35.751450, 36.545597>, 0.100000
	pigment { color rgbt <1,0,0,0> }
	no_shadow
}

// particle -1
sphere {
	<26.297514, 35.596172, 36.238766> 0.100000
	pigment { color rgbt <1,0,0,0> }
	no_shadow
}
sphere {
	0, 1
	scale<0.080000,0.200000,0.300000>
	matrix <0.354001, 0.908067, -0.223825,
		0.783445, -0.157221, 0.601245,
		0.510781, -0.388196, -0.767077,
		26.450748, 35.479713, 36.008644>
	pigment { color rgbt <0,1,1,0> }
	no_shadow
}
cylinder {
	<26.695663, 36.106335, 36.586426>,  <26.093203, 35.751450, 36.545597>, 0.130000
	pigment { color rgbt <1,0,0,0> }
	no_shadow
}

// nucleotide -1

// particle -1
sphere {
	<26.695663, 36.106335, 36.586426> 0.250000
	pigment { color rgbt <1,0,0,0> }
	no_shadow
}
cylinder {
	<26.624201, 35.986156, 36.211658>,  <26.581324, 35.914051, 35.986797>, 0.100000
	pigment { color rgbt <1,0,0,0> }
	no_shadow
}
cylinder {
	<26.624201, 35.986156, 36.211658>,  <26.695663, 36.106335, 36.586426>, 0.100000
	pigment { color rgbt <1,0,0,0> }
	no_shadow
}

// particle -1
sphere {
	<26.624201, 35.986156, 36.211658> 0.100000
	pigment { color rgbt <1,0,0,0> }
	no_shadow
}
sphere {
	0, 1
	scale<0.080000,0.200000,0.300000>
	matrix <0.308717, 0.887033, -0.343316,
		0.934225, -0.350578, -0.065721,
		-0.178656, -0.300445, -0.936917,
		26.570604, 35.896023, 35.930584>
	pigment { color rgbt <0,1,1,0> }
	no_shadow
}
cylinder {
	<27.266680, 36.248432, 36.254436>,  <26.695663, 36.106335, 36.586426>, 0.130000
	pigment { color rgbt <1,0,0,0> }
	no_shadow
}

// nucleotide -1

// particle -1
sphere {
	<27.266680, 36.248432, 36.254436> 0.250000
	pigment { color rgbt <1,0,0,0> }
	no_shadow
}
cylinder {
	<26.968445, 36.226871, 35.988747>,  <26.789503, 36.213936, 35.829334>, 0.100000
	pigment { color rgbt <1,0,0,0> }
	no_shadow
}
cylinder {
	<26.968445, 36.226871, 35.988747>,  <27.266680, 36.248432, 36.254436>, 0.100000
	pigment { color rgbt <1,0,0,0> }
	no_shadow
}

// particle -1
sphere {
	<26.968445, 36.226871, 35.988747> 0.100000
	pigment { color rgbt <1,0,0,0> }
	no_shadow
}
sphere {
	0, 1
	scale<0.080000,0.200000,0.300000>
	matrix <0.356782, 0.809553, -0.466187,
		0.562853, -0.584567, -0.584361,
		-0.745589, -0.053905, -0.664222,
		26.744768, 36.210701, 35.789478>
	pigment { color rgbt <0,1,1,0> }
	no_shadow
}
cylinder {
	<27.471212, 36.094574, 35.507458>,  <27.266680, 36.248432, 36.254436>, 0.130000
	pigment { color rgbt <1,0,0,0> }
	no_shadow
}

// nucleotide -1

// particle -1
sphere {
	<27.471212, 36.094574, 35.507458> 0.250000
	pigment { color rgbt <1,0,0,0> }
	no_shadow
}
cylinder {
	<27.148838, 36.330666, 35.489143>,  <26.955414, 36.472321, 35.478153>, 0.100000
	pigment { color rgbt <1,0,0,0> }
	no_shadow
}
cylinder {
	<27.148838, 36.330666, 35.489143>,  <27.471212, 36.094574, 35.507458>, 0.100000
	pigment { color rgbt <1,0,0,0> }
	no_shadow
}

// particle -1
sphere {
	<27.148838, 36.330666, 35.489143> 0.100000
	pigment { color rgbt <1,0,0,0> }
	no_shadow
}
sphere {
	0, 1
	scale<0.080000,0.200000,0.300000>
	matrix <0.570362, 0.753422, -0.327174,
		-0.158610, -0.289797, -0.943854,
		-0.805935, 0.590231, -0.045789,
		26.907057, 36.507736, 35.475407>
	pigment { color rgbt <0,1,1,0> }
	no_shadow
}
cylinder {
	<27.600260, 36.497318, 34.831215>,  <27.471212, 36.094574, 35.507458>, 0.130000
	pigment { color rgbt <1,0,0,0> }
	no_shadow
}

// nucleotide -1

// particle -1
sphere {
	<27.600260, 36.497318, 34.831215> 0.250000
	pigment { color rgbt <1,0,0,0> }
	no_shadow
}
cylinder {
	<27.337999, 36.683586, 35.068962>,  <27.180643, 36.795345, 35.211613>, 0.100000
	pigment { color rgbt <1,0,0,0> }
	no_shadow
}
cylinder {
	<27.337999, 36.683586, 35.068962>,  <27.600260, 36.497318, 34.831215>, 0.100000
	pigment { color rgbt <1,0,0,0> }
	no_shadow
}

// particle -1
sphere {
	<27.337999, 36.683586, 35.068962> 0.100000
	pigment { color rgbt <1,0,0,0> }
	no_shadow
}
sphere {
	0, 1
	scale<0.080000,0.200000,0.300000>
	matrix <0.581202, 0.813752, 0.003576,
		-0.482005, 0.347794, -0.804184,
		-0.655649, 0.465669, 0.594370,
		27.141304, 36.823288, 35.247272>
	pigment { color rgbt <0,1,1,0> }
	no_shadow
}
cylinder {
	<27.616686, 37.162506, 34.522430>,  <27.600260, 36.497318, 34.831215>, 0.130000
	pigment { color rgbt <1,0,0,0> }
	no_shadow
}

// nucleotide -1

// particle -1
sphere {
	<27.616686, 37.162506, 34.522430> 0.250000
	pigment { color rgbt <1,0,0,0> }
	no_shadow
}
cylinder {
	<27.465963, 37.219444, 34.888546>,  <27.375530, 37.253609, 35.108215>, 0.100000
	pigment { color rgbt <1,0,0,0> }
	no_shadow
}
cylinder {
	<27.465963, 37.219444, 34.888546>,  <27.616686, 37.162506, 34.522430>, 0.100000
	pigment { color rgbt <1,0,0,0> }
	no_shadow
}

// particle -1
sphere {
	<27.465963, 37.219444, 34.888546> 0.100000
	pigment { color rgbt <1,0,0,0> }
	no_shadow
}
sphere {
	0, 1
	scale<0.080000,0.200000,0.300000>
	matrix <0.672270, 0.721797, 0.164507,
		-0.637237, 0.677309, -0.367671,
		-0.376806, 0.142344, 0.915290,
		27.352922, 37.262146, 35.163132>
	pigment { color rgbt <0,1,1,0> }
	no_shadow
}
cylinder {
	<27.580618, 37.782501, 34.639362>,  <27.616686, 37.162506, 34.522430>, 0.130000
	pigment { color rgbt <1,0,0,0> }
	no_shadow
}

// nucleotide -1

// particle -1
sphere {
	<27.580618, 37.782501, 34.639362> 0.250000
	pigment { color rgbt <1,0,0,0> }
	no_shadow
}
cylinder {
	<27.567244, 37.688759, 35.027992>,  <27.559219, 37.632515, 35.261169>, 0.100000
	pigment { color rgbt <1,0,0,0> }
	no_shadow
}
cylinder {
	<27.567244, 37.688759, 35.027992>,  <27.580618, 37.782501, 34.639362>, 0.100000
	pigment { color rgbt <1,0,0,0> }
	no_shadow
}

// particle -1
sphere {
	<27.567244, 37.688759, 35.027992> 0.100000
	pigment { color rgbt <1,0,0,0> }
	no_shadow
}
sphere {
	0, 1
	scale<0.080000,0.200000,0.300000>
	matrix <0.639781, 0.741822, 0.200951,
		-0.767830, 0.628314, 0.125133,
		-0.033434, -0.234354, 0.971576,
		27.557213, 37.618454, 35.319466>
	pigment { color rgbt <0,1,1,0> }
	no_shadow
}
cylinder {
	<27.324696, 38.362785, 35.105679>,  <27.580618, 37.782501, 34.639362>, 0.130000
	pigment { color rgbt <1,0,0,0> }
	no_shadow
}

// nucleotide -1

// particle -1
sphere {
	<27.324696, 38.362785, 35.105679> 0.250000
	pigment { color rgbt <1,0,0,0> }
	no_shadow
}
cylinder {
	<27.576975, 38.129608, 35.310574>,  <27.728342, 37.989700, 35.433510>, 0.100000
	pigment { color rgbt <1,0,0,0> }
	no_shadow
}
cylinder {
	<27.576975, 38.129608, 35.310574>,  <27.324696, 38.362785, 35.105679>, 0.100000
	pigment { color rgbt <1,0,0,0> }
	no_shadow
}

// particle -1
sphere {
	<27.576975, 38.129608, 35.310574> 0.100000
	pigment { color rgbt <1,0,0,0> }
	no_shadow
}
sphere {
	0, 1
	scale<0.080000,0.200000,0.300000>
	matrix <0.504718, 0.809538, 0.299846,
		-0.589474, 0.069426, 0.804799,
		0.630698, -0.582947, 0.512242,
		27.766184, 37.954723, 35.464245>
	pigment { color rgbt <0,1,1,0> }
	no_shadow
}
cylinder {
	<27.436441, 38.634411, 35.906261>,  <27.324696, 38.362785, 35.105679>, 0.130000
	pigment { color rgbt <1,0,0,0> }
	no_shadow
}

// nucleotide -1

// particle -1
sphere {
	<27.436441, 38.634411, 35.906261> 0.250000
	pigment { color rgbt <1,0,0,0> }
	no_shadow
}
cylinder {
	<27.731958, 38.468910, 35.693474>,  <27.909267, 38.369610, 35.565800>, 0.100000
	pigment { color rgbt <1,0,0,0> }
	no_shadow
}
cylinder {
	<27.731958, 38.468910, 35.693474>,  <27.436441, 38.634411, 35.906261>, 0.100000
	pigment { color rgbt <1,0,0,0> }
	no_shadow
}

// particle -1
sphere {
	<27.731958, 38.468910, 35.693474> 0.100000
	pigment { color rgbt <1,0,0,0> }
	no_shadow
}
sphere {
	0, 1
	scale<0.080000,0.200000,0.300000>
	matrix <0.512781, 0.857321, 0.045335,
		0.437313, -0.306278, 0.845547,
		0.738791, -0.413755, -0.531972,
		27.953596, 38.344784, 35.533882>
	pigment { color rgbt <0,1,1,0> }
	no_shadow
}
cylinder {
	<28.057953, 38.791454, 36.248001>,  <27.436441, 38.634411, 35.906261>, 0.130000
	pigment { color rgbt <1,0,0,0> }
	no_shadow
}

// nucleotide -1

// particle -1
sphere {
	<28.057953, 38.791454, 36.248001> 0.250000
	pigment { color rgbt <1,0,0,0> }
	no_shadow
}
cylinder {
	<28.128456, 38.726685, 35.859627>,  <28.170759, 38.687824, 35.626602>, 0.100000
	pigment { color rgbt <1,0,0,0> }
	no_shadow
}
cylinder {
	<28.128456, 38.726685, 35.859627>,  <28.057953, 38.791454, 36.248001>, 0.100000
	pigment { color rgbt <1,0,0,0> }
	no_shadow
}

// particle -1
sphere {
	<28.128456, 38.726685, 35.859627> 0.100000
	pigment { color rgbt <1,0,0,0> }
	no_shadow
}
sphere {
	0, 1
	scale<0.080000,0.200000,0.300000>
	matrix <0.501696, 0.863424, -0.052917,
		0.846897, -0.477786, 0.233423,
		0.176260, -0.161922, -0.970934,
		28.181334, 38.678108, 35.568348>
	pigment { color rgbt <0,1,1,0> }
	no_shadow
}
cylinder {
	<28.329601, 38.218765, 36.532055>,  <28.057953, 38.791454, 36.248001>, 0.130000
	pigment { color rgbt <1,0,0,0> }
	no_shadow
}

// nucleotide -1

// particle -1
sphere {
	<28.329601, 38.218765, 36.532055> 0.250000
	pigment { color rgbt <1,0,0,0> }
	no_shadow
}
cylinder {
	<28.112131, 38.279701, 36.201912>,  <27.981649, 38.316265, 36.003826>, 0.100000
	pigment { color rgbt <1,0,0,0> }
	no_shadow
}
cylinder {
	<28.112131, 38.279701, 36.201912>,  <28.329601, 38.218765, 36.532055>, 0.100000
	pigment { color rgbt <1,0,0,0> }
	no_shadow
}

// particle -1
sphere {
	<28.112131, 38.279701, 36.201912> 0.100000
	pigment { color rgbt <1,0,0,0> }
	no_shadow
}
sphere {
	0, 1
	scale<0.080000,0.200000,0.300000>
	matrix <-0.561126, -0.797274, 0.222466,
		-0.624142, 0.584077, 0.518943,
		-0.543677, 0.152342, -0.825353,
		27.949028, 38.325405, 35.954308>
	pigment { color rgbt <0,1,1,0> }
	no_shadow
}
cylinder {
	<28.130156, 37.519585, 36.504700>,  <28.329601, 38.218765, 36.532055>, 0.130000
	pigment { color rgbt <1,0,0,0> }
	no_shadow
}

// nucleotide -1

// particle -1
sphere {
	<28.130156, 37.519585, 36.504700> 0.250000
	pigment { color rgbt <1,0,0,0> }
	no_shadow
}
cylinder {
	<27.936424, 37.702755, 36.206512>,  <27.820185, 37.812660, 36.027599>, 0.100000
	pigment { color rgbt <1,0,0,0> }
	no_shadow
}
cylinder {
	<27.936424, 37.702755, 36.206512>,  <28.130156, 37.519585, 36.504700>, 0.100000
	pigment { color rgbt <1,0,0,0> }
	no_shadow
}

// particle -1
sphere {
	<27.936424, 37.702755, 36.206512> 0.100000
	pigment { color rgbt <1,0,0,0> }
	no_shadow
}
sphere {
	0, 1
	scale<0.080000,0.200000,0.300000>
	matrix <-0.600161, -0.793884, -0.097748,
		-0.636578, 0.400060, 0.659333,
		-0.484329, 0.457930, -0.745470,
		27.791126, 37.840134, 35.982872>
	pigment { color rgbt <0,1,1,0> }
	no_shadow
}
cylinder {
	<27.396513, 37.529072, 36.622581>,  <28.130156, 37.519585, 36.504700>, 0.130000
	pigment { color rgbt <1,0,0,0> }
	no_shadow
}

// nucleotide -1

// particle -1
sphere {
	<27.396513, 37.529072, 36.622581> 0.250000
	pigment { color rgbt <1,0,0,0> }
	no_shadow
}
cylinder {
	<27.432549, 37.558701, 36.225311>,  <27.454170, 37.576477, 35.986950>, 0.100000
	pigment { color rgbt <1,0,0,0> }
	no_shadow
}
cylinder {
	<27.432549, 37.558701, 36.225311>,  <27.396513, 37.529072, 36.622581>, 0.100000
	pigment { color rgbt <1,0,0,0> }
	no_shadow
}

// particle -1
sphere {
	<27.432549, 37.558701, 36.225311> 0.100000
	pigment { color rgbt <1,0,0,0> }
	no_shadow
}
sphere {
	0, 1
	scale<0.080000,0.200000,0.300000>
	matrix <-0.777252, -0.618288, -0.116617,
		-0.622707, 0.782453, 0.001873,
		0.090089, 0.074073, -0.993175,
		27.459576, 37.580921, 35.927361>
	pigment { color rgbt <0,1,1,0> }
	no_shadow
}
cylinder {
	<26.746874, 37.391300, 36.295811>,  <27.396513, 37.529072, 36.622581>, 0.130000
	pigment { color rgbt <1,0,0,0> }
	no_shadow
}

// nucleotide -1

// particle -1
sphere {
	<26.746874, 37.391300, 36.295811> 0.250000
	pigment { color rgbt <1,0,0,0> }
	no_shadow
}
cylinder {
	<26.960522, 37.325005, 35.964211>,  <27.088711, 37.285225, 35.765251>, 0.100000
	pigment { color rgbt <1,0,0,0> }
	no_shadow
}
cylinder {
	<26.960522, 37.325005, 35.964211>,  <26.746874, 37.391300, 36.295811>, 0.100000
	pigment { color rgbt <1,0,0,0> }
	no_shadow
}

// particle -1
sphere {
	<26.960522, 37.325005, 35.964211> 0.100000
	pigment { color rgbt <1,0,0,0> }
	no_shadow
}
sphere {
	0, 1
	scale<0.080000,0.200000,0.300000>
	matrix <-0.761840, -0.519462, -0.386988,
		-0.366495, 0.838265, -0.403723,
		0.534117, -0.165743, -0.829004,
		27.120756, 37.275280, 35.715508>
	pigment { color rgbt <0,1,1,0> }
	no_shadow
}
cylinder {
	<26.331728, 37.663040, 35.830109>,  <26.746874, 37.391300, 36.295811>, 0.130000
	pigment { color rgbt <1,0,0,0> }
	no_shadow
}

// nucleotide -1

// particle -1
sphere {
	<26.331728, 37.663040, 35.830109> 0.250000
	pigment { color rgbt <1,0,0,0> }
	no_shadow
}
cylinder {
	<26.574354, 37.381393, 35.682438>,  <26.719931, 37.212406, 35.593834>, 0.100000
	pigment { color rgbt <1,0,0,0> }
	no_shadow
}
cylinder {
	<26.574354, 37.381393, 35.682438>,  <26.331728, 37.663040, 35.830109>, 0.100000
	pigment { color rgbt <1,0,0,0> }
	no_shadow
}

// particle -1
sphere {
	<26.574354, 37.381393, 35.682438> 0.100000
	pigment { color rgbt <1,0,0,0> }
	no_shadow
}
sphere {
	0, 1
	scale<0.080000,0.200000,0.300000>
	matrix <-0.791884, -0.576362, -0.201808,
		-0.070682, 0.414755, -0.907184,
		0.606567, -0.704120, -0.369176,
		26.756325, 37.170158, 35.571686>
	pigment { color rgbt <0,1,1,0> }
	no_shadow
}
cylinder {
	<25.901489, 37.366348, 35.398403>,  <26.331728, 37.663040, 35.830109>, 0.130000
	pigment { color rgbt <1,0,0,0> }
	no_shadow
}

// nucleotide -1

// particle -1
sphere {
	<25.901489, 37.366348, 35.398403> 0.250000
	pigment { color rgbt <1,0,0,0> }
	no_shadow
}
cylinder {
	<26.215591, 37.119598, 35.419739>,  <26.404053, 36.971550, 35.432541>, 0.100000
	pigment { color rgbt <1,0,0,0> }
	no_shadow
}
cylinder {
	<26.215591, 37.119598, 35.419739>,  <25.901489, 37.366348, 35.398403>, 0.100000
	pigment { color rgbt <1,0,0,0> }
	no_shadow
}

// particle -1
sphere {
	<26.215591, 37.119598, 35.419739> 0.100000
	pigment { color rgbt <1,0,0,0> }
	no_shadow
}
sphere {
	0, 1
	scale<0.080000,0.200000,0.300000>
	matrix <-0.602768, -0.781307, -0.161956,
		0.141580, 0.095025, -0.985355,
		0.785255, -0.616871, 0.053339,
		26.451168, 36.934536, 35.435741>
	pigment { color rgbt <0,1,1,0> }
	no_shadow
}
cylinder {
	<25.783260, 36.799496, 34.949120>,  <25.901489, 37.366348, 35.398403>, 0.130000
	pigment { color rgbt <1,0,0,0> }
	no_shadow
}

// nucleotide -1

// particle -1
sphere {
	<25.783260, 36.799496, 34.949120> 0.250000
	pigment { color rgbt <1,0,0,0> }
	no_shadow
}
cylinder {
	<26.076191, 36.666679, 35.186924>,  <26.251949, 36.586990, 35.329605>, 0.100000
	pigment { color rgbt <1,0,0,0> }
	no_shadow
}
cylinder {
	<26.076191, 36.666679, 35.186924>,  <25.783260, 36.799496, 34.949120>, 0.100000
	pigment { color rgbt <1,0,0,0> }
	no_shadow
}

// particle -1
sphere {
	<26.076191, 36.666679, 35.186924> 0.100000
	pigment { color rgbt <1,0,0,0> }
	no_shadow
}
sphere {
	0, 1
	scale<0.080000,0.200000,0.300000>
	matrix <-0.420248, -0.907344, 0.010903,
		0.535806, -0.257827, -0.804013,
		0.732327, -0.332043, 0.594511,
		26.295889, 36.567066, 35.365276>
	pigment { color rgbt <0,1,1,0> }
	no_shadow
}
cylinder {
	<25.709562, 36.075550, 34.996468>,  <25.783260, 36.799496, 34.949120>, 0.130000
	pigment { color rgbt <1,0,0,0> }
	no_shadow
}

// nucleotide -1

// particle -1
sphere {
	<25.709562, 36.075550, 34.996468> 0.250000
	pigment { color rgbt <1,0,0,0> }
	no_shadow
}
cylinder {
	<26.025375, 36.126125, 35.236683>,  <26.214863, 36.156471, 35.380814>, 0.100000
	pigment { color rgbt <1,0,0,0> }
	no_shadow
}
cylinder {
	<26.025375, 36.126125, 35.236683>,  <25.709562, 36.075550, 34.996468>, 0.100000
	pigment { color rgbt <1,0,0,0> }
	no_shadow
}

// particle -1
sphere {
	<26.025375, 36.126125, 35.236683> 0.100000
	pigment { color rgbt <1,0,0,0> }
	no_shadow
}
sphere {
	0, 1
	scale<0.080000,0.200000,0.300000>
	matrix <-0.031807, -0.968800, 0.245795,
		0.612883, -0.213165, -0.760877,
		0.789533, 0.126442, 0.600542,
		26.262236, 36.164059, 35.416847>
	pigment { color rgbt <0,1,1,0> }
	no_shadow
}
cylinder {
	<26.256598, 35.602722, 34.706913>,  <25.709562, 36.075550, 34.996468>, 0.130000
	pigment { color rgbt <1,0,0,0> }
	no_shadow
}

// nucleotide -1

// particle -1
sphere {
	<26.256598, 35.602722, 34.706913> 0.250000
	pigment { color rgbt <1,0,0,0> }
	no_shadow
}
cylinder {
	<26.335625, 35.687962, 35.089653>,  <26.383041, 35.739105, 35.319298>, 0.100000
	pigment { color rgbt <1,0,0,0> }
	no_shadow
}
cylinder {
	<26.335625, 35.687962, 35.089653>,  <26.256598, 35.602722, 34.706913>, 0.100000
	pigment { color rgbt <1,0,0,0> }
	no_shadow
}

// particle -1
sphere {
	<26.335625, 35.687962, 35.089653> 0.100000
	pigment { color rgbt <1,0,0,0> }
	no_shadow
}
sphere {
	0, 1
	scale<0.080000,0.200000,0.300000>
	matrix <-0.200533, -0.946660, 0.252232,
		0.959559, -0.241713, -0.144298,
		0.197569, 0.213095, 0.956847,
		26.394896, 35.751888, 35.376709>
	pigment { color rgbt <0,1,1,0> }
	no_shadow
}
cylinder {
	<26.429277, 35.055779, 35.098988>,  <26.256598, 35.602722, 34.706913>, 0.130000
	pigment { color rgbt <1,0,0,0> }
	no_shadow
}

// nucleotide -1

// particle -1
sphere {
	<26.429277, 35.055779, 35.098988> 0.250000
	pigment { color rgbt <1,0,0,0> }
	no_shadow
}
cylinder {
	<26.274384, 35.297249, 35.377735>,  <26.181448, 35.442131, 35.544983>, 0.100000
	pigment { color rgbt <1,0,0,0> }
	no_shadow
}
cylinder {
	<26.274384, 35.297249, 35.377735>,  <26.429277, 35.055779, 35.098988>, 0.100000
	pigment { color rgbt <1,0,0,0> }
	no_shadow
}

// particle -1
sphere {
	<26.274384, 35.297249, 35.377735> 0.100000
	pigment { color rgbt <1,0,0,0> }
	no_shadow
}
sphere {
	0, 1
	scale<0.080000,0.200000,0.300000>
	matrix <-0.549662, -0.757985, 0.351185,
		0.740217, -0.247051, 0.625335,
		-0.387234, 0.603676, 0.696868,
		26.158213, 35.478352, 35.586796>
	pigment { color rgbt <0,1,1,0> }
	no_shadow
}
cylinder {
	<27.126034, 34.974861, 35.059185>,  <26.429277, 35.055779, 35.098988>, 0.130000
	pigment { color rgbt <1,0,0,0> }
	no_shadow
}

// nucleotide -1

// particle -1
sphere {
	<27.126034, 34.974861, 35.059185> 0.250000
	pigment { color rgbt <1,0,0,0> }
	no_shadow
}
cylinder {
	<26.942369, 35.129845, 35.378948>,  <26.832170, 35.222836, 35.570805>, 0.100000
	pigment { color rgbt <1,0,0,0> }
	no_shadow
}
cylinder {
	<26.942369, 35.129845, 35.378948>,  <27.126034, 34.974861, 35.059185>, 0.100000
	pigment { color rgbt <1,0,0,0> }
	no_shadow
}

// particle -1
sphere {
	<26.942369, 35.129845, 35.378948> 0.100000
	pigment { color rgbt <1,0,0,0> }
	no_shadow
}
sphere {
	0, 1
	scale<0.080000,0.200000,0.300000>
	matrix <-0.254809, -0.919504, 0.299307,
		0.851026, -0.066267, 0.520925,
		-0.459158, 0.387455, 0.799408,
		26.804623, 35.246082, 35.618771>
	pigment { color rgbt <0,1,1,0> }
	no_shadow
}
cylinder {
	<27.390823, 34.620720, 35.579098>,  <27.126034, 34.974861, 35.059185>, 0.130000
	pigment { color rgbt <1,0,0,0> }
	no_shadow
}

// nucleotide -1

// particle -1
sphere {
	<27.390823, 34.620720, 35.579098> 0.250000
	pigment { color rgbt <1,0,0,0> }
	no_shadow
}
cylinder {
	<27.032248, 34.750767, 35.699558>,  <26.817102, 34.828796, 35.771835>, 0.100000
	pigment { color rgbt <1,0,0,0> }
	no_shadow
}
cylinder {
	<27.032248, 34.750767, 35.699558>,  <27.390823, 34.620720, 35.579098>, 0.100000
	pigment { color rgbt <1,0,0,0> }
	no_shadow
}

// particle -1
sphere {
	<27.032248, 34.750767, 35.699558> 0.100000
	pigment { color rgbt <1,0,0,0> }
	no_shadow
}
sphere {
	0, 1
	scale<0.080000,0.200000,0.300000>
	matrix <-0.254407, -0.933959, 0.250995,
		0.362867, 0.148387, 0.919950,
		-0.896440, 0.325119, 0.301152,
		26.763315, 34.848301, 35.789906>
	pigment { color rgbt <0,1,1,0> }
	no_shadow
}
cylinder {
	<27.324560, 34.498264, 36.302422>,  <27.390823, 34.620720, 35.579098>, 0.130000
	pigment { color rgbt <1,0,0,0> }
	no_shadow
}

// nucleotide -1

// particle -1
sphere {
	<27.324560, 34.498264, 36.302422> 0.250000
	pigment { color rgbt <1,0,0,0> }
	no_shadow
}
cylinder {
	<26.937677, 34.528442, 36.205410>,  <26.705547, 34.546551, 36.147202>, 0.100000
	pigment { color rgbt <1,0,0,0> }
	no_shadow
}
cylinder {
	<26.937677, 34.528442, 36.205410>,  <27.324560, 34.498264, 36.302422>, 0.100000
	pigment { color rgbt <1,0,0,0> }
	no_shadow
}

// particle -1
sphere {
	<26.937677, 34.528442, 36.205410> 0.100000
	pigment { color rgbt <1,0,0,0> }
	no_shadow
}
sphere {
	0, 1
	scale<0.080000,0.200000,0.300000>
	matrix <-0.168934, -0.904126, 0.392452,
		-0.189668, 0.420553, 0.887221,
		-0.967206, 0.075446, -0.242530,
		26.647516, 34.551075, 36.132652>
	pigment { color rgbt <0,1,1,0> }
	no_shadow
}
cylinder {
	<26.895569, 34.367538, 36.936005>,  <27.324560, 34.498264, 36.302422>, 0.130000
	pigment { color rgbt <1,0,0,0> }
	no_shadow
}

// nucleotide -1

// particle -1
sphere {
	<26.895569, 34.367538, 36.936005> 0.250000
	pigment { color rgbt <1,0,0,0> }
	no_shadow
}
cylinder {
	<26.741678, 34.292618, 36.574474>,  <26.649343, 34.247665, 36.357555>, 0.100000
	pigment { color rgbt <1,0,0,0> }
	no_shadow
}
cylinder {
	<26.741678, 34.292618, 36.574474>,  <26.895569, 34.367538, 36.936005>, 0.100000
	pigment { color rgbt <1,0,0,0> }
	no_shadow
}

// particle -1
sphere {
	<26.741678, 34.292618, 36.574474> 0.100000
	pigment { color rgbt <1,0,0,0> }
	no_shadow
}
sphere {
	0, 1
	scale<0.080000,0.200000,0.300000>
	matrix <-0.176340, -0.946246, 0.271152,
		-0.906030, 0.263700, 0.331015,
		-0.384725, -0.187300, -0.903828,
		26.626261, 34.236427, 36.303326>
	pigment { color rgbt <0,1,1,0> }
	no_shadow
}
cylinder {
	<27.438818, 33.948433, 37.271473>,  <26.895569, 34.367538, 36.936005>, 0.130000
	pigment { color rgbt <1,0,0,0> }
	no_shadow
}

// nucleotide -1

// particle -1
sphere {
	<27.438818, 33.948433, 37.271473> 0.250000
	pigment { color rgbt <1,0,0,0> }
	no_shadow
}
cylinder {
	<27.690340, 33.642700, 37.328598>,  <27.841253, 33.459259, 37.362873>, 0.100000
	pigment { color rgbt <1,0,0,0> }
	no_shadow
}
cylinder {
	<27.690340, 33.642700, 37.328598>,  <27.438818, 33.948433, 37.271473>, 0.100000
	pigment { color rgbt <1,0,0,0> }
	no_shadow
}

// particle -1
sphere {
	<27.690340, 33.642700, 37.328598> 0.100000
	pigment { color rgbt <1,0,0,0> }
	no_shadow
}
sphere {
	0, 1
	scale<0.080000,0.200000,0.300000>
	matrix <0.496839, 0.253671, -0.829941,
		0.598126, 0.592826, 0.539261,
		0.628806, -0.764335, 0.142812,
		27.878983, 33.413399, 37.371441>
	pigment { color rgbt <0,1,1,0> }
	no_shadow
}
cylinder {
	<28.222767, 34.103626, 37.328484>,  <27.438818, 33.948433, 37.271473>, 0.130000
	pigment { color rgbt <1,0,0,0> }
	no_shadow
}

// nucleotide -1

// particle -1
sphere {
	<28.222767, 34.103626, 37.328484> 0.250000
	pigment { color rgbt <1,0,0,0> }
	no_shadow
}
cylinder {
	<28.148756, 33.745033, 37.167446>,  <28.104349, 33.529877, 37.070824>, 0.100000
	pigment { color rgbt <1,0,0,0> }
	no_shadow
}
cylinder {
	<28.148756, 33.745033, 37.167446>,  <28.222767, 34.103626, 37.328484>, 0.100000
	pigment { color rgbt <1,0,0,0> }
	no_shadow
}

// particle -1
sphere {
	<28.148756, 33.745033, 37.167446> 0.100000
	pigment { color rgbt <1,0,0,0> }
	no_shadow
}
sphere {
	0, 1
	scale<0.080000,0.200000,0.300000>
	matrix <0.613113, 0.214860, -0.760215,
		0.768022, -0.387497, 0.509891,
		-0.185026, -0.896483, -0.402597,
		28.093248, 33.476089, 37.046665>
	pigment { color rgbt <0,1,1,0> }
	no_shadow
}
cylinder {
	<28.845259, 33.646969, 37.079639>,  <28.222767, 34.103626, 37.328484>, 0.130000
	pigment { color rgbt <1,0,0,0> }
	no_shadow
}

// nucleotide -1

// particle -1
sphere {
	<28.845259, 33.646969, 37.079639> 0.250000
	pigment { color rgbt <1,0,0,0> }
	no_shadow
}
cylinder {
	<28.522844, 33.532433, 36.872444>,  <28.329395, 33.463711, 36.748127>, 0.100000
	pigment { color rgbt <1,0,0,0> }
	no_shadow
}
cylinder {
	<28.522844, 33.532433, 36.872444>,  <28.845259, 33.646969, 37.079639>, 0.100000
	pigment { color rgbt <1,0,0,0> }
	no_shadow
}

// particle -1
sphere {
	<28.522844, 33.532433, 36.872444> 0.100000
	pigment { color rgbt <1,0,0,0> }
	no_shadow
}
sphere {
	0, 1
	scale<0.080000,0.200000,0.300000>
	matrix <0.463192, 0.239643, -0.853244,
		0.368453, -0.927674, -0.060529,
		-0.806037, -0.286344, -0.517988,
		28.281033, 33.446529, 36.717049>
	pigment { color rgbt <0,1,1,0> }
	no_shadow
}
cylinder {
	<28.504807, 33.020592, 37.360386>,  <28.845259, 33.646969, 37.079639>, 0.130000
	pigment { color rgbt <1,0,0,0> }
	no_shadow
}

// nucleotide -1

// particle -1
sphere {
	<28.504807, 33.020592, 37.360386> 0.250000
	pigment { color rgbt <1,0,0,0> }
	no_shadow
}
cylinder {
	<28.758961, 32.840893, 37.611610>,  <28.911453, 32.733074, 37.762344>, 0.100000
	pigment { color rgbt <1,0,0,0> }
	no_shadow
}
cylinder {
	<28.758961, 32.840893, 37.611610>,  <28.504807, 33.020592, 37.360386>, 0.100000
	pigment { color rgbt <1,0,0,0> }
	no_shadow
}

// particle -1
sphere {
	<28.758961, 32.840893, 37.611610> 0.100000
	pigment { color rgbt <1,0,0,0> }
	no_shadow
}
sphere {
	0, 1
	scale<0.080000,0.200000,0.300000>
	matrix <-0.739172, -0.118530, 0.663005,
		-0.223409, -0.885510, -0.407383,
		0.635384, -0.449247, 0.628063,
		28.949575, 32.706120, 37.800030>
	pigment { color rgbt <0,1,1,0> }
	no_shadow
}
cylinder {
	<28.249310, 32.273376, 37.526211>,  <28.504807, 33.020592, 37.360386>, 0.130000
	pigment { color rgbt <1,0,0,0> }
	no_shadow
}

// nucleotide -1

// particle -1
sphere {
	<28.249310, 32.273376, 37.526211> 0.250000
	pigment { color rgbt <1,0,0,0> }
	no_shadow
}
cylinder {
	<28.472366, 32.443748, 37.811199>,  <28.606201, 32.545971, 37.982193>, 0.100000
	pigment { color rgbt <1,0,0,0> }
	no_shadow
}
cylinder {
	<28.472366, 32.443748, 37.811199>,  <28.249310, 32.273376, 37.526211>, 0.100000
	pigment { color rgbt <1,0,0,0> }
	no_shadow
}

// particle -1
sphere {
	<28.472366, 32.443748, 37.811199> 0.100000
	pigment { color rgbt <1,0,0,0> }
	no_shadow
}
sphere {
	0, 1
	scale<0.080000,0.200000,0.300000>
	matrix <-0.713511, -0.192663, 0.673634,
		0.424188, -0.884005, 0.196469,
		0.557644, 0.425931, 0.712472,
		28.639660, 32.571529, 38.024940>
	pigment { color rgbt <0,1,1,0> }
	no_shadow
}
cylinder {
	<28.284075, 31.834616, 38.163151>,  <28.249310, 32.273376, 37.526211>, 0.130000
	pigment { color rgbt <1,0,0,0> }
	no_shadow
}

// nucleotide -1

// particle -1
sphere {
	<28.284075, 31.834616, 38.163151> 0.250000
	pigment { color rgbt <1,0,0,0> }
	no_shadow
}
cylinder {
	<28.321833, 32.223118, 38.250561>,  <28.344488, 32.456219, 38.303005>, 0.100000
	pigment { color rgbt <1,0,0,0> }
	no_shadow
}
cylinder {
	<28.321833, 32.223118, 38.250561>,  <28.284075, 31.834616, 38.163151>, 0.100000
	pigment { color rgbt <1,0,0,0> }
	no_shadow
}

// particle -1
sphere {
	<28.321833, 32.223118, 38.250561> 0.100000
	pigment { color rgbt <1,0,0,0> }
	no_shadow
}
sphere {
	0, 1
	scale<0.080000,0.200000,0.300000>
	matrix <-0.754868, -0.073275, 0.651771,
		0.649048, -0.226480, 0.726253,
		0.094396, 0.971256, 0.218522,
		28.350151, 32.514496, 38.316116>
	pigment { color rgbt <0,1,1,0> }
	no_shadow
}
cylinder {
	<28.541388, 31.153893, 38.529922>,  <28.284075, 31.834616, 38.163151>, 0.130000
	pigment { color rgbt <1,0,0,0> }
	no_shadow
}

// nucleotide -1

// particle -1
sphere {
	<28.541388, 31.153893, 38.529922> 0.250000
	pigment { color rgbt <1,0,0,0> }
	no_shadow
}
cylinder {
	<28.464027, 31.129854, 38.921635>,  <28.417612, 31.115431, 39.156662>, 0.100000
	pigment { color rgbt <1,0,0,0> }
	no_shadow
}
cylinder {
	<28.464027, 31.129854, 38.921635>,  <28.541388, 31.153893, 38.529922>, 0.100000
	pigment { color rgbt <1,0,0,0> }
	no_shadow
}

// particle -1
sphere {
	<28.464027, 31.129854, 38.921635> 0.100000
	pigment { color rgbt <1,0,0,0> }
	no_shadow
}
sphere {
	0, 1
	scale<0.080000,0.200000,0.300000>
	matrix <0.918489, 0.339815, 0.202248,
		-0.344928, 0.938570, -0.010520,
		-0.193399, -0.060098, 0.979278,
		28.406008, 31.111824, 39.215420>
	pigment { color rgbt <0,1,1,0> }
	no_shadow
}
cylinder {
	<28.948635, 31.715269, 38.945049>,  <28.541388, 31.153893, 38.529922>, 0.130000
	pigment { color rgbt <1,0,0,0> }
	no_shadow
}

// nucleotide -1

// particle -1
sphere {
	<28.948635, 31.715269, 38.945049> 0.250000
	pigment { color rgbt <1,0,0,0> }
	no_shadow
}
cylinder {
	<28.869469, 31.381414, 39.150654>,  <28.821968, 31.181103, 39.274017>, 0.100000
	pigment { color rgbt <1,0,0,0> }
	no_shadow
}
cylinder {
	<28.869469, 31.381414, 39.150654>,  <28.948635, 31.715269, 38.945049>, 0.100000
	pigment { color rgbt <1,0,0,0> }
	no_shadow
}

// particle -1
sphere {
	<28.869469, 31.381414, 39.150654> 0.100000
	pigment { color rgbt <1,0,0,0> }
	no_shadow
}
sphere {
	0, 1
	scale<0.080000,0.200000,0.300000>
	matrix <0.863705, 0.099474, 0.494083,
		-0.463511, 0.541745, 0.701192,
		-0.197917, -0.834636, 0.514016,
		28.810093, 31.131023, 39.304859>
	pigment { color rgbt <0,1,1,0> }
	no_shadow
}
cylinder {
	<28.236450, 31.838669, 38.935120>,  <28.948635, 31.715269, 38.945049>, 0.130000
	pigment { color rgbt <1,0,0,0> }
	no_shadow
}

// nucleotide -1

// particle -1
sphere {
	<28.236450, 31.838669, 38.935120> 0.250000
	pigment { color rgbt <1,0,0,0> }
	no_shadow
}
cylinder {
	<28.165703, 32.202854, 38.785576>,  <28.123255, 32.421364, 38.695850>, 0.100000
	pigment { color rgbt <1,0,0,0> }
	no_shadow
}
cylinder {
	<28.165703, 32.202854, 38.785576>,  <28.236450, 31.838669, 38.935120>, 0.100000
	pigment { color rgbt <1,0,0,0> }
	no_shadow
}

// particle -1
sphere {
	<28.165703, 32.202854, 38.785576> 0.100000
	pigment { color rgbt <1,0,0,0> }
	no_shadow
}
sphere {
	0, 1
	scale<0.080000,0.200000,0.300000>
	matrix <-0.877961, 0.025741, 0.478040,
		0.444861, 0.412789, 0.794798,
		-0.176871, 0.910463, -0.373864,
		28.112642, 32.475994, 38.673416>
	pigment { color rgbt <0,1,1,0> }
	no_shadow
}
cylinder {
	<28.147751, 32.158188, 39.472164>,  <28.236450, 31.838669, 38.935120>, 0.130000
	pigment { color rgbt <1,0,0,0> }
	no_shadow
}

// nucleotide -1

// particle -1
sphere {
	<28.147751, 32.158188, 39.472164> 0.250000
	pigment { color rgbt <1,0,0,0> }
	no_shadow
}
cylinder {
	<27.972792, 32.373447, 39.183975>,  <27.867815, 32.502602, 39.011063>, 0.100000
	pigment { color rgbt <1,0,0,0> }
	no_shadow
}
cylinder {
	<27.972792, 32.373447, 39.183975>,  <28.147751, 32.158188, 39.472164>, 0.100000
	pigment { color rgbt <1,0,0,0> }
	no_shadow
}

// particle -1
sphere {
	<27.972792, 32.373447, 39.183975> 0.100000
	pigment { color rgbt <1,0,0,0> }
	no_shadow
}
sphere {
	0, 1
	scale<0.080000,0.200000,0.300000>
	matrix <-0.794293, 0.144449, 0.590113,
		0.421640, 0.830380, 0.364266,
		-0.437400, 0.538149, -0.720470,
		27.841572, 32.534893, 38.967834>
	pigment { color rgbt <0,1,1,0> }
	no_shadow
}
cylinder {
	<27.746096, 32.500988, 39.851276>,  <28.147751, 32.158188, 39.472164>, 0.130000
	pigment { color rgbt <1,0,0,0> }
	no_shadow
}

// nucleotide -1

// particle -1
sphere {
	<27.746096, 32.500988, 39.851276> 0.250000
	pigment { color rgbt <1,0,0,0> }
	no_shadow
}
cylinder {
	<27.591780, 32.555355, 39.486267>,  <27.499191, 32.587975, 39.267262>, 0.100000
	pigment { color rgbt <1,0,0,0> }
	no_shadow
}
cylinder {
	<27.591780, 32.555355, 39.486267>,  <27.746096, 32.500988, 39.851276>, 0.100000
	pigment { color rgbt <1,0,0,0> }
	no_shadow
}

// particle -1
sphere {
	<27.591780, 32.555355, 39.486267> 0.100000
	pigment { color rgbt <1,0,0,0> }
	no_shadow
}
sphere {
	0, 1
	scale<0.080000,0.200000,0.300000>
	matrix <-0.917545, 0.046746, 0.394876,
		0.096328, 0.989616, 0.106681,
		-0.385788, 0.135922, -0.912520,
		27.476044, 32.596130, 39.212513>
	pigment { color rgbt <0,1,1,0> }
	no_shadow
}
cylinder {
	<27.354258, 33.178738, 39.697865>,  <27.746096, 32.500988, 39.851276>, 0.130000
	pigment { color rgbt <1,0,0,0> }
	no_shadow
}

// nucleotide -1

// particle -1
sphere {
	<27.354258, 33.178738, 39.697865> 0.250000
	pigment { color rgbt <1,0,0,0> }
	no_shadow
}
cylinder {
	<27.217087, 32.864178, 39.492348>,  <27.134785, 32.675442, 39.369038>, 0.100000
	pigment { color rgbt <1,0,0,0> }
	no_shadow
}
cylinder {
	<27.217087, 32.864178, 39.492348>,  <27.354258, 33.178738, 39.697865>, 0.100000
	pigment { color rgbt <1,0,0,0> }
	no_shadow
}

// particle -1
sphere {
	<27.217087, 32.864178, 39.492348> 0.100000
	pigment { color rgbt <1,0,0,0> }
	no_shadow
}
sphere {
	0, 1
	scale<0.080000,0.200000,0.300000>
	matrix <-0.923794, 0.183158, 0.336240,
		-0.170314, 0.589941, -0.789280,
		-0.342925, -0.786399, -0.513790,
		27.114210, 32.628258, 39.338211>
	pigment { color rgbt <0,1,1,0> }
	no_shadow
}
cylinder {
	<26.978216, 33.748379, 39.423866>,  <27.354258, 33.178738, 39.697865>, 0.130000
	pigment { color rgbt <1,0,0,0> }
	no_shadow
}

// nucleotide -1

// particle -1
sphere {
	<26.978216, 33.748379, 39.423866> 0.250000
	pigment { color rgbt <1,0,0,0> }
	no_shadow
}
cylinder {
	<26.617664, 33.604538, 39.520367>,  <26.401333, 33.518234, 39.578266>, 0.100000
	pigment { color rgbt <1,0,0,0> }
	no_shadow
}
cylinder {
	<26.617664, 33.604538, 39.520367>,  <26.978216, 33.748379, 39.423866>, 0.100000
	pigment { color rgbt <1,0,0,0> }
	no_shadow
}

// particle -1
sphere {
	<26.617664, 33.604538, 39.520367> 0.100000
	pigment { color rgbt <1,0,0,0> }
	no_shadow
}
sphere {
	0, 1
	scale<0.080000,0.200000,0.300000>
	matrix <-0.277577, 0.052222, -0.959283,
		0.332360, -0.931644, -0.146888,
		-0.901381, -0.359601, 0.241247,
		26.347250, 33.496658, 39.592739>
	pigment { color rgbt <0,1,1,0> }
	no_shadow
}
cylinder {
	<26.763632, 33.265213, 38.931499>,  <26.978216, 33.748379, 39.423866>, 0.130000
	pigment { color rgbt <1,0,0,0> }
	no_shadow
}

// nucleotide -1

// particle -1
sphere {
	<26.763632, 33.265213, 38.931499> 0.250000
	pigment { color rgbt <1,0,0,0> }
	no_shadow
}
cylinder {
	<26.402489, 33.356583, 39.077198>,  <26.185802, 33.411404, 39.164616>, 0.100000
	pigment { color rgbt <1,0,0,0> }
	no_shadow
}
cylinder {
	<26.402489, 33.356583, 39.077198>,  <26.763632, 33.265213, 38.931499>, 0.100000
	pigment { color rgbt <1,0,0,0> }
	no_shadow
}

// particle -1
sphere {
	<26.402489, 33.356583, 39.077198> 0.100000
	pigment { color rgbt <1,0,0,0> }
	no_shadow
}
sphere {
	0, 1
	scale<0.080000,0.200000,0.300000>
	matrix <-0.392717, -0.093323, -0.914912,
		-0.174990, -0.969080, 0.173961,
		-0.902858, 0.228417, 0.364243,
		26.131632, 33.425110, 39.186470>
	pigment { color rgbt <0,1,1,0> }
	no_shadow
}
cylinder {
	<26.223867, 32.928291, 38.469242>,  <26.763632, 33.265213, 38.931499>, 0.130000
	pigment { color rgbt <1,0,0,0> }
	no_shadow
}

// nucleotide -1

// particle -1
sphere {
	<26.223867, 32.928291, 38.469242> 0.250000
	pigment { color rgbt <1,0,0,0> }
	no_shadow
}
cylinder {
	<26.031359, 33.229916, 38.648029>,  <25.915854, 33.410889, 38.755302>, 0.100000
	pigment { color rgbt <1,0,0,0> }
	no_shadow
}
cylinder {
	<26.031359, 33.229916, 38.648029>,  <26.223867, 32.928291, 38.469242>, 0.100000
	pigment { color rgbt <1,0,0,0> }
	no_shadow
}

// particle -1
sphere {
	<26.031359, 33.229916, 38.648029> 0.100000
	pigment { color rgbt <1,0,0,0> }
	no_shadow
}
sphere {
	0, 1
	scale<0.080000,0.200000,0.300000>
	matrix <-0.583676, 0.104751, -0.805201,
