// switches for output
#declare DRAW_BASES = 1; // possible values are 0, 1; only relevant for DNA ribbons
#declare DRAW_BASES_TYPE = 3; // possible values are 1, 2, 3; only relevant for DNA ribbons
#declare DRAW_FOG = 0; // set to 1 to enable fog

#include "colors.inc"

#include "transforms.inc"
background { rgb <1, 1, 1>}

#default {
   normal{
       ripples 0.25
       frequency 0.20
       turbulence 0.2
       lambda 5
   }
	finish {
		phong 0.1
		phong_size 40.
	}
}

// original window dimensions: 1024x640


// camera settings

camera {
	sky <0, 0.179814, -0.983701>
	up <0, 0.179814, -0.983701>
	right 1.6 * <1, 0, 0>
	location <35, 94.9851, 44.8844>
	look_at <35, 29.7336, 32.9568>
	direction <0, -65.2515, -11.9276>
	angle 67.0682
}


# declare cpy_camera_pos = <35, 94.9851, 44.8844>;
# if (DRAW_FOG = 1)
fog {
	fog_type 2
	up vnormalize(cpy_camera_pos)
	color rgbt<1,1,1,0.3>
	distance 1e-5
	fog_alt 3e-3
	fog_offset 56
}
# end


// LIGHTS

# declare lum = 6;
global_settings {
	ambient_light rgb lum * <0.05, 0.05, 0.05>
	max_trace_level 15
}# declare cpy_direct_light_amount = 0.25;
light_source
{	1000 * <-1, -1.16352, -0.803886>,
	rgb lum * cpy_direct_light_amount
	parallel
}

light_source
{	1000 * <1, 1.16352, 0.803886>,
	rgb lum * cpy_direct_light_amount
	parallel
}

// strand 0

// nucleotide -1

// particle -1
sphere {
	<24.260899, 34.725487, 34.760509> 0.250000
	pigment { color rgbt <1,0,0,0> }
	no_shadow
}
cylinder {
	<24.345428, 34.997196, 35.041630>,  <24.396147, 35.160221, 35.210304>, 0.100000
	pigment { color rgbt <1,0,0,0> }
	no_shadow
}
cylinder {
	<24.345428, 34.997196, 35.041630>,  <24.260899, 34.725487, 34.760509>, 0.100000
	pigment { color rgbt <1,0,0,0> }
	no_shadow
}

// particle -1
sphere {
	<24.345428, 34.997196, 35.041630> 0.100000
	pigment { color rgbt <1,0,0,0> }
	no_shadow
}
sphere {
	0, 1
	scale<0.080000,0.200000,0.300000>
	matrix <0.774578, 0.322162, -0.544280,
		-0.596131, 0.659394, -0.458069,
		0.211322, 0.679273, 0.702803,
		24.408825, 35.200977, 35.252472>
	pigment { color rgbt <0,1,1,0> }
	no_shadow
}
cylinder {
	<24.277742, 35.405502, 34.404945>,  <24.260899, 34.725487, 34.760509>, 0.130000
	pigment { color rgbt <1,0,0,0> }
	no_shadow
}

// nucleotide -1

// particle -1
sphere {
	<24.277742, 35.405502, 34.404945> 0.250000
	pigment { color rgbt <1,0,0,0> }
	no_shadow
}
cylinder {
	<24.492275, 35.348522, 34.737705>,  <24.620995, 35.314335, 34.937363>, 0.100000
	pigment { color rgbt <1,0,0,0> }
	no_shadow
}
cylinder {
	<24.492275, 35.348522, 34.737705>,  <24.277742, 35.405502, 34.404945>, 0.100000
	pigment { color rgbt <1,0,0,0> }
	no_shadow
}

// particle -1
sphere {
	<24.492275, 35.348522, 34.737705> 0.100000
	pigment { color rgbt <1,0,0,0> }
	no_shadow
}
sphere {
	0, 1
	scale<0.080000,0.200000,0.300000>
	matrix <0.822285, 0.310371, -0.476988,
		-0.190250, 0.939882, 0.283598,
		0.536333, -0.142451, 0.831898,
		24.653175, 35.305786, 34.987274>
	pigment { color rgbt <0,1,1,0> }
	no_shadow
}
cylinder {
	<25.063498, 35.319149, 34.508457>,  <24.277742, 35.405502, 34.404945>, 0.130000
	pigment { color rgbt <1,0,0,0> }
	no_shadow
}

// nucleotide -1

// particle -1
sphere {
	<25.063498, 35.319149, 34.508457> 0.250000
	pigment { color rgbt <1,0,0,0> }
	no_shadow
}
cylinder {
	<25.040493, 34.928463, 34.425777>,  <25.026690, 34.694054, 34.376171>, 0.100000
	pigment { color rgbt <1,0,0,0> }
	no_shadow
}
cylinder {
	<25.040493, 34.928463, 34.425777>,  <25.063498, 35.319149, 34.508457>, 0.100000
	pigment { color rgbt <1,0,0,0> }
	no_shadow
}

// particle -1
sphere {
	<25.040493, 34.928463, 34.425777> 0.100000
	pigment { color rgbt <1,0,0,0> }
	no_shadow
}
sphere {
	0, 1
	scale<0.080000,0.200000,0.300000>
	matrix <0.060158, 0.203272, -0.977273,
		0.996531, -0.068640, 0.047066,
		-0.057512, -0.976714, -0.206696,
		25.023239, 34.635448, 34.363770>
	pigment { color rgbt <0,1,1,0> }
	no_shadow
}
cylinder {
	<25.676271, 35.076302, 34.071659>,  <25.063498, 35.319149, 34.508457>, 0.130000
	pigment { color rgbt <1,0,0,0> }
	no_shadow
}

// nucleotide -1

// particle -1
sphere {
	<25.676271, 35.076302, 34.071659> 0.250000
	pigment { color rgbt <1,0,0,0> }
	no_shadow
}
cylinder {
	<25.363428, 34.832222, 34.021111>,  <25.175722, 34.685776, 33.990784>, 0.100000
	pigment { color rgbt <1,0,0,0> }
	no_shadow
}
cylinder {
	<25.363428, 34.832222, 34.021111>,  <25.676271, 35.076302, 34.071659>, 0.100000
	pigment { color rgbt <1,0,0,0> }
	no_shadow
}

// particle -1
sphere {
	<25.363428, 34.832222, 34.021111> 0.100000
	pigment { color rgbt <1,0,0,0> }
	no_shadow
}
sphere {
	0, 1
	scale<0.080000,0.200000,0.300000>
	matrix <0.123464, 0.047030, -0.991234,
		0.610791, -0.790853, 0.038555,
		-0.782107, -0.610197, -0.126368,
		25.128796, 34.649162, 33.983200>
	pigment { color rgbt <0,1,1,0> }
	no_shadow
}
cylinder {
	<25.816404, 34.483147, 33.635895>,  <25.676271, 35.076302, 34.071659>, 0.130000
	pigment { color rgbt <1,0,0,0> }
	no_shadow
}

// nucleotide -1

// particle -1
sphere {
	<25.816404, 34.483147, 33.635895> 0.250000
	pigment { color rgbt <1,0,0,0> }
	no_shadow
}
cylinder {
	<25.425413, 34.559452, 33.599785>,  <25.190819, 34.605236, 33.578117>, 0.100000
	pigment { color rgbt <1,0,0,0> }
	no_shadow
}
cylinder {
	<25.425413, 34.559452, 33.599785>,  <25.816404, 34.483147, 33.635895>, 0.100000
	pigment { color rgbt <1,0,0,0> }
	no_shadow
}

// particle -1
sphere {
	<25.425413, 34.559452, 33.599785> 0.100000
	pigment { color rgbt <1,0,0,0> }
	no_shadow
}
sphere {
	0, 1
	scale<0.080000,0.200000,0.300000>
	matrix <0.103821, 0.062228, -0.992647,
		-0.183740, -0.979662, -0.080632,
		-0.977477, 0.190760, -0.090276,
		25.132170, 34.616680, 33.572701>
	pigment { color rgbt <0,1,1,0> }
	no_shadow
}
cylinder {
	<25.411325, 33.987854, 33.229027>,  <25.816404, 34.483147, 33.635895>, 0.130000
	pigment { color rgbt <1,0,0,0> }
	no_shadow
}

// nucleotide -1

// particle -1
sphere {
	<25.411325, 33.987854, 33.229027> 0.250000
	pigment { color rgbt <1,0,0,0> }
	no_shadow
}
cylinder {
	<25.260555, 34.355576, 33.183754>,  <25.170094, 34.576210, 33.156590>, 0.100000
	pigment { color rgbt <1,0,0,0> }
	no_shadow
}
cylinder {
	<25.260555, 34.355576, 33.183754>,  <25.411325, 33.987854, 33.229027>, 0.100000
	pigment { color rgbt <1,0,0,0> }
	no_shadow
}

// particle -1
sphere {
	<25.260555, 34.355576, 33.183754> 0.100000
	pigment { color rgbt <1,0,0,0> }
	no_shadow
}
sphere {
	0, 1
	scale<0.080000,0.200000,0.300000>
	matrix <0.185055, -0.044987, -0.981698,
		-0.907570, -0.390969, -0.153165,
		-0.376923, 0.919304, -0.113180,
		25.147478, 34.631367, 33.149799>
	pigment { color rgbt <0,1,1,0> }
	no_shadow
}
cylinder {
	<24.991371, 33.885063, 32.616745>,  <25.411325, 33.987854, 33.229027>, 0.130000
	pigment { color rgbt <1,0,0,0> }
	no_shadow
}

// nucleotide -1

// particle -1
sphere {
	<24.991371, 33.885063, 32.616745> 0.250000
	pigment { color rgbt <1,0,0,0> }
	no_shadow
}
cylinder {
	<25.060062, 34.273415, 32.683567>,  <25.101276, 34.506424, 32.723660>, 0.100000
	pigment { color rgbt <1,0,0,0> }
	no_shadow
}
cylinder {
	<25.060062, 34.273415, 32.683567>,  <24.991371, 33.885063, 32.616745>, 0.100000
	pigment { color rgbt <1,0,0,0> }
	no_shadow
}

// particle -1
sphere {
	<25.060062, 34.273415, 32.683567> 0.100000
	pigment { color rgbt <1,0,0,0> }
	no_shadow
}
sphere {
	0, 1
	scale<0.080000,0.200000,0.300000>
	matrix <0.166519, 0.138532, -0.976258,
		-0.970969, 0.195468, -0.137880,
		0.171726, 0.970877, 0.167060,
		25.111580, 34.564678, 32.733685>
	pigment { color rgbt <0,1,1,0> }
	no_shadow
}
cylinder {
	<24.588352, 34.346214, 32.122070>,  <24.991371, 33.885063, 32.616745>, 0.130000
	pigment { color rgbt <1,0,0,0> }
	no_shadow
}

// nucleotide -1

// particle -1
sphere {
	<24.588352, 34.346214, 32.122070> 0.250000
	pigment { color rgbt <1,0,0,0> }
	no_shadow
}
cylinder {
	<24.911175, 34.549828, 32.241760>,  <25.104868, 34.671997, 32.313576>, 0.100000
	pigment { color rgbt <1,0,0,0> }
	no_shadow
}
cylinder {
	<24.911175, 34.549828, 32.241760>,  <24.588352, 34.346214, 32.122070>, 0.100000
	pigment { color rgbt <1,0,0,0> }
	no_shadow
}

// particle -1
sphere {
	<24.911175, 34.549828, 32.241760> 0.100000
	pigment { color rgbt <1,0,0,0> }
	no_shadow
}
sphere {
	0, 1
	scale<0.080000,0.200000,0.300000>
	matrix <0.175033, 0.277745, -0.944575,
		-0.563933, 0.814702, 0.135058,
		0.807058, 0.509037, 0.299229,
		25.153292, 34.702538, 32.331528>
	pigment { color rgbt <0,1,1,0> }
	no_shadow
}
cylinder {
	<24.470278, 35.018524, 31.909649>,  <24.588352, 34.346214, 32.122070>, 0.130000
	pigment { color rgbt <1,0,0,0> }
	no_shadow
}

// nucleotide -1

// particle -1
sphere {
	<24.470278, 35.018524, 31.909649> 0.250000
	pigment { color rgbt <1,0,0,0> }
	no_shadow
}
cylinder {
	<24.860891, 35.022129, 31.995716>,  <25.095261, 35.024292, 32.047356>, 0.100000
	pigment { color rgbt <1,0,0,0> }
	no_shadow
}
cylinder {
	<24.860891, 35.022129, 31.995716>,  <24.470278, 35.018524, 31.909649>, 0.100000
	pigment { color rgbt <1,0,0,0> }
	no_shadow
}

// particle -1
sphere {
	<24.860891, 35.022129, 31.995716> 0.100000
	pigment { color rgbt <1,0,0,0> }
	no_shadow
}
sphere {
	0, 1
	scale<0.080000,0.200000,0.300000>
	matrix <0.185333, 0.473692, -0.860969,
		-0.109680, 0.880644, 0.460907,
		0.976536, 0.009010, 0.215167,
		25.153852, 35.024834, 32.060265>
	pigment { color rgbt <0,1,1,0> }
	no_shadow
}
cylinder {
	<24.795784, 35.670639, 31.812918>,  <24.470278, 35.018524, 31.909649>, 0.130000
	pigment { color rgbt <1,0,0,0> }
	no_shadow
}

// nucleotide -1

// particle -1
sphere {
	<24.795784, 35.670639, 31.812918> 0.250000
	pigment { color rgbt <1,0,0,0> }
	no_shadow
}
cylinder {
	<25.102308, 35.413670, 31.809973>,  <25.286222, 35.259487, 31.808207>, 0.100000
	pigment { color rgbt <1,0,0,0> }
	no_shadow
}
cylinder {
	<25.102308, 35.413670, 31.809973>,  <24.795784, 35.670639, 31.812918>, 0.100000
	pigment { color rgbt <1,0,0,0> }
	no_shadow
}

// particle -1
sphere {
	<25.102308, 35.413670, 31.809973> 0.100000
	pigment { color rgbt <1,0,0,0> }
	no_shadow
}
sphere {
	0, 1
	scale<0.080000,0.200000,0.300000>
	matrix <0.326018, 0.398712, -0.857170,
		0.553604, 0.654460, 0.514980,
		0.766312, -0.642426, -0.007363,
		25.332203, 35.220943, 31.807764>
	pigment { color rgbt <0,1,1,0> }
	no_shadow
}
cylinder {
	<25.446859, 36.131584, 31.682264>,  <24.795784, 35.670639, 31.812918>, 0.130000
	pigment { color rgbt <1,0,0,0> }
	no_shadow
}

// nucleotide -1

// particle -1
sphere {
	<25.446859, 36.131584, 31.682264> 0.250000
	pigment { color rgbt <1,0,0,0> }
	no_shadow
}
cylinder {
	<25.543005, 35.761150, 31.565926>,  <25.600693, 35.538891, 31.496122>, 0.100000
	pigment { color rgbt <1,0,0,0> }
	no_shadow
}
cylinder {
	<25.543005, 35.761150, 31.565926>,  <25.446859, 36.131584, 31.682264>, 0.100000
	pigment { color rgbt <1,0,0,0> }
	no_shadow
}

// particle -1
sphere {
	<25.543005, 35.761150, 31.565926> 0.100000
	pigment { color rgbt <1,0,0,0> }
	no_shadow
}
sphere {
	0, 1
	scale<0.080000,0.200000,0.300000>
	matrix <0.495107, 0.374690, -0.783885,
		0.834922, 0.044418, 0.548573,
		0.240364, -0.926085, -0.290845,
		25.615114, 35.483326, 31.478672>
	pigment { color rgbt <0,1,1,0> }
	no_shadow
}
cylinder {
	<26.184505, 36.090942, 31.632057>,  <25.446859, 36.131584, 31.682264>, 0.130000
	pigment { color rgbt <1,0,0,0> }
	no_shadow
}

// nucleotide -1

// particle -1
sphere {
	<26.184505, 36.090942, 31.632057> 0.250000
	pigment { color rgbt <1,0,0,0> }
	no_shadow
}
cylinder {
	<26.024008, 35.827297, 31.377632>,  <25.927710, 35.669109, 31.224977>, 0.100000
	pigment { color rgbt <1,0,0,0> }
	no_shadow
}
cylinder {
	<26.024008, 35.827297, 31.377632>,  <26.184505, 36.090942, 31.632057>, 0.100000
	pigment { color rgbt <1,0,0,0> }
	no_shadow
}

// particle -1
sphere {
	<26.024008, 35.827297, 31.377632> 0.100000
	pigment { color rgbt <1,0,0,0> }
	no_shadow
}
sphere {
	0, 1
	scale<0.080000,0.200000,0.300000>
	matrix <0.387456, 0.507097, -0.769891,
		0.829988, -0.555361, 0.051906,
		-0.401246, -0.659111, -0.636062,
		25.903633, 35.629562, 31.186813>
	pigment { color rgbt <0,1,1,0> }
	no_shadow
}
cylinder {
	<26.684317, 35.688892, 31.180307>,  <26.184505, 36.090942, 31.632057>, 0.130000
	pigment { color rgbt <1,0,0,0> }
	no_shadow
}

// nucleotide -1

// particle -1
sphere {
	<26.684317, 35.688892, 31.180307> 0.250000
	pigment { color rgbt <1,0,0,0> }
	no_shadow
}
cylinder {
	<26.324183, 35.768661, 31.025581>,  <26.108101, 35.816521, 30.932747>, 0.100000
	pigment { color rgbt <1,0,0,0> }
	no_shadow
}
cylinder {
	<26.324183, 35.768661, 31.025581>,  <26.684317, 35.688892, 31.180307>, 0.100000
	pigment { color rgbt <1,0,0,0> }
	no_shadow
}

// particle -1
sphere {
	<26.324183, 35.768661, 31.025581> 0.100000
	pigment { color rgbt <1,0,0,0> }
	no_shadow
}
sphere {
	0, 1
	scale<0.080000,0.200000,0.300000>
	matrix <0.432611, 0.506798, -0.745657,
		0.047338, -0.838682, -0.542560,
		-0.900337, 0.199420, -0.386814,
		26.054081, 35.828487, 30.909536>
	pigment { color rgbt <0,1,1,0> }
	no_shadow
}
cylinder {
	<26.449362, 36.006725, 30.687992>,  <26.684317, 35.688892, 31.180307>, 0.130000
	pigment { color rgbt <1,0,0,0> }
	no_shadow
}

// nucleotide -1

// particle -1
sphere {
	<26.449362, 36.006725, 30.687992> 0.250000
	pigment { color rgbt <1,0,0,0> }
	no_shadow
}
cylinder {
	<26.488186, 35.645710, 30.520182>,  <26.511480, 35.429100, 30.419495>, 0.100000
	pigment { color rgbt <1,0,0,0> }
	no_shadow
}
cylinder {
	<26.488186, 35.645710, 30.520182>,  <26.449362, 36.006725, 30.687992>, 0.100000
	pigment { color rgbt <1,0,0,0> }
	no_shadow
}

// particle -1
sphere {
	<26.488186, 35.645710, 30.520182> 0.100000
	pigment { color rgbt <1,0,0,0> }
	no_shadow
}
sphere {
	0, 1
	scale<0.080000,0.200000,0.300000>
	matrix <-0.513789, -0.406445, 0.755528,
		-0.852408, 0.142218, -0.503164,
		0.097059, -0.902538, -0.419527,
		26.517303, 35.374947, 30.394323>
	pigment { color rgbt <0,1,1,0> }
	no_shadow
}
cylinder {
	<25.748671, 35.584911, 30.446428>,  <26.449362, 36.006725, 30.687992>, 0.130000
	pigment { color rgbt <1,0,0,0> }
	no_shadow
}

// nucleotide -1

// particle -1
sphere {
	<25.748671, 35.584911, 30.446428> 0.250000
	pigment { color rgbt <1,0,0,0> }
	no_shadow
}
cylinder {
	<26.030703, 35.339420, 30.588530>,  <26.199921, 35.192127, 30.673790>, 0.100000
	pigment { color rgbt <1,0,0,0> }
	no_shadow
}
cylinder {
	<26.030703, 35.339420, 30.588530>,  <25.748671, 35.584911, 30.446428>, 0.100000
	pigment { color rgbt <1,0,0,0> }
	no_shadow
}

// particle -1
sphere {
	<26.030703, 35.339420, 30.588530> 0.100000
	pigment { color rgbt <1,0,0,0> }
	no_shadow
}
sphere {
	0, 1
	scale<0.080000,0.200000,0.300000>
	matrix <-0.626817, -0.305119, 0.716940,
		-0.331614, -0.728174, -0.599829,
		0.705076, -0.613731, 0.355250,
		26.242226, 35.155304, 30.695107>
	pigment { color rgbt <0,1,1,0> }
	no_shadow
}
cylinder {
	<25.614431, 34.759510, 30.547352>,  <25.748671, 35.584911, 30.446428>, 0.130000
	pigment { color rgbt <1,0,0,0> }
	no_shadow
}

// nucleotide -1

// particle -1
sphere {
	<25.614431, 34.759510, 30.547352> 0.250000
	pigment { color rgbt <1,0,0,0> }
	no_shadow
}
cylinder {
	<25.841751, 34.951481, 30.814697>,  <25.978144, 35.066662, 30.975103>, 0.100000
	pigment { color rgbt <1,0,0,0> }
	no_shadow
}
cylinder {
	<25.841751, 34.951481, 30.814697>,  <25.614431, 34.759510, 30.547352>, 0.100000
	pigment { color rgbt <1,0,0,0> }
	no_shadow
}

// particle -1
sphere {
	<25.841751, 34.951481, 30.814697> 0.100000
	pigment { color rgbt <1,0,0,0> }
	no_shadow
}
sphere {
	0, 1
	scale<0.080000,0.200000,0.300000>
	matrix <-0.522582, -0.416903, 0.743707,
		0.635566, -0.771922, 0.013874,
		0.568300, 0.479925, 0.668362,
		26.012241, 35.095459, 31.015205>
	pigment { color rgbt <0,1,1,0> }
	no_shadow
}
cylinder {
	<25.921295, 34.303066, 31.129421>,  <25.614431, 34.759510, 30.547352>, 0.130000
	pigment { color rgbt <1,0,0,0> }
	no_shadow
}

// nucleotide -1

// particle -1
sphere {
	<25.921295, 34.303066, 31.129421> 0.250000
	pigment { color rgbt <1,0,0,0> }
	no_shadow
}
cylinder {
	<25.828196, 34.673725, 31.247511>,  <25.772337, 34.896122, 31.318365>, 0.100000
	pigment { color rgbt <1,0,0,0> }
	no_shadow
}
cylinder {
	<25.828196, 34.673725, 31.247511>,  <25.921295, 34.303066, 31.129421>, 0.100000
	pigment { color rgbt <1,0,0,0> }
	no_shadow
}

// particle -1
sphere {
	<25.828196, 34.673725, 31.247511> 0.100000
	pigment { color rgbt <1,0,0,0> }
	no_shadow
}
sphere {
	0, 1
	scale<0.080000,0.200000,0.300000>
	matrix <-0.483923, -0.373658, 0.791327,
		0.843592, 0.041314, 0.535393,
		-0.232747, 0.926646, 0.295222,
		25.758371, 34.951717, 31.336077>
	pigment { color rgbt <0,1,1,0> }
	no_shadow
}
cylinder {
	<26.265409, 34.341988, 31.715414>,  <25.921295, 34.303066, 31.129421>, 0.130000
	pigment { color rgbt <1,0,0,0> }
	no_shadow
}

// nucleotide -1

// particle -1
sphere {
	<26.265409, 34.341988, 31.715414> 0.250000
	pigment { color rgbt <1,0,0,0> }
	no_shadow
}
cylinder {
	<25.974789, 34.616058, 31.736006>,  <25.800415, 34.780502, 31.748360>, 0.100000
	pigment { color rgbt <1,0,0,0> }
	no_shadow
}
cylinder {
	<25.974789, 34.616058, 31.736006>,  <26.265409, 34.341988, 31.715414>, 0.100000
	pigment { color rgbt <1,0,0,0> }
	no_shadow
}

// particle -1
sphere {
	<25.974789, 34.616058, 31.736006> 0.100000
	pigment { color rgbt <1,0,0,0> }
	no_shadow
}
sphere {
	0, 1
	scale<0.080000,0.200000,0.300000>
	matrix <-0.099194, -0.178728, 0.978886,
		0.679912, 0.706107, 0.197821,
		-0.726554, 0.685179, 0.051478,
		25.756823, 34.821613, 31.751450>
	pigment { color rgbt <0,1,1,0> }
	no_shadow
}
cylinder {
	<26.427080, 34.836449, 32.249012>,  <26.265409, 34.341988, 31.715414>, 0.130000
	pigment { color rgbt <1,0,0,0> }
	no_shadow
}

// nucleotide -1

// particle -1
sphere {
	<26.427080, 34.836449, 32.249012> 0.250000
	pigment { color rgbt <1,0,0,0> }
	no_shadow
}
cylinder {
	<26.034815, 34.902870, 32.207584>,  <25.799456, 34.942722, 32.182728>, 0.100000
	pigment { color rgbt <1,0,0,0> }
	no_shadow
}
cylinder {
	<26.034815, 34.902870, 32.207584>,  <26.427080, 34.836449, 32.249012>, 0.100000
	pigment { color rgbt <1,0,0,0> }
	no_shadow
}

// particle -1
sphere {
	<26.034815, 34.902870, 32.207584> 0.100000
	pigment { color rgbt <1,0,0,0> }
	no_shadow
}
sphere {
	0, 1
	scale<0.080000,0.200000,0.300000>
	matrix <-0.117861, -0.078618, 0.989913,
		0.156240, 0.982977, 0.096669,
		-0.980662, 0.166057, -0.103571,
		25.740616, 34.952686, 32.176514>
	pigment { color rgbt <0,1,1,0> }
	no_shadow
}
cylinder {
	<26.216150, 35.314854, 32.762585>,  <26.427080, 34.836449, 32.249012>, 0.130000
	pigment { color rgbt <1,0,0,0> }
	no_shadow
}

// nucleotide -1

// particle -1
sphere {
	<26.216150, 35.314854, 32.762585> 0.250000
	pigment { color rgbt <1,0,0,0> }
	no_shadow
}
cylinder {
	<25.913883, 35.086185, 32.634735>,  <25.732523, 34.948986, 32.558025>, 0.100000
	pigment { color rgbt <1,0,0,0> }
	no_shadow
}
cylinder {
	<25.913883, 35.086185, 32.634735>,  <26.216150, 35.314854, 32.762585>, 0.100000
	pigment { color rgbt <1,0,0,0> }
	no_shadow
}

// particle -1
sphere {
	<25.913883, 35.086185, 32.634735> 0.100000
	pigment { color rgbt <1,0,0,0> }
	no_shadow
}
sphere {
	0, 1
	scale<0.080000,0.200000,0.300000>
	matrix <-0.222554, -0.234852, 0.946211,
		-0.615983, 0.786155, 0.050243,
		-0.755668, -0.571668, -0.319627,
		25.687183, 34.914684, 32.538849>
	pigment { color rgbt <0,1,1,0> }
	no_shadow
}
cylinder {
	<25.693447, 35.495361, 33.172848>,  <26.216150, 35.314854, 32.762585>, 0.130000
	pigment { color rgbt <1,0,0,0> }
	no_shadow
}

// nucleotide -1

// particle -1
sphere {
	<25.693447, 35.495361, 33.172848> 0.250000
	pigment { color rgbt <1,0,0,0> }
	no_shadow
}
cylinder {
	<25.644949, 35.127995, 33.022217>,  <25.615850, 34.907574, 32.931839>, 0.100000
	pigment { color rgbt <1,0,0,0> }
	no_shadow
}
cylinder {
	<25.644949, 35.127995, 33.022217>,  <25.693447, 35.495361, 33.172848>, 0.100000
	pigment { color rgbt <1,0,0,0> }
	no_shadow
}

// particle -1
sphere {
	<25.644949, 35.127995, 33.022217> 0.100000
	pigment { color rgbt <1,0,0,0> }
	no_shadow
}
sphere {
	0, 1
	scale<0.080000,0.200000,0.300000>
	matrix <-0.095015, -0.366895, 0.925397,
		-0.988065, 0.147981, -0.042778,
		-0.121246, -0.918417, -0.376577,
		25.608576, 34.852470, 32.909245>
	pigment { color rgbt <0,1,1,0> }
	no_shadow
}
cylinder {
	<25.184885, 35.593243, 32.537132>,  <25.693447, 35.495361, 33.172848>, 0.130000
	pigment { color rgbt <1,0,0,0> }
	no_shadow
}

// nucleotide -1

// particle -1
sphere {
	<25.184885, 35.593243, 32.537132> 0.250000
	pigment { color rgbt <1,0,0,0> }
	no_shadow
}
cylinder {
	<24.883663, 35.332916, 32.498451>,  <24.702930, 35.176720, 32.475243>, 0.100000
	pigment { color rgbt <1,0,0,0> }
	no_shadow
}
cylinder {
	<24.883663, 35.332916, 32.498451>,  <25.184885, 35.593243, 32.537132>, 0.100000
	pigment { color rgbt <1,0,0,0> }
	no_shadow
}

// particle -1
sphere {
	<24.883663, 35.332916, 32.498451> 0.100000
	pigment { color rgbt <1,0,0,0> }
	no_shadow
}
sphere {
	0, 1
	scale<0.080000,0.200000,0.300000>
	matrix <0.175068, -0.339872, 0.924034,
		-0.634241, 0.678918, 0.369878,
		-0.753054, -0.650814, -0.096704,
		24.657747, 35.137672, 32.469440>
	pigment { color rgbt <0,1,1,0> }
	no_shadow
}
cylinder {
	<24.684618, 35.646027, 33.127071>,  <25.184885, 35.593243, 32.537132>, 0.130000
	pigment { color rgbt <1,0,0,0> }
	no_shadow
}

// nucleotide -1

// particle -1
sphere {
	<24.684618, 35.646027, 33.127071> 0.250000
	pigment { color rgbt <1,0,0,0> }
	no_shadow
}
cylinder {
	<24.681150, 35.279003, 32.968067>,  <24.679070, 35.058788, 32.872665>, 0.100000
	pigment { color rgbt <1,0,0,0> }
	no_shadow
}
cylinder {
	<24.681150, 35.279003, 32.968067>,  <24.684618, 35.646027, 33.127071>, 0.100000
	pigment { color rgbt <1,0,0,0> }
	no_shadow
}

// particle -1
sphere {
	<24.681150, 35.279003, 32.968067> 0.100000
	pigment { color rgbt <1,0,0,0> }
	no_shadow
}
sphere {
	0, 1
	scale<0.080000,0.200000,0.300000>
	matrix <0.007572, -0.397575, 0.917539,
		-0.999934, 0.004943, 0.010394,
		-0.008667, -0.917556, -0.397511,
		24.678551, 35.003735, 32.848812>
	pigment { color rgbt <0,1,1,0> }
	no_shadow
}
cylinder {
	<24.072681, 35.221470, 33.361610>,  <24.684618, 35.646027, 33.127071>, 0.130000
	pigment { color rgbt <1,0,0,0> }
	no_shadow
}

// nucleotide -1

// particle -1
sphere {
	<24.072681, 35.221470, 33.361610> 0.250000
	pigment { color rgbt <1,0,0,0> }
	no_shadow
}
cylinder {
	<24.392778, 34.996609, 33.278099>,  <24.584837, 34.861691, 33.227993>, 0.100000
	pigment { color rgbt <1,0,0,0> }
	no_shadow
}
cylinder {
	<24.392778, 34.996609, 33.278099>,  <24.072681, 35.221470, 33.361610>, 0.100000
	pigment { color rgbt <1,0,0,0> }
	no_shadow
}

// particle -1
sphere {
	<24.392778, 34.996609, 33.278099> 0.100000
	pigment { color rgbt <1,0,0,0> }
	no_shadow
}
sphere {
	0, 1
	scale<0.080000,0.200000,0.300000>
	matrix <0.050979, -0.283126, 0.957727,
		-0.597506, -0.777057, -0.197912,
		0.800242, -0.562158, -0.208783,
		24.632851, 34.827961, 33.215466>
	pigment { color rgbt <0,1,1,0> }
	no_shadow
}
cylinder {
	<23.846098, 34.656841, 33.540195>,  <24.072681, 35.221470, 33.361610>, 0.130000
	pigment { color rgbt <1,0,0,0> }
	no_shadow
}

// nucleotide -1

// particle -1
sphere {
	<23.846098, 34.656841, 33.540195> 0.250000
	pigment { color rgbt <1,0,0,0> }
	no_shadow
}
cylinder {
	<24.245373, 34.633293, 33.545254>,  <24.484938, 34.619164, 33.548286>, 0.100000
	pigment { color rgbt <1,0,0,0> }
	no_shadow
}
cylinder {
	<24.245373, 34.633293, 33.545254>,  <23.846098, 34.656841, 33.540195>, 0.100000
	pigment { color rgbt <1,0,0,0> }
	no_shadow
}

// particle -1
sphere {
	<24.245373, 34.633293, 33.545254> 0.100000
	pigment { color rgbt <1,0,0,0> }
	no_shadow
}
sphere {
	0, 1
	scale<0.080000,0.200000,0.300000>
	matrix <-0.033064, -0.360452, 0.932192,
		-0.050319, -0.930919, -0.361744,
		0.998186, -0.058868, 0.012643,
		24.544828, 34.615631, 33.549046>
	pigment { color rgbt <0,1,1,0> }
	no_shadow
}
cylinder {
	<24.003166, 33.965149, 33.777477>,  <23.846098, 34.656841, 33.540195>, 0.130000
	pigment { color rgbt <1,0,0,0> }
	no_shadow
}

// nucleotide -1

// particle -1
sphere {
	<24.003166, 33.965149, 33.777477> 0.250000
	pigment { color rgbt <1,0,0,0> }
	no_shadow
}
cylinder {
	<24.337944, 34.177593, 33.830307>,  <24.538811, 34.305058, 33.862007>, 0.100000
	pigment { color rgbt <1,0,0,0> }
	no_shadow
}
cylinder {
	<24.337944, 34.177593, 33.830307>,  <24.003166, 33.965149, 33.777477>, 0.100000
	pigment { color rgbt <1,0,0,0> }
	no_shadow
}

// particle -1
sphere {
	<24.337944, 34.177593, 33.830307> 0.100000
	pigment { color rgbt <1,0,0,0> }
	no_shadow
}
sphere {
	0, 1
	scale<0.080000,0.200000,0.300000>
	matrix <0.112606, -0.403283, 0.908121,
		0.535576, -0.745175, -0.397332,
		0.836946, 0.531109, 0.132078,
		24.589027, 34.336926, 33.869930>
	pigment { color rgbt <0,1,1,0> }
	no_shadow
}
cylinder {
	<24.607622, 33.483643, 33.993298>,  <24.003166, 33.965149, 33.777477>, 0.130000
	pigment { color rgbt <1,0,0,0> }
	no_shadow
}

// nucleotide -1

// particle -1
sphere {
	<24.607622, 33.483643, 33.993298> 0.250000
	pigment { color rgbt <1,0,0,0> }
	no_shadow
}
cylinder {
	<24.748285, 33.839035, 34.111237>,  <24.832684, 34.052269, 34.181999>, 0.100000
	pigment { color rgbt <1,0,0,0> }
	no_shadow
}
cylinder {
	<24.748285, 33.839035, 34.111237>,  <24.607622, 33.483643, 33.993298>, 0.100000
	pigment { color rgbt <1,0,0,0> }
	no_shadow
}

// particle -1
sphere {
	<24.748285, 33.839035, 34.111237> 0.100000
	pigment { color rgbt <1,0,0,0> }
	no_shadow
}
sphere {
	0, 1
	scale<0.080000,0.200000,0.300000>
	matrix <0.300920, -0.405538, 0.863126,
		0.886444, -0.214800, -0.409973,
		0.351659, 0.888482, 0.294849,
		24.853783, 34.105579, 34.199692>
	pigment { color rgbt <0,1,1,0> }
	no_shadow
}
cylinder {
	<25.409126, 33.497253, 34.007061>,  <24.607622, 33.483643, 33.993298>, 0.130000
	pigment { color rgbt <1,0,0,0> }
	no_shadow
}

// nucleotide -1

// particle -1
sphere {
	<25.409126, 33.497253, 34.007061> 0.250000
	pigment { color rgbt <1,0,0,0> }
	no_shadow
}
cylinder {
	<25.202717, 33.715698, 34.271023>,  <25.078871, 33.846767, 34.429401>, 0.100000
	pigment { color rgbt <1,0,0,0> }
	no_shadow
}
cylinder {
	<25.202717, 33.715698, 34.271023>,  <25.409126, 33.497253, 34.007061>, 0.100000
	pigment { color rgbt <1,0,0,0> }
	no_shadow
}

// particle -1
sphere {
	<25.202717, 33.715698, 34.271023> 0.100000
	pigment { color rgbt <1,0,0,0> }
	no_shadow
}
sphere {
	0, 1
	scale<0.080000,0.200000,0.300000>
	matrix <0.364513, -0.557161, 0.746124,
		0.775145, 0.625562, 0.088442,
		-0.516024, 0.546116, 0.659906,
		25.047909, 33.879532, 34.468994>
	pigment { color rgbt <0,1,1,0> }
	no_shadow
}
cylinder {
	<25.922066, 33.602787, 34.605003>,  <25.409126, 33.497253, 34.007061>, 0.130000
	pigment { color rgbt <1,0,0,0> }
	no_shadow
}

// nucleotide -1

// particle -1
sphere {
	<25.922066, 33.602787, 34.605003> 0.250000
	pigment { color rgbt <1,0,0,0> }
	no_shadow
}
cylinder {
	<25.538980, 33.635548, 34.715332>,  <25.309130, 33.655205, 34.781528>, 0.100000
	pigment { color rgbt <1,0,0,0> }
	no_shadow
}
cylinder {
	<25.538980, 33.635548, 34.715332>,  <25.922066, 33.602787, 34.605003>, 0.100000
	pigment { color rgbt <1,0,0,0> }
	no_shadow
}

// particle -1
sphere {
	<25.538980, 33.635548, 34.715332> 0.100000
	pigment { color rgbt <1,0,0,0> }
	no_shadow
}
sphere {
	0, 1
	scale<0.080000,0.200000,0.300000>
	matrix <0.201182, -0.494705, 0.845454,
		0.205697, 0.865193, 0.457307,
		-0.957713, 0.081905, 0.275820,
		25.251667, 33.660118, 34.798077>
	pigment { color rgbt <0,1,1,0> }
	no_shadow
}
cylinder {
	<25.726593, 33.818493, 35.360073>,  <25.922066, 33.602787, 34.605003>, 0.130000
	pigment { color rgbt <1,0,0,0> }
	no_shadow
}

// nucleotide -1

// particle -1
sphere {
	<25.726593, 33.818493, 35.360073> 0.250000
	pigment { color rgbt <1,0,0,0> }
	no_shadow
}
cylinder {
	<25.429047, 33.586994, 35.226376>,  <25.250519, 33.448093, 35.146156>, 0.100000
	pigment { color rgbt <1,0,0,0> }
	no_shadow
}
cylinder {
	<25.429047, 33.586994, 35.226376>,  <25.726593, 33.818493, 35.360073>, 0.100000
	pigment { color rgbt <1,0,0,0> }
	no_shadow
}

// particle -1
sphere {
	<25.429047, 33.586994, 35.226376> 0.100000
	pigment { color rgbt <1,0,0,0> }
	no_shadow
}
sphere {
	0, 1
	scale<0.080000,0.200000,0.300000>
	matrix <0.062009, -0.557721, 0.827709,
		-0.665446, 0.594979, 0.450757,
		-0.743866, -0.578747, -0.334240,
		25.205887, 33.413372, 35.126102>
	pigment { color rgbt <0,1,1,0> }
	no_shadow
}
cylinder {
	<25.211555, 33.743107, 35.844742>,  <25.726593, 33.818493, 35.360073>, 0.130000
	pigment { color rgbt <1,0,0,0> }
	no_shadow
}

// nucleotide -1

// particle -1
sphere {
	<25.211555, 33.743107, 35.844742> 0.250000
	pigment { color rgbt <1,0,0,0> }
	no_shadow
}
cylinder {
	<25.255842, 33.434128, 35.594601>,  <25.282413, 33.248741, 35.444515>, 0.100000
	pigment { color rgbt <1,0,0,0> }
	no_shadow
}
cylinder {
	<25.255842, 33.434128, 35.594601>,  <25.211555, 33.743107, 35.844742>, 0.100000
	pigment { color rgbt <1,0,0,0> }
	no_shadow
}

// particle -1
sphere {
	<25.255842, 33.434128, 35.594601> 0.100000
	pigment { color rgbt <1,0,0,0> }
	no_shadow
}
sphere {
	0, 1
	scale<0.080000,0.200000,0.300000>
	matrix <0.046834, -0.624466, 0.779646,
		-0.992748, -0.115606, -0.032961,
		0.110715, -0.772449, -0.625352,
		25.289057, 33.202393, 35.406994>
	pigment { color rgbt <0,1,1,0> }
	no_shadow
}
cylinder {
	<24.650007, 33.225559, 35.913807>,  <25.211555, 33.743107, 35.844742>, 0.130000
	pigment { color rgbt <1,0,0,0> }
	no_shadow
}

// nucleotide -1

// particle -1
sphere {
	<24.650007, 33.225559, 35.913807> 0.250000
	pigment { color rgbt <1,0,0,0> }
	no_shadow
}
cylinder {
	<24.982872, 33.045197, 35.784695>,  <25.182590, 32.936977, 35.707226>, 0.100000
	pigment { color rgbt <1,0,0,0> }
	no_shadow
}
cylinder {
	<24.982872, 33.045197, 35.784695>,  <24.650007, 33.225559, 35.913807>, 0.100000
	pigment { color rgbt <1,0,0,0> }
	no_shadow
}

// particle -1
sphere {
	<24.982872, 33.045197, 35.784695> 0.100000
	pigment { color rgbt <1,0,0,0> }
	no_shadow
}
sphere {
	0, 1
	scale<0.080000,0.200000,0.300000>
	matrix <-0.096867, -0.691327, 0.716019,
		-0.546008, -0.564576, -0.618974,
		0.832161, -0.450911, -0.322781,
		25.232521, 32.909924, 35.687859>
	pigment { color rgbt <0,1,1,0> }
	no_shadow
}
cylinder {
	<24.480585, 32.513638, 35.823540>,  <24.650007, 33.225559, 35.913807>, 0.130000
	pigment { color rgbt <1,0,0,0> }
	no_shadow
}

// nucleotide -1

// particle -1
sphere {
	<24.480585, 32.513638, 35.823540> 0.250000
	pigment { color rgbt <1,0,0,0> }
	no_shadow
}
cylinder {
	<24.876053, 32.552311, 35.869469>,  <25.113333, 32.575516, 35.897026>, 0.100000
	pigment { color rgbt <1,0,0,0> }
	no_shadow
}
cylinder {
	<24.876053, 32.552311, 35.869469>,  <24.480585, 32.513638, 35.823540>, 0.100000
	pigment { color rgbt <1,0,0,0> }
	no_shadow
}

// particle -1
sphere {
	<24.876053, 32.552311, 35.869469> 0.100000
	pigment { color rgbt <1,0,0,0> }
	no_shadow
}
sphere {
	0, 1
	scale<0.080000,0.200000,0.300000>
	matrix <-0.029008, -0.627457, 0.778111,
		0.147278, -0.772625, -0.617543,
		0.988670, 0.096685, 0.114823,
		25.172653, 32.581318, 35.903915>
	pigment { color rgbt <0,1,1,0> }
	no_shadow
}
cylinder {
	<24.734425, 31.830500, 35.876011>,  <24.480585, 32.513638, 35.823540>, 0.130000
	pigment { color rgbt <1,0,0,0> }
	no_shadow
}

// nucleotide -1

// particle -1
sphere {
	<24.734425, 31.830500, 35.876011> 0.250000
	pigment { color rgbt <1,0,0,0> }
	no_shadow
}
cylinder {
	<24.995852, 32.079853, 36.047703>,  <25.152708, 32.229465, 36.150719>, 0.100000
	pigment { color rgbt <1,0,0,0> }
	no_shadow
}
cylinder {
	<24.995852, 32.079853, 36.047703>,  <24.734425, 31.830500, 35.876011>, 0.100000
	pigment { color rgbt <1,0,0,0> }
	no_shadow
}

// particle -1
sphere {
	<24.995852, 32.079853, 36.047703> 0.100000
	pigment { color rgbt <1,0,0,0> }
	no_shadow
}
sphere {
	0, 1
	scale<0.080000,0.200000,0.300000>
	matrix <-0.065199, -0.518641, 0.852503,
		0.754054, -0.585155, -0.298323,
		0.653569, 0.623382, 0.429234,
		25.191923, 32.266869, 36.176472>
	pigment { color rgbt <0,1,1,0> }
	no_shadow
}
cylinder {
	<24.573446, 31.116142, 35.847809>,  <24.734425, 31.830500, 35.876011>, 0.130000
	pigment { color rgbt <1,0,0,0> }
	no_shadow
}

// nucleotide -1

// particle -1
sphere {
	<24.573446, 31.116142, 35.847809> 0.250000
	pigment { color rgbt <1,0,0,0> }
	no_shadow
}
cylinder {
	<24.568153, 30.734432, 35.728355>,  <24.564978, 30.505405, 35.656681>, 0.100000
	pigment { color rgbt <1,0,0,0> }
	no_shadow
}
cylinder {
	<24.568153, 30.734432, 35.728355>,  <24.573446, 31.116142, 35.847809>, 0.100000
	pigment { color rgbt <1,0,0,0> }
	no_shadow
}

// particle -1
sphere {
	<24.568153, 30.734432, 35.728355> 0.100000
	pigment { color rgbt <1,0,0,0> }
	no_shadow
}
sphere {
	0, 1
	scale<0.080000,0.200000,0.300000>
	matrix <0.358405, 0.274291, -0.892362,
		0.933472, -0.118840, 0.338388,
		-0.013232, -0.954275, -0.298636,
		24.564184, 30.448149, 35.638763>
	pigment { color rgbt <0,1,1,0> }
	no_shadow
}
cylinder {
	<25.330488, 30.849012, 35.635441>,  <24.573446, 31.116142, 35.847809>, 0.130000
	pigment { color rgbt <1,0,0,0> }
	no_shadow
}

// nucleotide -1

// particle -1
sphere {
	<25.330488, 30.849012, 35.635441> 0.250000
	pigment { color rgbt <1,0,0,0> }
	no_shadow
}
cylinder {
	<25.051401, 30.639757, 35.439678>,  <24.883949, 30.514204, 35.322220>, 0.100000
	pigment { color rgbt <1,0,0,0> }
	no_shadow
}
cylinder {
	<25.051401, 30.639757, 35.439678>,  <25.330488, 30.849012, 35.635441>, 0.100000
	pigment { color rgbt <1,0,0,0> }
	no_shadow
}

// particle -1
sphere {
	<25.051401, 30.639757, 35.439678> 0.100000
	pigment { color rgbt <1,0,0,0> }
	no_shadow
}
sphere {
	0, 1
	scale<0.080000,0.200000,0.300000>
	matrix <0.466432, 0.186775, -0.864613,
		0.543721, -0.831530, 0.113692,
		-0.697717, -0.523138, -0.489406,
		24.842087, 30.482815, 35.292858>
	pigment { color rgbt <0,1,1,0> }
	no_shadow
}
cylinder {
	<25.244909, 31.352551, 36.167374>,  <25.330488, 30.849012, 35.635441>, 0.130000
	pigment { color rgbt <1,0,0,0> }
	no_shadow
}

// nucleotide -1

// particle -1
sphere {
	<25.244909, 31.352551, 36.167374> 0.250000
	pigment { color rgbt <1,0,0,0> }
	no_shadow
}
cylinder {
	<25.290230, 31.697489, 36.364765>,  <25.317423, 31.904451, 36.483200>, 0.100000
	pigment { color rgbt <1,0,0,0> }
	no_shadow
}
cylinder {
	<25.290230, 31.697489, 36.364765>,  <25.244909, 31.352551, 36.167374>, 0.100000
	pigment { color rgbt <1,0,0,0> }
	no_shadow
}

// particle -1
sphere {
	<25.290230, 31.697489, 36.364765> 0.100000
	pigment { color rgbt <1,0,0,0> }
	no_shadow
}
sphere {
	0, 1
	scale<0.080000,0.200000,0.300000>
	matrix <-0.273657, -0.450384, 0.849862,
		0.955131, -0.231334, 0.184958,
		0.113301, 0.862345, 0.493482,
		25.324221, 31.956192, 36.512810>
	pigment { color rgbt <0,1,1,0> }
	no_shadow
}
cylinder {
	<25.564774, 31.208229, 36.840588>,  <25.244909, 31.352551, 36.167374>, 0.130000
	pigment { color rgbt <1,0,0,0> }
	no_shadow
}

// nucleotide -1

// particle -1
sphere {
	<25.564774, 31.208229, 36.840588> 0.250000
	pigment { color rgbt <1,0,0,0> }
	no_shadow
}
cylinder {
	<25.387564, 31.563757, 36.887466>,  <25.281239, 31.777073, 36.915592>, 0.100000
	pigment { color rgbt <1,0,0,0> }
	no_shadow
}
cylinder {
	<25.387564, 31.563757, 36.887466>,  <25.564774, 31.208229, 36.840588>, 0.100000
	pigment { color rgbt <1,0,0,0> }
	no_shadow
}

// particle -1
sphere {
	<25.387564, 31.563757, 36.887466> 0.100000
	pigment { color rgbt <1,0,0,0> }
	no_shadow
}
sphere {
	0, 1
	scale<0.080000,0.200000,0.300000>
	matrix <-0.324435, -0.280809, 0.903265,
		0.835747, 0.362146, 0.412769,
		-0.443023, 0.888818, 0.117193,
		25.254658, 31.830402, 36.922623>
	pigment { color rgbt <0,1,1,0> }
	no_shadow
}
cylinder {
	<25.758669, 31.483549, 37.515404>,  <25.564774, 31.208229, 36.840588>, 0.130000
	pigment { color rgbt <1,0,0,0> }
	no_shadow
}

// nucleotide -1

// particle -1
sphere {
	<25.758669, 31.483549, 37.515404> 0.250000
	pigment { color rgbt <1,0,0,0> }
	no_shadow
}
cylinder {
	<25.425562, 31.673923, 37.402279>,  <25.225697, 31.788149, 37.334404>, 0.100000
	pigment { color rgbt <1,0,0,0> }
	no_shadow
}
cylinder {
	<25.425562, 31.673923, 37.402279>,  <25.758669, 31.483549, 37.515404>, 0.100000
	pigment { color rgbt <1,0,0,0> }
	no_shadow
}

// particle -1
sphere {
	<25.425562, 31.673923, 37.402279> 0.100000
	pigment { color rgbt <1,0,0,0> }
	no_shadow
}
sphere {
	0, 1
	scale<0.080000,0.200000,0.300000>
	matrix <-0.434067, -0.244240, 0.867140,
		0.343630, 0.844886, 0.409984,
		-0.832769, 0.475936, -0.282809,
		25.175732, 31.816704, 37.317436>
	pigment { color rgbt <0,1,1,0> }
	no_shadow
}
cylinder {
	<25.562174, 31.659140, 38.127918>,  <25.758669, 31.483549, 37.515404>, 0.130000
	pigment { color rgbt <1,0,0,0> }
	no_shadow
}

// nucleotide -1

// particle -1
sphere {
	<25.562174, 31.659140, 38.127918> 0.250000
	pigment { color rgbt <1,0,0,0> }
	no_shadow
}
cylinder {
	<25.218098, 31.643488, 37.924530>,  <25.011652, 31.634096, 37.802498>, 0.100000
	pigment { color rgbt <1,0,0,0> }
	no_shadow
}
cylinder {
	<25.218098, 31.643488, 37.924530>,  <25.562174, 31.659140, 38.127918>, 0.100000
	pigment { color rgbt <1,0,0,0> }
	no_shadow
}

// particle -1
sphere {
	<25.218098, 31.643488, 37.924530> 0.100000
	pigment { color rgbt <1,0,0,0> }
	no_shadow
}
sphere {
	0, 1
	scale<0.080000,0.200000,0.300000>
	matrix <-0.472367, -0.314628, 0.823334,
		-0.192196, 0.948408, 0.252157,
		-0.860192, -0.039131, -0.508467,
		24.960039, 31.631748, 37.771992>
	pigment { color rgbt <0,1,1,0> }
	no_shadow
}
cylinder {
	<24.930119, 31.122095, 38.207500>,  <25.562174, 31.659140, 38.127918>, 0.130000
	pigment { color rgbt <1,0,0,0> }
	no_shadow
}

// nucleotide -1

// particle -1
sphere {
	<24.930119, 31.122095, 38.207500> 0.250000
	pigment { color rgbt <1,0,0,0> }
	no_shadow
}
cylinder {
	<24.704527, 31.434723, 38.314140>,  <24.569172, 31.622299, 38.378124>, 0.100000
	pigment { color rgbt <1,0,0,0> }
	no_shadow
}
cylinder {
	<24.704527, 31.434723, 38.314140>,  <24.930119, 31.122095, 38.207500>, 0.100000
	pigment { color rgbt <1,0,0,0> }
	no_shadow
}

// particle -1
sphere {
	<24.704527, 31.434723, 38.314140> 0.100000
	pigment { color rgbt <1,0,0,0> }
	no_shadow
}
sphere {
	0, 1
	scale<0.080000,0.200000,0.300000>
	matrix <0.087901, 0.377826, -0.921695,
		-0.821096, -0.496384, -0.281787,
		-0.563981, 0.781569, 0.266599,
		24.535332, 31.669193, 38.394119>
	pigment { color rgbt <0,1,1,0> }
	no_shadow
}
cylinder {
	<24.308632, 31.130630, 37.754005>,  <24.930119, 31.122095, 38.207500>, 0.130000
	pigment { color rgbt <1,0,0,0> }
	no_shadow
}

// nucleotide -1

// particle -1
sphere {
	<24.308632, 31.130630, 37.754005> 0.250000
	pigment { color rgbt <1,0,0,0> }
	no_shadow
}
cylinder {
	<24.464190, 31.471926, 37.893002>,  <24.557524, 31.676702, 37.976398>, 0.100000
	pigment { color rgbt <1,0,0,0> }
	no_shadow
}
cylinder {
	<24.464190, 31.471926, 37.893002>,  <24.308632, 31.130630, 37.754005>, 0.100000
	pigment { color rgbt <1,0,0,0> }
	no_shadow
}

// particle -1
sphere {
	<24.464190, 31.471926, 37.893002> 0.100000
	pigment { color rgbt <1,0,0,0> }
	no_shadow
}
sphere {
	0, 1
	scale<0.080000,0.200000,0.300000>
	matrix <0.101512, 0.335202, -0.936662,
		-0.915674, 0.399535, 0.043744,
		0.388892, 0.853236, 0.347493,
		24.580856, 31.727896, 37.997250>
	pigment { color rgbt <0,1,1,0> }
	no_shadow
}
cylinder {
	<24.004391, 31.667837, 37.261662>,  <24.308632, 31.130630, 37.754005>, 0.130000
	pigment { color rgbt <1,0,0,0> }
	no_shadow
}

// nucleotide -1

// particle -1
sphere {
	<24.004391, 31.667837, 37.261662> 0.250000
	pigment { color rgbt <1,0,0,0> }
	no_shadow
}
cylinder {
	<24.313051, 31.817205, 37.467617>,  <24.498247, 31.906826, 37.591190>, 0.100000
	pigment { color rgbt <1,0,0,0> }
	no_shadow
}
cylinder {
	<24.313051, 31.817205, 37.467617>,  <24.004391, 31.667837, 37.261662>, 0.100000
	pigment { color rgbt <1,0,0,0> }
	no_shadow
}

// particle -1
sphere {
	<24.313051, 31.817205, 37.467617> 0.100000
	pigment { color rgbt <1,0,0,0> }
	no_shadow
}
sphere {
	0, 1
	scale<0.080000,0.200000,0.300000>
	matrix <0.391596, 0.358971, -0.847226,
