// switches for output
#declare DRAW_BASES = 1; // possible values are 0, 1; only relevant for DNA ribbons
#declare DRAW_BASES_TYPE = 3; // possible values are 1, 2, 3; only relevant for DNA ribbons
#declare DRAW_FOG = 0; // set to 1 to enable fog

#include "colors.inc"

#include "transforms.inc"
background { rgb <1, 1, 1>}

#default {
   normal{
       ripples 0.25
       frequency 0.20
       turbulence 0.2
       lambda 5
   }
	finish {
		phong 0.1
		phong_size 40.
	}
}

// original window dimensions: 1024x640


// camera settings

camera {
	sky <0, 0.179814, -0.983701>
	up <0, 0.179814, -0.983701>
	right 1.6 * <1, 0, 0>
	location <35, 94.9851, 44.8844>
	look_at <35, 29.7336, 32.9568>
	direction <0, -65.2515, -11.9276>
	angle 67.0682
}


# declare cpy_camera_pos = <35, 94.9851, 44.8844>;
# if (DRAW_FOG = 1)
fog {
	fog_type 2
	up vnormalize(cpy_camera_pos)
	color rgbt<1,1,1,0.3>
	distance 1e-5
	fog_alt 3e-3
	fog_offset 56
}
# end


// LIGHTS

# declare lum = 6;
global_settings {
	ambient_light rgb lum * <0.05, 0.05, 0.05>
	max_trace_level 15
}# declare cpy_direct_light_amount = 0.25;
light_source
{	1000 * <-1, -1.16352, -0.803886>,
	rgb lum * cpy_direct_light_amount
	parallel
}

light_source
{	1000 * <1, 1.16352, 0.803886>,
	rgb lum * cpy_direct_light_amount
	parallel
}

// strand 0

// nucleotide -1

// particle -1
sphere {
	<24.114706, 34.965580, 34.830673> 0.250000
	pigment { color rgbt <1,0,0,0> }
	no_shadow
}
cylinder {
	<24.416504, 35.141441, 34.635761>,  <24.597584, 35.246960, 34.518814>, 0.100000
	pigment { color rgbt <1,0,0,0> }
	no_shadow
}
cylinder {
	<24.416504, 35.141441, 34.635761>,  <24.114706, 34.965580, 34.830673>, 0.100000
	pigment { color rgbt <1,0,0,0> }
	no_shadow
}

// particle -1
sphere {
	<24.416504, 35.141441, 34.635761> 0.100000
	pigment { color rgbt <1,0,0,0> }
	no_shadow
}
sphere {
	0, 1
	scale<0.080000,0.200000,0.300000>
	matrix <-0.226989, -0.521827, -0.822297,
		-0.615801, 0.731027, -0.293920,
		0.754497, 0.439654, -0.487277,
		24.642853, 35.273338, 34.489578>
	pigment { color rgbt <0,1,1,0> }
	no_shadow
}
cylinder {
	<24.664101, 35.247185, 35.352009>,  <24.114706, 34.965580, 34.830673>, 0.130000
	pigment { color rgbt <1,0,0,0> }
	no_shadow
}

// nucleotide -1

// particle -1
sphere {
	<24.664101, 35.247185, 35.352009> 0.250000
	pigment { color rgbt <1,0,0,0> }
	no_shadow
}
cylinder {
	<25.053013, 35.338070, 35.329933>,  <25.286360, 35.392601, 35.316689>, 0.100000
	pigment { color rgbt <1,0,0,0> }
	no_shadow
}
cylinder {
	<25.053013, 35.338070, 35.329933>,  <24.664101, 35.247185, 35.352009>, 0.100000
	pigment { color rgbt <1,0,0,0> }
	no_shadow
}

// particle -1
sphere {
	<25.053013, 35.338070, 35.329933> 0.100000
	pigment { color rgbt <1,0,0,0> }
	no_shadow
}
sphere {
	0, 1
	scale<0.080000,0.200000,0.300000>
	matrix <0.186239, -0.895260, -0.404753,
		-0.141375, 0.383254, -0.912759,
		0.972280, 0.227213, -0.055190,
		25.344696, 35.406235, 35.313377>
	pigment { color rgbt <0,1,1,0> }
	no_shadow
}
cylinder {
	<24.879116, 34.887241, 34.793747>,  <24.664101, 35.247185, 35.352009>, 0.130000
	pigment { color rgbt <1,0,0,0> }
	no_shadow
}

// nucleotide -1

// particle -1
sphere {
	<24.879116, 34.887241, 34.793747> 0.250000
	pigment { color rgbt <1,0,0,0> }
	no_shadow
}
cylinder {
	<25.224642, 34.986252, 34.969273>,  <25.431957, 35.045658, 35.074589>, 0.100000
	pigment { color rgbt <1,0,0,0> }
	no_shadow
}
cylinder {
	<25.224642, 34.986252, 34.969273>,  <24.879116, 34.887241, 34.793747>, 0.100000
	pigment { color rgbt <1,0,0,0> }
	no_shadow
}

// particle -1
sphere {
	<25.224642, 34.986252, 34.969273> 0.100000
	pigment { color rgbt <1,0,0,0> }
	no_shadow
}
sphere {
	0, 1
	scale<0.080000,0.200000,0.300000>
	matrix <0.395629, -0.872539, -0.286624,
		0.311932, 0.421196, -0.851641,
		0.863815, 0.247527, 0.438811,
		25.483786, 35.060509, 35.100914>
	pigment { color rgbt <0,1,1,0> }
	no_shadow
}
cylinder {
	<25.425732, 34.712246, 34.285980>,  <24.879116, 34.887241, 34.793747>, 0.130000
	pigment { color rgbt <1,0,0,0> }
	no_shadow
}

// nucleotide -1

// particle -1
sphere {
	<25.425732, 34.712246, 34.285980> 0.250000
	pigment { color rgbt <1,0,0,0> }
	no_shadow
}
cylinder {
	<25.684601, 34.794941, 34.579491>,  <25.839922, 34.844559, 34.755596>, 0.100000
	pigment { color rgbt <1,0,0,0> }
	no_shadow
}
cylinder {
	<25.684601, 34.794941, 34.579491>,  <25.425732, 34.712246, 34.285980>, 0.100000
	pigment { color rgbt <1,0,0,0> }
	no_shadow
}

// particle -1
sphere {
	<25.684601, 34.794941, 34.579491> 0.100000
	pigment { color rgbt <1,0,0,0> }
	no_shadow
}
sphere {
	0, 1
	scale<0.080000,0.200000,0.300000>
	matrix <0.612105, -0.714658, -0.338513,
		0.454417, 0.668225, -0.589050,
		0.647173, 0.206735, 0.733777,
		25.878752, 34.856960, 34.799625>
	pigment { color rgbt <0,1,1,0> }
	no_shadow
}
cylinder {
	<26.075464, 34.888847, 34.073399>,  <25.425732, 34.712246, 34.285980>, 0.130000
	pigment { color rgbt <1,0,0,0> }
	no_shadow
}

// nucleotide -1

// particle -1
sphere {
	<26.075464, 34.888847, 34.073399> 0.250000
	pigment { color rgbt <1,0,0,0> }
	no_shadow
}
cylinder {
	<26.118553, 34.728058, 34.437115>,  <26.144407, 34.631584, 34.655346>, 0.100000
	pigment { color rgbt <1,0,0,0> }
	no_shadow
}
cylinder {
	<26.118553, 34.728058, 34.437115>,  <26.075464, 34.888847, 34.073399>, 0.100000
	pigment { color rgbt <1,0,0,0> }
	no_shadow
}

// particle -1
sphere {
	<26.118553, 34.728058, 34.437115> 0.100000
	pigment { color rgbt <1,0,0,0> }
	no_shadow
}
sphere {
	0, 1
	scale<0.080000,0.200000,0.300000>
	matrix <0.641494, -0.670638, -0.372466,
		0.759527, 0.623430, 0.185618,
		0.107724, -0.401971, 0.909294,
		26.150869, 34.607468, 34.709904>
	pigment { color rgbt <0,1,1,0> }
	no_shadow
}
cylinder {
	<26.803843, 34.942181, 34.467396>,  <26.075464, 34.888847, 34.073399>, 0.130000
	pigment { color rgbt <1,0,0,0> }
	no_shadow
}

// nucleotide -1

// particle -1
sphere {
	<26.803843, 34.942181, 34.467396> 0.250000
	pigment { color rgbt <1,0,0,0> }
	no_shadow
}
cylinder {
	<26.592186, 34.614105, 34.554398>,  <26.465193, 34.417259, 34.606598>, 0.100000
	pigment { color rgbt <1,0,0,0> }
	no_shadow
}
cylinder {
	<26.592186, 34.614105, 34.554398>,  <26.803843, 34.942181, 34.467396>, 0.100000
	pigment { color rgbt <1,0,0,0> }
	no_shadow
}

// particle -1
sphere {
	<26.592186, 34.614105, 34.554398> 0.100000
	pigment { color rgbt <1,0,0,0> }
	no_shadow
}
sphere {
	0, 1
	scale<0.080000,0.200000,0.300000>
	matrix <0.705624, -0.567686, -0.424061,
		0.471281, -0.070913, 0.879128,
		-0.529140, -0.820185, 0.217501,
		26.433443, 34.368050, 34.619648>
	pigment { color rgbt <0,1,1,0> }
	no_shadow
}
cylinder {
	<27.190973, 34.476727, 34.762104>,  <26.803843, 34.942181, 34.467396>, 0.130000
	pigment { color rgbt <1,0,0,0> }
	no_shadow
}

// nucleotide -1

// particle -1
sphere {
	<27.190973, 34.476727, 34.762104> 0.250000
	pigment { color rgbt <1,0,0,0> }
	no_shadow
}
cylinder {
	<26.896627, 34.272118, 34.584633>,  <26.720020, 34.149353, 34.478149>, 0.100000
	pigment { color rgbt <1,0,0,0> }
	no_shadow
}
cylinder {
	<26.896627, 34.272118, 34.584633>,  <27.190973, 34.476727, 34.762104>, 0.100000
	pigment { color rgbt <1,0,0,0> }
	no_shadow
}

// particle -1
sphere {
	<26.896627, 34.272118, 34.584633> 0.100000
	pigment { color rgbt <1,0,0,0> }
	no_shadow
}
sphere {
	0, 1
	scale<0.080000,0.200000,0.300000>
	matrix <0.653744, -0.707401, -0.268706,
		-0.176408, -0.487781, 0.854956,
		-0.735867, -0.511520, -0.443675,
		26.675867, 34.118660, 34.451530>
	pigment { color rgbt <0,1,1,0> }
	no_shadow
}
cylinder {
	<27.163437, 33.719421, 34.945587>,  <27.190973, 34.476727, 34.762104>, 0.130000
	pigment { color rgbt <1,0,0,0> }
	no_shadow
}

// nucleotide -1

// particle -1
sphere {
	<27.163437, 33.719421, 34.945587> 0.250000
	pigment { color rgbt <1,0,0,0> }
	no_shadow
}
cylinder {
	<26.985548, 33.720692, 34.587322>,  <26.878815, 33.721455, 34.372364>, 0.100000
	pigment { color rgbt <1,0,0,0> }
	no_shadow
}
cylinder {
	<26.985548, 33.720692, 34.587322>,  <27.163437, 33.719421, 34.945587>, 0.100000
	pigment { color rgbt <1,0,0,0> }
	no_shadow
}

// particle -1
sphere {
	<26.985548, 33.720692, 34.587322> 0.100000
	pigment { color rgbt <1,0,0,0> }
	no_shadow
}
sphere {
	0, 1
	scale<0.080000,0.200000,0.300000>
	matrix <0.733487, -0.572604, -0.366226,
		-0.514022, -0.819826, 0.252323,
		-0.444723, 0.003173, -0.895663,
		26.852131, 33.721645, 34.318623>
	pigment { color rgbt <0,1,1,0> }
	no_shadow
}
cylinder {
	<27.131041, 33.035664, 34.742558>,  <27.163437, 33.719421, 34.945587>, 0.130000
	pigment { color rgbt <1,0,0,0> }
	no_shadow
}

// nucleotide -1

// particle -1
sphere {
	<27.131041, 33.035664, 34.742558> 0.250000
	pigment { color rgbt <1,0,0,0> }
	no_shadow
}
cylinder {
	<27.080805, 33.254436, 34.411476>,  <27.050663, 33.385700, 34.212826>, 0.100000
	pigment { color rgbt <1,0,0,0> }
	no_shadow
}
cylinder {
	<27.080805, 33.254436, 34.411476>,  <27.131041, 33.035664, 34.742558>, 0.100000
	pigment { color rgbt <1,0,0,0> }
	no_shadow
}

// particle -1
sphere {
	<27.080805, 33.254436, 34.411476> 0.100000
	pigment { color rgbt <1,0,0,0> }
	no_shadow
}
sphere {
	0, 1
	scale<0.080000,0.200000,0.300000>
	matrix <0.660632, -0.576322, -0.481059,
		-0.740130, -0.607224, -0.288941,
		-0.125587, 0.546930, -0.827705,
		27.043129, 33.418514, 34.163166>
	pigment { color rgbt <0,1,1,0> }
	no_shadow
}
cylinder {
	<27.169518, 32.549908, 34.208481>,  <27.131041, 33.035664, 34.742558>, 0.130000
	pigment { color rgbt <1,0,0,0> }
	no_shadow
}

// nucleotide -1

// particle -1
sphere {
	<27.169518, 32.549908, 34.208481> 0.250000
	pigment { color rgbt <1,0,0,0> }
	no_shadow
}
cylinder {
	<27.258554, 32.912914, 34.066006>,  <27.311975, 33.130718, 33.980522>, 0.100000
	pigment { color rgbt <1,0,0,0> }
	no_shadow
}
cylinder {
	<27.258554, 32.912914, 34.066006>,  <27.169518, 32.549908, 34.208481>, 0.100000
	pigment { color rgbt <1,0,0,0> }
	no_shadow
}

// particle -1
sphere {
	<27.258554, 32.912914, 34.066006> 0.100000
	pigment { color rgbt <1,0,0,0> }
	no_shadow
}
sphere {
	0, 1
	scale<0.080000,0.200000,0.300000>
	matrix <0.755074, -0.391588, -0.525853,
		-0.616698, -0.151896, -0.772406,
		0.222590, 0.907517, -0.356184,
		27.325331, 33.185169, 33.959152>
	pigment { color rgbt <0,1,1,0> }
	no_shadow
}
cylinder {
	<27.215721, 32.431362, 33.545444>,  <27.169518, 32.549908, 34.208481>, 0.130000
	pigment { color rgbt <1,0,0,0> }
	no_shadow
}

// nucleotide -1

// particle -1
sphere {
	<27.215721, 32.431362, 33.545444> 0.250000
	pigment { color rgbt <1,0,0,0> }
	no_shadow
}
cylinder {
	<27.418470, 32.776123, 33.551109>,  <27.540121, 32.982979, 33.554508>, 0.100000
	pigment { color rgbt <1,0,0,0> }
	no_shadow
}
cylinder {
	<27.418470, 32.776123, 33.551109>,  <27.215721, 32.431362, 33.545444>, 0.100000
	pigment { color rgbt <1,0,0,0> }
	no_shadow
}

// particle -1
sphere {
	<27.418470, 32.776123, 33.551109> 0.100000
	pigment { color rgbt <1,0,0,0> }
	no_shadow
}
sphere {
	0, 1
	scale<0.080000,0.200000,0.300000>
	matrix <0.709509, -0.407811, -0.574706,
		-0.489566, 0.301352, -0.818237,
		0.506875, 0.861904, 0.014162,
		27.570532, 33.034695, 33.555359>
	pigment { color rgbt <0,1,1,0> }
	no_shadow
}
cylinder {
	<27.357208, 32.816410, 32.802013>,  <27.215721, 32.431362, 33.545444>, 0.130000
	pigment { color rgbt <1,0,0,0> }
	no_shadow
}

// nucleotide -1

// particle -1
sphere {
	<27.357208, 32.816410, 32.802013> 0.250000
	pigment { color rgbt <1,0,0,0> }
	no_shadow
}
cylinder {
	<27.619930, 32.857136, 33.100876>,  <27.777563, 32.881573, 33.280193>, 0.100000
	pigment { color rgbt <1,0,0,0> }
	no_shadow
}
cylinder {
	<27.619930, 32.857136, 33.100876>,  <27.357208, 32.816410, 32.802013>, 0.100000
	pigment { color rgbt <1,0,0,0> }
	no_shadow
}

// particle -1
sphere {
	<27.619930, 32.857136, 33.100876> 0.100000
	pigment { color rgbt <1,0,0,0> }
	no_shadow
}
sphere {
	0, 1
	scale<0.080000,0.200000,0.300000>
	matrix <0.675405, -0.520039, -0.522865,
		0.335316, 0.848053, -0.410329,
		0.656804, 0.101813, 0.747156,
		27.816971, 32.887680, 33.325024>
	pigment { color rgbt <0,1,1,0> }
	no_shadow
}
cylinder {
	<28.074862, 33.143875, 32.555325>,  <27.357208, 32.816410, 32.802013>, 0.130000
	pigment { color rgbt <1,0,0,0> }
	no_shadow
}

// nucleotide -1

// particle -1
sphere {
	<28.074862, 33.143875, 32.555325> 0.250000
	pigment { color rgbt <1,0,0,0> }
	no_shadow
}
cylinder {
	<28.095869, 32.926464, 32.890423>,  <28.108475, 32.796017, 33.091480>, 0.100000
	pigment { color rgbt <1,0,0,0> }
	no_shadow
}
cylinder {
	<28.095869, 32.926464, 32.890423>,  <28.074862, 33.143875, 32.555325>, 0.100000
	pigment { color rgbt <1,0,0,0> }
	no_shadow
}

// particle -1
sphere {
	<28.095869, 32.926464, 32.890423> 0.100000
	pigment { color rgbt <1,0,0,0> }
	no_shadow
}
sphere {
	0, 1
	scale<0.080000,0.200000,0.300000>
	matrix <0.601255, -0.652595, -0.461098,
		0.797329, 0.527916, 0.292525,
		0.052521, -0.543529, 0.837745,
		28.111626, 32.763405, 33.141747>
	pigment { color rgbt <0,1,1,0> }
	no_shadow
}
cylinder {
	<28.843441, 33.005962, 32.739918>,  <28.074862, 33.143875, 32.555325>, 0.130000
	pigment { color rgbt <1,0,0,0> }
	no_shadow
}

// nucleotide -1

// particle -1
sphere {
	<28.843441, 33.005962, 32.739918> 0.250000
	pigment { color rgbt <1,0,0,0> }
	no_shadow
}
cylinder {
	<28.566500, 32.749474, 32.872272>,  <28.400335, 32.595581, 32.951683>, 0.100000
	pigment { color rgbt <1,0,0,0> }
	no_shadow
}
cylinder {
	<28.566500, 32.749474, 32.872272>,  <28.843441, 33.005962, 32.739918>, 0.100000
	pigment { color rgbt <1,0,0,0> }
	no_shadow
}

// particle -1
sphere {
	<28.566500, 32.749474, 32.872272> 0.100000
	pigment { color rgbt <1,0,0,0> }
	no_shadow
}
sphere {
	0, 1
	scale<0.080000,0.200000,0.300000>
	matrix <0.512174, -0.759733, -0.400604,
		0.508259, -0.107889, 0.854420,
		-0.692352, -0.641222, 0.330883,
		28.358793, 32.557106, 32.971539>
	pigment { color rgbt <0,1,1,0> }
	no_shadow
}
cylinder {
	<28.985794, 33.624355, 32.886112>,  <28.843441, 33.005962, 32.739918>, 0.130000
	pigment { color rgbt <1,0,0,0> }
	no_shadow
}

// nucleotide -1

// particle -1
sphere {
	<28.985794, 33.624355, 32.886112> 0.250000
	pigment { color rgbt <1,0,0,0> }
	no_shadow
}
cylinder {
	<29.124249, 33.494492, 32.534023>,  <29.207321, 33.416573, 32.322769>, 0.100000
	pigment { color rgbt <1,0,0,0> }
	no_shadow
}
cylinder {
	<29.124249, 33.494492, 32.534023>,  <28.985794, 33.624355, 32.886112>, 0.100000
	pigment { color rgbt <1,0,0,0> }
	no_shadow
}

// particle -1
sphere {
	<29.124249, 33.494492, 32.534023> 0.100000
	pigment { color rgbt <1,0,0,0> }
	no_shadow
}
sphere {
	0, 1
	scale<0.080000,0.200000,0.300000>
	matrix <-0.463773, 0.756357, -0.461344,
		0.815539, 0.567911, 0.111236,
		0.346136, -0.324656, -0.880221,
		29.228090, 33.397095, 32.269958>
	pigment { color rgbt <0,1,1,0> }
	no_shadow
}
cylinder {
	<28.924709, 33.825241, 33.601246>,  <28.985794, 33.624355, 32.886112>, 0.130000
	pigment { color rgbt <1,0,0,0> }
	no_shadow
}

// nucleotide -1

// particle -1
sphere {
	<28.924709, 33.825241, 33.601246> 0.250000
	pigment { color rgbt <1,0,0,0> }
	no_shadow
}
cylinder {
	<29.127850, 33.963615, 33.285675>,  <29.249733, 34.046642, 33.096333>, 0.100000
	pigment { color rgbt <1,0,0,0> }
	no_shadow
}
cylinder {
	<29.127850, 33.963615, 33.285675>,  <28.924709, 33.825241, 33.601246>, 0.100000
	pigment { color rgbt <1,0,0,0> }
	no_shadow
}

// particle -1
sphere {
	<29.127850, 33.963615, 33.285675> 0.100000
	pigment { color rgbt <1,0,0,0> }
	no_shadow
}
sphere {
	0, 1
	scale<0.080000,0.200000,0.300000>
	matrix <-0.786107, 0.560657, -0.260191,
		0.352310, 0.752323, 0.556675,
		0.507851, 0.345939, -0.788932,
		29.280205, 34.067398, 33.048996>
	pigment { color rgbt <0,1,1,0> }
	no_shadow
}
cylinder {
	<28.308434, 34.080513, 33.783413>,  <28.924709, 33.825241, 33.601246>, 0.130000
	pigment { color rgbt <1,0,0,0> }
	no_shadow
}

// nucleotide -1

// particle -1
sphere {
	<28.308434, 34.080513, 33.783413> 0.250000
	pigment { color rgbt <1,0,0,0> }
	no_shadow
}
cylinder {
	<28.085718, 33.756332, 33.710587>,  <27.952089, 33.561825, 33.666893>, 0.100000
	pigment { color rgbt <1,0,0,0> }
	no_shadow
}
cylinder {
	<28.085718, 33.756332, 33.710587>,  <28.308434, 34.080513, 33.783413>, 0.100000
	pigment { color rgbt <1,0,0,0> }
	no_shadow
}

// particle -1
sphere {
	<28.085718, 33.756332, 33.710587> 0.100000
	pigment { color rgbt <1,0,0,0> }
	no_shadow
}
sphere {
	0, 1
	scale<0.080000,0.200000,0.300000>
	matrix <-0.830345, 0.537083, 0.148555,
		-0.022615, 0.233888, -0.972000,
		-0.556791, -0.810455, -0.182062,
		27.918680, 33.513195, 33.655968>
	pigment { color rgbt <0,1,1,0> }
	no_shadow
}
cylinder {
	<27.640774, 34.331337, 33.484737>,  <28.308434, 34.080513, 33.783413>, 0.130000
	pigment { color rgbt <1,0,0,0> }
	no_shadow
}

// nucleotide -1

// particle -1
sphere {
	<27.640774, 34.331337, 33.484737> 0.250000
	pigment { color rgbt <1,0,0,0> }
	no_shadow
}
cylinder {
	<27.541662, 33.962852, 33.604717>,  <27.482195, 33.741760, 33.676704>, 0.100000
	pigment { color rgbt <1,0,0,0> }
	no_shadow
}
cylinder {
	<27.541662, 33.962852, 33.604717>,  <27.640774, 34.331337, 33.484737>, 0.100000
	pigment { color rgbt <1,0,0,0> }
	no_shadow
}

// particle -1
sphere {
	<27.541662, 33.962852, 33.604717> 0.100000
	pigment { color rgbt <1,0,0,0> }
	no_shadow
}
sphere {
	0, 1
	scale<0.080000,0.200000,0.300000>
	matrix <-0.905409, 0.330349, 0.266653,
		-0.344731, -0.205503, -0.915931,
		-0.247779, -0.921216, 0.299946,
		27.467329, 33.686489, 33.694702>
	pigment { color rgbt <0,1,1,0> }
	no_shadow
}
cylinder {
	<27.063210, 34.177425, 33.069218>,  <27.640774, 34.331337, 33.484737>, 0.130000
	pigment { color rgbt <1,0,0,0> }
	no_shadow
}

// nucleotide -1

// particle -1
sphere {
	<27.063210, 34.177425, 33.069218> 0.250000
	pigment { color rgbt <1,0,0,0> }
	no_shadow
}
cylinder {
	<27.065180, 33.978466, 33.416222>,  <27.066362, 33.859089, 33.624424>, 0.100000
	pigment { color rgbt <1,0,0,0> }
	no_shadow
}
cylinder {
	<27.065180, 33.978466, 33.416222>,  <27.063210, 34.177425, 33.069218>, 0.100000
	pigment { color rgbt <1,0,0,0> }
	no_shadow
}

// particle -1
sphere {
	<27.065180, 33.978466, 33.416222> 0.100000
	pigment { color rgbt <1,0,0,0> }
	no_shadow
}
sphere {
	0, 1
	scale<0.080000,0.200000,0.300000>
	matrix <-0.924251, 0.328917, 0.193839,
		-0.381753, -0.802749, -0.458104,
		0.004926, -0.497402, 0.867507,
		27.066658, 33.829247, 33.676476>
	pigment { color rgbt <0,1,1,0> }
	no_shadow
}
cylinder {
	<26.351910, 33.817581, 33.083080>,  <27.063210, 34.177425, 33.069218>, 0.130000
	pigment { color rgbt <1,0,0,0> }
	no_shadow
}

// nucleotide -1

// particle -1
sphere {
	<26.351910, 33.817581, 33.083080> 0.250000
	pigment { color rgbt <1,0,0,0> }
	no_shadow
}
cylinder {
	<26.510101, 33.817024, 33.450470>,  <26.605017, 33.816689, 33.670902>, 0.100000
	pigment { color rgbt <1,0,0,0> }
	no_shadow
}
cylinder {
	<26.510101, 33.817024, 33.450470>,  <26.351910, 33.817581, 33.083080>, 0.100000
	pigment { color rgbt <1,0,0,0> }
	no_shadow
}

// particle -1
sphere {
	<26.510101, 33.817024, 33.450470> 0.100000
	pigment { color rgbt <1,0,0,0> }
	no_shadow
}
sphere {
	0, 1
	scale<0.080000,0.200000,0.300000>
	matrix <-0.899711, 0.200515, 0.387704,
		-0.184709, -0.979690, 0.078042,
		0.395479, -0.001397, 0.918474,
		26.628744, 33.816605, 33.726013>
	pigment { color rgbt <0,1,1,0> }
	no_shadow
}
cylinder {
	<26.136040, 33.299412, 33.697548>,  <26.351910, 33.817581, 33.083080>, 0.130000
	pigment { color rgbt <1,0,0,0> }
	no_shadow
}

// nucleotide -1

// particle -1
sphere {
	<26.136040, 33.299412, 33.697548> 0.250000
	pigment { color rgbt <1,0,0,0> }
	no_shadow
}
cylinder {
	<26.257214, 33.641682, 33.865383>,  <26.329918, 33.847042, 33.966084>, 0.100000
	pigment { color rgbt <1,0,0,0> }
	no_shadow
}
cylinder {
	<26.257214, 33.641682, 33.865383>,  <26.136040, 33.299412, 33.697548>, 0.100000
	pigment { color rgbt <1,0,0,0> }
	no_shadow
}

// particle -1
sphere {
	<26.257214, 33.641682, 33.865383> 0.100000
	pigment { color rgbt <1,0,0,0> }
	no_shadow
}
sphere {
	0, 1
	scale<0.080000,0.200000,0.300000>
	matrix <-0.935355, 0.182598, 0.302935,
		0.182598, -0.484230, 0.855675,
		-0.302935, -0.855675, -0.419585,
		26.348095, 33.898384, 33.991257>
	pigment { color rgbt <0,1,1,0> }
	no_shadow
}
cylinder {
	<25.964170, 33.543125, 34.471558>,  <26.136040, 33.299412, 33.697548>, 0.130000
	pigment { color rgbt <1,0,0,0> }
	no_shadow
}

// nucleotide -1

// particle -1
sphere {
	<25.964170, 33.543125, 34.471558> 0.250000
	pigment { color rgbt <1,0,0,0> }
	no_shadow
}
cylinder {
	<25.958786, 33.861969, 34.230083>,  <25.955555, 34.053276, 34.085197>, 0.100000
	pigment { color rgbt <1,0,0,0> }
	no_shadow
}
cylinder {
	<25.958786, 33.861969, 34.230083>,  <25.964170, 33.543125, 34.471558>, 0.100000
	pigment { color rgbt <1,0,0,0> }
	no_shadow
}

// particle -1
sphere {
	<25.958786, 33.861969, 34.230083> 0.100000
	pigment { color rgbt <1,0,0,0> }
	no_shadow
}
sphere {
	0, 1
	scale<0.080000,0.200000,0.300000>
	matrix <-0.922061, 0.223659, 0.315878,
		0.386809, 0.560889, 0.731972,
		-0.013460, 0.797107, -0.603687,
		25.954748, 34.101101, 34.048977>
	pigment { color rgbt <0,1,1,0> }
	no_shadow
}
cylinder {
	<25.764292, 33.995052, 34.942757>,  <25.964170, 33.543125, 34.471558>, 0.130000
	pigment { color rgbt <1,0,0,0> }
	no_shadow
}

// nucleotide -1

// particle -1
sphere {
	<25.764292, 33.995052, 34.942757> 0.250000
	pigment { color rgbt <1,0,0,0> }
	no_shadow
}
cylinder {
	<25.682913, 34.078430, 34.560101>,  <25.634085, 34.128456, 34.330505>, 0.100000
	pigment { color rgbt <1,0,0,0> }
	no_shadow
}
cylinder {
	<25.682913, 34.078430, 34.560101>,  <25.764292, 33.995052, 34.942757>, 0.100000
	pigment { color rgbt <1,0,0,0> }
	no_shadow
}

// particle -1
sphere {
	<25.682913, 34.078430, 34.560101> 0.100000
	pigment { color rgbt <1,0,0,0> }
	no_shadow
}
sphere {
	0, 1
	scale<0.080000,0.200000,0.300000>
	matrix <-0.964337, 0.126292, 0.232605,
		0.169301, 0.969846, 0.175318,
		-0.203450, 0.208446, -0.956639,
		25.621878, 34.140965, 34.273109>
	pigment { color rgbt <0,1,1,0> }
	no_shadow
}
cylinder {
	<26.051809, 33.537827, 35.458218>,  <25.764292, 33.995052, 34.942757>, 0.130000
	pigment { color rgbt <1,0,0,0> }
	no_shadow
}

// nucleotide -1

// particle -1
sphere {
	<26.051809, 33.537827, 35.458218> 0.250000
	pigment { color rgbt <1,0,0,0> }
	no_shadow
}
cylinder {
	<26.230301, 33.828667, 35.249527>,  <26.337397, 34.003170, 35.124313>, 0.100000
	pigment { color rgbt <1,0,0,0> }
	no_shadow
}
cylinder {
	<26.230301, 33.828667, 35.249527>,  <26.051809, 33.537827, 35.458218>, 0.100000
	pigment { color rgbt <1,0,0,0> }
	no_shadow
}

// particle -1
sphere {
	<26.230301, 33.828667, 35.249527> 0.100000
	pigment { color rgbt <1,0,0,0> }
	no_shadow
}
sphere {
	0, 1
	scale<0.080000,0.200000,0.300000>
	matrix <-0.593704, 0.676747, 0.435350,
		0.669615, 0.115474, 0.733677,
		0.446242, 0.727103, -0.521718,
		26.364170, 34.046795, 35.093006>
	pigment { color rgbt <0,1,1,0> }
	no_shadow
}
cylinder {
	<26.235338, 34.143085, 35.878986>,  <26.051809, 33.537827, 35.458218>, 0.130000
	pigment { color rgbt <1,0,0,0> }
	no_shadow
}

// nucleotide -1

// particle -1
sphere {
	<26.235338, 34.143085, 35.878986> 0.250000
	pigment { color rgbt <1,0,0,0> }
	no_shadow
}
cylinder {
	<26.239140, 34.295338, 35.509117>,  <26.241421, 34.386688, 35.287193>, 0.100000
	pigment { color rgbt <1,0,0,0> }
	no_shadow
}
cylinder {
	<26.239140, 34.295338, 35.509117>,  <26.235338, 34.143085, 35.878986>, 0.100000
	pigment { color rgbt <1,0,0,0> }
	no_shadow
}

// particle -1
sphere {
	<26.239140, 34.295338, 35.509117> 0.100000
	pigment { color rgbt <1,0,0,0> }
	no_shadow
}
sphere {
	0, 1
	scale<0.080000,0.200000,0.300000>
	matrix <-0.380055, 0.856700, 0.348745,
		0.924915, 0.348113, 0.152805,
		0.009505, 0.380634, -0.924677,
		26.241991, 34.409527, 35.231712>
	pigment { color rgbt <0,1,1,0> }
	no_shadow
}
cylinder {
	<26.467558, 34.821289, 35.973370>,  <26.235338, 34.143085, 35.878986>, 0.130000
	pigment { color rgbt <1,0,0,0> }
	no_shadow
}

// nucleotide -1

// particle -1
sphere {
	<26.467558, 34.821289, 35.973370> 0.250000
	pigment { color rgbt <1,0,0,0> }
	no_shadow
}
cylinder {
	<26.295450, 34.846832, 35.613194>,  <26.192186, 34.862160, 35.397087>, 0.100000
	pigment { color rgbt <1,0,0,0> }
	no_shadow
}
cylinder {
	<26.295450, 34.846832, 35.613194>,  <26.467558, 34.821289, 35.973370>, 0.100000
	pigment { color rgbt <1,0,0,0> }
	no_shadow
}

// particle -1
sphere {
	<26.295450, 34.846832, 35.613194> 0.100000
	pigment { color rgbt <1,0,0,0> }
	no_shadow
}
sphere {
	0, 1
	scale<0.080000,0.200000,0.300000>
	matrix <-0.491863, 0.819827, 0.293178,
		0.756927, 0.569038, -0.321336,
		-0.430270, 0.063861, -0.900439,
		26.166368, 34.865990, 35.343063>
	pigment { color rgbt <0,1,1,0> }
	no_shadow
}
cylinder {
	<26.564907, 35.509846, 35.664803>,  <26.467558, 34.821289, 35.973370>, 0.130000
	pigment { color rgbt <1,0,0,0> }
	no_shadow
}

// nucleotide -1

// particle -1
sphere {
	<26.564907, 35.509846, 35.664803> 0.250000
	pigment { color rgbt <1,0,0,0> }
	no_shadow
}
cylinder {
	<26.236691, 35.352806, 35.498634>,  <26.039761, 35.258583, 35.398933>, 0.100000
	pigment { color rgbt <1,0,0,0> }
	no_shadow
}
cylinder {
	<26.236691, 35.352806, 35.498634>,  <26.564907, 35.509846, 35.664803>, 0.100000
	pigment { color rgbt <1,0,0,0> }
	no_shadow
}

// particle -1
sphere {
	<26.236691, 35.352806, 35.498634> 0.100000
	pigment { color rgbt <1,0,0,0> }
	no_shadow
}
sphere {
	0, 1
	scale<0.080000,0.200000,0.300000>
	matrix <-0.452942, 0.889927, 0.053618,
		0.348647, 0.232158, -0.908046,
		-0.820542, -0.392598, -0.415424,
		25.990528, 35.235027, 35.374008>
	pigment { color rgbt <0,1,1,0> }
	no_shadow
}
cylinder {
	<26.396723, 35.899273, 34.950268>,  <26.564907, 35.509846, 35.664803>, 0.130000
	pigment { color rgbt <1,0,0,0> }
	no_shadow
}

// nucleotide -1

// particle -1
sphere {
	<26.396723, 35.899273, 34.950268> 0.250000
	pigment { color rgbt <1,0,0,0> }
	no_shadow
}
cylinder {
	<26.088285, 35.753513, 35.159126>,  <25.903223, 35.666058, 35.284439>, 0.100000
	pigment { color rgbt <1,0,0,0> }
	no_shadow
}
cylinder {
	<26.088285, 35.753513, 35.159126>,  <26.396723, 35.899273, 34.950268>, 0.100000
	pigment { color rgbt <1,0,0,0> }
	no_shadow
}

// particle -1
sphere {
	<26.088285, 35.753513, 35.159126> 0.100000
	pigment { color rgbt <1,0,0,0> }
	no_shadow
}
sphere {
	0, 1
	scale<0.080000,0.200000,0.300000>
	matrix <-0.322187, 0.930612, 0.173657,
		-0.549191, -0.034322, -0.834992,
		-0.771093, -0.364395, 0.522142,
		25.856958, 35.644196, 35.315769>
	pigment { color rgbt <0,1,1,0> }
	no_shadow
}
cylinder {
	<25.834650, 36.154766, 34.559498>,  <26.396723, 35.899273, 34.950268>, 0.130000
	pigment { color rgbt <1,0,0,0> }
	no_shadow
}

// nucleotide -1

// particle -1
sphere {
	<25.834650, 36.154766, 34.559498> 0.250000
	pigment { color rgbt <1,0,0,0> }
	no_shadow
}
cylinder {
	<25.734661, 36.053848, 34.933422>,  <25.674667, 35.993298, 35.157776>, 0.100000
	pigment { color rgbt <1,0,0,0> }
	no_shadow
}
cylinder {
	<25.734661, 36.053848, 34.933422>,  <25.834650, 36.154766, 34.559498>, 0.100000
	pigment { color rgbt <1,0,0,0> }
	no_shadow
}

// particle -1
sphere {
	<25.734661, 36.053848, 34.933422> 0.100000
	pigment { color rgbt <1,0,0,0> }
	no_shadow
}
sphere {
	0, 1
	scale<0.080000,0.200000,0.300000>
	matrix <-0.257609, 0.947989, 0.186962,
		-0.933355, -0.194079, -0.301964,
		-0.249973, -0.252291, 0.934806,
		25.659670, 35.978161, 35.213863>
	pigment { color rgbt <0,1,1,0> }
	no_shadow
}
cylinder {
	<25.099125, 36.296257, 34.735176>,  <25.834650, 36.154766, 34.559498>, 0.130000
	pigment { color rgbt <1,0,0,0> }
	no_shadow
}

// nucleotide -1

// particle -1
sphere {
	<25.099125, 36.296257, 34.735176> 0.250000
	pigment { color rgbt <1,0,0,0> }
	no_shadow
}
cylinder {
	<25.319756, 36.341557, 35.065739>,  <25.452133, 36.368736, 35.264076>, 0.100000
	pigment { color rgbt <1,0,0,0> }
	no_shadow
}
cylinder {
	<25.319756, 36.341557, 35.065739>,  <25.099125, 36.296257, 34.735176>, 0.100000
	pigment { color rgbt <1,0,0,0> }
	no_shadow
}

// particle -1
sphere {
	<25.319756, 36.341557, 35.065739> 0.100000
	pigment { color rgbt <1,0,0,0> }
	no_shadow
}
sphere {
	0, 1
	scale<0.080000,0.200000,0.300000>
	matrix <-0.259823, 0.964776, 0.041209,
		-0.792626, -0.237448, 0.561571,
		0.551575, 0.113246, 0.826402,
		25.485228, 36.375530, 35.313660>
	pigment { color rgbt <0,1,1,0> }
	no_shadow
}
cylinder {
	<24.722742, 36.629074, 35.282207>,  <25.099125, 36.296257, 34.735176>, 0.130000
	pigment { color rgbt <1,0,0,0> }
	no_shadow
}

// nucleotide -1

// particle -1
sphere {
	<24.722742, 36.629074, 35.282207> 0.250000
	pigment { color rgbt <1,0,0,0> }
	no_shadow
}
cylinder {
	<25.102396, 36.689964, 35.392456>,  <25.330189, 36.726498, 35.458607>, 0.100000
	pigment { color rgbt <1,0,0,0> }
	no_shadow
}
cylinder {
	<25.102396, 36.689964, 35.392456>,  <24.722742, 36.629074, 35.282207>, 0.100000
	pigment { color rgbt <1,0,0,0> }
	no_shadow
}

// particle -1
sphere {
	<25.102396, 36.689964, 35.392456> 0.100000
	pigment { color rgbt <1,0,0,0> }
	no_shadow
}
sphere {
	0, 1
	scale<0.080000,0.200000,0.300000>
	matrix <-0.248172, 0.900414, 0.357304,
		-0.193782, -0.407531, 0.892394,
		0.949136, 0.152228, 0.275622,
		25.387136, 36.735634, 35.475143>
	pigment { color rgbt <0,1,1,0> }
	no_shadow
}
cylinder {
	<24.727983, 36.847084, 35.954639>,  <24.722742, 36.629074, 35.282207>, 0.130000
	pigment { color rgbt <1,0,0,0> }
	no_shadow
}

// nucleotide -1

// particle -1
sphere {
	<24.727983, 36.847084, 35.954639> 0.250000
	pigment { color rgbt <1,0,0,0> }
	no_shadow
}
cylinder {
	<25.061434, 36.974907, 35.774437>,  <25.261503, 37.051601, 35.666317>, 0.100000
	pigment { color rgbt <1,0,0,0> }
	no_shadow
}
cylinder {
	<25.061434, 36.974907, 35.774437>,  <24.727983, 36.847084, 35.954639>, 0.100000
	pigment { color rgbt <1,0,0,0> }
	no_shadow
}

// particle -1
sphere {
	<25.061434, 36.974907, 35.774437> 0.100000
	pigment { color rgbt <1,0,0,0> }
	no_shadow
}
sphere {
	0, 1
	scale<0.080000,0.200000,0.300000>
	matrix <-0.048018, 0.854482, 0.517257,
		0.550241, -0.409565, 0.727662,
		0.833624, 0.319557, -0.450504,
		25.311522, 37.070774, 35.639286>
	pigment { color rgbt <0,1,1,0> }
	no_shadow
}
cylinder {
	<24.910963, 37.222374, 36.414276>,  <24.727983, 36.847084, 35.954639>, 0.130000
	pigment { color rgbt <1,0,0,0> }
	no_shadow
}

// nucleotide -1

// particle -1
sphere {
	<24.910963, 37.222374, 36.414276> 0.250000
	pigment { color rgbt <1,0,0,0> }
	no_shadow
}
cylinder {
	<25.150312, 37.336716, 36.114880>,  <25.293922, 37.405323, 35.935242>, 0.100000
	pigment { color rgbt <1,0,0,0> }
	no_shadow
}
cylinder {
	<25.150312, 37.336716, 36.114880>,  <24.910963, 37.222374, 36.414276>, 0.100000
	pigment { color rgbt <1,0,0,0> }
	no_shadow
}

// particle -1
sphere {
	<25.150312, 37.336716, 36.114880> 0.100000
	pigment { color rgbt <1,0,0,0> }
	no_shadow
}
sphere {
	0, 1
	scale<0.080000,0.200000,0.300000>
	matrix <0.145858, 0.879714, 0.452581,
		0.787829, -0.379986, 0.484703,
		0.598374, 0.285858, -0.748488,
		25.329824, 37.422474, 35.890335>
	pigment { color rgbt <0,1,1,0> }
	no_shadow
}
cylinder {
	<25.442984, 37.379299, 36.746353>,  <24.910963, 37.222374, 36.414276>, 0.130000
	pigment { color rgbt <1,0,0,0> }
	no_shadow
}

// nucleotide -1

// particle -1
sphere {
	<25.442984, 37.379299, 36.746353> 0.250000
	pigment { color rgbt <1,0,0,0> }
	no_shadow
}
cylinder {
	<25.502003, 37.572384, 36.401051>,  <25.537415, 37.688236, 36.193867>, 0.100000
	pigment { color rgbt <1,0,0,0> }
	no_shadow
}
cylinder {
	<25.502003, 37.572384, 36.401051>,  <25.442984, 37.379299, 36.746353>, 0.100000
	pigment { color rgbt <1,0,0,0> }
	no_shadow
}

// particle -1
sphere {
	<25.502003, 37.572384, 36.401051> 0.100000
	pigment { color rgbt <1,0,0,0> }
	no_shadow
}
sphere {
	0, 1
	scale<0.080000,0.200000,0.300000>
	matrix <0.130130, 0.855751, 0.500755,
		0.980457, -0.186220, 0.063447,
		0.147545, 0.482713, -0.863261,
		25.546267, 37.717197, 36.142071>
	pigment { color rgbt <0,1,1,0> }
	no_shadow
}
cylinder {
	<25.184366, 37.955784, 37.225754>,  <25.442984, 37.379299, 36.746353>, 0.130000
	pigment { color rgbt <1,0,0,0> }
	no_shadow
}

// nucleotide -1

// particle -1
sphere {
	<25.184366, 37.955784, 37.225754> 0.250000
	pigment { color rgbt <1,0,0,0> }
	no_shadow
}
cylinder {
	<24.997892, 38.309601, 37.219372>,  <24.886009, 38.521893, 37.215542>, 0.100000
	pigment { color rgbt <1,0,0,0> }
	no_shadow
}
cylinder {
	<24.997892, 38.309601, 37.219372>,  <25.184366, 37.955784, 37.225754>, 0.100000
	pigment { color rgbt <1,0,0,0> }
	no_shadow
}

// particle -1
sphere {
	<24.997892, 38.309601, 37.219372> 0.100000
	pigment { color rgbt <1,0,0,0> }
	no_shadow
}
sphere {
	0, 1
	scale<0.080000,0.200000,0.300000>
	matrix <0.370335, 0.211495, 0.904501,
		0.803446, 0.415753, -0.426174,
		-0.466183, 0.884545, -0.015957,
		24.858038, 38.574963, 37.214584>
	pigment { color rgbt <0,1,1,0> }
	no_shadow
}
cylinder {
	<25.678638, 38.552902, 37.250225>,  <25.184366, 37.955784, 37.225754>, 0.130000
	pigment { color rgbt <1,0,0,0> }
	no_shadow
}

// nucleotide -1

// particle -1
sphere {
	<25.678638, 38.552902, 37.250225> 0.250000
	pigment { color rgbt <1,0,0,0> }
	no_shadow
}
cylinder {
	<25.312426, 38.602001, 37.403446>,  <25.092697, 38.631462, 37.495380>, 0.100000
	pigment { color rgbt <1,0,0,0> }
	no_shadow
}
cylinder {
	<25.312426, 38.602001, 37.403446>,  <25.678638, 38.552902, 37.250225>, 0.100000
	pigment { color rgbt <1,0,0,0> }
	no_shadow
}

// particle -1
sphere {
	<25.312426, 38.602001, 37.403446> 0.100000
	pigment { color rgbt <1,0,0,0> }
	no_shadow
}
sphere {
	0, 1
	scale<0.080000,0.200000,0.300000>
	matrix <0.401495, 0.336937, 0.851631,
		-0.024526, 0.933491, -0.357761,
		-0.915532, 0.122752, 0.383056,
		25.037766, 38.638828, 37.518364>
	pigment { color rgbt <0,1,1,0> }
	no_shadow
}
cylinder {
	<26.155144, 37.939308, 36.879242>,  <25.678638, 38.552902, 37.250225>, 0.130000
	pigment { color rgbt <1,0,0,0> }
	no_shadow
}

// nucleotide -1

// particle -1
sphere {
	<26.155144, 37.939308, 36.879242> 0.250000
	pigment { color rgbt <1,0,0,0> }
	no_shadow
}
cylinder {
	<25.918739, 38.042282, 36.573448>,  <25.776897, 38.104065, 36.389973>, 0.100000
	pigment { color rgbt <1,0,0,0> }
	no_shadow
}
cylinder {
	<25.918739, 38.042282, 36.573448>,  <26.155144, 37.939308, 36.879242>, 0.100000
	pigment { color rgbt <1,0,0,0> }
	no_shadow
}

// particle -1
sphere {
	<25.918739, 38.042282, 36.573448> 0.100000
	pigment { color rgbt <1,0,0,0> }
	no_shadow
}
sphere {
	0, 1
	scale<0.080000,0.200000,0.300000>
	matrix <-0.097056, 0.918131, 0.384207,
		0.800804, 0.301268, -0.517639,
		-0.591010, 0.257434, -0.764484,
		25.741436, 38.119511, 36.344105>
	pigment { color rgbt <0,1,1,0> }
	no_shadow
}
cylinder {
	<26.407631, 38.569981, 36.611168>,  <26.155144, 37.939308, 36.879242>, 0.130000
	pigment { color rgbt <1,0,0,0> }
	no_shadow
}

// nucleotide -1

// particle -1
sphere {
	<26.407631, 38.569981, 36.611168> 0.250000
	pigment { color rgbt <1,0,0,0> }
	no_shadow
}
cylinder {
	<26.037092, 38.566895, 36.460529>,  <25.814770, 38.565044, 36.370148>, 0.100000
	pigment { color rgbt <1,0,0,0> }
	no_shadow
}
cylinder {
	<26.037092, 38.566895, 36.460529>,  <26.407631, 38.569981, 36.611168>, 0.100000
	pigment { color rgbt <1,0,0,0> }
	no_shadow
}

// particle -1
sphere {
	<26.037092, 38.566895, 36.460529> 0.100000
	pigment { color rgbt <1,0,0,0> }
	no_shadow
}
sphere {
	0, 1
	scale<0.080000,0.200000,0.300000>
	matrix <-0.081221, 0.980361, 0.179713,
		0.367815, 0.197064, -0.908778,
		-0.926345, -0.007711, -0.376597,
		25.759190, 38.564583, 36.347549>
	pigment { color rgbt <0,1,1,0> }
	no_shadow
}
cylinder {
	<26.424931, 39.210011, 36.128590>,  <26.407631, 38.569981, 36.611168>, 0.130000
	pigment { color rgbt <1,0,0,0> }
	no_shadow
}

// nucleotide -1

// particle -1
sphere {
	<26.424931, 39.210011, 36.128590> 0.250000
	pigment { color rgbt <1,0,0,0> }
	no_shadow
}
cylinder {
	<26.051920, 39.120090, 36.241627>,  <25.828114, 39.066139, 36.309448>, 0.100000
	pigment { color rgbt <1,0,0,0> }
	no_shadow
}
cylinder {
	<26.051920, 39.120090, 36.241627>,  <26.424931, 39.210011, 36.128590>, 0.100000
	pigment { color rgbt <1,0,0,0> }
	no_shadow
}

// particle -1
sphere {
	<26.051920, 39.120090, 36.241627> 0.100000
	pigment { color rgbt <1,0,0,0> }
	no_shadow
}
sphere {
	0, 1
	scale<0.080000,0.200000,0.300000>
	matrix <-0.111963, 0.924023, 0.365576,
		-0.343303, 0.309270, -0.886846,
		-0.932528, -0.224797, 0.282593,
		25.772161, 39.052650, 36.326405>
	pigment { color rgbt <0,1,1,0> }
	no_shadow
}
cylinder {
	<25.970394, 39.605270, 36.296524>,  <26.424931, 39.210011, 36.128590>, 0.130000
	pigment { color rgbt <1,0,0,0> }
	no_shadow
}

// nucleotide -1

// particle -1
sphere {
	<25.970394, 39.605270, 36.296524> 0.250000
	pigment { color rgbt <1,0,0,0> }
	no_shadow
}
cylinder {
	<25.991062, 39.555008, 36.692814>,  <26.003464, 39.524853, 36.930588>, 0.100000
	pigment { color rgbt <1,0,0,0> }
	no_shadow
}
cylinder {
	<25.991062, 39.555008, 36.692814>,  <25.970394, 39.605270, 36.296524>, 0.100000
	pigment { color rgbt <1,0,0,0> }
	no_shadow
}

// particle -1
sphere {
	<25.991062, 39.555008, 36.692814> 0.100000
	pigment { color rgbt <1,0,0,0> }
	no_shadow
}
sphere {
	0, 1
	scale<0.080000,0.200000,0.300000>
	matrix <0.031268, -0.991363, -0.127365,
		0.998174, 0.037559, -0.047297,
		0.051672, -0.125654, 0.990728,
		26.006563, 39.517311, 36.990032>
	pigment { color rgbt <0,1,1,0> }
	no_shadow
}
cylinder {
	<25.439161, 40.177231, 36.311474>,  <25.970394, 39.605270, 36.296524>, 0.130000
	pigment { color rgbt <1,0,0,0> }
	no_shadow
}

// nucleotide -1

// particle -1
sphere {
	<25.439161, 40.177231, 36.311474> 0.250000
	pigment { color rgbt <1,0,0,0> }
	no_shadow
}
cylinder {
	<25.100233, 40.069187, 36.494381>,  <24.896877, 40.004360, 36.604126>, 0.100000
	pigment { color rgbt <1,0,0,0> }
	no_shadow
}
cylinder {
	<25.100233, 40.069187, 36.494381>,  <25.439161, 40.177231, 36.311474>, 0.100000
	pigment { color rgbt <1,0,0,0> }
	no_shadow
}

// particle -1
sphere {
	<25.100233, 40.069187, 36.494381> 0.100000
	pigment { color rgbt <1,0,0,0> }
	no_shadow
}
sphere {
	0, 1
	scale<0.080000,0.200000,0.300000>
	matrix <0.225093, -0.962496, -0.151442,
		0.481024, -0.025392, 0.876339,
		-0.847319, -0.270105, 0.457269,
		24.846037, 39.988155, 36.631561>
	pigment { color rgbt <0,1,1,0> }
	no_shadow
}
cylinder {
	<25.536207, 39.678665, 36.949940>,  <25.439161, 40.177231, 36.311474>, 0.130000
	pigment { color rgbt <1,0,0,0> }
	no_shadow
}

// nucleotide -1

// particle -1
sphere {
	<25.536207, 39.678665, 36.949940> 0.250000
	pigment { color rgbt <1,0,0,0> }
	no_shadow
}
cylinder {
	<25.199633, 39.661903, 36.734447>,  <24.997688, 39.651844, 36.605152>, 0.100000
	pigment { color rgbt <1,0,0,0> }
	no_shadow
}
cylinder {
	<25.199633, 39.661903, 36.734447>,  <25.536207, 39.678665, 36.949940>, 0.100000
	pigment { color rgbt <1,0,0,0> }
	no_shadow
}

// particle -1
sphere {
	<25.199633, 39.661903, 36.734447> 0.100000
	pigment { color rgbt <1,0,0,0> }
	no_shadow
}
sphere {
	0, 1
	scale<0.080000,0.200000,0.300000>
	matrix <0.143707, -0.978439, -0.148342,
		-0.520900, -0.202239, 0.829315,
		-0.841435, -0.041907, -0.538732,
		24.947203, 39.649330, 36.572826>
	pigment { color rgbt <0,1,1,0> }
	no_shadow
}
cylinder {
	<25.099781, 39.127041, 37.268028>,  <25.536207, 39.678665, 36.949940>, 0.130000
	pigment { color rgbt <1,0,0,0> }
	no_shadow
}

// nucleotide -1

// particle -1
sphere {
	<25.099781, 39.127041, 37.268028> 0.250000
	pigment { color rgbt <1,0,0,0> }
	no_shadow
}
cylinder {
	<25.041937, 39.222160, 36.883831>,  <25.007231, 39.279232, 36.653313>, 0.100000
	pigment { color rgbt <1,0,0,0> }
	no_shadow
}
cylinder {
	<25.041937, 39.222160, 36.883831>,  <25.099781, 39.127041, 37.268028>, 0.100000
	pigment { color rgbt <1,0,0,0> }
	no_shadow
}

// particle -1
sphere {
	<25.041937, 39.222160, 36.883831> 0.100000
	pigment { color rgbt <1,0,0,0> }
	no_shadow
}
sphere {
	0, 1
	scale<0.080000,0.200000,0.300000>
	matrix <0.182152, -0.947705, -0.262060,
