// switches for output
#declare DRAW_BASES = 1; // possible values are 0, 1; only relevant for DNA ribbons
#declare DRAW_BASES_TYPE = 3; // possible values are 1, 2, 3; only relevant for DNA ribbons
#declare DRAW_FOG = 0; // set to 1 to enable fog

#include "colors.inc"

#include "transforms.inc"
background { rgb <1, 1, 1>}

#default {
   normal{
       ripples 0.25
       frequency 0.20
       turbulence 0.2
       lambda 5
   }
	finish {
		phong 0.1
		phong_size 40.
	}
}

// original window dimensions: 1024x640


// camera settings

camera {
	sky <0, 0.179814, -0.983701>
	up <0, 0.179814, -0.983701>
	right 1.6 * <1, 0, 0>
	location <35, 94.9851, 44.8844>
	look_at <35, 29.7336, 32.9568>
	direction <0, -65.2515, -11.9276>
	angle 67.0682
}


# declare cpy_camera_pos = <35, 94.9851, 44.8844>;
# if (DRAW_FOG = 1)
fog {
	fog_type 2
	up vnormalize(cpy_camera_pos)
	color rgbt<1,1,1,0.3>
	distance 1e-5
	fog_alt 3e-3
	fog_offset 56
}
# end


// LIGHTS

# declare lum = 6;
global_settings {
	ambient_light rgb lum * <0.05, 0.05, 0.05>
	max_trace_level 15
}# declare cpy_direct_light_amount = 0.25;
light_source
{	1000 * <-1, -1.16352, -0.803886>,
	rgb lum * cpy_direct_light_amount
	parallel
}

light_source
{	1000 * <1, 1.16352, 0.803886>,
	rgb lum * cpy_direct_light_amount
	parallel
}

// strand 0

// nucleotide -1

// particle -1
sphere {
	<23.944527, 34.782341, 34.995686> 0.250000
	pigment { color rgbt <1,0,0,0> }
	no_shadow
}
cylinder {
	<24.244539, 35.044548, 35.030903>,  <24.424547, 35.201870, 35.052032>, 0.100000
	pigment { color rgbt <1,0,0,0> }
	no_shadow
}
cylinder {
	<24.244539, 35.044548, 35.030903>,  <23.944527, 34.782341, 34.995686>, 0.100000
	pigment { color rgbt <1,0,0,0> }
	no_shadow
}

// particle -1
sphere {
	<24.244539, 35.044548, 35.030903> 0.100000
	pigment { color rgbt <1,0,0,0> }
	no_shadow
}
sphere {
	0, 1
	scale<0.080000,0.200000,0.300000>
	matrix <0.502996, -0.651762, 0.567629,
		0.429471, -0.381456, -0.818564,
		0.750034, 0.655514, 0.088042,
		24.469549, 35.241203, 35.057316>
	pigment { color rgbt <0,1,1,0> }
	no_shadow
}
cylinder {
	<24.567825, 34.485153, 34.748604>,  <23.944527, 34.782341, 34.995686>, 0.130000
	pigment { color rgbt <1,0,0,0> }
	no_shadow
}

// nucleotide -1

// particle -1
sphere {
	<24.567825, 34.485153, 34.748604> 0.250000
	pigment { color rgbt <1,0,0,0> }
	no_shadow
}
cylinder {
	<24.568810, 34.721928, 35.070995>,  <24.569401, 34.863995, 35.264431>, 0.100000
	pigment { color rgbt <1,0,0,0> }
	no_shadow
}
cylinder {
	<24.568810, 34.721928, 35.070995>,  <24.567825, 34.485153, 34.748604>, 0.100000
	pigment { color rgbt <1,0,0,0> }
	no_shadow
}

// particle -1
sphere {
	<24.568810, 34.721928, 35.070995> 0.100000
	pigment { color rgbt <1,0,0,0> }
	no_shadow
}
sphere {
	0, 1
	scale<0.080000,0.200000,0.300000>
	matrix <0.291191, -0.771479, 0.565710,
		0.956662, 0.233302, -0.174266,
		0.002462, 0.591938, 0.805979,
		24.569548, 34.899509, 35.312790>
	pigment { color rgbt <0,1,1,0> }
	no_shadow
}
cylinder {
	<25.222897, 34.091545, 34.852890>,  <24.567825, 34.485153, 34.748604>, 0.130000
	pigment { color rgbt <1,0,0,0> }
	no_shadow
}

// nucleotide -1

// particle -1
sphere {
	<25.222897, 34.091545, 34.852890> 0.250000
	pigment { color rgbt <1,0,0,0> }
	no_shadow
}
cylinder {
	<25.522486, 34.351963, 34.902180>,  <25.702240, 34.508213, 34.931751>, 0.100000
	pigment { color rgbt <1,0,0,0> }
	no_shadow
}
cylinder {
	<25.522486, 34.351963, 34.902180>,  <25.222897, 34.091545, 34.852890>, 0.100000
	pigment { color rgbt <1,0,0,0> }
	no_shadow
}

// particle -1
sphere {
	<25.522486, 34.351963, 34.902180> 0.100000
	pigment { color rgbt <1,0,0,0> }
	no_shadow
}
sphere {
	0, 1
	scale<0.080000,0.200000,0.300000>
	matrix <0.509002, -0.446260, -0.736050,
		-0.424210, 0.614002, -0.665618,
		0.748974, 0.651041, 0.123220,
		25.747177, 34.547276, 34.939144>
	pigment { color rgbt <0,1,1,0> }
	no_shadow
}
cylinder {
	<25.420294, 34.263084, 34.099945>,  <25.222897, 34.091545, 34.852890>, 0.130000
	pigment { color rgbt <1,0,0,0> }
	no_shadow
}

// nucleotide -1

// particle -1
sphere {
	<25.420294, 34.263084, 34.099945> 0.250000
	pigment { color rgbt <1,0,0,0> }
	no_shadow
}
cylinder {
	<25.711639, 34.344879, 34.361530>,  <25.886446, 34.393955, 34.518482>, 0.100000
	pigment { color rgbt <1,0,0,0> }
	no_shadow
}
cylinder {
	<25.711639, 34.344879, 34.361530>,  <25.420294, 34.263084, 34.099945>, 0.100000
	pigment { color rgbt <1,0,0,0> }
	no_shadow
}

// particle -1
sphere {
	<25.711639, 34.344879, 34.361530> 0.100000
	pigment { color rgbt <1,0,0,0> }
	no_shadow
}
sphere {
	0, 1
	scale<0.080000,0.200000,0.300000>
	matrix <0.650072, -0.507864, -0.565226,
		0.216545, 0.836815, -0.502840,
		0.728364, 0.204485, 0.653966,
		25.930149, 34.406223, 34.557720>
	pigment { color rgbt <0,1,1,0> }
	no_shadow
}
cylinder {
	<26.064585, 34.589520, 33.741295>,  <25.420294, 34.263084, 34.099945>, 0.130000
	pigment { color rgbt <1,0,0,0> }
	no_shadow
}

// nucleotide -1

// particle -1
sphere {
	<26.064585, 34.589520, 33.741295> 0.250000
	pigment { color rgbt <1,0,0,0> }
	no_shadow
}
cylinder {
	<26.180712, 34.414917, 34.081924>,  <26.250387, 34.310158, 34.286301>, 0.100000
	pigment { color rgbt <1,0,0,0> }
	no_shadow
}
cylinder {
	<26.180712, 34.414917, 34.081924>,  <26.064585, 34.589520, 33.741295>, 0.100000
	pigment { color rgbt <1,0,0,0> }
	no_shadow
}

// particle -1
sphere {
	<26.180712, 34.414917, 34.081924> 0.100000
	pigment { color rgbt <1,0,0,0> }
	no_shadow
}
sphere {
	0, 1
	scale<0.080000,0.200000,0.300000>
	matrix <0.626083, -0.586363, -0.514002,
		0.723697, 0.682380, 0.103057,
		0.290316, -0.436504, 0.851575,
		26.267807, 34.283966, 34.337399>
	pigment { color rgbt <0,1,1,0> }
	no_shadow
}
cylinder {
	<26.777567, 34.560585, 33.912006>,  <26.064585, 34.589520, 33.741295>, 0.130000
	pigment { color rgbt <1,0,0,0> }
	no_shadow
}

// nucleotide -1

// particle -1
sphere {
	<26.777567, 34.560585, 33.912006> 0.250000
	pigment { color rgbt <1,0,0,0> }
	no_shadow
}
cylinder {
	<26.616875, 34.227394, 34.064198>,  <26.520458, 34.027481, 34.155510>, 0.100000
	pigment { color rgbt <1,0,0,0> }
	no_shadow
}
cylinder {
	<26.616875, 34.227394, 34.064198>,  <26.777567, 34.560585, 33.912006>, 0.100000
	pigment { color rgbt <1,0,0,0> }
	no_shadow
}

// particle -1
sphere {
	<26.616875, 34.227394, 34.064198> 0.100000
	pigment { color rgbt <1,0,0,0> }
	no_shadow
}
sphere {
	0, 1
	scale<0.080000,0.200000,0.300000>
	matrix <0.754446, -0.536544, -0.378064,
		0.519060, 0.135167, 0.843983,
		-0.401732, -0.832977, 0.380474,
		26.496355, 33.977501, 34.178341>
	pigment { color rgbt <0,1,1,0> }
	no_shadow
}
cylinder {
	<27.397137, 34.255619, 34.067738>,  <26.777567, 34.560585, 33.912006>, 0.130000
	pigment { color rgbt <1,0,0,0> }
	no_shadow
}

// nucleotide -1

// particle -1
sphere {
	<27.397137, 34.255619, 34.067738> 0.250000
	pigment { color rgbt <1,0,0,0> }
	no_shadow
}
cylinder {
	<27.140030, 33.949406, 34.079163>,  <26.985765, 33.765678, 34.086018>, 0.100000
	pigment { color rgbt <1,0,0,0> }
	no_shadow
}
cylinder {
	<27.140030, 33.949406, 34.079163>,  <27.397137, 34.255619, 34.067738>, 0.100000
	pigment { color rgbt <1,0,0,0> }
	no_shadow
}

// particle -1
sphere {
	<27.140030, 33.949406, 34.079163> 0.100000
	pigment { color rgbt <1,0,0,0> }
	no_shadow
}
sphere {
	0, 1
	scale<0.080000,0.200000,0.300000>
	matrix <0.732234, -0.624912, -0.270773,
		0.225136, -0.153127, 0.962219,
		-0.642765, -0.765531, 0.028565,
		26.947201, 33.719746, 34.087730>
	pigment { color rgbt <0,1,1,0> }
	no_shadow
}
cylinder {
	<27.586744, 33.647823, 34.603909>,  <27.397137, 34.255619, 34.067738>, 0.130000
	pigment { color rgbt <1,0,0,0> }
	no_shadow
}

// nucleotide -1

// particle -1
sphere {
	<27.586744, 33.647823, 34.603909> 0.250000
	pigment { color rgbt <1,0,0,0> }
	no_shadow
}
cylinder {
	<27.366619, 33.524216, 34.293640>,  <27.234545, 33.450050, 34.107479>, 0.100000
	pigment { color rgbt <1,0,0,0> }
	no_shadow
}
cylinder {
	<27.366619, 33.524216, 34.293640>,  <27.586744, 33.647823, 34.603909>, 0.100000
	pigment { color rgbt <1,0,0,0> }
	no_shadow
}

// particle -1
sphere {
	<27.366619, 33.524216, 34.293640> 0.100000
	pigment { color rgbt <1,0,0,0> }
	no_shadow
}
sphere {
	0, 1
	scale<0.080000,0.200000,0.300000>
	matrix <0.685891, -0.697073, -0.208907,
		-0.476142, -0.646989, 0.595563,
		-0.550311, -0.309022, -0.775669,
		27.201527, 33.431511, 34.060940>
	pigment { color rgbt <0,1,1,0> }
	no_shadow
}
cylinder {
	<27.630434, 32.961498, 34.567924>,  <27.586744, 33.647823, 34.603909>, 0.130000
	pigment { color rgbt <1,0,0,0> }
	no_shadow
}

// nucleotide -1

// particle -1
sphere {
	<27.630434, 32.961498, 34.567924> 0.250000
	pigment { color rgbt <1,0,0,0> }
	no_shadow
}
cylinder {
	<27.531698, 33.085098, 34.200535>,  <27.472456, 33.159256, 33.980103>, 0.100000
	pigment { color rgbt <1,0,0,0> }
	no_shadow
}
cylinder {
	<27.531698, 33.085098, 34.200535>,  <27.630434, 32.961498, 34.567924>, 0.100000
	pigment { color rgbt <1,0,0,0> }
	no_shadow
}

// particle -1
sphere {
	<27.531698, 33.085098, 34.200535> 0.100000
	pigment { color rgbt <1,0,0,0> }
	no_shadow
}
sphere {
	0, 1
	scale<0.080000,0.200000,0.300000>
	matrix <0.829395, -0.422815, -0.365146,
		-0.501172, -0.851909, -0.151914,
		-0.246840, 0.308998, -0.918472,
		27.457645, 33.177799, 33.924992>
	pigment { color rgbt <0,1,1,0> }
	no_shadow
}
cylinder {
	<27.741426, 32.377560, 34.155376>,  <27.630434, 32.961498, 34.567924>, 0.130000
	pigment { color rgbt <1,0,0,0> }
	no_shadow
}

// nucleotide -1

// particle -1
sphere {
	<27.741426, 32.377560, 34.155376> 0.250000
	pigment { color rgbt <1,0,0,0> }
	no_shadow
}
cylinder {
	<27.734732, 32.666737, 33.879093>,  <27.730715, 32.840244, 33.713326>, 0.100000
	pigment { color rgbt <1,0,0,0> }
	no_shadow
}
cylinder {
	<27.734732, 32.666737, 33.879093>,  <27.741426, 32.377560, 34.155376>, 0.100000
	pigment { color rgbt <1,0,0,0> }
	no_shadow
}

// particle -1
sphere {
	<27.734732, 32.666737, 33.879093> 0.100000
	pigment { color rgbt <1,0,0,0> }
	no_shadow
}
sphere {
	0, 1
	scale<0.080000,0.200000,0.300000>
	matrix <0.830738, -0.374369, -0.411973,
		-0.556411, -0.580690, -0.594311,
		-0.016737, 0.722943, -0.690705,
		27.729710, 32.883621, 33.671883>
	pigment { color rgbt <0,1,1,0> }
	no_shadow
}
cylinder {
	<27.610266, 32.086681, 33.380638>,  <27.741426, 32.377560, 34.155376>, 0.130000
	pigment { color rgbt <1,0,0,0> }
	no_shadow
}

// nucleotide -1

// particle -1
sphere {
	<27.610266, 32.086681, 33.380638> 0.250000
	pigment { color rgbt <1,0,0,0> }
	no_shadow
}
cylinder {
	<27.797129, 32.438091, 33.340721>,  <27.909246, 32.648937, 33.316772>, 0.100000
	pigment { color rgbt <1,0,0,0> }
	no_shadow
}
cylinder {
	<27.797129, 32.438091, 33.340721>,  <27.610266, 32.086681, 33.380638>, 0.100000
	pigment { color rgbt <1,0,0,0> }
	no_shadow
}

// particle -1
sphere {
	<27.797129, 32.438091, 33.340721> 0.100000
	pigment { color rgbt <1,0,0,0> }
	no_shadow
}
sphere {
	0, 1
	scale<0.080000,0.200000,0.300000>
	matrix <0.650574, -0.417966, -0.634081,
		-0.598764, 0.231295, -0.766801,
		0.467156, 0.878526, -0.099788,
		27.937275, 32.701649, 33.310783>
	pigment { color rgbt <0,1,1,0> }
	no_shadow
}
cylinder {
	<28.036901, 31.382563, 33.316669>,  <27.610266, 32.086681, 33.380638>, 0.130000
	pigment { color rgbt <1,0,0,0> }
	no_shadow
}

// nucleotide -1

// particle -1
sphere {
	<28.036901, 31.382563, 33.316669> 0.250000
	pigment { color rgbt <1,0,0,0> }
	no_shadow
}
cylinder {
	<28.298647, 31.136076, 33.141361>,  <28.455694, 30.988184, 33.036175>, 0.100000
	pigment { color rgbt <1,0,0,0> }
	no_shadow
}
cylinder {
	<28.298647, 31.136076, 33.141361>,  <28.036901, 31.382563, 33.316669>, 0.100000
	pigment { color rgbt <1,0,0,0> }
	no_shadow
}

// particle -1
sphere {
	<28.298647, 31.136076, 33.141361> 0.100000
	pigment { color rgbt <1,0,0,0> }
	no_shadow
}
sphere {
	0, 1
	scale<0.080000,0.200000,0.300000>
	matrix <0.614870, 0.770969, -0.165959,
		0.440160, -0.160881, 0.883389,
		0.654366, -0.616218, -0.438270,
		28.494957, 30.951210, 33.009880>
	pigment { color rgbt <0,1,1,0> }
	no_shadow
}
cylinder {
	<28.751442, 31.430315, 33.648525>,  <28.036901, 31.382563, 33.316669>, 0.130000
	pigment { color rgbt <1,0,0,0> }
	no_shadow
}

// nucleotide -1

// particle -1
sphere {
	<28.751442, 31.430315, 33.648525> 0.250000
	pigment { color rgbt <1,0,0,0> }
	no_shadow
}
cylinder {
	<28.795794, 31.346640, 33.259899>,  <28.822405, 31.296434, 33.026722>, 0.100000
	pigment { color rgbt <1,0,0,0> }
	no_shadow
}
cylinder {
	<28.795794, 31.346640, 33.259899>,  <28.751442, 31.430315, 33.648525>, 0.100000
	pigment { color rgbt <1,0,0,0> }
	no_shadow
}

// particle -1
sphere {
	<28.795794, 31.346640, 33.259899> 0.100000
	pigment { color rgbt <1,0,0,0> }
	no_shadow
}
sphere {
	0, 1
	scale<0.080000,0.200000,0.300000>
	matrix <0.614078, 0.783072, -0.098523,
		0.781418, -0.585694, 0.215286,
		0.110880, -0.209190, -0.971568,
		28.829058, 31.283882, 32.968430>
	pigment { color rgbt <0,1,1,0> }
	no_shadow
}
cylinder {
	<28.875732, 31.943394, 33.064716>,  <28.751442, 31.430315, 33.648525>, 0.130000
	pigment { color rgbt <1,0,0,0> }
	no_shadow
}

// nucleotide -1

// particle -1
sphere {
	<28.875732, 31.943394, 33.064716> 0.250000
	pigment { color rgbt <1,0,0,0> }
	no_shadow
}
cylinder {
	<28.949528, 32.257751, 32.828636>,  <28.993805, 32.446365, 32.686989>, 0.100000
	pigment { color rgbt <1,0,0,0> }
	no_shadow
}
cylinder {
	<28.949528, 32.257751, 32.828636>,  <28.875732, 31.943394, 33.064716>, 0.100000
	pigment { color rgbt <1,0,0,0> }
	no_shadow
}

// particle -1
sphere {
	<28.949528, 32.257751, 32.828636> 0.100000
	pigment { color rgbt <1,0,0,0> }
	no_shadow
}
sphere {
	0, 1
	scale<0.080000,0.200000,0.300000>
	matrix <-0.817855, 0.455778, 0.351254,
		0.545048, 0.417896, 0.726832,
		0.184486, 0.785894, -0.590199,
		29.004873, 32.493519, 32.651577>
	pigment { color rgbt <0,1,1,0> }
	no_shadow
}
cylinder {
	<29.020756, 32.710762, 33.575932>,  <28.875732, 31.943394, 33.064716>, 0.130000
	pigment { color rgbt <1,0,0,0> }
	no_shadow
}

// nucleotide -1

// particle -1
sphere {
	<29.020756, 32.710762, 33.575932> 0.250000
	pigment { color rgbt <1,0,0,0> }
	no_shadow
}
cylinder {
	<28.845791, 32.723770, 33.216461>,  <28.740812, 32.731575, 33.000778>, 0.100000
	pigment { color rgbt <1,0,0,0> }
	no_shadow
}
cylinder {
	<28.845791, 32.723770, 33.216461>,  <29.020756, 32.710762, 33.575932>, 0.100000
	pigment { color rgbt <1,0,0,0> }
	no_shadow
}

// particle -1
sphere {
	<28.845791, 32.723770, 33.216461> 0.100000
	pigment { color rgbt <1,0,0,0> }
	no_shadow
}
sphere {
	0, 1
	scale<0.080000,0.200000,0.300000>
	matrix <-0.747618, 0.542206, 0.383510,
		0.499737, 0.839616, -0.212856,
		-0.437413, 0.032520, -0.898673,
		28.714567, 32.733524, 32.946861>
	pigment { color rgbt <0,1,1,0> }
	no_shadow
}
cylinder {
	<28.988567, 33.388550, 33.282257>,  <29.020756, 32.710762, 33.575932>, 0.130000
	pigment { color rgbt <1,0,0,0> }
	no_shadow
}

// nucleotide -1

// particle -1
sphere {
	<28.988567, 33.388550, 33.282257> 0.250000
	pigment { color rgbt <1,0,0,0> }
	no_shadow
}
cylinder {
	<28.676283, 33.169525, 33.161819>,  <28.488913, 33.038109, 33.089558>, 0.100000
	pigment { color rgbt <1,0,0,0> }
	no_shadow
}
cylinder {
	<28.676283, 33.169525, 33.161819>,  <28.988567, 33.388550, 33.282257>, 0.100000
	pigment { color rgbt <1,0,0,0> }
	no_shadow
}

// particle -1
sphere {
	<28.676283, 33.169525, 33.161819> 0.100000
	pigment { color rgbt <1,0,0,0> }
	no_shadow
}
sphere {
	0, 1
	scale<0.080000,0.200000,0.300000>
	matrix <-0.613483, 0.579969, 0.535980,
		-0.118858, 0.603164, -0.788711,
		-0.780712, -0.547567, -0.301097,
		28.442070, 33.005257, 33.071491>
	pigment { color rgbt <0,1,1,0> }
	no_shadow
}
cylinder {
	<28.399132, 33.921638, 33.205273>,  <28.988567, 33.388550, 33.282257>, 0.130000
	pigment { color rgbt <1,0,0,0> }
	no_shadow
}

// nucleotide -1

// particle -1
sphere {
	<28.399132, 33.921638, 33.205273> 0.250000
	pigment { color rgbt <1,0,0,0> }
	no_shadow
}
cylinder {
	<28.261295, 33.546616, 33.224178>,  <28.178593, 33.321602, 33.235519>, 0.100000
	pigment { color rgbt <1,0,0,0> }
	no_shadow
}
cylinder {
	<28.261295, 33.546616, 33.224178>,  <28.399132, 33.921638, 33.205273>, 0.100000
	pigment { color rgbt <1,0,0,0> }
	no_shadow
}

// particle -1
sphere {
	<28.261295, 33.546616, 33.224178> 0.100000
	pigment { color rgbt <1,0,0,0> }
	no_shadow
}
sphere {
	0, 1
	scale<0.080000,0.200000,0.300000>
	matrix <-0.765142, 0.309677, 0.564497,
		-0.543887, 0.158360, -0.824081,
		-0.344593, -0.937562, 0.047261,
		28.157917, 33.265347, 33.238358>
	pigment { color rgbt <0,1,1,0> }
	no_shadow
}
cylinder {
	<27.700621, 33.868362, 32.840446>,  <28.399132, 33.921638, 33.205273>, 0.130000
	pigment { color rgbt <1,0,0,0> }
	no_shadow
}

// nucleotide -1

// particle -1
sphere {
	<27.700621, 33.868362, 32.840446> 0.250000
	pigment { color rgbt <1,0,0,0> }
	no_shadow
}
cylinder {
	<27.715452, 33.564518, 33.100174>,  <27.724352, 33.382210, 33.256012>, 0.100000
	pigment { color rgbt <1,0,0,0> }
	no_shadow
}
cylinder {
	<27.715452, 33.564518, 33.100174>,  <27.700621, 33.868362, 32.840446>, 0.100000
	pigment { color rgbt <1,0,0,0> }
	no_shadow
}

// particle -1
sphere {
	<27.715452, 33.564518, 33.100174> 0.100000
	pigment { color rgbt <1,0,0,0> }
	no_shadow
}
sphere {
	0, 1
	scale<0.080000,0.200000,0.300000>
	matrix <-0.831880, 0.336570, 0.441244,
		-0.553715, -0.556518, -0.619425,
		0.037080, -0.759611, 0.649320,
		27.726576, 33.336636, 33.294971>
	pigment { color rgbt <0,1,1,0> }
	no_shadow
}
cylinder {
	<27.083727, 33.607277, 32.789585>,  <27.700621, 33.868362, 32.840446>, 0.130000
	pigment { color rgbt <1,0,0,0> }
	no_shadow
}

// nucleotide -1

// particle -1
sphere {
	<27.083727, 33.607277, 32.789585> 0.250000
	pigment { color rgbt <1,0,0,0> }
	no_shadow
}
cylinder {
	<27.206263, 33.454151, 33.138206>,  <27.279783, 33.362274, 33.347382>, 0.100000
	pigment { color rgbt <1,0,0,0> }
	no_shadow
}
cylinder {
	<27.206263, 33.454151, 33.138206>,  <27.083727, 33.607277, 32.789585>, 0.100000
	pigment { color rgbt <1,0,0,0> }
	no_shadow
}

// particle -1
sphere {
	<27.206263, 33.454151, 33.138206> 0.100000
	pigment { color rgbt <1,0,0,0> }
	no_shadow
}
sphere {
	0, 1
	scale<0.080000,0.200000,0.300000>
	matrix <-0.859118, 0.283127, 0.426327,
		-0.409966, -0.879369, -0.242151,
		0.306339, -0.382816, 0.871555,
		27.298164, 33.339306, 33.399673>
	pigment { color rgbt <0,1,1,0> }
	no_shadow
}
cylinder {
	<26.658150, 33.057953, 32.919949>,  <27.083727, 33.607277, 32.789585>, 0.130000
	pigment { color rgbt <1,0,0,0> }
	no_shadow
}

// nucleotide -1

// particle -1
sphere {
	<26.658150, 33.057953, 32.919949> 0.250000
	pigment { color rgbt <1,0,0,0> }
	no_shadow
}
cylinder {
	<26.815733, 33.200844, 33.258694>,  <26.910284, 33.286579, 33.461941>, 0.100000
	pigment { color rgbt <1,0,0,0> }
	no_shadow
}
cylinder {
	<26.815733, 33.200844, 33.258694>,  <26.658150, 33.057953, 32.919949>, 0.100000
	pigment { color rgbt <1,0,0,0> }
	no_shadow
}

// particle -1
sphere {
	<26.815733, 33.200844, 33.258694> 0.100000
	pigment { color rgbt <1,0,0,0> }
	no_shadow
}
sphere {
	0, 1
	scale<0.080000,0.200000,0.300000>
	matrix <-0.916483, 0.082826, 0.391406,
		0.069661, -0.930353, 0.359986,
		0.393962, 0.357187, 0.846883,
		26.933920, 33.308014, 33.512753>
	pigment { color rgbt <0,1,1,0> }
	no_shadow
}
cylinder {
	<26.620909, 32.735226, 33.639870>,  <26.658150, 33.057953, 32.919949>, 0.130000
	pigment { color rgbt <1,0,0,0> }
	no_shadow
}

// nucleotide -1

// particle -1
sphere {
	<26.620909, 32.735226, 33.639870> 0.250000
	pigment { color rgbt <1,0,0,0> }
	no_shadow
}
cylinder {
	<26.804462, 32.923935, 33.941029>,  <26.914595, 33.037159, 34.121723>, 0.100000
	pigment { color rgbt <1,0,0,0> }
	no_shadow
}
cylinder {
	<26.804462, 32.923935, 33.941029>,  <26.620909, 32.735226, 33.639870>, 0.100000
	pigment { color rgbt <1,0,0,0> }
	no_shadow
}

// particle -1
sphere {
	<26.804462, 32.923935, 33.941029> 0.100000
	pigment { color rgbt <1,0,0,0> }
	no_shadow
}
sphere {
	0, 1
	scale<0.080000,0.200000,0.300000>
	matrix <-0.733648, 0.679187, 0.021568,
		-0.501186, -0.562262, 0.657780,
		0.458883, 0.471769, 0.752901,
		26.942127, 33.065464, 34.166901>
	pigment { color rgbt <0,1,1,0> }
	no_shadow
}
cylinder {
	<26.072386, 32.757374, 34.164410>,  <26.620909, 32.735226, 33.639870>, 0.130000
	pigment { color rgbt <1,0,0,0> }
	no_shadow
}

// nucleotide -1

// particle -1
sphere {
	<26.072386, 32.757374, 34.164410> 0.250000
	pigment { color rgbt <1,0,0,0> }
	no_shadow
}
cylinder {
	<26.348862, 33.043732, 34.203899>,  <26.514748, 33.215546, 34.227592>, 0.100000
	pigment { color rgbt <1,0,0,0> }
	no_shadow
}
cylinder {
	<26.348862, 33.043732, 34.203899>,  <26.072386, 32.757374, 34.164410>, 0.100000
	pigment { color rgbt <1,0,0,0> }
	no_shadow
}

// particle -1
sphere {
	<26.348862, 33.043732, 34.203899> 0.100000
	pigment { color rgbt <1,0,0,0> }
	no_shadow
}
sphere {
	0, 1
	scale<0.080000,0.200000,0.300000>
	matrix <-0.720237, 0.671193, 0.175382,
		0.059294, -0.192326, 0.979538,
		0.691190, 0.715899, 0.098722,
		26.556219, 33.258503, 34.233517>
	pigment { color rgbt <0,1,1,0> }
	no_shadow
}
cylinder {
	<26.044991, 33.006477, 34.843891>,  <26.072386, 32.757374, 34.164410>, 0.130000
	pigment { color rgbt <1,0,0,0> }
	no_shadow
}

// nucleotide -1

// particle -1
sphere {
	<26.044991, 33.006477, 34.843891> 0.250000
	pigment { color rgbt <1,0,0,0> }
	no_shadow
}
cylinder {
	<26.189035, 33.295536, 34.607891>,  <26.275463, 33.468971, 34.466290>, 0.100000
	pigment { color rgbt <1,0,0,0> }
	no_shadow
}
cylinder {
	<26.189035, 33.295536, 34.607891>,  <26.044991, 33.006477, 34.843891>, 0.100000
	pigment { color rgbt <1,0,0,0> }
	no_shadow
}

// particle -1
sphere {
	<26.189035, 33.295536, 34.607891> 0.100000
	pigment { color rgbt <1,0,0,0> }
	no_shadow
}
sphere {
	0, 1
	scale<0.080000,0.200000,0.300000>
	matrix <-0.553046, 0.674687, 0.488812,
		0.751305, 0.150273, 0.642618,
		0.360111, 0.722645, -0.590004,
		26.297070, 33.512329, 34.430889>
	pigment { color rgbt <0,1,1,0> }
	no_shadow
}
cylinder {
	<26.290283, 33.530075, 35.254635>,  <26.044991, 33.006477, 34.843891>, 0.130000
	pigment { color rgbt <1,0,0,0> }
	no_shadow
}

// nucleotide -1

// particle -1
sphere {
	<26.290283, 33.530075, 35.254635> 0.250000
	pigment { color rgbt <1,0,0,0> }
	no_shadow
}
cylinder {
	<26.204391, 33.711166, 34.908470>,  <26.152857, 33.819820, 34.700771>, 0.100000
	pigment { color rgbt <1,0,0,0> }
	no_shadow
}
cylinder {
	<26.204391, 33.711166, 34.908470>,  <26.290283, 33.530075, 35.254635>, 0.100000
	pigment { color rgbt <1,0,0,0> }
	no_shadow
}

// particle -1
sphere {
	<26.204391, 33.711166, 34.908470> 0.100000
	pigment { color rgbt <1,0,0,0> }
	no_shadow
}
sphere {
	0, 1
	scale<0.080000,0.200000,0.300000>
	matrix <-0.578925, 0.654633, 0.486108,
		0.786598, 0.605389, 0.121523,
		-0.214732, 0.452724, -0.865408,
		26.139973, 33.846985, 34.648849>
	pigment { color rgbt <0,1,1,0> }
	no_shadow
}
cylinder {
	<26.865395, 33.921375, 35.444618>,  <26.290283, 33.530075, 35.254635>, 0.130000
	pigment { color rgbt <1,0,0,0> }
	no_shadow
}

// nucleotide -1

// particle -1
sphere {
	<26.865395, 33.921375, 35.444618> 0.250000
	pigment { color rgbt <1,0,0,0> }
	no_shadow
}
cylinder {
	<26.694736, 34.045708, 35.104889>,  <26.592342, 34.120308, 34.901051>, 0.100000
	pigment { color rgbt <1,0,0,0> }
	no_shadow
}
cylinder {
	<26.694736, 34.045708, 35.104889>,  <26.865395, 33.921375, 35.444618>, 0.100000
	pigment { color rgbt <1,0,0,0> }
	no_shadow
}

// particle -1
sphere {
	<26.694736, 34.045708, 35.104889> 0.100000
	pigment { color rgbt <1,0,0,0> }
	no_shadow
}
sphere {
	0, 1
	scale<0.080000,0.200000,0.300000>
	matrix <-0.482146, 0.716347, 0.504363,
		0.765187, 0.624682, -0.155757,
		-0.426643, 0.310834, -0.849328,
		26.566744, 34.138958, 34.850090>
	pigment { color rgbt <0,1,1,0> }
	no_shadow
}
cylinder {
	<26.944258, 34.665939, 35.314739>,  <26.865395, 33.921375, 35.444618>, 0.130000
	pigment { color rgbt <1,0,0,0> }
	no_shadow
}

// nucleotide -1

// particle -1
sphere {
	<26.944258, 34.665939, 35.314739> 0.250000
	pigment { color rgbt <1,0,0,0> }
	no_shadow
}
cylinder {
	<26.620085, 34.584000, 35.095200>,  <26.425581, 34.534836, 34.963474>, 0.100000
	pigment { color rgbt <1,0,0,0> }
	no_shadow
}
cylinder {
	<26.620085, 34.584000, 35.095200>,  <26.944258, 34.665939, 35.314739>, 0.100000
	pigment { color rgbt <1,0,0,0> }
	no_shadow
}

// particle -1
sphere {
	<26.620085, 34.584000, 35.095200> 0.100000
	pigment { color rgbt <1,0,0,0> }
	no_shadow
}
sphere {
	0, 1
	scale<0.080000,0.200000,0.300000>
	matrix <-0.428636, 0.845972, 0.317180,
		0.399341, 0.492311, -0.773406,
		-0.810431, -0.204846, -0.548853,
		26.376955, 34.522545, 34.930542>
	pigment { color rgbt <0,1,1,0> }
	no_shadow
}
cylinder {
	<26.829771, 35.253941, 34.955845>,  <26.944258, 34.665939, 35.314739>, 0.130000
	pigment { color rgbt <1,0,0,0> }
	no_shadow
}

// nucleotide -1

// particle -1
sphere {
	<26.829771, 35.253941, 34.955845> 0.250000
	pigment { color rgbt <1,0,0,0> }
	no_shadow
}
cylinder {
	<26.479536, 35.062176, 34.979553>,  <26.269396, 34.947117, 34.993778>, 0.100000
	pigment { color rgbt <1,0,0,0> }
	no_shadow
}
cylinder {
	<26.479536, 35.062176, 34.979553>,  <26.829771, 35.253941, 34.955845>, 0.100000
	pigment { color rgbt <1,0,0,0> }
	no_shadow
}

// particle -1
sphere {
	<26.479536, 35.062176, 34.979553> 0.100000
	pigment { color rgbt <1,0,0,0> }
	no_shadow
}
sphere {
	0, 1
	scale<0.080000,0.200000,0.300000>
	matrix <-0.468894, 0.872985, 0.134297,
		-0.116128, 0.089796, -0.989167,
		-0.875587, -0.479410, 0.059273,
		26.216860, 34.918354, 34.997334>
	pigment { color rgbt <0,1,1,0> }
	no_shadow
}
cylinder {
	<27.183527, 35.689503, 35.424919>,  <26.829771, 35.253941, 34.955845>, 0.130000
	pigment { color rgbt <1,0,0,0> }
	no_shadow
}

// nucleotide -1

// particle -1
sphere {
	<27.183527, 35.689503, 35.424919> 0.250000
	pigment { color rgbt <1,0,0,0> }
	no_shadow
}
cylinder {
	<27.447489, 35.421146, 35.289612>,  <27.605865, 35.260132, 35.208427>, 0.100000
	pigment { color rgbt <1,0,0,0> }
	no_shadow
}
cylinder {
	<27.447489, 35.421146, 35.289612>,  <27.183527, 35.689503, 35.424919>, 0.100000
	pigment { color rgbt <1,0,0,0> }
	no_shadow
}

// particle -1
sphere {
	<27.447489, 35.421146, 35.289612> 0.100000
	pigment { color rgbt <1,0,0,0> }
	no_shadow
}
sphere {
	0, 1
	scale<0.080000,0.200000,0.300000>
	matrix <-0.118529, 0.351623, -0.928607,
		0.741941, 0.652887, 0.152517,
		0.659905, -0.670894, -0.338270,
		27.645460, 35.219879, 35.188129>
	pigment { color rgbt <0,1,1,0> }
	no_shadow
}
cylinder {
	<27.647533, 36.384594, 35.514580>,  <27.183527, 35.689503, 35.424919>, 0.130000
	pigment { color rgbt <1,0,0,0> }
	no_shadow
}

// nucleotide -1

// particle -1
sphere {
	<27.647533, 36.384594, 35.514580> 0.250000
	pigment { color rgbt <1,0,0,0> }
	no_shadow
}
cylinder {
	<28.010458, 36.288631, 35.376461>,  <28.228212, 36.231056, 35.293591>, 0.100000
	pigment { color rgbt <1,0,0,0> }
	no_shadow
}
cylinder {
	<28.010458, 36.288631, 35.376461>,  <27.647533, 36.384594, 35.514580>, 0.100000
	pigment { color rgbt <1,0,0,0> }
	no_shadow
}

// particle -1
sphere {
	<28.010458, 36.288631, 35.376461> 0.100000
	pigment { color rgbt <1,0,0,0> }
	no_shadow
}
sphere {
	0, 1
	scale<0.080000,0.200000,0.300000>
	matrix <0.387972, 0.161165, 0.907471,
		-0.162056, -0.957326, 0.239303,
		0.907312, -0.239903, -0.345298,
		28.282652, 36.216660, 35.272873>
	pigment { color rgbt <0,1,1,0> }
	no_shadow
}
cylinder {
	<28.037767, 35.794594, 35.822525>,  <27.647533, 36.384594, 35.514580>, 0.130000
	pigment { color rgbt <1,0,0,0> }
	no_shadow
}

// nucleotide -1

// particle -1
sphere {
	<28.037767, 35.794594, 35.822525> 0.250000
	pigment { color rgbt <1,0,0,0> }
	no_shadow
}
cylinder {
	<28.356857, 36.014515, 35.723454>,  <28.548311, 36.146469, 35.664009>, 0.100000
	pigment { color rgbt <1,0,0,0> }
	no_shadow
}
cylinder {
	<28.356857, 36.014515, 35.723454>,  <28.037767, 35.794594, 35.822525>, 0.100000
	pigment { color rgbt <1,0,0,0> }
	no_shadow
}

// particle -1
sphere {
	<28.356857, 36.014515, 35.723454> 0.100000
	pigment { color rgbt <1,0,0,0> }
	no_shadow
}
sphere {
	0, 1
	scale<0.080000,0.200000,0.300000>
	matrix <0.095838, 0.289913, 0.952242,
		0.595355, -0.783366, 0.178579,
		0.797727, 0.549807, -0.247678,
		28.596176, 36.179459, 35.649151>
	pigment { color rgbt <0,1,1,0> }
	no_shadow
}
cylinder {
	<28.601076, 35.501366, 36.130615>,  <28.037767, 35.794594, 35.822525>, 0.130000
	pigment { color rgbt <1,0,0,0> }
	no_shadow
}

// nucleotide -1

// particle -1
sphere {
	<28.601076, 35.501366, 36.130615> 0.250000
	pigment { color rgbt <1,0,0,0> }
	no_shadow
}
cylinder {
	<28.704893, 35.887653, 36.132519>,  <28.767183, 36.119427, 36.133659>, 0.100000
	pigment { color rgbt <1,0,0,0> }
	no_shadow
}
cylinder {
	<28.704893, 35.887653, 36.132519>,  <28.601076, 35.501366, 36.130615>, 0.100000
	pigment { color rgbt <1,0,0,0> }
	no_shadow
}

// particle -1
sphere {
	<28.704893, 35.887653, 36.132519> 0.100000
	pigment { color rgbt <1,0,0,0> }
	no_shadow
}
sphere {
	0, 1
	scale<0.080000,0.200000,0.300000>
	matrix <-0.249366, 0.062258, 0.966406,
		0.932982, -0.252008, 0.256977,
		0.259541, 0.965721, 0.004757,
		28.782755, 36.177368, 36.133945>
	pigment { color rgbt <0,1,1,0> }
	no_shadow
}
cylinder {
	<28.756548, 35.554768, 36.798416>,  <28.601076, 35.501366, 36.130615>, 0.130000
	pigment { color rgbt <1,0,0,0> }
	no_shadow
}

// nucleotide -1

// particle -1
sphere {
	<28.756548, 35.554768, 36.798416> 0.250000
	pigment { color rgbt <1,0,0,0> }
	no_shadow
}
cylinder {
	<28.780790, 35.935947, 36.679607>,  <28.795336, 36.164654, 36.608322>, 0.100000
	pigment { color rgbt <1,0,0,0> }
	no_shadow
}
cylinder {
	<28.780790, 35.935947, 36.679607>,  <28.756548, 35.554768, 36.798416>, 0.100000
	pigment { color rgbt <1,0,0,0> }
	no_shadow
}

// particle -1
sphere {
	<28.780790, 35.935947, 36.679607> 0.100000
	pigment { color rgbt <1,0,0,0> }
	no_shadow
}
sphere {
	0, 1
	scale<0.080000,0.200000,0.300000>
	matrix <-0.154086, 0.302935, 0.940472,
		0.986197, -0.011232, 0.165196,
		0.060607, 0.952945, -0.297023,
		28.798973, 36.221832, 36.590500>
	pigment { color rgbt <0,1,1,0> }
	no_shadow
}
cylinder {
	<29.375988, 35.841793, 36.976963>,  <28.756548, 35.554768, 36.798416>, 0.130000
	pigment { color rgbt <1,0,0,0> }
	no_shadow
}

// nucleotide -1

// particle -1
sphere {
	<29.375988, 35.841793, 36.976963> 0.250000
	pigment { color rgbt <1,0,0,0> }
	no_shadow
}
cylinder {
	<29.136024, 36.158905, 36.933857>,  <28.992046, 36.349171, 36.907993>, 0.100000
	pigment { color rgbt <1,0,0,0> }
	no_shadow
}
cylinder {
	<29.136024, 36.158905, 36.933857>,  <29.375988, 35.841793, 36.976963>, 0.100000
	pigment { color rgbt <1,0,0,0> }
	no_shadow
}

// particle -1
sphere {
	<29.136024, 36.158905, 36.933857> 0.100000
	pigment { color rgbt <1,0,0,0> }
	no_shadow
}
sphere {
	0, 1
	scale<0.080000,0.200000,0.300000>
	matrix <0.025715, 0.153734, 0.987778,
		0.799653, 0.589808, -0.112613,
		-0.599911, 0.792776, -0.107767,
		28.956051, 36.396736, 36.901527>
	pigment { color rgbt <0,1,1,0> }
	no_shadow
}
cylinder {
	<29.670160, 36.373840, 37.356762>,  <29.375988, 35.841793, 36.976963>, 0.130000
	pigment { color rgbt <1,0,0,0> }
	no_shadow
}

// nucleotide -1

// particle -1
sphere {
	<29.670160, 36.373840, 37.356762> 0.250000
	pigment { color rgbt <1,0,0,0> }
	no_shadow
}
cylinder {
	<29.287678, 36.487301, 37.327877>,  <29.058189, 36.555378, 37.310547>, 0.100000
	pigment { color rgbt <1,0,0,0> }
	no_shadow
}
cylinder {
	<29.287678, 36.487301, 37.327877>,  <29.670160, 36.373840, 37.356762>, 0.100000
	pigment { color rgbt <1,0,0,0> }
	no_shadow
}

// particle -1
sphere {
	<29.287678, 36.487301, 37.327877> 0.100000
	pigment { color rgbt <1,0,0,0> }
	no_shadow
}
sphere {
	0, 1
	scale<0.080000,0.200000,0.300000>
	matrix <-0.004750, 0.231644, 0.972789,
		0.292660, 0.930529, -0.220152,
		-0.956205, 0.283651, -0.072213,
		29.000816, 36.572395, 37.306213>
	pigment { color rgbt <0,1,1,0> }
	no_shadow
}
cylinder {
	<29.655552, 37.097824, 37.419121>,  <29.670160, 36.373840, 37.356762>, 0.130000
	pigment { color rgbt <1,0,0,0> }
	no_shadow
}

// nucleotide -1

// particle -1
sphere {
	<29.655552, 37.097824, 37.419121> 0.250000
	pigment { color rgbt <1,0,0,0> }
	no_shadow
}
cylinder {
	<29.318516, 36.932148, 37.556812>,  <29.116295, 36.832745, 37.639427>, 0.100000
	pigment { color rgbt <1,0,0,0> }
	no_shadow
}
cylinder {
	<29.318516, 36.932148, 37.556812>,  <29.655552, 37.097824, 37.419121>, 0.100000
	pigment { color rgbt <1,0,0,0> }
	no_shadow
}

// particle -1
sphere {
	<29.318516, 36.932148, 37.556812> 0.100000
	pigment { color rgbt <1,0,0,0> }
	no_shadow
}
sphere {
	0, 1
	scale<0.080000,0.200000,0.300000>
	matrix <0.211357, 0.333580, 0.918723,
		-0.495351, 0.846861, -0.193530,
		-0.842589, -0.414187, 0.344229,
		29.065739, 36.807892, 37.660080>
	pigment { color rgbt <0,1,1,0> }
	no_shadow
}
cylinder {
	<29.463779, 37.600147, 37.807529>,  <29.655552, 37.097824, 37.419121>, 0.130000
	pigment { color rgbt <1,0,0,0> }
	no_shadow
}

// nucleotide -1

// particle -1
sphere {
	<29.463779, 37.600147, 37.807529> 0.250000
	pigment { color rgbt <1,0,0,0> }
	no_shadow
}
cylinder {
	<29.296236, 37.248856, 37.899849>,  <29.195711, 37.038078, 37.955238>, 0.100000
	pigment { color rgbt <1,0,0,0> }
	no_shadow
}
cylinder {
	<29.296236, 37.248856, 37.899849>,  <29.463779, 37.600147, 37.807529>, 0.100000
	pigment { color rgbt <1,0,0,0> }
	no_shadow
}

// particle -1
sphere {
	<29.296236, 37.248856, 37.899849> 0.100000
	pigment { color rgbt <1,0,0,0> }
	no_shadow
}
sphere {
	0, 1
	scale<0.080000,0.200000,0.300000>
	matrix <0.411811, 0.042807, 0.910263,
		-0.809302, 0.476314, 0.343736,
		-0.418857, -0.878233, 0.230795,
		29.170578, 36.985386, 37.969086>
	pigment { color rgbt <0,1,1,0> }
	no_shadow
}
cylinder {
	<28.733578, 37.768475, 37.886272>,  <29.463779, 37.600147, 37.807529>, 0.130000
	pigment { color rgbt <1,0,0,0> }
	no_shadow
}

// nucleotide -1

// particle -1
sphere {
	<28.733578, 37.768475, 37.886272> 0.250000
	pigment { color rgbt <1,0,0,0> }
	no_shadow
}
cylinder {
	<28.504944, 37.442554, 37.847519>,  <28.367764, 37.247002, 37.824268>, 0.100000
	pigment { color rgbt <1,0,0,0> }
	no_shadow
}
cylinder {
	<28.504944, 37.442554, 37.847519>,  <28.733578, 37.768475, 37.886272>, 0.100000
	pigment { color rgbt <1,0,0,0> }
	no_shadow
}

// particle -1
sphere {
	<28.504944, 37.442554, 37.847519> 0.100000
	pigment { color rgbt <1,0,0,0> }
	no_shadow
}
sphere {
	0, 1
	scale<0.080000,0.200000,0.300000>
	matrix <0.020230, -0.132029, 0.991039,
		-0.820293, 0.564504, 0.091950,
		-0.571586, -0.814803, -0.096883,
		28.333467, 37.198112, 37.818455>
	pigment { color rgbt <0,1,1,0> }
	no_shadow
}
cylinder {
	<28.013700, 37.685856, 38.370453>,  <28.733578, 37.768475, 37.886272>, 0.130000
	pigment { color rgbt <1,0,0,0> }
	no_shadow
}

// nucleotide -1

// particle -1
sphere {
	<28.013700, 37.685856, 38.370453> 0.250000
	pigment { color rgbt <1,0,0,0> }
	no_shadow
}
cylinder {
	<28.159592, 37.322266, 38.289711>,  <28.247126, 37.104111, 38.241268>, 0.100000
	pigment { color rgbt <1,0,0,0> }
	no_shadow
}
cylinder {
	<28.159592, 37.322266, 38.289711>,  <28.013700, 37.685856, 38.370453>, 0.100000
	pigment { color rgbt <1,0,0,0> }
	no_shadow
}

// particle -1
sphere {
	<28.159592, 37.322266, 38.289711> 0.100000
	pigment { color rgbt <1,0,0,0> }
	no_shadow
}
sphere {
	0, 1
	scale<0.080000,0.200000,0.300000>
	matrix <-0.111366, -0.257814, 0.959755,
		-0.924431, -0.327568, -0.195260,
		0.364726, -0.908973, -0.201852,
		28.269009, 37.049572, 38.229156>
	pigment { color rgbt <0,1,1,0> }
	no_shadow
}
cylinder {
	<27.545702, 37.203495, 38.657665>,  <28.013700, 37.685856, 38.370453>, 0.130000
	pigment { color rgbt <1,0,0,0> }
	no_shadow
}

// nucleotide -1

// particle -1
sphere {
	<27.545702, 37.203495, 38.657665> 0.250000
	pigment { color rgbt <1,0,0,0> }
	no_shadow
}
cylinder {
	<27.854212, 36.959198, 38.585976>,  <28.039318, 36.812618, 38.542961>, 0.100000
	pigment { color rgbt <1,0,0,0> }
	no_shadow
}
cylinder {
	<27.854212, 36.959198, 38.585976>,  <27.545702, 37.203495, 38.657665>, 0.100000
	pigment { color rgbt <1,0,0,0> }
	no_shadow
}

// particle -1
sphere {
	<27.854212, 36.959198, 38.585976> 0.100000
	pigment { color rgbt <1,0,0,0> }
	no_shadow
}
sphere {
	0, 1
	scale<0.080000,0.200000,0.300000>
	matrix <-0.042890, -0.330808, 0.942723,
		-0.635055, -0.719412, -0.281339,
		0.771275, -0.610748, -0.179226,
		28.085594, 36.775974, 38.532207>
	pigment { color rgbt <0,1,1,0> }
	no_shadow
}
cylinder {
	<27.638811, 37.432636, 39.342911>,  <27.545702, 37.203495, 38.657665>, 0.130000
	pigment { color rgbt <1,0,0,0> }
	no_shadow
}

// nucleotide -1

// particle -1
sphere {
	<27.638811, 37.432636, 39.342911> 0.250000
	pigment { color rgbt <1,0,0,0> }
	no_shadow
}
cylinder {
	<27.322859, 37.349678, 39.573761>,  <27.133287, 37.299904, 39.712273>, 0.100000
	pigment { color rgbt <1,0,0,0> }
	no_shadow
}
cylinder {
	<27.322859, 37.349678, 39.573761>,  <27.638811, 37.432636, 39.342911>, 0.100000
	pigment { color rgbt <1,0,0,0> }
	no_shadow
}

// particle -1
sphere {
	<27.322859, 37.349678, 39.573761> 0.100000
	pigment { color rgbt <1,0,0,0> }
	no_shadow
}
sphere {
	0, 1
	scale<0.080000,0.200000,0.300000>
	matrix <0.546991, -0.663767, 0.510112,
		0.277285, 0.718611, 0.637739,
		-0.789882, -0.207392, 0.577126,
		27.085894, 37.287460, 39.746899>
	pigment { color rgbt <0,1,1,0> }
	no_shadow
}
cylinder {
	<28.126118, 36.925983, 39.650265>,  <27.638811, 37.432636, 39.342911>, 0.130000
	pigment { color rgbt <1,0,0,0> }
	no_shadow
}

// nucleotide -1

// particle -1
sphere {
	<28.126118, 36.925983, 39.650265> 0.250000
	pigment { color rgbt <1,0,0,0> }
	no_shadow
}
cylinder {
	<28.237598, 36.544907, 39.698765>,  <28.304487, 36.316261, 39.727863>, 0.100000
	pigment { color rgbt <1,0,0,0> }
	no_shadow
}
cylinder {
	<28.237598, 36.544907, 39.698765>,  <28.126118, 36.925983, 39.650265>, 0.100000
	pigment { color rgbt <1,0,0,0> }
	no_shadow
}

// particle -1
sphere {
	<28.237598, 36.544907, 39.698765> 0.100000
	pigment { color rgbt <1,0,0,0> }
	no_shadow
}
sphere {
	0, 1
	scale<0.080000,0.200000,0.300000>
	matrix <0.155959, -0.079675, -0.984545,
		0.947629, 0.293306, 0.126376,
		0.278704, -0.952693, 0.121246,
		28.321209, 36.259098, 39.735138>
	pigment { color rgbt <0,1,1,0> }
	no_shadow
}
cylinder {
	<28.749992, 36.861515, 39.366894>,  <28.126118, 36.925983, 39.650265>, 0.130000
	pigment { color rgbt <1,0,0,0> }
	no_shadow
}

// nucleotide -1

// particle -1
sphere {
	<28.749992, 36.861515, 39.366894> 0.250000
	pigment { color rgbt <1,0,0,0> }
	no_shadow
}
cylinder {
	<28.556910, 36.512558, 39.336090>,  <28.441059, 36.303185, 39.317608>, 0.100000
	pigment { color rgbt <1,0,0,0> }
	no_shadow
}
cylinder {
	<28.556910, 36.512558, 39.336090>,  <28.749992, 36.861515, 39.366894>, 0.100000
	pigment { color rgbt <1,0,0,0> }
	no_shadow
}

// particle -1
sphere {
	<28.556910, 36.512558, 39.336090> 0.100000
	pigment { color rgbt <1,0,0,0> }
	no_shadow
}
sphere {
	0, 1
	scale<0.080000,0.200000,0.300000>
	matrix <0.025530, 0.073878, -0.996940,
		0.875409, -0.483197, -0.013390,
		-0.482708, -0.872389, -0.077009,
		28.412098, 36.250843, 39.312988>
	pigment { color rgbt <0,1,1,0> }
	no_shadow
}
cylinder {
	<29.146301, 36.423508, 39.001053>,  <28.749992, 36.861515, 39.366894>, 0.130000
	pigment { color rgbt <1,0,0,0> }
	no_shadow
}

// nucleotide -1

// particle -1
sphere {
	<29.146301, 36.423508, 39.001053> 0.250000
	pigment { color rgbt <1,0,0,0> }
	no_shadow
}
cylinder {
	<28.763113, 36.356728, 38.907738>,  <28.533201, 36.316658, 38.851749>, 0.100000
	pigment { color rgbt <1,0,0,0> }
	no_shadow
}
cylinder {
	<28.763113, 36.356728, 38.907738>,  <29.146301, 36.423508, 39.001053>, 0.100000
	pigment { color rgbt <1,0,0,0> }
	no_shadow
}

// particle -1
sphere {
	<28.763113, 36.356728, 38.907738> 0.100000
	pigment { color rgbt <1,0,0,0> }
	no_shadow
}
sphere {
	0, 1
	scale<0.080000,0.200000,0.300000>
	matrix <0.203749, 0.176506, -0.962981,
