// switches for output
#declare DRAW_BASES = 1; // possible values are 0, 1; only relevant for DNA ribbons
#declare DRAW_BASES_TYPE = 3; // possible values are 1, 2, 3; only relevant for DNA ribbons
#declare DRAW_FOG = 0; // set to 1 to enable fog

#include "colors.inc"

#include "transforms.inc"
background { rgb <1, 1, 1>}

#default {
   normal{
       ripples 0.25
       frequency 0.20
       turbulence 0.2
       lambda 5
   }
	finish {
		phong 0.1
		phong_size 40.
	}
}

// original window dimensions: 1024x640


// camera settings

camera {
	sky <0, 0.179814, -0.983701>
	up <0, 0.179814, -0.983701>
	right 1.6 * <1, 0, 0>
	location <35, 94.9851, 44.8844>
	look_at <35, 29.7336, 32.9568>
	direction <0, -65.2515, -11.9276>
	angle 67.0682
}


# declare cpy_camera_pos = <35, 94.9851, 44.8844>;
# if (DRAW_FOG = 1)
fog {
	fog_type 2
	up vnormalize(cpy_camera_pos)
	color rgbt<1,1,1,0.3>
	distance 1e-5
	fog_alt 3e-3
	fog_offset 56
}
# end


// LIGHTS

# declare lum = 6;
global_settings {
	ambient_light rgb lum * <0.05, 0.05, 0.05>
	max_trace_level 15
}# declare cpy_direct_light_amount = 0.25;
light_source
{	1000 * <-1, -1.16352, -0.803886>,
	rgb lum * cpy_direct_light_amount
	parallel
}

light_source
{	1000 * <1, 1.16352, 0.803886>,
	rgb lum * cpy_direct_light_amount
	parallel
}

// strand 0

// nucleotide -1

// particle -1
sphere {
	<24.108812, 34.957909, 34.652592> 0.250000
	pigment { color rgbt <1,0,0,0> }
	no_shadow
}
cylinder {
	<24.438234, 35.025703, 34.869122>,  <24.635887, 35.066380, 34.999039>, 0.100000
	pigment { color rgbt <1,0,0,0> }
	no_shadow
}
cylinder {
	<24.438234, 35.025703, 34.869122>,  <24.108812, 34.957909, 34.652592>, 0.100000
	pigment { color rgbt <1,0,0,0> }
	no_shadow
}

// particle -1
sphere {
	<24.438234, 35.025703, 34.869122> 0.100000
	pigment { color rgbt <1,0,0,0> }
	no_shadow
}
sphere {
	0, 1
	scale<0.080000,0.200000,0.300000>
	matrix <0.453997, 0.375181, -0.808162,
		-0.340070, 0.911325, 0.232034,
		0.823553, 0.169489, 0.541326,
		24.685301, 35.076550, 35.031521>
	pigment { color rgbt <0,1,1,0> }
	no_shadow
}
cylinder {
	<24.396032, 35.658569, 34.497017>,  <24.108812, 34.957909, 34.652592>, 0.130000
	pigment { color rgbt <1,0,0,0> }
	no_shadow
}

// nucleotide -1

// particle -1
sphere {
	<24.396032, 35.658569, 34.497017> 0.250000
	pigment { color rgbt <1,0,0,0> }
	no_shadow
}
cylinder {
	<24.693377, 35.403187, 34.576805>,  <24.871782, 35.249958, 34.624680>, 0.100000
	pigment { color rgbt <1,0,0,0> }
	no_shadow
}
cylinder {
	<24.693377, 35.403187, 34.576805>,  <24.396032, 35.658569, 34.497017>, 0.100000
	pigment { color rgbt <1,0,0,0> }
	no_shadow
}

// particle -1
sphere {
	<24.693377, 35.403187, 34.576805> 0.100000
	pigment { color rgbt <1,0,0,0> }
	no_shadow
}
sphere {
	0, 1
	scale<0.080000,0.200000,0.300000>
	matrix <0.495593, 0.325431, -0.805284,
		0.449225, 0.697472, 0.558328,
		0.743360, -0.638457, 0.199471,
		24.916384, 35.211651, 34.636646>
	pigment { color rgbt <0,1,1,0> }
	no_shadow
}
cylinder {
	<25.073921, 36.023457, 34.518562>,  <24.396032, 35.658569, 34.497017>, 0.130000
	pigment { color rgbt <1,0,0,0> }
	no_shadow
}

// nucleotide -1

// particle -1
sphere {
	<25.073921, 36.023457, 34.518562> 0.250000
	pigment { color rgbt <1,0,0,0> }
	no_shadow
}
cylinder {
	<25.130760, 35.639614, 34.421432>,  <25.164864, 35.409309, 34.363155>, 0.100000
	pigment { color rgbt <1,0,0,0> }
	no_shadow
}
cylinder {
	<25.130760, 35.639614, 34.421432>,  <25.073921, 36.023457, 34.518562>, 0.100000
	pigment { color rgbt <1,0,0,0> }
	no_shadow
}

// particle -1
sphere {
	<25.130760, 35.639614, 34.421432> 0.100000
	pigment { color rgbt <1,0,0,0> }
	no_shadow
}
sphere {
	0, 1
	scale<0.080000,0.200000,0.300000>
	matrix <0.408025, 0.280286, -0.868882,
		0.901844, 0.024390, 0.431372,
		0.142099, -0.959607, -0.242823,
		25.173389, 35.351730, 34.348587>
	pigment { color rgbt <0,1,1,0> }
	no_shadow
}
cylinder {
	<25.900791, 35.908665, 34.368656>,  <25.073921, 36.023457, 34.518562>, 0.130000
	pigment { color rgbt <1,0,0,0> }
	no_shadow
}

// nucleotide -1

// particle -1
sphere {
	<25.900791, 35.908665, 34.368656> 0.250000
	pigment { color rgbt <1,0,0,0> }
	no_shadow
}
cylinder {
	<25.650124, 35.651138, 34.193024>,  <25.499723, 35.496624, 34.087646>, 0.100000
	pigment { color rgbt <1,0,0,0> }
	no_shadow
}
cylinder {
	<25.650124, 35.651138, 34.193024>,  <25.900791, 35.908665, 34.368656>, 0.100000
	pigment { color rgbt <1,0,0,0> }
	no_shadow
}

// particle -1
sphere {
	<25.650124, 35.651138, 34.193024> 0.100000
	pigment { color rgbt <1,0,0,0> }
	no_shadow
}
sphere {
	0, 1
	scale<0.080000,0.200000,0.300000>
	matrix <0.385034, 0.234056, -0.892730,
		0.677521, -0.728506, 0.101215,
		-0.626669, -0.643815, -0.439077,
		25.462122, 35.457993, 34.061302>
	pigment { color rgbt <0,1,1,0> }
	no_shadow
}
cylinder {
	<26.306868, 35.663227, 33.848366>,  <25.900791, 35.908665, 34.368656>, 0.130000
	pigment { color rgbt <1,0,0,0> }
	no_shadow
}

// nucleotide -1

// particle -1
sphere {
	<26.306868, 35.663227, 33.848366> 0.250000
	pigment { color rgbt <1,0,0,0> }
	no_shadow
}
cylinder {
	<25.928753, 35.578331, 33.749256>,  <25.701885, 35.527393, 33.689789>, 0.100000
	pigment { color rgbt <1,0,0,0> }
	no_shadow
}
cylinder {
	<25.928753, 35.578331, 33.749256>,  <26.306868, 35.663227, 33.848366>, 0.100000
	pigment { color rgbt <1,0,0,0> }
	no_shadow
}

// particle -1
sphere {
	<25.928753, 35.578331, 33.749256> 0.100000
	pigment { color rgbt <1,0,0,0> }
	no_shadow
}
sphere {
	0, 1
	scale<0.080000,0.200000,0.300000>
	matrix <0.169991, 0.327814, -0.929323,
		0.278457, -0.920595, -0.273800,
		-0.945286, -0.212233, -0.247775,
		25.645168, 35.514660, 33.674923>
	pigment { color rgbt <0,1,1,0> }
	no_shadow
}
cylinder {
	<26.263500, 35.294197, 33.301975>,  <26.306868, 35.663227, 33.848366>, 0.130000
	pigment { color rgbt <1,0,0,0> }
	no_shadow
}

// nucleotide -1

// particle -1
sphere {
	<26.263500, 35.294197, 33.301975> 0.250000
	pigment { color rgbt <1,0,0,0> }
	no_shadow
}
cylinder {
	<25.903055, 35.467346, 33.311928>,  <25.686789, 35.571236, 33.317902>, 0.100000
	pigment { color rgbt <1,0,0,0> }
	no_shadow
}
cylinder {
	<25.903055, 35.467346, 33.311928>,  <26.263500, 35.294197, 33.301975>, 0.100000
	pigment { color rgbt <1,0,0,0> }
	no_shadow
}

// particle -1
sphere {
	<25.903055, 35.467346, 33.311928> 0.100000
	pigment { color rgbt <1,0,0,0> }
	no_shadow
}
sphere {
	0, 1
	scale<0.080000,0.200000,0.300000>
	matrix <0.155105, 0.375412, -0.913788,
		-0.404895, -0.819565, -0.405429,
		-0.901112, 0.432872, 0.024884,
		25.632721, 35.597206, 33.319393>
	pigment { color rgbt <0,1,1,0> }
	no_shadow
}
cylinder {
	<25.895185, 35.166325, 32.674213>,  <26.263500, 35.294197, 33.301975>, 0.130000
	pigment { color rgbt <1,0,0,0> }
	no_shadow
}

// nucleotide -1

// particle -1
sphere {
	<25.895185, 35.166325, 32.674213> 0.250000
	pigment { color rgbt <1,0,0,0> }
	no_shadow
}
cylinder {
	<25.725483, 35.499432, 32.816479>,  <25.623661, 35.699295, 32.901840>, 0.100000
	pigment { color rgbt <1,0,0,0> }
	no_shadow
}
cylinder {
	<25.725483, 35.499432, 32.816479>,  <25.895185, 35.166325, 32.674213>, 0.100000
	pigment { color rgbt <1,0,0,0> }
	no_shadow
}

// particle -1
sphere {
	<25.725483, 35.499432, 32.816479> 0.100000
	pigment { color rgbt <1,0,0,0> }
	no_shadow
}
sphere {
	0, 1
	scale<0.080000,0.200000,0.300000>
	matrix <-0.060389, 0.365873, -0.928703,
		-0.903526, -0.415487, -0.104933,
		-0.424256, 0.832771, 0.355667,
		25.598206, 35.749264, 32.923180>
	pigment { color rgbt <0,1,1,0> }
	no_shadow
}
cylinder {
	<25.204021, 35.263317, 32.325153>,  <25.895185, 35.166325, 32.674213>, 0.130000
	pigment { color rgbt <1,0,0,0> }
	no_shadow
}

// nucleotide -1

// particle -1
sphere {
	<25.204021, 35.263317, 32.325153> 0.250000
	pigment { color rgbt <1,0,0,0> }
	no_shadow
}
cylinder {
	<25.379051, 35.597725, 32.457573>,  <25.484070, 35.798370, 32.537025>, 0.100000
	pigment { color rgbt <1,0,0,0> }
	no_shadow
}
cylinder {
	<25.379051, 35.597725, 32.457573>,  <25.204021, 35.263317, 32.325153>, 0.100000
	pigment { color rgbt <1,0,0,0> }
	no_shadow
}

// particle -1
sphere {
	<25.379051, 35.597725, 32.457573> 0.100000
	pigment { color rgbt <1,0,0,0> }
	no_shadow
}
sphere {
	0, 1
	scale<0.080000,0.200000,0.300000>
	matrix <-0.101291, 0.411650, -0.905695,
		-0.893459, 0.362778, 0.264809,
		0.437575, 0.836024, 0.331046,
		25.510324, 35.848534, 32.556889>
	pigment { color rgbt <0,1,1,0> }
	no_shadow
}
cylinder {
	<24.853729, 35.892170, 31.882290>,  <25.204021, 35.263317, 32.325153>, 0.130000
	pigment { color rgbt <1,0,0,0> }
	no_shadow
}

// nucleotide -1

// particle -1
sphere {
	<24.853729, 35.892170, 31.882290> 0.250000
	pigment { color rgbt <1,0,0,0> }
	no_shadow
}
cylinder {
	<25.201372, 36.034660, 32.019550>,  <25.409958, 36.120155, 32.101906>, 0.100000
	pigment { color rgbt <1,0,0,0> }
	no_shadow
}
cylinder {
	<25.201372, 36.034660, 32.019550>,  <24.853729, 35.892170, 31.882290>, 0.100000
	pigment { color rgbt <1,0,0,0> }
	no_shadow
}

// particle -1
sphere {
	<25.201372, 36.034660, 32.019550> 0.100000
	pigment { color rgbt <1,0,0,0> }
	no_shadow
}
sphere {
	0, 1
	scale<0.080000,0.200000,0.300000>
	matrix <0.132170, 0.501276, -0.855134,
		-0.476634, 0.788559, 0.388581,
		0.869109, 0.356227, 0.343149,
		25.462105, 36.141529, 32.122494>
	pigment { color rgbt <0,1,1,0> }
	no_shadow
}
cylinder {
	<24.822987, 36.642933, 31.816599>,  <24.853729, 35.892170, 31.882290>, 0.130000
	pigment { color rgbt <1,0,0,0> }
	no_shadow
}

// nucleotide -1

// particle -1
sphere {
	<24.822987, 36.642933, 31.816599> 0.250000
	pigment { color rgbt <1,0,0,0> }
	no_shadow
}
cylinder {
	<25.207737, 36.535763, 31.838543>,  <25.438587, 36.471462, 31.851709>, 0.100000
	pigment { color rgbt <1,0,0,0> }
	no_shadow
}
cylinder {
	<25.207737, 36.535763, 31.838543>,  <24.822987, 36.642933, 31.816599>, 0.100000
	pigment { color rgbt <1,0,0,0> }
	no_shadow
}

// particle -1
sphere {
	<25.207737, 36.535763, 31.838543> 0.100000
	pigment { color rgbt <1,0,0,0> }
	no_shadow
}
sphere {
	0, 1
	scale<0.080000,0.200000,0.300000>
	matrix <0.170767, 0.431717, -0.885697,
		0.213615, 0.861300, 0.461011,
		0.961877, -0.267924, 0.054860,
		25.496300, 36.455387, 31.855001>
	pigment { color rgbt <0,1,1,0> }
	no_shadow
}
cylinder {
	<25.261402, 37.315498, 31.767609>,  <24.822987, 36.642933, 31.816599>, 0.130000
	pigment { color rgbt <1,0,0,0> }
	no_shadow
}

// nucleotide -1

// particle -1
sphere {
	<25.261402, 37.315498, 31.767609> 0.250000
	pigment { color rgbt <1,0,0,0> }
	no_shadow
}
cylinder {
	<25.449656, 36.986721, 31.639290>,  <25.562607, 36.789455, 31.562298>, 0.100000
	pigment { color rgbt <1,0,0,0> }
	no_shadow
}
cylinder {
	<25.449656, 36.986721, 31.639290>,  <25.261402, 37.315498, 31.767609>, 0.100000
	pigment { color rgbt <1,0,0,0> }
	no_shadow
}

// particle -1
sphere {
	<25.449656, 36.986721, 31.639290> 0.100000
	pigment { color rgbt <1,0,0,0> }
	no_shadow
}
sphere {
	0, 1
	scale<0.080000,0.200000,0.300000>
	matrix <0.239393, 0.468898, -0.850192,
		0.849232, 0.323332, 0.417447,
		0.470634, -0.821944, -0.320799,
		25.590845, 36.740139, 31.543051>
	pigment { color rgbt <0,1,1,0> }
	no_shadow
}
cylinder {
	<25.760454, 37.599243, 31.243212>,  <25.261402, 37.315498, 31.767609>, 0.130000
	pigment { color rgbt <1,0,0,0> }
	no_shadow
}

// nucleotide -1

// particle -1
sphere {
	<25.760454, 37.599243, 31.243212> 0.250000
	pigment { color rgbt <1,0,0,0> }
	no_shadow
}
cylinder {
	<25.765688, 37.203907, 31.182541>,  <25.768827, 36.966705, 31.146139>, 0.100000
	pigment { color rgbt <1,0,0,0> }
	no_shadow
}
cylinder {
	<25.765688, 37.203907, 31.182541>,  <25.760454, 37.599243, 31.243212>, 0.100000
	pigment { color rgbt <1,0,0,0> }
	no_shadow
}

// particle -1
sphere {
	<25.765688, 37.203907, 31.182541> 0.100000
	pigment { color rgbt <1,0,0,0> }
	no_shadow
}
sphere {
	0, 1
	scale<0.080000,0.200000,0.300000>
	matrix <0.272191, 0.149483, -0.950562,
		0.962154, -0.028848, 0.270974,
		0.013084, -0.988343, -0.151678,
		25.769613, 36.907406, 31.137037>
	pigment { color rgbt <0,1,1,0> }
	no_shadow
}
cylinder {
	<25.992376, 37.441372, 30.582460>,  <25.760454, 37.599243, 31.243212>, 0.130000
	pigment { color rgbt <1,0,0,0> }
	no_shadow
}

// nucleotide -1

// particle -1
sphere {
	<25.992376, 37.441372, 30.582460> 0.250000
	pigment { color rgbt <1,0,0,0> }
	no_shadow
}
cylinder {
	<26.043879, 37.195328, 30.271317>,  <26.074780, 37.047703, 30.084631>, 0.100000
	pigment { color rgbt <1,0,0,0> }
	no_shadow
}
cylinder {
	<26.043879, 37.195328, 30.271317>,  <25.992376, 37.441372, 30.582460>, 0.100000
	pigment { color rgbt <1,0,0,0> }
	no_shadow
}

// particle -1
sphere {
	<26.043879, 37.195328, 30.271317> 0.100000
	pigment { color rgbt <1,0,0,0> }
	no_shadow
}
sphere {
	0, 1
	scale<0.080000,0.200000,0.300000>
	matrix <0.099403, -0.772433, 0.627269,
		-0.986682, -0.158085, -0.038310,
		0.128754, -0.615107, -0.777860,
		26.082504, 37.010796, 30.037958>
	pigment { color rgbt <0,1,1,0> }
	no_shadow
}
cylinder {
	<25.442776, 37.035713, 30.498920>,  <25.992376, 37.441372, 30.582460>, 0.130000
	pigment { color rgbt <1,0,0,0> }
	no_shadow
}

// nucleotide -1

// particle -1
sphere {
	<25.442776, 37.035713, 30.498920> 0.250000
	pigment { color rgbt <1,0,0,0> }
	no_shadow
}
cylinder {
	<25.787991, 36.860947, 30.397518>,  <25.995119, 36.756084, 30.336678>, 0.100000
	pigment { color rgbt <1,0,0,0> }
	no_shadow
}
cylinder {
	<25.787991, 36.860947, 30.397518>,  <25.442776, 37.035713, 30.498920>, 0.100000
	pigment { color rgbt <1,0,0,0> }
	no_shadow
}

// particle -1
sphere {
	<25.787991, 36.860947, 30.397518> 0.100000
	pigment { color rgbt <1,0,0,0> }
	no_shadow
}
sphere {
	0, 1
	scale<0.080000,0.200000,0.300000>
	matrix <-0.099633, -0.639232, 0.762532,
		-0.495213, -0.632837, -0.595215,
		0.863039, -0.436919, -0.253505,
		26.046902, 36.729870, 30.321466>
	pigment { color rgbt <0,1,1,0> }
	no_shadow
}
cylinder {
	<25.273424, 36.305042, 30.514385>,  <25.442776, 37.035713, 30.498920>, 0.130000
	pigment { color rgbt <1,0,0,0> }
	no_shadow
}

// nucleotide -1

// particle -1
sphere {
	<25.273424, 36.305042, 30.514385> 0.250000
	pigment { color rgbt <1,0,0,0> }
	no_shadow
}
cylinder {
	<25.647146, 36.425987, 30.589911>,  <25.871380, 36.498554, 30.635225>, 0.100000
	pigment { color rgbt <1,0,0,0> }
	no_shadow
}
cylinder {
	<25.647146, 36.425987, 30.589911>,  <25.273424, 36.305042, 30.514385>, 0.100000
	pigment { color rgbt <1,0,0,0> }
	no_shadow
}

// particle -1
sphere {
	<25.647146, 36.425987, 30.589911> 0.100000
	pigment { color rgbt <1,0,0,0> }
	no_shadow
}
sphere {
	0, 1
	scale<0.080000,0.200000,0.300000>
	matrix <-0.084335, -0.327143, 0.941204,
		0.346350, -0.895297, -0.280152,
		0.934307, 0.302360, 0.188811,
		25.927439, 36.516693, 30.646553>
	pigment { color rgbt <0,1,1,0> }
	no_shadow
}
cylinder {
	<25.671265, 35.789608, 30.895630>,  <25.273424, 36.305042, 30.514385>, 0.130000
	pigment { color rgbt <1,0,0,0> }
	no_shadow
}

// nucleotide -1

// particle -1
sphere {
	<25.671265, 35.789608, 30.895630> 0.250000
	pigment { color rgbt <1,0,0,0> }
	no_shadow
}
cylinder {
	<25.831003, 36.141193, 30.999891>,  <25.926846, 36.352146, 31.062449>, 0.100000
	pigment { color rgbt <1,0,0,0> }
	no_shadow
}
cylinder {
	<25.831003, 36.141193, 30.999891>,  <25.671265, 35.789608, 30.895630>, 0.100000
	pigment { color rgbt <1,0,0,0> }
	no_shadow
}

// particle -1
sphere {
	<25.831003, 36.141193, 30.999891> 0.100000
	pigment { color rgbt <1,0,0,0> }
	no_shadow
}
sphere {
	0, 1
	scale<0.080000,0.200000,0.300000>
	matrix <-0.085168, -0.247510, 0.965135,
		0.912836, -0.407622, -0.023982,
		0.399345, 0.878967, 0.260652,
		25.950808, 36.404884, 31.078087>
	pigment { color rgbt <0,1,1,0> }
	no_shadow
}
cylinder {
	<26.298004, 35.662579, 31.265570>,  <25.671265, 35.789608, 30.895630>, 0.130000
	pigment { color rgbt <1,0,0,0> }
	no_shadow
}

// nucleotide -1

// particle -1
sphere {
	<26.298004, 35.662579, 31.265570> 0.250000
	pigment { color rgbt <1,0,0,0> }
	no_shadow
}
cylinder {
	<26.113230, 36.007061, 31.350368>,  <26.002365, 36.213749, 31.401247>, 0.100000
	pigment { color rgbt <1,0,0,0> }
	no_shadow
}
cylinder {
	<26.113230, 36.007061, 31.350368>,  <26.298004, 35.662579, 31.265570>, 0.100000
	pigment { color rgbt <1,0,0,0> }
	no_shadow
}

// particle -1
sphere {
	<26.113230, 36.007061, 31.350368> 0.100000
	pigment { color rgbt <1,0,0,0> }
	no_shadow
}
sphere {
	0, 1
	scale<0.080000,0.200000,0.300000>
	matrix <-0.126516, -0.300565, 0.945333,
		0.877843, 0.409862, 0.247798,
		-0.461936, 0.861205, 0.211995,
		25.974649, 36.265423, 31.413967>
	pigment { color rgbt <0,1,1,0> }
	no_shadow
}
cylinder {
	<26.661837, 35.934143, 31.872168>,  <26.298004, 35.662579, 31.265570>, 0.130000
	pigment { color rgbt <1,0,0,0> }
	no_shadow
}

// nucleotide -1

// particle -1
sphere {
	<26.661837, 35.934143, 31.872168> 0.250000
	pigment { color rgbt <1,0,0,0> }
	no_shadow
}
cylinder {
	<26.303982, 36.112373, 31.858963>,  <26.089270, 36.219311, 31.851040>, 0.100000
	pigment { color rgbt <1,0,0,0> }
	no_shadow
}
cylinder {
	<26.303982, 36.112373, 31.858963>,  <26.661837, 35.934143, 31.872168>, 0.100000
	pigment { color rgbt <1,0,0,0> }
	no_shadow
}

// particle -1
sphere {
	<26.303982, 36.112373, 31.858963> 0.100000
	pigment { color rgbt <1,0,0,0> }
	no_shadow
}
sphere {
	0, 1
	scale<0.080000,0.200000,0.300000>
	matrix <-0.132891, -0.194829, 0.971793,
		0.426574, 0.873788, 0.233514,
		-0.894636, 0.445574, -0.033010,
		26.035591, 36.246044, 31.849060>
	pigment { color rgbt <0,1,1,0> }
	no_shadow
}
cylinder {
	<26.679691, 36.402344, 32.430466>,  <26.661837, 35.934143, 31.872168>, 0.130000
	pigment { color rgbt <1,0,0,0> }
	no_shadow
}

// nucleotide -1

// particle -1
sphere {
	<26.679691, 36.402344, 32.430466> 0.250000
	pigment { color rgbt <1,0,0,0> }
	no_shadow
}
cylinder {
	<26.292316, 36.339199, 32.353306>,  <26.059891, 36.301311, 32.307011>, 0.100000
	pigment { color rgbt <1,0,0,0> }
	no_shadow
}
cylinder {
	<26.292316, 36.339199, 32.353306>,  <26.679691, 36.402344, 32.430466>, 0.100000
	pigment { color rgbt <1,0,0,0> }
	no_shadow
}

// particle -1
sphere {
	<26.292316, 36.339199, 32.353306> 0.100000
	pigment { color rgbt <1,0,0,0> }
	no_shadow
}
sphere {
	0, 1
	scale<0.080000,0.200000,0.300000>
	matrix <-0.147487, -0.260956, 0.954017,
		-0.200941, 0.952356, 0.229437,
		-0.968437, -0.157862, -0.192897,
		26.001785, 36.291840, 32.295437>
	pigment { color rgbt <0,1,1,0> }
	no_shadow
}
cylinder {
	<26.310234, 36.740108, 32.935795>,  <26.679691, 36.402344, 32.430466>, 0.130000
	pigment { color rgbt <1,0,0,0> }
	no_shadow
}

// nucleotide -1

// particle -1
sphere {
	<26.310234, 36.740108, 32.935795> 0.250000
	pigment { color rgbt <1,0,0,0> }
	no_shadow
}
cylinder {
	<26.064011, 36.451111, 32.809879>,  <25.916277, 36.277714, 32.734329>, 0.100000
	pigment { color rgbt <1,0,0,0> }
	no_shadow
}
cylinder {
	<26.064011, 36.451111, 32.809879>,  <26.310234, 36.740108, 32.935795>, 0.100000
	pigment { color rgbt <1,0,0,0> }
	no_shadow
}

// particle -1
sphere {
	<26.064011, 36.451111, 32.809879> 0.100000
	pigment { color rgbt <1,0,0,0> }
	no_shadow
}
sphere {
	0, 1
	scale<0.080000,0.200000,0.300000>
	matrix <-0.240987, -0.207741, 0.948034,
		-0.750340, 0.659433, -0.046234,
		-0.615560, -0.722490, -0.314792,
		25.879343, 36.234364, 32.715443>
	pigment { color rgbt <0,1,1,0> }
	no_shadow
}
cylinder {
	<25.651461, 36.928459, 32.934006>,  <26.310234, 36.740108, 32.935795>, 0.130000
	pigment { color rgbt <1,0,0,0> }
	no_shadow
}

// nucleotide -1

// particle -1
sphere {
	<25.651461, 36.928459, 32.934006> 0.250000
	pigment { color rgbt <1,0,0,0> }
	no_shadow
}
cylinder {
	<25.463949, 36.596817, 32.812126>,  <25.351442, 36.397831, 32.738998>, 0.100000
	pigment { color rgbt <1,0,0,0> }
	no_shadow
}
cylinder {
	<25.463949, 36.596817, 32.812126>,  <25.651461, 36.928459, 32.934006>, 0.100000
	pigment { color rgbt <1,0,0,0> }
	no_shadow
}

// particle -1
sphere {
	<25.463949, 36.596817, 32.812126> 0.100000
	pigment { color rgbt <1,0,0,0> }
	no_shadow
}
sphere {
	0, 1
	scale<0.080000,0.200000,0.300000>
	matrix <0.196916, -0.434353, 0.878955,
		-0.861088, 0.352035, 0.366878,
		-0.468777, -0.829101, -0.304694,
		25.323317, 36.348087, 32.720718>
	pigment { color rgbt <0,1,1,0> }
	no_shadow
}
cylinder {
	<25.200954, 36.851734, 33.452148>,  <25.651461, 36.928459, 32.934006>, 0.130000
	pigment { color rgbt <1,0,0,0> }
	no_shadow
}

// nucleotide -1

// particle -1
sphere {
	<25.200954, 36.851734, 33.452148> 0.250000
	pigment { color rgbt <1,0,0,0> }
	no_shadow
}
cylinder {
	<25.312691, 36.511127, 33.274662>,  <25.379732, 36.306763, 33.168171>, 0.100000
	pigment { color rgbt <1,0,0,0> }
	no_shadow
}
cylinder {
	<25.312691, 36.511127, 33.274662>,  <25.200954, 36.851734, 33.452148>, 0.100000
	pigment { color rgbt <1,0,0,0> }
	no_shadow
}

// particle -1
sphere {
	<25.312691, 36.511127, 33.274662> 0.100000
	pigment { color rgbt <1,0,0,0> }
	no_shadow
}
sphere {
	0, 1
	scale<0.080000,0.200000,0.300000>
	matrix <0.305925, -0.359099, 0.881735,
		-0.910153, -0.382047, 0.160191,
		0.279340, -0.851520, -0.443713,
		25.396492, 36.255672, 33.141548>
	pigment { color rgbt <0,1,1,0> }
	no_shadow
}
cylinder {
	<24.751631, 36.209908, 33.822311>,  <25.200954, 36.851734, 33.452148>, 0.130000
	pigment { color rgbt <1,0,0,0> }
	no_shadow
}

// nucleotide -1

// particle -1
sphere {
	<24.751631, 36.209908, 33.822311> 0.250000
	pigment { color rgbt <1,0,0,0> }
	no_shadow
}
cylinder {
	<25.120758, 36.153393, 33.678951>,  <25.342234, 36.119484, 33.592937>, 0.100000
	pigment { color rgbt <1,0,0,0> }
	no_shadow
}
cylinder {
	<25.120758, 36.153393, 33.678951>,  <24.751631, 36.209908, 33.822311>, 0.100000
	pigment { color rgbt <1,0,0,0> }
	no_shadow
}

// particle -1
sphere {
	<25.120758, 36.153393, 33.678951> 0.100000
	pigment { color rgbt <1,0,0,0> }
	no_shadow
}
sphere {
	0, 1
	scale<0.080000,0.200000,0.300000>
	matrix <0.304252, -0.303363, 0.902996,
		-0.236302, -0.942343, -0.236963,
		0.922817, -0.141284, -0.358395,
		25.397604, 36.111008, 33.571434>
	pigment { color rgbt <0,1,1,0> }
	no_shadow
}
cylinder {
	<24.482523, 35.881218, 33.165012>,  <24.751631, 36.209908, 33.822311>, 0.130000
	pigment { color rgbt <1,0,0,0> }
	no_shadow
}

// nucleotide -1

// particle -1
sphere {
	<24.482523, 35.881218, 33.165012> 0.250000
	pigment { color rgbt <1,0,0,0> }
	no_shadow
}
cylinder {
	<24.836029, 35.695175, 33.185535>,  <25.048132, 35.583549, 33.197849>, 0.100000
	pigment { color rgbt <1,0,0,0> }
	no_shadow
}
cylinder {
	<24.836029, 35.695175, 33.185535>,  <24.482523, 35.881218, 33.165012>, 0.100000
	pigment { color rgbt <1,0,0,0> }
	no_shadow
}

// particle -1
sphere {
	<24.836029, 35.695175, 33.185535> 0.100000
	pigment { color rgbt <1,0,0,0> }
	no_shadow
}
sphere {
	0, 1
	scale<0.080000,0.200000,0.300000>
	matrix <-0.280996, -0.439838, 0.852985,
		-0.374163, -0.768256, -0.519408,
		0.883766, -0.465107, 0.051306,
		25.101158, 35.555641, 33.200928>
	pigment { color rgbt <0,1,1,0> }
	no_shadow
}
cylinder {
	<24.357971, 35.105637, 33.385078>,  <24.482523, 35.881218, 33.165012>, 0.130000
	pigment { color rgbt <1,0,0,0> }
	no_shadow
}

// nucleotide -1

// particle -1
sphere {
	<24.357971, 35.105637, 33.385078> 0.250000
	pigment { color rgbt <1,0,0,0> }
	no_shadow
}
cylinder {
	<24.742373, 35.193604, 33.452145>,  <24.973013, 35.246384, 33.492382>, 0.100000
	pigment { color rgbt <1,0,0,0> }
	no_shadow
}
cylinder {
	<24.742373, 35.193604, 33.452145>,  <24.357971, 35.105637, 33.385078>, 0.100000
	pigment { color rgbt <1,0,0,0> }
	no_shadow
}

// particle -1
sphere {
	<24.742373, 35.193604, 33.452145> 0.100000
	pigment { color rgbt <1,0,0,0> }
	no_shadow
}
sphere {
	0, 1
	scale<0.080000,0.200000,0.300000>
	matrix <-0.056857, -0.436214, 0.898045,
		0.270629, -0.872557, -0.406700,
		0.961003, 0.219914, 0.167663,
		25.030674, 35.259579, 33.502445>
	pigment { color rgbt <0,1,1,0> }
	no_shadow
}
cylinder {
	<24.728720, 34.450665, 33.623802>,  <24.357971, 35.105637, 33.385078>, 0.130000
	pigment { color rgbt <1,0,0,0> }
	no_shadow
}

// nucleotide -1

// particle -1
sphere {
	<24.728720, 34.450665, 33.623802> 0.250000
	pigment { color rgbt <1,0,0,0> }
	no_shadow
}
cylinder {
	<24.958088, 34.756981, 33.740253>,  <25.095709, 34.940769, 33.810123>, 0.100000
	pigment { color rgbt <1,0,0,0> }
	no_shadow
}
cylinder {
	<24.958088, 34.756981, 33.740253>,  <24.728720, 34.450665, 33.623802>, 0.100000
	pigment { color rgbt <1,0,0,0> }
	no_shadow
}

// particle -1
sphere {
	<24.958088, 34.756981, 33.740253> 0.100000
	pigment { color rgbt <1,0,0,0> }
	no_shadow
}
sphere {
	0, 1
	scale<0.080000,0.200000,0.300000>
	matrix <-0.010657, -0.348348, 0.937305,
		0.819193, -0.540571, -0.191588,
		0.573419, 0.765792, 0.291125,
		25.130114, 34.986717, 33.827591>
	pigment { color rgbt <0,1,1,0> }
	no_shadow
}
cylinder {
	<25.488216, 34.261101, 33.834995>,  <24.728720, 34.450665, 33.623802>, 0.130000
	pigment { color rgbt <1,0,0,0> }
	no_shadow
}

// nucleotide -1

// particle -1
sphere {
	<25.488216, 34.261101, 33.834995> 0.250000
	pigment { color rgbt <1,0,0,0> }
	no_shadow
}
cylinder {
	<25.391653, 34.596069, 34.031139>,  <25.333715, 34.797050, 34.148827>, 0.100000
	pigment { color rgbt <1,0,0,0> }
	no_shadow
}
cylinder {
	<25.391653, 34.596069, 34.031139>,  <25.488216, 34.261101, 33.834995>, 0.100000
	pigment { color rgbt <1,0,0,0> }
	no_shadow
}

// particle -1
sphere {
	<25.391653, 34.596069, 34.031139> 0.100000
	pigment { color rgbt <1,0,0,0> }
	no_shadow
}
sphere {
	0, 1
	scale<0.080000,0.200000,0.300000>
	matrix <-0.040749, -0.513603, 0.857060,
		0.969568, 0.186919, 0.158111,
		-0.241407, 0.837421, 0.490356,
		25.319231, 34.847294, 34.178246>
	pigment { color rgbt <0,1,1,0> }
	no_shadow
}
cylinder {
	<25.692904, 33.891670, 34.466972>,  <25.488216, 34.261101, 33.834995>, 0.130000
	pigment { color rgbt <1,0,0,0> }
	no_shadow
}

// nucleotide -1

// particle -1
sphere {
	<25.692904, 33.891670, 34.466972> 0.250000
	pigment { color rgbt <1,0,0,0> }
	no_shadow
}
cylinder {
	<25.899956, 33.556408, 34.535728>,  <26.024187, 33.355251, 34.576984>, 0.100000
	pigment { color rgbt <1,0,0,0> }
	no_shadow
}
cylinder {
	<25.899956, 33.556408, 34.535728>,  <25.692904, 33.891670, 34.466972>, 0.100000
	pigment { color rgbt <1,0,0,0> }
	no_shadow
}

// particle -1
sphere {
	<25.899956, 33.556408, 34.535728> 0.100000
	pigment { color rgbt <1,0,0,0> }
	no_shadow
}
sphere {
	0, 1
	scale<0.080000,0.200000,0.300000>
	matrix <0.264948, -0.034006, -0.963663,
		0.813547, 0.544366, 0.204466,
		0.517632, -0.838158, 0.171895,
		26.055246, 33.304962, 34.587296>
	pigment { color rgbt <0,1,1,0> }
	no_shadow
}
cylinder {
	<26.441978, 34.044056, 34.204578>,  <25.692904, 33.891670, 34.466972>, 0.130000
	pigment { color rgbt <1,0,0,0> }
	no_shadow
}

// nucleotide -1

// particle -1
sphere {
	<26.441978, 34.044056, 34.204578> 0.250000
	pigment { color rgbt <1,0,0,0> }
	no_shadow
}
cylinder {
	<26.334879, 33.658749, 34.196419>,  <26.270618, 33.427563, 34.191525>, 0.100000
	pigment { color rgbt <1,0,0,0> }
	no_shadow
}
cylinder {
	<26.334879, 33.658749, 34.196419>,  <26.441978, 34.044056, 34.204578>, 0.100000
	pigment { color rgbt <1,0,0,0> }
	no_shadow
}

// particle -1
sphere {
	<26.334879, 33.658749, 34.196419> 0.100000
	pigment { color rgbt <1,0,0,0> }
	no_shadow
}
sphere {
	0, 1
	scale<0.080000,0.200000,0.300000>
	matrix <0.143110, -0.018826, -0.989528,
		0.952801, -0.267865, 0.142894,
		-0.267750, -0.963272, -0.020397,
		26.254555, 33.369766, 34.190300>
	pigment { color rgbt <0,1,1,0> }
	no_shadow
}
cylinder {
	<27.000698, 33.962639, 34.822453>,  <26.441978, 34.044056, 34.204578>, 0.130000
	pigment { color rgbt <1,0,0,0> }
	no_shadow
}

// nucleotide -1

// particle -1
sphere {
	<27.000698, 33.962639, 34.822453> 0.250000
	pigment { color rgbt <1,0,0,0> }
	no_shadow
}
cylinder {
	<27.056786, 33.685829, 35.105705>,  <27.090437, 33.519745, 35.275658>, 0.100000
	pigment { color rgbt <1,0,0,0> }
	no_shadow
}
cylinder {
	<27.056786, 33.685829, 35.105705>,  <27.000698, 33.962639, 34.822453>, 0.100000
	pigment { color rgbt <1,0,0,0> }
	no_shadow
}

// particle -1
sphere {
	<27.056786, 33.685829, 35.105705> 0.100000
	pigment { color rgbt <1,0,0,0> }
	no_shadow
}
sphere {
	0, 1
	scale<0.080000,0.200000,0.300000>
	matrix <0.442277, -0.596099, -0.670117,
		0.885850, 0.407150, 0.222483,
		0.140217, -0.692022, 0.708127,
		27.098850, 33.478222, 35.318142>
	pigment { color rgbt <0,1,1,0> }
	no_shadow
}
cylinder {
	<27.598761, 33.625847, 34.694969>,  <27.000698, 33.962639, 34.822453>, 0.130000
	pigment { color rgbt <1,0,0,0> }
	no_shadow
}

// nucleotide -1

// particle -1
sphere {
	<27.598761, 33.625847, 34.694969> 0.250000
	pigment { color rgbt <1,0,0,0> }
	no_shadow
}
cylinder {
	<27.403185, 33.347340, 34.905170>,  <27.285839, 33.180237, 35.031292>, 0.100000
	pigment { color rgbt <1,0,0,0> }
	no_shadow
}
cylinder {
	<27.403185, 33.347340, 34.905170>,  <27.598761, 33.625847, 34.694969>, 0.100000
	pigment { color rgbt <1,0,0,0> }
	no_shadow
}

// particle -1
sphere {
	<27.403185, 33.347340, 34.905170> 0.100000
	pigment { color rgbt <1,0,0,0> }
	no_shadow
}
sphere {
	0, 1
	scale<0.080000,0.200000,0.300000>
	matrix <0.268440, -0.693285, -0.668802,
		0.829986, -0.185939, 0.525880,
		-0.488941, -0.696264, 0.525503,
		27.256502, 33.138462, 35.062820>
	pigment { color rgbt <0,1,1,0> }
	no_shadow
}
cylinder {
	<28.082495, 33.035141, 34.628433>,  <27.598761, 33.625847, 34.694969>, 0.130000
	pigment { color rgbt <1,0,0,0> }
	no_shadow
}

// nucleotide -1

// particle -1
sphere {
	<28.082495, 33.035141, 34.628433> 0.250000
	pigment { color rgbt <1,0,0,0> }
	no_shadow
}
cylinder {
	<28.390261, 33.127056, 34.866829>,  <28.574921, 33.182205, 35.009865>, 0.100000
	pigment { color rgbt <1,0,0,0> }
	no_shadow
}
cylinder {
	<28.390261, 33.127056, 34.866829>,  <28.082495, 33.035141, 34.628433>, 0.100000
	pigment { color rgbt <1,0,0,0> }
	no_shadow
}

// particle -1
sphere {
	<28.390261, 33.127056, 34.866829> 0.100000
	pigment { color rgbt <1,0,0,0> }
	no_shadow
}
sphere {
	0, 1
	scale<0.080000,0.200000,0.300000>
	matrix <-0.328885, -0.657347, 0.678033,
		0.547575, -0.717699, -0.430198,
		0.769413, 0.229788, 0.595987,
		28.621084, 33.195992, 35.045624>
	pigment { color rgbt <0,1,1,0> }
	no_shadow
}
cylinder {
	<28.308096, 32.324467, 34.888058>,  <28.082495, 33.035141, 34.628433>, 0.130000
	pigment { color rgbt <1,0,0,0> }
	no_shadow
}

// nucleotide -1

// particle -1
sphere {
	<28.308096, 32.324467, 34.888058> 0.250000
	pigment { color rgbt <1,0,0,0> }
	no_shadow
}
cylinder {
	<28.476580, 32.573570, 35.151802>,  <28.577669, 32.723034, 35.310047>, 0.100000
	pigment { color rgbt <1,0,0,0> }
	no_shadow
}
cylinder {
	<28.476580, 32.573570, 35.151802>,  <28.308096, 32.324467, 34.888058>, 0.100000
	pigment { color rgbt <1,0,0,0> }
	no_shadow
}

// particle -1
sphere {
	<28.476580, 32.573570, 35.151802> 0.100000
	pigment { color rgbt <1,0,0,0> }
	no_shadow
}
sphere {
	0, 1
	scale<0.080000,0.200000,0.300000>
	matrix <-0.221262, -0.634470, 0.740602,
		0.879561, -0.457838, -0.129451,
		0.421208, 0.622762, 0.659357,
		28.602942, 32.760399, 35.349609>
	pigment { color rgbt <0,1,1,0> }
	no_shadow
}
cylinder {
	<28.779486, 31.965256, 35.221611>,  <28.308096, 32.324467, 34.888058>, 0.130000
	pigment { color rgbt <1,0,0,0> }
	no_shadow
}

// nucleotide -1

// particle -1
sphere {
	<28.779486, 31.965256, 35.221611> 0.250000
	pigment { color rgbt <1,0,0,0> }
	no_shadow
}
cylinder {
	<28.624407, 32.257690, 35.446182>,  <28.531359, 32.433151, 35.580925>, 0.100000
	pigment { color rgbt <1,0,0,0> }
	no_shadow
}
cylinder {
	<28.624407, 32.257690, 35.446182>,  <28.779486, 31.965256, 35.221611>, 0.100000
	pigment { color rgbt <1,0,0,0> }
	no_shadow
}

// particle -1
sphere {
	<28.624407, 32.257690, 35.446182> 0.100000
	pigment { color rgbt <1,0,0,0> }
	no_shadow
}
sphere {
	0, 1
	scale<0.080000,0.200000,0.300000>
	matrix <-0.179778, -0.657342, 0.731835,
		0.904085, 0.182799, 0.386284,
		-0.387700, 0.731086, 0.561429,
		28.508097, 32.477016, 35.614613>
	pigment { color rgbt <0,1,1,0> }
	no_shadow
}
cylinder {
	<29.103722, 32.038322, 35.826645>,  <28.779486, 31.965256, 35.221611>, 0.130000
	pigment { color rgbt <1,0,0,0> }
	no_shadow
}

// nucleotide -1

// particle -1
sphere {
	<29.103722, 32.038322, 35.826645> 0.250000
	pigment { color rgbt <1,0,0,0> }
	no_shadow
}
cylinder {
	<28.728861, 32.173264, 35.862301>,  <28.503944, 32.254227, 35.883694>, 0.100000
	pigment { color rgbt <1,0,0,0> }
	no_shadow
}
cylinder {
	<28.728861, 32.173264, 35.862301>,  <29.103722, 32.038322, 35.826645>, 0.100000
	pigment { color rgbt <1,0,0,0> }
	no_shadow
}

// particle -1
sphere {
	<28.728861, 32.173264, 35.862301> 0.100000
	pigment { color rgbt <1,0,0,0> }
	no_shadow
}
sphere {
	0, 1
	scale<0.080000,0.200000,0.300000>
	matrix <-0.161245, -0.645248, 0.746763,
		0.309435, 0.685456, 0.659090,
		-0.937150, 0.337350, 0.089136,
		28.447716, 32.274467, 35.889042>
	pigment { color rgbt <0,1,1,0> }
	no_shadow
}
cylinder {
	<29.020761, 32.088303, 36.590523>,  <29.103722, 32.038322, 35.826645>, 0.130000
	pigment { color rgbt <1,0,0,0> }
	no_shadow
}

// nucleotide -1

// particle -1
sphere {
	<29.020761, 32.088303, 36.590523> 0.250000
	pigment { color rgbt <1,0,0,0> }
	no_shadow
}
cylinder {
	<28.682222, 32.045296, 36.381859>,  <28.479099, 32.019489, 36.256660>, 0.100000
	pigment { color rgbt <1,0,0,0> }
	no_shadow
}
cylinder {
	<28.682222, 32.045296, 36.381859>,  <29.020761, 32.088303, 36.590523>, 0.100000
	pigment { color rgbt <1,0,0,0> }
	no_shadow
}

// particle -1
sphere {
	<28.682222, 32.045296, 36.381859> 0.100000
	pigment { color rgbt <1,0,0,0> }
	no_shadow
}
sphere {
	0, 1
	scale<0.080000,0.200000,0.300000>
	matrix <-0.289613, -0.729077, 0.620138,
		-0.447011, 0.675934, 0.585914,
		-0.846348, -0.107520, -0.521664,
		28.428318, 32.013039, 36.225361>
	pigment { color rgbt <0,1,1,0> }
	no_shadow
}
cylinder {
	<29.282026, 32.725372, 36.194267>,  <29.020761, 32.088303, 36.590523>, 0.130000
	pigment { color rgbt <1,0,0,0> }
	no_shadow
}

// nucleotide -1

// particle -1
sphere {
	<29.282026, 32.725372, 36.194267> 0.250000
	pigment { color rgbt <1,0,0,0> }
	no_shadow
}
cylinder {
	<28.941906, 32.830036, 36.376923>,  <28.737833, 32.892834, 36.486515>, 0.100000
	pigment { color rgbt <1,0,0,0> }
	no_shadow
}
cylinder {
	<28.941906, 32.830036, 36.376923>,  <29.282026, 32.725372, 36.194267>, 0.100000
	pigment { color rgbt <1,0,0,0> }
	no_shadow
}

// particle -1
sphere {
	<28.941906, 32.830036, 36.376923> 0.100000
	pigment { color rgbt <1,0,0,0> }
	no_shadow
}
sphere {
	0, 1
	scale<0.080000,0.200000,0.300000>
	matrix <-0.013589, -0.878281, 0.477952,
		0.526118, 0.400199, 0.750360,
		-0.850303, 0.261656, 0.456641,
		28.686815, 32.908531, 36.513916>
	pigment { color rgbt <0,1,1,0> }
	no_shadow
}
cylinder {
	<29.366995, 32.677681, 36.925632>,  <29.282026, 32.725372, 36.194267>, 0.130000
	pigment { color rgbt <1,0,0,0> }
	no_shadow
}

// nucleotide -1

// particle -1
sphere {
	<29.366995, 32.677681, 36.925632> 0.250000
	pigment { color rgbt <1,0,0,0> }
	no_shadow
}
cylinder {
	<28.987679, 32.617691, 36.813740>,  <28.760088, 32.581699, 36.746605>, 0.100000
	pigment { color rgbt <1,0,0,0> }
	no_shadow
}
cylinder {
	<28.987679, 32.617691, 36.813740>,  <29.366995, 32.677681, 36.925632>, 0.100000
	pigment { color rgbt <1,0,0,0> }
	no_shadow
}

// particle -1
sphere {
	<28.987679, 32.617691, 36.813740> 0.100000
	pigment { color rgbt <1,0,0,0> }
	no_shadow
}
sphere {
	0, 1
	scale<0.080000,0.200000,0.300000>
	matrix <-0.011749, -0.864142, 0.503110,
		-0.317183, 0.480382, 0.817697,
		-0.948292, -0.149971, -0.279735,
		28.703192, 32.572701, 36.729820>
	pigment { color rgbt <0,1,1,0> }
	no_shadow
}
cylinder {
	<28.990519, 32.721264, 37.557674>,  <29.366995, 32.677681, 36.925632>, 0.130000
	pigment { color rgbt <1,0,0,0> }
	no_shadow
}

// nucleotide -1

// particle -1
sphere {
	<28.990519, 32.721264, 37.557674> 0.250000
	pigment { color rgbt <1,0,0,0> }
	no_shadow
}
cylinder {
	<28.798212, 32.502701, 37.283360>,  <28.682827, 32.371563, 37.118771>, 0.100000
	pigment { color rgbt <1,0,0,0> }
	no_shadow
}
cylinder {
	<28.798212, 32.502701, 37.283360>,  <28.990519, 32.721264, 37.557674>, 0.100000
	pigment { color rgbt <1,0,0,0> }
	no_shadow
}

// particle -1
sphere {
	<28.798212, 32.502701, 37.283360> 0.100000
	pigment { color rgbt <1,0,0,0> }
	no_shadow
}
sphere {
	0, 1
	scale<0.080000,0.200000,0.300000>
	matrix <-0.082061, -0.750637, 0.655599,
		-0.873000, 0.371468, 0.316043,
		-0.480768, -0.546403, -0.685789,
		28.653982, 32.338779, 37.077621>
	pigment { color rgbt <0,1,1,0> }
	no_shadow
}
cylinder {
	<28.968601, 31.963018, 37.443069>,  <28.990519, 32.721264, 37.557674>, 0.130000
	pigment { color rgbt <1,0,0,0> }
	no_shadow
}

// nucleotide -1

// particle -1
sphere {
	<28.968601, 31.963018, 37.443069> 0.250000
	pigment { color rgbt <1,0,0,0> }
	no_shadow
}
cylinder {
	<29.048565, 31.792120, 37.795773>,  <29.096544, 31.689581, 38.007393>, 0.100000
	pigment { color rgbt <1,0,0,0> }
	no_shadow
}
cylinder {
	<29.048565, 31.792120, 37.795773>,  <28.968601, 31.963018, 37.443069>, 0.100000
	pigment { color rgbt <1,0,0,0> }
	no_shadow
}

// particle -1
sphere {
	<29.048565, 31.792120, 37.795773> 0.100000
	pigment { color rgbt <1,0,0,0> }
	no_shadow
}
sphere {
	0, 1
	scale<0.080000,0.200000,0.300000>
	matrix <-0.243974, 0.849874, 0.467109,
		-0.948954, -0.308506, 0.065662,
		0.199910, -0.427245, 0.881758,
		29.108538, 31.663946, 38.060299>
	pigment { color rgbt <0,1,1,0> }
	no_shadow
}
cylinder {
	<29.060900, 31.189919, 37.540451>,  <28.968601, 31.963018, 37.443069>, 0.130000
	pigment { color rgbt <1,0,0,0> }
	no_shadow
}

// nucleotide -1

// particle -1
sphere {
	<29.060900, 31.189919, 37.540451> 0.250000
	pigment { color rgbt <1,0,0,0> }
	no_shadow
}
cylinder {
	<28.668625, 31.164248, 37.466553>,  <28.433260, 31.148844, 37.422215>, 0.100000
	pigment { color rgbt <1,0,0,0> }
	no_shadow
}
cylinder {
	<28.668625, 31.164248, 37.466553>,  <29.060900, 31.189919, 37.540451>, 0.100000
	pigment { color rgbt <1,0,0,0> }
	no_shadow
}

// particle -1
sphere {
	<28.668625, 31.164248, 37.466553> 0.100000
	pigment { color rgbt <1,0,0,0> }
	no_shadow
}
sphere {
	0, 1
	scale<0.080000,0.200000,0.300000>
	matrix <0.041694, 0.854301, -0.518104,
		0.191080, -0.515801, -0.835127,
		-0.980689, -0.064179, -0.184746,
		28.374418, 31.144993, 37.411129>
	pigment { color rgbt <0,1,1,0> }
	no_shadow
}
cylinder {
	<28.948637, 31.094336, 36.805561>,  <29.060900, 31.189919, 37.540451>, 0.130000
	pigment { color rgbt <1,0,0,0> }
	no_shadow
}

// nucleotide -1

// particle -1
sphere {
	<28.948637, 31.094336, 36.805561> 0.250000
	pigment { color rgbt <1,0,0,0> }
	no_shadow
}
cylinder {
	<28.645416, 31.278536, 36.990295>,  <28.463484, 31.389057, 37.101135>, 0.100000
	pigment { color rgbt <1,0,0,0> }
	no_shadow
}
cylinder {
	<28.645416, 31.278536, 36.990295>,  <28.948637, 31.094336, 36.805561>, 0.100000
	pigment { color rgbt <1,0,0,0> }
	no_shadow
}

// particle -1
sphere {
	<28.645416, 31.278536, 36.990295> 0.100000
	pigment { color rgbt <1,0,0,0> }
	no_shadow
}
sphere {
	0, 1
	scale<0.080000,0.200000,0.300000>
	matrix <0.094345, 0.778110, -0.621002,
		-0.645334, -0.427180, -0.633294,
		-0.758052, 0.460502, 0.461839,
		28.418001, 31.416687, 37.128845>
	pigment { color rgbt <0,1,1,0> }
	no_shadow
}
cylinder {
	<28.531549, 31.367662, 36.271877>,  <28.948637, 31.094336, 36.805561>, 0.130000
	pigment { color rgbt <1,0,0,0> }
	no_shadow
}

// nucleotide -1

// particle -1
sphere {
	<28.531549, 31.367662, 36.271877> 0.250000
	pigment { color rgbt <1,0,0,0> }
	no_shadow
}
cylinder {
	<28.441051, 31.565947, 36.607277>,  <28.386753, 31.684917, 36.808517>, 0.100000
	pigment { color rgbt <1,0,0,0> }
	no_shadow
}
cylinder {
	<28.441051, 31.565947, 36.607277>,  <28.531549, 31.367662, 36.271877>, 0.100000
	pigment { color rgbt <1,0,0,0> }
	no_shadow
}

// particle -1
sphere {
	<28.441051, 31.565947, 36.607277> 0.100000
	pigment { color rgbt <1,0,0,0> }
	no_shadow
}
sphere {
	0, 1
	scale<0.080000,0.200000,0.300000>
	matrix <0.017663, 0.862768, -0.505292,
