// switches for output
#declare DRAW_BASES = 1; // possible values are 0, 1; only relevant for DNA ribbons
#declare DRAW_BASES_TYPE = 3; // possible values are 1, 2, 3; only relevant for DNA ribbons
#declare DRAW_FOG = 0; // set to 1 to enable fog

#include "colors.inc"

#include "transforms.inc"
background { rgb <1, 1, 1>}

#default {
   normal{
       ripples 0.25
       frequency 0.20
       turbulence 0.2
       lambda 5
   }
	finish {
		phong 0.1
		phong_size 40.
	}
}

// original window dimensions: 1024x640


// camera settings

camera {
	sky <0, 0.179814, -0.983701>
	up <0, 0.179814, -0.983701>
	right 1.6 * <1, 0, 0>
	location <35, 94.9851, 44.8844>
	look_at <35, 29.7336, 32.9568>
	direction <0, -65.2515, -11.9276>
	angle 67.0682
}


# declare cpy_camera_pos = <35, 94.9851, 44.8844>;
# if (DRAW_FOG = 1)
fog {
	fog_type 2
	up vnormalize(cpy_camera_pos)
	color rgbt<1,1,1,0.3>
	distance 1e-5
	fog_alt 3e-3
	fog_offset 56
}
# end


// LIGHTS

# declare lum = 6;
global_settings {
	ambient_light rgb lum * <0.05, 0.05, 0.05>
	max_trace_level 15
}# declare cpy_direct_light_amount = 0.25;
light_source
{	1000 * <-1, -1.16352, -0.803886>,
	rgb lum * cpy_direct_light_amount
	parallel
}

light_source
{	1000 * <1, 1.16352, 0.803886>,
	rgb lum * cpy_direct_light_amount
	parallel
}

// strand 0

// nucleotide -1

// particle -1
sphere {
	<24.496992, 35.364758, 34.982338> 0.250000
	pigment { color rgbt <1,0,0,0> }
	no_shadow
}
cylinder {
	<24.547012, 34.971333, 34.930229>,  <24.577024, 34.735279, 34.898964>, 0.100000
	pigment { color rgbt <1,0,0,0> }
	no_shadow
}
cylinder {
	<24.547012, 34.971333, 34.930229>,  <24.496992, 35.364758, 34.982338>, 0.100000
	pigment { color rgbt <1,0,0,0> }
	no_shadow
}

// particle -1
sphere {
	<24.547012, 34.971333, 34.930229> 0.100000
	pigment { color rgbt <1,0,0,0> }
	no_shadow
}
sphere {
	0, 1
	scale<0.080000,0.200000,0.300000>
	matrix <0.788612, 0.178209, -0.588500,
		0.602041, -0.029139, 0.797934,
		0.125051, -0.983561, -0.130268,
		24.584528, 34.676266, 34.891148>
	pigment { color rgbt <0,1,1,0> }
	no_shadow
}
cylinder {
	<25.257746, 35.270809, 35.060802>,  <24.496992, 35.364758, 34.982338>, 0.130000
	pigment { color rgbt <1,0,0,0> }
	no_shadow
}

// nucleotide -1

// particle -1
sphere {
	<25.257746, 35.270809, 35.060802> 0.250000
	pigment { color rgbt <1,0,0,0> }
	no_shadow
}
cylinder {
	<25.078812, 34.974747, 34.859982>,  <24.971451, 34.797108, 34.739487>, 0.100000
	pigment { color rgbt <1,0,0,0> }
	no_shadow
}
cylinder {
	<25.078812, 34.974747, 34.859982>,  <25.257746, 35.270809, 35.060802>, 0.100000
	pigment { color rgbt <1,0,0,0> }
	no_shadow
}

// particle -1
sphere {
	<25.078812, 34.974747, 34.859982> 0.100000
	pigment { color rgbt <1,0,0,0> }
	no_shadow
}
sphere {
	0, 1
	scale<0.080000,0.200000,0.300000>
	matrix <0.789372, -0.062842, -0.610690,
		0.420456, -0.669492, 0.612370,
		-0.447334, -0.740156, -0.502056,
		24.944611, 34.752701, 34.709366>
	pigment { color rgbt <0,1,1,0> }
	no_shadow
}
cylinder {
	<25.956835, 35.212963, 34.761909>,  <25.257746, 35.270809, 35.060802>, 0.130000
	pigment { color rgbt <1,0,0,0> }
	no_shadow
}

// nucleotide -1

// particle -1
sphere {
	<25.956835, 35.212963, 34.761909> 0.250000
	pigment { color rgbt <1,0,0,0> }
	no_shadow
}
cylinder {
	<25.676601, 35.110123, 34.495651>,  <25.508461, 35.048420, 34.335896>, 0.100000
	pigment { color rgbt <1,0,0,0> }
	no_shadow
}
cylinder {
	<25.676601, 35.110123, 34.495651>,  <25.956835, 35.212963, 34.761909>, 0.100000
	pigment { color rgbt <1,0,0,0> }
	no_shadow
}

// particle -1
sphere {
	<25.676601, 35.110123, 34.495651> 0.100000
	pigment { color rgbt <1,0,0,0> }
	no_shadow
}
sphere {
	0, 1
	scale<0.080000,0.200000,0.300000>
	matrix <0.566642, 0.366530, -0.737952,
		0.433705, -0.894179, -0.111102,
		-0.700583, -0.257099, -0.665645,
		25.466427, 35.032993, 34.295959>
	pigment { color rgbt <0,1,1,0> }
	no_shadow
}
cylinder {
	<26.279554, 34.923309, 34.268078>,  <25.956835, 35.212963, 34.761909>, 0.130000
	pigment { color rgbt <1,0,0,0> }
	no_shadow
}

// nucleotide -1

// particle -1
sphere {
	<26.279554, 34.923309, 34.268078> 0.250000
	pigment { color rgbt <1,0,0,0> }
	no_shadow
}
cylinder {
	<25.935577, 35.018143, 34.087284>,  <25.729191, 35.075043, 33.978806>, 0.100000
	pigment { color rgbt <1,0,0,0> }
	no_shadow
}
cylinder {
	<25.935577, 35.018143, 34.087284>,  <26.279554, 34.923309, 34.268078>, 0.100000
	pigment { color rgbt <1,0,0,0> }
	no_shadow
}

// particle -1
sphere {
	<25.935577, 35.018143, 34.087284> 0.100000
	pigment { color rgbt <1,0,0,0> }
	no_shadow
}
sphere {
	0, 1
	scale<0.080000,0.200000,0.300000>
	matrix <0.508195, 0.315641, -0.801316,
		-0.047310, -0.918783, -0.391916,
		-0.859942, 0.237080, -0.451988,
		25.677595, 35.089268, 33.951687>
	pigment { color rgbt <0,1,1,0> }
	no_shadow
}
cylinder {
	<26.182022, 34.550617, 33.674057>,  <26.279554, 34.923309, 34.268078>, 0.130000
	pigment { color rgbt <1,0,0,0> }
	no_shadow
}

// nucleotide -1

// particle -1
sphere {
	<26.182022, 34.550617, 33.674057> 0.250000
	pigment { color rgbt <1,0,0,0> }
	no_shadow
}
cylinder {
	<25.979176, 34.893368, 33.636978>,  <25.857468, 35.099018, 33.614731>, 0.100000
	pigment { color rgbt <1,0,0,0> }
	no_shadow
}
cylinder {
	<25.979176, 34.893368, 33.636978>,  <26.182022, 34.550617, 33.674057>, 0.100000
	pigment { color rgbt <1,0,0,0> }
	no_shadow
}

// particle -1
sphere {
	<25.979176, 34.893368, 33.636978> 0.100000
	pigment { color rgbt <1,0,0,0> }
	no_shadow
}
sphere {
	0, 1
	scale<0.080000,0.200000,0.300000>
	matrix <0.437142, 0.163028, -0.884493,
		-0.742793, -0.489060, -0.457252,
		-0.507115, 0.856880, -0.092693,
		25.827042, 35.150433, 33.609169>
	pigment { color rgbt <0,1,1,0> }
	no_shadow
}
cylinder {
	<25.828756, 34.547085, 32.957806>,  <26.182022, 34.550617, 33.674057>, 0.130000
	pigment { color rgbt <1,0,0,0> }
	no_shadow
}

// nucleotide -1

// particle -1
sphere {
	<25.828756, 34.547085, 32.957806> 0.250000
	pigment { color rgbt <1,0,0,0> }
	no_shadow
}
cylinder {
	<25.912949, 34.914215, 33.092438>,  <25.963463, 35.134495, 33.173218>, 0.100000
	pigment { color rgbt <1,0,0,0> }
	no_shadow
}
cylinder {
	<25.912949, 34.914215, 33.092438>,  <25.828756, 34.547085, 32.957806>, 0.100000
	pigment { color rgbt <1,0,0,0> }
	no_shadow
}

// particle -1
sphere {
	<25.912949, 34.914215, 33.092438> 0.100000
	pigment { color rgbt <1,0,0,0> }
	no_shadow
}
sphere {
	0, 1
	scale<0.080000,0.200000,0.300000>
	matrix <0.345254, 0.252319, -0.903955,
		-0.914603, 0.306470, -0.263777,
		0.210479, 0.917830, 0.336581,
		25.976093, 35.189564, 33.193413>
	pigment { color rgbt <0,1,1,0> }
	no_shadow
}
cylinder {
	<25.669287, 35.007149, 32.470150>,  <25.828756, 34.547085, 32.957806>, 0.130000
	pigment { color rgbt <1,0,0,0> }
	no_shadow
}

// nucleotide -1

// particle -1
sphere {
	<25.669287, 35.007149, 32.470150> 0.250000
	pigment { color rgbt <1,0,0,0> }
	no_shadow
}
cylinder {
	<25.932957, 35.207619, 32.694405>,  <26.091158, 35.327900, 32.828957>, 0.100000
	pigment { color rgbt <1,0,0,0> }
	no_shadow
}
cylinder {
	<25.932957, 35.207619, 32.694405>,  <25.669287, 35.007149, 32.470150>, 0.100000
	pigment { color rgbt <1,0,0,0> }
	no_shadow
}

// particle -1
sphere {
	<25.932957, 35.207619, 32.694405> 0.100000
	pigment { color rgbt <1,0,0,0> }
	no_shadow
}
sphere {
	0, 1
	scale<0.080000,0.200000,0.300000>
	matrix <0.466554, 0.312130, -0.827588,
		-0.589760, 0.807090, -0.028079,
		0.659174, 0.501179, 0.560634,
		26.130709, 35.357971, 32.862595>
	pigment { color rgbt <0,1,1,0> }
	no_shadow
}
cylinder {
	<25.667732, 35.660839, 32.278431>,  <25.669287, 35.007149, 32.470150>, 0.130000
	pigment { color rgbt <1,0,0,0> }
	no_shadow
}

// nucleotide -1

// particle -1
sphere {
	<25.667732, 35.660839, 32.278431> 0.250000
	pigment { color rgbt <1,0,0,0> }
	no_shadow
}
cylinder {
	<26.024981, 35.595703, 32.446152>,  <26.239330, 35.556622, 32.546783>, 0.100000
	pigment { color rgbt <1,0,0,0> }
	no_shadow
}
cylinder {
	<26.024981, 35.595703, 32.446152>,  <25.667732, 35.660839, 32.278431>, 0.100000
	pigment { color rgbt <1,0,0,0> }
	no_shadow
}

// particle -1
sphere {
	<26.024981, 35.595703, 32.446152> 0.100000
	pigment { color rgbt <1,0,0,0> }
	no_shadow
}
sphere {
	0, 1
	scale<0.080000,0.200000,0.300000>
	matrix <0.446403, 0.206245, -0.870740,
		0.055311, 0.964856, 0.256894,
		0.893121, -0.162839, 0.419306,
		26.292917, 35.546852, 32.571945>
	pigment { color rgbt <0,1,1,0> }
	no_shadow
}
cylinder {
	<26.170397, 36.182117, 31.953726>,  <25.667732, 35.660839, 32.278431>, 0.130000
	pigment { color rgbt <1,0,0,0> }
	no_shadow
}

// nucleotide -1

// particle -1
sphere {
	<26.170397, 36.182117, 31.953726> 0.250000
	pigment { color rgbt <1,0,0,0> }
	no_shadow
}
cylinder {
	<26.383448, 35.873337, 32.092522>,  <26.511278, 35.688068, 32.175800>, 0.100000
	pigment { color rgbt <1,0,0,0> }
	no_shadow
}
cylinder {
	<26.383448, 35.873337, 32.092522>,  <26.170397, 36.182117, 31.953726>, 0.100000
	pigment { color rgbt <1,0,0,0> }
	no_shadow
}

// particle -1
sphere {
	<26.383448, 35.873337, 32.092522> 0.100000
	pigment { color rgbt <1,0,0,0> }
	no_shadow
}
sphere {
	0, 1
	scale<0.080000,0.200000,0.300000>
	matrix <0.609060, 0.064925, -0.790462,
		0.587668, 0.632360, 0.504745,
		0.532627, -0.771949, 0.346991,
		26.543236, 35.641750, 32.196617>
	pigment { color rgbt <0,1,1,0> }
	no_shadow
}
cylinder {
	<26.855761, 36.405811, 31.906828>,  <26.170397, 36.182117, 31.953726>, 0.130000
	pigment { color rgbt <1,0,0,0> }
	no_shadow
}

// nucleotide -1

// particle -1
sphere {
	<26.855761, 36.405811, 31.906828> 0.250000
	pigment { color rgbt <1,0,0,0> }
	no_shadow
}
cylinder {
	<26.862722, 36.005871, 31.906763>,  <26.866899, 35.765907, 31.906725>, 0.100000
	pigment { color rgbt <1,0,0,0> }
	no_shadow
}
cylinder {
	<26.862722, 36.005871, 31.906763>,  <26.855761, 36.405811, 31.906828>, 0.100000
	pigment { color rgbt <1,0,0,0> }
	no_shadow
}

// particle -1
sphere {
	<26.862722, 36.005871, 31.906763> 0.100000
	pigment { color rgbt <1,0,0,0> }
	no_shadow
}
sphere {
	0, 1
	scale<0.080000,0.200000,0.300000>
	matrix <0.590955, 0.010417, -0.806637,
		0.806517, 0.013947, 0.591047,
		0.017407, -0.999848, -0.000160,
		26.867945, 35.705917, 31.906715>
	pigment { color rgbt <0,1,1,0> }
	no_shadow
}
cylinder {
	<27.573643, 36.174946, 31.848793>,  <26.855761, 36.405811, 31.906828>, 0.130000
	pigment { color rgbt <1,0,0,0> }
	no_shadow
}

// nucleotide -1

// particle -1
sphere {
	<27.573643, 36.174946, 31.848793> 0.250000
	pigment { color rgbt <1,0,0,0> }
	no_shadow
}
cylinder {
	<27.350691, 35.863907, 31.732405>,  <27.216921, 35.677284, 31.662571>, 0.100000
	pigment { color rgbt <1,0,0,0> }
	no_shadow
}
cylinder {
	<27.350691, 35.863907, 31.732405>,  <27.573643, 36.174946, 31.848793>, 0.100000
	pigment { color rgbt <1,0,0,0> }
	no_shadow
}

// particle -1
sphere {
	<27.350691, 35.863907, 31.732405> 0.100000
	pigment { color rgbt <1,0,0,0> }
	no_shadow
}
sphere {
	0, 1
	scale<0.080000,0.200000,0.300000>
	matrix <0.517968, -0.051778, -0.853831,
		0.648875, -0.626621, 0.431632,
		-0.557378, -0.777602, -0.290973,
		27.183477, 35.630627, 31.645113>
	pigment { color rgbt <0,1,1,0> }
	no_shadow
}
cylinder {
	<27.976627, 35.673420, 31.419113>,  <27.573643, 36.174946, 31.848793>, 0.130000
	pigment { color rgbt <1,0,0,0> }
	no_shadow
}

// nucleotide -1

// particle -1
sphere {
	<27.976627, 35.673420, 31.419113> 0.250000
	pigment { color rgbt <1,0,0,0> }
	no_shadow
}
cylinder {
	<27.589254, 35.675144, 31.319416>,  <27.356831, 35.676178, 31.259598>, 0.100000
	pigment { color rgbt <1,0,0,0> }
	no_shadow
}
cylinder {
	<27.589254, 35.675144, 31.319416>,  <27.976627, 35.673420, 31.419113>, 0.100000
	pigment { color rgbt <1,0,0,0> }
	no_shadow
}

// particle -1
sphere {
	<27.589254, 35.675144, 31.319416> 0.100000
	pigment { color rgbt <1,0,0,0> }
	no_shadow
}
sphere {
	0, 1
	scale<0.080000,0.200000,0.300000>
	matrix <0.245216, -0.163313, -0.955614,
		-0.044821, -0.986565, 0.157101,
		-0.968432, 0.004308, -0.249241,
		27.298725, 35.676437, 31.244644>
	pigment { color rgbt <0,1,1,0> }
	no_shadow
}
cylinder {
	<27.820395, 35.096058, 30.945137>,  <27.976627, 35.673420, 31.419113>, 0.130000
	pigment { color rgbt <1,0,0,0> }
	no_shadow
}

// nucleotide -1

// particle -1
sphere {
	<27.820395, 35.096058, 30.945137> 0.250000
	pigment { color rgbt <1,0,0,0> }
	no_shadow
}
cylinder {
	<27.535006, 35.369270, 30.882627>,  <27.363771, 35.533199, 30.845121>, 0.100000
	pigment { color rgbt <1,0,0,0> }
	no_shadow
}
cylinder {
	<27.535006, 35.369270, 30.882627>,  <27.820395, 35.096058, 30.945137>, 0.100000
	pigment { color rgbt <1,0,0,0> }
	no_shadow
}

// particle -1
sphere {
	<27.535006, 35.369270, 30.882627> 0.100000
	pigment { color rgbt <1,0,0,0> }
	no_shadow
}
sphere {
	0, 1
	scale<0.080000,0.200000,0.300000>
	matrix <0.171482, -0.046037, -0.984111,
		-0.679375, -0.728935, -0.084282,
		-0.713473, 0.683033, -0.156276,
		27.320963, 35.574181, 30.835745>
	pigment { color rgbt <0,1,1,0> }
	no_shadow
}
cylinder {
	<27.138977, 34.846451, 30.660732>,  <27.820395, 35.096058, 30.945137>, 0.130000
	pigment { color rgbt <1,0,0,0> }
	no_shadow
}

// nucleotide -1

// particle -1
sphere {
	<27.138977, 34.846451, 30.660732> 0.250000
	pigment { color rgbt <1,0,0,0> }
	no_shadow
}
cylinder {
	<27.215113, 35.222538, 30.547762>,  <27.260794, 35.448189, 30.479980>, 0.100000
	pigment { color rgbt <1,0,0,0> }
	no_shadow
}
cylinder {
	<27.215113, 35.222538, 30.547762>,  <27.138977, 34.846451, 30.660732>, 0.100000
	pigment { color rgbt <1,0,0,0> }
	no_shadow
}

// particle -1
sphere {
	<27.215113, 35.222538, 30.547762> 0.100000
	pigment { color rgbt <1,0,0,0> }
	no_shadow
}
sphere {
	0, 1
	scale<0.080000,0.200000,0.300000>
	matrix <-0.062995, -0.275393, -0.959266,
		-0.979695, 0.200378, 0.006811,
		0.190340, 0.940217, -0.282424,
		27.272215, 35.504604, 30.463036>
	pigment { color rgbt <0,1,1,0> }
	no_shadow
}
cylinder {
	<26.671740, 35.087582, 30.128012>,  <27.138977, 34.846451, 30.660732>, 0.130000
	pigment { color rgbt <1,0,0,0> }
	no_shadow
}

// nucleotide -1

// particle -1
sphere {
	<26.671740, 35.087582, 30.128012> 0.250000
	pigment { color rgbt <1,0,0,0> }
	no_shadow
}
cylinder {
	<27.023266, 35.276890, 30.103685>,  <27.234182, 35.390476, 30.089088>, 0.100000
	pigment { color rgbt <1,0,0,0> }
	no_shadow
}
cylinder {
	<27.023266, 35.276890, 30.103685>,  <26.671740, 35.087582, 30.128012>, 0.100000
	pigment { color rgbt <1,0,0,0> }
	no_shadow
}

// particle -1
sphere {
	<27.023266, 35.276890, 30.103685> 0.100000
	pigment { color rgbt <1,0,0,0> }
	no_shadow
}
sphere {
	0, 1
	scale<0.080000,0.200000,0.300000>
	matrix <0.013984, -0.152948, -0.988135,
		-0.476957, 0.867538, -0.141031,
		0.878815, 0.473270, -0.060818,
		27.286911, 35.418869, 30.085440>
	pigment { color rgbt <0,1,1,0> }
	no_shadow
}
cylinder {
	<26.368891, 35.055855, 30.888103>,  <26.671740, 35.087582, 30.128012>, 0.130000
	pigment { color rgbt <1,0,0,0> }
	no_shadow
}

// nucleotide -1

// particle -1
sphere {
	<26.368891, 35.055855, 30.888103> 0.250000
	pigment { color rgbt <1,0,0,0> }
	no_shadow
}
cylinder {
	<26.736282, 35.086792, 31.043236>,  <26.956717, 35.105354, 31.136316>, 0.100000
	pigment { color rgbt <1,0,0,0> }
	no_shadow
}
cylinder {
	<26.736282, 35.086792, 31.043236>,  <26.368891, 35.055855, 30.888103>, 0.100000
	pigment { color rgbt <1,0,0,0> }
	no_shadow
}

// particle -1
sphere {
	<26.736282, 35.086792, 31.043236> 0.100000
	pigment { color rgbt <1,0,0,0> }
	no_shadow
}
sphere {
	0, 1
	scale<0.080000,0.200000,0.300000>
	matrix <-0.389818, 0.011859, 0.920816,
		0.066622, -0.996934, 0.041043,
		0.918479, 0.077345, 0.387832,
		27.011826, 35.109993, 31.159586>
	pigment { color rgbt <0,1,1,0> }
	no_shadow
}
cylinder {
	<26.539461, 34.586281, 31.405710>,  <26.368891, 35.055855, 30.888103>, 0.130000
	pigment { color rgbt <1,0,0,0> }
	no_shadow
}

// nucleotide -1

// particle -1
sphere {
	<26.539461, 34.586281, 31.405710> 0.250000
	pigment { color rgbt <1,0,0,0> }
	no_shadow
}
cylinder {
	<26.768377, 34.906990, 31.474583>,  <26.905727, 35.099415, 31.515907>, 0.100000
	pigment { color rgbt <1,0,0,0> }
	no_shadow
}
cylinder {
	<26.768377, 34.906990, 31.474583>,  <26.539461, 34.586281, 31.405710>, 0.100000
	pigment { color rgbt <1,0,0,0> }
	no_shadow
}

// particle -1
sphere {
	<26.768377, 34.906990, 31.474583> 0.100000
	pigment { color rgbt <1,0,0,0> }
	no_shadow
}
sphere {
	0, 1
	scale<0.080000,0.200000,0.300000>
	matrix <-0.331976, 0.034522, 0.942656,
		0.749849, -0.596635, 0.285925,
		0.572292, 0.801770, 0.172182,
		26.940065, 35.147522, 31.526237>
	pigment { color rgbt <0,1,1,0> }
	no_shadow
}
cylinder {
	<27.072405, 34.406513, 31.992102>,  <26.539461, 34.586281, 31.405710>, 0.130000
	pigment { color rgbt <1,0,0,0> }
	no_shadow
}

// nucleotide -1

// particle -1
sphere {
	<27.072405, 34.406513, 31.992102> 0.250000
	pigment { color rgbt <1,0,0,0> }
	no_shadow
}
cylinder {
	<26.999344, 34.799679, 31.982908>,  <26.955507, 35.035576, 31.977392>, 0.100000
	pigment { color rgbt <1,0,0,0> }
	no_shadow
}
cylinder {
	<26.999344, 34.799679, 31.982908>,  <27.072405, 34.406513, 31.992102>, 0.100000
	pigment { color rgbt <1,0,0,0> }
	no_shadow
}

// particle -1
sphere {
	<26.999344, 34.799679, 31.982908> 0.100000
	pigment { color rgbt <1,0,0,0> }
	no_shadow
}
sphere {
	0, 1
	scale<0.080000,0.200000,0.300000>
	matrix <-0.233445, -0.020649, 0.972151,
		0.955062, 0.182929, 0.233227,
		-0.182650, 0.982910, -0.022983,
		26.944550, 35.094551, 31.976013>
	pigment { color rgbt <0,1,1,0> }
	no_shadow
}
cylinder {
	<27.366882, 34.708073, 32.614704>,  <27.072405, 34.406513, 31.992102>, 0.130000
	pigment { color rgbt <1,0,0,0> }
	no_shadow
}

// nucleotide -1

// particle -1
sphere {
	<27.366882, 34.708073, 32.614704> 0.250000
	pigment { color rgbt <1,0,0,0> }
	no_shadow
}
cylinder {
	<27.105083, 34.990135, 32.505608>,  <26.948004, 35.159374, 32.440151>, 0.100000
	pigment { color rgbt <1,0,0,0> }
	no_shadow
}
cylinder {
	<27.105083, 34.990135, 32.505608>,  <27.366882, 34.708073, 32.614704>, 0.100000
	pigment { color rgbt <1,0,0,0> }
	no_shadow
}

// particle -1
sphere {
	<27.105083, 34.990135, 32.505608> 0.100000
	pigment { color rgbt <1,0,0,0> }
	no_shadow
}
sphere {
	0, 1
	scale<0.080000,0.200000,0.300000>
	matrix <-0.279613, 0.109406, 0.953859,
		0.702460, 0.700560, 0.125565,
		-0.654498, 0.705157, -0.272739,
		26.908733, 35.201683, 32.423786>
	pigment { color rgbt <0,1,1,0> }
	no_shadow
}
cylinder {
	<27.437393, 35.188911, 33.171844>,  <27.366882, 34.708073, 32.614704>, 0.130000
	pigment { color rgbt <1,0,0,0> }
	no_shadow
}

// nucleotide -1

// particle -1
sphere {
	<27.437393, 35.188911, 33.171844> 0.250000
	pigment { color rgbt <1,0,0,0> }
	no_shadow
}
cylinder {
	<27.088999, 35.272137, 32.993813>,  <26.879963, 35.322071, 32.886993>, 0.100000
	pigment { color rgbt <1,0,0,0> }
	no_shadow
}
cylinder {
	<27.088999, 35.272137, 32.993813>,  <27.437393, 35.188911, 33.171844>, 0.100000
	pigment { color rgbt <1,0,0,0> }
	no_shadow
}

// particle -1
sphere {
	<27.088999, 35.272137, 32.993813> 0.100000
	pigment { color rgbt <1,0,0,0> }
	no_shadow
}
sphere {
	0, 1
	scale<0.080000,0.200000,0.300000>
	matrix <-0.452952, 0.010867, 0.891469,
		0.190317, 0.978055, 0.084777,
		-0.870985, 0.208061, -0.445080,
		26.827703, 35.334557, 32.860287>
	pigment { color rgbt <0,1,1,0> }
	no_shadow
}
cylinder {
	<27.048576, 35.847221, 33.426376>,  <27.437393, 35.188911, 33.171844>, 0.130000
	pigment { color rgbt <1,0,0,0> }
	no_shadow
}

// nucleotide -1

// particle -1
sphere {
	<27.048576, 35.847221, 33.426376> 0.250000
	pigment { color rgbt <1,0,0,0> }
	no_shadow
}
cylinder {
	<26.783785, 35.576118, 33.298363>,  <26.624910, 35.413456, 33.221554>, 0.100000
	pigment { color rgbt <1,0,0,0> }
	no_shadow
}
cylinder {
	<26.783785, 35.576118, 33.298363>,  <27.048576, 35.847221, 33.426376>, 0.100000
	pigment { color rgbt <1,0,0,0> }
	no_shadow
}

// particle -1
sphere {
	<26.783785, 35.576118, 33.298363> 0.100000
	pigment { color rgbt <1,0,0,0> }
	no_shadow
}
sphere {
	0, 1
	scale<0.080000,0.200000,0.300000>
	matrix <-0.521047, 0.109191, 0.846514,
		-0.538789, 0.727129, -0.425428,
		-0.661978, -0.677761, -0.320038,
		26.585192, 35.372791, 33.202351>
	pigment { color rgbt <0,1,1,0> }
	no_shadow
}
cylinder {
	<26.374792, 35.997948, 33.708282>,  <27.048576, 35.847221, 33.426376>, 0.130000
	pigment { color rgbt <1,0,0,0> }
	no_shadow
}

// nucleotide -1

// particle -1
sphere {
	<26.374792, 35.997948, 33.708282> 0.250000
	pigment { color rgbt <1,0,0,0> }
	no_shadow
}
cylinder {
	<26.347708, 35.604237, 33.643036>,  <26.331457, 35.368008, 33.603886>, 0.100000
	pigment { color rgbt <1,0,0,0> }
	no_shadow
}
cylinder {
	<26.347708, 35.604237, 33.643036>,  <26.374792, 35.997948, 33.708282>, 0.100000
	pigment { color rgbt <1,0,0,0> }
	no_shadow
}

// particle -1
sphere {
	<26.347708, 35.604237, 33.643036> 0.100000
	pigment { color rgbt <1,0,0,0> }
	no_shadow
}
sphere {
	0, 1
	scale<0.080000,0.200000,0.300000>
	matrix <-0.403697, -0.122485, 0.906657,
		-0.912384, 0.127242, -0.389057,
		-0.067711, -0.984280, -0.163121,
		26.327394, 35.308952, 33.594101>
	pigment { color rgbt <0,1,1,0> }
	no_shadow
}
cylinder {
	<26.068916, 36.568020, 33.263847>,  <26.374792, 35.997948, 33.708282>, 0.130000
	pigment { color rgbt <1,0,0,0> }
	no_shadow
}

// nucleotide -1

// particle -1
sphere {
	<26.068916, 36.568020, 33.263847> 0.250000
	pigment { color rgbt <1,0,0,0> }
	no_shadow
}
cylinder {
	<26.013741, 36.174423, 33.218716>,  <25.980635, 35.938267, 33.191639>, 0.100000
	pigment { color rgbt <1,0,0,0> }
	no_shadow
}
cylinder {
	<26.013741, 36.174423, 33.218716>,  <26.068916, 36.568020, 33.263847>, 0.100000
	pigment { color rgbt <1,0,0,0> }
	no_shadow
}

// particle -1
sphere {
	<26.013741, 36.174423, 33.218716> 0.100000
	pigment { color rgbt <1,0,0,0> }
	no_shadow
}
sphere {
	0, 1
	scale<0.080000,0.200000,0.300000>
	matrix <-0.925463, 0.087470, 0.368602,
		-0.352833, 0.155263, -0.922715,
		-0.137940, -0.983993, -0.112827,
		25.972359, 35.879227, 33.184868>
	pigment { color rgbt <0,1,1,0> }
	no_shadow
}
cylinder {
	<25.489147, 36.381454, 33.698261>,  <26.068916, 36.568020, 33.263847>, 0.130000
	pigment { color rgbt <1,0,0,0> }
	no_shadow
}

// nucleotide -1

// particle -1
sphere {
	<25.489147, 36.381454, 33.698261> 0.250000
	pigment { color rgbt <1,0,0,0> }
	no_shadow
}
cylinder {
	<25.557686, 36.041607, 33.498749>,  <25.598808, 35.837696, 33.379040>, 0.100000
	pigment { color rgbt <1,0,0,0> }
	no_shadow
}
cylinder {
	<25.557686, 36.041607, 33.498749>,  <25.489147, 36.381454, 33.698261>, 0.100000
	pigment { color rgbt <1,0,0,0> }
	no_shadow
}

// particle -1
sphere {
	<25.557686, 36.041607, 33.498749> 0.100000
	pigment { color rgbt <1,0,0,0> }
	no_shadow
}
sphere {
	0, 1
	scale<0.080000,0.200000,0.300000>
	matrix <-0.639971, -0.480898, 0.599311,
		-0.749051, 0.216518, -0.626133,
		0.171344, -0.849622, -0.498782,
		25.609089, 35.786720, 33.349113>
	pigment { color rgbt <0,1,1,0> }
	no_shadow
}
cylinder {
	<24.905117, 36.092617, 33.527519>,  <25.489147, 36.381454, 33.698261>, 0.130000
	pigment { color rgbt <1,0,0,0> }
	no_shadow
}

// nucleotide -1

// particle -1
sphere {
	<24.905117, 36.092617, 33.527519> 0.250000
	pigment { color rgbt <1,0,0,0> }
	no_shadow
}
cylinder {
	<25.179380, 35.801640, 33.538094>,  <25.343939, 35.627052, 33.544437>, 0.100000
	pigment { color rgbt <1,0,0,0> }
	no_shadow
}
cylinder {
	<25.179380, 35.801640, 33.538094>,  <24.905117, 36.092617, 33.527519>, 0.100000
	pigment { color rgbt <1,0,0,0> }
	no_shadow
}

// particle -1
sphere {
	<25.179380, 35.801640, 33.538094> 0.100000
	pigment { color rgbt <1,0,0,0> }
	no_shadow
}
sphere {
	0, 1
	scale<0.080000,0.200000,0.300000>
	matrix <-0.649914, -0.595417, 0.472324,
		-0.327852, -0.341031, -0.881029,
		0.685657, -0.727445, 0.026432,
		25.385077, 35.583405, 33.546024>
	pigment { color rgbt <0,1,1,0> }
	no_shadow
}
cylinder {
	<24.551208, 35.435444, 33.387074>,  <24.905117, 36.092617, 33.527519>, 0.130000
	pigment { color rgbt <1,0,0,0> }
	no_shadow
}

// nucleotide -1

// particle -1
sphere {
	<24.551208, 35.435444, 33.387074> 0.250000
	pigment { color rgbt <1,0,0,0> }
	no_shadow
}
cylinder {
	<24.896383, 35.334560, 33.562222>,  <25.103487, 35.274029, 33.667313>, 0.100000
	pigment { color rgbt <1,0,0,0> }
	no_shadow
}
cylinder {
	<24.896383, 35.334560, 33.562222>,  <24.551208, 35.435444, 33.387074>, 0.100000
	pigment { color rgbt <1,0,0,0> }
	no_shadow
}

// particle -1
sphere {
	<24.896383, 35.334560, 33.562222> 0.100000
	pigment { color rgbt <1,0,0,0> }
	no_shadow
}
sphere {
	0, 1
	scale<0.080000,0.200000,0.300000>
	matrix <-0.497943, -0.571897, 0.651909,
		0.085999, -0.780591, -0.619097,
		0.862935, -0.252211, 0.437873,
		25.155264, 35.258896, 33.693584>
	pigment { color rgbt <0,1,1,0> }
	no_shadow
}
cylinder {
	<24.554686, 34.750526, 33.402756>,  <24.551208, 35.435444, 33.387074>, 0.130000
	pigment { color rgbt <1,0,0,0> }
	no_shadow
}

// nucleotide -1

// particle -1
sphere {
	<24.554686, 34.750526, 33.402756> 0.250000
	pigment { color rgbt <1,0,0,0> }
	no_shadow
}
cylinder {
	<24.793570, 34.872021, 33.699696>,  <24.936899, 34.944916, 33.877861>, 0.100000
	pigment { color rgbt <1,0,0,0> }
	no_shadow
}
cylinder {
	<24.793570, 34.872021, 33.699696>,  <24.554686, 34.750526, 33.402756>, 0.100000
	pigment { color rgbt <1,0,0,0> }
	no_shadow
}

// particle -1
sphere {
	<24.793570, 34.872021, 33.699696> 0.100000
	pigment { color rgbt <1,0,0,0> }
	no_shadow
}
sphere {
	0, 1
	scale<0.080000,0.200000,0.300000>
	matrix <-0.383338, -0.704901, 0.596797,
		0.704553, -0.640984, -0.304540,
		0.597208, 0.303733, 0.742353,
		24.972733, 34.963142, 33.922401>
	pigment { color rgbt <0,1,1,0> }
	no_shadow
}
cylinder {
	<25.001329, 34.160599, 33.711269>,  <24.554686, 34.750526, 33.402756>, 0.130000
	pigment { color rgbt <1,0,0,0> }
	no_shadow
}

// nucleotide -1

// particle -1
sphere {
	<25.001329, 34.160599, 33.711269> 0.250000
	pigment { color rgbt <1,0,0,0> }
	no_shadow
}
cylinder {
	<24.864748, 34.454716, 33.945450>,  <24.782799, 34.631187, 34.085957>, 0.100000
	pigment { color rgbt <1,0,0,0> }
	no_shadow
}
cylinder {
	<24.864748, 34.454716, 33.945450>,  <25.001329, 34.160599, 33.711269>, 0.100000
	pigment { color rgbt <1,0,0,0> }
	no_shadow
}

// particle -1
sphere {
	<24.864748, 34.454716, 33.945450> 0.100000
	pigment { color rgbt <1,0,0,0> }
	no_shadow
}
sphere {
	0, 1
	scale<0.080000,0.200000,0.300000>
	matrix <-0.587993, -0.653055, 0.477266,
		0.733262, -0.181275, 0.655337,
		-0.341455, 0.735295, 0.585449,
		24.762312, 34.675304, 34.121086>
	pigment { color rgbt <0,1,1,0> }
	no_shadow
}
cylinder {
	<25.015350, 33.987709, 34.444061>,  <25.001329, 34.160599, 33.711269>, 0.130000
	pigment { color rgbt <1,0,0,0> }
	no_shadow
}

// nucleotide -1

// particle -1
sphere {
	<25.015350, 33.987709, 34.444061> 0.250000
	pigment { color rgbt <1,0,0,0> }
	no_shadow
}
cylinder {
	<24.727297, 34.263798, 34.415756>,  <24.554464, 34.429451, 34.398773>, 0.100000
	pigment { color rgbt <1,0,0,0> }
	no_shadow
}
cylinder {
	<24.727297, 34.263798, 34.415756>,  <25.015350, 33.987709, 34.444061>, 0.100000
	pigment { color rgbt <1,0,0,0> }
	no_shadow
}

// particle -1
sphere {
	<24.727297, 34.263798, 34.415756> 0.100000
	pigment { color rgbt <1,0,0,0> }
	no_shadow
}
sphere {
	0, 1
	scale<0.080000,0.200000,0.300000>
	matrix <-0.579503, -0.542248, 0.608394,
		0.381557, 0.479128, 0.790475,
		-0.720132, 0.690219, -0.070758,
		24.511257, 34.470863, 34.394527>
	pigment { color rgbt <0,1,1,0> }
	no_shadow
}
cylinder {
	<24.831406, 33.247520, 34.473263>,  <25.015350, 33.987709, 34.444061>, 0.130000
	pigment { color rgbt <1,0,0,0> }
	no_shadow
}

// nucleotide -1

// particle -1
sphere {
	<24.831406, 33.247520, 34.473263> 0.250000
	pigment { color rgbt <1,0,0,0> }
	no_shadow
}
cylinder {
	<25.145573, 33.125450, 34.257862>,  <25.334074, 33.052208, 34.128620>, 0.100000
	pigment { color rgbt <1,0,0,0> }
	no_shadow
}
cylinder {
	<25.145573, 33.125450, 34.257862>,  <24.831406, 33.247520, 34.473263>, 0.100000
	pigment { color rgbt <1,0,0,0> }
	no_shadow
}

// particle -1
sphere {
	<25.145573, 33.125450, 34.257862> 0.100000
	pigment { color rgbt <1,0,0,0> }
	no_shadow
}
sphere {
	0, 1
	scale<0.080000,0.200000,0.300000>
	matrix <0.139233, -0.760599, 0.634116,
		-0.603101, -0.573024, -0.554899,
		0.785419, -0.305175, -0.538502,
		25.381199, 33.033897, 34.096310>
	pigment { color rgbt <0,1,1,0> }
	no_shadow
}
cylinder {
	<24.876204, 32.506771, 34.474232>,  <24.831406, 33.247520, 34.473263>, 0.130000
	pigment { color rgbt <1,0,0,0> }
	no_shadow
}

// nucleotide -1

// particle -1
sphere {
	<24.876204, 32.506771, 34.474232> 0.250000
	pigment { color rgbt <1,0,0,0> }
	no_shadow
}
cylinder {
	<25.252022, 32.619465, 34.396385>,  <25.477512, 32.687080, 34.349678>, 0.100000
	pigment { color rgbt <1,0,0,0> }
	no_shadow
}
cylinder {
	<25.252022, 32.619465, 34.396385>,  <24.876204, 32.506771, 34.474232>, 0.100000
	pigment { color rgbt <1,0,0,0> }
	no_shadow
}

// particle -1
sphere {
	<25.252022, 32.619465, 34.396385> 0.100000
	pigment { color rgbt <1,0,0,0> }
	no_shadow
}
sphere {
	0, 1
	scale<0.080000,0.200000,0.300000>
	matrix <0.340212, -0.703647, 0.623808,
		0.038808, -0.652308, -0.756960,
		0.939547, 0.281736, -0.194616,
		25.533886, 32.703987, 34.338001>
	pigment { color rgbt <0,1,1,0> }
	no_shadow
}
cylinder {
	<25.264494, 31.927347, 34.288448>,  <24.876204, 32.506771, 34.474232>, 0.130000
	pigment { color rgbt <1,0,0,0> }
	no_shadow
}

// nucleotide -1

// particle -1
sphere {
	<25.264494, 31.927347, 34.288448> 0.250000
	pigment { color rgbt <1,0,0,0> }
	no_shadow
}
cylinder {
	<25.483576, 32.222698, 34.445835>,  <25.615025, 32.399910, 34.540268>, 0.100000
	pigment { color rgbt <1,0,0,0> }
	no_shadow
}
cylinder {
	<25.483576, 32.222698, 34.445835>,  <25.264494, 31.927347, 34.288448>, 0.100000
	pigment { color rgbt <1,0,0,0> }
	no_shadow
}

// particle -1
sphere {
	<25.483576, 32.222698, 34.445835> 0.100000
	pigment { color rgbt <1,0,0,0> }
	no_shadow
}
sphere {
	0, 1
	scale<0.080000,0.200000,0.300000>
	matrix <0.335280, -0.624561, 0.705344,
		0.766555, -0.254399, -0.589639,
		0.547704, 0.738379, 0.393466,
		25.647886, 32.444214, 34.563873>
	pigment { color rgbt <0,1,1,0> }
	no_shadow
}
cylinder {
	<25.894438, 31.602264, 34.461964>,  <25.264494, 31.927347, 34.288448>, 0.130000
	pigment { color rgbt <1,0,0,0> }
	no_shadow
}

// nucleotide -1

// particle -1
sphere {
	<25.894438, 31.602264, 34.461964> 0.250000
	pigment { color rgbt <1,0,0,0> }
	no_shadow
}
cylinder {
	<25.886770, 31.946667, 34.665260>,  <25.882170, 32.153309, 34.787239>, 0.100000
	pigment { color rgbt <1,0,0,0> }
	no_shadow
}
cylinder {
	<25.886770, 31.946667, 34.665260>,  <25.894438, 31.602264, 34.461964>, 0.100000
	pigment { color rgbt <1,0,0,0> }
	no_shadow
}

// particle -1
sphere {
	<25.886770, 31.946667, 34.665260> 0.100000
	pigment { color rgbt <1,0,0,0> }
	no_shadow
}
sphere {
	0, 1
	scale<0.080000,0.200000,0.300000>
	matrix <0.325633, -0.475238, 0.817381,
		0.945302, 0.181165, -0.271262,
		-0.019167, 0.861004, 0.508237,
		25.881020, 32.204967, 34.817730>
	pigment { color rgbt <0,1,1,0> }
	no_shadow
}
cylinder {
	<26.544432, 31.575762, 34.823315>,  <25.894438, 31.602264, 34.461964>, 0.130000
	pigment { color rgbt <1,0,0,0> }
	no_shadow
}

// nucleotide -1

// particle -1
sphere {
	<26.544432, 31.575762, 34.823315> 0.250000
	pigment { color rgbt <1,0,0,0> }
	no_shadow
}
cylinder {
	<26.279119, 31.811049, 35.008381>,  <26.119932, 31.952221, 35.119423>, 0.100000
	pigment { color rgbt <1,0,0,0> }
	no_shadow
}
cylinder {
	<26.279119, 31.811049, 35.008381>,  <26.544432, 31.575762, 34.823315>, 0.100000
	pigment { color rgbt <1,0,0,0> }
	no_shadow
}

// particle -1
sphere {
	<26.279119, 31.811049, 35.008381> 0.100000
	pigment { color rgbt <1,0,0,0> }
	no_shadow
}
sphere {
	0, 1
	scale<0.080000,0.200000,0.300000>
	matrix <0.186291, -0.468999, 0.863328,
		0.724815, 0.658818, 0.201497,
		-0.663278, 0.588216, 0.462670,
		26.080135, 31.987513, 35.147182>
	pigment { color rgbt <0,1,1,0> }
	no_shadow
}
cylinder {
	<26.146276, 31.023983, 35.146576>,  <26.544432, 31.575762, 34.823315>, 0.130000
	pigment { color rgbt <1,0,0,0> }
	no_shadow
}

// nucleotide -1

// particle -1
sphere {
	<26.146276, 31.023983, 35.146576> 0.250000
	pigment { color rgbt <1,0,0,0> }
	no_shadow
}
cylinder {
	<26.538483, 31.077347, 35.088905>,  <26.773808, 31.109365, 35.054302>, 0.100000
	pigment { color rgbt <1,0,0,0> }
	no_shadow
}
cylinder {
	<26.538483, 31.077347, 35.088905>,  <26.146276, 31.023983, 35.146576>, 0.100000
	pigment { color rgbt <1,0,0,0> }
	no_shadow
}

// particle -1
sphere {
	<26.538483, 31.077347, 35.088905> 0.100000
	pigment { color rgbt <1,0,0,0> }
	no_shadow
}
sphere {
	0, 1
	scale<0.080000,0.200000,0.300000>
	matrix <0.014186, -0.780163, -0.625415,
		-0.195917, 0.611185, -0.766857,
		0.980518, 0.133409, -0.144177,
		26.832638, 31.117369, 35.045650>
	pigment { color rgbt <0,1,1,0> }
	no_shadow
}
cylinder {
	<26.661263, 31.159281, 35.730614>,  <26.146276, 31.023983, 35.146576>, 0.130000
	pigment { color rgbt <1,0,0,0> }
	no_shadow
}

// nucleotide -1

// particle -1
sphere {
	<26.661263, 31.159281, 35.730614> 0.250000
	pigment { color rgbt <1,0,0,0> }
	no_shadow
}
cylinder {
	<26.469973, 31.481443, 35.590546>,  <26.355198, 31.674742, 35.506504>, 0.100000
	pigment { color rgbt <1,0,0,0> }
	no_shadow
}
cylinder {
	<26.469973, 31.481443, 35.590546>,  <26.661263, 31.159281, 35.730614>, 0.100000
	pigment { color rgbt <1,0,0,0> }
	no_shadow
}

// particle -1
sphere {
	<26.469973, 31.481443, 35.590546> 0.100000
	pigment { color rgbt <1,0,0,0> }
	no_shadow
}
sphere {
	0, 1
	scale<0.080000,0.200000,0.300000>
	matrix <0.305279, 0.526304, 0.793605,
		0.823471, 0.272622, -0.497566,
		-0.478225, 0.805407, -0.350170,
		26.326506, 31.723066, 35.485493>
	pigment { color rgbt <0,1,1,0> }
	no_shadow
}
cylinder {
	<27.060619, 31.754866, 35.794186>,  <26.661263, 31.159281, 35.730614>, 0.130000
	pigment { color rgbt <1,0,0,0> }
	no_shadow
}

// nucleotide -1

// particle -1
sphere {
	<27.060619, 31.754866, 35.794186> 0.250000
	pigment { color rgbt <1,0,0,0> }
	no_shadow
}
cylinder {
	<26.691717, 31.905884, 35.760960>,  <26.470375, 31.996494, 35.741024>, 0.100000
	pigment { color rgbt <1,0,0,0> }
	no_shadow
}
cylinder {
	<26.691717, 31.905884, 35.760960>,  <27.060619, 31.754866, 35.794186>, 0.100000
	pigment { color rgbt <1,0,0,0> }
	no_shadow
}

// particle -1
sphere {
	<26.691717, 31.905884, 35.760960> 0.100000
	pigment { color rgbt <1,0,0,0> }
	no_shadow
}
sphere {
	0, 1
	scale<0.080000,0.200000,0.300000>
	matrix <0.106032, 0.453684, 0.884832,
		0.371750, 0.807236, -0.458446,
		-0.922258, 0.377546, -0.083064,
		26.415039, 32.019146, 35.736042>
	pigment { color rgbt <0,1,1,0> }
	no_shadow
}
cylinder {
	<27.153898, 32.491459, 35.956669>,  <27.060619, 31.754866, 35.794186>, 0.130000
	pigment { color rgbt <1,0,0,0> }
	no_shadow
}

// nucleotide -1

// particle -1
sphere {
	<27.153898, 32.491459, 35.956669> 0.250000
	pigment { color rgbt <1,0,0,0> }
	no_shadow
}
cylinder {
	<26.774729, 32.378815, 36.016186>,  <26.547228, 32.311230, 36.051895>, 0.100000
	pigment { color rgbt <1,0,0,0> }
	no_shadow
}
cylinder {
	<26.774729, 32.378815, 36.016186>,  <27.153898, 32.491459, 35.956669>, 0.100000
	pigment { color rgbt <1,0,0,0> }
	no_shadow
}

// particle -1
sphere {
	<26.774729, 32.378815, 36.016186> 0.100000
	pigment { color rgbt <1,0,0,0> }
	no_shadow
}
sphere {
	0, 1
	scale<0.080000,0.200000,0.300000>
	matrix <0.057265, 0.308855, 0.949384,
		-0.313312, 0.908462, -0.276644,
		-0.947922, -0.281611, 0.148790,
		26.490353, 32.294331, 36.060822>
	pigment { color rgbt <0,1,1,0> }
	no_shadow
}
cylinder {
	<26.795528, 33.031483, 36.219780>,  <27.153898, 32.491459, 35.956669>, 0.130000
	pigment { color rgbt <1,0,0,0> }
	no_shadow
}

// nucleotide -1

// particle -1
sphere {
	<26.795528, 33.031483, 36.219780> 0.250000
	pigment { color rgbt <1,0,0,0> }
	no_shadow
}
cylinder {
	<26.586649, 32.706505, 36.323505>,  <26.461321, 32.511517, 36.385742>, 0.100000
	pigment { color rgbt <1,0,0,0> }
	no_shadow
}
cylinder {
	<26.586649, 32.706505, 36.323505>,  <26.795528, 33.031483, 36.219780>, 0.100000
	pigment { color rgbt <1,0,0,0> }
	no_shadow
}

// particle -1
sphere {
	<26.586649, 32.706505, 36.323505> 0.100000
	pigment { color rgbt <1,0,0,0> }
	no_shadow
}
sphere {
	0, 1
	scale<0.080000,0.200000,0.300000>
	matrix <0.178272, 0.193356, 0.964797,
		-0.833983, 0.550044, 0.043866,
		-0.522198, -0.812444, 0.259313,
		26.429989, 32.462772, 36.401299>
	pigment { color rgbt <0,1,1,0> }
	no_shadow
}
cylinder {
	<26.311745, 33.159748, 36.735367>,  <26.795528, 33.031483, 36.219780>, 0.130000
	pigment { color rgbt <1,0,0,0> }
	no_shadow
}

// nucleotide -1

// particle -1
sphere {
	<26.311745, 33.159748, 36.735367> 0.250000
	pigment { color rgbt <1,0,0,0> }
	no_shadow
}
cylinder {
	<26.418955, 32.776894, 36.779289>,  <26.483282, 32.547180, 36.805641>, 0.100000
	pigment { color rgbt <1,0,0,0> }
	no_shadow
}
cylinder {
	<26.418955, 32.776894, 36.779289>,  <26.311745, 33.159748, 36.735367>, 0.100000
	pigment { color rgbt <1,0,0,0> }
	no_shadow
}

// particle -1
sphere {
	<26.418955, 32.776894, 36.779289> 0.100000
	pigment { color rgbt <1,0,0,0> }
	no_shadow
}
sphere {
	0, 1
	scale<0.080000,0.200000,0.300000>
	matrix <0.140833, 0.151676, 0.978346,
		-0.953062, -0.246759, 0.175449,
		0.268027, -0.957134, 0.109805,
		26.499363, 32.489754, 36.812229>
	pigment { color rgbt <0,1,1,0> }
	no_shadow
}
cylinder {
	<26.439322, 32.678165, 37.413860>,  <26.311745, 33.159748, 36.735367>, 0.130000
	pigment { color rgbt <1,0,0,0> }
	no_shadow
}

// nucleotide -1

// particle -1
sphere {
	<26.439322, 32.678165, 37.413860> 0.250000
	pigment { color rgbt <1,0,0,0> }
	no_shadow
}
cylinder {
	<26.322645, 32.337036, 37.587112>,  <26.252640, 32.132359, 37.691063>, 0.100000
	pigment { color rgbt <1,0,0,0> }
	no_shadow
}
cylinder {
	<26.322645, 32.337036, 37.587112>,  <26.439322, 32.678165, 37.413860>, 0.100000
	pigment { color rgbt <1,0,0,0> }
	no_shadow
}

// particle -1
sphere {
	<26.322645, 32.337036, 37.587112> 0.100000
	pigment { color rgbt <1,0,0,0> }
	no_shadow
}
sphere {
	0, 1
	scale<0.080000,0.200000,0.300000>
	matrix <-0.361225, -0.321074, -0.875459,
		0.885682, -0.411821, -0.214408,
		-0.291692, -0.852827, 0.433130,
		26.235138, 32.081188, 37.717052>
	pigment { color rgbt <0,1,1,0> }
	no_shadow
}
cylinder {
	<26.764614, 32.008583, 37.416794>,  <26.439322, 32.678165, 37.413860>, 0.130000
	pigment { color rgbt <1,0,0,0> }
	no_shadow
}

// nucleotide -1

// particle -1
sphere {
	<26.764614, 32.008583, 37.416794> 0.250000
	pigment { color rgbt <1,0,0,0> }
	no_shadow
}
cylinder {
	<26.368773, 32.065975, 37.412815>,  <26.131268, 32.100410, 37.410427>, 0.100000
	pigment { color rgbt <1,0,0,0> }
	no_shadow
}
cylinder {
	<26.368773, 32.065975, 37.412815>,  <26.764614, 32.008583, 37.416794>, 0.100000
	pigment { color rgbt <1,0,0,0> }
	no_shadow
}

// particle -1
sphere {
	<26.368773, 32.065975, 37.412815> 0.100000
	pigment { color rgbt <1,0,0,0> }
	no_shadow
}
sphere {
	0, 1
	scale<0.080000,0.200000,0.300000>
	matrix <-0.013842, -0.163881, -0.986383,
		-0.143144, -0.975992, 0.164163,
		-0.989605, 0.143467, -0.009949,
		26.071892, 32.109020, 37.409828>
	pigment { color rgbt <0,1,1,0> }
	no_shadow
}
cylinder {
	<26.173429, 31.436546, 37.231895>,  <26.764614, 32.008583, 37.416794>, 0.130000
	pigment { color rgbt <1,0,0,0> }
	no_shadow
}

// nucleotide -1

// particle -1
sphere {
	<26.173429, 31.436546, 37.231895> 0.250000
	pigment { color rgbt <1,0,0,0> }
	no_shadow
}
cylinder {
	<26.137121, 31.813839, 37.104095>,  <26.115337, 32.040215, 37.027416>, 0.100000
	pigment { color rgbt <1,0,0,0> }
	no_shadow
}
cylinder {
	<26.137121, 31.813839, 37.104095>,  <26.173429, 31.436546, 37.231895>, 0.100000
	pigment { color rgbt <1,0,0,0> }
	no_shadow
}

// particle -1
sphere {
	<26.137121, 31.813839, 37.104095> 0.100000
	pigment { color rgbt <1,0,0,0> }
	no_shadow
}
sphere {
	0, 1
	scale<0.080000,0.200000,0.300000>
	matrix <-0.205931, -0.331666, -0.920646,
