// switches for output
#declare DRAW_BASES = 1; // possible values are 0, 1; only relevant for DNA ribbons
#declare DRAW_BASES_TYPE = 3; // possible values are 1, 2, 3; only relevant for DNA ribbons
#declare DRAW_FOG = 0; // set to 1 to enable fog

#include "colors.inc"

#include "transforms.inc"
background { rgb <1, 1, 1>}

#default {
   normal{
       ripples 0.25
       frequency 0.20
       turbulence 0.2
       lambda 5
   }
	finish {
		phong 0.1
		phong_size 40.
	}
}

// original window dimensions: 1024x640


// camera settings

camera {
	sky <0, 0.179814, -0.983701>
	up <0, 0.179814, -0.983701>
	right 1.6 * <1, 0, 0>
	location <35, 94.9851, 44.8844>
	look_at <35, 29.7336, 32.9568>
	direction <0, -65.2515, -11.9276>
	angle 67.0682
}


# declare cpy_camera_pos = <35, 94.9851, 44.8844>;
# if (DRAW_FOG = 1)
fog {
	fog_type 2
	up vnormalize(cpy_camera_pos)
	color rgbt<1,1,1,0.3>
	distance 1e-5
	fog_alt 3e-3
	fog_offset 56
}
# end


// LIGHTS

# declare lum = 6;
global_settings {
	ambient_light rgb lum * <0.05, 0.05, 0.05>
	max_trace_level 15
}# declare cpy_direct_light_amount = 0.25;
light_source
{	1000 * <-1, -1.16352, -0.803886>,
	rgb lum * cpy_direct_light_amount
	parallel
}

light_source
{	1000 * <1, 1.16352, 0.803886>,
	rgb lum * cpy_direct_light_amount
	parallel
}

// strand 0

// nucleotide -1

// particle -1
sphere {
	<24.612555, 34.967613, 34.794540> 0.250000
	pigment { color rgbt <1,0,0,0> }
	no_shadow
}
cylinder {
	<24.214539, 34.946724, 34.760662>,  <23.975729, 34.934189, 34.740337>, 0.100000
	pigment { color rgbt <1,0,0,0> }
	no_shadow
}
cylinder {
	<24.214539, 34.946724, 34.760662>,  <24.612555, 34.967613, 34.794540>, 0.100000
	pigment { color rgbt <1,0,0,0> }
	no_shadow
}

// particle -1
sphere {
	<24.214539, 34.946724, 34.760662> 0.100000
	pigment { color rgbt <1,0,0,0> }
	no_shadow
}
sphere {
	0, 1
	scale<0.080000,0.200000,0.300000>
	matrix <0.095449, -0.260653, -0.960703,
		0.028097, -0.964019, 0.264345,
		-0.995038, -0.052225, -0.084691,
		23.916027, 34.931057, 34.735256>
	pigment { color rgbt <0,1,1,0> }
	no_shadow
}
cylinder {
	<24.425823, 34.283348, 34.530949>,  <24.612555, 34.967613, 34.794540>, 0.130000
	pigment { color rgbt <1,0,0,0> }
	no_shadow
}

// nucleotide -1

// particle -1
sphere {
	<24.425823, 34.283348, 34.530949> 0.250000
	pigment { color rgbt <1,0,0,0> }
	no_shadow
}
cylinder {
	<24.130732, 34.543633, 34.459030>,  <23.953676, 34.699802, 34.415878>, 0.100000
	pigment { color rgbt <1,0,0,0> }
	no_shadow
}
cylinder {
	<24.130732, 34.543633, 34.459030>,  <24.425823, 34.283348, 34.530949>, 0.100000
	pigment { color rgbt <1,0,0,0> }
	no_shadow
}

// particle -1
sphere {
	<24.130732, 34.543633, 34.459030> 0.100000
	pigment { color rgbt <1,0,0,0> }
	no_shadow
}
sphere {
	0, 1
	scale<0.080000,0.200000,0.300000>
	matrix <-0.012775, -0.279732, -0.959993,
		-0.674975, -0.705919, 0.214680,
		-0.737730, 0.650713, -0.179794,
		23.909412, 34.738846, 34.405090>
	pigment { color rgbt <0,1,1,0> }
	no_shadow
}
cylinder {
	<25.006172, 34.576847, 34.310558>,  <24.425823, 34.283348, 34.530949>, 0.130000
	pigment { color rgbt <1,0,0,0> }
	no_shadow
}

// nucleotide -1

// particle -1
sphere {
	<25.006172, 34.576847, 34.310558> 0.250000
	pigment { color rgbt <1,0,0,0> }
	no_shadow
}
cylinder {
	<25.303829, 34.330952, 34.205986>,  <25.482424, 34.183414, 34.143242>, 0.100000
	pigment { color rgbt <1,0,0,0> }
	no_shadow
}
cylinder {
	<25.303829, 34.330952, 34.205986>,  <25.006172, 34.576847, 34.310558>, 0.100000
	pigment { color rgbt <1,0,0,0> }
	no_shadow
}

// particle -1
sphere {
	<25.303829, 34.330952, 34.205986> 0.100000
	pigment { color rgbt <1,0,0,0> }
	no_shadow
}
sphere {
	0, 1
	scale<0.080000,0.200000,0.300000>
	matrix <-0.082730, 0.303526, -0.949225,
		0.662878, 0.727987, 0.175009,
		0.744143, -0.614741, -0.261427,
		25.527073, 34.146530, 34.127560>
	pigment { color rgbt <0,1,1,0> }
	no_shadow
}
cylinder {
	<25.071213, 34.830090, 33.608875>,  <25.006172, 34.576847, 34.310558>, 0.130000
	pigment { color rgbt <1,0,0,0> }
	no_shadow
}

// nucleotide -1

// particle -1
sphere {
	<25.071213, 34.830090, 33.608875> 0.250000
	pigment { color rgbt <1,0,0,0> }
	no_shadow
}
cylinder {
	<25.293020, 34.500458, 33.655174>,  <25.426105, 34.302677, 33.682953>, 0.100000
	pigment { color rgbt <1,0,0,0> }
	no_shadow
}
cylinder {
	<25.293020, 34.500458, 33.655174>,  <25.071213, 34.830090, 33.608875>, 0.100000
	pigment { color rgbt <1,0,0,0> }
	no_shadow
}

// particle -1
sphere {
	<25.293020, 34.500458, 33.655174> 0.100000
	pigment { color rgbt <1,0,0,0> }
	no_shadow
}
sphere {
	0, 1
	scale<0.080000,0.200000,0.300000>
	matrix <0.265385, 0.043296, -0.963170,
		0.788721, 0.564812, 0.242708,
		0.554518, -0.824083, 0.115744,
		25.459375, 34.253231, 33.689896>
	pigment { color rgbt <0,1,1,0> }
	no_shadow
}
cylinder {
	<25.786526, 34.992393, 33.412666>,  <25.071213, 34.830090, 33.608875>, 0.130000
	pigment { color rgbt <1,0,0,0> }
	no_shadow
}

// nucleotide -1

// particle -1
sphere {
	<25.786526, 34.992393, 33.412666> 0.250000
	pigment { color rgbt <1,0,0,0> }
	no_shadow
}
cylinder {
	<25.698257, 34.605995, 33.358768>,  <25.645296, 34.374157, 33.326431>, 0.100000
	pigment { color rgbt <1,0,0,0> }
	no_shadow
}
cylinder {
	<25.698257, 34.605995, 33.358768>,  <25.786526, 34.992393, 33.412666>, 0.100000
	pigment { color rgbt <1,0,0,0> }
	no_shadow
}

// particle -1
sphere {
	<25.698257, 34.605995, 33.358768> 0.100000
	pigment { color rgbt <1,0,0,0> }
	no_shadow
}
sphere {
	0, 1
	scale<0.080000,0.200000,0.300000>
	matrix <-0.106674, 0.161221, -0.981136,
		0.969497, -0.202134, -0.138624,
		-0.220670, -0.965997, -0.134741,
		25.632057, 34.316196, 33.318348>
	pigment { color rgbt <0,1,1,0> }
	no_shadow
}
cylinder {
	<26.325754, 34.601635, 32.891045>,  <25.786526, 34.992393, 33.412666>, 0.130000
	pigment { color rgbt <1,0,0,0> }
	no_shadow
}

// nucleotide -1

// particle -1
sphere {
	<26.325754, 34.601635, 32.891045> 0.250000
	pigment { color rgbt <1,0,0,0> }
	no_shadow
}
cylinder {
	<25.963964, 34.431221, 32.899269>,  <25.746891, 34.328972, 32.904202>, 0.100000
	pigment { color rgbt <1,0,0,0> }
	no_shadow
}
cylinder {
	<25.963964, 34.431221, 32.899269>,  <26.325754, 34.601635, 32.891045>, 0.100000
	pigment { color rgbt <1,0,0,0> }
	no_shadow
}

// particle -1
sphere {
	<25.963964, 34.431221, 32.899269> 0.100000
	pigment { color rgbt <1,0,0,0> }
	no_shadow
}
sphere {
	0, 1
	scale<0.080000,0.200000,0.300000>
	matrix <0.012947, -0.075600, -0.997054,
		0.426334, -0.901542, 0.073894,
		-0.904473, -0.426035, 0.020559,
		25.692623, 34.303410, 32.905437>
	pigment { color rgbt <0,1,1,0> }
	no_shadow
}
cylinder {
	<26.264427, 33.911350, 32.475121>,  <26.325754, 34.601635, 32.891045>, 0.130000
	pigment { color rgbt <1,0,0,0> }
	no_shadow
}

// nucleotide -1

// particle -1
sphere {
	<26.264427, 33.911350, 32.475121> 0.250000
	pigment { color rgbt <1,0,0,0> }
	no_shadow
}
cylinder {
	<25.897207, 34.069798, 32.481770>,  <25.676876, 34.164867, 32.485760>, 0.100000
	pigment { color rgbt <1,0,0,0> }
	no_shadow
}
cylinder {
	<25.897207, 34.069798, 32.481770>,  <26.264427, 33.911350, 32.475121>, 0.100000
	pigment { color rgbt <1,0,0,0> }
	no_shadow
}

// particle -1
sphere {
	<25.897207, 34.069798, 32.481770> 0.100000
	pigment { color rgbt <1,0,0,0> }
	no_shadow
}
sphere {
	0, 1
	scale<0.080000,0.200000,0.300000>
	matrix <0.001186, 0.044673, -0.999001,
		-0.396467, -0.917112, -0.041482,
		-0.918049, 0.396120, 0.016624,
		25.621792, 34.188633, 32.486755>
	pigment { color rgbt <0,1,1,0> }
	no_shadow
}
cylinder {
	<25.858065, 33.436829, 32.003536>,  <26.264427, 33.911350, 32.475121>, 0.130000
	pigment { color rgbt <1,0,0,0> }
	no_shadow
}

// nucleotide -1

// particle -1
sphere {
	<25.858065, 33.436829, 32.003536> 0.250000
	pigment { color rgbt <1,0,0,0> }
	no_shadow
}
cylinder {
	<25.768318, 33.818943, 32.080566>,  <25.714470, 34.048210, 32.126785>, 0.100000
	pigment { color rgbt <1,0,0,0> }
	no_shadow
}
cylinder {
	<25.768318, 33.818943, 32.080566>,  <25.858065, 33.436829, 32.003536>, 0.100000
	pigment { color rgbt <1,0,0,0> }
	no_shadow
}

// particle -1
sphere {
	<25.768318, 33.818943, 32.080566> 0.100000
	pigment { color rgbt <1,0,0,0> }
	no_shadow
}
sphere {
	0, 1
	scale<0.080000,0.200000,0.300000>
	matrix <0.237111, 0.245194, -0.940031,
		-0.945218, -0.165248, -0.281522,
		-0.224366, 0.955287, 0.192580,
		25.701008, 34.105530, 32.138340>
	pigment { color rgbt <0,1,1,0> }
	no_shadow
}
cylinder {
	<25.301815, 33.641884, 31.589701>,  <25.858065, 33.436829, 32.003536>, 0.130000
	pigment { color rgbt <1,0,0,0> }
	no_shadow
}

// nucleotide -1

// particle -1
sphere {
	<25.301815, 33.641884, 31.589701> 0.250000
	pigment { color rgbt <1,0,0,0> }
	no_shadow
}
cylinder {
	<25.542976, 33.947239, 31.682432>,  <25.687674, 34.130451, 31.738071>, 0.100000
	pigment { color rgbt <1,0,0,0> }
	no_shadow
}
cylinder {
	<25.542976, 33.947239, 31.682432>,  <25.301815, 33.641884, 31.589701>, 0.100000
	pigment { color rgbt <1,0,0,0> }
	no_shadow
}

// particle -1
sphere {
	<25.542976, 33.947239, 31.682432> 0.100000
	pigment { color rgbt <1,0,0,0> }
	no_shadow
}
sphere {
	0, 1
	scale<0.080000,0.200000,0.300000>
	matrix <0.212463, 0.126460, -0.968952,
		-0.769005, 0.633438, -0.085949,
		0.602902, 0.763390, 0.231831,
		25.723846, 34.176254, 31.751982>
	pigment { color rgbt <0,1,1,0> }
	no_shadow
}
cylinder {
	<25.109678, 34.127918, 31.192274>,  <25.301815, 33.641884, 31.589701>, 0.130000
	pigment { color rgbt <1,0,0,0> }
	no_shadow
}

// nucleotide -1

// particle -1
sphere {
	<25.109678, 34.127918, 31.192274> 0.250000
	pigment { color rgbt <1,0,0,0> }
	no_shadow
}
cylinder {
	<25.487661, 34.227844, 31.276791>,  <25.714451, 34.287800, 31.327501>, 0.100000
	pigment { color rgbt <1,0,0,0> }
	no_shadow
}
cylinder {
	<25.487661, 34.227844, 31.276791>,  <25.109678, 34.127918, 31.192274>, 0.100000
	pigment { color rgbt <1,0,0,0> }
	no_shadow
}

// particle -1
sphere {
	<25.487661, 34.227844, 31.276791> 0.100000
	pigment { color rgbt <1,0,0,0> }
	no_shadow
}
sphere {
	0, 1
	scale<0.080000,0.200000,0.300000>
	matrix <0.155129, 0.226499, -0.961579,
		-0.288078, 0.941429, 0.175278,
		0.944958, 0.249819, 0.211292,
		25.771149, 34.302792, 31.340178>
	pigment { color rgbt <0,1,1,0> }
	no_shadow
}
cylinder {
	<25.095966, 34.822811, 30.959181>,  <25.109678, 34.127918, 31.192274>, 0.130000
	pigment { color rgbt <1,0,0,0> }
	no_shadow
}

// nucleotide -1

// particle -1
sphere {
	<25.095966, 34.822811, 30.959181> 0.250000
	pigment { color rgbt <1,0,0,0> }
	no_shadow
}
cylinder {
	<25.459463, 34.658092, 30.986351>,  <25.677561, 34.559261, 31.002653>, 0.100000
	pigment { color rgbt <1,0,0,0> }
	no_shadow
}
cylinder {
	<25.459463, 34.658092, 30.986351>,  <25.095966, 34.822811, 30.959181>, 0.100000
	pigment { color rgbt <1,0,0,0> }
	no_shadow
}

// particle -1
sphere {
	<25.459463, 34.658092, 30.986351> 0.100000
	pigment { color rgbt <1,0,0,0> }
	no_shadow
}
sphere {
	0, 1
	scale<0.080000,0.200000,0.300000>
	matrix <0.144780, 0.158388, -0.976705,
		0.391445, 0.897405, 0.203553,
		0.908740, -0.411797, 0.067926,
		25.732086, 34.534554, 31.006729>
	pigment { color rgbt <0,1,1,0> }
	no_shadow
}
cylinder {
	<25.654713, 35.227146, 30.587065>,  <25.095966, 34.822811, 30.959181>, 0.130000
	pigment { color rgbt <1,0,0,0> }
	no_shadow
}

// nucleotide -1

// particle -1
sphere {
	<25.654713, 35.227146, 30.587065> 0.250000
	pigment { color rgbt <1,0,0,0> }
	no_shadow
}
cylinder {
	<25.753761, 34.839611, 30.589235>,  <25.813190, 34.607090, 30.590538>, 0.100000
	pigment { color rgbt <1,0,0,0> }
	no_shadow
}
cylinder {
	<25.753761, 34.839611, 30.589235>,  <25.654713, 35.227146, 30.587065>, 0.100000
	pigment { color rgbt <1,0,0,0> }
	no_shadow
}

// particle -1
sphere {
	<25.753761, 34.839611, 30.589235> 0.100000
	pigment { color rgbt <1,0,0,0> }
	no_shadow
}
sphere {
	0, 1
	scale<0.080000,0.200000,0.300000>
	matrix <0.139365, 0.030078, -0.989784,
		0.958781, 0.245846, 0.142471,
		0.247620, -0.968842, 0.005424,
		25.828047, 34.548958, 30.590862>
	pigment { color rgbt <0,1,1,0> }
	no_shadow
}
cylinder {
	<26.420391, 35.012955, 30.354980>,  <25.654713, 35.227146, 30.587065>, 0.130000
	pigment { color rgbt <1,0,0,0> }
	no_shadow
}

// nucleotide -1

// particle -1
sphere {
	<26.420391, 35.012955, 30.354980> 0.250000
	pigment { color rgbt <1,0,0,0> }
	no_shadow
}
cylinder {
	<26.129519, 34.750488, 30.274332>,  <25.954996, 34.593006, 30.225943>, 0.100000
	pigment { color rgbt <1,0,0,0> }
	no_shadow
}
cylinder {
	<26.129519, 34.750488, 30.274332>,  <26.420391, 35.012955, 30.354980>, 0.100000
	pigment { color rgbt <1,0,0,0> }
	no_shadow
}

// particle -1
sphere {
	<26.129519, 34.750488, 30.274332> 0.100000
	pigment { color rgbt <1,0,0,0> }
	no_shadow
}
sphere {
	0, 1
	scale<0.080000,0.200000,0.300000>
	matrix <0.160514, 0.123036, -0.979335,
		0.667417, -0.744516, 0.015855,
		-0.727179, -0.656170, -0.201622,
		25.911366, 34.553638, 30.213846>
	pigment { color rgbt <0,1,1,0> }
	no_shadow
}
cylinder {
	<26.631943, 34.424480, 30.009279>,  <26.420391, 35.012955, 30.354980>, 0.130000
	pigment { color rgbt <1,0,0,0> }
	no_shadow
}

// nucleotide -1

// particle -1
sphere {
	<26.631943, 34.424480, 30.009279> 0.250000
	pigment { color rgbt <1,0,0,0> }
	no_shadow
}
cylinder {
	<26.258894, 34.534603, 29.915966>,  <26.035065, 34.600677, 29.859978>, 0.100000
	pigment { color rgbt <1,0,0,0> }
	no_shadow
}
cylinder {
	<26.258894, 34.534603, 29.915966>,  <26.631943, 34.424480, 30.009279>, 0.100000
	pigment { color rgbt <1,0,0,0> }
	no_shadow
}

// particle -1
sphere {
	<26.258894, 34.534603, 29.915966> 0.100000
	pigment { color rgbt <1,0,0,0> }
	no_shadow
}
sphere {
	0, 1
	scale<0.080000,0.200000,0.300000>
	matrix <0.289911, 0.186713, -0.938664,
		-0.214867, -0.943050, -0.253948,
		-0.932622, 0.275311, -0.233282,
		25.979107, 34.617195, 29.845982>
	pigment { color rgbt <0,1,1,0> }
	no_shadow
}
cylinder {
	<26.679283, 33.916344, 30.532511>,  <26.631943, 34.424480, 30.009279>, 0.130000
	pigment { color rgbt <1,0,0,0> }
	no_shadow
}

// nucleotide -1

// particle -1
sphere {
	<26.679283, 33.916344, 30.532511> 0.250000
	pigment { color rgbt <1,0,0,0> }
	no_shadow
}
cylinder {
	<26.466606, 34.251442, 30.582273>,  <26.338999, 34.452503, 30.612131>, 0.100000
	pigment { color rgbt <1,0,0,0> }
	no_shadow
}
cylinder {
	<26.466606, 34.251442, 30.582273>,  <26.679283, 33.916344, 30.532511>, 0.100000
	pigment { color rgbt <1,0,0,0> }
	no_shadow
}

// particle -1
sphere {
	<26.466606, 34.251442, 30.582273> 0.100000
	pigment { color rgbt <1,0,0,0> }
	no_shadow
}
sphere {
	0, 1
	scale<0.080000,0.200000,0.300000>
	matrix <-0.203335, -0.268859, 0.941472,
		0.822166, 0.475279, 0.313294,
		-0.531693, 0.837750, 0.124406,
		26.307098, 34.502766, 30.619595>
	pigment { color rgbt <0,1,1,0> }
	no_shadow
}
cylinder {
	<27.020754, 34.164459, 31.102266>,  <26.679283, 33.916344, 30.532511>, 0.130000
	pigment { color rgbt <1,0,0,0> }
	no_shadow
}

// nucleotide -1

// particle -1
sphere {
	<27.020754, 34.164459, 31.102266> 0.250000
	pigment { color rgbt <1,0,0,0> }
	no_shadow
}
cylinder {
	<26.647146, 34.303036, 31.067423>,  <26.422981, 34.386181, 31.046516>, 0.100000
	pigment { color rgbt <1,0,0,0> }
	no_shadow
}
cylinder {
	<26.647146, 34.303036, 31.067423>,  <27.020754, 34.164459, 31.102266>, 0.100000
	pigment { color rgbt <1,0,0,0> }
	no_shadow
}

// particle -1
sphere {
	<26.647146, 34.303036, 31.067423> 0.100000
	pigment { color rgbt <1,0,0,0> }
	no_shadow
}
sphere {
	0, 1
	scale<0.080000,0.200000,0.300000>
	matrix <-0.113294, -0.056025, 0.991981,
		0.338785, 0.936397, 0.091578,
		-0.934018, 0.346443, -0.087108,
		26.366941, 34.406967, 31.041290>
	pigment { color rgbt <0,1,1,0> }
	no_shadow
}
cylinder {
	<27.016338, 34.625706, 31.685581>,  <27.020754, 34.164459, 31.102266>, 0.130000
	pigment { color rgbt <1,0,0,0> }
	no_shadow
}

// nucleotide -1

// particle -1
sphere {
	<27.016338, 34.625706, 31.685581> 0.250000
	pigment { color rgbt <1,0,0,0> }
	no_shadow
}
cylinder {
	<26.636042, 34.549240, 31.587973>,  <26.407864, 34.503361, 31.529408>, 0.100000
	pigment { color rgbt <1,0,0,0> }
	no_shadow
}
cylinder {
	<26.636042, 34.549240, 31.587973>,  <27.016338, 34.625706, 31.685581>, 0.100000
	pigment { color rgbt <1,0,0,0> }
	no_shadow
}

// particle -1
sphere {
	<26.636042, 34.549240, 31.587973> 0.100000
	pigment { color rgbt <1,0,0,0> }
	no_shadow
}
sphere {
	0, 1
	scale<0.080000,0.200000,0.300000>
	matrix <-0.258873, 0.056617, 0.964251,
		-0.170516, 0.979923, -0.103315,
		-0.950741, -0.191166, -0.244022,
		26.350819, 34.491890, 31.514767>
	pigment { color rgbt <0,1,1,0> }
	no_shadow
}
cylinder {
	<26.521906, 35.129566, 32.015469>,  <27.016338, 34.625706, 31.685581>, 0.130000
	pigment { color rgbt <1,0,0,0> }
	no_shadow
}

// nucleotide -1

// particle -1
sphere {
	<26.521906, 35.129566, 32.015469> 0.250000
	pigment { color rgbt <1,0,0,0> }
	no_shadow
}
cylinder {
	<26.286396, 34.816257, 31.935633>,  <26.145090, 34.628273, 31.887732>, 0.100000
	pigment { color rgbt <1,0,0,0> }
	no_shadow
}
cylinder {
	<26.286396, 34.816257, 31.935633>,  <26.521906, 35.129566, 32.015469>, 0.100000
	pigment { color rgbt <1,0,0,0> }
	no_shadow
}

// particle -1
sphere {
	<26.286396, 34.816257, 31.935633> 0.100000
	pigment { color rgbt <1,0,0,0> }
	no_shadow
}
sphere {
	0, 1
	scale<0.080000,0.200000,0.300000>
	matrix <-0.258677, -0.051350, 0.964598,
		-0.765787, 0.619561, -0.172380,
		-0.588776, -0.783267, -0.199589,
		26.109764, 34.581276, 31.875755>
	pigment { color rgbt <0,1,1,0> }
	no_shadow
}
cylinder {
	<25.838495, 35.299179, 32.018921>,  <26.521906, 35.129566, 32.015469>, 0.130000
	pigment { color rgbt <1,0,0,0> }
	no_shadow
}

// nucleotide -1

// particle -1
sphere {
	<25.838495, 35.299179, 32.018921> 0.250000
	pigment { color rgbt <1,0,0,0> }
	no_shadow
}
cylinder {
	<25.903692, 34.919621, 32.127010>,  <25.942810, 34.691883, 32.191864>, 0.100000
	pigment { color rgbt <1,0,0,0> }
	no_shadow
}
cylinder {
	<25.903692, 34.919621, 32.127010>,  <25.838495, 35.299179, 32.018921>, 0.100000
	pigment { color rgbt <1,0,0,0> }
	no_shadow
}

// particle -1
sphere {
	<25.903692, 34.919621, 32.127010> 0.100000
	pigment { color rgbt <1,0,0,0> }
	no_shadow
}
sphere {
	0, 1
	scale<0.080000,0.200000,0.300000>
	matrix <-0.398269, 0.187304, 0.897942,
		-0.902672, -0.253978, -0.347389,
		0.162990, -0.948900, 0.270226,
		25.952589, 34.634949, 32.208076>
	pigment { color rgbt <0,1,1,0> }
	no_shadow
}
cylinder {
	<25.251144, 35.158905, 31.718697>,  <25.838495, 35.299179, 32.018921>, 0.130000
	pigment { color rgbt <1,0,0,0> }
	no_shadow
}

// nucleotide -1

// particle -1
sphere {
	<25.251144, 35.158905, 31.718697> 0.250000
	pigment { color rgbt <1,0,0,0> }
	no_shadow
}
cylinder {
	<25.164927, 34.768311, 31.719950>,  <25.113195, 34.533955, 31.720701>, 0.100000
	pigment { color rgbt <1,0,0,0> }
	no_shadow
}
cylinder {
	<25.164927, 34.768311, 31.719950>,  <25.251144, 35.158905, 31.718697>, 0.100000
	pigment { color rgbt <1,0,0,0> }
	no_shadow
}

// particle -1
sphere {
	<25.164927, 34.768311, 31.719950> 0.100000
	pigment { color rgbt <1,0,0,0> }
	no_shadow
}
sphere {
	0, 1
	scale<0.080000,0.200000,0.300000>
	matrix <-0.052656, 0.014826, 0.998503,
		-0.975074, 0.215056, -0.054613,
		-0.215543, -0.976489, 0.003132,
		25.100264, 34.475365, 31.720890>
	pigment { color rgbt <0,1,1,0> }
	no_shadow
}
cylinder {
	<24.735598, 35.092529, 32.147293>,  <25.251144, 35.158905, 31.718697>, 0.130000
	pigment { color rgbt <1,0,0,0> }
	no_shadow
}

// nucleotide -1

// particle -1
sphere {
	<24.735598, 35.092529, 32.147293> 0.250000
	pigment { color rgbt <1,0,0,0> }
	no_shadow
}
cylinder {
	<24.920406, 34.737835, 32.153332>,  <25.031292, 34.525017, 32.156956>, 0.100000
	pigment { color rgbt <1,0,0,0> }
	no_shadow
}
cylinder {
	<24.920406, 34.737835, 32.153332>,  <24.735598, 35.092529, 32.147293>, 0.100000
	pigment { color rgbt <1,0,0,0> }
	no_shadow
}

// particle -1
sphere {
	<24.920406, 34.737835, 32.153332> 0.100000
	pigment { color rgbt <1,0,0,0> }
	no_shadow
}
sphere {
	0, 1
	scale<0.080000,0.200000,0.300000>
	matrix <-0.048056, -0.008036, 0.998812,
		-0.885566, -0.462198, -0.046326,
		0.462021, -0.886740, 0.015095,
		25.059013, 34.471813, 32.157860>
	pigment { color rgbt <0,1,1,0> }
	no_shadow
}
cylinder {
	<24.427429, 34.681885, 32.675617>,  <24.735598, 35.092529, 32.147293>, 0.130000
	pigment { color rgbt <1,0,0,0> }
	no_shadow
}

// nucleotide -1

// particle -1
sphere {
	<24.427429, 34.681885, 32.675617> 0.250000
	pigment { color rgbt <1,0,0,0> }
	no_shadow
}
cylinder {
	<24.786835, 34.514858, 32.621494>,  <25.002478, 34.414642, 32.589020>, 0.100000
	pigment { color rgbt <1,0,0,0> }
	no_shadow
}
cylinder {
	<24.786835, 34.514858, 32.621494>,  <24.427429, 34.681885, 32.675617>, 0.100000
	pigment { color rgbt <1,0,0,0> }
	no_shadow
}

// particle -1
sphere {
	<24.786835, 34.514858, 32.621494> 0.100000
	pigment { color rgbt <1,0,0,0> }
	no_shadow
}
sphere {
	0, 1
	scale<0.080000,0.200000,0.300000>
	matrix <0.069001, -0.170053, 0.983016,
		-0.433487, -0.892590, -0.123982,
		0.898514, -0.417570, -0.135305,
		25.056389, 34.389587, 32.580902>
	pigment { color rgbt <0,1,1,0> }
	no_shadow
}
cylinder {
	<24.372644, 33.938137, 33.019180>,  <24.427429, 34.681885, 32.675617>, 0.130000
	pigment { color rgbt <1,0,0,0> }
	no_shadow
}

// nucleotide -1

// particle -1
sphere {
	<24.372644, 33.938137, 33.019180> 0.250000
	pigment { color rgbt <1,0,0,0> }
	no_shadow
}
cylinder {
	<24.748131, 34.072533, 32.988403>,  <24.973423, 34.153172, 32.969936>, 0.100000
	pigment { color rgbt <1,0,0,0> }
	no_shadow
}
cylinder {
	<24.748131, 34.072533, 32.988403>,  <24.372644, 33.938137, 33.019180>, 0.100000
	pigment { color rgbt <1,0,0,0> }
	no_shadow
}

// particle -1
sphere {
	<24.748131, 34.072533, 32.988403> 0.100000
	pigment { color rgbt <1,0,0,0> }
	no_shadow
}
sphere {
	0, 1
	scale<0.080000,0.200000,0.300000>
	matrix <0.087038, -0.015080, 0.996091,
		0.333516, -0.941745, -0.043400,
		0.938718, 0.335990, -0.076938,
		25.029747, 34.173328, 32.965321>
	pigment { color rgbt <0,1,1,0> }
	no_shadow
}
cylinder {
	<24.724316, 33.642967, 33.461971>,  <24.372644, 33.938137, 33.019180>, 0.130000
	pigment { color rgbt <1,0,0,0> }
	no_shadow
}

// nucleotide -1

// particle -1
sphere {
	<24.724316, 33.642967, 33.461971> 0.250000
	pigment { color rgbt <1,0,0,0> }
	no_shadow
}
cylinder {
	<24.952194, 33.961658, 33.381302>,  <25.088921, 34.152874, 33.332901>, 0.100000
	pigment { color rgbt <1,0,0,0> }
	no_shadow
}
cylinder {
	<24.952194, 33.961658, 33.381302>,  <24.724316, 33.642967, 33.461971>, 0.100000
	pigment { color rgbt <1,0,0,0> }
	no_shadow
}

// particle -1
sphere {
	<24.952194, 33.961658, 33.381302> 0.100000
	pigment { color rgbt <1,0,0,0> }
	no_shadow
}
sphere {
	0, 1
	scale<0.080000,0.200000,0.300000>
	matrix <0.388806, -0.045082, 0.920216,
		0.724069, -0.602656, -0.335455,
		0.569697, 0.796727, -0.201674,
		25.123104, 34.200676, 33.320801>
	pigment { color rgbt <0,1,1,0> }
	no_shadow
}
cylinder {
	<25.233068, 33.066483, 33.074856>,  <24.724316, 33.642967, 33.461971>, 0.130000
	pigment { color rgbt <1,0,0,0> }
	no_shadow
}

// nucleotide -1

// particle -1
sphere {
	<25.233068, 33.066483, 33.074856> 0.250000
	pigment { color rgbt <1,0,0,0> }
	no_shadow
}
cylinder {
	<25.369808, 33.430473, 33.168736>,  <25.451853, 33.648869, 33.225063>, 0.100000
	pigment { color rgbt <1,0,0,0> }
	no_shadow
}
cylinder {
	<25.369808, 33.430473, 33.168736>,  <25.233068, 33.066483, 33.074856>, 0.100000
	pigment { color rgbt <1,0,0,0> }
	no_shadow
}

// particle -1
sphere {
	<25.369808, 33.430473, 33.168736> 0.100000
	pigment { color rgbt <1,0,0,0> }
	no_shadow
}
sphere {
	0, 1
	scale<0.080000,0.200000,0.300000>
	matrix <0.090870, -0.280588, 0.955517,
		0.935351, -0.305317, -0.178608,
		0.341851, 0.909974, 0.234704,
		25.472364, 33.703465, 33.239147>
	pigment { color rgbt <0,1,1,0> }
	no_shadow
}
cylinder {
	<25.799473, 33.043140, 33.612133>,  <25.233068, 33.066483, 33.074856>, 0.130000
	pigment { color rgbt <1,0,0,0> }
	no_shadow
}

// nucleotide -1

// particle -1
sphere {
	<25.799473, 33.043140, 33.612133> 0.250000
	pigment { color rgbt <1,0,0,0> }
	no_shadow
}
cylinder {
	<25.707893, 33.430386, 33.652794>,  <25.652946, 33.662735, 33.677193>, 0.100000
	pigment { color rgbt <1,0,0,0> }
	no_shadow
}
cylinder {
	<25.707893, 33.430386, 33.652794>,  <25.799473, 33.043140, 33.612133>, 0.100000
	pigment { color rgbt <1,0,0,0> }
	no_shadow
}

// particle -1
sphere {
	<25.707893, 33.430386, 33.652794> 0.100000
	pigment { color rgbt <1,0,0,0> }
	no_shadow
}
sphere {
	0, 1
	scale<0.080000,0.200000,0.300000>
	matrix <0.274624, -0.035952, 0.960879,
		0.933897, 0.247908, -0.257637,
		-0.228947, 0.968116, 0.101657,
		25.639210, 33.720821, 33.683292>
	pigment { color rgbt <0,1,1,0> }
	no_shadow
}
cylinder {
	<26.394613, 33.293484, 33.836937>,  <25.799473, 33.043140, 33.612133>, 0.130000
	pigment { color rgbt <1,0,0,0> }
	no_shadow
}

// nucleotide -1

// particle -1
sphere {
	<26.394613, 33.293484, 33.836937> 0.250000
	pigment { color rgbt <1,0,0,0> }
	no_shadow
}
cylinder {
	<26.094885, 33.537964, 33.938885>,  <25.915049, 33.684650, 34.000053>, 0.100000
	pigment { color rgbt <1,0,0,0> }
	no_shadow
}
cylinder {
	<26.094885, 33.537964, 33.938885>,  <26.394613, 33.293484, 33.836937>, 0.100000
	pigment { color rgbt <1,0,0,0> }
	no_shadow
}

// particle -1
sphere {
	<26.094885, 33.537964, 33.938885> 0.100000
	pigment { color rgbt <1,0,0,0> }
	no_shadow
}
sphere {
	0, 1
	scale<0.080000,0.200000,0.300000>
	matrix <0.341230, 0.026524, 0.939606,
		0.567524, 0.791034, -0.228434,
		-0.749319, 0.611197, 0.254871,
		25.870089, 33.721321, 34.015347>
	pigment { color rgbt <0,1,1,0> }
	no_shadow
}
cylinder {
	<26.930616, 32.833897, 33.872028>,  <26.394613, 33.293484, 33.836937>, 0.130000
	pigment { color rgbt <1,0,0,0> }
	no_shadow
}

// nucleotide -1

// particle -1
sphere {
	<26.930616, 32.833897, 33.872028> 0.250000
	pigment { color rgbt <1,0,0,0> }
	no_shadow
}
cylinder {
	<27.254040, 32.737106, 33.657486>,  <27.448093, 32.679031, 33.528759>, 0.100000
	pigment { color rgbt <1,0,0,0> }
	no_shadow
}
cylinder {
	<27.254040, 32.737106, 33.657486>,  <26.930616, 32.833897, 33.872028>, 0.100000
	pigment { color rgbt <1,0,0,0> }
	no_shadow
}

// particle -1
sphere {
	<27.254040, 32.737106, 33.657486> 0.100000
	pigment { color rgbt <1,0,0,0> }
	no_shadow
}
sphere {
	0, 1
	scale<0.080000,0.200000,0.300000>
	matrix <0.353372, -0.529164, 0.771437,
		-0.470490, -0.813286, -0.342353,
		0.808559, -0.241975, -0.536358,
		27.496609, 32.664513, 33.496578>
	pigment { color rgbt <0,1,1,0> }
	no_shadow
}
cylinder {
	<26.932356, 32.108276, 33.747272>,  <26.930616, 32.833897, 33.872028>, 0.130000
	pigment { color rgbt <1,0,0,0> }
	no_shadow
}

// nucleotide -1

// particle -1
sphere {
	<26.932356, 32.108276, 33.747272> 0.250000
	pigment { color rgbt <1,0,0,0> }
	no_shadow
}
cylinder {
	<27.268084, 32.323223, 33.780197>,  <27.469521, 32.452190, 33.799953>, 0.100000
	pigment { color rgbt <1,0,0,0> }
	no_shadow
}
cylinder {
	<27.268084, 32.323223, 33.780197>,  <26.932356, 32.108276, 33.747272>, 0.100000
	pigment { color rgbt <1,0,0,0> }
	no_shadow
}

// particle -1
sphere {
	<27.268084, 32.323223, 33.780197> 0.100000
	pigment { color rgbt <1,0,0,0> }
	no_shadow
}
sphere {
	0, 1
	scale<0.080000,0.200000,0.300000>
	matrix <0.171871, -0.405935, 0.897595,
		0.515754, -0.739223, -0.433068,
		0.839320, 0.537370, 0.082311,
		27.519880, 32.484432, 33.804890>
	pigment { color rgbt <0,1,1,0> }
	no_shadow
}
cylinder {
	<27.488237, 31.654900, 33.720062>,  <26.932356, 32.108276, 33.747272>, 0.130000
	pigment { color rgbt <1,0,0,0> }
	no_shadow
}

// nucleotide -1

// particle -1
sphere {
	<27.488237, 31.654900, 33.720062> 0.250000
	pigment { color rgbt <1,0,0,0> }
	no_shadow
}
cylinder {
	<27.607428, 31.972242, 33.932400>,  <27.678942, 32.162647, 34.059803>, 0.100000
	pigment { color rgbt <1,0,0,0> }
	no_shadow
}
cylinder {
	<27.607428, 31.972242, 33.932400>,  <27.488237, 31.654900, 33.720062>, 0.100000
	pigment { color rgbt <1,0,0,0> }
	no_shadow
}

// particle -1
sphere {
	<27.607428, 31.972242, 33.932400> 0.100000
	pigment { color rgbt <1,0,0,0> }
	no_shadow
}
sphere {
	0, 1
	scale<0.080000,0.200000,0.300000>
	matrix <0.069388, -0.572635, 0.816868,
		0.952048, -0.206572, -0.225681,
		0.297975, 0.793358, 0.530843,
		27.696819, 32.210251, 34.091652>
	pigment { color rgbt <0,1,1,0> }
	no_shadow
}
cylinder {
	<27.870695, 31.247023, 34.151581>,  <27.488237, 31.654900, 33.720062>, 0.130000
	pigment { color rgbt <1,0,0,0> }
	no_shadow
}

// nucleotide -1

// particle -1
sphere {
	<27.870695, 31.247023, 34.151581> 0.250000
	pigment { color rgbt <1,0,0,0> }
	no_shadow
}
cylinder {
	<27.803991, 31.610424, 34.304848>,  <27.763969, 31.828465, 34.396809>, 0.100000
	pigment { color rgbt <1,0,0,0> }
	no_shadow
}
cylinder {
	<27.803991, 31.610424, 34.304848>,  <27.870695, 31.247023, 34.151581>, 0.100000
	pigment { color rgbt <1,0,0,0> }
	no_shadow
}

// particle -1
sphere {
	<27.803991, 31.610424, 34.304848> 0.100000
	pigment { color rgbt <1,0,0,0> }
	no_shadow
}
sphere {
	0, 1
	scale<0.080000,0.200000,0.300000>
	matrix <0.165744, -0.357250, 0.919185,
		0.971968, 0.216789, -0.091004,
		-0.166758, 0.908502, 0.383167,
		27.753963, 31.882975, 34.419796>
	pigment { color rgbt <0,1,1,0> }
	no_shadow
}
cylinder {
	<28.374205, 31.419319, 34.533596>,  <27.870695, 31.247023, 34.151581>, 0.130000
	pigment { color rgbt <1,0,0,0> }
	no_shadow
}

// nucleotide -1

// particle -1
sphere {
	<28.374205, 31.419319, 34.533596> 0.250000
	pigment { color rgbt <1,0,0,0> }
	no_shadow
}
cylinder {
	<28.053408, 31.601316, 34.688408>,  <27.860929, 31.710514, 34.781296>, 0.100000
	pigment { color rgbt <1,0,0,0> }
	no_shadow
}
cylinder {
	<28.053408, 31.601316, 34.688408>,  <28.374205, 31.419319, 34.533596>, 0.100000
	pigment { color rgbt <1,0,0,0> }
	no_shadow
}

// particle -1
sphere {
	<28.053408, 31.601316, 34.688408> 0.100000
	pigment { color rgbt <1,0,0,0> }
	no_shadow
}
sphere {
	0, 1
	scale<0.080000,0.200000,0.300000>
	matrix <0.144025, -0.481525, 0.864517,
		0.579714, 0.749077, 0.320649,
		-0.801991, 0.454991, 0.387033,
		27.812811, 31.737814, 34.804516>
	pigment { color rgbt <0,1,1,0> }
	no_shadow
}
cylinder {
	<28.705179, 31.566753, 35.305805>,  <28.374205, 31.419319, 34.533596>, 0.130000
	pigment { color rgbt <1,0,0,0> }
	no_shadow
}

// nucleotide -1

// particle -1
sphere {
	<28.705179, 31.566753, 35.305805> 0.250000
	pigment { color rgbt <1,0,0,0> }
	no_shadow
}
cylinder {
	<28.317228, 31.662210, 35.325356>,  <28.084457, 31.719484, 35.337086>, 0.100000
	pigment { color rgbt <1,0,0,0> }
	no_shadow
}
cylinder {
	<28.317228, 31.662210, 35.325356>,  <28.705179, 31.566753, 35.305805>, 0.100000
	pigment { color rgbt <1,0,0,0> }
	no_shadow
}

// particle -1
sphere {
	<28.317228, 31.662210, 35.325356> 0.100000
	pigment { color rgbt <1,0,0,0> }
	no_shadow
}
sphere {
	0, 1
	scale<0.080000,0.200000,0.300000>
	matrix <0.009008, -0.165378, 0.986189,
		0.243429, 0.956922, 0.158246,
		-0.969877, 0.238642, 0.048878,
		28.026266, 31.733803, 35.340019>
	pigment { color rgbt <0,1,1,0> }
	no_shadow
}
cylinder {
	<28.592337, 32.004852, 35.906807>,  <28.705179, 31.566753, 35.305805>, 0.130000
	pigment { color rgbt <1,0,0,0> }
	no_shadow
}

// nucleotide -1

// particle -1
sphere {
	<28.592337, 32.004852, 35.906807> 0.250000
	pigment { color rgbt <1,0,0,0> }
	no_shadow
}
cylinder {
	<28.254221, 31.815718, 35.807281>,  <28.051352, 31.702236, 35.747566>, 0.100000
	pigment { color rgbt <1,0,0,0> }
	no_shadow
}
cylinder {
	<28.254221, 31.815718, 35.807281>,  <28.592337, 32.004852, 35.906807>, 0.100000
	pigment { color rgbt <1,0,0,0> }
	no_shadow
}

// particle -1
sphere {
	<28.254221, 31.815718, 35.807281> 0.100000
	pigment { color rgbt <1,0,0,0> }
	no_shadow
}
sphere {
	0, 1
	scale<0.080000,0.200000,0.300000>
	matrix <-0.081878, -0.345543, 0.934824,
		-0.527999, 0.810569, 0.253368,
		-0.845289, -0.472841, -0.248814,
		28.000635, 31.673866, 35.732635>
	pigment { color rgbt <0,1,1,0> }
	no_shadow
}
cylinder {
	<28.091448, 32.192734, 36.465618>,  <28.592337, 32.004852, 35.906807>, 0.130000
	pigment { color rgbt <1,0,0,0> }
	no_shadow
}

// nucleotide -1

// particle -1
sphere {
	<28.091448, 32.192734, 36.465618> 0.250000
	pigment { color rgbt <1,0,0,0> }
	no_shadow
}
cylinder {
	<27.882076, 31.932077, 36.246025>,  <27.756453, 31.775684, 36.114269>, 0.100000
	pigment { color rgbt <1,0,0,0> }
	no_shadow
}
cylinder {
	<27.882076, 31.932077, 36.246025>,  <28.091448, 32.192734, 36.465618>, 0.100000
	pigment { color rgbt <1,0,0,0> }
	no_shadow
}

// particle -1
sphere {
	<27.882076, 31.932077, 36.246025> 0.100000
	pigment { color rgbt <1,0,0,0> }
	no_shadow
}
sphere {
	0, 1
	scale<0.080000,0.200000,0.300000>
	matrix <-0.369737, -0.406773, 0.835362,
		-0.767668, 0.640234, -0.028019,
		-0.523430, -0.651641, -0.548985,
		27.725046, 31.736586, 36.081329>
	pigment { color rgbt <0,1,1,0> }
	no_shadow
}
cylinder {
	<27.315212, 32.135944, 36.589497>,  <28.091448, 32.192734, 36.465618>, 0.130000
	pigment { color rgbt <1,0,0,0> }
	no_shadow
}

// nucleotide -1

// particle -1
sphere {
	<27.315212, 32.135944, 36.589497> 0.250000
	pigment { color rgbt <1,0,0,0> }
	no_shadow
}
cylinder {
	<27.451704, 31.784000, 36.457188>,  <27.533600, 31.572834, 36.377804>, 0.100000
	pigment { color rgbt <1,0,0,0> }
	no_shadow
}
cylinder {
	<27.451704, 31.784000, 36.457188>,  <27.315212, 32.135944, 36.589497>, 0.100000
	pigment { color rgbt <1,0,0,0> }
	no_shadow
}

// particle -1
sphere {
	<27.451704, 31.784000, 36.457188> 0.100000
	pigment { color rgbt <1,0,0,0> }
	no_shadow
}
sphere {
	0, 1
	scale<0.080000,0.200000,0.300000>
	matrix <-0.275578, -0.430069, 0.859708,
		-0.898676, -0.202207, -0.389223,
		0.341231, -0.879860, -0.330769,
		27.554073, 31.520042, 36.357956>
	pigment { color rgbt <0,1,1,0> }
	no_shadow
}
cylinder {
	<27.026857, 31.673834, 36.978237>,  <27.315212, 32.135944, 36.589497>, 0.130000
	pigment { color rgbt <1,0,0,0> }
	no_shadow
}

// nucleotide -1

// particle -1
sphere {
	<27.026857, 31.673834, 36.978237> 0.250000
	pigment { color rgbt <1,0,0,0> }
	no_shadow
}
cylinder {
	<27.260532, 31.423164, 36.771935>,  <27.400738, 31.272762, 36.648155>, 0.100000
	pigment { color rgbt <1,0,0,0> }
	no_shadow
}
cylinder {
	<27.260532, 31.423164, 36.771935>,  <27.026857, 31.673834, 36.978237>, 0.100000
	pigment { color rgbt <1,0,0,0> }
	no_shadow
}

// particle -1
sphere {
	<27.260532, 31.423164, 36.771935> 0.100000
	pigment { color rgbt <1,0,0,0> }
	no_shadow
}
sphere {
	0, 1
	scale<0.080000,0.200000,0.300000>
	matrix <0.035352, -0.615214, 0.787567,
		-0.810848, -0.478320, -0.337246,
		0.584188, -0.626675, -0.515755,
		27.435789, 31.235163, 36.617207>
	pigment { color rgbt <0,1,1,0> }
	no_shadow
}
cylinder {
	<26.696611, 31.028316, 37.121555>,  <27.026857, 31.673834, 36.978237>, 0.130000
	pigment { color rgbt <1,0,0,0> }
	no_shadow
}

// nucleotide -1

// particle -1
sphere {
	<26.696611, 31.028316, 37.121555> 0.250000
	pigment { color rgbt <1,0,0,0> }
	no_shadow
}
cylinder {
	<27.052153, 30.915060, 36.977459>,  <27.265478, 30.847107, 36.891003>, 0.100000
	pigment { color rgbt <1,0,0,0> }
	no_shadow
}
cylinder {
	<27.052153, 30.915060, 36.977459>,  <26.696611, 31.028316, 37.121555>, 0.100000
	pigment { color rgbt <1,0,0,0> }
	no_shadow
}

// particle -1
sphere {
	<27.052153, 30.915060, 36.977459> 0.100000
	pigment { color rgbt <1,0,0,0> }
	no_shadow
}
sphere {
	0, 1
	scale<0.080000,0.200000,0.300000>
	matrix <0.097699, -0.651016, 0.752750,
		-0.447653, -0.704280, -0.550996,
		0.888854, -0.283139, -0.360237,
		27.318810, 30.830118, 36.869389>
	pigment { color rgbt <0,1,1,0> }
	no_shadow
}
cylinder {
	<26.807434, 30.215672, 37.055298>,  <26.696611, 31.028316, 37.121555>, 0.130000
	pigment { color rgbt <1,0,0,0> }
	no_shadow
}

// nucleotide -1

// particle -1
sphere {
	<26.807434, 30.215672, 37.055298> 0.250000
	pigment { color rgbt <1,0,0,0> }
	no_shadow
}
cylinder {
	<27.134571, 30.422737, 37.155819>,  <27.330854, 30.546976, 37.216133>, 0.100000
	pigment { color rgbt <1,0,0,0> }
	no_shadow
}
cylinder {
	<27.134571, 30.422737, 37.155819>,  <26.807434, 30.215672, 37.055298>, 0.100000
	pigment { color rgbt <1,0,0,0> }
	no_shadow
}

// particle -1
sphere {
	<27.134571, 30.422737, 37.155819> 0.100000
	pigment { color rgbt <1,0,0,0> }
	no_shadow
}
sphere {
	0, 1
	scale<0.080000,0.200000,0.300000>
	matrix <0.072240, -0.525630, 0.847641,
		0.570887, -0.675084, -0.467280,
		0.817845, 0.517663, 0.251307,
		27.379925, 30.578035, 37.231213>
	pigment { color rgbt <0,1,1,0> }
	no_shadow
}
cylinder {
	<26.881121, 30.583241, 37.729694>,  <26.807434, 30.215672, 37.055298>, 0.130000
	pigment { color rgbt <1,0,0,0> }
	no_shadow
}

// nucleotide -1

// particle -1
sphere {
	<26.881121, 30.583241, 37.729694> 0.250000
	pigment { color rgbt <1,0,0,0> }
	no_shadow
}
cylinder {
	<27.072001, 30.525763, 38.076481>,  <27.186529, 30.491276, 38.284554>, 0.100000
	pigment { color rgbt <1,0,0,0> }
	no_shadow
}
cylinder {
	<27.072001, 30.525763, 38.076481>,  <26.881121, 30.583241, 37.729694>, 0.100000
	pigment { color rgbt <1,0,0,0> }
	no_shadow
}

// particle -1
sphere {
	<27.072001, 30.525763, 38.076481> 0.100000
	pigment { color rgbt <1,0,0,0> }
	no_shadow
}
sphere {
	0, 1
	scale<0.080000,0.200000,0.300000>
	matrix <0.439079, 0.893562, -0.093575,
		-0.761243, 0.425321, 0.489502,
		0.477200, -0.143697, 0.866967,
		27.215160, 30.482653, 38.336571>
	pigment { color rgbt <0,1,1,0> }
	no_shadow
}
cylinder {
	<27.557873, 30.713139, 38.043476>,  <26.881121, 30.583241, 37.729694>, 0.130000
	pigment { color rgbt <1,0,0,0> }
	no_shadow
}

// nucleotide -1

// particle -1
sphere {
	<27.557873, 30.713139, 38.043476> 0.250000
	pigment { color rgbt <1,0,0,0> }
	no_shadow
}
cylinder {
	<27.787113, 30.408804, 37.921703>,  <27.924658, 30.226202, 37.848640>, 0.100000
	pigment { color rgbt <1,0,0,0> }
	no_shadow
}
cylinder {
	<27.787113, 30.408804, 37.921703>,  <27.557873, 30.713139, 38.043476>, 0.100000
	pigment { color rgbt <1,0,0,0> }
	no_shadow
}

// particle -1
sphere {
	<27.787113, 30.408804, 37.921703> 0.100000
	pigment { color rgbt <1,0,0,0> }
	no_shadow
}
sphere {
	0, 1
	scale<0.080000,0.200000,0.300000>
	matrix <-0.115223, 0.292990, -0.949147,
		0.811343, 0.579036, 0.080247,
		0.573102, -0.760838, -0.304434,
		27.959044, 30.180553, 37.830372>
	pigment { color rgbt <0,1,1,0> }
	no_shadow
}
cylinder {
	<28.104265, 30.987675, 37.669891>,  <27.557873, 30.713139, 38.043476>, 0.130000
	pigment { color rgbt <1,0,0,0> }
	no_shadow
}

// nucleotide -1

// particle -1
sphere {
	<28.104265, 30.987675, 37.669891> 0.250000
	pigment { color rgbt <1,0,0,0> }
	no_shadow
}
cylinder {
	<27.992565, 30.621870, 37.552803>,  <27.925545, 30.402388, 37.482552>, 0.100000
	pigment { color rgbt <1,0,0,0> }
	no_shadow
}
cylinder {
	<27.992565, 30.621870, 37.552803>,  <28.104265, 30.987675, 37.669891>, 0.100000
	pigment { color rgbt <1,0,0,0> }
	no_shadow
}

// particle -1
sphere {
	<27.992565, 30.621870, 37.552803> 0.100000
	pigment { color rgbt <1,0,0,0> }
	no_shadow
}
sphere {
	0, 1
	scale<0.080000,0.200000,0.300000>
	matrix <-0.065945, 0.322391, -0.944307,
		0.957951, -0.244394, -0.150336,
		-0.279250, -0.914514, -0.292718,
		27.908791, 30.347515, 37.464989>
	pigment { color rgbt <0,1,1,0> }
	no_shadow
}
cylinder {
	<28.660376, 30.769846, 37.166359>,  <28.104265, 30.987675, 37.669891>, 0.130000
	pigment { color rgbt <1,0,0,0> }
	no_shadow
}

// nucleotide -1

// particle -1
sphere {
	<28.660376, 30.769846, 37.166359> 0.250000
	pigment { color rgbt <1,0,0,0> }
	no_shadow
}
cylinder {
	<28.279797, 30.648739, 37.144176>,  <28.051449, 30.576075, 37.130867>, 0.100000
	pigment { color rgbt <1,0,0,0> }
	no_shadow
}
cylinder {
	<28.279797, 30.648739, 37.144176>,  <28.660376, 30.769846, 37.166359>, 0.100000
	pigment { color rgbt <1,0,0,0> }
	no_shadow
}

// particle -1
sphere {
	<28.279797, 30.648739, 37.144176> 0.100000
	pigment { color rgbt <1,0,0,0> }
	no_shadow
}
sphere {
	0, 1
	scale<0.080000,0.200000,0.300000>
	matrix <-0.072578, 0.395757, -0.915483,
