// switches for output
#declare DRAW_BASES = 1; // possible values are 0, 1; only relevant for DNA ribbons
#declare DRAW_BASES_TYPE = 3; // possible values are 1, 2, 3; only relevant for DNA ribbons
#declare DRAW_FOG = 0; // set to 1 to enable fog

#include "colors.inc"

#include "transforms.inc"
background { rgb <1, 1, 1>}

#default {
   normal{
       ripples 0.25
       frequency 0.20
       turbulence 0.2
       lambda 5
   }
	finish {
		phong 0.1
		phong_size 40.
	}
}

// original window dimensions: 1024x640


// camera settings

camera {
	sky <0, 0.179814, -0.983701>
	up <0, 0.179814, -0.983701>
	right 1.6 * <1, 0, 0>
	location <35, 94.9851, 44.8844>
	look_at <35, 29.7336, 32.9568>
	direction <0, -65.2515, -11.9276>
	angle 67.0682
}


# declare cpy_camera_pos = <35, 94.9851, 44.8844>;
# if (DRAW_FOG = 1)
fog {
	fog_type 2
	up vnormalize(cpy_camera_pos)
	color rgbt<1,1,1,0.3>
	distance 1e-5
	fog_alt 3e-3
	fog_offset 56
}
# end


// LIGHTS

# declare lum = 6;
global_settings {
	ambient_light rgb lum * <0.05, 0.05, 0.05>
	max_trace_level 15
}# declare cpy_direct_light_amount = 0.25;
light_source
{	1000 * <-1, -1.16352, -0.803886>,
	rgb lum * cpy_direct_light_amount
	parallel
}

light_source
{	1000 * <1, 1.16352, 0.803886>,
	rgb lum * cpy_direct_light_amount
	parallel
}

// strand 0

// nucleotide -1

// particle -1
sphere {
	<24.150303, 35.366127, 34.518459> 0.250000
	pigment { color rgbt <1,0,0,0> }
	no_shadow
}
cylinder {
	<24.245150, 35.229069, 34.882080>,  <24.302057, 35.146832, 35.100250>, 0.100000
	pigment { color rgbt <1,0,0,0> }
	no_shadow
}
cylinder {
	<24.245150, 35.229069, 34.882080>,  <24.150303, 35.366127, 34.518459>, 0.100000
	pigment { color rgbt <1,0,0,0> }
	no_shadow
}

// particle -1
sphere {
	<24.245150, 35.229069, 34.882080> 0.100000
	pigment { color rgbt <1,0,0,0> }
	no_shadow
}
sphere {
	0, 1
	scale<0.080000,0.200000,0.300000>
	matrix <0.740661, -0.541754, -0.397397,
		0.628647, 0.767525, 0.125327,
		0.237115, -0.342648, 0.909048,
		24.316284, 35.126274, 35.154793>
	pigment { color rgbt <0,1,1,0> }
	no_shadow
}
cylinder {
	<23.895975, 35.559696, 33.892178>,  <24.150303, 35.366127, 34.518459>, 0.130000
	pigment { color rgbt <1,0,0,0> }
	no_shadow
}

// nucleotide -1

// particle -1
sphere {
	<23.895975, 35.559696, 33.892178> 0.250000
	pigment { color rgbt <1,0,0,0> }
	no_shadow
}
cylinder {
	<24.223263, 35.387341, 34.044415>,  <24.419636, 35.283928, 34.135757>, 0.100000
	pigment { color rgbt <1,0,0,0> }
	no_shadow
}
cylinder {
	<24.223263, 35.387341, 34.044415>,  <23.895975, 35.559696, 33.892178>, 0.100000
	pigment { color rgbt <1,0,0,0> }
	no_shadow
}

// particle -1
sphere {
	<24.223263, 35.387341, 34.044415> 0.100000
	pigment { color rgbt <1,0,0,0> }
	no_shadow
}
sphere {
	0, 1
	scale<0.080000,0.200000,0.300000>
	matrix <-0.037189, -0.700294, -0.712885,
		0.573703, 0.569142, -0.589018,
		0.818219, -0.430889, 0.380595,
		24.468729, 35.258076, 34.158592>
	pigment { color rgbt <0,1,1,0> }
	no_shadow
}
cylinder {
	<24.154636, 35.238140, 33.402866>,  <23.895975, 35.559696, 33.892178>, 0.130000
	pigment { color rgbt <1,0,0,0> }
	no_shadow
}

// nucleotide -1

// particle -1
sphere {
	<24.154636, 35.238140, 33.402866> 0.250000
	pigment { color rgbt <1,0,0,0> }
	no_shadow
}
cylinder {
	<24.406370, 35.073711, 33.666672>,  <24.557411, 34.975056, 33.824955>, 0.100000
	pigment { color rgbt <1,0,0,0> }
	no_shadow
}
cylinder {
	<24.406370, 35.073711, 33.666672>,  <24.154636, 35.238140, 33.402866>, 0.100000
	pigment { color rgbt <1,0,0,0> }
	no_shadow
}

// particle -1
sphere {
	<24.406370, 35.073711, 33.666672> 0.100000
	pigment { color rgbt <1,0,0,0> }
	no_shadow
}
sphere {
	0, 1
	scale<0.080000,0.200000,0.300000>
	matrix <0.095617, -0.801244, -0.590649,
		0.771229, 0.434777, -0.464946,
		0.629336, -0.411068, 0.659514,
		24.595171, 34.950390, 33.864525>
	pigment { color rgbt <0,1,1,0> }
	no_shadow
}
cylinder {
	<24.866240, 34.992477, 33.029282>,  <24.154636, 35.238140, 33.402866>, 0.130000
	pigment { color rgbt <1,0,0,0> }
	no_shadow
}

// nucleotide -1

// particle -1
sphere {
	<24.866240, 34.992477, 33.029282> 0.250000
	pigment { color rgbt <1,0,0,0> }
	no_shadow
}
cylinder {
	<24.838455, 34.775688, 33.364292>,  <24.821785, 34.645615, 33.565296>, 0.100000
	pigment { color rgbt <1,0,0,0> }
	no_shadow
}
cylinder {
	<24.838455, 34.775688, 33.364292>,  <24.866240, 34.992477, 33.029282>, 0.100000
	pigment { color rgbt <1,0,0,0> }
	no_shadow
}

// particle -1
sphere {
	<24.838455, 34.775688, 33.364292> 0.100000
	pigment { color rgbt <1,0,0,0> }
	no_shadow
}
sphere {
	0, 1
	scale<0.080000,0.200000,0.300000>
	matrix <0.240188, -0.823938, -0.513261,
		0.968238, 0.165512, 0.187405,
		-0.069460, -0.541971, 0.837522,
		24.817617, 34.613098, 33.615547>
	pigment { color rgbt <0,1,1,0> }
	no_shadow
}
cylinder {
	<25.475157, 34.613880, 33.067955>,  <24.866240, 34.992477, 33.029282>, 0.130000
	pigment { color rgbt <1,0,0,0> }
	no_shadow
}

// nucleotide -1

// particle -1
sphere {
	<25.475157, 34.613880, 33.067955> 0.250000
	pigment { color rgbt <1,0,0,0> }
	no_shadow
}
cylinder {
	<25.178959, 34.420547, 33.254742>,  <25.001240, 34.304546, 33.366814>, 0.100000
	pigment { color rgbt <1,0,0,0> }
	no_shadow
}
cylinder {
	<25.178959, 34.420547, 33.254742>,  <25.475157, 34.613880, 33.067955>, 0.100000
	pigment { color rgbt <1,0,0,0> }
	no_shadow
}

// particle -1
sphere {
	<25.178959, 34.420547, 33.254742> 0.100000
	pigment { color rgbt <1,0,0,0> }
	no_shadow
}
sphere {
	0, 1
	scale<0.080000,0.200000,0.300000>
	matrix <0.174041, -0.809035, -0.561401,
		0.649136, -0.334443, 0.683206,
		-0.740494, -0.483332, 0.466967,
		24.956810, 34.275547, 33.394833>
	pigment { color rgbt <0,1,1,0> }
	no_shadow
}
cylinder {
	<25.757982, 33.962574, 33.292004>,  <25.475157, 34.613880, 33.067955>, 0.130000
	pigment { color rgbt <1,0,0,0> }
	no_shadow
}

// nucleotide -1

// particle -1
sphere {
	<25.757982, 33.962574, 33.292004> 0.250000
	pigment { color rgbt <1,0,0,0> }
	no_shadow
}
cylinder {
	<25.365154, 33.918133, 33.231083>,  <25.129457, 33.891468, 33.194530>, 0.100000
	pigment { color rgbt <1,0,0,0> }
	no_shadow
}
cylinder {
	<25.365154, 33.918133, 33.231083>,  <25.757982, 33.962574, 33.292004>, 0.100000
	pigment { color rgbt <1,0,0,0> }
	no_shadow
}

// particle -1
sphere {
	<25.365154, 33.918133, 33.231083> 0.100000
	pigment { color rgbt <1,0,0,0> }
	no_shadow
}
sphere {
	0, 1
	scale<0.080000,0.200000,0.300000>
	matrix <0.186962, -0.677683, -0.711190,
		-0.024195, -0.726912, 0.686304,
		-0.982069, -0.111106, -0.152302,
		25.070534, 33.884800, 33.185390>
	pigment { color rgbt <0,1,1,0> }
	no_shadow
}
cylinder {
	<25.512629, 33.223171, 33.323578>,  <25.757982, 33.962574, 33.292004>, 0.130000
	pigment { color rgbt <1,0,0,0> }
	no_shadow
}

// nucleotide -1

// particle -1
sphere {
	<25.512629, 33.223171, 33.323578> 0.250000
	pigment { color rgbt <1,0,0,0> }
	no_shadow
}
cylinder {
	<25.235249, 33.404671, 33.099709>,  <25.068821, 33.513573, 32.965385>, 0.100000
	pigment { color rgbt <1,0,0,0> }
	no_shadow
}
cylinder {
	<25.235249, 33.404671, 33.099709>,  <25.512629, 33.223171, 33.323578>, 0.100000
	pigment { color rgbt <1,0,0,0> }
	no_shadow
}

// particle -1
sphere {
	<25.235249, 33.404671, 33.099709> 0.100000
	pigment { color rgbt <1,0,0,0> }
	no_shadow
}
sphere {
	0, 1
	scale<0.080000,0.200000,0.300000>
	matrix <0.110062, -0.700953, -0.704663,
		-0.712058, -0.550242, 0.436128,
		-0.693441, 0.453760, -0.559680,
		25.027214, 33.540798, 32.931805>
	pigment { color rgbt <0,1,1,0> }
	no_shadow
}
cylinder {
	<25.039143, 32.728542, 33.064537>,  <25.512629, 33.223171, 33.323578>, 0.130000
	pigment { color rgbt <1,0,0,0> }
	no_shadow
}

// nucleotide -1

// particle -1
sphere {
	<25.039143, 32.728542, 33.064537> 0.250000
	pigment { color rgbt <1,0,0,0> }
	no_shadow
}
cylinder {
	<25.073597, 33.053932, 32.834461>,  <25.094269, 33.249165, 32.696415>, 0.100000
	pigment { color rgbt <1,0,0,0> }
	no_shadow
}
cylinder {
	<25.073597, 33.053932, 32.834461>,  <25.039143, 32.728542, 33.064537>, 0.100000
	pigment { color rgbt <1,0,0,0> }
	no_shadow
}

// particle -1
sphere {
	<25.073597, 33.053932, 32.834461> 0.100000
	pigment { color rgbt <1,0,0,0> }
	no_shadow
}
sphere {
	0, 1
	scale<0.080000,0.200000,0.300000>
	matrix <0.091091, -0.581345, -0.808542,
		-0.992111, 0.017249, -0.124174,
		0.086135, 0.813474, -0.575187,
		25.099438, 33.297974, 32.661903>
	pigment { color rgbt <0,1,1,0> }
	no_shadow
}
cylinder {
	<24.729874, 32.567562, 32.496754>,  <25.039143, 32.728542, 33.064537>, 0.130000
	pigment { color rgbt <1,0,0,0> }
	no_shadow
}

// nucleotide -1

// particle -1
sphere {
	<24.729874, 32.567562, 32.496754> 0.250000
	pigment { color rgbt <1,0,0,0> }
	no_shadow
}
cylinder {
	<24.940634, 32.874111, 32.349758>,  <25.067089, 33.058041, 32.261559>, 0.100000
	pigment { color rgbt <1,0,0,0> }
	no_shadow
}
cylinder {
	<24.940634, 32.874111, 32.349758>,  <24.729874, 32.567562, 32.496754>, 0.100000
	pigment { color rgbt <1,0,0,0> }
	no_shadow
}

// particle -1
sphere {
	<24.940634, 32.874111, 32.349758> 0.100000
	pigment { color rgbt <1,0,0,0> }
	no_shadow
}
sphere {
	0, 1
	scale<0.080000,0.200000,0.300000>
	matrix <0.139956, -0.504712, -0.851867,
		-0.838326, 0.397414, -0.373191,
		0.526898, 0.766373, -0.367493,
		25.098703, 33.104023, 32.239510>
	pigment { color rgbt <0,1,1,0> }
	no_shadow
}
cylinder {
	<24.455601, 32.684490, 31.784424>,  <24.729874, 32.567562, 32.496754>, 0.130000
	pigment { color rgbt <1,0,0,0> }
	no_shadow
}

// nucleotide -1

// particle -1
sphere {
	<24.455601, 32.684490, 31.784424> 0.250000
	pigment { color rgbt <1,0,0,0> }
	no_shadow
}
cylinder {
	<24.827078, 32.832352, 31.796324>,  <25.049965, 32.921066, 31.803465>, 0.100000
	pigment { color rgbt <1,0,0,0> }
	no_shadow
}
cylinder {
	<24.827078, 32.832352, 31.796324>,  <24.455601, 32.684490, 31.784424>, 0.100000
	pigment { color rgbt <1,0,0,0> }
	no_shadow
}

// particle -1
sphere {
	<24.827078, 32.832352, 31.796324> 0.100000
	pigment { color rgbt <1,0,0,0> }
	no_shadow
}
sphere {
	0, 1
	scale<0.080000,0.200000,0.300000>
	matrix <0.220121, -0.484897, -0.846417,
		-0.298453, 0.792611, -0.531689,
		0.928694, 0.369651, 0.029752,
		25.105686, 32.943249, 31.805250>
	pigment { color rgbt <0,1,1,0> }
	no_shadow
}
cylinder {
	<24.597731, 32.917252, 31.129772>,  <24.455601, 32.684490, 31.784424>, 0.130000
	pigment { color rgbt <1,0,0,0> }
	no_shadow
}

// nucleotide -1

// particle -1
sphere {
	<24.597731, 32.917252, 31.129772> 0.250000
	pigment { color rgbt <1,0,0,0> }
	no_shadow
}
cylinder {
	<24.943205, 32.832703, 31.312799>,  <25.150490, 32.781975, 31.422615>, 0.100000
	pigment { color rgbt <1,0,0,0> }
	no_shadow
}
cylinder {
	<24.943205, 32.832703, 31.312799>,  <24.597731, 32.917252, 31.129772>, 0.100000
	pigment { color rgbt <1,0,0,0> }
	no_shadow
}

// particle -1
sphere {
	<24.943205, 32.832703, 31.312799> 0.100000
	pigment { color rgbt <1,0,0,0> }
	no_shadow
}
sphere {
	0, 1
	scale<0.080000,0.200000,0.300000>
	matrix <0.279645, -0.554326, -0.783914,
		0.419339, 0.805012, -0.419655,
		0.863686, -0.211372, 0.457568,
		25.202311, 32.769291, 31.450069>
	pigment { color rgbt <0,1,1,0> }
	no_shadow
}
cylinder {
	<25.202126, 33.103260, 30.641432>,  <24.597731, 32.917252, 31.129772>, 0.130000
	pigment { color rgbt <1,0,0,0> }
	no_shadow
}

// nucleotide -1

// particle -1
sphere {
	<25.202126, 33.103260, 30.641432> 0.250000
	pigment { color rgbt <1,0,0,0> }
	no_shadow
}
cylinder {
	<25.296837, 32.827133, 30.914898>,  <25.353662, 32.661457, 31.078978>, 0.100000
	pigment { color rgbt <1,0,0,0> }
	no_shadow
}
cylinder {
	<25.296837, 32.827133, 30.914898>,  <25.202126, 33.103260, 30.641432>, 0.100000
	pigment { color rgbt <1,0,0,0> }
	no_shadow
}

// particle -1
sphere {
	<25.296837, 32.827133, 30.914898> 0.100000
	pigment { color rgbt <1,0,0,0> }
	no_shadow
}
sphere {
	0, 1
	scale<0.080000,0.200000,0.300000>
	matrix <0.342647, -0.599130, -0.723627,
		0.909137, 0.405594, 0.094675,
		0.236777, -0.690316, 0.683667,
		25.367870, 32.620037, 31.119999>
	pigment { color rgbt <0,1,1,0> }
	no_shadow
}
cylinder {
	<25.069052, 32.339268, 30.379261>,  <25.202126, 33.103260, 30.641432>, 0.130000
	pigment { color rgbt <1,0,0,0> }
	no_shadow
}

// nucleotide -1

// particle -1
sphere {
	<25.069052, 32.339268, 30.379261> 0.250000
	pigment { color rgbt <1,0,0,0> }
	no_shadow
}
cylinder {
	<24.684877, 32.321186, 30.489183>,  <24.454372, 32.310337, 30.555138>, 0.100000
	pigment { color rgbt <1,0,0,0> }
	no_shadow
}
cylinder {
	<24.684877, 32.321186, 30.489183>,  <25.069052, 32.339268, 30.379261>, 0.100000
	pigment { color rgbt <1,0,0,0> }
	no_shadow
}

// particle -1
sphere {
	<24.684877, 32.321186, 30.489183> 0.100000
	pigment { color rgbt <1,0,0,0> }
	no_shadow
}
sphere {
	0, 1
	scale<0.080000,0.200000,0.300000>
	matrix <-0.195079, -0.595034, -0.779666,
		0.198764, -0.802428, 0.562674,
		-0.960436, -0.045203, 0.274809,
		24.396748, 32.307625, 30.571627>
	pigment { color rgbt <0,1,1,0> }
	no_shadow
}
cylinder {
	<25.851994, 32.249672, 30.186491>,  <25.069052, 32.339268, 30.379261>, 0.130000
	pigment { color rgbt <1,0,0,0> }
	no_shadow
}

// nucleotide -1

// particle -1
sphere {
	<25.851994, 32.249672, 30.186491> 0.250000
	pigment { color rgbt <1,0,0,0> }
	no_shadow
}
cylinder {
	<26.153452, 32.326286, 30.437992>,  <26.334328, 32.372253, 30.588894>, 0.100000
	pigment { color rgbt <1,0,0,0> }
	no_shadow
}
cylinder {
	<26.153452, 32.326286, 30.437992>,  <25.851994, 32.249672, 30.186491>, 0.100000
	pigment { color rgbt <1,0,0,0> }
	no_shadow
}

// particle -1
sphere {
	<26.153452, 32.326286, 30.437992> 0.100000
	pigment { color rgbt <1,0,0,0> }
	no_shadow
}
sphere {
	0, 1
	scale<0.080000,0.200000,0.300000>
	matrix <-0.613383, 0.548676, 0.568081,
		-0.236177, -0.813800, 0.530990,
		0.753646, 0.191533, 0.628755,
		26.379545, 32.383747, 30.626619>
	pigment { color rgbt <0,1,1,0> }
	no_shadow
}
cylinder {
	<25.697132, 32.214733, 30.829428>,  <25.851994, 32.249672, 30.186491>, 0.130000
	pigment { color rgbt <1,0,0,0> }
	no_shadow
}

// nucleotide -1

// particle -1
sphere {
	<25.697132, 32.214733, 30.829428> 0.250000
	pigment { color rgbt <1,0,0,0> }
	no_shadow
}
cylinder {
	<25.996819, 32.479645, 30.832373>,  <26.176630, 32.638592, 30.834139>, 0.100000
	pigment { color rgbt <1,0,0,0> }
	no_shadow
}
cylinder {
	<25.996819, 32.479645, 30.832373>,  <25.697132, 32.214733, 30.829428>, 0.100000
	pigment { color rgbt <1,0,0,0> }
	no_shadow
}

// particle -1
sphere {
	<25.996819, 32.479645, 30.832373> 0.100000
	pigment { color rgbt <1,0,0,0> }
	no_shadow
}
sphere {
	0, 1
	scale<0.080000,0.200000,0.300000>
	matrix <-0.411949, 0.457263, 0.788168,
		0.518626, -0.593541, 0.615416,
		0.749217, 0.662284, 0.007360,
		26.221584, 32.678329, 30.834581>
	pigment { color rgbt <0,1,1,0> }
	no_shadow
}
cylinder {
	<25.904369, 32.204086, 31.623983>,  <25.697132, 32.214733, 30.829428>, 0.130000
	pigment { color rgbt <1,0,0,0> }
	no_shadow
}

// nucleotide -1

// particle -1
sphere {
	<25.904369, 32.204086, 31.623983> 0.250000
	pigment { color rgbt <1,0,0,0> }
	no_shadow
}
cylinder {
	<25.933361, 32.547367, 31.420717>,  <25.950756, 32.753338, 31.298758>, 0.100000
	pigment { color rgbt <1,0,0,0> }
	no_shadow
}
cylinder {
	<25.933361, 32.547367, 31.420717>,  <25.904369, 32.204086, 31.623983>, 0.100000
	pigment { color rgbt <1,0,0,0> }
	no_shadow
}

// particle -1
sphere {
	<25.933361, 32.547367, 31.420717> 0.100000
	pigment { color rgbt <1,0,0,0> }
	no_shadow
}
sphere {
	0, 1
	scale<0.080000,0.200000,0.300000>
	matrix <-0.542959, 0.461341, 0.701683,
		0.836625, 0.225055, 0.499408,
		0.072480, 0.858204, -0.508166,
		25.955105, 32.804829, 31.268267>
	pigment { color rgbt <0,1,1,0> }
	no_shadow
}
cylinder {
	<26.184177, 32.724701, 32.040676>,  <25.904369, 32.204086, 31.623983>, 0.130000
	pigment { color rgbt <1,0,0,0> }
	no_shadow
}

// nucleotide -1

// particle -1
sphere {
	<26.184177, 32.724701, 32.040676> 0.250000
	pigment { color rgbt <1,0,0,0> }
	no_shadow
}
cylinder {
	<25.930227, 32.884228, 31.775988>,  <25.777857, 32.979942, 31.617174>, 0.100000
	pigment { color rgbt <1,0,0,0> }
	no_shadow
}
cylinder {
	<25.930227, 32.884228, 31.775988>,  <26.184177, 32.724701, 32.040676>, 0.100000
	pigment { color rgbt <1,0,0,0> }
	no_shadow
}

// particle -1
sphere {
	<25.930227, 32.884228, 31.775988> 0.100000
	pigment { color rgbt <1,0,0,0> }
	no_shadow
}
sphere {
	0, 1
	scale<0.080000,0.200000,0.300000>
	matrix <-0.368832, 0.596133, 0.713154,
		0.678894, 0.696828, -0.231373,
		-0.634875, 0.398819, -0.661723,
		25.739765, 33.003872, 31.577471>
	pigment { color rgbt <0,1,1,0> }
	no_shadow
}
cylinder {
	<26.255066, 33.511814, 31.907259>,  <26.184177, 32.724701, 32.040676>, 0.130000
	pigment { color rgbt <1,0,0,0> }
	no_shadow
}

// nucleotide -1

// particle -1
sphere {
	<26.255066, 33.511814, 31.907259> 0.250000
	pigment { color rgbt <1,0,0,0> }
	no_shadow
}
cylinder {
	<25.897423, 33.336662, 31.869667>,  <25.682837, 33.231571, 31.847113>, 0.100000
	pigment { color rgbt <1,0,0,0> }
	no_shadow
}
cylinder {
	<25.897423, 33.336662, 31.869667>,  <26.255066, 33.511814, 31.907259>, 0.100000
	pigment { color rgbt <1,0,0,0> }
	no_shadow
}

// particle -1
sphere {
	<25.897423, 33.336662, 31.869667> 0.100000
	pigment { color rgbt <1,0,0,0> }
	no_shadow
}
sphere {
	0, 1
	scale<0.080000,0.200000,0.300000>
	matrix <-0.358178, 0.573188, 0.736996,
		-0.268846, 0.692617, -0.669331,
		-0.894108, -0.437878, -0.093980,
		25.629190, 33.205299, 31.841473>
	pigment { color rgbt <0,1,1,0> }
	no_shadow
}
cylinder {
	<25.858902, 34.072659, 31.915703>,  <26.255066, 33.511814, 31.907259>, 0.130000
	pigment { color rgbt <1,0,0,0> }
	no_shadow
}

// nucleotide -1

// particle -1
sphere {
	<25.858902, 34.072659, 31.915703> 0.250000
	pigment { color rgbt <1,0,0,0> }
	no_shadow
}
cylinder {
	<25.610909, 33.774174, 32.012680>,  <25.462112, 33.595081, 32.070866>, 0.100000
	pigment { color rgbt <1,0,0,0> }
	no_shadow
}
cylinder {
	<25.610909, 33.774174, 32.012680>,  <25.858902, 34.072659, 31.915703>, 0.100000
	pigment { color rgbt <1,0,0,0> }
	no_shadow
}

// particle -1
sphere {
	<25.610909, 33.774174, 32.012680> 0.100000
	pigment { color rgbt <1,0,0,0> }
	no_shadow
}
sphere {
	0, 1
	scale<0.080000,0.200000,0.300000>
	matrix <-0.513598, 0.619573, 0.593587,
		-0.593157, 0.243497, -0.767382,
		-0.619986, -0.746216, 0.242445,
		25.424913, 33.550308, 32.085415>
	pigment { color rgbt <0,1,1,0> }
	no_shadow
}
cylinder {
	<25.229713, 34.377907, 31.799984>,  <25.858902, 34.072659, 31.915703>, 0.130000
	pigment { color rgbt <1,0,0,0> }
	no_shadow
}

// nucleotide -1

// particle -1
sphere {
	<25.229713, 34.377907, 31.799984> 0.250000
	pigment { color rgbt <1,0,0,0> }
	no_shadow
}
cylinder {
	<25.194439, 34.086678, 32.071903>,  <25.173275, 33.911938, 32.235054>, 0.100000
	pigment { color rgbt <1,0,0,0> }
	no_shadow
}
cylinder {
	<25.194439, 34.086678, 32.071903>,  <25.229713, 34.377907, 31.799984>, 0.100000
	pigment { color rgbt <1,0,0,0> }
	no_shadow
}

// particle -1
sphere {
	<25.194439, 34.086678, 32.071903> 0.100000
	pigment { color rgbt <1,0,0,0> }
	no_shadow
}
sphere {
	0, 1
	scale<0.080000,0.200000,0.300000>
	matrix <-0.539555, 0.608585, 0.581812,
		-0.837319, -0.315481, -0.446507,
		-0.088187, -0.728078, 0.679799,
		25.167982, 33.868256, 32.275845>
	pigment { color rgbt <0,1,1,0> }
	no_shadow
}
cylinder {
	<24.701385, 34.024864, 31.805729>,  <25.229713, 34.377907, 31.799984>, 0.130000
	pigment { color rgbt <1,0,0,0> }
	no_shadow
}

// nucleotide -1

// particle -1
sphere {
	<24.701385, 34.024864, 31.805729> 0.250000
	pigment { color rgbt <1,0,0,0> }
	no_shadow
}
cylinder {
	<24.699881, 33.759136, 32.104706>,  <24.698978, 33.599701, 32.284092>, 0.100000
	pigment { color rgbt <1,0,0,0> }
	no_shadow
}
cylinder {
	<24.699881, 33.759136, 32.104706>,  <24.701385, 34.024864, 31.805729>, 0.100000
	pigment { color rgbt <1,0,0,0> }
	no_shadow
}

// particle -1
sphere {
	<24.699881, 33.759136, 32.104706> 0.100000
	pigment { color rgbt <1,0,0,0> }
	no_shadow
}
sphere {
	0, 1
	scale<0.080000,0.200000,0.300000>
	matrix <-0.076590, 0.745442, 0.662155,
		-0.997056, -0.054756, -0.053684,
		-0.003761, -0.664317, 0.747441,
		24.698751, 33.559841, 32.328938>
	pigment { color rgbt <0,1,1,0> }
	no_shadow
}
cylinder {
	<24.091328, 34.081631, 32.291706>,  <24.701385, 34.024864, 31.805729>, 0.130000
	pigment { color rgbt <1,0,0,0> }
	no_shadow
}

// nucleotide -1

// particle -1
sphere {
	<24.091328, 34.081631, 32.291706> 0.250000
	pigment { color rgbt <1,0,0,0> }
	no_shadow
}
cylinder {
	<24.413054, 33.932861, 32.477070>,  <24.606089, 33.843597, 32.588287>, 0.100000
	pigment { color rgbt <1,0,0,0> }
	no_shadow
}
cylinder {
	<24.413054, 33.932861, 32.477070>,  <24.091328, 34.081631, 32.291706>, 0.100000
	pigment { color rgbt <1,0,0,0> }
	no_shadow
}

// particle -1
sphere {
	<24.413054, 33.932861, 32.477070> 0.100000
	pigment { color rgbt <1,0,0,0> }
	no_shadow
}
sphere {
	0, 1
	scale<0.080000,0.200000,0.300000>
	matrix <-0.095761, 0.688558, 0.718831,
		-0.586438, -0.622542, 0.518200,
		0.804314, -0.371927, 0.463411,
		24.654348, 33.821281, 32.616093>
	pigment { color rgbt <0,1,1,0> }
	no_shadow
}
cylinder {
	<23.832973, 34.035091, 32.918556>,  <24.091328, 34.081631, 32.291706>, 0.130000
	pigment { color rgbt <1,0,0,0> }
	no_shadow
}

// nucleotide -1

// particle -1
sphere {
	<23.832973, 34.035091, 32.918556> 0.250000
	pigment { color rgbt <1,0,0,0> }
	no_shadow
}
cylinder {
	<24.228199, 33.994942, 32.965294>,  <24.465334, 33.970852, 32.993336>, 0.100000
	pigment { color rgbt <1,0,0,0> }
	no_shadow
}
cylinder {
	<24.228199, 33.994942, 32.965294>,  <23.832973, 34.035091, 32.918556>, 0.100000
	pigment { color rgbt <1,0,0,0> }
	no_shadow
}

// particle -1
sphere {
	<24.228199, 33.994942, 32.965294> 0.100000
	pigment { color rgbt <1,0,0,0> }
	no_shadow
}
sphere {
	0, 1
	scale<0.080000,0.200000,0.300000>
	matrix <-0.042812, 0.549705, 0.834261,
		-0.147973, -0.829306, 0.538846,
		0.988064, -0.100379, 0.116846,
		24.524618, 33.964828, 33.000347>
	pigment { color rgbt <0,1,1,0> }
	no_shadow
}
cylinder {
	<24.014784, 33.409561, 33.341484>,  <23.832973, 34.035091, 32.918556>, 0.130000
	pigment { color rgbt <1,0,0,0> }
	no_shadow
}

// nucleotide -1

// particle -1
sphere {
	<24.014784, 33.409561, 33.341484> 0.250000
	pigment { color rgbt <1,0,0,0> }
	no_shadow
}
cylinder {
	<24.387362, 33.547791, 33.387081>,  <24.610909, 33.630726, 33.414440>, 0.100000
	pigment { color rgbt <1,0,0,0> }
	no_shadow
}
cylinder {
	<24.387362, 33.547791, 33.387081>,  <24.014784, 33.409561, 33.341484>, 0.100000
	pigment { color rgbt <1,0,0,0> }
	no_shadow
}

// particle -1
sphere {
	<24.387362, 33.547791, 33.387081> 0.100000
	pigment { color rgbt <1,0,0,0> }
	no_shadow
}
sphere {
	0, 1
	scale<0.080000,0.200000,0.300000>
	matrix <-0.316114, 0.613269, 0.723859,
		0.180235, -0.710269, 0.680465,
		0.931444, 0.345570, 0.113993,
		24.666794, 33.651463, 33.421280>
	pigment { color rgbt <0,1,1,0> }
	no_shadow
}
cylinder {
	<24.120041, 33.544083, 34.132248>,  <24.014784, 33.409561, 33.341484>, 0.130000
	pigment { color rgbt <1,0,0,0> }
	no_shadow
}

// nucleotide -1

// particle -1
sphere {
	<24.120041, 33.544083, 34.132248> 0.250000
	pigment { color rgbt <1,0,0,0> }
	no_shadow
}
cylinder {
	<24.381348, 33.760757, 33.920658>,  <24.538132, 33.890762, 33.793705>, 0.100000
	pigment { color rgbt <1,0,0,0> }
	no_shadow
}
cylinder {
	<24.381348, 33.760757, 33.920658>,  <24.120041, 33.544083, 34.132248>, 0.100000
	pigment { color rgbt <1,0,0,0> }
	no_shadow
}

// particle -1
sphere {
	<24.381348, 33.760757, 33.920658> 0.100000
	pigment { color rgbt <1,0,0,0> }
	no_shadow
}
sphere {
	0, 1
	scale<0.080000,0.200000,0.300000>
	matrix <-0.193156, 0.794778, 0.575342,
		0.732075, -0.273677, 0.623833,
		0.653267, 0.541690, -0.528975,
		24.577328, 33.923264, 33.761967>
	pigment { color rgbt <0,1,1,0> }
	no_shadow
}
cylinder {
	<24.615078, 33.907101, 34.644245>,  <24.120041, 33.544083, 34.132248>, 0.130000
	pigment { color rgbt <1,0,0,0> }
	no_shadow
}

// nucleotide -1

// particle -1
sphere {
	<24.615078, 33.907101, 34.644245> 0.250000
	pigment { color rgbt <1,0,0,0> }
	no_shadow
}
cylinder {
	<24.679678, 34.123566, 34.314140>,  <24.718439, 34.253445, 34.116077>, 0.100000
	pigment { color rgbt <1,0,0,0> }
	no_shadow
}
cylinder {
	<24.679678, 34.123566, 34.314140>,  <24.615078, 33.907101, 34.644245>, 0.100000
	pigment { color rgbt <1,0,0,0> }
	no_shadow
}

// particle -1
sphere {
	<24.679678, 34.123566, 34.314140> 0.100000
	pigment { color rgbt <1,0,0,0> }
	no_shadow
}
sphere {
	0, 1
	scale<0.080000,0.200000,0.300000>
	matrix <-0.085968, 0.840777, 0.534512,
		0.983121, -0.015378, 0.182310,
		0.161502, 0.541163, -0.825263,
		24.728128, 34.285915, 34.066563>
	pigment { color rgbt <0,1,1,0> }
	no_shadow
}
cylinder {
	<25.288948, 34.300621, 34.757866>,  <24.615078, 33.907101, 34.644245>, 0.130000
	pigment { color rgbt <1,0,0,0> }
	no_shadow
}

// nucleotide -1

// particle -1
sphere {
	<25.288948, 34.300621, 34.757866> 0.250000
	pigment { color rgbt <1,0,0,0> }
	no_shadow
}
cylinder {
	<25.086264, 34.502300, 34.478142>,  <24.964653, 34.623306, 34.310307>, 0.100000
	pigment { color rgbt <1,0,0,0> }
	no_shadow
}
cylinder {
	<25.086264, 34.502300, 34.478142>,  <25.288948, 34.300621, 34.757866>, 0.100000
	pigment { color rgbt <1,0,0,0> }
	no_shadow
}

// particle -1
sphere {
	<25.086264, 34.502300, 34.478142> 0.100000
	pigment { color rgbt <1,0,0,0> }
	no_shadow
}
sphere {
	0, 1
	scale<0.080000,0.200000,0.300000>
	matrix <0.033884, 0.822172, 0.568230,
		0.861451, 0.264232, -0.433686,
		-0.506709, 0.504197, -0.699308,
		24.934252, 34.653561, 34.268349>
	pigment { color rgbt <0,1,1,0> }
	no_shadow
}
cylinder {
	<25.628948, 34.981991, 34.766232>,  <25.288948, 34.300621, 34.757866>, 0.130000
	pigment { color rgbt <1,0,0,0> }
	no_shadow
}

// nucleotide -1

// particle -1
sphere {
	<25.628948, 34.981991, 34.766232> 0.250000
	pigment { color rgbt <1,0,0,0> }
	no_shadow
}
cylinder {
	<25.264166, 35.016338, 34.605751>,  <25.045296, 35.036945, 34.509464>, 0.100000
	pigment { color rgbt <1,0,0,0> }
	no_shadow
}
cylinder {
	<25.264166, 35.016338, 34.605751>,  <25.628948, 34.981991, 34.766232>, 0.100000
	pigment { color rgbt <1,0,0,0> }
	no_shadow
}

// particle -1
sphere {
	<25.264166, 35.016338, 34.605751> 0.100000
	pigment { color rgbt <1,0,0,0> }
	no_shadow
}
sphere {
	0, 1
	scale<0.080000,0.200000,0.300000>
	matrix <-0.153258, 0.835776, 0.527248,
		0.380588, 0.542315, -0.749031,
		-0.911957, 0.085869, -0.401201,
		24.990580, 35.042099, 34.485390>
	pigment { color rgbt <0,1,1,0> }
	no_shadow
}
cylinder {
	<26.302458, 35.260403, 34.588734>,  <25.628948, 34.981991, 34.766232>, 0.130000
	pigment { color rgbt <1,0,0,0> }
	no_shadow
}

// nucleotide -1

// particle -1
sphere {
	<26.302458, 35.260403, 34.588734> 0.250000
	pigment { color rgbt <1,0,0,0> }
	no_shadow
}
cylinder {
	<26.214691, 35.643501, 34.663109>,  <26.162031, 35.873360, 34.707733>, 0.100000
	pigment { color rgbt <1,0,0,0> }
	no_shadow
}
cylinder {
	<26.214691, 35.643501, 34.663109>,  <26.302458, 35.260403, 34.588734>, 0.100000
	pigment { color rgbt <1,0,0,0> }
	no_shadow
}

// particle -1
sphere {
	<26.214691, 35.643501, 34.663109> 0.100000
	pigment { color rgbt <1,0,0,0> }
	no_shadow
}
sphere {
	0, 1
	scale<0.080000,0.200000,0.300000>
	matrix <0.437666, -0.073705, 0.896111,
		0.871954, 0.278004, -0.403002,
		-0.219419, 0.957748, 0.185941,
		26.148865, 35.930824, 34.718891>
	pigment { color rgbt <0,1,1,0> }
	no_shadow
}
cylinder {
	<26.683424, 35.781689, 35.040592>,  <26.302458, 35.260403, 34.588734>, 0.130000
	pigment { color rgbt <1,0,0,0> }
	no_shadow
}

// nucleotide -1

// particle -1
sphere {
	<26.683424, 35.781689, 35.040592> 0.250000
	pigment { color rgbt <1,0,0,0> }
	no_shadow
}
cylinder {
	<26.501156, 35.663982, 35.376633>,  <26.391796, 35.593357, 35.578259>, 0.100000
	pigment { color rgbt <1,0,0,0> }
	no_shadow
}
cylinder {
	<26.501156, 35.663982, 35.376633>,  <26.683424, 35.781689, 35.040592>, 0.100000
	pigment { color rgbt <1,0,0,0> }
	no_shadow
}

// particle -1
sphere {
	<26.501156, 35.663982, 35.376633> 0.100000
	pigment { color rgbt <1,0,0,0> }
	no_shadow
}
sphere {
	0, 1
	scale<0.080000,0.200000,0.300000>
	matrix <0.100790, 0.920653, 0.377147,
		-0.884425, 0.256528, -0.389854,
		-0.455669, -0.294265, 0.840104,
		26.364454, 35.575703, 35.628662>
	pigment { color rgbt <0,1,1,0> }
	no_shadow
}
cylinder {
	<26.271887, 36.313255, 35.258953>,  <26.683424, 35.781689, 35.040592>, 0.130000
	pigment { color rgbt <1,0,0,0> }
	no_shadow
}

// nucleotide -1

// particle -1
sphere {
	<26.271887, 36.313255, 35.258953> 0.250000
	pigment { color rgbt <1,0,0,0> }
	no_shadow
}
cylinder {
	<26.394060, 36.084316, 35.563354>,  <26.467365, 35.946953, 35.745995>, 0.100000
	pigment { color rgbt <1,0,0,0> }
	no_shadow
}
cylinder {
	<26.394060, 36.084316, 35.563354>,  <26.271887, 36.313255, 35.258953>, 0.100000
	pigment { color rgbt <1,0,0,0> }
	no_shadow
}

// particle -1
sphere {
	<26.394060, 36.084316, 35.563354> 0.100000
	pigment { color rgbt <1,0,0,0> }
	no_shadow
}
sphere {
	0, 1
	scale<0.080000,0.200000,0.300000>
	matrix <0.298000, 0.816504, 0.494486,
		-0.904381, 0.075746, 0.419949,
		0.305435, -0.572349, 0.761004,
		26.485691, 35.912613, 35.791656>
	pigment { color rgbt <0,1,1,0> }
	no_shadow
}
cylinder {
	<25.946218, 36.512947, 35.939377>,  <26.271887, 36.313255, 35.258953>, 0.130000
	pigment { color rgbt <1,0,0,0> }
	no_shadow
}

// nucleotide -1

// particle -1
sphere {
	<25.946218, 36.512947, 35.939377> 0.250000
	pigment { color rgbt <1,0,0,0> }
	no_shadow
}
cylinder {
	<26.307442, 36.351715, 35.998718>,  <26.524176, 36.254974, 36.034325>, 0.100000
	pigment { color rgbt <1,0,0,0> }
	no_shadow
}
cylinder {
	<26.307442, 36.351715, 35.998718>,  <25.946218, 36.512947, 35.939377>, 0.100000
	pigment { color rgbt <1,0,0,0> }
	no_shadow
}

// particle -1
sphere {
	<26.307442, 36.351715, 35.998718> 0.100000
	pigment { color rgbt <1,0,0,0> }
	no_shadow
}
sphere {
	0, 1
	scale<0.080000,0.200000,0.300000>
	matrix <0.269085, 0.800150, 0.536054,
		-0.334782, -0.444167, 0.831045,
		0.903058, -0.403083, 0.148358,
		26.578360, 36.230789, 36.043224>
	pigment { color rgbt <0,1,1,0> }
	no_shadow
}
cylinder {
	<25.999599, 36.468357, 36.663078>,  <25.946218, 36.512947, 35.939377>, 0.130000
	pigment { color rgbt <1,0,0,0> }
	no_shadow
}

// nucleotide -1

// particle -1
sphere {
	<25.999599, 36.468357, 36.663078> 0.250000
	pigment { color rgbt <1,0,0,0> }
	no_shadow
}
cylinder {
	<26.376451, 36.430168, 36.534531>,  <26.602562, 36.407257, 36.457401>, 0.100000
	pigment { color rgbt <1,0,0,0> }
	no_shadow
}
cylinder {
	<26.376451, 36.430168, 36.534531>,  <25.999599, 36.468357, 36.663078>, 0.100000
	pigment { color rgbt <1,0,0,0> }
	no_shadow
}

// particle -1
sphere {
	<26.376451, 36.430168, 36.534531> 0.100000
	pigment { color rgbt <1,0,0,0> }
	no_shadow
}
sphere {
	0, 1
	scale<0.080000,0.200000,0.300000>
	matrix <0.285881, 0.729486, 0.621387,
		0.175109, -0.677300, 0.714564,
		0.942130, -0.095470, -0.321367,
		26.659090, 36.401527, 36.438122>
	pigment { color rgbt <0,1,1,0> }
	no_shadow
}
cylinder {
	<26.419275, 36.369701, 37.192966>,  <25.999599, 36.468357, 36.663078>, 0.130000
	pigment { color rgbt <1,0,0,0> }
	no_shadow
}

// nucleotide -1

// particle -1
sphere {
	<26.419275, 36.369701, 37.192966> 0.250000
	pigment { color rgbt <1,0,0,0> }
	no_shadow
}
cylinder {
	<26.638031, 36.541466, 36.905491>,  <26.769285, 36.644524, 36.733006>, 0.100000
	pigment { color rgbt <1,0,0,0> }
	no_shadow
}
cylinder {
	<26.638031, 36.541466, 36.905491>,  <26.419275, 36.369701, 37.192966>, 0.100000
	pigment { color rgbt <1,0,0,0> }
	no_shadow
}

// particle -1
sphere {
	<26.638031, 36.541466, 36.905491> 0.100000
	pigment { color rgbt <1,0,0,0> }
	no_shadow
}
sphere {
	0, 1
	scale<0.080000,0.200000,0.300000>
	matrix <0.281849, 0.713901, 0.641020,
		0.788337, -0.553129, 0.269395,
		0.546888, 0.429411, -0.718693,
		26.802097, 36.670288, 36.689884>
	pigment { color rgbt <0,1,1,0> }
	no_shadow
}
cylinder {
	<27.072582, 36.575825, 37.445923>,  <26.419275, 36.369701, 37.192966>, 0.130000
	pigment { color rgbt <1,0,0,0> }
	no_shadow
}

// nucleotide -1

// particle -1
sphere {
	<27.072582, 36.575825, 37.445923> 0.250000
	pigment { color rgbt <1,0,0,0> }
	no_shadow
}
cylinder {
	<26.998821, 36.825413, 37.142170>,  <26.954565, 36.975166, 36.959919>, 0.100000
	pigment { color rgbt <1,0,0,0> }
	no_shadow
}
cylinder {
	<26.998821, 36.825413, 37.142170>,  <27.072582, 36.575825, 37.445923>, 0.100000
	pigment { color rgbt <1,0,0,0> }
	no_shadow
}

// particle -1
sphere {
	<26.998821, 36.825413, 37.142170> 0.100000
	pigment { color rgbt <1,0,0,0> }
	no_shadow
}
sphere {
	0, 1
	scale<0.080000,0.200000,0.300000>
	matrix <0.355742, 0.762617, 0.540245,
		0.916212, -0.170521, -0.362599,
		-0.184401, 0.623970, -0.759380,
		26.943501, 37.012604, 36.914356>
	pigment { color rgbt <0,1,1,0> }
	no_shadow
}
cylinder {
	<27.662951, 36.883198, 36.964890>,  <27.072582, 36.575825, 37.445923>, 0.130000
	pigment { color rgbt <1,0,0,0> }
	no_shadow
}

// nucleotide -1

// particle -1
sphere {
	<27.662951, 36.883198, 36.964890> 0.250000
	pigment { color rgbt <1,0,0,0> }
	no_shadow
}
cylinder {
	<27.377048, 37.159950, 37.005741>,  <27.205507, 37.326000, 37.030254>, 0.100000
	pigment { color rgbt <1,0,0,0> }
	no_shadow
}
cylinder {
	<27.377048, 37.159950, 37.005741>,  <27.662951, 36.883198, 36.964890>, 0.100000
	pigment { color rgbt <1,0,0,0> }
	no_shadow
}

// particle -1
sphere {
	<27.377048, 37.159950, 37.005741> 0.100000
	pigment { color rgbt <1,0,0,0> }
	no_shadow
}
sphere {
	0, 1
	scale<0.080000,0.200000,0.300000>
	matrix <0.615223, 0.552562, 0.562295,
		0.332605, 0.464738, -0.820605,
		-0.714755, 0.691877, 0.102133,
		27.162622, 37.367512, 37.036381>
	pigment { color rgbt <0,1,1,0> }
	no_shadow
}
cylinder {
	<28.013977, 37.508034, 36.777832>,  <27.662951, 36.883198, 36.964890>, 0.130000
	pigment { color rgbt <1,0,0,0> }
	no_shadow
}

// nucleotide -1

// particle -1
sphere {
	<28.013977, 37.508034, 36.777832> 0.250000
	pigment { color rgbt <1,0,0,0> }
	no_shadow
}
cylinder {
	<27.733509, 37.613434, 37.042839>,  <27.565228, 37.676674, 37.201843>, 0.100000
	pigment { color rgbt <1,0,0,0> }
	no_shadow
}
cylinder {
	<27.733509, 37.613434, 37.042839>,  <28.013977, 37.508034, 36.777832>, 0.100000
	pigment { color rgbt <1,0,0,0> }
	no_shadow
}

// particle -1
sphere {
	<27.733509, 37.613434, 37.042839> 0.100000
	pigment { color rgbt <1,0,0,0> }
	no_shadow
}
sphere {
	0, 1
	scale<0.080000,0.200000,0.300000>
	matrix <0.692574, 0.472491, 0.545062,
		-0.169411, 0.841024, -0.513789,
		-0.701171, 0.263498, 0.662516,
		27.523157, 37.692482, 37.241592>
	pigment { color rgbt <0,1,1,0> }
	no_shadow
}
cylinder {
	<27.951445, 38.283821, 36.791012>,  <28.013977, 37.508034, 36.777832>, 0.130000
	pigment { color rgbt <1,0,0,0> }
	no_shadow
}

// nucleotide -1

// particle -1
sphere {
	<27.951445, 38.283821, 36.791012> 0.250000
	pigment { color rgbt <1,0,0,0> }
	no_shadow
}
cylinder {
	<27.880623, 38.070423, 37.121838>,  <27.838129, 37.942383, 37.320332>, 0.100000
	pigment { color rgbt <1,0,0,0> }
	no_shadow
}
cylinder {
	<27.880623, 38.070423, 37.121838>,  <27.951445, 38.283821, 36.791012>, 0.100000
	pigment { color rgbt <1,0,0,0> }
	no_shadow
}

// particle -1
sphere {
	<27.880623, 38.070423, 37.121838> 0.100000
	pigment { color rgbt <1,0,0,0> }
	no_shadow
}
sphere {
	0, 1
	scale<0.080000,0.200000,0.300000>
	matrix <0.850876, 0.339358, 0.401056,
		-0.494633, 0.774736, 0.393855,
		-0.177055, -0.533497, 0.827062,
		27.827507, 37.910374, 37.369957>
	pigment { color rgbt <0,1,1,0> }
	no_shadow
}
cylinder {
	<28.154528, 38.778378, 37.335598>,  <27.951445, 38.283821, 36.791012>, 0.130000
	pigment { color rgbt <1,0,0,0> }
	no_shadow
}

// nucleotide -1

// particle -1
sphere {
	<28.154528, 38.778378, 37.335598> 0.250000
	pigment { color rgbt <1,0,0,0> }
	no_shadow
}
cylinder {
	<28.178694, 38.407116, 37.482506>,  <28.193193, 38.184361, 37.570648>, 0.100000
	pigment { color rgbt <1,0,0,0> }
	no_shadow
}
cylinder {
	<28.178694, 38.407116, 37.482506>,  <28.154528, 38.778378, 37.335598>, 0.100000
	pigment { color rgbt <1,0,0,0> }
	no_shadow
}

// particle -1
sphere {
	<28.178694, 38.407116, 37.482506> 0.100000
	pigment { color rgbt <1,0,0,0> }
	no_shadow
}
sphere {
	0, 1
	scale<0.080000,0.200000,0.300000>
	matrix <0.809245, 0.260945, 0.526337,
		-0.584356, 0.265411, 0.766867,
		0.060415, -0.928151, 0.367267,
		28.196817, 38.128670, 37.592686>
	pigment { color rgbt <0,1,1,0> }
	no_shadow
}
cylinder {
	<27.649029, 39.229225, 37.450489>,  <28.154528, 38.778378, 37.335598>, 0.130000
	pigment { color rgbt <1,0,0,0> }
	no_shadow
}

// nucleotide -1

// particle -1
sphere {
	<27.649029, 39.229225, 37.450489> 0.250000
	pigment { color rgbt <1,0,0,0> }
	no_shadow
}
cylinder {
	<27.271063, 39.246357, 37.580292>,  <27.044283, 39.256634, 37.658173>, 0.100000
	pigment { color rgbt <1,0,0,0> }
	no_shadow
}
cylinder {
	<27.271063, 39.246357, 37.580292>,  <27.649029, 39.229225, 37.450489>, 0.100000
	pigment { color rgbt <1,0,0,0> }
	no_shadow
}

// particle -1
sphere {
	<27.271063, 39.246357, 37.580292> 0.100000
	pigment { color rgbt <1,0,0,0> }
	no_shadow
}
sphere {
	0, 1
	scale<0.080000,0.200000,0.300000>
	matrix <-0.273820, -0.646614, -0.711978,
		0.179339, -0.761614, 0.622721,
		-0.944913, 0.042828, 0.324508,
		26.987589, 39.259205, 37.677643>
	pigment { color rgbt <0,1,1,0> }
	no_shadow
}
cylinder {
	<27.481369, 38.614414, 37.758190>,  <27.649029, 39.229225, 37.450489>, 0.130000
	pigment { color rgbt <1,0,0,0> }
	no_shadow
}

// nucleotide -1

// particle -1
sphere {
	<27.481369, 38.614414, 37.758190> 0.250000
	pigment { color rgbt <1,0,0,0> }
	no_shadow
}
cylinder {
	<27.164404, 38.800167, 37.599983>,  <26.974226, 38.911621, 37.505058>, 0.100000
	pigment { color rgbt <1,0,0,0> }
	no_shadow
}
cylinder {
	<27.164404, 38.800167, 37.599983>,  <27.481369, 38.614414, 37.758190>, 0.100000
	pigment { color rgbt <1,0,0,0> }
	no_shadow
}

// particle -1
sphere {
	<27.164404, 38.800167, 37.599983> 0.100000
	pigment { color rgbt <1,0,0,0> }
	no_shadow
}
sphere {
	0, 1
	scale<0.080000,0.200000,0.300000>
	matrix <-0.070869, -0.714093, -0.696454,
		-0.605855, -0.523849, 0.598767,
		-0.792412, 0.464384, -0.395512,
		26.926680, 38.939484, 37.481331>
	pigment { color rgbt <0,1,1,0> }
	no_shadow
}
cylinder {
	<27.062437, 38.035172, 37.782349>,  <27.481369, 38.614414, 37.758190>, 0.130000
	pigment { color rgbt <1,0,0,0> }
	no_shadow
}

// nucleotide -1

// particle -1
sphere {
	<27.062437, 38.035172, 37.782349> 0.250000
	pigment { color rgbt <1,0,0,0> }
	no_shadow
}
cylinder {
	<27.022251, 38.317608, 37.501968>,  <26.998140, 38.487072, 37.333740>, 0.100000
	pigment { color rgbt <1,0,0,0> }
	no_shadow
}
cylinder {
	<27.022251, 38.317608, 37.501968>,  <27.062437, 38.035172, 37.782349>, 0.100000
	pigment { color rgbt <1,0,0,0> }
	no_shadow
}

// particle -1
sphere {
	<27.022251, 38.317608, 37.501968> 0.100000
	pigment { color rgbt <1,0,0,0> }
	no_shadow
}
sphere {
	0, 1
	scale<0.080000,0.200000,0.300000>
	matrix <0.044830, -0.700590, -0.712154,
		-0.993930, -0.102969, 0.038729,
		-0.100463, 0.706095, -0.700954,
		26.992111, 38.529438, 37.291683>
	pigment { color rgbt <0,1,1,0> }
	no_shadow
}
cylinder {
	<26.471493, 37.916336, 37.298523>,  <27.062437, 38.035172, 37.782349>, 0.130000
	pigment { color rgbt <1,0,0,0> }
	no_shadow
}

// nucleotide -1

// particle -1
sphere {
	<26.471493, 37.916336, 37.298523> 0.250000
	pigment { color rgbt <1,0,0,0> }
	no_shadow
}
cylinder {
	<26.761473, 38.115116, 37.107738>,  <26.935461, 38.234383, 36.993267>, 0.100000
	pigment { color rgbt <1,0,0,0> }
	no_shadow
}
cylinder {
	<26.761473, 38.115116, 37.107738>,  <26.471493, 37.916336, 37.298523>, 0.100000
	pigment { color rgbt <1,0,0,0> }
	no_shadow
}

// particle -1
sphere {
	<26.761473, 38.115116, 37.107738> 0.100000
	pigment { color rgbt <1,0,0,0> }
	no_shadow
}
sphere {
	0, 1
	scale<0.080000,0.200000,0.300000>
	matrix <-0.084929, -0.622675, -0.777858,
